token,exchange_timestamp,ltp,last_traded_quantity,avg_trade_price,volume,total_buy_qty,total_sell_qty,open,high,low,close,open_interest,upper_circuit,lower_circuit,52wk_high,52wk_low,buy_price_1,buy_qty_1,buy_orders_1,buy_price_2,buy_qty_2,buy_orders_2,buy_price_3,buy_qty_3,buy_orders_3,buy_price_4,buy_qty_4,buy_orders_4,buy_price_5,buy_qty_5,buy_orders_5,sell_price_1,sell_qty_1,sell_orders_1,sell_price_2,sell_qty_2,sell_orders_2,sell_price_3,sell_qty_3,sell_orders_3,sell_price_4,sell_qty_4,sell_orders_4,sell_price_5,sell_qty_5,sell_orders_5
99926009,2026-05-18 09:15:11+05:30,53034.65,0,0.0,0,0.0,0.0,53282.15,53308.4,53031.6,53710.35,0,0.0,0.0,0.0,0.0,-0.01,-1,-1,-0.01,-1,-1,-0.01,-1,-1,-0.01,-1,-1,-0.01,-1,-1,-0.01,-1,-1,-0.01,-1,-1,-0.01,-1,-1,-0.01,-1,-1,-0.01,-1,-1
99926009,2026-05-18 09:15:12+05:30,53038.75,0,0.0,0,0.0,0.0,53282.15,53308.4,53025.25,53710.35,0,0.0,0.0,0.0,0.0,-0.01,-1,-1,-0.01,-1,-1,-0.01,-1,-1,-0.01,-1,-1,-0.01,-1,-1,-0.01,-1,-1,-0.01,-1,-1,-0.01,-1,-1,-0.01,-1,-1,-0.01,-1,-1
99926009,2026-05-18 09:15:12+05:30,53039.7,0,0.0,0,0.0,0.0,53282.15,53308.4,53025.25,53710.35,0,0.0,0.0,0.0,0.0,-0.01,-1,-1,-0.01,-1,-1,-0.01,-1,-1,-0.01,-1,-1,-0.01,-1,-1,-0.01,-1,-1,-0.01,-1,-1,-0.01,-1,-1,-0.01,-1,-1,-0.01,-1,-1
99926009,2026-05-18 09:15:13+05:30,53039.0,0,0.0,0,0.0,0.0,53282.15,53308.4,53025.25,53710.35,0,0.0,0.0,0.0,0.0,-0.01,-1,-1,-0.01,-1,-1,-0.01,-1,-1,-0.01,-1,-1,-0.01,-1,-1,-0.01,-1,-1,-0.01,-1,-1,-0.01,-1,-1,-0.01,-1,-1,-0.01,-1,-1
99926009,2026-05-18 09:15:13+05:30,53055.2,0,0.0,0,0.0,0.0,53282.15,53308.4,53025.25,53710.35,0,0.0,0.0,0.0,0.0,-0.01,-1,-1,-0.01,-1,-1,-0.01,-1,-1,-0.01,-1,-1,-0.01,-1,-1,-0.01,-1,-1,-0.01,-1,-1,-0.01,-1,-1,-0.01,-1,-1,-0.01,-1,-1
99926009,2026-05-18 09:15:14+05:30,53038.95,0,0.0,0,0.0,0.0,53282.15,53308.4,53025.25,53710.35,0,0.0,0.0,0.0,0.0,-0.01,-1,-1,-0.01,-1,-1,-0.01,-1,-1,-0.01,-1,-1,-0.01,-1,-1,-0.01,-1,-1,-0.01,-1,-1,-0.01,-1,-1,-0.01,-1,-1,-0.01,-1,-1
99926009,2026-05-18 09:15:14+05:30,53024.15,0,0.0,0,0.0,0.0,53282.15,53308.4,53024.15,53710.35,0,0.0,0.0,0.0,0.0,-0.01,-1,-1,-0.01,-1,-1,-0.01,-1,-1,-0.01,-1,-1,-0.01,-1,-1,-0.01,-1,-1,-0.01,-1,-1,-0.01,-1,-1,-0.01,-1,-1,-0.01,-1,-1
99926009,2026-05-18 09:15:15+05:30,53018.6,0,0.0,0,0.0,0.0,53282.15,53308.4,53018.6,53710.35,0,0.0,0.0,0.0,0.0,-0.01,-1,-1,-0.01,-1,-1,-0.01,-1,-1,-0.01,-1,-1,-0.01,-1,-1,-0.01,-1,-1,-0.01,-1,-1,-0.01,-1,-1,-0.01,-1,-1,-0.01,-1,-1
99926009,2026-05-18 09:15:15+05:30,53006.8,0,0.0,0,0.0,0.0,53282.15,53308.4,53002.7,53710.35,0,0.0,0.0,0.0,0.0,-0.01,-1,-1,-0.01,-1,-1,-0.01,-1,-1,-0.01,-1,-1,-0.01,-1,-1,-0.01,-1,-1,-0.01,-1,-1,-0.01,-1,-1,-0.01,-1,-1,-0.01,-1,-1
99926009,2026-05-18 09:15:16+05:30,53000.0,0,0.0,0,0.0,0.0,53282.15,53308.4,52996.45,53710.35,0,0.0,0.0,0.0,0.0,-0.01,-1,-1,-0.01,-1,-1,-0.01,-1,-1,-0.01,-1,-1,-0.01,-1,-1,-0.01,-1,-1,-0.01,-1,-1,-0.01,-1,-1,-0.01,-1,-1,-0.01,-1,-1
99926009,2026-05-18 09:15:16+05:30,53014.95,0,0.0,0,0.0,0.0,53282.15,53308.4,52996.45,53710.35,0,0.0,0.0,0.0,0.0,-0.01,-1,-1,-0.01,-1,-1,-0.01,-1,-1,-0.01,-1,-1,-0.01,-1,-1,-0.01,-1,-1,-0.01,-1,-1,-0.01,-1,-1,-0.01,-1,-1,-0.01,-1,-1
99926009,2026-05-18 09:15:17+05:30,53015.9,0,0.0,0,0.0,0.0,53282.15,53308.4,52996.45,53710.35,0,0.0,0.0,0.0,0.0,-0.01,-1,-1,-0.01,-1,-1,-0.01,-1,-1,-0.01,-1,-1,-0.01,-1,-1,-0.01,-1,-1,-0.01,-1,-1,-0.01,-1,-1,-0.01,-1,-1,-0.01,-1,-1
99926009,2026-05-18 09:15:17+05:30,52999.3,0,0.0,0,0.0,0.0,53282.15,53308.4,52987.85,53710.35,0,0.0,0.0,0.0,0.0,-0.01,-1,-1,-0.01,-1,-1,-0.01,-1,-1,-0.01,-1,-1,-0.01,-1,-1,-0.01,-1,-1,-0.01,-1,-1,-0.01,-1,-1,-0.01,-1,-1,-0.01,-1,-1
99926009,2026-05-18 09:15:18+05:30,52994.9,0,0.0,0,0.0,0.0,53282.15,53308.4,52979.9,53710.35,0,0.0,0.0,0.0,0.0,-0.01,-1,-1,-0.01,-1,-1,-0.01,-1,-1,-0.01,-1,-1,-0.01,-1,-1,-0.01,-1,-1,-0.01,-1,-1,-0.01,-1,-1,-0.01,-1,-1,-0.01,-1,-1
99926009,2026-05-18 09:15:18+05:30,53002.0,0,0.0,0,0.0,0.0,53282.15,53308.4,52979.9,53710.35,0,0.0,0.0,0.0,0.0,-0.01,-1,-1,-0.01,-1,-1,-0.01,-1,-1,-0.01,-1,-1,-0.01,-1,-1,-0.01,-1,-1,-0.01,-1,-1,-0.01,-1,-1,-0.01,-1,-1,-0.01,-1,-1
99926009,2026-05-18 09:15:19+05:30,52990.5,0,0.0,0,0.0,0.0,53282.15,53308.4,52979.9,53710.35,0,0.0,0.0,0.0,0.0,-0.01,-1,-1,-0.01,-1,-1,-0.01,-1,-1,-0.01,-1,-1,-0.01,-1,-1,-0.01,-1,-1,-0.01,-1,-1,-0.01,-1,-1,-0.01,-1,-1,-0.01,-1,-1
99926009,2026-05-18 09:15:19+05:30,52997.55,0,0.0,0,0.0,0.0,53282.15,53308.4,52979.85,53710.35,0,0.0,0.0,0.0,0.0,-0.01,-1,-1,-0.01,-1,-1,-0.01,-1,-1,-0.01,-1,-1,-0.01,-1,-1,-0.01,-1,-1,-0.01,-1,-1,-0.01,-1,-1,-0.01,-1,-1,-0.01,-1,-1
99926009,2026-05-18 09:15:20+05:30,52994.9,0,0.0,0,0.0,0.0,53282.15,53308.4,52979.85,53710.35,0,0.0,0.0,0.0,0.0,-0.01,-1,-1,-0.01,-1,-1,-0.01,-1,-1,-0.01,-1,-1,-0.01,-1,-1,-0.01,-1,-1,-0.01,-1,-1,-0.01,-1,-1,-0.01,-1,-1,-0.01,-1,-1
99926009,2026-05-18 09:15:20+05:30,52972.1,0,0.0,0,0.0,0.0,53282.15,53308.4,52972.1,53710.35,0,0.0,0.0,0.0,0.0,-0.01,-1,-1,-0.01,-1,-1,-0.01,-1,-1,-0.01,-1,-1,-0.01,-1,-1,-0.01,-1,-1,-0.01,-1,-1,-0.01,-1,-1,-0.01,-1,-1,-0.01,-1,-1
99926009,2026-05-18 09:15:21+05:30,52988.65,0,0.0,0,0.0,0.0,53282.15,53308.4,52969.8,53710.35,0,0.0,0.0,0.0,0.0,-0.01,-1,-1,-0.01,-1,-1,-0.01,-1,-1,-0.01,-1,-1,-0.01,-1,-1,-0.01,-1,-1,-0.01,-1,-1,-0.01,-1,-1,-0.01,-1,-1,-0.01,-1,-1
99926009,2026-05-18 09:15:21+05:30,52997.35,0,0.0,0,0.0,0.0,53282.15,53308.4,52969.8,53710.35,0,0.0,0.0,0.0,0.0,-0.01,-1,-1,-0.01,-1,-1,-0.01,-1,-1,-0.01,-1,-1,-0.01,-1,-1,-0.01,-1,-1,-0.01,-1,-1,-0.01,-1,-1,-0.01,-1,-1,-0.01,-1,-1
99926009,2026-05-18 09:15:22+05:30,52994.65,0,0.0,0,0.0,0.0,53282.15,53308.4,52969.8,53710.35,0,0.0,0.0,0.0,0.0,-0.01,-1,-1,-0.01,-1,-1,-0.01,-1,-1,-0.01,-1,-1,-0.01,-1,-1,-0.01,-1,-1,-0.01,-1,-1,-0.01,-1,-1,-0.01,-1,-1,-0.01,-1,-1
99926009,2026-05-18 09:15:22+05:30,53001.6,0,0.0,0,0.0,0.0,53282.15,53308.4,52969.8,53710.35,0,0.0,0.0,0.0,0.0,-0.01,-1,-1,-0.01,-1,-1,-0.01,-1,-1,-0.01,-1,-1,-0.01,-1,-1,-0.01,-1,-1,-0.01,-1,-1,-0.01,-1,-1,-0.01,-1,-1,-0.01,-1,-1
99926009,2026-05-18 09:15:23+05:30,52992.9,0,0.0,0,0.0,0.0,53282.15,53308.4,52969.8,53710.35,0,0.0,0.0,0.0,0.0,-0.01,-1,-1,-0.01,-1,-1,-0.01,-1,-1,-0.01,-1,-1,-0.01,-1,-1,-0.01,-1,-1,-0.01,-1,-1,-0.01,-1,-1,-0.01,-1,-1,-0.01,-1,-1
99926009,2026-05-18 09:15:23+05:30,52994.5,0,0.0,0,0.0,0.0,53282.15,53308.4,52969.8,53710.35,0,0.0,0.0,0.0,0.0,-0.01,-1,-1,-0.01,-1,-1,-0.01,-1,-1,-0.01,-1,-1,-0.01,-1,-1,-0.01,-1,-1,-0.01,-1,-1,-0.01,-1,-1,-0.01,-1,-1,-0.01,-1,-1
99926009,2026-05-18 09:15:24+05:30,52997.6,0,0.0,0,0.0,0.0,53282.15,53308.4,52969.8,53710.35,0,0.0,0.0,0.0,0.0,-0.01,-1,-1,-0.01,-1,-1,-0.01,-1,-1,-0.01,-1,-1,-0.01,-1,-1,-0.01,-1,-1,-0.01,-1,-1,-0.01,-1,-1,-0.01,-1,-1,-0.01,-1,-1
99926009,2026-05-18 09:15:24+05:30,53004.7,0,0.0,0,0.0,0.0,53282.15,53308.4,52969.8,53710.35,0,0.0,0.0,0.0,0.0,-0.01,-1,-1,-0.01,-1,-1,-0.01,-1,-1,-0.01,-1,-1,-0.01,-1,-1,-0.01,-1,-1,-0.01,-1,-1,-0.01,-1,-1,-0.01,-1,-1,-0.01,-1,-1
99926009,2026-05-18 09:15:25+05:30,53000.45,0,0.0,0,0.0,0.0,53282.15,53308.4,52969.8,53710.35,0,0.0,0.0,0.0,0.0,-0.01,-1,-1,-0.01,-1,-1,-0.01,-1,-1,-0.01,-1,-1,-0.01,-1,-1,-0.01,-1,-1,-0.01,-1,-1,-0.01,-1,-1,-0.01,-1,-1,-0.01,-1,-1
99926009,2026-05-18 09:15:25+05:30,52999.6,0,0.0,0,0.0,0.0,53282.15,53308.4,52969.8,53710.35,0,0.0,0.0,0.0,0.0,-0.01,-1,-1,-0.01,-1,-1,-0.01,-1,-1,-0.01,-1,-1,-0.01,-1,-1,-0.01,-1,-1,-0.01,-1,-1,-0.01,-1,-1,-0.01,-1,-1,-0.01,-1,-1
99926009,2026-05-18 09:15:26+05:30,53009.05,0,0.0,0,0.0,0.0,53282.15,53308.4,52969.8,53710.35,0,0.0,0.0,0.0,0.0,-0.01,-1,-1,-0.01,-1,-1,-0.01,-1,-1,-0.01,-1,-1,-0.01,-1,-1,-0.01,-1,-1,-0.01,-1,-1,-0.01,-1,-1,-0.01,-1,-1,-0.01,-1,-1
99926009,2026-05-18 09:15:26+05:30,53006.95,0,0.0,0,0.0,0.0,53282.15,53308.4,52969.8,53710.35,0,0.0,0.0,0.0,0.0,-0.01,-1,-1,-0.01,-1,-1,-0.01,-1,-1,-0.01,-1,-1,-0.01,-1,-1,-0.01,-1,-1,-0.01,-1,-1,-0.01,-1,-1,-0.01,-1,-1,-0.01,-1,-1
99926009,2026-05-18 09:15:27+05:30,53007.45,0,0.0,0,0.0,0.0,53282.15,53308.4,52969.8,53710.35,0,0.0,0.0,0.0,0.0,-0.01,-1,-1,-0.01,-1,-1,-0.01,-1,-1,-0.01,-1,-1,-0.01,-1,-1,-0.01,-1,-1,-0.01,-1,-1,-0.01,-1,-1,-0.01,-1,-1,-0.01,-1,-1
99926009,2026-05-18 09:15:27+05:30,52996.1,0,0.0,0,0.0,0.0,53282.15,53308.4,52969.8,53710.35,0,0.0,0.0,0.0,0.0,-0.01,-1,-1,-0.01,-1,-1,-0.01,-1,-1,-0.01,-1,-1,-0.01,-1,-1,-0.01,-1,-1,-0.01,-1,-1,-0.01,-1,-1,-0.01,-1,-1,-0.01,-1,-1
99926009,2026-05-18 09:15:28+05:30,52995.2,0,0.0,0,0.0,0.0,53282.15,53308.4,52969.8,53710.35,0,0.0,0.0,0.0,0.0,-0.01,-1,-1,-0.01,-1,-1,-0.01,-1,-1,-0.01,-1,-1,-0.01,-1,-1,-0.01,-1,-1,-0.01,-1,-1,-0.01,-1,-1,-0.01,-1,-1,-0.01,-1,-1
99926009,2026-05-18 09:15:28+05:30,52987.55,0,0.0,0,0.0,0.0,53282.15,53308.4,52969.8,53710.35,0,0.0,0.0,0.0,0.0,-0.01,-1,-1,-0.01,-1,-1,-0.01,-1,-1,-0.01,-1,-1,-0.01,-1,-1,-0.01,-1,-1,-0.01,-1,-1,-0.01,-1,-1,-0.01,-1,-1,-0.01,-1,-1
99926009,2026-05-18 09:15:29+05:30,52992.75,0,0.0,0,0.0,0.0,53282.15,53308.4,52969.8,53710.35,0,0.0,0.0,0.0,0.0,-0.01,-1,-1,-0.01,-1,-1,-0.01,-1,-1,-0.01,-1,-1,-0.01,-1,-1,-0.01,-1,-1,-0.01,-1,-1,-0.01,-1,-1,-0.01,-1,-1,-0.01,-1,-1
99926009,2026-05-18 09:15:29+05:30,52985.1,0,0.0,0,0.0,0.0,53282.15,53308.4,52969.8,53710.35,0,0.0,0.0,0.0,0.0,-0.01,-1,-1,-0.01,-1,-1,-0.01,-1,-1,-0.01,-1,-1,-0.01,-1,-1,-0.01,-1,-1,-0.01,-1,-1,-0.01,-1,-1,-0.01,-1,-1,-0.01,-1,-1
99926009,2026-05-18 09:15:30+05:30,52986.95,0,0.0,0,0.0,0.0,53282.15,53308.4,52969.8,53710.35,0,0.0,0.0,0.0,0.0,-0.01,-1,-1,-0.01,-1,-1,-0.01,-1,-1,-0.01,-1,-1,-0.01,-1,-1,-0.01,-1,-1,-0.01,-1,-1,-0.01,-1,-1,-0.01,-1,-1,-0.01,-1,-1
99926009,2026-05-18 09:15:30+05:30,52983.35,0,0.0,0,0.0,0.0,53282.15,53308.4,52969.8,53710.35,0,0.0,0.0,0.0,0.0,-0.01,-1,-1,-0.01,-1,-1,-0.01,-1,-1,-0.01,-1,-1,-0.01,-1,-1,-0.01,-1,-1,-0.01,-1,-1,-0.01,-1,-1,-0.01,-1,-1,-0.01,-1,-1
99926009,2026-05-18 09:15:31+05:30,52984.95,0,0.0,0,0.0,0.0,53282.15,53308.4,52969.8,53710.35,0,0.0,0.0,0.0,0.0,-0.01,-1,-1,-0.01,-1,-1,-0.01,-1,-1,-0.01,-1,-1,-0.01,-1,-1,-0.01,-1,-1,-0.01,-1,-1,-0.01,-1,-1,-0.01,-1,-1,-0.01,-1,-1
99926009,2026-05-18 09:15:31+05:30,52980.95,0,0.0,0,0.0,0.0,53282.15,53308.4,52969.8,53710.35,0,0.0,0.0,0.0,0.0,-0.01,-1,-1,-0.01,-1,-1,-0.01,-1,-1,-0.01,-1,-1,-0.01,-1,-1,-0.01,-1,-1,-0.01,-1,-1,-0.01,-1,-1,-0.01,-1,-1,-0.01,-1,-1
99926009,2026-05-18 09:15:32+05:30,52983.5,0,0.0,0,0.0,0.0,53282.15,53308.4,52969.8,53710.35,0,0.0,0.0,0.0,0.0,-0.01,-1,-1,-0.01,-1,-1,-0.01,-1,-1,-0.01,-1,-1,-0.01,-1,-1,-0.01,-1,-1,-0.01,-1,-1,-0.01,-1,-1,-0.01,-1,-1,-0.01,-1,-1
99926009,2026-05-18 09:15:32+05:30,52974.8,0,0.0,0,0.0,0.0,53282.15,53308.4,52967.85,53710.35,0,0.0,0.0,0.0,0.0,-0.01,-1,-1,-0.01,-1,-1,-0.01,-1,-1,-0.01,-1,-1,-0.01,-1,-1,-0.01,-1,-1,-0.01,-1,-1,-0.01,-1,-1,-0.01,-1,-1,-0.01,-1,-1
99926009,2026-05-18 09:15:33+05:30,52983.9,0,0.0,0,0.0,0.0,53282.15,53308.4,52967.85,53710.35,0,0.0,0.0,0.0,0.0,-0.01,-1,-1,-0.01,-1,-1,-0.01,-1,-1,-0.01,-1,-1,-0.01,-1,-1,-0.01,-1,-1,-0.01,-1,-1,-0.01,-1,-1,-0.01,-1,-1,-0.01,-1,-1
99926009,2026-05-18 09:15:33+05:30,52963.75,0,0.0,0,0.0,0.0,53282.15,53308.4,52963.75,53710.35,0,0.0,0.0,0.0,0.0,-0.01,-1,-1,-0.01,-1,-1,-0.01,-1,-1,-0.01,-1,-1,-0.01,-1,-1,-0.01,-1,-1,-0.01,-1,-1,-0.01,-1,-1,-0.01,-1,-1,-0.01,-1,-1
99926009,2026-05-18 09:15:34+05:30,52974.6,0,0.0,0,0.0,0.0,53282.15,53308.4,52963.75,53710.35,0,0.0,0.0,0.0,0.0,-0.01,-1,-1,-0.01,-1,-1,-0.01,-1,-1,-0.01,-1,-1,-0.01,-1,-1,-0.01,-1,-1,-0.01,-1,-1,-0.01,-1,-1,-0.01,-1,-1,-0.01,-1,-1
99926009,2026-05-18 09:15:34+05:30,52980.1,0,0.0,0,0.0,0.0,53282.15,53308.4,52963.75,53710.35,0,0.0,0.0,0.0,0.0,-0.01,-1,-1,-0.01,-1,-1,-0.01,-1,-1,-0.01,-1,-1,-0.01,-1,-1,-0.01,-1,-1,-0.01,-1,-1,-0.01,-1,-1,-0.01,-1,-1,-0.01,-1,-1
99926009,2026-05-18 09:15:35+05:30,52980.2,0,0.0,0,0.0,0.0,53282.15,53308.4,52963.75,53710.35,0,0.0,0.0,0.0,0.0,-0.01,-1,-1,-0.01,-1,-1,-0.01,-1,-1,-0.01,-1,-1,-0.01,-1,-1,-0.01,-1,-1,-0.01,-1,-1,-0.01,-1,-1,-0.01,-1,-1,-0.01,-1,-1
99926009,2026-05-18 09:15:35+05:30,52976.55,0,0.0,0,0.0,0.0,53282.15,53308.4,52963.75,53710.35,0,0.0,0.0,0.0,0.0,-0.01,-1,-1,-0.01,-1,-1,-0.01,-1,-1,-0.01,-1,-1,-0.01,-1,-1,-0.01,-1,-1,-0.01,-1,-1,-0.01,-1,-1,-0.01,-1,-1,-0.01,-1,-1
99926009,2026-05-18 09:15:36+05:30,52986.15,0,0.0,0,0.0,0.0,53282.15,53308.4,52963.75,53710.35,0,0.0,0.0,0.0,0.0,-0.01,-1,-1,-0.01,-1,-1,-0.01,-1,-1,-0.01,-1,-1,-0.01,-1,-1,-0.01,-1,-1,-0.01,-1,-1,-0.01,-1,-1,-0.01,-1,-1,-0.01,-1,-1
99926009,2026-05-18 09:15:36+05:30,52997.1,0,0.0,0,0.0,0.0,53282.15,53308.4,52963.75,53710.35,0,0.0,0.0,0.0,0.0,-0.01,-1,-1,-0.01,-1,-1,-0.01,-1,-1,-0.01,-1,-1,-0.01,-1,-1,-0.01,-1,-1,-0.01,-1,-1,-0.01,-1,-1,-0.01,-1,-1,-0.01,-1,-1
99926009,2026-05-18 09:15:37+05:30,52993.95,0,0.0,0,0.0,0.0,53282.15,53308.4,52963.75,53710.35,0,0.0,0.0,0.0,0.0,-0.01,-1,-1,-0.01,-1,-1,-0.01,-1,-1,-0.01,-1,-1,-0.01,-1,-1,-0.01,-1,-1,-0.01,-1,-1,-0.01,-1,-1,-0.01,-1,-1,-0.01,-1,-1
99926009,2026-05-18 09:15:37+05:30,53002.2,0,0.0,0,0.0,0.0,53282.15,53308.4,52963.75,53710.35,0,0.0,0.0,0.0,0.0,-0.01,-1,-1,-0.01,-1,-1,-0.01,-1,-1,-0.01,-1,-1,-0.01,-1,-1,-0.01,-1,-1,-0.01,-1,-1,-0.01,-1,-1,-0.01,-1,-1,-0.01,-1,-1
99926009,2026-05-18 09:15:38+05:30,53000.1,0,0.0,0,0.0,0.0,53282.15,53308.4,52963.75,53710.35,0,0.0,0.0,0.0,0.0,-0.01,-1,-1,-0.01,-1,-1,-0.01,-1,-1,-0.01,-1,-1,-0.01,-1,-1,-0.01,-1,-1,-0.01,-1,-1,-0.01,-1,-1,-0.01,-1,-1,-0.01,-1,-1
99926009,2026-05-18 09:15:38+05:30,52996.05,0,0.0,0,0.0,0.0,53282.15,53308.4,52963.75,53710.35,0,0.0,0.0,0.0,0.0,-0.01,-1,-1,-0.01,-1,-1,-0.01,-1,-1,-0.01,-1,-1,-0.01,-1,-1,-0.01,-1,-1,-0.01,-1,-1,-0.01,-1,-1,-0.01,-1,-1,-0.01,-1,-1
99926009,2026-05-18 09:15:39+05:30,52994.5,0,0.0,0,0.0,0.0,53282.15,53308.4,52963.75,53710.35,0,0.0,0.0,0.0,0.0,-0.01,-1,-1,-0.01,-1,-1,-0.01,-1,-1,-0.01,-1,-1,-0.01,-1,-1,-0.01,-1,-1,-0.01,-1,-1,-0.01,-1,-1,-0.01,-1,-1,-0.01,-1,-1
99926009,2026-05-18 09:15:39+05:30,52999.1,0,0.0,0,0.0,0.0,53282.15,53308.4,52963.75,53710.35,0,0.0,0.0,0.0,0.0,-0.01,-1,-1,-0.01,-1,-1,-0.01,-1,-1,-0.01,-1,-1,-0.01,-1,-1,-0.01,-1,-1,-0.01,-1,-1,-0.01,-1,-1,-0.01,-1,-1,-0.01,-1,-1
99926009,2026-05-18 09:15:40+05:30,52998.2,0,0.0,0,0.0,0.0,53282.15,53308.4,52963.75,53710.35,0,0.0,0.0,0.0,0.0,-0.01,-1,-1,-0.01,-1,-1,-0.01,-1,-1,-0.01,-1,-1,-0.01,-1,-1,-0.01,-1,-1,-0.01,-1,-1,-0.01,-1,-1,-0.01,-1,-1,-0.01,-1,-1
99926009,2026-05-18 09:15:40+05:30,52985.3,0,0.0,0,0.0,0.0,53282.15,53308.4,52963.75,53710.35,0,0.0,0.0,0.0,0.0,-0.01,-1,-1,-0.01,-1,-1,-0.01,-1,-1,-0.01,-1,-1,-0.01,-1,-1,-0.01,-1,-1,-0.01,-1,-1,-0.01,-1,-1,-0.01,-1,-1,-0.01,-1,-1
99926009,2026-05-18 09:15:41+05:30,52991.7,0,0.0,0,0.0,0.0,53282.15,53308.4,52963.75,53710.35,0,0.0,0.0,0.0,0.0,-0.01,-1,-1,-0.01,-1,-1,-0.01,-1,-1,-0.01,-1,-1,-0.01,-1,-1,-0.01,-1,-1,-0.01,-1,-1,-0.01,-1,-1,-0.01,-1,-1,-0.01,-1,-1
99926009,2026-05-18 09:15:41+05:30,52996.8,0,0.0,0,0.0,0.0,53282.15,53308.4,52963.75,53710.35,0,0.0,0.0,0.0,0.0,-0.01,-1,-1,-0.01,-1,-1,-0.01,-1,-1,-0.01,-1,-1,-0.01,-1,-1,-0.01,-1,-1,-0.01,-1,-1,-0.01,-1,-1,-0.01,-1,-1,-0.01,-1,-1
99926009,2026-05-18 09:15:42+05:30,53014.9,0,0.0,0,0.0,0.0,53282.15,53308.4,52963.75,53710.35,0,0.0,0.0,0.0,0.0,-0.01,-1,-1,-0.01,-1,-1,-0.01,-1,-1,-0.01,-1,-1,-0.01,-1,-1,-0.01,-1,-1,-0.01,-1,-1,-0.01,-1,-1,-0.01,-1,-1,-0.01,-1,-1
99926009,2026-05-18 09:15:42+05:30,53003.95,0,0.0,0,0.0,0.0,53282.15,53308.4,52963.75,53710.35,0,0.0,0.0,0.0,0.0,-0.01,-1,-1,-0.01,-1,-1,-0.01,-1,-1,-0.01,-1,-1,-0.01,-1,-1,-0.01,-1,-1,-0.01,-1,-1,-0.01,-1,-1,-0.01,-1,-1,-0.01,-1,-1
99926009,2026-05-18 09:15:43+05:30,53002.75,0,0.0,0,0.0,0.0,53282.15,53308.4,52963.75,53710.35,0,0.0,0.0,0.0,0.0,-0.01,-1,-1,-0.01,-1,-1,-0.01,-1,-1,-0.01,-1,-1,-0.01,-1,-1,-0.01,-1,-1,-0.01,-1,-1,-0.01,-1,-1,-0.01,-1,-1,-0.01,-1,-1
99926009,2026-05-18 09:15:43+05:30,53005.35,0,0.0,0,0.0,0.0,53282.15,53308.4,52963.75,53710.35,0,0.0,0.0,0.0,0.0,-0.01,-1,-1,-0.01,-1,-1,-0.01,-1,-1,-0.01,-1,-1,-0.01,-1,-1,-0.01,-1,-1,-0.01,-1,-1,-0.01,-1,-1,-0.01,-1,-1,-0.01,-1,-1
99926009,2026-05-18 09:15:44+05:30,53007.15,0,0.0,0,0.0,0.0,53282.15,53308.4,52963.75,53710.35,0,0.0,0.0,0.0,0.0,-0.01,-1,-1,-0.01,-1,-1,-0.01,-1,-1,-0.01,-1,-1,-0.01,-1,-1,-0.01,-1,-1,-0.01,-1,-1,-0.01,-1,-1,-0.01,-1,-1,-0.01,-1,-1
99926009,2026-05-18 09:15:44+05:30,53020.35,0,0.0,0,0.0,0.0,53282.15,53308.4,52963.75,53710.35,0,0.0,0.0,0.0,0.0,-0.01,-1,-1,-0.01,-1,-1,-0.01,-1,-1,-0.01,-1,-1,-0.01,-1,-1,-0.01,-1,-1,-0.01,-1,-1,-0.01,-1,-1,-0.01,-1,-1,-0.01,-1,-1
99926009,2026-05-18 09:15:45+05:30,53016.8,0,0.0,0,0.0,0.0,53282.15,53308.4,52963.75,53710.35,0,0.0,0.0,0.0,0.0,-0.01,-1,-1,-0.01,-1,-1,-0.01,-1,-1,-0.01,-1,-1,-0.01,-1,-1,-0.01,-1,-1,-0.01,-1,-1,-0.01,-1,-1,-0.01,-1,-1,-0.01,-1,-1
99926009,2026-05-18 09:15:45+05:30,53027.35,0,0.0,0,0.0,0.0,53282.15,53308.4,52963.75,53710.35,0,0.0,0.0,0.0,0.0,-0.01,-1,-1,-0.01,-1,-1,-0.01,-1,-1,-0.01,-1,-1,-0.01,-1,-1,-0.01,-1,-1,-0.01,-1,-1,-0.01,-1,-1,-0.01,-1,-1,-0.01,-1,-1
99926009,2026-05-18 09:15:46+05:30,53026.05,0,0.0,0,0.0,0.0,53282.15,53308.4,52963.75,53710.35,0,0.0,0.0,0.0,0.0,-0.01,-1,-1,-0.01,-1,-1,-0.01,-1,-1,-0.01,-1,-1,-0.01,-1,-1,-0.01,-1,-1,-0.01,-1,-1,-0.01,-1,-1,-0.01,-1,-1,-0.01,-1,-1
99926009,2026-05-18 09:15:46+05:30,53029.3,0,0.0,0,0.0,0.0,53282.15,53308.4,52963.75,53710.35,0,0.0,0.0,0.0,0.0,-0.01,-1,-1,-0.01,-1,-1,-0.01,-1,-1,-0.01,-1,-1,-0.01,-1,-1,-0.01,-1,-1,-0.01,-1,-1,-0.01,-1,-1,-0.01,-1,-1,-0.01,-1,-1
99926009,2026-05-18 09:15:47+05:30,53019.45,0,0.0,0,0.0,0.0,53282.15,53308.4,52963.75,53710.35,0,0.0,0.0,0.0,0.0,-0.01,-1,-1,-0.01,-1,-1,-0.01,-1,-1,-0.01,-1,-1,-0.01,-1,-1,-0.01,-1,-1,-0.01,-1,-1,-0.01,-1,-1,-0.01,-1,-1,-0.01,-1,-1
99926009,2026-05-18 09:15:47+05:30,53019.9,0,0.0,0,0.0,0.0,53282.15,53308.4,52963.75,53710.35,0,0.0,0.0,0.0,0.0,-0.01,-1,-1,-0.01,-1,-1,-0.01,-1,-1,-0.01,-1,-1,-0.01,-1,-1,-0.01,-1,-1,-0.01,-1,-1,-0.01,-1,-1,-0.01,-1,-1,-0.01,-1,-1
99926009,2026-05-18 09:15:48+05:30,53018.55,0,0.0,0,0.0,0.0,53282.15,53308.4,52963.75,53710.35,0,0.0,0.0,0.0,0.0,-0.01,-1,-1,-0.01,-1,-1,-0.01,-1,-1,-0.01,-1,-1,-0.01,-1,-1,-0.01,-1,-1,-0.01,-1,-1,-0.01,-1,-1,-0.01,-1,-1,-0.01,-1,-1
99926009,2026-05-18 09:15:48+05:30,53015.35,0,0.0,0,0.0,0.0,53282.15,53308.4,52963.75,53710.35,0,0.0,0.0,0.0,0.0,-0.01,-1,-1,-0.01,-1,-1,-0.01,-1,-1,-0.01,-1,-1,-0.01,-1,-1,-0.01,-1,-1,-0.01,-1,-1,-0.01,-1,-1,-0.01,-1,-1,-0.01,-1,-1
99926009,2026-05-18 09:15:49+05:30,53021.1,0,0.0,0,0.0,0.0,53282.15,53308.4,52963.75,53710.35,0,0.0,0.0,0.0,0.0,-0.01,-1,-1,-0.01,-1,-1,-0.01,-1,-1,-0.01,-1,-1,-0.01,-1,-1,-0.01,-1,-1,-0.01,-1,-1,-0.01,-1,-1,-0.01,-1,-1,-0.01,-1,-1
99926009,2026-05-18 09:15:49+05:30,53020.1,0,0.0,0,0.0,0.0,53282.15,53308.4,52963.75,53710.35,0,0.0,0.0,0.0,0.0,-0.01,-1,-1,-0.01,-1,-1,-0.01,-1,-1,-0.01,-1,-1,-0.01,-1,-1,-0.01,-1,-1,-0.01,-1,-1,-0.01,-1,-1,-0.01,-1,-1,-0.01,-1,-1
99926009,2026-05-18 09:15:50+05:30,53019.05,0,0.0,0,0.0,0.0,53282.15,53308.4,52963.75,53710.35,0,0.0,0.0,0.0,0.0,-0.01,-1,-1,-0.01,-1,-1,-0.01,-1,-1,-0.01,-1,-1,-0.01,-1,-1,-0.01,-1,-1,-0.01,-1,-1,-0.01,-1,-1,-0.01,-1,-1,-0.01,-1,-1
99926009,2026-05-18 09:15:50+05:30,53009.4,0,0.0,0,0.0,0.0,53282.15,53308.4,52963.75,53710.35,0,0.0,0.0,0.0,0.0,-0.01,-1,-1,-0.01,-1,-1,-0.01,-1,-1,-0.01,-1,-1,-0.01,-1,-1,-0.01,-1,-1,-0.01,-1,-1,-0.01,-1,-1,-0.01,-1,-1,-0.01,-1,-1
99926009,2026-05-18 09:15:51+05:30,53006.0,0,0.0,0,0.0,0.0,53282.15,53308.4,52963.75,53710.35,0,0.0,0.0,0.0,0.0,-0.01,-1,-1,-0.01,-1,-1,-0.01,-1,-1,-0.01,-1,-1,-0.01,-1,-1,-0.01,-1,-1,-0.01,-1,-1,-0.01,-1,-1,-0.01,-1,-1,-0.01,-1,-1
99926009,2026-05-18 09:15:51+05:30,53007.25,0,0.0,0,0.0,0.0,53282.15,53308.4,52963.75,53710.35,0,0.0,0.0,0.0,0.0,-0.01,-1,-1,-0.01,-1,-1,-0.01,-1,-1,-0.01,-1,-1,-0.01,-1,-1,-0.01,-1,-1,-0.01,-1,-1,-0.01,-1,-1,-0.01,-1,-1,-0.01,-1,-1
99926009,2026-05-18 09:15:52+05:30,53002.9,0,0.0,0,0.0,0.0,53282.15,53308.4,52963.75,53710.35,0,0.0,0.0,0.0,0.0,-0.01,-1,-1,-0.01,-1,-1,-0.01,-1,-1,-0.01,-1,-1,-0.01,-1,-1,-0.01,-1,-1,-0.01,-1,-1,-0.01,-1,-1,-0.01,-1,-1,-0.01,-1,-1
99926009,2026-05-18 09:15:52+05:30,53004.65,0,0.0,0,0.0,0.0,53282.15,53308.4,52963.75,53710.35,0,0.0,0.0,0.0,0.0,-0.01,-1,-1,-0.01,-1,-1,-0.01,-1,-1,-0.01,-1,-1,-0.01,-1,-1,-0.01,-1,-1,-0.01,-1,-1,-0.01,-1,-1,-0.01,-1,-1,-0.01,-1,-1
99926009,2026-05-18 09:15:53+05:30,53000.75,0,0.0,0,0.0,0.0,53282.15,53308.4,52963.75,53710.35,0,0.0,0.0,0.0,0.0,-0.01,-1,-1,-0.01,-1,-1,-0.01,-1,-1,-0.01,-1,-1,-0.01,-1,-1,-0.01,-1,-1,-0.01,-1,-1,-0.01,-1,-1,-0.01,-1,-1,-0.01,-1,-1
99926009,2026-05-18 09:15:53+05:30,53002.6,0,0.0,0,0.0,0.0,53282.15,53308.4,52963.75,53710.35,0,0.0,0.0,0.0,0.0,-0.01,-1,-1,-0.01,-1,-1,-0.01,-1,-1,-0.01,-1,-1,-0.01,-1,-1,-0.01,-1,-1,-0.01,-1,-1,-0.01,-1,-1,-0.01,-1,-1,-0.01,-1,-1
99926009,2026-05-18 09:15:54+05:30,52996.3,0,0.0,0,0.0,0.0,53282.15,53308.4,52963.75,53710.35,0,0.0,0.0,0.0,0.0,-0.01,-1,-1,-0.01,-1,-1,-0.01,-1,-1,-0.01,-1,-1,-0.01,-1,-1,-0.01,-1,-1,-0.01,-1,-1,-0.01,-1,-1,-0.01,-1,-1,-0.01,-1,-1
99926009,2026-05-18 09:15:54+05:30,53005.25,0,0.0,0,0.0,0.0,53282.15,53308.4,52963.75,53710.35,0,0.0,0.0,0.0,0.0,-0.01,-1,-1,-0.01,-1,-1,-0.01,-1,-1,-0.01,-1,-1,-0.01,-1,-1,-0.01,-1,-1,-0.01,-1,-1,-0.01,-1,-1,-0.01,-1,-1,-0.01,-1,-1
99926009,2026-05-18 09:15:55+05:30,53000.45,0,0.0,0,0.0,0.0,53282.15,53308.4,52963.75,53710.35,0,0.0,0.0,0.0,0.0,-0.01,-1,-1,-0.01,-1,-1,-0.01,-1,-1,-0.01,-1,-1,-0.01,-1,-1,-0.01,-1,-1,-0.01,-1,-1,-0.01,-1,-1,-0.01,-1,-1,-0.01,-1,-1
99926009,2026-05-18 09:15:55+05:30,53003.75,0,0.0,0,0.0,0.0,53282.15,53308.4,52963.75,53710.35,0,0.0,0.0,0.0,0.0,-0.01,-1,-1,-0.01,-1,-1,-0.01,-1,-1,-0.01,-1,-1,-0.01,-1,-1,-0.01,-1,-1,-0.01,-1,-1,-0.01,-1,-1,-0.01,-1,-1,-0.01,-1,-1
99926009,2026-05-18 09:15:56+05:30,52998.55,0,0.0,0,0.0,0.0,53282.15,53308.4,52963.75,53710.35,0,0.0,0.0,0.0,0.0,-0.01,-1,-1,-0.01,-1,-1,-0.01,-1,-1,-0.01,-1,-1,-0.01,-1,-1,-0.01,-1,-1,-0.01,-1,-1,-0.01,-1,-1,-0.01,-1,-1,-0.01,-1,-1
99926009,2026-05-18 09:15:56+05:30,52979.15,0,0.0,0,0.0,0.0,53282.15,53308.4,52963.75,53710.35,0,0.0,0.0,0.0,0.0,-0.01,-1,-1,-0.01,-1,-1,-0.01,-1,-1,-0.01,-1,-1,-0.01,-1,-1,-0.01,-1,-1,-0.01,-1,-1,-0.01,-1,-1,-0.01,-1,-1,-0.01,-1,-1
99926009,2026-05-18 09:15:57+05:30,52985.2,0,0.0,0,0.0,0.0,53282.15,53308.4,52963.75,53710.35,0,0.0,0.0,0.0,0.0,-0.01,-1,-1,-0.01,-1,-1,-0.01,-1,-1,-0.01,-1,-1,-0.01,-1,-1,-0.01,-1,-1,-0.01,-1,-1,-0.01,-1,-1,-0.01,-1,-1,-0.01,-1,-1
99926009,2026-05-18 09:15:57+05:30,52982.45,0,0.0,0,0.0,0.0,53282.15,53308.4,52963.75,53710.35,0,0.0,0.0,0.0,0.0,-0.01,-1,-1,-0.01,-1,-1,-0.01,-1,-1,-0.01,-1,-1,-0.01,-1,-1,-0.01,-1,-1,-0.01,-1,-1,-0.01,-1,-1,-0.01,-1,-1,-0.01,-1,-1
99926009,2026-05-18 09:15:58+05:30,52982.6,0,0.0,0,0.0,0.0,53282.15,53308.4,52963.75,53710.35,0,0.0,0.0,0.0,0.0,-0.01,-1,-1,-0.01,-1,-1,-0.01,-1,-1,-0.01,-1,-1,-0.01,-1,-1,-0.01,-1,-1,-0.01,-1,-1,-0.01,-1,-1,-0.01,-1,-1,-0.01,-1,-1
99926009,2026-05-18 09:15:58+05:30,52978.1,0,0.0,0,0.0,0.0,53282.15,53308.4,52963.75,53710.35,0,0.0,0.0,0.0,0.0,-0.01,-1,-1,-0.01,-1,-1,-0.01,-1,-1,-0.01,-1,-1,-0.01,-1,-1,-0.01,-1,-1,-0.01,-1,-1,-0.01,-1,-1,-0.01,-1,-1,-0.01,-1,-1
99926009,2026-05-18 09:15:59+05:30,52967.35,0,0.0,0,0.0,0.0,53282.15,53308.4,52963.75,53710.35,0,0.0,0.0,0.0,0.0,-0.01,-1,-1,-0.01,-1,-1,-0.01,-1,-1,-0.01,-1,-1,-0.01,-1,-1,-0.01,-1,-1,-0.01,-1,-1,-0.01,-1,-1,-0.01,-1,-1,-0.01,-1,-1
99926009,2026-05-18 09:15:59+05:30,52977.3,0,0.0,0,0.0,0.0,53282.15,53308.4,52963.75,53710.35,0,0.0,0.0,0.0,0.0,-0.01,-1,-1,-0.01,-1,-1,-0.01,-1,-1,-0.01,-1,-1,-0.01,-1,-1,-0.01,-1,-1,-0.01,-1,-1,-0.01,-1,-1,-0.01,-1,-1,-0.01,-1,-1
99926009,2026-05-18 09:16:00+05:30,52969.45,0,0.0,0,0.0,0.0,53282.15,53308.4,52963.75,53710.35,0,0.0,0.0,0.0,0.0,-0.01,-1,-1,-0.01,-1,-1,-0.01,-1,-1,-0.01,-1,-1,-0.01,-1,-1,-0.01,-1,-1,-0.01,-1,-1,-0.01,-1,-1,-0.01,-1,-1,-0.01,-1,-1
99926009,2026-05-18 09:16:00+05:30,52974.75,0,0.0,0,0.0,0.0,53282.15,53308.4,52963.75,53710.35,0,0.0,0.0,0.0,0.0,-0.01,-1,-1,-0.01,-1,-1,-0.01,-1,-1,-0.01,-1,-1,-0.01,-1,-1,-0.01,-1,-1,-0.01,-1,-1,-0.01,-1,-1,-0.01,-1,-1,-0.01,-1,-1
99926009,2026-05-18 09:16:01+05:30,52972.95,0,0.0,0,0.0,0.0,53282.15,53308.4,52963.75,53710.35,0,0.0,0.0,0.0,0.0,-0.01,-1,-1,-0.01,-1,-1,-0.01,-1,-1,-0.01,-1,-1,-0.01,-1,-1,-0.01,-1,-1,-0.01,-1,-1,-0.01,-1,-1,-0.01,-1,-1,-0.01,-1,-1
99926009,2026-05-18 09:16:01+05:30,52977.75,0,0.0,0,0.0,0.0,53282.15,53308.4,52963.75,53710.35,0,0.0,0.0,0.0,0.0,-0.01,-1,-1,-0.01,-1,-1,-0.01,-1,-1,-0.01,-1,-1,-0.01,-1,-1,-0.01,-1,-1,-0.01,-1,-1,-0.01,-1,-1,-0.01,-1,-1,-0.01,-1,-1
99926009,2026-05-18 09:16:02+05:30,52978.55,0,0.0,0,0.0,0.0,53282.15,53308.4,52963.75,53710.35,0,0.0,0.0,0.0,0.0,-0.01,-1,-1,-0.01,-1,-1,-0.01,-1,-1,-0.01,-1,-1,-0.01,-1,-1,-0.01,-1,-1,-0.01,-1,-1,-0.01,-1,-1,-0.01,-1,-1,-0.01,-1,-1
99926009,2026-05-18 09:16:02+05:30,52981.4,0,0.0,0,0.0,0.0,53282.15,53308.4,52963.75,53710.35,0,0.0,0.0,0.0,0.0,-0.01,-1,-1,-0.01,-1,-1,-0.01,-1,-1,-0.01,-1,-1,-0.01,-1,-1,-0.01,-1,-1,-0.01,-1,-1,-0.01,-1,-1,-0.01,-1,-1,-0.01,-1,-1
99926009,2026-05-18 09:16:03+05:30,52983.4,0,0.0,0,0.0,0.0,53282.15,53308.4,52963.75,53710.35,0,0.0,0.0,0.0,0.0,-0.01,-1,-1,-0.01,-1,-1,-0.01,-1,-1,-0.01,-1,-1,-0.01,-1,-1,-0.01,-1,-1,-0.01,-1,-1,-0.01,-1,-1,-0.01,-1,-1,-0.01,-1,-1
99926009,2026-05-18 09:16:03+05:30,52982.95,0,0.0,0,0.0,0.0,53282.15,53308.4,52963.75,53710.35,0,0.0,0.0,0.0,0.0,-0.01,-1,-1,-0.01,-1,-1,-0.01,-1,-1,-0.01,-1,-1,-0.01,-1,-1,-0.01,-1,-1,-0.01,-1,-1,-0.01,-1,-1,-0.01,-1,-1,-0.01,-1,-1
99926009,2026-05-18 09:16:04+05:30,52982.4,0,0.0,0,0.0,0.0,53282.15,53308.4,52963.75,53710.35,0,0.0,0.0,0.0,0.0,-0.01,-1,-1,-0.01,-1,-1,-0.01,-1,-1,-0.01,-1,-1,-0.01,-1,-1,-0.01,-1,-1,-0.01,-1,-1,-0.01,-1,-1,-0.01,-1,-1,-0.01,-1,-1
99926009,2026-05-18 09:16:04+05:30,52980.75,0,0.0,0,0.0,0.0,53282.15,53308.4,52963.75,53710.35,0,0.0,0.0,0.0,0.0,-0.01,-1,-1,-0.01,-1,-1,-0.01,-1,-1,-0.01,-1,-1,-0.01,-1,-1,-0.01,-1,-1,-0.01,-1,-1,-0.01,-1,-1,-0.01,-1,-1,-0.01,-1,-1
99926009,2026-05-18 09:16:05+05:30,52986.3,0,0.0,0,0.0,0.0,53282.15,53308.4,52963.75,53710.35,0,0.0,0.0,0.0,0.0,-0.01,-1,-1,-0.01,-1,-1,-0.01,-1,-1,-0.01,-1,-1,-0.01,-1,-1,-0.01,-1,-1,-0.01,-1,-1,-0.01,-1,-1,-0.01,-1,-1,-0.01,-1,-1
99926009,2026-05-18 09:16:05+05:30,52974.35,0,0.0,0,0.0,0.0,53282.15,53308.4,52963.75,53710.35,0,0.0,0.0,0.0,0.0,-0.01,-1,-1,-0.01,-1,-1,-0.01,-1,-1,-0.01,-1,-1,-0.01,-1,-1,-0.01,-1,-1,-0.01,-1,-1,-0.01,-1,-1,-0.01,-1,-1,-0.01,-1,-1
99926009,2026-05-18 09:16:06+05:30,52973.45,0,0.0,0,0.0,0.0,53282.15,53308.4,52963.75,53710.35,0,0.0,0.0,0.0,0.0,-0.01,-1,-1,-0.01,-1,-1,-0.01,-1,-1,-0.01,-1,-1,-0.01,-1,-1,-0.01,-1,-1,-0.01,-1,-1,-0.01,-1,-1,-0.01,-1,-1,-0.01,-1,-1
99926009,2026-05-18 09:16:06+05:30,52980.9,0,0.0,0,0.0,0.0,53282.15,53308.4,52963.75,53710.35,0,0.0,0.0,0.0,0.0,-0.01,-1,-1,-0.01,-1,-1,-0.01,-1,-1,-0.01,-1,-1,-0.01,-1,-1,-0.01,-1,-1,-0.01,-1,-1,-0.01,-1,-1,-0.01,-1,-1,-0.01,-1,-1
99926009,2026-05-18 09:16:07+05:30,52979.0,0,0.0,0,0.0,0.0,53282.15,53308.4,52963.75,53710.35,0,0.0,0.0,0.0,0.0,-0.01,-1,-1,-0.01,-1,-1,-0.01,-1,-1,-0.01,-1,-1,-0.01,-1,-1,-0.01,-1,-1,-0.01,-1,-1,-0.01,-1,-1,-0.01,-1,-1,-0.01,-1,-1
99926009,2026-05-18 09:16:07+05:30,52977.1,0,0.0,0,0.0,0.0,53282.15,53308.4,52963.75,53710.35,0,0.0,0.0,0.0,0.0,-0.01,-1,-1,-0.01,-1,-1,-0.01,-1,-1,-0.01,-1,-1,-0.01,-1,-1,-0.01,-1,-1,-0.01,-1,-1,-0.01,-1,-1,-0.01,-1,-1,-0.01,-1,-1
99926009,2026-05-18 09:16:08+05:30,52974.75,0,0.0,0,0.0,0.0,53282.15,53308.4,52963.75,53710.35,0,0.0,0.0,0.0,0.0,-0.01,-1,-1,-0.01,-1,-1,-0.01,-1,-1,-0.01,-1,-1,-0.01,-1,-1,-0.01,-1,-1,-0.01,-1,-1,-0.01,-1,-1,-0.01,-1,-1,-0.01,-1,-1
99926009,2026-05-18 09:16:08+05:30,52979.35,0,0.0,0,0.0,0.0,53282.15,53308.4,52963.75,53710.35,0,0.0,0.0,0.0,0.0,-0.01,-1,-1,-0.01,-1,-1,-0.01,-1,-1,-0.01,-1,-1,-0.01,-1,-1,-0.01,-1,-1,-0.01,-1,-1,-0.01,-1,-1,-0.01,-1,-1,-0.01,-1,-1
99926009,2026-05-18 09:16:09+05:30,52979.65,0,0.0,0,0.0,0.0,53282.15,53308.4,52963.75,53710.35,0,0.0,0.0,0.0,0.0,-0.01,-1,-1,-0.01,-1,-1,-0.01,-1,-1,-0.01,-1,-1,-0.01,-1,-1,-0.01,-1,-1,-0.01,-1,-1,-0.01,-1,-1,-0.01,-1,-1,-0.01,-1,-1
99926009,2026-05-18 09:16:09+05:30,52974.2,0,0.0,0,0.0,0.0,53282.15,53308.4,52963.75,53710.35,0,0.0,0.0,0.0,0.0,-0.01,-1,-1,-0.01,-1,-1,-0.01,-1,-1,-0.01,-1,-1,-0.01,-1,-1,-0.01,-1,-1,-0.01,-1,-1,-0.01,-1,-1,-0.01,-1,-1,-0.01,-1,-1
99926009,2026-05-18 09:16:10+05:30,52972.5,0,0.0,0,0.0,0.0,53282.15,53308.4,52963.75,53710.35,0,0.0,0.0,0.0,0.0,-0.01,-1,-1,-0.01,-1,-1,-0.01,-1,-1,-0.01,-1,-1,-0.01,-1,-1,-0.01,-1,-1,-0.01,-1,-1,-0.01,-1,-1,-0.01,-1,-1,-0.01,-1,-1
99926009,2026-05-18 09:16:10+05:30,52955.35,0,0.0,0,0.0,0.0,53282.15,53308.4,52955.35,53710.35,0,0.0,0.0,0.0,0.0,-0.01,-1,-1,-0.01,-1,-1,-0.01,-1,-1,-0.01,-1,-1,-0.01,-1,-1,-0.01,-1,-1,-0.01,-1,-1,-0.01,-1,-1,-0.01,-1,-1,-0.01,-1,-1
99926009,2026-05-18 09:16:11+05:30,52956.7,0,0.0,0,0.0,0.0,53282.15,53308.4,52954.05,53710.35,0,0.0,0.0,0.0,0.0,-0.01,-1,-1,-0.01,-1,-1,-0.01,-1,-1,-0.01,-1,-1,-0.01,-1,-1,-0.01,-1,-1,-0.01,-1,-1,-0.01,-1,-1,-0.01,-1,-1,-0.01,-1,-1
99926009,2026-05-18 09:16:11+05:30,52962.3,0,0.0,0,0.0,0.0,53282.15,53308.4,52954.05,53710.35,0,0.0,0.0,0.0,0.0,-0.01,-1,-1,-0.01,-1,-1,-0.01,-1,-1,-0.01,-1,-1,-0.01,-1,-1,-0.01,-1,-1,-0.01,-1,-1,-0.01,-1,-1,-0.01,-1,-1,-0.01,-1,-1
99926009,2026-05-18 09:16:12+05:30,52959.1,0,0.0,0,0.0,0.0,53282.15,53308.4,52954.05,53710.35,0,0.0,0.0,0.0,0.0,-0.01,-1,-1,-0.01,-1,-1,-0.01,-1,-1,-0.01,-1,-1,-0.01,-1,-1,-0.01,-1,-1,-0.01,-1,-1,-0.01,-1,-1,-0.01,-1,-1,-0.01,-1,-1
99926009,2026-05-18 09:16:12+05:30,52959.25,0,0.0,0,0.0,0.0,53282.15,53308.4,52954.05,53710.35,0,0.0,0.0,0.0,0.0,-0.01,-1,-1,-0.01,-1,-1,-0.01,-1,-1,-0.01,-1,-1,-0.01,-1,-1,-0.01,-1,-1,-0.01,-1,-1,-0.01,-1,-1,-0.01,-1,-1,-0.01,-1,-1
99926009,2026-05-18 09:16:13+05:30,52950.6,0,0.0,0,0.0,0.0,53282.15,53308.4,52950.6,53710.35,0,0.0,0.0,0.0,0.0,-0.01,-1,-1,-0.01,-1,-1,-0.01,-1,-1,-0.01,-1,-1,-0.01,-1,-1,-0.01,-1,-1,-0.01,-1,-1,-0.01,-1,-1,-0.01,-1,-1,-0.01,-1,-1
99926009,2026-05-18 09:16:13+05:30,52954.2,0,0.0,0,0.0,0.0,53282.15,53308.4,52946.35,53710.35,0,0.0,0.0,0.0,0.0,-0.01,-1,-1,-0.01,-1,-1,-0.01,-1,-1,-0.01,-1,-1,-0.01,-1,-1,-0.01,-1,-1,-0.01,-1,-1,-0.01,-1,-1,-0.01,-1,-1,-0.01,-1,-1
99926009,2026-05-18 09:16:14+05:30,52966.65,0,0.0,0,0.0,0.0,53282.15,53308.4,52946.35,53710.35,0,0.0,0.0,0.0,0.0,-0.01,-1,-1,-0.01,-1,-1,-0.01,-1,-1,-0.01,-1,-1,-0.01,-1,-1,-0.01,-1,-1,-0.01,-1,-1,-0.01,-1,-1,-0.01,-1,-1,-0.01,-1,-1
99926009,2026-05-18 09:16:14+05:30,52968.45,0,0.0,0,0.0,0.0,53282.15,53308.4,52946.35,53710.35,0,0.0,0.0,0.0,0.0,-0.01,-1,-1,-0.01,-1,-1,-0.01,-1,-1,-0.01,-1,-1,-0.01,-1,-1,-0.01,-1,-1,-0.01,-1,-1,-0.01,-1,-1,-0.01,-1,-1,-0.01,-1,-1
99926009,2026-05-18 09:16:15+05:30,52962.6,0,0.0,0,0.0,0.0,53282.15,53308.4,52946.35,53710.35,0,0.0,0.0,0.0,0.0,-0.01,-1,-1,-0.01,-1,-1,-0.01,-1,-1,-0.01,-1,-1,-0.01,-1,-1,-0.01,-1,-1,-0.01,-1,-1,-0.01,-1,-1,-0.01,-1,-1,-0.01,-1,-1
99926009,2026-05-18 09:16:15+05:30,52960.0,0,0.0,0,0.0,0.0,53282.15,53308.4,52946.35,53710.35,0,0.0,0.0,0.0,0.0,-0.01,-1,-1,-0.01,-1,-1,-0.01,-1,-1,-0.01,-1,-1,-0.01,-1,-1,-0.01,-1,-1,-0.01,-1,-1,-0.01,-1,-1,-0.01,-1,-1,-0.01,-1,-1
99926009,2026-05-18 09:16:16+05:30,52961.1,0,0.0,0,0.0,0.0,53282.15,53308.4,52946.35,53710.35,0,0.0,0.0,0.0,0.0,-0.01,-1,-1,-0.01,-1,-1,-0.01,-1,-1,-0.01,-1,-1,-0.01,-1,-1,-0.01,-1,-1,-0.01,-1,-1,-0.01,-1,-1,-0.01,-1,-1,-0.01,-1,-1
99926009,2026-05-18 09:16:16+05:30,52959.2,0,0.0,0,0.0,0.0,53282.15,53308.4,52946.35,53710.35,0,0.0,0.0,0.0,0.0,-0.01,-1,-1,-0.01,-1,-1,-0.01,-1,-1,-0.01,-1,-1,-0.01,-1,-1,-0.01,-1,-1,-0.01,-1,-1,-0.01,-1,-1,-0.01,-1,-1,-0.01,-1,-1
99926009,2026-05-18 09:16:17+05:30,52960.15,0,0.0,0,0.0,0.0,53282.15,53308.4,52946.35,53710.35,0,0.0,0.0,0.0,0.0,-0.01,-1,-1,-0.01,-1,-1,-0.01,-1,-1,-0.01,-1,-1,-0.01,-1,-1,-0.01,-1,-1,-0.01,-1,-1,-0.01,-1,-1,-0.01,-1,-1,-0.01,-1,-1
99926009,2026-05-18 09:16:17+05:30,52967.55,0,0.0,0,0.0,0.0,53282.15,53308.4,52946.35,53710.35,0,0.0,0.0,0.0,0.0,-0.01,-1,-1,-0.01,-1,-1,-0.01,-1,-1,-0.01,-1,-1,-0.01,-1,-1,-0.01,-1,-1,-0.01,-1,-1,-0.01,-1,-1,-0.01,-1,-1,-0.01,-1,-1
99926009,2026-05-18 09:16:18+05:30,52973.45,0,0.0,0,0.0,0.0,53282.15,53308.4,52946.35,53710.35,0,0.0,0.0,0.0,0.0,-0.01,-1,-1,-0.01,-1,-1,-0.01,-1,-1,-0.01,-1,-1,-0.01,-1,-1,-0.01,-1,-1,-0.01,-1,-1,-0.01,-1,-1,-0.01,-1,-1,-0.01,-1,-1
99926009,2026-05-18 09:16:18+05:30,52972.1,0,0.0,0,0.0,0.0,53282.15,53308.4,52946.35,53710.35,0,0.0,0.0,0.0,0.0,-0.01,-1,-1,-0.01,-1,-1,-0.01,-1,-1,-0.01,-1,-1,-0.01,-1,-1,-0.01,-1,-1,-0.01,-1,-1,-0.01,-1,-1,-0.01,-1,-1,-0.01,-1,-1
99926009,2026-05-18 09:16:19+05:30,52967.55,0,0.0,0,0.0,0.0,53282.15,53308.4,52946.35,53710.35,0,0.0,0.0,0.0,0.0,-0.01,-1,-1,-0.01,-1,-1,-0.01,-1,-1,-0.01,-1,-1,-0.01,-1,-1,-0.01,-1,-1,-0.01,-1,-1,-0.01,-1,-1,-0.01,-1,-1,-0.01,-1,-1
99926009,2026-05-18 09:16:19+05:30,52975.2,0,0.0,0,0.0,0.0,53282.15,53308.4,52946.35,53710.35,0,0.0,0.0,0.0,0.0,-0.01,-1,-1,-0.01,-1,-1,-0.01,-1,-1,-0.01,-1,-1,-0.01,-1,-1,-0.01,-1,-1,-0.01,-1,-1,-0.01,-1,-1,-0.01,-1,-1,-0.01,-1,-1
99926009,2026-05-18 09:16:20+05:30,52977.0,0,0.0,0,0.0,0.0,53282.15,53308.4,52946.35,53710.35,0,0.0,0.0,0.0,0.0,-0.01,-1,-1,-0.01,-1,-1,-0.01,-1,-1,-0.01,-1,-1,-0.01,-1,-1,-0.01,-1,-1,-0.01,-1,-1,-0.01,-1,-1,-0.01,-1,-1,-0.01,-1,-1
99926009,2026-05-18 09:16:20+05:30,52983.0,0,0.0,0,0.0,0.0,53282.15,53308.4,52946.35,53710.35,0,0.0,0.0,0.0,0.0,-0.01,-1,-1,-0.01,-1,-1,-0.01,-1,-1,-0.01,-1,-1,-0.01,-1,-1,-0.01,-1,-1,-0.01,-1,-1,-0.01,-1,-1,-0.01,-1,-1,-0.01,-1,-1
99926009,2026-05-18 09:16:21+05:30,52978.65,0,0.0,0,0.0,0.0,53282.15,53308.4,52946.35,53710.35,0,0.0,0.0,0.0,0.0,-0.01,-1,-1,-0.01,-1,-1,-0.01,-1,-1,-0.01,-1,-1,-0.01,-1,-1,-0.01,-1,-1,-0.01,-1,-1,-0.01,-1,-1,-0.01,-1,-1,-0.01,-1,-1
99926009,2026-05-18 09:16:21+05:30,52979.05,0,0.0,0,0.0,0.0,53282.15,53308.4,52946.35,53710.35,0,0.0,0.0,0.0,0.0,-0.01,-1,-1,-0.01,-1,-1,-0.01,-1,-1,-0.01,-1,-1,-0.01,-1,-1,-0.01,-1,-1,-0.01,-1,-1,-0.01,-1,-1,-0.01,-1,-1,-0.01,-1,-1
99926009,2026-05-18 09:16:22+05:30,52984.1,0,0.0,0,0.0,0.0,53282.15,53308.4,52946.35,53710.35,0,0.0,0.0,0.0,0.0,-0.01,-1,-1,-0.01,-1,-1,-0.01,-1,-1,-0.01,-1,-1,-0.01,-1,-1,-0.01,-1,-1,-0.01,-1,-1,-0.01,-1,-1,-0.01,-1,-1,-0.01,-1,-1
99926009,2026-05-18 09:16:22+05:30,52984.55,0,0.0,0,0.0,0.0,53282.15,53308.4,52946.35,53710.35,0,0.0,0.0,0.0,0.0,-0.01,-1,-1,-0.01,-1,-1,-0.01,-1,-1,-0.01,-1,-1,-0.01,-1,-1,-0.01,-1,-1,-0.01,-1,-1,-0.01,-1,-1,-0.01,-1,-1,-0.01,-1,-1
99926009,2026-05-18 09:16:23+05:30,52986.4,0,0.0,0,0.0,0.0,53282.15,53308.4,52946.35,53710.35,0,0.0,0.0,0.0,0.0,-0.01,-1,-1,-0.01,-1,-1,-0.01,-1,-1,-0.01,-1,-1,-0.01,-1,-1,-0.01,-1,-1,-0.01,-1,-1,-0.01,-1,-1,-0.01,-1,-1,-0.01,-1,-1
99926009,2026-05-18 09:16:23+05:30,52987.65,0,0.0,0,0.0,0.0,53282.15,53308.4,52946.35,53710.35,0,0.0,0.0,0.0,0.0,-0.01,-1,-1,-0.01,-1,-1,-0.01,-1,-1,-0.01,-1,-1,-0.01,-1,-1,-0.01,-1,-1,-0.01,-1,-1,-0.01,-1,-1,-0.01,-1,-1,-0.01,-1,-1
99926009,2026-05-18 09:16:24+05:30,52984.1,0,0.0,0,0.0,0.0,53282.15,53308.4,52946.35,53710.35,0,0.0,0.0,0.0,0.0,-0.01,-1,-1,-0.01,-1,-1,-0.01,-1,-1,-0.01,-1,-1,-0.01,-1,-1,-0.01,-1,-1,-0.01,-1,-1,-0.01,-1,-1,-0.01,-1,-1,-0.01,-1,-1
99926009,2026-05-18 09:16:24+05:30,52989.2,0,0.0,0,0.0,0.0,53282.15,53308.4,52946.35,53710.35,0,0.0,0.0,0.0,0.0,-0.01,-1,-1,-0.01,-1,-1,-0.01,-1,-1,-0.01,-1,-1,-0.01,-1,-1,-0.01,-1,-1,-0.01,-1,-1,-0.01,-1,-1,-0.01,-1,-1,-0.01,-1,-1
99926009,2026-05-18 09:16:25+05:30,52987.8,0,0.0,0,0.0,0.0,53282.15,53308.4,52946.35,53710.35,0,0.0,0.0,0.0,0.0,-0.01,-1,-1,-0.01,-1,-1,-0.01,-1,-1,-0.01,-1,-1,-0.01,-1,-1,-0.01,-1,-1,-0.01,-1,-1,-0.01,-1,-1,-0.01,-1,-1,-0.01,-1,-1
99926009,2026-05-18 09:16:25+05:30,53001.2,0,0.0,0,0.0,0.0,53282.15,53308.4,52946.35,53710.35,0,0.0,0.0,0.0,0.0,-0.01,-1,-1,-0.01,-1,-1,-0.01,-1,-1,-0.01,-1,-1,-0.01,-1,-1,-0.01,-1,-1,-0.01,-1,-1,-0.01,-1,-1,-0.01,-1,-1,-0.01,-1,-1
99926009,2026-05-18 09:16:26+05:30,52998.6,0,0.0,0,0.0,0.0,53282.15,53308.4,52946.35,53710.35,0,0.0,0.0,0.0,0.0,-0.01,-1,-1,-0.01,-1,-1,-0.01,-1,-1,-0.01,-1,-1,-0.01,-1,-1,-0.01,-1,-1,-0.01,-1,-1,-0.01,-1,-1,-0.01,-1,-1,-0.01,-1,-1
99926009,2026-05-18 09:16:26+05:30,53010.0,0,0.0,0,0.0,0.0,53282.15,53308.4,52946.35,53710.35,0,0.0,0.0,0.0,0.0,-0.01,-1,-1,-0.01,-1,-1,-0.01,-1,-1,-0.01,-1,-1,-0.01,-1,-1,-0.01,-1,-1,-0.01,-1,-1,-0.01,-1,-1,-0.01,-1,-1,-0.01,-1,-1
99926009,2026-05-18 09:16:27+05:30,53014.9,0,0.0,0,0.0,0.0,53282.15,53308.4,52946.35,53710.35,0,0.0,0.0,0.0,0.0,-0.01,-1,-1,-0.01,-1,-1,-0.01,-1,-1,-0.01,-1,-1,-0.01,-1,-1,-0.01,-1,-1,-0.01,-1,-1,-0.01,-1,-1,-0.01,-1,-1,-0.01,-1,-1
99926009,2026-05-18 09:16:27+05:30,53016.2,0,0.0,0,0.0,0.0,53282.15,53308.4,52946.35,53710.35,0,0.0,0.0,0.0,0.0,-0.01,-1,-1,-0.01,-1,-1,-0.01,-1,-1,-0.01,-1,-1,-0.01,-1,-1,-0.01,-1,-1,-0.01,-1,-1,-0.01,-1,-1,-0.01,-1,-1,-0.01,-1,-1
99926009,2026-05-18 09:16:28+05:30,53022.8,0,0.0,0,0.0,0.0,53282.15,53308.4,52946.35,53710.35,0,0.0,0.0,0.0,0.0,-0.01,-1,-1,-0.01,-1,-1,-0.01,-1,-1,-0.01,-1,-1,-0.01,-1,-1,-0.01,-1,-1,-0.01,-1,-1,-0.01,-1,-1,-0.01,-1,-1,-0.01,-1,-1
99926009,2026-05-18 09:16:28+05:30,53019.45,0,0.0,0,0.0,0.0,53282.15,53308.4,52946.35,53710.35,0,0.0,0.0,0.0,0.0,-0.01,-1,-1,-0.01,-1,-1,-0.01,-1,-1,-0.01,-1,-1,-0.01,-1,-1,-0.01,-1,-1,-0.01,-1,-1,-0.01,-1,-1,-0.01,-1,-1,-0.01,-1,-1
99926009,2026-05-18 09:16:29+05:30,53018.25,0,0.0,0,0.0,0.0,53282.15,53308.4,52946.35,53710.35,0,0.0,0.0,0.0,0.0,-0.01,-1,-1,-0.01,-1,-1,-0.01,-1,-1,-0.01,-1,-1,-0.01,-1,-1,-0.01,-1,-1,-0.01,-1,-1,-0.01,-1,-1,-0.01,-1,-1,-0.01,-1,-1
99926009,2026-05-18 09:16:29+05:30,53021.7,0,0.0,0,0.0,0.0,53282.15,53308.4,52946.35,53710.35,0,0.0,0.0,0.0,0.0,-0.01,-1,-1,-0.01,-1,-1,-0.01,-1,-1,-0.01,-1,-1,-0.01,-1,-1,-0.01,-1,-1,-0.01,-1,-1,-0.01,-1,-1,-0.01,-1,-1,-0.01,-1,-1
99926009,2026-05-18 09:16:30+05:30,53011.3,0,0.0,0,0.0,0.0,53282.15,53308.4,52946.35,53710.35,0,0.0,0.0,0.0,0.0,-0.01,-1,-1,-0.01,-1,-1,-0.01,-1,-1,-0.01,-1,-1,-0.01,-1,-1,-0.01,-1,-1,-0.01,-1,-1,-0.01,-1,-1,-0.01,-1,-1,-0.01,-1,-1
99926009,2026-05-18 09:16:30+05:30,53009.35,0,0.0,0,0.0,0.0,53282.15,53308.4,52946.35,53710.35,0,0.0,0.0,0.0,0.0,-0.01,-1,-1,-0.01,-1,-1,-0.01,-1,-1,-0.01,-1,-1,-0.01,-1,-1,-0.01,-1,-1,-0.01,-1,-1,-0.01,-1,-1,-0.01,-1,-1,-0.01,-1,-1
99926009,2026-05-18 09:16:31+05:30,53008.7,0,0.0,0,0.0,0.0,53282.15,53308.4,52946.35,53710.35,0,0.0,0.0,0.0,0.0,-0.01,-1,-1,-0.01,-1,-1,-0.01,-1,-1,-0.01,-1,-1,-0.01,-1,-1,-0.01,-1,-1,-0.01,-1,-1,-0.01,-1,-1,-0.01,-1,-1,-0.01,-1,-1
99926009,2026-05-18 09:16:31+05:30,53002.65,0,0.0,0,0.0,0.0,53282.15,53308.4,52946.35,53710.35,0,0.0,0.0,0.0,0.0,-0.01,-1,-1,-0.01,-1,-1,-0.01,-1,-1,-0.01,-1,-1,-0.01,-1,-1,-0.01,-1,-1,-0.01,-1,-1,-0.01,-1,-1,-0.01,-1,-1,-0.01,-1,-1
99926009,2026-05-18 09:16:32+05:30,52997.4,0,0.0,0,0.0,0.0,53282.15,53308.4,52946.35,53710.35,0,0.0,0.0,0.0,0.0,-0.01,-1,-1,-0.01,-1,-1,-0.01,-1,-1,-0.01,-1,-1,-0.01,-1,-1,-0.01,-1,-1,-0.01,-1,-1,-0.01,-1,-1,-0.01,-1,-1,-0.01,-1,-1
99926009,2026-05-18 09:16:32+05:30,52996.4,0,0.0,0,0.0,0.0,53282.15,53308.4,52946.35,53710.35,0,0.0,0.0,0.0,0.0,-0.01,-1,-1,-0.01,-1,-1,-0.01,-1,-1,-0.01,-1,-1,-0.01,-1,-1,-0.01,-1,-1,-0.01,-1,-1,-0.01,-1,-1,-0.01,-1,-1,-0.01,-1,-1
99926009,2026-05-18 09:16:33+05:30,52995.35,0,0.0,0,0.0,0.0,53282.15,53308.4,52946.35,53710.35,0,0.0,0.0,0.0,0.0,-0.01,-1,-1,-0.01,-1,-1,-0.01,-1,-1,-0.01,-1,-1,-0.01,-1,-1,-0.01,-1,-1,-0.01,-1,-1,-0.01,-1,-1,-0.01,-1,-1,-0.01,-1,-1
99926009,2026-05-18 09:16:33+05:30,52988.0,0,0.0,0,0.0,0.0,53282.15,53308.4,52946.35,53710.35,0,0.0,0.0,0.0,0.0,-0.01,-1,-1,-0.01,-1,-1,-0.01,-1,-1,-0.01,-1,-1,-0.01,-1,-1,-0.01,-1,-1,-0.01,-1,-1,-0.01,-1,-1,-0.01,-1,-1,-0.01,-1,-1
99926009,2026-05-18 09:16:34+05:30,52983.9,0,0.0,0,0.0,0.0,53282.15,53308.4,52946.35,53710.35,0,0.0,0.0,0.0,0.0,-0.01,-1,-1,-0.01,-1,-1,-0.01,-1,-1,-0.01,-1,-1,-0.01,-1,-1,-0.01,-1,-1,-0.01,-1,-1,-0.01,-1,-1,-0.01,-1,-1,-0.01,-1,-1
99926009,2026-05-18 09:16:34+05:30,52984.4,0,0.0,0,0.0,0.0,53282.15,53308.4,52946.35,53710.35,0,0.0,0.0,0.0,0.0,-0.01,-1,-1,-0.01,-1,-1,-0.01,-1,-1,-0.01,-1,-1,-0.01,-1,-1,-0.01,-1,-1,-0.01,-1,-1,-0.01,-1,-1,-0.01,-1,-1,-0.01,-1,-1
99926009,2026-05-18 09:16:35+05:30,52975.45,0,0.0,0,0.0,0.0,53282.15,53308.4,52946.35,53710.35,0,0.0,0.0,0.0,0.0,-0.01,-1,-1,-0.01,-1,-1,-0.01,-1,-1,-0.01,-1,-1,-0.01,-1,-1,-0.01,-1,-1,-0.01,-1,-1,-0.01,-1,-1,-0.01,-1,-1,-0.01,-1,-1
99926009,2026-05-18 09:16:35+05:30,52974.2,0,0.0,0,0.0,0.0,53282.15,53308.4,52946.35,53710.35,0,0.0,0.0,0.0,0.0,-0.01,-1,-1,-0.01,-1,-1,-0.01,-1,-1,-0.01,-1,-1,-0.01,-1,-1,-0.01,-1,-1,-0.01,-1,-1,-0.01,-1,-1,-0.01,-1,-1,-0.01,-1,-1
99926009,2026-05-18 09:16:36+05:30,52968.95,0,0.0,0,0.0,0.0,53282.15,53308.4,52946.35,53710.35,0,0.0,0.0,0.0,0.0,-0.01,-1,-1,-0.01,-1,-1,-0.01,-1,-1,-0.01,-1,-1,-0.01,-1,-1,-0.01,-1,-1,-0.01,-1,-1,-0.01,-1,-1,-0.01,-1,-1,-0.01,-1,-1
99926009,2026-05-18 09:16:36+05:30,52972.75,0,0.0,0,0.0,0.0,53282.15,53308.4,52946.35,53710.35,0,0.0,0.0,0.0,0.0,-0.01,-1,-1,-0.01,-1,-1,-0.01,-1,-1,-0.01,-1,-1,-0.01,-1,-1,-0.01,-1,-1,-0.01,-1,-1,-0.01,-1,-1,-0.01,-1,-1,-0.01,-1,-1
99926009,2026-05-18 09:16:37+05:30,52967.05,0,0.0,0,0.0,0.0,53282.15,53308.4,52946.35,53710.35,0,0.0,0.0,0.0,0.0,-0.01,-1,-1,-0.01,-1,-1,-0.01,-1,-1,-0.01,-1,-1,-0.01,-1,-1,-0.01,-1,-1,-0.01,-1,-1,-0.01,-1,-1,-0.01,-1,-1,-0.01,-1,-1
99926009,2026-05-18 09:16:37+05:30,52968.5,0,0.0,0,0.0,0.0,53282.15,53308.4,52946.35,53710.35,0,0.0,0.0,0.0,0.0,-0.01,-1,-1,-0.01,-1,-1,-0.01,-1,-1,-0.01,-1,-1,-0.01,-1,-1,-0.01,-1,-1,-0.01,-1,-1,-0.01,-1,-1,-0.01,-1,-1,-0.01,-1,-1
99926009,2026-05-18 09:16:38+05:30,52966.45,0,0.0,0,0.0,0.0,53282.15,53308.4,52946.35,53710.35,0,0.0,0.0,0.0,0.0,-0.01,-1,-1,-0.01,-1,-1,-0.01,-1,-1,-0.01,-1,-1,-0.01,-1,-1,-0.01,-1,-1,-0.01,-1,-1,-0.01,-1,-1,-0.01,-1,-1,-0.01,-1,-1
99926009,2026-05-18 09:16:38+05:30,52968.25,0,0.0,0,0.0,0.0,53282.15,53308.4,52946.35,53710.35,0,0.0,0.0,0.0,0.0,-0.01,-1,-1,-0.01,-1,-1,-0.01,-1,-1,-0.01,-1,-1,-0.01,-1,-1,-0.01,-1,-1,-0.01,-1,-1,-0.01,-1,-1,-0.01,-1,-1,-0.01,-1,-1
99926009,2026-05-18 09:16:39+05:30,52971.7,0,0.0,0,0.0,0.0,53282.15,53308.4,52946.35,53710.35,0,0.0,0.0,0.0,0.0,-0.01,-1,-1,-0.01,-1,-1,-0.01,-1,-1,-0.01,-1,-1,-0.01,-1,-1,-0.01,-1,-1,-0.01,-1,-1,-0.01,-1,-1,-0.01,-1,-1,-0.01,-1,-1
99926009,2026-05-18 09:16:39+05:30,52962.55,0,0.0,0,0.0,0.0,53282.15,53308.4,52946.35,53710.35,0,0.0,0.0,0.0,0.0,-0.01,-1,-1,-0.01,-1,-1,-0.01,-1,-1,-0.01,-1,-1,-0.01,-1,-1,-0.01,-1,-1,-0.01,-1,-1,-0.01,-1,-1,-0.01,-1,-1,-0.01,-1,-1
99926009,2026-05-18 09:16:40+05:30,52969.25,0,0.0,0,0.0,0.0,53282.15,53308.4,52946.35,53710.35,0,0.0,0.0,0.0,0.0,-0.01,-1,-1,-0.01,-1,-1,-0.01,-1,-1,-0.01,-1,-1,-0.01,-1,-1,-0.01,-1,-1,-0.01,-1,-1,-0.01,-1,-1,-0.01,-1,-1,-0.01,-1,-1
99926009,2026-05-18 09:16:40+05:30,52976.85,0,0.0,0,0.0,0.0,53282.15,53308.4,52946.35,53710.35,0,0.0,0.0,0.0,0.0,-0.01,-1,-1,-0.01,-1,-1,-0.01,-1,-1,-0.01,-1,-1,-0.01,-1,-1,-0.01,-1,-1,-0.01,-1,-1,-0.01,-1,-1,-0.01,-1,-1,-0.01,-1,-1
99926009,2026-05-18 09:16:41+05:30,52972.85,0,0.0,0,0.0,0.0,53282.15,53308.4,52946.35,53710.35,0,0.0,0.0,0.0,0.0,-0.01,-1,-1,-0.01,-1,-1,-0.01,-1,-1,-0.01,-1,-1,-0.01,-1,-1,-0.01,-1,-1,-0.01,-1,-1,-0.01,-1,-1,-0.01,-1,-1,-0.01,-1,-1
99926009,2026-05-18 09:16:41+05:30,52968.95,0,0.0,0,0.0,0.0,53282.15,53308.4,52946.35,53710.35,0,0.0,0.0,0.0,0.0,-0.01,-1,-1,-0.01,-1,-1,-0.01,-1,-1,-0.01,-1,-1,-0.01,-1,-1,-0.01,-1,-1,-0.01,-1,-1,-0.01,-1,-1,-0.01,-1,-1,-0.01,-1,-1
99926009,2026-05-18 09:16:42+05:30,52971.55,0,0.0,0,0.0,0.0,53282.15,53308.4,52946.35,53710.35,0,0.0,0.0,0.0,0.0,-0.01,-1,-1,-0.01,-1,-1,-0.01,-1,-1,-0.01,-1,-1,-0.01,-1,-1,-0.01,-1,-1,-0.01,-1,-1,-0.01,-1,-1,-0.01,-1,-1,-0.01,-1,-1
99926009,2026-05-18 09:16:42+05:30,52970.9,0,0.0,0,0.0,0.0,53282.15,53308.4,52946.35,53710.35,0,0.0,0.0,0.0,0.0,-0.01,-1,-1,-0.01,-1,-1,-0.01,-1,-1,-0.01,-1,-1,-0.01,-1,-1,-0.01,-1,-1,-0.01,-1,-1,-0.01,-1,-1,-0.01,-1,-1,-0.01,-1,-1
99926009,2026-05-18 09:16:43+05:30,52976.1,0,0.0,0,0.0,0.0,53282.15,53308.4,52946.35,53710.35,0,0.0,0.0,0.0,0.0,-0.01,-1,-1,-0.01,-1,-1,-0.01,-1,-1,-0.01,-1,-1,-0.01,-1,-1,-0.01,-1,-1,-0.01,-1,-1,-0.01,-1,-1,-0.01,-1,-1,-0.01,-1,-1
99926009,2026-05-18 09:16:43+05:30,52985.9,0,0.0,0,0.0,0.0,53282.15,53308.4,52946.35,53710.35,0,0.0,0.0,0.0,0.0,-0.01,-1,-1,-0.01,-1,-1,-0.01,-1,-1,-0.01,-1,-1,-0.01,-1,-1,-0.01,-1,-1,-0.01,-1,-1,-0.01,-1,-1,-0.01,-1,-1,-0.01,-1,-1
99926009,2026-05-18 09:16:44+05:30,52981.35,0,0.0,0,0.0,0.0,53282.15,53308.4,52946.35,53710.35,0,0.0,0.0,0.0,0.0,-0.01,-1,-1,-0.01,-1,-1,-0.01,-1,-1,-0.01,-1,-1,-0.01,-1,-1,-0.01,-1,-1,-0.01,-1,-1,-0.01,-1,-1,-0.01,-1,-1,-0.01,-1,-1
99926009,2026-05-18 09:16:44+05:30,52982.1,0,0.0,0,0.0,0.0,53282.15,53308.4,52946.35,53710.35,0,0.0,0.0,0.0,0.0,-0.01,-1,-1,-0.01,-1,-1,-0.01,-1,-1,-0.01,-1,-1,-0.01,-1,-1,-0.01,-1,-1,-0.01,-1,-1,-0.01,-1,-1,-0.01,-1,-1,-0.01,-1,-1
99926009,2026-05-18 09:16:45+05:30,52986.95,0,0.0,0,0.0,0.0,53282.15,53308.4,52946.35,53710.35,0,0.0,0.0,0.0,0.0,-0.01,-1,-1,-0.01,-1,-1,-0.01,-1,-1,-0.01,-1,-1,-0.01,-1,-1,-0.01,-1,-1,-0.01,-1,-1,-0.01,-1,-1,-0.01,-1,-1,-0.01,-1,-1
99926009,2026-05-18 09:16:45+05:30,52985.75,0,0.0,0,0.0,0.0,53282.15,53308.4,52946.35,53710.35,0,0.0,0.0,0.0,0.0,-0.01,-1,-1,-0.01,-1,-1,-0.01,-1,-1,-0.01,-1,-1,-0.01,-1,-1,-0.01,-1,-1,-0.01,-1,-1,-0.01,-1,-1,-0.01,-1,-1,-0.01,-1,-1
99926009,2026-05-18 09:16:46+05:30,52989.45,0,0.0,0,0.0,0.0,53282.15,53308.4,52946.35,53710.35,0,0.0,0.0,0.0,0.0,-0.01,-1,-1,-0.01,-1,-1,-0.01,-1,-1,-0.01,-1,-1,-0.01,-1,-1,-0.01,-1,-1,-0.01,-1,-1,-0.01,-1,-1,-0.01,-1,-1,-0.01,-1,-1
99926009,2026-05-18 09:16:46+05:30,52988.85,0,0.0,0,0.0,0.0,53282.15,53308.4,52946.35,53710.35,0,0.0,0.0,0.0,0.0,-0.01,-1,-1,-0.01,-1,-1,-0.01,-1,-1,-0.01,-1,-1,-0.01,-1,-1,-0.01,-1,-1,-0.01,-1,-1,-0.01,-1,-1,-0.01,-1,-1,-0.01,-1,-1
99926009,2026-05-18 09:16:47+05:30,52982.1,0,0.0,0,0.0,0.0,53282.15,53308.4,52946.35,53710.35,0,0.0,0.0,0.0,0.0,-0.01,-1,-1,-0.01,-1,-1,-0.01,-1,-1,-0.01,-1,-1,-0.01,-1,-1,-0.01,-1,-1,-0.01,-1,-1,-0.01,-1,-1,-0.01,-1,-1,-0.01,-1,-1
99926009,2026-05-18 09:16:47+05:30,52988.55,0,0.0,0,0.0,0.0,53282.15,53308.4,52946.35,53710.35,0,0.0,0.0,0.0,0.0,-0.01,-1,-1,-0.01,-1,-1,-0.01,-1,-1,-0.01,-1,-1,-0.01,-1,-1,-0.01,-1,-1,-0.01,-1,-1,-0.01,-1,-1,-0.01,-1,-1,-0.01,-1,-1
99926009,2026-05-18 09:16:48+05:30,52994.35,0,0.0,0,0.0,0.0,53282.15,53308.4,52946.35,53710.35,0,0.0,0.0,0.0,0.0,-0.01,-1,-1,-0.01,-1,-1,-0.01,-1,-1,-0.01,-1,-1,-0.01,-1,-1,-0.01,-1,-1,-0.01,-1,-1,-0.01,-1,-1,-0.01,-1,-1,-0.01,-1,-1
99926009,2026-05-18 09:16:48+05:30,52999.65,0,0.0,0,0.0,0.0,53282.15,53308.4,52946.35,53710.35,0,0.0,0.0,0.0,0.0,-0.01,-1,-1,-0.01,-1,-1,-0.01,-1,-1,-0.01,-1,-1,-0.01,-1,-1,-0.01,-1,-1,-0.01,-1,-1,-0.01,-1,-1,-0.01,-1,-1,-0.01,-1,-1
99926009,2026-05-18 09:16:49+05:30,52999.4,0,0.0,0,0.0,0.0,53282.15,53308.4,52946.35,53710.35,0,0.0,0.0,0.0,0.0,-0.01,-1,-1,-0.01,-1,-1,-0.01,-1,-1,-0.01,-1,-1,-0.01,-1,-1,-0.01,-1,-1,-0.01,-1,-1,-0.01,-1,-1,-0.01,-1,-1,-0.01,-1,-1
99926009,2026-05-18 09:16:49+05:30,53003.35,0,0.0,0,0.0,0.0,53282.15,53308.4,52946.35,53710.35,0,0.0,0.0,0.0,0.0,-0.01,-1,-1,-0.01,-1,-1,-0.01,-1,-1,-0.01,-1,-1,-0.01,-1,-1,-0.01,-1,-1,-0.01,-1,-1,-0.01,-1,-1,-0.01,-1,-1,-0.01,-1,-1
99926009,2026-05-18 09:16:50+05:30,53007.4,0,0.0,0,0.0,0.0,53282.15,53308.4,52946.35,53710.35,0,0.0,0.0,0.0,0.0,-0.01,-1,-1,-0.01,-1,-1,-0.01,-1,-1,-0.01,-1,-1,-0.01,-1,-1,-0.01,-1,-1,-0.01,-1,-1,-0.01,-1,-1,-0.01,-1,-1,-0.01,-1,-1
99926009,2026-05-18 09:16:50+05:30,52998.2,0,0.0,0,0.0,0.0,53282.15,53308.4,52946.35,53710.35,0,0.0,0.0,0.0,0.0,-0.01,-1,-1,-0.01,-1,-1,-0.01,-1,-1,-0.01,-1,-1,-0.01,-1,-1,-0.01,-1,-1,-0.01,-1,-1,-0.01,-1,-1,-0.01,-1,-1,-0.01,-1,-1
99926009,2026-05-18 09:16:51+05:30,52999.35,0,0.0,0,0.0,0.0,53282.15,53308.4,52946.35,53710.35,0,0.0,0.0,0.0,0.0,-0.01,-1,-1,-0.01,-1,-1,-0.01,-1,-1,-0.01,-1,-1,-0.01,-1,-1,-0.01,-1,-1,-0.01,-1,-1,-0.01,-1,-1,-0.01,-1,-1,-0.01,-1,-1
99926009,2026-05-18 09:16:51+05:30,53007.35,0,0.0,0,0.0,0.0,53282.15,53308.4,52946.35,53710.35,0,0.0,0.0,0.0,0.0,-0.01,-1,-1,-0.01,-1,-1,-0.01,-1,-1,-0.01,-1,-1,-0.01,-1,-1,-0.01,-1,-1,-0.01,-1,-1,-0.01,-1,-1,-0.01,-1,-1,-0.01,-1,-1
99926009,2026-05-18 09:16:52+05:30,53012.2,0,0.0,0,0.0,0.0,53282.15,53308.4,52946.35,53710.35,0,0.0,0.0,0.0,0.0,-0.01,-1,-1,-0.01,-1,-1,-0.01,-1,-1,-0.01,-1,-1,-0.01,-1,-1,-0.01,-1,-1,-0.01,-1,-1,-0.01,-1,-1,-0.01,-1,-1,-0.01,-1,-1
99926009,2026-05-18 09:16:52+05:30,53008.75,0,0.0,0,0.0,0.0,53282.15,53308.4,52946.35,53710.35,0,0.0,0.0,0.0,0.0,-0.01,-1,-1,-0.01,-1,-1,-0.01,-1,-1,-0.01,-1,-1,-0.01,-1,-1,-0.01,-1,-1,-0.01,-1,-1,-0.01,-1,-1,-0.01,-1,-1,-0.01,-1,-1
99926009,2026-05-18 09:16:53+05:30,53009.75,0,0.0,0,0.0,0.0,53282.15,53308.4,52946.35,53710.35,0,0.0,0.0,0.0,0.0,-0.01,-1,-1,-0.01,-1,-1,-0.01,-1,-1,-0.01,-1,-1,-0.01,-1,-1,-0.01,-1,-1,-0.01,-1,-1,-0.01,-1,-1,-0.01,-1,-1,-0.01,-1,-1
99926009,2026-05-18 09:16:53+05:30,53021.65,0,0.0,0,0.0,0.0,53282.15,53308.4,52946.35,53710.35,0,0.0,0.0,0.0,0.0,-0.01,-1,-1,-0.01,-1,-1,-0.01,-1,-1,-0.01,-1,-1,-0.01,-1,-1,-0.01,-1,-1,-0.01,-1,-1,-0.01,-1,-1,-0.01,-1,-1,-0.01,-1,-1
99926009,2026-05-18 09:16:54+05:30,53019.05,0,0.0,0,0.0,0.0,53282.15,53308.4,52946.35,53710.35,0,0.0,0.0,0.0,0.0,-0.01,-1,-1,-0.01,-1,-1,-0.01,-1,-1,-0.01,-1,-1,-0.01,-1,-1,-0.01,-1,-1,-0.01,-1,-1,-0.01,-1,-1,-0.01,-1,-1,-0.01,-1,-1
99926009,2026-05-18 09:16:54+05:30,53023.45,0,0.0,0,0.0,0.0,53282.15,53308.4,52946.35,53710.35,0,0.0,0.0,0.0,0.0,-0.01,-1,-1,-0.01,-1,-1,-0.01,-1,-1,-0.01,-1,-1,-0.01,-1,-1,-0.01,-1,-1,-0.01,-1,-1,-0.01,-1,-1,-0.01,-1,-1,-0.01,-1,-1
99926009,2026-05-18 09:16:55+05:30,53027.8,0,0.0,0,0.0,0.0,53282.15,53308.4,52946.35,53710.35,0,0.0,0.0,0.0,0.0,-0.01,-1,-1,-0.01,-1,-1,-0.01,-1,-1,-0.01,-1,-1,-0.01,-1,-1,-0.01,-1,-1,-0.01,-1,-1,-0.01,-1,-1,-0.01,-1,-1,-0.01,-1,-1
99926009,2026-05-18 09:16:55+05:30,53027.35,0,0.0,0,0.0,0.0,53282.15,53308.4,52946.35,53710.35,0,0.0,0.0,0.0,0.0,-0.01,-1,-1,-0.01,-1,-1,-0.01,-1,-1,-0.01,-1,-1,-0.01,-1,-1,-0.01,-1,-1,-0.01,-1,-1,-0.01,-1,-1,-0.01,-1,-1,-0.01,-1,-1
99926009,2026-05-18 09:16:56+05:30,53024.65,0,0.0,0,0.0,0.0,53282.15,53308.4,52946.35,53710.35,0,0.0,0.0,0.0,0.0,-0.01,-1,-1,-0.01,-1,-1,-0.01,-1,-1,-0.01,-1,-1,-0.01,-1,-1,-0.01,-1,-1,-0.01,-1,-1,-0.01,-1,-1,-0.01,-1,-1,-0.01,-1,-1
99926009,2026-05-18 09:16:56+05:30,53024.75,0,0.0,0,0.0,0.0,53282.15,53308.4,52946.35,53710.35,0,0.0,0.0,0.0,0.0,-0.01,-1,-1,-0.01,-1,-1,-0.01,-1,-1,-0.01,-1,-1,-0.01,-1,-1,-0.01,-1,-1,-0.01,-1,-1,-0.01,-1,-1,-0.01,-1,-1,-0.01,-1,-1
99926009,2026-05-18 09:16:57+05:30,53028.3,0,0.0,0,0.0,0.0,53282.15,53308.4,52946.35,53710.35,0,0.0,0.0,0.0,0.0,-0.01,-1,-1,-0.01,-1,-1,-0.01,-1,-1,-0.01,-1,-1,-0.01,-1,-1,-0.01,-1,-1,-0.01,-1,-1,-0.01,-1,-1,-0.01,-1,-1,-0.01,-1,-1
99926009,2026-05-18 09:16:57+05:30,53031.3,0,0.0,0,0.0,0.0,53282.15,53308.4,52946.35,53710.35,0,0.0,0.0,0.0,0.0,-0.01,-1,-1,-0.01,-1,-1,-0.01,-1,-1,-0.01,-1,-1,-0.01,-1,-1,-0.01,-1,-1,-0.01,-1,-1,-0.01,-1,-1,-0.01,-1,-1,-0.01,-1,-1
99926009,2026-05-18 09:16:58+05:30,53034.05,0,0.0,0,0.0,0.0,53282.15,53308.4,52946.35,53710.35,0,0.0,0.0,0.0,0.0,-0.01,-1,-1,-0.01,-1,-1,-0.01,-1,-1,-0.01,-1,-1,-0.01,-1,-1,-0.01,-1,-1,-0.01,-1,-1,-0.01,-1,-1,-0.01,-1,-1,-0.01,-1,-1
99926009,2026-05-18 09:16:58+05:30,53025.0,0,0.0,0,0.0,0.0,53282.15,53308.4,52946.35,53710.35,0,0.0,0.0,0.0,0.0,-0.01,-1,-1,-0.01,-1,-1,-0.01,-1,-1,-0.01,-1,-1,-0.01,-1,-1,-0.01,-1,-1,-0.01,-1,-1,-0.01,-1,-1,-0.01,-1,-1,-0.01,-1,-1
99926009,2026-05-18 09:16:59+05:30,53025.8,0,0.0,0,0.0,0.0,53282.15,53308.4,52946.35,53710.35,0,0.0,0.0,0.0,0.0,-0.01,-1,-1,-0.01,-1,-1,-0.01,-1,-1,-0.01,-1,-1,-0.01,-1,-1,-0.01,-1,-1,-0.01,-1,-1,-0.01,-1,-1,-0.01,-1,-1,-0.01,-1,-1
99926009,2026-05-18 09:16:59+05:30,53027.95,0,0.0,0,0.0,0.0,53282.15,53308.4,52946.35,53710.35,0,0.0,0.0,0.0,0.0,-0.01,-1,-1,-0.01,-1,-1,-0.01,-1,-1,-0.01,-1,-1,-0.01,-1,-1,-0.01,-1,-1,-0.01,-1,-1,-0.01,-1,-1,-0.01,-1,-1,-0.01,-1,-1
99926009,2026-05-18 09:17:00+05:30,53027.0,0,0.0,0,0.0,0.0,53282.15,53308.4,52946.35,53710.35,0,0.0,0.0,0.0,0.0,-0.01,-1,-1,-0.01,-1,-1,-0.01,-1,-1,-0.01,-1,-1,-0.01,-1,-1,-0.01,-1,-1,-0.01,-1,-1,-0.01,-1,-1,-0.01,-1,-1,-0.01,-1,-1
99926009,2026-05-18 09:17:00+05:30,53014.55,0,0.0,0,0.0,0.0,53282.15,53308.4,52946.35,53710.35,0,0.0,0.0,0.0,0.0,-0.01,-1,-1,-0.01,-1,-1,-0.01,-1,-1,-0.01,-1,-1,-0.01,-1,-1,-0.01,-1,-1,-0.01,-1,-1,-0.01,-1,-1,-0.01,-1,-1,-0.01,-1,-1
99926009,2026-05-18 09:17:01+05:30,53007.25,0,0.0,0,0.0,0.0,53282.15,53308.4,52946.35,53710.35,0,0.0,0.0,0.0,0.0,-0.01,-1,-1,-0.01,-1,-1,-0.01,-1,-1,-0.01,-1,-1,-0.01,-1,-1,-0.01,-1,-1,-0.01,-1,-1,-0.01,-1,-1,-0.01,-1,-1,-0.01,-1,-1
99926009,2026-05-18 09:17:01+05:30,53012.3,0,0.0,0,0.0,0.0,53282.15,53308.4,52946.35,53710.35,0,0.0,0.0,0.0,0.0,-0.01,-1,-1,-0.01,-1,-1,-0.01,-1,-1,-0.01,-1,-1,-0.01,-1,-1,-0.01,-1,-1,-0.01,-1,-1,-0.01,-1,-1,-0.01,-1,-1,-0.01,-1,-1
99926009,2026-05-18 09:17:02+05:30,53015.55,0,0.0,0,0.0,0.0,53282.15,53308.4,52946.35,53710.35,0,0.0,0.0,0.0,0.0,-0.01,-1,-1,-0.01,-1,-1,-0.01,-1,-1,-0.01,-1,-1,-0.01,-1,-1,-0.01,-1,-1,-0.01,-1,-1,-0.01,-1,-1,-0.01,-1,-1,-0.01,-1,-1
99926009,2026-05-18 09:17:02+05:30,53018.2,0,0.0,0,0.0,0.0,53282.15,53308.4,52946.35,53710.35,0,0.0,0.0,0.0,0.0,-0.01,-1,-1,-0.01,-1,-1,-0.01,-1,-1,-0.01,-1,-1,-0.01,-1,-1,-0.01,-1,-1,-0.01,-1,-1,-0.01,-1,-1,-0.01,-1,-1,-0.01,-1,-1
99926009,2026-05-18 09:17:03+05:30,53016.0,0,0.0,0,0.0,0.0,53282.15,53308.4,52946.35,53710.35,0,0.0,0.0,0.0,0.0,-0.01,-1,-1,-0.01,-1,-1,-0.01,-1,-1,-0.01,-1,-1,-0.01,-1,-1,-0.01,-1,-1,-0.01,-1,-1,-0.01,-1,-1,-0.01,-1,-1,-0.01,-1,-1
99926009,2026-05-18 09:17:03+05:30,53022.25,0,0.0,0,0.0,0.0,53282.15,53308.4,52946.35,53710.35,0,0.0,0.0,0.0,0.0,-0.01,-1,-1,-0.01,-1,-1,-0.01,-1,-1,-0.01,-1,-1,-0.01,-1,-1,-0.01,-1,-1,-0.01,-1,-1,-0.01,-1,-1,-0.01,-1,-1,-0.01,-1,-1
99926009,2026-05-18 09:17:04+05:30,53017.05,0,0.0,0,0.0,0.0,53282.15,53308.4,52946.35,53710.35,0,0.0,0.0,0.0,0.0,-0.01,-1,-1,-0.01,-1,-1,-0.01,-1,-1,-0.01,-1,-1,-0.01,-1,-1,-0.01,-1,-1,-0.01,-1,-1,-0.01,-1,-1,-0.01,-1,-1,-0.01,-1,-1
99926009,2026-05-18 09:17:04+05:30,53017.5,0,0.0,0,0.0,0.0,53282.15,53308.4,52946.35,53710.35,0,0.0,0.0,0.0,0.0,-0.01,-1,-1,-0.01,-1,-1,-0.01,-1,-1,-0.01,-1,-1,-0.01,-1,-1,-0.01,-1,-1,-0.01,-1,-1,-0.01,-1,-1,-0.01,-1,-1,-0.01,-1,-1
99926009,2026-05-18 09:17:05+05:30,53017.55,0,0.0,0,0.0,0.0,53282.15,53308.4,52946.35,53710.35,0,0.0,0.0,0.0,0.0,-0.01,-1,-1,-0.01,-1,-1,-0.01,-1,-1,-0.01,-1,-1,-0.01,-1,-1,-0.01,-1,-1,-0.01,-1,-1,-0.01,-1,-1,-0.01,-1,-1,-0.01,-1,-1
99926009,2026-05-18 09:17:05+05:30,53014.95,0,0.0,0,0.0,0.0,53282.15,53308.4,52946.35,53710.35,0,0.0,0.0,0.0,0.0,-0.01,-1,-1,-0.01,-1,-1,-0.01,-1,-1,-0.01,-1,-1,-0.01,-1,-1,-0.01,-1,-1,-0.01,-1,-1,-0.01,-1,-1,-0.01,-1,-1,-0.01,-1,-1
99926009,2026-05-18 09:17:06+05:30,53017.75,0,0.0,0,0.0,0.0,53282.15,53308.4,52946.35,53710.35,0,0.0,0.0,0.0,0.0,-0.01,-1,-1,-0.01,-1,-1,-0.01,-1,-1,-0.01,-1,-1,-0.01,-1,-1,-0.01,-1,-1,-0.01,-1,-1,-0.01,-1,-1,-0.01,-1,-1,-0.01,-1,-1
99926009,2026-05-18 09:17:06+05:30,53021.05,0,0.0,0,0.0,0.0,53282.15,53308.4,52946.35,53710.35,0,0.0,0.0,0.0,0.0,-0.01,-1,-1,-0.01,-1,-1,-0.01,-1,-1,-0.01,-1,-1,-0.01,-1,-1,-0.01,-1,-1,-0.01,-1,-1,-0.01,-1,-1,-0.01,-1,-1,-0.01,-1,-1
99926009,2026-05-18 09:17:07+05:30,53007.35,0,0.0,0,0.0,0.0,53282.15,53308.4,52946.35,53710.35,0,0.0,0.0,0.0,0.0,-0.01,-1,-1,-0.01,-1,-1,-0.01,-1,-1,-0.01,-1,-1,-0.01,-1,-1,-0.01,-1,-1,-0.01,-1,-1,-0.01,-1,-1,-0.01,-1,-1,-0.01,-1,-1
99926009,2026-05-18 09:17:07+05:30,53011.75,0,0.0,0,0.0,0.0,53282.15,53308.4,52946.35,53710.35,0,0.0,0.0,0.0,0.0,-0.01,-1,-1,-0.01,-1,-1,-0.01,-1,-1,-0.01,-1,-1,-0.01,-1,-1,-0.01,-1,-1,-0.01,-1,-1,-0.01,-1,-1,-0.01,-1,-1,-0.01,-1,-1
99926009,2026-05-18 09:17:08+05:30,53006.8,0,0.0,0,0.0,0.0,53282.15,53308.4,52946.35,53710.35,0,0.0,0.0,0.0,0.0,-0.01,-1,-1,-0.01,-1,-1,-0.01,-1,-1,-0.01,-1,-1,-0.01,-1,-1,-0.01,-1,-1,-0.01,-1,-1,-0.01,-1,-1,-0.01,-1,-1,-0.01,-1,-1
99926009,2026-05-18 09:17:08+05:30,53000.45,0,0.0,0,0.0,0.0,53282.15,53308.4,52946.35,53710.35,0,0.0,0.0,0.0,0.0,-0.01,-1,-1,-0.01,-1,-1,-0.01,-1,-1,-0.01,-1,-1,-0.01,-1,-1,-0.01,-1,-1,-0.01,-1,-1,-0.01,-1,-1,-0.01,-1,-1,-0.01,-1,-1
99926009,2026-05-18 09:17:09+05:30,53000.95,0,0.0,0,0.0,0.0,53282.15,53308.4,52946.35,53710.35,0,0.0,0.0,0.0,0.0,-0.01,-1,-1,-0.01,-1,-1,-0.01,-1,-1,-0.01,-1,-1,-0.01,-1,-1,-0.01,-1,-1,-0.01,-1,-1,-0.01,-1,-1,-0.01,-1,-1,-0.01,-1,-1
99926009,2026-05-18 09:17:09+05:30,53000.5,0,0.0,0,0.0,0.0,53282.15,53308.4,52946.35,53710.35,0,0.0,0.0,0.0,0.0,-0.01,-1,-1,-0.01,-1,-1,-0.01,-1,-1,-0.01,-1,-1,-0.01,-1,-1,-0.01,-1,-1,-0.01,-1,-1,-0.01,-1,-1,-0.01,-1,-1,-0.01,-1,-1
99926009,2026-05-18 09:17:10+05:30,52998.65,0,0.0,0,0.0,0.0,53282.15,53308.4,52946.35,53710.35,0,0.0,0.0,0.0,0.0,-0.01,-1,-1,-0.01,-1,-1,-0.01,-1,-1,-0.01,-1,-1,-0.01,-1,-1,-0.01,-1,-1,-0.01,-1,-1,-0.01,-1,-1,-0.01,-1,-1,-0.01,-1,-1
99926009,2026-05-18 09:17:10+05:30,52991.45,0,0.0,0,0.0,0.0,53282.15,53308.4,52946.35,53710.35,0,0.0,0.0,0.0,0.0,-0.01,-1,-1,-0.01,-1,-1,-0.01,-1,-1,-0.01,-1,-1,-0.01,-1,-1,-0.01,-1,-1,-0.01,-1,-1,-0.01,-1,-1,-0.01,-1,-1,-0.01,-1,-1
99926009,2026-05-18 09:17:11+05:30,52993.05,0,0.0,0,0.0,0.0,53282.15,53308.4,52946.35,53710.35,0,0.0,0.0,0.0,0.0,-0.01,-1,-1,-0.01,-1,-1,-0.01,-1,-1,-0.01,-1,-1,-0.01,-1,-1,-0.01,-1,-1,-0.01,-1,-1,-0.01,-1,-1,-0.01,-1,-1,-0.01,-1,-1
99926009,2026-05-18 09:17:11+05:30,52978.85,0,0.0,0,0.0,0.0,53282.15,53308.4,52946.35,53710.35,0,0.0,0.0,0.0,0.0,-0.01,-1,-1,-0.01,-1,-1,-0.01,-1,-1,-0.01,-1,-1,-0.01,-1,-1,-0.01,-1,-1,-0.01,-1,-1,-0.01,-1,-1,-0.01,-1,-1,-0.01,-1,-1
99926009,2026-05-18 09:17:12+05:30,52981.75,0,0.0,0,0.0,0.0,53282.15,53308.4,52946.35,53710.35,0,0.0,0.0,0.0,0.0,-0.01,-1,-1,-0.01,-1,-1,-0.01,-1,-1,-0.01,-1,-1,-0.01,-1,-1,-0.01,-1,-1,-0.01,-1,-1,-0.01,-1,-1,-0.01,-1,-1,-0.01,-1,-1
99926009,2026-05-18 09:17:12+05:30,52983.95,0,0.0,0,0.0,0.0,53282.15,53308.4,52946.35,53710.35,0,0.0,0.0,0.0,0.0,-0.01,-1,-1,-0.01,-1,-1,-0.01,-1,-1,-0.01,-1,-1,-0.01,-1,-1,-0.01,-1,-1,-0.01,-1,-1,-0.01,-1,-1,-0.01,-1,-1,-0.01,-1,-1
99926009,2026-05-18 09:17:13+05:30,52980.45,0,0.0,0,0.0,0.0,53282.15,53308.4,52946.35,53710.35,0,0.0,0.0,0.0,0.0,-0.01,-1,-1,-0.01,-1,-1,-0.01,-1,-1,-0.01,-1,-1,-0.01,-1,-1,-0.01,-1,-1,-0.01,-1,-1,-0.01,-1,-1,-0.01,-1,-1,-0.01,-1,-1
99926009,2026-05-18 09:17:13+05:30,52989.5,0,0.0,0,0.0,0.0,53282.15,53308.4,52946.35,53710.35,0,0.0,0.0,0.0,0.0,-0.01,-1,-1,-0.01,-1,-1,-0.01,-1,-1,-0.01,-1,-1,-0.01,-1,-1,-0.01,-1,-1,-0.01,-1,-1,-0.01,-1,-1,-0.01,-1,-1,-0.01,-1,-1
99926009,2026-05-18 09:17:14+05:30,52984.35,0,0.0,0,0.0,0.0,53282.15,53308.4,52946.35,53710.35,0,0.0,0.0,0.0,0.0,-0.01,-1,-1,-0.01,-1,-1,-0.01,-1,-1,-0.01,-1,-1,-0.01,-1,-1,-0.01,-1,-1,-0.01,-1,-1,-0.01,-1,-1,-0.01,-1,-1,-0.01,-1,-1
99926009,2026-05-18 09:17:14+05:30,52991.1,0,0.0,0,0.0,0.0,53282.15,53308.4,52946.35,53710.35,0,0.0,0.0,0.0,0.0,-0.01,-1,-1,-0.01,-1,-1,-0.01,-1,-1,-0.01,-1,-1,-0.01,-1,-1,-0.01,-1,-1,-0.01,-1,-1,-0.01,-1,-1,-0.01,-1,-1,-0.01,-1,-1
99926009,2026-05-18 09:17:15+05:30,52988.65,0,0.0,0,0.0,0.0,53282.15,53308.4,52946.35,53710.35,0,0.0,0.0,0.0,0.0,-0.01,-1,-1,-0.01,-1,-1,-0.01,-1,-1,-0.01,-1,-1,-0.01,-1,-1,-0.01,-1,-1,-0.01,-1,-1,-0.01,-1,-1,-0.01,-1,-1,-0.01,-1,-1
99926009,2026-05-18 09:17:15+05:30,52990.9,0,0.0,0,0.0,0.0,53282.15,53308.4,52946.35,53710.35,0,0.0,0.0,0.0,0.0,-0.01,-1,-1,-0.01,-1,-1,-0.01,-1,-1,-0.01,-1,-1,-0.01,-1,-1,-0.01,-1,-1,-0.01,-1,-1,-0.01,-1,-1,-0.01,-1,-1,-0.01,-1,-1
99926009,2026-05-18 09:17:16+05:30,52999.45,0,0.0,0,0.0,0.0,53282.15,53308.4,52946.35,53710.35,0,0.0,0.0,0.0,0.0,-0.01,-1,-1,-0.01,-1,-1,-0.01,-1,-1,-0.01,-1,-1,-0.01,-1,-1,-0.01,-1,-1,-0.01,-1,-1,-0.01,-1,-1,-0.01,-1,-1,-0.01,-1,-1
99926009,2026-05-18 09:17:16+05:30,52994.1,0,0.0,0,0.0,0.0,53282.15,53308.4,52946.35,53710.35,0,0.0,0.0,0.0,0.0,-0.01,-1,-1,-0.01,-1,-1,-0.01,-1,-1,-0.01,-1,-1,-0.01,-1,-1,-0.01,-1,-1,-0.01,-1,-1,-0.01,-1,-1,-0.01,-1,-1,-0.01,-1,-1
99926009,2026-05-18 09:17:17+05:30,52991.6,0,0.0,0,0.0,0.0,53282.15,53308.4,52946.35,53710.35,0,0.0,0.0,0.0,0.0,-0.01,-1,-1,-0.01,-1,-1,-0.01,-1,-1,-0.01,-1,-1,-0.01,-1,-1,-0.01,-1,-1,-0.01,-1,-1,-0.01,-1,-1,-0.01,-1,-1,-0.01,-1,-1
99926009,2026-05-18 09:17:17+05:30,52990.65,0,0.0,0,0.0,0.0,53282.15,53308.4,52946.35,53710.35,0,0.0,0.0,0.0,0.0,-0.01,-1,-1,-0.01,-1,-1,-0.01,-1,-1,-0.01,-1,-1,-0.01,-1,-1,-0.01,-1,-1,-0.01,-1,-1,-0.01,-1,-1,-0.01,-1,-1,-0.01,-1,-1
99926009,2026-05-18 09:17:18+05:30,52988.5,0,0.0,0,0.0,0.0,53282.15,53308.4,52946.35,53710.35,0,0.0,0.0,0.0,0.0,-0.01,-1,-1,-0.01,-1,-1,-0.01,-1,-1,-0.01,-1,-1,-0.01,-1,-1,-0.01,-1,-1,-0.01,-1,-1,-0.01,-1,-1,-0.01,-1,-1,-0.01,-1,-1
99926009,2026-05-18 09:17:18+05:30,52987.5,0,0.0,0,0.0,0.0,53282.15,53308.4,52946.35,53710.35,0,0.0,0.0,0.0,0.0,-0.01,-1,-1,-0.01,-1,-1,-0.01,-1,-1,-0.01,-1,-1,-0.01,-1,-1,-0.01,-1,-1,-0.01,-1,-1,-0.01,-1,-1,-0.01,-1,-1,-0.01,-1,-1
99926009,2026-05-18 09:17:19+05:30,52996.6,0,0.0,0,0.0,0.0,53282.15,53308.4,52946.35,53710.35,0,0.0,0.0,0.0,0.0,-0.01,-1,-1,-0.01,-1,-1,-0.01,-1,-1,-0.01,-1,-1,-0.01,-1,-1,-0.01,-1,-1,-0.01,-1,-1,-0.01,-1,-1,-0.01,-1,-1,-0.01,-1,-1
99926009,2026-05-18 09:17:19+05:30,52990.2,0,0.0,0,0.0,0.0,53282.15,53308.4,52946.35,53710.35,0,0.0,0.0,0.0,0.0,-0.01,-1,-1,-0.01,-1,-1,-0.01,-1,-1,-0.01,-1,-1,-0.01,-1,-1,-0.01,-1,-1,-0.01,-1,-1,-0.01,-1,-1,-0.01,-1,-1,-0.01,-1,-1
99926009,2026-05-18 09:17:20+05:30,52995.35,0,0.0,0,0.0,0.0,53282.15,53308.4,52946.35,53710.35,0,0.0,0.0,0.0,0.0,-0.01,-1,-1,-0.01,-1,-1,-0.01,-1,-1,-0.01,-1,-1,-0.01,-1,-1,-0.01,-1,-1,-0.01,-1,-1,-0.01,-1,-1,-0.01,-1,-1,-0.01,-1,-1
99926009,2026-05-18 09:17:20+05:30,52997.15,0,0.0,0,0.0,0.0,53282.15,53308.4,52946.35,53710.35,0,0.0,0.0,0.0,0.0,-0.01,-1,-1,-0.01,-1,-1,-0.01,-1,-1,-0.01,-1,-1,-0.01,-1,-1,-0.01,-1,-1,-0.01,-1,-1,-0.01,-1,-1,-0.01,-1,-1,-0.01,-1,-1
99926009,2026-05-18 09:17:21+05:30,52993.25,0,0.0,0,0.0,0.0,53282.15,53308.4,52946.35,53710.35,0,0.0,0.0,0.0,0.0,-0.01,-1,-1,-0.01,-1,-1,-0.01,-1,-1,-0.01,-1,-1,-0.01,-1,-1,-0.01,-1,-1,-0.01,-1,-1,-0.01,-1,-1,-0.01,-1,-1,-0.01,-1,-1
99926009,2026-05-18 09:17:21+05:30,52996.8,0,0.0,0,0.0,0.0,53282.15,53308.4,52946.35,53710.35,0,0.0,0.0,0.0,0.0,-0.01,-1,-1,-0.01,-1,-1,-0.01,-1,-1,-0.01,-1,-1,-0.01,-1,-1,-0.01,-1,-1,-0.01,-1,-1,-0.01,-1,-1,-0.01,-1,-1,-0.01,-1,-1
99926009,2026-05-18 09:17:22+05:30,52999.1,0,0.0,0,0.0,0.0,53282.15,53308.4,52946.35,53710.35,0,0.0,0.0,0.0,0.0,-0.01,-1,-1,-0.01,-1,-1,-0.01,-1,-1,-0.01,-1,-1,-0.01,-1,-1,-0.01,-1,-1,-0.01,-1,-1,-0.01,-1,-1,-0.01,-1,-1,-0.01,-1,-1
99926009,2026-05-18 09:17:22+05:30,52999.9,0,0.0,0,0.0,0.0,53282.15,53308.4,52946.35,53710.35,0,0.0,0.0,0.0,0.0,-0.01,-1,-1,-0.01,-1,-1,-0.01,-1,-1,-0.01,-1,-1,-0.01,-1,-1,-0.01,-1,-1,-0.01,-1,-1,-0.01,-1,-1,-0.01,-1,-1,-0.01,-1,-1
99926009,2026-05-18 09:17:23+05:30,52997.0,0,0.0,0,0.0,0.0,53282.15,53308.4,52946.35,53710.35,0,0.0,0.0,0.0,0.0,-0.01,-1,-1,-0.01,-1,-1,-0.01,-1,-1,-0.01,-1,-1,-0.01,-1,-1,-0.01,-1,-1,-0.01,-1,-1,-0.01,-1,-1,-0.01,-1,-1,-0.01,-1,-1
99926009,2026-05-18 09:17:23+05:30,52985.65,0,0.0,0,0.0,0.0,53282.15,53308.4,52946.35,53710.35,0,0.0,0.0,0.0,0.0,-0.01,-1,-1,-0.01,-1,-1,-0.01,-1,-1,-0.01,-1,-1,-0.01,-1,-1,-0.01,-1,-1,-0.01,-1,-1,-0.01,-1,-1,-0.01,-1,-1,-0.01,-1,-1
99926009,2026-05-18 09:17:24+05:30,52989.85,0,0.0,0,0.0,0.0,53282.15,53308.4,52946.35,53710.35,0,0.0,0.0,0.0,0.0,-0.01,-1,-1,-0.01,-1,-1,-0.01,-1,-1,-0.01,-1,-1,-0.01,-1,-1,-0.01,-1,-1,-0.01,-1,-1,-0.01,-1,-1,-0.01,-1,-1,-0.01,-1,-1
99926009,2026-05-18 09:17:24+05:30,52994.85,0,0.0,0,0.0,0.0,53282.15,53308.4,52946.35,53710.35,0,0.0,0.0,0.0,0.0,-0.01,-1,-1,-0.01,-1,-1,-0.01,-1,-1,-0.01,-1,-1,-0.01,-1,-1,-0.01,-1,-1,-0.01,-1,-1,-0.01,-1,-1,-0.01,-1,-1,-0.01,-1,-1
99926009,2026-05-18 09:17:25+05:30,52994.85,0,0.0,0,0.0,0.0,53282.15,53308.4,52946.35,53710.35,0,0.0,0.0,0.0,0.0,-0.01,-1,-1,-0.01,-1,-1,-0.01,-1,-1,-0.01,-1,-1,-0.01,-1,-1,-0.01,-1,-1,-0.01,-1,-1,-0.01,-1,-1,-0.01,-1,-1,-0.01,-1,-1
99926009,2026-05-18 09:17:25+05:30,52999.85,0,0.0,0,0.0,0.0,53282.15,53308.4,52946.35,53710.35,0,0.0,0.0,0.0,0.0,-0.01,-1,-1,-0.01,-1,-1,-0.01,-1,-1,-0.01,-1,-1,-0.01,-1,-1,-0.01,-1,-1,-0.01,-1,-1,-0.01,-1,-1,-0.01,-1,-1,-0.01,-1,-1
99926009,2026-05-18 09:17:26+05:30,52997.85,0,0.0,0,0.0,0.0,53282.15,53308.4,52946.35,53710.35,0,0.0,0.0,0.0,0.0,-0.01,-1,-1,-0.01,-1,-1,-0.01,-1,-1,-0.01,-1,-1,-0.01,-1,-1,-0.01,-1,-1,-0.01,-1,-1,-0.01,-1,-1,-0.01,-1,-1,-0.01,-1,-1
99926009,2026-05-18 09:17:26+05:30,52994.0,0,0.0,0,0.0,0.0,53282.15,53308.4,52946.35,53710.35,0,0.0,0.0,0.0,0.0,-0.01,-1,-1,-0.01,-1,-1,-0.01,-1,-1,-0.01,-1,-1,-0.01,-1,-1,-0.01,-1,-1,-0.01,-1,-1,-0.01,-1,-1,-0.01,-1,-1,-0.01,-1,-1
99926009,2026-05-18 09:17:27+05:30,52994.35,0,0.0,0,0.0,0.0,53282.15,53308.4,52946.35,53710.35,0,0.0,0.0,0.0,0.0,-0.01,-1,-1,-0.01,-1,-1,-0.01,-1,-1,-0.01,-1,-1,-0.01,-1,-1,-0.01,-1,-1,-0.01,-1,-1,-0.01,-1,-1,-0.01,-1,-1,-0.01,-1,-1
99926009,2026-05-18 09:17:27+05:30,52990.25,0,0.0,0,0.0,0.0,53282.15,53308.4,52946.35,53710.35,0,0.0,0.0,0.0,0.0,-0.01,-1,-1,-0.01,-1,-1,-0.01,-1,-1,-0.01,-1,-1,-0.01,-1,-1,-0.01,-1,-1,-0.01,-1,-1,-0.01,-1,-1,-0.01,-1,-1,-0.01,-1,-1
99926009,2026-05-18 09:17:28+05:30,52998.25,0,0.0,0,0.0,0.0,53282.15,53308.4,52946.35,53710.35,0,0.0,0.0,0.0,0.0,-0.01,-1,-1,-0.01,-1,-1,-0.01,-1,-1,-0.01,-1,-1,-0.01,-1,-1,-0.01,-1,-1,-0.01,-1,-1,-0.01,-1,-1,-0.01,-1,-1,-0.01,-1,-1
99926009,2026-05-18 09:17:28+05:30,52996.45,0,0.0,0,0.0,0.0,53282.15,53308.4,52946.35,53710.35,0,0.0,0.0,0.0,0.0,-0.01,-1,-1,-0.01,-1,-1,-0.01,-1,-1,-0.01,-1,-1,-0.01,-1,-1,-0.01,-1,-1,-0.01,-1,-1,-0.01,-1,-1,-0.01,-1,-1,-0.01,-1,-1
99926009,2026-05-18 09:17:29+05:30,52995.25,0,0.0,0,0.0,0.0,53282.15,53308.4,52946.35,53710.35,0,0.0,0.0,0.0,0.0,-0.01,-1,-1,-0.01,-1,-1,-0.01,-1,-1,-0.01,-1,-1,-0.01,-1,-1,-0.01,-1,-1,-0.01,-1,-1,-0.01,-1,-1,-0.01,-1,-1,-0.01,-1,-1
99926009,2026-05-18 09:17:29+05:30,52994.35,0,0.0,0,0.0,0.0,53282.15,53308.4,52946.35,53710.35,0,0.0,0.0,0.0,0.0,-0.01,-1,-1,-0.01,-1,-1,-0.01,-1,-1,-0.01,-1,-1,-0.01,-1,-1,-0.01,-1,-1,-0.01,-1,-1,-0.01,-1,-1,-0.01,-1,-1,-0.01,-1,-1
99926009,2026-05-18 09:17:30+05:30,52998.05,0,0.0,0,0.0,0.0,53282.15,53308.4,52946.35,53710.35,0,0.0,0.0,0.0,0.0,-0.01,-1,-1,-0.01,-1,-1,-0.01,-1,-1,-0.01,-1,-1,-0.01,-1,-1,-0.01,-1,-1,-0.01,-1,-1,-0.01,-1,-1,-0.01,-1,-1,-0.01,-1,-1
99926009,2026-05-18 09:17:30+05:30,53002.6,0,0.0,0,0.0,0.0,53282.15,53308.4,52946.35,53710.35,0,0.0,0.0,0.0,0.0,-0.01,-1,-1,-0.01,-1,-1,-0.01,-1,-1,-0.01,-1,-1,-0.01,-1,-1,-0.01,-1,-1,-0.01,-1,-1,-0.01,-1,-1,-0.01,-1,-1,-0.01,-1,-1
99926009,2026-05-18 09:17:31+05:30,53005.05,0,0.0,0,0.0,0.0,53282.15,53308.4,52946.35,53710.35,0,0.0,0.0,0.0,0.0,-0.01,-1,-1,-0.01,-1,-1,-0.01,-1,-1,-0.01,-1,-1,-0.01,-1,-1,-0.01,-1,-1,-0.01,-1,-1,-0.01,-1,-1,-0.01,-1,-1,-0.01,-1,-1
99926009,2026-05-18 09:17:31+05:30,53001.25,0,0.0,0,0.0,0.0,53282.15,53308.4,52946.35,53710.35,0,0.0,0.0,0.0,0.0,-0.01,-1,-1,-0.01,-1,-1,-0.01,-1,-1,-0.01,-1,-1,-0.01,-1,-1,-0.01,-1,-1,-0.01,-1,-1,-0.01,-1,-1,-0.01,-1,-1,-0.01,-1,-1
99926009,2026-05-18 09:17:32+05:30,53001.35,0,0.0,0,0.0,0.0,53282.15,53308.4,52946.35,53710.35,0,0.0,0.0,0.0,0.0,-0.01,-1,-1,-0.01,-1,-1,-0.01,-1,-1,-0.01,-1,-1,-0.01,-1,-1,-0.01,-1,-1,-0.01,-1,-1,-0.01,-1,-1,-0.01,-1,-1,-0.01,-1,-1
99926009,2026-05-18 09:17:32+05:30,52995.3,0,0.0,0,0.0,0.0,53282.15,53308.4,52946.35,53710.35,0,0.0,0.0,0.0,0.0,-0.01,-1,-1,-0.01,-1,-1,-0.01,-1,-1,-0.01,-1,-1,-0.01,-1,-1,-0.01,-1,-1,-0.01,-1,-1,-0.01,-1,-1,-0.01,-1,-1,-0.01,-1,-1
99926009,2026-05-18 09:17:33+05:30,52992.35,0,0.0,0,0.0,0.0,53282.15,53308.4,52946.35,53710.35,0,0.0,0.0,0.0,0.0,-0.01,-1,-1,-0.01,-1,-1,-0.01,-1,-1,-0.01,-1,-1,-0.01,-1,-1,-0.01,-1,-1,-0.01,-1,-1,-0.01,-1,-1,-0.01,-1,-1,-0.01,-1,-1
99926009,2026-05-18 09:17:33+05:30,52990.45,0,0.0,0,0.0,0.0,53282.15,53308.4,52946.35,53710.35,0,0.0,0.0,0.0,0.0,-0.01,-1,-1,-0.01,-1,-1,-0.01,-1,-1,-0.01,-1,-1,-0.01,-1,-1,-0.01,-1,-1,-0.01,-1,-1,-0.01,-1,-1,-0.01,-1,-1,-0.01,-1,-1
99926009,2026-05-18 09:17:34+05:30,52987.85,0,0.0,0,0.0,0.0,53282.15,53308.4,52946.35,53710.35,0,0.0,0.0,0.0,0.0,-0.01,-1,-1,-0.01,-1,-1,-0.01,-1,-1,-0.01,-1,-1,-0.01,-1,-1,-0.01,-1,-1,-0.01,-1,-1,-0.01,-1,-1,-0.01,-1,-1,-0.01,-1,-1
99926009,2026-05-18 09:17:34+05:30,52991.6,0,0.0,0,0.0,0.0,53282.15,53308.4,52946.35,53710.35,0,0.0,0.0,0.0,0.0,-0.01,-1,-1,-0.01,-1,-1,-0.01,-1,-1,-0.01,-1,-1,-0.01,-1,-1,-0.01,-1,-1,-0.01,-1,-1,-0.01,-1,-1,-0.01,-1,-1,-0.01,-1,-1
99926009,2026-05-18 09:17:35+05:30,52988.35,0,0.0,0,0.0,0.0,53282.15,53308.4,52946.35,53710.35,0,0.0,0.0,0.0,0.0,-0.01,-1,-1,-0.01,-1,-1,-0.01,-1,-1,-0.01,-1,-1,-0.01,-1,-1,-0.01,-1,-1,-0.01,-1,-1,-0.01,-1,-1,-0.01,-1,-1,-0.01,-1,-1
99926009,2026-05-18 09:17:35+05:30,52981.1,0,0.0,0,0.0,0.0,53282.15,53308.4,52946.35,53710.35,0,0.0,0.0,0.0,0.0,-0.01,-1,-1,-0.01,-1,-1,-0.01,-1,-1,-0.01,-1,-1,-0.01,-1,-1,-0.01,-1,-1,-0.01,-1,-1,-0.01,-1,-1,-0.01,-1,-1,-0.01,-1,-1
99926009,2026-05-18 09:17:36+05:30,52988.95,0,0.0,0,0.0,0.0,53282.15,53308.4,52946.35,53710.35,0,0.0,0.0,0.0,0.0,-0.01,-1,-1,-0.01,-1,-1,-0.01,-1,-1,-0.01,-1,-1,-0.01,-1,-1,-0.01,-1,-1,-0.01,-1,-1,-0.01,-1,-1,-0.01,-1,-1,-0.01,-1,-1
99926009,2026-05-18 09:17:36+05:30,52999.35,0,0.0,0,0.0,0.0,53282.15,53308.4,52946.35,53710.35,0,0.0,0.0,0.0,0.0,-0.01,-1,-1,-0.01,-1,-1,-0.01,-1,-1,-0.01,-1,-1,-0.01,-1,-1,-0.01,-1,-1,-0.01,-1,-1,-0.01,-1,-1,-0.01,-1,-1,-0.01,-1,-1
99926009,2026-05-18 09:17:37+05:30,53000.05,0,0.0,0,0.0,0.0,53282.15,53308.4,52946.35,53710.35,0,0.0,0.0,0.0,0.0,-0.01,-1,-1,-0.01,-1,-1,-0.01,-1,-1,-0.01,-1,-1,-0.01,-1,-1,-0.01,-1,-1,-0.01,-1,-1,-0.01,-1,-1,-0.01,-1,-1,-0.01,-1,-1
99926009,2026-05-18 09:17:37+05:30,52996.7,0,0.0,0,0.0,0.0,53282.15,53308.4,52946.35,53710.35,0,0.0,0.0,0.0,0.0,-0.01,-1,-1,-0.01,-1,-1,-0.01,-1,-1,-0.01,-1,-1,-0.01,-1,-1,-0.01,-1,-1,-0.01,-1,-1,-0.01,-1,-1,-0.01,-1,-1,-0.01,-1,-1
99926009,2026-05-18 09:17:38+05:30,52997.7,0,0.0,0,0.0,0.0,53282.15,53308.4,52946.35,53710.35,0,0.0,0.0,0.0,0.0,-0.01,-1,-1,-0.01,-1,-1,-0.01,-1,-1,-0.01,-1,-1,-0.01,-1,-1,-0.01,-1,-1,-0.01,-1,-1,-0.01,-1,-1,-0.01,-1,-1,-0.01,-1,-1
99926009,2026-05-18 09:17:38+05:30,52995.85,0,0.0,0,0.0,0.0,53282.15,53308.4,52946.35,53710.35,0,0.0,0.0,0.0,0.0,-0.01,-1,-1,-0.01,-1,-1,-0.01,-1,-1,-0.01,-1,-1,-0.01,-1,-1,-0.01,-1,-1,-0.01,-1,-1,-0.01,-1,-1,-0.01,-1,-1,-0.01,-1,-1
99926009,2026-05-18 09:17:39+05:30,52996.25,0,0.0,0,0.0,0.0,53282.15,53308.4,52946.35,53710.35,0,0.0,0.0,0.0,0.0,-0.01,-1,-1,-0.01,-1,-1,-0.01,-1,-1,-0.01,-1,-1,-0.01,-1,-1,-0.01,-1,-1,-0.01,-1,-1,-0.01,-1,-1,-0.01,-1,-1,-0.01,-1,-1
99926009,2026-05-18 09:17:39+05:30,53003.3,0,0.0,0,0.0,0.0,53282.15,53308.4,52946.35,53710.35,0,0.0,0.0,0.0,0.0,-0.01,-1,-1,-0.01,-1,-1,-0.01,-1,-1,-0.01,-1,-1,-0.01,-1,-1,-0.01,-1,-1,-0.01,-1,-1,-0.01,-1,-1,-0.01,-1,-1,-0.01,-1,-1
99926009,2026-05-18 09:17:40+05:30,53008.45,0,0.0,0,0.0,0.0,53282.15,53308.4,52946.35,53710.35,0,0.0,0.0,0.0,0.0,-0.01,-1,-1,-0.01,-1,-1,-0.01,-1,-1,-0.01,-1,-1,-0.01,-1,-1,-0.01,-1,-1,-0.01,-1,-1,-0.01,-1,-1,-0.01,-1,-1,-0.01,-1,-1
99926009,2026-05-18 09:17:40+05:30,53009.0,0,0.0,0,0.0,0.0,53282.15,53308.4,52946.35,53710.35,0,0.0,0.0,0.0,0.0,-0.01,-1,-1,-0.01,-1,-1,-0.01,-1,-1,-0.01,-1,-1,-0.01,-1,-1,-0.01,-1,-1,-0.01,-1,-1,-0.01,-1,-1,-0.01,-1,-1,-0.01,-1,-1
99926009,2026-05-18 09:17:41+05:30,53007.55,0,0.0,0,0.0,0.0,53282.15,53308.4,52946.35,53710.35,0,0.0,0.0,0.0,0.0,-0.01,-1,-1,-0.01,-1,-1,-0.01,-1,-1,-0.01,-1,-1,-0.01,-1,-1,-0.01,-1,-1,-0.01,-1,-1,-0.01,-1,-1,-0.01,-1,-1,-0.01,-1,-1
99926009,2026-05-18 09:17:41+05:30,53013.75,0,0.0,0,0.0,0.0,53282.15,53308.4,52946.35,53710.35,0,0.0,0.0,0.0,0.0,-0.01,-1,-1,-0.01,-1,-1,-0.01,-1,-1,-0.01,-1,-1,-0.01,-1,-1,-0.01,-1,-1,-0.01,-1,-1,-0.01,-1,-1,-0.01,-1,-1,-0.01,-1,-1
99926009,2026-05-18 09:17:42+05:30,53022.7,0,0.0,0,0.0,0.0,53282.15,53308.4,52946.35,53710.35,0,0.0,0.0,0.0,0.0,-0.01,-1,-1,-0.01,-1,-1,-0.01,-1,-1,-0.01,-1,-1,-0.01,-1,-1,-0.01,-1,-1,-0.01,-1,-1,-0.01,-1,-1,-0.01,-1,-1,-0.01,-1,-1
99926009,2026-05-18 09:17:42+05:30,53015.2,0,0.0,0,0.0,0.0,53282.15,53308.4,52946.35,53710.35,0,0.0,0.0,0.0,0.0,-0.01,-1,-1,-0.01,-1,-1,-0.01,-1,-1,-0.01,-1,-1,-0.01,-1,-1,-0.01,-1,-1,-0.01,-1,-1,-0.01,-1,-1,-0.01,-1,-1,-0.01,-1,-1
99926009,2026-05-18 09:17:43+05:30,53018.75,0,0.0,0,0.0,0.0,53282.15,53308.4,52946.35,53710.35,0,0.0,0.0,0.0,0.0,-0.01,-1,-1,-0.01,-1,-1,-0.01,-1,-1,-0.01,-1,-1,-0.01,-1,-1,-0.01,-1,-1,-0.01,-1,-1,-0.01,-1,-1,-0.01,-1,-1,-0.01,-1,-1
99926009,2026-05-18 09:17:43+05:30,53006.3,0,0.0,0,0.0,0.0,53282.15,53308.4,52946.35,53710.35,0,0.0,0.0,0.0,0.0,-0.01,-1,-1,-0.01,-1,-1,-0.01,-1,-1,-0.01,-1,-1,-0.01,-1,-1,-0.01,-1,-1,-0.01,-1,-1,-0.01,-1,-1,-0.01,-1,-1,-0.01,-1,-1
99926009,2026-05-18 09:17:44+05:30,53010.25,0,0.0,0,0.0,0.0,53282.15,53308.4,52946.35,53710.35,0,0.0,0.0,0.0,0.0,-0.01,-1,-1,-0.01,-1,-1,-0.01,-1,-1,-0.01,-1,-1,-0.01,-1,-1,-0.01,-1,-1,-0.01,-1,-1,-0.01,-1,-1,-0.01,-1,-1,-0.01,-1,-1
99926009,2026-05-18 09:17:44+05:30,53015.15,0,0.0,0,0.0,0.0,53282.15,53308.4,52946.35,53710.35,0,0.0,0.0,0.0,0.0,-0.01,-1,-1,-0.01,-1,-1,-0.01,-1,-1,-0.01,-1,-1,-0.01,-1,-1,-0.01,-1,-1,-0.01,-1,-1,-0.01,-1,-1,-0.01,-1,-1,-0.01,-1,-1
99926009,2026-05-18 09:17:45+05:30,53013.75,0,0.0,0,0.0,0.0,53282.15,53308.4,52946.35,53710.35,0,0.0,0.0,0.0,0.0,-0.01,-1,-1,-0.01,-1,-1,-0.01,-1,-1,-0.01,-1,-1,-0.01,-1,-1,-0.01,-1,-1,-0.01,-1,-1,-0.01,-1,-1,-0.01,-1,-1,-0.01,-1,-1
99926009,2026-05-18 09:17:45+05:30,53010.45,0,0.0,0,0.0,0.0,53282.15,53308.4,52946.35,53710.35,0,0.0,0.0,0.0,0.0,-0.01,-1,-1,-0.01,-1,-1,-0.01,-1,-1,-0.01,-1,-1,-0.01,-1,-1,-0.01,-1,-1,-0.01,-1,-1,-0.01,-1,-1,-0.01,-1,-1,-0.01,-1,-1
99926009,2026-05-18 09:17:46+05:30,53015.8,0,0.0,0,0.0,0.0,53282.15,53308.4,52946.35,53710.35,0,0.0,0.0,0.0,0.0,-0.01,-1,-1,-0.01,-1,-1,-0.01,-1,-1,-0.01,-1,-1,-0.01,-1,-1,-0.01,-1,-1,-0.01,-1,-1,-0.01,-1,-1,-0.01,-1,-1,-0.01,-1,-1
99926009,2026-05-18 09:17:46+05:30,53012.75,0,0.0,0,0.0,0.0,53282.15,53308.4,52946.35,53710.35,0,0.0,0.0,0.0,0.0,-0.01,-1,-1,-0.01,-1,-1,-0.01,-1,-1,-0.01,-1,-1,-0.01,-1,-1,-0.01,-1,-1,-0.01,-1,-1,-0.01,-1,-1,-0.01,-1,-1,-0.01,-1,-1
99926009,2026-05-18 09:17:47+05:30,53013.65,0,0.0,0,0.0,0.0,53282.15,53308.4,52946.35,53710.35,0,0.0,0.0,0.0,0.0,-0.01,-1,-1,-0.01,-1,-1,-0.01,-1,-1,-0.01,-1,-1,-0.01,-1,-1,-0.01,-1,-1,-0.01,-1,-1,-0.01,-1,-1,-0.01,-1,-1,-0.01,-1,-1
99926009,2026-05-18 09:17:47+05:30,53013.8,0,0.0,0,0.0,0.0,53282.15,53308.4,52946.35,53710.35,0,0.0,0.0,0.0,0.0,-0.01,-1,-1,-0.01,-1,-1,-0.01,-1,-1,-0.01,-1,-1,-0.01,-1,-1,-0.01,-1,-1,-0.01,-1,-1,-0.01,-1,-1,-0.01,-1,-1,-0.01,-1,-1
99926009,2026-05-18 09:17:48+05:30,53015.85,0,0.0,0,0.0,0.0,53282.15,53308.4,52946.35,53710.35,0,0.0,0.0,0.0,0.0,-0.01,-1,-1,-0.01,-1,-1,-0.01,-1,-1,-0.01,-1,-1,-0.01,-1,-1,-0.01,-1,-1,-0.01,-1,-1,-0.01,-1,-1,-0.01,-1,-1,-0.01,-1,-1
99926009,2026-05-18 09:17:48+05:30,53014.35,0,0.0,0,0.0,0.0,53282.15,53308.4,52946.35,53710.35,0,0.0,0.0,0.0,0.0,-0.01,-1,-1,-0.01,-1,-1,-0.01,-1,-1,-0.01,-1,-1,-0.01,-1,-1,-0.01,-1,-1,-0.01,-1,-1,-0.01,-1,-1,-0.01,-1,-1,-0.01,-1,-1
99926009,2026-05-18 09:17:49+05:30,53011.9,0,0.0,0,0.0,0.0,53282.15,53308.4,52946.35,53710.35,0,0.0,0.0,0.0,0.0,-0.01,-1,-1,-0.01,-1,-1,-0.01,-1,-1,-0.01,-1,-1,-0.01,-1,-1,-0.01,-1,-1,-0.01,-1,-1,-0.01,-1,-1,-0.01,-1,-1,-0.01,-1,-1
99926009,2026-05-18 09:17:49+05:30,53011.45,0,0.0,0,0.0,0.0,53282.15,53308.4,52946.35,53710.35,0,0.0,0.0,0.0,0.0,-0.01,-1,-1,-0.01,-1,-1,-0.01,-1,-1,-0.01,-1,-1,-0.01,-1,-1,-0.01,-1,-1,-0.01,-1,-1,-0.01,-1,-1,-0.01,-1,-1,-0.01,-1,-1
99926009,2026-05-18 09:17:50+05:30,53005.85,0,0.0,0,0.0,0.0,53282.15,53308.4,52946.35,53710.35,0,0.0,0.0,0.0,0.0,-0.01,-1,-1,-0.01,-1,-1,-0.01,-1,-1,-0.01,-1,-1,-0.01,-1,-1,-0.01,-1,-1,-0.01,-1,-1,-0.01,-1,-1,-0.01,-1,-1,-0.01,-1,-1
99926009,2026-05-18 09:17:50+05:30,53006.35,0,0.0,0,0.0,0.0,53282.15,53308.4,52946.35,53710.35,0,0.0,0.0,0.0,0.0,-0.01,-1,-1,-0.01,-1,-1,-0.01,-1,-1,-0.01,-1,-1,-0.01,-1,-1,-0.01,-1,-1,-0.01,-1,-1,-0.01,-1,-1,-0.01,-1,-1,-0.01,-1,-1
99926009,2026-05-18 09:17:51+05:30,53014.35,0,0.0,0,0.0,0.0,53282.15,53308.4,52946.35,53710.35,0,0.0,0.0,0.0,0.0,-0.01,-1,-1,-0.01,-1,-1,-0.01,-1,-1,-0.01,-1,-1,-0.01,-1,-1,-0.01,-1,-1,-0.01,-1,-1,-0.01,-1,-1,-0.01,-1,-1,-0.01,-1,-1
99926009,2026-05-18 09:17:51+05:30,53013.1,0,0.0,0,0.0,0.0,53282.15,53308.4,52946.35,53710.35,0,0.0,0.0,0.0,0.0,-0.01,-1,-1,-0.01,-1,-1,-0.01,-1,-1,-0.01,-1,-1,-0.01,-1,-1,-0.01,-1,-1,-0.01,-1,-1,-0.01,-1,-1,-0.01,-1,-1,-0.01,-1,-1
99926009,2026-05-18 09:17:52+05:30,53008.6,0,0.0,0,0.0,0.0,53282.15,53308.4,52946.35,53710.35,0,0.0,0.0,0.0,0.0,-0.01,-1,-1,-0.01,-1,-1,-0.01,-1,-1,-0.01,-1,-1,-0.01,-1,-1,-0.01,-1,-1,-0.01,-1,-1,-0.01,-1,-1,-0.01,-1,-1,-0.01,-1,-1
99926009,2026-05-18 09:17:52+05:30,53010.05,0,0.0,0,0.0,0.0,53282.15,53308.4,52946.35,53710.35,0,0.0,0.0,0.0,0.0,-0.01,-1,-1,-0.01,-1,-1,-0.01,-1,-1,-0.01,-1,-1,-0.01,-1,-1,-0.01,-1,-1,-0.01,-1,-1,-0.01,-1,-1,-0.01,-1,-1,-0.01,-1,-1
99926009,2026-05-18 09:17:53+05:30,53009.4,0,0.0,0,0.0,0.0,53282.15,53308.4,52946.35,53710.35,0,0.0,0.0,0.0,0.0,-0.01,-1,-1,-0.01,-1,-1,-0.01,-1,-1,-0.01,-1,-1,-0.01,-1,-1,-0.01,-1,-1,-0.01,-1,-1,-0.01,-1,-1,-0.01,-1,-1,-0.01,-1,-1
99926009,2026-05-18 09:17:53+05:30,53010.6,0,0.0,0,0.0,0.0,53282.15,53308.4,52946.35,53710.35,0,0.0,0.0,0.0,0.0,-0.01,-1,-1,-0.01,-1,-1,-0.01,-1,-1,-0.01,-1,-1,-0.01,-1,-1,-0.01,-1,-1,-0.01,-1,-1,-0.01,-1,-1,-0.01,-1,-1,-0.01,-1,-1
99926009,2026-05-18 09:17:54+05:30,53009.25,0,0.0,0,0.0,0.0,53282.15,53308.4,52946.35,53710.35,0,0.0,0.0,0.0,0.0,-0.01,-1,-1,-0.01,-1,-1,-0.01,-1,-1,-0.01,-1,-1,-0.01,-1,-1,-0.01,-1,-1,-0.01,-1,-1,-0.01,-1,-1,-0.01,-1,-1,-0.01,-1,-1
99926009,2026-05-18 09:17:54+05:30,53008.15,0,0.0,0,0.0,0.0,53282.15,53308.4,52946.35,53710.35,0,0.0,0.0,0.0,0.0,-0.01,-1,-1,-0.01,-1,-1,-0.01,-1,-1,-0.01,-1,-1,-0.01,-1,-1,-0.01,-1,-1,-0.01,-1,-1,-0.01,-1,-1,-0.01,-1,-1,-0.01,-1,-1
99926009,2026-05-18 09:17:55+05:30,53006.6,0,0.0,0,0.0,0.0,53282.15,53308.4,52946.35,53710.35,0,0.0,0.0,0.0,0.0,-0.01,-1,-1,-0.01,-1,-1,-0.01,-1,-1,-0.01,-1,-1,-0.01,-1,-1,-0.01,-1,-1,-0.01,-1,-1,-0.01,-1,-1,-0.01,-1,-1,-0.01,-1,-1
99926009,2026-05-18 09:17:55+05:30,53007.85,0,0.0,0,0.0,0.0,53282.15,53308.4,52946.35,53710.35,0,0.0,0.0,0.0,0.0,-0.01,-1,-1,-0.01,-1,-1,-0.01,-1,-1,-0.01,-1,-1,-0.01,-1,-1,-0.01,-1,-1,-0.01,-1,-1,-0.01,-1,-1,-0.01,-1,-1,-0.01,-1,-1
99926009,2026-05-18 09:17:56+05:30,53010.75,0,0.0,0,0.0,0.0,53282.15,53308.4,52946.35,53710.35,0,0.0,0.0,0.0,0.0,-0.01,-1,-1,-0.01,-1,-1,-0.01,-1,-1,-0.01,-1,-1,-0.01,-1,-1,-0.01,-1,-1,-0.01,-1,-1,-0.01,-1,-1,-0.01,-1,-1,-0.01,-1,-1
99926009,2026-05-18 09:17:56+05:30,53016.05,0,0.0,0,0.0,0.0,53282.15,53308.4,52946.35,53710.35,0,0.0,0.0,0.0,0.0,-0.01,-1,-1,-0.01,-1,-1,-0.01,-1,-1,-0.01,-1,-1,-0.01,-1,-1,-0.01,-1,-1,-0.01,-1,-1,-0.01,-1,-1,-0.01,-1,-1,-0.01,-1,-1
99926009,2026-05-18 09:17:57+05:30,53012.8,0,0.0,0,0.0,0.0,53282.15,53308.4,52946.35,53710.35,0,0.0,0.0,0.0,0.0,-0.01,-1,-1,-0.01,-1,-1,-0.01,-1,-1,-0.01,-1,-1,-0.01,-1,-1,-0.01,-1,-1,-0.01,-1,-1,-0.01,-1,-1,-0.01,-1,-1,-0.01,-1,-1
99926009,2026-05-18 09:17:57+05:30,53016.6,0,0.0,0,0.0,0.0,53282.15,53308.4,52946.35,53710.35,0,0.0,0.0,0.0,0.0,-0.01,-1,-1,-0.01,-1,-1,-0.01,-1,-1,-0.01,-1,-1,-0.01,-1,-1,-0.01,-1,-1,-0.01,-1,-1,-0.01,-1,-1,-0.01,-1,-1,-0.01,-1,-1
99926009,2026-05-18 09:17:58+05:30,53014.7,0,0.0,0,0.0,0.0,53282.15,53308.4,52946.35,53710.35,0,0.0,0.0,0.0,0.0,-0.01,-1,-1,-0.01,-1,-1,-0.01,-1,-1,-0.01,-1,-1,-0.01,-1,-1,-0.01,-1,-1,-0.01,-1,-1,-0.01,-1,-1,-0.01,-1,-1,-0.01,-1,-1
99926009,2026-05-18 09:17:58+05:30,53010.7,0,0.0,0,0.0,0.0,53282.15,53308.4,52946.35,53710.35,0,0.0,0.0,0.0,0.0,-0.01,-1,-1,-0.01,-1,-1,-0.01,-1,-1,-0.01,-1,-1,-0.01,-1,-1,-0.01,-1,-1,-0.01,-1,-1,-0.01,-1,-1,-0.01,-1,-1,-0.01,-1,-1
99926009,2026-05-18 09:17:59+05:30,53010.0,0,0.0,0,0.0,0.0,53282.15,53308.4,52946.35,53710.35,0,0.0,0.0,0.0,0.0,-0.01,-1,-1,-0.01,-1,-1,-0.01,-1,-1,-0.01,-1,-1,-0.01,-1,-1,-0.01,-1,-1,-0.01,-1,-1,-0.01,-1,-1,-0.01,-1,-1,-0.01,-1,-1
99926009,2026-05-18 09:17:59+05:30,53013.0,0,0.0,0,0.0,0.0,53282.15,53308.4,52946.35,53710.35,0,0.0,0.0,0.0,0.0,-0.01,-1,-1,-0.01,-1,-1,-0.01,-1,-1,-0.01,-1,-1,-0.01,-1,-1,-0.01,-1,-1,-0.01,-1,-1,-0.01,-1,-1,-0.01,-1,-1,-0.01,-1,-1
99926009,2026-05-18 09:18:00+05:30,53006.9,0,0.0,0,0.0,0.0,53282.15,53308.4,52946.35,53710.35,0,0.0,0.0,0.0,0.0,-0.01,-1,-1,-0.01,-1,-1,-0.01,-1,-1,-0.01,-1,-1,-0.01,-1,-1,-0.01,-1,-1,-0.01,-1,-1,-0.01,-1,-1,-0.01,-1,-1,-0.01,-1,-1
99926009,2026-05-18 09:18:00+05:30,53011.1,0,0.0,0,0.0,0.0,53282.15,53308.4,52946.35,53710.35,0,0.0,0.0,0.0,0.0,-0.01,-1,-1,-0.01,-1,-1,-0.01,-1,-1,-0.01,-1,-1,-0.01,-1,-1,-0.01,-1,-1,-0.01,-1,-1,-0.01,-1,-1,-0.01,-1,-1,-0.01,-1,-1
99926009,2026-05-18 09:18:01+05:30,53010.8,0,0.0,0,0.0,0.0,53282.15,53308.4,52946.35,53710.35,0,0.0,0.0,0.0,0.0,-0.01,-1,-1,-0.01,-1,-1,-0.01,-1,-1,-0.01,-1,-1,-0.01,-1,-1,-0.01,-1,-1,-0.01,-1,-1,-0.01,-1,-1,-0.01,-1,-1,-0.01,-1,-1
99926009,2026-05-18 09:18:01+05:30,53013.4,0,0.0,0,0.0,0.0,53282.15,53308.4,52946.35,53710.35,0,0.0,0.0,0.0,0.0,-0.01,-1,-1,-0.01,-1,-1,-0.01,-1,-1,-0.01,-1,-1,-0.01,-1,-1,-0.01,-1,-1,-0.01,-1,-1,-0.01,-1,-1,-0.01,-1,-1,-0.01,-1,-1
99926009,2026-05-18 09:18:02+05:30,53014.7,0,0.0,0,0.0,0.0,53282.15,53308.4,52946.35,53710.35,0,0.0,0.0,0.0,0.0,-0.01,-1,-1,-0.01,-1,-1,-0.01,-1,-1,-0.01,-1,-1,-0.01,-1,-1,-0.01,-1,-1,-0.01,-1,-1,-0.01,-1,-1,-0.01,-1,-1,-0.01,-1,-1
99926009,2026-05-18 09:18:02+05:30,53022.05,0,0.0,0,0.0,0.0,53282.15,53308.4,52946.35,53710.35,0,0.0,0.0,0.0,0.0,-0.01,-1,-1,-0.01,-1,-1,-0.01,-1,-1,-0.01,-1,-1,-0.01,-1,-1,-0.01,-1,-1,-0.01,-1,-1,-0.01,-1,-1,-0.01,-1,-1,-0.01,-1,-1
99926009,2026-05-18 09:18:03+05:30,53018.95,0,0.0,0,0.0,0.0,53282.15,53308.4,52946.35,53710.35,0,0.0,0.0,0.0,0.0,-0.01,-1,-1,-0.01,-1,-1,-0.01,-1,-1,-0.01,-1,-1,-0.01,-1,-1,-0.01,-1,-1,-0.01,-1,-1,-0.01,-1,-1,-0.01,-1,-1,-0.01,-1,-1
99926009,2026-05-18 09:18:03+05:30,53020.8,0,0.0,0,0.0,0.0,53282.15,53308.4,52946.35,53710.35,0,0.0,0.0,0.0,0.0,-0.01,-1,-1,-0.01,-1,-1,-0.01,-1,-1,-0.01,-1,-1,-0.01,-1,-1,-0.01,-1,-1,-0.01,-1,-1,-0.01,-1,-1,-0.01,-1,-1,-0.01,-1,-1
99926009,2026-05-18 09:18:04+05:30,53027.9,0,0.0,0,0.0,0.0,53282.15,53308.4,52946.35,53710.35,0,0.0,0.0,0.0,0.0,-0.01,-1,-1,-0.01,-1,-1,-0.01,-1,-1,-0.01,-1,-1,-0.01,-1,-1,-0.01,-1,-1,-0.01,-1,-1,-0.01,-1,-1,-0.01,-1,-1,-0.01,-1,-1
99926009,2026-05-18 09:18:04+05:30,53027.25,0,0.0,0,0.0,0.0,53282.15,53308.4,52946.35,53710.35,0,0.0,0.0,0.0,0.0,-0.01,-1,-1,-0.01,-1,-1,-0.01,-1,-1,-0.01,-1,-1,-0.01,-1,-1,-0.01,-1,-1,-0.01,-1,-1,-0.01,-1,-1,-0.01,-1,-1,-0.01,-1,-1
99926009,2026-05-18 09:18:05+05:30,53035.7,0,0.0,0,0.0,0.0,53282.15,53308.4,52946.35,53710.35,0,0.0,0.0,0.0,0.0,-0.01,-1,-1,-0.01,-1,-1,-0.01,-1,-1,-0.01,-1,-1,-0.01,-1,-1,-0.01,-1,-1,-0.01,-1,-1,-0.01,-1,-1,-0.01,-1,-1,-0.01,-1,-1
99926009,2026-05-18 09:18:05+05:30,53037.6,0,0.0,0,0.0,0.0,53282.15,53308.4,52946.35,53710.35,0,0.0,0.0,0.0,0.0,-0.01,-1,-1,-0.01,-1,-1,-0.01,-1,-1,-0.01,-1,-1,-0.01,-1,-1,-0.01,-1,-1,-0.01,-1,-1,-0.01,-1,-1,-0.01,-1,-1,-0.01,-1,-1
99926009,2026-05-18 09:18:06+05:30,53052.05,0,0.0,0,0.0,0.0,53282.15,53308.4,52946.35,53710.35,0,0.0,0.0,0.0,0.0,-0.01,-1,-1,-0.01,-1,-1,-0.01,-1,-1,-0.01,-1,-1,-0.01,-1,-1,-0.01,-1,-1,-0.01,-1,-1,-0.01,-1,-1,-0.01,-1,-1,-0.01,-1,-1
99926009,2026-05-18 09:18:06+05:30,53044.8,0,0.0,0,0.0,0.0,53282.15,53308.4,52946.35,53710.35,0,0.0,0.0,0.0,0.0,-0.01,-1,-1,-0.01,-1,-1,-0.01,-1,-1,-0.01,-1,-1,-0.01,-1,-1,-0.01,-1,-1,-0.01,-1,-1,-0.01,-1,-1,-0.01,-1,-1,-0.01,-1,-1
99926009,2026-05-18 09:18:07+05:30,53054.2,0,0.0,0,0.0,0.0,53282.15,53308.4,52946.35,53710.35,0,0.0,0.0,0.0,0.0,-0.01,-1,-1,-0.01,-1,-1,-0.01,-1,-1,-0.01,-1,-1,-0.01,-1,-1,-0.01,-1,-1,-0.01,-1,-1,-0.01,-1,-1,-0.01,-1,-1,-0.01,-1,-1
99926009,2026-05-18 09:18:07+05:30,53053.2,0,0.0,0,0.0,0.0,53282.15,53308.4,52946.35,53710.35,0,0.0,0.0,0.0,0.0,-0.01,-1,-1,-0.01,-1,-1,-0.01,-1,-1,-0.01,-1,-1,-0.01,-1,-1,-0.01,-1,-1,-0.01,-1,-1,-0.01,-1,-1,-0.01,-1,-1,-0.01,-1,-1
99926009,2026-05-18 09:18:08+05:30,53070.4,0,0.0,0,0.0,0.0,53282.15,53308.4,52946.35,53710.35,0,0.0,0.0,0.0,0.0,-0.01,-1,-1,-0.01,-1,-1,-0.01,-1,-1,-0.01,-1,-1,-0.01,-1,-1,-0.01,-1,-1,-0.01,-1,-1,-0.01,-1,-1,-0.01,-1,-1,-0.01,-1,-1
99926009,2026-05-18 09:18:08+05:30,53067.75,0,0.0,0,0.0,0.0,53282.15,53308.4,52946.35,53710.35,0,0.0,0.0,0.0,0.0,-0.01,-1,-1,-0.01,-1,-1,-0.01,-1,-1,-0.01,-1,-1,-0.01,-1,-1,-0.01,-1,-1,-0.01,-1,-1,-0.01,-1,-1,-0.01,-1,-1,-0.01,-1,-1
99926009,2026-05-18 09:18:09+05:30,53063.95,0,0.0,0,0.0,0.0,53282.15,53308.4,52946.35,53710.35,0,0.0,0.0,0.0,0.0,-0.01,-1,-1,-0.01,-1,-1,-0.01,-1,-1,-0.01,-1,-1,-0.01,-1,-1,-0.01,-1,-1,-0.01,-1,-1,-0.01,-1,-1,-0.01,-1,-1,-0.01,-1,-1
99926009,2026-05-18 09:18:09+05:30,53058.85,0,0.0,0,0.0,0.0,53282.15,53308.4,52946.35,53710.35,0,0.0,0.0,0.0,0.0,-0.01,-1,-1,-0.01,-1,-1,-0.01,-1,-1,-0.01,-1,-1,-0.01,-1,-1,-0.01,-1,-1,-0.01,-1,-1,-0.01,-1,-1,-0.01,-1,-1,-0.01,-1,-1
99926009,2026-05-18 09:18:10+05:30,53058.9,0,0.0,0,0.0,0.0,53282.15,53308.4,52946.35,53710.35,0,0.0,0.0,0.0,0.0,-0.01,-1,-1,-0.01,-1,-1,-0.01,-1,-1,-0.01,-1,-1,-0.01,-1,-1,-0.01,-1,-1,-0.01,-1,-1,-0.01,-1,-1,-0.01,-1,-1,-0.01,-1,-1
99926009,2026-05-18 09:18:10+05:30,53062.4,0,0.0,0,0.0,0.0,53282.15,53308.4,52946.35,53710.35,0,0.0,0.0,0.0,0.0,-0.01,-1,-1,-0.01,-1,-1,-0.01,-1,-1,-0.01,-1,-1,-0.01,-1,-1,-0.01,-1,-1,-0.01,-1,-1,-0.01,-1,-1,-0.01,-1,-1,-0.01,-1,-1
99926009,2026-05-18 09:18:11+05:30,53062.9,0,0.0,0,0.0,0.0,53282.15,53308.4,52946.35,53710.35,0,0.0,0.0,0.0,0.0,-0.01,-1,-1,-0.01,-1,-1,-0.01,-1,-1,-0.01,-1,-1,-0.01,-1,-1,-0.01,-1,-1,-0.01,-1,-1,-0.01,-1,-1,-0.01,-1,-1,-0.01,-1,-1
99926009,2026-05-18 09:18:11+05:30,53066.6,0,0.0,0,0.0,0.0,53282.15,53308.4,52946.35,53710.35,0,0.0,0.0,0.0,0.0,-0.01,-1,-1,-0.01,-1,-1,-0.01,-1,-1,-0.01,-1,-1,-0.01,-1,-1,-0.01,-1,-1,-0.01,-1,-1,-0.01,-1,-1,-0.01,-1,-1,-0.01,-1,-1
99926009,2026-05-18 09:18:12+05:30,53061.6,0,0.0,0,0.0,0.0,53282.15,53308.4,52946.35,53710.35,0,0.0,0.0,0.0,0.0,-0.01,-1,-1,-0.01,-1,-1,-0.01,-1,-1,-0.01,-1,-1,-0.01,-1,-1,-0.01,-1,-1,-0.01,-1,-1,-0.01,-1,-1,-0.01,-1,-1,-0.01,-1,-1
99926009,2026-05-18 09:18:12+05:30,53068.3,0,0.0,0,0.0,0.0,53282.15,53308.4,52946.35,53710.35,0,0.0,0.0,0.0,0.0,-0.01,-1,-1,-0.01,-1,-1,-0.01,-1,-1,-0.01,-1,-1,-0.01,-1,-1,-0.01,-1,-1,-0.01,-1,-1,-0.01,-1,-1,-0.01,-1,-1,-0.01,-1,-1
99926009,2026-05-18 09:18:13+05:30,53061.25,0,0.0,0,0.0,0.0,53282.15,53308.4,52946.35,53710.35,0,0.0,0.0,0.0,0.0,-0.01,-1,-1,-0.01,-1,-1,-0.01,-1,-1,-0.01,-1,-1,-0.01,-1,-1,-0.01,-1,-1,-0.01,-1,-1,-0.01,-1,-1,-0.01,-1,-1,-0.01,-1,-1
99926009,2026-05-18 09:18:13+05:30,53068.4,0,0.0,0,0.0,0.0,53282.15,53308.4,52946.35,53710.35,0,0.0,0.0,0.0,0.0,-0.01,-1,-1,-0.01,-1,-1,-0.01,-1,-1,-0.01,-1,-1,-0.01,-1,-1,-0.01,-1,-1,-0.01,-1,-1,-0.01,-1,-1,-0.01,-1,-1,-0.01,-1,-1
99926009,2026-05-18 09:18:14+05:30,53066.5,0,0.0,0,0.0,0.0,53282.15,53308.4,52946.35,53710.35,0,0.0,0.0,0.0,0.0,-0.01,-1,-1,-0.01,-1,-1,-0.01,-1,-1,-0.01,-1,-1,-0.01,-1,-1,-0.01,-1,-1,-0.01,-1,-1,-0.01,-1,-1,-0.01,-1,-1,-0.01,-1,-1
99926009,2026-05-18 09:18:14+05:30,53060.85,0,0.0,0,0.0,0.0,53282.15,53308.4,52946.35,53710.35,0,0.0,0.0,0.0,0.0,-0.01,-1,-1,-0.01,-1,-1,-0.01,-1,-1,-0.01,-1,-1,-0.01,-1,-1,-0.01,-1,-1,-0.01,-1,-1,-0.01,-1,-1,-0.01,-1,-1,-0.01,-1,-1
99926009,2026-05-18 09:18:15+05:30,53053.55,0,0.0,0,0.0,0.0,53282.15,53308.4,52946.35,53710.35,0,0.0,0.0,0.0,0.0,-0.01,-1,-1,-0.01,-1,-1,-0.01,-1,-1,-0.01,-1,-1,-0.01,-1,-1,-0.01,-1,-1,-0.01,-1,-1,-0.01,-1,-1,-0.01,-1,-1,-0.01,-1,-1
99926009,2026-05-18 09:18:15+05:30,53047.75,0,0.0,0,0.0,0.0,53282.15,53308.4,52946.35,53710.35,0,0.0,0.0,0.0,0.0,-0.01,-1,-1,-0.01,-1,-1,-0.01,-1,-1,-0.01,-1,-1,-0.01,-1,-1,-0.01,-1,-1,-0.01,-1,-1,-0.01,-1,-1,-0.01,-1,-1,-0.01,-1,-1
99926009,2026-05-18 09:18:16+05:30,53048.85,0,0.0,0,0.0,0.0,53282.15,53308.4,52946.35,53710.35,0,0.0,0.0,0.0,0.0,-0.01,-1,-1,-0.01,-1,-1,-0.01,-1,-1,-0.01,-1,-1,-0.01,-1,-1,-0.01,-1,-1,-0.01,-1,-1,-0.01,-1,-1,-0.01,-1,-1,-0.01,-1,-1
99926009,2026-05-18 09:18:16+05:30,53056.9,0,0.0,0,0.0,0.0,53282.15,53308.4,52946.35,53710.35,0,0.0,0.0,0.0,0.0,-0.01,-1,-1,-0.01,-1,-1,-0.01,-1,-1,-0.01,-1,-1,-0.01,-1,-1,-0.01,-1,-1,-0.01,-1,-1,-0.01,-1,-1,-0.01,-1,-1,-0.01,-1,-1
99926009,2026-05-18 09:18:17+05:30,53057.15,0,0.0,0,0.0,0.0,53282.15,53308.4,52946.35,53710.35,0,0.0,0.0,0.0,0.0,-0.01,-1,-1,-0.01,-1,-1,-0.01,-1,-1,-0.01,-1,-1,-0.01,-1,-1,-0.01,-1,-1,-0.01,-1,-1,-0.01,-1,-1,-0.01,-1,-1,-0.01,-1,-1
99926009,2026-05-18 09:18:17+05:30,53067.3,0,0.0,0,0.0,0.0,53282.15,53308.4,52946.35,53710.35,0,0.0,0.0,0.0,0.0,-0.01,-1,-1,-0.01,-1,-1,-0.01,-1,-1,-0.01,-1,-1,-0.01,-1,-1,-0.01,-1,-1,-0.01,-1,-1,-0.01,-1,-1,-0.01,-1,-1,-0.01,-1,-1
99926009,2026-05-18 09:18:18+05:30,53071.6,0,0.0,0,0.0,0.0,53282.15,53308.4,52946.35,53710.35,0,0.0,0.0,0.0,0.0,-0.01,-1,-1,-0.01,-1,-1,-0.01,-1,-1,-0.01,-1,-1,-0.01,-1,-1,-0.01,-1,-1,-0.01,-1,-1,-0.01,-1,-1,-0.01,-1,-1,-0.01,-1,-1
99926009,2026-05-18 09:18:18+05:30,53072.05,0,0.0,0,0.0,0.0,53282.15,53308.4,52946.35,53710.35,0,0.0,0.0,0.0,0.0,-0.01,-1,-1,-0.01,-1,-1,-0.01,-1,-1,-0.01,-1,-1,-0.01,-1,-1,-0.01,-1,-1,-0.01,-1,-1,-0.01,-1,-1,-0.01,-1,-1,-0.01,-1,-1
99926009,2026-05-18 09:18:19+05:30,53078.65,0,0.0,0,0.0,0.0,53282.15,53308.4,52946.35,53710.35,0,0.0,0.0,0.0,0.0,-0.01,-1,-1,-0.01,-1,-1,-0.01,-1,-1,-0.01,-1,-1,-0.01,-1,-1,-0.01,-1,-1,-0.01,-1,-1,-0.01,-1,-1,-0.01,-1,-1,-0.01,-1,-1
99926009,2026-05-18 09:18:19+05:30,53078.0,0,0.0,0,0.0,0.0,53282.15,53308.4,52946.35,53710.35,0,0.0,0.0,0.0,0.0,-0.01,-1,-1,-0.01,-1,-1,-0.01,-1,-1,-0.01,-1,-1,-0.01,-1,-1,-0.01,-1,-1,-0.01,-1,-1,-0.01,-1,-1,-0.01,-1,-1,-0.01,-1,-1
99926009,2026-05-18 09:18:20+05:30,53077.45,0,0.0,0,0.0,0.0,53282.15,53308.4,52946.35,53710.35,0,0.0,0.0,0.0,0.0,-0.01,-1,-1,-0.01,-1,-1,-0.01,-1,-1,-0.01,-1,-1,-0.01,-1,-1,-0.01,-1,-1,-0.01,-1,-1,-0.01,-1,-1,-0.01,-1,-1,-0.01,-1,-1
99926009,2026-05-18 09:18:20+05:30,53079.4,0,0.0,0,0.0,0.0,53282.15,53308.4,52946.35,53710.35,0,0.0,0.0,0.0,0.0,-0.01,-1,-1,-0.01,-1,-1,-0.01,-1,-1,-0.01,-1,-1,-0.01,-1,-1,-0.01,-1,-1,-0.01,-1,-1,-0.01,-1,-1,-0.01,-1,-1,-0.01,-1,-1
99926009,2026-05-18 09:18:21+05:30,53080.3,0,0.0,0,0.0,0.0,53282.15,53308.4,52946.35,53710.35,0,0.0,0.0,0.0,0.0,-0.01,-1,-1,-0.01,-1,-1,-0.01,-1,-1,-0.01,-1,-1,-0.01,-1,-1,-0.01,-1,-1,-0.01,-1,-1,-0.01,-1,-1,-0.01,-1,-1,-0.01,-1,-1
99926009,2026-05-18 09:18:21+05:30,53073.7,0,0.0,0,0.0,0.0,53282.15,53308.4,52946.35,53710.35,0,0.0,0.0,0.0,0.0,-0.01,-1,-1,-0.01,-1,-1,-0.01,-1,-1,-0.01,-1,-1,-0.01,-1,-1,-0.01,-1,-1,-0.01,-1,-1,-0.01,-1,-1,-0.01,-1,-1,-0.01,-1,-1
99926009,2026-05-18 09:18:22+05:30,53073.2,0,0.0,0,0.0,0.0,53282.15,53308.4,52946.35,53710.35,0,0.0,0.0,0.0,0.0,-0.01,-1,-1,-0.01,-1,-1,-0.01,-1,-1,-0.01,-1,-1,-0.01,-1,-1,-0.01,-1,-1,-0.01,-1,-1,-0.01,-1,-1,-0.01,-1,-1,-0.01,-1,-1
99926009,2026-05-18 09:18:22+05:30,53070.05,0,0.0,0,0.0,0.0,53282.15,53308.4,52946.35,53710.35,0,0.0,0.0,0.0,0.0,-0.01,-1,-1,-0.01,-1,-1,-0.01,-1,-1,-0.01,-1,-1,-0.01,-1,-1,-0.01,-1,-1,-0.01,-1,-1,-0.01,-1,-1,-0.01,-1,-1,-0.01,-1,-1
99926009,2026-05-18 09:18:23+05:30,53067.75,0,0.0,0,0.0,0.0,53282.15,53308.4,52946.35,53710.35,0,0.0,0.0,0.0,0.0,-0.01,-1,-1,-0.01,-1,-1,-0.01,-1,-1,-0.01,-1,-1,-0.01,-1,-1,-0.01,-1,-1,-0.01,-1,-1,-0.01,-1,-1,-0.01,-1,-1,-0.01,-1,-1
99926009,2026-05-18 09:18:23+05:30,53071.3,0,0.0,0,0.0,0.0,53282.15,53308.4,52946.35,53710.35,0,0.0,0.0,0.0,0.0,-0.01,-1,-1,-0.01,-1,-1,-0.01,-1,-1,-0.01,-1,-1,-0.01,-1,-1,-0.01,-1,-1,-0.01,-1,-1,-0.01,-1,-1,-0.01,-1,-1,-0.01,-1,-1
99926009,2026-05-18 09:18:24+05:30,53072.25,0,0.0,0,0.0,0.0,53282.15,53308.4,52946.35,53710.35,0,0.0,0.0,0.0,0.0,-0.01,-1,-1,-0.01,-1,-1,-0.01,-1,-1,-0.01,-1,-1,-0.01,-1,-1,-0.01,-1,-1,-0.01,-1,-1,-0.01,-1,-1,-0.01,-1,-1,-0.01,-1,-1
99926009,2026-05-18 09:18:24+05:30,53071.8,0,0.0,0,0.0,0.0,53282.15,53308.4,52946.35,53710.35,0,0.0,0.0,0.0,0.0,-0.01,-1,-1,-0.01,-1,-1,-0.01,-1,-1,-0.01,-1,-1,-0.01,-1,-1,-0.01,-1,-1,-0.01,-1,-1,-0.01,-1,-1,-0.01,-1,-1,-0.01,-1,-1
99926009,2026-05-18 09:18:25+05:30,53076.8,0,0.0,0,0.0,0.0,53282.15,53308.4,52946.35,53710.35,0,0.0,0.0,0.0,0.0,-0.01,-1,-1,-0.01,-1,-1,-0.01,-1,-1,-0.01,-1,-1,-0.01,-1,-1,-0.01,-1,-1,-0.01,-1,-1,-0.01,-1,-1,-0.01,-1,-1,-0.01,-1,-1
99926009,2026-05-18 09:18:25+05:30,53077.0,0,0.0,0,0.0,0.0,53282.15,53308.4,52946.35,53710.35,0,0.0,0.0,0.0,0.0,-0.01,-1,-1,-0.01,-1,-1,-0.01,-1,-1,-0.01,-1,-1,-0.01,-1,-1,-0.01,-1,-1,-0.01,-1,-1,-0.01,-1,-1,-0.01,-1,-1,-0.01,-1,-1
99926009,2026-05-18 09:18:26+05:30,53074.7,0,0.0,0,0.0,0.0,53282.15,53308.4,52946.35,53710.35,0,0.0,0.0,0.0,0.0,-0.01,-1,-1,-0.01,-1,-1,-0.01,-1,-1,-0.01,-1,-1,-0.01,-1,-1,-0.01,-1,-1,-0.01,-1,-1,-0.01,-1,-1,-0.01,-1,-1,-0.01,-1,-1
99926009,2026-05-18 09:18:26+05:30,53069.9,0,0.0,0,0.0,0.0,53282.15,53308.4,52946.35,53710.35,0,0.0,0.0,0.0,0.0,-0.01,-1,-1,-0.01,-1,-1,-0.01,-1,-1,-0.01,-1,-1,-0.01,-1,-1,-0.01,-1,-1,-0.01,-1,-1,-0.01,-1,-1,-0.01,-1,-1,-0.01,-1,-1
99926009,2026-05-18 09:18:27+05:30,53068.5,0,0.0,0,0.0,0.0,53282.15,53308.4,52946.35,53710.35,0,0.0,0.0,0.0,0.0,-0.01,-1,-1,-0.01,-1,-1,-0.01,-1,-1,-0.01,-1,-1,-0.01,-1,-1,-0.01,-1,-1,-0.01,-1,-1,-0.01,-1,-1,-0.01,-1,-1,-0.01,-1,-1
99926009,2026-05-18 09:18:27+05:30,53071.7,0,0.0,0,0.0,0.0,53282.15,53308.4,52946.35,53710.35,0,0.0,0.0,0.0,0.0,-0.01,-1,-1,-0.01,-1,-1,-0.01,-1,-1,-0.01,-1,-1,-0.01,-1,-1,-0.01,-1,-1,-0.01,-1,-1,-0.01,-1,-1,-0.01,-1,-1,-0.01,-1,-1
99926009,2026-05-18 09:18:28+05:30,53070.5,0,0.0,0,0.0,0.0,53282.15,53308.4,52946.35,53710.35,0,0.0,0.0,0.0,0.0,-0.01,-1,-1,-0.01,-1,-1,-0.01,-1,-1,-0.01,-1,-1,-0.01,-1,-1,-0.01,-1,-1,-0.01,-1,-1,-0.01,-1,-1,-0.01,-1,-1,-0.01,-1,-1
99926009,2026-05-18 09:18:28+05:30,53066.0,0,0.0,0,0.0,0.0,53282.15,53308.4,52946.35,53710.35,0,0.0,0.0,0.0,0.0,-0.01,-1,-1,-0.01,-1,-1,-0.01,-1,-1,-0.01,-1,-1,-0.01,-1,-1,-0.01,-1,-1,-0.01,-1,-1,-0.01,-1,-1,-0.01,-1,-1,-0.01,-1,-1
99926009,2026-05-18 09:18:29+05:30,53067.9,0,0.0,0,0.0,0.0,53282.15,53308.4,52946.35,53710.35,0,0.0,0.0,0.0,0.0,-0.01,-1,-1,-0.01,-1,-1,-0.01,-1,-1,-0.01,-1,-1,-0.01,-1,-1,-0.01,-1,-1,-0.01,-1,-1,-0.01,-1,-1,-0.01,-1,-1,-0.01,-1,-1
99926009,2026-05-18 09:18:29+05:30,53066.65,0,0.0,0,0.0,0.0,53282.15,53308.4,52946.35,53710.35,0,0.0,0.0,0.0,0.0,-0.01,-1,-1,-0.01,-1,-1,-0.01,-1,-1,-0.01,-1,-1,-0.01,-1,-1,-0.01,-1,-1,-0.01,-1,-1,-0.01,-1,-1,-0.01,-1,-1,-0.01,-1,-1
99926009,2026-05-18 09:18:30+05:30,53067.9,0,0.0,0,0.0,0.0,53282.15,53308.4,52946.35,53710.35,0,0.0,0.0,0.0,0.0,-0.01,-1,-1,-0.01,-1,-1,-0.01,-1,-1,-0.01,-1,-1,-0.01,-1,-1,-0.01,-1,-1,-0.01,-1,-1,-0.01,-1,-1,-0.01,-1,-1,-0.01,-1,-1
99926009,2026-05-18 09:18:30+05:30,53070.2,0,0.0,0,0.0,0.0,53282.15,53308.4,52946.35,53710.35,0,0.0,0.0,0.0,0.0,-0.01,-1,-1,-0.01,-1,-1,-0.01,-1,-1,-0.01,-1,-1,-0.01,-1,-1,-0.01,-1,-1,-0.01,-1,-1,-0.01,-1,-1,-0.01,-1,-1,-0.01,-1,-1
99926009,2026-05-18 09:18:31+05:30,53078.7,0,0.0,0,0.0,0.0,53282.15,53308.4,52946.35,53710.35,0,0.0,0.0,0.0,0.0,-0.01,-1,-1,-0.01,-1,-1,-0.01,-1,-1,-0.01,-1,-1,-0.01,-1,-1,-0.01,-1,-1,-0.01,-1,-1,-0.01,-1,-1,-0.01,-1,-1,-0.01,-1,-1
99926009,2026-05-18 09:18:31+05:30,53080.55,0,0.0,0,0.0,0.0,53282.15,53308.4,52946.35,53710.35,0,0.0,0.0,0.0,0.0,-0.01,-1,-1,-0.01,-1,-1,-0.01,-1,-1,-0.01,-1,-1,-0.01,-1,-1,-0.01,-1,-1,-0.01,-1,-1,-0.01,-1,-1,-0.01,-1,-1,-0.01,-1,-1
99926009,2026-05-18 09:18:32+05:30,53074.35,0,0.0,0,0.0,0.0,53282.15,53308.4,52946.35,53710.35,0,0.0,0.0,0.0,0.0,-0.01,-1,-1,-0.01,-1,-1,-0.01,-1,-1,-0.01,-1,-1,-0.01,-1,-1,-0.01,-1,-1,-0.01,-1,-1,-0.01,-1,-1,-0.01,-1,-1,-0.01,-1,-1
99926009,2026-05-18 09:18:32+05:30,53072.65,0,0.0,0,0.0,0.0,53282.15,53308.4,52946.35,53710.35,0,0.0,0.0,0.0,0.0,-0.01,-1,-1,-0.01,-1,-1,-0.01,-1,-1,-0.01,-1,-1,-0.01,-1,-1,-0.01,-1,-1,-0.01,-1,-1,-0.01,-1,-1,-0.01,-1,-1,-0.01,-1,-1
99926009,2026-05-18 09:18:33+05:30,53079.05,0,0.0,0,0.0,0.0,53282.15,53308.4,52946.35,53710.35,0,0.0,0.0,0.0,0.0,-0.01,-1,-1,-0.01,-1,-1,-0.01,-1,-1,-0.01,-1,-1,-0.01,-1,-1,-0.01,-1,-1,-0.01,-1,-1,-0.01,-1,-1,-0.01,-1,-1,-0.01,-1,-1
99926009,2026-05-18 09:18:33+05:30,53080.0,0,0.0,0,0.0,0.0,53282.15,53308.4,52946.35,53710.35,0,0.0,0.0,0.0,0.0,-0.01,-1,-1,-0.01,-1,-1,-0.01,-1,-1,-0.01,-1,-1,-0.01,-1,-1,-0.01,-1,-1,-0.01,-1,-1,-0.01,-1,-1,-0.01,-1,-1,-0.01,-1,-1
99926009,2026-05-18 09:18:34+05:30,53077.0,0,0.0,0,0.0,0.0,53282.15,53308.4,52946.35,53710.35,0,0.0,0.0,0.0,0.0,-0.01,-1,-1,-0.01,-1,-1,-0.01,-1,-1,-0.01,-1,-1,-0.01,-1,-1,-0.01,-1,-1,-0.01,-1,-1,-0.01,-1,-1,-0.01,-1,-1,-0.01,-1,-1
99926009,2026-05-18 09:18:34+05:30,53076.45,0,0.0,0,0.0,0.0,53282.15,53308.4,52946.35,53710.35,0,0.0,0.0,0.0,0.0,-0.01,-1,-1,-0.01,-1,-1,-0.01,-1,-1,-0.01,-1,-1,-0.01,-1,-1,-0.01,-1,-1,-0.01,-1,-1,-0.01,-1,-1,-0.01,-1,-1,-0.01,-1,-1
99926009,2026-05-18 09:18:35+05:30,53077.9,0,0.0,0,0.0,0.0,53282.15,53308.4,52946.35,53710.35,0,0.0,0.0,0.0,0.0,-0.01,-1,-1,-0.01,-1,-1,-0.01,-1,-1,-0.01,-1,-1,-0.01,-1,-1,-0.01,-1,-1,-0.01,-1,-1,-0.01,-1,-1,-0.01,-1,-1,-0.01,-1,-1
99926009,2026-05-18 09:18:35+05:30,53078.55,0,0.0,0,0.0,0.0,53282.15,53308.4,52946.35,53710.35,0,0.0,0.0,0.0,0.0,-0.01,-1,-1,-0.01,-1,-1,-0.01,-1,-1,-0.01,-1,-1,-0.01,-1,-1,-0.01,-1,-1,-0.01,-1,-1,-0.01,-1,-1,-0.01,-1,-1,-0.01,-1,-1
99926009,2026-05-18 09:18:36+05:30,53073.75,0,0.0,0,0.0,0.0,53282.15,53308.4,52946.35,53710.35,0,0.0,0.0,0.0,0.0,-0.01,-1,-1,-0.01,-1,-1,-0.01,-1,-1,-0.01,-1,-1,-0.01,-1,-1,-0.01,-1,-1,-0.01,-1,-1,-0.01,-1,-1,-0.01,-1,-1,-0.01,-1,-1
99926009,2026-05-18 09:18:36+05:30,53073.95,0,0.0,0,0.0,0.0,53282.15,53308.4,52946.35,53710.35,0,0.0,0.0,0.0,0.0,-0.01,-1,-1,-0.01,-1,-1,-0.01,-1,-1,-0.01,-1,-1,-0.01,-1,-1,-0.01,-1,-1,-0.01,-1,-1,-0.01,-1,-1,-0.01,-1,-1,-0.01,-1,-1
99926009,2026-05-18 09:18:37+05:30,53080.15,0,0.0,0,0.0,0.0,53282.15,53308.4,52946.35,53710.35,0,0.0,0.0,0.0,0.0,-0.01,-1,-1,-0.01,-1,-1,-0.01,-1,-1,-0.01,-1,-1,-0.01,-1,-1,-0.01,-1,-1,-0.01,-1,-1,-0.01,-1,-1,-0.01,-1,-1,-0.01,-1,-1
99926009,2026-05-18 09:18:37+05:30,53076.15,0,0.0,0,0.0,0.0,53282.15,53308.4,52946.35,53710.35,0,0.0,0.0,0.0,0.0,-0.01,-1,-1,-0.01,-1,-1,-0.01,-1,-1,-0.01,-1,-1,-0.01,-1,-1,-0.01,-1,-1,-0.01,-1,-1,-0.01,-1,-1,-0.01,-1,-1,-0.01,-1,-1
99926009,2026-05-18 09:18:38+05:30,53077.4,0,0.0,0,0.0,0.0,53282.15,53308.4,52946.35,53710.35,0,0.0,0.0,0.0,0.0,-0.01,-1,-1,-0.01,-1,-1,-0.01,-1,-1,-0.01,-1,-1,-0.01,-1,-1,-0.01,-1,-1,-0.01,-1,-1,-0.01,-1,-1,-0.01,-1,-1,-0.01,-1,-1
99926009,2026-05-18 09:18:38+05:30,53075.05,0,0.0,0,0.0,0.0,53282.15,53308.4,52946.35,53710.35,0,0.0,0.0,0.0,0.0,-0.01,-1,-1,-0.01,-1,-1,-0.01,-1,-1,-0.01,-1,-1,-0.01,-1,-1,-0.01,-1,-1,-0.01,-1,-1,-0.01,-1,-1,-0.01,-1,-1,-0.01,-1,-1
99926009,2026-05-18 09:18:39+05:30,53074.35,0,0.0,0,0.0,0.0,53282.15,53308.4,52946.35,53710.35,0,0.0,0.0,0.0,0.0,-0.01,-1,-1,-0.01,-1,-1,-0.01,-1,-1,-0.01,-1,-1,-0.01,-1,-1,-0.01,-1,-1,-0.01,-1,-1,-0.01,-1,-1,-0.01,-1,-1,-0.01,-1,-1
99926009,2026-05-18 09:18:39+05:30,53078.95,0,0.0,0,0.0,0.0,53282.15,53308.4,52946.35,53710.35,0,0.0,0.0,0.0,0.0,-0.01,-1,-1,-0.01,-1,-1,-0.01,-1,-1,-0.01,-1,-1,-0.01,-1,-1,-0.01,-1,-1,-0.01,-1,-1,-0.01,-1,-1,-0.01,-1,-1,-0.01,-1,-1
99926009,2026-05-18 09:18:40+05:30,53079.75,0,0.0,0,0.0,0.0,53282.15,53308.4,52946.35,53710.35,0,0.0,0.0,0.0,0.0,-0.01,-1,-1,-0.01,-1,-1,-0.01,-1,-1,-0.01,-1,-1,-0.01,-1,-1,-0.01,-1,-1,-0.01,-1,-1,-0.01,-1,-1,-0.01,-1,-1,-0.01,-1,-1
99926009,2026-05-18 09:18:40+05:30,53074.55,0,0.0,0,0.0,0.0,53282.15,53308.4,52946.35,53710.35,0,0.0,0.0,0.0,0.0,-0.01,-1,-1,-0.01,-1,-1,-0.01,-1,-1,-0.01,-1,-1,-0.01,-1,-1,-0.01,-1,-1,-0.01,-1,-1,-0.01,-1,-1,-0.01,-1,-1,-0.01,-1,-1
99926009,2026-05-18 09:18:41+05:30,53064.05,0,0.0,0,0.0,0.0,53282.15,53308.4,52946.35,53710.35,0,0.0,0.0,0.0,0.0,-0.01,-1,-1,-0.01,-1,-1,-0.01,-1,-1,-0.01,-1,-1,-0.01,-1,-1,-0.01,-1,-1,-0.01,-1,-1,-0.01,-1,-1,-0.01,-1,-1,-0.01,-1,-1
99926009,2026-05-18 09:18:41+05:30,53056.45,0,0.0,0,0.0,0.0,53282.15,53308.4,52946.35,53710.35,0,0.0,0.0,0.0,0.0,-0.01,-1,-1,-0.01,-1,-1,-0.01,-1,-1,-0.01,-1,-1,-0.01,-1,-1,-0.01,-1,-1,-0.01,-1,-1,-0.01,-1,-1,-0.01,-1,-1,-0.01,-1,-1
99926009,2026-05-18 09:18:42+05:30,53058.15,0,0.0,0,0.0,0.0,53282.15,53308.4,52946.35,53710.35,0,0.0,0.0,0.0,0.0,-0.01,-1,-1,-0.01,-1,-1,-0.01,-1,-1,-0.01,-1,-1,-0.01,-1,-1,-0.01,-1,-1,-0.01,-1,-1,-0.01,-1,-1,-0.01,-1,-1,-0.01,-1,-1
99926009,2026-05-18 09:18:42+05:30,53056.65,0,0.0,0,0.0,0.0,53282.15,53308.4,52946.35,53710.35,0,0.0,0.0,0.0,0.0,-0.01,-1,-1,-0.01,-1,-1,-0.01,-1,-1,-0.01,-1,-1,-0.01,-1,-1,-0.01,-1,-1,-0.01,-1,-1,-0.01,-1,-1,-0.01,-1,-1,-0.01,-1,-1
99926009,2026-05-18 09:18:43+05:30,53054.65,0,0.0,0,0.0,0.0,53282.15,53308.4,52946.35,53710.35,0,0.0,0.0,0.0,0.0,-0.01,-1,-1,-0.01,-1,-1,-0.01,-1,-1,-0.01,-1,-1,-0.01,-1,-1,-0.01,-1,-1,-0.01,-1,-1,-0.01,-1,-1,-0.01,-1,-1,-0.01,-1,-1
99926009,2026-05-18 09:18:43+05:30,53053.45,0,0.0,0,0.0,0.0,53282.15,53308.4,52946.35,53710.35,0,0.0,0.0,0.0,0.0,-0.01,-1,-1,-0.01,-1,-1,-0.01,-1,-1,-0.01,-1,-1,-0.01,-1,-1,-0.01,-1,-1,-0.01,-1,-1,-0.01,-1,-1,-0.01,-1,-1,-0.01,-1,-1
99926009,2026-05-18 09:18:44+05:30,53057.25,0,0.0,0,0.0,0.0,53282.15,53308.4,52946.35,53710.35,0,0.0,0.0,0.0,0.0,-0.01,-1,-1,-0.01,-1,-1,-0.01,-1,-1,-0.01,-1,-1,-0.01,-1,-1,-0.01,-1,-1,-0.01,-1,-1,-0.01,-1,-1,-0.01,-1,-1,-0.01,-1,-1
99926009,2026-05-18 09:18:44+05:30,53056.8,0,0.0,0,0.0,0.0,53282.15,53308.4,52946.35,53710.35,0,0.0,0.0,0.0,0.0,-0.01,-1,-1,-0.01,-1,-1,-0.01,-1,-1,-0.01,-1,-1,-0.01,-1,-1,-0.01,-1,-1,-0.01,-1,-1,-0.01,-1,-1,-0.01,-1,-1,-0.01,-1,-1
99926009,2026-05-18 09:18:45+05:30,53054.0,0,0.0,0,0.0,0.0,53282.15,53308.4,52946.35,53710.35,0,0.0,0.0,0.0,0.0,-0.01,-1,-1,-0.01,-1,-1,-0.01,-1,-1,-0.01,-1,-1,-0.01,-1,-1,-0.01,-1,-1,-0.01,-1,-1,-0.01,-1,-1,-0.01,-1,-1,-0.01,-1,-1
99926009,2026-05-18 09:18:45+05:30,53058.8,0,0.0,0,0.0,0.0,53282.15,53308.4,52946.35,53710.35,0,0.0,0.0,0.0,0.0,-0.01,-1,-1,-0.01,-1,-1,-0.01,-1,-1,-0.01,-1,-1,-0.01,-1,-1,-0.01,-1,-1,-0.01,-1,-1,-0.01,-1,-1,-0.01,-1,-1,-0.01,-1,-1
99926009,2026-05-18 09:18:46+05:30,53055.4,0,0.0,0,0.0,0.0,53282.15,53308.4,52946.35,53710.35,0,0.0,0.0,0.0,0.0,-0.01,-1,-1,-0.01,-1,-1,-0.01,-1,-1,-0.01,-1,-1,-0.01,-1,-1,-0.01,-1,-1,-0.01,-1,-1,-0.01,-1,-1,-0.01,-1,-1,-0.01,-1,-1
99926009,2026-05-18 09:18:46+05:30,53057.0,0,0.0,0,0.0,0.0,53282.15,53308.4,52946.35,53710.35,0,0.0,0.0,0.0,0.0,-0.01,-1,-1,-0.01,-1,-1,-0.01,-1,-1,-0.01,-1,-1,-0.01,-1,-1,-0.01,-1,-1,-0.01,-1,-1,-0.01,-1,-1,-0.01,-1,-1,-0.01,-1,-1
99926009,2026-05-18 09:18:47+05:30,53059.75,0,0.0,0,0.0,0.0,53282.15,53308.4,52946.35,53710.35,0,0.0,0.0,0.0,0.0,-0.01,-1,-1,-0.01,-1,-1,-0.01,-1,-1,-0.01,-1,-1,-0.01,-1,-1,-0.01,-1,-1,-0.01,-1,-1,-0.01,-1,-1,-0.01,-1,-1,-0.01,-1,-1
99926009,2026-05-18 09:18:47+05:30,53058.9,0,0.0,0,0.0,0.0,53282.15,53308.4,52946.35,53710.35,0,0.0,0.0,0.0,0.0,-0.01,-1,-1,-0.01,-1,-1,-0.01,-1,-1,-0.01,-1,-1,-0.01,-1,-1,-0.01,-1,-1,-0.01,-1,-1,-0.01,-1,-1,-0.01,-1,-1,-0.01,-1,-1
99926009,2026-05-18 09:18:48+05:30,53057.85,0,0.0,0,0.0,0.0,53282.15,53308.4,52946.35,53710.35,0,0.0,0.0,0.0,0.0,-0.01,-1,-1,-0.01,-1,-1,-0.01,-1,-1,-0.01,-1,-1,-0.01,-1,-1,-0.01,-1,-1,-0.01,-1,-1,-0.01,-1,-1,-0.01,-1,-1,-0.01,-1,-1
99926009,2026-05-18 09:18:48+05:30,53058.55,0,0.0,0,0.0,0.0,53282.15,53308.4,52946.35,53710.35,0,0.0,0.0,0.0,0.0,-0.01,-1,-1,-0.01,-1,-1,-0.01,-1,-1,-0.01,-1,-1,-0.01,-1,-1,-0.01,-1,-1,-0.01,-1,-1,-0.01,-1,-1,-0.01,-1,-1,-0.01,-1,-1
99926009,2026-05-18 09:18:49+05:30,53058.25,0,0.0,0,0.0,0.0,53282.15,53308.4,52946.35,53710.35,0,0.0,0.0,0.0,0.0,-0.01,-1,-1,-0.01,-1,-1,-0.01,-1,-1,-0.01,-1,-1,-0.01,-1,-1,-0.01,-1,-1,-0.01,-1,-1,-0.01,-1,-1,-0.01,-1,-1,-0.01,-1,-1
99926009,2026-05-18 09:18:49+05:30,53062.45,0,0.0,0,0.0,0.0,53282.15,53308.4,52946.35,53710.35,0,0.0,0.0,0.0,0.0,-0.01,-1,-1,-0.01,-1,-1,-0.01,-1,-1,-0.01,-1,-1,-0.01,-1,-1,-0.01,-1,-1,-0.01,-1,-1,-0.01,-1,-1,-0.01,-1,-1,-0.01,-1,-1
99926009,2026-05-18 09:18:50+05:30,53057.1,0,0.0,0,0.0,0.0,53282.15,53308.4,52946.35,53710.35,0,0.0,0.0,0.0,0.0,-0.01,-1,-1,-0.01,-1,-1,-0.01,-1,-1,-0.01,-1,-1,-0.01,-1,-1,-0.01,-1,-1,-0.01,-1,-1,-0.01,-1,-1,-0.01,-1,-1,-0.01,-1,-1
99926009,2026-05-18 09:18:50+05:30,53056.75,0,0.0,0,0.0,0.0,53282.15,53308.4,52946.35,53710.35,0,0.0,0.0,0.0,0.0,-0.01,-1,-1,-0.01,-1,-1,-0.01,-1,-1,-0.01,-1,-1,-0.01,-1,-1,-0.01,-1,-1,-0.01,-1,-1,-0.01,-1,-1,-0.01,-1,-1,-0.01,-1,-1
99926009,2026-05-18 09:18:51+05:30,53062.9,0,0.0,0,0.0,0.0,53282.15,53308.4,52946.35,53710.35,0,0.0,0.0,0.0,0.0,-0.01,-1,-1,-0.01,-1,-1,-0.01,-1,-1,-0.01,-1,-1,-0.01,-1,-1,-0.01,-1,-1,-0.01,-1,-1,-0.01,-1,-1,-0.01,-1,-1,-0.01,-1,-1
99926009,2026-05-18 09:18:51+05:30,53060.05,0,0.0,0,0.0,0.0,53282.15,53308.4,52946.35,53710.35,0,0.0,0.0,0.0,0.0,-0.01,-1,-1,-0.01,-1,-1,-0.01,-1,-1,-0.01,-1,-1,-0.01,-1,-1,-0.01,-1,-1,-0.01,-1,-1,-0.01,-1,-1,-0.01,-1,-1,-0.01,-1,-1
99926009,2026-05-18 09:18:52+05:30,53057.65,0,0.0,0,0.0,0.0,53282.15,53308.4,52946.35,53710.35,0,0.0,0.0,0.0,0.0,-0.01,-1,-1,-0.01,-1,-1,-0.01,-1,-1,-0.01,-1,-1,-0.01,-1,-1,-0.01,-1,-1,-0.01,-1,-1,-0.01,-1,-1,-0.01,-1,-1,-0.01,-1,-1
99926009,2026-05-18 09:18:52+05:30,53056.35,0,0.0,0,0.0,0.0,53282.15,53308.4,52946.35,53710.35,0,0.0,0.0,0.0,0.0,-0.01,-1,-1,-0.01,-1,-1,-0.01,-1,-1,-0.01,-1,-1,-0.01,-1,-1,-0.01,-1,-1,-0.01,-1,-1,-0.01,-1,-1,-0.01,-1,-1,-0.01,-1,-1
99926009,2026-05-18 09:18:53+05:30,53061.1,0,0.0,0,0.0,0.0,53282.15,53308.4,52946.35,53710.35,0,0.0,0.0,0.0,0.0,-0.01,-1,-1,-0.01,-1,-1,-0.01,-1,-1,-0.01,-1,-1,-0.01,-1,-1,-0.01,-1,-1,-0.01,-1,-1,-0.01,-1,-1,-0.01,-1,-1,-0.01,-1,-1
99926009,2026-05-18 09:18:53+05:30,53062.1,0,0.0,0,0.0,0.0,53282.15,53308.4,52946.35,53710.35,0,0.0,0.0,0.0,0.0,-0.01,-1,-1,-0.01,-1,-1,-0.01,-1,-1,-0.01,-1,-1,-0.01,-1,-1,-0.01,-1,-1,-0.01,-1,-1,-0.01,-1,-1,-0.01,-1,-1,-0.01,-1,-1
99926009,2026-05-18 09:18:54+05:30,53061.05,0,0.0,0,0.0,0.0,53282.15,53308.4,52946.35,53710.35,0,0.0,0.0,0.0,0.0,-0.01,-1,-1,-0.01,-1,-1,-0.01,-1,-1,-0.01,-1,-1,-0.01,-1,-1,-0.01,-1,-1,-0.01,-1,-1,-0.01,-1,-1,-0.01,-1,-1,-0.01,-1,-1
99926009,2026-05-18 09:18:54+05:30,53061.5,0,0.0,0,0.0,0.0,53282.15,53308.4,52946.35,53710.35,0,0.0,0.0,0.0,0.0,-0.01,-1,-1,-0.01,-1,-1,-0.01,-1,-1,-0.01,-1,-1,-0.01,-1,-1,-0.01,-1,-1,-0.01,-1,-1,-0.01,-1,-1,-0.01,-1,-1,-0.01,-1,-1
99926009,2026-05-18 09:18:55+05:30,53058.55,0,0.0,0,0.0,0.0,53282.15,53308.4,52946.35,53710.35,0,0.0,0.0,0.0,0.0,-0.01,-1,-1,-0.01,-1,-1,-0.01,-1,-1,-0.01,-1,-1,-0.01,-1,-1,-0.01,-1,-1,-0.01,-1,-1,-0.01,-1,-1,-0.01,-1,-1,-0.01,-1,-1
99926009,2026-05-18 09:18:55+05:30,53061.55,0,0.0,0,0.0,0.0,53282.15,53308.4,52946.35,53710.35,0,0.0,0.0,0.0,0.0,-0.01,-1,-1,-0.01,-1,-1,-0.01,-1,-1,-0.01,-1,-1,-0.01,-1,-1,-0.01,-1,-1,-0.01,-1,-1,-0.01,-1,-1,-0.01,-1,-1,-0.01,-1,-1
99926009,2026-05-18 09:18:56+05:30,53057.85,0,0.0,0,0.0,0.0,53282.15,53308.4,52946.35,53710.35,0,0.0,0.0,0.0,0.0,-0.01,-1,-1,-0.01,-1,-1,-0.01,-1,-1,-0.01,-1,-1,-0.01,-1,-1,-0.01,-1,-1,-0.01,-1,-1,-0.01,-1,-1,-0.01,-1,-1,-0.01,-1,-1
99926009,2026-05-18 09:18:56+05:30,53060.95,0,0.0,0,0.0,0.0,53282.15,53308.4,52946.35,53710.35,0,0.0,0.0,0.0,0.0,-0.01,-1,-1,-0.01,-1,-1,-0.01,-1,-1,-0.01,-1,-1,-0.01,-1,-1,-0.01,-1,-1,-0.01,-1,-1,-0.01,-1,-1,-0.01,-1,-1,-0.01,-1,-1
99926009,2026-05-18 09:18:57+05:30,53063.8,0,0.0,0,0.0,0.0,53282.15,53308.4,52946.35,53710.35,0,0.0,0.0,0.0,0.0,-0.01,-1,-1,-0.01,-1,-1,-0.01,-1,-1,-0.01,-1,-1,-0.01,-1,-1,-0.01,-1,-1,-0.01,-1,-1,-0.01,-1,-1,-0.01,-1,-1,-0.01,-1,-1
99926009,2026-05-18 09:18:57+05:30,53061.75,0,0.0,0,0.0,0.0,53282.15,53308.4,52946.35,53710.35,0,0.0,0.0,0.0,0.0,-0.01,-1,-1,-0.01,-1,-1,-0.01,-1,-1,-0.01,-1,-1,-0.01,-1,-1,-0.01,-1,-1,-0.01,-1,-1,-0.01,-1,-1,-0.01,-1,-1,-0.01,-1,-1
99926009,2026-05-18 09:18:58+05:30,53057.8,0,0.0,0,0.0,0.0,53282.15,53308.4,52946.35,53710.35,0,0.0,0.0,0.0,0.0,-0.01,-1,-1,-0.01,-1,-1,-0.01,-1,-1,-0.01,-1,-1,-0.01,-1,-1,-0.01,-1,-1,-0.01,-1,-1,-0.01,-1,-1,-0.01,-1,-1,-0.01,-1,-1
99926009,2026-05-18 09:18:58+05:30,53056.0,0,0.0,0,0.0,0.0,53282.15,53308.4,52946.35,53710.35,0,0.0,0.0,0.0,0.0,-0.01,-1,-1,-0.01,-1,-1,-0.01,-1,-1,-0.01,-1,-1,-0.01,-1,-1,-0.01,-1,-1,-0.01,-1,-1,-0.01,-1,-1,-0.01,-1,-1,-0.01,-1,-1
99926009,2026-05-18 09:18:59+05:30,53062.9,0,0.0,0,0.0,0.0,53282.15,53308.4,52946.35,53710.35,0,0.0,0.0,0.0,0.0,-0.01,-1,-1,-0.01,-1,-1,-0.01,-1,-1,-0.01,-1,-1,-0.01,-1,-1,-0.01,-1,-1,-0.01,-1,-1,-0.01,-1,-1,-0.01,-1,-1,-0.01,-1,-1
99926009,2026-05-18 09:18:59+05:30,53059.8,0,0.0,0,0.0,0.0,53282.15,53308.4,52946.35,53710.35,0,0.0,0.0,0.0,0.0,-0.01,-1,-1,-0.01,-1,-1,-0.01,-1,-1,-0.01,-1,-1,-0.01,-1,-1,-0.01,-1,-1,-0.01,-1,-1,-0.01,-1,-1,-0.01,-1,-1,-0.01,-1,-1
99926009,2026-05-18 09:19:00+05:30,53062.05,0,0.0,0,0.0,0.0,53282.15,53308.4,52946.35,53710.35,0,0.0,0.0,0.0,0.0,-0.01,-1,-1,-0.01,-1,-1,-0.01,-1,-1,-0.01,-1,-1,-0.01,-1,-1,-0.01,-1,-1,-0.01,-1,-1,-0.01,-1,-1,-0.01,-1,-1,-0.01,-1,-1
99926009,2026-05-18 09:19:00+05:30,53062.55,0,0.0,0,0.0,0.0,53282.15,53308.4,52946.35,53710.35,0,0.0,0.0,0.0,0.0,-0.01,-1,-1,-0.01,-1,-1,-0.01,-1,-1,-0.01,-1,-1,-0.01,-1,-1,-0.01,-1,-1,-0.01,-1,-1,-0.01,-1,-1,-0.01,-1,-1,-0.01,-1,-1
99926009,2026-05-18 09:19:01+05:30,53061.5,0,0.0,0,0.0,0.0,53282.15,53308.4,52946.35,53710.35,0,0.0,0.0,0.0,0.0,-0.01,-1,-1,-0.01,-1,-1,-0.01,-1,-1,-0.01,-1,-1,-0.01,-1,-1,-0.01,-1,-1,-0.01,-1,-1,-0.01,-1,-1,-0.01,-1,-1,-0.01,-1,-1
99926009,2026-05-18 09:19:01+05:30,53059.1,0,0.0,0,0.0,0.0,53282.15,53308.4,52946.35,53710.35,0,0.0,0.0,0.0,0.0,-0.01,-1,-1,-0.01,-1,-1,-0.01,-1,-1,-0.01,-1,-1,-0.01,-1,-1,-0.01,-1,-1,-0.01,-1,-1,-0.01,-1,-1,-0.01,-1,-1,-0.01,-1,-1
99926009,2026-05-18 09:19:02+05:30,53058.7,0,0.0,0,0.0,0.0,53282.15,53308.4,52946.35,53710.35,0,0.0,0.0,0.0,0.0,-0.01,-1,-1,-0.01,-1,-1,-0.01,-1,-1,-0.01,-1,-1,-0.01,-1,-1,-0.01,-1,-1,-0.01,-1,-1,-0.01,-1,-1,-0.01,-1,-1,-0.01,-1,-1
99926009,2026-05-18 09:19:02+05:30,53068.25,0,0.0,0,0.0,0.0,53282.15,53308.4,52946.35,53710.35,0,0.0,0.0,0.0,0.0,-0.01,-1,-1,-0.01,-1,-1,-0.01,-1,-1,-0.01,-1,-1,-0.01,-1,-1,-0.01,-1,-1,-0.01,-1,-1,-0.01,-1,-1,-0.01,-1,-1,-0.01,-1,-1
99926009,2026-05-18 09:19:03+05:30,53066.75,0,0.0,0,0.0,0.0,53282.15,53308.4,52946.35,53710.35,0,0.0,0.0,0.0,0.0,-0.01,-1,-1,-0.01,-1,-1,-0.01,-1,-1,-0.01,-1,-1,-0.01,-1,-1,-0.01,-1,-1,-0.01,-1,-1,-0.01,-1,-1,-0.01,-1,-1,-0.01,-1,-1
99926009,2026-05-18 09:19:03+05:30,53071.9,0,0.0,0,0.0,0.0,53282.15,53308.4,52946.35,53710.35,0,0.0,0.0,0.0,0.0,-0.01,-1,-1,-0.01,-1,-1,-0.01,-1,-1,-0.01,-1,-1,-0.01,-1,-1,-0.01,-1,-1,-0.01,-1,-1,-0.01,-1,-1,-0.01,-1,-1,-0.01,-1,-1
99926009,2026-05-18 09:19:04+05:30,53071.3,0,0.0,0,0.0,0.0,53282.15,53308.4,52946.35,53710.35,0,0.0,0.0,0.0,0.0,-0.01,-1,-1,-0.01,-1,-1,-0.01,-1,-1,-0.01,-1,-1,-0.01,-1,-1,-0.01,-1,-1,-0.01,-1,-1,-0.01,-1,-1,-0.01,-1,-1,-0.01,-1,-1
99926009,2026-05-18 09:19:04+05:30,53074.75,0,0.0,0,0.0,0.0,53282.15,53308.4,52946.35,53710.35,0,0.0,0.0,0.0,0.0,-0.01,-1,-1,-0.01,-1,-1,-0.01,-1,-1,-0.01,-1,-1,-0.01,-1,-1,-0.01,-1,-1,-0.01,-1,-1,-0.01,-1,-1,-0.01,-1,-1,-0.01,-1,-1
99926009,2026-05-18 09:19:05+05:30,53070.45,0,0.0,0,0.0,0.0,53282.15,53308.4,52946.35,53710.35,0,0.0,0.0,0.0,0.0,-0.01,-1,-1,-0.01,-1,-1,-0.01,-1,-1,-0.01,-1,-1,-0.01,-1,-1,-0.01,-1,-1,-0.01,-1,-1,-0.01,-1,-1,-0.01,-1,-1,-0.01,-1,-1
99926009,2026-05-18 09:19:05+05:30,53077.0,0,0.0,0,0.0,0.0,53282.15,53308.4,52946.35,53710.35,0,0.0,0.0,0.0,0.0,-0.01,-1,-1,-0.01,-1,-1,-0.01,-1,-1,-0.01,-1,-1,-0.01,-1,-1,-0.01,-1,-1,-0.01,-1,-1,-0.01,-1,-1,-0.01,-1,-1,-0.01,-1,-1
99926009,2026-05-18 09:19:06+05:30,53077.55,0,0.0,0,0.0,0.0,53282.15,53308.4,52946.35,53710.35,0,0.0,0.0,0.0,0.0,-0.01,-1,-1,-0.01,-1,-1,-0.01,-1,-1,-0.01,-1,-1,-0.01,-1,-1,-0.01,-1,-1,-0.01,-1,-1,-0.01,-1,-1,-0.01,-1,-1,-0.01,-1,-1
99926009,2026-05-18 09:19:06+05:30,53088.9,0,0.0,0,0.0,0.0,53282.15,53308.4,52946.35,53710.35,0,0.0,0.0,0.0,0.0,-0.01,-1,-1,-0.01,-1,-1,-0.01,-1,-1,-0.01,-1,-1,-0.01,-1,-1,-0.01,-1,-1,-0.01,-1,-1,-0.01,-1,-1,-0.01,-1,-1,-0.01,-1,-1
99926009,2026-05-18 09:19:07+05:30,53087.85,0,0.0,0,0.0,0.0,53282.15,53308.4,52946.35,53710.35,0,0.0,0.0,0.0,0.0,-0.01,-1,-1,-0.01,-1,-1,-0.01,-1,-1,-0.01,-1,-1,-0.01,-1,-1,-0.01,-1,-1,-0.01,-1,-1,-0.01,-1,-1,-0.01,-1,-1,-0.01,-1,-1
99926009,2026-05-18 09:19:07+05:30,53090.0,0,0.0,0,0.0,0.0,53282.15,53308.4,52946.35,53710.35,0,0.0,0.0,0.0,0.0,-0.01,-1,-1,-0.01,-1,-1,-0.01,-1,-1,-0.01,-1,-1,-0.01,-1,-1,-0.01,-1,-1,-0.01,-1,-1,-0.01,-1,-1,-0.01,-1,-1,-0.01,-1,-1
99926009,2026-05-18 09:19:08+05:30,53089.3,0,0.0,0,0.0,0.0,53282.15,53308.4,52946.35,53710.35,0,0.0,0.0,0.0,0.0,-0.01,-1,-1,-0.01,-1,-1,-0.01,-1,-1,-0.01,-1,-1,-0.01,-1,-1,-0.01,-1,-1,-0.01,-1,-1,-0.01,-1,-1,-0.01,-1,-1,-0.01,-1,-1
99926009,2026-05-18 09:19:08+05:30,53085.0,0,0.0,0,0.0,0.0,53282.15,53308.4,52946.35,53710.35,0,0.0,0.0,0.0,0.0,-0.01,-1,-1,-0.01,-1,-1,-0.01,-1,-1,-0.01,-1,-1,-0.01,-1,-1,-0.01,-1,-1,-0.01,-1,-1,-0.01,-1,-1,-0.01,-1,-1,-0.01,-1,-1
99926009,2026-05-18 09:19:09+05:30,53088.8,0,0.0,0,0.0,0.0,53282.15,53308.4,52946.35,53710.35,0,0.0,0.0,0.0,0.0,-0.01,-1,-1,-0.01,-1,-1,-0.01,-1,-1,-0.01,-1,-1,-0.01,-1,-1,-0.01,-1,-1,-0.01,-1,-1,-0.01,-1,-1,-0.01,-1,-1,-0.01,-1,-1
99926009,2026-05-18 09:19:09+05:30,53095.2,0,0.0,0,0.0,0.0,53282.15,53308.4,52946.35,53710.35,0,0.0,0.0,0.0,0.0,-0.01,-1,-1,-0.01,-1,-1,-0.01,-1,-1,-0.01,-1,-1,-0.01,-1,-1,-0.01,-1,-1,-0.01,-1,-1,-0.01,-1,-1,-0.01,-1,-1,-0.01,-1,-1
99926009,2026-05-18 09:19:10+05:30,53090.15,0,0.0,0,0.0,0.0,53282.15,53308.4,52946.35,53710.35,0,0.0,0.0,0.0,0.0,-0.01,-1,-1,-0.01,-1,-1,-0.01,-1,-1,-0.01,-1,-1,-0.01,-1,-1,-0.01,-1,-1,-0.01,-1,-1,-0.01,-1,-1,-0.01,-1,-1,-0.01,-1,-1
99926009,2026-05-18 09:19:10+05:30,53097.35,0,0.0,0,0.0,0.0,53282.15,53308.4,52946.35,53710.35,0,0.0,0.0,0.0,0.0,-0.01,-1,-1,-0.01,-1,-1,-0.01,-1,-1,-0.01,-1,-1,-0.01,-1,-1,-0.01,-1,-1,-0.01,-1,-1,-0.01,-1,-1,-0.01,-1,-1,-0.01,-1,-1
99926009,2026-05-18 09:19:11+05:30,53089.7,0,0.0,0,0.0,0.0,53282.15,53308.4,52946.35,53710.35,0,0.0,0.0,0.0,0.0,-0.01,-1,-1,-0.01,-1,-1,-0.01,-1,-1,-0.01,-1,-1,-0.01,-1,-1,-0.01,-1,-1,-0.01,-1,-1,-0.01,-1,-1,-0.01,-1,-1,-0.01,-1,-1
99926009,2026-05-18 09:19:11+05:30,53082.8,0,0.0,0,0.0,0.0,53282.15,53308.4,52946.35,53710.35,0,0.0,0.0,0.0,0.0,-0.01,-1,-1,-0.01,-1,-1,-0.01,-1,-1,-0.01,-1,-1,-0.01,-1,-1,-0.01,-1,-1,-0.01,-1,-1,-0.01,-1,-1,-0.01,-1,-1,-0.01,-1,-1
99926009,2026-05-18 09:19:12+05:30,53077.85,0,0.0,0,0.0,0.0,53282.15,53308.4,52946.35,53710.35,0,0.0,0.0,0.0,0.0,-0.01,-1,-1,-0.01,-1,-1,-0.01,-1,-1,-0.01,-1,-1,-0.01,-1,-1,-0.01,-1,-1,-0.01,-1,-1,-0.01,-1,-1,-0.01,-1,-1,-0.01,-1,-1
99926009,2026-05-18 09:19:12+05:30,53083.2,0,0.0,0,0.0,0.0,53282.15,53308.4,52946.35,53710.35,0,0.0,0.0,0.0,0.0,-0.01,-1,-1,-0.01,-1,-1,-0.01,-1,-1,-0.01,-1,-1,-0.01,-1,-1,-0.01,-1,-1,-0.01,-1,-1,-0.01,-1,-1,-0.01,-1,-1,-0.01,-1,-1
99926009,2026-05-18 09:19:13+05:30,53075.35,0,0.0,0,0.0,0.0,53282.15,53308.4,52946.35,53710.35,0,0.0,0.0,0.0,0.0,-0.01,-1,-1,-0.01,-1,-1,-0.01,-1,-1,-0.01,-1,-1,-0.01,-1,-1,-0.01,-1,-1,-0.01,-1,-1,-0.01,-1,-1,-0.01,-1,-1,-0.01,-1,-1
99926009,2026-05-18 09:19:13+05:30,53081.8,0,0.0,0,0.0,0.0,53282.15,53308.4,52946.35,53710.35,0,0.0,0.0,0.0,0.0,-0.01,-1,-1,-0.01,-1,-1,-0.01,-1,-1,-0.01,-1,-1,-0.01,-1,-1,-0.01,-1,-1,-0.01,-1,-1,-0.01,-1,-1,-0.01,-1,-1,-0.01,-1,-1
99926009,2026-05-18 09:19:14+05:30,53069.3,0,0.0,0,0.0,0.0,53282.15,53308.4,52946.35,53710.35,0,0.0,0.0,0.0,0.0,-0.01,-1,-1,-0.01,-1,-1,-0.01,-1,-1,-0.01,-1,-1,-0.01,-1,-1,-0.01,-1,-1,-0.01,-1,-1,-0.01,-1,-1,-0.01,-1,-1,-0.01,-1,-1
99926009,2026-05-18 09:19:14+05:30,53070.6,0,0.0,0,0.0,0.0,53282.15,53308.4,52946.35,53710.35,0,0.0,0.0,0.0,0.0,-0.01,-1,-1,-0.01,-1,-1,-0.01,-1,-1,-0.01,-1,-1,-0.01,-1,-1,-0.01,-1,-1,-0.01,-1,-1,-0.01,-1,-1,-0.01,-1,-1,-0.01,-1,-1
99926009,2026-05-18 09:19:15+05:30,53073.75,0,0.0,0,0.0,0.0,53282.15,53308.4,52946.35,53710.35,0,0.0,0.0,0.0,0.0,-0.01,-1,-1,-0.01,-1,-1,-0.01,-1,-1,-0.01,-1,-1,-0.01,-1,-1,-0.01,-1,-1,-0.01,-1,-1,-0.01,-1,-1,-0.01,-1,-1,-0.01,-1,-1
99926009,2026-05-18 09:19:15+05:30,53069.8,0,0.0,0,0.0,0.0,53282.15,53308.4,52946.35,53710.35,0,0.0,0.0,0.0,0.0,-0.01,-1,-1,-0.01,-1,-1,-0.01,-1,-1,-0.01,-1,-1,-0.01,-1,-1,-0.01,-1,-1,-0.01,-1,-1,-0.01,-1,-1,-0.01,-1,-1,-0.01,-1,-1
99926009,2026-05-18 09:19:16+05:30,53070.15,0,0.0,0,0.0,0.0,53282.15,53308.4,52946.35,53710.35,0,0.0,0.0,0.0,0.0,-0.01,-1,-1,-0.01,-1,-1,-0.01,-1,-1,-0.01,-1,-1,-0.01,-1,-1,-0.01,-1,-1,-0.01,-1,-1,-0.01,-1,-1,-0.01,-1,-1,-0.01,-1,-1
99926009,2026-05-18 09:19:16+05:30,53067.3,0,0.0,0,0.0,0.0,53282.15,53308.4,52946.35,53710.35,0,0.0,0.0,0.0,0.0,-0.01,-1,-1,-0.01,-1,-1,-0.01,-1,-1,-0.01,-1,-1,-0.01,-1,-1,-0.01,-1,-1,-0.01,-1,-1,-0.01,-1,-1,-0.01,-1,-1,-0.01,-1,-1
99926009,2026-05-18 09:19:17+05:30,53063.95,0,0.0,0,0.0,0.0,53282.15,53308.4,52946.35,53710.35,0,0.0,0.0,0.0,0.0,-0.01,-1,-1,-0.01,-1,-1,-0.01,-1,-1,-0.01,-1,-1,-0.01,-1,-1,-0.01,-1,-1,-0.01,-1,-1,-0.01,-1,-1,-0.01,-1,-1,-0.01,-1,-1
99926009,2026-05-18 09:19:17+05:30,53057.25,0,0.0,0,0.0,0.0,53282.15,53308.4,52946.35,53710.35,0,0.0,0.0,0.0,0.0,-0.01,-1,-1,-0.01,-1,-1,-0.01,-1,-1,-0.01,-1,-1,-0.01,-1,-1,-0.01,-1,-1,-0.01,-1,-1,-0.01,-1,-1,-0.01,-1,-1,-0.01,-1,-1
99926009,2026-05-18 09:19:18+05:30,53053.75,0,0.0,0,0.0,0.0,53282.15,53308.4,52946.35,53710.35,0,0.0,0.0,0.0,0.0,-0.01,-1,-1,-0.01,-1,-1,-0.01,-1,-1,-0.01,-1,-1,-0.01,-1,-1,-0.01,-1,-1,-0.01,-1,-1,-0.01,-1,-1,-0.01,-1,-1,-0.01,-1,-1
99926009,2026-05-18 09:19:18+05:30,53042.3,0,0.0,0,0.0,0.0,53282.15,53308.4,52946.35,53710.35,0,0.0,0.0,0.0,0.0,-0.01,-1,-1,-0.01,-1,-1,-0.01,-1,-1,-0.01,-1,-1,-0.01,-1,-1,-0.01,-1,-1,-0.01,-1,-1,-0.01,-1,-1,-0.01,-1,-1,-0.01,-1,-1
99926009,2026-05-18 09:19:19+05:30,53042.55,0,0.0,0,0.0,0.0,53282.15,53308.4,52946.35,53710.35,0,0.0,0.0,0.0,0.0,-0.01,-1,-1,-0.01,-1,-1,-0.01,-1,-1,-0.01,-1,-1,-0.01,-1,-1,-0.01,-1,-1,-0.01,-1,-1,-0.01,-1,-1,-0.01,-1,-1,-0.01,-1,-1
99926009,2026-05-18 09:19:19+05:30,53048.75,0,0.0,0,0.0,0.0,53282.15,53308.4,52946.35,53710.35,0,0.0,0.0,0.0,0.0,-0.01,-1,-1,-0.01,-1,-1,-0.01,-1,-1,-0.01,-1,-1,-0.01,-1,-1,-0.01,-1,-1,-0.01,-1,-1,-0.01,-1,-1,-0.01,-1,-1,-0.01,-1,-1
99926009,2026-05-18 09:19:20+05:30,53049.8,0,0.0,0,0.0,0.0,53282.15,53308.4,52946.35,53710.35,0,0.0,0.0,0.0,0.0,-0.01,-1,-1,-0.01,-1,-1,-0.01,-1,-1,-0.01,-1,-1,-0.01,-1,-1,-0.01,-1,-1,-0.01,-1,-1,-0.01,-1,-1,-0.01,-1,-1,-0.01,-1,-1
99926009,2026-05-18 09:19:20+05:30,53055.35,0,0.0,0,0.0,0.0,53282.15,53308.4,52946.35,53710.35,0,0.0,0.0,0.0,0.0,-0.01,-1,-1,-0.01,-1,-1,-0.01,-1,-1,-0.01,-1,-1,-0.01,-1,-1,-0.01,-1,-1,-0.01,-1,-1,-0.01,-1,-1,-0.01,-1,-1,-0.01,-1,-1
99926009,2026-05-18 09:19:21+05:30,53053.65,0,0.0,0,0.0,0.0,53282.15,53308.4,52946.35,53710.35,0,0.0,0.0,0.0,0.0,-0.01,-1,-1,-0.01,-1,-1,-0.01,-1,-1,-0.01,-1,-1,-0.01,-1,-1,-0.01,-1,-1,-0.01,-1,-1,-0.01,-1,-1,-0.01,-1,-1,-0.01,-1,-1
99926009,2026-05-18 09:19:21+05:30,53053.65,0,0.0,0,0.0,0.0,53282.15,53308.4,52946.35,53710.35,0,0.0,0.0,0.0,0.0,-0.01,-1,-1,-0.01,-1,-1,-0.01,-1,-1,-0.01,-1,-1,-0.01,-1,-1,-0.01,-1,-1,-0.01,-1,-1,-0.01,-1,-1,-0.01,-1,-1,-0.01,-1,-1
99926009,2026-05-18 09:19:22+05:30,53048.95,0,0.0,0,0.0,0.0,53282.15,53308.4,52946.35,53710.35,0,0.0,0.0,0.0,0.0,-0.01,-1,-1,-0.01,-1,-1,-0.01,-1,-1,-0.01,-1,-1,-0.01,-1,-1,-0.01,-1,-1,-0.01,-1,-1,-0.01,-1,-1,-0.01,-1,-1,-0.01,-1,-1
99926009,2026-05-18 09:19:22+05:30,53055.0,0,0.0,0,0.0,0.0,53282.15,53308.4,52946.35,53710.35,0,0.0,0.0,0.0,0.0,-0.01,-1,-1,-0.01,-1,-1,-0.01,-1,-1,-0.01,-1,-1,-0.01,-1,-1,-0.01,-1,-1,-0.01,-1,-1,-0.01,-1,-1,-0.01,-1,-1,-0.01,-1,-1
99926009,2026-05-18 09:19:23+05:30,53052.6,0,0.0,0,0.0,0.0,53282.15,53308.4,52946.35,53710.35,0,0.0,0.0,0.0,0.0,-0.01,-1,-1,-0.01,-1,-1,-0.01,-1,-1,-0.01,-1,-1,-0.01,-1,-1,-0.01,-1,-1,-0.01,-1,-1,-0.01,-1,-1,-0.01,-1,-1,-0.01,-1,-1
99926009,2026-05-18 09:19:23+05:30,53053.95,0,0.0,0,0.0,0.0,53282.15,53308.4,52946.35,53710.35,0,0.0,0.0,0.0,0.0,-0.01,-1,-1,-0.01,-1,-1,-0.01,-1,-1,-0.01,-1,-1,-0.01,-1,-1,-0.01,-1,-1,-0.01,-1,-1,-0.01,-1,-1,-0.01,-1,-1,-0.01,-1,-1
99926009,2026-05-18 09:19:24+05:30,53051.95,0,0.0,0,0.0,0.0,53282.15,53308.4,52946.35,53710.35,0,0.0,0.0,0.0,0.0,-0.01,-1,-1,-0.01,-1,-1,-0.01,-1,-1,-0.01,-1,-1,-0.01,-1,-1,-0.01,-1,-1,-0.01,-1,-1,-0.01,-1,-1,-0.01,-1,-1,-0.01,-1,-1
99926009,2026-05-18 09:19:24+05:30,53062.2,0,0.0,0,0.0,0.0,53282.15,53308.4,52946.35,53710.35,0,0.0,0.0,0.0,0.0,-0.01,-1,-1,-0.01,-1,-1,-0.01,-1,-1,-0.01,-1,-1,-0.01,-1,-1,-0.01,-1,-1,-0.01,-1,-1,-0.01,-1,-1,-0.01,-1,-1,-0.01,-1,-1
99926009,2026-05-18 09:19:25+05:30,53061.1,0,0.0,0,0.0,0.0,53282.15,53308.4,52946.35,53710.35,0,0.0,0.0,0.0,0.0,-0.01,-1,-1,-0.01,-1,-1,-0.01,-1,-1,-0.01,-1,-1,-0.01,-1,-1,-0.01,-1,-1,-0.01,-1,-1,-0.01,-1,-1,-0.01,-1,-1,-0.01,-1,-1
99926009,2026-05-18 09:19:25+05:30,53057.4,0,0.0,0,0.0,0.0,53282.15,53308.4,52946.35,53710.35,0,0.0,0.0,0.0,0.0,-0.01,-1,-1,-0.01,-1,-1,-0.01,-1,-1,-0.01,-1,-1,-0.01,-1,-1,-0.01,-1,-1,-0.01,-1,-1,-0.01,-1,-1,-0.01,-1,-1,-0.01,-1,-1
99926009,2026-05-18 09:19:26+05:30,53058.65,0,0.0,0,0.0,0.0,53282.15,53308.4,52946.35,53710.35,0,0.0,0.0,0.0,0.0,-0.01,-1,-1,-0.01,-1,-1,-0.01,-1,-1,-0.01,-1,-1,-0.01,-1,-1,-0.01,-1,-1,-0.01,-1,-1,-0.01,-1,-1,-0.01,-1,-1,-0.01,-1,-1
99926009,2026-05-18 09:19:26+05:30,53060.35,0,0.0,0,0.0,0.0,53282.15,53308.4,52946.35,53710.35,0,0.0,0.0,0.0,0.0,-0.01,-1,-1,-0.01,-1,-1,-0.01,-1,-1,-0.01,-1,-1,-0.01,-1,-1,-0.01,-1,-1,-0.01,-1,-1,-0.01,-1,-1,-0.01,-1,-1,-0.01,-1,-1
99926009,2026-05-18 09:19:27+05:30,53060.15,0,0.0,0,0.0,0.0,53282.15,53308.4,52946.35,53710.35,0,0.0,0.0,0.0,0.0,-0.01,-1,-1,-0.01,-1,-1,-0.01,-1,-1,-0.01,-1,-1,-0.01,-1,-1,-0.01,-1,-1,-0.01,-1,-1,-0.01,-1,-1,-0.01,-1,-1,-0.01,-1,-1
99926009,2026-05-18 09:19:27+05:30,53054.6,0,0.0,0,0.0,0.0,53282.15,53308.4,52946.35,53710.35,0,0.0,0.0,0.0,0.0,-0.01,-1,-1,-0.01,-1,-1,-0.01,-1,-1,-0.01,-1,-1,-0.01,-1,-1,-0.01,-1,-1,-0.01,-1,-1,-0.01,-1,-1,-0.01,-1,-1,-0.01,-1,-1
99926009,2026-05-18 09:19:28+05:30,53057.95,0,0.0,0,0.0,0.0,53282.15,53308.4,52946.35,53710.35,0,0.0,0.0,0.0,0.0,-0.01,-1,-1,-0.01,-1,-1,-0.01,-1,-1,-0.01,-1,-1,-0.01,-1,-1,-0.01,-1,-1,-0.01,-1,-1,-0.01,-1,-1,-0.01,-1,-1,-0.01,-1,-1
99926009,2026-05-18 09:19:28+05:30,53056.65,0,0.0,0,0.0,0.0,53282.15,53308.4,52946.35,53710.35,0,0.0,0.0,0.0,0.0,-0.01,-1,-1,-0.01,-1,-1,-0.01,-1,-1,-0.01,-1,-1,-0.01,-1,-1,-0.01,-1,-1,-0.01,-1,-1,-0.01,-1,-1,-0.01,-1,-1,-0.01,-1,-1
99926009,2026-05-18 09:19:29+05:30,53061.85,0,0.0,0,0.0,0.0,53282.15,53308.4,52946.35,53710.35,0,0.0,0.0,0.0,0.0,-0.01,-1,-1,-0.01,-1,-1,-0.01,-1,-1,-0.01,-1,-1,-0.01,-1,-1,-0.01,-1,-1,-0.01,-1,-1,-0.01,-1,-1,-0.01,-1,-1,-0.01,-1,-1
99926009,2026-05-18 09:19:29+05:30,53061.45,0,0.0,0,0.0,0.0,53282.15,53308.4,52946.35,53710.35,0,0.0,0.0,0.0,0.0,-0.01,-1,-1,-0.01,-1,-1,-0.01,-1,-1,-0.01,-1,-1,-0.01,-1,-1,-0.01,-1,-1,-0.01,-1,-1,-0.01,-1,-1,-0.01,-1,-1,-0.01,-1,-1
99926009,2026-05-18 09:19:30+05:30,53061.15,0,0.0,0,0.0,0.0,53282.15,53308.4,52946.35,53710.35,0,0.0,0.0,0.0,0.0,-0.01,-1,-1,-0.01,-1,-1,-0.01,-1,-1,-0.01,-1,-1,-0.01,-1,-1,-0.01,-1,-1,-0.01,-1,-1,-0.01,-1,-1,-0.01,-1,-1,-0.01,-1,-1
99926009,2026-05-18 09:19:30+05:30,53062.6,0,0.0,0,0.0,0.0,53282.15,53308.4,52946.35,53710.35,0,0.0,0.0,0.0,0.0,-0.01,-1,-1,-0.01,-1,-1,-0.01,-1,-1,-0.01,-1,-1,-0.01,-1,-1,-0.01,-1,-1,-0.01,-1,-1,-0.01,-1,-1,-0.01,-1,-1,-0.01,-1,-1
99926009,2026-05-18 09:19:31+05:30,53063.8,0,0.0,0,0.0,0.0,53282.15,53308.4,52946.35,53710.35,0,0.0,0.0,0.0,0.0,-0.01,-1,-1,-0.01,-1,-1,-0.01,-1,-1,-0.01,-1,-1,-0.01,-1,-1,-0.01,-1,-1,-0.01,-1,-1,-0.01,-1,-1,-0.01,-1,-1,-0.01,-1,-1
99926009,2026-05-18 09:19:31+05:30,53062.45,0,0.0,0,0.0,0.0,53282.15,53308.4,52946.35,53710.35,0,0.0,0.0,0.0,0.0,-0.01,-1,-1,-0.01,-1,-1,-0.01,-1,-1,-0.01,-1,-1,-0.01,-1,-1,-0.01,-1,-1,-0.01,-1,-1,-0.01,-1,-1,-0.01,-1,-1,-0.01,-1,-1
99926009,2026-05-18 09:19:32+05:30,53054.4,0,0.0,0,0.0,0.0,53282.15,53308.4,52946.35,53710.35,0,0.0,0.0,0.0,0.0,-0.01,-1,-1,-0.01,-1,-1,-0.01,-1,-1,-0.01,-1,-1,-0.01,-1,-1,-0.01,-1,-1,-0.01,-1,-1,-0.01,-1,-1,-0.01,-1,-1,-0.01,-1,-1
99926009,2026-05-18 09:19:32+05:30,53055.7,0,0.0,0,0.0,0.0,53282.15,53308.4,52946.35,53710.35,0,0.0,0.0,0.0,0.0,-0.01,-1,-1,-0.01,-1,-1,-0.01,-1,-1,-0.01,-1,-1,-0.01,-1,-1,-0.01,-1,-1,-0.01,-1,-1,-0.01,-1,-1,-0.01,-1,-1,-0.01,-1,-1
99926009,2026-05-18 09:19:33+05:30,53058.5,0,0.0,0,0.0,0.0,53282.15,53308.4,52946.35,53710.35,0,0.0,0.0,0.0,0.0,-0.01,-1,-1,-0.01,-1,-1,-0.01,-1,-1,-0.01,-1,-1,-0.01,-1,-1,-0.01,-1,-1,-0.01,-1,-1,-0.01,-1,-1,-0.01,-1,-1,-0.01,-1,-1
99926009,2026-05-18 09:19:33+05:30,53057.85,0,0.0,0,0.0,0.0,53282.15,53308.4,52946.35,53710.35,0,0.0,0.0,0.0,0.0,-0.01,-1,-1,-0.01,-1,-1,-0.01,-1,-1,-0.01,-1,-1,-0.01,-1,-1,-0.01,-1,-1,-0.01,-1,-1,-0.01,-1,-1,-0.01,-1,-1,-0.01,-1,-1
99926009,2026-05-18 09:19:34+05:30,53060.15,0,0.0,0,0.0,0.0,53282.15,53308.4,52946.35,53710.35,0,0.0,0.0,0.0,0.0,-0.01,-1,-1,-0.01,-1,-1,-0.01,-1,-1,-0.01,-1,-1,-0.01,-1,-1,-0.01,-1,-1,-0.01,-1,-1,-0.01,-1,-1,-0.01,-1,-1,-0.01,-1,-1
99926009,2026-05-18 09:19:34+05:30,53056.45,0,0.0,0,0.0,0.0,53282.15,53308.4,52946.35,53710.35,0,0.0,0.0,0.0,0.0,-0.01,-1,-1,-0.01,-1,-1,-0.01,-1,-1,-0.01,-1,-1,-0.01,-1,-1,-0.01,-1,-1,-0.01,-1,-1,-0.01,-1,-1,-0.01,-1,-1,-0.01,-1,-1
99926009,2026-05-18 09:19:35+05:30,53056.4,0,0.0,0,0.0,0.0,53282.15,53308.4,52946.35,53710.35,0,0.0,0.0,0.0,0.0,-0.01,-1,-1,-0.01,-1,-1,-0.01,-1,-1,-0.01,-1,-1,-0.01,-1,-1,-0.01,-1,-1,-0.01,-1,-1,-0.01,-1,-1,-0.01,-1,-1,-0.01,-1,-1
99926009,2026-05-18 09:19:35+05:30,53053.7,0,0.0,0,0.0,0.0,53282.15,53308.4,52946.35,53710.35,0,0.0,0.0,0.0,0.0,-0.01,-1,-1,-0.01,-1,-1,-0.01,-1,-1,-0.01,-1,-1,-0.01,-1,-1,-0.01,-1,-1,-0.01,-1,-1,-0.01,-1,-1,-0.01,-1,-1,-0.01,-1,-1
99926009,2026-05-18 09:19:36+05:30,53054.65,0,0.0,0,0.0,0.0,53282.15,53308.4,52946.35,53710.35,0,0.0,0.0,0.0,0.0,-0.01,-1,-1,-0.01,-1,-1,-0.01,-1,-1,-0.01,-1,-1,-0.01,-1,-1,-0.01,-1,-1,-0.01,-1,-1,-0.01,-1,-1,-0.01,-1,-1,-0.01,-1,-1
99926009,2026-05-18 09:19:36+05:30,53062.55,0,0.0,0,0.0,0.0,53282.15,53308.4,52946.35,53710.35,0,0.0,0.0,0.0,0.0,-0.01,-1,-1,-0.01,-1,-1,-0.01,-1,-1,-0.01,-1,-1,-0.01,-1,-1,-0.01,-1,-1,-0.01,-1,-1,-0.01,-1,-1,-0.01,-1,-1,-0.01,-1,-1
99926009,2026-05-18 09:19:37+05:30,53061.05,0,0.0,0,0.0,0.0,53282.15,53308.4,52946.35,53710.35,0,0.0,0.0,0.0,0.0,-0.01,-1,-1,-0.01,-1,-1,-0.01,-1,-1,-0.01,-1,-1,-0.01,-1,-1,-0.01,-1,-1,-0.01,-1,-1,-0.01,-1,-1,-0.01,-1,-1,-0.01,-1,-1
99926009,2026-05-18 09:19:37+05:30,53066.5,0,0.0,0,0.0,0.0,53282.15,53308.4,52946.35,53710.35,0,0.0,0.0,0.0,0.0,-0.01,-1,-1,-0.01,-1,-1,-0.01,-1,-1,-0.01,-1,-1,-0.01,-1,-1,-0.01,-1,-1,-0.01,-1,-1,-0.01,-1,-1,-0.01,-1,-1,-0.01,-1,-1
99926009,2026-05-18 09:19:38+05:30,53060.6,0,0.0,0,0.0,0.0,53282.15,53308.4,52946.35,53710.35,0,0.0,0.0,0.0,0.0,-0.01,-1,-1,-0.01,-1,-1,-0.01,-1,-1,-0.01,-1,-1,-0.01,-1,-1,-0.01,-1,-1,-0.01,-1,-1,-0.01,-1,-1,-0.01,-1,-1,-0.01,-1,-1
99926009,2026-05-18 09:19:38+05:30,53061.8,0,0.0,0,0.0,0.0,53282.15,53308.4,52946.35,53710.35,0,0.0,0.0,0.0,0.0,-0.01,-1,-1,-0.01,-1,-1,-0.01,-1,-1,-0.01,-1,-1,-0.01,-1,-1,-0.01,-1,-1,-0.01,-1,-1,-0.01,-1,-1,-0.01,-1,-1,-0.01,-1,-1
99926009,2026-05-18 09:19:39+05:30,53065.35,0,0.0,0,0.0,0.0,53282.15,53308.4,52946.35,53710.35,0,0.0,0.0,0.0,0.0,-0.01,-1,-1,-0.01,-1,-1,-0.01,-1,-1,-0.01,-1,-1,-0.01,-1,-1,-0.01,-1,-1,-0.01,-1,-1,-0.01,-1,-1,-0.01,-1,-1,-0.01,-1,-1
99926009,2026-05-18 09:19:39+05:30,53068.05,0,0.0,0,0.0,0.0,53282.15,53308.4,52946.35,53710.35,0,0.0,0.0,0.0,0.0,-0.01,-1,-1,-0.01,-1,-1,-0.01,-1,-1,-0.01,-1,-1,-0.01,-1,-1,-0.01,-1,-1,-0.01,-1,-1,-0.01,-1,-1,-0.01,-1,-1,-0.01,-1,-1
99926009,2026-05-18 09:19:40+05:30,53077.8,0,0.0,0,0.0,0.0,53282.15,53308.4,52946.35,53710.35,0,0.0,0.0,0.0,0.0,-0.01,-1,-1,-0.01,-1,-1,-0.01,-1,-1,-0.01,-1,-1,-0.01,-1,-1,-0.01,-1,-1,-0.01,-1,-1,-0.01,-1,-1,-0.01,-1,-1,-0.01,-1,-1
99926009,2026-05-18 09:19:40+05:30,53076.4,0,0.0,0,0.0,0.0,53282.15,53308.4,52946.35,53710.35,0,0.0,0.0,0.0,0.0,-0.01,-1,-1,-0.01,-1,-1,-0.01,-1,-1,-0.01,-1,-1,-0.01,-1,-1,-0.01,-1,-1,-0.01,-1,-1,-0.01,-1,-1,-0.01,-1,-1,-0.01,-1,-1
99926009,2026-05-18 09:19:41+05:30,53076.7,0,0.0,0,0.0,0.0,53282.15,53308.4,52946.35,53710.35,0,0.0,0.0,0.0,0.0,-0.01,-1,-1,-0.01,-1,-1,-0.01,-1,-1,-0.01,-1,-1,-0.01,-1,-1,-0.01,-1,-1,-0.01,-1,-1,-0.01,-1,-1,-0.01,-1,-1,-0.01,-1,-1
99926009,2026-05-18 09:19:41+05:30,53082.7,0,0.0,0,0.0,0.0,53282.15,53308.4,52946.35,53710.35,0,0.0,0.0,0.0,0.0,-0.01,-1,-1,-0.01,-1,-1,-0.01,-1,-1,-0.01,-1,-1,-0.01,-1,-1,-0.01,-1,-1,-0.01,-1,-1,-0.01,-1,-1,-0.01,-1,-1,-0.01,-1,-1
99926009,2026-05-18 09:19:42+05:30,53076.1,0,0.0,0,0.0,0.0,53282.15,53308.4,52946.35,53710.35,0,0.0,0.0,0.0,0.0,-0.01,-1,-1,-0.01,-1,-1,-0.01,-1,-1,-0.01,-1,-1,-0.01,-1,-1,-0.01,-1,-1,-0.01,-1,-1,-0.01,-1,-1,-0.01,-1,-1,-0.01,-1,-1
99926009,2026-05-18 09:19:42+05:30,53081.55,0,0.0,0,0.0,0.0,53282.15,53308.4,52946.35,53710.35,0,0.0,0.0,0.0,0.0,-0.01,-1,-1,-0.01,-1,-1,-0.01,-1,-1,-0.01,-1,-1,-0.01,-1,-1,-0.01,-1,-1,-0.01,-1,-1,-0.01,-1,-1,-0.01,-1,-1,-0.01,-1,-1
99926009,2026-05-18 09:19:43+05:30,53078.4,0,0.0,0,0.0,0.0,53282.15,53308.4,52946.35,53710.35,0,0.0,0.0,0.0,0.0,-0.01,-1,-1,-0.01,-1,-1,-0.01,-1,-1,-0.01,-1,-1,-0.01,-1,-1,-0.01,-1,-1,-0.01,-1,-1,-0.01,-1,-1,-0.01,-1,-1,-0.01,-1,-1
99926009,2026-05-18 09:19:43+05:30,53076.85,0,0.0,0,0.0,0.0,53282.15,53308.4,52946.35,53710.35,0,0.0,0.0,0.0,0.0,-0.01,-1,-1,-0.01,-1,-1,-0.01,-1,-1,-0.01,-1,-1,-0.01,-1,-1,-0.01,-1,-1,-0.01,-1,-1,-0.01,-1,-1,-0.01,-1,-1,-0.01,-1,-1
99926009,2026-05-18 09:19:44+05:30,53077.1,0,0.0,0,0.0,0.0,53282.15,53308.4,52946.35,53710.35,0,0.0,0.0,0.0,0.0,-0.01,-1,-1,-0.01,-1,-1,-0.01,-1,-1,-0.01,-1,-1,-0.01,-1,-1,-0.01,-1,-1,-0.01,-1,-1,-0.01,-1,-1,-0.01,-1,-1,-0.01,-1,-1
99926009,2026-05-18 09:19:44+05:30,53085.45,0,0.0,0,0.0,0.0,53282.15,53308.4,52946.35,53710.35,0,0.0,0.0,0.0,0.0,-0.01,-1,-1,-0.01,-1,-1,-0.01,-1,-1,-0.01,-1,-1,-0.01,-1,-1,-0.01,-1,-1,-0.01,-1,-1,-0.01,-1,-1,-0.01,-1,-1,-0.01,-1,-1
99926009,2026-05-18 09:19:45+05:30,53083.05,0,0.0,0,0.0,0.0,53282.15,53308.4,52946.35,53710.35,0,0.0,0.0,0.0,0.0,-0.01,-1,-1,-0.01,-1,-1,-0.01,-1,-1,-0.01,-1,-1,-0.01,-1,-1,-0.01,-1,-1,-0.01,-1,-1,-0.01,-1,-1,-0.01,-1,-1,-0.01,-1,-1
99926009,2026-05-18 09:19:45+05:30,53087.7,0,0.0,0,0.0,0.0,53282.15,53308.4,52946.35,53710.35,0,0.0,0.0,0.0,0.0,-0.01,-1,-1,-0.01,-1,-1,-0.01,-1,-1,-0.01,-1,-1,-0.01,-1,-1,-0.01,-1,-1,-0.01,-1,-1,-0.01,-1,-1,-0.01,-1,-1,-0.01,-1,-1
99926009,2026-05-18 09:19:46+05:30,53092.55,0,0.0,0,0.0,0.0,53282.15,53308.4,52946.35,53710.35,0,0.0,0.0,0.0,0.0,-0.01,-1,-1,-0.01,-1,-1,-0.01,-1,-1,-0.01,-1,-1,-0.01,-1,-1,-0.01,-1,-1,-0.01,-1,-1,-0.01,-1,-1,-0.01,-1,-1,-0.01,-1,-1
99926009,2026-05-18 09:19:46+05:30,53093.35,0,0.0,0,0.0,0.0,53282.15,53308.4,52946.35,53710.35,0,0.0,0.0,0.0,0.0,-0.01,-1,-1,-0.01,-1,-1,-0.01,-1,-1,-0.01,-1,-1,-0.01,-1,-1,-0.01,-1,-1,-0.01,-1,-1,-0.01,-1,-1,-0.01,-1,-1,-0.01,-1,-1
99926009,2026-05-18 09:19:47+05:30,53091.5,0,0.0,0,0.0,0.0,53282.15,53308.4,52946.35,53710.35,0,0.0,0.0,0.0,0.0,-0.01,-1,-1,-0.01,-1,-1,-0.01,-1,-1,-0.01,-1,-1,-0.01,-1,-1,-0.01,-1,-1,-0.01,-1,-1,-0.01,-1,-1,-0.01,-1,-1,-0.01,-1,-1
99926009,2026-05-18 09:19:47+05:30,53095.0,0,0.0,0,0.0,0.0,53282.15,53308.4,52946.35,53710.35,0,0.0,0.0,0.0,0.0,-0.01,-1,-1,-0.01,-1,-1,-0.01,-1,-1,-0.01,-1,-1,-0.01,-1,-1,-0.01,-1,-1,-0.01,-1,-1,-0.01,-1,-1,-0.01,-1,-1,-0.01,-1,-1
99926009,2026-05-18 09:19:48+05:30,53094.7,0,0.0,0,0.0,0.0,53282.15,53308.4,52946.35,53710.35,0,0.0,0.0,0.0,0.0,-0.01,-1,-1,-0.01,-1,-1,-0.01,-1,-1,-0.01,-1,-1,-0.01,-1,-1,-0.01,-1,-1,-0.01,-1,-1,-0.01,-1,-1,-0.01,-1,-1,-0.01,-1,-1
99926009,2026-05-18 09:19:48+05:30,53099.85,0,0.0,0,0.0,0.0,53282.15,53308.4,52946.35,53710.35,0,0.0,0.0,0.0,0.0,-0.01,-1,-1,-0.01,-1,-1,-0.01,-1,-1,-0.01,-1,-1,-0.01,-1,-1,-0.01,-1,-1,-0.01,-1,-1,-0.01,-1,-1,-0.01,-1,-1,-0.01,-1,-1
99926009,2026-05-18 09:19:49+05:30,53099.95,0,0.0,0,0.0,0.0,53282.15,53308.4,52946.35,53710.35,0,0.0,0.0,0.0,0.0,-0.01,-1,-1,-0.01,-1,-1,-0.01,-1,-1,-0.01,-1,-1,-0.01,-1,-1,-0.01,-1,-1,-0.01,-1,-1,-0.01,-1,-1,-0.01,-1,-1,-0.01,-1,-1
99926009,2026-05-18 09:19:49+05:30,53104.4,0,0.0,0,0.0,0.0,53282.15,53308.4,52946.35,53710.35,0,0.0,0.0,0.0,0.0,-0.01,-1,-1,-0.01,-1,-1,-0.01,-1,-1,-0.01,-1,-1,-0.01,-1,-1,-0.01,-1,-1,-0.01,-1,-1,-0.01,-1,-1,-0.01,-1,-1,-0.01,-1,-1
99926009,2026-05-18 09:19:50+05:30,53105.25,0,0.0,0,0.0,0.0,53282.15,53308.4,52946.35,53710.35,0,0.0,0.0,0.0,0.0,-0.01,-1,-1,-0.01,-1,-1,-0.01,-1,-1,-0.01,-1,-1,-0.01,-1,-1,-0.01,-1,-1,-0.01,-1,-1,-0.01,-1,-1,-0.01,-1,-1,-0.01,-1,-1
99926009,2026-05-18 09:19:50+05:30,53103.9,0,0.0,0,0.0,0.0,53282.15,53308.4,52946.35,53710.35,0,0.0,0.0,0.0,0.0,-0.01,-1,-1,-0.01,-1,-1,-0.01,-1,-1,-0.01,-1,-1,-0.01,-1,-1,-0.01,-1,-1,-0.01,-1,-1,-0.01,-1,-1,-0.01,-1,-1,-0.01,-1,-1
99926009,2026-05-18 09:19:51+05:30,53100.95,0,0.0,0,0.0,0.0,53282.15,53308.4,52946.35,53710.35,0,0.0,0.0,0.0,0.0,-0.01,-1,-1,-0.01,-1,-1,-0.01,-1,-1,-0.01,-1,-1,-0.01,-1,-1,-0.01,-1,-1,-0.01,-1,-1,-0.01,-1,-1,-0.01,-1,-1,-0.01,-1,-1
99926009,2026-05-18 09:19:51+05:30,53107.8,0,0.0,0,0.0,0.0,53282.15,53308.4,52946.35,53710.35,0,0.0,0.0,0.0,0.0,-0.01,-1,-1,-0.01,-1,-1,-0.01,-1,-1,-0.01,-1,-1,-0.01,-1,-1,-0.01,-1,-1,-0.01,-1,-1,-0.01,-1,-1,-0.01,-1,-1,-0.01,-1,-1
99926009,2026-05-18 09:19:52+05:30,53109.7,0,0.0,0,0.0,0.0,53282.15,53308.4,52946.35,53710.35,0,0.0,0.0,0.0,0.0,-0.01,-1,-1,-0.01,-1,-1,-0.01,-1,-1,-0.01,-1,-1,-0.01,-1,-1,-0.01,-1,-1,-0.01,-1,-1,-0.01,-1,-1,-0.01,-1,-1,-0.01,-1,-1
99926009,2026-05-18 09:19:52+05:30,53115.35,0,0.0,0,0.0,0.0,53282.15,53308.4,52946.35,53710.35,0,0.0,0.0,0.0,0.0,-0.01,-1,-1,-0.01,-1,-1,-0.01,-1,-1,-0.01,-1,-1,-0.01,-1,-1,-0.01,-1,-1,-0.01,-1,-1,-0.01,-1,-1,-0.01,-1,-1,-0.01,-1,-1
99926009,2026-05-18 09:19:53+05:30,53113.85,0,0.0,0,0.0,0.0,53282.15,53308.4,52946.35,53710.35,0,0.0,0.0,0.0,0.0,-0.01,-1,-1,-0.01,-1,-1,-0.01,-1,-1,-0.01,-1,-1,-0.01,-1,-1,-0.01,-1,-1,-0.01,-1,-1,-0.01,-1,-1,-0.01,-1,-1,-0.01,-1,-1
99926009,2026-05-18 09:19:53+05:30,53111.5,0,0.0,0,0.0,0.0,53282.15,53308.4,52946.35,53710.35,0,0.0,0.0,0.0,0.0,-0.01,-1,-1,-0.01,-1,-1,-0.01,-1,-1,-0.01,-1,-1,-0.01,-1,-1,-0.01,-1,-1,-0.01,-1,-1,-0.01,-1,-1,-0.01,-1,-1,-0.01,-1,-1
99926009,2026-05-18 09:19:54+05:30,53108.6,0,0.0,0,0.0,0.0,53282.15,53308.4,52946.35,53710.35,0,0.0,0.0,0.0,0.0,-0.01,-1,-1,-0.01,-1,-1,-0.01,-1,-1,-0.01,-1,-1,-0.01,-1,-1,-0.01,-1,-1,-0.01,-1,-1,-0.01,-1,-1,-0.01,-1,-1,-0.01,-1,-1
99926009,2026-05-18 09:19:54+05:30,53107.75,0,0.0,0,0.0,0.0,53282.15,53308.4,52946.35,53710.35,0,0.0,0.0,0.0,0.0,-0.01,-1,-1,-0.01,-1,-1,-0.01,-1,-1,-0.01,-1,-1,-0.01,-1,-1,-0.01,-1,-1,-0.01,-1,-1,-0.01,-1,-1,-0.01,-1,-1,-0.01,-1,-1
99926009,2026-05-18 09:19:55+05:30,53108.75,0,0.0,0,0.0,0.0,53282.15,53308.4,52946.35,53710.35,0,0.0,0.0,0.0,0.0,-0.01,-1,-1,-0.01,-1,-1,-0.01,-1,-1,-0.01,-1,-1,-0.01,-1,-1,-0.01,-1,-1,-0.01,-1,-1,-0.01,-1,-1,-0.01,-1,-1,-0.01,-1,-1
99926009,2026-05-18 09:19:55+05:30,53111.35,0,0.0,0,0.0,0.0,53282.15,53308.4,52946.35,53710.35,0,0.0,0.0,0.0,0.0,-0.01,-1,-1,-0.01,-1,-1,-0.01,-1,-1,-0.01,-1,-1,-0.01,-1,-1,-0.01,-1,-1,-0.01,-1,-1,-0.01,-1,-1,-0.01,-1,-1,-0.01,-1,-1
99926009,2026-05-18 09:19:56+05:30,53111.3,0,0.0,0,0.0,0.0,53282.15,53308.4,52946.35,53710.35,0,0.0,0.0,0.0,0.0,-0.01,-1,-1,-0.01,-1,-1,-0.01,-1,-1,-0.01,-1,-1,-0.01,-1,-1,-0.01,-1,-1,-0.01,-1,-1,-0.01,-1,-1,-0.01,-1,-1,-0.01,-1,-1
99926009,2026-05-18 09:19:56+05:30,53118.1,0,0.0,0,0.0,0.0,53282.15,53308.4,52946.35,53710.35,0,0.0,0.0,0.0,0.0,-0.01,-1,-1,-0.01,-1,-1,-0.01,-1,-1,-0.01,-1,-1,-0.01,-1,-1,-0.01,-1,-1,-0.01,-1,-1,-0.01,-1,-1,-0.01,-1,-1,-0.01,-1,-1
99926009,2026-05-18 09:19:57+05:30,53114.55,0,0.0,0,0.0,0.0,53282.15,53308.4,52946.35,53710.35,0,0.0,0.0,0.0,0.0,-0.01,-1,-1,-0.01,-1,-1,-0.01,-1,-1,-0.01,-1,-1,-0.01,-1,-1,-0.01,-1,-1,-0.01,-1,-1,-0.01,-1,-1,-0.01,-1,-1,-0.01,-1,-1
99926009,2026-05-18 09:19:57+05:30,53111.0,0,0.0,0,0.0,0.0,53282.15,53308.4,52946.35,53710.35,0,0.0,0.0,0.0,0.0,-0.01,-1,-1,-0.01,-1,-1,-0.01,-1,-1,-0.01,-1,-1,-0.01,-1,-1,-0.01,-1,-1,-0.01,-1,-1,-0.01,-1,-1,-0.01,-1,-1,-0.01,-1,-1
99926009,2026-05-18 09:19:58+05:30,53115.05,0,0.0,0,0.0,0.0,53282.15,53308.4,52946.35,53710.35,0,0.0,0.0,0.0,0.0,-0.01,-1,-1,-0.01,-1,-1,-0.01,-1,-1,-0.01,-1,-1,-0.01,-1,-1,-0.01,-1,-1,-0.01,-1,-1,-0.01,-1,-1,-0.01,-1,-1,-0.01,-1,-1
99926009,2026-05-18 09:19:58+05:30,53115.4,0,0.0,0,0.0,0.0,53282.15,53308.4,52946.35,53710.35,0,0.0,0.0,0.0,0.0,-0.01,-1,-1,-0.01,-1,-1,-0.01,-1,-1,-0.01,-1,-1,-0.01,-1,-1,-0.01,-1,-1,-0.01,-1,-1,-0.01,-1,-1,-0.01,-1,-1,-0.01,-1,-1
99926009,2026-05-18 09:19:59+05:30,53117.1,0,0.0,0,0.0,0.0,53282.15,53308.4,52946.35,53710.35,0,0.0,0.0,0.0,0.0,-0.01,-1,-1,-0.01,-1,-1,-0.01,-1,-1,-0.01,-1,-1,-0.01,-1,-1,-0.01,-1,-1,-0.01,-1,-1,-0.01,-1,-1,-0.01,-1,-1,-0.01,-1,-1
99926009,2026-05-18 09:19:59+05:30,53113.4,0,0.0,0,0.0,0.0,53282.15,53308.4,52946.35,53710.35,0,0.0,0.0,0.0,0.0,-0.01,-1,-1,-0.01,-1,-1,-0.01,-1,-1,-0.01,-1,-1,-0.01,-1,-1,-0.01,-1,-1,-0.01,-1,-1,-0.01,-1,-1,-0.01,-1,-1,-0.01,-1,-1
99926009,2026-05-18 09:20:00+05:30,53112.35,0,0.0,0,0.0,0.0,53282.15,53308.4,52946.35,53710.35,0,0.0,0.0,0.0,0.0,-0.01,-1,-1,-0.01,-1,-1,-0.01,-1,-1,-0.01,-1,-1,-0.01,-1,-1,-0.01,-1,-1,-0.01,-1,-1,-0.01,-1,-1,-0.01,-1,-1,-0.01,-1,-1
99926009,2026-05-18 09:20:00+05:30,53114.15,0,0.0,0,0.0,0.0,53282.15,53308.4,52946.35,53710.35,0,0.0,0.0,0.0,0.0,-0.01,-1,-1,-0.01,-1,-1,-0.01,-1,-1,-0.01,-1,-1,-0.01,-1,-1,-0.01,-1,-1,-0.01,-1,-1,-0.01,-1,-1,-0.01,-1,-1,-0.01,-1,-1
99926009,2026-05-18 09:20:01+05:30,53118.1,0,0.0,0,0.0,0.0,53282.15,53308.4,52946.35,53710.35,0,0.0,0.0,0.0,0.0,-0.01,-1,-1,-0.01,-1,-1,-0.01,-1,-1,-0.01,-1,-1,-0.01,-1,-1,-0.01,-1,-1,-0.01,-1,-1,-0.01,-1,-1,-0.01,-1,-1,-0.01,-1,-1
99926009,2026-05-18 09:20:01+05:30,53115.75,0,0.0,0,0.0,0.0,53282.15,53308.4,52946.35,53710.35,0,0.0,0.0,0.0,0.0,-0.01,-1,-1,-0.01,-1,-1,-0.01,-1,-1,-0.01,-1,-1,-0.01,-1,-1,-0.01,-1,-1,-0.01,-1,-1,-0.01,-1,-1,-0.01,-1,-1,-0.01,-1,-1
99926009,2026-05-18 09:20:02+05:30,53124.95,0,0.0,0,0.0,0.0,53282.15,53308.4,52946.35,53710.35,0,0.0,0.0,0.0,0.0,-0.01,-1,-1,-0.01,-1,-1,-0.01,-1,-1,-0.01,-1,-1,-0.01,-1,-1,-0.01,-1,-1,-0.01,-1,-1,-0.01,-1,-1,-0.01,-1,-1,-0.01,-1,-1
99926009,2026-05-18 09:20:02+05:30,53123.7,0,0.0,0,0.0,0.0,53282.15,53308.4,52946.35,53710.35,0,0.0,0.0,0.0,0.0,-0.01,-1,-1,-0.01,-1,-1,-0.01,-1,-1,-0.01,-1,-1,-0.01,-1,-1,-0.01,-1,-1,-0.01,-1,-1,-0.01,-1,-1,-0.01,-1,-1,-0.01,-1,-1
99926009,2026-05-18 09:20:03+05:30,53133.85,0,0.0,0,0.0,0.0,53282.15,53308.4,52946.35,53710.35,0,0.0,0.0,0.0,0.0,-0.01,-1,-1,-0.01,-1,-1,-0.01,-1,-1,-0.01,-1,-1,-0.01,-1,-1,-0.01,-1,-1,-0.01,-1,-1,-0.01,-1,-1,-0.01,-1,-1,-0.01,-1,-1
99926009,2026-05-18 09:20:03+05:30,53135.7,0,0.0,0,0.0,0.0,53282.15,53308.4,52946.35,53710.35,0,0.0,0.0,0.0,0.0,-0.01,-1,-1,-0.01,-1,-1,-0.01,-1,-1,-0.01,-1,-1,-0.01,-1,-1,-0.01,-1,-1,-0.01,-1,-1,-0.01,-1,-1,-0.01,-1,-1,-0.01,-1,-1
99926009,2026-05-18 09:20:04+05:30,53138.35,0,0.0,0,0.0,0.0,53282.15,53308.4,52946.35,53710.35,0,0.0,0.0,0.0,0.0,-0.01,-1,-1,-0.01,-1,-1,-0.01,-1,-1,-0.01,-1,-1,-0.01,-1,-1,-0.01,-1,-1,-0.01,-1,-1,-0.01,-1,-1,-0.01,-1,-1,-0.01,-1,-1
99926009,2026-05-18 09:20:04+05:30,53132.1,0,0.0,0,0.0,0.0,53282.15,53308.4,52946.35,53710.35,0,0.0,0.0,0.0,0.0,-0.01,-1,-1,-0.01,-1,-1,-0.01,-1,-1,-0.01,-1,-1,-0.01,-1,-1,-0.01,-1,-1,-0.01,-1,-1,-0.01,-1,-1,-0.01,-1,-1,-0.01,-1,-1
99926009,2026-05-18 09:20:05+05:30,53136.65,0,0.0,0,0.0,0.0,53282.15,53308.4,52946.35,53710.35,0,0.0,0.0,0.0,0.0,-0.01,-1,-1,-0.01,-1,-1,-0.01,-1,-1,-0.01,-1,-1,-0.01,-1,-1,-0.01,-1,-1,-0.01,-1,-1,-0.01,-1,-1,-0.01,-1,-1,-0.01,-1,-1
99926009,2026-05-18 09:20:05+05:30,53132.85,0,0.0,0,0.0,0.0,53282.15,53308.4,52946.35,53710.35,0,0.0,0.0,0.0,0.0,-0.01,-1,-1,-0.01,-1,-1,-0.01,-1,-1,-0.01,-1,-1,-0.01,-1,-1,-0.01,-1,-1,-0.01,-1,-1,-0.01,-1,-1,-0.01,-1,-1,-0.01,-1,-1
99926009,2026-05-18 09:20:06+05:30,53127.1,0,0.0,0,0.0,0.0,53282.15,53308.4,52946.35,53710.35,0,0.0,0.0,0.0,0.0,-0.01,-1,-1,-0.01,-1,-1,-0.01,-1,-1,-0.01,-1,-1,-0.01,-1,-1,-0.01,-1,-1,-0.01,-1,-1,-0.01,-1,-1,-0.01,-1,-1,-0.01,-1,-1
99926009,2026-05-18 09:20:06+05:30,53118.65,0,0.0,0,0.0,0.0,53282.15,53308.4,52946.35,53710.35,0,0.0,0.0,0.0,0.0,-0.01,-1,-1,-0.01,-1,-1,-0.01,-1,-1,-0.01,-1,-1,-0.01,-1,-1,-0.01,-1,-1,-0.01,-1,-1,-0.01,-1,-1,-0.01,-1,-1,-0.01,-1,-1
99926009,2026-05-18 09:20:07+05:30,53109.1,0,0.0,0,0.0,0.0,53282.15,53308.4,52946.35,53710.35,0,0.0,0.0,0.0,0.0,-0.01,-1,-1,-0.01,-1,-1,-0.01,-1,-1,-0.01,-1,-1,-0.01,-1,-1,-0.01,-1,-1,-0.01,-1,-1,-0.01,-1,-1,-0.01,-1,-1,-0.01,-1,-1
99926009,2026-05-18 09:20:07+05:30,53110.9,0,0.0,0,0.0,0.0,53282.15,53308.4,52946.35,53710.35,0,0.0,0.0,0.0,0.0,-0.01,-1,-1,-0.01,-1,-1,-0.01,-1,-1,-0.01,-1,-1,-0.01,-1,-1,-0.01,-1,-1,-0.01,-1,-1,-0.01,-1,-1,-0.01,-1,-1,-0.01,-1,-1
99926009,2026-05-18 09:20:08+05:30,53108.4,0,0.0,0,0.0,0.0,53282.15,53308.4,52946.35,53710.35,0,0.0,0.0,0.0,0.0,-0.01,-1,-1,-0.01,-1,-1,-0.01,-1,-1,-0.01,-1,-1,-0.01,-1,-1,-0.01,-1,-1,-0.01,-1,-1,-0.01,-1,-1,-0.01,-1,-1,-0.01,-1,-1
99926009,2026-05-18 09:20:08+05:30,53103.65,0,0.0,0,0.0,0.0,53282.15,53308.4,52946.35,53710.35,0,0.0,0.0,0.0,0.0,-0.01,-1,-1,-0.01,-1,-1,-0.01,-1,-1,-0.01,-1,-1,-0.01,-1,-1,-0.01,-1,-1,-0.01,-1,-1,-0.01,-1,-1,-0.01,-1,-1,-0.01,-1,-1
99926009,2026-05-18 09:20:09+05:30,53098.6,0,0.0,0,0.0,0.0,53282.15,53308.4,52946.35,53710.35,0,0.0,0.0,0.0,0.0,-0.01,-1,-1,-0.01,-1,-1,-0.01,-1,-1,-0.01,-1,-1,-0.01,-1,-1,-0.01,-1,-1,-0.01,-1,-1,-0.01,-1,-1,-0.01,-1,-1,-0.01,-1,-1
99926009,2026-05-18 09:20:09+05:30,53091.3,0,0.0,0,0.0,0.0,53282.15,53308.4,52946.35,53710.35,0,0.0,0.0,0.0,0.0,-0.01,-1,-1,-0.01,-1,-1,-0.01,-1,-1,-0.01,-1,-1,-0.01,-1,-1,-0.01,-1,-1,-0.01,-1,-1,-0.01,-1,-1,-0.01,-1,-1,-0.01,-1,-1
99926009,2026-05-18 09:20:10+05:30,53092.3,0,0.0,0,0.0,0.0,53282.15,53308.4,52946.35,53710.35,0,0.0,0.0,0.0,0.0,-0.01,-1,-1,-0.01,-1,-1,-0.01,-1,-1,-0.01,-1,-1,-0.01,-1,-1,-0.01,-1,-1,-0.01,-1,-1,-0.01,-1,-1,-0.01,-1,-1,-0.01,-1,-1
99926009,2026-05-18 09:20:10+05:30,53092.35,0,0.0,0,0.0,0.0,53282.15,53308.4,52946.35,53710.35,0,0.0,0.0,0.0,0.0,-0.01,-1,-1,-0.01,-1,-1,-0.01,-1,-1,-0.01,-1,-1,-0.01,-1,-1,-0.01,-1,-1,-0.01,-1,-1,-0.01,-1,-1,-0.01,-1,-1,-0.01,-1,-1
99926009,2026-05-18 09:20:11+05:30,53092.45,0,0.0,0,0.0,0.0,53282.15,53308.4,52946.35,53710.35,0,0.0,0.0,0.0,0.0,-0.01,-1,-1,-0.01,-1,-1,-0.01,-1,-1,-0.01,-1,-1,-0.01,-1,-1,-0.01,-1,-1,-0.01,-1,-1,-0.01,-1,-1,-0.01,-1,-1,-0.01,-1,-1
99926009,2026-05-18 09:20:11+05:30,53089.65,0,0.0,0,0.0,0.0,53282.15,53308.4,52946.35,53710.35,0,0.0,0.0,0.0,0.0,-0.01,-1,-1,-0.01,-1,-1,-0.01,-1,-1,-0.01,-1,-1,-0.01,-1,-1,-0.01,-1,-1,-0.01,-1,-1,-0.01,-1,-1,-0.01,-1,-1,-0.01,-1,-1
99926009,2026-05-18 09:20:12+05:30,53088.5,0,0.0,0,0.0,0.0,53282.15,53308.4,52946.35,53710.35,0,0.0,0.0,0.0,0.0,-0.01,-1,-1,-0.01,-1,-1,-0.01,-1,-1,-0.01,-1,-1,-0.01,-1,-1,-0.01,-1,-1,-0.01,-1,-1,-0.01,-1,-1,-0.01,-1,-1,-0.01,-1,-1
99926009,2026-05-18 09:20:12+05:30,53088.6,0,0.0,0,0.0,0.0,53282.15,53308.4,52946.35,53710.35,0,0.0,0.0,0.0,0.0,-0.01,-1,-1,-0.01,-1,-1,-0.01,-1,-1,-0.01,-1,-1,-0.01,-1,-1,-0.01,-1,-1,-0.01,-1,-1,-0.01,-1,-1,-0.01,-1,-1,-0.01,-1,-1
99926009,2026-05-18 09:20:13+05:30,53085.95,0,0.0,0,0.0,0.0,53282.15,53308.4,52946.35,53710.35,0,0.0,0.0,0.0,0.0,-0.01,-1,-1,-0.01,-1,-1,-0.01,-1,-1,-0.01,-1,-1,-0.01,-1,-1,-0.01,-1,-1,-0.01,-1,-1,-0.01,-1,-1,-0.01,-1,-1,-0.01,-1,-1
99926009,2026-05-18 09:20:13+05:30,53083.2,0,0.0,0,0.0,0.0,53282.15,53308.4,52946.35,53710.35,0,0.0,0.0,0.0,0.0,-0.01,-1,-1,-0.01,-1,-1,-0.01,-1,-1,-0.01,-1,-1,-0.01,-1,-1,-0.01,-1,-1,-0.01,-1,-1,-0.01,-1,-1,-0.01,-1,-1,-0.01,-1,-1
99926009,2026-05-18 09:20:14+05:30,53082.1,0,0.0,0,0.0,0.0,53282.15,53308.4,52946.35,53710.35,0,0.0,0.0,0.0,0.0,-0.01,-1,-1,-0.01,-1,-1,-0.01,-1,-1,-0.01,-1,-1,-0.01,-1,-1,-0.01,-1,-1,-0.01,-1,-1,-0.01,-1,-1,-0.01,-1,-1,-0.01,-1,-1
99926009,2026-05-18 09:20:14+05:30,53082.15,0,0.0,0,0.0,0.0,53282.15,53308.4,52946.35,53710.35,0,0.0,0.0,0.0,0.0,-0.01,-1,-1,-0.01,-1,-1,-0.01,-1,-1,-0.01,-1,-1,-0.01,-1,-1,-0.01,-1,-1,-0.01,-1,-1,-0.01,-1,-1,-0.01,-1,-1,-0.01,-1,-1
99926009,2026-05-18 09:20:15+05:30,53085.2,0,0.0,0,0.0,0.0,53282.15,53308.4,52946.35,53710.35,0,0.0,0.0,0.0,0.0,-0.01,-1,-1,-0.01,-1,-1,-0.01,-1,-1,-0.01,-1,-1,-0.01,-1,-1,-0.01,-1,-1,-0.01,-1,-1,-0.01,-1,-1,-0.01,-1,-1,-0.01,-1,-1
99926009,2026-05-18 09:20:15+05:30,53086.35,0,0.0,0,0.0,0.0,53282.15,53308.4,52946.35,53710.35,0,0.0,0.0,0.0,0.0,-0.01,-1,-1,-0.01,-1,-1,-0.01,-1,-1,-0.01,-1,-1,-0.01,-1,-1,-0.01,-1,-1,-0.01,-1,-1,-0.01,-1,-1,-0.01,-1,-1,-0.01,-1,-1
99926009,2026-05-18 09:20:16+05:30,53087.15,0,0.0,0,0.0,0.0,53282.15,53308.4,52946.35,53710.35,0,0.0,0.0,0.0,0.0,-0.01,-1,-1,-0.01,-1,-1,-0.01,-1,-1,-0.01,-1,-1,-0.01,-1,-1,-0.01,-1,-1,-0.01,-1,-1,-0.01,-1,-1,-0.01,-1,-1,-0.01,-1,-1
99926009,2026-05-18 09:20:16+05:30,53087.95,0,0.0,0,0.0,0.0,53282.15,53308.4,52946.35,53710.35,0,0.0,0.0,0.0,0.0,-0.01,-1,-1,-0.01,-1,-1,-0.01,-1,-1,-0.01,-1,-1,-0.01,-1,-1,-0.01,-1,-1,-0.01,-1,-1,-0.01,-1,-1,-0.01,-1,-1,-0.01,-1,-1
99926009,2026-05-18 09:20:17+05:30,53075.65,0,0.0,0,0.0,0.0,53282.15,53308.4,52946.35,53710.35,0,0.0,0.0,0.0,0.0,-0.01,-1,-1,-0.01,-1,-1,-0.01,-1,-1,-0.01,-1,-1,-0.01,-1,-1,-0.01,-1,-1,-0.01,-1,-1,-0.01,-1,-1,-0.01,-1,-1,-0.01,-1,-1
99926009,2026-05-18 09:20:17+05:30,53084.0,0,0.0,0,0.0,0.0,53282.15,53308.4,52946.35,53710.35,0,0.0,0.0,0.0,0.0,-0.01,-1,-1,-0.01,-1,-1,-0.01,-1,-1,-0.01,-1,-1,-0.01,-1,-1,-0.01,-1,-1,-0.01,-1,-1,-0.01,-1,-1,-0.01,-1,-1,-0.01,-1,-1
99926009,2026-05-18 09:20:18+05:30,53084.35,0,0.0,0,0.0,0.0,53282.15,53308.4,52946.35,53710.35,0,0.0,0.0,0.0,0.0,-0.01,-1,-1,-0.01,-1,-1,-0.01,-1,-1,-0.01,-1,-1,-0.01,-1,-1,-0.01,-1,-1,-0.01,-1,-1,-0.01,-1,-1,-0.01,-1,-1,-0.01,-1,-1
99926009,2026-05-18 09:20:18+05:30,53083.3,0,0.0,0,0.0,0.0,53282.15,53308.4,52946.35,53710.35,0,0.0,0.0,0.0,0.0,-0.01,-1,-1,-0.01,-1,-1,-0.01,-1,-1,-0.01,-1,-1,-0.01,-1,-1,-0.01,-1,-1,-0.01,-1,-1,-0.01,-1,-1,-0.01,-1,-1,-0.01,-1,-1
99926009,2026-05-18 09:20:19+05:30,53078.5,0,0.0,0,0.0,0.0,53282.15,53308.4,52946.35,53710.35,0,0.0,0.0,0.0,0.0,-0.01,-1,-1,-0.01,-1,-1,-0.01,-1,-1,-0.01,-1,-1,-0.01,-1,-1,-0.01,-1,-1,-0.01,-1,-1,-0.01,-1,-1,-0.01,-1,-1,-0.01,-1,-1
99926009,2026-05-18 09:20:19+05:30,53079.2,0,0.0,0,0.0,0.0,53282.15,53308.4,52946.35,53710.35,0,0.0,0.0,0.0,0.0,-0.01,-1,-1,-0.01,-1,-1,-0.01,-1,-1,-0.01,-1,-1,-0.01,-1,-1,-0.01,-1,-1,-0.01,-1,-1,-0.01,-1,-1,-0.01,-1,-1,-0.01,-1,-1
99926009,2026-05-18 09:20:20+05:30,53080.6,0,0.0,0,0.0,0.0,53282.15,53308.4,52946.35,53710.35,0,0.0,0.0,0.0,0.0,-0.01,-1,-1,-0.01,-1,-1,-0.01,-1,-1,-0.01,-1,-1,-0.01,-1,-1,-0.01,-1,-1,-0.01,-1,-1,-0.01,-1,-1,-0.01,-1,-1,-0.01,-1,-1
99926009,2026-05-18 09:20:20+05:30,53080.45,0,0.0,0,0.0,0.0,53282.15,53308.4,52946.35,53710.35,0,0.0,0.0,0.0,0.0,-0.01,-1,-1,-0.01,-1,-1,-0.01,-1,-1,-0.01,-1,-1,-0.01,-1,-1,-0.01,-1,-1,-0.01,-1,-1,-0.01,-1,-1,-0.01,-1,-1,-0.01,-1,-1
99926009,2026-05-18 09:20:21+05:30,53071.4,0,0.0,0,0.0,0.0,53282.15,53308.4,52946.35,53710.35,0,0.0,0.0,0.0,0.0,-0.01,-1,-1,-0.01,-1,-1,-0.01,-1,-1,-0.01,-1,-1,-0.01,-1,-1,-0.01,-1,-1,-0.01,-1,-1,-0.01,-1,-1,-0.01,-1,-1,-0.01,-1,-1
99926009,2026-05-18 09:20:21+05:30,53071.2,0,0.0,0,0.0,0.0,53282.15,53308.4,52946.35,53710.35,0,0.0,0.0,0.0,0.0,-0.01,-1,-1,-0.01,-1,-1,-0.01,-1,-1,-0.01,-1,-1,-0.01,-1,-1,-0.01,-1,-1,-0.01,-1,-1,-0.01,-1,-1,-0.01,-1,-1,-0.01,-1,-1
99926009,2026-05-18 09:20:22+05:30,53067.1,0,0.0,0,0.0,0.0,53282.15,53308.4,52946.35,53710.35,0,0.0,0.0,0.0,0.0,-0.01,-1,-1,-0.01,-1,-1,-0.01,-1,-1,-0.01,-1,-1,-0.01,-1,-1,-0.01,-1,-1,-0.01,-1,-1,-0.01,-1,-1,-0.01,-1,-1,-0.01,-1,-1
99926009,2026-05-18 09:20:22+05:30,53066.75,0,0.0,0,0.0,0.0,53282.15,53308.4,52946.35,53710.35,0,0.0,0.0,0.0,0.0,-0.01,-1,-1,-0.01,-1,-1,-0.01,-1,-1,-0.01,-1,-1,-0.01,-1,-1,-0.01,-1,-1,-0.01,-1,-1,-0.01,-1,-1,-0.01,-1,-1,-0.01,-1,-1
99926009,2026-05-18 09:20:23+05:30,53070.2,0,0.0,0,0.0,0.0,53282.15,53308.4,52946.35,53710.35,0,0.0,0.0,0.0,0.0,-0.01,-1,-1,-0.01,-1,-1,-0.01,-1,-1,-0.01,-1,-1,-0.01,-1,-1,-0.01,-1,-1,-0.01,-1,-1,-0.01,-1,-1,-0.01,-1,-1,-0.01,-1,-1
99926009,2026-05-18 09:20:23+05:30,53071.15,0,0.0,0,0.0,0.0,53282.15,53308.4,52946.35,53710.35,0,0.0,0.0,0.0,0.0,-0.01,-1,-1,-0.01,-1,-1,-0.01,-1,-1,-0.01,-1,-1,-0.01,-1,-1,-0.01,-1,-1,-0.01,-1,-1,-0.01,-1,-1,-0.01,-1,-1,-0.01,-1,-1
99926009,2026-05-18 09:20:24+05:30,53072.3,0,0.0,0,0.0,0.0,53282.15,53308.4,52946.35,53710.35,0,0.0,0.0,0.0,0.0,-0.01,-1,-1,-0.01,-1,-1,-0.01,-1,-1,-0.01,-1,-1,-0.01,-1,-1,-0.01,-1,-1,-0.01,-1,-1,-0.01,-1,-1,-0.01,-1,-1,-0.01,-1,-1
99926009,2026-05-18 09:20:24+05:30,53075.1,0,0.0,0,0.0,0.0,53282.15,53308.4,52946.35,53710.35,0,0.0,0.0,0.0,0.0,-0.01,-1,-1,-0.01,-1,-1,-0.01,-1,-1,-0.01,-1,-1,-0.01,-1,-1,-0.01,-1,-1,-0.01,-1,-1,-0.01,-1,-1,-0.01,-1,-1,-0.01,-1,-1
99926009,2026-05-18 09:20:25+05:30,53074.95,0,0.0,0,0.0,0.0,53282.15,53308.4,52946.35,53710.35,0,0.0,0.0,0.0,0.0,-0.01,-1,-1,-0.01,-1,-1,-0.01,-1,-1,-0.01,-1,-1,-0.01,-1,-1,-0.01,-1,-1,-0.01,-1,-1,-0.01,-1,-1,-0.01,-1,-1,-0.01,-1,-1
99926009,2026-05-18 09:20:25+05:30,53071.15,0,0.0,0,0.0,0.0,53282.15,53308.4,52946.35,53710.35,0,0.0,0.0,0.0,0.0,-0.01,-1,-1,-0.01,-1,-1,-0.01,-1,-1,-0.01,-1,-1,-0.01,-1,-1,-0.01,-1,-1,-0.01,-1,-1,-0.01,-1,-1,-0.01,-1,-1,-0.01,-1,-1
99926009,2026-05-18 09:20:26+05:30,53067.9,0,0.0,0,0.0,0.0,53282.15,53308.4,52946.35,53710.35,0,0.0,0.0,0.0,0.0,-0.01,-1,-1,-0.01,-1,-1,-0.01,-1,-1,-0.01,-1,-1,-0.01,-1,-1,-0.01,-1,-1,-0.01,-1,-1,-0.01,-1,-1,-0.01,-1,-1,-0.01,-1,-1
99926009,2026-05-18 09:20:26+05:30,53063.2,0,0.0,0,0.0,0.0,53282.15,53308.4,52946.35,53710.35,0,0.0,0.0,0.0,0.0,-0.01,-1,-1,-0.01,-1,-1,-0.01,-1,-1,-0.01,-1,-1,-0.01,-1,-1,-0.01,-1,-1,-0.01,-1,-1,-0.01,-1,-1,-0.01,-1,-1,-0.01,-1,-1
99926009,2026-05-18 09:20:27+05:30,53067.35,0,0.0,0,0.0,0.0,53282.15,53308.4,52946.35,53710.35,0,0.0,0.0,0.0,0.0,-0.01,-1,-1,-0.01,-1,-1,-0.01,-1,-1,-0.01,-1,-1,-0.01,-1,-1,-0.01,-1,-1,-0.01,-1,-1,-0.01,-1,-1,-0.01,-1,-1,-0.01,-1,-1
99926009,2026-05-18 09:20:27+05:30,53064.7,0,0.0,0,0.0,0.0,53282.15,53308.4,52946.35,53710.35,0,0.0,0.0,0.0,0.0,-0.01,-1,-1,-0.01,-1,-1,-0.01,-1,-1,-0.01,-1,-1,-0.01,-1,-1,-0.01,-1,-1,-0.01,-1,-1,-0.01,-1,-1,-0.01,-1,-1,-0.01,-1,-1
99926009,2026-05-18 09:20:28+05:30,53057.85,0,0.0,0,0.0,0.0,53282.15,53308.4,52946.35,53710.35,0,0.0,0.0,0.0,0.0,-0.01,-1,-1,-0.01,-1,-1,-0.01,-1,-1,-0.01,-1,-1,-0.01,-1,-1,-0.01,-1,-1,-0.01,-1,-1,-0.01,-1,-1,-0.01,-1,-1,-0.01,-1,-1
99926009,2026-05-18 09:20:28+05:30,53058.0,0,0.0,0,0.0,0.0,53282.15,53308.4,52946.35,53710.35,0,0.0,0.0,0.0,0.0,-0.01,-1,-1,-0.01,-1,-1,-0.01,-1,-1,-0.01,-1,-1,-0.01,-1,-1,-0.01,-1,-1,-0.01,-1,-1,-0.01,-1,-1,-0.01,-1,-1,-0.01,-1,-1
99926009,2026-05-18 09:20:29+05:30,53063.3,0,0.0,0,0.0,0.0,53282.15,53308.4,52946.35,53710.35,0,0.0,0.0,0.0,0.0,-0.01,-1,-1,-0.01,-1,-1,-0.01,-1,-1,-0.01,-1,-1,-0.01,-1,-1,-0.01,-1,-1,-0.01,-1,-1,-0.01,-1,-1,-0.01,-1,-1,-0.01,-1,-1
99926009,2026-05-18 09:20:29+05:30,53065.55,0,0.0,0,0.0,0.0,53282.15,53308.4,52946.35,53710.35,0,0.0,0.0,0.0,0.0,-0.01,-1,-1,-0.01,-1,-1,-0.01,-1,-1,-0.01,-1,-1,-0.01,-1,-1,-0.01,-1,-1,-0.01,-1,-1,-0.01,-1,-1,-0.01,-1,-1,-0.01,-1,-1
99926009,2026-05-18 09:20:30+05:30,53061.45,0,0.0,0,0.0,0.0,53282.15,53308.4,52946.35,53710.35,0,0.0,0.0,0.0,0.0,-0.01,-1,-1,-0.01,-1,-1,-0.01,-1,-1,-0.01,-1,-1,-0.01,-1,-1,-0.01,-1,-1,-0.01,-1,-1,-0.01,-1,-1,-0.01,-1,-1,-0.01,-1,-1
99926009,2026-05-18 09:20:30+05:30,53067.05,0,0.0,0,0.0,0.0,53282.15,53308.4,52946.35,53710.35,0,0.0,0.0,0.0,0.0,-0.01,-1,-1,-0.01,-1,-1,-0.01,-1,-1,-0.01,-1,-1,-0.01,-1,-1,-0.01,-1,-1,-0.01,-1,-1,-0.01,-1,-1,-0.01,-1,-1,-0.01,-1,-1
99926009,2026-05-18 09:20:31+05:30,53074.1,0,0.0,0,0.0,0.0,53282.15,53308.4,52946.35,53710.35,0,0.0,0.0,0.0,0.0,-0.01,-1,-1,-0.01,-1,-1,-0.01,-1,-1,-0.01,-1,-1,-0.01,-1,-1,-0.01,-1,-1,-0.01,-1,-1,-0.01,-1,-1,-0.01,-1,-1,-0.01,-1,-1
99926009,2026-05-18 09:20:31+05:30,53071.65,0,0.0,0,0.0,0.0,53282.15,53308.4,52946.35,53710.35,0,0.0,0.0,0.0,0.0,-0.01,-1,-1,-0.01,-1,-1,-0.01,-1,-1,-0.01,-1,-1,-0.01,-1,-1,-0.01,-1,-1,-0.01,-1,-1,-0.01,-1,-1,-0.01,-1,-1,-0.01,-1,-1
99926009,2026-05-18 09:20:32+05:30,53070.55,0,0.0,0,0.0,0.0,53282.15,53308.4,52946.35,53710.35,0,0.0,0.0,0.0,0.0,-0.01,-1,-1,-0.01,-1,-1,-0.01,-1,-1,-0.01,-1,-1,-0.01,-1,-1,-0.01,-1,-1,-0.01,-1,-1,-0.01,-1,-1,-0.01,-1,-1,-0.01,-1,-1
99926009,2026-05-18 09:20:32+05:30,53070.8,0,0.0,0,0.0,0.0,53282.15,53308.4,52946.35,53710.35,0,0.0,0.0,0.0,0.0,-0.01,-1,-1,-0.01,-1,-1,-0.01,-1,-1,-0.01,-1,-1,-0.01,-1,-1,-0.01,-1,-1,-0.01,-1,-1,-0.01,-1,-1,-0.01,-1,-1,-0.01,-1,-1
99926009,2026-05-18 09:20:33+05:30,53073.05,0,0.0,0,0.0,0.0,53282.15,53308.4,52946.35,53710.35,0,0.0,0.0,0.0,0.0,-0.01,-1,-1,-0.01,-1,-1,-0.01,-1,-1,-0.01,-1,-1,-0.01,-1,-1,-0.01,-1,-1,-0.01,-1,-1,-0.01,-1,-1,-0.01,-1,-1,-0.01,-1,-1
99926009,2026-05-18 09:20:33+05:30,53080.55,0,0.0,0,0.0,0.0,53282.15,53308.4,52946.35,53710.35,0,0.0,0.0,0.0,0.0,-0.01,-1,-1,-0.01,-1,-1,-0.01,-1,-1,-0.01,-1,-1,-0.01,-1,-1,-0.01,-1,-1,-0.01,-1,-1,-0.01,-1,-1,-0.01,-1,-1,-0.01,-1,-1
99926009,2026-05-18 09:20:34+05:30,53079.9,0,0.0,0,0.0,0.0,53282.15,53308.4,52946.35,53710.35,0,0.0,0.0,0.0,0.0,-0.01,-1,-1,-0.01,-1,-1,-0.01,-1,-1,-0.01,-1,-1,-0.01,-1,-1,-0.01,-1,-1,-0.01,-1,-1,-0.01,-1,-1,-0.01,-1,-1,-0.01,-1,-1
99926009,2026-05-18 09:20:34+05:30,53072.2,0,0.0,0,0.0,0.0,53282.15,53308.4,52946.35,53710.35,0,0.0,0.0,0.0,0.0,-0.01,-1,-1,-0.01,-1,-1,-0.01,-1,-1,-0.01,-1,-1,-0.01,-1,-1,-0.01,-1,-1,-0.01,-1,-1,-0.01,-1,-1,-0.01,-1,-1,-0.01,-1,-1
99926009,2026-05-18 09:20:35+05:30,53071.85,0,0.0,0,0.0,0.0,53282.15,53308.4,52946.35,53710.35,0,0.0,0.0,0.0,0.0,-0.01,-1,-1,-0.01,-1,-1,-0.01,-1,-1,-0.01,-1,-1,-0.01,-1,-1,-0.01,-1,-1,-0.01,-1,-1,-0.01,-1,-1,-0.01,-1,-1,-0.01,-1,-1
99926009,2026-05-18 09:20:35+05:30,53075.55,0,0.0,0,0.0,0.0,53282.15,53308.4,52946.35,53710.35,0,0.0,0.0,0.0,0.0,-0.01,-1,-1,-0.01,-1,-1,-0.01,-1,-1,-0.01,-1,-1,-0.01,-1,-1,-0.01,-1,-1,-0.01,-1,-1,-0.01,-1,-1,-0.01,-1,-1,-0.01,-1,-1
99926009,2026-05-18 09:20:36+05:30,53077.25,0,0.0,0,0.0,0.0,53282.15,53308.4,52946.35,53710.35,0,0.0,0.0,0.0,0.0,-0.01,-1,-1,-0.01,-1,-1,-0.01,-1,-1,-0.01,-1,-1,-0.01,-1,-1,-0.01,-1,-1,-0.01,-1,-1,-0.01,-1,-1,-0.01,-1,-1,-0.01,-1,-1
99926009,2026-05-18 09:20:36+05:30,53084.15,0,0.0,0,0.0,0.0,53282.15,53308.4,52946.35,53710.35,0,0.0,0.0,0.0,0.0,-0.01,-1,-1,-0.01,-1,-1,-0.01,-1,-1,-0.01,-1,-1,-0.01,-1,-1,-0.01,-1,-1,-0.01,-1,-1,-0.01,-1,-1,-0.01,-1,-1,-0.01,-1,-1
99926009,2026-05-18 09:20:37+05:30,53083.85,0,0.0,0,0.0,0.0,53282.15,53308.4,52946.35,53710.35,0,0.0,0.0,0.0,0.0,-0.01,-1,-1,-0.01,-1,-1,-0.01,-1,-1,-0.01,-1,-1,-0.01,-1,-1,-0.01,-1,-1,-0.01,-1,-1,-0.01,-1,-1,-0.01,-1,-1,-0.01,-1,-1
99926009,2026-05-18 09:20:37+05:30,53081.25,0,0.0,0,0.0,0.0,53282.15,53308.4,52946.35,53710.35,0,0.0,0.0,0.0,0.0,-0.01,-1,-1,-0.01,-1,-1,-0.01,-1,-1,-0.01,-1,-1,-0.01,-1,-1,-0.01,-1,-1,-0.01,-1,-1,-0.01,-1,-1,-0.01,-1,-1,-0.01,-1,-1
99926009,2026-05-18 09:20:38+05:30,53082.15,0,0.0,0,0.0,0.0,53282.15,53308.4,52946.35,53710.35,0,0.0,0.0,0.0,0.0,-0.01,-1,-1,-0.01,-1,-1,-0.01,-1,-1,-0.01,-1,-1,-0.01,-1,-1,-0.01,-1,-1,-0.01,-1,-1,-0.01,-1,-1,-0.01,-1,-1,-0.01,-1,-1
99926009,2026-05-18 09:20:38+05:30,53079.2,0,0.0,0,0.0,0.0,53282.15,53308.4,52946.35,53710.35,0,0.0,0.0,0.0,0.0,-0.01,-1,-1,-0.01,-1,-1,-0.01,-1,-1,-0.01,-1,-1,-0.01,-1,-1,-0.01,-1,-1,-0.01,-1,-1,-0.01,-1,-1,-0.01,-1,-1,-0.01,-1,-1
99926009,2026-05-18 09:20:39+05:30,53078.3,0,0.0,0,0.0,0.0,53282.15,53308.4,52946.35,53710.35,0,0.0,0.0,0.0,0.0,-0.01,-1,-1,-0.01,-1,-1,-0.01,-1,-1,-0.01,-1,-1,-0.01,-1,-1,-0.01,-1,-1,-0.01,-1,-1,-0.01,-1,-1,-0.01,-1,-1,-0.01,-1,-1
99926009,2026-05-18 09:20:39+05:30,53079.15,0,0.0,0,0.0,0.0,53282.15,53308.4,52946.35,53710.35,0,0.0,0.0,0.0,0.0,-0.01,-1,-1,-0.01,-1,-1,-0.01,-1,-1,-0.01,-1,-1,-0.01,-1,-1,-0.01,-1,-1,-0.01,-1,-1,-0.01,-1,-1,-0.01,-1,-1,-0.01,-1,-1
99926009,2026-05-18 09:20:40+05:30,53077.5,0,0.0,0,0.0,0.0,53282.15,53308.4,52946.35,53710.35,0,0.0,0.0,0.0,0.0,-0.01,-1,-1,-0.01,-1,-1,-0.01,-1,-1,-0.01,-1,-1,-0.01,-1,-1,-0.01,-1,-1,-0.01,-1,-1,-0.01,-1,-1,-0.01,-1,-1,-0.01,-1,-1
99926009,2026-05-18 09:20:40+05:30,53079.4,0,0.0,0,0.0,0.0,53282.15,53308.4,52946.35,53710.35,0,0.0,0.0,0.0,0.0,-0.01,-1,-1,-0.01,-1,-1,-0.01,-1,-1,-0.01,-1,-1,-0.01,-1,-1,-0.01,-1,-1,-0.01,-1,-1,-0.01,-1,-1,-0.01,-1,-1,-0.01,-1,-1
99926009,2026-05-18 09:20:41+05:30,53076.1,0,0.0,0,0.0,0.0,53282.15,53308.4,52946.35,53710.35,0,0.0,0.0,0.0,0.0,-0.01,-1,-1,-0.01,-1,-1,-0.01,-1,-1,-0.01,-1,-1,-0.01,-1,-1,-0.01,-1,-1,-0.01,-1,-1,-0.01,-1,-1,-0.01,-1,-1,-0.01,-1,-1
99926009,2026-05-18 09:20:41+05:30,53079.75,0,0.0,0,0.0,0.0,53282.15,53308.4,52946.35,53710.35,0,0.0,0.0,0.0,0.0,-0.01,-1,-1,-0.01,-1,-1,-0.01,-1,-1,-0.01,-1,-1,-0.01,-1,-1,-0.01,-1,-1,-0.01,-1,-1,-0.01,-1,-1,-0.01,-1,-1,-0.01,-1,-1
99926009,2026-05-18 09:20:42+05:30,53081.05,0,0.0,0,0.0,0.0,53282.15,53308.4,52946.35,53710.35,0,0.0,0.0,0.0,0.0,-0.01,-1,-1,-0.01,-1,-1,-0.01,-1,-1,-0.01,-1,-1,-0.01,-1,-1,-0.01,-1,-1,-0.01,-1,-1,-0.01,-1,-1,-0.01,-1,-1,-0.01,-1,-1
99926009,2026-05-18 09:20:42+05:30,53078.7,0,0.0,0,0.0,0.0,53282.15,53308.4,52946.35,53710.35,0,0.0,0.0,0.0,0.0,-0.01,-1,-1,-0.01,-1,-1,-0.01,-1,-1,-0.01,-1,-1,-0.01,-1,-1,-0.01,-1,-1,-0.01,-1,-1,-0.01,-1,-1,-0.01,-1,-1,-0.01,-1,-1
99926009,2026-05-18 09:20:43+05:30,53082.95,0,0.0,0,0.0,0.0,53282.15,53308.4,52946.35,53710.35,0,0.0,0.0,0.0,0.0,-0.01,-1,-1,-0.01,-1,-1,-0.01,-1,-1,-0.01,-1,-1,-0.01,-1,-1,-0.01,-1,-1,-0.01,-1,-1,-0.01,-1,-1,-0.01,-1,-1,-0.01,-1,-1
99926009,2026-05-18 09:20:43+05:30,53078.2,0,0.0,0,0.0,0.0,53282.15,53308.4,52946.35,53710.35,0,0.0,0.0,0.0,0.0,-0.01,-1,-1,-0.01,-1,-1,-0.01,-1,-1,-0.01,-1,-1,-0.01,-1,-1,-0.01,-1,-1,-0.01,-1,-1,-0.01,-1,-1,-0.01,-1,-1,-0.01,-1,-1
99926009,2026-05-18 09:20:44+05:30,53081.4,0,0.0,0,0.0,0.0,53282.15,53308.4,52946.35,53710.35,0,0.0,0.0,0.0,0.0,-0.01,-1,-1,-0.01,-1,-1,-0.01,-1,-1,-0.01,-1,-1,-0.01,-1,-1,-0.01,-1,-1,-0.01,-1,-1,-0.01,-1,-1,-0.01,-1,-1,-0.01,-1,-1
99926009,2026-05-18 09:20:44+05:30,53076.9,0,0.0,0,0.0,0.0,53282.15,53308.4,52946.35,53710.35,0,0.0,0.0,0.0,0.0,-0.01,-1,-1,-0.01,-1,-1,-0.01,-1,-1,-0.01,-1,-1,-0.01,-1,-1,-0.01,-1,-1,-0.01,-1,-1,-0.01,-1,-1,-0.01,-1,-1,-0.01,-1,-1
99926009,2026-05-18 09:20:45+05:30,53077.7,0,0.0,0,0.0,0.0,53282.15,53308.4,52946.35,53710.35,0,0.0,0.0,0.0,0.0,-0.01,-1,-1,-0.01,-1,-1,-0.01,-1,-1,-0.01,-1,-1,-0.01,-1,-1,-0.01,-1,-1,-0.01,-1,-1,-0.01,-1,-1,-0.01,-1,-1,-0.01,-1,-1
99926009,2026-05-18 09:20:45+05:30,53079.15,0,0.0,0,0.0,0.0,53282.15,53308.4,52946.35,53710.35,0,0.0,0.0,0.0,0.0,-0.01,-1,-1,-0.01,-1,-1,-0.01,-1,-1,-0.01,-1,-1,-0.01,-1,-1,-0.01,-1,-1,-0.01,-1,-1,-0.01,-1,-1,-0.01,-1,-1,-0.01,-1,-1
99926009,2026-05-18 09:20:46+05:30,53082.0,0,0.0,0,0.0,0.0,53282.15,53308.4,52946.35,53710.35,0,0.0,0.0,0.0,0.0,-0.01,-1,-1,-0.01,-1,-1,-0.01,-1,-1,-0.01,-1,-1,-0.01,-1,-1,-0.01,-1,-1,-0.01,-1,-1,-0.01,-1,-1,-0.01,-1,-1,-0.01,-1,-1
99926009,2026-05-18 09:20:46+05:30,53080.8,0,0.0,0,0.0,0.0,53282.15,53308.4,52946.35,53710.35,0,0.0,0.0,0.0,0.0,-0.01,-1,-1,-0.01,-1,-1,-0.01,-1,-1,-0.01,-1,-1,-0.01,-1,-1,-0.01,-1,-1,-0.01,-1,-1,-0.01,-1,-1,-0.01,-1,-1,-0.01,-1,-1
99926009,2026-05-18 09:20:47+05:30,53084.3,0,0.0,0,0.0,0.0,53282.15,53308.4,52946.35,53710.35,0,0.0,0.0,0.0,0.0,-0.01,-1,-1,-0.01,-1,-1,-0.01,-1,-1,-0.01,-1,-1,-0.01,-1,-1,-0.01,-1,-1,-0.01,-1,-1,-0.01,-1,-1,-0.01,-1,-1,-0.01,-1,-1
99926009,2026-05-18 09:20:47+05:30,53080.7,0,0.0,0,0.0,0.0,53282.15,53308.4,52946.35,53710.35,0,0.0,0.0,0.0,0.0,-0.01,-1,-1,-0.01,-1,-1,-0.01,-1,-1,-0.01,-1,-1,-0.01,-1,-1,-0.01,-1,-1,-0.01,-1,-1,-0.01,-1,-1,-0.01,-1,-1,-0.01,-1,-1
99926009,2026-05-18 09:20:48+05:30,53082.6,0,0.0,0,0.0,0.0,53282.15,53308.4,52946.35,53710.35,0,0.0,0.0,0.0,0.0,-0.01,-1,-1,-0.01,-1,-1,-0.01,-1,-1,-0.01,-1,-1,-0.01,-1,-1,-0.01,-1,-1,-0.01,-1,-1,-0.01,-1,-1,-0.01,-1,-1,-0.01,-1,-1
99926009,2026-05-18 09:20:48+05:30,53084.7,0,0.0,0,0.0,0.0,53282.15,53308.4,52946.35,53710.35,0,0.0,0.0,0.0,0.0,-0.01,-1,-1,-0.01,-1,-1,-0.01,-1,-1,-0.01,-1,-1,-0.01,-1,-1,-0.01,-1,-1,-0.01,-1,-1,-0.01,-1,-1,-0.01,-1,-1,-0.01,-1,-1
99926009,2026-05-18 09:20:49+05:30,53089.05,0,0.0,0,0.0,0.0,53282.15,53308.4,52946.35,53710.35,0,0.0,0.0,0.0,0.0,-0.01,-1,-1,-0.01,-1,-1,-0.01,-1,-1,-0.01,-1,-1,-0.01,-1,-1,-0.01,-1,-1,-0.01,-1,-1,-0.01,-1,-1,-0.01,-1,-1,-0.01,-1,-1
99926009,2026-05-18 09:20:49+05:30,53085.95,0,0.0,0,0.0,0.0,53282.15,53308.4,52946.35,53710.35,0,0.0,0.0,0.0,0.0,-0.01,-1,-1,-0.01,-1,-1,-0.01,-1,-1,-0.01,-1,-1,-0.01,-1,-1,-0.01,-1,-1,-0.01,-1,-1,-0.01,-1,-1,-0.01,-1,-1,-0.01,-1,-1
99926009,2026-05-18 09:20:50+05:30,53089.25,0,0.0,0,0.0,0.0,53282.15,53308.4,52946.35,53710.35,0,0.0,0.0,0.0,0.0,-0.01,-1,-1,-0.01,-1,-1,-0.01,-1,-1,-0.01,-1,-1,-0.01,-1,-1,-0.01,-1,-1,-0.01,-1,-1,-0.01,-1,-1,-0.01,-1,-1,-0.01,-1,-1
99926009,2026-05-18 09:20:50+05:30,53088.95,0,0.0,0,0.0,0.0,53282.15,53308.4,52946.35,53710.35,0,0.0,0.0,0.0,0.0,-0.01,-1,-1,-0.01,-1,-1,-0.01,-1,-1,-0.01,-1,-1,-0.01,-1,-1,-0.01,-1,-1,-0.01,-1,-1,-0.01,-1,-1,-0.01,-1,-1,-0.01,-1,-1
99926009,2026-05-18 09:20:51+05:30,53088.25,0,0.0,0,0.0,0.0,53282.15,53308.4,52946.35,53710.35,0,0.0,0.0,0.0,0.0,-0.01,-1,-1,-0.01,-1,-1,-0.01,-1,-1,-0.01,-1,-1,-0.01,-1,-1,-0.01,-1,-1,-0.01,-1,-1,-0.01,-1,-1,-0.01,-1,-1,-0.01,-1,-1
99926009,2026-05-18 09:20:51+05:30,53087.85,0,0.0,0,0.0,0.0,53282.15,53308.4,52946.35,53710.35,0,0.0,0.0,0.0,0.0,-0.01,-1,-1,-0.01,-1,-1,-0.01,-1,-1,-0.01,-1,-1,-0.01,-1,-1,-0.01,-1,-1,-0.01,-1,-1,-0.01,-1,-1,-0.01,-1,-1,-0.01,-1,-1
99926009,2026-05-18 09:20:52+05:30,53087.05,0,0.0,0,0.0,0.0,53282.15,53308.4,52946.35,53710.35,0,0.0,0.0,0.0,0.0,-0.01,-1,-1,-0.01,-1,-1,-0.01,-1,-1,-0.01,-1,-1,-0.01,-1,-1,-0.01,-1,-1,-0.01,-1,-1,-0.01,-1,-1,-0.01,-1,-1,-0.01,-1,-1
99926009,2026-05-18 09:20:52+05:30,53087.95,0,0.0,0,0.0,0.0,53282.15,53308.4,52946.35,53710.35,0,0.0,0.0,0.0,0.0,-0.01,-1,-1,-0.01,-1,-1,-0.01,-1,-1,-0.01,-1,-1,-0.01,-1,-1,-0.01,-1,-1,-0.01,-1,-1,-0.01,-1,-1,-0.01,-1,-1,-0.01,-1,-1
99926009,2026-05-18 09:20:53+05:30,53090.85,0,0.0,0,0.0,0.0,53282.15,53308.4,52946.35,53710.35,0,0.0,0.0,0.0,0.0,-0.01,-1,-1,-0.01,-1,-1,-0.01,-1,-1,-0.01,-1,-1,-0.01,-1,-1,-0.01,-1,-1,-0.01,-1,-1,-0.01,-1,-1,-0.01,-1,-1,-0.01,-1,-1
99926009,2026-05-18 09:20:53+05:30,53090.15,0,0.0,0,0.0,0.0,53282.15,53308.4,52946.35,53710.35,0,0.0,0.0,0.0,0.0,-0.01,-1,-1,-0.01,-1,-1,-0.01,-1,-1,-0.01,-1,-1,-0.01,-1,-1,-0.01,-1,-1,-0.01,-1,-1,-0.01,-1,-1,-0.01,-1,-1,-0.01,-1,-1
99926009,2026-05-18 09:20:54+05:30,53088.45,0,0.0,0,0.0,0.0,53282.15,53308.4,52946.35,53710.35,0,0.0,0.0,0.0,0.0,-0.01,-1,-1,-0.01,-1,-1,-0.01,-1,-1,-0.01,-1,-1,-0.01,-1,-1,-0.01,-1,-1,-0.01,-1,-1,-0.01,-1,-1,-0.01,-1,-1,-0.01,-1,-1
99926009,2026-05-18 09:20:54+05:30,53087.45,0,0.0,0,0.0,0.0,53282.15,53308.4,52946.35,53710.35,0,0.0,0.0,0.0,0.0,-0.01,-1,-1,-0.01,-1,-1,-0.01,-1,-1,-0.01,-1,-1,-0.01,-1,-1,-0.01,-1,-1,-0.01,-1,-1,-0.01,-1,-1,-0.01,-1,-1,-0.01,-1,-1
99926009,2026-05-18 09:20:55+05:30,53088.8,0,0.0,0,0.0,0.0,53282.15,53308.4,52946.35,53710.35,0,0.0,0.0,0.0,0.0,-0.01,-1,-1,-0.01,-1,-1,-0.01,-1,-1,-0.01,-1,-1,-0.01,-1,-1,-0.01,-1,-1,-0.01,-1,-1,-0.01,-1,-1,-0.01,-1,-1,-0.01,-1,-1
99926009,2026-05-18 09:20:55+05:30,53086.2,0,0.0,0,0.0,0.0,53282.15,53308.4,52946.35,53710.35,0,0.0,0.0,0.0,0.0,-0.01,-1,-1,-0.01,-1,-1,-0.01,-1,-1,-0.01,-1,-1,-0.01,-1,-1,-0.01,-1,-1,-0.01,-1,-1,-0.01,-1,-1,-0.01,-1,-1,-0.01,-1,-1
99926009,2026-05-18 09:20:56+05:30,53087.45,0,0.0,0,0.0,0.0,53282.15,53308.4,52946.35,53710.35,0,0.0,0.0,0.0,0.0,-0.01,-1,-1,-0.01,-1,-1,-0.01,-1,-1,-0.01,-1,-1,-0.01,-1,-1,-0.01,-1,-1,-0.01,-1,-1,-0.01,-1,-1,-0.01,-1,-1,-0.01,-1,-1
99926009,2026-05-18 09:20:56+05:30,53087.3,0,0.0,0,0.0,0.0,53282.15,53308.4,52946.35,53710.35,0,0.0,0.0,0.0,0.0,-0.01,-1,-1,-0.01,-1,-1,-0.01,-1,-1,-0.01,-1,-1,-0.01,-1,-1,-0.01,-1,-1,-0.01,-1,-1,-0.01,-1,-1,-0.01,-1,-1,-0.01,-1,-1
99926009,2026-05-18 09:20:57+05:30,53089.35,0,0.0,0,0.0,0.0,53282.15,53308.4,52946.35,53710.35,0,0.0,0.0,0.0,0.0,-0.01,-1,-1,-0.01,-1,-1,-0.01,-1,-1,-0.01,-1,-1,-0.01,-1,-1,-0.01,-1,-1,-0.01,-1,-1,-0.01,-1,-1,-0.01,-1,-1,-0.01,-1,-1
99926009,2026-05-18 09:20:57+05:30,53092.0,0,0.0,0,0.0,0.0,53282.15,53308.4,52946.35,53710.35,0,0.0,0.0,0.0,0.0,-0.01,-1,-1,-0.01,-1,-1,-0.01,-1,-1,-0.01,-1,-1,-0.01,-1,-1,-0.01,-1,-1,-0.01,-1,-1,-0.01,-1,-1,-0.01,-1,-1,-0.01,-1,-1
99926009,2026-05-18 09:20:58+05:30,53091.45,0,0.0,0,0.0,0.0,53282.15,53308.4,52946.35,53710.35,0,0.0,0.0,0.0,0.0,-0.01,-1,-1,-0.01,-1,-1,-0.01,-1,-1,-0.01,-1,-1,-0.01,-1,-1,-0.01,-1,-1,-0.01,-1,-1,-0.01,-1,-1,-0.01,-1,-1,-0.01,-1,-1
99926009,2026-05-18 09:20:58+05:30,53090.8,0,0.0,0,0.0,0.0,53282.15,53308.4,52946.35,53710.35,0,0.0,0.0,0.0,0.0,-0.01,-1,-1,-0.01,-1,-1,-0.01,-1,-1,-0.01,-1,-1,-0.01,-1,-1,-0.01,-1,-1,-0.01,-1,-1,-0.01,-1,-1,-0.01,-1,-1,-0.01,-1,-1
99926009,2026-05-18 09:20:59+05:30,53093.35,0,0.0,0,0.0,0.0,53282.15,53308.4,52946.35,53710.35,0,0.0,0.0,0.0,0.0,-0.01,-1,-1,-0.01,-1,-1,-0.01,-1,-1,-0.01,-1,-1,-0.01,-1,-1,-0.01,-1,-1,-0.01,-1,-1,-0.01,-1,-1,-0.01,-1,-1,-0.01,-1,-1
99926009,2026-05-18 09:20:59+05:30,53090.2,0,0.0,0,0.0,0.0,53282.15,53308.4,52946.35,53710.35,0,0.0,0.0,0.0,0.0,-0.01,-1,-1,-0.01,-1,-1,-0.01,-1,-1,-0.01,-1,-1,-0.01,-1,-1,-0.01,-1,-1,-0.01,-1,-1,-0.01,-1,-1,-0.01,-1,-1,-0.01,-1,-1
99926009,2026-05-18 09:21:00+05:30,53088.35,0,0.0,0,0.0,0.0,53282.15,53308.4,52946.35,53710.35,0,0.0,0.0,0.0,0.0,-0.01,-1,-1,-0.01,-1,-1,-0.01,-1,-1,-0.01,-1,-1,-0.01,-1,-1,-0.01,-1,-1,-0.01,-1,-1,-0.01,-1,-1,-0.01,-1,-1,-0.01,-1,-1
99926009,2026-05-18 09:21:00+05:30,53085.35,0,0.0,0,0.0,0.0,53282.15,53308.4,52946.35,53710.35,0,0.0,0.0,0.0,0.0,-0.01,-1,-1,-0.01,-1,-1,-0.01,-1,-1,-0.01,-1,-1,-0.01,-1,-1,-0.01,-1,-1,-0.01,-1,-1,-0.01,-1,-1,-0.01,-1,-1,-0.01,-1,-1
99926009,2026-05-18 09:21:01+05:30,53087.05,0,0.0,0,0.0,0.0,53282.15,53308.4,52946.35,53710.35,0,0.0,0.0,0.0,0.0,-0.01,-1,-1,-0.01,-1,-1,-0.01,-1,-1,-0.01,-1,-1,-0.01,-1,-1,-0.01,-1,-1,-0.01,-1,-1,-0.01,-1,-1,-0.01,-1,-1,-0.01,-1,-1
99926009,2026-05-18 09:21:01+05:30,53086.75,0,0.0,0,0.0,0.0,53282.15,53308.4,52946.35,53710.35,0,0.0,0.0,0.0,0.0,-0.01,-1,-1,-0.01,-1,-1,-0.01,-1,-1,-0.01,-1,-1,-0.01,-1,-1,-0.01,-1,-1,-0.01,-1,-1,-0.01,-1,-1,-0.01,-1,-1,-0.01,-1,-1
99926009,2026-05-18 09:21:02+05:30,53083.75,0,0.0,0,0.0,0.0,53282.15,53308.4,52946.35,53710.35,0,0.0,0.0,0.0,0.0,-0.01,-1,-1,-0.01,-1,-1,-0.01,-1,-1,-0.01,-1,-1,-0.01,-1,-1,-0.01,-1,-1,-0.01,-1,-1,-0.01,-1,-1,-0.01,-1,-1,-0.01,-1,-1
99926009,2026-05-18 09:21:02+05:30,53082.85,0,0.0,0,0.0,0.0,53282.15,53308.4,52946.35,53710.35,0,0.0,0.0,0.0,0.0,-0.01,-1,-1,-0.01,-1,-1,-0.01,-1,-1,-0.01,-1,-1,-0.01,-1,-1,-0.01,-1,-1,-0.01,-1,-1,-0.01,-1,-1,-0.01,-1,-1,-0.01,-1,-1
99926009,2026-05-18 09:21:03+05:30,53081.15,0,0.0,0,0.0,0.0,53282.15,53308.4,52946.35,53710.35,0,0.0,0.0,0.0,0.0,-0.01,-1,-1,-0.01,-1,-1,-0.01,-1,-1,-0.01,-1,-1,-0.01,-1,-1,-0.01,-1,-1,-0.01,-1,-1,-0.01,-1,-1,-0.01,-1,-1,-0.01,-1,-1
99926009,2026-05-18 09:21:03+05:30,53080.85,0,0.0,0,0.0,0.0,53282.15,53308.4,52946.35,53710.35,0,0.0,0.0,0.0,0.0,-0.01,-1,-1,-0.01,-1,-1,-0.01,-1,-1,-0.01,-1,-1,-0.01,-1,-1,-0.01,-1,-1,-0.01,-1,-1,-0.01,-1,-1,-0.01,-1,-1,-0.01,-1,-1
99926009,2026-05-18 09:21:04+05:30,53078.65,0,0.0,0,0.0,0.0,53282.15,53308.4,52946.35,53710.35,0,0.0,0.0,0.0,0.0,-0.01,-1,-1,-0.01,-1,-1,-0.01,-1,-1,-0.01,-1,-1,-0.01,-1,-1,-0.01,-1,-1,-0.01,-1,-1,-0.01,-1,-1,-0.01,-1,-1,-0.01,-1,-1
99926009,2026-05-18 09:21:04+05:30,53078.05,0,0.0,0,0.0,0.0,53282.15,53308.4,52946.35,53710.35,0,0.0,0.0,0.0,0.0,-0.01,-1,-1,-0.01,-1,-1,-0.01,-1,-1,-0.01,-1,-1,-0.01,-1,-1,-0.01,-1,-1,-0.01,-1,-1,-0.01,-1,-1,-0.01,-1,-1,-0.01,-1,-1
99926009,2026-05-18 09:21:05+05:30,53079.3,0,0.0,0,0.0,0.0,53282.15,53308.4,52946.35,53710.35,0,0.0,0.0,0.0,0.0,-0.01,-1,-1,-0.01,-1,-1,-0.01,-1,-1,-0.01,-1,-1,-0.01,-1,-1,-0.01,-1,-1,-0.01,-1,-1,-0.01,-1,-1,-0.01,-1,-1,-0.01,-1,-1
99926009,2026-05-18 09:21:05+05:30,53076.75,0,0.0,0,0.0,0.0,53282.15,53308.4,52946.35,53710.35,0,0.0,0.0,0.0,0.0,-0.01,-1,-1,-0.01,-1,-1,-0.01,-1,-1,-0.01,-1,-1,-0.01,-1,-1,-0.01,-1,-1,-0.01,-1,-1,-0.01,-1,-1,-0.01,-1,-1,-0.01,-1,-1
99926009,2026-05-18 09:21:06+05:30,53079.25,0,0.0,0,0.0,0.0,53282.15,53308.4,52946.35,53710.35,0,0.0,0.0,0.0,0.0,-0.01,-1,-1,-0.01,-1,-1,-0.01,-1,-1,-0.01,-1,-1,-0.01,-1,-1,-0.01,-1,-1,-0.01,-1,-1,-0.01,-1,-1,-0.01,-1,-1,-0.01,-1,-1
99926009,2026-05-18 09:21:06+05:30,53078.3,0,0.0,0,0.0,0.0,53282.15,53308.4,52946.35,53710.35,0,0.0,0.0,0.0,0.0,-0.01,-1,-1,-0.01,-1,-1,-0.01,-1,-1,-0.01,-1,-1,-0.01,-1,-1,-0.01,-1,-1,-0.01,-1,-1,-0.01,-1,-1,-0.01,-1,-1,-0.01,-1,-1
99926009,2026-05-18 09:21:07+05:30,53077.9,0,0.0,0,0.0,0.0,53282.15,53308.4,52946.35,53710.35,0,0.0,0.0,0.0,0.0,-0.01,-1,-1,-0.01,-1,-1,-0.01,-1,-1,-0.01,-1,-1,-0.01,-1,-1,-0.01,-1,-1,-0.01,-1,-1,-0.01,-1,-1,-0.01,-1,-1,-0.01,-1,-1
99926009,2026-05-18 09:21:07+05:30,53074.3,0,0.0,0,0.0,0.0,53282.15,53308.4,52946.35,53710.35,0,0.0,0.0,0.0,0.0,-0.01,-1,-1,-0.01,-1,-1,-0.01,-1,-1,-0.01,-1,-1,-0.01,-1,-1,-0.01,-1,-1,-0.01,-1,-1,-0.01,-1,-1,-0.01,-1,-1,-0.01,-1,-1
99926009,2026-05-18 09:21:08+05:30,53068.95,0,0.0,0,0.0,0.0,53282.15,53308.4,52946.35,53710.35,0,0.0,0.0,0.0,0.0,-0.01,-1,-1,-0.01,-1,-1,-0.01,-1,-1,-0.01,-1,-1,-0.01,-1,-1,-0.01,-1,-1,-0.01,-1,-1,-0.01,-1,-1,-0.01,-1,-1,-0.01,-1,-1
99926009,2026-05-18 09:21:08+05:30,53068.4,0,0.0,0,0.0,0.0,53282.15,53308.4,52946.35,53710.35,0,0.0,0.0,0.0,0.0,-0.01,-1,-1,-0.01,-1,-1,-0.01,-1,-1,-0.01,-1,-1,-0.01,-1,-1,-0.01,-1,-1,-0.01,-1,-1,-0.01,-1,-1,-0.01,-1,-1,-0.01,-1,-1
99926009,2026-05-18 09:21:09+05:30,53070.6,0,0.0,0,0.0,0.0,53282.15,53308.4,52946.35,53710.35,0,0.0,0.0,0.0,0.0,-0.01,-1,-1,-0.01,-1,-1,-0.01,-1,-1,-0.01,-1,-1,-0.01,-1,-1,-0.01,-1,-1,-0.01,-1,-1,-0.01,-1,-1,-0.01,-1,-1,-0.01,-1,-1
99926009,2026-05-18 09:21:09+05:30,53074.25,0,0.0,0,0.0,0.0,53282.15,53308.4,52946.35,53710.35,0,0.0,0.0,0.0,0.0,-0.01,-1,-1,-0.01,-1,-1,-0.01,-1,-1,-0.01,-1,-1,-0.01,-1,-1,-0.01,-1,-1,-0.01,-1,-1,-0.01,-1,-1,-0.01,-1,-1,-0.01,-1,-1
99926009,2026-05-18 09:21:10+05:30,53072.0,0,0.0,0,0.0,0.0,53282.15,53308.4,52946.35,53710.35,0,0.0,0.0,0.0,0.0,-0.01,-1,-1,-0.01,-1,-1,-0.01,-1,-1,-0.01,-1,-1,-0.01,-1,-1,-0.01,-1,-1,-0.01,-1,-1,-0.01,-1,-1,-0.01,-1,-1,-0.01,-1,-1
99926009,2026-05-18 09:21:10+05:30,53069.2,0,0.0,0,0.0,0.0,53282.15,53308.4,52946.35,53710.35,0,0.0,0.0,0.0,0.0,-0.01,-1,-1,-0.01,-1,-1,-0.01,-1,-1,-0.01,-1,-1,-0.01,-1,-1,-0.01,-1,-1,-0.01,-1,-1,-0.01,-1,-1,-0.01,-1,-1,-0.01,-1,-1
99926009,2026-05-18 09:21:11+05:30,53068.3,0,0.0,0,0.0,0.0,53282.15,53308.4,52946.35,53710.35,0,0.0,0.0,0.0,0.0,-0.01,-1,-1,-0.01,-1,-1,-0.01,-1,-1,-0.01,-1,-1,-0.01,-1,-1,-0.01,-1,-1,-0.01,-1,-1,-0.01,-1,-1,-0.01,-1,-1,-0.01,-1,-1
99926009,2026-05-18 09:21:11+05:30,53069.65,0,0.0,0,0.0,0.0,53282.15,53308.4,52946.35,53710.35,0,0.0,0.0,0.0,0.0,-0.01,-1,-1,-0.01,-1,-1,-0.01,-1,-1,-0.01,-1,-1,-0.01,-1,-1,-0.01,-1,-1,-0.01,-1,-1,-0.01,-1,-1,-0.01,-1,-1,-0.01,-1,-1
99926009,2026-05-18 09:21:12+05:30,53069.5,0,0.0,0,0.0,0.0,53282.15,53308.4,52946.35,53710.35,0,0.0,0.0,0.0,0.0,-0.01,-1,-1,-0.01,-1,-1,-0.01,-1,-1,-0.01,-1,-1,-0.01,-1,-1,-0.01,-1,-1,-0.01,-1,-1,-0.01,-1,-1,-0.01,-1,-1,-0.01,-1,-1
99926009,2026-05-18 09:21:12+05:30,53068.6,0,0.0,0,0.0,0.0,53282.15,53308.4,52946.35,53710.35,0,0.0,0.0,0.0,0.0,-0.01,-1,-1,-0.01,-1,-1,-0.01,-1,-1,-0.01,-1,-1,-0.01,-1,-1,-0.01,-1,-1,-0.01,-1,-1,-0.01,-1,-1,-0.01,-1,-1,-0.01,-1,-1
99926009,2026-05-18 09:21:13+05:30,53072.5,0,0.0,0,0.0,0.0,53282.15,53308.4,52946.35,53710.35,0,0.0,0.0,0.0,0.0,-0.01,-1,-1,-0.01,-1,-1,-0.01,-1,-1,-0.01,-1,-1,-0.01,-1,-1,-0.01,-1,-1,-0.01,-1,-1,-0.01,-1,-1,-0.01,-1,-1,-0.01,-1,-1
99926009,2026-05-18 09:21:13+05:30,53071.65,0,0.0,0,0.0,0.0,53282.15,53308.4,52946.35,53710.35,0,0.0,0.0,0.0,0.0,-0.01,-1,-1,-0.01,-1,-1,-0.01,-1,-1,-0.01,-1,-1,-0.01,-1,-1,-0.01,-1,-1,-0.01,-1,-1,-0.01,-1,-1,-0.01,-1,-1,-0.01,-1,-1
99926009,2026-05-18 09:21:14+05:30,53072.65,0,0.0,0,0.0,0.0,53282.15,53308.4,52946.35,53710.35,0,0.0,0.0,0.0,0.0,-0.01,-1,-1,-0.01,-1,-1,-0.01,-1,-1,-0.01,-1,-1,-0.01,-1,-1,-0.01,-1,-1,-0.01,-1,-1,-0.01,-1,-1,-0.01,-1,-1,-0.01,-1,-1
99926009,2026-05-18 09:21:14+05:30,53072.0,0,0.0,0,0.0,0.0,53282.15,53308.4,52946.35,53710.35,0,0.0,0.0,0.0,0.0,-0.01,-1,-1,-0.01,-1,-1,-0.01,-1,-1,-0.01,-1,-1,-0.01,-1,-1,-0.01,-1,-1,-0.01,-1,-1,-0.01,-1,-1,-0.01,-1,-1,-0.01,-1,-1
99926009,2026-05-18 09:21:15+05:30,53072.8,0,0.0,0,0.0,0.0,53282.15,53308.4,52946.35,53710.35,0,0.0,0.0,0.0,0.0,-0.01,-1,-1,-0.01,-1,-1,-0.01,-1,-1,-0.01,-1,-1,-0.01,-1,-1,-0.01,-1,-1,-0.01,-1,-1,-0.01,-1,-1,-0.01,-1,-1,-0.01,-1,-1
99926009,2026-05-18 09:21:15+05:30,53079.9,0,0.0,0,0.0,0.0,53282.15,53308.4,52946.35,53710.35,0,0.0,0.0,0.0,0.0,-0.01,-1,-1,-0.01,-1,-1,-0.01,-1,-1,-0.01,-1,-1,-0.01,-1,-1,-0.01,-1,-1,-0.01,-1,-1,-0.01,-1,-1,-0.01,-1,-1,-0.01,-1,-1
99926009,2026-05-18 09:21:16+05:30,53092.15,0,0.0,0,0.0,0.0,53282.15,53308.4,52946.35,53710.35,0,0.0,0.0,0.0,0.0,-0.01,-1,-1,-0.01,-1,-1,-0.01,-1,-1,-0.01,-1,-1,-0.01,-1,-1,-0.01,-1,-1,-0.01,-1,-1,-0.01,-1,-1,-0.01,-1,-1,-0.01,-1,-1
99926009,2026-05-18 09:21:16+05:30,53095.9,0,0.0,0,0.0,0.0,53282.15,53308.4,52946.35,53710.35,0,0.0,0.0,0.0,0.0,-0.01,-1,-1,-0.01,-1,-1,-0.01,-1,-1,-0.01,-1,-1,-0.01,-1,-1,-0.01,-1,-1,-0.01,-1,-1,-0.01,-1,-1,-0.01,-1,-1,-0.01,-1,-1
99926009,2026-05-18 09:21:17+05:30,53099.15,0,0.0,0,0.0,0.0,53282.15,53308.4,52946.35,53710.35,0,0.0,0.0,0.0,0.0,-0.01,-1,-1,-0.01,-1,-1,-0.01,-1,-1,-0.01,-1,-1,-0.01,-1,-1,-0.01,-1,-1,-0.01,-1,-1,-0.01,-1,-1,-0.01,-1,-1,-0.01,-1,-1
99926009,2026-05-18 09:21:17+05:30,53099.9,0,0.0,0,0.0,0.0,53282.15,53308.4,52946.35,53710.35,0,0.0,0.0,0.0,0.0,-0.01,-1,-1,-0.01,-1,-1,-0.01,-1,-1,-0.01,-1,-1,-0.01,-1,-1,-0.01,-1,-1,-0.01,-1,-1,-0.01,-1,-1,-0.01,-1,-1,-0.01,-1,-1
99926009,2026-05-18 09:21:18+05:30,53098.1,0,0.0,0,0.0,0.0,53282.15,53308.4,52946.35,53710.35,0,0.0,0.0,0.0,0.0,-0.01,-1,-1,-0.01,-1,-1,-0.01,-1,-1,-0.01,-1,-1,-0.01,-1,-1,-0.01,-1,-1,-0.01,-1,-1,-0.01,-1,-1,-0.01,-1,-1,-0.01,-1,-1
99926009,2026-05-18 09:21:18+05:30,53098.35,0,0.0,0,0.0,0.0,53282.15,53308.4,52946.35,53710.35,0,0.0,0.0,0.0,0.0,-0.01,-1,-1,-0.01,-1,-1,-0.01,-1,-1,-0.01,-1,-1,-0.01,-1,-1,-0.01,-1,-1,-0.01,-1,-1,-0.01,-1,-1,-0.01,-1,-1,-0.01,-1,-1
99926009,2026-05-18 09:21:19+05:30,53096.95,0,0.0,0,0.0,0.0,53282.15,53308.4,52946.35,53710.35,0,0.0,0.0,0.0,0.0,-0.01,-1,-1,-0.01,-1,-1,-0.01,-1,-1,-0.01,-1,-1,-0.01,-1,-1,-0.01,-1,-1,-0.01,-1,-1,-0.01,-1,-1,-0.01,-1,-1,-0.01,-1,-1
99926009,2026-05-18 09:21:19+05:30,53091.85,0,0.0,0,0.0,0.0,53282.15,53308.4,52946.35,53710.35,0,0.0,0.0,0.0,0.0,-0.01,-1,-1,-0.01,-1,-1,-0.01,-1,-1,-0.01,-1,-1,-0.01,-1,-1,-0.01,-1,-1,-0.01,-1,-1,-0.01,-1,-1,-0.01,-1,-1,-0.01,-1,-1
99926009,2026-05-18 09:21:20+05:30,53090.65,0,0.0,0,0.0,0.0,53282.15,53308.4,52946.35,53710.35,0,0.0,0.0,0.0,0.0,-0.01,-1,-1,-0.01,-1,-1,-0.01,-1,-1,-0.01,-1,-1,-0.01,-1,-1,-0.01,-1,-1,-0.01,-1,-1,-0.01,-1,-1,-0.01,-1,-1,-0.01,-1,-1
99926009,2026-05-18 09:21:20+05:30,53095.25,0,0.0,0,0.0,0.0,53282.15,53308.4,52946.35,53710.35,0,0.0,0.0,0.0,0.0,-0.01,-1,-1,-0.01,-1,-1,-0.01,-1,-1,-0.01,-1,-1,-0.01,-1,-1,-0.01,-1,-1,-0.01,-1,-1,-0.01,-1,-1,-0.01,-1,-1,-0.01,-1,-1
99926009,2026-05-18 09:21:21+05:30,53083.0,0,0.0,0,0.0,0.0,53282.15,53308.4,52946.35,53710.35,0,0.0,0.0,0.0,0.0,-0.01,-1,-1,-0.01,-1,-1,-0.01,-1,-1,-0.01,-1,-1,-0.01,-1,-1,-0.01,-1,-1,-0.01,-1,-1,-0.01,-1,-1,-0.01,-1,-1,-0.01,-1,-1
99926009,2026-05-18 09:21:21+05:30,53086.7,0,0.0,0,0.0,0.0,53282.15,53308.4,52946.35,53710.35,0,0.0,0.0,0.0,0.0,-0.01,-1,-1,-0.01,-1,-1,-0.01,-1,-1,-0.01,-1,-1,-0.01,-1,-1,-0.01,-1,-1,-0.01,-1,-1,-0.01,-1,-1,-0.01,-1,-1,-0.01,-1,-1
99926009,2026-05-18 09:21:22+05:30,53085.8,0,0.0,0,0.0,0.0,53282.15,53308.4,52946.35,53710.35,0,0.0,0.0,0.0,0.0,-0.01,-1,-1,-0.01,-1,-1,-0.01,-1,-1,-0.01,-1,-1,-0.01,-1,-1,-0.01,-1,-1,-0.01,-1,-1,-0.01,-1,-1,-0.01,-1,-1,-0.01,-1,-1
99926009,2026-05-18 09:21:22+05:30,53084.8,0,0.0,0,0.0,0.0,53282.15,53308.4,52946.35,53710.35,0,0.0,0.0,0.0,0.0,-0.01,-1,-1,-0.01,-1,-1,-0.01,-1,-1,-0.01,-1,-1,-0.01,-1,-1,-0.01,-1,-1,-0.01,-1,-1,-0.01,-1,-1,-0.01,-1,-1,-0.01,-1,-1
99926009,2026-05-18 09:21:23+05:30,53081.35,0,0.0,0,0.0,0.0,53282.15,53308.4,52946.35,53710.35,0,0.0,0.0,0.0,0.0,-0.01,-1,-1,-0.01,-1,-1,-0.01,-1,-1,-0.01,-1,-1,-0.01,-1,-1,-0.01,-1,-1,-0.01,-1,-1,-0.01,-1,-1,-0.01,-1,-1,-0.01,-1,-1
99926009,2026-05-18 09:21:23+05:30,53087.7,0,0.0,0,0.0,0.0,53282.15,53308.4,52946.35,53710.35,0,0.0,0.0,0.0,0.0,-0.01,-1,-1,-0.01,-1,-1,-0.01,-1,-1,-0.01,-1,-1,-0.01,-1,-1,-0.01,-1,-1,-0.01,-1,-1,-0.01,-1,-1,-0.01,-1,-1,-0.01,-1,-1
99926009,2026-05-18 09:21:24+05:30,53095.2,0,0.0,0,0.0,0.0,53282.15,53308.4,52946.35,53710.35,0,0.0,0.0,0.0,0.0,-0.01,-1,-1,-0.01,-1,-1,-0.01,-1,-1,-0.01,-1,-1,-0.01,-1,-1,-0.01,-1,-1,-0.01,-1,-1,-0.01,-1,-1,-0.01,-1,-1,-0.01,-1,-1
99926009,2026-05-18 09:21:24+05:30,53095.75,0,0.0,0,0.0,0.0,53282.15,53308.4,52946.35,53710.35,0,0.0,0.0,0.0,0.0,-0.01,-1,-1,-0.01,-1,-1,-0.01,-1,-1,-0.01,-1,-1,-0.01,-1,-1,-0.01,-1,-1,-0.01,-1,-1,-0.01,-1,-1,-0.01,-1,-1,-0.01,-1,-1
99926009,2026-05-18 09:21:25+05:30,53097.0,0,0.0,0,0.0,0.0,53282.15,53308.4,52946.35,53710.35,0,0.0,0.0,0.0,0.0,-0.01,-1,-1,-0.01,-1,-1,-0.01,-1,-1,-0.01,-1,-1,-0.01,-1,-1,-0.01,-1,-1,-0.01,-1,-1,-0.01,-1,-1,-0.01,-1,-1,-0.01,-1,-1
99926009,2026-05-18 09:21:25+05:30,53094.0,0,0.0,0,0.0,0.0,53282.15,53308.4,52946.35,53710.35,0,0.0,0.0,0.0,0.0,-0.01,-1,-1,-0.01,-1,-1,-0.01,-1,-1,-0.01,-1,-1,-0.01,-1,-1,-0.01,-1,-1,-0.01,-1,-1,-0.01,-1,-1,-0.01,-1,-1,-0.01,-1,-1
99926009,2026-05-18 09:21:26+05:30,53095.8,0,0.0,0,0.0,0.0,53282.15,53308.4,52946.35,53710.35,0,0.0,0.0,0.0,0.0,-0.01,-1,-1,-0.01,-1,-1,-0.01,-1,-1,-0.01,-1,-1,-0.01,-1,-1,-0.01,-1,-1,-0.01,-1,-1,-0.01,-1,-1,-0.01,-1,-1,-0.01,-1,-1
99926009,2026-05-18 09:21:26+05:30,53096.8,0,0.0,0,0.0,0.0,53282.15,53308.4,52946.35,53710.35,0,0.0,0.0,0.0,0.0,-0.01,-1,-1,-0.01,-1,-1,-0.01,-1,-1,-0.01,-1,-1,-0.01,-1,-1,-0.01,-1,-1,-0.01,-1,-1,-0.01,-1,-1,-0.01,-1,-1,-0.01,-1,-1
99926009,2026-05-18 09:21:27+05:30,53097.35,0,0.0,0,0.0,0.0,53282.15,53308.4,52946.35,53710.35,0,0.0,0.0,0.0,0.0,-0.01,-1,-1,-0.01,-1,-1,-0.01,-1,-1,-0.01,-1,-1,-0.01,-1,-1,-0.01,-1,-1,-0.01,-1,-1,-0.01,-1,-1,-0.01,-1,-1,-0.01,-1,-1
99926009,2026-05-18 09:21:27+05:30,53095.75,0,0.0,0,0.0,0.0,53282.15,53308.4,52946.35,53710.35,0,0.0,0.0,0.0,0.0,-0.01,-1,-1,-0.01,-1,-1,-0.01,-1,-1,-0.01,-1,-1,-0.01,-1,-1,-0.01,-1,-1,-0.01,-1,-1,-0.01,-1,-1,-0.01,-1,-1,-0.01,-1,-1
99926009,2026-05-18 09:21:28+05:30,53092.5,0,0.0,0,0.0,0.0,53282.15,53308.4,52946.35,53710.35,0,0.0,0.0,0.0,0.0,-0.01,-1,-1,-0.01,-1,-1,-0.01,-1,-1,-0.01,-1,-1,-0.01,-1,-1,-0.01,-1,-1,-0.01,-1,-1,-0.01,-1,-1,-0.01,-1,-1,-0.01,-1,-1
99926009,2026-05-18 09:21:28+05:30,53093.4,0,0.0,0,0.0,0.0,53282.15,53308.4,52946.35,53710.35,0,0.0,0.0,0.0,0.0,-0.01,-1,-1,-0.01,-1,-1,-0.01,-1,-1,-0.01,-1,-1,-0.01,-1,-1,-0.01,-1,-1,-0.01,-1,-1,-0.01,-1,-1,-0.01,-1,-1,-0.01,-1,-1
99926009,2026-05-18 09:21:29+05:30,53084.4,0,0.0,0,0.0,0.0,53282.15,53308.4,52946.35,53710.35,0,0.0,0.0,0.0,0.0,-0.01,-1,-1,-0.01,-1,-1,-0.01,-1,-1,-0.01,-1,-1,-0.01,-1,-1,-0.01,-1,-1,-0.01,-1,-1,-0.01,-1,-1,-0.01,-1,-1,-0.01,-1,-1
99926009,2026-05-18 09:21:29+05:30,53085.95,0,0.0,0,0.0,0.0,53282.15,53308.4,52946.35,53710.35,0,0.0,0.0,0.0,0.0,-0.01,-1,-1,-0.01,-1,-1,-0.01,-1,-1,-0.01,-1,-1,-0.01,-1,-1,-0.01,-1,-1,-0.01,-1,-1,-0.01,-1,-1,-0.01,-1,-1,-0.01,-1,-1
99926009,2026-05-18 09:21:30+05:30,53089.25,0,0.0,0,0.0,0.0,53282.15,53308.4,52946.35,53710.35,0,0.0,0.0,0.0,0.0,-0.01,-1,-1,-0.01,-1,-1,-0.01,-1,-1,-0.01,-1,-1,-0.01,-1,-1,-0.01,-1,-1,-0.01,-1,-1,-0.01,-1,-1,-0.01,-1,-1,-0.01,-1,-1
99926009,2026-05-18 09:21:30+05:30,53096.35,0,0.0,0,0.0,0.0,53282.15,53308.4,52946.35,53710.35,0,0.0,0.0,0.0,0.0,-0.01,-1,-1,-0.01,-1,-1,-0.01,-1,-1,-0.01,-1,-1,-0.01,-1,-1,-0.01,-1,-1,-0.01,-1,-1,-0.01,-1,-1,-0.01,-1,-1,-0.01,-1,-1
99926009,2026-05-18 09:21:31+05:30,53098.9,0,0.0,0,0.0,0.0,53282.15,53308.4,52946.35,53710.35,0,0.0,0.0,0.0,0.0,-0.01,-1,-1,-0.01,-1,-1,-0.01,-1,-1,-0.01,-1,-1,-0.01,-1,-1,-0.01,-1,-1,-0.01,-1,-1,-0.01,-1,-1,-0.01,-1,-1,-0.01,-1,-1
99926009,2026-05-18 09:21:31+05:30,53097.65,0,0.0,0,0.0,0.0,53282.15,53308.4,52946.35,53710.35,0,0.0,0.0,0.0,0.0,-0.01,-1,-1,-0.01,-1,-1,-0.01,-1,-1,-0.01,-1,-1,-0.01,-1,-1,-0.01,-1,-1,-0.01,-1,-1,-0.01,-1,-1,-0.01,-1,-1,-0.01,-1,-1
99926009,2026-05-18 09:21:32+05:30,53095.45,0,0.0,0,0.0,0.0,53282.15,53308.4,52946.35,53710.35,0,0.0,0.0,0.0,0.0,-0.01,-1,-1,-0.01,-1,-1,-0.01,-1,-1,-0.01,-1,-1,-0.01,-1,-1,-0.01,-1,-1,-0.01,-1,-1,-0.01,-1,-1,-0.01,-1,-1,-0.01,-1,-1
99926009,2026-05-18 09:21:32+05:30,53099.1,0,0.0,0,0.0,0.0,53282.15,53308.4,52946.35,53710.35,0,0.0,0.0,0.0,0.0,-0.01,-1,-1,-0.01,-1,-1,-0.01,-1,-1,-0.01,-1,-1,-0.01,-1,-1,-0.01,-1,-1,-0.01,-1,-1,-0.01,-1,-1,-0.01,-1,-1,-0.01,-1,-1
99926009,2026-05-18 09:21:33+05:30,53092.9,0,0.0,0,0.0,0.0,53282.15,53308.4,52946.35,53710.35,0,0.0,0.0,0.0,0.0,-0.01,-1,-1,-0.01,-1,-1,-0.01,-1,-1,-0.01,-1,-1,-0.01,-1,-1,-0.01,-1,-1,-0.01,-1,-1,-0.01,-1,-1,-0.01,-1,-1,-0.01,-1,-1
99926009,2026-05-18 09:21:33+05:30,53094.95,0,0.0,0,0.0,0.0,53282.15,53308.4,52946.35,53710.35,0,0.0,0.0,0.0,0.0,-0.01,-1,-1,-0.01,-1,-1,-0.01,-1,-1,-0.01,-1,-1,-0.01,-1,-1,-0.01,-1,-1,-0.01,-1,-1,-0.01,-1,-1,-0.01,-1,-1,-0.01,-1,-1
99926009,2026-05-18 09:21:34+05:30,53090.25,0,0.0,0,0.0,0.0,53282.15,53308.4,52946.35,53710.35,0,0.0,0.0,0.0,0.0,-0.01,-1,-1,-0.01,-1,-1,-0.01,-1,-1,-0.01,-1,-1,-0.01,-1,-1,-0.01,-1,-1,-0.01,-1,-1,-0.01,-1,-1,-0.01,-1,-1,-0.01,-1,-1
99926009,2026-05-18 09:21:34+05:30,53088.15,0,0.0,0,0.0,0.0,53282.15,53308.4,52946.35,53710.35,0,0.0,0.0,0.0,0.0,-0.01,-1,-1,-0.01,-1,-1,-0.01,-1,-1,-0.01,-1,-1,-0.01,-1,-1,-0.01,-1,-1,-0.01,-1,-1,-0.01,-1,-1,-0.01,-1,-1,-0.01,-1,-1
99926009,2026-05-18 09:21:35+05:30,53080.9,0,0.0,0,0.0,0.0,53282.15,53308.4,52946.35,53710.35,0,0.0,0.0,0.0,0.0,-0.01,-1,-1,-0.01,-1,-1,-0.01,-1,-1,-0.01,-1,-1,-0.01,-1,-1,-0.01,-1,-1,-0.01,-1,-1,-0.01,-1,-1,-0.01,-1,-1,-0.01,-1,-1
99926009,2026-05-18 09:21:35+05:30,53085.15,0,0.0,0,0.0,0.0,53282.15,53308.4,52946.35,53710.35,0,0.0,0.0,0.0,0.0,-0.01,-1,-1,-0.01,-1,-1,-0.01,-1,-1,-0.01,-1,-1,-0.01,-1,-1,-0.01,-1,-1,-0.01,-1,-1,-0.01,-1,-1,-0.01,-1,-1,-0.01,-1,-1
99926009,2026-05-18 09:21:36+05:30,53080.3,0,0.0,0,0.0,0.0,53282.15,53308.4,52946.35,53710.35,0,0.0,0.0,0.0,0.0,-0.01,-1,-1,-0.01,-1,-1,-0.01,-1,-1,-0.01,-1,-1,-0.01,-1,-1,-0.01,-1,-1,-0.01,-1,-1,-0.01,-1,-1,-0.01,-1,-1,-0.01,-1,-1
99926009,2026-05-18 09:21:36+05:30,53074.25,0,0.0,0,0.0,0.0,53282.15,53308.4,52946.35,53710.35,0,0.0,0.0,0.0,0.0,-0.01,-1,-1,-0.01,-1,-1,-0.01,-1,-1,-0.01,-1,-1,-0.01,-1,-1,-0.01,-1,-1,-0.01,-1,-1,-0.01,-1,-1,-0.01,-1,-1,-0.01,-1,-1
99926009,2026-05-18 09:21:37+05:30,53073.65,0,0.0,0,0.0,0.0,53282.15,53308.4,52946.35,53710.35,0,0.0,0.0,0.0,0.0,-0.01,-1,-1,-0.01,-1,-1,-0.01,-1,-1,-0.01,-1,-1,-0.01,-1,-1,-0.01,-1,-1,-0.01,-1,-1,-0.01,-1,-1,-0.01,-1,-1,-0.01,-1,-1
99926009,2026-05-18 09:21:37+05:30,53070.5,0,0.0,0,0.0,0.0,53282.15,53308.4,52946.35,53710.35,0,0.0,0.0,0.0,0.0,-0.01,-1,-1,-0.01,-1,-1,-0.01,-1,-1,-0.01,-1,-1,-0.01,-1,-1,-0.01,-1,-1,-0.01,-1,-1,-0.01,-1,-1,-0.01,-1,-1,-0.01,-1,-1
99926009,2026-05-18 09:21:38+05:30,53069.15,0,0.0,0,0.0,0.0,53282.15,53308.4,52946.35,53710.35,0,0.0,0.0,0.0,0.0,-0.01,-1,-1,-0.01,-1,-1,-0.01,-1,-1,-0.01,-1,-1,-0.01,-1,-1,-0.01,-1,-1,-0.01,-1,-1,-0.01,-1,-1,-0.01,-1,-1,-0.01,-1,-1
99926009,2026-05-18 09:21:38+05:30,53072.4,0,0.0,0,0.0,0.0,53282.15,53308.4,52946.35,53710.35,0,0.0,0.0,0.0,0.0,-0.01,-1,-1,-0.01,-1,-1,-0.01,-1,-1,-0.01,-1,-1,-0.01,-1,-1,-0.01,-1,-1,-0.01,-1,-1,-0.01,-1,-1,-0.01,-1,-1,-0.01,-1,-1
99926009,2026-05-18 09:21:39+05:30,53075.1,0,0.0,0,0.0,0.0,53282.15,53308.4,52946.35,53710.35,0,0.0,0.0,0.0,0.0,-0.01,-1,-1,-0.01,-1,-1,-0.01,-1,-1,-0.01,-1,-1,-0.01,-1,-1,-0.01,-1,-1,-0.01,-1,-1,-0.01,-1,-1,-0.01,-1,-1,-0.01,-1,-1
99926009,2026-05-18 09:21:39+05:30,53073.6,0,0.0,0,0.0,0.0,53282.15,53308.4,52946.35,53710.35,0,0.0,0.0,0.0,0.0,-0.01,-1,-1,-0.01,-1,-1,-0.01,-1,-1,-0.01,-1,-1,-0.01,-1,-1,-0.01,-1,-1,-0.01,-1,-1,-0.01,-1,-1,-0.01,-1,-1,-0.01,-1,-1
99926009,2026-05-18 09:21:40+05:30,53076.35,0,0.0,0,0.0,0.0,53282.15,53308.4,52946.35,53710.35,0,0.0,0.0,0.0,0.0,-0.01,-1,-1,-0.01,-1,-1,-0.01,-1,-1,-0.01,-1,-1,-0.01,-1,-1,-0.01,-1,-1,-0.01,-1,-1,-0.01,-1,-1,-0.01,-1,-1,-0.01,-1,-1
99926009,2026-05-18 09:21:40+05:30,53075.55,0,0.0,0,0.0,0.0,53282.15,53308.4,52946.35,53710.35,0,0.0,0.0,0.0,0.0,-0.01,-1,-1,-0.01,-1,-1,-0.01,-1,-1,-0.01,-1,-1,-0.01,-1,-1,-0.01,-1,-1,-0.01,-1,-1,-0.01,-1,-1,-0.01,-1,-1,-0.01,-1,-1
99926009,2026-05-18 09:21:41+05:30,53076.55,0,0.0,0,0.0,0.0,53282.15,53308.4,52946.35,53710.35,0,0.0,0.0,0.0,0.0,-0.01,-1,-1,-0.01,-1,-1,-0.01,-1,-1,-0.01,-1,-1,-0.01,-1,-1,-0.01,-1,-1,-0.01,-1,-1,-0.01,-1,-1,-0.01,-1,-1,-0.01,-1,-1
99926009,2026-05-18 09:21:41+05:30,53077.15,0,0.0,0,0.0,0.0,53282.15,53308.4,52946.35,53710.35,0,0.0,0.0,0.0,0.0,-0.01,-1,-1,-0.01,-1,-1,-0.01,-1,-1,-0.01,-1,-1,-0.01,-1,-1,-0.01,-1,-1,-0.01,-1,-1,-0.01,-1,-1,-0.01,-1,-1,-0.01,-1,-1
99926009,2026-05-18 09:21:42+05:30,53076.6,0,0.0,0,0.0,0.0,53282.15,53308.4,52946.35,53710.35,0,0.0,0.0,0.0,0.0,-0.01,-1,-1,-0.01,-1,-1,-0.01,-1,-1,-0.01,-1,-1,-0.01,-1,-1,-0.01,-1,-1,-0.01,-1,-1,-0.01,-1,-1,-0.01,-1,-1,-0.01,-1,-1
99926009,2026-05-18 09:21:42+05:30,53075.05,0,0.0,0,0.0,0.0,53282.15,53308.4,52946.35,53710.35,0,0.0,0.0,0.0,0.0,-0.01,-1,-1,-0.01,-1,-1,-0.01,-1,-1,-0.01,-1,-1,-0.01,-1,-1,-0.01,-1,-1,-0.01,-1,-1,-0.01,-1,-1,-0.01,-1,-1,-0.01,-1,-1
99926009,2026-05-18 09:21:43+05:30,53072.85,0,0.0,0,0.0,0.0,53282.15,53308.4,52946.35,53710.35,0,0.0,0.0,0.0,0.0,-0.01,-1,-1,-0.01,-1,-1,-0.01,-1,-1,-0.01,-1,-1,-0.01,-1,-1,-0.01,-1,-1,-0.01,-1,-1,-0.01,-1,-1,-0.01,-1,-1,-0.01,-1,-1
99926009,2026-05-18 09:21:43+05:30,53075.15,0,0.0,0,0.0,0.0,53282.15,53308.4,52946.35,53710.35,0,0.0,0.0,0.0,0.0,-0.01,-1,-1,-0.01,-1,-1,-0.01,-1,-1,-0.01,-1,-1,-0.01,-1,-1,-0.01,-1,-1,-0.01,-1,-1,-0.01,-1,-1,-0.01,-1,-1,-0.01,-1,-1
99926009,2026-05-18 09:21:44+05:30,53072.0,0,0.0,0,0.0,0.0,53282.15,53308.4,52946.35,53710.35,0,0.0,0.0,0.0,0.0,-0.01,-1,-1,-0.01,-1,-1,-0.01,-1,-1,-0.01,-1,-1,-0.01,-1,-1,-0.01,-1,-1,-0.01,-1,-1,-0.01,-1,-1,-0.01,-1,-1,-0.01,-1,-1
99926009,2026-05-18 09:21:44+05:30,53077.0,0,0.0,0,0.0,0.0,53282.15,53308.4,52946.35,53710.35,0,0.0,0.0,0.0,0.0,-0.01,-1,-1,-0.01,-1,-1,-0.01,-1,-1,-0.01,-1,-1,-0.01,-1,-1,-0.01,-1,-1,-0.01,-1,-1,-0.01,-1,-1,-0.01,-1,-1,-0.01,-1,-1
99926009,2026-05-18 09:21:45+05:30,53079.5,0,0.0,0,0.0,0.0,53282.15,53308.4,52946.35,53710.35,0,0.0,0.0,0.0,0.0,-0.01,-1,-1,-0.01,-1,-1,-0.01,-1,-1,-0.01,-1,-1,-0.01,-1,-1,-0.01,-1,-1,-0.01,-1,-1,-0.01,-1,-1,-0.01,-1,-1,-0.01,-1,-1
99926009,2026-05-18 09:21:45+05:30,53077.85,0,0.0,0,0.0,0.0,53282.15,53308.4,52946.35,53710.35,0,0.0,0.0,0.0,0.0,-0.01,-1,-1,-0.01,-1,-1,-0.01,-1,-1,-0.01,-1,-1,-0.01,-1,-1,-0.01,-1,-1,-0.01,-1,-1,-0.01,-1,-1,-0.01,-1,-1,-0.01,-1,-1
99926009,2026-05-18 09:21:46+05:30,53081.1,0,0.0,0,0.0,0.0,53282.15,53308.4,52946.35,53710.35,0,0.0,0.0,0.0,0.0,-0.01,-1,-1,-0.01,-1,-1,-0.01,-1,-1,-0.01,-1,-1,-0.01,-1,-1,-0.01,-1,-1,-0.01,-1,-1,-0.01,-1,-1,-0.01,-1,-1,-0.01,-1,-1
99926009,2026-05-18 09:21:46+05:30,53085.65,0,0.0,0,0.0,0.0,53282.15,53308.4,52946.35,53710.35,0,0.0,0.0,0.0,0.0,-0.01,-1,-1,-0.01,-1,-1,-0.01,-1,-1,-0.01,-1,-1,-0.01,-1,-1,-0.01,-1,-1,-0.01,-1,-1,-0.01,-1,-1,-0.01,-1,-1,-0.01,-1,-1
99926009,2026-05-18 09:21:47+05:30,53084.65,0,0.0,0,0.0,0.0,53282.15,53308.4,52946.35,53710.35,0,0.0,0.0,0.0,0.0,-0.01,-1,-1,-0.01,-1,-1,-0.01,-1,-1,-0.01,-1,-1,-0.01,-1,-1,-0.01,-1,-1,-0.01,-1,-1,-0.01,-1,-1,-0.01,-1,-1,-0.01,-1,-1
99926009,2026-05-18 09:21:47+05:30,53079.85,0,0.0,0,0.0,0.0,53282.15,53308.4,52946.35,53710.35,0,0.0,0.0,0.0,0.0,-0.01,-1,-1,-0.01,-1,-1,-0.01,-1,-1,-0.01,-1,-1,-0.01,-1,-1,-0.01,-1,-1,-0.01,-1,-1,-0.01,-1,-1,-0.01,-1,-1,-0.01,-1,-1
99926009,2026-05-18 09:21:48+05:30,53079.25,0,0.0,0,0.0,0.0,53282.15,53308.4,52946.35,53710.35,0,0.0,0.0,0.0,0.0,-0.01,-1,-1,-0.01,-1,-1,-0.01,-1,-1,-0.01,-1,-1,-0.01,-1,-1,-0.01,-1,-1,-0.01,-1,-1,-0.01,-1,-1,-0.01,-1,-1,-0.01,-1,-1
99926009,2026-05-18 09:21:48+05:30,53079.25,0,0.0,0,0.0,0.0,53282.15,53308.4,52946.35,53710.35,0,0.0,0.0,0.0,0.0,-0.01,-1,-1,-0.01,-1,-1,-0.01,-1,-1,-0.01,-1,-1,-0.01,-1,-1,-0.01,-1,-1,-0.01,-1,-1,-0.01,-1,-1,-0.01,-1,-1,-0.01,-1,-1
99926009,2026-05-18 09:21:49+05:30,53074.5,0,0.0,0,0.0,0.0,53282.15,53308.4,52946.35,53710.35,0,0.0,0.0,0.0,0.0,-0.01,-1,-1,-0.01,-1,-1,-0.01,-1,-1,-0.01,-1,-1,-0.01,-1,-1,-0.01,-1,-1,-0.01,-1,-1,-0.01,-1,-1,-0.01,-1,-1,-0.01,-1,-1
99926009,2026-05-18 09:21:49+05:30,53074.85,0,0.0,0,0.0,0.0,53282.15,53308.4,52946.35,53710.35,0,0.0,0.0,0.0,0.0,-0.01,-1,-1,-0.01,-1,-1,-0.01,-1,-1,-0.01,-1,-1,-0.01,-1,-1,-0.01,-1,-1,-0.01,-1,-1,-0.01,-1,-1,-0.01,-1,-1,-0.01,-1,-1
99926009,2026-05-18 09:21:50+05:30,53072.35,0,0.0,0,0.0,0.0,53282.15,53308.4,52946.35,53710.35,0,0.0,0.0,0.0,0.0,-0.01,-1,-1,-0.01,-1,-1,-0.01,-1,-1,-0.01,-1,-1,-0.01,-1,-1,-0.01,-1,-1,-0.01,-1,-1,-0.01,-1,-1,-0.01,-1,-1,-0.01,-1,-1
99926009,2026-05-18 09:21:50+05:30,53072.7,0,0.0,0,0.0,0.0,53282.15,53308.4,52946.35,53710.35,0,0.0,0.0,0.0,0.0,-0.01,-1,-1,-0.01,-1,-1,-0.01,-1,-1,-0.01,-1,-1,-0.01,-1,-1,-0.01,-1,-1,-0.01,-1,-1,-0.01,-1,-1,-0.01,-1,-1,-0.01,-1,-1
99926009,2026-05-18 09:21:51+05:30,53072.4,0,0.0,0,0.0,0.0,53282.15,53308.4,52946.35,53710.35,0,0.0,0.0,0.0,0.0,-0.01,-1,-1,-0.01,-1,-1,-0.01,-1,-1,-0.01,-1,-1,-0.01,-1,-1,-0.01,-1,-1,-0.01,-1,-1,-0.01,-1,-1,-0.01,-1,-1,-0.01,-1,-1
99926009,2026-05-18 09:21:51+05:30,53073.65,0,0.0,0,0.0,0.0,53282.15,53308.4,52946.35,53710.35,0,0.0,0.0,0.0,0.0,-0.01,-1,-1,-0.01,-1,-1,-0.01,-1,-1,-0.01,-1,-1,-0.01,-1,-1,-0.01,-1,-1,-0.01,-1,-1,-0.01,-1,-1,-0.01,-1,-1,-0.01,-1,-1
99926009,2026-05-18 09:21:52+05:30,53075.15,0,0.0,0,0.0,0.0,53282.15,53308.4,52946.35,53710.35,0,0.0,0.0,0.0,0.0,-0.01,-1,-1,-0.01,-1,-1,-0.01,-1,-1,-0.01,-1,-1,-0.01,-1,-1,-0.01,-1,-1,-0.01,-1,-1,-0.01,-1,-1,-0.01,-1,-1,-0.01,-1,-1
99926009,2026-05-18 09:21:52+05:30,53074.45,0,0.0,0,0.0,0.0,53282.15,53308.4,52946.35,53710.35,0,0.0,0.0,0.0,0.0,-0.01,-1,-1,-0.01,-1,-1,-0.01,-1,-1,-0.01,-1,-1,-0.01,-1,-1,-0.01,-1,-1,-0.01,-1,-1,-0.01,-1,-1,-0.01,-1,-1,-0.01,-1,-1
99926009,2026-05-18 09:21:53+05:30,53074.15,0,0.0,0,0.0,0.0,53282.15,53308.4,52946.35,53710.35,0,0.0,0.0,0.0,0.0,-0.01,-1,-1,-0.01,-1,-1,-0.01,-1,-1,-0.01,-1,-1,-0.01,-1,-1,-0.01,-1,-1,-0.01,-1,-1,-0.01,-1,-1,-0.01,-1,-1,-0.01,-1,-1
99926009,2026-05-18 09:21:53+05:30,53071.4,0,0.0,0,0.0,0.0,53282.15,53308.4,52946.35,53710.35,0,0.0,0.0,0.0,0.0,-0.01,-1,-1,-0.01,-1,-1,-0.01,-1,-1,-0.01,-1,-1,-0.01,-1,-1,-0.01,-1,-1,-0.01,-1,-1,-0.01,-1,-1,-0.01,-1,-1,-0.01,-1,-1
99926009,2026-05-18 09:21:54+05:30,53071.2,0,0.0,0,0.0,0.0,53282.15,53308.4,52946.35,53710.35,0,0.0,0.0,0.0,0.0,-0.01,-1,-1,-0.01,-1,-1,-0.01,-1,-1,-0.01,-1,-1,-0.01,-1,-1,-0.01,-1,-1,-0.01,-1,-1,-0.01,-1,-1,-0.01,-1,-1,-0.01,-1,-1
99926009,2026-05-18 09:21:54+05:30,53070.25,0,0.0,0,0.0,0.0,53282.15,53308.4,52946.35,53710.35,0,0.0,0.0,0.0,0.0,-0.01,-1,-1,-0.01,-1,-1,-0.01,-1,-1,-0.01,-1,-1,-0.01,-1,-1,-0.01,-1,-1,-0.01,-1,-1,-0.01,-1,-1,-0.01,-1,-1,-0.01,-1,-1
99926009,2026-05-18 09:21:55+05:30,53069.25,0,0.0,0,0.0,0.0,53282.15,53308.4,52946.35,53710.35,0,0.0,0.0,0.0,0.0,-0.01,-1,-1,-0.01,-1,-1,-0.01,-1,-1,-0.01,-1,-1,-0.01,-1,-1,-0.01,-1,-1,-0.01,-1,-1,-0.01,-1,-1,-0.01,-1,-1,-0.01,-1,-1
99926009,2026-05-18 09:21:55+05:30,53069.35,0,0.0,0,0.0,0.0,53282.15,53308.4,52946.35,53710.35,0,0.0,0.0,0.0,0.0,-0.01,-1,-1,-0.01,-1,-1,-0.01,-1,-1,-0.01,-1,-1,-0.01,-1,-1,-0.01,-1,-1,-0.01,-1,-1,-0.01,-1,-1,-0.01,-1,-1,-0.01,-1,-1
99926009,2026-05-18 09:21:56+05:30,53066.0,0,0.0,0,0.0,0.0,53282.15,53308.4,52946.35,53710.35,0,0.0,0.0,0.0,0.0,-0.01,-1,-1,-0.01,-1,-1,-0.01,-1,-1,-0.01,-1,-1,-0.01,-1,-1,-0.01,-1,-1,-0.01,-1,-1,-0.01,-1,-1,-0.01,-1,-1,-0.01,-1,-1
99926009,2026-05-18 09:21:56+05:30,53067.9,0,0.0,0,0.0,0.0,53282.15,53308.4,52946.35,53710.35,0,0.0,0.0,0.0,0.0,-0.01,-1,-1,-0.01,-1,-1,-0.01,-1,-1,-0.01,-1,-1,-0.01,-1,-1,-0.01,-1,-1,-0.01,-1,-1,-0.01,-1,-1,-0.01,-1,-1,-0.01,-1,-1
99926009,2026-05-18 09:21:57+05:30,53069.7,0,0.0,0,0.0,0.0,53282.15,53308.4,52946.35,53710.35,0,0.0,0.0,0.0,0.0,-0.01,-1,-1,-0.01,-1,-1,-0.01,-1,-1,-0.01,-1,-1,-0.01,-1,-1,-0.01,-1,-1,-0.01,-1,-1,-0.01,-1,-1,-0.01,-1,-1,-0.01,-1,-1
99926009,2026-05-18 09:21:57+05:30,53071.65,0,0.0,0,0.0,0.0,53282.15,53308.4,52946.35,53710.35,0,0.0,0.0,0.0,0.0,-0.01,-1,-1,-0.01,-1,-1,-0.01,-1,-1,-0.01,-1,-1,-0.01,-1,-1,-0.01,-1,-1,-0.01,-1,-1,-0.01,-1,-1,-0.01,-1,-1,-0.01,-1,-1
99926009,2026-05-18 09:21:58+05:30,53069.5,0,0.0,0,0.0,0.0,53282.15,53308.4,52946.35,53710.35,0,0.0,0.0,0.0,0.0,-0.01,-1,-1,-0.01,-1,-1,-0.01,-1,-1,-0.01,-1,-1,-0.01,-1,-1,-0.01,-1,-1,-0.01,-1,-1,-0.01,-1,-1,-0.01,-1,-1,-0.01,-1,-1
99926009,2026-05-18 09:21:58+05:30,53071.2,0,0.0,0,0.0,0.0,53282.15,53308.4,52946.35,53710.35,0,0.0,0.0,0.0,0.0,-0.01,-1,-1,-0.01,-1,-1,-0.01,-1,-1,-0.01,-1,-1,-0.01,-1,-1,-0.01,-1,-1,-0.01,-1,-1,-0.01,-1,-1,-0.01,-1,-1,-0.01,-1,-1
99926009,2026-05-18 09:21:59+05:30,53066.5,0,0.0,0,0.0,0.0,53282.15,53308.4,52946.35,53710.35,0,0.0,0.0,0.0,0.0,-0.01,-1,-1,-0.01,-1,-1,-0.01,-1,-1,-0.01,-1,-1,-0.01,-1,-1,-0.01,-1,-1,-0.01,-1,-1,-0.01,-1,-1,-0.01,-1,-1,-0.01,-1,-1
99926009,2026-05-18 09:21:59+05:30,53074.4,0,0.0,0,0.0,0.0,53282.15,53308.4,52946.35,53710.35,0,0.0,0.0,0.0,0.0,-0.01,-1,-1,-0.01,-1,-1,-0.01,-1,-1,-0.01,-1,-1,-0.01,-1,-1,-0.01,-1,-1,-0.01,-1,-1,-0.01,-1,-1,-0.01,-1,-1,-0.01,-1,-1
99926009,2026-05-18 09:22:00+05:30,53073.0,0,0.0,0,0.0,0.0,53282.15,53308.4,52946.35,53710.35,0,0.0,0.0,0.0,0.0,-0.01,-1,-1,-0.01,-1,-1,-0.01,-1,-1,-0.01,-1,-1,-0.01,-1,-1,-0.01,-1,-1,-0.01,-1,-1,-0.01,-1,-1,-0.01,-1,-1,-0.01,-1,-1
99926009,2026-05-18 09:22:00+05:30,53082.3,0,0.0,0,0.0,0.0,53282.15,53308.4,52946.35,53710.35,0,0.0,0.0,0.0,0.0,-0.01,-1,-1,-0.01,-1,-1,-0.01,-1,-1,-0.01,-1,-1,-0.01,-1,-1,-0.01,-1,-1,-0.01,-1,-1,-0.01,-1,-1,-0.01,-1,-1,-0.01,-1,-1
99926009,2026-05-18 09:22:01+05:30,53085.3,0,0.0,0,0.0,0.0,53282.15,53308.4,52946.35,53710.35,0,0.0,0.0,0.0,0.0,-0.01,-1,-1,-0.01,-1,-1,-0.01,-1,-1,-0.01,-1,-1,-0.01,-1,-1,-0.01,-1,-1,-0.01,-1,-1,-0.01,-1,-1,-0.01,-1,-1,-0.01,-1,-1
99926009,2026-05-18 09:22:01+05:30,53086.6,0,0.0,0,0.0,0.0,53282.15,53308.4,52946.35,53710.35,0,0.0,0.0,0.0,0.0,-0.01,-1,-1,-0.01,-1,-1,-0.01,-1,-1,-0.01,-1,-1,-0.01,-1,-1,-0.01,-1,-1,-0.01,-1,-1,-0.01,-1,-1,-0.01,-1,-1,-0.01,-1,-1
99926009,2026-05-18 09:22:02+05:30,53083.7,0,0.0,0,0.0,0.0,53282.15,53308.4,52946.35,53710.35,0,0.0,0.0,0.0,0.0,-0.01,-1,-1,-0.01,-1,-1,-0.01,-1,-1,-0.01,-1,-1,-0.01,-1,-1,-0.01,-1,-1,-0.01,-1,-1,-0.01,-1,-1,-0.01,-1,-1,-0.01,-1,-1
99926009,2026-05-18 09:22:02+05:30,53080.95,0,0.0,0,0.0,0.0,53282.15,53308.4,52946.35,53710.35,0,0.0,0.0,0.0,0.0,-0.01,-1,-1,-0.01,-1,-1,-0.01,-1,-1,-0.01,-1,-1,-0.01,-1,-1,-0.01,-1,-1,-0.01,-1,-1,-0.01,-1,-1,-0.01,-1,-1,-0.01,-1,-1
99926009,2026-05-18 09:22:03+05:30,53072.0,0,0.0,0,0.0,0.0,53282.15,53308.4,52946.35,53710.35,0,0.0,0.0,0.0,0.0,-0.01,-1,-1,-0.01,-1,-1,-0.01,-1,-1,-0.01,-1,-1,-0.01,-1,-1,-0.01,-1,-1,-0.01,-1,-1,-0.01,-1,-1,-0.01,-1,-1,-0.01,-1,-1
99926009,2026-05-18 09:22:03+05:30,53068.6,0,0.0,0,0.0,0.0,53282.15,53308.4,52946.35,53710.35,0,0.0,0.0,0.0,0.0,-0.01,-1,-1,-0.01,-1,-1,-0.01,-1,-1,-0.01,-1,-1,-0.01,-1,-1,-0.01,-1,-1,-0.01,-1,-1,-0.01,-1,-1,-0.01,-1,-1,-0.01,-1,-1
99926009,2026-05-18 09:22:04+05:30,53069.05,0,0.0,0,0.0,0.0,53282.15,53308.4,52946.35,53710.35,0,0.0,0.0,0.0,0.0,-0.01,-1,-1,-0.01,-1,-1,-0.01,-1,-1,-0.01,-1,-1,-0.01,-1,-1,-0.01,-1,-1,-0.01,-1,-1,-0.01,-1,-1,-0.01,-1,-1,-0.01,-1,-1
99926009,2026-05-18 09:22:04+05:30,53069.95,0,0.0,0,0.0,0.0,53282.15,53308.4,52946.35,53710.35,0,0.0,0.0,0.0,0.0,-0.01,-1,-1,-0.01,-1,-1,-0.01,-1,-1,-0.01,-1,-1,-0.01,-1,-1,-0.01,-1,-1,-0.01,-1,-1,-0.01,-1,-1,-0.01,-1,-1,-0.01,-1,-1
99926009,2026-05-18 09:22:05+05:30,53068.8,0,0.0,0,0.0,0.0,53282.15,53308.4,52946.35,53710.35,0,0.0,0.0,0.0,0.0,-0.01,-1,-1,-0.01,-1,-1,-0.01,-1,-1,-0.01,-1,-1,-0.01,-1,-1,-0.01,-1,-1,-0.01,-1,-1,-0.01,-1,-1,-0.01,-1,-1,-0.01,-1,-1
99926009,2026-05-18 09:22:05+05:30,53066.9,0,0.0,0,0.0,0.0,53282.15,53308.4,52946.35,53710.35,0,0.0,0.0,0.0,0.0,-0.01,-1,-1,-0.01,-1,-1,-0.01,-1,-1,-0.01,-1,-1,-0.01,-1,-1,-0.01,-1,-1,-0.01,-1,-1,-0.01,-1,-1,-0.01,-1,-1,-0.01,-1,-1
99926009,2026-05-18 09:22:06+05:30,53065.6,0,0.0,0,0.0,0.0,53282.15,53308.4,52946.35,53710.35,0,0.0,0.0,0.0,0.0,-0.01,-1,-1,-0.01,-1,-1,-0.01,-1,-1,-0.01,-1,-1,-0.01,-1,-1,-0.01,-1,-1,-0.01,-1,-1,-0.01,-1,-1,-0.01,-1,-1,-0.01,-1,-1
99926009,2026-05-18 09:22:06+05:30,53064.3,0,0.0,0,0.0,0.0,53282.15,53308.4,52946.35,53710.35,0,0.0,0.0,0.0,0.0,-0.01,-1,-1,-0.01,-1,-1,-0.01,-1,-1,-0.01,-1,-1,-0.01,-1,-1,-0.01,-1,-1,-0.01,-1,-1,-0.01,-1,-1,-0.01,-1,-1,-0.01,-1,-1
99926009,2026-05-18 09:22:07+05:30,53063.25,0,0.0,0,0.0,0.0,53282.15,53308.4,52946.35,53710.35,0,0.0,0.0,0.0,0.0,-0.01,-1,-1,-0.01,-1,-1,-0.01,-1,-1,-0.01,-1,-1,-0.01,-1,-1,-0.01,-1,-1,-0.01,-1,-1,-0.01,-1,-1,-0.01,-1,-1,-0.01,-1,-1
99926009,2026-05-18 09:22:07+05:30,53061.4,0,0.0,0,0.0,0.0,53282.15,53308.4,52946.35,53710.35,0,0.0,0.0,0.0,0.0,-0.01,-1,-1,-0.01,-1,-1,-0.01,-1,-1,-0.01,-1,-1,-0.01,-1,-1,-0.01,-1,-1,-0.01,-1,-1,-0.01,-1,-1,-0.01,-1,-1,-0.01,-1,-1
99926009,2026-05-18 09:22:08+05:30,53061.6,0,0.0,0,0.0,0.0,53282.15,53308.4,52946.35,53710.35,0,0.0,0.0,0.0,0.0,-0.01,-1,-1,-0.01,-1,-1,-0.01,-1,-1,-0.01,-1,-1,-0.01,-1,-1,-0.01,-1,-1,-0.01,-1,-1,-0.01,-1,-1,-0.01,-1,-1,-0.01,-1,-1
99926009,2026-05-18 09:22:08+05:30,53060.15,0,0.0,0,0.0,0.0,53282.15,53308.4,52946.35,53710.35,0,0.0,0.0,0.0,0.0,-0.01,-1,-1,-0.01,-1,-1,-0.01,-1,-1,-0.01,-1,-1,-0.01,-1,-1,-0.01,-1,-1,-0.01,-1,-1,-0.01,-1,-1,-0.01,-1,-1,-0.01,-1,-1
99926009,2026-05-18 09:22:09+05:30,53056.2,0,0.0,0,0.0,0.0,53282.15,53308.4,52946.35,53710.35,0,0.0,0.0,0.0,0.0,-0.01,-1,-1,-0.01,-1,-1,-0.01,-1,-1,-0.01,-1,-1,-0.01,-1,-1,-0.01,-1,-1,-0.01,-1,-1,-0.01,-1,-1,-0.01,-1,-1,-0.01,-1,-1
99926009,2026-05-18 09:22:09+05:30,53057.5,0,0.0,0,0.0,0.0,53282.15,53308.4,52946.35,53710.35,0,0.0,0.0,0.0,0.0,-0.01,-1,-1,-0.01,-1,-1,-0.01,-1,-1,-0.01,-1,-1,-0.01,-1,-1,-0.01,-1,-1,-0.01,-1,-1,-0.01,-1,-1,-0.01,-1,-1,-0.01,-1,-1
99926009,2026-05-18 09:22:10+05:30,53062.9,0,0.0,0,0.0,0.0,53282.15,53308.4,52946.35,53710.35,0,0.0,0.0,0.0,0.0,-0.01,-1,-1,-0.01,-1,-1,-0.01,-1,-1,-0.01,-1,-1,-0.01,-1,-1,-0.01,-1,-1,-0.01,-1,-1,-0.01,-1,-1,-0.01,-1,-1,-0.01,-1,-1
99926009,2026-05-18 09:22:10+05:30,53063.65,0,0.0,0,0.0,0.0,53282.15,53308.4,52946.35,53710.35,0,0.0,0.0,0.0,0.0,-0.01,-1,-1,-0.01,-1,-1,-0.01,-1,-1,-0.01,-1,-1,-0.01,-1,-1,-0.01,-1,-1,-0.01,-1,-1,-0.01,-1,-1,-0.01,-1,-1,-0.01,-1,-1
99926009,2026-05-18 09:22:11+05:30,53062.45,0,0.0,0,0.0,0.0,53282.15,53308.4,52946.35,53710.35,0,0.0,0.0,0.0,0.0,-0.01,-1,-1,-0.01,-1,-1,-0.01,-1,-1,-0.01,-1,-1,-0.01,-1,-1,-0.01,-1,-1,-0.01,-1,-1,-0.01,-1,-1,-0.01,-1,-1,-0.01,-1,-1
99926009,2026-05-18 09:22:11+05:30,53068.4,0,0.0,0,0.0,0.0,53282.15,53308.4,52946.35,53710.35,0,0.0,0.0,0.0,0.0,-0.01,-1,-1,-0.01,-1,-1,-0.01,-1,-1,-0.01,-1,-1,-0.01,-1,-1,-0.01,-1,-1,-0.01,-1,-1,-0.01,-1,-1,-0.01,-1,-1,-0.01,-1,-1
99926009,2026-05-18 09:22:12+05:30,53067.1,0,0.0,0,0.0,0.0,53282.15,53308.4,52946.35,53710.35,0,0.0,0.0,0.0,0.0,-0.01,-1,-1,-0.01,-1,-1,-0.01,-1,-1,-0.01,-1,-1,-0.01,-1,-1,-0.01,-1,-1,-0.01,-1,-1,-0.01,-1,-1,-0.01,-1,-1,-0.01,-1,-1
99926009,2026-05-18 09:22:12+05:30,53069.3,0,0.0,0,0.0,0.0,53282.15,53308.4,52946.35,53710.35,0,0.0,0.0,0.0,0.0,-0.01,-1,-1,-0.01,-1,-1,-0.01,-1,-1,-0.01,-1,-1,-0.01,-1,-1,-0.01,-1,-1,-0.01,-1,-1,-0.01,-1,-1,-0.01,-1,-1,-0.01,-1,-1
99926009,2026-05-18 09:22:13+05:30,53066.8,0,0.0,0,0.0,0.0,53282.15,53308.4,52946.35,53710.35,0,0.0,0.0,0.0,0.0,-0.01,-1,-1,-0.01,-1,-1,-0.01,-1,-1,-0.01,-1,-1,-0.01,-1,-1,-0.01,-1,-1,-0.01,-1,-1,-0.01,-1,-1,-0.01,-1,-1,-0.01,-1,-1
99926009,2026-05-18 09:22:13+05:30,53069.15,0,0.0,0,0.0,0.0,53282.15,53308.4,52946.35,53710.35,0,0.0,0.0,0.0,0.0,-0.01,-1,-1,-0.01,-1,-1,-0.01,-1,-1,-0.01,-1,-1,-0.01,-1,-1,-0.01,-1,-1,-0.01,-1,-1,-0.01,-1,-1,-0.01,-1,-1,-0.01,-1,-1
99926009,2026-05-18 09:22:14+05:30,53068.4,0,0.0,0,0.0,0.0,53282.15,53308.4,52946.35,53710.35,0,0.0,0.0,0.0,0.0,-0.01,-1,-1,-0.01,-1,-1,-0.01,-1,-1,-0.01,-1,-1,-0.01,-1,-1,-0.01,-1,-1,-0.01,-1,-1,-0.01,-1,-1,-0.01,-1,-1,-0.01,-1,-1
99926009,2026-05-18 09:22:14+05:30,53071.1,0,0.0,0,0.0,0.0,53282.15,53308.4,52946.35,53710.35,0,0.0,0.0,0.0,0.0,-0.01,-1,-1,-0.01,-1,-1,-0.01,-1,-1,-0.01,-1,-1,-0.01,-1,-1,-0.01,-1,-1,-0.01,-1,-1,-0.01,-1,-1,-0.01,-1,-1,-0.01,-1,-1
99926009,2026-05-18 09:22:15+05:30,53071.55,0,0.0,0,0.0,0.0,53282.15,53308.4,52946.35,53710.35,0,0.0,0.0,0.0,0.0,-0.01,-1,-1,-0.01,-1,-1,-0.01,-1,-1,-0.01,-1,-1,-0.01,-1,-1,-0.01,-1,-1,-0.01,-1,-1,-0.01,-1,-1,-0.01,-1,-1,-0.01,-1,-1
99926009,2026-05-18 09:22:15+05:30,53071.3,0,0.0,0,0.0,0.0,53282.15,53308.4,52946.35,53710.35,0,0.0,0.0,0.0,0.0,-0.01,-1,-1,-0.01,-1,-1,-0.01,-1,-1,-0.01,-1,-1,-0.01,-1,-1,-0.01,-1,-1,-0.01,-1,-1,-0.01,-1,-1,-0.01,-1,-1,-0.01,-1,-1
99926009,2026-05-18 09:22:16+05:30,53073.2,0,0.0,0,0.0,0.0,53282.15,53308.4,52946.35,53710.35,0,0.0,0.0,0.0,0.0,-0.01,-1,-1,-0.01,-1,-1,-0.01,-1,-1,-0.01,-1,-1,-0.01,-1,-1,-0.01,-1,-1,-0.01,-1,-1,-0.01,-1,-1,-0.01,-1,-1,-0.01,-1,-1
99926009,2026-05-18 09:22:16+05:30,53073.0,0,0.0,0,0.0,0.0,53282.15,53308.4,52946.35,53710.35,0,0.0,0.0,0.0,0.0,-0.01,-1,-1,-0.01,-1,-1,-0.01,-1,-1,-0.01,-1,-1,-0.01,-1,-1,-0.01,-1,-1,-0.01,-1,-1,-0.01,-1,-1,-0.01,-1,-1,-0.01,-1,-1
99926009,2026-05-18 09:22:17+05:30,53071.75,0,0.0,0,0.0,0.0,53282.15,53308.4,52946.35,53710.35,0,0.0,0.0,0.0,0.0,-0.01,-1,-1,-0.01,-1,-1,-0.01,-1,-1,-0.01,-1,-1,-0.01,-1,-1,-0.01,-1,-1,-0.01,-1,-1,-0.01,-1,-1,-0.01,-1,-1,-0.01,-1,-1
99926009,2026-05-18 09:22:17+05:30,53069.15,0,0.0,0,0.0,0.0,53282.15,53308.4,52946.35,53710.35,0,0.0,0.0,0.0,0.0,-0.01,-1,-1,-0.01,-1,-1,-0.01,-1,-1,-0.01,-1,-1,-0.01,-1,-1,-0.01,-1,-1,-0.01,-1,-1,-0.01,-1,-1,-0.01,-1,-1,-0.01,-1,-1
99926009,2026-05-18 09:22:18+05:30,53073.45,0,0.0,0,0.0,0.0,53282.15,53308.4,52946.35,53710.35,0,0.0,0.0,0.0,0.0,-0.01,-1,-1,-0.01,-1,-1,-0.01,-1,-1,-0.01,-1,-1,-0.01,-1,-1,-0.01,-1,-1,-0.01,-1,-1,-0.01,-1,-1,-0.01,-1,-1,-0.01,-1,-1
99926009,2026-05-18 09:22:18+05:30,53076.05,0,0.0,0,0.0,0.0,53282.15,53308.4,52946.35,53710.35,0,0.0,0.0,0.0,0.0,-0.01,-1,-1,-0.01,-1,-1,-0.01,-1,-1,-0.01,-1,-1,-0.01,-1,-1,-0.01,-1,-1,-0.01,-1,-1,-0.01,-1,-1,-0.01,-1,-1,-0.01,-1,-1
99926009,2026-05-18 09:22:19+05:30,53072.75,0,0.0,0,0.0,0.0,53282.15,53308.4,52946.35,53710.35,0,0.0,0.0,0.0,0.0,-0.01,-1,-1,-0.01,-1,-1,-0.01,-1,-1,-0.01,-1,-1,-0.01,-1,-1,-0.01,-1,-1,-0.01,-1,-1,-0.01,-1,-1,-0.01,-1,-1,-0.01,-1,-1
99926009,2026-05-18 09:22:19+05:30,53073.85,0,0.0,0,0.0,0.0,53282.15,53308.4,52946.35,53710.35,0,0.0,0.0,0.0,0.0,-0.01,-1,-1,-0.01,-1,-1,-0.01,-1,-1,-0.01,-1,-1,-0.01,-1,-1,-0.01,-1,-1,-0.01,-1,-1,-0.01,-1,-1,-0.01,-1,-1,-0.01,-1,-1
99926009,2026-05-18 09:22:20+05:30,53075.8,0,0.0,0,0.0,0.0,53282.15,53308.4,52946.35,53710.35,0,0.0,0.0,0.0,0.0,-0.01,-1,-1,-0.01,-1,-1,-0.01,-1,-1,-0.01,-1,-1,-0.01,-1,-1,-0.01,-1,-1,-0.01,-1,-1,-0.01,-1,-1,-0.01,-1,-1,-0.01,-1,-1
99926009,2026-05-18 09:22:20+05:30,53075.25,0,0.0,0,0.0,0.0,53282.15,53308.4,52946.35,53710.35,0,0.0,0.0,0.0,0.0,-0.01,-1,-1,-0.01,-1,-1,-0.01,-1,-1,-0.01,-1,-1,-0.01,-1,-1,-0.01,-1,-1,-0.01,-1,-1,-0.01,-1,-1,-0.01,-1,-1,-0.01,-1,-1
99926009,2026-05-18 09:22:21+05:30,53071.7,0,0.0,0,0.0,0.0,53282.15,53308.4,52946.35,53710.35,0,0.0,0.0,0.0,0.0,-0.01,-1,-1,-0.01,-1,-1,-0.01,-1,-1,-0.01,-1,-1,-0.01,-1,-1,-0.01,-1,-1,-0.01,-1,-1,-0.01,-1,-1,-0.01,-1,-1,-0.01,-1,-1
99926009,2026-05-18 09:22:21+05:30,53067.7,0,0.0,0,0.0,0.0,53282.15,53308.4,52946.35,53710.35,0,0.0,0.0,0.0,0.0,-0.01,-1,-1,-0.01,-1,-1,-0.01,-1,-1,-0.01,-1,-1,-0.01,-1,-1,-0.01,-1,-1,-0.01,-1,-1,-0.01,-1,-1,-0.01,-1,-1,-0.01,-1,-1
99926009,2026-05-18 09:22:22+05:30,53070.45,0,0.0,0,0.0,0.0,53282.15,53308.4,52946.35,53710.35,0,0.0,0.0,0.0,0.0,-0.01,-1,-1,-0.01,-1,-1,-0.01,-1,-1,-0.01,-1,-1,-0.01,-1,-1,-0.01,-1,-1,-0.01,-1,-1,-0.01,-1,-1,-0.01,-1,-1,-0.01,-1,-1
99926009,2026-05-18 09:22:22+05:30,53069.2,0,0.0,0,0.0,0.0,53282.15,53308.4,52946.35,53710.35,0,0.0,0.0,0.0,0.0,-0.01,-1,-1,-0.01,-1,-1,-0.01,-1,-1,-0.01,-1,-1,-0.01,-1,-1,-0.01,-1,-1,-0.01,-1,-1,-0.01,-1,-1,-0.01,-1,-1,-0.01,-1,-1
99926009,2026-05-18 09:22:23+05:30,53071.55,0,0.0,0,0.0,0.0,53282.15,53308.4,52946.35,53710.35,0,0.0,0.0,0.0,0.0,-0.01,-1,-1,-0.01,-1,-1,-0.01,-1,-1,-0.01,-1,-1,-0.01,-1,-1,-0.01,-1,-1,-0.01,-1,-1,-0.01,-1,-1,-0.01,-1,-1,-0.01,-1,-1
99926009,2026-05-18 09:22:23+05:30,53073.25,0,0.0,0,0.0,0.0,53282.15,53308.4,52946.35,53710.35,0,0.0,0.0,0.0,0.0,-0.01,-1,-1,-0.01,-1,-1,-0.01,-1,-1,-0.01,-1,-1,-0.01,-1,-1,-0.01,-1,-1,-0.01,-1,-1,-0.01,-1,-1,-0.01,-1,-1,-0.01,-1,-1
99926009,2026-05-18 09:22:24+05:30,53074.0,0,0.0,0,0.0,0.0,53282.15,53308.4,52946.35,53710.35,0,0.0,0.0,0.0,0.0,-0.01,-1,-1,-0.01,-1,-1,-0.01,-1,-1,-0.01,-1,-1,-0.01,-1,-1,-0.01,-1,-1,-0.01,-1,-1,-0.01,-1,-1,-0.01,-1,-1,-0.01,-1,-1
99926009,2026-05-18 09:22:24+05:30,53072.1,0,0.0,0,0.0,0.0,53282.15,53308.4,52946.35,53710.35,0,0.0,0.0,0.0,0.0,-0.01,-1,-1,-0.01,-1,-1,-0.01,-1,-1,-0.01,-1,-1,-0.01,-1,-1,-0.01,-1,-1,-0.01,-1,-1,-0.01,-1,-1,-0.01,-1,-1,-0.01,-1,-1
99926009,2026-05-18 09:22:25+05:30,53072.05,0,0.0,0,0.0,0.0,53282.15,53308.4,52946.35,53710.35,0,0.0,0.0,0.0,0.0,-0.01,-1,-1,-0.01,-1,-1,-0.01,-1,-1,-0.01,-1,-1,-0.01,-1,-1,-0.01,-1,-1,-0.01,-1,-1,-0.01,-1,-1,-0.01,-1,-1,-0.01,-1,-1
99926009,2026-05-18 09:22:25+05:30,53069.5,0,0.0,0,0.0,0.0,53282.15,53308.4,52946.35,53710.35,0,0.0,0.0,0.0,0.0,-0.01,-1,-1,-0.01,-1,-1,-0.01,-1,-1,-0.01,-1,-1,-0.01,-1,-1,-0.01,-1,-1,-0.01,-1,-1,-0.01,-1,-1,-0.01,-1,-1,-0.01,-1,-1
99926009,2026-05-18 09:22:26+05:30,53071.45,0,0.0,0,0.0,0.0,53282.15,53308.4,52946.35,53710.35,0,0.0,0.0,0.0,0.0,-0.01,-1,-1,-0.01,-1,-1,-0.01,-1,-1,-0.01,-1,-1,-0.01,-1,-1,-0.01,-1,-1,-0.01,-1,-1,-0.01,-1,-1,-0.01,-1,-1,-0.01,-1,-1
99926009,2026-05-18 09:22:26+05:30,53067.8,0,0.0,0,0.0,0.0,53282.15,53308.4,52946.35,53710.35,0,0.0,0.0,0.0,0.0,-0.01,-1,-1,-0.01,-1,-1,-0.01,-1,-1,-0.01,-1,-1,-0.01,-1,-1,-0.01,-1,-1,-0.01,-1,-1,-0.01,-1,-1,-0.01,-1,-1,-0.01,-1,-1
99926009,2026-05-18 09:22:27+05:30,53068.7,0,0.0,0,0.0,0.0,53282.15,53308.4,52946.35,53710.35,0,0.0,0.0,0.0,0.0,-0.01,-1,-1,-0.01,-1,-1,-0.01,-1,-1,-0.01,-1,-1,-0.01,-1,-1,-0.01,-1,-1,-0.01,-1,-1,-0.01,-1,-1,-0.01,-1,-1,-0.01,-1,-1
99926009,2026-05-18 09:22:27+05:30,53061.5,0,0.0,0,0.0,0.0,53282.15,53308.4,52946.35,53710.35,0,0.0,0.0,0.0,0.0,-0.01,-1,-1,-0.01,-1,-1,-0.01,-1,-1,-0.01,-1,-1,-0.01,-1,-1,-0.01,-1,-1,-0.01,-1,-1,-0.01,-1,-1,-0.01,-1,-1,-0.01,-1,-1
99926009,2026-05-18 09:22:28+05:30,53061.9,0,0.0,0,0.0,0.0,53282.15,53308.4,52946.35,53710.35,0,0.0,0.0,0.0,0.0,-0.01,-1,-1,-0.01,-1,-1,-0.01,-1,-1,-0.01,-1,-1,-0.01,-1,-1,-0.01,-1,-1,-0.01,-1,-1,-0.01,-1,-1,-0.01,-1,-1,-0.01,-1,-1
99926009,2026-05-18 09:22:28+05:30,53066.3,0,0.0,0,0.0,0.0,53282.15,53308.4,52946.35,53710.35,0,0.0,0.0,0.0,0.0,-0.01,-1,-1,-0.01,-1,-1,-0.01,-1,-1,-0.01,-1,-1,-0.01,-1,-1,-0.01,-1,-1,-0.01,-1,-1,-0.01,-1,-1,-0.01,-1,-1,-0.01,-1,-1
99926009,2026-05-18 09:22:29+05:30,53065.4,0,0.0,0,0.0,0.0,53282.15,53308.4,52946.35,53710.35,0,0.0,0.0,0.0,0.0,-0.01,-1,-1,-0.01,-1,-1,-0.01,-1,-1,-0.01,-1,-1,-0.01,-1,-1,-0.01,-1,-1,-0.01,-1,-1,-0.01,-1,-1,-0.01,-1,-1,-0.01,-1,-1
99926009,2026-05-18 09:22:29+05:30,53068.2,0,0.0,0,0.0,0.0,53282.15,53308.4,52946.35,53710.35,0,0.0,0.0,0.0,0.0,-0.01,-1,-1,-0.01,-1,-1,-0.01,-1,-1,-0.01,-1,-1,-0.01,-1,-1,-0.01,-1,-1,-0.01,-1,-1,-0.01,-1,-1,-0.01,-1,-1,-0.01,-1,-1
99926009,2026-05-18 09:22:30+05:30,53065.35,0,0.0,0,0.0,0.0,53282.15,53308.4,52946.35,53710.35,0,0.0,0.0,0.0,0.0,-0.01,-1,-1,-0.01,-1,-1,-0.01,-1,-1,-0.01,-1,-1,-0.01,-1,-1,-0.01,-1,-1,-0.01,-1,-1,-0.01,-1,-1,-0.01,-1,-1,-0.01,-1,-1
99926009,2026-05-18 09:22:30+05:30,53067.5,0,0.0,0,0.0,0.0,53282.15,53308.4,52946.35,53710.35,0,0.0,0.0,0.0,0.0,-0.01,-1,-1,-0.01,-1,-1,-0.01,-1,-1,-0.01,-1,-1,-0.01,-1,-1,-0.01,-1,-1,-0.01,-1,-1,-0.01,-1,-1,-0.01,-1,-1,-0.01,-1,-1
99926009,2026-05-18 09:22:31+05:30,53055.25,0,0.0,0,0.0,0.0,53282.15,53308.4,52946.35,53710.35,0,0.0,0.0,0.0,0.0,-0.01,-1,-1,-0.01,-1,-1,-0.01,-1,-1,-0.01,-1,-1,-0.01,-1,-1,-0.01,-1,-1,-0.01,-1,-1,-0.01,-1,-1,-0.01,-1,-1,-0.01,-1,-1
99926009,2026-05-18 09:22:31+05:30,53051.65,0,0.0,0,0.0,0.0,53282.15,53308.4,52946.35,53710.35,0,0.0,0.0,0.0,0.0,-0.01,-1,-1,-0.01,-1,-1,-0.01,-1,-1,-0.01,-1,-1,-0.01,-1,-1,-0.01,-1,-1,-0.01,-1,-1,-0.01,-1,-1,-0.01,-1,-1,-0.01,-1,-1
99926009,2026-05-18 09:22:32+05:30,53055.7,0,0.0,0,0.0,0.0,53282.15,53308.4,52946.35,53710.35,0,0.0,0.0,0.0,0.0,-0.01,-1,-1,-0.01,-1,-1,-0.01,-1,-1,-0.01,-1,-1,-0.01,-1,-1,-0.01,-1,-1,-0.01,-1,-1,-0.01,-1,-1,-0.01,-1,-1,-0.01,-1,-1
99926009,2026-05-18 09:22:32+05:30,53057.9,0,0.0,0,0.0,0.0,53282.15,53308.4,52946.35,53710.35,0,0.0,0.0,0.0,0.0,-0.01,-1,-1,-0.01,-1,-1,-0.01,-1,-1,-0.01,-1,-1,-0.01,-1,-1,-0.01,-1,-1,-0.01,-1,-1,-0.01,-1,-1,-0.01,-1,-1,-0.01,-1,-1
99926009,2026-05-18 09:22:33+05:30,53053.25,0,0.0,0,0.0,0.0,53282.15,53308.4,52946.35,53710.35,0,0.0,0.0,0.0,0.0,-0.01,-1,-1,-0.01,-1,-1,-0.01,-1,-1,-0.01,-1,-1,-0.01,-1,-1,-0.01,-1,-1,-0.01,-1,-1,-0.01,-1,-1,-0.01,-1,-1,-0.01,-1,-1
99926009,2026-05-18 09:22:33+05:30,53054.25,0,0.0,0,0.0,0.0,53282.15,53308.4,52946.35,53710.35,0,0.0,0.0,0.0,0.0,-0.01,-1,-1,-0.01,-1,-1,-0.01,-1,-1,-0.01,-1,-1,-0.01,-1,-1,-0.01,-1,-1,-0.01,-1,-1,-0.01,-1,-1,-0.01,-1,-1,-0.01,-1,-1
99926009,2026-05-18 09:22:34+05:30,53056.0,0,0.0,0,0.0,0.0,53282.15,53308.4,52946.35,53710.35,0,0.0,0.0,0.0,0.0,-0.01,-1,-1,-0.01,-1,-1,-0.01,-1,-1,-0.01,-1,-1,-0.01,-1,-1,-0.01,-1,-1,-0.01,-1,-1,-0.01,-1,-1,-0.01,-1,-1,-0.01,-1,-1
99926009,2026-05-18 09:22:34+05:30,53055.15,0,0.0,0,0.0,0.0,53282.15,53308.4,52946.35,53710.35,0,0.0,0.0,0.0,0.0,-0.01,-1,-1,-0.01,-1,-1,-0.01,-1,-1,-0.01,-1,-1,-0.01,-1,-1,-0.01,-1,-1,-0.01,-1,-1,-0.01,-1,-1,-0.01,-1,-1,-0.01,-1,-1
99926009,2026-05-18 09:22:35+05:30,53058.55,0,0.0,0,0.0,0.0,53282.15,53308.4,52946.35,53710.35,0,0.0,0.0,0.0,0.0,-0.01,-1,-1,-0.01,-1,-1,-0.01,-1,-1,-0.01,-1,-1,-0.01,-1,-1,-0.01,-1,-1,-0.01,-1,-1,-0.01,-1,-1,-0.01,-1,-1,-0.01,-1,-1
99926009,2026-05-18 09:22:35+05:30,53053.8,0,0.0,0,0.0,0.0,53282.15,53308.4,52946.35,53710.35,0,0.0,0.0,0.0,0.0,-0.01,-1,-1,-0.01,-1,-1,-0.01,-1,-1,-0.01,-1,-1,-0.01,-1,-1,-0.01,-1,-1,-0.01,-1,-1,-0.01,-1,-1,-0.01,-1,-1,-0.01,-1,-1
99926009,2026-05-18 09:22:36+05:30,53049.6,0,0.0,0,0.0,0.0,53282.15,53308.4,52946.35,53710.35,0,0.0,0.0,0.0,0.0,-0.01,-1,-1,-0.01,-1,-1,-0.01,-1,-1,-0.01,-1,-1,-0.01,-1,-1,-0.01,-1,-1,-0.01,-1,-1,-0.01,-1,-1,-0.01,-1,-1,-0.01,-1,-1
99926009,2026-05-18 09:22:36+05:30,53051.6,0,0.0,0,0.0,0.0,53282.15,53308.4,52946.35,53710.35,0,0.0,0.0,0.0,0.0,-0.01,-1,-1,-0.01,-1,-1,-0.01,-1,-1,-0.01,-1,-1,-0.01,-1,-1,-0.01,-1,-1,-0.01,-1,-1,-0.01,-1,-1,-0.01,-1,-1,-0.01,-1,-1
99926009,2026-05-18 09:22:37+05:30,53049.95,0,0.0,0,0.0,0.0,53282.15,53308.4,52946.35,53710.35,0,0.0,0.0,0.0,0.0,-0.01,-1,-1,-0.01,-1,-1,-0.01,-1,-1,-0.01,-1,-1,-0.01,-1,-1,-0.01,-1,-1,-0.01,-1,-1,-0.01,-1,-1,-0.01,-1,-1,-0.01,-1,-1
99926009,2026-05-18 09:22:37+05:30,53049.5,0,0.0,0,0.0,0.0,53282.15,53308.4,52946.35,53710.35,0,0.0,0.0,0.0,0.0,-0.01,-1,-1,-0.01,-1,-1,-0.01,-1,-1,-0.01,-1,-1,-0.01,-1,-1,-0.01,-1,-1,-0.01,-1,-1,-0.01,-1,-1,-0.01,-1,-1,-0.01,-1,-1
99926009,2026-05-18 09:22:38+05:30,53051.5,0,0.0,0,0.0,0.0,53282.15,53308.4,52946.35,53710.35,0,0.0,0.0,0.0,0.0,-0.01,-1,-1,-0.01,-1,-1,-0.01,-1,-1,-0.01,-1,-1,-0.01,-1,-1,-0.01,-1,-1,-0.01,-1,-1,-0.01,-1,-1,-0.01,-1,-1,-0.01,-1,-1
99926009,2026-05-18 09:22:38+05:30,53048.5,0,0.0,0,0.0,0.0,53282.15,53308.4,52946.35,53710.35,0,0.0,0.0,0.0,0.0,-0.01,-1,-1,-0.01,-1,-1,-0.01,-1,-1,-0.01,-1,-1,-0.01,-1,-1,-0.01,-1,-1,-0.01,-1,-1,-0.01,-1,-1,-0.01,-1,-1,-0.01,-1,-1
99926009,2026-05-18 09:22:39+05:30,53050.2,0,0.0,0,0.0,0.0,53282.15,53308.4,52946.35,53710.35,0,0.0,0.0,0.0,0.0,-0.01,-1,-1,-0.01,-1,-1,-0.01,-1,-1,-0.01,-1,-1,-0.01,-1,-1,-0.01,-1,-1,-0.01,-1,-1,-0.01,-1,-1,-0.01,-1,-1,-0.01,-1,-1
99926009,2026-05-18 09:22:39+05:30,53045.85,0,0.0,0,0.0,0.0,53282.15,53308.4,52946.35,53710.35,0,0.0,0.0,0.0,0.0,-0.01,-1,-1,-0.01,-1,-1,-0.01,-1,-1,-0.01,-1,-1,-0.01,-1,-1,-0.01,-1,-1,-0.01,-1,-1,-0.01,-1,-1,-0.01,-1,-1,-0.01,-1,-1
99926009,2026-05-18 09:22:40+05:30,53046.8,0,0.0,0,0.0,0.0,53282.15,53308.4,52946.35,53710.35,0,0.0,0.0,0.0,0.0,-0.01,-1,-1,-0.01,-1,-1,-0.01,-1,-1,-0.01,-1,-1,-0.01,-1,-1,-0.01,-1,-1,-0.01,-1,-1,-0.01,-1,-1,-0.01,-1,-1,-0.01,-1,-1
99926009,2026-05-18 09:22:40+05:30,53049.15,0,0.0,0,0.0,0.0,53282.15,53308.4,52946.35,53710.35,0,0.0,0.0,0.0,0.0,-0.01,-1,-1,-0.01,-1,-1,-0.01,-1,-1,-0.01,-1,-1,-0.01,-1,-1,-0.01,-1,-1,-0.01,-1,-1,-0.01,-1,-1,-0.01,-1,-1,-0.01,-1,-1
99926009,2026-05-18 09:22:41+05:30,53047.6,0,0.0,0,0.0,0.0,53282.15,53308.4,52946.35,53710.35,0,0.0,0.0,0.0,0.0,-0.01,-1,-1,-0.01,-1,-1,-0.01,-1,-1,-0.01,-1,-1,-0.01,-1,-1,-0.01,-1,-1,-0.01,-1,-1,-0.01,-1,-1,-0.01,-1,-1,-0.01,-1,-1
99926009,2026-05-18 09:22:41+05:30,53046.35,0,0.0,0,0.0,0.0,53282.15,53308.4,52946.35,53710.35,0,0.0,0.0,0.0,0.0,-0.01,-1,-1,-0.01,-1,-1,-0.01,-1,-1,-0.01,-1,-1,-0.01,-1,-1,-0.01,-1,-1,-0.01,-1,-1,-0.01,-1,-1,-0.01,-1,-1,-0.01,-1,-1
99926009,2026-05-18 09:22:42+05:30,53046.45,0,0.0,0,0.0,0.0,53282.15,53308.4,52946.35,53710.35,0,0.0,0.0,0.0,0.0,-0.01,-1,-1,-0.01,-1,-1,-0.01,-1,-1,-0.01,-1,-1,-0.01,-1,-1,-0.01,-1,-1,-0.01,-1,-1,-0.01,-1,-1,-0.01,-1,-1,-0.01,-1,-1
99926009,2026-05-18 09:22:42+05:30,53049.45,0,0.0,0,0.0,0.0,53282.15,53308.4,52946.35,53710.35,0,0.0,0.0,0.0,0.0,-0.01,-1,-1,-0.01,-1,-1,-0.01,-1,-1,-0.01,-1,-1,-0.01,-1,-1,-0.01,-1,-1,-0.01,-1,-1,-0.01,-1,-1,-0.01,-1,-1,-0.01,-1,-1
99926009,2026-05-18 09:22:43+05:30,53043.5,0,0.0,0,0.0,0.0,53282.15,53308.4,52946.35,53710.35,0,0.0,0.0,0.0,0.0,-0.01,-1,-1,-0.01,-1,-1,-0.01,-1,-1,-0.01,-1,-1,-0.01,-1,-1,-0.01,-1,-1,-0.01,-1,-1,-0.01,-1,-1,-0.01,-1,-1,-0.01,-1,-1
99926009,2026-05-18 09:22:43+05:30,53046.0,0,0.0,0,0.0,0.0,53282.15,53308.4,52946.35,53710.35,0,0.0,0.0,0.0,0.0,-0.01,-1,-1,-0.01,-1,-1,-0.01,-1,-1,-0.01,-1,-1,-0.01,-1,-1,-0.01,-1,-1,-0.01,-1,-1,-0.01,-1,-1,-0.01,-1,-1,-0.01,-1,-1
99926009,2026-05-18 09:22:44+05:30,53045.1,0,0.0,0,0.0,0.0,53282.15,53308.4,52946.35,53710.35,0,0.0,0.0,0.0,0.0,-0.01,-1,-1,-0.01,-1,-1,-0.01,-1,-1,-0.01,-1,-1,-0.01,-1,-1,-0.01,-1,-1,-0.01,-1,-1,-0.01,-1,-1,-0.01,-1,-1,-0.01,-1,-1
99926009,2026-05-18 09:22:44+05:30,53047.35,0,0.0,0,0.0,0.0,53282.15,53308.4,52946.35,53710.35,0,0.0,0.0,0.0,0.0,-0.01,-1,-1,-0.01,-1,-1,-0.01,-1,-1,-0.01,-1,-1,-0.01,-1,-1,-0.01,-1,-1,-0.01,-1,-1,-0.01,-1,-1,-0.01,-1,-1,-0.01,-1,-1
99926009,2026-05-18 09:22:45+05:30,53046.9,0,0.0,0,0.0,0.0,53282.15,53308.4,52946.35,53710.35,0,0.0,0.0,0.0,0.0,-0.01,-1,-1,-0.01,-1,-1,-0.01,-1,-1,-0.01,-1,-1,-0.01,-1,-1,-0.01,-1,-1,-0.01,-1,-1,-0.01,-1,-1,-0.01,-1,-1,-0.01,-1,-1
99926009,2026-05-18 09:22:45+05:30,53048.45,0,0.0,0,0.0,0.0,53282.15,53308.4,52946.35,53710.35,0,0.0,0.0,0.0,0.0,-0.01,-1,-1,-0.01,-1,-1,-0.01,-1,-1,-0.01,-1,-1,-0.01,-1,-1,-0.01,-1,-1,-0.01,-1,-1,-0.01,-1,-1,-0.01,-1,-1,-0.01,-1,-1
99926009,2026-05-18 09:22:46+05:30,53048.55,0,0.0,0,0.0,0.0,53282.15,53308.4,52946.35,53710.35,0,0.0,0.0,0.0,0.0,-0.01,-1,-1,-0.01,-1,-1,-0.01,-1,-1,-0.01,-1,-1,-0.01,-1,-1,-0.01,-1,-1,-0.01,-1,-1,-0.01,-1,-1,-0.01,-1,-1,-0.01,-1,-1
99926009,2026-05-18 09:22:46+05:30,53050.4,0,0.0,0,0.0,0.0,53282.15,53308.4,52946.35,53710.35,0,0.0,0.0,0.0,0.0,-0.01,-1,-1,-0.01,-1,-1,-0.01,-1,-1,-0.01,-1,-1,-0.01,-1,-1,-0.01,-1,-1,-0.01,-1,-1,-0.01,-1,-1,-0.01,-1,-1,-0.01,-1,-1
99926009,2026-05-18 09:22:47+05:30,53057.65,0,0.0,0,0.0,0.0,53282.15,53308.4,52946.35,53710.35,0,0.0,0.0,0.0,0.0,-0.01,-1,-1,-0.01,-1,-1,-0.01,-1,-1,-0.01,-1,-1,-0.01,-1,-1,-0.01,-1,-1,-0.01,-1,-1,-0.01,-1,-1,-0.01,-1,-1,-0.01,-1,-1
99926009,2026-05-18 09:22:47+05:30,53057.05,0,0.0,0,0.0,0.0,53282.15,53308.4,52946.35,53710.35,0,0.0,0.0,0.0,0.0,-0.01,-1,-1,-0.01,-1,-1,-0.01,-1,-1,-0.01,-1,-1,-0.01,-1,-1,-0.01,-1,-1,-0.01,-1,-1,-0.01,-1,-1,-0.01,-1,-1,-0.01,-1,-1
99926009,2026-05-18 09:22:48+05:30,53054.2,0,0.0,0,0.0,0.0,53282.15,53308.4,52946.35,53710.35,0,0.0,0.0,0.0,0.0,-0.01,-1,-1,-0.01,-1,-1,-0.01,-1,-1,-0.01,-1,-1,-0.01,-1,-1,-0.01,-1,-1,-0.01,-1,-1,-0.01,-1,-1,-0.01,-1,-1,-0.01,-1,-1
99926009,2026-05-18 09:22:48+05:30,53061.4,0,0.0,0,0.0,0.0,53282.15,53308.4,52946.35,53710.35,0,0.0,0.0,0.0,0.0,-0.01,-1,-1,-0.01,-1,-1,-0.01,-1,-1,-0.01,-1,-1,-0.01,-1,-1,-0.01,-1,-1,-0.01,-1,-1,-0.01,-1,-1,-0.01,-1,-1,-0.01,-1,-1
99926009,2026-05-18 09:22:49+05:30,53065.45,0,0.0,0,0.0,0.0,53282.15,53308.4,52946.35,53710.35,0,0.0,0.0,0.0,0.0,-0.01,-1,-1,-0.01,-1,-1,-0.01,-1,-1,-0.01,-1,-1,-0.01,-1,-1,-0.01,-1,-1,-0.01,-1,-1,-0.01,-1,-1,-0.01,-1,-1,-0.01,-1,-1
99926009,2026-05-18 09:22:49+05:30,53063.05,0,0.0,0,0.0,0.0,53282.15,53308.4,52946.35,53710.35,0,0.0,0.0,0.0,0.0,-0.01,-1,-1,-0.01,-1,-1,-0.01,-1,-1,-0.01,-1,-1,-0.01,-1,-1,-0.01,-1,-1,-0.01,-1,-1,-0.01,-1,-1,-0.01,-1,-1,-0.01,-1,-1
99926009,2026-05-18 09:22:50+05:30,53061.35,0,0.0,0,0.0,0.0,53282.15,53308.4,52946.35,53710.35,0,0.0,0.0,0.0,0.0,-0.01,-1,-1,-0.01,-1,-1,-0.01,-1,-1,-0.01,-1,-1,-0.01,-1,-1,-0.01,-1,-1,-0.01,-1,-1,-0.01,-1,-1,-0.01,-1,-1,-0.01,-1,-1
99926009,2026-05-18 09:22:50+05:30,53059.8,0,0.0,0,0.0,0.0,53282.15,53308.4,52946.35,53710.35,0,0.0,0.0,0.0,0.0,-0.01,-1,-1,-0.01,-1,-1,-0.01,-1,-1,-0.01,-1,-1,-0.01,-1,-1,-0.01,-1,-1,-0.01,-1,-1,-0.01,-1,-1,-0.01,-1,-1,-0.01,-1,-1
99926009,2026-05-18 09:22:51+05:30,53059.35,0,0.0,0,0.0,0.0,53282.15,53308.4,52946.35,53710.35,0,0.0,0.0,0.0,0.0,-0.01,-1,-1,-0.01,-1,-1,-0.01,-1,-1,-0.01,-1,-1,-0.01,-1,-1,-0.01,-1,-1,-0.01,-1,-1,-0.01,-1,-1,-0.01,-1,-1,-0.01,-1,-1
99926009,2026-05-18 09:22:51+05:30,53059.0,0,0.0,0,0.0,0.0,53282.15,53308.4,52946.35,53710.35,0,0.0,0.0,0.0,0.0,-0.01,-1,-1,-0.01,-1,-1,-0.01,-1,-1,-0.01,-1,-1,-0.01,-1,-1,-0.01,-1,-1,-0.01,-1,-1,-0.01,-1,-1,-0.01,-1,-1,-0.01,-1,-1
99926009,2026-05-18 09:22:52+05:30,53061.15,0,0.0,0,0.0,0.0,53282.15,53308.4,52946.35,53710.35,0,0.0,0.0,0.0,0.0,-0.01,-1,-1,-0.01,-1,-1,-0.01,-1,-1,-0.01,-1,-1,-0.01,-1,-1,-0.01,-1,-1,-0.01,-1,-1,-0.01,-1,-1,-0.01,-1,-1,-0.01,-1,-1
99926009,2026-05-18 09:22:52+05:30,53061.25,0,0.0,0,0.0,0.0,53282.15,53308.4,52946.35,53710.35,0,0.0,0.0,0.0,0.0,-0.01,-1,-1,-0.01,-1,-1,-0.01,-1,-1,-0.01,-1,-1,-0.01,-1,-1,-0.01,-1,-1,-0.01,-1,-1,-0.01,-1,-1,-0.01,-1,-1,-0.01,-1,-1
99926009,2026-05-18 09:22:53+05:30,53056.65,0,0.0,0,0.0,0.0,53282.15,53308.4,52946.35,53710.35,0,0.0,0.0,0.0,0.0,-0.01,-1,-1,-0.01,-1,-1,-0.01,-1,-1,-0.01,-1,-1,-0.01,-1,-1,-0.01,-1,-1,-0.01,-1,-1,-0.01,-1,-1,-0.01,-1,-1,-0.01,-1,-1
99926009,2026-05-18 09:22:53+05:30,53060.4,0,0.0,0,0.0,0.0,53282.15,53308.4,52946.35,53710.35,0,0.0,0.0,0.0,0.0,-0.01,-1,-1,-0.01,-1,-1,-0.01,-1,-1,-0.01,-1,-1,-0.01,-1,-1,-0.01,-1,-1,-0.01,-1,-1,-0.01,-1,-1,-0.01,-1,-1,-0.01,-1,-1
99926009,2026-05-18 09:22:54+05:30,53057.95,0,0.0,0,0.0,0.0,53282.15,53308.4,52946.35,53710.35,0,0.0,0.0,0.0,0.0,-0.01,-1,-1,-0.01,-1,-1,-0.01,-1,-1,-0.01,-1,-1,-0.01,-1,-1,-0.01,-1,-1,-0.01,-1,-1,-0.01,-1,-1,-0.01,-1,-1,-0.01,-1,-1
99926009,2026-05-18 09:22:54+05:30,53056.2,0,0.0,0,0.0,0.0,53282.15,53308.4,52946.35,53710.35,0,0.0,0.0,0.0,0.0,-0.01,-1,-1,-0.01,-1,-1,-0.01,-1,-1,-0.01,-1,-1,-0.01,-1,-1,-0.01,-1,-1,-0.01,-1,-1,-0.01,-1,-1,-0.01,-1,-1,-0.01,-1,-1
99926009,2026-05-18 09:22:55+05:30,53057.8,0,0.0,0,0.0,0.0,53282.15,53308.4,52946.35,53710.35,0,0.0,0.0,0.0,0.0,-0.01,-1,-1,-0.01,-1,-1,-0.01,-1,-1,-0.01,-1,-1,-0.01,-1,-1,-0.01,-1,-1,-0.01,-1,-1,-0.01,-1,-1,-0.01,-1,-1,-0.01,-1,-1
99926009,2026-05-18 09:22:55+05:30,53058.95,0,0.0,0,0.0,0.0,53282.15,53308.4,52946.35,53710.35,0,0.0,0.0,0.0,0.0,-0.01,-1,-1,-0.01,-1,-1,-0.01,-1,-1,-0.01,-1,-1,-0.01,-1,-1,-0.01,-1,-1,-0.01,-1,-1,-0.01,-1,-1,-0.01,-1,-1,-0.01,-1,-1
99926009,2026-05-18 09:22:56+05:30,53055.8,0,0.0,0,0.0,0.0,53282.15,53308.4,52946.35,53710.35,0,0.0,0.0,0.0,0.0,-0.01,-1,-1,-0.01,-1,-1,-0.01,-1,-1,-0.01,-1,-1,-0.01,-1,-1,-0.01,-1,-1,-0.01,-1,-1,-0.01,-1,-1,-0.01,-1,-1,-0.01,-1,-1
99926009,2026-05-18 09:22:56+05:30,53055.35,0,0.0,0,0.0,0.0,53282.15,53308.4,52946.35,53710.35,0,0.0,0.0,0.0,0.0,-0.01,-1,-1,-0.01,-1,-1,-0.01,-1,-1,-0.01,-1,-1,-0.01,-1,-1,-0.01,-1,-1,-0.01,-1,-1,-0.01,-1,-1,-0.01,-1,-1,-0.01,-1,-1
99926009,2026-05-18 09:22:57+05:30,53055.4,0,0.0,0,0.0,0.0,53282.15,53308.4,52946.35,53710.35,0,0.0,0.0,0.0,0.0,-0.01,-1,-1,-0.01,-1,-1,-0.01,-1,-1,-0.01,-1,-1,-0.01,-1,-1,-0.01,-1,-1,-0.01,-1,-1,-0.01,-1,-1,-0.01,-1,-1,-0.01,-1,-1
99926009,2026-05-18 09:22:57+05:30,53053.65,0,0.0,0,0.0,0.0,53282.15,53308.4,52946.35,53710.35,0,0.0,0.0,0.0,0.0,-0.01,-1,-1,-0.01,-1,-1,-0.01,-1,-1,-0.01,-1,-1,-0.01,-1,-1,-0.01,-1,-1,-0.01,-1,-1,-0.01,-1,-1,-0.01,-1,-1,-0.01,-1,-1
99926009,2026-05-18 09:22:58+05:30,53052.65,0,0.0,0,0.0,0.0,53282.15,53308.4,52946.35,53710.35,0,0.0,0.0,0.0,0.0,-0.01,-1,-1,-0.01,-1,-1,-0.01,-1,-1,-0.01,-1,-1,-0.01,-1,-1,-0.01,-1,-1,-0.01,-1,-1,-0.01,-1,-1,-0.01,-1,-1,-0.01,-1,-1
99926009,2026-05-18 09:22:58+05:30,53052.5,0,0.0,0,0.0,0.0,53282.15,53308.4,52946.35,53710.35,0,0.0,0.0,0.0,0.0,-0.01,-1,-1,-0.01,-1,-1,-0.01,-1,-1,-0.01,-1,-1,-0.01,-1,-1,-0.01,-1,-1,-0.01,-1,-1,-0.01,-1,-1,-0.01,-1,-1,-0.01,-1,-1
99926009,2026-05-18 09:22:59+05:30,53052.7,0,0.0,0,0.0,0.0,53282.15,53308.4,52946.35,53710.35,0,0.0,0.0,0.0,0.0,-0.01,-1,-1,-0.01,-1,-1,-0.01,-1,-1,-0.01,-1,-1,-0.01,-1,-1,-0.01,-1,-1,-0.01,-1,-1,-0.01,-1,-1,-0.01,-1,-1,-0.01,-1,-1
99926009,2026-05-18 09:22:59+05:30,53052.6,0,0.0,0,0.0,0.0,53282.15,53308.4,52946.35,53710.35,0,0.0,0.0,0.0,0.0,-0.01,-1,-1,-0.01,-1,-1,-0.01,-1,-1,-0.01,-1,-1,-0.01,-1,-1,-0.01,-1,-1,-0.01,-1,-1,-0.01,-1,-1,-0.01,-1,-1,-0.01,-1,-1
99926009,2026-05-18 09:23:00+05:30,53053.65,0,0.0,0,0.0,0.0,53282.15,53308.4,52946.35,53710.35,0,0.0,0.0,0.0,0.0,-0.01,-1,-1,-0.01,-1,-1,-0.01,-1,-1,-0.01,-1,-1,-0.01,-1,-1,-0.01,-1,-1,-0.01,-1,-1,-0.01,-1,-1,-0.01,-1,-1,-0.01,-1,-1
99926009,2026-05-18 09:23:00+05:30,53052.75,0,0.0,0,0.0,0.0,53282.15,53308.4,52946.35,53710.35,0,0.0,0.0,0.0,0.0,-0.01,-1,-1,-0.01,-1,-1,-0.01,-1,-1,-0.01,-1,-1,-0.01,-1,-1,-0.01,-1,-1,-0.01,-1,-1,-0.01,-1,-1,-0.01,-1,-1,-0.01,-1,-1
99926009,2026-05-18 09:23:01+05:30,53050.4,0,0.0,0,0.0,0.0,53282.15,53308.4,52946.35,53710.35,0,0.0,0.0,0.0,0.0,-0.01,-1,-1,-0.01,-1,-1,-0.01,-1,-1,-0.01,-1,-1,-0.01,-1,-1,-0.01,-1,-1,-0.01,-1,-1,-0.01,-1,-1,-0.01,-1,-1,-0.01,-1,-1
99926009,2026-05-18 09:23:01+05:30,53051.45,0,0.0,0,0.0,0.0,53282.15,53308.4,52946.35,53710.35,0,0.0,0.0,0.0,0.0,-0.01,-1,-1,-0.01,-1,-1,-0.01,-1,-1,-0.01,-1,-1,-0.01,-1,-1,-0.01,-1,-1,-0.01,-1,-1,-0.01,-1,-1,-0.01,-1,-1,-0.01,-1,-1
99926009,2026-05-18 09:23:02+05:30,53050.05,0,0.0,0,0.0,0.0,53282.15,53308.4,52946.35,53710.35,0,0.0,0.0,0.0,0.0,-0.01,-1,-1,-0.01,-1,-1,-0.01,-1,-1,-0.01,-1,-1,-0.01,-1,-1,-0.01,-1,-1,-0.01,-1,-1,-0.01,-1,-1,-0.01,-1,-1,-0.01,-1,-1
99926009,2026-05-18 09:23:02+05:30,53048.85,0,0.0,0,0.0,0.0,53282.15,53308.4,52946.35,53710.35,0,0.0,0.0,0.0,0.0,-0.01,-1,-1,-0.01,-1,-1,-0.01,-1,-1,-0.01,-1,-1,-0.01,-1,-1,-0.01,-1,-1,-0.01,-1,-1,-0.01,-1,-1,-0.01,-1,-1,-0.01,-1,-1
99926009,2026-05-18 09:23:03+05:30,53047.0,0,0.0,0,0.0,0.0,53282.15,53308.4,52946.35,53710.35,0,0.0,0.0,0.0,0.0,-0.01,-1,-1,-0.01,-1,-1,-0.01,-1,-1,-0.01,-1,-1,-0.01,-1,-1,-0.01,-1,-1,-0.01,-1,-1,-0.01,-1,-1,-0.01,-1,-1,-0.01,-1,-1
99926009,2026-05-18 09:23:03+05:30,53044.4,0,0.0,0,0.0,0.0,53282.15,53308.4,52946.35,53710.35,0,0.0,0.0,0.0,0.0,-0.01,-1,-1,-0.01,-1,-1,-0.01,-1,-1,-0.01,-1,-1,-0.01,-1,-1,-0.01,-1,-1,-0.01,-1,-1,-0.01,-1,-1,-0.01,-1,-1,-0.01,-1,-1
99926009,2026-05-18 09:23:04+05:30,53039.05,0,0.0,0,0.0,0.0,53282.15,53308.4,52946.35,53710.35,0,0.0,0.0,0.0,0.0,-0.01,-1,-1,-0.01,-1,-1,-0.01,-1,-1,-0.01,-1,-1,-0.01,-1,-1,-0.01,-1,-1,-0.01,-1,-1,-0.01,-1,-1,-0.01,-1,-1,-0.01,-1,-1
99926009,2026-05-18 09:23:04+05:30,53045.55,0,0.0,0,0.0,0.0,53282.15,53308.4,52946.35,53710.35,0,0.0,0.0,0.0,0.0,-0.01,-1,-1,-0.01,-1,-1,-0.01,-1,-1,-0.01,-1,-1,-0.01,-1,-1,-0.01,-1,-1,-0.01,-1,-1,-0.01,-1,-1,-0.01,-1,-1,-0.01,-1,-1
99926009,2026-05-18 09:23:05+05:30,53044.55,0,0.0,0,0.0,0.0,53282.15,53308.4,52946.35,53710.35,0,0.0,0.0,0.0,0.0,-0.01,-1,-1,-0.01,-1,-1,-0.01,-1,-1,-0.01,-1,-1,-0.01,-1,-1,-0.01,-1,-1,-0.01,-1,-1,-0.01,-1,-1,-0.01,-1,-1,-0.01,-1,-1
99926009,2026-05-18 09:23:05+05:30,53048.35,0,0.0,0,0.0,0.0,53282.15,53308.4,52946.35,53710.35,0,0.0,0.0,0.0,0.0,-0.01,-1,-1,-0.01,-1,-1,-0.01,-1,-1,-0.01,-1,-1,-0.01,-1,-1,-0.01,-1,-1,-0.01,-1,-1,-0.01,-1,-1,-0.01,-1,-1,-0.01,-1,-1
99926009,2026-05-18 09:23:06+05:30,53051.35,0,0.0,0,0.0,0.0,53282.15,53308.4,52946.35,53710.35,0,0.0,0.0,0.0,0.0,-0.01,-1,-1,-0.01,-1,-1,-0.01,-1,-1,-0.01,-1,-1,-0.01,-1,-1,-0.01,-1,-1,-0.01,-1,-1,-0.01,-1,-1,-0.01,-1,-1,-0.01,-1,-1
99926009,2026-05-18 09:23:06+05:30,53052.5,0,0.0,0,0.0,0.0,53282.15,53308.4,52946.35,53710.35,0,0.0,0.0,0.0,0.0,-0.01,-1,-1,-0.01,-1,-1,-0.01,-1,-1,-0.01,-1,-1,-0.01,-1,-1,-0.01,-1,-1,-0.01,-1,-1,-0.01,-1,-1,-0.01,-1,-1,-0.01,-1,-1
99926009,2026-05-18 09:23:07+05:30,53050.65,0,0.0,0,0.0,0.0,53282.15,53308.4,52946.35,53710.35,0,0.0,0.0,0.0,0.0,-0.01,-1,-1,-0.01,-1,-1,-0.01,-1,-1,-0.01,-1,-1,-0.01,-1,-1,-0.01,-1,-1,-0.01,-1,-1,-0.01,-1,-1,-0.01,-1,-1,-0.01,-1,-1
99926009,2026-05-18 09:23:07+05:30,53048.25,0,0.0,0,0.0,0.0,53282.15,53308.4,52946.35,53710.35,0,0.0,0.0,0.0,0.0,-0.01,-1,-1,-0.01,-1,-1,-0.01,-1,-1,-0.01,-1,-1,-0.01,-1,-1,-0.01,-1,-1,-0.01,-1,-1,-0.01,-1,-1,-0.01,-1,-1,-0.01,-1,-1
99926009,2026-05-18 09:23:08+05:30,53052.7,0,0.0,0,0.0,0.0,53282.15,53308.4,52946.35,53710.35,0,0.0,0.0,0.0,0.0,-0.01,-1,-1,-0.01,-1,-1,-0.01,-1,-1,-0.01,-1,-1,-0.01,-1,-1,-0.01,-1,-1,-0.01,-1,-1,-0.01,-1,-1,-0.01,-1,-1,-0.01,-1,-1
99926009,2026-05-18 09:23:08+05:30,53054.05,0,0.0,0,0.0,0.0,53282.15,53308.4,52946.35,53710.35,0,0.0,0.0,0.0,0.0,-0.01,-1,-1,-0.01,-1,-1,-0.01,-1,-1,-0.01,-1,-1,-0.01,-1,-1,-0.01,-1,-1,-0.01,-1,-1,-0.01,-1,-1,-0.01,-1,-1,-0.01,-1,-1
99926009,2026-05-18 09:23:09+05:30,53058.05,0,0.0,0,0.0,0.0,53282.15,53308.4,52946.35,53710.35,0,0.0,0.0,0.0,0.0,-0.01,-1,-1,-0.01,-1,-1,-0.01,-1,-1,-0.01,-1,-1,-0.01,-1,-1,-0.01,-1,-1,-0.01,-1,-1,-0.01,-1,-1,-0.01,-1,-1,-0.01,-1,-1
99926009,2026-05-18 09:23:09+05:30,53057.65,0,0.0,0,0.0,0.0,53282.15,53308.4,52946.35,53710.35,0,0.0,0.0,0.0,0.0,-0.01,-1,-1,-0.01,-1,-1,-0.01,-1,-1,-0.01,-1,-1,-0.01,-1,-1,-0.01,-1,-1,-0.01,-1,-1,-0.01,-1,-1,-0.01,-1,-1,-0.01,-1,-1
99926009,2026-05-18 09:23:10+05:30,53059.55,0,0.0,0,0.0,0.0,53282.15,53308.4,52946.35,53710.35,0,0.0,0.0,0.0,0.0,-0.01,-1,-1,-0.01,-1,-1,-0.01,-1,-1,-0.01,-1,-1,-0.01,-1,-1,-0.01,-1,-1,-0.01,-1,-1,-0.01,-1,-1,-0.01,-1,-1,-0.01,-1,-1
99926009,2026-05-18 09:23:10+05:30,53058.4,0,0.0,0,0.0,0.0,53282.15,53308.4,52946.35,53710.35,0,0.0,0.0,0.0,0.0,-0.01,-1,-1,-0.01,-1,-1,-0.01,-1,-1,-0.01,-1,-1,-0.01,-1,-1,-0.01,-1,-1,-0.01,-1,-1,-0.01,-1,-1,-0.01,-1,-1,-0.01,-1,-1
99926009,2026-05-18 09:23:11+05:30,53060.25,0,0.0,0,0.0,0.0,53282.15,53308.4,52946.35,53710.35,0,0.0,0.0,0.0,0.0,-0.01,-1,-1,-0.01,-1,-1,-0.01,-1,-1,-0.01,-1,-1,-0.01,-1,-1,-0.01,-1,-1,-0.01,-1,-1,-0.01,-1,-1,-0.01,-1,-1,-0.01,-1,-1
99926009,2026-05-18 09:23:11+05:30,53061.65,0,0.0,0,0.0,0.0,53282.15,53308.4,52946.35,53710.35,0,0.0,0.0,0.0,0.0,-0.01,-1,-1,-0.01,-1,-1,-0.01,-1,-1,-0.01,-1,-1,-0.01,-1,-1,-0.01,-1,-1,-0.01,-1,-1,-0.01,-1,-1,-0.01,-1,-1,-0.01,-1,-1
99926009,2026-05-18 09:23:12+05:30,53059.25,0,0.0,0,0.0,0.0,53282.15,53308.4,52946.35,53710.35,0,0.0,0.0,0.0,0.0,-0.01,-1,-1,-0.01,-1,-1,-0.01,-1,-1,-0.01,-1,-1,-0.01,-1,-1,-0.01,-1,-1,-0.01,-1,-1,-0.01,-1,-1,-0.01,-1,-1,-0.01,-1,-1
99926009,2026-05-18 09:23:12+05:30,53063.55,0,0.0,0,0.0,0.0,53282.15,53308.4,52946.35,53710.35,0,0.0,0.0,0.0,0.0,-0.01,-1,-1,-0.01,-1,-1,-0.01,-1,-1,-0.01,-1,-1,-0.01,-1,-1,-0.01,-1,-1,-0.01,-1,-1,-0.01,-1,-1,-0.01,-1,-1,-0.01,-1,-1
99926009,2026-05-18 09:23:13+05:30,53062.4,0,0.0,0,0.0,0.0,53282.15,53308.4,52946.35,53710.35,0,0.0,0.0,0.0,0.0,-0.01,-1,-1,-0.01,-1,-1,-0.01,-1,-1,-0.01,-1,-1,-0.01,-1,-1,-0.01,-1,-1,-0.01,-1,-1,-0.01,-1,-1,-0.01,-1,-1,-0.01,-1,-1
99926009,2026-05-18 09:23:13+05:30,53060.6,0,0.0,0,0.0,0.0,53282.15,53308.4,52946.35,53710.35,0,0.0,0.0,0.0,0.0,-0.01,-1,-1,-0.01,-1,-1,-0.01,-1,-1,-0.01,-1,-1,-0.01,-1,-1,-0.01,-1,-1,-0.01,-1,-1,-0.01,-1,-1,-0.01,-1,-1,-0.01,-1,-1
99926009,2026-05-18 09:23:14+05:30,53061.0,0,0.0,0,0.0,0.0,53282.15,53308.4,52946.35,53710.35,0,0.0,0.0,0.0,0.0,-0.01,-1,-1,-0.01,-1,-1,-0.01,-1,-1,-0.01,-1,-1,-0.01,-1,-1,-0.01,-1,-1,-0.01,-1,-1,-0.01,-1,-1,-0.01,-1,-1,-0.01,-1,-1
99926009,2026-05-18 09:23:14+05:30,53062.45,0,0.0,0,0.0,0.0,53282.15,53308.4,52946.35,53710.35,0,0.0,0.0,0.0,0.0,-0.01,-1,-1,-0.01,-1,-1,-0.01,-1,-1,-0.01,-1,-1,-0.01,-1,-1,-0.01,-1,-1,-0.01,-1,-1,-0.01,-1,-1,-0.01,-1,-1,-0.01,-1,-1
99926009,2026-05-18 09:23:15+05:30,53061.75,0,0.0,0,0.0,0.0,53282.15,53308.4,52946.35,53710.35,0,0.0,0.0,0.0,0.0,-0.01,-1,-1,-0.01,-1,-1,-0.01,-1,-1,-0.01,-1,-1,-0.01,-1,-1,-0.01,-1,-1,-0.01,-1,-1,-0.01,-1,-1,-0.01,-1,-1,-0.01,-1,-1
99926009,2026-05-18 09:23:15+05:30,53056.35,0,0.0,0,0.0,0.0,53282.15,53308.4,52946.35,53710.35,0,0.0,0.0,0.0,0.0,-0.01,-1,-1,-0.01,-1,-1,-0.01,-1,-1,-0.01,-1,-1,-0.01,-1,-1,-0.01,-1,-1,-0.01,-1,-1,-0.01,-1,-1,-0.01,-1,-1,-0.01,-1,-1
99926009,2026-05-18 09:23:16+05:30,53063.0,0,0.0,0,0.0,0.0,53282.15,53308.4,52946.35,53710.35,0,0.0,0.0,0.0,0.0,-0.01,-1,-1,-0.01,-1,-1,-0.01,-1,-1,-0.01,-1,-1,-0.01,-1,-1,-0.01,-1,-1,-0.01,-1,-1,-0.01,-1,-1,-0.01,-1,-1,-0.01,-1,-1
99926009,2026-05-18 09:23:16+05:30,53065.4,0,0.0,0,0.0,0.0,53282.15,53308.4,52946.35,53710.35,0,0.0,0.0,0.0,0.0,-0.01,-1,-1,-0.01,-1,-1,-0.01,-1,-1,-0.01,-1,-1,-0.01,-1,-1,-0.01,-1,-1,-0.01,-1,-1,-0.01,-1,-1,-0.01,-1,-1,-0.01,-1,-1
99926009,2026-05-18 09:23:17+05:30,53067.3,0,0.0,0,0.0,0.0,53282.15,53308.4,52946.35,53710.35,0,0.0,0.0,0.0,0.0,-0.01,-1,-1,-0.01,-1,-1,-0.01,-1,-1,-0.01,-1,-1,-0.01,-1,-1,-0.01,-1,-1,-0.01,-1,-1,-0.01,-1,-1,-0.01,-1,-1,-0.01,-1,-1
99926009,2026-05-18 09:23:17+05:30,53067.35,0,0.0,0,0.0,0.0,53282.15,53308.4,52946.35,53710.35,0,0.0,0.0,0.0,0.0,-0.01,-1,-1,-0.01,-1,-1,-0.01,-1,-1,-0.01,-1,-1,-0.01,-1,-1,-0.01,-1,-1,-0.01,-1,-1,-0.01,-1,-1,-0.01,-1,-1,-0.01,-1,-1
99926009,2026-05-18 09:23:18+05:30,53066.1,0,0.0,0,0.0,0.0,53282.15,53308.4,52946.35,53710.35,0,0.0,0.0,0.0,0.0,-0.01,-1,-1,-0.01,-1,-1,-0.01,-1,-1,-0.01,-1,-1,-0.01,-1,-1,-0.01,-1,-1,-0.01,-1,-1,-0.01,-1,-1,-0.01,-1,-1,-0.01,-1,-1
99926009,2026-05-18 09:23:18+05:30,53065.9,0,0.0,0,0.0,0.0,53282.15,53308.4,52946.35,53710.35,0,0.0,0.0,0.0,0.0,-0.01,-1,-1,-0.01,-1,-1,-0.01,-1,-1,-0.01,-1,-1,-0.01,-1,-1,-0.01,-1,-1,-0.01,-1,-1,-0.01,-1,-1,-0.01,-1,-1,-0.01,-1,-1
99926009,2026-05-18 09:23:19+05:30,53068.15,0,0.0,0,0.0,0.0,53282.15,53308.4,52946.35,53710.35,0,0.0,0.0,0.0,0.0,-0.01,-1,-1,-0.01,-1,-1,-0.01,-1,-1,-0.01,-1,-1,-0.01,-1,-1,-0.01,-1,-1,-0.01,-1,-1,-0.01,-1,-1,-0.01,-1,-1,-0.01,-1,-1
99926009,2026-05-18 09:23:19+05:30,53064.15,0,0.0,0,0.0,0.0,53282.15,53308.4,52946.35,53710.35,0,0.0,0.0,0.0,0.0,-0.01,-1,-1,-0.01,-1,-1,-0.01,-1,-1,-0.01,-1,-1,-0.01,-1,-1,-0.01,-1,-1,-0.01,-1,-1,-0.01,-1,-1,-0.01,-1,-1,-0.01,-1,-1
99926009,2026-05-18 09:23:20+05:30,53064.1,0,0.0,0,0.0,0.0,53282.15,53308.4,52946.35,53710.35,0,0.0,0.0,0.0,0.0,-0.01,-1,-1,-0.01,-1,-1,-0.01,-1,-1,-0.01,-1,-1,-0.01,-1,-1,-0.01,-1,-1,-0.01,-1,-1,-0.01,-1,-1,-0.01,-1,-1,-0.01,-1,-1
99926009,2026-05-18 09:23:20+05:30,53062.0,0,0.0,0,0.0,0.0,53282.15,53308.4,52946.35,53710.35,0,0.0,0.0,0.0,0.0,-0.01,-1,-1,-0.01,-1,-1,-0.01,-1,-1,-0.01,-1,-1,-0.01,-1,-1,-0.01,-1,-1,-0.01,-1,-1,-0.01,-1,-1,-0.01,-1,-1,-0.01,-1,-1
99926009,2026-05-18 09:23:21+05:30,53061.35,0,0.0,0,0.0,0.0,53282.15,53308.4,52946.35,53710.35,0,0.0,0.0,0.0,0.0,-0.01,-1,-1,-0.01,-1,-1,-0.01,-1,-1,-0.01,-1,-1,-0.01,-1,-1,-0.01,-1,-1,-0.01,-1,-1,-0.01,-1,-1,-0.01,-1,-1,-0.01,-1,-1
99926009,2026-05-18 09:23:21+05:30,53058.95,0,0.0,0,0.0,0.0,53282.15,53308.4,52946.35,53710.35,0,0.0,0.0,0.0,0.0,-0.01,-1,-1,-0.01,-1,-1,-0.01,-1,-1,-0.01,-1,-1,-0.01,-1,-1,-0.01,-1,-1,-0.01,-1,-1,-0.01,-1,-1,-0.01,-1,-1,-0.01,-1,-1
99926009,2026-05-18 09:23:22+05:30,53063.75,0,0.0,0,0.0,0.0,53282.15,53308.4,52946.35,53710.35,0,0.0,0.0,0.0,0.0,-0.01,-1,-1,-0.01,-1,-1,-0.01,-1,-1,-0.01,-1,-1,-0.01,-1,-1,-0.01,-1,-1,-0.01,-1,-1,-0.01,-1,-1,-0.01,-1,-1,-0.01,-1,-1
99926009,2026-05-18 09:23:22+05:30,53062.3,0,0.0,0,0.0,0.0,53282.15,53308.4,52946.35,53710.35,0,0.0,0.0,0.0,0.0,-0.01,-1,-1,-0.01,-1,-1,-0.01,-1,-1,-0.01,-1,-1,-0.01,-1,-1,-0.01,-1,-1,-0.01,-1,-1,-0.01,-1,-1,-0.01,-1,-1,-0.01,-1,-1
99926009,2026-05-18 09:23:23+05:30,53061.95,0,0.0,0,0.0,0.0,53282.15,53308.4,52946.35,53710.35,0,0.0,0.0,0.0,0.0,-0.01,-1,-1,-0.01,-1,-1,-0.01,-1,-1,-0.01,-1,-1,-0.01,-1,-1,-0.01,-1,-1,-0.01,-1,-1,-0.01,-1,-1,-0.01,-1,-1,-0.01,-1,-1
99926009,2026-05-18 09:23:23+05:30,53063.75,0,0.0,0,0.0,0.0,53282.15,53308.4,52946.35,53710.35,0,0.0,0.0,0.0,0.0,-0.01,-1,-1,-0.01,-1,-1,-0.01,-1,-1,-0.01,-1,-1,-0.01,-1,-1,-0.01,-1,-1,-0.01,-1,-1,-0.01,-1,-1,-0.01,-1,-1,-0.01,-1,-1
99926009,2026-05-18 09:23:24+05:30,53061.0,0,0.0,0,0.0,0.0,53282.15,53308.4,52946.35,53710.35,0,0.0,0.0,0.0,0.0,-0.01,-1,-1,-0.01,-1,-1,-0.01,-1,-1,-0.01,-1,-1,-0.01,-1,-1,-0.01,-1,-1,-0.01,-1,-1,-0.01,-1,-1,-0.01,-1,-1,-0.01,-1,-1
99926009,2026-05-18 09:23:24+05:30,53064.8,0,0.0,0,0.0,0.0,53282.15,53308.4,52946.35,53710.35,0,0.0,0.0,0.0,0.0,-0.01,-1,-1,-0.01,-1,-1,-0.01,-1,-1,-0.01,-1,-1,-0.01,-1,-1,-0.01,-1,-1,-0.01,-1,-1,-0.01,-1,-1,-0.01,-1,-1,-0.01,-1,-1
99926009,2026-05-18 09:23:25+05:30,53059.1,0,0.0,0,0.0,0.0,53282.15,53308.4,52946.35,53710.35,0,0.0,0.0,0.0,0.0,-0.01,-1,-1,-0.01,-1,-1,-0.01,-1,-1,-0.01,-1,-1,-0.01,-1,-1,-0.01,-1,-1,-0.01,-1,-1,-0.01,-1,-1,-0.01,-1,-1,-0.01,-1,-1
99926009,2026-05-18 09:23:25+05:30,53064.2,0,0.0,0,0.0,0.0,53282.15,53308.4,52946.35,53710.35,0,0.0,0.0,0.0,0.0,-0.01,-1,-1,-0.01,-1,-1,-0.01,-1,-1,-0.01,-1,-1,-0.01,-1,-1,-0.01,-1,-1,-0.01,-1,-1,-0.01,-1,-1,-0.01,-1,-1,-0.01,-1,-1
99926009,2026-05-18 09:23:26+05:30,53065.65,0,0.0,0,0.0,0.0,53282.15,53308.4,52946.35,53710.35,0,0.0,0.0,0.0,0.0,-0.01,-1,-1,-0.01,-1,-1,-0.01,-1,-1,-0.01,-1,-1,-0.01,-1,-1,-0.01,-1,-1,-0.01,-1,-1,-0.01,-1,-1,-0.01,-1,-1,-0.01,-1,-1
99926009,2026-05-18 09:23:26+05:30,53069.6,0,0.0,0,0.0,0.0,53282.15,53308.4,52946.35,53710.35,0,0.0,0.0,0.0,0.0,-0.01,-1,-1,-0.01,-1,-1,-0.01,-1,-1,-0.01,-1,-1,-0.01,-1,-1,-0.01,-1,-1,-0.01,-1,-1,-0.01,-1,-1,-0.01,-1,-1,-0.01,-1,-1
99926009,2026-05-18 09:23:27+05:30,53071.95,0,0.0,0,0.0,0.0,53282.15,53308.4,52946.35,53710.35,0,0.0,0.0,0.0,0.0,-0.01,-1,-1,-0.01,-1,-1,-0.01,-1,-1,-0.01,-1,-1,-0.01,-1,-1,-0.01,-1,-1,-0.01,-1,-1,-0.01,-1,-1,-0.01,-1,-1,-0.01,-1,-1
99926009,2026-05-18 09:23:27+05:30,53071.2,0,0.0,0,0.0,0.0,53282.15,53308.4,52946.35,53710.35,0,0.0,0.0,0.0,0.0,-0.01,-1,-1,-0.01,-1,-1,-0.01,-1,-1,-0.01,-1,-1,-0.01,-1,-1,-0.01,-1,-1,-0.01,-1,-1,-0.01,-1,-1,-0.01,-1,-1,-0.01,-1,-1
99926009,2026-05-18 09:23:28+05:30,53073.7,0,0.0,0,0.0,0.0,53282.15,53308.4,52946.35,53710.35,0,0.0,0.0,0.0,0.0,-0.01,-1,-1,-0.01,-1,-1,-0.01,-1,-1,-0.01,-1,-1,-0.01,-1,-1,-0.01,-1,-1,-0.01,-1,-1,-0.01,-1,-1,-0.01,-1,-1,-0.01,-1,-1
99926009,2026-05-18 09:23:28+05:30,53067.9,0,0.0,0,0.0,0.0,53282.15,53308.4,52946.35,53710.35,0,0.0,0.0,0.0,0.0,-0.01,-1,-1,-0.01,-1,-1,-0.01,-1,-1,-0.01,-1,-1,-0.01,-1,-1,-0.01,-1,-1,-0.01,-1,-1,-0.01,-1,-1,-0.01,-1,-1,-0.01,-1,-1
99926009,2026-05-18 09:23:29+05:30,53065.8,0,0.0,0,0.0,0.0,53282.15,53308.4,52946.35,53710.35,0,0.0,0.0,0.0,0.0,-0.01,-1,-1,-0.01,-1,-1,-0.01,-1,-1,-0.01,-1,-1,-0.01,-1,-1,-0.01,-1,-1,-0.01,-1,-1,-0.01,-1,-1,-0.01,-1,-1,-0.01,-1,-1
99926009,2026-05-18 09:23:29+05:30,53067.25,0,0.0,0,0.0,0.0,53282.15,53308.4,52946.35,53710.35,0,0.0,0.0,0.0,0.0,-0.01,-1,-1,-0.01,-1,-1,-0.01,-1,-1,-0.01,-1,-1,-0.01,-1,-1,-0.01,-1,-1,-0.01,-1,-1,-0.01,-1,-1,-0.01,-1,-1,-0.01,-1,-1
99926009,2026-05-18 09:23:30+05:30,53073.55,0,0.0,0,0.0,0.0,53282.15,53308.4,52946.35,53710.35,0,0.0,0.0,0.0,0.0,-0.01,-1,-1,-0.01,-1,-1,-0.01,-1,-1,-0.01,-1,-1,-0.01,-1,-1,-0.01,-1,-1,-0.01,-1,-1,-0.01,-1,-1,-0.01,-1,-1,-0.01,-1,-1
99926009,2026-05-18 09:23:30+05:30,53073.1,0,0.0,0,0.0,0.0,53282.15,53308.4,52946.35,53710.35,0,0.0,0.0,0.0,0.0,-0.01,-1,-1,-0.01,-1,-1,-0.01,-1,-1,-0.01,-1,-1,-0.01,-1,-1,-0.01,-1,-1,-0.01,-1,-1,-0.01,-1,-1,-0.01,-1,-1,-0.01,-1,-1
99926009,2026-05-18 09:23:31+05:30,53072.35,0,0.0,0,0.0,0.0,53282.15,53308.4,52946.35,53710.35,0,0.0,0.0,0.0,0.0,-0.01,-1,-1,-0.01,-1,-1,-0.01,-1,-1,-0.01,-1,-1,-0.01,-1,-1,-0.01,-1,-1,-0.01,-1,-1,-0.01,-1,-1,-0.01,-1,-1,-0.01,-1,-1
99926009,2026-05-18 09:23:31+05:30,53072.15,0,0.0,0,0.0,0.0,53282.15,53308.4,52946.35,53710.35,0,0.0,0.0,0.0,0.0,-0.01,-1,-1,-0.01,-1,-1,-0.01,-1,-1,-0.01,-1,-1,-0.01,-1,-1,-0.01,-1,-1,-0.01,-1,-1,-0.01,-1,-1,-0.01,-1,-1,-0.01,-1,-1
99926009,2026-05-18 09:23:32+05:30,53074.05,0,0.0,0,0.0,0.0,53282.15,53308.4,52946.35,53710.35,0,0.0,0.0,0.0,0.0,-0.01,-1,-1,-0.01,-1,-1,-0.01,-1,-1,-0.01,-1,-1,-0.01,-1,-1,-0.01,-1,-1,-0.01,-1,-1,-0.01,-1,-1,-0.01,-1,-1,-0.01,-1,-1
99926009,2026-05-18 09:23:32+05:30,53066.8,0,0.0,0,0.0,0.0,53282.15,53308.4,52946.35,53710.35,0,0.0,0.0,0.0,0.0,-0.01,-1,-1,-0.01,-1,-1,-0.01,-1,-1,-0.01,-1,-1,-0.01,-1,-1,-0.01,-1,-1,-0.01,-1,-1,-0.01,-1,-1,-0.01,-1,-1,-0.01,-1,-1
99926009,2026-05-18 09:23:33+05:30,53067.9,0,0.0,0,0.0,0.0,53282.15,53308.4,52946.35,53710.35,0,0.0,0.0,0.0,0.0,-0.01,-1,-1,-0.01,-1,-1,-0.01,-1,-1,-0.01,-1,-1,-0.01,-1,-1,-0.01,-1,-1,-0.01,-1,-1,-0.01,-1,-1,-0.01,-1,-1,-0.01,-1,-1
99926009,2026-05-18 09:23:33+05:30,53074.65,0,0.0,0,0.0,0.0,53282.15,53308.4,52946.35,53710.35,0,0.0,0.0,0.0,0.0,-0.01,-1,-1,-0.01,-1,-1,-0.01,-1,-1,-0.01,-1,-1,-0.01,-1,-1,-0.01,-1,-1,-0.01,-1,-1,-0.01,-1,-1,-0.01,-1,-1,-0.01,-1,-1
99926009,2026-05-18 09:23:34+05:30,53076.85,0,0.0,0,0.0,0.0,53282.15,53308.4,52946.35,53710.35,0,0.0,0.0,0.0,0.0,-0.01,-1,-1,-0.01,-1,-1,-0.01,-1,-1,-0.01,-1,-1,-0.01,-1,-1,-0.01,-1,-1,-0.01,-1,-1,-0.01,-1,-1,-0.01,-1,-1,-0.01,-1,-1
99926009,2026-05-18 09:23:34+05:30,53072.4,0,0.0,0,0.0,0.0,53282.15,53308.4,52946.35,53710.35,0,0.0,0.0,0.0,0.0,-0.01,-1,-1,-0.01,-1,-1,-0.01,-1,-1,-0.01,-1,-1,-0.01,-1,-1,-0.01,-1,-1,-0.01,-1,-1,-0.01,-1,-1,-0.01,-1,-1,-0.01,-1,-1
99926009,2026-05-18 09:23:35+05:30,53074.0,0,0.0,0,0.0,0.0,53282.15,53308.4,52946.35,53710.35,0,0.0,0.0,0.0,0.0,-0.01,-1,-1,-0.01,-1,-1,-0.01,-1,-1,-0.01,-1,-1,-0.01,-1,-1,-0.01,-1,-1,-0.01,-1,-1,-0.01,-1,-1,-0.01,-1,-1,-0.01,-1,-1
99926009,2026-05-18 09:23:35+05:30,53076.05,0,0.0,0,0.0,0.0,53282.15,53308.4,52946.35,53710.35,0,0.0,0.0,0.0,0.0,-0.01,-1,-1,-0.01,-1,-1,-0.01,-1,-1,-0.01,-1,-1,-0.01,-1,-1,-0.01,-1,-1,-0.01,-1,-1,-0.01,-1,-1,-0.01,-1,-1,-0.01,-1,-1
99926009,2026-05-18 09:23:36+05:30,53074.95,0,0.0,0,0.0,0.0,53282.15,53308.4,52946.35,53710.35,0,0.0,0.0,0.0,0.0,-0.01,-1,-1,-0.01,-1,-1,-0.01,-1,-1,-0.01,-1,-1,-0.01,-1,-1,-0.01,-1,-1,-0.01,-1,-1,-0.01,-1,-1,-0.01,-1,-1,-0.01,-1,-1
99926009,2026-05-18 09:23:36+05:30,53076.15,0,0.0,0,0.0,0.0,53282.15,53308.4,52946.35,53710.35,0,0.0,0.0,0.0,0.0,-0.01,-1,-1,-0.01,-1,-1,-0.01,-1,-1,-0.01,-1,-1,-0.01,-1,-1,-0.01,-1,-1,-0.01,-1,-1,-0.01,-1,-1,-0.01,-1,-1,-0.01,-1,-1
99926009,2026-05-18 09:23:37+05:30,53072.2,0,0.0,0,0.0,0.0,53282.15,53308.4,52946.35,53710.35,0,0.0,0.0,0.0,0.0,-0.01,-1,-1,-0.01,-1,-1,-0.01,-1,-1,-0.01,-1,-1,-0.01,-1,-1,-0.01,-1,-1,-0.01,-1,-1,-0.01,-1,-1,-0.01,-1,-1,-0.01,-1,-1
99926009,2026-05-18 09:23:37+05:30,53076.0,0,0.0,0,0.0,0.0,53282.15,53308.4,52946.35,53710.35,0,0.0,0.0,0.0,0.0,-0.01,-1,-1,-0.01,-1,-1,-0.01,-1,-1,-0.01,-1,-1,-0.01,-1,-1,-0.01,-1,-1,-0.01,-1,-1,-0.01,-1,-1,-0.01,-1,-1,-0.01,-1,-1
99926009,2026-05-18 09:23:38+05:30,53079.15,0,0.0,0,0.0,0.0,53282.15,53308.4,52946.35,53710.35,0,0.0,0.0,0.0,0.0,-0.01,-1,-1,-0.01,-1,-1,-0.01,-1,-1,-0.01,-1,-1,-0.01,-1,-1,-0.01,-1,-1,-0.01,-1,-1,-0.01,-1,-1,-0.01,-1,-1,-0.01,-1,-1
99926009,2026-05-18 09:23:38+05:30,53083.45,0,0.0,0,0.0,0.0,53282.15,53308.4,52946.35,53710.35,0,0.0,0.0,0.0,0.0,-0.01,-1,-1,-0.01,-1,-1,-0.01,-1,-1,-0.01,-1,-1,-0.01,-1,-1,-0.01,-1,-1,-0.01,-1,-1,-0.01,-1,-1,-0.01,-1,-1,-0.01,-1,-1
99926009,2026-05-18 09:23:39+05:30,53086.35,0,0.0,0,0.0,0.0,53282.15,53308.4,52946.35,53710.35,0,0.0,0.0,0.0,0.0,-0.01,-1,-1,-0.01,-1,-1,-0.01,-1,-1,-0.01,-1,-1,-0.01,-1,-1,-0.01,-1,-1,-0.01,-1,-1,-0.01,-1,-1,-0.01,-1,-1,-0.01,-1,-1
99926009,2026-05-18 09:23:39+05:30,53093.9,0,0.0,0,0.0,0.0,53282.15,53308.4,52946.35,53710.35,0,0.0,0.0,0.0,0.0,-0.01,-1,-1,-0.01,-1,-1,-0.01,-1,-1,-0.01,-1,-1,-0.01,-1,-1,-0.01,-1,-1,-0.01,-1,-1,-0.01,-1,-1,-0.01,-1,-1,-0.01,-1,-1
99926009,2026-05-18 09:23:40+05:30,53100.8,0,0.0,0,0.0,0.0,53282.15,53308.4,52946.35,53710.35,0,0.0,0.0,0.0,0.0,-0.01,-1,-1,-0.01,-1,-1,-0.01,-1,-1,-0.01,-1,-1,-0.01,-1,-1,-0.01,-1,-1,-0.01,-1,-1,-0.01,-1,-1,-0.01,-1,-1,-0.01,-1,-1
99926009,2026-05-18 09:23:40+05:30,53100.85,0,0.0,0,0.0,0.0,53282.15,53308.4,52946.35,53710.35,0,0.0,0.0,0.0,0.0,-0.01,-1,-1,-0.01,-1,-1,-0.01,-1,-1,-0.01,-1,-1,-0.01,-1,-1,-0.01,-1,-1,-0.01,-1,-1,-0.01,-1,-1,-0.01,-1,-1,-0.01,-1,-1
99926009,2026-05-18 09:23:41+05:30,53099.85,0,0.0,0,0.0,0.0,53282.15,53308.4,52946.35,53710.35,0,0.0,0.0,0.0,0.0,-0.01,-1,-1,-0.01,-1,-1,-0.01,-1,-1,-0.01,-1,-1,-0.01,-1,-1,-0.01,-1,-1,-0.01,-1,-1,-0.01,-1,-1,-0.01,-1,-1,-0.01,-1,-1
99926009,2026-05-18 09:23:41+05:30,53104.05,0,0.0,0,0.0,0.0,53282.15,53308.4,52946.35,53710.35,0,0.0,0.0,0.0,0.0,-0.01,-1,-1,-0.01,-1,-1,-0.01,-1,-1,-0.01,-1,-1,-0.01,-1,-1,-0.01,-1,-1,-0.01,-1,-1,-0.01,-1,-1,-0.01,-1,-1,-0.01,-1,-1
99926009,2026-05-18 09:23:42+05:30,53106.25,0,0.0,0,0.0,0.0,53282.15,53308.4,52946.35,53710.35,0,0.0,0.0,0.0,0.0,-0.01,-1,-1,-0.01,-1,-1,-0.01,-1,-1,-0.01,-1,-1,-0.01,-1,-1,-0.01,-1,-1,-0.01,-1,-1,-0.01,-1,-1,-0.01,-1,-1,-0.01,-1,-1
99926009,2026-05-18 09:23:42+05:30,53106.3,0,0.0,0,0.0,0.0,53282.15,53308.4,52946.35,53710.35,0,0.0,0.0,0.0,0.0,-0.01,-1,-1,-0.01,-1,-1,-0.01,-1,-1,-0.01,-1,-1,-0.01,-1,-1,-0.01,-1,-1,-0.01,-1,-1,-0.01,-1,-1,-0.01,-1,-1,-0.01,-1,-1
99926009,2026-05-18 09:23:43+05:30,53110.1,0,0.0,0,0.0,0.0,53282.15,53308.4,52946.35,53710.35,0,0.0,0.0,0.0,0.0,-0.01,-1,-1,-0.01,-1,-1,-0.01,-1,-1,-0.01,-1,-1,-0.01,-1,-1,-0.01,-1,-1,-0.01,-1,-1,-0.01,-1,-1,-0.01,-1,-1,-0.01,-1,-1
99926009,2026-05-18 09:23:43+05:30,53107.85,0,0.0,0,0.0,0.0,53282.15,53308.4,52946.35,53710.35,0,0.0,0.0,0.0,0.0,-0.01,-1,-1,-0.01,-1,-1,-0.01,-1,-1,-0.01,-1,-1,-0.01,-1,-1,-0.01,-1,-1,-0.01,-1,-1,-0.01,-1,-1,-0.01,-1,-1,-0.01,-1,-1
99926009,2026-05-18 09:23:44+05:30,53108.7,0,0.0,0,0.0,0.0,53282.15,53308.4,52946.35,53710.35,0,0.0,0.0,0.0,0.0,-0.01,-1,-1,-0.01,-1,-1,-0.01,-1,-1,-0.01,-1,-1,-0.01,-1,-1,-0.01,-1,-1,-0.01,-1,-1,-0.01,-1,-1,-0.01,-1,-1,-0.01,-1,-1
99926009,2026-05-18 09:23:44+05:30,53101.8,0,0.0,0,0.0,0.0,53282.15,53308.4,52946.35,53710.35,0,0.0,0.0,0.0,0.0,-0.01,-1,-1,-0.01,-1,-1,-0.01,-1,-1,-0.01,-1,-1,-0.01,-1,-1,-0.01,-1,-1,-0.01,-1,-1,-0.01,-1,-1,-0.01,-1,-1,-0.01,-1,-1
99926009,2026-05-18 09:23:45+05:30,53103.1,0,0.0,0,0.0,0.0,53282.15,53308.4,52946.35,53710.35,0,0.0,0.0,0.0,0.0,-0.01,-1,-1,-0.01,-1,-1,-0.01,-1,-1,-0.01,-1,-1,-0.01,-1,-1,-0.01,-1,-1,-0.01,-1,-1,-0.01,-1,-1,-0.01,-1,-1,-0.01,-1,-1
99926009,2026-05-18 09:23:45+05:30,53110.75,0,0.0,0,0.0,0.0,53282.15,53308.4,52946.35,53710.35,0,0.0,0.0,0.0,0.0,-0.01,-1,-1,-0.01,-1,-1,-0.01,-1,-1,-0.01,-1,-1,-0.01,-1,-1,-0.01,-1,-1,-0.01,-1,-1,-0.01,-1,-1,-0.01,-1,-1,-0.01,-1,-1
99926009,2026-05-18 09:23:46+05:30,53112.25,0,0.0,0,0.0,0.0,53282.15,53308.4,52946.35,53710.35,0,0.0,0.0,0.0,0.0,-0.01,-1,-1,-0.01,-1,-1,-0.01,-1,-1,-0.01,-1,-1,-0.01,-1,-1,-0.01,-1,-1,-0.01,-1,-1,-0.01,-1,-1,-0.01,-1,-1,-0.01,-1,-1
99926009,2026-05-18 09:23:46+05:30,53114.2,0,0.0,0,0.0,0.0,53282.15,53308.4,52946.35,53710.35,0,0.0,0.0,0.0,0.0,-0.01,-1,-1,-0.01,-1,-1,-0.01,-1,-1,-0.01,-1,-1,-0.01,-1,-1,-0.01,-1,-1,-0.01,-1,-1,-0.01,-1,-1,-0.01,-1,-1,-0.01,-1,-1
99926009,2026-05-18 09:23:47+05:30,53110.05,0,0.0,0,0.0,0.0,53282.15,53308.4,52946.35,53710.35,0,0.0,0.0,0.0,0.0,-0.01,-1,-1,-0.01,-1,-1,-0.01,-1,-1,-0.01,-1,-1,-0.01,-1,-1,-0.01,-1,-1,-0.01,-1,-1,-0.01,-1,-1,-0.01,-1,-1,-0.01,-1,-1
99926009,2026-05-18 09:23:47+05:30,53105.25,0,0.0,0,0.0,0.0,53282.15,53308.4,52946.35,53710.35,0,0.0,0.0,0.0,0.0,-0.01,-1,-1,-0.01,-1,-1,-0.01,-1,-1,-0.01,-1,-1,-0.01,-1,-1,-0.01,-1,-1,-0.01,-1,-1,-0.01,-1,-1,-0.01,-1,-1,-0.01,-1,-1
99926009,2026-05-18 09:23:48+05:30,53109.75,0,0.0,0,0.0,0.0,53282.15,53308.4,52946.35,53710.35,0,0.0,0.0,0.0,0.0,-0.01,-1,-1,-0.01,-1,-1,-0.01,-1,-1,-0.01,-1,-1,-0.01,-1,-1,-0.01,-1,-1,-0.01,-1,-1,-0.01,-1,-1,-0.01,-1,-1,-0.01,-1,-1
99926009,2026-05-18 09:23:48+05:30,53112.4,0,0.0,0,0.0,0.0,53282.15,53308.4,52946.35,53710.35,0,0.0,0.0,0.0,0.0,-0.01,-1,-1,-0.01,-1,-1,-0.01,-1,-1,-0.01,-1,-1,-0.01,-1,-1,-0.01,-1,-1,-0.01,-1,-1,-0.01,-1,-1,-0.01,-1,-1,-0.01,-1,-1
99926009,2026-05-18 09:23:49+05:30,53113.0,0,0.0,0,0.0,0.0,53282.15,53308.4,52946.35,53710.35,0,0.0,0.0,0.0,0.0,-0.01,-1,-1,-0.01,-1,-1,-0.01,-1,-1,-0.01,-1,-1,-0.01,-1,-1,-0.01,-1,-1,-0.01,-1,-1,-0.01,-1,-1,-0.01,-1,-1,-0.01,-1,-1
99926009,2026-05-18 09:23:49+05:30,53113.65,0,0.0,0,0.0,0.0,53282.15,53308.4,52946.35,53710.35,0,0.0,0.0,0.0,0.0,-0.01,-1,-1,-0.01,-1,-1,-0.01,-1,-1,-0.01,-1,-1,-0.01,-1,-1,-0.01,-1,-1,-0.01,-1,-1,-0.01,-1,-1,-0.01,-1,-1,-0.01,-1,-1
99926009,2026-05-18 09:23:50+05:30,53115.7,0,0.0,0,0.0,0.0,53282.15,53308.4,52946.35,53710.35,0,0.0,0.0,0.0,0.0,-0.01,-1,-1,-0.01,-1,-1,-0.01,-1,-1,-0.01,-1,-1,-0.01,-1,-1,-0.01,-1,-1,-0.01,-1,-1,-0.01,-1,-1,-0.01,-1,-1,-0.01,-1,-1
99926009,2026-05-18 09:23:50+05:30,53118.45,0,0.0,0,0.0,0.0,53282.15,53308.4,52946.35,53710.35,0,0.0,0.0,0.0,0.0,-0.01,-1,-1,-0.01,-1,-1,-0.01,-1,-1,-0.01,-1,-1,-0.01,-1,-1,-0.01,-1,-1,-0.01,-1,-1,-0.01,-1,-1,-0.01,-1,-1,-0.01,-1,-1
99926009,2026-05-18 09:23:51+05:30,53123.1,0,0.0,0,0.0,0.0,53282.15,53308.4,52946.35,53710.35,0,0.0,0.0,0.0,0.0,-0.01,-1,-1,-0.01,-1,-1,-0.01,-1,-1,-0.01,-1,-1,-0.01,-1,-1,-0.01,-1,-1,-0.01,-1,-1,-0.01,-1,-1,-0.01,-1,-1,-0.01,-1,-1
99926009,2026-05-18 09:23:51+05:30,53120.95,0,0.0,0,0.0,0.0,53282.15,53308.4,52946.35,53710.35,0,0.0,0.0,0.0,0.0,-0.01,-1,-1,-0.01,-1,-1,-0.01,-1,-1,-0.01,-1,-1,-0.01,-1,-1,-0.01,-1,-1,-0.01,-1,-1,-0.01,-1,-1,-0.01,-1,-1,-0.01,-1,-1
99926009,2026-05-18 09:23:52+05:30,53119.55,0,0.0,0,0.0,0.0,53282.15,53308.4,52946.35,53710.35,0,0.0,0.0,0.0,0.0,-0.01,-1,-1,-0.01,-1,-1,-0.01,-1,-1,-0.01,-1,-1,-0.01,-1,-1,-0.01,-1,-1,-0.01,-1,-1,-0.01,-1,-1,-0.01,-1,-1,-0.01,-1,-1
99926009,2026-05-18 09:23:52+05:30,53113.25,0,0.0,0,0.0,0.0,53282.15,53308.4,52946.35,53710.35,0,0.0,0.0,0.0,0.0,-0.01,-1,-1,-0.01,-1,-1,-0.01,-1,-1,-0.01,-1,-1,-0.01,-1,-1,-0.01,-1,-1,-0.01,-1,-1,-0.01,-1,-1,-0.01,-1,-1,-0.01,-1,-1
99926009,2026-05-18 09:23:53+05:30,53111.7,0,0.0,0,0.0,0.0,53282.15,53308.4,52946.35,53710.35,0,0.0,0.0,0.0,0.0,-0.01,-1,-1,-0.01,-1,-1,-0.01,-1,-1,-0.01,-1,-1,-0.01,-1,-1,-0.01,-1,-1,-0.01,-1,-1,-0.01,-1,-1,-0.01,-1,-1,-0.01,-1,-1
99926009,2026-05-18 09:23:53+05:30,53117.6,0,0.0,0,0.0,0.0,53282.15,53308.4,52946.35,53710.35,0,0.0,0.0,0.0,0.0,-0.01,-1,-1,-0.01,-1,-1,-0.01,-1,-1,-0.01,-1,-1,-0.01,-1,-1,-0.01,-1,-1,-0.01,-1,-1,-0.01,-1,-1,-0.01,-1,-1,-0.01,-1,-1
99926009,2026-05-18 09:23:54+05:30,53115.25,0,0.0,0,0.0,0.0,53282.15,53308.4,52946.35,53710.35,0,0.0,0.0,0.0,0.0,-0.01,-1,-1,-0.01,-1,-1,-0.01,-1,-1,-0.01,-1,-1,-0.01,-1,-1,-0.01,-1,-1,-0.01,-1,-1,-0.01,-1,-1,-0.01,-1,-1,-0.01,-1,-1
99926009,2026-05-18 09:23:54+05:30,53111.6,0,0.0,0,0.0,0.0,53282.15,53308.4,52946.35,53710.35,0,0.0,0.0,0.0,0.0,-0.01,-1,-1,-0.01,-1,-1,-0.01,-1,-1,-0.01,-1,-1,-0.01,-1,-1,-0.01,-1,-1,-0.01,-1,-1,-0.01,-1,-1,-0.01,-1,-1,-0.01,-1,-1
99926009,2026-05-18 09:23:55+05:30,53115.05,0,0.0,0,0.0,0.0,53282.15,53308.4,52946.35,53710.35,0,0.0,0.0,0.0,0.0,-0.01,-1,-1,-0.01,-1,-1,-0.01,-1,-1,-0.01,-1,-1,-0.01,-1,-1,-0.01,-1,-1,-0.01,-1,-1,-0.01,-1,-1,-0.01,-1,-1,-0.01,-1,-1
99926009,2026-05-18 09:23:55+05:30,53118.3,0,0.0,0,0.0,0.0,53282.15,53308.4,52946.35,53710.35,0,0.0,0.0,0.0,0.0,-0.01,-1,-1,-0.01,-1,-1,-0.01,-1,-1,-0.01,-1,-1,-0.01,-1,-1,-0.01,-1,-1,-0.01,-1,-1,-0.01,-1,-1,-0.01,-1,-1,-0.01,-1,-1
99926009,2026-05-18 09:23:56+05:30,53117.55,0,0.0,0,0.0,0.0,53282.15,53308.4,52946.35,53710.35,0,0.0,0.0,0.0,0.0,-0.01,-1,-1,-0.01,-1,-1,-0.01,-1,-1,-0.01,-1,-1,-0.01,-1,-1,-0.01,-1,-1,-0.01,-1,-1,-0.01,-1,-1,-0.01,-1,-1,-0.01,-1,-1
99926009,2026-05-18 09:23:56+05:30,53117.2,0,0.0,0,0.0,0.0,53282.15,53308.4,52946.35,53710.35,0,0.0,0.0,0.0,0.0,-0.01,-1,-1,-0.01,-1,-1,-0.01,-1,-1,-0.01,-1,-1,-0.01,-1,-1,-0.01,-1,-1,-0.01,-1,-1,-0.01,-1,-1,-0.01,-1,-1,-0.01,-1,-1
99926009,2026-05-18 09:23:57+05:30,53114.75,0,0.0,0,0.0,0.0,53282.15,53308.4,52946.35,53710.35,0,0.0,0.0,0.0,0.0,-0.01,-1,-1,-0.01,-1,-1,-0.01,-1,-1,-0.01,-1,-1,-0.01,-1,-1,-0.01,-1,-1,-0.01,-1,-1,-0.01,-1,-1,-0.01,-1,-1,-0.01,-1,-1
99926009,2026-05-18 09:23:57+05:30,53111.45,0,0.0,0,0.0,0.0,53282.15,53308.4,52946.35,53710.35,0,0.0,0.0,0.0,0.0,-0.01,-1,-1,-0.01,-1,-1,-0.01,-1,-1,-0.01,-1,-1,-0.01,-1,-1,-0.01,-1,-1,-0.01,-1,-1,-0.01,-1,-1,-0.01,-1,-1,-0.01,-1,-1
99926009,2026-05-18 09:23:58+05:30,53111.4,0,0.0,0,0.0,0.0,53282.15,53308.4,52946.35,53710.35,0,0.0,0.0,0.0,0.0,-0.01,-1,-1,-0.01,-1,-1,-0.01,-1,-1,-0.01,-1,-1,-0.01,-1,-1,-0.01,-1,-1,-0.01,-1,-1,-0.01,-1,-1,-0.01,-1,-1,-0.01,-1,-1
99926009,2026-05-18 09:23:58+05:30,53114.55,0,0.0,0,0.0,0.0,53282.15,53308.4,52946.35,53710.35,0,0.0,0.0,0.0,0.0,-0.01,-1,-1,-0.01,-1,-1,-0.01,-1,-1,-0.01,-1,-1,-0.01,-1,-1,-0.01,-1,-1,-0.01,-1,-1,-0.01,-1,-1,-0.01,-1,-1,-0.01,-1,-1
99926009,2026-05-18 09:23:59+05:30,53115.6,0,0.0,0,0.0,0.0,53282.15,53308.4,52946.35,53710.35,0,0.0,0.0,0.0,0.0,-0.01,-1,-1,-0.01,-1,-1,-0.01,-1,-1,-0.01,-1,-1,-0.01,-1,-1,-0.01,-1,-1,-0.01,-1,-1,-0.01,-1,-1,-0.01,-1,-1,-0.01,-1,-1
99926009,2026-05-18 09:23:59+05:30,53120.15,0,0.0,0,0.0,0.0,53282.15,53308.4,52946.35,53710.35,0,0.0,0.0,0.0,0.0,-0.01,-1,-1,-0.01,-1,-1,-0.01,-1,-1,-0.01,-1,-1,-0.01,-1,-1,-0.01,-1,-1,-0.01,-1,-1,-0.01,-1,-1,-0.01,-1,-1,-0.01,-1,-1
99926009,2026-05-18 09:24:00+05:30,53120.9,0,0.0,0,0.0,0.0,53282.15,53308.4,52946.35,53710.35,0,0.0,0.0,0.0,0.0,-0.01,-1,-1,-0.01,-1,-1,-0.01,-1,-1,-0.01,-1,-1,-0.01,-1,-1,-0.01,-1,-1,-0.01,-1,-1,-0.01,-1,-1,-0.01,-1,-1,-0.01,-1,-1
99926009,2026-05-18 09:24:00+05:30,53123.8,0,0.0,0,0.0,0.0,53282.15,53308.4,52946.35,53710.35,0,0.0,0.0,0.0,0.0,-0.01,-1,-1,-0.01,-1,-1,-0.01,-1,-1,-0.01,-1,-1,-0.01,-1,-1,-0.01,-1,-1,-0.01,-1,-1,-0.01,-1,-1,-0.01,-1,-1,-0.01,-1,-1
99926009,2026-05-18 09:24:01+05:30,53126.45,0,0.0,0,0.0,0.0,53282.15,53308.4,52946.35,53710.35,0,0.0,0.0,0.0,0.0,-0.01,-1,-1,-0.01,-1,-1,-0.01,-1,-1,-0.01,-1,-1,-0.01,-1,-1,-0.01,-1,-1,-0.01,-1,-1,-0.01,-1,-1,-0.01,-1,-1,-0.01,-1,-1
99926009,2026-05-18 09:24:01+05:30,53119.2,0,0.0,0,0.0,0.0,53282.15,53308.4,52946.35,53710.35,0,0.0,0.0,0.0,0.0,-0.01,-1,-1,-0.01,-1,-1,-0.01,-1,-1,-0.01,-1,-1,-0.01,-1,-1,-0.01,-1,-1,-0.01,-1,-1,-0.01,-1,-1,-0.01,-1,-1,-0.01,-1,-1
99926009,2026-05-18 09:24:02+05:30,53120.75,0,0.0,0,0.0,0.0,53282.15,53308.4,52946.35,53710.35,0,0.0,0.0,0.0,0.0,-0.01,-1,-1,-0.01,-1,-1,-0.01,-1,-1,-0.01,-1,-1,-0.01,-1,-1,-0.01,-1,-1,-0.01,-1,-1,-0.01,-1,-1,-0.01,-1,-1,-0.01,-1,-1
99926009,2026-05-18 09:24:02+05:30,53115.3,0,0.0,0,0.0,0.0,53282.15,53308.4,52946.35,53710.35,0,0.0,0.0,0.0,0.0,-0.01,-1,-1,-0.01,-1,-1,-0.01,-1,-1,-0.01,-1,-1,-0.01,-1,-1,-0.01,-1,-1,-0.01,-1,-1,-0.01,-1,-1,-0.01,-1,-1,-0.01,-1,-1
99926009,2026-05-18 09:24:03+05:30,53110.75,0,0.0,0,0.0,0.0,53282.15,53308.4,52946.35,53710.35,0,0.0,0.0,0.0,0.0,-0.01,-1,-1,-0.01,-1,-1,-0.01,-1,-1,-0.01,-1,-1,-0.01,-1,-1,-0.01,-1,-1,-0.01,-1,-1,-0.01,-1,-1,-0.01,-1,-1,-0.01,-1,-1
99926009,2026-05-18 09:24:03+05:30,53115.3,0,0.0,0,0.0,0.0,53282.15,53308.4,52946.35,53710.35,0,0.0,0.0,0.0,0.0,-0.01,-1,-1,-0.01,-1,-1,-0.01,-1,-1,-0.01,-1,-1,-0.01,-1,-1,-0.01,-1,-1,-0.01,-1,-1,-0.01,-1,-1,-0.01,-1,-1,-0.01,-1,-1
99926009,2026-05-18 09:24:04+05:30,53116.15,0,0.0,0,0.0,0.0,53282.15,53308.4,52946.35,53710.35,0,0.0,0.0,0.0,0.0,-0.01,-1,-1,-0.01,-1,-1,-0.01,-1,-1,-0.01,-1,-1,-0.01,-1,-1,-0.01,-1,-1,-0.01,-1,-1,-0.01,-1,-1,-0.01,-1,-1,-0.01,-1,-1
99926009,2026-05-18 09:24:04+05:30,53122.25,0,0.0,0,0.0,0.0,53282.15,53308.4,52946.35,53710.35,0,0.0,0.0,0.0,0.0,-0.01,-1,-1,-0.01,-1,-1,-0.01,-1,-1,-0.01,-1,-1,-0.01,-1,-1,-0.01,-1,-1,-0.01,-1,-1,-0.01,-1,-1,-0.01,-1,-1,-0.01,-1,-1
99926009,2026-05-18 09:24:05+05:30,53119.25,0,0.0,0,0.0,0.0,53282.15,53308.4,52946.35,53710.35,0,0.0,0.0,0.0,0.0,-0.01,-1,-1,-0.01,-1,-1,-0.01,-1,-1,-0.01,-1,-1,-0.01,-1,-1,-0.01,-1,-1,-0.01,-1,-1,-0.01,-1,-1,-0.01,-1,-1,-0.01,-1,-1
99926009,2026-05-18 09:24:05+05:30,53123.45,0,0.0,0,0.0,0.0,53282.15,53308.4,52946.35,53710.35,0,0.0,0.0,0.0,0.0,-0.01,-1,-1,-0.01,-1,-1,-0.01,-1,-1,-0.01,-1,-1,-0.01,-1,-1,-0.01,-1,-1,-0.01,-1,-1,-0.01,-1,-1,-0.01,-1,-1,-0.01,-1,-1
99926009,2026-05-18 09:24:06+05:30,53123.6,0,0.0,0,0.0,0.0,53282.15,53308.4,52946.35,53710.35,0,0.0,0.0,0.0,0.0,-0.01,-1,-1,-0.01,-1,-1,-0.01,-1,-1,-0.01,-1,-1,-0.01,-1,-1,-0.01,-1,-1,-0.01,-1,-1,-0.01,-1,-1,-0.01,-1,-1,-0.01,-1,-1
99926009,2026-05-18 09:24:06+05:30,53124.6,0,0.0,0,0.0,0.0,53282.15,53308.4,52946.35,53710.35,0,0.0,0.0,0.0,0.0,-0.01,-1,-1,-0.01,-1,-1,-0.01,-1,-1,-0.01,-1,-1,-0.01,-1,-1,-0.01,-1,-1,-0.01,-1,-1,-0.01,-1,-1,-0.01,-1,-1,-0.01,-1,-1
99926009,2026-05-18 09:24:07+05:30,53126.35,0,0.0,0,0.0,0.0,53282.15,53308.4,52946.35,53710.35,0,0.0,0.0,0.0,0.0,-0.01,-1,-1,-0.01,-1,-1,-0.01,-1,-1,-0.01,-1,-1,-0.01,-1,-1,-0.01,-1,-1,-0.01,-1,-1,-0.01,-1,-1,-0.01,-1,-1,-0.01,-1,-1
99926009,2026-05-18 09:24:07+05:30,53126.05,0,0.0,0,0.0,0.0,53282.15,53308.4,52946.35,53710.35,0,0.0,0.0,0.0,0.0,-0.01,-1,-1,-0.01,-1,-1,-0.01,-1,-1,-0.01,-1,-1,-0.01,-1,-1,-0.01,-1,-1,-0.01,-1,-1,-0.01,-1,-1,-0.01,-1,-1,-0.01,-1,-1
99926009,2026-05-18 09:24:08+05:30,53125.55,0,0.0,0,0.0,0.0,53282.15,53308.4,52946.35,53710.35,0,0.0,0.0,0.0,0.0,-0.01,-1,-1,-0.01,-1,-1,-0.01,-1,-1,-0.01,-1,-1,-0.01,-1,-1,-0.01,-1,-1,-0.01,-1,-1,-0.01,-1,-1,-0.01,-1,-1,-0.01,-1,-1
99926009,2026-05-18 09:24:08+05:30,53124.5,0,0.0,0,0.0,0.0,53282.15,53308.4,52946.35,53710.35,0,0.0,0.0,0.0,0.0,-0.01,-1,-1,-0.01,-1,-1,-0.01,-1,-1,-0.01,-1,-1,-0.01,-1,-1,-0.01,-1,-1,-0.01,-1,-1,-0.01,-1,-1,-0.01,-1,-1,-0.01,-1,-1
99926009,2026-05-18 09:24:09+05:30,53124.15,0,0.0,0,0.0,0.0,53282.15,53308.4,52946.35,53710.35,0,0.0,0.0,0.0,0.0,-0.01,-1,-1,-0.01,-1,-1,-0.01,-1,-1,-0.01,-1,-1,-0.01,-1,-1,-0.01,-1,-1,-0.01,-1,-1,-0.01,-1,-1,-0.01,-1,-1,-0.01,-1,-1
99926009,2026-05-18 09:24:09+05:30,53119.85,0,0.0,0,0.0,0.0,53282.15,53308.4,52946.35,53710.35,0,0.0,0.0,0.0,0.0,-0.01,-1,-1,-0.01,-1,-1,-0.01,-1,-1,-0.01,-1,-1,-0.01,-1,-1,-0.01,-1,-1,-0.01,-1,-1,-0.01,-1,-1,-0.01,-1,-1,-0.01,-1,-1
99926009,2026-05-18 09:24:10+05:30,53118.7,0,0.0,0,0.0,0.0,53282.15,53308.4,52946.35,53710.35,0,0.0,0.0,0.0,0.0,-0.01,-1,-1,-0.01,-1,-1,-0.01,-1,-1,-0.01,-1,-1,-0.01,-1,-1,-0.01,-1,-1,-0.01,-1,-1,-0.01,-1,-1,-0.01,-1,-1,-0.01,-1,-1
99926009,2026-05-18 09:24:10+05:30,53117.05,0,0.0,0,0.0,0.0,53282.15,53308.4,52946.35,53710.35,0,0.0,0.0,0.0,0.0,-0.01,-1,-1,-0.01,-1,-1,-0.01,-1,-1,-0.01,-1,-1,-0.01,-1,-1,-0.01,-1,-1,-0.01,-1,-1,-0.01,-1,-1,-0.01,-1,-1,-0.01,-1,-1
99926009,2026-05-18 09:24:11+05:30,53107.25,0,0.0,0,0.0,0.0,53282.15,53308.4,52946.35,53710.35,0,0.0,0.0,0.0,0.0,-0.01,-1,-1,-0.01,-1,-1,-0.01,-1,-1,-0.01,-1,-1,-0.01,-1,-1,-0.01,-1,-1,-0.01,-1,-1,-0.01,-1,-1,-0.01,-1,-1,-0.01,-1,-1
99926009,2026-05-18 09:24:11+05:30,53108.2,0,0.0,0,0.0,0.0,53282.15,53308.4,52946.35,53710.35,0,0.0,0.0,0.0,0.0,-0.01,-1,-1,-0.01,-1,-1,-0.01,-1,-1,-0.01,-1,-1,-0.01,-1,-1,-0.01,-1,-1,-0.01,-1,-1,-0.01,-1,-1,-0.01,-1,-1,-0.01,-1,-1
99926009,2026-05-18 09:24:12+05:30,53103.8,0,0.0,0,0.0,0.0,53282.15,53308.4,52946.35,53710.35,0,0.0,0.0,0.0,0.0,-0.01,-1,-1,-0.01,-1,-1,-0.01,-1,-1,-0.01,-1,-1,-0.01,-1,-1,-0.01,-1,-1,-0.01,-1,-1,-0.01,-1,-1,-0.01,-1,-1,-0.01,-1,-1
99926009,2026-05-18 09:24:12+05:30,53104.4,0,0.0,0,0.0,0.0,53282.15,53308.4,52946.35,53710.35,0,0.0,0.0,0.0,0.0,-0.01,-1,-1,-0.01,-1,-1,-0.01,-1,-1,-0.01,-1,-1,-0.01,-1,-1,-0.01,-1,-1,-0.01,-1,-1,-0.01,-1,-1,-0.01,-1,-1,-0.01,-1,-1
99926009,2026-05-18 09:24:13+05:30,53100.55,0,0.0,0,0.0,0.0,53282.15,53308.4,52946.35,53710.35,0,0.0,0.0,0.0,0.0,-0.01,-1,-1,-0.01,-1,-1,-0.01,-1,-1,-0.01,-1,-1,-0.01,-1,-1,-0.01,-1,-1,-0.01,-1,-1,-0.01,-1,-1,-0.01,-1,-1,-0.01,-1,-1
99926009,2026-05-18 09:24:13+05:30,53103.6,0,0.0,0,0.0,0.0,53282.15,53308.4,52946.35,53710.35,0,0.0,0.0,0.0,0.0,-0.01,-1,-1,-0.01,-1,-1,-0.01,-1,-1,-0.01,-1,-1,-0.01,-1,-1,-0.01,-1,-1,-0.01,-1,-1,-0.01,-1,-1,-0.01,-1,-1,-0.01,-1,-1
99926009,2026-05-18 09:24:14+05:30,53107.05,0,0.0,0,0.0,0.0,53282.15,53308.4,52946.35,53710.35,0,0.0,0.0,0.0,0.0,-0.01,-1,-1,-0.01,-1,-1,-0.01,-1,-1,-0.01,-1,-1,-0.01,-1,-1,-0.01,-1,-1,-0.01,-1,-1,-0.01,-1,-1,-0.01,-1,-1,-0.01,-1,-1
99926009,2026-05-18 09:24:14+05:30,53108.25,0,0.0,0,0.0,0.0,53282.15,53308.4,52946.35,53710.35,0,0.0,0.0,0.0,0.0,-0.01,-1,-1,-0.01,-1,-1,-0.01,-1,-1,-0.01,-1,-1,-0.01,-1,-1,-0.01,-1,-1,-0.01,-1,-1,-0.01,-1,-1,-0.01,-1,-1,-0.01,-1,-1
99926009,2026-05-18 09:24:15+05:30,53099.75,0,0.0,0,0.0,0.0,53282.15,53308.4,52946.35,53710.35,0,0.0,0.0,0.0,0.0,-0.01,-1,-1,-0.01,-1,-1,-0.01,-1,-1,-0.01,-1,-1,-0.01,-1,-1,-0.01,-1,-1,-0.01,-1,-1,-0.01,-1,-1,-0.01,-1,-1,-0.01,-1,-1
99926009,2026-05-18 09:24:15+05:30,53098.55,0,0.0,0,0.0,0.0,53282.15,53308.4,52946.35,53710.35,0,0.0,0.0,0.0,0.0,-0.01,-1,-1,-0.01,-1,-1,-0.01,-1,-1,-0.01,-1,-1,-0.01,-1,-1,-0.01,-1,-1,-0.01,-1,-1,-0.01,-1,-1,-0.01,-1,-1,-0.01,-1,-1
99926009,2026-05-18 09:24:16+05:30,53098.35,0,0.0,0,0.0,0.0,53282.15,53308.4,52946.35,53710.35,0,0.0,0.0,0.0,0.0,-0.01,-1,-1,-0.01,-1,-1,-0.01,-1,-1,-0.01,-1,-1,-0.01,-1,-1,-0.01,-1,-1,-0.01,-1,-1,-0.01,-1,-1,-0.01,-1,-1,-0.01,-1,-1
99926009,2026-05-18 09:24:16+05:30,53101.65,0,0.0,0,0.0,0.0,53282.15,53308.4,52946.35,53710.35,0,0.0,0.0,0.0,0.0,-0.01,-1,-1,-0.01,-1,-1,-0.01,-1,-1,-0.01,-1,-1,-0.01,-1,-1,-0.01,-1,-1,-0.01,-1,-1,-0.01,-1,-1,-0.01,-1,-1,-0.01,-1,-1
99926009,2026-05-18 09:24:17+05:30,53101.4,0,0.0,0,0.0,0.0,53282.15,53308.4,52946.35,53710.35,0,0.0,0.0,0.0,0.0,-0.01,-1,-1,-0.01,-1,-1,-0.01,-1,-1,-0.01,-1,-1,-0.01,-1,-1,-0.01,-1,-1,-0.01,-1,-1,-0.01,-1,-1,-0.01,-1,-1,-0.01,-1,-1
99926009,2026-05-18 09:24:17+05:30,53100.05,0,0.0,0,0.0,0.0,53282.15,53308.4,52946.35,53710.35,0,0.0,0.0,0.0,0.0,-0.01,-1,-1,-0.01,-1,-1,-0.01,-1,-1,-0.01,-1,-1,-0.01,-1,-1,-0.01,-1,-1,-0.01,-1,-1,-0.01,-1,-1,-0.01,-1,-1,-0.01,-1,-1
99926009,2026-05-18 09:24:18+05:30,53102.0,0,0.0,0,0.0,0.0,53282.15,53308.4,52946.35,53710.35,0,0.0,0.0,0.0,0.0,-0.01,-1,-1,-0.01,-1,-1,-0.01,-1,-1,-0.01,-1,-1,-0.01,-1,-1,-0.01,-1,-1,-0.01,-1,-1,-0.01,-1,-1,-0.01,-1,-1,-0.01,-1,-1
99926009,2026-05-18 09:24:18+05:30,53102.2,0,0.0,0,0.0,0.0,53282.15,53308.4,52946.35,53710.35,0,0.0,0.0,0.0,0.0,-0.01,-1,-1,-0.01,-1,-1,-0.01,-1,-1,-0.01,-1,-1,-0.01,-1,-1,-0.01,-1,-1,-0.01,-1,-1,-0.01,-1,-1,-0.01,-1,-1,-0.01,-1,-1
99926009,2026-05-18 09:24:19+05:30,53106.7,0,0.0,0,0.0,0.0,53282.15,53308.4,52946.35,53710.35,0,0.0,0.0,0.0,0.0,-0.01,-1,-1,-0.01,-1,-1,-0.01,-1,-1,-0.01,-1,-1,-0.01,-1,-1,-0.01,-1,-1,-0.01,-1,-1,-0.01,-1,-1,-0.01,-1,-1,-0.01,-1,-1
99926009,2026-05-18 09:24:19+05:30,53107.1,0,0.0,0,0.0,0.0,53282.15,53308.4,52946.35,53710.35,0,0.0,0.0,0.0,0.0,-0.01,-1,-1,-0.01,-1,-1,-0.01,-1,-1,-0.01,-1,-1,-0.01,-1,-1,-0.01,-1,-1,-0.01,-1,-1,-0.01,-1,-1,-0.01,-1,-1,-0.01,-1,-1
99926009,2026-05-18 09:24:20+05:30,53111.8,0,0.0,0,0.0,0.0,53282.15,53308.4,52946.35,53710.35,0,0.0,0.0,0.0,0.0,-0.01,-1,-1,-0.01,-1,-1,-0.01,-1,-1,-0.01,-1,-1,-0.01,-1,-1,-0.01,-1,-1,-0.01,-1,-1,-0.01,-1,-1,-0.01,-1,-1,-0.01,-1,-1
99926009,2026-05-18 09:24:20+05:30,53119.45,0,0.0,0,0.0,0.0,53282.15,53308.4,52946.35,53710.35,0,0.0,0.0,0.0,0.0,-0.01,-1,-1,-0.01,-1,-1,-0.01,-1,-1,-0.01,-1,-1,-0.01,-1,-1,-0.01,-1,-1,-0.01,-1,-1,-0.01,-1,-1,-0.01,-1,-1,-0.01,-1,-1
99926009,2026-05-18 09:24:21+05:30,53117.1,0,0.0,0,0.0,0.0,53282.15,53308.4,52946.35,53710.35,0,0.0,0.0,0.0,0.0,-0.01,-1,-1,-0.01,-1,-1,-0.01,-1,-1,-0.01,-1,-1,-0.01,-1,-1,-0.01,-1,-1,-0.01,-1,-1,-0.01,-1,-1,-0.01,-1,-1,-0.01,-1,-1
99926009,2026-05-18 09:24:21+05:30,53120.6,0,0.0,0,0.0,0.0,53282.15,53308.4,52946.35,53710.35,0,0.0,0.0,0.0,0.0,-0.01,-1,-1,-0.01,-1,-1,-0.01,-1,-1,-0.01,-1,-1,-0.01,-1,-1,-0.01,-1,-1,-0.01,-1,-1,-0.01,-1,-1,-0.01,-1,-1,-0.01,-1,-1
99926009,2026-05-18 09:24:22+05:30,53117.3,0,0.0,0,0.0,0.0,53282.15,53308.4,52946.35,53710.35,0,0.0,0.0,0.0,0.0,-0.01,-1,-1,-0.01,-1,-1,-0.01,-1,-1,-0.01,-1,-1,-0.01,-1,-1,-0.01,-1,-1,-0.01,-1,-1,-0.01,-1,-1,-0.01,-1,-1,-0.01,-1,-1
99926009,2026-05-18 09:24:22+05:30,53113.55,0,0.0,0,0.0,0.0,53282.15,53308.4,52946.35,53710.35,0,0.0,0.0,0.0,0.0,-0.01,-1,-1,-0.01,-1,-1,-0.01,-1,-1,-0.01,-1,-1,-0.01,-1,-1,-0.01,-1,-1,-0.01,-1,-1,-0.01,-1,-1,-0.01,-1,-1,-0.01,-1,-1
99926009,2026-05-18 09:24:23+05:30,53113.95,0,0.0,0,0.0,0.0,53282.15,53308.4,52946.35,53710.35,0,0.0,0.0,0.0,0.0,-0.01,-1,-1,-0.01,-1,-1,-0.01,-1,-1,-0.01,-1,-1,-0.01,-1,-1,-0.01,-1,-1,-0.01,-1,-1,-0.01,-1,-1,-0.01,-1,-1,-0.01,-1,-1
99926009,2026-05-18 09:24:23+05:30,53113.4,0,0.0,0,0.0,0.0,53282.15,53308.4,52946.35,53710.35,0,0.0,0.0,0.0,0.0,-0.01,-1,-1,-0.01,-1,-1,-0.01,-1,-1,-0.01,-1,-1,-0.01,-1,-1,-0.01,-1,-1,-0.01,-1,-1,-0.01,-1,-1,-0.01,-1,-1,-0.01,-1,-1
99926009,2026-05-18 09:24:24+05:30,53111.65,0,0.0,0,0.0,0.0,53282.15,53308.4,52946.35,53710.35,0,0.0,0.0,0.0,0.0,-0.01,-1,-1,-0.01,-1,-1,-0.01,-1,-1,-0.01,-1,-1,-0.01,-1,-1,-0.01,-1,-1,-0.01,-1,-1,-0.01,-1,-1,-0.01,-1,-1,-0.01,-1,-1
99926009,2026-05-18 09:24:24+05:30,53114.2,0,0.0,0,0.0,0.0,53282.15,53308.4,52946.35,53710.35,0,0.0,0.0,0.0,0.0,-0.01,-1,-1,-0.01,-1,-1,-0.01,-1,-1,-0.01,-1,-1,-0.01,-1,-1,-0.01,-1,-1,-0.01,-1,-1,-0.01,-1,-1,-0.01,-1,-1,-0.01,-1,-1
99926009,2026-05-18 09:24:25+05:30,53109.5,0,0.0,0,0.0,0.0,53282.15,53308.4,52946.35,53710.35,0,0.0,0.0,0.0,0.0,-0.01,-1,-1,-0.01,-1,-1,-0.01,-1,-1,-0.01,-1,-1,-0.01,-1,-1,-0.01,-1,-1,-0.01,-1,-1,-0.01,-1,-1,-0.01,-1,-1,-0.01,-1,-1
99926009,2026-05-18 09:24:25+05:30,53115.45,0,0.0,0,0.0,0.0,53282.15,53308.4,52946.35,53710.35,0,0.0,0.0,0.0,0.0,-0.01,-1,-1,-0.01,-1,-1,-0.01,-1,-1,-0.01,-1,-1,-0.01,-1,-1,-0.01,-1,-1,-0.01,-1,-1,-0.01,-1,-1,-0.01,-1,-1,-0.01,-1,-1
99926009,2026-05-18 09:24:26+05:30,53118.35,0,0.0,0,0.0,0.0,53282.15,53308.4,52946.35,53710.35,0,0.0,0.0,0.0,0.0,-0.01,-1,-1,-0.01,-1,-1,-0.01,-1,-1,-0.01,-1,-1,-0.01,-1,-1,-0.01,-1,-1,-0.01,-1,-1,-0.01,-1,-1,-0.01,-1,-1,-0.01,-1,-1
99926009,2026-05-18 09:24:26+05:30,53113.7,0,0.0,0,0.0,0.0,53282.15,53308.4,52946.35,53710.35,0,0.0,0.0,0.0,0.0,-0.01,-1,-1,-0.01,-1,-1,-0.01,-1,-1,-0.01,-1,-1,-0.01,-1,-1,-0.01,-1,-1,-0.01,-1,-1,-0.01,-1,-1,-0.01,-1,-1,-0.01,-1,-1
99926009,2026-05-18 09:24:27+05:30,53111.05,0,0.0,0,0.0,0.0,53282.15,53308.4,52946.35,53710.35,0,0.0,0.0,0.0,0.0,-0.01,-1,-1,-0.01,-1,-1,-0.01,-1,-1,-0.01,-1,-1,-0.01,-1,-1,-0.01,-1,-1,-0.01,-1,-1,-0.01,-1,-1,-0.01,-1,-1,-0.01,-1,-1
99926009,2026-05-18 09:24:27+05:30,53109.45,0,0.0,0,0.0,0.0,53282.15,53308.4,52946.35,53710.35,0,0.0,0.0,0.0,0.0,-0.01,-1,-1,-0.01,-1,-1,-0.01,-1,-1,-0.01,-1,-1,-0.01,-1,-1,-0.01,-1,-1,-0.01,-1,-1,-0.01,-1,-1,-0.01,-1,-1,-0.01,-1,-1
99926009,2026-05-18 09:24:28+05:30,53106.15,0,0.0,0,0.0,0.0,53282.15,53308.4,52946.35,53710.35,0,0.0,0.0,0.0,0.0,-0.01,-1,-1,-0.01,-1,-1,-0.01,-1,-1,-0.01,-1,-1,-0.01,-1,-1,-0.01,-1,-1,-0.01,-1,-1,-0.01,-1,-1,-0.01,-1,-1,-0.01,-1,-1
99926009,2026-05-18 09:24:28+05:30,53108.8,0,0.0,0,0.0,0.0,53282.15,53308.4,52946.35,53710.35,0,0.0,0.0,0.0,0.0,-0.01,-1,-1,-0.01,-1,-1,-0.01,-1,-1,-0.01,-1,-1,-0.01,-1,-1,-0.01,-1,-1,-0.01,-1,-1,-0.01,-1,-1,-0.01,-1,-1,-0.01,-1,-1
99926009,2026-05-18 09:24:29+05:30,53109.4,0,0.0,0,0.0,0.0,53282.15,53308.4,52946.35,53710.35,0,0.0,0.0,0.0,0.0,-0.01,-1,-1,-0.01,-1,-1,-0.01,-1,-1,-0.01,-1,-1,-0.01,-1,-1,-0.01,-1,-1,-0.01,-1,-1,-0.01,-1,-1,-0.01,-1,-1,-0.01,-1,-1
99926009,2026-05-18 09:24:29+05:30,53111.25,0,0.0,0,0.0,0.0,53282.15,53308.4,52946.35,53710.35,0,0.0,0.0,0.0,0.0,-0.01,-1,-1,-0.01,-1,-1,-0.01,-1,-1,-0.01,-1,-1,-0.01,-1,-1,-0.01,-1,-1,-0.01,-1,-1,-0.01,-1,-1,-0.01,-1,-1,-0.01,-1,-1
99926009,2026-05-18 09:24:30+05:30,53112.35,0,0.0,0,0.0,0.0,53282.15,53308.4,52946.35,53710.35,0,0.0,0.0,0.0,0.0,-0.01,-1,-1,-0.01,-1,-1,-0.01,-1,-1,-0.01,-1,-1,-0.01,-1,-1,-0.01,-1,-1,-0.01,-1,-1,-0.01,-1,-1,-0.01,-1,-1,-0.01,-1,-1
99926009,2026-05-18 09:24:30+05:30,53112.75,0,0.0,0,0.0,0.0,53282.15,53308.4,52946.35,53710.35,0,0.0,0.0,0.0,0.0,-0.01,-1,-1,-0.01,-1,-1,-0.01,-1,-1,-0.01,-1,-1,-0.01,-1,-1,-0.01,-1,-1,-0.01,-1,-1,-0.01,-1,-1,-0.01,-1,-1,-0.01,-1,-1
99926009,2026-05-18 09:24:31+05:30,53113.0,0,0.0,0,0.0,0.0,53282.15,53308.4,52946.35,53710.35,0,0.0,0.0,0.0,0.0,-0.01,-1,-1,-0.01,-1,-1,-0.01,-1,-1,-0.01,-1,-1,-0.01,-1,-1,-0.01,-1,-1,-0.01,-1,-1,-0.01,-1,-1,-0.01,-1,-1,-0.01,-1,-1
99926009,2026-05-18 09:24:31+05:30,53115.35,0,0.0,0,0.0,0.0,53282.15,53308.4,52946.35,53710.35,0,0.0,0.0,0.0,0.0,-0.01,-1,-1,-0.01,-1,-1,-0.01,-1,-1,-0.01,-1,-1,-0.01,-1,-1,-0.01,-1,-1,-0.01,-1,-1,-0.01,-1,-1,-0.01,-1,-1,-0.01,-1,-1
99926009,2026-05-18 09:24:32+05:30,53114.4,0,0.0,0,0.0,0.0,53282.15,53308.4,52946.35,53710.35,0,0.0,0.0,0.0,0.0,-0.01,-1,-1,-0.01,-1,-1,-0.01,-1,-1,-0.01,-1,-1,-0.01,-1,-1,-0.01,-1,-1,-0.01,-1,-1,-0.01,-1,-1,-0.01,-1,-1,-0.01,-1,-1
99926009,2026-05-18 09:24:32+05:30,53110.45,0,0.0,0,0.0,0.0,53282.15,53308.4,52946.35,53710.35,0,0.0,0.0,0.0,0.0,-0.01,-1,-1,-0.01,-1,-1,-0.01,-1,-1,-0.01,-1,-1,-0.01,-1,-1,-0.01,-1,-1,-0.01,-1,-1,-0.01,-1,-1,-0.01,-1,-1,-0.01,-1,-1
99926009,2026-05-18 09:24:33+05:30,53107.4,0,0.0,0,0.0,0.0,53282.15,53308.4,52946.35,53710.35,0,0.0,0.0,0.0,0.0,-0.01,-1,-1,-0.01,-1,-1,-0.01,-1,-1,-0.01,-1,-1,-0.01,-1,-1,-0.01,-1,-1,-0.01,-1,-1,-0.01,-1,-1,-0.01,-1,-1,-0.01,-1,-1
99926009,2026-05-18 09:24:33+05:30,53107.35,0,0.0,0,0.0,0.0,53282.15,53308.4,52946.35,53710.35,0,0.0,0.0,0.0,0.0,-0.01,-1,-1,-0.01,-1,-1,-0.01,-1,-1,-0.01,-1,-1,-0.01,-1,-1,-0.01,-1,-1,-0.01,-1,-1,-0.01,-1,-1,-0.01,-1,-1,-0.01,-1,-1
99926009,2026-05-18 09:24:34+05:30,53104.7,0,0.0,0,0.0,0.0,53282.15,53308.4,52946.35,53710.35,0,0.0,0.0,0.0,0.0,-0.01,-1,-1,-0.01,-1,-1,-0.01,-1,-1,-0.01,-1,-1,-0.01,-1,-1,-0.01,-1,-1,-0.01,-1,-1,-0.01,-1,-1,-0.01,-1,-1,-0.01,-1,-1
99926009,2026-05-18 09:24:34+05:30,53103.4,0,0.0,0,0.0,0.0,53282.15,53308.4,52946.35,53710.35,0,0.0,0.0,0.0,0.0,-0.01,-1,-1,-0.01,-1,-1,-0.01,-1,-1,-0.01,-1,-1,-0.01,-1,-1,-0.01,-1,-1,-0.01,-1,-1,-0.01,-1,-1,-0.01,-1,-1,-0.01,-1,-1
99926009,2026-05-18 09:24:35+05:30,53100.3,0,0.0,0,0.0,0.0,53282.15,53308.4,52946.35,53710.35,0,0.0,0.0,0.0,0.0,-0.01,-1,-1,-0.01,-1,-1,-0.01,-1,-1,-0.01,-1,-1,-0.01,-1,-1,-0.01,-1,-1,-0.01,-1,-1,-0.01,-1,-1,-0.01,-1,-1,-0.01,-1,-1
99926009,2026-05-18 09:24:35+05:30,53101.6,0,0.0,0,0.0,0.0,53282.15,53308.4,52946.35,53710.35,0,0.0,0.0,0.0,0.0,-0.01,-1,-1,-0.01,-1,-1,-0.01,-1,-1,-0.01,-1,-1,-0.01,-1,-1,-0.01,-1,-1,-0.01,-1,-1,-0.01,-1,-1,-0.01,-1,-1,-0.01,-1,-1
99926009,2026-05-18 09:24:36+05:30,53098.6,0,0.0,0,0.0,0.0,53282.15,53308.4,52946.35,53710.35,0,0.0,0.0,0.0,0.0,-0.01,-1,-1,-0.01,-1,-1,-0.01,-1,-1,-0.01,-1,-1,-0.01,-1,-1,-0.01,-1,-1,-0.01,-1,-1,-0.01,-1,-1,-0.01,-1,-1,-0.01,-1,-1
99926009,2026-05-18 09:24:36+05:30,53097.45,0,0.0,0,0.0,0.0,53282.15,53308.4,52946.35,53710.35,0,0.0,0.0,0.0,0.0,-0.01,-1,-1,-0.01,-1,-1,-0.01,-1,-1,-0.01,-1,-1,-0.01,-1,-1,-0.01,-1,-1,-0.01,-1,-1,-0.01,-1,-1,-0.01,-1,-1,-0.01,-1,-1
99926009,2026-05-18 09:24:37+05:30,53097.5,0,0.0,0,0.0,0.0,53282.15,53308.4,52946.35,53710.35,0,0.0,0.0,0.0,0.0,-0.01,-1,-1,-0.01,-1,-1,-0.01,-1,-1,-0.01,-1,-1,-0.01,-1,-1,-0.01,-1,-1,-0.01,-1,-1,-0.01,-1,-1,-0.01,-1,-1,-0.01,-1,-1
99926009,2026-05-18 09:24:37+05:30,53100.3,0,0.0,0,0.0,0.0,53282.15,53308.4,52946.35,53710.35,0,0.0,0.0,0.0,0.0,-0.01,-1,-1,-0.01,-1,-1,-0.01,-1,-1,-0.01,-1,-1,-0.01,-1,-1,-0.01,-1,-1,-0.01,-1,-1,-0.01,-1,-1,-0.01,-1,-1,-0.01,-1,-1
99926009,2026-05-18 09:24:38+05:30,53097.3,0,0.0,0,0.0,0.0,53282.15,53308.4,52946.35,53710.35,0,0.0,0.0,0.0,0.0,-0.01,-1,-1,-0.01,-1,-1,-0.01,-1,-1,-0.01,-1,-1,-0.01,-1,-1,-0.01,-1,-1,-0.01,-1,-1,-0.01,-1,-1,-0.01,-1,-1,-0.01,-1,-1
99926009,2026-05-18 09:24:38+05:30,53096.8,0,0.0,0,0.0,0.0,53282.15,53308.4,52946.35,53710.35,0,0.0,0.0,0.0,0.0,-0.01,-1,-1,-0.01,-1,-1,-0.01,-1,-1,-0.01,-1,-1,-0.01,-1,-1,-0.01,-1,-1,-0.01,-1,-1,-0.01,-1,-1,-0.01,-1,-1,-0.01,-1,-1
99926009,2026-05-18 09:24:39+05:30,53096.2,0,0.0,0,0.0,0.0,53282.15,53308.4,52946.35,53710.35,0,0.0,0.0,0.0,0.0,-0.01,-1,-1,-0.01,-1,-1,-0.01,-1,-1,-0.01,-1,-1,-0.01,-1,-1,-0.01,-1,-1,-0.01,-1,-1,-0.01,-1,-1,-0.01,-1,-1,-0.01,-1,-1
99926009,2026-05-18 09:24:39+05:30,53096.25,0,0.0,0,0.0,0.0,53282.15,53308.4,52946.35,53710.35,0,0.0,0.0,0.0,0.0,-0.01,-1,-1,-0.01,-1,-1,-0.01,-1,-1,-0.01,-1,-1,-0.01,-1,-1,-0.01,-1,-1,-0.01,-1,-1,-0.01,-1,-1,-0.01,-1,-1,-0.01,-1,-1
99926009,2026-05-18 09:24:40+05:30,53096.8,0,0.0,0,0.0,0.0,53282.15,53308.4,52946.35,53710.35,0,0.0,0.0,0.0,0.0,-0.01,-1,-1,-0.01,-1,-1,-0.01,-1,-1,-0.01,-1,-1,-0.01,-1,-1,-0.01,-1,-1,-0.01,-1,-1,-0.01,-1,-1,-0.01,-1,-1,-0.01,-1,-1
99926009,2026-05-18 09:24:40+05:30,53097.5,0,0.0,0,0.0,0.0,53282.15,53308.4,52946.35,53710.35,0,0.0,0.0,0.0,0.0,-0.01,-1,-1,-0.01,-1,-1,-0.01,-1,-1,-0.01,-1,-1,-0.01,-1,-1,-0.01,-1,-1,-0.01,-1,-1,-0.01,-1,-1,-0.01,-1,-1,-0.01,-1,-1
99926009,2026-05-18 09:24:41+05:30,53100.5,0,0.0,0,0.0,0.0,53282.15,53308.4,52946.35,53710.35,0,0.0,0.0,0.0,0.0,-0.01,-1,-1,-0.01,-1,-1,-0.01,-1,-1,-0.01,-1,-1,-0.01,-1,-1,-0.01,-1,-1,-0.01,-1,-1,-0.01,-1,-1,-0.01,-1,-1,-0.01,-1,-1
99926009,2026-05-18 09:24:41+05:30,53103.15,0,0.0,0,0.0,0.0,53282.15,53308.4,52946.35,53710.35,0,0.0,0.0,0.0,0.0,-0.01,-1,-1,-0.01,-1,-1,-0.01,-1,-1,-0.01,-1,-1,-0.01,-1,-1,-0.01,-1,-1,-0.01,-1,-1,-0.01,-1,-1,-0.01,-1,-1,-0.01,-1,-1
99926009,2026-05-18 09:24:42+05:30,53099.85,0,0.0,0,0.0,0.0,53282.15,53308.4,52946.35,53710.35,0,0.0,0.0,0.0,0.0,-0.01,-1,-1,-0.01,-1,-1,-0.01,-1,-1,-0.01,-1,-1,-0.01,-1,-1,-0.01,-1,-1,-0.01,-1,-1,-0.01,-1,-1,-0.01,-1,-1,-0.01,-1,-1
99926009,2026-05-18 09:24:42+05:30,53099.35,0,0.0,0,0.0,0.0,53282.15,53308.4,52946.35,53710.35,0,0.0,0.0,0.0,0.0,-0.01,-1,-1,-0.01,-1,-1,-0.01,-1,-1,-0.01,-1,-1,-0.01,-1,-1,-0.01,-1,-1,-0.01,-1,-1,-0.01,-1,-1,-0.01,-1,-1,-0.01,-1,-1
99926009,2026-05-18 09:24:43+05:30,53098.6,0,0.0,0,0.0,0.0,53282.15,53308.4,52946.35,53710.35,0,0.0,0.0,0.0,0.0,-0.01,-1,-1,-0.01,-1,-1,-0.01,-1,-1,-0.01,-1,-1,-0.01,-1,-1,-0.01,-1,-1,-0.01,-1,-1,-0.01,-1,-1,-0.01,-1,-1,-0.01,-1,-1
99926009,2026-05-18 09:24:43+05:30,53098.7,0,0.0,0,0.0,0.0,53282.15,53308.4,52946.35,53710.35,0,0.0,0.0,0.0,0.0,-0.01,-1,-1,-0.01,-1,-1,-0.01,-1,-1,-0.01,-1,-1,-0.01,-1,-1,-0.01,-1,-1,-0.01,-1,-1,-0.01,-1,-1,-0.01,-1,-1,-0.01,-1,-1
99926009,2026-05-18 09:24:44+05:30,53101.3,0,0.0,0,0.0,0.0,53282.15,53308.4,52946.35,53710.35,0,0.0,0.0,0.0,0.0,-0.01,-1,-1,-0.01,-1,-1,-0.01,-1,-1,-0.01,-1,-1,-0.01,-1,-1,-0.01,-1,-1,-0.01,-1,-1,-0.01,-1,-1,-0.01,-1,-1,-0.01,-1,-1
99926009,2026-05-18 09:24:44+05:30,53098.55,0,0.0,0,0.0,0.0,53282.15,53308.4,52946.35,53710.35,0,0.0,0.0,0.0,0.0,-0.01,-1,-1,-0.01,-1,-1,-0.01,-1,-1,-0.01,-1,-1,-0.01,-1,-1,-0.01,-1,-1,-0.01,-1,-1,-0.01,-1,-1,-0.01,-1,-1,-0.01,-1,-1
99926009,2026-05-18 09:24:45+05:30,53100.45,0,0.0,0,0.0,0.0,53282.15,53308.4,52946.35,53710.35,0,0.0,0.0,0.0,0.0,-0.01,-1,-1,-0.01,-1,-1,-0.01,-1,-1,-0.01,-1,-1,-0.01,-1,-1,-0.01,-1,-1,-0.01,-1,-1,-0.01,-1,-1,-0.01,-1,-1,-0.01,-1,-1
99926009,2026-05-18 09:24:45+05:30,53100.5,0,0.0,0,0.0,0.0,53282.15,53308.4,52946.35,53710.35,0,0.0,0.0,0.0,0.0,-0.01,-1,-1,-0.01,-1,-1,-0.01,-1,-1,-0.01,-1,-1,-0.01,-1,-1,-0.01,-1,-1,-0.01,-1,-1,-0.01,-1,-1,-0.01,-1,-1,-0.01,-1,-1
99926009,2026-05-18 09:24:46+05:30,53097.95,0,0.0,0,0.0,0.0,53282.15,53308.4,52946.35,53710.35,0,0.0,0.0,0.0,0.0,-0.01,-1,-1,-0.01,-1,-1,-0.01,-1,-1,-0.01,-1,-1,-0.01,-1,-1,-0.01,-1,-1,-0.01,-1,-1,-0.01,-1,-1,-0.01,-1,-1,-0.01,-1,-1
99926009,2026-05-18 09:24:46+05:30,53098.3,0,0.0,0,0.0,0.0,53282.15,53308.4,52946.35,53710.35,0,0.0,0.0,0.0,0.0,-0.01,-1,-1,-0.01,-1,-1,-0.01,-1,-1,-0.01,-1,-1,-0.01,-1,-1,-0.01,-1,-1,-0.01,-1,-1,-0.01,-1,-1,-0.01,-1,-1,-0.01,-1,-1
99926009,2026-05-18 09:24:47+05:30,53100.8,0,0.0,0,0.0,0.0,53282.15,53308.4,52946.35,53710.35,0,0.0,0.0,0.0,0.0,-0.01,-1,-1,-0.01,-1,-1,-0.01,-1,-1,-0.01,-1,-1,-0.01,-1,-1,-0.01,-1,-1,-0.01,-1,-1,-0.01,-1,-1,-0.01,-1,-1,-0.01,-1,-1
99926009,2026-05-18 09:24:47+05:30,53100.85,0,0.0,0,0.0,0.0,53282.15,53308.4,52946.35,53710.35,0,0.0,0.0,0.0,0.0,-0.01,-1,-1,-0.01,-1,-1,-0.01,-1,-1,-0.01,-1,-1,-0.01,-1,-1,-0.01,-1,-1,-0.01,-1,-1,-0.01,-1,-1,-0.01,-1,-1,-0.01,-1,-1
99926009,2026-05-18 09:24:48+05:30,53102.55,0,0.0,0,0.0,0.0,53282.15,53308.4,52946.35,53710.35,0,0.0,0.0,0.0,0.0,-0.01,-1,-1,-0.01,-1,-1,-0.01,-1,-1,-0.01,-1,-1,-0.01,-1,-1,-0.01,-1,-1,-0.01,-1,-1,-0.01,-1,-1,-0.01,-1,-1,-0.01,-1,-1
99926009,2026-05-18 09:24:48+05:30,53100.5,0,0.0,0,0.0,0.0,53282.15,53308.4,52946.35,53710.35,0,0.0,0.0,0.0,0.0,-0.01,-1,-1,-0.01,-1,-1,-0.01,-1,-1,-0.01,-1,-1,-0.01,-1,-1,-0.01,-1,-1,-0.01,-1,-1,-0.01,-1,-1,-0.01,-1,-1,-0.01,-1,-1
99926009,2026-05-18 09:24:49+05:30,53100.85,0,0.0,0,0.0,0.0,53282.15,53308.4,52946.35,53710.35,0,0.0,0.0,0.0,0.0,-0.01,-1,-1,-0.01,-1,-1,-0.01,-1,-1,-0.01,-1,-1,-0.01,-1,-1,-0.01,-1,-1,-0.01,-1,-1,-0.01,-1,-1,-0.01,-1,-1,-0.01,-1,-1
99926009,2026-05-18 09:24:49+05:30,53095.0,0,0.0,0,0.0,0.0,53282.15,53308.4,52946.35,53710.35,0,0.0,0.0,0.0,0.0,-0.01,-1,-1,-0.01,-1,-1,-0.01,-1,-1,-0.01,-1,-1,-0.01,-1,-1,-0.01,-1,-1,-0.01,-1,-1,-0.01,-1,-1,-0.01,-1,-1,-0.01,-1,-1
99926009,2026-05-18 09:24:50+05:30,53099.45,0,0.0,0,0.0,0.0,53282.15,53308.4,52946.35,53710.35,0,0.0,0.0,0.0,0.0,-0.01,-1,-1,-0.01,-1,-1,-0.01,-1,-1,-0.01,-1,-1,-0.01,-1,-1,-0.01,-1,-1,-0.01,-1,-1,-0.01,-1,-1,-0.01,-1,-1,-0.01,-1,-1
99926009,2026-05-18 09:24:50+05:30,53100.6,0,0.0,0,0.0,0.0,53282.15,53308.4,52946.35,53710.35,0,0.0,0.0,0.0,0.0,-0.01,-1,-1,-0.01,-1,-1,-0.01,-1,-1,-0.01,-1,-1,-0.01,-1,-1,-0.01,-1,-1,-0.01,-1,-1,-0.01,-1,-1,-0.01,-1,-1,-0.01,-1,-1
99926009,2026-05-18 09:24:51+05:30,53100.1,0,0.0,0,0.0,0.0,53282.15,53308.4,52946.35,53710.35,0,0.0,0.0,0.0,0.0,-0.01,-1,-1,-0.01,-1,-1,-0.01,-1,-1,-0.01,-1,-1,-0.01,-1,-1,-0.01,-1,-1,-0.01,-1,-1,-0.01,-1,-1,-0.01,-1,-1,-0.01,-1,-1
99926009,2026-05-18 09:24:51+05:30,53098.75,0,0.0,0,0.0,0.0,53282.15,53308.4,52946.35,53710.35,0,0.0,0.0,0.0,0.0,-0.01,-1,-1,-0.01,-1,-1,-0.01,-1,-1,-0.01,-1,-1,-0.01,-1,-1,-0.01,-1,-1,-0.01,-1,-1,-0.01,-1,-1,-0.01,-1,-1,-0.01,-1,-1
99926009,2026-05-18 09:24:52+05:30,53098.75,0,0.0,0,0.0,0.0,53282.15,53308.4,52946.35,53710.35,0,0.0,0.0,0.0,0.0,-0.01,-1,-1,-0.01,-1,-1,-0.01,-1,-1,-0.01,-1,-1,-0.01,-1,-1,-0.01,-1,-1,-0.01,-1,-1,-0.01,-1,-1,-0.01,-1,-1,-0.01,-1,-1
99926009,2026-05-18 09:24:52+05:30,53101.35,0,0.0,0,0.0,0.0,53282.15,53308.4,52946.35,53710.35,0,0.0,0.0,0.0,0.0,-0.01,-1,-1,-0.01,-1,-1,-0.01,-1,-1,-0.01,-1,-1,-0.01,-1,-1,-0.01,-1,-1,-0.01,-1,-1,-0.01,-1,-1,-0.01,-1,-1,-0.01,-1,-1
99926009,2026-05-18 09:24:53+05:30,53096.65,0,0.0,0,0.0,0.0,53282.15,53308.4,52946.35,53710.35,0,0.0,0.0,0.0,0.0,-0.01,-1,-1,-0.01,-1,-1,-0.01,-1,-1,-0.01,-1,-1,-0.01,-1,-1,-0.01,-1,-1,-0.01,-1,-1,-0.01,-1,-1,-0.01,-1,-1,-0.01,-1,-1
99926009,2026-05-18 09:24:53+05:30,53100.7,0,0.0,0,0.0,0.0,53282.15,53308.4,52946.35,53710.35,0,0.0,0.0,0.0,0.0,-0.01,-1,-1,-0.01,-1,-1,-0.01,-1,-1,-0.01,-1,-1,-0.01,-1,-1,-0.01,-1,-1,-0.01,-1,-1,-0.01,-1,-1,-0.01,-1,-1,-0.01,-1,-1
99926009,2026-05-18 09:24:54+05:30,53100.6,0,0.0,0,0.0,0.0,53282.15,53308.4,52946.35,53710.35,0,0.0,0.0,0.0,0.0,-0.01,-1,-1,-0.01,-1,-1,-0.01,-1,-1,-0.01,-1,-1,-0.01,-1,-1,-0.01,-1,-1,-0.01,-1,-1,-0.01,-1,-1,-0.01,-1,-1,-0.01,-1,-1
99926009,2026-05-18 09:24:54+05:30,53100.0,0,0.0,0,0.0,0.0,53282.15,53308.4,52946.35,53710.35,0,0.0,0.0,0.0,0.0,-0.01,-1,-1,-0.01,-1,-1,-0.01,-1,-1,-0.01,-1,-1,-0.01,-1,-1,-0.01,-1,-1,-0.01,-1,-1,-0.01,-1,-1,-0.01,-1,-1,-0.01,-1,-1
99926009,2026-05-18 09:24:55+05:30,53101.85,0,0.0,0,0.0,0.0,53282.15,53308.4,52946.35,53710.35,0,0.0,0.0,0.0,0.0,-0.01,-1,-1,-0.01,-1,-1,-0.01,-1,-1,-0.01,-1,-1,-0.01,-1,-1,-0.01,-1,-1,-0.01,-1,-1,-0.01,-1,-1,-0.01,-1,-1,-0.01,-1,-1
99926009,2026-05-18 09:24:55+05:30,53101.8,0,0.0,0,0.0,0.0,53282.15,53308.4,52946.35,53710.35,0,0.0,0.0,0.0,0.0,-0.01,-1,-1,-0.01,-1,-1,-0.01,-1,-1,-0.01,-1,-1,-0.01,-1,-1,-0.01,-1,-1,-0.01,-1,-1,-0.01,-1,-1,-0.01,-1,-1,-0.01,-1,-1
99926009,2026-05-18 09:24:56+05:30,53102.7,0,0.0,0,0.0,0.0,53282.15,53308.4,52946.35,53710.35,0,0.0,0.0,0.0,0.0,-0.01,-1,-1,-0.01,-1,-1,-0.01,-1,-1,-0.01,-1,-1,-0.01,-1,-1,-0.01,-1,-1,-0.01,-1,-1,-0.01,-1,-1,-0.01,-1,-1,-0.01,-1,-1
99926009,2026-05-18 09:24:56+05:30,53102.75,0,0.0,0,0.0,0.0,53282.15,53308.4,52946.35,53710.35,0,0.0,0.0,0.0,0.0,-0.01,-1,-1,-0.01,-1,-1,-0.01,-1,-1,-0.01,-1,-1,-0.01,-1,-1,-0.01,-1,-1,-0.01,-1,-1,-0.01,-1,-1,-0.01,-1,-1,-0.01,-1,-1
99926009,2026-05-18 09:24:57+05:30,53101.25,0,0.0,0,0.0,0.0,53282.15,53308.4,52946.35,53710.35,0,0.0,0.0,0.0,0.0,-0.01,-1,-1,-0.01,-1,-1,-0.01,-1,-1,-0.01,-1,-1,-0.01,-1,-1,-0.01,-1,-1,-0.01,-1,-1,-0.01,-1,-1,-0.01,-1,-1,-0.01,-1,-1
99926009,2026-05-18 09:24:57+05:30,53101.65,0,0.0,0,0.0,0.0,53282.15,53308.4,52946.35,53710.35,0,0.0,0.0,0.0,0.0,-0.01,-1,-1,-0.01,-1,-1,-0.01,-1,-1,-0.01,-1,-1,-0.01,-1,-1,-0.01,-1,-1,-0.01,-1,-1,-0.01,-1,-1,-0.01,-1,-1,-0.01,-1,-1
99926009,2026-05-18 09:24:58+05:30,53100.05,0,0.0,0,0.0,0.0,53282.15,53308.4,52946.35,53710.35,0,0.0,0.0,0.0,0.0,-0.01,-1,-1,-0.01,-1,-1,-0.01,-1,-1,-0.01,-1,-1,-0.01,-1,-1,-0.01,-1,-1,-0.01,-1,-1,-0.01,-1,-1,-0.01,-1,-1,-0.01,-1,-1
99926009,2026-05-18 09:24:58+05:30,53093.35,0,0.0,0,0.0,0.0,53282.15,53308.4,52946.35,53710.35,0,0.0,0.0,0.0,0.0,-0.01,-1,-1,-0.01,-1,-1,-0.01,-1,-1,-0.01,-1,-1,-0.01,-1,-1,-0.01,-1,-1,-0.01,-1,-1,-0.01,-1,-1,-0.01,-1,-1,-0.01,-1,-1
99926009,2026-05-18 09:24:59+05:30,53097.4,0,0.0,0,0.0,0.0,53282.15,53308.4,52946.35,53710.35,0,0.0,0.0,0.0,0.0,-0.01,-1,-1,-0.01,-1,-1,-0.01,-1,-1,-0.01,-1,-1,-0.01,-1,-1,-0.01,-1,-1,-0.01,-1,-1,-0.01,-1,-1,-0.01,-1,-1,-0.01,-1,-1
99926009,2026-05-18 09:24:59+05:30,53095.85,0,0.0,0,0.0,0.0,53282.15,53308.4,52946.35,53710.35,0,0.0,0.0,0.0,0.0,-0.01,-1,-1,-0.01,-1,-1,-0.01,-1,-1,-0.01,-1,-1,-0.01,-1,-1,-0.01,-1,-1,-0.01,-1,-1,-0.01,-1,-1,-0.01,-1,-1,-0.01,-1,-1
99926009,2026-05-18 09:25:00+05:30,53099.25,0,0.0,0,0.0,0.0,53282.15,53308.4,52946.35,53710.35,0,0.0,0.0,0.0,0.0,-0.01,-1,-1,-0.01,-1,-1,-0.01,-1,-1,-0.01,-1,-1,-0.01,-1,-1,-0.01,-1,-1,-0.01,-1,-1,-0.01,-1,-1,-0.01,-1,-1,-0.01,-1,-1
99926009,2026-05-18 09:25:00+05:30,53101.2,0,0.0,0,0.0,0.0,53282.15,53308.4,52946.35,53710.35,0,0.0,0.0,0.0,0.0,-0.01,-1,-1,-0.01,-1,-1,-0.01,-1,-1,-0.01,-1,-1,-0.01,-1,-1,-0.01,-1,-1,-0.01,-1,-1,-0.01,-1,-1,-0.01,-1,-1,-0.01,-1,-1
99926009,2026-05-18 09:25:01+05:30,53099.9,0,0.0,0,0.0,0.0,53282.15,53308.4,52946.35,53710.35,0,0.0,0.0,0.0,0.0,-0.01,-1,-1,-0.01,-1,-1,-0.01,-1,-1,-0.01,-1,-1,-0.01,-1,-1,-0.01,-1,-1,-0.01,-1,-1,-0.01,-1,-1,-0.01,-1,-1,-0.01,-1,-1
99926009,2026-05-18 09:25:01+05:30,53099.8,0,0.0,0,0.0,0.0,53282.15,53308.4,52946.35,53710.35,0,0.0,0.0,0.0,0.0,-0.01,-1,-1,-0.01,-1,-1,-0.01,-1,-1,-0.01,-1,-1,-0.01,-1,-1,-0.01,-1,-1,-0.01,-1,-1,-0.01,-1,-1,-0.01,-1,-1,-0.01,-1,-1
99926009,2026-05-18 09:25:02+05:30,53098.75,0,0.0,0,0.0,0.0,53282.15,53308.4,52946.35,53710.35,0,0.0,0.0,0.0,0.0,-0.01,-1,-1,-0.01,-1,-1,-0.01,-1,-1,-0.01,-1,-1,-0.01,-1,-1,-0.01,-1,-1,-0.01,-1,-1,-0.01,-1,-1,-0.01,-1,-1,-0.01,-1,-1
99926009,2026-05-18 09:25:02+05:30,53097.6,0,0.0,0,0.0,0.0,53282.15,53308.4,52946.35,53710.35,0,0.0,0.0,0.0,0.0,-0.01,-1,-1,-0.01,-1,-1,-0.01,-1,-1,-0.01,-1,-1,-0.01,-1,-1,-0.01,-1,-1,-0.01,-1,-1,-0.01,-1,-1,-0.01,-1,-1,-0.01,-1,-1
99926009,2026-05-18 09:25:03+05:30,53099.45,0,0.0,0,0.0,0.0,53282.15,53308.4,52946.35,53710.35,0,0.0,0.0,0.0,0.0,-0.01,-1,-1,-0.01,-1,-1,-0.01,-1,-1,-0.01,-1,-1,-0.01,-1,-1,-0.01,-1,-1,-0.01,-1,-1,-0.01,-1,-1,-0.01,-1,-1,-0.01,-1,-1
99926009,2026-05-18 09:25:03+05:30,53101.25,0,0.0,0,0.0,0.0,53282.15,53308.4,52946.35,53710.35,0,0.0,0.0,0.0,0.0,-0.01,-1,-1,-0.01,-1,-1,-0.01,-1,-1,-0.01,-1,-1,-0.01,-1,-1,-0.01,-1,-1,-0.01,-1,-1,-0.01,-1,-1,-0.01,-1,-1,-0.01,-1,-1
99926009,2026-05-18 09:25:04+05:30,53101.25,0,0.0,0,0.0,0.0,53282.15,53308.4,52946.35,53710.35,0,0.0,0.0,0.0,0.0,-0.01,-1,-1,-0.01,-1,-1,-0.01,-1,-1,-0.01,-1,-1,-0.01,-1,-1,-0.01,-1,-1,-0.01,-1,-1,-0.01,-1,-1,-0.01,-1,-1,-0.01,-1,-1
99926009,2026-05-18 09:25:04+05:30,53100.8,0,0.0,0,0.0,0.0,53282.15,53308.4,52946.35,53710.35,0,0.0,0.0,0.0,0.0,-0.01,-1,-1,-0.01,-1,-1,-0.01,-1,-1,-0.01,-1,-1,-0.01,-1,-1,-0.01,-1,-1,-0.01,-1,-1,-0.01,-1,-1,-0.01,-1,-1,-0.01,-1,-1
99926009,2026-05-18 09:25:05+05:30,53099.25,0,0.0,0,0.0,0.0,53282.15,53308.4,52946.35,53710.35,0,0.0,0.0,0.0,0.0,-0.01,-1,-1,-0.01,-1,-1,-0.01,-1,-1,-0.01,-1,-1,-0.01,-1,-1,-0.01,-1,-1,-0.01,-1,-1,-0.01,-1,-1,-0.01,-1,-1,-0.01,-1,-1
99926009,2026-05-18 09:25:05+05:30,53097.75,0,0.0,0,0.0,0.0,53282.15,53308.4,52946.35,53710.35,0,0.0,0.0,0.0,0.0,-0.01,-1,-1,-0.01,-1,-1,-0.01,-1,-1,-0.01,-1,-1,-0.01,-1,-1,-0.01,-1,-1,-0.01,-1,-1,-0.01,-1,-1,-0.01,-1,-1,-0.01,-1,-1
99926009,2026-05-18 09:25:06+05:30,53095.65,0,0.0,0,0.0,0.0,53282.15,53308.4,52946.35,53710.35,0,0.0,0.0,0.0,0.0,-0.01,-1,-1,-0.01,-1,-1,-0.01,-1,-1,-0.01,-1,-1,-0.01,-1,-1,-0.01,-1,-1,-0.01,-1,-1,-0.01,-1,-1,-0.01,-1,-1,-0.01,-1,-1
99926009,2026-05-18 09:25:06+05:30,53097.3,0,0.0,0,0.0,0.0,53282.15,53308.4,52946.35,53710.35,0,0.0,0.0,0.0,0.0,-0.01,-1,-1,-0.01,-1,-1,-0.01,-1,-1,-0.01,-1,-1,-0.01,-1,-1,-0.01,-1,-1,-0.01,-1,-1,-0.01,-1,-1,-0.01,-1,-1,-0.01,-1,-1
99926009,2026-05-18 09:25:07+05:30,53098.45,0,0.0,0,0.0,0.0,53282.15,53308.4,52946.35,53710.35,0,0.0,0.0,0.0,0.0,-0.01,-1,-1,-0.01,-1,-1,-0.01,-1,-1,-0.01,-1,-1,-0.01,-1,-1,-0.01,-1,-1,-0.01,-1,-1,-0.01,-1,-1,-0.01,-1,-1,-0.01,-1,-1
99926009,2026-05-18 09:25:07+05:30,53097.0,0,0.0,0,0.0,0.0,53282.15,53308.4,52946.35,53710.35,0,0.0,0.0,0.0,0.0,-0.01,-1,-1,-0.01,-1,-1,-0.01,-1,-1,-0.01,-1,-1,-0.01,-1,-1,-0.01,-1,-1,-0.01,-1,-1,-0.01,-1,-1,-0.01,-1,-1,-0.01,-1,-1
99926009,2026-05-18 09:25:08+05:30,53094.1,0,0.0,0,0.0,0.0,53282.15,53308.4,52946.35,53710.35,0,0.0,0.0,0.0,0.0,-0.01,-1,-1,-0.01,-1,-1,-0.01,-1,-1,-0.01,-1,-1,-0.01,-1,-1,-0.01,-1,-1,-0.01,-1,-1,-0.01,-1,-1,-0.01,-1,-1,-0.01,-1,-1
99926009,2026-05-18 09:25:08+05:30,53083.55,0,0.0,0,0.0,0.0,53282.15,53308.4,52946.35,53710.35,0,0.0,0.0,0.0,0.0,-0.01,-1,-1,-0.01,-1,-1,-0.01,-1,-1,-0.01,-1,-1,-0.01,-1,-1,-0.01,-1,-1,-0.01,-1,-1,-0.01,-1,-1,-0.01,-1,-1,-0.01,-1,-1
99926009,2026-05-18 09:25:09+05:30,53083.0,0,0.0,0,0.0,0.0,53282.15,53308.4,52946.35,53710.35,0,0.0,0.0,0.0,0.0,-0.01,-1,-1,-0.01,-1,-1,-0.01,-1,-1,-0.01,-1,-1,-0.01,-1,-1,-0.01,-1,-1,-0.01,-1,-1,-0.01,-1,-1,-0.01,-1,-1,-0.01,-1,-1
99926009,2026-05-18 09:25:09+05:30,53081.15,0,0.0,0,0.0,0.0,53282.15,53308.4,52946.35,53710.35,0,0.0,0.0,0.0,0.0,-0.01,-1,-1,-0.01,-1,-1,-0.01,-1,-1,-0.01,-1,-1,-0.01,-1,-1,-0.01,-1,-1,-0.01,-1,-1,-0.01,-1,-1,-0.01,-1,-1,-0.01,-1,-1
99926009,2026-05-18 09:25:10+05:30,53079.85,0,0.0,0,0.0,0.0,53282.15,53308.4,52946.35,53710.35,0,0.0,0.0,0.0,0.0,-0.01,-1,-1,-0.01,-1,-1,-0.01,-1,-1,-0.01,-1,-1,-0.01,-1,-1,-0.01,-1,-1,-0.01,-1,-1,-0.01,-1,-1,-0.01,-1,-1,-0.01,-1,-1
99926009,2026-05-18 09:25:10+05:30,53080.8,0,0.0,0,0.0,0.0,53282.15,53308.4,52946.35,53710.35,0,0.0,0.0,0.0,0.0,-0.01,-1,-1,-0.01,-1,-1,-0.01,-1,-1,-0.01,-1,-1,-0.01,-1,-1,-0.01,-1,-1,-0.01,-1,-1,-0.01,-1,-1,-0.01,-1,-1,-0.01,-1,-1
99926009,2026-05-18 09:25:11+05:30,53078.15,0,0.0,0,0.0,0.0,53282.15,53308.4,52946.35,53710.35,0,0.0,0.0,0.0,0.0,-0.01,-1,-1,-0.01,-1,-1,-0.01,-1,-1,-0.01,-1,-1,-0.01,-1,-1,-0.01,-1,-1,-0.01,-1,-1,-0.01,-1,-1,-0.01,-1,-1,-0.01,-1,-1
99926009,2026-05-18 09:25:11+05:30,53076.7,0,0.0,0,0.0,0.0,53282.15,53308.4,52946.35,53710.35,0,0.0,0.0,0.0,0.0,-0.01,-1,-1,-0.01,-1,-1,-0.01,-1,-1,-0.01,-1,-1,-0.01,-1,-1,-0.01,-1,-1,-0.01,-1,-1,-0.01,-1,-1,-0.01,-1,-1,-0.01,-1,-1
99926009,2026-05-18 09:25:12+05:30,53075.85,0,0.0,0,0.0,0.0,53282.15,53308.4,52946.35,53710.35,0,0.0,0.0,0.0,0.0,-0.01,-1,-1,-0.01,-1,-1,-0.01,-1,-1,-0.01,-1,-1,-0.01,-1,-1,-0.01,-1,-1,-0.01,-1,-1,-0.01,-1,-1,-0.01,-1,-1,-0.01,-1,-1
99926009,2026-05-18 09:25:12+05:30,53081.9,0,0.0,0,0.0,0.0,53282.15,53308.4,52946.35,53710.35,0,0.0,0.0,0.0,0.0,-0.01,-1,-1,-0.01,-1,-1,-0.01,-1,-1,-0.01,-1,-1,-0.01,-1,-1,-0.01,-1,-1,-0.01,-1,-1,-0.01,-1,-1,-0.01,-1,-1,-0.01,-1,-1
99926009,2026-05-18 09:25:13+05:30,53080.6,0,0.0,0,0.0,0.0,53282.15,53308.4,52946.35,53710.35,0,0.0,0.0,0.0,0.0,-0.01,-1,-1,-0.01,-1,-1,-0.01,-1,-1,-0.01,-1,-1,-0.01,-1,-1,-0.01,-1,-1,-0.01,-1,-1,-0.01,-1,-1,-0.01,-1,-1,-0.01,-1,-1
99926009,2026-05-18 09:25:13+05:30,53090.75,0,0.0,0,0.0,0.0,53282.15,53308.4,52946.35,53710.35,0,0.0,0.0,0.0,0.0,-0.01,-1,-1,-0.01,-1,-1,-0.01,-1,-1,-0.01,-1,-1,-0.01,-1,-1,-0.01,-1,-1,-0.01,-1,-1,-0.01,-1,-1,-0.01,-1,-1,-0.01,-1,-1
99926009,2026-05-18 09:25:14+05:30,53092.4,0,0.0,0,0.0,0.0,53282.15,53308.4,52946.35,53710.35,0,0.0,0.0,0.0,0.0,-0.01,-1,-1,-0.01,-1,-1,-0.01,-1,-1,-0.01,-1,-1,-0.01,-1,-1,-0.01,-1,-1,-0.01,-1,-1,-0.01,-1,-1,-0.01,-1,-1,-0.01,-1,-1
99926009,2026-05-18 09:25:14+05:30,53089.05,0,0.0,0,0.0,0.0,53282.15,53308.4,52946.35,53710.35,0,0.0,0.0,0.0,0.0,-0.01,-1,-1,-0.01,-1,-1,-0.01,-1,-1,-0.01,-1,-1,-0.01,-1,-1,-0.01,-1,-1,-0.01,-1,-1,-0.01,-1,-1,-0.01,-1,-1,-0.01,-1,-1
99926009,2026-05-18 09:25:15+05:30,53090.3,0,0.0,0,0.0,0.0,53282.15,53308.4,52946.35,53710.35,0,0.0,0.0,0.0,0.0,-0.01,-1,-1,-0.01,-1,-1,-0.01,-1,-1,-0.01,-1,-1,-0.01,-1,-1,-0.01,-1,-1,-0.01,-1,-1,-0.01,-1,-1,-0.01,-1,-1,-0.01,-1,-1
99926009,2026-05-18 09:25:15+05:30,53081.4,0,0.0,0,0.0,0.0,53282.15,53308.4,52946.35,53710.35,0,0.0,0.0,0.0,0.0,-0.01,-1,-1,-0.01,-1,-1,-0.01,-1,-1,-0.01,-1,-1,-0.01,-1,-1,-0.01,-1,-1,-0.01,-1,-1,-0.01,-1,-1,-0.01,-1,-1,-0.01,-1,-1
99926009,2026-05-18 09:25:16+05:30,53083.7,0,0.0,0,0.0,0.0,53282.15,53308.4,52946.35,53710.35,0,0.0,0.0,0.0,0.0,-0.01,-1,-1,-0.01,-1,-1,-0.01,-1,-1,-0.01,-1,-1,-0.01,-1,-1,-0.01,-1,-1,-0.01,-1,-1,-0.01,-1,-1,-0.01,-1,-1,-0.01,-1,-1
99926009,2026-05-18 09:25:16+05:30,53086.05,0,0.0,0,0.0,0.0,53282.15,53308.4,52946.35,53710.35,0,0.0,0.0,0.0,0.0,-0.01,-1,-1,-0.01,-1,-1,-0.01,-1,-1,-0.01,-1,-1,-0.01,-1,-1,-0.01,-1,-1,-0.01,-1,-1,-0.01,-1,-1,-0.01,-1,-1,-0.01,-1,-1
99926009,2026-05-18 09:25:17+05:30,53087.7,0,0.0,0,0.0,0.0,53282.15,53308.4,52946.35,53710.35,0,0.0,0.0,0.0,0.0,-0.01,-1,-1,-0.01,-1,-1,-0.01,-1,-1,-0.01,-1,-1,-0.01,-1,-1,-0.01,-1,-1,-0.01,-1,-1,-0.01,-1,-1,-0.01,-1,-1,-0.01,-1,-1
99926009,2026-05-18 09:25:17+05:30,53085.5,0,0.0,0,0.0,0.0,53282.15,53308.4,52946.35,53710.35,0,0.0,0.0,0.0,0.0,-0.01,-1,-1,-0.01,-1,-1,-0.01,-1,-1,-0.01,-1,-1,-0.01,-1,-1,-0.01,-1,-1,-0.01,-1,-1,-0.01,-1,-1,-0.01,-1,-1,-0.01,-1,-1
99926009,2026-05-18 09:25:18+05:30,53082.85,0,0.0,0,0.0,0.0,53282.15,53308.4,52946.35,53710.35,0,0.0,0.0,0.0,0.0,-0.01,-1,-1,-0.01,-1,-1,-0.01,-1,-1,-0.01,-1,-1,-0.01,-1,-1,-0.01,-1,-1,-0.01,-1,-1,-0.01,-1,-1,-0.01,-1,-1,-0.01,-1,-1
99926009,2026-05-18 09:25:18+05:30,53083.3,0,0.0,0,0.0,0.0,53282.15,53308.4,52946.35,53710.35,0,0.0,0.0,0.0,0.0,-0.01,-1,-1,-0.01,-1,-1,-0.01,-1,-1,-0.01,-1,-1,-0.01,-1,-1,-0.01,-1,-1,-0.01,-1,-1,-0.01,-1,-1,-0.01,-1,-1,-0.01,-1,-1
99926009,2026-05-18 09:25:19+05:30,53082.75,0,0.0,0,0.0,0.0,53282.15,53308.4,52946.35,53710.35,0,0.0,0.0,0.0,0.0,-0.01,-1,-1,-0.01,-1,-1,-0.01,-1,-1,-0.01,-1,-1,-0.01,-1,-1,-0.01,-1,-1,-0.01,-1,-1,-0.01,-1,-1,-0.01,-1,-1,-0.01,-1,-1
99926009,2026-05-18 09:25:19+05:30,53082.7,0,0.0,0,0.0,0.0,53282.15,53308.4,52946.35,53710.35,0,0.0,0.0,0.0,0.0,-0.01,-1,-1,-0.01,-1,-1,-0.01,-1,-1,-0.01,-1,-1,-0.01,-1,-1,-0.01,-1,-1,-0.01,-1,-1,-0.01,-1,-1,-0.01,-1,-1,-0.01,-1,-1
99926009,2026-05-18 09:25:20+05:30,53083.5,0,0.0,0,0.0,0.0,53282.15,53308.4,52946.35,53710.35,0,0.0,0.0,0.0,0.0,-0.01,-1,-1,-0.01,-1,-1,-0.01,-1,-1,-0.01,-1,-1,-0.01,-1,-1,-0.01,-1,-1,-0.01,-1,-1,-0.01,-1,-1,-0.01,-1,-1,-0.01,-1,-1
99926009,2026-05-18 09:25:20+05:30,53083.6,0,0.0,0,0.0,0.0,53282.15,53308.4,52946.35,53710.35,0,0.0,0.0,0.0,0.0,-0.01,-1,-1,-0.01,-1,-1,-0.01,-1,-1,-0.01,-1,-1,-0.01,-1,-1,-0.01,-1,-1,-0.01,-1,-1,-0.01,-1,-1,-0.01,-1,-1,-0.01,-1,-1
99926009,2026-05-18 09:25:21+05:30,53081.45,0,0.0,0,0.0,0.0,53282.15,53308.4,52946.35,53710.35,0,0.0,0.0,0.0,0.0,-0.01,-1,-1,-0.01,-1,-1,-0.01,-1,-1,-0.01,-1,-1,-0.01,-1,-1,-0.01,-1,-1,-0.01,-1,-1,-0.01,-1,-1,-0.01,-1,-1,-0.01,-1,-1
99926009,2026-05-18 09:25:21+05:30,53081.65,0,0.0,0,0.0,0.0,53282.15,53308.4,52946.35,53710.35,0,0.0,0.0,0.0,0.0,-0.01,-1,-1,-0.01,-1,-1,-0.01,-1,-1,-0.01,-1,-1,-0.01,-1,-1,-0.01,-1,-1,-0.01,-1,-1,-0.01,-1,-1,-0.01,-1,-1,-0.01,-1,-1
99926009,2026-05-18 09:25:22+05:30,53083.3,0,0.0,0,0.0,0.0,53282.15,53308.4,52946.35,53710.35,0,0.0,0.0,0.0,0.0,-0.01,-1,-1,-0.01,-1,-1,-0.01,-1,-1,-0.01,-1,-1,-0.01,-1,-1,-0.01,-1,-1,-0.01,-1,-1,-0.01,-1,-1,-0.01,-1,-1,-0.01,-1,-1
99926009,2026-05-18 09:25:22+05:30,53078.7,0,0.0,0,0.0,0.0,53282.15,53308.4,52946.35,53710.35,0,0.0,0.0,0.0,0.0,-0.01,-1,-1,-0.01,-1,-1,-0.01,-1,-1,-0.01,-1,-1,-0.01,-1,-1,-0.01,-1,-1,-0.01,-1,-1,-0.01,-1,-1,-0.01,-1,-1,-0.01,-1,-1
99926009,2026-05-18 09:25:23+05:30,53076.0,0,0.0,0,0.0,0.0,53282.15,53308.4,52946.35,53710.35,0,0.0,0.0,0.0,0.0,-0.01,-1,-1,-0.01,-1,-1,-0.01,-1,-1,-0.01,-1,-1,-0.01,-1,-1,-0.01,-1,-1,-0.01,-1,-1,-0.01,-1,-1,-0.01,-1,-1,-0.01,-1,-1
99926009,2026-05-18 09:25:23+05:30,53077.8,0,0.0,0,0.0,0.0,53282.15,53308.4,52946.35,53710.35,0,0.0,0.0,0.0,0.0,-0.01,-1,-1,-0.01,-1,-1,-0.01,-1,-1,-0.01,-1,-1,-0.01,-1,-1,-0.01,-1,-1,-0.01,-1,-1,-0.01,-1,-1,-0.01,-1,-1,-0.01,-1,-1
99926009,2026-05-18 09:25:24+05:30,53077.45,0,0.0,0,0.0,0.0,53282.15,53308.4,52946.35,53710.35,0,0.0,0.0,0.0,0.0,-0.01,-1,-1,-0.01,-1,-1,-0.01,-1,-1,-0.01,-1,-1,-0.01,-1,-1,-0.01,-1,-1,-0.01,-1,-1,-0.01,-1,-1,-0.01,-1,-1,-0.01,-1,-1
99926009,2026-05-18 09:25:24+05:30,53078.4,0,0.0,0,0.0,0.0,53282.15,53308.4,52946.35,53710.35,0,0.0,0.0,0.0,0.0,-0.01,-1,-1,-0.01,-1,-1,-0.01,-1,-1,-0.01,-1,-1,-0.01,-1,-1,-0.01,-1,-1,-0.01,-1,-1,-0.01,-1,-1,-0.01,-1,-1,-0.01,-1,-1
99926009,2026-05-18 09:25:25+05:30,53078.4,0,0.0,0,0.0,0.0,53282.15,53308.4,52946.35,53710.35,0,0.0,0.0,0.0,0.0,-0.01,-1,-1,-0.01,-1,-1,-0.01,-1,-1,-0.01,-1,-1,-0.01,-1,-1,-0.01,-1,-1,-0.01,-1,-1,-0.01,-1,-1,-0.01,-1,-1,-0.01,-1,-1
99926009,2026-05-18 09:25:25+05:30,53081.5,0,0.0,0,0.0,0.0,53282.15,53308.4,52946.35,53710.35,0,0.0,0.0,0.0,0.0,-0.01,-1,-1,-0.01,-1,-1,-0.01,-1,-1,-0.01,-1,-1,-0.01,-1,-1,-0.01,-1,-1,-0.01,-1,-1,-0.01,-1,-1,-0.01,-1,-1,-0.01,-1,-1
99926009,2026-05-18 09:25:26+05:30,53074.3,0,0.0,0,0.0,0.0,53282.15,53308.4,52946.35,53710.35,0,0.0,0.0,0.0,0.0,-0.01,-1,-1,-0.01,-1,-1,-0.01,-1,-1,-0.01,-1,-1,-0.01,-1,-1,-0.01,-1,-1,-0.01,-1,-1,-0.01,-1,-1,-0.01,-1,-1,-0.01,-1,-1
99926009,2026-05-18 09:25:26+05:30,53077.75,0,0.0,0,0.0,0.0,53282.15,53308.4,52946.35,53710.35,0,0.0,0.0,0.0,0.0,-0.01,-1,-1,-0.01,-1,-1,-0.01,-1,-1,-0.01,-1,-1,-0.01,-1,-1,-0.01,-1,-1,-0.01,-1,-1,-0.01,-1,-1,-0.01,-1,-1,-0.01,-1,-1
99926009,2026-05-18 09:25:27+05:30,53076.15,0,0.0,0,0.0,0.0,53282.15,53308.4,52946.35,53710.35,0,0.0,0.0,0.0,0.0,-0.01,-1,-1,-0.01,-1,-1,-0.01,-1,-1,-0.01,-1,-1,-0.01,-1,-1,-0.01,-1,-1,-0.01,-1,-1,-0.01,-1,-1,-0.01,-1,-1,-0.01,-1,-1
99926009,2026-05-18 09:25:27+05:30,53078.85,0,0.0,0,0.0,0.0,53282.15,53308.4,52946.35,53710.35,0,0.0,0.0,0.0,0.0,-0.01,-1,-1,-0.01,-1,-1,-0.01,-1,-1,-0.01,-1,-1,-0.01,-1,-1,-0.01,-1,-1,-0.01,-1,-1,-0.01,-1,-1,-0.01,-1,-1,-0.01,-1,-1
99926009,2026-05-18 09:25:28+05:30,53073.0,0,0.0,0,0.0,0.0,53282.15,53308.4,52946.35,53710.35,0,0.0,0.0,0.0,0.0,-0.01,-1,-1,-0.01,-1,-1,-0.01,-1,-1,-0.01,-1,-1,-0.01,-1,-1,-0.01,-1,-1,-0.01,-1,-1,-0.01,-1,-1,-0.01,-1,-1,-0.01,-1,-1
99926009,2026-05-18 09:25:28+05:30,53079.0,0,0.0,0,0.0,0.0,53282.15,53308.4,52946.35,53710.35,0,0.0,0.0,0.0,0.0,-0.01,-1,-1,-0.01,-1,-1,-0.01,-1,-1,-0.01,-1,-1,-0.01,-1,-1,-0.01,-1,-1,-0.01,-1,-1,-0.01,-1,-1,-0.01,-1,-1,-0.01,-1,-1
99926009,2026-05-18 09:25:29+05:30,53078.25,0,0.0,0,0.0,0.0,53282.15,53308.4,52946.35,53710.35,0,0.0,0.0,0.0,0.0,-0.01,-1,-1,-0.01,-1,-1,-0.01,-1,-1,-0.01,-1,-1,-0.01,-1,-1,-0.01,-1,-1,-0.01,-1,-1,-0.01,-1,-1,-0.01,-1,-1,-0.01,-1,-1
99926009,2026-05-18 09:25:29+05:30,53078.5,0,0.0,0,0.0,0.0,53282.15,53308.4,52946.35,53710.35,0,0.0,0.0,0.0,0.0,-0.01,-1,-1,-0.01,-1,-1,-0.01,-1,-1,-0.01,-1,-1,-0.01,-1,-1,-0.01,-1,-1,-0.01,-1,-1,-0.01,-1,-1,-0.01,-1,-1,-0.01,-1,-1
99926009,2026-05-18 09:25:30+05:30,53076.25,0,0.0,0,0.0,0.0,53282.15,53308.4,52946.35,53710.35,0,0.0,0.0,0.0,0.0,-0.01,-1,-1,-0.01,-1,-1,-0.01,-1,-1,-0.01,-1,-1,-0.01,-1,-1,-0.01,-1,-1,-0.01,-1,-1,-0.01,-1,-1,-0.01,-1,-1,-0.01,-1,-1
99926009,2026-05-18 09:25:30+05:30,53077.6,0,0.0,0,0.0,0.0,53282.15,53308.4,52946.35,53710.35,0,0.0,0.0,0.0,0.0,-0.01,-1,-1,-0.01,-1,-1,-0.01,-1,-1,-0.01,-1,-1,-0.01,-1,-1,-0.01,-1,-1,-0.01,-1,-1,-0.01,-1,-1,-0.01,-1,-1,-0.01,-1,-1
99926009,2026-05-18 09:25:31+05:30,53080.3,0,0.0,0,0.0,0.0,53282.15,53308.4,52946.35,53710.35,0,0.0,0.0,0.0,0.0,-0.01,-1,-1,-0.01,-1,-1,-0.01,-1,-1,-0.01,-1,-1,-0.01,-1,-1,-0.01,-1,-1,-0.01,-1,-1,-0.01,-1,-1,-0.01,-1,-1,-0.01,-1,-1
99926009,2026-05-18 09:25:31+05:30,53077.15,0,0.0,0,0.0,0.0,53282.15,53308.4,52946.35,53710.35,0,0.0,0.0,0.0,0.0,-0.01,-1,-1,-0.01,-1,-1,-0.01,-1,-1,-0.01,-1,-1,-0.01,-1,-1,-0.01,-1,-1,-0.01,-1,-1,-0.01,-1,-1,-0.01,-1,-1,-0.01,-1,-1
99926009,2026-05-18 09:25:32+05:30,53078.35,0,0.0,0,0.0,0.0,53282.15,53308.4,52946.35,53710.35,0,0.0,0.0,0.0,0.0,-0.01,-1,-1,-0.01,-1,-1,-0.01,-1,-1,-0.01,-1,-1,-0.01,-1,-1,-0.01,-1,-1,-0.01,-1,-1,-0.01,-1,-1,-0.01,-1,-1,-0.01,-1,-1
99926009,2026-05-18 09:25:32+05:30,53074.65,0,0.0,0,0.0,0.0,53282.15,53308.4,52946.35,53710.35,0,0.0,0.0,0.0,0.0,-0.01,-1,-1,-0.01,-1,-1,-0.01,-1,-1,-0.01,-1,-1,-0.01,-1,-1,-0.01,-1,-1,-0.01,-1,-1,-0.01,-1,-1,-0.01,-1,-1,-0.01,-1,-1
99926009,2026-05-18 09:25:33+05:30,53071.55,0,0.0,0,0.0,0.0,53282.15,53308.4,52946.35,53710.35,0,0.0,0.0,0.0,0.0,-0.01,-1,-1,-0.01,-1,-1,-0.01,-1,-1,-0.01,-1,-1,-0.01,-1,-1,-0.01,-1,-1,-0.01,-1,-1,-0.01,-1,-1,-0.01,-1,-1,-0.01,-1,-1
99926009,2026-05-18 09:25:33+05:30,53072.85,0,0.0,0,0.0,0.0,53282.15,53308.4,52946.35,53710.35,0,0.0,0.0,0.0,0.0,-0.01,-1,-1,-0.01,-1,-1,-0.01,-1,-1,-0.01,-1,-1,-0.01,-1,-1,-0.01,-1,-1,-0.01,-1,-1,-0.01,-1,-1,-0.01,-1,-1,-0.01,-1,-1
99926009,2026-05-18 09:25:34+05:30,53076.2,0,0.0,0,0.0,0.0,53282.15,53308.4,52946.35,53710.35,0,0.0,0.0,0.0,0.0,-0.01,-1,-1,-0.01,-1,-1,-0.01,-1,-1,-0.01,-1,-1,-0.01,-1,-1,-0.01,-1,-1,-0.01,-1,-1,-0.01,-1,-1,-0.01,-1,-1,-0.01,-1,-1
99926009,2026-05-18 09:25:34+05:30,53067.85,0,0.0,0,0.0,0.0,53282.15,53308.4,52946.35,53710.35,0,0.0,0.0,0.0,0.0,-0.01,-1,-1,-0.01,-1,-1,-0.01,-1,-1,-0.01,-1,-1,-0.01,-1,-1,-0.01,-1,-1,-0.01,-1,-1,-0.01,-1,-1,-0.01,-1,-1,-0.01,-1,-1
99926009,2026-05-18 09:25:35+05:30,53066.5,0,0.0,0,0.0,0.0,53282.15,53308.4,52946.35,53710.35,0,0.0,0.0,0.0,0.0,-0.01,-1,-1,-0.01,-1,-1,-0.01,-1,-1,-0.01,-1,-1,-0.01,-1,-1,-0.01,-1,-1,-0.01,-1,-1,-0.01,-1,-1,-0.01,-1,-1,-0.01,-1,-1
99926009,2026-05-18 09:25:35+05:30,53068.75,0,0.0,0,0.0,0.0,53282.15,53308.4,52946.35,53710.35,0,0.0,0.0,0.0,0.0,-0.01,-1,-1,-0.01,-1,-1,-0.01,-1,-1,-0.01,-1,-1,-0.01,-1,-1,-0.01,-1,-1,-0.01,-1,-1,-0.01,-1,-1,-0.01,-1,-1,-0.01,-1,-1
99926009,2026-05-18 09:25:36+05:30,53071.2,0,0.0,0,0.0,0.0,53282.15,53308.4,52946.35,53710.35,0,0.0,0.0,0.0,0.0,-0.01,-1,-1,-0.01,-1,-1,-0.01,-1,-1,-0.01,-1,-1,-0.01,-1,-1,-0.01,-1,-1,-0.01,-1,-1,-0.01,-1,-1,-0.01,-1,-1,-0.01,-1,-1
99926009,2026-05-18 09:25:36+05:30,53066.7,0,0.0,0,0.0,0.0,53282.15,53308.4,52946.35,53710.35,0,0.0,0.0,0.0,0.0,-0.01,-1,-1,-0.01,-1,-1,-0.01,-1,-1,-0.01,-1,-1,-0.01,-1,-1,-0.01,-1,-1,-0.01,-1,-1,-0.01,-1,-1,-0.01,-1,-1,-0.01,-1,-1
99926009,2026-05-18 09:25:37+05:30,53061.7,0,0.0,0,0.0,0.0,53282.15,53308.4,52946.35,53710.35,0,0.0,0.0,0.0,0.0,-0.01,-1,-1,-0.01,-1,-1,-0.01,-1,-1,-0.01,-1,-1,-0.01,-1,-1,-0.01,-1,-1,-0.01,-1,-1,-0.01,-1,-1,-0.01,-1,-1,-0.01,-1,-1
99926009,2026-05-18 09:25:37+05:30,53064.65,0,0.0,0,0.0,0.0,53282.15,53308.4,52946.35,53710.35,0,0.0,0.0,0.0,0.0,-0.01,-1,-1,-0.01,-1,-1,-0.01,-1,-1,-0.01,-1,-1,-0.01,-1,-1,-0.01,-1,-1,-0.01,-1,-1,-0.01,-1,-1,-0.01,-1,-1,-0.01,-1,-1
99926009,2026-05-18 09:25:38+05:30,53068.15,0,0.0,0,0.0,0.0,53282.15,53308.4,52946.35,53710.35,0,0.0,0.0,0.0,0.0,-0.01,-1,-1,-0.01,-1,-1,-0.01,-1,-1,-0.01,-1,-1,-0.01,-1,-1,-0.01,-1,-1,-0.01,-1,-1,-0.01,-1,-1,-0.01,-1,-1,-0.01,-1,-1
99926009,2026-05-18 09:25:38+05:30,53069.55,0,0.0,0,0.0,0.0,53282.15,53308.4,52946.35,53710.35,0,0.0,0.0,0.0,0.0,-0.01,-1,-1,-0.01,-1,-1,-0.01,-1,-1,-0.01,-1,-1,-0.01,-1,-1,-0.01,-1,-1,-0.01,-1,-1,-0.01,-1,-1,-0.01,-1,-1,-0.01,-1,-1
99926009,2026-05-18 09:25:39+05:30,53068.6,0,0.0,0,0.0,0.0,53282.15,53308.4,52946.35,53710.35,0,0.0,0.0,0.0,0.0,-0.01,-1,-1,-0.01,-1,-1,-0.01,-1,-1,-0.01,-1,-1,-0.01,-1,-1,-0.01,-1,-1,-0.01,-1,-1,-0.01,-1,-1,-0.01,-1,-1,-0.01,-1,-1
99926009,2026-05-18 09:25:39+05:30,53068.75,0,0.0,0,0.0,0.0,53282.15,53308.4,52946.35,53710.35,0,0.0,0.0,0.0,0.0,-0.01,-1,-1,-0.01,-1,-1,-0.01,-1,-1,-0.01,-1,-1,-0.01,-1,-1,-0.01,-1,-1,-0.01,-1,-1,-0.01,-1,-1,-0.01,-1,-1,-0.01,-1,-1
99926009,2026-05-18 09:25:40+05:30,53067.05,0,0.0,0,0.0,0.0,53282.15,53308.4,52946.35,53710.35,0,0.0,0.0,0.0,0.0,-0.01,-1,-1,-0.01,-1,-1,-0.01,-1,-1,-0.01,-1,-1,-0.01,-1,-1,-0.01,-1,-1,-0.01,-1,-1,-0.01,-1,-1,-0.01,-1,-1,-0.01,-1,-1
99926009,2026-05-18 09:25:40+05:30,53067.05,0,0.0,0,0.0,0.0,53282.15,53308.4,52946.35,53710.35,0,0.0,0.0,0.0,0.0,-0.01,-1,-1,-0.01,-1,-1,-0.01,-1,-1,-0.01,-1,-1,-0.01,-1,-1,-0.01,-1,-1,-0.01,-1,-1,-0.01,-1,-1,-0.01,-1,-1,-0.01,-1,-1
99926009,2026-05-18 09:25:41+05:30,53069.25,0,0.0,0,0.0,0.0,53282.15,53308.4,52946.35,53710.35,0,0.0,0.0,0.0,0.0,-0.01,-1,-1,-0.01,-1,-1,-0.01,-1,-1,-0.01,-1,-1,-0.01,-1,-1,-0.01,-1,-1,-0.01,-1,-1,-0.01,-1,-1,-0.01,-1,-1,-0.01,-1,-1
99926009,2026-05-18 09:25:41+05:30,53068.15,0,0.0,0,0.0,0.0,53282.15,53308.4,52946.35,53710.35,0,0.0,0.0,0.0,0.0,-0.01,-1,-1,-0.01,-1,-1,-0.01,-1,-1,-0.01,-1,-1,-0.01,-1,-1,-0.01,-1,-1,-0.01,-1,-1,-0.01,-1,-1,-0.01,-1,-1,-0.01,-1,-1
99926009,2026-05-18 09:25:42+05:30,53063.7,0,0.0,0,0.0,0.0,53282.15,53308.4,52946.35,53710.35,0,0.0,0.0,0.0,0.0,-0.01,-1,-1,-0.01,-1,-1,-0.01,-1,-1,-0.01,-1,-1,-0.01,-1,-1,-0.01,-1,-1,-0.01,-1,-1,-0.01,-1,-1,-0.01,-1,-1,-0.01,-1,-1
99926009,2026-05-18 09:25:42+05:30,53066.4,0,0.0,0,0.0,0.0,53282.15,53308.4,52946.35,53710.35,0,0.0,0.0,0.0,0.0,-0.01,-1,-1,-0.01,-1,-1,-0.01,-1,-1,-0.01,-1,-1,-0.01,-1,-1,-0.01,-1,-1,-0.01,-1,-1,-0.01,-1,-1,-0.01,-1,-1,-0.01,-1,-1
99926009,2026-05-18 09:25:43+05:30,53064.45,0,0.0,0,0.0,0.0,53282.15,53308.4,52946.35,53710.35,0,0.0,0.0,0.0,0.0,-0.01,-1,-1,-0.01,-1,-1,-0.01,-1,-1,-0.01,-1,-1,-0.01,-1,-1,-0.01,-1,-1,-0.01,-1,-1,-0.01,-1,-1,-0.01,-1,-1,-0.01,-1,-1
99926009,2026-05-18 09:25:43+05:30,53063.15,0,0.0,0,0.0,0.0,53282.15,53308.4,52946.35,53710.35,0,0.0,0.0,0.0,0.0,-0.01,-1,-1,-0.01,-1,-1,-0.01,-1,-1,-0.01,-1,-1,-0.01,-1,-1,-0.01,-1,-1,-0.01,-1,-1,-0.01,-1,-1,-0.01,-1,-1,-0.01,-1,-1
99926009,2026-05-18 09:25:44+05:30,53064.7,0,0.0,0,0.0,0.0,53282.15,53308.4,52946.35,53710.35,0,0.0,0.0,0.0,0.0,-0.01,-1,-1,-0.01,-1,-1,-0.01,-1,-1,-0.01,-1,-1,-0.01,-1,-1,-0.01,-1,-1,-0.01,-1,-1,-0.01,-1,-1,-0.01,-1,-1,-0.01,-1,-1
99926009,2026-05-18 09:25:44+05:30,53068.7,0,0.0,0,0.0,0.0,53282.15,53308.4,52946.35,53710.35,0,0.0,0.0,0.0,0.0,-0.01,-1,-1,-0.01,-1,-1,-0.01,-1,-1,-0.01,-1,-1,-0.01,-1,-1,-0.01,-1,-1,-0.01,-1,-1,-0.01,-1,-1,-0.01,-1,-1,-0.01,-1,-1
99926009,2026-05-18 09:25:45+05:30,53062.9,0,0.0,0,0.0,0.0,53282.15,53308.4,52946.35,53710.35,0,0.0,0.0,0.0,0.0,-0.01,-1,-1,-0.01,-1,-1,-0.01,-1,-1,-0.01,-1,-1,-0.01,-1,-1,-0.01,-1,-1,-0.01,-1,-1,-0.01,-1,-1,-0.01,-1,-1,-0.01,-1,-1
99926009,2026-05-18 09:25:45+05:30,53068.65,0,0.0,0,0.0,0.0,53282.15,53308.4,52946.35,53710.35,0,0.0,0.0,0.0,0.0,-0.01,-1,-1,-0.01,-1,-1,-0.01,-1,-1,-0.01,-1,-1,-0.01,-1,-1,-0.01,-1,-1,-0.01,-1,-1,-0.01,-1,-1,-0.01,-1,-1,-0.01,-1,-1
99926009,2026-05-18 09:25:46+05:30,53068.75,0,0.0,0,0.0,0.0,53282.15,53308.4,52946.35,53710.35,0,0.0,0.0,0.0,0.0,-0.01,-1,-1,-0.01,-1,-1,-0.01,-1,-1,-0.01,-1,-1,-0.01,-1,-1,-0.01,-1,-1,-0.01,-1,-1,-0.01,-1,-1,-0.01,-1,-1,-0.01,-1,-1
99926009,2026-05-18 09:25:46+05:30,53067.8,0,0.0,0,0.0,0.0,53282.15,53308.4,52946.35,53710.35,0,0.0,0.0,0.0,0.0,-0.01,-1,-1,-0.01,-1,-1,-0.01,-1,-1,-0.01,-1,-1,-0.01,-1,-1,-0.01,-1,-1,-0.01,-1,-1,-0.01,-1,-1,-0.01,-1,-1,-0.01,-1,-1
99926009,2026-05-18 09:25:47+05:30,53064.45,0,0.0,0,0.0,0.0,53282.15,53308.4,52946.35,53710.35,0,0.0,0.0,0.0,0.0,-0.01,-1,-1,-0.01,-1,-1,-0.01,-1,-1,-0.01,-1,-1,-0.01,-1,-1,-0.01,-1,-1,-0.01,-1,-1,-0.01,-1,-1,-0.01,-1,-1,-0.01,-1,-1
99926009,2026-05-18 09:25:47+05:30,53068.1,0,0.0,0,0.0,0.0,53282.15,53308.4,52946.35,53710.35,0,0.0,0.0,0.0,0.0,-0.01,-1,-1,-0.01,-1,-1,-0.01,-1,-1,-0.01,-1,-1,-0.01,-1,-1,-0.01,-1,-1,-0.01,-1,-1,-0.01,-1,-1,-0.01,-1,-1,-0.01,-1,-1
99926009,2026-05-18 09:25:48+05:30,53069.45,0,0.0,0,0.0,0.0,53282.15,53308.4,52946.35,53710.35,0,0.0,0.0,0.0,0.0,-0.01,-1,-1,-0.01,-1,-1,-0.01,-1,-1,-0.01,-1,-1,-0.01,-1,-1,-0.01,-1,-1,-0.01,-1,-1,-0.01,-1,-1,-0.01,-1,-1,-0.01,-1,-1
99926009,2026-05-18 09:25:48+05:30,53063.9,0,0.0,0,0.0,0.0,53282.15,53308.4,52946.35,53710.35,0,0.0,0.0,0.0,0.0,-0.01,-1,-1,-0.01,-1,-1,-0.01,-1,-1,-0.01,-1,-1,-0.01,-1,-1,-0.01,-1,-1,-0.01,-1,-1,-0.01,-1,-1,-0.01,-1,-1,-0.01,-1,-1
99926009,2026-05-18 09:25:49+05:30,53062.55,0,0.0,0,0.0,0.0,53282.15,53308.4,52946.35,53710.35,0,0.0,0.0,0.0,0.0,-0.01,-1,-1,-0.01,-1,-1,-0.01,-1,-1,-0.01,-1,-1,-0.01,-1,-1,-0.01,-1,-1,-0.01,-1,-1,-0.01,-1,-1,-0.01,-1,-1,-0.01,-1,-1
99926009,2026-05-18 09:25:49+05:30,53062.1,0,0.0,0,0.0,0.0,53282.15,53308.4,52946.35,53710.35,0,0.0,0.0,0.0,0.0,-0.01,-1,-1,-0.01,-1,-1,-0.01,-1,-1,-0.01,-1,-1,-0.01,-1,-1,-0.01,-1,-1,-0.01,-1,-1,-0.01,-1,-1,-0.01,-1,-1,-0.01,-1,-1
99926009,2026-05-18 09:25:50+05:30,53064.65,0,0.0,0,0.0,0.0,53282.15,53308.4,52946.35,53710.35,0,0.0,0.0,0.0,0.0,-0.01,-1,-1,-0.01,-1,-1,-0.01,-1,-1,-0.01,-1,-1,-0.01,-1,-1,-0.01,-1,-1,-0.01,-1,-1,-0.01,-1,-1,-0.01,-1,-1,-0.01,-1,-1
99926009,2026-05-18 09:25:50+05:30,53068.65,0,0.0,0,0.0,0.0,53282.15,53308.4,52946.35,53710.35,0,0.0,0.0,0.0,0.0,-0.01,-1,-1,-0.01,-1,-1,-0.01,-1,-1,-0.01,-1,-1,-0.01,-1,-1,-0.01,-1,-1,-0.01,-1,-1,-0.01,-1,-1,-0.01,-1,-1,-0.01,-1,-1
99926009,2026-05-18 09:25:51+05:30,53068.0,0,0.0,0,0.0,0.0,53282.15,53308.4,52946.35,53710.35,0,0.0,0.0,0.0,0.0,-0.01,-1,-1,-0.01,-1,-1,-0.01,-1,-1,-0.01,-1,-1,-0.01,-1,-1,-0.01,-1,-1,-0.01,-1,-1,-0.01,-1,-1,-0.01,-1,-1,-0.01,-1,-1
99926009,2026-05-18 09:25:51+05:30,53069.3,0,0.0,0,0.0,0.0,53282.15,53308.4,52946.35,53710.35,0,0.0,0.0,0.0,0.0,-0.01,-1,-1,-0.01,-1,-1,-0.01,-1,-1,-0.01,-1,-1,-0.01,-1,-1,-0.01,-1,-1,-0.01,-1,-1,-0.01,-1,-1,-0.01,-1,-1,-0.01,-1,-1
99926009,2026-05-18 09:25:52+05:30,53070.15,0,0.0,0,0.0,0.0,53282.15,53308.4,52946.35,53710.35,0,0.0,0.0,0.0,0.0,-0.01,-1,-1,-0.01,-1,-1,-0.01,-1,-1,-0.01,-1,-1,-0.01,-1,-1,-0.01,-1,-1,-0.01,-1,-1,-0.01,-1,-1,-0.01,-1,-1,-0.01,-1,-1
99926009,2026-05-18 09:25:52+05:30,53068.85,0,0.0,0,0.0,0.0,53282.15,53308.4,52946.35,53710.35,0,0.0,0.0,0.0,0.0,-0.01,-1,-1,-0.01,-1,-1,-0.01,-1,-1,-0.01,-1,-1,-0.01,-1,-1,-0.01,-1,-1,-0.01,-1,-1,-0.01,-1,-1,-0.01,-1,-1,-0.01,-1,-1
99926009,2026-05-18 09:25:53+05:30,53068.7,0,0.0,0,0.0,0.0,53282.15,53308.4,52946.35,53710.35,0,0.0,0.0,0.0,0.0,-0.01,-1,-1,-0.01,-1,-1,-0.01,-1,-1,-0.01,-1,-1,-0.01,-1,-1,-0.01,-1,-1,-0.01,-1,-1,-0.01,-1,-1,-0.01,-1,-1,-0.01,-1,-1
99926009,2026-05-18 09:25:53+05:30,53069.15,0,0.0,0,0.0,0.0,53282.15,53308.4,52946.35,53710.35,0,0.0,0.0,0.0,0.0,-0.01,-1,-1,-0.01,-1,-1,-0.01,-1,-1,-0.01,-1,-1,-0.01,-1,-1,-0.01,-1,-1,-0.01,-1,-1,-0.01,-1,-1,-0.01,-1,-1,-0.01,-1,-1
99926009,2026-05-18 09:25:54+05:30,53069.25,0,0.0,0,0.0,0.0,53282.15,53308.4,52946.35,53710.35,0,0.0,0.0,0.0,0.0,-0.01,-1,-1,-0.01,-1,-1,-0.01,-1,-1,-0.01,-1,-1,-0.01,-1,-1,-0.01,-1,-1,-0.01,-1,-1,-0.01,-1,-1,-0.01,-1,-1,-0.01,-1,-1
99926009,2026-05-18 09:25:54+05:30,53068.55,0,0.0,0,0.0,0.0,53282.15,53308.4,52946.35,53710.35,0,0.0,0.0,0.0,0.0,-0.01,-1,-1,-0.01,-1,-1,-0.01,-1,-1,-0.01,-1,-1,-0.01,-1,-1,-0.01,-1,-1,-0.01,-1,-1,-0.01,-1,-1,-0.01,-1,-1,-0.01,-1,-1
99926009,2026-05-18 09:25:55+05:30,53069.35,0,0.0,0,0.0,0.0,53282.15,53308.4,52946.35,53710.35,0,0.0,0.0,0.0,0.0,-0.01,-1,-1,-0.01,-1,-1,-0.01,-1,-1,-0.01,-1,-1,-0.01,-1,-1,-0.01,-1,-1,-0.01,-1,-1,-0.01,-1,-1,-0.01,-1,-1,-0.01,-1,-1
99926009,2026-05-18 09:25:55+05:30,53068.55,0,0.0,0,0.0,0.0,53282.15,53308.4,52946.35,53710.35,0,0.0,0.0,0.0,0.0,-0.01,-1,-1,-0.01,-1,-1,-0.01,-1,-1,-0.01,-1,-1,-0.01,-1,-1,-0.01,-1,-1,-0.01,-1,-1,-0.01,-1,-1,-0.01,-1,-1,-0.01,-1,-1
99926009,2026-05-18 09:25:56+05:30,53063.15,0,0.0,0,0.0,0.0,53282.15,53308.4,52946.35,53710.35,0,0.0,0.0,0.0,0.0,-0.01,-1,-1,-0.01,-1,-1,-0.01,-1,-1,-0.01,-1,-1,-0.01,-1,-1,-0.01,-1,-1,-0.01,-1,-1,-0.01,-1,-1,-0.01,-1,-1,-0.01,-1,-1
99926009,2026-05-18 09:25:56+05:30,53060.95,0,0.0,0,0.0,0.0,53282.15,53308.4,52946.35,53710.35,0,0.0,0.0,0.0,0.0,-0.01,-1,-1,-0.01,-1,-1,-0.01,-1,-1,-0.01,-1,-1,-0.01,-1,-1,-0.01,-1,-1,-0.01,-1,-1,-0.01,-1,-1,-0.01,-1,-1,-0.01,-1,-1
99926009,2026-05-18 09:25:57+05:30,53061.0,0,0.0,0,0.0,0.0,53282.15,53308.4,52946.35,53710.35,0,0.0,0.0,0.0,0.0,-0.01,-1,-1,-0.01,-1,-1,-0.01,-1,-1,-0.01,-1,-1,-0.01,-1,-1,-0.01,-1,-1,-0.01,-1,-1,-0.01,-1,-1,-0.01,-1,-1,-0.01,-1,-1
99926009,2026-05-18 09:25:57+05:30,53059.75,0,0.0,0,0.0,0.0,53282.15,53308.4,52946.35,53710.35,0,0.0,0.0,0.0,0.0,-0.01,-1,-1,-0.01,-1,-1,-0.01,-1,-1,-0.01,-1,-1,-0.01,-1,-1,-0.01,-1,-1,-0.01,-1,-1,-0.01,-1,-1,-0.01,-1,-1,-0.01,-1,-1
99926009,2026-05-18 09:25:58+05:30,53054.65,0,0.0,0,0.0,0.0,53282.15,53308.4,52946.35,53710.35,0,0.0,0.0,0.0,0.0,-0.01,-1,-1,-0.01,-1,-1,-0.01,-1,-1,-0.01,-1,-1,-0.01,-1,-1,-0.01,-1,-1,-0.01,-1,-1,-0.01,-1,-1,-0.01,-1,-1,-0.01,-1,-1
99926009,2026-05-18 09:25:58+05:30,53056.45,0,0.0,0,0.0,0.0,53282.15,53308.4,52946.35,53710.35,0,0.0,0.0,0.0,0.0,-0.01,-1,-1,-0.01,-1,-1,-0.01,-1,-1,-0.01,-1,-1,-0.01,-1,-1,-0.01,-1,-1,-0.01,-1,-1,-0.01,-1,-1,-0.01,-1,-1,-0.01,-1,-1
99926009,2026-05-18 09:25:59+05:30,53052.95,0,0.0,0,0.0,0.0,53282.15,53308.4,52946.35,53710.35,0,0.0,0.0,0.0,0.0,-0.01,-1,-1,-0.01,-1,-1,-0.01,-1,-1,-0.01,-1,-1,-0.01,-1,-1,-0.01,-1,-1,-0.01,-1,-1,-0.01,-1,-1,-0.01,-1,-1,-0.01,-1,-1
99926009,2026-05-18 09:25:59+05:30,53048.75,0,0.0,0,0.0,0.0,53282.15,53308.4,52946.35,53710.35,0,0.0,0.0,0.0,0.0,-0.01,-1,-1,-0.01,-1,-1,-0.01,-1,-1,-0.01,-1,-1,-0.01,-1,-1,-0.01,-1,-1,-0.01,-1,-1,-0.01,-1,-1,-0.01,-1,-1,-0.01,-1,-1
99926009,2026-05-18 09:26:00+05:30,53052.15,0,0.0,0,0.0,0.0,53282.15,53308.4,52946.35,53710.35,0,0.0,0.0,0.0,0.0,-0.01,-1,-1,-0.01,-1,-1,-0.01,-1,-1,-0.01,-1,-1,-0.01,-1,-1,-0.01,-1,-1,-0.01,-1,-1,-0.01,-1,-1,-0.01,-1,-1,-0.01,-1,-1
99926009,2026-05-18 09:26:00+05:30,53054.2,0,0.0,0,0.0,0.0,53282.15,53308.4,52946.35,53710.35,0,0.0,0.0,0.0,0.0,-0.01,-1,-1,-0.01,-1,-1,-0.01,-1,-1,-0.01,-1,-1,-0.01,-1,-1,-0.01,-1,-1,-0.01,-1,-1,-0.01,-1,-1,-0.01,-1,-1,-0.01,-1,-1
99926009,2026-05-18 09:26:01+05:30,53051.1,0,0.0,0,0.0,0.0,53282.15,53308.4,52946.35,53710.35,0,0.0,0.0,0.0,0.0,-0.01,-1,-1,-0.01,-1,-1,-0.01,-1,-1,-0.01,-1,-1,-0.01,-1,-1,-0.01,-1,-1,-0.01,-1,-1,-0.01,-1,-1,-0.01,-1,-1,-0.01,-1,-1
99926009,2026-05-18 09:26:01+05:30,53051.1,0,0.0,0,0.0,0.0,53282.15,53308.4,52946.35,53710.35,0,0.0,0.0,0.0,0.0,-0.01,-1,-1,-0.01,-1,-1,-0.01,-1,-1,-0.01,-1,-1,-0.01,-1,-1,-0.01,-1,-1,-0.01,-1,-1,-0.01,-1,-1,-0.01,-1,-1,-0.01,-1,-1
99926009,2026-05-18 09:26:02+05:30,53044.6,0,0.0,0,0.0,0.0,53282.15,53308.4,52946.35,53710.35,0,0.0,0.0,0.0,0.0,-0.01,-1,-1,-0.01,-1,-1,-0.01,-1,-1,-0.01,-1,-1,-0.01,-1,-1,-0.01,-1,-1,-0.01,-1,-1,-0.01,-1,-1,-0.01,-1,-1,-0.01,-1,-1
99926009,2026-05-18 09:26:02+05:30,53039.75,0,0.0,0,0.0,0.0,53282.15,53308.4,52946.35,53710.35,0,0.0,0.0,0.0,0.0,-0.01,-1,-1,-0.01,-1,-1,-0.01,-1,-1,-0.01,-1,-1,-0.01,-1,-1,-0.01,-1,-1,-0.01,-1,-1,-0.01,-1,-1,-0.01,-1,-1,-0.01,-1,-1
99926009,2026-05-18 09:26:03+05:30,53048.6,0,0.0,0,0.0,0.0,53282.15,53308.4,52946.35,53710.35,0,0.0,0.0,0.0,0.0,-0.01,-1,-1,-0.01,-1,-1,-0.01,-1,-1,-0.01,-1,-1,-0.01,-1,-1,-0.01,-1,-1,-0.01,-1,-1,-0.01,-1,-1,-0.01,-1,-1,-0.01,-1,-1
99926009,2026-05-18 09:26:03+05:30,53049.45,0,0.0,0,0.0,0.0,53282.15,53308.4,52946.35,53710.35,0,0.0,0.0,0.0,0.0,-0.01,-1,-1,-0.01,-1,-1,-0.01,-1,-1,-0.01,-1,-1,-0.01,-1,-1,-0.01,-1,-1,-0.01,-1,-1,-0.01,-1,-1,-0.01,-1,-1,-0.01,-1,-1
99926009,2026-05-18 09:26:04+05:30,53041.05,0,0.0,0,0.0,0.0,53282.15,53308.4,52946.35,53710.35,0,0.0,0.0,0.0,0.0,-0.01,-1,-1,-0.01,-1,-1,-0.01,-1,-1,-0.01,-1,-1,-0.01,-1,-1,-0.01,-1,-1,-0.01,-1,-1,-0.01,-1,-1,-0.01,-1,-1,-0.01,-1,-1
99926009,2026-05-18 09:26:04+05:30,53044.9,0,0.0,0,0.0,0.0,53282.15,53308.4,52946.35,53710.35,0,0.0,0.0,0.0,0.0,-0.01,-1,-1,-0.01,-1,-1,-0.01,-1,-1,-0.01,-1,-1,-0.01,-1,-1,-0.01,-1,-1,-0.01,-1,-1,-0.01,-1,-1,-0.01,-1,-1,-0.01,-1,-1
99926009,2026-05-18 09:26:05+05:30,53038.15,0,0.0,0,0.0,0.0,53282.15,53308.4,52946.35,53710.35,0,0.0,0.0,0.0,0.0,-0.01,-1,-1,-0.01,-1,-1,-0.01,-1,-1,-0.01,-1,-1,-0.01,-1,-1,-0.01,-1,-1,-0.01,-1,-1,-0.01,-1,-1,-0.01,-1,-1,-0.01,-1,-1
99926009,2026-05-18 09:26:05+05:30,53033.8,0,0.0,0,0.0,0.0,53282.15,53308.4,52946.35,53710.35,0,0.0,0.0,0.0,0.0,-0.01,-1,-1,-0.01,-1,-1,-0.01,-1,-1,-0.01,-1,-1,-0.01,-1,-1,-0.01,-1,-1,-0.01,-1,-1,-0.01,-1,-1,-0.01,-1,-1,-0.01,-1,-1
99926009,2026-05-18 09:26:06+05:30,53032.55,0,0.0,0,0.0,0.0,53282.15,53308.4,52946.35,53710.35,0,0.0,0.0,0.0,0.0,-0.01,-1,-1,-0.01,-1,-1,-0.01,-1,-1,-0.01,-1,-1,-0.01,-1,-1,-0.01,-1,-1,-0.01,-1,-1,-0.01,-1,-1,-0.01,-1,-1,-0.01,-1,-1
99926009,2026-05-18 09:26:06+05:30,53035.6,0,0.0,0,0.0,0.0,53282.15,53308.4,52946.35,53710.35,0,0.0,0.0,0.0,0.0,-0.01,-1,-1,-0.01,-1,-1,-0.01,-1,-1,-0.01,-1,-1,-0.01,-1,-1,-0.01,-1,-1,-0.01,-1,-1,-0.01,-1,-1,-0.01,-1,-1,-0.01,-1,-1
99926009,2026-05-18 09:26:07+05:30,53033.3,0,0.0,0,0.0,0.0,53282.15,53308.4,52946.35,53710.35,0,0.0,0.0,0.0,0.0,-0.01,-1,-1,-0.01,-1,-1,-0.01,-1,-1,-0.01,-1,-1,-0.01,-1,-1,-0.01,-1,-1,-0.01,-1,-1,-0.01,-1,-1,-0.01,-1,-1,-0.01,-1,-1
99926009,2026-05-18 09:26:07+05:30,53030.2,0,0.0,0,0.0,0.0,53282.15,53308.4,52946.35,53710.35,0,0.0,0.0,0.0,0.0,-0.01,-1,-1,-0.01,-1,-1,-0.01,-1,-1,-0.01,-1,-1,-0.01,-1,-1,-0.01,-1,-1,-0.01,-1,-1,-0.01,-1,-1,-0.01,-1,-1,-0.01,-1,-1
99926009,2026-05-18 09:26:08+05:30,53033.7,0,0.0,0,0.0,0.0,53282.15,53308.4,52946.35,53710.35,0,0.0,0.0,0.0,0.0,-0.01,-1,-1,-0.01,-1,-1,-0.01,-1,-1,-0.01,-1,-1,-0.01,-1,-1,-0.01,-1,-1,-0.01,-1,-1,-0.01,-1,-1,-0.01,-1,-1,-0.01,-1,-1
99926009,2026-05-18 09:26:08+05:30,53022.85,0,0.0,0,0.0,0.0,53282.15,53308.4,52946.35,53710.35,0,0.0,0.0,0.0,0.0,-0.01,-1,-1,-0.01,-1,-1,-0.01,-1,-1,-0.01,-1,-1,-0.01,-1,-1,-0.01,-1,-1,-0.01,-1,-1,-0.01,-1,-1,-0.01,-1,-1,-0.01,-1,-1
99926009,2026-05-18 09:26:09+05:30,53025.4,0,0.0,0,0.0,0.0,53282.15,53308.4,52946.35,53710.35,0,0.0,0.0,0.0,0.0,-0.01,-1,-1,-0.01,-1,-1,-0.01,-1,-1,-0.01,-1,-1,-0.01,-1,-1,-0.01,-1,-1,-0.01,-1,-1,-0.01,-1,-1,-0.01,-1,-1,-0.01,-1,-1
99926009,2026-05-18 09:26:09+05:30,53018.8,0,0.0,0,0.0,0.0,53282.15,53308.4,52946.35,53710.35,0,0.0,0.0,0.0,0.0,-0.01,-1,-1,-0.01,-1,-1,-0.01,-1,-1,-0.01,-1,-1,-0.01,-1,-1,-0.01,-1,-1,-0.01,-1,-1,-0.01,-1,-1,-0.01,-1,-1,-0.01,-1,-1
99926009,2026-05-18 09:26:10+05:30,53013.75,0,0.0,0,0.0,0.0,53282.15,53308.4,52946.35,53710.35,0,0.0,0.0,0.0,0.0,-0.01,-1,-1,-0.01,-1,-1,-0.01,-1,-1,-0.01,-1,-1,-0.01,-1,-1,-0.01,-1,-1,-0.01,-1,-1,-0.01,-1,-1,-0.01,-1,-1,-0.01,-1,-1
99926009,2026-05-18 09:26:10+05:30,53010.25,0,0.0,0,0.0,0.0,53282.15,53308.4,52946.35,53710.35,0,0.0,0.0,0.0,0.0,-0.01,-1,-1,-0.01,-1,-1,-0.01,-1,-1,-0.01,-1,-1,-0.01,-1,-1,-0.01,-1,-1,-0.01,-1,-1,-0.01,-1,-1,-0.01,-1,-1,-0.01,-1,-1
99926009,2026-05-18 09:26:11+05:30,53013.7,0,0.0,0,0.0,0.0,53282.15,53308.4,52946.35,53710.35,0,0.0,0.0,0.0,0.0,-0.01,-1,-1,-0.01,-1,-1,-0.01,-1,-1,-0.01,-1,-1,-0.01,-1,-1,-0.01,-1,-1,-0.01,-1,-1,-0.01,-1,-1,-0.01,-1,-1,-0.01,-1,-1
99926009,2026-05-18 09:26:11+05:30,53015.45,0,0.0,0,0.0,0.0,53282.15,53308.4,52946.35,53710.35,0,0.0,0.0,0.0,0.0,-0.01,-1,-1,-0.01,-1,-1,-0.01,-1,-1,-0.01,-1,-1,-0.01,-1,-1,-0.01,-1,-1,-0.01,-1,-1,-0.01,-1,-1,-0.01,-1,-1,-0.01,-1,-1
99926009,2026-05-18 09:26:12+05:30,53012.7,0,0.0,0,0.0,0.0,53282.15,53308.4,52946.35,53710.35,0,0.0,0.0,0.0,0.0,-0.01,-1,-1,-0.01,-1,-1,-0.01,-1,-1,-0.01,-1,-1,-0.01,-1,-1,-0.01,-1,-1,-0.01,-1,-1,-0.01,-1,-1,-0.01,-1,-1,-0.01,-1,-1
99926009,2026-05-18 09:26:12+05:30,53011.6,0,0.0,0,0.0,0.0,53282.15,53308.4,52946.35,53710.35,0,0.0,0.0,0.0,0.0,-0.01,-1,-1,-0.01,-1,-1,-0.01,-1,-1,-0.01,-1,-1,-0.01,-1,-1,-0.01,-1,-1,-0.01,-1,-1,-0.01,-1,-1,-0.01,-1,-1,-0.01,-1,-1
99926009,2026-05-18 09:26:13+05:30,53011.55,0,0.0,0,0.0,0.0,53282.15,53308.4,52946.35,53710.35,0,0.0,0.0,0.0,0.0,-0.01,-1,-1,-0.01,-1,-1,-0.01,-1,-1,-0.01,-1,-1,-0.01,-1,-1,-0.01,-1,-1,-0.01,-1,-1,-0.01,-1,-1,-0.01,-1,-1,-0.01,-1,-1
99926009,2026-05-18 09:26:13+05:30,53010.25,0,0.0,0,0.0,0.0,53282.15,53308.4,52946.35,53710.35,0,0.0,0.0,0.0,0.0,-0.01,-1,-1,-0.01,-1,-1,-0.01,-1,-1,-0.01,-1,-1,-0.01,-1,-1,-0.01,-1,-1,-0.01,-1,-1,-0.01,-1,-1,-0.01,-1,-1,-0.01,-1,-1
99926009,2026-05-18 09:26:14+05:30,53012.15,0,0.0,0,0.0,0.0,53282.15,53308.4,52946.35,53710.35,0,0.0,0.0,0.0,0.0,-0.01,-1,-1,-0.01,-1,-1,-0.01,-1,-1,-0.01,-1,-1,-0.01,-1,-1,-0.01,-1,-1,-0.01,-1,-1,-0.01,-1,-1,-0.01,-1,-1,-0.01,-1,-1
99926009,2026-05-18 09:26:14+05:30,53011.45,0,0.0,0,0.0,0.0,53282.15,53308.4,52946.35,53710.35,0,0.0,0.0,0.0,0.0,-0.01,-1,-1,-0.01,-1,-1,-0.01,-1,-1,-0.01,-1,-1,-0.01,-1,-1,-0.01,-1,-1,-0.01,-1,-1,-0.01,-1,-1,-0.01,-1,-1,-0.01,-1,-1
99926009,2026-05-18 09:26:15+05:30,53013.35,0,0.0,0,0.0,0.0,53282.15,53308.4,52946.35,53710.35,0,0.0,0.0,0.0,0.0,-0.01,-1,-1,-0.01,-1,-1,-0.01,-1,-1,-0.01,-1,-1,-0.01,-1,-1,-0.01,-1,-1,-0.01,-1,-1,-0.01,-1,-1,-0.01,-1,-1,-0.01,-1,-1
99926009,2026-05-18 09:26:15+05:30,53011.1,0,0.0,0,0.0,0.0,53282.15,53308.4,52946.35,53710.35,0,0.0,0.0,0.0,0.0,-0.01,-1,-1,-0.01,-1,-1,-0.01,-1,-1,-0.01,-1,-1,-0.01,-1,-1,-0.01,-1,-1,-0.01,-1,-1,-0.01,-1,-1,-0.01,-1,-1,-0.01,-1,-1
99926009,2026-05-18 09:26:16+05:30,53011.8,0,0.0,0,0.0,0.0,53282.15,53308.4,52946.35,53710.35,0,0.0,0.0,0.0,0.0,-0.01,-1,-1,-0.01,-1,-1,-0.01,-1,-1,-0.01,-1,-1,-0.01,-1,-1,-0.01,-1,-1,-0.01,-1,-1,-0.01,-1,-1,-0.01,-1,-1,-0.01,-1,-1
99926009,2026-05-18 09:26:16+05:30,53015.95,0,0.0,0,0.0,0.0,53282.15,53308.4,52946.35,53710.35,0,0.0,0.0,0.0,0.0,-0.01,-1,-1,-0.01,-1,-1,-0.01,-1,-1,-0.01,-1,-1,-0.01,-1,-1,-0.01,-1,-1,-0.01,-1,-1,-0.01,-1,-1,-0.01,-1,-1,-0.01,-1,-1
99926009,2026-05-18 09:26:17+05:30,53020.75,0,0.0,0,0.0,0.0,53282.15,53308.4,52946.35,53710.35,0,0.0,0.0,0.0,0.0,-0.01,-1,-1,-0.01,-1,-1,-0.01,-1,-1,-0.01,-1,-1,-0.01,-1,-1,-0.01,-1,-1,-0.01,-1,-1,-0.01,-1,-1,-0.01,-1,-1,-0.01,-1,-1
99926009,2026-05-18 09:26:17+05:30,53016.65,0,0.0,0,0.0,0.0,53282.15,53308.4,52946.35,53710.35,0,0.0,0.0,0.0,0.0,-0.01,-1,-1,-0.01,-1,-1,-0.01,-1,-1,-0.01,-1,-1,-0.01,-1,-1,-0.01,-1,-1,-0.01,-1,-1,-0.01,-1,-1,-0.01,-1,-1,-0.01,-1,-1
99926009,2026-05-18 09:26:18+05:30,53023.1,0,0.0,0,0.0,0.0,53282.15,53308.4,52946.35,53710.35,0,0.0,0.0,0.0,0.0,-0.01,-1,-1,-0.01,-1,-1,-0.01,-1,-1,-0.01,-1,-1,-0.01,-1,-1,-0.01,-1,-1,-0.01,-1,-1,-0.01,-1,-1,-0.01,-1,-1,-0.01,-1,-1
99926009,2026-05-18 09:26:18+05:30,53020.8,0,0.0,0,0.0,0.0,53282.15,53308.4,52946.35,53710.35,0,0.0,0.0,0.0,0.0,-0.01,-1,-1,-0.01,-1,-1,-0.01,-1,-1,-0.01,-1,-1,-0.01,-1,-1,-0.01,-1,-1,-0.01,-1,-1,-0.01,-1,-1,-0.01,-1,-1,-0.01,-1,-1
99926009,2026-05-18 09:26:19+05:30,53017.15,0,0.0,0,0.0,0.0,53282.15,53308.4,52946.35,53710.35,0,0.0,0.0,0.0,0.0,-0.01,-1,-1,-0.01,-1,-1,-0.01,-1,-1,-0.01,-1,-1,-0.01,-1,-1,-0.01,-1,-1,-0.01,-1,-1,-0.01,-1,-1,-0.01,-1,-1,-0.01,-1,-1
99926009,2026-05-18 09:26:19+05:30,53014.85,0,0.0,0,0.0,0.0,53282.15,53308.4,52946.35,53710.35,0,0.0,0.0,0.0,0.0,-0.01,-1,-1,-0.01,-1,-1,-0.01,-1,-1,-0.01,-1,-1,-0.01,-1,-1,-0.01,-1,-1,-0.01,-1,-1,-0.01,-1,-1,-0.01,-1,-1,-0.01,-1,-1
99926009,2026-05-18 09:26:20+05:30,53013.0,0,0.0,0,0.0,0.0,53282.15,53308.4,52946.35,53710.35,0,0.0,0.0,0.0,0.0,-0.01,-1,-1,-0.01,-1,-1,-0.01,-1,-1,-0.01,-1,-1,-0.01,-1,-1,-0.01,-1,-1,-0.01,-1,-1,-0.01,-1,-1,-0.01,-1,-1,-0.01,-1,-1
99926009,2026-05-18 09:26:20+05:30,53015.45,0,0.0,0,0.0,0.0,53282.15,53308.4,52946.35,53710.35,0,0.0,0.0,0.0,0.0,-0.01,-1,-1,-0.01,-1,-1,-0.01,-1,-1,-0.01,-1,-1,-0.01,-1,-1,-0.01,-1,-1,-0.01,-1,-1,-0.01,-1,-1,-0.01,-1,-1,-0.01,-1,-1
99926009,2026-05-18 09:26:21+05:30,53017.7,0,0.0,0,0.0,0.0,53282.15,53308.4,52946.35,53710.35,0,0.0,0.0,0.0,0.0,-0.01,-1,-1,-0.01,-1,-1,-0.01,-1,-1,-0.01,-1,-1,-0.01,-1,-1,-0.01,-1,-1,-0.01,-1,-1,-0.01,-1,-1,-0.01,-1,-1,-0.01,-1,-1
99926009,2026-05-18 09:26:21+05:30,53016.7,0,0.0,0,0.0,0.0,53282.15,53308.4,52946.35,53710.35,0,0.0,0.0,0.0,0.0,-0.01,-1,-1,-0.01,-1,-1,-0.01,-1,-1,-0.01,-1,-1,-0.01,-1,-1,-0.01,-1,-1,-0.01,-1,-1,-0.01,-1,-1,-0.01,-1,-1,-0.01,-1,-1
99926009,2026-05-18 09:26:22+05:30,53016.35,0,0.0,0,0.0,0.0,53282.15,53308.4,52946.35,53710.35,0,0.0,0.0,0.0,0.0,-0.01,-1,-1,-0.01,-1,-1,-0.01,-1,-1,-0.01,-1,-1,-0.01,-1,-1,-0.01,-1,-1,-0.01,-1,-1,-0.01,-1,-1,-0.01,-1,-1,-0.01,-1,-1
99926009,2026-05-18 09:26:22+05:30,53015.2,0,0.0,0,0.0,0.0,53282.15,53308.4,52946.35,53710.35,0,0.0,0.0,0.0,0.0,-0.01,-1,-1,-0.01,-1,-1,-0.01,-1,-1,-0.01,-1,-1,-0.01,-1,-1,-0.01,-1,-1,-0.01,-1,-1,-0.01,-1,-1,-0.01,-1,-1,-0.01,-1,-1
99926009,2026-05-18 09:26:23+05:30,53018.85,0,0.0,0,0.0,0.0,53282.15,53308.4,52946.35,53710.35,0,0.0,0.0,0.0,0.0,-0.01,-1,-1,-0.01,-1,-1,-0.01,-1,-1,-0.01,-1,-1,-0.01,-1,-1,-0.01,-1,-1,-0.01,-1,-1,-0.01,-1,-1,-0.01,-1,-1,-0.01,-1,-1
99926009,2026-05-18 09:26:23+05:30,53023.85,0,0.0,0,0.0,0.0,53282.15,53308.4,52946.35,53710.35,0,0.0,0.0,0.0,0.0,-0.01,-1,-1,-0.01,-1,-1,-0.01,-1,-1,-0.01,-1,-1,-0.01,-1,-1,-0.01,-1,-1,-0.01,-1,-1,-0.01,-1,-1,-0.01,-1,-1,-0.01,-1,-1
99926009,2026-05-18 09:26:24+05:30,53028.85,0,0.0,0,0.0,0.0,53282.15,53308.4,52946.35,53710.35,0,0.0,0.0,0.0,0.0,-0.01,-1,-1,-0.01,-1,-1,-0.01,-1,-1,-0.01,-1,-1,-0.01,-1,-1,-0.01,-1,-1,-0.01,-1,-1,-0.01,-1,-1,-0.01,-1,-1,-0.01,-1,-1
99926009,2026-05-18 09:26:24+05:30,53026.6,0,0.0,0,0.0,0.0,53282.15,53308.4,52946.35,53710.35,0,0.0,0.0,0.0,0.0,-0.01,-1,-1,-0.01,-1,-1,-0.01,-1,-1,-0.01,-1,-1,-0.01,-1,-1,-0.01,-1,-1,-0.01,-1,-1,-0.01,-1,-1,-0.01,-1,-1,-0.01,-1,-1
99926009,2026-05-18 09:26:25+05:30,53026.2,0,0.0,0,0.0,0.0,53282.15,53308.4,52946.35,53710.35,0,0.0,0.0,0.0,0.0,-0.01,-1,-1,-0.01,-1,-1,-0.01,-1,-1,-0.01,-1,-1,-0.01,-1,-1,-0.01,-1,-1,-0.01,-1,-1,-0.01,-1,-1,-0.01,-1,-1,-0.01,-1,-1
99926009,2026-05-18 09:26:25+05:30,53025.8,0,0.0,0,0.0,0.0,53282.15,53308.4,52946.35,53710.35,0,0.0,0.0,0.0,0.0,-0.01,-1,-1,-0.01,-1,-1,-0.01,-1,-1,-0.01,-1,-1,-0.01,-1,-1,-0.01,-1,-1,-0.01,-1,-1,-0.01,-1,-1,-0.01,-1,-1,-0.01,-1,-1
99926009,2026-05-18 09:26:26+05:30,53025.45,0,0.0,0,0.0,0.0,53282.15,53308.4,52946.35,53710.35,0,0.0,0.0,0.0,0.0,-0.01,-1,-1,-0.01,-1,-1,-0.01,-1,-1,-0.01,-1,-1,-0.01,-1,-1,-0.01,-1,-1,-0.01,-1,-1,-0.01,-1,-1,-0.01,-1,-1,-0.01,-1,-1
99926009,2026-05-18 09:26:26+05:30,53029.05,0,0.0,0,0.0,0.0,53282.15,53308.4,52946.35,53710.35,0,0.0,0.0,0.0,0.0,-0.01,-1,-1,-0.01,-1,-1,-0.01,-1,-1,-0.01,-1,-1,-0.01,-1,-1,-0.01,-1,-1,-0.01,-1,-1,-0.01,-1,-1,-0.01,-1,-1,-0.01,-1,-1
99926009,2026-05-18 09:26:27+05:30,53025.15,0,0.0,0,0.0,0.0,53282.15,53308.4,52946.35,53710.35,0,0.0,0.0,0.0,0.0,-0.01,-1,-1,-0.01,-1,-1,-0.01,-1,-1,-0.01,-1,-1,-0.01,-1,-1,-0.01,-1,-1,-0.01,-1,-1,-0.01,-1,-1,-0.01,-1,-1,-0.01,-1,-1
99926009,2026-05-18 09:26:27+05:30,53022.15,0,0.0,0,0.0,0.0,53282.15,53308.4,52946.35,53710.35,0,0.0,0.0,0.0,0.0,-0.01,-1,-1,-0.01,-1,-1,-0.01,-1,-1,-0.01,-1,-1,-0.01,-1,-1,-0.01,-1,-1,-0.01,-1,-1,-0.01,-1,-1,-0.01,-1,-1,-0.01,-1,-1
99926009,2026-05-18 09:26:28+05:30,53025.1,0,0.0,0,0.0,0.0,53282.15,53308.4,52946.35,53710.35,0,0.0,0.0,0.0,0.0,-0.01,-1,-1,-0.01,-1,-1,-0.01,-1,-1,-0.01,-1,-1,-0.01,-1,-1,-0.01,-1,-1,-0.01,-1,-1,-0.01,-1,-1,-0.01,-1,-1,-0.01,-1,-1
99926009,2026-05-18 09:26:28+05:30,53025.3,0,0.0,0,0.0,0.0,53282.15,53308.4,52946.35,53710.35,0,0.0,0.0,0.0,0.0,-0.01,-1,-1,-0.01,-1,-1,-0.01,-1,-1,-0.01,-1,-1,-0.01,-1,-1,-0.01,-1,-1,-0.01,-1,-1,-0.01,-1,-1,-0.01,-1,-1,-0.01,-1,-1
99926009,2026-05-18 09:26:29+05:30,53020.95,0,0.0,0,0.0,0.0,53282.15,53308.4,52946.35,53710.35,0,0.0,0.0,0.0,0.0,-0.01,-1,-1,-0.01,-1,-1,-0.01,-1,-1,-0.01,-1,-1,-0.01,-1,-1,-0.01,-1,-1,-0.01,-1,-1,-0.01,-1,-1,-0.01,-1,-1,-0.01,-1,-1
99926009,2026-05-18 09:26:29+05:30,53023.15,0,0.0,0,0.0,0.0,53282.15,53308.4,52946.35,53710.35,0,0.0,0.0,0.0,0.0,-0.01,-1,-1,-0.01,-1,-1,-0.01,-1,-1,-0.01,-1,-1,-0.01,-1,-1,-0.01,-1,-1,-0.01,-1,-1,-0.01,-1,-1,-0.01,-1,-1,-0.01,-1,-1
99926009,2026-05-18 09:26:30+05:30,53028.75,0,0.0,0,0.0,0.0,53282.15,53308.4,52946.35,53710.35,0,0.0,0.0,0.0,0.0,-0.01,-1,-1,-0.01,-1,-1,-0.01,-1,-1,-0.01,-1,-1,-0.01,-1,-1,-0.01,-1,-1,-0.01,-1,-1,-0.01,-1,-1,-0.01,-1,-1,-0.01,-1,-1
99926009,2026-05-18 09:26:30+05:30,53027.15,0,0.0,0,0.0,0.0,53282.15,53308.4,52946.35,53710.35,0,0.0,0.0,0.0,0.0,-0.01,-1,-1,-0.01,-1,-1,-0.01,-1,-1,-0.01,-1,-1,-0.01,-1,-1,-0.01,-1,-1,-0.01,-1,-1,-0.01,-1,-1,-0.01,-1,-1,-0.01,-1,-1
99926009,2026-05-18 09:26:31+05:30,53025.25,0,0.0,0,0.0,0.0,53282.15,53308.4,52946.35,53710.35,0,0.0,0.0,0.0,0.0,-0.01,-1,-1,-0.01,-1,-1,-0.01,-1,-1,-0.01,-1,-1,-0.01,-1,-1,-0.01,-1,-1,-0.01,-1,-1,-0.01,-1,-1,-0.01,-1,-1,-0.01,-1,-1
99926009,2026-05-18 09:26:31+05:30,53022.25,0,0.0,0,0.0,0.0,53282.15,53308.4,52946.35,53710.35,0,0.0,0.0,0.0,0.0,-0.01,-1,-1,-0.01,-1,-1,-0.01,-1,-1,-0.01,-1,-1,-0.01,-1,-1,-0.01,-1,-1,-0.01,-1,-1,-0.01,-1,-1,-0.01,-1,-1,-0.01,-1,-1
99926009,2026-05-18 09:26:32+05:30,53020.15,0,0.0,0,0.0,0.0,53282.15,53308.4,52946.35,53710.35,0,0.0,0.0,0.0,0.0,-0.01,-1,-1,-0.01,-1,-1,-0.01,-1,-1,-0.01,-1,-1,-0.01,-1,-1,-0.01,-1,-1,-0.01,-1,-1,-0.01,-1,-1,-0.01,-1,-1,-0.01,-1,-1
99926009,2026-05-18 09:26:32+05:30,53022.85,0,0.0,0,0.0,0.0,53282.15,53308.4,52946.35,53710.35,0,0.0,0.0,0.0,0.0,-0.01,-1,-1,-0.01,-1,-1,-0.01,-1,-1,-0.01,-1,-1,-0.01,-1,-1,-0.01,-1,-1,-0.01,-1,-1,-0.01,-1,-1,-0.01,-1,-1,-0.01,-1,-1
99926009,2026-05-18 09:26:33+05:30,53021.4,0,0.0,0,0.0,0.0,53282.15,53308.4,52946.35,53710.35,0,0.0,0.0,0.0,0.0,-0.01,-1,-1,-0.01,-1,-1,-0.01,-1,-1,-0.01,-1,-1,-0.01,-1,-1,-0.01,-1,-1,-0.01,-1,-1,-0.01,-1,-1,-0.01,-1,-1,-0.01,-1,-1
99926009,2026-05-18 09:26:33+05:30,53018.95,0,0.0,0,0.0,0.0,53282.15,53308.4,52946.35,53710.35,0,0.0,0.0,0.0,0.0,-0.01,-1,-1,-0.01,-1,-1,-0.01,-1,-1,-0.01,-1,-1,-0.01,-1,-1,-0.01,-1,-1,-0.01,-1,-1,-0.01,-1,-1,-0.01,-1,-1,-0.01,-1,-1
99926009,2026-05-18 09:26:34+05:30,53018.0,0,0.0,0,0.0,0.0,53282.15,53308.4,52946.35,53710.35,0,0.0,0.0,0.0,0.0,-0.01,-1,-1,-0.01,-1,-1,-0.01,-1,-1,-0.01,-1,-1,-0.01,-1,-1,-0.01,-1,-1,-0.01,-1,-1,-0.01,-1,-1,-0.01,-1,-1,-0.01,-1,-1
99926009,2026-05-18 09:26:34+05:30,53022.45,0,0.0,0,0.0,0.0,53282.15,53308.4,52946.35,53710.35,0,0.0,0.0,0.0,0.0,-0.01,-1,-1,-0.01,-1,-1,-0.01,-1,-1,-0.01,-1,-1,-0.01,-1,-1,-0.01,-1,-1,-0.01,-1,-1,-0.01,-1,-1,-0.01,-1,-1,-0.01,-1,-1
99926009,2026-05-18 09:26:35+05:30,53019.45,0,0.0,0,0.0,0.0,53282.15,53308.4,52946.35,53710.35,0,0.0,0.0,0.0,0.0,-0.01,-1,-1,-0.01,-1,-1,-0.01,-1,-1,-0.01,-1,-1,-0.01,-1,-1,-0.01,-1,-1,-0.01,-1,-1,-0.01,-1,-1,-0.01,-1,-1,-0.01,-1,-1
99926009,2026-05-18 09:26:35+05:30,53025.4,0,0.0,0,0.0,0.0,53282.15,53308.4,52946.35,53710.35,0,0.0,0.0,0.0,0.0,-0.01,-1,-1,-0.01,-1,-1,-0.01,-1,-1,-0.01,-1,-1,-0.01,-1,-1,-0.01,-1,-1,-0.01,-1,-1,-0.01,-1,-1,-0.01,-1,-1,-0.01,-1,-1
99926009,2026-05-18 09:26:36+05:30,53022.3,0,0.0,0,0.0,0.0,53282.15,53308.4,52946.35,53710.35,0,0.0,0.0,0.0,0.0,-0.01,-1,-1,-0.01,-1,-1,-0.01,-1,-1,-0.01,-1,-1,-0.01,-1,-1,-0.01,-1,-1,-0.01,-1,-1,-0.01,-1,-1,-0.01,-1,-1,-0.01,-1,-1
99926009,2026-05-18 09:26:36+05:30,53024.05,0,0.0,0,0.0,0.0,53282.15,53308.4,52946.35,53710.35,0,0.0,0.0,0.0,0.0,-0.01,-1,-1,-0.01,-1,-1,-0.01,-1,-1,-0.01,-1,-1,-0.01,-1,-1,-0.01,-1,-1,-0.01,-1,-1,-0.01,-1,-1,-0.01,-1,-1,-0.01,-1,-1
99926009,2026-05-18 09:26:37+05:30,53020.05,0,0.0,0,0.0,0.0,53282.15,53308.4,52946.35,53710.35,0,0.0,0.0,0.0,0.0,-0.01,-1,-1,-0.01,-1,-1,-0.01,-1,-1,-0.01,-1,-1,-0.01,-1,-1,-0.01,-1,-1,-0.01,-1,-1,-0.01,-1,-1,-0.01,-1,-1,-0.01,-1,-1
99926009,2026-05-18 09:26:37+05:30,53020.85,0,0.0,0,0.0,0.0,53282.15,53308.4,52946.35,53710.35,0,0.0,0.0,0.0,0.0,-0.01,-1,-1,-0.01,-1,-1,-0.01,-1,-1,-0.01,-1,-1,-0.01,-1,-1,-0.01,-1,-1,-0.01,-1,-1,-0.01,-1,-1,-0.01,-1,-1,-0.01,-1,-1
99926009,2026-05-18 09:26:38+05:30,53023.0,0,0.0,0,0.0,0.0,53282.15,53308.4,52946.35,53710.35,0,0.0,0.0,0.0,0.0,-0.01,-1,-1,-0.01,-1,-1,-0.01,-1,-1,-0.01,-1,-1,-0.01,-1,-1,-0.01,-1,-1,-0.01,-1,-1,-0.01,-1,-1,-0.01,-1,-1,-0.01,-1,-1
99926009,2026-05-18 09:26:38+05:30,53024.45,0,0.0,0,0.0,0.0,53282.15,53308.4,52946.35,53710.35,0,0.0,0.0,0.0,0.0,-0.01,-1,-1,-0.01,-1,-1,-0.01,-1,-1,-0.01,-1,-1,-0.01,-1,-1,-0.01,-1,-1,-0.01,-1,-1,-0.01,-1,-1,-0.01,-1,-1,-0.01,-1,-1
99926009,2026-05-18 09:26:39+05:30,53022.35,0,0.0,0,0.0,0.0,53282.15,53308.4,52946.35,53710.35,0,0.0,0.0,0.0,0.0,-0.01,-1,-1,-0.01,-1,-1,-0.01,-1,-1,-0.01,-1,-1,-0.01,-1,-1,-0.01,-1,-1,-0.01,-1,-1,-0.01,-1,-1,-0.01,-1,-1,-0.01,-1,-1
99926009,2026-05-18 09:26:39+05:30,53023.65,0,0.0,0,0.0,0.0,53282.15,53308.4,52946.35,53710.35,0,0.0,0.0,0.0,0.0,-0.01,-1,-1,-0.01,-1,-1,-0.01,-1,-1,-0.01,-1,-1,-0.01,-1,-1,-0.01,-1,-1,-0.01,-1,-1,-0.01,-1,-1,-0.01,-1,-1,-0.01,-1,-1
99926009,2026-05-18 09:26:40+05:30,53023.6,0,0.0,0,0.0,0.0,53282.15,53308.4,52946.35,53710.35,0,0.0,0.0,0.0,0.0,-0.01,-1,-1,-0.01,-1,-1,-0.01,-1,-1,-0.01,-1,-1,-0.01,-1,-1,-0.01,-1,-1,-0.01,-1,-1,-0.01,-1,-1,-0.01,-1,-1,-0.01,-1,-1
99926009,2026-05-18 09:26:40+05:30,53026.0,0,0.0,0,0.0,0.0,53282.15,53308.4,52946.35,53710.35,0,0.0,0.0,0.0,0.0,-0.01,-1,-1,-0.01,-1,-1,-0.01,-1,-1,-0.01,-1,-1,-0.01,-1,-1,-0.01,-1,-1,-0.01,-1,-1,-0.01,-1,-1,-0.01,-1,-1,-0.01,-1,-1
99926009,2026-05-18 09:26:41+05:30,53027.9,0,0.0,0,0.0,0.0,53282.15,53308.4,52946.35,53710.35,0,0.0,0.0,0.0,0.0,-0.01,-1,-1,-0.01,-1,-1,-0.01,-1,-1,-0.01,-1,-1,-0.01,-1,-1,-0.01,-1,-1,-0.01,-1,-1,-0.01,-1,-1,-0.01,-1,-1,-0.01,-1,-1
99926009,2026-05-18 09:26:41+05:30,53026.65,0,0.0,0,0.0,0.0,53282.15,53308.4,52946.35,53710.35,0,0.0,0.0,0.0,0.0,-0.01,-1,-1,-0.01,-1,-1,-0.01,-1,-1,-0.01,-1,-1,-0.01,-1,-1,-0.01,-1,-1,-0.01,-1,-1,-0.01,-1,-1,-0.01,-1,-1,-0.01,-1,-1
99926009,2026-05-18 09:26:42+05:30,53026.35,0,0.0,0,0.0,0.0,53282.15,53308.4,52946.35,53710.35,0,0.0,0.0,0.0,0.0,-0.01,-1,-1,-0.01,-1,-1,-0.01,-1,-1,-0.01,-1,-1,-0.01,-1,-1,-0.01,-1,-1,-0.01,-1,-1,-0.01,-1,-1,-0.01,-1,-1,-0.01,-1,-1
99926009,2026-05-18 09:26:42+05:30,53029.15,0,0.0,0,0.0,0.0,53282.15,53308.4,52946.35,53710.35,0,0.0,0.0,0.0,0.0,-0.01,-1,-1,-0.01,-1,-1,-0.01,-1,-1,-0.01,-1,-1,-0.01,-1,-1,-0.01,-1,-1,-0.01,-1,-1,-0.01,-1,-1,-0.01,-1,-1,-0.01,-1,-1
99926009,2026-05-18 09:26:43+05:30,53029.6,0,0.0,0,0.0,0.0,53282.15,53308.4,52946.35,53710.35,0,0.0,0.0,0.0,0.0,-0.01,-1,-1,-0.01,-1,-1,-0.01,-1,-1,-0.01,-1,-1,-0.01,-1,-1,-0.01,-1,-1,-0.01,-1,-1,-0.01,-1,-1,-0.01,-1,-1,-0.01,-1,-1
99926009,2026-05-18 09:26:43+05:30,53021.5,0,0.0,0,0.0,0.0,53282.15,53308.4,52946.35,53710.35,0,0.0,0.0,0.0,0.0,-0.01,-1,-1,-0.01,-1,-1,-0.01,-1,-1,-0.01,-1,-1,-0.01,-1,-1,-0.01,-1,-1,-0.01,-1,-1,-0.01,-1,-1,-0.01,-1,-1,-0.01,-1,-1
99926009,2026-05-18 09:26:44+05:30,53024.55,0,0.0,0,0.0,0.0,53282.15,53308.4,52946.35,53710.35,0,0.0,0.0,0.0,0.0,-0.01,-1,-1,-0.01,-1,-1,-0.01,-1,-1,-0.01,-1,-1,-0.01,-1,-1,-0.01,-1,-1,-0.01,-1,-1,-0.01,-1,-1,-0.01,-1,-1,-0.01,-1,-1
99926009,2026-05-18 09:26:44+05:30,53018.3,0,0.0,0,0.0,0.0,53282.15,53308.4,52946.35,53710.35,0,0.0,0.0,0.0,0.0,-0.01,-1,-1,-0.01,-1,-1,-0.01,-1,-1,-0.01,-1,-1,-0.01,-1,-1,-0.01,-1,-1,-0.01,-1,-1,-0.01,-1,-1,-0.01,-1,-1,-0.01,-1,-1
99926009,2026-05-18 09:26:45+05:30,53025.8,0,0.0,0,0.0,0.0,53282.15,53308.4,52946.35,53710.35,0,0.0,0.0,0.0,0.0,-0.01,-1,-1,-0.01,-1,-1,-0.01,-1,-1,-0.01,-1,-1,-0.01,-1,-1,-0.01,-1,-1,-0.01,-1,-1,-0.01,-1,-1,-0.01,-1,-1,-0.01,-1,-1
99926009,2026-05-18 09:26:45+05:30,53024.45,0,0.0,0,0.0,0.0,53282.15,53308.4,52946.35,53710.35,0,0.0,0.0,0.0,0.0,-0.01,-1,-1,-0.01,-1,-1,-0.01,-1,-1,-0.01,-1,-1,-0.01,-1,-1,-0.01,-1,-1,-0.01,-1,-1,-0.01,-1,-1,-0.01,-1,-1,-0.01,-1,-1
99926009,2026-05-18 09:26:46+05:30,53026.5,0,0.0,0,0.0,0.0,53282.15,53308.4,52946.35,53710.35,0,0.0,0.0,0.0,0.0,-0.01,-1,-1,-0.01,-1,-1,-0.01,-1,-1,-0.01,-1,-1,-0.01,-1,-1,-0.01,-1,-1,-0.01,-1,-1,-0.01,-1,-1,-0.01,-1,-1,-0.01,-1,-1
99926009,2026-05-18 09:26:46+05:30,53026.15,0,0.0,0,0.0,0.0,53282.15,53308.4,52946.35,53710.35,0,0.0,0.0,0.0,0.0,-0.01,-1,-1,-0.01,-1,-1,-0.01,-1,-1,-0.01,-1,-1,-0.01,-1,-1,-0.01,-1,-1,-0.01,-1,-1,-0.01,-1,-1,-0.01,-1,-1,-0.01,-1,-1
99926009,2026-05-18 09:26:47+05:30,53029.3,0,0.0,0,0.0,0.0,53282.15,53308.4,52946.35,53710.35,0,0.0,0.0,0.0,0.0,-0.01,-1,-1,-0.01,-1,-1,-0.01,-1,-1,-0.01,-1,-1,-0.01,-1,-1,-0.01,-1,-1,-0.01,-1,-1,-0.01,-1,-1,-0.01,-1,-1,-0.01,-1,-1
99926009,2026-05-18 09:26:47+05:30,53030.85,0,0.0,0,0.0,0.0,53282.15,53308.4,52946.35,53710.35,0,0.0,0.0,0.0,0.0,-0.01,-1,-1,-0.01,-1,-1,-0.01,-1,-1,-0.01,-1,-1,-0.01,-1,-1,-0.01,-1,-1,-0.01,-1,-1,-0.01,-1,-1,-0.01,-1,-1,-0.01,-1,-1
99926009,2026-05-18 09:26:48+05:30,53031.8,0,0.0,0,0.0,0.0,53282.15,53308.4,52946.35,53710.35,0,0.0,0.0,0.0,0.0,-0.01,-1,-1,-0.01,-1,-1,-0.01,-1,-1,-0.01,-1,-1,-0.01,-1,-1,-0.01,-1,-1,-0.01,-1,-1,-0.01,-1,-1,-0.01,-1,-1,-0.01,-1,-1
99926009,2026-05-18 09:26:48+05:30,53032.4,0,0.0,0,0.0,0.0,53282.15,53308.4,52946.35,53710.35,0,0.0,0.0,0.0,0.0,-0.01,-1,-1,-0.01,-1,-1,-0.01,-1,-1,-0.01,-1,-1,-0.01,-1,-1,-0.01,-1,-1,-0.01,-1,-1,-0.01,-1,-1,-0.01,-1,-1,-0.01,-1,-1
99926009,2026-05-18 09:26:49+05:30,53030.95,0,0.0,0,0.0,0.0,53282.15,53308.4,52946.35,53710.35,0,0.0,0.0,0.0,0.0,-0.01,-1,-1,-0.01,-1,-1,-0.01,-1,-1,-0.01,-1,-1,-0.01,-1,-1,-0.01,-1,-1,-0.01,-1,-1,-0.01,-1,-1,-0.01,-1,-1,-0.01,-1,-1
99926009,2026-05-18 09:26:49+05:30,53029.05,0,0.0,0,0.0,0.0,53282.15,53308.4,52946.35,53710.35,0,0.0,0.0,0.0,0.0,-0.01,-1,-1,-0.01,-1,-1,-0.01,-1,-1,-0.01,-1,-1,-0.01,-1,-1,-0.01,-1,-1,-0.01,-1,-1,-0.01,-1,-1,-0.01,-1,-1,-0.01,-1,-1
99926009,2026-05-18 09:26:50+05:30,53028.05,0,0.0,0,0.0,0.0,53282.15,53308.4,52946.35,53710.35,0,0.0,0.0,0.0,0.0,-0.01,-1,-1,-0.01,-1,-1,-0.01,-1,-1,-0.01,-1,-1,-0.01,-1,-1,-0.01,-1,-1,-0.01,-1,-1,-0.01,-1,-1,-0.01,-1,-1,-0.01,-1,-1
99926009,2026-05-18 09:26:50+05:30,53030.3,0,0.0,0,0.0,0.0,53282.15,53308.4,52946.35,53710.35,0,0.0,0.0,0.0,0.0,-0.01,-1,-1,-0.01,-1,-1,-0.01,-1,-1,-0.01,-1,-1,-0.01,-1,-1,-0.01,-1,-1,-0.01,-1,-1,-0.01,-1,-1,-0.01,-1,-1,-0.01,-1,-1
99926009,2026-05-18 09:26:51+05:30,53029.1,0,0.0,0,0.0,0.0,53282.15,53308.4,52946.35,53710.35,0,0.0,0.0,0.0,0.0,-0.01,-1,-1,-0.01,-1,-1,-0.01,-1,-1,-0.01,-1,-1,-0.01,-1,-1,-0.01,-1,-1,-0.01,-1,-1,-0.01,-1,-1,-0.01,-1,-1,-0.01,-1,-1
99926009,2026-05-18 09:26:51+05:30,53031.4,0,0.0,0,0.0,0.0,53282.15,53308.4,52946.35,53710.35,0,0.0,0.0,0.0,0.0,-0.01,-1,-1,-0.01,-1,-1,-0.01,-1,-1,-0.01,-1,-1,-0.01,-1,-1,-0.01,-1,-1,-0.01,-1,-1,-0.01,-1,-1,-0.01,-1,-1,-0.01,-1,-1
99926009,2026-05-18 09:26:52+05:30,53032.25,0,0.0,0,0.0,0.0,53282.15,53308.4,52946.35,53710.35,0,0.0,0.0,0.0,0.0,-0.01,-1,-1,-0.01,-1,-1,-0.01,-1,-1,-0.01,-1,-1,-0.01,-1,-1,-0.01,-1,-1,-0.01,-1,-1,-0.01,-1,-1,-0.01,-1,-1,-0.01,-1,-1
99926009,2026-05-18 09:26:52+05:30,53030.3,0,0.0,0,0.0,0.0,53282.15,53308.4,52946.35,53710.35,0,0.0,0.0,0.0,0.0,-0.01,-1,-1,-0.01,-1,-1,-0.01,-1,-1,-0.01,-1,-1,-0.01,-1,-1,-0.01,-1,-1,-0.01,-1,-1,-0.01,-1,-1,-0.01,-1,-1,-0.01,-1,-1
99926009,2026-05-18 09:26:53+05:30,53030.35,0,0.0,0,0.0,0.0,53282.15,53308.4,52946.35,53710.35,0,0.0,0.0,0.0,0.0,-0.01,-1,-1,-0.01,-1,-1,-0.01,-1,-1,-0.01,-1,-1,-0.01,-1,-1,-0.01,-1,-1,-0.01,-1,-1,-0.01,-1,-1,-0.01,-1,-1,-0.01,-1,-1
99926009,2026-05-18 09:26:53+05:30,53034.4,0,0.0,0,0.0,0.0,53282.15,53308.4,52946.35,53710.35,0,0.0,0.0,0.0,0.0,-0.01,-1,-1,-0.01,-1,-1,-0.01,-1,-1,-0.01,-1,-1,-0.01,-1,-1,-0.01,-1,-1,-0.01,-1,-1,-0.01,-1,-1,-0.01,-1,-1,-0.01,-1,-1
99926009,2026-05-18 09:26:54+05:30,53033.35,0,0.0,0,0.0,0.0,53282.15,53308.4,52946.35,53710.35,0,0.0,0.0,0.0,0.0,-0.01,-1,-1,-0.01,-1,-1,-0.01,-1,-1,-0.01,-1,-1,-0.01,-1,-1,-0.01,-1,-1,-0.01,-1,-1,-0.01,-1,-1,-0.01,-1,-1,-0.01,-1,-1
99926009,2026-05-18 09:26:54+05:30,53033.85,0,0.0,0,0.0,0.0,53282.15,53308.4,52946.35,53710.35,0,0.0,0.0,0.0,0.0,-0.01,-1,-1,-0.01,-1,-1,-0.01,-1,-1,-0.01,-1,-1,-0.01,-1,-1,-0.01,-1,-1,-0.01,-1,-1,-0.01,-1,-1,-0.01,-1,-1,-0.01,-1,-1
99926009,2026-05-18 09:26:55+05:30,53039.2,0,0.0,0,0.0,0.0,53282.15,53308.4,52946.35,53710.35,0,0.0,0.0,0.0,0.0,-0.01,-1,-1,-0.01,-1,-1,-0.01,-1,-1,-0.01,-1,-1,-0.01,-1,-1,-0.01,-1,-1,-0.01,-1,-1,-0.01,-1,-1,-0.01,-1,-1,-0.01,-1,-1
99926009,2026-05-18 09:26:55+05:30,53035.4,0,0.0,0,0.0,0.0,53282.15,53308.4,52946.35,53710.35,0,0.0,0.0,0.0,0.0,-0.01,-1,-1,-0.01,-1,-1,-0.01,-1,-1,-0.01,-1,-1,-0.01,-1,-1,-0.01,-1,-1,-0.01,-1,-1,-0.01,-1,-1,-0.01,-1,-1,-0.01,-1,-1
99926009,2026-05-18 09:26:56+05:30,53032.6,0,0.0,0,0.0,0.0,53282.15,53308.4,52946.35,53710.35,0,0.0,0.0,0.0,0.0,-0.01,-1,-1,-0.01,-1,-1,-0.01,-1,-1,-0.01,-1,-1,-0.01,-1,-1,-0.01,-1,-1,-0.01,-1,-1,-0.01,-1,-1,-0.01,-1,-1,-0.01,-1,-1
99926009,2026-05-18 09:26:56+05:30,53035.8,0,0.0,0,0.0,0.0,53282.15,53308.4,52946.35,53710.35,0,0.0,0.0,0.0,0.0,-0.01,-1,-1,-0.01,-1,-1,-0.01,-1,-1,-0.01,-1,-1,-0.01,-1,-1,-0.01,-1,-1,-0.01,-1,-1,-0.01,-1,-1,-0.01,-1,-1,-0.01,-1,-1
99926009,2026-05-18 09:26:57+05:30,53042.7,0,0.0,0,0.0,0.0,53282.15,53308.4,52946.35,53710.35,0,0.0,0.0,0.0,0.0,-0.01,-1,-1,-0.01,-1,-1,-0.01,-1,-1,-0.01,-1,-1,-0.01,-1,-1,-0.01,-1,-1,-0.01,-1,-1,-0.01,-1,-1,-0.01,-1,-1,-0.01,-1,-1
99926009,2026-05-18 09:26:57+05:30,53040.55,0,0.0,0,0.0,0.0,53282.15,53308.4,52946.35,53710.35,0,0.0,0.0,0.0,0.0,-0.01,-1,-1,-0.01,-1,-1,-0.01,-1,-1,-0.01,-1,-1,-0.01,-1,-1,-0.01,-1,-1,-0.01,-1,-1,-0.01,-1,-1,-0.01,-1,-1,-0.01,-1,-1
99926009,2026-05-18 09:26:58+05:30,53036.7,0,0.0,0,0.0,0.0,53282.15,53308.4,52946.35,53710.35,0,0.0,0.0,0.0,0.0,-0.01,-1,-1,-0.01,-1,-1,-0.01,-1,-1,-0.01,-1,-1,-0.01,-1,-1,-0.01,-1,-1,-0.01,-1,-1,-0.01,-1,-1,-0.01,-1,-1,-0.01,-1,-1
99926009,2026-05-18 09:26:58+05:30,53040.9,0,0.0,0,0.0,0.0,53282.15,53308.4,52946.35,53710.35,0,0.0,0.0,0.0,0.0,-0.01,-1,-1,-0.01,-1,-1,-0.01,-1,-1,-0.01,-1,-1,-0.01,-1,-1,-0.01,-1,-1,-0.01,-1,-1,-0.01,-1,-1,-0.01,-1,-1,-0.01,-1,-1
99926009,2026-05-18 09:26:59+05:30,53042.15,0,0.0,0,0.0,0.0,53282.15,53308.4,52946.35,53710.35,0,0.0,0.0,0.0,0.0,-0.01,-1,-1,-0.01,-1,-1,-0.01,-1,-1,-0.01,-1,-1,-0.01,-1,-1,-0.01,-1,-1,-0.01,-1,-1,-0.01,-1,-1,-0.01,-1,-1,-0.01,-1,-1
99926009,2026-05-18 09:26:59+05:30,53041.8,0,0.0,0,0.0,0.0,53282.15,53308.4,52946.35,53710.35,0,0.0,0.0,0.0,0.0,-0.01,-1,-1,-0.01,-1,-1,-0.01,-1,-1,-0.01,-1,-1,-0.01,-1,-1,-0.01,-1,-1,-0.01,-1,-1,-0.01,-1,-1,-0.01,-1,-1,-0.01,-1,-1
99926009,2026-05-18 09:27:00+05:30,53044.2,0,0.0,0,0.0,0.0,53282.15,53308.4,52946.35,53710.35,0,0.0,0.0,0.0,0.0,-0.01,-1,-1,-0.01,-1,-1,-0.01,-1,-1,-0.01,-1,-1,-0.01,-1,-1,-0.01,-1,-1,-0.01,-1,-1,-0.01,-1,-1,-0.01,-1,-1,-0.01,-1,-1
99926009,2026-05-18 09:27:00+05:30,53043.2,0,0.0,0,0.0,0.0,53282.15,53308.4,52946.35,53710.35,0,0.0,0.0,0.0,0.0,-0.01,-1,-1,-0.01,-1,-1,-0.01,-1,-1,-0.01,-1,-1,-0.01,-1,-1,-0.01,-1,-1,-0.01,-1,-1,-0.01,-1,-1,-0.01,-1,-1,-0.01,-1,-1
99926009,2026-05-18 09:27:01+05:30,53040.3,0,0.0,0,0.0,0.0,53282.15,53308.4,52946.35,53710.35,0,0.0,0.0,0.0,0.0,-0.01,-1,-1,-0.01,-1,-1,-0.01,-1,-1,-0.01,-1,-1,-0.01,-1,-1,-0.01,-1,-1,-0.01,-1,-1,-0.01,-1,-1,-0.01,-1,-1,-0.01,-1,-1
99926009,2026-05-18 09:27:01+05:30,53042.9,0,0.0,0,0.0,0.0,53282.15,53308.4,52946.35,53710.35,0,0.0,0.0,0.0,0.0,-0.01,-1,-1,-0.01,-1,-1,-0.01,-1,-1,-0.01,-1,-1,-0.01,-1,-1,-0.01,-1,-1,-0.01,-1,-1,-0.01,-1,-1,-0.01,-1,-1,-0.01,-1,-1
99926009,2026-05-18 09:27:02+05:30,53041.1,0,0.0,0,0.0,0.0,53282.15,53308.4,52946.35,53710.35,0,0.0,0.0,0.0,0.0,-0.01,-1,-1,-0.01,-1,-1,-0.01,-1,-1,-0.01,-1,-1,-0.01,-1,-1,-0.01,-1,-1,-0.01,-1,-1,-0.01,-1,-1,-0.01,-1,-1,-0.01,-1,-1
99926009,2026-05-18 09:27:02+05:30,53042.25,0,0.0,0,0.0,0.0,53282.15,53308.4,52946.35,53710.35,0,0.0,0.0,0.0,0.0,-0.01,-1,-1,-0.01,-1,-1,-0.01,-1,-1,-0.01,-1,-1,-0.01,-1,-1,-0.01,-1,-1,-0.01,-1,-1,-0.01,-1,-1,-0.01,-1,-1,-0.01,-1,-1
99926009,2026-05-18 09:27:03+05:30,53048.3,0,0.0,0,0.0,0.0,53282.15,53308.4,52946.35,53710.35,0,0.0,0.0,0.0,0.0,-0.01,-1,-1,-0.01,-1,-1,-0.01,-1,-1,-0.01,-1,-1,-0.01,-1,-1,-0.01,-1,-1,-0.01,-1,-1,-0.01,-1,-1,-0.01,-1,-1,-0.01,-1,-1
99926009,2026-05-18 09:27:03+05:30,53040.55,0,0.0,0,0.0,0.0,53282.15,53308.4,52946.35,53710.35,0,0.0,0.0,0.0,0.0,-0.01,-1,-1,-0.01,-1,-1,-0.01,-1,-1,-0.01,-1,-1,-0.01,-1,-1,-0.01,-1,-1,-0.01,-1,-1,-0.01,-1,-1,-0.01,-1,-1,-0.01,-1,-1
99926009,2026-05-18 09:27:04+05:30,53047.8,0,0.0,0,0.0,0.0,53282.15,53308.4,52946.35,53710.35,0,0.0,0.0,0.0,0.0,-0.01,-1,-1,-0.01,-1,-1,-0.01,-1,-1,-0.01,-1,-1,-0.01,-1,-1,-0.01,-1,-1,-0.01,-1,-1,-0.01,-1,-1,-0.01,-1,-1,-0.01,-1,-1
99926009,2026-05-18 09:27:04+05:30,53046.0,0,0.0,0,0.0,0.0,53282.15,53308.4,52946.35,53710.35,0,0.0,0.0,0.0,0.0,-0.01,-1,-1,-0.01,-1,-1,-0.01,-1,-1,-0.01,-1,-1,-0.01,-1,-1,-0.01,-1,-1,-0.01,-1,-1,-0.01,-1,-1,-0.01,-1,-1,-0.01,-1,-1
99926009,2026-05-18 09:27:05+05:30,53046.75,0,0.0,0,0.0,0.0,53282.15,53308.4,52946.35,53710.35,0,0.0,0.0,0.0,0.0,-0.01,-1,-1,-0.01,-1,-1,-0.01,-1,-1,-0.01,-1,-1,-0.01,-1,-1,-0.01,-1,-1,-0.01,-1,-1,-0.01,-1,-1,-0.01,-1,-1,-0.01,-1,-1
99926009,2026-05-18 09:27:05+05:30,53047.55,0,0.0,0,0.0,0.0,53282.15,53308.4,52946.35,53710.35,0,0.0,0.0,0.0,0.0,-0.01,-1,-1,-0.01,-1,-1,-0.01,-1,-1,-0.01,-1,-1,-0.01,-1,-1,-0.01,-1,-1,-0.01,-1,-1,-0.01,-1,-1,-0.01,-1,-1,-0.01,-1,-1
99926009,2026-05-18 09:27:06+05:30,53050.1,0,0.0,0,0.0,0.0,53282.15,53308.4,52946.35,53710.35,0,0.0,0.0,0.0,0.0,-0.01,-1,-1,-0.01,-1,-1,-0.01,-1,-1,-0.01,-1,-1,-0.01,-1,-1,-0.01,-1,-1,-0.01,-1,-1,-0.01,-1,-1,-0.01,-1,-1,-0.01,-1,-1
99926009,2026-05-18 09:27:06+05:30,53047.05,0,0.0,0,0.0,0.0,53282.15,53308.4,52946.35,53710.35,0,0.0,0.0,0.0,0.0,-0.01,-1,-1,-0.01,-1,-1,-0.01,-1,-1,-0.01,-1,-1,-0.01,-1,-1,-0.01,-1,-1,-0.01,-1,-1,-0.01,-1,-1,-0.01,-1,-1,-0.01,-1,-1
99926009,2026-05-18 09:27:07+05:30,53041.7,0,0.0,0,0.0,0.0,53282.15,53308.4,52946.35,53710.35,0,0.0,0.0,0.0,0.0,-0.01,-1,-1,-0.01,-1,-1,-0.01,-1,-1,-0.01,-1,-1,-0.01,-1,-1,-0.01,-1,-1,-0.01,-1,-1,-0.01,-1,-1,-0.01,-1,-1,-0.01,-1,-1
99926009,2026-05-18 09:27:07+05:30,53042.5,0,0.0,0,0.0,0.0,53282.15,53308.4,52946.35,53710.35,0,0.0,0.0,0.0,0.0,-0.01,-1,-1,-0.01,-1,-1,-0.01,-1,-1,-0.01,-1,-1,-0.01,-1,-1,-0.01,-1,-1,-0.01,-1,-1,-0.01,-1,-1,-0.01,-1,-1,-0.01,-1,-1
99926009,2026-05-18 09:27:08+05:30,53040.65,0,0.0,0,0.0,0.0,53282.15,53308.4,52946.35,53710.35,0,0.0,0.0,0.0,0.0,-0.01,-1,-1,-0.01,-1,-1,-0.01,-1,-1,-0.01,-1,-1,-0.01,-1,-1,-0.01,-1,-1,-0.01,-1,-1,-0.01,-1,-1,-0.01,-1,-1,-0.01,-1,-1
99926009,2026-05-18 09:27:08+05:30,53041.45,0,0.0,0,0.0,0.0,53282.15,53308.4,52946.35,53710.35,0,0.0,0.0,0.0,0.0,-0.01,-1,-1,-0.01,-1,-1,-0.01,-1,-1,-0.01,-1,-1,-0.01,-1,-1,-0.01,-1,-1,-0.01,-1,-1,-0.01,-1,-1,-0.01,-1,-1,-0.01,-1,-1
99926009,2026-05-18 09:27:09+05:30,53040.8,0,0.0,0,0.0,0.0,53282.15,53308.4,52946.35,53710.35,0,0.0,0.0,0.0,0.0,-0.01,-1,-1,-0.01,-1,-1,-0.01,-1,-1,-0.01,-1,-1,-0.01,-1,-1,-0.01,-1,-1,-0.01,-1,-1,-0.01,-1,-1,-0.01,-1,-1,-0.01,-1,-1
99926009,2026-05-18 09:27:09+05:30,53042.25,0,0.0,0,0.0,0.0,53282.15,53308.4,52946.35,53710.35,0,0.0,0.0,0.0,0.0,-0.01,-1,-1,-0.01,-1,-1,-0.01,-1,-1,-0.01,-1,-1,-0.01,-1,-1,-0.01,-1,-1,-0.01,-1,-1,-0.01,-1,-1,-0.01,-1,-1,-0.01,-1,-1
99926009,2026-05-18 09:27:10+05:30,53041.4,0,0.0,0,0.0,0.0,53282.15,53308.4,52946.35,53710.35,0,0.0,0.0,0.0,0.0,-0.01,-1,-1,-0.01,-1,-1,-0.01,-1,-1,-0.01,-1,-1,-0.01,-1,-1,-0.01,-1,-1,-0.01,-1,-1,-0.01,-1,-1,-0.01,-1,-1,-0.01,-1,-1
99926009,2026-05-18 09:27:10+05:30,53038.65,0,0.0,0,0.0,0.0,53282.15,53308.4,52946.35,53710.35,0,0.0,0.0,0.0,0.0,-0.01,-1,-1,-0.01,-1,-1,-0.01,-1,-1,-0.01,-1,-1,-0.01,-1,-1,-0.01,-1,-1,-0.01,-1,-1,-0.01,-1,-1,-0.01,-1,-1,-0.01,-1,-1
99926009,2026-05-18 09:27:11+05:30,53037.25,0,0.0,0,0.0,0.0,53282.15,53308.4,52946.35,53710.35,0,0.0,0.0,0.0,0.0,-0.01,-1,-1,-0.01,-1,-1,-0.01,-1,-1,-0.01,-1,-1,-0.01,-1,-1,-0.01,-1,-1,-0.01,-1,-1,-0.01,-1,-1,-0.01,-1,-1,-0.01,-1,-1
99926009,2026-05-18 09:27:11+05:30,53035.9,0,0.0,0,0.0,0.0,53282.15,53308.4,52946.35,53710.35,0,0.0,0.0,0.0,0.0,-0.01,-1,-1,-0.01,-1,-1,-0.01,-1,-1,-0.01,-1,-1,-0.01,-1,-1,-0.01,-1,-1,-0.01,-1,-1,-0.01,-1,-1,-0.01,-1,-1,-0.01,-1,-1
99926009,2026-05-18 09:27:12+05:30,53034.15,0,0.0,0,0.0,0.0,53282.15,53308.4,52946.35,53710.35,0,0.0,0.0,0.0,0.0,-0.01,-1,-1,-0.01,-1,-1,-0.01,-1,-1,-0.01,-1,-1,-0.01,-1,-1,-0.01,-1,-1,-0.01,-1,-1,-0.01,-1,-1,-0.01,-1,-1,-0.01,-1,-1
99926009,2026-05-18 09:27:12+05:30,53032.55,0,0.0,0,0.0,0.0,53282.15,53308.4,52946.35,53710.35,0,0.0,0.0,0.0,0.0,-0.01,-1,-1,-0.01,-1,-1,-0.01,-1,-1,-0.01,-1,-1,-0.01,-1,-1,-0.01,-1,-1,-0.01,-1,-1,-0.01,-1,-1,-0.01,-1,-1,-0.01,-1,-1
99926009,2026-05-18 09:27:13+05:30,53030.8,0,0.0,0,0.0,0.0,53282.15,53308.4,52946.35,53710.35,0,0.0,0.0,0.0,0.0,-0.01,-1,-1,-0.01,-1,-1,-0.01,-1,-1,-0.01,-1,-1,-0.01,-1,-1,-0.01,-1,-1,-0.01,-1,-1,-0.01,-1,-1,-0.01,-1,-1,-0.01,-1,-1
99926009,2026-05-18 09:27:13+05:30,53027.7,0,0.0,0,0.0,0.0,53282.15,53308.4,52946.35,53710.35,0,0.0,0.0,0.0,0.0,-0.01,-1,-1,-0.01,-1,-1,-0.01,-1,-1,-0.01,-1,-1,-0.01,-1,-1,-0.01,-1,-1,-0.01,-1,-1,-0.01,-1,-1,-0.01,-1,-1,-0.01,-1,-1
99926009,2026-05-18 09:27:14+05:30,53027.8,0,0.0,0,0.0,0.0,53282.15,53308.4,52946.35,53710.35,0,0.0,0.0,0.0,0.0,-0.01,-1,-1,-0.01,-1,-1,-0.01,-1,-1,-0.01,-1,-1,-0.01,-1,-1,-0.01,-1,-1,-0.01,-1,-1,-0.01,-1,-1,-0.01,-1,-1,-0.01,-1,-1
99926009,2026-05-18 09:27:14+05:30,53025.75,0,0.0,0,0.0,0.0,53282.15,53308.4,52946.35,53710.35,0,0.0,0.0,0.0,0.0,-0.01,-1,-1,-0.01,-1,-1,-0.01,-1,-1,-0.01,-1,-1,-0.01,-1,-1,-0.01,-1,-1,-0.01,-1,-1,-0.01,-1,-1,-0.01,-1,-1,-0.01,-1,-1
99926009,2026-05-18 09:27:15+05:30,53028.1,0,0.0,0,0.0,0.0,53282.15,53308.4,52946.35,53710.35,0,0.0,0.0,0.0,0.0,-0.01,-1,-1,-0.01,-1,-1,-0.01,-1,-1,-0.01,-1,-1,-0.01,-1,-1,-0.01,-1,-1,-0.01,-1,-1,-0.01,-1,-1,-0.01,-1,-1,-0.01,-1,-1
99926009,2026-05-18 09:27:15+05:30,53028.3,0,0.0,0,0.0,0.0,53282.15,53308.4,52946.35,53710.35,0,0.0,0.0,0.0,0.0,-0.01,-1,-1,-0.01,-1,-1,-0.01,-1,-1,-0.01,-1,-1,-0.01,-1,-1,-0.01,-1,-1,-0.01,-1,-1,-0.01,-1,-1,-0.01,-1,-1,-0.01,-1,-1
99926009,2026-05-18 09:27:16+05:30,53026.6,0,0.0,0,0.0,0.0,53282.15,53308.4,52946.35,53710.35,0,0.0,0.0,0.0,0.0,-0.01,-1,-1,-0.01,-1,-1,-0.01,-1,-1,-0.01,-1,-1,-0.01,-1,-1,-0.01,-1,-1,-0.01,-1,-1,-0.01,-1,-1,-0.01,-1,-1,-0.01,-1,-1
99926009,2026-05-18 09:27:16+05:30,53026.7,0,0.0,0,0.0,0.0,53282.15,53308.4,52946.35,53710.35,0,0.0,0.0,0.0,0.0,-0.01,-1,-1,-0.01,-1,-1,-0.01,-1,-1,-0.01,-1,-1,-0.01,-1,-1,-0.01,-1,-1,-0.01,-1,-1,-0.01,-1,-1,-0.01,-1,-1,-0.01,-1,-1
99926009,2026-05-18 09:27:17+05:30,53022.25,0,0.0,0,0.0,0.0,53282.15,53308.4,52946.35,53710.35,0,0.0,0.0,0.0,0.0,-0.01,-1,-1,-0.01,-1,-1,-0.01,-1,-1,-0.01,-1,-1,-0.01,-1,-1,-0.01,-1,-1,-0.01,-1,-1,-0.01,-1,-1,-0.01,-1,-1,-0.01,-1,-1
99926009,2026-05-18 09:27:17+05:30,53025.25,0,0.0,0,0.0,0.0,53282.15,53308.4,52946.35,53710.35,0,0.0,0.0,0.0,0.0,-0.01,-1,-1,-0.01,-1,-1,-0.01,-1,-1,-0.01,-1,-1,-0.01,-1,-1,-0.01,-1,-1,-0.01,-1,-1,-0.01,-1,-1,-0.01,-1,-1,-0.01,-1,-1
99926009,2026-05-18 09:27:18+05:30,53023.3,0,0.0,0,0.0,0.0,53282.15,53308.4,52946.35,53710.35,0,0.0,0.0,0.0,0.0,-0.01,-1,-1,-0.01,-1,-1,-0.01,-1,-1,-0.01,-1,-1,-0.01,-1,-1,-0.01,-1,-1,-0.01,-1,-1,-0.01,-1,-1,-0.01,-1,-1,-0.01,-1,-1
99926009,2026-05-18 09:27:18+05:30,53024.55,0,0.0,0,0.0,0.0,53282.15,53308.4,52946.35,53710.35,0,0.0,0.0,0.0,0.0,-0.01,-1,-1,-0.01,-1,-1,-0.01,-1,-1,-0.01,-1,-1,-0.01,-1,-1,-0.01,-1,-1,-0.01,-1,-1,-0.01,-1,-1,-0.01,-1,-1,-0.01,-1,-1
99926009,2026-05-18 09:27:19+05:30,53024.05,0,0.0,0,0.0,0.0,53282.15,53308.4,52946.35,53710.35,0,0.0,0.0,0.0,0.0,-0.01,-1,-1,-0.01,-1,-1,-0.01,-1,-1,-0.01,-1,-1,-0.01,-1,-1,-0.01,-1,-1,-0.01,-1,-1,-0.01,-1,-1,-0.01,-1,-1,-0.01,-1,-1
99926009,2026-05-18 09:27:19+05:30,53019.1,0,0.0,0,0.0,0.0,53282.15,53308.4,52946.35,53710.35,0,0.0,0.0,0.0,0.0,-0.01,-1,-1,-0.01,-1,-1,-0.01,-1,-1,-0.01,-1,-1,-0.01,-1,-1,-0.01,-1,-1,-0.01,-1,-1,-0.01,-1,-1,-0.01,-1,-1,-0.01,-1,-1
99926009,2026-05-18 09:27:20+05:30,53021.3,0,0.0,0,0.0,0.0,53282.15,53308.4,52946.35,53710.35,0,0.0,0.0,0.0,0.0,-0.01,-1,-1,-0.01,-1,-1,-0.01,-1,-1,-0.01,-1,-1,-0.01,-1,-1,-0.01,-1,-1,-0.01,-1,-1,-0.01,-1,-1,-0.01,-1,-1,-0.01,-1,-1
99926009,2026-05-18 09:27:20+05:30,53023.9,0,0.0,0,0.0,0.0,53282.15,53308.4,52946.35,53710.35,0,0.0,0.0,0.0,0.0,-0.01,-1,-1,-0.01,-1,-1,-0.01,-1,-1,-0.01,-1,-1,-0.01,-1,-1,-0.01,-1,-1,-0.01,-1,-1,-0.01,-1,-1,-0.01,-1,-1,-0.01,-1,-1
99926009,2026-05-18 09:27:21+05:30,53024.6,0,0.0,0,0.0,0.0,53282.15,53308.4,52946.35,53710.35,0,0.0,0.0,0.0,0.0,-0.01,-1,-1,-0.01,-1,-1,-0.01,-1,-1,-0.01,-1,-1,-0.01,-1,-1,-0.01,-1,-1,-0.01,-1,-1,-0.01,-1,-1,-0.01,-1,-1,-0.01,-1,-1
99926009,2026-05-18 09:27:21+05:30,53027.05,0,0.0,0,0.0,0.0,53282.15,53308.4,52946.35,53710.35,0,0.0,0.0,0.0,0.0,-0.01,-1,-1,-0.01,-1,-1,-0.01,-1,-1,-0.01,-1,-1,-0.01,-1,-1,-0.01,-1,-1,-0.01,-1,-1,-0.01,-1,-1,-0.01,-1,-1,-0.01,-1,-1
99926009,2026-05-18 09:27:22+05:30,53031.6,0,0.0,0,0.0,0.0,53282.15,53308.4,52946.35,53710.35,0,0.0,0.0,0.0,0.0,-0.01,-1,-1,-0.01,-1,-1,-0.01,-1,-1,-0.01,-1,-1,-0.01,-1,-1,-0.01,-1,-1,-0.01,-1,-1,-0.01,-1,-1,-0.01,-1,-1,-0.01,-1,-1
99926009,2026-05-18 09:27:22+05:30,53029.1,0,0.0,0,0.0,0.0,53282.15,53308.4,52946.35,53710.35,0,0.0,0.0,0.0,0.0,-0.01,-1,-1,-0.01,-1,-1,-0.01,-1,-1,-0.01,-1,-1,-0.01,-1,-1,-0.01,-1,-1,-0.01,-1,-1,-0.01,-1,-1,-0.01,-1,-1,-0.01,-1,-1
99926009,2026-05-18 09:27:23+05:30,53032.85,0,0.0,0,0.0,0.0,53282.15,53308.4,52946.35,53710.35,0,0.0,0.0,0.0,0.0,-0.01,-1,-1,-0.01,-1,-1,-0.01,-1,-1,-0.01,-1,-1,-0.01,-1,-1,-0.01,-1,-1,-0.01,-1,-1,-0.01,-1,-1,-0.01,-1,-1,-0.01,-1,-1
99926009,2026-05-18 09:27:23+05:30,53033.1,0,0.0,0,0.0,0.0,53282.15,53308.4,52946.35,53710.35,0,0.0,0.0,0.0,0.0,-0.01,-1,-1,-0.01,-1,-1,-0.01,-1,-1,-0.01,-1,-1,-0.01,-1,-1,-0.01,-1,-1,-0.01,-1,-1,-0.01,-1,-1,-0.01,-1,-1,-0.01,-1,-1
99926009,2026-05-18 09:27:24+05:30,53034.35,0,0.0,0,0.0,0.0,53282.15,53308.4,52946.35,53710.35,0,0.0,0.0,0.0,0.0,-0.01,-1,-1,-0.01,-1,-1,-0.01,-1,-1,-0.01,-1,-1,-0.01,-1,-1,-0.01,-1,-1,-0.01,-1,-1,-0.01,-1,-1,-0.01,-1,-1,-0.01,-1,-1
99926009,2026-05-18 09:27:24+05:30,53033.4,0,0.0,0,0.0,0.0,53282.15,53308.4,52946.35,53710.35,0,0.0,0.0,0.0,0.0,-0.01,-1,-1,-0.01,-1,-1,-0.01,-1,-1,-0.01,-1,-1,-0.01,-1,-1,-0.01,-1,-1,-0.01,-1,-1,-0.01,-1,-1,-0.01,-1,-1,-0.01,-1,-1
99926009,2026-05-18 09:27:25+05:30,53034.75,0,0.0,0,0.0,0.0,53282.15,53308.4,52946.35,53710.35,0,0.0,0.0,0.0,0.0,-0.01,-1,-1,-0.01,-1,-1,-0.01,-1,-1,-0.01,-1,-1,-0.01,-1,-1,-0.01,-1,-1,-0.01,-1,-1,-0.01,-1,-1,-0.01,-1,-1,-0.01,-1,-1
99926009,2026-05-18 09:27:25+05:30,53037.95,0,0.0,0,0.0,0.0,53282.15,53308.4,52946.35,53710.35,0,0.0,0.0,0.0,0.0,-0.01,-1,-1,-0.01,-1,-1,-0.01,-1,-1,-0.01,-1,-1,-0.01,-1,-1,-0.01,-1,-1,-0.01,-1,-1,-0.01,-1,-1,-0.01,-1,-1,-0.01,-1,-1
99926009,2026-05-18 09:27:26+05:30,53037.85,0,0.0,0,0.0,0.0,53282.15,53308.4,52946.35,53710.35,0,0.0,0.0,0.0,0.0,-0.01,-1,-1,-0.01,-1,-1,-0.01,-1,-1,-0.01,-1,-1,-0.01,-1,-1,-0.01,-1,-1,-0.01,-1,-1,-0.01,-1,-1,-0.01,-1,-1,-0.01,-1,-1
99926009,2026-05-18 09:27:26+05:30,53036.05,0,0.0,0,0.0,0.0,53282.15,53308.4,52946.35,53710.35,0,0.0,0.0,0.0,0.0,-0.01,-1,-1,-0.01,-1,-1,-0.01,-1,-1,-0.01,-1,-1,-0.01,-1,-1,-0.01,-1,-1,-0.01,-1,-1,-0.01,-1,-1,-0.01,-1,-1,-0.01,-1,-1
99926009,2026-05-18 09:27:27+05:30,53038.0,0,0.0,0,0.0,0.0,53282.15,53308.4,52946.35,53710.35,0,0.0,0.0,0.0,0.0,-0.01,-1,-1,-0.01,-1,-1,-0.01,-1,-1,-0.01,-1,-1,-0.01,-1,-1,-0.01,-1,-1,-0.01,-1,-1,-0.01,-1,-1,-0.01,-1,-1,-0.01,-1,-1
99926009,2026-05-18 09:27:27+05:30,53033.35,0,0.0,0,0.0,0.0,53282.15,53308.4,52946.35,53710.35,0,0.0,0.0,0.0,0.0,-0.01,-1,-1,-0.01,-1,-1,-0.01,-1,-1,-0.01,-1,-1,-0.01,-1,-1,-0.01,-1,-1,-0.01,-1,-1,-0.01,-1,-1,-0.01,-1,-1,-0.01,-1,-1
99926009,2026-05-18 09:27:28+05:30,53029.0,0,0.0,0,0.0,0.0,53282.15,53308.4,52946.35,53710.35,0,0.0,0.0,0.0,0.0,-0.01,-1,-1,-0.01,-1,-1,-0.01,-1,-1,-0.01,-1,-1,-0.01,-1,-1,-0.01,-1,-1,-0.01,-1,-1,-0.01,-1,-1,-0.01,-1,-1,-0.01,-1,-1
99926009,2026-05-18 09:27:28+05:30,53030.25,0,0.0,0,0.0,0.0,53282.15,53308.4,52946.35,53710.35,0,0.0,0.0,0.0,0.0,-0.01,-1,-1,-0.01,-1,-1,-0.01,-1,-1,-0.01,-1,-1,-0.01,-1,-1,-0.01,-1,-1,-0.01,-1,-1,-0.01,-1,-1,-0.01,-1,-1,-0.01,-1,-1
99926009,2026-05-18 09:27:29+05:30,53030.85,0,0.0,0,0.0,0.0,53282.15,53308.4,52946.35,53710.35,0,0.0,0.0,0.0,0.0,-0.01,-1,-1,-0.01,-1,-1,-0.01,-1,-1,-0.01,-1,-1,-0.01,-1,-1,-0.01,-1,-1,-0.01,-1,-1,-0.01,-1,-1,-0.01,-1,-1,-0.01,-1,-1
99926009,2026-05-18 09:27:29+05:30,53029.0,0,0.0,0,0.0,0.0,53282.15,53308.4,52946.35,53710.35,0,0.0,0.0,0.0,0.0,-0.01,-1,-1,-0.01,-1,-1,-0.01,-1,-1,-0.01,-1,-1,-0.01,-1,-1,-0.01,-1,-1,-0.01,-1,-1,-0.01,-1,-1,-0.01,-1,-1,-0.01,-1,-1
99926009,2026-05-18 09:27:30+05:30,53025.65,0,0.0,0,0.0,0.0,53282.15,53308.4,52946.35,53710.35,0,0.0,0.0,0.0,0.0,-0.01,-1,-1,-0.01,-1,-1,-0.01,-1,-1,-0.01,-1,-1,-0.01,-1,-1,-0.01,-1,-1,-0.01,-1,-1,-0.01,-1,-1,-0.01,-1,-1,-0.01,-1,-1
99926009,2026-05-18 09:27:30+05:30,53028.05,0,0.0,0,0.0,0.0,53282.15,53308.4,52946.35,53710.35,0,0.0,0.0,0.0,0.0,-0.01,-1,-1,-0.01,-1,-1,-0.01,-1,-1,-0.01,-1,-1,-0.01,-1,-1,-0.01,-1,-1,-0.01,-1,-1,-0.01,-1,-1,-0.01,-1,-1,-0.01,-1,-1
99926009,2026-05-18 09:27:31+05:30,53030.85,0,0.0,0,0.0,0.0,53282.15,53308.4,52946.35,53710.35,0,0.0,0.0,0.0,0.0,-0.01,-1,-1,-0.01,-1,-1,-0.01,-1,-1,-0.01,-1,-1,-0.01,-1,-1,-0.01,-1,-1,-0.01,-1,-1,-0.01,-1,-1,-0.01,-1,-1,-0.01,-1,-1
99926009,2026-05-18 09:27:31+05:30,53026.85,0,0.0,0,0.0,0.0,53282.15,53308.4,52946.35,53710.35,0,0.0,0.0,0.0,0.0,-0.01,-1,-1,-0.01,-1,-1,-0.01,-1,-1,-0.01,-1,-1,-0.01,-1,-1,-0.01,-1,-1,-0.01,-1,-1,-0.01,-1,-1,-0.01,-1,-1,-0.01,-1,-1
99926009,2026-05-18 09:27:32+05:30,53028.5,0,0.0,0,0.0,0.0,53282.15,53308.4,52946.35,53710.35,0,0.0,0.0,0.0,0.0,-0.01,-1,-1,-0.01,-1,-1,-0.01,-1,-1,-0.01,-1,-1,-0.01,-1,-1,-0.01,-1,-1,-0.01,-1,-1,-0.01,-1,-1,-0.01,-1,-1,-0.01,-1,-1
99926009,2026-05-18 09:27:32+05:30,53026.6,0,0.0,0,0.0,0.0,53282.15,53308.4,52946.35,53710.35,0,0.0,0.0,0.0,0.0,-0.01,-1,-1,-0.01,-1,-1,-0.01,-1,-1,-0.01,-1,-1,-0.01,-1,-1,-0.01,-1,-1,-0.01,-1,-1,-0.01,-1,-1,-0.01,-1,-1,-0.01,-1,-1
99926009,2026-05-18 09:27:33+05:30,53021.95,0,0.0,0,0.0,0.0,53282.15,53308.4,52946.35,53710.35,0,0.0,0.0,0.0,0.0,-0.01,-1,-1,-0.01,-1,-1,-0.01,-1,-1,-0.01,-1,-1,-0.01,-1,-1,-0.01,-1,-1,-0.01,-1,-1,-0.01,-1,-1,-0.01,-1,-1,-0.01,-1,-1
99926009,2026-05-18 09:27:33+05:30,53027.05,0,0.0,0,0.0,0.0,53282.15,53308.4,52946.35,53710.35,0,0.0,0.0,0.0,0.0,-0.01,-1,-1,-0.01,-1,-1,-0.01,-1,-1,-0.01,-1,-1,-0.01,-1,-1,-0.01,-1,-1,-0.01,-1,-1,-0.01,-1,-1,-0.01,-1,-1,-0.01,-1,-1
99926009,2026-05-18 09:27:34+05:30,53021.7,0,0.0,0,0.0,0.0,53282.15,53308.4,52946.35,53710.35,0,0.0,0.0,0.0,0.0,-0.01,-1,-1,-0.01,-1,-1,-0.01,-1,-1,-0.01,-1,-1,-0.01,-1,-1,-0.01,-1,-1,-0.01,-1,-1,-0.01,-1,-1,-0.01,-1,-1,-0.01,-1,-1
99926009,2026-05-18 09:27:34+05:30,53020.95,0,0.0,0,0.0,0.0,53282.15,53308.4,52946.35,53710.35,0,0.0,0.0,0.0,0.0,-0.01,-1,-1,-0.01,-1,-1,-0.01,-1,-1,-0.01,-1,-1,-0.01,-1,-1,-0.01,-1,-1,-0.01,-1,-1,-0.01,-1,-1,-0.01,-1,-1,-0.01,-1,-1
99926009,2026-05-18 09:27:35+05:30,53026.45,0,0.0,0,0.0,0.0,53282.15,53308.4,52946.35,53710.35,0,0.0,0.0,0.0,0.0,-0.01,-1,-1,-0.01,-1,-1,-0.01,-1,-1,-0.01,-1,-1,-0.01,-1,-1,-0.01,-1,-1,-0.01,-1,-1,-0.01,-1,-1,-0.01,-1,-1,-0.01,-1,-1
99926009,2026-05-18 09:27:35+05:30,53025.15,0,0.0,0,0.0,0.0,53282.15,53308.4,52946.35,53710.35,0,0.0,0.0,0.0,0.0,-0.01,-1,-1,-0.01,-1,-1,-0.01,-1,-1,-0.01,-1,-1,-0.01,-1,-1,-0.01,-1,-1,-0.01,-1,-1,-0.01,-1,-1,-0.01,-1,-1,-0.01,-1,-1
99926009,2026-05-18 09:27:36+05:30,53021.3,0,0.0,0,0.0,0.0,53282.15,53308.4,52946.35,53710.35,0,0.0,0.0,0.0,0.0,-0.01,-1,-1,-0.01,-1,-1,-0.01,-1,-1,-0.01,-1,-1,-0.01,-1,-1,-0.01,-1,-1,-0.01,-1,-1,-0.01,-1,-1,-0.01,-1,-1,-0.01,-1,-1
99926009,2026-05-18 09:27:36+05:30,53024.6,0,0.0,0,0.0,0.0,53282.15,53308.4,52946.35,53710.35,0,0.0,0.0,0.0,0.0,-0.01,-1,-1,-0.01,-1,-1,-0.01,-1,-1,-0.01,-1,-1,-0.01,-1,-1,-0.01,-1,-1,-0.01,-1,-1,-0.01,-1,-1,-0.01,-1,-1,-0.01,-1,-1
99926009,2026-05-18 09:27:37+05:30,53026.7,0,0.0,0,0.0,0.0,53282.15,53308.4,52946.35,53710.35,0,0.0,0.0,0.0,0.0,-0.01,-1,-1,-0.01,-1,-1,-0.01,-1,-1,-0.01,-1,-1,-0.01,-1,-1,-0.01,-1,-1,-0.01,-1,-1,-0.01,-1,-1,-0.01,-1,-1,-0.01,-1,-1
99926009,2026-05-18 09:27:37+05:30,53023.4,0,0.0,0,0.0,0.0,53282.15,53308.4,52946.35,53710.35,0,0.0,0.0,0.0,0.0,-0.01,-1,-1,-0.01,-1,-1,-0.01,-1,-1,-0.01,-1,-1,-0.01,-1,-1,-0.01,-1,-1,-0.01,-1,-1,-0.01,-1,-1,-0.01,-1,-1,-0.01,-1,-1
99926009,2026-05-18 09:27:38+05:30,53027.05,0,0.0,0,0.0,0.0,53282.15,53308.4,52946.35,53710.35,0,0.0,0.0,0.0,0.0,-0.01,-1,-1,-0.01,-1,-1,-0.01,-1,-1,-0.01,-1,-1,-0.01,-1,-1,-0.01,-1,-1,-0.01,-1,-1,-0.01,-1,-1,-0.01,-1,-1,-0.01,-1,-1
99926009,2026-05-18 09:27:38+05:30,53028.5,0,0.0,0,0.0,0.0,53282.15,53308.4,52946.35,53710.35,0,0.0,0.0,0.0,0.0,-0.01,-1,-1,-0.01,-1,-1,-0.01,-1,-1,-0.01,-1,-1,-0.01,-1,-1,-0.01,-1,-1,-0.01,-1,-1,-0.01,-1,-1,-0.01,-1,-1,-0.01,-1,-1
99926009,2026-05-18 09:27:39+05:30,53033.3,0,0.0,0,0.0,0.0,53282.15,53308.4,52946.35,53710.35,0,0.0,0.0,0.0,0.0,-0.01,-1,-1,-0.01,-1,-1,-0.01,-1,-1,-0.01,-1,-1,-0.01,-1,-1,-0.01,-1,-1,-0.01,-1,-1,-0.01,-1,-1,-0.01,-1,-1,-0.01,-1,-1
99926009,2026-05-18 09:27:39+05:30,53029.15,0,0.0,0,0.0,0.0,53282.15,53308.4,52946.35,53710.35,0,0.0,0.0,0.0,0.0,-0.01,-1,-1,-0.01,-1,-1,-0.01,-1,-1,-0.01,-1,-1,-0.01,-1,-1,-0.01,-1,-1,-0.01,-1,-1,-0.01,-1,-1,-0.01,-1,-1,-0.01,-1,-1
99926009,2026-05-18 09:27:40+05:30,53028.15,0,0.0,0,0.0,0.0,53282.15,53308.4,52946.35,53710.35,0,0.0,0.0,0.0,0.0,-0.01,-1,-1,-0.01,-1,-1,-0.01,-1,-1,-0.01,-1,-1,-0.01,-1,-1,-0.01,-1,-1,-0.01,-1,-1,-0.01,-1,-1,-0.01,-1,-1,-0.01,-1,-1
99926009,2026-05-18 09:27:40+05:30,53032.75,0,0.0,0,0.0,0.0,53282.15,53308.4,52946.35,53710.35,0,0.0,0.0,0.0,0.0,-0.01,-1,-1,-0.01,-1,-1,-0.01,-1,-1,-0.01,-1,-1,-0.01,-1,-1,-0.01,-1,-1,-0.01,-1,-1,-0.01,-1,-1,-0.01,-1,-1,-0.01,-1,-1
99926009,2026-05-18 09:27:41+05:30,53026.05,0,0.0,0,0.0,0.0,53282.15,53308.4,52946.35,53710.35,0,0.0,0.0,0.0,0.0,-0.01,-1,-1,-0.01,-1,-1,-0.01,-1,-1,-0.01,-1,-1,-0.01,-1,-1,-0.01,-1,-1,-0.01,-1,-1,-0.01,-1,-1,-0.01,-1,-1,-0.01,-1,-1
99926009,2026-05-18 09:27:41+05:30,53029.65,0,0.0,0,0.0,0.0,53282.15,53308.4,52946.35,53710.35,0,0.0,0.0,0.0,0.0,-0.01,-1,-1,-0.01,-1,-1,-0.01,-1,-1,-0.01,-1,-1,-0.01,-1,-1,-0.01,-1,-1,-0.01,-1,-1,-0.01,-1,-1,-0.01,-1,-1,-0.01,-1,-1
99926009,2026-05-18 09:27:42+05:30,53027.55,0,0.0,0,0.0,0.0,53282.15,53308.4,52946.35,53710.35,0,0.0,0.0,0.0,0.0,-0.01,-1,-1,-0.01,-1,-1,-0.01,-1,-1,-0.01,-1,-1,-0.01,-1,-1,-0.01,-1,-1,-0.01,-1,-1,-0.01,-1,-1,-0.01,-1,-1,-0.01,-1,-1
99926009,2026-05-18 09:27:42+05:30,53028.35,0,0.0,0,0.0,0.0,53282.15,53308.4,52946.35,53710.35,0,0.0,0.0,0.0,0.0,-0.01,-1,-1,-0.01,-1,-1,-0.01,-1,-1,-0.01,-1,-1,-0.01,-1,-1,-0.01,-1,-1,-0.01,-1,-1,-0.01,-1,-1,-0.01,-1,-1,-0.01,-1,-1
99926009,2026-05-18 09:27:43+05:30,53029.2,0,0.0,0,0.0,0.0,53282.15,53308.4,52946.35,53710.35,0,0.0,0.0,0.0,0.0,-0.01,-1,-1,-0.01,-1,-1,-0.01,-1,-1,-0.01,-1,-1,-0.01,-1,-1,-0.01,-1,-1,-0.01,-1,-1,-0.01,-1,-1,-0.01,-1,-1,-0.01,-1,-1
99926009,2026-05-18 09:27:43+05:30,53030.8,0,0.0,0,0.0,0.0,53282.15,53308.4,52946.35,53710.35,0,0.0,0.0,0.0,0.0,-0.01,-1,-1,-0.01,-1,-1,-0.01,-1,-1,-0.01,-1,-1,-0.01,-1,-1,-0.01,-1,-1,-0.01,-1,-1,-0.01,-1,-1,-0.01,-1,-1,-0.01,-1,-1
99926009,2026-05-18 09:27:44+05:30,53031.55,0,0.0,0,0.0,0.0,53282.15,53308.4,52946.35,53710.35,0,0.0,0.0,0.0,0.0,-0.01,-1,-1,-0.01,-1,-1,-0.01,-1,-1,-0.01,-1,-1,-0.01,-1,-1,-0.01,-1,-1,-0.01,-1,-1,-0.01,-1,-1,-0.01,-1,-1,-0.01,-1,-1
99926009,2026-05-18 09:27:44+05:30,53027.95,0,0.0,0,0.0,0.0,53282.15,53308.4,52946.35,53710.35,0,0.0,0.0,0.0,0.0,-0.01,-1,-1,-0.01,-1,-1,-0.01,-1,-1,-0.01,-1,-1,-0.01,-1,-1,-0.01,-1,-1,-0.01,-1,-1,-0.01,-1,-1,-0.01,-1,-1,-0.01,-1,-1
99926009,2026-05-18 09:27:45+05:30,53028.65,0,0.0,0,0.0,0.0,53282.15,53308.4,52946.35,53710.35,0,0.0,0.0,0.0,0.0,-0.01,-1,-1,-0.01,-1,-1,-0.01,-1,-1,-0.01,-1,-1,-0.01,-1,-1,-0.01,-1,-1,-0.01,-1,-1,-0.01,-1,-1,-0.01,-1,-1,-0.01,-1,-1
99926009,2026-05-18 09:27:45+05:30,53032.85,0,0.0,0,0.0,0.0,53282.15,53308.4,52946.35,53710.35,0,0.0,0.0,0.0,0.0,-0.01,-1,-1,-0.01,-1,-1,-0.01,-1,-1,-0.01,-1,-1,-0.01,-1,-1,-0.01,-1,-1,-0.01,-1,-1,-0.01,-1,-1,-0.01,-1,-1,-0.01,-1,-1
99926009,2026-05-18 09:27:46+05:30,53032.8,0,0.0,0,0.0,0.0,53282.15,53308.4,52946.35,53710.35,0,0.0,0.0,0.0,0.0,-0.01,-1,-1,-0.01,-1,-1,-0.01,-1,-1,-0.01,-1,-1,-0.01,-1,-1,-0.01,-1,-1,-0.01,-1,-1,-0.01,-1,-1,-0.01,-1,-1,-0.01,-1,-1
99926009,2026-05-18 09:27:46+05:30,53033.2,0,0.0,0,0.0,0.0,53282.15,53308.4,52946.35,53710.35,0,0.0,0.0,0.0,0.0,-0.01,-1,-1,-0.01,-1,-1,-0.01,-1,-1,-0.01,-1,-1,-0.01,-1,-1,-0.01,-1,-1,-0.01,-1,-1,-0.01,-1,-1,-0.01,-1,-1,-0.01,-1,-1
99926009,2026-05-18 09:27:47+05:30,53033.4,0,0.0,0,0.0,0.0,53282.15,53308.4,52946.35,53710.35,0,0.0,0.0,0.0,0.0,-0.01,-1,-1,-0.01,-1,-1,-0.01,-1,-1,-0.01,-1,-1,-0.01,-1,-1,-0.01,-1,-1,-0.01,-1,-1,-0.01,-1,-1,-0.01,-1,-1,-0.01,-1,-1
99926009,2026-05-18 09:27:47+05:30,53033.85,0,0.0,0,0.0,0.0,53282.15,53308.4,52946.35,53710.35,0,0.0,0.0,0.0,0.0,-0.01,-1,-1,-0.01,-1,-1,-0.01,-1,-1,-0.01,-1,-1,-0.01,-1,-1,-0.01,-1,-1,-0.01,-1,-1,-0.01,-1,-1,-0.01,-1,-1,-0.01,-1,-1
99926009,2026-05-18 09:27:48+05:30,53034.35,0,0.0,0,0.0,0.0,53282.15,53308.4,52946.35,53710.35,0,0.0,0.0,0.0,0.0,-0.01,-1,-1,-0.01,-1,-1,-0.01,-1,-1,-0.01,-1,-1,-0.01,-1,-1,-0.01,-1,-1,-0.01,-1,-1,-0.01,-1,-1,-0.01,-1,-1,-0.01,-1,-1
99926009,2026-05-18 09:27:48+05:30,53032.2,0,0.0,0,0.0,0.0,53282.15,53308.4,52946.35,53710.35,0,0.0,0.0,0.0,0.0,-0.01,-1,-1,-0.01,-1,-1,-0.01,-1,-1,-0.01,-1,-1,-0.01,-1,-1,-0.01,-1,-1,-0.01,-1,-1,-0.01,-1,-1,-0.01,-1,-1,-0.01,-1,-1
99926009,2026-05-18 09:27:49+05:30,53030.45,0,0.0,0,0.0,0.0,53282.15,53308.4,52946.35,53710.35,0,0.0,0.0,0.0,0.0,-0.01,-1,-1,-0.01,-1,-1,-0.01,-1,-1,-0.01,-1,-1,-0.01,-1,-1,-0.01,-1,-1,-0.01,-1,-1,-0.01,-1,-1,-0.01,-1,-1,-0.01,-1,-1
99926009,2026-05-18 09:27:49+05:30,53032.1,0,0.0,0,0.0,0.0,53282.15,53308.4,52946.35,53710.35,0,0.0,0.0,0.0,0.0,-0.01,-1,-1,-0.01,-1,-1,-0.01,-1,-1,-0.01,-1,-1,-0.01,-1,-1,-0.01,-1,-1,-0.01,-1,-1,-0.01,-1,-1,-0.01,-1,-1,-0.01,-1,-1
99926009,2026-05-18 09:27:50+05:30,53029.95,0,0.0,0,0.0,0.0,53282.15,53308.4,52946.35,53710.35,0,0.0,0.0,0.0,0.0,-0.01,-1,-1,-0.01,-1,-1,-0.01,-1,-1,-0.01,-1,-1,-0.01,-1,-1,-0.01,-1,-1,-0.01,-1,-1,-0.01,-1,-1,-0.01,-1,-1,-0.01,-1,-1
99926009,2026-05-18 09:27:50+05:30,53032.0,0,0.0,0,0.0,0.0,53282.15,53308.4,52946.35,53710.35,0,0.0,0.0,0.0,0.0,-0.01,-1,-1,-0.01,-1,-1,-0.01,-1,-1,-0.01,-1,-1,-0.01,-1,-1,-0.01,-1,-1,-0.01,-1,-1,-0.01,-1,-1,-0.01,-1,-1,-0.01,-1,-1
99926009,2026-05-18 09:27:51+05:30,53030.85,0,0.0,0,0.0,0.0,53282.15,53308.4,52946.35,53710.35,0,0.0,0.0,0.0,0.0,-0.01,-1,-1,-0.01,-1,-1,-0.01,-1,-1,-0.01,-1,-1,-0.01,-1,-1,-0.01,-1,-1,-0.01,-1,-1,-0.01,-1,-1,-0.01,-1,-1,-0.01,-1,-1
99926009,2026-05-18 09:27:51+05:30,53029.75,0,0.0,0,0.0,0.0,53282.15,53308.4,52946.35,53710.35,0,0.0,0.0,0.0,0.0,-0.01,-1,-1,-0.01,-1,-1,-0.01,-1,-1,-0.01,-1,-1,-0.01,-1,-1,-0.01,-1,-1,-0.01,-1,-1,-0.01,-1,-1,-0.01,-1,-1,-0.01,-1,-1
99926009,2026-05-18 09:27:52+05:30,53031.8,0,0.0,0,0.0,0.0,53282.15,53308.4,52946.35,53710.35,0,0.0,0.0,0.0,0.0,-0.01,-1,-1,-0.01,-1,-1,-0.01,-1,-1,-0.01,-1,-1,-0.01,-1,-1,-0.01,-1,-1,-0.01,-1,-1,-0.01,-1,-1,-0.01,-1,-1,-0.01,-1,-1
99926009,2026-05-18 09:27:52+05:30,53030.95,0,0.0,0,0.0,0.0,53282.15,53308.4,52946.35,53710.35,0,0.0,0.0,0.0,0.0,-0.01,-1,-1,-0.01,-1,-1,-0.01,-1,-1,-0.01,-1,-1,-0.01,-1,-1,-0.01,-1,-1,-0.01,-1,-1,-0.01,-1,-1,-0.01,-1,-1,-0.01,-1,-1
99926009,2026-05-18 09:27:53+05:30,53030.3,0,0.0,0,0.0,0.0,53282.15,53308.4,52946.35,53710.35,0,0.0,0.0,0.0,0.0,-0.01,-1,-1,-0.01,-1,-1,-0.01,-1,-1,-0.01,-1,-1,-0.01,-1,-1,-0.01,-1,-1,-0.01,-1,-1,-0.01,-1,-1,-0.01,-1,-1,-0.01,-1,-1
99926009,2026-05-18 09:27:53+05:30,53030.35,0,0.0,0,0.0,0.0,53282.15,53308.4,52946.35,53710.35,0,0.0,0.0,0.0,0.0,-0.01,-1,-1,-0.01,-1,-1,-0.01,-1,-1,-0.01,-1,-1,-0.01,-1,-1,-0.01,-1,-1,-0.01,-1,-1,-0.01,-1,-1,-0.01,-1,-1,-0.01,-1,-1
99926009,2026-05-18 09:27:54+05:30,53026.55,0,0.0,0,0.0,0.0,53282.15,53308.4,52946.35,53710.35,0,0.0,0.0,0.0,0.0,-0.01,-1,-1,-0.01,-1,-1,-0.01,-1,-1,-0.01,-1,-1,-0.01,-1,-1,-0.01,-1,-1,-0.01,-1,-1,-0.01,-1,-1,-0.01,-1,-1,-0.01,-1,-1
99926009,2026-05-18 09:27:54+05:30,53026.25,0,0.0,0,0.0,0.0,53282.15,53308.4,52946.35,53710.35,0,0.0,0.0,0.0,0.0,-0.01,-1,-1,-0.01,-1,-1,-0.01,-1,-1,-0.01,-1,-1,-0.01,-1,-1,-0.01,-1,-1,-0.01,-1,-1,-0.01,-1,-1,-0.01,-1,-1,-0.01,-1,-1
99926009,2026-05-18 09:27:55+05:30,53024.55,0,0.0,0,0.0,0.0,53282.15,53308.4,52946.35,53710.35,0,0.0,0.0,0.0,0.0,-0.01,-1,-1,-0.01,-1,-1,-0.01,-1,-1,-0.01,-1,-1,-0.01,-1,-1,-0.01,-1,-1,-0.01,-1,-1,-0.01,-1,-1,-0.01,-1,-1,-0.01,-1,-1
99926009,2026-05-18 09:27:55+05:30,53028.05,0,0.0,0,0.0,0.0,53282.15,53308.4,52946.35,53710.35,0,0.0,0.0,0.0,0.0,-0.01,-1,-1,-0.01,-1,-1,-0.01,-1,-1,-0.01,-1,-1,-0.01,-1,-1,-0.01,-1,-1,-0.01,-1,-1,-0.01,-1,-1,-0.01,-1,-1,-0.01,-1,-1
99926009,2026-05-18 09:27:56+05:30,53025.0,0,0.0,0,0.0,0.0,53282.15,53308.4,52946.35,53710.35,0,0.0,0.0,0.0,0.0,-0.01,-1,-1,-0.01,-1,-1,-0.01,-1,-1,-0.01,-1,-1,-0.01,-1,-1,-0.01,-1,-1,-0.01,-1,-1,-0.01,-1,-1,-0.01,-1,-1,-0.01,-1,-1
99926009,2026-05-18 09:27:56+05:30,53025.9,0,0.0,0,0.0,0.0,53282.15,53308.4,52946.35,53710.35,0,0.0,0.0,0.0,0.0,-0.01,-1,-1,-0.01,-1,-1,-0.01,-1,-1,-0.01,-1,-1,-0.01,-1,-1,-0.01,-1,-1,-0.01,-1,-1,-0.01,-1,-1,-0.01,-1,-1,-0.01,-1,-1
99926009,2026-05-18 09:27:57+05:30,53023.25,0,0.0,0,0.0,0.0,53282.15,53308.4,52946.35,53710.35,0,0.0,0.0,0.0,0.0,-0.01,-1,-1,-0.01,-1,-1,-0.01,-1,-1,-0.01,-1,-1,-0.01,-1,-1,-0.01,-1,-1,-0.01,-1,-1,-0.01,-1,-1,-0.01,-1,-1,-0.01,-1,-1
99926009,2026-05-18 09:27:57+05:30,53023.3,0,0.0,0,0.0,0.0,53282.15,53308.4,52946.35,53710.35,0,0.0,0.0,0.0,0.0,-0.01,-1,-1,-0.01,-1,-1,-0.01,-1,-1,-0.01,-1,-1,-0.01,-1,-1,-0.01,-1,-1,-0.01,-1,-1,-0.01,-1,-1,-0.01,-1,-1,-0.01,-1,-1
99926009,2026-05-18 09:27:58+05:30,53022.2,0,0.0,0,0.0,0.0,53282.15,53308.4,52946.35,53710.35,0,0.0,0.0,0.0,0.0,-0.01,-1,-1,-0.01,-1,-1,-0.01,-1,-1,-0.01,-1,-1,-0.01,-1,-1,-0.01,-1,-1,-0.01,-1,-1,-0.01,-1,-1,-0.01,-1,-1,-0.01,-1,-1
99926009,2026-05-18 09:27:58+05:30,53021.0,0,0.0,0,0.0,0.0,53282.15,53308.4,52946.35,53710.35,0,0.0,0.0,0.0,0.0,-0.01,-1,-1,-0.01,-1,-1,-0.01,-1,-1,-0.01,-1,-1,-0.01,-1,-1,-0.01,-1,-1,-0.01,-1,-1,-0.01,-1,-1,-0.01,-1,-1,-0.01,-1,-1
99926009,2026-05-18 09:27:59+05:30,53020.6,0,0.0,0,0.0,0.0,53282.15,53308.4,52946.35,53710.35,0,0.0,0.0,0.0,0.0,-0.01,-1,-1,-0.01,-1,-1,-0.01,-1,-1,-0.01,-1,-1,-0.01,-1,-1,-0.01,-1,-1,-0.01,-1,-1,-0.01,-1,-1,-0.01,-1,-1,-0.01,-1,-1
99926009,2026-05-18 09:27:59+05:30,53022.15,0,0.0,0,0.0,0.0,53282.15,53308.4,52946.35,53710.35,0,0.0,0.0,0.0,0.0,-0.01,-1,-1,-0.01,-1,-1,-0.01,-1,-1,-0.01,-1,-1,-0.01,-1,-1,-0.01,-1,-1,-0.01,-1,-1,-0.01,-1,-1,-0.01,-1,-1,-0.01,-1,-1
99926009,2026-05-18 09:28:00+05:30,53022.8,0,0.0,0,0.0,0.0,53282.15,53308.4,52946.35,53710.35,0,0.0,0.0,0.0,0.0,-0.01,-1,-1,-0.01,-1,-1,-0.01,-1,-1,-0.01,-1,-1,-0.01,-1,-1,-0.01,-1,-1,-0.01,-1,-1,-0.01,-1,-1,-0.01,-1,-1,-0.01,-1,-1
99926009,2026-05-18 09:28:00+05:30,53018.05,0,0.0,0,0.0,0.0,53282.15,53308.4,52946.35,53710.35,0,0.0,0.0,0.0,0.0,-0.01,-1,-1,-0.01,-1,-1,-0.01,-1,-1,-0.01,-1,-1,-0.01,-1,-1,-0.01,-1,-1,-0.01,-1,-1,-0.01,-1,-1,-0.01,-1,-1,-0.01,-1,-1
99926009,2026-05-18 09:28:01+05:30,53019.7,0,0.0,0,0.0,0.0,53282.15,53308.4,52946.35,53710.35,0,0.0,0.0,0.0,0.0,-0.01,-1,-1,-0.01,-1,-1,-0.01,-1,-1,-0.01,-1,-1,-0.01,-1,-1,-0.01,-1,-1,-0.01,-1,-1,-0.01,-1,-1,-0.01,-1,-1,-0.01,-1,-1
99926009,2026-05-18 09:28:01+05:30,53016.35,0,0.0,0,0.0,0.0,53282.15,53308.4,52946.35,53710.35,0,0.0,0.0,0.0,0.0,-0.01,-1,-1,-0.01,-1,-1,-0.01,-1,-1,-0.01,-1,-1,-0.01,-1,-1,-0.01,-1,-1,-0.01,-1,-1,-0.01,-1,-1,-0.01,-1,-1,-0.01,-1,-1
99926009,2026-05-18 09:28:02+05:30,53014.85,0,0.0,0,0.0,0.0,53282.15,53308.4,52946.35,53710.35,0,0.0,0.0,0.0,0.0,-0.01,-1,-1,-0.01,-1,-1,-0.01,-1,-1,-0.01,-1,-1,-0.01,-1,-1,-0.01,-1,-1,-0.01,-1,-1,-0.01,-1,-1,-0.01,-1,-1,-0.01,-1,-1
99926009,2026-05-18 09:28:02+05:30,53017.8,0,0.0,0,0.0,0.0,53282.15,53308.4,52946.35,53710.35,0,0.0,0.0,0.0,0.0,-0.01,-1,-1,-0.01,-1,-1,-0.01,-1,-1,-0.01,-1,-1,-0.01,-1,-1,-0.01,-1,-1,-0.01,-1,-1,-0.01,-1,-1,-0.01,-1,-1,-0.01,-1,-1
99926009,2026-05-18 09:28:03+05:30,53016.55,0,0.0,0,0.0,0.0,53282.15,53308.4,52946.35,53710.35,0,0.0,0.0,0.0,0.0,-0.01,-1,-1,-0.01,-1,-1,-0.01,-1,-1,-0.01,-1,-1,-0.01,-1,-1,-0.01,-1,-1,-0.01,-1,-1,-0.01,-1,-1,-0.01,-1,-1,-0.01,-1,-1
99926009,2026-05-18 09:28:03+05:30,53016.25,0,0.0,0,0.0,0.0,53282.15,53308.4,52946.35,53710.35,0,0.0,0.0,0.0,0.0,-0.01,-1,-1,-0.01,-1,-1,-0.01,-1,-1,-0.01,-1,-1,-0.01,-1,-1,-0.01,-1,-1,-0.01,-1,-1,-0.01,-1,-1,-0.01,-1,-1,-0.01,-1,-1
99926009,2026-05-18 09:28:04+05:30,53014.8,0,0.0,0,0.0,0.0,53282.15,53308.4,52946.35,53710.35,0,0.0,0.0,0.0,0.0,-0.01,-1,-1,-0.01,-1,-1,-0.01,-1,-1,-0.01,-1,-1,-0.01,-1,-1,-0.01,-1,-1,-0.01,-1,-1,-0.01,-1,-1,-0.01,-1,-1,-0.01,-1,-1
99926009,2026-05-18 09:28:04+05:30,53015.15,0,0.0,0,0.0,0.0,53282.15,53308.4,52946.35,53710.35,0,0.0,0.0,0.0,0.0,-0.01,-1,-1,-0.01,-1,-1,-0.01,-1,-1,-0.01,-1,-1,-0.01,-1,-1,-0.01,-1,-1,-0.01,-1,-1,-0.01,-1,-1,-0.01,-1,-1,-0.01,-1,-1
99926009,2026-05-18 09:28:05+05:30,53017.5,0,0.0,0,0.0,0.0,53282.15,53308.4,52946.35,53710.35,0,0.0,0.0,0.0,0.0,-0.01,-1,-1,-0.01,-1,-1,-0.01,-1,-1,-0.01,-1,-1,-0.01,-1,-1,-0.01,-1,-1,-0.01,-1,-1,-0.01,-1,-1,-0.01,-1,-1,-0.01,-1,-1
99926009,2026-05-18 09:28:05+05:30,53017.4,0,0.0,0,0.0,0.0,53282.15,53308.4,52946.35,53710.35,0,0.0,0.0,0.0,0.0,-0.01,-1,-1,-0.01,-1,-1,-0.01,-1,-1,-0.01,-1,-1,-0.01,-1,-1,-0.01,-1,-1,-0.01,-1,-1,-0.01,-1,-1,-0.01,-1,-1,-0.01,-1,-1
99926009,2026-05-18 09:28:06+05:30,53015.85,0,0.0,0,0.0,0.0,53282.15,53308.4,52946.35,53710.35,0,0.0,0.0,0.0,0.0,-0.01,-1,-1,-0.01,-1,-1,-0.01,-1,-1,-0.01,-1,-1,-0.01,-1,-1,-0.01,-1,-1,-0.01,-1,-1,-0.01,-1,-1,-0.01,-1,-1,-0.01,-1,-1
99926009,2026-05-18 09:28:06+05:30,53015.7,0,0.0,0,0.0,0.0,53282.15,53308.4,52946.35,53710.35,0,0.0,0.0,0.0,0.0,-0.01,-1,-1,-0.01,-1,-1,-0.01,-1,-1,-0.01,-1,-1,-0.01,-1,-1,-0.01,-1,-1,-0.01,-1,-1,-0.01,-1,-1,-0.01,-1,-1,-0.01,-1,-1
99926009,2026-05-18 09:28:07+05:30,53016.15,0,0.0,0,0.0,0.0,53282.15,53308.4,52946.35,53710.35,0,0.0,0.0,0.0,0.0,-0.01,-1,-1,-0.01,-1,-1,-0.01,-1,-1,-0.01,-1,-1,-0.01,-1,-1,-0.01,-1,-1,-0.01,-1,-1,-0.01,-1,-1,-0.01,-1,-1,-0.01,-1,-1
99926009,2026-05-18 09:28:07+05:30,53017.65,0,0.0,0,0.0,0.0,53282.15,53308.4,52946.35,53710.35,0,0.0,0.0,0.0,0.0,-0.01,-1,-1,-0.01,-1,-1,-0.01,-1,-1,-0.01,-1,-1,-0.01,-1,-1,-0.01,-1,-1,-0.01,-1,-1,-0.01,-1,-1,-0.01,-1,-1,-0.01,-1,-1
99926009,2026-05-18 09:28:08+05:30,53018.8,0,0.0,0,0.0,0.0,53282.15,53308.4,52946.35,53710.35,0,0.0,0.0,0.0,0.0,-0.01,-1,-1,-0.01,-1,-1,-0.01,-1,-1,-0.01,-1,-1,-0.01,-1,-1,-0.01,-1,-1,-0.01,-1,-1,-0.01,-1,-1,-0.01,-1,-1,-0.01,-1,-1
99926009,2026-05-18 09:28:08+05:30,53017.9,0,0.0,0,0.0,0.0,53282.15,53308.4,52946.35,53710.35,0,0.0,0.0,0.0,0.0,-0.01,-1,-1,-0.01,-1,-1,-0.01,-1,-1,-0.01,-1,-1,-0.01,-1,-1,-0.01,-1,-1,-0.01,-1,-1,-0.01,-1,-1,-0.01,-1,-1,-0.01,-1,-1
99926009,2026-05-18 09:28:09+05:30,53018.25,0,0.0,0,0.0,0.0,53282.15,53308.4,52946.35,53710.35,0,0.0,0.0,0.0,0.0,-0.01,-1,-1,-0.01,-1,-1,-0.01,-1,-1,-0.01,-1,-1,-0.01,-1,-1,-0.01,-1,-1,-0.01,-1,-1,-0.01,-1,-1,-0.01,-1,-1,-0.01,-1,-1
99926009,2026-05-18 09:28:09+05:30,53019.8,0,0.0,0,0.0,0.0,53282.15,53308.4,52946.35,53710.35,0,0.0,0.0,0.0,0.0,-0.01,-1,-1,-0.01,-1,-1,-0.01,-1,-1,-0.01,-1,-1,-0.01,-1,-1,-0.01,-1,-1,-0.01,-1,-1,-0.01,-1,-1,-0.01,-1,-1,-0.01,-1,-1
99926009,2026-05-18 09:28:10+05:30,53022.5,0,0.0,0,0.0,0.0,53282.15,53308.4,52946.35,53710.35,0,0.0,0.0,0.0,0.0,-0.01,-1,-1,-0.01,-1,-1,-0.01,-1,-1,-0.01,-1,-1,-0.01,-1,-1,-0.01,-1,-1,-0.01,-1,-1,-0.01,-1,-1,-0.01,-1,-1,-0.01,-1,-1
99926009,2026-05-18 09:28:10+05:30,53020.8,0,0.0,0,0.0,0.0,53282.15,53308.4,52946.35,53710.35,0,0.0,0.0,0.0,0.0,-0.01,-1,-1,-0.01,-1,-1,-0.01,-1,-1,-0.01,-1,-1,-0.01,-1,-1,-0.01,-1,-1,-0.01,-1,-1,-0.01,-1,-1,-0.01,-1,-1,-0.01,-1,-1
99926009,2026-05-18 09:28:11+05:30,53022.45,0,0.0,0,0.0,0.0,53282.15,53308.4,52946.35,53710.35,0,0.0,0.0,0.0,0.0,-0.01,-1,-1,-0.01,-1,-1,-0.01,-1,-1,-0.01,-1,-1,-0.01,-1,-1,-0.01,-1,-1,-0.01,-1,-1,-0.01,-1,-1,-0.01,-1,-1,-0.01,-1,-1
99926009,2026-05-18 09:28:11+05:30,53023.9,0,0.0,0,0.0,0.0,53282.15,53308.4,52946.35,53710.35,0,0.0,0.0,0.0,0.0,-0.01,-1,-1,-0.01,-1,-1,-0.01,-1,-1,-0.01,-1,-1,-0.01,-1,-1,-0.01,-1,-1,-0.01,-1,-1,-0.01,-1,-1,-0.01,-1,-1,-0.01,-1,-1
99926009,2026-05-18 09:28:12+05:30,53024.8,0,0.0,0,0.0,0.0,53282.15,53308.4,52946.35,53710.35,0,0.0,0.0,0.0,0.0,-0.01,-1,-1,-0.01,-1,-1,-0.01,-1,-1,-0.01,-1,-1,-0.01,-1,-1,-0.01,-1,-1,-0.01,-1,-1,-0.01,-1,-1,-0.01,-1,-1,-0.01,-1,-1
99926009,2026-05-18 09:28:12+05:30,53028.2,0,0.0,0,0.0,0.0,53282.15,53308.4,52946.35,53710.35,0,0.0,0.0,0.0,0.0,-0.01,-1,-1,-0.01,-1,-1,-0.01,-1,-1,-0.01,-1,-1,-0.01,-1,-1,-0.01,-1,-1,-0.01,-1,-1,-0.01,-1,-1,-0.01,-1,-1,-0.01,-1,-1
99926009,2026-05-18 09:28:13+05:30,53028.2,0,0.0,0,0.0,0.0,53282.15,53308.4,52946.35,53710.35,0,0.0,0.0,0.0,0.0,-0.01,-1,-1,-0.01,-1,-1,-0.01,-1,-1,-0.01,-1,-1,-0.01,-1,-1,-0.01,-1,-1,-0.01,-1,-1,-0.01,-1,-1,-0.01,-1,-1,-0.01,-1,-1
99926009,2026-05-18 09:28:13+05:30,53023.1,0,0.0,0,0.0,0.0,53282.15,53308.4,52946.35,53710.35,0,0.0,0.0,0.0,0.0,-0.01,-1,-1,-0.01,-1,-1,-0.01,-1,-1,-0.01,-1,-1,-0.01,-1,-1,-0.01,-1,-1,-0.01,-1,-1,-0.01,-1,-1,-0.01,-1,-1,-0.01,-1,-1
99926009,2026-05-18 09:28:14+05:30,53021.95,0,0.0,0,0.0,0.0,53282.15,53308.4,52946.35,53710.35,0,0.0,0.0,0.0,0.0,-0.01,-1,-1,-0.01,-1,-1,-0.01,-1,-1,-0.01,-1,-1,-0.01,-1,-1,-0.01,-1,-1,-0.01,-1,-1,-0.01,-1,-1,-0.01,-1,-1,-0.01,-1,-1
99926009,2026-05-18 09:28:14+05:30,53016.05,0,0.0,0,0.0,0.0,53282.15,53308.4,52946.35,53710.35,0,0.0,0.0,0.0,0.0,-0.01,-1,-1,-0.01,-1,-1,-0.01,-1,-1,-0.01,-1,-1,-0.01,-1,-1,-0.01,-1,-1,-0.01,-1,-1,-0.01,-1,-1,-0.01,-1,-1,-0.01,-1,-1
99926009,2026-05-18 09:28:15+05:30,53022.8,0,0.0,0,0.0,0.0,53282.15,53308.4,52946.35,53710.35,0,0.0,0.0,0.0,0.0,-0.01,-1,-1,-0.01,-1,-1,-0.01,-1,-1,-0.01,-1,-1,-0.01,-1,-1,-0.01,-1,-1,-0.01,-1,-1,-0.01,-1,-1,-0.01,-1,-1,-0.01,-1,-1
99926009,2026-05-18 09:28:15+05:30,53022.35,0,0.0,0,0.0,0.0,53282.15,53308.4,52946.35,53710.35,0,0.0,0.0,0.0,0.0,-0.01,-1,-1,-0.01,-1,-1,-0.01,-1,-1,-0.01,-1,-1,-0.01,-1,-1,-0.01,-1,-1,-0.01,-1,-1,-0.01,-1,-1,-0.01,-1,-1,-0.01,-1,-1
99926009,2026-05-18 09:28:16+05:30,53023.0,0,0.0,0,0.0,0.0,53282.15,53308.4,52946.35,53710.35,0,0.0,0.0,0.0,0.0,-0.01,-1,-1,-0.01,-1,-1,-0.01,-1,-1,-0.01,-1,-1,-0.01,-1,-1,-0.01,-1,-1,-0.01,-1,-1,-0.01,-1,-1,-0.01,-1,-1,-0.01,-1,-1
99926009,2026-05-18 09:28:16+05:30,53021.0,0,0.0,0,0.0,0.0,53282.15,53308.4,52946.35,53710.35,0,0.0,0.0,0.0,0.0,-0.01,-1,-1,-0.01,-1,-1,-0.01,-1,-1,-0.01,-1,-1,-0.01,-1,-1,-0.01,-1,-1,-0.01,-1,-1,-0.01,-1,-1,-0.01,-1,-1,-0.01,-1,-1
99926009,2026-05-18 09:28:17+05:30,53023.65,0,0.0,0,0.0,0.0,53282.15,53308.4,52946.35,53710.35,0,0.0,0.0,0.0,0.0,-0.01,-1,-1,-0.01,-1,-1,-0.01,-1,-1,-0.01,-1,-1,-0.01,-1,-1,-0.01,-1,-1,-0.01,-1,-1,-0.01,-1,-1,-0.01,-1,-1,-0.01,-1,-1
99926009,2026-05-18 09:28:17+05:30,53021.95,0,0.0,0,0.0,0.0,53282.15,53308.4,52946.35,53710.35,0,0.0,0.0,0.0,0.0,-0.01,-1,-1,-0.01,-1,-1,-0.01,-1,-1,-0.01,-1,-1,-0.01,-1,-1,-0.01,-1,-1,-0.01,-1,-1,-0.01,-1,-1,-0.01,-1,-1,-0.01,-1,-1
99926009,2026-05-18 09:28:18+05:30,53020.8,0,0.0,0,0.0,0.0,53282.15,53308.4,52946.35,53710.35,0,0.0,0.0,0.0,0.0,-0.01,-1,-1,-0.01,-1,-1,-0.01,-1,-1,-0.01,-1,-1,-0.01,-1,-1,-0.01,-1,-1,-0.01,-1,-1,-0.01,-1,-1,-0.01,-1,-1,-0.01,-1,-1
99926009,2026-05-18 09:28:18+05:30,53019.1,0,0.0,0,0.0,0.0,53282.15,53308.4,52946.35,53710.35,0,0.0,0.0,0.0,0.0,-0.01,-1,-1,-0.01,-1,-1,-0.01,-1,-1,-0.01,-1,-1,-0.01,-1,-1,-0.01,-1,-1,-0.01,-1,-1,-0.01,-1,-1,-0.01,-1,-1,-0.01,-1,-1
99926009,2026-05-18 09:28:19+05:30,53018.25,0,0.0,0,0.0,0.0,53282.15,53308.4,52946.35,53710.35,0,0.0,0.0,0.0,0.0,-0.01,-1,-1,-0.01,-1,-1,-0.01,-1,-1,-0.01,-1,-1,-0.01,-1,-1,-0.01,-1,-1,-0.01,-1,-1,-0.01,-1,-1,-0.01,-1,-1,-0.01,-1,-1
99926009,2026-05-18 09:28:19+05:30,53013.55,0,0.0,0,0.0,0.0,53282.15,53308.4,52946.35,53710.35,0,0.0,0.0,0.0,0.0,-0.01,-1,-1,-0.01,-1,-1,-0.01,-1,-1,-0.01,-1,-1,-0.01,-1,-1,-0.01,-1,-1,-0.01,-1,-1,-0.01,-1,-1,-0.01,-1,-1,-0.01,-1,-1
99926009,2026-05-18 09:28:20+05:30,53013.45,0,0.0,0,0.0,0.0,53282.15,53308.4,52946.35,53710.35,0,0.0,0.0,0.0,0.0,-0.01,-1,-1,-0.01,-1,-1,-0.01,-1,-1,-0.01,-1,-1,-0.01,-1,-1,-0.01,-1,-1,-0.01,-1,-1,-0.01,-1,-1,-0.01,-1,-1,-0.01,-1,-1
99926009,2026-05-18 09:28:20+05:30,53019.5,0,0.0,0,0.0,0.0,53282.15,53308.4,52946.35,53710.35,0,0.0,0.0,0.0,0.0,-0.01,-1,-1,-0.01,-1,-1,-0.01,-1,-1,-0.01,-1,-1,-0.01,-1,-1,-0.01,-1,-1,-0.01,-1,-1,-0.01,-1,-1,-0.01,-1,-1,-0.01,-1,-1
99926009,2026-05-18 09:28:21+05:30,53015.45,0,0.0,0,0.0,0.0,53282.15,53308.4,52946.35,53710.35,0,0.0,0.0,0.0,0.0,-0.01,-1,-1,-0.01,-1,-1,-0.01,-1,-1,-0.01,-1,-1,-0.01,-1,-1,-0.01,-1,-1,-0.01,-1,-1,-0.01,-1,-1,-0.01,-1,-1,-0.01,-1,-1
99926009,2026-05-18 09:28:21+05:30,53018.65,0,0.0,0,0.0,0.0,53282.15,53308.4,52946.35,53710.35,0,0.0,0.0,0.0,0.0,-0.01,-1,-1,-0.01,-1,-1,-0.01,-1,-1,-0.01,-1,-1,-0.01,-1,-1,-0.01,-1,-1,-0.01,-1,-1,-0.01,-1,-1,-0.01,-1,-1,-0.01,-1,-1
99926009,2026-05-18 09:28:22+05:30,53013.45,0,0.0,0,0.0,0.0,53282.15,53308.4,52946.35,53710.35,0,0.0,0.0,0.0,0.0,-0.01,-1,-1,-0.01,-1,-1,-0.01,-1,-1,-0.01,-1,-1,-0.01,-1,-1,-0.01,-1,-1,-0.01,-1,-1,-0.01,-1,-1,-0.01,-1,-1,-0.01,-1,-1
99926009,2026-05-18 09:28:22+05:30,53016.8,0,0.0,0,0.0,0.0,53282.15,53308.4,52946.35,53710.35,0,0.0,0.0,0.0,0.0,-0.01,-1,-1,-0.01,-1,-1,-0.01,-1,-1,-0.01,-1,-1,-0.01,-1,-1,-0.01,-1,-1,-0.01,-1,-1,-0.01,-1,-1,-0.01,-1,-1,-0.01,-1,-1
99926009,2026-05-18 09:28:23+05:30,53018.15,0,0.0,0,0.0,0.0,53282.15,53308.4,52946.35,53710.35,0,0.0,0.0,0.0,0.0,-0.01,-1,-1,-0.01,-1,-1,-0.01,-1,-1,-0.01,-1,-1,-0.01,-1,-1,-0.01,-1,-1,-0.01,-1,-1,-0.01,-1,-1,-0.01,-1,-1,-0.01,-1,-1
99926009,2026-05-18 09:28:23+05:30,53017.1,0,0.0,0,0.0,0.0,53282.15,53308.4,52946.35,53710.35,0,0.0,0.0,0.0,0.0,-0.01,-1,-1,-0.01,-1,-1,-0.01,-1,-1,-0.01,-1,-1,-0.01,-1,-1,-0.01,-1,-1,-0.01,-1,-1,-0.01,-1,-1,-0.01,-1,-1,-0.01,-1,-1
99926009,2026-05-18 09:28:24+05:30,53016.4,0,0.0,0,0.0,0.0,53282.15,53308.4,52946.35,53710.35,0,0.0,0.0,0.0,0.0,-0.01,-1,-1,-0.01,-1,-1,-0.01,-1,-1,-0.01,-1,-1,-0.01,-1,-1,-0.01,-1,-1,-0.01,-1,-1,-0.01,-1,-1,-0.01,-1,-1,-0.01,-1,-1
99926009,2026-05-18 09:28:24+05:30,53015.5,0,0.0,0,0.0,0.0,53282.15,53308.4,52946.35,53710.35,0,0.0,0.0,0.0,0.0,-0.01,-1,-1,-0.01,-1,-1,-0.01,-1,-1,-0.01,-1,-1,-0.01,-1,-1,-0.01,-1,-1,-0.01,-1,-1,-0.01,-1,-1,-0.01,-1,-1,-0.01,-1,-1
99926009,2026-05-18 09:28:25+05:30,53016.5,0,0.0,0,0.0,0.0,53282.15,53308.4,52946.35,53710.35,0,0.0,0.0,0.0,0.0,-0.01,-1,-1,-0.01,-1,-1,-0.01,-1,-1,-0.01,-1,-1,-0.01,-1,-1,-0.01,-1,-1,-0.01,-1,-1,-0.01,-1,-1,-0.01,-1,-1,-0.01,-1,-1
99926009,2026-05-18 09:28:25+05:30,53017.4,0,0.0,0,0.0,0.0,53282.15,53308.4,52946.35,53710.35,0,0.0,0.0,0.0,0.0,-0.01,-1,-1,-0.01,-1,-1,-0.01,-1,-1,-0.01,-1,-1,-0.01,-1,-1,-0.01,-1,-1,-0.01,-1,-1,-0.01,-1,-1,-0.01,-1,-1,-0.01,-1,-1
99926009,2026-05-18 09:28:26+05:30,53017.6,0,0.0,0,0.0,0.0,53282.15,53308.4,52946.35,53710.35,0,0.0,0.0,0.0,0.0,-0.01,-1,-1,-0.01,-1,-1,-0.01,-1,-1,-0.01,-1,-1,-0.01,-1,-1,-0.01,-1,-1,-0.01,-1,-1,-0.01,-1,-1,-0.01,-1,-1,-0.01,-1,-1
99926009,2026-05-18 09:28:26+05:30,53021.75,0,0.0,0,0.0,0.0,53282.15,53308.4,52946.35,53710.35,0,0.0,0.0,0.0,0.0,-0.01,-1,-1,-0.01,-1,-1,-0.01,-1,-1,-0.01,-1,-1,-0.01,-1,-1,-0.01,-1,-1,-0.01,-1,-1,-0.01,-1,-1,-0.01,-1,-1,-0.01,-1,-1
99926009,2026-05-18 09:28:27+05:30,53015.15,0,0.0,0,0.0,0.0,53282.15,53308.4,52946.35,53710.35,0,0.0,0.0,0.0,0.0,-0.01,-1,-1,-0.01,-1,-1,-0.01,-1,-1,-0.01,-1,-1,-0.01,-1,-1,-0.01,-1,-1,-0.01,-1,-1,-0.01,-1,-1,-0.01,-1,-1,-0.01,-1,-1
99926009,2026-05-18 09:28:27+05:30,53015.65,0,0.0,0,0.0,0.0,53282.15,53308.4,52946.35,53710.35,0,0.0,0.0,0.0,0.0,-0.01,-1,-1,-0.01,-1,-1,-0.01,-1,-1,-0.01,-1,-1,-0.01,-1,-1,-0.01,-1,-1,-0.01,-1,-1,-0.01,-1,-1,-0.01,-1,-1,-0.01,-1,-1
99926009,2026-05-18 09:28:28+05:30,53016.2,0,0.0,0,0.0,0.0,53282.15,53308.4,52946.35,53710.35,0,0.0,0.0,0.0,0.0,-0.01,-1,-1,-0.01,-1,-1,-0.01,-1,-1,-0.01,-1,-1,-0.01,-1,-1,-0.01,-1,-1,-0.01,-1,-1,-0.01,-1,-1,-0.01,-1,-1,-0.01,-1,-1
99926009,2026-05-18 09:28:28+05:30,53014.95,0,0.0,0,0.0,0.0,53282.15,53308.4,52946.35,53710.35,0,0.0,0.0,0.0,0.0,-0.01,-1,-1,-0.01,-1,-1,-0.01,-1,-1,-0.01,-1,-1,-0.01,-1,-1,-0.01,-1,-1,-0.01,-1,-1,-0.01,-1,-1,-0.01,-1,-1,-0.01,-1,-1
99926009,2026-05-18 09:28:29+05:30,53014.55,0,0.0,0,0.0,0.0,53282.15,53308.4,52946.35,53710.35,0,0.0,0.0,0.0,0.0,-0.01,-1,-1,-0.01,-1,-1,-0.01,-1,-1,-0.01,-1,-1,-0.01,-1,-1,-0.01,-1,-1,-0.01,-1,-1,-0.01,-1,-1,-0.01,-1,-1,-0.01,-1,-1
99926009,2026-05-18 09:28:29+05:30,53013.85,0,0.0,0,0.0,0.0,53282.15,53308.4,52946.35,53710.35,0,0.0,0.0,0.0,0.0,-0.01,-1,-1,-0.01,-1,-1,-0.01,-1,-1,-0.01,-1,-1,-0.01,-1,-1,-0.01,-1,-1,-0.01,-1,-1,-0.01,-1,-1,-0.01,-1,-1,-0.01,-1,-1
99926009,2026-05-18 09:28:30+05:30,53010.15,0,0.0,0,0.0,0.0,53282.15,53308.4,52946.35,53710.35,0,0.0,0.0,0.0,0.0,-0.01,-1,-1,-0.01,-1,-1,-0.01,-1,-1,-0.01,-1,-1,-0.01,-1,-1,-0.01,-1,-1,-0.01,-1,-1,-0.01,-1,-1,-0.01,-1,-1,-0.01,-1,-1
99926009,2026-05-18 09:28:30+05:30,53010.0,0,0.0,0,0.0,0.0,53282.15,53308.4,52946.35,53710.35,0,0.0,0.0,0.0,0.0,-0.01,-1,-1,-0.01,-1,-1,-0.01,-1,-1,-0.01,-1,-1,-0.01,-1,-1,-0.01,-1,-1,-0.01,-1,-1,-0.01,-1,-1,-0.01,-1,-1,-0.01,-1,-1
99926009,2026-05-18 09:28:31+05:30,53009.45,0,0.0,0,0.0,0.0,53282.15,53308.4,52946.35,53710.35,0,0.0,0.0,0.0,0.0,-0.01,-1,-1,-0.01,-1,-1,-0.01,-1,-1,-0.01,-1,-1,-0.01,-1,-1,-0.01,-1,-1,-0.01,-1,-1,-0.01,-1,-1,-0.01,-1,-1,-0.01,-1,-1
99926009,2026-05-18 09:28:31+05:30,53007.55,0,0.0,0,0.0,0.0,53282.15,53308.4,52946.35,53710.35,0,0.0,0.0,0.0,0.0,-0.01,-1,-1,-0.01,-1,-1,-0.01,-1,-1,-0.01,-1,-1,-0.01,-1,-1,-0.01,-1,-1,-0.01,-1,-1,-0.01,-1,-1,-0.01,-1,-1,-0.01,-1,-1
99926009,2026-05-18 09:28:32+05:30,53004.4,0,0.0,0,0.0,0.0,53282.15,53308.4,52946.35,53710.35,0,0.0,0.0,0.0,0.0,-0.01,-1,-1,-0.01,-1,-1,-0.01,-1,-1,-0.01,-1,-1,-0.01,-1,-1,-0.01,-1,-1,-0.01,-1,-1,-0.01,-1,-1,-0.01,-1,-1,-0.01,-1,-1
99926009,2026-05-18 09:28:32+05:30,53006.2,0,0.0,0,0.0,0.0,53282.15,53308.4,52946.35,53710.35,0,0.0,0.0,0.0,0.0,-0.01,-1,-1,-0.01,-1,-1,-0.01,-1,-1,-0.01,-1,-1,-0.01,-1,-1,-0.01,-1,-1,-0.01,-1,-1,-0.01,-1,-1,-0.01,-1,-1,-0.01,-1,-1
99926009,2026-05-18 09:28:33+05:30,53005.25,0,0.0,0,0.0,0.0,53282.15,53308.4,52946.35,53710.35,0,0.0,0.0,0.0,0.0,-0.01,-1,-1,-0.01,-1,-1,-0.01,-1,-1,-0.01,-1,-1,-0.01,-1,-1,-0.01,-1,-1,-0.01,-1,-1,-0.01,-1,-1,-0.01,-1,-1,-0.01,-1,-1
99926009,2026-05-18 09:28:33+05:30,53004.25,0,0.0,0,0.0,0.0,53282.15,53308.4,52946.35,53710.35,0,0.0,0.0,0.0,0.0,-0.01,-1,-1,-0.01,-1,-1,-0.01,-1,-1,-0.01,-1,-1,-0.01,-1,-1,-0.01,-1,-1,-0.01,-1,-1,-0.01,-1,-1,-0.01,-1,-1,-0.01,-1,-1
99926009,2026-05-18 09:28:34+05:30,53009.15,0,0.0,0,0.0,0.0,53282.15,53308.4,52946.35,53710.35,0,0.0,0.0,0.0,0.0,-0.01,-1,-1,-0.01,-1,-1,-0.01,-1,-1,-0.01,-1,-1,-0.01,-1,-1,-0.01,-1,-1,-0.01,-1,-1,-0.01,-1,-1,-0.01,-1,-1,-0.01,-1,-1
99926009,2026-05-18 09:28:34+05:30,53008.2,0,0.0,0,0.0,0.0,53282.15,53308.4,52946.35,53710.35,0,0.0,0.0,0.0,0.0,-0.01,-1,-1,-0.01,-1,-1,-0.01,-1,-1,-0.01,-1,-1,-0.01,-1,-1,-0.01,-1,-1,-0.01,-1,-1,-0.01,-1,-1,-0.01,-1,-1,-0.01,-1,-1
99926009,2026-05-18 09:28:35+05:30,53007.65,0,0.0,0,0.0,0.0,53282.15,53308.4,52946.35,53710.35,0,0.0,0.0,0.0,0.0,-0.01,-1,-1,-0.01,-1,-1,-0.01,-1,-1,-0.01,-1,-1,-0.01,-1,-1,-0.01,-1,-1,-0.01,-1,-1,-0.01,-1,-1,-0.01,-1,-1,-0.01,-1,-1
99926009,2026-05-18 09:28:35+05:30,53008.3,0,0.0,0,0.0,0.0,53282.15,53308.4,52946.35,53710.35,0,0.0,0.0,0.0,0.0,-0.01,-1,-1,-0.01,-1,-1,-0.01,-1,-1,-0.01,-1,-1,-0.01,-1,-1,-0.01,-1,-1,-0.01,-1,-1,-0.01,-1,-1,-0.01,-1,-1,-0.01,-1,-1
99926009,2026-05-18 09:28:36+05:30,53007.85,0,0.0,0,0.0,0.0,53282.15,53308.4,52946.35,53710.35,0,0.0,0.0,0.0,0.0,-0.01,-1,-1,-0.01,-1,-1,-0.01,-1,-1,-0.01,-1,-1,-0.01,-1,-1,-0.01,-1,-1,-0.01,-1,-1,-0.01,-1,-1,-0.01,-1,-1,-0.01,-1,-1
99926009,2026-05-18 09:28:36+05:30,53008.35,0,0.0,0,0.0,0.0,53282.15,53308.4,52946.35,53710.35,0,0.0,0.0,0.0,0.0,-0.01,-1,-1,-0.01,-1,-1,-0.01,-1,-1,-0.01,-1,-1,-0.01,-1,-1,-0.01,-1,-1,-0.01,-1,-1,-0.01,-1,-1,-0.01,-1,-1,-0.01,-1,-1
99926009,2026-05-18 09:28:37+05:30,53005.1,0,0.0,0,0.0,0.0,53282.15,53308.4,52946.35,53710.35,0,0.0,0.0,0.0,0.0,-0.01,-1,-1,-0.01,-1,-1,-0.01,-1,-1,-0.01,-1,-1,-0.01,-1,-1,-0.01,-1,-1,-0.01,-1,-1,-0.01,-1,-1,-0.01,-1,-1,-0.01,-1,-1
99926009,2026-05-18 09:28:37+05:30,53002.4,0,0.0,0,0.0,0.0,53282.15,53308.4,52946.35,53710.35,0,0.0,0.0,0.0,0.0,-0.01,-1,-1,-0.01,-1,-1,-0.01,-1,-1,-0.01,-1,-1,-0.01,-1,-1,-0.01,-1,-1,-0.01,-1,-1,-0.01,-1,-1,-0.01,-1,-1,-0.01,-1,-1
99926009,2026-05-18 09:28:38+05:30,53003.35,0,0.0,0,0.0,0.0,53282.15,53308.4,52946.35,53710.35,0,0.0,0.0,0.0,0.0,-0.01,-1,-1,-0.01,-1,-1,-0.01,-1,-1,-0.01,-1,-1,-0.01,-1,-1,-0.01,-1,-1,-0.01,-1,-1,-0.01,-1,-1,-0.01,-1,-1,-0.01,-1,-1
99926009,2026-05-18 09:28:38+05:30,53004.4,0,0.0,0,0.0,0.0,53282.15,53308.4,52946.35,53710.35,0,0.0,0.0,0.0,0.0,-0.01,-1,-1,-0.01,-1,-1,-0.01,-1,-1,-0.01,-1,-1,-0.01,-1,-1,-0.01,-1,-1,-0.01,-1,-1,-0.01,-1,-1,-0.01,-1,-1,-0.01,-1,-1
99926009,2026-05-18 09:28:39+05:30,53003.95,0,0.0,0,0.0,0.0,53282.15,53308.4,52946.35,53710.35,0,0.0,0.0,0.0,0.0,-0.01,-1,-1,-0.01,-1,-1,-0.01,-1,-1,-0.01,-1,-1,-0.01,-1,-1,-0.01,-1,-1,-0.01,-1,-1,-0.01,-1,-1,-0.01,-1,-1,-0.01,-1,-1
99926009,2026-05-18 09:28:39+05:30,53004.95,0,0.0,0,0.0,0.0,53282.15,53308.4,52946.35,53710.35,0,0.0,0.0,0.0,0.0,-0.01,-1,-1,-0.01,-1,-1,-0.01,-1,-1,-0.01,-1,-1,-0.01,-1,-1,-0.01,-1,-1,-0.01,-1,-1,-0.01,-1,-1,-0.01,-1,-1,-0.01,-1,-1
99926009,2026-05-18 09:28:40+05:30,53005.8,0,0.0,0,0.0,0.0,53282.15,53308.4,52946.35,53710.35,0,0.0,0.0,0.0,0.0,-0.01,-1,-1,-0.01,-1,-1,-0.01,-1,-1,-0.01,-1,-1,-0.01,-1,-1,-0.01,-1,-1,-0.01,-1,-1,-0.01,-1,-1,-0.01,-1,-1,-0.01,-1,-1
99926009,2026-05-18 09:28:40+05:30,53001.35,0,0.0,0,0.0,0.0,53282.15,53308.4,52946.35,53710.35,0,0.0,0.0,0.0,0.0,-0.01,-1,-1,-0.01,-1,-1,-0.01,-1,-1,-0.01,-1,-1,-0.01,-1,-1,-0.01,-1,-1,-0.01,-1,-1,-0.01,-1,-1,-0.01,-1,-1,-0.01,-1,-1
99926009,2026-05-18 09:28:41+05:30,53000.85,0,0.0,0,0.0,0.0,53282.15,53308.4,52946.35,53710.35,0,0.0,0.0,0.0,0.0,-0.01,-1,-1,-0.01,-1,-1,-0.01,-1,-1,-0.01,-1,-1,-0.01,-1,-1,-0.01,-1,-1,-0.01,-1,-1,-0.01,-1,-1,-0.01,-1,-1,-0.01,-1,-1
99926009,2026-05-18 09:28:41+05:30,53004.6,0,0.0,0,0.0,0.0,53282.15,53308.4,52946.35,53710.35,0,0.0,0.0,0.0,0.0,-0.01,-1,-1,-0.01,-1,-1,-0.01,-1,-1,-0.01,-1,-1,-0.01,-1,-1,-0.01,-1,-1,-0.01,-1,-1,-0.01,-1,-1,-0.01,-1,-1,-0.01,-1,-1
99926009,2026-05-18 09:28:42+05:30,53002.5,0,0.0,0,0.0,0.0,53282.15,53308.4,52946.35,53710.35,0,0.0,0.0,0.0,0.0,-0.01,-1,-1,-0.01,-1,-1,-0.01,-1,-1,-0.01,-1,-1,-0.01,-1,-1,-0.01,-1,-1,-0.01,-1,-1,-0.01,-1,-1,-0.01,-1,-1,-0.01,-1,-1
99926009,2026-05-18 09:28:42+05:30,52996.55,0,0.0,0,0.0,0.0,53282.15,53308.4,52946.35,53710.35,0,0.0,0.0,0.0,0.0,-0.01,-1,-1,-0.01,-1,-1,-0.01,-1,-1,-0.01,-1,-1,-0.01,-1,-1,-0.01,-1,-1,-0.01,-1,-1,-0.01,-1,-1,-0.01,-1,-1,-0.01,-1,-1
99926009,2026-05-18 09:28:43+05:30,52996.75,0,0.0,0,0.0,0.0,53282.15,53308.4,52946.35,53710.35,0,0.0,0.0,0.0,0.0,-0.01,-1,-1,-0.01,-1,-1,-0.01,-1,-1,-0.01,-1,-1,-0.01,-1,-1,-0.01,-1,-1,-0.01,-1,-1,-0.01,-1,-1,-0.01,-1,-1,-0.01,-1,-1
99926009,2026-05-18 09:28:43+05:30,52995.7,0,0.0,0,0.0,0.0,53282.15,53308.4,52946.35,53710.35,0,0.0,0.0,0.0,0.0,-0.01,-1,-1,-0.01,-1,-1,-0.01,-1,-1,-0.01,-1,-1,-0.01,-1,-1,-0.01,-1,-1,-0.01,-1,-1,-0.01,-1,-1,-0.01,-1,-1,-0.01,-1,-1
99926009,2026-05-18 09:28:44+05:30,52989.8,0,0.0,0,0.0,0.0,53282.15,53308.4,52946.35,53710.35,0,0.0,0.0,0.0,0.0,-0.01,-1,-1,-0.01,-1,-1,-0.01,-1,-1,-0.01,-1,-1,-0.01,-1,-1,-0.01,-1,-1,-0.01,-1,-1,-0.01,-1,-1,-0.01,-1,-1,-0.01,-1,-1
99926009,2026-05-18 09:28:44+05:30,52995.0,0,0.0,0,0.0,0.0,53282.15,53308.4,52946.35,53710.35,0,0.0,0.0,0.0,0.0,-0.01,-1,-1,-0.01,-1,-1,-0.01,-1,-1,-0.01,-1,-1,-0.01,-1,-1,-0.01,-1,-1,-0.01,-1,-1,-0.01,-1,-1,-0.01,-1,-1,-0.01,-1,-1
99926009,2026-05-18 09:28:45+05:30,52994.75,0,0.0,0,0.0,0.0,53282.15,53308.4,52946.35,53710.35,0,0.0,0.0,0.0,0.0,-0.01,-1,-1,-0.01,-1,-1,-0.01,-1,-1,-0.01,-1,-1,-0.01,-1,-1,-0.01,-1,-1,-0.01,-1,-1,-0.01,-1,-1,-0.01,-1,-1,-0.01,-1,-1
99926009,2026-05-18 09:28:45+05:30,52993.65,0,0.0,0,0.0,0.0,53282.15,53308.4,52946.35,53710.35,0,0.0,0.0,0.0,0.0,-0.01,-1,-1,-0.01,-1,-1,-0.01,-1,-1,-0.01,-1,-1,-0.01,-1,-1,-0.01,-1,-1,-0.01,-1,-1,-0.01,-1,-1,-0.01,-1,-1,-0.01,-1,-1
99926009,2026-05-18 09:28:46+05:30,52987.15,0,0.0,0,0.0,0.0,53282.15,53308.4,52946.35,53710.35,0,0.0,0.0,0.0,0.0,-0.01,-1,-1,-0.01,-1,-1,-0.01,-1,-1,-0.01,-1,-1,-0.01,-1,-1,-0.01,-1,-1,-0.01,-1,-1,-0.01,-1,-1,-0.01,-1,-1,-0.01,-1,-1
99926009,2026-05-18 09:28:46+05:30,52985.6,0,0.0,0,0.0,0.0,53282.15,53308.4,52946.35,53710.35,0,0.0,0.0,0.0,0.0,-0.01,-1,-1,-0.01,-1,-1,-0.01,-1,-1,-0.01,-1,-1,-0.01,-1,-1,-0.01,-1,-1,-0.01,-1,-1,-0.01,-1,-1,-0.01,-1,-1,-0.01,-1,-1
99926009,2026-05-18 09:28:47+05:30,52984.65,0,0.0,0,0.0,0.0,53282.15,53308.4,52946.35,53710.35,0,0.0,0.0,0.0,0.0,-0.01,-1,-1,-0.01,-1,-1,-0.01,-1,-1,-0.01,-1,-1,-0.01,-1,-1,-0.01,-1,-1,-0.01,-1,-1,-0.01,-1,-1,-0.01,-1,-1,-0.01,-1,-1
99926009,2026-05-18 09:28:47+05:30,52983.65,0,0.0,0,0.0,0.0,53282.15,53308.4,52946.35,53710.35,0,0.0,0.0,0.0,0.0,-0.01,-1,-1,-0.01,-1,-1,-0.01,-1,-1,-0.01,-1,-1,-0.01,-1,-1,-0.01,-1,-1,-0.01,-1,-1,-0.01,-1,-1,-0.01,-1,-1,-0.01,-1,-1
99926009,2026-05-18 09:28:48+05:30,52984.35,0,0.0,0,0.0,0.0,53282.15,53308.4,52946.35,53710.35,0,0.0,0.0,0.0,0.0,-0.01,-1,-1,-0.01,-1,-1,-0.01,-1,-1,-0.01,-1,-1,-0.01,-1,-1,-0.01,-1,-1,-0.01,-1,-1,-0.01,-1,-1,-0.01,-1,-1,-0.01,-1,-1
99926009,2026-05-18 09:28:48+05:30,52982.9,0,0.0,0,0.0,0.0,53282.15,53308.4,52946.35,53710.35,0,0.0,0.0,0.0,0.0,-0.01,-1,-1,-0.01,-1,-1,-0.01,-1,-1,-0.01,-1,-1,-0.01,-1,-1,-0.01,-1,-1,-0.01,-1,-1,-0.01,-1,-1,-0.01,-1,-1,-0.01,-1,-1
99926009,2026-05-18 09:28:49+05:30,52985.6,0,0.0,0,0.0,0.0,53282.15,53308.4,52946.35,53710.35,0,0.0,0.0,0.0,0.0,-0.01,-1,-1,-0.01,-1,-1,-0.01,-1,-1,-0.01,-1,-1,-0.01,-1,-1,-0.01,-1,-1,-0.01,-1,-1,-0.01,-1,-1,-0.01,-1,-1,-0.01,-1,-1
99926009,2026-05-18 09:28:49+05:30,52979.7,0,0.0,0,0.0,0.0,53282.15,53308.4,52946.35,53710.35,0,0.0,0.0,0.0,0.0,-0.01,-1,-1,-0.01,-1,-1,-0.01,-1,-1,-0.01,-1,-1,-0.01,-1,-1,-0.01,-1,-1,-0.01,-1,-1,-0.01,-1,-1,-0.01,-1,-1,-0.01,-1,-1
99926009,2026-05-18 09:28:50+05:30,52980.95,0,0.0,0,0.0,0.0,53282.15,53308.4,52946.35,53710.35,0,0.0,0.0,0.0,0.0,-0.01,-1,-1,-0.01,-1,-1,-0.01,-1,-1,-0.01,-1,-1,-0.01,-1,-1,-0.01,-1,-1,-0.01,-1,-1,-0.01,-1,-1,-0.01,-1,-1,-0.01,-1,-1
99926009,2026-05-18 09:28:50+05:30,52980.45,0,0.0,0,0.0,0.0,53282.15,53308.4,52946.35,53710.35,0,0.0,0.0,0.0,0.0,-0.01,-1,-1,-0.01,-1,-1,-0.01,-1,-1,-0.01,-1,-1,-0.01,-1,-1,-0.01,-1,-1,-0.01,-1,-1,-0.01,-1,-1,-0.01,-1,-1,-0.01,-1,-1
99926009,2026-05-18 09:28:51+05:30,52976.5,0,0.0,0,0.0,0.0,53282.15,53308.4,52946.35,53710.35,0,0.0,0.0,0.0,0.0,-0.01,-1,-1,-0.01,-1,-1,-0.01,-1,-1,-0.01,-1,-1,-0.01,-1,-1,-0.01,-1,-1,-0.01,-1,-1,-0.01,-1,-1,-0.01,-1,-1,-0.01,-1,-1
99926009,2026-05-18 09:28:51+05:30,52980.35,0,0.0,0,0.0,0.0,53282.15,53308.4,52946.35,53710.35,0,0.0,0.0,0.0,0.0,-0.01,-1,-1,-0.01,-1,-1,-0.01,-1,-1,-0.01,-1,-1,-0.01,-1,-1,-0.01,-1,-1,-0.01,-1,-1,-0.01,-1,-1,-0.01,-1,-1,-0.01,-1,-1
99926009,2026-05-18 09:28:52+05:30,52980.85,0,0.0,0,0.0,0.0,53282.15,53308.4,52946.35,53710.35,0,0.0,0.0,0.0,0.0,-0.01,-1,-1,-0.01,-1,-1,-0.01,-1,-1,-0.01,-1,-1,-0.01,-1,-1,-0.01,-1,-1,-0.01,-1,-1,-0.01,-1,-1,-0.01,-1,-1,-0.01,-1,-1
99926009,2026-05-18 09:28:52+05:30,52978.85,0,0.0,0,0.0,0.0,53282.15,53308.4,52946.35,53710.35,0,0.0,0.0,0.0,0.0,-0.01,-1,-1,-0.01,-1,-1,-0.01,-1,-1,-0.01,-1,-1,-0.01,-1,-1,-0.01,-1,-1,-0.01,-1,-1,-0.01,-1,-1,-0.01,-1,-1,-0.01,-1,-1
99926009,2026-05-18 09:28:53+05:30,52980.85,0,0.0,0,0.0,0.0,53282.15,53308.4,52946.35,53710.35,0,0.0,0.0,0.0,0.0,-0.01,-1,-1,-0.01,-1,-1,-0.01,-1,-1,-0.01,-1,-1,-0.01,-1,-1,-0.01,-1,-1,-0.01,-1,-1,-0.01,-1,-1,-0.01,-1,-1,-0.01,-1,-1
99926009,2026-05-18 09:28:53+05:30,52975.95,0,0.0,0,0.0,0.0,53282.15,53308.4,52946.35,53710.35,0,0.0,0.0,0.0,0.0,-0.01,-1,-1,-0.01,-1,-1,-0.01,-1,-1,-0.01,-1,-1,-0.01,-1,-1,-0.01,-1,-1,-0.01,-1,-1,-0.01,-1,-1,-0.01,-1,-1,-0.01,-1,-1
99926009,2026-05-18 09:28:54+05:30,52971.1,0,0.0,0,0.0,0.0,53282.15,53308.4,52946.35,53710.35,0,0.0,0.0,0.0,0.0,-0.01,-1,-1,-0.01,-1,-1,-0.01,-1,-1,-0.01,-1,-1,-0.01,-1,-1,-0.01,-1,-1,-0.01,-1,-1,-0.01,-1,-1,-0.01,-1,-1,-0.01,-1,-1
99926009,2026-05-18 09:28:54+05:30,52970.3,0,0.0,0,0.0,0.0,53282.15,53308.4,52946.35,53710.35,0,0.0,0.0,0.0,0.0,-0.01,-1,-1,-0.01,-1,-1,-0.01,-1,-1,-0.01,-1,-1,-0.01,-1,-1,-0.01,-1,-1,-0.01,-1,-1,-0.01,-1,-1,-0.01,-1,-1,-0.01,-1,-1
99926009,2026-05-18 09:28:55+05:30,52973.9,0,0.0,0,0.0,0.0,53282.15,53308.4,52946.35,53710.35,0,0.0,0.0,0.0,0.0,-0.01,-1,-1,-0.01,-1,-1,-0.01,-1,-1,-0.01,-1,-1,-0.01,-1,-1,-0.01,-1,-1,-0.01,-1,-1,-0.01,-1,-1,-0.01,-1,-1,-0.01,-1,-1
99926009,2026-05-18 09:28:55+05:30,52979.45,0,0.0,0,0.0,0.0,53282.15,53308.4,52946.35,53710.35,0,0.0,0.0,0.0,0.0,-0.01,-1,-1,-0.01,-1,-1,-0.01,-1,-1,-0.01,-1,-1,-0.01,-1,-1,-0.01,-1,-1,-0.01,-1,-1,-0.01,-1,-1,-0.01,-1,-1,-0.01,-1,-1
99926009,2026-05-18 09:28:56+05:30,52978.5,0,0.0,0,0.0,0.0,53282.15,53308.4,52946.35,53710.35,0,0.0,0.0,0.0,0.0,-0.01,-1,-1,-0.01,-1,-1,-0.01,-1,-1,-0.01,-1,-1,-0.01,-1,-1,-0.01,-1,-1,-0.01,-1,-1,-0.01,-1,-1,-0.01,-1,-1,-0.01,-1,-1
99926009,2026-05-18 09:28:56+05:30,52980.55,0,0.0,0,0.0,0.0,53282.15,53308.4,52946.35,53710.35,0,0.0,0.0,0.0,0.0,-0.01,-1,-1,-0.01,-1,-1,-0.01,-1,-1,-0.01,-1,-1,-0.01,-1,-1,-0.01,-1,-1,-0.01,-1,-1,-0.01,-1,-1,-0.01,-1,-1,-0.01,-1,-1
99926009,2026-05-18 09:28:57+05:30,52976.95,0,0.0,0,0.0,0.0,53282.15,53308.4,52946.35,53710.35,0,0.0,0.0,0.0,0.0,-0.01,-1,-1,-0.01,-1,-1,-0.01,-1,-1,-0.01,-1,-1,-0.01,-1,-1,-0.01,-1,-1,-0.01,-1,-1,-0.01,-1,-1,-0.01,-1,-1,-0.01,-1,-1
99926009,2026-05-18 09:28:57+05:30,52972.95,0,0.0,0,0.0,0.0,53282.15,53308.4,52946.35,53710.35,0,0.0,0.0,0.0,0.0,-0.01,-1,-1,-0.01,-1,-1,-0.01,-1,-1,-0.01,-1,-1,-0.01,-1,-1,-0.01,-1,-1,-0.01,-1,-1,-0.01,-1,-1,-0.01,-1,-1,-0.01,-1,-1
99926009,2026-05-18 09:28:58+05:30,52969.05,0,0.0,0,0.0,0.0,53282.15,53308.4,52946.35,53710.35,0,0.0,0.0,0.0,0.0,-0.01,-1,-1,-0.01,-1,-1,-0.01,-1,-1,-0.01,-1,-1,-0.01,-1,-1,-0.01,-1,-1,-0.01,-1,-1,-0.01,-1,-1,-0.01,-1,-1,-0.01,-1,-1
99926009,2026-05-18 09:28:58+05:30,52968.3,0,0.0,0,0.0,0.0,53282.15,53308.4,52946.35,53710.35,0,0.0,0.0,0.0,0.0,-0.01,-1,-1,-0.01,-1,-1,-0.01,-1,-1,-0.01,-1,-1,-0.01,-1,-1,-0.01,-1,-1,-0.01,-1,-1,-0.01,-1,-1,-0.01,-1,-1,-0.01,-1,-1
99926009,2026-05-18 09:28:59+05:30,52966.2,0,0.0,0,0.0,0.0,53282.15,53308.4,52946.35,53710.35,0,0.0,0.0,0.0,0.0,-0.01,-1,-1,-0.01,-1,-1,-0.01,-1,-1,-0.01,-1,-1,-0.01,-1,-1,-0.01,-1,-1,-0.01,-1,-1,-0.01,-1,-1,-0.01,-1,-1,-0.01,-1,-1
99926009,2026-05-18 09:28:59+05:30,52971.25,0,0.0,0,0.0,0.0,53282.15,53308.4,52946.35,53710.35,0,0.0,0.0,0.0,0.0,-0.01,-1,-1,-0.01,-1,-1,-0.01,-1,-1,-0.01,-1,-1,-0.01,-1,-1,-0.01,-1,-1,-0.01,-1,-1,-0.01,-1,-1,-0.01,-1,-1,-0.01,-1,-1
99926009,2026-05-18 09:29:00+05:30,52968.35,0,0.0,0,0.0,0.0,53282.15,53308.4,52946.35,53710.35,0,0.0,0.0,0.0,0.0,-0.01,-1,-1,-0.01,-1,-1,-0.01,-1,-1,-0.01,-1,-1,-0.01,-1,-1,-0.01,-1,-1,-0.01,-1,-1,-0.01,-1,-1,-0.01,-1,-1,-0.01,-1,-1
99926009,2026-05-18 09:29:00+05:30,52967.2,0,0.0,0,0.0,0.0,53282.15,53308.4,52946.35,53710.35,0,0.0,0.0,0.0,0.0,-0.01,-1,-1,-0.01,-1,-1,-0.01,-1,-1,-0.01,-1,-1,-0.01,-1,-1,-0.01,-1,-1,-0.01,-1,-1,-0.01,-1,-1,-0.01,-1,-1,-0.01,-1,-1
99926009,2026-05-18 09:29:01+05:30,52965.2,0,0.0,0,0.0,0.0,53282.15,53308.4,52946.35,53710.35,0,0.0,0.0,0.0,0.0,-0.01,-1,-1,-0.01,-1,-1,-0.01,-1,-1,-0.01,-1,-1,-0.01,-1,-1,-0.01,-1,-1,-0.01,-1,-1,-0.01,-1,-1,-0.01,-1,-1,-0.01,-1,-1
99926009,2026-05-18 09:29:01+05:30,52964.25,0,0.0,0,0.0,0.0,53282.15,53308.4,52946.35,53710.35,0,0.0,0.0,0.0,0.0,-0.01,-1,-1,-0.01,-1,-1,-0.01,-1,-1,-0.01,-1,-1,-0.01,-1,-1,-0.01,-1,-1,-0.01,-1,-1,-0.01,-1,-1,-0.01,-1,-1,-0.01,-1,-1
99926009,2026-05-18 09:29:02+05:30,52964.95,0,0.0,0,0.0,0.0,53282.15,53308.4,52946.35,53710.35,0,0.0,0.0,0.0,0.0,-0.01,-1,-1,-0.01,-1,-1,-0.01,-1,-1,-0.01,-1,-1,-0.01,-1,-1,-0.01,-1,-1,-0.01,-1,-1,-0.01,-1,-1,-0.01,-1,-1,-0.01,-1,-1
99926009,2026-05-18 09:29:02+05:30,52968.5,0,0.0,0,0.0,0.0,53282.15,53308.4,52946.35,53710.35,0,0.0,0.0,0.0,0.0,-0.01,-1,-1,-0.01,-1,-1,-0.01,-1,-1,-0.01,-1,-1,-0.01,-1,-1,-0.01,-1,-1,-0.01,-1,-1,-0.01,-1,-1,-0.01,-1,-1,-0.01,-1,-1
99926009,2026-05-18 09:29:03+05:30,52966.55,0,0.0,0,0.0,0.0,53282.15,53308.4,52946.35,53710.35,0,0.0,0.0,0.0,0.0,-0.01,-1,-1,-0.01,-1,-1,-0.01,-1,-1,-0.01,-1,-1,-0.01,-1,-1,-0.01,-1,-1,-0.01,-1,-1,-0.01,-1,-1,-0.01,-1,-1,-0.01,-1,-1
99926009,2026-05-18 09:29:03+05:30,52964.25,0,0.0,0,0.0,0.0,53282.15,53308.4,52946.35,53710.35,0,0.0,0.0,0.0,0.0,-0.01,-1,-1,-0.01,-1,-1,-0.01,-1,-1,-0.01,-1,-1,-0.01,-1,-1,-0.01,-1,-1,-0.01,-1,-1,-0.01,-1,-1,-0.01,-1,-1,-0.01,-1,-1
99926009,2026-05-18 09:29:04+05:30,52968.4,0,0.0,0,0.0,0.0,53282.15,53308.4,52946.35,53710.35,0,0.0,0.0,0.0,0.0,-0.01,-1,-1,-0.01,-1,-1,-0.01,-1,-1,-0.01,-1,-1,-0.01,-1,-1,-0.01,-1,-1,-0.01,-1,-1,-0.01,-1,-1,-0.01,-1,-1,-0.01,-1,-1
99926009,2026-05-18 09:29:04+05:30,52966.15,0,0.0,0,0.0,0.0,53282.15,53308.4,52946.35,53710.35,0,0.0,0.0,0.0,0.0,-0.01,-1,-1,-0.01,-1,-1,-0.01,-1,-1,-0.01,-1,-1,-0.01,-1,-1,-0.01,-1,-1,-0.01,-1,-1,-0.01,-1,-1,-0.01,-1,-1,-0.01,-1,-1
99926009,2026-05-18 09:29:05+05:30,52965.25,0,0.0,0,0.0,0.0,53282.15,53308.4,52946.35,53710.35,0,0.0,0.0,0.0,0.0,-0.01,-1,-1,-0.01,-1,-1,-0.01,-1,-1,-0.01,-1,-1,-0.01,-1,-1,-0.01,-1,-1,-0.01,-1,-1,-0.01,-1,-1,-0.01,-1,-1,-0.01,-1,-1
99926009,2026-05-18 09:29:05+05:30,52968.4,0,0.0,0,0.0,0.0,53282.15,53308.4,52946.35,53710.35,0,0.0,0.0,0.0,0.0,-0.01,-1,-1,-0.01,-1,-1,-0.01,-1,-1,-0.01,-1,-1,-0.01,-1,-1,-0.01,-1,-1,-0.01,-1,-1,-0.01,-1,-1,-0.01,-1,-1,-0.01,-1,-1
99926009,2026-05-18 09:29:06+05:30,52962.75,0,0.0,0,0.0,0.0,53282.15,53308.4,52946.35,53710.35,0,0.0,0.0,0.0,0.0,-0.01,-1,-1,-0.01,-1,-1,-0.01,-1,-1,-0.01,-1,-1,-0.01,-1,-1,-0.01,-1,-1,-0.01,-1,-1,-0.01,-1,-1,-0.01,-1,-1,-0.01,-1,-1
99926009,2026-05-18 09:29:06+05:30,52962.65,0,0.0,0,0.0,0.0,53282.15,53308.4,52946.35,53710.35,0,0.0,0.0,0.0,0.0,-0.01,-1,-1,-0.01,-1,-1,-0.01,-1,-1,-0.01,-1,-1,-0.01,-1,-1,-0.01,-1,-1,-0.01,-1,-1,-0.01,-1,-1,-0.01,-1,-1,-0.01,-1,-1
99926009,2026-05-18 09:29:07+05:30,52951.5,0,0.0,0,0.0,0.0,53282.15,53308.4,52946.35,53710.35,0,0.0,0.0,0.0,0.0,-0.01,-1,-1,-0.01,-1,-1,-0.01,-1,-1,-0.01,-1,-1,-0.01,-1,-1,-0.01,-1,-1,-0.01,-1,-1,-0.01,-1,-1,-0.01,-1,-1,-0.01,-1,-1
99926009,2026-05-18 09:29:07+05:30,52954.5,0,0.0,0,0.0,0.0,53282.15,53308.4,52946.35,53710.35,0,0.0,0.0,0.0,0.0,-0.01,-1,-1,-0.01,-1,-1,-0.01,-1,-1,-0.01,-1,-1,-0.01,-1,-1,-0.01,-1,-1,-0.01,-1,-1,-0.01,-1,-1,-0.01,-1,-1,-0.01,-1,-1
99926009,2026-05-18 09:29:08+05:30,52952.35,0,0.0,0,0.0,0.0,53282.15,53308.4,52946.35,53710.35,0,0.0,0.0,0.0,0.0,-0.01,-1,-1,-0.01,-1,-1,-0.01,-1,-1,-0.01,-1,-1,-0.01,-1,-1,-0.01,-1,-1,-0.01,-1,-1,-0.01,-1,-1,-0.01,-1,-1,-0.01,-1,-1
99926009,2026-05-18 09:29:08+05:30,52951.25,0,0.0,0,0.0,0.0,53282.15,53308.4,52946.35,53710.35,0,0.0,0.0,0.0,0.0,-0.01,-1,-1,-0.01,-1,-1,-0.01,-1,-1,-0.01,-1,-1,-0.01,-1,-1,-0.01,-1,-1,-0.01,-1,-1,-0.01,-1,-1,-0.01,-1,-1,-0.01,-1,-1
99926009,2026-05-18 09:29:09+05:30,52950.65,0,0.0,0,0.0,0.0,53282.15,53308.4,52946.35,53710.35,0,0.0,0.0,0.0,0.0,-0.01,-1,-1,-0.01,-1,-1,-0.01,-1,-1,-0.01,-1,-1,-0.01,-1,-1,-0.01,-1,-1,-0.01,-1,-1,-0.01,-1,-1,-0.01,-1,-1,-0.01,-1,-1
99926009,2026-05-18 09:29:09+05:30,52951.05,0,0.0,0,0.0,0.0,53282.15,53308.4,52946.35,53710.35,0,0.0,0.0,0.0,0.0,-0.01,-1,-1,-0.01,-1,-1,-0.01,-1,-1,-0.01,-1,-1,-0.01,-1,-1,-0.01,-1,-1,-0.01,-1,-1,-0.01,-1,-1,-0.01,-1,-1,-0.01,-1,-1
99926009,2026-05-18 09:29:10+05:30,52941.2,0,0.0,0,0.0,0.0,53282.15,53308.4,52937.75,53710.35,0,0.0,0.0,0.0,0.0,-0.01,-1,-1,-0.01,-1,-1,-0.01,-1,-1,-0.01,-1,-1,-0.01,-1,-1,-0.01,-1,-1,-0.01,-1,-1,-0.01,-1,-1,-0.01,-1,-1,-0.01,-1,-1
99926009,2026-05-18 09:29:10+05:30,52948.25,0,0.0,0,0.0,0.0,53282.15,53308.4,52935.7,53710.35,0,0.0,0.0,0.0,0.0,-0.01,-1,-1,-0.01,-1,-1,-0.01,-1,-1,-0.01,-1,-1,-0.01,-1,-1,-0.01,-1,-1,-0.01,-1,-1,-0.01,-1,-1,-0.01,-1,-1,-0.01,-1,-1
99926009,2026-05-18 09:29:11+05:30,52949.9,0,0.0,0,0.0,0.0,53282.15,53308.4,52935.7,53710.35,0,0.0,0.0,0.0,0.0,-0.01,-1,-1,-0.01,-1,-1,-0.01,-1,-1,-0.01,-1,-1,-0.01,-1,-1,-0.01,-1,-1,-0.01,-1,-1,-0.01,-1,-1,-0.01,-1,-1,-0.01,-1,-1
99926009,2026-05-18 09:29:11+05:30,52945.95,0,0.0,0,0.0,0.0,53282.15,53308.4,52935.7,53710.35,0,0.0,0.0,0.0,0.0,-0.01,-1,-1,-0.01,-1,-1,-0.01,-1,-1,-0.01,-1,-1,-0.01,-1,-1,-0.01,-1,-1,-0.01,-1,-1,-0.01,-1,-1,-0.01,-1,-1,-0.01,-1,-1
99926009,2026-05-18 09:29:12+05:30,52945.95,0,0.0,0,0.0,0.0,53282.15,53308.4,52935.7,53710.35,0,0.0,0.0,0.0,0.0,-0.01,-1,-1,-0.01,-1,-1,-0.01,-1,-1,-0.01,-1,-1,-0.01,-1,-1,-0.01,-1,-1,-0.01,-1,-1,-0.01,-1,-1,-0.01,-1,-1,-0.01,-1,-1
99926009,2026-05-18 09:29:12+05:30,52944.8,0,0.0,0,0.0,0.0,53282.15,53308.4,52935.7,53710.35,0,0.0,0.0,0.0,0.0,-0.01,-1,-1,-0.01,-1,-1,-0.01,-1,-1,-0.01,-1,-1,-0.01,-1,-1,-0.01,-1,-1,-0.01,-1,-1,-0.01,-1,-1,-0.01,-1,-1,-0.01,-1,-1
99926009,2026-05-18 09:29:13+05:30,52947.2,0,0.0,0,0.0,0.0,53282.15,53308.4,52935.7,53710.35,0,0.0,0.0,0.0,0.0,-0.01,-1,-1,-0.01,-1,-1,-0.01,-1,-1,-0.01,-1,-1,-0.01,-1,-1,-0.01,-1,-1,-0.01,-1,-1,-0.01,-1,-1,-0.01,-1,-1,-0.01,-1,-1
99926009,2026-05-18 09:29:13+05:30,52948.7,0,0.0,0,0.0,0.0,53282.15,53308.4,52935.7,53710.35,0,0.0,0.0,0.0,0.0,-0.01,-1,-1,-0.01,-1,-1,-0.01,-1,-1,-0.01,-1,-1,-0.01,-1,-1,-0.01,-1,-1,-0.01,-1,-1,-0.01,-1,-1,-0.01,-1,-1,-0.01,-1,-1
99926009,2026-05-18 09:29:14+05:30,52948.85,0,0.0,0,0.0,0.0,53282.15,53308.4,52935.7,53710.35,0,0.0,0.0,0.0,0.0,-0.01,-1,-1,-0.01,-1,-1,-0.01,-1,-1,-0.01,-1,-1,-0.01,-1,-1,-0.01,-1,-1,-0.01,-1,-1,-0.01,-1,-1,-0.01,-1,-1,-0.01,-1,-1
99926009,2026-05-18 09:29:14+05:30,52949.55,0,0.0,0,0.0,0.0,53282.15,53308.4,52935.7,53710.35,0,0.0,0.0,0.0,0.0,-0.01,-1,-1,-0.01,-1,-1,-0.01,-1,-1,-0.01,-1,-1,-0.01,-1,-1,-0.01,-1,-1,-0.01,-1,-1,-0.01,-1,-1,-0.01,-1,-1,-0.01,-1,-1
99926009,2026-05-18 09:29:15+05:30,52946.3,0,0.0,0,0.0,0.0,53282.15,53308.4,52935.7,53710.35,0,0.0,0.0,0.0,0.0,-0.01,-1,-1,-0.01,-1,-1,-0.01,-1,-1,-0.01,-1,-1,-0.01,-1,-1,-0.01,-1,-1,-0.01,-1,-1,-0.01,-1,-1,-0.01,-1,-1,-0.01,-1,-1
99926009,2026-05-18 09:29:15+05:30,52947.4,0,0.0,0,0.0,0.0,53282.15,53308.4,52935.7,53710.35,0,0.0,0.0,0.0,0.0,-0.01,-1,-1,-0.01,-1,-1,-0.01,-1,-1,-0.01,-1,-1,-0.01,-1,-1,-0.01,-1,-1,-0.01,-1,-1,-0.01,-1,-1,-0.01,-1,-1,-0.01,-1,-1
99926009,2026-05-18 09:29:16+05:30,52946.85,0,0.0,0,0.0,0.0,53282.15,53308.4,52935.7,53710.35,0,0.0,0.0,0.0,0.0,-0.01,-1,-1,-0.01,-1,-1,-0.01,-1,-1,-0.01,-1,-1,-0.01,-1,-1,-0.01,-1,-1,-0.01,-1,-1,-0.01,-1,-1,-0.01,-1,-1,-0.01,-1,-1
99926009,2026-05-18 09:29:16+05:30,52948.6,0,0.0,0,0.0,0.0,53282.15,53308.4,52935.7,53710.35,0,0.0,0.0,0.0,0.0,-0.01,-1,-1,-0.01,-1,-1,-0.01,-1,-1,-0.01,-1,-1,-0.01,-1,-1,-0.01,-1,-1,-0.01,-1,-1,-0.01,-1,-1,-0.01,-1,-1,-0.01,-1,-1
99926009,2026-05-18 09:29:17+05:30,52945.05,0,0.0,0,0.0,0.0,53282.15,53308.4,52935.7,53710.35,0,0.0,0.0,0.0,0.0,-0.01,-1,-1,-0.01,-1,-1,-0.01,-1,-1,-0.01,-1,-1,-0.01,-1,-1,-0.01,-1,-1,-0.01,-1,-1,-0.01,-1,-1,-0.01,-1,-1,-0.01,-1,-1
99926009,2026-05-18 09:29:17+05:30,52946.9,0,0.0,0,0.0,0.0,53282.15,53308.4,52935.7,53710.35,0,0.0,0.0,0.0,0.0,-0.01,-1,-1,-0.01,-1,-1,-0.01,-1,-1,-0.01,-1,-1,-0.01,-1,-1,-0.01,-1,-1,-0.01,-1,-1,-0.01,-1,-1,-0.01,-1,-1,-0.01,-1,-1
99926009,2026-05-18 09:29:18+05:30,52942.25,0,0.0,0,0.0,0.0,53282.15,53308.4,52935.7,53710.35,0,0.0,0.0,0.0,0.0,-0.01,-1,-1,-0.01,-1,-1,-0.01,-1,-1,-0.01,-1,-1,-0.01,-1,-1,-0.01,-1,-1,-0.01,-1,-1,-0.01,-1,-1,-0.01,-1,-1,-0.01,-1,-1
99926009,2026-05-18 09:29:18+05:30,52944.7,0,0.0,0,0.0,0.0,53282.15,53308.4,52935.7,53710.35,0,0.0,0.0,0.0,0.0,-0.01,-1,-1,-0.01,-1,-1,-0.01,-1,-1,-0.01,-1,-1,-0.01,-1,-1,-0.01,-1,-1,-0.01,-1,-1,-0.01,-1,-1,-0.01,-1,-1,-0.01,-1,-1
99926009,2026-05-18 09:29:19+05:30,52943.95,0,0.0,0,0.0,0.0,53282.15,53308.4,52935.7,53710.35,0,0.0,0.0,0.0,0.0,-0.01,-1,-1,-0.01,-1,-1,-0.01,-1,-1,-0.01,-1,-1,-0.01,-1,-1,-0.01,-1,-1,-0.01,-1,-1,-0.01,-1,-1,-0.01,-1,-1,-0.01,-1,-1
99926009,2026-05-18 09:29:19+05:30,52941.45,0,0.0,0,0.0,0.0,53282.15,53308.4,52935.7,53710.35,0,0.0,0.0,0.0,0.0,-0.01,-1,-1,-0.01,-1,-1,-0.01,-1,-1,-0.01,-1,-1,-0.01,-1,-1,-0.01,-1,-1,-0.01,-1,-1,-0.01,-1,-1,-0.01,-1,-1,-0.01,-1,-1
99926009,2026-05-18 09:29:20+05:30,52943.5,0,0.0,0,0.0,0.0,53282.15,53308.4,52935.7,53710.35,0,0.0,0.0,0.0,0.0,-0.01,-1,-1,-0.01,-1,-1,-0.01,-1,-1,-0.01,-1,-1,-0.01,-1,-1,-0.01,-1,-1,-0.01,-1,-1,-0.01,-1,-1,-0.01,-1,-1,-0.01,-1,-1
99926009,2026-05-18 09:29:20+05:30,52941.55,0,0.0,0,0.0,0.0,53282.15,53308.4,52935.7,53710.35,0,0.0,0.0,0.0,0.0,-0.01,-1,-1,-0.01,-1,-1,-0.01,-1,-1,-0.01,-1,-1,-0.01,-1,-1,-0.01,-1,-1,-0.01,-1,-1,-0.01,-1,-1,-0.01,-1,-1,-0.01,-1,-1
99926009,2026-05-18 09:29:21+05:30,52943.1,0,0.0,0,0.0,0.0,53282.15,53308.4,52935.7,53710.35,0,0.0,0.0,0.0,0.0,-0.01,-1,-1,-0.01,-1,-1,-0.01,-1,-1,-0.01,-1,-1,-0.01,-1,-1,-0.01,-1,-1,-0.01,-1,-1,-0.01,-1,-1,-0.01,-1,-1,-0.01,-1,-1
99926009,2026-05-18 09:29:21+05:30,52937.35,0,0.0,0,0.0,0.0,53282.15,53308.4,52935.7,53710.35,0,0.0,0.0,0.0,0.0,-0.01,-1,-1,-0.01,-1,-1,-0.01,-1,-1,-0.01,-1,-1,-0.01,-1,-1,-0.01,-1,-1,-0.01,-1,-1,-0.01,-1,-1,-0.01,-1,-1,-0.01,-1,-1
99926009,2026-05-18 09:29:22+05:30,52938.6,0,0.0,0,0.0,0.0,53282.15,53308.4,52935.7,53710.35,0,0.0,0.0,0.0,0.0,-0.01,-1,-1,-0.01,-1,-1,-0.01,-1,-1,-0.01,-1,-1,-0.01,-1,-1,-0.01,-1,-1,-0.01,-1,-1,-0.01,-1,-1,-0.01,-1,-1,-0.01,-1,-1
99926009,2026-05-18 09:29:22+05:30,52938.3,0,0.0,0,0.0,0.0,53282.15,53308.4,52935.7,53710.35,0,0.0,0.0,0.0,0.0,-0.01,-1,-1,-0.01,-1,-1,-0.01,-1,-1,-0.01,-1,-1,-0.01,-1,-1,-0.01,-1,-1,-0.01,-1,-1,-0.01,-1,-1,-0.01,-1,-1,-0.01,-1,-1
99926009,2026-05-18 09:29:23+05:30,52940.45,0,0.0,0,0.0,0.0,53282.15,53308.4,52935.7,53710.35,0,0.0,0.0,0.0,0.0,-0.01,-1,-1,-0.01,-1,-1,-0.01,-1,-1,-0.01,-1,-1,-0.01,-1,-1,-0.01,-1,-1,-0.01,-1,-1,-0.01,-1,-1,-0.01,-1,-1,-0.01,-1,-1
99926009,2026-05-18 09:29:23+05:30,52938.7,0,0.0,0,0.0,0.0,53282.15,53308.4,52935.3,53710.35,0,0.0,0.0,0.0,0.0,-0.01,-1,-1,-0.01,-1,-1,-0.01,-1,-1,-0.01,-1,-1,-0.01,-1,-1,-0.01,-1,-1,-0.01,-1,-1,-0.01,-1,-1,-0.01,-1,-1,-0.01,-1,-1
99926009,2026-05-18 09:29:24+05:30,52937.25,0,0.0,0,0.0,0.0,53282.15,53308.4,52935.3,53710.35,0,0.0,0.0,0.0,0.0,-0.01,-1,-1,-0.01,-1,-1,-0.01,-1,-1,-0.01,-1,-1,-0.01,-1,-1,-0.01,-1,-1,-0.01,-1,-1,-0.01,-1,-1,-0.01,-1,-1,-0.01,-1,-1
99926009,2026-05-18 09:29:24+05:30,52940.8,0,0.0,0,0.0,0.0,53282.15,53308.4,52935.3,53710.35,0,0.0,0.0,0.0,0.0,-0.01,-1,-1,-0.01,-1,-1,-0.01,-1,-1,-0.01,-1,-1,-0.01,-1,-1,-0.01,-1,-1,-0.01,-1,-1,-0.01,-1,-1,-0.01,-1,-1,-0.01,-1,-1
99926009,2026-05-18 09:29:25+05:30,52939.8,0,0.0,0,0.0,0.0,53282.15,53308.4,52935.3,53710.35,0,0.0,0.0,0.0,0.0,-0.01,-1,-1,-0.01,-1,-1,-0.01,-1,-1,-0.01,-1,-1,-0.01,-1,-1,-0.01,-1,-1,-0.01,-1,-1,-0.01,-1,-1,-0.01,-1,-1,-0.01,-1,-1
99926009,2026-05-18 09:29:25+05:30,52941.05,0,0.0,0,0.0,0.0,53282.15,53308.4,52935.3,53710.35,0,0.0,0.0,0.0,0.0,-0.01,-1,-1,-0.01,-1,-1,-0.01,-1,-1,-0.01,-1,-1,-0.01,-1,-1,-0.01,-1,-1,-0.01,-1,-1,-0.01,-1,-1,-0.01,-1,-1,-0.01,-1,-1
99926009,2026-05-18 09:29:26+05:30,52942.25,0,0.0,0,0.0,0.0,53282.15,53308.4,52935.3,53710.35,0,0.0,0.0,0.0,0.0,-0.01,-1,-1,-0.01,-1,-1,-0.01,-1,-1,-0.01,-1,-1,-0.01,-1,-1,-0.01,-1,-1,-0.01,-1,-1,-0.01,-1,-1,-0.01,-1,-1,-0.01,-1,-1
99926009,2026-05-18 09:29:26+05:30,52940.35,0,0.0,0,0.0,0.0,53282.15,53308.4,52935.3,53710.35,0,0.0,0.0,0.0,0.0,-0.01,-1,-1,-0.01,-1,-1,-0.01,-1,-1,-0.01,-1,-1,-0.01,-1,-1,-0.01,-1,-1,-0.01,-1,-1,-0.01,-1,-1,-0.01,-1,-1,-0.01,-1,-1
99926009,2026-05-18 09:29:27+05:30,52938.75,0,0.0,0,0.0,0.0,53282.15,53308.4,52934.2,53710.35,0,0.0,0.0,0.0,0.0,-0.01,-1,-1,-0.01,-1,-1,-0.01,-1,-1,-0.01,-1,-1,-0.01,-1,-1,-0.01,-1,-1,-0.01,-1,-1,-0.01,-1,-1,-0.01,-1,-1,-0.01,-1,-1
99926009,2026-05-18 09:29:27+05:30,52932.8,0,0.0,0,0.0,0.0,53282.15,53308.4,52932.8,53710.35,0,0.0,0.0,0.0,0.0,-0.01,-1,-1,-0.01,-1,-1,-0.01,-1,-1,-0.01,-1,-1,-0.01,-1,-1,-0.01,-1,-1,-0.01,-1,-1,-0.01,-1,-1,-0.01,-1,-1,-0.01,-1,-1
99926009,2026-05-18 09:29:28+05:30,52936.2,0,0.0,0,0.0,0.0,53282.15,53308.4,52932.8,53710.35,0,0.0,0.0,0.0,0.0,-0.01,-1,-1,-0.01,-1,-1,-0.01,-1,-1,-0.01,-1,-1,-0.01,-1,-1,-0.01,-1,-1,-0.01,-1,-1,-0.01,-1,-1,-0.01,-1,-1,-0.01,-1,-1
99926009,2026-05-18 09:29:28+05:30,52936.85,0,0.0,0,0.0,0.0,53282.15,53308.4,52932.8,53710.35,0,0.0,0.0,0.0,0.0,-0.01,-1,-1,-0.01,-1,-1,-0.01,-1,-1,-0.01,-1,-1,-0.01,-1,-1,-0.01,-1,-1,-0.01,-1,-1,-0.01,-1,-1,-0.01,-1,-1,-0.01,-1,-1
99926009,2026-05-18 09:29:29+05:30,52934.4,0,0.0,0,0.0,0.0,53282.15,53308.4,52932.8,53710.35,0,0.0,0.0,0.0,0.0,-0.01,-1,-1,-0.01,-1,-1,-0.01,-1,-1,-0.01,-1,-1,-0.01,-1,-1,-0.01,-1,-1,-0.01,-1,-1,-0.01,-1,-1,-0.01,-1,-1,-0.01,-1,-1
99926009,2026-05-18 09:29:29+05:30,52934.5,0,0.0,0,0.0,0.0,53282.15,53308.4,52932.8,53710.35,0,0.0,0.0,0.0,0.0,-0.01,-1,-1,-0.01,-1,-1,-0.01,-1,-1,-0.01,-1,-1,-0.01,-1,-1,-0.01,-1,-1,-0.01,-1,-1,-0.01,-1,-1,-0.01,-1,-1,-0.01,-1,-1
99926009,2026-05-18 09:29:30+05:30,52934.4,0,0.0,0,0.0,0.0,53282.15,53308.4,52932.5,53710.35,0,0.0,0.0,0.0,0.0,-0.01,-1,-1,-0.01,-1,-1,-0.01,-1,-1,-0.01,-1,-1,-0.01,-1,-1,-0.01,-1,-1,-0.01,-1,-1,-0.01,-1,-1,-0.01,-1,-1,-0.01,-1,-1
99926009,2026-05-18 09:29:30+05:30,52930.25,0,0.0,0,0.0,0.0,53282.15,53308.4,52930.25,53710.35,0,0.0,0.0,0.0,0.0,-0.01,-1,-1,-0.01,-1,-1,-0.01,-1,-1,-0.01,-1,-1,-0.01,-1,-1,-0.01,-1,-1,-0.01,-1,-1,-0.01,-1,-1,-0.01,-1,-1,-0.01,-1,-1
99926009,2026-05-18 09:29:31+05:30,52934.25,0,0.0,0,0.0,0.0,53282.15,53308.4,52928.7,53710.35,0,0.0,0.0,0.0,0.0,-0.01,-1,-1,-0.01,-1,-1,-0.01,-1,-1,-0.01,-1,-1,-0.01,-1,-1,-0.01,-1,-1,-0.01,-1,-1,-0.01,-1,-1,-0.01,-1,-1,-0.01,-1,-1
99926009,2026-05-18 09:29:31+05:30,52932.6,0,0.0,0,0.0,0.0,53282.15,53308.4,52928.7,53710.35,0,0.0,0.0,0.0,0.0,-0.01,-1,-1,-0.01,-1,-1,-0.01,-1,-1,-0.01,-1,-1,-0.01,-1,-1,-0.01,-1,-1,-0.01,-1,-1,-0.01,-1,-1,-0.01,-1,-1,-0.01,-1,-1
99926009,2026-05-18 09:29:32+05:30,52933.05,0,0.0,0,0.0,0.0,53282.15,53308.4,52928.7,53710.35,0,0.0,0.0,0.0,0.0,-0.01,-1,-1,-0.01,-1,-1,-0.01,-1,-1,-0.01,-1,-1,-0.01,-1,-1,-0.01,-1,-1,-0.01,-1,-1,-0.01,-1,-1,-0.01,-1,-1,-0.01,-1,-1
99926009,2026-05-18 09:29:32+05:30,52933.95,0,0.0,0,0.0,0.0,53282.15,53308.4,52928.7,53710.35,0,0.0,0.0,0.0,0.0,-0.01,-1,-1,-0.01,-1,-1,-0.01,-1,-1,-0.01,-1,-1,-0.01,-1,-1,-0.01,-1,-1,-0.01,-1,-1,-0.01,-1,-1,-0.01,-1,-1,-0.01,-1,-1
99926009,2026-05-18 09:29:33+05:30,52933.7,0,0.0,0,0.0,0.0,53282.15,53308.4,52928.7,53710.35,0,0.0,0.0,0.0,0.0,-0.01,-1,-1,-0.01,-1,-1,-0.01,-1,-1,-0.01,-1,-1,-0.01,-1,-1,-0.01,-1,-1,-0.01,-1,-1,-0.01,-1,-1,-0.01,-1,-1,-0.01,-1,-1
99926009,2026-05-18 09:29:33+05:30,52934.6,0,0.0,0,0.0,0.0,53282.15,53308.4,52928.7,53710.35,0,0.0,0.0,0.0,0.0,-0.01,-1,-1,-0.01,-1,-1,-0.01,-1,-1,-0.01,-1,-1,-0.01,-1,-1,-0.01,-1,-1,-0.01,-1,-1,-0.01,-1,-1,-0.01,-1,-1,-0.01,-1,-1
99926009,2026-05-18 09:29:34+05:30,52932.75,0,0.0,0,0.0,0.0,53282.15,53308.4,52928.7,53710.35,0,0.0,0.0,0.0,0.0,-0.01,-1,-1,-0.01,-1,-1,-0.01,-1,-1,-0.01,-1,-1,-0.01,-1,-1,-0.01,-1,-1,-0.01,-1,-1,-0.01,-1,-1,-0.01,-1,-1,-0.01,-1,-1
99926009,2026-05-18 09:29:34+05:30,52938.65,0,0.0,0,0.0,0.0,53282.15,53308.4,52928.7,53710.35,0,0.0,0.0,0.0,0.0,-0.01,-1,-1,-0.01,-1,-1,-0.01,-1,-1,-0.01,-1,-1,-0.01,-1,-1,-0.01,-1,-1,-0.01,-1,-1,-0.01,-1,-1,-0.01,-1,-1,-0.01,-1,-1
99926009,2026-05-18 09:29:35+05:30,52935.3,0,0.0,0,0.0,0.0,53282.15,53308.4,52928.7,53710.35,0,0.0,0.0,0.0,0.0,-0.01,-1,-1,-0.01,-1,-1,-0.01,-1,-1,-0.01,-1,-1,-0.01,-1,-1,-0.01,-1,-1,-0.01,-1,-1,-0.01,-1,-1,-0.01,-1,-1,-0.01,-1,-1
99926009,2026-05-18 09:29:35+05:30,52928.4,0,0.0,0,0.0,0.0,53282.15,53308.4,52928.4,53710.35,0,0.0,0.0,0.0,0.0,-0.01,-1,-1,-0.01,-1,-1,-0.01,-1,-1,-0.01,-1,-1,-0.01,-1,-1,-0.01,-1,-1,-0.01,-1,-1,-0.01,-1,-1,-0.01,-1,-1,-0.01,-1,-1
99926009,2026-05-18 09:29:36+05:30,52923.45,0,0.0,0,0.0,0.0,53282.15,53308.4,52923.15,53710.35,0,0.0,0.0,0.0,0.0,-0.01,-1,-1,-0.01,-1,-1,-0.01,-1,-1,-0.01,-1,-1,-0.01,-1,-1,-0.01,-1,-1,-0.01,-1,-1,-0.01,-1,-1,-0.01,-1,-1,-0.01,-1,-1
99926009,2026-05-18 09:29:36+05:30,52921.9,0,0.0,0,0.0,0.0,53282.15,53308.4,52919.8,53710.35,0,0.0,0.0,0.0,0.0,-0.01,-1,-1,-0.01,-1,-1,-0.01,-1,-1,-0.01,-1,-1,-0.01,-1,-1,-0.01,-1,-1,-0.01,-1,-1,-0.01,-1,-1,-0.01,-1,-1,-0.01,-1,-1
99926009,2026-05-18 09:29:37+05:30,52925.75,0,0.0,0,0.0,0.0,53282.15,53308.4,52919.8,53710.35,0,0.0,0.0,0.0,0.0,-0.01,-1,-1,-0.01,-1,-1,-0.01,-1,-1,-0.01,-1,-1,-0.01,-1,-1,-0.01,-1,-1,-0.01,-1,-1,-0.01,-1,-1,-0.01,-1,-1,-0.01,-1,-1
99926009,2026-05-18 09:29:37+05:30,52927.35,0,0.0,0,0.0,0.0,53282.15,53308.4,52919.8,53710.35,0,0.0,0.0,0.0,0.0,-0.01,-1,-1,-0.01,-1,-1,-0.01,-1,-1,-0.01,-1,-1,-0.01,-1,-1,-0.01,-1,-1,-0.01,-1,-1,-0.01,-1,-1,-0.01,-1,-1,-0.01,-1,-1
99926009,2026-05-18 09:29:38+05:30,52927.95,0,0.0,0,0.0,0.0,53282.15,53308.4,52919.8,53710.35,0,0.0,0.0,0.0,0.0,-0.01,-1,-1,-0.01,-1,-1,-0.01,-1,-1,-0.01,-1,-1,-0.01,-1,-1,-0.01,-1,-1,-0.01,-1,-1,-0.01,-1,-1,-0.01,-1,-1,-0.01,-1,-1
99926009,2026-05-18 09:29:38+05:30,52928.25,0,0.0,0,0.0,0.0,53282.15,53308.4,52919.8,53710.35,0,0.0,0.0,0.0,0.0,-0.01,-1,-1,-0.01,-1,-1,-0.01,-1,-1,-0.01,-1,-1,-0.01,-1,-1,-0.01,-1,-1,-0.01,-1,-1,-0.01,-1,-1,-0.01,-1,-1,-0.01,-1,-1
99926009,2026-05-18 09:29:39+05:30,52929.7,0,0.0,0,0.0,0.0,53282.15,53308.4,52919.8,53710.35,0,0.0,0.0,0.0,0.0,-0.01,-1,-1,-0.01,-1,-1,-0.01,-1,-1,-0.01,-1,-1,-0.01,-1,-1,-0.01,-1,-1,-0.01,-1,-1,-0.01,-1,-1,-0.01,-1,-1,-0.01,-1,-1
99926009,2026-05-18 09:29:39+05:30,52927.7,0,0.0,0,0.0,0.0,53282.15,53308.4,52919.8,53710.35,0,0.0,0.0,0.0,0.0,-0.01,-1,-1,-0.01,-1,-1,-0.01,-1,-1,-0.01,-1,-1,-0.01,-1,-1,-0.01,-1,-1,-0.01,-1,-1,-0.01,-1,-1,-0.01,-1,-1,-0.01,-1,-1
99926009,2026-05-18 09:29:40+05:30,52927.4,0,0.0,0,0.0,0.0,53282.15,53308.4,52919.8,53710.35,0,0.0,0.0,0.0,0.0,-0.01,-1,-1,-0.01,-1,-1,-0.01,-1,-1,-0.01,-1,-1,-0.01,-1,-1,-0.01,-1,-1,-0.01,-1,-1,-0.01,-1,-1,-0.01,-1,-1,-0.01,-1,-1
99926009,2026-05-18 09:29:40+05:30,52931.05,0,0.0,0,0.0,0.0,53282.15,53308.4,52919.8,53710.35,0,0.0,0.0,0.0,0.0,-0.01,-1,-1,-0.01,-1,-1,-0.01,-1,-1,-0.01,-1,-1,-0.01,-1,-1,-0.01,-1,-1,-0.01,-1,-1,-0.01,-1,-1,-0.01,-1,-1,-0.01,-1,-1
99926009,2026-05-18 09:29:41+05:30,52925.25,0,0.0,0,0.0,0.0,53282.15,53308.4,52919.8,53710.35,0,0.0,0.0,0.0,0.0,-0.01,-1,-1,-0.01,-1,-1,-0.01,-1,-1,-0.01,-1,-1,-0.01,-1,-1,-0.01,-1,-1,-0.01,-1,-1,-0.01,-1,-1,-0.01,-1,-1,-0.01,-1,-1
99926009,2026-05-18 09:29:41+05:30,52926.75,0,0.0,0,0.0,0.0,53282.15,53308.4,52919.8,53710.35,0,0.0,0.0,0.0,0.0,-0.01,-1,-1,-0.01,-1,-1,-0.01,-1,-1,-0.01,-1,-1,-0.01,-1,-1,-0.01,-1,-1,-0.01,-1,-1,-0.01,-1,-1,-0.01,-1,-1,-0.01,-1,-1
99926009,2026-05-18 09:29:42+05:30,52928.2,0,0.0,0,0.0,0.0,53282.15,53308.4,52919.8,53710.35,0,0.0,0.0,0.0,0.0,-0.01,-1,-1,-0.01,-1,-1,-0.01,-1,-1,-0.01,-1,-1,-0.01,-1,-1,-0.01,-1,-1,-0.01,-1,-1,-0.01,-1,-1,-0.01,-1,-1,-0.01,-1,-1
99926009,2026-05-18 09:29:42+05:30,52933.4,0,0.0,0,0.0,0.0,53282.15,53308.4,52919.8,53710.35,0,0.0,0.0,0.0,0.0,-0.01,-1,-1,-0.01,-1,-1,-0.01,-1,-1,-0.01,-1,-1,-0.01,-1,-1,-0.01,-1,-1,-0.01,-1,-1,-0.01,-1,-1,-0.01,-1,-1,-0.01,-1,-1
99926009,2026-05-18 09:29:43+05:30,52936.55,0,0.0,0,0.0,0.0,53282.15,53308.4,52919.8,53710.35,0,0.0,0.0,0.0,0.0,-0.01,-1,-1,-0.01,-1,-1,-0.01,-1,-1,-0.01,-1,-1,-0.01,-1,-1,-0.01,-1,-1,-0.01,-1,-1,-0.01,-1,-1,-0.01,-1,-1,-0.01,-1,-1
99926009,2026-05-18 09:29:43+05:30,52936.8,0,0.0,0,0.0,0.0,53282.15,53308.4,52919.8,53710.35,0,0.0,0.0,0.0,0.0,-0.01,-1,-1,-0.01,-1,-1,-0.01,-1,-1,-0.01,-1,-1,-0.01,-1,-1,-0.01,-1,-1,-0.01,-1,-1,-0.01,-1,-1,-0.01,-1,-1,-0.01,-1,-1
99926009,2026-05-18 09:29:44+05:30,52933.45,0,0.0,0,0.0,0.0,53282.15,53308.4,52919.8,53710.35,0,0.0,0.0,0.0,0.0,-0.01,-1,-1,-0.01,-1,-1,-0.01,-1,-1,-0.01,-1,-1,-0.01,-1,-1,-0.01,-1,-1,-0.01,-1,-1,-0.01,-1,-1,-0.01,-1,-1,-0.01,-1,-1
99926009,2026-05-18 09:29:44+05:30,52933.15,0,0.0,0,0.0,0.0,53282.15,53308.4,52919.8,53710.35,0,0.0,0.0,0.0,0.0,-0.01,-1,-1,-0.01,-1,-1,-0.01,-1,-1,-0.01,-1,-1,-0.01,-1,-1,-0.01,-1,-1,-0.01,-1,-1,-0.01,-1,-1,-0.01,-1,-1,-0.01,-1,-1
99926009,2026-05-18 09:29:45+05:30,52934.95,0,0.0,0,0.0,0.0,53282.15,53308.4,52919.8,53710.35,0,0.0,0.0,0.0,0.0,-0.01,-1,-1,-0.01,-1,-1,-0.01,-1,-1,-0.01,-1,-1,-0.01,-1,-1,-0.01,-1,-1,-0.01,-1,-1,-0.01,-1,-1,-0.01,-1,-1,-0.01,-1,-1
99926009,2026-05-18 09:29:45+05:30,52933.75,0,0.0,0,0.0,0.0,53282.15,53308.4,52919.8,53710.35,0,0.0,0.0,0.0,0.0,-0.01,-1,-1,-0.01,-1,-1,-0.01,-1,-1,-0.01,-1,-1,-0.01,-1,-1,-0.01,-1,-1,-0.01,-1,-1,-0.01,-1,-1,-0.01,-1,-1,-0.01,-1,-1
99926009,2026-05-18 09:29:46+05:30,52934.55,0,0.0,0,0.0,0.0,53282.15,53308.4,52919.8,53710.35,0,0.0,0.0,0.0,0.0,-0.01,-1,-1,-0.01,-1,-1,-0.01,-1,-1,-0.01,-1,-1,-0.01,-1,-1,-0.01,-1,-1,-0.01,-1,-1,-0.01,-1,-1,-0.01,-1,-1,-0.01,-1,-1
99926009,2026-05-18 09:29:46+05:30,52934.1,0,0.0,0,0.0,0.0,53282.15,53308.4,52919.8,53710.35,0,0.0,0.0,0.0,0.0,-0.01,-1,-1,-0.01,-1,-1,-0.01,-1,-1,-0.01,-1,-1,-0.01,-1,-1,-0.01,-1,-1,-0.01,-1,-1,-0.01,-1,-1,-0.01,-1,-1,-0.01,-1,-1
99926009,2026-05-18 09:29:47+05:30,52932.45,0,0.0,0,0.0,0.0,53282.15,53308.4,52919.8,53710.35,0,0.0,0.0,0.0,0.0,-0.01,-1,-1,-0.01,-1,-1,-0.01,-1,-1,-0.01,-1,-1,-0.01,-1,-1,-0.01,-1,-1,-0.01,-1,-1,-0.01,-1,-1,-0.01,-1,-1,-0.01,-1,-1
99926009,2026-05-18 09:29:47+05:30,52931.8,0,0.0,0,0.0,0.0,53282.15,53308.4,52919.8,53710.35,0,0.0,0.0,0.0,0.0,-0.01,-1,-1,-0.01,-1,-1,-0.01,-1,-1,-0.01,-1,-1,-0.01,-1,-1,-0.01,-1,-1,-0.01,-1,-1,-0.01,-1,-1,-0.01,-1,-1,-0.01,-1,-1
99926009,2026-05-18 09:29:48+05:30,52930.3,0,0.0,0,0.0,0.0,53282.15,53308.4,52919.8,53710.35,0,0.0,0.0,0.0,0.0,-0.01,-1,-1,-0.01,-1,-1,-0.01,-1,-1,-0.01,-1,-1,-0.01,-1,-1,-0.01,-1,-1,-0.01,-1,-1,-0.01,-1,-1,-0.01,-1,-1,-0.01,-1,-1
99926009,2026-05-18 09:29:48+05:30,52933.9,0,0.0,0,0.0,0.0,53282.15,53308.4,52919.8,53710.35,0,0.0,0.0,0.0,0.0,-0.01,-1,-1,-0.01,-1,-1,-0.01,-1,-1,-0.01,-1,-1,-0.01,-1,-1,-0.01,-1,-1,-0.01,-1,-1,-0.01,-1,-1,-0.01,-1,-1,-0.01,-1,-1
99926009,2026-05-18 09:29:49+05:30,52926.1,0,0.0,0,0.0,0.0,53282.15,53308.4,52919.8,53710.35,0,0.0,0.0,0.0,0.0,-0.01,-1,-1,-0.01,-1,-1,-0.01,-1,-1,-0.01,-1,-1,-0.01,-1,-1,-0.01,-1,-1,-0.01,-1,-1,-0.01,-1,-1,-0.01,-1,-1,-0.01,-1,-1
99926009,2026-05-18 09:29:49+05:30,52930.8,0,0.0,0,0.0,0.0,53282.15,53308.4,52919.8,53710.35,0,0.0,0.0,0.0,0.0,-0.01,-1,-1,-0.01,-1,-1,-0.01,-1,-1,-0.01,-1,-1,-0.01,-1,-1,-0.01,-1,-1,-0.01,-1,-1,-0.01,-1,-1,-0.01,-1,-1,-0.01,-1,-1
99926009,2026-05-18 09:29:50+05:30,52932.6,0,0.0,0,0.0,0.0,53282.15,53308.4,52919.8,53710.35,0,0.0,0.0,0.0,0.0,-0.01,-1,-1,-0.01,-1,-1,-0.01,-1,-1,-0.01,-1,-1,-0.01,-1,-1,-0.01,-1,-1,-0.01,-1,-1,-0.01,-1,-1,-0.01,-1,-1,-0.01,-1,-1
99926009,2026-05-18 09:29:50+05:30,52934.9,0,0.0,0,0.0,0.0,53282.15,53308.4,52919.8,53710.35,0,0.0,0.0,0.0,0.0,-0.01,-1,-1,-0.01,-1,-1,-0.01,-1,-1,-0.01,-1,-1,-0.01,-1,-1,-0.01,-1,-1,-0.01,-1,-1,-0.01,-1,-1,-0.01,-1,-1,-0.01,-1,-1
99926009,2026-05-18 09:29:51+05:30,52931.05,0,0.0,0,0.0,0.0,53282.15,53308.4,52919.8,53710.35,0,0.0,0.0,0.0,0.0,-0.01,-1,-1,-0.01,-1,-1,-0.01,-1,-1,-0.01,-1,-1,-0.01,-1,-1,-0.01,-1,-1,-0.01,-1,-1,-0.01,-1,-1,-0.01,-1,-1,-0.01,-1,-1
99926009,2026-05-18 09:29:51+05:30,52943.1,0,0.0,0,0.0,0.0,53282.15,53308.4,52919.8,53710.35,0,0.0,0.0,0.0,0.0,-0.01,-1,-1,-0.01,-1,-1,-0.01,-1,-1,-0.01,-1,-1,-0.01,-1,-1,-0.01,-1,-1,-0.01,-1,-1,-0.01,-1,-1,-0.01,-1,-1,-0.01,-1,-1
99926009,2026-05-18 09:29:52+05:30,52939.15,0,0.0,0,0.0,0.0,53282.15,53308.4,52919.8,53710.35,0,0.0,0.0,0.0,0.0,-0.01,-1,-1,-0.01,-1,-1,-0.01,-1,-1,-0.01,-1,-1,-0.01,-1,-1,-0.01,-1,-1,-0.01,-1,-1,-0.01,-1,-1,-0.01,-1,-1,-0.01,-1,-1
99926009,2026-05-18 09:29:52+05:30,52938.8,0,0.0,0,0.0,0.0,53282.15,53308.4,52919.8,53710.35,0,0.0,0.0,0.0,0.0,-0.01,-1,-1,-0.01,-1,-1,-0.01,-1,-1,-0.01,-1,-1,-0.01,-1,-1,-0.01,-1,-1,-0.01,-1,-1,-0.01,-1,-1,-0.01,-1,-1,-0.01,-1,-1
99926009,2026-05-18 09:29:53+05:30,52937.05,0,0.0,0,0.0,0.0,53282.15,53308.4,52919.8,53710.35,0,0.0,0.0,0.0,0.0,-0.01,-1,-1,-0.01,-1,-1,-0.01,-1,-1,-0.01,-1,-1,-0.01,-1,-1,-0.01,-1,-1,-0.01,-1,-1,-0.01,-1,-1,-0.01,-1,-1,-0.01,-1,-1
99926009,2026-05-18 09:29:53+05:30,52937.05,0,0.0,0,0.0,0.0,53282.15,53308.4,52919.8,53710.35,0,0.0,0.0,0.0,0.0,-0.01,-1,-1,-0.01,-1,-1,-0.01,-1,-1,-0.01,-1,-1,-0.01,-1,-1,-0.01,-1,-1,-0.01,-1,-1,-0.01,-1,-1,-0.01,-1,-1,-0.01,-1,-1
99926009,2026-05-18 09:29:54+05:30,52937.9,0,0.0,0,0.0,0.0,53282.15,53308.4,52919.8,53710.35,0,0.0,0.0,0.0,0.0,-0.01,-1,-1,-0.01,-1,-1,-0.01,-1,-1,-0.01,-1,-1,-0.01,-1,-1,-0.01,-1,-1,-0.01,-1,-1,-0.01,-1,-1,-0.01,-1,-1,-0.01,-1,-1
99926009,2026-05-18 09:29:54+05:30,52935.2,0,0.0,0,0.0,0.0,53282.15,53308.4,52919.8,53710.35,0,0.0,0.0,0.0,0.0,-0.01,-1,-1,-0.01,-1,-1,-0.01,-1,-1,-0.01,-1,-1,-0.01,-1,-1,-0.01,-1,-1,-0.01,-1,-1,-0.01,-1,-1,-0.01,-1,-1,-0.01,-1,-1
99926009,2026-05-18 09:29:55+05:30,52934.6,0,0.0,0,0.0,0.0,53282.15,53308.4,52919.8,53710.35,0,0.0,0.0,0.0,0.0,-0.01,-1,-1,-0.01,-1,-1,-0.01,-1,-1,-0.01,-1,-1,-0.01,-1,-1,-0.01,-1,-1,-0.01,-1,-1,-0.01,-1,-1,-0.01,-1,-1,-0.01,-1,-1
99926009,2026-05-18 09:29:55+05:30,52940.55,0,0.0,0,0.0,0.0,53282.15,53308.4,52919.8,53710.35,0,0.0,0.0,0.0,0.0,-0.01,-1,-1,-0.01,-1,-1,-0.01,-1,-1,-0.01,-1,-1,-0.01,-1,-1,-0.01,-1,-1,-0.01,-1,-1,-0.01,-1,-1,-0.01,-1,-1,-0.01,-1,-1
99926009,2026-05-18 09:29:56+05:30,52939.45,0,0.0,0,0.0,0.0,53282.15,53308.4,52919.8,53710.35,0,0.0,0.0,0.0,0.0,-0.01,-1,-1,-0.01,-1,-1,-0.01,-1,-1,-0.01,-1,-1,-0.01,-1,-1,-0.01,-1,-1,-0.01,-1,-1,-0.01,-1,-1,-0.01,-1,-1,-0.01,-1,-1
99926009,2026-05-18 09:29:56+05:30,52940.7,0,0.0,0,0.0,0.0,53282.15,53308.4,52919.8,53710.35,0,0.0,0.0,0.0,0.0,-0.01,-1,-1,-0.01,-1,-1,-0.01,-1,-1,-0.01,-1,-1,-0.01,-1,-1,-0.01,-1,-1,-0.01,-1,-1,-0.01,-1,-1,-0.01,-1,-1,-0.01,-1,-1
99926009,2026-05-18 09:29:57+05:30,52943.95,0,0.0,0,0.0,0.0,53282.15,53308.4,52919.8,53710.35,0,0.0,0.0,0.0,0.0,-0.01,-1,-1,-0.01,-1,-1,-0.01,-1,-1,-0.01,-1,-1,-0.01,-1,-1,-0.01,-1,-1,-0.01,-1,-1,-0.01,-1,-1,-0.01,-1,-1,-0.01,-1,-1
99926009,2026-05-18 09:29:57+05:30,52947.0,0,0.0,0,0.0,0.0,53282.15,53308.4,52919.8,53710.35,0,0.0,0.0,0.0,0.0,-0.01,-1,-1,-0.01,-1,-1,-0.01,-1,-1,-0.01,-1,-1,-0.01,-1,-1,-0.01,-1,-1,-0.01,-1,-1,-0.01,-1,-1,-0.01,-1,-1,-0.01,-1,-1
99926009,2026-05-18 09:29:58+05:30,52950.2,0,0.0,0,0.0,0.0,53282.15,53308.4,52919.8,53710.35,0,0.0,0.0,0.0,0.0,-0.01,-1,-1,-0.01,-1,-1,-0.01,-1,-1,-0.01,-1,-1,-0.01,-1,-1,-0.01,-1,-1,-0.01,-1,-1,-0.01,-1,-1,-0.01,-1,-1,-0.01,-1,-1
99926009,2026-05-18 09:29:58+05:30,52951.0,0,0.0,0,0.0,0.0,53282.15,53308.4,52919.8,53710.35,0,0.0,0.0,0.0,0.0,-0.01,-1,-1,-0.01,-1,-1,-0.01,-1,-1,-0.01,-1,-1,-0.01,-1,-1,-0.01,-1,-1,-0.01,-1,-1,-0.01,-1,-1,-0.01,-1,-1,-0.01,-1,-1
99926009,2026-05-18 09:29:59+05:30,52949.0,0,0.0,0,0.0,0.0,53282.15,53308.4,52919.8,53710.35,0,0.0,0.0,0.0,0.0,-0.01,-1,-1,-0.01,-1,-1,-0.01,-1,-1,-0.01,-1,-1,-0.01,-1,-1,-0.01,-1,-1,-0.01,-1,-1,-0.01,-1,-1,-0.01,-1,-1,-0.01,-1,-1
99926009,2026-05-18 09:29:59+05:30,52946.4,0,0.0,0,0.0,0.0,53282.15,53308.4,52919.8,53710.35,0,0.0,0.0,0.0,0.0,-0.01,-1,-1,-0.01,-1,-1,-0.01,-1,-1,-0.01,-1,-1,-0.01,-1,-1,-0.01,-1,-1,-0.01,-1,-1,-0.01,-1,-1,-0.01,-1,-1,-0.01,-1,-1
99926009,2026-05-18 09:30:00+05:30,52947.2,0,0.0,0,0.0,0.0,53282.15,53308.4,52919.8,53710.35,0,0.0,0.0,0.0,0.0,-0.01,-1,-1,-0.01,-1,-1,-0.01,-1,-1,-0.01,-1,-1,-0.01,-1,-1,-0.01,-1,-1,-0.01,-1,-1,-0.01,-1,-1,-0.01,-1,-1,-0.01,-1,-1
99926009,2026-05-18 09:30:00+05:30,52948.8,0,0.0,0,0.0,0.0,53282.15,53308.4,52919.8,53710.35,0,0.0,0.0,0.0,0.0,-0.01,-1,-1,-0.01,-1,-1,-0.01,-1,-1,-0.01,-1,-1,-0.01,-1,-1,-0.01,-1,-1,-0.01,-1,-1,-0.01,-1,-1,-0.01,-1,-1,-0.01,-1,-1
99926009,2026-05-18 09:30:01+05:30,52949.9,0,0.0,0,0.0,0.0,53282.15,53308.4,52919.8,53710.35,0,0.0,0.0,0.0,0.0,-0.01,-1,-1,-0.01,-1,-1,-0.01,-1,-1,-0.01,-1,-1,-0.01,-1,-1,-0.01,-1,-1,-0.01,-1,-1,-0.01,-1,-1,-0.01,-1,-1,-0.01,-1,-1
99926009,2026-05-18 09:30:01+05:30,52949.4,0,0.0,0,0.0,0.0,53282.15,53308.4,52919.8,53710.35,0,0.0,0.0,0.0,0.0,-0.01,-1,-1,-0.01,-1,-1,-0.01,-1,-1,-0.01,-1,-1,-0.01,-1,-1,-0.01,-1,-1,-0.01,-1,-1,-0.01,-1,-1,-0.01,-1,-1,-0.01,-1,-1
99926009,2026-05-18 09:30:02+05:30,52954.0,0,0.0,0,0.0,0.0,53282.15,53308.4,52919.8,53710.35,0,0.0,0.0,0.0,0.0,-0.01,-1,-1,-0.01,-1,-1,-0.01,-1,-1,-0.01,-1,-1,-0.01,-1,-1,-0.01,-1,-1,-0.01,-1,-1,-0.01,-1,-1,-0.01,-1,-1,-0.01,-1,-1
99926009,2026-05-18 09:30:02+05:30,52957.75,0,0.0,0,0.0,0.0,53282.15,53308.4,52919.8,53710.35,0,0.0,0.0,0.0,0.0,-0.01,-1,-1,-0.01,-1,-1,-0.01,-1,-1,-0.01,-1,-1,-0.01,-1,-1,-0.01,-1,-1,-0.01,-1,-1,-0.01,-1,-1,-0.01,-1,-1,-0.01,-1,-1
99926009,2026-05-18 09:30:03+05:30,52960.75,0,0.0,0,0.0,0.0,53282.15,53308.4,52919.8,53710.35,0,0.0,0.0,0.0,0.0,-0.01,-1,-1,-0.01,-1,-1,-0.01,-1,-1,-0.01,-1,-1,-0.01,-1,-1,-0.01,-1,-1,-0.01,-1,-1,-0.01,-1,-1,-0.01,-1,-1,-0.01,-1,-1
99926009,2026-05-18 09:30:03+05:30,52962.25,0,0.0,0,0.0,0.0,53282.15,53308.4,52919.8,53710.35,0,0.0,0.0,0.0,0.0,-0.01,-1,-1,-0.01,-1,-1,-0.01,-1,-1,-0.01,-1,-1,-0.01,-1,-1,-0.01,-1,-1,-0.01,-1,-1,-0.01,-1,-1,-0.01,-1,-1,-0.01,-1,-1
99926009,2026-05-18 09:30:04+05:30,52959.65,0,0.0,0,0.0,0.0,53282.15,53308.4,52919.8,53710.35,0,0.0,0.0,0.0,0.0,-0.01,-1,-1,-0.01,-1,-1,-0.01,-1,-1,-0.01,-1,-1,-0.01,-1,-1,-0.01,-1,-1,-0.01,-1,-1,-0.01,-1,-1,-0.01,-1,-1,-0.01,-1,-1
99926009,2026-05-18 09:30:04+05:30,52959.7,0,0.0,0,0.0,0.0,53282.15,53308.4,52919.8,53710.35,0,0.0,0.0,0.0,0.0,-0.01,-1,-1,-0.01,-1,-1,-0.01,-1,-1,-0.01,-1,-1,-0.01,-1,-1,-0.01,-1,-1,-0.01,-1,-1,-0.01,-1,-1,-0.01,-1,-1,-0.01,-1,-1
99926009,2026-05-18 09:30:05+05:30,52955.8,0,0.0,0,0.0,0.0,53282.15,53308.4,52919.8,53710.35,0,0.0,0.0,0.0,0.0,-0.01,-1,-1,-0.01,-1,-1,-0.01,-1,-1,-0.01,-1,-1,-0.01,-1,-1,-0.01,-1,-1,-0.01,-1,-1,-0.01,-1,-1,-0.01,-1,-1,-0.01,-1,-1
99926009,2026-05-18 09:30:05+05:30,52953.95,0,0.0,0,0.0,0.0,53282.15,53308.4,52919.8,53710.35,0,0.0,0.0,0.0,0.0,-0.01,-1,-1,-0.01,-1,-1,-0.01,-1,-1,-0.01,-1,-1,-0.01,-1,-1,-0.01,-1,-1,-0.01,-1,-1,-0.01,-1,-1,-0.01,-1,-1,-0.01,-1,-1
99926009,2026-05-18 09:30:06+05:30,52949.45,0,0.0,0,0.0,0.0,53282.15,53308.4,52919.8,53710.35,0,0.0,0.0,0.0,0.0,-0.01,-1,-1,-0.01,-1,-1,-0.01,-1,-1,-0.01,-1,-1,-0.01,-1,-1,-0.01,-1,-1,-0.01,-1,-1,-0.01,-1,-1,-0.01,-1,-1,-0.01,-1,-1
99926009,2026-05-18 09:30:06+05:30,52947.65,0,0.0,0,0.0,0.0,53282.15,53308.4,52919.8,53710.35,0,0.0,0.0,0.0,0.0,-0.01,-1,-1,-0.01,-1,-1,-0.01,-1,-1,-0.01,-1,-1,-0.01,-1,-1,-0.01,-1,-1,-0.01,-1,-1,-0.01,-1,-1,-0.01,-1,-1,-0.01,-1,-1
99926009,2026-05-18 09:30:07+05:30,52947.1,0,0.0,0,0.0,0.0,53282.15,53308.4,52919.8,53710.35,0,0.0,0.0,0.0,0.0,-0.01,-1,-1,-0.01,-1,-1,-0.01,-1,-1,-0.01,-1,-1,-0.01,-1,-1,-0.01,-1,-1,-0.01,-1,-1,-0.01,-1,-1,-0.01,-1,-1,-0.01,-1,-1
99926009,2026-05-18 09:30:07+05:30,52944.95,0,0.0,0,0.0,0.0,53282.15,53308.4,52919.8,53710.35,0,0.0,0.0,0.0,0.0,-0.01,-1,-1,-0.01,-1,-1,-0.01,-1,-1,-0.01,-1,-1,-0.01,-1,-1,-0.01,-1,-1,-0.01,-1,-1,-0.01,-1,-1,-0.01,-1,-1,-0.01,-1,-1
99926009,2026-05-18 09:30:08+05:30,52946.8,0,0.0,0,0.0,0.0,53282.15,53308.4,52919.8,53710.35,0,0.0,0.0,0.0,0.0,-0.01,-1,-1,-0.01,-1,-1,-0.01,-1,-1,-0.01,-1,-1,-0.01,-1,-1,-0.01,-1,-1,-0.01,-1,-1,-0.01,-1,-1,-0.01,-1,-1,-0.01,-1,-1
99926009,2026-05-18 09:30:08+05:30,52944.95,0,0.0,0,0.0,0.0,53282.15,53308.4,52919.8,53710.35,0,0.0,0.0,0.0,0.0,-0.01,-1,-1,-0.01,-1,-1,-0.01,-1,-1,-0.01,-1,-1,-0.01,-1,-1,-0.01,-1,-1,-0.01,-1,-1,-0.01,-1,-1,-0.01,-1,-1,-0.01,-1,-1
99926009,2026-05-18 09:30:09+05:30,52946.85,0,0.0,0,0.0,0.0,53282.15,53308.4,52919.8,53710.35,0,0.0,0.0,0.0,0.0,-0.01,-1,-1,-0.01,-1,-1,-0.01,-1,-1,-0.01,-1,-1,-0.01,-1,-1,-0.01,-1,-1,-0.01,-1,-1,-0.01,-1,-1,-0.01,-1,-1,-0.01,-1,-1
99926009,2026-05-18 09:30:09+05:30,52946.8,0,0.0,0,0.0,0.0,53282.15,53308.4,52919.8,53710.35,0,0.0,0.0,0.0,0.0,-0.01,-1,-1,-0.01,-1,-1,-0.01,-1,-1,-0.01,-1,-1,-0.01,-1,-1,-0.01,-1,-1,-0.01,-1,-1,-0.01,-1,-1,-0.01,-1,-1,-0.01,-1,-1
99926009,2026-05-18 09:30:10+05:30,52945.4,0,0.0,0,0.0,0.0,53282.15,53308.4,52919.8,53710.35,0,0.0,0.0,0.0,0.0,-0.01,-1,-1,-0.01,-1,-1,-0.01,-1,-1,-0.01,-1,-1,-0.01,-1,-1,-0.01,-1,-1,-0.01,-1,-1,-0.01,-1,-1,-0.01,-1,-1,-0.01,-1,-1
99926009,2026-05-18 09:30:10+05:30,52948.1,0,0.0,0,0.0,0.0,53282.15,53308.4,52919.8,53710.35,0,0.0,0.0,0.0,0.0,-0.01,-1,-1,-0.01,-1,-1,-0.01,-1,-1,-0.01,-1,-1,-0.01,-1,-1,-0.01,-1,-1,-0.01,-1,-1,-0.01,-1,-1,-0.01,-1,-1,-0.01,-1,-1
99926009,2026-05-18 09:30:11+05:30,52947.15,0,0.0,0,0.0,0.0,53282.15,53308.4,52919.8,53710.35,0,0.0,0.0,0.0,0.0,-0.01,-1,-1,-0.01,-1,-1,-0.01,-1,-1,-0.01,-1,-1,-0.01,-1,-1,-0.01,-1,-1,-0.01,-1,-1,-0.01,-1,-1,-0.01,-1,-1,-0.01,-1,-1
99926009,2026-05-18 09:30:11+05:30,52944.85,0,0.0,0,0.0,0.0,53282.15,53308.4,52919.8,53710.35,0,0.0,0.0,0.0,0.0,-0.01,-1,-1,-0.01,-1,-1,-0.01,-1,-1,-0.01,-1,-1,-0.01,-1,-1,-0.01,-1,-1,-0.01,-1,-1,-0.01,-1,-1,-0.01,-1,-1,-0.01,-1,-1
99926009,2026-05-18 09:30:12+05:30,52949.45,0,0.0,0,0.0,0.0,53282.15,53308.4,52919.8,53710.35,0,0.0,0.0,0.0,0.0,-0.01,-1,-1,-0.01,-1,-1,-0.01,-1,-1,-0.01,-1,-1,-0.01,-1,-1,-0.01,-1,-1,-0.01,-1,-1,-0.01,-1,-1,-0.01,-1,-1,-0.01,-1,-1
99926009,2026-05-18 09:30:12+05:30,52949.8,0,0.0,0,0.0,0.0,53282.15,53308.4,52919.8,53710.35,0,0.0,0.0,0.0,0.0,-0.01,-1,-1,-0.01,-1,-1,-0.01,-1,-1,-0.01,-1,-1,-0.01,-1,-1,-0.01,-1,-1,-0.01,-1,-1,-0.01,-1,-1,-0.01,-1,-1,-0.01,-1,-1
99926009,2026-05-18 09:30:13+05:30,52956.7,0,0.0,0,0.0,0.0,53282.15,53308.4,52919.8,53710.35,0,0.0,0.0,0.0,0.0,-0.01,-1,-1,-0.01,-1,-1,-0.01,-1,-1,-0.01,-1,-1,-0.01,-1,-1,-0.01,-1,-1,-0.01,-1,-1,-0.01,-1,-1,-0.01,-1,-1,-0.01,-1,-1
99926009,2026-05-18 09:30:13+05:30,52955.8,0,0.0,0,0.0,0.0,53282.15,53308.4,52919.8,53710.35,0,0.0,0.0,0.0,0.0,-0.01,-1,-1,-0.01,-1,-1,-0.01,-1,-1,-0.01,-1,-1,-0.01,-1,-1,-0.01,-1,-1,-0.01,-1,-1,-0.01,-1,-1,-0.01,-1,-1,-0.01,-1,-1
99926009,2026-05-18 09:30:14+05:30,52953.65,0,0.0,0,0.0,0.0,53282.15,53308.4,52919.8,53710.35,0,0.0,0.0,0.0,0.0,-0.01,-1,-1,-0.01,-1,-1,-0.01,-1,-1,-0.01,-1,-1,-0.01,-1,-1,-0.01,-1,-1,-0.01,-1,-1,-0.01,-1,-1,-0.01,-1,-1,-0.01,-1,-1
99926009,2026-05-18 09:30:14+05:30,52950.45,0,0.0,0,0.0,0.0,53282.15,53308.4,52919.8,53710.35,0,0.0,0.0,0.0,0.0,-0.01,-1,-1,-0.01,-1,-1,-0.01,-1,-1,-0.01,-1,-1,-0.01,-1,-1,-0.01,-1,-1,-0.01,-1,-1,-0.01,-1,-1,-0.01,-1,-1,-0.01,-1,-1
99926009,2026-05-18 09:30:15+05:30,52949.15,0,0.0,0,0.0,0.0,53282.15,53308.4,52919.8,53710.35,0,0.0,0.0,0.0,0.0,-0.01,-1,-1,-0.01,-1,-1,-0.01,-1,-1,-0.01,-1,-1,-0.01,-1,-1,-0.01,-1,-1,-0.01,-1,-1,-0.01,-1,-1,-0.01,-1,-1,-0.01,-1,-1
99926009,2026-05-18 09:30:15+05:30,52953.7,0,0.0,0,0.0,0.0,53282.15,53308.4,52919.8,53710.35,0,0.0,0.0,0.0,0.0,-0.01,-1,-1,-0.01,-1,-1,-0.01,-1,-1,-0.01,-1,-1,-0.01,-1,-1,-0.01,-1,-1,-0.01,-1,-1,-0.01,-1,-1,-0.01,-1,-1,-0.01,-1,-1
99926009,2026-05-18 09:30:16+05:30,52948.8,0,0.0,0,0.0,0.0,53282.15,53308.4,52919.8,53710.35,0,0.0,0.0,0.0,0.0,-0.01,-1,-1,-0.01,-1,-1,-0.01,-1,-1,-0.01,-1,-1,-0.01,-1,-1,-0.01,-1,-1,-0.01,-1,-1,-0.01,-1,-1,-0.01,-1,-1,-0.01,-1,-1
99926009,2026-05-18 09:30:16+05:30,52948.3,0,0.0,0,0.0,0.0,53282.15,53308.4,52919.8,53710.35,0,0.0,0.0,0.0,0.0,-0.01,-1,-1,-0.01,-1,-1,-0.01,-1,-1,-0.01,-1,-1,-0.01,-1,-1,-0.01,-1,-1,-0.01,-1,-1,-0.01,-1,-1,-0.01,-1,-1,-0.01,-1,-1
99926009,2026-05-18 09:30:17+05:30,52948.8,0,0.0,0,0.0,0.0,53282.15,53308.4,52919.8,53710.35,0,0.0,0.0,0.0,0.0,-0.01,-1,-1,-0.01,-1,-1,-0.01,-1,-1,-0.01,-1,-1,-0.01,-1,-1,-0.01,-1,-1,-0.01,-1,-1,-0.01,-1,-1,-0.01,-1,-1,-0.01,-1,-1
99926009,2026-05-18 09:30:17+05:30,52949.85,0,0.0,0,0.0,0.0,53282.15,53308.4,52919.8,53710.35,0,0.0,0.0,0.0,0.0,-0.01,-1,-1,-0.01,-1,-1,-0.01,-1,-1,-0.01,-1,-1,-0.01,-1,-1,-0.01,-1,-1,-0.01,-1,-1,-0.01,-1,-1,-0.01,-1,-1,-0.01,-1,-1
99926009,2026-05-18 09:30:18+05:30,52953.65,0,0.0,0,0.0,0.0,53282.15,53308.4,52919.8,53710.35,0,0.0,0.0,0.0,0.0,-0.01,-1,-1,-0.01,-1,-1,-0.01,-1,-1,-0.01,-1,-1,-0.01,-1,-1,-0.01,-1,-1,-0.01,-1,-1,-0.01,-1,-1,-0.01,-1,-1,-0.01,-1,-1
99926009,2026-05-18 09:30:18+05:30,52954.75,0,0.0,0,0.0,0.0,53282.15,53308.4,52919.8,53710.35,0,0.0,0.0,0.0,0.0,-0.01,-1,-1,-0.01,-1,-1,-0.01,-1,-1,-0.01,-1,-1,-0.01,-1,-1,-0.01,-1,-1,-0.01,-1,-1,-0.01,-1,-1,-0.01,-1,-1,-0.01,-1,-1
99926009,2026-05-18 09:30:19+05:30,52958.55,0,0.0,0,0.0,0.0,53282.15,53308.4,52919.8,53710.35,0,0.0,0.0,0.0,0.0,-0.01,-1,-1,-0.01,-1,-1,-0.01,-1,-1,-0.01,-1,-1,-0.01,-1,-1,-0.01,-1,-1,-0.01,-1,-1,-0.01,-1,-1,-0.01,-1,-1,-0.01,-1,-1
99926009,2026-05-18 09:30:19+05:30,52963.25,0,0.0,0,0.0,0.0,53282.15,53308.4,52919.8,53710.35,0,0.0,0.0,0.0,0.0,-0.01,-1,-1,-0.01,-1,-1,-0.01,-1,-1,-0.01,-1,-1,-0.01,-1,-1,-0.01,-1,-1,-0.01,-1,-1,-0.01,-1,-1,-0.01,-1,-1,-0.01,-1,-1
99926009,2026-05-18 09:30:20+05:30,52963.0,0,0.0,0,0.0,0.0,53282.15,53308.4,52919.8,53710.35,0,0.0,0.0,0.0,0.0,-0.01,-1,-1,-0.01,-1,-1,-0.01,-1,-1,-0.01,-1,-1,-0.01,-1,-1,-0.01,-1,-1,-0.01,-1,-1,-0.01,-1,-1,-0.01,-1,-1,-0.01,-1,-1
99926009,2026-05-18 09:30:20+05:30,52963.55,0,0.0,0,0.0,0.0,53282.15,53308.4,52919.8,53710.35,0,0.0,0.0,0.0,0.0,-0.01,-1,-1,-0.01,-1,-1,-0.01,-1,-1,-0.01,-1,-1,-0.01,-1,-1,-0.01,-1,-1,-0.01,-1,-1,-0.01,-1,-1,-0.01,-1,-1,-0.01,-1,-1
99926009,2026-05-18 09:30:21+05:30,52963.0,0,0.0,0,0.0,0.0,53282.15,53308.4,52919.8,53710.35,0,0.0,0.0,0.0,0.0,-0.01,-1,-1,-0.01,-1,-1,-0.01,-1,-1,-0.01,-1,-1,-0.01,-1,-1,-0.01,-1,-1,-0.01,-1,-1,-0.01,-1,-1,-0.01,-1,-1,-0.01,-1,-1
99926009,2026-05-18 09:30:21+05:30,52964.8,0,0.0,0,0.0,0.0,53282.15,53308.4,52919.8,53710.35,0,0.0,0.0,0.0,0.0,-0.01,-1,-1,-0.01,-1,-1,-0.01,-1,-1,-0.01,-1,-1,-0.01,-1,-1,-0.01,-1,-1,-0.01,-1,-1,-0.01,-1,-1,-0.01,-1,-1,-0.01,-1,-1
99926009,2026-05-18 09:30:22+05:30,52968.25,0,0.0,0,0.0,0.0,53282.15,53308.4,52919.8,53710.35,0,0.0,0.0,0.0,0.0,-0.01,-1,-1,-0.01,-1,-1,-0.01,-1,-1,-0.01,-1,-1,-0.01,-1,-1,-0.01,-1,-1,-0.01,-1,-1,-0.01,-1,-1,-0.01,-1,-1,-0.01,-1,-1
99926009,2026-05-18 09:30:22+05:30,52969.6,0,0.0,0,0.0,0.0,53282.15,53308.4,52919.8,53710.35,0,0.0,0.0,0.0,0.0,-0.01,-1,-1,-0.01,-1,-1,-0.01,-1,-1,-0.01,-1,-1,-0.01,-1,-1,-0.01,-1,-1,-0.01,-1,-1,-0.01,-1,-1,-0.01,-1,-1,-0.01,-1,-1
99926009,2026-05-18 09:30:23+05:30,52971.9,0,0.0,0,0.0,0.0,53282.15,53308.4,52919.8,53710.35,0,0.0,0.0,0.0,0.0,-0.01,-1,-1,-0.01,-1,-1,-0.01,-1,-1,-0.01,-1,-1,-0.01,-1,-1,-0.01,-1,-1,-0.01,-1,-1,-0.01,-1,-1,-0.01,-1,-1,-0.01,-1,-1
99926009,2026-05-18 09:30:23+05:30,52970.85,0,0.0,0,0.0,0.0,53282.15,53308.4,52919.8,53710.35,0,0.0,0.0,0.0,0.0,-0.01,-1,-1,-0.01,-1,-1,-0.01,-1,-1,-0.01,-1,-1,-0.01,-1,-1,-0.01,-1,-1,-0.01,-1,-1,-0.01,-1,-1,-0.01,-1,-1,-0.01,-1,-1
99926009,2026-05-18 09:30:24+05:30,52971.75,0,0.0,0,0.0,0.0,53282.15,53308.4,52919.8,53710.35,0,0.0,0.0,0.0,0.0,-0.01,-1,-1,-0.01,-1,-1,-0.01,-1,-1,-0.01,-1,-1,-0.01,-1,-1,-0.01,-1,-1,-0.01,-1,-1,-0.01,-1,-1,-0.01,-1,-1,-0.01,-1,-1
99926009,2026-05-18 09:30:24+05:30,52976.5,0,0.0,0,0.0,0.0,53282.15,53308.4,52919.8,53710.35,0,0.0,0.0,0.0,0.0,-0.01,-1,-1,-0.01,-1,-1,-0.01,-1,-1,-0.01,-1,-1,-0.01,-1,-1,-0.01,-1,-1,-0.01,-1,-1,-0.01,-1,-1,-0.01,-1,-1,-0.01,-1,-1
99926009,2026-05-18 09:30:25+05:30,52974.55,0,0.0,0,0.0,0.0,53282.15,53308.4,52919.8,53710.35,0,0.0,0.0,0.0,0.0,-0.01,-1,-1,-0.01,-1,-1,-0.01,-1,-1,-0.01,-1,-1,-0.01,-1,-1,-0.01,-1,-1,-0.01,-1,-1,-0.01,-1,-1,-0.01,-1,-1,-0.01,-1,-1
99926009,2026-05-18 09:30:25+05:30,52975.85,0,0.0,0,0.0,0.0,53282.15,53308.4,52919.8,53710.35,0,0.0,0.0,0.0,0.0,-0.01,-1,-1,-0.01,-1,-1,-0.01,-1,-1,-0.01,-1,-1,-0.01,-1,-1,-0.01,-1,-1,-0.01,-1,-1,-0.01,-1,-1,-0.01,-1,-1,-0.01,-1,-1
99926009,2026-05-18 09:30:26+05:30,52970.7,0,0.0,0,0.0,0.0,53282.15,53308.4,52919.8,53710.35,0,0.0,0.0,0.0,0.0,-0.01,-1,-1,-0.01,-1,-1,-0.01,-1,-1,-0.01,-1,-1,-0.01,-1,-1,-0.01,-1,-1,-0.01,-1,-1,-0.01,-1,-1,-0.01,-1,-1,-0.01,-1,-1
99926009,2026-05-18 09:30:26+05:30,52974.0,0,0.0,0,0.0,0.0,53282.15,53308.4,52919.8,53710.35,0,0.0,0.0,0.0,0.0,-0.01,-1,-1,-0.01,-1,-1,-0.01,-1,-1,-0.01,-1,-1,-0.01,-1,-1,-0.01,-1,-1,-0.01,-1,-1,-0.01,-1,-1,-0.01,-1,-1,-0.01,-1,-1
99926009,2026-05-18 09:30:27+05:30,52971.6,0,0.0,0,0.0,0.0,53282.15,53308.4,52919.8,53710.35,0,0.0,0.0,0.0,0.0,-0.01,-1,-1,-0.01,-1,-1,-0.01,-1,-1,-0.01,-1,-1,-0.01,-1,-1,-0.01,-1,-1,-0.01,-1,-1,-0.01,-1,-1,-0.01,-1,-1,-0.01,-1,-1
99926009,2026-05-18 09:30:27+05:30,52976.05,0,0.0,0,0.0,0.0,53282.15,53308.4,52919.8,53710.35,0,0.0,0.0,0.0,0.0,-0.01,-1,-1,-0.01,-1,-1,-0.01,-1,-1,-0.01,-1,-1,-0.01,-1,-1,-0.01,-1,-1,-0.01,-1,-1,-0.01,-1,-1,-0.01,-1,-1,-0.01,-1,-1
99926009,2026-05-18 09:30:28+05:30,52978.9,0,0.0,0,0.0,0.0,53282.15,53308.4,52919.8,53710.35,0,0.0,0.0,0.0,0.0,-0.01,-1,-1,-0.01,-1,-1,-0.01,-1,-1,-0.01,-1,-1,-0.01,-1,-1,-0.01,-1,-1,-0.01,-1,-1,-0.01,-1,-1,-0.01,-1,-1,-0.01,-1,-1
99926009,2026-05-18 09:30:28+05:30,52976.05,0,0.0,0,0.0,0.0,53282.15,53308.4,52919.8,53710.35,0,0.0,0.0,0.0,0.0,-0.01,-1,-1,-0.01,-1,-1,-0.01,-1,-1,-0.01,-1,-1,-0.01,-1,-1,-0.01,-1,-1,-0.01,-1,-1,-0.01,-1,-1,-0.01,-1,-1,-0.01,-1,-1
99926009,2026-05-18 09:30:29+05:30,52979.4,0,0.0,0,0.0,0.0,53282.15,53308.4,52919.8,53710.35,0,0.0,0.0,0.0,0.0,-0.01,-1,-1,-0.01,-1,-1,-0.01,-1,-1,-0.01,-1,-1,-0.01,-1,-1,-0.01,-1,-1,-0.01,-1,-1,-0.01,-1,-1,-0.01,-1,-1,-0.01,-1,-1
99926009,2026-05-18 09:30:29+05:30,52967.15,0,0.0,0,0.0,0.0,53282.15,53308.4,52919.8,53710.35,0,0.0,0.0,0.0,0.0,-0.01,-1,-1,-0.01,-1,-1,-0.01,-1,-1,-0.01,-1,-1,-0.01,-1,-1,-0.01,-1,-1,-0.01,-1,-1,-0.01,-1,-1,-0.01,-1,-1,-0.01,-1,-1
99926009,2026-05-18 09:30:30+05:30,52969.25,0,0.0,0,0.0,0.0,53282.15,53308.4,52919.8,53710.35,0,0.0,0.0,0.0,0.0,-0.01,-1,-1,-0.01,-1,-1,-0.01,-1,-1,-0.01,-1,-1,-0.01,-1,-1,-0.01,-1,-1,-0.01,-1,-1,-0.01,-1,-1,-0.01,-1,-1,-0.01,-1,-1
99926009,2026-05-18 09:30:30+05:30,52964.7,0,0.0,0,0.0,0.0,53282.15,53308.4,52919.8,53710.35,0,0.0,0.0,0.0,0.0,-0.01,-1,-1,-0.01,-1,-1,-0.01,-1,-1,-0.01,-1,-1,-0.01,-1,-1,-0.01,-1,-1,-0.01,-1,-1,-0.01,-1,-1,-0.01,-1,-1,-0.01,-1,-1
99926009,2026-05-18 09:30:31+05:30,52970.15,0,0.0,0,0.0,0.0,53282.15,53308.4,52919.8,53710.35,0,0.0,0.0,0.0,0.0,-0.01,-1,-1,-0.01,-1,-1,-0.01,-1,-1,-0.01,-1,-1,-0.01,-1,-1,-0.01,-1,-1,-0.01,-1,-1,-0.01,-1,-1,-0.01,-1,-1,-0.01,-1,-1
99926009,2026-05-18 09:30:31+05:30,52968.35,0,0.0,0,0.0,0.0,53282.15,53308.4,52919.8,53710.35,0,0.0,0.0,0.0,0.0,-0.01,-1,-1,-0.01,-1,-1,-0.01,-1,-1,-0.01,-1,-1,-0.01,-1,-1,-0.01,-1,-1,-0.01,-1,-1,-0.01,-1,-1,-0.01,-1,-1,-0.01,-1,-1
99926009,2026-05-18 09:30:32+05:30,52968.9,0,0.0,0,0.0,0.0,53282.15,53308.4,52919.8,53710.35,0,0.0,0.0,0.0,0.0,-0.01,-1,-1,-0.01,-1,-1,-0.01,-1,-1,-0.01,-1,-1,-0.01,-1,-1,-0.01,-1,-1,-0.01,-1,-1,-0.01,-1,-1,-0.01,-1,-1,-0.01,-1,-1
99926009,2026-05-18 09:30:32+05:30,52965.15,0,0.0,0,0.0,0.0,53282.15,53308.4,52919.8,53710.35,0,0.0,0.0,0.0,0.0,-0.01,-1,-1,-0.01,-1,-1,-0.01,-1,-1,-0.01,-1,-1,-0.01,-1,-1,-0.01,-1,-1,-0.01,-1,-1,-0.01,-1,-1,-0.01,-1,-1,-0.01,-1,-1
99926009,2026-05-18 09:30:33+05:30,52970.0,0,0.0,0,0.0,0.0,53282.15,53308.4,52919.8,53710.35,0,0.0,0.0,0.0,0.0,-0.01,-1,-1,-0.01,-1,-1,-0.01,-1,-1,-0.01,-1,-1,-0.01,-1,-1,-0.01,-1,-1,-0.01,-1,-1,-0.01,-1,-1,-0.01,-1,-1,-0.01,-1,-1
99926009,2026-05-18 09:30:33+05:30,52967.25,0,0.0,0,0.0,0.0,53282.15,53308.4,52919.8,53710.35,0,0.0,0.0,0.0,0.0,-0.01,-1,-1,-0.01,-1,-1,-0.01,-1,-1,-0.01,-1,-1,-0.01,-1,-1,-0.01,-1,-1,-0.01,-1,-1,-0.01,-1,-1,-0.01,-1,-1,-0.01,-1,-1
99926009,2026-05-18 09:30:34+05:30,52967.5,0,0.0,0,0.0,0.0,53282.15,53308.4,52919.8,53710.35,0,0.0,0.0,0.0,0.0,-0.01,-1,-1,-0.01,-1,-1,-0.01,-1,-1,-0.01,-1,-1,-0.01,-1,-1,-0.01,-1,-1,-0.01,-1,-1,-0.01,-1,-1,-0.01,-1,-1,-0.01,-1,-1
99926009,2026-05-18 09:30:34+05:30,52962.7,0,0.0,0,0.0,0.0,53282.15,53308.4,52919.8,53710.35,0,0.0,0.0,0.0,0.0,-0.01,-1,-1,-0.01,-1,-1,-0.01,-1,-1,-0.01,-1,-1,-0.01,-1,-1,-0.01,-1,-1,-0.01,-1,-1,-0.01,-1,-1,-0.01,-1,-1,-0.01,-1,-1
99926009,2026-05-18 09:30:35+05:30,52961.35,0,0.0,0,0.0,0.0,53282.15,53308.4,52919.8,53710.35,0,0.0,0.0,0.0,0.0,-0.01,-1,-1,-0.01,-1,-1,-0.01,-1,-1,-0.01,-1,-1,-0.01,-1,-1,-0.01,-1,-1,-0.01,-1,-1,-0.01,-1,-1,-0.01,-1,-1,-0.01,-1,-1
99926009,2026-05-18 09:30:35+05:30,52965.05,0,0.0,0,0.0,0.0,53282.15,53308.4,52919.8,53710.35,0,0.0,0.0,0.0,0.0,-0.01,-1,-1,-0.01,-1,-1,-0.01,-1,-1,-0.01,-1,-1,-0.01,-1,-1,-0.01,-1,-1,-0.01,-1,-1,-0.01,-1,-1,-0.01,-1,-1,-0.01,-1,-1
99926009,2026-05-18 09:30:36+05:30,52967.9,0,0.0,0,0.0,0.0,53282.15,53308.4,52919.8,53710.35,0,0.0,0.0,0.0,0.0,-0.01,-1,-1,-0.01,-1,-1,-0.01,-1,-1,-0.01,-1,-1,-0.01,-1,-1,-0.01,-1,-1,-0.01,-1,-1,-0.01,-1,-1,-0.01,-1,-1,-0.01,-1,-1
99926009,2026-05-18 09:30:36+05:30,52970.65,0,0.0,0,0.0,0.0,53282.15,53308.4,52919.8,53710.35,0,0.0,0.0,0.0,0.0,-0.01,-1,-1,-0.01,-1,-1,-0.01,-1,-1,-0.01,-1,-1,-0.01,-1,-1,-0.01,-1,-1,-0.01,-1,-1,-0.01,-1,-1,-0.01,-1,-1,-0.01,-1,-1
99926009,2026-05-18 09:30:37+05:30,52972.5,0,0.0,0,0.0,0.0,53282.15,53308.4,52919.8,53710.35,0,0.0,0.0,0.0,0.0,-0.01,-1,-1,-0.01,-1,-1,-0.01,-1,-1,-0.01,-1,-1,-0.01,-1,-1,-0.01,-1,-1,-0.01,-1,-1,-0.01,-1,-1,-0.01,-1,-1,-0.01,-1,-1
99926009,2026-05-18 09:30:37+05:30,52972.1,0,0.0,0,0.0,0.0,53282.15,53308.4,52919.8,53710.35,0,0.0,0.0,0.0,0.0,-0.01,-1,-1,-0.01,-1,-1,-0.01,-1,-1,-0.01,-1,-1,-0.01,-1,-1,-0.01,-1,-1,-0.01,-1,-1,-0.01,-1,-1,-0.01,-1,-1,-0.01,-1,-1
99926009,2026-05-18 09:30:38+05:30,52971.6,0,0.0,0,0.0,0.0,53282.15,53308.4,52919.8,53710.35,0,0.0,0.0,0.0,0.0,-0.01,-1,-1,-0.01,-1,-1,-0.01,-1,-1,-0.01,-1,-1,-0.01,-1,-1,-0.01,-1,-1,-0.01,-1,-1,-0.01,-1,-1,-0.01,-1,-1,-0.01,-1,-1
99926009,2026-05-18 09:30:38+05:30,52970.25,0,0.0,0,0.0,0.0,53282.15,53308.4,52919.8,53710.35,0,0.0,0.0,0.0,0.0,-0.01,-1,-1,-0.01,-1,-1,-0.01,-1,-1,-0.01,-1,-1,-0.01,-1,-1,-0.01,-1,-1,-0.01,-1,-1,-0.01,-1,-1,-0.01,-1,-1,-0.01,-1,-1
99926009,2026-05-18 09:30:39+05:30,52971.1,0,0.0,0,0.0,0.0,53282.15,53308.4,52919.8,53710.35,0,0.0,0.0,0.0,0.0,-0.01,-1,-1,-0.01,-1,-1,-0.01,-1,-1,-0.01,-1,-1,-0.01,-1,-1,-0.01,-1,-1,-0.01,-1,-1,-0.01,-1,-1,-0.01,-1,-1,-0.01,-1,-1
99926009,2026-05-18 09:30:39+05:30,52965.85,0,0.0,0,0.0,0.0,53282.15,53308.4,52919.8,53710.35,0,0.0,0.0,0.0,0.0,-0.01,-1,-1,-0.01,-1,-1,-0.01,-1,-1,-0.01,-1,-1,-0.01,-1,-1,-0.01,-1,-1,-0.01,-1,-1,-0.01,-1,-1,-0.01,-1,-1,-0.01,-1,-1
99926009,2026-05-18 09:30:40+05:30,52967.0,0,0.0,0,0.0,0.0,53282.15,53308.4,52919.8,53710.35,0,0.0,0.0,0.0,0.0,-0.01,-1,-1,-0.01,-1,-1,-0.01,-1,-1,-0.01,-1,-1,-0.01,-1,-1,-0.01,-1,-1,-0.01,-1,-1,-0.01,-1,-1,-0.01,-1,-1,-0.01,-1,-1
99926009,2026-05-18 09:30:40+05:30,52975.6,0,0.0,0,0.0,0.0,53282.15,53308.4,52919.8,53710.35,0,0.0,0.0,0.0,0.0,-0.01,-1,-1,-0.01,-1,-1,-0.01,-1,-1,-0.01,-1,-1,-0.01,-1,-1,-0.01,-1,-1,-0.01,-1,-1,-0.01,-1,-1,-0.01,-1,-1,-0.01,-1,-1
99926009,2026-05-18 09:30:41+05:30,52971.85,0,0.0,0,0.0,0.0,53282.15,53308.4,52919.8,53710.35,0,0.0,0.0,0.0,0.0,-0.01,-1,-1,-0.01,-1,-1,-0.01,-1,-1,-0.01,-1,-1,-0.01,-1,-1,-0.01,-1,-1,-0.01,-1,-1,-0.01,-1,-1,-0.01,-1,-1,-0.01,-1,-1
99926009,2026-05-18 09:30:41+05:30,52972.6,0,0.0,0,0.0,0.0,53282.15,53308.4,52919.8,53710.35,0,0.0,0.0,0.0,0.0,-0.01,-1,-1,-0.01,-1,-1,-0.01,-1,-1,-0.01,-1,-1,-0.01,-1,-1,-0.01,-1,-1,-0.01,-1,-1,-0.01,-1,-1,-0.01,-1,-1,-0.01,-1,-1
99926009,2026-05-18 09:30:42+05:30,52975.2,0,0.0,0,0.0,0.0,53282.15,53308.4,52919.8,53710.35,0,0.0,0.0,0.0,0.0,-0.01,-1,-1,-0.01,-1,-1,-0.01,-1,-1,-0.01,-1,-1,-0.01,-1,-1,-0.01,-1,-1,-0.01,-1,-1,-0.01,-1,-1,-0.01,-1,-1,-0.01,-1,-1
99926009,2026-05-18 09:30:42+05:30,52972.35,0,0.0,0,0.0,0.0,53282.15,53308.4,52919.8,53710.35,0,0.0,0.0,0.0,0.0,-0.01,-1,-1,-0.01,-1,-1,-0.01,-1,-1,-0.01,-1,-1,-0.01,-1,-1,-0.01,-1,-1,-0.01,-1,-1,-0.01,-1,-1,-0.01,-1,-1,-0.01,-1,-1
99926009,2026-05-18 09:30:43+05:30,52967.55,0,0.0,0,0.0,0.0,53282.15,53308.4,52919.8,53710.35,0,0.0,0.0,0.0,0.0,-0.01,-1,-1,-0.01,-1,-1,-0.01,-1,-1,-0.01,-1,-1,-0.01,-1,-1,-0.01,-1,-1,-0.01,-1,-1,-0.01,-1,-1,-0.01,-1,-1,-0.01,-1,-1
99926009,2026-05-18 09:30:43+05:30,52969.05,0,0.0,0,0.0,0.0,53282.15,53308.4,52919.8,53710.35,0,0.0,0.0,0.0,0.0,-0.01,-1,-1,-0.01,-1,-1,-0.01,-1,-1,-0.01,-1,-1,-0.01,-1,-1,-0.01,-1,-1,-0.01,-1,-1,-0.01,-1,-1,-0.01,-1,-1,-0.01,-1,-1
99926009,2026-05-18 09:30:44+05:30,52971.75,0,0.0,0,0.0,0.0,53282.15,53308.4,52919.8,53710.35,0,0.0,0.0,0.0,0.0,-0.01,-1,-1,-0.01,-1,-1,-0.01,-1,-1,-0.01,-1,-1,-0.01,-1,-1,-0.01,-1,-1,-0.01,-1,-1,-0.01,-1,-1,-0.01,-1,-1,-0.01,-1,-1
99926009,2026-05-18 09:30:44+05:30,52973.1,0,0.0,0,0.0,0.0,53282.15,53308.4,52919.8,53710.35,0,0.0,0.0,0.0,0.0,-0.01,-1,-1,-0.01,-1,-1,-0.01,-1,-1,-0.01,-1,-1,-0.01,-1,-1,-0.01,-1,-1,-0.01,-1,-1,-0.01,-1,-1,-0.01,-1,-1,-0.01,-1,-1
99926009,2026-05-18 09:30:45+05:30,52972.65,0,0.0,0,0.0,0.0,53282.15,53308.4,52919.8,53710.35,0,0.0,0.0,0.0,0.0,-0.01,-1,-1,-0.01,-1,-1,-0.01,-1,-1,-0.01,-1,-1,-0.01,-1,-1,-0.01,-1,-1,-0.01,-1,-1,-0.01,-1,-1,-0.01,-1,-1,-0.01,-1,-1
99926009,2026-05-18 09:30:45+05:30,52972.4,0,0.0,0,0.0,0.0,53282.15,53308.4,52919.8,53710.35,0,0.0,0.0,0.0,0.0,-0.01,-1,-1,-0.01,-1,-1,-0.01,-1,-1,-0.01,-1,-1,-0.01,-1,-1,-0.01,-1,-1,-0.01,-1,-1,-0.01,-1,-1,-0.01,-1,-1,-0.01,-1,-1
99926009,2026-05-18 09:30:46+05:30,52971.05,0,0.0,0,0.0,0.0,53282.15,53308.4,52919.8,53710.35,0,0.0,0.0,0.0,0.0,-0.01,-1,-1,-0.01,-1,-1,-0.01,-1,-1,-0.01,-1,-1,-0.01,-1,-1,-0.01,-1,-1,-0.01,-1,-1,-0.01,-1,-1,-0.01,-1,-1,-0.01,-1,-1
99926009,2026-05-18 09:30:46+05:30,52972.0,0,0.0,0,0.0,0.0,53282.15,53308.4,52919.8,53710.35,0,0.0,0.0,0.0,0.0,-0.01,-1,-1,-0.01,-1,-1,-0.01,-1,-1,-0.01,-1,-1,-0.01,-1,-1,-0.01,-1,-1,-0.01,-1,-1,-0.01,-1,-1,-0.01,-1,-1,-0.01,-1,-1
99926009,2026-05-18 09:30:47+05:30,52973.3,0,0.0,0,0.0,0.0,53282.15,53308.4,52919.8,53710.35,0,0.0,0.0,0.0,0.0,-0.01,-1,-1,-0.01,-1,-1,-0.01,-1,-1,-0.01,-1,-1,-0.01,-1,-1,-0.01,-1,-1,-0.01,-1,-1,-0.01,-1,-1,-0.01,-1,-1,-0.01,-1,-1
99926009,2026-05-18 09:30:47+05:30,52971.1,0,0.0,0,0.0,0.0,53282.15,53308.4,52919.8,53710.35,0,0.0,0.0,0.0,0.0,-0.01,-1,-1,-0.01,-1,-1,-0.01,-1,-1,-0.01,-1,-1,-0.01,-1,-1,-0.01,-1,-1,-0.01,-1,-1,-0.01,-1,-1,-0.01,-1,-1,-0.01,-1,-1
99926009,2026-05-18 09:30:48+05:30,52967.55,0,0.0,0,0.0,0.0,53282.15,53308.4,52919.8,53710.35,0,0.0,0.0,0.0,0.0,-0.01,-1,-1,-0.01,-1,-1,-0.01,-1,-1,-0.01,-1,-1,-0.01,-1,-1,-0.01,-1,-1,-0.01,-1,-1,-0.01,-1,-1,-0.01,-1,-1,-0.01,-1,-1
99926009,2026-05-18 09:30:48+05:30,52969.05,0,0.0,0,0.0,0.0,53282.15,53308.4,52919.8,53710.35,0,0.0,0.0,0.0,0.0,-0.01,-1,-1,-0.01,-1,-1,-0.01,-1,-1,-0.01,-1,-1,-0.01,-1,-1,-0.01,-1,-1,-0.01,-1,-1,-0.01,-1,-1,-0.01,-1,-1,-0.01,-1,-1
99926009,2026-05-18 09:30:49+05:30,52965.15,0,0.0,0,0.0,0.0,53282.15,53308.4,52919.8,53710.35,0,0.0,0.0,0.0,0.0,-0.01,-1,-1,-0.01,-1,-1,-0.01,-1,-1,-0.01,-1,-1,-0.01,-1,-1,-0.01,-1,-1,-0.01,-1,-1,-0.01,-1,-1,-0.01,-1,-1,-0.01,-1,-1
99926009,2026-05-18 09:30:49+05:30,52958.0,0,0.0,0,0.0,0.0,53282.15,53308.4,52919.8,53710.35,0,0.0,0.0,0.0,0.0,-0.01,-1,-1,-0.01,-1,-1,-0.01,-1,-1,-0.01,-1,-1,-0.01,-1,-1,-0.01,-1,-1,-0.01,-1,-1,-0.01,-1,-1,-0.01,-1,-1,-0.01,-1,-1
99926009,2026-05-18 09:30:50+05:30,52956.25,0,0.0,0,0.0,0.0,53282.15,53308.4,52919.8,53710.35,0,0.0,0.0,0.0,0.0,-0.01,-1,-1,-0.01,-1,-1,-0.01,-1,-1,-0.01,-1,-1,-0.01,-1,-1,-0.01,-1,-1,-0.01,-1,-1,-0.01,-1,-1,-0.01,-1,-1,-0.01,-1,-1
99926009,2026-05-18 09:30:50+05:30,52952.05,0,0.0,0,0.0,0.0,53282.15,53308.4,52919.8,53710.35,0,0.0,0.0,0.0,0.0,-0.01,-1,-1,-0.01,-1,-1,-0.01,-1,-1,-0.01,-1,-1,-0.01,-1,-1,-0.01,-1,-1,-0.01,-1,-1,-0.01,-1,-1,-0.01,-1,-1,-0.01,-1,-1
99926009,2026-05-18 09:30:51+05:30,52953.1,0,0.0,0,0.0,0.0,53282.15,53308.4,52919.8,53710.35,0,0.0,0.0,0.0,0.0,-0.01,-1,-1,-0.01,-1,-1,-0.01,-1,-1,-0.01,-1,-1,-0.01,-1,-1,-0.01,-1,-1,-0.01,-1,-1,-0.01,-1,-1,-0.01,-1,-1,-0.01,-1,-1
99926009,2026-05-18 09:30:51+05:30,52956.7,0,0.0,0,0.0,0.0,53282.15,53308.4,52919.8,53710.35,0,0.0,0.0,0.0,0.0,-0.01,-1,-1,-0.01,-1,-1,-0.01,-1,-1,-0.01,-1,-1,-0.01,-1,-1,-0.01,-1,-1,-0.01,-1,-1,-0.01,-1,-1,-0.01,-1,-1,-0.01,-1,-1
99926009,2026-05-18 09:30:52+05:30,52955.6,0,0.0,0,0.0,0.0,53282.15,53308.4,52919.8,53710.35,0,0.0,0.0,0.0,0.0,-0.01,-1,-1,-0.01,-1,-1,-0.01,-1,-1,-0.01,-1,-1,-0.01,-1,-1,-0.01,-1,-1,-0.01,-1,-1,-0.01,-1,-1,-0.01,-1,-1,-0.01,-1,-1
99926009,2026-05-18 09:30:52+05:30,52954.75,0,0.0,0,0.0,0.0,53282.15,53308.4,52919.8,53710.35,0,0.0,0.0,0.0,0.0,-0.01,-1,-1,-0.01,-1,-1,-0.01,-1,-1,-0.01,-1,-1,-0.01,-1,-1,-0.01,-1,-1,-0.01,-1,-1,-0.01,-1,-1,-0.01,-1,-1,-0.01,-1,-1
99926009,2026-05-18 09:30:53+05:30,52954.45,0,0.0,0,0.0,0.0,53282.15,53308.4,52919.8,53710.35,0,0.0,0.0,0.0,0.0,-0.01,-1,-1,-0.01,-1,-1,-0.01,-1,-1,-0.01,-1,-1,-0.01,-1,-1,-0.01,-1,-1,-0.01,-1,-1,-0.01,-1,-1,-0.01,-1,-1,-0.01,-1,-1
99926009,2026-05-18 09:30:53+05:30,52956.25,0,0.0,0,0.0,0.0,53282.15,53308.4,52919.8,53710.35,0,0.0,0.0,0.0,0.0,-0.01,-1,-1,-0.01,-1,-1,-0.01,-1,-1,-0.01,-1,-1,-0.01,-1,-1,-0.01,-1,-1,-0.01,-1,-1,-0.01,-1,-1,-0.01,-1,-1,-0.01,-1,-1
99926009,2026-05-18 09:30:54+05:30,52955.7,0,0.0,0,0.0,0.0,53282.15,53308.4,52919.8,53710.35,0,0.0,0.0,0.0,0.0,-0.01,-1,-1,-0.01,-1,-1,-0.01,-1,-1,-0.01,-1,-1,-0.01,-1,-1,-0.01,-1,-1,-0.01,-1,-1,-0.01,-1,-1,-0.01,-1,-1,-0.01,-1,-1
99926009,2026-05-18 09:30:54+05:30,52956.55,0,0.0,0,0.0,0.0,53282.15,53308.4,52919.8,53710.35,0,0.0,0.0,0.0,0.0,-0.01,-1,-1,-0.01,-1,-1,-0.01,-1,-1,-0.01,-1,-1,-0.01,-1,-1,-0.01,-1,-1,-0.01,-1,-1,-0.01,-1,-1,-0.01,-1,-1,-0.01,-1,-1
99926009,2026-05-18 09:30:55+05:30,52956.05,0,0.0,0,0.0,0.0,53282.15,53308.4,52919.8,53710.35,0,0.0,0.0,0.0,0.0,-0.01,-1,-1,-0.01,-1,-1,-0.01,-1,-1,-0.01,-1,-1,-0.01,-1,-1,-0.01,-1,-1,-0.01,-1,-1,-0.01,-1,-1,-0.01,-1,-1,-0.01,-1,-1
99926009,2026-05-18 09:30:55+05:30,52957.65,0,0.0,0,0.0,0.0,53282.15,53308.4,52919.8,53710.35,0,0.0,0.0,0.0,0.0,-0.01,-1,-1,-0.01,-1,-1,-0.01,-1,-1,-0.01,-1,-1,-0.01,-1,-1,-0.01,-1,-1,-0.01,-1,-1,-0.01,-1,-1,-0.01,-1,-1,-0.01,-1,-1
99926009,2026-05-18 09:30:56+05:30,52955.2,0,0.0,0,0.0,0.0,53282.15,53308.4,52919.8,53710.35,0,0.0,0.0,0.0,0.0,-0.01,-1,-1,-0.01,-1,-1,-0.01,-1,-1,-0.01,-1,-1,-0.01,-1,-1,-0.01,-1,-1,-0.01,-1,-1,-0.01,-1,-1,-0.01,-1,-1,-0.01,-1,-1
99926009,2026-05-18 09:30:56+05:30,52955.95,0,0.0,0,0.0,0.0,53282.15,53308.4,52919.8,53710.35,0,0.0,0.0,0.0,0.0,-0.01,-1,-1,-0.01,-1,-1,-0.01,-1,-1,-0.01,-1,-1,-0.01,-1,-1,-0.01,-1,-1,-0.01,-1,-1,-0.01,-1,-1,-0.01,-1,-1,-0.01,-1,-1
99926009,2026-05-18 09:30:57+05:30,52958.3,0,0.0,0,0.0,0.0,53282.15,53308.4,52919.8,53710.35,0,0.0,0.0,0.0,0.0,-0.01,-1,-1,-0.01,-1,-1,-0.01,-1,-1,-0.01,-1,-1,-0.01,-1,-1,-0.01,-1,-1,-0.01,-1,-1,-0.01,-1,-1,-0.01,-1,-1,-0.01,-1,-1
99926009,2026-05-18 09:30:57+05:30,52956.45,0,0.0,0,0.0,0.0,53282.15,53308.4,52919.8,53710.35,0,0.0,0.0,0.0,0.0,-0.01,-1,-1,-0.01,-1,-1,-0.01,-1,-1,-0.01,-1,-1,-0.01,-1,-1,-0.01,-1,-1,-0.01,-1,-1,-0.01,-1,-1,-0.01,-1,-1,-0.01,-1,-1
99926009,2026-05-18 09:30:58+05:30,52954.95,0,0.0,0,0.0,0.0,53282.15,53308.4,52919.8,53710.35,0,0.0,0.0,0.0,0.0,-0.01,-1,-1,-0.01,-1,-1,-0.01,-1,-1,-0.01,-1,-1,-0.01,-1,-1,-0.01,-1,-1,-0.01,-1,-1,-0.01,-1,-1,-0.01,-1,-1,-0.01,-1,-1
99926009,2026-05-18 09:30:58+05:30,52956.45,0,0.0,0,0.0,0.0,53282.15,53308.4,52919.8,53710.35,0,0.0,0.0,0.0,0.0,-0.01,-1,-1,-0.01,-1,-1,-0.01,-1,-1,-0.01,-1,-1,-0.01,-1,-1,-0.01,-1,-1,-0.01,-1,-1,-0.01,-1,-1,-0.01,-1,-1,-0.01,-1,-1
99926009,2026-05-18 09:30:59+05:30,52956.35,0,0.0,0,0.0,0.0,53282.15,53308.4,52919.8,53710.35,0,0.0,0.0,0.0,0.0,-0.01,-1,-1,-0.01,-1,-1,-0.01,-1,-1,-0.01,-1,-1,-0.01,-1,-1,-0.01,-1,-1,-0.01,-1,-1,-0.01,-1,-1,-0.01,-1,-1,-0.01,-1,-1
99926009,2026-05-18 09:30:59+05:30,52960.5,0,0.0,0,0.0,0.0,53282.15,53308.4,52919.8,53710.35,0,0.0,0.0,0.0,0.0,-0.01,-1,-1,-0.01,-1,-1,-0.01,-1,-1,-0.01,-1,-1,-0.01,-1,-1,-0.01,-1,-1,-0.01,-1,-1,-0.01,-1,-1,-0.01,-1,-1,-0.01,-1,-1
99926009,2026-05-18 09:31:00+05:30,52953.9,0,0.0,0,0.0,0.0,53282.15,53308.4,52919.8,53710.35,0,0.0,0.0,0.0,0.0,-0.01,-1,-1,-0.01,-1,-1,-0.01,-1,-1,-0.01,-1,-1,-0.01,-1,-1,-0.01,-1,-1,-0.01,-1,-1,-0.01,-1,-1,-0.01,-1,-1,-0.01,-1,-1
99926009,2026-05-18 09:31:00+05:30,52953.15,0,0.0,0,0.0,0.0,53282.15,53308.4,52919.8,53710.35,0,0.0,0.0,0.0,0.0,-0.01,-1,-1,-0.01,-1,-1,-0.01,-1,-1,-0.01,-1,-1,-0.01,-1,-1,-0.01,-1,-1,-0.01,-1,-1,-0.01,-1,-1,-0.01,-1,-1,-0.01,-1,-1
99926009,2026-05-18 09:31:01+05:30,52953.25,0,0.0,0,0.0,0.0,53282.15,53308.4,52919.8,53710.35,0,0.0,0.0,0.0,0.0,-0.01,-1,-1,-0.01,-1,-1,-0.01,-1,-1,-0.01,-1,-1,-0.01,-1,-1,-0.01,-1,-1,-0.01,-1,-1,-0.01,-1,-1,-0.01,-1,-1,-0.01,-1,-1
99926009,2026-05-18 09:31:01+05:30,52949.5,0,0.0,0,0.0,0.0,53282.15,53308.4,52919.8,53710.35,0,0.0,0.0,0.0,0.0,-0.01,-1,-1,-0.01,-1,-1,-0.01,-1,-1,-0.01,-1,-1,-0.01,-1,-1,-0.01,-1,-1,-0.01,-1,-1,-0.01,-1,-1,-0.01,-1,-1,-0.01,-1,-1
99926009,2026-05-18 09:31:02+05:30,52949.2,0,0.0,0,0.0,0.0,53282.15,53308.4,52919.8,53710.35,0,0.0,0.0,0.0,0.0,-0.01,-1,-1,-0.01,-1,-1,-0.01,-1,-1,-0.01,-1,-1,-0.01,-1,-1,-0.01,-1,-1,-0.01,-1,-1,-0.01,-1,-1,-0.01,-1,-1,-0.01,-1,-1
99926009,2026-05-18 09:31:02+05:30,52941.0,0,0.0,0,0.0,0.0,53282.15,53308.4,52919.8,53710.35,0,0.0,0.0,0.0,0.0,-0.01,-1,-1,-0.01,-1,-1,-0.01,-1,-1,-0.01,-1,-1,-0.01,-1,-1,-0.01,-1,-1,-0.01,-1,-1,-0.01,-1,-1,-0.01,-1,-1,-0.01,-1,-1
99926009,2026-05-18 09:31:03+05:30,52941.55,0,0.0,0,0.0,0.0,53282.15,53308.4,52919.8,53710.35,0,0.0,0.0,0.0,0.0,-0.01,-1,-1,-0.01,-1,-1,-0.01,-1,-1,-0.01,-1,-1,-0.01,-1,-1,-0.01,-1,-1,-0.01,-1,-1,-0.01,-1,-1,-0.01,-1,-1,-0.01,-1,-1
99926009,2026-05-18 09:31:03+05:30,52937.9,0,0.0,0,0.0,0.0,53282.15,53308.4,52919.8,53710.35,0,0.0,0.0,0.0,0.0,-0.01,-1,-1,-0.01,-1,-1,-0.01,-1,-1,-0.01,-1,-1,-0.01,-1,-1,-0.01,-1,-1,-0.01,-1,-1,-0.01,-1,-1,-0.01,-1,-1,-0.01,-1,-1
99926009,2026-05-18 09:31:04+05:30,52932.55,0,0.0,0,0.0,0.0,53282.15,53308.4,52919.8,53710.35,0,0.0,0.0,0.0,0.0,-0.01,-1,-1,-0.01,-1,-1,-0.01,-1,-1,-0.01,-1,-1,-0.01,-1,-1,-0.01,-1,-1,-0.01,-1,-1,-0.01,-1,-1,-0.01,-1,-1,-0.01,-1,-1
99926009,2026-05-18 09:31:04+05:30,52934.45,0,0.0,0,0.0,0.0,53282.15,53308.4,52919.8,53710.35,0,0.0,0.0,0.0,0.0,-0.01,-1,-1,-0.01,-1,-1,-0.01,-1,-1,-0.01,-1,-1,-0.01,-1,-1,-0.01,-1,-1,-0.01,-1,-1,-0.01,-1,-1,-0.01,-1,-1,-0.01,-1,-1
99926009,2026-05-18 09:31:05+05:30,52938.8,0,0.0,0,0.0,0.0,53282.15,53308.4,52919.8,53710.35,0,0.0,0.0,0.0,0.0,-0.01,-1,-1,-0.01,-1,-1,-0.01,-1,-1,-0.01,-1,-1,-0.01,-1,-1,-0.01,-1,-1,-0.01,-1,-1,-0.01,-1,-1,-0.01,-1,-1,-0.01,-1,-1
99926009,2026-05-18 09:31:05+05:30,52935.6,0,0.0,0,0.0,0.0,53282.15,53308.4,52919.8,53710.35,0,0.0,0.0,0.0,0.0,-0.01,-1,-1,-0.01,-1,-1,-0.01,-1,-1,-0.01,-1,-1,-0.01,-1,-1,-0.01,-1,-1,-0.01,-1,-1,-0.01,-1,-1,-0.01,-1,-1,-0.01,-1,-1
99926009,2026-05-18 09:31:06+05:30,52935.55,0,0.0,0,0.0,0.0,53282.15,53308.4,52919.8,53710.35,0,0.0,0.0,0.0,0.0,-0.01,-1,-1,-0.01,-1,-1,-0.01,-1,-1,-0.01,-1,-1,-0.01,-1,-1,-0.01,-1,-1,-0.01,-1,-1,-0.01,-1,-1,-0.01,-1,-1,-0.01,-1,-1
99926009,2026-05-18 09:31:06+05:30,52935.5,0,0.0,0,0.0,0.0,53282.15,53308.4,52919.8,53710.35,0,0.0,0.0,0.0,0.0,-0.01,-1,-1,-0.01,-1,-1,-0.01,-1,-1,-0.01,-1,-1,-0.01,-1,-1,-0.01,-1,-1,-0.01,-1,-1,-0.01,-1,-1,-0.01,-1,-1,-0.01,-1,-1
99926009,2026-05-18 09:31:07+05:30,52936.45,0,0.0,0,0.0,0.0,53282.15,53308.4,52919.8,53710.35,0,0.0,0.0,0.0,0.0,-0.01,-1,-1,-0.01,-1,-1,-0.01,-1,-1,-0.01,-1,-1,-0.01,-1,-1,-0.01,-1,-1,-0.01,-1,-1,-0.01,-1,-1,-0.01,-1,-1,-0.01,-1,-1
99926009,2026-05-18 09:31:07+05:30,52933.25,0,0.0,0,0.0,0.0,53282.15,53308.4,52919.8,53710.35,0,0.0,0.0,0.0,0.0,-0.01,-1,-1,-0.01,-1,-1,-0.01,-1,-1,-0.01,-1,-1,-0.01,-1,-1,-0.01,-1,-1,-0.01,-1,-1,-0.01,-1,-1,-0.01,-1,-1,-0.01,-1,-1
99926009,2026-05-18 09:31:08+05:30,52929.8,0,0.0,0,0.0,0.0,53282.15,53308.4,52919.8,53710.35,0,0.0,0.0,0.0,0.0,-0.01,-1,-1,-0.01,-1,-1,-0.01,-1,-1,-0.01,-1,-1,-0.01,-1,-1,-0.01,-1,-1,-0.01,-1,-1,-0.01,-1,-1,-0.01,-1,-1,-0.01,-1,-1
99926009,2026-05-18 09:31:08+05:30,52930.15,0,0.0,0,0.0,0.0,53282.15,53308.4,52919.8,53710.35,0,0.0,0.0,0.0,0.0,-0.01,-1,-1,-0.01,-1,-1,-0.01,-1,-1,-0.01,-1,-1,-0.01,-1,-1,-0.01,-1,-1,-0.01,-1,-1,-0.01,-1,-1,-0.01,-1,-1,-0.01,-1,-1
99926009,2026-05-18 09:31:09+05:30,52928.45,0,0.0,0,0.0,0.0,53282.15,53308.4,52919.8,53710.35,0,0.0,0.0,0.0,0.0,-0.01,-1,-1,-0.01,-1,-1,-0.01,-1,-1,-0.01,-1,-1,-0.01,-1,-1,-0.01,-1,-1,-0.01,-1,-1,-0.01,-1,-1,-0.01,-1,-1,-0.01,-1,-1
99926009,2026-05-18 09:31:09+05:30,52932.35,0,0.0,0,0.0,0.0,53282.15,53308.4,52919.8,53710.35,0,0.0,0.0,0.0,0.0,-0.01,-1,-1,-0.01,-1,-1,-0.01,-1,-1,-0.01,-1,-1,-0.01,-1,-1,-0.01,-1,-1,-0.01,-1,-1,-0.01,-1,-1,-0.01,-1,-1,-0.01,-1,-1
99926009,2026-05-18 09:31:10+05:30,52931.6,0,0.0,0,0.0,0.0,53282.15,53308.4,52919.8,53710.35,0,0.0,0.0,0.0,0.0,-0.01,-1,-1,-0.01,-1,-1,-0.01,-1,-1,-0.01,-1,-1,-0.01,-1,-1,-0.01,-1,-1,-0.01,-1,-1,-0.01,-1,-1,-0.01,-1,-1,-0.01,-1,-1
99926009,2026-05-18 09:31:10+05:30,52932.8,0,0.0,0,0.0,0.0,53282.15,53308.4,52919.8,53710.35,0,0.0,0.0,0.0,0.0,-0.01,-1,-1,-0.01,-1,-1,-0.01,-1,-1,-0.01,-1,-1,-0.01,-1,-1,-0.01,-1,-1,-0.01,-1,-1,-0.01,-1,-1,-0.01,-1,-1,-0.01,-1,-1
99926009,2026-05-18 09:31:11+05:30,52928.95,0,0.0,0,0.0,0.0,53282.15,53308.4,52919.8,53710.35,0,0.0,0.0,0.0,0.0,-0.01,-1,-1,-0.01,-1,-1,-0.01,-1,-1,-0.01,-1,-1,-0.01,-1,-1,-0.01,-1,-1,-0.01,-1,-1,-0.01,-1,-1,-0.01,-1,-1,-0.01,-1,-1
99926009,2026-05-18 09:31:11+05:30,52929.85,0,0.0,0,0.0,0.0,53282.15,53308.4,52919.8,53710.35,0,0.0,0.0,0.0,0.0,-0.01,-1,-1,-0.01,-1,-1,-0.01,-1,-1,-0.01,-1,-1,-0.01,-1,-1,-0.01,-1,-1,-0.01,-1,-1,-0.01,-1,-1,-0.01,-1,-1,-0.01,-1,-1
99926009,2026-05-18 09:31:12+05:30,52926.2,0,0.0,0,0.0,0.0,53282.15,53308.4,52919.8,53710.35,0,0.0,0.0,0.0,0.0,-0.01,-1,-1,-0.01,-1,-1,-0.01,-1,-1,-0.01,-1,-1,-0.01,-1,-1,-0.01,-1,-1,-0.01,-1,-1,-0.01,-1,-1,-0.01,-1,-1,-0.01,-1,-1
99926009,2026-05-18 09:31:12+05:30,52930.95,0,0.0,0,0.0,0.0,53282.15,53308.4,52919.8,53710.35,0,0.0,0.0,0.0,0.0,-0.01,-1,-1,-0.01,-1,-1,-0.01,-1,-1,-0.01,-1,-1,-0.01,-1,-1,-0.01,-1,-1,-0.01,-1,-1,-0.01,-1,-1,-0.01,-1,-1,-0.01,-1,-1
99926009,2026-05-18 09:31:13+05:30,52931.0,0,0.0,0,0.0,0.0,53282.15,53308.4,52919.8,53710.35,0,0.0,0.0,0.0,0.0,-0.01,-1,-1,-0.01,-1,-1,-0.01,-1,-1,-0.01,-1,-1,-0.01,-1,-1,-0.01,-1,-1,-0.01,-1,-1,-0.01,-1,-1,-0.01,-1,-1,-0.01,-1,-1
99926009,2026-05-18 09:31:13+05:30,52927.75,0,0.0,0,0.0,0.0,53282.15,53308.4,52919.8,53710.35,0,0.0,0.0,0.0,0.0,-0.01,-1,-1,-0.01,-1,-1,-0.01,-1,-1,-0.01,-1,-1,-0.01,-1,-1,-0.01,-1,-1,-0.01,-1,-1,-0.01,-1,-1,-0.01,-1,-1,-0.01,-1,-1
99926009,2026-05-18 09:31:14+05:30,52932.0,0,0.0,0,0.0,0.0,53282.15,53308.4,52919.8,53710.35,0,0.0,0.0,0.0,0.0,-0.01,-1,-1,-0.01,-1,-1,-0.01,-1,-1,-0.01,-1,-1,-0.01,-1,-1,-0.01,-1,-1,-0.01,-1,-1,-0.01,-1,-1,-0.01,-1,-1,-0.01,-1,-1
99926009,2026-05-18 09:31:14+05:30,52940.65,0,0.0,0,0.0,0.0,53282.15,53308.4,52919.8,53710.35,0,0.0,0.0,0.0,0.0,-0.01,-1,-1,-0.01,-1,-1,-0.01,-1,-1,-0.01,-1,-1,-0.01,-1,-1,-0.01,-1,-1,-0.01,-1,-1,-0.01,-1,-1,-0.01,-1,-1,-0.01,-1,-1
99926009,2026-05-18 09:31:15+05:30,52939.85,0,0.0,0,0.0,0.0,53282.15,53308.4,52919.8,53710.35,0,0.0,0.0,0.0,0.0,-0.01,-1,-1,-0.01,-1,-1,-0.01,-1,-1,-0.01,-1,-1,-0.01,-1,-1,-0.01,-1,-1,-0.01,-1,-1,-0.01,-1,-1,-0.01,-1,-1,-0.01,-1,-1
99926009,2026-05-18 09:31:15+05:30,52943.9,0,0.0,0,0.0,0.0,53282.15,53308.4,52919.8,53710.35,0,0.0,0.0,0.0,0.0,-0.01,-1,-1,-0.01,-1,-1,-0.01,-1,-1,-0.01,-1,-1,-0.01,-1,-1,-0.01,-1,-1,-0.01,-1,-1,-0.01,-1,-1,-0.01,-1,-1,-0.01,-1,-1
99926009,2026-05-18 09:31:16+05:30,52945.55,0,0.0,0,0.0,0.0,53282.15,53308.4,52919.8,53710.35,0,0.0,0.0,0.0,0.0,-0.01,-1,-1,-0.01,-1,-1,-0.01,-1,-1,-0.01,-1,-1,-0.01,-1,-1,-0.01,-1,-1,-0.01,-1,-1,-0.01,-1,-1,-0.01,-1,-1,-0.01,-1,-1
99926009,2026-05-18 09:31:16+05:30,52949.1,0,0.0,0,0.0,0.0,53282.15,53308.4,52919.8,53710.35,0,0.0,0.0,0.0,0.0,-0.01,-1,-1,-0.01,-1,-1,-0.01,-1,-1,-0.01,-1,-1,-0.01,-1,-1,-0.01,-1,-1,-0.01,-1,-1,-0.01,-1,-1,-0.01,-1,-1,-0.01,-1,-1
99926009,2026-05-18 09:31:17+05:30,52948.4,0,0.0,0,0.0,0.0,53282.15,53308.4,52919.8,53710.35,0,0.0,0.0,0.0,0.0,-0.01,-1,-1,-0.01,-1,-1,-0.01,-1,-1,-0.01,-1,-1,-0.01,-1,-1,-0.01,-1,-1,-0.01,-1,-1,-0.01,-1,-1,-0.01,-1,-1,-0.01,-1,-1
99926009,2026-05-18 09:31:17+05:30,52950.75,0,0.0,0,0.0,0.0,53282.15,53308.4,52919.8,53710.35,0,0.0,0.0,0.0,0.0,-0.01,-1,-1,-0.01,-1,-1,-0.01,-1,-1,-0.01,-1,-1,-0.01,-1,-1,-0.01,-1,-1,-0.01,-1,-1,-0.01,-1,-1,-0.01,-1,-1,-0.01,-1,-1
99926009,2026-05-18 09:31:18+05:30,52946.9,0,0.0,0,0.0,0.0,53282.15,53308.4,52919.8,53710.35,0,0.0,0.0,0.0,0.0,-0.01,-1,-1,-0.01,-1,-1,-0.01,-1,-1,-0.01,-1,-1,-0.01,-1,-1,-0.01,-1,-1,-0.01,-1,-1,-0.01,-1,-1,-0.01,-1,-1,-0.01,-1,-1
99926009,2026-05-18 09:31:18+05:30,52941.2,0,0.0,0,0.0,0.0,53282.15,53308.4,52919.8,53710.35,0,0.0,0.0,0.0,0.0,-0.01,-1,-1,-0.01,-1,-1,-0.01,-1,-1,-0.01,-1,-1,-0.01,-1,-1,-0.01,-1,-1,-0.01,-1,-1,-0.01,-1,-1,-0.01,-1,-1,-0.01,-1,-1
99926009,2026-05-18 09:31:19+05:30,52939.5,0,0.0,0,0.0,0.0,53282.15,53308.4,52919.8,53710.35,0,0.0,0.0,0.0,0.0,-0.01,-1,-1,-0.01,-1,-1,-0.01,-1,-1,-0.01,-1,-1,-0.01,-1,-1,-0.01,-1,-1,-0.01,-1,-1,-0.01,-1,-1,-0.01,-1,-1,-0.01,-1,-1
99926009,2026-05-18 09:31:19+05:30,52939.2,0,0.0,0,0.0,0.0,53282.15,53308.4,52919.8,53710.35,0,0.0,0.0,0.0,0.0,-0.01,-1,-1,-0.01,-1,-1,-0.01,-1,-1,-0.01,-1,-1,-0.01,-1,-1,-0.01,-1,-1,-0.01,-1,-1,-0.01,-1,-1,-0.01,-1,-1,-0.01,-1,-1
99926009,2026-05-18 09:31:20+05:30,52945.05,0,0.0,0,0.0,0.0,53282.15,53308.4,52919.8,53710.35,0,0.0,0.0,0.0,0.0,-0.01,-1,-1,-0.01,-1,-1,-0.01,-1,-1,-0.01,-1,-1,-0.01,-1,-1,-0.01,-1,-1,-0.01,-1,-1,-0.01,-1,-1,-0.01,-1,-1,-0.01,-1,-1
99926009,2026-05-18 09:31:20+05:30,52939.35,0,0.0,0,0.0,0.0,53282.15,53308.4,52919.8,53710.35,0,0.0,0.0,0.0,0.0,-0.01,-1,-1,-0.01,-1,-1,-0.01,-1,-1,-0.01,-1,-1,-0.01,-1,-1,-0.01,-1,-1,-0.01,-1,-1,-0.01,-1,-1,-0.01,-1,-1,-0.01,-1,-1
99926009,2026-05-18 09:31:21+05:30,52938.7,0,0.0,0,0.0,0.0,53282.15,53308.4,52919.8,53710.35,0,0.0,0.0,0.0,0.0,-0.01,-1,-1,-0.01,-1,-1,-0.01,-1,-1,-0.01,-1,-1,-0.01,-1,-1,-0.01,-1,-1,-0.01,-1,-1,-0.01,-1,-1,-0.01,-1,-1,-0.01,-1,-1
99926009,2026-05-18 09:31:21+05:30,52935.3,0,0.0,0,0.0,0.0,53282.15,53308.4,52919.8,53710.35,0,0.0,0.0,0.0,0.0,-0.01,-1,-1,-0.01,-1,-1,-0.01,-1,-1,-0.01,-1,-1,-0.01,-1,-1,-0.01,-1,-1,-0.01,-1,-1,-0.01,-1,-1,-0.01,-1,-1,-0.01,-1,-1
99926009,2026-05-18 09:31:22+05:30,52940.65,0,0.0,0,0.0,0.0,53282.15,53308.4,52919.8,53710.35,0,0.0,0.0,0.0,0.0,-0.01,-1,-1,-0.01,-1,-1,-0.01,-1,-1,-0.01,-1,-1,-0.01,-1,-1,-0.01,-1,-1,-0.01,-1,-1,-0.01,-1,-1,-0.01,-1,-1,-0.01,-1,-1
99926009,2026-05-18 09:31:22+05:30,52938.65,0,0.0,0,0.0,0.0,53282.15,53308.4,52919.8,53710.35,0,0.0,0.0,0.0,0.0,-0.01,-1,-1,-0.01,-1,-1,-0.01,-1,-1,-0.01,-1,-1,-0.01,-1,-1,-0.01,-1,-1,-0.01,-1,-1,-0.01,-1,-1,-0.01,-1,-1,-0.01,-1,-1
99926009,2026-05-18 09:31:23+05:30,52937.3,0,0.0,0,0.0,0.0,53282.15,53308.4,52919.8,53710.35,0,0.0,0.0,0.0,0.0,-0.01,-1,-1,-0.01,-1,-1,-0.01,-1,-1,-0.01,-1,-1,-0.01,-1,-1,-0.01,-1,-1,-0.01,-1,-1,-0.01,-1,-1,-0.01,-1,-1,-0.01,-1,-1
99926009,2026-05-18 09:31:23+05:30,52934.85,0,0.0,0,0.0,0.0,53282.15,53308.4,52919.8,53710.35,0,0.0,0.0,0.0,0.0,-0.01,-1,-1,-0.01,-1,-1,-0.01,-1,-1,-0.01,-1,-1,-0.01,-1,-1,-0.01,-1,-1,-0.01,-1,-1,-0.01,-1,-1,-0.01,-1,-1,-0.01,-1,-1
99926009,2026-05-18 09:31:24+05:30,52936.1,0,0.0,0,0.0,0.0,53282.15,53308.4,52919.8,53710.35,0,0.0,0.0,0.0,0.0,-0.01,-1,-1,-0.01,-1,-1,-0.01,-1,-1,-0.01,-1,-1,-0.01,-1,-1,-0.01,-1,-1,-0.01,-1,-1,-0.01,-1,-1,-0.01,-1,-1,-0.01,-1,-1
99926009,2026-05-18 09:31:24+05:30,52936.45,0,0.0,0,0.0,0.0,53282.15,53308.4,52919.8,53710.35,0,0.0,0.0,0.0,0.0,-0.01,-1,-1,-0.01,-1,-1,-0.01,-1,-1,-0.01,-1,-1,-0.01,-1,-1,-0.01,-1,-1,-0.01,-1,-1,-0.01,-1,-1,-0.01,-1,-1,-0.01,-1,-1
99926009,2026-05-18 09:31:25+05:30,52937.05,0,0.0,0,0.0,0.0,53282.15,53308.4,52919.8,53710.35,0,0.0,0.0,0.0,0.0,-0.01,-1,-1,-0.01,-1,-1,-0.01,-1,-1,-0.01,-1,-1,-0.01,-1,-1,-0.01,-1,-1,-0.01,-1,-1,-0.01,-1,-1,-0.01,-1,-1,-0.01,-1,-1
99926009,2026-05-18 09:31:25+05:30,52934.4,0,0.0,0,0.0,0.0,53282.15,53308.4,52919.8,53710.35,0,0.0,0.0,0.0,0.0,-0.01,-1,-1,-0.01,-1,-1,-0.01,-1,-1,-0.01,-1,-1,-0.01,-1,-1,-0.01,-1,-1,-0.01,-1,-1,-0.01,-1,-1,-0.01,-1,-1,-0.01,-1,-1
99926009,2026-05-18 09:31:26+05:30,52937.5,0,0.0,0,0.0,0.0,53282.15,53308.4,52919.8,53710.35,0,0.0,0.0,0.0,0.0,-0.01,-1,-1,-0.01,-1,-1,-0.01,-1,-1,-0.01,-1,-1,-0.01,-1,-1,-0.01,-1,-1,-0.01,-1,-1,-0.01,-1,-1,-0.01,-1,-1,-0.01,-1,-1
99926009,2026-05-18 09:31:26+05:30,52938.05,0,0.0,0,0.0,0.0,53282.15,53308.4,52919.8,53710.35,0,0.0,0.0,0.0,0.0,-0.01,-1,-1,-0.01,-1,-1,-0.01,-1,-1,-0.01,-1,-1,-0.01,-1,-1,-0.01,-1,-1,-0.01,-1,-1,-0.01,-1,-1,-0.01,-1,-1,-0.01,-1,-1
99926009,2026-05-18 09:31:27+05:30,52935.75,0,0.0,0,0.0,0.0,53282.15,53308.4,52919.8,53710.35,0,0.0,0.0,0.0,0.0,-0.01,-1,-1,-0.01,-1,-1,-0.01,-1,-1,-0.01,-1,-1,-0.01,-1,-1,-0.01,-1,-1,-0.01,-1,-1,-0.01,-1,-1,-0.01,-1,-1,-0.01,-1,-1
99926009,2026-05-18 09:31:27+05:30,52938.05,0,0.0,0,0.0,0.0,53282.15,53308.4,52919.8,53710.35,0,0.0,0.0,0.0,0.0,-0.01,-1,-1,-0.01,-1,-1,-0.01,-1,-1,-0.01,-1,-1,-0.01,-1,-1,-0.01,-1,-1,-0.01,-1,-1,-0.01,-1,-1,-0.01,-1,-1,-0.01,-1,-1
99926009,2026-05-18 09:31:28+05:30,52940.45,0,0.0,0,0.0,0.0,53282.15,53308.4,52919.8,53710.35,0,0.0,0.0,0.0,0.0,-0.01,-1,-1,-0.01,-1,-1,-0.01,-1,-1,-0.01,-1,-1,-0.01,-1,-1,-0.01,-1,-1,-0.01,-1,-1,-0.01,-1,-1,-0.01,-1,-1,-0.01,-1,-1
99926009,2026-05-18 09:31:28+05:30,52932.6,0,0.0,0,0.0,0.0,53282.15,53308.4,52919.8,53710.35,0,0.0,0.0,0.0,0.0,-0.01,-1,-1,-0.01,-1,-1,-0.01,-1,-1,-0.01,-1,-1,-0.01,-1,-1,-0.01,-1,-1,-0.01,-1,-1,-0.01,-1,-1,-0.01,-1,-1,-0.01,-1,-1
99926009,2026-05-18 09:31:29+05:30,52932.15,0,0.0,0,0.0,0.0,53282.15,53308.4,52919.8,53710.35,0,0.0,0.0,0.0,0.0,-0.01,-1,-1,-0.01,-1,-1,-0.01,-1,-1,-0.01,-1,-1,-0.01,-1,-1,-0.01,-1,-1,-0.01,-1,-1,-0.01,-1,-1,-0.01,-1,-1,-0.01,-1,-1
99926009,2026-05-18 09:31:29+05:30,52934.2,0,0.0,0,0.0,0.0,53282.15,53308.4,52919.8,53710.35,0,0.0,0.0,0.0,0.0,-0.01,-1,-1,-0.01,-1,-1,-0.01,-1,-1,-0.01,-1,-1,-0.01,-1,-1,-0.01,-1,-1,-0.01,-1,-1,-0.01,-1,-1,-0.01,-1,-1,-0.01,-1,-1
99926009,2026-05-18 09:31:30+05:30,52935.1,0,0.0,0,0.0,0.0,53282.15,53308.4,52919.8,53710.35,0,0.0,0.0,0.0,0.0,-0.01,-1,-1,-0.01,-1,-1,-0.01,-1,-1,-0.01,-1,-1,-0.01,-1,-1,-0.01,-1,-1,-0.01,-1,-1,-0.01,-1,-1,-0.01,-1,-1,-0.01,-1,-1
99926009,2026-05-18 09:31:30+05:30,52938.95,0,0.0,0,0.0,0.0,53282.15,53308.4,52919.8,53710.35,0,0.0,0.0,0.0,0.0,-0.01,-1,-1,-0.01,-1,-1,-0.01,-1,-1,-0.01,-1,-1,-0.01,-1,-1,-0.01,-1,-1,-0.01,-1,-1,-0.01,-1,-1,-0.01,-1,-1,-0.01,-1,-1
99926009,2026-05-18 09:31:31+05:30,52941.2,0,0.0,0,0.0,0.0,53282.15,53308.4,52919.8,53710.35,0,0.0,0.0,0.0,0.0,-0.01,-1,-1,-0.01,-1,-1,-0.01,-1,-1,-0.01,-1,-1,-0.01,-1,-1,-0.01,-1,-1,-0.01,-1,-1,-0.01,-1,-1,-0.01,-1,-1,-0.01,-1,-1
99926009,2026-05-18 09:31:31+05:30,52941.05,0,0.0,0,0.0,0.0,53282.15,53308.4,52919.8,53710.35,0,0.0,0.0,0.0,0.0,-0.01,-1,-1,-0.01,-1,-1,-0.01,-1,-1,-0.01,-1,-1,-0.01,-1,-1,-0.01,-1,-1,-0.01,-1,-1,-0.01,-1,-1,-0.01,-1,-1,-0.01,-1,-1
99926009,2026-05-18 09:31:32+05:30,52941.05,0,0.0,0,0.0,0.0,53282.15,53308.4,52919.8,53710.35,0,0.0,0.0,0.0,0.0,-0.01,-1,-1,-0.01,-1,-1,-0.01,-1,-1,-0.01,-1,-1,-0.01,-1,-1,-0.01,-1,-1,-0.01,-1,-1,-0.01,-1,-1,-0.01,-1,-1,-0.01,-1,-1
99926009,2026-05-18 09:31:32+05:30,52940.7,0,0.0,0,0.0,0.0,53282.15,53308.4,52919.8,53710.35,0,0.0,0.0,0.0,0.0,-0.01,-1,-1,-0.01,-1,-1,-0.01,-1,-1,-0.01,-1,-1,-0.01,-1,-1,-0.01,-1,-1,-0.01,-1,-1,-0.01,-1,-1,-0.01,-1,-1,-0.01,-1,-1
99926009,2026-05-18 09:31:33+05:30,52936.7,0,0.0,0,0.0,0.0,53282.15,53308.4,52919.8,53710.35,0,0.0,0.0,0.0,0.0,-0.01,-1,-1,-0.01,-1,-1,-0.01,-1,-1,-0.01,-1,-1,-0.01,-1,-1,-0.01,-1,-1,-0.01,-1,-1,-0.01,-1,-1,-0.01,-1,-1,-0.01,-1,-1
99926009,2026-05-18 09:31:33+05:30,52938.15,0,0.0,0,0.0,0.0,53282.15,53308.4,52919.8,53710.35,0,0.0,0.0,0.0,0.0,-0.01,-1,-1,-0.01,-1,-1,-0.01,-1,-1,-0.01,-1,-1,-0.01,-1,-1,-0.01,-1,-1,-0.01,-1,-1,-0.01,-1,-1,-0.01,-1,-1,-0.01,-1,-1
99926009,2026-05-18 09:31:34+05:30,52934.1,0,0.0,0,0.0,0.0,53282.15,53308.4,52919.8,53710.35,0,0.0,0.0,0.0,0.0,-0.01,-1,-1,-0.01,-1,-1,-0.01,-1,-1,-0.01,-1,-1,-0.01,-1,-1,-0.01,-1,-1,-0.01,-1,-1,-0.01,-1,-1,-0.01,-1,-1,-0.01,-1,-1
99926009,2026-05-18 09:31:34+05:30,52929.2,0,0.0,0,0.0,0.0,53282.15,53308.4,52919.8,53710.35,0,0.0,0.0,0.0,0.0,-0.01,-1,-1,-0.01,-1,-1,-0.01,-1,-1,-0.01,-1,-1,-0.01,-1,-1,-0.01,-1,-1,-0.01,-1,-1,-0.01,-1,-1,-0.01,-1,-1,-0.01,-1,-1
99926009,2026-05-18 09:31:35+05:30,52930.7,0,0.0,0,0.0,0.0,53282.15,53308.4,52919.8,53710.35,0,0.0,0.0,0.0,0.0,-0.01,-1,-1,-0.01,-1,-1,-0.01,-1,-1,-0.01,-1,-1,-0.01,-1,-1,-0.01,-1,-1,-0.01,-1,-1,-0.01,-1,-1,-0.01,-1,-1,-0.01,-1,-1
99926009,2026-05-18 09:31:35+05:30,52933.15,0,0.0,0,0.0,0.0,53282.15,53308.4,52919.8,53710.35,0,0.0,0.0,0.0,0.0,-0.01,-1,-1,-0.01,-1,-1,-0.01,-1,-1,-0.01,-1,-1,-0.01,-1,-1,-0.01,-1,-1,-0.01,-1,-1,-0.01,-1,-1,-0.01,-1,-1,-0.01,-1,-1
99926009,2026-05-18 09:31:36+05:30,52929.05,0,0.0,0,0.0,0.0,53282.15,53308.4,52919.8,53710.35,0,0.0,0.0,0.0,0.0,-0.01,-1,-1,-0.01,-1,-1,-0.01,-1,-1,-0.01,-1,-1,-0.01,-1,-1,-0.01,-1,-1,-0.01,-1,-1,-0.01,-1,-1,-0.01,-1,-1,-0.01,-1,-1
99926009,2026-05-18 09:31:36+05:30,52930.75,0,0.0,0,0.0,0.0,53282.15,53308.4,52919.8,53710.35,0,0.0,0.0,0.0,0.0,-0.01,-1,-1,-0.01,-1,-1,-0.01,-1,-1,-0.01,-1,-1,-0.01,-1,-1,-0.01,-1,-1,-0.01,-1,-1,-0.01,-1,-1,-0.01,-1,-1,-0.01,-1,-1
99926009,2026-05-18 09:31:37+05:30,52925.75,0,0.0,0,0.0,0.0,53282.15,53308.4,52919.8,53710.35,0,0.0,0.0,0.0,0.0,-0.01,-1,-1,-0.01,-1,-1,-0.01,-1,-1,-0.01,-1,-1,-0.01,-1,-1,-0.01,-1,-1,-0.01,-1,-1,-0.01,-1,-1,-0.01,-1,-1,-0.01,-1,-1
99926009,2026-05-18 09:31:37+05:30,52925.7,0,0.0,0,0.0,0.0,53282.15,53308.4,52919.8,53710.35,0,0.0,0.0,0.0,0.0,-0.01,-1,-1,-0.01,-1,-1,-0.01,-1,-1,-0.01,-1,-1,-0.01,-1,-1,-0.01,-1,-1,-0.01,-1,-1,-0.01,-1,-1,-0.01,-1,-1,-0.01,-1,-1
99926009,2026-05-18 09:31:38+05:30,52925.75,0,0.0,0,0.0,0.0,53282.15,53308.4,52919.8,53710.35,0,0.0,0.0,0.0,0.0,-0.01,-1,-1,-0.01,-1,-1,-0.01,-1,-1,-0.01,-1,-1,-0.01,-1,-1,-0.01,-1,-1,-0.01,-1,-1,-0.01,-1,-1,-0.01,-1,-1,-0.01,-1,-1
99926009,2026-05-18 09:31:38+05:30,52922.15,0,0.0,0,0.0,0.0,53282.15,53308.4,52919.8,53710.35,0,0.0,0.0,0.0,0.0,-0.01,-1,-1,-0.01,-1,-1,-0.01,-1,-1,-0.01,-1,-1,-0.01,-1,-1,-0.01,-1,-1,-0.01,-1,-1,-0.01,-1,-1,-0.01,-1,-1,-0.01,-1,-1
99926009,2026-05-18 09:31:39+05:30,52924.45,0,0.0,0,0.0,0.0,53282.15,53308.4,52919.8,53710.35,0,0.0,0.0,0.0,0.0,-0.01,-1,-1,-0.01,-1,-1,-0.01,-1,-1,-0.01,-1,-1,-0.01,-1,-1,-0.01,-1,-1,-0.01,-1,-1,-0.01,-1,-1,-0.01,-1,-1,-0.01,-1,-1
99926009,2026-05-18 09:31:39+05:30,52923.0,0,0.0,0,0.0,0.0,53282.15,53308.4,52919.8,53710.35,0,0.0,0.0,0.0,0.0,-0.01,-1,-1,-0.01,-1,-1,-0.01,-1,-1,-0.01,-1,-1,-0.01,-1,-1,-0.01,-1,-1,-0.01,-1,-1,-0.01,-1,-1,-0.01,-1,-1,-0.01,-1,-1
99926009,2026-05-18 09:31:40+05:30,52927.2,0,0.0,0,0.0,0.0,53282.15,53308.4,52919.8,53710.35,0,0.0,0.0,0.0,0.0,-0.01,-1,-1,-0.01,-1,-1,-0.01,-1,-1,-0.01,-1,-1,-0.01,-1,-1,-0.01,-1,-1,-0.01,-1,-1,-0.01,-1,-1,-0.01,-1,-1,-0.01,-1,-1
99926009,2026-05-18 09:31:40+05:30,52928.6,0,0.0,0,0.0,0.0,53282.15,53308.4,52919.8,53710.35,0,0.0,0.0,0.0,0.0,-0.01,-1,-1,-0.01,-1,-1,-0.01,-1,-1,-0.01,-1,-1,-0.01,-1,-1,-0.01,-1,-1,-0.01,-1,-1,-0.01,-1,-1,-0.01,-1,-1,-0.01,-1,-1
99926009,2026-05-18 09:31:41+05:30,52930.7,0,0.0,0,0.0,0.0,53282.15,53308.4,52919.8,53710.35,0,0.0,0.0,0.0,0.0,-0.01,-1,-1,-0.01,-1,-1,-0.01,-1,-1,-0.01,-1,-1,-0.01,-1,-1,-0.01,-1,-1,-0.01,-1,-1,-0.01,-1,-1,-0.01,-1,-1,-0.01,-1,-1
99926009,2026-05-18 09:31:41+05:30,52929.9,0,0.0,0,0.0,0.0,53282.15,53308.4,52919.8,53710.35,0,0.0,0.0,0.0,0.0,-0.01,-1,-1,-0.01,-1,-1,-0.01,-1,-1,-0.01,-1,-1,-0.01,-1,-1,-0.01,-1,-1,-0.01,-1,-1,-0.01,-1,-1,-0.01,-1,-1,-0.01,-1,-1
99926009,2026-05-18 09:31:42+05:30,52926.45,0,0.0,0,0.0,0.0,53282.15,53308.4,52919.8,53710.35,0,0.0,0.0,0.0,0.0,-0.01,-1,-1,-0.01,-1,-1,-0.01,-1,-1,-0.01,-1,-1,-0.01,-1,-1,-0.01,-1,-1,-0.01,-1,-1,-0.01,-1,-1,-0.01,-1,-1,-0.01,-1,-1
99926009,2026-05-18 09:31:42+05:30,52924.35,0,0.0,0,0.0,0.0,53282.15,53308.4,52919.8,53710.35,0,0.0,0.0,0.0,0.0,-0.01,-1,-1,-0.01,-1,-1,-0.01,-1,-1,-0.01,-1,-1,-0.01,-1,-1,-0.01,-1,-1,-0.01,-1,-1,-0.01,-1,-1,-0.01,-1,-1,-0.01,-1,-1
99926009,2026-05-18 09:31:43+05:30,52925.4,0,0.0,0,0.0,0.0,53282.15,53308.4,52919.8,53710.35,0,0.0,0.0,0.0,0.0,-0.01,-1,-1,-0.01,-1,-1,-0.01,-1,-1,-0.01,-1,-1,-0.01,-1,-1,-0.01,-1,-1,-0.01,-1,-1,-0.01,-1,-1,-0.01,-1,-1,-0.01,-1,-1
99926009,2026-05-18 09:31:43+05:30,52923.2,0,0.0,0,0.0,0.0,53282.15,53308.4,52919.8,53710.35,0,0.0,0.0,0.0,0.0,-0.01,-1,-1,-0.01,-1,-1,-0.01,-1,-1,-0.01,-1,-1,-0.01,-1,-1,-0.01,-1,-1,-0.01,-1,-1,-0.01,-1,-1,-0.01,-1,-1,-0.01,-1,-1
99926009,2026-05-18 09:31:44+05:30,52921.75,0,0.0,0,0.0,0.0,53282.15,53308.4,52919.8,53710.35,0,0.0,0.0,0.0,0.0,-0.01,-1,-1,-0.01,-1,-1,-0.01,-1,-1,-0.01,-1,-1,-0.01,-1,-1,-0.01,-1,-1,-0.01,-1,-1,-0.01,-1,-1,-0.01,-1,-1,-0.01,-1,-1
99926009,2026-05-18 09:31:44+05:30,52926.5,0,0.0,0,0.0,0.0,53282.15,53308.4,52919.8,53710.35,0,0.0,0.0,0.0,0.0,-0.01,-1,-1,-0.01,-1,-1,-0.01,-1,-1,-0.01,-1,-1,-0.01,-1,-1,-0.01,-1,-1,-0.01,-1,-1,-0.01,-1,-1,-0.01,-1,-1,-0.01,-1,-1
99926009,2026-05-18 09:31:45+05:30,52923.8,0,0.0,0,0.0,0.0,53282.15,53308.4,52919.8,53710.35,0,0.0,0.0,0.0,0.0,-0.01,-1,-1,-0.01,-1,-1,-0.01,-1,-1,-0.01,-1,-1,-0.01,-1,-1,-0.01,-1,-1,-0.01,-1,-1,-0.01,-1,-1,-0.01,-1,-1,-0.01,-1,-1
99926009,2026-05-18 09:31:45+05:30,52925.4,0,0.0,0,0.0,0.0,53282.15,53308.4,52919.8,53710.35,0,0.0,0.0,0.0,0.0,-0.01,-1,-1,-0.01,-1,-1,-0.01,-1,-1,-0.01,-1,-1,-0.01,-1,-1,-0.01,-1,-1,-0.01,-1,-1,-0.01,-1,-1,-0.01,-1,-1,-0.01,-1,-1
99926009,2026-05-18 09:31:46+05:30,52926.6,0,0.0,0,0.0,0.0,53282.15,53308.4,52919.8,53710.35,0,0.0,0.0,0.0,0.0,-0.01,-1,-1,-0.01,-1,-1,-0.01,-1,-1,-0.01,-1,-1,-0.01,-1,-1,-0.01,-1,-1,-0.01,-1,-1,-0.01,-1,-1,-0.01,-1,-1,-0.01,-1,-1
99926009,2026-05-18 09:31:46+05:30,52926.75,0,0.0,0,0.0,0.0,53282.15,53308.4,52919.8,53710.35,0,0.0,0.0,0.0,0.0,-0.01,-1,-1,-0.01,-1,-1,-0.01,-1,-1,-0.01,-1,-1,-0.01,-1,-1,-0.01,-1,-1,-0.01,-1,-1,-0.01,-1,-1,-0.01,-1,-1,-0.01,-1,-1
99926009,2026-05-18 09:31:47+05:30,52929.05,0,0.0,0,0.0,0.0,53282.15,53308.4,52919.8,53710.35,0,0.0,0.0,0.0,0.0,-0.01,-1,-1,-0.01,-1,-1,-0.01,-1,-1,-0.01,-1,-1,-0.01,-1,-1,-0.01,-1,-1,-0.01,-1,-1,-0.01,-1,-1,-0.01,-1,-1,-0.01,-1,-1
99926009,2026-05-18 09:31:47+05:30,52929.05,0,0.0,0,0.0,0.0,53282.15,53308.4,52919.8,53710.35,0,0.0,0.0,0.0,0.0,-0.01,-1,-1,-0.01,-1,-1,-0.01,-1,-1,-0.01,-1,-1,-0.01,-1,-1,-0.01,-1,-1,-0.01,-1,-1,-0.01,-1,-1,-0.01,-1,-1,-0.01,-1,-1
99926009,2026-05-18 09:31:48+05:30,52932.45,0,0.0,0,0.0,0.0,53282.15,53308.4,52919.8,53710.35,0,0.0,0.0,0.0,0.0,-0.01,-1,-1,-0.01,-1,-1,-0.01,-1,-1,-0.01,-1,-1,-0.01,-1,-1,-0.01,-1,-1,-0.01,-1,-1,-0.01,-1,-1,-0.01,-1,-1,-0.01,-1,-1
99926009,2026-05-18 09:31:48+05:30,52925.3,0,0.0,0,0.0,0.0,53282.15,53308.4,52919.8,53710.35,0,0.0,0.0,0.0,0.0,-0.01,-1,-1,-0.01,-1,-1,-0.01,-1,-1,-0.01,-1,-1,-0.01,-1,-1,-0.01,-1,-1,-0.01,-1,-1,-0.01,-1,-1,-0.01,-1,-1,-0.01,-1,-1
99926009,2026-05-18 09:31:49+05:30,52926.85,0,0.0,0,0.0,0.0,53282.15,53308.4,52919.8,53710.35,0,0.0,0.0,0.0,0.0,-0.01,-1,-1,-0.01,-1,-1,-0.01,-1,-1,-0.01,-1,-1,-0.01,-1,-1,-0.01,-1,-1,-0.01,-1,-1,-0.01,-1,-1,-0.01,-1,-1,-0.01,-1,-1
99926009,2026-05-18 09:31:49+05:30,52927.0,0,0.0,0,0.0,0.0,53282.15,53308.4,52919.8,53710.35,0,0.0,0.0,0.0,0.0,-0.01,-1,-1,-0.01,-1,-1,-0.01,-1,-1,-0.01,-1,-1,-0.01,-1,-1,-0.01,-1,-1,-0.01,-1,-1,-0.01,-1,-1,-0.01,-1,-1,-0.01,-1,-1
99926009,2026-05-18 09:31:50+05:30,52927.15,0,0.0,0,0.0,0.0,53282.15,53308.4,52919.8,53710.35,0,0.0,0.0,0.0,0.0,-0.01,-1,-1,-0.01,-1,-1,-0.01,-1,-1,-0.01,-1,-1,-0.01,-1,-1,-0.01,-1,-1,-0.01,-1,-1,-0.01,-1,-1,-0.01,-1,-1,-0.01,-1,-1
99926009,2026-05-18 09:31:50+05:30,52927.45,0,0.0,0,0.0,0.0,53282.15,53308.4,52919.8,53710.35,0,0.0,0.0,0.0,0.0,-0.01,-1,-1,-0.01,-1,-1,-0.01,-1,-1,-0.01,-1,-1,-0.01,-1,-1,-0.01,-1,-1,-0.01,-1,-1,-0.01,-1,-1,-0.01,-1,-1,-0.01,-1,-1
99926009,2026-05-18 09:31:51+05:30,52931.9,0,0.0,0,0.0,0.0,53282.15,53308.4,52919.8,53710.35,0,0.0,0.0,0.0,0.0,-0.01,-1,-1,-0.01,-1,-1,-0.01,-1,-1,-0.01,-1,-1,-0.01,-1,-1,-0.01,-1,-1,-0.01,-1,-1,-0.01,-1,-1,-0.01,-1,-1,-0.01,-1,-1
99926009,2026-05-18 09:31:51+05:30,52933.45,0,0.0,0,0.0,0.0,53282.15,53308.4,52919.8,53710.35,0,0.0,0.0,0.0,0.0,-0.01,-1,-1,-0.01,-1,-1,-0.01,-1,-1,-0.01,-1,-1,-0.01,-1,-1,-0.01,-1,-1,-0.01,-1,-1,-0.01,-1,-1,-0.01,-1,-1,-0.01,-1,-1
99926009,2026-05-18 09:31:52+05:30,52933.6,0,0.0,0,0.0,0.0,53282.15,53308.4,52919.8,53710.35,0,0.0,0.0,0.0,0.0,-0.01,-1,-1,-0.01,-1,-1,-0.01,-1,-1,-0.01,-1,-1,-0.01,-1,-1,-0.01,-1,-1,-0.01,-1,-1,-0.01,-1,-1,-0.01,-1,-1,-0.01,-1,-1
99926009,2026-05-18 09:31:52+05:30,52928.8,0,0.0,0,0.0,0.0,53282.15,53308.4,52919.8,53710.35,0,0.0,0.0,0.0,0.0,-0.01,-1,-1,-0.01,-1,-1,-0.01,-1,-1,-0.01,-1,-1,-0.01,-1,-1,-0.01,-1,-1,-0.01,-1,-1,-0.01,-1,-1,-0.01,-1,-1,-0.01,-1,-1
99926009,2026-05-18 09:31:53+05:30,52933.95,0,0.0,0,0.0,0.0,53282.15,53308.4,52919.8,53710.35,0,0.0,0.0,0.0,0.0,-0.01,-1,-1,-0.01,-1,-1,-0.01,-1,-1,-0.01,-1,-1,-0.01,-1,-1,-0.01,-1,-1,-0.01,-1,-1,-0.01,-1,-1,-0.01,-1,-1,-0.01,-1,-1
99926009,2026-05-18 09:31:53+05:30,52935.15,0,0.0,0,0.0,0.0,53282.15,53308.4,52919.8,53710.35,0,0.0,0.0,0.0,0.0,-0.01,-1,-1,-0.01,-1,-1,-0.01,-1,-1,-0.01,-1,-1,-0.01,-1,-1,-0.01,-1,-1,-0.01,-1,-1,-0.01,-1,-1,-0.01,-1,-1,-0.01,-1,-1
99926009,2026-05-18 09:31:54+05:30,52933.2,0,0.0,0,0.0,0.0,53282.15,53308.4,52919.8,53710.35,0,0.0,0.0,0.0,0.0,-0.01,-1,-1,-0.01,-1,-1,-0.01,-1,-1,-0.01,-1,-1,-0.01,-1,-1,-0.01,-1,-1,-0.01,-1,-1,-0.01,-1,-1,-0.01,-1,-1,-0.01,-1,-1
99926009,2026-05-18 09:31:54+05:30,52930.55,0,0.0,0,0.0,0.0,53282.15,53308.4,52919.8,53710.35,0,0.0,0.0,0.0,0.0,-0.01,-1,-1,-0.01,-1,-1,-0.01,-1,-1,-0.01,-1,-1,-0.01,-1,-1,-0.01,-1,-1,-0.01,-1,-1,-0.01,-1,-1,-0.01,-1,-1,-0.01,-1,-1
99926009,2026-05-18 09:31:55+05:30,52931.2,0,0.0,0,0.0,0.0,53282.15,53308.4,52919.8,53710.35,0,0.0,0.0,0.0,0.0,-0.01,-1,-1,-0.01,-1,-1,-0.01,-1,-1,-0.01,-1,-1,-0.01,-1,-1,-0.01,-1,-1,-0.01,-1,-1,-0.01,-1,-1,-0.01,-1,-1,-0.01,-1,-1
99926009,2026-05-18 09:31:55+05:30,52925.7,0,0.0,0,0.0,0.0,53282.15,53308.4,52919.8,53710.35,0,0.0,0.0,0.0,0.0,-0.01,-1,-1,-0.01,-1,-1,-0.01,-1,-1,-0.01,-1,-1,-0.01,-1,-1,-0.01,-1,-1,-0.01,-1,-1,-0.01,-1,-1,-0.01,-1,-1,-0.01,-1,-1
99926009,2026-05-18 09:31:56+05:30,52925.1,0,0.0,0,0.0,0.0,53282.15,53308.4,52919.8,53710.35,0,0.0,0.0,0.0,0.0,-0.01,-1,-1,-0.01,-1,-1,-0.01,-1,-1,-0.01,-1,-1,-0.01,-1,-1,-0.01,-1,-1,-0.01,-1,-1,-0.01,-1,-1,-0.01,-1,-1,-0.01,-1,-1
99926009,2026-05-18 09:31:56+05:30,52922.85,0,0.0,0,0.0,0.0,53282.15,53308.4,52919.8,53710.35,0,0.0,0.0,0.0,0.0,-0.01,-1,-1,-0.01,-1,-1,-0.01,-1,-1,-0.01,-1,-1,-0.01,-1,-1,-0.01,-1,-1,-0.01,-1,-1,-0.01,-1,-1,-0.01,-1,-1,-0.01,-1,-1
99926009,2026-05-18 09:31:57+05:30,52918.9,0,0.0,0,0.0,0.0,53282.15,53308.4,52918.05,53710.35,0,0.0,0.0,0.0,0.0,-0.01,-1,-1,-0.01,-1,-1,-0.01,-1,-1,-0.01,-1,-1,-0.01,-1,-1,-0.01,-1,-1,-0.01,-1,-1,-0.01,-1,-1,-0.01,-1,-1,-0.01,-1,-1
99926009,2026-05-18 09:31:57+05:30,52918.85,0,0.0,0,0.0,0.0,53282.15,53308.4,52918.05,53710.35,0,0.0,0.0,0.0,0.0,-0.01,-1,-1,-0.01,-1,-1,-0.01,-1,-1,-0.01,-1,-1,-0.01,-1,-1,-0.01,-1,-1,-0.01,-1,-1,-0.01,-1,-1,-0.01,-1,-1,-0.01,-1,-1
99926009,2026-05-18 09:31:58+05:30,52919.9,0,0.0,0,0.0,0.0,53282.15,53308.4,52918.05,53710.35,0,0.0,0.0,0.0,0.0,-0.01,-1,-1,-0.01,-1,-1,-0.01,-1,-1,-0.01,-1,-1,-0.01,-1,-1,-0.01,-1,-1,-0.01,-1,-1,-0.01,-1,-1,-0.01,-1,-1,-0.01,-1,-1
99926009,2026-05-18 09:31:58+05:30,52922.55,0,0.0,0,0.0,0.0,53282.15,53308.4,52918.05,53710.35,0,0.0,0.0,0.0,0.0,-0.01,-1,-1,-0.01,-1,-1,-0.01,-1,-1,-0.01,-1,-1,-0.01,-1,-1,-0.01,-1,-1,-0.01,-1,-1,-0.01,-1,-1,-0.01,-1,-1,-0.01,-1,-1
99926009,2026-05-18 09:31:59+05:30,52921.7,0,0.0,0,0.0,0.0,53282.15,53308.4,52918.05,53710.35,0,0.0,0.0,0.0,0.0,-0.01,-1,-1,-0.01,-1,-1,-0.01,-1,-1,-0.01,-1,-1,-0.01,-1,-1,-0.01,-1,-1,-0.01,-1,-1,-0.01,-1,-1,-0.01,-1,-1,-0.01,-1,-1
99926009,2026-05-18 09:31:59+05:30,52922.4,0,0.0,0,0.0,0.0,53282.15,53308.4,52918.05,53710.35,0,0.0,0.0,0.0,0.0,-0.01,-1,-1,-0.01,-1,-1,-0.01,-1,-1,-0.01,-1,-1,-0.01,-1,-1,-0.01,-1,-1,-0.01,-1,-1,-0.01,-1,-1,-0.01,-1,-1,-0.01,-1,-1
99926009,2026-05-18 09:32:00+05:30,52924.4,0,0.0,0,0.0,0.0,53282.15,53308.4,52918.05,53710.35,0,0.0,0.0,0.0,0.0,-0.01,-1,-1,-0.01,-1,-1,-0.01,-1,-1,-0.01,-1,-1,-0.01,-1,-1,-0.01,-1,-1,-0.01,-1,-1,-0.01,-1,-1,-0.01,-1,-1,-0.01,-1,-1
99926009,2026-05-18 09:32:00+05:30,52926.1,0,0.0,0,0.0,0.0,53282.15,53308.4,52918.05,53710.35,0,0.0,0.0,0.0,0.0,-0.01,-1,-1,-0.01,-1,-1,-0.01,-1,-1,-0.01,-1,-1,-0.01,-1,-1,-0.01,-1,-1,-0.01,-1,-1,-0.01,-1,-1,-0.01,-1,-1,-0.01,-1,-1
99926009,2026-05-18 09:32:01+05:30,52926.3,0,0.0,0,0.0,0.0,53282.15,53308.4,52918.05,53710.35,0,0.0,0.0,0.0,0.0,-0.01,-1,-1,-0.01,-1,-1,-0.01,-1,-1,-0.01,-1,-1,-0.01,-1,-1,-0.01,-1,-1,-0.01,-1,-1,-0.01,-1,-1,-0.01,-1,-1,-0.01,-1,-1
99926009,2026-05-18 09:32:01+05:30,52923.65,0,0.0,0,0.0,0.0,53282.15,53308.4,52918.05,53710.35,0,0.0,0.0,0.0,0.0,-0.01,-1,-1,-0.01,-1,-1,-0.01,-1,-1,-0.01,-1,-1,-0.01,-1,-1,-0.01,-1,-1,-0.01,-1,-1,-0.01,-1,-1,-0.01,-1,-1,-0.01,-1,-1
99926009,2026-05-18 09:32:02+05:30,52923.1,0,0.0,0,0.0,0.0,53282.15,53308.4,52918.05,53710.35,0,0.0,0.0,0.0,0.0,-0.01,-1,-1,-0.01,-1,-1,-0.01,-1,-1,-0.01,-1,-1,-0.01,-1,-1,-0.01,-1,-1,-0.01,-1,-1,-0.01,-1,-1,-0.01,-1,-1,-0.01,-1,-1
99926009,2026-05-18 09:32:02+05:30,52925.35,0,0.0,0,0.0,0.0,53282.15,53308.4,52918.05,53710.35,0,0.0,0.0,0.0,0.0,-0.01,-1,-1,-0.01,-1,-1,-0.01,-1,-1,-0.01,-1,-1,-0.01,-1,-1,-0.01,-1,-1,-0.01,-1,-1,-0.01,-1,-1,-0.01,-1,-1,-0.01,-1,-1
99926009,2026-05-18 09:32:03+05:30,52921.65,0,0.0,0,0.0,0.0,53282.15,53308.4,52918.05,53710.35,0,0.0,0.0,0.0,0.0,-0.01,-1,-1,-0.01,-1,-1,-0.01,-1,-1,-0.01,-1,-1,-0.01,-1,-1,-0.01,-1,-1,-0.01,-1,-1,-0.01,-1,-1,-0.01,-1,-1,-0.01,-1,-1
99926009,2026-05-18 09:32:03+05:30,52923.2,0,0.0,0,0.0,0.0,53282.15,53308.4,52918.05,53710.35,0,0.0,0.0,0.0,0.0,-0.01,-1,-1,-0.01,-1,-1,-0.01,-1,-1,-0.01,-1,-1,-0.01,-1,-1,-0.01,-1,-1,-0.01,-1,-1,-0.01,-1,-1,-0.01,-1,-1,-0.01,-1,-1
99926009,2026-05-18 09:32:04+05:30,52922.65,0,0.0,0,0.0,0.0,53282.15,53308.4,52918.05,53710.35,0,0.0,0.0,0.0,0.0,-0.01,-1,-1,-0.01,-1,-1,-0.01,-1,-1,-0.01,-1,-1,-0.01,-1,-1,-0.01,-1,-1,-0.01,-1,-1,-0.01,-1,-1,-0.01,-1,-1,-0.01,-1,-1
99926009,2026-05-18 09:32:04+05:30,52922.95,0,0.0,0,0.0,0.0,53282.15,53308.4,52918.05,53710.35,0,0.0,0.0,0.0,0.0,-0.01,-1,-1,-0.01,-1,-1,-0.01,-1,-1,-0.01,-1,-1,-0.01,-1,-1,-0.01,-1,-1,-0.01,-1,-1,-0.01,-1,-1,-0.01,-1,-1,-0.01,-1,-1
99926009,2026-05-18 09:32:05+05:30,52924.45,0,0.0,0,0.0,0.0,53282.15,53308.4,52918.05,53710.35,0,0.0,0.0,0.0,0.0,-0.01,-1,-1,-0.01,-1,-1,-0.01,-1,-1,-0.01,-1,-1,-0.01,-1,-1,-0.01,-1,-1,-0.01,-1,-1,-0.01,-1,-1,-0.01,-1,-1,-0.01,-1,-1
99926009,2026-05-18 09:32:05+05:30,52925.9,0,0.0,0,0.0,0.0,53282.15,53308.4,52918.05,53710.35,0,0.0,0.0,0.0,0.0,-0.01,-1,-1,-0.01,-1,-1,-0.01,-1,-1,-0.01,-1,-1,-0.01,-1,-1,-0.01,-1,-1,-0.01,-1,-1,-0.01,-1,-1,-0.01,-1,-1,-0.01,-1,-1
99926009,2026-05-18 09:32:06+05:30,52924.95,0,0.0,0,0.0,0.0,53282.15,53308.4,52918.05,53710.35,0,0.0,0.0,0.0,0.0,-0.01,-1,-1,-0.01,-1,-1,-0.01,-1,-1,-0.01,-1,-1,-0.01,-1,-1,-0.01,-1,-1,-0.01,-1,-1,-0.01,-1,-1,-0.01,-1,-1,-0.01,-1,-1
99926009,2026-05-18 09:32:06+05:30,52924.6,0,0.0,0,0.0,0.0,53282.15,53308.4,52918.05,53710.35,0,0.0,0.0,0.0,0.0,-0.01,-1,-1,-0.01,-1,-1,-0.01,-1,-1,-0.01,-1,-1,-0.01,-1,-1,-0.01,-1,-1,-0.01,-1,-1,-0.01,-1,-1,-0.01,-1,-1,-0.01,-1,-1
99926009,2026-05-18 09:32:07+05:30,52925.85,0,0.0,0,0.0,0.0,53282.15,53308.4,52918.05,53710.35,0,0.0,0.0,0.0,0.0,-0.01,-1,-1,-0.01,-1,-1,-0.01,-1,-1,-0.01,-1,-1,-0.01,-1,-1,-0.01,-1,-1,-0.01,-1,-1,-0.01,-1,-1,-0.01,-1,-1,-0.01,-1,-1
99926009,2026-05-18 09:32:07+05:30,52926.5,0,0.0,0,0.0,0.0,53282.15,53308.4,52918.05,53710.35,0,0.0,0.0,0.0,0.0,-0.01,-1,-1,-0.01,-1,-1,-0.01,-1,-1,-0.01,-1,-1,-0.01,-1,-1,-0.01,-1,-1,-0.01,-1,-1,-0.01,-1,-1,-0.01,-1,-1,-0.01,-1,-1
99926009,2026-05-18 09:32:08+05:30,52924.7,0,0.0,0,0.0,0.0,53282.15,53308.4,52918.05,53710.35,0,0.0,0.0,0.0,0.0,-0.01,-1,-1,-0.01,-1,-1,-0.01,-1,-1,-0.01,-1,-1,-0.01,-1,-1,-0.01,-1,-1,-0.01,-1,-1,-0.01,-1,-1,-0.01,-1,-1,-0.01,-1,-1
99926009,2026-05-18 09:32:08+05:30,52925.85,0,0.0,0,0.0,0.0,53282.15,53308.4,52918.05,53710.35,0,0.0,0.0,0.0,0.0,-0.01,-1,-1,-0.01,-1,-1,-0.01,-1,-1,-0.01,-1,-1,-0.01,-1,-1,-0.01,-1,-1,-0.01,-1,-1,-0.01,-1,-1,-0.01,-1,-1,-0.01,-1,-1
99926009,2026-05-18 09:32:09+05:30,52923.1,0,0.0,0,0.0,0.0,53282.15,53308.4,52918.05,53710.35,0,0.0,0.0,0.0,0.0,-0.01,-1,-1,-0.01,-1,-1,-0.01,-1,-1,-0.01,-1,-1,-0.01,-1,-1,-0.01,-1,-1,-0.01,-1,-1,-0.01,-1,-1,-0.01,-1,-1,-0.01,-1,-1
99926009,2026-05-18 09:32:09+05:30,52924.8,0,0.0,0,0.0,0.0,53282.15,53308.4,52918.05,53710.35,0,0.0,0.0,0.0,0.0,-0.01,-1,-1,-0.01,-1,-1,-0.01,-1,-1,-0.01,-1,-1,-0.01,-1,-1,-0.01,-1,-1,-0.01,-1,-1,-0.01,-1,-1,-0.01,-1,-1,-0.01,-1,-1
99926009,2026-05-18 09:32:10+05:30,52925.75,0,0.0,0,0.0,0.0,53282.15,53308.4,52918.05,53710.35,0,0.0,0.0,0.0,0.0,-0.01,-1,-1,-0.01,-1,-1,-0.01,-1,-1,-0.01,-1,-1,-0.01,-1,-1,-0.01,-1,-1,-0.01,-1,-1,-0.01,-1,-1,-0.01,-1,-1,-0.01,-1,-1
99926009,2026-05-18 09:32:10+05:30,52925.9,0,0.0,0,0.0,0.0,53282.15,53308.4,52918.05,53710.35,0,0.0,0.0,0.0,0.0,-0.01,-1,-1,-0.01,-1,-1,-0.01,-1,-1,-0.01,-1,-1,-0.01,-1,-1,-0.01,-1,-1,-0.01,-1,-1,-0.01,-1,-1,-0.01,-1,-1,-0.01,-1,-1
99926009,2026-05-18 09:32:11+05:30,52926.0,0,0.0,0,0.0,0.0,53282.15,53308.4,52918.05,53710.35,0,0.0,0.0,0.0,0.0,-0.01,-1,-1,-0.01,-1,-1,-0.01,-1,-1,-0.01,-1,-1,-0.01,-1,-1,-0.01,-1,-1,-0.01,-1,-1,-0.01,-1,-1,-0.01,-1,-1,-0.01,-1,-1
99926009,2026-05-18 09:32:11+05:30,52928.2,0,0.0,0,0.0,0.0,53282.15,53308.4,52918.05,53710.35,0,0.0,0.0,0.0,0.0,-0.01,-1,-1,-0.01,-1,-1,-0.01,-1,-1,-0.01,-1,-1,-0.01,-1,-1,-0.01,-1,-1,-0.01,-1,-1,-0.01,-1,-1,-0.01,-1,-1,-0.01,-1,-1
99926009,2026-05-18 09:32:12+05:30,52925.8,0,0.0,0,0.0,0.0,53282.15,53308.4,52918.05,53710.35,0,0.0,0.0,0.0,0.0,-0.01,-1,-1,-0.01,-1,-1,-0.01,-1,-1,-0.01,-1,-1,-0.01,-1,-1,-0.01,-1,-1,-0.01,-1,-1,-0.01,-1,-1,-0.01,-1,-1,-0.01,-1,-1
99926009,2026-05-18 09:32:12+05:30,52928.7,0,0.0,0,0.0,0.0,53282.15,53308.4,52918.05,53710.35,0,0.0,0.0,0.0,0.0,-0.01,-1,-1,-0.01,-1,-1,-0.01,-1,-1,-0.01,-1,-1,-0.01,-1,-1,-0.01,-1,-1,-0.01,-1,-1,-0.01,-1,-1,-0.01,-1,-1,-0.01,-1,-1
99926009,2026-05-18 09:32:13+05:30,52927.65,0,0.0,0,0.0,0.0,53282.15,53308.4,52918.05,53710.35,0,0.0,0.0,0.0,0.0,-0.01,-1,-1,-0.01,-1,-1,-0.01,-1,-1,-0.01,-1,-1,-0.01,-1,-1,-0.01,-1,-1,-0.01,-1,-1,-0.01,-1,-1,-0.01,-1,-1,-0.01,-1,-1
99926009,2026-05-18 09:32:13+05:30,52930.85,0,0.0,0,0.0,0.0,53282.15,53308.4,52918.05,53710.35,0,0.0,0.0,0.0,0.0,-0.01,-1,-1,-0.01,-1,-1,-0.01,-1,-1,-0.01,-1,-1,-0.01,-1,-1,-0.01,-1,-1,-0.01,-1,-1,-0.01,-1,-1,-0.01,-1,-1,-0.01,-1,-1
99926009,2026-05-18 09:32:14+05:30,52930.8,0,0.0,0,0.0,0.0,53282.15,53308.4,52918.05,53710.35,0,0.0,0.0,0.0,0.0,-0.01,-1,-1,-0.01,-1,-1,-0.01,-1,-1,-0.01,-1,-1,-0.01,-1,-1,-0.01,-1,-1,-0.01,-1,-1,-0.01,-1,-1,-0.01,-1,-1,-0.01,-1,-1
99926009,2026-05-18 09:32:14+05:30,52928.95,0,0.0,0,0.0,0.0,53282.15,53308.4,52918.05,53710.35,0,0.0,0.0,0.0,0.0,-0.01,-1,-1,-0.01,-1,-1,-0.01,-1,-1,-0.01,-1,-1,-0.01,-1,-1,-0.01,-1,-1,-0.01,-1,-1,-0.01,-1,-1,-0.01,-1,-1,-0.01,-1,-1
99926009,2026-05-18 09:32:15+05:30,52928.0,0,0.0,0,0.0,0.0,53282.15,53308.4,52918.05,53710.35,0,0.0,0.0,0.0,0.0,-0.01,-1,-1,-0.01,-1,-1,-0.01,-1,-1,-0.01,-1,-1,-0.01,-1,-1,-0.01,-1,-1,-0.01,-1,-1,-0.01,-1,-1,-0.01,-1,-1,-0.01,-1,-1
99926009,2026-05-18 09:32:15+05:30,52928.25,0,0.0,0,0.0,0.0,53282.15,53308.4,52918.05,53710.35,0,0.0,0.0,0.0,0.0,-0.01,-1,-1,-0.01,-1,-1,-0.01,-1,-1,-0.01,-1,-1,-0.01,-1,-1,-0.01,-1,-1,-0.01,-1,-1,-0.01,-1,-1,-0.01,-1,-1,-0.01,-1,-1
99926009,2026-05-18 09:32:16+05:30,52929.75,0,0.0,0,0.0,0.0,53282.15,53308.4,52918.05,53710.35,0,0.0,0.0,0.0,0.0,-0.01,-1,-1,-0.01,-1,-1,-0.01,-1,-1,-0.01,-1,-1,-0.01,-1,-1,-0.01,-1,-1,-0.01,-1,-1,-0.01,-1,-1,-0.01,-1,-1,-0.01,-1,-1
99926009,2026-05-18 09:32:16+05:30,52930.7,0,0.0,0,0.0,0.0,53282.15,53308.4,52918.05,53710.35,0,0.0,0.0,0.0,0.0,-0.01,-1,-1,-0.01,-1,-1,-0.01,-1,-1,-0.01,-1,-1,-0.01,-1,-1,-0.01,-1,-1,-0.01,-1,-1,-0.01,-1,-1,-0.01,-1,-1,-0.01,-1,-1
99926009,2026-05-18 09:32:17+05:30,52928.45,0,0.0,0,0.0,0.0,53282.15,53308.4,52918.05,53710.35,0,0.0,0.0,0.0,0.0,-0.01,-1,-1,-0.01,-1,-1,-0.01,-1,-1,-0.01,-1,-1,-0.01,-1,-1,-0.01,-1,-1,-0.01,-1,-1,-0.01,-1,-1,-0.01,-1,-1,-0.01,-1,-1
99926009,2026-05-18 09:32:17+05:30,52931.85,0,0.0,0,0.0,0.0,53282.15,53308.4,52918.05,53710.35,0,0.0,0.0,0.0,0.0,-0.01,-1,-1,-0.01,-1,-1,-0.01,-1,-1,-0.01,-1,-1,-0.01,-1,-1,-0.01,-1,-1,-0.01,-1,-1,-0.01,-1,-1,-0.01,-1,-1,-0.01,-1,-1
99926009,2026-05-18 09:32:18+05:30,52933.9,0,0.0,0,0.0,0.0,53282.15,53308.4,52918.05,53710.35,0,0.0,0.0,0.0,0.0,-0.01,-1,-1,-0.01,-1,-1,-0.01,-1,-1,-0.01,-1,-1,-0.01,-1,-1,-0.01,-1,-1,-0.01,-1,-1,-0.01,-1,-1,-0.01,-1,-1,-0.01,-1,-1
99926009,2026-05-18 09:32:18+05:30,52931.4,0,0.0,0,0.0,0.0,53282.15,53308.4,52918.05,53710.35,0,0.0,0.0,0.0,0.0,-0.01,-1,-1,-0.01,-1,-1,-0.01,-1,-1,-0.01,-1,-1,-0.01,-1,-1,-0.01,-1,-1,-0.01,-1,-1,-0.01,-1,-1,-0.01,-1,-1,-0.01,-1,-1
99926009,2026-05-18 09:32:19+05:30,52930.25,0,0.0,0,0.0,0.0,53282.15,53308.4,52918.05,53710.35,0,0.0,0.0,0.0,0.0,-0.01,-1,-1,-0.01,-1,-1,-0.01,-1,-1,-0.01,-1,-1,-0.01,-1,-1,-0.01,-1,-1,-0.01,-1,-1,-0.01,-1,-1,-0.01,-1,-1,-0.01,-1,-1
99926009,2026-05-18 09:32:19+05:30,52932.1,0,0.0,0,0.0,0.0,53282.15,53308.4,52918.05,53710.35,0,0.0,0.0,0.0,0.0,-0.01,-1,-1,-0.01,-1,-1,-0.01,-1,-1,-0.01,-1,-1,-0.01,-1,-1,-0.01,-1,-1,-0.01,-1,-1,-0.01,-1,-1,-0.01,-1,-1,-0.01,-1,-1
99926009,2026-05-18 09:32:20+05:30,52929.6,0,0.0,0,0.0,0.0,53282.15,53308.4,52918.05,53710.35,0,0.0,0.0,0.0,0.0,-0.01,-1,-1,-0.01,-1,-1,-0.01,-1,-1,-0.01,-1,-1,-0.01,-1,-1,-0.01,-1,-1,-0.01,-1,-1,-0.01,-1,-1,-0.01,-1,-1,-0.01,-1,-1
99926009,2026-05-18 09:32:20+05:30,52932.6,0,0.0,0,0.0,0.0,53282.15,53308.4,52918.05,53710.35,0,0.0,0.0,0.0,0.0,-0.01,-1,-1,-0.01,-1,-1,-0.01,-1,-1,-0.01,-1,-1,-0.01,-1,-1,-0.01,-1,-1,-0.01,-1,-1,-0.01,-1,-1,-0.01,-1,-1,-0.01,-1,-1
99926009,2026-05-18 09:32:21+05:30,52930.2,0,0.0,0,0.0,0.0,53282.15,53308.4,52918.05,53710.35,0,0.0,0.0,0.0,0.0,-0.01,-1,-1,-0.01,-1,-1,-0.01,-1,-1,-0.01,-1,-1,-0.01,-1,-1,-0.01,-1,-1,-0.01,-1,-1,-0.01,-1,-1,-0.01,-1,-1,-0.01,-1,-1
99926009,2026-05-18 09:32:21+05:30,52932.65,0,0.0,0,0.0,0.0,53282.15,53308.4,52918.05,53710.35,0,0.0,0.0,0.0,0.0,-0.01,-1,-1,-0.01,-1,-1,-0.01,-1,-1,-0.01,-1,-1,-0.01,-1,-1,-0.01,-1,-1,-0.01,-1,-1,-0.01,-1,-1,-0.01,-1,-1,-0.01,-1,-1
99926009,2026-05-18 09:32:22+05:30,52932.15,0,0.0,0,0.0,0.0,53282.15,53308.4,52918.05,53710.35,0,0.0,0.0,0.0,0.0,-0.01,-1,-1,-0.01,-1,-1,-0.01,-1,-1,-0.01,-1,-1,-0.01,-1,-1,-0.01,-1,-1,-0.01,-1,-1,-0.01,-1,-1,-0.01,-1,-1,-0.01,-1,-1
99926009,2026-05-18 09:32:22+05:30,52935.0,0,0.0,0,0.0,0.0,53282.15,53308.4,52918.05,53710.35,0,0.0,0.0,0.0,0.0,-0.01,-1,-1,-0.01,-1,-1,-0.01,-1,-1,-0.01,-1,-1,-0.01,-1,-1,-0.01,-1,-1,-0.01,-1,-1,-0.01,-1,-1,-0.01,-1,-1,-0.01,-1,-1
99926009,2026-05-18 09:32:23+05:30,52934.8,0,0.0,0,0.0,0.0,53282.15,53308.4,52918.05,53710.35,0,0.0,0.0,0.0,0.0,-0.01,-1,-1,-0.01,-1,-1,-0.01,-1,-1,-0.01,-1,-1,-0.01,-1,-1,-0.01,-1,-1,-0.01,-1,-1,-0.01,-1,-1,-0.01,-1,-1,-0.01,-1,-1
99926009,2026-05-18 09:32:23+05:30,52934.5,0,0.0,0,0.0,0.0,53282.15,53308.4,52918.05,53710.35,0,0.0,0.0,0.0,0.0,-0.01,-1,-1,-0.01,-1,-1,-0.01,-1,-1,-0.01,-1,-1,-0.01,-1,-1,-0.01,-1,-1,-0.01,-1,-1,-0.01,-1,-1,-0.01,-1,-1,-0.01,-1,-1
99926009,2026-05-18 09:32:24+05:30,52935.2,0,0.0,0,0.0,0.0,53282.15,53308.4,52918.05,53710.35,0,0.0,0.0,0.0,0.0,-0.01,-1,-1,-0.01,-1,-1,-0.01,-1,-1,-0.01,-1,-1,-0.01,-1,-1,-0.01,-1,-1,-0.01,-1,-1,-0.01,-1,-1,-0.01,-1,-1,-0.01,-1,-1
99926009,2026-05-18 09:32:24+05:30,52929.8,0,0.0,0,0.0,0.0,53282.15,53308.4,52918.05,53710.35,0,0.0,0.0,0.0,0.0,-0.01,-1,-1,-0.01,-1,-1,-0.01,-1,-1,-0.01,-1,-1,-0.01,-1,-1,-0.01,-1,-1,-0.01,-1,-1,-0.01,-1,-1,-0.01,-1,-1,-0.01,-1,-1
99926009,2026-05-18 09:32:25+05:30,52929.6,0,0.0,0,0.0,0.0,53282.15,53308.4,52918.05,53710.35,0,0.0,0.0,0.0,0.0,-0.01,-1,-1,-0.01,-1,-1,-0.01,-1,-1,-0.01,-1,-1,-0.01,-1,-1,-0.01,-1,-1,-0.01,-1,-1,-0.01,-1,-1,-0.01,-1,-1,-0.01,-1,-1
99926009,2026-05-18 09:32:25+05:30,52931.8,0,0.0,0,0.0,0.0,53282.15,53308.4,52918.05,53710.35,0,0.0,0.0,0.0,0.0,-0.01,-1,-1,-0.01,-1,-1,-0.01,-1,-1,-0.01,-1,-1,-0.01,-1,-1,-0.01,-1,-1,-0.01,-1,-1,-0.01,-1,-1,-0.01,-1,-1,-0.01,-1,-1
99926009,2026-05-18 09:32:26+05:30,52930.75,0,0.0,0,0.0,0.0,53282.15,53308.4,52918.05,53710.35,0,0.0,0.0,0.0,0.0,-0.01,-1,-1,-0.01,-1,-1,-0.01,-1,-1,-0.01,-1,-1,-0.01,-1,-1,-0.01,-1,-1,-0.01,-1,-1,-0.01,-1,-1,-0.01,-1,-1,-0.01,-1,-1
99926009,2026-05-18 09:32:26+05:30,52928.6,0,0.0,0,0.0,0.0,53282.15,53308.4,52918.05,53710.35,0,0.0,0.0,0.0,0.0,-0.01,-1,-1,-0.01,-1,-1,-0.01,-1,-1,-0.01,-1,-1,-0.01,-1,-1,-0.01,-1,-1,-0.01,-1,-1,-0.01,-1,-1,-0.01,-1,-1,-0.01,-1,-1
99926009,2026-05-18 09:32:27+05:30,52928.35,0,0.0,0,0.0,0.0,53282.15,53308.4,52918.05,53710.35,0,0.0,0.0,0.0,0.0,-0.01,-1,-1,-0.01,-1,-1,-0.01,-1,-1,-0.01,-1,-1,-0.01,-1,-1,-0.01,-1,-1,-0.01,-1,-1,-0.01,-1,-1,-0.01,-1,-1,-0.01,-1,-1
99926009,2026-05-18 09:32:27+05:30,52927.35,0,0.0,0,0.0,0.0,53282.15,53308.4,52918.05,53710.35,0,0.0,0.0,0.0,0.0,-0.01,-1,-1,-0.01,-1,-1,-0.01,-1,-1,-0.01,-1,-1,-0.01,-1,-1,-0.01,-1,-1,-0.01,-1,-1,-0.01,-1,-1,-0.01,-1,-1,-0.01,-1,-1
99926009,2026-05-18 09:32:28+05:30,52928.45,0,0.0,0,0.0,0.0,53282.15,53308.4,52918.05,53710.35,0,0.0,0.0,0.0,0.0,-0.01,-1,-1,-0.01,-1,-1,-0.01,-1,-1,-0.01,-1,-1,-0.01,-1,-1,-0.01,-1,-1,-0.01,-1,-1,-0.01,-1,-1,-0.01,-1,-1,-0.01,-1,-1
99926009,2026-05-18 09:32:28+05:30,52932.5,0,0.0,0,0.0,0.0,53282.15,53308.4,52918.05,53710.35,0,0.0,0.0,0.0,0.0,-0.01,-1,-1,-0.01,-1,-1,-0.01,-1,-1,-0.01,-1,-1,-0.01,-1,-1,-0.01,-1,-1,-0.01,-1,-1,-0.01,-1,-1,-0.01,-1,-1,-0.01,-1,-1
99926009,2026-05-18 09:32:29+05:30,52926.45,0,0.0,0,0.0,0.0,53282.15,53308.4,52918.05,53710.35,0,0.0,0.0,0.0,0.0,-0.01,-1,-1,-0.01,-1,-1,-0.01,-1,-1,-0.01,-1,-1,-0.01,-1,-1,-0.01,-1,-1,-0.01,-1,-1,-0.01,-1,-1,-0.01,-1,-1,-0.01,-1,-1
99926009,2026-05-18 09:32:29+05:30,52929.35,0,0.0,0,0.0,0.0,53282.15,53308.4,52918.05,53710.35,0,0.0,0.0,0.0,0.0,-0.01,-1,-1,-0.01,-1,-1,-0.01,-1,-1,-0.01,-1,-1,-0.01,-1,-1,-0.01,-1,-1,-0.01,-1,-1,-0.01,-1,-1,-0.01,-1,-1,-0.01,-1,-1
99926009,2026-05-18 09:32:30+05:30,52931.4,0,0.0,0,0.0,0.0,53282.15,53308.4,52918.05,53710.35,0,0.0,0.0,0.0,0.0,-0.01,-1,-1,-0.01,-1,-1,-0.01,-1,-1,-0.01,-1,-1,-0.01,-1,-1,-0.01,-1,-1,-0.01,-1,-1,-0.01,-1,-1,-0.01,-1,-1,-0.01,-1,-1
99926009,2026-05-18 09:32:30+05:30,52934.6,0,0.0,0,0.0,0.0,53282.15,53308.4,52918.05,53710.35,0,0.0,0.0,0.0,0.0,-0.01,-1,-1,-0.01,-1,-1,-0.01,-1,-1,-0.01,-1,-1,-0.01,-1,-1,-0.01,-1,-1,-0.01,-1,-1,-0.01,-1,-1,-0.01,-1,-1,-0.01,-1,-1
99926009,2026-05-18 09:32:31+05:30,52934.45,0,0.0,0,0.0,0.0,53282.15,53308.4,52918.05,53710.35,0,0.0,0.0,0.0,0.0,-0.01,-1,-1,-0.01,-1,-1,-0.01,-1,-1,-0.01,-1,-1,-0.01,-1,-1,-0.01,-1,-1,-0.01,-1,-1,-0.01,-1,-1,-0.01,-1,-1,-0.01,-1,-1
99926009,2026-05-18 09:32:31+05:30,52934.6,0,0.0,0,0.0,0.0,53282.15,53308.4,52918.05,53710.35,0,0.0,0.0,0.0,0.0,-0.01,-1,-1,-0.01,-1,-1,-0.01,-1,-1,-0.01,-1,-1,-0.01,-1,-1,-0.01,-1,-1,-0.01,-1,-1,-0.01,-1,-1,-0.01,-1,-1,-0.01,-1,-1
99926009,2026-05-18 09:32:32+05:30,52934.05,0,0.0,0,0.0,0.0,53282.15,53308.4,52918.05,53710.35,0,0.0,0.0,0.0,0.0,-0.01,-1,-1,-0.01,-1,-1,-0.01,-1,-1,-0.01,-1,-1,-0.01,-1,-1,-0.01,-1,-1,-0.01,-1,-1,-0.01,-1,-1,-0.01,-1,-1,-0.01,-1,-1
99926009,2026-05-18 09:32:32+05:30,52931.4,0,0.0,0,0.0,0.0,53282.15,53308.4,52918.05,53710.35,0,0.0,0.0,0.0,0.0,-0.01,-1,-1,-0.01,-1,-1,-0.01,-1,-1,-0.01,-1,-1,-0.01,-1,-1,-0.01,-1,-1,-0.01,-1,-1,-0.01,-1,-1,-0.01,-1,-1,-0.01,-1,-1
99926009,2026-05-18 09:32:33+05:30,52931.95,0,0.0,0,0.0,0.0,53282.15,53308.4,52918.05,53710.35,0,0.0,0.0,0.0,0.0,-0.01,-1,-1,-0.01,-1,-1,-0.01,-1,-1,-0.01,-1,-1,-0.01,-1,-1,-0.01,-1,-1,-0.01,-1,-1,-0.01,-1,-1,-0.01,-1,-1,-0.01,-1,-1
99926009,2026-05-18 09:32:33+05:30,52934.45,0,0.0,0,0.0,0.0,53282.15,53308.4,52918.05,53710.35,0,0.0,0.0,0.0,0.0,-0.01,-1,-1,-0.01,-1,-1,-0.01,-1,-1,-0.01,-1,-1,-0.01,-1,-1,-0.01,-1,-1,-0.01,-1,-1,-0.01,-1,-1,-0.01,-1,-1,-0.01,-1,-1
99926009,2026-05-18 09:32:34+05:30,52932.05,0,0.0,0,0.0,0.0,53282.15,53308.4,52918.05,53710.35,0,0.0,0.0,0.0,0.0,-0.01,-1,-1,-0.01,-1,-1,-0.01,-1,-1,-0.01,-1,-1,-0.01,-1,-1,-0.01,-1,-1,-0.01,-1,-1,-0.01,-1,-1,-0.01,-1,-1,-0.01,-1,-1
99926009,2026-05-18 09:32:34+05:30,52932.2,0,0.0,0,0.0,0.0,53282.15,53308.4,52918.05,53710.35,0,0.0,0.0,0.0,0.0,-0.01,-1,-1,-0.01,-1,-1,-0.01,-1,-1,-0.01,-1,-1,-0.01,-1,-1,-0.01,-1,-1,-0.01,-1,-1,-0.01,-1,-1,-0.01,-1,-1,-0.01,-1,-1
99926009,2026-05-18 09:32:35+05:30,52939.95,0,0.0,0,0.0,0.0,53282.15,53308.4,52918.05,53710.35,0,0.0,0.0,0.0,0.0,-0.01,-1,-1,-0.01,-1,-1,-0.01,-1,-1,-0.01,-1,-1,-0.01,-1,-1,-0.01,-1,-1,-0.01,-1,-1,-0.01,-1,-1,-0.01,-1,-1,-0.01,-1,-1
99926009,2026-05-18 09:32:35+05:30,52939.8,0,0.0,0,0.0,0.0,53282.15,53308.4,52918.05,53710.35,0,0.0,0.0,0.0,0.0,-0.01,-1,-1,-0.01,-1,-1,-0.01,-1,-1,-0.01,-1,-1,-0.01,-1,-1,-0.01,-1,-1,-0.01,-1,-1,-0.01,-1,-1,-0.01,-1,-1,-0.01,-1,-1
99926009,2026-05-18 09:32:36+05:30,52939.8,0,0.0,0,0.0,0.0,53282.15,53308.4,52918.05,53710.35,0,0.0,0.0,0.0,0.0,-0.01,-1,-1,-0.01,-1,-1,-0.01,-1,-1,-0.01,-1,-1,-0.01,-1,-1,-0.01,-1,-1,-0.01,-1,-1,-0.01,-1,-1,-0.01,-1,-1,-0.01,-1,-1
99926009,2026-05-18 09:32:36+05:30,52941.05,0,0.0,0,0.0,0.0,53282.15,53308.4,52918.05,53710.35,0,0.0,0.0,0.0,0.0,-0.01,-1,-1,-0.01,-1,-1,-0.01,-1,-1,-0.01,-1,-1,-0.01,-1,-1,-0.01,-1,-1,-0.01,-1,-1,-0.01,-1,-1,-0.01,-1,-1,-0.01,-1,-1
99926009,2026-05-18 09:32:37+05:30,52941.15,0,0.0,0,0.0,0.0,53282.15,53308.4,52918.05,53710.35,0,0.0,0.0,0.0,0.0,-0.01,-1,-1,-0.01,-1,-1,-0.01,-1,-1,-0.01,-1,-1,-0.01,-1,-1,-0.01,-1,-1,-0.01,-1,-1,-0.01,-1,-1,-0.01,-1,-1,-0.01,-1,-1
99926009,2026-05-18 09:32:37+05:30,52942.9,0,0.0,0,0.0,0.0,53282.15,53308.4,52918.05,53710.35,0,0.0,0.0,0.0,0.0,-0.01,-1,-1,-0.01,-1,-1,-0.01,-1,-1,-0.01,-1,-1,-0.01,-1,-1,-0.01,-1,-1,-0.01,-1,-1,-0.01,-1,-1,-0.01,-1,-1,-0.01,-1,-1
99926009,2026-05-18 09:32:38+05:30,52941.9,0,0.0,0,0.0,0.0,53282.15,53308.4,52918.05,53710.35,0,0.0,0.0,0.0,0.0,-0.01,-1,-1,-0.01,-1,-1,-0.01,-1,-1,-0.01,-1,-1,-0.01,-1,-1,-0.01,-1,-1,-0.01,-1,-1,-0.01,-1,-1,-0.01,-1,-1,-0.01,-1,-1
99926009,2026-05-18 09:32:38+05:30,52942.35,0,0.0,0,0.0,0.0,53282.15,53308.4,52918.05,53710.35,0,0.0,0.0,0.0,0.0,-0.01,-1,-1,-0.01,-1,-1,-0.01,-1,-1,-0.01,-1,-1,-0.01,-1,-1,-0.01,-1,-1,-0.01,-1,-1,-0.01,-1,-1,-0.01,-1,-1,-0.01,-1,-1
99926009,2026-05-18 09:32:39+05:30,52942.65,0,0.0,0,0.0,0.0,53282.15,53308.4,52918.05,53710.35,0,0.0,0.0,0.0,0.0,-0.01,-1,-1,-0.01,-1,-1,-0.01,-1,-1,-0.01,-1,-1,-0.01,-1,-1,-0.01,-1,-1,-0.01,-1,-1,-0.01,-1,-1,-0.01,-1,-1,-0.01,-1,-1
99926009,2026-05-18 09:32:39+05:30,52940.95,0,0.0,0,0.0,0.0,53282.15,53308.4,52918.05,53710.35,0,0.0,0.0,0.0,0.0,-0.01,-1,-1,-0.01,-1,-1,-0.01,-1,-1,-0.01,-1,-1,-0.01,-1,-1,-0.01,-1,-1,-0.01,-1,-1,-0.01,-1,-1,-0.01,-1,-1,-0.01,-1,-1
99926009,2026-05-18 09:32:40+05:30,52946.0,0,0.0,0,0.0,0.0,53282.15,53308.4,52918.05,53710.35,0,0.0,0.0,0.0,0.0,-0.01,-1,-1,-0.01,-1,-1,-0.01,-1,-1,-0.01,-1,-1,-0.01,-1,-1,-0.01,-1,-1,-0.01,-1,-1,-0.01,-1,-1,-0.01,-1,-1,-0.01,-1,-1
99926009,2026-05-18 09:32:40+05:30,52950.4,0,0.0,0,0.0,0.0,53282.15,53308.4,52918.05,53710.35,0,0.0,0.0,0.0,0.0,-0.01,-1,-1,-0.01,-1,-1,-0.01,-1,-1,-0.01,-1,-1,-0.01,-1,-1,-0.01,-1,-1,-0.01,-1,-1,-0.01,-1,-1,-0.01,-1,-1,-0.01,-1,-1
99926009,2026-05-18 09:32:41+05:30,52952.65,0,0.0,0,0.0,0.0,53282.15,53308.4,52918.05,53710.35,0,0.0,0.0,0.0,0.0,-0.01,-1,-1,-0.01,-1,-1,-0.01,-1,-1,-0.01,-1,-1,-0.01,-1,-1,-0.01,-1,-1,-0.01,-1,-1,-0.01,-1,-1,-0.01,-1,-1,-0.01,-1,-1
99926009,2026-05-18 09:32:41+05:30,52956.5,0,0.0,0,0.0,0.0,53282.15,53308.4,52918.05,53710.35,0,0.0,0.0,0.0,0.0,-0.01,-1,-1,-0.01,-1,-1,-0.01,-1,-1,-0.01,-1,-1,-0.01,-1,-1,-0.01,-1,-1,-0.01,-1,-1,-0.01,-1,-1,-0.01,-1,-1,-0.01,-1,-1
99926009,2026-05-18 09:32:42+05:30,52960.35,0,0.0,0,0.0,0.0,53282.15,53308.4,52918.05,53710.35,0,0.0,0.0,0.0,0.0,-0.01,-1,-1,-0.01,-1,-1,-0.01,-1,-1,-0.01,-1,-1,-0.01,-1,-1,-0.01,-1,-1,-0.01,-1,-1,-0.01,-1,-1,-0.01,-1,-1,-0.01,-1,-1
99926009,2026-05-18 09:32:42+05:30,52958.65,0,0.0,0,0.0,0.0,53282.15,53308.4,52918.05,53710.35,0,0.0,0.0,0.0,0.0,-0.01,-1,-1,-0.01,-1,-1,-0.01,-1,-1,-0.01,-1,-1,-0.01,-1,-1,-0.01,-1,-1,-0.01,-1,-1,-0.01,-1,-1,-0.01,-1,-1,-0.01,-1,-1
99926009,2026-05-18 09:32:43+05:30,52956.4,0,0.0,0,0.0,0.0,53282.15,53308.4,52918.05,53710.35,0,0.0,0.0,0.0,0.0,-0.01,-1,-1,-0.01,-1,-1,-0.01,-1,-1,-0.01,-1,-1,-0.01,-1,-1,-0.01,-1,-1,-0.01,-1,-1,-0.01,-1,-1,-0.01,-1,-1,-0.01,-1,-1
99926009,2026-05-18 09:32:43+05:30,52962.5,0,0.0,0,0.0,0.0,53282.15,53308.4,52918.05,53710.35,0,0.0,0.0,0.0,0.0,-0.01,-1,-1,-0.01,-1,-1,-0.01,-1,-1,-0.01,-1,-1,-0.01,-1,-1,-0.01,-1,-1,-0.01,-1,-1,-0.01,-1,-1,-0.01,-1,-1,-0.01,-1,-1
99926009,2026-05-18 09:32:44+05:30,52959.95,0,0.0,0,0.0,0.0,53282.15,53308.4,52918.05,53710.35,0,0.0,0.0,0.0,0.0,-0.01,-1,-1,-0.01,-1,-1,-0.01,-1,-1,-0.01,-1,-1,-0.01,-1,-1,-0.01,-1,-1,-0.01,-1,-1,-0.01,-1,-1,-0.01,-1,-1,-0.01,-1,-1
99926009,2026-05-18 09:32:44+05:30,52968.4,0,0.0,0,0.0,0.0,53282.15,53308.4,52918.05,53710.35,0,0.0,0.0,0.0,0.0,-0.01,-1,-1,-0.01,-1,-1,-0.01,-1,-1,-0.01,-1,-1,-0.01,-1,-1,-0.01,-1,-1,-0.01,-1,-1,-0.01,-1,-1,-0.01,-1,-1,-0.01,-1,-1
99926009,2026-05-18 09:32:45+05:30,52966.65,0,0.0,0,0.0,0.0,53282.15,53308.4,52918.05,53710.35,0,0.0,0.0,0.0,0.0,-0.01,-1,-1,-0.01,-1,-1,-0.01,-1,-1,-0.01,-1,-1,-0.01,-1,-1,-0.01,-1,-1,-0.01,-1,-1,-0.01,-1,-1,-0.01,-1,-1,-0.01,-1,-1
99926009,2026-05-18 09:32:45+05:30,52971.7,0,0.0,0,0.0,0.0,53282.15,53308.4,52918.05,53710.35,0,0.0,0.0,0.0,0.0,-0.01,-1,-1,-0.01,-1,-1,-0.01,-1,-1,-0.01,-1,-1,-0.01,-1,-1,-0.01,-1,-1,-0.01,-1,-1,-0.01,-1,-1,-0.01,-1,-1,-0.01,-1,-1
99926009,2026-05-18 09:32:46+05:30,52966.6,0,0.0,0,0.0,0.0,53282.15,53308.4,52918.05,53710.35,0,0.0,0.0,0.0,0.0,-0.01,-1,-1,-0.01,-1,-1,-0.01,-1,-1,-0.01,-1,-1,-0.01,-1,-1,-0.01,-1,-1,-0.01,-1,-1,-0.01,-1,-1,-0.01,-1,-1,-0.01,-1,-1
99926009,2026-05-18 09:32:46+05:30,52970.9,0,0.0,0,0.0,0.0,53282.15,53308.4,52918.05,53710.35,0,0.0,0.0,0.0,0.0,-0.01,-1,-1,-0.01,-1,-1,-0.01,-1,-1,-0.01,-1,-1,-0.01,-1,-1,-0.01,-1,-1,-0.01,-1,-1,-0.01,-1,-1,-0.01,-1,-1,-0.01,-1,-1
99926009,2026-05-18 09:32:47+05:30,52968.75,0,0.0,0,0.0,0.0,53282.15,53308.4,52918.05,53710.35,0,0.0,0.0,0.0,0.0,-0.01,-1,-1,-0.01,-1,-1,-0.01,-1,-1,-0.01,-1,-1,-0.01,-1,-1,-0.01,-1,-1,-0.01,-1,-1,-0.01,-1,-1,-0.01,-1,-1,-0.01,-1,-1
99926009,2026-05-18 09:32:47+05:30,52964.4,0,0.0,0,0.0,0.0,53282.15,53308.4,52918.05,53710.35,0,0.0,0.0,0.0,0.0,-0.01,-1,-1,-0.01,-1,-1,-0.01,-1,-1,-0.01,-1,-1,-0.01,-1,-1,-0.01,-1,-1,-0.01,-1,-1,-0.01,-1,-1,-0.01,-1,-1,-0.01,-1,-1
99926009,2026-05-18 09:32:48+05:30,52973.15,0,0.0,0,0.0,0.0,53282.15,53308.4,52918.05,53710.35,0,0.0,0.0,0.0,0.0,-0.01,-1,-1,-0.01,-1,-1,-0.01,-1,-1,-0.01,-1,-1,-0.01,-1,-1,-0.01,-1,-1,-0.01,-1,-1,-0.01,-1,-1,-0.01,-1,-1,-0.01,-1,-1
99926009,2026-05-18 09:32:48+05:30,52974.25,0,0.0,0,0.0,0.0,53282.15,53308.4,52918.05,53710.35,0,0.0,0.0,0.0,0.0,-0.01,-1,-1,-0.01,-1,-1,-0.01,-1,-1,-0.01,-1,-1,-0.01,-1,-1,-0.01,-1,-1,-0.01,-1,-1,-0.01,-1,-1,-0.01,-1,-1,-0.01,-1,-1
99926009,2026-05-18 09:32:49+05:30,52965.85,0,0.0,0,0.0,0.0,53282.15,53308.4,52918.05,53710.35,0,0.0,0.0,0.0,0.0,-0.01,-1,-1,-0.01,-1,-1,-0.01,-1,-1,-0.01,-1,-1,-0.01,-1,-1,-0.01,-1,-1,-0.01,-1,-1,-0.01,-1,-1,-0.01,-1,-1,-0.01,-1,-1
99926009,2026-05-18 09:32:49+05:30,52968.8,0,0.0,0,0.0,0.0,53282.15,53308.4,52918.05,53710.35,0,0.0,0.0,0.0,0.0,-0.01,-1,-1,-0.01,-1,-1,-0.01,-1,-1,-0.01,-1,-1,-0.01,-1,-1,-0.01,-1,-1,-0.01,-1,-1,-0.01,-1,-1,-0.01,-1,-1,-0.01,-1,-1
99926009,2026-05-18 09:32:50+05:30,52968.8,0,0.0,0,0.0,0.0,53282.15,53308.4,52918.05,53710.35,0,0.0,0.0,0.0,0.0,-0.01,-1,-1,-0.01,-1,-1,-0.01,-1,-1,-0.01,-1,-1,-0.01,-1,-1,-0.01,-1,-1,-0.01,-1,-1,-0.01,-1,-1,-0.01,-1,-1,-0.01,-1,-1
99926009,2026-05-18 09:32:50+05:30,52975.4,0,0.0,0,0.0,0.0,53282.15,53308.4,52918.05,53710.35,0,0.0,0.0,0.0,0.0,-0.01,-1,-1,-0.01,-1,-1,-0.01,-1,-1,-0.01,-1,-1,-0.01,-1,-1,-0.01,-1,-1,-0.01,-1,-1,-0.01,-1,-1,-0.01,-1,-1,-0.01,-1,-1
99926009,2026-05-18 09:32:51+05:30,52979.5,0,0.0,0,0.0,0.0,53282.15,53308.4,52918.05,53710.35,0,0.0,0.0,0.0,0.0,-0.01,-1,-1,-0.01,-1,-1,-0.01,-1,-1,-0.01,-1,-1,-0.01,-1,-1,-0.01,-1,-1,-0.01,-1,-1,-0.01,-1,-1,-0.01,-1,-1,-0.01,-1,-1
99926009,2026-05-18 09:32:51+05:30,52981.0,0,0.0,0,0.0,0.0,53282.15,53308.4,52918.05,53710.35,0,0.0,0.0,0.0,0.0,-0.01,-1,-1,-0.01,-1,-1,-0.01,-1,-1,-0.01,-1,-1,-0.01,-1,-1,-0.01,-1,-1,-0.01,-1,-1,-0.01,-1,-1,-0.01,-1,-1,-0.01,-1,-1
99926009,2026-05-18 09:32:52+05:30,52981.2,0,0.0,0,0.0,0.0,53282.15,53308.4,52918.05,53710.35,0,0.0,0.0,0.0,0.0,-0.01,-1,-1,-0.01,-1,-1,-0.01,-1,-1,-0.01,-1,-1,-0.01,-1,-1,-0.01,-1,-1,-0.01,-1,-1,-0.01,-1,-1,-0.01,-1,-1,-0.01,-1,-1
99926009,2026-05-18 09:32:52+05:30,52981.9,0,0.0,0,0.0,0.0,53282.15,53308.4,52918.05,53710.35,0,0.0,0.0,0.0,0.0,-0.01,-1,-1,-0.01,-1,-1,-0.01,-1,-1,-0.01,-1,-1,-0.01,-1,-1,-0.01,-1,-1,-0.01,-1,-1,-0.01,-1,-1,-0.01,-1,-1,-0.01,-1,-1
99926009,2026-05-18 09:32:53+05:30,52987.3,0,0.0,0,0.0,0.0,53282.15,53308.4,52918.05,53710.35,0,0.0,0.0,0.0,0.0,-0.01,-1,-1,-0.01,-1,-1,-0.01,-1,-1,-0.01,-1,-1,-0.01,-1,-1,-0.01,-1,-1,-0.01,-1,-1,-0.01,-1,-1,-0.01,-1,-1,-0.01,-1,-1
99926009,2026-05-18 09:32:53+05:30,52986.35,0,0.0,0,0.0,0.0,53282.15,53308.4,52918.05,53710.35,0,0.0,0.0,0.0,0.0,-0.01,-1,-1,-0.01,-1,-1,-0.01,-1,-1,-0.01,-1,-1,-0.01,-1,-1,-0.01,-1,-1,-0.01,-1,-1,-0.01,-1,-1,-0.01,-1,-1,-0.01,-1,-1
99926009,2026-05-18 09:32:54+05:30,52993.25,0,0.0,0,0.0,0.0,53282.15,53308.4,52918.05,53710.35,0,0.0,0.0,0.0,0.0,-0.01,-1,-1,-0.01,-1,-1,-0.01,-1,-1,-0.01,-1,-1,-0.01,-1,-1,-0.01,-1,-1,-0.01,-1,-1,-0.01,-1,-1,-0.01,-1,-1,-0.01,-1,-1
99926009,2026-05-18 09:32:54+05:30,52991.35,0,0.0,0,0.0,0.0,53282.15,53308.4,52918.05,53710.35,0,0.0,0.0,0.0,0.0,-0.01,-1,-1,-0.01,-1,-1,-0.01,-1,-1,-0.01,-1,-1,-0.01,-1,-1,-0.01,-1,-1,-0.01,-1,-1,-0.01,-1,-1,-0.01,-1,-1,-0.01,-1,-1
99926009,2026-05-18 09:32:55+05:30,52997.05,0,0.0,0,0.0,0.0,53282.15,53308.4,52918.05,53710.35,0,0.0,0.0,0.0,0.0,-0.01,-1,-1,-0.01,-1,-1,-0.01,-1,-1,-0.01,-1,-1,-0.01,-1,-1,-0.01,-1,-1,-0.01,-1,-1,-0.01,-1,-1,-0.01,-1,-1,-0.01,-1,-1
99926009,2026-05-18 09:32:55+05:30,52997.0,0,0.0,0,0.0,0.0,53282.15,53308.4,52918.05,53710.35,0,0.0,0.0,0.0,0.0,-0.01,-1,-1,-0.01,-1,-1,-0.01,-1,-1,-0.01,-1,-1,-0.01,-1,-1,-0.01,-1,-1,-0.01,-1,-1,-0.01,-1,-1,-0.01,-1,-1,-0.01,-1,-1
99926009,2026-05-18 09:32:56+05:30,52994.65,0,0.0,0,0.0,0.0,53282.15,53308.4,52918.05,53710.35,0,0.0,0.0,0.0,0.0,-0.01,-1,-1,-0.01,-1,-1,-0.01,-1,-1,-0.01,-1,-1,-0.01,-1,-1,-0.01,-1,-1,-0.01,-1,-1,-0.01,-1,-1,-0.01,-1,-1,-0.01,-1,-1
99926009,2026-05-18 09:32:56+05:30,53000.45,0,0.0,0,0.0,0.0,53282.15,53308.4,52918.05,53710.35,0,0.0,0.0,0.0,0.0,-0.01,-1,-1,-0.01,-1,-1,-0.01,-1,-1,-0.01,-1,-1,-0.01,-1,-1,-0.01,-1,-1,-0.01,-1,-1,-0.01,-1,-1,-0.01,-1,-1,-0.01,-1,-1
99926009,2026-05-18 09:32:57+05:30,52995.4,0,0.0,0,0.0,0.0,53282.15,53308.4,52918.05,53710.35,0,0.0,0.0,0.0,0.0,-0.01,-1,-1,-0.01,-1,-1,-0.01,-1,-1,-0.01,-1,-1,-0.01,-1,-1,-0.01,-1,-1,-0.01,-1,-1,-0.01,-1,-1,-0.01,-1,-1,-0.01,-1,-1
99926009,2026-05-18 09:32:57+05:30,52999.15,0,0.0,0,0.0,0.0,53282.15,53308.4,52918.05,53710.35,0,0.0,0.0,0.0,0.0,-0.01,-1,-1,-0.01,-1,-1,-0.01,-1,-1,-0.01,-1,-1,-0.01,-1,-1,-0.01,-1,-1,-0.01,-1,-1,-0.01,-1,-1,-0.01,-1,-1,-0.01,-1,-1
99926009,2026-05-18 09:32:58+05:30,52997.85,0,0.0,0,0.0,0.0,53282.15,53308.4,52918.05,53710.35,0,0.0,0.0,0.0,0.0,-0.01,-1,-1,-0.01,-1,-1,-0.01,-1,-1,-0.01,-1,-1,-0.01,-1,-1,-0.01,-1,-1,-0.01,-1,-1,-0.01,-1,-1,-0.01,-1,-1,-0.01,-1,-1
99926009,2026-05-18 09:32:58+05:30,52998.75,0,0.0,0,0.0,0.0,53282.15,53308.4,52918.05,53710.35,0,0.0,0.0,0.0,0.0,-0.01,-1,-1,-0.01,-1,-1,-0.01,-1,-1,-0.01,-1,-1,-0.01,-1,-1,-0.01,-1,-1,-0.01,-1,-1,-0.01,-1,-1,-0.01,-1,-1,-0.01,-1,-1
99926009,2026-05-18 09:32:59+05:30,52998.75,0,0.0,0,0.0,0.0,53282.15,53308.4,52918.05,53710.35,0,0.0,0.0,0.0,0.0,-0.01,-1,-1,-0.01,-1,-1,-0.01,-1,-1,-0.01,-1,-1,-0.01,-1,-1,-0.01,-1,-1,-0.01,-1,-1,-0.01,-1,-1,-0.01,-1,-1,-0.01,-1,-1
99926009,2026-05-18 09:32:59+05:30,53003.0,0,0.0,0,0.0,0.0,53282.15,53308.4,52918.05,53710.35,0,0.0,0.0,0.0,0.0,-0.01,-1,-1,-0.01,-1,-1,-0.01,-1,-1,-0.01,-1,-1,-0.01,-1,-1,-0.01,-1,-1,-0.01,-1,-1,-0.01,-1,-1,-0.01,-1,-1,-0.01,-1,-1
99926009,2026-05-18 09:33:00+05:30,53002.0,0,0.0,0,0.0,0.0,53282.15,53308.4,52918.05,53710.35,0,0.0,0.0,0.0,0.0,-0.01,-1,-1,-0.01,-1,-1,-0.01,-1,-1,-0.01,-1,-1,-0.01,-1,-1,-0.01,-1,-1,-0.01,-1,-1,-0.01,-1,-1,-0.01,-1,-1,-0.01,-1,-1
99926009,2026-05-18 09:33:00+05:30,53001.15,0,0.0,0,0.0,0.0,53282.15,53308.4,52918.05,53710.35,0,0.0,0.0,0.0,0.0,-0.01,-1,-1,-0.01,-1,-1,-0.01,-1,-1,-0.01,-1,-1,-0.01,-1,-1,-0.01,-1,-1,-0.01,-1,-1,-0.01,-1,-1,-0.01,-1,-1,-0.01,-1,-1
99926009,2026-05-18 09:33:01+05:30,52997.85,0,0.0,0,0.0,0.0,53282.15,53308.4,52918.05,53710.35,0,0.0,0.0,0.0,0.0,-0.01,-1,-1,-0.01,-1,-1,-0.01,-1,-1,-0.01,-1,-1,-0.01,-1,-1,-0.01,-1,-1,-0.01,-1,-1,-0.01,-1,-1,-0.01,-1,-1,-0.01,-1,-1
99926009,2026-05-18 09:33:01+05:30,52999.95,0,0.0,0,0.0,0.0,53282.15,53308.4,52918.05,53710.35,0,0.0,0.0,0.0,0.0,-0.01,-1,-1,-0.01,-1,-1,-0.01,-1,-1,-0.01,-1,-1,-0.01,-1,-1,-0.01,-1,-1,-0.01,-1,-1,-0.01,-1,-1,-0.01,-1,-1,-0.01,-1,-1
99926009,2026-05-18 09:33:02+05:30,53003.2,0,0.0,0,0.0,0.0,53282.15,53308.4,52918.05,53710.35,0,0.0,0.0,0.0,0.0,-0.01,-1,-1,-0.01,-1,-1,-0.01,-1,-1,-0.01,-1,-1,-0.01,-1,-1,-0.01,-1,-1,-0.01,-1,-1,-0.01,-1,-1,-0.01,-1,-1,-0.01,-1,-1
99926009,2026-05-18 09:33:02+05:30,53006.25,0,0.0,0,0.0,0.0,53282.15,53308.4,52918.05,53710.35,0,0.0,0.0,0.0,0.0,-0.01,-1,-1,-0.01,-1,-1,-0.01,-1,-1,-0.01,-1,-1,-0.01,-1,-1,-0.01,-1,-1,-0.01,-1,-1,-0.01,-1,-1,-0.01,-1,-1,-0.01,-1,-1
99926009,2026-05-18 09:33:03+05:30,53009.3,0,0.0,0,0.0,0.0,53282.15,53308.4,52918.05,53710.35,0,0.0,0.0,0.0,0.0,-0.01,-1,-1,-0.01,-1,-1,-0.01,-1,-1,-0.01,-1,-1,-0.01,-1,-1,-0.01,-1,-1,-0.01,-1,-1,-0.01,-1,-1,-0.01,-1,-1,-0.01,-1,-1
99926009,2026-05-18 09:33:03+05:30,53009.5,0,0.0,0,0.0,0.0,53282.15,53308.4,52918.05,53710.35,0,0.0,0.0,0.0,0.0,-0.01,-1,-1,-0.01,-1,-1,-0.01,-1,-1,-0.01,-1,-1,-0.01,-1,-1,-0.01,-1,-1,-0.01,-1,-1,-0.01,-1,-1,-0.01,-1,-1,-0.01,-1,-1
99926009,2026-05-18 09:33:04+05:30,53006.1,0,0.0,0,0.0,0.0,53282.15,53308.4,52918.05,53710.35,0,0.0,0.0,0.0,0.0,-0.01,-1,-1,-0.01,-1,-1,-0.01,-1,-1,-0.01,-1,-1,-0.01,-1,-1,-0.01,-1,-1,-0.01,-1,-1,-0.01,-1,-1,-0.01,-1,-1,-0.01,-1,-1
99926009,2026-05-18 09:33:04+05:30,53011.9,0,0.0,0,0.0,0.0,53282.15,53308.4,52918.05,53710.35,0,0.0,0.0,0.0,0.0,-0.01,-1,-1,-0.01,-1,-1,-0.01,-1,-1,-0.01,-1,-1,-0.01,-1,-1,-0.01,-1,-1,-0.01,-1,-1,-0.01,-1,-1,-0.01,-1,-1,-0.01,-1,-1
99926009,2026-05-18 09:33:05+05:30,53012.15,0,0.0,0,0.0,0.0,53282.15,53308.4,52918.05,53710.35,0,0.0,0.0,0.0,0.0,-0.01,-1,-1,-0.01,-1,-1,-0.01,-1,-1,-0.01,-1,-1,-0.01,-1,-1,-0.01,-1,-1,-0.01,-1,-1,-0.01,-1,-1,-0.01,-1,-1,-0.01,-1,-1
99926009,2026-05-18 09:33:05+05:30,53018.4,0,0.0,0,0.0,0.0,53282.15,53308.4,52918.05,53710.35,0,0.0,0.0,0.0,0.0,-0.01,-1,-1,-0.01,-1,-1,-0.01,-1,-1,-0.01,-1,-1,-0.01,-1,-1,-0.01,-1,-1,-0.01,-1,-1,-0.01,-1,-1,-0.01,-1,-1,-0.01,-1,-1
99926009,2026-05-18 09:33:06+05:30,53021.45,0,0.0,0,0.0,0.0,53282.15,53308.4,52918.05,53710.35,0,0.0,0.0,0.0,0.0,-0.01,-1,-1,-0.01,-1,-1,-0.01,-1,-1,-0.01,-1,-1,-0.01,-1,-1,-0.01,-1,-1,-0.01,-1,-1,-0.01,-1,-1,-0.01,-1,-1,-0.01,-1,-1
99926009,2026-05-18 09:33:06+05:30,53017.25,0,0.0,0,0.0,0.0,53282.15,53308.4,52918.05,53710.35,0,0.0,0.0,0.0,0.0,-0.01,-1,-1,-0.01,-1,-1,-0.01,-1,-1,-0.01,-1,-1,-0.01,-1,-1,-0.01,-1,-1,-0.01,-1,-1,-0.01,-1,-1,-0.01,-1,-1,-0.01,-1,-1
99926009,2026-05-18 09:33:07+05:30,53022.05,0,0.0,0,0.0,0.0,53282.15,53308.4,52918.05,53710.35,0,0.0,0.0,0.0,0.0,-0.01,-1,-1,-0.01,-1,-1,-0.01,-1,-1,-0.01,-1,-1,-0.01,-1,-1,-0.01,-1,-1,-0.01,-1,-1,-0.01,-1,-1,-0.01,-1,-1,-0.01,-1,-1
99926009,2026-05-18 09:33:07+05:30,53021.05,0,0.0,0,0.0,0.0,53282.15,53308.4,52918.05,53710.35,0,0.0,0.0,0.0,0.0,-0.01,-1,-1,-0.01,-1,-1,-0.01,-1,-1,-0.01,-1,-1,-0.01,-1,-1,-0.01,-1,-1,-0.01,-1,-1,-0.01,-1,-1,-0.01,-1,-1,-0.01,-1,-1
99926009,2026-05-18 09:33:08+05:30,53018.8,0,0.0,0,0.0,0.0,53282.15,53308.4,52918.05,53710.35,0,0.0,0.0,0.0,0.0,-0.01,-1,-1,-0.01,-1,-1,-0.01,-1,-1,-0.01,-1,-1,-0.01,-1,-1,-0.01,-1,-1,-0.01,-1,-1,-0.01,-1,-1,-0.01,-1,-1,-0.01,-1,-1
99926009,2026-05-18 09:33:08+05:30,53018.3,0,0.0,0,0.0,0.0,53282.15,53308.4,52918.05,53710.35,0,0.0,0.0,0.0,0.0,-0.01,-1,-1,-0.01,-1,-1,-0.01,-1,-1,-0.01,-1,-1,-0.01,-1,-1,-0.01,-1,-1,-0.01,-1,-1,-0.01,-1,-1,-0.01,-1,-1,-0.01,-1,-1
99926009,2026-05-18 09:33:09+05:30,53017.85,0,0.0,0,0.0,0.0,53282.15,53308.4,52918.05,53710.35,0,0.0,0.0,0.0,0.0,-0.01,-1,-1,-0.01,-1,-1,-0.01,-1,-1,-0.01,-1,-1,-0.01,-1,-1,-0.01,-1,-1,-0.01,-1,-1,-0.01,-1,-1,-0.01,-1,-1,-0.01,-1,-1
99926009,2026-05-18 09:33:09+05:30,53019.65,0,0.0,0,0.0,0.0,53282.15,53308.4,52918.05,53710.35,0,0.0,0.0,0.0,0.0,-0.01,-1,-1,-0.01,-1,-1,-0.01,-1,-1,-0.01,-1,-1,-0.01,-1,-1,-0.01,-1,-1,-0.01,-1,-1,-0.01,-1,-1,-0.01,-1,-1,-0.01,-1,-1
99926009,2026-05-18 09:33:10+05:30,53026.25,0,0.0,0,0.0,0.0,53282.15,53308.4,52918.05,53710.35,0,0.0,0.0,0.0,0.0,-0.01,-1,-1,-0.01,-1,-1,-0.01,-1,-1,-0.01,-1,-1,-0.01,-1,-1,-0.01,-1,-1,-0.01,-1,-1,-0.01,-1,-1,-0.01,-1,-1,-0.01,-1,-1
99926009,2026-05-18 09:33:10+05:30,53032.2,0,0.0,0,0.0,0.0,53282.15,53308.4,52918.05,53710.35,0,0.0,0.0,0.0,0.0,-0.01,-1,-1,-0.01,-1,-1,-0.01,-1,-1,-0.01,-1,-1,-0.01,-1,-1,-0.01,-1,-1,-0.01,-1,-1,-0.01,-1,-1,-0.01,-1,-1,-0.01,-1,-1
99926009,2026-05-18 09:33:11+05:30,53034.1,0,0.0,0,0.0,0.0,53282.15,53308.4,52918.05,53710.35,0,0.0,0.0,0.0,0.0,-0.01,-1,-1,-0.01,-1,-1,-0.01,-1,-1,-0.01,-1,-1,-0.01,-1,-1,-0.01,-1,-1,-0.01,-1,-1,-0.01,-1,-1,-0.01,-1,-1,-0.01,-1,-1
99926009,2026-05-18 09:33:11+05:30,53037.45,0,0.0,0,0.0,0.0,53282.15,53308.4,52918.05,53710.35,0,0.0,0.0,0.0,0.0,-0.01,-1,-1,-0.01,-1,-1,-0.01,-1,-1,-0.01,-1,-1,-0.01,-1,-1,-0.01,-1,-1,-0.01,-1,-1,-0.01,-1,-1,-0.01,-1,-1,-0.01,-1,-1
99926009,2026-05-18 09:33:12+05:30,53035.8,0,0.0,0,0.0,0.0,53282.15,53308.4,52918.05,53710.35,0,0.0,0.0,0.0,0.0,-0.01,-1,-1,-0.01,-1,-1,-0.01,-1,-1,-0.01,-1,-1,-0.01,-1,-1,-0.01,-1,-1,-0.01,-1,-1,-0.01,-1,-1,-0.01,-1,-1,-0.01,-1,-1
99926009,2026-05-18 09:33:12+05:30,53039.75,0,0.0,0,0.0,0.0,53282.15,53308.4,52918.05,53710.35,0,0.0,0.0,0.0,0.0,-0.01,-1,-1,-0.01,-1,-1,-0.01,-1,-1,-0.01,-1,-1,-0.01,-1,-1,-0.01,-1,-1,-0.01,-1,-1,-0.01,-1,-1,-0.01,-1,-1,-0.01,-1,-1
99926009,2026-05-18 09:33:13+05:30,53038.05,0,0.0,0,0.0,0.0,53282.15,53308.4,52918.05,53710.35,0,0.0,0.0,0.0,0.0,-0.01,-1,-1,-0.01,-1,-1,-0.01,-1,-1,-0.01,-1,-1,-0.01,-1,-1,-0.01,-1,-1,-0.01,-1,-1,-0.01,-1,-1,-0.01,-1,-1,-0.01,-1,-1
99926009,2026-05-18 09:33:13+05:30,53036.75,0,0.0,0,0.0,0.0,53282.15,53308.4,52918.05,53710.35,0,0.0,0.0,0.0,0.0,-0.01,-1,-1,-0.01,-1,-1,-0.01,-1,-1,-0.01,-1,-1,-0.01,-1,-1,-0.01,-1,-1,-0.01,-1,-1,-0.01,-1,-1,-0.01,-1,-1,-0.01,-1,-1
99926009,2026-05-18 09:33:14+05:30,53038.45,0,0.0,0,0.0,0.0,53282.15,53308.4,52918.05,53710.35,0,0.0,0.0,0.0,0.0,-0.01,-1,-1,-0.01,-1,-1,-0.01,-1,-1,-0.01,-1,-1,-0.01,-1,-1,-0.01,-1,-1,-0.01,-1,-1,-0.01,-1,-1,-0.01,-1,-1,-0.01,-1,-1
99926009,2026-05-18 09:33:14+05:30,53041.45,0,0.0,0,0.0,0.0,53282.15,53308.4,52918.05,53710.35,0,0.0,0.0,0.0,0.0,-0.01,-1,-1,-0.01,-1,-1,-0.01,-1,-1,-0.01,-1,-1,-0.01,-1,-1,-0.01,-1,-1,-0.01,-1,-1,-0.01,-1,-1,-0.01,-1,-1,-0.01,-1,-1
99926009,2026-05-18 09:33:15+05:30,53035.0,0,0.0,0,0.0,0.0,53282.15,53308.4,52918.05,53710.35,0,0.0,0.0,0.0,0.0,-0.01,-1,-1,-0.01,-1,-1,-0.01,-1,-1,-0.01,-1,-1,-0.01,-1,-1,-0.01,-1,-1,-0.01,-1,-1,-0.01,-1,-1,-0.01,-1,-1,-0.01,-1,-1
99926009,2026-05-18 09:33:15+05:30,53036.6,0,0.0,0,0.0,0.0,53282.15,53308.4,52918.05,53710.35,0,0.0,0.0,0.0,0.0,-0.01,-1,-1,-0.01,-1,-1,-0.01,-1,-1,-0.01,-1,-1,-0.01,-1,-1,-0.01,-1,-1,-0.01,-1,-1,-0.01,-1,-1,-0.01,-1,-1,-0.01,-1,-1
99926009,2026-05-18 09:33:16+05:30,53037.9,0,0.0,0,0.0,0.0,53282.15,53308.4,52918.05,53710.35,0,0.0,0.0,0.0,0.0,-0.01,-1,-1,-0.01,-1,-1,-0.01,-1,-1,-0.01,-1,-1,-0.01,-1,-1,-0.01,-1,-1,-0.01,-1,-1,-0.01,-1,-1,-0.01,-1,-1,-0.01,-1,-1
99926009,2026-05-18 09:33:16+05:30,53039.05,0,0.0,0,0.0,0.0,53282.15,53308.4,52918.05,53710.35,0,0.0,0.0,0.0,0.0,-0.01,-1,-1,-0.01,-1,-1,-0.01,-1,-1,-0.01,-1,-1,-0.01,-1,-1,-0.01,-1,-1,-0.01,-1,-1,-0.01,-1,-1,-0.01,-1,-1,-0.01,-1,-1
99926009,2026-05-18 09:33:17+05:30,53050.1,0,0.0,0,0.0,0.0,53282.15,53308.4,52918.05,53710.35,0,0.0,0.0,0.0,0.0,-0.01,-1,-1,-0.01,-1,-1,-0.01,-1,-1,-0.01,-1,-1,-0.01,-1,-1,-0.01,-1,-1,-0.01,-1,-1,-0.01,-1,-1,-0.01,-1,-1,-0.01,-1,-1
99926009,2026-05-18 09:33:17+05:30,53041.85,0,0.0,0,0.0,0.0,53282.15,53308.4,52918.05,53710.35,0,0.0,0.0,0.0,0.0,-0.01,-1,-1,-0.01,-1,-1,-0.01,-1,-1,-0.01,-1,-1,-0.01,-1,-1,-0.01,-1,-1,-0.01,-1,-1,-0.01,-1,-1,-0.01,-1,-1,-0.01,-1,-1
99926009,2026-05-18 09:33:18+05:30,53042.15,0,0.0,0,0.0,0.0,53282.15,53308.4,52918.05,53710.35,0,0.0,0.0,0.0,0.0,-0.01,-1,-1,-0.01,-1,-1,-0.01,-1,-1,-0.01,-1,-1,-0.01,-1,-1,-0.01,-1,-1,-0.01,-1,-1,-0.01,-1,-1,-0.01,-1,-1,-0.01,-1,-1
99926009,2026-05-18 09:33:18+05:30,53045.7,0,0.0,0,0.0,0.0,53282.15,53308.4,52918.05,53710.35,0,0.0,0.0,0.0,0.0,-0.01,-1,-1,-0.01,-1,-1,-0.01,-1,-1,-0.01,-1,-1,-0.01,-1,-1,-0.01,-1,-1,-0.01,-1,-1,-0.01,-1,-1,-0.01,-1,-1,-0.01,-1,-1
99926009,2026-05-18 09:33:19+05:30,53043.35,0,0.0,0,0.0,0.0,53282.15,53308.4,52918.05,53710.35,0,0.0,0.0,0.0,0.0,-0.01,-1,-1,-0.01,-1,-1,-0.01,-1,-1,-0.01,-1,-1,-0.01,-1,-1,-0.01,-1,-1,-0.01,-1,-1,-0.01,-1,-1,-0.01,-1,-1,-0.01,-1,-1
99926009,2026-05-18 09:33:19+05:30,53036.85,0,0.0,0,0.0,0.0,53282.15,53308.4,52918.05,53710.35,0,0.0,0.0,0.0,0.0,-0.01,-1,-1,-0.01,-1,-1,-0.01,-1,-1,-0.01,-1,-1,-0.01,-1,-1,-0.01,-1,-1,-0.01,-1,-1,-0.01,-1,-1,-0.01,-1,-1,-0.01,-1,-1
99926009,2026-05-18 09:33:20+05:30,53038.1,0,0.0,0,0.0,0.0,53282.15,53308.4,52918.05,53710.35,0,0.0,0.0,0.0,0.0,-0.01,-1,-1,-0.01,-1,-1,-0.01,-1,-1,-0.01,-1,-1,-0.01,-1,-1,-0.01,-1,-1,-0.01,-1,-1,-0.01,-1,-1,-0.01,-1,-1,-0.01,-1,-1
99926009,2026-05-18 09:33:20+05:30,53043.05,0,0.0,0,0.0,0.0,53282.15,53308.4,52918.05,53710.35,0,0.0,0.0,0.0,0.0,-0.01,-1,-1,-0.01,-1,-1,-0.01,-1,-1,-0.01,-1,-1,-0.01,-1,-1,-0.01,-1,-1,-0.01,-1,-1,-0.01,-1,-1,-0.01,-1,-1,-0.01,-1,-1
99926009,2026-05-18 09:33:21+05:30,53041.35,0,0.0,0,0.0,0.0,53282.15,53308.4,52918.05,53710.35,0,0.0,0.0,0.0,0.0,-0.01,-1,-1,-0.01,-1,-1,-0.01,-1,-1,-0.01,-1,-1,-0.01,-1,-1,-0.01,-1,-1,-0.01,-1,-1,-0.01,-1,-1,-0.01,-1,-1,-0.01,-1,-1
99926009,2026-05-18 09:33:21+05:30,53044.25,0,0.0,0,0.0,0.0,53282.15,53308.4,52918.05,53710.35,0,0.0,0.0,0.0,0.0,-0.01,-1,-1,-0.01,-1,-1,-0.01,-1,-1,-0.01,-1,-1,-0.01,-1,-1,-0.01,-1,-1,-0.01,-1,-1,-0.01,-1,-1,-0.01,-1,-1,-0.01,-1,-1
99926009,2026-05-18 09:33:22+05:30,53037.0,0,0.0,0,0.0,0.0,53282.15,53308.4,52918.05,53710.35,0,0.0,0.0,0.0,0.0,-0.01,-1,-1,-0.01,-1,-1,-0.01,-1,-1,-0.01,-1,-1,-0.01,-1,-1,-0.01,-1,-1,-0.01,-1,-1,-0.01,-1,-1,-0.01,-1,-1,-0.01,-1,-1
99926009,2026-05-18 09:33:22+05:30,53042.25,0,0.0,0,0.0,0.0,53282.15,53308.4,52918.05,53710.35,0,0.0,0.0,0.0,0.0,-0.01,-1,-1,-0.01,-1,-1,-0.01,-1,-1,-0.01,-1,-1,-0.01,-1,-1,-0.01,-1,-1,-0.01,-1,-1,-0.01,-1,-1,-0.01,-1,-1,-0.01,-1,-1
99926009,2026-05-18 09:33:23+05:30,53037.8,0,0.0,0,0.0,0.0,53282.15,53308.4,52918.05,53710.35,0,0.0,0.0,0.0,0.0,-0.01,-1,-1,-0.01,-1,-1,-0.01,-1,-1,-0.01,-1,-1,-0.01,-1,-1,-0.01,-1,-1,-0.01,-1,-1,-0.01,-1,-1,-0.01,-1,-1,-0.01,-1,-1
99926009,2026-05-18 09:33:23+05:30,53031.85,0,0.0,0,0.0,0.0,53282.15,53308.4,52918.05,53710.35,0,0.0,0.0,0.0,0.0,-0.01,-1,-1,-0.01,-1,-1,-0.01,-1,-1,-0.01,-1,-1,-0.01,-1,-1,-0.01,-1,-1,-0.01,-1,-1,-0.01,-1,-1,-0.01,-1,-1,-0.01,-1,-1
99926009,2026-05-18 09:33:24+05:30,53026.85,0,0.0,0,0.0,0.0,53282.15,53308.4,52918.05,53710.35,0,0.0,0.0,0.0,0.0,-0.01,-1,-1,-0.01,-1,-1,-0.01,-1,-1,-0.01,-1,-1,-0.01,-1,-1,-0.01,-1,-1,-0.01,-1,-1,-0.01,-1,-1,-0.01,-1,-1,-0.01,-1,-1
99926009,2026-05-18 09:33:24+05:30,53029.9,0,0.0,0,0.0,0.0,53282.15,53308.4,52918.05,53710.35,0,0.0,0.0,0.0,0.0,-0.01,-1,-1,-0.01,-1,-1,-0.01,-1,-1,-0.01,-1,-1,-0.01,-1,-1,-0.01,-1,-1,-0.01,-1,-1,-0.01,-1,-1,-0.01,-1,-1,-0.01,-1,-1
99926009,2026-05-18 09:33:25+05:30,53030.8,0,0.0,0,0.0,0.0,53282.15,53308.4,52918.05,53710.35,0,0.0,0.0,0.0,0.0,-0.01,-1,-1,-0.01,-1,-1,-0.01,-1,-1,-0.01,-1,-1,-0.01,-1,-1,-0.01,-1,-1,-0.01,-1,-1,-0.01,-1,-1,-0.01,-1,-1,-0.01,-1,-1
99926009,2026-05-18 09:33:25+05:30,53032.6,0,0.0,0,0.0,0.0,53282.15,53308.4,52918.05,53710.35,0,0.0,0.0,0.0,0.0,-0.01,-1,-1,-0.01,-1,-1,-0.01,-1,-1,-0.01,-1,-1,-0.01,-1,-1,-0.01,-1,-1,-0.01,-1,-1,-0.01,-1,-1,-0.01,-1,-1,-0.01,-1,-1
99926009,2026-05-18 09:33:26+05:30,53033.95,0,0.0,0,0.0,0.0,53282.15,53308.4,52918.05,53710.35,0,0.0,0.0,0.0,0.0,-0.01,-1,-1,-0.01,-1,-1,-0.01,-1,-1,-0.01,-1,-1,-0.01,-1,-1,-0.01,-1,-1,-0.01,-1,-1,-0.01,-1,-1,-0.01,-1,-1,-0.01,-1,-1
99926009,2026-05-18 09:33:26+05:30,53033.05,0,0.0,0,0.0,0.0,53282.15,53308.4,52918.05,53710.35,0,0.0,0.0,0.0,0.0,-0.01,-1,-1,-0.01,-1,-1,-0.01,-1,-1,-0.01,-1,-1,-0.01,-1,-1,-0.01,-1,-1,-0.01,-1,-1,-0.01,-1,-1,-0.01,-1,-1,-0.01,-1,-1
99926009,2026-05-18 09:33:27+05:30,53041.0,0,0.0,0,0.0,0.0,53282.15,53308.4,52918.05,53710.35,0,0.0,0.0,0.0,0.0,-0.01,-1,-1,-0.01,-1,-1,-0.01,-1,-1,-0.01,-1,-1,-0.01,-1,-1,-0.01,-1,-1,-0.01,-1,-1,-0.01,-1,-1,-0.01,-1,-1,-0.01,-1,-1
99926009,2026-05-18 09:33:27+05:30,53040.65,0,0.0,0,0.0,0.0,53282.15,53308.4,52918.05,53710.35,0,0.0,0.0,0.0,0.0,-0.01,-1,-1,-0.01,-1,-1,-0.01,-1,-1,-0.01,-1,-1,-0.01,-1,-1,-0.01,-1,-1,-0.01,-1,-1,-0.01,-1,-1,-0.01,-1,-1,-0.01,-1,-1
99926009,2026-05-18 09:33:28+05:30,53044.7,0,0.0,0,0.0,0.0,53282.15,53308.4,52918.05,53710.35,0,0.0,0.0,0.0,0.0,-0.01,-1,-1,-0.01,-1,-1,-0.01,-1,-1,-0.01,-1,-1,-0.01,-1,-1,-0.01,-1,-1,-0.01,-1,-1,-0.01,-1,-1,-0.01,-1,-1,-0.01,-1,-1
99926009,2026-05-18 09:33:28+05:30,53046.2,0,0.0,0,0.0,0.0,53282.15,53308.4,52918.05,53710.35,0,0.0,0.0,0.0,0.0,-0.01,-1,-1,-0.01,-1,-1,-0.01,-1,-1,-0.01,-1,-1,-0.01,-1,-1,-0.01,-1,-1,-0.01,-1,-1,-0.01,-1,-1,-0.01,-1,-1,-0.01,-1,-1
99926009,2026-05-18 09:33:29+05:30,53049.8,0,0.0,0,0.0,0.0,53282.15,53308.4,52918.05,53710.35,0,0.0,0.0,0.0,0.0,-0.01,-1,-1,-0.01,-1,-1,-0.01,-1,-1,-0.01,-1,-1,-0.01,-1,-1,-0.01,-1,-1,-0.01,-1,-1,-0.01,-1,-1,-0.01,-1,-1,-0.01,-1,-1
99926009,2026-05-18 09:33:29+05:30,53044.5,0,0.0,0,0.0,0.0,53282.15,53308.4,52918.05,53710.35,0,0.0,0.0,0.0,0.0,-0.01,-1,-1,-0.01,-1,-1,-0.01,-1,-1,-0.01,-1,-1,-0.01,-1,-1,-0.01,-1,-1,-0.01,-1,-1,-0.01,-1,-1,-0.01,-1,-1,-0.01,-1,-1
99926009,2026-05-18 09:33:30+05:30,53051.8,0,0.0,0,0.0,0.0,53282.15,53308.4,52918.05,53710.35,0,0.0,0.0,0.0,0.0,-0.01,-1,-1,-0.01,-1,-1,-0.01,-1,-1,-0.01,-1,-1,-0.01,-1,-1,-0.01,-1,-1,-0.01,-1,-1,-0.01,-1,-1,-0.01,-1,-1,-0.01,-1,-1
99926009,2026-05-18 09:33:30+05:30,53051.5,0,0.0,0,0.0,0.0,53282.15,53308.4,52918.05,53710.35,0,0.0,0.0,0.0,0.0,-0.01,-1,-1,-0.01,-1,-1,-0.01,-1,-1,-0.01,-1,-1,-0.01,-1,-1,-0.01,-1,-1,-0.01,-1,-1,-0.01,-1,-1,-0.01,-1,-1,-0.01,-1,-1
99926009,2026-05-18 09:33:31+05:30,53052.4,0,0.0,0,0.0,0.0,53282.15,53308.4,52918.05,53710.35,0,0.0,0.0,0.0,0.0,-0.01,-1,-1,-0.01,-1,-1,-0.01,-1,-1,-0.01,-1,-1,-0.01,-1,-1,-0.01,-1,-1,-0.01,-1,-1,-0.01,-1,-1,-0.01,-1,-1,-0.01,-1,-1
99926009,2026-05-18 09:33:31+05:30,53050.0,0,0.0,0,0.0,0.0,53282.15,53308.4,52918.05,53710.35,0,0.0,0.0,0.0,0.0,-0.01,-1,-1,-0.01,-1,-1,-0.01,-1,-1,-0.01,-1,-1,-0.01,-1,-1,-0.01,-1,-1,-0.01,-1,-1,-0.01,-1,-1,-0.01,-1,-1,-0.01,-1,-1
99926009,2026-05-18 09:33:32+05:30,53051.1,0,0.0,0,0.0,0.0,53282.15,53308.4,52918.05,53710.35,0,0.0,0.0,0.0,0.0,-0.01,-1,-1,-0.01,-1,-1,-0.01,-1,-1,-0.01,-1,-1,-0.01,-1,-1,-0.01,-1,-1,-0.01,-1,-1,-0.01,-1,-1,-0.01,-1,-1,-0.01,-1,-1
99926009,2026-05-18 09:33:32+05:30,53046.6,0,0.0,0,0.0,0.0,53282.15,53308.4,52918.05,53710.35,0,0.0,0.0,0.0,0.0,-0.01,-1,-1,-0.01,-1,-1,-0.01,-1,-1,-0.01,-1,-1,-0.01,-1,-1,-0.01,-1,-1,-0.01,-1,-1,-0.01,-1,-1,-0.01,-1,-1,-0.01,-1,-1
99926009,2026-05-18 09:33:33+05:30,53055.1,0,0.0,0,0.0,0.0,53282.15,53308.4,52918.05,53710.35,0,0.0,0.0,0.0,0.0,-0.01,-1,-1,-0.01,-1,-1,-0.01,-1,-1,-0.01,-1,-1,-0.01,-1,-1,-0.01,-1,-1,-0.01,-1,-1,-0.01,-1,-1,-0.01,-1,-1,-0.01,-1,-1
99926009,2026-05-18 09:33:33+05:30,53058.2,0,0.0,0,0.0,0.0,53282.15,53308.4,52918.05,53710.35,0,0.0,0.0,0.0,0.0,-0.01,-1,-1,-0.01,-1,-1,-0.01,-1,-1,-0.01,-1,-1,-0.01,-1,-1,-0.01,-1,-1,-0.01,-1,-1,-0.01,-1,-1,-0.01,-1,-1,-0.01,-1,-1
99926009,2026-05-18 09:33:34+05:30,53058.25,0,0.0,0,0.0,0.0,53282.15,53308.4,52918.05,53710.35,0,0.0,0.0,0.0,0.0,-0.01,-1,-1,-0.01,-1,-1,-0.01,-1,-1,-0.01,-1,-1,-0.01,-1,-1,-0.01,-1,-1,-0.01,-1,-1,-0.01,-1,-1,-0.01,-1,-1,-0.01,-1,-1
99926009,2026-05-18 09:33:34+05:30,53057.25,0,0.0,0,0.0,0.0,53282.15,53308.4,52918.05,53710.35,0,0.0,0.0,0.0,0.0,-0.01,-1,-1,-0.01,-1,-1,-0.01,-1,-1,-0.01,-1,-1,-0.01,-1,-1,-0.01,-1,-1,-0.01,-1,-1,-0.01,-1,-1,-0.01,-1,-1,-0.01,-1,-1
99926009,2026-05-18 09:33:35+05:30,53063.0,0,0.0,0,0.0,0.0,53282.15,53308.4,52918.05,53710.35,0,0.0,0.0,0.0,0.0,-0.01,-1,-1,-0.01,-1,-1,-0.01,-1,-1,-0.01,-1,-1,-0.01,-1,-1,-0.01,-1,-1,-0.01,-1,-1,-0.01,-1,-1,-0.01,-1,-1,-0.01,-1,-1
99926009,2026-05-18 09:33:35+05:30,53066.2,0,0.0,0,0.0,0.0,53282.15,53308.4,52918.05,53710.35,0,0.0,0.0,0.0,0.0,-0.01,-1,-1,-0.01,-1,-1,-0.01,-1,-1,-0.01,-1,-1,-0.01,-1,-1,-0.01,-1,-1,-0.01,-1,-1,-0.01,-1,-1,-0.01,-1,-1,-0.01,-1,-1
99926009,2026-05-18 09:33:36+05:30,53063.75,0,0.0,0,0.0,0.0,53282.15,53308.4,52918.05,53710.35,0,0.0,0.0,0.0,0.0,-0.01,-1,-1,-0.01,-1,-1,-0.01,-1,-1,-0.01,-1,-1,-0.01,-1,-1,-0.01,-1,-1,-0.01,-1,-1,-0.01,-1,-1,-0.01,-1,-1,-0.01,-1,-1
99926009,2026-05-18 09:33:36+05:30,53062.3,0,0.0,0,0.0,0.0,53282.15,53308.4,52918.05,53710.35,0,0.0,0.0,0.0,0.0,-0.01,-1,-1,-0.01,-1,-1,-0.01,-1,-1,-0.01,-1,-1,-0.01,-1,-1,-0.01,-1,-1,-0.01,-1,-1,-0.01,-1,-1,-0.01,-1,-1,-0.01,-1,-1
99926009,2026-05-18 09:33:37+05:30,53064.3,0,0.0,0,0.0,0.0,53282.15,53308.4,52918.05,53710.35,0,0.0,0.0,0.0,0.0,-0.01,-1,-1,-0.01,-1,-1,-0.01,-1,-1,-0.01,-1,-1,-0.01,-1,-1,-0.01,-1,-1,-0.01,-1,-1,-0.01,-1,-1,-0.01,-1,-1,-0.01,-1,-1
99926009,2026-05-18 09:33:37+05:30,53066.35,0,0.0,0,0.0,0.0,53282.15,53308.4,52918.05,53710.35,0,0.0,0.0,0.0,0.0,-0.01,-1,-1,-0.01,-1,-1,-0.01,-1,-1,-0.01,-1,-1,-0.01,-1,-1,-0.01,-1,-1,-0.01,-1,-1,-0.01,-1,-1,-0.01,-1,-1,-0.01,-1,-1
99926009,2026-05-18 09:33:38+05:30,53063.3,0,0.0,0,0.0,0.0,53282.15,53308.4,52918.05,53710.35,0,0.0,0.0,0.0,0.0,-0.01,-1,-1,-0.01,-1,-1,-0.01,-1,-1,-0.01,-1,-1,-0.01,-1,-1,-0.01,-1,-1,-0.01,-1,-1,-0.01,-1,-1,-0.01,-1,-1,-0.01,-1,-1
99926009,2026-05-18 09:33:38+05:30,53062.9,0,0.0,0,0.0,0.0,53282.15,53308.4,52918.05,53710.35,0,0.0,0.0,0.0,0.0,-0.01,-1,-1,-0.01,-1,-1,-0.01,-1,-1,-0.01,-1,-1,-0.01,-1,-1,-0.01,-1,-1,-0.01,-1,-1,-0.01,-1,-1,-0.01,-1,-1,-0.01,-1,-1
99926009,2026-05-18 09:33:39+05:30,53061.75,0,0.0,0,0.0,0.0,53282.15,53308.4,52918.05,53710.35,0,0.0,0.0,0.0,0.0,-0.01,-1,-1,-0.01,-1,-1,-0.01,-1,-1,-0.01,-1,-1,-0.01,-1,-1,-0.01,-1,-1,-0.01,-1,-1,-0.01,-1,-1,-0.01,-1,-1,-0.01,-1,-1
99926009,2026-05-18 09:33:39+05:30,53058.8,0,0.0,0,0.0,0.0,53282.15,53308.4,52918.05,53710.35,0,0.0,0.0,0.0,0.0,-0.01,-1,-1,-0.01,-1,-1,-0.01,-1,-1,-0.01,-1,-1,-0.01,-1,-1,-0.01,-1,-1,-0.01,-1,-1,-0.01,-1,-1,-0.01,-1,-1,-0.01,-1,-1
99926009,2026-05-18 09:33:40+05:30,53061.6,0,0.0,0,0.0,0.0,53282.15,53308.4,52918.05,53710.35,0,0.0,0.0,0.0,0.0,-0.01,-1,-1,-0.01,-1,-1,-0.01,-1,-1,-0.01,-1,-1,-0.01,-1,-1,-0.01,-1,-1,-0.01,-1,-1,-0.01,-1,-1,-0.01,-1,-1,-0.01,-1,-1
99926009,2026-05-18 09:33:40+05:30,53061.4,0,0.0,0,0.0,0.0,53282.15,53308.4,52918.05,53710.35,0,0.0,0.0,0.0,0.0,-0.01,-1,-1,-0.01,-1,-1,-0.01,-1,-1,-0.01,-1,-1,-0.01,-1,-1,-0.01,-1,-1,-0.01,-1,-1,-0.01,-1,-1,-0.01,-1,-1,-0.01,-1,-1
99926009,2026-05-18 09:33:41+05:30,53062.95,0,0.0,0,0.0,0.0,53282.15,53308.4,52918.05,53710.35,0,0.0,0.0,0.0,0.0,-0.01,-1,-1,-0.01,-1,-1,-0.01,-1,-1,-0.01,-1,-1,-0.01,-1,-1,-0.01,-1,-1,-0.01,-1,-1,-0.01,-1,-1,-0.01,-1,-1,-0.01,-1,-1
99926009,2026-05-18 09:33:41+05:30,53062.95,0,0.0,0,0.0,0.0,53282.15,53308.4,52918.05,53710.35,0,0.0,0.0,0.0,0.0,-0.01,-1,-1,-0.01,-1,-1,-0.01,-1,-1,-0.01,-1,-1,-0.01,-1,-1,-0.01,-1,-1,-0.01,-1,-1,-0.01,-1,-1,-0.01,-1,-1,-0.01,-1,-1
99926009,2026-05-18 09:33:42+05:30,53068.25,0,0.0,0,0.0,0.0,53282.15,53308.4,52918.05,53710.35,0,0.0,0.0,0.0,0.0,-0.01,-1,-1,-0.01,-1,-1,-0.01,-1,-1,-0.01,-1,-1,-0.01,-1,-1,-0.01,-1,-1,-0.01,-1,-1,-0.01,-1,-1,-0.01,-1,-1,-0.01,-1,-1
99926009,2026-05-18 09:33:42+05:30,53065.95,0,0.0,0,0.0,0.0,53282.15,53308.4,52918.05,53710.35,0,0.0,0.0,0.0,0.0,-0.01,-1,-1,-0.01,-1,-1,-0.01,-1,-1,-0.01,-1,-1,-0.01,-1,-1,-0.01,-1,-1,-0.01,-1,-1,-0.01,-1,-1,-0.01,-1,-1,-0.01,-1,-1
99926009,2026-05-18 09:33:43+05:30,53063.65,0,0.0,0,0.0,0.0,53282.15,53308.4,52918.05,53710.35,0,0.0,0.0,0.0,0.0,-0.01,-1,-1,-0.01,-1,-1,-0.01,-1,-1,-0.01,-1,-1,-0.01,-1,-1,-0.01,-1,-1,-0.01,-1,-1,-0.01,-1,-1,-0.01,-1,-1,-0.01,-1,-1
99926009,2026-05-18 09:33:43+05:30,53066.55,0,0.0,0,0.0,0.0,53282.15,53308.4,52918.05,53710.35,0,0.0,0.0,0.0,0.0,-0.01,-1,-1,-0.01,-1,-1,-0.01,-1,-1,-0.01,-1,-1,-0.01,-1,-1,-0.01,-1,-1,-0.01,-1,-1,-0.01,-1,-1,-0.01,-1,-1,-0.01,-1,-1
99926009,2026-05-18 09:33:44+05:30,53063.85,0,0.0,0,0.0,0.0,53282.15,53308.4,52918.05,53710.35,0,0.0,0.0,0.0,0.0,-0.01,-1,-1,-0.01,-1,-1,-0.01,-1,-1,-0.01,-1,-1,-0.01,-1,-1,-0.01,-1,-1,-0.01,-1,-1,-0.01,-1,-1,-0.01,-1,-1,-0.01,-1,-1
99926009,2026-05-18 09:33:44+05:30,53059.6,0,0.0,0,0.0,0.0,53282.15,53308.4,52918.05,53710.35,0,0.0,0.0,0.0,0.0,-0.01,-1,-1,-0.01,-1,-1,-0.01,-1,-1,-0.01,-1,-1,-0.01,-1,-1,-0.01,-1,-1,-0.01,-1,-1,-0.01,-1,-1,-0.01,-1,-1,-0.01,-1,-1
99926009,2026-05-18 09:33:45+05:30,53059.05,0,0.0,0,0.0,0.0,53282.15,53308.4,52918.05,53710.35,0,0.0,0.0,0.0,0.0,-0.01,-1,-1,-0.01,-1,-1,-0.01,-1,-1,-0.01,-1,-1,-0.01,-1,-1,-0.01,-1,-1,-0.01,-1,-1,-0.01,-1,-1,-0.01,-1,-1,-0.01,-1,-1
99926009,2026-05-18 09:33:45+05:30,53062.5,0,0.0,0,0.0,0.0,53282.15,53308.4,52918.05,53710.35,0,0.0,0.0,0.0,0.0,-0.01,-1,-1,-0.01,-1,-1,-0.01,-1,-1,-0.01,-1,-1,-0.01,-1,-1,-0.01,-1,-1,-0.01,-1,-1,-0.01,-1,-1,-0.01,-1,-1,-0.01,-1,-1
99926009,2026-05-18 09:33:46+05:30,53063.1,0,0.0,0,0.0,0.0,53282.15,53308.4,52918.05,53710.35,0,0.0,0.0,0.0,0.0,-0.01,-1,-1,-0.01,-1,-1,-0.01,-1,-1,-0.01,-1,-1,-0.01,-1,-1,-0.01,-1,-1,-0.01,-1,-1,-0.01,-1,-1,-0.01,-1,-1,-0.01,-1,-1
99926009,2026-05-18 09:33:46+05:30,53062.4,0,0.0,0,0.0,0.0,53282.15,53308.4,52918.05,53710.35,0,0.0,0.0,0.0,0.0,-0.01,-1,-1,-0.01,-1,-1,-0.01,-1,-1,-0.01,-1,-1,-0.01,-1,-1,-0.01,-1,-1,-0.01,-1,-1,-0.01,-1,-1,-0.01,-1,-1,-0.01,-1,-1
99926009,2026-05-18 09:33:47+05:30,53059.45,0,0.0,0,0.0,0.0,53282.15,53308.4,52918.05,53710.35,0,0.0,0.0,0.0,0.0,-0.01,-1,-1,-0.01,-1,-1,-0.01,-1,-1,-0.01,-1,-1,-0.01,-1,-1,-0.01,-1,-1,-0.01,-1,-1,-0.01,-1,-1,-0.01,-1,-1,-0.01,-1,-1
99926009,2026-05-18 09:33:47+05:30,53062.2,0,0.0,0,0.0,0.0,53282.15,53308.4,52918.05,53710.35,0,0.0,0.0,0.0,0.0,-0.01,-1,-1,-0.01,-1,-1,-0.01,-1,-1,-0.01,-1,-1,-0.01,-1,-1,-0.01,-1,-1,-0.01,-1,-1,-0.01,-1,-1,-0.01,-1,-1,-0.01,-1,-1
99926009,2026-05-18 09:33:48+05:30,53061.75,0,0.0,0,0.0,0.0,53282.15,53308.4,52918.05,53710.35,0,0.0,0.0,0.0,0.0,-0.01,-1,-1,-0.01,-1,-1,-0.01,-1,-1,-0.01,-1,-1,-0.01,-1,-1,-0.01,-1,-1,-0.01,-1,-1,-0.01,-1,-1,-0.01,-1,-1,-0.01,-1,-1
99926009,2026-05-18 09:33:48+05:30,53060.0,0,0.0,0,0.0,0.0,53282.15,53308.4,52918.05,53710.35,0,0.0,0.0,0.0,0.0,-0.01,-1,-1,-0.01,-1,-1,-0.01,-1,-1,-0.01,-1,-1,-0.01,-1,-1,-0.01,-1,-1,-0.01,-1,-1,-0.01,-1,-1,-0.01,-1,-1,-0.01,-1,-1
99926009,2026-05-18 09:33:49+05:30,53058.6,0,0.0,0,0.0,0.0,53282.15,53308.4,52918.05,53710.35,0,0.0,0.0,0.0,0.0,-0.01,-1,-1,-0.01,-1,-1,-0.01,-1,-1,-0.01,-1,-1,-0.01,-1,-1,-0.01,-1,-1,-0.01,-1,-1,-0.01,-1,-1,-0.01,-1,-1,-0.01,-1,-1
99926009,2026-05-18 09:33:49+05:30,53060.15,0,0.0,0,0.0,0.0,53282.15,53308.4,52918.05,53710.35,0,0.0,0.0,0.0,0.0,-0.01,-1,-1,-0.01,-1,-1,-0.01,-1,-1,-0.01,-1,-1,-0.01,-1,-1,-0.01,-1,-1,-0.01,-1,-1,-0.01,-1,-1,-0.01,-1,-1,-0.01,-1,-1
99926009,2026-05-18 09:33:50+05:30,53058.85,0,0.0,0,0.0,0.0,53282.15,53308.4,52918.05,53710.35,0,0.0,0.0,0.0,0.0,-0.01,-1,-1,-0.01,-1,-1,-0.01,-1,-1,-0.01,-1,-1,-0.01,-1,-1,-0.01,-1,-1,-0.01,-1,-1,-0.01,-1,-1,-0.01,-1,-1,-0.01,-1,-1
99926009,2026-05-18 09:33:50+05:30,53058.9,0,0.0,0,0.0,0.0,53282.15,53308.4,52918.05,53710.35,0,0.0,0.0,0.0,0.0,-0.01,-1,-1,-0.01,-1,-1,-0.01,-1,-1,-0.01,-1,-1,-0.01,-1,-1,-0.01,-1,-1,-0.01,-1,-1,-0.01,-1,-1,-0.01,-1,-1,-0.01,-1,-1
99926009,2026-05-18 09:33:51+05:30,53054.9,0,0.0,0,0.0,0.0,53282.15,53308.4,52918.05,53710.35,0,0.0,0.0,0.0,0.0,-0.01,-1,-1,-0.01,-1,-1,-0.01,-1,-1,-0.01,-1,-1,-0.01,-1,-1,-0.01,-1,-1,-0.01,-1,-1,-0.01,-1,-1,-0.01,-1,-1,-0.01,-1,-1
99926009,2026-05-18 09:33:51+05:30,53055.35,0,0.0,0,0.0,0.0,53282.15,53308.4,52918.05,53710.35,0,0.0,0.0,0.0,0.0,-0.01,-1,-1,-0.01,-1,-1,-0.01,-1,-1,-0.01,-1,-1,-0.01,-1,-1,-0.01,-1,-1,-0.01,-1,-1,-0.01,-1,-1,-0.01,-1,-1,-0.01,-1,-1
99926009,2026-05-18 09:33:52+05:30,53051.0,0,0.0,0,0.0,0.0,53282.15,53308.4,52918.05,53710.35,0,0.0,0.0,0.0,0.0,-0.01,-1,-1,-0.01,-1,-1,-0.01,-1,-1,-0.01,-1,-1,-0.01,-1,-1,-0.01,-1,-1,-0.01,-1,-1,-0.01,-1,-1,-0.01,-1,-1,-0.01,-1,-1
99926009,2026-05-18 09:33:52+05:30,53051.45,0,0.0,0,0.0,0.0,53282.15,53308.4,52918.05,53710.35,0,0.0,0.0,0.0,0.0,-0.01,-1,-1,-0.01,-1,-1,-0.01,-1,-1,-0.01,-1,-1,-0.01,-1,-1,-0.01,-1,-1,-0.01,-1,-1,-0.01,-1,-1,-0.01,-1,-1,-0.01,-1,-1
99926009,2026-05-18 09:33:53+05:30,53052.15,0,0.0,0,0.0,0.0,53282.15,53308.4,52918.05,53710.35,0,0.0,0.0,0.0,0.0,-0.01,-1,-1,-0.01,-1,-1,-0.01,-1,-1,-0.01,-1,-1,-0.01,-1,-1,-0.01,-1,-1,-0.01,-1,-1,-0.01,-1,-1,-0.01,-1,-1,-0.01,-1,-1
99926009,2026-05-18 09:33:53+05:30,53051.5,0,0.0,0,0.0,0.0,53282.15,53308.4,52918.05,53710.35,0,0.0,0.0,0.0,0.0,-0.01,-1,-1,-0.01,-1,-1,-0.01,-1,-1,-0.01,-1,-1,-0.01,-1,-1,-0.01,-1,-1,-0.01,-1,-1,-0.01,-1,-1,-0.01,-1,-1,-0.01,-1,-1
99926009,2026-05-18 09:33:54+05:30,53053.65,0,0.0,0,0.0,0.0,53282.15,53308.4,52918.05,53710.35,0,0.0,0.0,0.0,0.0,-0.01,-1,-1,-0.01,-1,-1,-0.01,-1,-1,-0.01,-1,-1,-0.01,-1,-1,-0.01,-1,-1,-0.01,-1,-1,-0.01,-1,-1,-0.01,-1,-1,-0.01,-1,-1
99926009,2026-05-18 09:33:54+05:30,53056.8,0,0.0,0,0.0,0.0,53282.15,53308.4,52918.05,53710.35,0,0.0,0.0,0.0,0.0,-0.01,-1,-1,-0.01,-1,-1,-0.01,-1,-1,-0.01,-1,-1,-0.01,-1,-1,-0.01,-1,-1,-0.01,-1,-1,-0.01,-1,-1,-0.01,-1,-1,-0.01,-1,-1
99926009,2026-05-18 09:33:55+05:30,53052.95,0,0.0,0,0.0,0.0,53282.15,53308.4,52918.05,53710.35,0,0.0,0.0,0.0,0.0,-0.01,-1,-1,-0.01,-1,-1,-0.01,-1,-1,-0.01,-1,-1,-0.01,-1,-1,-0.01,-1,-1,-0.01,-1,-1,-0.01,-1,-1,-0.01,-1,-1,-0.01,-1,-1
99926009,2026-05-18 09:33:55+05:30,53057.6,0,0.0,0,0.0,0.0,53282.15,53308.4,52918.05,53710.35,0,0.0,0.0,0.0,0.0,-0.01,-1,-1,-0.01,-1,-1,-0.01,-1,-1,-0.01,-1,-1,-0.01,-1,-1,-0.01,-1,-1,-0.01,-1,-1,-0.01,-1,-1,-0.01,-1,-1,-0.01,-1,-1
99926009,2026-05-18 09:33:56+05:30,53055.2,0,0.0,0,0.0,0.0,53282.15,53308.4,52918.05,53710.35,0,0.0,0.0,0.0,0.0,-0.01,-1,-1,-0.01,-1,-1,-0.01,-1,-1,-0.01,-1,-1,-0.01,-1,-1,-0.01,-1,-1,-0.01,-1,-1,-0.01,-1,-1,-0.01,-1,-1,-0.01,-1,-1
99926009,2026-05-18 09:33:56+05:30,53049.25,0,0.0,0,0.0,0.0,53282.15,53308.4,52918.05,53710.35,0,0.0,0.0,0.0,0.0,-0.01,-1,-1,-0.01,-1,-1,-0.01,-1,-1,-0.01,-1,-1,-0.01,-1,-1,-0.01,-1,-1,-0.01,-1,-1,-0.01,-1,-1,-0.01,-1,-1,-0.01,-1,-1
99926009,2026-05-18 09:33:57+05:30,53042.1,0,0.0,0,0.0,0.0,53282.15,53308.4,52918.05,53710.35,0,0.0,0.0,0.0,0.0,-0.01,-1,-1,-0.01,-1,-1,-0.01,-1,-1,-0.01,-1,-1,-0.01,-1,-1,-0.01,-1,-1,-0.01,-1,-1,-0.01,-1,-1,-0.01,-1,-1,-0.01,-1,-1
99926009,2026-05-18 09:33:57+05:30,53045.05,0,0.0,0,0.0,0.0,53282.15,53308.4,52918.05,53710.35,0,0.0,0.0,0.0,0.0,-0.01,-1,-1,-0.01,-1,-1,-0.01,-1,-1,-0.01,-1,-1,-0.01,-1,-1,-0.01,-1,-1,-0.01,-1,-1,-0.01,-1,-1,-0.01,-1,-1,-0.01,-1,-1
99926009,2026-05-18 09:33:58+05:30,53048.7,0,0.0,0,0.0,0.0,53282.15,53308.4,52918.05,53710.35,0,0.0,0.0,0.0,0.0,-0.01,-1,-1,-0.01,-1,-1,-0.01,-1,-1,-0.01,-1,-1,-0.01,-1,-1,-0.01,-1,-1,-0.01,-1,-1,-0.01,-1,-1,-0.01,-1,-1,-0.01,-1,-1
99926009,2026-05-18 09:33:58+05:30,53047.4,0,0.0,0,0.0,0.0,53282.15,53308.4,52918.05,53710.35,0,0.0,0.0,0.0,0.0,-0.01,-1,-1,-0.01,-1,-1,-0.01,-1,-1,-0.01,-1,-1,-0.01,-1,-1,-0.01,-1,-1,-0.01,-1,-1,-0.01,-1,-1,-0.01,-1,-1,-0.01,-1,-1
99926009,2026-05-18 09:33:59+05:30,53050.75,0,0.0,0,0.0,0.0,53282.15,53308.4,52918.05,53710.35,0,0.0,0.0,0.0,0.0,-0.01,-1,-1,-0.01,-1,-1,-0.01,-1,-1,-0.01,-1,-1,-0.01,-1,-1,-0.01,-1,-1,-0.01,-1,-1,-0.01,-1,-1,-0.01,-1,-1,-0.01,-1,-1
99926009,2026-05-18 09:33:59+05:30,53047.65,0,0.0,0,0.0,0.0,53282.15,53308.4,52918.05,53710.35,0,0.0,0.0,0.0,0.0,-0.01,-1,-1,-0.01,-1,-1,-0.01,-1,-1,-0.01,-1,-1,-0.01,-1,-1,-0.01,-1,-1,-0.01,-1,-1,-0.01,-1,-1,-0.01,-1,-1,-0.01,-1,-1
99926009,2026-05-18 09:34:00+05:30,53045.55,0,0.0,0,0.0,0.0,53282.15,53308.4,52918.05,53710.35,0,0.0,0.0,0.0,0.0,-0.01,-1,-1,-0.01,-1,-1,-0.01,-1,-1,-0.01,-1,-1,-0.01,-1,-1,-0.01,-1,-1,-0.01,-1,-1,-0.01,-1,-1,-0.01,-1,-1,-0.01,-1,-1
99926009,2026-05-18 09:34:00+05:30,53044.5,0,0.0,0,0.0,0.0,53282.15,53308.4,52918.05,53710.35,0,0.0,0.0,0.0,0.0,-0.01,-1,-1,-0.01,-1,-1,-0.01,-1,-1,-0.01,-1,-1,-0.01,-1,-1,-0.01,-1,-1,-0.01,-1,-1,-0.01,-1,-1,-0.01,-1,-1,-0.01,-1,-1
99926009,2026-05-18 09:34:01+05:30,53037.95,0,0.0,0,0.0,0.0,53282.15,53308.4,52918.05,53710.35,0,0.0,0.0,0.0,0.0,-0.01,-1,-1,-0.01,-1,-1,-0.01,-1,-1,-0.01,-1,-1,-0.01,-1,-1,-0.01,-1,-1,-0.01,-1,-1,-0.01,-1,-1,-0.01,-1,-1,-0.01,-1,-1
99926009,2026-05-18 09:34:01+05:30,53034.3,0,0.0,0,0.0,0.0,53282.15,53308.4,52918.05,53710.35,0,0.0,0.0,0.0,0.0,-0.01,-1,-1,-0.01,-1,-1,-0.01,-1,-1,-0.01,-1,-1,-0.01,-1,-1,-0.01,-1,-1,-0.01,-1,-1,-0.01,-1,-1,-0.01,-1,-1,-0.01,-1,-1
99926009,2026-05-18 09:34:02+05:30,53036.2,0,0.0,0,0.0,0.0,53282.15,53308.4,52918.05,53710.35,0,0.0,0.0,0.0,0.0,-0.01,-1,-1,-0.01,-1,-1,-0.01,-1,-1,-0.01,-1,-1,-0.01,-1,-1,-0.01,-1,-1,-0.01,-1,-1,-0.01,-1,-1,-0.01,-1,-1,-0.01,-1,-1
99926009,2026-05-18 09:34:02+05:30,53035.9,0,0.0,0,0.0,0.0,53282.15,53308.4,52918.05,53710.35,0,0.0,0.0,0.0,0.0,-0.01,-1,-1,-0.01,-1,-1,-0.01,-1,-1,-0.01,-1,-1,-0.01,-1,-1,-0.01,-1,-1,-0.01,-1,-1,-0.01,-1,-1,-0.01,-1,-1,-0.01,-1,-1
99926009,2026-05-18 09:34:03+05:30,53031.9,0,0.0,0,0.0,0.0,53282.15,53308.4,52918.05,53710.35,0,0.0,0.0,0.0,0.0,-0.01,-1,-1,-0.01,-1,-1,-0.01,-1,-1,-0.01,-1,-1,-0.01,-1,-1,-0.01,-1,-1,-0.01,-1,-1,-0.01,-1,-1,-0.01,-1,-1,-0.01,-1,-1
99926009,2026-05-18 09:34:03+05:30,53034.85,0,0.0,0,0.0,0.0,53282.15,53308.4,52918.05,53710.35,0,0.0,0.0,0.0,0.0,-0.01,-1,-1,-0.01,-1,-1,-0.01,-1,-1,-0.01,-1,-1,-0.01,-1,-1,-0.01,-1,-1,-0.01,-1,-1,-0.01,-1,-1,-0.01,-1,-1,-0.01,-1,-1
99926009,2026-05-18 09:34:04+05:30,53030.55,0,0.0,0,0.0,0.0,53282.15,53308.4,52918.05,53710.35,0,0.0,0.0,0.0,0.0,-0.01,-1,-1,-0.01,-1,-1,-0.01,-1,-1,-0.01,-1,-1,-0.01,-1,-1,-0.01,-1,-1,-0.01,-1,-1,-0.01,-1,-1,-0.01,-1,-1,-0.01,-1,-1
99926009,2026-05-18 09:34:04+05:30,53031.45,0,0.0,0,0.0,0.0,53282.15,53308.4,52918.05,53710.35,0,0.0,0.0,0.0,0.0,-0.01,-1,-1,-0.01,-1,-1,-0.01,-1,-1,-0.01,-1,-1,-0.01,-1,-1,-0.01,-1,-1,-0.01,-1,-1,-0.01,-1,-1,-0.01,-1,-1,-0.01,-1,-1
99926009,2026-05-18 09:34:05+05:30,53025.45,0,0.0,0,0.0,0.0,53282.15,53308.4,52918.05,53710.35,0,0.0,0.0,0.0,0.0,-0.01,-1,-1,-0.01,-1,-1,-0.01,-1,-1,-0.01,-1,-1,-0.01,-1,-1,-0.01,-1,-1,-0.01,-1,-1,-0.01,-1,-1,-0.01,-1,-1,-0.01,-1,-1
99926009,2026-05-18 09:34:05+05:30,53024.35,0,0.0,0,0.0,0.0,53282.15,53308.4,52918.05,53710.35,0,0.0,0.0,0.0,0.0,-0.01,-1,-1,-0.01,-1,-1,-0.01,-1,-1,-0.01,-1,-1,-0.01,-1,-1,-0.01,-1,-1,-0.01,-1,-1,-0.01,-1,-1,-0.01,-1,-1,-0.01,-1,-1
99926009,2026-05-18 09:34:06+05:30,53026.6,0,0.0,0,0.0,0.0,53282.15,53308.4,52918.05,53710.35,0,0.0,0.0,0.0,0.0,-0.01,-1,-1,-0.01,-1,-1,-0.01,-1,-1,-0.01,-1,-1,-0.01,-1,-1,-0.01,-1,-1,-0.01,-1,-1,-0.01,-1,-1,-0.01,-1,-1,-0.01,-1,-1
99926009,2026-05-18 09:34:06+05:30,53024.7,0,0.0,0,0.0,0.0,53282.15,53308.4,52918.05,53710.35,0,0.0,0.0,0.0,0.0,-0.01,-1,-1,-0.01,-1,-1,-0.01,-1,-1,-0.01,-1,-1,-0.01,-1,-1,-0.01,-1,-1,-0.01,-1,-1,-0.01,-1,-1,-0.01,-1,-1,-0.01,-1,-1
99926009,2026-05-18 09:34:07+05:30,53021.7,0,0.0,0,0.0,0.0,53282.15,53308.4,52918.05,53710.35,0,0.0,0.0,0.0,0.0,-0.01,-1,-1,-0.01,-1,-1,-0.01,-1,-1,-0.01,-1,-1,-0.01,-1,-1,-0.01,-1,-1,-0.01,-1,-1,-0.01,-1,-1,-0.01,-1,-1,-0.01,-1,-1
99926009,2026-05-18 09:34:07+05:30,53024.5,0,0.0,0,0.0,0.0,53282.15,53308.4,52918.05,53710.35,0,0.0,0.0,0.0,0.0,-0.01,-1,-1,-0.01,-1,-1,-0.01,-1,-1,-0.01,-1,-1,-0.01,-1,-1,-0.01,-1,-1,-0.01,-1,-1,-0.01,-1,-1,-0.01,-1,-1,-0.01,-1,-1
99926009,2026-05-18 09:34:08+05:30,53026.85,0,0.0,0,0.0,0.0,53282.15,53308.4,52918.05,53710.35,0,0.0,0.0,0.0,0.0,-0.01,-1,-1,-0.01,-1,-1,-0.01,-1,-1,-0.01,-1,-1,-0.01,-1,-1,-0.01,-1,-1,-0.01,-1,-1,-0.01,-1,-1,-0.01,-1,-1,-0.01,-1,-1
99926009,2026-05-18 09:34:08+05:30,53024.7,0,0.0,0,0.0,0.0,53282.15,53308.4,52918.05,53710.35,0,0.0,0.0,0.0,0.0,-0.01,-1,-1,-0.01,-1,-1,-0.01,-1,-1,-0.01,-1,-1,-0.01,-1,-1,-0.01,-1,-1,-0.01,-1,-1,-0.01,-1,-1,-0.01,-1,-1,-0.01,-1,-1
99926009,2026-05-18 09:34:09+05:30,53023.2,0,0.0,0,0.0,0.0,53282.15,53308.4,52918.05,53710.35,0,0.0,0.0,0.0,0.0,-0.01,-1,-1,-0.01,-1,-1,-0.01,-1,-1,-0.01,-1,-1,-0.01,-1,-1,-0.01,-1,-1,-0.01,-1,-1,-0.01,-1,-1,-0.01,-1,-1,-0.01,-1,-1
99926009,2026-05-18 09:34:09+05:30,53018.65,0,0.0,0,0.0,0.0,53282.15,53308.4,52918.05,53710.35,0,0.0,0.0,0.0,0.0,-0.01,-1,-1,-0.01,-1,-1,-0.01,-1,-1,-0.01,-1,-1,-0.01,-1,-1,-0.01,-1,-1,-0.01,-1,-1,-0.01,-1,-1,-0.01,-1,-1,-0.01,-1,-1
99926009,2026-05-18 09:34:10+05:30,53019.5,0,0.0,0,0.0,0.0,53282.15,53308.4,52918.05,53710.35,0,0.0,0.0,0.0,0.0,-0.01,-1,-1,-0.01,-1,-1,-0.01,-1,-1,-0.01,-1,-1,-0.01,-1,-1,-0.01,-1,-1,-0.01,-1,-1,-0.01,-1,-1,-0.01,-1,-1,-0.01,-1,-1
99926009,2026-05-18 09:34:10+05:30,53025.0,0,0.0,0,0.0,0.0,53282.15,53308.4,52918.05,53710.35,0,0.0,0.0,0.0,0.0,-0.01,-1,-1,-0.01,-1,-1,-0.01,-1,-1,-0.01,-1,-1,-0.01,-1,-1,-0.01,-1,-1,-0.01,-1,-1,-0.01,-1,-1,-0.01,-1,-1,-0.01,-1,-1
99926009,2026-05-18 09:34:11+05:30,53023.1,0,0.0,0,0.0,0.0,53282.15,53308.4,52918.05,53710.35,0,0.0,0.0,0.0,0.0,-0.01,-1,-1,-0.01,-1,-1,-0.01,-1,-1,-0.01,-1,-1,-0.01,-1,-1,-0.01,-1,-1,-0.01,-1,-1,-0.01,-1,-1,-0.01,-1,-1,-0.01,-1,-1
99926009,2026-05-18 09:34:11+05:30,53024.55,0,0.0,0,0.0,0.0,53282.15,53308.4,52918.05,53710.35,0,0.0,0.0,0.0,0.0,-0.01,-1,-1,-0.01,-1,-1,-0.01,-1,-1,-0.01,-1,-1,-0.01,-1,-1,-0.01,-1,-1,-0.01,-1,-1,-0.01,-1,-1,-0.01,-1,-1,-0.01,-1,-1
99926009,2026-05-18 09:34:12+05:30,53025.05,0,0.0,0,0.0,0.0,53282.15,53308.4,52918.05,53710.35,0,0.0,0.0,0.0,0.0,-0.01,-1,-1,-0.01,-1,-1,-0.01,-1,-1,-0.01,-1,-1,-0.01,-1,-1,-0.01,-1,-1,-0.01,-1,-1,-0.01,-1,-1,-0.01,-1,-1,-0.01,-1,-1
99926009,2026-05-18 09:34:12+05:30,53024.4,0,0.0,0,0.0,0.0,53282.15,53308.4,52918.05,53710.35,0,0.0,0.0,0.0,0.0,-0.01,-1,-1,-0.01,-1,-1,-0.01,-1,-1,-0.01,-1,-1,-0.01,-1,-1,-0.01,-1,-1,-0.01,-1,-1,-0.01,-1,-1,-0.01,-1,-1,-0.01,-1,-1
99926009,2026-05-18 09:34:13+05:30,53019.8,0,0.0,0,0.0,0.0,53282.15,53308.4,52918.05,53710.35,0,0.0,0.0,0.0,0.0,-0.01,-1,-1,-0.01,-1,-1,-0.01,-1,-1,-0.01,-1,-1,-0.01,-1,-1,-0.01,-1,-1,-0.01,-1,-1,-0.01,-1,-1,-0.01,-1,-1,-0.01,-1,-1
99926009,2026-05-18 09:34:13+05:30,53017.7,0,0.0,0,0.0,0.0,53282.15,53308.4,52918.05,53710.35,0,0.0,0.0,0.0,0.0,-0.01,-1,-1,-0.01,-1,-1,-0.01,-1,-1,-0.01,-1,-1,-0.01,-1,-1,-0.01,-1,-1,-0.01,-1,-1,-0.01,-1,-1,-0.01,-1,-1,-0.01,-1,-1
99926009,2026-05-18 09:34:14+05:30,53014.4,0,0.0,0,0.0,0.0,53282.15,53308.4,52918.05,53710.35,0,0.0,0.0,0.0,0.0,-0.01,-1,-1,-0.01,-1,-1,-0.01,-1,-1,-0.01,-1,-1,-0.01,-1,-1,-0.01,-1,-1,-0.01,-1,-1,-0.01,-1,-1,-0.01,-1,-1,-0.01,-1,-1
99926009,2026-05-18 09:34:14+05:30,53015.15,0,0.0,0,0.0,0.0,53282.15,53308.4,52918.05,53710.35,0,0.0,0.0,0.0,0.0,-0.01,-1,-1,-0.01,-1,-1,-0.01,-1,-1,-0.01,-1,-1,-0.01,-1,-1,-0.01,-1,-1,-0.01,-1,-1,-0.01,-1,-1,-0.01,-1,-1,-0.01,-1,-1
99926009,2026-05-18 09:34:15+05:30,53012.9,0,0.0,0,0.0,0.0,53282.15,53308.4,52918.05,53710.35,0,0.0,0.0,0.0,0.0,-0.01,-1,-1,-0.01,-1,-1,-0.01,-1,-1,-0.01,-1,-1,-0.01,-1,-1,-0.01,-1,-1,-0.01,-1,-1,-0.01,-1,-1,-0.01,-1,-1,-0.01,-1,-1
99926009,2026-05-18 09:34:15+05:30,53015.45,0,0.0,0,0.0,0.0,53282.15,53308.4,52918.05,53710.35,0,0.0,0.0,0.0,0.0,-0.01,-1,-1,-0.01,-1,-1,-0.01,-1,-1,-0.01,-1,-1,-0.01,-1,-1,-0.01,-1,-1,-0.01,-1,-1,-0.01,-1,-1,-0.01,-1,-1,-0.01,-1,-1
99926009,2026-05-18 09:34:16+05:30,53015.0,0,0.0,0,0.0,0.0,53282.15,53308.4,52918.05,53710.35,0,0.0,0.0,0.0,0.0,-0.01,-1,-1,-0.01,-1,-1,-0.01,-1,-1,-0.01,-1,-1,-0.01,-1,-1,-0.01,-1,-1,-0.01,-1,-1,-0.01,-1,-1,-0.01,-1,-1,-0.01,-1,-1
99926009,2026-05-18 09:34:16+05:30,53017.2,0,0.0,0,0.0,0.0,53282.15,53308.4,52918.05,53710.35,0,0.0,0.0,0.0,0.0,-0.01,-1,-1,-0.01,-1,-1,-0.01,-1,-1,-0.01,-1,-1,-0.01,-1,-1,-0.01,-1,-1,-0.01,-1,-1,-0.01,-1,-1,-0.01,-1,-1,-0.01,-1,-1
99926009,2026-05-18 09:34:17+05:30,53012.9,0,0.0,0,0.0,0.0,53282.15,53308.4,52918.05,53710.35,0,0.0,0.0,0.0,0.0,-0.01,-1,-1,-0.01,-1,-1,-0.01,-1,-1,-0.01,-1,-1,-0.01,-1,-1,-0.01,-1,-1,-0.01,-1,-1,-0.01,-1,-1,-0.01,-1,-1,-0.01,-1,-1
99926009,2026-05-18 09:34:17+05:30,53010.8,0,0.0,0,0.0,0.0,53282.15,53308.4,52918.05,53710.35,0,0.0,0.0,0.0,0.0,-0.01,-1,-1,-0.01,-1,-1,-0.01,-1,-1,-0.01,-1,-1,-0.01,-1,-1,-0.01,-1,-1,-0.01,-1,-1,-0.01,-1,-1,-0.01,-1,-1,-0.01,-1,-1
99926009,2026-05-18 09:34:18+05:30,53009.25,0,0.0,0,0.0,0.0,53282.15,53308.4,52918.05,53710.35,0,0.0,0.0,0.0,0.0,-0.01,-1,-1,-0.01,-1,-1,-0.01,-1,-1,-0.01,-1,-1,-0.01,-1,-1,-0.01,-1,-1,-0.01,-1,-1,-0.01,-1,-1,-0.01,-1,-1,-0.01,-1,-1
99926009,2026-05-18 09:34:18+05:30,53008.55,0,0.0,0,0.0,0.0,53282.15,53308.4,52918.05,53710.35,0,0.0,0.0,0.0,0.0,-0.01,-1,-1,-0.01,-1,-1,-0.01,-1,-1,-0.01,-1,-1,-0.01,-1,-1,-0.01,-1,-1,-0.01,-1,-1,-0.01,-1,-1,-0.01,-1,-1,-0.01,-1,-1
99926009,2026-05-18 09:34:19+05:30,53007.75,0,0.0,0,0.0,0.0,53282.15,53308.4,52918.05,53710.35,0,0.0,0.0,0.0,0.0,-0.01,-1,-1,-0.01,-1,-1,-0.01,-1,-1,-0.01,-1,-1,-0.01,-1,-1,-0.01,-1,-1,-0.01,-1,-1,-0.01,-1,-1,-0.01,-1,-1,-0.01,-1,-1
99926009,2026-05-18 09:34:19+05:30,53009.6,0,0.0,0,0.0,0.0,53282.15,53308.4,52918.05,53710.35,0,0.0,0.0,0.0,0.0,-0.01,-1,-1,-0.01,-1,-1,-0.01,-1,-1,-0.01,-1,-1,-0.01,-1,-1,-0.01,-1,-1,-0.01,-1,-1,-0.01,-1,-1,-0.01,-1,-1,-0.01,-1,-1
99926009,2026-05-18 09:34:20+05:30,53004.9,0,0.0,0,0.0,0.0,53282.15,53308.4,52918.05,53710.35,0,0.0,0.0,0.0,0.0,-0.01,-1,-1,-0.01,-1,-1,-0.01,-1,-1,-0.01,-1,-1,-0.01,-1,-1,-0.01,-1,-1,-0.01,-1,-1,-0.01,-1,-1,-0.01,-1,-1,-0.01,-1,-1
99926009,2026-05-18 09:34:20+05:30,53008.5,0,0.0,0,0.0,0.0,53282.15,53308.4,52918.05,53710.35,0,0.0,0.0,0.0,0.0,-0.01,-1,-1,-0.01,-1,-1,-0.01,-1,-1,-0.01,-1,-1,-0.01,-1,-1,-0.01,-1,-1,-0.01,-1,-1,-0.01,-1,-1,-0.01,-1,-1,-0.01,-1,-1
99926009,2026-05-18 09:34:21+05:30,53009.75,0,0.0,0,0.0,0.0,53282.15,53308.4,52918.05,53710.35,0,0.0,0.0,0.0,0.0,-0.01,-1,-1,-0.01,-1,-1,-0.01,-1,-1,-0.01,-1,-1,-0.01,-1,-1,-0.01,-1,-1,-0.01,-1,-1,-0.01,-1,-1,-0.01,-1,-1,-0.01,-1,-1
99926009,2026-05-18 09:34:21+05:30,53020.4,0,0.0,0,0.0,0.0,53282.15,53308.4,52918.05,53710.35,0,0.0,0.0,0.0,0.0,-0.01,-1,-1,-0.01,-1,-1,-0.01,-1,-1,-0.01,-1,-1,-0.01,-1,-1,-0.01,-1,-1,-0.01,-1,-1,-0.01,-1,-1,-0.01,-1,-1,-0.01,-1,-1
99926009,2026-05-18 09:34:22+05:30,53017.0,0,0.0,0,0.0,0.0,53282.15,53308.4,52918.05,53710.35,0,0.0,0.0,0.0,0.0,-0.01,-1,-1,-0.01,-1,-1,-0.01,-1,-1,-0.01,-1,-1,-0.01,-1,-1,-0.01,-1,-1,-0.01,-1,-1,-0.01,-1,-1,-0.01,-1,-1,-0.01,-1,-1
99926009,2026-05-18 09:34:22+05:30,53022.65,0,0.0,0,0.0,0.0,53282.15,53308.4,52918.05,53710.35,0,0.0,0.0,0.0,0.0,-0.01,-1,-1,-0.01,-1,-1,-0.01,-1,-1,-0.01,-1,-1,-0.01,-1,-1,-0.01,-1,-1,-0.01,-1,-1,-0.01,-1,-1,-0.01,-1,-1,-0.01,-1,-1
99926009,2026-05-18 09:34:23+05:30,53026.9,0,0.0,0,0.0,0.0,53282.15,53308.4,52918.05,53710.35,0,0.0,0.0,0.0,0.0,-0.01,-1,-1,-0.01,-1,-1,-0.01,-1,-1,-0.01,-1,-1,-0.01,-1,-1,-0.01,-1,-1,-0.01,-1,-1,-0.01,-1,-1,-0.01,-1,-1,-0.01,-1,-1
99926009,2026-05-18 09:34:23+05:30,53024.5,0,0.0,0,0.0,0.0,53282.15,53308.4,52918.05,53710.35,0,0.0,0.0,0.0,0.0,-0.01,-1,-1,-0.01,-1,-1,-0.01,-1,-1,-0.01,-1,-1,-0.01,-1,-1,-0.01,-1,-1,-0.01,-1,-1,-0.01,-1,-1,-0.01,-1,-1,-0.01,-1,-1
99926009,2026-05-18 09:34:24+05:30,53027.8,0,0.0,0,0.0,0.0,53282.15,53308.4,52918.05,53710.35,0,0.0,0.0,0.0,0.0,-0.01,-1,-1,-0.01,-1,-1,-0.01,-1,-1,-0.01,-1,-1,-0.01,-1,-1,-0.01,-1,-1,-0.01,-1,-1,-0.01,-1,-1,-0.01,-1,-1,-0.01,-1,-1
99926009,2026-05-18 09:34:24+05:30,53033.0,0,0.0,0,0.0,0.0,53282.15,53308.4,52918.05,53710.35,0,0.0,0.0,0.0,0.0,-0.01,-1,-1,-0.01,-1,-1,-0.01,-1,-1,-0.01,-1,-1,-0.01,-1,-1,-0.01,-1,-1,-0.01,-1,-1,-0.01,-1,-1,-0.01,-1,-1,-0.01,-1,-1
99926009,2026-05-18 09:34:25+05:30,53034.75,0,0.0,0,0.0,0.0,53282.15,53308.4,52918.05,53710.35,0,0.0,0.0,0.0,0.0,-0.01,-1,-1,-0.01,-1,-1,-0.01,-1,-1,-0.01,-1,-1,-0.01,-1,-1,-0.01,-1,-1,-0.01,-1,-1,-0.01,-1,-1,-0.01,-1,-1,-0.01,-1,-1
99926009,2026-05-18 09:34:25+05:30,53035.95,0,0.0,0,0.0,0.0,53282.15,53308.4,52918.05,53710.35,0,0.0,0.0,0.0,0.0,-0.01,-1,-1,-0.01,-1,-1,-0.01,-1,-1,-0.01,-1,-1,-0.01,-1,-1,-0.01,-1,-1,-0.01,-1,-1,-0.01,-1,-1,-0.01,-1,-1,-0.01,-1,-1
99926009,2026-05-18 09:34:26+05:30,53034.35,0,0.0,0,0.0,0.0,53282.15,53308.4,52918.05,53710.35,0,0.0,0.0,0.0,0.0,-0.01,-1,-1,-0.01,-1,-1,-0.01,-1,-1,-0.01,-1,-1,-0.01,-1,-1,-0.01,-1,-1,-0.01,-1,-1,-0.01,-1,-1,-0.01,-1,-1,-0.01,-1,-1
99926009,2026-05-18 09:34:26+05:30,53038.35,0,0.0,0,0.0,0.0,53282.15,53308.4,52918.05,53710.35,0,0.0,0.0,0.0,0.0,-0.01,-1,-1,-0.01,-1,-1,-0.01,-1,-1,-0.01,-1,-1,-0.01,-1,-1,-0.01,-1,-1,-0.01,-1,-1,-0.01,-1,-1,-0.01,-1,-1,-0.01,-1,-1
99926009,2026-05-18 09:34:27+05:30,53038.25,0,0.0,0,0.0,0.0,53282.15,53308.4,52918.05,53710.35,0,0.0,0.0,0.0,0.0,-0.01,-1,-1,-0.01,-1,-1,-0.01,-1,-1,-0.01,-1,-1,-0.01,-1,-1,-0.01,-1,-1,-0.01,-1,-1,-0.01,-1,-1,-0.01,-1,-1,-0.01,-1,-1
99926009,2026-05-18 09:34:27+05:30,53035.35,0,0.0,0,0.0,0.0,53282.15,53308.4,52918.05,53710.35,0,0.0,0.0,0.0,0.0,-0.01,-1,-1,-0.01,-1,-1,-0.01,-1,-1,-0.01,-1,-1,-0.01,-1,-1,-0.01,-1,-1,-0.01,-1,-1,-0.01,-1,-1,-0.01,-1,-1,-0.01,-1,-1
99926009,2026-05-18 09:34:28+05:30,53028.6,0,0.0,0,0.0,0.0,53282.15,53308.4,52918.05,53710.35,0,0.0,0.0,0.0,0.0,-0.01,-1,-1,-0.01,-1,-1,-0.01,-1,-1,-0.01,-1,-1,-0.01,-1,-1,-0.01,-1,-1,-0.01,-1,-1,-0.01,-1,-1,-0.01,-1,-1,-0.01,-1,-1
99926009,2026-05-18 09:34:28+05:30,53026.7,0,0.0,0,0.0,0.0,53282.15,53308.4,52918.05,53710.35,0,0.0,0.0,0.0,0.0,-0.01,-1,-1,-0.01,-1,-1,-0.01,-1,-1,-0.01,-1,-1,-0.01,-1,-1,-0.01,-1,-1,-0.01,-1,-1,-0.01,-1,-1,-0.01,-1,-1,-0.01,-1,-1
99926009,2026-05-18 09:34:29+05:30,53027.6,0,0.0,0,0.0,0.0,53282.15,53308.4,52918.05,53710.35,0,0.0,0.0,0.0,0.0,-0.01,-1,-1,-0.01,-1,-1,-0.01,-1,-1,-0.01,-1,-1,-0.01,-1,-1,-0.01,-1,-1,-0.01,-1,-1,-0.01,-1,-1,-0.01,-1,-1,-0.01,-1,-1
99926009,2026-05-18 09:34:29+05:30,53027.35,0,0.0,0,0.0,0.0,53282.15,53308.4,52918.05,53710.35,0,0.0,0.0,0.0,0.0,-0.01,-1,-1,-0.01,-1,-1,-0.01,-1,-1,-0.01,-1,-1,-0.01,-1,-1,-0.01,-1,-1,-0.01,-1,-1,-0.01,-1,-1,-0.01,-1,-1,-0.01,-1,-1
99926009,2026-05-18 09:34:30+05:30,53027.5,0,0.0,0,0.0,0.0,53282.15,53308.4,52918.05,53710.35,0,0.0,0.0,0.0,0.0,-0.01,-1,-1,-0.01,-1,-1,-0.01,-1,-1,-0.01,-1,-1,-0.01,-1,-1,-0.01,-1,-1,-0.01,-1,-1,-0.01,-1,-1,-0.01,-1,-1,-0.01,-1,-1
99926009,2026-05-18 09:34:30+05:30,53028.5,0,0.0,0,0.0,0.0,53282.15,53308.4,52918.05,53710.35,0,0.0,0.0,0.0,0.0,-0.01,-1,-1,-0.01,-1,-1,-0.01,-1,-1,-0.01,-1,-1,-0.01,-1,-1,-0.01,-1,-1,-0.01,-1,-1,-0.01,-1,-1,-0.01,-1,-1,-0.01,-1,-1
99926009,2026-05-18 09:34:31+05:30,53031.95,0,0.0,0,0.0,0.0,53282.15,53308.4,52918.05,53710.35,0,0.0,0.0,0.0,0.0,-0.01,-1,-1,-0.01,-1,-1,-0.01,-1,-1,-0.01,-1,-1,-0.01,-1,-1,-0.01,-1,-1,-0.01,-1,-1,-0.01,-1,-1,-0.01,-1,-1,-0.01,-1,-1
99926009,2026-05-18 09:34:31+05:30,53025.15,0,0.0,0,0.0,0.0,53282.15,53308.4,52918.05,53710.35,0,0.0,0.0,0.0,0.0,-0.01,-1,-1,-0.01,-1,-1,-0.01,-1,-1,-0.01,-1,-1,-0.01,-1,-1,-0.01,-1,-1,-0.01,-1,-1,-0.01,-1,-1,-0.01,-1,-1,-0.01,-1,-1
99926009,2026-05-18 09:34:32+05:30,53025.2,0,0.0,0,0.0,0.0,53282.15,53308.4,52918.05,53710.35,0,0.0,0.0,0.0,0.0,-0.01,-1,-1,-0.01,-1,-1,-0.01,-1,-1,-0.01,-1,-1,-0.01,-1,-1,-0.01,-1,-1,-0.01,-1,-1,-0.01,-1,-1,-0.01,-1,-1,-0.01,-1,-1
99926009,2026-05-18 09:34:32+05:30,53024.1,0,0.0,0,0.0,0.0,53282.15,53308.4,52918.05,53710.35,0,0.0,0.0,0.0,0.0,-0.01,-1,-1,-0.01,-1,-1,-0.01,-1,-1,-0.01,-1,-1,-0.01,-1,-1,-0.01,-1,-1,-0.01,-1,-1,-0.01,-1,-1,-0.01,-1,-1,-0.01,-1,-1
99926009,2026-05-18 09:34:33+05:30,53026.1,0,0.0,0,0.0,0.0,53282.15,53308.4,52918.05,53710.35,0,0.0,0.0,0.0,0.0,-0.01,-1,-1,-0.01,-1,-1,-0.01,-1,-1,-0.01,-1,-1,-0.01,-1,-1,-0.01,-1,-1,-0.01,-1,-1,-0.01,-1,-1,-0.01,-1,-1,-0.01,-1,-1
99926009,2026-05-18 09:34:33+05:30,53020.9,0,0.0,0,0.0,0.0,53282.15,53308.4,52918.05,53710.35,0,0.0,0.0,0.0,0.0,-0.01,-1,-1,-0.01,-1,-1,-0.01,-1,-1,-0.01,-1,-1,-0.01,-1,-1,-0.01,-1,-1,-0.01,-1,-1,-0.01,-1,-1,-0.01,-1,-1,-0.01,-1,-1
99926009,2026-05-18 09:34:34+05:30,53021.65,0,0.0,0,0.0,0.0,53282.15,53308.4,52918.05,53710.35,0,0.0,0.0,0.0,0.0,-0.01,-1,-1,-0.01,-1,-1,-0.01,-1,-1,-0.01,-1,-1,-0.01,-1,-1,-0.01,-1,-1,-0.01,-1,-1,-0.01,-1,-1,-0.01,-1,-1,-0.01,-1,-1
99926009,2026-05-18 09:34:34+05:30,53021.9,0,0.0,0,0.0,0.0,53282.15,53308.4,52918.05,53710.35,0,0.0,0.0,0.0,0.0,-0.01,-1,-1,-0.01,-1,-1,-0.01,-1,-1,-0.01,-1,-1,-0.01,-1,-1,-0.01,-1,-1,-0.01,-1,-1,-0.01,-1,-1,-0.01,-1,-1,-0.01,-1,-1
99926009,2026-05-18 09:34:35+05:30,53021.7,0,0.0,0,0.0,0.0,53282.15,53308.4,52918.05,53710.35,0,0.0,0.0,0.0,0.0,-0.01,-1,-1,-0.01,-1,-1,-0.01,-1,-1,-0.01,-1,-1,-0.01,-1,-1,-0.01,-1,-1,-0.01,-1,-1,-0.01,-1,-1,-0.01,-1,-1,-0.01,-1,-1
99926009,2026-05-18 09:34:35+05:30,53021.25,0,0.0,0,0.0,0.0,53282.15,53308.4,52918.05,53710.35,0,0.0,0.0,0.0,0.0,-0.01,-1,-1,-0.01,-1,-1,-0.01,-1,-1,-0.01,-1,-1,-0.01,-1,-1,-0.01,-1,-1,-0.01,-1,-1,-0.01,-1,-1,-0.01,-1,-1,-0.01,-1,-1
99926009,2026-05-18 09:34:36+05:30,53018.6,0,0.0,0,0.0,0.0,53282.15,53308.4,52918.05,53710.35,0,0.0,0.0,0.0,0.0,-0.01,-1,-1,-0.01,-1,-1,-0.01,-1,-1,-0.01,-1,-1,-0.01,-1,-1,-0.01,-1,-1,-0.01,-1,-1,-0.01,-1,-1,-0.01,-1,-1,-0.01,-1,-1
99926009,2026-05-18 09:34:36+05:30,53017.0,0,0.0,0,0.0,0.0,53282.15,53308.4,52918.05,53710.35,0,0.0,0.0,0.0,0.0,-0.01,-1,-1,-0.01,-1,-1,-0.01,-1,-1,-0.01,-1,-1,-0.01,-1,-1,-0.01,-1,-1,-0.01,-1,-1,-0.01,-1,-1,-0.01,-1,-1,-0.01,-1,-1
99926009,2026-05-18 09:34:37+05:30,53018.1,0,0.0,0,0.0,0.0,53282.15,53308.4,52918.05,53710.35,0,0.0,0.0,0.0,0.0,-0.01,-1,-1,-0.01,-1,-1,-0.01,-1,-1,-0.01,-1,-1,-0.01,-1,-1,-0.01,-1,-1,-0.01,-1,-1,-0.01,-1,-1,-0.01,-1,-1,-0.01,-1,-1
99926009,2026-05-18 09:34:37+05:30,53020.15,0,0.0,0,0.0,0.0,53282.15,53308.4,52918.05,53710.35,0,0.0,0.0,0.0,0.0,-0.01,-1,-1,-0.01,-1,-1,-0.01,-1,-1,-0.01,-1,-1,-0.01,-1,-1,-0.01,-1,-1,-0.01,-1,-1,-0.01,-1,-1,-0.01,-1,-1,-0.01,-1,-1
99926009,2026-05-18 09:34:38+05:30,53022.65,0,0.0,0,0.0,0.0,53282.15,53308.4,52918.05,53710.35,0,0.0,0.0,0.0,0.0,-0.01,-1,-1,-0.01,-1,-1,-0.01,-1,-1,-0.01,-1,-1,-0.01,-1,-1,-0.01,-1,-1,-0.01,-1,-1,-0.01,-1,-1,-0.01,-1,-1,-0.01,-1,-1
99926009,2026-05-18 09:34:38+05:30,53022.9,0,0.0,0,0.0,0.0,53282.15,53308.4,52918.05,53710.35,0,0.0,0.0,0.0,0.0,-0.01,-1,-1,-0.01,-1,-1,-0.01,-1,-1,-0.01,-1,-1,-0.01,-1,-1,-0.01,-1,-1,-0.01,-1,-1,-0.01,-1,-1,-0.01,-1,-1,-0.01,-1,-1
99926009,2026-05-18 09:34:39+05:30,53022.1,0,0.0,0,0.0,0.0,53282.15,53308.4,52918.05,53710.35,0,0.0,0.0,0.0,0.0,-0.01,-1,-1,-0.01,-1,-1,-0.01,-1,-1,-0.01,-1,-1,-0.01,-1,-1,-0.01,-1,-1,-0.01,-1,-1,-0.01,-1,-1,-0.01,-1,-1,-0.01,-1,-1
99926009,2026-05-18 09:34:39+05:30,53021.0,0,0.0,0,0.0,0.0,53282.15,53308.4,52918.05,53710.35,0,0.0,0.0,0.0,0.0,-0.01,-1,-1,-0.01,-1,-1,-0.01,-1,-1,-0.01,-1,-1,-0.01,-1,-1,-0.01,-1,-1,-0.01,-1,-1,-0.01,-1,-1,-0.01,-1,-1,-0.01,-1,-1
99926009,2026-05-18 09:34:40+05:30,53023.75,0,0.0,0,0.0,0.0,53282.15,53308.4,52918.05,53710.35,0,0.0,0.0,0.0,0.0,-0.01,-1,-1,-0.01,-1,-1,-0.01,-1,-1,-0.01,-1,-1,-0.01,-1,-1,-0.01,-1,-1,-0.01,-1,-1,-0.01,-1,-1,-0.01,-1,-1,-0.01,-1,-1
99926009,2026-05-18 09:34:40+05:30,53027.5,0,0.0,0,0.0,0.0,53282.15,53308.4,52918.05,53710.35,0,0.0,0.0,0.0,0.0,-0.01,-1,-1,-0.01,-1,-1,-0.01,-1,-1,-0.01,-1,-1,-0.01,-1,-1,-0.01,-1,-1,-0.01,-1,-1,-0.01,-1,-1,-0.01,-1,-1,-0.01,-1,-1
99926009,2026-05-18 09:34:41+05:30,53031.95,0,0.0,0,0.0,0.0,53282.15,53308.4,52918.05,53710.35,0,0.0,0.0,0.0,0.0,-0.01,-1,-1,-0.01,-1,-1,-0.01,-1,-1,-0.01,-1,-1,-0.01,-1,-1,-0.01,-1,-1,-0.01,-1,-1,-0.01,-1,-1,-0.01,-1,-1,-0.01,-1,-1
99926009,2026-05-18 09:34:41+05:30,53030.8,0,0.0,0,0.0,0.0,53282.15,53308.4,52918.05,53710.35,0,0.0,0.0,0.0,0.0,-0.01,-1,-1,-0.01,-1,-1,-0.01,-1,-1,-0.01,-1,-1,-0.01,-1,-1,-0.01,-1,-1,-0.01,-1,-1,-0.01,-1,-1,-0.01,-1,-1,-0.01,-1,-1
99926009,2026-05-18 09:34:42+05:30,53030.9,0,0.0,0,0.0,0.0,53282.15,53308.4,52918.05,53710.35,0,0.0,0.0,0.0,0.0,-0.01,-1,-1,-0.01,-1,-1,-0.01,-1,-1,-0.01,-1,-1,-0.01,-1,-1,-0.01,-1,-1,-0.01,-1,-1,-0.01,-1,-1,-0.01,-1,-1,-0.01,-1,-1
99926009,2026-05-18 09:34:42+05:30,53034.15,0,0.0,0,0.0,0.0,53282.15,53308.4,52918.05,53710.35,0,0.0,0.0,0.0,0.0,-0.01,-1,-1,-0.01,-1,-1,-0.01,-1,-1,-0.01,-1,-1,-0.01,-1,-1,-0.01,-1,-1,-0.01,-1,-1,-0.01,-1,-1,-0.01,-1,-1,-0.01,-1,-1
99926009,2026-05-18 09:34:43+05:30,53033.1,0,0.0,0,0.0,0.0,53282.15,53308.4,52918.05,53710.35,0,0.0,0.0,0.0,0.0,-0.01,-1,-1,-0.01,-1,-1,-0.01,-1,-1,-0.01,-1,-1,-0.01,-1,-1,-0.01,-1,-1,-0.01,-1,-1,-0.01,-1,-1,-0.01,-1,-1,-0.01,-1,-1
99926009,2026-05-18 09:34:43+05:30,53040.8,0,0.0,0,0.0,0.0,53282.15,53308.4,52918.05,53710.35,0,0.0,0.0,0.0,0.0,-0.01,-1,-1,-0.01,-1,-1,-0.01,-1,-1,-0.01,-1,-1,-0.01,-1,-1,-0.01,-1,-1,-0.01,-1,-1,-0.01,-1,-1,-0.01,-1,-1,-0.01,-1,-1
99926009,2026-05-18 09:34:44+05:30,53047.2,0,0.0,0,0.0,0.0,53282.15,53308.4,52918.05,53710.35,0,0.0,0.0,0.0,0.0,-0.01,-1,-1,-0.01,-1,-1,-0.01,-1,-1,-0.01,-1,-1,-0.01,-1,-1,-0.01,-1,-1,-0.01,-1,-1,-0.01,-1,-1,-0.01,-1,-1,-0.01,-1,-1
99926009,2026-05-18 09:34:44+05:30,53048.4,0,0.0,0,0.0,0.0,53282.15,53308.4,52918.05,53710.35,0,0.0,0.0,0.0,0.0,-0.01,-1,-1,-0.01,-1,-1,-0.01,-1,-1,-0.01,-1,-1,-0.01,-1,-1,-0.01,-1,-1,-0.01,-1,-1,-0.01,-1,-1,-0.01,-1,-1,-0.01,-1,-1
99926009,2026-05-18 09:34:45+05:30,53049.35,0,0.0,0,0.0,0.0,53282.15,53308.4,52918.05,53710.35,0,0.0,0.0,0.0,0.0,-0.01,-1,-1,-0.01,-1,-1,-0.01,-1,-1,-0.01,-1,-1,-0.01,-1,-1,-0.01,-1,-1,-0.01,-1,-1,-0.01,-1,-1,-0.01,-1,-1,-0.01,-1,-1
99926009,2026-05-18 09:34:45+05:30,53051.0,0,0.0,0,0.0,0.0,53282.15,53308.4,52918.05,53710.35,0,0.0,0.0,0.0,0.0,-0.01,-1,-1,-0.01,-1,-1,-0.01,-1,-1,-0.01,-1,-1,-0.01,-1,-1,-0.01,-1,-1,-0.01,-1,-1,-0.01,-1,-1,-0.01,-1,-1,-0.01,-1,-1
99926009,2026-05-18 09:34:46+05:30,53054.2,0,0.0,0,0.0,0.0,53282.15,53308.4,52918.05,53710.35,0,0.0,0.0,0.0,0.0,-0.01,-1,-1,-0.01,-1,-1,-0.01,-1,-1,-0.01,-1,-1,-0.01,-1,-1,-0.01,-1,-1,-0.01,-1,-1,-0.01,-1,-1,-0.01,-1,-1,-0.01,-1,-1
99926009,2026-05-18 09:34:46+05:30,53059.05,0,0.0,0,0.0,0.0,53282.15,53308.4,52918.05,53710.35,0,0.0,0.0,0.0,0.0,-0.01,-1,-1,-0.01,-1,-1,-0.01,-1,-1,-0.01,-1,-1,-0.01,-1,-1,-0.01,-1,-1,-0.01,-1,-1,-0.01,-1,-1,-0.01,-1,-1,-0.01,-1,-1
99926009,2026-05-18 09:34:47+05:30,53059.5,0,0.0,0,0.0,0.0,53282.15,53308.4,52918.05,53710.35,0,0.0,0.0,0.0,0.0,-0.01,-1,-1,-0.01,-1,-1,-0.01,-1,-1,-0.01,-1,-1,-0.01,-1,-1,-0.01,-1,-1,-0.01,-1,-1,-0.01,-1,-1,-0.01,-1,-1,-0.01,-1,-1
99926009,2026-05-18 09:34:47+05:30,53053.4,0,0.0,0,0.0,0.0,53282.15,53308.4,52918.05,53710.35,0,0.0,0.0,0.0,0.0,-0.01,-1,-1,-0.01,-1,-1,-0.01,-1,-1,-0.01,-1,-1,-0.01,-1,-1,-0.01,-1,-1,-0.01,-1,-1,-0.01,-1,-1,-0.01,-1,-1,-0.01,-1,-1
99926009,2026-05-18 09:34:48+05:30,53056.6,0,0.0,0,0.0,0.0,53282.15,53308.4,52918.05,53710.35,0,0.0,0.0,0.0,0.0,-0.01,-1,-1,-0.01,-1,-1,-0.01,-1,-1,-0.01,-1,-1,-0.01,-1,-1,-0.01,-1,-1,-0.01,-1,-1,-0.01,-1,-1,-0.01,-1,-1,-0.01,-1,-1
99926009,2026-05-18 09:34:48+05:30,53049.8,0,0.0,0,0.0,0.0,53282.15,53308.4,52918.05,53710.35,0,0.0,0.0,0.0,0.0,-0.01,-1,-1,-0.01,-1,-1,-0.01,-1,-1,-0.01,-1,-1,-0.01,-1,-1,-0.01,-1,-1,-0.01,-1,-1,-0.01,-1,-1,-0.01,-1,-1,-0.01,-1,-1
99926009,2026-05-18 09:34:49+05:30,53049.75,0,0.0,0,0.0,0.0,53282.15,53308.4,52918.05,53710.35,0,0.0,0.0,0.0,0.0,-0.01,-1,-1,-0.01,-1,-1,-0.01,-1,-1,-0.01,-1,-1,-0.01,-1,-1,-0.01,-1,-1,-0.01,-1,-1,-0.01,-1,-1,-0.01,-1,-1,-0.01,-1,-1
99926009,2026-05-18 09:34:49+05:30,53049.05,0,0.0,0,0.0,0.0,53282.15,53308.4,52918.05,53710.35,0,0.0,0.0,0.0,0.0,-0.01,-1,-1,-0.01,-1,-1,-0.01,-1,-1,-0.01,-1,-1,-0.01,-1,-1,-0.01,-1,-1,-0.01,-1,-1,-0.01,-1,-1,-0.01,-1,-1,-0.01,-1,-1
99926009,2026-05-18 09:34:50+05:30,53049.2,0,0.0,0,0.0,0.0,53282.15,53308.4,52918.05,53710.35,0,0.0,0.0,0.0,0.0,-0.01,-1,-1,-0.01,-1,-1,-0.01,-1,-1,-0.01,-1,-1,-0.01,-1,-1,-0.01,-1,-1,-0.01,-1,-1,-0.01,-1,-1,-0.01,-1,-1,-0.01,-1,-1
99926009,2026-05-18 09:34:50+05:30,53045.85,0,0.0,0,0.0,0.0,53282.15,53308.4,52918.05,53710.35,0,0.0,0.0,0.0,0.0,-0.01,-1,-1,-0.01,-1,-1,-0.01,-1,-1,-0.01,-1,-1,-0.01,-1,-1,-0.01,-1,-1,-0.01,-1,-1,-0.01,-1,-1,-0.01,-1,-1,-0.01,-1,-1
99926009,2026-05-18 09:34:51+05:30,53045.15,0,0.0,0,0.0,0.0,53282.15,53308.4,52918.05,53710.35,0,0.0,0.0,0.0,0.0,-0.01,-1,-1,-0.01,-1,-1,-0.01,-1,-1,-0.01,-1,-1,-0.01,-1,-1,-0.01,-1,-1,-0.01,-1,-1,-0.01,-1,-1,-0.01,-1,-1,-0.01,-1,-1
99926009,2026-05-18 09:34:51+05:30,53046.55,0,0.0,0,0.0,0.0,53282.15,53308.4,52918.05,53710.35,0,0.0,0.0,0.0,0.0,-0.01,-1,-1,-0.01,-1,-1,-0.01,-1,-1,-0.01,-1,-1,-0.01,-1,-1,-0.01,-1,-1,-0.01,-1,-1,-0.01,-1,-1,-0.01,-1,-1,-0.01,-1,-1
99926009,2026-05-18 09:34:52+05:30,53050.35,0,0.0,0,0.0,0.0,53282.15,53308.4,52918.05,53710.35,0,0.0,0.0,0.0,0.0,-0.01,-1,-1,-0.01,-1,-1,-0.01,-1,-1,-0.01,-1,-1,-0.01,-1,-1,-0.01,-1,-1,-0.01,-1,-1,-0.01,-1,-1,-0.01,-1,-1,-0.01,-1,-1
99926009,2026-05-18 09:34:52+05:30,53044.35,0,0.0,0,0.0,0.0,53282.15,53308.4,52918.05,53710.35,0,0.0,0.0,0.0,0.0,-0.01,-1,-1,-0.01,-1,-1,-0.01,-1,-1,-0.01,-1,-1,-0.01,-1,-1,-0.01,-1,-1,-0.01,-1,-1,-0.01,-1,-1,-0.01,-1,-1,-0.01,-1,-1
99926009,2026-05-18 09:34:53+05:30,53043.2,0,0.0,0,0.0,0.0,53282.15,53308.4,52918.05,53710.35,0,0.0,0.0,0.0,0.0,-0.01,-1,-1,-0.01,-1,-1,-0.01,-1,-1,-0.01,-1,-1,-0.01,-1,-1,-0.01,-1,-1,-0.01,-1,-1,-0.01,-1,-1,-0.01,-1,-1,-0.01,-1,-1
99926009,2026-05-18 09:34:53+05:30,53045.75,0,0.0,0,0.0,0.0,53282.15,53308.4,52918.05,53710.35,0,0.0,0.0,0.0,0.0,-0.01,-1,-1,-0.01,-1,-1,-0.01,-1,-1,-0.01,-1,-1,-0.01,-1,-1,-0.01,-1,-1,-0.01,-1,-1,-0.01,-1,-1,-0.01,-1,-1,-0.01,-1,-1
99926009,2026-05-18 09:34:54+05:30,53041.85,0,0.0,0,0.0,0.0,53282.15,53308.4,52918.05,53710.35,0,0.0,0.0,0.0,0.0,-0.01,-1,-1,-0.01,-1,-1,-0.01,-1,-1,-0.01,-1,-1,-0.01,-1,-1,-0.01,-1,-1,-0.01,-1,-1,-0.01,-1,-1,-0.01,-1,-1,-0.01,-1,-1
99926009,2026-05-18 09:34:54+05:30,53044.1,0,0.0,0,0.0,0.0,53282.15,53308.4,52918.05,53710.35,0,0.0,0.0,0.0,0.0,-0.01,-1,-1,-0.01,-1,-1,-0.01,-1,-1,-0.01,-1,-1,-0.01,-1,-1,-0.01,-1,-1,-0.01,-1,-1,-0.01,-1,-1,-0.01,-1,-1,-0.01,-1,-1
99926009,2026-05-18 09:34:55+05:30,53045.5,0,0.0,0,0.0,0.0,53282.15,53308.4,52918.05,53710.35,0,0.0,0.0,0.0,0.0,-0.01,-1,-1,-0.01,-1,-1,-0.01,-1,-1,-0.01,-1,-1,-0.01,-1,-1,-0.01,-1,-1,-0.01,-1,-1,-0.01,-1,-1,-0.01,-1,-1,-0.01,-1,-1
99926009,2026-05-18 09:34:55+05:30,53046.65,0,0.0,0,0.0,0.0,53282.15,53308.4,52918.05,53710.35,0,0.0,0.0,0.0,0.0,-0.01,-1,-1,-0.01,-1,-1,-0.01,-1,-1,-0.01,-1,-1,-0.01,-1,-1,-0.01,-1,-1,-0.01,-1,-1,-0.01,-1,-1,-0.01,-1,-1,-0.01,-1,-1
99926009,2026-05-18 09:34:56+05:30,53045.45,0,0.0,0,0.0,0.0,53282.15,53308.4,52918.05,53710.35,0,0.0,0.0,0.0,0.0,-0.01,-1,-1,-0.01,-1,-1,-0.01,-1,-1,-0.01,-1,-1,-0.01,-1,-1,-0.01,-1,-1,-0.01,-1,-1,-0.01,-1,-1,-0.01,-1,-1,-0.01,-1,-1
99926009,2026-05-18 09:34:56+05:30,53049.25,0,0.0,0,0.0,0.0,53282.15,53308.4,52918.05,53710.35,0,0.0,0.0,0.0,0.0,-0.01,-1,-1,-0.01,-1,-1,-0.01,-1,-1,-0.01,-1,-1,-0.01,-1,-1,-0.01,-1,-1,-0.01,-1,-1,-0.01,-1,-1,-0.01,-1,-1,-0.01,-1,-1
99926009,2026-05-18 09:34:57+05:30,53049.1,0,0.0,0,0.0,0.0,53282.15,53308.4,52918.05,53710.35,0,0.0,0.0,0.0,0.0,-0.01,-1,-1,-0.01,-1,-1,-0.01,-1,-1,-0.01,-1,-1,-0.01,-1,-1,-0.01,-1,-1,-0.01,-1,-1,-0.01,-1,-1,-0.01,-1,-1,-0.01,-1,-1
99926009,2026-05-18 09:34:57+05:30,53044.5,0,0.0,0,0.0,0.0,53282.15,53308.4,52918.05,53710.35,0,0.0,0.0,0.0,0.0,-0.01,-1,-1,-0.01,-1,-1,-0.01,-1,-1,-0.01,-1,-1,-0.01,-1,-1,-0.01,-1,-1,-0.01,-1,-1,-0.01,-1,-1,-0.01,-1,-1,-0.01,-1,-1
99926009,2026-05-18 09:34:58+05:30,53040.45,0,0.0,0,0.0,0.0,53282.15,53308.4,52918.05,53710.35,0,0.0,0.0,0.0,0.0,-0.01,-1,-1,-0.01,-1,-1,-0.01,-1,-1,-0.01,-1,-1,-0.01,-1,-1,-0.01,-1,-1,-0.01,-1,-1,-0.01,-1,-1,-0.01,-1,-1,-0.01,-1,-1
99926009,2026-05-18 09:34:58+05:30,53043.65,0,0.0,0,0.0,0.0,53282.15,53308.4,52918.05,53710.35,0,0.0,0.0,0.0,0.0,-0.01,-1,-1,-0.01,-1,-1,-0.01,-1,-1,-0.01,-1,-1,-0.01,-1,-1,-0.01,-1,-1,-0.01,-1,-1,-0.01,-1,-1,-0.01,-1,-1,-0.01,-1,-1
99926009,2026-05-18 09:34:59+05:30,53041.45,0,0.0,0,0.0,0.0,53282.15,53308.4,52918.05,53710.35,0,0.0,0.0,0.0,0.0,-0.01,-1,-1,-0.01,-1,-1,-0.01,-1,-1,-0.01,-1,-1,-0.01,-1,-1,-0.01,-1,-1,-0.01,-1,-1,-0.01,-1,-1,-0.01,-1,-1,-0.01,-1,-1
99926009,2026-05-18 09:34:59+05:30,53039.05,0,0.0,0,0.0,0.0,53282.15,53308.4,52918.05,53710.35,0,0.0,0.0,0.0,0.0,-0.01,-1,-1,-0.01,-1,-1,-0.01,-1,-1,-0.01,-1,-1,-0.01,-1,-1,-0.01,-1,-1,-0.01,-1,-1,-0.01,-1,-1,-0.01,-1,-1,-0.01,-1,-1
99926009,2026-05-18 09:35:00+05:30,53038.7,0,0.0,0,0.0,0.0,53282.15,53308.4,52918.05,53710.35,0,0.0,0.0,0.0,0.0,-0.01,-1,-1,-0.01,-1,-1,-0.01,-1,-1,-0.01,-1,-1,-0.01,-1,-1,-0.01,-1,-1,-0.01,-1,-1,-0.01,-1,-1,-0.01,-1,-1,-0.01,-1,-1
99926009,2026-05-18 09:35:00+05:30,53034.45,0,0.0,0,0.0,0.0,53282.15,53308.4,52918.05,53710.35,0,0.0,0.0,0.0,0.0,-0.01,-1,-1,-0.01,-1,-1,-0.01,-1,-1,-0.01,-1,-1,-0.01,-1,-1,-0.01,-1,-1,-0.01,-1,-1,-0.01,-1,-1,-0.01,-1,-1,-0.01,-1,-1
99926009,2026-05-18 09:35:01+05:30,53040.35,0,0.0,0,0.0,0.0,53282.15,53308.4,52918.05,53710.35,0,0.0,0.0,0.0,0.0,-0.01,-1,-1,-0.01,-1,-1,-0.01,-1,-1,-0.01,-1,-1,-0.01,-1,-1,-0.01,-1,-1,-0.01,-1,-1,-0.01,-1,-1,-0.01,-1,-1,-0.01,-1,-1
99926009,2026-05-18 09:35:01+05:30,53039.25,0,0.0,0,0.0,0.0,53282.15,53308.4,52918.05,53710.35,0,0.0,0.0,0.0,0.0,-0.01,-1,-1,-0.01,-1,-1,-0.01,-1,-1,-0.01,-1,-1,-0.01,-1,-1,-0.01,-1,-1,-0.01,-1,-1,-0.01,-1,-1,-0.01,-1,-1,-0.01,-1,-1
99926009,2026-05-18 09:35:02+05:30,53039.15,0,0.0,0,0.0,0.0,53282.15,53308.4,52918.05,53710.35,0,0.0,0.0,0.0,0.0,-0.01,-1,-1,-0.01,-1,-1,-0.01,-1,-1,-0.01,-1,-1,-0.01,-1,-1,-0.01,-1,-1,-0.01,-1,-1,-0.01,-1,-1,-0.01,-1,-1,-0.01,-1,-1
99926009,2026-05-18 09:35:02+05:30,53037.35,0,0.0,0,0.0,0.0,53282.15,53308.4,52918.05,53710.35,0,0.0,0.0,0.0,0.0,-0.01,-1,-1,-0.01,-1,-1,-0.01,-1,-1,-0.01,-1,-1,-0.01,-1,-1,-0.01,-1,-1,-0.01,-1,-1,-0.01,-1,-1,-0.01,-1,-1,-0.01,-1,-1
99926009,2026-05-18 09:35:03+05:30,53032.85,0,0.0,0,0.0,0.0,53282.15,53308.4,52918.05,53710.35,0,0.0,0.0,0.0,0.0,-0.01,-1,-1,-0.01,-1,-1,-0.01,-1,-1,-0.01,-1,-1,-0.01,-1,-1,-0.01,-1,-1,-0.01,-1,-1,-0.01,-1,-1,-0.01,-1,-1,-0.01,-1,-1
99926009,2026-05-18 09:35:03+05:30,53036.75,0,0.0,0,0.0,0.0,53282.15,53308.4,52918.05,53710.35,0,0.0,0.0,0.0,0.0,-0.01,-1,-1,-0.01,-1,-1,-0.01,-1,-1,-0.01,-1,-1,-0.01,-1,-1,-0.01,-1,-1,-0.01,-1,-1,-0.01,-1,-1,-0.01,-1,-1,-0.01,-1,-1
99926009,2026-05-18 09:35:04+05:30,53041.5,0,0.0,0,0.0,0.0,53282.15,53308.4,52918.05,53710.35,0,0.0,0.0,0.0,0.0,-0.01,-1,-1,-0.01,-1,-1,-0.01,-1,-1,-0.01,-1,-1,-0.01,-1,-1,-0.01,-1,-1,-0.01,-1,-1,-0.01,-1,-1,-0.01,-1,-1,-0.01,-1,-1
99926009,2026-05-18 09:35:04+05:30,53036.95,0,0.0,0,0.0,0.0,53282.15,53308.4,52918.05,53710.35,0,0.0,0.0,0.0,0.0,-0.01,-1,-1,-0.01,-1,-1,-0.01,-1,-1,-0.01,-1,-1,-0.01,-1,-1,-0.01,-1,-1,-0.01,-1,-1,-0.01,-1,-1,-0.01,-1,-1,-0.01,-1,-1
99926009,2026-05-18 09:35:05+05:30,53038.2,0,0.0,0,0.0,0.0,53282.15,53308.4,52918.05,53710.35,0,0.0,0.0,0.0,0.0,-0.01,-1,-1,-0.01,-1,-1,-0.01,-1,-1,-0.01,-1,-1,-0.01,-1,-1,-0.01,-1,-1,-0.01,-1,-1,-0.01,-1,-1,-0.01,-1,-1,-0.01,-1,-1
99926009,2026-05-18 09:35:05+05:30,53041.3,0,0.0,0,0.0,0.0,53282.15,53308.4,52918.05,53710.35,0,0.0,0.0,0.0,0.0,-0.01,-1,-1,-0.01,-1,-1,-0.01,-1,-1,-0.01,-1,-1,-0.01,-1,-1,-0.01,-1,-1,-0.01,-1,-1,-0.01,-1,-1,-0.01,-1,-1,-0.01,-1,-1
99926009,2026-05-18 09:35:06+05:30,53041.6,0,0.0,0,0.0,0.0,53282.15,53308.4,52918.05,53710.35,0,0.0,0.0,0.0,0.0,-0.01,-1,-1,-0.01,-1,-1,-0.01,-1,-1,-0.01,-1,-1,-0.01,-1,-1,-0.01,-1,-1,-0.01,-1,-1,-0.01,-1,-1,-0.01,-1,-1,-0.01,-1,-1
99926009,2026-05-18 09:35:06+05:30,53042.35,0,0.0,0,0.0,0.0,53282.15,53308.4,52918.05,53710.35,0,0.0,0.0,0.0,0.0,-0.01,-1,-1,-0.01,-1,-1,-0.01,-1,-1,-0.01,-1,-1,-0.01,-1,-1,-0.01,-1,-1,-0.01,-1,-1,-0.01,-1,-1,-0.01,-1,-1,-0.01,-1,-1
99926009,2026-05-18 09:35:07+05:30,53035.5,0,0.0,0,0.0,0.0,53282.15,53308.4,52918.05,53710.35,0,0.0,0.0,0.0,0.0,-0.01,-1,-1,-0.01,-1,-1,-0.01,-1,-1,-0.01,-1,-1,-0.01,-1,-1,-0.01,-1,-1,-0.01,-1,-1,-0.01,-1,-1,-0.01,-1,-1,-0.01,-1,-1
99926009,2026-05-18 09:35:07+05:30,53037.95,0,0.0,0,0.0,0.0,53282.15,53308.4,52918.05,53710.35,0,0.0,0.0,0.0,0.0,-0.01,-1,-1,-0.01,-1,-1,-0.01,-1,-1,-0.01,-1,-1,-0.01,-1,-1,-0.01,-1,-1,-0.01,-1,-1,-0.01,-1,-1,-0.01,-1,-1,-0.01,-1,-1
99926009,2026-05-18 09:35:08+05:30,53037.1,0,0.0,0,0.0,0.0,53282.15,53308.4,52918.05,53710.35,0,0.0,0.0,0.0,0.0,-0.01,-1,-1,-0.01,-1,-1,-0.01,-1,-1,-0.01,-1,-1,-0.01,-1,-1,-0.01,-1,-1,-0.01,-1,-1,-0.01,-1,-1,-0.01,-1,-1,-0.01,-1,-1
99926009,2026-05-18 09:35:08+05:30,53041.65,0,0.0,0,0.0,0.0,53282.15,53308.4,52918.05,53710.35,0,0.0,0.0,0.0,0.0,-0.01,-1,-1,-0.01,-1,-1,-0.01,-1,-1,-0.01,-1,-1,-0.01,-1,-1,-0.01,-1,-1,-0.01,-1,-1,-0.01,-1,-1,-0.01,-1,-1,-0.01,-1,-1
99926009,2026-05-18 09:35:09+05:30,53044.65,0,0.0,0,0.0,0.0,53282.15,53308.4,52918.05,53710.35,0,0.0,0.0,0.0,0.0,-0.01,-1,-1,-0.01,-1,-1,-0.01,-1,-1,-0.01,-1,-1,-0.01,-1,-1,-0.01,-1,-1,-0.01,-1,-1,-0.01,-1,-1,-0.01,-1,-1,-0.01,-1,-1
99926009,2026-05-18 09:35:09+05:30,53044.15,0,0.0,0,0.0,0.0,53282.15,53308.4,52918.05,53710.35,0,0.0,0.0,0.0,0.0,-0.01,-1,-1,-0.01,-1,-1,-0.01,-1,-1,-0.01,-1,-1,-0.01,-1,-1,-0.01,-1,-1,-0.01,-1,-1,-0.01,-1,-1,-0.01,-1,-1,-0.01,-1,-1
99926009,2026-05-18 09:35:10+05:30,53048.85,0,0.0,0,0.0,0.0,53282.15,53308.4,52918.05,53710.35,0,0.0,0.0,0.0,0.0,-0.01,-1,-1,-0.01,-1,-1,-0.01,-1,-1,-0.01,-1,-1,-0.01,-1,-1,-0.01,-1,-1,-0.01,-1,-1,-0.01,-1,-1,-0.01,-1,-1,-0.01,-1,-1
99926009,2026-05-18 09:35:10+05:30,53048.8,0,0.0,0,0.0,0.0,53282.15,53308.4,52918.05,53710.35,0,0.0,0.0,0.0,0.0,-0.01,-1,-1,-0.01,-1,-1,-0.01,-1,-1,-0.01,-1,-1,-0.01,-1,-1,-0.01,-1,-1,-0.01,-1,-1,-0.01,-1,-1,-0.01,-1,-1,-0.01,-1,-1
99926009,2026-05-18 09:35:11+05:30,53051.35,0,0.0,0,0.0,0.0,53282.15,53308.4,52918.05,53710.35,0,0.0,0.0,0.0,0.0,-0.01,-1,-1,-0.01,-1,-1,-0.01,-1,-1,-0.01,-1,-1,-0.01,-1,-1,-0.01,-1,-1,-0.01,-1,-1,-0.01,-1,-1,-0.01,-1,-1,-0.01,-1,-1
99926009,2026-05-18 09:35:11+05:30,53055.05,0,0.0,0,0.0,0.0,53282.15,53308.4,52918.05,53710.35,0,0.0,0.0,0.0,0.0,-0.01,-1,-1,-0.01,-1,-1,-0.01,-1,-1,-0.01,-1,-1,-0.01,-1,-1,-0.01,-1,-1,-0.01,-1,-1,-0.01,-1,-1,-0.01,-1,-1,-0.01,-1,-1
99926009,2026-05-18 09:35:12+05:30,53052.85,0,0.0,0,0.0,0.0,53282.15,53308.4,52918.05,53710.35,0,0.0,0.0,0.0,0.0,-0.01,-1,-1,-0.01,-1,-1,-0.01,-1,-1,-0.01,-1,-1,-0.01,-1,-1,-0.01,-1,-1,-0.01,-1,-1,-0.01,-1,-1,-0.01,-1,-1,-0.01,-1,-1
99926009,2026-05-18 09:35:12+05:30,53052.8,0,0.0,0,0.0,0.0,53282.15,53308.4,52918.05,53710.35,0,0.0,0.0,0.0,0.0,-0.01,-1,-1,-0.01,-1,-1,-0.01,-1,-1,-0.01,-1,-1,-0.01,-1,-1,-0.01,-1,-1,-0.01,-1,-1,-0.01,-1,-1,-0.01,-1,-1,-0.01,-1,-1
99926009,2026-05-18 09:35:13+05:30,53054.75,0,0.0,0,0.0,0.0,53282.15,53308.4,52918.05,53710.35,0,0.0,0.0,0.0,0.0,-0.01,-1,-1,-0.01,-1,-1,-0.01,-1,-1,-0.01,-1,-1,-0.01,-1,-1,-0.01,-1,-1,-0.01,-1,-1,-0.01,-1,-1,-0.01,-1,-1,-0.01,-1,-1
99926009,2026-05-18 09:35:13+05:30,53052.1,0,0.0,0,0.0,0.0,53282.15,53308.4,52918.05,53710.35,0,0.0,0.0,0.0,0.0,-0.01,-1,-1,-0.01,-1,-1,-0.01,-1,-1,-0.01,-1,-1,-0.01,-1,-1,-0.01,-1,-1,-0.01,-1,-1,-0.01,-1,-1,-0.01,-1,-1,-0.01,-1,-1
99926009,2026-05-18 09:35:14+05:30,53050.45,0,0.0,0,0.0,0.0,53282.15,53308.4,52918.05,53710.35,0,0.0,0.0,0.0,0.0,-0.01,-1,-1,-0.01,-1,-1,-0.01,-1,-1,-0.01,-1,-1,-0.01,-1,-1,-0.01,-1,-1,-0.01,-1,-1,-0.01,-1,-1,-0.01,-1,-1,-0.01,-1,-1
99926009,2026-05-18 09:35:14+05:30,53050.9,0,0.0,0,0.0,0.0,53282.15,53308.4,52918.05,53710.35,0,0.0,0.0,0.0,0.0,-0.01,-1,-1,-0.01,-1,-1,-0.01,-1,-1,-0.01,-1,-1,-0.01,-1,-1,-0.01,-1,-1,-0.01,-1,-1,-0.01,-1,-1,-0.01,-1,-1,-0.01,-1,-1
99926009,2026-05-18 09:35:15+05:30,53045.9,0,0.0,0,0.0,0.0,53282.15,53308.4,52918.05,53710.35,0,0.0,0.0,0.0,0.0,-0.01,-1,-1,-0.01,-1,-1,-0.01,-1,-1,-0.01,-1,-1,-0.01,-1,-1,-0.01,-1,-1,-0.01,-1,-1,-0.01,-1,-1,-0.01,-1,-1,-0.01,-1,-1
99926009,2026-05-18 09:35:15+05:30,53050.5,0,0.0,0,0.0,0.0,53282.15,53308.4,52918.05,53710.35,0,0.0,0.0,0.0,0.0,-0.01,-1,-1,-0.01,-1,-1,-0.01,-1,-1,-0.01,-1,-1,-0.01,-1,-1,-0.01,-1,-1,-0.01,-1,-1,-0.01,-1,-1,-0.01,-1,-1,-0.01,-1,-1
99926009,2026-05-18 09:35:16+05:30,53051.05,0,0.0,0,0.0,0.0,53282.15,53308.4,52918.05,53710.35,0,0.0,0.0,0.0,0.0,-0.01,-1,-1,-0.01,-1,-1,-0.01,-1,-1,-0.01,-1,-1,-0.01,-1,-1,-0.01,-1,-1,-0.01,-1,-1,-0.01,-1,-1,-0.01,-1,-1,-0.01,-1,-1
99926009,2026-05-18 09:35:16+05:30,53048.8,0,0.0,0,0.0,0.0,53282.15,53308.4,52918.05,53710.35,0,0.0,0.0,0.0,0.0,-0.01,-1,-1,-0.01,-1,-1,-0.01,-1,-1,-0.01,-1,-1,-0.01,-1,-1,-0.01,-1,-1,-0.01,-1,-1,-0.01,-1,-1,-0.01,-1,-1,-0.01,-1,-1
99926009,2026-05-18 09:35:17+05:30,53040.9,0,0.0,0,0.0,0.0,53282.15,53308.4,52918.05,53710.35,0,0.0,0.0,0.0,0.0,-0.01,-1,-1,-0.01,-1,-1,-0.01,-1,-1,-0.01,-1,-1,-0.01,-1,-1,-0.01,-1,-1,-0.01,-1,-1,-0.01,-1,-1,-0.01,-1,-1,-0.01,-1,-1
99926009,2026-05-18 09:35:17+05:30,53036.05,0,0.0,0,0.0,0.0,53282.15,53308.4,52918.05,53710.35,0,0.0,0.0,0.0,0.0,-0.01,-1,-1,-0.01,-1,-1,-0.01,-1,-1,-0.01,-1,-1,-0.01,-1,-1,-0.01,-1,-1,-0.01,-1,-1,-0.01,-1,-1,-0.01,-1,-1,-0.01,-1,-1
99926009,2026-05-18 09:35:18+05:30,53036.85,0,0.0,0,0.0,0.0,53282.15,53308.4,52918.05,53710.35,0,0.0,0.0,0.0,0.0,-0.01,-1,-1,-0.01,-1,-1,-0.01,-1,-1,-0.01,-1,-1,-0.01,-1,-1,-0.01,-1,-1,-0.01,-1,-1,-0.01,-1,-1,-0.01,-1,-1,-0.01,-1,-1
99926009,2026-05-18 09:35:18+05:30,53037.8,0,0.0,0,0.0,0.0,53282.15,53308.4,52918.05,53710.35,0,0.0,0.0,0.0,0.0,-0.01,-1,-1,-0.01,-1,-1,-0.01,-1,-1,-0.01,-1,-1,-0.01,-1,-1,-0.01,-1,-1,-0.01,-1,-1,-0.01,-1,-1,-0.01,-1,-1,-0.01,-1,-1
99926009,2026-05-18 09:35:19+05:30,53040.4,0,0.0,0,0.0,0.0,53282.15,53308.4,52918.05,53710.35,0,0.0,0.0,0.0,0.0,-0.01,-1,-1,-0.01,-1,-1,-0.01,-1,-1,-0.01,-1,-1,-0.01,-1,-1,-0.01,-1,-1,-0.01,-1,-1,-0.01,-1,-1,-0.01,-1,-1,-0.01,-1,-1
99926009,2026-05-18 09:35:19+05:30,53038.3,0,0.0,0,0.0,0.0,53282.15,53308.4,52918.05,53710.35,0,0.0,0.0,0.0,0.0,-0.01,-1,-1,-0.01,-1,-1,-0.01,-1,-1,-0.01,-1,-1,-0.01,-1,-1,-0.01,-1,-1,-0.01,-1,-1,-0.01,-1,-1,-0.01,-1,-1,-0.01,-1,-1
99926009,2026-05-18 09:35:20+05:30,53037.35,0,0.0,0,0.0,0.0,53282.15,53308.4,52918.05,53710.35,0,0.0,0.0,0.0,0.0,-0.01,-1,-1,-0.01,-1,-1,-0.01,-1,-1,-0.01,-1,-1,-0.01,-1,-1,-0.01,-1,-1,-0.01,-1,-1,-0.01,-1,-1,-0.01,-1,-1,-0.01,-1,-1
99926009,2026-05-18 09:35:20+05:30,53042.35,0,0.0,0,0.0,0.0,53282.15,53308.4,52918.05,53710.35,0,0.0,0.0,0.0,0.0,-0.01,-1,-1,-0.01,-1,-1,-0.01,-1,-1,-0.01,-1,-1,-0.01,-1,-1,-0.01,-1,-1,-0.01,-1,-1,-0.01,-1,-1,-0.01,-1,-1,-0.01,-1,-1
99926009,2026-05-18 09:35:21+05:30,53041.6,0,0.0,0,0.0,0.0,53282.15,53308.4,52918.05,53710.35,0,0.0,0.0,0.0,0.0,-0.01,-1,-1,-0.01,-1,-1,-0.01,-1,-1,-0.01,-1,-1,-0.01,-1,-1,-0.01,-1,-1,-0.01,-1,-1,-0.01,-1,-1,-0.01,-1,-1,-0.01,-1,-1
99926009,2026-05-18 09:35:21+05:30,53038.45,0,0.0,0,0.0,0.0,53282.15,53308.4,52918.05,53710.35,0,0.0,0.0,0.0,0.0,-0.01,-1,-1,-0.01,-1,-1,-0.01,-1,-1,-0.01,-1,-1,-0.01,-1,-1,-0.01,-1,-1,-0.01,-1,-1,-0.01,-1,-1,-0.01,-1,-1,-0.01,-1,-1
99926009,2026-05-18 09:35:22+05:30,53039.9,0,0.0,0,0.0,0.0,53282.15,53308.4,52918.05,53710.35,0,0.0,0.0,0.0,0.0,-0.01,-1,-1,-0.01,-1,-1,-0.01,-1,-1,-0.01,-1,-1,-0.01,-1,-1,-0.01,-1,-1,-0.01,-1,-1,-0.01,-1,-1,-0.01,-1,-1,-0.01,-1,-1
99926009,2026-05-18 09:35:22+05:30,53040.45,0,0.0,0,0.0,0.0,53282.15,53308.4,52918.05,53710.35,0,0.0,0.0,0.0,0.0,-0.01,-1,-1,-0.01,-1,-1,-0.01,-1,-1,-0.01,-1,-1,-0.01,-1,-1,-0.01,-1,-1,-0.01,-1,-1,-0.01,-1,-1,-0.01,-1,-1,-0.01,-1,-1
99926009,2026-05-18 09:35:23+05:30,53036.95,0,0.0,0,0.0,0.0,53282.15,53308.4,52918.05,53710.35,0,0.0,0.0,0.0,0.0,-0.01,-1,-1,-0.01,-1,-1,-0.01,-1,-1,-0.01,-1,-1,-0.01,-1,-1,-0.01,-1,-1,-0.01,-1,-1,-0.01,-1,-1,-0.01,-1,-1,-0.01,-1,-1
99926009,2026-05-18 09:35:23+05:30,53040.5,0,0.0,0,0.0,0.0,53282.15,53308.4,52918.05,53710.35,0,0.0,0.0,0.0,0.0,-0.01,-1,-1,-0.01,-1,-1,-0.01,-1,-1,-0.01,-1,-1,-0.01,-1,-1,-0.01,-1,-1,-0.01,-1,-1,-0.01,-1,-1,-0.01,-1,-1,-0.01,-1,-1
99926009,2026-05-18 09:35:24+05:30,53039.1,0,0.0,0,0.0,0.0,53282.15,53308.4,52918.05,53710.35,0,0.0,0.0,0.0,0.0,-0.01,-1,-1,-0.01,-1,-1,-0.01,-1,-1,-0.01,-1,-1,-0.01,-1,-1,-0.01,-1,-1,-0.01,-1,-1,-0.01,-1,-1,-0.01,-1,-1,-0.01,-1,-1
99926009,2026-05-18 09:35:24+05:30,53039.75,0,0.0,0,0.0,0.0,53282.15,53308.4,52918.05,53710.35,0,0.0,0.0,0.0,0.0,-0.01,-1,-1,-0.01,-1,-1,-0.01,-1,-1,-0.01,-1,-1,-0.01,-1,-1,-0.01,-1,-1,-0.01,-1,-1,-0.01,-1,-1,-0.01,-1,-1,-0.01,-1,-1
99926009,2026-05-18 09:35:25+05:30,53043.2,0,0.0,0,0.0,0.0,53282.15,53308.4,52918.05,53710.35,0,0.0,0.0,0.0,0.0,-0.01,-1,-1,-0.01,-1,-1,-0.01,-1,-1,-0.01,-1,-1,-0.01,-1,-1,-0.01,-1,-1,-0.01,-1,-1,-0.01,-1,-1,-0.01,-1,-1,-0.01,-1,-1
99926009,2026-05-18 09:35:25+05:30,53043.7,0,0.0,0,0.0,0.0,53282.15,53308.4,52918.05,53710.35,0,0.0,0.0,0.0,0.0,-0.01,-1,-1,-0.01,-1,-1,-0.01,-1,-1,-0.01,-1,-1,-0.01,-1,-1,-0.01,-1,-1,-0.01,-1,-1,-0.01,-1,-1,-0.01,-1,-1,-0.01,-1,-1
99926009,2026-05-18 09:35:26+05:30,53039.65,0,0.0,0,0.0,0.0,53282.15,53308.4,52918.05,53710.35,0,0.0,0.0,0.0,0.0,-0.01,-1,-1,-0.01,-1,-1,-0.01,-1,-1,-0.01,-1,-1,-0.01,-1,-1,-0.01,-1,-1,-0.01,-1,-1,-0.01,-1,-1,-0.01,-1,-1,-0.01,-1,-1
99926009,2026-05-18 09:35:26+05:30,53037.75,0,0.0,0,0.0,0.0,53282.15,53308.4,52918.05,53710.35,0,0.0,0.0,0.0,0.0,-0.01,-1,-1,-0.01,-1,-1,-0.01,-1,-1,-0.01,-1,-1,-0.01,-1,-1,-0.01,-1,-1,-0.01,-1,-1,-0.01,-1,-1,-0.01,-1,-1,-0.01,-1,-1
99926009,2026-05-18 09:35:27+05:30,53037.35,0,0.0,0,0.0,0.0,53282.15,53308.4,52918.05,53710.35,0,0.0,0.0,0.0,0.0,-0.01,-1,-1,-0.01,-1,-1,-0.01,-1,-1,-0.01,-1,-1,-0.01,-1,-1,-0.01,-1,-1,-0.01,-1,-1,-0.01,-1,-1,-0.01,-1,-1,-0.01,-1,-1
99926009,2026-05-18 09:35:27+05:30,53037.85,0,0.0,0,0.0,0.0,53282.15,53308.4,52918.05,53710.35,0,0.0,0.0,0.0,0.0,-0.01,-1,-1,-0.01,-1,-1,-0.01,-1,-1,-0.01,-1,-1,-0.01,-1,-1,-0.01,-1,-1,-0.01,-1,-1,-0.01,-1,-1,-0.01,-1,-1,-0.01,-1,-1
99926009,2026-05-18 09:35:28+05:30,53037.85,0,0.0,0,0.0,0.0,53282.15,53308.4,52918.05,53710.35,0,0.0,0.0,0.0,0.0,-0.01,-1,-1,-0.01,-1,-1,-0.01,-1,-1,-0.01,-1,-1,-0.01,-1,-1,-0.01,-1,-1,-0.01,-1,-1,-0.01,-1,-1,-0.01,-1,-1,-0.01,-1,-1
99926009,2026-05-18 09:35:28+05:30,53036.1,0,0.0,0,0.0,0.0,53282.15,53308.4,52918.05,53710.35,0,0.0,0.0,0.0,0.0,-0.01,-1,-1,-0.01,-1,-1,-0.01,-1,-1,-0.01,-1,-1,-0.01,-1,-1,-0.01,-1,-1,-0.01,-1,-1,-0.01,-1,-1,-0.01,-1,-1,-0.01,-1,-1
99926009,2026-05-18 09:35:29+05:30,53033.0,0,0.0,0,0.0,0.0,53282.15,53308.4,52918.05,53710.35,0,0.0,0.0,0.0,0.0,-0.01,-1,-1,-0.01,-1,-1,-0.01,-1,-1,-0.01,-1,-1,-0.01,-1,-1,-0.01,-1,-1,-0.01,-1,-1,-0.01,-1,-1,-0.01,-1,-1,-0.01,-1,-1
99926009,2026-05-18 09:35:29+05:30,53030.5,0,0.0,0,0.0,0.0,53282.15,53308.4,52918.05,53710.35,0,0.0,0.0,0.0,0.0,-0.01,-1,-1,-0.01,-1,-1,-0.01,-1,-1,-0.01,-1,-1,-0.01,-1,-1,-0.01,-1,-1,-0.01,-1,-1,-0.01,-1,-1,-0.01,-1,-1,-0.01,-1,-1
99926009,2026-05-18 09:35:30+05:30,53030.5,0,0.0,0,0.0,0.0,53282.15,53308.4,52918.05,53710.35,0,0.0,0.0,0.0,0.0,-0.01,-1,-1,-0.01,-1,-1,-0.01,-1,-1,-0.01,-1,-1,-0.01,-1,-1,-0.01,-1,-1,-0.01,-1,-1,-0.01,-1,-1,-0.01,-1,-1,-0.01,-1,-1
99926009,2026-05-18 09:35:30+05:30,53031.4,0,0.0,0,0.0,0.0,53282.15,53308.4,52918.05,53710.35,0,0.0,0.0,0.0,0.0,-0.01,-1,-1,-0.01,-1,-1,-0.01,-1,-1,-0.01,-1,-1,-0.01,-1,-1,-0.01,-1,-1,-0.01,-1,-1,-0.01,-1,-1,-0.01,-1,-1,-0.01,-1,-1
99926009,2026-05-18 09:35:31+05:30,53033.1,0,0.0,0,0.0,0.0,53282.15,53308.4,52918.05,53710.35,0,0.0,0.0,0.0,0.0,-0.01,-1,-1,-0.01,-1,-1,-0.01,-1,-1,-0.01,-1,-1,-0.01,-1,-1,-0.01,-1,-1,-0.01,-1,-1,-0.01,-1,-1,-0.01,-1,-1,-0.01,-1,-1
99926009,2026-05-18 09:35:31+05:30,53034.9,0,0.0,0,0.0,0.0,53282.15,53308.4,52918.05,53710.35,0,0.0,0.0,0.0,0.0,-0.01,-1,-1,-0.01,-1,-1,-0.01,-1,-1,-0.01,-1,-1,-0.01,-1,-1,-0.01,-1,-1,-0.01,-1,-1,-0.01,-1,-1,-0.01,-1,-1,-0.01,-1,-1
99926009,2026-05-18 09:35:32+05:30,53031.65,0,0.0,0,0.0,0.0,53282.15,53308.4,52918.05,53710.35,0,0.0,0.0,0.0,0.0,-0.01,-1,-1,-0.01,-1,-1,-0.01,-1,-1,-0.01,-1,-1,-0.01,-1,-1,-0.01,-1,-1,-0.01,-1,-1,-0.01,-1,-1,-0.01,-1,-1,-0.01,-1,-1
99926009,2026-05-18 09:35:32+05:30,53033.3,0,0.0,0,0.0,0.0,53282.15,53308.4,52918.05,53710.35,0,0.0,0.0,0.0,0.0,-0.01,-1,-1,-0.01,-1,-1,-0.01,-1,-1,-0.01,-1,-1,-0.01,-1,-1,-0.01,-1,-1,-0.01,-1,-1,-0.01,-1,-1,-0.01,-1,-1,-0.01,-1,-1
99926009,2026-05-18 09:35:33+05:30,53031.8,0,0.0,0,0.0,0.0,53282.15,53308.4,52918.05,53710.35,0,0.0,0.0,0.0,0.0,-0.01,-1,-1,-0.01,-1,-1,-0.01,-1,-1,-0.01,-1,-1,-0.01,-1,-1,-0.01,-1,-1,-0.01,-1,-1,-0.01,-1,-1,-0.01,-1,-1,-0.01,-1,-1
99926009,2026-05-18 09:35:33+05:30,53029.55,0,0.0,0,0.0,0.0,53282.15,53308.4,52918.05,53710.35,0,0.0,0.0,0.0,0.0,-0.01,-1,-1,-0.01,-1,-1,-0.01,-1,-1,-0.01,-1,-1,-0.01,-1,-1,-0.01,-1,-1,-0.01,-1,-1,-0.01,-1,-1,-0.01,-1,-1,-0.01,-1,-1
99926009,2026-05-18 09:35:34+05:30,53030.55,0,0.0,0,0.0,0.0,53282.15,53308.4,52918.05,53710.35,0,0.0,0.0,0.0,0.0,-0.01,-1,-1,-0.01,-1,-1,-0.01,-1,-1,-0.01,-1,-1,-0.01,-1,-1,-0.01,-1,-1,-0.01,-1,-1,-0.01,-1,-1,-0.01,-1,-1,-0.01,-1,-1
99926009,2026-05-18 09:35:34+05:30,53029.45,0,0.0,0,0.0,0.0,53282.15,53308.4,52918.05,53710.35,0,0.0,0.0,0.0,0.0,-0.01,-1,-1,-0.01,-1,-1,-0.01,-1,-1,-0.01,-1,-1,-0.01,-1,-1,-0.01,-1,-1,-0.01,-1,-1,-0.01,-1,-1,-0.01,-1,-1,-0.01,-1,-1
99926009,2026-05-18 09:35:35+05:30,53030.8,0,0.0,0,0.0,0.0,53282.15,53308.4,52918.05,53710.35,0,0.0,0.0,0.0,0.0,-0.01,-1,-1,-0.01,-1,-1,-0.01,-1,-1,-0.01,-1,-1,-0.01,-1,-1,-0.01,-1,-1,-0.01,-1,-1,-0.01,-1,-1,-0.01,-1,-1,-0.01,-1,-1
99926009,2026-05-18 09:35:35+05:30,53029.9,0,0.0,0,0.0,0.0,53282.15,53308.4,52918.05,53710.35,0,0.0,0.0,0.0,0.0,-0.01,-1,-1,-0.01,-1,-1,-0.01,-1,-1,-0.01,-1,-1,-0.01,-1,-1,-0.01,-1,-1,-0.01,-1,-1,-0.01,-1,-1,-0.01,-1,-1,-0.01,-1,-1
99926009,2026-05-18 09:35:36+05:30,53030.8,0,0.0,0,0.0,0.0,53282.15,53308.4,52918.05,53710.35,0,0.0,0.0,0.0,0.0,-0.01,-1,-1,-0.01,-1,-1,-0.01,-1,-1,-0.01,-1,-1,-0.01,-1,-1,-0.01,-1,-1,-0.01,-1,-1,-0.01,-1,-1,-0.01,-1,-1,-0.01,-1,-1
99926009,2026-05-18 09:35:36+05:30,53032.25,0,0.0,0,0.0,0.0,53282.15,53308.4,52918.05,53710.35,0,0.0,0.0,0.0,0.0,-0.01,-1,-1,-0.01,-1,-1,-0.01,-1,-1,-0.01,-1,-1,-0.01,-1,-1,-0.01,-1,-1,-0.01,-1,-1,-0.01,-1,-1,-0.01,-1,-1,-0.01,-1,-1
99926009,2026-05-18 09:35:37+05:30,53028.15,0,0.0,0,0.0,0.0,53282.15,53308.4,52918.05,53710.35,0,0.0,0.0,0.0,0.0,-0.01,-1,-1,-0.01,-1,-1,-0.01,-1,-1,-0.01,-1,-1,-0.01,-1,-1,-0.01,-1,-1,-0.01,-1,-1,-0.01,-1,-1,-0.01,-1,-1,-0.01,-1,-1
99926009,2026-05-18 09:35:37+05:30,53027.05,0,0.0,0,0.0,0.0,53282.15,53308.4,52918.05,53710.35,0,0.0,0.0,0.0,0.0,-0.01,-1,-1,-0.01,-1,-1,-0.01,-1,-1,-0.01,-1,-1,-0.01,-1,-1,-0.01,-1,-1,-0.01,-1,-1,-0.01,-1,-1,-0.01,-1,-1,-0.01,-1,-1
99926009,2026-05-18 09:35:38+05:30,53022.2,0,0.0,0,0.0,0.0,53282.15,53308.4,52918.05,53710.35,0,0.0,0.0,0.0,0.0,-0.01,-1,-1,-0.01,-1,-1,-0.01,-1,-1,-0.01,-1,-1,-0.01,-1,-1,-0.01,-1,-1,-0.01,-1,-1,-0.01,-1,-1,-0.01,-1,-1,-0.01,-1,-1
99926009,2026-05-18 09:35:38+05:30,53025.8,0,0.0,0,0.0,0.0,53282.15,53308.4,52918.05,53710.35,0,0.0,0.0,0.0,0.0,-0.01,-1,-1,-0.01,-1,-1,-0.01,-1,-1,-0.01,-1,-1,-0.01,-1,-1,-0.01,-1,-1,-0.01,-1,-1,-0.01,-1,-1,-0.01,-1,-1,-0.01,-1,-1
99926009,2026-05-18 09:35:39+05:30,53024.2,0,0.0,0,0.0,0.0,53282.15,53308.4,52918.05,53710.35,0,0.0,0.0,0.0,0.0,-0.01,-1,-1,-0.01,-1,-1,-0.01,-1,-1,-0.01,-1,-1,-0.01,-1,-1,-0.01,-1,-1,-0.01,-1,-1,-0.01,-1,-1,-0.01,-1,-1,-0.01,-1,-1
99926009,2026-05-18 09:35:39+05:30,53022.3,0,0.0,0,0.0,0.0,53282.15,53308.4,52918.05,53710.35,0,0.0,0.0,0.0,0.0,-0.01,-1,-1,-0.01,-1,-1,-0.01,-1,-1,-0.01,-1,-1,-0.01,-1,-1,-0.01,-1,-1,-0.01,-1,-1,-0.01,-1,-1,-0.01,-1,-1,-0.01,-1,-1
99926009,2026-05-18 09:35:40+05:30,53023.4,0,0.0,0,0.0,0.0,53282.15,53308.4,52918.05,53710.35,0,0.0,0.0,0.0,0.0,-0.01,-1,-1,-0.01,-1,-1,-0.01,-1,-1,-0.01,-1,-1,-0.01,-1,-1,-0.01,-1,-1,-0.01,-1,-1,-0.01,-1,-1,-0.01,-1,-1,-0.01,-1,-1
99926009,2026-05-18 09:35:40+05:30,53023.45,0,0.0,0,0.0,0.0,53282.15,53308.4,52918.05,53710.35,0,0.0,0.0,0.0,0.0,-0.01,-1,-1,-0.01,-1,-1,-0.01,-1,-1,-0.01,-1,-1,-0.01,-1,-1,-0.01,-1,-1,-0.01,-1,-1,-0.01,-1,-1,-0.01,-1,-1,-0.01,-1,-1
99926009,2026-05-18 09:35:41+05:30,53015.35,0,0.0,0,0.0,0.0,53282.15,53308.4,52918.05,53710.35,0,0.0,0.0,0.0,0.0,-0.01,-1,-1,-0.01,-1,-1,-0.01,-1,-1,-0.01,-1,-1,-0.01,-1,-1,-0.01,-1,-1,-0.01,-1,-1,-0.01,-1,-1,-0.01,-1,-1,-0.01,-1,-1
99926009,2026-05-18 09:35:41+05:30,53018.3,0,0.0,0,0.0,0.0,53282.15,53308.4,52918.05,53710.35,0,0.0,0.0,0.0,0.0,-0.01,-1,-1,-0.01,-1,-1,-0.01,-1,-1,-0.01,-1,-1,-0.01,-1,-1,-0.01,-1,-1,-0.01,-1,-1,-0.01,-1,-1,-0.01,-1,-1,-0.01,-1,-1
99926009,2026-05-18 09:35:42+05:30,53014.2,0,0.0,0,0.0,0.0,53282.15,53308.4,52918.05,53710.35,0,0.0,0.0,0.0,0.0,-0.01,-1,-1,-0.01,-1,-1,-0.01,-1,-1,-0.01,-1,-1,-0.01,-1,-1,-0.01,-1,-1,-0.01,-1,-1,-0.01,-1,-1,-0.01,-1,-1,-0.01,-1,-1
99926009,2026-05-18 09:35:42+05:30,53014.35,0,0.0,0,0.0,0.0,53282.15,53308.4,52918.05,53710.35,0,0.0,0.0,0.0,0.0,-0.01,-1,-1,-0.01,-1,-1,-0.01,-1,-1,-0.01,-1,-1,-0.01,-1,-1,-0.01,-1,-1,-0.01,-1,-1,-0.01,-1,-1,-0.01,-1,-1,-0.01,-1,-1
99926009,2026-05-18 09:35:43+05:30,53017.15,0,0.0,0,0.0,0.0,53282.15,53308.4,52918.05,53710.35,0,0.0,0.0,0.0,0.0,-0.01,-1,-1,-0.01,-1,-1,-0.01,-1,-1,-0.01,-1,-1,-0.01,-1,-1,-0.01,-1,-1,-0.01,-1,-1,-0.01,-1,-1,-0.01,-1,-1,-0.01,-1,-1
99926009,2026-05-18 09:35:43+05:30,53017.05,0,0.0,0,0.0,0.0,53282.15,53308.4,52918.05,53710.35,0,0.0,0.0,0.0,0.0,-0.01,-1,-1,-0.01,-1,-1,-0.01,-1,-1,-0.01,-1,-1,-0.01,-1,-1,-0.01,-1,-1,-0.01,-1,-1,-0.01,-1,-1,-0.01,-1,-1,-0.01,-1,-1
99926009,2026-05-18 09:35:44+05:30,53014.1,0,0.0,0,0.0,0.0,53282.15,53308.4,52918.05,53710.35,0,0.0,0.0,0.0,0.0,-0.01,-1,-1,-0.01,-1,-1,-0.01,-1,-1,-0.01,-1,-1,-0.01,-1,-1,-0.01,-1,-1,-0.01,-1,-1,-0.01,-1,-1,-0.01,-1,-1,-0.01,-1,-1
99926009,2026-05-18 09:35:44+05:30,53012.5,0,0.0,0,0.0,0.0,53282.15,53308.4,52918.05,53710.35,0,0.0,0.0,0.0,0.0,-0.01,-1,-1,-0.01,-1,-1,-0.01,-1,-1,-0.01,-1,-1,-0.01,-1,-1,-0.01,-1,-1,-0.01,-1,-1,-0.01,-1,-1,-0.01,-1,-1,-0.01,-1,-1
99926009,2026-05-18 09:35:45+05:30,53013.7,0,0.0,0,0.0,0.0,53282.15,53308.4,52918.05,53710.35,0,0.0,0.0,0.0,0.0,-0.01,-1,-1,-0.01,-1,-1,-0.01,-1,-1,-0.01,-1,-1,-0.01,-1,-1,-0.01,-1,-1,-0.01,-1,-1,-0.01,-1,-1,-0.01,-1,-1,-0.01,-1,-1
99926009,2026-05-18 09:35:45+05:30,53011.35,0,0.0,0,0.0,0.0,53282.15,53308.4,52918.05,53710.35,0,0.0,0.0,0.0,0.0,-0.01,-1,-1,-0.01,-1,-1,-0.01,-1,-1,-0.01,-1,-1,-0.01,-1,-1,-0.01,-1,-1,-0.01,-1,-1,-0.01,-1,-1,-0.01,-1,-1,-0.01,-1,-1
99926009,2026-05-18 09:35:46+05:30,53014.45,0,0.0,0,0.0,0.0,53282.15,53308.4,52918.05,53710.35,0,0.0,0.0,0.0,0.0,-0.01,-1,-1,-0.01,-1,-1,-0.01,-1,-1,-0.01,-1,-1,-0.01,-1,-1,-0.01,-1,-1,-0.01,-1,-1,-0.01,-1,-1,-0.01,-1,-1,-0.01,-1,-1
99926009,2026-05-18 09:35:46+05:30,53014.4,0,0.0,0,0.0,0.0,53282.15,53308.4,52918.05,53710.35,0,0.0,0.0,0.0,0.0,-0.01,-1,-1,-0.01,-1,-1,-0.01,-1,-1,-0.01,-1,-1,-0.01,-1,-1,-0.01,-1,-1,-0.01,-1,-1,-0.01,-1,-1,-0.01,-1,-1,-0.01,-1,-1
99926009,2026-05-18 09:35:47+05:30,53016.6,0,0.0,0,0.0,0.0,53282.15,53308.4,52918.05,53710.35,0,0.0,0.0,0.0,0.0,-0.01,-1,-1,-0.01,-1,-1,-0.01,-1,-1,-0.01,-1,-1,-0.01,-1,-1,-0.01,-1,-1,-0.01,-1,-1,-0.01,-1,-1,-0.01,-1,-1,-0.01,-1,-1
99926009,2026-05-18 09:35:47+05:30,53017.9,0,0.0,0,0.0,0.0,53282.15,53308.4,52918.05,53710.35,0,0.0,0.0,0.0,0.0,-0.01,-1,-1,-0.01,-1,-1,-0.01,-1,-1,-0.01,-1,-1,-0.01,-1,-1,-0.01,-1,-1,-0.01,-1,-1,-0.01,-1,-1,-0.01,-1,-1,-0.01,-1,-1
99926009,2026-05-18 09:35:48+05:30,53017.65,0,0.0,0,0.0,0.0,53282.15,53308.4,52918.05,53710.35,0,0.0,0.0,0.0,0.0,-0.01,-1,-1,-0.01,-1,-1,-0.01,-1,-1,-0.01,-1,-1,-0.01,-1,-1,-0.01,-1,-1,-0.01,-1,-1,-0.01,-1,-1,-0.01,-1,-1,-0.01,-1,-1
99926009,2026-05-18 09:35:48+05:30,53017.45,0,0.0,0,0.0,0.0,53282.15,53308.4,52918.05,53710.35,0,0.0,0.0,0.0,0.0,-0.01,-1,-1,-0.01,-1,-1,-0.01,-1,-1,-0.01,-1,-1,-0.01,-1,-1,-0.01,-1,-1,-0.01,-1,-1,-0.01,-1,-1,-0.01,-1,-1,-0.01,-1,-1
99926009,2026-05-18 09:35:49+05:30,53015.1,0,0.0,0,0.0,0.0,53282.15,53308.4,52918.05,53710.35,0,0.0,0.0,0.0,0.0,-0.01,-1,-1,-0.01,-1,-1,-0.01,-1,-1,-0.01,-1,-1,-0.01,-1,-1,-0.01,-1,-1,-0.01,-1,-1,-0.01,-1,-1,-0.01,-1,-1,-0.01,-1,-1
99926009,2026-05-18 09:35:49+05:30,53010.85,0,0.0,0,0.0,0.0,53282.15,53308.4,52918.05,53710.35,0,0.0,0.0,0.0,0.0,-0.01,-1,-1,-0.01,-1,-1,-0.01,-1,-1,-0.01,-1,-1,-0.01,-1,-1,-0.01,-1,-1,-0.01,-1,-1,-0.01,-1,-1,-0.01,-1,-1,-0.01,-1,-1
99926009,2026-05-18 09:35:50+05:30,53013.6,0,0.0,0,0.0,0.0,53282.15,53308.4,52918.05,53710.35,0,0.0,0.0,0.0,0.0,-0.01,-1,-1,-0.01,-1,-1,-0.01,-1,-1,-0.01,-1,-1,-0.01,-1,-1,-0.01,-1,-1,-0.01,-1,-1,-0.01,-1,-1,-0.01,-1,-1,-0.01,-1,-1
99926009,2026-05-18 09:35:50+05:30,53008.85,0,0.0,0,0.0,0.0,53282.15,53308.4,52918.05,53710.35,0,0.0,0.0,0.0,0.0,-0.01,-1,-1,-0.01,-1,-1,-0.01,-1,-1,-0.01,-1,-1,-0.01,-1,-1,-0.01,-1,-1,-0.01,-1,-1,-0.01,-1,-1,-0.01,-1,-1,-0.01,-1,-1
99926009,2026-05-18 09:35:51+05:30,53011.6,0,0.0,0,0.0,0.0,53282.15,53308.4,52918.05,53710.35,0,0.0,0.0,0.0,0.0,-0.01,-1,-1,-0.01,-1,-1,-0.01,-1,-1,-0.01,-1,-1,-0.01,-1,-1,-0.01,-1,-1,-0.01,-1,-1,-0.01,-1,-1,-0.01,-1,-1,-0.01,-1,-1
99926009,2026-05-18 09:35:51+05:30,53014.95,0,0.0,0,0.0,0.0,53282.15,53308.4,52918.05,53710.35,0,0.0,0.0,0.0,0.0,-0.01,-1,-1,-0.01,-1,-1,-0.01,-1,-1,-0.01,-1,-1,-0.01,-1,-1,-0.01,-1,-1,-0.01,-1,-1,-0.01,-1,-1,-0.01,-1,-1,-0.01,-1,-1
99926009,2026-05-18 09:35:52+05:30,53012.3,0,0.0,0,0.0,0.0,53282.15,53308.4,52918.05,53710.35,0,0.0,0.0,0.0,0.0,-0.01,-1,-1,-0.01,-1,-1,-0.01,-1,-1,-0.01,-1,-1,-0.01,-1,-1,-0.01,-1,-1,-0.01,-1,-1,-0.01,-1,-1,-0.01,-1,-1,-0.01,-1,-1
99926009,2026-05-18 09:35:52+05:30,53011.95,0,0.0,0,0.0,0.0,53282.15,53308.4,52918.05,53710.35,0,0.0,0.0,0.0,0.0,-0.01,-1,-1,-0.01,-1,-1,-0.01,-1,-1,-0.01,-1,-1,-0.01,-1,-1,-0.01,-1,-1,-0.01,-1,-1,-0.01,-1,-1,-0.01,-1,-1,-0.01,-1,-1
99926009,2026-05-18 09:35:53+05:30,53010.45,0,0.0,0,0.0,0.0,53282.15,53308.4,52918.05,53710.35,0,0.0,0.0,0.0,0.0,-0.01,-1,-1,-0.01,-1,-1,-0.01,-1,-1,-0.01,-1,-1,-0.01,-1,-1,-0.01,-1,-1,-0.01,-1,-1,-0.01,-1,-1,-0.01,-1,-1,-0.01,-1,-1
99926009,2026-05-18 09:35:53+05:30,53009.4,0,0.0,0,0.0,0.0,53282.15,53308.4,52918.05,53710.35,0,0.0,0.0,0.0,0.0,-0.01,-1,-1,-0.01,-1,-1,-0.01,-1,-1,-0.01,-1,-1,-0.01,-1,-1,-0.01,-1,-1,-0.01,-1,-1,-0.01,-1,-1,-0.01,-1,-1,-0.01,-1,-1
99926009,2026-05-18 09:35:54+05:30,53005.05,0,0.0,0,0.0,0.0,53282.15,53308.4,52918.05,53710.35,0,0.0,0.0,0.0,0.0,-0.01,-1,-1,-0.01,-1,-1,-0.01,-1,-1,-0.01,-1,-1,-0.01,-1,-1,-0.01,-1,-1,-0.01,-1,-1,-0.01,-1,-1,-0.01,-1,-1,-0.01,-1,-1
99926009,2026-05-18 09:35:54+05:30,53003.95,0,0.0,0,0.0,0.0,53282.15,53308.4,52918.05,53710.35,0,0.0,0.0,0.0,0.0,-0.01,-1,-1,-0.01,-1,-1,-0.01,-1,-1,-0.01,-1,-1,-0.01,-1,-1,-0.01,-1,-1,-0.01,-1,-1,-0.01,-1,-1,-0.01,-1,-1,-0.01,-1,-1
99926009,2026-05-18 09:35:55+05:30,53002.8,0,0.0,0,0.0,0.0,53282.15,53308.4,52918.05,53710.35,0,0.0,0.0,0.0,0.0,-0.01,-1,-1,-0.01,-1,-1,-0.01,-1,-1,-0.01,-1,-1,-0.01,-1,-1,-0.01,-1,-1,-0.01,-1,-1,-0.01,-1,-1,-0.01,-1,-1,-0.01,-1,-1
99926009,2026-05-18 09:35:55+05:30,52998.0,0,0.0,0,0.0,0.0,53282.15,53308.4,52918.05,53710.35,0,0.0,0.0,0.0,0.0,-0.01,-1,-1,-0.01,-1,-1,-0.01,-1,-1,-0.01,-1,-1,-0.01,-1,-1,-0.01,-1,-1,-0.01,-1,-1,-0.01,-1,-1,-0.01,-1,-1,-0.01,-1,-1
99926009,2026-05-18 09:35:56+05:30,52996.5,0,0.0,0,0.0,0.0,53282.15,53308.4,52918.05,53710.35,0,0.0,0.0,0.0,0.0,-0.01,-1,-1,-0.01,-1,-1,-0.01,-1,-1,-0.01,-1,-1,-0.01,-1,-1,-0.01,-1,-1,-0.01,-1,-1,-0.01,-1,-1,-0.01,-1,-1,-0.01,-1,-1
99926009,2026-05-18 09:35:56+05:30,52996.1,0,0.0,0,0.0,0.0,53282.15,53308.4,52918.05,53710.35,0,0.0,0.0,0.0,0.0,-0.01,-1,-1,-0.01,-1,-1,-0.01,-1,-1,-0.01,-1,-1,-0.01,-1,-1,-0.01,-1,-1,-0.01,-1,-1,-0.01,-1,-1,-0.01,-1,-1,-0.01,-1,-1
99926009,2026-05-18 09:35:57+05:30,52996.35,0,0.0,0,0.0,0.0,53282.15,53308.4,52918.05,53710.35,0,0.0,0.0,0.0,0.0,-0.01,-1,-1,-0.01,-1,-1,-0.01,-1,-1,-0.01,-1,-1,-0.01,-1,-1,-0.01,-1,-1,-0.01,-1,-1,-0.01,-1,-1,-0.01,-1,-1,-0.01,-1,-1
99926009,2026-05-18 09:35:57+05:30,52989.8,0,0.0,0,0.0,0.0,53282.15,53308.4,52918.05,53710.35,0,0.0,0.0,0.0,0.0,-0.01,-1,-1,-0.01,-1,-1,-0.01,-1,-1,-0.01,-1,-1,-0.01,-1,-1,-0.01,-1,-1,-0.01,-1,-1,-0.01,-1,-1,-0.01,-1,-1,-0.01,-1,-1
99926009,2026-05-18 09:35:58+05:30,52990.0,0,0.0,0,0.0,0.0,53282.15,53308.4,52918.05,53710.35,0,0.0,0.0,0.0,0.0,-0.01,-1,-1,-0.01,-1,-1,-0.01,-1,-1,-0.01,-1,-1,-0.01,-1,-1,-0.01,-1,-1,-0.01,-1,-1,-0.01,-1,-1,-0.01,-1,-1,-0.01,-1,-1
99926009,2026-05-18 09:35:58+05:30,52985.95,0,0.0,0,0.0,0.0,53282.15,53308.4,52918.05,53710.35,0,0.0,0.0,0.0,0.0,-0.01,-1,-1,-0.01,-1,-1,-0.01,-1,-1,-0.01,-1,-1,-0.01,-1,-1,-0.01,-1,-1,-0.01,-1,-1,-0.01,-1,-1,-0.01,-1,-1,-0.01,-1,-1
99926009,2026-05-18 09:35:59+05:30,52983.2,0,0.0,0,0.0,0.0,53282.15,53308.4,52918.05,53710.35,0,0.0,0.0,0.0,0.0,-0.01,-1,-1,-0.01,-1,-1,-0.01,-1,-1,-0.01,-1,-1,-0.01,-1,-1,-0.01,-1,-1,-0.01,-1,-1,-0.01,-1,-1,-0.01,-1,-1,-0.01,-1,-1
99926009,2026-05-18 09:35:59+05:30,52984.7,0,0.0,0,0.0,0.0,53282.15,53308.4,52918.05,53710.35,0,0.0,0.0,0.0,0.0,-0.01,-1,-1,-0.01,-1,-1,-0.01,-1,-1,-0.01,-1,-1,-0.01,-1,-1,-0.01,-1,-1,-0.01,-1,-1,-0.01,-1,-1,-0.01,-1,-1,-0.01,-1,-1
99926009,2026-05-18 09:36:00+05:30,52979.6,0,0.0,0,0.0,0.0,53282.15,53308.4,52918.05,53710.35,0,0.0,0.0,0.0,0.0,-0.01,-1,-1,-0.01,-1,-1,-0.01,-1,-1,-0.01,-1,-1,-0.01,-1,-1,-0.01,-1,-1,-0.01,-1,-1,-0.01,-1,-1,-0.01,-1,-1,-0.01,-1,-1
99926009,2026-05-18 09:36:00+05:30,52981.45,0,0.0,0,0.0,0.0,53282.15,53308.4,52918.05,53710.35,0,0.0,0.0,0.0,0.0,-0.01,-1,-1,-0.01,-1,-1,-0.01,-1,-1,-0.01,-1,-1,-0.01,-1,-1,-0.01,-1,-1,-0.01,-1,-1,-0.01,-1,-1,-0.01,-1,-1,-0.01,-1,-1
99926009,2026-05-18 09:36:01+05:30,52982.7,0,0.0,0,0.0,0.0,53282.15,53308.4,52918.05,53710.35,0,0.0,0.0,0.0,0.0,-0.01,-1,-1,-0.01,-1,-1,-0.01,-1,-1,-0.01,-1,-1,-0.01,-1,-1,-0.01,-1,-1,-0.01,-1,-1,-0.01,-1,-1,-0.01,-1,-1,-0.01,-1,-1
99926009,2026-05-18 09:36:01+05:30,52979.6,0,0.0,0,0.0,0.0,53282.15,53308.4,52918.05,53710.35,0,0.0,0.0,0.0,0.0,-0.01,-1,-1,-0.01,-1,-1,-0.01,-1,-1,-0.01,-1,-1,-0.01,-1,-1,-0.01,-1,-1,-0.01,-1,-1,-0.01,-1,-1,-0.01,-1,-1,-0.01,-1,-1
99926009,2026-05-18 09:36:02+05:30,52982.25,0,0.0,0,0.0,0.0,53282.15,53308.4,52918.05,53710.35,0,0.0,0.0,0.0,0.0,-0.01,-1,-1,-0.01,-1,-1,-0.01,-1,-1,-0.01,-1,-1,-0.01,-1,-1,-0.01,-1,-1,-0.01,-1,-1,-0.01,-1,-1,-0.01,-1,-1,-0.01,-1,-1
99926009,2026-05-18 09:36:02+05:30,52982.55,0,0.0,0,0.0,0.0,53282.15,53308.4,52918.05,53710.35,0,0.0,0.0,0.0,0.0,-0.01,-1,-1,-0.01,-1,-1,-0.01,-1,-1,-0.01,-1,-1,-0.01,-1,-1,-0.01,-1,-1,-0.01,-1,-1,-0.01,-1,-1,-0.01,-1,-1,-0.01,-1,-1
99926009,2026-05-18 09:36:03+05:30,52985.35,0,0.0,0,0.0,0.0,53282.15,53308.4,52918.05,53710.35,0,0.0,0.0,0.0,0.0,-0.01,-1,-1,-0.01,-1,-1,-0.01,-1,-1,-0.01,-1,-1,-0.01,-1,-1,-0.01,-1,-1,-0.01,-1,-1,-0.01,-1,-1,-0.01,-1,-1,-0.01,-1,-1
99926009,2026-05-18 09:36:03+05:30,52987.25,0,0.0,0,0.0,0.0,53282.15,53308.4,52918.05,53710.35,0,0.0,0.0,0.0,0.0,-0.01,-1,-1,-0.01,-1,-1,-0.01,-1,-1,-0.01,-1,-1,-0.01,-1,-1,-0.01,-1,-1,-0.01,-1,-1,-0.01,-1,-1,-0.01,-1,-1,-0.01,-1,-1
99926009,2026-05-18 09:36:04+05:30,52986.55,0,0.0,0,0.0,0.0,53282.15,53308.4,52918.05,53710.35,0,0.0,0.0,0.0,0.0,-0.01,-1,-1,-0.01,-1,-1,-0.01,-1,-1,-0.01,-1,-1,-0.01,-1,-1,-0.01,-1,-1,-0.01,-1,-1,-0.01,-1,-1,-0.01,-1,-1,-0.01,-1,-1
99926009,2026-05-18 09:36:04+05:30,52987.8,0,0.0,0,0.0,0.0,53282.15,53308.4,52918.05,53710.35,0,0.0,0.0,0.0,0.0,-0.01,-1,-1,-0.01,-1,-1,-0.01,-1,-1,-0.01,-1,-1,-0.01,-1,-1,-0.01,-1,-1,-0.01,-1,-1,-0.01,-1,-1,-0.01,-1,-1,-0.01,-1,-1
99926009,2026-05-18 09:36:05+05:30,52991.75,0,0.0,0,0.0,0.0,53282.15,53308.4,52918.05,53710.35,0,0.0,0.0,0.0,0.0,-0.01,-1,-1,-0.01,-1,-1,-0.01,-1,-1,-0.01,-1,-1,-0.01,-1,-1,-0.01,-1,-1,-0.01,-1,-1,-0.01,-1,-1,-0.01,-1,-1,-0.01,-1,-1
99926009,2026-05-18 09:36:05+05:30,52993.85,0,0.0,0,0.0,0.0,53282.15,53308.4,52918.05,53710.35,0,0.0,0.0,0.0,0.0,-0.01,-1,-1,-0.01,-1,-1,-0.01,-1,-1,-0.01,-1,-1,-0.01,-1,-1,-0.01,-1,-1,-0.01,-1,-1,-0.01,-1,-1,-0.01,-1,-1,-0.01,-1,-1
99926009,2026-05-18 09:36:06+05:30,52994.4,0,0.0,0,0.0,0.0,53282.15,53308.4,52918.05,53710.35,0,0.0,0.0,0.0,0.0,-0.01,-1,-1,-0.01,-1,-1,-0.01,-1,-1,-0.01,-1,-1,-0.01,-1,-1,-0.01,-1,-1,-0.01,-1,-1,-0.01,-1,-1,-0.01,-1,-1,-0.01,-1,-1
99926009,2026-05-18 09:36:06+05:30,52996.35,0,0.0,0,0.0,0.0,53282.15,53308.4,52918.05,53710.35,0,0.0,0.0,0.0,0.0,-0.01,-1,-1,-0.01,-1,-1,-0.01,-1,-1,-0.01,-1,-1,-0.01,-1,-1,-0.01,-1,-1,-0.01,-1,-1,-0.01,-1,-1,-0.01,-1,-1,-0.01,-1,-1
99926009,2026-05-18 09:36:07+05:30,52994.1,0,0.0,0,0.0,0.0,53282.15,53308.4,52918.05,53710.35,0,0.0,0.0,0.0,0.0,-0.01,-1,-1,-0.01,-1,-1,-0.01,-1,-1,-0.01,-1,-1,-0.01,-1,-1,-0.01,-1,-1,-0.01,-1,-1,-0.01,-1,-1,-0.01,-1,-1,-0.01,-1,-1
99926009,2026-05-18 09:36:07+05:30,52990.9,0,0.0,0,0.0,0.0,53282.15,53308.4,52918.05,53710.35,0,0.0,0.0,0.0,0.0,-0.01,-1,-1,-0.01,-1,-1,-0.01,-1,-1,-0.01,-1,-1,-0.01,-1,-1,-0.01,-1,-1,-0.01,-1,-1,-0.01,-1,-1,-0.01,-1,-1,-0.01,-1,-1
99926009,2026-05-18 09:36:08+05:30,52991.95,0,0.0,0,0.0,0.0,53282.15,53308.4,52918.05,53710.35,0,0.0,0.0,0.0,0.0,-0.01,-1,-1,-0.01,-1,-1,-0.01,-1,-1,-0.01,-1,-1,-0.01,-1,-1,-0.01,-1,-1,-0.01,-1,-1,-0.01,-1,-1,-0.01,-1,-1,-0.01,-1,-1
99926009,2026-05-18 09:36:08+05:30,52991.95,0,0.0,0,0.0,0.0,53282.15,53308.4,52918.05,53710.35,0,0.0,0.0,0.0,0.0,-0.01,-1,-1,-0.01,-1,-1,-0.01,-1,-1,-0.01,-1,-1,-0.01,-1,-1,-0.01,-1,-1,-0.01,-1,-1,-0.01,-1,-1,-0.01,-1,-1,-0.01,-1,-1
99926009,2026-05-18 09:36:09+05:30,52988.2,0,0.0,0,0.0,0.0,53282.15,53308.4,52918.05,53710.35,0,0.0,0.0,0.0,0.0,-0.01,-1,-1,-0.01,-1,-1,-0.01,-1,-1,-0.01,-1,-1,-0.01,-1,-1,-0.01,-1,-1,-0.01,-1,-1,-0.01,-1,-1,-0.01,-1,-1,-0.01,-1,-1
99926009,2026-05-18 09:36:09+05:30,52991.35,0,0.0,0,0.0,0.0,53282.15,53308.4,52918.05,53710.35,0,0.0,0.0,0.0,0.0,-0.01,-1,-1,-0.01,-1,-1,-0.01,-1,-1,-0.01,-1,-1,-0.01,-1,-1,-0.01,-1,-1,-0.01,-1,-1,-0.01,-1,-1,-0.01,-1,-1,-0.01,-1,-1
99926009,2026-05-18 09:36:10+05:30,52991.0,0,0.0,0,0.0,0.0,53282.15,53308.4,52918.05,53710.35,0,0.0,0.0,0.0,0.0,-0.01,-1,-1,-0.01,-1,-1,-0.01,-1,-1,-0.01,-1,-1,-0.01,-1,-1,-0.01,-1,-1,-0.01,-1,-1,-0.01,-1,-1,-0.01,-1,-1,-0.01,-1,-1
99926009,2026-05-18 09:36:10+05:30,52994.0,0,0.0,0,0.0,0.0,53282.15,53308.4,52918.05,53710.35,0,0.0,0.0,0.0,0.0,-0.01,-1,-1,-0.01,-1,-1,-0.01,-1,-1,-0.01,-1,-1,-0.01,-1,-1,-0.01,-1,-1,-0.01,-1,-1,-0.01,-1,-1,-0.01,-1,-1,-0.01,-1,-1
99926009,2026-05-18 09:36:11+05:30,52992.9,0,0.0,0,0.0,0.0,53282.15,53308.4,52918.05,53710.35,0,0.0,0.0,0.0,0.0,-0.01,-1,-1,-0.01,-1,-1,-0.01,-1,-1,-0.01,-1,-1,-0.01,-1,-1,-0.01,-1,-1,-0.01,-1,-1,-0.01,-1,-1,-0.01,-1,-1,-0.01,-1,-1
99926009,2026-05-18 09:36:11+05:30,52994.4,0,0.0,0,0.0,0.0,53282.15,53308.4,52918.05,53710.35,0,0.0,0.0,0.0,0.0,-0.01,-1,-1,-0.01,-1,-1,-0.01,-1,-1,-0.01,-1,-1,-0.01,-1,-1,-0.01,-1,-1,-0.01,-1,-1,-0.01,-1,-1,-0.01,-1,-1,-0.01,-1,-1
99926009,2026-05-18 09:36:12+05:30,52988.5,0,0.0,0,0.0,0.0,53282.15,53308.4,52918.05,53710.35,0,0.0,0.0,0.0,0.0,-0.01,-1,-1,-0.01,-1,-1,-0.01,-1,-1,-0.01,-1,-1,-0.01,-1,-1,-0.01,-1,-1,-0.01,-1,-1,-0.01,-1,-1,-0.01,-1,-1,-0.01,-1,-1
99926009,2026-05-18 09:36:12+05:30,52988.85,0,0.0,0,0.0,0.0,53282.15,53308.4,52918.05,53710.35,0,0.0,0.0,0.0,0.0,-0.01,-1,-1,-0.01,-1,-1,-0.01,-1,-1,-0.01,-1,-1,-0.01,-1,-1,-0.01,-1,-1,-0.01,-1,-1,-0.01,-1,-1,-0.01,-1,-1,-0.01,-1,-1
99926009,2026-05-18 09:36:13+05:30,52991.8,0,0.0,0,0.0,0.0,53282.15,53308.4,52918.05,53710.35,0,0.0,0.0,0.0,0.0,-0.01,-1,-1,-0.01,-1,-1,-0.01,-1,-1,-0.01,-1,-1,-0.01,-1,-1,-0.01,-1,-1,-0.01,-1,-1,-0.01,-1,-1,-0.01,-1,-1,-0.01,-1,-1
99926009,2026-05-18 09:36:13+05:30,52993.9,0,0.0,0,0.0,0.0,53282.15,53308.4,52918.05,53710.35,0,0.0,0.0,0.0,0.0,-0.01,-1,-1,-0.01,-1,-1,-0.01,-1,-1,-0.01,-1,-1,-0.01,-1,-1,-0.01,-1,-1,-0.01,-1,-1,-0.01,-1,-1,-0.01,-1,-1,-0.01,-1,-1
99926009,2026-05-18 09:36:14+05:30,52988.75,0,0.0,0,0.0,0.0,53282.15,53308.4,52918.05,53710.35,0,0.0,0.0,0.0,0.0,-0.01,-1,-1,-0.01,-1,-1,-0.01,-1,-1,-0.01,-1,-1,-0.01,-1,-1,-0.01,-1,-1,-0.01,-1,-1,-0.01,-1,-1,-0.01,-1,-1,-0.01,-1,-1
99926009,2026-05-18 09:36:14+05:30,52985.65,0,0.0,0,0.0,0.0,53282.15,53308.4,52918.05,53710.35,0,0.0,0.0,0.0,0.0,-0.01,-1,-1,-0.01,-1,-1,-0.01,-1,-1,-0.01,-1,-1,-0.01,-1,-1,-0.01,-1,-1,-0.01,-1,-1,-0.01,-1,-1,-0.01,-1,-1,-0.01,-1,-1
99926009,2026-05-18 09:36:15+05:30,52987.1,0,0.0,0,0.0,0.0,53282.15,53308.4,52918.05,53710.35,0,0.0,0.0,0.0,0.0,-0.01,-1,-1,-0.01,-1,-1,-0.01,-1,-1,-0.01,-1,-1,-0.01,-1,-1,-0.01,-1,-1,-0.01,-1,-1,-0.01,-1,-1,-0.01,-1,-1,-0.01,-1,-1
99926009,2026-05-18 09:36:15+05:30,52985.55,0,0.0,0,0.0,0.0,53282.15,53308.4,52918.05,53710.35,0,0.0,0.0,0.0,0.0,-0.01,-1,-1,-0.01,-1,-1,-0.01,-1,-1,-0.01,-1,-1,-0.01,-1,-1,-0.01,-1,-1,-0.01,-1,-1,-0.01,-1,-1,-0.01,-1,-1,-0.01,-1,-1
99926009,2026-05-18 09:36:16+05:30,52985.75,0,0.0,0,0.0,0.0,53282.15,53308.4,52918.05,53710.35,0,0.0,0.0,0.0,0.0,-0.01,-1,-1,-0.01,-1,-1,-0.01,-1,-1,-0.01,-1,-1,-0.01,-1,-1,-0.01,-1,-1,-0.01,-1,-1,-0.01,-1,-1,-0.01,-1,-1,-0.01,-1,-1
99926009,2026-05-18 09:36:16+05:30,52982.25,0,0.0,0,0.0,0.0,53282.15,53308.4,52918.05,53710.35,0,0.0,0.0,0.0,0.0,-0.01,-1,-1,-0.01,-1,-1,-0.01,-1,-1,-0.01,-1,-1,-0.01,-1,-1,-0.01,-1,-1,-0.01,-1,-1,-0.01,-1,-1,-0.01,-1,-1,-0.01,-1,-1
99926009,2026-05-18 09:36:17+05:30,52983.85,0,0.0,0,0.0,0.0,53282.15,53308.4,52918.05,53710.35,0,0.0,0.0,0.0,0.0,-0.01,-1,-1,-0.01,-1,-1,-0.01,-1,-1,-0.01,-1,-1,-0.01,-1,-1,-0.01,-1,-1,-0.01,-1,-1,-0.01,-1,-1,-0.01,-1,-1,-0.01,-1,-1
99926009,2026-05-18 09:36:17+05:30,52979.65,0,0.0,0,0.0,0.0,53282.15,53308.4,52918.05,53710.35,0,0.0,0.0,0.0,0.0,-0.01,-1,-1,-0.01,-1,-1,-0.01,-1,-1,-0.01,-1,-1,-0.01,-1,-1,-0.01,-1,-1,-0.01,-1,-1,-0.01,-1,-1,-0.01,-1,-1,-0.01,-1,-1
99926009,2026-05-18 09:36:18+05:30,52984.25,0,0.0,0,0.0,0.0,53282.15,53308.4,52918.05,53710.35,0,0.0,0.0,0.0,0.0,-0.01,-1,-1,-0.01,-1,-1,-0.01,-1,-1,-0.01,-1,-1,-0.01,-1,-1,-0.01,-1,-1,-0.01,-1,-1,-0.01,-1,-1,-0.01,-1,-1,-0.01,-1,-1
99926009,2026-05-18 09:36:18+05:30,52978.15,0,0.0,0,0.0,0.0,53282.15,53308.4,52918.05,53710.35,0,0.0,0.0,0.0,0.0,-0.01,-1,-1,-0.01,-1,-1,-0.01,-1,-1,-0.01,-1,-1,-0.01,-1,-1,-0.01,-1,-1,-0.01,-1,-1,-0.01,-1,-1,-0.01,-1,-1,-0.01,-1,-1
99926009,2026-05-18 09:36:19+05:30,52980.0,0,0.0,0,0.0,0.0,53282.15,53308.4,52918.05,53710.35,0,0.0,0.0,0.0,0.0,-0.01,-1,-1,-0.01,-1,-1,-0.01,-1,-1,-0.01,-1,-1,-0.01,-1,-1,-0.01,-1,-1,-0.01,-1,-1,-0.01,-1,-1,-0.01,-1,-1,-0.01,-1,-1
99926009,2026-05-18 09:36:19+05:30,52981.0,0,0.0,0,0.0,0.0,53282.15,53308.4,52918.05,53710.35,0,0.0,0.0,0.0,0.0,-0.01,-1,-1,-0.01,-1,-1,-0.01,-1,-1,-0.01,-1,-1,-0.01,-1,-1,-0.01,-1,-1,-0.01,-1,-1,-0.01,-1,-1,-0.01,-1,-1,-0.01,-1,-1
99926009,2026-05-18 09:36:20+05:30,52979.25,0,0.0,0,0.0,0.0,53282.15,53308.4,52918.05,53710.35,0,0.0,0.0,0.0,0.0,-0.01,-1,-1,-0.01,-1,-1,-0.01,-1,-1,-0.01,-1,-1,-0.01,-1,-1,-0.01,-1,-1,-0.01,-1,-1,-0.01,-1,-1,-0.01,-1,-1,-0.01,-1,-1
99926009,2026-05-18 09:36:20+05:30,52977.55,0,0.0,0,0.0,0.0,53282.15,53308.4,52918.05,53710.35,0,0.0,0.0,0.0,0.0,-0.01,-1,-1,-0.01,-1,-1,-0.01,-1,-1,-0.01,-1,-1,-0.01,-1,-1,-0.01,-1,-1,-0.01,-1,-1,-0.01,-1,-1,-0.01,-1,-1,-0.01,-1,-1
99926009,2026-05-18 09:36:21+05:30,52972.55,0,0.0,0,0.0,0.0,53282.15,53308.4,52918.05,53710.35,0,0.0,0.0,0.0,0.0,-0.01,-1,-1,-0.01,-1,-1,-0.01,-1,-1,-0.01,-1,-1,-0.01,-1,-1,-0.01,-1,-1,-0.01,-1,-1,-0.01,-1,-1,-0.01,-1,-1,-0.01,-1,-1
99926009,2026-05-18 09:36:21+05:30,52977.6,0,0.0,0,0.0,0.0,53282.15,53308.4,52918.05,53710.35,0,0.0,0.0,0.0,0.0,-0.01,-1,-1,-0.01,-1,-1,-0.01,-1,-1,-0.01,-1,-1,-0.01,-1,-1,-0.01,-1,-1,-0.01,-1,-1,-0.01,-1,-1,-0.01,-1,-1,-0.01,-1,-1
99926009,2026-05-18 09:36:22+05:30,52977.45,0,0.0,0,0.0,0.0,53282.15,53308.4,52918.05,53710.35,0,0.0,0.0,0.0,0.0,-0.01,-1,-1,-0.01,-1,-1,-0.01,-1,-1,-0.01,-1,-1,-0.01,-1,-1,-0.01,-1,-1,-0.01,-1,-1,-0.01,-1,-1,-0.01,-1,-1,-0.01,-1,-1
99926009,2026-05-18 09:36:22+05:30,52977.05,0,0.0,0,0.0,0.0,53282.15,53308.4,52918.05,53710.35,0,0.0,0.0,0.0,0.0,-0.01,-1,-1,-0.01,-1,-1,-0.01,-1,-1,-0.01,-1,-1,-0.01,-1,-1,-0.01,-1,-1,-0.01,-1,-1,-0.01,-1,-1,-0.01,-1,-1,-0.01,-1,-1
99926009,2026-05-18 09:36:23+05:30,52977.8,0,0.0,0,0.0,0.0,53282.15,53308.4,52918.05,53710.35,0,0.0,0.0,0.0,0.0,-0.01,-1,-1,-0.01,-1,-1,-0.01,-1,-1,-0.01,-1,-1,-0.01,-1,-1,-0.01,-1,-1,-0.01,-1,-1,-0.01,-1,-1,-0.01,-1,-1,-0.01,-1,-1
99926009,2026-05-18 09:36:23+05:30,52978.75,0,0.0,0,0.0,0.0,53282.15,53308.4,52918.05,53710.35,0,0.0,0.0,0.0,0.0,-0.01,-1,-1,-0.01,-1,-1,-0.01,-1,-1,-0.01,-1,-1,-0.01,-1,-1,-0.01,-1,-1,-0.01,-1,-1,-0.01,-1,-1,-0.01,-1,-1,-0.01,-1,-1
99926009,2026-05-18 09:36:24+05:30,52971.45,0,0.0,0,0.0,0.0,53282.15,53308.4,52918.05,53710.35,0,0.0,0.0,0.0,0.0,-0.01,-1,-1,-0.01,-1,-1,-0.01,-1,-1,-0.01,-1,-1,-0.01,-1,-1,-0.01,-1,-1,-0.01,-1,-1,-0.01,-1,-1,-0.01,-1,-1,-0.01,-1,-1
99926009,2026-05-18 09:36:24+05:30,52977.85,0,0.0,0,0.0,0.0,53282.15,53308.4,52918.05,53710.35,0,0.0,0.0,0.0,0.0,-0.01,-1,-1,-0.01,-1,-1,-0.01,-1,-1,-0.01,-1,-1,-0.01,-1,-1,-0.01,-1,-1,-0.01,-1,-1,-0.01,-1,-1,-0.01,-1,-1,-0.01,-1,-1
99926009,2026-05-18 09:36:25+05:30,52973.45,0,0.0,0,0.0,0.0,53282.15,53308.4,52918.05,53710.35,0,0.0,0.0,0.0,0.0,-0.01,-1,-1,-0.01,-1,-1,-0.01,-1,-1,-0.01,-1,-1,-0.01,-1,-1,-0.01,-1,-1,-0.01,-1,-1,-0.01,-1,-1,-0.01,-1,-1,-0.01,-1,-1
99926009,2026-05-18 09:36:25+05:30,52975.8,0,0.0,0,0.0,0.0,53282.15,53308.4,52918.05,53710.35,0,0.0,0.0,0.0,0.0,-0.01,-1,-1,-0.01,-1,-1,-0.01,-1,-1,-0.01,-1,-1,-0.01,-1,-1,-0.01,-1,-1,-0.01,-1,-1,-0.01,-1,-1,-0.01,-1,-1,-0.01,-1,-1
99926009,2026-05-18 09:36:26+05:30,52974.75,0,0.0,0,0.0,0.0,53282.15,53308.4,52918.05,53710.35,0,0.0,0.0,0.0,0.0,-0.01,-1,-1,-0.01,-1,-1,-0.01,-1,-1,-0.01,-1,-1,-0.01,-1,-1,-0.01,-1,-1,-0.01,-1,-1,-0.01,-1,-1,-0.01,-1,-1,-0.01,-1,-1
99926009,2026-05-18 09:36:26+05:30,52972.7,0,0.0,0,0.0,0.0,53282.15,53308.4,52918.05,53710.35,0,0.0,0.0,0.0,0.0,-0.01,-1,-1,-0.01,-1,-1,-0.01,-1,-1,-0.01,-1,-1,-0.01,-1,-1,-0.01,-1,-1,-0.01,-1,-1,-0.01,-1,-1,-0.01,-1,-1,-0.01,-1,-1
99926009,2026-05-18 09:36:27+05:30,52974.45,0,0.0,0,0.0,0.0,53282.15,53308.4,52918.05,53710.35,0,0.0,0.0,0.0,0.0,-0.01,-1,-1,-0.01,-1,-1,-0.01,-1,-1,-0.01,-1,-1,-0.01,-1,-1,-0.01,-1,-1,-0.01,-1,-1,-0.01,-1,-1,-0.01,-1,-1,-0.01,-1,-1
99926009,2026-05-18 09:36:27+05:30,52977.1,0,0.0,0,0.0,0.0,53282.15,53308.4,52918.05,53710.35,0,0.0,0.0,0.0,0.0,-0.01,-1,-1,-0.01,-1,-1,-0.01,-1,-1,-0.01,-1,-1,-0.01,-1,-1,-0.01,-1,-1,-0.01,-1,-1,-0.01,-1,-1,-0.01,-1,-1,-0.01,-1,-1
99926009,2026-05-18 09:36:28+05:30,52976.3,0,0.0,0,0.0,0.0,53282.15,53308.4,52918.05,53710.35,0,0.0,0.0,0.0,0.0,-0.01,-1,-1,-0.01,-1,-1,-0.01,-1,-1,-0.01,-1,-1,-0.01,-1,-1,-0.01,-1,-1,-0.01,-1,-1,-0.01,-1,-1,-0.01,-1,-1,-0.01,-1,-1
99926009,2026-05-18 09:36:28+05:30,52975.6,0,0.0,0,0.0,0.0,53282.15,53308.4,52918.05,53710.35,0,0.0,0.0,0.0,0.0,-0.01,-1,-1,-0.01,-1,-1,-0.01,-1,-1,-0.01,-1,-1,-0.01,-1,-1,-0.01,-1,-1,-0.01,-1,-1,-0.01,-1,-1,-0.01,-1,-1,-0.01,-1,-1
99926009,2026-05-18 09:36:29+05:30,52976.05,0,0.0,0,0.0,0.0,53282.15,53308.4,52918.05,53710.35,0,0.0,0.0,0.0,0.0,-0.01,-1,-1,-0.01,-1,-1,-0.01,-1,-1,-0.01,-1,-1,-0.01,-1,-1,-0.01,-1,-1,-0.01,-1,-1,-0.01,-1,-1,-0.01,-1,-1,-0.01,-1,-1
99926009,2026-05-18 09:36:29+05:30,52978.15,0,0.0,0,0.0,0.0,53282.15,53308.4,52918.05,53710.35,0,0.0,0.0,0.0,0.0,-0.01,-1,-1,-0.01,-1,-1,-0.01,-1,-1,-0.01,-1,-1,-0.01,-1,-1,-0.01,-1,-1,-0.01,-1,-1,-0.01,-1,-1,-0.01,-1,-1,-0.01,-1,-1
99926009,2026-05-18 09:36:30+05:30,52978.9,0,0.0,0,0.0,0.0,53282.15,53308.4,52918.05,53710.35,0,0.0,0.0,0.0,0.0,-0.01,-1,-1,-0.01,-1,-1,-0.01,-1,-1,-0.01,-1,-1,-0.01,-1,-1,-0.01,-1,-1,-0.01,-1,-1,-0.01,-1,-1,-0.01,-1,-1,-0.01,-1,-1
99926009,2026-05-18 09:36:30+05:30,52977.7,0,0.0,0,0.0,0.0,53282.15,53308.4,52918.05,53710.35,0,0.0,0.0,0.0,0.0,-0.01,-1,-1,-0.01,-1,-1,-0.01,-1,-1,-0.01,-1,-1,-0.01,-1,-1,-0.01,-1,-1,-0.01,-1,-1,-0.01,-1,-1,-0.01,-1,-1,-0.01,-1,-1
99926009,2026-05-18 09:36:31+05:30,52978.55,0,0.0,0,0.0,0.0,53282.15,53308.4,52918.05,53710.35,0,0.0,0.0,0.0,0.0,-0.01,-1,-1,-0.01,-1,-1,-0.01,-1,-1,-0.01,-1,-1,-0.01,-1,-1,-0.01,-1,-1,-0.01,-1,-1,-0.01,-1,-1,-0.01,-1,-1,-0.01,-1,-1
99926009,2026-05-18 09:36:31+05:30,52977.45,0,0.0,0,0.0,0.0,53282.15,53308.4,52918.05,53710.35,0,0.0,0.0,0.0,0.0,-0.01,-1,-1,-0.01,-1,-1,-0.01,-1,-1,-0.01,-1,-1,-0.01,-1,-1,-0.01,-1,-1,-0.01,-1,-1,-0.01,-1,-1,-0.01,-1,-1,-0.01,-1,-1
99926009,2026-05-18 09:36:32+05:30,52978.15,0,0.0,0,0.0,0.0,53282.15,53308.4,52918.05,53710.35,0,0.0,0.0,0.0,0.0,-0.01,-1,-1,-0.01,-1,-1,-0.01,-1,-1,-0.01,-1,-1,-0.01,-1,-1,-0.01,-1,-1,-0.01,-1,-1,-0.01,-1,-1,-0.01,-1,-1,-0.01,-1,-1
99926009,2026-05-18 09:36:32+05:30,52979.0,0,0.0,0,0.0,0.0,53282.15,53308.4,52918.05,53710.35,0,0.0,0.0,0.0,0.0,-0.01,-1,-1,-0.01,-1,-1,-0.01,-1,-1,-0.01,-1,-1,-0.01,-1,-1,-0.01,-1,-1,-0.01,-1,-1,-0.01,-1,-1,-0.01,-1,-1,-0.01,-1,-1
99926009,2026-05-18 09:36:33+05:30,52979.35,0,0.0,0,0.0,0.0,53282.15,53308.4,52918.05,53710.35,0,0.0,0.0,0.0,0.0,-0.01,-1,-1,-0.01,-1,-1,-0.01,-1,-1,-0.01,-1,-1,-0.01,-1,-1,-0.01,-1,-1,-0.01,-1,-1,-0.01,-1,-1,-0.01,-1,-1,-0.01,-1,-1
99926009,2026-05-18 09:36:33+05:30,52979.65,0,0.0,0,0.0,0.0,53282.15,53308.4,52918.05,53710.35,0,0.0,0.0,0.0,0.0,-0.01,-1,-1,-0.01,-1,-1,-0.01,-1,-1,-0.01,-1,-1,-0.01,-1,-1,-0.01,-1,-1,-0.01,-1,-1,-0.01,-1,-1,-0.01,-1,-1,-0.01,-1,-1
99926009,2026-05-18 09:36:34+05:30,52976.85,0,0.0,0,0.0,0.0,53282.15,53308.4,52918.05,53710.35,0,0.0,0.0,0.0,0.0,-0.01,-1,-1,-0.01,-1,-1,-0.01,-1,-1,-0.01,-1,-1,-0.01,-1,-1,-0.01,-1,-1,-0.01,-1,-1,-0.01,-1,-1,-0.01,-1,-1,-0.01,-1,-1
99926009,2026-05-18 09:36:34+05:30,52978.05,0,0.0,0,0.0,0.0,53282.15,53308.4,52918.05,53710.35,0,0.0,0.0,0.0,0.0,-0.01,-1,-1,-0.01,-1,-1,-0.01,-1,-1,-0.01,-1,-1,-0.01,-1,-1,-0.01,-1,-1,-0.01,-1,-1,-0.01,-1,-1,-0.01,-1,-1,-0.01,-1,-1
99926009,2026-05-18 09:36:35+05:30,52980.7,0,0.0,0,0.0,0.0,53282.15,53308.4,52918.05,53710.35,0,0.0,0.0,0.0,0.0,-0.01,-1,-1,-0.01,-1,-1,-0.01,-1,-1,-0.01,-1,-1,-0.01,-1,-1,-0.01,-1,-1,-0.01,-1,-1,-0.01,-1,-1,-0.01,-1,-1,-0.01,-1,-1
99926009,2026-05-18 09:36:35+05:30,52979.95,0,0.0,0,0.0,0.0,53282.15,53308.4,52918.05,53710.35,0,0.0,0.0,0.0,0.0,-0.01,-1,-1,-0.01,-1,-1,-0.01,-1,-1,-0.01,-1,-1,-0.01,-1,-1,-0.01,-1,-1,-0.01,-1,-1,-0.01,-1,-1,-0.01,-1,-1,-0.01,-1,-1
99926009,2026-05-18 09:36:36+05:30,52983.3,0,0.0,0,0.0,0.0,53282.15,53308.4,52918.05,53710.35,0,0.0,0.0,0.0,0.0,-0.01,-1,-1,-0.01,-1,-1,-0.01,-1,-1,-0.01,-1,-1,-0.01,-1,-1,-0.01,-1,-1,-0.01,-1,-1,-0.01,-1,-1,-0.01,-1,-1,-0.01,-1,-1
99926009,2026-05-18 09:36:36+05:30,52979.9,0,0.0,0,0.0,0.0,53282.15,53308.4,52918.05,53710.35,0,0.0,0.0,0.0,0.0,-0.01,-1,-1,-0.01,-1,-1,-0.01,-1,-1,-0.01,-1,-1,-0.01,-1,-1,-0.01,-1,-1,-0.01,-1,-1,-0.01,-1,-1,-0.01,-1,-1,-0.01,-1,-1
99926009,2026-05-18 09:36:37+05:30,52981.85,0,0.0,0,0.0,0.0,53282.15,53308.4,52918.05,53710.35,0,0.0,0.0,0.0,0.0,-0.01,-1,-1,-0.01,-1,-1,-0.01,-1,-1,-0.01,-1,-1,-0.01,-1,-1,-0.01,-1,-1,-0.01,-1,-1,-0.01,-1,-1,-0.01,-1,-1,-0.01,-1,-1
99926009,2026-05-18 09:36:37+05:30,52979.25,0,0.0,0,0.0,0.0,53282.15,53308.4,52918.05,53710.35,0,0.0,0.0,0.0,0.0,-0.01,-1,-1,-0.01,-1,-1,-0.01,-1,-1,-0.01,-1,-1,-0.01,-1,-1,-0.01,-1,-1,-0.01,-1,-1,-0.01,-1,-1,-0.01,-1,-1,-0.01,-1,-1
99926009,2026-05-18 09:36:38+05:30,52979.9,0,0.0,0,0.0,0.0,53282.15,53308.4,52918.05,53710.35,0,0.0,0.0,0.0,0.0,-0.01,-1,-1,-0.01,-1,-1,-0.01,-1,-1,-0.01,-1,-1,-0.01,-1,-1,-0.01,-1,-1,-0.01,-1,-1,-0.01,-1,-1,-0.01,-1,-1,-0.01,-1,-1
99926009,2026-05-18 09:36:38+05:30,52983.6,0,0.0,0,0.0,0.0,53282.15,53308.4,52918.05,53710.35,0,0.0,0.0,0.0,0.0,-0.01,-1,-1,-0.01,-1,-1,-0.01,-1,-1,-0.01,-1,-1,-0.01,-1,-1,-0.01,-1,-1,-0.01,-1,-1,-0.01,-1,-1,-0.01,-1,-1,-0.01,-1,-1
99926009,2026-05-18 09:36:39+05:30,52981.7,0,0.0,0,0.0,0.0,53282.15,53308.4,52918.05,53710.35,0,0.0,0.0,0.0,0.0,-0.01,-1,-1,-0.01,-1,-1,-0.01,-1,-1,-0.01,-1,-1,-0.01,-1,-1,-0.01,-1,-1,-0.01,-1,-1,-0.01,-1,-1,-0.01,-1,-1,-0.01,-1,-1
99926009,2026-05-18 09:36:39+05:30,52981.4,0,0.0,0,0.0,0.0,53282.15,53308.4,52918.05,53710.35,0,0.0,0.0,0.0,0.0,-0.01,-1,-1,-0.01,-1,-1,-0.01,-1,-1,-0.01,-1,-1,-0.01,-1,-1,-0.01,-1,-1,-0.01,-1,-1,-0.01,-1,-1,-0.01,-1,-1,-0.01,-1,-1
99926009,2026-05-18 09:36:40+05:30,52985.1,0,0.0,0,0.0,0.0,53282.15,53308.4,52918.05,53710.35,0,0.0,0.0,0.0,0.0,-0.01,-1,-1,-0.01,-1,-1,-0.01,-1,-1,-0.01,-1,-1,-0.01,-1,-1,-0.01,-1,-1,-0.01,-1,-1,-0.01,-1,-1,-0.01,-1,-1,-0.01,-1,-1
99926009,2026-05-18 09:36:40+05:30,52986.85,0,0.0,0,0.0,0.0,53282.15,53308.4,52918.05,53710.35,0,0.0,0.0,0.0,0.0,-0.01,-1,-1,-0.01,-1,-1,-0.01,-1,-1,-0.01,-1,-1,-0.01,-1,-1,-0.01,-1,-1,-0.01,-1,-1,-0.01,-1,-1,-0.01,-1,-1,-0.01,-1,-1
99926009,2026-05-18 09:36:41+05:30,52988.2,0,0.0,0,0.0,0.0,53282.15,53308.4,52918.05,53710.35,0,0.0,0.0,0.0,0.0,-0.01,-1,-1,-0.01,-1,-1,-0.01,-1,-1,-0.01,-1,-1,-0.01,-1,-1,-0.01,-1,-1,-0.01,-1,-1,-0.01,-1,-1,-0.01,-1,-1,-0.01,-1,-1
99926009,2026-05-18 09:36:41+05:30,52988.5,0,0.0,0,0.0,0.0,53282.15,53308.4,52918.05,53710.35,0,0.0,0.0,0.0,0.0,-0.01,-1,-1,-0.01,-1,-1,-0.01,-1,-1,-0.01,-1,-1,-0.01,-1,-1,-0.01,-1,-1,-0.01,-1,-1,-0.01,-1,-1,-0.01,-1,-1,-0.01,-1,-1
99926009,2026-05-18 09:36:42+05:30,52988.9,0,0.0,0,0.0,0.0,53282.15,53308.4,52918.05,53710.35,0,0.0,0.0,0.0,0.0,-0.01,-1,-1,-0.01,-1,-1,-0.01,-1,-1,-0.01,-1,-1,-0.01,-1,-1,-0.01,-1,-1,-0.01,-1,-1,-0.01,-1,-1,-0.01,-1,-1,-0.01,-1,-1
99926009,2026-05-18 09:36:42+05:30,52988.85,0,0.0,0,0.0,0.0,53282.15,53308.4,52918.05,53710.35,0,0.0,0.0,0.0,0.0,-0.01,-1,-1,-0.01,-1,-1,-0.01,-1,-1,-0.01,-1,-1,-0.01,-1,-1,-0.01,-1,-1,-0.01,-1,-1,-0.01,-1,-1,-0.01,-1,-1,-0.01,-1,-1
99926009,2026-05-18 09:36:43+05:30,52991.25,0,0.0,0,0.0,0.0,53282.15,53308.4,52918.05,53710.35,0,0.0,0.0,0.0,0.0,-0.01,-1,-1,-0.01,-1,-1,-0.01,-1,-1,-0.01,-1,-1,-0.01,-1,-1,-0.01,-1,-1,-0.01,-1,-1,-0.01,-1,-1,-0.01,-1,-1,-0.01,-1,-1
99926009,2026-05-18 09:36:43+05:30,52987.55,0,0.0,0,0.0,0.0,53282.15,53308.4,52918.05,53710.35,0,0.0,0.0,0.0,0.0,-0.01,-1,-1,-0.01,-1,-1,-0.01,-1,-1,-0.01,-1,-1,-0.01,-1,-1,-0.01,-1,-1,-0.01,-1,-1,-0.01,-1,-1,-0.01,-1,-1,-0.01,-1,-1
99926009,2026-05-18 09:36:44+05:30,52990.15,0,0.0,0,0.0,0.0,53282.15,53308.4,52918.05,53710.35,0,0.0,0.0,0.0,0.0,-0.01,-1,-1,-0.01,-1,-1,-0.01,-1,-1,-0.01,-1,-1,-0.01,-1,-1,-0.01,-1,-1,-0.01,-1,-1,-0.01,-1,-1,-0.01,-1,-1,-0.01,-1,-1
99926009,2026-05-18 09:36:44+05:30,53001.8,0,0.0,0,0.0,0.0,53282.15,53308.4,52918.05,53710.35,0,0.0,0.0,0.0,0.0,-0.01,-1,-1,-0.01,-1,-1,-0.01,-1,-1,-0.01,-1,-1,-0.01,-1,-1,-0.01,-1,-1,-0.01,-1,-1,-0.01,-1,-1,-0.01,-1,-1,-0.01,-1,-1
99926009,2026-05-18 09:36:45+05:30,53002.1,0,0.0,0,0.0,0.0,53282.15,53308.4,52918.05,53710.35,0,0.0,0.0,0.0,0.0,-0.01,-1,-1,-0.01,-1,-1,-0.01,-1,-1,-0.01,-1,-1,-0.01,-1,-1,-0.01,-1,-1,-0.01,-1,-1,-0.01,-1,-1,-0.01,-1,-1,-0.01,-1,-1
99926009,2026-05-18 09:36:45+05:30,53002.15,0,0.0,0,0.0,0.0,53282.15,53308.4,52918.05,53710.35,0,0.0,0.0,0.0,0.0,-0.01,-1,-1,-0.01,-1,-1,-0.01,-1,-1,-0.01,-1,-1,-0.01,-1,-1,-0.01,-1,-1,-0.01,-1,-1,-0.01,-1,-1,-0.01,-1,-1,-0.01,-1,-1
99926009,2026-05-18 09:36:46+05:30,53006.1,0,0.0,0,0.0,0.0,53282.15,53308.4,52918.05,53710.35,0,0.0,0.0,0.0,0.0,-0.01,-1,-1,-0.01,-1,-1,-0.01,-1,-1,-0.01,-1,-1,-0.01,-1,-1,-0.01,-1,-1,-0.01,-1,-1,-0.01,-1,-1,-0.01,-1,-1,-0.01,-1,-1
99926009,2026-05-18 09:36:46+05:30,53012.9,0,0.0,0,0.0,0.0,53282.15,53308.4,52918.05,53710.35,0,0.0,0.0,0.0,0.0,-0.01,-1,-1,-0.01,-1,-1,-0.01,-1,-1,-0.01,-1,-1,-0.01,-1,-1,-0.01,-1,-1,-0.01,-1,-1,-0.01,-1,-1,-0.01,-1,-1,-0.01,-1,-1
99926009,2026-05-18 09:36:47+05:30,53014.75,0,0.0,0,0.0,0.0,53282.15,53308.4,52918.05,53710.35,0,0.0,0.0,0.0,0.0,-0.01,-1,-1,-0.01,-1,-1,-0.01,-1,-1,-0.01,-1,-1,-0.01,-1,-1,-0.01,-1,-1,-0.01,-1,-1,-0.01,-1,-1,-0.01,-1,-1,-0.01,-1,-1
99926009,2026-05-18 09:36:47+05:30,53011.05,0,0.0,0,0.0,0.0,53282.15,53308.4,52918.05,53710.35,0,0.0,0.0,0.0,0.0,-0.01,-1,-1,-0.01,-1,-1,-0.01,-1,-1,-0.01,-1,-1,-0.01,-1,-1,-0.01,-1,-1,-0.01,-1,-1,-0.01,-1,-1,-0.01,-1,-1,-0.01,-1,-1
99926009,2026-05-18 09:36:48+05:30,53009.55,0,0.0,0,0.0,0.0,53282.15,53308.4,52918.05,53710.35,0,0.0,0.0,0.0,0.0,-0.01,-1,-1,-0.01,-1,-1,-0.01,-1,-1,-0.01,-1,-1,-0.01,-1,-1,-0.01,-1,-1,-0.01,-1,-1,-0.01,-1,-1,-0.01,-1,-1,-0.01,-1,-1
99926009,2026-05-18 09:36:48+05:30,53011.55,0,0.0,0,0.0,0.0,53282.15,53308.4,52918.05,53710.35,0,0.0,0.0,0.0,0.0,-0.01,-1,-1,-0.01,-1,-1,-0.01,-1,-1,-0.01,-1,-1,-0.01,-1,-1,-0.01,-1,-1,-0.01,-1,-1,-0.01,-1,-1,-0.01,-1,-1,-0.01,-1,-1
99926009,2026-05-18 09:36:49+05:30,53009.95,0,0.0,0,0.0,0.0,53282.15,53308.4,52918.05,53710.35,0,0.0,0.0,0.0,0.0,-0.01,-1,-1,-0.01,-1,-1,-0.01,-1,-1,-0.01,-1,-1,-0.01,-1,-1,-0.01,-1,-1,-0.01,-1,-1,-0.01,-1,-1,-0.01,-1,-1,-0.01,-1,-1
99926009,2026-05-18 09:36:49+05:30,53009.0,0,0.0,0,0.0,0.0,53282.15,53308.4,52918.05,53710.35,0,0.0,0.0,0.0,0.0,-0.01,-1,-1,-0.01,-1,-1,-0.01,-1,-1,-0.01,-1,-1,-0.01,-1,-1,-0.01,-1,-1,-0.01,-1,-1,-0.01,-1,-1,-0.01,-1,-1,-0.01,-1,-1
99926009,2026-05-18 09:36:50+05:30,53011.55,0,0.0,0,0.0,0.0,53282.15,53308.4,52918.05,53710.35,0,0.0,0.0,0.0,0.0,-0.01,-1,-1,-0.01,-1,-1,-0.01,-1,-1,-0.01,-1,-1,-0.01,-1,-1,-0.01,-1,-1,-0.01,-1,-1,-0.01,-1,-1,-0.01,-1,-1,-0.01,-1,-1
99926009,2026-05-18 09:36:50+05:30,53014.95,0,0.0,0,0.0,0.0,53282.15,53308.4,52918.05,53710.35,0,0.0,0.0,0.0,0.0,-0.01,-1,-1,-0.01,-1,-1,-0.01,-1,-1,-0.01,-1,-1,-0.01,-1,-1,-0.01,-1,-1,-0.01,-1,-1,-0.01,-1,-1,-0.01,-1,-1,-0.01,-1,-1
99926009,2026-05-18 09:36:51+05:30,53020.55,0,0.0,0,0.0,0.0,53282.15,53308.4,52918.05,53710.35,0,0.0,0.0,0.0,0.0,-0.01,-1,-1,-0.01,-1,-1,-0.01,-1,-1,-0.01,-1,-1,-0.01,-1,-1,-0.01,-1,-1,-0.01,-1,-1,-0.01,-1,-1,-0.01,-1,-1,-0.01,-1,-1
99926009,2026-05-18 09:36:51+05:30,53029.4,0,0.0,0,0.0,0.0,53282.15,53308.4,52918.05,53710.35,0,0.0,0.0,0.0,0.0,-0.01,-1,-1,-0.01,-1,-1,-0.01,-1,-1,-0.01,-1,-1,-0.01,-1,-1,-0.01,-1,-1,-0.01,-1,-1,-0.01,-1,-1,-0.01,-1,-1,-0.01,-1,-1
99926009,2026-05-18 09:36:52+05:30,53028.9,0,0.0,0,0.0,0.0,53282.15,53308.4,52918.05,53710.35,0,0.0,0.0,0.0,0.0,-0.01,-1,-1,-0.01,-1,-1,-0.01,-1,-1,-0.01,-1,-1,-0.01,-1,-1,-0.01,-1,-1,-0.01,-1,-1,-0.01,-1,-1,-0.01,-1,-1,-0.01,-1,-1
99926009,2026-05-18 09:36:52+05:30,53030.6,0,0.0,0,0.0,0.0,53282.15,53308.4,52918.05,53710.35,0,0.0,0.0,0.0,0.0,-0.01,-1,-1,-0.01,-1,-1,-0.01,-1,-1,-0.01,-1,-1,-0.01,-1,-1,-0.01,-1,-1,-0.01,-1,-1,-0.01,-1,-1,-0.01,-1,-1,-0.01,-1,-1
99926009,2026-05-18 09:36:53+05:30,53033.3,0,0.0,0,0.0,0.0,53282.15,53308.4,52918.05,53710.35,0,0.0,0.0,0.0,0.0,-0.01,-1,-1,-0.01,-1,-1,-0.01,-1,-1,-0.01,-1,-1,-0.01,-1,-1,-0.01,-1,-1,-0.01,-1,-1,-0.01,-1,-1,-0.01,-1,-1,-0.01,-1,-1
99926009,2026-05-18 09:36:53+05:30,53034.15,0,0.0,0,0.0,0.0,53282.15,53308.4,52918.05,53710.35,0,0.0,0.0,0.0,0.0,-0.01,-1,-1,-0.01,-1,-1,-0.01,-1,-1,-0.01,-1,-1,-0.01,-1,-1,-0.01,-1,-1,-0.01,-1,-1,-0.01,-1,-1,-0.01,-1,-1,-0.01,-1,-1
99926009,2026-05-18 09:36:54+05:30,53030.95,0,0.0,0,0.0,0.0,53282.15,53308.4,52918.05,53710.35,0,0.0,0.0,0.0,0.0,-0.01,-1,-1,-0.01,-1,-1,-0.01,-1,-1,-0.01,-1,-1,-0.01,-1,-1,-0.01,-1,-1,-0.01,-1,-1,-0.01,-1,-1,-0.01,-1,-1,-0.01,-1,-1
99926009,2026-05-18 09:36:54+05:30,53033.3,0,0.0,0,0.0,0.0,53282.15,53308.4,52918.05,53710.35,0,0.0,0.0,0.0,0.0,-0.01,-1,-1,-0.01,-1,-1,-0.01,-1,-1,-0.01,-1,-1,-0.01,-1,-1,-0.01,-1,-1,-0.01,-1,-1,-0.01,-1,-1,-0.01,-1,-1,-0.01,-1,-1
99926009,2026-05-18 09:36:55+05:30,53032.2,0,0.0,0,0.0,0.0,53282.15,53308.4,52918.05,53710.35,0,0.0,0.0,0.0,0.0,-0.01,-1,-1,-0.01,-1,-1,-0.01,-1,-1,-0.01,-1,-1,-0.01,-1,-1,-0.01,-1,-1,-0.01,-1,-1,-0.01,-1,-1,-0.01,-1,-1,-0.01,-1,-1
99926009,2026-05-18 09:36:55+05:30,53031.75,0,0.0,0,0.0,0.0,53282.15,53308.4,52918.05,53710.35,0,0.0,0.0,0.0,0.0,-0.01,-1,-1,-0.01,-1,-1,-0.01,-1,-1,-0.01,-1,-1,-0.01,-1,-1,-0.01,-1,-1,-0.01,-1,-1,-0.01,-1,-1,-0.01,-1,-1,-0.01,-1,-1
99926009,2026-05-18 09:36:56+05:30,53035.55,0,0.0,0,0.0,0.0,53282.15,53308.4,52918.05,53710.35,0,0.0,0.0,0.0,0.0,-0.01,-1,-1,-0.01,-1,-1,-0.01,-1,-1,-0.01,-1,-1,-0.01,-1,-1,-0.01,-1,-1,-0.01,-1,-1,-0.01,-1,-1,-0.01,-1,-1,-0.01,-1,-1
99926009,2026-05-18 09:36:56+05:30,53034.85,0,0.0,0,0.0,0.0,53282.15,53308.4,52918.05,53710.35,0,0.0,0.0,0.0,0.0,-0.01,-1,-1,-0.01,-1,-1,-0.01,-1,-1,-0.01,-1,-1,-0.01,-1,-1,-0.01,-1,-1,-0.01,-1,-1,-0.01,-1,-1,-0.01,-1,-1,-0.01,-1,-1
99926009,2026-05-18 09:36:57+05:30,53043.3,0,0.0,0,0.0,0.0,53282.15,53308.4,52918.05,53710.35,0,0.0,0.0,0.0,0.0,-0.01,-1,-1,-0.01,-1,-1,-0.01,-1,-1,-0.01,-1,-1,-0.01,-1,-1,-0.01,-1,-1,-0.01,-1,-1,-0.01,-1,-1,-0.01,-1,-1,-0.01,-1,-1
99926009,2026-05-18 09:36:57+05:30,53038.75,0,0.0,0,0.0,0.0,53282.15,53308.4,52918.05,53710.35,0,0.0,0.0,0.0,0.0,-0.01,-1,-1,-0.01,-1,-1,-0.01,-1,-1,-0.01,-1,-1,-0.01,-1,-1,-0.01,-1,-1,-0.01,-1,-1,-0.01,-1,-1,-0.01,-1,-1,-0.01,-1,-1
99926009,2026-05-18 09:36:58+05:30,53044.9,0,0.0,0,0.0,0.0,53282.15,53308.4,52918.05,53710.35,0,0.0,0.0,0.0,0.0,-0.01,-1,-1,-0.01,-1,-1,-0.01,-1,-1,-0.01,-1,-1,-0.01,-1,-1,-0.01,-1,-1,-0.01,-1,-1,-0.01,-1,-1,-0.01,-1,-1,-0.01,-1,-1
99926009,2026-05-18 09:36:58+05:30,53045.75,0,0.0,0,0.0,0.0,53282.15,53308.4,52918.05,53710.35,0,0.0,0.0,0.0,0.0,-0.01,-1,-1,-0.01,-1,-1,-0.01,-1,-1,-0.01,-1,-1,-0.01,-1,-1,-0.01,-1,-1,-0.01,-1,-1,-0.01,-1,-1,-0.01,-1,-1,-0.01,-1,-1
99926009,2026-05-18 09:36:59+05:30,53046.25,0,0.0,0,0.0,0.0,53282.15,53308.4,52918.05,53710.35,0,0.0,0.0,0.0,0.0,-0.01,-1,-1,-0.01,-1,-1,-0.01,-1,-1,-0.01,-1,-1,-0.01,-1,-1,-0.01,-1,-1,-0.01,-1,-1,-0.01,-1,-1,-0.01,-1,-1,-0.01,-1,-1
99926009,2026-05-18 09:36:59+05:30,53046.2,0,0.0,0,0.0,0.0,53282.15,53308.4,52918.05,53710.35,0,0.0,0.0,0.0,0.0,-0.01,-1,-1,-0.01,-1,-1,-0.01,-1,-1,-0.01,-1,-1,-0.01,-1,-1,-0.01,-1,-1,-0.01,-1,-1,-0.01,-1,-1,-0.01,-1,-1,-0.01,-1,-1
99926009,2026-05-18 09:37:00+05:30,53045.4,0,0.0,0,0.0,0.0,53282.15,53308.4,52918.05,53710.35,0,0.0,0.0,0.0,0.0,-0.01,-1,-1,-0.01,-1,-1,-0.01,-1,-1,-0.01,-1,-1,-0.01,-1,-1,-0.01,-1,-1,-0.01,-1,-1,-0.01,-1,-1,-0.01,-1,-1,-0.01,-1,-1
99926009,2026-05-18 09:37:00+05:30,53044.1,0,0.0,0,0.0,0.0,53282.15,53308.4,52918.05,53710.35,0,0.0,0.0,0.0,0.0,-0.01,-1,-1,-0.01,-1,-1,-0.01,-1,-1,-0.01,-1,-1,-0.01,-1,-1,-0.01,-1,-1,-0.01,-1,-1,-0.01,-1,-1,-0.01,-1,-1,-0.01,-1,-1
99926009,2026-05-18 09:37:01+05:30,53042.1,0,0.0,0,0.0,0.0,53282.15,53308.4,52918.05,53710.35,0,0.0,0.0,0.0,0.0,-0.01,-1,-1,-0.01,-1,-1,-0.01,-1,-1,-0.01,-1,-1,-0.01,-1,-1,-0.01,-1,-1,-0.01,-1,-1,-0.01,-1,-1,-0.01,-1,-1,-0.01,-1,-1
99926009,2026-05-18 09:37:01+05:30,53042.9,0,0.0,0,0.0,0.0,53282.15,53308.4,52918.05,53710.35,0,0.0,0.0,0.0,0.0,-0.01,-1,-1,-0.01,-1,-1,-0.01,-1,-1,-0.01,-1,-1,-0.01,-1,-1,-0.01,-1,-1,-0.01,-1,-1,-0.01,-1,-1,-0.01,-1,-1,-0.01,-1,-1
99926009,2026-05-18 09:37:02+05:30,53039.0,0,0.0,0,0.0,0.0,53282.15,53308.4,52918.05,53710.35,0,0.0,0.0,0.0,0.0,-0.01,-1,-1,-0.01,-1,-1,-0.01,-1,-1,-0.01,-1,-1,-0.01,-1,-1,-0.01,-1,-1,-0.01,-1,-1,-0.01,-1,-1,-0.01,-1,-1,-0.01,-1,-1
99926009,2026-05-18 09:37:02+05:30,53038.35,0,0.0,0,0.0,0.0,53282.15,53308.4,52918.05,53710.35,0,0.0,0.0,0.0,0.0,-0.01,-1,-1,-0.01,-1,-1,-0.01,-1,-1,-0.01,-1,-1,-0.01,-1,-1,-0.01,-1,-1,-0.01,-1,-1,-0.01,-1,-1,-0.01,-1,-1,-0.01,-1,-1
99926009,2026-05-18 09:37:03+05:30,53037.9,0,0.0,0,0.0,0.0,53282.15,53308.4,52918.05,53710.35,0,0.0,0.0,0.0,0.0,-0.01,-1,-1,-0.01,-1,-1,-0.01,-1,-1,-0.01,-1,-1,-0.01,-1,-1,-0.01,-1,-1,-0.01,-1,-1,-0.01,-1,-1,-0.01,-1,-1,-0.01,-1,-1
99926009,2026-05-18 09:37:03+05:30,53034.15,0,0.0,0,0.0,0.0,53282.15,53308.4,52918.05,53710.35,0,0.0,0.0,0.0,0.0,-0.01,-1,-1,-0.01,-1,-1,-0.01,-1,-1,-0.01,-1,-1,-0.01,-1,-1,-0.01,-1,-1,-0.01,-1,-1,-0.01,-1,-1,-0.01,-1,-1,-0.01,-1,-1
99926009,2026-05-18 09:37:04+05:30,53032.25,0,0.0,0,0.0,0.0,53282.15,53308.4,52918.05,53710.35,0,0.0,0.0,0.0,0.0,-0.01,-1,-1,-0.01,-1,-1,-0.01,-1,-1,-0.01,-1,-1,-0.01,-1,-1,-0.01,-1,-1,-0.01,-1,-1,-0.01,-1,-1,-0.01,-1,-1,-0.01,-1,-1
99926009,2026-05-18 09:37:04+05:30,53034.2,0,0.0,0,0.0,0.0,53282.15,53308.4,52918.05,53710.35,0,0.0,0.0,0.0,0.0,-0.01,-1,-1,-0.01,-1,-1,-0.01,-1,-1,-0.01,-1,-1,-0.01,-1,-1,-0.01,-1,-1,-0.01,-1,-1,-0.01,-1,-1,-0.01,-1,-1,-0.01,-1,-1
99926009,2026-05-18 09:37:05+05:30,53033.45,0,0.0,0,0.0,0.0,53282.15,53308.4,52918.05,53710.35,0,0.0,0.0,0.0,0.0,-0.01,-1,-1,-0.01,-1,-1,-0.01,-1,-1,-0.01,-1,-1,-0.01,-1,-1,-0.01,-1,-1,-0.01,-1,-1,-0.01,-1,-1,-0.01,-1,-1,-0.01,-1,-1
99926009,2026-05-18 09:37:05+05:30,53036.5,0,0.0,0,0.0,0.0,53282.15,53308.4,52918.05,53710.35,0,0.0,0.0,0.0,0.0,-0.01,-1,-1,-0.01,-1,-1,-0.01,-1,-1,-0.01,-1,-1,-0.01,-1,-1,-0.01,-1,-1,-0.01,-1,-1,-0.01,-1,-1,-0.01,-1,-1,-0.01,-1,-1
99926009,2026-05-18 09:37:06+05:30,53035.7,0,0.0,0,0.0,0.0,53282.15,53308.4,52918.05,53710.35,0,0.0,0.0,0.0,0.0,-0.01,-1,-1,-0.01,-1,-1,-0.01,-1,-1,-0.01,-1,-1,-0.01,-1,-1,-0.01,-1,-1,-0.01,-1,-1,-0.01,-1,-1,-0.01,-1,-1,-0.01,-1,-1
99926009,2026-05-18 09:37:06+05:30,53035.4,0,0.0,0,0.0,0.0,53282.15,53308.4,52918.05,53710.35,0,0.0,0.0,0.0,0.0,-0.01,-1,-1,-0.01,-1,-1,-0.01,-1,-1,-0.01,-1,-1,-0.01,-1,-1,-0.01,-1,-1,-0.01,-1,-1,-0.01,-1,-1,-0.01,-1,-1,-0.01,-1,-1
99926009,2026-05-18 09:37:07+05:30,53032.7,0,0.0,0,0.0,0.0,53282.15,53308.4,52918.05,53710.35,0,0.0,0.0,0.0,0.0,-0.01,-1,-1,-0.01,-1,-1,-0.01,-1,-1,-0.01,-1,-1,-0.01,-1,-1,-0.01,-1,-1,-0.01,-1,-1,-0.01,-1,-1,-0.01,-1,-1,-0.01,-1,-1
99926009,2026-05-18 09:37:07+05:30,53027.7,0,0.0,0,0.0,0.0,53282.15,53308.4,52918.05,53710.35,0,0.0,0.0,0.0,0.0,-0.01,-1,-1,-0.01,-1,-1,-0.01,-1,-1,-0.01,-1,-1,-0.01,-1,-1,-0.01,-1,-1,-0.01,-1,-1,-0.01,-1,-1,-0.01,-1,-1,-0.01,-1,-1
99926009,2026-05-18 09:37:08+05:30,53027.05,0,0.0,0,0.0,0.0,53282.15,53308.4,52918.05,53710.35,0,0.0,0.0,0.0,0.0,-0.01,-1,-1,-0.01,-1,-1,-0.01,-1,-1,-0.01,-1,-1,-0.01,-1,-1,-0.01,-1,-1,-0.01,-1,-1,-0.01,-1,-1,-0.01,-1,-1,-0.01,-1,-1
99926009,2026-05-18 09:37:08+05:30,53023.0,0,0.0,0,0.0,0.0,53282.15,53308.4,52918.05,53710.35,0,0.0,0.0,0.0,0.0,-0.01,-1,-1,-0.01,-1,-1,-0.01,-1,-1,-0.01,-1,-1,-0.01,-1,-1,-0.01,-1,-1,-0.01,-1,-1,-0.01,-1,-1,-0.01,-1,-1,-0.01,-1,-1
99926009,2026-05-18 09:37:09+05:30,53021.85,0,0.0,0,0.0,0.0,53282.15,53308.4,52918.05,53710.35,0,0.0,0.0,0.0,0.0,-0.01,-1,-1,-0.01,-1,-1,-0.01,-1,-1,-0.01,-1,-1,-0.01,-1,-1,-0.01,-1,-1,-0.01,-1,-1,-0.01,-1,-1,-0.01,-1,-1,-0.01,-1,-1
99926009,2026-05-18 09:37:09+05:30,53025.35,0,0.0,0,0.0,0.0,53282.15,53308.4,52918.05,53710.35,0,0.0,0.0,0.0,0.0,-0.01,-1,-1,-0.01,-1,-1,-0.01,-1,-1,-0.01,-1,-1,-0.01,-1,-1,-0.01,-1,-1,-0.01,-1,-1,-0.01,-1,-1,-0.01,-1,-1,-0.01,-1,-1
99926009,2026-05-18 09:37:10+05:30,53026.45,0,0.0,0,0.0,0.0,53282.15,53308.4,52918.05,53710.35,0,0.0,0.0,0.0,0.0,-0.01,-1,-1,-0.01,-1,-1,-0.01,-1,-1,-0.01,-1,-1,-0.01,-1,-1,-0.01,-1,-1,-0.01,-1,-1,-0.01,-1,-1,-0.01,-1,-1,-0.01,-1,-1
99926009,2026-05-18 09:37:10+05:30,53027.15,0,0.0,0,0.0,0.0,53282.15,53308.4,52918.05,53710.35,0,0.0,0.0,0.0,0.0,-0.01,-1,-1,-0.01,-1,-1,-0.01,-1,-1,-0.01,-1,-1,-0.01,-1,-1,-0.01,-1,-1,-0.01,-1,-1,-0.01,-1,-1,-0.01,-1,-1,-0.01,-1,-1
99926009,2026-05-18 09:37:11+05:30,53019.0,0,0.0,0,0.0,0.0,53282.15,53308.4,52918.05,53710.35,0,0.0,0.0,0.0,0.0,-0.01,-1,-1,-0.01,-1,-1,-0.01,-1,-1,-0.01,-1,-1,-0.01,-1,-1,-0.01,-1,-1,-0.01,-1,-1,-0.01,-1,-1,-0.01,-1,-1,-0.01,-1,-1
99926009,2026-05-18 09:37:11+05:30,53022.8,0,0.0,0,0.0,0.0,53282.15,53308.4,52918.05,53710.35,0,0.0,0.0,0.0,0.0,-0.01,-1,-1,-0.01,-1,-1,-0.01,-1,-1,-0.01,-1,-1,-0.01,-1,-1,-0.01,-1,-1,-0.01,-1,-1,-0.01,-1,-1,-0.01,-1,-1,-0.01,-1,-1
99926009,2026-05-18 09:37:12+05:30,53019.6,0,0.0,0,0.0,0.0,53282.15,53308.4,52918.05,53710.35,0,0.0,0.0,0.0,0.0,-0.01,-1,-1,-0.01,-1,-1,-0.01,-1,-1,-0.01,-1,-1,-0.01,-1,-1,-0.01,-1,-1,-0.01,-1,-1,-0.01,-1,-1,-0.01,-1,-1,-0.01,-1,-1
99926009,2026-05-18 09:37:12+05:30,53014.8,0,0.0,0,0.0,0.0,53282.15,53308.4,52918.05,53710.35,0,0.0,0.0,0.0,0.0,-0.01,-1,-1,-0.01,-1,-1,-0.01,-1,-1,-0.01,-1,-1,-0.01,-1,-1,-0.01,-1,-1,-0.01,-1,-1,-0.01,-1,-1,-0.01,-1,-1,-0.01,-1,-1
99926009,2026-05-18 09:37:13+05:30,53016.15,0,0.0,0,0.0,0.0,53282.15,53308.4,52918.05,53710.35,0,0.0,0.0,0.0,0.0,-0.01,-1,-1,-0.01,-1,-1,-0.01,-1,-1,-0.01,-1,-1,-0.01,-1,-1,-0.01,-1,-1,-0.01,-1,-1,-0.01,-1,-1,-0.01,-1,-1,-0.01,-1,-1
99926009,2026-05-18 09:37:13+05:30,53017.2,0,0.0,0,0.0,0.0,53282.15,53308.4,52918.05,53710.35,0,0.0,0.0,0.0,0.0,-0.01,-1,-1,-0.01,-1,-1,-0.01,-1,-1,-0.01,-1,-1,-0.01,-1,-1,-0.01,-1,-1,-0.01,-1,-1,-0.01,-1,-1,-0.01,-1,-1,-0.01,-1,-1
99926009,2026-05-18 09:37:14+05:30,53018.3,0,0.0,0,0.0,0.0,53282.15,53308.4,52918.05,53710.35,0,0.0,0.0,0.0,0.0,-0.01,-1,-1,-0.01,-1,-1,-0.01,-1,-1,-0.01,-1,-1,-0.01,-1,-1,-0.01,-1,-1,-0.01,-1,-1,-0.01,-1,-1,-0.01,-1,-1,-0.01,-1,-1
99926009,2026-05-18 09:37:14+05:30,53014.6,0,0.0,0,0.0,0.0,53282.15,53308.4,52918.05,53710.35,0,0.0,0.0,0.0,0.0,-0.01,-1,-1,-0.01,-1,-1,-0.01,-1,-1,-0.01,-1,-1,-0.01,-1,-1,-0.01,-1,-1,-0.01,-1,-1,-0.01,-1,-1,-0.01,-1,-1,-0.01,-1,-1
99926009,2026-05-18 09:37:15+05:30,53014.6,0,0.0,0,0.0,0.0,53282.15,53308.4,52918.05,53710.35,0,0.0,0.0,0.0,0.0,-0.01,-1,-1,-0.01,-1,-1,-0.01,-1,-1,-0.01,-1,-1,-0.01,-1,-1,-0.01,-1,-1,-0.01,-1,-1,-0.01,-1,-1,-0.01,-1,-1,-0.01,-1,-1
99926009,2026-05-18 09:37:15+05:30,53010.4,0,0.0,0,0.0,0.0,53282.15,53308.4,52918.05,53710.35,0,0.0,0.0,0.0,0.0,-0.01,-1,-1,-0.01,-1,-1,-0.01,-1,-1,-0.01,-1,-1,-0.01,-1,-1,-0.01,-1,-1,-0.01,-1,-1,-0.01,-1,-1,-0.01,-1,-1,-0.01,-1,-1
99926009,2026-05-18 09:37:16+05:30,53008.45,0,0.0,0,0.0,0.0,53282.15,53308.4,52918.05,53710.35,0,0.0,0.0,0.0,0.0,-0.01,-1,-1,-0.01,-1,-1,-0.01,-1,-1,-0.01,-1,-1,-0.01,-1,-1,-0.01,-1,-1,-0.01,-1,-1,-0.01,-1,-1,-0.01,-1,-1,-0.01,-1,-1
99926009,2026-05-18 09:37:16+05:30,53010.95,0,0.0,0,0.0,0.0,53282.15,53308.4,52918.05,53710.35,0,0.0,0.0,0.0,0.0,-0.01,-1,-1,-0.01,-1,-1,-0.01,-1,-1,-0.01,-1,-1,-0.01,-1,-1,-0.01,-1,-1,-0.01,-1,-1,-0.01,-1,-1,-0.01,-1,-1,-0.01,-1,-1
99926009,2026-05-18 09:37:17+05:30,53011.5,0,0.0,0,0.0,0.0,53282.15,53308.4,52918.05,53710.35,0,0.0,0.0,0.0,0.0,-0.01,-1,-1,-0.01,-1,-1,-0.01,-1,-1,-0.01,-1,-1,-0.01,-1,-1,-0.01,-1,-1,-0.01,-1,-1,-0.01,-1,-1,-0.01,-1,-1,-0.01,-1,-1
99926009,2026-05-18 09:37:17+05:30,53008.05,0,0.0,0,0.0,0.0,53282.15,53308.4,52918.05,53710.35,0,0.0,0.0,0.0,0.0,-0.01,-1,-1,-0.01,-1,-1,-0.01,-1,-1,-0.01,-1,-1,-0.01,-1,-1,-0.01,-1,-1,-0.01,-1,-1,-0.01,-1,-1,-0.01,-1,-1,-0.01,-1,-1
99926009,2026-05-18 09:37:18+05:30,53008.1,0,0.0,0,0.0,0.0,53282.15,53308.4,52918.05,53710.35,0,0.0,0.0,0.0,0.0,-0.01,-1,-1,-0.01,-1,-1,-0.01,-1,-1,-0.01,-1,-1,-0.01,-1,-1,-0.01,-1,-1,-0.01,-1,-1,-0.01,-1,-1,-0.01,-1,-1,-0.01,-1,-1
99926009,2026-05-18 09:37:18+05:30,53013.55,0,0.0,0,0.0,0.0,53282.15,53308.4,52918.05,53710.35,0,0.0,0.0,0.0,0.0,-0.01,-1,-1,-0.01,-1,-1,-0.01,-1,-1,-0.01,-1,-1,-0.01,-1,-1,-0.01,-1,-1,-0.01,-1,-1,-0.01,-1,-1,-0.01,-1,-1,-0.01,-1,-1
99926009,2026-05-18 09:37:19+05:30,53014.7,0,0.0,0,0.0,0.0,53282.15,53308.4,52918.05,53710.35,0,0.0,0.0,0.0,0.0,-0.01,-1,-1,-0.01,-1,-1,-0.01,-1,-1,-0.01,-1,-1,-0.01,-1,-1,-0.01,-1,-1,-0.01,-1,-1,-0.01,-1,-1,-0.01,-1,-1,-0.01,-1,-1
99926009,2026-05-18 09:37:19+05:30,53004.6,0,0.0,0,0.0,0.0,53282.15,53308.4,52918.05,53710.35,0,0.0,0.0,0.0,0.0,-0.01,-1,-1,-0.01,-1,-1,-0.01,-1,-1,-0.01,-1,-1,-0.01,-1,-1,-0.01,-1,-1,-0.01,-1,-1,-0.01,-1,-1,-0.01,-1,-1,-0.01,-1,-1
99926009,2026-05-18 09:37:20+05:30,53001.4,0,0.0,0,0.0,0.0,53282.15,53308.4,52918.05,53710.35,0,0.0,0.0,0.0,0.0,-0.01,-1,-1,-0.01,-1,-1,-0.01,-1,-1,-0.01,-1,-1,-0.01,-1,-1,-0.01,-1,-1,-0.01,-1,-1,-0.01,-1,-1,-0.01,-1,-1,-0.01,-1,-1
99926009,2026-05-18 09:37:20+05:30,53008.95,0,0.0,0,0.0,0.0,53282.15,53308.4,52918.05,53710.35,0,0.0,0.0,0.0,0.0,-0.01,-1,-1,-0.01,-1,-1,-0.01,-1,-1,-0.01,-1,-1,-0.01,-1,-1,-0.01,-1,-1,-0.01,-1,-1,-0.01,-1,-1,-0.01,-1,-1,-0.01,-1,-1
99926009,2026-05-18 09:37:21+05:30,53007.35,0,0.0,0,0.0,0.0,53282.15,53308.4,52918.05,53710.35,0,0.0,0.0,0.0,0.0,-0.01,-1,-1,-0.01,-1,-1,-0.01,-1,-1,-0.01,-1,-1,-0.01,-1,-1,-0.01,-1,-1,-0.01,-1,-1,-0.01,-1,-1,-0.01,-1,-1,-0.01,-1,-1
99926009,2026-05-18 09:37:21+05:30,53010.0,0,0.0,0,0.0,0.0,53282.15,53308.4,52918.05,53710.35,0,0.0,0.0,0.0,0.0,-0.01,-1,-1,-0.01,-1,-1,-0.01,-1,-1,-0.01,-1,-1,-0.01,-1,-1,-0.01,-1,-1,-0.01,-1,-1,-0.01,-1,-1,-0.01,-1,-1,-0.01,-1,-1
99926009,2026-05-18 09:37:22+05:30,53015.1,0,0.0,0,0.0,0.0,53282.15,53308.4,52918.05,53710.35,0,0.0,0.0,0.0,0.0,-0.01,-1,-1,-0.01,-1,-1,-0.01,-1,-1,-0.01,-1,-1,-0.01,-1,-1,-0.01,-1,-1,-0.01,-1,-1,-0.01,-1,-1,-0.01,-1,-1,-0.01,-1,-1
99926009,2026-05-18 09:37:22+05:30,53019.75,0,0.0,0,0.0,0.0,53282.15,53308.4,52918.05,53710.35,0,0.0,0.0,0.0,0.0,-0.01,-1,-1,-0.01,-1,-1,-0.01,-1,-1,-0.01,-1,-1,-0.01,-1,-1,-0.01,-1,-1,-0.01,-1,-1,-0.01,-1,-1,-0.01,-1,-1,-0.01,-1,-1
99926009,2026-05-18 09:37:23+05:30,53013.9,0,0.0,0,0.0,0.0,53282.15,53308.4,52918.05,53710.35,0,0.0,0.0,0.0,0.0,-0.01,-1,-1,-0.01,-1,-1,-0.01,-1,-1,-0.01,-1,-1,-0.01,-1,-1,-0.01,-1,-1,-0.01,-1,-1,-0.01,-1,-1,-0.01,-1,-1,-0.01,-1,-1
99926009,2026-05-18 09:37:23+05:30,53019.1,0,0.0,0,0.0,0.0,53282.15,53308.4,52918.05,53710.35,0,0.0,0.0,0.0,0.0,-0.01,-1,-1,-0.01,-1,-1,-0.01,-1,-1,-0.01,-1,-1,-0.01,-1,-1,-0.01,-1,-1,-0.01,-1,-1,-0.01,-1,-1,-0.01,-1,-1,-0.01,-1,-1
99926009,2026-05-18 09:37:24+05:30,53021.5,0,0.0,0,0.0,0.0,53282.15,53308.4,52918.05,53710.35,0,0.0,0.0,0.0,0.0,-0.01,-1,-1,-0.01,-1,-1,-0.01,-1,-1,-0.01,-1,-1,-0.01,-1,-1,-0.01,-1,-1,-0.01,-1,-1,-0.01,-1,-1,-0.01,-1,-1,-0.01,-1,-1
99926009,2026-05-18 09:37:24+05:30,53020.0,0,0.0,0,0.0,0.0,53282.15,53308.4,52918.05,53710.35,0,0.0,0.0,0.0,0.0,-0.01,-1,-1,-0.01,-1,-1,-0.01,-1,-1,-0.01,-1,-1,-0.01,-1,-1,-0.01,-1,-1,-0.01,-1,-1,-0.01,-1,-1,-0.01,-1,-1,-0.01,-1,-1
99926009,2026-05-18 09:37:25+05:30,53016.9,0,0.0,0,0.0,0.0,53282.15,53308.4,52918.05,53710.35,0,0.0,0.0,0.0,0.0,-0.01,-1,-1,-0.01,-1,-1,-0.01,-1,-1,-0.01,-1,-1,-0.01,-1,-1,-0.01,-1,-1,-0.01,-1,-1,-0.01,-1,-1,-0.01,-1,-1,-0.01,-1,-1
99926009,2026-05-18 09:37:25+05:30,53018.95,0,0.0,0,0.0,0.0,53282.15,53308.4,52918.05,53710.35,0,0.0,0.0,0.0,0.0,-0.01,-1,-1,-0.01,-1,-1,-0.01,-1,-1,-0.01,-1,-1,-0.01,-1,-1,-0.01,-1,-1,-0.01,-1,-1,-0.01,-1,-1,-0.01,-1,-1,-0.01,-1,-1
99926009,2026-05-18 09:37:26+05:30,53018.6,0,0.0,0,0.0,0.0,53282.15,53308.4,52918.05,53710.35,0,0.0,0.0,0.0,0.0,-0.01,-1,-1,-0.01,-1,-1,-0.01,-1,-1,-0.01,-1,-1,-0.01,-1,-1,-0.01,-1,-1,-0.01,-1,-1,-0.01,-1,-1,-0.01,-1,-1,-0.01,-1,-1
99926009,2026-05-18 09:37:26+05:30,53018.4,0,0.0,0,0.0,0.0,53282.15,53308.4,52918.05,53710.35,0,0.0,0.0,0.0,0.0,-0.01,-1,-1,-0.01,-1,-1,-0.01,-1,-1,-0.01,-1,-1,-0.01,-1,-1,-0.01,-1,-1,-0.01,-1,-1,-0.01,-1,-1,-0.01,-1,-1,-0.01,-1,-1
99926009,2026-05-18 09:37:27+05:30,53019.55,0,0.0,0,0.0,0.0,53282.15,53308.4,52918.05,53710.35,0,0.0,0.0,0.0,0.0,-0.01,-1,-1,-0.01,-1,-1,-0.01,-1,-1,-0.01,-1,-1,-0.01,-1,-1,-0.01,-1,-1,-0.01,-1,-1,-0.01,-1,-1,-0.01,-1,-1,-0.01,-1,-1
99926009,2026-05-18 09:37:27+05:30,53016.1,0,0.0,0,0.0,0.0,53282.15,53308.4,52918.05,53710.35,0,0.0,0.0,0.0,0.0,-0.01,-1,-1,-0.01,-1,-1,-0.01,-1,-1,-0.01,-1,-1,-0.01,-1,-1,-0.01,-1,-1,-0.01,-1,-1,-0.01,-1,-1,-0.01,-1,-1,-0.01,-1,-1
99926009,2026-05-18 09:37:28+05:30,53020.0,0,0.0,0,0.0,0.0,53282.15,53308.4,52918.05,53710.35,0,0.0,0.0,0.0,0.0,-0.01,-1,-1,-0.01,-1,-1,-0.01,-1,-1,-0.01,-1,-1,-0.01,-1,-1,-0.01,-1,-1,-0.01,-1,-1,-0.01,-1,-1,-0.01,-1,-1,-0.01,-1,-1
99926009,2026-05-18 09:37:28+05:30,53016.15,0,0.0,0,0.0,0.0,53282.15,53308.4,52918.05,53710.35,0,0.0,0.0,0.0,0.0,-0.01,-1,-1,-0.01,-1,-1,-0.01,-1,-1,-0.01,-1,-1,-0.01,-1,-1,-0.01,-1,-1,-0.01,-1,-1,-0.01,-1,-1,-0.01,-1,-1,-0.01,-1,-1
99926009,2026-05-18 09:37:29+05:30,53015.25,0,0.0,0,0.0,0.0,53282.15,53308.4,52918.05,53710.35,0,0.0,0.0,0.0,0.0,-0.01,-1,-1,-0.01,-1,-1,-0.01,-1,-1,-0.01,-1,-1,-0.01,-1,-1,-0.01,-1,-1,-0.01,-1,-1,-0.01,-1,-1,-0.01,-1,-1,-0.01,-1,-1
99926009,2026-05-18 09:37:29+05:30,53015.25,0,0.0,0,0.0,0.0,53282.15,53308.4,52918.05,53710.35,0,0.0,0.0,0.0,0.0,-0.01,-1,-1,-0.01,-1,-1,-0.01,-1,-1,-0.01,-1,-1,-0.01,-1,-1,-0.01,-1,-1,-0.01,-1,-1,-0.01,-1,-1,-0.01,-1,-1,-0.01,-1,-1
99926009,2026-05-18 09:37:30+05:30,53016.2,0,0.0,0,0.0,0.0,53282.15,53308.4,52918.05,53710.35,0,0.0,0.0,0.0,0.0,-0.01,-1,-1,-0.01,-1,-1,-0.01,-1,-1,-0.01,-1,-1,-0.01,-1,-1,-0.01,-1,-1,-0.01,-1,-1,-0.01,-1,-1,-0.01,-1,-1,-0.01,-1,-1
99926009,2026-05-18 09:37:30+05:30,53017.45,0,0.0,0,0.0,0.0,53282.15,53308.4,52918.05,53710.35,0,0.0,0.0,0.0,0.0,-0.01,-1,-1,-0.01,-1,-1,-0.01,-1,-1,-0.01,-1,-1,-0.01,-1,-1,-0.01,-1,-1,-0.01,-1,-1,-0.01,-1,-1,-0.01,-1,-1,-0.01,-1,-1
99926009,2026-05-18 09:37:31+05:30,53019.95,0,0.0,0,0.0,0.0,53282.15,53308.4,52918.05,53710.35,0,0.0,0.0,0.0,0.0,-0.01,-1,-1,-0.01,-1,-1,-0.01,-1,-1,-0.01,-1,-1,-0.01,-1,-1,-0.01,-1,-1,-0.01,-1,-1,-0.01,-1,-1,-0.01,-1,-1,-0.01,-1,-1
99926009,2026-05-18 09:37:31+05:30,53021.8,0,0.0,0,0.0,0.0,53282.15,53308.4,52918.05,53710.35,0,0.0,0.0,0.0,0.0,-0.01,-1,-1,-0.01,-1,-1,-0.01,-1,-1,-0.01,-1,-1,-0.01,-1,-1,-0.01,-1,-1,-0.01,-1,-1,-0.01,-1,-1,-0.01,-1,-1,-0.01,-1,-1
99926009,2026-05-18 09:37:32+05:30,53022.1,0,0.0,0,0.0,0.0,53282.15,53308.4,52918.05,53710.35,0,0.0,0.0,0.0,0.0,-0.01,-1,-1,-0.01,-1,-1,-0.01,-1,-1,-0.01,-1,-1,-0.01,-1,-1,-0.01,-1,-1,-0.01,-1,-1,-0.01,-1,-1,-0.01,-1,-1,-0.01,-1,-1
99926009,2026-05-18 09:37:32+05:30,53021.15,0,0.0,0,0.0,0.0,53282.15,53308.4,52918.05,53710.35,0,0.0,0.0,0.0,0.0,-0.01,-1,-1,-0.01,-1,-1,-0.01,-1,-1,-0.01,-1,-1,-0.01,-1,-1,-0.01,-1,-1,-0.01,-1,-1,-0.01,-1,-1,-0.01,-1,-1,-0.01,-1,-1
99926009,2026-05-18 09:37:33+05:30,53023.0,0,0.0,0,0.0,0.0,53282.15,53308.4,52918.05,53710.35,0,0.0,0.0,0.0,0.0,-0.01,-1,-1,-0.01,-1,-1,-0.01,-1,-1,-0.01,-1,-1,-0.01,-1,-1,-0.01,-1,-1,-0.01,-1,-1,-0.01,-1,-1,-0.01,-1,-1,-0.01,-1,-1
99926009,2026-05-18 09:37:33+05:30,53020.35,0,0.0,0,0.0,0.0,53282.15,53308.4,52918.05,53710.35,0,0.0,0.0,0.0,0.0,-0.01,-1,-1,-0.01,-1,-1,-0.01,-1,-1,-0.01,-1,-1,-0.01,-1,-1,-0.01,-1,-1,-0.01,-1,-1,-0.01,-1,-1,-0.01,-1,-1,-0.01,-1,-1
99926009,2026-05-18 09:37:34+05:30,53020.85,0,0.0,0,0.0,0.0,53282.15,53308.4,52918.05,53710.35,0,0.0,0.0,0.0,0.0,-0.01,-1,-1,-0.01,-1,-1,-0.01,-1,-1,-0.01,-1,-1,-0.01,-1,-1,-0.01,-1,-1,-0.01,-1,-1,-0.01,-1,-1,-0.01,-1,-1,-0.01,-1,-1
99926009,2026-05-18 09:37:34+05:30,53019.85,0,0.0,0,0.0,0.0,53282.15,53308.4,52918.05,53710.35,0,0.0,0.0,0.0,0.0,-0.01,-1,-1,-0.01,-1,-1,-0.01,-1,-1,-0.01,-1,-1,-0.01,-1,-1,-0.01,-1,-1,-0.01,-1,-1,-0.01,-1,-1,-0.01,-1,-1,-0.01,-1,-1
99926009,2026-05-18 09:37:35+05:30,53018.0,0,0.0,0,0.0,0.0,53282.15,53308.4,52918.05,53710.35,0,0.0,0.0,0.0,0.0,-0.01,-1,-1,-0.01,-1,-1,-0.01,-1,-1,-0.01,-1,-1,-0.01,-1,-1,-0.01,-1,-1,-0.01,-1,-1,-0.01,-1,-1,-0.01,-1,-1,-0.01,-1,-1
99926009,2026-05-18 09:37:35+05:30,53018.3,0,0.0,0,0.0,0.0,53282.15,53308.4,52918.05,53710.35,0,0.0,0.0,0.0,0.0,-0.01,-1,-1,-0.01,-1,-1,-0.01,-1,-1,-0.01,-1,-1,-0.01,-1,-1,-0.01,-1,-1,-0.01,-1,-1,-0.01,-1,-1,-0.01,-1,-1,-0.01,-1,-1
99926009,2026-05-18 09:37:36+05:30,53019.8,0,0.0,0,0.0,0.0,53282.15,53308.4,52918.05,53710.35,0,0.0,0.0,0.0,0.0,-0.01,-1,-1,-0.01,-1,-1,-0.01,-1,-1,-0.01,-1,-1,-0.01,-1,-1,-0.01,-1,-1,-0.01,-1,-1,-0.01,-1,-1,-0.01,-1,-1,-0.01,-1,-1
99926009,2026-05-18 09:37:36+05:30,53015.5,0,0.0,0,0.0,0.0,53282.15,53308.4,52918.05,53710.35,0,0.0,0.0,0.0,0.0,-0.01,-1,-1,-0.01,-1,-1,-0.01,-1,-1,-0.01,-1,-1,-0.01,-1,-1,-0.01,-1,-1,-0.01,-1,-1,-0.01,-1,-1,-0.01,-1,-1,-0.01,-1,-1
99926009,2026-05-18 09:37:37+05:30,53017.35,0,0.0,0,0.0,0.0,53282.15,53308.4,52918.05,53710.35,0,0.0,0.0,0.0,0.0,-0.01,-1,-1,-0.01,-1,-1,-0.01,-1,-1,-0.01,-1,-1,-0.01,-1,-1,-0.01,-1,-1,-0.01,-1,-1,-0.01,-1,-1,-0.01,-1,-1,-0.01,-1,-1
99926009,2026-05-18 09:37:37+05:30,53016.45,0,0.0,0,0.0,0.0,53282.15,53308.4,52918.05,53710.35,0,0.0,0.0,0.0,0.0,-0.01,-1,-1,-0.01,-1,-1,-0.01,-1,-1,-0.01,-1,-1,-0.01,-1,-1,-0.01,-1,-1,-0.01,-1,-1,-0.01,-1,-1,-0.01,-1,-1,-0.01,-1,-1
99926009,2026-05-18 09:37:38+05:30,53014.3,0,0.0,0,0.0,0.0,53282.15,53308.4,52918.05,53710.35,0,0.0,0.0,0.0,0.0,-0.01,-1,-1,-0.01,-1,-1,-0.01,-1,-1,-0.01,-1,-1,-0.01,-1,-1,-0.01,-1,-1,-0.01,-1,-1,-0.01,-1,-1,-0.01,-1,-1,-0.01,-1,-1
99926009,2026-05-18 09:37:38+05:30,53013.5,0,0.0,0,0.0,0.0,53282.15,53308.4,52918.05,53710.35,0,0.0,0.0,0.0,0.0,-0.01,-1,-1,-0.01,-1,-1,-0.01,-1,-1,-0.01,-1,-1,-0.01,-1,-1,-0.01,-1,-1,-0.01,-1,-1,-0.01,-1,-1,-0.01,-1,-1,-0.01,-1,-1
99926009,2026-05-18 09:37:39+05:30,53011.85,0,0.0,0,0.0,0.0,53282.15,53308.4,52918.05,53710.35,0,0.0,0.0,0.0,0.0,-0.01,-1,-1,-0.01,-1,-1,-0.01,-1,-1,-0.01,-1,-1,-0.01,-1,-1,-0.01,-1,-1,-0.01,-1,-1,-0.01,-1,-1,-0.01,-1,-1,-0.01,-1,-1
99926009,2026-05-18 09:37:39+05:30,53010.4,0,0.0,0,0.0,0.0,53282.15,53308.4,52918.05,53710.35,0,0.0,0.0,0.0,0.0,-0.01,-1,-1,-0.01,-1,-1,-0.01,-1,-1,-0.01,-1,-1,-0.01,-1,-1,-0.01,-1,-1,-0.01,-1,-1,-0.01,-1,-1,-0.01,-1,-1,-0.01,-1,-1
99926009,2026-05-18 09:37:40+05:30,53013.3,0,0.0,0,0.0,0.0,53282.15,53308.4,52918.05,53710.35,0,0.0,0.0,0.0,0.0,-0.01,-1,-1,-0.01,-1,-1,-0.01,-1,-1,-0.01,-1,-1,-0.01,-1,-1,-0.01,-1,-1,-0.01,-1,-1,-0.01,-1,-1,-0.01,-1,-1,-0.01,-1,-1
99926009,2026-05-18 09:37:40+05:30,53012.1,0,0.0,0,0.0,0.0,53282.15,53308.4,52918.05,53710.35,0,0.0,0.0,0.0,0.0,-0.01,-1,-1,-0.01,-1,-1,-0.01,-1,-1,-0.01,-1,-1,-0.01,-1,-1,-0.01,-1,-1,-0.01,-1,-1,-0.01,-1,-1,-0.01,-1,-1,-0.01,-1,-1
99926009,2026-05-18 09:37:41+05:30,53009.75,0,0.0,0,0.0,0.0,53282.15,53308.4,52918.05,53710.35,0,0.0,0.0,0.0,0.0,-0.01,-1,-1,-0.01,-1,-1,-0.01,-1,-1,-0.01,-1,-1,-0.01,-1,-1,-0.01,-1,-1,-0.01,-1,-1,-0.01,-1,-1,-0.01,-1,-1,-0.01,-1,-1
99926009,2026-05-18 09:37:41+05:30,53015.1,0,0.0,0,0.0,0.0,53282.15,53308.4,52918.05,53710.35,0,0.0,0.0,0.0,0.0,-0.01,-1,-1,-0.01,-1,-1,-0.01,-1,-1,-0.01,-1,-1,-0.01,-1,-1,-0.01,-1,-1,-0.01,-1,-1,-0.01,-1,-1,-0.01,-1,-1,-0.01,-1,-1
99926009,2026-05-18 09:37:42+05:30,53010.65,0,0.0,0,0.0,0.0,53282.15,53308.4,52918.05,53710.35,0,0.0,0.0,0.0,0.0,-0.01,-1,-1,-0.01,-1,-1,-0.01,-1,-1,-0.01,-1,-1,-0.01,-1,-1,-0.01,-1,-1,-0.01,-1,-1,-0.01,-1,-1,-0.01,-1,-1,-0.01,-1,-1
99926009,2026-05-18 09:37:42+05:30,53011.3,0,0.0,0,0.0,0.0,53282.15,53308.4,52918.05,53710.35,0,0.0,0.0,0.0,0.0,-0.01,-1,-1,-0.01,-1,-1,-0.01,-1,-1,-0.01,-1,-1,-0.01,-1,-1,-0.01,-1,-1,-0.01,-1,-1,-0.01,-1,-1,-0.01,-1,-1,-0.01,-1,-1
99926009,2026-05-18 09:37:43+05:30,53005.65,0,0.0,0,0.0,0.0,53282.15,53308.4,52918.05,53710.35,0,0.0,0.0,0.0,0.0,-0.01,-1,-1,-0.01,-1,-1,-0.01,-1,-1,-0.01,-1,-1,-0.01,-1,-1,-0.01,-1,-1,-0.01,-1,-1,-0.01,-1,-1,-0.01,-1,-1,-0.01,-1,-1
99926009,2026-05-18 09:37:43+05:30,53005.65,0,0.0,0,0.0,0.0,53282.15,53308.4,52918.05,53710.35,0,0.0,0.0,0.0,0.0,-0.01,-1,-1,-0.01,-1,-1,-0.01,-1,-1,-0.01,-1,-1,-0.01,-1,-1,-0.01,-1,-1,-0.01,-1,-1,-0.01,-1,-1,-0.01,-1,-1,-0.01,-1,-1
99926009,2026-05-18 09:37:44+05:30,53006.3,0,0.0,0,0.0,0.0,53282.15,53308.4,52918.05,53710.35,0,0.0,0.0,0.0,0.0,-0.01,-1,-1,-0.01,-1,-1,-0.01,-1,-1,-0.01,-1,-1,-0.01,-1,-1,-0.01,-1,-1,-0.01,-1,-1,-0.01,-1,-1,-0.01,-1,-1,-0.01,-1,-1
99926009,2026-05-18 09:37:44+05:30,53007.5,0,0.0,0,0.0,0.0,53282.15,53308.4,52918.05,53710.35,0,0.0,0.0,0.0,0.0,-0.01,-1,-1,-0.01,-1,-1,-0.01,-1,-1,-0.01,-1,-1,-0.01,-1,-1,-0.01,-1,-1,-0.01,-1,-1,-0.01,-1,-1,-0.01,-1,-1,-0.01,-1,-1
99926009,2026-05-18 09:37:45+05:30,53009.7,0,0.0,0,0.0,0.0,53282.15,53308.4,52918.05,53710.35,0,0.0,0.0,0.0,0.0,-0.01,-1,-1,-0.01,-1,-1,-0.01,-1,-1,-0.01,-1,-1,-0.01,-1,-1,-0.01,-1,-1,-0.01,-1,-1,-0.01,-1,-1,-0.01,-1,-1,-0.01,-1,-1
99926009,2026-05-18 09:37:45+05:30,53010.65,0,0.0,0,0.0,0.0,53282.15,53308.4,52918.05,53710.35,0,0.0,0.0,0.0,0.0,-0.01,-1,-1,-0.01,-1,-1,-0.01,-1,-1,-0.01,-1,-1,-0.01,-1,-1,-0.01,-1,-1,-0.01,-1,-1,-0.01,-1,-1,-0.01,-1,-1,-0.01,-1,-1
99926009,2026-05-18 09:37:46+05:30,53011.65,0,0.0,0,0.0,0.0,53282.15,53308.4,52918.05,53710.35,0,0.0,0.0,0.0,0.0,-0.01,-1,-1,-0.01,-1,-1,-0.01,-1,-1,-0.01,-1,-1,-0.01,-1,-1,-0.01,-1,-1,-0.01,-1,-1,-0.01,-1,-1,-0.01,-1,-1,-0.01,-1,-1
99926009,2026-05-18 09:37:46+05:30,53013.55,0,0.0,0,0.0,0.0,53282.15,53308.4,52918.05,53710.35,0,0.0,0.0,0.0,0.0,-0.01,-1,-1,-0.01,-1,-1,-0.01,-1,-1,-0.01,-1,-1,-0.01,-1,-1,-0.01,-1,-1,-0.01,-1,-1,-0.01,-1,-1,-0.01,-1,-1,-0.01,-1,-1
99926009,2026-05-18 09:37:47+05:30,53011.1,0,0.0,0,0.0,0.0,53282.15,53308.4,52918.05,53710.35,0,0.0,0.0,0.0,0.0,-0.01,-1,-1,-0.01,-1,-1,-0.01,-1,-1,-0.01,-1,-1,-0.01,-1,-1,-0.01,-1,-1,-0.01,-1,-1,-0.01,-1,-1,-0.01,-1,-1,-0.01,-1,-1
99926009,2026-05-18 09:37:47+05:30,53011.4,0,0.0,0,0.0,0.0,53282.15,53308.4,52918.05,53710.35,0,0.0,0.0,0.0,0.0,-0.01,-1,-1,-0.01,-1,-1,-0.01,-1,-1,-0.01,-1,-1,-0.01,-1,-1,-0.01,-1,-1,-0.01,-1,-1,-0.01,-1,-1,-0.01,-1,-1,-0.01,-1,-1
99926009,2026-05-18 09:37:48+05:30,53008.7,0,0.0,0,0.0,0.0,53282.15,53308.4,52918.05,53710.35,0,0.0,0.0,0.0,0.0,-0.01,-1,-1,-0.01,-1,-1,-0.01,-1,-1,-0.01,-1,-1,-0.01,-1,-1,-0.01,-1,-1,-0.01,-1,-1,-0.01,-1,-1,-0.01,-1,-1,-0.01,-1,-1
99926009,2026-05-18 09:37:48+05:30,53011.7,0,0.0,0,0.0,0.0,53282.15,53308.4,52918.05,53710.35,0,0.0,0.0,0.0,0.0,-0.01,-1,-1,-0.01,-1,-1,-0.01,-1,-1,-0.01,-1,-1,-0.01,-1,-1,-0.01,-1,-1,-0.01,-1,-1,-0.01,-1,-1,-0.01,-1,-1,-0.01,-1,-1
99926009,2026-05-18 09:37:49+05:30,53012.25,0,0.0,0,0.0,0.0,53282.15,53308.4,52918.05,53710.35,0,0.0,0.0,0.0,0.0,-0.01,-1,-1,-0.01,-1,-1,-0.01,-1,-1,-0.01,-1,-1,-0.01,-1,-1,-0.01,-1,-1,-0.01,-1,-1,-0.01,-1,-1,-0.01,-1,-1,-0.01,-1,-1
99926009,2026-05-18 09:37:49+05:30,53008.6,0,0.0,0,0.0,0.0,53282.15,53308.4,52918.05,53710.35,0,0.0,0.0,0.0,0.0,-0.01,-1,-1,-0.01,-1,-1,-0.01,-1,-1,-0.01,-1,-1,-0.01,-1,-1,-0.01,-1,-1,-0.01,-1,-1,-0.01,-1,-1,-0.01,-1,-1,-0.01,-1,-1
99926009,2026-05-18 09:37:50+05:30,53004.8,0,0.0,0,0.0,0.0,53282.15,53308.4,52918.05,53710.35,0,0.0,0.0,0.0,0.0,-0.01,-1,-1,-0.01,-1,-1,-0.01,-1,-1,-0.01,-1,-1,-0.01,-1,-1,-0.01,-1,-1,-0.01,-1,-1,-0.01,-1,-1,-0.01,-1,-1,-0.01,-1,-1
99926009,2026-05-18 09:37:50+05:30,53004.0,0,0.0,0,0.0,0.0,53282.15,53308.4,52918.05,53710.35,0,0.0,0.0,0.0,0.0,-0.01,-1,-1,-0.01,-1,-1,-0.01,-1,-1,-0.01,-1,-1,-0.01,-1,-1,-0.01,-1,-1,-0.01,-1,-1,-0.01,-1,-1,-0.01,-1,-1,-0.01,-1,-1
99926009,2026-05-18 09:37:51+05:30,53000.15,0,0.0,0,0.0,0.0,53282.15,53308.4,52918.05,53710.35,0,0.0,0.0,0.0,0.0,-0.01,-1,-1,-0.01,-1,-1,-0.01,-1,-1,-0.01,-1,-1,-0.01,-1,-1,-0.01,-1,-1,-0.01,-1,-1,-0.01,-1,-1,-0.01,-1,-1,-0.01,-1,-1
99926009,2026-05-18 09:37:51+05:30,52999.9,0,0.0,0,0.0,0.0,53282.15,53308.4,52918.05,53710.35,0,0.0,0.0,0.0,0.0,-0.01,-1,-1,-0.01,-1,-1,-0.01,-1,-1,-0.01,-1,-1,-0.01,-1,-1,-0.01,-1,-1,-0.01,-1,-1,-0.01,-1,-1,-0.01,-1,-1,-0.01,-1,-1
99926009,2026-05-18 09:37:52+05:30,52994.85,0,0.0,0,0.0,0.0,53282.15,53308.4,52918.05,53710.35,0,0.0,0.0,0.0,0.0,-0.01,-1,-1,-0.01,-1,-1,-0.01,-1,-1,-0.01,-1,-1,-0.01,-1,-1,-0.01,-1,-1,-0.01,-1,-1,-0.01,-1,-1,-0.01,-1,-1,-0.01,-1,-1
99926009,2026-05-18 09:37:52+05:30,52994.75,0,0.0,0,0.0,0.0,53282.15,53308.4,52918.05,53710.35,0,0.0,0.0,0.0,0.0,-0.01,-1,-1,-0.01,-1,-1,-0.01,-1,-1,-0.01,-1,-1,-0.01,-1,-1,-0.01,-1,-1,-0.01,-1,-1,-0.01,-1,-1,-0.01,-1,-1,-0.01,-1,-1
99926009,2026-05-18 09:37:53+05:30,52986.3,0,0.0,0,0.0,0.0,53282.15,53308.4,52918.05,53710.35,0,0.0,0.0,0.0,0.0,-0.01,-1,-1,-0.01,-1,-1,-0.01,-1,-1,-0.01,-1,-1,-0.01,-1,-1,-0.01,-1,-1,-0.01,-1,-1,-0.01,-1,-1,-0.01,-1,-1,-0.01,-1,-1
99926009,2026-05-18 09:37:53+05:30,52988.0,0,0.0,0,0.0,0.0,53282.15,53308.4,52918.05,53710.35,0,0.0,0.0,0.0,0.0,-0.01,-1,-1,-0.01,-1,-1,-0.01,-1,-1,-0.01,-1,-1,-0.01,-1,-1,-0.01,-1,-1,-0.01,-1,-1,-0.01,-1,-1,-0.01,-1,-1,-0.01,-1,-1
99926009,2026-05-18 09:37:54+05:30,52983.85,0,0.0,0,0.0,0.0,53282.15,53308.4,52918.05,53710.35,0,0.0,0.0,0.0,0.0,-0.01,-1,-1,-0.01,-1,-1,-0.01,-1,-1,-0.01,-1,-1,-0.01,-1,-1,-0.01,-1,-1,-0.01,-1,-1,-0.01,-1,-1,-0.01,-1,-1,-0.01,-1,-1
99926009,2026-05-18 09:37:54+05:30,52986.85,0,0.0,0,0.0,0.0,53282.15,53308.4,52918.05,53710.35,0,0.0,0.0,0.0,0.0,-0.01,-1,-1,-0.01,-1,-1,-0.01,-1,-1,-0.01,-1,-1,-0.01,-1,-1,-0.01,-1,-1,-0.01,-1,-1,-0.01,-1,-1,-0.01,-1,-1,-0.01,-1,-1
99926009,2026-05-18 09:37:55+05:30,52984.05,0,0.0,0,0.0,0.0,53282.15,53308.4,52918.05,53710.35,0,0.0,0.0,0.0,0.0,-0.01,-1,-1,-0.01,-1,-1,-0.01,-1,-1,-0.01,-1,-1,-0.01,-1,-1,-0.01,-1,-1,-0.01,-1,-1,-0.01,-1,-1,-0.01,-1,-1,-0.01,-1,-1
99926009,2026-05-18 09:37:55+05:30,52978.6,0,0.0,0,0.0,0.0,53282.15,53308.4,52918.05,53710.35,0,0.0,0.0,0.0,0.0,-0.01,-1,-1,-0.01,-1,-1,-0.01,-1,-1,-0.01,-1,-1,-0.01,-1,-1,-0.01,-1,-1,-0.01,-1,-1,-0.01,-1,-1,-0.01,-1,-1,-0.01,-1,-1
99926009,2026-05-18 09:37:56+05:30,52975.55,0,0.0,0,0.0,0.0,53282.15,53308.4,52918.05,53710.35,0,0.0,0.0,0.0,0.0,-0.01,-1,-1,-0.01,-1,-1,-0.01,-1,-1,-0.01,-1,-1,-0.01,-1,-1,-0.01,-1,-1,-0.01,-1,-1,-0.01,-1,-1,-0.01,-1,-1,-0.01,-1,-1
99926009,2026-05-18 09:37:56+05:30,52982.5,0,0.0,0,0.0,0.0,53282.15,53308.4,52918.05,53710.35,0,0.0,0.0,0.0,0.0,-0.01,-1,-1,-0.01,-1,-1,-0.01,-1,-1,-0.01,-1,-1,-0.01,-1,-1,-0.01,-1,-1,-0.01,-1,-1,-0.01,-1,-1,-0.01,-1,-1,-0.01,-1,-1
99926009,2026-05-18 09:37:57+05:30,52982.75,0,0.0,0,0.0,0.0,53282.15,53308.4,52918.05,53710.35,0,0.0,0.0,0.0,0.0,-0.01,-1,-1,-0.01,-1,-1,-0.01,-1,-1,-0.01,-1,-1,-0.01,-1,-1,-0.01,-1,-1,-0.01,-1,-1,-0.01,-1,-1,-0.01,-1,-1,-0.01,-1,-1
99926009,2026-05-18 09:37:57+05:30,52973.8,0,0.0,0,0.0,0.0,53282.15,53308.4,52918.05,53710.35,0,0.0,0.0,0.0,0.0,-0.01,-1,-1,-0.01,-1,-1,-0.01,-1,-1,-0.01,-1,-1,-0.01,-1,-1,-0.01,-1,-1,-0.01,-1,-1,-0.01,-1,-1,-0.01,-1,-1,-0.01,-1,-1
99926009,2026-05-18 09:37:58+05:30,52975.55,0,0.0,0,0.0,0.0,53282.15,53308.4,52918.05,53710.35,0,0.0,0.0,0.0,0.0,-0.01,-1,-1,-0.01,-1,-1,-0.01,-1,-1,-0.01,-1,-1,-0.01,-1,-1,-0.01,-1,-1,-0.01,-1,-1,-0.01,-1,-1,-0.01,-1,-1,-0.01,-1,-1
99926009,2026-05-18 09:37:58+05:30,52975.7,0,0.0,0,0.0,0.0,53282.15,53308.4,52918.05,53710.35,0,0.0,0.0,0.0,0.0,-0.01,-1,-1,-0.01,-1,-1,-0.01,-1,-1,-0.01,-1,-1,-0.01,-1,-1,-0.01,-1,-1,-0.01,-1,-1,-0.01,-1,-1,-0.01,-1,-1,-0.01,-1,-1
99926009,2026-05-18 09:37:59+05:30,52976.6,0,0.0,0,0.0,0.0,53282.15,53308.4,52918.05,53710.35,0,0.0,0.0,0.0,0.0,-0.01,-1,-1,-0.01,-1,-1,-0.01,-1,-1,-0.01,-1,-1,-0.01,-1,-1,-0.01,-1,-1,-0.01,-1,-1,-0.01,-1,-1,-0.01,-1,-1,-0.01,-1,-1
99926009,2026-05-18 09:37:59+05:30,52974.0,0,0.0,0,0.0,0.0,53282.15,53308.4,52918.05,53710.35,0,0.0,0.0,0.0,0.0,-0.01,-1,-1,-0.01,-1,-1,-0.01,-1,-1,-0.01,-1,-1,-0.01,-1,-1,-0.01,-1,-1,-0.01,-1,-1,-0.01,-1,-1,-0.01,-1,-1,-0.01,-1,-1
99926009,2026-05-18 09:38:00+05:30,52979.45,0,0.0,0,0.0,0.0,53282.15,53308.4,52918.05,53710.35,0,0.0,0.0,0.0,0.0,-0.01,-1,-1,-0.01,-1,-1,-0.01,-1,-1,-0.01,-1,-1,-0.01,-1,-1,-0.01,-1,-1,-0.01,-1,-1,-0.01,-1,-1,-0.01,-1,-1,-0.01,-1,-1
99926009,2026-05-18 09:38:00+05:30,52983.4,0,0.0,0,0.0,0.0,53282.15,53308.4,52918.05,53710.35,0,0.0,0.0,0.0,0.0,-0.01,-1,-1,-0.01,-1,-1,-0.01,-1,-1,-0.01,-1,-1,-0.01,-1,-1,-0.01,-1,-1,-0.01,-1,-1,-0.01,-1,-1,-0.01,-1,-1,-0.01,-1,-1
99926009,2026-05-18 09:38:01+05:30,52980.8,0,0.0,0,0.0,0.0,53282.15,53308.4,52918.05,53710.35,0,0.0,0.0,0.0,0.0,-0.01,-1,-1,-0.01,-1,-1,-0.01,-1,-1,-0.01,-1,-1,-0.01,-1,-1,-0.01,-1,-1,-0.01,-1,-1,-0.01,-1,-1,-0.01,-1,-1,-0.01,-1,-1
99926009,2026-05-18 09:38:01+05:30,52980.45,0,0.0,0,0.0,0.0,53282.15,53308.4,52918.05,53710.35,0,0.0,0.0,0.0,0.0,-0.01,-1,-1,-0.01,-1,-1,-0.01,-1,-1,-0.01,-1,-1,-0.01,-1,-1,-0.01,-1,-1,-0.01,-1,-1,-0.01,-1,-1,-0.01,-1,-1,-0.01,-1,-1
99926009,2026-05-18 09:38:02+05:30,52975.65,0,0.0,0,0.0,0.0,53282.15,53308.4,52918.05,53710.35,0,0.0,0.0,0.0,0.0,-0.01,-1,-1,-0.01,-1,-1,-0.01,-1,-1,-0.01,-1,-1,-0.01,-1,-1,-0.01,-1,-1,-0.01,-1,-1,-0.01,-1,-1,-0.01,-1,-1,-0.01,-1,-1
99926009,2026-05-18 09:38:02+05:30,52971.45,0,0.0,0,0.0,0.0,53282.15,53308.4,52918.05,53710.35,0,0.0,0.0,0.0,0.0,-0.01,-1,-1,-0.01,-1,-1,-0.01,-1,-1,-0.01,-1,-1,-0.01,-1,-1,-0.01,-1,-1,-0.01,-1,-1,-0.01,-1,-1,-0.01,-1,-1,-0.01,-1,-1
99926009,2026-05-18 09:38:03+05:30,52975.5,0,0.0,0,0.0,0.0,53282.15,53308.4,52918.05,53710.35,0,0.0,0.0,0.0,0.0,-0.01,-1,-1,-0.01,-1,-1,-0.01,-1,-1,-0.01,-1,-1,-0.01,-1,-1,-0.01,-1,-1,-0.01,-1,-1,-0.01,-1,-1,-0.01,-1,-1,-0.01,-1,-1
99926009,2026-05-18 09:38:03+05:30,52974.55,0,0.0,0,0.0,0.0,53282.15,53308.4,52918.05,53710.35,0,0.0,0.0,0.0,0.0,-0.01,-1,-1,-0.01,-1,-1,-0.01,-1,-1,-0.01,-1,-1,-0.01,-1,-1,-0.01,-1,-1,-0.01,-1,-1,-0.01,-1,-1,-0.01,-1,-1,-0.01,-1,-1
99926009,2026-05-18 09:38:04+05:30,52970.75,0,0.0,0,0.0,0.0,53282.15,53308.4,52918.05,53710.35,0,0.0,0.0,0.0,0.0,-0.01,-1,-1,-0.01,-1,-1,-0.01,-1,-1,-0.01,-1,-1,-0.01,-1,-1,-0.01,-1,-1,-0.01,-1,-1,-0.01,-1,-1,-0.01,-1,-1,-0.01,-1,-1
99926009,2026-05-18 09:38:04+05:30,52974.0,0,0.0,0,0.0,0.0,53282.15,53308.4,52918.05,53710.35,0,0.0,0.0,0.0,0.0,-0.01,-1,-1,-0.01,-1,-1,-0.01,-1,-1,-0.01,-1,-1,-0.01,-1,-1,-0.01,-1,-1,-0.01,-1,-1,-0.01,-1,-1,-0.01,-1,-1,-0.01,-1,-1
99926009,2026-05-18 09:38:05+05:30,52972.7,0,0.0,0,0.0,0.0,53282.15,53308.4,52918.05,53710.35,0,0.0,0.0,0.0,0.0,-0.01,-1,-1,-0.01,-1,-1,-0.01,-1,-1,-0.01,-1,-1,-0.01,-1,-1,-0.01,-1,-1,-0.01,-1,-1,-0.01,-1,-1,-0.01,-1,-1,-0.01,-1,-1
99926009,2026-05-18 09:38:05+05:30,52975.2,0,0.0,0,0.0,0.0,53282.15,53308.4,52918.05,53710.35,0,0.0,0.0,0.0,0.0,-0.01,-1,-1,-0.01,-1,-1,-0.01,-1,-1,-0.01,-1,-1,-0.01,-1,-1,-0.01,-1,-1,-0.01,-1,-1,-0.01,-1,-1,-0.01,-1,-1,-0.01,-1,-1
99926009,2026-05-18 09:38:06+05:30,52971.4,0,0.0,0,0.0,0.0,53282.15,53308.4,52918.05,53710.35,0,0.0,0.0,0.0,0.0,-0.01,-1,-1,-0.01,-1,-1,-0.01,-1,-1,-0.01,-1,-1,-0.01,-1,-1,-0.01,-1,-1,-0.01,-1,-1,-0.01,-1,-1,-0.01,-1,-1,-0.01,-1,-1
99926009,2026-05-18 09:38:06+05:30,52971.55,0,0.0,0,0.0,0.0,53282.15,53308.4,52918.05,53710.35,0,0.0,0.0,0.0,0.0,-0.01,-1,-1,-0.01,-1,-1,-0.01,-1,-1,-0.01,-1,-1,-0.01,-1,-1,-0.01,-1,-1,-0.01,-1,-1,-0.01,-1,-1,-0.01,-1,-1,-0.01,-1,-1
99926009,2026-05-18 09:38:07+05:30,52970.45,0,0.0,0,0.0,0.0,53282.15,53308.4,52918.05,53710.35,0,0.0,0.0,0.0,0.0,-0.01,-1,-1,-0.01,-1,-1,-0.01,-1,-1,-0.01,-1,-1,-0.01,-1,-1,-0.01,-1,-1,-0.01,-1,-1,-0.01,-1,-1,-0.01,-1,-1,-0.01,-1,-1
99926009,2026-05-18 09:38:07+05:30,52969.75,0,0.0,0,0.0,0.0,53282.15,53308.4,52918.05,53710.35,0,0.0,0.0,0.0,0.0,-0.01,-1,-1,-0.01,-1,-1,-0.01,-1,-1,-0.01,-1,-1,-0.01,-1,-1,-0.01,-1,-1,-0.01,-1,-1,-0.01,-1,-1,-0.01,-1,-1,-0.01,-1,-1
99926009,2026-05-18 09:38:08+05:30,52966.35,0,0.0,0,0.0,0.0,53282.15,53308.4,52918.05,53710.35,0,0.0,0.0,0.0,0.0,-0.01,-1,-1,-0.01,-1,-1,-0.01,-1,-1,-0.01,-1,-1,-0.01,-1,-1,-0.01,-1,-1,-0.01,-1,-1,-0.01,-1,-1,-0.01,-1,-1,-0.01,-1,-1
99926009,2026-05-18 09:38:08+05:30,52965.85,0,0.0,0,0.0,0.0,53282.15,53308.4,52918.05,53710.35,0,0.0,0.0,0.0,0.0,-0.01,-1,-1,-0.01,-1,-1,-0.01,-1,-1,-0.01,-1,-1,-0.01,-1,-1,-0.01,-1,-1,-0.01,-1,-1,-0.01,-1,-1,-0.01,-1,-1,-0.01,-1,-1
99926009,2026-05-18 09:38:09+05:30,52962.1,0,0.0,0,0.0,0.0,53282.15,53308.4,52918.05,53710.35,0,0.0,0.0,0.0,0.0,-0.01,-1,-1,-0.01,-1,-1,-0.01,-1,-1,-0.01,-1,-1,-0.01,-1,-1,-0.01,-1,-1,-0.01,-1,-1,-0.01,-1,-1,-0.01,-1,-1,-0.01,-1,-1
99926009,2026-05-18 09:38:09+05:30,52965.95,0,0.0,0,0.0,0.0,53282.15,53308.4,52918.05,53710.35,0,0.0,0.0,0.0,0.0,-0.01,-1,-1,-0.01,-1,-1,-0.01,-1,-1,-0.01,-1,-1,-0.01,-1,-1,-0.01,-1,-1,-0.01,-1,-1,-0.01,-1,-1,-0.01,-1,-1,-0.01,-1,-1
99926009,2026-05-18 09:38:10+05:30,52964.55,0,0.0,0,0.0,0.0,53282.15,53308.4,52918.05,53710.35,0,0.0,0.0,0.0,0.0,-0.01,-1,-1,-0.01,-1,-1,-0.01,-1,-1,-0.01,-1,-1,-0.01,-1,-1,-0.01,-1,-1,-0.01,-1,-1,-0.01,-1,-1,-0.01,-1,-1,-0.01,-1,-1
99926009,2026-05-18 09:38:10+05:30,52964.6,0,0.0,0,0.0,0.0,53282.15,53308.4,52918.05,53710.35,0,0.0,0.0,0.0,0.0,-0.01,-1,-1,-0.01,-1,-1,-0.01,-1,-1,-0.01,-1,-1,-0.01,-1,-1,-0.01,-1,-1,-0.01,-1,-1,-0.01,-1,-1,-0.01,-1,-1,-0.01,-1,-1
99926009,2026-05-18 09:38:11+05:30,52965.8,0,0.0,0,0.0,0.0,53282.15,53308.4,52918.05,53710.35,0,0.0,0.0,0.0,0.0,-0.01,-1,-1,-0.01,-1,-1,-0.01,-1,-1,-0.01,-1,-1,-0.01,-1,-1,-0.01,-1,-1,-0.01,-1,-1,-0.01,-1,-1,-0.01,-1,-1,-0.01,-1,-1
99926009,2026-05-18 09:38:11+05:30,52965.6,0,0.0,0,0.0,0.0,53282.15,53308.4,52918.05,53710.35,0,0.0,0.0,0.0,0.0,-0.01,-1,-1,-0.01,-1,-1,-0.01,-1,-1,-0.01,-1,-1,-0.01,-1,-1,-0.01,-1,-1,-0.01,-1,-1,-0.01,-1,-1,-0.01,-1,-1,-0.01,-1,-1
99926009,2026-05-18 09:38:12+05:30,52959.2,0,0.0,0,0.0,0.0,53282.15,53308.4,52918.05,53710.35,0,0.0,0.0,0.0,0.0,-0.01,-1,-1,-0.01,-1,-1,-0.01,-1,-1,-0.01,-1,-1,-0.01,-1,-1,-0.01,-1,-1,-0.01,-1,-1,-0.01,-1,-1,-0.01,-1,-1,-0.01,-1,-1
99926009,2026-05-18 09:38:12+05:30,52959.65,0,0.0,0,0.0,0.0,53282.15,53308.4,52918.05,53710.35,0,0.0,0.0,0.0,0.0,-0.01,-1,-1,-0.01,-1,-1,-0.01,-1,-1,-0.01,-1,-1,-0.01,-1,-1,-0.01,-1,-1,-0.01,-1,-1,-0.01,-1,-1,-0.01,-1,-1,-0.01,-1,-1
99926009,2026-05-18 09:38:13+05:30,52953.75,0,0.0,0,0.0,0.0,53282.15,53308.4,52918.05,53710.35,0,0.0,0.0,0.0,0.0,-0.01,-1,-1,-0.01,-1,-1,-0.01,-1,-1,-0.01,-1,-1,-0.01,-1,-1,-0.01,-1,-1,-0.01,-1,-1,-0.01,-1,-1,-0.01,-1,-1,-0.01,-1,-1
99926009,2026-05-18 09:38:13+05:30,52959.25,0,0.0,0,0.0,0.0,53282.15,53308.4,52918.05,53710.35,0,0.0,0.0,0.0,0.0,-0.01,-1,-1,-0.01,-1,-1,-0.01,-1,-1,-0.01,-1,-1,-0.01,-1,-1,-0.01,-1,-1,-0.01,-1,-1,-0.01,-1,-1,-0.01,-1,-1,-0.01,-1,-1
99926009,2026-05-18 09:38:14+05:30,52959.1,0,0.0,0,0.0,0.0,53282.15,53308.4,52918.05,53710.35,0,0.0,0.0,0.0,0.0,-0.01,-1,-1,-0.01,-1,-1,-0.01,-1,-1,-0.01,-1,-1,-0.01,-1,-1,-0.01,-1,-1,-0.01,-1,-1,-0.01,-1,-1,-0.01,-1,-1,-0.01,-1,-1
99926009,2026-05-18 09:38:14+05:30,52960.3,0,0.0,0,0.0,0.0,53282.15,53308.4,52918.05,53710.35,0,0.0,0.0,0.0,0.0,-0.01,-1,-1,-0.01,-1,-1,-0.01,-1,-1,-0.01,-1,-1,-0.01,-1,-1,-0.01,-1,-1,-0.01,-1,-1,-0.01,-1,-1,-0.01,-1,-1,-0.01,-1,-1
99926009,2026-05-18 09:38:15+05:30,52958.65,0,0.0,0,0.0,0.0,53282.15,53308.4,52918.05,53710.35,0,0.0,0.0,0.0,0.0,-0.01,-1,-1,-0.01,-1,-1,-0.01,-1,-1,-0.01,-1,-1,-0.01,-1,-1,-0.01,-1,-1,-0.01,-1,-1,-0.01,-1,-1,-0.01,-1,-1,-0.01,-1,-1
99926009,2026-05-18 09:38:15+05:30,52961.9,0,0.0,0,0.0,0.0,53282.15,53308.4,52918.05,53710.35,0,0.0,0.0,0.0,0.0,-0.01,-1,-1,-0.01,-1,-1,-0.01,-1,-1,-0.01,-1,-1,-0.01,-1,-1,-0.01,-1,-1,-0.01,-1,-1,-0.01,-1,-1,-0.01,-1,-1,-0.01,-1,-1
99926009,2026-05-18 09:38:16+05:30,52963.65,0,0.0,0,0.0,0.0,53282.15,53308.4,52918.05,53710.35,0,0.0,0.0,0.0,0.0,-0.01,-1,-1,-0.01,-1,-1,-0.01,-1,-1,-0.01,-1,-1,-0.01,-1,-1,-0.01,-1,-1,-0.01,-1,-1,-0.01,-1,-1,-0.01,-1,-1,-0.01,-1,-1
99926009,2026-05-18 09:38:16+05:30,52967.45,0,0.0,0,0.0,0.0,53282.15,53308.4,52918.05,53710.35,0,0.0,0.0,0.0,0.0,-0.01,-1,-1,-0.01,-1,-1,-0.01,-1,-1,-0.01,-1,-1,-0.01,-1,-1,-0.01,-1,-1,-0.01,-1,-1,-0.01,-1,-1,-0.01,-1,-1,-0.01,-1,-1
99926009,2026-05-18 09:38:17+05:30,52967.9,0,0.0,0,0.0,0.0,53282.15,53308.4,52918.05,53710.35,0,0.0,0.0,0.0,0.0,-0.01,-1,-1,-0.01,-1,-1,-0.01,-1,-1,-0.01,-1,-1,-0.01,-1,-1,-0.01,-1,-1,-0.01,-1,-1,-0.01,-1,-1,-0.01,-1,-1,-0.01,-1,-1
99926009,2026-05-18 09:38:17+05:30,52967.1,0,0.0,0,0.0,0.0,53282.15,53308.4,52918.05,53710.35,0,0.0,0.0,0.0,0.0,-0.01,-1,-1,-0.01,-1,-1,-0.01,-1,-1,-0.01,-1,-1,-0.01,-1,-1,-0.01,-1,-1,-0.01,-1,-1,-0.01,-1,-1,-0.01,-1,-1,-0.01,-1,-1
99926009,2026-05-18 09:38:18+05:30,52965.3,0,0.0,0,0.0,0.0,53282.15,53308.4,52918.05,53710.35,0,0.0,0.0,0.0,0.0,-0.01,-1,-1,-0.01,-1,-1,-0.01,-1,-1,-0.01,-1,-1,-0.01,-1,-1,-0.01,-1,-1,-0.01,-1,-1,-0.01,-1,-1,-0.01,-1,-1,-0.01,-1,-1
99926009,2026-05-18 09:38:18+05:30,52966.7,0,0.0,0,0.0,0.0,53282.15,53308.4,52918.05,53710.35,0,0.0,0.0,0.0,0.0,-0.01,-1,-1,-0.01,-1,-1,-0.01,-1,-1,-0.01,-1,-1,-0.01,-1,-1,-0.01,-1,-1,-0.01,-1,-1,-0.01,-1,-1,-0.01,-1,-1,-0.01,-1,-1
99926009,2026-05-18 09:38:19+05:30,52963.4,0,0.0,0,0.0,0.0,53282.15,53308.4,52918.05,53710.35,0,0.0,0.0,0.0,0.0,-0.01,-1,-1,-0.01,-1,-1,-0.01,-1,-1,-0.01,-1,-1,-0.01,-1,-1,-0.01,-1,-1,-0.01,-1,-1,-0.01,-1,-1,-0.01,-1,-1,-0.01,-1,-1
99926009,2026-05-18 09:38:19+05:30,52971.25,0,0.0,0,0.0,0.0,53282.15,53308.4,52918.05,53710.35,0,0.0,0.0,0.0,0.0,-0.01,-1,-1,-0.01,-1,-1,-0.01,-1,-1,-0.01,-1,-1,-0.01,-1,-1,-0.01,-1,-1,-0.01,-1,-1,-0.01,-1,-1,-0.01,-1,-1,-0.01,-1,-1
99926009,2026-05-18 09:38:20+05:30,52965.5,0,0.0,0,0.0,0.0,53282.15,53308.4,52918.05,53710.35,0,0.0,0.0,0.0,0.0,-0.01,-1,-1,-0.01,-1,-1,-0.01,-1,-1,-0.01,-1,-1,-0.01,-1,-1,-0.01,-1,-1,-0.01,-1,-1,-0.01,-1,-1,-0.01,-1,-1,-0.01,-1,-1
99926009,2026-05-18 09:38:20+05:30,52964.55,0,0.0,0,0.0,0.0,53282.15,53308.4,52918.05,53710.35,0,0.0,0.0,0.0,0.0,-0.01,-1,-1,-0.01,-1,-1,-0.01,-1,-1,-0.01,-1,-1,-0.01,-1,-1,-0.01,-1,-1,-0.01,-1,-1,-0.01,-1,-1,-0.01,-1,-1,-0.01,-1,-1
99926009,2026-05-18 09:38:21+05:30,52963.15,0,0.0,0,0.0,0.0,53282.15,53308.4,52918.05,53710.35,0,0.0,0.0,0.0,0.0,-0.01,-1,-1,-0.01,-1,-1,-0.01,-1,-1,-0.01,-1,-1,-0.01,-1,-1,-0.01,-1,-1,-0.01,-1,-1,-0.01,-1,-1,-0.01,-1,-1,-0.01,-1,-1
99926009,2026-05-18 09:38:21+05:30,52968.7,0,0.0,0,0.0,0.0,53282.15,53308.4,52918.05,53710.35,0,0.0,0.0,0.0,0.0,-0.01,-1,-1,-0.01,-1,-1,-0.01,-1,-1,-0.01,-1,-1,-0.01,-1,-1,-0.01,-1,-1,-0.01,-1,-1,-0.01,-1,-1,-0.01,-1,-1,-0.01,-1,-1
99926009,2026-05-18 09:38:22+05:30,52965.3,0,0.0,0,0.0,0.0,53282.15,53308.4,52918.05,53710.35,0,0.0,0.0,0.0,0.0,-0.01,-1,-1,-0.01,-1,-1,-0.01,-1,-1,-0.01,-1,-1,-0.01,-1,-1,-0.01,-1,-1,-0.01,-1,-1,-0.01,-1,-1,-0.01,-1,-1,-0.01,-1,-1
99926009,2026-05-18 09:38:22+05:30,52963.9,0,0.0,0,0.0,0.0,53282.15,53308.4,52918.05,53710.35,0,0.0,0.0,0.0,0.0,-0.01,-1,-1,-0.01,-1,-1,-0.01,-1,-1,-0.01,-1,-1,-0.01,-1,-1,-0.01,-1,-1,-0.01,-1,-1,-0.01,-1,-1,-0.01,-1,-1,-0.01,-1,-1
99926009,2026-05-18 09:38:23+05:30,52965.05,0,0.0,0,0.0,0.0,53282.15,53308.4,52918.05,53710.35,0,0.0,0.0,0.0,0.0,-0.01,-1,-1,-0.01,-1,-1,-0.01,-1,-1,-0.01,-1,-1,-0.01,-1,-1,-0.01,-1,-1,-0.01,-1,-1,-0.01,-1,-1,-0.01,-1,-1,-0.01,-1,-1
99926009,2026-05-18 09:38:23+05:30,52964.5,0,0.0,0,0.0,0.0,53282.15,53308.4,52918.05,53710.35,0,0.0,0.0,0.0,0.0,-0.01,-1,-1,-0.01,-1,-1,-0.01,-1,-1,-0.01,-1,-1,-0.01,-1,-1,-0.01,-1,-1,-0.01,-1,-1,-0.01,-1,-1,-0.01,-1,-1,-0.01,-1,-1
99926009,2026-05-18 09:38:24+05:30,52963.2,0,0.0,0,0.0,0.0,53282.15,53308.4,52918.05,53710.35,0,0.0,0.0,0.0,0.0,-0.01,-1,-1,-0.01,-1,-1,-0.01,-1,-1,-0.01,-1,-1,-0.01,-1,-1,-0.01,-1,-1,-0.01,-1,-1,-0.01,-1,-1,-0.01,-1,-1,-0.01,-1,-1
99926009,2026-05-18 09:38:24+05:30,52962.85,0,0.0,0,0.0,0.0,53282.15,53308.4,52918.05,53710.35,0,0.0,0.0,0.0,0.0,-0.01,-1,-1,-0.01,-1,-1,-0.01,-1,-1,-0.01,-1,-1,-0.01,-1,-1,-0.01,-1,-1,-0.01,-1,-1,-0.01,-1,-1,-0.01,-1,-1,-0.01,-1,-1
99926009,2026-05-18 09:38:25+05:30,52968.6,0,0.0,0,0.0,0.0,53282.15,53308.4,52918.05,53710.35,0,0.0,0.0,0.0,0.0,-0.01,-1,-1,-0.01,-1,-1,-0.01,-1,-1,-0.01,-1,-1,-0.01,-1,-1,-0.01,-1,-1,-0.01,-1,-1,-0.01,-1,-1,-0.01,-1,-1,-0.01,-1,-1
99926009,2026-05-18 09:38:25+05:30,52965.7,0,0.0,0,0.0,0.0,53282.15,53308.4,52918.05,53710.35,0,0.0,0.0,0.0,0.0,-0.01,-1,-1,-0.01,-1,-1,-0.01,-1,-1,-0.01,-1,-1,-0.01,-1,-1,-0.01,-1,-1,-0.01,-1,-1,-0.01,-1,-1,-0.01,-1,-1,-0.01,-1,-1
99926009,2026-05-18 09:38:26+05:30,52965.3,0,0.0,0,0.0,0.0,53282.15,53308.4,52918.05,53710.35,0,0.0,0.0,0.0,0.0,-0.01,-1,-1,-0.01,-1,-1,-0.01,-1,-1,-0.01,-1,-1,-0.01,-1,-1,-0.01,-1,-1,-0.01,-1,-1,-0.01,-1,-1,-0.01,-1,-1,-0.01,-1,-1
99926009,2026-05-18 09:38:26+05:30,52959.4,0,0.0,0,0.0,0.0,53282.15,53308.4,52918.05,53710.35,0,0.0,0.0,0.0,0.0,-0.01,-1,-1,-0.01,-1,-1,-0.01,-1,-1,-0.01,-1,-1,-0.01,-1,-1,-0.01,-1,-1,-0.01,-1,-1,-0.01,-1,-1,-0.01,-1,-1,-0.01,-1,-1
99926009,2026-05-18 09:38:27+05:30,52961.3,0,0.0,0,0.0,0.0,53282.15,53308.4,52918.05,53710.35,0,0.0,0.0,0.0,0.0,-0.01,-1,-1,-0.01,-1,-1,-0.01,-1,-1,-0.01,-1,-1,-0.01,-1,-1,-0.01,-1,-1,-0.01,-1,-1,-0.01,-1,-1,-0.01,-1,-1,-0.01,-1,-1
99926009,2026-05-18 09:38:27+05:30,52962.1,0,0.0,0,0.0,0.0,53282.15,53308.4,52918.05,53710.35,0,0.0,0.0,0.0,0.0,-0.01,-1,-1,-0.01,-1,-1,-0.01,-1,-1,-0.01,-1,-1,-0.01,-1,-1,-0.01,-1,-1,-0.01,-1,-1,-0.01,-1,-1,-0.01,-1,-1,-0.01,-1,-1
99926009,2026-05-18 09:38:28+05:30,52962.7,0,0.0,0,0.0,0.0,53282.15,53308.4,52918.05,53710.35,0,0.0,0.0,0.0,0.0,-0.01,-1,-1,-0.01,-1,-1,-0.01,-1,-1,-0.01,-1,-1,-0.01,-1,-1,-0.01,-1,-1,-0.01,-1,-1,-0.01,-1,-1,-0.01,-1,-1,-0.01,-1,-1
99926009,2026-05-18 09:38:28+05:30,52958.1,0,0.0,0,0.0,0.0,53282.15,53308.4,52918.05,53710.35,0,0.0,0.0,0.0,0.0,-0.01,-1,-1,-0.01,-1,-1,-0.01,-1,-1,-0.01,-1,-1,-0.01,-1,-1,-0.01,-1,-1,-0.01,-1,-1,-0.01,-1,-1,-0.01,-1,-1,-0.01,-1,-1
99926009,2026-05-18 09:38:29+05:30,52965.25,0,0.0,0,0.0,0.0,53282.15,53308.4,52918.05,53710.35,0,0.0,0.0,0.0,0.0,-0.01,-1,-1,-0.01,-1,-1,-0.01,-1,-1,-0.01,-1,-1,-0.01,-1,-1,-0.01,-1,-1,-0.01,-1,-1,-0.01,-1,-1,-0.01,-1,-1,-0.01,-1,-1
99926009,2026-05-18 09:38:29+05:30,52967.55,0,0.0,0,0.0,0.0,53282.15,53308.4,52918.05,53710.35,0,0.0,0.0,0.0,0.0,-0.01,-1,-1,-0.01,-1,-1,-0.01,-1,-1,-0.01,-1,-1,-0.01,-1,-1,-0.01,-1,-1,-0.01,-1,-1,-0.01,-1,-1,-0.01,-1,-1,-0.01,-1,-1
99926009,2026-05-18 09:38:30+05:30,52962.65,0,0.0,0,0.0,0.0,53282.15,53308.4,52918.05,53710.35,0,0.0,0.0,0.0,0.0,-0.01,-1,-1,-0.01,-1,-1,-0.01,-1,-1,-0.01,-1,-1,-0.01,-1,-1,-0.01,-1,-1,-0.01,-1,-1,-0.01,-1,-1,-0.01,-1,-1,-0.01,-1,-1
99926009,2026-05-18 09:38:30+05:30,52969.25,0,0.0,0,0.0,0.0,53282.15,53308.4,52918.05,53710.35,0,0.0,0.0,0.0,0.0,-0.01,-1,-1,-0.01,-1,-1,-0.01,-1,-1,-0.01,-1,-1,-0.01,-1,-1,-0.01,-1,-1,-0.01,-1,-1,-0.01,-1,-1,-0.01,-1,-1,-0.01,-1,-1
99926009,2026-05-18 09:38:31+05:30,52969.55,0,0.0,0,0.0,0.0,53282.15,53308.4,52918.05,53710.35,0,0.0,0.0,0.0,0.0,-0.01,-1,-1,-0.01,-1,-1,-0.01,-1,-1,-0.01,-1,-1,-0.01,-1,-1,-0.01,-1,-1,-0.01,-1,-1,-0.01,-1,-1,-0.01,-1,-1,-0.01,-1,-1
99926009,2026-05-18 09:38:31+05:30,52971.75,0,0.0,0,0.0,0.0,53282.15,53308.4,52918.05,53710.35,0,0.0,0.0,0.0,0.0,-0.01,-1,-1,-0.01,-1,-1,-0.01,-1,-1,-0.01,-1,-1,-0.01,-1,-1,-0.01,-1,-1,-0.01,-1,-1,-0.01,-1,-1,-0.01,-1,-1,-0.01,-1,-1
99926009,2026-05-18 09:38:32+05:30,52964.15,0,0.0,0,0.0,0.0,53282.15,53308.4,52918.05,53710.35,0,0.0,0.0,0.0,0.0,-0.01,-1,-1,-0.01,-1,-1,-0.01,-1,-1,-0.01,-1,-1,-0.01,-1,-1,-0.01,-1,-1,-0.01,-1,-1,-0.01,-1,-1,-0.01,-1,-1,-0.01,-1,-1
99926009,2026-05-18 09:38:32+05:30,52967.2,0,0.0,0,0.0,0.0,53282.15,53308.4,52918.05,53710.35,0,0.0,0.0,0.0,0.0,-0.01,-1,-1,-0.01,-1,-1,-0.01,-1,-1,-0.01,-1,-1,-0.01,-1,-1,-0.01,-1,-1,-0.01,-1,-1,-0.01,-1,-1,-0.01,-1,-1,-0.01,-1,-1
99926009,2026-05-18 09:38:33+05:30,52967.4,0,0.0,0,0.0,0.0,53282.15,53308.4,52918.05,53710.35,0,0.0,0.0,0.0,0.0,-0.01,-1,-1,-0.01,-1,-1,-0.01,-1,-1,-0.01,-1,-1,-0.01,-1,-1,-0.01,-1,-1,-0.01,-1,-1,-0.01,-1,-1,-0.01,-1,-1,-0.01,-1,-1
99926009,2026-05-18 09:38:33+05:30,52966.75,0,0.0,0,0.0,0.0,53282.15,53308.4,52918.05,53710.35,0,0.0,0.0,0.0,0.0,-0.01,-1,-1,-0.01,-1,-1,-0.01,-1,-1,-0.01,-1,-1,-0.01,-1,-1,-0.01,-1,-1,-0.01,-1,-1,-0.01,-1,-1,-0.01,-1,-1,-0.01,-1,-1
99926009,2026-05-18 09:38:34+05:30,52970.25,0,0.0,0,0.0,0.0,53282.15,53308.4,52918.05,53710.35,0,0.0,0.0,0.0,0.0,-0.01,-1,-1,-0.01,-1,-1,-0.01,-1,-1,-0.01,-1,-1,-0.01,-1,-1,-0.01,-1,-1,-0.01,-1,-1,-0.01,-1,-1,-0.01,-1,-1,-0.01,-1,-1
99926009,2026-05-18 09:38:34+05:30,52971.25,0,0.0,0,0.0,0.0,53282.15,53308.4,52918.05,53710.35,0,0.0,0.0,0.0,0.0,-0.01,-1,-1,-0.01,-1,-1,-0.01,-1,-1,-0.01,-1,-1,-0.01,-1,-1,-0.01,-1,-1,-0.01,-1,-1,-0.01,-1,-1,-0.01,-1,-1,-0.01,-1,-1
99926009,2026-05-18 09:38:35+05:30,52968.9,0,0.0,0,0.0,0.0,53282.15,53308.4,52918.05,53710.35,0,0.0,0.0,0.0,0.0,-0.01,-1,-1,-0.01,-1,-1,-0.01,-1,-1,-0.01,-1,-1,-0.01,-1,-1,-0.01,-1,-1,-0.01,-1,-1,-0.01,-1,-1,-0.01,-1,-1,-0.01,-1,-1
99926009,2026-05-18 09:38:35+05:30,52971.75,0,0.0,0,0.0,0.0,53282.15,53308.4,52918.05,53710.35,0,0.0,0.0,0.0,0.0,-0.01,-1,-1,-0.01,-1,-1,-0.01,-1,-1,-0.01,-1,-1,-0.01,-1,-1,-0.01,-1,-1,-0.01,-1,-1,-0.01,-1,-1,-0.01,-1,-1,-0.01,-1,-1
99926009,2026-05-18 09:38:36+05:30,52971.65,0,0.0,0,0.0,0.0,53282.15,53308.4,52918.05,53710.35,0,0.0,0.0,0.0,0.0,-0.01,-1,-1,-0.01,-1,-1,-0.01,-1,-1,-0.01,-1,-1,-0.01,-1,-1,-0.01,-1,-1,-0.01,-1,-1,-0.01,-1,-1,-0.01,-1,-1,-0.01,-1,-1
99926009,2026-05-18 09:38:36+05:30,52969.45,0,0.0,0,0.0,0.0,53282.15,53308.4,52918.05,53710.35,0,0.0,0.0,0.0,0.0,-0.01,-1,-1,-0.01,-1,-1,-0.01,-1,-1,-0.01,-1,-1,-0.01,-1,-1,-0.01,-1,-1,-0.01,-1,-1,-0.01,-1,-1,-0.01,-1,-1,-0.01,-1,-1
99926009,2026-05-18 09:38:37+05:30,52970.3,0,0.0,0,0.0,0.0,53282.15,53308.4,52918.05,53710.35,0,0.0,0.0,0.0,0.0,-0.01,-1,-1,-0.01,-1,-1,-0.01,-1,-1,-0.01,-1,-1,-0.01,-1,-1,-0.01,-1,-1,-0.01,-1,-1,-0.01,-1,-1,-0.01,-1,-1,-0.01,-1,-1
99926009,2026-05-18 09:38:37+05:30,52963.6,0,0.0,0,0.0,0.0,53282.15,53308.4,52918.05,53710.35,0,0.0,0.0,0.0,0.0,-0.01,-1,-1,-0.01,-1,-1,-0.01,-1,-1,-0.01,-1,-1,-0.01,-1,-1,-0.01,-1,-1,-0.01,-1,-1,-0.01,-1,-1,-0.01,-1,-1,-0.01,-1,-1
99926009,2026-05-18 09:38:38+05:30,52966.1,0,0.0,0,0.0,0.0,53282.15,53308.4,52918.05,53710.35,0,0.0,0.0,0.0,0.0,-0.01,-1,-1,-0.01,-1,-1,-0.01,-1,-1,-0.01,-1,-1,-0.01,-1,-1,-0.01,-1,-1,-0.01,-1,-1,-0.01,-1,-1,-0.01,-1,-1,-0.01,-1,-1
99926009,2026-05-18 09:38:38+05:30,52964.25,0,0.0,0,0.0,0.0,53282.15,53308.4,52918.05,53710.35,0,0.0,0.0,0.0,0.0,-0.01,-1,-1,-0.01,-1,-1,-0.01,-1,-1,-0.01,-1,-1,-0.01,-1,-1,-0.01,-1,-1,-0.01,-1,-1,-0.01,-1,-1,-0.01,-1,-1,-0.01,-1,-1
99926009,2026-05-18 09:38:39+05:30,52961.65,0,0.0,0,0.0,0.0,53282.15,53308.4,52918.05,53710.35,0,0.0,0.0,0.0,0.0,-0.01,-1,-1,-0.01,-1,-1,-0.01,-1,-1,-0.01,-1,-1,-0.01,-1,-1,-0.01,-1,-1,-0.01,-1,-1,-0.01,-1,-1,-0.01,-1,-1,-0.01,-1,-1
99926009,2026-05-18 09:38:39+05:30,52960.65,0,0.0,0,0.0,0.0,53282.15,53308.4,52918.05,53710.35,0,0.0,0.0,0.0,0.0,-0.01,-1,-1,-0.01,-1,-1,-0.01,-1,-1,-0.01,-1,-1,-0.01,-1,-1,-0.01,-1,-1,-0.01,-1,-1,-0.01,-1,-1,-0.01,-1,-1,-0.01,-1,-1
99926009,2026-05-18 09:38:40+05:30,52963.85,0,0.0,0,0.0,0.0,53282.15,53308.4,52918.05,53710.35,0,0.0,0.0,0.0,0.0,-0.01,-1,-1,-0.01,-1,-1,-0.01,-1,-1,-0.01,-1,-1,-0.01,-1,-1,-0.01,-1,-1,-0.01,-1,-1,-0.01,-1,-1,-0.01,-1,-1,-0.01,-1,-1
99926009,2026-05-18 09:38:40+05:30,52963.35,0,0.0,0,0.0,0.0,53282.15,53308.4,52918.05,53710.35,0,0.0,0.0,0.0,0.0,-0.01,-1,-1,-0.01,-1,-1,-0.01,-1,-1,-0.01,-1,-1,-0.01,-1,-1,-0.01,-1,-1,-0.01,-1,-1,-0.01,-1,-1,-0.01,-1,-1,-0.01,-1,-1
99926009,2026-05-18 09:38:41+05:30,52962.1,0,0.0,0,0.0,0.0,53282.15,53308.4,52918.05,53710.35,0,0.0,0.0,0.0,0.0,-0.01,-1,-1,-0.01,-1,-1,-0.01,-1,-1,-0.01,-1,-1,-0.01,-1,-1,-0.01,-1,-1,-0.01,-1,-1,-0.01,-1,-1,-0.01,-1,-1,-0.01,-1,-1
99926009,2026-05-18 09:38:41+05:30,52964.95,0,0.0,0,0.0,0.0,53282.15,53308.4,52918.05,53710.35,0,0.0,0.0,0.0,0.0,-0.01,-1,-1,-0.01,-1,-1,-0.01,-1,-1,-0.01,-1,-1,-0.01,-1,-1,-0.01,-1,-1,-0.01,-1,-1,-0.01,-1,-1,-0.01,-1,-1,-0.01,-1,-1
99926009,2026-05-18 09:38:42+05:30,52963.6,0,0.0,0,0.0,0.0,53282.15,53308.4,52918.05,53710.35,0,0.0,0.0,0.0,0.0,-0.01,-1,-1,-0.01,-1,-1,-0.01,-1,-1,-0.01,-1,-1,-0.01,-1,-1,-0.01,-1,-1,-0.01,-1,-1,-0.01,-1,-1,-0.01,-1,-1,-0.01,-1,-1
99926009,2026-05-18 09:38:42+05:30,52960.15,0,0.0,0,0.0,0.0,53282.15,53308.4,52918.05,53710.35,0,0.0,0.0,0.0,0.0,-0.01,-1,-1,-0.01,-1,-1,-0.01,-1,-1,-0.01,-1,-1,-0.01,-1,-1,-0.01,-1,-1,-0.01,-1,-1,-0.01,-1,-1,-0.01,-1,-1,-0.01,-1,-1
99926009,2026-05-18 09:38:43+05:30,52961.95,0,0.0,0,0.0,0.0,53282.15,53308.4,52918.05,53710.35,0,0.0,0.0,0.0,0.0,-0.01,-1,-1,-0.01,-1,-1,-0.01,-1,-1,-0.01,-1,-1,-0.01,-1,-1,-0.01,-1,-1,-0.01,-1,-1,-0.01,-1,-1,-0.01,-1,-1,-0.01,-1,-1
99926009,2026-05-18 09:38:43+05:30,52960.25,0,0.0,0,0.0,0.0,53282.15,53308.4,52918.05,53710.35,0,0.0,0.0,0.0,0.0,-0.01,-1,-1,-0.01,-1,-1,-0.01,-1,-1,-0.01,-1,-1,-0.01,-1,-1,-0.01,-1,-1,-0.01,-1,-1,-0.01,-1,-1,-0.01,-1,-1,-0.01,-1,-1
99926009,2026-05-18 09:38:44+05:30,52958.45,0,0.0,0,0.0,0.0,53282.15,53308.4,52918.05,53710.35,0,0.0,0.0,0.0,0.0,-0.01,-1,-1,-0.01,-1,-1,-0.01,-1,-1,-0.01,-1,-1,-0.01,-1,-1,-0.01,-1,-1,-0.01,-1,-1,-0.01,-1,-1,-0.01,-1,-1,-0.01,-1,-1
99926009,2026-05-18 09:38:44+05:30,52953.35,0,0.0,0,0.0,0.0,53282.15,53308.4,52918.05,53710.35,0,0.0,0.0,0.0,0.0,-0.01,-1,-1,-0.01,-1,-1,-0.01,-1,-1,-0.01,-1,-1,-0.01,-1,-1,-0.01,-1,-1,-0.01,-1,-1,-0.01,-1,-1,-0.01,-1,-1,-0.01,-1,-1
99926009,2026-05-18 09:38:45+05:30,52953.5,0,0.0,0,0.0,0.0,53282.15,53308.4,52918.05,53710.35,0,0.0,0.0,0.0,0.0,-0.01,-1,-1,-0.01,-1,-1,-0.01,-1,-1,-0.01,-1,-1,-0.01,-1,-1,-0.01,-1,-1,-0.01,-1,-1,-0.01,-1,-1,-0.01,-1,-1,-0.01,-1,-1
99926009,2026-05-18 09:38:45+05:30,52952.25,0,0.0,0,0.0,0.0,53282.15,53308.4,52918.05,53710.35,0,0.0,0.0,0.0,0.0,-0.01,-1,-1,-0.01,-1,-1,-0.01,-1,-1,-0.01,-1,-1,-0.01,-1,-1,-0.01,-1,-1,-0.01,-1,-1,-0.01,-1,-1,-0.01,-1,-1,-0.01,-1,-1
99926009,2026-05-18 09:38:46+05:30,52955.25,0,0.0,0,0.0,0.0,53282.15,53308.4,52918.05,53710.35,0,0.0,0.0,0.0,0.0,-0.01,-1,-1,-0.01,-1,-1,-0.01,-1,-1,-0.01,-1,-1,-0.01,-1,-1,-0.01,-1,-1,-0.01,-1,-1,-0.01,-1,-1,-0.01,-1,-1,-0.01,-1,-1
99926009,2026-05-18 09:38:46+05:30,52952.05,0,0.0,0,0.0,0.0,53282.15,53308.4,52918.05,53710.35,0,0.0,0.0,0.0,0.0,-0.01,-1,-1,-0.01,-1,-1,-0.01,-1,-1,-0.01,-1,-1,-0.01,-1,-1,-0.01,-1,-1,-0.01,-1,-1,-0.01,-1,-1,-0.01,-1,-1,-0.01,-1,-1
99926009,2026-05-18 09:38:47+05:30,52951.2,0,0.0,0,0.0,0.0,53282.15,53308.4,52918.05,53710.35,0,0.0,0.0,0.0,0.0,-0.01,-1,-1,-0.01,-1,-1,-0.01,-1,-1,-0.01,-1,-1,-0.01,-1,-1,-0.01,-1,-1,-0.01,-1,-1,-0.01,-1,-1,-0.01,-1,-1,-0.01,-1,-1
99926009,2026-05-18 09:38:47+05:30,52955.1,0,0.0,0,0.0,0.0,53282.15,53308.4,52918.05,53710.35,0,0.0,0.0,0.0,0.0,-0.01,-1,-1,-0.01,-1,-1,-0.01,-1,-1,-0.01,-1,-1,-0.01,-1,-1,-0.01,-1,-1,-0.01,-1,-1,-0.01,-1,-1,-0.01,-1,-1,-0.01,-1,-1
99926009,2026-05-18 09:38:48+05:30,52951.8,0,0.0,0,0.0,0.0,53282.15,53308.4,52918.05,53710.35,0,0.0,0.0,0.0,0.0,-0.01,-1,-1,-0.01,-1,-1,-0.01,-1,-1,-0.01,-1,-1,-0.01,-1,-1,-0.01,-1,-1,-0.01,-1,-1,-0.01,-1,-1,-0.01,-1,-1,-0.01,-1,-1
99926009,2026-05-18 09:38:48+05:30,52951.1,0,0.0,0,0.0,0.0,53282.15,53308.4,52918.05,53710.35,0,0.0,0.0,0.0,0.0,-0.01,-1,-1,-0.01,-1,-1,-0.01,-1,-1,-0.01,-1,-1,-0.01,-1,-1,-0.01,-1,-1,-0.01,-1,-1,-0.01,-1,-1,-0.01,-1,-1,-0.01,-1,-1
99926009,2026-05-18 09:38:49+05:30,52945.65,0,0.0,0,0.0,0.0,53282.15,53308.4,52918.05,53710.35,0,0.0,0.0,0.0,0.0,-0.01,-1,-1,-0.01,-1,-1,-0.01,-1,-1,-0.01,-1,-1,-0.01,-1,-1,-0.01,-1,-1,-0.01,-1,-1,-0.01,-1,-1,-0.01,-1,-1,-0.01,-1,-1
99926009,2026-05-18 09:38:49+05:30,52946.75,0,0.0,0,0.0,0.0,53282.15,53308.4,52918.05,53710.35,0,0.0,0.0,0.0,0.0,-0.01,-1,-1,-0.01,-1,-1,-0.01,-1,-1,-0.01,-1,-1,-0.01,-1,-1,-0.01,-1,-1,-0.01,-1,-1,-0.01,-1,-1,-0.01,-1,-1,-0.01,-1,-1
99926009,2026-05-18 09:38:50+05:30,52946.1,0,0.0,0,0.0,0.0,53282.15,53308.4,52918.05,53710.35,0,0.0,0.0,0.0,0.0,-0.01,-1,-1,-0.01,-1,-1,-0.01,-1,-1,-0.01,-1,-1,-0.01,-1,-1,-0.01,-1,-1,-0.01,-1,-1,-0.01,-1,-1,-0.01,-1,-1,-0.01,-1,-1
99926009,2026-05-18 09:38:50+05:30,52950.9,0,0.0,0,0.0,0.0,53282.15,53308.4,52918.05,53710.35,0,0.0,0.0,0.0,0.0,-0.01,-1,-1,-0.01,-1,-1,-0.01,-1,-1,-0.01,-1,-1,-0.01,-1,-1,-0.01,-1,-1,-0.01,-1,-1,-0.01,-1,-1,-0.01,-1,-1,-0.01,-1,-1
99926009,2026-05-18 09:38:51+05:30,52945.85,0,0.0,0,0.0,0.0,53282.15,53308.4,52918.05,53710.35,0,0.0,0.0,0.0,0.0,-0.01,-1,-1,-0.01,-1,-1,-0.01,-1,-1,-0.01,-1,-1,-0.01,-1,-1,-0.01,-1,-1,-0.01,-1,-1,-0.01,-1,-1,-0.01,-1,-1,-0.01,-1,-1
99926009,2026-05-18 09:38:51+05:30,52953.4,0,0.0,0,0.0,0.0,53282.15,53308.4,52918.05,53710.35,0,0.0,0.0,0.0,0.0,-0.01,-1,-1,-0.01,-1,-1,-0.01,-1,-1,-0.01,-1,-1,-0.01,-1,-1,-0.01,-1,-1,-0.01,-1,-1,-0.01,-1,-1,-0.01,-1,-1,-0.01,-1,-1
99926009,2026-05-18 09:38:52+05:30,52951.75,0,0.0,0,0.0,0.0,53282.15,53308.4,52918.05,53710.35,0,0.0,0.0,0.0,0.0,-0.01,-1,-1,-0.01,-1,-1,-0.01,-1,-1,-0.01,-1,-1,-0.01,-1,-1,-0.01,-1,-1,-0.01,-1,-1,-0.01,-1,-1,-0.01,-1,-1,-0.01,-1,-1
99926009,2026-05-18 09:38:52+05:30,52947.4,0,0.0,0,0.0,0.0,53282.15,53308.4,52918.05,53710.35,0,0.0,0.0,0.0,0.0,-0.01,-1,-1,-0.01,-1,-1,-0.01,-1,-1,-0.01,-1,-1,-0.01,-1,-1,-0.01,-1,-1,-0.01,-1,-1,-0.01,-1,-1,-0.01,-1,-1,-0.01,-1,-1
99926009,2026-05-18 09:38:53+05:30,52948.45,0,0.0,0,0.0,0.0,53282.15,53308.4,52918.05,53710.35,0,0.0,0.0,0.0,0.0,-0.01,-1,-1,-0.01,-1,-1,-0.01,-1,-1,-0.01,-1,-1,-0.01,-1,-1,-0.01,-1,-1,-0.01,-1,-1,-0.01,-1,-1,-0.01,-1,-1,-0.01,-1,-1
99926009,2026-05-18 09:38:53+05:30,52945.7,0,0.0,0,0.0,0.0,53282.15,53308.4,52918.05,53710.35,0,0.0,0.0,0.0,0.0,-0.01,-1,-1,-0.01,-1,-1,-0.01,-1,-1,-0.01,-1,-1,-0.01,-1,-1,-0.01,-1,-1,-0.01,-1,-1,-0.01,-1,-1,-0.01,-1,-1,-0.01,-1,-1
99926009,2026-05-18 09:38:54+05:30,52951.45,0,0.0,0,0.0,0.0,53282.15,53308.4,52918.05,53710.35,0,0.0,0.0,0.0,0.0,-0.01,-1,-1,-0.01,-1,-1,-0.01,-1,-1,-0.01,-1,-1,-0.01,-1,-1,-0.01,-1,-1,-0.01,-1,-1,-0.01,-1,-1,-0.01,-1,-1,-0.01,-1,-1
99926009,2026-05-18 09:38:54+05:30,52950.1,0,0.0,0,0.0,0.0,53282.15,53308.4,52918.05,53710.35,0,0.0,0.0,0.0,0.0,-0.01,-1,-1,-0.01,-1,-1,-0.01,-1,-1,-0.01,-1,-1,-0.01,-1,-1,-0.01,-1,-1,-0.01,-1,-1,-0.01,-1,-1,-0.01,-1,-1,-0.01,-1,-1
99926009,2026-05-18 09:38:55+05:30,52949.0,0,0.0,0,0.0,0.0,53282.15,53308.4,52918.05,53710.35,0,0.0,0.0,0.0,0.0,-0.01,-1,-1,-0.01,-1,-1,-0.01,-1,-1,-0.01,-1,-1,-0.01,-1,-1,-0.01,-1,-1,-0.01,-1,-1,-0.01,-1,-1,-0.01,-1,-1,-0.01,-1,-1
99926009,2026-05-18 09:38:55+05:30,52948.95,0,0.0,0,0.0,0.0,53282.15,53308.4,52918.05,53710.35,0,0.0,0.0,0.0,0.0,-0.01,-1,-1,-0.01,-1,-1,-0.01,-1,-1,-0.01,-1,-1,-0.01,-1,-1,-0.01,-1,-1,-0.01,-1,-1,-0.01,-1,-1,-0.01,-1,-1,-0.01,-1,-1
99926009,2026-05-18 09:38:56+05:30,52953.85,0,0.0,0,0.0,0.0,53282.15,53308.4,52918.05,53710.35,0,0.0,0.0,0.0,0.0,-0.01,-1,-1,-0.01,-1,-1,-0.01,-1,-1,-0.01,-1,-1,-0.01,-1,-1,-0.01,-1,-1,-0.01,-1,-1,-0.01,-1,-1,-0.01,-1,-1,-0.01,-1,-1
99926009,2026-05-18 09:38:56+05:30,52954.05,0,0.0,0,0.0,0.0,53282.15,53308.4,52918.05,53710.35,0,0.0,0.0,0.0,0.0,-0.01,-1,-1,-0.01,-1,-1,-0.01,-1,-1,-0.01,-1,-1,-0.01,-1,-1,-0.01,-1,-1,-0.01,-1,-1,-0.01,-1,-1,-0.01,-1,-1,-0.01,-1,-1
99926009,2026-05-18 09:38:57+05:30,52952.85,0,0.0,0,0.0,0.0,53282.15,53308.4,52918.05,53710.35,0,0.0,0.0,0.0,0.0,-0.01,-1,-1,-0.01,-1,-1,-0.01,-1,-1,-0.01,-1,-1,-0.01,-1,-1,-0.01,-1,-1,-0.01,-1,-1,-0.01,-1,-1,-0.01,-1,-1,-0.01,-1,-1
99926009,2026-05-18 09:38:57+05:30,52952.95,0,0.0,0,0.0,0.0,53282.15,53308.4,52918.05,53710.35,0,0.0,0.0,0.0,0.0,-0.01,-1,-1,-0.01,-1,-1,-0.01,-1,-1,-0.01,-1,-1,-0.01,-1,-1,-0.01,-1,-1,-0.01,-1,-1,-0.01,-1,-1,-0.01,-1,-1,-0.01,-1,-1
99926009,2026-05-18 09:38:58+05:30,52949.65,0,0.0,0,0.0,0.0,53282.15,53308.4,52918.05,53710.35,0,0.0,0.0,0.0,0.0,-0.01,-1,-1,-0.01,-1,-1,-0.01,-1,-1,-0.01,-1,-1,-0.01,-1,-1,-0.01,-1,-1,-0.01,-1,-1,-0.01,-1,-1,-0.01,-1,-1,-0.01,-1,-1
99926009,2026-05-18 09:38:58+05:30,52948.1,0,0.0,0,0.0,0.0,53282.15,53308.4,52918.05,53710.35,0,0.0,0.0,0.0,0.0,-0.01,-1,-1,-0.01,-1,-1,-0.01,-1,-1,-0.01,-1,-1,-0.01,-1,-1,-0.01,-1,-1,-0.01,-1,-1,-0.01,-1,-1,-0.01,-1,-1,-0.01,-1,-1
99926009,2026-05-18 09:38:59+05:30,52949.9,0,0.0,0,0.0,0.0,53282.15,53308.4,52918.05,53710.35,0,0.0,0.0,0.0,0.0,-0.01,-1,-1,-0.01,-1,-1,-0.01,-1,-1,-0.01,-1,-1,-0.01,-1,-1,-0.01,-1,-1,-0.01,-1,-1,-0.01,-1,-1,-0.01,-1,-1,-0.01,-1,-1
99926009,2026-05-18 09:38:59+05:30,52951.6,0,0.0,0,0.0,0.0,53282.15,53308.4,52918.05,53710.35,0,0.0,0.0,0.0,0.0,-0.01,-1,-1,-0.01,-1,-1,-0.01,-1,-1,-0.01,-1,-1,-0.01,-1,-1,-0.01,-1,-1,-0.01,-1,-1,-0.01,-1,-1,-0.01,-1,-1,-0.01,-1,-1
99926009,2026-05-18 09:39:00+05:30,52953.2,0,0.0,0,0.0,0.0,53282.15,53308.4,52918.05,53710.35,0,0.0,0.0,0.0,0.0,-0.01,-1,-1,-0.01,-1,-1,-0.01,-1,-1,-0.01,-1,-1,-0.01,-1,-1,-0.01,-1,-1,-0.01,-1,-1,-0.01,-1,-1,-0.01,-1,-1,-0.01,-1,-1
99926009,2026-05-18 09:39:00+05:30,52947.8,0,0.0,0,0.0,0.0,53282.15,53308.4,52918.05,53710.35,0,0.0,0.0,0.0,0.0,-0.01,-1,-1,-0.01,-1,-1,-0.01,-1,-1,-0.01,-1,-1,-0.01,-1,-1,-0.01,-1,-1,-0.01,-1,-1,-0.01,-1,-1,-0.01,-1,-1,-0.01,-1,-1
99926009,2026-05-18 09:39:01+05:30,52946.7,0,0.0,0,0.0,0.0,53282.15,53308.4,52918.05,53710.35,0,0.0,0.0,0.0,0.0,-0.01,-1,-1,-0.01,-1,-1,-0.01,-1,-1,-0.01,-1,-1,-0.01,-1,-1,-0.01,-1,-1,-0.01,-1,-1,-0.01,-1,-1,-0.01,-1,-1,-0.01,-1,-1
99926009,2026-05-18 09:39:01+05:30,52947.25,0,0.0,0,0.0,0.0,53282.15,53308.4,52918.05,53710.35,0,0.0,0.0,0.0,0.0,-0.01,-1,-1,-0.01,-1,-1,-0.01,-1,-1,-0.01,-1,-1,-0.01,-1,-1,-0.01,-1,-1,-0.01,-1,-1,-0.01,-1,-1,-0.01,-1,-1,-0.01,-1,-1
99926009,2026-05-18 09:39:02+05:30,52947.05,0,0.0,0,0.0,0.0,53282.15,53308.4,52918.05,53710.35,0,0.0,0.0,0.0,0.0,-0.01,-1,-1,-0.01,-1,-1,-0.01,-1,-1,-0.01,-1,-1,-0.01,-1,-1,-0.01,-1,-1,-0.01,-1,-1,-0.01,-1,-1,-0.01,-1,-1,-0.01,-1,-1
99926009,2026-05-18 09:39:02+05:30,52944.75,0,0.0,0,0.0,0.0,53282.15,53308.4,52918.05,53710.35,0,0.0,0.0,0.0,0.0,-0.01,-1,-1,-0.01,-1,-1,-0.01,-1,-1,-0.01,-1,-1,-0.01,-1,-1,-0.01,-1,-1,-0.01,-1,-1,-0.01,-1,-1,-0.01,-1,-1,-0.01,-1,-1
99926009,2026-05-18 09:39:03+05:30,52947.6,0,0.0,0,0.0,0.0,53282.15,53308.4,52918.05,53710.35,0,0.0,0.0,0.0,0.0,-0.01,-1,-1,-0.01,-1,-1,-0.01,-1,-1,-0.01,-1,-1,-0.01,-1,-1,-0.01,-1,-1,-0.01,-1,-1,-0.01,-1,-1,-0.01,-1,-1,-0.01,-1,-1
99926009,2026-05-18 09:39:03+05:30,52946.7,0,0.0,0,0.0,0.0,53282.15,53308.4,52918.05,53710.35,0,0.0,0.0,0.0,0.0,-0.01,-1,-1,-0.01,-1,-1,-0.01,-1,-1,-0.01,-1,-1,-0.01,-1,-1,-0.01,-1,-1,-0.01,-1,-1,-0.01,-1,-1,-0.01,-1,-1,-0.01,-1,-1
99926009,2026-05-18 09:39:04+05:30,52945.0,0,0.0,0,0.0,0.0,53282.15,53308.4,52918.05,53710.35,0,0.0,0.0,0.0,0.0,-0.01,-1,-1,-0.01,-1,-1,-0.01,-1,-1,-0.01,-1,-1,-0.01,-1,-1,-0.01,-1,-1,-0.01,-1,-1,-0.01,-1,-1,-0.01,-1,-1,-0.01,-1,-1
99926009,2026-05-18 09:39:04+05:30,52941.4,0,0.0,0,0.0,0.0,53282.15,53308.4,52918.05,53710.35,0,0.0,0.0,0.0,0.0,-0.01,-1,-1,-0.01,-1,-1,-0.01,-1,-1,-0.01,-1,-1,-0.01,-1,-1,-0.01,-1,-1,-0.01,-1,-1,-0.01,-1,-1,-0.01,-1,-1,-0.01,-1,-1
99926009,2026-05-18 09:39:05+05:30,52944.6,0,0.0,0,0.0,0.0,53282.15,53308.4,52918.05,53710.35,0,0.0,0.0,0.0,0.0,-0.01,-1,-1,-0.01,-1,-1,-0.01,-1,-1,-0.01,-1,-1,-0.01,-1,-1,-0.01,-1,-1,-0.01,-1,-1,-0.01,-1,-1,-0.01,-1,-1,-0.01,-1,-1
99926009,2026-05-18 09:39:05+05:30,52940.9,0,0.0,0,0.0,0.0,53282.15,53308.4,52918.05,53710.35,0,0.0,0.0,0.0,0.0,-0.01,-1,-1,-0.01,-1,-1,-0.01,-1,-1,-0.01,-1,-1,-0.01,-1,-1,-0.01,-1,-1,-0.01,-1,-1,-0.01,-1,-1,-0.01,-1,-1,-0.01,-1,-1
99926009,2026-05-18 09:39:06+05:30,52941.2,0,0.0,0,0.0,0.0,53282.15,53308.4,52918.05,53710.35,0,0.0,0.0,0.0,0.0,-0.01,-1,-1,-0.01,-1,-1,-0.01,-1,-1,-0.01,-1,-1,-0.01,-1,-1,-0.01,-1,-1,-0.01,-1,-1,-0.01,-1,-1,-0.01,-1,-1,-0.01,-1,-1
99926009,2026-05-18 09:39:06+05:30,52943.85,0,0.0,0,0.0,0.0,53282.15,53308.4,52918.05,53710.35,0,0.0,0.0,0.0,0.0,-0.01,-1,-1,-0.01,-1,-1,-0.01,-1,-1,-0.01,-1,-1,-0.01,-1,-1,-0.01,-1,-1,-0.01,-1,-1,-0.01,-1,-1,-0.01,-1,-1,-0.01,-1,-1
99926009,2026-05-18 09:39:07+05:30,52941.75,0,0.0,0,0.0,0.0,53282.15,53308.4,52918.05,53710.35,0,0.0,0.0,0.0,0.0,-0.01,-1,-1,-0.01,-1,-1,-0.01,-1,-1,-0.01,-1,-1,-0.01,-1,-1,-0.01,-1,-1,-0.01,-1,-1,-0.01,-1,-1,-0.01,-1,-1,-0.01,-1,-1
99926009,2026-05-18 09:39:07+05:30,52942.45,0,0.0,0,0.0,0.0,53282.15,53308.4,52918.05,53710.35,0,0.0,0.0,0.0,0.0,-0.01,-1,-1,-0.01,-1,-1,-0.01,-1,-1,-0.01,-1,-1,-0.01,-1,-1,-0.01,-1,-1,-0.01,-1,-1,-0.01,-1,-1,-0.01,-1,-1,-0.01,-1,-1
99926009,2026-05-18 09:39:08+05:30,52943.9,0,0.0,0,0.0,0.0,53282.15,53308.4,52918.05,53710.35,0,0.0,0.0,0.0,0.0,-0.01,-1,-1,-0.01,-1,-1,-0.01,-1,-1,-0.01,-1,-1,-0.01,-1,-1,-0.01,-1,-1,-0.01,-1,-1,-0.01,-1,-1,-0.01,-1,-1,-0.01,-1,-1
99926009,2026-05-18 09:39:08+05:30,52937.6,0,0.0,0,0.0,0.0,53282.15,53308.4,52918.05,53710.35,0,0.0,0.0,0.0,0.0,-0.01,-1,-1,-0.01,-1,-1,-0.01,-1,-1,-0.01,-1,-1,-0.01,-1,-1,-0.01,-1,-1,-0.01,-1,-1,-0.01,-1,-1,-0.01,-1,-1,-0.01,-1,-1
99926009,2026-05-18 09:39:09+05:30,52935.1,0,0.0,0,0.0,0.0,53282.15,53308.4,52918.05,53710.35,0,0.0,0.0,0.0,0.0,-0.01,-1,-1,-0.01,-1,-1,-0.01,-1,-1,-0.01,-1,-1,-0.01,-1,-1,-0.01,-1,-1,-0.01,-1,-1,-0.01,-1,-1,-0.01,-1,-1,-0.01,-1,-1
99926009,2026-05-18 09:39:09+05:30,52939.0,0,0.0,0,0.0,0.0,53282.15,53308.4,52918.05,53710.35,0,0.0,0.0,0.0,0.0,-0.01,-1,-1,-0.01,-1,-1,-0.01,-1,-1,-0.01,-1,-1,-0.01,-1,-1,-0.01,-1,-1,-0.01,-1,-1,-0.01,-1,-1,-0.01,-1,-1,-0.01,-1,-1
99926009,2026-05-18 09:39:10+05:30,52939.2,0,0.0,0,0.0,0.0,53282.15,53308.4,52918.05,53710.35,0,0.0,0.0,0.0,0.0,-0.01,-1,-1,-0.01,-1,-1,-0.01,-1,-1,-0.01,-1,-1,-0.01,-1,-1,-0.01,-1,-1,-0.01,-1,-1,-0.01,-1,-1,-0.01,-1,-1,-0.01,-1,-1
99926009,2026-05-18 09:39:10+05:30,52942.35,0,0.0,0,0.0,0.0,53282.15,53308.4,52918.05,53710.35,0,0.0,0.0,0.0,0.0,-0.01,-1,-1,-0.01,-1,-1,-0.01,-1,-1,-0.01,-1,-1,-0.01,-1,-1,-0.01,-1,-1,-0.01,-1,-1,-0.01,-1,-1,-0.01,-1,-1,-0.01,-1,-1
99926009,2026-05-18 09:39:11+05:30,52941.75,0,0.0,0,0.0,0.0,53282.15,53308.4,52918.05,53710.35,0,0.0,0.0,0.0,0.0,-0.01,-1,-1,-0.01,-1,-1,-0.01,-1,-1,-0.01,-1,-1,-0.01,-1,-1,-0.01,-1,-1,-0.01,-1,-1,-0.01,-1,-1,-0.01,-1,-1,-0.01,-1,-1
99926009,2026-05-18 09:39:11+05:30,52944.1,0,0.0,0,0.0,0.0,53282.15,53308.4,52918.05,53710.35,0,0.0,0.0,0.0,0.0,-0.01,-1,-1,-0.01,-1,-1,-0.01,-1,-1,-0.01,-1,-1,-0.01,-1,-1,-0.01,-1,-1,-0.01,-1,-1,-0.01,-1,-1,-0.01,-1,-1,-0.01,-1,-1
99926009,2026-05-18 09:39:12+05:30,52941.65,0,0.0,0,0.0,0.0,53282.15,53308.4,52918.05,53710.35,0,0.0,0.0,0.0,0.0,-0.01,-1,-1,-0.01,-1,-1,-0.01,-1,-1,-0.01,-1,-1,-0.01,-1,-1,-0.01,-1,-1,-0.01,-1,-1,-0.01,-1,-1,-0.01,-1,-1,-0.01,-1,-1
99926009,2026-05-18 09:39:12+05:30,52939.9,0,0.0,0,0.0,0.0,53282.15,53308.4,52918.05,53710.35,0,0.0,0.0,0.0,0.0,-0.01,-1,-1,-0.01,-1,-1,-0.01,-1,-1,-0.01,-1,-1,-0.01,-1,-1,-0.01,-1,-1,-0.01,-1,-1,-0.01,-1,-1,-0.01,-1,-1,-0.01,-1,-1
99926009,2026-05-18 09:39:13+05:30,52937.85,0,0.0,0,0.0,0.0,53282.15,53308.4,52918.05,53710.35,0,0.0,0.0,0.0,0.0,-0.01,-1,-1,-0.01,-1,-1,-0.01,-1,-1,-0.01,-1,-1,-0.01,-1,-1,-0.01,-1,-1,-0.01,-1,-1,-0.01,-1,-1,-0.01,-1,-1,-0.01,-1,-1
99926009,2026-05-18 09:39:13+05:30,52938.85,0,0.0,0,0.0,0.0,53282.15,53308.4,52918.05,53710.35,0,0.0,0.0,0.0,0.0,-0.01,-1,-1,-0.01,-1,-1,-0.01,-1,-1,-0.01,-1,-1,-0.01,-1,-1,-0.01,-1,-1,-0.01,-1,-1,-0.01,-1,-1,-0.01,-1,-1,-0.01,-1,-1
99926009,2026-05-18 09:39:14+05:30,52938.85,0,0.0,0,0.0,0.0,53282.15,53308.4,52918.05,53710.35,0,0.0,0.0,0.0,0.0,-0.01,-1,-1,-0.01,-1,-1,-0.01,-1,-1,-0.01,-1,-1,-0.01,-1,-1,-0.01,-1,-1,-0.01,-1,-1,-0.01,-1,-1,-0.01,-1,-1,-0.01,-1,-1
99926009,2026-05-18 09:39:14+05:30,52931.55,0,0.0,0,0.0,0.0,53282.15,53308.4,52918.05,53710.35,0,0.0,0.0,0.0,0.0,-0.01,-1,-1,-0.01,-1,-1,-0.01,-1,-1,-0.01,-1,-1,-0.01,-1,-1,-0.01,-1,-1,-0.01,-1,-1,-0.01,-1,-1,-0.01,-1,-1,-0.01,-1,-1
99926009,2026-05-18 09:39:15+05:30,52932.3,0,0.0,0,0.0,0.0,53282.15,53308.4,52918.05,53710.35,0,0.0,0.0,0.0,0.0,-0.01,-1,-1,-0.01,-1,-1,-0.01,-1,-1,-0.01,-1,-1,-0.01,-1,-1,-0.01,-1,-1,-0.01,-1,-1,-0.01,-1,-1,-0.01,-1,-1,-0.01,-1,-1
99926009,2026-05-18 09:39:15+05:30,52935.9,0,0.0,0,0.0,0.0,53282.15,53308.4,52918.05,53710.35,0,0.0,0.0,0.0,0.0,-0.01,-1,-1,-0.01,-1,-1,-0.01,-1,-1,-0.01,-1,-1,-0.01,-1,-1,-0.01,-1,-1,-0.01,-1,-1,-0.01,-1,-1,-0.01,-1,-1,-0.01,-1,-1
99926009,2026-05-18 09:39:16+05:30,52935.0,0,0.0,0,0.0,0.0,53282.15,53308.4,52918.05,53710.35,0,0.0,0.0,0.0,0.0,-0.01,-1,-1,-0.01,-1,-1,-0.01,-1,-1,-0.01,-1,-1,-0.01,-1,-1,-0.01,-1,-1,-0.01,-1,-1,-0.01,-1,-1,-0.01,-1,-1,-0.01,-1,-1
99926009,2026-05-18 09:39:16+05:30,52936.05,0,0.0,0,0.0,0.0,53282.15,53308.4,52918.05,53710.35,0,0.0,0.0,0.0,0.0,-0.01,-1,-1,-0.01,-1,-1,-0.01,-1,-1,-0.01,-1,-1,-0.01,-1,-1,-0.01,-1,-1,-0.01,-1,-1,-0.01,-1,-1,-0.01,-1,-1,-0.01,-1,-1
99926009,2026-05-18 09:39:17+05:30,52937.15,0,0.0,0,0.0,0.0,53282.15,53308.4,52918.05,53710.35,0,0.0,0.0,0.0,0.0,-0.01,-1,-1,-0.01,-1,-1,-0.01,-1,-1,-0.01,-1,-1,-0.01,-1,-1,-0.01,-1,-1,-0.01,-1,-1,-0.01,-1,-1,-0.01,-1,-1,-0.01,-1,-1
99926009,2026-05-18 09:39:17+05:30,52937.45,0,0.0,0,0.0,0.0,53282.15,53308.4,52918.05,53710.35,0,0.0,0.0,0.0,0.0,-0.01,-1,-1,-0.01,-1,-1,-0.01,-1,-1,-0.01,-1,-1,-0.01,-1,-1,-0.01,-1,-1,-0.01,-1,-1,-0.01,-1,-1,-0.01,-1,-1,-0.01,-1,-1
99926009,2026-05-18 09:39:18+05:30,52937.9,0,0.0,0,0.0,0.0,53282.15,53308.4,52918.05,53710.35,0,0.0,0.0,0.0,0.0,-0.01,-1,-1,-0.01,-1,-1,-0.01,-1,-1,-0.01,-1,-1,-0.01,-1,-1,-0.01,-1,-1,-0.01,-1,-1,-0.01,-1,-1,-0.01,-1,-1,-0.01,-1,-1
99926009,2026-05-18 09:39:18+05:30,52940.75,0,0.0,0,0.0,0.0,53282.15,53308.4,52918.05,53710.35,0,0.0,0.0,0.0,0.0,-0.01,-1,-1,-0.01,-1,-1,-0.01,-1,-1,-0.01,-1,-1,-0.01,-1,-1,-0.01,-1,-1,-0.01,-1,-1,-0.01,-1,-1,-0.01,-1,-1,-0.01,-1,-1
99926009,2026-05-18 09:39:19+05:30,52943.35,0,0.0,0,0.0,0.0,53282.15,53308.4,52918.05,53710.35,0,0.0,0.0,0.0,0.0,-0.01,-1,-1,-0.01,-1,-1,-0.01,-1,-1,-0.01,-1,-1,-0.01,-1,-1,-0.01,-1,-1,-0.01,-1,-1,-0.01,-1,-1,-0.01,-1,-1,-0.01,-1,-1
99926009,2026-05-18 09:39:19+05:30,52943.0,0,0.0,0,0.0,0.0,53282.15,53308.4,52918.05,53710.35,0,0.0,0.0,0.0,0.0,-0.01,-1,-1,-0.01,-1,-1,-0.01,-1,-1,-0.01,-1,-1,-0.01,-1,-1,-0.01,-1,-1,-0.01,-1,-1,-0.01,-1,-1,-0.01,-1,-1,-0.01,-1,-1
99926009,2026-05-18 09:39:20+05:30,52941.55,0,0.0,0,0.0,0.0,53282.15,53308.4,52918.05,53710.35,0,0.0,0.0,0.0,0.0,-0.01,-1,-1,-0.01,-1,-1,-0.01,-1,-1,-0.01,-1,-1,-0.01,-1,-1,-0.01,-1,-1,-0.01,-1,-1,-0.01,-1,-1,-0.01,-1,-1,-0.01,-1,-1
99926009,2026-05-18 09:39:20+05:30,52940.4,0,0.0,0,0.0,0.0,53282.15,53308.4,52918.05,53710.35,0,0.0,0.0,0.0,0.0,-0.01,-1,-1,-0.01,-1,-1,-0.01,-1,-1,-0.01,-1,-1,-0.01,-1,-1,-0.01,-1,-1,-0.01,-1,-1,-0.01,-1,-1,-0.01,-1,-1,-0.01,-1,-1
99926009,2026-05-18 09:39:21+05:30,52943.0,0,0.0,0,0.0,0.0,53282.15,53308.4,52918.05,53710.35,0,0.0,0.0,0.0,0.0,-0.01,-1,-1,-0.01,-1,-1,-0.01,-1,-1,-0.01,-1,-1,-0.01,-1,-1,-0.01,-1,-1,-0.01,-1,-1,-0.01,-1,-1,-0.01,-1,-1,-0.01,-1,-1
99926009,2026-05-18 09:39:21+05:30,52942.85,0,0.0,0,0.0,0.0,53282.15,53308.4,52918.05,53710.35,0,0.0,0.0,0.0,0.0,-0.01,-1,-1,-0.01,-1,-1,-0.01,-1,-1,-0.01,-1,-1,-0.01,-1,-1,-0.01,-1,-1,-0.01,-1,-1,-0.01,-1,-1,-0.01,-1,-1,-0.01,-1,-1
99926009,2026-05-18 09:39:22+05:30,52943.25,0,0.0,0,0.0,0.0,53282.15,53308.4,52918.05,53710.35,0,0.0,0.0,0.0,0.0,-0.01,-1,-1,-0.01,-1,-1,-0.01,-1,-1,-0.01,-1,-1,-0.01,-1,-1,-0.01,-1,-1,-0.01,-1,-1,-0.01,-1,-1,-0.01,-1,-1,-0.01,-1,-1
99926009,2026-05-18 09:39:22+05:30,52944.05,0,0.0,0,0.0,0.0,53282.15,53308.4,52918.05,53710.35,0,0.0,0.0,0.0,0.0,-0.01,-1,-1,-0.01,-1,-1,-0.01,-1,-1,-0.01,-1,-1,-0.01,-1,-1,-0.01,-1,-1,-0.01,-1,-1,-0.01,-1,-1,-0.01,-1,-1,-0.01,-1,-1
99926009,2026-05-18 09:39:23+05:30,52945.25,0,0.0,0,0.0,0.0,53282.15,53308.4,52918.05,53710.35,0,0.0,0.0,0.0,0.0,-0.01,-1,-1,-0.01,-1,-1,-0.01,-1,-1,-0.01,-1,-1,-0.01,-1,-1,-0.01,-1,-1,-0.01,-1,-1,-0.01,-1,-1,-0.01,-1,-1,-0.01,-1,-1
99926009,2026-05-18 09:39:23+05:30,52941.15,0,0.0,0,0.0,0.0,53282.15,53308.4,52918.05,53710.35,0,0.0,0.0,0.0,0.0,-0.01,-1,-1,-0.01,-1,-1,-0.01,-1,-1,-0.01,-1,-1,-0.01,-1,-1,-0.01,-1,-1,-0.01,-1,-1,-0.01,-1,-1,-0.01,-1,-1,-0.01,-1,-1
99926009,2026-05-18 09:39:24+05:30,52943.95,0,0.0,0,0.0,0.0,53282.15,53308.4,52918.05,53710.35,0,0.0,0.0,0.0,0.0,-0.01,-1,-1,-0.01,-1,-1,-0.01,-1,-1,-0.01,-1,-1,-0.01,-1,-1,-0.01,-1,-1,-0.01,-1,-1,-0.01,-1,-1,-0.01,-1,-1,-0.01,-1,-1
99926009,2026-05-18 09:39:24+05:30,52941.9,0,0.0,0,0.0,0.0,53282.15,53308.4,52918.05,53710.35,0,0.0,0.0,0.0,0.0,-0.01,-1,-1,-0.01,-1,-1,-0.01,-1,-1,-0.01,-1,-1,-0.01,-1,-1,-0.01,-1,-1,-0.01,-1,-1,-0.01,-1,-1,-0.01,-1,-1,-0.01,-1,-1
99926009,2026-05-18 09:39:25+05:30,52942.7,0,0.0,0,0.0,0.0,53282.15,53308.4,52918.05,53710.35,0,0.0,0.0,0.0,0.0,-0.01,-1,-1,-0.01,-1,-1,-0.01,-1,-1,-0.01,-1,-1,-0.01,-1,-1,-0.01,-1,-1,-0.01,-1,-1,-0.01,-1,-1,-0.01,-1,-1,-0.01,-1,-1
99926009,2026-05-18 09:39:25+05:30,52948.25,0,0.0,0,0.0,0.0,53282.15,53308.4,52918.05,53710.35,0,0.0,0.0,0.0,0.0,-0.01,-1,-1,-0.01,-1,-1,-0.01,-1,-1,-0.01,-1,-1,-0.01,-1,-1,-0.01,-1,-1,-0.01,-1,-1,-0.01,-1,-1,-0.01,-1,-1,-0.01,-1,-1
99926009,2026-05-18 09:39:26+05:30,52945.55,0,0.0,0,0.0,0.0,53282.15,53308.4,52918.05,53710.35,0,0.0,0.0,0.0,0.0,-0.01,-1,-1,-0.01,-1,-1,-0.01,-1,-1,-0.01,-1,-1,-0.01,-1,-1,-0.01,-1,-1,-0.01,-1,-1,-0.01,-1,-1,-0.01,-1,-1,-0.01,-1,-1
99926009,2026-05-18 09:39:26+05:30,52947.4,0,0.0,0,0.0,0.0,53282.15,53308.4,52918.05,53710.35,0,0.0,0.0,0.0,0.0,-0.01,-1,-1,-0.01,-1,-1,-0.01,-1,-1,-0.01,-1,-1,-0.01,-1,-1,-0.01,-1,-1,-0.01,-1,-1,-0.01,-1,-1,-0.01,-1,-1,-0.01,-1,-1
99926009,2026-05-18 09:39:27+05:30,52951.05,0,0.0,0,0.0,0.0,53282.15,53308.4,52918.05,53710.35,0,0.0,0.0,0.0,0.0,-0.01,-1,-1,-0.01,-1,-1,-0.01,-1,-1,-0.01,-1,-1,-0.01,-1,-1,-0.01,-1,-1,-0.01,-1,-1,-0.01,-1,-1,-0.01,-1,-1,-0.01,-1,-1
99926009,2026-05-18 09:39:27+05:30,52957.2,0,0.0,0,0.0,0.0,53282.15,53308.4,52918.05,53710.35,0,0.0,0.0,0.0,0.0,-0.01,-1,-1,-0.01,-1,-1,-0.01,-1,-1,-0.01,-1,-1,-0.01,-1,-1,-0.01,-1,-1,-0.01,-1,-1,-0.01,-1,-1,-0.01,-1,-1,-0.01,-1,-1
99926009,2026-05-18 09:39:28+05:30,52953.45,0,0.0,0,0.0,0.0,53282.15,53308.4,52918.05,53710.35,0,0.0,0.0,0.0,0.0,-0.01,-1,-1,-0.01,-1,-1,-0.01,-1,-1,-0.01,-1,-1,-0.01,-1,-1,-0.01,-1,-1,-0.01,-1,-1,-0.01,-1,-1,-0.01,-1,-1,-0.01,-1,-1
99926009,2026-05-18 09:39:28+05:30,52956.4,0,0.0,0,0.0,0.0,53282.15,53308.4,52918.05,53710.35,0,0.0,0.0,0.0,0.0,-0.01,-1,-1,-0.01,-1,-1,-0.01,-1,-1,-0.01,-1,-1,-0.01,-1,-1,-0.01,-1,-1,-0.01,-1,-1,-0.01,-1,-1,-0.01,-1,-1,-0.01,-1,-1
99926009,2026-05-18 09:39:29+05:30,52953.15,0,0.0,0,0.0,0.0,53282.15,53308.4,52918.05,53710.35,0,0.0,0.0,0.0,0.0,-0.01,-1,-1,-0.01,-1,-1,-0.01,-1,-1,-0.01,-1,-1,-0.01,-1,-1,-0.01,-1,-1,-0.01,-1,-1,-0.01,-1,-1,-0.01,-1,-1,-0.01,-1,-1
99926009,2026-05-18 09:39:29+05:30,52954.65,0,0.0,0,0.0,0.0,53282.15,53308.4,52918.05,53710.35,0,0.0,0.0,0.0,0.0,-0.01,-1,-1,-0.01,-1,-1,-0.01,-1,-1,-0.01,-1,-1,-0.01,-1,-1,-0.01,-1,-1,-0.01,-1,-1,-0.01,-1,-1,-0.01,-1,-1,-0.01,-1,-1
99926009,2026-05-18 09:39:30+05:30,52957.95,0,0.0,0,0.0,0.0,53282.15,53308.4,52918.05,53710.35,0,0.0,0.0,0.0,0.0,-0.01,-1,-1,-0.01,-1,-1,-0.01,-1,-1,-0.01,-1,-1,-0.01,-1,-1,-0.01,-1,-1,-0.01,-1,-1,-0.01,-1,-1,-0.01,-1,-1,-0.01,-1,-1
99926009,2026-05-18 09:39:30+05:30,52966.2,0,0.0,0,0.0,0.0,53282.15,53308.4,52918.05,53710.35,0,0.0,0.0,0.0,0.0,-0.01,-1,-1,-0.01,-1,-1,-0.01,-1,-1,-0.01,-1,-1,-0.01,-1,-1,-0.01,-1,-1,-0.01,-1,-1,-0.01,-1,-1,-0.01,-1,-1,-0.01,-1,-1
99926009,2026-05-18 09:39:31+05:30,52965.9,0,0.0,0,0.0,0.0,53282.15,53308.4,52918.05,53710.35,0,0.0,0.0,0.0,0.0,-0.01,-1,-1,-0.01,-1,-1,-0.01,-1,-1,-0.01,-1,-1,-0.01,-1,-1,-0.01,-1,-1,-0.01,-1,-1,-0.01,-1,-1,-0.01,-1,-1,-0.01,-1,-1
99926009,2026-05-18 09:39:31+05:30,52967.8,0,0.0,0,0.0,0.0,53282.15,53308.4,52918.05,53710.35,0,0.0,0.0,0.0,0.0,-0.01,-1,-1,-0.01,-1,-1,-0.01,-1,-1,-0.01,-1,-1,-0.01,-1,-1,-0.01,-1,-1,-0.01,-1,-1,-0.01,-1,-1,-0.01,-1,-1,-0.01,-1,-1
99926009,2026-05-18 09:39:32+05:30,52966.4,0,0.0,0,0.0,0.0,53282.15,53308.4,52918.05,53710.35,0,0.0,0.0,0.0,0.0,-0.01,-1,-1,-0.01,-1,-1,-0.01,-1,-1,-0.01,-1,-1,-0.01,-1,-1,-0.01,-1,-1,-0.01,-1,-1,-0.01,-1,-1,-0.01,-1,-1,-0.01,-1,-1
99926009,2026-05-18 09:39:32+05:30,52965.9,0,0.0,0,0.0,0.0,53282.15,53308.4,52918.05,53710.35,0,0.0,0.0,0.0,0.0,-0.01,-1,-1,-0.01,-1,-1,-0.01,-1,-1,-0.01,-1,-1,-0.01,-1,-1,-0.01,-1,-1,-0.01,-1,-1,-0.01,-1,-1,-0.01,-1,-1,-0.01,-1,-1
99926009,2026-05-18 09:39:33+05:30,52968.25,0,0.0,0,0.0,0.0,53282.15,53308.4,52918.05,53710.35,0,0.0,0.0,0.0,0.0,-0.01,-1,-1,-0.01,-1,-1,-0.01,-1,-1,-0.01,-1,-1,-0.01,-1,-1,-0.01,-1,-1,-0.01,-1,-1,-0.01,-1,-1,-0.01,-1,-1,-0.01,-1,-1
99926009,2026-05-18 09:39:33+05:30,52969.55,0,0.0,0,0.0,0.0,53282.15,53308.4,52918.05,53710.35,0,0.0,0.0,0.0,0.0,-0.01,-1,-1,-0.01,-1,-1,-0.01,-1,-1,-0.01,-1,-1,-0.01,-1,-1,-0.01,-1,-1,-0.01,-1,-1,-0.01,-1,-1,-0.01,-1,-1,-0.01,-1,-1
99926009,2026-05-18 09:39:34+05:30,52968.6,0,0.0,0,0.0,0.0,53282.15,53308.4,52918.05,53710.35,0,0.0,0.0,0.0,0.0,-0.01,-1,-1,-0.01,-1,-1,-0.01,-1,-1,-0.01,-1,-1,-0.01,-1,-1,-0.01,-1,-1,-0.01,-1,-1,-0.01,-1,-1,-0.01,-1,-1,-0.01,-1,-1
99926009,2026-05-18 09:39:34+05:30,52969.75,0,0.0,0,0.0,0.0,53282.15,53308.4,52918.05,53710.35,0,0.0,0.0,0.0,0.0,-0.01,-1,-1,-0.01,-1,-1,-0.01,-1,-1,-0.01,-1,-1,-0.01,-1,-1,-0.01,-1,-1,-0.01,-1,-1,-0.01,-1,-1,-0.01,-1,-1,-0.01,-1,-1
99926009,2026-05-18 09:39:35+05:30,52967.95,0,0.0,0,0.0,0.0,53282.15,53308.4,52918.05,53710.35,0,0.0,0.0,0.0,0.0,-0.01,-1,-1,-0.01,-1,-1,-0.01,-1,-1,-0.01,-1,-1,-0.01,-1,-1,-0.01,-1,-1,-0.01,-1,-1,-0.01,-1,-1,-0.01,-1,-1,-0.01,-1,-1
99926009,2026-05-18 09:39:35+05:30,52967.85,0,0.0,0,0.0,0.0,53282.15,53308.4,52918.05,53710.35,0,0.0,0.0,0.0,0.0,-0.01,-1,-1,-0.01,-1,-1,-0.01,-1,-1,-0.01,-1,-1,-0.01,-1,-1,-0.01,-1,-1,-0.01,-1,-1,-0.01,-1,-1,-0.01,-1,-1,-0.01,-1,-1
99926009,2026-05-18 09:39:36+05:30,52963.1,0,0.0,0,0.0,0.0,53282.15,53308.4,52918.05,53710.35,0,0.0,0.0,0.0,0.0,-0.01,-1,-1,-0.01,-1,-1,-0.01,-1,-1,-0.01,-1,-1,-0.01,-1,-1,-0.01,-1,-1,-0.01,-1,-1,-0.01,-1,-1,-0.01,-1,-1,-0.01,-1,-1
99926009,2026-05-18 09:39:36+05:30,52961.05,0,0.0,0,0.0,0.0,53282.15,53308.4,52918.05,53710.35,0,0.0,0.0,0.0,0.0,-0.01,-1,-1,-0.01,-1,-1,-0.01,-1,-1,-0.01,-1,-1,-0.01,-1,-1,-0.01,-1,-1,-0.01,-1,-1,-0.01,-1,-1,-0.01,-1,-1,-0.01,-1,-1
99926009,2026-05-18 09:39:37+05:30,52963.0,0,0.0,0,0.0,0.0,53282.15,53308.4,52918.05,53710.35,0,0.0,0.0,0.0,0.0,-0.01,-1,-1,-0.01,-1,-1,-0.01,-1,-1,-0.01,-1,-1,-0.01,-1,-1,-0.01,-1,-1,-0.01,-1,-1,-0.01,-1,-1,-0.01,-1,-1,-0.01,-1,-1
99926009,2026-05-18 09:39:37+05:30,52960.55,0,0.0,0,0.0,0.0,53282.15,53308.4,52918.05,53710.35,0,0.0,0.0,0.0,0.0,-0.01,-1,-1,-0.01,-1,-1,-0.01,-1,-1,-0.01,-1,-1,-0.01,-1,-1,-0.01,-1,-1,-0.01,-1,-1,-0.01,-1,-1,-0.01,-1,-1,-0.01,-1,-1
99926009,2026-05-18 09:39:38+05:30,52959.85,0,0.0,0,0.0,0.0,53282.15,53308.4,52918.05,53710.35,0,0.0,0.0,0.0,0.0,-0.01,-1,-1,-0.01,-1,-1,-0.01,-1,-1,-0.01,-1,-1,-0.01,-1,-1,-0.01,-1,-1,-0.01,-1,-1,-0.01,-1,-1,-0.01,-1,-1,-0.01,-1,-1
99926009,2026-05-18 09:39:38+05:30,52957.7,0,0.0,0,0.0,0.0,53282.15,53308.4,52918.05,53710.35,0,0.0,0.0,0.0,0.0,-0.01,-1,-1,-0.01,-1,-1,-0.01,-1,-1,-0.01,-1,-1,-0.01,-1,-1,-0.01,-1,-1,-0.01,-1,-1,-0.01,-1,-1,-0.01,-1,-1,-0.01,-1,-1
99926009,2026-05-18 09:39:39+05:30,52959.1,0,0.0,0,0.0,0.0,53282.15,53308.4,52918.05,53710.35,0,0.0,0.0,0.0,0.0,-0.01,-1,-1,-0.01,-1,-1,-0.01,-1,-1,-0.01,-1,-1,-0.01,-1,-1,-0.01,-1,-1,-0.01,-1,-1,-0.01,-1,-1,-0.01,-1,-1,-0.01,-1,-1
99926009,2026-05-18 09:39:39+05:30,52957.55,0,0.0,0,0.0,0.0,53282.15,53308.4,52918.05,53710.35,0,0.0,0.0,0.0,0.0,-0.01,-1,-1,-0.01,-1,-1,-0.01,-1,-1,-0.01,-1,-1,-0.01,-1,-1,-0.01,-1,-1,-0.01,-1,-1,-0.01,-1,-1,-0.01,-1,-1,-0.01,-1,-1
99926009,2026-05-18 09:39:40+05:30,52957.7,0,0.0,0,0.0,0.0,53282.15,53308.4,52918.05,53710.35,0,0.0,0.0,0.0,0.0,-0.01,-1,-1,-0.01,-1,-1,-0.01,-1,-1,-0.01,-1,-1,-0.01,-1,-1,-0.01,-1,-1,-0.01,-1,-1,-0.01,-1,-1,-0.01,-1,-1,-0.01,-1,-1
99926009,2026-05-18 09:39:40+05:30,52956.6,0,0.0,0,0.0,0.0,53282.15,53308.4,52918.05,53710.35,0,0.0,0.0,0.0,0.0,-0.01,-1,-1,-0.01,-1,-1,-0.01,-1,-1,-0.01,-1,-1,-0.01,-1,-1,-0.01,-1,-1,-0.01,-1,-1,-0.01,-1,-1,-0.01,-1,-1,-0.01,-1,-1
99926009,2026-05-18 09:39:41+05:30,52958.9,0,0.0,0,0.0,0.0,53282.15,53308.4,52918.05,53710.35,0,0.0,0.0,0.0,0.0,-0.01,-1,-1,-0.01,-1,-1,-0.01,-1,-1,-0.01,-1,-1,-0.01,-1,-1,-0.01,-1,-1,-0.01,-1,-1,-0.01,-1,-1,-0.01,-1,-1,-0.01,-1,-1
99926009,2026-05-18 09:39:41+05:30,52962.8,0,0.0,0,0.0,0.0,53282.15,53308.4,52918.05,53710.35,0,0.0,0.0,0.0,0.0,-0.01,-1,-1,-0.01,-1,-1,-0.01,-1,-1,-0.01,-1,-1,-0.01,-1,-1,-0.01,-1,-1,-0.01,-1,-1,-0.01,-1,-1,-0.01,-1,-1,-0.01,-1,-1
99926009,2026-05-18 09:39:42+05:30,52957.9,0,0.0,0,0.0,0.0,53282.15,53308.4,52918.05,53710.35,0,0.0,0.0,0.0,0.0,-0.01,-1,-1,-0.01,-1,-1,-0.01,-1,-1,-0.01,-1,-1,-0.01,-1,-1,-0.01,-1,-1,-0.01,-1,-1,-0.01,-1,-1,-0.01,-1,-1,-0.01,-1,-1
99926009,2026-05-18 09:39:42+05:30,52960.85,0,0.0,0,0.0,0.0,53282.15,53308.4,52918.05,53710.35,0,0.0,0.0,0.0,0.0,-0.01,-1,-1,-0.01,-1,-1,-0.01,-1,-1,-0.01,-1,-1,-0.01,-1,-1,-0.01,-1,-1,-0.01,-1,-1,-0.01,-1,-1,-0.01,-1,-1,-0.01,-1,-1
99926009,2026-05-18 09:39:43+05:30,52956.25,0,0.0,0,0.0,0.0,53282.15,53308.4,52918.05,53710.35,0,0.0,0.0,0.0,0.0,-0.01,-1,-1,-0.01,-1,-1,-0.01,-1,-1,-0.01,-1,-1,-0.01,-1,-1,-0.01,-1,-1,-0.01,-1,-1,-0.01,-1,-1,-0.01,-1,-1,-0.01,-1,-1
99926009,2026-05-18 09:39:43+05:30,52956.75,0,0.0,0,0.0,0.0,53282.15,53308.4,52918.05,53710.35,0,0.0,0.0,0.0,0.0,-0.01,-1,-1,-0.01,-1,-1,-0.01,-1,-1,-0.01,-1,-1,-0.01,-1,-1,-0.01,-1,-1,-0.01,-1,-1,-0.01,-1,-1,-0.01,-1,-1,-0.01,-1,-1
99926009,2026-05-18 09:39:44+05:30,52959.35,0,0.0,0,0.0,0.0,53282.15,53308.4,52918.05,53710.35,0,0.0,0.0,0.0,0.0,-0.01,-1,-1,-0.01,-1,-1,-0.01,-1,-1,-0.01,-1,-1,-0.01,-1,-1,-0.01,-1,-1,-0.01,-1,-1,-0.01,-1,-1,-0.01,-1,-1,-0.01,-1,-1
99926009,2026-05-18 09:39:44+05:30,52959.8,0,0.0,0,0.0,0.0,53282.15,53308.4,52918.05,53710.35,0,0.0,0.0,0.0,0.0,-0.01,-1,-1,-0.01,-1,-1,-0.01,-1,-1,-0.01,-1,-1,-0.01,-1,-1,-0.01,-1,-1,-0.01,-1,-1,-0.01,-1,-1,-0.01,-1,-1,-0.01,-1,-1
99926009,2026-05-18 09:39:45+05:30,52957.0,0,0.0,0,0.0,0.0,53282.15,53308.4,52918.05,53710.35,0,0.0,0.0,0.0,0.0,-0.01,-1,-1,-0.01,-1,-1,-0.01,-1,-1,-0.01,-1,-1,-0.01,-1,-1,-0.01,-1,-1,-0.01,-1,-1,-0.01,-1,-1,-0.01,-1,-1,-0.01,-1,-1
99926009,2026-05-18 09:39:45+05:30,52957.8,0,0.0,0,0.0,0.0,53282.15,53308.4,52918.05,53710.35,0,0.0,0.0,0.0,0.0,-0.01,-1,-1,-0.01,-1,-1,-0.01,-1,-1,-0.01,-1,-1,-0.01,-1,-1,-0.01,-1,-1,-0.01,-1,-1,-0.01,-1,-1,-0.01,-1,-1,-0.01,-1,-1
99926009,2026-05-18 09:39:46+05:30,52959.95,0,0.0,0,0.0,0.0,53282.15,53308.4,52918.05,53710.35,0,0.0,0.0,0.0,0.0,-0.01,-1,-1,-0.01,-1,-1,-0.01,-1,-1,-0.01,-1,-1,-0.01,-1,-1,-0.01,-1,-1,-0.01,-1,-1,-0.01,-1,-1,-0.01,-1,-1,-0.01,-1,-1
99926009,2026-05-18 09:39:46+05:30,52964.55,0,0.0,0,0.0,0.0,53282.15,53308.4,52918.05,53710.35,0,0.0,0.0,0.0,0.0,-0.01,-1,-1,-0.01,-1,-1,-0.01,-1,-1,-0.01,-1,-1,-0.01,-1,-1,-0.01,-1,-1,-0.01,-1,-1,-0.01,-1,-1,-0.01,-1,-1,-0.01,-1,-1
99926009,2026-05-18 09:39:47+05:30,52965.15,0,0.0,0,0.0,0.0,53282.15,53308.4,52918.05,53710.35,0,0.0,0.0,0.0,0.0,-0.01,-1,-1,-0.01,-1,-1,-0.01,-1,-1,-0.01,-1,-1,-0.01,-1,-1,-0.01,-1,-1,-0.01,-1,-1,-0.01,-1,-1,-0.01,-1,-1,-0.01,-1,-1
99926009,2026-05-18 09:39:47+05:30,52965.15,0,0.0,0,0.0,0.0,53282.15,53308.4,52918.05,53710.35,0,0.0,0.0,0.0,0.0,-0.01,-1,-1,-0.01,-1,-1,-0.01,-1,-1,-0.01,-1,-1,-0.01,-1,-1,-0.01,-1,-1,-0.01,-1,-1,-0.01,-1,-1,-0.01,-1,-1,-0.01,-1,-1
99926009,2026-05-18 09:39:48+05:30,52966.9,0,0.0,0,0.0,0.0,53282.15,53308.4,52918.05,53710.35,0,0.0,0.0,0.0,0.0,-0.01,-1,-1,-0.01,-1,-1,-0.01,-1,-1,-0.01,-1,-1,-0.01,-1,-1,-0.01,-1,-1,-0.01,-1,-1,-0.01,-1,-1,-0.01,-1,-1,-0.01,-1,-1
99926009,2026-05-18 09:39:48+05:30,52970.15,0,0.0,0,0.0,0.0,53282.15,53308.4,52918.05,53710.35,0,0.0,0.0,0.0,0.0,-0.01,-1,-1,-0.01,-1,-1,-0.01,-1,-1,-0.01,-1,-1,-0.01,-1,-1,-0.01,-1,-1,-0.01,-1,-1,-0.01,-1,-1,-0.01,-1,-1,-0.01,-1,-1
99926009,2026-05-18 09:39:49+05:30,52970.35,0,0.0,0,0.0,0.0,53282.15,53308.4,52918.05,53710.35,0,0.0,0.0,0.0,0.0,-0.01,-1,-1,-0.01,-1,-1,-0.01,-1,-1,-0.01,-1,-1,-0.01,-1,-1,-0.01,-1,-1,-0.01,-1,-1,-0.01,-1,-1,-0.01,-1,-1,-0.01,-1,-1
99926009,2026-05-18 09:39:49+05:30,52969.9,0,0.0,0,0.0,0.0,53282.15,53308.4,52918.05,53710.35,0,0.0,0.0,0.0,0.0,-0.01,-1,-1,-0.01,-1,-1,-0.01,-1,-1,-0.01,-1,-1,-0.01,-1,-1,-0.01,-1,-1,-0.01,-1,-1,-0.01,-1,-1,-0.01,-1,-1,-0.01,-1,-1
99926009,2026-05-18 09:39:50+05:30,52970.25,0,0.0,0,0.0,0.0,53282.15,53308.4,52918.05,53710.35,0,0.0,0.0,0.0,0.0,-0.01,-1,-1,-0.01,-1,-1,-0.01,-1,-1,-0.01,-1,-1,-0.01,-1,-1,-0.01,-1,-1,-0.01,-1,-1,-0.01,-1,-1,-0.01,-1,-1,-0.01,-1,-1
99926009,2026-05-18 09:39:50+05:30,52970.85,0,0.0,0,0.0,0.0,53282.15,53308.4,52918.05,53710.35,0,0.0,0.0,0.0,0.0,-0.01,-1,-1,-0.01,-1,-1,-0.01,-1,-1,-0.01,-1,-1,-0.01,-1,-1,-0.01,-1,-1,-0.01,-1,-1,-0.01,-1,-1,-0.01,-1,-1,-0.01,-1,-1
99926009,2026-05-18 09:39:51+05:30,52969.2,0,0.0,0,0.0,0.0,53282.15,53308.4,52918.05,53710.35,0,0.0,0.0,0.0,0.0,-0.01,-1,-1,-0.01,-1,-1,-0.01,-1,-1,-0.01,-1,-1,-0.01,-1,-1,-0.01,-1,-1,-0.01,-1,-1,-0.01,-1,-1,-0.01,-1,-1,-0.01,-1,-1
99926009,2026-05-18 09:39:51+05:30,52969.95,0,0.0,0,0.0,0.0,53282.15,53308.4,52918.05,53710.35,0,0.0,0.0,0.0,0.0,-0.01,-1,-1,-0.01,-1,-1,-0.01,-1,-1,-0.01,-1,-1,-0.01,-1,-1,-0.01,-1,-1,-0.01,-1,-1,-0.01,-1,-1,-0.01,-1,-1,-0.01,-1,-1
99926009,2026-05-18 09:39:52+05:30,52970.55,0,0.0,0,0.0,0.0,53282.15,53308.4,52918.05,53710.35,0,0.0,0.0,0.0,0.0,-0.01,-1,-1,-0.01,-1,-1,-0.01,-1,-1,-0.01,-1,-1,-0.01,-1,-1,-0.01,-1,-1,-0.01,-1,-1,-0.01,-1,-1,-0.01,-1,-1,-0.01,-1,-1
99926009,2026-05-18 09:39:52+05:30,52971.45,0,0.0,0,0.0,0.0,53282.15,53308.4,52918.05,53710.35,0,0.0,0.0,0.0,0.0,-0.01,-1,-1,-0.01,-1,-1,-0.01,-1,-1,-0.01,-1,-1,-0.01,-1,-1,-0.01,-1,-1,-0.01,-1,-1,-0.01,-1,-1,-0.01,-1,-1,-0.01,-1,-1
99926009,2026-05-18 09:39:53+05:30,52975.25,0,0.0,0,0.0,0.0,53282.15,53308.4,52918.05,53710.35,0,0.0,0.0,0.0,0.0,-0.01,-1,-1,-0.01,-1,-1,-0.01,-1,-1,-0.01,-1,-1,-0.01,-1,-1,-0.01,-1,-1,-0.01,-1,-1,-0.01,-1,-1,-0.01,-1,-1,-0.01,-1,-1
99926009,2026-05-18 09:39:53+05:30,52972.85,0,0.0,0,0.0,0.0,53282.15,53308.4,52918.05,53710.35,0,0.0,0.0,0.0,0.0,-0.01,-1,-1,-0.01,-1,-1,-0.01,-1,-1,-0.01,-1,-1,-0.01,-1,-1,-0.01,-1,-1,-0.01,-1,-1,-0.01,-1,-1,-0.01,-1,-1,-0.01,-1,-1
99926009,2026-05-18 09:39:54+05:30,52973.2,0,0.0,0,0.0,0.0,53282.15,53308.4,52918.05,53710.35,0,0.0,0.0,0.0,0.0,-0.01,-1,-1,-0.01,-1,-1,-0.01,-1,-1,-0.01,-1,-1,-0.01,-1,-1,-0.01,-1,-1,-0.01,-1,-1,-0.01,-1,-1,-0.01,-1,-1,-0.01,-1,-1
99926009,2026-05-18 09:39:54+05:30,52975.8,0,0.0,0,0.0,0.0,53282.15,53308.4,52918.05,53710.35,0,0.0,0.0,0.0,0.0,-0.01,-1,-1,-0.01,-1,-1,-0.01,-1,-1,-0.01,-1,-1,-0.01,-1,-1,-0.01,-1,-1,-0.01,-1,-1,-0.01,-1,-1,-0.01,-1,-1,-0.01,-1,-1
99926009,2026-05-18 09:39:55+05:30,52974.9,0,0.0,0,0.0,0.0,53282.15,53308.4,52918.05,53710.35,0,0.0,0.0,0.0,0.0,-0.01,-1,-1,-0.01,-1,-1,-0.01,-1,-1,-0.01,-1,-1,-0.01,-1,-1,-0.01,-1,-1,-0.01,-1,-1,-0.01,-1,-1,-0.01,-1,-1,-0.01,-1,-1
99926009,2026-05-18 09:39:55+05:30,52976.25,0,0.0,0,0.0,0.0,53282.15,53308.4,52918.05,53710.35,0,0.0,0.0,0.0,0.0,-0.01,-1,-1,-0.01,-1,-1,-0.01,-1,-1,-0.01,-1,-1,-0.01,-1,-1,-0.01,-1,-1,-0.01,-1,-1,-0.01,-1,-1,-0.01,-1,-1,-0.01,-1,-1
99926009,2026-05-18 09:39:56+05:30,52968.9,0,0.0,0,0.0,0.0,53282.15,53308.4,52918.05,53710.35,0,0.0,0.0,0.0,0.0,-0.01,-1,-1,-0.01,-1,-1,-0.01,-1,-1,-0.01,-1,-1,-0.01,-1,-1,-0.01,-1,-1,-0.01,-1,-1,-0.01,-1,-1,-0.01,-1,-1,-0.01,-1,-1
99926009,2026-05-18 09:39:56+05:30,52974.1,0,0.0,0,0.0,0.0,53282.15,53308.4,52918.05,53710.35,0,0.0,0.0,0.0,0.0,-0.01,-1,-1,-0.01,-1,-1,-0.01,-1,-1,-0.01,-1,-1,-0.01,-1,-1,-0.01,-1,-1,-0.01,-1,-1,-0.01,-1,-1,-0.01,-1,-1,-0.01,-1,-1
99926009,2026-05-18 09:39:57+05:30,52972.45,0,0.0,0,0.0,0.0,53282.15,53308.4,52918.05,53710.35,0,0.0,0.0,0.0,0.0,-0.01,-1,-1,-0.01,-1,-1,-0.01,-1,-1,-0.01,-1,-1,-0.01,-1,-1,-0.01,-1,-1,-0.01,-1,-1,-0.01,-1,-1,-0.01,-1,-1,-0.01,-1,-1
99926009,2026-05-18 09:39:57+05:30,52971.3,0,0.0,0,0.0,0.0,53282.15,53308.4,52918.05,53710.35,0,0.0,0.0,0.0,0.0,-0.01,-1,-1,-0.01,-1,-1,-0.01,-1,-1,-0.01,-1,-1,-0.01,-1,-1,-0.01,-1,-1,-0.01,-1,-1,-0.01,-1,-1,-0.01,-1,-1,-0.01,-1,-1
99926009,2026-05-18 09:39:58+05:30,52970.75,0,0.0,0,0.0,0.0,53282.15,53308.4,52918.05,53710.35,0,0.0,0.0,0.0,0.0,-0.01,-1,-1,-0.01,-1,-1,-0.01,-1,-1,-0.01,-1,-1,-0.01,-1,-1,-0.01,-1,-1,-0.01,-1,-1,-0.01,-1,-1,-0.01,-1,-1,-0.01,-1,-1
99926009,2026-05-18 09:39:58+05:30,52970.95,0,0.0,0,0.0,0.0,53282.15,53308.4,52918.05,53710.35,0,0.0,0.0,0.0,0.0,-0.01,-1,-1,-0.01,-1,-1,-0.01,-1,-1,-0.01,-1,-1,-0.01,-1,-1,-0.01,-1,-1,-0.01,-1,-1,-0.01,-1,-1,-0.01,-1,-1,-0.01,-1,-1
99926009,2026-05-18 09:39:59+05:30,52969.25,0,0.0,0,0.0,0.0,53282.15,53308.4,52918.05,53710.35,0,0.0,0.0,0.0,0.0,-0.01,-1,-1,-0.01,-1,-1,-0.01,-1,-1,-0.01,-1,-1,-0.01,-1,-1,-0.01,-1,-1,-0.01,-1,-1,-0.01,-1,-1,-0.01,-1,-1,-0.01,-1,-1
99926009,2026-05-18 09:39:59+05:30,52966.45,0,0.0,0,0.0,0.0,53282.15,53308.4,52918.05,53710.35,0,0.0,0.0,0.0,0.0,-0.01,-1,-1,-0.01,-1,-1,-0.01,-1,-1,-0.01,-1,-1,-0.01,-1,-1,-0.01,-1,-1,-0.01,-1,-1,-0.01,-1,-1,-0.01,-1,-1,-0.01,-1,-1
99926009,2026-05-18 09:40:00+05:30,52969.25,0,0.0,0,0.0,0.0,53282.15,53308.4,52918.05,53710.35,0,0.0,0.0,0.0,0.0,-0.01,-1,-1,-0.01,-1,-1,-0.01,-1,-1,-0.01,-1,-1,-0.01,-1,-1,-0.01,-1,-1,-0.01,-1,-1,-0.01,-1,-1,-0.01,-1,-1,-0.01,-1,-1
99926009,2026-05-18 09:40:00+05:30,52968.1,0,0.0,0,0.0,0.0,53282.15,53308.4,52918.05,53710.35,0,0.0,0.0,0.0,0.0,-0.01,-1,-1,-0.01,-1,-1,-0.01,-1,-1,-0.01,-1,-1,-0.01,-1,-1,-0.01,-1,-1,-0.01,-1,-1,-0.01,-1,-1,-0.01,-1,-1,-0.01,-1,-1
99926009,2026-05-18 09:40:01+05:30,52965.05,0,0.0,0,0.0,0.0,53282.15,53308.4,52918.05,53710.35,0,0.0,0.0,0.0,0.0,-0.01,-1,-1,-0.01,-1,-1,-0.01,-1,-1,-0.01,-1,-1,-0.01,-1,-1,-0.01,-1,-1,-0.01,-1,-1,-0.01,-1,-1,-0.01,-1,-1,-0.01,-1,-1
99926009,2026-05-18 09:40:01+05:30,52966.05,0,0.0,0,0.0,0.0,53282.15,53308.4,52918.05,53710.35,0,0.0,0.0,0.0,0.0,-0.01,-1,-1,-0.01,-1,-1,-0.01,-1,-1,-0.01,-1,-1,-0.01,-1,-1,-0.01,-1,-1,-0.01,-1,-1,-0.01,-1,-1,-0.01,-1,-1,-0.01,-1,-1
99926009,2026-05-18 09:40:02+05:30,52969.4,0,0.0,0,0.0,0.0,53282.15,53308.4,52918.05,53710.35,0,0.0,0.0,0.0,0.0,-0.01,-1,-1,-0.01,-1,-1,-0.01,-1,-1,-0.01,-1,-1,-0.01,-1,-1,-0.01,-1,-1,-0.01,-1,-1,-0.01,-1,-1,-0.01,-1,-1,-0.01,-1,-1
99926009,2026-05-18 09:40:02+05:30,52969.1,0,0.0,0,0.0,0.0,53282.15,53308.4,52918.05,53710.35,0,0.0,0.0,0.0,0.0,-0.01,-1,-1,-0.01,-1,-1,-0.01,-1,-1,-0.01,-1,-1,-0.01,-1,-1,-0.01,-1,-1,-0.01,-1,-1,-0.01,-1,-1,-0.01,-1,-1,-0.01,-1,-1
99926009,2026-05-18 09:40:03+05:30,52969.7,0,0.0,0,0.0,0.0,53282.15,53308.4,52918.05,53710.35,0,0.0,0.0,0.0,0.0,-0.01,-1,-1,-0.01,-1,-1,-0.01,-1,-1,-0.01,-1,-1,-0.01,-1,-1,-0.01,-1,-1,-0.01,-1,-1,-0.01,-1,-1,-0.01,-1,-1,-0.01,-1,-1
99926009,2026-05-18 09:40:03+05:30,52969.25,0,0.0,0,0.0,0.0,53282.15,53308.4,52918.05,53710.35,0,0.0,0.0,0.0,0.0,-0.01,-1,-1,-0.01,-1,-1,-0.01,-1,-1,-0.01,-1,-1,-0.01,-1,-1,-0.01,-1,-1,-0.01,-1,-1,-0.01,-1,-1,-0.01,-1,-1,-0.01,-1,-1
99926009,2026-05-18 09:40:04+05:30,52970.75,0,0.0,0,0.0,0.0,53282.15,53308.4,52918.05,53710.35,0,0.0,0.0,0.0,0.0,-0.01,-1,-1,-0.01,-1,-1,-0.01,-1,-1,-0.01,-1,-1,-0.01,-1,-1,-0.01,-1,-1,-0.01,-1,-1,-0.01,-1,-1,-0.01,-1,-1,-0.01,-1,-1
99926009,2026-05-18 09:40:04+05:30,52971.05,0,0.0,0,0.0,0.0,53282.15,53308.4,52918.05,53710.35,0,0.0,0.0,0.0,0.0,-0.01,-1,-1,-0.01,-1,-1,-0.01,-1,-1,-0.01,-1,-1,-0.01,-1,-1,-0.01,-1,-1,-0.01,-1,-1,-0.01,-1,-1,-0.01,-1,-1,-0.01,-1,-1
99926009,2026-05-18 09:40:05+05:30,52968.75,0,0.0,0,0.0,0.0,53282.15,53308.4,52918.05,53710.35,0,0.0,0.0,0.0,0.0,-0.01,-1,-1,-0.01,-1,-1,-0.01,-1,-1,-0.01,-1,-1,-0.01,-1,-1,-0.01,-1,-1,-0.01,-1,-1,-0.01,-1,-1,-0.01,-1,-1,-0.01,-1,-1
99926009,2026-05-18 09:40:05+05:30,52968.35,0,0.0,0,0.0,0.0,53282.15,53308.4,52918.05,53710.35,0,0.0,0.0,0.0,0.0,-0.01,-1,-1,-0.01,-1,-1,-0.01,-1,-1,-0.01,-1,-1,-0.01,-1,-1,-0.01,-1,-1,-0.01,-1,-1,-0.01,-1,-1,-0.01,-1,-1,-0.01,-1,-1
99926009,2026-05-18 09:40:06+05:30,52966.7,0,0.0,0,0.0,0.0,53282.15,53308.4,52918.05,53710.35,0,0.0,0.0,0.0,0.0,-0.01,-1,-1,-0.01,-1,-1,-0.01,-1,-1,-0.01,-1,-1,-0.01,-1,-1,-0.01,-1,-1,-0.01,-1,-1,-0.01,-1,-1,-0.01,-1,-1,-0.01,-1,-1
99926009,2026-05-18 09:40:06+05:30,52965.55,0,0.0,0,0.0,0.0,53282.15,53308.4,52918.05,53710.35,0,0.0,0.0,0.0,0.0,-0.01,-1,-1,-0.01,-1,-1,-0.01,-1,-1,-0.01,-1,-1,-0.01,-1,-1,-0.01,-1,-1,-0.01,-1,-1,-0.01,-1,-1,-0.01,-1,-1,-0.01,-1,-1
99926009,2026-05-18 09:40:07+05:30,52963.75,0,0.0,0,0.0,0.0,53282.15,53308.4,52918.05,53710.35,0,0.0,0.0,0.0,0.0,-0.01,-1,-1,-0.01,-1,-1,-0.01,-1,-1,-0.01,-1,-1,-0.01,-1,-1,-0.01,-1,-1,-0.01,-1,-1,-0.01,-1,-1,-0.01,-1,-1,-0.01,-1,-1
99926009,2026-05-18 09:40:07+05:30,52963.75,0,0.0,0,0.0,0.0,53282.15,53308.4,52918.05,53710.35,0,0.0,0.0,0.0,0.0,-0.01,-1,-1,-0.01,-1,-1,-0.01,-1,-1,-0.01,-1,-1,-0.01,-1,-1,-0.01,-1,-1,-0.01,-1,-1,-0.01,-1,-1,-0.01,-1,-1,-0.01,-1,-1
99926009,2026-05-18 09:40:08+05:30,52962.4,0,0.0,0,0.0,0.0,53282.15,53308.4,52918.05,53710.35,0,0.0,0.0,0.0,0.0,-0.01,-1,-1,-0.01,-1,-1,-0.01,-1,-1,-0.01,-1,-1,-0.01,-1,-1,-0.01,-1,-1,-0.01,-1,-1,-0.01,-1,-1,-0.01,-1,-1,-0.01,-1,-1
99926009,2026-05-18 09:40:08+05:30,52962.4,0,0.0,0,0.0,0.0,53282.15,53308.4,52918.05,53710.35,0,0.0,0.0,0.0,0.0,-0.01,-1,-1,-0.01,-1,-1,-0.01,-1,-1,-0.01,-1,-1,-0.01,-1,-1,-0.01,-1,-1,-0.01,-1,-1,-0.01,-1,-1,-0.01,-1,-1,-0.01,-1,-1
99926009,2026-05-18 09:40:09+05:30,52960.8,0,0.0,0,0.0,0.0,53282.15,53308.4,52918.05,53710.35,0,0.0,0.0,0.0,0.0,-0.01,-1,-1,-0.01,-1,-1,-0.01,-1,-1,-0.01,-1,-1,-0.01,-1,-1,-0.01,-1,-1,-0.01,-1,-1,-0.01,-1,-1,-0.01,-1,-1,-0.01,-1,-1
99926009,2026-05-18 09:40:09+05:30,52962.7,0,0.0,0,0.0,0.0,53282.15,53308.4,52918.05,53710.35,0,0.0,0.0,0.0,0.0,-0.01,-1,-1,-0.01,-1,-1,-0.01,-1,-1,-0.01,-1,-1,-0.01,-1,-1,-0.01,-1,-1,-0.01,-1,-1,-0.01,-1,-1,-0.01,-1,-1,-0.01,-1,-1
99926009,2026-05-18 09:40:10+05:30,52963.1,0,0.0,0,0.0,0.0,53282.15,53308.4,52918.05,53710.35,0,0.0,0.0,0.0,0.0,-0.01,-1,-1,-0.01,-1,-1,-0.01,-1,-1,-0.01,-1,-1,-0.01,-1,-1,-0.01,-1,-1,-0.01,-1,-1,-0.01,-1,-1,-0.01,-1,-1,-0.01,-1,-1
99926009,2026-05-18 09:40:10+05:30,52964.4,0,0.0,0,0.0,0.0,53282.15,53308.4,52918.05,53710.35,0,0.0,0.0,0.0,0.0,-0.01,-1,-1,-0.01,-1,-1,-0.01,-1,-1,-0.01,-1,-1,-0.01,-1,-1,-0.01,-1,-1,-0.01,-1,-1,-0.01,-1,-1,-0.01,-1,-1,-0.01,-1,-1
99926009,2026-05-18 09:40:11+05:30,52967.2,0,0.0,0,0.0,0.0,53282.15,53308.4,52918.05,53710.35,0,0.0,0.0,0.0,0.0,-0.01,-1,-1,-0.01,-1,-1,-0.01,-1,-1,-0.01,-1,-1,-0.01,-1,-1,-0.01,-1,-1,-0.01,-1,-1,-0.01,-1,-1,-0.01,-1,-1,-0.01,-1,-1
99926009,2026-05-18 09:40:11+05:30,52964.55,0,0.0,0,0.0,0.0,53282.15,53308.4,52918.05,53710.35,0,0.0,0.0,0.0,0.0,-0.01,-1,-1,-0.01,-1,-1,-0.01,-1,-1,-0.01,-1,-1,-0.01,-1,-1,-0.01,-1,-1,-0.01,-1,-1,-0.01,-1,-1,-0.01,-1,-1,-0.01,-1,-1
99926009,2026-05-18 09:40:12+05:30,52966.75,0,0.0,0,0.0,0.0,53282.15,53308.4,52918.05,53710.35,0,0.0,0.0,0.0,0.0,-0.01,-1,-1,-0.01,-1,-1,-0.01,-1,-1,-0.01,-1,-1,-0.01,-1,-1,-0.01,-1,-1,-0.01,-1,-1,-0.01,-1,-1,-0.01,-1,-1,-0.01,-1,-1
99926009,2026-05-18 09:40:12+05:30,52961.3,0,0.0,0,0.0,0.0,53282.15,53308.4,52918.05,53710.35,0,0.0,0.0,0.0,0.0,-0.01,-1,-1,-0.01,-1,-1,-0.01,-1,-1,-0.01,-1,-1,-0.01,-1,-1,-0.01,-1,-1,-0.01,-1,-1,-0.01,-1,-1,-0.01,-1,-1,-0.01,-1,-1
99926009,2026-05-18 09:40:13+05:30,52958.2,0,0.0,0,0.0,0.0,53282.15,53308.4,52918.05,53710.35,0,0.0,0.0,0.0,0.0,-0.01,-1,-1,-0.01,-1,-1,-0.01,-1,-1,-0.01,-1,-1,-0.01,-1,-1,-0.01,-1,-1,-0.01,-1,-1,-0.01,-1,-1,-0.01,-1,-1,-0.01,-1,-1
99926009,2026-05-18 09:40:13+05:30,52964.8,0,0.0,0,0.0,0.0,53282.15,53308.4,52918.05,53710.35,0,0.0,0.0,0.0,0.0,-0.01,-1,-1,-0.01,-1,-1,-0.01,-1,-1,-0.01,-1,-1,-0.01,-1,-1,-0.01,-1,-1,-0.01,-1,-1,-0.01,-1,-1,-0.01,-1,-1,-0.01,-1,-1
99926009,2026-05-18 09:40:14+05:30,52966.5,0,0.0,0,0.0,0.0,53282.15,53308.4,52918.05,53710.35,0,0.0,0.0,0.0,0.0,-0.01,-1,-1,-0.01,-1,-1,-0.01,-1,-1,-0.01,-1,-1,-0.01,-1,-1,-0.01,-1,-1,-0.01,-1,-1,-0.01,-1,-1,-0.01,-1,-1,-0.01,-1,-1
99926009,2026-05-18 09:40:14+05:30,52964.45,0,0.0,0,0.0,0.0,53282.15,53308.4,52918.05,53710.35,0,0.0,0.0,0.0,0.0,-0.01,-1,-1,-0.01,-1,-1,-0.01,-1,-1,-0.01,-1,-1,-0.01,-1,-1,-0.01,-1,-1,-0.01,-1,-1,-0.01,-1,-1,-0.01,-1,-1,-0.01,-1,-1
99926009,2026-05-18 09:40:15+05:30,52962.8,0,0.0,0,0.0,0.0,53282.15,53308.4,52918.05,53710.35,0,0.0,0.0,0.0,0.0,-0.01,-1,-1,-0.01,-1,-1,-0.01,-1,-1,-0.01,-1,-1,-0.01,-1,-1,-0.01,-1,-1,-0.01,-1,-1,-0.01,-1,-1,-0.01,-1,-1,-0.01,-1,-1
99926009,2026-05-18 09:40:15+05:30,52965.5,0,0.0,0,0.0,0.0,53282.15,53308.4,52918.05,53710.35,0,0.0,0.0,0.0,0.0,-0.01,-1,-1,-0.01,-1,-1,-0.01,-1,-1,-0.01,-1,-1,-0.01,-1,-1,-0.01,-1,-1,-0.01,-1,-1,-0.01,-1,-1,-0.01,-1,-1,-0.01,-1,-1
99926009,2026-05-18 09:40:16+05:30,52962.35,0,0.0,0,0.0,0.0,53282.15,53308.4,52918.05,53710.35,0,0.0,0.0,0.0,0.0,-0.01,-1,-1,-0.01,-1,-1,-0.01,-1,-1,-0.01,-1,-1,-0.01,-1,-1,-0.01,-1,-1,-0.01,-1,-1,-0.01,-1,-1,-0.01,-1,-1,-0.01,-1,-1
99926009,2026-05-18 09:40:16+05:30,52962.95,0,0.0,0,0.0,0.0,53282.15,53308.4,52918.05,53710.35,0,0.0,0.0,0.0,0.0,-0.01,-1,-1,-0.01,-1,-1,-0.01,-1,-1,-0.01,-1,-1,-0.01,-1,-1,-0.01,-1,-1,-0.01,-1,-1,-0.01,-1,-1,-0.01,-1,-1,-0.01,-1,-1
99926009,2026-05-18 09:40:17+05:30,52961.0,0,0.0,0,0.0,0.0,53282.15,53308.4,52918.05,53710.35,0,0.0,0.0,0.0,0.0,-0.01,-1,-1,-0.01,-1,-1,-0.01,-1,-1,-0.01,-1,-1,-0.01,-1,-1,-0.01,-1,-1,-0.01,-1,-1,-0.01,-1,-1,-0.01,-1,-1,-0.01,-1,-1
99926009,2026-05-18 09:40:17+05:30,52962.95,0,0.0,0,0.0,0.0,53282.15,53308.4,52918.05,53710.35,0,0.0,0.0,0.0,0.0,-0.01,-1,-1,-0.01,-1,-1,-0.01,-1,-1,-0.01,-1,-1,-0.01,-1,-1,-0.01,-1,-1,-0.01,-1,-1,-0.01,-1,-1,-0.01,-1,-1,-0.01,-1,-1
99926009,2026-05-18 09:40:18+05:30,52962.75,0,0.0,0,0.0,0.0,53282.15,53308.4,52918.05,53710.35,0,0.0,0.0,0.0,0.0,-0.01,-1,-1,-0.01,-1,-1,-0.01,-1,-1,-0.01,-1,-1,-0.01,-1,-1,-0.01,-1,-1,-0.01,-1,-1,-0.01,-1,-1,-0.01,-1,-1,-0.01,-1,-1
99926009,2026-05-18 09:40:18+05:30,52961.55,0,0.0,0,0.0,0.0,53282.15,53308.4,52918.05,53710.35,0,0.0,0.0,0.0,0.0,-0.01,-1,-1,-0.01,-1,-1,-0.01,-1,-1,-0.01,-1,-1,-0.01,-1,-1,-0.01,-1,-1,-0.01,-1,-1,-0.01,-1,-1,-0.01,-1,-1,-0.01,-1,-1
99926009,2026-05-18 09:40:19+05:30,52961.7,0,0.0,0,0.0,0.0,53282.15,53308.4,52918.05,53710.35,0,0.0,0.0,0.0,0.0,-0.01,-1,-1,-0.01,-1,-1,-0.01,-1,-1,-0.01,-1,-1,-0.01,-1,-1,-0.01,-1,-1,-0.01,-1,-1,-0.01,-1,-1,-0.01,-1,-1,-0.01,-1,-1
99926009,2026-05-18 09:40:19+05:30,52962.75,0,0.0,0,0.0,0.0,53282.15,53308.4,52918.05,53710.35,0,0.0,0.0,0.0,0.0,-0.01,-1,-1,-0.01,-1,-1,-0.01,-1,-1,-0.01,-1,-1,-0.01,-1,-1,-0.01,-1,-1,-0.01,-1,-1,-0.01,-1,-1,-0.01,-1,-1,-0.01,-1,-1
99926009,2026-05-18 09:40:20+05:30,52964.8,0,0.0,0,0.0,0.0,53282.15,53308.4,52918.05,53710.35,0,0.0,0.0,0.0,0.0,-0.01,-1,-1,-0.01,-1,-1,-0.01,-1,-1,-0.01,-1,-1,-0.01,-1,-1,-0.01,-1,-1,-0.01,-1,-1,-0.01,-1,-1,-0.01,-1,-1,-0.01,-1,-1
99926009,2026-05-18 09:40:20+05:30,52965.3,0,0.0,0,0.0,0.0,53282.15,53308.4,52918.05,53710.35,0,0.0,0.0,0.0,0.0,-0.01,-1,-1,-0.01,-1,-1,-0.01,-1,-1,-0.01,-1,-1,-0.01,-1,-1,-0.01,-1,-1,-0.01,-1,-1,-0.01,-1,-1,-0.01,-1,-1,-0.01,-1,-1
99926009,2026-05-18 09:40:21+05:30,52959.25,0,0.0,0,0.0,0.0,53282.15,53308.4,52918.05,53710.35,0,0.0,0.0,0.0,0.0,-0.01,-1,-1,-0.01,-1,-1,-0.01,-1,-1,-0.01,-1,-1,-0.01,-1,-1,-0.01,-1,-1,-0.01,-1,-1,-0.01,-1,-1,-0.01,-1,-1,-0.01,-1,-1
99926009,2026-05-18 09:40:21+05:30,52963.4,0,0.0,0,0.0,0.0,53282.15,53308.4,52918.05,53710.35,0,0.0,0.0,0.0,0.0,-0.01,-1,-1,-0.01,-1,-1,-0.01,-1,-1,-0.01,-1,-1,-0.01,-1,-1,-0.01,-1,-1,-0.01,-1,-1,-0.01,-1,-1,-0.01,-1,-1,-0.01,-1,-1
99926009,2026-05-18 09:40:22+05:30,52960.5,0,0.0,0,0.0,0.0,53282.15,53308.4,52918.05,53710.35,0,0.0,0.0,0.0,0.0,-0.01,-1,-1,-0.01,-1,-1,-0.01,-1,-1,-0.01,-1,-1,-0.01,-1,-1,-0.01,-1,-1,-0.01,-1,-1,-0.01,-1,-1,-0.01,-1,-1,-0.01,-1,-1
99926009,2026-05-18 09:40:22+05:30,52961.2,0,0.0,0,0.0,0.0,53282.15,53308.4,52918.05,53710.35,0,0.0,0.0,0.0,0.0,-0.01,-1,-1,-0.01,-1,-1,-0.01,-1,-1,-0.01,-1,-1,-0.01,-1,-1,-0.01,-1,-1,-0.01,-1,-1,-0.01,-1,-1,-0.01,-1,-1,-0.01,-1,-1
99926009,2026-05-18 09:40:23+05:30,52959.05,0,0.0,0,0.0,0.0,53282.15,53308.4,52918.05,53710.35,0,0.0,0.0,0.0,0.0,-0.01,-1,-1,-0.01,-1,-1,-0.01,-1,-1,-0.01,-1,-1,-0.01,-1,-1,-0.01,-1,-1,-0.01,-1,-1,-0.01,-1,-1,-0.01,-1,-1,-0.01,-1,-1
99926009,2026-05-18 09:40:23+05:30,52961.2,0,0.0,0,0.0,0.0,53282.15,53308.4,52918.05,53710.35,0,0.0,0.0,0.0,0.0,-0.01,-1,-1,-0.01,-1,-1,-0.01,-1,-1,-0.01,-1,-1,-0.01,-1,-1,-0.01,-1,-1,-0.01,-1,-1,-0.01,-1,-1,-0.01,-1,-1,-0.01,-1,-1
99926009,2026-05-18 09:40:24+05:30,52964.7,0,0.0,0,0.0,0.0,53282.15,53308.4,52918.05,53710.35,0,0.0,0.0,0.0,0.0,-0.01,-1,-1,-0.01,-1,-1,-0.01,-1,-1,-0.01,-1,-1,-0.01,-1,-1,-0.01,-1,-1,-0.01,-1,-1,-0.01,-1,-1,-0.01,-1,-1,-0.01,-1,-1
99926009,2026-05-18 09:40:24+05:30,52961.0,0,0.0,0,0.0,0.0,53282.15,53308.4,52918.05,53710.35,0,0.0,0.0,0.0,0.0,-0.01,-1,-1,-0.01,-1,-1,-0.01,-1,-1,-0.01,-1,-1,-0.01,-1,-1,-0.01,-1,-1,-0.01,-1,-1,-0.01,-1,-1,-0.01,-1,-1,-0.01,-1,-1
99926009,2026-05-18 09:40:25+05:30,52965.8,0,0.0,0,0.0,0.0,53282.15,53308.4,52918.05,53710.35,0,0.0,0.0,0.0,0.0,-0.01,-1,-1,-0.01,-1,-1,-0.01,-1,-1,-0.01,-1,-1,-0.01,-1,-1,-0.01,-1,-1,-0.01,-1,-1,-0.01,-1,-1,-0.01,-1,-1,-0.01,-1,-1
99926009,2026-05-18 09:40:25+05:30,52963.65,0,0.0,0,0.0,0.0,53282.15,53308.4,52918.05,53710.35,0,0.0,0.0,0.0,0.0,-0.01,-1,-1,-0.01,-1,-1,-0.01,-1,-1,-0.01,-1,-1,-0.01,-1,-1,-0.01,-1,-1,-0.01,-1,-1,-0.01,-1,-1,-0.01,-1,-1,-0.01,-1,-1
99926009,2026-05-18 09:40:26+05:30,52962.65,0,0.0,0,0.0,0.0,53282.15,53308.4,52918.05,53710.35,0,0.0,0.0,0.0,0.0,-0.01,-1,-1,-0.01,-1,-1,-0.01,-1,-1,-0.01,-1,-1,-0.01,-1,-1,-0.01,-1,-1,-0.01,-1,-1,-0.01,-1,-1,-0.01,-1,-1,-0.01,-1,-1
99926009,2026-05-18 09:40:26+05:30,52967.75,0,0.0,0,0.0,0.0,53282.15,53308.4,52918.05,53710.35,0,0.0,0.0,0.0,0.0,-0.01,-1,-1,-0.01,-1,-1,-0.01,-1,-1,-0.01,-1,-1,-0.01,-1,-1,-0.01,-1,-1,-0.01,-1,-1,-0.01,-1,-1,-0.01,-1,-1,-0.01,-1,-1
99926009,2026-05-18 09:40:27+05:30,52966.65,0,0.0,0,0.0,0.0,53282.15,53308.4,52918.05,53710.35,0,0.0,0.0,0.0,0.0,-0.01,-1,-1,-0.01,-1,-1,-0.01,-1,-1,-0.01,-1,-1,-0.01,-1,-1,-0.01,-1,-1,-0.01,-1,-1,-0.01,-1,-1,-0.01,-1,-1,-0.01,-1,-1
99926009,2026-05-18 09:40:27+05:30,52966.8,0,0.0,0,0.0,0.0,53282.15,53308.4,52918.05,53710.35,0,0.0,0.0,0.0,0.0,-0.01,-1,-1,-0.01,-1,-1,-0.01,-1,-1,-0.01,-1,-1,-0.01,-1,-1,-0.01,-1,-1,-0.01,-1,-1,-0.01,-1,-1,-0.01,-1,-1,-0.01,-1,-1
99926009,2026-05-18 09:40:28+05:30,52965.4,0,0.0,0,0.0,0.0,53282.15,53308.4,52918.05,53710.35,0,0.0,0.0,0.0,0.0,-0.01,-1,-1,-0.01,-1,-1,-0.01,-1,-1,-0.01,-1,-1,-0.01,-1,-1,-0.01,-1,-1,-0.01,-1,-1,-0.01,-1,-1,-0.01,-1,-1,-0.01,-1,-1
99926009,2026-05-18 09:40:28+05:30,52962.15,0,0.0,0,0.0,0.0,53282.15,53308.4,52918.05,53710.35,0,0.0,0.0,0.0,0.0,-0.01,-1,-1,-0.01,-1,-1,-0.01,-1,-1,-0.01,-1,-1,-0.01,-1,-1,-0.01,-1,-1,-0.01,-1,-1,-0.01,-1,-1,-0.01,-1,-1,-0.01,-1,-1
99926009,2026-05-18 09:40:29+05:30,52963.75,0,0.0,0,0.0,0.0,53282.15,53308.4,52918.05,53710.35,0,0.0,0.0,0.0,0.0,-0.01,-1,-1,-0.01,-1,-1,-0.01,-1,-1,-0.01,-1,-1,-0.01,-1,-1,-0.01,-1,-1,-0.01,-1,-1,-0.01,-1,-1,-0.01,-1,-1,-0.01,-1,-1
99926009,2026-05-18 09:40:29+05:30,52963.25,0,0.0,0,0.0,0.0,53282.15,53308.4,52918.05,53710.35,0,0.0,0.0,0.0,0.0,-0.01,-1,-1,-0.01,-1,-1,-0.01,-1,-1,-0.01,-1,-1,-0.01,-1,-1,-0.01,-1,-1,-0.01,-1,-1,-0.01,-1,-1,-0.01,-1,-1,-0.01,-1,-1
99926009,2026-05-18 09:40:30+05:30,52962.35,0,0.0,0,0.0,0.0,53282.15,53308.4,52918.05,53710.35,0,0.0,0.0,0.0,0.0,-0.01,-1,-1,-0.01,-1,-1,-0.01,-1,-1,-0.01,-1,-1,-0.01,-1,-1,-0.01,-1,-1,-0.01,-1,-1,-0.01,-1,-1,-0.01,-1,-1,-0.01,-1,-1
99926009,2026-05-18 09:40:30+05:30,52965.4,0,0.0,0,0.0,0.0,53282.15,53308.4,52918.05,53710.35,0,0.0,0.0,0.0,0.0,-0.01,-1,-1,-0.01,-1,-1,-0.01,-1,-1,-0.01,-1,-1,-0.01,-1,-1,-0.01,-1,-1,-0.01,-1,-1,-0.01,-1,-1,-0.01,-1,-1,-0.01,-1,-1
99926009,2026-05-18 09:40:31+05:30,52964.5,0,0.0,0,0.0,0.0,53282.15,53308.4,52918.05,53710.35,0,0.0,0.0,0.0,0.0,-0.01,-1,-1,-0.01,-1,-1,-0.01,-1,-1,-0.01,-1,-1,-0.01,-1,-1,-0.01,-1,-1,-0.01,-1,-1,-0.01,-1,-1,-0.01,-1,-1,-0.01,-1,-1
99926009,2026-05-18 09:40:31+05:30,52964.0,0,0.0,0,0.0,0.0,53282.15,53308.4,52918.05,53710.35,0,0.0,0.0,0.0,0.0,-0.01,-1,-1,-0.01,-1,-1,-0.01,-1,-1,-0.01,-1,-1,-0.01,-1,-1,-0.01,-1,-1,-0.01,-1,-1,-0.01,-1,-1,-0.01,-1,-1,-0.01,-1,-1
99926009,2026-05-18 09:40:32+05:30,52967.7,0,0.0,0,0.0,0.0,53282.15,53308.4,52918.05,53710.35,0,0.0,0.0,0.0,0.0,-0.01,-1,-1,-0.01,-1,-1,-0.01,-1,-1,-0.01,-1,-1,-0.01,-1,-1,-0.01,-1,-1,-0.01,-1,-1,-0.01,-1,-1,-0.01,-1,-1,-0.01,-1,-1
99926009,2026-05-18 09:40:32+05:30,52967.05,0,0.0,0,0.0,0.0,53282.15,53308.4,52918.05,53710.35,0,0.0,0.0,0.0,0.0,-0.01,-1,-1,-0.01,-1,-1,-0.01,-1,-1,-0.01,-1,-1,-0.01,-1,-1,-0.01,-1,-1,-0.01,-1,-1,-0.01,-1,-1,-0.01,-1,-1,-0.01,-1,-1
99926009,2026-05-18 09:40:33+05:30,52964.75,0,0.0,0,0.0,0.0,53282.15,53308.4,52918.05,53710.35,0,0.0,0.0,0.0,0.0,-0.01,-1,-1,-0.01,-1,-1,-0.01,-1,-1,-0.01,-1,-1,-0.01,-1,-1,-0.01,-1,-1,-0.01,-1,-1,-0.01,-1,-1,-0.01,-1,-1,-0.01,-1,-1
99926009,2026-05-18 09:40:33+05:30,52963.6,0,0.0,0,0.0,0.0,53282.15,53308.4,52918.05,53710.35,0,0.0,0.0,0.0,0.0,-0.01,-1,-1,-0.01,-1,-1,-0.01,-1,-1,-0.01,-1,-1,-0.01,-1,-1,-0.01,-1,-1,-0.01,-1,-1,-0.01,-1,-1,-0.01,-1,-1,-0.01,-1,-1
99926009,2026-05-18 09:40:34+05:30,52965.2,0,0.0,0,0.0,0.0,53282.15,53308.4,52918.05,53710.35,0,0.0,0.0,0.0,0.0,-0.01,-1,-1,-0.01,-1,-1,-0.01,-1,-1,-0.01,-1,-1,-0.01,-1,-1,-0.01,-1,-1,-0.01,-1,-1,-0.01,-1,-1,-0.01,-1,-1,-0.01,-1,-1
99926009,2026-05-18 09:40:34+05:30,52966.15,0,0.0,0,0.0,0.0,53282.15,53308.4,52918.05,53710.35,0,0.0,0.0,0.0,0.0,-0.01,-1,-1,-0.01,-1,-1,-0.01,-1,-1,-0.01,-1,-1,-0.01,-1,-1,-0.01,-1,-1,-0.01,-1,-1,-0.01,-1,-1,-0.01,-1,-1,-0.01,-1,-1
99926009,2026-05-18 09:40:35+05:30,52967.7,0,0.0,0,0.0,0.0,53282.15,53308.4,52918.05,53710.35,0,0.0,0.0,0.0,0.0,-0.01,-1,-1,-0.01,-1,-1,-0.01,-1,-1,-0.01,-1,-1,-0.01,-1,-1,-0.01,-1,-1,-0.01,-1,-1,-0.01,-1,-1,-0.01,-1,-1,-0.01,-1,-1
99926009,2026-05-18 09:40:35+05:30,52967.45,0,0.0,0,0.0,0.0,53282.15,53308.4,52918.05,53710.35,0,0.0,0.0,0.0,0.0,-0.01,-1,-1,-0.01,-1,-1,-0.01,-1,-1,-0.01,-1,-1,-0.01,-1,-1,-0.01,-1,-1,-0.01,-1,-1,-0.01,-1,-1,-0.01,-1,-1,-0.01,-1,-1
99926009,2026-05-18 09:40:36+05:30,52964.9,0,0.0,0,0.0,0.0,53282.15,53308.4,52918.05,53710.35,0,0.0,0.0,0.0,0.0,-0.01,-1,-1,-0.01,-1,-1,-0.01,-1,-1,-0.01,-1,-1,-0.01,-1,-1,-0.01,-1,-1,-0.01,-1,-1,-0.01,-1,-1,-0.01,-1,-1,-0.01,-1,-1
99926009,2026-05-18 09:40:36+05:30,52967.3,0,0.0,0,0.0,0.0,53282.15,53308.4,52918.05,53710.35,0,0.0,0.0,0.0,0.0,-0.01,-1,-1,-0.01,-1,-1,-0.01,-1,-1,-0.01,-1,-1,-0.01,-1,-1,-0.01,-1,-1,-0.01,-1,-1,-0.01,-1,-1,-0.01,-1,-1,-0.01,-1,-1
99926009,2026-05-18 09:40:37+05:30,52964.45,0,0.0,0,0.0,0.0,53282.15,53308.4,52918.05,53710.35,0,0.0,0.0,0.0,0.0,-0.01,-1,-1,-0.01,-1,-1,-0.01,-1,-1,-0.01,-1,-1,-0.01,-1,-1,-0.01,-1,-1,-0.01,-1,-1,-0.01,-1,-1,-0.01,-1,-1,-0.01,-1,-1
99926009,2026-05-18 09:40:37+05:30,52963.35,0,0.0,0,0.0,0.0,53282.15,53308.4,52918.05,53710.35,0,0.0,0.0,0.0,0.0,-0.01,-1,-1,-0.01,-1,-1,-0.01,-1,-1,-0.01,-1,-1,-0.01,-1,-1,-0.01,-1,-1,-0.01,-1,-1,-0.01,-1,-1,-0.01,-1,-1,-0.01,-1,-1
99926009,2026-05-18 09:40:38+05:30,52962.6,0,0.0,0,0.0,0.0,53282.15,53308.4,52918.05,53710.35,0,0.0,0.0,0.0,0.0,-0.01,-1,-1,-0.01,-1,-1,-0.01,-1,-1,-0.01,-1,-1,-0.01,-1,-1,-0.01,-1,-1,-0.01,-1,-1,-0.01,-1,-1,-0.01,-1,-1,-0.01,-1,-1
99926009,2026-05-18 09:40:38+05:30,52962.5,0,0.0,0,0.0,0.0,53282.15,53308.4,52918.05,53710.35,0,0.0,0.0,0.0,0.0,-0.01,-1,-1,-0.01,-1,-1,-0.01,-1,-1,-0.01,-1,-1,-0.01,-1,-1,-0.01,-1,-1,-0.01,-1,-1,-0.01,-1,-1,-0.01,-1,-1,-0.01,-1,-1
99926009,2026-05-18 09:40:39+05:30,52961.4,0,0.0,0,0.0,0.0,53282.15,53308.4,52918.05,53710.35,0,0.0,0.0,0.0,0.0,-0.01,-1,-1,-0.01,-1,-1,-0.01,-1,-1,-0.01,-1,-1,-0.01,-1,-1,-0.01,-1,-1,-0.01,-1,-1,-0.01,-1,-1,-0.01,-1,-1,-0.01,-1,-1
99926009,2026-05-18 09:40:39+05:30,52963.35,0,0.0,0,0.0,0.0,53282.15,53308.4,52918.05,53710.35,0,0.0,0.0,0.0,0.0,-0.01,-1,-1,-0.01,-1,-1,-0.01,-1,-1,-0.01,-1,-1,-0.01,-1,-1,-0.01,-1,-1,-0.01,-1,-1,-0.01,-1,-1,-0.01,-1,-1,-0.01,-1,-1
99926009,2026-05-18 09:40:40+05:30,52962.8,0,0.0,0,0.0,0.0,53282.15,53308.4,52918.05,53710.35,0,0.0,0.0,0.0,0.0,-0.01,-1,-1,-0.01,-1,-1,-0.01,-1,-1,-0.01,-1,-1,-0.01,-1,-1,-0.01,-1,-1,-0.01,-1,-1,-0.01,-1,-1,-0.01,-1,-1,-0.01,-1,-1
99926009,2026-05-18 09:40:40+05:30,52965.55,0,0.0,0,0.0,0.0,53282.15,53308.4,52918.05,53710.35,0,0.0,0.0,0.0,0.0,-0.01,-1,-1,-0.01,-1,-1,-0.01,-1,-1,-0.01,-1,-1,-0.01,-1,-1,-0.01,-1,-1,-0.01,-1,-1,-0.01,-1,-1,-0.01,-1,-1,-0.01,-1,-1
99926009,2026-05-18 09:40:41+05:30,52964.4,0,0.0,0,0.0,0.0,53282.15,53308.4,52918.05,53710.35,0,0.0,0.0,0.0,0.0,-0.01,-1,-1,-0.01,-1,-1,-0.01,-1,-1,-0.01,-1,-1,-0.01,-1,-1,-0.01,-1,-1,-0.01,-1,-1,-0.01,-1,-1,-0.01,-1,-1,-0.01,-1,-1
99926009,2026-05-18 09:40:41+05:30,52962.95,0,0.0,0,0.0,0.0,53282.15,53308.4,52918.05,53710.35,0,0.0,0.0,0.0,0.0,-0.01,-1,-1,-0.01,-1,-1,-0.01,-1,-1,-0.01,-1,-1,-0.01,-1,-1,-0.01,-1,-1,-0.01,-1,-1,-0.01,-1,-1,-0.01,-1,-1,-0.01,-1,-1
99926009,2026-05-18 09:40:42+05:30,52962.95,0,0.0,0,0.0,0.0,53282.15,53308.4,52918.05,53710.35,0,0.0,0.0,0.0,0.0,-0.01,-1,-1,-0.01,-1,-1,-0.01,-1,-1,-0.01,-1,-1,-0.01,-1,-1,-0.01,-1,-1,-0.01,-1,-1,-0.01,-1,-1,-0.01,-1,-1,-0.01,-1,-1
99926009,2026-05-18 09:40:42+05:30,52962.45,0,0.0,0,0.0,0.0,53282.15,53308.4,52918.05,53710.35,0,0.0,0.0,0.0,0.0,-0.01,-1,-1,-0.01,-1,-1,-0.01,-1,-1,-0.01,-1,-1,-0.01,-1,-1,-0.01,-1,-1,-0.01,-1,-1,-0.01,-1,-1,-0.01,-1,-1,-0.01,-1,-1
99926009,2026-05-18 09:40:43+05:30,52957.95,0,0.0,0,0.0,0.0,53282.15,53308.4,52918.05,53710.35,0,0.0,0.0,0.0,0.0,-0.01,-1,-1,-0.01,-1,-1,-0.01,-1,-1,-0.01,-1,-1,-0.01,-1,-1,-0.01,-1,-1,-0.01,-1,-1,-0.01,-1,-1,-0.01,-1,-1,-0.01,-1,-1
99926009,2026-05-18 09:40:43+05:30,52961.85,0,0.0,0,0.0,0.0,53282.15,53308.4,52918.05,53710.35,0,0.0,0.0,0.0,0.0,-0.01,-1,-1,-0.01,-1,-1,-0.01,-1,-1,-0.01,-1,-1,-0.01,-1,-1,-0.01,-1,-1,-0.01,-1,-1,-0.01,-1,-1,-0.01,-1,-1,-0.01,-1,-1
99926009,2026-05-18 09:40:44+05:30,52962.75,0,0.0,0,0.0,0.0,53282.15,53308.4,52918.05,53710.35,0,0.0,0.0,0.0,0.0,-0.01,-1,-1,-0.01,-1,-1,-0.01,-1,-1,-0.01,-1,-1,-0.01,-1,-1,-0.01,-1,-1,-0.01,-1,-1,-0.01,-1,-1,-0.01,-1,-1,-0.01,-1,-1
99926009,2026-05-18 09:40:44+05:30,52964.9,0,0.0,0,0.0,0.0,53282.15,53308.4,52918.05,53710.35,0,0.0,0.0,0.0,0.0,-0.01,-1,-1,-0.01,-1,-1,-0.01,-1,-1,-0.01,-1,-1,-0.01,-1,-1,-0.01,-1,-1,-0.01,-1,-1,-0.01,-1,-1,-0.01,-1,-1,-0.01,-1,-1
99926009,2026-05-18 09:40:45+05:30,52959.8,0,0.0,0,0.0,0.0,53282.15,53308.4,52918.05,53710.35,0,0.0,0.0,0.0,0.0,-0.01,-1,-1,-0.01,-1,-1,-0.01,-1,-1,-0.01,-1,-1,-0.01,-1,-1,-0.01,-1,-1,-0.01,-1,-1,-0.01,-1,-1,-0.01,-1,-1,-0.01,-1,-1
99926009,2026-05-18 09:40:45+05:30,52961.05,0,0.0,0,0.0,0.0,53282.15,53308.4,52918.05,53710.35,0,0.0,0.0,0.0,0.0,-0.01,-1,-1,-0.01,-1,-1,-0.01,-1,-1,-0.01,-1,-1,-0.01,-1,-1,-0.01,-1,-1,-0.01,-1,-1,-0.01,-1,-1,-0.01,-1,-1,-0.01,-1,-1
99926009,2026-05-18 09:40:46+05:30,52962.5,0,0.0,0,0.0,0.0,53282.15,53308.4,52918.05,53710.35,0,0.0,0.0,0.0,0.0,-0.01,-1,-1,-0.01,-1,-1,-0.01,-1,-1,-0.01,-1,-1,-0.01,-1,-1,-0.01,-1,-1,-0.01,-1,-1,-0.01,-1,-1,-0.01,-1,-1,-0.01,-1,-1
99926009,2026-05-18 09:40:46+05:30,52964.05,0,0.0,0,0.0,0.0,53282.15,53308.4,52918.05,53710.35,0,0.0,0.0,0.0,0.0,-0.01,-1,-1,-0.01,-1,-1,-0.01,-1,-1,-0.01,-1,-1,-0.01,-1,-1,-0.01,-1,-1,-0.01,-1,-1,-0.01,-1,-1,-0.01,-1,-1,-0.01,-1,-1
99926009,2026-05-18 09:40:47+05:30,52961.7,0,0.0,0,0.0,0.0,53282.15,53308.4,52918.05,53710.35,0,0.0,0.0,0.0,0.0,-0.01,-1,-1,-0.01,-1,-1,-0.01,-1,-1,-0.01,-1,-1,-0.01,-1,-1,-0.01,-1,-1,-0.01,-1,-1,-0.01,-1,-1,-0.01,-1,-1,-0.01,-1,-1
99926009,2026-05-18 09:40:47+05:30,52961.85,0,0.0,0,0.0,0.0,53282.15,53308.4,52918.05,53710.35,0,0.0,0.0,0.0,0.0,-0.01,-1,-1,-0.01,-1,-1,-0.01,-1,-1,-0.01,-1,-1,-0.01,-1,-1,-0.01,-1,-1,-0.01,-1,-1,-0.01,-1,-1,-0.01,-1,-1,-0.01,-1,-1
99926009,2026-05-18 09:40:48+05:30,52962.35,0,0.0,0,0.0,0.0,53282.15,53308.4,52918.05,53710.35,0,0.0,0.0,0.0,0.0,-0.01,-1,-1,-0.01,-1,-1,-0.01,-1,-1,-0.01,-1,-1,-0.01,-1,-1,-0.01,-1,-1,-0.01,-1,-1,-0.01,-1,-1,-0.01,-1,-1,-0.01,-1,-1
99926009,2026-05-18 09:40:48+05:30,52961.5,0,0.0,0,0.0,0.0,53282.15,53308.4,52918.05,53710.35,0,0.0,0.0,0.0,0.0,-0.01,-1,-1,-0.01,-1,-1,-0.01,-1,-1,-0.01,-1,-1,-0.01,-1,-1,-0.01,-1,-1,-0.01,-1,-1,-0.01,-1,-1,-0.01,-1,-1,-0.01,-1,-1
99926009,2026-05-18 09:40:49+05:30,52964.3,0,0.0,0,0.0,0.0,53282.15,53308.4,52918.05,53710.35,0,0.0,0.0,0.0,0.0,-0.01,-1,-1,-0.01,-1,-1,-0.01,-1,-1,-0.01,-1,-1,-0.01,-1,-1,-0.01,-1,-1,-0.01,-1,-1,-0.01,-1,-1,-0.01,-1,-1,-0.01,-1,-1
99926009,2026-05-18 09:40:49+05:30,52961.45,0,0.0,0,0.0,0.0,53282.15,53308.4,52918.05,53710.35,0,0.0,0.0,0.0,0.0,-0.01,-1,-1,-0.01,-1,-1,-0.01,-1,-1,-0.01,-1,-1,-0.01,-1,-1,-0.01,-1,-1,-0.01,-1,-1,-0.01,-1,-1,-0.01,-1,-1,-0.01,-1,-1
99926009,2026-05-18 09:40:50+05:30,52960.05,0,0.0,0,0.0,0.0,53282.15,53308.4,52918.05,53710.35,0,0.0,0.0,0.0,0.0,-0.01,-1,-1,-0.01,-1,-1,-0.01,-1,-1,-0.01,-1,-1,-0.01,-1,-1,-0.01,-1,-1,-0.01,-1,-1,-0.01,-1,-1,-0.01,-1,-1,-0.01,-1,-1
99926009,2026-05-18 09:40:50+05:30,52960.2,0,0.0,0,0.0,0.0,53282.15,53308.4,52918.05,53710.35,0,0.0,0.0,0.0,0.0,-0.01,-1,-1,-0.01,-1,-1,-0.01,-1,-1,-0.01,-1,-1,-0.01,-1,-1,-0.01,-1,-1,-0.01,-1,-1,-0.01,-1,-1,-0.01,-1,-1,-0.01,-1,-1
99926009,2026-05-18 09:40:51+05:30,52959.75,0,0.0,0,0.0,0.0,53282.15,53308.4,52918.05,53710.35,0,0.0,0.0,0.0,0.0,-0.01,-1,-1,-0.01,-1,-1,-0.01,-1,-1,-0.01,-1,-1,-0.01,-1,-1,-0.01,-1,-1,-0.01,-1,-1,-0.01,-1,-1,-0.01,-1,-1,-0.01,-1,-1
99926009,2026-05-18 09:40:51+05:30,52961.7,0,0.0,0,0.0,0.0,53282.15,53308.4,52918.05,53710.35,0,0.0,0.0,0.0,0.0,-0.01,-1,-1,-0.01,-1,-1,-0.01,-1,-1,-0.01,-1,-1,-0.01,-1,-1,-0.01,-1,-1,-0.01,-1,-1,-0.01,-1,-1,-0.01,-1,-1,-0.01,-1,-1
99926009,2026-05-18 09:40:52+05:30,52961.4,0,0.0,0,0.0,0.0,53282.15,53308.4,52918.05,53710.35,0,0.0,0.0,0.0,0.0,-0.01,-1,-1,-0.01,-1,-1,-0.01,-1,-1,-0.01,-1,-1,-0.01,-1,-1,-0.01,-1,-1,-0.01,-1,-1,-0.01,-1,-1,-0.01,-1,-1,-0.01,-1,-1
99926009,2026-05-18 09:40:52+05:30,52962.1,0,0.0,0,0.0,0.0,53282.15,53308.4,52918.05,53710.35,0,0.0,0.0,0.0,0.0,-0.01,-1,-1,-0.01,-1,-1,-0.01,-1,-1,-0.01,-1,-1,-0.01,-1,-1,-0.01,-1,-1,-0.01,-1,-1,-0.01,-1,-1,-0.01,-1,-1,-0.01,-1,-1
99926009,2026-05-18 09:40:53+05:30,52963.0,0,0.0,0,0.0,0.0,53282.15,53308.4,52918.05,53710.35,0,0.0,0.0,0.0,0.0,-0.01,-1,-1,-0.01,-1,-1,-0.01,-1,-1,-0.01,-1,-1,-0.01,-1,-1,-0.01,-1,-1,-0.01,-1,-1,-0.01,-1,-1,-0.01,-1,-1,-0.01,-1,-1
99926009,2026-05-18 09:40:53+05:30,52961.8,0,0.0,0,0.0,0.0,53282.15,53308.4,52918.05,53710.35,0,0.0,0.0,0.0,0.0,-0.01,-1,-1,-0.01,-1,-1,-0.01,-1,-1,-0.01,-1,-1,-0.01,-1,-1,-0.01,-1,-1,-0.01,-1,-1,-0.01,-1,-1,-0.01,-1,-1,-0.01,-1,-1
99926009,2026-05-18 09:40:54+05:30,52960.4,0,0.0,0,0.0,0.0,53282.15,53308.4,52918.05,53710.35,0,0.0,0.0,0.0,0.0,-0.01,-1,-1,-0.01,-1,-1,-0.01,-1,-1,-0.01,-1,-1,-0.01,-1,-1,-0.01,-1,-1,-0.01,-1,-1,-0.01,-1,-1,-0.01,-1,-1,-0.01,-1,-1
99926009,2026-05-18 09:40:54+05:30,52958.6,0,0.0,0,0.0,0.0,53282.15,53308.4,52918.05,53710.35,0,0.0,0.0,0.0,0.0,-0.01,-1,-1,-0.01,-1,-1,-0.01,-1,-1,-0.01,-1,-1,-0.01,-1,-1,-0.01,-1,-1,-0.01,-1,-1,-0.01,-1,-1,-0.01,-1,-1,-0.01,-1,-1
99926009,2026-05-18 09:40:55+05:30,52960.85,0,0.0,0,0.0,0.0,53282.15,53308.4,52918.05,53710.35,0,0.0,0.0,0.0,0.0,-0.01,-1,-1,-0.01,-1,-1,-0.01,-1,-1,-0.01,-1,-1,-0.01,-1,-1,-0.01,-1,-1,-0.01,-1,-1,-0.01,-1,-1,-0.01,-1,-1,-0.01,-1,-1
99926009,2026-05-18 09:40:55+05:30,52960.95,0,0.0,0,0.0,0.0,53282.15,53308.4,52918.05,53710.35,0,0.0,0.0,0.0,0.0,-0.01,-1,-1,-0.01,-1,-1,-0.01,-1,-1,-0.01,-1,-1,-0.01,-1,-1,-0.01,-1,-1,-0.01,-1,-1,-0.01,-1,-1,-0.01,-1,-1,-0.01,-1,-1
99926009,2026-05-18 09:40:56+05:30,52961.4,0,0.0,0,0.0,0.0,53282.15,53308.4,52918.05,53710.35,0,0.0,0.0,0.0,0.0,-0.01,-1,-1,-0.01,-1,-1,-0.01,-1,-1,-0.01,-1,-1,-0.01,-1,-1,-0.01,-1,-1,-0.01,-1,-1,-0.01,-1,-1,-0.01,-1,-1,-0.01,-1,-1
99926009,2026-05-18 09:40:56+05:30,52965.5,0,0.0,0,0.0,0.0,53282.15,53308.4,52918.05,53710.35,0,0.0,0.0,0.0,0.0,-0.01,-1,-1,-0.01,-1,-1,-0.01,-1,-1,-0.01,-1,-1,-0.01,-1,-1,-0.01,-1,-1,-0.01,-1,-1,-0.01,-1,-1,-0.01,-1,-1,-0.01,-1,-1
99926009,2026-05-18 09:40:57+05:30,52965.7,0,0.0,0,0.0,0.0,53282.15,53308.4,52918.05,53710.35,0,0.0,0.0,0.0,0.0,-0.01,-1,-1,-0.01,-1,-1,-0.01,-1,-1,-0.01,-1,-1,-0.01,-1,-1,-0.01,-1,-1,-0.01,-1,-1,-0.01,-1,-1,-0.01,-1,-1,-0.01,-1,-1
99926009,2026-05-18 09:40:57+05:30,52966.45,0,0.0,0,0.0,0.0,53282.15,53308.4,52918.05,53710.35,0,0.0,0.0,0.0,0.0,-0.01,-1,-1,-0.01,-1,-1,-0.01,-1,-1,-0.01,-1,-1,-0.01,-1,-1,-0.01,-1,-1,-0.01,-1,-1,-0.01,-1,-1,-0.01,-1,-1,-0.01,-1,-1
99926009,2026-05-18 09:40:58+05:30,52964.25,0,0.0,0,0.0,0.0,53282.15,53308.4,52918.05,53710.35,0,0.0,0.0,0.0,0.0,-0.01,-1,-1,-0.01,-1,-1,-0.01,-1,-1,-0.01,-1,-1,-0.01,-1,-1,-0.01,-1,-1,-0.01,-1,-1,-0.01,-1,-1,-0.01,-1,-1,-0.01,-1,-1
99926009,2026-05-18 09:40:58+05:30,52961.65,0,0.0,0,0.0,0.0,53282.15,53308.4,52918.05,53710.35,0,0.0,0.0,0.0,0.0,-0.01,-1,-1,-0.01,-1,-1,-0.01,-1,-1,-0.01,-1,-1,-0.01,-1,-1,-0.01,-1,-1,-0.01,-1,-1,-0.01,-1,-1,-0.01,-1,-1,-0.01,-1,-1
99926009,2026-05-18 09:40:59+05:30,52961.5,0,0.0,0,0.0,0.0,53282.15,53308.4,52918.05,53710.35,0,0.0,0.0,0.0,0.0,-0.01,-1,-1,-0.01,-1,-1,-0.01,-1,-1,-0.01,-1,-1,-0.01,-1,-1,-0.01,-1,-1,-0.01,-1,-1,-0.01,-1,-1,-0.01,-1,-1,-0.01,-1,-1
99926009,2026-05-18 09:40:59+05:30,52963.45,0,0.0,0,0.0,0.0,53282.15,53308.4,52918.05,53710.35,0,0.0,0.0,0.0,0.0,-0.01,-1,-1,-0.01,-1,-1,-0.01,-1,-1,-0.01,-1,-1,-0.01,-1,-1,-0.01,-1,-1,-0.01,-1,-1,-0.01,-1,-1,-0.01,-1,-1,-0.01,-1,-1
99926009,2026-05-18 09:41:00+05:30,52961.45,0,0.0,0,0.0,0.0,53282.15,53308.4,52918.05,53710.35,0,0.0,0.0,0.0,0.0,-0.01,-1,-1,-0.01,-1,-1,-0.01,-1,-1,-0.01,-1,-1,-0.01,-1,-1,-0.01,-1,-1,-0.01,-1,-1,-0.01,-1,-1,-0.01,-1,-1,-0.01,-1,-1
99926009,2026-05-18 09:41:00+05:30,52961.25,0,0.0,0,0.0,0.0,53282.15,53308.4,52918.05,53710.35,0,0.0,0.0,0.0,0.0,-0.01,-1,-1,-0.01,-1,-1,-0.01,-1,-1,-0.01,-1,-1,-0.01,-1,-1,-0.01,-1,-1,-0.01,-1,-1,-0.01,-1,-1,-0.01,-1,-1,-0.01,-1,-1
99926009,2026-05-18 09:41:01+05:30,52954.45,0,0.0,0,0.0,0.0,53282.15,53308.4,52918.05,53710.35,0,0.0,0.0,0.0,0.0,-0.01,-1,-1,-0.01,-1,-1,-0.01,-1,-1,-0.01,-1,-1,-0.01,-1,-1,-0.01,-1,-1,-0.01,-1,-1,-0.01,-1,-1,-0.01,-1,-1,-0.01,-1,-1
99926009,2026-05-18 09:41:01+05:30,52954.85,0,0.0,0,0.0,0.0,53282.15,53308.4,52918.05,53710.35,0,0.0,0.0,0.0,0.0,-0.01,-1,-1,-0.01,-1,-1,-0.01,-1,-1,-0.01,-1,-1,-0.01,-1,-1,-0.01,-1,-1,-0.01,-1,-1,-0.01,-1,-1,-0.01,-1,-1,-0.01,-1,-1
99926009,2026-05-18 09:41:02+05:30,52959.5,0,0.0,0,0.0,0.0,53282.15,53308.4,52918.05,53710.35,0,0.0,0.0,0.0,0.0,-0.01,-1,-1,-0.01,-1,-1,-0.01,-1,-1,-0.01,-1,-1,-0.01,-1,-1,-0.01,-1,-1,-0.01,-1,-1,-0.01,-1,-1,-0.01,-1,-1,-0.01,-1,-1
99926009,2026-05-18 09:41:02+05:30,52957.55,0,0.0,0,0.0,0.0,53282.15,53308.4,52918.05,53710.35,0,0.0,0.0,0.0,0.0,-0.01,-1,-1,-0.01,-1,-1,-0.01,-1,-1,-0.01,-1,-1,-0.01,-1,-1,-0.01,-1,-1,-0.01,-1,-1,-0.01,-1,-1,-0.01,-1,-1,-0.01,-1,-1
99926009,2026-05-18 09:41:03+05:30,52954.85,0,0.0,0,0.0,0.0,53282.15,53308.4,52918.05,53710.35,0,0.0,0.0,0.0,0.0,-0.01,-1,-1,-0.01,-1,-1,-0.01,-1,-1,-0.01,-1,-1,-0.01,-1,-1,-0.01,-1,-1,-0.01,-1,-1,-0.01,-1,-1,-0.01,-1,-1,-0.01,-1,-1
99926009,2026-05-18 09:41:03+05:30,52957.0,0,0.0,0,0.0,0.0,53282.15,53308.4,52918.05,53710.35,0,0.0,0.0,0.0,0.0,-0.01,-1,-1,-0.01,-1,-1,-0.01,-1,-1,-0.01,-1,-1,-0.01,-1,-1,-0.01,-1,-1,-0.01,-1,-1,-0.01,-1,-1,-0.01,-1,-1,-0.01,-1,-1
99926009,2026-05-18 09:41:04+05:30,52953.55,0,0.0,0,0.0,0.0,53282.15,53308.4,52918.05,53710.35,0,0.0,0.0,0.0,0.0,-0.01,-1,-1,-0.01,-1,-1,-0.01,-1,-1,-0.01,-1,-1,-0.01,-1,-1,-0.01,-1,-1,-0.01,-1,-1,-0.01,-1,-1,-0.01,-1,-1,-0.01,-1,-1
99926009,2026-05-18 09:41:04+05:30,52953.75,0,0.0,0,0.0,0.0,53282.15,53308.4,52918.05,53710.35,0,0.0,0.0,0.0,0.0,-0.01,-1,-1,-0.01,-1,-1,-0.01,-1,-1,-0.01,-1,-1,-0.01,-1,-1,-0.01,-1,-1,-0.01,-1,-1,-0.01,-1,-1,-0.01,-1,-1,-0.01,-1,-1
99926009,2026-05-18 09:41:05+05:30,52956.05,0,0.0,0,0.0,0.0,53282.15,53308.4,52918.05,53710.35,0,0.0,0.0,0.0,0.0,-0.01,-1,-1,-0.01,-1,-1,-0.01,-1,-1,-0.01,-1,-1,-0.01,-1,-1,-0.01,-1,-1,-0.01,-1,-1,-0.01,-1,-1,-0.01,-1,-1,-0.01,-1,-1
99926009,2026-05-18 09:41:05+05:30,52956.0,0,0.0,0,0.0,0.0,53282.15,53308.4,52918.05,53710.35,0,0.0,0.0,0.0,0.0,-0.01,-1,-1,-0.01,-1,-1,-0.01,-1,-1,-0.01,-1,-1,-0.01,-1,-1,-0.01,-1,-1,-0.01,-1,-1,-0.01,-1,-1,-0.01,-1,-1,-0.01,-1,-1
99926009,2026-05-18 09:41:06+05:30,52949.8,0,0.0,0,0.0,0.0,53282.15,53308.4,52918.05,53710.35,0,0.0,0.0,0.0,0.0,-0.01,-1,-1,-0.01,-1,-1,-0.01,-1,-1,-0.01,-1,-1,-0.01,-1,-1,-0.01,-1,-1,-0.01,-1,-1,-0.01,-1,-1,-0.01,-1,-1,-0.01,-1,-1
99926009,2026-05-18 09:41:06+05:30,52952.15,0,0.0,0,0.0,0.0,53282.15,53308.4,52918.05,53710.35,0,0.0,0.0,0.0,0.0,-0.01,-1,-1,-0.01,-1,-1,-0.01,-1,-1,-0.01,-1,-1,-0.01,-1,-1,-0.01,-1,-1,-0.01,-1,-1,-0.01,-1,-1,-0.01,-1,-1,-0.01,-1,-1
99926009,2026-05-18 09:41:07+05:30,52954.7,0,0.0,0,0.0,0.0,53282.15,53308.4,52918.05,53710.35,0,0.0,0.0,0.0,0.0,-0.01,-1,-1,-0.01,-1,-1,-0.01,-1,-1,-0.01,-1,-1,-0.01,-1,-1,-0.01,-1,-1,-0.01,-1,-1,-0.01,-1,-1,-0.01,-1,-1,-0.01,-1,-1
99926009,2026-05-18 09:41:07+05:30,52951.55,0,0.0,0,0.0,0.0,53282.15,53308.4,52918.05,53710.35,0,0.0,0.0,0.0,0.0,-0.01,-1,-1,-0.01,-1,-1,-0.01,-1,-1,-0.01,-1,-1,-0.01,-1,-1,-0.01,-1,-1,-0.01,-1,-1,-0.01,-1,-1,-0.01,-1,-1,-0.01,-1,-1
99926009,2026-05-18 09:41:08+05:30,52952.75,0,0.0,0,0.0,0.0,53282.15,53308.4,52918.05,53710.35,0,0.0,0.0,0.0,0.0,-0.01,-1,-1,-0.01,-1,-1,-0.01,-1,-1,-0.01,-1,-1,-0.01,-1,-1,-0.01,-1,-1,-0.01,-1,-1,-0.01,-1,-1,-0.01,-1,-1,-0.01,-1,-1
99926009,2026-05-18 09:41:08+05:30,52955.2,0,0.0,0,0.0,0.0,53282.15,53308.4,52918.05,53710.35,0,0.0,0.0,0.0,0.0,-0.01,-1,-1,-0.01,-1,-1,-0.01,-1,-1,-0.01,-1,-1,-0.01,-1,-1,-0.01,-1,-1,-0.01,-1,-1,-0.01,-1,-1,-0.01,-1,-1,-0.01,-1,-1
99926009,2026-05-18 09:41:09+05:30,52954.65,0,0.0,0,0.0,0.0,53282.15,53308.4,52918.05,53710.35,0,0.0,0.0,0.0,0.0,-0.01,-1,-1,-0.01,-1,-1,-0.01,-1,-1,-0.01,-1,-1,-0.01,-1,-1,-0.01,-1,-1,-0.01,-1,-1,-0.01,-1,-1,-0.01,-1,-1,-0.01,-1,-1
99926009,2026-05-18 09:41:09+05:30,52956.2,0,0.0,0,0.0,0.0,53282.15,53308.4,52918.05,53710.35,0,0.0,0.0,0.0,0.0,-0.01,-1,-1,-0.01,-1,-1,-0.01,-1,-1,-0.01,-1,-1,-0.01,-1,-1,-0.01,-1,-1,-0.01,-1,-1,-0.01,-1,-1,-0.01,-1,-1,-0.01,-1,-1
99926009,2026-05-18 09:41:10+05:30,52955.3,0,0.0,0,0.0,0.0,53282.15,53308.4,52918.05,53710.35,0,0.0,0.0,0.0,0.0,-0.01,-1,-1,-0.01,-1,-1,-0.01,-1,-1,-0.01,-1,-1,-0.01,-1,-1,-0.01,-1,-1,-0.01,-1,-1,-0.01,-1,-1,-0.01,-1,-1,-0.01,-1,-1
99926009,2026-05-18 09:41:10+05:30,52954.9,0,0.0,0,0.0,0.0,53282.15,53308.4,52918.05,53710.35,0,0.0,0.0,0.0,0.0,-0.01,-1,-1,-0.01,-1,-1,-0.01,-1,-1,-0.01,-1,-1,-0.01,-1,-1,-0.01,-1,-1,-0.01,-1,-1,-0.01,-1,-1,-0.01,-1,-1,-0.01,-1,-1
99926009,2026-05-18 09:41:11+05:30,52953.5,0,0.0,0,0.0,0.0,53282.15,53308.4,52918.05,53710.35,0,0.0,0.0,0.0,0.0,-0.01,-1,-1,-0.01,-1,-1,-0.01,-1,-1,-0.01,-1,-1,-0.01,-1,-1,-0.01,-1,-1,-0.01,-1,-1,-0.01,-1,-1,-0.01,-1,-1,-0.01,-1,-1
99926009,2026-05-18 09:41:11+05:30,52953.55,0,0.0,0,0.0,0.0,53282.15,53308.4,52918.05,53710.35,0,0.0,0.0,0.0,0.0,-0.01,-1,-1,-0.01,-1,-1,-0.01,-1,-1,-0.01,-1,-1,-0.01,-1,-1,-0.01,-1,-1,-0.01,-1,-1,-0.01,-1,-1,-0.01,-1,-1,-0.01,-1,-1
99926009,2026-05-18 09:41:12+05:30,52954.7,0,0.0,0,0.0,0.0,53282.15,53308.4,52918.05,53710.35,0,0.0,0.0,0.0,0.0,-0.01,-1,-1,-0.01,-1,-1,-0.01,-1,-1,-0.01,-1,-1,-0.01,-1,-1,-0.01,-1,-1,-0.01,-1,-1,-0.01,-1,-1,-0.01,-1,-1,-0.01,-1,-1
99926009,2026-05-18 09:41:12+05:30,52951.5,0,0.0,0,0.0,0.0,53282.15,53308.4,52918.05,53710.35,0,0.0,0.0,0.0,0.0,-0.01,-1,-1,-0.01,-1,-1,-0.01,-1,-1,-0.01,-1,-1,-0.01,-1,-1,-0.01,-1,-1,-0.01,-1,-1,-0.01,-1,-1,-0.01,-1,-1,-0.01,-1,-1
99926009,2026-05-18 09:41:13+05:30,52952.45,0,0.0,0,0.0,0.0,53282.15,53308.4,52918.05,53710.35,0,0.0,0.0,0.0,0.0,-0.01,-1,-1,-0.01,-1,-1,-0.01,-1,-1,-0.01,-1,-1,-0.01,-1,-1,-0.01,-1,-1,-0.01,-1,-1,-0.01,-1,-1,-0.01,-1,-1,-0.01,-1,-1
99926009,2026-05-18 09:41:13+05:30,52945.6,0,0.0,0,0.0,0.0,53282.15,53308.4,52918.05,53710.35,0,0.0,0.0,0.0,0.0,-0.01,-1,-1,-0.01,-1,-1,-0.01,-1,-1,-0.01,-1,-1,-0.01,-1,-1,-0.01,-1,-1,-0.01,-1,-1,-0.01,-1,-1,-0.01,-1,-1,-0.01,-1,-1
99926009,2026-05-18 09:41:14+05:30,52948.85,0,0.0,0,0.0,0.0,53282.15,53308.4,52918.05,53710.35,0,0.0,0.0,0.0,0.0,-0.01,-1,-1,-0.01,-1,-1,-0.01,-1,-1,-0.01,-1,-1,-0.01,-1,-1,-0.01,-1,-1,-0.01,-1,-1,-0.01,-1,-1,-0.01,-1,-1,-0.01,-1,-1
99926009,2026-05-18 09:41:14+05:30,52948.25,0,0.0,0,0.0,0.0,53282.15,53308.4,52918.05,53710.35,0,0.0,0.0,0.0,0.0,-0.01,-1,-1,-0.01,-1,-1,-0.01,-1,-1,-0.01,-1,-1,-0.01,-1,-1,-0.01,-1,-1,-0.01,-1,-1,-0.01,-1,-1,-0.01,-1,-1,-0.01,-1,-1
99926009,2026-05-18 09:41:15+05:30,52949.85,0,0.0,0,0.0,0.0,53282.15,53308.4,52918.05,53710.35,0,0.0,0.0,0.0,0.0,-0.01,-1,-1,-0.01,-1,-1,-0.01,-1,-1,-0.01,-1,-1,-0.01,-1,-1,-0.01,-1,-1,-0.01,-1,-1,-0.01,-1,-1,-0.01,-1,-1,-0.01,-1,-1
99926009,2026-05-18 09:41:15+05:30,52950.55,0,0.0,0,0.0,0.0,53282.15,53308.4,52918.05,53710.35,0,0.0,0.0,0.0,0.0,-0.01,-1,-1,-0.01,-1,-1,-0.01,-1,-1,-0.01,-1,-1,-0.01,-1,-1,-0.01,-1,-1,-0.01,-1,-1,-0.01,-1,-1,-0.01,-1,-1,-0.01,-1,-1
99926009,2026-05-18 09:41:16+05:30,52949.2,0,0.0,0,0.0,0.0,53282.15,53308.4,52918.05,53710.35,0,0.0,0.0,0.0,0.0,-0.01,-1,-1,-0.01,-1,-1,-0.01,-1,-1,-0.01,-1,-1,-0.01,-1,-1,-0.01,-1,-1,-0.01,-1,-1,-0.01,-1,-1,-0.01,-1,-1,-0.01,-1,-1
99926009,2026-05-18 09:41:16+05:30,52949.3,0,0.0,0,0.0,0.0,53282.15,53308.4,52918.05,53710.35,0,0.0,0.0,0.0,0.0,-0.01,-1,-1,-0.01,-1,-1,-0.01,-1,-1,-0.01,-1,-1,-0.01,-1,-1,-0.01,-1,-1,-0.01,-1,-1,-0.01,-1,-1,-0.01,-1,-1,-0.01,-1,-1
99926009,2026-05-18 09:41:17+05:30,52952.95,0,0.0,0,0.0,0.0,53282.15,53308.4,52918.05,53710.35,0,0.0,0.0,0.0,0.0,-0.01,-1,-1,-0.01,-1,-1,-0.01,-1,-1,-0.01,-1,-1,-0.01,-1,-1,-0.01,-1,-1,-0.01,-1,-1,-0.01,-1,-1,-0.01,-1,-1,-0.01,-1,-1
99926009,2026-05-18 09:41:17+05:30,52951.0,0,0.0,0,0.0,0.0,53282.15,53308.4,52918.05,53710.35,0,0.0,0.0,0.0,0.0,-0.01,-1,-1,-0.01,-1,-1,-0.01,-1,-1,-0.01,-1,-1,-0.01,-1,-1,-0.01,-1,-1,-0.01,-1,-1,-0.01,-1,-1,-0.01,-1,-1,-0.01,-1,-1
99926009,2026-05-18 09:41:18+05:30,52952.35,0,0.0,0,0.0,0.0,53282.15,53308.4,52918.05,53710.35,0,0.0,0.0,0.0,0.0,-0.01,-1,-1,-0.01,-1,-1,-0.01,-1,-1,-0.01,-1,-1,-0.01,-1,-1,-0.01,-1,-1,-0.01,-1,-1,-0.01,-1,-1,-0.01,-1,-1,-0.01,-1,-1
99926009,2026-05-18 09:41:18+05:30,52950.9,0,0.0,0,0.0,0.0,53282.15,53308.4,52918.05,53710.35,0,0.0,0.0,0.0,0.0,-0.01,-1,-1,-0.01,-1,-1,-0.01,-1,-1,-0.01,-1,-1,-0.01,-1,-1,-0.01,-1,-1,-0.01,-1,-1,-0.01,-1,-1,-0.01,-1,-1,-0.01,-1,-1
99926009,2026-05-18 09:41:19+05:30,52950.4,0,0.0,0,0.0,0.0,53282.15,53308.4,52918.05,53710.35,0,0.0,0.0,0.0,0.0,-0.01,-1,-1,-0.01,-1,-1,-0.01,-1,-1,-0.01,-1,-1,-0.01,-1,-1,-0.01,-1,-1,-0.01,-1,-1,-0.01,-1,-1,-0.01,-1,-1,-0.01,-1,-1
99926009,2026-05-18 09:41:19+05:30,52949.2,0,0.0,0,0.0,0.0,53282.15,53308.4,52918.05,53710.35,0,0.0,0.0,0.0,0.0,-0.01,-1,-1,-0.01,-1,-1,-0.01,-1,-1,-0.01,-1,-1,-0.01,-1,-1,-0.01,-1,-1,-0.01,-1,-1,-0.01,-1,-1,-0.01,-1,-1,-0.01,-1,-1
99926009,2026-05-18 09:41:20+05:30,52948.1,0,0.0,0,0.0,0.0,53282.15,53308.4,52918.05,53710.35,0,0.0,0.0,0.0,0.0,-0.01,-1,-1,-0.01,-1,-1,-0.01,-1,-1,-0.01,-1,-1,-0.01,-1,-1,-0.01,-1,-1,-0.01,-1,-1,-0.01,-1,-1,-0.01,-1,-1,-0.01,-1,-1
99926009,2026-05-18 09:41:20+05:30,52946.0,0,0.0,0,0.0,0.0,53282.15,53308.4,52918.05,53710.35,0,0.0,0.0,0.0,0.0,-0.01,-1,-1,-0.01,-1,-1,-0.01,-1,-1,-0.01,-1,-1,-0.01,-1,-1,-0.01,-1,-1,-0.01,-1,-1,-0.01,-1,-1,-0.01,-1,-1,-0.01,-1,-1
99926009,2026-05-18 09:41:21+05:30,52949.0,0,0.0,0,0.0,0.0,53282.15,53308.4,52918.05,53710.35,0,0.0,0.0,0.0,0.0,-0.01,-1,-1,-0.01,-1,-1,-0.01,-1,-1,-0.01,-1,-1,-0.01,-1,-1,-0.01,-1,-1,-0.01,-1,-1,-0.01,-1,-1,-0.01,-1,-1,-0.01,-1,-1
99926009,2026-05-18 09:41:21+05:30,52947.8,0,0.0,0,0.0,0.0,53282.15,53308.4,52918.05,53710.35,0,0.0,0.0,0.0,0.0,-0.01,-1,-1,-0.01,-1,-1,-0.01,-1,-1,-0.01,-1,-1,-0.01,-1,-1,-0.01,-1,-1,-0.01,-1,-1,-0.01,-1,-1,-0.01,-1,-1,-0.01,-1,-1
99926009,2026-05-18 09:41:22+05:30,52945.75,0,0.0,0,0.0,0.0,53282.15,53308.4,52918.05,53710.35,0,0.0,0.0,0.0,0.0,-0.01,-1,-1,-0.01,-1,-1,-0.01,-1,-1,-0.01,-1,-1,-0.01,-1,-1,-0.01,-1,-1,-0.01,-1,-1,-0.01,-1,-1,-0.01,-1,-1,-0.01,-1,-1
99926009,2026-05-18 09:41:22+05:30,52943.1,0,0.0,0,0.0,0.0,53282.15,53308.4,52918.05,53710.35,0,0.0,0.0,0.0,0.0,-0.01,-1,-1,-0.01,-1,-1,-0.01,-1,-1,-0.01,-1,-1,-0.01,-1,-1,-0.01,-1,-1,-0.01,-1,-1,-0.01,-1,-1,-0.01,-1,-1,-0.01,-1,-1
99926009,2026-05-18 09:41:23+05:30,52939.95,0,0.0,0,0.0,0.0,53282.15,53308.4,52918.05,53710.35,0,0.0,0.0,0.0,0.0,-0.01,-1,-1,-0.01,-1,-1,-0.01,-1,-1,-0.01,-1,-1,-0.01,-1,-1,-0.01,-1,-1,-0.01,-1,-1,-0.01,-1,-1,-0.01,-1,-1,-0.01,-1,-1
99926009,2026-05-18 09:41:23+05:30,52938.7,0,0.0,0,0.0,0.0,53282.15,53308.4,52918.05,53710.35,0,0.0,0.0,0.0,0.0,-0.01,-1,-1,-0.01,-1,-1,-0.01,-1,-1,-0.01,-1,-1,-0.01,-1,-1,-0.01,-1,-1,-0.01,-1,-1,-0.01,-1,-1,-0.01,-1,-1,-0.01,-1,-1
99926009,2026-05-18 09:41:24+05:30,52934.85,0,0.0,0,0.0,0.0,53282.15,53308.4,52918.05,53710.35,0,0.0,0.0,0.0,0.0,-0.01,-1,-1,-0.01,-1,-1,-0.01,-1,-1,-0.01,-1,-1,-0.01,-1,-1,-0.01,-1,-1,-0.01,-1,-1,-0.01,-1,-1,-0.01,-1,-1,-0.01,-1,-1
99926009,2026-05-18 09:41:24+05:30,52942.6,0,0.0,0,0.0,0.0,53282.15,53308.4,52918.05,53710.35,0,0.0,0.0,0.0,0.0,-0.01,-1,-1,-0.01,-1,-1,-0.01,-1,-1,-0.01,-1,-1,-0.01,-1,-1,-0.01,-1,-1,-0.01,-1,-1,-0.01,-1,-1,-0.01,-1,-1,-0.01,-1,-1
99926009,2026-05-18 09:41:25+05:30,52941.95,0,0.0,0,0.0,0.0,53282.15,53308.4,52918.05,53710.35,0,0.0,0.0,0.0,0.0,-0.01,-1,-1,-0.01,-1,-1,-0.01,-1,-1,-0.01,-1,-1,-0.01,-1,-1,-0.01,-1,-1,-0.01,-1,-1,-0.01,-1,-1,-0.01,-1,-1,-0.01,-1,-1
99926009,2026-05-18 09:41:25+05:30,52943.65,0,0.0,0,0.0,0.0,53282.15,53308.4,52918.05,53710.35,0,0.0,0.0,0.0,0.0,-0.01,-1,-1,-0.01,-1,-1,-0.01,-1,-1,-0.01,-1,-1,-0.01,-1,-1,-0.01,-1,-1,-0.01,-1,-1,-0.01,-1,-1,-0.01,-1,-1,-0.01,-1,-1
99926009,2026-05-18 09:41:26+05:30,52941.6,0,0.0,0,0.0,0.0,53282.15,53308.4,52918.05,53710.35,0,0.0,0.0,0.0,0.0,-0.01,-1,-1,-0.01,-1,-1,-0.01,-1,-1,-0.01,-1,-1,-0.01,-1,-1,-0.01,-1,-1,-0.01,-1,-1,-0.01,-1,-1,-0.01,-1,-1,-0.01,-1,-1
99926009,2026-05-18 09:41:26+05:30,52941.1,0,0.0,0,0.0,0.0,53282.15,53308.4,52918.05,53710.35,0,0.0,0.0,0.0,0.0,-0.01,-1,-1,-0.01,-1,-1,-0.01,-1,-1,-0.01,-1,-1,-0.01,-1,-1,-0.01,-1,-1,-0.01,-1,-1,-0.01,-1,-1,-0.01,-1,-1,-0.01,-1,-1
99926009,2026-05-18 09:41:27+05:30,52944.4,0,0.0,0,0.0,0.0,53282.15,53308.4,52918.05,53710.35,0,0.0,0.0,0.0,0.0,-0.01,-1,-1,-0.01,-1,-1,-0.01,-1,-1,-0.01,-1,-1,-0.01,-1,-1,-0.01,-1,-1,-0.01,-1,-1,-0.01,-1,-1,-0.01,-1,-1,-0.01,-1,-1
99926009,2026-05-18 09:41:27+05:30,52940.3,0,0.0,0,0.0,0.0,53282.15,53308.4,52918.05,53710.35,0,0.0,0.0,0.0,0.0,-0.01,-1,-1,-0.01,-1,-1,-0.01,-1,-1,-0.01,-1,-1,-0.01,-1,-1,-0.01,-1,-1,-0.01,-1,-1,-0.01,-1,-1,-0.01,-1,-1,-0.01,-1,-1
99926009,2026-05-18 09:41:28+05:30,52938.25,0,0.0,0,0.0,0.0,53282.15,53308.4,52918.05,53710.35,0,0.0,0.0,0.0,0.0,-0.01,-1,-1,-0.01,-1,-1,-0.01,-1,-1,-0.01,-1,-1,-0.01,-1,-1,-0.01,-1,-1,-0.01,-1,-1,-0.01,-1,-1,-0.01,-1,-1,-0.01,-1,-1
99926009,2026-05-18 09:41:28+05:30,52944.0,0,0.0,0,0.0,0.0,53282.15,53308.4,52918.05,53710.35,0,0.0,0.0,0.0,0.0,-0.01,-1,-1,-0.01,-1,-1,-0.01,-1,-1,-0.01,-1,-1,-0.01,-1,-1,-0.01,-1,-1,-0.01,-1,-1,-0.01,-1,-1,-0.01,-1,-1,-0.01,-1,-1
99926009,2026-05-18 09:41:29+05:30,52938.55,0,0.0,0,0.0,0.0,53282.15,53308.4,52918.05,53710.35,0,0.0,0.0,0.0,0.0,-0.01,-1,-1,-0.01,-1,-1,-0.01,-1,-1,-0.01,-1,-1,-0.01,-1,-1,-0.01,-1,-1,-0.01,-1,-1,-0.01,-1,-1,-0.01,-1,-1,-0.01,-1,-1
99926009,2026-05-18 09:41:29+05:30,52937.55,0,0.0,0,0.0,0.0,53282.15,53308.4,52918.05,53710.35,0,0.0,0.0,0.0,0.0,-0.01,-1,-1,-0.01,-1,-1,-0.01,-1,-1,-0.01,-1,-1,-0.01,-1,-1,-0.01,-1,-1,-0.01,-1,-1,-0.01,-1,-1,-0.01,-1,-1,-0.01,-1,-1
99926009,2026-05-18 09:41:30+05:30,52937.0,0,0.0,0,0.0,0.0,53282.15,53308.4,52918.05,53710.35,0,0.0,0.0,0.0,0.0,-0.01,-1,-1,-0.01,-1,-1,-0.01,-1,-1,-0.01,-1,-1,-0.01,-1,-1,-0.01,-1,-1,-0.01,-1,-1,-0.01,-1,-1,-0.01,-1,-1,-0.01,-1,-1
99926009,2026-05-18 09:41:30+05:30,52936.85,0,0.0,0,0.0,0.0,53282.15,53308.4,52918.05,53710.35,0,0.0,0.0,0.0,0.0,-0.01,-1,-1,-0.01,-1,-1,-0.01,-1,-1,-0.01,-1,-1,-0.01,-1,-1,-0.01,-1,-1,-0.01,-1,-1,-0.01,-1,-1,-0.01,-1,-1,-0.01,-1,-1
99926009,2026-05-18 09:41:31+05:30,52938.95,0,0.0,0,0.0,0.0,53282.15,53308.4,52918.05,53710.35,0,0.0,0.0,0.0,0.0,-0.01,-1,-1,-0.01,-1,-1,-0.01,-1,-1,-0.01,-1,-1,-0.01,-1,-1,-0.01,-1,-1,-0.01,-1,-1,-0.01,-1,-1,-0.01,-1,-1,-0.01,-1,-1
99926009,2026-05-18 09:41:31+05:30,52939.95,0,0.0,0,0.0,0.0,53282.15,53308.4,52918.05,53710.35,0,0.0,0.0,0.0,0.0,-0.01,-1,-1,-0.01,-1,-1,-0.01,-1,-1,-0.01,-1,-1,-0.01,-1,-1,-0.01,-1,-1,-0.01,-1,-1,-0.01,-1,-1,-0.01,-1,-1,-0.01,-1,-1
99926009,2026-05-18 09:41:32+05:30,52930.4,0,0.0,0,0.0,0.0,53282.15,53308.4,52918.05,53710.35,0,0.0,0.0,0.0,0.0,-0.01,-1,-1,-0.01,-1,-1,-0.01,-1,-1,-0.01,-1,-1,-0.01,-1,-1,-0.01,-1,-1,-0.01,-1,-1,-0.01,-1,-1,-0.01,-1,-1,-0.01,-1,-1
99926009,2026-05-18 09:41:32+05:30,52926.5,0,0.0,0,0.0,0.0,53282.15,53308.4,52918.05,53710.35,0,0.0,0.0,0.0,0.0,-0.01,-1,-1,-0.01,-1,-1,-0.01,-1,-1,-0.01,-1,-1,-0.01,-1,-1,-0.01,-1,-1,-0.01,-1,-1,-0.01,-1,-1,-0.01,-1,-1,-0.01,-1,-1
99926009,2026-05-18 09:41:33+05:30,52932.2,0,0.0,0,0.0,0.0,53282.15,53308.4,52918.05,53710.35,0,0.0,0.0,0.0,0.0,-0.01,-1,-1,-0.01,-1,-1,-0.01,-1,-1,-0.01,-1,-1,-0.01,-1,-1,-0.01,-1,-1,-0.01,-1,-1,-0.01,-1,-1,-0.01,-1,-1,-0.01,-1,-1
99926009,2026-05-18 09:41:33+05:30,52931.05,0,0.0,0,0.0,0.0,53282.15,53308.4,52918.05,53710.35,0,0.0,0.0,0.0,0.0,-0.01,-1,-1,-0.01,-1,-1,-0.01,-1,-1,-0.01,-1,-1,-0.01,-1,-1,-0.01,-1,-1,-0.01,-1,-1,-0.01,-1,-1,-0.01,-1,-1,-0.01,-1,-1
99926009,2026-05-18 09:41:34+05:30,52935.55,0,0.0,0,0.0,0.0,53282.15,53308.4,52918.05,53710.35,0,0.0,0.0,0.0,0.0,-0.01,-1,-1,-0.01,-1,-1,-0.01,-1,-1,-0.01,-1,-1,-0.01,-1,-1,-0.01,-1,-1,-0.01,-1,-1,-0.01,-1,-1,-0.01,-1,-1,-0.01,-1,-1
99926009,2026-05-18 09:41:34+05:30,52931.75,0,0.0,0,0.0,0.0,53282.15,53308.4,52918.05,53710.35,0,0.0,0.0,0.0,0.0,-0.01,-1,-1,-0.01,-1,-1,-0.01,-1,-1,-0.01,-1,-1,-0.01,-1,-1,-0.01,-1,-1,-0.01,-1,-1,-0.01,-1,-1,-0.01,-1,-1,-0.01,-1,-1
99926009,2026-05-18 09:41:35+05:30,52932.1,0,0.0,0,0.0,0.0,53282.15,53308.4,52918.05,53710.35,0,0.0,0.0,0.0,0.0,-0.01,-1,-1,-0.01,-1,-1,-0.01,-1,-1,-0.01,-1,-1,-0.01,-1,-1,-0.01,-1,-1,-0.01,-1,-1,-0.01,-1,-1,-0.01,-1,-1,-0.01,-1,-1
99926009,2026-05-18 09:41:35+05:30,52932.75,0,0.0,0,0.0,0.0,53282.15,53308.4,52918.05,53710.35,0,0.0,0.0,0.0,0.0,-0.01,-1,-1,-0.01,-1,-1,-0.01,-1,-1,-0.01,-1,-1,-0.01,-1,-1,-0.01,-1,-1,-0.01,-1,-1,-0.01,-1,-1,-0.01,-1,-1,-0.01,-1,-1
99926009,2026-05-18 09:41:36+05:30,52928.25,0,0.0,0,0.0,0.0,53282.15,53308.4,52918.05,53710.35,0,0.0,0.0,0.0,0.0,-0.01,-1,-1,-0.01,-1,-1,-0.01,-1,-1,-0.01,-1,-1,-0.01,-1,-1,-0.01,-1,-1,-0.01,-1,-1,-0.01,-1,-1,-0.01,-1,-1,-0.01,-1,-1
99926009,2026-05-18 09:41:36+05:30,52928.3,0,0.0,0,0.0,0.0,53282.15,53308.4,52918.05,53710.35,0,0.0,0.0,0.0,0.0,-0.01,-1,-1,-0.01,-1,-1,-0.01,-1,-1,-0.01,-1,-1,-0.01,-1,-1,-0.01,-1,-1,-0.01,-1,-1,-0.01,-1,-1,-0.01,-1,-1,-0.01,-1,-1
99926009,2026-05-18 09:41:37+05:30,52916.7,0,0.0,0,0.0,0.0,53282.15,53308.4,52916.7,53710.35,0,0.0,0.0,0.0,0.0,-0.01,-1,-1,-0.01,-1,-1,-0.01,-1,-1,-0.01,-1,-1,-0.01,-1,-1,-0.01,-1,-1,-0.01,-1,-1,-0.01,-1,-1,-0.01,-1,-1,-0.01,-1,-1
99926009,2026-05-18 09:41:37+05:30,52917.25,0,0.0,0,0.0,0.0,53282.15,53308.4,52916.7,53710.35,0,0.0,0.0,0.0,0.0,-0.01,-1,-1,-0.01,-1,-1,-0.01,-1,-1,-0.01,-1,-1,-0.01,-1,-1,-0.01,-1,-1,-0.01,-1,-1,-0.01,-1,-1,-0.01,-1,-1,-0.01,-1,-1
99926009,2026-05-18 09:41:38+05:30,52916.7,0,0.0,0,0.0,0.0,53282.15,53308.4,52916.7,53710.35,0,0.0,0.0,0.0,0.0,-0.01,-1,-1,-0.01,-1,-1,-0.01,-1,-1,-0.01,-1,-1,-0.01,-1,-1,-0.01,-1,-1,-0.01,-1,-1,-0.01,-1,-1,-0.01,-1,-1,-0.01,-1,-1
99926009,2026-05-18 09:41:38+05:30,52921.5,0,0.0,0,0.0,0.0,53282.15,53308.4,52916.7,53710.35,0,0.0,0.0,0.0,0.0,-0.01,-1,-1,-0.01,-1,-1,-0.01,-1,-1,-0.01,-1,-1,-0.01,-1,-1,-0.01,-1,-1,-0.01,-1,-1,-0.01,-1,-1,-0.01,-1,-1,-0.01,-1,-1
99926009,2026-05-18 09:41:39+05:30,52919.2,0,0.0,0,0.0,0.0,53282.15,53308.4,52916.7,53710.35,0,0.0,0.0,0.0,0.0,-0.01,-1,-1,-0.01,-1,-1,-0.01,-1,-1,-0.01,-1,-1,-0.01,-1,-1,-0.01,-1,-1,-0.01,-1,-1,-0.01,-1,-1,-0.01,-1,-1,-0.01,-1,-1
99926009,2026-05-18 09:41:39+05:30,52921.75,0,0.0,0,0.0,0.0,53282.15,53308.4,52916.7,53710.35,0,0.0,0.0,0.0,0.0,-0.01,-1,-1,-0.01,-1,-1,-0.01,-1,-1,-0.01,-1,-1,-0.01,-1,-1,-0.01,-1,-1,-0.01,-1,-1,-0.01,-1,-1,-0.01,-1,-1,-0.01,-1,-1
99926009,2026-05-18 09:41:40+05:30,52924.6,0,0.0,0,0.0,0.0,53282.15,53308.4,52916.7,53710.35,0,0.0,0.0,0.0,0.0,-0.01,-1,-1,-0.01,-1,-1,-0.01,-1,-1,-0.01,-1,-1,-0.01,-1,-1,-0.01,-1,-1,-0.01,-1,-1,-0.01,-1,-1,-0.01,-1,-1,-0.01,-1,-1
99926009,2026-05-18 09:41:40+05:30,52925.45,0,0.0,0,0.0,0.0,53282.15,53308.4,52916.7,53710.35,0,0.0,0.0,0.0,0.0,-0.01,-1,-1,-0.01,-1,-1,-0.01,-1,-1,-0.01,-1,-1,-0.01,-1,-1,-0.01,-1,-1,-0.01,-1,-1,-0.01,-1,-1,-0.01,-1,-1,-0.01,-1,-1
99926009,2026-05-18 09:41:41+05:30,52923.15,0,0.0,0,0.0,0.0,53282.15,53308.4,52916.7,53710.35,0,0.0,0.0,0.0,0.0,-0.01,-1,-1,-0.01,-1,-1,-0.01,-1,-1,-0.01,-1,-1,-0.01,-1,-1,-0.01,-1,-1,-0.01,-1,-1,-0.01,-1,-1,-0.01,-1,-1,-0.01,-1,-1
99926009,2026-05-18 09:41:41+05:30,52926.85,0,0.0,0,0.0,0.0,53282.15,53308.4,52916.7,53710.35,0,0.0,0.0,0.0,0.0,-0.01,-1,-1,-0.01,-1,-1,-0.01,-1,-1,-0.01,-1,-1,-0.01,-1,-1,-0.01,-1,-1,-0.01,-1,-1,-0.01,-1,-1,-0.01,-1,-1,-0.01,-1,-1
99926009,2026-05-18 09:41:42+05:30,52920.9,0,0.0,0,0.0,0.0,53282.15,53308.4,52916.7,53710.35,0,0.0,0.0,0.0,0.0,-0.01,-1,-1,-0.01,-1,-1,-0.01,-1,-1,-0.01,-1,-1,-0.01,-1,-1,-0.01,-1,-1,-0.01,-1,-1,-0.01,-1,-1,-0.01,-1,-1,-0.01,-1,-1
99926009,2026-05-18 09:41:42+05:30,52919.25,0,0.0,0,0.0,0.0,53282.15,53308.4,52916.7,53710.35,0,0.0,0.0,0.0,0.0,-0.01,-1,-1,-0.01,-1,-1,-0.01,-1,-1,-0.01,-1,-1,-0.01,-1,-1,-0.01,-1,-1,-0.01,-1,-1,-0.01,-1,-1,-0.01,-1,-1,-0.01,-1,-1
99926009,2026-05-18 09:41:43+05:30,52931.65,0,0.0,0,0.0,0.0,53282.15,53308.4,52916.7,53710.35,0,0.0,0.0,0.0,0.0,-0.01,-1,-1,-0.01,-1,-1,-0.01,-1,-1,-0.01,-1,-1,-0.01,-1,-1,-0.01,-1,-1,-0.01,-1,-1,-0.01,-1,-1,-0.01,-1,-1,-0.01,-1,-1
99926009,2026-05-18 09:41:43+05:30,52930.05,0,0.0,0,0.0,0.0,53282.15,53308.4,52916.7,53710.35,0,0.0,0.0,0.0,0.0,-0.01,-1,-1,-0.01,-1,-1,-0.01,-1,-1,-0.01,-1,-1,-0.01,-1,-1,-0.01,-1,-1,-0.01,-1,-1,-0.01,-1,-1,-0.01,-1,-1,-0.01,-1,-1
99926009,2026-05-18 09:41:44+05:30,52920.65,0,0.0,0,0.0,0.0,53282.15,53308.4,52916.7,53710.35,0,0.0,0.0,0.0,0.0,-0.01,-1,-1,-0.01,-1,-1,-0.01,-1,-1,-0.01,-1,-1,-0.01,-1,-1,-0.01,-1,-1,-0.01,-1,-1,-0.01,-1,-1,-0.01,-1,-1,-0.01,-1,-1
99926009,2026-05-18 09:41:44+05:30,52924.15,0,0.0,0,0.0,0.0,53282.15,53308.4,52916.7,53710.35,0,0.0,0.0,0.0,0.0,-0.01,-1,-1,-0.01,-1,-1,-0.01,-1,-1,-0.01,-1,-1,-0.01,-1,-1,-0.01,-1,-1,-0.01,-1,-1,-0.01,-1,-1,-0.01,-1,-1,-0.01,-1,-1
99926009,2026-05-18 09:41:45+05:30,52921.2,0,0.0,0,0.0,0.0,53282.15,53308.4,52916.7,53710.35,0,0.0,0.0,0.0,0.0,-0.01,-1,-1,-0.01,-1,-1,-0.01,-1,-1,-0.01,-1,-1,-0.01,-1,-1,-0.01,-1,-1,-0.01,-1,-1,-0.01,-1,-1,-0.01,-1,-1,-0.01,-1,-1
99926009,2026-05-18 09:41:45+05:30,52926.1,0,0.0,0,0.0,0.0,53282.15,53308.4,52916.7,53710.35,0,0.0,0.0,0.0,0.0,-0.01,-1,-1,-0.01,-1,-1,-0.01,-1,-1,-0.01,-1,-1,-0.01,-1,-1,-0.01,-1,-1,-0.01,-1,-1,-0.01,-1,-1,-0.01,-1,-1,-0.01,-1,-1
99926009,2026-05-18 09:41:46+05:30,52927.85,0,0.0,0,0.0,0.0,53282.15,53308.4,52916.7,53710.35,0,0.0,0.0,0.0,0.0,-0.01,-1,-1,-0.01,-1,-1,-0.01,-1,-1,-0.01,-1,-1,-0.01,-1,-1,-0.01,-1,-1,-0.01,-1,-1,-0.01,-1,-1,-0.01,-1,-1,-0.01,-1,-1
99926009,2026-05-18 09:41:46+05:30,52923.65,0,0.0,0,0.0,0.0,53282.15,53308.4,52916.7,53710.35,0,0.0,0.0,0.0,0.0,-0.01,-1,-1,-0.01,-1,-1,-0.01,-1,-1,-0.01,-1,-1,-0.01,-1,-1,-0.01,-1,-1,-0.01,-1,-1,-0.01,-1,-1,-0.01,-1,-1,-0.01,-1,-1
99926009,2026-05-18 09:41:47+05:30,52924.0,0,0.0,0,0.0,0.0,53282.15,53308.4,52916.7,53710.35,0,0.0,0.0,0.0,0.0,-0.01,-1,-1,-0.01,-1,-1,-0.01,-1,-1,-0.01,-1,-1,-0.01,-1,-1,-0.01,-1,-1,-0.01,-1,-1,-0.01,-1,-1,-0.01,-1,-1,-0.01,-1,-1
99926009,2026-05-18 09:41:47+05:30,52926.1,0,0.0,0,0.0,0.0,53282.15,53308.4,52916.7,53710.35,0,0.0,0.0,0.0,0.0,-0.01,-1,-1,-0.01,-1,-1,-0.01,-1,-1,-0.01,-1,-1,-0.01,-1,-1,-0.01,-1,-1,-0.01,-1,-1,-0.01,-1,-1,-0.01,-1,-1,-0.01,-1,-1
99926009,2026-05-18 09:41:48+05:30,52924.6,0,0.0,0,0.0,0.0,53282.15,53308.4,52916.7,53710.35,0,0.0,0.0,0.0,0.0,-0.01,-1,-1,-0.01,-1,-1,-0.01,-1,-1,-0.01,-1,-1,-0.01,-1,-1,-0.01,-1,-1,-0.01,-1,-1,-0.01,-1,-1,-0.01,-1,-1,-0.01,-1,-1
99926009,2026-05-18 09:41:48+05:30,52922.6,0,0.0,0,0.0,0.0,53282.15,53308.4,52916.7,53710.35,0,0.0,0.0,0.0,0.0,-0.01,-1,-1,-0.01,-1,-1,-0.01,-1,-1,-0.01,-1,-1,-0.01,-1,-1,-0.01,-1,-1,-0.01,-1,-1,-0.01,-1,-1,-0.01,-1,-1,-0.01,-1,-1
99926009,2026-05-18 09:41:49+05:30,52923.8,0,0.0,0,0.0,0.0,53282.15,53308.4,52916.7,53710.35,0,0.0,0.0,0.0,0.0,-0.01,-1,-1,-0.01,-1,-1,-0.01,-1,-1,-0.01,-1,-1,-0.01,-1,-1,-0.01,-1,-1,-0.01,-1,-1,-0.01,-1,-1,-0.01,-1,-1,-0.01,-1,-1
99926009,2026-05-18 09:41:49+05:30,52923.9,0,0.0,0,0.0,0.0,53282.15,53308.4,52916.7,53710.35,0,0.0,0.0,0.0,0.0,-0.01,-1,-1,-0.01,-1,-1,-0.01,-1,-1,-0.01,-1,-1,-0.01,-1,-1,-0.01,-1,-1,-0.01,-1,-1,-0.01,-1,-1,-0.01,-1,-1,-0.01,-1,-1
99926009,2026-05-18 09:41:50+05:30,52922.9,0,0.0,0,0.0,0.0,53282.15,53308.4,52916.7,53710.35,0,0.0,0.0,0.0,0.0,-0.01,-1,-1,-0.01,-1,-1,-0.01,-1,-1,-0.01,-1,-1,-0.01,-1,-1,-0.01,-1,-1,-0.01,-1,-1,-0.01,-1,-1,-0.01,-1,-1,-0.01,-1,-1
99926009,2026-05-18 09:41:50+05:30,52929.0,0,0.0,0,0.0,0.0,53282.15,53308.4,52916.7,53710.35,0,0.0,0.0,0.0,0.0,-0.01,-1,-1,-0.01,-1,-1,-0.01,-1,-1,-0.01,-1,-1,-0.01,-1,-1,-0.01,-1,-1,-0.01,-1,-1,-0.01,-1,-1,-0.01,-1,-1,-0.01,-1,-1
99926009,2026-05-18 09:41:51+05:30,52925.5,0,0.0,0,0.0,0.0,53282.15,53308.4,52916.7,53710.35,0,0.0,0.0,0.0,0.0,-0.01,-1,-1,-0.01,-1,-1,-0.01,-1,-1,-0.01,-1,-1,-0.01,-1,-1,-0.01,-1,-1,-0.01,-1,-1,-0.01,-1,-1,-0.01,-1,-1,-0.01,-1,-1
99926009,2026-05-18 09:41:51+05:30,52925.2,0,0.0,0,0.0,0.0,53282.15,53308.4,52916.7,53710.35,0,0.0,0.0,0.0,0.0,-0.01,-1,-1,-0.01,-1,-1,-0.01,-1,-1,-0.01,-1,-1,-0.01,-1,-1,-0.01,-1,-1,-0.01,-1,-1,-0.01,-1,-1,-0.01,-1,-1,-0.01,-1,-1
99926009,2026-05-18 09:41:52+05:30,52924.25,0,0.0,0,0.0,0.0,53282.15,53308.4,52916.7,53710.35,0,0.0,0.0,0.0,0.0,-0.01,-1,-1,-0.01,-1,-1,-0.01,-1,-1,-0.01,-1,-1,-0.01,-1,-1,-0.01,-1,-1,-0.01,-1,-1,-0.01,-1,-1,-0.01,-1,-1,-0.01,-1,-1
99926009,2026-05-18 09:41:52+05:30,52923.85,0,0.0,0,0.0,0.0,53282.15,53308.4,52916.7,53710.35,0,0.0,0.0,0.0,0.0,-0.01,-1,-1,-0.01,-1,-1,-0.01,-1,-1,-0.01,-1,-1,-0.01,-1,-1,-0.01,-1,-1,-0.01,-1,-1,-0.01,-1,-1,-0.01,-1,-1,-0.01,-1,-1
99926009,2026-05-18 09:41:53+05:30,52925.6,0,0.0,0,0.0,0.0,53282.15,53308.4,52916.7,53710.35,0,0.0,0.0,0.0,0.0,-0.01,-1,-1,-0.01,-1,-1,-0.01,-1,-1,-0.01,-1,-1,-0.01,-1,-1,-0.01,-1,-1,-0.01,-1,-1,-0.01,-1,-1,-0.01,-1,-1,-0.01,-1,-1
99926009,2026-05-18 09:41:53+05:30,52925.5,0,0.0,0,0.0,0.0,53282.15,53308.4,52916.7,53710.35,0,0.0,0.0,0.0,0.0,-0.01,-1,-1,-0.01,-1,-1,-0.01,-1,-1,-0.01,-1,-1,-0.01,-1,-1,-0.01,-1,-1,-0.01,-1,-1,-0.01,-1,-1,-0.01,-1,-1,-0.01,-1,-1
99926009,2026-05-18 09:41:54+05:30,52926.65,0,0.0,0,0.0,0.0,53282.15,53308.4,52916.7,53710.35,0,0.0,0.0,0.0,0.0,-0.01,-1,-1,-0.01,-1,-1,-0.01,-1,-1,-0.01,-1,-1,-0.01,-1,-1,-0.01,-1,-1,-0.01,-1,-1,-0.01,-1,-1,-0.01,-1,-1,-0.01,-1,-1
99926009,2026-05-18 09:41:54+05:30,52924.8,0,0.0,0,0.0,0.0,53282.15,53308.4,52916.7,53710.35,0,0.0,0.0,0.0,0.0,-0.01,-1,-1,-0.01,-1,-1,-0.01,-1,-1,-0.01,-1,-1,-0.01,-1,-1,-0.01,-1,-1,-0.01,-1,-1,-0.01,-1,-1,-0.01,-1,-1,-0.01,-1,-1
99926009,2026-05-18 09:41:55+05:30,52923.15,0,0.0,0,0.0,0.0,53282.15,53308.4,52916.7,53710.35,0,0.0,0.0,0.0,0.0,-0.01,-1,-1,-0.01,-1,-1,-0.01,-1,-1,-0.01,-1,-1,-0.01,-1,-1,-0.01,-1,-1,-0.01,-1,-1,-0.01,-1,-1,-0.01,-1,-1,-0.01,-1,-1
99926009,2026-05-18 09:41:55+05:30,52920.45,0,0.0,0,0.0,0.0,53282.15,53308.4,52916.7,53710.35,0,0.0,0.0,0.0,0.0,-0.01,-1,-1,-0.01,-1,-1,-0.01,-1,-1,-0.01,-1,-1,-0.01,-1,-1,-0.01,-1,-1,-0.01,-1,-1,-0.01,-1,-1,-0.01,-1,-1,-0.01,-1,-1
99926009,2026-05-18 09:41:56+05:30,52921.7,0,0.0,0,0.0,0.0,53282.15,53308.4,52916.7,53710.35,0,0.0,0.0,0.0,0.0,-0.01,-1,-1,-0.01,-1,-1,-0.01,-1,-1,-0.01,-1,-1,-0.01,-1,-1,-0.01,-1,-1,-0.01,-1,-1,-0.01,-1,-1,-0.01,-1,-1,-0.01,-1,-1
99926009,2026-05-18 09:41:56+05:30,52919.65,0,0.0,0,0.0,0.0,53282.15,53308.4,52916.7,53710.35,0,0.0,0.0,0.0,0.0,-0.01,-1,-1,-0.01,-1,-1,-0.01,-1,-1,-0.01,-1,-1,-0.01,-1,-1,-0.01,-1,-1,-0.01,-1,-1,-0.01,-1,-1,-0.01,-1,-1,-0.01,-1,-1
99926009,2026-05-18 09:41:57+05:30,52919.5,0,0.0,0,0.0,0.0,53282.15,53308.4,52914.9,53710.35,0,0.0,0.0,0.0,0.0,-0.01,-1,-1,-0.01,-1,-1,-0.01,-1,-1,-0.01,-1,-1,-0.01,-1,-1,-0.01,-1,-1,-0.01,-1,-1,-0.01,-1,-1,-0.01,-1,-1,-0.01,-1,-1
99926009,2026-05-18 09:41:57+05:30,52917.95,0,0.0,0,0.0,0.0,53282.15,53308.4,52914.9,53710.35,0,0.0,0.0,0.0,0.0,-0.01,-1,-1,-0.01,-1,-1,-0.01,-1,-1,-0.01,-1,-1,-0.01,-1,-1,-0.01,-1,-1,-0.01,-1,-1,-0.01,-1,-1,-0.01,-1,-1,-0.01,-1,-1
99926009,2026-05-18 09:41:58+05:30,52921.3,0,0.0,0,0.0,0.0,53282.15,53308.4,52914.9,53710.35,0,0.0,0.0,0.0,0.0,-0.01,-1,-1,-0.01,-1,-1,-0.01,-1,-1,-0.01,-1,-1,-0.01,-1,-1,-0.01,-1,-1,-0.01,-1,-1,-0.01,-1,-1,-0.01,-1,-1,-0.01,-1,-1
99926009,2026-05-18 09:41:58+05:30,52921.1,0,0.0,0,0.0,0.0,53282.15,53308.4,52914.9,53710.35,0,0.0,0.0,0.0,0.0,-0.01,-1,-1,-0.01,-1,-1,-0.01,-1,-1,-0.01,-1,-1,-0.01,-1,-1,-0.01,-1,-1,-0.01,-1,-1,-0.01,-1,-1,-0.01,-1,-1,-0.01,-1,-1
99926009,2026-05-18 09:41:59+05:30,52922.85,0,0.0,0,0.0,0.0,53282.15,53308.4,52914.9,53710.35,0,0.0,0.0,0.0,0.0,-0.01,-1,-1,-0.01,-1,-1,-0.01,-1,-1,-0.01,-1,-1,-0.01,-1,-1,-0.01,-1,-1,-0.01,-1,-1,-0.01,-1,-1,-0.01,-1,-1,-0.01,-1,-1
99926009,2026-05-18 09:41:59+05:30,52921.9,0,0.0,0,0.0,0.0,53282.15,53308.4,52914.9,53710.35,0,0.0,0.0,0.0,0.0,-0.01,-1,-1,-0.01,-1,-1,-0.01,-1,-1,-0.01,-1,-1,-0.01,-1,-1,-0.01,-1,-1,-0.01,-1,-1,-0.01,-1,-1,-0.01,-1,-1,-0.01,-1,-1
99926009,2026-05-18 09:42:00+05:30,52922.8,0,0.0,0,0.0,0.0,53282.15,53308.4,52914.9,53710.35,0,0.0,0.0,0.0,0.0,-0.01,-1,-1,-0.01,-1,-1,-0.01,-1,-1,-0.01,-1,-1,-0.01,-1,-1,-0.01,-1,-1,-0.01,-1,-1,-0.01,-1,-1,-0.01,-1,-1,-0.01,-1,-1
99926009,2026-05-18 09:42:00+05:30,52922.85,0,0.0,0,0.0,0.0,53282.15,53308.4,52914.9,53710.35,0,0.0,0.0,0.0,0.0,-0.01,-1,-1,-0.01,-1,-1,-0.01,-1,-1,-0.01,-1,-1,-0.01,-1,-1,-0.01,-1,-1,-0.01,-1,-1,-0.01,-1,-1,-0.01,-1,-1,-0.01,-1,-1
99926009,2026-05-18 09:42:01+05:30,52925.95,0,0.0,0,0.0,0.0,53282.15,53308.4,52914.9,53710.35,0,0.0,0.0,0.0,0.0,-0.01,-1,-1,-0.01,-1,-1,-0.01,-1,-1,-0.01,-1,-1,-0.01,-1,-1,-0.01,-1,-1,-0.01,-1,-1,-0.01,-1,-1,-0.01,-1,-1,-0.01,-1,-1
99926009,2026-05-18 09:42:01+05:30,52924.65,0,0.0,0,0.0,0.0,53282.15,53308.4,52914.9,53710.35,0,0.0,0.0,0.0,0.0,-0.01,-1,-1,-0.01,-1,-1,-0.01,-1,-1,-0.01,-1,-1,-0.01,-1,-1,-0.01,-1,-1,-0.01,-1,-1,-0.01,-1,-1,-0.01,-1,-1,-0.01,-1,-1
99926009,2026-05-18 09:42:02+05:30,52924.15,0,0.0,0,0.0,0.0,53282.15,53308.4,52914.9,53710.35,0,0.0,0.0,0.0,0.0,-0.01,-1,-1,-0.01,-1,-1,-0.01,-1,-1,-0.01,-1,-1,-0.01,-1,-1,-0.01,-1,-1,-0.01,-1,-1,-0.01,-1,-1,-0.01,-1,-1,-0.01,-1,-1
99926009,2026-05-18 09:42:02+05:30,52924.0,0,0.0,0,0.0,0.0,53282.15,53308.4,52914.9,53710.35,0,0.0,0.0,0.0,0.0,-0.01,-1,-1,-0.01,-1,-1,-0.01,-1,-1,-0.01,-1,-1,-0.01,-1,-1,-0.01,-1,-1,-0.01,-1,-1,-0.01,-1,-1,-0.01,-1,-1,-0.01,-1,-1
99926009,2026-05-18 09:42:03+05:30,52921.55,0,0.0,0,0.0,0.0,53282.15,53308.4,52914.9,53710.35,0,0.0,0.0,0.0,0.0,-0.01,-1,-1,-0.01,-1,-1,-0.01,-1,-1,-0.01,-1,-1,-0.01,-1,-1,-0.01,-1,-1,-0.01,-1,-1,-0.01,-1,-1,-0.01,-1,-1,-0.01,-1,-1
99926009,2026-05-18 09:42:03+05:30,52925.0,0,0.0,0,0.0,0.0,53282.15,53308.4,52914.9,53710.35,0,0.0,0.0,0.0,0.0,-0.01,-1,-1,-0.01,-1,-1,-0.01,-1,-1,-0.01,-1,-1,-0.01,-1,-1,-0.01,-1,-1,-0.01,-1,-1,-0.01,-1,-1,-0.01,-1,-1,-0.01,-1,-1
99926009,2026-05-18 09:42:04+05:30,52920.55,0,0.0,0,0.0,0.0,53282.15,53308.4,52914.9,53710.35,0,0.0,0.0,0.0,0.0,-0.01,-1,-1,-0.01,-1,-1,-0.01,-1,-1,-0.01,-1,-1,-0.01,-1,-1,-0.01,-1,-1,-0.01,-1,-1,-0.01,-1,-1,-0.01,-1,-1,-0.01,-1,-1
99926009,2026-05-18 09:42:04+05:30,52921.55,0,0.0,0,0.0,0.0,53282.15,53308.4,52914.9,53710.35,0,0.0,0.0,0.0,0.0,-0.01,-1,-1,-0.01,-1,-1,-0.01,-1,-1,-0.01,-1,-1,-0.01,-1,-1,-0.01,-1,-1,-0.01,-1,-1,-0.01,-1,-1,-0.01,-1,-1,-0.01,-1,-1
99926009,2026-05-18 09:42:05+05:30,52923.6,0,0.0,0,0.0,0.0,53282.15,53308.4,52914.9,53710.35,0,0.0,0.0,0.0,0.0,-0.01,-1,-1,-0.01,-1,-1,-0.01,-1,-1,-0.01,-1,-1,-0.01,-1,-1,-0.01,-1,-1,-0.01,-1,-1,-0.01,-1,-1,-0.01,-1,-1,-0.01,-1,-1
99926009,2026-05-18 09:42:05+05:30,52922.85,0,0.0,0,0.0,0.0,53282.15,53308.4,52914.9,53710.35,0,0.0,0.0,0.0,0.0,-0.01,-1,-1,-0.01,-1,-1,-0.01,-1,-1,-0.01,-1,-1,-0.01,-1,-1,-0.01,-1,-1,-0.01,-1,-1,-0.01,-1,-1,-0.01,-1,-1,-0.01,-1,-1
99926009,2026-05-18 09:42:06+05:30,52913.45,0,0.0,0,0.0,0.0,53282.15,53308.4,52913.45,53710.35,0,0.0,0.0,0.0,0.0,-0.01,-1,-1,-0.01,-1,-1,-0.01,-1,-1,-0.01,-1,-1,-0.01,-1,-1,-0.01,-1,-1,-0.01,-1,-1,-0.01,-1,-1,-0.01,-1,-1,-0.01,-1,-1
99926009,2026-05-18 09:42:06+05:30,52922.2,0,0.0,0,0.0,0.0,53282.15,53308.4,52913.45,53710.35,0,0.0,0.0,0.0,0.0,-0.01,-1,-1,-0.01,-1,-1,-0.01,-1,-1,-0.01,-1,-1,-0.01,-1,-1,-0.01,-1,-1,-0.01,-1,-1,-0.01,-1,-1,-0.01,-1,-1,-0.01,-1,-1
99926009,2026-05-18 09:42:07+05:30,52918.35,0,0.0,0,0.0,0.0,53282.15,53308.4,52913.45,53710.35,0,0.0,0.0,0.0,0.0,-0.01,-1,-1,-0.01,-1,-1,-0.01,-1,-1,-0.01,-1,-1,-0.01,-1,-1,-0.01,-1,-1,-0.01,-1,-1,-0.01,-1,-1,-0.01,-1,-1,-0.01,-1,-1
99926009,2026-05-18 09:42:07+05:30,52921.9,0,0.0,0,0.0,0.0,53282.15,53308.4,52913.45,53710.35,0,0.0,0.0,0.0,0.0,-0.01,-1,-1,-0.01,-1,-1,-0.01,-1,-1,-0.01,-1,-1,-0.01,-1,-1,-0.01,-1,-1,-0.01,-1,-1,-0.01,-1,-1,-0.01,-1,-1,-0.01,-1,-1
99926009,2026-05-18 09:42:08+05:30,52919.3,0,0.0,0,0.0,0.0,53282.15,53308.4,52913.45,53710.35,0,0.0,0.0,0.0,0.0,-0.01,-1,-1,-0.01,-1,-1,-0.01,-1,-1,-0.01,-1,-1,-0.01,-1,-1,-0.01,-1,-1,-0.01,-1,-1,-0.01,-1,-1,-0.01,-1,-1,-0.01,-1,-1
99926009,2026-05-18 09:42:08+05:30,52919.3,0,0.0,0,0.0,0.0,53282.15,53308.4,52913.45,53710.35,0,0.0,0.0,0.0,0.0,-0.01,-1,-1,-0.01,-1,-1,-0.01,-1,-1,-0.01,-1,-1,-0.01,-1,-1,-0.01,-1,-1,-0.01,-1,-1,-0.01,-1,-1,-0.01,-1,-1,-0.01,-1,-1
99926009,2026-05-18 09:42:09+05:30,52923.55,0,0.0,0,0.0,0.0,53282.15,53308.4,52913.45,53710.35,0,0.0,0.0,0.0,0.0,-0.01,-1,-1,-0.01,-1,-1,-0.01,-1,-1,-0.01,-1,-1,-0.01,-1,-1,-0.01,-1,-1,-0.01,-1,-1,-0.01,-1,-1,-0.01,-1,-1,-0.01,-1,-1
99926009,2026-05-18 09:42:09+05:30,52923.4,0,0.0,0,0.0,0.0,53282.15,53308.4,52913.45,53710.35,0,0.0,0.0,0.0,0.0,-0.01,-1,-1,-0.01,-1,-1,-0.01,-1,-1,-0.01,-1,-1,-0.01,-1,-1,-0.01,-1,-1,-0.01,-1,-1,-0.01,-1,-1,-0.01,-1,-1,-0.01,-1,-1
99926009,2026-05-18 09:42:10+05:30,52919.25,0,0.0,0,0.0,0.0,53282.15,53308.4,52913.45,53710.35,0,0.0,0.0,0.0,0.0,-0.01,-1,-1,-0.01,-1,-1,-0.01,-1,-1,-0.01,-1,-1,-0.01,-1,-1,-0.01,-1,-1,-0.01,-1,-1,-0.01,-1,-1,-0.01,-1,-1,-0.01,-1,-1
99926009,2026-05-18 09:42:10+05:30,52924.0,0,0.0,0,0.0,0.0,53282.15,53308.4,52913.45,53710.35,0,0.0,0.0,0.0,0.0,-0.01,-1,-1,-0.01,-1,-1,-0.01,-1,-1,-0.01,-1,-1,-0.01,-1,-1,-0.01,-1,-1,-0.01,-1,-1,-0.01,-1,-1,-0.01,-1,-1,-0.01,-1,-1
99926009,2026-05-18 09:42:11+05:30,52922.85,0,0.0,0,0.0,0.0,53282.15,53308.4,52913.45,53710.35,0,0.0,0.0,0.0,0.0,-0.01,-1,-1,-0.01,-1,-1,-0.01,-1,-1,-0.01,-1,-1,-0.01,-1,-1,-0.01,-1,-1,-0.01,-1,-1,-0.01,-1,-1,-0.01,-1,-1,-0.01,-1,-1
99926009,2026-05-18 09:42:11+05:30,52923.95,0,0.0,0,0.0,0.0,53282.15,53308.4,52913.45,53710.35,0,0.0,0.0,0.0,0.0,-0.01,-1,-1,-0.01,-1,-1,-0.01,-1,-1,-0.01,-1,-1,-0.01,-1,-1,-0.01,-1,-1,-0.01,-1,-1,-0.01,-1,-1,-0.01,-1,-1,-0.01,-1,-1
99926009,2026-05-18 09:42:12+05:30,52922.4,0,0.0,0,0.0,0.0,53282.15,53308.4,52913.45,53710.35,0,0.0,0.0,0.0,0.0,-0.01,-1,-1,-0.01,-1,-1,-0.01,-1,-1,-0.01,-1,-1,-0.01,-1,-1,-0.01,-1,-1,-0.01,-1,-1,-0.01,-1,-1,-0.01,-1,-1,-0.01,-1,-1
99926009,2026-05-18 09:42:12+05:30,52917.45,0,0.0,0,0.0,0.0,53282.15,53308.4,52913.45,53710.35,0,0.0,0.0,0.0,0.0,-0.01,-1,-1,-0.01,-1,-1,-0.01,-1,-1,-0.01,-1,-1,-0.01,-1,-1,-0.01,-1,-1,-0.01,-1,-1,-0.01,-1,-1,-0.01,-1,-1,-0.01,-1,-1
99926009,2026-05-18 09:42:13+05:30,52914.75,0,0.0,0,0.0,0.0,53282.15,53308.4,52913.45,53710.35,0,0.0,0.0,0.0,0.0,-0.01,-1,-1,-0.01,-1,-1,-0.01,-1,-1,-0.01,-1,-1,-0.01,-1,-1,-0.01,-1,-1,-0.01,-1,-1,-0.01,-1,-1,-0.01,-1,-1,-0.01,-1,-1
99926009,2026-05-18 09:42:13+05:30,52915.1,0,0.0,0,0.0,0.0,53282.15,53308.4,52913.45,53710.35,0,0.0,0.0,0.0,0.0,-0.01,-1,-1,-0.01,-1,-1,-0.01,-1,-1,-0.01,-1,-1,-0.01,-1,-1,-0.01,-1,-1,-0.01,-1,-1,-0.01,-1,-1,-0.01,-1,-1,-0.01,-1,-1
99926009,2026-05-18 09:42:14+05:30,52916.7,0,0.0,0,0.0,0.0,53282.15,53308.4,52913.45,53710.35,0,0.0,0.0,0.0,0.0,-0.01,-1,-1,-0.01,-1,-1,-0.01,-1,-1,-0.01,-1,-1,-0.01,-1,-1,-0.01,-1,-1,-0.01,-1,-1,-0.01,-1,-1,-0.01,-1,-1,-0.01,-1,-1
99926009,2026-05-18 09:42:14+05:30,52915.45,0,0.0,0,0.0,0.0,53282.15,53308.4,52913.45,53710.35,0,0.0,0.0,0.0,0.0,-0.01,-1,-1,-0.01,-1,-1,-0.01,-1,-1,-0.01,-1,-1,-0.01,-1,-1,-0.01,-1,-1,-0.01,-1,-1,-0.01,-1,-1,-0.01,-1,-1,-0.01,-1,-1
99926009,2026-05-18 09:42:15+05:30,52919.8,0,0.0,0,0.0,0.0,53282.15,53308.4,52913.45,53710.35,0,0.0,0.0,0.0,0.0,-0.01,-1,-1,-0.01,-1,-1,-0.01,-1,-1,-0.01,-1,-1,-0.01,-1,-1,-0.01,-1,-1,-0.01,-1,-1,-0.01,-1,-1,-0.01,-1,-1,-0.01,-1,-1
99926009,2026-05-18 09:42:15+05:30,52920.45,0,0.0,0,0.0,0.0,53282.15,53308.4,52913.45,53710.35,0,0.0,0.0,0.0,0.0,-0.01,-1,-1,-0.01,-1,-1,-0.01,-1,-1,-0.01,-1,-1,-0.01,-1,-1,-0.01,-1,-1,-0.01,-1,-1,-0.01,-1,-1,-0.01,-1,-1,-0.01,-1,-1
99926009,2026-05-18 09:42:16+05:30,52915.6,0,0.0,0,0.0,0.0,53282.15,53308.4,52913.45,53710.35,0,0.0,0.0,0.0,0.0,-0.01,-1,-1,-0.01,-1,-1,-0.01,-1,-1,-0.01,-1,-1,-0.01,-1,-1,-0.01,-1,-1,-0.01,-1,-1,-0.01,-1,-1,-0.01,-1,-1,-0.01,-1,-1
99926009,2026-05-18 09:42:16+05:30,52914.8,0,0.0,0,0.0,0.0,53282.15,53308.4,52913.45,53710.35,0,0.0,0.0,0.0,0.0,-0.01,-1,-1,-0.01,-1,-1,-0.01,-1,-1,-0.01,-1,-1,-0.01,-1,-1,-0.01,-1,-1,-0.01,-1,-1,-0.01,-1,-1,-0.01,-1,-1,-0.01,-1,-1
99926009,2026-05-18 09:42:17+05:30,52916.95,0,0.0,0,0.0,0.0,53282.15,53308.4,52913.0,53710.35,0,0.0,0.0,0.0,0.0,-0.01,-1,-1,-0.01,-1,-1,-0.01,-1,-1,-0.01,-1,-1,-0.01,-1,-1,-0.01,-1,-1,-0.01,-1,-1,-0.01,-1,-1,-0.01,-1,-1,-0.01,-1,-1
99926009,2026-05-18 09:42:17+05:30,52913.25,0,0.0,0,0.0,0.0,53282.15,53308.4,52913.0,53710.35,0,0.0,0.0,0.0,0.0,-0.01,-1,-1,-0.01,-1,-1,-0.01,-1,-1,-0.01,-1,-1,-0.01,-1,-1,-0.01,-1,-1,-0.01,-1,-1,-0.01,-1,-1,-0.01,-1,-1,-0.01,-1,-1
99926009,2026-05-18 09:42:18+05:30,52913.7,0,0.0,0,0.0,0.0,53282.15,53308.4,52909.1,53710.35,0,0.0,0.0,0.0,0.0,-0.01,-1,-1,-0.01,-1,-1,-0.01,-1,-1,-0.01,-1,-1,-0.01,-1,-1,-0.01,-1,-1,-0.01,-1,-1,-0.01,-1,-1,-0.01,-1,-1,-0.01,-1,-1
99926009,2026-05-18 09:42:18+05:30,52916.35,0,0.0,0,0.0,0.0,53282.15,53308.4,52909.1,53710.35,0,0.0,0.0,0.0,0.0,-0.01,-1,-1,-0.01,-1,-1,-0.01,-1,-1,-0.01,-1,-1,-0.01,-1,-1,-0.01,-1,-1,-0.01,-1,-1,-0.01,-1,-1,-0.01,-1,-1,-0.01,-1,-1
99926009,2026-05-18 09:42:19+05:30,52917.85,0,0.0,0,0.0,0.0,53282.15,53308.4,52909.1,53710.35,0,0.0,0.0,0.0,0.0,-0.01,-1,-1,-0.01,-1,-1,-0.01,-1,-1,-0.01,-1,-1,-0.01,-1,-1,-0.01,-1,-1,-0.01,-1,-1,-0.01,-1,-1,-0.01,-1,-1,-0.01,-1,-1
99926009,2026-05-18 09:42:19+05:30,52918.9,0,0.0,0,0.0,0.0,53282.15,53308.4,52909.1,53710.35,0,0.0,0.0,0.0,0.0,-0.01,-1,-1,-0.01,-1,-1,-0.01,-1,-1,-0.01,-1,-1,-0.01,-1,-1,-0.01,-1,-1,-0.01,-1,-1,-0.01,-1,-1,-0.01,-1,-1,-0.01,-1,-1
99926009,2026-05-18 09:42:20+05:30,52920.4,0,0.0,0,0.0,0.0,53282.15,53308.4,52909.1,53710.35,0,0.0,0.0,0.0,0.0,-0.01,-1,-1,-0.01,-1,-1,-0.01,-1,-1,-0.01,-1,-1,-0.01,-1,-1,-0.01,-1,-1,-0.01,-1,-1,-0.01,-1,-1,-0.01,-1,-1,-0.01,-1,-1
99926009,2026-05-18 09:42:20+05:30,52921.8,0,0.0,0,0.0,0.0,53282.15,53308.4,52909.1,53710.35,0,0.0,0.0,0.0,0.0,-0.01,-1,-1,-0.01,-1,-1,-0.01,-1,-1,-0.01,-1,-1,-0.01,-1,-1,-0.01,-1,-1,-0.01,-1,-1,-0.01,-1,-1,-0.01,-1,-1,-0.01,-1,-1
99926009,2026-05-18 09:42:21+05:30,52919.8,0,0.0,0,0.0,0.0,53282.15,53308.4,52909.1,53710.35,0,0.0,0.0,0.0,0.0,-0.01,-1,-1,-0.01,-1,-1,-0.01,-1,-1,-0.01,-1,-1,-0.01,-1,-1,-0.01,-1,-1,-0.01,-1,-1,-0.01,-1,-1,-0.01,-1,-1,-0.01,-1,-1
99926009,2026-05-18 09:42:21+05:30,52919.45,0,0.0,0,0.0,0.0,53282.15,53308.4,52909.1,53710.35,0,0.0,0.0,0.0,0.0,-0.01,-1,-1,-0.01,-1,-1,-0.01,-1,-1,-0.01,-1,-1,-0.01,-1,-1,-0.01,-1,-1,-0.01,-1,-1,-0.01,-1,-1,-0.01,-1,-1,-0.01,-1,-1
99926009,2026-05-18 09:42:22+05:30,52917.2,0,0.0,0,0.0,0.0,53282.15,53308.4,52909.1,53710.35,0,0.0,0.0,0.0,0.0,-0.01,-1,-1,-0.01,-1,-1,-0.01,-1,-1,-0.01,-1,-1,-0.01,-1,-1,-0.01,-1,-1,-0.01,-1,-1,-0.01,-1,-1,-0.01,-1,-1,-0.01,-1,-1
99926009,2026-05-18 09:42:22+05:30,52916.95,0,0.0,0,0.0,0.0,53282.15,53308.4,52909.1,53710.35,0,0.0,0.0,0.0,0.0,-0.01,-1,-1,-0.01,-1,-1,-0.01,-1,-1,-0.01,-1,-1,-0.01,-1,-1,-0.01,-1,-1,-0.01,-1,-1,-0.01,-1,-1,-0.01,-1,-1,-0.01,-1,-1
99926009,2026-05-18 09:42:23+05:30,52914.1,0,0.0,0,0.0,0.0,53282.15,53308.4,52909.1,53710.35,0,0.0,0.0,0.0,0.0,-0.01,-1,-1,-0.01,-1,-1,-0.01,-1,-1,-0.01,-1,-1,-0.01,-1,-1,-0.01,-1,-1,-0.01,-1,-1,-0.01,-1,-1,-0.01,-1,-1,-0.01,-1,-1
99926009,2026-05-18 09:42:23+05:30,52916.5,0,0.0,0,0.0,0.0,53282.15,53308.4,52909.1,53710.35,0,0.0,0.0,0.0,0.0,-0.01,-1,-1,-0.01,-1,-1,-0.01,-1,-1,-0.01,-1,-1,-0.01,-1,-1,-0.01,-1,-1,-0.01,-1,-1,-0.01,-1,-1,-0.01,-1,-1,-0.01,-1,-1
99926009,2026-05-18 09:42:24+05:30,52918.0,0,0.0,0,0.0,0.0,53282.15,53308.4,52909.1,53710.35,0,0.0,0.0,0.0,0.0,-0.01,-1,-1,-0.01,-1,-1,-0.01,-1,-1,-0.01,-1,-1,-0.01,-1,-1,-0.01,-1,-1,-0.01,-1,-1,-0.01,-1,-1,-0.01,-1,-1,-0.01,-1,-1
99926009,2026-05-18 09:42:24+05:30,52917.3,0,0.0,0,0.0,0.0,53282.15,53308.4,52909.1,53710.35,0,0.0,0.0,0.0,0.0,-0.01,-1,-1,-0.01,-1,-1,-0.01,-1,-1,-0.01,-1,-1,-0.01,-1,-1,-0.01,-1,-1,-0.01,-1,-1,-0.01,-1,-1,-0.01,-1,-1,-0.01,-1,-1
99926009,2026-05-18 09:42:25+05:30,52918.9,0,0.0,0,0.0,0.0,53282.15,53308.4,52909.1,53710.35,0,0.0,0.0,0.0,0.0,-0.01,-1,-1,-0.01,-1,-1,-0.01,-1,-1,-0.01,-1,-1,-0.01,-1,-1,-0.01,-1,-1,-0.01,-1,-1,-0.01,-1,-1,-0.01,-1,-1,-0.01,-1,-1
99926009,2026-05-18 09:42:25+05:30,52915.2,0,0.0,0,0.0,0.0,53282.15,53308.4,52909.1,53710.35,0,0.0,0.0,0.0,0.0,-0.01,-1,-1,-0.01,-1,-1,-0.01,-1,-1,-0.01,-1,-1,-0.01,-1,-1,-0.01,-1,-1,-0.01,-1,-1,-0.01,-1,-1,-0.01,-1,-1,-0.01,-1,-1
99926009,2026-05-18 09:42:26+05:30,52914.8,0,0.0,0,0.0,0.0,53282.15,53308.4,52909.1,53710.35,0,0.0,0.0,0.0,0.0,-0.01,-1,-1,-0.01,-1,-1,-0.01,-1,-1,-0.01,-1,-1,-0.01,-1,-1,-0.01,-1,-1,-0.01,-1,-1,-0.01,-1,-1,-0.01,-1,-1,-0.01,-1,-1
99926009,2026-05-18 09:42:26+05:30,52916.1,0,0.0,0,0.0,0.0,53282.15,53308.4,52909.1,53710.35,0,0.0,0.0,0.0,0.0,-0.01,-1,-1,-0.01,-1,-1,-0.01,-1,-1,-0.01,-1,-1,-0.01,-1,-1,-0.01,-1,-1,-0.01,-1,-1,-0.01,-1,-1,-0.01,-1,-1,-0.01,-1,-1
99926009,2026-05-18 09:42:27+05:30,52915.25,0,0.0,0,0.0,0.0,53282.15,53308.4,52909.1,53710.35,0,0.0,0.0,0.0,0.0,-0.01,-1,-1,-0.01,-1,-1,-0.01,-1,-1,-0.01,-1,-1,-0.01,-1,-1,-0.01,-1,-1,-0.01,-1,-1,-0.01,-1,-1,-0.01,-1,-1,-0.01,-1,-1
99926009,2026-05-18 09:42:27+05:30,52916.2,0,0.0,0,0.0,0.0,53282.15,53308.4,52909.1,53710.35,0,0.0,0.0,0.0,0.0,-0.01,-1,-1,-0.01,-1,-1,-0.01,-1,-1,-0.01,-1,-1,-0.01,-1,-1,-0.01,-1,-1,-0.01,-1,-1,-0.01,-1,-1,-0.01,-1,-1,-0.01,-1,-1
99926009,2026-05-18 09:42:28+05:30,52913.85,0,0.0,0,0.0,0.0,53282.15,53308.4,52909.1,53710.35,0,0.0,0.0,0.0,0.0,-0.01,-1,-1,-0.01,-1,-1,-0.01,-1,-1,-0.01,-1,-1,-0.01,-1,-1,-0.01,-1,-1,-0.01,-1,-1,-0.01,-1,-1,-0.01,-1,-1,-0.01,-1,-1
99926009,2026-05-18 09:42:28+05:30,52915.8,0,0.0,0,0.0,0.0,53282.15,53308.4,52909.1,53710.35,0,0.0,0.0,0.0,0.0,-0.01,-1,-1,-0.01,-1,-1,-0.01,-1,-1,-0.01,-1,-1,-0.01,-1,-1,-0.01,-1,-1,-0.01,-1,-1,-0.01,-1,-1,-0.01,-1,-1,-0.01,-1,-1
99926009,2026-05-18 09:42:29+05:30,52915.4,0,0.0,0,0.0,0.0,53282.15,53308.4,52909.1,53710.35,0,0.0,0.0,0.0,0.0,-0.01,-1,-1,-0.01,-1,-1,-0.01,-1,-1,-0.01,-1,-1,-0.01,-1,-1,-0.01,-1,-1,-0.01,-1,-1,-0.01,-1,-1,-0.01,-1,-1,-0.01,-1,-1
99926009,2026-05-18 09:42:29+05:30,52917.9,0,0.0,0,0.0,0.0,53282.15,53308.4,52909.1,53710.35,0,0.0,0.0,0.0,0.0,-0.01,-1,-1,-0.01,-1,-1,-0.01,-1,-1,-0.01,-1,-1,-0.01,-1,-1,-0.01,-1,-1,-0.01,-1,-1,-0.01,-1,-1,-0.01,-1,-1,-0.01,-1,-1
99926009,2026-05-18 09:42:30+05:30,52919.5,0,0.0,0,0.0,0.0,53282.15,53308.4,52909.1,53710.35,0,0.0,0.0,0.0,0.0,-0.01,-1,-1,-0.01,-1,-1,-0.01,-1,-1,-0.01,-1,-1,-0.01,-1,-1,-0.01,-1,-1,-0.01,-1,-1,-0.01,-1,-1,-0.01,-1,-1,-0.01,-1,-1
99926009,2026-05-18 09:42:30+05:30,52923.85,0,0.0,0,0.0,0.0,53282.15,53308.4,52909.1,53710.35,0,0.0,0.0,0.0,0.0,-0.01,-1,-1,-0.01,-1,-1,-0.01,-1,-1,-0.01,-1,-1,-0.01,-1,-1,-0.01,-1,-1,-0.01,-1,-1,-0.01,-1,-1,-0.01,-1,-1,-0.01,-1,-1
99926009,2026-05-18 09:42:31+05:30,52925.45,0,0.0,0,0.0,0.0,53282.15,53308.4,52909.1,53710.35,0,0.0,0.0,0.0,0.0,-0.01,-1,-1,-0.01,-1,-1,-0.01,-1,-1,-0.01,-1,-1,-0.01,-1,-1,-0.01,-1,-1,-0.01,-1,-1,-0.01,-1,-1,-0.01,-1,-1,-0.01,-1,-1
99926009,2026-05-18 09:42:31+05:30,52932.85,0,0.0,0,0.0,0.0,53282.15,53308.4,52909.1,53710.35,0,0.0,0.0,0.0,0.0,-0.01,-1,-1,-0.01,-1,-1,-0.01,-1,-1,-0.01,-1,-1,-0.01,-1,-1,-0.01,-1,-1,-0.01,-1,-1,-0.01,-1,-1,-0.01,-1,-1,-0.01,-1,-1
99926009,2026-05-18 09:42:32+05:30,52925.85,0,0.0,0,0.0,0.0,53282.15,53308.4,52909.1,53710.35,0,0.0,0.0,0.0,0.0,-0.01,-1,-1,-0.01,-1,-1,-0.01,-1,-1,-0.01,-1,-1,-0.01,-1,-1,-0.01,-1,-1,-0.01,-1,-1,-0.01,-1,-1,-0.01,-1,-1,-0.01,-1,-1
99926009,2026-05-18 09:42:32+05:30,52930.45,0,0.0,0,0.0,0.0,53282.15,53308.4,52909.1,53710.35,0,0.0,0.0,0.0,0.0,-0.01,-1,-1,-0.01,-1,-1,-0.01,-1,-1,-0.01,-1,-1,-0.01,-1,-1,-0.01,-1,-1,-0.01,-1,-1,-0.01,-1,-1,-0.01,-1,-1,-0.01,-1,-1
99926009,2026-05-18 09:42:33+05:30,52928.4,0,0.0,0,0.0,0.0,53282.15,53308.4,52909.1,53710.35,0,0.0,0.0,0.0,0.0,-0.01,-1,-1,-0.01,-1,-1,-0.01,-1,-1,-0.01,-1,-1,-0.01,-1,-1,-0.01,-1,-1,-0.01,-1,-1,-0.01,-1,-1,-0.01,-1,-1,-0.01,-1,-1
99926009,2026-05-18 09:42:33+05:30,52930.35,0,0.0,0,0.0,0.0,53282.15,53308.4,52909.1,53710.35,0,0.0,0.0,0.0,0.0,-0.01,-1,-1,-0.01,-1,-1,-0.01,-1,-1,-0.01,-1,-1,-0.01,-1,-1,-0.01,-1,-1,-0.01,-1,-1,-0.01,-1,-1,-0.01,-1,-1,-0.01,-1,-1
99926009,2026-05-18 09:42:34+05:30,52925.95,0,0.0,0,0.0,0.0,53282.15,53308.4,52909.1,53710.35,0,0.0,0.0,0.0,0.0,-0.01,-1,-1,-0.01,-1,-1,-0.01,-1,-1,-0.01,-1,-1,-0.01,-1,-1,-0.01,-1,-1,-0.01,-1,-1,-0.01,-1,-1,-0.01,-1,-1,-0.01,-1,-1
99926009,2026-05-18 09:42:34+05:30,52926.6,0,0.0,0,0.0,0.0,53282.15,53308.4,52909.1,53710.35,0,0.0,0.0,0.0,0.0,-0.01,-1,-1,-0.01,-1,-1,-0.01,-1,-1,-0.01,-1,-1,-0.01,-1,-1,-0.01,-1,-1,-0.01,-1,-1,-0.01,-1,-1,-0.01,-1,-1,-0.01,-1,-1
99926009,2026-05-18 09:42:35+05:30,52929.25,0,0.0,0,0.0,0.0,53282.15,53308.4,52909.1,53710.35,0,0.0,0.0,0.0,0.0,-0.01,-1,-1,-0.01,-1,-1,-0.01,-1,-1,-0.01,-1,-1,-0.01,-1,-1,-0.01,-1,-1,-0.01,-1,-1,-0.01,-1,-1,-0.01,-1,-1,-0.01,-1,-1
99926009,2026-05-18 09:42:35+05:30,52929.8,0,0.0,0,0.0,0.0,53282.15,53308.4,52909.1,53710.35,0,0.0,0.0,0.0,0.0,-0.01,-1,-1,-0.01,-1,-1,-0.01,-1,-1,-0.01,-1,-1,-0.01,-1,-1,-0.01,-1,-1,-0.01,-1,-1,-0.01,-1,-1,-0.01,-1,-1,-0.01,-1,-1
99926009,2026-05-18 09:42:36+05:30,52927.25,0,0.0,0,0.0,0.0,53282.15,53308.4,52909.1,53710.35,0,0.0,0.0,0.0,0.0,-0.01,-1,-1,-0.01,-1,-1,-0.01,-1,-1,-0.01,-1,-1,-0.01,-1,-1,-0.01,-1,-1,-0.01,-1,-1,-0.01,-1,-1,-0.01,-1,-1,-0.01,-1,-1
99926009,2026-05-18 09:42:36+05:30,52930.35,0,0.0,0,0.0,0.0,53282.15,53308.4,52909.1,53710.35,0,0.0,0.0,0.0,0.0,-0.01,-1,-1,-0.01,-1,-1,-0.01,-1,-1,-0.01,-1,-1,-0.01,-1,-1,-0.01,-1,-1,-0.01,-1,-1,-0.01,-1,-1,-0.01,-1,-1,-0.01,-1,-1
99926009,2026-05-18 09:42:37+05:30,52936.0,0,0.0,0,0.0,0.0,53282.15,53308.4,52909.1,53710.35,0,0.0,0.0,0.0,0.0,-0.01,-1,-1,-0.01,-1,-1,-0.01,-1,-1,-0.01,-1,-1,-0.01,-1,-1,-0.01,-1,-1,-0.01,-1,-1,-0.01,-1,-1,-0.01,-1,-1,-0.01,-1,-1
99926009,2026-05-18 09:42:37+05:30,52935.75,0,0.0,0,0.0,0.0,53282.15,53308.4,52909.1,53710.35,0,0.0,0.0,0.0,0.0,-0.01,-1,-1,-0.01,-1,-1,-0.01,-1,-1,-0.01,-1,-1,-0.01,-1,-1,-0.01,-1,-1,-0.01,-1,-1,-0.01,-1,-1,-0.01,-1,-1,-0.01,-1,-1
99926009,2026-05-18 09:42:38+05:30,52934.85,0,0.0,0,0.0,0.0,53282.15,53308.4,52909.1,53710.35,0,0.0,0.0,0.0,0.0,-0.01,-1,-1,-0.01,-1,-1,-0.01,-1,-1,-0.01,-1,-1,-0.01,-1,-1,-0.01,-1,-1,-0.01,-1,-1,-0.01,-1,-1,-0.01,-1,-1,-0.01,-1,-1
99926009,2026-05-18 09:42:38+05:30,52937.2,0,0.0,0,0.0,0.0,53282.15,53308.4,52909.1,53710.35,0,0.0,0.0,0.0,0.0,-0.01,-1,-1,-0.01,-1,-1,-0.01,-1,-1,-0.01,-1,-1,-0.01,-1,-1,-0.01,-1,-1,-0.01,-1,-1,-0.01,-1,-1,-0.01,-1,-1,-0.01,-1,-1
99926009,2026-05-18 09:42:39+05:30,52939.7,0,0.0,0,0.0,0.0,53282.15,53308.4,52909.1,53710.35,0,0.0,0.0,0.0,0.0,-0.01,-1,-1,-0.01,-1,-1,-0.01,-1,-1,-0.01,-1,-1,-0.01,-1,-1,-0.01,-1,-1,-0.01,-1,-1,-0.01,-1,-1,-0.01,-1,-1,-0.01,-1,-1
99926009,2026-05-18 09:42:39+05:30,52939.4,0,0.0,0,0.0,0.0,53282.15,53308.4,52909.1,53710.35,0,0.0,0.0,0.0,0.0,-0.01,-1,-1,-0.01,-1,-1,-0.01,-1,-1,-0.01,-1,-1,-0.01,-1,-1,-0.01,-1,-1,-0.01,-1,-1,-0.01,-1,-1,-0.01,-1,-1,-0.01,-1,-1
99926009,2026-05-18 09:42:40+05:30,52938.85,0,0.0,0,0.0,0.0,53282.15,53308.4,52909.1,53710.35,0,0.0,0.0,0.0,0.0,-0.01,-1,-1,-0.01,-1,-1,-0.01,-1,-1,-0.01,-1,-1,-0.01,-1,-1,-0.01,-1,-1,-0.01,-1,-1,-0.01,-1,-1,-0.01,-1,-1,-0.01,-1,-1
99926009,2026-05-18 09:42:40+05:30,52943.9,0,0.0,0,0.0,0.0,53282.15,53308.4,52909.1,53710.35,0,0.0,0.0,0.0,0.0,-0.01,-1,-1,-0.01,-1,-1,-0.01,-1,-1,-0.01,-1,-1,-0.01,-1,-1,-0.01,-1,-1,-0.01,-1,-1,-0.01,-1,-1,-0.01,-1,-1,-0.01,-1,-1
99926009,2026-05-18 09:42:41+05:30,52942.8,0,0.0,0,0.0,0.0,53282.15,53308.4,52909.1,53710.35,0,0.0,0.0,0.0,0.0,-0.01,-1,-1,-0.01,-1,-1,-0.01,-1,-1,-0.01,-1,-1,-0.01,-1,-1,-0.01,-1,-1,-0.01,-1,-1,-0.01,-1,-1,-0.01,-1,-1,-0.01,-1,-1
99926009,2026-05-18 09:42:41+05:30,52942.4,0,0.0,0,0.0,0.0,53282.15,53308.4,52909.1,53710.35,0,0.0,0.0,0.0,0.0,-0.01,-1,-1,-0.01,-1,-1,-0.01,-1,-1,-0.01,-1,-1,-0.01,-1,-1,-0.01,-1,-1,-0.01,-1,-1,-0.01,-1,-1,-0.01,-1,-1,-0.01,-1,-1
99926009,2026-05-18 09:42:42+05:30,52944.75,0,0.0,0,0.0,0.0,53282.15,53308.4,52909.1,53710.35,0,0.0,0.0,0.0,0.0,-0.01,-1,-1,-0.01,-1,-1,-0.01,-1,-1,-0.01,-1,-1,-0.01,-1,-1,-0.01,-1,-1,-0.01,-1,-1,-0.01,-1,-1,-0.01,-1,-1,-0.01,-1,-1
99926009,2026-05-18 09:42:42+05:30,52944.65,0,0.0,0,0.0,0.0,53282.15,53308.4,52909.1,53710.35,0,0.0,0.0,0.0,0.0,-0.01,-1,-1,-0.01,-1,-1,-0.01,-1,-1,-0.01,-1,-1,-0.01,-1,-1,-0.01,-1,-1,-0.01,-1,-1,-0.01,-1,-1,-0.01,-1,-1,-0.01,-1,-1
99926009,2026-05-18 09:42:43+05:30,52944.15,0,0.0,0,0.0,0.0,53282.15,53308.4,52909.1,53710.35,0,0.0,0.0,0.0,0.0,-0.01,-1,-1,-0.01,-1,-1,-0.01,-1,-1,-0.01,-1,-1,-0.01,-1,-1,-0.01,-1,-1,-0.01,-1,-1,-0.01,-1,-1,-0.01,-1,-1,-0.01,-1,-1
99926009,2026-05-18 09:42:43+05:30,52943.8,0,0.0,0,0.0,0.0,53282.15,53308.4,52909.1,53710.35,0,0.0,0.0,0.0,0.0,-0.01,-1,-1,-0.01,-1,-1,-0.01,-1,-1,-0.01,-1,-1,-0.01,-1,-1,-0.01,-1,-1,-0.01,-1,-1,-0.01,-1,-1,-0.01,-1,-1,-0.01,-1,-1
99926009,2026-05-18 09:42:44+05:30,52942.8,0,0.0,0,0.0,0.0,53282.15,53308.4,52909.1,53710.35,0,0.0,0.0,0.0,0.0,-0.01,-1,-1,-0.01,-1,-1,-0.01,-1,-1,-0.01,-1,-1,-0.01,-1,-1,-0.01,-1,-1,-0.01,-1,-1,-0.01,-1,-1,-0.01,-1,-1,-0.01,-1,-1
99926009,2026-05-18 09:42:44+05:30,52941.9,0,0.0,0,0.0,0.0,53282.15,53308.4,52909.1,53710.35,0,0.0,0.0,0.0,0.0,-0.01,-1,-1,-0.01,-1,-1,-0.01,-1,-1,-0.01,-1,-1,-0.01,-1,-1,-0.01,-1,-1,-0.01,-1,-1,-0.01,-1,-1,-0.01,-1,-1,-0.01,-1,-1
99926009,2026-05-18 09:42:45+05:30,52941.6,0,0.0,0,0.0,0.0,53282.15,53308.4,52909.1,53710.35,0,0.0,0.0,0.0,0.0,-0.01,-1,-1,-0.01,-1,-1,-0.01,-1,-1,-0.01,-1,-1,-0.01,-1,-1,-0.01,-1,-1,-0.01,-1,-1,-0.01,-1,-1,-0.01,-1,-1,-0.01,-1,-1
99926009,2026-05-18 09:42:45+05:30,52945.7,0,0.0,0,0.0,0.0,53282.15,53308.4,52909.1,53710.35,0,0.0,0.0,0.0,0.0,-0.01,-1,-1,-0.01,-1,-1,-0.01,-1,-1,-0.01,-1,-1,-0.01,-1,-1,-0.01,-1,-1,-0.01,-1,-1,-0.01,-1,-1,-0.01,-1,-1,-0.01,-1,-1
99926009,2026-05-18 09:42:46+05:30,52943.9,0,0.0,0,0.0,0.0,53282.15,53308.4,52909.1,53710.35,0,0.0,0.0,0.0,0.0,-0.01,-1,-1,-0.01,-1,-1,-0.01,-1,-1,-0.01,-1,-1,-0.01,-1,-1,-0.01,-1,-1,-0.01,-1,-1,-0.01,-1,-1,-0.01,-1,-1,-0.01,-1,-1
99926009,2026-05-18 09:42:46+05:30,52944.5,0,0.0,0,0.0,0.0,53282.15,53308.4,52909.1,53710.35,0,0.0,0.0,0.0,0.0,-0.01,-1,-1,-0.01,-1,-1,-0.01,-1,-1,-0.01,-1,-1,-0.01,-1,-1,-0.01,-1,-1,-0.01,-1,-1,-0.01,-1,-1,-0.01,-1,-1,-0.01,-1,-1
99926009,2026-05-18 09:42:47+05:30,52947.8,0,0.0,0,0.0,0.0,53282.15,53308.4,52909.1,53710.35,0,0.0,0.0,0.0,0.0,-0.01,-1,-1,-0.01,-1,-1,-0.01,-1,-1,-0.01,-1,-1,-0.01,-1,-1,-0.01,-1,-1,-0.01,-1,-1,-0.01,-1,-1,-0.01,-1,-1,-0.01,-1,-1
99926009,2026-05-18 09:42:47+05:30,52949.15,0,0.0,0,0.0,0.0,53282.15,53308.4,52909.1,53710.35,0,0.0,0.0,0.0,0.0,-0.01,-1,-1,-0.01,-1,-1,-0.01,-1,-1,-0.01,-1,-1,-0.01,-1,-1,-0.01,-1,-1,-0.01,-1,-1,-0.01,-1,-1,-0.01,-1,-1,-0.01,-1,-1
99926009,2026-05-18 09:42:48+05:30,52949.45,0,0.0,0,0.0,0.0,53282.15,53308.4,52909.1,53710.35,0,0.0,0.0,0.0,0.0,-0.01,-1,-1,-0.01,-1,-1,-0.01,-1,-1,-0.01,-1,-1,-0.01,-1,-1,-0.01,-1,-1,-0.01,-1,-1,-0.01,-1,-1,-0.01,-1,-1,-0.01,-1,-1
99926009,2026-05-18 09:42:48+05:30,52948.95,0,0.0,0,0.0,0.0,53282.15,53308.4,52909.1,53710.35,0,0.0,0.0,0.0,0.0,-0.01,-1,-1,-0.01,-1,-1,-0.01,-1,-1,-0.01,-1,-1,-0.01,-1,-1,-0.01,-1,-1,-0.01,-1,-1,-0.01,-1,-1,-0.01,-1,-1,-0.01,-1,-1
99926009,2026-05-18 09:42:49+05:30,52949.45,0,0.0,0,0.0,0.0,53282.15,53308.4,52909.1,53710.35,0,0.0,0.0,0.0,0.0,-0.01,-1,-1,-0.01,-1,-1,-0.01,-1,-1,-0.01,-1,-1,-0.01,-1,-1,-0.01,-1,-1,-0.01,-1,-1,-0.01,-1,-1,-0.01,-1,-1,-0.01,-1,-1
99926009,2026-05-18 09:42:49+05:30,52948.6,0,0.0,0,0.0,0.0,53282.15,53308.4,52909.1,53710.35,0,0.0,0.0,0.0,0.0,-0.01,-1,-1,-0.01,-1,-1,-0.01,-1,-1,-0.01,-1,-1,-0.01,-1,-1,-0.01,-1,-1,-0.01,-1,-1,-0.01,-1,-1,-0.01,-1,-1,-0.01,-1,-1
99926009,2026-05-18 09:42:50+05:30,52948.95,0,0.0,0,0.0,0.0,53282.15,53308.4,52909.1,53710.35,0,0.0,0.0,0.0,0.0,-0.01,-1,-1,-0.01,-1,-1,-0.01,-1,-1,-0.01,-1,-1,-0.01,-1,-1,-0.01,-1,-1,-0.01,-1,-1,-0.01,-1,-1,-0.01,-1,-1,-0.01,-1,-1
99926009,2026-05-18 09:42:50+05:30,52949.25,0,0.0,0,0.0,0.0,53282.15,53308.4,52909.1,53710.35,0,0.0,0.0,0.0,0.0,-0.01,-1,-1,-0.01,-1,-1,-0.01,-1,-1,-0.01,-1,-1,-0.01,-1,-1,-0.01,-1,-1,-0.01,-1,-1,-0.01,-1,-1,-0.01,-1,-1,-0.01,-1,-1
99926009,2026-05-18 09:42:51+05:30,52952.5,0,0.0,0,0.0,0.0,53282.15,53308.4,52909.1,53710.35,0,0.0,0.0,0.0,0.0,-0.01,-1,-1,-0.01,-1,-1,-0.01,-1,-1,-0.01,-1,-1,-0.01,-1,-1,-0.01,-1,-1,-0.01,-1,-1,-0.01,-1,-1,-0.01,-1,-1,-0.01,-1,-1
99926009,2026-05-18 09:42:51+05:30,52954.05,0,0.0,0,0.0,0.0,53282.15,53308.4,52909.1,53710.35,0,0.0,0.0,0.0,0.0,-0.01,-1,-1,-0.01,-1,-1,-0.01,-1,-1,-0.01,-1,-1,-0.01,-1,-1,-0.01,-1,-1,-0.01,-1,-1,-0.01,-1,-1,-0.01,-1,-1,-0.01,-1,-1
99926009,2026-05-18 09:42:52+05:30,52950.05,0,0.0,0,0.0,0.0,53282.15,53308.4,52909.1,53710.35,0,0.0,0.0,0.0,0.0,-0.01,-1,-1,-0.01,-1,-1,-0.01,-1,-1,-0.01,-1,-1,-0.01,-1,-1,-0.01,-1,-1,-0.01,-1,-1,-0.01,-1,-1,-0.01,-1,-1,-0.01,-1,-1
99926009,2026-05-18 09:42:52+05:30,52952.15,0,0.0,0,0.0,0.0,53282.15,53308.4,52909.1,53710.35,0,0.0,0.0,0.0,0.0,-0.01,-1,-1,-0.01,-1,-1,-0.01,-1,-1,-0.01,-1,-1,-0.01,-1,-1,-0.01,-1,-1,-0.01,-1,-1,-0.01,-1,-1,-0.01,-1,-1,-0.01,-1,-1
99926009,2026-05-18 09:42:53+05:30,52954.6,0,0.0,0,0.0,0.0,53282.15,53308.4,52909.1,53710.35,0,0.0,0.0,0.0,0.0,-0.01,-1,-1,-0.01,-1,-1,-0.01,-1,-1,-0.01,-1,-1,-0.01,-1,-1,-0.01,-1,-1,-0.01,-1,-1,-0.01,-1,-1,-0.01,-1,-1,-0.01,-1,-1
99926009,2026-05-18 09:42:53+05:30,52953.0,0,0.0,0,0.0,0.0,53282.15,53308.4,52909.1,53710.35,0,0.0,0.0,0.0,0.0,-0.01,-1,-1,-0.01,-1,-1,-0.01,-1,-1,-0.01,-1,-1,-0.01,-1,-1,-0.01,-1,-1,-0.01,-1,-1,-0.01,-1,-1,-0.01,-1,-1,-0.01,-1,-1
99926009,2026-05-18 09:42:54+05:30,52956.05,0,0.0,0,0.0,0.0,53282.15,53308.4,52909.1,53710.35,0,0.0,0.0,0.0,0.0,-0.01,-1,-1,-0.01,-1,-1,-0.01,-1,-1,-0.01,-1,-1,-0.01,-1,-1,-0.01,-1,-1,-0.01,-1,-1,-0.01,-1,-1,-0.01,-1,-1,-0.01,-1,-1
99926009,2026-05-18 09:42:54+05:30,52957.4,0,0.0,0,0.0,0.0,53282.15,53308.4,52909.1,53710.35,0,0.0,0.0,0.0,0.0,-0.01,-1,-1,-0.01,-1,-1,-0.01,-1,-1,-0.01,-1,-1,-0.01,-1,-1,-0.01,-1,-1,-0.01,-1,-1,-0.01,-1,-1,-0.01,-1,-1,-0.01,-1,-1
99926009,2026-05-18 09:42:55+05:30,52961.85,0,0.0,0,0.0,0.0,53282.15,53308.4,52909.1,53710.35,0,0.0,0.0,0.0,0.0,-0.01,-1,-1,-0.01,-1,-1,-0.01,-1,-1,-0.01,-1,-1,-0.01,-1,-1,-0.01,-1,-1,-0.01,-1,-1,-0.01,-1,-1,-0.01,-1,-1,-0.01,-1,-1
99926009,2026-05-18 09:42:55+05:30,52965.0,0,0.0,0,0.0,0.0,53282.15,53308.4,52909.1,53710.35,0,0.0,0.0,0.0,0.0,-0.01,-1,-1,-0.01,-1,-1,-0.01,-1,-1,-0.01,-1,-1,-0.01,-1,-1,-0.01,-1,-1,-0.01,-1,-1,-0.01,-1,-1,-0.01,-1,-1,-0.01,-1,-1
99926009,2026-05-18 09:42:56+05:30,52966.0,0,0.0,0,0.0,0.0,53282.15,53308.4,52909.1,53710.35,0,0.0,0.0,0.0,0.0,-0.01,-1,-1,-0.01,-1,-1,-0.01,-1,-1,-0.01,-1,-1,-0.01,-1,-1,-0.01,-1,-1,-0.01,-1,-1,-0.01,-1,-1,-0.01,-1,-1,-0.01,-1,-1
99926009,2026-05-18 09:42:56+05:30,52971.35,0,0.0,0,0.0,0.0,53282.15,53308.4,52909.1,53710.35,0,0.0,0.0,0.0,0.0,-0.01,-1,-1,-0.01,-1,-1,-0.01,-1,-1,-0.01,-1,-1,-0.01,-1,-1,-0.01,-1,-1,-0.01,-1,-1,-0.01,-1,-1,-0.01,-1,-1,-0.01,-1,-1
99926009,2026-05-18 09:42:57+05:30,52968.25,0,0.0,0,0.0,0.0,53282.15,53308.4,52909.1,53710.35,0,0.0,0.0,0.0,0.0,-0.01,-1,-1,-0.01,-1,-1,-0.01,-1,-1,-0.01,-1,-1,-0.01,-1,-1,-0.01,-1,-1,-0.01,-1,-1,-0.01,-1,-1,-0.01,-1,-1,-0.01,-1,-1
99926009,2026-05-18 09:42:57+05:30,52965.95,0,0.0,0,0.0,0.0,53282.15,53308.4,52909.1,53710.35,0,0.0,0.0,0.0,0.0,-0.01,-1,-1,-0.01,-1,-1,-0.01,-1,-1,-0.01,-1,-1,-0.01,-1,-1,-0.01,-1,-1,-0.01,-1,-1,-0.01,-1,-1,-0.01,-1,-1,-0.01,-1,-1
99926009,2026-05-18 09:42:58+05:30,52966.7,0,0.0,0,0.0,0.0,53282.15,53308.4,52909.1,53710.35,0,0.0,0.0,0.0,0.0,-0.01,-1,-1,-0.01,-1,-1,-0.01,-1,-1,-0.01,-1,-1,-0.01,-1,-1,-0.01,-1,-1,-0.01,-1,-1,-0.01,-1,-1,-0.01,-1,-1,-0.01,-1,-1
99926009,2026-05-18 09:42:58+05:30,52966.05,0,0.0,0,0.0,0.0,53282.15,53308.4,52909.1,53710.35,0,0.0,0.0,0.0,0.0,-0.01,-1,-1,-0.01,-1,-1,-0.01,-1,-1,-0.01,-1,-1,-0.01,-1,-1,-0.01,-1,-1,-0.01,-1,-1,-0.01,-1,-1,-0.01,-1,-1,-0.01,-1,-1
99926009,2026-05-18 09:42:59+05:30,52967.2,0,0.0,0,0.0,0.0,53282.15,53308.4,52909.1,53710.35,0,0.0,0.0,0.0,0.0,-0.01,-1,-1,-0.01,-1,-1,-0.01,-1,-1,-0.01,-1,-1,-0.01,-1,-1,-0.01,-1,-1,-0.01,-1,-1,-0.01,-1,-1,-0.01,-1,-1,-0.01,-1,-1
99926009,2026-05-18 09:42:59+05:30,52971.3,0,0.0,0,0.0,0.0,53282.15,53308.4,52909.1,53710.35,0,0.0,0.0,0.0,0.0,-0.01,-1,-1,-0.01,-1,-1,-0.01,-1,-1,-0.01,-1,-1,-0.01,-1,-1,-0.01,-1,-1,-0.01,-1,-1,-0.01,-1,-1,-0.01,-1,-1,-0.01,-1,-1
99926009,2026-05-18 09:43:00+05:30,52971.65,0,0.0,0,0.0,0.0,53282.15,53308.4,52909.1,53710.35,0,0.0,0.0,0.0,0.0,-0.01,-1,-1,-0.01,-1,-1,-0.01,-1,-1,-0.01,-1,-1,-0.01,-1,-1,-0.01,-1,-1,-0.01,-1,-1,-0.01,-1,-1,-0.01,-1,-1,-0.01,-1,-1
99926009,2026-05-18 09:43:00+05:30,52970.75,0,0.0,0,0.0,0.0,53282.15,53308.4,52909.1,53710.35,0,0.0,0.0,0.0,0.0,-0.01,-1,-1,-0.01,-1,-1,-0.01,-1,-1,-0.01,-1,-1,-0.01,-1,-1,-0.01,-1,-1,-0.01,-1,-1,-0.01,-1,-1,-0.01,-1,-1,-0.01,-1,-1
99926009,2026-05-18 09:43:01+05:30,52971.7,0,0.0,0,0.0,0.0,53282.15,53308.4,52909.1,53710.35,0,0.0,0.0,0.0,0.0,-0.01,-1,-1,-0.01,-1,-1,-0.01,-1,-1,-0.01,-1,-1,-0.01,-1,-1,-0.01,-1,-1,-0.01,-1,-1,-0.01,-1,-1,-0.01,-1,-1,-0.01,-1,-1
99926009,2026-05-18 09:43:01+05:30,52970.6,0,0.0,0,0.0,0.0,53282.15,53308.4,52909.1,53710.35,0,0.0,0.0,0.0,0.0,-0.01,-1,-1,-0.01,-1,-1,-0.01,-1,-1,-0.01,-1,-1,-0.01,-1,-1,-0.01,-1,-1,-0.01,-1,-1,-0.01,-1,-1,-0.01,-1,-1,-0.01,-1,-1
99926009,2026-05-18 09:43:02+05:30,52968.45,0,0.0,0,0.0,0.0,53282.15,53308.4,52909.1,53710.35,0,0.0,0.0,0.0,0.0,-0.01,-1,-1,-0.01,-1,-1,-0.01,-1,-1,-0.01,-1,-1,-0.01,-1,-1,-0.01,-1,-1,-0.01,-1,-1,-0.01,-1,-1,-0.01,-1,-1,-0.01,-1,-1
99926009,2026-05-18 09:43:02+05:30,52970.5,0,0.0,0,0.0,0.0,53282.15,53308.4,52909.1,53710.35,0,0.0,0.0,0.0,0.0,-0.01,-1,-1,-0.01,-1,-1,-0.01,-1,-1,-0.01,-1,-1,-0.01,-1,-1,-0.01,-1,-1,-0.01,-1,-1,-0.01,-1,-1,-0.01,-1,-1,-0.01,-1,-1
99926009,2026-05-18 09:43:03+05:30,52970.2,0,0.0,0,0.0,0.0,53282.15,53308.4,52909.1,53710.35,0,0.0,0.0,0.0,0.0,-0.01,-1,-1,-0.01,-1,-1,-0.01,-1,-1,-0.01,-1,-1,-0.01,-1,-1,-0.01,-1,-1,-0.01,-1,-1,-0.01,-1,-1,-0.01,-1,-1,-0.01,-1,-1
99926009,2026-05-18 09:43:03+05:30,52969.25,0,0.0,0,0.0,0.0,53282.15,53308.4,52909.1,53710.35,0,0.0,0.0,0.0,0.0,-0.01,-1,-1,-0.01,-1,-1,-0.01,-1,-1,-0.01,-1,-1,-0.01,-1,-1,-0.01,-1,-1,-0.01,-1,-1,-0.01,-1,-1,-0.01,-1,-1,-0.01,-1,-1
99926009,2026-05-18 09:43:04+05:30,52967.35,0,0.0,0,0.0,0.0,53282.15,53308.4,52909.1,53710.35,0,0.0,0.0,0.0,0.0,-0.01,-1,-1,-0.01,-1,-1,-0.01,-1,-1,-0.01,-1,-1,-0.01,-1,-1,-0.01,-1,-1,-0.01,-1,-1,-0.01,-1,-1,-0.01,-1,-1,-0.01,-1,-1
99926009,2026-05-18 09:43:04+05:30,52965.0,0,0.0,0,0.0,0.0,53282.15,53308.4,52909.1,53710.35,0,0.0,0.0,0.0,0.0,-0.01,-1,-1,-0.01,-1,-1,-0.01,-1,-1,-0.01,-1,-1,-0.01,-1,-1,-0.01,-1,-1,-0.01,-1,-1,-0.01,-1,-1,-0.01,-1,-1,-0.01,-1,-1
99926009,2026-05-18 09:43:05+05:30,52965.05,0,0.0,0,0.0,0.0,53282.15,53308.4,52909.1,53710.35,0,0.0,0.0,0.0,0.0,-0.01,-1,-1,-0.01,-1,-1,-0.01,-1,-1,-0.01,-1,-1,-0.01,-1,-1,-0.01,-1,-1,-0.01,-1,-1,-0.01,-1,-1,-0.01,-1,-1,-0.01,-1,-1
99926009,2026-05-18 09:43:05+05:30,52967.55,0,0.0,0,0.0,0.0,53282.15,53308.4,52909.1,53710.35,0,0.0,0.0,0.0,0.0,-0.01,-1,-1,-0.01,-1,-1,-0.01,-1,-1,-0.01,-1,-1,-0.01,-1,-1,-0.01,-1,-1,-0.01,-1,-1,-0.01,-1,-1,-0.01,-1,-1,-0.01,-1,-1
99926009,2026-05-18 09:43:06+05:30,52963.0,0,0.0,0,0.0,0.0,53282.15,53308.4,52909.1,53710.35,0,0.0,0.0,0.0,0.0,-0.01,-1,-1,-0.01,-1,-1,-0.01,-1,-1,-0.01,-1,-1,-0.01,-1,-1,-0.01,-1,-1,-0.01,-1,-1,-0.01,-1,-1,-0.01,-1,-1,-0.01,-1,-1
99926009,2026-05-18 09:43:06+05:30,52964.5,0,0.0,0,0.0,0.0,53282.15,53308.4,52909.1,53710.35,0,0.0,0.0,0.0,0.0,-0.01,-1,-1,-0.01,-1,-1,-0.01,-1,-1,-0.01,-1,-1,-0.01,-1,-1,-0.01,-1,-1,-0.01,-1,-1,-0.01,-1,-1,-0.01,-1,-1,-0.01,-1,-1
99926009,2026-05-18 09:43:07+05:30,52964.0,0,0.0,0,0.0,0.0,53282.15,53308.4,52909.1,53710.35,0,0.0,0.0,0.0,0.0,-0.01,-1,-1,-0.01,-1,-1,-0.01,-1,-1,-0.01,-1,-1,-0.01,-1,-1,-0.01,-1,-1,-0.01,-1,-1,-0.01,-1,-1,-0.01,-1,-1,-0.01,-1,-1
99926009,2026-05-18 09:43:07+05:30,52965.85,0,0.0,0,0.0,0.0,53282.15,53308.4,52909.1,53710.35,0,0.0,0.0,0.0,0.0,-0.01,-1,-1,-0.01,-1,-1,-0.01,-1,-1,-0.01,-1,-1,-0.01,-1,-1,-0.01,-1,-1,-0.01,-1,-1,-0.01,-1,-1,-0.01,-1,-1,-0.01,-1,-1
99926009,2026-05-18 09:43:08+05:30,52964.1,0,0.0,0,0.0,0.0,53282.15,53308.4,52909.1,53710.35,0,0.0,0.0,0.0,0.0,-0.01,-1,-1,-0.01,-1,-1,-0.01,-1,-1,-0.01,-1,-1,-0.01,-1,-1,-0.01,-1,-1,-0.01,-1,-1,-0.01,-1,-1,-0.01,-1,-1,-0.01,-1,-1
99926009,2026-05-18 09:43:08+05:30,52965.25,0,0.0,0,0.0,0.0,53282.15,53308.4,52909.1,53710.35,0,0.0,0.0,0.0,0.0,-0.01,-1,-1,-0.01,-1,-1,-0.01,-1,-1,-0.01,-1,-1,-0.01,-1,-1,-0.01,-1,-1,-0.01,-1,-1,-0.01,-1,-1,-0.01,-1,-1,-0.01,-1,-1
99926009,2026-05-18 09:43:09+05:30,52964.2,0,0.0,0,0.0,0.0,53282.15,53308.4,52909.1,53710.35,0,0.0,0.0,0.0,0.0,-0.01,-1,-1,-0.01,-1,-1,-0.01,-1,-1,-0.01,-1,-1,-0.01,-1,-1,-0.01,-1,-1,-0.01,-1,-1,-0.01,-1,-1,-0.01,-1,-1,-0.01,-1,-1
99926009,2026-05-18 09:43:09+05:30,52960.8,0,0.0,0,0.0,0.0,53282.15,53308.4,52909.1,53710.35,0,0.0,0.0,0.0,0.0,-0.01,-1,-1,-0.01,-1,-1,-0.01,-1,-1,-0.01,-1,-1,-0.01,-1,-1,-0.01,-1,-1,-0.01,-1,-1,-0.01,-1,-1,-0.01,-1,-1,-0.01,-1,-1
99926009,2026-05-18 09:43:10+05:30,52960.7,0,0.0,0,0.0,0.0,53282.15,53308.4,52909.1,53710.35,0,0.0,0.0,0.0,0.0,-0.01,-1,-1,-0.01,-1,-1,-0.01,-1,-1,-0.01,-1,-1,-0.01,-1,-1,-0.01,-1,-1,-0.01,-1,-1,-0.01,-1,-1,-0.01,-1,-1,-0.01,-1,-1
99926009,2026-05-18 09:43:10+05:30,52966.6,0,0.0,0,0.0,0.0,53282.15,53308.4,52909.1,53710.35,0,0.0,0.0,0.0,0.0,-0.01,-1,-1,-0.01,-1,-1,-0.01,-1,-1,-0.01,-1,-1,-0.01,-1,-1,-0.01,-1,-1,-0.01,-1,-1,-0.01,-1,-1,-0.01,-1,-1,-0.01,-1,-1
99926009,2026-05-18 09:43:11+05:30,52965.65,0,0.0,0,0.0,0.0,53282.15,53308.4,52909.1,53710.35,0,0.0,0.0,0.0,0.0,-0.01,-1,-1,-0.01,-1,-1,-0.01,-1,-1,-0.01,-1,-1,-0.01,-1,-1,-0.01,-1,-1,-0.01,-1,-1,-0.01,-1,-1,-0.01,-1,-1,-0.01,-1,-1
99926009,2026-05-18 09:43:11+05:30,52965.45,0,0.0,0,0.0,0.0,53282.15,53308.4,52909.1,53710.35,0,0.0,0.0,0.0,0.0,-0.01,-1,-1,-0.01,-1,-1,-0.01,-1,-1,-0.01,-1,-1,-0.01,-1,-1,-0.01,-1,-1,-0.01,-1,-1,-0.01,-1,-1,-0.01,-1,-1,-0.01,-1,-1
99926009,2026-05-18 09:43:12+05:30,52965.15,0,0.0,0,0.0,0.0,53282.15,53308.4,52909.1,53710.35,0,0.0,0.0,0.0,0.0,-0.01,-1,-1,-0.01,-1,-1,-0.01,-1,-1,-0.01,-1,-1,-0.01,-1,-1,-0.01,-1,-1,-0.01,-1,-1,-0.01,-1,-1,-0.01,-1,-1,-0.01,-1,-1
99926009,2026-05-18 09:43:12+05:30,52965.45,0,0.0,0,0.0,0.0,53282.15,53308.4,52909.1,53710.35,0,0.0,0.0,0.0,0.0,-0.01,-1,-1,-0.01,-1,-1,-0.01,-1,-1,-0.01,-1,-1,-0.01,-1,-1,-0.01,-1,-1,-0.01,-1,-1,-0.01,-1,-1,-0.01,-1,-1,-0.01,-1,-1
99926009,2026-05-18 09:43:13+05:30,52965.15,0,0.0,0,0.0,0.0,53282.15,53308.4,52909.1,53710.35,0,0.0,0.0,0.0,0.0,-0.01,-1,-1,-0.01,-1,-1,-0.01,-1,-1,-0.01,-1,-1,-0.01,-1,-1,-0.01,-1,-1,-0.01,-1,-1,-0.01,-1,-1,-0.01,-1,-1,-0.01,-1,-1
99926009,2026-05-18 09:43:13+05:30,52965.45,0,0.0,0,0.0,0.0,53282.15,53308.4,52909.1,53710.35,0,0.0,0.0,0.0,0.0,-0.01,-1,-1,-0.01,-1,-1,-0.01,-1,-1,-0.01,-1,-1,-0.01,-1,-1,-0.01,-1,-1,-0.01,-1,-1,-0.01,-1,-1,-0.01,-1,-1,-0.01,-1,-1
99926009,2026-05-18 09:43:14+05:30,52964.55,0,0.0,0,0.0,0.0,53282.15,53308.4,52909.1,53710.35,0,0.0,0.0,0.0,0.0,-0.01,-1,-1,-0.01,-1,-1,-0.01,-1,-1,-0.01,-1,-1,-0.01,-1,-1,-0.01,-1,-1,-0.01,-1,-1,-0.01,-1,-1,-0.01,-1,-1,-0.01,-1,-1
99926009,2026-05-18 09:43:14+05:30,52966.35,0,0.0,0,0.0,0.0,53282.15,53308.4,52909.1,53710.35,0,0.0,0.0,0.0,0.0,-0.01,-1,-1,-0.01,-1,-1,-0.01,-1,-1,-0.01,-1,-1,-0.01,-1,-1,-0.01,-1,-1,-0.01,-1,-1,-0.01,-1,-1,-0.01,-1,-1,-0.01,-1,-1
99926009,2026-05-18 09:43:15+05:30,52966.0,0,0.0,0,0.0,0.0,53282.15,53308.4,52909.1,53710.35,0,0.0,0.0,0.0,0.0,-0.01,-1,-1,-0.01,-1,-1,-0.01,-1,-1,-0.01,-1,-1,-0.01,-1,-1,-0.01,-1,-1,-0.01,-1,-1,-0.01,-1,-1,-0.01,-1,-1,-0.01,-1,-1
99926009,2026-05-18 09:43:15+05:30,52966.0,0,0.0,0,0.0,0.0,53282.15,53308.4,52909.1,53710.35,0,0.0,0.0,0.0,0.0,-0.01,-1,-1,-0.01,-1,-1,-0.01,-1,-1,-0.01,-1,-1,-0.01,-1,-1,-0.01,-1,-1,-0.01,-1,-1,-0.01,-1,-1,-0.01,-1,-1,-0.01,-1,-1
99926009,2026-05-18 09:43:16+05:30,52965.4,0,0.0,0,0.0,0.0,53282.15,53308.4,52909.1,53710.35,0,0.0,0.0,0.0,0.0,-0.01,-1,-1,-0.01,-1,-1,-0.01,-1,-1,-0.01,-1,-1,-0.01,-1,-1,-0.01,-1,-1,-0.01,-1,-1,-0.01,-1,-1,-0.01,-1,-1,-0.01,-1,-1
99926009,2026-05-18 09:43:16+05:30,52963.25,0,0.0,0,0.0,0.0,53282.15,53308.4,52909.1,53710.35,0,0.0,0.0,0.0,0.0,-0.01,-1,-1,-0.01,-1,-1,-0.01,-1,-1,-0.01,-1,-1,-0.01,-1,-1,-0.01,-1,-1,-0.01,-1,-1,-0.01,-1,-1,-0.01,-1,-1,-0.01,-1,-1
99926009,2026-05-18 09:43:17+05:30,52965.0,0,0.0,0,0.0,0.0,53282.15,53308.4,52909.1,53710.35,0,0.0,0.0,0.0,0.0,-0.01,-1,-1,-0.01,-1,-1,-0.01,-1,-1,-0.01,-1,-1,-0.01,-1,-1,-0.01,-1,-1,-0.01,-1,-1,-0.01,-1,-1,-0.01,-1,-1,-0.01,-1,-1
99926009,2026-05-18 09:43:17+05:30,52965.1,0,0.0,0,0.0,0.0,53282.15,53308.4,52909.1,53710.35,0,0.0,0.0,0.0,0.0,-0.01,-1,-1,-0.01,-1,-1,-0.01,-1,-1,-0.01,-1,-1,-0.01,-1,-1,-0.01,-1,-1,-0.01,-1,-1,-0.01,-1,-1,-0.01,-1,-1,-0.01,-1,-1
99926009,2026-05-18 09:43:18+05:30,52968.55,0,0.0,0,0.0,0.0,53282.15,53308.4,52909.1,53710.35,0,0.0,0.0,0.0,0.0,-0.01,-1,-1,-0.01,-1,-1,-0.01,-1,-1,-0.01,-1,-1,-0.01,-1,-1,-0.01,-1,-1,-0.01,-1,-1,-0.01,-1,-1,-0.01,-1,-1,-0.01,-1,-1
99926009,2026-05-18 09:43:18+05:30,52969.7,0,0.0,0,0.0,0.0,53282.15,53308.4,52909.1,53710.35,0,0.0,0.0,0.0,0.0,-0.01,-1,-1,-0.01,-1,-1,-0.01,-1,-1,-0.01,-1,-1,-0.01,-1,-1,-0.01,-1,-1,-0.01,-1,-1,-0.01,-1,-1,-0.01,-1,-1,-0.01,-1,-1
99926009,2026-05-18 09:43:19+05:30,52968.25,0,0.0,0,0.0,0.0,53282.15,53308.4,52909.1,53710.35,0,0.0,0.0,0.0,0.0,-0.01,-1,-1,-0.01,-1,-1,-0.01,-1,-1,-0.01,-1,-1,-0.01,-1,-1,-0.01,-1,-1,-0.01,-1,-1,-0.01,-1,-1,-0.01,-1,-1,-0.01,-1,-1
99926009,2026-05-18 09:43:19+05:30,52969.25,0,0.0,0,0.0,0.0,53282.15,53308.4,52909.1,53710.35,0,0.0,0.0,0.0,0.0,-0.01,-1,-1,-0.01,-1,-1,-0.01,-1,-1,-0.01,-1,-1,-0.01,-1,-1,-0.01,-1,-1,-0.01,-1,-1,-0.01,-1,-1,-0.01,-1,-1,-0.01,-1,-1
99926009,2026-05-18 09:43:20+05:30,52966.5,0,0.0,0,0.0,0.0,53282.15,53308.4,52909.1,53710.35,0,0.0,0.0,0.0,0.0,-0.01,-1,-1,-0.01,-1,-1,-0.01,-1,-1,-0.01,-1,-1,-0.01,-1,-1,-0.01,-1,-1,-0.01,-1,-1,-0.01,-1,-1,-0.01,-1,-1,-0.01,-1,-1
99926009,2026-05-18 09:43:20+05:30,52967.9,0,0.0,0,0.0,0.0,53282.15,53308.4,52909.1,53710.35,0,0.0,0.0,0.0,0.0,-0.01,-1,-1,-0.01,-1,-1,-0.01,-1,-1,-0.01,-1,-1,-0.01,-1,-1,-0.01,-1,-1,-0.01,-1,-1,-0.01,-1,-1,-0.01,-1,-1,-0.01,-1,-1
99926009,2026-05-18 09:43:21+05:30,52965.55,0,0.0,0,0.0,0.0,53282.15,53308.4,52909.1,53710.35,0,0.0,0.0,0.0,0.0,-0.01,-1,-1,-0.01,-1,-1,-0.01,-1,-1,-0.01,-1,-1,-0.01,-1,-1,-0.01,-1,-1,-0.01,-1,-1,-0.01,-1,-1,-0.01,-1,-1,-0.01,-1,-1
99926009,2026-05-18 09:43:21+05:30,52966.05,0,0.0,0,0.0,0.0,53282.15,53308.4,52909.1,53710.35,0,0.0,0.0,0.0,0.0,-0.01,-1,-1,-0.01,-1,-1,-0.01,-1,-1,-0.01,-1,-1,-0.01,-1,-1,-0.01,-1,-1,-0.01,-1,-1,-0.01,-1,-1,-0.01,-1,-1,-0.01,-1,-1
99926009,2026-05-18 09:43:22+05:30,52961.3,0,0.0,0,0.0,0.0,53282.15,53308.4,52909.1,53710.35,0,0.0,0.0,0.0,0.0,-0.01,-1,-1,-0.01,-1,-1,-0.01,-1,-1,-0.01,-1,-1,-0.01,-1,-1,-0.01,-1,-1,-0.01,-1,-1,-0.01,-1,-1,-0.01,-1,-1,-0.01,-1,-1
99926009,2026-05-18 09:43:22+05:30,52964.65,0,0.0,0,0.0,0.0,53282.15,53308.4,52909.1,53710.35,0,0.0,0.0,0.0,0.0,-0.01,-1,-1,-0.01,-1,-1,-0.01,-1,-1,-0.01,-1,-1,-0.01,-1,-1,-0.01,-1,-1,-0.01,-1,-1,-0.01,-1,-1,-0.01,-1,-1,-0.01,-1,-1
99926009,2026-05-18 09:43:23+05:30,52962.65,0,0.0,0,0.0,0.0,53282.15,53308.4,52909.1,53710.35,0,0.0,0.0,0.0,0.0,-0.01,-1,-1,-0.01,-1,-1,-0.01,-1,-1,-0.01,-1,-1,-0.01,-1,-1,-0.01,-1,-1,-0.01,-1,-1,-0.01,-1,-1,-0.01,-1,-1,-0.01,-1,-1
99926009,2026-05-18 09:43:23+05:30,52963.3,0,0.0,0,0.0,0.0,53282.15,53308.4,52909.1,53710.35,0,0.0,0.0,0.0,0.0,-0.01,-1,-1,-0.01,-1,-1,-0.01,-1,-1,-0.01,-1,-1,-0.01,-1,-1,-0.01,-1,-1,-0.01,-1,-1,-0.01,-1,-1,-0.01,-1,-1,-0.01,-1,-1
99926009,2026-05-18 09:43:24+05:30,52962.9,0,0.0,0,0.0,0.0,53282.15,53308.4,52909.1,53710.35,0,0.0,0.0,0.0,0.0,-0.01,-1,-1,-0.01,-1,-1,-0.01,-1,-1,-0.01,-1,-1,-0.01,-1,-1,-0.01,-1,-1,-0.01,-1,-1,-0.01,-1,-1,-0.01,-1,-1,-0.01,-1,-1
99926009,2026-05-18 09:43:24+05:30,52956.65,0,0.0,0,0.0,0.0,53282.15,53308.4,52909.1,53710.35,0,0.0,0.0,0.0,0.0,-0.01,-1,-1,-0.01,-1,-1,-0.01,-1,-1,-0.01,-1,-1,-0.01,-1,-1,-0.01,-1,-1,-0.01,-1,-1,-0.01,-1,-1,-0.01,-1,-1,-0.01,-1,-1
99926009,2026-05-18 09:43:25+05:30,52955.8,0,0.0,0,0.0,0.0,53282.15,53308.4,52909.1,53710.35,0,0.0,0.0,0.0,0.0,-0.01,-1,-1,-0.01,-1,-1,-0.01,-1,-1,-0.01,-1,-1,-0.01,-1,-1,-0.01,-1,-1,-0.01,-1,-1,-0.01,-1,-1,-0.01,-1,-1,-0.01,-1,-1
99926009,2026-05-18 09:43:25+05:30,52961.45,0,0.0,0,0.0,0.0,53282.15,53308.4,52909.1,53710.35,0,0.0,0.0,0.0,0.0,-0.01,-1,-1,-0.01,-1,-1,-0.01,-1,-1,-0.01,-1,-1,-0.01,-1,-1,-0.01,-1,-1,-0.01,-1,-1,-0.01,-1,-1,-0.01,-1,-1,-0.01,-1,-1
99926009,2026-05-18 09:43:26+05:30,52956.2,0,0.0,0,0.0,0.0,53282.15,53308.4,52909.1,53710.35,0,0.0,0.0,0.0,0.0,-0.01,-1,-1,-0.01,-1,-1,-0.01,-1,-1,-0.01,-1,-1,-0.01,-1,-1,-0.01,-1,-1,-0.01,-1,-1,-0.01,-1,-1,-0.01,-1,-1,-0.01,-1,-1
99926009,2026-05-18 09:43:26+05:30,52950.8,0,0.0,0,0.0,0.0,53282.15,53308.4,52909.1,53710.35,0,0.0,0.0,0.0,0.0,-0.01,-1,-1,-0.01,-1,-1,-0.01,-1,-1,-0.01,-1,-1,-0.01,-1,-1,-0.01,-1,-1,-0.01,-1,-1,-0.01,-1,-1,-0.01,-1,-1,-0.01,-1,-1
99926009,2026-05-18 09:43:27+05:30,52952.95,0,0.0,0,0.0,0.0,53282.15,53308.4,52909.1,53710.35,0,0.0,0.0,0.0,0.0,-0.01,-1,-1,-0.01,-1,-1,-0.01,-1,-1,-0.01,-1,-1,-0.01,-1,-1,-0.01,-1,-1,-0.01,-1,-1,-0.01,-1,-1,-0.01,-1,-1,-0.01,-1,-1
99926009,2026-05-18 09:43:27+05:30,52949.95,0,0.0,0,0.0,0.0,53282.15,53308.4,52909.1,53710.35,0,0.0,0.0,0.0,0.0,-0.01,-1,-1,-0.01,-1,-1,-0.01,-1,-1,-0.01,-1,-1,-0.01,-1,-1,-0.01,-1,-1,-0.01,-1,-1,-0.01,-1,-1,-0.01,-1,-1,-0.01,-1,-1
99926009,2026-05-18 09:43:28+05:30,52948.85,0,0.0,0,0.0,0.0,53282.15,53308.4,52909.1,53710.35,0,0.0,0.0,0.0,0.0,-0.01,-1,-1,-0.01,-1,-1,-0.01,-1,-1,-0.01,-1,-1,-0.01,-1,-1,-0.01,-1,-1,-0.01,-1,-1,-0.01,-1,-1,-0.01,-1,-1,-0.01,-1,-1
99926009,2026-05-18 09:43:28+05:30,52949.9,0,0.0,0,0.0,0.0,53282.15,53308.4,52909.1,53710.35,0,0.0,0.0,0.0,0.0,-0.01,-1,-1,-0.01,-1,-1,-0.01,-1,-1,-0.01,-1,-1,-0.01,-1,-1,-0.01,-1,-1,-0.01,-1,-1,-0.01,-1,-1,-0.01,-1,-1,-0.01,-1,-1
99926009,2026-05-18 09:43:29+05:30,52953.7,0,0.0,0,0.0,0.0,53282.15,53308.4,52909.1,53710.35,0,0.0,0.0,0.0,0.0,-0.01,-1,-1,-0.01,-1,-1,-0.01,-1,-1,-0.01,-1,-1,-0.01,-1,-1,-0.01,-1,-1,-0.01,-1,-1,-0.01,-1,-1,-0.01,-1,-1,-0.01,-1,-1
99926009,2026-05-18 09:43:29+05:30,52954.05,0,0.0,0,0.0,0.0,53282.15,53308.4,52909.1,53710.35,0,0.0,0.0,0.0,0.0,-0.01,-1,-1,-0.01,-1,-1,-0.01,-1,-1,-0.01,-1,-1,-0.01,-1,-1,-0.01,-1,-1,-0.01,-1,-1,-0.01,-1,-1,-0.01,-1,-1,-0.01,-1,-1
99926009,2026-05-18 09:43:30+05:30,52951.6,0,0.0,0,0.0,0.0,53282.15,53308.4,52909.1,53710.35,0,0.0,0.0,0.0,0.0,-0.01,-1,-1,-0.01,-1,-1,-0.01,-1,-1,-0.01,-1,-1,-0.01,-1,-1,-0.01,-1,-1,-0.01,-1,-1,-0.01,-1,-1,-0.01,-1,-1,-0.01,-1,-1
99926009,2026-05-18 09:43:30+05:30,52952.2,0,0.0,0,0.0,0.0,53282.15,53308.4,52909.1,53710.35,0,0.0,0.0,0.0,0.0,-0.01,-1,-1,-0.01,-1,-1,-0.01,-1,-1,-0.01,-1,-1,-0.01,-1,-1,-0.01,-1,-1,-0.01,-1,-1,-0.01,-1,-1,-0.01,-1,-1,-0.01,-1,-1
99926009,2026-05-18 09:43:31+05:30,52951.4,0,0.0,0,0.0,0.0,53282.15,53308.4,52909.1,53710.35,0,0.0,0.0,0.0,0.0,-0.01,-1,-1,-0.01,-1,-1,-0.01,-1,-1,-0.01,-1,-1,-0.01,-1,-1,-0.01,-1,-1,-0.01,-1,-1,-0.01,-1,-1,-0.01,-1,-1,-0.01,-1,-1
99926009,2026-05-18 09:43:31+05:30,52956.15,0,0.0,0,0.0,0.0,53282.15,53308.4,52909.1,53710.35,0,0.0,0.0,0.0,0.0,-0.01,-1,-1,-0.01,-1,-1,-0.01,-1,-1,-0.01,-1,-1,-0.01,-1,-1,-0.01,-1,-1,-0.01,-1,-1,-0.01,-1,-1,-0.01,-1,-1,-0.01,-1,-1
99926009,2026-05-18 09:43:32+05:30,52956.05,0,0.0,0,0.0,0.0,53282.15,53308.4,52909.1,53710.35,0,0.0,0.0,0.0,0.0,-0.01,-1,-1,-0.01,-1,-1,-0.01,-1,-1,-0.01,-1,-1,-0.01,-1,-1,-0.01,-1,-1,-0.01,-1,-1,-0.01,-1,-1,-0.01,-1,-1,-0.01,-1,-1
99926009,2026-05-18 09:43:32+05:30,52957.2,0,0.0,0,0.0,0.0,53282.15,53308.4,52909.1,53710.35,0,0.0,0.0,0.0,0.0,-0.01,-1,-1,-0.01,-1,-1,-0.01,-1,-1,-0.01,-1,-1,-0.01,-1,-1,-0.01,-1,-1,-0.01,-1,-1,-0.01,-1,-1,-0.01,-1,-1,-0.01,-1,-1
99926009,2026-05-18 09:43:33+05:30,52958.75,0,0.0,0,0.0,0.0,53282.15,53308.4,52909.1,53710.35,0,0.0,0.0,0.0,0.0,-0.01,-1,-1,-0.01,-1,-1,-0.01,-1,-1,-0.01,-1,-1,-0.01,-1,-1,-0.01,-1,-1,-0.01,-1,-1,-0.01,-1,-1,-0.01,-1,-1,-0.01,-1,-1
99926009,2026-05-18 09:43:33+05:30,52957.3,0,0.0,0,0.0,0.0,53282.15,53308.4,52909.1,53710.35,0,0.0,0.0,0.0,0.0,-0.01,-1,-1,-0.01,-1,-1,-0.01,-1,-1,-0.01,-1,-1,-0.01,-1,-1,-0.01,-1,-1,-0.01,-1,-1,-0.01,-1,-1,-0.01,-1,-1,-0.01,-1,-1
99926009,2026-05-18 09:43:34+05:30,52957.1,0,0.0,0,0.0,0.0,53282.15,53308.4,52909.1,53710.35,0,0.0,0.0,0.0,0.0,-0.01,-1,-1,-0.01,-1,-1,-0.01,-1,-1,-0.01,-1,-1,-0.01,-1,-1,-0.01,-1,-1,-0.01,-1,-1,-0.01,-1,-1,-0.01,-1,-1,-0.01,-1,-1
99926009,2026-05-18 09:43:34+05:30,52956.45,0,0.0,0,0.0,0.0,53282.15,53308.4,52909.1,53710.35,0,0.0,0.0,0.0,0.0,-0.01,-1,-1,-0.01,-1,-1,-0.01,-1,-1,-0.01,-1,-1,-0.01,-1,-1,-0.01,-1,-1,-0.01,-1,-1,-0.01,-1,-1,-0.01,-1,-1,-0.01,-1,-1
99926009,2026-05-18 09:43:35+05:30,52955.9,0,0.0,0,0.0,0.0,53282.15,53308.4,52909.1,53710.35,0,0.0,0.0,0.0,0.0,-0.01,-1,-1,-0.01,-1,-1,-0.01,-1,-1,-0.01,-1,-1,-0.01,-1,-1,-0.01,-1,-1,-0.01,-1,-1,-0.01,-1,-1,-0.01,-1,-1,-0.01,-1,-1
99926009,2026-05-18 09:43:35+05:30,52955.3,0,0.0,0,0.0,0.0,53282.15,53308.4,52909.1,53710.35,0,0.0,0.0,0.0,0.0,-0.01,-1,-1,-0.01,-1,-1,-0.01,-1,-1,-0.01,-1,-1,-0.01,-1,-1,-0.01,-1,-1,-0.01,-1,-1,-0.01,-1,-1,-0.01,-1,-1,-0.01,-1,-1
99926009,2026-05-18 09:43:36+05:30,52956.5,0,0.0,0,0.0,0.0,53282.15,53308.4,52909.1,53710.35,0,0.0,0.0,0.0,0.0,-0.01,-1,-1,-0.01,-1,-1,-0.01,-1,-1,-0.01,-1,-1,-0.01,-1,-1,-0.01,-1,-1,-0.01,-1,-1,-0.01,-1,-1,-0.01,-1,-1,-0.01,-1,-1
99926009,2026-05-18 09:43:36+05:30,52957.9,0,0.0,0,0.0,0.0,53282.15,53308.4,52909.1,53710.35,0,0.0,0.0,0.0,0.0,-0.01,-1,-1,-0.01,-1,-1,-0.01,-1,-1,-0.01,-1,-1,-0.01,-1,-1,-0.01,-1,-1,-0.01,-1,-1,-0.01,-1,-1,-0.01,-1,-1,-0.01,-1,-1
99926009,2026-05-18 09:43:37+05:30,52958.35,0,0.0,0,0.0,0.0,53282.15,53308.4,52909.1,53710.35,0,0.0,0.0,0.0,0.0,-0.01,-1,-1,-0.01,-1,-1,-0.01,-1,-1,-0.01,-1,-1,-0.01,-1,-1,-0.01,-1,-1,-0.01,-1,-1,-0.01,-1,-1,-0.01,-1,-1,-0.01,-1,-1
99926009,2026-05-18 09:43:37+05:30,52956.6,0,0.0,0,0.0,0.0,53282.15,53308.4,52909.1,53710.35,0,0.0,0.0,0.0,0.0,-0.01,-1,-1,-0.01,-1,-1,-0.01,-1,-1,-0.01,-1,-1,-0.01,-1,-1,-0.01,-1,-1,-0.01,-1,-1,-0.01,-1,-1,-0.01,-1,-1,-0.01,-1,-1
99926009,2026-05-18 09:43:38+05:30,52955.85,0,0.0,0,0.0,0.0,53282.15,53308.4,52909.1,53710.35,0,0.0,0.0,0.0,0.0,-0.01,-1,-1,-0.01,-1,-1,-0.01,-1,-1,-0.01,-1,-1,-0.01,-1,-1,-0.01,-1,-1,-0.01,-1,-1,-0.01,-1,-1,-0.01,-1,-1,-0.01,-1,-1
99926009,2026-05-18 09:43:38+05:30,52956.25,0,0.0,0,0.0,0.0,53282.15,53308.4,52909.1,53710.35,0,0.0,0.0,0.0,0.0,-0.01,-1,-1,-0.01,-1,-1,-0.01,-1,-1,-0.01,-1,-1,-0.01,-1,-1,-0.01,-1,-1,-0.01,-1,-1,-0.01,-1,-1,-0.01,-1,-1,-0.01,-1,-1
99926009,2026-05-18 09:43:39+05:30,52957.25,0,0.0,0,0.0,0.0,53282.15,53308.4,52909.1,53710.35,0,0.0,0.0,0.0,0.0,-0.01,-1,-1,-0.01,-1,-1,-0.01,-1,-1,-0.01,-1,-1,-0.01,-1,-1,-0.01,-1,-1,-0.01,-1,-1,-0.01,-1,-1,-0.01,-1,-1,-0.01,-1,-1
99926009,2026-05-18 09:43:39+05:30,52959.5,0,0.0,0,0.0,0.0,53282.15,53308.4,52909.1,53710.35,0,0.0,0.0,0.0,0.0,-0.01,-1,-1,-0.01,-1,-1,-0.01,-1,-1,-0.01,-1,-1,-0.01,-1,-1,-0.01,-1,-1,-0.01,-1,-1,-0.01,-1,-1,-0.01,-1,-1,-0.01,-1,-1
99926009,2026-05-18 09:43:40+05:30,52956.85,0,0.0,0,0.0,0.0,53282.15,53308.4,52909.1,53710.35,0,0.0,0.0,0.0,0.0,-0.01,-1,-1,-0.01,-1,-1,-0.01,-1,-1,-0.01,-1,-1,-0.01,-1,-1,-0.01,-1,-1,-0.01,-1,-1,-0.01,-1,-1,-0.01,-1,-1,-0.01,-1,-1
99926009,2026-05-18 09:43:40+05:30,52953.65,0,0.0,0,0.0,0.0,53282.15,53308.4,52909.1,53710.35,0,0.0,0.0,0.0,0.0,-0.01,-1,-1,-0.01,-1,-1,-0.01,-1,-1,-0.01,-1,-1,-0.01,-1,-1,-0.01,-1,-1,-0.01,-1,-1,-0.01,-1,-1,-0.01,-1,-1,-0.01,-1,-1
99926009,2026-05-18 09:43:41+05:30,52953.9,0,0.0,0,0.0,0.0,53282.15,53308.4,52909.1,53710.35,0,0.0,0.0,0.0,0.0,-0.01,-1,-1,-0.01,-1,-1,-0.01,-1,-1,-0.01,-1,-1,-0.01,-1,-1,-0.01,-1,-1,-0.01,-1,-1,-0.01,-1,-1,-0.01,-1,-1,-0.01,-1,-1
99926009,2026-05-18 09:43:41+05:30,52958.65,0,0.0,0,0.0,0.0,53282.15,53308.4,52909.1,53710.35,0,0.0,0.0,0.0,0.0,-0.01,-1,-1,-0.01,-1,-1,-0.01,-1,-1,-0.01,-1,-1,-0.01,-1,-1,-0.01,-1,-1,-0.01,-1,-1,-0.01,-1,-1,-0.01,-1,-1,-0.01,-1,-1
99926009,2026-05-18 09:43:42+05:30,52958.2,0,0.0,0,0.0,0.0,53282.15,53308.4,52909.1,53710.35,0,0.0,0.0,0.0,0.0,-0.01,-1,-1,-0.01,-1,-1,-0.01,-1,-1,-0.01,-1,-1,-0.01,-1,-1,-0.01,-1,-1,-0.01,-1,-1,-0.01,-1,-1,-0.01,-1,-1,-0.01,-1,-1
99926009,2026-05-18 09:43:42+05:30,52953.75,0,0.0,0,0.0,0.0,53282.15,53308.4,52909.1,53710.35,0,0.0,0.0,0.0,0.0,-0.01,-1,-1,-0.01,-1,-1,-0.01,-1,-1,-0.01,-1,-1,-0.01,-1,-1,-0.01,-1,-1,-0.01,-1,-1,-0.01,-1,-1,-0.01,-1,-1,-0.01,-1,-1
99926009,2026-05-18 09:43:43+05:30,52957.4,0,0.0,0,0.0,0.0,53282.15,53308.4,52909.1,53710.35,0,0.0,0.0,0.0,0.0,-0.01,-1,-1,-0.01,-1,-1,-0.01,-1,-1,-0.01,-1,-1,-0.01,-1,-1,-0.01,-1,-1,-0.01,-1,-1,-0.01,-1,-1,-0.01,-1,-1,-0.01,-1,-1
99926009,2026-05-18 09:43:43+05:30,52957.6,0,0.0,0,0.0,0.0,53282.15,53308.4,52909.1,53710.35,0,0.0,0.0,0.0,0.0,-0.01,-1,-1,-0.01,-1,-1,-0.01,-1,-1,-0.01,-1,-1,-0.01,-1,-1,-0.01,-1,-1,-0.01,-1,-1,-0.01,-1,-1,-0.01,-1,-1,-0.01,-1,-1
99926009,2026-05-18 09:43:44+05:30,52953.1,0,0.0,0,0.0,0.0,53282.15,53308.4,52909.1,53710.35,0,0.0,0.0,0.0,0.0,-0.01,-1,-1,-0.01,-1,-1,-0.01,-1,-1,-0.01,-1,-1,-0.01,-1,-1,-0.01,-1,-1,-0.01,-1,-1,-0.01,-1,-1,-0.01,-1,-1,-0.01,-1,-1
99926009,2026-05-18 09:43:44+05:30,52955.95,0,0.0,0,0.0,0.0,53282.15,53308.4,52909.1,53710.35,0,0.0,0.0,0.0,0.0,-0.01,-1,-1,-0.01,-1,-1,-0.01,-1,-1,-0.01,-1,-1,-0.01,-1,-1,-0.01,-1,-1,-0.01,-1,-1,-0.01,-1,-1,-0.01,-1,-1,-0.01,-1,-1
99926009,2026-05-18 09:43:45+05:30,52956.6,0,0.0,0,0.0,0.0,53282.15,53308.4,52909.1,53710.35,0,0.0,0.0,0.0,0.0,-0.01,-1,-1,-0.01,-1,-1,-0.01,-1,-1,-0.01,-1,-1,-0.01,-1,-1,-0.01,-1,-1,-0.01,-1,-1,-0.01,-1,-1,-0.01,-1,-1,-0.01,-1,-1
99926009,2026-05-18 09:43:45+05:30,52958.45,0,0.0,0,0.0,0.0,53282.15,53308.4,52909.1,53710.35,0,0.0,0.0,0.0,0.0,-0.01,-1,-1,-0.01,-1,-1,-0.01,-1,-1,-0.01,-1,-1,-0.01,-1,-1,-0.01,-1,-1,-0.01,-1,-1,-0.01,-1,-1,-0.01,-1,-1,-0.01,-1,-1
99926009,2026-05-18 09:43:46+05:30,52958.95,0,0.0,0,0.0,0.0,53282.15,53308.4,52909.1,53710.35,0,0.0,0.0,0.0,0.0,-0.01,-1,-1,-0.01,-1,-1,-0.01,-1,-1,-0.01,-1,-1,-0.01,-1,-1,-0.01,-1,-1,-0.01,-1,-1,-0.01,-1,-1,-0.01,-1,-1,-0.01,-1,-1
99926009,2026-05-18 09:43:46+05:30,52949.2,0,0.0,0,0.0,0.0,53282.15,53308.4,52909.1,53710.35,0,0.0,0.0,0.0,0.0,-0.01,-1,-1,-0.01,-1,-1,-0.01,-1,-1,-0.01,-1,-1,-0.01,-1,-1,-0.01,-1,-1,-0.01,-1,-1,-0.01,-1,-1,-0.01,-1,-1,-0.01,-1,-1
99926009,2026-05-18 09:43:47+05:30,52953.8,0,0.0,0,0.0,0.0,53282.15,53308.4,52909.1,53710.35,0,0.0,0.0,0.0,0.0,-0.01,-1,-1,-0.01,-1,-1,-0.01,-1,-1,-0.01,-1,-1,-0.01,-1,-1,-0.01,-1,-1,-0.01,-1,-1,-0.01,-1,-1,-0.01,-1,-1,-0.01,-1,-1
99926009,2026-05-18 09:43:47+05:30,52949.3,0,0.0,0,0.0,0.0,53282.15,53308.4,52909.1,53710.35,0,0.0,0.0,0.0,0.0,-0.01,-1,-1,-0.01,-1,-1,-0.01,-1,-1,-0.01,-1,-1,-0.01,-1,-1,-0.01,-1,-1,-0.01,-1,-1,-0.01,-1,-1,-0.01,-1,-1,-0.01,-1,-1
99926009,2026-05-18 09:43:48+05:30,52954.1,0,0.0,0,0.0,0.0,53282.15,53308.4,52909.1,53710.35,0,0.0,0.0,0.0,0.0,-0.01,-1,-1,-0.01,-1,-1,-0.01,-1,-1,-0.01,-1,-1,-0.01,-1,-1,-0.01,-1,-1,-0.01,-1,-1,-0.01,-1,-1,-0.01,-1,-1,-0.01,-1,-1
99926009,2026-05-18 09:43:48+05:30,52958.25,0,0.0,0,0.0,0.0,53282.15,53308.4,52909.1,53710.35,0,0.0,0.0,0.0,0.0,-0.01,-1,-1,-0.01,-1,-1,-0.01,-1,-1,-0.01,-1,-1,-0.01,-1,-1,-0.01,-1,-1,-0.01,-1,-1,-0.01,-1,-1,-0.01,-1,-1,-0.01,-1,-1
99926009,2026-05-18 09:43:49+05:30,52958.25,0,0.0,0,0.0,0.0,53282.15,53308.4,52909.1,53710.35,0,0.0,0.0,0.0,0.0,-0.01,-1,-1,-0.01,-1,-1,-0.01,-1,-1,-0.01,-1,-1,-0.01,-1,-1,-0.01,-1,-1,-0.01,-1,-1,-0.01,-1,-1,-0.01,-1,-1,-0.01,-1,-1
99926009,2026-05-18 09:43:49+05:30,52958.75,0,0.0,0,0.0,0.0,53282.15,53308.4,52909.1,53710.35,0,0.0,0.0,0.0,0.0,-0.01,-1,-1,-0.01,-1,-1,-0.01,-1,-1,-0.01,-1,-1,-0.01,-1,-1,-0.01,-1,-1,-0.01,-1,-1,-0.01,-1,-1,-0.01,-1,-1,-0.01,-1,-1
99926009,2026-05-18 09:43:50+05:30,52958.25,0,0.0,0,0.0,0.0,53282.15,53308.4,52909.1,53710.35,0,0.0,0.0,0.0,0.0,-0.01,-1,-1,-0.01,-1,-1,-0.01,-1,-1,-0.01,-1,-1,-0.01,-1,-1,-0.01,-1,-1,-0.01,-1,-1,-0.01,-1,-1,-0.01,-1,-1,-0.01,-1,-1
99926009,2026-05-18 09:43:50+05:30,52957.75,0,0.0,0,0.0,0.0,53282.15,53308.4,52909.1,53710.35,0,0.0,0.0,0.0,0.0,-0.01,-1,-1,-0.01,-1,-1,-0.01,-1,-1,-0.01,-1,-1,-0.01,-1,-1,-0.01,-1,-1,-0.01,-1,-1,-0.01,-1,-1,-0.01,-1,-1,-0.01,-1,-1
99926009,2026-05-18 09:43:51+05:30,52958.25,0,0.0,0,0.0,0.0,53282.15,53308.4,52909.1,53710.35,0,0.0,0.0,0.0,0.0,-0.01,-1,-1,-0.01,-1,-1,-0.01,-1,-1,-0.01,-1,-1,-0.01,-1,-1,-0.01,-1,-1,-0.01,-1,-1,-0.01,-1,-1,-0.01,-1,-1,-0.01,-1,-1
99926009,2026-05-18 09:43:51+05:30,52958.7,0,0.0,0,0.0,0.0,53282.15,53308.4,52909.1,53710.35,0,0.0,0.0,0.0,0.0,-0.01,-1,-1,-0.01,-1,-1,-0.01,-1,-1,-0.01,-1,-1,-0.01,-1,-1,-0.01,-1,-1,-0.01,-1,-1,-0.01,-1,-1,-0.01,-1,-1,-0.01,-1,-1
99926009,2026-05-18 09:43:52+05:30,52956.3,0,0.0,0,0.0,0.0,53282.15,53308.4,52909.1,53710.35,0,0.0,0.0,0.0,0.0,-0.01,-1,-1,-0.01,-1,-1,-0.01,-1,-1,-0.01,-1,-1,-0.01,-1,-1,-0.01,-1,-1,-0.01,-1,-1,-0.01,-1,-1,-0.01,-1,-1,-0.01,-1,-1
99926009,2026-05-18 09:43:52+05:30,52954.9,0,0.0,0,0.0,0.0,53282.15,53308.4,52909.1,53710.35,0,0.0,0.0,0.0,0.0,-0.01,-1,-1,-0.01,-1,-1,-0.01,-1,-1,-0.01,-1,-1,-0.01,-1,-1,-0.01,-1,-1,-0.01,-1,-1,-0.01,-1,-1,-0.01,-1,-1,-0.01,-1,-1
99926009,2026-05-18 09:43:53+05:30,52953.4,0,0.0,0,0.0,0.0,53282.15,53308.4,52909.1,53710.35,0,0.0,0.0,0.0,0.0,-0.01,-1,-1,-0.01,-1,-1,-0.01,-1,-1,-0.01,-1,-1,-0.01,-1,-1,-0.01,-1,-1,-0.01,-1,-1,-0.01,-1,-1,-0.01,-1,-1,-0.01,-1,-1
99926009,2026-05-18 09:43:53+05:30,52956.65,0,0.0,0,0.0,0.0,53282.15,53308.4,52909.1,53710.35,0,0.0,0.0,0.0,0.0,-0.01,-1,-1,-0.01,-1,-1,-0.01,-1,-1,-0.01,-1,-1,-0.01,-1,-1,-0.01,-1,-1,-0.01,-1,-1,-0.01,-1,-1,-0.01,-1,-1,-0.01,-1,-1
99926009,2026-05-18 09:43:54+05:30,52958.15,0,0.0,0,0.0,0.0,53282.15,53308.4,52909.1,53710.35,0,0.0,0.0,0.0,0.0,-0.01,-1,-1,-0.01,-1,-1,-0.01,-1,-1,-0.01,-1,-1,-0.01,-1,-1,-0.01,-1,-1,-0.01,-1,-1,-0.01,-1,-1,-0.01,-1,-1,-0.01,-1,-1
99926009,2026-05-18 09:43:54+05:30,52962.95,0,0.0,0,0.0,0.0,53282.15,53308.4,52909.1,53710.35,0,0.0,0.0,0.0,0.0,-0.01,-1,-1,-0.01,-1,-1,-0.01,-1,-1,-0.01,-1,-1,-0.01,-1,-1,-0.01,-1,-1,-0.01,-1,-1,-0.01,-1,-1,-0.01,-1,-1,-0.01,-1,-1
99926009,2026-05-18 09:43:55+05:30,52962.0,0,0.0,0,0.0,0.0,53282.15,53308.4,52909.1,53710.35,0,0.0,0.0,0.0,0.0,-0.01,-1,-1,-0.01,-1,-1,-0.01,-1,-1,-0.01,-1,-1,-0.01,-1,-1,-0.01,-1,-1,-0.01,-1,-1,-0.01,-1,-1,-0.01,-1,-1,-0.01,-1,-1
99926009,2026-05-18 09:43:55+05:30,52965.85,0,0.0,0,0.0,0.0,53282.15,53308.4,52909.1,53710.35,0,0.0,0.0,0.0,0.0,-0.01,-1,-1,-0.01,-1,-1,-0.01,-1,-1,-0.01,-1,-1,-0.01,-1,-1,-0.01,-1,-1,-0.01,-1,-1,-0.01,-1,-1,-0.01,-1,-1,-0.01,-1,-1
99926009,2026-05-18 09:43:56+05:30,52960.55,0,0.0,0,0.0,0.0,53282.15,53308.4,52909.1,53710.35,0,0.0,0.0,0.0,0.0,-0.01,-1,-1,-0.01,-1,-1,-0.01,-1,-1,-0.01,-1,-1,-0.01,-1,-1,-0.01,-1,-1,-0.01,-1,-1,-0.01,-1,-1,-0.01,-1,-1,-0.01,-1,-1
99926009,2026-05-18 09:43:56+05:30,52959.2,0,0.0,0,0.0,0.0,53282.15,53308.4,52909.1,53710.35,0,0.0,0.0,0.0,0.0,-0.01,-1,-1,-0.01,-1,-1,-0.01,-1,-1,-0.01,-1,-1,-0.01,-1,-1,-0.01,-1,-1,-0.01,-1,-1,-0.01,-1,-1,-0.01,-1,-1,-0.01,-1,-1
99926009,2026-05-18 09:43:57+05:30,52962.1,0,0.0,0,0.0,0.0,53282.15,53308.4,52909.1,53710.35,0,0.0,0.0,0.0,0.0,-0.01,-1,-1,-0.01,-1,-1,-0.01,-1,-1,-0.01,-1,-1,-0.01,-1,-1,-0.01,-1,-1,-0.01,-1,-1,-0.01,-1,-1,-0.01,-1,-1,-0.01,-1,-1
99926009,2026-05-18 09:43:57+05:30,52957.3,0,0.0,0,0.0,0.0,53282.15,53308.4,52909.1,53710.35,0,0.0,0.0,0.0,0.0,-0.01,-1,-1,-0.01,-1,-1,-0.01,-1,-1,-0.01,-1,-1,-0.01,-1,-1,-0.01,-1,-1,-0.01,-1,-1,-0.01,-1,-1,-0.01,-1,-1,-0.01,-1,-1
99926009,2026-05-18 09:43:58+05:30,52954.6,0,0.0,0,0.0,0.0,53282.15,53308.4,52909.1,53710.35,0,0.0,0.0,0.0,0.0,-0.01,-1,-1,-0.01,-1,-1,-0.01,-1,-1,-0.01,-1,-1,-0.01,-1,-1,-0.01,-1,-1,-0.01,-1,-1,-0.01,-1,-1,-0.01,-1,-1,-0.01,-1,-1
99926009,2026-05-18 09:43:58+05:30,52952.6,0,0.0,0,0.0,0.0,53282.15,53308.4,52909.1,53710.35,0,0.0,0.0,0.0,0.0,-0.01,-1,-1,-0.01,-1,-1,-0.01,-1,-1,-0.01,-1,-1,-0.01,-1,-1,-0.01,-1,-1,-0.01,-1,-1,-0.01,-1,-1,-0.01,-1,-1,-0.01,-1,-1
99926009,2026-05-18 09:43:59+05:30,52954.75,0,0.0,0,0.0,0.0,53282.15,53308.4,52909.1,53710.35,0,0.0,0.0,0.0,0.0,-0.01,-1,-1,-0.01,-1,-1,-0.01,-1,-1,-0.01,-1,-1,-0.01,-1,-1,-0.01,-1,-1,-0.01,-1,-1,-0.01,-1,-1,-0.01,-1,-1,-0.01,-1,-1
99926009,2026-05-18 09:43:59+05:30,52955.6,0,0.0,0,0.0,0.0,53282.15,53308.4,52909.1,53710.35,0,0.0,0.0,0.0,0.0,-0.01,-1,-1,-0.01,-1,-1,-0.01,-1,-1,-0.01,-1,-1,-0.01,-1,-1,-0.01,-1,-1,-0.01,-1,-1,-0.01,-1,-1,-0.01,-1,-1,-0.01,-1,-1
99926009,2026-05-18 09:44:00+05:30,52956.5,0,0.0,0,0.0,0.0,53282.15,53308.4,52909.1,53710.35,0,0.0,0.0,0.0,0.0,-0.01,-1,-1,-0.01,-1,-1,-0.01,-1,-1,-0.01,-1,-1,-0.01,-1,-1,-0.01,-1,-1,-0.01,-1,-1,-0.01,-1,-1,-0.01,-1,-1,-0.01,-1,-1
99926009,2026-05-18 09:44:00+05:30,52954.7,0,0.0,0,0.0,0.0,53282.15,53308.4,52909.1,53710.35,0,0.0,0.0,0.0,0.0,-0.01,-1,-1,-0.01,-1,-1,-0.01,-1,-1,-0.01,-1,-1,-0.01,-1,-1,-0.01,-1,-1,-0.01,-1,-1,-0.01,-1,-1,-0.01,-1,-1,-0.01,-1,-1
99926009,2026-05-18 09:44:01+05:30,52960.3,0,0.0,0,0.0,0.0,53282.15,53308.4,52909.1,53710.35,0,0.0,0.0,0.0,0.0,-0.01,-1,-1,-0.01,-1,-1,-0.01,-1,-1,-0.01,-1,-1,-0.01,-1,-1,-0.01,-1,-1,-0.01,-1,-1,-0.01,-1,-1,-0.01,-1,-1,-0.01,-1,-1
99926009,2026-05-18 09:44:01+05:30,52965.85,0,0.0,0,0.0,0.0,53282.15,53308.4,52909.1,53710.35,0,0.0,0.0,0.0,0.0,-0.01,-1,-1,-0.01,-1,-1,-0.01,-1,-1,-0.01,-1,-1,-0.01,-1,-1,-0.01,-1,-1,-0.01,-1,-1,-0.01,-1,-1,-0.01,-1,-1,-0.01,-1,-1
99926009,2026-05-18 09:44:02+05:30,52963.55,0,0.0,0,0.0,0.0,53282.15,53308.4,52909.1,53710.35,0,0.0,0.0,0.0,0.0,-0.01,-1,-1,-0.01,-1,-1,-0.01,-1,-1,-0.01,-1,-1,-0.01,-1,-1,-0.01,-1,-1,-0.01,-1,-1,-0.01,-1,-1,-0.01,-1,-1,-0.01,-1,-1
99926009,2026-05-18 09:44:02+05:30,52966.6,0,0.0,0,0.0,0.0,53282.15,53308.4,52909.1,53710.35,0,0.0,0.0,0.0,0.0,-0.01,-1,-1,-0.01,-1,-1,-0.01,-1,-1,-0.01,-1,-1,-0.01,-1,-1,-0.01,-1,-1,-0.01,-1,-1,-0.01,-1,-1,-0.01,-1,-1,-0.01,-1,-1
99926009,2026-05-18 09:44:03+05:30,52966.45,0,0.0,0,0.0,0.0,53282.15,53308.4,52909.1,53710.35,0,0.0,0.0,0.0,0.0,-0.01,-1,-1,-0.01,-1,-1,-0.01,-1,-1,-0.01,-1,-1,-0.01,-1,-1,-0.01,-1,-1,-0.01,-1,-1,-0.01,-1,-1,-0.01,-1,-1,-0.01,-1,-1
99926009,2026-05-18 09:44:03+05:30,52963.35,0,0.0,0,0.0,0.0,53282.15,53308.4,52909.1,53710.35,0,0.0,0.0,0.0,0.0,-0.01,-1,-1,-0.01,-1,-1,-0.01,-1,-1,-0.01,-1,-1,-0.01,-1,-1,-0.01,-1,-1,-0.01,-1,-1,-0.01,-1,-1,-0.01,-1,-1,-0.01,-1,-1
99926009,2026-05-18 09:44:04+05:30,52961.45,0,0.0,0,0.0,0.0,53282.15,53308.4,52909.1,53710.35,0,0.0,0.0,0.0,0.0,-0.01,-1,-1,-0.01,-1,-1,-0.01,-1,-1,-0.01,-1,-1,-0.01,-1,-1,-0.01,-1,-1,-0.01,-1,-1,-0.01,-1,-1,-0.01,-1,-1,-0.01,-1,-1
99926009,2026-05-18 09:44:04+05:30,52965.65,0,0.0,0,0.0,0.0,53282.15,53308.4,52909.1,53710.35,0,0.0,0.0,0.0,0.0,-0.01,-1,-1,-0.01,-1,-1,-0.01,-1,-1,-0.01,-1,-1,-0.01,-1,-1,-0.01,-1,-1,-0.01,-1,-1,-0.01,-1,-1,-0.01,-1,-1,-0.01,-1,-1
99926009,2026-05-18 09:44:05+05:30,52966.55,0,0.0,0,0.0,0.0,53282.15,53308.4,52909.1,53710.35,0,0.0,0.0,0.0,0.0,-0.01,-1,-1,-0.01,-1,-1,-0.01,-1,-1,-0.01,-1,-1,-0.01,-1,-1,-0.01,-1,-1,-0.01,-1,-1,-0.01,-1,-1,-0.01,-1,-1,-0.01,-1,-1
99926009,2026-05-18 09:44:05+05:30,52973.9,0,0.0,0,0.0,0.0,53282.15,53308.4,52909.1,53710.35,0,0.0,0.0,0.0,0.0,-0.01,-1,-1,-0.01,-1,-1,-0.01,-1,-1,-0.01,-1,-1,-0.01,-1,-1,-0.01,-1,-1,-0.01,-1,-1,-0.01,-1,-1,-0.01,-1,-1,-0.01,-1,-1
99926009,2026-05-18 09:44:06+05:30,52973.35,0,0.0,0,0.0,0.0,53282.15,53308.4,52909.1,53710.35,0,0.0,0.0,0.0,0.0,-0.01,-1,-1,-0.01,-1,-1,-0.01,-1,-1,-0.01,-1,-1,-0.01,-1,-1,-0.01,-1,-1,-0.01,-1,-1,-0.01,-1,-1,-0.01,-1,-1,-0.01,-1,-1
99926009,2026-05-18 09:44:06+05:30,52973.8,0,0.0,0,0.0,0.0,53282.15,53308.4,52909.1,53710.35,0,0.0,0.0,0.0,0.0,-0.01,-1,-1,-0.01,-1,-1,-0.01,-1,-1,-0.01,-1,-1,-0.01,-1,-1,-0.01,-1,-1,-0.01,-1,-1,-0.01,-1,-1,-0.01,-1,-1,-0.01,-1,-1
99926009,2026-05-18 09:44:07+05:30,52974.0,0,0.0,0,0.0,0.0,53282.15,53308.4,52909.1,53710.35,0,0.0,0.0,0.0,0.0,-0.01,-1,-1,-0.01,-1,-1,-0.01,-1,-1,-0.01,-1,-1,-0.01,-1,-1,-0.01,-1,-1,-0.01,-1,-1,-0.01,-1,-1,-0.01,-1,-1,-0.01,-1,-1
99926009,2026-05-18 09:44:07+05:30,52976.1,0,0.0,0,0.0,0.0,53282.15,53308.4,52909.1,53710.35,0,0.0,0.0,0.0,0.0,-0.01,-1,-1,-0.01,-1,-1,-0.01,-1,-1,-0.01,-1,-1,-0.01,-1,-1,-0.01,-1,-1,-0.01,-1,-1,-0.01,-1,-1,-0.01,-1,-1,-0.01,-1,-1
99926009,2026-05-18 09:44:08+05:30,52975.6,0,0.0,0,0.0,0.0,53282.15,53308.4,52909.1,53710.35,0,0.0,0.0,0.0,0.0,-0.01,-1,-1,-0.01,-1,-1,-0.01,-1,-1,-0.01,-1,-1,-0.01,-1,-1,-0.01,-1,-1,-0.01,-1,-1,-0.01,-1,-1,-0.01,-1,-1,-0.01,-1,-1
99926009,2026-05-18 09:44:08+05:30,52974.8,0,0.0,0,0.0,0.0,53282.15,53308.4,52909.1,53710.35,0,0.0,0.0,0.0,0.0,-0.01,-1,-1,-0.01,-1,-1,-0.01,-1,-1,-0.01,-1,-1,-0.01,-1,-1,-0.01,-1,-1,-0.01,-1,-1,-0.01,-1,-1,-0.01,-1,-1,-0.01,-1,-1
99926009,2026-05-18 09:44:09+05:30,52976.15,0,0.0,0,0.0,0.0,53282.15,53308.4,52909.1,53710.35,0,0.0,0.0,0.0,0.0,-0.01,-1,-1,-0.01,-1,-1,-0.01,-1,-1,-0.01,-1,-1,-0.01,-1,-1,-0.01,-1,-1,-0.01,-1,-1,-0.01,-1,-1,-0.01,-1,-1,-0.01,-1,-1
99926009,2026-05-18 09:44:09+05:30,52977.1,0,0.0,0,0.0,0.0,53282.15,53308.4,52909.1,53710.35,0,0.0,0.0,0.0,0.0,-0.01,-1,-1,-0.01,-1,-1,-0.01,-1,-1,-0.01,-1,-1,-0.01,-1,-1,-0.01,-1,-1,-0.01,-1,-1,-0.01,-1,-1,-0.01,-1,-1,-0.01,-1,-1
99926009,2026-05-18 09:44:10+05:30,52975.55,0,0.0,0,0.0,0.0,53282.15,53308.4,52909.1,53710.35,0,0.0,0.0,0.0,0.0,-0.01,-1,-1,-0.01,-1,-1,-0.01,-1,-1,-0.01,-1,-1,-0.01,-1,-1,-0.01,-1,-1,-0.01,-1,-1,-0.01,-1,-1,-0.01,-1,-1,-0.01,-1,-1
99926009,2026-05-18 09:44:10+05:30,52977.0,0,0.0,0,0.0,0.0,53282.15,53308.4,52909.1,53710.35,0,0.0,0.0,0.0,0.0,-0.01,-1,-1,-0.01,-1,-1,-0.01,-1,-1,-0.01,-1,-1,-0.01,-1,-1,-0.01,-1,-1,-0.01,-1,-1,-0.01,-1,-1,-0.01,-1,-1,-0.01,-1,-1
99926009,2026-05-18 09:44:11+05:30,52974.6,0,0.0,0,0.0,0.0,53282.15,53308.4,52909.1,53710.35,0,0.0,0.0,0.0,0.0,-0.01,-1,-1,-0.01,-1,-1,-0.01,-1,-1,-0.01,-1,-1,-0.01,-1,-1,-0.01,-1,-1,-0.01,-1,-1,-0.01,-1,-1,-0.01,-1,-1,-0.01,-1,-1
99926009,2026-05-18 09:44:11+05:30,52976.6,0,0.0,0,0.0,0.0,53282.15,53308.4,52909.1,53710.35,0,0.0,0.0,0.0,0.0,-0.01,-1,-1,-0.01,-1,-1,-0.01,-1,-1,-0.01,-1,-1,-0.01,-1,-1,-0.01,-1,-1,-0.01,-1,-1,-0.01,-1,-1,-0.01,-1,-1,-0.01,-1,-1
99926009,2026-05-18 09:44:12+05:30,52976.6,0,0.0,0,0.0,0.0,53282.15,53308.4,52909.1,53710.35,0,0.0,0.0,0.0,0.0,-0.01,-1,-1,-0.01,-1,-1,-0.01,-1,-1,-0.01,-1,-1,-0.01,-1,-1,-0.01,-1,-1,-0.01,-1,-1,-0.01,-1,-1,-0.01,-1,-1,-0.01,-1,-1
99926009,2026-05-18 09:44:12+05:30,52973.8,0,0.0,0,0.0,0.0,53282.15,53308.4,52909.1,53710.35,0,0.0,0.0,0.0,0.0,-0.01,-1,-1,-0.01,-1,-1,-0.01,-1,-1,-0.01,-1,-1,-0.01,-1,-1,-0.01,-1,-1,-0.01,-1,-1,-0.01,-1,-1,-0.01,-1,-1,-0.01,-1,-1
99926009,2026-05-18 09:44:13+05:30,52972.95,0,0.0,0,0.0,0.0,53282.15,53308.4,52909.1,53710.35,0,0.0,0.0,0.0,0.0,-0.01,-1,-1,-0.01,-1,-1,-0.01,-1,-1,-0.01,-1,-1,-0.01,-1,-1,-0.01,-1,-1,-0.01,-1,-1,-0.01,-1,-1,-0.01,-1,-1,-0.01,-1,-1
99926009,2026-05-18 09:44:13+05:30,52974.9,0,0.0,0,0.0,0.0,53282.15,53308.4,52909.1,53710.35,0,0.0,0.0,0.0,0.0,-0.01,-1,-1,-0.01,-1,-1,-0.01,-1,-1,-0.01,-1,-1,-0.01,-1,-1,-0.01,-1,-1,-0.01,-1,-1,-0.01,-1,-1,-0.01,-1,-1,-0.01,-1,-1
99926009,2026-05-18 09:44:14+05:30,52974.1,0,0.0,0,0.0,0.0,53282.15,53308.4,52909.1,53710.35,0,0.0,0.0,0.0,0.0,-0.01,-1,-1,-0.01,-1,-1,-0.01,-1,-1,-0.01,-1,-1,-0.01,-1,-1,-0.01,-1,-1,-0.01,-1,-1,-0.01,-1,-1,-0.01,-1,-1,-0.01,-1,-1
99926009,2026-05-18 09:44:14+05:30,52974.2,0,0.0,0,0.0,0.0,53282.15,53308.4,52909.1,53710.35,0,0.0,0.0,0.0,0.0,-0.01,-1,-1,-0.01,-1,-1,-0.01,-1,-1,-0.01,-1,-1,-0.01,-1,-1,-0.01,-1,-1,-0.01,-1,-1,-0.01,-1,-1,-0.01,-1,-1,-0.01,-1,-1
99926009,2026-05-18 09:44:15+05:30,52972.5,0,0.0,0,0.0,0.0,53282.15,53308.4,52909.1,53710.35,0,0.0,0.0,0.0,0.0,-0.01,-1,-1,-0.01,-1,-1,-0.01,-1,-1,-0.01,-1,-1,-0.01,-1,-1,-0.01,-1,-1,-0.01,-1,-1,-0.01,-1,-1,-0.01,-1,-1,-0.01,-1,-1
99926009,2026-05-18 09:44:15+05:30,52974.3,0,0.0,0,0.0,0.0,53282.15,53308.4,52909.1,53710.35,0,0.0,0.0,0.0,0.0,-0.01,-1,-1,-0.01,-1,-1,-0.01,-1,-1,-0.01,-1,-1,-0.01,-1,-1,-0.01,-1,-1,-0.01,-1,-1,-0.01,-1,-1,-0.01,-1,-1,-0.01,-1,-1
99926009,2026-05-18 09:44:16+05:30,52974.25,0,0.0,0,0.0,0.0,53282.15,53308.4,52909.1,53710.35,0,0.0,0.0,0.0,0.0,-0.01,-1,-1,-0.01,-1,-1,-0.01,-1,-1,-0.01,-1,-1,-0.01,-1,-1,-0.01,-1,-1,-0.01,-1,-1,-0.01,-1,-1,-0.01,-1,-1,-0.01,-1,-1
99926009,2026-05-18 09:44:16+05:30,52975.8,0,0.0,0,0.0,0.0,53282.15,53308.4,52909.1,53710.35,0,0.0,0.0,0.0,0.0,-0.01,-1,-1,-0.01,-1,-1,-0.01,-1,-1,-0.01,-1,-1,-0.01,-1,-1,-0.01,-1,-1,-0.01,-1,-1,-0.01,-1,-1,-0.01,-1,-1,-0.01,-1,-1
99926009,2026-05-18 09:44:17+05:30,52973.25,0,0.0,0,0.0,0.0,53282.15,53308.4,52909.1,53710.35,0,0.0,0.0,0.0,0.0,-0.01,-1,-1,-0.01,-1,-1,-0.01,-1,-1,-0.01,-1,-1,-0.01,-1,-1,-0.01,-1,-1,-0.01,-1,-1,-0.01,-1,-1,-0.01,-1,-1,-0.01,-1,-1
99926009,2026-05-18 09:44:17+05:30,52975.5,0,0.0,0,0.0,0.0,53282.15,53308.4,52909.1,53710.35,0,0.0,0.0,0.0,0.0,-0.01,-1,-1,-0.01,-1,-1,-0.01,-1,-1,-0.01,-1,-1,-0.01,-1,-1,-0.01,-1,-1,-0.01,-1,-1,-0.01,-1,-1,-0.01,-1,-1,-0.01,-1,-1
99926009,2026-05-18 09:44:18+05:30,52974.95,0,0.0,0,0.0,0.0,53282.15,53308.4,52909.1,53710.35,0,0.0,0.0,0.0,0.0,-0.01,-1,-1,-0.01,-1,-1,-0.01,-1,-1,-0.01,-1,-1,-0.01,-1,-1,-0.01,-1,-1,-0.01,-1,-1,-0.01,-1,-1,-0.01,-1,-1,-0.01,-1,-1
99926009,2026-05-18 09:44:18+05:30,52973.55,0,0.0,0,0.0,0.0,53282.15,53308.4,52909.1,53710.35,0,0.0,0.0,0.0,0.0,-0.01,-1,-1,-0.01,-1,-1,-0.01,-1,-1,-0.01,-1,-1,-0.01,-1,-1,-0.01,-1,-1,-0.01,-1,-1,-0.01,-1,-1,-0.01,-1,-1,-0.01,-1,-1
99926009,2026-05-18 09:44:19+05:30,52969.9,0,0.0,0,0.0,0.0,53282.15,53308.4,52909.1,53710.35,0,0.0,0.0,0.0,0.0,-0.01,-1,-1,-0.01,-1,-1,-0.01,-1,-1,-0.01,-1,-1,-0.01,-1,-1,-0.01,-1,-1,-0.01,-1,-1,-0.01,-1,-1,-0.01,-1,-1,-0.01,-1,-1
99926009,2026-05-18 09:44:19+05:30,52968.75,0,0.0,0,0.0,0.0,53282.15,53308.4,52909.1,53710.35,0,0.0,0.0,0.0,0.0,-0.01,-1,-1,-0.01,-1,-1,-0.01,-1,-1,-0.01,-1,-1,-0.01,-1,-1,-0.01,-1,-1,-0.01,-1,-1,-0.01,-1,-1,-0.01,-1,-1,-0.01,-1,-1
99926009,2026-05-18 09:44:20+05:30,52969.25,0,0.0,0,0.0,0.0,53282.15,53308.4,52909.1,53710.35,0,0.0,0.0,0.0,0.0,-0.01,-1,-1,-0.01,-1,-1,-0.01,-1,-1,-0.01,-1,-1,-0.01,-1,-1,-0.01,-1,-1,-0.01,-1,-1,-0.01,-1,-1,-0.01,-1,-1,-0.01,-1,-1
99926009,2026-05-18 09:44:20+05:30,52970.95,0,0.0,0,0.0,0.0,53282.15,53308.4,52909.1,53710.35,0,0.0,0.0,0.0,0.0,-0.01,-1,-1,-0.01,-1,-1,-0.01,-1,-1,-0.01,-1,-1,-0.01,-1,-1,-0.01,-1,-1,-0.01,-1,-1,-0.01,-1,-1,-0.01,-1,-1,-0.01,-1,-1
99926009,2026-05-18 09:44:21+05:30,52969.75,0,0.0,0,0.0,0.0,53282.15,53308.4,52909.1,53710.35,0,0.0,0.0,0.0,0.0,-0.01,-1,-1,-0.01,-1,-1,-0.01,-1,-1,-0.01,-1,-1,-0.01,-1,-1,-0.01,-1,-1,-0.01,-1,-1,-0.01,-1,-1,-0.01,-1,-1,-0.01,-1,-1
99926009,2026-05-18 09:44:21+05:30,52970.75,0,0.0,0,0.0,0.0,53282.15,53308.4,52909.1,53710.35,0,0.0,0.0,0.0,0.0,-0.01,-1,-1,-0.01,-1,-1,-0.01,-1,-1,-0.01,-1,-1,-0.01,-1,-1,-0.01,-1,-1,-0.01,-1,-1,-0.01,-1,-1,-0.01,-1,-1,-0.01,-1,-1
99926009,2026-05-18 09:44:22+05:30,52970.65,0,0.0,0,0.0,0.0,53282.15,53308.4,52909.1,53710.35,0,0.0,0.0,0.0,0.0,-0.01,-1,-1,-0.01,-1,-1,-0.01,-1,-1,-0.01,-1,-1,-0.01,-1,-1,-0.01,-1,-1,-0.01,-1,-1,-0.01,-1,-1,-0.01,-1,-1,-0.01,-1,-1
99926009,2026-05-18 09:44:22+05:30,52970.15,0,0.0,0,0.0,0.0,53282.15,53308.4,52909.1,53710.35,0,0.0,0.0,0.0,0.0,-0.01,-1,-1,-0.01,-1,-1,-0.01,-1,-1,-0.01,-1,-1,-0.01,-1,-1,-0.01,-1,-1,-0.01,-1,-1,-0.01,-1,-1,-0.01,-1,-1,-0.01,-1,-1
99926009,2026-05-18 09:44:23+05:30,52969.95,0,0.0,0,0.0,0.0,53282.15,53308.4,52909.1,53710.35,0,0.0,0.0,0.0,0.0,-0.01,-1,-1,-0.01,-1,-1,-0.01,-1,-1,-0.01,-1,-1,-0.01,-1,-1,-0.01,-1,-1,-0.01,-1,-1,-0.01,-1,-1,-0.01,-1,-1,-0.01,-1,-1
99926009,2026-05-18 09:44:23+05:30,52968.9,0,0.0,0,0.0,0.0,53282.15,53308.4,52909.1,53710.35,0,0.0,0.0,0.0,0.0,-0.01,-1,-1,-0.01,-1,-1,-0.01,-1,-1,-0.01,-1,-1,-0.01,-1,-1,-0.01,-1,-1,-0.01,-1,-1,-0.01,-1,-1,-0.01,-1,-1,-0.01,-1,-1
99926009,2026-05-18 09:44:24+05:30,52966.8,0,0.0,0,0.0,0.0,53282.15,53308.4,52909.1,53710.35,0,0.0,0.0,0.0,0.0,-0.01,-1,-1,-0.01,-1,-1,-0.01,-1,-1,-0.01,-1,-1,-0.01,-1,-1,-0.01,-1,-1,-0.01,-1,-1,-0.01,-1,-1,-0.01,-1,-1,-0.01,-1,-1
99926009,2026-05-18 09:44:24+05:30,52968.85,0,0.0,0,0.0,0.0,53282.15,53308.4,52909.1,53710.35,0,0.0,0.0,0.0,0.0,-0.01,-1,-1,-0.01,-1,-1,-0.01,-1,-1,-0.01,-1,-1,-0.01,-1,-1,-0.01,-1,-1,-0.01,-1,-1,-0.01,-1,-1,-0.01,-1,-1,-0.01,-1,-1
99926009,2026-05-18 09:44:25+05:30,52964.25,0,0.0,0,0.0,0.0,53282.15,53308.4,52909.1,53710.35,0,0.0,0.0,0.0,0.0,-0.01,-1,-1,-0.01,-1,-1,-0.01,-1,-1,-0.01,-1,-1,-0.01,-1,-1,-0.01,-1,-1,-0.01,-1,-1,-0.01,-1,-1,-0.01,-1,-1,-0.01,-1,-1
99926009,2026-05-18 09:44:25+05:30,52963.4,0,0.0,0,0.0,0.0,53282.15,53308.4,52909.1,53710.35,0,0.0,0.0,0.0,0.0,-0.01,-1,-1,-0.01,-1,-1,-0.01,-1,-1,-0.01,-1,-1,-0.01,-1,-1,-0.01,-1,-1,-0.01,-1,-1,-0.01,-1,-1,-0.01,-1,-1,-0.01,-1,-1
99926009,2026-05-18 09:44:26+05:30,52960.15,0,0.0,0,0.0,0.0,53282.15,53308.4,52909.1,53710.35,0,0.0,0.0,0.0,0.0,-0.01,-1,-1,-0.01,-1,-1,-0.01,-1,-1,-0.01,-1,-1,-0.01,-1,-1,-0.01,-1,-1,-0.01,-1,-1,-0.01,-1,-1,-0.01,-1,-1,-0.01,-1,-1
99926009,2026-05-18 09:44:26+05:30,52959.7,0,0.0,0,0.0,0.0,53282.15,53308.4,52909.1,53710.35,0,0.0,0.0,0.0,0.0,-0.01,-1,-1,-0.01,-1,-1,-0.01,-1,-1,-0.01,-1,-1,-0.01,-1,-1,-0.01,-1,-1,-0.01,-1,-1,-0.01,-1,-1,-0.01,-1,-1,-0.01,-1,-1
99926009,2026-05-18 09:44:27+05:30,52959.25,0,0.0,0,0.0,0.0,53282.15,53308.4,52909.1,53710.35,0,0.0,0.0,0.0,0.0,-0.01,-1,-1,-0.01,-1,-1,-0.01,-1,-1,-0.01,-1,-1,-0.01,-1,-1,-0.01,-1,-1,-0.01,-1,-1,-0.01,-1,-1,-0.01,-1,-1,-0.01,-1,-1
99926009,2026-05-18 09:44:27+05:30,52954.75,0,0.0,0,0.0,0.0,53282.15,53308.4,52909.1,53710.35,0,0.0,0.0,0.0,0.0,-0.01,-1,-1,-0.01,-1,-1,-0.01,-1,-1,-0.01,-1,-1,-0.01,-1,-1,-0.01,-1,-1,-0.01,-1,-1,-0.01,-1,-1,-0.01,-1,-1,-0.01,-1,-1
99926009,2026-05-18 09:44:28+05:30,52952.6,0,0.0,0,0.0,0.0,53282.15,53308.4,52909.1,53710.35,0,0.0,0.0,0.0,0.0,-0.01,-1,-1,-0.01,-1,-1,-0.01,-1,-1,-0.01,-1,-1,-0.01,-1,-1,-0.01,-1,-1,-0.01,-1,-1,-0.01,-1,-1,-0.01,-1,-1,-0.01,-1,-1
99926009,2026-05-18 09:44:28+05:30,52959.6,0,0.0,0,0.0,0.0,53282.15,53308.4,52909.1,53710.35,0,0.0,0.0,0.0,0.0,-0.01,-1,-1,-0.01,-1,-1,-0.01,-1,-1,-0.01,-1,-1,-0.01,-1,-1,-0.01,-1,-1,-0.01,-1,-1,-0.01,-1,-1,-0.01,-1,-1,-0.01,-1,-1
99926009,2026-05-18 09:44:29+05:30,52958.45,0,0.0,0,0.0,0.0,53282.15,53308.4,52909.1,53710.35,0,0.0,0.0,0.0,0.0,-0.01,-1,-1,-0.01,-1,-1,-0.01,-1,-1,-0.01,-1,-1,-0.01,-1,-1,-0.01,-1,-1,-0.01,-1,-1,-0.01,-1,-1,-0.01,-1,-1,-0.01,-1,-1
99926009,2026-05-18 09:44:29+05:30,52956.05,0,0.0,0,0.0,0.0,53282.15,53308.4,52909.1,53710.35,0,0.0,0.0,0.0,0.0,-0.01,-1,-1,-0.01,-1,-1,-0.01,-1,-1,-0.01,-1,-1,-0.01,-1,-1,-0.01,-1,-1,-0.01,-1,-1,-0.01,-1,-1,-0.01,-1,-1,-0.01,-1,-1
99926009,2026-05-18 09:44:30+05:30,52955.95,0,0.0,0,0.0,0.0,53282.15,53308.4,52909.1,53710.35,0,0.0,0.0,0.0,0.0,-0.01,-1,-1,-0.01,-1,-1,-0.01,-1,-1,-0.01,-1,-1,-0.01,-1,-1,-0.01,-1,-1,-0.01,-1,-1,-0.01,-1,-1,-0.01,-1,-1,-0.01,-1,-1
99926009,2026-05-18 09:44:30+05:30,52958.15,0,0.0,0,0.0,0.0,53282.15,53308.4,52909.1,53710.35,0,0.0,0.0,0.0,0.0,-0.01,-1,-1,-0.01,-1,-1,-0.01,-1,-1,-0.01,-1,-1,-0.01,-1,-1,-0.01,-1,-1,-0.01,-1,-1,-0.01,-1,-1,-0.01,-1,-1,-0.01,-1,-1
99926009,2026-05-18 09:44:31+05:30,52957.6,0,0.0,0,0.0,0.0,53282.15,53308.4,52909.1,53710.35,0,0.0,0.0,0.0,0.0,-0.01,-1,-1,-0.01,-1,-1,-0.01,-1,-1,-0.01,-1,-1,-0.01,-1,-1,-0.01,-1,-1,-0.01,-1,-1,-0.01,-1,-1,-0.01,-1,-1,-0.01,-1,-1
99926009,2026-05-18 09:44:31+05:30,52957.75,0,0.0,0,0.0,0.0,53282.15,53308.4,52909.1,53710.35,0,0.0,0.0,0.0,0.0,-0.01,-1,-1,-0.01,-1,-1,-0.01,-1,-1,-0.01,-1,-1,-0.01,-1,-1,-0.01,-1,-1,-0.01,-1,-1,-0.01,-1,-1,-0.01,-1,-1,-0.01,-1,-1
99926009,2026-05-18 09:44:32+05:30,52958.3,0,0.0,0,0.0,0.0,53282.15,53308.4,52909.1,53710.35,0,0.0,0.0,0.0,0.0,-0.01,-1,-1,-0.01,-1,-1,-0.01,-1,-1,-0.01,-1,-1,-0.01,-1,-1,-0.01,-1,-1,-0.01,-1,-1,-0.01,-1,-1,-0.01,-1,-1,-0.01,-1,-1
99926009,2026-05-18 09:44:32+05:30,52957.45,0,0.0,0,0.0,0.0,53282.15,53308.4,52909.1,53710.35,0,0.0,0.0,0.0,0.0,-0.01,-1,-1,-0.01,-1,-1,-0.01,-1,-1,-0.01,-1,-1,-0.01,-1,-1,-0.01,-1,-1,-0.01,-1,-1,-0.01,-1,-1,-0.01,-1,-1,-0.01,-1,-1
99926009,2026-05-18 09:44:33+05:30,52955.8,0,0.0,0,0.0,0.0,53282.15,53308.4,52909.1,53710.35,0,0.0,0.0,0.0,0.0,-0.01,-1,-1,-0.01,-1,-1,-0.01,-1,-1,-0.01,-1,-1,-0.01,-1,-1,-0.01,-1,-1,-0.01,-1,-1,-0.01,-1,-1,-0.01,-1,-1,-0.01,-1,-1
99926009,2026-05-18 09:44:33+05:30,52957.1,0,0.0,0,0.0,0.0,53282.15,53308.4,52909.1,53710.35,0,0.0,0.0,0.0,0.0,-0.01,-1,-1,-0.01,-1,-1,-0.01,-1,-1,-0.01,-1,-1,-0.01,-1,-1,-0.01,-1,-1,-0.01,-1,-1,-0.01,-1,-1,-0.01,-1,-1,-0.01,-1,-1
99926009,2026-05-18 09:44:34+05:30,52954.45,0,0.0,0,0.0,0.0,53282.15,53308.4,52909.1,53710.35,0,0.0,0.0,0.0,0.0,-0.01,-1,-1,-0.01,-1,-1,-0.01,-1,-1,-0.01,-1,-1,-0.01,-1,-1,-0.01,-1,-1,-0.01,-1,-1,-0.01,-1,-1,-0.01,-1,-1,-0.01,-1,-1
99926009,2026-05-18 09:44:34+05:30,52955.5,0,0.0,0,0.0,0.0,53282.15,53308.4,52909.1,53710.35,0,0.0,0.0,0.0,0.0,-0.01,-1,-1,-0.01,-1,-1,-0.01,-1,-1,-0.01,-1,-1,-0.01,-1,-1,-0.01,-1,-1,-0.01,-1,-1,-0.01,-1,-1,-0.01,-1,-1,-0.01,-1,-1
99926009,2026-05-18 09:44:35+05:30,52957.35,0,0.0,0,0.0,0.0,53282.15,53308.4,52909.1,53710.35,0,0.0,0.0,0.0,0.0,-0.01,-1,-1,-0.01,-1,-1,-0.01,-1,-1,-0.01,-1,-1,-0.01,-1,-1,-0.01,-1,-1,-0.01,-1,-1,-0.01,-1,-1,-0.01,-1,-1,-0.01,-1,-1
99926009,2026-05-18 09:44:35+05:30,52954.35,0,0.0,0,0.0,0.0,53282.15,53308.4,52909.1,53710.35,0,0.0,0.0,0.0,0.0,-0.01,-1,-1,-0.01,-1,-1,-0.01,-1,-1,-0.01,-1,-1,-0.01,-1,-1,-0.01,-1,-1,-0.01,-1,-1,-0.01,-1,-1,-0.01,-1,-1,-0.01,-1,-1
99926009,2026-05-18 09:44:36+05:30,52957.6,0,0.0,0,0.0,0.0,53282.15,53308.4,52909.1,53710.35,0,0.0,0.0,0.0,0.0,-0.01,-1,-1,-0.01,-1,-1,-0.01,-1,-1,-0.01,-1,-1,-0.01,-1,-1,-0.01,-1,-1,-0.01,-1,-1,-0.01,-1,-1,-0.01,-1,-1,-0.01,-1,-1
99926009,2026-05-18 09:44:36+05:30,52957.65,0,0.0,0,0.0,0.0,53282.15,53308.4,52909.1,53710.35,0,0.0,0.0,0.0,0.0,-0.01,-1,-1,-0.01,-1,-1,-0.01,-1,-1,-0.01,-1,-1,-0.01,-1,-1,-0.01,-1,-1,-0.01,-1,-1,-0.01,-1,-1,-0.01,-1,-1,-0.01,-1,-1
99926009,2026-05-18 09:44:37+05:30,52957.1,0,0.0,0,0.0,0.0,53282.15,53308.4,52909.1,53710.35,0,0.0,0.0,0.0,0.0,-0.01,-1,-1,-0.01,-1,-1,-0.01,-1,-1,-0.01,-1,-1,-0.01,-1,-1,-0.01,-1,-1,-0.01,-1,-1,-0.01,-1,-1,-0.01,-1,-1,-0.01,-1,-1
99926009,2026-05-18 09:44:37+05:30,52955.05,0,0.0,0,0.0,0.0,53282.15,53308.4,52909.1,53710.35,0,0.0,0.0,0.0,0.0,-0.01,-1,-1,-0.01,-1,-1,-0.01,-1,-1,-0.01,-1,-1,-0.01,-1,-1,-0.01,-1,-1,-0.01,-1,-1,-0.01,-1,-1,-0.01,-1,-1,-0.01,-1,-1
99926009,2026-05-18 09:44:38+05:30,52954.85,0,0.0,0,0.0,0.0,53282.15,53308.4,52909.1,53710.35,0,0.0,0.0,0.0,0.0,-0.01,-1,-1,-0.01,-1,-1,-0.01,-1,-1,-0.01,-1,-1,-0.01,-1,-1,-0.01,-1,-1,-0.01,-1,-1,-0.01,-1,-1,-0.01,-1,-1,-0.01,-1,-1
99926009,2026-05-18 09:44:38+05:30,52954.2,0,0.0,0,0.0,0.0,53282.15,53308.4,52909.1,53710.35,0,0.0,0.0,0.0,0.0,-0.01,-1,-1,-0.01,-1,-1,-0.01,-1,-1,-0.01,-1,-1,-0.01,-1,-1,-0.01,-1,-1,-0.01,-1,-1,-0.01,-1,-1,-0.01,-1,-1,-0.01,-1,-1
99926009,2026-05-18 09:44:39+05:30,52954.2,0,0.0,0,0.0,0.0,53282.15,53308.4,52909.1,53710.35,0,0.0,0.0,0.0,0.0,-0.01,-1,-1,-0.01,-1,-1,-0.01,-1,-1,-0.01,-1,-1,-0.01,-1,-1,-0.01,-1,-1,-0.01,-1,-1,-0.01,-1,-1,-0.01,-1,-1,-0.01,-1,-1
99926009,2026-05-18 09:44:39+05:30,52954.75,0,0.0,0,0.0,0.0,53282.15,53308.4,52909.1,53710.35,0,0.0,0.0,0.0,0.0,-0.01,-1,-1,-0.01,-1,-1,-0.01,-1,-1,-0.01,-1,-1,-0.01,-1,-1,-0.01,-1,-1,-0.01,-1,-1,-0.01,-1,-1,-0.01,-1,-1,-0.01,-1,-1
99926009,2026-05-18 09:44:40+05:30,52952.3,0,0.0,0,0.0,0.0,53282.15,53308.4,52909.1,53710.35,0,0.0,0.0,0.0,0.0,-0.01,-1,-1,-0.01,-1,-1,-0.01,-1,-1,-0.01,-1,-1,-0.01,-1,-1,-0.01,-1,-1,-0.01,-1,-1,-0.01,-1,-1,-0.01,-1,-1,-0.01,-1,-1
99926009,2026-05-18 09:44:40+05:30,52951.95,0,0.0,0,0.0,0.0,53282.15,53308.4,52909.1,53710.35,0,0.0,0.0,0.0,0.0,-0.01,-1,-1,-0.01,-1,-1,-0.01,-1,-1,-0.01,-1,-1,-0.01,-1,-1,-0.01,-1,-1,-0.01,-1,-1,-0.01,-1,-1,-0.01,-1,-1,-0.01,-1,-1
99926009,2026-05-18 09:44:41+05:30,52952.3,0,0.0,0,0.0,0.0,53282.15,53308.4,52909.1,53710.35,0,0.0,0.0,0.0,0.0,-0.01,-1,-1,-0.01,-1,-1,-0.01,-1,-1,-0.01,-1,-1,-0.01,-1,-1,-0.01,-1,-1,-0.01,-1,-1,-0.01,-1,-1,-0.01,-1,-1,-0.01,-1,-1
99926009,2026-05-18 09:44:41+05:30,52952.4,0,0.0,0,0.0,0.0,53282.15,53308.4,52909.1,53710.35,0,0.0,0.0,0.0,0.0,-0.01,-1,-1,-0.01,-1,-1,-0.01,-1,-1,-0.01,-1,-1,-0.01,-1,-1,-0.01,-1,-1,-0.01,-1,-1,-0.01,-1,-1,-0.01,-1,-1,-0.01,-1,-1
99926009,2026-05-18 09:44:42+05:30,52951.5,0,0.0,0,0.0,0.0,53282.15,53308.4,52909.1,53710.35,0,0.0,0.0,0.0,0.0,-0.01,-1,-1,-0.01,-1,-1,-0.01,-1,-1,-0.01,-1,-1,-0.01,-1,-1,-0.01,-1,-1,-0.01,-1,-1,-0.01,-1,-1,-0.01,-1,-1,-0.01,-1,-1
99926009,2026-05-18 09:44:42+05:30,52950.4,0,0.0,0,0.0,0.0,53282.15,53308.4,52909.1,53710.35,0,0.0,0.0,0.0,0.0,-0.01,-1,-1,-0.01,-1,-1,-0.01,-1,-1,-0.01,-1,-1,-0.01,-1,-1,-0.01,-1,-1,-0.01,-1,-1,-0.01,-1,-1,-0.01,-1,-1,-0.01,-1,-1
99926009,2026-05-18 09:44:43+05:30,52953.4,0,0.0,0,0.0,0.0,53282.15,53308.4,52909.1,53710.35,0,0.0,0.0,0.0,0.0,-0.01,-1,-1,-0.01,-1,-1,-0.01,-1,-1,-0.01,-1,-1,-0.01,-1,-1,-0.01,-1,-1,-0.01,-1,-1,-0.01,-1,-1,-0.01,-1,-1,-0.01,-1,-1
99926009,2026-05-18 09:44:43+05:30,52954.85,0,0.0,0,0.0,0.0,53282.15,53308.4,52909.1,53710.35,0,0.0,0.0,0.0,0.0,-0.01,-1,-1,-0.01,-1,-1,-0.01,-1,-1,-0.01,-1,-1,-0.01,-1,-1,-0.01,-1,-1,-0.01,-1,-1,-0.01,-1,-1,-0.01,-1,-1,-0.01,-1,-1
99926009,2026-05-18 09:44:44+05:30,52954.05,0,0.0,0,0.0,0.0,53282.15,53308.4,52909.1,53710.35,0,0.0,0.0,0.0,0.0,-0.01,-1,-1,-0.01,-1,-1,-0.01,-1,-1,-0.01,-1,-1,-0.01,-1,-1,-0.01,-1,-1,-0.01,-1,-1,-0.01,-1,-1,-0.01,-1,-1,-0.01,-1,-1
99926009,2026-05-18 09:44:44+05:30,52953.45,0,0.0,0,0.0,0.0,53282.15,53308.4,52909.1,53710.35,0,0.0,0.0,0.0,0.0,-0.01,-1,-1,-0.01,-1,-1,-0.01,-1,-1,-0.01,-1,-1,-0.01,-1,-1,-0.01,-1,-1,-0.01,-1,-1,-0.01,-1,-1,-0.01,-1,-1,-0.01,-1,-1
99926009,2026-05-18 09:44:45+05:30,52952.75,0,0.0,0,0.0,0.0,53282.15,53308.4,52909.1,53710.35,0,0.0,0.0,0.0,0.0,-0.01,-1,-1,-0.01,-1,-1,-0.01,-1,-1,-0.01,-1,-1,-0.01,-1,-1,-0.01,-1,-1,-0.01,-1,-1,-0.01,-1,-1,-0.01,-1,-1,-0.01,-1,-1
99926009,2026-05-18 09:44:45+05:30,52954.45,0,0.0,0,0.0,0.0,53282.15,53308.4,52909.1,53710.35,0,0.0,0.0,0.0,0.0,-0.01,-1,-1,-0.01,-1,-1,-0.01,-1,-1,-0.01,-1,-1,-0.01,-1,-1,-0.01,-1,-1,-0.01,-1,-1,-0.01,-1,-1,-0.01,-1,-1,-0.01,-1,-1
99926009,2026-05-18 09:44:46+05:30,52955.75,0,0.0,0,0.0,0.0,53282.15,53308.4,52909.1,53710.35,0,0.0,0.0,0.0,0.0,-0.01,-1,-1,-0.01,-1,-1,-0.01,-1,-1,-0.01,-1,-1,-0.01,-1,-1,-0.01,-1,-1,-0.01,-1,-1,-0.01,-1,-1,-0.01,-1,-1,-0.01,-1,-1
99926009,2026-05-18 09:44:46+05:30,52954.75,0,0.0,0,0.0,0.0,53282.15,53308.4,52909.1,53710.35,0,0.0,0.0,0.0,0.0,-0.01,-1,-1,-0.01,-1,-1,-0.01,-1,-1,-0.01,-1,-1,-0.01,-1,-1,-0.01,-1,-1,-0.01,-1,-1,-0.01,-1,-1,-0.01,-1,-1,-0.01,-1,-1
99926009,2026-05-18 09:44:47+05:30,52957.6,0,0.0,0,0.0,0.0,53282.15,53308.4,52909.1,53710.35,0,0.0,0.0,0.0,0.0,-0.01,-1,-1,-0.01,-1,-1,-0.01,-1,-1,-0.01,-1,-1,-0.01,-1,-1,-0.01,-1,-1,-0.01,-1,-1,-0.01,-1,-1,-0.01,-1,-1,-0.01,-1,-1
99926009,2026-05-18 09:44:47+05:30,52956.65,0,0.0,0,0.0,0.0,53282.15,53308.4,52909.1,53710.35,0,0.0,0.0,0.0,0.0,-0.01,-1,-1,-0.01,-1,-1,-0.01,-1,-1,-0.01,-1,-1,-0.01,-1,-1,-0.01,-1,-1,-0.01,-1,-1,-0.01,-1,-1,-0.01,-1,-1,-0.01,-1,-1
99926009,2026-05-18 09:44:48+05:30,52955.5,0,0.0,0,0.0,0.0,53282.15,53308.4,52909.1,53710.35,0,0.0,0.0,0.0,0.0,-0.01,-1,-1,-0.01,-1,-1,-0.01,-1,-1,-0.01,-1,-1,-0.01,-1,-1,-0.01,-1,-1,-0.01,-1,-1,-0.01,-1,-1,-0.01,-1,-1,-0.01,-1,-1
99926009,2026-05-18 09:44:48+05:30,52952.35,0,0.0,0,0.0,0.0,53282.15,53308.4,52909.1,53710.35,0,0.0,0.0,0.0,0.0,-0.01,-1,-1,-0.01,-1,-1,-0.01,-1,-1,-0.01,-1,-1,-0.01,-1,-1,-0.01,-1,-1,-0.01,-1,-1,-0.01,-1,-1,-0.01,-1,-1,-0.01,-1,-1
99926009,2026-05-18 09:44:49+05:30,52951.9,0,0.0,0,0.0,0.0,53282.15,53308.4,52909.1,53710.35,0,0.0,0.0,0.0,0.0,-0.01,-1,-1,-0.01,-1,-1,-0.01,-1,-1,-0.01,-1,-1,-0.01,-1,-1,-0.01,-1,-1,-0.01,-1,-1,-0.01,-1,-1,-0.01,-1,-1,-0.01,-1,-1
99926009,2026-05-18 09:44:49+05:30,52948.05,0,0.0,0,0.0,0.0,53282.15,53308.4,52909.1,53710.35,0,0.0,0.0,0.0,0.0,-0.01,-1,-1,-0.01,-1,-1,-0.01,-1,-1,-0.01,-1,-1,-0.01,-1,-1,-0.01,-1,-1,-0.01,-1,-1,-0.01,-1,-1,-0.01,-1,-1,-0.01,-1,-1
99926009,2026-05-18 09:44:50+05:30,52948.2,0,0.0,0,0.0,0.0,53282.15,53308.4,52909.1,53710.35,0,0.0,0.0,0.0,0.0,-0.01,-1,-1,-0.01,-1,-1,-0.01,-1,-1,-0.01,-1,-1,-0.01,-1,-1,-0.01,-1,-1,-0.01,-1,-1,-0.01,-1,-1,-0.01,-1,-1,-0.01,-1,-1
99926009,2026-05-18 09:44:50+05:30,52951.05,0,0.0,0,0.0,0.0,53282.15,53308.4,52909.1,53710.35,0,0.0,0.0,0.0,0.0,-0.01,-1,-1,-0.01,-1,-1,-0.01,-1,-1,-0.01,-1,-1,-0.01,-1,-1,-0.01,-1,-1,-0.01,-1,-1,-0.01,-1,-1,-0.01,-1,-1,-0.01,-1,-1
99926009,2026-05-18 09:44:51+05:30,52947.45,0,0.0,0,0.0,0.0,53282.15,53308.4,52909.1,53710.35,0,0.0,0.0,0.0,0.0,-0.01,-1,-1,-0.01,-1,-1,-0.01,-1,-1,-0.01,-1,-1,-0.01,-1,-1,-0.01,-1,-1,-0.01,-1,-1,-0.01,-1,-1,-0.01,-1,-1,-0.01,-1,-1
99926009,2026-05-18 09:44:51+05:30,52949.5,0,0.0,0,0.0,0.0,53282.15,53308.4,52909.1,53710.35,0,0.0,0.0,0.0,0.0,-0.01,-1,-1,-0.01,-1,-1,-0.01,-1,-1,-0.01,-1,-1,-0.01,-1,-1,-0.01,-1,-1,-0.01,-1,-1,-0.01,-1,-1,-0.01,-1,-1,-0.01,-1,-1
99926009,2026-05-18 09:44:52+05:30,52952.2,0,0.0,0,0.0,0.0,53282.15,53308.4,52909.1,53710.35,0,0.0,0.0,0.0,0.0,-0.01,-1,-1,-0.01,-1,-1,-0.01,-1,-1,-0.01,-1,-1,-0.01,-1,-1,-0.01,-1,-1,-0.01,-1,-1,-0.01,-1,-1,-0.01,-1,-1,-0.01,-1,-1
99926009,2026-05-18 09:44:52+05:30,52953.1,0,0.0,0,0.0,0.0,53282.15,53308.4,52909.1,53710.35,0,0.0,0.0,0.0,0.0,-0.01,-1,-1,-0.01,-1,-1,-0.01,-1,-1,-0.01,-1,-1,-0.01,-1,-1,-0.01,-1,-1,-0.01,-1,-1,-0.01,-1,-1,-0.01,-1,-1,-0.01,-1,-1
99926009,2026-05-18 09:44:53+05:30,52953.25,0,0.0,0,0.0,0.0,53282.15,53308.4,52909.1,53710.35,0,0.0,0.0,0.0,0.0,-0.01,-1,-1,-0.01,-1,-1,-0.01,-1,-1,-0.01,-1,-1,-0.01,-1,-1,-0.01,-1,-1,-0.01,-1,-1,-0.01,-1,-1,-0.01,-1,-1,-0.01,-1,-1
99926009,2026-05-18 09:44:53+05:30,52950.9,0,0.0,0,0.0,0.0,53282.15,53308.4,52909.1,53710.35,0,0.0,0.0,0.0,0.0,-0.01,-1,-1,-0.01,-1,-1,-0.01,-1,-1,-0.01,-1,-1,-0.01,-1,-1,-0.01,-1,-1,-0.01,-1,-1,-0.01,-1,-1,-0.01,-1,-1,-0.01,-1,-1
99926009,2026-05-18 09:44:54+05:30,52947.55,0,0.0,0,0.0,0.0,53282.15,53308.4,52909.1,53710.35,0,0.0,0.0,0.0,0.0,-0.01,-1,-1,-0.01,-1,-1,-0.01,-1,-1,-0.01,-1,-1,-0.01,-1,-1,-0.01,-1,-1,-0.01,-1,-1,-0.01,-1,-1,-0.01,-1,-1,-0.01,-1,-1
99926009,2026-05-18 09:44:54+05:30,52944.75,0,0.0,0,0.0,0.0,53282.15,53308.4,52909.1,53710.35,0,0.0,0.0,0.0,0.0,-0.01,-1,-1,-0.01,-1,-1,-0.01,-1,-1,-0.01,-1,-1,-0.01,-1,-1,-0.01,-1,-1,-0.01,-1,-1,-0.01,-1,-1,-0.01,-1,-1,-0.01,-1,-1
99926009,2026-05-18 09:44:55+05:30,52948.45,0,0.0,0,0.0,0.0,53282.15,53308.4,52909.1,53710.35,0,0.0,0.0,0.0,0.0,-0.01,-1,-1,-0.01,-1,-1,-0.01,-1,-1,-0.01,-1,-1,-0.01,-1,-1,-0.01,-1,-1,-0.01,-1,-1,-0.01,-1,-1,-0.01,-1,-1,-0.01,-1,-1
99926009,2026-05-18 09:44:55+05:30,52950.15,0,0.0,0,0.0,0.0,53282.15,53308.4,52909.1,53710.35,0,0.0,0.0,0.0,0.0,-0.01,-1,-1,-0.01,-1,-1,-0.01,-1,-1,-0.01,-1,-1,-0.01,-1,-1,-0.01,-1,-1,-0.01,-1,-1,-0.01,-1,-1,-0.01,-1,-1,-0.01,-1,-1
99926009,2026-05-18 09:44:56+05:30,52948.7,0,0.0,0,0.0,0.0,53282.15,53308.4,52909.1,53710.35,0,0.0,0.0,0.0,0.0,-0.01,-1,-1,-0.01,-1,-1,-0.01,-1,-1,-0.01,-1,-1,-0.01,-1,-1,-0.01,-1,-1,-0.01,-1,-1,-0.01,-1,-1,-0.01,-1,-1,-0.01,-1,-1
99926009,2026-05-18 09:44:56+05:30,52949.65,0,0.0,0,0.0,0.0,53282.15,53308.4,52909.1,53710.35,0,0.0,0.0,0.0,0.0,-0.01,-1,-1,-0.01,-1,-1,-0.01,-1,-1,-0.01,-1,-1,-0.01,-1,-1,-0.01,-1,-1,-0.01,-1,-1,-0.01,-1,-1,-0.01,-1,-1,-0.01,-1,-1
99926009,2026-05-18 09:44:57+05:30,52948.65,0,0.0,0,0.0,0.0,53282.15,53308.4,52909.1,53710.35,0,0.0,0.0,0.0,0.0,-0.01,-1,-1,-0.01,-1,-1,-0.01,-1,-1,-0.01,-1,-1,-0.01,-1,-1,-0.01,-1,-1,-0.01,-1,-1,-0.01,-1,-1,-0.01,-1,-1,-0.01,-1,-1
99926009,2026-05-18 09:44:57+05:30,52950.9,0,0.0,0,0.0,0.0,53282.15,53308.4,52909.1,53710.35,0,0.0,0.0,0.0,0.0,-0.01,-1,-1,-0.01,-1,-1,-0.01,-1,-1,-0.01,-1,-1,-0.01,-1,-1,-0.01,-1,-1,-0.01,-1,-1,-0.01,-1,-1,-0.01,-1,-1,-0.01,-1,-1
99926009,2026-05-18 09:44:58+05:30,52951.05,0,0.0,0,0.0,0.0,53282.15,53308.4,52909.1,53710.35,0,0.0,0.0,0.0,0.0,-0.01,-1,-1,-0.01,-1,-1,-0.01,-1,-1,-0.01,-1,-1,-0.01,-1,-1,-0.01,-1,-1,-0.01,-1,-1,-0.01,-1,-1,-0.01,-1,-1,-0.01,-1,-1
99926009,2026-05-18 09:44:58+05:30,52954.7,0,0.0,0,0.0,0.0,53282.15,53308.4,52909.1,53710.35,0,0.0,0.0,0.0,0.0,-0.01,-1,-1,-0.01,-1,-1,-0.01,-1,-1,-0.01,-1,-1,-0.01,-1,-1,-0.01,-1,-1,-0.01,-1,-1,-0.01,-1,-1,-0.01,-1,-1,-0.01,-1,-1
99926009,2026-05-18 09:44:59+05:30,52955.0,0,0.0,0,0.0,0.0,53282.15,53308.4,52909.1,53710.35,0,0.0,0.0,0.0,0.0,-0.01,-1,-1,-0.01,-1,-1,-0.01,-1,-1,-0.01,-1,-1,-0.01,-1,-1,-0.01,-1,-1,-0.01,-1,-1,-0.01,-1,-1,-0.01,-1,-1,-0.01,-1,-1
99926009,2026-05-18 09:44:59+05:30,52952.1,0,0.0,0,0.0,0.0,53282.15,53308.4,52909.1,53710.35,0,0.0,0.0,0.0,0.0,-0.01,-1,-1,-0.01,-1,-1,-0.01,-1,-1,-0.01,-1,-1,-0.01,-1,-1,-0.01,-1,-1,-0.01,-1,-1,-0.01,-1,-1,-0.01,-1,-1,-0.01,-1,-1
99926009,2026-05-18 09:45:00+05:30,52949.15,0,0.0,0,0.0,0.0,53282.15,53308.4,52909.1,53710.35,0,0.0,0.0,0.0,0.0,-0.01,-1,-1,-0.01,-1,-1,-0.01,-1,-1,-0.01,-1,-1,-0.01,-1,-1,-0.01,-1,-1,-0.01,-1,-1,-0.01,-1,-1,-0.01,-1,-1,-0.01,-1,-1
99926009,2026-05-18 09:45:00+05:30,52952.25,0,0.0,0,0.0,0.0,53282.15,53308.4,52909.1,53710.35,0,0.0,0.0,0.0,0.0,-0.01,-1,-1,-0.01,-1,-1,-0.01,-1,-1,-0.01,-1,-1,-0.01,-1,-1,-0.01,-1,-1,-0.01,-1,-1,-0.01,-1,-1,-0.01,-1,-1,-0.01,-1,-1
99926009,2026-05-18 09:45:01+05:30,52951.75,0,0.0,0,0.0,0.0,53282.15,53308.4,52909.1,53710.35,0,0.0,0.0,0.0,0.0,-0.01,-1,-1,-0.01,-1,-1,-0.01,-1,-1,-0.01,-1,-1,-0.01,-1,-1,-0.01,-1,-1,-0.01,-1,-1,-0.01,-1,-1,-0.01,-1,-1,-0.01,-1,-1
99926009,2026-05-18 09:45:01+05:30,52950.2,0,0.0,0,0.0,0.0,53282.15,53308.4,52909.1,53710.35,0,0.0,0.0,0.0,0.0,-0.01,-1,-1,-0.01,-1,-1,-0.01,-1,-1,-0.01,-1,-1,-0.01,-1,-1,-0.01,-1,-1,-0.01,-1,-1,-0.01,-1,-1,-0.01,-1,-1,-0.01,-1,-1
99926009,2026-05-18 09:45:02+05:30,52950.0,0,0.0,0,0.0,0.0,53282.15,53308.4,52909.1,53710.35,0,0.0,0.0,0.0,0.0,-0.01,-1,-1,-0.01,-1,-1,-0.01,-1,-1,-0.01,-1,-1,-0.01,-1,-1,-0.01,-1,-1,-0.01,-1,-1,-0.01,-1,-1,-0.01,-1,-1,-0.01,-1,-1
99926009,2026-05-18 09:45:02+05:30,52949.7,0,0.0,0,0.0,0.0,53282.15,53308.4,52909.1,53710.35,0,0.0,0.0,0.0,0.0,-0.01,-1,-1,-0.01,-1,-1,-0.01,-1,-1,-0.01,-1,-1,-0.01,-1,-1,-0.01,-1,-1,-0.01,-1,-1,-0.01,-1,-1,-0.01,-1,-1,-0.01,-1,-1
99926009,2026-05-18 09:45:03+05:30,52945.1,0,0.0,0,0.0,0.0,53282.15,53308.4,52909.1,53710.35,0,0.0,0.0,0.0,0.0,-0.01,-1,-1,-0.01,-1,-1,-0.01,-1,-1,-0.01,-1,-1,-0.01,-1,-1,-0.01,-1,-1,-0.01,-1,-1,-0.01,-1,-1,-0.01,-1,-1,-0.01,-1,-1
99926009,2026-05-18 09:45:03+05:30,52949.45,0,0.0,0,0.0,0.0,53282.15,53308.4,52909.1,53710.35,0,0.0,0.0,0.0,0.0,-0.01,-1,-1,-0.01,-1,-1,-0.01,-1,-1,-0.01,-1,-1,-0.01,-1,-1,-0.01,-1,-1,-0.01,-1,-1,-0.01,-1,-1,-0.01,-1,-1,-0.01,-1,-1
99926009,2026-05-18 09:45:04+05:30,52947.6,0,0.0,0,0.0,0.0,53282.15,53308.4,52909.1,53710.35,0,0.0,0.0,0.0,0.0,-0.01,-1,-1,-0.01,-1,-1,-0.01,-1,-1,-0.01,-1,-1,-0.01,-1,-1,-0.01,-1,-1,-0.01,-1,-1,-0.01,-1,-1,-0.01,-1,-1,-0.01,-1,-1
99926009,2026-05-18 09:45:04+05:30,52948.0,0,0.0,0,0.0,0.0,53282.15,53308.4,52909.1,53710.35,0,0.0,0.0,0.0,0.0,-0.01,-1,-1,-0.01,-1,-1,-0.01,-1,-1,-0.01,-1,-1,-0.01,-1,-1,-0.01,-1,-1,-0.01,-1,-1,-0.01,-1,-1,-0.01,-1,-1,-0.01,-1,-1
99926009,2026-05-18 09:45:05+05:30,52943.6,0,0.0,0,0.0,0.0,53282.15,53308.4,52909.1,53710.35,0,0.0,0.0,0.0,0.0,-0.01,-1,-1,-0.01,-1,-1,-0.01,-1,-1,-0.01,-1,-1,-0.01,-1,-1,-0.01,-1,-1,-0.01,-1,-1,-0.01,-1,-1,-0.01,-1,-1,-0.01,-1,-1
99926009,2026-05-18 09:45:05+05:30,52949.45,0,0.0,0,0.0,0.0,53282.15,53308.4,52909.1,53710.35,0,0.0,0.0,0.0,0.0,-0.01,-1,-1,-0.01,-1,-1,-0.01,-1,-1,-0.01,-1,-1,-0.01,-1,-1,-0.01,-1,-1,-0.01,-1,-1,-0.01,-1,-1,-0.01,-1,-1,-0.01,-1,-1
99926009,2026-05-18 09:45:06+05:30,52942.9,0,0.0,0,0.0,0.0,53282.15,53308.4,52909.1,53710.35,0,0.0,0.0,0.0,0.0,-0.01,-1,-1,-0.01,-1,-1,-0.01,-1,-1,-0.01,-1,-1,-0.01,-1,-1,-0.01,-1,-1,-0.01,-1,-1,-0.01,-1,-1,-0.01,-1,-1,-0.01,-1,-1
99926009,2026-05-18 09:45:06+05:30,52938.95,0,0.0,0,0.0,0.0,53282.15,53308.4,52909.1,53710.35,0,0.0,0.0,0.0,0.0,-0.01,-1,-1,-0.01,-1,-1,-0.01,-1,-1,-0.01,-1,-1,-0.01,-1,-1,-0.01,-1,-1,-0.01,-1,-1,-0.01,-1,-1,-0.01,-1,-1,-0.01,-1,-1
99926009,2026-05-18 09:45:07+05:30,52933.1,0,0.0,0,0.0,0.0,53282.15,53308.4,52909.1,53710.35,0,0.0,0.0,0.0,0.0,-0.01,-1,-1,-0.01,-1,-1,-0.01,-1,-1,-0.01,-1,-1,-0.01,-1,-1,-0.01,-1,-1,-0.01,-1,-1,-0.01,-1,-1,-0.01,-1,-1,-0.01,-1,-1
99926009,2026-05-18 09:45:07+05:30,52934.5,0,0.0,0,0.0,0.0,53282.15,53308.4,52909.1,53710.35,0,0.0,0.0,0.0,0.0,-0.01,-1,-1,-0.01,-1,-1,-0.01,-1,-1,-0.01,-1,-1,-0.01,-1,-1,-0.01,-1,-1,-0.01,-1,-1,-0.01,-1,-1,-0.01,-1,-1,-0.01,-1,-1
99926009,2026-05-18 09:45:08+05:30,52933.1,0,0.0,0,0.0,0.0,53282.15,53308.4,52909.1,53710.35,0,0.0,0.0,0.0,0.0,-0.01,-1,-1,-0.01,-1,-1,-0.01,-1,-1,-0.01,-1,-1,-0.01,-1,-1,-0.01,-1,-1,-0.01,-1,-1,-0.01,-1,-1,-0.01,-1,-1,-0.01,-1,-1
99926009,2026-05-18 09:45:08+05:30,52929.3,0,0.0,0,0.0,0.0,53282.15,53308.4,52909.1,53710.35,0,0.0,0.0,0.0,0.0,-0.01,-1,-1,-0.01,-1,-1,-0.01,-1,-1,-0.01,-1,-1,-0.01,-1,-1,-0.01,-1,-1,-0.01,-1,-1,-0.01,-1,-1,-0.01,-1,-1,-0.01,-1,-1
99926009,2026-05-18 09:45:09+05:30,52928.05,0,0.0,0,0.0,0.0,53282.15,53308.4,52909.1,53710.35,0,0.0,0.0,0.0,0.0,-0.01,-1,-1,-0.01,-1,-1,-0.01,-1,-1,-0.01,-1,-1,-0.01,-1,-1,-0.01,-1,-1,-0.01,-1,-1,-0.01,-1,-1,-0.01,-1,-1,-0.01,-1,-1
99926009,2026-05-18 09:45:09+05:30,52934.4,0,0.0,0,0.0,0.0,53282.15,53308.4,52909.1,53710.35,0,0.0,0.0,0.0,0.0,-0.01,-1,-1,-0.01,-1,-1,-0.01,-1,-1,-0.01,-1,-1,-0.01,-1,-1,-0.01,-1,-1,-0.01,-1,-1,-0.01,-1,-1,-0.01,-1,-1,-0.01,-1,-1
99926009,2026-05-18 09:45:10+05:30,52934.2,0,0.0,0,0.0,0.0,53282.15,53308.4,52909.1,53710.35,0,0.0,0.0,0.0,0.0,-0.01,-1,-1,-0.01,-1,-1,-0.01,-1,-1,-0.01,-1,-1,-0.01,-1,-1,-0.01,-1,-1,-0.01,-1,-1,-0.01,-1,-1,-0.01,-1,-1,-0.01,-1,-1
99926009,2026-05-18 09:45:10+05:30,52936.15,0,0.0,0,0.0,0.0,53282.15,53308.4,52909.1,53710.35,0,0.0,0.0,0.0,0.0,-0.01,-1,-1,-0.01,-1,-1,-0.01,-1,-1,-0.01,-1,-1,-0.01,-1,-1,-0.01,-1,-1,-0.01,-1,-1,-0.01,-1,-1,-0.01,-1,-1,-0.01,-1,-1
99926009,2026-05-18 09:45:11+05:30,52934.5,0,0.0,0,0.0,0.0,53282.15,53308.4,52909.1,53710.35,0,0.0,0.0,0.0,0.0,-0.01,-1,-1,-0.01,-1,-1,-0.01,-1,-1,-0.01,-1,-1,-0.01,-1,-1,-0.01,-1,-1,-0.01,-1,-1,-0.01,-1,-1,-0.01,-1,-1,-0.01,-1,-1
99926009,2026-05-18 09:45:11+05:30,52934.25,0,0.0,0,0.0,0.0,53282.15,53308.4,52909.1,53710.35,0,0.0,0.0,0.0,0.0,-0.01,-1,-1,-0.01,-1,-1,-0.01,-1,-1,-0.01,-1,-1,-0.01,-1,-1,-0.01,-1,-1,-0.01,-1,-1,-0.01,-1,-1,-0.01,-1,-1,-0.01,-1,-1
99926009,2026-05-18 09:45:12+05:30,52933.55,0,0.0,0,0.0,0.0,53282.15,53308.4,52909.1,53710.35,0,0.0,0.0,0.0,0.0,-0.01,-1,-1,-0.01,-1,-1,-0.01,-1,-1,-0.01,-1,-1,-0.01,-1,-1,-0.01,-1,-1,-0.01,-1,-1,-0.01,-1,-1,-0.01,-1,-1,-0.01,-1,-1
99926009,2026-05-18 09:45:12+05:30,52934.1,0,0.0,0,0.0,0.0,53282.15,53308.4,52909.1,53710.35,0,0.0,0.0,0.0,0.0,-0.01,-1,-1,-0.01,-1,-1,-0.01,-1,-1,-0.01,-1,-1,-0.01,-1,-1,-0.01,-1,-1,-0.01,-1,-1,-0.01,-1,-1,-0.01,-1,-1,-0.01,-1,-1
99926009,2026-05-18 09:45:13+05:30,52932.55,0,0.0,0,0.0,0.0,53282.15,53308.4,52909.1,53710.35,0,0.0,0.0,0.0,0.0,-0.01,-1,-1,-0.01,-1,-1,-0.01,-1,-1,-0.01,-1,-1,-0.01,-1,-1,-0.01,-1,-1,-0.01,-1,-1,-0.01,-1,-1,-0.01,-1,-1,-0.01,-1,-1
99926009,2026-05-18 09:45:13+05:30,52931.55,0,0.0,0,0.0,0.0,53282.15,53308.4,52909.1,53710.35,0,0.0,0.0,0.0,0.0,-0.01,-1,-1,-0.01,-1,-1,-0.01,-1,-1,-0.01,-1,-1,-0.01,-1,-1,-0.01,-1,-1,-0.01,-1,-1,-0.01,-1,-1,-0.01,-1,-1,-0.01,-1,-1
99926009,2026-05-18 09:45:14+05:30,52931.5,0,0.0,0,0.0,0.0,53282.15,53308.4,52909.1,53710.35,0,0.0,0.0,0.0,0.0,-0.01,-1,-1,-0.01,-1,-1,-0.01,-1,-1,-0.01,-1,-1,-0.01,-1,-1,-0.01,-1,-1,-0.01,-1,-1,-0.01,-1,-1,-0.01,-1,-1,-0.01,-1,-1
99926009,2026-05-18 09:45:14+05:30,52930.1,0,0.0,0,0.0,0.0,53282.15,53308.4,52909.1,53710.35,0,0.0,0.0,0.0,0.0,-0.01,-1,-1,-0.01,-1,-1,-0.01,-1,-1,-0.01,-1,-1,-0.01,-1,-1,-0.01,-1,-1,-0.01,-1,-1,-0.01,-1,-1,-0.01,-1,-1,-0.01,-1,-1
99926009,2026-05-18 09:45:15+05:30,52929.35,0,0.0,0,0.0,0.0,53282.15,53308.4,52909.1,53710.35,0,0.0,0.0,0.0,0.0,-0.01,-1,-1,-0.01,-1,-1,-0.01,-1,-1,-0.01,-1,-1,-0.01,-1,-1,-0.01,-1,-1,-0.01,-1,-1,-0.01,-1,-1,-0.01,-1,-1,-0.01,-1,-1
99926009,2026-05-18 09:45:15+05:30,52934.9,0,0.0,0,0.0,0.0,53282.15,53308.4,52909.1,53710.35,0,0.0,0.0,0.0,0.0,-0.01,-1,-1,-0.01,-1,-1,-0.01,-1,-1,-0.01,-1,-1,-0.01,-1,-1,-0.01,-1,-1,-0.01,-1,-1,-0.01,-1,-1,-0.01,-1,-1,-0.01,-1,-1
99926009,2026-05-18 09:45:16+05:30,52937.5,0,0.0,0,0.0,0.0,53282.15,53308.4,52909.1,53710.35,0,0.0,0.0,0.0,0.0,-0.01,-1,-1,-0.01,-1,-1,-0.01,-1,-1,-0.01,-1,-1,-0.01,-1,-1,-0.01,-1,-1,-0.01,-1,-1,-0.01,-1,-1,-0.01,-1,-1,-0.01,-1,-1
99926009,2026-05-18 09:45:16+05:30,52935.7,0,0.0,0,0.0,0.0,53282.15,53308.4,52909.1,53710.35,0,0.0,0.0,0.0,0.0,-0.01,-1,-1,-0.01,-1,-1,-0.01,-1,-1,-0.01,-1,-1,-0.01,-1,-1,-0.01,-1,-1,-0.01,-1,-1,-0.01,-1,-1,-0.01,-1,-1,-0.01,-1,-1
99926009,2026-05-18 09:45:17+05:30,52934.55,0,0.0,0,0.0,0.0,53282.15,53308.4,52909.1,53710.35,0,0.0,0.0,0.0,0.0,-0.01,-1,-1,-0.01,-1,-1,-0.01,-1,-1,-0.01,-1,-1,-0.01,-1,-1,-0.01,-1,-1,-0.01,-1,-1,-0.01,-1,-1,-0.01,-1,-1,-0.01,-1,-1
99926009,2026-05-18 09:45:17+05:30,52930.8,0,0.0,0,0.0,0.0,53282.15,53308.4,52909.1,53710.35,0,0.0,0.0,0.0,0.0,-0.01,-1,-1,-0.01,-1,-1,-0.01,-1,-1,-0.01,-1,-1,-0.01,-1,-1,-0.01,-1,-1,-0.01,-1,-1,-0.01,-1,-1,-0.01,-1,-1,-0.01,-1,-1
99926009,2026-05-18 09:45:18+05:30,52933.7,0,0.0,0,0.0,0.0,53282.15,53308.4,52909.1,53710.35,0,0.0,0.0,0.0,0.0,-0.01,-1,-1,-0.01,-1,-1,-0.01,-1,-1,-0.01,-1,-1,-0.01,-1,-1,-0.01,-1,-1,-0.01,-1,-1,-0.01,-1,-1,-0.01,-1,-1,-0.01,-1,-1
99926009,2026-05-18 09:45:18+05:30,52929.9,0,0.0,0,0.0,0.0,53282.15,53308.4,52909.1,53710.35,0,0.0,0.0,0.0,0.0,-0.01,-1,-1,-0.01,-1,-1,-0.01,-1,-1,-0.01,-1,-1,-0.01,-1,-1,-0.01,-1,-1,-0.01,-1,-1,-0.01,-1,-1,-0.01,-1,-1,-0.01,-1,-1
99926009,2026-05-18 09:45:19+05:30,52931.1,0,0.0,0,0.0,0.0,53282.15,53308.4,52909.1,53710.35,0,0.0,0.0,0.0,0.0,-0.01,-1,-1,-0.01,-1,-1,-0.01,-1,-1,-0.01,-1,-1,-0.01,-1,-1,-0.01,-1,-1,-0.01,-1,-1,-0.01,-1,-1,-0.01,-1,-1,-0.01,-1,-1
99926009,2026-05-18 09:45:19+05:30,52930.8,0,0.0,0,0.0,0.0,53282.15,53308.4,52909.1,53710.35,0,0.0,0.0,0.0,0.0,-0.01,-1,-1,-0.01,-1,-1,-0.01,-1,-1,-0.01,-1,-1,-0.01,-1,-1,-0.01,-1,-1,-0.01,-1,-1,-0.01,-1,-1,-0.01,-1,-1,-0.01,-1,-1
99926009,2026-05-18 09:45:20+05:30,52929.35,0,0.0,0,0.0,0.0,53282.15,53308.4,52909.1,53710.35,0,0.0,0.0,0.0,0.0,-0.01,-1,-1,-0.01,-1,-1,-0.01,-1,-1,-0.01,-1,-1,-0.01,-1,-1,-0.01,-1,-1,-0.01,-1,-1,-0.01,-1,-1,-0.01,-1,-1,-0.01,-1,-1
99926009,2026-05-18 09:45:20+05:30,52933.8,0,0.0,0,0.0,0.0,53282.15,53308.4,52909.1,53710.35,0,0.0,0.0,0.0,0.0,-0.01,-1,-1,-0.01,-1,-1,-0.01,-1,-1,-0.01,-1,-1,-0.01,-1,-1,-0.01,-1,-1,-0.01,-1,-1,-0.01,-1,-1,-0.01,-1,-1,-0.01,-1,-1
99926009,2026-05-18 09:45:21+05:30,52932.75,0,0.0,0,0.0,0.0,53282.15,53308.4,52909.1,53710.35,0,0.0,0.0,0.0,0.0,-0.01,-1,-1,-0.01,-1,-1,-0.01,-1,-1,-0.01,-1,-1,-0.01,-1,-1,-0.01,-1,-1,-0.01,-1,-1,-0.01,-1,-1,-0.01,-1,-1,-0.01,-1,-1
99926009,2026-05-18 09:45:21+05:30,52932.0,0,0.0,0,0.0,0.0,53282.15,53308.4,52909.1,53710.35,0,0.0,0.0,0.0,0.0,-0.01,-1,-1,-0.01,-1,-1,-0.01,-1,-1,-0.01,-1,-1,-0.01,-1,-1,-0.01,-1,-1,-0.01,-1,-1,-0.01,-1,-1,-0.01,-1,-1,-0.01,-1,-1
99926009,2026-05-18 09:45:22+05:30,52933.55,0,0.0,0,0.0,0.0,53282.15,53308.4,52909.1,53710.35,0,0.0,0.0,0.0,0.0,-0.01,-1,-1,-0.01,-1,-1,-0.01,-1,-1,-0.01,-1,-1,-0.01,-1,-1,-0.01,-1,-1,-0.01,-1,-1,-0.01,-1,-1,-0.01,-1,-1,-0.01,-1,-1
99926009,2026-05-18 09:45:22+05:30,52929.75,0,0.0,0,0.0,0.0,53282.15,53308.4,52909.1,53710.35,0,0.0,0.0,0.0,0.0,-0.01,-1,-1,-0.01,-1,-1,-0.01,-1,-1,-0.01,-1,-1,-0.01,-1,-1,-0.01,-1,-1,-0.01,-1,-1,-0.01,-1,-1,-0.01,-1,-1,-0.01,-1,-1
99926009,2026-05-18 09:45:23+05:30,52930.8,0,0.0,0,0.0,0.0,53282.15,53308.4,52909.1,53710.35,0,0.0,0.0,0.0,0.0,-0.01,-1,-1,-0.01,-1,-1,-0.01,-1,-1,-0.01,-1,-1,-0.01,-1,-1,-0.01,-1,-1,-0.01,-1,-1,-0.01,-1,-1,-0.01,-1,-1,-0.01,-1,-1
99926009,2026-05-18 09:45:23+05:30,52928.65,0,0.0,0,0.0,0.0,53282.15,53308.4,52909.1,53710.35,0,0.0,0.0,0.0,0.0,-0.01,-1,-1,-0.01,-1,-1,-0.01,-1,-1,-0.01,-1,-1,-0.01,-1,-1,-0.01,-1,-1,-0.01,-1,-1,-0.01,-1,-1,-0.01,-1,-1,-0.01,-1,-1
99926009,2026-05-18 09:45:24+05:30,52928.65,0,0.0,0,0.0,0.0,53282.15,53308.4,52909.1,53710.35,0,0.0,0.0,0.0,0.0,-0.01,-1,-1,-0.01,-1,-1,-0.01,-1,-1,-0.01,-1,-1,-0.01,-1,-1,-0.01,-1,-1,-0.01,-1,-1,-0.01,-1,-1,-0.01,-1,-1,-0.01,-1,-1
99926009,2026-05-18 09:45:24+05:30,52928.7,0,0.0,0,0.0,0.0,53282.15,53308.4,52909.1,53710.35,0,0.0,0.0,0.0,0.0,-0.01,-1,-1,-0.01,-1,-1,-0.01,-1,-1,-0.01,-1,-1,-0.01,-1,-1,-0.01,-1,-1,-0.01,-1,-1,-0.01,-1,-1,-0.01,-1,-1,-0.01,-1,-1
99926009,2026-05-18 09:45:25+05:30,52933.95,0,0.0,0,0.0,0.0,53282.15,53308.4,52909.1,53710.35,0,0.0,0.0,0.0,0.0,-0.01,-1,-1,-0.01,-1,-1,-0.01,-1,-1,-0.01,-1,-1,-0.01,-1,-1,-0.01,-1,-1,-0.01,-1,-1,-0.01,-1,-1,-0.01,-1,-1,-0.01,-1,-1
99926009,2026-05-18 09:45:25+05:30,52933.05,0,0.0,0,0.0,0.0,53282.15,53308.4,52909.1,53710.35,0,0.0,0.0,0.0,0.0,-0.01,-1,-1,-0.01,-1,-1,-0.01,-1,-1,-0.01,-1,-1,-0.01,-1,-1,-0.01,-1,-1,-0.01,-1,-1,-0.01,-1,-1,-0.01,-1,-1,-0.01,-1,-1
99926009,2026-05-18 09:45:26+05:30,52933.7,0,0.0,0,0.0,0.0,53282.15,53308.4,52909.1,53710.35,0,0.0,0.0,0.0,0.0,-0.01,-1,-1,-0.01,-1,-1,-0.01,-1,-1,-0.01,-1,-1,-0.01,-1,-1,-0.01,-1,-1,-0.01,-1,-1,-0.01,-1,-1,-0.01,-1,-1,-0.01,-1,-1
99926009,2026-05-18 09:45:26+05:30,52939.05,0,0.0,0,0.0,0.0,53282.15,53308.4,52909.1,53710.35,0,0.0,0.0,0.0,0.0,-0.01,-1,-1,-0.01,-1,-1,-0.01,-1,-1,-0.01,-1,-1,-0.01,-1,-1,-0.01,-1,-1,-0.01,-1,-1,-0.01,-1,-1,-0.01,-1,-1,-0.01,-1,-1
99926009,2026-05-18 09:45:27+05:30,52939.05,0,0.0,0,0.0,0.0,53282.15,53308.4,52909.1,53710.35,0,0.0,0.0,0.0,0.0,-0.01,-1,-1,-0.01,-1,-1,-0.01,-1,-1,-0.01,-1,-1,-0.01,-1,-1,-0.01,-1,-1,-0.01,-1,-1,-0.01,-1,-1,-0.01,-1,-1,-0.01,-1,-1
99926009,2026-05-18 09:45:27+05:30,52934.2,0,0.0,0,0.0,0.0,53282.15,53308.4,52909.1,53710.35,0,0.0,0.0,0.0,0.0,-0.01,-1,-1,-0.01,-1,-1,-0.01,-1,-1,-0.01,-1,-1,-0.01,-1,-1,-0.01,-1,-1,-0.01,-1,-1,-0.01,-1,-1,-0.01,-1,-1,-0.01,-1,-1
99926009,2026-05-18 09:45:28+05:30,52932.4,0,0.0,0,0.0,0.0,53282.15,53308.4,52909.1,53710.35,0,0.0,0.0,0.0,0.0,-0.01,-1,-1,-0.01,-1,-1,-0.01,-1,-1,-0.01,-1,-1,-0.01,-1,-1,-0.01,-1,-1,-0.01,-1,-1,-0.01,-1,-1,-0.01,-1,-1,-0.01,-1,-1
99926009,2026-05-18 09:45:28+05:30,52931.8,0,0.0,0,0.0,0.0,53282.15,53308.4,52909.1,53710.35,0,0.0,0.0,0.0,0.0,-0.01,-1,-1,-0.01,-1,-1,-0.01,-1,-1,-0.01,-1,-1,-0.01,-1,-1,-0.01,-1,-1,-0.01,-1,-1,-0.01,-1,-1,-0.01,-1,-1,-0.01,-1,-1
99926009,2026-05-18 09:45:29+05:30,52936.95,0,0.0,0,0.0,0.0,53282.15,53308.4,52909.1,53710.35,0,0.0,0.0,0.0,0.0,-0.01,-1,-1,-0.01,-1,-1,-0.01,-1,-1,-0.01,-1,-1,-0.01,-1,-1,-0.01,-1,-1,-0.01,-1,-1,-0.01,-1,-1,-0.01,-1,-1,-0.01,-1,-1
99926009,2026-05-18 09:45:29+05:30,52936.2,0,0.0,0,0.0,0.0,53282.15,53308.4,52909.1,53710.35,0,0.0,0.0,0.0,0.0,-0.01,-1,-1,-0.01,-1,-1,-0.01,-1,-1,-0.01,-1,-1,-0.01,-1,-1,-0.01,-1,-1,-0.01,-1,-1,-0.01,-1,-1,-0.01,-1,-1,-0.01,-1,-1
99926009,2026-05-18 09:45:30+05:30,52934.65,0,0.0,0,0.0,0.0,53282.15,53308.4,52909.1,53710.35,0,0.0,0.0,0.0,0.0,-0.01,-1,-1,-0.01,-1,-1,-0.01,-1,-1,-0.01,-1,-1,-0.01,-1,-1,-0.01,-1,-1,-0.01,-1,-1,-0.01,-1,-1,-0.01,-1,-1,-0.01,-1,-1
99926009,2026-05-18 09:45:30+05:30,52937.65,0,0.0,0,0.0,0.0,53282.15,53308.4,52909.1,53710.35,0,0.0,0.0,0.0,0.0,-0.01,-1,-1,-0.01,-1,-1,-0.01,-1,-1,-0.01,-1,-1,-0.01,-1,-1,-0.01,-1,-1,-0.01,-1,-1,-0.01,-1,-1,-0.01,-1,-1,-0.01,-1,-1
99926009,2026-05-18 09:45:31+05:30,52937.45,0,0.0,0,0.0,0.0,53282.15,53308.4,52909.1,53710.35,0,0.0,0.0,0.0,0.0,-0.01,-1,-1,-0.01,-1,-1,-0.01,-1,-1,-0.01,-1,-1,-0.01,-1,-1,-0.01,-1,-1,-0.01,-1,-1,-0.01,-1,-1,-0.01,-1,-1,-0.01,-1,-1
99926009,2026-05-18 09:45:31+05:30,52939.15,0,0.0,0,0.0,0.0,53282.15,53308.4,52909.1,53710.35,0,0.0,0.0,0.0,0.0,-0.01,-1,-1,-0.01,-1,-1,-0.01,-1,-1,-0.01,-1,-1,-0.01,-1,-1,-0.01,-1,-1,-0.01,-1,-1,-0.01,-1,-1,-0.01,-1,-1,-0.01,-1,-1
99926009,2026-05-18 09:45:32+05:30,52938.5,0,0.0,0,0.0,0.0,53282.15,53308.4,52909.1,53710.35,0,0.0,0.0,0.0,0.0,-0.01,-1,-1,-0.01,-1,-1,-0.01,-1,-1,-0.01,-1,-1,-0.01,-1,-1,-0.01,-1,-1,-0.01,-1,-1,-0.01,-1,-1,-0.01,-1,-1,-0.01,-1,-1
99926009,2026-05-18 09:45:32+05:30,52938.65,0,0.0,0,0.0,0.0,53282.15,53308.4,52909.1,53710.35,0,0.0,0.0,0.0,0.0,-0.01,-1,-1,-0.01,-1,-1,-0.01,-1,-1,-0.01,-1,-1,-0.01,-1,-1,-0.01,-1,-1,-0.01,-1,-1,-0.01,-1,-1,-0.01,-1,-1,-0.01,-1,-1
99926009,2026-05-18 09:45:33+05:30,52936.3,0,0.0,0,0.0,0.0,53282.15,53308.4,52909.1,53710.35,0,0.0,0.0,0.0,0.0,-0.01,-1,-1,-0.01,-1,-1,-0.01,-1,-1,-0.01,-1,-1,-0.01,-1,-1,-0.01,-1,-1,-0.01,-1,-1,-0.01,-1,-1,-0.01,-1,-1,-0.01,-1,-1
99926009,2026-05-18 09:45:33+05:30,52934.95,0,0.0,0,0.0,0.0,53282.15,53308.4,52909.1,53710.35,0,0.0,0.0,0.0,0.0,-0.01,-1,-1,-0.01,-1,-1,-0.01,-1,-1,-0.01,-1,-1,-0.01,-1,-1,-0.01,-1,-1,-0.01,-1,-1,-0.01,-1,-1,-0.01,-1,-1,-0.01,-1,-1
99926009,2026-05-18 09:45:34+05:30,52934.15,0,0.0,0,0.0,0.0,53282.15,53308.4,52909.1,53710.35,0,0.0,0.0,0.0,0.0,-0.01,-1,-1,-0.01,-1,-1,-0.01,-1,-1,-0.01,-1,-1,-0.01,-1,-1,-0.01,-1,-1,-0.01,-1,-1,-0.01,-1,-1,-0.01,-1,-1,-0.01,-1,-1
99926009,2026-05-18 09:45:34+05:30,52935.45,0,0.0,0,0.0,0.0,53282.15,53308.4,52909.1,53710.35,0,0.0,0.0,0.0,0.0,-0.01,-1,-1,-0.01,-1,-1,-0.01,-1,-1,-0.01,-1,-1,-0.01,-1,-1,-0.01,-1,-1,-0.01,-1,-1,-0.01,-1,-1,-0.01,-1,-1,-0.01,-1,-1
99926009,2026-05-18 09:45:35+05:30,52932.5,0,0.0,0,0.0,0.0,53282.15,53308.4,52909.1,53710.35,0,0.0,0.0,0.0,0.0,-0.01,-1,-1,-0.01,-1,-1,-0.01,-1,-1,-0.01,-1,-1,-0.01,-1,-1,-0.01,-1,-1,-0.01,-1,-1,-0.01,-1,-1,-0.01,-1,-1,-0.01,-1,-1
99926009,2026-05-18 09:45:35+05:30,52935.4,0,0.0,0,0.0,0.0,53282.15,53308.4,52909.1,53710.35,0,0.0,0.0,0.0,0.0,-0.01,-1,-1,-0.01,-1,-1,-0.01,-1,-1,-0.01,-1,-1,-0.01,-1,-1,-0.01,-1,-1,-0.01,-1,-1,-0.01,-1,-1,-0.01,-1,-1,-0.01,-1,-1
99926009,2026-05-18 09:45:36+05:30,52934.55,0,0.0,0,0.0,0.0,53282.15,53308.4,52909.1,53710.35,0,0.0,0.0,0.0,0.0,-0.01,-1,-1,-0.01,-1,-1,-0.01,-1,-1,-0.01,-1,-1,-0.01,-1,-1,-0.01,-1,-1,-0.01,-1,-1,-0.01,-1,-1,-0.01,-1,-1,-0.01,-1,-1
99926009,2026-05-18 09:45:36+05:30,52938.35,0,0.0,0,0.0,0.0,53282.15,53308.4,52909.1,53710.35,0,0.0,0.0,0.0,0.0,-0.01,-1,-1,-0.01,-1,-1,-0.01,-1,-1,-0.01,-1,-1,-0.01,-1,-1,-0.01,-1,-1,-0.01,-1,-1,-0.01,-1,-1,-0.01,-1,-1,-0.01,-1,-1
99926009,2026-05-18 09:45:37+05:30,52939.05,0,0.0,0,0.0,0.0,53282.15,53308.4,52909.1,53710.35,0,0.0,0.0,0.0,0.0,-0.01,-1,-1,-0.01,-1,-1,-0.01,-1,-1,-0.01,-1,-1,-0.01,-1,-1,-0.01,-1,-1,-0.01,-1,-1,-0.01,-1,-1,-0.01,-1,-1,-0.01,-1,-1
99926009,2026-05-18 09:45:37+05:30,52939.15,0,0.0,0,0.0,0.0,53282.15,53308.4,52909.1,53710.35,0,0.0,0.0,0.0,0.0,-0.01,-1,-1,-0.01,-1,-1,-0.01,-1,-1,-0.01,-1,-1,-0.01,-1,-1,-0.01,-1,-1,-0.01,-1,-1,-0.01,-1,-1,-0.01,-1,-1,-0.01,-1,-1
99926009,2026-05-18 09:45:38+05:30,52937.2,0,0.0,0,0.0,0.0,53282.15,53308.4,52909.1,53710.35,0,0.0,0.0,0.0,0.0,-0.01,-1,-1,-0.01,-1,-1,-0.01,-1,-1,-0.01,-1,-1,-0.01,-1,-1,-0.01,-1,-1,-0.01,-1,-1,-0.01,-1,-1,-0.01,-1,-1,-0.01,-1,-1
99926009,2026-05-18 09:45:38+05:30,52938.65,0,0.0,0,0.0,0.0,53282.15,53308.4,52909.1,53710.35,0,0.0,0.0,0.0,0.0,-0.01,-1,-1,-0.01,-1,-1,-0.01,-1,-1,-0.01,-1,-1,-0.01,-1,-1,-0.01,-1,-1,-0.01,-1,-1,-0.01,-1,-1,-0.01,-1,-1,-0.01,-1,-1
99926009,2026-05-18 09:45:39+05:30,52937.4,0,0.0,0,0.0,0.0,53282.15,53308.4,52909.1,53710.35,0,0.0,0.0,0.0,0.0,-0.01,-1,-1,-0.01,-1,-1,-0.01,-1,-1,-0.01,-1,-1,-0.01,-1,-1,-0.01,-1,-1,-0.01,-1,-1,-0.01,-1,-1,-0.01,-1,-1,-0.01,-1,-1
99926009,2026-05-18 09:45:39+05:30,52937.55,0,0.0,0,0.0,0.0,53282.15,53308.4,52909.1,53710.35,0,0.0,0.0,0.0,0.0,-0.01,-1,-1,-0.01,-1,-1,-0.01,-1,-1,-0.01,-1,-1,-0.01,-1,-1,-0.01,-1,-1,-0.01,-1,-1,-0.01,-1,-1,-0.01,-1,-1,-0.01,-1,-1
99926009,2026-05-18 09:45:40+05:30,52936.75,0,0.0,0,0.0,0.0,53282.15,53308.4,52909.1,53710.35,0,0.0,0.0,0.0,0.0,-0.01,-1,-1,-0.01,-1,-1,-0.01,-1,-1,-0.01,-1,-1,-0.01,-1,-1,-0.01,-1,-1,-0.01,-1,-1,-0.01,-1,-1,-0.01,-1,-1,-0.01,-1,-1
99926009,2026-05-18 09:45:40+05:30,52940.5,0,0.0,0,0.0,0.0,53282.15,53308.4,52909.1,53710.35,0,0.0,0.0,0.0,0.0,-0.01,-1,-1,-0.01,-1,-1,-0.01,-1,-1,-0.01,-1,-1,-0.01,-1,-1,-0.01,-1,-1,-0.01,-1,-1,-0.01,-1,-1,-0.01,-1,-1,-0.01,-1,-1
99926009,2026-05-18 09:45:41+05:30,52942.6,0,0.0,0,0.0,0.0,53282.15,53308.4,52909.1,53710.35,0,0.0,0.0,0.0,0.0,-0.01,-1,-1,-0.01,-1,-1,-0.01,-1,-1,-0.01,-1,-1,-0.01,-1,-1,-0.01,-1,-1,-0.01,-1,-1,-0.01,-1,-1,-0.01,-1,-1,-0.01,-1,-1
99926009,2026-05-18 09:45:41+05:30,52936.6,0,0.0,0,0.0,0.0,53282.15,53308.4,52909.1,53710.35,0,0.0,0.0,0.0,0.0,-0.01,-1,-1,-0.01,-1,-1,-0.01,-1,-1,-0.01,-1,-1,-0.01,-1,-1,-0.01,-1,-1,-0.01,-1,-1,-0.01,-1,-1,-0.01,-1,-1,-0.01,-1,-1
99926009,2026-05-18 09:45:42+05:30,52936.9,0,0.0,0,0.0,0.0,53282.15,53308.4,52909.1,53710.35,0,0.0,0.0,0.0,0.0,-0.01,-1,-1,-0.01,-1,-1,-0.01,-1,-1,-0.01,-1,-1,-0.01,-1,-1,-0.01,-1,-1,-0.01,-1,-1,-0.01,-1,-1,-0.01,-1,-1,-0.01,-1,-1
99926009,2026-05-18 09:45:42+05:30,52937.15,0,0.0,0,0.0,0.0,53282.15,53308.4,52909.1,53710.35,0,0.0,0.0,0.0,0.0,-0.01,-1,-1,-0.01,-1,-1,-0.01,-1,-1,-0.01,-1,-1,-0.01,-1,-1,-0.01,-1,-1,-0.01,-1,-1,-0.01,-1,-1,-0.01,-1,-1,-0.01,-1,-1
99926009,2026-05-18 09:45:43+05:30,52936.15,0,0.0,0,0.0,0.0,53282.15,53308.4,52909.1,53710.35,0,0.0,0.0,0.0,0.0,-0.01,-1,-1,-0.01,-1,-1,-0.01,-1,-1,-0.01,-1,-1,-0.01,-1,-1,-0.01,-1,-1,-0.01,-1,-1,-0.01,-1,-1,-0.01,-1,-1,-0.01,-1,-1
99926009,2026-05-18 09:45:43+05:30,52937.05,0,0.0,0,0.0,0.0,53282.15,53308.4,52909.1,53710.35,0,0.0,0.0,0.0,0.0,-0.01,-1,-1,-0.01,-1,-1,-0.01,-1,-1,-0.01,-1,-1,-0.01,-1,-1,-0.01,-1,-1,-0.01,-1,-1,-0.01,-1,-1,-0.01,-1,-1,-0.01,-1,-1
99926009,2026-05-18 09:45:44+05:30,52935.9,0,0.0,0,0.0,0.0,53282.15,53308.4,52909.1,53710.35,0,0.0,0.0,0.0,0.0,-0.01,-1,-1,-0.01,-1,-1,-0.01,-1,-1,-0.01,-1,-1,-0.01,-1,-1,-0.01,-1,-1,-0.01,-1,-1,-0.01,-1,-1,-0.01,-1,-1,-0.01,-1,-1
99926009,2026-05-18 09:45:44+05:30,52938.95,0,0.0,0,0.0,0.0,53282.15,53308.4,52909.1,53710.35,0,0.0,0.0,0.0,0.0,-0.01,-1,-1,-0.01,-1,-1,-0.01,-1,-1,-0.01,-1,-1,-0.01,-1,-1,-0.01,-1,-1,-0.01,-1,-1,-0.01,-1,-1,-0.01,-1,-1,-0.01,-1,-1
99926009,2026-05-18 09:45:45+05:30,52938.25,0,0.0,0,0.0,0.0,53282.15,53308.4,52909.1,53710.35,0,0.0,0.0,0.0,0.0,-0.01,-1,-1,-0.01,-1,-1,-0.01,-1,-1,-0.01,-1,-1,-0.01,-1,-1,-0.01,-1,-1,-0.01,-1,-1,-0.01,-1,-1,-0.01,-1,-1,-0.01,-1,-1
99926009,2026-05-18 09:45:45+05:30,52944.65,0,0.0,0,0.0,0.0,53282.15,53308.4,52909.1,53710.35,0,0.0,0.0,0.0,0.0,-0.01,-1,-1,-0.01,-1,-1,-0.01,-1,-1,-0.01,-1,-1,-0.01,-1,-1,-0.01,-1,-1,-0.01,-1,-1,-0.01,-1,-1,-0.01,-1,-1,-0.01,-1,-1
99926009,2026-05-18 09:45:46+05:30,52941.5,0,0.0,0,0.0,0.0,53282.15,53308.4,52909.1,53710.35,0,0.0,0.0,0.0,0.0,-0.01,-1,-1,-0.01,-1,-1,-0.01,-1,-1,-0.01,-1,-1,-0.01,-1,-1,-0.01,-1,-1,-0.01,-1,-1,-0.01,-1,-1,-0.01,-1,-1,-0.01,-1,-1
99926009,2026-05-18 09:45:46+05:30,52944.05,0,0.0,0,0.0,0.0,53282.15,53308.4,52909.1,53710.35,0,0.0,0.0,0.0,0.0,-0.01,-1,-1,-0.01,-1,-1,-0.01,-1,-1,-0.01,-1,-1,-0.01,-1,-1,-0.01,-1,-1,-0.01,-1,-1,-0.01,-1,-1,-0.01,-1,-1,-0.01,-1,-1
99926009,2026-05-18 09:45:47+05:30,52943.85,0,0.0,0,0.0,0.0,53282.15,53308.4,52909.1,53710.35,0,0.0,0.0,0.0,0.0,-0.01,-1,-1,-0.01,-1,-1,-0.01,-1,-1,-0.01,-1,-1,-0.01,-1,-1,-0.01,-1,-1,-0.01,-1,-1,-0.01,-1,-1,-0.01,-1,-1,-0.01,-1,-1
99926009,2026-05-18 09:45:47+05:30,52943.6,0,0.0,0,0.0,0.0,53282.15,53308.4,52909.1,53710.35,0,0.0,0.0,0.0,0.0,-0.01,-1,-1,-0.01,-1,-1,-0.01,-1,-1,-0.01,-1,-1,-0.01,-1,-1,-0.01,-1,-1,-0.01,-1,-1,-0.01,-1,-1,-0.01,-1,-1,-0.01,-1,-1
99926009,2026-05-18 09:45:48+05:30,52942.6,0,0.0,0,0.0,0.0,53282.15,53308.4,52909.1,53710.35,0,0.0,0.0,0.0,0.0,-0.01,-1,-1,-0.01,-1,-1,-0.01,-1,-1,-0.01,-1,-1,-0.01,-1,-1,-0.01,-1,-1,-0.01,-1,-1,-0.01,-1,-1,-0.01,-1,-1,-0.01,-1,-1
99926009,2026-05-18 09:45:48+05:30,52939.75,0,0.0,0,0.0,0.0,53282.15,53308.4,52909.1,53710.35,0,0.0,0.0,0.0,0.0,-0.01,-1,-1,-0.01,-1,-1,-0.01,-1,-1,-0.01,-1,-1,-0.01,-1,-1,-0.01,-1,-1,-0.01,-1,-1,-0.01,-1,-1,-0.01,-1,-1,-0.01,-1,-1
99926009,2026-05-18 09:45:49+05:30,52939.25,0,0.0,0,0.0,0.0,53282.15,53308.4,52909.1,53710.35,0,0.0,0.0,0.0,0.0,-0.01,-1,-1,-0.01,-1,-1,-0.01,-1,-1,-0.01,-1,-1,-0.01,-1,-1,-0.01,-1,-1,-0.01,-1,-1,-0.01,-1,-1,-0.01,-1,-1,-0.01,-1,-1
99926009,2026-05-18 09:45:49+05:30,52941.05,0,0.0,0,0.0,0.0,53282.15,53308.4,52909.1,53710.35,0,0.0,0.0,0.0,0.0,-0.01,-1,-1,-0.01,-1,-1,-0.01,-1,-1,-0.01,-1,-1,-0.01,-1,-1,-0.01,-1,-1,-0.01,-1,-1,-0.01,-1,-1,-0.01,-1,-1,-0.01,-1,-1
99926009,2026-05-18 09:45:50+05:30,52947.1,0,0.0,0,0.0,0.0,53282.15,53308.4,52909.1,53710.35,0,0.0,0.0,0.0,0.0,-0.01,-1,-1,-0.01,-1,-1,-0.01,-1,-1,-0.01,-1,-1,-0.01,-1,-1,-0.01,-1,-1,-0.01,-1,-1,-0.01,-1,-1,-0.01,-1,-1,-0.01,-1,-1
99926009,2026-05-18 09:45:50+05:30,52951.4,0,0.0,0,0.0,0.0,53282.15,53308.4,52909.1,53710.35,0,0.0,0.0,0.0,0.0,-0.01,-1,-1,-0.01,-1,-1,-0.01,-1,-1,-0.01,-1,-1,-0.01,-1,-1,-0.01,-1,-1,-0.01,-1,-1,-0.01,-1,-1,-0.01,-1,-1,-0.01,-1,-1
99926009,2026-05-18 09:45:51+05:30,52949.95,0,0.0,0,0.0,0.0,53282.15,53308.4,52909.1,53710.35,0,0.0,0.0,0.0,0.0,-0.01,-1,-1,-0.01,-1,-1,-0.01,-1,-1,-0.01,-1,-1,-0.01,-1,-1,-0.01,-1,-1,-0.01,-1,-1,-0.01,-1,-1,-0.01,-1,-1,-0.01,-1,-1
99926009,2026-05-18 09:45:51+05:30,52955.85,0,0.0,0,0.0,0.0,53282.15,53308.4,52909.1,53710.35,0,0.0,0.0,0.0,0.0,-0.01,-1,-1,-0.01,-1,-1,-0.01,-1,-1,-0.01,-1,-1,-0.01,-1,-1,-0.01,-1,-1,-0.01,-1,-1,-0.01,-1,-1,-0.01,-1,-1,-0.01,-1,-1
99926009,2026-05-18 09:45:52+05:30,52953.45,0,0.0,0,0.0,0.0,53282.15,53308.4,52909.1,53710.35,0,0.0,0.0,0.0,0.0,-0.01,-1,-1,-0.01,-1,-1,-0.01,-1,-1,-0.01,-1,-1,-0.01,-1,-1,-0.01,-1,-1,-0.01,-1,-1,-0.01,-1,-1,-0.01,-1,-1,-0.01,-1,-1
99926009,2026-05-18 09:45:52+05:30,52952.35,0,0.0,0,0.0,0.0,53282.15,53308.4,52909.1,53710.35,0,0.0,0.0,0.0,0.0,-0.01,-1,-1,-0.01,-1,-1,-0.01,-1,-1,-0.01,-1,-1,-0.01,-1,-1,-0.01,-1,-1,-0.01,-1,-1,-0.01,-1,-1,-0.01,-1,-1,-0.01,-1,-1
99926009,2026-05-18 09:45:53+05:30,52952.3,0,0.0,0,0.0,0.0,53282.15,53308.4,52909.1,53710.35,0,0.0,0.0,0.0,0.0,-0.01,-1,-1,-0.01,-1,-1,-0.01,-1,-1,-0.01,-1,-1,-0.01,-1,-1,-0.01,-1,-1,-0.01,-1,-1,-0.01,-1,-1,-0.01,-1,-1,-0.01,-1,-1
99926009,2026-05-18 09:45:53+05:30,52951.1,0,0.0,0,0.0,0.0,53282.15,53308.4,52909.1,53710.35,0,0.0,0.0,0.0,0.0,-0.01,-1,-1,-0.01,-1,-1,-0.01,-1,-1,-0.01,-1,-1,-0.01,-1,-1,-0.01,-1,-1,-0.01,-1,-1,-0.01,-1,-1,-0.01,-1,-1,-0.01,-1,-1
99926009,2026-05-18 09:45:54+05:30,52955.75,0,0.0,0,0.0,0.0,53282.15,53308.4,52909.1,53710.35,0,0.0,0.0,0.0,0.0,-0.01,-1,-1,-0.01,-1,-1,-0.01,-1,-1,-0.01,-1,-1,-0.01,-1,-1,-0.01,-1,-1,-0.01,-1,-1,-0.01,-1,-1,-0.01,-1,-1,-0.01,-1,-1
99926009,2026-05-18 09:45:54+05:30,52955.95,0,0.0,0,0.0,0.0,53282.15,53308.4,52909.1,53710.35,0,0.0,0.0,0.0,0.0,-0.01,-1,-1,-0.01,-1,-1,-0.01,-1,-1,-0.01,-1,-1,-0.01,-1,-1,-0.01,-1,-1,-0.01,-1,-1,-0.01,-1,-1,-0.01,-1,-1,-0.01,-1,-1
99926009,2026-05-18 09:45:55+05:30,52956.85,0,0.0,0,0.0,0.0,53282.15,53308.4,52909.1,53710.35,0,0.0,0.0,0.0,0.0,-0.01,-1,-1,-0.01,-1,-1,-0.01,-1,-1,-0.01,-1,-1,-0.01,-1,-1,-0.01,-1,-1,-0.01,-1,-1,-0.01,-1,-1,-0.01,-1,-1,-0.01,-1,-1
99926009,2026-05-18 09:45:55+05:30,52955.8,0,0.0,0,0.0,0.0,53282.15,53308.4,52909.1,53710.35,0,0.0,0.0,0.0,0.0,-0.01,-1,-1,-0.01,-1,-1,-0.01,-1,-1,-0.01,-1,-1,-0.01,-1,-1,-0.01,-1,-1,-0.01,-1,-1,-0.01,-1,-1,-0.01,-1,-1,-0.01,-1,-1
99926009,2026-05-18 09:45:56+05:30,52959.35,0,0.0,0,0.0,0.0,53282.15,53308.4,52909.1,53710.35,0,0.0,0.0,0.0,0.0,-0.01,-1,-1,-0.01,-1,-1,-0.01,-1,-1,-0.01,-1,-1,-0.01,-1,-1,-0.01,-1,-1,-0.01,-1,-1,-0.01,-1,-1,-0.01,-1,-1,-0.01,-1,-1
99926009,2026-05-18 09:45:56+05:30,52959.0,0,0.0,0,0.0,0.0,53282.15,53308.4,52909.1,53710.35,0,0.0,0.0,0.0,0.0,-0.01,-1,-1,-0.01,-1,-1,-0.01,-1,-1,-0.01,-1,-1,-0.01,-1,-1,-0.01,-1,-1,-0.01,-1,-1,-0.01,-1,-1,-0.01,-1,-1,-0.01,-1,-1
99926009,2026-05-18 09:45:57+05:30,52960.0,0,0.0,0,0.0,0.0,53282.15,53308.4,52909.1,53710.35,0,0.0,0.0,0.0,0.0,-0.01,-1,-1,-0.01,-1,-1,-0.01,-1,-1,-0.01,-1,-1,-0.01,-1,-1,-0.01,-1,-1,-0.01,-1,-1,-0.01,-1,-1,-0.01,-1,-1,-0.01,-1,-1
99926009,2026-05-18 09:45:57+05:30,52958.65,0,0.0,0,0.0,0.0,53282.15,53308.4,52909.1,53710.35,0,0.0,0.0,0.0,0.0,-0.01,-1,-1,-0.01,-1,-1,-0.01,-1,-1,-0.01,-1,-1,-0.01,-1,-1,-0.01,-1,-1,-0.01,-1,-1,-0.01,-1,-1,-0.01,-1,-1,-0.01,-1,-1
99926009,2026-05-18 09:45:58+05:30,52960.05,0,0.0,0,0.0,0.0,53282.15,53308.4,52909.1,53710.35,0,0.0,0.0,0.0,0.0,-0.01,-1,-1,-0.01,-1,-1,-0.01,-1,-1,-0.01,-1,-1,-0.01,-1,-1,-0.01,-1,-1,-0.01,-1,-1,-0.01,-1,-1,-0.01,-1,-1,-0.01,-1,-1
99926009,2026-05-18 09:45:58+05:30,52957.85,0,0.0,0,0.0,0.0,53282.15,53308.4,52909.1,53710.35,0,0.0,0.0,0.0,0.0,-0.01,-1,-1,-0.01,-1,-1,-0.01,-1,-1,-0.01,-1,-1,-0.01,-1,-1,-0.01,-1,-1,-0.01,-1,-1,-0.01,-1,-1,-0.01,-1,-1,-0.01,-1,-1
99926009,2026-05-18 09:45:59+05:30,52952.0,0,0.0,0,0.0,0.0,53282.15,53308.4,52909.1,53710.35,0,0.0,0.0,0.0,0.0,-0.01,-1,-1,-0.01,-1,-1,-0.01,-1,-1,-0.01,-1,-1,-0.01,-1,-1,-0.01,-1,-1,-0.01,-1,-1,-0.01,-1,-1,-0.01,-1,-1,-0.01,-1,-1
99926009,2026-05-18 09:45:59+05:30,52951.5,0,0.0,0,0.0,0.0,53282.15,53308.4,52909.1,53710.35,0,0.0,0.0,0.0,0.0,-0.01,-1,-1,-0.01,-1,-1,-0.01,-1,-1,-0.01,-1,-1,-0.01,-1,-1,-0.01,-1,-1,-0.01,-1,-1,-0.01,-1,-1,-0.01,-1,-1,-0.01,-1,-1
99926009,2026-05-18 09:46:00+05:30,52952.35,0,0.0,0,0.0,0.0,53282.15,53308.4,52909.1,53710.35,0,0.0,0.0,0.0,0.0,-0.01,-1,-1,-0.01,-1,-1,-0.01,-1,-1,-0.01,-1,-1,-0.01,-1,-1,-0.01,-1,-1,-0.01,-1,-1,-0.01,-1,-1,-0.01,-1,-1,-0.01,-1,-1
99926009,2026-05-18 09:46:00+05:30,52956.55,0,0.0,0,0.0,0.0,53282.15,53308.4,52909.1,53710.35,0,0.0,0.0,0.0,0.0,-0.01,-1,-1,-0.01,-1,-1,-0.01,-1,-1,-0.01,-1,-1,-0.01,-1,-1,-0.01,-1,-1,-0.01,-1,-1,-0.01,-1,-1,-0.01,-1,-1,-0.01,-1,-1
99926009,2026-05-18 09:46:01+05:30,52959.2,0,0.0,0,0.0,0.0,53282.15,53308.4,52909.1,53710.35,0,0.0,0.0,0.0,0.0,-0.01,-1,-1,-0.01,-1,-1,-0.01,-1,-1,-0.01,-1,-1,-0.01,-1,-1,-0.01,-1,-1,-0.01,-1,-1,-0.01,-1,-1,-0.01,-1,-1,-0.01,-1,-1
99926009,2026-05-18 09:46:01+05:30,52956.65,0,0.0,0,0.0,0.0,53282.15,53308.4,52909.1,53710.35,0,0.0,0.0,0.0,0.0,-0.01,-1,-1,-0.01,-1,-1,-0.01,-1,-1,-0.01,-1,-1,-0.01,-1,-1,-0.01,-1,-1,-0.01,-1,-1,-0.01,-1,-1,-0.01,-1,-1,-0.01,-1,-1
99926009,2026-05-18 09:46:02+05:30,52953.6,0,0.0,0,0.0,0.0,53282.15,53308.4,52909.1,53710.35,0,0.0,0.0,0.0,0.0,-0.01,-1,-1,-0.01,-1,-1,-0.01,-1,-1,-0.01,-1,-1,-0.01,-1,-1,-0.01,-1,-1,-0.01,-1,-1,-0.01,-1,-1,-0.01,-1,-1,-0.01,-1,-1
99926009,2026-05-18 09:46:02+05:30,52954.65,0,0.0,0,0.0,0.0,53282.15,53308.4,52909.1,53710.35,0,0.0,0.0,0.0,0.0,-0.01,-1,-1,-0.01,-1,-1,-0.01,-1,-1,-0.01,-1,-1,-0.01,-1,-1,-0.01,-1,-1,-0.01,-1,-1,-0.01,-1,-1,-0.01,-1,-1,-0.01,-1,-1
99926009,2026-05-18 09:46:03+05:30,52950.65,0,0.0,0,0.0,0.0,53282.15,53308.4,52909.1,53710.35,0,0.0,0.0,0.0,0.0,-0.01,-1,-1,-0.01,-1,-1,-0.01,-1,-1,-0.01,-1,-1,-0.01,-1,-1,-0.01,-1,-1,-0.01,-1,-1,-0.01,-1,-1,-0.01,-1,-1,-0.01,-1,-1
99926009,2026-05-18 09:46:03+05:30,52953.55,0,0.0,0,0.0,0.0,53282.15,53308.4,52909.1,53710.35,0,0.0,0.0,0.0,0.0,-0.01,-1,-1,-0.01,-1,-1,-0.01,-1,-1,-0.01,-1,-1,-0.01,-1,-1,-0.01,-1,-1,-0.01,-1,-1,-0.01,-1,-1,-0.01,-1,-1,-0.01,-1,-1
99926009,2026-05-18 09:46:04+05:30,52949.2,0,0.0,0,0.0,0.0,53282.15,53308.4,52909.1,53710.35,0,0.0,0.0,0.0,0.0,-0.01,-1,-1,-0.01,-1,-1,-0.01,-1,-1,-0.01,-1,-1,-0.01,-1,-1,-0.01,-1,-1,-0.01,-1,-1,-0.01,-1,-1,-0.01,-1,-1,-0.01,-1,-1
99926009,2026-05-18 09:46:04+05:30,52947.45,0,0.0,0,0.0,0.0,53282.15,53308.4,52909.1,53710.35,0,0.0,0.0,0.0,0.0,-0.01,-1,-1,-0.01,-1,-1,-0.01,-1,-1,-0.01,-1,-1,-0.01,-1,-1,-0.01,-1,-1,-0.01,-1,-1,-0.01,-1,-1,-0.01,-1,-1,-0.01,-1,-1
99926009,2026-05-18 09:46:05+05:30,52950.6,0,0.0,0,0.0,0.0,53282.15,53308.4,52909.1,53710.35,0,0.0,0.0,0.0,0.0,-0.01,-1,-1,-0.01,-1,-1,-0.01,-1,-1,-0.01,-1,-1,-0.01,-1,-1,-0.01,-1,-1,-0.01,-1,-1,-0.01,-1,-1,-0.01,-1,-1,-0.01,-1,-1
99926009,2026-05-18 09:46:05+05:30,52950.85,0,0.0,0,0.0,0.0,53282.15,53308.4,52909.1,53710.35,0,0.0,0.0,0.0,0.0,-0.01,-1,-1,-0.01,-1,-1,-0.01,-1,-1,-0.01,-1,-1,-0.01,-1,-1,-0.01,-1,-1,-0.01,-1,-1,-0.01,-1,-1,-0.01,-1,-1,-0.01,-1,-1
99926009,2026-05-18 09:46:06+05:30,52953.35,0,0.0,0,0.0,0.0,53282.15,53308.4,52909.1,53710.35,0,0.0,0.0,0.0,0.0,-0.01,-1,-1,-0.01,-1,-1,-0.01,-1,-1,-0.01,-1,-1,-0.01,-1,-1,-0.01,-1,-1,-0.01,-1,-1,-0.01,-1,-1,-0.01,-1,-1,-0.01,-1,-1
99926009,2026-05-18 09:46:06+05:30,52955.1,0,0.0,0,0.0,0.0,53282.15,53308.4,52909.1,53710.35,0,0.0,0.0,0.0,0.0,-0.01,-1,-1,-0.01,-1,-1,-0.01,-1,-1,-0.01,-1,-1,-0.01,-1,-1,-0.01,-1,-1,-0.01,-1,-1,-0.01,-1,-1,-0.01,-1,-1,-0.01,-1,-1
99926009,2026-05-18 09:46:07+05:30,52956.45,0,0.0,0,0.0,0.0,53282.15,53308.4,52909.1,53710.35,0,0.0,0.0,0.0,0.0,-0.01,-1,-1,-0.01,-1,-1,-0.01,-1,-1,-0.01,-1,-1,-0.01,-1,-1,-0.01,-1,-1,-0.01,-1,-1,-0.01,-1,-1,-0.01,-1,-1,-0.01,-1,-1
99926009,2026-05-18 09:46:07+05:30,52955.15,0,0.0,0,0.0,0.0,53282.15,53308.4,52909.1,53710.35,0,0.0,0.0,0.0,0.0,-0.01,-1,-1,-0.01,-1,-1,-0.01,-1,-1,-0.01,-1,-1,-0.01,-1,-1,-0.01,-1,-1,-0.01,-1,-1,-0.01,-1,-1,-0.01,-1,-1,-0.01,-1,-1
99926009,2026-05-18 09:46:08+05:30,52954.65,0,0.0,0,0.0,0.0,53282.15,53308.4,52909.1,53710.35,0,0.0,0.0,0.0,0.0,-0.01,-1,-1,-0.01,-1,-1,-0.01,-1,-1,-0.01,-1,-1,-0.01,-1,-1,-0.01,-1,-1,-0.01,-1,-1,-0.01,-1,-1,-0.01,-1,-1,-0.01,-1,-1
99926009,2026-05-18 09:46:08+05:30,52958.5,0,0.0,0,0.0,0.0,53282.15,53308.4,52909.1,53710.35,0,0.0,0.0,0.0,0.0,-0.01,-1,-1,-0.01,-1,-1,-0.01,-1,-1,-0.01,-1,-1,-0.01,-1,-1,-0.01,-1,-1,-0.01,-1,-1,-0.01,-1,-1,-0.01,-1,-1,-0.01,-1,-1
99926009,2026-05-18 09:46:09+05:30,52953.35,0,0.0,0,0.0,0.0,53282.15,53308.4,52909.1,53710.35,0,0.0,0.0,0.0,0.0,-0.01,-1,-1,-0.01,-1,-1,-0.01,-1,-1,-0.01,-1,-1,-0.01,-1,-1,-0.01,-1,-1,-0.01,-1,-1,-0.01,-1,-1,-0.01,-1,-1,-0.01,-1,-1
99926009,2026-05-18 09:46:09+05:30,52952.55,0,0.0,0,0.0,0.0,53282.15,53308.4,52909.1,53710.35,0,0.0,0.0,0.0,0.0,-0.01,-1,-1,-0.01,-1,-1,-0.01,-1,-1,-0.01,-1,-1,-0.01,-1,-1,-0.01,-1,-1,-0.01,-1,-1,-0.01,-1,-1,-0.01,-1,-1,-0.01,-1,-1
99926009,2026-05-18 09:46:10+05:30,52957.1,0,0.0,0,0.0,0.0,53282.15,53308.4,52909.1,53710.35,0,0.0,0.0,0.0,0.0,-0.01,-1,-1,-0.01,-1,-1,-0.01,-1,-1,-0.01,-1,-1,-0.01,-1,-1,-0.01,-1,-1,-0.01,-1,-1,-0.01,-1,-1,-0.01,-1,-1,-0.01,-1,-1
99926009,2026-05-18 09:46:10+05:30,52954.45,0,0.0,0,0.0,0.0,53282.15,53308.4,52909.1,53710.35,0,0.0,0.0,0.0,0.0,-0.01,-1,-1,-0.01,-1,-1,-0.01,-1,-1,-0.01,-1,-1,-0.01,-1,-1,-0.01,-1,-1,-0.01,-1,-1,-0.01,-1,-1,-0.01,-1,-1,-0.01,-1,-1
99926009,2026-05-18 09:46:11+05:30,52954.7,0,0.0,0,0.0,0.0,53282.15,53308.4,52909.1,53710.35,0,0.0,0.0,0.0,0.0,-0.01,-1,-1,-0.01,-1,-1,-0.01,-1,-1,-0.01,-1,-1,-0.01,-1,-1,-0.01,-1,-1,-0.01,-1,-1,-0.01,-1,-1,-0.01,-1,-1,-0.01,-1,-1
99926009,2026-05-18 09:46:11+05:30,52952.5,0,0.0,0,0.0,0.0,53282.15,53308.4,52909.1,53710.35,0,0.0,0.0,0.0,0.0,-0.01,-1,-1,-0.01,-1,-1,-0.01,-1,-1,-0.01,-1,-1,-0.01,-1,-1,-0.01,-1,-1,-0.01,-1,-1,-0.01,-1,-1,-0.01,-1,-1,-0.01,-1,-1
99926009,2026-05-18 09:46:12+05:30,52951.55,0,0.0,0,0.0,0.0,53282.15,53308.4,52909.1,53710.35,0,0.0,0.0,0.0,0.0,-0.01,-1,-1,-0.01,-1,-1,-0.01,-1,-1,-0.01,-1,-1,-0.01,-1,-1,-0.01,-1,-1,-0.01,-1,-1,-0.01,-1,-1,-0.01,-1,-1,-0.01,-1,-1
99926009,2026-05-18 09:46:12+05:30,52949.65,0,0.0,0,0.0,0.0,53282.15,53308.4,52909.1,53710.35,0,0.0,0.0,0.0,0.0,-0.01,-1,-1,-0.01,-1,-1,-0.01,-1,-1,-0.01,-1,-1,-0.01,-1,-1,-0.01,-1,-1,-0.01,-1,-1,-0.01,-1,-1,-0.01,-1,-1,-0.01,-1,-1
99926009,2026-05-18 09:46:13+05:30,52951.0,0,0.0,0,0.0,0.0,53282.15,53308.4,52909.1,53710.35,0,0.0,0.0,0.0,0.0,-0.01,-1,-1,-0.01,-1,-1,-0.01,-1,-1,-0.01,-1,-1,-0.01,-1,-1,-0.01,-1,-1,-0.01,-1,-1,-0.01,-1,-1,-0.01,-1,-1,-0.01,-1,-1
99926009,2026-05-18 09:46:13+05:30,52951.95,0,0.0,0,0.0,0.0,53282.15,53308.4,52909.1,53710.35,0,0.0,0.0,0.0,0.0,-0.01,-1,-1,-0.01,-1,-1,-0.01,-1,-1,-0.01,-1,-1,-0.01,-1,-1,-0.01,-1,-1,-0.01,-1,-1,-0.01,-1,-1,-0.01,-1,-1,-0.01,-1,-1
99926009,2026-05-18 09:46:14+05:30,52949.15,0,0.0,0,0.0,0.0,53282.15,53308.4,52909.1,53710.35,0,0.0,0.0,0.0,0.0,-0.01,-1,-1,-0.01,-1,-1,-0.01,-1,-1,-0.01,-1,-1,-0.01,-1,-1,-0.01,-1,-1,-0.01,-1,-1,-0.01,-1,-1,-0.01,-1,-1,-0.01,-1,-1
99926009,2026-05-18 09:46:14+05:30,52948.3,0,0.0,0,0.0,0.0,53282.15,53308.4,52909.1,53710.35,0,0.0,0.0,0.0,0.0,-0.01,-1,-1,-0.01,-1,-1,-0.01,-1,-1,-0.01,-1,-1,-0.01,-1,-1,-0.01,-1,-1,-0.01,-1,-1,-0.01,-1,-1,-0.01,-1,-1,-0.01,-1,-1
99926009,2026-05-18 09:46:15+05:30,52950.3,0,0.0,0,0.0,0.0,53282.15,53308.4,52909.1,53710.35,0,0.0,0.0,0.0,0.0,-0.01,-1,-1,-0.01,-1,-1,-0.01,-1,-1,-0.01,-1,-1,-0.01,-1,-1,-0.01,-1,-1,-0.01,-1,-1,-0.01,-1,-1,-0.01,-1,-1,-0.01,-1,-1
99926009,2026-05-18 09:46:15+05:30,52950.1,0,0.0,0,0.0,0.0,53282.15,53308.4,52909.1,53710.35,0,0.0,0.0,0.0,0.0,-0.01,-1,-1,-0.01,-1,-1,-0.01,-1,-1,-0.01,-1,-1,-0.01,-1,-1,-0.01,-1,-1,-0.01,-1,-1,-0.01,-1,-1,-0.01,-1,-1,-0.01,-1,-1
99926009,2026-05-18 09:46:16+05:30,52949.05,0,0.0,0,0.0,0.0,53282.15,53308.4,52909.1,53710.35,0,0.0,0.0,0.0,0.0,-0.01,-1,-1,-0.01,-1,-1,-0.01,-1,-1,-0.01,-1,-1,-0.01,-1,-1,-0.01,-1,-1,-0.01,-1,-1,-0.01,-1,-1,-0.01,-1,-1,-0.01,-1,-1
99926009,2026-05-18 09:46:16+05:30,52950.05,0,0.0,0,0.0,0.0,53282.15,53308.4,52909.1,53710.35,0,0.0,0.0,0.0,0.0,-0.01,-1,-1,-0.01,-1,-1,-0.01,-1,-1,-0.01,-1,-1,-0.01,-1,-1,-0.01,-1,-1,-0.01,-1,-1,-0.01,-1,-1,-0.01,-1,-1,-0.01,-1,-1
99926009,2026-05-18 09:46:17+05:30,52950.75,0,0.0,0,0.0,0.0,53282.15,53308.4,52909.1,53710.35,0,0.0,0.0,0.0,0.0,-0.01,-1,-1,-0.01,-1,-1,-0.01,-1,-1,-0.01,-1,-1,-0.01,-1,-1,-0.01,-1,-1,-0.01,-1,-1,-0.01,-1,-1,-0.01,-1,-1,-0.01,-1,-1
99926009,2026-05-18 09:46:17+05:30,52951.45,0,0.0,0,0.0,0.0,53282.15,53308.4,52909.1,53710.35,0,0.0,0.0,0.0,0.0,-0.01,-1,-1,-0.01,-1,-1,-0.01,-1,-1,-0.01,-1,-1,-0.01,-1,-1,-0.01,-1,-1,-0.01,-1,-1,-0.01,-1,-1,-0.01,-1,-1,-0.01,-1,-1
99926009,2026-05-18 09:46:18+05:30,52950.3,0,0.0,0,0.0,0.0,53282.15,53308.4,52909.1,53710.35,0,0.0,0.0,0.0,0.0,-0.01,-1,-1,-0.01,-1,-1,-0.01,-1,-1,-0.01,-1,-1,-0.01,-1,-1,-0.01,-1,-1,-0.01,-1,-1,-0.01,-1,-1,-0.01,-1,-1,-0.01,-1,-1
99926009,2026-05-18 09:46:18+05:30,52949.4,0,0.0,0,0.0,0.0,53282.15,53308.4,52909.1,53710.35,0,0.0,0.0,0.0,0.0,-0.01,-1,-1,-0.01,-1,-1,-0.01,-1,-1,-0.01,-1,-1,-0.01,-1,-1,-0.01,-1,-1,-0.01,-1,-1,-0.01,-1,-1,-0.01,-1,-1,-0.01,-1,-1
99926009,2026-05-18 09:46:19+05:30,52947.85,0,0.0,0,0.0,0.0,53282.15,53308.4,52909.1,53710.35,0,0.0,0.0,0.0,0.0,-0.01,-1,-1,-0.01,-1,-1,-0.01,-1,-1,-0.01,-1,-1,-0.01,-1,-1,-0.01,-1,-1,-0.01,-1,-1,-0.01,-1,-1,-0.01,-1,-1,-0.01,-1,-1
99926009,2026-05-18 09:46:19+05:30,52947.45,0,0.0,0,0.0,0.0,53282.15,53308.4,52909.1,53710.35,0,0.0,0.0,0.0,0.0,-0.01,-1,-1,-0.01,-1,-1,-0.01,-1,-1,-0.01,-1,-1,-0.01,-1,-1,-0.01,-1,-1,-0.01,-1,-1,-0.01,-1,-1,-0.01,-1,-1,-0.01,-1,-1
99926009,2026-05-18 09:46:20+05:30,52948.1,0,0.0,0,0.0,0.0,53282.15,53308.4,52909.1,53710.35,0,0.0,0.0,0.0,0.0,-0.01,-1,-1,-0.01,-1,-1,-0.01,-1,-1,-0.01,-1,-1,-0.01,-1,-1,-0.01,-1,-1,-0.01,-1,-1,-0.01,-1,-1,-0.01,-1,-1,-0.01,-1,-1
99926009,2026-05-18 09:46:20+05:30,52947.75,0,0.0,0,0.0,0.0,53282.15,53308.4,52909.1,53710.35,0,0.0,0.0,0.0,0.0,-0.01,-1,-1,-0.01,-1,-1,-0.01,-1,-1,-0.01,-1,-1,-0.01,-1,-1,-0.01,-1,-1,-0.01,-1,-1,-0.01,-1,-1,-0.01,-1,-1,-0.01,-1,-1
99926009,2026-05-18 09:46:21+05:30,52947.9,0,0.0,0,0.0,0.0,53282.15,53308.4,52909.1,53710.35,0,0.0,0.0,0.0,0.0,-0.01,-1,-1,-0.01,-1,-1,-0.01,-1,-1,-0.01,-1,-1,-0.01,-1,-1,-0.01,-1,-1,-0.01,-1,-1,-0.01,-1,-1,-0.01,-1,-1,-0.01,-1,-1
99926009,2026-05-18 09:46:21+05:30,52951.2,0,0.0,0,0.0,0.0,53282.15,53308.4,52909.1,53710.35,0,0.0,0.0,0.0,0.0,-0.01,-1,-1,-0.01,-1,-1,-0.01,-1,-1,-0.01,-1,-1,-0.01,-1,-1,-0.01,-1,-1,-0.01,-1,-1,-0.01,-1,-1,-0.01,-1,-1,-0.01,-1,-1
99926009,2026-05-18 09:46:22+05:30,52951.55,0,0.0,0,0.0,0.0,53282.15,53308.4,52909.1,53710.35,0,0.0,0.0,0.0,0.0,-0.01,-1,-1,-0.01,-1,-1,-0.01,-1,-1,-0.01,-1,-1,-0.01,-1,-1,-0.01,-1,-1,-0.01,-1,-1,-0.01,-1,-1,-0.01,-1,-1,-0.01,-1,-1
99926009,2026-05-18 09:46:22+05:30,52949.95,0,0.0,0,0.0,0.0,53282.15,53308.4,52909.1,53710.35,0,0.0,0.0,0.0,0.0,-0.01,-1,-1,-0.01,-1,-1,-0.01,-1,-1,-0.01,-1,-1,-0.01,-1,-1,-0.01,-1,-1,-0.01,-1,-1,-0.01,-1,-1,-0.01,-1,-1,-0.01,-1,-1
99926009,2026-05-18 09:46:23+05:30,52949.45,0,0.0,0,0.0,0.0,53282.15,53308.4,52909.1,53710.35,0,0.0,0.0,0.0,0.0,-0.01,-1,-1,-0.01,-1,-1,-0.01,-1,-1,-0.01,-1,-1,-0.01,-1,-1,-0.01,-1,-1,-0.01,-1,-1,-0.01,-1,-1,-0.01,-1,-1,-0.01,-1,-1
99926009,2026-05-18 09:46:23+05:30,52950.75,0,0.0,0,0.0,0.0,53282.15,53308.4,52909.1,53710.35,0,0.0,0.0,0.0,0.0,-0.01,-1,-1,-0.01,-1,-1,-0.01,-1,-1,-0.01,-1,-1,-0.01,-1,-1,-0.01,-1,-1,-0.01,-1,-1,-0.01,-1,-1,-0.01,-1,-1,-0.01,-1,-1
99926009,2026-05-18 09:46:24+05:30,52949.95,0,0.0,0,0.0,0.0,53282.15,53308.4,52909.1,53710.35,0,0.0,0.0,0.0,0.0,-0.01,-1,-1,-0.01,-1,-1,-0.01,-1,-1,-0.01,-1,-1,-0.01,-1,-1,-0.01,-1,-1,-0.01,-1,-1,-0.01,-1,-1,-0.01,-1,-1,-0.01,-1,-1
99926009,2026-05-18 09:46:24+05:30,52948.0,0,0.0,0,0.0,0.0,53282.15,53308.4,52909.1,53710.35,0,0.0,0.0,0.0,0.0,-0.01,-1,-1,-0.01,-1,-1,-0.01,-1,-1,-0.01,-1,-1,-0.01,-1,-1,-0.01,-1,-1,-0.01,-1,-1,-0.01,-1,-1,-0.01,-1,-1,-0.01,-1,-1
99926009,2026-05-18 09:46:25+05:30,52948.65,0,0.0,0,0.0,0.0,53282.15,53308.4,52909.1,53710.35,0,0.0,0.0,0.0,0.0,-0.01,-1,-1,-0.01,-1,-1,-0.01,-1,-1,-0.01,-1,-1,-0.01,-1,-1,-0.01,-1,-1,-0.01,-1,-1,-0.01,-1,-1,-0.01,-1,-1,-0.01,-1,-1
99926009,2026-05-18 09:46:25+05:30,52950.4,0,0.0,0,0.0,0.0,53282.15,53308.4,52909.1,53710.35,0,0.0,0.0,0.0,0.0,-0.01,-1,-1,-0.01,-1,-1,-0.01,-1,-1,-0.01,-1,-1,-0.01,-1,-1,-0.01,-1,-1,-0.01,-1,-1,-0.01,-1,-1,-0.01,-1,-1,-0.01,-1,-1
99926009,2026-05-18 09:46:26+05:30,52949.75,0,0.0,0,0.0,0.0,53282.15,53308.4,52909.1,53710.35,0,0.0,0.0,0.0,0.0,-0.01,-1,-1,-0.01,-1,-1,-0.01,-1,-1,-0.01,-1,-1,-0.01,-1,-1,-0.01,-1,-1,-0.01,-1,-1,-0.01,-1,-1,-0.01,-1,-1,-0.01,-1,-1
99926009,2026-05-18 09:46:26+05:30,52952.9,0,0.0,0,0.0,0.0,53282.15,53308.4,52909.1,53710.35,0,0.0,0.0,0.0,0.0,-0.01,-1,-1,-0.01,-1,-1,-0.01,-1,-1,-0.01,-1,-1,-0.01,-1,-1,-0.01,-1,-1,-0.01,-1,-1,-0.01,-1,-1,-0.01,-1,-1,-0.01,-1,-1
99926009,2026-05-18 09:46:27+05:30,52949.55,0,0.0,0,0.0,0.0,53282.15,53308.4,52909.1,53710.35,0,0.0,0.0,0.0,0.0,-0.01,-1,-1,-0.01,-1,-1,-0.01,-1,-1,-0.01,-1,-1,-0.01,-1,-1,-0.01,-1,-1,-0.01,-1,-1,-0.01,-1,-1,-0.01,-1,-1,-0.01,-1,-1
99926009,2026-05-18 09:46:27+05:30,52948.3,0,0.0,0,0.0,0.0,53282.15,53308.4,52909.1,53710.35,0,0.0,0.0,0.0,0.0,-0.01,-1,-1,-0.01,-1,-1,-0.01,-1,-1,-0.01,-1,-1,-0.01,-1,-1,-0.01,-1,-1,-0.01,-1,-1,-0.01,-1,-1,-0.01,-1,-1,-0.01,-1,-1
99926009,2026-05-18 09:46:28+05:30,52948.0,0,0.0,0,0.0,0.0,53282.15,53308.4,52909.1,53710.35,0,0.0,0.0,0.0,0.0,-0.01,-1,-1,-0.01,-1,-1,-0.01,-1,-1,-0.01,-1,-1,-0.01,-1,-1,-0.01,-1,-1,-0.01,-1,-1,-0.01,-1,-1,-0.01,-1,-1,-0.01,-1,-1
99926009,2026-05-18 09:46:28+05:30,52948.35,0,0.0,0,0.0,0.0,53282.15,53308.4,52909.1,53710.35,0,0.0,0.0,0.0,0.0,-0.01,-1,-1,-0.01,-1,-1,-0.01,-1,-1,-0.01,-1,-1,-0.01,-1,-1,-0.01,-1,-1,-0.01,-1,-1,-0.01,-1,-1,-0.01,-1,-1,-0.01,-1,-1
99926009,2026-05-18 09:46:29+05:30,52948.3,0,0.0,0,0.0,0.0,53282.15,53308.4,52909.1,53710.35,0,0.0,0.0,0.0,0.0,-0.01,-1,-1,-0.01,-1,-1,-0.01,-1,-1,-0.01,-1,-1,-0.01,-1,-1,-0.01,-1,-1,-0.01,-1,-1,-0.01,-1,-1,-0.01,-1,-1,-0.01,-1,-1
99926009,2026-05-18 09:46:29+05:30,52949.05,0,0.0,0,0.0,0.0,53282.15,53308.4,52909.1,53710.35,0,0.0,0.0,0.0,0.0,-0.01,-1,-1,-0.01,-1,-1,-0.01,-1,-1,-0.01,-1,-1,-0.01,-1,-1,-0.01,-1,-1,-0.01,-1,-1,-0.01,-1,-1,-0.01,-1,-1,-0.01,-1,-1
99926009,2026-05-18 09:46:30+05:30,52945.2,0,0.0,0,0.0,0.0,53282.15,53308.4,52909.1,53710.35,0,0.0,0.0,0.0,0.0,-0.01,-1,-1,-0.01,-1,-1,-0.01,-1,-1,-0.01,-1,-1,-0.01,-1,-1,-0.01,-1,-1,-0.01,-1,-1,-0.01,-1,-1,-0.01,-1,-1,-0.01,-1,-1
99926009,2026-05-18 09:46:30+05:30,52942.05,0,0.0,0,0.0,0.0,53282.15,53308.4,52909.1,53710.35,0,0.0,0.0,0.0,0.0,-0.01,-1,-1,-0.01,-1,-1,-0.01,-1,-1,-0.01,-1,-1,-0.01,-1,-1,-0.01,-1,-1,-0.01,-1,-1,-0.01,-1,-1,-0.01,-1,-1,-0.01,-1,-1
99926009,2026-05-18 09:46:31+05:30,52942.75,0,0.0,0,0.0,0.0,53282.15,53308.4,52909.1,53710.35,0,0.0,0.0,0.0,0.0,-0.01,-1,-1,-0.01,-1,-1,-0.01,-1,-1,-0.01,-1,-1,-0.01,-1,-1,-0.01,-1,-1,-0.01,-1,-1,-0.01,-1,-1,-0.01,-1,-1,-0.01,-1,-1
99926009,2026-05-18 09:46:31+05:30,52940.15,0,0.0,0,0.0,0.0,53282.15,53308.4,52909.1,53710.35,0,0.0,0.0,0.0,0.0,-0.01,-1,-1,-0.01,-1,-1,-0.01,-1,-1,-0.01,-1,-1,-0.01,-1,-1,-0.01,-1,-1,-0.01,-1,-1,-0.01,-1,-1,-0.01,-1,-1,-0.01,-1,-1
99926009,2026-05-18 09:46:32+05:30,52939.25,0,0.0,0,0.0,0.0,53282.15,53308.4,52909.1,53710.35,0,0.0,0.0,0.0,0.0,-0.01,-1,-1,-0.01,-1,-1,-0.01,-1,-1,-0.01,-1,-1,-0.01,-1,-1,-0.01,-1,-1,-0.01,-1,-1,-0.01,-1,-1,-0.01,-1,-1,-0.01,-1,-1
99926009,2026-05-18 09:46:32+05:30,52939.95,0,0.0,0,0.0,0.0,53282.15,53308.4,52909.1,53710.35,0,0.0,0.0,0.0,0.0,-0.01,-1,-1,-0.01,-1,-1,-0.01,-1,-1,-0.01,-1,-1,-0.01,-1,-1,-0.01,-1,-1,-0.01,-1,-1,-0.01,-1,-1,-0.01,-1,-1,-0.01,-1,-1
99926009,2026-05-18 09:46:33+05:30,52940.55,0,0.0,0,0.0,0.0,53282.15,53308.4,52909.1,53710.35,0,0.0,0.0,0.0,0.0,-0.01,-1,-1,-0.01,-1,-1,-0.01,-1,-1,-0.01,-1,-1,-0.01,-1,-1,-0.01,-1,-1,-0.01,-1,-1,-0.01,-1,-1,-0.01,-1,-1,-0.01,-1,-1
99926009,2026-05-18 09:46:33+05:30,52939.9,0,0.0,0,0.0,0.0,53282.15,53308.4,52909.1,53710.35,0,0.0,0.0,0.0,0.0,-0.01,-1,-1,-0.01,-1,-1,-0.01,-1,-1,-0.01,-1,-1,-0.01,-1,-1,-0.01,-1,-1,-0.01,-1,-1,-0.01,-1,-1,-0.01,-1,-1,-0.01,-1,-1
99926009,2026-05-18 09:46:34+05:30,52938.15,0,0.0,0,0.0,0.0,53282.15,53308.4,52909.1,53710.35,0,0.0,0.0,0.0,0.0,-0.01,-1,-1,-0.01,-1,-1,-0.01,-1,-1,-0.01,-1,-1,-0.01,-1,-1,-0.01,-1,-1,-0.01,-1,-1,-0.01,-1,-1,-0.01,-1,-1,-0.01,-1,-1
99926009,2026-05-18 09:46:34+05:30,52936.55,0,0.0,0,0.0,0.0,53282.15,53308.4,52909.1,53710.35,0,0.0,0.0,0.0,0.0,-0.01,-1,-1,-0.01,-1,-1,-0.01,-1,-1,-0.01,-1,-1,-0.01,-1,-1,-0.01,-1,-1,-0.01,-1,-1,-0.01,-1,-1,-0.01,-1,-1,-0.01,-1,-1
99926009,2026-05-18 09:46:35+05:30,52935.8,0,0.0,0,0.0,0.0,53282.15,53308.4,52909.1,53710.35,0,0.0,0.0,0.0,0.0,-0.01,-1,-1,-0.01,-1,-1,-0.01,-1,-1,-0.01,-1,-1,-0.01,-1,-1,-0.01,-1,-1,-0.01,-1,-1,-0.01,-1,-1,-0.01,-1,-1,-0.01,-1,-1
99926009,2026-05-18 09:46:35+05:30,52939.45,0,0.0,0,0.0,0.0,53282.15,53308.4,52909.1,53710.35,0,0.0,0.0,0.0,0.0,-0.01,-1,-1,-0.01,-1,-1,-0.01,-1,-1,-0.01,-1,-1,-0.01,-1,-1,-0.01,-1,-1,-0.01,-1,-1,-0.01,-1,-1,-0.01,-1,-1,-0.01,-1,-1
99926009,2026-05-18 09:46:36+05:30,52938.75,0,0.0,0,0.0,0.0,53282.15,53308.4,52909.1,53710.35,0,0.0,0.0,0.0,0.0,-0.01,-1,-1,-0.01,-1,-1,-0.01,-1,-1,-0.01,-1,-1,-0.01,-1,-1,-0.01,-1,-1,-0.01,-1,-1,-0.01,-1,-1,-0.01,-1,-1,-0.01,-1,-1
99926009,2026-05-18 09:46:36+05:30,52937.85,0,0.0,0,0.0,0.0,53282.15,53308.4,52909.1,53710.35,0,0.0,0.0,0.0,0.0,-0.01,-1,-1,-0.01,-1,-1,-0.01,-1,-1,-0.01,-1,-1,-0.01,-1,-1,-0.01,-1,-1,-0.01,-1,-1,-0.01,-1,-1,-0.01,-1,-1,-0.01,-1,-1
99926009,2026-05-18 09:46:37+05:30,52938.6,0,0.0,0,0.0,0.0,53282.15,53308.4,52909.1,53710.35,0,0.0,0.0,0.0,0.0,-0.01,-1,-1,-0.01,-1,-1,-0.01,-1,-1,-0.01,-1,-1,-0.01,-1,-1,-0.01,-1,-1,-0.01,-1,-1,-0.01,-1,-1,-0.01,-1,-1,-0.01,-1,-1
99926009,2026-05-18 09:46:37+05:30,52936.65,0,0.0,0,0.0,0.0,53282.15,53308.4,52909.1,53710.35,0,0.0,0.0,0.0,0.0,-0.01,-1,-1,-0.01,-1,-1,-0.01,-1,-1,-0.01,-1,-1,-0.01,-1,-1,-0.01,-1,-1,-0.01,-1,-1,-0.01,-1,-1,-0.01,-1,-1,-0.01,-1,-1
99926009,2026-05-18 09:46:38+05:30,52938.55,0,0.0,0,0.0,0.0,53282.15,53308.4,52909.1,53710.35,0,0.0,0.0,0.0,0.0,-0.01,-1,-1,-0.01,-1,-1,-0.01,-1,-1,-0.01,-1,-1,-0.01,-1,-1,-0.01,-1,-1,-0.01,-1,-1,-0.01,-1,-1,-0.01,-1,-1,-0.01,-1,-1
99926009,2026-05-18 09:46:38+05:30,52937.35,0,0.0,0,0.0,0.0,53282.15,53308.4,52909.1,53710.35,0,0.0,0.0,0.0,0.0,-0.01,-1,-1,-0.01,-1,-1,-0.01,-1,-1,-0.01,-1,-1,-0.01,-1,-1,-0.01,-1,-1,-0.01,-1,-1,-0.01,-1,-1,-0.01,-1,-1,-0.01,-1,-1
99926009,2026-05-18 09:46:39+05:30,52937.6,0,0.0,0,0.0,0.0,53282.15,53308.4,52909.1,53710.35,0,0.0,0.0,0.0,0.0,-0.01,-1,-1,-0.01,-1,-1,-0.01,-1,-1,-0.01,-1,-1,-0.01,-1,-1,-0.01,-1,-1,-0.01,-1,-1,-0.01,-1,-1,-0.01,-1,-1,-0.01,-1,-1
99926009,2026-05-18 09:46:39+05:30,52933.3,0,0.0,0,0.0,0.0,53282.15,53308.4,52909.1,53710.35,0,0.0,0.0,0.0,0.0,-0.01,-1,-1,-0.01,-1,-1,-0.01,-1,-1,-0.01,-1,-1,-0.01,-1,-1,-0.01,-1,-1,-0.01,-1,-1,-0.01,-1,-1,-0.01,-1,-1,-0.01,-1,-1
99926009,2026-05-18 09:46:40+05:30,52933.55,0,0.0,0,0.0,0.0,53282.15,53308.4,52909.1,53710.35,0,0.0,0.0,0.0,0.0,-0.01,-1,-1,-0.01,-1,-1,-0.01,-1,-1,-0.01,-1,-1,-0.01,-1,-1,-0.01,-1,-1,-0.01,-1,-1,-0.01,-1,-1,-0.01,-1,-1,-0.01,-1,-1
99926009,2026-05-18 09:46:40+05:30,52930.8,0,0.0,0,0.0,0.0,53282.15,53308.4,52909.1,53710.35,0,0.0,0.0,0.0,0.0,-0.01,-1,-1,-0.01,-1,-1,-0.01,-1,-1,-0.01,-1,-1,-0.01,-1,-1,-0.01,-1,-1,-0.01,-1,-1,-0.01,-1,-1,-0.01,-1,-1,-0.01,-1,-1
99926009,2026-05-18 09:46:41+05:30,52931.45,0,0.0,0,0.0,0.0,53282.15,53308.4,52909.1,53710.35,0,0.0,0.0,0.0,0.0,-0.01,-1,-1,-0.01,-1,-1,-0.01,-1,-1,-0.01,-1,-1,-0.01,-1,-1,-0.01,-1,-1,-0.01,-1,-1,-0.01,-1,-1,-0.01,-1,-1,-0.01,-1,-1
99926009,2026-05-18 09:46:41+05:30,52936.6,0,0.0,0,0.0,0.0,53282.15,53308.4,52909.1,53710.35,0,0.0,0.0,0.0,0.0,-0.01,-1,-1,-0.01,-1,-1,-0.01,-1,-1,-0.01,-1,-1,-0.01,-1,-1,-0.01,-1,-1,-0.01,-1,-1,-0.01,-1,-1,-0.01,-1,-1,-0.01,-1,-1
99926009,2026-05-18 09:46:42+05:30,52934.75,0,0.0,0,0.0,0.0,53282.15,53308.4,52909.1,53710.35,0,0.0,0.0,0.0,0.0,-0.01,-1,-1,-0.01,-1,-1,-0.01,-1,-1,-0.01,-1,-1,-0.01,-1,-1,-0.01,-1,-1,-0.01,-1,-1,-0.01,-1,-1,-0.01,-1,-1,-0.01,-1,-1
99926009,2026-05-18 09:46:42+05:30,52932.35,0,0.0,0,0.0,0.0,53282.15,53308.4,52909.1,53710.35,0,0.0,0.0,0.0,0.0,-0.01,-1,-1,-0.01,-1,-1,-0.01,-1,-1,-0.01,-1,-1,-0.01,-1,-1,-0.01,-1,-1,-0.01,-1,-1,-0.01,-1,-1,-0.01,-1,-1,-0.01,-1,-1
99926009,2026-05-18 09:46:43+05:30,52931.3,0,0.0,0,0.0,0.0,53282.15,53308.4,52909.1,53710.35,0,0.0,0.0,0.0,0.0,-0.01,-1,-1,-0.01,-1,-1,-0.01,-1,-1,-0.01,-1,-1,-0.01,-1,-1,-0.01,-1,-1,-0.01,-1,-1,-0.01,-1,-1,-0.01,-1,-1,-0.01,-1,-1
99926009,2026-05-18 09:46:43+05:30,52930.85,0,0.0,0,0.0,0.0,53282.15,53308.4,52909.1,53710.35,0,0.0,0.0,0.0,0.0,-0.01,-1,-1,-0.01,-1,-1,-0.01,-1,-1,-0.01,-1,-1,-0.01,-1,-1,-0.01,-1,-1,-0.01,-1,-1,-0.01,-1,-1,-0.01,-1,-1,-0.01,-1,-1
99926009,2026-05-18 09:46:44+05:30,52930.4,0,0.0,0,0.0,0.0,53282.15,53308.4,52909.1,53710.35,0,0.0,0.0,0.0,0.0,-0.01,-1,-1,-0.01,-1,-1,-0.01,-1,-1,-0.01,-1,-1,-0.01,-1,-1,-0.01,-1,-1,-0.01,-1,-1,-0.01,-1,-1,-0.01,-1,-1,-0.01,-1,-1
99926009,2026-05-18 09:46:44+05:30,52929.65,0,0.0,0,0.0,0.0,53282.15,53308.4,52909.1,53710.35,0,0.0,0.0,0.0,0.0,-0.01,-1,-1,-0.01,-1,-1,-0.01,-1,-1,-0.01,-1,-1,-0.01,-1,-1,-0.01,-1,-1,-0.01,-1,-1,-0.01,-1,-1,-0.01,-1,-1,-0.01,-1,-1
99926009,2026-05-18 09:46:45+05:30,52933.3,0,0.0,0,0.0,0.0,53282.15,53308.4,52909.1,53710.35,0,0.0,0.0,0.0,0.0,-0.01,-1,-1,-0.01,-1,-1,-0.01,-1,-1,-0.01,-1,-1,-0.01,-1,-1,-0.01,-1,-1,-0.01,-1,-1,-0.01,-1,-1,-0.01,-1,-1,-0.01,-1,-1
99926009,2026-05-18 09:46:45+05:30,52929.3,0,0.0,0,0.0,0.0,53282.15,53308.4,52909.1,53710.35,0,0.0,0.0,0.0,0.0,-0.01,-1,-1,-0.01,-1,-1,-0.01,-1,-1,-0.01,-1,-1,-0.01,-1,-1,-0.01,-1,-1,-0.01,-1,-1,-0.01,-1,-1,-0.01,-1,-1,-0.01,-1,-1
99926009,2026-05-18 09:46:46+05:30,52934.9,0,0.0,0,0.0,0.0,53282.15,53308.4,52909.1,53710.35,0,0.0,0.0,0.0,0.0,-0.01,-1,-1,-0.01,-1,-1,-0.01,-1,-1,-0.01,-1,-1,-0.01,-1,-1,-0.01,-1,-1,-0.01,-1,-1,-0.01,-1,-1,-0.01,-1,-1,-0.01,-1,-1
99926009,2026-05-18 09:46:46+05:30,52934.9,0,0.0,0,0.0,0.0,53282.15,53308.4,52909.1,53710.35,0,0.0,0.0,0.0,0.0,-0.01,-1,-1,-0.01,-1,-1,-0.01,-1,-1,-0.01,-1,-1,-0.01,-1,-1,-0.01,-1,-1,-0.01,-1,-1,-0.01,-1,-1,-0.01,-1,-1,-0.01,-1,-1
99926009,2026-05-18 09:46:47+05:30,52934.85,0,0.0,0,0.0,0.0,53282.15,53308.4,52909.1,53710.35,0,0.0,0.0,0.0,0.0,-0.01,-1,-1,-0.01,-1,-1,-0.01,-1,-1,-0.01,-1,-1,-0.01,-1,-1,-0.01,-1,-1,-0.01,-1,-1,-0.01,-1,-1,-0.01,-1,-1,-0.01,-1,-1
99926009,2026-05-18 09:46:47+05:30,52934.9,0,0.0,0,0.0,0.0,53282.15,53308.4,52909.1,53710.35,0,0.0,0.0,0.0,0.0,-0.01,-1,-1,-0.01,-1,-1,-0.01,-1,-1,-0.01,-1,-1,-0.01,-1,-1,-0.01,-1,-1,-0.01,-1,-1,-0.01,-1,-1,-0.01,-1,-1,-0.01,-1,-1
99926009,2026-05-18 09:46:48+05:30,52934.25,0,0.0,0,0.0,0.0,53282.15,53308.4,52909.1,53710.35,0,0.0,0.0,0.0,0.0,-0.01,-1,-1,-0.01,-1,-1,-0.01,-1,-1,-0.01,-1,-1,-0.01,-1,-1,-0.01,-1,-1,-0.01,-1,-1,-0.01,-1,-1,-0.01,-1,-1,-0.01,-1,-1
99926009,2026-05-18 09:46:48+05:30,52936.4,0,0.0,0,0.0,0.0,53282.15,53308.4,52909.1,53710.35,0,0.0,0.0,0.0,0.0,-0.01,-1,-1,-0.01,-1,-1,-0.01,-1,-1,-0.01,-1,-1,-0.01,-1,-1,-0.01,-1,-1,-0.01,-1,-1,-0.01,-1,-1,-0.01,-1,-1,-0.01,-1,-1
99926009,2026-05-18 09:46:49+05:30,52935.2,0,0.0,0,0.0,0.0,53282.15,53308.4,52909.1,53710.35,0,0.0,0.0,0.0,0.0,-0.01,-1,-1,-0.01,-1,-1,-0.01,-1,-1,-0.01,-1,-1,-0.01,-1,-1,-0.01,-1,-1,-0.01,-1,-1,-0.01,-1,-1,-0.01,-1,-1,-0.01,-1,-1
99926009,2026-05-18 09:46:49+05:30,52935.45,0,0.0,0,0.0,0.0,53282.15,53308.4,52909.1,53710.35,0,0.0,0.0,0.0,0.0,-0.01,-1,-1,-0.01,-1,-1,-0.01,-1,-1,-0.01,-1,-1,-0.01,-1,-1,-0.01,-1,-1,-0.01,-1,-1,-0.01,-1,-1,-0.01,-1,-1,-0.01,-1,-1
99926009,2026-05-18 09:46:50+05:30,52934.95,0,0.0,0,0.0,0.0,53282.15,53308.4,52909.1,53710.35,0,0.0,0.0,0.0,0.0,-0.01,-1,-1,-0.01,-1,-1,-0.01,-1,-1,-0.01,-1,-1,-0.01,-1,-1,-0.01,-1,-1,-0.01,-1,-1,-0.01,-1,-1,-0.01,-1,-1,-0.01,-1,-1
99926009,2026-05-18 09:46:50+05:30,52932.25,0,0.0,0,0.0,0.0,53282.15,53308.4,52909.1,53710.35,0,0.0,0.0,0.0,0.0,-0.01,-1,-1,-0.01,-1,-1,-0.01,-1,-1,-0.01,-1,-1,-0.01,-1,-1,-0.01,-1,-1,-0.01,-1,-1,-0.01,-1,-1,-0.01,-1,-1,-0.01,-1,-1
99926009,2026-05-18 09:46:51+05:30,52933.0,0,0.0,0,0.0,0.0,53282.15,53308.4,52909.1,53710.35,0,0.0,0.0,0.0,0.0,-0.01,-1,-1,-0.01,-1,-1,-0.01,-1,-1,-0.01,-1,-1,-0.01,-1,-1,-0.01,-1,-1,-0.01,-1,-1,-0.01,-1,-1,-0.01,-1,-1,-0.01,-1,-1
99926009,2026-05-18 09:46:51+05:30,52937.15,0,0.0,0,0.0,0.0,53282.15,53308.4,52909.1,53710.35,0,0.0,0.0,0.0,0.0,-0.01,-1,-1,-0.01,-1,-1,-0.01,-1,-1,-0.01,-1,-1,-0.01,-1,-1,-0.01,-1,-1,-0.01,-1,-1,-0.01,-1,-1,-0.01,-1,-1,-0.01,-1,-1
99926009,2026-05-18 09:46:52+05:30,52936.3,0,0.0,0,0.0,0.0,53282.15,53308.4,52909.1,53710.35,0,0.0,0.0,0.0,0.0,-0.01,-1,-1,-0.01,-1,-1,-0.01,-1,-1,-0.01,-1,-1,-0.01,-1,-1,-0.01,-1,-1,-0.01,-1,-1,-0.01,-1,-1,-0.01,-1,-1,-0.01,-1,-1
99926009,2026-05-18 09:46:52+05:30,52934.45,0,0.0,0,0.0,0.0,53282.15,53308.4,52909.1,53710.35,0,0.0,0.0,0.0,0.0,-0.01,-1,-1,-0.01,-1,-1,-0.01,-1,-1,-0.01,-1,-1,-0.01,-1,-1,-0.01,-1,-1,-0.01,-1,-1,-0.01,-1,-1,-0.01,-1,-1,-0.01,-1,-1
99926009,2026-05-18 09:46:53+05:30,52933.95,0,0.0,0,0.0,0.0,53282.15,53308.4,52909.1,53710.35,0,0.0,0.0,0.0,0.0,-0.01,-1,-1,-0.01,-1,-1,-0.01,-1,-1,-0.01,-1,-1,-0.01,-1,-1,-0.01,-1,-1,-0.01,-1,-1,-0.01,-1,-1,-0.01,-1,-1,-0.01,-1,-1
99926009,2026-05-18 09:46:53+05:30,52936.55,0,0.0,0,0.0,0.0,53282.15,53308.4,52909.1,53710.35,0,0.0,0.0,0.0,0.0,-0.01,-1,-1,-0.01,-1,-1,-0.01,-1,-1,-0.01,-1,-1,-0.01,-1,-1,-0.01,-1,-1,-0.01,-1,-1,-0.01,-1,-1,-0.01,-1,-1,-0.01,-1,-1
99926009,2026-05-18 09:46:54+05:30,52937.75,0,0.0,0,0.0,0.0,53282.15,53308.4,52909.1,53710.35,0,0.0,0.0,0.0,0.0,-0.01,-1,-1,-0.01,-1,-1,-0.01,-1,-1,-0.01,-1,-1,-0.01,-1,-1,-0.01,-1,-1,-0.01,-1,-1,-0.01,-1,-1,-0.01,-1,-1,-0.01,-1,-1
99926009,2026-05-18 09:46:54+05:30,52937.1,0,0.0,0,0.0,0.0,53282.15,53308.4,52909.1,53710.35,0,0.0,0.0,0.0,0.0,-0.01,-1,-1,-0.01,-1,-1,-0.01,-1,-1,-0.01,-1,-1,-0.01,-1,-1,-0.01,-1,-1,-0.01,-1,-1,-0.01,-1,-1,-0.01,-1,-1,-0.01,-1,-1
99926009,2026-05-18 09:46:55+05:30,52937.1,0,0.0,0,0.0,0.0,53282.15,53308.4,52909.1,53710.35,0,0.0,0.0,0.0,0.0,-0.01,-1,-1,-0.01,-1,-1,-0.01,-1,-1,-0.01,-1,-1,-0.01,-1,-1,-0.01,-1,-1,-0.01,-1,-1,-0.01,-1,-1,-0.01,-1,-1,-0.01,-1,-1
99926009,2026-05-18 09:46:55+05:30,52935.2,0,0.0,0,0.0,0.0,53282.15,53308.4,52909.1,53710.35,0,0.0,0.0,0.0,0.0,-0.01,-1,-1,-0.01,-1,-1,-0.01,-1,-1,-0.01,-1,-1,-0.01,-1,-1,-0.01,-1,-1,-0.01,-1,-1,-0.01,-1,-1,-0.01,-1,-1,-0.01,-1,-1
99926009,2026-05-18 09:46:56+05:30,52932.75,0,0.0,0,0.0,0.0,53282.15,53308.4,52909.1,53710.35,0,0.0,0.0,0.0,0.0,-0.01,-1,-1,-0.01,-1,-1,-0.01,-1,-1,-0.01,-1,-1,-0.01,-1,-1,-0.01,-1,-1,-0.01,-1,-1,-0.01,-1,-1,-0.01,-1,-1,-0.01,-1,-1
99926009,2026-05-18 09:46:56+05:30,52935.0,0,0.0,0,0.0,0.0,53282.15,53308.4,52909.1,53710.35,0,0.0,0.0,0.0,0.0,-0.01,-1,-1,-0.01,-1,-1,-0.01,-1,-1,-0.01,-1,-1,-0.01,-1,-1,-0.01,-1,-1,-0.01,-1,-1,-0.01,-1,-1,-0.01,-1,-1,-0.01,-1,-1
99926009,2026-05-18 09:46:57+05:30,52935.65,0,0.0,0,0.0,0.0,53282.15,53308.4,52909.1,53710.35,0,0.0,0.0,0.0,0.0,-0.01,-1,-1,-0.01,-1,-1,-0.01,-1,-1,-0.01,-1,-1,-0.01,-1,-1,-0.01,-1,-1,-0.01,-1,-1,-0.01,-1,-1,-0.01,-1,-1,-0.01,-1,-1
99926009,2026-05-18 09:46:57+05:30,52933.65,0,0.0,0,0.0,0.0,53282.15,53308.4,52909.1,53710.35,0,0.0,0.0,0.0,0.0,-0.01,-1,-1,-0.01,-1,-1,-0.01,-1,-1,-0.01,-1,-1,-0.01,-1,-1,-0.01,-1,-1,-0.01,-1,-1,-0.01,-1,-1,-0.01,-1,-1,-0.01,-1,-1
99926009,2026-05-18 09:46:58+05:30,52933.65,0,0.0,0,0.0,0.0,53282.15,53308.4,52909.1,53710.35,0,0.0,0.0,0.0,0.0,-0.01,-1,-1,-0.01,-1,-1,-0.01,-1,-1,-0.01,-1,-1,-0.01,-1,-1,-0.01,-1,-1,-0.01,-1,-1,-0.01,-1,-1,-0.01,-1,-1,-0.01,-1,-1
99926009,2026-05-18 09:46:58+05:30,52936.8,0,0.0,0,0.0,0.0,53282.15,53308.4,52909.1,53710.35,0,0.0,0.0,0.0,0.0,-0.01,-1,-1,-0.01,-1,-1,-0.01,-1,-1,-0.01,-1,-1,-0.01,-1,-1,-0.01,-1,-1,-0.01,-1,-1,-0.01,-1,-1,-0.01,-1,-1,-0.01,-1,-1
99926009,2026-05-18 09:46:59+05:30,52937.15,0,0.0,0,0.0,0.0,53282.15,53308.4,52909.1,53710.35,0,0.0,0.0,0.0,0.0,-0.01,-1,-1,-0.01,-1,-1,-0.01,-1,-1,-0.01,-1,-1,-0.01,-1,-1,-0.01,-1,-1,-0.01,-1,-1,-0.01,-1,-1,-0.01,-1,-1,-0.01,-1,-1
99926009,2026-05-18 09:46:59+05:30,52935.7,0,0.0,0,0.0,0.0,53282.15,53308.4,52909.1,53710.35,0,0.0,0.0,0.0,0.0,-0.01,-1,-1,-0.01,-1,-1,-0.01,-1,-1,-0.01,-1,-1,-0.01,-1,-1,-0.01,-1,-1,-0.01,-1,-1,-0.01,-1,-1,-0.01,-1,-1,-0.01,-1,-1
99926009,2026-05-18 09:47:00+05:30,52937.7,0,0.0,0,0.0,0.0,53282.15,53308.4,52909.1,53710.35,0,0.0,0.0,0.0,0.0,-0.01,-1,-1,-0.01,-1,-1,-0.01,-1,-1,-0.01,-1,-1,-0.01,-1,-1,-0.01,-1,-1,-0.01,-1,-1,-0.01,-1,-1,-0.01,-1,-1,-0.01,-1,-1
99926009,2026-05-18 09:47:00+05:30,52933.95,0,0.0,0,0.0,0.0,53282.15,53308.4,52909.1,53710.35,0,0.0,0.0,0.0,0.0,-0.01,-1,-1,-0.01,-1,-1,-0.01,-1,-1,-0.01,-1,-1,-0.01,-1,-1,-0.01,-1,-1,-0.01,-1,-1,-0.01,-1,-1,-0.01,-1,-1,-0.01,-1,-1
99926009,2026-05-18 09:47:01+05:30,52935.3,0,0.0,0,0.0,0.0,53282.15,53308.4,52909.1,53710.35,0,0.0,0.0,0.0,0.0,-0.01,-1,-1,-0.01,-1,-1,-0.01,-1,-1,-0.01,-1,-1,-0.01,-1,-1,-0.01,-1,-1,-0.01,-1,-1,-0.01,-1,-1,-0.01,-1,-1,-0.01,-1,-1
99926009,2026-05-18 09:47:01+05:30,52934.1,0,0.0,0,0.0,0.0,53282.15,53308.4,52909.1,53710.35,0,0.0,0.0,0.0,0.0,-0.01,-1,-1,-0.01,-1,-1,-0.01,-1,-1,-0.01,-1,-1,-0.01,-1,-1,-0.01,-1,-1,-0.01,-1,-1,-0.01,-1,-1,-0.01,-1,-1,-0.01,-1,-1
99926009,2026-05-18 09:47:02+05:30,52934.05,0,0.0,0,0.0,0.0,53282.15,53308.4,52909.1,53710.35,0,0.0,0.0,0.0,0.0,-0.01,-1,-1,-0.01,-1,-1,-0.01,-1,-1,-0.01,-1,-1,-0.01,-1,-1,-0.01,-1,-1,-0.01,-1,-1,-0.01,-1,-1,-0.01,-1,-1,-0.01,-1,-1
99926009,2026-05-18 09:47:02+05:30,52934.4,0,0.0,0,0.0,0.0,53282.15,53308.4,52909.1,53710.35,0,0.0,0.0,0.0,0.0,-0.01,-1,-1,-0.01,-1,-1,-0.01,-1,-1,-0.01,-1,-1,-0.01,-1,-1,-0.01,-1,-1,-0.01,-1,-1,-0.01,-1,-1,-0.01,-1,-1,-0.01,-1,-1
99926009,2026-05-18 09:47:03+05:30,52931.4,0,0.0,0,0.0,0.0,53282.15,53308.4,52909.1,53710.35,0,0.0,0.0,0.0,0.0,-0.01,-1,-1,-0.01,-1,-1,-0.01,-1,-1,-0.01,-1,-1,-0.01,-1,-1,-0.01,-1,-1,-0.01,-1,-1,-0.01,-1,-1,-0.01,-1,-1,-0.01,-1,-1
99926009,2026-05-18 09:47:03+05:30,52932.75,0,0.0,0,0.0,0.0,53282.15,53308.4,52909.1,53710.35,0,0.0,0.0,0.0,0.0,-0.01,-1,-1,-0.01,-1,-1,-0.01,-1,-1,-0.01,-1,-1,-0.01,-1,-1,-0.01,-1,-1,-0.01,-1,-1,-0.01,-1,-1,-0.01,-1,-1,-0.01,-1,-1
99926009,2026-05-18 09:47:04+05:30,52932.95,0,0.0,0,0.0,0.0,53282.15,53308.4,52909.1,53710.35,0,0.0,0.0,0.0,0.0,-0.01,-1,-1,-0.01,-1,-1,-0.01,-1,-1,-0.01,-1,-1,-0.01,-1,-1,-0.01,-1,-1,-0.01,-1,-1,-0.01,-1,-1,-0.01,-1,-1,-0.01,-1,-1
99926009,2026-05-18 09:47:04+05:30,52930.8,0,0.0,0,0.0,0.0,53282.15,53308.4,52909.1,53710.35,0,0.0,0.0,0.0,0.0,-0.01,-1,-1,-0.01,-1,-1,-0.01,-1,-1,-0.01,-1,-1,-0.01,-1,-1,-0.01,-1,-1,-0.01,-1,-1,-0.01,-1,-1,-0.01,-1,-1,-0.01,-1,-1
99926009,2026-05-18 09:47:05+05:30,52926.95,0,0.0,0,0.0,0.0,53282.15,53308.4,52909.1,53710.35,0,0.0,0.0,0.0,0.0,-0.01,-1,-1,-0.01,-1,-1,-0.01,-1,-1,-0.01,-1,-1,-0.01,-1,-1,-0.01,-1,-1,-0.01,-1,-1,-0.01,-1,-1,-0.01,-1,-1,-0.01,-1,-1
99926009,2026-05-18 09:47:05+05:30,52926.15,0,0.0,0,0.0,0.0,53282.15,53308.4,52909.1,53710.35,0,0.0,0.0,0.0,0.0,-0.01,-1,-1,-0.01,-1,-1,-0.01,-1,-1,-0.01,-1,-1,-0.01,-1,-1,-0.01,-1,-1,-0.01,-1,-1,-0.01,-1,-1,-0.01,-1,-1,-0.01,-1,-1
99926009,2026-05-18 09:47:06+05:30,52929.1,0,0.0,0,0.0,0.0,53282.15,53308.4,52909.1,53710.35,0,0.0,0.0,0.0,0.0,-0.01,-1,-1,-0.01,-1,-1,-0.01,-1,-1,-0.01,-1,-1,-0.01,-1,-1,-0.01,-1,-1,-0.01,-1,-1,-0.01,-1,-1,-0.01,-1,-1,-0.01,-1,-1
99926009,2026-05-18 09:47:06+05:30,52927.35,0,0.0,0,0.0,0.0,53282.15,53308.4,52909.1,53710.35,0,0.0,0.0,0.0,0.0,-0.01,-1,-1,-0.01,-1,-1,-0.01,-1,-1,-0.01,-1,-1,-0.01,-1,-1,-0.01,-1,-1,-0.01,-1,-1,-0.01,-1,-1,-0.01,-1,-1,-0.01,-1,-1
99926009,2026-05-18 09:47:07+05:30,52926.7,0,0.0,0,0.0,0.0,53282.15,53308.4,52909.1,53710.35,0,0.0,0.0,0.0,0.0,-0.01,-1,-1,-0.01,-1,-1,-0.01,-1,-1,-0.01,-1,-1,-0.01,-1,-1,-0.01,-1,-1,-0.01,-1,-1,-0.01,-1,-1,-0.01,-1,-1,-0.01,-1,-1
99926009,2026-05-18 09:47:07+05:30,52926.6,0,0.0,0,0.0,0.0,53282.15,53308.4,52909.1,53710.35,0,0.0,0.0,0.0,0.0,-0.01,-1,-1,-0.01,-1,-1,-0.01,-1,-1,-0.01,-1,-1,-0.01,-1,-1,-0.01,-1,-1,-0.01,-1,-1,-0.01,-1,-1,-0.01,-1,-1,-0.01,-1,-1
99926009,2026-05-18 09:47:08+05:30,52925.55,0,0.0,0,0.0,0.0,53282.15,53308.4,52909.1,53710.35,0,0.0,0.0,0.0,0.0,-0.01,-1,-1,-0.01,-1,-1,-0.01,-1,-1,-0.01,-1,-1,-0.01,-1,-1,-0.01,-1,-1,-0.01,-1,-1,-0.01,-1,-1,-0.01,-1,-1,-0.01,-1,-1
99926009,2026-05-18 09:47:08+05:30,52926.65,0,0.0,0,0.0,0.0,53282.15,53308.4,52909.1,53710.35,0,0.0,0.0,0.0,0.0,-0.01,-1,-1,-0.01,-1,-1,-0.01,-1,-1,-0.01,-1,-1,-0.01,-1,-1,-0.01,-1,-1,-0.01,-1,-1,-0.01,-1,-1,-0.01,-1,-1,-0.01,-1,-1
99926009,2026-05-18 09:47:09+05:30,52928.0,0,0.0,0,0.0,0.0,53282.15,53308.4,52909.1,53710.35,0,0.0,0.0,0.0,0.0,-0.01,-1,-1,-0.01,-1,-1,-0.01,-1,-1,-0.01,-1,-1,-0.01,-1,-1,-0.01,-1,-1,-0.01,-1,-1,-0.01,-1,-1,-0.01,-1,-1,-0.01,-1,-1
99926009,2026-05-18 09:47:09+05:30,52926.85,0,0.0,0,0.0,0.0,53282.15,53308.4,52909.1,53710.35,0,0.0,0.0,0.0,0.0,-0.01,-1,-1,-0.01,-1,-1,-0.01,-1,-1,-0.01,-1,-1,-0.01,-1,-1,-0.01,-1,-1,-0.01,-1,-1,-0.01,-1,-1,-0.01,-1,-1,-0.01,-1,-1
99926009,2026-05-18 09:47:10+05:30,52925.1,0,0.0,0,0.0,0.0,53282.15,53308.4,52909.1,53710.35,0,0.0,0.0,0.0,0.0,-0.01,-1,-1,-0.01,-1,-1,-0.01,-1,-1,-0.01,-1,-1,-0.01,-1,-1,-0.01,-1,-1,-0.01,-1,-1,-0.01,-1,-1,-0.01,-1,-1,-0.01,-1,-1
99926009,2026-05-18 09:47:10+05:30,52926.1,0,0.0,0,0.0,0.0,53282.15,53308.4,52909.1,53710.35,0,0.0,0.0,0.0,0.0,-0.01,-1,-1,-0.01,-1,-1,-0.01,-1,-1,-0.01,-1,-1,-0.01,-1,-1,-0.01,-1,-1,-0.01,-1,-1,-0.01,-1,-1,-0.01,-1,-1,-0.01,-1,-1
99926009,2026-05-18 09:47:11+05:30,52922.6,0,0.0,0,0.0,0.0,53282.15,53308.4,52909.1,53710.35,0,0.0,0.0,0.0,0.0,-0.01,-1,-1,-0.01,-1,-1,-0.01,-1,-1,-0.01,-1,-1,-0.01,-1,-1,-0.01,-1,-1,-0.01,-1,-1,-0.01,-1,-1,-0.01,-1,-1,-0.01,-1,-1
99926009,2026-05-18 09:47:11+05:30,52923.8,0,0.0,0,0.0,0.0,53282.15,53308.4,52909.1,53710.35,0,0.0,0.0,0.0,0.0,-0.01,-1,-1,-0.01,-1,-1,-0.01,-1,-1,-0.01,-1,-1,-0.01,-1,-1,-0.01,-1,-1,-0.01,-1,-1,-0.01,-1,-1,-0.01,-1,-1,-0.01,-1,-1
99926009,2026-05-18 09:47:12+05:30,52921.7,0,0.0,0,0.0,0.0,53282.15,53308.4,52909.1,53710.35,0,0.0,0.0,0.0,0.0,-0.01,-1,-1,-0.01,-1,-1,-0.01,-1,-1,-0.01,-1,-1,-0.01,-1,-1,-0.01,-1,-1,-0.01,-1,-1,-0.01,-1,-1,-0.01,-1,-1,-0.01,-1,-1
99926009,2026-05-18 09:47:12+05:30,52920.75,0,0.0,0,0.0,0.0,53282.15,53308.4,52909.1,53710.35,0,0.0,0.0,0.0,0.0,-0.01,-1,-1,-0.01,-1,-1,-0.01,-1,-1,-0.01,-1,-1,-0.01,-1,-1,-0.01,-1,-1,-0.01,-1,-1,-0.01,-1,-1,-0.01,-1,-1,-0.01,-1,-1
99926009,2026-05-18 09:47:13+05:30,52921.45,0,0.0,0,0.0,0.0,53282.15,53308.4,52909.1,53710.35,0,0.0,0.0,0.0,0.0,-0.01,-1,-1,-0.01,-1,-1,-0.01,-1,-1,-0.01,-1,-1,-0.01,-1,-1,-0.01,-1,-1,-0.01,-1,-1,-0.01,-1,-1,-0.01,-1,-1,-0.01,-1,-1
99926009,2026-05-18 09:47:13+05:30,52921.3,0,0.0,0,0.0,0.0,53282.15,53308.4,52909.1,53710.35,0,0.0,0.0,0.0,0.0,-0.01,-1,-1,-0.01,-1,-1,-0.01,-1,-1,-0.01,-1,-1,-0.01,-1,-1,-0.01,-1,-1,-0.01,-1,-1,-0.01,-1,-1,-0.01,-1,-1,-0.01,-1,-1
99926009,2026-05-18 09:47:14+05:30,52919.7,0,0.0,0,0.0,0.0,53282.15,53308.4,52909.1,53710.35,0,0.0,0.0,0.0,0.0,-0.01,-1,-1,-0.01,-1,-1,-0.01,-1,-1,-0.01,-1,-1,-0.01,-1,-1,-0.01,-1,-1,-0.01,-1,-1,-0.01,-1,-1,-0.01,-1,-1,-0.01,-1,-1
99926009,2026-05-18 09:47:14+05:30,52917.35,0,0.0,0,0.0,0.0,53282.15,53308.4,52909.1,53710.35,0,0.0,0.0,0.0,0.0,-0.01,-1,-1,-0.01,-1,-1,-0.01,-1,-1,-0.01,-1,-1,-0.01,-1,-1,-0.01,-1,-1,-0.01,-1,-1,-0.01,-1,-1,-0.01,-1,-1,-0.01,-1,-1
99926009,2026-05-18 09:47:15+05:30,52915.2,0,0.0,0,0.0,0.0,53282.15,53308.4,52909.1,53710.35,0,0.0,0.0,0.0,0.0,-0.01,-1,-1,-0.01,-1,-1,-0.01,-1,-1,-0.01,-1,-1,-0.01,-1,-1,-0.01,-1,-1,-0.01,-1,-1,-0.01,-1,-1,-0.01,-1,-1,-0.01,-1,-1
99926009,2026-05-18 09:47:15+05:30,52913.6,0,0.0,0,0.0,0.0,53282.15,53308.4,52909.1,53710.35,0,0.0,0.0,0.0,0.0,-0.01,-1,-1,-0.01,-1,-1,-0.01,-1,-1,-0.01,-1,-1,-0.01,-1,-1,-0.01,-1,-1,-0.01,-1,-1,-0.01,-1,-1,-0.01,-1,-1,-0.01,-1,-1
99926009,2026-05-18 09:47:16+05:30,52913.0,0,0.0,0,0.0,0.0,53282.15,53308.4,52909.1,53710.35,0,0.0,0.0,0.0,0.0,-0.01,-1,-1,-0.01,-1,-1,-0.01,-1,-1,-0.01,-1,-1,-0.01,-1,-1,-0.01,-1,-1,-0.01,-1,-1,-0.01,-1,-1,-0.01,-1,-1,-0.01,-1,-1
99926009,2026-05-18 09:47:16+05:30,52913.7,0,0.0,0,0.0,0.0,53282.15,53308.4,52909.1,53710.35,0,0.0,0.0,0.0,0.0,-0.01,-1,-1,-0.01,-1,-1,-0.01,-1,-1,-0.01,-1,-1,-0.01,-1,-1,-0.01,-1,-1,-0.01,-1,-1,-0.01,-1,-1,-0.01,-1,-1,-0.01,-1,-1
99926009,2026-05-18 09:47:17+05:30,52914.55,0,0.0,0,0.0,0.0,53282.15,53308.4,52909.1,53710.35,0,0.0,0.0,0.0,0.0,-0.01,-1,-1,-0.01,-1,-1,-0.01,-1,-1,-0.01,-1,-1,-0.01,-1,-1,-0.01,-1,-1,-0.01,-1,-1,-0.01,-1,-1,-0.01,-1,-1,-0.01,-1,-1
99926009,2026-05-18 09:47:17+05:30,52914.5,0,0.0,0,0.0,0.0,53282.15,53308.4,52909.1,53710.35,0,0.0,0.0,0.0,0.0,-0.01,-1,-1,-0.01,-1,-1,-0.01,-1,-1,-0.01,-1,-1,-0.01,-1,-1,-0.01,-1,-1,-0.01,-1,-1,-0.01,-1,-1,-0.01,-1,-1,-0.01,-1,-1
99926009,2026-05-18 09:47:18+05:30,52913.45,0,0.0,0,0.0,0.0,53282.15,53308.4,52909.1,53710.35,0,0.0,0.0,0.0,0.0,-0.01,-1,-1,-0.01,-1,-1,-0.01,-1,-1,-0.01,-1,-1,-0.01,-1,-1,-0.01,-1,-1,-0.01,-1,-1,-0.01,-1,-1,-0.01,-1,-1,-0.01,-1,-1
99926009,2026-05-18 09:47:18+05:30,52915.0,0,0.0,0,0.0,0.0,53282.15,53308.4,52909.1,53710.35,0,0.0,0.0,0.0,0.0,-0.01,-1,-1,-0.01,-1,-1,-0.01,-1,-1,-0.01,-1,-1,-0.01,-1,-1,-0.01,-1,-1,-0.01,-1,-1,-0.01,-1,-1,-0.01,-1,-1,-0.01,-1,-1
99926009,2026-05-18 09:47:19+05:30,52916.3,0,0.0,0,0.0,0.0,53282.15,53308.4,52909.1,53710.35,0,0.0,0.0,0.0,0.0,-0.01,-1,-1,-0.01,-1,-1,-0.01,-1,-1,-0.01,-1,-1,-0.01,-1,-1,-0.01,-1,-1,-0.01,-1,-1,-0.01,-1,-1,-0.01,-1,-1,-0.01,-1,-1
99926009,2026-05-18 09:47:19+05:30,52918.15,0,0.0,0,0.0,0.0,53282.15,53308.4,52909.1,53710.35,0,0.0,0.0,0.0,0.0,-0.01,-1,-1,-0.01,-1,-1,-0.01,-1,-1,-0.01,-1,-1,-0.01,-1,-1,-0.01,-1,-1,-0.01,-1,-1,-0.01,-1,-1,-0.01,-1,-1,-0.01,-1,-1
99926009,2026-05-18 09:47:20+05:30,52915.0,0,0.0,0,0.0,0.0,53282.15,53308.4,52909.1,53710.35,0,0.0,0.0,0.0,0.0,-0.01,-1,-1,-0.01,-1,-1,-0.01,-1,-1,-0.01,-1,-1,-0.01,-1,-1,-0.01,-1,-1,-0.01,-1,-1,-0.01,-1,-1,-0.01,-1,-1,-0.01,-1,-1
99926009,2026-05-18 09:47:20+05:30,52917.05,0,0.0,0,0.0,0.0,53282.15,53308.4,52909.1,53710.35,0,0.0,0.0,0.0,0.0,-0.01,-1,-1,-0.01,-1,-1,-0.01,-1,-1,-0.01,-1,-1,-0.01,-1,-1,-0.01,-1,-1,-0.01,-1,-1,-0.01,-1,-1,-0.01,-1,-1,-0.01,-1,-1
99926009,2026-05-18 09:47:21+05:30,52918.5,0,0.0,0,0.0,0.0,53282.15,53308.4,52909.1,53710.35,0,0.0,0.0,0.0,0.0,-0.01,-1,-1,-0.01,-1,-1,-0.01,-1,-1,-0.01,-1,-1,-0.01,-1,-1,-0.01,-1,-1,-0.01,-1,-1,-0.01,-1,-1,-0.01,-1,-1,-0.01,-1,-1
99926009,2026-05-18 09:47:21+05:30,52917.65,0,0.0,0,0.0,0.0,53282.15,53308.4,52909.1,53710.35,0,0.0,0.0,0.0,0.0,-0.01,-1,-1,-0.01,-1,-1,-0.01,-1,-1,-0.01,-1,-1,-0.01,-1,-1,-0.01,-1,-1,-0.01,-1,-1,-0.01,-1,-1,-0.01,-1,-1,-0.01,-1,-1
99926009,2026-05-18 09:47:22+05:30,52917.75,0,0.0,0,0.0,0.0,53282.15,53308.4,52909.1,53710.35,0,0.0,0.0,0.0,0.0,-0.01,-1,-1,-0.01,-1,-1,-0.01,-1,-1,-0.01,-1,-1,-0.01,-1,-1,-0.01,-1,-1,-0.01,-1,-1,-0.01,-1,-1,-0.01,-1,-1,-0.01,-1,-1
99926009,2026-05-18 09:47:22+05:30,52916.0,0,0.0,0,0.0,0.0,53282.15,53308.4,52909.1,53710.35,0,0.0,0.0,0.0,0.0,-0.01,-1,-1,-0.01,-1,-1,-0.01,-1,-1,-0.01,-1,-1,-0.01,-1,-1,-0.01,-1,-1,-0.01,-1,-1,-0.01,-1,-1,-0.01,-1,-1,-0.01,-1,-1
99926009,2026-05-18 09:47:23+05:30,52914.85,0,0.0,0,0.0,0.0,53282.15,53308.4,52909.1,53710.35,0,0.0,0.0,0.0,0.0,-0.01,-1,-1,-0.01,-1,-1,-0.01,-1,-1,-0.01,-1,-1,-0.01,-1,-1,-0.01,-1,-1,-0.01,-1,-1,-0.01,-1,-1,-0.01,-1,-1,-0.01,-1,-1
99926009,2026-05-18 09:47:23+05:30,52913.1,0,0.0,0,0.0,0.0,53282.15,53308.4,52909.1,53710.35,0,0.0,0.0,0.0,0.0,-0.01,-1,-1,-0.01,-1,-1,-0.01,-1,-1,-0.01,-1,-1,-0.01,-1,-1,-0.01,-1,-1,-0.01,-1,-1,-0.01,-1,-1,-0.01,-1,-1,-0.01,-1,-1
99926009,2026-05-18 09:47:24+05:30,52914.1,0,0.0,0,0.0,0.0,53282.15,53308.4,52909.1,53710.35,0,0.0,0.0,0.0,0.0,-0.01,-1,-1,-0.01,-1,-1,-0.01,-1,-1,-0.01,-1,-1,-0.01,-1,-1,-0.01,-1,-1,-0.01,-1,-1,-0.01,-1,-1,-0.01,-1,-1,-0.01,-1,-1
99926009,2026-05-18 09:47:24+05:30,52915.1,0,0.0,0,0.0,0.0,53282.15,53308.4,52909.1,53710.35,0,0.0,0.0,0.0,0.0,-0.01,-1,-1,-0.01,-1,-1,-0.01,-1,-1,-0.01,-1,-1,-0.01,-1,-1,-0.01,-1,-1,-0.01,-1,-1,-0.01,-1,-1,-0.01,-1,-1,-0.01,-1,-1
99926009,2026-05-18 09:47:25+05:30,52917.05,0,0.0,0,0.0,0.0,53282.15,53308.4,52909.1,53710.35,0,0.0,0.0,0.0,0.0,-0.01,-1,-1,-0.01,-1,-1,-0.01,-1,-1,-0.01,-1,-1,-0.01,-1,-1,-0.01,-1,-1,-0.01,-1,-1,-0.01,-1,-1,-0.01,-1,-1,-0.01,-1,-1
99926009,2026-05-18 09:47:25+05:30,52913.4,0,0.0,0,0.0,0.0,53282.15,53308.4,52909.1,53710.35,0,0.0,0.0,0.0,0.0,-0.01,-1,-1,-0.01,-1,-1,-0.01,-1,-1,-0.01,-1,-1,-0.01,-1,-1,-0.01,-1,-1,-0.01,-1,-1,-0.01,-1,-1,-0.01,-1,-1,-0.01,-1,-1
99926009,2026-05-18 09:47:26+05:30,52913.9,0,0.0,0,0.0,0.0,53282.15,53308.4,52909.1,53710.35,0,0.0,0.0,0.0,0.0,-0.01,-1,-1,-0.01,-1,-1,-0.01,-1,-1,-0.01,-1,-1,-0.01,-1,-1,-0.01,-1,-1,-0.01,-1,-1,-0.01,-1,-1,-0.01,-1,-1,-0.01,-1,-1
99926009,2026-05-18 09:47:26+05:30,52914.15,0,0.0,0,0.0,0.0,53282.15,53308.4,52909.1,53710.35,0,0.0,0.0,0.0,0.0,-0.01,-1,-1,-0.01,-1,-1,-0.01,-1,-1,-0.01,-1,-1,-0.01,-1,-1,-0.01,-1,-1,-0.01,-1,-1,-0.01,-1,-1,-0.01,-1,-1,-0.01,-1,-1
99926009,2026-05-18 09:47:27+05:30,52914.15,0,0.0,0,0.0,0.0,53282.15,53308.4,52909.1,53710.35,0,0.0,0.0,0.0,0.0,-0.01,-1,-1,-0.01,-1,-1,-0.01,-1,-1,-0.01,-1,-1,-0.01,-1,-1,-0.01,-1,-1,-0.01,-1,-1,-0.01,-1,-1,-0.01,-1,-1,-0.01,-1,-1
99926009,2026-05-18 09:47:27+05:30,52914.45,0,0.0,0,0.0,0.0,53282.15,53308.4,52909.1,53710.35,0,0.0,0.0,0.0,0.0,-0.01,-1,-1,-0.01,-1,-1,-0.01,-1,-1,-0.01,-1,-1,-0.01,-1,-1,-0.01,-1,-1,-0.01,-1,-1,-0.01,-1,-1,-0.01,-1,-1,-0.01,-1,-1
99926009,2026-05-18 09:47:28+05:30,52913.05,0,0.0,0,0.0,0.0,53282.15,53308.4,52909.1,53710.35,0,0.0,0.0,0.0,0.0,-0.01,-1,-1,-0.01,-1,-1,-0.01,-1,-1,-0.01,-1,-1,-0.01,-1,-1,-0.01,-1,-1,-0.01,-1,-1,-0.01,-1,-1,-0.01,-1,-1,-0.01,-1,-1
99926009,2026-05-18 09:47:28+05:30,52912.4,0,0.0,0,0.0,0.0,53282.15,53308.4,52909.1,53710.35,0,0.0,0.0,0.0,0.0,-0.01,-1,-1,-0.01,-1,-1,-0.01,-1,-1,-0.01,-1,-1,-0.01,-1,-1,-0.01,-1,-1,-0.01,-1,-1,-0.01,-1,-1,-0.01,-1,-1,-0.01,-1,-1
99926009,2026-05-18 09:47:29+05:30,52912.25,0,0.0,0,0.0,0.0,53282.15,53308.4,52909.1,53710.35,0,0.0,0.0,0.0,0.0,-0.01,-1,-1,-0.01,-1,-1,-0.01,-1,-1,-0.01,-1,-1,-0.01,-1,-1,-0.01,-1,-1,-0.01,-1,-1,-0.01,-1,-1,-0.01,-1,-1,-0.01,-1,-1
99926009,2026-05-18 09:47:29+05:30,52911.65,0,0.0,0,0.0,0.0,53282.15,53308.4,52909.1,53710.35,0,0.0,0.0,0.0,0.0,-0.01,-1,-1,-0.01,-1,-1,-0.01,-1,-1,-0.01,-1,-1,-0.01,-1,-1,-0.01,-1,-1,-0.01,-1,-1,-0.01,-1,-1,-0.01,-1,-1,-0.01,-1,-1
99926009,2026-05-18 09:47:30+05:30,52913.15,0,0.0,0,0.0,0.0,53282.15,53308.4,52909.1,53710.35,0,0.0,0.0,0.0,0.0,-0.01,-1,-1,-0.01,-1,-1,-0.01,-1,-1,-0.01,-1,-1,-0.01,-1,-1,-0.01,-1,-1,-0.01,-1,-1,-0.01,-1,-1,-0.01,-1,-1,-0.01,-1,-1
99926009,2026-05-18 09:47:30+05:30,52913.45,0,0.0,0,0.0,0.0,53282.15,53308.4,52909.1,53710.35,0,0.0,0.0,0.0,0.0,-0.01,-1,-1,-0.01,-1,-1,-0.01,-1,-1,-0.01,-1,-1,-0.01,-1,-1,-0.01,-1,-1,-0.01,-1,-1,-0.01,-1,-1,-0.01,-1,-1,-0.01,-1,-1
99926009,2026-05-18 09:47:31+05:30,52913.1,0,0.0,0,0.0,0.0,53282.15,53308.4,52909.1,53710.35,0,0.0,0.0,0.0,0.0,-0.01,-1,-1,-0.01,-1,-1,-0.01,-1,-1,-0.01,-1,-1,-0.01,-1,-1,-0.01,-1,-1,-0.01,-1,-1,-0.01,-1,-1,-0.01,-1,-1,-0.01,-1,-1
99926009,2026-05-18 09:47:31+05:30,52913.1,0,0.0,0,0.0,0.0,53282.15,53308.4,52909.1,53710.35,0,0.0,0.0,0.0,0.0,-0.01,-1,-1,-0.01,-1,-1,-0.01,-1,-1,-0.01,-1,-1,-0.01,-1,-1,-0.01,-1,-1,-0.01,-1,-1,-0.01,-1,-1,-0.01,-1,-1,-0.01,-1,-1
99926009,2026-05-18 09:47:32+05:30,52912.6,0,0.0,0,0.0,0.0,53282.15,53308.4,52909.1,53710.35,0,0.0,0.0,0.0,0.0,-0.01,-1,-1,-0.01,-1,-1,-0.01,-1,-1,-0.01,-1,-1,-0.01,-1,-1,-0.01,-1,-1,-0.01,-1,-1,-0.01,-1,-1,-0.01,-1,-1,-0.01,-1,-1
99926009,2026-05-18 09:47:32+05:30,52913.2,0,0.0,0,0.0,0.0,53282.15,53308.4,52909.1,53710.35,0,0.0,0.0,0.0,0.0,-0.01,-1,-1,-0.01,-1,-1,-0.01,-1,-1,-0.01,-1,-1,-0.01,-1,-1,-0.01,-1,-1,-0.01,-1,-1,-0.01,-1,-1,-0.01,-1,-1,-0.01,-1,-1
99926009,2026-05-18 09:47:33+05:30,52910.65,0,0.0,0,0.0,0.0,53282.15,53308.4,52909.1,53710.35,0,0.0,0.0,0.0,0.0,-0.01,-1,-1,-0.01,-1,-1,-0.01,-1,-1,-0.01,-1,-1,-0.01,-1,-1,-0.01,-1,-1,-0.01,-1,-1,-0.01,-1,-1,-0.01,-1,-1,-0.01,-1,-1
99926009,2026-05-18 09:47:33+05:30,52910.6,0,0.0,0,0.0,0.0,53282.15,53308.4,52909.1,53710.35,0,0.0,0.0,0.0,0.0,-0.01,-1,-1,-0.01,-1,-1,-0.01,-1,-1,-0.01,-1,-1,-0.01,-1,-1,-0.01,-1,-1,-0.01,-1,-1,-0.01,-1,-1,-0.01,-1,-1,-0.01,-1,-1
99926009,2026-05-18 09:47:34+05:30,52911.9,0,0.0,0,0.0,0.0,53282.15,53308.4,52909.1,53710.35,0,0.0,0.0,0.0,0.0,-0.01,-1,-1,-0.01,-1,-1,-0.01,-1,-1,-0.01,-1,-1,-0.01,-1,-1,-0.01,-1,-1,-0.01,-1,-1,-0.01,-1,-1,-0.01,-1,-1,-0.01,-1,-1
99926009,2026-05-18 09:47:34+05:30,52914.3,0,0.0,0,0.0,0.0,53282.15,53308.4,52909.1,53710.35,0,0.0,0.0,0.0,0.0,-0.01,-1,-1,-0.01,-1,-1,-0.01,-1,-1,-0.01,-1,-1,-0.01,-1,-1,-0.01,-1,-1,-0.01,-1,-1,-0.01,-1,-1,-0.01,-1,-1,-0.01,-1,-1
99926009,2026-05-18 09:47:35+05:30,52915.6,0,0.0,0,0.0,0.0,53282.15,53308.4,52909.1,53710.35,0,0.0,0.0,0.0,0.0,-0.01,-1,-1,-0.01,-1,-1,-0.01,-1,-1,-0.01,-1,-1,-0.01,-1,-1,-0.01,-1,-1,-0.01,-1,-1,-0.01,-1,-1,-0.01,-1,-1,-0.01,-1,-1
99926009,2026-05-18 09:47:35+05:30,52919.0,0,0.0,0,0.0,0.0,53282.15,53308.4,52909.1,53710.35,0,0.0,0.0,0.0,0.0,-0.01,-1,-1,-0.01,-1,-1,-0.01,-1,-1,-0.01,-1,-1,-0.01,-1,-1,-0.01,-1,-1,-0.01,-1,-1,-0.01,-1,-1,-0.01,-1,-1,-0.01,-1,-1
99926009,2026-05-18 09:47:36+05:30,52914.2,0,0.0,0,0.0,0.0,53282.15,53308.4,52909.1,53710.35,0,0.0,0.0,0.0,0.0,-0.01,-1,-1,-0.01,-1,-1,-0.01,-1,-1,-0.01,-1,-1,-0.01,-1,-1,-0.01,-1,-1,-0.01,-1,-1,-0.01,-1,-1,-0.01,-1,-1,-0.01,-1,-1
99926009,2026-05-18 09:47:36+05:30,52914.9,0,0.0,0,0.0,0.0,53282.15,53308.4,52909.1,53710.35,0,0.0,0.0,0.0,0.0,-0.01,-1,-1,-0.01,-1,-1,-0.01,-1,-1,-0.01,-1,-1,-0.01,-1,-1,-0.01,-1,-1,-0.01,-1,-1,-0.01,-1,-1,-0.01,-1,-1,-0.01,-1,-1
99926009,2026-05-18 09:47:37+05:30,52916.1,0,0.0,0,0.0,0.0,53282.15,53308.4,52909.1,53710.35,0,0.0,0.0,0.0,0.0,-0.01,-1,-1,-0.01,-1,-1,-0.01,-1,-1,-0.01,-1,-1,-0.01,-1,-1,-0.01,-1,-1,-0.01,-1,-1,-0.01,-1,-1,-0.01,-1,-1,-0.01,-1,-1
99926009,2026-05-18 09:47:37+05:30,52915.25,0,0.0,0,0.0,0.0,53282.15,53308.4,52909.1,53710.35,0,0.0,0.0,0.0,0.0,-0.01,-1,-1,-0.01,-1,-1,-0.01,-1,-1,-0.01,-1,-1,-0.01,-1,-1,-0.01,-1,-1,-0.01,-1,-1,-0.01,-1,-1,-0.01,-1,-1,-0.01,-1,-1
99926009,2026-05-18 09:47:38+05:30,52915.2,0,0.0,0,0.0,0.0,53282.15,53308.4,52909.1,53710.35,0,0.0,0.0,0.0,0.0,-0.01,-1,-1,-0.01,-1,-1,-0.01,-1,-1,-0.01,-1,-1,-0.01,-1,-1,-0.01,-1,-1,-0.01,-1,-1,-0.01,-1,-1,-0.01,-1,-1,-0.01,-1,-1
99926009,2026-05-18 09:47:38+05:30,52916.25,0,0.0,0,0.0,0.0,53282.15,53308.4,52909.1,53710.35,0,0.0,0.0,0.0,0.0,-0.01,-1,-1,-0.01,-1,-1,-0.01,-1,-1,-0.01,-1,-1,-0.01,-1,-1,-0.01,-1,-1,-0.01,-1,-1,-0.01,-1,-1,-0.01,-1,-1,-0.01,-1,-1
99926009,2026-05-18 09:47:39+05:30,52917.7,0,0.0,0,0.0,0.0,53282.15,53308.4,52909.1,53710.35,0,0.0,0.0,0.0,0.0,-0.01,-1,-1,-0.01,-1,-1,-0.01,-1,-1,-0.01,-1,-1,-0.01,-1,-1,-0.01,-1,-1,-0.01,-1,-1,-0.01,-1,-1,-0.01,-1,-1,-0.01,-1,-1
99926009,2026-05-18 09:47:39+05:30,52915.25,0,0.0,0,0.0,0.0,53282.15,53308.4,52909.1,53710.35,0,0.0,0.0,0.0,0.0,-0.01,-1,-1,-0.01,-1,-1,-0.01,-1,-1,-0.01,-1,-1,-0.01,-1,-1,-0.01,-1,-1,-0.01,-1,-1,-0.01,-1,-1,-0.01,-1,-1,-0.01,-1,-1
99926009,2026-05-18 09:47:40+05:30,52913.05,0,0.0,0,0.0,0.0,53282.15,53308.4,52909.1,53710.35,0,0.0,0.0,0.0,0.0,-0.01,-1,-1,-0.01,-1,-1,-0.01,-1,-1,-0.01,-1,-1,-0.01,-1,-1,-0.01,-1,-1,-0.01,-1,-1,-0.01,-1,-1,-0.01,-1,-1,-0.01,-1,-1
99926009,2026-05-18 09:47:40+05:30,52901.3,0,0.0,0,0.0,0.0,53282.15,53308.4,52901.3,53710.35,0,0.0,0.0,0.0,0.0,-0.01,-1,-1,-0.01,-1,-1,-0.01,-1,-1,-0.01,-1,-1,-0.01,-1,-1,-0.01,-1,-1,-0.01,-1,-1,-0.01,-1,-1,-0.01,-1,-1,-0.01,-1,-1
99926009,2026-05-18 09:47:41+05:30,52894.9,0,0.0,0,0.0,0.0,53282.15,53308.4,52894.9,53710.35,0,0.0,0.0,0.0,0.0,-0.01,-1,-1,-0.01,-1,-1,-0.01,-1,-1,-0.01,-1,-1,-0.01,-1,-1,-0.01,-1,-1,-0.01,-1,-1,-0.01,-1,-1,-0.01,-1,-1,-0.01,-1,-1
99926009,2026-05-18 09:47:41+05:30,52886.05,0,0.0,0,0.0,0.0,53282.15,53308.4,52884.35,53710.35,0,0.0,0.0,0.0,0.0,-0.01,-1,-1,-0.01,-1,-1,-0.01,-1,-1,-0.01,-1,-1,-0.01,-1,-1,-0.01,-1,-1,-0.01,-1,-1,-0.01,-1,-1,-0.01,-1,-1,-0.01,-1,-1
99926009,2026-05-18 09:47:42+05:30,52885.2,0,0.0,0,0.0,0.0,53282.15,53308.4,52884.35,53710.35,0,0.0,0.0,0.0,0.0,-0.01,-1,-1,-0.01,-1,-1,-0.01,-1,-1,-0.01,-1,-1,-0.01,-1,-1,-0.01,-1,-1,-0.01,-1,-1,-0.01,-1,-1,-0.01,-1,-1,-0.01,-1,-1
99926009,2026-05-18 09:47:42+05:30,52884.6,0,0.0,0,0.0,0.0,53282.15,53308.4,52881.1,53710.35,0,0.0,0.0,0.0,0.0,-0.01,-1,-1,-0.01,-1,-1,-0.01,-1,-1,-0.01,-1,-1,-0.01,-1,-1,-0.01,-1,-1,-0.01,-1,-1,-0.01,-1,-1,-0.01,-1,-1,-0.01,-1,-1
99926009,2026-05-18 09:47:43+05:30,52880.9,0,0.0,0,0.0,0.0,53282.15,53308.4,52880.1,53710.35,0,0.0,0.0,0.0,0.0,-0.01,-1,-1,-0.01,-1,-1,-0.01,-1,-1,-0.01,-1,-1,-0.01,-1,-1,-0.01,-1,-1,-0.01,-1,-1,-0.01,-1,-1,-0.01,-1,-1,-0.01,-1,-1
99926009,2026-05-18 09:47:43+05:30,52878.6,0,0.0,0,0.0,0.0,53282.15,53308.4,52878.1,53710.35,0,0.0,0.0,0.0,0.0,-0.01,-1,-1,-0.01,-1,-1,-0.01,-1,-1,-0.01,-1,-1,-0.01,-1,-1,-0.01,-1,-1,-0.01,-1,-1,-0.01,-1,-1,-0.01,-1,-1,-0.01,-1,-1
99926009,2026-05-18 09:47:44+05:30,52879.85,0,0.0,0,0.0,0.0,53282.15,53308.4,52877.6,53710.35,0,0.0,0.0,0.0,0.0,-0.01,-1,-1,-0.01,-1,-1,-0.01,-1,-1,-0.01,-1,-1,-0.01,-1,-1,-0.01,-1,-1,-0.01,-1,-1,-0.01,-1,-1,-0.01,-1,-1,-0.01,-1,-1
99926009,2026-05-18 09:47:44+05:30,52878.1,0,0.0,0,0.0,0.0,53282.15,53308.4,52877.05,53710.35,0,0.0,0.0,0.0,0.0,-0.01,-1,-1,-0.01,-1,-1,-0.01,-1,-1,-0.01,-1,-1,-0.01,-1,-1,-0.01,-1,-1,-0.01,-1,-1,-0.01,-1,-1,-0.01,-1,-1,-0.01,-1,-1
99926009,2026-05-18 09:47:45+05:30,52877.6,0,0.0,0,0.0,0.0,53282.15,53308.4,52877.05,53710.35,0,0.0,0.0,0.0,0.0,-0.01,-1,-1,-0.01,-1,-1,-0.01,-1,-1,-0.01,-1,-1,-0.01,-1,-1,-0.01,-1,-1,-0.01,-1,-1,-0.01,-1,-1,-0.01,-1,-1,-0.01,-1,-1
99926009,2026-05-18 09:47:45+05:30,52879.4,0,0.0,0,0.0,0.0,53282.15,53308.4,52877.05,53710.35,0,0.0,0.0,0.0,0.0,-0.01,-1,-1,-0.01,-1,-1,-0.01,-1,-1,-0.01,-1,-1,-0.01,-1,-1,-0.01,-1,-1,-0.01,-1,-1,-0.01,-1,-1,-0.01,-1,-1,-0.01,-1,-1
99926009,2026-05-18 09:47:46+05:30,52880.3,0,0.0,0,0.0,0.0,53282.15,53308.4,52877.05,53710.35,0,0.0,0.0,0.0,0.0,-0.01,-1,-1,-0.01,-1,-1,-0.01,-1,-1,-0.01,-1,-1,-0.01,-1,-1,-0.01,-1,-1,-0.01,-1,-1,-0.01,-1,-1,-0.01,-1,-1,-0.01,-1,-1
99926009,2026-05-18 09:47:46+05:30,52878.7,0,0.0,0,0.0,0.0,53282.15,53308.4,52877.05,53710.35,0,0.0,0.0,0.0,0.0,-0.01,-1,-1,-0.01,-1,-1,-0.01,-1,-1,-0.01,-1,-1,-0.01,-1,-1,-0.01,-1,-1,-0.01,-1,-1,-0.01,-1,-1,-0.01,-1,-1,-0.01,-1,-1
99926009,2026-05-18 09:47:47+05:30,52879.35,0,0.0,0,0.0,0.0,53282.15,53308.4,52877.05,53710.35,0,0.0,0.0,0.0,0.0,-0.01,-1,-1,-0.01,-1,-1,-0.01,-1,-1,-0.01,-1,-1,-0.01,-1,-1,-0.01,-1,-1,-0.01,-1,-1,-0.01,-1,-1,-0.01,-1,-1,-0.01,-1,-1
99926009,2026-05-18 09:47:47+05:30,52879.6,0,0.0,0,0.0,0.0,53282.15,53308.4,52875.7,53710.35,0,0.0,0.0,0.0,0.0,-0.01,-1,-1,-0.01,-1,-1,-0.01,-1,-1,-0.01,-1,-1,-0.01,-1,-1,-0.01,-1,-1,-0.01,-1,-1,-0.01,-1,-1,-0.01,-1,-1,-0.01,-1,-1
99926009,2026-05-18 09:47:48+05:30,52879.6,0,0.0,0,0.0,0.0,53282.15,53308.4,52875.7,53710.35,0,0.0,0.0,0.0,0.0,-0.01,-1,-1,-0.01,-1,-1,-0.01,-1,-1,-0.01,-1,-1,-0.01,-1,-1,-0.01,-1,-1,-0.01,-1,-1,-0.01,-1,-1,-0.01,-1,-1,-0.01,-1,-1
99926009,2026-05-18 09:47:48+05:30,52879.75,0,0.0,0,0.0,0.0,53282.15,53308.4,52875.7,53710.35,0,0.0,0.0,0.0,0.0,-0.01,-1,-1,-0.01,-1,-1,-0.01,-1,-1,-0.01,-1,-1,-0.01,-1,-1,-0.01,-1,-1,-0.01,-1,-1,-0.01,-1,-1,-0.01,-1,-1,-0.01,-1,-1
99926009,2026-05-18 09:47:49+05:30,52878.9,0,0.0,0,0.0,0.0,53282.15,53308.4,52874.3,53710.35,0,0.0,0.0,0.0,0.0,-0.01,-1,-1,-0.01,-1,-1,-0.01,-1,-1,-0.01,-1,-1,-0.01,-1,-1,-0.01,-1,-1,-0.01,-1,-1,-0.01,-1,-1,-0.01,-1,-1,-0.01,-1,-1
99926009,2026-05-18 09:47:49+05:30,52877.9,0,0.0,0,0.0,0.0,53282.15,53308.4,52874.3,53710.35,0,0.0,0.0,0.0,0.0,-0.01,-1,-1,-0.01,-1,-1,-0.01,-1,-1,-0.01,-1,-1,-0.01,-1,-1,-0.01,-1,-1,-0.01,-1,-1,-0.01,-1,-1,-0.01,-1,-1,-0.01,-1,-1
99926009,2026-05-18 09:47:50+05:30,52876.95,0,0.0,0,0.0,0.0,53282.15,53308.4,52874.3,53710.35,0,0.0,0.0,0.0,0.0,-0.01,-1,-1,-0.01,-1,-1,-0.01,-1,-1,-0.01,-1,-1,-0.01,-1,-1,-0.01,-1,-1,-0.01,-1,-1,-0.01,-1,-1,-0.01,-1,-1,-0.01,-1,-1
99926009,2026-05-18 09:47:50+05:30,52879.45,0,0.0,0,0.0,0.0,53282.15,53308.4,52874.3,53710.35,0,0.0,0.0,0.0,0.0,-0.01,-1,-1,-0.01,-1,-1,-0.01,-1,-1,-0.01,-1,-1,-0.01,-1,-1,-0.01,-1,-1,-0.01,-1,-1,-0.01,-1,-1,-0.01,-1,-1,-0.01,-1,-1
99926009,2026-05-18 09:47:51+05:30,52877.75,0,0.0,0,0.0,0.0,53282.15,53308.4,52874.3,53710.35,0,0.0,0.0,0.0,0.0,-0.01,-1,-1,-0.01,-1,-1,-0.01,-1,-1,-0.01,-1,-1,-0.01,-1,-1,-0.01,-1,-1,-0.01,-1,-1,-0.01,-1,-1,-0.01,-1,-1,-0.01,-1,-1
99926009,2026-05-18 09:47:51+05:30,52883.15,0,0.0,0,0.0,0.0,53282.15,53308.4,52874.3,53710.35,0,0.0,0.0,0.0,0.0,-0.01,-1,-1,-0.01,-1,-1,-0.01,-1,-1,-0.01,-1,-1,-0.01,-1,-1,-0.01,-1,-1,-0.01,-1,-1,-0.01,-1,-1,-0.01,-1,-1,-0.01,-1,-1
99926009,2026-05-18 09:47:52+05:30,52883.2,0,0.0,0,0.0,0.0,53282.15,53308.4,52874.3,53710.35,0,0.0,0.0,0.0,0.0,-0.01,-1,-1,-0.01,-1,-1,-0.01,-1,-1,-0.01,-1,-1,-0.01,-1,-1,-0.01,-1,-1,-0.01,-1,-1,-0.01,-1,-1,-0.01,-1,-1,-0.01,-1,-1
99926009,2026-05-18 09:47:52+05:30,52881.2,0,0.0,0,0.0,0.0,53282.15,53308.4,52874.3,53710.35,0,0.0,0.0,0.0,0.0,-0.01,-1,-1,-0.01,-1,-1,-0.01,-1,-1,-0.01,-1,-1,-0.01,-1,-1,-0.01,-1,-1,-0.01,-1,-1,-0.01,-1,-1,-0.01,-1,-1,-0.01,-1,-1
99926009,2026-05-18 09:47:53+05:30,52886.5,0,0.0,0,0.0,0.0,53282.15,53308.4,52874.3,53710.35,0,0.0,0.0,0.0,0.0,-0.01,-1,-1,-0.01,-1,-1,-0.01,-1,-1,-0.01,-1,-1,-0.01,-1,-1,-0.01,-1,-1,-0.01,-1,-1,-0.01,-1,-1,-0.01,-1,-1,-0.01,-1,-1
99926009,2026-05-18 09:47:53+05:30,52881.1,0,0.0,0,0.0,0.0,53282.15,53308.4,52874.3,53710.35,0,0.0,0.0,0.0,0.0,-0.01,-1,-1,-0.01,-1,-1,-0.01,-1,-1,-0.01,-1,-1,-0.01,-1,-1,-0.01,-1,-1,-0.01,-1,-1,-0.01,-1,-1,-0.01,-1,-1,-0.01,-1,-1
99926009,2026-05-18 09:47:54+05:30,52881.3,0,0.0,0,0.0,0.0,53282.15,53308.4,52874.3,53710.35,0,0.0,0.0,0.0,0.0,-0.01,-1,-1,-0.01,-1,-1,-0.01,-1,-1,-0.01,-1,-1,-0.01,-1,-1,-0.01,-1,-1,-0.01,-1,-1,-0.01,-1,-1,-0.01,-1,-1,-0.01,-1,-1
99926009,2026-05-18 09:47:54+05:30,52878.9,0,0.0,0,0.0,0.0,53282.15,53308.4,52874.3,53710.35,0,0.0,0.0,0.0,0.0,-0.01,-1,-1,-0.01,-1,-1,-0.01,-1,-1,-0.01,-1,-1,-0.01,-1,-1,-0.01,-1,-1,-0.01,-1,-1,-0.01,-1,-1,-0.01,-1,-1,-0.01,-1,-1
99926009,2026-05-18 09:47:55+05:30,52881.1,0,0.0,0,0.0,0.0,53282.15,53308.4,52874.3,53710.35,0,0.0,0.0,0.0,0.0,-0.01,-1,-1,-0.01,-1,-1,-0.01,-1,-1,-0.01,-1,-1,-0.01,-1,-1,-0.01,-1,-1,-0.01,-1,-1,-0.01,-1,-1,-0.01,-1,-1,-0.01,-1,-1
99926009,2026-05-18 09:47:55+05:30,52888.25,0,0.0,0,0.0,0.0,53282.15,53308.4,52874.3,53710.35,0,0.0,0.0,0.0,0.0,-0.01,-1,-1,-0.01,-1,-1,-0.01,-1,-1,-0.01,-1,-1,-0.01,-1,-1,-0.01,-1,-1,-0.01,-1,-1,-0.01,-1,-1,-0.01,-1,-1,-0.01,-1,-1
99926009,2026-05-18 09:47:56+05:30,52883.85,0,0.0,0,0.0,0.0,53282.15,53308.4,52874.3,53710.35,0,0.0,0.0,0.0,0.0,-0.01,-1,-1,-0.01,-1,-1,-0.01,-1,-1,-0.01,-1,-1,-0.01,-1,-1,-0.01,-1,-1,-0.01,-1,-1,-0.01,-1,-1,-0.01,-1,-1,-0.01,-1,-1
99926009,2026-05-18 09:47:56+05:30,52884.2,0,0.0,0,0.0,0.0,53282.15,53308.4,52874.3,53710.35,0,0.0,0.0,0.0,0.0,-0.01,-1,-1,-0.01,-1,-1,-0.01,-1,-1,-0.01,-1,-1,-0.01,-1,-1,-0.01,-1,-1,-0.01,-1,-1,-0.01,-1,-1,-0.01,-1,-1,-0.01,-1,-1
99926009,2026-05-18 09:47:57+05:30,52885.45,0,0.0,0,0.0,0.0,53282.15,53308.4,52874.3,53710.35,0,0.0,0.0,0.0,0.0,-0.01,-1,-1,-0.01,-1,-1,-0.01,-1,-1,-0.01,-1,-1,-0.01,-1,-1,-0.01,-1,-1,-0.01,-1,-1,-0.01,-1,-1,-0.01,-1,-1,-0.01,-1,-1
99926009,2026-05-18 09:47:57+05:30,52878.75,0,0.0,0,0.0,0.0,53282.15,53308.4,52874.3,53710.35,0,0.0,0.0,0.0,0.0,-0.01,-1,-1,-0.01,-1,-1,-0.01,-1,-1,-0.01,-1,-1,-0.01,-1,-1,-0.01,-1,-1,-0.01,-1,-1,-0.01,-1,-1,-0.01,-1,-1,-0.01,-1,-1
99926009,2026-05-18 09:47:58+05:30,52879.85,0,0.0,0,0.0,0.0,53282.15,53308.4,52874.3,53710.35,0,0.0,0.0,0.0,0.0,-0.01,-1,-1,-0.01,-1,-1,-0.01,-1,-1,-0.01,-1,-1,-0.01,-1,-1,-0.01,-1,-1,-0.01,-1,-1,-0.01,-1,-1,-0.01,-1,-1,-0.01,-1,-1
99926009,2026-05-18 09:47:58+05:30,52881.0,0,0.0,0,0.0,0.0,53282.15,53308.4,52874.3,53710.35,0,0.0,0.0,0.0,0.0,-0.01,-1,-1,-0.01,-1,-1,-0.01,-1,-1,-0.01,-1,-1,-0.01,-1,-1,-0.01,-1,-1,-0.01,-1,-1,-0.01,-1,-1,-0.01,-1,-1,-0.01,-1,-1
99926009,2026-05-18 09:47:59+05:30,52879.95,0,0.0,0,0.0,0.0,53282.15,53308.4,52874.3,53710.35,0,0.0,0.0,0.0,0.0,-0.01,-1,-1,-0.01,-1,-1,-0.01,-1,-1,-0.01,-1,-1,-0.01,-1,-1,-0.01,-1,-1,-0.01,-1,-1,-0.01,-1,-1,-0.01,-1,-1,-0.01,-1,-1
99926009,2026-05-18 09:47:59+05:30,52878.75,0,0.0,0,0.0,0.0,53282.15,53308.4,52874.3,53710.35,0,0.0,0.0,0.0,0.0,-0.01,-1,-1,-0.01,-1,-1,-0.01,-1,-1,-0.01,-1,-1,-0.01,-1,-1,-0.01,-1,-1,-0.01,-1,-1,-0.01,-1,-1,-0.01,-1,-1,-0.01,-1,-1
99926009,2026-05-18 09:48:00+05:30,52878.95,0,0.0,0,0.0,0.0,53282.15,53308.4,52874.3,53710.35,0,0.0,0.0,0.0,0.0,-0.01,-1,-1,-0.01,-1,-1,-0.01,-1,-1,-0.01,-1,-1,-0.01,-1,-1,-0.01,-1,-1,-0.01,-1,-1,-0.01,-1,-1,-0.01,-1,-1,-0.01,-1,-1
99926009,2026-05-18 09:48:00+05:30,52885.15,0,0.0,0,0.0,0.0,53282.15,53308.4,52874.3,53710.35,0,0.0,0.0,0.0,0.0,-0.01,-1,-1,-0.01,-1,-1,-0.01,-1,-1,-0.01,-1,-1,-0.01,-1,-1,-0.01,-1,-1,-0.01,-1,-1,-0.01,-1,-1,-0.01,-1,-1,-0.01,-1,-1
99926009,2026-05-18 09:48:01+05:30,52880.15,0,0.0,0,0.0,0.0,53282.15,53308.4,52874.3,53710.35,0,0.0,0.0,0.0,0.0,-0.01,-1,-1,-0.01,-1,-1,-0.01,-1,-1,-0.01,-1,-1,-0.01,-1,-1,-0.01,-1,-1,-0.01,-1,-1,-0.01,-1,-1,-0.01,-1,-1,-0.01,-1,-1
99926009,2026-05-18 09:48:01+05:30,52880.2,0,0.0,0,0.0,0.0,53282.15,53308.4,52874.3,53710.35,0,0.0,0.0,0.0,0.0,-0.01,-1,-1,-0.01,-1,-1,-0.01,-1,-1,-0.01,-1,-1,-0.01,-1,-1,-0.01,-1,-1,-0.01,-1,-1,-0.01,-1,-1,-0.01,-1,-1,-0.01,-1,-1
99926009,2026-05-18 09:48:02+05:30,52878.55,0,0.0,0,0.0,0.0,53282.15,53308.4,52874.3,53710.35,0,0.0,0.0,0.0,0.0,-0.01,-1,-1,-0.01,-1,-1,-0.01,-1,-1,-0.01,-1,-1,-0.01,-1,-1,-0.01,-1,-1,-0.01,-1,-1,-0.01,-1,-1,-0.01,-1,-1,-0.01,-1,-1
99926009,2026-05-18 09:48:02+05:30,52877.9,0,0.0,0,0.0,0.0,53282.15,53308.4,52874.3,53710.35,0,0.0,0.0,0.0,0.0,-0.01,-1,-1,-0.01,-1,-1,-0.01,-1,-1,-0.01,-1,-1,-0.01,-1,-1,-0.01,-1,-1,-0.01,-1,-1,-0.01,-1,-1,-0.01,-1,-1,-0.01,-1,-1
99926009,2026-05-18 09:48:03+05:30,52872.45,0,0.0,0,0.0,0.0,53282.15,53308.4,52871.8,53710.35,0,0.0,0.0,0.0,0.0,-0.01,-1,-1,-0.01,-1,-1,-0.01,-1,-1,-0.01,-1,-1,-0.01,-1,-1,-0.01,-1,-1,-0.01,-1,-1,-0.01,-1,-1,-0.01,-1,-1,-0.01,-1,-1
99926009,2026-05-18 09:48:03+05:30,52871.1,0,0.0,0,0.0,0.0,53282.15,53308.4,52871.1,53710.35,0,0.0,0.0,0.0,0.0,-0.01,-1,-1,-0.01,-1,-1,-0.01,-1,-1,-0.01,-1,-1,-0.01,-1,-1,-0.01,-1,-1,-0.01,-1,-1,-0.01,-1,-1,-0.01,-1,-1,-0.01,-1,-1
99926009,2026-05-18 09:48:04+05:30,52867.25,0,0.0,0,0.0,0.0,53282.15,53308.4,52866.85,53710.35,0,0.0,0.0,0.0,0.0,-0.01,-1,-1,-0.01,-1,-1,-0.01,-1,-1,-0.01,-1,-1,-0.01,-1,-1,-0.01,-1,-1,-0.01,-1,-1,-0.01,-1,-1,-0.01,-1,-1,-0.01,-1,-1
99926009,2026-05-18 09:48:04+05:30,52869.0,0,0.0,0,0.0,0.0,53282.15,53308.4,52865.25,53710.35,0,0.0,0.0,0.0,0.0,-0.01,-1,-1,-0.01,-1,-1,-0.01,-1,-1,-0.01,-1,-1,-0.01,-1,-1,-0.01,-1,-1,-0.01,-1,-1,-0.01,-1,-1,-0.01,-1,-1,-0.01,-1,-1
99926009,2026-05-18 09:48:05+05:30,52870.9,0,0.0,0,0.0,0.0,53282.15,53308.4,52865.25,53710.35,0,0.0,0.0,0.0,0.0,-0.01,-1,-1,-0.01,-1,-1,-0.01,-1,-1,-0.01,-1,-1,-0.01,-1,-1,-0.01,-1,-1,-0.01,-1,-1,-0.01,-1,-1,-0.01,-1,-1,-0.01,-1,-1
99926009,2026-05-18 09:48:05+05:30,52874.95,0,0.0,0,0.0,0.0,53282.15,53308.4,52865.25,53710.35,0,0.0,0.0,0.0,0.0,-0.01,-1,-1,-0.01,-1,-1,-0.01,-1,-1,-0.01,-1,-1,-0.01,-1,-1,-0.01,-1,-1,-0.01,-1,-1,-0.01,-1,-1,-0.01,-1,-1,-0.01,-1,-1
99926009,2026-05-18 09:48:06+05:30,52869.6,0,0.0,0,0.0,0.0,53282.15,53308.4,52865.25,53710.35,0,0.0,0.0,0.0,0.0,-0.01,-1,-1,-0.01,-1,-1,-0.01,-1,-1,-0.01,-1,-1,-0.01,-1,-1,-0.01,-1,-1,-0.01,-1,-1,-0.01,-1,-1,-0.01,-1,-1,-0.01,-1,-1
99926009,2026-05-18 09:48:06+05:30,52870.15,0,0.0,0,0.0,0.0,53282.15,53308.4,52865.25,53710.35,0,0.0,0.0,0.0,0.0,-0.01,-1,-1,-0.01,-1,-1,-0.01,-1,-1,-0.01,-1,-1,-0.01,-1,-1,-0.01,-1,-1,-0.01,-1,-1,-0.01,-1,-1,-0.01,-1,-1,-0.01,-1,-1
99926009,2026-05-18 09:48:07+05:30,52864.85,0,0.0,0,0.0,0.0,53282.15,53308.4,52864.85,53710.35,0,0.0,0.0,0.0,0.0,-0.01,-1,-1,-0.01,-1,-1,-0.01,-1,-1,-0.01,-1,-1,-0.01,-1,-1,-0.01,-1,-1,-0.01,-1,-1,-0.01,-1,-1,-0.01,-1,-1,-0.01,-1,-1
99926009,2026-05-18 09:48:07+05:30,52872.0,0,0.0,0,0.0,0.0,53282.15,53308.4,52864.85,53710.35,0,0.0,0.0,0.0,0.0,-0.01,-1,-1,-0.01,-1,-1,-0.01,-1,-1,-0.01,-1,-1,-0.01,-1,-1,-0.01,-1,-1,-0.01,-1,-1,-0.01,-1,-1,-0.01,-1,-1,-0.01,-1,-1
99926009,2026-05-18 09:48:08+05:30,52873.35,0,0.0,0,0.0,0.0,53282.15,53308.4,52864.85,53710.35,0,0.0,0.0,0.0,0.0,-0.01,-1,-1,-0.01,-1,-1,-0.01,-1,-1,-0.01,-1,-1,-0.01,-1,-1,-0.01,-1,-1,-0.01,-1,-1,-0.01,-1,-1,-0.01,-1,-1,-0.01,-1,-1
99926009,2026-05-18 09:48:08+05:30,52868.95,0,0.0,0,0.0,0.0,53282.15,53308.4,52864.85,53710.35,0,0.0,0.0,0.0,0.0,-0.01,-1,-1,-0.01,-1,-1,-0.01,-1,-1,-0.01,-1,-1,-0.01,-1,-1,-0.01,-1,-1,-0.01,-1,-1,-0.01,-1,-1,-0.01,-1,-1,-0.01,-1,-1
99926009,2026-05-18 09:48:09+05:30,52868.25,0,0.0,0,0.0,0.0,53282.15,53308.4,52864.85,53710.35,0,0.0,0.0,0.0,0.0,-0.01,-1,-1,-0.01,-1,-1,-0.01,-1,-1,-0.01,-1,-1,-0.01,-1,-1,-0.01,-1,-1,-0.01,-1,-1,-0.01,-1,-1,-0.01,-1,-1,-0.01,-1,-1
99926009,2026-05-18 09:48:09+05:30,52869.4,0,0.0,0,0.0,0.0,53282.15,53308.4,52864.85,53710.35,0,0.0,0.0,0.0,0.0,-0.01,-1,-1,-0.01,-1,-1,-0.01,-1,-1,-0.01,-1,-1,-0.01,-1,-1,-0.01,-1,-1,-0.01,-1,-1,-0.01,-1,-1,-0.01,-1,-1,-0.01,-1,-1
99926009,2026-05-18 09:48:10+05:30,52869.8,0,0.0,0,0.0,0.0,53282.15,53308.4,52864.85,53710.35,0,0.0,0.0,0.0,0.0,-0.01,-1,-1,-0.01,-1,-1,-0.01,-1,-1,-0.01,-1,-1,-0.01,-1,-1,-0.01,-1,-1,-0.01,-1,-1,-0.01,-1,-1,-0.01,-1,-1,-0.01,-1,-1
99926009,2026-05-18 09:48:10+05:30,52872.9,0,0.0,0,0.0,0.0,53282.15,53308.4,52864.85,53710.35,0,0.0,0.0,0.0,0.0,-0.01,-1,-1,-0.01,-1,-1,-0.01,-1,-1,-0.01,-1,-1,-0.01,-1,-1,-0.01,-1,-1,-0.01,-1,-1,-0.01,-1,-1,-0.01,-1,-1,-0.01,-1,-1
99926009,2026-05-18 09:48:11+05:30,52872.3,0,0.0,0,0.0,0.0,53282.15,53308.4,52864.85,53710.35,0,0.0,0.0,0.0,0.0,-0.01,-1,-1,-0.01,-1,-1,-0.01,-1,-1,-0.01,-1,-1,-0.01,-1,-1,-0.01,-1,-1,-0.01,-1,-1,-0.01,-1,-1,-0.01,-1,-1,-0.01,-1,-1
99926009,2026-05-18 09:48:11+05:30,52869.9,0,0.0,0,0.0,0.0,53282.15,53308.4,52864.85,53710.35,0,0.0,0.0,0.0,0.0,-0.01,-1,-1,-0.01,-1,-1,-0.01,-1,-1,-0.01,-1,-1,-0.01,-1,-1,-0.01,-1,-1,-0.01,-1,-1,-0.01,-1,-1,-0.01,-1,-1,-0.01,-1,-1
99926009,2026-05-18 09:48:12+05:30,52868.75,0,0.0,0,0.0,0.0,53282.15,53308.4,52864.85,53710.35,0,0.0,0.0,0.0,0.0,-0.01,-1,-1,-0.01,-1,-1,-0.01,-1,-1,-0.01,-1,-1,-0.01,-1,-1,-0.01,-1,-1,-0.01,-1,-1,-0.01,-1,-1,-0.01,-1,-1,-0.01,-1,-1
99926009,2026-05-18 09:48:12+05:30,52869.4,0,0.0,0,0.0,0.0,53282.15,53308.4,52864.85,53710.35,0,0.0,0.0,0.0,0.0,-0.01,-1,-1,-0.01,-1,-1,-0.01,-1,-1,-0.01,-1,-1,-0.01,-1,-1,-0.01,-1,-1,-0.01,-1,-1,-0.01,-1,-1,-0.01,-1,-1,-0.01,-1,-1
99926009,2026-05-18 09:48:13+05:30,52867.6,0,0.0,0,0.0,0.0,53282.15,53308.4,52864.85,53710.35,0,0.0,0.0,0.0,0.0,-0.01,-1,-1,-0.01,-1,-1,-0.01,-1,-1,-0.01,-1,-1,-0.01,-1,-1,-0.01,-1,-1,-0.01,-1,-1,-0.01,-1,-1,-0.01,-1,-1,-0.01,-1,-1
99926009,2026-05-18 09:48:13+05:30,52865.05,0,0.0,0,0.0,0.0,53282.15,53308.4,52864.55,53710.35,0,0.0,0.0,0.0,0.0,-0.01,-1,-1,-0.01,-1,-1,-0.01,-1,-1,-0.01,-1,-1,-0.01,-1,-1,-0.01,-1,-1,-0.01,-1,-1,-0.01,-1,-1,-0.01,-1,-1,-0.01,-1,-1
99926009,2026-05-18 09:48:14+05:30,52867.65,0,0.0,0,0.0,0.0,53282.15,53308.4,52864.55,53710.35,0,0.0,0.0,0.0,0.0,-0.01,-1,-1,-0.01,-1,-1,-0.01,-1,-1,-0.01,-1,-1,-0.01,-1,-1,-0.01,-1,-1,-0.01,-1,-1,-0.01,-1,-1,-0.01,-1,-1,-0.01,-1,-1
99926009,2026-05-18 09:48:14+05:30,52867.75,0,0.0,0,0.0,0.0,53282.15,53308.4,52864.55,53710.35,0,0.0,0.0,0.0,0.0,-0.01,-1,-1,-0.01,-1,-1,-0.01,-1,-1,-0.01,-1,-1,-0.01,-1,-1,-0.01,-1,-1,-0.01,-1,-1,-0.01,-1,-1,-0.01,-1,-1,-0.01,-1,-1
99926009,2026-05-18 09:48:15+05:30,52862.5,0,0.0,0,0.0,0.0,53282.15,53308.4,52861.9,53710.35,0,0.0,0.0,0.0,0.0,-0.01,-1,-1,-0.01,-1,-1,-0.01,-1,-1,-0.01,-1,-1,-0.01,-1,-1,-0.01,-1,-1,-0.01,-1,-1,-0.01,-1,-1,-0.01,-1,-1,-0.01,-1,-1
99926009,2026-05-18 09:48:15+05:30,52867.6,0,0.0,0,0.0,0.0,53282.15,53308.4,52861.3,53710.35,0,0.0,0.0,0.0,0.0,-0.01,-1,-1,-0.01,-1,-1,-0.01,-1,-1,-0.01,-1,-1,-0.01,-1,-1,-0.01,-1,-1,-0.01,-1,-1,-0.01,-1,-1,-0.01,-1,-1,-0.01,-1,-1
99926009,2026-05-18 09:48:16+05:30,52867.65,0,0.0,0,0.0,0.0,53282.15,53308.4,52861.3,53710.35,0,0.0,0.0,0.0,0.0,-0.01,-1,-1,-0.01,-1,-1,-0.01,-1,-1,-0.01,-1,-1,-0.01,-1,-1,-0.01,-1,-1,-0.01,-1,-1,-0.01,-1,-1,-0.01,-1,-1,-0.01,-1,-1
99926009,2026-05-18 09:48:16+05:30,52867.1,0,0.0,0,0.0,0.0,53282.15,53308.4,52861.3,53710.35,0,0.0,0.0,0.0,0.0,-0.01,-1,-1,-0.01,-1,-1,-0.01,-1,-1,-0.01,-1,-1,-0.01,-1,-1,-0.01,-1,-1,-0.01,-1,-1,-0.01,-1,-1,-0.01,-1,-1,-0.01,-1,-1
99926009,2026-05-18 09:48:17+05:30,52867.35,0,0.0,0,0.0,0.0,53282.15,53308.4,52861.3,53710.35,0,0.0,0.0,0.0,0.0,-0.01,-1,-1,-0.01,-1,-1,-0.01,-1,-1,-0.01,-1,-1,-0.01,-1,-1,-0.01,-1,-1,-0.01,-1,-1,-0.01,-1,-1,-0.01,-1,-1,-0.01,-1,-1
99926009,2026-05-18 09:48:17+05:30,52860.05,0,0.0,0,0.0,0.0,53282.15,53308.4,52860.05,53710.35,0,0.0,0.0,0.0,0.0,-0.01,-1,-1,-0.01,-1,-1,-0.01,-1,-1,-0.01,-1,-1,-0.01,-1,-1,-0.01,-1,-1,-0.01,-1,-1,-0.01,-1,-1,-0.01,-1,-1,-0.01,-1,-1
99926009,2026-05-18 09:48:18+05:30,52865.0,0,0.0,0,0.0,0.0,53282.15,53308.4,52860.05,53710.35,0,0.0,0.0,0.0,0.0,-0.01,-1,-1,-0.01,-1,-1,-0.01,-1,-1,-0.01,-1,-1,-0.01,-1,-1,-0.01,-1,-1,-0.01,-1,-1,-0.01,-1,-1,-0.01,-1,-1,-0.01,-1,-1
99926009,2026-05-18 09:48:18+05:30,52862.25,0,0.0,0,0.0,0.0,53282.15,53308.4,52860.05,53710.35,0,0.0,0.0,0.0,0.0,-0.01,-1,-1,-0.01,-1,-1,-0.01,-1,-1,-0.01,-1,-1,-0.01,-1,-1,-0.01,-1,-1,-0.01,-1,-1,-0.01,-1,-1,-0.01,-1,-1,-0.01,-1,-1
99926009,2026-05-18 09:48:19+05:30,52861.55,0,0.0,0,0.0,0.0,53282.15,53308.4,52860.05,53710.35,0,0.0,0.0,0.0,0.0,-0.01,-1,-1,-0.01,-1,-1,-0.01,-1,-1,-0.01,-1,-1,-0.01,-1,-1,-0.01,-1,-1,-0.01,-1,-1,-0.01,-1,-1,-0.01,-1,-1,-0.01,-1,-1
99926009,2026-05-18 09:48:19+05:30,52861.85,0,0.0,0,0.0,0.0,53282.15,53308.4,52859.85,53710.35,0,0.0,0.0,0.0,0.0,-0.01,-1,-1,-0.01,-1,-1,-0.01,-1,-1,-0.01,-1,-1,-0.01,-1,-1,-0.01,-1,-1,-0.01,-1,-1,-0.01,-1,-1,-0.01,-1,-1,-0.01,-1,-1
99926009,2026-05-18 09:48:20+05:30,52864.55,0,0.0,0,0.0,0.0,53282.15,53308.4,52859.85,53710.35,0,0.0,0.0,0.0,0.0,-0.01,-1,-1,-0.01,-1,-1,-0.01,-1,-1,-0.01,-1,-1,-0.01,-1,-1,-0.01,-1,-1,-0.01,-1,-1,-0.01,-1,-1,-0.01,-1,-1,-0.01,-1,-1
99926009,2026-05-18 09:48:20+05:30,52864.2,0,0.0,0,0.0,0.0,53282.15,53308.4,52859.85,53710.35,0,0.0,0.0,0.0,0.0,-0.01,-1,-1,-0.01,-1,-1,-0.01,-1,-1,-0.01,-1,-1,-0.01,-1,-1,-0.01,-1,-1,-0.01,-1,-1,-0.01,-1,-1,-0.01,-1,-1,-0.01,-1,-1
99926009,2026-05-18 09:48:21+05:30,52863.7,0,0.0,0,0.0,0.0,53282.15,53308.4,52859.85,53710.35,0,0.0,0.0,0.0,0.0,-0.01,-1,-1,-0.01,-1,-1,-0.01,-1,-1,-0.01,-1,-1,-0.01,-1,-1,-0.01,-1,-1,-0.01,-1,-1,-0.01,-1,-1,-0.01,-1,-1,-0.01,-1,-1
99926009,2026-05-18 09:48:21+05:30,52866.35,0,0.0,0,0.0,0.0,53282.15,53308.4,52859.85,53710.35,0,0.0,0.0,0.0,0.0,-0.01,-1,-1,-0.01,-1,-1,-0.01,-1,-1,-0.01,-1,-1,-0.01,-1,-1,-0.01,-1,-1,-0.01,-1,-1,-0.01,-1,-1,-0.01,-1,-1,-0.01,-1,-1
99926009,2026-05-18 09:48:22+05:30,52863.4,0,0.0,0,0.0,0.0,53282.15,53308.4,52859.85,53710.35,0,0.0,0.0,0.0,0.0,-0.01,-1,-1,-0.01,-1,-1,-0.01,-1,-1,-0.01,-1,-1,-0.01,-1,-1,-0.01,-1,-1,-0.01,-1,-1,-0.01,-1,-1,-0.01,-1,-1,-0.01,-1,-1
99926009,2026-05-18 09:48:22+05:30,52863.75,0,0.0,0,0.0,0.0,53282.15,53308.4,52859.85,53710.35,0,0.0,0.0,0.0,0.0,-0.01,-1,-1,-0.01,-1,-1,-0.01,-1,-1,-0.01,-1,-1,-0.01,-1,-1,-0.01,-1,-1,-0.01,-1,-1,-0.01,-1,-1,-0.01,-1,-1,-0.01,-1,-1
99926009,2026-05-18 09:48:23+05:30,52861.2,0,0.0,0,0.0,0.0,53282.15,53308.4,52859.85,53710.35,0,0.0,0.0,0.0,0.0,-0.01,-1,-1,-0.01,-1,-1,-0.01,-1,-1,-0.01,-1,-1,-0.01,-1,-1,-0.01,-1,-1,-0.01,-1,-1,-0.01,-1,-1,-0.01,-1,-1,-0.01,-1,-1
99926009,2026-05-18 09:48:23+05:30,52862.7,0,0.0,0,0.0,0.0,53282.15,53308.4,52859.85,53710.35,0,0.0,0.0,0.0,0.0,-0.01,-1,-1,-0.01,-1,-1,-0.01,-1,-1,-0.01,-1,-1,-0.01,-1,-1,-0.01,-1,-1,-0.01,-1,-1,-0.01,-1,-1,-0.01,-1,-1,-0.01,-1,-1
99926009,2026-05-18 09:48:24+05:30,52858.0,0,0.0,0,0.0,0.0,53282.15,53308.4,52858.0,53710.35,0,0.0,0.0,0.0,0.0,-0.01,-1,-1,-0.01,-1,-1,-0.01,-1,-1,-0.01,-1,-1,-0.01,-1,-1,-0.01,-1,-1,-0.01,-1,-1,-0.01,-1,-1,-0.01,-1,-1,-0.01,-1,-1
99926009,2026-05-18 09:48:24+05:30,52856.25,0,0.0,0,0.0,0.0,53282.15,53308.4,52855.45,53710.35,0,0.0,0.0,0.0,0.0,-0.01,-1,-1,-0.01,-1,-1,-0.01,-1,-1,-0.01,-1,-1,-0.01,-1,-1,-0.01,-1,-1,-0.01,-1,-1,-0.01,-1,-1,-0.01,-1,-1,-0.01,-1,-1
99926009,2026-05-18 09:48:25+05:30,52856.85,0,0.0,0,0.0,0.0,53282.15,53308.4,52855.25,53710.35,0,0.0,0.0,0.0,0.0,-0.01,-1,-1,-0.01,-1,-1,-0.01,-1,-1,-0.01,-1,-1,-0.01,-1,-1,-0.01,-1,-1,-0.01,-1,-1,-0.01,-1,-1,-0.01,-1,-1,-0.01,-1,-1
99926009,2026-05-18 09:48:25+05:30,52858.6,0,0.0,0,0.0,0.0,53282.15,53308.4,52855.25,53710.35,0,0.0,0.0,0.0,0.0,-0.01,-1,-1,-0.01,-1,-1,-0.01,-1,-1,-0.01,-1,-1,-0.01,-1,-1,-0.01,-1,-1,-0.01,-1,-1,-0.01,-1,-1,-0.01,-1,-1,-0.01,-1,-1
99926009,2026-05-18 09:48:26+05:30,52853.5,0,0.0,0,0.0,0.0,53282.15,53308.4,52853.5,53710.35,0,0.0,0.0,0.0,0.0,-0.01,-1,-1,-0.01,-1,-1,-0.01,-1,-1,-0.01,-1,-1,-0.01,-1,-1,-0.01,-1,-1,-0.01,-1,-1,-0.01,-1,-1,-0.01,-1,-1,-0.01,-1,-1
99926009,2026-05-18 09:48:26+05:30,52858.3,0,0.0,0,0.0,0.0,53282.15,53308.4,52852.55,53710.35,0,0.0,0.0,0.0,0.0,-0.01,-1,-1,-0.01,-1,-1,-0.01,-1,-1,-0.01,-1,-1,-0.01,-1,-1,-0.01,-1,-1,-0.01,-1,-1,-0.01,-1,-1,-0.01,-1,-1,-0.01,-1,-1
99926009,2026-05-18 09:48:27+05:30,52857.45,0,0.0,0,0.0,0.0,53282.15,53308.4,52852.35,53710.35,0,0.0,0.0,0.0,0.0,-0.01,-1,-1,-0.01,-1,-1,-0.01,-1,-1,-0.01,-1,-1,-0.01,-1,-1,-0.01,-1,-1,-0.01,-1,-1,-0.01,-1,-1,-0.01,-1,-1,-0.01,-1,-1
99926009,2026-05-18 09:48:27+05:30,52856.75,0,0.0,0,0.0,0.0,53282.15,53308.4,52852.35,53710.35,0,0.0,0.0,0.0,0.0,-0.01,-1,-1,-0.01,-1,-1,-0.01,-1,-1,-0.01,-1,-1,-0.01,-1,-1,-0.01,-1,-1,-0.01,-1,-1,-0.01,-1,-1,-0.01,-1,-1,-0.01,-1,-1
99926009,2026-05-18 09:48:28+05:30,52854.7,0,0.0,0,0.0,0.0,53282.15,53308.4,52852.35,53710.35,0,0.0,0.0,0.0,0.0,-0.01,-1,-1,-0.01,-1,-1,-0.01,-1,-1,-0.01,-1,-1,-0.01,-1,-1,-0.01,-1,-1,-0.01,-1,-1,-0.01,-1,-1,-0.01,-1,-1,-0.01,-1,-1
99926009,2026-05-18 09:48:28+05:30,52856.55,0,0.0,0,0.0,0.0,53282.15,53308.4,52852.35,53710.35,0,0.0,0.0,0.0,0.0,-0.01,-1,-1,-0.01,-1,-1,-0.01,-1,-1,-0.01,-1,-1,-0.01,-1,-1,-0.01,-1,-1,-0.01,-1,-1,-0.01,-1,-1,-0.01,-1,-1,-0.01,-1,-1
99926009,2026-05-18 09:48:29+05:30,52853.05,0,0.0,0,0.0,0.0,53282.15,53308.4,52852.35,53710.35,0,0.0,0.0,0.0,0.0,-0.01,-1,-1,-0.01,-1,-1,-0.01,-1,-1,-0.01,-1,-1,-0.01,-1,-1,-0.01,-1,-1,-0.01,-1,-1,-0.01,-1,-1,-0.01,-1,-1,-0.01,-1,-1
99926009,2026-05-18 09:48:29+05:30,52851.85,0,0.0,0,0.0,0.0,53282.15,53308.4,52851.65,53710.35,0,0.0,0.0,0.0,0.0,-0.01,-1,-1,-0.01,-1,-1,-0.01,-1,-1,-0.01,-1,-1,-0.01,-1,-1,-0.01,-1,-1,-0.01,-1,-1,-0.01,-1,-1,-0.01,-1,-1,-0.01,-1,-1
99926009,2026-05-18 09:48:30+05:30,52849.75,0,0.0,0,0.0,0.0,53282.15,53308.4,52849.35,53710.35,0,0.0,0.0,0.0,0.0,-0.01,-1,-1,-0.01,-1,-1,-0.01,-1,-1,-0.01,-1,-1,-0.01,-1,-1,-0.01,-1,-1,-0.01,-1,-1,-0.01,-1,-1,-0.01,-1,-1,-0.01,-1,-1
99926009,2026-05-18 09:48:30+05:30,52853.35,0,0.0,0,0.0,0.0,53282.15,53308.4,52849.35,53710.35,0,0.0,0.0,0.0,0.0,-0.01,-1,-1,-0.01,-1,-1,-0.01,-1,-1,-0.01,-1,-1,-0.01,-1,-1,-0.01,-1,-1,-0.01,-1,-1,-0.01,-1,-1,-0.01,-1,-1,-0.01,-1,-1
99926009,2026-05-18 09:48:31+05:30,52853.1,0,0.0,0,0.0,0.0,53282.15,53308.4,52849.35,53710.35,0,0.0,0.0,0.0,0.0,-0.01,-1,-1,-0.01,-1,-1,-0.01,-1,-1,-0.01,-1,-1,-0.01,-1,-1,-0.01,-1,-1,-0.01,-1,-1,-0.01,-1,-1,-0.01,-1,-1,-0.01,-1,-1
99926009,2026-05-18 09:48:31+05:30,52854.6,0,0.0,0,0.0,0.0,53282.15,53308.4,52849.35,53710.35,0,0.0,0.0,0.0,0.0,-0.01,-1,-1,-0.01,-1,-1,-0.01,-1,-1,-0.01,-1,-1,-0.01,-1,-1,-0.01,-1,-1,-0.01,-1,-1,-0.01,-1,-1,-0.01,-1,-1,-0.01,-1,-1
99926009,2026-05-18 09:48:32+05:30,52854.05,0,0.0,0,0.0,0.0,53282.15,53308.4,52849.35,53710.35,0,0.0,0.0,0.0,0.0,-0.01,-1,-1,-0.01,-1,-1,-0.01,-1,-1,-0.01,-1,-1,-0.01,-1,-1,-0.01,-1,-1,-0.01,-1,-1,-0.01,-1,-1,-0.01,-1,-1,-0.01,-1,-1
99926009,2026-05-18 09:48:32+05:30,52853.0,0,0.0,0,0.0,0.0,53282.15,53308.4,52849.35,53710.35,0,0.0,0.0,0.0,0.0,-0.01,-1,-1,-0.01,-1,-1,-0.01,-1,-1,-0.01,-1,-1,-0.01,-1,-1,-0.01,-1,-1,-0.01,-1,-1,-0.01,-1,-1,-0.01,-1,-1,-0.01,-1,-1
99926009,2026-05-18 09:48:33+05:30,52851.55,0,0.0,0,0.0,0.0,53282.15,53308.4,52849.35,53710.35,0,0.0,0.0,0.0,0.0,-0.01,-1,-1,-0.01,-1,-1,-0.01,-1,-1,-0.01,-1,-1,-0.01,-1,-1,-0.01,-1,-1,-0.01,-1,-1,-0.01,-1,-1,-0.01,-1,-1,-0.01,-1,-1
99926009,2026-05-18 09:48:33+05:30,52852.35,0,0.0,0,0.0,0.0,53282.15,53308.4,52849.35,53710.35,0,0.0,0.0,0.0,0.0,-0.01,-1,-1,-0.01,-1,-1,-0.01,-1,-1,-0.01,-1,-1,-0.01,-1,-1,-0.01,-1,-1,-0.01,-1,-1,-0.01,-1,-1,-0.01,-1,-1,-0.01,-1,-1
99926009,2026-05-18 09:48:34+05:30,52851.85,0,0.0,0,0.0,0.0,53282.15,53308.4,52849.35,53710.35,0,0.0,0.0,0.0,0.0,-0.01,-1,-1,-0.01,-1,-1,-0.01,-1,-1,-0.01,-1,-1,-0.01,-1,-1,-0.01,-1,-1,-0.01,-1,-1,-0.01,-1,-1,-0.01,-1,-1,-0.01,-1,-1
99926009,2026-05-18 09:48:34+05:30,52851.35,0,0.0,0,0.0,0.0,53282.15,53308.4,52849.35,53710.35,0,0.0,0.0,0.0,0.0,-0.01,-1,-1,-0.01,-1,-1,-0.01,-1,-1,-0.01,-1,-1,-0.01,-1,-1,-0.01,-1,-1,-0.01,-1,-1,-0.01,-1,-1,-0.01,-1,-1,-0.01,-1,-1
99926009,2026-05-18 09:48:35+05:30,52850.35,0,0.0,0,0.0,0.0,53282.15,53308.4,52849.35,53710.35,0,0.0,0.0,0.0,0.0,-0.01,-1,-1,-0.01,-1,-1,-0.01,-1,-1,-0.01,-1,-1,-0.01,-1,-1,-0.01,-1,-1,-0.01,-1,-1,-0.01,-1,-1,-0.01,-1,-1,-0.01,-1,-1
99926009,2026-05-18 09:48:35+05:30,52852.9,0,0.0,0,0.0,0.0,53282.15,53308.4,52849.35,53710.35,0,0.0,0.0,0.0,0.0,-0.01,-1,-1,-0.01,-1,-1,-0.01,-1,-1,-0.01,-1,-1,-0.01,-1,-1,-0.01,-1,-1,-0.01,-1,-1,-0.01,-1,-1,-0.01,-1,-1,-0.01,-1,-1
99926009,2026-05-18 09:48:36+05:30,52852.55,0,0.0,0,0.0,0.0,53282.15,53308.4,52849.35,53710.35,0,0.0,0.0,0.0,0.0,-0.01,-1,-1,-0.01,-1,-1,-0.01,-1,-1,-0.01,-1,-1,-0.01,-1,-1,-0.01,-1,-1,-0.01,-1,-1,-0.01,-1,-1,-0.01,-1,-1,-0.01,-1,-1
99926009,2026-05-18 09:48:36+05:30,52853.8,0,0.0,0,0.0,0.0,53282.15,53308.4,52849.35,53710.35,0,0.0,0.0,0.0,0.0,-0.01,-1,-1,-0.01,-1,-1,-0.01,-1,-1,-0.01,-1,-1,-0.01,-1,-1,-0.01,-1,-1,-0.01,-1,-1,-0.01,-1,-1,-0.01,-1,-1,-0.01,-1,-1
99926009,2026-05-18 09:48:37+05:30,52852.85,0,0.0,0,0.0,0.0,53282.15,53308.4,52849.35,53710.35,0,0.0,0.0,0.0,0.0,-0.01,-1,-1,-0.01,-1,-1,-0.01,-1,-1,-0.01,-1,-1,-0.01,-1,-1,-0.01,-1,-1,-0.01,-1,-1,-0.01,-1,-1,-0.01,-1,-1,-0.01,-1,-1
99926009,2026-05-18 09:48:37+05:30,52851.35,0,0.0,0,0.0,0.0,53282.15,53308.4,52849.35,53710.35,0,0.0,0.0,0.0,0.0,-0.01,-1,-1,-0.01,-1,-1,-0.01,-1,-1,-0.01,-1,-1,-0.01,-1,-1,-0.01,-1,-1,-0.01,-1,-1,-0.01,-1,-1,-0.01,-1,-1,-0.01,-1,-1
99926009,2026-05-18 09:48:38+05:30,52852.35,0,0.0,0,0.0,0.0,53282.15,53308.4,52849.35,53710.35,0,0.0,0.0,0.0,0.0,-0.01,-1,-1,-0.01,-1,-1,-0.01,-1,-1,-0.01,-1,-1,-0.01,-1,-1,-0.01,-1,-1,-0.01,-1,-1,-0.01,-1,-1,-0.01,-1,-1,-0.01,-1,-1
99926009,2026-05-18 09:48:38+05:30,52851.1,0,0.0,0,0.0,0.0,53282.15,53308.4,52849.35,53710.35,0,0.0,0.0,0.0,0.0,-0.01,-1,-1,-0.01,-1,-1,-0.01,-1,-1,-0.01,-1,-1,-0.01,-1,-1,-0.01,-1,-1,-0.01,-1,-1,-0.01,-1,-1,-0.01,-1,-1,-0.01,-1,-1
99926009,2026-05-18 09:48:39+05:30,52850.8,0,0.0,0,0.0,0.0,53282.15,53308.4,52849.35,53710.35,0,0.0,0.0,0.0,0.0,-0.01,-1,-1,-0.01,-1,-1,-0.01,-1,-1,-0.01,-1,-1,-0.01,-1,-1,-0.01,-1,-1,-0.01,-1,-1,-0.01,-1,-1,-0.01,-1,-1,-0.01,-1,-1
99926009,2026-05-18 09:48:39+05:30,52848.45,0,0.0,0,0.0,0.0,53282.15,53308.4,52847.8,53710.35,0,0.0,0.0,0.0,0.0,-0.01,-1,-1,-0.01,-1,-1,-0.01,-1,-1,-0.01,-1,-1,-0.01,-1,-1,-0.01,-1,-1,-0.01,-1,-1,-0.01,-1,-1,-0.01,-1,-1,-0.01,-1,-1
99926009,2026-05-18 09:48:40+05:30,52848.8,0,0.0,0,0.0,0.0,53282.15,53308.4,52847.45,53710.35,0,0.0,0.0,0.0,0.0,-0.01,-1,-1,-0.01,-1,-1,-0.01,-1,-1,-0.01,-1,-1,-0.01,-1,-1,-0.01,-1,-1,-0.01,-1,-1,-0.01,-1,-1,-0.01,-1,-1,-0.01,-1,-1
99926009,2026-05-18 09:48:40+05:30,52847.5,0,0.0,0,0.0,0.0,53282.15,53308.4,52847.05,53710.35,0,0.0,0.0,0.0,0.0,-0.01,-1,-1,-0.01,-1,-1,-0.01,-1,-1,-0.01,-1,-1,-0.01,-1,-1,-0.01,-1,-1,-0.01,-1,-1,-0.01,-1,-1,-0.01,-1,-1,-0.01,-1,-1
99926009,2026-05-18 09:48:41+05:30,52846.8,0,0.0,0,0.0,0.0,53282.15,53308.4,52846.45,53710.35,0,0.0,0.0,0.0,0.0,-0.01,-1,-1,-0.01,-1,-1,-0.01,-1,-1,-0.01,-1,-1,-0.01,-1,-1,-0.01,-1,-1,-0.01,-1,-1,-0.01,-1,-1,-0.01,-1,-1,-0.01,-1,-1
99926009,2026-05-18 09:48:41+05:30,52850.25,0,0.0,0,0.0,0.0,53282.15,53308.4,52846.0,53710.35,0,0.0,0.0,0.0,0.0,-0.01,-1,-1,-0.01,-1,-1,-0.01,-1,-1,-0.01,-1,-1,-0.01,-1,-1,-0.01,-1,-1,-0.01,-1,-1,-0.01,-1,-1,-0.01,-1,-1,-0.01,-1,-1
99926009,2026-05-18 09:48:42+05:30,52851.25,0,0.0,0,0.0,0.0,53282.15,53308.4,52846.0,53710.35,0,0.0,0.0,0.0,0.0,-0.01,-1,-1,-0.01,-1,-1,-0.01,-1,-1,-0.01,-1,-1,-0.01,-1,-1,-0.01,-1,-1,-0.01,-1,-1,-0.01,-1,-1,-0.01,-1,-1,-0.01,-1,-1
99926009,2026-05-18 09:48:42+05:30,52848.85,0,0.0,0,0.0,0.0,53282.15,53308.4,52846.0,53710.35,0,0.0,0.0,0.0,0.0,-0.01,-1,-1,-0.01,-1,-1,-0.01,-1,-1,-0.01,-1,-1,-0.01,-1,-1,-0.01,-1,-1,-0.01,-1,-1,-0.01,-1,-1,-0.01,-1,-1,-0.01,-1,-1
99926009,2026-05-18 09:48:43+05:30,52847.85,0,0.0,0,0.0,0.0,53282.15,53308.4,52846.0,53710.35,0,0.0,0.0,0.0,0.0,-0.01,-1,-1,-0.01,-1,-1,-0.01,-1,-1,-0.01,-1,-1,-0.01,-1,-1,-0.01,-1,-1,-0.01,-1,-1,-0.01,-1,-1,-0.01,-1,-1,-0.01,-1,-1
99926009,2026-05-18 09:48:43+05:30,52849.15,0,0.0,0,0.0,0.0,53282.15,53308.4,52846.0,53710.35,0,0.0,0.0,0.0,0.0,-0.01,-1,-1,-0.01,-1,-1,-0.01,-1,-1,-0.01,-1,-1,-0.01,-1,-1,-0.01,-1,-1,-0.01,-1,-1,-0.01,-1,-1,-0.01,-1,-1,-0.01,-1,-1
99926009,2026-05-18 09:48:44+05:30,52847.25,0,0.0,0,0.0,0.0,53282.15,53308.4,52846.0,53710.35,0,0.0,0.0,0.0,0.0,-0.01,-1,-1,-0.01,-1,-1,-0.01,-1,-1,-0.01,-1,-1,-0.01,-1,-1,-0.01,-1,-1,-0.01,-1,-1,-0.01,-1,-1,-0.01,-1,-1,-0.01,-1,-1
99926009,2026-05-18 09:48:44+05:30,52848.4,0,0.0,0,0.0,0.0,53282.15,53308.4,52846.0,53710.35,0,0.0,0.0,0.0,0.0,-0.01,-1,-1,-0.01,-1,-1,-0.01,-1,-1,-0.01,-1,-1,-0.01,-1,-1,-0.01,-1,-1,-0.01,-1,-1,-0.01,-1,-1,-0.01,-1,-1,-0.01,-1,-1
99926009,2026-05-18 09:48:45+05:30,52840.15,0,0.0,0,0.0,0.0,53282.15,53308.4,52837.5,53710.35,0,0.0,0.0,0.0,0.0,-0.01,-1,-1,-0.01,-1,-1,-0.01,-1,-1,-0.01,-1,-1,-0.01,-1,-1,-0.01,-1,-1,-0.01,-1,-1,-0.01,-1,-1,-0.01,-1,-1,-0.01,-1,-1
99926009,2026-05-18 09:48:45+05:30,52838.05,0,0.0,0,0.0,0.0,53282.15,53308.4,52835.05,53710.35,0,0.0,0.0,0.0,0.0,-0.01,-1,-1,-0.01,-1,-1,-0.01,-1,-1,-0.01,-1,-1,-0.01,-1,-1,-0.01,-1,-1,-0.01,-1,-1,-0.01,-1,-1,-0.01,-1,-1,-0.01,-1,-1
99926009,2026-05-18 09:48:46+05:30,52839.8,0,0.0,0,0.0,0.0,53282.15,53308.4,52835.05,53710.35,0,0.0,0.0,0.0,0.0,-0.01,-1,-1,-0.01,-1,-1,-0.01,-1,-1,-0.01,-1,-1,-0.01,-1,-1,-0.01,-1,-1,-0.01,-1,-1,-0.01,-1,-1,-0.01,-1,-1,-0.01,-1,-1
99926009,2026-05-18 09:48:46+05:30,52837.75,0,0.0,0,0.0,0.0,53282.15,53308.4,52834.9,53710.35,0,0.0,0.0,0.0,0.0,-0.01,-1,-1,-0.01,-1,-1,-0.01,-1,-1,-0.01,-1,-1,-0.01,-1,-1,-0.01,-1,-1,-0.01,-1,-1,-0.01,-1,-1,-0.01,-1,-1,-0.01,-1,-1
99926009,2026-05-18 09:48:47+05:30,52838.75,0,0.0,0,0.0,0.0,53282.15,53308.4,52834.8,53710.35,0,0.0,0.0,0.0,0.0,-0.01,-1,-1,-0.01,-1,-1,-0.01,-1,-1,-0.01,-1,-1,-0.01,-1,-1,-0.01,-1,-1,-0.01,-1,-1,-0.01,-1,-1,-0.01,-1,-1,-0.01,-1,-1
99926009,2026-05-18 09:48:47+05:30,52841.2,0,0.0,0,0.0,0.0,53282.15,53308.4,52834.8,53710.35,0,0.0,0.0,0.0,0.0,-0.01,-1,-1,-0.01,-1,-1,-0.01,-1,-1,-0.01,-1,-1,-0.01,-1,-1,-0.01,-1,-1,-0.01,-1,-1,-0.01,-1,-1,-0.01,-1,-1,-0.01,-1,-1
99926009,2026-05-18 09:48:48+05:30,52843.35,0,0.0,0,0.0,0.0,53282.15,53308.4,52834.8,53710.35,0,0.0,0.0,0.0,0.0,-0.01,-1,-1,-0.01,-1,-1,-0.01,-1,-1,-0.01,-1,-1,-0.01,-1,-1,-0.01,-1,-1,-0.01,-1,-1,-0.01,-1,-1,-0.01,-1,-1,-0.01,-1,-1
99926009,2026-05-18 09:48:48+05:30,52841.35,0,0.0,0,0.0,0.0,53282.15,53308.4,52834.8,53710.35,0,0.0,0.0,0.0,0.0,-0.01,-1,-1,-0.01,-1,-1,-0.01,-1,-1,-0.01,-1,-1,-0.01,-1,-1,-0.01,-1,-1,-0.01,-1,-1,-0.01,-1,-1,-0.01,-1,-1,-0.01,-1,-1
99926009,2026-05-18 09:48:49+05:30,52844.1,0,0.0,0,0.0,0.0,53282.15,53308.4,52834.8,53710.35,0,0.0,0.0,0.0,0.0,-0.01,-1,-1,-0.01,-1,-1,-0.01,-1,-1,-0.01,-1,-1,-0.01,-1,-1,-0.01,-1,-1,-0.01,-1,-1,-0.01,-1,-1,-0.01,-1,-1,-0.01,-1,-1
99926009,2026-05-18 09:48:49+05:30,52845.7,0,0.0,0,0.0,0.0,53282.15,53308.4,52834.8,53710.35,0,0.0,0.0,0.0,0.0,-0.01,-1,-1,-0.01,-1,-1,-0.01,-1,-1,-0.01,-1,-1,-0.01,-1,-1,-0.01,-1,-1,-0.01,-1,-1,-0.01,-1,-1,-0.01,-1,-1,-0.01,-1,-1
99926009,2026-05-18 09:48:50+05:30,52846.1,0,0.0,0,0.0,0.0,53282.15,53308.4,52834.8,53710.35,0,0.0,0.0,0.0,0.0,-0.01,-1,-1,-0.01,-1,-1,-0.01,-1,-1,-0.01,-1,-1,-0.01,-1,-1,-0.01,-1,-1,-0.01,-1,-1,-0.01,-1,-1,-0.01,-1,-1,-0.01,-1,-1
99926009,2026-05-18 09:48:50+05:30,52847.2,0,0.0,0,0.0,0.0,53282.15,53308.4,52834.8,53710.35,0,0.0,0.0,0.0,0.0,-0.01,-1,-1,-0.01,-1,-1,-0.01,-1,-1,-0.01,-1,-1,-0.01,-1,-1,-0.01,-1,-1,-0.01,-1,-1,-0.01,-1,-1,-0.01,-1,-1,-0.01,-1,-1
99926009,2026-05-18 09:48:51+05:30,52842.0,0,0.0,0,0.0,0.0,53282.15,53308.4,52834.8,53710.35,0,0.0,0.0,0.0,0.0,-0.01,-1,-1,-0.01,-1,-1,-0.01,-1,-1,-0.01,-1,-1,-0.01,-1,-1,-0.01,-1,-1,-0.01,-1,-1,-0.01,-1,-1,-0.01,-1,-1,-0.01,-1,-1
99926009,2026-05-18 09:48:51+05:30,52842.55,0,0.0,0,0.0,0.0,53282.15,53308.4,52834.8,53710.35,0,0.0,0.0,0.0,0.0,-0.01,-1,-1,-0.01,-1,-1,-0.01,-1,-1,-0.01,-1,-1,-0.01,-1,-1,-0.01,-1,-1,-0.01,-1,-1,-0.01,-1,-1,-0.01,-1,-1,-0.01,-1,-1
99926009,2026-05-18 09:48:52+05:30,52839.8,0,0.0,0,0.0,0.0,53282.15,53308.4,52834.8,53710.35,0,0.0,0.0,0.0,0.0,-0.01,-1,-1,-0.01,-1,-1,-0.01,-1,-1,-0.01,-1,-1,-0.01,-1,-1,-0.01,-1,-1,-0.01,-1,-1,-0.01,-1,-1,-0.01,-1,-1,-0.01,-1,-1
99926009,2026-05-18 09:48:52+05:30,52839.9,0,0.0,0,0.0,0.0,53282.15,53308.4,52834.8,53710.35,0,0.0,0.0,0.0,0.0,-0.01,-1,-1,-0.01,-1,-1,-0.01,-1,-1,-0.01,-1,-1,-0.01,-1,-1,-0.01,-1,-1,-0.01,-1,-1,-0.01,-1,-1,-0.01,-1,-1,-0.01,-1,-1
99926009,2026-05-18 09:48:53+05:30,52839.05,0,0.0,0,0.0,0.0,53282.15,53308.4,52834.8,53710.35,0,0.0,0.0,0.0,0.0,-0.01,-1,-1,-0.01,-1,-1,-0.01,-1,-1,-0.01,-1,-1,-0.01,-1,-1,-0.01,-1,-1,-0.01,-1,-1,-0.01,-1,-1,-0.01,-1,-1,-0.01,-1,-1
99926009,2026-05-18 09:48:53+05:30,52840.2,0,0.0,0,0.0,0.0,53282.15,53308.4,52834.8,53710.35,0,0.0,0.0,0.0,0.0,-0.01,-1,-1,-0.01,-1,-1,-0.01,-1,-1,-0.01,-1,-1,-0.01,-1,-1,-0.01,-1,-1,-0.01,-1,-1,-0.01,-1,-1,-0.01,-1,-1,-0.01,-1,-1
99926009,2026-05-18 09:48:54+05:30,52838.1,0,0.0,0,0.0,0.0,53282.15,53308.4,52834.8,53710.35,0,0.0,0.0,0.0,0.0,-0.01,-1,-1,-0.01,-1,-1,-0.01,-1,-1,-0.01,-1,-1,-0.01,-1,-1,-0.01,-1,-1,-0.01,-1,-1,-0.01,-1,-1,-0.01,-1,-1,-0.01,-1,-1
99926009,2026-05-18 09:48:54+05:30,52837.65,0,0.0,0,0.0,0.0,53282.15,53308.4,52834.8,53710.35,0,0.0,0.0,0.0,0.0,-0.01,-1,-1,-0.01,-1,-1,-0.01,-1,-1,-0.01,-1,-1,-0.01,-1,-1,-0.01,-1,-1,-0.01,-1,-1,-0.01,-1,-1,-0.01,-1,-1,-0.01,-1,-1
99926009,2026-05-18 09:48:55+05:30,52836.15,0,0.0,0,0.0,0.0,53282.15,53308.4,52832.8,53710.35,0,0.0,0.0,0.0,0.0,-0.01,-1,-1,-0.01,-1,-1,-0.01,-1,-1,-0.01,-1,-1,-0.01,-1,-1,-0.01,-1,-1,-0.01,-1,-1,-0.01,-1,-1,-0.01,-1,-1,-0.01,-1,-1
99926009,2026-05-18 09:48:55+05:30,52837.55,0,0.0,0,0.0,0.0,53282.15,53308.4,52832.8,53710.35,0,0.0,0.0,0.0,0.0,-0.01,-1,-1,-0.01,-1,-1,-0.01,-1,-1,-0.01,-1,-1,-0.01,-1,-1,-0.01,-1,-1,-0.01,-1,-1,-0.01,-1,-1,-0.01,-1,-1,-0.01,-1,-1
99926009,2026-05-18 09:48:56+05:30,52836.55,0,0.0,0,0.0,0.0,53282.15,53308.4,52832.8,53710.35,0,0.0,0.0,0.0,0.0,-0.01,-1,-1,-0.01,-1,-1,-0.01,-1,-1,-0.01,-1,-1,-0.01,-1,-1,-0.01,-1,-1,-0.01,-1,-1,-0.01,-1,-1,-0.01,-1,-1,-0.01,-1,-1
99926009,2026-05-18 09:48:56+05:30,52836.6,0,0.0,0,0.0,0.0,53282.15,53308.4,52832.8,53710.35,0,0.0,0.0,0.0,0.0,-0.01,-1,-1,-0.01,-1,-1,-0.01,-1,-1,-0.01,-1,-1,-0.01,-1,-1,-0.01,-1,-1,-0.01,-1,-1,-0.01,-1,-1,-0.01,-1,-1,-0.01,-1,-1
99926009,2026-05-18 09:48:57+05:30,52835.55,0,0.0,0,0.0,0.0,53282.15,53308.4,52832.8,53710.35,0,0.0,0.0,0.0,0.0,-0.01,-1,-1,-0.01,-1,-1,-0.01,-1,-1,-0.01,-1,-1,-0.01,-1,-1,-0.01,-1,-1,-0.01,-1,-1,-0.01,-1,-1,-0.01,-1,-1,-0.01,-1,-1
99926009,2026-05-18 09:48:57+05:30,52833.5,0,0.0,0,0.0,0.0,53282.15,53308.4,52832.8,53710.35,0,0.0,0.0,0.0,0.0,-0.01,-1,-1,-0.01,-1,-1,-0.01,-1,-1,-0.01,-1,-1,-0.01,-1,-1,-0.01,-1,-1,-0.01,-1,-1,-0.01,-1,-1,-0.01,-1,-1,-0.01,-1,-1
99926009,2026-05-18 09:48:58+05:30,52835.2,0,0.0,0,0.0,0.0,53282.15,53308.4,52831.1,53710.35,0,0.0,0.0,0.0,0.0,-0.01,-1,-1,-0.01,-1,-1,-0.01,-1,-1,-0.01,-1,-1,-0.01,-1,-1,-0.01,-1,-1,-0.01,-1,-1,-0.01,-1,-1,-0.01,-1,-1,-0.01,-1,-1
99926009,2026-05-18 09:48:58+05:30,52835.65,0,0.0,0,0.0,0.0,53282.15,53308.4,52831.1,53710.35,0,0.0,0.0,0.0,0.0,-0.01,-1,-1,-0.01,-1,-1,-0.01,-1,-1,-0.01,-1,-1,-0.01,-1,-1,-0.01,-1,-1,-0.01,-1,-1,-0.01,-1,-1,-0.01,-1,-1,-0.01,-1,-1
99926009,2026-05-18 09:48:59+05:30,52838.0,0,0.0,0,0.0,0.0,53282.15,53308.4,52831.1,53710.35,0,0.0,0.0,0.0,0.0,-0.01,-1,-1,-0.01,-1,-1,-0.01,-1,-1,-0.01,-1,-1,-0.01,-1,-1,-0.01,-1,-1,-0.01,-1,-1,-0.01,-1,-1,-0.01,-1,-1,-0.01,-1,-1
99926009,2026-05-18 09:48:59+05:30,52835.25,0,0.0,0,0.0,0.0,53282.15,53308.4,52831.1,53710.35,0,0.0,0.0,0.0,0.0,-0.01,-1,-1,-0.01,-1,-1,-0.01,-1,-1,-0.01,-1,-1,-0.01,-1,-1,-0.01,-1,-1,-0.01,-1,-1,-0.01,-1,-1,-0.01,-1,-1,-0.01,-1,-1
99926009,2026-05-18 09:49:00+05:30,52834.85,0,0.0,0,0.0,0.0,53282.15,53308.4,52831.1,53710.35,0,0.0,0.0,0.0,0.0,-0.01,-1,-1,-0.01,-1,-1,-0.01,-1,-1,-0.01,-1,-1,-0.01,-1,-1,-0.01,-1,-1,-0.01,-1,-1,-0.01,-1,-1,-0.01,-1,-1,-0.01,-1,-1
99926009,2026-05-18 09:49:00+05:30,52839.25,0,0.0,0,0.0,0.0,53282.15,53308.4,52831.1,53710.35,0,0.0,0.0,0.0,0.0,-0.01,-1,-1,-0.01,-1,-1,-0.01,-1,-1,-0.01,-1,-1,-0.01,-1,-1,-0.01,-1,-1,-0.01,-1,-1,-0.01,-1,-1,-0.01,-1,-1,-0.01,-1,-1
99926009,2026-05-18 09:49:01+05:30,52839.75,0,0.0,0,0.0,0.0,53282.15,53308.4,52831.1,53710.35,0,0.0,0.0,0.0,0.0,-0.01,-1,-1,-0.01,-1,-1,-0.01,-1,-1,-0.01,-1,-1,-0.01,-1,-1,-0.01,-1,-1,-0.01,-1,-1,-0.01,-1,-1,-0.01,-1,-1,-0.01,-1,-1
99926009,2026-05-18 09:49:01+05:30,52842.6,0,0.0,0,0.0,0.0,53282.15,53308.4,52831.1,53710.35,0,0.0,0.0,0.0,0.0,-0.01,-1,-1,-0.01,-1,-1,-0.01,-1,-1,-0.01,-1,-1,-0.01,-1,-1,-0.01,-1,-1,-0.01,-1,-1,-0.01,-1,-1,-0.01,-1,-1,-0.01,-1,-1
99926009,2026-05-18 09:49:02+05:30,52848.75,0,0.0,0,0.0,0.0,53282.15,53308.4,52831.1,53710.35,0,0.0,0.0,0.0,0.0,-0.01,-1,-1,-0.01,-1,-1,-0.01,-1,-1,-0.01,-1,-1,-0.01,-1,-1,-0.01,-1,-1,-0.01,-1,-1,-0.01,-1,-1,-0.01,-1,-1,-0.01,-1,-1
99926009,2026-05-18 09:49:02+05:30,52843.35,0,0.0,0,0.0,0.0,53282.15,53308.4,52831.1,53710.35,0,0.0,0.0,0.0,0.0,-0.01,-1,-1,-0.01,-1,-1,-0.01,-1,-1,-0.01,-1,-1,-0.01,-1,-1,-0.01,-1,-1,-0.01,-1,-1,-0.01,-1,-1,-0.01,-1,-1,-0.01,-1,-1
99926009,2026-05-18 09:49:03+05:30,52846.1,0,0.0,0,0.0,0.0,53282.15,53308.4,52831.1,53710.35,0,0.0,0.0,0.0,0.0,-0.01,-1,-1,-0.01,-1,-1,-0.01,-1,-1,-0.01,-1,-1,-0.01,-1,-1,-0.01,-1,-1,-0.01,-1,-1,-0.01,-1,-1,-0.01,-1,-1,-0.01,-1,-1
99926009,2026-05-18 09:49:03+05:30,52846.25,0,0.0,0,0.0,0.0,53282.15,53308.4,52831.1,53710.35,0,0.0,0.0,0.0,0.0,-0.01,-1,-1,-0.01,-1,-1,-0.01,-1,-1,-0.01,-1,-1,-0.01,-1,-1,-0.01,-1,-1,-0.01,-1,-1,-0.01,-1,-1,-0.01,-1,-1,-0.01,-1,-1
99926009,2026-05-18 09:49:04+05:30,52845.7,0,0.0,0,0.0,0.0,53282.15,53308.4,52831.1,53710.35,0,0.0,0.0,0.0,0.0,-0.01,-1,-1,-0.01,-1,-1,-0.01,-1,-1,-0.01,-1,-1,-0.01,-1,-1,-0.01,-1,-1,-0.01,-1,-1,-0.01,-1,-1,-0.01,-1,-1,-0.01,-1,-1
99926009,2026-05-18 09:49:04+05:30,52843.35,0,0.0,0,0.0,0.0,53282.15,53308.4,52831.1,53710.35,0,0.0,0.0,0.0,0.0,-0.01,-1,-1,-0.01,-1,-1,-0.01,-1,-1,-0.01,-1,-1,-0.01,-1,-1,-0.01,-1,-1,-0.01,-1,-1,-0.01,-1,-1,-0.01,-1,-1,-0.01,-1,-1
99926009,2026-05-18 09:49:05+05:30,52846.0,0,0.0,0,0.0,0.0,53282.15,53308.4,52831.1,53710.35,0,0.0,0.0,0.0,0.0,-0.01,-1,-1,-0.01,-1,-1,-0.01,-1,-1,-0.01,-1,-1,-0.01,-1,-1,-0.01,-1,-1,-0.01,-1,-1,-0.01,-1,-1,-0.01,-1,-1,-0.01,-1,-1
99926009,2026-05-18 09:49:05+05:30,52846.8,0,0.0,0,0.0,0.0,53282.15,53308.4,52831.1,53710.35,0,0.0,0.0,0.0,0.0,-0.01,-1,-1,-0.01,-1,-1,-0.01,-1,-1,-0.01,-1,-1,-0.01,-1,-1,-0.01,-1,-1,-0.01,-1,-1,-0.01,-1,-1,-0.01,-1,-1,-0.01,-1,-1
99926009,2026-05-18 09:49:06+05:30,52847.25,0,0.0,0,0.0,0.0,53282.15,53308.4,52831.1,53710.35,0,0.0,0.0,0.0,0.0,-0.01,-1,-1,-0.01,-1,-1,-0.01,-1,-1,-0.01,-1,-1,-0.01,-1,-1,-0.01,-1,-1,-0.01,-1,-1,-0.01,-1,-1,-0.01,-1,-1,-0.01,-1,-1
99926009,2026-05-18 09:49:06+05:30,52847.8,0,0.0,0,0.0,0.0,53282.15,53308.4,52831.1,53710.35,0,0.0,0.0,0.0,0.0,-0.01,-1,-1,-0.01,-1,-1,-0.01,-1,-1,-0.01,-1,-1,-0.01,-1,-1,-0.01,-1,-1,-0.01,-1,-1,-0.01,-1,-1,-0.01,-1,-1,-0.01,-1,-1
99926009,2026-05-18 09:49:07+05:30,52847.55,0,0.0,0,0.0,0.0,53282.15,53308.4,52831.1,53710.35,0,0.0,0.0,0.0,0.0,-0.01,-1,-1,-0.01,-1,-1,-0.01,-1,-1,-0.01,-1,-1,-0.01,-1,-1,-0.01,-1,-1,-0.01,-1,-1,-0.01,-1,-1,-0.01,-1,-1,-0.01,-1,-1
99926009,2026-05-18 09:49:07+05:30,52847.4,0,0.0,0,0.0,0.0,53282.15,53308.4,52831.1,53710.35,0,0.0,0.0,0.0,0.0,-0.01,-1,-1,-0.01,-1,-1,-0.01,-1,-1,-0.01,-1,-1,-0.01,-1,-1,-0.01,-1,-1,-0.01,-1,-1,-0.01,-1,-1,-0.01,-1,-1,-0.01,-1,-1
99926009,2026-05-18 09:49:08+05:30,52843.55,0,0.0,0,0.0,0.0,53282.15,53308.4,52831.1,53710.35,0,0.0,0.0,0.0,0.0,-0.01,-1,-1,-0.01,-1,-1,-0.01,-1,-1,-0.01,-1,-1,-0.01,-1,-1,-0.01,-1,-1,-0.01,-1,-1,-0.01,-1,-1,-0.01,-1,-1,-0.01,-1,-1
99926009,2026-05-18 09:49:08+05:30,52841.95,0,0.0,0,0.0,0.0,53282.15,53308.4,52831.1,53710.35,0,0.0,0.0,0.0,0.0,-0.01,-1,-1,-0.01,-1,-1,-0.01,-1,-1,-0.01,-1,-1,-0.01,-1,-1,-0.01,-1,-1,-0.01,-1,-1,-0.01,-1,-1,-0.01,-1,-1,-0.01,-1,-1
99926009,2026-05-18 09:49:09+05:30,52841.5,0,0.0,0,0.0,0.0,53282.15,53308.4,52831.1,53710.35,0,0.0,0.0,0.0,0.0,-0.01,-1,-1,-0.01,-1,-1,-0.01,-1,-1,-0.01,-1,-1,-0.01,-1,-1,-0.01,-1,-1,-0.01,-1,-1,-0.01,-1,-1,-0.01,-1,-1,-0.01,-1,-1
99926009,2026-05-18 09:49:09+05:30,52842.85,0,0.0,0,0.0,0.0,53282.15,53308.4,52831.1,53710.35,0,0.0,0.0,0.0,0.0,-0.01,-1,-1,-0.01,-1,-1,-0.01,-1,-1,-0.01,-1,-1,-0.01,-1,-1,-0.01,-1,-1,-0.01,-1,-1,-0.01,-1,-1,-0.01,-1,-1,-0.01,-1,-1
99926009,2026-05-18 09:49:10+05:30,52842.1,0,0.0,0,0.0,0.0,53282.15,53308.4,52831.1,53710.35,0,0.0,0.0,0.0,0.0,-0.01,-1,-1,-0.01,-1,-1,-0.01,-1,-1,-0.01,-1,-1,-0.01,-1,-1,-0.01,-1,-1,-0.01,-1,-1,-0.01,-1,-1,-0.01,-1,-1,-0.01,-1,-1
99926009,2026-05-18 09:49:10+05:30,52842.95,0,0.0,0,0.0,0.0,53282.15,53308.4,52831.1,53710.35,0,0.0,0.0,0.0,0.0,-0.01,-1,-1,-0.01,-1,-1,-0.01,-1,-1,-0.01,-1,-1,-0.01,-1,-1,-0.01,-1,-1,-0.01,-1,-1,-0.01,-1,-1,-0.01,-1,-1,-0.01,-1,-1
99926009,2026-05-18 09:49:11+05:30,52842.2,0,0.0,0,0.0,0.0,53282.15,53308.4,52831.1,53710.35,0,0.0,0.0,0.0,0.0,-0.01,-1,-1,-0.01,-1,-1,-0.01,-1,-1,-0.01,-1,-1,-0.01,-1,-1,-0.01,-1,-1,-0.01,-1,-1,-0.01,-1,-1,-0.01,-1,-1,-0.01,-1,-1
99926009,2026-05-18 09:49:11+05:30,52843.4,0,0.0,0,0.0,0.0,53282.15,53308.4,52831.1,53710.35,0,0.0,0.0,0.0,0.0,-0.01,-1,-1,-0.01,-1,-1,-0.01,-1,-1,-0.01,-1,-1,-0.01,-1,-1,-0.01,-1,-1,-0.01,-1,-1,-0.01,-1,-1,-0.01,-1,-1,-0.01,-1,-1
99926009,2026-05-18 09:49:12+05:30,52845.4,0,0.0,0,0.0,0.0,53282.15,53308.4,52831.1,53710.35,0,0.0,0.0,0.0,0.0,-0.01,-1,-1,-0.01,-1,-1,-0.01,-1,-1,-0.01,-1,-1,-0.01,-1,-1,-0.01,-1,-1,-0.01,-1,-1,-0.01,-1,-1,-0.01,-1,-1,-0.01,-1,-1
99926009,2026-05-18 09:49:12+05:30,52844.7,0,0.0,0,0.0,0.0,53282.15,53308.4,52831.1,53710.35,0,0.0,0.0,0.0,0.0,-0.01,-1,-1,-0.01,-1,-1,-0.01,-1,-1,-0.01,-1,-1,-0.01,-1,-1,-0.01,-1,-1,-0.01,-1,-1,-0.01,-1,-1,-0.01,-1,-1,-0.01,-1,-1
99926009,2026-05-18 09:49:13+05:30,52843.6,0,0.0,0,0.0,0.0,53282.15,53308.4,52831.1,53710.35,0,0.0,0.0,0.0,0.0,-0.01,-1,-1,-0.01,-1,-1,-0.01,-1,-1,-0.01,-1,-1,-0.01,-1,-1,-0.01,-1,-1,-0.01,-1,-1,-0.01,-1,-1,-0.01,-1,-1,-0.01,-1,-1
99926009,2026-05-18 09:49:13+05:30,52844.95,0,0.0,0,0.0,0.0,53282.15,53308.4,52831.1,53710.35,0,0.0,0.0,0.0,0.0,-0.01,-1,-1,-0.01,-1,-1,-0.01,-1,-1,-0.01,-1,-1,-0.01,-1,-1,-0.01,-1,-1,-0.01,-1,-1,-0.01,-1,-1,-0.01,-1,-1,-0.01,-1,-1
99926009,2026-05-18 09:49:14+05:30,52844.25,0,0.0,0,0.0,0.0,53282.15,53308.4,52831.1,53710.35,0,0.0,0.0,0.0,0.0,-0.01,-1,-1,-0.01,-1,-1,-0.01,-1,-1,-0.01,-1,-1,-0.01,-1,-1,-0.01,-1,-1,-0.01,-1,-1,-0.01,-1,-1,-0.01,-1,-1,-0.01,-1,-1
99926009,2026-05-18 09:49:14+05:30,52844.95,0,0.0,0,0.0,0.0,53282.15,53308.4,52831.1,53710.35,0,0.0,0.0,0.0,0.0,-0.01,-1,-1,-0.01,-1,-1,-0.01,-1,-1,-0.01,-1,-1,-0.01,-1,-1,-0.01,-1,-1,-0.01,-1,-1,-0.01,-1,-1,-0.01,-1,-1,-0.01,-1,-1
99926009,2026-05-18 09:49:15+05:30,52846.6,0,0.0,0,0.0,0.0,53282.15,53308.4,52831.1,53710.35,0,0.0,0.0,0.0,0.0,-0.01,-1,-1,-0.01,-1,-1,-0.01,-1,-1,-0.01,-1,-1,-0.01,-1,-1,-0.01,-1,-1,-0.01,-1,-1,-0.01,-1,-1,-0.01,-1,-1,-0.01,-1,-1
99926009,2026-05-18 09:49:15+05:30,52847.45,0,0.0,0,0.0,0.0,53282.15,53308.4,52831.1,53710.35,0,0.0,0.0,0.0,0.0,-0.01,-1,-1,-0.01,-1,-1,-0.01,-1,-1,-0.01,-1,-1,-0.01,-1,-1,-0.01,-1,-1,-0.01,-1,-1,-0.01,-1,-1,-0.01,-1,-1,-0.01,-1,-1
99926009,2026-05-18 09:49:16+05:30,52845.05,0,0.0,0,0.0,0.0,53282.15,53308.4,52831.1,53710.35,0,0.0,0.0,0.0,0.0,-0.01,-1,-1,-0.01,-1,-1,-0.01,-1,-1,-0.01,-1,-1,-0.01,-1,-1,-0.01,-1,-1,-0.01,-1,-1,-0.01,-1,-1,-0.01,-1,-1,-0.01,-1,-1
99926009,2026-05-18 09:49:16+05:30,52848.1,0,0.0,0,0.0,0.0,53282.15,53308.4,52831.1,53710.35,0,0.0,0.0,0.0,0.0,-0.01,-1,-1,-0.01,-1,-1,-0.01,-1,-1,-0.01,-1,-1,-0.01,-1,-1,-0.01,-1,-1,-0.01,-1,-1,-0.01,-1,-1,-0.01,-1,-1,-0.01,-1,-1
99926009,2026-05-18 09:49:17+05:30,52846.15,0,0.0,0,0.0,0.0,53282.15,53308.4,52831.1,53710.35,0,0.0,0.0,0.0,0.0,-0.01,-1,-1,-0.01,-1,-1,-0.01,-1,-1,-0.01,-1,-1,-0.01,-1,-1,-0.01,-1,-1,-0.01,-1,-1,-0.01,-1,-1,-0.01,-1,-1,-0.01,-1,-1
99926009,2026-05-18 09:49:17+05:30,52846.3,0,0.0,0,0.0,0.0,53282.15,53308.4,52831.1,53710.35,0,0.0,0.0,0.0,0.0,-0.01,-1,-1,-0.01,-1,-1,-0.01,-1,-1,-0.01,-1,-1,-0.01,-1,-1,-0.01,-1,-1,-0.01,-1,-1,-0.01,-1,-1,-0.01,-1,-1,-0.01,-1,-1
99926009,2026-05-18 09:49:18+05:30,52844.8,0,0.0,0,0.0,0.0,53282.15,53308.4,52831.1,53710.35,0,0.0,0.0,0.0,0.0,-0.01,-1,-1,-0.01,-1,-1,-0.01,-1,-1,-0.01,-1,-1,-0.01,-1,-1,-0.01,-1,-1,-0.01,-1,-1,-0.01,-1,-1,-0.01,-1,-1,-0.01,-1,-1
99926009,2026-05-18 09:49:18+05:30,52842.4,0,0.0,0,0.0,0.0,53282.15,53308.4,52831.1,53710.35,0,0.0,0.0,0.0,0.0,-0.01,-1,-1,-0.01,-1,-1,-0.01,-1,-1,-0.01,-1,-1,-0.01,-1,-1,-0.01,-1,-1,-0.01,-1,-1,-0.01,-1,-1,-0.01,-1,-1,-0.01,-1,-1
99926009,2026-05-18 09:49:19+05:30,52847.35,0,0.0,0,0.0,0.0,53282.15,53308.4,52831.1,53710.35,0,0.0,0.0,0.0,0.0,-0.01,-1,-1,-0.01,-1,-1,-0.01,-1,-1,-0.01,-1,-1,-0.01,-1,-1,-0.01,-1,-1,-0.01,-1,-1,-0.01,-1,-1,-0.01,-1,-1,-0.01,-1,-1
99926009,2026-05-18 09:49:19+05:30,52848.5,0,0.0,0,0.0,0.0,53282.15,53308.4,52831.1,53710.35,0,0.0,0.0,0.0,0.0,-0.01,-1,-1,-0.01,-1,-1,-0.01,-1,-1,-0.01,-1,-1,-0.01,-1,-1,-0.01,-1,-1,-0.01,-1,-1,-0.01,-1,-1,-0.01,-1,-1,-0.01,-1,-1
99926009,2026-05-18 09:49:20+05:30,52846.45,0,0.0,0,0.0,0.0,53282.15,53308.4,52831.1,53710.35,0,0.0,0.0,0.0,0.0,-0.01,-1,-1,-0.01,-1,-1,-0.01,-1,-1,-0.01,-1,-1,-0.01,-1,-1,-0.01,-1,-1,-0.01,-1,-1,-0.01,-1,-1,-0.01,-1,-1,-0.01,-1,-1
99926009,2026-05-18 09:49:20+05:30,52850.1,0,0.0,0,0.0,0.0,53282.15,53308.4,52831.1,53710.35,0,0.0,0.0,0.0,0.0,-0.01,-1,-1,-0.01,-1,-1,-0.01,-1,-1,-0.01,-1,-1,-0.01,-1,-1,-0.01,-1,-1,-0.01,-1,-1,-0.01,-1,-1,-0.01,-1,-1,-0.01,-1,-1
99926009,2026-05-18 09:49:21+05:30,52847.85,0,0.0,0,0.0,0.0,53282.15,53308.4,52831.1,53710.35,0,0.0,0.0,0.0,0.0,-0.01,-1,-1,-0.01,-1,-1,-0.01,-1,-1,-0.01,-1,-1,-0.01,-1,-1,-0.01,-1,-1,-0.01,-1,-1,-0.01,-1,-1,-0.01,-1,-1,-0.01,-1,-1
99926009,2026-05-18 09:49:21+05:30,52849.85,0,0.0,0,0.0,0.0,53282.15,53308.4,52831.1,53710.35,0,0.0,0.0,0.0,0.0,-0.01,-1,-1,-0.01,-1,-1,-0.01,-1,-1,-0.01,-1,-1,-0.01,-1,-1,-0.01,-1,-1,-0.01,-1,-1,-0.01,-1,-1,-0.01,-1,-1,-0.01,-1,-1
99926009,2026-05-18 09:49:22+05:30,52848.85,0,0.0,0,0.0,0.0,53282.15,53308.4,52831.1,53710.35,0,0.0,0.0,0.0,0.0,-0.01,-1,-1,-0.01,-1,-1,-0.01,-1,-1,-0.01,-1,-1,-0.01,-1,-1,-0.01,-1,-1,-0.01,-1,-1,-0.01,-1,-1,-0.01,-1,-1,-0.01,-1,-1
99926009,2026-05-18 09:49:22+05:30,52849.45,0,0.0,0,0.0,0.0,53282.15,53308.4,52831.1,53710.35,0,0.0,0.0,0.0,0.0,-0.01,-1,-1,-0.01,-1,-1,-0.01,-1,-1,-0.01,-1,-1,-0.01,-1,-1,-0.01,-1,-1,-0.01,-1,-1,-0.01,-1,-1,-0.01,-1,-1,-0.01,-1,-1
99926009,2026-05-18 09:49:23+05:30,52848.75,0,0.0,0,0.0,0.0,53282.15,53308.4,52831.1,53710.35,0,0.0,0.0,0.0,0.0,-0.01,-1,-1,-0.01,-1,-1,-0.01,-1,-1,-0.01,-1,-1,-0.01,-1,-1,-0.01,-1,-1,-0.01,-1,-1,-0.01,-1,-1,-0.01,-1,-1,-0.01,-1,-1
99926009,2026-05-18 09:49:23+05:30,52849.8,0,0.0,0,0.0,0.0,53282.15,53308.4,52831.1,53710.35,0,0.0,0.0,0.0,0.0,-0.01,-1,-1,-0.01,-1,-1,-0.01,-1,-1,-0.01,-1,-1,-0.01,-1,-1,-0.01,-1,-1,-0.01,-1,-1,-0.01,-1,-1,-0.01,-1,-1,-0.01,-1,-1
99926009,2026-05-18 09:49:24+05:30,52848.3,0,0.0,0,0.0,0.0,53282.15,53308.4,52831.1,53710.35,0,0.0,0.0,0.0,0.0,-0.01,-1,-1,-0.01,-1,-1,-0.01,-1,-1,-0.01,-1,-1,-0.01,-1,-1,-0.01,-1,-1,-0.01,-1,-1,-0.01,-1,-1,-0.01,-1,-1,-0.01,-1,-1
99926009,2026-05-18 09:49:24+05:30,52849.9,0,0.0,0,0.0,0.0,53282.15,53308.4,52831.1,53710.35,0,0.0,0.0,0.0,0.0,-0.01,-1,-1,-0.01,-1,-1,-0.01,-1,-1,-0.01,-1,-1,-0.01,-1,-1,-0.01,-1,-1,-0.01,-1,-1,-0.01,-1,-1,-0.01,-1,-1,-0.01,-1,-1
99926009,2026-05-18 09:49:25+05:30,52848.45,0,0.0,0,0.0,0.0,53282.15,53308.4,52831.1,53710.35,0,0.0,0.0,0.0,0.0,-0.01,-1,-1,-0.01,-1,-1,-0.01,-1,-1,-0.01,-1,-1,-0.01,-1,-1,-0.01,-1,-1,-0.01,-1,-1,-0.01,-1,-1,-0.01,-1,-1,-0.01,-1,-1
99926009,2026-05-18 09:49:25+05:30,52850.65,0,0.0,0,0.0,0.0,53282.15,53308.4,52831.1,53710.35,0,0.0,0.0,0.0,0.0,-0.01,-1,-1,-0.01,-1,-1,-0.01,-1,-1,-0.01,-1,-1,-0.01,-1,-1,-0.01,-1,-1,-0.01,-1,-1,-0.01,-1,-1,-0.01,-1,-1,-0.01,-1,-1
99926009,2026-05-18 09:49:26+05:30,52850.15,0,0.0,0,0.0,0.0,53282.15,53308.4,52831.1,53710.35,0,0.0,0.0,0.0,0.0,-0.01,-1,-1,-0.01,-1,-1,-0.01,-1,-1,-0.01,-1,-1,-0.01,-1,-1,-0.01,-1,-1,-0.01,-1,-1,-0.01,-1,-1,-0.01,-1,-1,-0.01,-1,-1
99926009,2026-05-18 09:49:26+05:30,52848.15,0,0.0,0,0.0,0.0,53282.15,53308.4,52831.1,53710.35,0,0.0,0.0,0.0,0.0,-0.01,-1,-1,-0.01,-1,-1,-0.01,-1,-1,-0.01,-1,-1,-0.01,-1,-1,-0.01,-1,-1,-0.01,-1,-1,-0.01,-1,-1,-0.01,-1,-1,-0.01,-1,-1
99926009,2026-05-18 09:49:27+05:30,52849.0,0,0.0,0,0.0,0.0,53282.15,53308.4,52831.1,53710.35,0,0.0,0.0,0.0,0.0,-0.01,-1,-1,-0.01,-1,-1,-0.01,-1,-1,-0.01,-1,-1,-0.01,-1,-1,-0.01,-1,-1,-0.01,-1,-1,-0.01,-1,-1,-0.01,-1,-1,-0.01,-1,-1
99926009,2026-05-18 09:49:27+05:30,52847.8,0,0.0,0,0.0,0.0,53282.15,53308.4,52831.1,53710.35,0,0.0,0.0,0.0,0.0,-0.01,-1,-1,-0.01,-1,-1,-0.01,-1,-1,-0.01,-1,-1,-0.01,-1,-1,-0.01,-1,-1,-0.01,-1,-1,-0.01,-1,-1,-0.01,-1,-1,-0.01,-1,-1
99926009,2026-05-18 09:49:28+05:30,52847.5,0,0.0,0,0.0,0.0,53282.15,53308.4,52831.1,53710.35,0,0.0,0.0,0.0,0.0,-0.01,-1,-1,-0.01,-1,-1,-0.01,-1,-1,-0.01,-1,-1,-0.01,-1,-1,-0.01,-1,-1,-0.01,-1,-1,-0.01,-1,-1,-0.01,-1,-1,-0.01,-1,-1
99926009,2026-05-18 09:49:28+05:30,52847.3,0,0.0,0,0.0,0.0,53282.15,53308.4,52831.1,53710.35,0,0.0,0.0,0.0,0.0,-0.01,-1,-1,-0.01,-1,-1,-0.01,-1,-1,-0.01,-1,-1,-0.01,-1,-1,-0.01,-1,-1,-0.01,-1,-1,-0.01,-1,-1,-0.01,-1,-1,-0.01,-1,-1
99926009,2026-05-18 09:49:29+05:30,52846.25,0,0.0,0,0.0,0.0,53282.15,53308.4,52831.1,53710.35,0,0.0,0.0,0.0,0.0,-0.01,-1,-1,-0.01,-1,-1,-0.01,-1,-1,-0.01,-1,-1,-0.01,-1,-1,-0.01,-1,-1,-0.01,-1,-1,-0.01,-1,-1,-0.01,-1,-1,-0.01,-1,-1
99926009,2026-05-18 09:49:29+05:30,52844.95,0,0.0,0,0.0,0.0,53282.15,53308.4,52831.1,53710.35,0,0.0,0.0,0.0,0.0,-0.01,-1,-1,-0.01,-1,-1,-0.01,-1,-1,-0.01,-1,-1,-0.01,-1,-1,-0.01,-1,-1,-0.01,-1,-1,-0.01,-1,-1,-0.01,-1,-1,-0.01,-1,-1
99926009,2026-05-18 09:49:30+05:30,52845.9,0,0.0,0,0.0,0.0,53282.15,53308.4,52831.1,53710.35,0,0.0,0.0,0.0,0.0,-0.01,-1,-1,-0.01,-1,-1,-0.01,-1,-1,-0.01,-1,-1,-0.01,-1,-1,-0.01,-1,-1,-0.01,-1,-1,-0.01,-1,-1,-0.01,-1,-1,-0.01,-1,-1
99926009,2026-05-18 09:49:30+05:30,52845.85,0,0.0,0,0.0,0.0,53282.15,53308.4,52831.1,53710.35,0,0.0,0.0,0.0,0.0,-0.01,-1,-1,-0.01,-1,-1,-0.01,-1,-1,-0.01,-1,-1,-0.01,-1,-1,-0.01,-1,-1,-0.01,-1,-1,-0.01,-1,-1,-0.01,-1,-1,-0.01,-1,-1
99926009,2026-05-18 09:49:31+05:30,52844.9,0,0.0,0,0.0,0.0,53282.15,53308.4,52831.1,53710.35,0,0.0,0.0,0.0,0.0,-0.01,-1,-1,-0.01,-1,-1,-0.01,-1,-1,-0.01,-1,-1,-0.01,-1,-1,-0.01,-1,-1,-0.01,-1,-1,-0.01,-1,-1,-0.01,-1,-1,-0.01,-1,-1
99926009,2026-05-18 09:49:31+05:30,52844.6,0,0.0,0,0.0,0.0,53282.15,53308.4,52831.1,53710.35,0,0.0,0.0,0.0,0.0,-0.01,-1,-1,-0.01,-1,-1,-0.01,-1,-1,-0.01,-1,-1,-0.01,-1,-1,-0.01,-1,-1,-0.01,-1,-1,-0.01,-1,-1,-0.01,-1,-1,-0.01,-1,-1
99926009,2026-05-18 09:49:32+05:30,52845.8,0,0.0,0,0.0,0.0,53282.15,53308.4,52831.1,53710.35,0,0.0,0.0,0.0,0.0,-0.01,-1,-1,-0.01,-1,-1,-0.01,-1,-1,-0.01,-1,-1,-0.01,-1,-1,-0.01,-1,-1,-0.01,-1,-1,-0.01,-1,-1,-0.01,-1,-1,-0.01,-1,-1
99926009,2026-05-18 09:49:32+05:30,52845.35,0,0.0,0,0.0,0.0,53282.15,53308.4,52831.1,53710.35,0,0.0,0.0,0.0,0.0,-0.01,-1,-1,-0.01,-1,-1,-0.01,-1,-1,-0.01,-1,-1,-0.01,-1,-1,-0.01,-1,-1,-0.01,-1,-1,-0.01,-1,-1,-0.01,-1,-1,-0.01,-1,-1
99926009,2026-05-18 09:49:33+05:30,52843.35,0,0.0,0,0.0,0.0,53282.15,53308.4,52831.1,53710.35,0,0.0,0.0,0.0,0.0,-0.01,-1,-1,-0.01,-1,-1,-0.01,-1,-1,-0.01,-1,-1,-0.01,-1,-1,-0.01,-1,-1,-0.01,-1,-1,-0.01,-1,-1,-0.01,-1,-1,-0.01,-1,-1
99926009,2026-05-18 09:49:33+05:30,52843.95,0,0.0,0,0.0,0.0,53282.15,53308.4,52831.1,53710.35,0,0.0,0.0,0.0,0.0,-0.01,-1,-1,-0.01,-1,-1,-0.01,-1,-1,-0.01,-1,-1,-0.01,-1,-1,-0.01,-1,-1,-0.01,-1,-1,-0.01,-1,-1,-0.01,-1,-1,-0.01,-1,-1
99926009,2026-05-18 09:49:34+05:30,52844.9,0,0.0,0,0.0,0.0,53282.15,53308.4,52831.1,53710.35,0,0.0,0.0,0.0,0.0,-0.01,-1,-1,-0.01,-1,-1,-0.01,-1,-1,-0.01,-1,-1,-0.01,-1,-1,-0.01,-1,-1,-0.01,-1,-1,-0.01,-1,-1,-0.01,-1,-1,-0.01,-1,-1
99926009,2026-05-18 09:49:34+05:30,52846.0,0,0.0,0,0.0,0.0,53282.15,53308.4,52831.1,53710.35,0,0.0,0.0,0.0,0.0,-0.01,-1,-1,-0.01,-1,-1,-0.01,-1,-1,-0.01,-1,-1,-0.01,-1,-1,-0.01,-1,-1,-0.01,-1,-1,-0.01,-1,-1,-0.01,-1,-1,-0.01,-1,-1
99926009,2026-05-18 09:49:35+05:30,52843.25,0,0.0,0,0.0,0.0,53282.15,53308.4,52831.1,53710.35,0,0.0,0.0,0.0,0.0,-0.01,-1,-1,-0.01,-1,-1,-0.01,-1,-1,-0.01,-1,-1,-0.01,-1,-1,-0.01,-1,-1,-0.01,-1,-1,-0.01,-1,-1,-0.01,-1,-1,-0.01,-1,-1
99926009,2026-05-18 09:49:35+05:30,52843.25,0,0.0,0,0.0,0.0,53282.15,53308.4,52831.1,53710.35,0,0.0,0.0,0.0,0.0,-0.01,-1,-1,-0.01,-1,-1,-0.01,-1,-1,-0.01,-1,-1,-0.01,-1,-1,-0.01,-1,-1,-0.01,-1,-1,-0.01,-1,-1,-0.01,-1,-1,-0.01,-1,-1
99926009,2026-05-18 09:49:36+05:30,52844.1,0,0.0,0,0.0,0.0,53282.15,53308.4,52831.1,53710.35,0,0.0,0.0,0.0,0.0,-0.01,-1,-1,-0.01,-1,-1,-0.01,-1,-1,-0.01,-1,-1,-0.01,-1,-1,-0.01,-1,-1,-0.01,-1,-1,-0.01,-1,-1,-0.01,-1,-1,-0.01,-1,-1
99926009,2026-05-18 09:49:36+05:30,52848.15,0,0.0,0,0.0,0.0,53282.15,53308.4,52831.1,53710.35,0,0.0,0.0,0.0,0.0,-0.01,-1,-1,-0.01,-1,-1,-0.01,-1,-1,-0.01,-1,-1,-0.01,-1,-1,-0.01,-1,-1,-0.01,-1,-1,-0.01,-1,-1,-0.01,-1,-1,-0.01,-1,-1
99926009,2026-05-18 09:49:37+05:30,52846.7,0,0.0,0,0.0,0.0,53282.15,53308.4,52831.1,53710.35,0,0.0,0.0,0.0,0.0,-0.01,-1,-1,-0.01,-1,-1,-0.01,-1,-1,-0.01,-1,-1,-0.01,-1,-1,-0.01,-1,-1,-0.01,-1,-1,-0.01,-1,-1,-0.01,-1,-1,-0.01,-1,-1
99926009,2026-05-18 09:49:37+05:30,52845.65,0,0.0,0,0.0,0.0,53282.15,53308.4,52831.1,53710.35,0,0.0,0.0,0.0,0.0,-0.01,-1,-1,-0.01,-1,-1,-0.01,-1,-1,-0.01,-1,-1,-0.01,-1,-1,-0.01,-1,-1,-0.01,-1,-1,-0.01,-1,-1,-0.01,-1,-1,-0.01,-1,-1
99926009,2026-05-18 09:49:38+05:30,52844.4,0,0.0,0,0.0,0.0,53282.15,53308.4,52831.1,53710.35,0,0.0,0.0,0.0,0.0,-0.01,-1,-1,-0.01,-1,-1,-0.01,-1,-1,-0.01,-1,-1,-0.01,-1,-1,-0.01,-1,-1,-0.01,-1,-1,-0.01,-1,-1,-0.01,-1,-1,-0.01,-1,-1
99926009,2026-05-18 09:49:38+05:30,52843.55,0,0.0,0,0.0,0.0,53282.15,53308.4,52831.1,53710.35,0,0.0,0.0,0.0,0.0,-0.01,-1,-1,-0.01,-1,-1,-0.01,-1,-1,-0.01,-1,-1,-0.01,-1,-1,-0.01,-1,-1,-0.01,-1,-1,-0.01,-1,-1,-0.01,-1,-1,-0.01,-1,-1
99926009,2026-05-18 09:49:39+05:30,52840.9,0,0.0,0,0.0,0.0,53282.15,53308.4,52831.1,53710.35,0,0.0,0.0,0.0,0.0,-0.01,-1,-1,-0.01,-1,-1,-0.01,-1,-1,-0.01,-1,-1,-0.01,-1,-1,-0.01,-1,-1,-0.01,-1,-1,-0.01,-1,-1,-0.01,-1,-1,-0.01,-1,-1
99926009,2026-05-18 09:49:39+05:30,52843.65,0,0.0,0,0.0,0.0,53282.15,53308.4,52831.1,53710.35,0,0.0,0.0,0.0,0.0,-0.01,-1,-1,-0.01,-1,-1,-0.01,-1,-1,-0.01,-1,-1,-0.01,-1,-1,-0.01,-1,-1,-0.01,-1,-1,-0.01,-1,-1,-0.01,-1,-1,-0.01,-1,-1
99926009,2026-05-18 09:49:40+05:30,52846.55,0,0.0,0,0.0,0.0,53282.15,53308.4,52831.1,53710.35,0,0.0,0.0,0.0,0.0,-0.01,-1,-1,-0.01,-1,-1,-0.01,-1,-1,-0.01,-1,-1,-0.01,-1,-1,-0.01,-1,-1,-0.01,-1,-1,-0.01,-1,-1,-0.01,-1,-1,-0.01,-1,-1
99926009,2026-05-18 09:49:40+05:30,52846.9,0,0.0,0,0.0,0.0,53282.15,53308.4,52831.1,53710.35,0,0.0,0.0,0.0,0.0,-0.01,-1,-1,-0.01,-1,-1,-0.01,-1,-1,-0.01,-1,-1,-0.01,-1,-1,-0.01,-1,-1,-0.01,-1,-1,-0.01,-1,-1,-0.01,-1,-1,-0.01,-1,-1
99926009,2026-05-18 09:49:41+05:30,52846.05,0,0.0,0,0.0,0.0,53282.15,53308.4,52831.1,53710.35,0,0.0,0.0,0.0,0.0,-0.01,-1,-1,-0.01,-1,-1,-0.01,-1,-1,-0.01,-1,-1,-0.01,-1,-1,-0.01,-1,-1,-0.01,-1,-1,-0.01,-1,-1,-0.01,-1,-1,-0.01,-1,-1
99926009,2026-05-18 09:49:41+05:30,52847.55,0,0.0,0,0.0,0.0,53282.15,53308.4,52831.1,53710.35,0,0.0,0.0,0.0,0.0,-0.01,-1,-1,-0.01,-1,-1,-0.01,-1,-1,-0.01,-1,-1,-0.01,-1,-1,-0.01,-1,-1,-0.01,-1,-1,-0.01,-1,-1,-0.01,-1,-1,-0.01,-1,-1
99926009,2026-05-18 09:49:42+05:30,52845.15,0,0.0,0,0.0,0.0,53282.15,53308.4,52831.1,53710.35,0,0.0,0.0,0.0,0.0,-0.01,-1,-1,-0.01,-1,-1,-0.01,-1,-1,-0.01,-1,-1,-0.01,-1,-1,-0.01,-1,-1,-0.01,-1,-1,-0.01,-1,-1,-0.01,-1,-1,-0.01,-1,-1
99926009,2026-05-18 09:49:42+05:30,52845.6,0,0.0,0,0.0,0.0,53282.15,53308.4,52831.1,53710.35,0,0.0,0.0,0.0,0.0,-0.01,-1,-1,-0.01,-1,-1,-0.01,-1,-1,-0.01,-1,-1,-0.01,-1,-1,-0.01,-1,-1,-0.01,-1,-1,-0.01,-1,-1,-0.01,-1,-1,-0.01,-1,-1
99926009,2026-05-18 09:49:43+05:30,52842.6,0,0.0,0,0.0,0.0,53282.15,53308.4,52831.1,53710.35,0,0.0,0.0,0.0,0.0,-0.01,-1,-1,-0.01,-1,-1,-0.01,-1,-1,-0.01,-1,-1,-0.01,-1,-1,-0.01,-1,-1,-0.01,-1,-1,-0.01,-1,-1,-0.01,-1,-1,-0.01,-1,-1
99926009,2026-05-18 09:49:43+05:30,52842.15,0,0.0,0,0.0,0.0,53282.15,53308.4,52831.1,53710.35,0,0.0,0.0,0.0,0.0,-0.01,-1,-1,-0.01,-1,-1,-0.01,-1,-1,-0.01,-1,-1,-0.01,-1,-1,-0.01,-1,-1,-0.01,-1,-1,-0.01,-1,-1,-0.01,-1,-1,-0.01,-1,-1
99926009,2026-05-18 09:49:44+05:30,52841.6,0,0.0,0,0.0,0.0,53282.15,53308.4,52831.1,53710.35,0,0.0,0.0,0.0,0.0,-0.01,-1,-1,-0.01,-1,-1,-0.01,-1,-1,-0.01,-1,-1,-0.01,-1,-1,-0.01,-1,-1,-0.01,-1,-1,-0.01,-1,-1,-0.01,-1,-1,-0.01,-1,-1
99926009,2026-05-18 09:49:44+05:30,52842.6,0,0.0,0,0.0,0.0,53282.15,53308.4,52831.1,53710.35,0,0.0,0.0,0.0,0.0,-0.01,-1,-1,-0.01,-1,-1,-0.01,-1,-1,-0.01,-1,-1,-0.01,-1,-1,-0.01,-1,-1,-0.01,-1,-1,-0.01,-1,-1,-0.01,-1,-1,-0.01,-1,-1
99926009,2026-05-18 09:49:45+05:30,52843.8,0,0.0,0,0.0,0.0,53282.15,53308.4,52831.1,53710.35,0,0.0,0.0,0.0,0.0,-0.01,-1,-1,-0.01,-1,-1,-0.01,-1,-1,-0.01,-1,-1,-0.01,-1,-1,-0.01,-1,-1,-0.01,-1,-1,-0.01,-1,-1,-0.01,-1,-1,-0.01,-1,-1
99926009,2026-05-18 09:49:45+05:30,52842.05,0,0.0,0,0.0,0.0,53282.15,53308.4,52831.1,53710.35,0,0.0,0.0,0.0,0.0,-0.01,-1,-1,-0.01,-1,-1,-0.01,-1,-1,-0.01,-1,-1,-0.01,-1,-1,-0.01,-1,-1,-0.01,-1,-1,-0.01,-1,-1,-0.01,-1,-1,-0.01,-1,-1
99926009,2026-05-18 09:49:46+05:30,52843.6,0,0.0,0,0.0,0.0,53282.15,53308.4,52831.1,53710.35,0,0.0,0.0,0.0,0.0,-0.01,-1,-1,-0.01,-1,-1,-0.01,-1,-1,-0.01,-1,-1,-0.01,-1,-1,-0.01,-1,-1,-0.01,-1,-1,-0.01,-1,-1,-0.01,-1,-1,-0.01,-1,-1
99926009,2026-05-18 09:49:46+05:30,52843.0,0,0.0,0,0.0,0.0,53282.15,53308.4,52831.1,53710.35,0,0.0,0.0,0.0,0.0,-0.01,-1,-1,-0.01,-1,-1,-0.01,-1,-1,-0.01,-1,-1,-0.01,-1,-1,-0.01,-1,-1,-0.01,-1,-1,-0.01,-1,-1,-0.01,-1,-1,-0.01,-1,-1
99926009,2026-05-18 09:49:47+05:30,52840.2,0,0.0,0,0.0,0.0,53282.15,53308.4,52831.1,53710.35,0,0.0,0.0,0.0,0.0,-0.01,-1,-1,-0.01,-1,-1,-0.01,-1,-1,-0.01,-1,-1,-0.01,-1,-1,-0.01,-1,-1,-0.01,-1,-1,-0.01,-1,-1,-0.01,-1,-1,-0.01,-1,-1
99926009,2026-05-18 09:49:47+05:30,52840.15,0,0.0,0,0.0,0.0,53282.15,53308.4,52831.1,53710.35,0,0.0,0.0,0.0,0.0,-0.01,-1,-1,-0.01,-1,-1,-0.01,-1,-1,-0.01,-1,-1,-0.01,-1,-1,-0.01,-1,-1,-0.01,-1,-1,-0.01,-1,-1,-0.01,-1,-1,-0.01,-1,-1
99926009,2026-05-18 09:49:48+05:30,52838.0,0,0.0,0,0.0,0.0,53282.15,53308.4,52831.1,53710.35,0,0.0,0.0,0.0,0.0,-0.01,-1,-1,-0.01,-1,-1,-0.01,-1,-1,-0.01,-1,-1,-0.01,-1,-1,-0.01,-1,-1,-0.01,-1,-1,-0.01,-1,-1,-0.01,-1,-1,-0.01,-1,-1
99926009,2026-05-18 09:49:48+05:30,52840.85,0,0.0,0,0.0,0.0,53282.15,53308.4,52831.1,53710.35,0,0.0,0.0,0.0,0.0,-0.01,-1,-1,-0.01,-1,-1,-0.01,-1,-1,-0.01,-1,-1,-0.01,-1,-1,-0.01,-1,-1,-0.01,-1,-1,-0.01,-1,-1,-0.01,-1,-1,-0.01,-1,-1
99926009,2026-05-18 09:49:49+05:30,52843.2,0,0.0,0,0.0,0.0,53282.15,53308.4,52831.1,53710.35,0,0.0,0.0,0.0,0.0,-0.01,-1,-1,-0.01,-1,-1,-0.01,-1,-1,-0.01,-1,-1,-0.01,-1,-1,-0.01,-1,-1,-0.01,-1,-1,-0.01,-1,-1,-0.01,-1,-1,-0.01,-1,-1
99926009,2026-05-18 09:49:49+05:30,52837.7,0,0.0,0,0.0,0.0,53282.15,53308.4,52831.1,53710.35,0,0.0,0.0,0.0,0.0,-0.01,-1,-1,-0.01,-1,-1,-0.01,-1,-1,-0.01,-1,-1,-0.01,-1,-1,-0.01,-1,-1,-0.01,-1,-1,-0.01,-1,-1,-0.01,-1,-1,-0.01,-1,-1
99926009,2026-05-18 09:49:50+05:30,52840.1,0,0.0,0,0.0,0.0,53282.15,53308.4,52831.1,53710.35,0,0.0,0.0,0.0,0.0,-0.01,-1,-1,-0.01,-1,-1,-0.01,-1,-1,-0.01,-1,-1,-0.01,-1,-1,-0.01,-1,-1,-0.01,-1,-1,-0.01,-1,-1,-0.01,-1,-1,-0.01,-1,-1
99926009,2026-05-18 09:49:50+05:30,52844.1,0,0.0,0,0.0,0.0,53282.15,53308.4,52831.1,53710.35,0,0.0,0.0,0.0,0.0,-0.01,-1,-1,-0.01,-1,-1,-0.01,-1,-1,-0.01,-1,-1,-0.01,-1,-1,-0.01,-1,-1,-0.01,-1,-1,-0.01,-1,-1,-0.01,-1,-1,-0.01,-1,-1
99926009,2026-05-18 09:49:51+05:30,52842.0,0,0.0,0,0.0,0.0,53282.15,53308.4,52831.1,53710.35,0,0.0,0.0,0.0,0.0,-0.01,-1,-1,-0.01,-1,-1,-0.01,-1,-1,-0.01,-1,-1,-0.01,-1,-1,-0.01,-1,-1,-0.01,-1,-1,-0.01,-1,-1,-0.01,-1,-1,-0.01,-1,-1
99926009,2026-05-18 09:49:51+05:30,52839.35,0,0.0,0,0.0,0.0,53282.15,53308.4,52831.1,53710.35,0,0.0,0.0,0.0,0.0,-0.01,-1,-1,-0.01,-1,-1,-0.01,-1,-1,-0.01,-1,-1,-0.01,-1,-1,-0.01,-1,-1,-0.01,-1,-1,-0.01,-1,-1,-0.01,-1,-1,-0.01,-1,-1
99926009,2026-05-18 09:49:52+05:30,52836.25,0,0.0,0,0.0,0.0,53282.15,53308.4,52831.1,53710.35,0,0.0,0.0,0.0,0.0,-0.01,-1,-1,-0.01,-1,-1,-0.01,-1,-1,-0.01,-1,-1,-0.01,-1,-1,-0.01,-1,-1,-0.01,-1,-1,-0.01,-1,-1,-0.01,-1,-1,-0.01,-1,-1
99926009,2026-05-18 09:49:52+05:30,52836.65,0,0.0,0,0.0,0.0,53282.15,53308.4,52831.1,53710.35,0,0.0,0.0,0.0,0.0,-0.01,-1,-1,-0.01,-1,-1,-0.01,-1,-1,-0.01,-1,-1,-0.01,-1,-1,-0.01,-1,-1,-0.01,-1,-1,-0.01,-1,-1,-0.01,-1,-1,-0.01,-1,-1
99926009,2026-05-18 09:49:53+05:30,52833.3,0,0.0,0,0.0,0.0,53282.15,53308.4,52831.1,53710.35,0,0.0,0.0,0.0,0.0,-0.01,-1,-1,-0.01,-1,-1,-0.01,-1,-1,-0.01,-1,-1,-0.01,-1,-1,-0.01,-1,-1,-0.01,-1,-1,-0.01,-1,-1,-0.01,-1,-1,-0.01,-1,-1
99926009,2026-05-18 09:49:53+05:30,52830.85,0,0.0,0,0.0,0.0,53282.15,53308.4,52828.55,53710.35,0,0.0,0.0,0.0,0.0,-0.01,-1,-1,-0.01,-1,-1,-0.01,-1,-1,-0.01,-1,-1,-0.01,-1,-1,-0.01,-1,-1,-0.01,-1,-1,-0.01,-1,-1,-0.01,-1,-1,-0.01,-1,-1
99926009,2026-05-18 09:49:54+05:30,52826.9,0,0.0,0,0.0,0.0,53282.15,53308.4,52825.15,53710.35,0,0.0,0.0,0.0,0.0,-0.01,-1,-1,-0.01,-1,-1,-0.01,-1,-1,-0.01,-1,-1,-0.01,-1,-1,-0.01,-1,-1,-0.01,-1,-1,-0.01,-1,-1,-0.01,-1,-1,-0.01,-1,-1
99926009,2026-05-18 09:49:54+05:30,52831.8,0,0.0,0,0.0,0.0,53282.15,53308.4,52825.15,53710.35,0,0.0,0.0,0.0,0.0,-0.01,-1,-1,-0.01,-1,-1,-0.01,-1,-1,-0.01,-1,-1,-0.01,-1,-1,-0.01,-1,-1,-0.01,-1,-1,-0.01,-1,-1,-0.01,-1,-1,-0.01,-1,-1
99926009,2026-05-18 09:49:55+05:30,52834.75,0,0.0,0,0.0,0.0,53282.15,53308.4,52825.15,53710.35,0,0.0,0.0,0.0,0.0,-0.01,-1,-1,-0.01,-1,-1,-0.01,-1,-1,-0.01,-1,-1,-0.01,-1,-1,-0.01,-1,-1,-0.01,-1,-1,-0.01,-1,-1,-0.01,-1,-1,-0.01,-1,-1
99926009,2026-05-18 09:49:55+05:30,52836.25,0,0.0,0,0.0,0.0,53282.15,53308.4,52825.15,53710.35,0,0.0,0.0,0.0,0.0,-0.01,-1,-1,-0.01,-1,-1,-0.01,-1,-1,-0.01,-1,-1,-0.01,-1,-1,-0.01,-1,-1,-0.01,-1,-1,-0.01,-1,-1,-0.01,-1,-1,-0.01,-1,-1
99926009,2026-05-18 09:49:56+05:30,52835.15,0,0.0,0,0.0,0.0,53282.15,53308.4,52825.15,53710.35,0,0.0,0.0,0.0,0.0,-0.01,-1,-1,-0.01,-1,-1,-0.01,-1,-1,-0.01,-1,-1,-0.01,-1,-1,-0.01,-1,-1,-0.01,-1,-1,-0.01,-1,-1,-0.01,-1,-1,-0.01,-1,-1
99926009,2026-05-18 09:49:56+05:30,52837.2,0,0.0,0,0.0,0.0,53282.15,53308.4,52825.15,53710.35,0,0.0,0.0,0.0,0.0,-0.01,-1,-1,-0.01,-1,-1,-0.01,-1,-1,-0.01,-1,-1,-0.01,-1,-1,-0.01,-1,-1,-0.01,-1,-1,-0.01,-1,-1,-0.01,-1,-1,-0.01,-1,-1
99926009,2026-05-18 09:49:57+05:30,52838.4,0,0.0,0,0.0,0.0,53282.15,53308.4,52825.15,53710.35,0,0.0,0.0,0.0,0.0,-0.01,-1,-1,-0.01,-1,-1,-0.01,-1,-1,-0.01,-1,-1,-0.01,-1,-1,-0.01,-1,-1,-0.01,-1,-1,-0.01,-1,-1,-0.01,-1,-1,-0.01,-1,-1
99926009,2026-05-18 09:49:57+05:30,52838.1,0,0.0,0,0.0,0.0,53282.15,53308.4,52825.15,53710.35,0,0.0,0.0,0.0,0.0,-0.01,-1,-1,-0.01,-1,-1,-0.01,-1,-1,-0.01,-1,-1,-0.01,-1,-1,-0.01,-1,-1,-0.01,-1,-1,-0.01,-1,-1,-0.01,-1,-1,-0.01,-1,-1
99926009,2026-05-18 09:49:58+05:30,52836.45,0,0.0,0,0.0,0.0,53282.15,53308.4,52825.15,53710.35,0,0.0,0.0,0.0,0.0,-0.01,-1,-1,-0.01,-1,-1,-0.01,-1,-1,-0.01,-1,-1,-0.01,-1,-1,-0.01,-1,-1,-0.01,-1,-1,-0.01,-1,-1,-0.01,-1,-1,-0.01,-1,-1
99926009,2026-05-18 09:49:58+05:30,52837.55,0,0.0,0,0.0,0.0,53282.15,53308.4,52825.15,53710.35,0,0.0,0.0,0.0,0.0,-0.01,-1,-1,-0.01,-1,-1,-0.01,-1,-1,-0.01,-1,-1,-0.01,-1,-1,-0.01,-1,-1,-0.01,-1,-1,-0.01,-1,-1,-0.01,-1,-1,-0.01,-1,-1
99926009,2026-05-18 09:49:59+05:30,52836.4,0,0.0,0,0.0,0.0,53282.15,53308.4,52825.15,53710.35,0,0.0,0.0,0.0,0.0,-0.01,-1,-1,-0.01,-1,-1,-0.01,-1,-1,-0.01,-1,-1,-0.01,-1,-1,-0.01,-1,-1,-0.01,-1,-1,-0.01,-1,-1,-0.01,-1,-1,-0.01,-1,-1
99926009,2026-05-18 09:49:59+05:30,52835.3,0,0.0,0,0.0,0.0,53282.15,53308.4,52825.15,53710.35,0,0.0,0.0,0.0,0.0,-0.01,-1,-1,-0.01,-1,-1,-0.01,-1,-1,-0.01,-1,-1,-0.01,-1,-1,-0.01,-1,-1,-0.01,-1,-1,-0.01,-1,-1,-0.01,-1,-1,-0.01,-1,-1
99926009,2026-05-18 09:50:00+05:30,52831.7,0,0.0,0,0.0,0.0,53282.15,53308.4,52825.15,53710.35,0,0.0,0.0,0.0,0.0,-0.01,-1,-1,-0.01,-1,-1,-0.01,-1,-1,-0.01,-1,-1,-0.01,-1,-1,-0.01,-1,-1,-0.01,-1,-1,-0.01,-1,-1,-0.01,-1,-1,-0.01,-1,-1
99926009,2026-05-18 09:50:00+05:30,52830.3,0,0.0,0,0.0,0.0,53282.15,53308.4,52825.15,53710.35,0,0.0,0.0,0.0,0.0,-0.01,-1,-1,-0.01,-1,-1,-0.01,-1,-1,-0.01,-1,-1,-0.01,-1,-1,-0.01,-1,-1,-0.01,-1,-1,-0.01,-1,-1,-0.01,-1,-1,-0.01,-1,-1
99926009,2026-05-18 09:50:01+05:30,52831.65,0,0.0,0,0.0,0.0,53282.15,53308.4,52825.15,53710.35,0,0.0,0.0,0.0,0.0,-0.01,-1,-1,-0.01,-1,-1,-0.01,-1,-1,-0.01,-1,-1,-0.01,-1,-1,-0.01,-1,-1,-0.01,-1,-1,-0.01,-1,-1,-0.01,-1,-1,-0.01,-1,-1
99926009,2026-05-18 09:50:01+05:30,52832.85,0,0.0,0,0.0,0.0,53282.15,53308.4,52825.15,53710.35,0,0.0,0.0,0.0,0.0,-0.01,-1,-1,-0.01,-1,-1,-0.01,-1,-1,-0.01,-1,-1,-0.01,-1,-1,-0.01,-1,-1,-0.01,-1,-1,-0.01,-1,-1,-0.01,-1,-1,-0.01,-1,-1
99926009,2026-05-18 09:50:02+05:30,52833.9,0,0.0,0,0.0,0.0,53282.15,53308.4,52825.15,53710.35,0,0.0,0.0,0.0,0.0,-0.01,-1,-1,-0.01,-1,-1,-0.01,-1,-1,-0.01,-1,-1,-0.01,-1,-1,-0.01,-1,-1,-0.01,-1,-1,-0.01,-1,-1,-0.01,-1,-1,-0.01,-1,-1
99926009,2026-05-18 09:50:02+05:30,52835.75,0,0.0,0,0.0,0.0,53282.15,53308.4,52825.15,53710.35,0,0.0,0.0,0.0,0.0,-0.01,-1,-1,-0.01,-1,-1,-0.01,-1,-1,-0.01,-1,-1,-0.01,-1,-1,-0.01,-1,-1,-0.01,-1,-1,-0.01,-1,-1,-0.01,-1,-1,-0.01,-1,-1
99926009,2026-05-18 09:50:03+05:30,52835.15,0,0.0,0,0.0,0.0,53282.15,53308.4,52825.15,53710.35,0,0.0,0.0,0.0,0.0,-0.01,-1,-1,-0.01,-1,-1,-0.01,-1,-1,-0.01,-1,-1,-0.01,-1,-1,-0.01,-1,-1,-0.01,-1,-1,-0.01,-1,-1,-0.01,-1,-1,-0.01,-1,-1
99926009,2026-05-18 09:50:03+05:30,52832.85,0,0.0,0,0.0,0.0,53282.15,53308.4,52825.15,53710.35,0,0.0,0.0,0.0,0.0,-0.01,-1,-1,-0.01,-1,-1,-0.01,-1,-1,-0.01,-1,-1,-0.01,-1,-1,-0.01,-1,-1,-0.01,-1,-1,-0.01,-1,-1,-0.01,-1,-1,-0.01,-1,-1
99926009,2026-05-18 09:50:04+05:30,52835.25,0,0.0,0,0.0,0.0,53282.15,53308.4,52825.15,53710.35,0,0.0,0.0,0.0,0.0,-0.01,-1,-1,-0.01,-1,-1,-0.01,-1,-1,-0.01,-1,-1,-0.01,-1,-1,-0.01,-1,-1,-0.01,-1,-1,-0.01,-1,-1,-0.01,-1,-1,-0.01,-1,-1
99926009,2026-05-18 09:50:04+05:30,52832.85,0,0.0,0,0.0,0.0,53282.15,53308.4,52825.15,53710.35,0,0.0,0.0,0.0,0.0,-0.01,-1,-1,-0.01,-1,-1,-0.01,-1,-1,-0.01,-1,-1,-0.01,-1,-1,-0.01,-1,-1,-0.01,-1,-1,-0.01,-1,-1,-0.01,-1,-1,-0.01,-1,-1
99926009,2026-05-18 09:50:05+05:30,52836.95,0,0.0,0,0.0,0.0,53282.15,53308.4,52825.15,53710.35,0,0.0,0.0,0.0,0.0,-0.01,-1,-1,-0.01,-1,-1,-0.01,-1,-1,-0.01,-1,-1,-0.01,-1,-1,-0.01,-1,-1,-0.01,-1,-1,-0.01,-1,-1,-0.01,-1,-1,-0.01,-1,-1
99926009,2026-05-18 09:50:05+05:30,52837.8,0,0.0,0,0.0,0.0,53282.15,53308.4,52825.15,53710.35,0,0.0,0.0,0.0,0.0,-0.01,-1,-1,-0.01,-1,-1,-0.01,-1,-1,-0.01,-1,-1,-0.01,-1,-1,-0.01,-1,-1,-0.01,-1,-1,-0.01,-1,-1,-0.01,-1,-1,-0.01,-1,-1
99926009,2026-05-18 09:50:06+05:30,52837.35,0,0.0,0,0.0,0.0,53282.15,53308.4,52825.15,53710.35,0,0.0,0.0,0.0,0.0,-0.01,-1,-1,-0.01,-1,-1,-0.01,-1,-1,-0.01,-1,-1,-0.01,-1,-1,-0.01,-1,-1,-0.01,-1,-1,-0.01,-1,-1,-0.01,-1,-1,-0.01,-1,-1
99926009,2026-05-18 09:50:06+05:30,52838.65,0,0.0,0,0.0,0.0,53282.15,53308.4,52825.15,53710.35,0,0.0,0.0,0.0,0.0,-0.01,-1,-1,-0.01,-1,-1,-0.01,-1,-1,-0.01,-1,-1,-0.01,-1,-1,-0.01,-1,-1,-0.01,-1,-1,-0.01,-1,-1,-0.01,-1,-1,-0.01,-1,-1
99926009,2026-05-18 09:50:07+05:30,52833.0,0,0.0,0,0.0,0.0,53282.15,53308.4,52825.15,53710.35,0,0.0,0.0,0.0,0.0,-0.01,-1,-1,-0.01,-1,-1,-0.01,-1,-1,-0.01,-1,-1,-0.01,-1,-1,-0.01,-1,-1,-0.01,-1,-1,-0.01,-1,-1,-0.01,-1,-1,-0.01,-1,-1
99926009,2026-05-18 09:50:07+05:30,52835.55,0,0.0,0,0.0,0.0,53282.15,53308.4,52825.15,53710.35,0,0.0,0.0,0.0,0.0,-0.01,-1,-1,-0.01,-1,-1,-0.01,-1,-1,-0.01,-1,-1,-0.01,-1,-1,-0.01,-1,-1,-0.01,-1,-1,-0.01,-1,-1,-0.01,-1,-1,-0.01,-1,-1
99926009,2026-05-18 09:50:08+05:30,52833.65,0,0.0,0,0.0,0.0,53282.15,53308.4,52825.15,53710.35,0,0.0,0.0,0.0,0.0,-0.01,-1,-1,-0.01,-1,-1,-0.01,-1,-1,-0.01,-1,-1,-0.01,-1,-1,-0.01,-1,-1,-0.01,-1,-1,-0.01,-1,-1,-0.01,-1,-1,-0.01,-1,-1
99926009,2026-05-18 09:50:08+05:30,52835.55,0,0.0,0,0.0,0.0,53282.15,53308.4,52825.15,53710.35,0,0.0,0.0,0.0,0.0,-0.01,-1,-1,-0.01,-1,-1,-0.01,-1,-1,-0.01,-1,-1,-0.01,-1,-1,-0.01,-1,-1,-0.01,-1,-1,-0.01,-1,-1,-0.01,-1,-1,-0.01,-1,-1
99926009,2026-05-18 09:50:09+05:30,52833.0,0,0.0,0,0.0,0.0,53282.15,53308.4,52825.15,53710.35,0,0.0,0.0,0.0,0.0,-0.01,-1,-1,-0.01,-1,-1,-0.01,-1,-1,-0.01,-1,-1,-0.01,-1,-1,-0.01,-1,-1,-0.01,-1,-1,-0.01,-1,-1,-0.01,-1,-1,-0.01,-1,-1
99926009,2026-05-18 09:50:09+05:30,52835.55,0,0.0,0,0.0,0.0,53282.15,53308.4,52825.15,53710.35,0,0.0,0.0,0.0,0.0,-0.01,-1,-1,-0.01,-1,-1,-0.01,-1,-1,-0.01,-1,-1,-0.01,-1,-1,-0.01,-1,-1,-0.01,-1,-1,-0.01,-1,-1,-0.01,-1,-1,-0.01,-1,-1
99926009,2026-05-18 09:50:10+05:30,52834.8,0,0.0,0,0.0,0.0,53282.15,53308.4,52825.15,53710.35,0,0.0,0.0,0.0,0.0,-0.01,-1,-1,-0.01,-1,-1,-0.01,-1,-1,-0.01,-1,-1,-0.01,-1,-1,-0.01,-1,-1,-0.01,-1,-1,-0.01,-1,-1,-0.01,-1,-1,-0.01,-1,-1
99926009,2026-05-18 09:50:10+05:30,52837.9,0,0.0,0,0.0,0.0,53282.15,53308.4,52825.15,53710.35,0,0.0,0.0,0.0,0.0,-0.01,-1,-1,-0.01,-1,-1,-0.01,-1,-1,-0.01,-1,-1,-0.01,-1,-1,-0.01,-1,-1,-0.01,-1,-1,-0.01,-1,-1,-0.01,-1,-1,-0.01,-1,-1
99926009,2026-05-18 09:50:11+05:30,52834.8,0,0.0,0,0.0,0.0,53282.15,53308.4,52825.15,53710.35,0,0.0,0.0,0.0,0.0,-0.01,-1,-1,-0.01,-1,-1,-0.01,-1,-1,-0.01,-1,-1,-0.01,-1,-1,-0.01,-1,-1,-0.01,-1,-1,-0.01,-1,-1,-0.01,-1,-1,-0.01,-1,-1
99926009,2026-05-18 09:50:11+05:30,52839.8,0,0.0,0,0.0,0.0,53282.15,53308.4,52825.15,53710.35,0,0.0,0.0,0.0,0.0,-0.01,-1,-1,-0.01,-1,-1,-0.01,-1,-1,-0.01,-1,-1,-0.01,-1,-1,-0.01,-1,-1,-0.01,-1,-1,-0.01,-1,-1,-0.01,-1,-1,-0.01,-1,-1
99926009,2026-05-18 09:50:12+05:30,52837.7,0,0.0,0,0.0,0.0,53282.15,53308.4,52825.15,53710.35,0,0.0,0.0,0.0,0.0,-0.01,-1,-1,-0.01,-1,-1,-0.01,-1,-1,-0.01,-1,-1,-0.01,-1,-1,-0.01,-1,-1,-0.01,-1,-1,-0.01,-1,-1,-0.01,-1,-1,-0.01,-1,-1
99926009,2026-05-18 09:50:12+05:30,52835.75,0,0.0,0,0.0,0.0,53282.15,53308.4,52825.15,53710.35,0,0.0,0.0,0.0,0.0,-0.01,-1,-1,-0.01,-1,-1,-0.01,-1,-1,-0.01,-1,-1,-0.01,-1,-1,-0.01,-1,-1,-0.01,-1,-1,-0.01,-1,-1,-0.01,-1,-1,-0.01,-1,-1
99926009,2026-05-18 09:50:13+05:30,52835.25,0,0.0,0,0.0,0.0,53282.15,53308.4,52825.15,53710.35,0,0.0,0.0,0.0,0.0,-0.01,-1,-1,-0.01,-1,-1,-0.01,-1,-1,-0.01,-1,-1,-0.01,-1,-1,-0.01,-1,-1,-0.01,-1,-1,-0.01,-1,-1,-0.01,-1,-1,-0.01,-1,-1
99926009,2026-05-18 09:50:13+05:30,52836.35,0,0.0,0,0.0,0.0,53282.15,53308.4,52825.15,53710.35,0,0.0,0.0,0.0,0.0,-0.01,-1,-1,-0.01,-1,-1,-0.01,-1,-1,-0.01,-1,-1,-0.01,-1,-1,-0.01,-1,-1,-0.01,-1,-1,-0.01,-1,-1,-0.01,-1,-1,-0.01,-1,-1
99926009,2026-05-18 09:50:14+05:30,52836.4,0,0.0,0,0.0,0.0,53282.15,53308.4,52825.15,53710.35,0,0.0,0.0,0.0,0.0,-0.01,-1,-1,-0.01,-1,-1,-0.01,-1,-1,-0.01,-1,-1,-0.01,-1,-1,-0.01,-1,-1,-0.01,-1,-1,-0.01,-1,-1,-0.01,-1,-1,-0.01,-1,-1
99926009,2026-05-18 09:50:14+05:30,52835.55,0,0.0,0,0.0,0.0,53282.15,53308.4,52825.15,53710.35,0,0.0,0.0,0.0,0.0,-0.01,-1,-1,-0.01,-1,-1,-0.01,-1,-1,-0.01,-1,-1,-0.01,-1,-1,-0.01,-1,-1,-0.01,-1,-1,-0.01,-1,-1,-0.01,-1,-1,-0.01,-1,-1
99926009,2026-05-18 09:50:15+05:30,52832.8,0,0.0,0,0.0,0.0,53282.15,53308.4,52825.15,53710.35,0,0.0,0.0,0.0,0.0,-0.01,-1,-1,-0.01,-1,-1,-0.01,-1,-1,-0.01,-1,-1,-0.01,-1,-1,-0.01,-1,-1,-0.01,-1,-1,-0.01,-1,-1,-0.01,-1,-1,-0.01,-1,-1
99926009,2026-05-18 09:50:15+05:30,52834.65,0,0.0,0,0.0,0.0,53282.15,53308.4,52825.15,53710.35,0,0.0,0.0,0.0,0.0,-0.01,-1,-1,-0.01,-1,-1,-0.01,-1,-1,-0.01,-1,-1,-0.01,-1,-1,-0.01,-1,-1,-0.01,-1,-1,-0.01,-1,-1,-0.01,-1,-1,-0.01,-1,-1
99926009,2026-05-18 09:50:16+05:30,52832.1,0,0.0,0,0.0,0.0,53282.15,53308.4,52825.15,53710.35,0,0.0,0.0,0.0,0.0,-0.01,-1,-1,-0.01,-1,-1,-0.01,-1,-1,-0.01,-1,-1,-0.01,-1,-1,-0.01,-1,-1,-0.01,-1,-1,-0.01,-1,-1,-0.01,-1,-1,-0.01,-1,-1
99926009,2026-05-18 09:50:16+05:30,52831.25,0,0.0,0,0.0,0.0,53282.15,53308.4,52825.15,53710.35,0,0.0,0.0,0.0,0.0,-0.01,-1,-1,-0.01,-1,-1,-0.01,-1,-1,-0.01,-1,-1,-0.01,-1,-1,-0.01,-1,-1,-0.01,-1,-1,-0.01,-1,-1,-0.01,-1,-1,-0.01,-1,-1
99926009,2026-05-18 09:50:17+05:30,52832.4,0,0.0,0,0.0,0.0,53282.15,53308.4,52825.15,53710.35,0,0.0,0.0,0.0,0.0,-0.01,-1,-1,-0.01,-1,-1,-0.01,-1,-1,-0.01,-1,-1,-0.01,-1,-1,-0.01,-1,-1,-0.01,-1,-1,-0.01,-1,-1,-0.01,-1,-1,-0.01,-1,-1
99926009,2026-05-18 09:50:17+05:30,52834.1,0,0.0,0,0.0,0.0,53282.15,53308.4,52825.15,53710.35,0,0.0,0.0,0.0,0.0,-0.01,-1,-1,-0.01,-1,-1,-0.01,-1,-1,-0.01,-1,-1,-0.01,-1,-1,-0.01,-1,-1,-0.01,-1,-1,-0.01,-1,-1,-0.01,-1,-1,-0.01,-1,-1
99926009,2026-05-18 09:50:18+05:30,52838.55,0,0.0,0,0.0,0.0,53282.15,53308.4,52825.15,53710.35,0,0.0,0.0,0.0,0.0,-0.01,-1,-1,-0.01,-1,-1,-0.01,-1,-1,-0.01,-1,-1,-0.01,-1,-1,-0.01,-1,-1,-0.01,-1,-1,-0.01,-1,-1,-0.01,-1,-1,-0.01,-1,-1
99926009,2026-05-18 09:50:18+05:30,52841.5,0,0.0,0,0.0,0.0,53282.15,53308.4,52825.15,53710.35,0,0.0,0.0,0.0,0.0,-0.01,-1,-1,-0.01,-1,-1,-0.01,-1,-1,-0.01,-1,-1,-0.01,-1,-1,-0.01,-1,-1,-0.01,-1,-1,-0.01,-1,-1,-0.01,-1,-1,-0.01,-1,-1
99926009,2026-05-18 09:50:19+05:30,52840.4,0,0.0,0,0.0,0.0,53282.15,53308.4,52825.15,53710.35,0,0.0,0.0,0.0,0.0,-0.01,-1,-1,-0.01,-1,-1,-0.01,-1,-1,-0.01,-1,-1,-0.01,-1,-1,-0.01,-1,-1,-0.01,-1,-1,-0.01,-1,-1,-0.01,-1,-1,-0.01,-1,-1
99926009,2026-05-18 09:50:19+05:30,52840.3,0,0.0,0,0.0,0.0,53282.15,53308.4,52825.15,53710.35,0,0.0,0.0,0.0,0.0,-0.01,-1,-1,-0.01,-1,-1,-0.01,-1,-1,-0.01,-1,-1,-0.01,-1,-1,-0.01,-1,-1,-0.01,-1,-1,-0.01,-1,-1,-0.01,-1,-1,-0.01,-1,-1
99926009,2026-05-18 09:50:20+05:30,52842.5,0,0.0,0,0.0,0.0,53282.15,53308.4,52825.15,53710.35,0,0.0,0.0,0.0,0.0,-0.01,-1,-1,-0.01,-1,-1,-0.01,-1,-1,-0.01,-1,-1,-0.01,-1,-1,-0.01,-1,-1,-0.01,-1,-1,-0.01,-1,-1,-0.01,-1,-1,-0.01,-1,-1
99926009,2026-05-18 09:50:20+05:30,52843.55,0,0.0,0,0.0,0.0,53282.15,53308.4,52825.15,53710.35,0,0.0,0.0,0.0,0.0,-0.01,-1,-1,-0.01,-1,-1,-0.01,-1,-1,-0.01,-1,-1,-0.01,-1,-1,-0.01,-1,-1,-0.01,-1,-1,-0.01,-1,-1,-0.01,-1,-1,-0.01,-1,-1
99926009,2026-05-18 09:50:21+05:30,52838.6,0,0.0,0,0.0,0.0,53282.15,53308.4,52825.15,53710.35,0,0.0,0.0,0.0,0.0,-0.01,-1,-1,-0.01,-1,-1,-0.01,-1,-1,-0.01,-1,-1,-0.01,-1,-1,-0.01,-1,-1,-0.01,-1,-1,-0.01,-1,-1,-0.01,-1,-1,-0.01,-1,-1
99926009,2026-05-18 09:50:21+05:30,52839.2,0,0.0,0,0.0,0.0,53282.15,53308.4,52825.15,53710.35,0,0.0,0.0,0.0,0.0,-0.01,-1,-1,-0.01,-1,-1,-0.01,-1,-1,-0.01,-1,-1,-0.01,-1,-1,-0.01,-1,-1,-0.01,-1,-1,-0.01,-1,-1,-0.01,-1,-1,-0.01,-1,-1
99926009,2026-05-18 09:50:22+05:30,52847.4,0,0.0,0,0.0,0.0,53282.15,53308.4,52825.15,53710.35,0,0.0,0.0,0.0,0.0,-0.01,-1,-1,-0.01,-1,-1,-0.01,-1,-1,-0.01,-1,-1,-0.01,-1,-1,-0.01,-1,-1,-0.01,-1,-1,-0.01,-1,-1,-0.01,-1,-1,-0.01,-1,-1
99926009,2026-05-18 09:50:22+05:30,52845.2,0,0.0,0,0.0,0.0,53282.15,53308.4,52825.15,53710.35,0,0.0,0.0,0.0,0.0,-0.01,-1,-1,-0.01,-1,-1,-0.01,-1,-1,-0.01,-1,-1,-0.01,-1,-1,-0.01,-1,-1,-0.01,-1,-1,-0.01,-1,-1,-0.01,-1,-1,-0.01,-1,-1
99926009,2026-05-18 09:50:23+05:30,52846.45,0,0.0,0,0.0,0.0,53282.15,53308.4,52825.15,53710.35,0,0.0,0.0,0.0,0.0,-0.01,-1,-1,-0.01,-1,-1,-0.01,-1,-1,-0.01,-1,-1,-0.01,-1,-1,-0.01,-1,-1,-0.01,-1,-1,-0.01,-1,-1,-0.01,-1,-1,-0.01,-1,-1
99926009,2026-05-18 09:50:23+05:30,52845.15,0,0.0,0,0.0,0.0,53282.15,53308.4,52825.15,53710.35,0,0.0,0.0,0.0,0.0,-0.01,-1,-1,-0.01,-1,-1,-0.01,-1,-1,-0.01,-1,-1,-0.01,-1,-1,-0.01,-1,-1,-0.01,-1,-1,-0.01,-1,-1,-0.01,-1,-1,-0.01,-1,-1
99926009,2026-05-18 09:50:24+05:30,52843.6,0,0.0,0,0.0,0.0,53282.15,53308.4,52825.15,53710.35,0,0.0,0.0,0.0,0.0,-0.01,-1,-1,-0.01,-1,-1,-0.01,-1,-1,-0.01,-1,-1,-0.01,-1,-1,-0.01,-1,-1,-0.01,-1,-1,-0.01,-1,-1,-0.01,-1,-1,-0.01,-1,-1
99926009,2026-05-18 09:50:24+05:30,52840.95,0,0.0,0,0.0,0.0,53282.15,53308.4,52825.15,53710.35,0,0.0,0.0,0.0,0.0,-0.01,-1,-1,-0.01,-1,-1,-0.01,-1,-1,-0.01,-1,-1,-0.01,-1,-1,-0.01,-1,-1,-0.01,-1,-1,-0.01,-1,-1,-0.01,-1,-1,-0.01,-1,-1
99926009,2026-05-18 09:50:25+05:30,52840.55,0,0.0,0,0.0,0.0,53282.15,53308.4,52825.15,53710.35,0,0.0,0.0,0.0,0.0,-0.01,-1,-1,-0.01,-1,-1,-0.01,-1,-1,-0.01,-1,-1,-0.01,-1,-1,-0.01,-1,-1,-0.01,-1,-1,-0.01,-1,-1,-0.01,-1,-1,-0.01,-1,-1
99926009,2026-05-18 09:50:25+05:30,52840.8,0,0.0,0,0.0,0.0,53282.15,53308.4,52825.15,53710.35,0,0.0,0.0,0.0,0.0,-0.01,-1,-1,-0.01,-1,-1,-0.01,-1,-1,-0.01,-1,-1,-0.01,-1,-1,-0.01,-1,-1,-0.01,-1,-1,-0.01,-1,-1,-0.01,-1,-1,-0.01,-1,-1
99926009,2026-05-18 09:50:26+05:30,52842.25,0,0.0,0,0.0,0.0,53282.15,53308.4,52825.15,53710.35,0,0.0,0.0,0.0,0.0,-0.01,-1,-1,-0.01,-1,-1,-0.01,-1,-1,-0.01,-1,-1,-0.01,-1,-1,-0.01,-1,-1,-0.01,-1,-1,-0.01,-1,-1,-0.01,-1,-1,-0.01,-1,-1
99926009,2026-05-18 09:50:26+05:30,52841.25,0,0.0,0,0.0,0.0,53282.15,53308.4,52825.15,53710.35,0,0.0,0.0,0.0,0.0,-0.01,-1,-1,-0.01,-1,-1,-0.01,-1,-1,-0.01,-1,-1,-0.01,-1,-1,-0.01,-1,-1,-0.01,-1,-1,-0.01,-1,-1,-0.01,-1,-1,-0.01,-1,-1
99926009,2026-05-18 09:50:27+05:30,52842.8,0,0.0,0,0.0,0.0,53282.15,53308.4,52825.15,53710.35,0,0.0,0.0,0.0,0.0,-0.01,-1,-1,-0.01,-1,-1,-0.01,-1,-1,-0.01,-1,-1,-0.01,-1,-1,-0.01,-1,-1,-0.01,-1,-1,-0.01,-1,-1,-0.01,-1,-1,-0.01,-1,-1
99926009,2026-05-18 09:50:27+05:30,52842.05,0,0.0,0,0.0,0.0,53282.15,53308.4,52825.15,53710.35,0,0.0,0.0,0.0,0.0,-0.01,-1,-1,-0.01,-1,-1,-0.01,-1,-1,-0.01,-1,-1,-0.01,-1,-1,-0.01,-1,-1,-0.01,-1,-1,-0.01,-1,-1,-0.01,-1,-1,-0.01,-1,-1
99926009,2026-05-18 09:50:28+05:30,52841.7,0,0.0,0,0.0,0.0,53282.15,53308.4,52825.15,53710.35,0,0.0,0.0,0.0,0.0,-0.01,-1,-1,-0.01,-1,-1,-0.01,-1,-1,-0.01,-1,-1,-0.01,-1,-1,-0.01,-1,-1,-0.01,-1,-1,-0.01,-1,-1,-0.01,-1,-1,-0.01,-1,-1
99926009,2026-05-18 09:50:28+05:30,52842.05,0,0.0,0,0.0,0.0,53282.15,53308.4,52825.15,53710.35,0,0.0,0.0,0.0,0.0,-0.01,-1,-1,-0.01,-1,-1,-0.01,-1,-1,-0.01,-1,-1,-0.01,-1,-1,-0.01,-1,-1,-0.01,-1,-1,-0.01,-1,-1,-0.01,-1,-1,-0.01,-1,-1
99926009,2026-05-18 09:50:29+05:30,52841.35,0,0.0,0,0.0,0.0,53282.15,53308.4,52825.15,53710.35,0,0.0,0.0,0.0,0.0,-0.01,-1,-1,-0.01,-1,-1,-0.01,-1,-1,-0.01,-1,-1,-0.01,-1,-1,-0.01,-1,-1,-0.01,-1,-1,-0.01,-1,-1,-0.01,-1,-1,-0.01,-1,-1
99926009,2026-05-18 09:50:29+05:30,52841.3,0,0.0,0,0.0,0.0,53282.15,53308.4,52825.15,53710.35,0,0.0,0.0,0.0,0.0,-0.01,-1,-1,-0.01,-1,-1,-0.01,-1,-1,-0.01,-1,-1,-0.01,-1,-1,-0.01,-1,-1,-0.01,-1,-1,-0.01,-1,-1,-0.01,-1,-1,-0.01,-1,-1
99926009,2026-05-18 09:50:30+05:30,52843.2,0,0.0,0,0.0,0.0,53282.15,53308.4,52825.15,53710.35,0,0.0,0.0,0.0,0.0,-0.01,-1,-1,-0.01,-1,-1,-0.01,-1,-1,-0.01,-1,-1,-0.01,-1,-1,-0.01,-1,-1,-0.01,-1,-1,-0.01,-1,-1,-0.01,-1,-1,-0.01,-1,-1
99926009,2026-05-18 09:50:30+05:30,52841.6,0,0.0,0,0.0,0.0,53282.15,53308.4,52825.15,53710.35,0,0.0,0.0,0.0,0.0,-0.01,-1,-1,-0.01,-1,-1,-0.01,-1,-1,-0.01,-1,-1,-0.01,-1,-1,-0.01,-1,-1,-0.01,-1,-1,-0.01,-1,-1,-0.01,-1,-1,-0.01,-1,-1
99926009,2026-05-18 09:50:31+05:30,52839.45,0,0.0,0,0.0,0.0,53282.15,53308.4,52825.15,53710.35,0,0.0,0.0,0.0,0.0,-0.01,-1,-1,-0.01,-1,-1,-0.01,-1,-1,-0.01,-1,-1,-0.01,-1,-1,-0.01,-1,-1,-0.01,-1,-1,-0.01,-1,-1,-0.01,-1,-1,-0.01,-1,-1
99926009,2026-05-18 09:50:31+05:30,52837.6,0,0.0,0,0.0,0.0,53282.15,53308.4,52825.15,53710.35,0,0.0,0.0,0.0,0.0,-0.01,-1,-1,-0.01,-1,-1,-0.01,-1,-1,-0.01,-1,-1,-0.01,-1,-1,-0.01,-1,-1,-0.01,-1,-1,-0.01,-1,-1,-0.01,-1,-1,-0.01,-1,-1
99926009,2026-05-18 09:50:32+05:30,52841.35,0,0.0,0,0.0,0.0,53282.15,53308.4,52825.15,53710.35,0,0.0,0.0,0.0,0.0,-0.01,-1,-1,-0.01,-1,-1,-0.01,-1,-1,-0.01,-1,-1,-0.01,-1,-1,-0.01,-1,-1,-0.01,-1,-1,-0.01,-1,-1,-0.01,-1,-1,-0.01,-1,-1
99926009,2026-05-18 09:50:32+05:30,52840.25,0,0.0,0,0.0,0.0,53282.15,53308.4,52825.15,53710.35,0,0.0,0.0,0.0,0.0,-0.01,-1,-1,-0.01,-1,-1,-0.01,-1,-1,-0.01,-1,-1,-0.01,-1,-1,-0.01,-1,-1,-0.01,-1,-1,-0.01,-1,-1,-0.01,-1,-1,-0.01,-1,-1
99926009,2026-05-18 09:50:33+05:30,52833.25,0,0.0,0,0.0,0.0,53282.15,53308.4,52825.15,53710.35,0,0.0,0.0,0.0,0.0,-0.01,-1,-1,-0.01,-1,-1,-0.01,-1,-1,-0.01,-1,-1,-0.01,-1,-1,-0.01,-1,-1,-0.01,-1,-1,-0.01,-1,-1,-0.01,-1,-1,-0.01,-1,-1
99926009,2026-05-18 09:50:33+05:30,52838.6,0,0.0,0,0.0,0.0,53282.15,53308.4,52825.15,53710.35,0,0.0,0.0,0.0,0.0,-0.01,-1,-1,-0.01,-1,-1,-0.01,-1,-1,-0.01,-1,-1,-0.01,-1,-1,-0.01,-1,-1,-0.01,-1,-1,-0.01,-1,-1,-0.01,-1,-1,-0.01,-1,-1
99926009,2026-05-18 09:50:34+05:30,52840.3,0,0.0,0,0.0,0.0,53282.15,53308.4,52825.15,53710.35,0,0.0,0.0,0.0,0.0,-0.01,-1,-1,-0.01,-1,-1,-0.01,-1,-1,-0.01,-1,-1,-0.01,-1,-1,-0.01,-1,-1,-0.01,-1,-1,-0.01,-1,-1,-0.01,-1,-1,-0.01,-1,-1
99926009,2026-05-18 09:50:34+05:30,52840.75,0,0.0,0,0.0,0.0,53282.15,53308.4,52825.15,53710.35,0,0.0,0.0,0.0,0.0,-0.01,-1,-1,-0.01,-1,-1,-0.01,-1,-1,-0.01,-1,-1,-0.01,-1,-1,-0.01,-1,-1,-0.01,-1,-1,-0.01,-1,-1,-0.01,-1,-1,-0.01,-1,-1
99926009,2026-05-18 09:50:35+05:30,52839.75,0,0.0,0,0.0,0.0,53282.15,53308.4,52825.15,53710.35,0,0.0,0.0,0.0,0.0,-0.01,-1,-1,-0.01,-1,-1,-0.01,-1,-1,-0.01,-1,-1,-0.01,-1,-1,-0.01,-1,-1,-0.01,-1,-1,-0.01,-1,-1,-0.01,-1,-1,-0.01,-1,-1
99926009,2026-05-18 09:50:35+05:30,52839.65,0,0.0,0,0.0,0.0,53282.15,53308.4,52825.15,53710.35,0,0.0,0.0,0.0,0.0,-0.01,-1,-1,-0.01,-1,-1,-0.01,-1,-1,-0.01,-1,-1,-0.01,-1,-1,-0.01,-1,-1,-0.01,-1,-1,-0.01,-1,-1,-0.01,-1,-1,-0.01,-1,-1
99926009,2026-05-18 09:50:36+05:30,52839.4,0,0.0,0,0.0,0.0,53282.15,53308.4,52825.15,53710.35,0,0.0,0.0,0.0,0.0,-0.01,-1,-1,-0.01,-1,-1,-0.01,-1,-1,-0.01,-1,-1,-0.01,-1,-1,-0.01,-1,-1,-0.01,-1,-1,-0.01,-1,-1,-0.01,-1,-1,-0.01,-1,-1
99926009,2026-05-18 09:50:36+05:30,52838.7,0,0.0,0,0.0,0.0,53282.15,53308.4,52825.15,53710.35,0,0.0,0.0,0.0,0.0,-0.01,-1,-1,-0.01,-1,-1,-0.01,-1,-1,-0.01,-1,-1,-0.01,-1,-1,-0.01,-1,-1,-0.01,-1,-1,-0.01,-1,-1,-0.01,-1,-1,-0.01,-1,-1
99926009,2026-05-18 09:50:37+05:30,52837.6,0,0.0,0,0.0,0.0,53282.15,53308.4,52825.15,53710.35,0,0.0,0.0,0.0,0.0,-0.01,-1,-1,-0.01,-1,-1,-0.01,-1,-1,-0.01,-1,-1,-0.01,-1,-1,-0.01,-1,-1,-0.01,-1,-1,-0.01,-1,-1,-0.01,-1,-1,-0.01,-1,-1
99926009,2026-05-18 09:50:37+05:30,52837.25,0,0.0,0,0.0,0.0,53282.15,53308.4,52825.15,53710.35,0,0.0,0.0,0.0,0.0,-0.01,-1,-1,-0.01,-1,-1,-0.01,-1,-1,-0.01,-1,-1,-0.01,-1,-1,-0.01,-1,-1,-0.01,-1,-1,-0.01,-1,-1,-0.01,-1,-1,-0.01,-1,-1
99926009,2026-05-18 09:50:38+05:30,52835.4,0,0.0,0,0.0,0.0,53282.15,53308.4,52825.15,53710.35,0,0.0,0.0,0.0,0.0,-0.01,-1,-1,-0.01,-1,-1,-0.01,-1,-1,-0.01,-1,-1,-0.01,-1,-1,-0.01,-1,-1,-0.01,-1,-1,-0.01,-1,-1,-0.01,-1,-1,-0.01,-1,-1
99926009,2026-05-18 09:50:38+05:30,52832.8,0,0.0,0,0.0,0.0,53282.15,53308.4,52825.15,53710.35,0,0.0,0.0,0.0,0.0,-0.01,-1,-1,-0.01,-1,-1,-0.01,-1,-1,-0.01,-1,-1,-0.01,-1,-1,-0.01,-1,-1,-0.01,-1,-1,-0.01,-1,-1,-0.01,-1,-1,-0.01,-1,-1
99926009,2026-05-18 09:50:39+05:30,52834.45,0,0.0,0,0.0,0.0,53282.15,53308.4,52825.15,53710.35,0,0.0,0.0,0.0,0.0,-0.01,-1,-1,-0.01,-1,-1,-0.01,-1,-1,-0.01,-1,-1,-0.01,-1,-1,-0.01,-1,-1,-0.01,-1,-1,-0.01,-1,-1,-0.01,-1,-1,-0.01,-1,-1
99926009,2026-05-18 09:50:39+05:30,52832.95,0,0.0,0,0.0,0.0,53282.15,53308.4,52825.15,53710.35,0,0.0,0.0,0.0,0.0,-0.01,-1,-1,-0.01,-1,-1,-0.01,-1,-1,-0.01,-1,-1,-0.01,-1,-1,-0.01,-1,-1,-0.01,-1,-1,-0.01,-1,-1,-0.01,-1,-1,-0.01,-1,-1
99926009,2026-05-18 09:50:40+05:30,52835.4,0,0.0,0,0.0,0.0,53282.15,53308.4,52825.15,53710.35,0,0.0,0.0,0.0,0.0,-0.01,-1,-1,-0.01,-1,-1,-0.01,-1,-1,-0.01,-1,-1,-0.01,-1,-1,-0.01,-1,-1,-0.01,-1,-1,-0.01,-1,-1,-0.01,-1,-1,-0.01,-1,-1
99926009,2026-05-18 09:50:40+05:30,52832.85,0,0.0,0,0.0,0.0,53282.15,53308.4,52825.15,53710.35,0,0.0,0.0,0.0,0.0,-0.01,-1,-1,-0.01,-1,-1,-0.01,-1,-1,-0.01,-1,-1,-0.01,-1,-1,-0.01,-1,-1,-0.01,-1,-1,-0.01,-1,-1,-0.01,-1,-1,-0.01,-1,-1
99926009,2026-05-18 09:50:41+05:30,52831.05,0,0.0,0,0.0,0.0,53282.15,53308.4,52825.15,53710.35,0,0.0,0.0,0.0,0.0,-0.01,-1,-1,-0.01,-1,-1,-0.01,-1,-1,-0.01,-1,-1,-0.01,-1,-1,-0.01,-1,-1,-0.01,-1,-1,-0.01,-1,-1,-0.01,-1,-1,-0.01,-1,-1
99926009,2026-05-18 09:50:41+05:30,52832.7,0,0.0,0,0.0,0.0,53282.15,53308.4,52825.15,53710.35,0,0.0,0.0,0.0,0.0,-0.01,-1,-1,-0.01,-1,-1,-0.01,-1,-1,-0.01,-1,-1,-0.01,-1,-1,-0.01,-1,-1,-0.01,-1,-1,-0.01,-1,-1,-0.01,-1,-1,-0.01,-1,-1
99926009,2026-05-18 09:50:42+05:30,52833.75,0,0.0,0,0.0,0.0,53282.15,53308.4,52825.15,53710.35,0,0.0,0.0,0.0,0.0,-0.01,-1,-1,-0.01,-1,-1,-0.01,-1,-1,-0.01,-1,-1,-0.01,-1,-1,-0.01,-1,-1,-0.01,-1,-1,-0.01,-1,-1,-0.01,-1,-1,-0.01,-1,-1
99926009,2026-05-18 09:50:42+05:30,52833.0,0,0.0,0,0.0,0.0,53282.15,53308.4,52825.15,53710.35,0,0.0,0.0,0.0,0.0,-0.01,-1,-1,-0.01,-1,-1,-0.01,-1,-1,-0.01,-1,-1,-0.01,-1,-1,-0.01,-1,-1,-0.01,-1,-1,-0.01,-1,-1,-0.01,-1,-1,-0.01,-1,-1
99926009,2026-05-18 09:50:43+05:30,52832.8,0,0.0,0,0.0,0.0,53282.15,53308.4,52825.15,53710.35,0,0.0,0.0,0.0,0.0,-0.01,-1,-1,-0.01,-1,-1,-0.01,-1,-1,-0.01,-1,-1,-0.01,-1,-1,-0.01,-1,-1,-0.01,-1,-1,-0.01,-1,-1,-0.01,-1,-1,-0.01,-1,-1
99926009,2026-05-18 09:50:43+05:30,52834.1,0,0.0,0,0.0,0.0,53282.15,53308.4,52825.15,53710.35,0,0.0,0.0,0.0,0.0,-0.01,-1,-1,-0.01,-1,-1,-0.01,-1,-1,-0.01,-1,-1,-0.01,-1,-1,-0.01,-1,-1,-0.01,-1,-1,-0.01,-1,-1,-0.01,-1,-1,-0.01,-1,-1
99926009,2026-05-18 09:50:44+05:30,52831.45,0,0.0,0,0.0,0.0,53282.15,53308.4,52825.15,53710.35,0,0.0,0.0,0.0,0.0,-0.01,-1,-1,-0.01,-1,-1,-0.01,-1,-1,-0.01,-1,-1,-0.01,-1,-1,-0.01,-1,-1,-0.01,-1,-1,-0.01,-1,-1,-0.01,-1,-1,-0.01,-1,-1
99926009,2026-05-18 09:50:44+05:30,52833.7,0,0.0,0,0.0,0.0,53282.15,53308.4,52825.15,53710.35,0,0.0,0.0,0.0,0.0,-0.01,-1,-1,-0.01,-1,-1,-0.01,-1,-1,-0.01,-1,-1,-0.01,-1,-1,-0.01,-1,-1,-0.01,-1,-1,-0.01,-1,-1,-0.01,-1,-1,-0.01,-1,-1
99926009,2026-05-18 09:50:45+05:30,52834.3,0,0.0,0,0.0,0.0,53282.15,53308.4,52825.15,53710.35,0,0.0,0.0,0.0,0.0,-0.01,-1,-1,-0.01,-1,-1,-0.01,-1,-1,-0.01,-1,-1,-0.01,-1,-1,-0.01,-1,-1,-0.01,-1,-1,-0.01,-1,-1,-0.01,-1,-1,-0.01,-1,-1
99926009,2026-05-18 09:50:45+05:30,52833.15,0,0.0,0,0.0,0.0,53282.15,53308.4,52825.15,53710.35,0,0.0,0.0,0.0,0.0,-0.01,-1,-1,-0.01,-1,-1,-0.01,-1,-1,-0.01,-1,-1,-0.01,-1,-1,-0.01,-1,-1,-0.01,-1,-1,-0.01,-1,-1,-0.01,-1,-1,-0.01,-1,-1
99926009,2026-05-18 09:50:46+05:30,52830.5,0,0.0,0,0.0,0.0,53282.15,53308.4,52825.15,53710.35,0,0.0,0.0,0.0,0.0,-0.01,-1,-1,-0.01,-1,-1,-0.01,-1,-1,-0.01,-1,-1,-0.01,-1,-1,-0.01,-1,-1,-0.01,-1,-1,-0.01,-1,-1,-0.01,-1,-1,-0.01,-1,-1
99926009,2026-05-18 09:50:46+05:30,52832.15,0,0.0,0,0.0,0.0,53282.15,53308.4,52825.15,53710.35,0,0.0,0.0,0.0,0.0,-0.01,-1,-1,-0.01,-1,-1,-0.01,-1,-1,-0.01,-1,-1,-0.01,-1,-1,-0.01,-1,-1,-0.01,-1,-1,-0.01,-1,-1,-0.01,-1,-1,-0.01,-1,-1
99926009,2026-05-18 09:50:47+05:30,52836.45,0,0.0,0,0.0,0.0,53282.15,53308.4,52825.15,53710.35,0,0.0,0.0,0.0,0.0,-0.01,-1,-1,-0.01,-1,-1,-0.01,-1,-1,-0.01,-1,-1,-0.01,-1,-1,-0.01,-1,-1,-0.01,-1,-1,-0.01,-1,-1,-0.01,-1,-1,-0.01,-1,-1
99926009,2026-05-18 09:50:47+05:30,52834.8,0,0.0,0,0.0,0.0,53282.15,53308.4,52825.15,53710.35,0,0.0,0.0,0.0,0.0,-0.01,-1,-1,-0.01,-1,-1,-0.01,-1,-1,-0.01,-1,-1,-0.01,-1,-1,-0.01,-1,-1,-0.01,-1,-1,-0.01,-1,-1,-0.01,-1,-1,-0.01,-1,-1
99926009,2026-05-18 09:50:48+05:30,52834.0,0,0.0,0,0.0,0.0,53282.15,53308.4,52825.15,53710.35,0,0.0,0.0,0.0,0.0,-0.01,-1,-1,-0.01,-1,-1,-0.01,-1,-1,-0.01,-1,-1,-0.01,-1,-1,-0.01,-1,-1,-0.01,-1,-1,-0.01,-1,-1,-0.01,-1,-1,-0.01,-1,-1
99926009,2026-05-18 09:50:48+05:30,52832.05,0,0.0,0,0.0,0.0,53282.15,53308.4,52825.15,53710.35,0,0.0,0.0,0.0,0.0,-0.01,-1,-1,-0.01,-1,-1,-0.01,-1,-1,-0.01,-1,-1,-0.01,-1,-1,-0.01,-1,-1,-0.01,-1,-1,-0.01,-1,-1,-0.01,-1,-1,-0.01,-1,-1
99926009,2026-05-18 09:50:49+05:30,52831.85,0,0.0,0,0.0,0.0,53282.15,53308.4,52825.15,53710.35,0,0.0,0.0,0.0,0.0,-0.01,-1,-1,-0.01,-1,-1,-0.01,-1,-1,-0.01,-1,-1,-0.01,-1,-1,-0.01,-1,-1,-0.01,-1,-1,-0.01,-1,-1,-0.01,-1,-1,-0.01,-1,-1
99926009,2026-05-18 09:50:49+05:30,52830.4,0,0.0,0,0.0,0.0,53282.15,53308.4,52825.15,53710.35,0,0.0,0.0,0.0,0.0,-0.01,-1,-1,-0.01,-1,-1,-0.01,-1,-1,-0.01,-1,-1,-0.01,-1,-1,-0.01,-1,-1,-0.01,-1,-1,-0.01,-1,-1,-0.01,-1,-1,-0.01,-1,-1
99926009,2026-05-18 09:50:50+05:30,52827.5,0,0.0,0,0.0,0.0,53282.15,53308.4,52825.15,53710.35,0,0.0,0.0,0.0,0.0,-0.01,-1,-1,-0.01,-1,-1,-0.01,-1,-1,-0.01,-1,-1,-0.01,-1,-1,-0.01,-1,-1,-0.01,-1,-1,-0.01,-1,-1,-0.01,-1,-1,-0.01,-1,-1
99926009,2026-05-18 09:50:50+05:30,52827.85,0,0.0,0,0.0,0.0,53282.15,53308.4,52825.15,53710.35,0,0.0,0.0,0.0,0.0,-0.01,-1,-1,-0.01,-1,-1,-0.01,-1,-1,-0.01,-1,-1,-0.01,-1,-1,-0.01,-1,-1,-0.01,-1,-1,-0.01,-1,-1,-0.01,-1,-1,-0.01,-1,-1
99926009,2026-05-18 09:50:51+05:30,52824.5,0,0.0,0,0.0,0.0,53282.15,53308.4,52823.1,53710.35,0,0.0,0.0,0.0,0.0,-0.01,-1,-1,-0.01,-1,-1,-0.01,-1,-1,-0.01,-1,-1,-0.01,-1,-1,-0.01,-1,-1,-0.01,-1,-1,-0.01,-1,-1,-0.01,-1,-1,-0.01,-1,-1
99926009,2026-05-18 09:50:51+05:30,52822.45,0,0.0,0,0.0,0.0,53282.15,53308.4,52820.5,53710.35,0,0.0,0.0,0.0,0.0,-0.01,-1,-1,-0.01,-1,-1,-0.01,-1,-1,-0.01,-1,-1,-0.01,-1,-1,-0.01,-1,-1,-0.01,-1,-1,-0.01,-1,-1,-0.01,-1,-1,-0.01,-1,-1
99926009,2026-05-18 09:50:52+05:30,52821.35,0,0.0,0,0.0,0.0,53282.15,53308.4,52816.3,53710.35,0,0.0,0.0,0.0,0.0,-0.01,-1,-1,-0.01,-1,-1,-0.01,-1,-1,-0.01,-1,-1,-0.01,-1,-1,-0.01,-1,-1,-0.01,-1,-1,-0.01,-1,-1,-0.01,-1,-1,-0.01,-1,-1
99926009,2026-05-18 09:50:52+05:30,52820.35,0,0.0,0,0.0,0.0,53282.15,53308.4,52816.3,53710.35,0,0.0,0.0,0.0,0.0,-0.01,-1,-1,-0.01,-1,-1,-0.01,-1,-1,-0.01,-1,-1,-0.01,-1,-1,-0.01,-1,-1,-0.01,-1,-1,-0.01,-1,-1,-0.01,-1,-1,-0.01,-1,-1
99926009,2026-05-18 09:50:53+05:30,52817.3,0,0.0,0,0.0,0.0,53282.15,53308.4,52815.35,53710.35,0,0.0,0.0,0.0,0.0,-0.01,-1,-1,-0.01,-1,-1,-0.01,-1,-1,-0.01,-1,-1,-0.01,-1,-1,-0.01,-1,-1,-0.01,-1,-1,-0.01,-1,-1,-0.01,-1,-1,-0.01,-1,-1
99926009,2026-05-18 09:50:53+05:30,52815.1,0,0.0,0,0.0,0.0,53282.15,53308.4,52815.1,53710.35,0,0.0,0.0,0.0,0.0,-0.01,-1,-1,-0.01,-1,-1,-0.01,-1,-1,-0.01,-1,-1,-0.01,-1,-1,-0.01,-1,-1,-0.01,-1,-1,-0.01,-1,-1,-0.01,-1,-1,-0.01,-1,-1
99926009,2026-05-18 09:50:54+05:30,52817.7,0,0.0,0,0.0,0.0,53282.15,53308.4,52815.1,53710.35,0,0.0,0.0,0.0,0.0,-0.01,-1,-1,-0.01,-1,-1,-0.01,-1,-1,-0.01,-1,-1,-0.01,-1,-1,-0.01,-1,-1,-0.01,-1,-1,-0.01,-1,-1,-0.01,-1,-1,-0.01,-1,-1
99926009,2026-05-18 09:50:54+05:30,52816.4,0,0.0,0,0.0,0.0,53282.15,53308.4,52814.45,53710.35,0,0.0,0.0,0.0,0.0,-0.01,-1,-1,-0.01,-1,-1,-0.01,-1,-1,-0.01,-1,-1,-0.01,-1,-1,-0.01,-1,-1,-0.01,-1,-1,-0.01,-1,-1,-0.01,-1,-1,-0.01,-1,-1
99926009,2026-05-18 09:50:55+05:30,52815.55,0,0.0,0,0.0,0.0,53282.15,53308.4,52813.4,53710.35,0,0.0,0.0,0.0,0.0,-0.01,-1,-1,-0.01,-1,-1,-0.01,-1,-1,-0.01,-1,-1,-0.01,-1,-1,-0.01,-1,-1,-0.01,-1,-1,-0.01,-1,-1,-0.01,-1,-1,-0.01,-1,-1
99926009,2026-05-18 09:50:55+05:30,52815.85,0,0.0,0,0.0,0.0,53282.15,53308.4,52813.4,53710.35,0,0.0,0.0,0.0,0.0,-0.01,-1,-1,-0.01,-1,-1,-0.01,-1,-1,-0.01,-1,-1,-0.01,-1,-1,-0.01,-1,-1,-0.01,-1,-1,-0.01,-1,-1,-0.01,-1,-1,-0.01,-1,-1
99926009,2026-05-18 09:50:56+05:30,52815.15,0,0.0,0,0.0,0.0,53282.15,53308.4,52813.4,53710.35,0,0.0,0.0,0.0,0.0,-0.01,-1,-1,-0.01,-1,-1,-0.01,-1,-1,-0.01,-1,-1,-0.01,-1,-1,-0.01,-1,-1,-0.01,-1,-1,-0.01,-1,-1,-0.01,-1,-1,-0.01,-1,-1
99926009,2026-05-18 09:50:56+05:30,52817.75,0,0.0,0,0.0,0.0,53282.15,53308.4,52813.4,53710.35,0,0.0,0.0,0.0,0.0,-0.01,-1,-1,-0.01,-1,-1,-0.01,-1,-1,-0.01,-1,-1,-0.01,-1,-1,-0.01,-1,-1,-0.01,-1,-1,-0.01,-1,-1,-0.01,-1,-1,-0.01,-1,-1
99926009,2026-05-18 09:50:57+05:30,52815.9,0,0.0,0,0.0,0.0,53282.15,53308.4,52813.4,53710.35,0,0.0,0.0,0.0,0.0,-0.01,-1,-1,-0.01,-1,-1,-0.01,-1,-1,-0.01,-1,-1,-0.01,-1,-1,-0.01,-1,-1,-0.01,-1,-1,-0.01,-1,-1,-0.01,-1,-1,-0.01,-1,-1
99926009,2026-05-18 09:50:57+05:30,52818.75,0,0.0,0,0.0,0.0,53282.15,53308.4,52813.4,53710.35,0,0.0,0.0,0.0,0.0,-0.01,-1,-1,-0.01,-1,-1,-0.01,-1,-1,-0.01,-1,-1,-0.01,-1,-1,-0.01,-1,-1,-0.01,-1,-1,-0.01,-1,-1,-0.01,-1,-1,-0.01,-1,-1
99926009,2026-05-18 09:50:58+05:30,52818.65,0,0.0,0,0.0,0.0,53282.15,53308.4,52813.4,53710.35,0,0.0,0.0,0.0,0.0,-0.01,-1,-1,-0.01,-1,-1,-0.01,-1,-1,-0.01,-1,-1,-0.01,-1,-1,-0.01,-1,-1,-0.01,-1,-1,-0.01,-1,-1,-0.01,-1,-1,-0.01,-1,-1
99926009,2026-05-18 09:50:58+05:30,52817.65,0,0.0,0,0.0,0.0,53282.15,53308.4,52813.4,53710.35,0,0.0,0.0,0.0,0.0,-0.01,-1,-1,-0.01,-1,-1,-0.01,-1,-1,-0.01,-1,-1,-0.01,-1,-1,-0.01,-1,-1,-0.01,-1,-1,-0.01,-1,-1,-0.01,-1,-1,-0.01,-1,-1
99926009,2026-05-18 09:50:59+05:30,52817.45,0,0.0,0,0.0,0.0,53282.15,53308.4,52813.4,53710.35,0,0.0,0.0,0.0,0.0,-0.01,-1,-1,-0.01,-1,-1,-0.01,-1,-1,-0.01,-1,-1,-0.01,-1,-1,-0.01,-1,-1,-0.01,-1,-1,-0.01,-1,-1,-0.01,-1,-1,-0.01,-1,-1
99926009,2026-05-18 09:50:59+05:30,52817.9,0,0.0,0,0.0,0.0,53282.15,53308.4,52813.4,53710.35,0,0.0,0.0,0.0,0.0,-0.01,-1,-1,-0.01,-1,-1,-0.01,-1,-1,-0.01,-1,-1,-0.01,-1,-1,-0.01,-1,-1,-0.01,-1,-1,-0.01,-1,-1,-0.01,-1,-1,-0.01,-1,-1
99926009,2026-05-18 09:51:00+05:30,52818.5,0,0.0,0,0.0,0.0,53282.15,53308.4,52813.4,53710.35,0,0.0,0.0,0.0,0.0,-0.01,-1,-1,-0.01,-1,-1,-0.01,-1,-1,-0.01,-1,-1,-0.01,-1,-1,-0.01,-1,-1,-0.01,-1,-1,-0.01,-1,-1,-0.01,-1,-1,-0.01,-1,-1
99926009,2026-05-18 09:51:00+05:30,52814.0,0,0.0,0,0.0,0.0,53282.15,53308.4,52813.4,53710.35,0,0.0,0.0,0.0,0.0,-0.01,-1,-1,-0.01,-1,-1,-0.01,-1,-1,-0.01,-1,-1,-0.01,-1,-1,-0.01,-1,-1,-0.01,-1,-1,-0.01,-1,-1,-0.01,-1,-1,-0.01,-1,-1
99926009,2026-05-18 09:51:01+05:30,52818.85,0,0.0,0,0.0,0.0,53282.15,53308.4,52813.2,53710.35,0,0.0,0.0,0.0,0.0,-0.01,-1,-1,-0.01,-1,-1,-0.01,-1,-1,-0.01,-1,-1,-0.01,-1,-1,-0.01,-1,-1,-0.01,-1,-1,-0.01,-1,-1,-0.01,-1,-1,-0.01,-1,-1
99926009,2026-05-18 09:51:01+05:30,52815.25,0,0.0,0,0.0,0.0,53282.15,53308.4,52813.2,53710.35,0,0.0,0.0,0.0,0.0,-0.01,-1,-1,-0.01,-1,-1,-0.01,-1,-1,-0.01,-1,-1,-0.01,-1,-1,-0.01,-1,-1,-0.01,-1,-1,-0.01,-1,-1,-0.01,-1,-1,-0.01,-1,-1
99926009,2026-05-18 09:51:02+05:30,52814.9,0,0.0,0,0.0,0.0,53282.15,53308.4,52813.2,53710.35,0,0.0,0.0,0.0,0.0,-0.01,-1,-1,-0.01,-1,-1,-0.01,-1,-1,-0.01,-1,-1,-0.01,-1,-1,-0.01,-1,-1,-0.01,-1,-1,-0.01,-1,-1,-0.01,-1,-1,-0.01,-1,-1
99926009,2026-05-18 09:51:02+05:30,52816.4,0,0.0,0,0.0,0.0,53282.15,53308.4,52813.2,53710.35,0,0.0,0.0,0.0,0.0,-0.01,-1,-1,-0.01,-1,-1,-0.01,-1,-1,-0.01,-1,-1,-0.01,-1,-1,-0.01,-1,-1,-0.01,-1,-1,-0.01,-1,-1,-0.01,-1,-1,-0.01,-1,-1
99926009,2026-05-18 09:51:03+05:30,52812.25,0,0.0,0,0.0,0.0,53282.15,53308.4,52812.25,53710.35,0,0.0,0.0,0.0,0.0,-0.01,-1,-1,-0.01,-1,-1,-0.01,-1,-1,-0.01,-1,-1,-0.01,-1,-1,-0.01,-1,-1,-0.01,-1,-1,-0.01,-1,-1,-0.01,-1,-1,-0.01,-1,-1
99926009,2026-05-18 09:51:03+05:30,52809.55,0,0.0,0,0.0,0.0,53282.15,53308.4,52809.55,53710.35,0,0.0,0.0,0.0,0.0,-0.01,-1,-1,-0.01,-1,-1,-0.01,-1,-1,-0.01,-1,-1,-0.01,-1,-1,-0.01,-1,-1,-0.01,-1,-1,-0.01,-1,-1,-0.01,-1,-1,-0.01,-1,-1
99926009,2026-05-18 09:51:04+05:30,52809.8,0,0.0,0,0.0,0.0,53282.15,53308.4,52809.3,53710.35,0,0.0,0.0,0.0,0.0,-0.01,-1,-1,-0.01,-1,-1,-0.01,-1,-1,-0.01,-1,-1,-0.01,-1,-1,-0.01,-1,-1,-0.01,-1,-1,-0.01,-1,-1,-0.01,-1,-1,-0.01,-1,-1
99926009,2026-05-18 09:51:04+05:30,52813.45,0,0.0,0,0.0,0.0,53282.15,53308.4,52808.8,53710.35,0,0.0,0.0,0.0,0.0,-0.01,-1,-1,-0.01,-1,-1,-0.01,-1,-1,-0.01,-1,-1,-0.01,-1,-1,-0.01,-1,-1,-0.01,-1,-1,-0.01,-1,-1,-0.01,-1,-1,-0.01,-1,-1
99926009,2026-05-18 09:51:05+05:30,52813.75,0,0.0,0,0.0,0.0,53282.15,53308.4,52808.8,53710.35,0,0.0,0.0,0.0,0.0,-0.01,-1,-1,-0.01,-1,-1,-0.01,-1,-1,-0.01,-1,-1,-0.01,-1,-1,-0.01,-1,-1,-0.01,-1,-1,-0.01,-1,-1,-0.01,-1,-1,-0.01,-1,-1
99926009,2026-05-18 09:51:05+05:30,52815.35,0,0.0,0,0.0,0.0,53282.15,53308.4,52808.8,53710.35,0,0.0,0.0,0.0,0.0,-0.01,-1,-1,-0.01,-1,-1,-0.01,-1,-1,-0.01,-1,-1,-0.01,-1,-1,-0.01,-1,-1,-0.01,-1,-1,-0.01,-1,-1,-0.01,-1,-1,-0.01,-1,-1
99926009,2026-05-18 09:51:06+05:30,52810.7,0,0.0,0,0.0,0.0,53282.15,53308.4,52808.0,53710.35,0,0.0,0.0,0.0,0.0,-0.01,-1,-1,-0.01,-1,-1,-0.01,-1,-1,-0.01,-1,-1,-0.01,-1,-1,-0.01,-1,-1,-0.01,-1,-1,-0.01,-1,-1,-0.01,-1,-1,-0.01,-1,-1
99926009,2026-05-18 09:51:06+05:30,52815.55,0,0.0,0,0.0,0.0,53282.15,53308.4,52808.0,53710.35,0,0.0,0.0,0.0,0.0,-0.01,-1,-1,-0.01,-1,-1,-0.01,-1,-1,-0.01,-1,-1,-0.01,-1,-1,-0.01,-1,-1,-0.01,-1,-1,-0.01,-1,-1,-0.01,-1,-1,-0.01,-1,-1
99926009,2026-05-18 09:51:07+05:30,52815.2,0,0.0,0,0.0,0.0,53282.15,53308.4,52808.0,53710.35,0,0.0,0.0,0.0,0.0,-0.01,-1,-1,-0.01,-1,-1,-0.01,-1,-1,-0.01,-1,-1,-0.01,-1,-1,-0.01,-1,-1,-0.01,-1,-1,-0.01,-1,-1,-0.01,-1,-1,-0.01,-1,-1
99926009,2026-05-18 09:51:07+05:30,52816.2,0,0.0,0,0.0,0.0,53282.15,53308.4,52808.0,53710.35,0,0.0,0.0,0.0,0.0,-0.01,-1,-1,-0.01,-1,-1,-0.01,-1,-1,-0.01,-1,-1,-0.01,-1,-1,-0.01,-1,-1,-0.01,-1,-1,-0.01,-1,-1,-0.01,-1,-1,-0.01,-1,-1
99926009,2026-05-18 09:51:08+05:30,52818.65,0,0.0,0,0.0,0.0,53282.15,53308.4,52808.0,53710.35,0,0.0,0.0,0.0,0.0,-0.01,-1,-1,-0.01,-1,-1,-0.01,-1,-1,-0.01,-1,-1,-0.01,-1,-1,-0.01,-1,-1,-0.01,-1,-1,-0.01,-1,-1,-0.01,-1,-1,-0.01,-1,-1
99926009,2026-05-18 09:51:08+05:30,52817.8,0,0.0,0,0.0,0.0,53282.15,53308.4,52808.0,53710.35,0,0.0,0.0,0.0,0.0,-0.01,-1,-1,-0.01,-1,-1,-0.01,-1,-1,-0.01,-1,-1,-0.01,-1,-1,-0.01,-1,-1,-0.01,-1,-1,-0.01,-1,-1,-0.01,-1,-1,-0.01,-1,-1
99926009,2026-05-18 09:51:09+05:30,52815.4,0,0.0,0,0.0,0.0,53282.15,53308.4,52808.0,53710.35,0,0.0,0.0,0.0,0.0,-0.01,-1,-1,-0.01,-1,-1,-0.01,-1,-1,-0.01,-1,-1,-0.01,-1,-1,-0.01,-1,-1,-0.01,-1,-1,-0.01,-1,-1,-0.01,-1,-1,-0.01,-1,-1
99926009,2026-05-18 09:51:09+05:30,52816.75,0,0.0,0,0.0,0.0,53282.15,53308.4,52808.0,53710.35,0,0.0,0.0,0.0,0.0,-0.01,-1,-1,-0.01,-1,-1,-0.01,-1,-1,-0.01,-1,-1,-0.01,-1,-1,-0.01,-1,-1,-0.01,-1,-1,-0.01,-1,-1,-0.01,-1,-1,-0.01,-1,-1
99926009,2026-05-18 09:51:10+05:30,52819.55,0,0.0,0,0.0,0.0,53282.15,53308.4,52808.0,53710.35,0,0.0,0.0,0.0,0.0,-0.01,-1,-1,-0.01,-1,-1,-0.01,-1,-1,-0.01,-1,-1,-0.01,-1,-1,-0.01,-1,-1,-0.01,-1,-1,-0.01,-1,-1,-0.01,-1,-1,-0.01,-1,-1
99926009,2026-05-18 09:51:10+05:30,52818.0,0,0.0,0,0.0,0.0,53282.15,53308.4,52808.0,53710.35,0,0.0,0.0,0.0,0.0,-0.01,-1,-1,-0.01,-1,-1,-0.01,-1,-1,-0.01,-1,-1,-0.01,-1,-1,-0.01,-1,-1,-0.01,-1,-1,-0.01,-1,-1,-0.01,-1,-1,-0.01,-1,-1
99926009,2026-05-18 09:51:11+05:30,52815.8,0,0.0,0,0.0,0.0,53282.15,53308.4,52808.0,53710.35,0,0.0,0.0,0.0,0.0,-0.01,-1,-1,-0.01,-1,-1,-0.01,-1,-1,-0.01,-1,-1,-0.01,-1,-1,-0.01,-1,-1,-0.01,-1,-1,-0.01,-1,-1,-0.01,-1,-1,-0.01,-1,-1
99926009,2026-05-18 09:51:11+05:30,52818.2,0,0.0,0,0.0,0.0,53282.15,53308.4,52808.0,53710.35,0,0.0,0.0,0.0,0.0,-0.01,-1,-1,-0.01,-1,-1,-0.01,-1,-1,-0.01,-1,-1,-0.01,-1,-1,-0.01,-1,-1,-0.01,-1,-1,-0.01,-1,-1,-0.01,-1,-1,-0.01,-1,-1
99926009,2026-05-18 09:51:12+05:30,52817.75,0,0.0,0,0.0,0.0,53282.15,53308.4,52808.0,53710.35,0,0.0,0.0,0.0,0.0,-0.01,-1,-1,-0.01,-1,-1,-0.01,-1,-1,-0.01,-1,-1,-0.01,-1,-1,-0.01,-1,-1,-0.01,-1,-1,-0.01,-1,-1,-0.01,-1,-1,-0.01,-1,-1
99926009,2026-05-18 09:51:12+05:30,52817.2,0,0.0,0,0.0,0.0,53282.15,53308.4,52808.0,53710.35,0,0.0,0.0,0.0,0.0,-0.01,-1,-1,-0.01,-1,-1,-0.01,-1,-1,-0.01,-1,-1,-0.01,-1,-1,-0.01,-1,-1,-0.01,-1,-1,-0.01,-1,-1,-0.01,-1,-1,-0.01,-1,-1
99926009,2026-05-18 09:51:13+05:30,52816.05,0,0.0,0,0.0,0.0,53282.15,53308.4,52808.0,53710.35,0,0.0,0.0,0.0,0.0,-0.01,-1,-1,-0.01,-1,-1,-0.01,-1,-1,-0.01,-1,-1,-0.01,-1,-1,-0.01,-1,-1,-0.01,-1,-1,-0.01,-1,-1,-0.01,-1,-1,-0.01,-1,-1
99926009,2026-05-18 09:51:13+05:30,52818.55,0,0.0,0,0.0,0.0,53282.15,53308.4,52808.0,53710.35,0,0.0,0.0,0.0,0.0,-0.01,-1,-1,-0.01,-1,-1,-0.01,-1,-1,-0.01,-1,-1,-0.01,-1,-1,-0.01,-1,-1,-0.01,-1,-1,-0.01,-1,-1,-0.01,-1,-1,-0.01,-1,-1
99926009,2026-05-18 09:51:14+05:30,52817.1,0,0.0,0,0.0,0.0,53282.15,53308.4,52808.0,53710.35,0,0.0,0.0,0.0,0.0,-0.01,-1,-1,-0.01,-1,-1,-0.01,-1,-1,-0.01,-1,-1,-0.01,-1,-1,-0.01,-1,-1,-0.01,-1,-1,-0.01,-1,-1,-0.01,-1,-1,-0.01,-1,-1
99926009,2026-05-18 09:51:14+05:30,52813.5,0,0.0,0,0.0,0.0,53282.15,53308.4,52808.0,53710.35,0,0.0,0.0,0.0,0.0,-0.01,-1,-1,-0.01,-1,-1,-0.01,-1,-1,-0.01,-1,-1,-0.01,-1,-1,-0.01,-1,-1,-0.01,-1,-1,-0.01,-1,-1,-0.01,-1,-1,-0.01,-1,-1
99926009,2026-05-18 09:51:15+05:30,52810.95,0,0.0,0,0.0,0.0,53282.15,53308.4,52808.0,53710.35,0,0.0,0.0,0.0,0.0,-0.01,-1,-1,-0.01,-1,-1,-0.01,-1,-1,-0.01,-1,-1,-0.01,-1,-1,-0.01,-1,-1,-0.01,-1,-1,-0.01,-1,-1,-0.01,-1,-1,-0.01,-1,-1
99926009,2026-05-18 09:51:15+05:30,52812.75,0,0.0,0,0.0,0.0,53282.15,53308.4,52808.0,53710.35,0,0.0,0.0,0.0,0.0,-0.01,-1,-1,-0.01,-1,-1,-0.01,-1,-1,-0.01,-1,-1,-0.01,-1,-1,-0.01,-1,-1,-0.01,-1,-1,-0.01,-1,-1,-0.01,-1,-1,-0.01,-1,-1
99926009,2026-05-18 09:51:16+05:30,52814.55,0,0.0,0,0.0,0.0,53282.15,53308.4,52808.0,53710.35,0,0.0,0.0,0.0,0.0,-0.01,-1,-1,-0.01,-1,-1,-0.01,-1,-1,-0.01,-1,-1,-0.01,-1,-1,-0.01,-1,-1,-0.01,-1,-1,-0.01,-1,-1,-0.01,-1,-1,-0.01,-1,-1
99926009,2026-05-18 09:51:16+05:30,52815.0,0,0.0,0,0.0,0.0,53282.15,53308.4,52808.0,53710.35,0,0.0,0.0,0.0,0.0,-0.01,-1,-1,-0.01,-1,-1,-0.01,-1,-1,-0.01,-1,-1,-0.01,-1,-1,-0.01,-1,-1,-0.01,-1,-1,-0.01,-1,-1,-0.01,-1,-1,-0.01,-1,-1
99926009,2026-05-18 09:51:17+05:30,52817.35,0,0.0,0,0.0,0.0,53282.15,53308.4,52808.0,53710.35,0,0.0,0.0,0.0,0.0,-0.01,-1,-1,-0.01,-1,-1,-0.01,-1,-1,-0.01,-1,-1,-0.01,-1,-1,-0.01,-1,-1,-0.01,-1,-1,-0.01,-1,-1,-0.01,-1,-1,-0.01,-1,-1
99926009,2026-05-18 09:51:17+05:30,52816.15,0,0.0,0,0.0,0.0,53282.15,53308.4,52808.0,53710.35,0,0.0,0.0,0.0,0.0,-0.01,-1,-1,-0.01,-1,-1,-0.01,-1,-1,-0.01,-1,-1,-0.01,-1,-1,-0.01,-1,-1,-0.01,-1,-1,-0.01,-1,-1,-0.01,-1,-1,-0.01,-1,-1
99926009,2026-05-18 09:51:18+05:30,52815.9,0,0.0,0,0.0,0.0,53282.15,53308.4,52808.0,53710.35,0,0.0,0.0,0.0,0.0,-0.01,-1,-1,-0.01,-1,-1,-0.01,-1,-1,-0.01,-1,-1,-0.01,-1,-1,-0.01,-1,-1,-0.01,-1,-1,-0.01,-1,-1,-0.01,-1,-1,-0.01,-1,-1
99926009,2026-05-18 09:51:18+05:30,52815.3,0,0.0,0,0.0,0.0,53282.15,53308.4,52808.0,53710.35,0,0.0,0.0,0.0,0.0,-0.01,-1,-1,-0.01,-1,-1,-0.01,-1,-1,-0.01,-1,-1,-0.01,-1,-1,-0.01,-1,-1,-0.01,-1,-1,-0.01,-1,-1,-0.01,-1,-1,-0.01,-1,-1
99926009,2026-05-18 09:51:19+05:30,52816.15,0,0.0,0,0.0,0.0,53282.15,53308.4,52808.0,53710.35,0,0.0,0.0,0.0,0.0,-0.01,-1,-1,-0.01,-1,-1,-0.01,-1,-1,-0.01,-1,-1,-0.01,-1,-1,-0.01,-1,-1,-0.01,-1,-1,-0.01,-1,-1,-0.01,-1,-1,-0.01,-1,-1
99926009,2026-05-18 09:51:19+05:30,52812.2,0,0.0,0,0.0,0.0,53282.15,53308.4,52808.0,53710.35,0,0.0,0.0,0.0,0.0,-0.01,-1,-1,-0.01,-1,-1,-0.01,-1,-1,-0.01,-1,-1,-0.01,-1,-1,-0.01,-1,-1,-0.01,-1,-1,-0.01,-1,-1,-0.01,-1,-1,-0.01,-1,-1
99926009,2026-05-18 09:51:20+05:30,52815.65,0,0.0,0,0.0,0.0,53282.15,53308.4,52808.0,53710.35,0,0.0,0.0,0.0,0.0,-0.01,-1,-1,-0.01,-1,-1,-0.01,-1,-1,-0.01,-1,-1,-0.01,-1,-1,-0.01,-1,-1,-0.01,-1,-1,-0.01,-1,-1,-0.01,-1,-1,-0.01,-1,-1
99926009,2026-05-18 09:51:20+05:30,52818.15,0,0.0,0,0.0,0.0,53282.15,53308.4,52808.0,53710.35,0,0.0,0.0,0.0,0.0,-0.01,-1,-1,-0.01,-1,-1,-0.01,-1,-1,-0.01,-1,-1,-0.01,-1,-1,-0.01,-1,-1,-0.01,-1,-1,-0.01,-1,-1,-0.01,-1,-1,-0.01,-1,-1
99926009,2026-05-18 09:51:21+05:30,52817.75,0,0.0,0,0.0,0.0,53282.15,53308.4,52808.0,53710.35,0,0.0,0.0,0.0,0.0,-0.01,-1,-1,-0.01,-1,-1,-0.01,-1,-1,-0.01,-1,-1,-0.01,-1,-1,-0.01,-1,-1,-0.01,-1,-1,-0.01,-1,-1,-0.01,-1,-1,-0.01,-1,-1
99926009,2026-05-18 09:51:21+05:30,52814.35,0,0.0,0,0.0,0.0,53282.15,53308.4,52808.0,53710.35,0,0.0,0.0,0.0,0.0,-0.01,-1,-1,-0.01,-1,-1,-0.01,-1,-1,-0.01,-1,-1,-0.01,-1,-1,-0.01,-1,-1,-0.01,-1,-1,-0.01,-1,-1,-0.01,-1,-1,-0.01,-1,-1
99926009,2026-05-18 09:51:22+05:30,52821.25,0,0.0,0,0.0,0.0,53282.15,53308.4,52808.0,53710.35,0,0.0,0.0,0.0,0.0,-0.01,-1,-1,-0.01,-1,-1,-0.01,-1,-1,-0.01,-1,-1,-0.01,-1,-1,-0.01,-1,-1,-0.01,-1,-1,-0.01,-1,-1,-0.01,-1,-1,-0.01,-1,-1
99926009,2026-05-18 09:51:22+05:30,52822.55,0,0.0,0,0.0,0.0,53282.15,53308.4,52808.0,53710.35,0,0.0,0.0,0.0,0.0,-0.01,-1,-1,-0.01,-1,-1,-0.01,-1,-1,-0.01,-1,-1,-0.01,-1,-1,-0.01,-1,-1,-0.01,-1,-1,-0.01,-1,-1,-0.01,-1,-1,-0.01,-1,-1
99926009,2026-05-18 09:51:23+05:30,52822.45,0,0.0,0,0.0,0.0,53282.15,53308.4,52808.0,53710.35,0,0.0,0.0,0.0,0.0,-0.01,-1,-1,-0.01,-1,-1,-0.01,-1,-1,-0.01,-1,-1,-0.01,-1,-1,-0.01,-1,-1,-0.01,-1,-1,-0.01,-1,-1,-0.01,-1,-1,-0.01,-1,-1
99926009,2026-05-18 09:51:23+05:30,52821.75,0,0.0,0,0.0,0.0,53282.15,53308.4,52808.0,53710.35,0,0.0,0.0,0.0,0.0,-0.01,-1,-1,-0.01,-1,-1,-0.01,-1,-1,-0.01,-1,-1,-0.01,-1,-1,-0.01,-1,-1,-0.01,-1,-1,-0.01,-1,-1,-0.01,-1,-1,-0.01,-1,-1
99926009,2026-05-18 09:51:24+05:30,52820.95,0,0.0,0,0.0,0.0,53282.15,53308.4,52808.0,53710.35,0,0.0,0.0,0.0,0.0,-0.01,-1,-1,-0.01,-1,-1,-0.01,-1,-1,-0.01,-1,-1,-0.01,-1,-1,-0.01,-1,-1,-0.01,-1,-1,-0.01,-1,-1,-0.01,-1,-1,-0.01,-1,-1
99926009,2026-05-18 09:51:24+05:30,52821.9,0,0.0,0,0.0,0.0,53282.15,53308.4,52808.0,53710.35,0,0.0,0.0,0.0,0.0,-0.01,-1,-1,-0.01,-1,-1,-0.01,-1,-1,-0.01,-1,-1,-0.01,-1,-1,-0.01,-1,-1,-0.01,-1,-1,-0.01,-1,-1,-0.01,-1,-1,-0.01,-1,-1
99926009,2026-05-18 09:51:25+05:30,52821.05,0,0.0,0,0.0,0.0,53282.15,53308.4,52808.0,53710.35,0,0.0,0.0,0.0,0.0,-0.01,-1,-1,-0.01,-1,-1,-0.01,-1,-1,-0.01,-1,-1,-0.01,-1,-1,-0.01,-1,-1,-0.01,-1,-1,-0.01,-1,-1,-0.01,-1,-1,-0.01,-1,-1
99926009,2026-05-18 09:51:25+05:30,52822.95,0,0.0,0,0.0,0.0,53282.15,53308.4,52808.0,53710.35,0,0.0,0.0,0.0,0.0,-0.01,-1,-1,-0.01,-1,-1,-0.01,-1,-1,-0.01,-1,-1,-0.01,-1,-1,-0.01,-1,-1,-0.01,-1,-1,-0.01,-1,-1,-0.01,-1,-1,-0.01,-1,-1
99926009,2026-05-18 09:51:26+05:30,52822.35,0,0.0,0,0.0,0.0,53282.15,53308.4,52808.0,53710.35,0,0.0,0.0,0.0,0.0,-0.01,-1,-1,-0.01,-1,-1,-0.01,-1,-1,-0.01,-1,-1,-0.01,-1,-1,-0.01,-1,-1,-0.01,-1,-1,-0.01,-1,-1,-0.01,-1,-1,-0.01,-1,-1
99926009,2026-05-18 09:51:26+05:30,52823.35,0,0.0,0,0.0,0.0,53282.15,53308.4,52808.0,53710.35,0,0.0,0.0,0.0,0.0,-0.01,-1,-1,-0.01,-1,-1,-0.01,-1,-1,-0.01,-1,-1,-0.01,-1,-1,-0.01,-1,-1,-0.01,-1,-1,-0.01,-1,-1,-0.01,-1,-1,-0.01,-1,-1
99926009,2026-05-18 09:51:27+05:30,52821.65,0,0.0,0,0.0,0.0,53282.15,53308.4,52808.0,53710.35,0,0.0,0.0,0.0,0.0,-0.01,-1,-1,-0.01,-1,-1,-0.01,-1,-1,-0.01,-1,-1,-0.01,-1,-1,-0.01,-1,-1,-0.01,-1,-1,-0.01,-1,-1,-0.01,-1,-1,-0.01,-1,-1
99926009,2026-05-18 09:51:27+05:30,52823.75,0,0.0,0,0.0,0.0,53282.15,53308.4,52808.0,53710.35,0,0.0,0.0,0.0,0.0,-0.01,-1,-1,-0.01,-1,-1,-0.01,-1,-1,-0.01,-1,-1,-0.01,-1,-1,-0.01,-1,-1,-0.01,-1,-1,-0.01,-1,-1,-0.01,-1,-1,-0.01,-1,-1
99926009,2026-05-18 09:51:28+05:30,52825.75,0,0.0,0,0.0,0.0,53282.15,53308.4,52808.0,53710.35,0,0.0,0.0,0.0,0.0,-0.01,-1,-1,-0.01,-1,-1,-0.01,-1,-1,-0.01,-1,-1,-0.01,-1,-1,-0.01,-1,-1,-0.01,-1,-1,-0.01,-1,-1,-0.01,-1,-1,-0.01,-1,-1
99926009,2026-05-18 09:51:28+05:30,52826.55,0,0.0,0,0.0,0.0,53282.15,53308.4,52808.0,53710.35,0,0.0,0.0,0.0,0.0,-0.01,-1,-1,-0.01,-1,-1,-0.01,-1,-1,-0.01,-1,-1,-0.01,-1,-1,-0.01,-1,-1,-0.01,-1,-1,-0.01,-1,-1,-0.01,-1,-1,-0.01,-1,-1
99926009,2026-05-18 09:51:29+05:30,52826.45,0,0.0,0,0.0,0.0,53282.15,53308.4,52808.0,53710.35,0,0.0,0.0,0.0,0.0,-0.01,-1,-1,-0.01,-1,-1,-0.01,-1,-1,-0.01,-1,-1,-0.01,-1,-1,-0.01,-1,-1,-0.01,-1,-1,-0.01,-1,-1,-0.01,-1,-1,-0.01,-1,-1
99926009,2026-05-18 09:51:29+05:30,52826.25,0,0.0,0,0.0,0.0,53282.15,53308.4,52808.0,53710.35,0,0.0,0.0,0.0,0.0,-0.01,-1,-1,-0.01,-1,-1,-0.01,-1,-1,-0.01,-1,-1,-0.01,-1,-1,-0.01,-1,-1,-0.01,-1,-1,-0.01,-1,-1,-0.01,-1,-1,-0.01,-1,-1
99926009,2026-05-18 09:51:30+05:30,52825.65,0,0.0,0,0.0,0.0,53282.15,53308.4,52808.0,53710.35,0,0.0,0.0,0.0,0.0,-0.01,-1,-1,-0.01,-1,-1,-0.01,-1,-1,-0.01,-1,-1,-0.01,-1,-1,-0.01,-1,-1,-0.01,-1,-1,-0.01,-1,-1,-0.01,-1,-1,-0.01,-1,-1
99926009,2026-05-18 09:51:30+05:30,52830.35,0,0.0,0,0.0,0.0,53282.15,53308.4,52808.0,53710.35,0,0.0,0.0,0.0,0.0,-0.01,-1,-1,-0.01,-1,-1,-0.01,-1,-1,-0.01,-1,-1,-0.01,-1,-1,-0.01,-1,-1,-0.01,-1,-1,-0.01,-1,-1,-0.01,-1,-1,-0.01,-1,-1
99926009,2026-05-18 09:51:31+05:30,52831.6,0,0.0,0,0.0,0.0,53282.15,53308.4,52808.0,53710.35,0,0.0,0.0,0.0,0.0,-0.01,-1,-1,-0.01,-1,-1,-0.01,-1,-1,-0.01,-1,-1,-0.01,-1,-1,-0.01,-1,-1,-0.01,-1,-1,-0.01,-1,-1,-0.01,-1,-1,-0.01,-1,-1
99926009,2026-05-18 09:51:31+05:30,52832.5,0,0.0,0,0.0,0.0,53282.15,53308.4,52808.0,53710.35,0,0.0,0.0,0.0,0.0,-0.01,-1,-1,-0.01,-1,-1,-0.01,-1,-1,-0.01,-1,-1,-0.01,-1,-1,-0.01,-1,-1,-0.01,-1,-1,-0.01,-1,-1,-0.01,-1,-1,-0.01,-1,-1
99926009,2026-05-18 09:51:32+05:30,52834.7,0,0.0,0,0.0,0.0,53282.15,53308.4,52808.0,53710.35,0,0.0,0.0,0.0,0.0,-0.01,-1,-1,-0.01,-1,-1,-0.01,-1,-1,-0.01,-1,-1,-0.01,-1,-1,-0.01,-1,-1,-0.01,-1,-1,-0.01,-1,-1,-0.01,-1,-1,-0.01,-1,-1
99926009,2026-05-18 09:51:32+05:30,52833.1,0,0.0,0,0.0,0.0,53282.15,53308.4,52808.0,53710.35,0,0.0,0.0,0.0,0.0,-0.01,-1,-1,-0.01,-1,-1,-0.01,-1,-1,-0.01,-1,-1,-0.01,-1,-1,-0.01,-1,-1,-0.01,-1,-1,-0.01,-1,-1,-0.01,-1,-1,-0.01,-1,-1
99926009,2026-05-18 09:51:33+05:30,52837.1,0,0.0,0,0.0,0.0,53282.15,53308.4,52808.0,53710.35,0,0.0,0.0,0.0,0.0,-0.01,-1,-1,-0.01,-1,-1,-0.01,-1,-1,-0.01,-1,-1,-0.01,-1,-1,-0.01,-1,-1,-0.01,-1,-1,-0.01,-1,-1,-0.01,-1,-1,-0.01,-1,-1
99926009,2026-05-18 09:51:33+05:30,52842.3,0,0.0,0,0.0,0.0,53282.15,53308.4,52808.0,53710.35,0,0.0,0.0,0.0,0.0,-0.01,-1,-1,-0.01,-1,-1,-0.01,-1,-1,-0.01,-1,-1,-0.01,-1,-1,-0.01,-1,-1,-0.01,-1,-1,-0.01,-1,-1,-0.01,-1,-1,-0.01,-1,-1
99926009,2026-05-18 09:51:34+05:30,52840.35,0,0.0,0,0.0,0.0,53282.15,53308.4,52808.0,53710.35,0,0.0,0.0,0.0,0.0,-0.01,-1,-1,-0.01,-1,-1,-0.01,-1,-1,-0.01,-1,-1,-0.01,-1,-1,-0.01,-1,-1,-0.01,-1,-1,-0.01,-1,-1,-0.01,-1,-1,-0.01,-1,-1
99926009,2026-05-18 09:51:34+05:30,52841.55,0,0.0,0,0.0,0.0,53282.15,53308.4,52808.0,53710.35,0,0.0,0.0,0.0,0.0,-0.01,-1,-1,-0.01,-1,-1,-0.01,-1,-1,-0.01,-1,-1,-0.01,-1,-1,-0.01,-1,-1,-0.01,-1,-1,-0.01,-1,-1,-0.01,-1,-1,-0.01,-1,-1
99926009,2026-05-18 09:51:35+05:30,52842.55,0,0.0,0,0.0,0.0,53282.15,53308.4,52808.0,53710.35,0,0.0,0.0,0.0,0.0,-0.01,-1,-1,-0.01,-1,-1,-0.01,-1,-1,-0.01,-1,-1,-0.01,-1,-1,-0.01,-1,-1,-0.01,-1,-1,-0.01,-1,-1,-0.01,-1,-1,-0.01,-1,-1
99926009,2026-05-18 09:51:35+05:30,52841.05,0,0.0,0,0.0,0.0,53282.15,53308.4,52808.0,53710.35,0,0.0,0.0,0.0,0.0,-0.01,-1,-1,-0.01,-1,-1,-0.01,-1,-1,-0.01,-1,-1,-0.01,-1,-1,-0.01,-1,-1,-0.01,-1,-1,-0.01,-1,-1,-0.01,-1,-1,-0.01,-1,-1
99926009,2026-05-18 09:51:36+05:30,52840.35,0,0.0,0,0.0,0.0,53282.15,53308.4,52808.0,53710.35,0,0.0,0.0,0.0,0.0,-0.01,-1,-1,-0.01,-1,-1,-0.01,-1,-1,-0.01,-1,-1,-0.01,-1,-1,-0.01,-1,-1,-0.01,-1,-1,-0.01,-1,-1,-0.01,-1,-1,-0.01,-1,-1
99926009,2026-05-18 09:51:36+05:30,52840.55,0,0.0,0,0.0,0.0,53282.15,53308.4,52808.0,53710.35,0,0.0,0.0,0.0,0.0,-0.01,-1,-1,-0.01,-1,-1,-0.01,-1,-1,-0.01,-1,-1,-0.01,-1,-1,-0.01,-1,-1,-0.01,-1,-1,-0.01,-1,-1,-0.01,-1,-1,-0.01,-1,-1
99926009,2026-05-18 09:51:37+05:30,52845.95,0,0.0,0,0.0,0.0,53282.15,53308.4,52808.0,53710.35,0,0.0,0.0,0.0,0.0,-0.01,-1,-1,-0.01,-1,-1,-0.01,-1,-1,-0.01,-1,-1,-0.01,-1,-1,-0.01,-1,-1,-0.01,-1,-1,-0.01,-1,-1,-0.01,-1,-1,-0.01,-1,-1
99926009,2026-05-18 09:51:37+05:30,52846.45,0,0.0,0,0.0,0.0,53282.15,53308.4,52808.0,53710.35,0,0.0,0.0,0.0,0.0,-0.01,-1,-1,-0.01,-1,-1,-0.01,-1,-1,-0.01,-1,-1,-0.01,-1,-1,-0.01,-1,-1,-0.01,-1,-1,-0.01,-1,-1,-0.01,-1,-1,-0.01,-1,-1
99926009,2026-05-18 09:51:38+05:30,52839.55,0,0.0,0,0.0,0.0,53282.15,53308.4,52808.0,53710.35,0,0.0,0.0,0.0,0.0,-0.01,-1,-1,-0.01,-1,-1,-0.01,-1,-1,-0.01,-1,-1,-0.01,-1,-1,-0.01,-1,-1,-0.01,-1,-1,-0.01,-1,-1,-0.01,-1,-1,-0.01,-1,-1
99926009,2026-05-18 09:51:38+05:30,52837.35,0,0.0,0,0.0,0.0,53282.15,53308.4,52808.0,53710.35,0,0.0,0.0,0.0,0.0,-0.01,-1,-1,-0.01,-1,-1,-0.01,-1,-1,-0.01,-1,-1,-0.01,-1,-1,-0.01,-1,-1,-0.01,-1,-1,-0.01,-1,-1,-0.01,-1,-1,-0.01,-1,-1
99926009,2026-05-18 09:51:39+05:30,52837.35,0,0.0,0,0.0,0.0,53282.15,53308.4,52808.0,53710.35,0,0.0,0.0,0.0,0.0,-0.01,-1,-1,-0.01,-1,-1,-0.01,-1,-1,-0.01,-1,-1,-0.01,-1,-1,-0.01,-1,-1,-0.01,-1,-1,-0.01,-1,-1,-0.01,-1,-1,-0.01,-1,-1
99926009,2026-05-18 09:51:39+05:30,52839.1,0,0.0,0,0.0,0.0,53282.15,53308.4,52808.0,53710.35,0,0.0,0.0,0.0,0.0,-0.01,-1,-1,-0.01,-1,-1,-0.01,-1,-1,-0.01,-1,-1,-0.01,-1,-1,-0.01,-1,-1,-0.01,-1,-1,-0.01,-1,-1,-0.01,-1,-1,-0.01,-1,-1
99926009,2026-05-18 09:51:40+05:30,52841.5,0,0.0,0,0.0,0.0,53282.15,53308.4,52808.0,53710.35,0,0.0,0.0,0.0,0.0,-0.01,-1,-1,-0.01,-1,-1,-0.01,-1,-1,-0.01,-1,-1,-0.01,-1,-1,-0.01,-1,-1,-0.01,-1,-1,-0.01,-1,-1,-0.01,-1,-1,-0.01,-1,-1
99926009,2026-05-18 09:51:40+05:30,52841.65,0,0.0,0,0.0,0.0,53282.15,53308.4,52808.0,53710.35,0,0.0,0.0,0.0,0.0,-0.01,-1,-1,-0.01,-1,-1,-0.01,-1,-1,-0.01,-1,-1,-0.01,-1,-1,-0.01,-1,-1,-0.01,-1,-1,-0.01,-1,-1,-0.01,-1,-1,-0.01,-1,-1
99926009,2026-05-18 09:51:41+05:30,52843.95,0,0.0,0,0.0,0.0,53282.15,53308.4,52808.0,53710.35,0,0.0,0.0,0.0,0.0,-0.01,-1,-1,-0.01,-1,-1,-0.01,-1,-1,-0.01,-1,-1,-0.01,-1,-1,-0.01,-1,-1,-0.01,-1,-1,-0.01,-1,-1,-0.01,-1,-1,-0.01,-1,-1
99926009,2026-05-18 09:51:41+05:30,52844.6,0,0.0,0,0.0,0.0,53282.15,53308.4,52808.0,53710.35,0,0.0,0.0,0.0,0.0,-0.01,-1,-1,-0.01,-1,-1,-0.01,-1,-1,-0.01,-1,-1,-0.01,-1,-1,-0.01,-1,-1,-0.01,-1,-1,-0.01,-1,-1,-0.01,-1,-1,-0.01,-1,-1
99926009,2026-05-18 09:51:42+05:30,52845.7,0,0.0,0,0.0,0.0,53282.15,53308.4,52808.0,53710.35,0,0.0,0.0,0.0,0.0,-0.01,-1,-1,-0.01,-1,-1,-0.01,-1,-1,-0.01,-1,-1,-0.01,-1,-1,-0.01,-1,-1,-0.01,-1,-1,-0.01,-1,-1,-0.01,-1,-1,-0.01,-1,-1
99926009,2026-05-18 09:51:42+05:30,52845.35,0,0.0,0,0.0,0.0,53282.15,53308.4,52808.0,53710.35,0,0.0,0.0,0.0,0.0,-0.01,-1,-1,-0.01,-1,-1,-0.01,-1,-1,-0.01,-1,-1,-0.01,-1,-1,-0.01,-1,-1,-0.01,-1,-1,-0.01,-1,-1,-0.01,-1,-1,-0.01,-1,-1
99926009,2026-05-18 09:51:43+05:30,52842.35,0,0.0,0,0.0,0.0,53282.15,53308.4,52808.0,53710.35,0,0.0,0.0,0.0,0.0,-0.01,-1,-1,-0.01,-1,-1,-0.01,-1,-1,-0.01,-1,-1,-0.01,-1,-1,-0.01,-1,-1,-0.01,-1,-1,-0.01,-1,-1,-0.01,-1,-1,-0.01,-1,-1
99926009,2026-05-18 09:51:43+05:30,52839.9,0,0.0,0,0.0,0.0,53282.15,53308.4,52808.0,53710.35,0,0.0,0.0,0.0,0.0,-0.01,-1,-1,-0.01,-1,-1,-0.01,-1,-1,-0.01,-1,-1,-0.01,-1,-1,-0.01,-1,-1,-0.01,-1,-1,-0.01,-1,-1,-0.01,-1,-1,-0.01,-1,-1
99926009,2026-05-18 09:51:44+05:30,52838.1,0,0.0,0,0.0,0.0,53282.15,53308.4,52808.0,53710.35,0,0.0,0.0,0.0,0.0,-0.01,-1,-1,-0.01,-1,-1,-0.01,-1,-1,-0.01,-1,-1,-0.01,-1,-1,-0.01,-1,-1,-0.01,-1,-1,-0.01,-1,-1,-0.01,-1,-1,-0.01,-1,-1
99926009,2026-05-18 09:51:44+05:30,52842.5,0,0.0,0,0.0,0.0,53282.15,53308.4,52808.0,53710.35,0,0.0,0.0,0.0,0.0,-0.01,-1,-1,-0.01,-1,-1,-0.01,-1,-1,-0.01,-1,-1,-0.01,-1,-1,-0.01,-1,-1,-0.01,-1,-1,-0.01,-1,-1,-0.01,-1,-1,-0.01,-1,-1
99926009,2026-05-18 09:51:45+05:30,52840.95,0,0.0,0,0.0,0.0,53282.15,53308.4,52808.0,53710.35,0,0.0,0.0,0.0,0.0,-0.01,-1,-1,-0.01,-1,-1,-0.01,-1,-1,-0.01,-1,-1,-0.01,-1,-1,-0.01,-1,-1,-0.01,-1,-1,-0.01,-1,-1,-0.01,-1,-1,-0.01,-1,-1
99926009,2026-05-18 09:51:45+05:30,52840.1,0,0.0,0,0.0,0.0,53282.15,53308.4,52808.0,53710.35,0,0.0,0.0,0.0,0.0,-0.01,-1,-1,-0.01,-1,-1,-0.01,-1,-1,-0.01,-1,-1,-0.01,-1,-1,-0.01,-1,-1,-0.01,-1,-1,-0.01,-1,-1,-0.01,-1,-1,-0.01,-1,-1
99926009,2026-05-18 09:51:46+05:30,52840.45,0,0.0,0,0.0,0.0,53282.15,53308.4,52808.0,53710.35,0,0.0,0.0,0.0,0.0,-0.01,-1,-1,-0.01,-1,-1,-0.01,-1,-1,-0.01,-1,-1,-0.01,-1,-1,-0.01,-1,-1,-0.01,-1,-1,-0.01,-1,-1,-0.01,-1,-1,-0.01,-1,-1
99926009,2026-05-18 09:51:46+05:30,52844.15,0,0.0,0,0.0,0.0,53282.15,53308.4,52808.0,53710.35,0,0.0,0.0,0.0,0.0,-0.01,-1,-1,-0.01,-1,-1,-0.01,-1,-1,-0.01,-1,-1,-0.01,-1,-1,-0.01,-1,-1,-0.01,-1,-1,-0.01,-1,-1,-0.01,-1,-1,-0.01,-1,-1
99926009,2026-05-18 09:51:47+05:30,52841.8,0,0.0,0,0.0,0.0,53282.15,53308.4,52808.0,53710.35,0,0.0,0.0,0.0,0.0,-0.01,-1,-1,-0.01,-1,-1,-0.01,-1,-1,-0.01,-1,-1,-0.01,-1,-1,-0.01,-1,-1,-0.01,-1,-1,-0.01,-1,-1,-0.01,-1,-1,-0.01,-1,-1
99926009,2026-05-18 09:51:47+05:30,52843.35,0,0.0,0,0.0,0.0,53282.15,53308.4,52808.0,53710.35,0,0.0,0.0,0.0,0.0,-0.01,-1,-1,-0.01,-1,-1,-0.01,-1,-1,-0.01,-1,-1,-0.01,-1,-1,-0.01,-1,-1,-0.01,-1,-1,-0.01,-1,-1,-0.01,-1,-1,-0.01,-1,-1
99926009,2026-05-18 09:51:48+05:30,52842.3,0,0.0,0,0.0,0.0,53282.15,53308.4,52808.0,53710.35,0,0.0,0.0,0.0,0.0,-0.01,-1,-1,-0.01,-1,-1,-0.01,-1,-1,-0.01,-1,-1,-0.01,-1,-1,-0.01,-1,-1,-0.01,-1,-1,-0.01,-1,-1,-0.01,-1,-1,-0.01,-1,-1
99926009,2026-05-18 09:51:48+05:30,52843.4,0,0.0,0,0.0,0.0,53282.15,53308.4,52808.0,53710.35,0,0.0,0.0,0.0,0.0,-0.01,-1,-1,-0.01,-1,-1,-0.01,-1,-1,-0.01,-1,-1,-0.01,-1,-1,-0.01,-1,-1,-0.01,-1,-1,-0.01,-1,-1,-0.01,-1,-1,-0.01,-1,-1
99926009,2026-05-18 09:51:49+05:30,52843.85,0,0.0,0,0.0,0.0,53282.15,53308.4,52808.0,53710.35,0,0.0,0.0,0.0,0.0,-0.01,-1,-1,-0.01,-1,-1,-0.01,-1,-1,-0.01,-1,-1,-0.01,-1,-1,-0.01,-1,-1,-0.01,-1,-1,-0.01,-1,-1,-0.01,-1,-1,-0.01,-1,-1
99926009,2026-05-18 09:51:49+05:30,52847.0,0,0.0,0,0.0,0.0,53282.15,53308.4,52808.0,53710.35,0,0.0,0.0,0.0,0.0,-0.01,-1,-1,-0.01,-1,-1,-0.01,-1,-1,-0.01,-1,-1,-0.01,-1,-1,-0.01,-1,-1,-0.01,-1,-1,-0.01,-1,-1,-0.01,-1,-1,-0.01,-1,-1
99926009,2026-05-18 09:51:50+05:30,52845.75,0,0.0,0,0.0,0.0,53282.15,53308.4,52808.0,53710.35,0,0.0,0.0,0.0,0.0,-0.01,-1,-1,-0.01,-1,-1,-0.01,-1,-1,-0.01,-1,-1,-0.01,-1,-1,-0.01,-1,-1,-0.01,-1,-1,-0.01,-1,-1,-0.01,-1,-1,-0.01,-1,-1
99926009,2026-05-18 09:51:50+05:30,52847.5,0,0.0,0,0.0,0.0,53282.15,53308.4,52808.0,53710.35,0,0.0,0.0,0.0,0.0,-0.01,-1,-1,-0.01,-1,-1,-0.01,-1,-1,-0.01,-1,-1,-0.01,-1,-1,-0.01,-1,-1,-0.01,-1,-1,-0.01,-1,-1,-0.01,-1,-1,-0.01,-1,-1
99926009,2026-05-18 09:51:51+05:30,52847.0,0,0.0,0,0.0,0.0,53282.15,53308.4,52808.0,53710.35,0,0.0,0.0,0.0,0.0,-0.01,-1,-1,-0.01,-1,-1,-0.01,-1,-1,-0.01,-1,-1,-0.01,-1,-1,-0.01,-1,-1,-0.01,-1,-1,-0.01,-1,-1,-0.01,-1,-1,-0.01,-1,-1
99926009,2026-05-18 09:51:51+05:30,52846.55,0,0.0,0,0.0,0.0,53282.15,53308.4,52808.0,53710.35,0,0.0,0.0,0.0,0.0,-0.01,-1,-1,-0.01,-1,-1,-0.01,-1,-1,-0.01,-1,-1,-0.01,-1,-1,-0.01,-1,-1,-0.01,-1,-1,-0.01,-1,-1,-0.01,-1,-1,-0.01,-1,-1
99926009,2026-05-18 09:51:52+05:30,52850.0,0,0.0,0,0.0,0.0,53282.15,53308.4,52808.0,53710.35,0,0.0,0.0,0.0,0.0,-0.01,-1,-1,-0.01,-1,-1,-0.01,-1,-1,-0.01,-1,-1,-0.01,-1,-1,-0.01,-1,-1,-0.01,-1,-1,-0.01,-1,-1,-0.01,-1,-1,-0.01,-1,-1
99926009,2026-05-18 09:51:52+05:30,52850.15,0,0.0,0,0.0,0.0,53282.15,53308.4,52808.0,53710.35,0,0.0,0.0,0.0,0.0,-0.01,-1,-1,-0.01,-1,-1,-0.01,-1,-1,-0.01,-1,-1,-0.01,-1,-1,-0.01,-1,-1,-0.01,-1,-1,-0.01,-1,-1,-0.01,-1,-1,-0.01,-1,-1
99926009,2026-05-18 09:51:53+05:30,52849.2,0,0.0,0,0.0,0.0,53282.15,53308.4,52808.0,53710.35,0,0.0,0.0,0.0,0.0,-0.01,-1,-1,-0.01,-1,-1,-0.01,-1,-1,-0.01,-1,-1,-0.01,-1,-1,-0.01,-1,-1,-0.01,-1,-1,-0.01,-1,-1,-0.01,-1,-1,-0.01,-1,-1
99926009,2026-05-18 09:51:53+05:30,52848.4,0,0.0,0,0.0,0.0,53282.15,53308.4,52808.0,53710.35,0,0.0,0.0,0.0,0.0,-0.01,-1,-1,-0.01,-1,-1,-0.01,-1,-1,-0.01,-1,-1,-0.01,-1,-1,-0.01,-1,-1,-0.01,-1,-1,-0.01,-1,-1,-0.01,-1,-1,-0.01,-1,-1
99926009,2026-05-18 09:51:54+05:30,52847.9,0,0.0,0,0.0,0.0,53282.15,53308.4,52808.0,53710.35,0,0.0,0.0,0.0,0.0,-0.01,-1,-1,-0.01,-1,-1,-0.01,-1,-1,-0.01,-1,-1,-0.01,-1,-1,-0.01,-1,-1,-0.01,-1,-1,-0.01,-1,-1,-0.01,-1,-1,-0.01,-1,-1
99926009,2026-05-18 09:51:54+05:30,52848.85,0,0.0,0,0.0,0.0,53282.15,53308.4,52808.0,53710.35,0,0.0,0.0,0.0,0.0,-0.01,-1,-1,-0.01,-1,-1,-0.01,-1,-1,-0.01,-1,-1,-0.01,-1,-1,-0.01,-1,-1,-0.01,-1,-1,-0.01,-1,-1,-0.01,-1,-1,-0.01,-1,-1
99926009,2026-05-18 09:51:55+05:30,52849.3,0,0.0,0,0.0,0.0,53282.15,53308.4,52808.0,53710.35,0,0.0,0.0,0.0,0.0,-0.01,-1,-1,-0.01,-1,-1,-0.01,-1,-1,-0.01,-1,-1,-0.01,-1,-1,-0.01,-1,-1,-0.01,-1,-1,-0.01,-1,-1,-0.01,-1,-1,-0.01,-1,-1
99926009,2026-05-18 09:51:55+05:30,52854.05,0,0.0,0,0.0,0.0,53282.15,53308.4,52808.0,53710.35,0,0.0,0.0,0.0,0.0,-0.01,-1,-1,-0.01,-1,-1,-0.01,-1,-1,-0.01,-1,-1,-0.01,-1,-1,-0.01,-1,-1,-0.01,-1,-1,-0.01,-1,-1,-0.01,-1,-1,-0.01,-1,-1
99926009,2026-05-18 09:51:56+05:30,52856.35,0,0.0,0,0.0,0.0,53282.15,53308.4,52808.0,53710.35,0,0.0,0.0,0.0,0.0,-0.01,-1,-1,-0.01,-1,-1,-0.01,-1,-1,-0.01,-1,-1,-0.01,-1,-1,-0.01,-1,-1,-0.01,-1,-1,-0.01,-1,-1,-0.01,-1,-1,-0.01,-1,-1
99926009,2026-05-18 09:51:56+05:30,52859.55,0,0.0,0,0.0,0.0,53282.15,53308.4,52808.0,53710.35,0,0.0,0.0,0.0,0.0,-0.01,-1,-1,-0.01,-1,-1,-0.01,-1,-1,-0.01,-1,-1,-0.01,-1,-1,-0.01,-1,-1,-0.01,-1,-1,-0.01,-1,-1,-0.01,-1,-1,-0.01,-1,-1
99926009,2026-05-18 09:51:57+05:30,52859.2,0,0.0,0,0.0,0.0,53282.15,53308.4,52808.0,53710.35,0,0.0,0.0,0.0,0.0,-0.01,-1,-1,-0.01,-1,-1,-0.01,-1,-1,-0.01,-1,-1,-0.01,-1,-1,-0.01,-1,-1,-0.01,-1,-1,-0.01,-1,-1,-0.01,-1,-1,-0.01,-1,-1
99926009,2026-05-18 09:51:57+05:30,52861.15,0,0.0,0,0.0,0.0,53282.15,53308.4,52808.0,53710.35,0,0.0,0.0,0.0,0.0,-0.01,-1,-1,-0.01,-1,-1,-0.01,-1,-1,-0.01,-1,-1,-0.01,-1,-1,-0.01,-1,-1,-0.01,-1,-1,-0.01,-1,-1,-0.01,-1,-1,-0.01,-1,-1
99926009,2026-05-18 09:51:58+05:30,52861.05,0,0.0,0,0.0,0.0,53282.15,53308.4,52808.0,53710.35,0,0.0,0.0,0.0,0.0,-0.01,-1,-1,-0.01,-1,-1,-0.01,-1,-1,-0.01,-1,-1,-0.01,-1,-1,-0.01,-1,-1,-0.01,-1,-1,-0.01,-1,-1,-0.01,-1,-1,-0.01,-1,-1
99926009,2026-05-18 09:51:58+05:30,52856.35,0,0.0,0,0.0,0.0,53282.15,53308.4,52808.0,53710.35,0,0.0,0.0,0.0,0.0,-0.01,-1,-1,-0.01,-1,-1,-0.01,-1,-1,-0.01,-1,-1,-0.01,-1,-1,-0.01,-1,-1,-0.01,-1,-1,-0.01,-1,-1,-0.01,-1,-1,-0.01,-1,-1
99926009,2026-05-18 09:51:59+05:30,52856.7,0,0.0,0,0.0,0.0,53282.15,53308.4,52808.0,53710.35,0,0.0,0.0,0.0,0.0,-0.01,-1,-1,-0.01,-1,-1,-0.01,-1,-1,-0.01,-1,-1,-0.01,-1,-1,-0.01,-1,-1,-0.01,-1,-1,-0.01,-1,-1,-0.01,-1,-1,-0.01,-1,-1
99926009,2026-05-18 09:51:59+05:30,52857.15,0,0.0,0,0.0,0.0,53282.15,53308.4,52808.0,53710.35,0,0.0,0.0,0.0,0.0,-0.01,-1,-1,-0.01,-1,-1,-0.01,-1,-1,-0.01,-1,-1,-0.01,-1,-1,-0.01,-1,-1,-0.01,-1,-1,-0.01,-1,-1,-0.01,-1,-1,-0.01,-1,-1
99926009,2026-05-18 09:52:00+05:30,52856.1,0,0.0,0,0.0,0.0,53282.15,53308.4,52808.0,53710.35,0,0.0,0.0,0.0,0.0,-0.01,-1,-1,-0.01,-1,-1,-0.01,-1,-1,-0.01,-1,-1,-0.01,-1,-1,-0.01,-1,-1,-0.01,-1,-1,-0.01,-1,-1,-0.01,-1,-1,-0.01,-1,-1
99926009,2026-05-18 09:52:00+05:30,52862.25,0,0.0,0,0.0,0.0,53282.15,53308.4,52808.0,53710.35,0,0.0,0.0,0.0,0.0,-0.01,-1,-1,-0.01,-1,-1,-0.01,-1,-1,-0.01,-1,-1,-0.01,-1,-1,-0.01,-1,-1,-0.01,-1,-1,-0.01,-1,-1,-0.01,-1,-1,-0.01,-1,-1
99926009,2026-05-18 09:52:01+05:30,52864.95,0,0.0,0,0.0,0.0,53282.15,53308.4,52808.0,53710.35,0,0.0,0.0,0.0,0.0,-0.01,-1,-1,-0.01,-1,-1,-0.01,-1,-1,-0.01,-1,-1,-0.01,-1,-1,-0.01,-1,-1,-0.01,-1,-1,-0.01,-1,-1,-0.01,-1,-1,-0.01,-1,-1
99926009,2026-05-18 09:52:01+05:30,52868.2,0,0.0,0,0.0,0.0,53282.15,53308.4,52808.0,53710.35,0,0.0,0.0,0.0,0.0,-0.01,-1,-1,-0.01,-1,-1,-0.01,-1,-1,-0.01,-1,-1,-0.01,-1,-1,-0.01,-1,-1,-0.01,-1,-1,-0.01,-1,-1,-0.01,-1,-1,-0.01,-1,-1
99926009,2026-05-18 09:52:02+05:30,52870.2,0,0.0,0,0.0,0.0,53282.15,53308.4,52808.0,53710.35,0,0.0,0.0,0.0,0.0,-0.01,-1,-1,-0.01,-1,-1,-0.01,-1,-1,-0.01,-1,-1,-0.01,-1,-1,-0.01,-1,-1,-0.01,-1,-1,-0.01,-1,-1,-0.01,-1,-1,-0.01,-1,-1
99926009,2026-05-18 09:52:02+05:30,52868.3,0,0.0,0,0.0,0.0,53282.15,53308.4,52808.0,53710.35,0,0.0,0.0,0.0,0.0,-0.01,-1,-1,-0.01,-1,-1,-0.01,-1,-1,-0.01,-1,-1,-0.01,-1,-1,-0.01,-1,-1,-0.01,-1,-1,-0.01,-1,-1,-0.01,-1,-1,-0.01,-1,-1
99926009,2026-05-18 09:52:03+05:30,52870.9,0,0.0,0,0.0,0.0,53282.15,53308.4,52808.0,53710.35,0,0.0,0.0,0.0,0.0,-0.01,-1,-1,-0.01,-1,-1,-0.01,-1,-1,-0.01,-1,-1,-0.01,-1,-1,-0.01,-1,-1,-0.01,-1,-1,-0.01,-1,-1,-0.01,-1,-1,-0.01,-1,-1
99926009,2026-05-18 09:52:03+05:30,52872.25,0,0.0,0,0.0,0.0,53282.15,53308.4,52808.0,53710.35,0,0.0,0.0,0.0,0.0,-0.01,-1,-1,-0.01,-1,-1,-0.01,-1,-1,-0.01,-1,-1,-0.01,-1,-1,-0.01,-1,-1,-0.01,-1,-1,-0.01,-1,-1,-0.01,-1,-1,-0.01,-1,-1
99926009,2026-05-18 09:52:04+05:30,52870.6,0,0.0,0,0.0,0.0,53282.15,53308.4,52808.0,53710.35,0,0.0,0.0,0.0,0.0,-0.01,-1,-1,-0.01,-1,-1,-0.01,-1,-1,-0.01,-1,-1,-0.01,-1,-1,-0.01,-1,-1,-0.01,-1,-1,-0.01,-1,-1,-0.01,-1,-1,-0.01,-1,-1
99926009,2026-05-18 09:52:04+05:30,52869.7,0,0.0,0,0.0,0.0,53282.15,53308.4,52808.0,53710.35,0,0.0,0.0,0.0,0.0,-0.01,-1,-1,-0.01,-1,-1,-0.01,-1,-1,-0.01,-1,-1,-0.01,-1,-1,-0.01,-1,-1,-0.01,-1,-1,-0.01,-1,-1,-0.01,-1,-1,-0.01,-1,-1
99926009,2026-05-18 09:52:05+05:30,52871.95,0,0.0,0,0.0,0.0,53282.15,53308.4,52808.0,53710.35,0,0.0,0.0,0.0,0.0,-0.01,-1,-1,-0.01,-1,-1,-0.01,-1,-1,-0.01,-1,-1,-0.01,-1,-1,-0.01,-1,-1,-0.01,-1,-1,-0.01,-1,-1,-0.01,-1,-1,-0.01,-1,-1
99926009,2026-05-18 09:52:05+05:30,52868.45,0,0.0,0,0.0,0.0,53282.15,53308.4,52808.0,53710.35,0,0.0,0.0,0.0,0.0,-0.01,-1,-1,-0.01,-1,-1,-0.01,-1,-1,-0.01,-1,-1,-0.01,-1,-1,-0.01,-1,-1,-0.01,-1,-1,-0.01,-1,-1,-0.01,-1,-1,-0.01,-1,-1
99926009,2026-05-18 09:52:06+05:30,52869.75,0,0.0,0,0.0,0.0,53282.15,53308.4,52808.0,53710.35,0,0.0,0.0,0.0,0.0,-0.01,-1,-1,-0.01,-1,-1,-0.01,-1,-1,-0.01,-1,-1,-0.01,-1,-1,-0.01,-1,-1,-0.01,-1,-1,-0.01,-1,-1,-0.01,-1,-1,-0.01,-1,-1
99926009,2026-05-18 09:52:06+05:30,52870.5,0,0.0,0,0.0,0.0,53282.15,53308.4,52808.0,53710.35,0,0.0,0.0,0.0,0.0,-0.01,-1,-1,-0.01,-1,-1,-0.01,-1,-1,-0.01,-1,-1,-0.01,-1,-1,-0.01,-1,-1,-0.01,-1,-1,-0.01,-1,-1,-0.01,-1,-1,-0.01,-1,-1
99926009,2026-05-18 09:52:07+05:30,52868.35,0,0.0,0,0.0,0.0,53282.15,53308.4,52808.0,53710.35,0,0.0,0.0,0.0,0.0,-0.01,-1,-1,-0.01,-1,-1,-0.01,-1,-1,-0.01,-1,-1,-0.01,-1,-1,-0.01,-1,-1,-0.01,-1,-1,-0.01,-1,-1,-0.01,-1,-1,-0.01,-1,-1
99926009,2026-05-18 09:52:07+05:30,52872.3,0,0.0,0,0.0,0.0,53282.15,53308.4,52808.0,53710.35,0,0.0,0.0,0.0,0.0,-0.01,-1,-1,-0.01,-1,-1,-0.01,-1,-1,-0.01,-1,-1,-0.01,-1,-1,-0.01,-1,-1,-0.01,-1,-1,-0.01,-1,-1,-0.01,-1,-1,-0.01,-1,-1
99926009,2026-05-18 09:52:08+05:30,52870.2,0,0.0,0,0.0,0.0,53282.15,53308.4,52808.0,53710.35,0,0.0,0.0,0.0,0.0,-0.01,-1,-1,-0.01,-1,-1,-0.01,-1,-1,-0.01,-1,-1,-0.01,-1,-1,-0.01,-1,-1,-0.01,-1,-1,-0.01,-1,-1,-0.01,-1,-1,-0.01,-1,-1
99926009,2026-05-18 09:52:08+05:30,52874.75,0,0.0,0,0.0,0.0,53282.15,53308.4,52808.0,53710.35,0,0.0,0.0,0.0,0.0,-0.01,-1,-1,-0.01,-1,-1,-0.01,-1,-1,-0.01,-1,-1,-0.01,-1,-1,-0.01,-1,-1,-0.01,-1,-1,-0.01,-1,-1,-0.01,-1,-1,-0.01,-1,-1
99926009,2026-05-18 09:52:09+05:30,52874.45,0,0.0,0,0.0,0.0,53282.15,53308.4,52808.0,53710.35,0,0.0,0.0,0.0,0.0,-0.01,-1,-1,-0.01,-1,-1,-0.01,-1,-1,-0.01,-1,-1,-0.01,-1,-1,-0.01,-1,-1,-0.01,-1,-1,-0.01,-1,-1,-0.01,-1,-1,-0.01,-1,-1
99926009,2026-05-18 09:52:09+05:30,52870.95,0,0.0,0,0.0,0.0,53282.15,53308.4,52808.0,53710.35,0,0.0,0.0,0.0,0.0,-0.01,-1,-1,-0.01,-1,-1,-0.01,-1,-1,-0.01,-1,-1,-0.01,-1,-1,-0.01,-1,-1,-0.01,-1,-1,-0.01,-1,-1,-0.01,-1,-1,-0.01,-1,-1
99926009,2026-05-18 09:52:10+05:30,52872.0,0,0.0,0,0.0,0.0,53282.15,53308.4,52808.0,53710.35,0,0.0,0.0,0.0,0.0,-0.01,-1,-1,-0.01,-1,-1,-0.01,-1,-1,-0.01,-1,-1,-0.01,-1,-1,-0.01,-1,-1,-0.01,-1,-1,-0.01,-1,-1,-0.01,-1,-1,-0.01,-1,-1
99926009,2026-05-18 09:52:10+05:30,52870.95,0,0.0,0,0.0,0.0,53282.15,53308.4,52808.0,53710.35,0,0.0,0.0,0.0,0.0,-0.01,-1,-1,-0.01,-1,-1,-0.01,-1,-1,-0.01,-1,-1,-0.01,-1,-1,-0.01,-1,-1,-0.01,-1,-1,-0.01,-1,-1,-0.01,-1,-1,-0.01,-1,-1
99926009,2026-05-18 09:52:11+05:30,52870.65,0,0.0,0,0.0,0.0,53282.15,53308.4,52808.0,53710.35,0,0.0,0.0,0.0,0.0,-0.01,-1,-1,-0.01,-1,-1,-0.01,-1,-1,-0.01,-1,-1,-0.01,-1,-1,-0.01,-1,-1,-0.01,-1,-1,-0.01,-1,-1,-0.01,-1,-1,-0.01,-1,-1
99926009,2026-05-18 09:52:11+05:30,52867.0,0,0.0,0,0.0,0.0,53282.15,53308.4,52808.0,53710.35,0,0.0,0.0,0.0,0.0,-0.01,-1,-1,-0.01,-1,-1,-0.01,-1,-1,-0.01,-1,-1,-0.01,-1,-1,-0.01,-1,-1,-0.01,-1,-1,-0.01,-1,-1,-0.01,-1,-1,-0.01,-1,-1
99926009,2026-05-18 09:52:12+05:30,52866.3,0,0.0,0,0.0,0.0,53282.15,53308.4,52808.0,53710.35,0,0.0,0.0,0.0,0.0,-0.01,-1,-1,-0.01,-1,-1,-0.01,-1,-1,-0.01,-1,-1,-0.01,-1,-1,-0.01,-1,-1,-0.01,-1,-1,-0.01,-1,-1,-0.01,-1,-1,-0.01,-1,-1
99926009,2026-05-18 09:52:12+05:30,52864.65,0,0.0,0,0.0,0.0,53282.15,53308.4,52808.0,53710.35,0,0.0,0.0,0.0,0.0,-0.01,-1,-1,-0.01,-1,-1,-0.01,-1,-1,-0.01,-1,-1,-0.01,-1,-1,-0.01,-1,-1,-0.01,-1,-1,-0.01,-1,-1,-0.01,-1,-1,-0.01,-1,-1
99926009,2026-05-18 09:52:13+05:30,52865.55,0,0.0,0,0.0,0.0,53282.15,53308.4,52808.0,53710.35,0,0.0,0.0,0.0,0.0,-0.01,-1,-1,-0.01,-1,-1,-0.01,-1,-1,-0.01,-1,-1,-0.01,-1,-1,-0.01,-1,-1,-0.01,-1,-1,-0.01,-1,-1,-0.01,-1,-1,-0.01,-1,-1
99926009,2026-05-18 09:52:13+05:30,52865.5,0,0.0,0,0.0,0.0,53282.15,53308.4,52808.0,53710.35,0,0.0,0.0,0.0,0.0,-0.01,-1,-1,-0.01,-1,-1,-0.01,-1,-1,-0.01,-1,-1,-0.01,-1,-1,-0.01,-1,-1,-0.01,-1,-1,-0.01,-1,-1,-0.01,-1,-1,-0.01,-1,-1
99926009,2026-05-18 09:52:14+05:30,52864.4,0,0.0,0,0.0,0.0,53282.15,53308.4,52808.0,53710.35,0,0.0,0.0,0.0,0.0,-0.01,-1,-1,-0.01,-1,-1,-0.01,-1,-1,-0.01,-1,-1,-0.01,-1,-1,-0.01,-1,-1,-0.01,-1,-1,-0.01,-1,-1,-0.01,-1,-1,-0.01,-1,-1
99926009,2026-05-18 09:52:14+05:30,52863.25,0,0.0,0,0.0,0.0,53282.15,53308.4,52808.0,53710.35,0,0.0,0.0,0.0,0.0,-0.01,-1,-1,-0.01,-1,-1,-0.01,-1,-1,-0.01,-1,-1,-0.01,-1,-1,-0.01,-1,-1,-0.01,-1,-1,-0.01,-1,-1,-0.01,-1,-1,-0.01,-1,-1
99926009,2026-05-18 09:52:15+05:30,52865.75,0,0.0,0,0.0,0.0,53282.15,53308.4,52808.0,53710.35,0,0.0,0.0,0.0,0.0,-0.01,-1,-1,-0.01,-1,-1,-0.01,-1,-1,-0.01,-1,-1,-0.01,-1,-1,-0.01,-1,-1,-0.01,-1,-1,-0.01,-1,-1,-0.01,-1,-1,-0.01,-1,-1
99926009,2026-05-18 09:52:15+05:30,52866.65,0,0.0,0,0.0,0.0,53282.15,53308.4,52808.0,53710.35,0,0.0,0.0,0.0,0.0,-0.01,-1,-1,-0.01,-1,-1,-0.01,-1,-1,-0.01,-1,-1,-0.01,-1,-1,-0.01,-1,-1,-0.01,-1,-1,-0.01,-1,-1,-0.01,-1,-1,-0.01,-1,-1
99926009,2026-05-18 09:52:16+05:30,52867.7,0,0.0,0,0.0,0.0,53282.15,53308.4,52808.0,53710.35,0,0.0,0.0,0.0,0.0,-0.01,-1,-1,-0.01,-1,-1,-0.01,-1,-1,-0.01,-1,-1,-0.01,-1,-1,-0.01,-1,-1,-0.01,-1,-1,-0.01,-1,-1,-0.01,-1,-1,-0.01,-1,-1
99926009,2026-05-18 09:52:16+05:30,52866.0,0,0.0,0,0.0,0.0,53282.15,53308.4,52808.0,53710.35,0,0.0,0.0,0.0,0.0,-0.01,-1,-1,-0.01,-1,-1,-0.01,-1,-1,-0.01,-1,-1,-0.01,-1,-1,-0.01,-1,-1,-0.01,-1,-1,-0.01,-1,-1,-0.01,-1,-1,-0.01,-1,-1
99926009,2026-05-18 09:52:17+05:30,52866.6,0,0.0,0,0.0,0.0,53282.15,53308.4,52808.0,53710.35,0,0.0,0.0,0.0,0.0,-0.01,-1,-1,-0.01,-1,-1,-0.01,-1,-1,-0.01,-1,-1,-0.01,-1,-1,-0.01,-1,-1,-0.01,-1,-1,-0.01,-1,-1,-0.01,-1,-1,-0.01,-1,-1
99926009,2026-05-18 09:52:17+05:30,52867.5,0,0.0,0,0.0,0.0,53282.15,53308.4,52808.0,53710.35,0,0.0,0.0,0.0,0.0,-0.01,-1,-1,-0.01,-1,-1,-0.01,-1,-1,-0.01,-1,-1,-0.01,-1,-1,-0.01,-1,-1,-0.01,-1,-1,-0.01,-1,-1,-0.01,-1,-1,-0.01,-1,-1
99926009,2026-05-18 09:52:18+05:30,52868.1,0,0.0,0,0.0,0.0,53282.15,53308.4,52808.0,53710.35,0,0.0,0.0,0.0,0.0,-0.01,-1,-1,-0.01,-1,-1,-0.01,-1,-1,-0.01,-1,-1,-0.01,-1,-1,-0.01,-1,-1,-0.01,-1,-1,-0.01,-1,-1,-0.01,-1,-1,-0.01,-1,-1
99926009,2026-05-18 09:52:18+05:30,52868.0,0,0.0,0,0.0,0.0,53282.15,53308.4,52808.0,53710.35,0,0.0,0.0,0.0,0.0,-0.01,-1,-1,-0.01,-1,-1,-0.01,-1,-1,-0.01,-1,-1,-0.01,-1,-1,-0.01,-1,-1,-0.01,-1,-1,-0.01,-1,-1,-0.01,-1,-1,-0.01,-1,-1
99926009,2026-05-18 09:52:19+05:30,52868.8,0,0.0,0,0.0,0.0,53282.15,53308.4,52808.0,53710.35,0,0.0,0.0,0.0,0.0,-0.01,-1,-1,-0.01,-1,-1,-0.01,-1,-1,-0.01,-1,-1,-0.01,-1,-1,-0.01,-1,-1,-0.01,-1,-1,-0.01,-1,-1,-0.01,-1,-1,-0.01,-1,-1
99926009,2026-05-18 09:52:19+05:30,52869.15,0,0.0,0,0.0,0.0,53282.15,53308.4,52808.0,53710.35,0,0.0,0.0,0.0,0.0,-0.01,-1,-1,-0.01,-1,-1,-0.01,-1,-1,-0.01,-1,-1,-0.01,-1,-1,-0.01,-1,-1,-0.01,-1,-1,-0.01,-1,-1,-0.01,-1,-1,-0.01,-1,-1
99926009,2026-05-18 09:52:20+05:30,52869.75,0,0.0,0,0.0,0.0,53282.15,53308.4,52808.0,53710.35,0,0.0,0.0,0.0,0.0,-0.01,-1,-1,-0.01,-1,-1,-0.01,-1,-1,-0.01,-1,-1,-0.01,-1,-1,-0.01,-1,-1,-0.01,-1,-1,-0.01,-1,-1,-0.01,-1,-1,-0.01,-1,-1
99926009,2026-05-18 09:52:20+05:30,52870.75,0,0.0,0,0.0,0.0,53282.15,53308.4,52808.0,53710.35,0,0.0,0.0,0.0,0.0,-0.01,-1,-1,-0.01,-1,-1,-0.01,-1,-1,-0.01,-1,-1,-0.01,-1,-1,-0.01,-1,-1,-0.01,-1,-1,-0.01,-1,-1,-0.01,-1,-1,-0.01,-1,-1
99926009,2026-05-18 09:52:21+05:30,52872.25,0,0.0,0,0.0,0.0,53282.15,53308.4,52808.0,53710.35,0,0.0,0.0,0.0,0.0,-0.01,-1,-1,-0.01,-1,-1,-0.01,-1,-1,-0.01,-1,-1,-0.01,-1,-1,-0.01,-1,-1,-0.01,-1,-1,-0.01,-1,-1,-0.01,-1,-1,-0.01,-1,-1
99926009,2026-05-18 09:52:21+05:30,52870.25,0,0.0,0,0.0,0.0,53282.15,53308.4,52808.0,53710.35,0,0.0,0.0,0.0,0.0,-0.01,-1,-1,-0.01,-1,-1,-0.01,-1,-1,-0.01,-1,-1,-0.01,-1,-1,-0.01,-1,-1,-0.01,-1,-1,-0.01,-1,-1,-0.01,-1,-1,-0.01,-1,-1
99926009,2026-05-18 09:52:22+05:30,52869.0,0,0.0,0,0.0,0.0,53282.15,53308.4,52808.0,53710.35,0,0.0,0.0,0.0,0.0,-0.01,-1,-1,-0.01,-1,-1,-0.01,-1,-1,-0.01,-1,-1,-0.01,-1,-1,-0.01,-1,-1,-0.01,-1,-1,-0.01,-1,-1,-0.01,-1,-1,-0.01,-1,-1
99926009,2026-05-18 09:52:22+05:30,52869.65,0,0.0,0,0.0,0.0,53282.15,53308.4,52808.0,53710.35,0,0.0,0.0,0.0,0.0,-0.01,-1,-1,-0.01,-1,-1,-0.01,-1,-1,-0.01,-1,-1,-0.01,-1,-1,-0.01,-1,-1,-0.01,-1,-1,-0.01,-1,-1,-0.01,-1,-1,-0.01,-1,-1
99926009,2026-05-18 09:52:23+05:30,52869.35,0,0.0,0,0.0,0.0,53282.15,53308.4,52808.0,53710.35,0,0.0,0.0,0.0,0.0,-0.01,-1,-1,-0.01,-1,-1,-0.01,-1,-1,-0.01,-1,-1,-0.01,-1,-1,-0.01,-1,-1,-0.01,-1,-1,-0.01,-1,-1,-0.01,-1,-1,-0.01,-1,-1
99926009,2026-05-18 09:52:23+05:30,52871.45,0,0.0,0,0.0,0.0,53282.15,53308.4,52808.0,53710.35,0,0.0,0.0,0.0,0.0,-0.01,-1,-1,-0.01,-1,-1,-0.01,-1,-1,-0.01,-1,-1,-0.01,-1,-1,-0.01,-1,-1,-0.01,-1,-1,-0.01,-1,-1,-0.01,-1,-1,-0.01,-1,-1
99926009,2026-05-18 09:52:24+05:30,52874.0,0,0.0,0,0.0,0.0,53282.15,53308.4,52808.0,53710.35,0,0.0,0.0,0.0,0.0,-0.01,-1,-1,-0.01,-1,-1,-0.01,-1,-1,-0.01,-1,-1,-0.01,-1,-1,-0.01,-1,-1,-0.01,-1,-1,-0.01,-1,-1,-0.01,-1,-1,-0.01,-1,-1
99926009,2026-05-18 09:52:24+05:30,52870.45,0,0.0,0,0.0,0.0,53282.15,53308.4,52808.0,53710.35,0,0.0,0.0,0.0,0.0,-0.01,-1,-1,-0.01,-1,-1,-0.01,-1,-1,-0.01,-1,-1,-0.01,-1,-1,-0.01,-1,-1,-0.01,-1,-1,-0.01,-1,-1,-0.01,-1,-1,-0.01,-1,-1
99926009,2026-05-18 09:52:25+05:30,52867.95,0,0.0,0,0.0,0.0,53282.15,53308.4,52808.0,53710.35,0,0.0,0.0,0.0,0.0,-0.01,-1,-1,-0.01,-1,-1,-0.01,-1,-1,-0.01,-1,-1,-0.01,-1,-1,-0.01,-1,-1,-0.01,-1,-1,-0.01,-1,-1,-0.01,-1,-1,-0.01,-1,-1
99926009,2026-05-18 09:52:25+05:30,52870.6,0,0.0,0,0.0,0.0,53282.15,53308.4,52808.0,53710.35,0,0.0,0.0,0.0,0.0,-0.01,-1,-1,-0.01,-1,-1,-0.01,-1,-1,-0.01,-1,-1,-0.01,-1,-1,-0.01,-1,-1,-0.01,-1,-1,-0.01,-1,-1,-0.01,-1,-1,-0.01,-1,-1
99926009,2026-05-18 09:52:26+05:30,52868.1,0,0.0,0,0.0,0.0,53282.15,53308.4,52808.0,53710.35,0,0.0,0.0,0.0,0.0,-0.01,-1,-1,-0.01,-1,-1,-0.01,-1,-1,-0.01,-1,-1,-0.01,-1,-1,-0.01,-1,-1,-0.01,-1,-1,-0.01,-1,-1,-0.01,-1,-1,-0.01,-1,-1
99926009,2026-05-18 09:52:26+05:30,52866.4,0,0.0,0,0.0,0.0,53282.15,53308.4,52808.0,53710.35,0,0.0,0.0,0.0,0.0,-0.01,-1,-1,-0.01,-1,-1,-0.01,-1,-1,-0.01,-1,-1,-0.01,-1,-1,-0.01,-1,-1,-0.01,-1,-1,-0.01,-1,-1,-0.01,-1,-1,-0.01,-1,-1
99926009,2026-05-18 09:52:27+05:30,52865.15,0,0.0,0,0.0,0.0,53282.15,53308.4,52808.0,53710.35,0,0.0,0.0,0.0,0.0,-0.01,-1,-1,-0.01,-1,-1,-0.01,-1,-1,-0.01,-1,-1,-0.01,-1,-1,-0.01,-1,-1,-0.01,-1,-1,-0.01,-1,-1,-0.01,-1,-1,-0.01,-1,-1
99926009,2026-05-18 09:52:27+05:30,52867.4,0,0.0,0,0.0,0.0,53282.15,53308.4,52808.0,53710.35,0,0.0,0.0,0.0,0.0,-0.01,-1,-1,-0.01,-1,-1,-0.01,-1,-1,-0.01,-1,-1,-0.01,-1,-1,-0.01,-1,-1,-0.01,-1,-1,-0.01,-1,-1,-0.01,-1,-1,-0.01,-1,-1
99926009,2026-05-18 09:52:28+05:30,52866.95,0,0.0,0,0.0,0.0,53282.15,53308.4,52808.0,53710.35,0,0.0,0.0,0.0,0.0,-0.01,-1,-1,-0.01,-1,-1,-0.01,-1,-1,-0.01,-1,-1,-0.01,-1,-1,-0.01,-1,-1,-0.01,-1,-1,-0.01,-1,-1,-0.01,-1,-1,-0.01,-1,-1
99926009,2026-05-18 09:52:28+05:30,52865.7,0,0.0,0,0.0,0.0,53282.15,53308.4,52808.0,53710.35,0,0.0,0.0,0.0,0.0,-0.01,-1,-1,-0.01,-1,-1,-0.01,-1,-1,-0.01,-1,-1,-0.01,-1,-1,-0.01,-1,-1,-0.01,-1,-1,-0.01,-1,-1,-0.01,-1,-1,-0.01,-1,-1
99926009,2026-05-18 09:52:29+05:30,52864.3,0,0.0,0,0.0,0.0,53282.15,53308.4,52808.0,53710.35,0,0.0,0.0,0.0,0.0,-0.01,-1,-1,-0.01,-1,-1,-0.01,-1,-1,-0.01,-1,-1,-0.01,-1,-1,-0.01,-1,-1,-0.01,-1,-1,-0.01,-1,-1,-0.01,-1,-1,-0.01,-1,-1
99926009,2026-05-18 09:52:29+05:30,52864.7,0,0.0,0,0.0,0.0,53282.15,53308.4,52808.0,53710.35,0,0.0,0.0,0.0,0.0,-0.01,-1,-1,-0.01,-1,-1,-0.01,-1,-1,-0.01,-1,-1,-0.01,-1,-1,-0.01,-1,-1,-0.01,-1,-1,-0.01,-1,-1,-0.01,-1,-1,-0.01,-1,-1
99926009,2026-05-18 09:52:30+05:30,52863.65,0,0.0,0,0.0,0.0,53282.15,53308.4,52808.0,53710.35,0,0.0,0.0,0.0,0.0,-0.01,-1,-1,-0.01,-1,-1,-0.01,-1,-1,-0.01,-1,-1,-0.01,-1,-1,-0.01,-1,-1,-0.01,-1,-1,-0.01,-1,-1,-0.01,-1,-1,-0.01,-1,-1
99926009,2026-05-18 09:52:30+05:30,52866.45,0,0.0,0,0.0,0.0,53282.15,53308.4,52808.0,53710.35,0,0.0,0.0,0.0,0.0,-0.01,-1,-1,-0.01,-1,-1,-0.01,-1,-1,-0.01,-1,-1,-0.01,-1,-1,-0.01,-1,-1,-0.01,-1,-1,-0.01,-1,-1,-0.01,-1,-1,-0.01,-1,-1
99926009,2026-05-18 09:52:31+05:30,52866.75,0,0.0,0,0.0,0.0,53282.15,53308.4,52808.0,53710.35,0,0.0,0.0,0.0,0.0,-0.01,-1,-1,-0.01,-1,-1,-0.01,-1,-1,-0.01,-1,-1,-0.01,-1,-1,-0.01,-1,-1,-0.01,-1,-1,-0.01,-1,-1,-0.01,-1,-1,-0.01,-1,-1
99926009,2026-05-18 09:52:31+05:30,52866.1,0,0.0,0,0.0,0.0,53282.15,53308.4,52808.0,53710.35,0,0.0,0.0,0.0,0.0,-0.01,-1,-1,-0.01,-1,-1,-0.01,-1,-1,-0.01,-1,-1,-0.01,-1,-1,-0.01,-1,-1,-0.01,-1,-1,-0.01,-1,-1,-0.01,-1,-1,-0.01,-1,-1
99926009,2026-05-18 09:52:32+05:30,52864.5,0,0.0,0,0.0,0.0,53282.15,53308.4,52808.0,53710.35,0,0.0,0.0,0.0,0.0,-0.01,-1,-1,-0.01,-1,-1,-0.01,-1,-1,-0.01,-1,-1,-0.01,-1,-1,-0.01,-1,-1,-0.01,-1,-1,-0.01,-1,-1,-0.01,-1,-1,-0.01,-1,-1
99926009,2026-05-18 09:52:32+05:30,52864.9,0,0.0,0,0.0,0.0,53282.15,53308.4,52808.0,53710.35,0,0.0,0.0,0.0,0.0,-0.01,-1,-1,-0.01,-1,-1,-0.01,-1,-1,-0.01,-1,-1,-0.01,-1,-1,-0.01,-1,-1,-0.01,-1,-1,-0.01,-1,-1,-0.01,-1,-1,-0.01,-1,-1
99926009,2026-05-18 09:52:33+05:30,52865.4,0,0.0,0,0.0,0.0,53282.15,53308.4,52808.0,53710.35,0,0.0,0.0,0.0,0.0,-0.01,-1,-1,-0.01,-1,-1,-0.01,-1,-1,-0.01,-1,-1,-0.01,-1,-1,-0.01,-1,-1,-0.01,-1,-1,-0.01,-1,-1,-0.01,-1,-1,-0.01,-1,-1
99926009,2026-05-18 09:52:33+05:30,52863.0,0,0.0,0,0.0,0.0,53282.15,53308.4,52808.0,53710.35,0,0.0,0.0,0.0,0.0,-0.01,-1,-1,-0.01,-1,-1,-0.01,-1,-1,-0.01,-1,-1,-0.01,-1,-1,-0.01,-1,-1,-0.01,-1,-1,-0.01,-1,-1,-0.01,-1,-1,-0.01,-1,-1
99926009,2026-05-18 09:52:34+05:30,52863.3,0,0.0,0,0.0,0.0,53282.15,53308.4,52808.0,53710.35,0,0.0,0.0,0.0,0.0,-0.01,-1,-1,-0.01,-1,-1,-0.01,-1,-1,-0.01,-1,-1,-0.01,-1,-1,-0.01,-1,-1,-0.01,-1,-1,-0.01,-1,-1,-0.01,-1,-1,-0.01,-1,-1
99926009,2026-05-18 09:52:34+05:30,52863.7,0,0.0,0,0.0,0.0,53282.15,53308.4,52808.0,53710.35,0,0.0,0.0,0.0,0.0,-0.01,-1,-1,-0.01,-1,-1,-0.01,-1,-1,-0.01,-1,-1,-0.01,-1,-1,-0.01,-1,-1,-0.01,-1,-1,-0.01,-1,-1,-0.01,-1,-1,-0.01,-1,-1
99926009,2026-05-18 09:52:35+05:30,52864.05,0,0.0,0,0.0,0.0,53282.15,53308.4,52808.0,53710.35,0,0.0,0.0,0.0,0.0,-0.01,-1,-1,-0.01,-1,-1,-0.01,-1,-1,-0.01,-1,-1,-0.01,-1,-1,-0.01,-1,-1,-0.01,-1,-1,-0.01,-1,-1,-0.01,-1,-1,-0.01,-1,-1
99926009,2026-05-18 09:52:35+05:30,52865.9,0,0.0,0,0.0,0.0,53282.15,53308.4,52808.0,53710.35,0,0.0,0.0,0.0,0.0,-0.01,-1,-1,-0.01,-1,-1,-0.01,-1,-1,-0.01,-1,-1,-0.01,-1,-1,-0.01,-1,-1,-0.01,-1,-1,-0.01,-1,-1,-0.01,-1,-1,-0.01,-1,-1
99926009,2026-05-18 09:52:36+05:30,52865.5,0,0.0,0,0.0,0.0,53282.15,53308.4,52808.0,53710.35,0,0.0,0.0,0.0,0.0,-0.01,-1,-1,-0.01,-1,-1,-0.01,-1,-1,-0.01,-1,-1,-0.01,-1,-1,-0.01,-1,-1,-0.01,-1,-1,-0.01,-1,-1,-0.01,-1,-1,-0.01,-1,-1
99926009,2026-05-18 09:52:36+05:30,52865.25,0,0.0,0,0.0,0.0,53282.15,53308.4,52808.0,53710.35,0,0.0,0.0,0.0,0.0,-0.01,-1,-1,-0.01,-1,-1,-0.01,-1,-1,-0.01,-1,-1,-0.01,-1,-1,-0.01,-1,-1,-0.01,-1,-1,-0.01,-1,-1,-0.01,-1,-1,-0.01,-1,-1
99926009,2026-05-18 09:52:37+05:30,52865.05,0,0.0,0,0.0,0.0,53282.15,53308.4,52808.0,53710.35,0,0.0,0.0,0.0,0.0,-0.01,-1,-1,-0.01,-1,-1,-0.01,-1,-1,-0.01,-1,-1,-0.01,-1,-1,-0.01,-1,-1,-0.01,-1,-1,-0.01,-1,-1,-0.01,-1,-1,-0.01,-1,-1
99926009,2026-05-18 09:52:37+05:30,52866.6,0,0.0,0,0.0,0.0,53282.15,53308.4,52808.0,53710.35,0,0.0,0.0,0.0,0.0,-0.01,-1,-1,-0.01,-1,-1,-0.01,-1,-1,-0.01,-1,-1,-0.01,-1,-1,-0.01,-1,-1,-0.01,-1,-1,-0.01,-1,-1,-0.01,-1,-1,-0.01,-1,-1
99926009,2026-05-18 09:52:38+05:30,52867.35,0,0.0,0,0.0,0.0,53282.15,53308.4,52808.0,53710.35,0,0.0,0.0,0.0,0.0,-0.01,-1,-1,-0.01,-1,-1,-0.01,-1,-1,-0.01,-1,-1,-0.01,-1,-1,-0.01,-1,-1,-0.01,-1,-1,-0.01,-1,-1,-0.01,-1,-1,-0.01,-1,-1
99926009,2026-05-18 09:52:38+05:30,52864.85,0,0.0,0,0.0,0.0,53282.15,53308.4,52808.0,53710.35,0,0.0,0.0,0.0,0.0,-0.01,-1,-1,-0.01,-1,-1,-0.01,-1,-1,-0.01,-1,-1,-0.01,-1,-1,-0.01,-1,-1,-0.01,-1,-1,-0.01,-1,-1,-0.01,-1,-1,-0.01,-1,-1
99926009,2026-05-18 09:52:39+05:30,52865.25,0,0.0,0,0.0,0.0,53282.15,53308.4,52808.0,53710.35,0,0.0,0.0,0.0,0.0,-0.01,-1,-1,-0.01,-1,-1,-0.01,-1,-1,-0.01,-1,-1,-0.01,-1,-1,-0.01,-1,-1,-0.01,-1,-1,-0.01,-1,-1,-0.01,-1,-1,-0.01,-1,-1
99926009,2026-05-18 09:52:39+05:30,52863.9,0,0.0,0,0.0,0.0,53282.15,53308.4,52808.0,53710.35,0,0.0,0.0,0.0,0.0,-0.01,-1,-1,-0.01,-1,-1,-0.01,-1,-1,-0.01,-1,-1,-0.01,-1,-1,-0.01,-1,-1,-0.01,-1,-1,-0.01,-1,-1,-0.01,-1,-1,-0.01,-1,-1
99926009,2026-05-18 09:52:40+05:30,52864.6,0,0.0,0,0.0,0.0,53282.15,53308.4,52808.0,53710.35,0,0.0,0.0,0.0,0.0,-0.01,-1,-1,-0.01,-1,-1,-0.01,-1,-1,-0.01,-1,-1,-0.01,-1,-1,-0.01,-1,-1,-0.01,-1,-1,-0.01,-1,-1,-0.01,-1,-1,-0.01,-1,-1
99926009,2026-05-18 09:52:40+05:30,52863.7,0,0.0,0,0.0,0.0,53282.15,53308.4,52808.0,53710.35,0,0.0,0.0,0.0,0.0,-0.01,-1,-1,-0.01,-1,-1,-0.01,-1,-1,-0.01,-1,-1,-0.01,-1,-1,-0.01,-1,-1,-0.01,-1,-1,-0.01,-1,-1,-0.01,-1,-1,-0.01,-1,-1
99926009,2026-05-18 09:52:41+05:30,52859.65,0,0.0,0,0.0,0.0,53282.15,53308.4,52808.0,53710.35,0,0.0,0.0,0.0,0.0,-0.01,-1,-1,-0.01,-1,-1,-0.01,-1,-1,-0.01,-1,-1,-0.01,-1,-1,-0.01,-1,-1,-0.01,-1,-1,-0.01,-1,-1,-0.01,-1,-1,-0.01,-1,-1
99926009,2026-05-18 09:52:41+05:30,52860.15,0,0.0,0,0.0,0.0,53282.15,53308.4,52808.0,53710.35,0,0.0,0.0,0.0,0.0,-0.01,-1,-1,-0.01,-1,-1,-0.01,-1,-1,-0.01,-1,-1,-0.01,-1,-1,-0.01,-1,-1,-0.01,-1,-1,-0.01,-1,-1,-0.01,-1,-1,-0.01,-1,-1
99926009,2026-05-18 09:52:42+05:30,52859.3,0,0.0,0,0.0,0.0,53282.15,53308.4,52808.0,53710.35,0,0.0,0.0,0.0,0.0,-0.01,-1,-1,-0.01,-1,-1,-0.01,-1,-1,-0.01,-1,-1,-0.01,-1,-1,-0.01,-1,-1,-0.01,-1,-1,-0.01,-1,-1,-0.01,-1,-1,-0.01,-1,-1
99926009,2026-05-18 09:52:42+05:30,52855.8,0,0.0,0,0.0,0.0,53282.15,53308.4,52808.0,53710.35,0,0.0,0.0,0.0,0.0,-0.01,-1,-1,-0.01,-1,-1,-0.01,-1,-1,-0.01,-1,-1,-0.01,-1,-1,-0.01,-1,-1,-0.01,-1,-1,-0.01,-1,-1,-0.01,-1,-1,-0.01,-1,-1
99926009,2026-05-18 09:52:43+05:30,52859.0,0,0.0,0,0.0,0.0,53282.15,53308.4,52808.0,53710.35,0,0.0,0.0,0.0,0.0,-0.01,-1,-1,-0.01,-1,-1,-0.01,-1,-1,-0.01,-1,-1,-0.01,-1,-1,-0.01,-1,-1,-0.01,-1,-1,-0.01,-1,-1,-0.01,-1,-1,-0.01,-1,-1
99926009,2026-05-18 09:52:43+05:30,52856.3,0,0.0,0,0.0,0.0,53282.15,53308.4,52808.0,53710.35,0,0.0,0.0,0.0,0.0,-0.01,-1,-1,-0.01,-1,-1,-0.01,-1,-1,-0.01,-1,-1,-0.01,-1,-1,-0.01,-1,-1,-0.01,-1,-1,-0.01,-1,-1,-0.01,-1,-1,-0.01,-1,-1
99926009,2026-05-18 09:52:44+05:30,52856.65,0,0.0,0,0.0,0.0,53282.15,53308.4,52808.0,53710.35,0,0.0,0.0,0.0,0.0,-0.01,-1,-1,-0.01,-1,-1,-0.01,-1,-1,-0.01,-1,-1,-0.01,-1,-1,-0.01,-1,-1,-0.01,-1,-1,-0.01,-1,-1,-0.01,-1,-1,-0.01,-1,-1
99926009,2026-05-18 09:52:44+05:30,52856.6,0,0.0,0,0.0,0.0,53282.15,53308.4,52808.0,53710.35,0,0.0,0.0,0.0,0.0,-0.01,-1,-1,-0.01,-1,-1,-0.01,-1,-1,-0.01,-1,-1,-0.01,-1,-1,-0.01,-1,-1,-0.01,-1,-1,-0.01,-1,-1,-0.01,-1,-1,-0.01,-1,-1
99926009,2026-05-18 09:52:45+05:30,52852.7,0,0.0,0,0.0,0.0,53282.15,53308.4,52808.0,53710.35,0,0.0,0.0,0.0,0.0,-0.01,-1,-1,-0.01,-1,-1,-0.01,-1,-1,-0.01,-1,-1,-0.01,-1,-1,-0.01,-1,-1,-0.01,-1,-1,-0.01,-1,-1,-0.01,-1,-1,-0.01,-1,-1
99926009,2026-05-18 09:52:45+05:30,52851.85,0,0.0,0,0.0,0.0,53282.15,53308.4,52808.0,53710.35,0,0.0,0.0,0.0,0.0,-0.01,-1,-1,-0.01,-1,-1,-0.01,-1,-1,-0.01,-1,-1,-0.01,-1,-1,-0.01,-1,-1,-0.01,-1,-1,-0.01,-1,-1,-0.01,-1,-1,-0.01,-1,-1
99926009,2026-05-18 09:52:46+05:30,52855.4,0,0.0,0,0.0,0.0,53282.15,53308.4,52808.0,53710.35,0,0.0,0.0,0.0,0.0,-0.01,-1,-1,-0.01,-1,-1,-0.01,-1,-1,-0.01,-1,-1,-0.01,-1,-1,-0.01,-1,-1,-0.01,-1,-1,-0.01,-1,-1,-0.01,-1,-1,-0.01,-1,-1
99926009,2026-05-18 09:52:46+05:30,52852.75,0,0.0,0,0.0,0.0,53282.15,53308.4,52808.0,53710.35,0,0.0,0.0,0.0,0.0,-0.01,-1,-1,-0.01,-1,-1,-0.01,-1,-1,-0.01,-1,-1,-0.01,-1,-1,-0.01,-1,-1,-0.01,-1,-1,-0.01,-1,-1,-0.01,-1,-1,-0.01,-1,-1
99926009,2026-05-18 09:52:47+05:30,52854.65,0,0.0,0,0.0,0.0,53282.15,53308.4,52808.0,53710.35,0,0.0,0.0,0.0,0.0,-0.01,-1,-1,-0.01,-1,-1,-0.01,-1,-1,-0.01,-1,-1,-0.01,-1,-1,-0.01,-1,-1,-0.01,-1,-1,-0.01,-1,-1,-0.01,-1,-1,-0.01,-1,-1
99926009,2026-05-18 09:52:47+05:30,52848.55,0,0.0,0,0.0,0.0,53282.15,53308.4,52808.0,53710.35,0,0.0,0.0,0.0,0.0,-0.01,-1,-1,-0.01,-1,-1,-0.01,-1,-1,-0.01,-1,-1,-0.01,-1,-1,-0.01,-1,-1,-0.01,-1,-1,-0.01,-1,-1,-0.01,-1,-1,-0.01,-1,-1
99926009,2026-05-18 09:52:48+05:30,52851.65,0,0.0,0,0.0,0.0,53282.15,53308.4,52808.0,53710.35,0,0.0,0.0,0.0,0.0,-0.01,-1,-1,-0.01,-1,-1,-0.01,-1,-1,-0.01,-1,-1,-0.01,-1,-1,-0.01,-1,-1,-0.01,-1,-1,-0.01,-1,-1,-0.01,-1,-1,-0.01,-1,-1
99926009,2026-05-18 09:52:48+05:30,52853.95,0,0.0,0,0.0,0.0,53282.15,53308.4,52808.0,53710.35,0,0.0,0.0,0.0,0.0,-0.01,-1,-1,-0.01,-1,-1,-0.01,-1,-1,-0.01,-1,-1,-0.01,-1,-1,-0.01,-1,-1,-0.01,-1,-1,-0.01,-1,-1,-0.01,-1,-1,-0.01,-1,-1
99926009,2026-05-18 09:52:49+05:30,52853.6,0,0.0,0,0.0,0.0,53282.15,53308.4,52808.0,53710.35,0,0.0,0.0,0.0,0.0,-0.01,-1,-1,-0.01,-1,-1,-0.01,-1,-1,-0.01,-1,-1,-0.01,-1,-1,-0.01,-1,-1,-0.01,-1,-1,-0.01,-1,-1,-0.01,-1,-1,-0.01,-1,-1
99926009,2026-05-18 09:52:49+05:30,52853.75,0,0.0,0,0.0,0.0,53282.15,53308.4,52808.0,53710.35,0,0.0,0.0,0.0,0.0,-0.01,-1,-1,-0.01,-1,-1,-0.01,-1,-1,-0.01,-1,-1,-0.01,-1,-1,-0.01,-1,-1,-0.01,-1,-1,-0.01,-1,-1,-0.01,-1,-1,-0.01,-1,-1
99926009,2026-05-18 09:52:50+05:30,52850.3,0,0.0,0,0.0,0.0,53282.15,53308.4,52808.0,53710.35,0,0.0,0.0,0.0,0.0,-0.01,-1,-1,-0.01,-1,-1,-0.01,-1,-1,-0.01,-1,-1,-0.01,-1,-1,-0.01,-1,-1,-0.01,-1,-1,-0.01,-1,-1,-0.01,-1,-1,-0.01,-1,-1
99926009,2026-05-18 09:52:50+05:30,52850.0,0,0.0,0,0.0,0.0,53282.15,53308.4,52808.0,53710.35,0,0.0,0.0,0.0,0.0,-0.01,-1,-1,-0.01,-1,-1,-0.01,-1,-1,-0.01,-1,-1,-0.01,-1,-1,-0.01,-1,-1,-0.01,-1,-1,-0.01,-1,-1,-0.01,-1,-1,-0.01,-1,-1
99926009,2026-05-18 09:52:51+05:30,52851.15,0,0.0,0,0.0,0.0,53282.15,53308.4,52808.0,53710.35,0,0.0,0.0,0.0,0.0,-0.01,-1,-1,-0.01,-1,-1,-0.01,-1,-1,-0.01,-1,-1,-0.01,-1,-1,-0.01,-1,-1,-0.01,-1,-1,-0.01,-1,-1,-0.01,-1,-1,-0.01,-1,-1
99926009,2026-05-18 09:52:51+05:30,52849.55,0,0.0,0,0.0,0.0,53282.15,53308.4,52808.0,53710.35,0,0.0,0.0,0.0,0.0,-0.01,-1,-1,-0.01,-1,-1,-0.01,-1,-1,-0.01,-1,-1,-0.01,-1,-1,-0.01,-1,-1,-0.01,-1,-1,-0.01,-1,-1,-0.01,-1,-1,-0.01,-1,-1
99926009,2026-05-18 09:52:52+05:30,52849.35,0,0.0,0,0.0,0.0,53282.15,53308.4,52808.0,53710.35,0,0.0,0.0,0.0,0.0,-0.01,-1,-1,-0.01,-1,-1,-0.01,-1,-1,-0.01,-1,-1,-0.01,-1,-1,-0.01,-1,-1,-0.01,-1,-1,-0.01,-1,-1,-0.01,-1,-1,-0.01,-1,-1
99926009,2026-05-18 09:52:52+05:30,52850.45,0,0.0,0,0.0,0.0,53282.15,53308.4,52808.0,53710.35,0,0.0,0.0,0.0,0.0,-0.01,-1,-1,-0.01,-1,-1,-0.01,-1,-1,-0.01,-1,-1,-0.01,-1,-1,-0.01,-1,-1,-0.01,-1,-1,-0.01,-1,-1,-0.01,-1,-1,-0.01,-1,-1
99926009,2026-05-18 09:52:53+05:30,52851.05,0,0.0,0,0.0,0.0,53282.15,53308.4,52808.0,53710.35,0,0.0,0.0,0.0,0.0,-0.01,-1,-1,-0.01,-1,-1,-0.01,-1,-1,-0.01,-1,-1,-0.01,-1,-1,-0.01,-1,-1,-0.01,-1,-1,-0.01,-1,-1,-0.01,-1,-1,-0.01,-1,-1
99926009,2026-05-18 09:52:53+05:30,52848.7,0,0.0,0,0.0,0.0,53282.15,53308.4,52808.0,53710.35,0,0.0,0.0,0.0,0.0,-0.01,-1,-1,-0.01,-1,-1,-0.01,-1,-1,-0.01,-1,-1,-0.01,-1,-1,-0.01,-1,-1,-0.01,-1,-1,-0.01,-1,-1,-0.01,-1,-1,-0.01,-1,-1
99926009,2026-05-18 09:52:54+05:30,52847.35,0,0.0,0,0.0,0.0,53282.15,53308.4,52808.0,53710.35,0,0.0,0.0,0.0,0.0,-0.01,-1,-1,-0.01,-1,-1,-0.01,-1,-1,-0.01,-1,-1,-0.01,-1,-1,-0.01,-1,-1,-0.01,-1,-1,-0.01,-1,-1,-0.01,-1,-1,-0.01,-1,-1
99926009,2026-05-18 09:52:54+05:30,52847.0,0,0.0,0,0.0,0.0,53282.15,53308.4,52808.0,53710.35,0,0.0,0.0,0.0,0.0,-0.01,-1,-1,-0.01,-1,-1,-0.01,-1,-1,-0.01,-1,-1,-0.01,-1,-1,-0.01,-1,-1,-0.01,-1,-1,-0.01,-1,-1,-0.01,-1,-1,-0.01,-1,-1
99926009,2026-05-18 09:52:55+05:30,52841.8,0,0.0,0,0.0,0.0,53282.15,53308.4,52808.0,53710.35,0,0.0,0.0,0.0,0.0,-0.01,-1,-1,-0.01,-1,-1,-0.01,-1,-1,-0.01,-1,-1,-0.01,-1,-1,-0.01,-1,-1,-0.01,-1,-1,-0.01,-1,-1,-0.01,-1,-1,-0.01,-1,-1
99926009,2026-05-18 09:52:55+05:30,52842.05,0,0.0,0,0.0,0.0,53282.15,53308.4,52808.0,53710.35,0,0.0,0.0,0.0,0.0,-0.01,-1,-1,-0.01,-1,-1,-0.01,-1,-1,-0.01,-1,-1,-0.01,-1,-1,-0.01,-1,-1,-0.01,-1,-1,-0.01,-1,-1,-0.01,-1,-1,-0.01,-1,-1
99926009,2026-05-18 09:52:56+05:30,52843.95,0,0.0,0,0.0,0.0,53282.15,53308.4,52808.0,53710.35,0,0.0,0.0,0.0,0.0,-0.01,-1,-1,-0.01,-1,-1,-0.01,-1,-1,-0.01,-1,-1,-0.01,-1,-1,-0.01,-1,-1,-0.01,-1,-1,-0.01,-1,-1,-0.01,-1,-1,-0.01,-1,-1
99926009,2026-05-18 09:52:56+05:30,52844.05,0,0.0,0,0.0,0.0,53282.15,53308.4,52808.0,53710.35,0,0.0,0.0,0.0,0.0,-0.01,-1,-1,-0.01,-1,-1,-0.01,-1,-1,-0.01,-1,-1,-0.01,-1,-1,-0.01,-1,-1,-0.01,-1,-1,-0.01,-1,-1,-0.01,-1,-1,-0.01,-1,-1
99926009,2026-05-18 09:52:57+05:30,52839.2,0,0.0,0,0.0,0.0,53282.15,53308.4,52808.0,53710.35,0,0.0,0.0,0.0,0.0,-0.01,-1,-1,-0.01,-1,-1,-0.01,-1,-1,-0.01,-1,-1,-0.01,-1,-1,-0.01,-1,-1,-0.01,-1,-1,-0.01,-1,-1,-0.01,-1,-1,-0.01,-1,-1
99926009,2026-05-18 09:52:57+05:30,52839.3,0,0.0,0,0.0,0.0,53282.15,53308.4,52808.0,53710.35,0,0.0,0.0,0.0,0.0,-0.01,-1,-1,-0.01,-1,-1,-0.01,-1,-1,-0.01,-1,-1,-0.01,-1,-1,-0.01,-1,-1,-0.01,-1,-1,-0.01,-1,-1,-0.01,-1,-1,-0.01,-1,-1
99926009,2026-05-18 09:52:58+05:30,52839.95,0,0.0,0,0.0,0.0,53282.15,53308.4,52808.0,53710.35,0,0.0,0.0,0.0,0.0,-0.01,-1,-1,-0.01,-1,-1,-0.01,-1,-1,-0.01,-1,-1,-0.01,-1,-1,-0.01,-1,-1,-0.01,-1,-1,-0.01,-1,-1,-0.01,-1,-1,-0.01,-1,-1
99926009,2026-05-18 09:52:58+05:30,52837.75,0,0.0,0,0.0,0.0,53282.15,53308.4,52808.0,53710.35,0,0.0,0.0,0.0,0.0,-0.01,-1,-1,-0.01,-1,-1,-0.01,-1,-1,-0.01,-1,-1,-0.01,-1,-1,-0.01,-1,-1,-0.01,-1,-1,-0.01,-1,-1,-0.01,-1,-1,-0.01,-1,-1
99926009,2026-05-18 09:52:59+05:30,52838.6,0,0.0,0,0.0,0.0,53282.15,53308.4,52808.0,53710.35,0,0.0,0.0,0.0,0.0,-0.01,-1,-1,-0.01,-1,-1,-0.01,-1,-1,-0.01,-1,-1,-0.01,-1,-1,-0.01,-1,-1,-0.01,-1,-1,-0.01,-1,-1,-0.01,-1,-1,-0.01,-1,-1
99926009,2026-05-18 09:52:59+05:30,52837.7,0,0.0,0,0.0,0.0,53282.15,53308.4,52808.0,53710.35,0,0.0,0.0,0.0,0.0,-0.01,-1,-1,-0.01,-1,-1,-0.01,-1,-1,-0.01,-1,-1,-0.01,-1,-1,-0.01,-1,-1,-0.01,-1,-1,-0.01,-1,-1,-0.01,-1,-1,-0.01,-1,-1
99926009,2026-05-18 09:53:00+05:30,52837.7,0,0.0,0,0.0,0.0,53282.15,53308.4,52808.0,53710.35,0,0.0,0.0,0.0,0.0,-0.01,-1,-1,-0.01,-1,-1,-0.01,-1,-1,-0.01,-1,-1,-0.01,-1,-1,-0.01,-1,-1,-0.01,-1,-1,-0.01,-1,-1,-0.01,-1,-1,-0.01,-1,-1
99926009,2026-05-18 09:53:00+05:30,52838.9,0,0.0,0,0.0,0.0,53282.15,53308.4,52808.0,53710.35,0,0.0,0.0,0.0,0.0,-0.01,-1,-1,-0.01,-1,-1,-0.01,-1,-1,-0.01,-1,-1,-0.01,-1,-1,-0.01,-1,-1,-0.01,-1,-1,-0.01,-1,-1,-0.01,-1,-1,-0.01,-1,-1
99926009,2026-05-18 09:53:01+05:30,52837.4,0,0.0,0,0.0,0.0,53282.15,53308.4,52808.0,53710.35,0,0.0,0.0,0.0,0.0,-0.01,-1,-1,-0.01,-1,-1,-0.01,-1,-1,-0.01,-1,-1,-0.01,-1,-1,-0.01,-1,-1,-0.01,-1,-1,-0.01,-1,-1,-0.01,-1,-1,-0.01,-1,-1
99926009,2026-05-18 09:53:01+05:30,52835.55,0,0.0,0,0.0,0.0,53282.15,53308.4,52808.0,53710.35,0,0.0,0.0,0.0,0.0,-0.01,-1,-1,-0.01,-1,-1,-0.01,-1,-1,-0.01,-1,-1,-0.01,-1,-1,-0.01,-1,-1,-0.01,-1,-1,-0.01,-1,-1,-0.01,-1,-1,-0.01,-1,-1
99926009,2026-05-18 09:53:02+05:30,52835.0,0,0.0,0,0.0,0.0,53282.15,53308.4,52808.0,53710.35,0,0.0,0.0,0.0,0.0,-0.01,-1,-1,-0.01,-1,-1,-0.01,-1,-1,-0.01,-1,-1,-0.01,-1,-1,-0.01,-1,-1,-0.01,-1,-1,-0.01,-1,-1,-0.01,-1,-1,-0.01,-1,-1
99926009,2026-05-18 09:53:02+05:30,52829.25,0,0.0,0,0.0,0.0,53282.15,53308.4,52808.0,53710.35,0,0.0,0.0,0.0,0.0,-0.01,-1,-1,-0.01,-1,-1,-0.01,-1,-1,-0.01,-1,-1,-0.01,-1,-1,-0.01,-1,-1,-0.01,-1,-1,-0.01,-1,-1,-0.01,-1,-1,-0.01,-1,-1
99926009,2026-05-18 09:53:03+05:30,52828.9,0,0.0,0,0.0,0.0,53282.15,53308.4,52808.0,53710.35,0,0.0,0.0,0.0,0.0,-0.01,-1,-1,-0.01,-1,-1,-0.01,-1,-1,-0.01,-1,-1,-0.01,-1,-1,-0.01,-1,-1,-0.01,-1,-1,-0.01,-1,-1,-0.01,-1,-1,-0.01,-1,-1
99926009,2026-05-18 09:53:03+05:30,52831.5,0,0.0,0,0.0,0.0,53282.15,53308.4,52808.0,53710.35,0,0.0,0.0,0.0,0.0,-0.01,-1,-1,-0.01,-1,-1,-0.01,-1,-1,-0.01,-1,-1,-0.01,-1,-1,-0.01,-1,-1,-0.01,-1,-1,-0.01,-1,-1,-0.01,-1,-1,-0.01,-1,-1
99926009,2026-05-18 09:53:04+05:30,52832.5,0,0.0,0,0.0,0.0,53282.15,53308.4,52808.0,53710.35,0,0.0,0.0,0.0,0.0,-0.01,-1,-1,-0.01,-1,-1,-0.01,-1,-1,-0.01,-1,-1,-0.01,-1,-1,-0.01,-1,-1,-0.01,-1,-1,-0.01,-1,-1,-0.01,-1,-1,-0.01,-1,-1
99926009,2026-05-18 09:53:04+05:30,52831.15,0,0.0,0,0.0,0.0,53282.15,53308.4,52808.0,53710.35,0,0.0,0.0,0.0,0.0,-0.01,-1,-1,-0.01,-1,-1,-0.01,-1,-1,-0.01,-1,-1,-0.01,-1,-1,-0.01,-1,-1,-0.01,-1,-1,-0.01,-1,-1,-0.01,-1,-1,-0.01,-1,-1
99926009,2026-05-18 09:53:05+05:30,52831.9,0,0.0,0,0.0,0.0,53282.15,53308.4,52808.0,53710.35,0,0.0,0.0,0.0,0.0,-0.01,-1,-1,-0.01,-1,-1,-0.01,-1,-1,-0.01,-1,-1,-0.01,-1,-1,-0.01,-1,-1,-0.01,-1,-1,-0.01,-1,-1,-0.01,-1,-1,-0.01,-1,-1
99926009,2026-05-18 09:53:05+05:30,52834.65,0,0.0,0,0.0,0.0,53282.15,53308.4,52808.0,53710.35,0,0.0,0.0,0.0,0.0,-0.01,-1,-1,-0.01,-1,-1,-0.01,-1,-1,-0.01,-1,-1,-0.01,-1,-1,-0.01,-1,-1,-0.01,-1,-1,-0.01,-1,-1,-0.01,-1,-1,-0.01,-1,-1
99926009,2026-05-18 09:53:06+05:30,52835.1,0,0.0,0,0.0,0.0,53282.15,53308.4,52808.0,53710.35,0,0.0,0.0,0.0,0.0,-0.01,-1,-1,-0.01,-1,-1,-0.01,-1,-1,-0.01,-1,-1,-0.01,-1,-1,-0.01,-1,-1,-0.01,-1,-1,-0.01,-1,-1,-0.01,-1,-1,-0.01,-1,-1
99926009,2026-05-18 09:53:06+05:30,52834.5,0,0.0,0,0.0,0.0,53282.15,53308.4,52808.0,53710.35,0,0.0,0.0,0.0,0.0,-0.01,-1,-1,-0.01,-1,-1,-0.01,-1,-1,-0.01,-1,-1,-0.01,-1,-1,-0.01,-1,-1,-0.01,-1,-1,-0.01,-1,-1,-0.01,-1,-1,-0.01,-1,-1
99926009,2026-05-18 09:53:07+05:30,52833.7,0,0.0,0,0.0,0.0,53282.15,53308.4,52808.0,53710.35,0,0.0,0.0,0.0,0.0,-0.01,-1,-1,-0.01,-1,-1,-0.01,-1,-1,-0.01,-1,-1,-0.01,-1,-1,-0.01,-1,-1,-0.01,-1,-1,-0.01,-1,-1,-0.01,-1,-1,-0.01,-1,-1
99926009,2026-05-18 09:53:07+05:30,52836.0,0,0.0,0,0.0,0.0,53282.15,53308.4,52808.0,53710.35,0,0.0,0.0,0.0,0.0,-0.01,-1,-1,-0.01,-1,-1,-0.01,-1,-1,-0.01,-1,-1,-0.01,-1,-1,-0.01,-1,-1,-0.01,-1,-1,-0.01,-1,-1,-0.01,-1,-1,-0.01,-1,-1
99926009,2026-05-18 09:53:08+05:30,52837.0,0,0.0,0,0.0,0.0,53282.15,53308.4,52808.0,53710.35,0,0.0,0.0,0.0,0.0,-0.01,-1,-1,-0.01,-1,-1,-0.01,-1,-1,-0.01,-1,-1,-0.01,-1,-1,-0.01,-1,-1,-0.01,-1,-1,-0.01,-1,-1,-0.01,-1,-1,-0.01,-1,-1
99926009,2026-05-18 09:53:08+05:30,52833.5,0,0.0,0,0.0,0.0,53282.15,53308.4,52808.0,53710.35,0,0.0,0.0,0.0,0.0,-0.01,-1,-1,-0.01,-1,-1,-0.01,-1,-1,-0.01,-1,-1,-0.01,-1,-1,-0.01,-1,-1,-0.01,-1,-1,-0.01,-1,-1,-0.01,-1,-1,-0.01,-1,-1
99926009,2026-05-18 09:53:09+05:30,52835.55,0,0.0,0,0.0,0.0,53282.15,53308.4,52808.0,53710.35,0,0.0,0.0,0.0,0.0,-0.01,-1,-1,-0.01,-1,-1,-0.01,-1,-1,-0.01,-1,-1,-0.01,-1,-1,-0.01,-1,-1,-0.01,-1,-1,-0.01,-1,-1,-0.01,-1,-1,-0.01,-1,-1
99926009,2026-05-18 09:53:09+05:30,52835.9,0,0.0,0,0.0,0.0,53282.15,53308.4,52808.0,53710.35,0,0.0,0.0,0.0,0.0,-0.01,-1,-1,-0.01,-1,-1,-0.01,-1,-1,-0.01,-1,-1,-0.01,-1,-1,-0.01,-1,-1,-0.01,-1,-1,-0.01,-1,-1,-0.01,-1,-1,-0.01,-1,-1
99926009,2026-05-18 09:53:10+05:30,52835.9,0,0.0,0,0.0,0.0,53282.15,53308.4,52808.0,53710.35,0,0.0,0.0,0.0,0.0,-0.01,-1,-1,-0.01,-1,-1,-0.01,-1,-1,-0.01,-1,-1,-0.01,-1,-1,-0.01,-1,-1,-0.01,-1,-1,-0.01,-1,-1,-0.01,-1,-1,-0.01,-1,-1
99926009,2026-05-18 09:53:10+05:30,52834.1,0,0.0,0,0.0,0.0,53282.15,53308.4,52808.0,53710.35,0,0.0,0.0,0.0,0.0,-0.01,-1,-1,-0.01,-1,-1,-0.01,-1,-1,-0.01,-1,-1,-0.01,-1,-1,-0.01,-1,-1,-0.01,-1,-1,-0.01,-1,-1,-0.01,-1,-1,-0.01,-1,-1
99926009,2026-05-18 09:53:11+05:30,52829.85,0,0.0,0,0.0,0.0,53282.15,53308.4,52808.0,53710.35,0,0.0,0.0,0.0,0.0,-0.01,-1,-1,-0.01,-1,-1,-0.01,-1,-1,-0.01,-1,-1,-0.01,-1,-1,-0.01,-1,-1,-0.01,-1,-1,-0.01,-1,-1,-0.01,-1,-1,-0.01,-1,-1
99926009,2026-05-18 09:53:11+05:30,52831.15,0,0.0,0,0.0,0.0,53282.15,53308.4,52808.0,53710.35,0,0.0,0.0,0.0,0.0,-0.01,-1,-1,-0.01,-1,-1,-0.01,-1,-1,-0.01,-1,-1,-0.01,-1,-1,-0.01,-1,-1,-0.01,-1,-1,-0.01,-1,-1,-0.01,-1,-1,-0.01,-1,-1
99926009,2026-05-18 09:53:12+05:30,52828.8,0,0.0,0,0.0,0.0,53282.15,53308.4,52808.0,53710.35,0,0.0,0.0,0.0,0.0,-0.01,-1,-1,-0.01,-1,-1,-0.01,-1,-1,-0.01,-1,-1,-0.01,-1,-1,-0.01,-1,-1,-0.01,-1,-1,-0.01,-1,-1,-0.01,-1,-1,-0.01,-1,-1
99926009,2026-05-18 09:53:12+05:30,52830.7,0,0.0,0,0.0,0.0,53282.15,53308.4,52808.0,53710.35,0,0.0,0.0,0.0,0.0,-0.01,-1,-1,-0.01,-1,-1,-0.01,-1,-1,-0.01,-1,-1,-0.01,-1,-1,-0.01,-1,-1,-0.01,-1,-1,-0.01,-1,-1,-0.01,-1,-1,-0.01,-1,-1
99926009,2026-05-18 09:53:13+05:30,52830.25,0,0.0,0,0.0,0.0,53282.15,53308.4,52808.0,53710.35,0,0.0,0.0,0.0,0.0,-0.01,-1,-1,-0.01,-1,-1,-0.01,-1,-1,-0.01,-1,-1,-0.01,-1,-1,-0.01,-1,-1,-0.01,-1,-1,-0.01,-1,-1,-0.01,-1,-1,-0.01,-1,-1
99926009,2026-05-18 09:53:13+05:30,52829.0,0,0.0,0,0.0,0.0,53282.15,53308.4,52808.0,53710.35,0,0.0,0.0,0.0,0.0,-0.01,-1,-1,-0.01,-1,-1,-0.01,-1,-1,-0.01,-1,-1,-0.01,-1,-1,-0.01,-1,-1,-0.01,-1,-1,-0.01,-1,-1,-0.01,-1,-1,-0.01,-1,-1
99926009,2026-05-18 09:53:14+05:30,52827.6,0,0.0,0,0.0,0.0,53282.15,53308.4,52808.0,53710.35,0,0.0,0.0,0.0,0.0,-0.01,-1,-1,-0.01,-1,-1,-0.01,-1,-1,-0.01,-1,-1,-0.01,-1,-1,-0.01,-1,-1,-0.01,-1,-1,-0.01,-1,-1,-0.01,-1,-1,-0.01,-1,-1
99926009,2026-05-18 09:53:14+05:30,52828.7,0,0.0,0,0.0,0.0,53282.15,53308.4,52808.0,53710.35,0,0.0,0.0,0.0,0.0,-0.01,-1,-1,-0.01,-1,-1,-0.01,-1,-1,-0.01,-1,-1,-0.01,-1,-1,-0.01,-1,-1,-0.01,-1,-1,-0.01,-1,-1,-0.01,-1,-1,-0.01,-1,-1
99926009,2026-05-18 09:53:15+05:30,52829.65,0,0.0,0,0.0,0.0,53282.15,53308.4,52808.0,53710.35,0,0.0,0.0,0.0,0.0,-0.01,-1,-1,-0.01,-1,-1,-0.01,-1,-1,-0.01,-1,-1,-0.01,-1,-1,-0.01,-1,-1,-0.01,-1,-1,-0.01,-1,-1,-0.01,-1,-1,-0.01,-1,-1
99926009,2026-05-18 09:53:15+05:30,52826.9,0,0.0,0,0.0,0.0,53282.15,53308.4,52808.0,53710.35,0,0.0,0.0,0.0,0.0,-0.01,-1,-1,-0.01,-1,-1,-0.01,-1,-1,-0.01,-1,-1,-0.01,-1,-1,-0.01,-1,-1,-0.01,-1,-1,-0.01,-1,-1,-0.01,-1,-1,-0.01,-1,-1
99926009,2026-05-18 09:53:16+05:30,52832.3,0,0.0,0,0.0,0.0,53282.15,53308.4,52808.0,53710.35,0,0.0,0.0,0.0,0.0,-0.01,-1,-1,-0.01,-1,-1,-0.01,-1,-1,-0.01,-1,-1,-0.01,-1,-1,-0.01,-1,-1,-0.01,-1,-1,-0.01,-1,-1,-0.01,-1,-1,-0.01,-1,-1
99926009,2026-05-18 09:53:16+05:30,52831.95,0,0.0,0,0.0,0.0,53282.15,53308.4,52808.0,53710.35,0,0.0,0.0,0.0,0.0,-0.01,-1,-1,-0.01,-1,-1,-0.01,-1,-1,-0.01,-1,-1,-0.01,-1,-1,-0.01,-1,-1,-0.01,-1,-1,-0.01,-1,-1,-0.01,-1,-1,-0.01,-1,-1
99926009,2026-05-18 09:53:17+05:30,52831.3,0,0.0,0,0.0,0.0,53282.15,53308.4,52808.0,53710.35,0,0.0,0.0,0.0,0.0,-0.01,-1,-1,-0.01,-1,-1,-0.01,-1,-1,-0.01,-1,-1,-0.01,-1,-1,-0.01,-1,-1,-0.01,-1,-1,-0.01,-1,-1,-0.01,-1,-1,-0.01,-1,-1
99926009,2026-05-18 09:53:17+05:30,52831.95,0,0.0,0,0.0,0.0,53282.15,53308.4,52808.0,53710.35,0,0.0,0.0,0.0,0.0,-0.01,-1,-1,-0.01,-1,-1,-0.01,-1,-1,-0.01,-1,-1,-0.01,-1,-1,-0.01,-1,-1,-0.01,-1,-1,-0.01,-1,-1,-0.01,-1,-1,-0.01,-1,-1
99926009,2026-05-18 09:53:18+05:30,52834.3,0,0.0,0,0.0,0.0,53282.15,53308.4,52808.0,53710.35,0,0.0,0.0,0.0,0.0,-0.01,-1,-1,-0.01,-1,-1,-0.01,-1,-1,-0.01,-1,-1,-0.01,-1,-1,-0.01,-1,-1,-0.01,-1,-1,-0.01,-1,-1,-0.01,-1,-1,-0.01,-1,-1
99926009,2026-05-18 09:53:18+05:30,52833.15,0,0.0,0,0.0,0.0,53282.15,53308.4,52808.0,53710.35,0,0.0,0.0,0.0,0.0,-0.01,-1,-1,-0.01,-1,-1,-0.01,-1,-1,-0.01,-1,-1,-0.01,-1,-1,-0.01,-1,-1,-0.01,-1,-1,-0.01,-1,-1,-0.01,-1,-1,-0.01,-1,-1
99926009,2026-05-18 09:53:19+05:30,52834.75,0,0.0,0,0.0,0.0,53282.15,53308.4,52808.0,53710.35,0,0.0,0.0,0.0,0.0,-0.01,-1,-1,-0.01,-1,-1,-0.01,-1,-1,-0.01,-1,-1,-0.01,-1,-1,-0.01,-1,-1,-0.01,-1,-1,-0.01,-1,-1,-0.01,-1,-1,-0.01,-1,-1
99926009,2026-05-18 09:53:19+05:30,52834.85,0,0.0,0,0.0,0.0,53282.15,53308.4,52808.0,53710.35,0,0.0,0.0,0.0,0.0,-0.01,-1,-1,-0.01,-1,-1,-0.01,-1,-1,-0.01,-1,-1,-0.01,-1,-1,-0.01,-1,-1,-0.01,-1,-1,-0.01,-1,-1,-0.01,-1,-1,-0.01,-1,-1
99926009,2026-05-18 09:53:20+05:30,52834.95,0,0.0,0,0.0,0.0,53282.15,53308.4,52808.0,53710.35,0,0.0,0.0,0.0,0.0,-0.01,-1,-1,-0.01,-1,-1,-0.01,-1,-1,-0.01,-1,-1,-0.01,-1,-1,-0.01,-1,-1,-0.01,-1,-1,-0.01,-1,-1,-0.01,-1,-1,-0.01,-1,-1
99926009,2026-05-18 09:53:20+05:30,52835.35,0,0.0,0,0.0,0.0,53282.15,53308.4,52808.0,53710.35,0,0.0,0.0,0.0,0.0,-0.01,-1,-1,-0.01,-1,-1,-0.01,-1,-1,-0.01,-1,-1,-0.01,-1,-1,-0.01,-1,-1,-0.01,-1,-1,-0.01,-1,-1,-0.01,-1,-1,-0.01,-1,-1
99926009,2026-05-18 09:53:21+05:30,52835.0,0,0.0,0,0.0,0.0,53282.15,53308.4,52808.0,53710.35,0,0.0,0.0,0.0,0.0,-0.01,-1,-1,-0.01,-1,-1,-0.01,-1,-1,-0.01,-1,-1,-0.01,-1,-1,-0.01,-1,-1,-0.01,-1,-1,-0.01,-1,-1,-0.01,-1,-1,-0.01,-1,-1
99926009,2026-05-18 09:53:21+05:30,52834.65,0,0.0,0,0.0,0.0,53282.15,53308.4,52808.0,53710.35,0,0.0,0.0,0.0,0.0,-0.01,-1,-1,-0.01,-1,-1,-0.01,-1,-1,-0.01,-1,-1,-0.01,-1,-1,-0.01,-1,-1,-0.01,-1,-1,-0.01,-1,-1,-0.01,-1,-1,-0.01,-1,-1
99926009,2026-05-18 09:53:22+05:30,52833.35,0,0.0,0,0.0,0.0,53282.15,53308.4,52808.0,53710.35,0,0.0,0.0,0.0,0.0,-0.01,-1,-1,-0.01,-1,-1,-0.01,-1,-1,-0.01,-1,-1,-0.01,-1,-1,-0.01,-1,-1,-0.01,-1,-1,-0.01,-1,-1,-0.01,-1,-1,-0.01,-1,-1
99926009,2026-05-18 09:53:22+05:30,52837.45,0,0.0,0,0.0,0.0,53282.15,53308.4,52808.0,53710.35,0,0.0,0.0,0.0,0.0,-0.01,-1,-1,-0.01,-1,-1,-0.01,-1,-1,-0.01,-1,-1,-0.01,-1,-1,-0.01,-1,-1,-0.01,-1,-1,-0.01,-1,-1,-0.01,-1,-1,-0.01,-1,-1
99926009,2026-05-18 09:53:23+05:30,52835.85,0,0.0,0,0.0,0.0,53282.15,53308.4,52808.0,53710.35,0,0.0,0.0,0.0,0.0,-0.01,-1,-1,-0.01,-1,-1,-0.01,-1,-1,-0.01,-1,-1,-0.01,-1,-1,-0.01,-1,-1,-0.01,-1,-1,-0.01,-1,-1,-0.01,-1,-1,-0.01,-1,-1
99926009,2026-05-18 09:53:23+05:30,52831.25,0,0.0,0,0.0,0.0,53282.15,53308.4,52808.0,53710.35,0,0.0,0.0,0.0,0.0,-0.01,-1,-1,-0.01,-1,-1,-0.01,-1,-1,-0.01,-1,-1,-0.01,-1,-1,-0.01,-1,-1,-0.01,-1,-1,-0.01,-1,-1,-0.01,-1,-1,-0.01,-1,-1
99926009,2026-05-18 09:53:24+05:30,52835.3,0,0.0,0,0.0,0.0,53282.15,53308.4,52808.0,53710.35,0,0.0,0.0,0.0,0.0,-0.01,-1,-1,-0.01,-1,-1,-0.01,-1,-1,-0.01,-1,-1,-0.01,-1,-1,-0.01,-1,-1,-0.01,-1,-1,-0.01,-1,-1,-0.01,-1,-1,-0.01,-1,-1
99926009,2026-05-18 09:53:24+05:30,52835.15,0,0.0,0,0.0,0.0,53282.15,53308.4,52808.0,53710.35,0,0.0,0.0,0.0,0.0,-0.01,-1,-1,-0.01,-1,-1,-0.01,-1,-1,-0.01,-1,-1,-0.01,-1,-1,-0.01,-1,-1,-0.01,-1,-1,-0.01,-1,-1,-0.01,-1,-1,-0.01,-1,-1
99926009,2026-05-18 09:53:25+05:30,52834.95,0,0.0,0,0.0,0.0,53282.15,53308.4,52808.0,53710.35,0,0.0,0.0,0.0,0.0,-0.01,-1,-1,-0.01,-1,-1,-0.01,-1,-1,-0.01,-1,-1,-0.01,-1,-1,-0.01,-1,-1,-0.01,-1,-1,-0.01,-1,-1,-0.01,-1,-1,-0.01,-1,-1
99926009,2026-05-18 09:53:25+05:30,52835.45,0,0.0,0,0.0,0.0,53282.15,53308.4,52808.0,53710.35,0,0.0,0.0,0.0,0.0,-0.01,-1,-1,-0.01,-1,-1,-0.01,-1,-1,-0.01,-1,-1,-0.01,-1,-1,-0.01,-1,-1,-0.01,-1,-1,-0.01,-1,-1,-0.01,-1,-1,-0.01,-1,-1
99926009,2026-05-18 09:53:26+05:30,52833.4,0,0.0,0,0.0,0.0,53282.15,53308.4,52808.0,53710.35,0,0.0,0.0,0.0,0.0,-0.01,-1,-1,-0.01,-1,-1,-0.01,-1,-1,-0.01,-1,-1,-0.01,-1,-1,-0.01,-1,-1,-0.01,-1,-1,-0.01,-1,-1,-0.01,-1,-1,-0.01,-1,-1
99926009,2026-05-18 09:53:26+05:30,52829.5,0,0.0,0,0.0,0.0,53282.15,53308.4,52808.0,53710.35,0,0.0,0.0,0.0,0.0,-0.01,-1,-1,-0.01,-1,-1,-0.01,-1,-1,-0.01,-1,-1,-0.01,-1,-1,-0.01,-1,-1,-0.01,-1,-1,-0.01,-1,-1,-0.01,-1,-1,-0.01,-1,-1
99926009,2026-05-18 09:53:27+05:30,52829.25,0,0.0,0,0.0,0.0,53282.15,53308.4,52808.0,53710.35,0,0.0,0.0,0.0,0.0,-0.01,-1,-1,-0.01,-1,-1,-0.01,-1,-1,-0.01,-1,-1,-0.01,-1,-1,-0.01,-1,-1,-0.01,-1,-1,-0.01,-1,-1,-0.01,-1,-1,-0.01,-1,-1
99926009,2026-05-18 09:53:27+05:30,52829.1,0,0.0,0,0.0,0.0,53282.15,53308.4,52808.0,53710.35,0,0.0,0.0,0.0,0.0,-0.01,-1,-1,-0.01,-1,-1,-0.01,-1,-1,-0.01,-1,-1,-0.01,-1,-1,-0.01,-1,-1,-0.01,-1,-1,-0.01,-1,-1,-0.01,-1,-1,-0.01,-1,-1
99926009,2026-05-18 09:53:28+05:30,52828.1,0,0.0,0,0.0,0.0,53282.15,53308.4,52808.0,53710.35,0,0.0,0.0,0.0,0.0,-0.01,-1,-1,-0.01,-1,-1,-0.01,-1,-1,-0.01,-1,-1,-0.01,-1,-1,-0.01,-1,-1,-0.01,-1,-1,-0.01,-1,-1,-0.01,-1,-1,-0.01,-1,-1
99926009,2026-05-18 09:53:28+05:30,52825.85,0,0.0,0,0.0,0.0,53282.15,53308.4,52808.0,53710.35,0,0.0,0.0,0.0,0.0,-0.01,-1,-1,-0.01,-1,-1,-0.01,-1,-1,-0.01,-1,-1,-0.01,-1,-1,-0.01,-1,-1,-0.01,-1,-1,-0.01,-1,-1,-0.01,-1,-1,-0.01,-1,-1
99926009,2026-05-18 09:53:29+05:30,52829.6,0,0.0,0,0.0,0.0,53282.15,53308.4,52808.0,53710.35,0,0.0,0.0,0.0,0.0,-0.01,-1,-1,-0.01,-1,-1,-0.01,-1,-1,-0.01,-1,-1,-0.01,-1,-1,-0.01,-1,-1,-0.01,-1,-1,-0.01,-1,-1,-0.01,-1,-1,-0.01,-1,-1
99926009,2026-05-18 09:53:29+05:30,52827.5,0,0.0,0,0.0,0.0,53282.15,53308.4,52808.0,53710.35,0,0.0,0.0,0.0,0.0,-0.01,-1,-1,-0.01,-1,-1,-0.01,-1,-1,-0.01,-1,-1,-0.01,-1,-1,-0.01,-1,-1,-0.01,-1,-1,-0.01,-1,-1,-0.01,-1,-1,-0.01,-1,-1
99926009,2026-05-18 09:53:30+05:30,52828.15,0,0.0,0,0.0,0.0,53282.15,53308.4,52808.0,53710.35,0,0.0,0.0,0.0,0.0,-0.01,-1,-1,-0.01,-1,-1,-0.01,-1,-1,-0.01,-1,-1,-0.01,-1,-1,-0.01,-1,-1,-0.01,-1,-1,-0.01,-1,-1,-0.01,-1,-1,-0.01,-1,-1
99926009,2026-05-18 09:53:30+05:30,52830.4,0,0.0,0,0.0,0.0,53282.15,53308.4,52808.0,53710.35,0,0.0,0.0,0.0,0.0,-0.01,-1,-1,-0.01,-1,-1,-0.01,-1,-1,-0.01,-1,-1,-0.01,-1,-1,-0.01,-1,-1,-0.01,-1,-1,-0.01,-1,-1,-0.01,-1,-1,-0.01,-1,-1
99926009,2026-05-18 09:53:31+05:30,52830.9,0,0.0,0,0.0,0.0,53282.15,53308.4,52808.0,53710.35,0,0.0,0.0,0.0,0.0,-0.01,-1,-1,-0.01,-1,-1,-0.01,-1,-1,-0.01,-1,-1,-0.01,-1,-1,-0.01,-1,-1,-0.01,-1,-1,-0.01,-1,-1,-0.01,-1,-1,-0.01,-1,-1
99926009,2026-05-18 09:53:31+05:30,52828.2,0,0.0,0,0.0,0.0,53282.15,53308.4,52808.0,53710.35,0,0.0,0.0,0.0,0.0,-0.01,-1,-1,-0.01,-1,-1,-0.01,-1,-1,-0.01,-1,-1,-0.01,-1,-1,-0.01,-1,-1,-0.01,-1,-1,-0.01,-1,-1,-0.01,-1,-1,-0.01,-1,-1
99926009,2026-05-18 09:53:32+05:30,52827.85,0,0.0,0,0.0,0.0,53282.15,53308.4,52808.0,53710.35,0,0.0,0.0,0.0,0.0,-0.01,-1,-1,-0.01,-1,-1,-0.01,-1,-1,-0.01,-1,-1,-0.01,-1,-1,-0.01,-1,-1,-0.01,-1,-1,-0.01,-1,-1,-0.01,-1,-1,-0.01,-1,-1
99926009,2026-05-18 09:53:32+05:30,52826.1,0,0.0,0,0.0,0.0,53282.15,53308.4,52808.0,53710.35,0,0.0,0.0,0.0,0.0,-0.01,-1,-1,-0.01,-1,-1,-0.01,-1,-1,-0.01,-1,-1,-0.01,-1,-1,-0.01,-1,-1,-0.01,-1,-1,-0.01,-1,-1,-0.01,-1,-1,-0.01,-1,-1
99926009,2026-05-18 09:53:33+05:30,52825.7,0,0.0,0,0.0,0.0,53282.15,53308.4,52808.0,53710.35,0,0.0,0.0,0.0,0.0,-0.01,-1,-1,-0.01,-1,-1,-0.01,-1,-1,-0.01,-1,-1,-0.01,-1,-1,-0.01,-1,-1,-0.01,-1,-1,-0.01,-1,-1,-0.01,-1,-1,-0.01,-1,-1
99926009,2026-05-18 09:53:33+05:30,52824.85,0,0.0,0,0.0,0.0,53282.15,53308.4,52808.0,53710.35,0,0.0,0.0,0.0,0.0,-0.01,-1,-1,-0.01,-1,-1,-0.01,-1,-1,-0.01,-1,-1,-0.01,-1,-1,-0.01,-1,-1,-0.01,-1,-1,-0.01,-1,-1,-0.01,-1,-1,-0.01,-1,-1
99926009,2026-05-18 09:53:34+05:30,52826.2,0,0.0,0,0.0,0.0,53282.15,53308.4,52808.0,53710.35,0,0.0,0.0,0.0,0.0,-0.01,-1,-1,-0.01,-1,-1,-0.01,-1,-1,-0.01,-1,-1,-0.01,-1,-1,-0.01,-1,-1,-0.01,-1,-1,-0.01,-1,-1,-0.01,-1,-1,-0.01,-1,-1
99926009,2026-05-18 09:53:34+05:30,52829.65,0,0.0,0,0.0,0.0,53282.15,53308.4,52808.0,53710.35,0,0.0,0.0,0.0,0.0,-0.01,-1,-1,-0.01,-1,-1,-0.01,-1,-1,-0.01,-1,-1,-0.01,-1,-1,-0.01,-1,-1,-0.01,-1,-1,-0.01,-1,-1,-0.01,-1,-1,-0.01,-1,-1
99926009,2026-05-18 09:53:35+05:30,52829.1,0,0.0,0,0.0,0.0,53282.15,53308.4,52808.0,53710.35,0,0.0,0.0,0.0,0.0,-0.01,-1,-1,-0.01,-1,-1,-0.01,-1,-1,-0.01,-1,-1,-0.01,-1,-1,-0.01,-1,-1,-0.01,-1,-1,-0.01,-1,-1,-0.01,-1,-1,-0.01,-1,-1
99926009,2026-05-18 09:53:35+05:30,52828.95,0,0.0,0,0.0,0.0,53282.15,53308.4,52808.0,53710.35,0,0.0,0.0,0.0,0.0,-0.01,-1,-1,-0.01,-1,-1,-0.01,-1,-1,-0.01,-1,-1,-0.01,-1,-1,-0.01,-1,-1,-0.01,-1,-1,-0.01,-1,-1,-0.01,-1,-1,-0.01,-1,-1
99926009,2026-05-18 09:53:36+05:30,52832.2,0,0.0,0,0.0,0.0,53282.15,53308.4,52808.0,53710.35,0,0.0,0.0,0.0,0.0,-0.01,-1,-1,-0.01,-1,-1,-0.01,-1,-1,-0.01,-1,-1,-0.01,-1,-1,-0.01,-1,-1,-0.01,-1,-1,-0.01,-1,-1,-0.01,-1,-1,-0.01,-1,-1
99926009,2026-05-18 09:53:36+05:30,52831.05,0,0.0,0,0.0,0.0,53282.15,53308.4,52808.0,53710.35,0,0.0,0.0,0.0,0.0,-0.01,-1,-1,-0.01,-1,-1,-0.01,-1,-1,-0.01,-1,-1,-0.01,-1,-1,-0.01,-1,-1,-0.01,-1,-1,-0.01,-1,-1,-0.01,-1,-1,-0.01,-1,-1
99926009,2026-05-18 09:53:37+05:30,52830.3,0,0.0,0,0.0,0.0,53282.15,53308.4,52808.0,53710.35,0,0.0,0.0,0.0,0.0,-0.01,-1,-1,-0.01,-1,-1,-0.01,-1,-1,-0.01,-1,-1,-0.01,-1,-1,-0.01,-1,-1,-0.01,-1,-1,-0.01,-1,-1,-0.01,-1,-1,-0.01,-1,-1
99926009,2026-05-18 09:53:37+05:30,52830.1,0,0.0,0,0.0,0.0,53282.15,53308.4,52808.0,53710.35,0,0.0,0.0,0.0,0.0,-0.01,-1,-1,-0.01,-1,-1,-0.01,-1,-1,-0.01,-1,-1,-0.01,-1,-1,-0.01,-1,-1,-0.01,-1,-1,-0.01,-1,-1,-0.01,-1,-1,-0.01,-1,-1
99926009,2026-05-18 09:53:38+05:30,52829.85,0,0.0,0,0.0,0.0,53282.15,53308.4,52808.0,53710.35,0,0.0,0.0,0.0,0.0,-0.01,-1,-1,-0.01,-1,-1,-0.01,-1,-1,-0.01,-1,-1,-0.01,-1,-1,-0.01,-1,-1,-0.01,-1,-1,-0.01,-1,-1,-0.01,-1,-1,-0.01,-1,-1
99926009,2026-05-18 09:53:38+05:30,52827.05,0,0.0,0,0.0,0.0,53282.15,53308.4,52808.0,53710.35,0,0.0,0.0,0.0,0.0,-0.01,-1,-1,-0.01,-1,-1,-0.01,-1,-1,-0.01,-1,-1,-0.01,-1,-1,-0.01,-1,-1,-0.01,-1,-1,-0.01,-1,-1,-0.01,-1,-1,-0.01,-1,-1
99926009,2026-05-18 09:53:39+05:30,52825.15,0,0.0,0,0.0,0.0,53282.15,53308.4,52808.0,53710.35,0,0.0,0.0,0.0,0.0,-0.01,-1,-1,-0.01,-1,-1,-0.01,-1,-1,-0.01,-1,-1,-0.01,-1,-1,-0.01,-1,-1,-0.01,-1,-1,-0.01,-1,-1,-0.01,-1,-1,-0.01,-1,-1
99926009,2026-05-18 09:53:39+05:30,52823.85,0,0.0,0,0.0,0.0,53282.15,53308.4,52808.0,53710.35,0,0.0,0.0,0.0,0.0,-0.01,-1,-1,-0.01,-1,-1,-0.01,-1,-1,-0.01,-1,-1,-0.01,-1,-1,-0.01,-1,-1,-0.01,-1,-1,-0.01,-1,-1,-0.01,-1,-1,-0.01,-1,-1
99926009,2026-05-18 09:53:40+05:30,52823.25,0,0.0,0,0.0,0.0,53282.15,53308.4,52808.0,53710.35,0,0.0,0.0,0.0,0.0,-0.01,-1,-1,-0.01,-1,-1,-0.01,-1,-1,-0.01,-1,-1,-0.01,-1,-1,-0.01,-1,-1,-0.01,-1,-1,-0.01,-1,-1,-0.01,-1,-1,-0.01,-1,-1
99926009,2026-05-18 09:53:40+05:30,52825.8,0,0.0,0,0.0,0.0,53282.15,53308.4,52808.0,53710.35,0,0.0,0.0,0.0,0.0,-0.01,-1,-1,-0.01,-1,-1,-0.01,-1,-1,-0.01,-1,-1,-0.01,-1,-1,-0.01,-1,-1,-0.01,-1,-1,-0.01,-1,-1,-0.01,-1,-1,-0.01,-1,-1
99926009,2026-05-18 09:53:41+05:30,52827.1,0,0.0,0,0.0,0.0,53282.15,53308.4,52808.0,53710.35,0,0.0,0.0,0.0,0.0,-0.01,-1,-1,-0.01,-1,-1,-0.01,-1,-1,-0.01,-1,-1,-0.01,-1,-1,-0.01,-1,-1,-0.01,-1,-1,-0.01,-1,-1,-0.01,-1,-1,-0.01,-1,-1
99926009,2026-05-18 09:53:41+05:30,52825.15,0,0.0,0,0.0,0.0,53282.15,53308.4,52808.0,53710.35,0,0.0,0.0,0.0,0.0,-0.01,-1,-1,-0.01,-1,-1,-0.01,-1,-1,-0.01,-1,-1,-0.01,-1,-1,-0.01,-1,-1,-0.01,-1,-1,-0.01,-1,-1,-0.01,-1,-1,-0.01,-1,-1
99926009,2026-05-18 09:53:42+05:30,52825.1,0,0.0,0,0.0,0.0,53282.15,53308.4,52808.0,53710.35,0,0.0,0.0,0.0,0.0,-0.01,-1,-1,-0.01,-1,-1,-0.01,-1,-1,-0.01,-1,-1,-0.01,-1,-1,-0.01,-1,-1,-0.01,-1,-1,-0.01,-1,-1,-0.01,-1,-1,-0.01,-1,-1
99926009,2026-05-18 09:53:42+05:30,52824.55,0,0.0,0,0.0,0.0,53282.15,53308.4,52808.0,53710.35,0,0.0,0.0,0.0,0.0,-0.01,-1,-1,-0.01,-1,-1,-0.01,-1,-1,-0.01,-1,-1,-0.01,-1,-1,-0.01,-1,-1,-0.01,-1,-1,-0.01,-1,-1,-0.01,-1,-1,-0.01,-1,-1
99926009,2026-05-18 09:53:43+05:30,52825.5,0,0.0,0,0.0,0.0,53282.15,53308.4,52808.0,53710.35,0,0.0,0.0,0.0,0.0,-0.01,-1,-1,-0.01,-1,-1,-0.01,-1,-1,-0.01,-1,-1,-0.01,-1,-1,-0.01,-1,-1,-0.01,-1,-1,-0.01,-1,-1,-0.01,-1,-1,-0.01,-1,-1
99926009,2026-05-18 09:53:43+05:30,52824.35,0,0.0,0,0.0,0.0,53282.15,53308.4,52808.0,53710.35,0,0.0,0.0,0.0,0.0,-0.01,-1,-1,-0.01,-1,-1,-0.01,-1,-1,-0.01,-1,-1,-0.01,-1,-1,-0.01,-1,-1,-0.01,-1,-1,-0.01,-1,-1,-0.01,-1,-1,-0.01,-1,-1
99926009,2026-05-18 09:53:44+05:30,52825.9,0,0.0,0,0.0,0.0,53282.15,53308.4,52808.0,53710.35,0,0.0,0.0,0.0,0.0,-0.01,-1,-1,-0.01,-1,-1,-0.01,-1,-1,-0.01,-1,-1,-0.01,-1,-1,-0.01,-1,-1,-0.01,-1,-1,-0.01,-1,-1,-0.01,-1,-1,-0.01,-1,-1
99926009,2026-05-18 09:53:44+05:30,52825.7,0,0.0,0,0.0,0.0,53282.15,53308.4,52808.0,53710.35,0,0.0,0.0,0.0,0.0,-0.01,-1,-1,-0.01,-1,-1,-0.01,-1,-1,-0.01,-1,-1,-0.01,-1,-1,-0.01,-1,-1,-0.01,-1,-1,-0.01,-1,-1,-0.01,-1,-1,-0.01,-1,-1
99926009,2026-05-18 09:53:45+05:30,52824.3,0,0.0,0,0.0,0.0,53282.15,53308.4,52808.0,53710.35,0,0.0,0.0,0.0,0.0,-0.01,-1,-1,-0.01,-1,-1,-0.01,-1,-1,-0.01,-1,-1,-0.01,-1,-1,-0.01,-1,-1,-0.01,-1,-1,-0.01,-1,-1,-0.01,-1,-1,-0.01,-1,-1
99926009,2026-05-18 09:53:45+05:30,52822.95,0,0.0,0,0.0,0.0,53282.15,53308.4,52808.0,53710.35,0,0.0,0.0,0.0,0.0,-0.01,-1,-1,-0.01,-1,-1,-0.01,-1,-1,-0.01,-1,-1,-0.01,-1,-1,-0.01,-1,-1,-0.01,-1,-1,-0.01,-1,-1,-0.01,-1,-1,-0.01,-1,-1
99926009,2026-05-18 09:53:46+05:30,52822.9,0,0.0,0,0.0,0.0,53282.15,53308.4,52808.0,53710.35,0,0.0,0.0,0.0,0.0,-0.01,-1,-1,-0.01,-1,-1,-0.01,-1,-1,-0.01,-1,-1,-0.01,-1,-1,-0.01,-1,-1,-0.01,-1,-1,-0.01,-1,-1,-0.01,-1,-1,-0.01,-1,-1
99926009,2026-05-18 09:53:46+05:30,52823.3,0,0.0,0,0.0,0.0,53282.15,53308.4,52808.0,53710.35,0,0.0,0.0,0.0,0.0,-0.01,-1,-1,-0.01,-1,-1,-0.01,-1,-1,-0.01,-1,-1,-0.01,-1,-1,-0.01,-1,-1,-0.01,-1,-1,-0.01,-1,-1,-0.01,-1,-1,-0.01,-1,-1
99926009,2026-05-18 09:53:47+05:30,52822.75,0,0.0,0,0.0,0.0,53282.15,53308.4,52808.0,53710.35,0,0.0,0.0,0.0,0.0,-0.01,-1,-1,-0.01,-1,-1,-0.01,-1,-1,-0.01,-1,-1,-0.01,-1,-1,-0.01,-1,-1,-0.01,-1,-1,-0.01,-1,-1,-0.01,-1,-1,-0.01,-1,-1
99926009,2026-05-18 09:53:47+05:30,52822.5,0,0.0,0,0.0,0.0,53282.15,53308.4,52808.0,53710.35,0,0.0,0.0,0.0,0.0,-0.01,-1,-1,-0.01,-1,-1,-0.01,-1,-1,-0.01,-1,-1,-0.01,-1,-1,-0.01,-1,-1,-0.01,-1,-1,-0.01,-1,-1,-0.01,-1,-1,-0.01,-1,-1
99926009,2026-05-18 09:53:48+05:30,52820.7,0,0.0,0,0.0,0.0,53282.15,53308.4,52808.0,53710.35,0,0.0,0.0,0.0,0.0,-0.01,-1,-1,-0.01,-1,-1,-0.01,-1,-1,-0.01,-1,-1,-0.01,-1,-1,-0.01,-1,-1,-0.01,-1,-1,-0.01,-1,-1,-0.01,-1,-1,-0.01,-1,-1
99926009,2026-05-18 09:53:48+05:30,52819.1,0,0.0,0,0.0,0.0,53282.15,53308.4,52808.0,53710.35,0,0.0,0.0,0.0,0.0,-0.01,-1,-1,-0.01,-1,-1,-0.01,-1,-1,-0.01,-1,-1,-0.01,-1,-1,-0.01,-1,-1,-0.01,-1,-1,-0.01,-1,-1,-0.01,-1,-1,-0.01,-1,-1
99926009,2026-05-18 09:53:49+05:30,52815.0,0,0.0,0,0.0,0.0,53282.15,53308.4,52808.0,53710.35,0,0.0,0.0,0.0,0.0,-0.01,-1,-1,-0.01,-1,-1,-0.01,-1,-1,-0.01,-1,-1,-0.01,-1,-1,-0.01,-1,-1,-0.01,-1,-1,-0.01,-1,-1,-0.01,-1,-1,-0.01,-1,-1
99926009,2026-05-18 09:53:49+05:30,52817.45,0,0.0,0,0.0,0.0,53282.15,53308.4,52808.0,53710.35,0,0.0,0.0,0.0,0.0,-0.01,-1,-1,-0.01,-1,-1,-0.01,-1,-1,-0.01,-1,-1,-0.01,-1,-1,-0.01,-1,-1,-0.01,-1,-1,-0.01,-1,-1,-0.01,-1,-1,-0.01,-1,-1
99926009,2026-05-18 09:53:50+05:30,52816.45,0,0.0,0,0.0,0.0,53282.15,53308.4,52808.0,53710.35,0,0.0,0.0,0.0,0.0,-0.01,-1,-1,-0.01,-1,-1,-0.01,-1,-1,-0.01,-1,-1,-0.01,-1,-1,-0.01,-1,-1,-0.01,-1,-1,-0.01,-1,-1,-0.01,-1,-1,-0.01,-1,-1
99926009,2026-05-18 09:53:50+05:30,52818.6,0,0.0,0,0.0,0.0,53282.15,53308.4,52808.0,53710.35,0,0.0,0.0,0.0,0.0,-0.01,-1,-1,-0.01,-1,-1,-0.01,-1,-1,-0.01,-1,-1,-0.01,-1,-1,-0.01,-1,-1,-0.01,-1,-1,-0.01,-1,-1,-0.01,-1,-1,-0.01,-1,-1
99926009,2026-05-18 09:53:51+05:30,52819.75,0,0.0,0,0.0,0.0,53282.15,53308.4,52808.0,53710.35,0,0.0,0.0,0.0,0.0,-0.01,-1,-1,-0.01,-1,-1,-0.01,-1,-1,-0.01,-1,-1,-0.01,-1,-1,-0.01,-1,-1,-0.01,-1,-1,-0.01,-1,-1,-0.01,-1,-1,-0.01,-1,-1
99926009,2026-05-18 09:53:51+05:30,52817.7,0,0.0,0,0.0,0.0,53282.15,53308.4,52808.0,53710.35,0,0.0,0.0,0.0,0.0,-0.01,-1,-1,-0.01,-1,-1,-0.01,-1,-1,-0.01,-1,-1,-0.01,-1,-1,-0.01,-1,-1,-0.01,-1,-1,-0.01,-1,-1,-0.01,-1,-1,-0.01,-1,-1
99926009,2026-05-18 09:53:52+05:30,52818.55,0,0.0,0,0.0,0.0,53282.15,53308.4,52808.0,53710.35,0,0.0,0.0,0.0,0.0,-0.01,-1,-1,-0.01,-1,-1,-0.01,-1,-1,-0.01,-1,-1,-0.01,-1,-1,-0.01,-1,-1,-0.01,-1,-1,-0.01,-1,-1,-0.01,-1,-1,-0.01,-1,-1
99926009,2026-05-18 09:53:52+05:30,52817.15,0,0.0,0,0.0,0.0,53282.15,53308.4,52808.0,53710.35,0,0.0,0.0,0.0,0.0,-0.01,-1,-1,-0.01,-1,-1,-0.01,-1,-1,-0.01,-1,-1,-0.01,-1,-1,-0.01,-1,-1,-0.01,-1,-1,-0.01,-1,-1,-0.01,-1,-1,-0.01,-1,-1
99926009,2026-05-18 09:53:53+05:30,52818.25,0,0.0,0,0.0,0.0,53282.15,53308.4,52808.0,53710.35,0,0.0,0.0,0.0,0.0,-0.01,-1,-1,-0.01,-1,-1,-0.01,-1,-1,-0.01,-1,-1,-0.01,-1,-1,-0.01,-1,-1,-0.01,-1,-1,-0.01,-1,-1,-0.01,-1,-1,-0.01,-1,-1
99926009,2026-05-18 09:53:53+05:30,52819.5,0,0.0,0,0.0,0.0,53282.15,53308.4,52808.0,53710.35,0,0.0,0.0,0.0,0.0,-0.01,-1,-1,-0.01,-1,-1,-0.01,-1,-1,-0.01,-1,-1,-0.01,-1,-1,-0.01,-1,-1,-0.01,-1,-1,-0.01,-1,-1,-0.01,-1,-1,-0.01,-1,-1
99926009,2026-05-18 09:53:54+05:30,52819.45,0,0.0,0,0.0,0.0,53282.15,53308.4,52808.0,53710.35,0,0.0,0.0,0.0,0.0,-0.01,-1,-1,-0.01,-1,-1,-0.01,-1,-1,-0.01,-1,-1,-0.01,-1,-1,-0.01,-1,-1,-0.01,-1,-1,-0.01,-1,-1,-0.01,-1,-1,-0.01,-1,-1
99926009,2026-05-18 09:53:54+05:30,52822.05,0,0.0,0,0.0,0.0,53282.15,53308.4,52808.0,53710.35,0,0.0,0.0,0.0,0.0,-0.01,-1,-1,-0.01,-1,-1,-0.01,-1,-1,-0.01,-1,-1,-0.01,-1,-1,-0.01,-1,-1,-0.01,-1,-1,-0.01,-1,-1,-0.01,-1,-1,-0.01,-1,-1
99926009,2026-05-18 09:53:55+05:30,52819.45,0,0.0,0,0.0,0.0,53282.15,53308.4,52808.0,53710.35,0,0.0,0.0,0.0,0.0,-0.01,-1,-1,-0.01,-1,-1,-0.01,-1,-1,-0.01,-1,-1,-0.01,-1,-1,-0.01,-1,-1,-0.01,-1,-1,-0.01,-1,-1,-0.01,-1,-1,-0.01,-1,-1
99926009,2026-05-18 09:53:55+05:30,52819.05,0,0.0,0,0.0,0.0,53282.15,53308.4,52808.0,53710.35,0,0.0,0.0,0.0,0.0,-0.01,-1,-1,-0.01,-1,-1,-0.01,-1,-1,-0.01,-1,-1,-0.01,-1,-1,-0.01,-1,-1,-0.01,-1,-1,-0.01,-1,-1,-0.01,-1,-1,-0.01,-1,-1
99926009,2026-05-18 09:53:56+05:30,52813.3,0,0.0,0,0.0,0.0,53282.15,53308.4,52808.0,53710.35,0,0.0,0.0,0.0,0.0,-0.01,-1,-1,-0.01,-1,-1,-0.01,-1,-1,-0.01,-1,-1,-0.01,-1,-1,-0.01,-1,-1,-0.01,-1,-1,-0.01,-1,-1,-0.01,-1,-1,-0.01,-1,-1
99926009,2026-05-18 09:53:56+05:30,52815.8,0,0.0,0,0.0,0.0,53282.15,53308.4,52808.0,53710.35,0,0.0,0.0,0.0,0.0,-0.01,-1,-1,-0.01,-1,-1,-0.01,-1,-1,-0.01,-1,-1,-0.01,-1,-1,-0.01,-1,-1,-0.01,-1,-1,-0.01,-1,-1,-0.01,-1,-1,-0.01,-1,-1
99926009,2026-05-18 09:53:57+05:30,52817.75,0,0.0,0,0.0,0.0,53282.15,53308.4,52808.0,53710.35,0,0.0,0.0,0.0,0.0,-0.01,-1,-1,-0.01,-1,-1,-0.01,-1,-1,-0.01,-1,-1,-0.01,-1,-1,-0.01,-1,-1,-0.01,-1,-1,-0.01,-1,-1,-0.01,-1,-1,-0.01,-1,-1
99926009,2026-05-18 09:53:57+05:30,52815.3,0,0.0,0,0.0,0.0,53282.15,53308.4,52808.0,53710.35,0,0.0,0.0,0.0,0.0,-0.01,-1,-1,-0.01,-1,-1,-0.01,-1,-1,-0.01,-1,-1,-0.01,-1,-1,-0.01,-1,-1,-0.01,-1,-1,-0.01,-1,-1,-0.01,-1,-1,-0.01,-1,-1
99926009,2026-05-18 09:53:58+05:30,52813.5,0,0.0,0,0.0,0.0,53282.15,53308.4,52808.0,53710.35,0,0.0,0.0,0.0,0.0,-0.01,-1,-1,-0.01,-1,-1,-0.01,-1,-1,-0.01,-1,-1,-0.01,-1,-1,-0.01,-1,-1,-0.01,-1,-1,-0.01,-1,-1,-0.01,-1,-1,-0.01,-1,-1
99926009,2026-05-18 09:53:58+05:30,52812.4,0,0.0,0,0.0,0.0,53282.15,53308.4,52808.0,53710.35,0,0.0,0.0,0.0,0.0,-0.01,-1,-1,-0.01,-1,-1,-0.01,-1,-1,-0.01,-1,-1,-0.01,-1,-1,-0.01,-1,-1,-0.01,-1,-1,-0.01,-1,-1,-0.01,-1,-1,-0.01,-1,-1
99926009,2026-05-18 09:53:59+05:30,52812.8,0,0.0,0,0.0,0.0,53282.15,53308.4,52808.0,53710.35,0,0.0,0.0,0.0,0.0,-0.01,-1,-1,-0.01,-1,-1,-0.01,-1,-1,-0.01,-1,-1,-0.01,-1,-1,-0.01,-1,-1,-0.01,-1,-1,-0.01,-1,-1,-0.01,-1,-1,-0.01,-1,-1
99926009,2026-05-18 09:53:59+05:30,52812.7,0,0.0,0,0.0,0.0,53282.15,53308.4,52808.0,53710.35,0,0.0,0.0,0.0,0.0,-0.01,-1,-1,-0.01,-1,-1,-0.01,-1,-1,-0.01,-1,-1,-0.01,-1,-1,-0.01,-1,-1,-0.01,-1,-1,-0.01,-1,-1,-0.01,-1,-1,-0.01,-1,-1
99926009,2026-05-18 09:54:00+05:30,52813.55,0,0.0,0,0.0,0.0,53282.15,53308.4,52808.0,53710.35,0,0.0,0.0,0.0,0.0,-0.01,-1,-1,-0.01,-1,-1,-0.01,-1,-1,-0.01,-1,-1,-0.01,-1,-1,-0.01,-1,-1,-0.01,-1,-1,-0.01,-1,-1,-0.01,-1,-1,-0.01,-1,-1
99926009,2026-05-18 09:54:00+05:30,52812.9,0,0.0,0,0.0,0.0,53282.15,53308.4,52808.0,53710.35,0,0.0,0.0,0.0,0.0,-0.01,-1,-1,-0.01,-1,-1,-0.01,-1,-1,-0.01,-1,-1,-0.01,-1,-1,-0.01,-1,-1,-0.01,-1,-1,-0.01,-1,-1,-0.01,-1,-1,-0.01,-1,-1
99926009,2026-05-18 09:54:01+05:30,52809.95,0,0.0,0,0.0,0.0,53282.15,53308.4,52808.0,53710.35,0,0.0,0.0,0.0,0.0,-0.01,-1,-1,-0.01,-1,-1,-0.01,-1,-1,-0.01,-1,-1,-0.01,-1,-1,-0.01,-1,-1,-0.01,-1,-1,-0.01,-1,-1,-0.01,-1,-1,-0.01,-1,-1
99926009,2026-05-18 09:54:01+05:30,52810.9,0,0.0,0,0.0,0.0,53282.15,53308.4,52808.0,53710.35,0,0.0,0.0,0.0,0.0,-0.01,-1,-1,-0.01,-1,-1,-0.01,-1,-1,-0.01,-1,-1,-0.01,-1,-1,-0.01,-1,-1,-0.01,-1,-1,-0.01,-1,-1,-0.01,-1,-1,-0.01,-1,-1
99926009,2026-05-18 09:54:02+05:30,52812.15,0,0.0,0,0.0,0.0,53282.15,53308.4,52808.0,53710.35,0,0.0,0.0,0.0,0.0,-0.01,-1,-1,-0.01,-1,-1,-0.01,-1,-1,-0.01,-1,-1,-0.01,-1,-1,-0.01,-1,-1,-0.01,-1,-1,-0.01,-1,-1,-0.01,-1,-1,-0.01,-1,-1
99926009,2026-05-18 09:54:02+05:30,52810.8,0,0.0,0,0.0,0.0,53282.15,53308.4,52808.0,53710.35,0,0.0,0.0,0.0,0.0,-0.01,-1,-1,-0.01,-1,-1,-0.01,-1,-1,-0.01,-1,-1,-0.01,-1,-1,-0.01,-1,-1,-0.01,-1,-1,-0.01,-1,-1,-0.01,-1,-1,-0.01,-1,-1
99926009,2026-05-18 09:54:03+05:30,52810.55,0,0.0,0,0.0,0.0,53282.15,53308.4,52806.3,53710.35,0,0.0,0.0,0.0,0.0,-0.01,-1,-1,-0.01,-1,-1,-0.01,-1,-1,-0.01,-1,-1,-0.01,-1,-1,-0.01,-1,-1,-0.01,-1,-1,-0.01,-1,-1,-0.01,-1,-1,-0.01,-1,-1
99926009,2026-05-18 09:54:03+05:30,52807.35,0,0.0,0,0.0,0.0,53282.15,53308.4,52806.3,53710.35,0,0.0,0.0,0.0,0.0,-0.01,-1,-1,-0.01,-1,-1,-0.01,-1,-1,-0.01,-1,-1,-0.01,-1,-1,-0.01,-1,-1,-0.01,-1,-1,-0.01,-1,-1,-0.01,-1,-1,-0.01,-1,-1
99926009,2026-05-18 09:54:04+05:30,52808.0,0,0.0,0,0.0,0.0,53282.15,53308.4,52806.05,53710.35,0,0.0,0.0,0.0,0.0,-0.01,-1,-1,-0.01,-1,-1,-0.01,-1,-1,-0.01,-1,-1,-0.01,-1,-1,-0.01,-1,-1,-0.01,-1,-1,-0.01,-1,-1,-0.01,-1,-1,-0.01,-1,-1
99926009,2026-05-18 09:54:04+05:30,52808.1,0,0.0,0,0.0,0.0,53282.15,53308.4,52806.05,53710.35,0,0.0,0.0,0.0,0.0,-0.01,-1,-1,-0.01,-1,-1,-0.01,-1,-1,-0.01,-1,-1,-0.01,-1,-1,-0.01,-1,-1,-0.01,-1,-1,-0.01,-1,-1,-0.01,-1,-1,-0.01,-1,-1
99926009,2026-05-18 09:54:05+05:30,52807.95,0,0.0,0,0.0,0.0,53282.15,53308.4,52806.05,53710.35,0,0.0,0.0,0.0,0.0,-0.01,-1,-1,-0.01,-1,-1,-0.01,-1,-1,-0.01,-1,-1,-0.01,-1,-1,-0.01,-1,-1,-0.01,-1,-1,-0.01,-1,-1,-0.01,-1,-1,-0.01,-1,-1
99926009,2026-05-18 09:54:05+05:30,52810.0,0,0.0,0,0.0,0.0,53282.15,53308.4,52806.05,53710.35,0,0.0,0.0,0.0,0.0,-0.01,-1,-1,-0.01,-1,-1,-0.01,-1,-1,-0.01,-1,-1,-0.01,-1,-1,-0.01,-1,-1,-0.01,-1,-1,-0.01,-1,-1,-0.01,-1,-1,-0.01,-1,-1
99926009,2026-05-18 09:54:06+05:30,52804.5,0,0.0,0,0.0,0.0,53282.15,53308.4,52804.0,53710.35,0,0.0,0.0,0.0,0.0,-0.01,-1,-1,-0.01,-1,-1,-0.01,-1,-1,-0.01,-1,-1,-0.01,-1,-1,-0.01,-1,-1,-0.01,-1,-1,-0.01,-1,-1,-0.01,-1,-1,-0.01,-1,-1
99926009,2026-05-18 09:54:06+05:30,52805.05,0,0.0,0,0.0,0.0,53282.15,53308.4,52801.5,53710.35,0,0.0,0.0,0.0,0.0,-0.01,-1,-1,-0.01,-1,-1,-0.01,-1,-1,-0.01,-1,-1,-0.01,-1,-1,-0.01,-1,-1,-0.01,-1,-1,-0.01,-1,-1,-0.01,-1,-1,-0.01,-1,-1
99926009,2026-05-18 09:54:07+05:30,52804.6,0,0.0,0,0.0,0.0,53282.15,53308.4,52801.5,53710.35,0,0.0,0.0,0.0,0.0,-0.01,-1,-1,-0.01,-1,-1,-0.01,-1,-1,-0.01,-1,-1,-0.01,-1,-1,-0.01,-1,-1,-0.01,-1,-1,-0.01,-1,-1,-0.01,-1,-1,-0.01,-1,-1
99926009,2026-05-18 09:54:07+05:30,52810.85,0,0.0,0,0.0,0.0,53282.15,53308.4,52801.5,53710.35,0,0.0,0.0,0.0,0.0,-0.01,-1,-1,-0.01,-1,-1,-0.01,-1,-1,-0.01,-1,-1,-0.01,-1,-1,-0.01,-1,-1,-0.01,-1,-1,-0.01,-1,-1,-0.01,-1,-1,-0.01,-1,-1
99926009,2026-05-18 09:54:08+05:30,52812.1,0,0.0,0,0.0,0.0,53282.15,53308.4,52801.5,53710.35,0,0.0,0.0,0.0,0.0,-0.01,-1,-1,-0.01,-1,-1,-0.01,-1,-1,-0.01,-1,-1,-0.01,-1,-1,-0.01,-1,-1,-0.01,-1,-1,-0.01,-1,-1,-0.01,-1,-1,-0.01,-1,-1
99926009,2026-05-18 09:54:08+05:30,52814.45,0,0.0,0,0.0,0.0,53282.15,53308.4,52801.5,53710.35,0,0.0,0.0,0.0,0.0,-0.01,-1,-1,-0.01,-1,-1,-0.01,-1,-1,-0.01,-1,-1,-0.01,-1,-1,-0.01,-1,-1,-0.01,-1,-1,-0.01,-1,-1,-0.01,-1,-1,-0.01,-1,-1
99926009,2026-05-18 09:54:09+05:30,52816.2,0,0.0,0,0.0,0.0,53282.15,53308.4,52801.5,53710.35,0,0.0,0.0,0.0,0.0,-0.01,-1,-1,-0.01,-1,-1,-0.01,-1,-1,-0.01,-1,-1,-0.01,-1,-1,-0.01,-1,-1,-0.01,-1,-1,-0.01,-1,-1,-0.01,-1,-1,-0.01,-1,-1
99926009,2026-05-18 09:54:09+05:30,52819.15,0,0.0,0,0.0,0.0,53282.15,53308.4,52801.5,53710.35,0,0.0,0.0,0.0,0.0,-0.01,-1,-1,-0.01,-1,-1,-0.01,-1,-1,-0.01,-1,-1,-0.01,-1,-1,-0.01,-1,-1,-0.01,-1,-1,-0.01,-1,-1,-0.01,-1,-1,-0.01,-1,-1
99926009,2026-05-18 09:54:10+05:30,52816.2,0,0.0,0,0.0,0.0,53282.15,53308.4,52801.5,53710.35,0,0.0,0.0,0.0,0.0,-0.01,-1,-1,-0.01,-1,-1,-0.01,-1,-1,-0.01,-1,-1,-0.01,-1,-1,-0.01,-1,-1,-0.01,-1,-1,-0.01,-1,-1,-0.01,-1,-1,-0.01,-1,-1
99926009,2026-05-18 09:54:10+05:30,52816.3,0,0.0,0,0.0,0.0,53282.15,53308.4,52801.5,53710.35,0,0.0,0.0,0.0,0.0,-0.01,-1,-1,-0.01,-1,-1,-0.01,-1,-1,-0.01,-1,-1,-0.01,-1,-1,-0.01,-1,-1,-0.01,-1,-1,-0.01,-1,-1,-0.01,-1,-1,-0.01,-1,-1
99926009,2026-05-18 09:54:11+05:30,52813.25,0,0.0,0,0.0,0.0,53282.15,53308.4,52801.5,53710.35,0,0.0,0.0,0.0,0.0,-0.01,-1,-1,-0.01,-1,-1,-0.01,-1,-1,-0.01,-1,-1,-0.01,-1,-1,-0.01,-1,-1,-0.01,-1,-1,-0.01,-1,-1,-0.01,-1,-1,-0.01,-1,-1
99926009,2026-05-18 09:54:11+05:30,52813.35,0,0.0,0,0.0,0.0,53282.15,53308.4,52801.5,53710.35,0,0.0,0.0,0.0,0.0,-0.01,-1,-1,-0.01,-1,-1,-0.01,-1,-1,-0.01,-1,-1,-0.01,-1,-1,-0.01,-1,-1,-0.01,-1,-1,-0.01,-1,-1,-0.01,-1,-1,-0.01,-1,-1
99926009,2026-05-18 09:54:12+05:30,52814.25,0,0.0,0,0.0,0.0,53282.15,53308.4,52801.5,53710.35,0,0.0,0.0,0.0,0.0,-0.01,-1,-1,-0.01,-1,-1,-0.01,-1,-1,-0.01,-1,-1,-0.01,-1,-1,-0.01,-1,-1,-0.01,-1,-1,-0.01,-1,-1,-0.01,-1,-1,-0.01,-1,-1
99926009,2026-05-18 09:54:12+05:30,52812.4,0,0.0,0,0.0,0.0,53282.15,53308.4,52801.5,53710.35,0,0.0,0.0,0.0,0.0,-0.01,-1,-1,-0.01,-1,-1,-0.01,-1,-1,-0.01,-1,-1,-0.01,-1,-1,-0.01,-1,-1,-0.01,-1,-1,-0.01,-1,-1,-0.01,-1,-1,-0.01,-1,-1
99926009,2026-05-18 09:54:13+05:30,52811.7,0,0.0,0,0.0,0.0,53282.15,53308.4,52801.5,53710.35,0,0.0,0.0,0.0,0.0,-0.01,-1,-1,-0.01,-1,-1,-0.01,-1,-1,-0.01,-1,-1,-0.01,-1,-1,-0.01,-1,-1,-0.01,-1,-1,-0.01,-1,-1,-0.01,-1,-1,-0.01,-1,-1
99926009,2026-05-18 09:54:13+05:30,52810.05,0,0.0,0,0.0,0.0,53282.15,53308.4,52801.5,53710.35,0,0.0,0.0,0.0,0.0,-0.01,-1,-1,-0.01,-1,-1,-0.01,-1,-1,-0.01,-1,-1,-0.01,-1,-1,-0.01,-1,-1,-0.01,-1,-1,-0.01,-1,-1,-0.01,-1,-1,-0.01,-1,-1
99926009,2026-05-18 09:54:14+05:30,52810.4,0,0.0,0,0.0,0.0,53282.15,53308.4,52801.5,53710.35,0,0.0,0.0,0.0,0.0,-0.01,-1,-1,-0.01,-1,-1,-0.01,-1,-1,-0.01,-1,-1,-0.01,-1,-1,-0.01,-1,-1,-0.01,-1,-1,-0.01,-1,-1,-0.01,-1,-1,-0.01,-1,-1
99926009,2026-05-18 09:54:14+05:30,52811.95,0,0.0,0,0.0,0.0,53282.15,53308.4,52801.5,53710.35,0,0.0,0.0,0.0,0.0,-0.01,-1,-1,-0.01,-1,-1,-0.01,-1,-1,-0.01,-1,-1,-0.01,-1,-1,-0.01,-1,-1,-0.01,-1,-1,-0.01,-1,-1,-0.01,-1,-1,-0.01,-1,-1
99926009,2026-05-18 09:54:15+05:30,52810.1,0,0.0,0,0.0,0.0,53282.15,53308.4,52801.5,53710.35,0,0.0,0.0,0.0,0.0,-0.01,-1,-1,-0.01,-1,-1,-0.01,-1,-1,-0.01,-1,-1,-0.01,-1,-1,-0.01,-1,-1,-0.01,-1,-1,-0.01,-1,-1,-0.01,-1,-1,-0.01,-1,-1
99926009,2026-05-18 09:54:15+05:30,52810.15,0,0.0,0,0.0,0.0,53282.15,53308.4,52801.5,53710.35,0,0.0,0.0,0.0,0.0,-0.01,-1,-1,-0.01,-1,-1,-0.01,-1,-1,-0.01,-1,-1,-0.01,-1,-1,-0.01,-1,-1,-0.01,-1,-1,-0.01,-1,-1,-0.01,-1,-1,-0.01,-1,-1
99926009,2026-05-18 09:54:16+05:30,52812.15,0,0.0,0,0.0,0.0,53282.15,53308.4,52801.5,53710.35,0,0.0,0.0,0.0,0.0,-0.01,-1,-1,-0.01,-1,-1,-0.01,-1,-1,-0.01,-1,-1,-0.01,-1,-1,-0.01,-1,-1,-0.01,-1,-1,-0.01,-1,-1,-0.01,-1,-1,-0.01,-1,-1
99926009,2026-05-18 09:54:16+05:30,52807.8,0,0.0,0,0.0,0.0,53282.15,53308.4,52801.5,53710.35,0,0.0,0.0,0.0,0.0,-0.01,-1,-1,-0.01,-1,-1,-0.01,-1,-1,-0.01,-1,-1,-0.01,-1,-1,-0.01,-1,-1,-0.01,-1,-1,-0.01,-1,-1,-0.01,-1,-1,-0.01,-1,-1
99926009,2026-05-18 09:54:17+05:30,52807.95,0,0.0,0,0.0,0.0,53282.15,53308.4,52801.5,53710.35,0,0.0,0.0,0.0,0.0,-0.01,-1,-1,-0.01,-1,-1,-0.01,-1,-1,-0.01,-1,-1,-0.01,-1,-1,-0.01,-1,-1,-0.01,-1,-1,-0.01,-1,-1,-0.01,-1,-1,-0.01,-1,-1
99926009,2026-05-18 09:54:17+05:30,52811.5,0,0.0,0,0.0,0.0,53282.15,53308.4,52801.5,53710.35,0,0.0,0.0,0.0,0.0,-0.01,-1,-1,-0.01,-1,-1,-0.01,-1,-1,-0.01,-1,-1,-0.01,-1,-1,-0.01,-1,-1,-0.01,-1,-1,-0.01,-1,-1,-0.01,-1,-1,-0.01,-1,-1
99926009,2026-05-18 09:54:18+05:30,52810.0,0,0.0,0,0.0,0.0,53282.15,53308.4,52801.5,53710.35,0,0.0,0.0,0.0,0.0,-0.01,-1,-1,-0.01,-1,-1,-0.01,-1,-1,-0.01,-1,-1,-0.01,-1,-1,-0.01,-1,-1,-0.01,-1,-1,-0.01,-1,-1,-0.01,-1,-1,-0.01,-1,-1
99926009,2026-05-18 09:54:18+05:30,52811.45,0,0.0,0,0.0,0.0,53282.15,53308.4,52801.5,53710.35,0,0.0,0.0,0.0,0.0,-0.01,-1,-1,-0.01,-1,-1,-0.01,-1,-1,-0.01,-1,-1,-0.01,-1,-1,-0.01,-1,-1,-0.01,-1,-1,-0.01,-1,-1,-0.01,-1,-1,-0.01,-1,-1
99926009,2026-05-18 09:54:19+05:30,52812.0,0,0.0,0,0.0,0.0,53282.15,53308.4,52801.5,53710.35,0,0.0,0.0,0.0,0.0,-0.01,-1,-1,-0.01,-1,-1,-0.01,-1,-1,-0.01,-1,-1,-0.01,-1,-1,-0.01,-1,-1,-0.01,-1,-1,-0.01,-1,-1,-0.01,-1,-1,-0.01,-1,-1
99926009,2026-05-18 09:54:19+05:30,52811.3,0,0.0,0,0.0,0.0,53282.15,53308.4,52801.5,53710.35,0,0.0,0.0,0.0,0.0,-0.01,-1,-1,-0.01,-1,-1,-0.01,-1,-1,-0.01,-1,-1,-0.01,-1,-1,-0.01,-1,-1,-0.01,-1,-1,-0.01,-1,-1,-0.01,-1,-1,-0.01,-1,-1
99926009,2026-05-18 09:54:20+05:30,52811.75,0,0.0,0,0.0,0.0,53282.15,53308.4,52801.5,53710.35,0,0.0,0.0,0.0,0.0,-0.01,-1,-1,-0.01,-1,-1,-0.01,-1,-1,-0.01,-1,-1,-0.01,-1,-1,-0.01,-1,-1,-0.01,-1,-1,-0.01,-1,-1,-0.01,-1,-1,-0.01,-1,-1
99926009,2026-05-18 09:54:20+05:30,52816.7,0,0.0,0,0.0,0.0,53282.15,53308.4,52801.5,53710.35,0,0.0,0.0,0.0,0.0,-0.01,-1,-1,-0.01,-1,-1,-0.01,-1,-1,-0.01,-1,-1,-0.01,-1,-1,-0.01,-1,-1,-0.01,-1,-1,-0.01,-1,-1,-0.01,-1,-1,-0.01,-1,-1
99926009,2026-05-18 09:54:21+05:30,52815.8,0,0.0,0,0.0,0.0,53282.15,53308.4,52801.5,53710.35,0,0.0,0.0,0.0,0.0,-0.01,-1,-1,-0.01,-1,-1,-0.01,-1,-1,-0.01,-1,-1,-0.01,-1,-1,-0.01,-1,-1,-0.01,-1,-1,-0.01,-1,-1,-0.01,-1,-1,-0.01,-1,-1
99926009,2026-05-18 09:54:21+05:30,52815.45,0,0.0,0,0.0,0.0,53282.15,53308.4,52801.5,53710.35,0,0.0,0.0,0.0,0.0,-0.01,-1,-1,-0.01,-1,-1,-0.01,-1,-1,-0.01,-1,-1,-0.01,-1,-1,-0.01,-1,-1,-0.01,-1,-1,-0.01,-1,-1,-0.01,-1,-1,-0.01,-1,-1
99926009,2026-05-18 09:54:22+05:30,52812.6,0,0.0,0,0.0,0.0,53282.15,53308.4,52801.5,53710.35,0,0.0,0.0,0.0,0.0,-0.01,-1,-1,-0.01,-1,-1,-0.01,-1,-1,-0.01,-1,-1,-0.01,-1,-1,-0.01,-1,-1,-0.01,-1,-1,-0.01,-1,-1,-0.01,-1,-1,-0.01,-1,-1
99926009,2026-05-18 09:54:22+05:30,52813.1,0,0.0,0,0.0,0.0,53282.15,53308.4,52801.5,53710.35,0,0.0,0.0,0.0,0.0,-0.01,-1,-1,-0.01,-1,-1,-0.01,-1,-1,-0.01,-1,-1,-0.01,-1,-1,-0.01,-1,-1,-0.01,-1,-1,-0.01,-1,-1,-0.01,-1,-1,-0.01,-1,-1
99926009,2026-05-18 09:54:23+05:30,52815.9,0,0.0,0,0.0,0.0,53282.15,53308.4,52801.5,53710.35,0,0.0,0.0,0.0,0.0,-0.01,-1,-1,-0.01,-1,-1,-0.01,-1,-1,-0.01,-1,-1,-0.01,-1,-1,-0.01,-1,-1,-0.01,-1,-1,-0.01,-1,-1,-0.01,-1,-1,-0.01,-1,-1
99926009,2026-05-18 09:54:23+05:30,52813.9,0,0.0,0,0.0,0.0,53282.15,53308.4,52801.5,53710.35,0,0.0,0.0,0.0,0.0,-0.01,-1,-1,-0.01,-1,-1,-0.01,-1,-1,-0.01,-1,-1,-0.01,-1,-1,-0.01,-1,-1,-0.01,-1,-1,-0.01,-1,-1,-0.01,-1,-1,-0.01,-1,-1
99926009,2026-05-18 09:54:24+05:30,52810.95,0,0.0,0,0.0,0.0,53282.15,53308.4,52801.5,53710.35,0,0.0,0.0,0.0,0.0,-0.01,-1,-1,-0.01,-1,-1,-0.01,-1,-1,-0.01,-1,-1,-0.01,-1,-1,-0.01,-1,-1,-0.01,-1,-1,-0.01,-1,-1,-0.01,-1,-1,-0.01,-1,-1
99926009,2026-05-18 09:54:24+05:30,52809.3,0,0.0,0,0.0,0.0,53282.15,53308.4,52801.5,53710.35,0,0.0,0.0,0.0,0.0,-0.01,-1,-1,-0.01,-1,-1,-0.01,-1,-1,-0.01,-1,-1,-0.01,-1,-1,-0.01,-1,-1,-0.01,-1,-1,-0.01,-1,-1,-0.01,-1,-1,-0.01,-1,-1
99926009,2026-05-18 09:54:25+05:30,52803.1,0,0.0,0,0.0,0.0,53282.15,53308.4,52801.5,53710.35,0,0.0,0.0,0.0,0.0,-0.01,-1,-1,-0.01,-1,-1,-0.01,-1,-1,-0.01,-1,-1,-0.01,-1,-1,-0.01,-1,-1,-0.01,-1,-1,-0.01,-1,-1,-0.01,-1,-1,-0.01,-1,-1
99926009,2026-05-18 09:54:25+05:30,52806.1,0,0.0,0,0.0,0.0,53282.15,53308.4,52801.5,53710.35,0,0.0,0.0,0.0,0.0,-0.01,-1,-1,-0.01,-1,-1,-0.01,-1,-1,-0.01,-1,-1,-0.01,-1,-1,-0.01,-1,-1,-0.01,-1,-1,-0.01,-1,-1,-0.01,-1,-1,-0.01,-1,-1
99926009,2026-05-18 09:54:26+05:30,52806.4,0,0.0,0,0.0,0.0,53282.15,53308.4,52801.5,53710.35,0,0.0,0.0,0.0,0.0,-0.01,-1,-1,-0.01,-1,-1,-0.01,-1,-1,-0.01,-1,-1,-0.01,-1,-1,-0.01,-1,-1,-0.01,-1,-1,-0.01,-1,-1,-0.01,-1,-1,-0.01,-1,-1
99926009,2026-05-18 09:54:26+05:30,52807.15,0,0.0,0,0.0,0.0,53282.15,53308.4,52801.5,53710.35,0,0.0,0.0,0.0,0.0,-0.01,-1,-1,-0.01,-1,-1,-0.01,-1,-1,-0.01,-1,-1,-0.01,-1,-1,-0.01,-1,-1,-0.01,-1,-1,-0.01,-1,-1,-0.01,-1,-1,-0.01,-1,-1
99926009,2026-05-18 09:54:27+05:30,52806.05,0,0.0,0,0.0,0.0,53282.15,53308.4,52801.5,53710.35,0,0.0,0.0,0.0,0.0,-0.01,-1,-1,-0.01,-1,-1,-0.01,-1,-1,-0.01,-1,-1,-0.01,-1,-1,-0.01,-1,-1,-0.01,-1,-1,-0.01,-1,-1,-0.01,-1,-1,-0.01,-1,-1
99926009,2026-05-18 09:54:27+05:30,52804.45,0,0.0,0,0.0,0.0,53282.15,53308.4,52801.5,53710.35,0,0.0,0.0,0.0,0.0,-0.01,-1,-1,-0.01,-1,-1,-0.01,-1,-1,-0.01,-1,-1,-0.01,-1,-1,-0.01,-1,-1,-0.01,-1,-1,-0.01,-1,-1,-0.01,-1,-1,-0.01,-1,-1
99926009,2026-05-18 09:54:28+05:30,52805.0,0,0.0,0,0.0,0.0,53282.15,53308.4,52799.95,53710.35,0,0.0,0.0,0.0,0.0,-0.01,-1,-1,-0.01,-1,-1,-0.01,-1,-1,-0.01,-1,-1,-0.01,-1,-1,-0.01,-1,-1,-0.01,-1,-1,-0.01,-1,-1,-0.01,-1,-1,-0.01,-1,-1
99926009,2026-05-18 09:54:28+05:30,52804.35,0,0.0,0,0.0,0.0,53282.15,53308.4,52799.95,53710.35,0,0.0,0.0,0.0,0.0,-0.01,-1,-1,-0.01,-1,-1,-0.01,-1,-1,-0.01,-1,-1,-0.01,-1,-1,-0.01,-1,-1,-0.01,-1,-1,-0.01,-1,-1,-0.01,-1,-1,-0.01,-1,-1
99926009,2026-05-18 09:54:29+05:30,52804.5,0,0.0,0,0.0,0.0,53282.15,53308.4,52799.95,53710.35,0,0.0,0.0,0.0,0.0,-0.01,-1,-1,-0.01,-1,-1,-0.01,-1,-1,-0.01,-1,-1,-0.01,-1,-1,-0.01,-1,-1,-0.01,-1,-1,-0.01,-1,-1,-0.01,-1,-1,-0.01,-1,-1
99926009,2026-05-18 09:54:29+05:30,52806.55,0,0.0,0,0.0,0.0,53282.15,53308.4,52799.95,53710.35,0,0.0,0.0,0.0,0.0,-0.01,-1,-1,-0.01,-1,-1,-0.01,-1,-1,-0.01,-1,-1,-0.01,-1,-1,-0.01,-1,-1,-0.01,-1,-1,-0.01,-1,-1,-0.01,-1,-1,-0.01,-1,-1
99926009,2026-05-18 09:54:30+05:30,52807.8,0,0.0,0,0.0,0.0,53282.15,53308.4,52799.95,53710.35,0,0.0,0.0,0.0,0.0,-0.01,-1,-1,-0.01,-1,-1,-0.01,-1,-1,-0.01,-1,-1,-0.01,-1,-1,-0.01,-1,-1,-0.01,-1,-1,-0.01,-1,-1,-0.01,-1,-1,-0.01,-1,-1
99926009,2026-05-18 09:54:30+05:30,52805.4,0,0.0,0,0.0,0.0,53282.15,53308.4,52799.95,53710.35,0,0.0,0.0,0.0,0.0,-0.01,-1,-1,-0.01,-1,-1,-0.01,-1,-1,-0.01,-1,-1,-0.01,-1,-1,-0.01,-1,-1,-0.01,-1,-1,-0.01,-1,-1,-0.01,-1,-1,-0.01,-1,-1
99926009,2026-05-18 09:54:31+05:30,52805.1,0,0.0,0,0.0,0.0,53282.15,53308.4,52799.95,53710.35,0,0.0,0.0,0.0,0.0,-0.01,-1,-1,-0.01,-1,-1,-0.01,-1,-1,-0.01,-1,-1,-0.01,-1,-1,-0.01,-1,-1,-0.01,-1,-1,-0.01,-1,-1,-0.01,-1,-1,-0.01,-1,-1
99926009,2026-05-18 09:54:31+05:30,52813.15,0,0.0,0,0.0,0.0,53282.15,53308.4,52799.95,53710.35,0,0.0,0.0,0.0,0.0,-0.01,-1,-1,-0.01,-1,-1,-0.01,-1,-1,-0.01,-1,-1,-0.01,-1,-1,-0.01,-1,-1,-0.01,-1,-1,-0.01,-1,-1,-0.01,-1,-1,-0.01,-1,-1
99926009,2026-05-18 09:54:32+05:30,52810.15,0,0.0,0,0.0,0.0,53282.15,53308.4,52799.95,53710.35,0,0.0,0.0,0.0,0.0,-0.01,-1,-1,-0.01,-1,-1,-0.01,-1,-1,-0.01,-1,-1,-0.01,-1,-1,-0.01,-1,-1,-0.01,-1,-1,-0.01,-1,-1,-0.01,-1,-1,-0.01,-1,-1
99926009,2026-05-18 09:54:32+05:30,52812.0,0,0.0,0,0.0,0.0,53282.15,53308.4,52799.95,53710.35,0,0.0,0.0,0.0,0.0,-0.01,-1,-1,-0.01,-1,-1,-0.01,-1,-1,-0.01,-1,-1,-0.01,-1,-1,-0.01,-1,-1,-0.01,-1,-1,-0.01,-1,-1,-0.01,-1,-1,-0.01,-1,-1
99926009,2026-05-18 09:54:33+05:30,52811.8,0,0.0,0,0.0,0.0,53282.15,53308.4,52799.95,53710.35,0,0.0,0.0,0.0,0.0,-0.01,-1,-1,-0.01,-1,-1,-0.01,-1,-1,-0.01,-1,-1,-0.01,-1,-1,-0.01,-1,-1,-0.01,-1,-1,-0.01,-1,-1,-0.01,-1,-1,-0.01,-1,-1
99926009,2026-05-18 09:54:33+05:30,52810.35,0,0.0,0,0.0,0.0,53282.15,53308.4,52799.95,53710.35,0,0.0,0.0,0.0,0.0,-0.01,-1,-1,-0.01,-1,-1,-0.01,-1,-1,-0.01,-1,-1,-0.01,-1,-1,-0.01,-1,-1,-0.01,-1,-1,-0.01,-1,-1,-0.01,-1,-1,-0.01,-1,-1
99926009,2026-05-18 09:54:34+05:30,52812.4,0,0.0,0,0.0,0.0,53282.15,53308.4,52799.95,53710.35,0,0.0,0.0,0.0,0.0,-0.01,-1,-1,-0.01,-1,-1,-0.01,-1,-1,-0.01,-1,-1,-0.01,-1,-1,-0.01,-1,-1,-0.01,-1,-1,-0.01,-1,-1,-0.01,-1,-1,-0.01,-1,-1
99926009,2026-05-18 09:54:34+05:30,52812.6,0,0.0,0,0.0,0.0,53282.15,53308.4,52799.95,53710.35,0,0.0,0.0,0.0,0.0,-0.01,-1,-1,-0.01,-1,-1,-0.01,-1,-1,-0.01,-1,-1,-0.01,-1,-1,-0.01,-1,-1,-0.01,-1,-1,-0.01,-1,-1,-0.01,-1,-1,-0.01,-1,-1
99926009,2026-05-18 09:54:35+05:30,52810.85,0,0.0,0,0.0,0.0,53282.15,53308.4,52799.95,53710.35,0,0.0,0.0,0.0,0.0,-0.01,-1,-1,-0.01,-1,-1,-0.01,-1,-1,-0.01,-1,-1,-0.01,-1,-1,-0.01,-1,-1,-0.01,-1,-1,-0.01,-1,-1,-0.01,-1,-1,-0.01,-1,-1
99926009,2026-05-18 09:54:35+05:30,52811.4,0,0.0,0,0.0,0.0,53282.15,53308.4,52799.95,53710.35,0,0.0,0.0,0.0,0.0,-0.01,-1,-1,-0.01,-1,-1,-0.01,-1,-1,-0.01,-1,-1,-0.01,-1,-1,-0.01,-1,-1,-0.01,-1,-1,-0.01,-1,-1,-0.01,-1,-1,-0.01,-1,-1
99926009,2026-05-18 09:54:36+05:30,52811.5,0,0.0,0,0.0,0.0,53282.15,53308.4,52799.95,53710.35,0,0.0,0.0,0.0,0.0,-0.01,-1,-1,-0.01,-1,-1,-0.01,-1,-1,-0.01,-1,-1,-0.01,-1,-1,-0.01,-1,-1,-0.01,-1,-1,-0.01,-1,-1,-0.01,-1,-1,-0.01,-1,-1
99926009,2026-05-18 09:54:36+05:30,52814.0,0,0.0,0,0.0,0.0,53282.15,53308.4,52799.95,53710.35,0,0.0,0.0,0.0,0.0,-0.01,-1,-1,-0.01,-1,-1,-0.01,-1,-1,-0.01,-1,-1,-0.01,-1,-1,-0.01,-1,-1,-0.01,-1,-1,-0.01,-1,-1,-0.01,-1,-1,-0.01,-1,-1
99926009,2026-05-18 09:54:37+05:30,52814.0,0,0.0,0,0.0,0.0,53282.15,53308.4,52799.95,53710.35,0,0.0,0.0,0.0,0.0,-0.01,-1,-1,-0.01,-1,-1,-0.01,-1,-1,-0.01,-1,-1,-0.01,-1,-1,-0.01,-1,-1,-0.01,-1,-1,-0.01,-1,-1,-0.01,-1,-1,-0.01,-1,-1
99926009,2026-05-18 09:54:37+05:30,52814.75,0,0.0,0,0.0,0.0,53282.15,53308.4,52799.95,53710.35,0,0.0,0.0,0.0,0.0,-0.01,-1,-1,-0.01,-1,-1,-0.01,-1,-1,-0.01,-1,-1,-0.01,-1,-1,-0.01,-1,-1,-0.01,-1,-1,-0.01,-1,-1,-0.01,-1,-1,-0.01,-1,-1
99926009,2026-05-18 09:54:38+05:30,52812.25,0,0.0,0,0.0,0.0,53282.15,53308.4,52799.95,53710.35,0,0.0,0.0,0.0,0.0,-0.01,-1,-1,-0.01,-1,-1,-0.01,-1,-1,-0.01,-1,-1,-0.01,-1,-1,-0.01,-1,-1,-0.01,-1,-1,-0.01,-1,-1,-0.01,-1,-1,-0.01,-1,-1
99926009,2026-05-18 09:54:38+05:30,52813.15,0,0.0,0,0.0,0.0,53282.15,53308.4,52799.95,53710.35,0,0.0,0.0,0.0,0.0,-0.01,-1,-1,-0.01,-1,-1,-0.01,-1,-1,-0.01,-1,-1,-0.01,-1,-1,-0.01,-1,-1,-0.01,-1,-1,-0.01,-1,-1,-0.01,-1,-1,-0.01,-1,-1
99926009,2026-05-18 09:54:39+05:30,52813.15,0,0.0,0,0.0,0.0,53282.15,53308.4,52799.95,53710.35,0,0.0,0.0,0.0,0.0,-0.01,-1,-1,-0.01,-1,-1,-0.01,-1,-1,-0.01,-1,-1,-0.01,-1,-1,-0.01,-1,-1,-0.01,-1,-1,-0.01,-1,-1,-0.01,-1,-1,-0.01,-1,-1
99926009,2026-05-18 09:54:39+05:30,52813.3,0,0.0,0,0.0,0.0,53282.15,53308.4,52799.95,53710.35,0,0.0,0.0,0.0,0.0,-0.01,-1,-1,-0.01,-1,-1,-0.01,-1,-1,-0.01,-1,-1,-0.01,-1,-1,-0.01,-1,-1,-0.01,-1,-1,-0.01,-1,-1,-0.01,-1,-1,-0.01,-1,-1
99926009,2026-05-18 09:54:40+05:30,52813.2,0,0.0,0,0.0,0.0,53282.15,53308.4,52799.95,53710.35,0,0.0,0.0,0.0,0.0,-0.01,-1,-1,-0.01,-1,-1,-0.01,-1,-1,-0.01,-1,-1,-0.01,-1,-1,-0.01,-1,-1,-0.01,-1,-1,-0.01,-1,-1,-0.01,-1,-1,-0.01,-1,-1
99926009,2026-05-18 09:54:40+05:30,52812.25,0,0.0,0,0.0,0.0,53282.15,53308.4,52799.95,53710.35,0,0.0,0.0,0.0,0.0,-0.01,-1,-1,-0.01,-1,-1,-0.01,-1,-1,-0.01,-1,-1,-0.01,-1,-1,-0.01,-1,-1,-0.01,-1,-1,-0.01,-1,-1,-0.01,-1,-1,-0.01,-1,-1
99926009,2026-05-18 09:54:41+05:30,52814.35,0,0.0,0,0.0,0.0,53282.15,53308.4,52799.95,53710.35,0,0.0,0.0,0.0,0.0,-0.01,-1,-1,-0.01,-1,-1,-0.01,-1,-1,-0.01,-1,-1,-0.01,-1,-1,-0.01,-1,-1,-0.01,-1,-1,-0.01,-1,-1,-0.01,-1,-1,-0.01,-1,-1
99926009,2026-05-18 09:54:41+05:30,52813.8,0,0.0,0,0.0,0.0,53282.15,53308.4,52799.95,53710.35,0,0.0,0.0,0.0,0.0,-0.01,-1,-1,-0.01,-1,-1,-0.01,-1,-1,-0.01,-1,-1,-0.01,-1,-1,-0.01,-1,-1,-0.01,-1,-1,-0.01,-1,-1,-0.01,-1,-1,-0.01,-1,-1
99926009,2026-05-18 09:54:42+05:30,52812.5,0,0.0,0,0.0,0.0,53282.15,53308.4,52799.95,53710.35,0,0.0,0.0,0.0,0.0,-0.01,-1,-1,-0.01,-1,-1,-0.01,-1,-1,-0.01,-1,-1,-0.01,-1,-1,-0.01,-1,-1,-0.01,-1,-1,-0.01,-1,-1,-0.01,-1,-1,-0.01,-1,-1
99926009,2026-05-18 09:54:42+05:30,52810.0,0,0.0,0,0.0,0.0,53282.15,53308.4,52799.95,53710.35,0,0.0,0.0,0.0,0.0,-0.01,-1,-1,-0.01,-1,-1,-0.01,-1,-1,-0.01,-1,-1,-0.01,-1,-1,-0.01,-1,-1,-0.01,-1,-1,-0.01,-1,-1,-0.01,-1,-1,-0.01,-1,-1
99926009,2026-05-18 09:54:43+05:30,52810.75,0,0.0,0,0.0,0.0,53282.15,53308.4,52799.95,53710.35,0,0.0,0.0,0.0,0.0,-0.01,-1,-1,-0.01,-1,-1,-0.01,-1,-1,-0.01,-1,-1,-0.01,-1,-1,-0.01,-1,-1,-0.01,-1,-1,-0.01,-1,-1,-0.01,-1,-1,-0.01,-1,-1
99926009,2026-05-18 09:54:43+05:30,52810.35,0,0.0,0,0.0,0.0,53282.15,53308.4,52799.95,53710.35,0,0.0,0.0,0.0,0.0,-0.01,-1,-1,-0.01,-1,-1,-0.01,-1,-1,-0.01,-1,-1,-0.01,-1,-1,-0.01,-1,-1,-0.01,-1,-1,-0.01,-1,-1,-0.01,-1,-1,-0.01,-1,-1
99926009,2026-05-18 09:54:44+05:30,52812.2,0,0.0,0,0.0,0.0,53282.15,53308.4,52799.95,53710.35,0,0.0,0.0,0.0,0.0,-0.01,-1,-1,-0.01,-1,-1,-0.01,-1,-1,-0.01,-1,-1,-0.01,-1,-1,-0.01,-1,-1,-0.01,-1,-1,-0.01,-1,-1,-0.01,-1,-1,-0.01,-1,-1
99926009,2026-05-18 09:54:44+05:30,52812.05,0,0.0,0,0.0,0.0,53282.15,53308.4,52799.95,53710.35,0,0.0,0.0,0.0,0.0,-0.01,-1,-1,-0.01,-1,-1,-0.01,-1,-1,-0.01,-1,-1,-0.01,-1,-1,-0.01,-1,-1,-0.01,-1,-1,-0.01,-1,-1,-0.01,-1,-1,-0.01,-1,-1
99926009,2026-05-18 09:54:45+05:30,52809.95,0,0.0,0,0.0,0.0,53282.15,53308.4,52799.95,53710.35,0,0.0,0.0,0.0,0.0,-0.01,-1,-1,-0.01,-1,-1,-0.01,-1,-1,-0.01,-1,-1,-0.01,-1,-1,-0.01,-1,-1,-0.01,-1,-1,-0.01,-1,-1,-0.01,-1,-1,-0.01,-1,-1
99926009,2026-05-18 09:54:45+05:30,52815.25,0,0.0,0,0.0,0.0,53282.15,53308.4,52799.95,53710.35,0,0.0,0.0,0.0,0.0,-0.01,-1,-1,-0.01,-1,-1,-0.01,-1,-1,-0.01,-1,-1,-0.01,-1,-1,-0.01,-1,-1,-0.01,-1,-1,-0.01,-1,-1,-0.01,-1,-1,-0.01,-1,-1
99926009,2026-05-18 09:54:46+05:30,52815.15,0,0.0,0,0.0,0.0,53282.15,53308.4,52799.95,53710.35,0,0.0,0.0,0.0,0.0,-0.01,-1,-1,-0.01,-1,-1,-0.01,-1,-1,-0.01,-1,-1,-0.01,-1,-1,-0.01,-1,-1,-0.01,-1,-1,-0.01,-1,-1,-0.01,-1,-1,-0.01,-1,-1
99926009,2026-05-18 09:54:46+05:30,52814.95,0,0.0,0,0.0,0.0,53282.15,53308.4,52799.95,53710.35,0,0.0,0.0,0.0,0.0,-0.01,-1,-1,-0.01,-1,-1,-0.01,-1,-1,-0.01,-1,-1,-0.01,-1,-1,-0.01,-1,-1,-0.01,-1,-1,-0.01,-1,-1,-0.01,-1,-1,-0.01,-1,-1
99926009,2026-05-18 09:54:47+05:30,52815.95,0,0.0,0,0.0,0.0,53282.15,53308.4,52799.95,53710.35,0,0.0,0.0,0.0,0.0,-0.01,-1,-1,-0.01,-1,-1,-0.01,-1,-1,-0.01,-1,-1,-0.01,-1,-1,-0.01,-1,-1,-0.01,-1,-1,-0.01,-1,-1,-0.01,-1,-1,-0.01,-1,-1
99926009,2026-05-18 09:54:47+05:30,52815.55,0,0.0,0,0.0,0.0,53282.15,53308.4,52799.95,53710.35,0,0.0,0.0,0.0,0.0,-0.01,-1,-1,-0.01,-1,-1,-0.01,-1,-1,-0.01,-1,-1,-0.01,-1,-1,-0.01,-1,-1,-0.01,-1,-1,-0.01,-1,-1,-0.01,-1,-1,-0.01,-1,-1
99926009,2026-05-18 09:54:48+05:30,52813.6,0,0.0,0,0.0,0.0,53282.15,53308.4,52799.95,53710.35,0,0.0,0.0,0.0,0.0,-0.01,-1,-1,-0.01,-1,-1,-0.01,-1,-1,-0.01,-1,-1,-0.01,-1,-1,-0.01,-1,-1,-0.01,-1,-1,-0.01,-1,-1,-0.01,-1,-1,-0.01,-1,-1
99926009,2026-05-18 09:54:48+05:30,52811.25,0,0.0,0,0.0,0.0,53282.15,53308.4,52799.95,53710.35,0,0.0,0.0,0.0,0.0,-0.01,-1,-1,-0.01,-1,-1,-0.01,-1,-1,-0.01,-1,-1,-0.01,-1,-1,-0.01,-1,-1,-0.01,-1,-1,-0.01,-1,-1,-0.01,-1,-1,-0.01,-1,-1
99926009,2026-05-18 09:54:49+05:30,52812.25,0,0.0,0,0.0,0.0,53282.15,53308.4,52799.95,53710.35,0,0.0,0.0,0.0,0.0,-0.01,-1,-1,-0.01,-1,-1,-0.01,-1,-1,-0.01,-1,-1,-0.01,-1,-1,-0.01,-1,-1,-0.01,-1,-1,-0.01,-1,-1,-0.01,-1,-1,-0.01,-1,-1
99926009,2026-05-18 09:54:49+05:30,52812.25,0,0.0,0,0.0,0.0,53282.15,53308.4,52799.95,53710.35,0,0.0,0.0,0.0,0.0,-0.01,-1,-1,-0.01,-1,-1,-0.01,-1,-1,-0.01,-1,-1,-0.01,-1,-1,-0.01,-1,-1,-0.01,-1,-1,-0.01,-1,-1,-0.01,-1,-1,-0.01,-1,-1
99926009,2026-05-18 09:54:50+05:30,52811.75,0,0.0,0,0.0,0.0,53282.15,53308.4,52799.95,53710.35,0,0.0,0.0,0.0,0.0,-0.01,-1,-1,-0.01,-1,-1,-0.01,-1,-1,-0.01,-1,-1,-0.01,-1,-1,-0.01,-1,-1,-0.01,-1,-1,-0.01,-1,-1,-0.01,-1,-1,-0.01,-1,-1
99926009,2026-05-18 09:54:50+05:30,52811.65,0,0.0,0,0.0,0.0,53282.15,53308.4,52799.95,53710.35,0,0.0,0.0,0.0,0.0,-0.01,-1,-1,-0.01,-1,-1,-0.01,-1,-1,-0.01,-1,-1,-0.01,-1,-1,-0.01,-1,-1,-0.01,-1,-1,-0.01,-1,-1,-0.01,-1,-1,-0.01,-1,-1
99926009,2026-05-18 09:54:51+05:30,52807.65,0,0.0,0,0.0,0.0,53282.15,53308.4,52799.95,53710.35,0,0.0,0.0,0.0,0.0,-0.01,-1,-1,-0.01,-1,-1,-0.01,-1,-1,-0.01,-1,-1,-0.01,-1,-1,-0.01,-1,-1,-0.01,-1,-1,-0.01,-1,-1,-0.01,-1,-1,-0.01,-1,-1
99926009,2026-05-18 09:54:51+05:30,52808.3,0,0.0,0,0.0,0.0,53282.15,53308.4,52799.95,53710.35,0,0.0,0.0,0.0,0.0,-0.01,-1,-1,-0.01,-1,-1,-0.01,-1,-1,-0.01,-1,-1,-0.01,-1,-1,-0.01,-1,-1,-0.01,-1,-1,-0.01,-1,-1,-0.01,-1,-1,-0.01,-1,-1
99926009,2026-05-18 09:54:52+05:30,52810.15,0,0.0,0,0.0,0.0,53282.15,53308.4,52799.95,53710.35,0,0.0,0.0,0.0,0.0,-0.01,-1,-1,-0.01,-1,-1,-0.01,-1,-1,-0.01,-1,-1,-0.01,-1,-1,-0.01,-1,-1,-0.01,-1,-1,-0.01,-1,-1,-0.01,-1,-1,-0.01,-1,-1
99926009,2026-05-18 09:54:52+05:30,52807.2,0,0.0,0,0.0,0.0,53282.15,53308.4,52799.95,53710.35,0,0.0,0.0,0.0,0.0,-0.01,-1,-1,-0.01,-1,-1,-0.01,-1,-1,-0.01,-1,-1,-0.01,-1,-1,-0.01,-1,-1,-0.01,-1,-1,-0.01,-1,-1,-0.01,-1,-1,-0.01,-1,-1
99926009,2026-05-18 09:54:53+05:30,52808.2,0,0.0,0,0.0,0.0,53282.15,53308.4,52799.95,53710.35,0,0.0,0.0,0.0,0.0,-0.01,-1,-1,-0.01,-1,-1,-0.01,-1,-1,-0.01,-1,-1,-0.01,-1,-1,-0.01,-1,-1,-0.01,-1,-1,-0.01,-1,-1,-0.01,-1,-1,-0.01,-1,-1
99926009,2026-05-18 09:54:53+05:30,52806.8,0,0.0,0,0.0,0.0,53282.15,53308.4,52799.95,53710.35,0,0.0,0.0,0.0,0.0,-0.01,-1,-1,-0.01,-1,-1,-0.01,-1,-1,-0.01,-1,-1,-0.01,-1,-1,-0.01,-1,-1,-0.01,-1,-1,-0.01,-1,-1,-0.01,-1,-1,-0.01,-1,-1
99926009,2026-05-18 09:54:54+05:30,52808.15,0,0.0,0,0.0,0.0,53282.15,53308.4,52799.95,53710.35,0,0.0,0.0,0.0,0.0,-0.01,-1,-1,-0.01,-1,-1,-0.01,-1,-1,-0.01,-1,-1,-0.01,-1,-1,-0.01,-1,-1,-0.01,-1,-1,-0.01,-1,-1,-0.01,-1,-1,-0.01,-1,-1
99926009,2026-05-18 09:54:54+05:30,52808.75,0,0.0,0,0.0,0.0,53282.15,53308.4,52799.95,53710.35,0,0.0,0.0,0.0,0.0,-0.01,-1,-1,-0.01,-1,-1,-0.01,-1,-1,-0.01,-1,-1,-0.01,-1,-1,-0.01,-1,-1,-0.01,-1,-1,-0.01,-1,-1,-0.01,-1,-1,-0.01,-1,-1
99926009,2026-05-18 09:54:55+05:30,52807.7,0,0.0,0,0.0,0.0,53282.15,53308.4,52799.95,53710.35,0,0.0,0.0,0.0,0.0,-0.01,-1,-1,-0.01,-1,-1,-0.01,-1,-1,-0.01,-1,-1,-0.01,-1,-1,-0.01,-1,-1,-0.01,-1,-1,-0.01,-1,-1,-0.01,-1,-1,-0.01,-1,-1
99926009,2026-05-18 09:54:55+05:30,52807.8,0,0.0,0,0.0,0.0,53282.15,53308.4,52799.95,53710.35,0,0.0,0.0,0.0,0.0,-0.01,-1,-1,-0.01,-1,-1,-0.01,-1,-1,-0.01,-1,-1,-0.01,-1,-1,-0.01,-1,-1,-0.01,-1,-1,-0.01,-1,-1,-0.01,-1,-1,-0.01,-1,-1
99926009,2026-05-18 09:54:56+05:30,52809.6,0,0.0,0,0.0,0.0,53282.15,53308.4,52799.95,53710.35,0,0.0,0.0,0.0,0.0,-0.01,-1,-1,-0.01,-1,-1,-0.01,-1,-1,-0.01,-1,-1,-0.01,-1,-1,-0.01,-1,-1,-0.01,-1,-1,-0.01,-1,-1,-0.01,-1,-1,-0.01,-1,-1
99926009,2026-05-18 09:54:56+05:30,52811.0,0,0.0,0,0.0,0.0,53282.15,53308.4,52799.95,53710.35,0,0.0,0.0,0.0,0.0,-0.01,-1,-1,-0.01,-1,-1,-0.01,-1,-1,-0.01,-1,-1,-0.01,-1,-1,-0.01,-1,-1,-0.01,-1,-1,-0.01,-1,-1,-0.01,-1,-1,-0.01,-1,-1
99926009,2026-05-18 09:54:57+05:30,52810.1,0,0.0,0,0.0,0.0,53282.15,53308.4,52799.95,53710.35,0,0.0,0.0,0.0,0.0,-0.01,-1,-1,-0.01,-1,-1,-0.01,-1,-1,-0.01,-1,-1,-0.01,-1,-1,-0.01,-1,-1,-0.01,-1,-1,-0.01,-1,-1,-0.01,-1,-1,-0.01,-1,-1
99926009,2026-05-18 09:54:57+05:30,52810.55,0,0.0,0,0.0,0.0,53282.15,53308.4,52799.95,53710.35,0,0.0,0.0,0.0,0.0,-0.01,-1,-1,-0.01,-1,-1,-0.01,-1,-1,-0.01,-1,-1,-0.01,-1,-1,-0.01,-1,-1,-0.01,-1,-1,-0.01,-1,-1,-0.01,-1,-1,-0.01,-1,-1
99926009,2026-05-18 09:54:58+05:30,52808.75,0,0.0,0,0.0,0.0,53282.15,53308.4,52799.95,53710.35,0,0.0,0.0,0.0,0.0,-0.01,-1,-1,-0.01,-1,-1,-0.01,-1,-1,-0.01,-1,-1,-0.01,-1,-1,-0.01,-1,-1,-0.01,-1,-1,-0.01,-1,-1,-0.01,-1,-1,-0.01,-1,-1
99926009,2026-05-18 09:54:58+05:30,52809.35,0,0.0,0,0.0,0.0,53282.15,53308.4,52799.95,53710.35,0,0.0,0.0,0.0,0.0,-0.01,-1,-1,-0.01,-1,-1,-0.01,-1,-1,-0.01,-1,-1,-0.01,-1,-1,-0.01,-1,-1,-0.01,-1,-1,-0.01,-1,-1,-0.01,-1,-1,-0.01,-1,-1
99926009,2026-05-18 09:54:59+05:30,52806.7,0,0.0,0,0.0,0.0,53282.15,53308.4,52799.95,53710.35,0,0.0,0.0,0.0,0.0,-0.01,-1,-1,-0.01,-1,-1,-0.01,-1,-1,-0.01,-1,-1,-0.01,-1,-1,-0.01,-1,-1,-0.01,-1,-1,-0.01,-1,-1,-0.01,-1,-1,-0.01,-1,-1
99926009,2026-05-18 09:54:59+05:30,52807.6,0,0.0,0,0.0,0.0,53282.15,53308.4,52799.95,53710.35,0,0.0,0.0,0.0,0.0,-0.01,-1,-1,-0.01,-1,-1,-0.01,-1,-1,-0.01,-1,-1,-0.01,-1,-1,-0.01,-1,-1,-0.01,-1,-1,-0.01,-1,-1,-0.01,-1,-1,-0.01,-1,-1
99926009,2026-05-18 09:55:00+05:30,52808.45,0,0.0,0,0.0,0.0,53282.15,53308.4,52799.95,53710.35,0,0.0,0.0,0.0,0.0,-0.01,-1,-1,-0.01,-1,-1,-0.01,-1,-1,-0.01,-1,-1,-0.01,-1,-1,-0.01,-1,-1,-0.01,-1,-1,-0.01,-1,-1,-0.01,-1,-1,-0.01,-1,-1
99926009,2026-05-18 09:55:00+05:30,52811.1,0,0.0,0,0.0,0.0,53282.15,53308.4,52799.95,53710.35,0,0.0,0.0,0.0,0.0,-0.01,-1,-1,-0.01,-1,-1,-0.01,-1,-1,-0.01,-1,-1,-0.01,-1,-1,-0.01,-1,-1,-0.01,-1,-1,-0.01,-1,-1,-0.01,-1,-1,-0.01,-1,-1
99926009,2026-05-18 09:55:01+05:30,52812.1,0,0.0,0,0.0,0.0,53282.15,53308.4,52799.95,53710.35,0,0.0,0.0,0.0,0.0,-0.01,-1,-1,-0.01,-1,-1,-0.01,-1,-1,-0.01,-1,-1,-0.01,-1,-1,-0.01,-1,-1,-0.01,-1,-1,-0.01,-1,-1,-0.01,-1,-1,-0.01,-1,-1
99926009,2026-05-18 09:55:01+05:30,52811.2,0,0.0,0,0.0,0.0,53282.15,53308.4,52799.95,53710.35,0,0.0,0.0,0.0,0.0,-0.01,-1,-1,-0.01,-1,-1,-0.01,-1,-1,-0.01,-1,-1,-0.01,-1,-1,-0.01,-1,-1,-0.01,-1,-1,-0.01,-1,-1,-0.01,-1,-1,-0.01,-1,-1
99926009,2026-05-18 09:55:02+05:30,52812.95,0,0.0,0,0.0,0.0,53282.15,53308.4,52799.95,53710.35,0,0.0,0.0,0.0,0.0,-0.01,-1,-1,-0.01,-1,-1,-0.01,-1,-1,-0.01,-1,-1,-0.01,-1,-1,-0.01,-1,-1,-0.01,-1,-1,-0.01,-1,-1,-0.01,-1,-1,-0.01,-1,-1
99926009,2026-05-18 09:55:02+05:30,52811.7,0,0.0,0,0.0,0.0,53282.15,53308.4,52799.95,53710.35,0,0.0,0.0,0.0,0.0,-0.01,-1,-1,-0.01,-1,-1,-0.01,-1,-1,-0.01,-1,-1,-0.01,-1,-1,-0.01,-1,-1,-0.01,-1,-1,-0.01,-1,-1,-0.01,-1,-1,-0.01,-1,-1
99926009,2026-05-18 09:55:03+05:30,52812.25,0,0.0,0,0.0,0.0,53282.15,53308.4,52799.95,53710.35,0,0.0,0.0,0.0,0.0,-0.01,-1,-1,-0.01,-1,-1,-0.01,-1,-1,-0.01,-1,-1,-0.01,-1,-1,-0.01,-1,-1,-0.01,-1,-1,-0.01,-1,-1,-0.01,-1,-1,-0.01,-1,-1
99926009,2026-05-18 09:55:03+05:30,52810.9,0,0.0,0,0.0,0.0,53282.15,53308.4,52799.95,53710.35,0,0.0,0.0,0.0,0.0,-0.01,-1,-1,-0.01,-1,-1,-0.01,-1,-1,-0.01,-1,-1,-0.01,-1,-1,-0.01,-1,-1,-0.01,-1,-1,-0.01,-1,-1,-0.01,-1,-1,-0.01,-1,-1
99926009,2026-05-18 09:55:04+05:30,52810.65,0,0.0,0,0.0,0.0,53282.15,53308.4,52799.95,53710.35,0,0.0,0.0,0.0,0.0,-0.01,-1,-1,-0.01,-1,-1,-0.01,-1,-1,-0.01,-1,-1,-0.01,-1,-1,-0.01,-1,-1,-0.01,-1,-1,-0.01,-1,-1,-0.01,-1,-1,-0.01,-1,-1
99926009,2026-05-18 09:55:04+05:30,52810.6,0,0.0,0,0.0,0.0,53282.15,53308.4,52799.95,53710.35,0,0.0,0.0,0.0,0.0,-0.01,-1,-1,-0.01,-1,-1,-0.01,-1,-1,-0.01,-1,-1,-0.01,-1,-1,-0.01,-1,-1,-0.01,-1,-1,-0.01,-1,-1,-0.01,-1,-1,-0.01,-1,-1
99926009,2026-05-18 09:55:05+05:30,52808.15,0,0.0,0,0.0,0.0,53282.15,53308.4,52799.95,53710.35,0,0.0,0.0,0.0,0.0,-0.01,-1,-1,-0.01,-1,-1,-0.01,-1,-1,-0.01,-1,-1,-0.01,-1,-1,-0.01,-1,-1,-0.01,-1,-1,-0.01,-1,-1,-0.01,-1,-1,-0.01,-1,-1
99926009,2026-05-18 09:55:05+05:30,52809.0,0,0.0,0,0.0,0.0,53282.15,53308.4,52799.95,53710.35,0,0.0,0.0,0.0,0.0,-0.01,-1,-1,-0.01,-1,-1,-0.01,-1,-1,-0.01,-1,-1,-0.01,-1,-1,-0.01,-1,-1,-0.01,-1,-1,-0.01,-1,-1,-0.01,-1,-1,-0.01,-1,-1
99926009,2026-05-18 09:55:06+05:30,52804.6,0,0.0,0,0.0,0.0,53282.15,53308.4,52799.95,53710.35,0,0.0,0.0,0.0,0.0,-0.01,-1,-1,-0.01,-1,-1,-0.01,-1,-1,-0.01,-1,-1,-0.01,-1,-1,-0.01,-1,-1,-0.01,-1,-1,-0.01,-1,-1,-0.01,-1,-1,-0.01,-1,-1
99926009,2026-05-18 09:55:06+05:30,52807.45,0,0.0,0,0.0,0.0,53282.15,53308.4,52799.95,53710.35,0,0.0,0.0,0.0,0.0,-0.01,-1,-1,-0.01,-1,-1,-0.01,-1,-1,-0.01,-1,-1,-0.01,-1,-1,-0.01,-1,-1,-0.01,-1,-1,-0.01,-1,-1,-0.01,-1,-1,-0.01,-1,-1
99926009,2026-05-18 09:55:07+05:30,52805.75,0,0.0,0,0.0,0.0,53282.15,53308.4,52799.95,53710.35,0,0.0,0.0,0.0,0.0,-0.01,-1,-1,-0.01,-1,-1,-0.01,-1,-1,-0.01,-1,-1,-0.01,-1,-1,-0.01,-1,-1,-0.01,-1,-1,-0.01,-1,-1,-0.01,-1,-1,-0.01,-1,-1
99926009,2026-05-18 09:55:07+05:30,52808.05,0,0.0,0,0.0,0.0,53282.15,53308.4,52799.95,53710.35,0,0.0,0.0,0.0,0.0,-0.01,-1,-1,-0.01,-1,-1,-0.01,-1,-1,-0.01,-1,-1,-0.01,-1,-1,-0.01,-1,-1,-0.01,-1,-1,-0.01,-1,-1,-0.01,-1,-1,-0.01,-1,-1
99926009,2026-05-18 09:55:08+05:30,52810.05,0,0.0,0,0.0,0.0,53282.15,53308.4,52799.95,53710.35,0,0.0,0.0,0.0,0.0,-0.01,-1,-1,-0.01,-1,-1,-0.01,-1,-1,-0.01,-1,-1,-0.01,-1,-1,-0.01,-1,-1,-0.01,-1,-1,-0.01,-1,-1,-0.01,-1,-1,-0.01,-1,-1
99926009,2026-05-18 09:55:08+05:30,52809.7,0,0.0,0,0.0,0.0,53282.15,53308.4,52799.95,53710.35,0,0.0,0.0,0.0,0.0,-0.01,-1,-1,-0.01,-1,-1,-0.01,-1,-1,-0.01,-1,-1,-0.01,-1,-1,-0.01,-1,-1,-0.01,-1,-1,-0.01,-1,-1,-0.01,-1,-1,-0.01,-1,-1
99926009,2026-05-18 09:55:09+05:30,52808.3,0,0.0,0,0.0,0.0,53282.15,53308.4,52799.95,53710.35,0,0.0,0.0,0.0,0.0,-0.01,-1,-1,-0.01,-1,-1,-0.01,-1,-1,-0.01,-1,-1,-0.01,-1,-1,-0.01,-1,-1,-0.01,-1,-1,-0.01,-1,-1,-0.01,-1,-1,-0.01,-1,-1
99926009,2026-05-18 09:55:09+05:30,52808.3,0,0.0,0,0.0,0.0,53282.15,53308.4,52799.95,53710.35,0,0.0,0.0,0.0,0.0,-0.01,-1,-1,-0.01,-1,-1,-0.01,-1,-1,-0.01,-1,-1,-0.01,-1,-1,-0.01,-1,-1,-0.01,-1,-1,-0.01,-1,-1,-0.01,-1,-1,-0.01,-1,-1
99926009,2026-05-18 09:55:10+05:30,52808.2,0,0.0,0,0.0,0.0,53282.15,53308.4,52799.95,53710.35,0,0.0,0.0,0.0,0.0,-0.01,-1,-1,-0.01,-1,-1,-0.01,-1,-1,-0.01,-1,-1,-0.01,-1,-1,-0.01,-1,-1,-0.01,-1,-1,-0.01,-1,-1,-0.01,-1,-1,-0.01,-1,-1
99926009,2026-05-18 09:55:10+05:30,52809.45,0,0.0,0,0.0,0.0,53282.15,53308.4,52799.95,53710.35,0,0.0,0.0,0.0,0.0,-0.01,-1,-1,-0.01,-1,-1,-0.01,-1,-1,-0.01,-1,-1,-0.01,-1,-1,-0.01,-1,-1,-0.01,-1,-1,-0.01,-1,-1,-0.01,-1,-1,-0.01,-1,-1
99926009,2026-05-18 09:55:11+05:30,52809.85,0,0.0,0,0.0,0.0,53282.15,53308.4,52799.95,53710.35,0,0.0,0.0,0.0,0.0,-0.01,-1,-1,-0.01,-1,-1,-0.01,-1,-1,-0.01,-1,-1,-0.01,-1,-1,-0.01,-1,-1,-0.01,-1,-1,-0.01,-1,-1,-0.01,-1,-1,-0.01,-1,-1
99926009,2026-05-18 09:55:11+05:30,52809.95,0,0.0,0,0.0,0.0,53282.15,53308.4,52799.95,53710.35,0,0.0,0.0,0.0,0.0,-0.01,-1,-1,-0.01,-1,-1,-0.01,-1,-1,-0.01,-1,-1,-0.01,-1,-1,-0.01,-1,-1,-0.01,-1,-1,-0.01,-1,-1,-0.01,-1,-1,-0.01,-1,-1
99926009,2026-05-18 09:55:12+05:30,52810.5,0,0.0,0,0.0,0.0,53282.15,53308.4,52799.95,53710.35,0,0.0,0.0,0.0,0.0,-0.01,-1,-1,-0.01,-1,-1,-0.01,-1,-1,-0.01,-1,-1,-0.01,-1,-1,-0.01,-1,-1,-0.01,-1,-1,-0.01,-1,-1,-0.01,-1,-1,-0.01,-1,-1
99926009,2026-05-18 09:55:12+05:30,52808.55,0,0.0,0,0.0,0.0,53282.15,53308.4,52799.95,53710.35,0,0.0,0.0,0.0,0.0,-0.01,-1,-1,-0.01,-1,-1,-0.01,-1,-1,-0.01,-1,-1,-0.01,-1,-1,-0.01,-1,-1,-0.01,-1,-1,-0.01,-1,-1,-0.01,-1,-1,-0.01,-1,-1
99926009,2026-05-18 09:55:13+05:30,52811.25,0,0.0,0,0.0,0.0,53282.15,53308.4,52799.95,53710.35,0,0.0,0.0,0.0,0.0,-0.01,-1,-1,-0.01,-1,-1,-0.01,-1,-1,-0.01,-1,-1,-0.01,-1,-1,-0.01,-1,-1,-0.01,-1,-1,-0.01,-1,-1,-0.01,-1,-1,-0.01,-1,-1
99926009,2026-05-18 09:55:13+05:30,52811.35,0,0.0,0,0.0,0.0,53282.15,53308.4,52799.95,53710.35,0,0.0,0.0,0.0,0.0,-0.01,-1,-1,-0.01,-1,-1,-0.01,-1,-1,-0.01,-1,-1,-0.01,-1,-1,-0.01,-1,-1,-0.01,-1,-1,-0.01,-1,-1,-0.01,-1,-1,-0.01,-1,-1
99926009,2026-05-18 09:55:14+05:30,52807.35,0,0.0,0,0.0,0.0,53282.15,53308.4,52799.95,53710.35,0,0.0,0.0,0.0,0.0,-0.01,-1,-1,-0.01,-1,-1,-0.01,-1,-1,-0.01,-1,-1,-0.01,-1,-1,-0.01,-1,-1,-0.01,-1,-1,-0.01,-1,-1,-0.01,-1,-1,-0.01,-1,-1
99926009,2026-05-18 09:55:14+05:30,52805.0,0,0.0,0,0.0,0.0,53282.15,53308.4,52799.95,53710.35,0,0.0,0.0,0.0,0.0,-0.01,-1,-1,-0.01,-1,-1,-0.01,-1,-1,-0.01,-1,-1,-0.01,-1,-1,-0.01,-1,-1,-0.01,-1,-1,-0.01,-1,-1,-0.01,-1,-1,-0.01,-1,-1
99926009,2026-05-18 09:55:15+05:30,52807.1,0,0.0,0,0.0,0.0,53282.15,53308.4,52799.95,53710.35,0,0.0,0.0,0.0,0.0,-0.01,-1,-1,-0.01,-1,-1,-0.01,-1,-1,-0.01,-1,-1,-0.01,-1,-1,-0.01,-1,-1,-0.01,-1,-1,-0.01,-1,-1,-0.01,-1,-1,-0.01,-1,-1
99926009,2026-05-18 09:55:15+05:30,52809.45,0,0.0,0,0.0,0.0,53282.15,53308.4,52799.95,53710.35,0,0.0,0.0,0.0,0.0,-0.01,-1,-1,-0.01,-1,-1,-0.01,-1,-1,-0.01,-1,-1,-0.01,-1,-1,-0.01,-1,-1,-0.01,-1,-1,-0.01,-1,-1,-0.01,-1,-1,-0.01,-1,-1
99926009,2026-05-18 09:55:16+05:30,52809.4,0,0.0,0,0.0,0.0,53282.15,53308.4,52799.95,53710.35,0,0.0,0.0,0.0,0.0,-0.01,-1,-1,-0.01,-1,-1,-0.01,-1,-1,-0.01,-1,-1,-0.01,-1,-1,-0.01,-1,-1,-0.01,-1,-1,-0.01,-1,-1,-0.01,-1,-1,-0.01,-1,-1
99926009,2026-05-18 09:55:16+05:30,52805.0,0,0.0,0,0.0,0.0,53282.15,53308.4,52799.95,53710.35,0,0.0,0.0,0.0,0.0,-0.01,-1,-1,-0.01,-1,-1,-0.01,-1,-1,-0.01,-1,-1,-0.01,-1,-1,-0.01,-1,-1,-0.01,-1,-1,-0.01,-1,-1,-0.01,-1,-1,-0.01,-1,-1
99926009,2026-05-18 09:55:17+05:30,52806.7,0,0.0,0,0.0,0.0,53282.15,53308.4,52799.95,53710.35,0,0.0,0.0,0.0,0.0,-0.01,-1,-1,-0.01,-1,-1,-0.01,-1,-1,-0.01,-1,-1,-0.01,-1,-1,-0.01,-1,-1,-0.01,-1,-1,-0.01,-1,-1,-0.01,-1,-1,-0.01,-1,-1
99926009,2026-05-18 09:55:17+05:30,52807.75,0,0.0,0,0.0,0.0,53282.15,53308.4,52799.95,53710.35,0,0.0,0.0,0.0,0.0,-0.01,-1,-1,-0.01,-1,-1,-0.01,-1,-1,-0.01,-1,-1,-0.01,-1,-1,-0.01,-1,-1,-0.01,-1,-1,-0.01,-1,-1,-0.01,-1,-1,-0.01,-1,-1
99926009,2026-05-18 09:55:18+05:30,52807.05,0,0.0,0,0.0,0.0,53282.15,53308.4,52799.95,53710.35,0,0.0,0.0,0.0,0.0,-0.01,-1,-1,-0.01,-1,-1,-0.01,-1,-1,-0.01,-1,-1,-0.01,-1,-1,-0.01,-1,-1,-0.01,-1,-1,-0.01,-1,-1,-0.01,-1,-1,-0.01,-1,-1
99926009,2026-05-18 09:55:18+05:30,52805.45,0,0.0,0,0.0,0.0,53282.15,53308.4,52799.95,53710.35,0,0.0,0.0,0.0,0.0,-0.01,-1,-1,-0.01,-1,-1,-0.01,-1,-1,-0.01,-1,-1,-0.01,-1,-1,-0.01,-1,-1,-0.01,-1,-1,-0.01,-1,-1,-0.01,-1,-1,-0.01,-1,-1
99926009,2026-05-18 09:55:19+05:30,52805.0,0,0.0,0,0.0,0.0,53282.15,53308.4,52799.95,53710.35,0,0.0,0.0,0.0,0.0,-0.01,-1,-1,-0.01,-1,-1,-0.01,-1,-1,-0.01,-1,-1,-0.01,-1,-1,-0.01,-1,-1,-0.01,-1,-1,-0.01,-1,-1,-0.01,-1,-1,-0.01,-1,-1
99926009,2026-05-18 09:55:19+05:30,52803.4,0,0.0,0,0.0,0.0,53282.15,53308.4,52799.95,53710.35,0,0.0,0.0,0.0,0.0,-0.01,-1,-1,-0.01,-1,-1,-0.01,-1,-1,-0.01,-1,-1,-0.01,-1,-1,-0.01,-1,-1,-0.01,-1,-1,-0.01,-1,-1,-0.01,-1,-1,-0.01,-1,-1
99926009,2026-05-18 09:55:20+05:30,52799.9,0,0.0,0,0.0,0.0,53282.15,53308.4,52799.9,53710.35,0,0.0,0.0,0.0,0.0,-0.01,-1,-1,-0.01,-1,-1,-0.01,-1,-1,-0.01,-1,-1,-0.01,-1,-1,-0.01,-1,-1,-0.01,-1,-1,-0.01,-1,-1,-0.01,-1,-1,-0.01,-1,-1
99926009,2026-05-18 09:55:20+05:30,52805.5,0,0.0,0,0.0,0.0,53282.15,53308.4,52799.4,53710.35,0,0.0,0.0,0.0,0.0,-0.01,-1,-1,-0.01,-1,-1,-0.01,-1,-1,-0.01,-1,-1,-0.01,-1,-1,-0.01,-1,-1,-0.01,-1,-1,-0.01,-1,-1,-0.01,-1,-1,-0.01,-1,-1
99926009,2026-05-18 09:55:21+05:30,52804.35,0,0.0,0,0.0,0.0,53282.15,53308.4,52799.4,53710.35,0,0.0,0.0,0.0,0.0,-0.01,-1,-1,-0.01,-1,-1,-0.01,-1,-1,-0.01,-1,-1,-0.01,-1,-1,-0.01,-1,-1,-0.01,-1,-1,-0.01,-1,-1,-0.01,-1,-1,-0.01,-1,-1
99926009,2026-05-18 09:55:21+05:30,52807.2,0,0.0,0,0.0,0.0,53282.15,53308.4,52799.4,53710.35,0,0.0,0.0,0.0,0.0,-0.01,-1,-1,-0.01,-1,-1,-0.01,-1,-1,-0.01,-1,-1,-0.01,-1,-1,-0.01,-1,-1,-0.01,-1,-1,-0.01,-1,-1,-0.01,-1,-1,-0.01,-1,-1
99926009,2026-05-18 09:55:22+05:30,52803.45,0,0.0,0,0.0,0.0,53282.15,53308.4,52799.4,53710.35,0,0.0,0.0,0.0,0.0,-0.01,-1,-1,-0.01,-1,-1,-0.01,-1,-1,-0.01,-1,-1,-0.01,-1,-1,-0.01,-1,-1,-0.01,-1,-1,-0.01,-1,-1,-0.01,-1,-1,-0.01,-1,-1
99926009,2026-05-18 09:55:22+05:30,52802.7,0,0.0,0,0.0,0.0,53282.15,53308.4,52799.4,53710.35,0,0.0,0.0,0.0,0.0,-0.01,-1,-1,-0.01,-1,-1,-0.01,-1,-1,-0.01,-1,-1,-0.01,-1,-1,-0.01,-1,-1,-0.01,-1,-1,-0.01,-1,-1,-0.01,-1,-1,-0.01,-1,-1
99926009,2026-05-18 09:55:23+05:30,52804.65,0,0.0,0,0.0,0.0,53282.15,53308.4,52799.4,53710.35,0,0.0,0.0,0.0,0.0,-0.01,-1,-1,-0.01,-1,-1,-0.01,-1,-1,-0.01,-1,-1,-0.01,-1,-1,-0.01,-1,-1,-0.01,-1,-1,-0.01,-1,-1,-0.01,-1,-1,-0.01,-1,-1
99926009,2026-05-18 09:55:23+05:30,52803.6,0,0.0,0,0.0,0.0,53282.15,53308.4,52799.4,53710.35,0,0.0,0.0,0.0,0.0,-0.01,-1,-1,-0.01,-1,-1,-0.01,-1,-1,-0.01,-1,-1,-0.01,-1,-1,-0.01,-1,-1,-0.01,-1,-1,-0.01,-1,-1,-0.01,-1,-1,-0.01,-1,-1
99926009,2026-05-18 09:55:24+05:30,52804.75,0,0.0,0,0.0,0.0,53282.15,53308.4,52799.4,53710.35,0,0.0,0.0,0.0,0.0,-0.01,-1,-1,-0.01,-1,-1,-0.01,-1,-1,-0.01,-1,-1,-0.01,-1,-1,-0.01,-1,-1,-0.01,-1,-1,-0.01,-1,-1,-0.01,-1,-1,-0.01,-1,-1
99926009,2026-05-18 09:55:24+05:30,52806.2,0,0.0,0,0.0,0.0,53282.15,53308.4,52799.4,53710.35,0,0.0,0.0,0.0,0.0,-0.01,-1,-1,-0.01,-1,-1,-0.01,-1,-1,-0.01,-1,-1,-0.01,-1,-1,-0.01,-1,-1,-0.01,-1,-1,-0.01,-1,-1,-0.01,-1,-1,-0.01,-1,-1
99926009,2026-05-18 09:55:25+05:30,52804.95,0,0.0,0,0.0,0.0,53282.15,53308.4,52799.4,53710.35,0,0.0,0.0,0.0,0.0,-0.01,-1,-1,-0.01,-1,-1,-0.01,-1,-1,-0.01,-1,-1,-0.01,-1,-1,-0.01,-1,-1,-0.01,-1,-1,-0.01,-1,-1,-0.01,-1,-1,-0.01,-1,-1
99926009,2026-05-18 09:55:25+05:30,52804.0,0,0.0,0,0.0,0.0,53282.15,53308.4,52799.4,53710.35,0,0.0,0.0,0.0,0.0,-0.01,-1,-1,-0.01,-1,-1,-0.01,-1,-1,-0.01,-1,-1,-0.01,-1,-1,-0.01,-1,-1,-0.01,-1,-1,-0.01,-1,-1,-0.01,-1,-1,-0.01,-1,-1
99926009,2026-05-18 09:55:26+05:30,52801.9,0,0.0,0,0.0,0.0,53282.15,53308.4,52799.4,53710.35,0,0.0,0.0,0.0,0.0,-0.01,-1,-1,-0.01,-1,-1,-0.01,-1,-1,-0.01,-1,-1,-0.01,-1,-1,-0.01,-1,-1,-0.01,-1,-1,-0.01,-1,-1,-0.01,-1,-1,-0.01,-1,-1
99926009,2026-05-18 09:55:26+05:30,52801.8,0,0.0,0,0.0,0.0,53282.15,53308.4,52798.6,53710.35,0,0.0,0.0,0.0,0.0,-0.01,-1,-1,-0.01,-1,-1,-0.01,-1,-1,-0.01,-1,-1,-0.01,-1,-1,-0.01,-1,-1,-0.01,-1,-1,-0.01,-1,-1,-0.01,-1,-1,-0.01,-1,-1
99926009,2026-05-18 09:55:27+05:30,52800.9,0,0.0,0,0.0,0.0,53282.15,53308.4,52798.6,53710.35,0,0.0,0.0,0.0,0.0,-0.01,-1,-1,-0.01,-1,-1,-0.01,-1,-1,-0.01,-1,-1,-0.01,-1,-1,-0.01,-1,-1,-0.01,-1,-1,-0.01,-1,-1,-0.01,-1,-1,-0.01,-1,-1
99926009,2026-05-18 09:55:27+05:30,52802.7,0,0.0,0,0.0,0.0,53282.15,53308.4,52798.6,53710.35,0,0.0,0.0,0.0,0.0,-0.01,-1,-1,-0.01,-1,-1,-0.01,-1,-1,-0.01,-1,-1,-0.01,-1,-1,-0.01,-1,-1,-0.01,-1,-1,-0.01,-1,-1,-0.01,-1,-1,-0.01,-1,-1
99926009,2026-05-18 09:55:28+05:30,52803.2,0,0.0,0,0.0,0.0,53282.15,53308.4,52798.6,53710.35,0,0.0,0.0,0.0,0.0,-0.01,-1,-1,-0.01,-1,-1,-0.01,-1,-1,-0.01,-1,-1,-0.01,-1,-1,-0.01,-1,-1,-0.01,-1,-1,-0.01,-1,-1,-0.01,-1,-1,-0.01,-1,-1
99926009,2026-05-18 09:55:28+05:30,52802.25,0,0.0,0,0.0,0.0,53282.15,53308.4,52798.6,53710.35,0,0.0,0.0,0.0,0.0,-0.01,-1,-1,-0.01,-1,-1,-0.01,-1,-1,-0.01,-1,-1,-0.01,-1,-1,-0.01,-1,-1,-0.01,-1,-1,-0.01,-1,-1,-0.01,-1,-1,-0.01,-1,-1
99926009,2026-05-18 09:55:29+05:30,52800.25,0,0.0,0,0.0,0.0,53282.15,53308.4,52798.6,53710.35,0,0.0,0.0,0.0,0.0,-0.01,-1,-1,-0.01,-1,-1,-0.01,-1,-1,-0.01,-1,-1,-0.01,-1,-1,-0.01,-1,-1,-0.01,-1,-1,-0.01,-1,-1,-0.01,-1,-1,-0.01,-1,-1
99926009,2026-05-18 09:55:29+05:30,52795.3,0,0.0,0,0.0,0.0,53282.15,53308.4,52794.75,53710.35,0,0.0,0.0,0.0,0.0,-0.01,-1,-1,-0.01,-1,-1,-0.01,-1,-1,-0.01,-1,-1,-0.01,-1,-1,-0.01,-1,-1,-0.01,-1,-1,-0.01,-1,-1,-0.01,-1,-1,-0.01,-1,-1
99926009,2026-05-18 09:55:30+05:30,52792.85,0,0.0,0,0.0,0.0,53282.15,53308.4,52792.85,53710.35,0,0.0,0.0,0.0,0.0,-0.01,-1,-1,-0.01,-1,-1,-0.01,-1,-1,-0.01,-1,-1,-0.01,-1,-1,-0.01,-1,-1,-0.01,-1,-1,-0.01,-1,-1,-0.01,-1,-1,-0.01,-1,-1
99926009,2026-05-18 09:55:30+05:30,52796.35,0,0.0,0,0.0,0.0,53282.15,53308.4,52792.85,53710.35,0,0.0,0.0,0.0,0.0,-0.01,-1,-1,-0.01,-1,-1,-0.01,-1,-1,-0.01,-1,-1,-0.01,-1,-1,-0.01,-1,-1,-0.01,-1,-1,-0.01,-1,-1,-0.01,-1,-1,-0.01,-1,-1
99926009,2026-05-18 09:55:31+05:30,52795.1,0,0.0,0,0.0,0.0,53282.15,53308.4,52792.85,53710.35,0,0.0,0.0,0.0,0.0,-0.01,-1,-1,-0.01,-1,-1,-0.01,-1,-1,-0.01,-1,-1,-0.01,-1,-1,-0.01,-1,-1,-0.01,-1,-1,-0.01,-1,-1,-0.01,-1,-1,-0.01,-1,-1
99926009,2026-05-18 09:55:31+05:30,52794.8,0,0.0,0,0.0,0.0,53282.15,53308.4,52792.85,53710.35,0,0.0,0.0,0.0,0.0,-0.01,-1,-1,-0.01,-1,-1,-0.01,-1,-1,-0.01,-1,-1,-0.01,-1,-1,-0.01,-1,-1,-0.01,-1,-1,-0.01,-1,-1,-0.01,-1,-1,-0.01,-1,-1
99926009,2026-05-18 09:55:32+05:30,52793.75,0,0.0,0,0.0,0.0,53282.15,53308.4,52792.85,53710.35,0,0.0,0.0,0.0,0.0,-0.01,-1,-1,-0.01,-1,-1,-0.01,-1,-1,-0.01,-1,-1,-0.01,-1,-1,-0.01,-1,-1,-0.01,-1,-1,-0.01,-1,-1,-0.01,-1,-1,-0.01,-1,-1
99926009,2026-05-18 09:55:32+05:30,52792.9,0,0.0,0,0.0,0.0,53282.15,53308.4,52792.25,53710.35,0,0.0,0.0,0.0,0.0,-0.01,-1,-1,-0.01,-1,-1,-0.01,-1,-1,-0.01,-1,-1,-0.01,-1,-1,-0.01,-1,-1,-0.01,-1,-1,-0.01,-1,-1,-0.01,-1,-1,-0.01,-1,-1
99926009,2026-05-18 09:55:33+05:30,52794.35,0,0.0,0,0.0,0.0,53282.15,53308.4,52790.25,53710.35,0,0.0,0.0,0.0,0.0,-0.01,-1,-1,-0.01,-1,-1,-0.01,-1,-1,-0.01,-1,-1,-0.01,-1,-1,-0.01,-1,-1,-0.01,-1,-1,-0.01,-1,-1,-0.01,-1,-1,-0.01,-1,-1
99926009,2026-05-18 09:55:33+05:30,52793.35,0,0.0,0,0.0,0.0,53282.15,53308.4,52790.25,53710.35,0,0.0,0.0,0.0,0.0,-0.01,-1,-1,-0.01,-1,-1,-0.01,-1,-1,-0.01,-1,-1,-0.01,-1,-1,-0.01,-1,-1,-0.01,-1,-1,-0.01,-1,-1,-0.01,-1,-1,-0.01,-1,-1
99926009,2026-05-18 09:55:34+05:30,52794.2,0,0.0,0,0.0,0.0,53282.15,53308.4,52790.25,53710.35,0,0.0,0.0,0.0,0.0,-0.01,-1,-1,-0.01,-1,-1,-0.01,-1,-1,-0.01,-1,-1,-0.01,-1,-1,-0.01,-1,-1,-0.01,-1,-1,-0.01,-1,-1,-0.01,-1,-1,-0.01,-1,-1
99926009,2026-05-18 09:55:34+05:30,52789.55,0,0.0,0,0.0,0.0,53282.15,53308.4,52789.55,53710.35,0,0.0,0.0,0.0,0.0,-0.01,-1,-1,-0.01,-1,-1,-0.01,-1,-1,-0.01,-1,-1,-0.01,-1,-1,-0.01,-1,-1,-0.01,-1,-1,-0.01,-1,-1,-0.01,-1,-1,-0.01,-1,-1
99926009,2026-05-18 09:55:35+05:30,52789.0,0,0.0,0,0.0,0.0,53282.15,53308.4,52789.0,53710.35,0,0.0,0.0,0.0,0.0,-0.01,-1,-1,-0.01,-1,-1,-0.01,-1,-1,-0.01,-1,-1,-0.01,-1,-1,-0.01,-1,-1,-0.01,-1,-1,-0.01,-1,-1,-0.01,-1,-1,-0.01,-1,-1
99926009,2026-05-18 09:55:35+05:30,52795.75,0,0.0,0,0.0,0.0,53282.15,53308.4,52789.0,53710.35,0,0.0,0.0,0.0,0.0,-0.01,-1,-1,-0.01,-1,-1,-0.01,-1,-1,-0.01,-1,-1,-0.01,-1,-1,-0.01,-1,-1,-0.01,-1,-1,-0.01,-1,-1,-0.01,-1,-1,-0.01,-1,-1
99926009,2026-05-18 09:55:36+05:30,52795.3,0,0.0,0,0.0,0.0,53282.15,53308.4,52789.0,53710.35,0,0.0,0.0,0.0,0.0,-0.01,-1,-1,-0.01,-1,-1,-0.01,-1,-1,-0.01,-1,-1,-0.01,-1,-1,-0.01,-1,-1,-0.01,-1,-1,-0.01,-1,-1,-0.01,-1,-1,-0.01,-1,-1
99926009,2026-05-18 09:55:36+05:30,52794.7,0,0.0,0,0.0,0.0,53282.15,53308.4,52789.0,53710.35,0,0.0,0.0,0.0,0.0,-0.01,-1,-1,-0.01,-1,-1,-0.01,-1,-1,-0.01,-1,-1,-0.01,-1,-1,-0.01,-1,-1,-0.01,-1,-1,-0.01,-1,-1,-0.01,-1,-1,-0.01,-1,-1
99926009,2026-05-18 09:55:37+05:30,52793.65,0,0.0,0,0.0,0.0,53282.15,53308.4,52789.0,53710.35,0,0.0,0.0,0.0,0.0,-0.01,-1,-1,-0.01,-1,-1,-0.01,-1,-1,-0.01,-1,-1,-0.01,-1,-1,-0.01,-1,-1,-0.01,-1,-1,-0.01,-1,-1,-0.01,-1,-1,-0.01,-1,-1
99926009,2026-05-18 09:55:37+05:30,52795.55,0,0.0,0,0.0,0.0,53282.15,53308.4,52789.0,53710.35,0,0.0,0.0,0.0,0.0,-0.01,-1,-1,-0.01,-1,-1,-0.01,-1,-1,-0.01,-1,-1,-0.01,-1,-1,-0.01,-1,-1,-0.01,-1,-1,-0.01,-1,-1,-0.01,-1,-1,-0.01,-1,-1
99926009,2026-05-18 09:55:38+05:30,52795.5,0,0.0,0,0.0,0.0,53282.15,53308.4,52789.0,53710.35,0,0.0,0.0,0.0,0.0,-0.01,-1,-1,-0.01,-1,-1,-0.01,-1,-1,-0.01,-1,-1,-0.01,-1,-1,-0.01,-1,-1,-0.01,-1,-1,-0.01,-1,-1,-0.01,-1,-1,-0.01,-1,-1
99926009,2026-05-18 09:55:38+05:30,52794.9,0,0.0,0,0.0,0.0,53282.15,53308.4,52789.0,53710.35,0,0.0,0.0,0.0,0.0,-0.01,-1,-1,-0.01,-1,-1,-0.01,-1,-1,-0.01,-1,-1,-0.01,-1,-1,-0.01,-1,-1,-0.01,-1,-1,-0.01,-1,-1,-0.01,-1,-1,-0.01,-1,-1
99926009,2026-05-18 09:55:39+05:30,52788.25,0,0.0,0,0.0,0.0,53282.15,53308.4,52788.25,53710.35,0,0.0,0.0,0.0,0.0,-0.01,-1,-1,-0.01,-1,-1,-0.01,-1,-1,-0.01,-1,-1,-0.01,-1,-1,-0.01,-1,-1,-0.01,-1,-1,-0.01,-1,-1,-0.01,-1,-1,-0.01,-1,-1
99926009,2026-05-18 09:55:39+05:30,52789.6,0,0.0,0,0.0,0.0,53282.15,53308.4,52787.75,53710.35,0,0.0,0.0,0.0,0.0,-0.01,-1,-1,-0.01,-1,-1,-0.01,-1,-1,-0.01,-1,-1,-0.01,-1,-1,-0.01,-1,-1,-0.01,-1,-1,-0.01,-1,-1,-0.01,-1,-1,-0.01,-1,-1
99926009,2026-05-18 09:55:40+05:30,52788.45,0,0.0,0,0.0,0.0,53282.15,53308.4,52786.8,53710.35,0,0.0,0.0,0.0,0.0,-0.01,-1,-1,-0.01,-1,-1,-0.01,-1,-1,-0.01,-1,-1,-0.01,-1,-1,-0.01,-1,-1,-0.01,-1,-1,-0.01,-1,-1,-0.01,-1,-1,-0.01,-1,-1
99926009,2026-05-18 09:55:40+05:30,52789.8,0,0.0,0,0.0,0.0,53282.15,53308.4,52786.8,53710.35,0,0.0,0.0,0.0,0.0,-0.01,-1,-1,-0.01,-1,-1,-0.01,-1,-1,-0.01,-1,-1,-0.01,-1,-1,-0.01,-1,-1,-0.01,-1,-1,-0.01,-1,-1,-0.01,-1,-1,-0.01,-1,-1
99926009,2026-05-18 09:55:41+05:30,52787.55,0,0.0,0,0.0,0.0,53282.15,53308.4,52785.65,53710.35,0,0.0,0.0,0.0,0.0,-0.01,-1,-1,-0.01,-1,-1,-0.01,-1,-1,-0.01,-1,-1,-0.01,-1,-1,-0.01,-1,-1,-0.01,-1,-1,-0.01,-1,-1,-0.01,-1,-1,-0.01,-1,-1
99926009,2026-05-18 09:55:41+05:30,52787.1,0,0.0,0,0.0,0.0,53282.15,53308.4,52785.4,53710.35,0,0.0,0.0,0.0,0.0,-0.01,-1,-1,-0.01,-1,-1,-0.01,-1,-1,-0.01,-1,-1,-0.01,-1,-1,-0.01,-1,-1,-0.01,-1,-1,-0.01,-1,-1,-0.01,-1,-1,-0.01,-1,-1
99926009,2026-05-18 09:55:42+05:30,52786.75,0,0.0,0,0.0,0.0,53282.15,53308.4,52784.75,53710.35,0,0.0,0.0,0.0,0.0,-0.01,-1,-1,-0.01,-1,-1,-0.01,-1,-1,-0.01,-1,-1,-0.01,-1,-1,-0.01,-1,-1,-0.01,-1,-1,-0.01,-1,-1,-0.01,-1,-1,-0.01,-1,-1
99926009,2026-05-18 09:55:42+05:30,52784.35,0,0.0,0,0.0,0.0,53282.15,53308.4,52783.45,53710.35,0,0.0,0.0,0.0,0.0,-0.01,-1,-1,-0.01,-1,-1,-0.01,-1,-1,-0.01,-1,-1,-0.01,-1,-1,-0.01,-1,-1,-0.01,-1,-1,-0.01,-1,-1,-0.01,-1,-1,-0.01,-1,-1
99926009,2026-05-18 09:55:43+05:30,52787.15,0,0.0,0,0.0,0.0,53282.15,53308.4,52783.45,53710.35,0,0.0,0.0,0.0,0.0,-0.01,-1,-1,-0.01,-1,-1,-0.01,-1,-1,-0.01,-1,-1,-0.01,-1,-1,-0.01,-1,-1,-0.01,-1,-1,-0.01,-1,-1,-0.01,-1,-1,-0.01,-1,-1
99926009,2026-05-18 09:55:43+05:30,52785.1,0,0.0,0,0.0,0.0,53282.15,53308.4,52783.45,53710.35,0,0.0,0.0,0.0,0.0,-0.01,-1,-1,-0.01,-1,-1,-0.01,-1,-1,-0.01,-1,-1,-0.01,-1,-1,-0.01,-1,-1,-0.01,-1,-1,-0.01,-1,-1,-0.01,-1,-1,-0.01,-1,-1
99926009,2026-05-18 09:55:44+05:30,52784.45,0,0.0,0,0.0,0.0,53282.15,53308.4,52783.45,53710.35,0,0.0,0.0,0.0,0.0,-0.01,-1,-1,-0.01,-1,-1,-0.01,-1,-1,-0.01,-1,-1,-0.01,-1,-1,-0.01,-1,-1,-0.01,-1,-1,-0.01,-1,-1,-0.01,-1,-1,-0.01,-1,-1
99926009,2026-05-18 09:55:44+05:30,52785.4,0,0.0,0,0.0,0.0,53282.15,53308.4,52783.45,53710.35,0,0.0,0.0,0.0,0.0,-0.01,-1,-1,-0.01,-1,-1,-0.01,-1,-1,-0.01,-1,-1,-0.01,-1,-1,-0.01,-1,-1,-0.01,-1,-1,-0.01,-1,-1,-0.01,-1,-1,-0.01,-1,-1
99926009,2026-05-18 09:55:45+05:30,52784.65,0,0.0,0,0.0,0.0,53282.15,53308.4,52783.45,53710.35,0,0.0,0.0,0.0,0.0,-0.01,-1,-1,-0.01,-1,-1,-0.01,-1,-1,-0.01,-1,-1,-0.01,-1,-1,-0.01,-1,-1,-0.01,-1,-1,-0.01,-1,-1,-0.01,-1,-1,-0.01,-1,-1
99926009,2026-05-18 09:55:45+05:30,52786.3,0,0.0,0,0.0,0.0,53282.15,53308.4,52783.45,53710.35,0,0.0,0.0,0.0,0.0,-0.01,-1,-1,-0.01,-1,-1,-0.01,-1,-1,-0.01,-1,-1,-0.01,-1,-1,-0.01,-1,-1,-0.01,-1,-1,-0.01,-1,-1,-0.01,-1,-1,-0.01,-1,-1
99926009,2026-05-18 09:55:46+05:30,52789.7,0,0.0,0,0.0,0.0,53282.15,53308.4,52783.45,53710.35,0,0.0,0.0,0.0,0.0,-0.01,-1,-1,-0.01,-1,-1,-0.01,-1,-1,-0.01,-1,-1,-0.01,-1,-1,-0.01,-1,-1,-0.01,-1,-1,-0.01,-1,-1,-0.01,-1,-1,-0.01,-1,-1
99926009,2026-05-18 09:55:46+05:30,52789.95,0,0.0,0,0.0,0.0,53282.15,53308.4,52783.45,53710.35,0,0.0,0.0,0.0,0.0,-0.01,-1,-1,-0.01,-1,-1,-0.01,-1,-1,-0.01,-1,-1,-0.01,-1,-1,-0.01,-1,-1,-0.01,-1,-1,-0.01,-1,-1,-0.01,-1,-1,-0.01,-1,-1
99926009,2026-05-18 09:55:47+05:30,52789.3,0,0.0,0,0.0,0.0,53282.15,53308.4,52783.45,53710.35,0,0.0,0.0,0.0,0.0,-0.01,-1,-1,-0.01,-1,-1,-0.01,-1,-1,-0.01,-1,-1,-0.01,-1,-1,-0.01,-1,-1,-0.01,-1,-1,-0.01,-1,-1,-0.01,-1,-1,-0.01,-1,-1
99926009,2026-05-18 09:55:47+05:30,52788.6,0,0.0,0,0.0,0.0,53282.15,53308.4,52783.45,53710.35,0,0.0,0.0,0.0,0.0,-0.01,-1,-1,-0.01,-1,-1,-0.01,-1,-1,-0.01,-1,-1,-0.01,-1,-1,-0.01,-1,-1,-0.01,-1,-1,-0.01,-1,-1,-0.01,-1,-1,-0.01,-1,-1
99926009,2026-05-18 09:55:48+05:30,52790.75,0,0.0,0,0.0,0.0,53282.15,53308.4,52783.45,53710.35,0,0.0,0.0,0.0,0.0,-0.01,-1,-1,-0.01,-1,-1,-0.01,-1,-1,-0.01,-1,-1,-0.01,-1,-1,-0.01,-1,-1,-0.01,-1,-1,-0.01,-1,-1,-0.01,-1,-1,-0.01,-1,-1
99926009,2026-05-18 09:55:48+05:30,52795.3,0,0.0,0,0.0,0.0,53282.15,53308.4,52783.45,53710.35,0,0.0,0.0,0.0,0.0,-0.01,-1,-1,-0.01,-1,-1,-0.01,-1,-1,-0.01,-1,-1,-0.01,-1,-1,-0.01,-1,-1,-0.01,-1,-1,-0.01,-1,-1,-0.01,-1,-1,-0.01,-1,-1
99926009,2026-05-18 09:55:49+05:30,52797.3,0,0.0,0,0.0,0.0,53282.15,53308.4,52783.45,53710.35,0,0.0,0.0,0.0,0.0,-0.01,-1,-1,-0.01,-1,-1,-0.01,-1,-1,-0.01,-1,-1,-0.01,-1,-1,-0.01,-1,-1,-0.01,-1,-1,-0.01,-1,-1,-0.01,-1,-1,-0.01,-1,-1
99926009,2026-05-18 09:55:49+05:30,52798.15,0,0.0,0,0.0,0.0,53282.15,53308.4,52783.45,53710.35,0,0.0,0.0,0.0,0.0,-0.01,-1,-1,-0.01,-1,-1,-0.01,-1,-1,-0.01,-1,-1,-0.01,-1,-1,-0.01,-1,-1,-0.01,-1,-1,-0.01,-1,-1,-0.01,-1,-1,-0.01,-1,-1
99926009,2026-05-18 09:55:50+05:30,52799.75,0,0.0,0,0.0,0.0,53282.15,53308.4,52783.45,53710.35,0,0.0,0.0,0.0,0.0,-0.01,-1,-1,-0.01,-1,-1,-0.01,-1,-1,-0.01,-1,-1,-0.01,-1,-1,-0.01,-1,-1,-0.01,-1,-1,-0.01,-1,-1,-0.01,-1,-1,-0.01,-1,-1
99926009,2026-05-18 09:55:50+05:30,52804.05,0,0.0,0,0.0,0.0,53282.15,53308.4,52783.45,53710.35,0,0.0,0.0,0.0,0.0,-0.01,-1,-1,-0.01,-1,-1,-0.01,-1,-1,-0.01,-1,-1,-0.01,-1,-1,-0.01,-1,-1,-0.01,-1,-1,-0.01,-1,-1,-0.01,-1,-1,-0.01,-1,-1
99926009,2026-05-18 09:55:51+05:30,52805.35,0,0.0,0,0.0,0.0,53282.15,53308.4,52783.45,53710.35,0,0.0,0.0,0.0,0.0,-0.01,-1,-1,-0.01,-1,-1,-0.01,-1,-1,-0.01,-1,-1,-0.01,-1,-1,-0.01,-1,-1,-0.01,-1,-1,-0.01,-1,-1,-0.01,-1,-1,-0.01,-1,-1
99926009,2026-05-18 09:55:51+05:30,52810.7,0,0.0,0,0.0,0.0,53282.15,53308.4,52783.45,53710.35,0,0.0,0.0,0.0,0.0,-0.01,-1,-1,-0.01,-1,-1,-0.01,-1,-1,-0.01,-1,-1,-0.01,-1,-1,-0.01,-1,-1,-0.01,-1,-1,-0.01,-1,-1,-0.01,-1,-1,-0.01,-1,-1
99926009,2026-05-18 09:55:52+05:30,52812.0,0,0.0,0,0.0,0.0,53282.15,53308.4,52783.45,53710.35,0,0.0,0.0,0.0,0.0,-0.01,-1,-1,-0.01,-1,-1,-0.01,-1,-1,-0.01,-1,-1,-0.01,-1,-1,-0.01,-1,-1,-0.01,-1,-1,-0.01,-1,-1,-0.01,-1,-1,-0.01,-1,-1
99926009,2026-05-18 09:55:52+05:30,52809.95,0,0.0,0,0.0,0.0,53282.15,53308.4,52783.45,53710.35,0,0.0,0.0,0.0,0.0,-0.01,-1,-1,-0.01,-1,-1,-0.01,-1,-1,-0.01,-1,-1,-0.01,-1,-1,-0.01,-1,-1,-0.01,-1,-1,-0.01,-1,-1,-0.01,-1,-1,-0.01,-1,-1
99926009,2026-05-18 09:55:53+05:30,52812.85,0,0.0,0,0.0,0.0,53282.15,53308.4,52783.45,53710.35,0,0.0,0.0,0.0,0.0,-0.01,-1,-1,-0.01,-1,-1,-0.01,-1,-1,-0.01,-1,-1,-0.01,-1,-1,-0.01,-1,-1,-0.01,-1,-1,-0.01,-1,-1,-0.01,-1,-1,-0.01,-1,-1
99926009,2026-05-18 09:55:53+05:30,52812.65,0,0.0,0,0.0,0.0,53282.15,53308.4,52783.45,53710.35,0,0.0,0.0,0.0,0.0,-0.01,-1,-1,-0.01,-1,-1,-0.01,-1,-1,-0.01,-1,-1,-0.01,-1,-1,-0.01,-1,-1,-0.01,-1,-1,-0.01,-1,-1,-0.01,-1,-1,-0.01,-1,-1
99926009,2026-05-18 09:55:54+05:30,52814.4,0,0.0,0,0.0,0.0,53282.15,53308.4,52783.45,53710.35,0,0.0,0.0,0.0,0.0,-0.01,-1,-1,-0.01,-1,-1,-0.01,-1,-1,-0.01,-1,-1,-0.01,-1,-1,-0.01,-1,-1,-0.01,-1,-1,-0.01,-1,-1,-0.01,-1,-1,-0.01,-1,-1
99926009,2026-05-18 09:55:54+05:30,52810.3,0,0.0,0,0.0,0.0,53282.15,53308.4,52783.45,53710.35,0,0.0,0.0,0.0,0.0,-0.01,-1,-1,-0.01,-1,-1,-0.01,-1,-1,-0.01,-1,-1,-0.01,-1,-1,-0.01,-1,-1,-0.01,-1,-1,-0.01,-1,-1,-0.01,-1,-1,-0.01,-1,-1
99926009,2026-05-18 09:55:55+05:30,52813.8,0,0.0,0,0.0,0.0,53282.15,53308.4,52783.45,53710.35,0,0.0,0.0,0.0,0.0,-0.01,-1,-1,-0.01,-1,-1,-0.01,-1,-1,-0.01,-1,-1,-0.01,-1,-1,-0.01,-1,-1,-0.01,-1,-1,-0.01,-1,-1,-0.01,-1,-1,-0.01,-1,-1
99926009,2026-05-18 09:55:55+05:30,52811.9,0,0.0,0,0.0,0.0,53282.15,53308.4,52783.45,53710.35,0,0.0,0.0,0.0,0.0,-0.01,-1,-1,-0.01,-1,-1,-0.01,-1,-1,-0.01,-1,-1,-0.01,-1,-1,-0.01,-1,-1,-0.01,-1,-1,-0.01,-1,-1,-0.01,-1,-1,-0.01,-1,-1
99926009,2026-05-18 09:55:56+05:30,52811.1,0,0.0,0,0.0,0.0,53282.15,53308.4,52783.45,53710.35,0,0.0,0.0,0.0,0.0,-0.01,-1,-1,-0.01,-1,-1,-0.01,-1,-1,-0.01,-1,-1,-0.01,-1,-1,-0.01,-1,-1,-0.01,-1,-1,-0.01,-1,-1,-0.01,-1,-1,-0.01,-1,-1
99926009,2026-05-18 09:55:56+05:30,52819.8,0,0.0,0,0.0,0.0,53282.15,53308.4,52783.45,53710.35,0,0.0,0.0,0.0,0.0,-0.01,-1,-1,-0.01,-1,-1,-0.01,-1,-1,-0.01,-1,-1,-0.01,-1,-1,-0.01,-1,-1,-0.01,-1,-1,-0.01,-1,-1,-0.01,-1,-1,-0.01,-1,-1
99926009,2026-05-18 09:55:57+05:30,52816.75,0,0.0,0,0.0,0.0,53282.15,53308.4,52783.45,53710.35,0,0.0,0.0,0.0,0.0,-0.01,-1,-1,-0.01,-1,-1,-0.01,-1,-1,-0.01,-1,-1,-0.01,-1,-1,-0.01,-1,-1,-0.01,-1,-1,-0.01,-1,-1,-0.01,-1,-1,-0.01,-1,-1
99926009,2026-05-18 09:55:57+05:30,52818.3,0,0.0,0,0.0,0.0,53282.15,53308.4,52783.45,53710.35,0,0.0,0.0,0.0,0.0,-0.01,-1,-1,-0.01,-1,-1,-0.01,-1,-1,-0.01,-1,-1,-0.01,-1,-1,-0.01,-1,-1,-0.01,-1,-1,-0.01,-1,-1,-0.01,-1,-1,-0.01,-1,-1
99926009,2026-05-18 09:55:58+05:30,52821.55,0,0.0,0,0.0,0.0,53282.15,53308.4,52783.45,53710.35,0,0.0,0.0,0.0,0.0,-0.01,-1,-1,-0.01,-1,-1,-0.01,-1,-1,-0.01,-1,-1,-0.01,-1,-1,-0.01,-1,-1,-0.01,-1,-1,-0.01,-1,-1,-0.01,-1,-1,-0.01,-1,-1
99926009,2026-05-18 09:55:58+05:30,52820.3,0,0.0,0,0.0,0.0,53282.15,53308.4,52783.45,53710.35,0,0.0,0.0,0.0,0.0,-0.01,-1,-1,-0.01,-1,-1,-0.01,-1,-1,-0.01,-1,-1,-0.01,-1,-1,-0.01,-1,-1,-0.01,-1,-1,-0.01,-1,-1,-0.01,-1,-1,-0.01,-1,-1
99926009,2026-05-18 09:55:59+05:30,52816.5,0,0.0,0,0.0,0.0,53282.15,53308.4,52783.45,53710.35,0,0.0,0.0,0.0,0.0,-0.01,-1,-1,-0.01,-1,-1,-0.01,-1,-1,-0.01,-1,-1,-0.01,-1,-1,-0.01,-1,-1,-0.01,-1,-1,-0.01,-1,-1,-0.01,-1,-1,-0.01,-1,-1
99926009,2026-05-18 09:55:59+05:30,52819.7,0,0.0,0,0.0,0.0,53282.15,53308.4,52783.45,53710.35,0,0.0,0.0,0.0,0.0,-0.01,-1,-1,-0.01,-1,-1,-0.01,-1,-1,-0.01,-1,-1,-0.01,-1,-1,-0.01,-1,-1,-0.01,-1,-1,-0.01,-1,-1,-0.01,-1,-1,-0.01,-1,-1
99926009,2026-05-18 09:56:00+05:30,52819.4,0,0.0,0,0.0,0.0,53282.15,53308.4,52783.45,53710.35,0,0.0,0.0,0.0,0.0,-0.01,-1,-1,-0.01,-1,-1,-0.01,-1,-1,-0.01,-1,-1,-0.01,-1,-1,-0.01,-1,-1,-0.01,-1,-1,-0.01,-1,-1,-0.01,-1,-1,-0.01,-1,-1
99926009,2026-05-18 09:56:00+05:30,52822.45,0,0.0,0,0.0,0.0,53282.15,53308.4,52783.45,53710.35,0,0.0,0.0,0.0,0.0,-0.01,-1,-1,-0.01,-1,-1,-0.01,-1,-1,-0.01,-1,-1,-0.01,-1,-1,-0.01,-1,-1,-0.01,-1,-1,-0.01,-1,-1,-0.01,-1,-1,-0.01,-1,-1
99926009,2026-05-18 09:56:01+05:30,52831.55,0,0.0,0,0.0,0.0,53282.15,53308.4,52783.45,53710.35,0,0.0,0.0,0.0,0.0,-0.01,-1,-1,-0.01,-1,-1,-0.01,-1,-1,-0.01,-1,-1,-0.01,-1,-1,-0.01,-1,-1,-0.01,-1,-1,-0.01,-1,-1,-0.01,-1,-1,-0.01,-1,-1
99926009,2026-05-18 09:56:01+05:30,52831.65,0,0.0,0,0.0,0.0,53282.15,53308.4,52783.45,53710.35,0,0.0,0.0,0.0,0.0,-0.01,-1,-1,-0.01,-1,-1,-0.01,-1,-1,-0.01,-1,-1,-0.01,-1,-1,-0.01,-1,-1,-0.01,-1,-1,-0.01,-1,-1,-0.01,-1,-1,-0.01,-1,-1
99926009,2026-05-18 09:56:02+05:30,52830.8,0,0.0,0,0.0,0.0,53282.15,53308.4,52783.45,53710.35,0,0.0,0.0,0.0,0.0,-0.01,-1,-1,-0.01,-1,-1,-0.01,-1,-1,-0.01,-1,-1,-0.01,-1,-1,-0.01,-1,-1,-0.01,-1,-1,-0.01,-1,-1,-0.01,-1,-1,-0.01,-1,-1
99926009,2026-05-18 09:56:02+05:30,52822.25,0,0.0,0,0.0,0.0,53282.15,53308.4,52783.45,53710.35,0,0.0,0.0,0.0,0.0,-0.01,-1,-1,-0.01,-1,-1,-0.01,-1,-1,-0.01,-1,-1,-0.01,-1,-1,-0.01,-1,-1,-0.01,-1,-1,-0.01,-1,-1,-0.01,-1,-1,-0.01,-1,-1
99926009,2026-05-18 09:56:03+05:30,52817.2,0,0.0,0,0.0,0.0,53282.15,53308.4,52783.45,53710.35,0,0.0,0.0,0.0,0.0,-0.01,-1,-1,-0.01,-1,-1,-0.01,-1,-1,-0.01,-1,-1,-0.01,-1,-1,-0.01,-1,-1,-0.01,-1,-1,-0.01,-1,-1,-0.01,-1,-1,-0.01,-1,-1
99926009,2026-05-18 09:56:03+05:30,52818.3,0,0.0,0,0.0,0.0,53282.15,53308.4,52783.45,53710.35,0,0.0,0.0,0.0,0.0,-0.01,-1,-1,-0.01,-1,-1,-0.01,-1,-1,-0.01,-1,-1,-0.01,-1,-1,-0.01,-1,-1,-0.01,-1,-1,-0.01,-1,-1,-0.01,-1,-1,-0.01,-1,-1
99926009,2026-05-18 09:56:04+05:30,52816.05,0,0.0,0,0.0,0.0,53282.15,53308.4,52783.45,53710.35,0,0.0,0.0,0.0,0.0,-0.01,-1,-1,-0.01,-1,-1,-0.01,-1,-1,-0.01,-1,-1,-0.01,-1,-1,-0.01,-1,-1,-0.01,-1,-1,-0.01,-1,-1,-0.01,-1,-1,-0.01,-1,-1
99926009,2026-05-18 09:56:04+05:30,52816.7,0,0.0,0,0.0,0.0,53282.15,53308.4,52783.45,53710.35,0,0.0,0.0,0.0,0.0,-0.01,-1,-1,-0.01,-1,-1,-0.01,-1,-1,-0.01,-1,-1,-0.01,-1,-1,-0.01,-1,-1,-0.01,-1,-1,-0.01,-1,-1,-0.01,-1,-1,-0.01,-1,-1
99926009,2026-05-18 09:56:05+05:30,52817.1,0,0.0,0,0.0,0.0,53282.15,53308.4,52783.45,53710.35,0,0.0,0.0,0.0,0.0,-0.01,-1,-1,-0.01,-1,-1,-0.01,-1,-1,-0.01,-1,-1,-0.01,-1,-1,-0.01,-1,-1,-0.01,-1,-1,-0.01,-1,-1,-0.01,-1,-1,-0.01,-1,-1
99926009,2026-05-18 09:56:05+05:30,52817.5,0,0.0,0,0.0,0.0,53282.15,53308.4,52783.45,53710.35,0,0.0,0.0,0.0,0.0,-0.01,-1,-1,-0.01,-1,-1,-0.01,-1,-1,-0.01,-1,-1,-0.01,-1,-1,-0.01,-1,-1,-0.01,-1,-1,-0.01,-1,-1,-0.01,-1,-1,-0.01,-1,-1
99926009,2026-05-18 09:56:06+05:30,52818.45,0,0.0,0,0.0,0.0,53282.15,53308.4,52783.45,53710.35,0,0.0,0.0,0.0,0.0,-0.01,-1,-1,-0.01,-1,-1,-0.01,-1,-1,-0.01,-1,-1,-0.01,-1,-1,-0.01,-1,-1,-0.01,-1,-1,-0.01,-1,-1,-0.01,-1,-1,-0.01,-1,-1
99926009,2026-05-18 09:56:06+05:30,52819.85,0,0.0,0,0.0,0.0,53282.15,53308.4,52783.45,53710.35,0,0.0,0.0,0.0,0.0,-0.01,-1,-1,-0.01,-1,-1,-0.01,-1,-1,-0.01,-1,-1,-0.01,-1,-1,-0.01,-1,-1,-0.01,-1,-1,-0.01,-1,-1,-0.01,-1,-1,-0.01,-1,-1
99926009,2026-05-18 09:56:07+05:30,52817.95,0,0.0,0,0.0,0.0,53282.15,53308.4,52783.45,53710.35,0,0.0,0.0,0.0,0.0,-0.01,-1,-1,-0.01,-1,-1,-0.01,-1,-1,-0.01,-1,-1,-0.01,-1,-1,-0.01,-1,-1,-0.01,-1,-1,-0.01,-1,-1,-0.01,-1,-1,-0.01,-1,-1
99926009,2026-05-18 09:56:07+05:30,52818.45,0,0.0,0,0.0,0.0,53282.15,53308.4,52783.45,53710.35,0,0.0,0.0,0.0,0.0,-0.01,-1,-1,-0.01,-1,-1,-0.01,-1,-1,-0.01,-1,-1,-0.01,-1,-1,-0.01,-1,-1,-0.01,-1,-1,-0.01,-1,-1,-0.01,-1,-1,-0.01,-1,-1
99926009,2026-05-18 09:56:08+05:30,52817.8,0,0.0,0,0.0,0.0,53282.15,53308.4,52783.45,53710.35,0,0.0,0.0,0.0,0.0,-0.01,-1,-1,-0.01,-1,-1,-0.01,-1,-1,-0.01,-1,-1,-0.01,-1,-1,-0.01,-1,-1,-0.01,-1,-1,-0.01,-1,-1,-0.01,-1,-1,-0.01,-1,-1
99926009,2026-05-18 09:56:08+05:30,52818.4,0,0.0,0,0.0,0.0,53282.15,53308.4,52783.45,53710.35,0,0.0,0.0,0.0,0.0,-0.01,-1,-1,-0.01,-1,-1,-0.01,-1,-1,-0.01,-1,-1,-0.01,-1,-1,-0.01,-1,-1,-0.01,-1,-1,-0.01,-1,-1,-0.01,-1,-1,-0.01,-1,-1
99926009,2026-05-18 09:56:09+05:30,52817.4,0,0.0,0,0.0,0.0,53282.15,53308.4,52783.45,53710.35,0,0.0,0.0,0.0,0.0,-0.01,-1,-1,-0.01,-1,-1,-0.01,-1,-1,-0.01,-1,-1,-0.01,-1,-1,-0.01,-1,-1,-0.01,-1,-1,-0.01,-1,-1,-0.01,-1,-1,-0.01,-1,-1
99926009,2026-05-18 09:56:09+05:30,52815.8,0,0.0,0,0.0,0.0,53282.15,53308.4,52783.45,53710.35,0,0.0,0.0,0.0,0.0,-0.01,-1,-1,-0.01,-1,-1,-0.01,-1,-1,-0.01,-1,-1,-0.01,-1,-1,-0.01,-1,-1,-0.01,-1,-1,-0.01,-1,-1,-0.01,-1,-1,-0.01,-1,-1
99926009,2026-05-18 09:56:10+05:30,52816.4,0,0.0,0,0.0,0.0,53282.15,53308.4,52783.45,53710.35,0,0.0,0.0,0.0,0.0,-0.01,-1,-1,-0.01,-1,-1,-0.01,-1,-1,-0.01,-1,-1,-0.01,-1,-1,-0.01,-1,-1,-0.01,-1,-1,-0.01,-1,-1,-0.01,-1,-1,-0.01,-1,-1
99926009,2026-05-18 09:56:10+05:30,52817.3,0,0.0,0,0.0,0.0,53282.15,53308.4,52783.45,53710.35,0,0.0,0.0,0.0,0.0,-0.01,-1,-1,-0.01,-1,-1,-0.01,-1,-1,-0.01,-1,-1,-0.01,-1,-1,-0.01,-1,-1,-0.01,-1,-1,-0.01,-1,-1,-0.01,-1,-1,-0.01,-1,-1
99926009,2026-05-18 09:56:11+05:30,52817.65,0,0.0,0,0.0,0.0,53282.15,53308.4,52783.45,53710.35,0,0.0,0.0,0.0,0.0,-0.01,-1,-1,-0.01,-1,-1,-0.01,-1,-1,-0.01,-1,-1,-0.01,-1,-1,-0.01,-1,-1,-0.01,-1,-1,-0.01,-1,-1,-0.01,-1,-1,-0.01,-1,-1
99926009,2026-05-18 09:56:11+05:30,52818.0,0,0.0,0,0.0,0.0,53282.15,53308.4,52783.45,53710.35,0,0.0,0.0,0.0,0.0,-0.01,-1,-1,-0.01,-1,-1,-0.01,-1,-1,-0.01,-1,-1,-0.01,-1,-1,-0.01,-1,-1,-0.01,-1,-1,-0.01,-1,-1,-0.01,-1,-1,-0.01,-1,-1
99926009,2026-05-18 09:56:12+05:30,52822.1,0,0.0,0,0.0,0.0,53282.15,53308.4,52783.45,53710.35,0,0.0,0.0,0.0,0.0,-0.01,-1,-1,-0.01,-1,-1,-0.01,-1,-1,-0.01,-1,-1,-0.01,-1,-1,-0.01,-1,-1,-0.01,-1,-1,-0.01,-1,-1,-0.01,-1,-1,-0.01,-1,-1
99926009,2026-05-18 09:56:12+05:30,52823.65,0,0.0,0,0.0,0.0,53282.15,53308.4,52783.45,53710.35,0,0.0,0.0,0.0,0.0,-0.01,-1,-1,-0.01,-1,-1,-0.01,-1,-1,-0.01,-1,-1,-0.01,-1,-1,-0.01,-1,-1,-0.01,-1,-1,-0.01,-1,-1,-0.01,-1,-1,-0.01,-1,-1
99926009,2026-05-18 09:56:13+05:30,52821.1,0,0.0,0,0.0,0.0,53282.15,53308.4,52783.45,53710.35,0,0.0,0.0,0.0,0.0,-0.01,-1,-1,-0.01,-1,-1,-0.01,-1,-1,-0.01,-1,-1,-0.01,-1,-1,-0.01,-1,-1,-0.01,-1,-1,-0.01,-1,-1,-0.01,-1,-1,-0.01,-1,-1
99926009,2026-05-18 09:56:13+05:30,52822.9,0,0.0,0,0.0,0.0,53282.15,53308.4,52783.45,53710.35,0,0.0,0.0,0.0,0.0,-0.01,-1,-1,-0.01,-1,-1,-0.01,-1,-1,-0.01,-1,-1,-0.01,-1,-1,-0.01,-1,-1,-0.01,-1,-1,-0.01,-1,-1,-0.01,-1,-1,-0.01,-1,-1
99926009,2026-05-18 09:56:14+05:30,52822.5,0,0.0,0,0.0,0.0,53282.15,53308.4,52783.45,53710.35,0,0.0,0.0,0.0,0.0,-0.01,-1,-1,-0.01,-1,-1,-0.01,-1,-1,-0.01,-1,-1,-0.01,-1,-1,-0.01,-1,-1,-0.01,-1,-1,-0.01,-1,-1,-0.01,-1,-1,-0.01,-1,-1
99926009,2026-05-18 09:56:14+05:30,52827.4,0,0.0,0,0.0,0.0,53282.15,53308.4,52783.45,53710.35,0,0.0,0.0,0.0,0.0,-0.01,-1,-1,-0.01,-1,-1,-0.01,-1,-1,-0.01,-1,-1,-0.01,-1,-1,-0.01,-1,-1,-0.01,-1,-1,-0.01,-1,-1,-0.01,-1,-1,-0.01,-1,-1
99926009,2026-05-18 09:56:15+05:30,52822.5,0,0.0,0,0.0,0.0,53282.15,53308.4,52783.45,53710.35,0,0.0,0.0,0.0,0.0,-0.01,-1,-1,-0.01,-1,-1,-0.01,-1,-1,-0.01,-1,-1,-0.01,-1,-1,-0.01,-1,-1,-0.01,-1,-1,-0.01,-1,-1,-0.01,-1,-1,-0.01,-1,-1
99926009,2026-05-18 09:56:15+05:30,52826.6,0,0.0,0,0.0,0.0,53282.15,53308.4,52783.45,53710.35,0,0.0,0.0,0.0,0.0,-0.01,-1,-1,-0.01,-1,-1,-0.01,-1,-1,-0.01,-1,-1,-0.01,-1,-1,-0.01,-1,-1,-0.01,-1,-1,-0.01,-1,-1,-0.01,-1,-1,-0.01,-1,-1
99926009,2026-05-18 09:56:16+05:30,52827.5,0,0.0,0,0.0,0.0,53282.15,53308.4,52783.45,53710.35,0,0.0,0.0,0.0,0.0,-0.01,-1,-1,-0.01,-1,-1,-0.01,-1,-1,-0.01,-1,-1,-0.01,-1,-1,-0.01,-1,-1,-0.01,-1,-1,-0.01,-1,-1,-0.01,-1,-1,-0.01,-1,-1
99926009,2026-05-18 09:56:16+05:30,52832.3,0,0.0,0,0.0,0.0,53282.15,53308.4,52783.45,53710.35,0,0.0,0.0,0.0,0.0,-0.01,-1,-1,-0.01,-1,-1,-0.01,-1,-1,-0.01,-1,-1,-0.01,-1,-1,-0.01,-1,-1,-0.01,-1,-1,-0.01,-1,-1,-0.01,-1,-1,-0.01,-1,-1
99926009,2026-05-18 09:56:17+05:30,52828.95,0,0.0,0,0.0,0.0,53282.15,53308.4,52783.45,53710.35,0,0.0,0.0,0.0,0.0,-0.01,-1,-1,-0.01,-1,-1,-0.01,-1,-1,-0.01,-1,-1,-0.01,-1,-1,-0.01,-1,-1,-0.01,-1,-1,-0.01,-1,-1,-0.01,-1,-1,-0.01,-1,-1
99926009,2026-05-18 09:56:17+05:30,52826.35,0,0.0,0,0.0,0.0,53282.15,53308.4,52783.45,53710.35,0,0.0,0.0,0.0,0.0,-0.01,-1,-1,-0.01,-1,-1,-0.01,-1,-1,-0.01,-1,-1,-0.01,-1,-1,-0.01,-1,-1,-0.01,-1,-1,-0.01,-1,-1,-0.01,-1,-1,-0.01,-1,-1
99926009,2026-05-18 09:56:18+05:30,52830.95,0,0.0,0,0.0,0.0,53282.15,53308.4,52783.45,53710.35,0,0.0,0.0,0.0,0.0,-0.01,-1,-1,-0.01,-1,-1,-0.01,-1,-1,-0.01,-1,-1,-0.01,-1,-1,-0.01,-1,-1,-0.01,-1,-1,-0.01,-1,-1,-0.01,-1,-1,-0.01,-1,-1
99926009,2026-05-18 09:56:18+05:30,52830.45,0,0.0,0,0.0,0.0,53282.15,53308.4,52783.45,53710.35,0,0.0,0.0,0.0,0.0,-0.01,-1,-1,-0.01,-1,-1,-0.01,-1,-1,-0.01,-1,-1,-0.01,-1,-1,-0.01,-1,-1,-0.01,-1,-1,-0.01,-1,-1,-0.01,-1,-1,-0.01,-1,-1
99926009,2026-05-18 09:56:19+05:30,52827.35,0,0.0,0,0.0,0.0,53282.15,53308.4,52783.45,53710.35,0,0.0,0.0,0.0,0.0,-0.01,-1,-1,-0.01,-1,-1,-0.01,-1,-1,-0.01,-1,-1,-0.01,-1,-1,-0.01,-1,-1,-0.01,-1,-1,-0.01,-1,-1,-0.01,-1,-1,-0.01,-1,-1
99926009,2026-05-18 09:56:19+05:30,52829.7,0,0.0,0,0.0,0.0,53282.15,53308.4,52783.45,53710.35,0,0.0,0.0,0.0,0.0,-0.01,-1,-1,-0.01,-1,-1,-0.01,-1,-1,-0.01,-1,-1,-0.01,-1,-1,-0.01,-1,-1,-0.01,-1,-1,-0.01,-1,-1,-0.01,-1,-1,-0.01,-1,-1
99926009,2026-05-18 09:56:20+05:30,52827.3,0,0.0,0,0.0,0.0,53282.15,53308.4,52783.45,53710.35,0,0.0,0.0,0.0,0.0,-0.01,-1,-1,-0.01,-1,-1,-0.01,-1,-1,-0.01,-1,-1,-0.01,-1,-1,-0.01,-1,-1,-0.01,-1,-1,-0.01,-1,-1,-0.01,-1,-1,-0.01,-1,-1
99926009,2026-05-18 09:56:20+05:30,52825.4,0,0.0,0,0.0,0.0,53282.15,53308.4,52783.45,53710.35,0,0.0,0.0,0.0,0.0,-0.01,-1,-1,-0.01,-1,-1,-0.01,-1,-1,-0.01,-1,-1,-0.01,-1,-1,-0.01,-1,-1,-0.01,-1,-1,-0.01,-1,-1,-0.01,-1,-1,-0.01,-1,-1
99926009,2026-05-18 09:56:21+05:30,52826.4,0,0.0,0,0.0,0.0,53282.15,53308.4,52783.45,53710.35,0,0.0,0.0,0.0,0.0,-0.01,-1,-1,-0.01,-1,-1,-0.01,-1,-1,-0.01,-1,-1,-0.01,-1,-1,-0.01,-1,-1,-0.01,-1,-1,-0.01,-1,-1,-0.01,-1,-1,-0.01,-1,-1
99926009,2026-05-18 09:56:21+05:30,52822.5,0,0.0,0,0.0,0.0,53282.15,53308.4,52783.45,53710.35,0,0.0,0.0,0.0,0.0,-0.01,-1,-1,-0.01,-1,-1,-0.01,-1,-1,-0.01,-1,-1,-0.01,-1,-1,-0.01,-1,-1,-0.01,-1,-1,-0.01,-1,-1,-0.01,-1,-1,-0.01,-1,-1
99926009,2026-05-18 09:56:22+05:30,52825.05,0,0.0,0,0.0,0.0,53282.15,53308.4,52783.45,53710.35,0,0.0,0.0,0.0,0.0,-0.01,-1,-1,-0.01,-1,-1,-0.01,-1,-1,-0.01,-1,-1,-0.01,-1,-1,-0.01,-1,-1,-0.01,-1,-1,-0.01,-1,-1,-0.01,-1,-1,-0.01,-1,-1
99926009,2026-05-18 09:56:22+05:30,52824.05,0,0.0,0,0.0,0.0,53282.15,53308.4,52783.45,53710.35,0,0.0,0.0,0.0,0.0,-0.01,-1,-1,-0.01,-1,-1,-0.01,-1,-1,-0.01,-1,-1,-0.01,-1,-1,-0.01,-1,-1,-0.01,-1,-1,-0.01,-1,-1,-0.01,-1,-1,-0.01,-1,-1
99926009,2026-05-18 09:56:23+05:30,52822.05,0,0.0,0,0.0,0.0,53282.15,53308.4,52783.45,53710.35,0,0.0,0.0,0.0,0.0,-0.01,-1,-1,-0.01,-1,-1,-0.01,-1,-1,-0.01,-1,-1,-0.01,-1,-1,-0.01,-1,-1,-0.01,-1,-1,-0.01,-1,-1,-0.01,-1,-1,-0.01,-1,-1
99926009,2026-05-18 09:56:23+05:30,52824.45,0,0.0,0,0.0,0.0,53282.15,53308.4,52783.45,53710.35,0,0.0,0.0,0.0,0.0,-0.01,-1,-1,-0.01,-1,-1,-0.01,-1,-1,-0.01,-1,-1,-0.01,-1,-1,-0.01,-1,-1,-0.01,-1,-1,-0.01,-1,-1,-0.01,-1,-1,-0.01,-1,-1
99926009,2026-05-18 09:56:24+05:30,52825.1,0,0.0,0,0.0,0.0,53282.15,53308.4,52783.45,53710.35,0,0.0,0.0,0.0,0.0,-0.01,-1,-1,-0.01,-1,-1,-0.01,-1,-1,-0.01,-1,-1,-0.01,-1,-1,-0.01,-1,-1,-0.01,-1,-1,-0.01,-1,-1,-0.01,-1,-1,-0.01,-1,-1
99926009,2026-05-18 09:56:24+05:30,52825.35,0,0.0,0,0.0,0.0,53282.15,53308.4,52783.45,53710.35,0,0.0,0.0,0.0,0.0,-0.01,-1,-1,-0.01,-1,-1,-0.01,-1,-1,-0.01,-1,-1,-0.01,-1,-1,-0.01,-1,-1,-0.01,-1,-1,-0.01,-1,-1,-0.01,-1,-1,-0.01,-1,-1
99926009,2026-05-18 09:56:25+05:30,52824.15,0,0.0,0,0.0,0.0,53282.15,53308.4,52783.45,53710.35,0,0.0,0.0,0.0,0.0,-0.01,-1,-1,-0.01,-1,-1,-0.01,-1,-1,-0.01,-1,-1,-0.01,-1,-1,-0.01,-1,-1,-0.01,-1,-1,-0.01,-1,-1,-0.01,-1,-1,-0.01,-1,-1
99926009,2026-05-18 09:56:25+05:30,52824.45,0,0.0,0,0.0,0.0,53282.15,53308.4,52783.45,53710.35,0,0.0,0.0,0.0,0.0,-0.01,-1,-1,-0.01,-1,-1,-0.01,-1,-1,-0.01,-1,-1,-0.01,-1,-1,-0.01,-1,-1,-0.01,-1,-1,-0.01,-1,-1,-0.01,-1,-1,-0.01,-1,-1
99926009,2026-05-18 09:56:26+05:30,52821.35,0,0.0,0,0.0,0.0,53282.15,53308.4,52783.45,53710.35,0,0.0,0.0,0.0,0.0,-0.01,-1,-1,-0.01,-1,-1,-0.01,-1,-1,-0.01,-1,-1,-0.01,-1,-1,-0.01,-1,-1,-0.01,-1,-1,-0.01,-1,-1,-0.01,-1,-1,-0.01,-1,-1
99926009,2026-05-18 09:56:26+05:30,52825.3,0,0.0,0,0.0,0.0,53282.15,53308.4,52783.45,53710.35,0,0.0,0.0,0.0,0.0,-0.01,-1,-1,-0.01,-1,-1,-0.01,-1,-1,-0.01,-1,-1,-0.01,-1,-1,-0.01,-1,-1,-0.01,-1,-1,-0.01,-1,-1,-0.01,-1,-1,-0.01,-1,-1
99926009,2026-05-18 09:56:27+05:30,52822.0,0,0.0,0,0.0,0.0,53282.15,53308.4,52783.45,53710.35,0,0.0,0.0,0.0,0.0,-0.01,-1,-1,-0.01,-1,-1,-0.01,-1,-1,-0.01,-1,-1,-0.01,-1,-1,-0.01,-1,-1,-0.01,-1,-1,-0.01,-1,-1,-0.01,-1,-1,-0.01,-1,-1
99926009,2026-05-18 09:56:27+05:30,52823.2,0,0.0,0,0.0,0.0,53282.15,53308.4,52783.45,53710.35,0,0.0,0.0,0.0,0.0,-0.01,-1,-1,-0.01,-1,-1,-0.01,-1,-1,-0.01,-1,-1,-0.01,-1,-1,-0.01,-1,-1,-0.01,-1,-1,-0.01,-1,-1,-0.01,-1,-1,-0.01,-1,-1
99926009,2026-05-18 09:56:28+05:30,52821.15,0,0.0,0,0.0,0.0,53282.15,53308.4,52783.45,53710.35,0,0.0,0.0,0.0,0.0,-0.01,-1,-1,-0.01,-1,-1,-0.01,-1,-1,-0.01,-1,-1,-0.01,-1,-1,-0.01,-1,-1,-0.01,-1,-1,-0.01,-1,-1,-0.01,-1,-1,-0.01,-1,-1
99926009,2026-05-18 09:56:28+05:30,52821.0,0,0.0,0,0.0,0.0,53282.15,53308.4,52783.45,53710.35,0,0.0,0.0,0.0,0.0,-0.01,-1,-1,-0.01,-1,-1,-0.01,-1,-1,-0.01,-1,-1,-0.01,-1,-1,-0.01,-1,-1,-0.01,-1,-1,-0.01,-1,-1,-0.01,-1,-1,-0.01,-1,-1
99926009,2026-05-18 09:56:29+05:30,52821.2,0,0.0,0,0.0,0.0,53282.15,53308.4,52783.45,53710.35,0,0.0,0.0,0.0,0.0,-0.01,-1,-1,-0.01,-1,-1,-0.01,-1,-1,-0.01,-1,-1,-0.01,-1,-1,-0.01,-1,-1,-0.01,-1,-1,-0.01,-1,-1,-0.01,-1,-1,-0.01,-1,-1
99926009,2026-05-18 09:56:29+05:30,52819.65,0,0.0,0,0.0,0.0,53282.15,53308.4,52783.45,53710.35,0,0.0,0.0,0.0,0.0,-0.01,-1,-1,-0.01,-1,-1,-0.01,-1,-1,-0.01,-1,-1,-0.01,-1,-1,-0.01,-1,-1,-0.01,-1,-1,-0.01,-1,-1,-0.01,-1,-1,-0.01,-1,-1
99926009,2026-05-18 09:56:30+05:30,52818.6,0,0.0,0,0.0,0.0,53282.15,53308.4,52783.45,53710.35,0,0.0,0.0,0.0,0.0,-0.01,-1,-1,-0.01,-1,-1,-0.01,-1,-1,-0.01,-1,-1,-0.01,-1,-1,-0.01,-1,-1,-0.01,-1,-1,-0.01,-1,-1,-0.01,-1,-1,-0.01,-1,-1
99926009,2026-05-18 09:56:30+05:30,52815.35,0,0.0,0,0.0,0.0,53282.15,53308.4,52783.45,53710.35,0,0.0,0.0,0.0,0.0,-0.01,-1,-1,-0.01,-1,-1,-0.01,-1,-1,-0.01,-1,-1,-0.01,-1,-1,-0.01,-1,-1,-0.01,-1,-1,-0.01,-1,-1,-0.01,-1,-1,-0.01,-1,-1
99926009,2026-05-18 09:56:31+05:30,52816.15,0,0.0,0,0.0,0.0,53282.15,53308.4,52783.45,53710.35,0,0.0,0.0,0.0,0.0,-0.01,-1,-1,-0.01,-1,-1,-0.01,-1,-1,-0.01,-1,-1,-0.01,-1,-1,-0.01,-1,-1,-0.01,-1,-1,-0.01,-1,-1,-0.01,-1,-1,-0.01,-1,-1
99926009,2026-05-18 09:56:31+05:30,52813.5,0,0.0,0,0.0,0.0,53282.15,53308.4,52783.45,53710.35,0,0.0,0.0,0.0,0.0,-0.01,-1,-1,-0.01,-1,-1,-0.01,-1,-1,-0.01,-1,-1,-0.01,-1,-1,-0.01,-1,-1,-0.01,-1,-1,-0.01,-1,-1,-0.01,-1,-1,-0.01,-1,-1
99926009,2026-05-18 09:56:32+05:30,52813.45,0,0.0,0,0.0,0.0,53282.15,53308.4,52783.45,53710.35,0,0.0,0.0,0.0,0.0,-0.01,-1,-1,-0.01,-1,-1,-0.01,-1,-1,-0.01,-1,-1,-0.01,-1,-1,-0.01,-1,-1,-0.01,-1,-1,-0.01,-1,-1,-0.01,-1,-1,-0.01,-1,-1
99926009,2026-05-18 09:56:32+05:30,52816.8,0,0.0,0,0.0,0.0,53282.15,53308.4,52783.45,53710.35,0,0.0,0.0,0.0,0.0,-0.01,-1,-1,-0.01,-1,-1,-0.01,-1,-1,-0.01,-1,-1,-0.01,-1,-1,-0.01,-1,-1,-0.01,-1,-1,-0.01,-1,-1,-0.01,-1,-1,-0.01,-1,-1
99926009,2026-05-18 09:56:33+05:30,52814.4,0,0.0,0,0.0,0.0,53282.15,53308.4,52783.45,53710.35,0,0.0,0.0,0.0,0.0,-0.01,-1,-1,-0.01,-1,-1,-0.01,-1,-1,-0.01,-1,-1,-0.01,-1,-1,-0.01,-1,-1,-0.01,-1,-1,-0.01,-1,-1,-0.01,-1,-1,-0.01,-1,-1
99926009,2026-05-18 09:56:33+05:30,52813.5,0,0.0,0,0.0,0.0,53282.15,53308.4,52783.45,53710.35,0,0.0,0.0,0.0,0.0,-0.01,-1,-1,-0.01,-1,-1,-0.01,-1,-1,-0.01,-1,-1,-0.01,-1,-1,-0.01,-1,-1,-0.01,-1,-1,-0.01,-1,-1,-0.01,-1,-1,-0.01,-1,-1
99926009,2026-05-18 09:56:34+05:30,52816.35,0,0.0,0,0.0,0.0,53282.15,53308.4,52783.45,53710.35,0,0.0,0.0,0.0,0.0,-0.01,-1,-1,-0.01,-1,-1,-0.01,-1,-1,-0.01,-1,-1,-0.01,-1,-1,-0.01,-1,-1,-0.01,-1,-1,-0.01,-1,-1,-0.01,-1,-1,-0.01,-1,-1
99926009,2026-05-18 09:56:34+05:30,52814.65,0,0.0,0,0.0,0.0,53282.15,53308.4,52783.45,53710.35,0,0.0,0.0,0.0,0.0,-0.01,-1,-1,-0.01,-1,-1,-0.01,-1,-1,-0.01,-1,-1,-0.01,-1,-1,-0.01,-1,-1,-0.01,-1,-1,-0.01,-1,-1,-0.01,-1,-1,-0.01,-1,-1
99926009,2026-05-18 09:56:35+05:30,52814.05,0,0.0,0,0.0,0.0,53282.15,53308.4,52783.45,53710.35,0,0.0,0.0,0.0,0.0,-0.01,-1,-1,-0.01,-1,-1,-0.01,-1,-1,-0.01,-1,-1,-0.01,-1,-1,-0.01,-1,-1,-0.01,-1,-1,-0.01,-1,-1,-0.01,-1,-1,-0.01,-1,-1
99926009,2026-05-18 09:56:35+05:30,52817.55,0,0.0,0,0.0,0.0,53282.15,53308.4,52783.45,53710.35,0,0.0,0.0,0.0,0.0,-0.01,-1,-1,-0.01,-1,-1,-0.01,-1,-1,-0.01,-1,-1,-0.01,-1,-1,-0.01,-1,-1,-0.01,-1,-1,-0.01,-1,-1,-0.01,-1,-1,-0.01,-1,-1
99926009,2026-05-18 09:56:36+05:30,52816.65,0,0.0,0,0.0,0.0,53282.15,53308.4,52783.45,53710.35,0,0.0,0.0,0.0,0.0,-0.01,-1,-1,-0.01,-1,-1,-0.01,-1,-1,-0.01,-1,-1,-0.01,-1,-1,-0.01,-1,-1,-0.01,-1,-1,-0.01,-1,-1,-0.01,-1,-1,-0.01,-1,-1
99926009,2026-05-18 09:56:36+05:30,52816.4,0,0.0,0,0.0,0.0,53282.15,53308.4,52783.45,53710.35,0,0.0,0.0,0.0,0.0,-0.01,-1,-1,-0.01,-1,-1,-0.01,-1,-1,-0.01,-1,-1,-0.01,-1,-1,-0.01,-1,-1,-0.01,-1,-1,-0.01,-1,-1,-0.01,-1,-1,-0.01,-1,-1
99926009,2026-05-18 09:56:37+05:30,52817.05,0,0.0,0,0.0,0.0,53282.15,53308.4,52783.45,53710.35,0,0.0,0.0,0.0,0.0,-0.01,-1,-1,-0.01,-1,-1,-0.01,-1,-1,-0.01,-1,-1,-0.01,-1,-1,-0.01,-1,-1,-0.01,-1,-1,-0.01,-1,-1,-0.01,-1,-1,-0.01,-1,-1
99926009,2026-05-18 09:56:37+05:30,52814.15,0,0.0,0,0.0,0.0,53282.15,53308.4,52783.45,53710.35,0,0.0,0.0,0.0,0.0,-0.01,-1,-1,-0.01,-1,-1,-0.01,-1,-1,-0.01,-1,-1,-0.01,-1,-1,-0.01,-1,-1,-0.01,-1,-1,-0.01,-1,-1,-0.01,-1,-1,-0.01,-1,-1
99926009,2026-05-18 09:56:38+05:30,52817.05,0,0.0,0,0.0,0.0,53282.15,53308.4,52783.45,53710.35,0,0.0,0.0,0.0,0.0,-0.01,-1,-1,-0.01,-1,-1,-0.01,-1,-1,-0.01,-1,-1,-0.01,-1,-1,-0.01,-1,-1,-0.01,-1,-1,-0.01,-1,-1,-0.01,-1,-1,-0.01,-1,-1
99926009,2026-05-18 09:56:38+05:30,52813.6,0,0.0,0,0.0,0.0,53282.15,53308.4,52783.45,53710.35,0,0.0,0.0,0.0,0.0,-0.01,-1,-1,-0.01,-1,-1,-0.01,-1,-1,-0.01,-1,-1,-0.01,-1,-1,-0.01,-1,-1,-0.01,-1,-1,-0.01,-1,-1,-0.01,-1,-1,-0.01,-1,-1
99926009,2026-05-18 09:56:39+05:30,52816.55,0,0.0,0,0.0,0.0,53282.15,53308.4,52783.45,53710.35,0,0.0,0.0,0.0,0.0,-0.01,-1,-1,-0.01,-1,-1,-0.01,-1,-1,-0.01,-1,-1,-0.01,-1,-1,-0.01,-1,-1,-0.01,-1,-1,-0.01,-1,-1,-0.01,-1,-1,-0.01,-1,-1
99926009,2026-05-18 09:56:39+05:30,52819.35,0,0.0,0,0.0,0.0,53282.15,53308.4,52783.45,53710.35,0,0.0,0.0,0.0,0.0,-0.01,-1,-1,-0.01,-1,-1,-0.01,-1,-1,-0.01,-1,-1,-0.01,-1,-1,-0.01,-1,-1,-0.01,-1,-1,-0.01,-1,-1,-0.01,-1,-1,-0.01,-1,-1
99926009,2026-05-18 09:56:40+05:30,52819.35,0,0.0,0,0.0,0.0,53282.15,53308.4,52783.45,53710.35,0,0.0,0.0,0.0,0.0,-0.01,-1,-1,-0.01,-1,-1,-0.01,-1,-1,-0.01,-1,-1,-0.01,-1,-1,-0.01,-1,-1,-0.01,-1,-1,-0.01,-1,-1,-0.01,-1,-1,-0.01,-1,-1
99926009,2026-05-18 09:56:40+05:30,52820.0,0,0.0,0,0.0,0.0,53282.15,53308.4,52783.45,53710.35,0,0.0,0.0,0.0,0.0,-0.01,-1,-1,-0.01,-1,-1,-0.01,-1,-1,-0.01,-1,-1,-0.01,-1,-1,-0.01,-1,-1,-0.01,-1,-1,-0.01,-1,-1,-0.01,-1,-1,-0.01,-1,-1
99926009,2026-05-18 09:56:41+05:30,52819.35,0,0.0,0,0.0,0.0,53282.15,53308.4,52783.45,53710.35,0,0.0,0.0,0.0,0.0,-0.01,-1,-1,-0.01,-1,-1,-0.01,-1,-1,-0.01,-1,-1,-0.01,-1,-1,-0.01,-1,-1,-0.01,-1,-1,-0.01,-1,-1,-0.01,-1,-1,-0.01,-1,-1
99926009,2026-05-18 09:56:41+05:30,52818.9,0,0.0,0,0.0,0.0,53282.15,53308.4,52783.45,53710.35,0,0.0,0.0,0.0,0.0,-0.01,-1,-1,-0.01,-1,-1,-0.01,-1,-1,-0.01,-1,-1,-0.01,-1,-1,-0.01,-1,-1,-0.01,-1,-1,-0.01,-1,-1,-0.01,-1,-1,-0.01,-1,-1
99926009,2026-05-18 09:56:42+05:30,52819.9,0,0.0,0,0.0,0.0,53282.15,53308.4,52783.45,53710.35,0,0.0,0.0,0.0,0.0,-0.01,-1,-1,-0.01,-1,-1,-0.01,-1,-1,-0.01,-1,-1,-0.01,-1,-1,-0.01,-1,-1,-0.01,-1,-1,-0.01,-1,-1,-0.01,-1,-1,-0.01,-1,-1
99926009,2026-05-18 09:56:42+05:30,52819.4,0,0.0,0,0.0,0.0,53282.15,53308.4,52783.45,53710.35,0,0.0,0.0,0.0,0.0,-0.01,-1,-1,-0.01,-1,-1,-0.01,-1,-1,-0.01,-1,-1,-0.01,-1,-1,-0.01,-1,-1,-0.01,-1,-1,-0.01,-1,-1,-0.01,-1,-1,-0.01,-1,-1
99926009,2026-05-18 09:56:43+05:30,52820.35,0,0.0,0,0.0,0.0,53282.15,53308.4,52783.45,53710.35,0,0.0,0.0,0.0,0.0,-0.01,-1,-1,-0.01,-1,-1,-0.01,-1,-1,-0.01,-1,-1,-0.01,-1,-1,-0.01,-1,-1,-0.01,-1,-1,-0.01,-1,-1,-0.01,-1,-1,-0.01,-1,-1
99926009,2026-05-18 09:56:43+05:30,52818.15,0,0.0,0,0.0,0.0,53282.15,53308.4,52783.45,53710.35,0,0.0,0.0,0.0,0.0,-0.01,-1,-1,-0.01,-1,-1,-0.01,-1,-1,-0.01,-1,-1,-0.01,-1,-1,-0.01,-1,-1,-0.01,-1,-1,-0.01,-1,-1,-0.01,-1,-1,-0.01,-1,-1
99926009,2026-05-18 09:56:44+05:30,52817.15,0,0.0,0,0.0,0.0,53282.15,53308.4,52783.45,53710.35,0,0.0,0.0,0.0,0.0,-0.01,-1,-1,-0.01,-1,-1,-0.01,-1,-1,-0.01,-1,-1,-0.01,-1,-1,-0.01,-1,-1,-0.01,-1,-1,-0.01,-1,-1,-0.01,-1,-1,-0.01,-1,-1
99926009,2026-05-18 09:56:44+05:30,52817.8,0,0.0,0,0.0,0.0,53282.15,53308.4,52783.45,53710.35,0,0.0,0.0,0.0,0.0,-0.01,-1,-1,-0.01,-1,-1,-0.01,-1,-1,-0.01,-1,-1,-0.01,-1,-1,-0.01,-1,-1,-0.01,-1,-1,-0.01,-1,-1,-0.01,-1,-1,-0.01,-1,-1
99926009,2026-05-18 09:56:45+05:30,52816.45,0,0.0,0,0.0,0.0,53282.15,53308.4,52783.45,53710.35,0,0.0,0.0,0.0,0.0,-0.01,-1,-1,-0.01,-1,-1,-0.01,-1,-1,-0.01,-1,-1,-0.01,-1,-1,-0.01,-1,-1,-0.01,-1,-1,-0.01,-1,-1,-0.01,-1,-1,-0.01,-1,-1
99926009,2026-05-18 09:56:45+05:30,52815.3,0,0.0,0,0.0,0.0,53282.15,53308.4,52783.45,53710.35,0,0.0,0.0,0.0,0.0,-0.01,-1,-1,-0.01,-1,-1,-0.01,-1,-1,-0.01,-1,-1,-0.01,-1,-1,-0.01,-1,-1,-0.01,-1,-1,-0.01,-1,-1,-0.01,-1,-1,-0.01,-1,-1
99926009,2026-05-18 09:56:46+05:30,52814.5,0,0.0,0,0.0,0.0,53282.15,53308.4,52783.45,53710.35,0,0.0,0.0,0.0,0.0,-0.01,-1,-1,-0.01,-1,-1,-0.01,-1,-1,-0.01,-1,-1,-0.01,-1,-1,-0.01,-1,-1,-0.01,-1,-1,-0.01,-1,-1,-0.01,-1,-1,-0.01,-1,-1
99926009,2026-05-18 09:56:46+05:30,52816.45,0,0.0,0,0.0,0.0,53282.15,53308.4,52783.45,53710.35,0,0.0,0.0,0.0,0.0,-0.01,-1,-1,-0.01,-1,-1,-0.01,-1,-1,-0.01,-1,-1,-0.01,-1,-1,-0.01,-1,-1,-0.01,-1,-1,-0.01,-1,-1,-0.01,-1,-1,-0.01,-1,-1
99926009,2026-05-18 09:56:47+05:30,52820.7,0,0.0,0,0.0,0.0,53282.15,53308.4,52783.45,53710.35,0,0.0,0.0,0.0,0.0,-0.01,-1,-1,-0.01,-1,-1,-0.01,-1,-1,-0.01,-1,-1,-0.01,-1,-1,-0.01,-1,-1,-0.01,-1,-1,-0.01,-1,-1,-0.01,-1,-1,-0.01,-1,-1
99926009,2026-05-18 09:56:47+05:30,52820.55,0,0.0,0,0.0,0.0,53282.15,53308.4,52783.45,53710.35,0,0.0,0.0,0.0,0.0,-0.01,-1,-1,-0.01,-1,-1,-0.01,-1,-1,-0.01,-1,-1,-0.01,-1,-1,-0.01,-1,-1,-0.01,-1,-1,-0.01,-1,-1,-0.01,-1,-1,-0.01,-1,-1
99926009,2026-05-18 09:56:48+05:30,52819.4,0,0.0,0,0.0,0.0,53282.15,53308.4,52783.45,53710.35,0,0.0,0.0,0.0,0.0,-0.01,-1,-1,-0.01,-1,-1,-0.01,-1,-1,-0.01,-1,-1,-0.01,-1,-1,-0.01,-1,-1,-0.01,-1,-1,-0.01,-1,-1,-0.01,-1,-1,-0.01,-1,-1
99926009,2026-05-18 09:56:48+05:30,52820.35,0,0.0,0,0.0,0.0,53282.15,53308.4,52783.45,53710.35,0,0.0,0.0,0.0,0.0,-0.01,-1,-1,-0.01,-1,-1,-0.01,-1,-1,-0.01,-1,-1,-0.01,-1,-1,-0.01,-1,-1,-0.01,-1,-1,-0.01,-1,-1,-0.01,-1,-1,-0.01,-1,-1
99926009,2026-05-18 09:56:49+05:30,52821.1,0,0.0,0,0.0,0.0,53282.15,53308.4,52783.45,53710.35,0,0.0,0.0,0.0,0.0,-0.01,-1,-1,-0.01,-1,-1,-0.01,-1,-1,-0.01,-1,-1,-0.01,-1,-1,-0.01,-1,-1,-0.01,-1,-1,-0.01,-1,-1,-0.01,-1,-1,-0.01,-1,-1
99926009,2026-05-18 09:56:49+05:30,52817.4,0,0.0,0,0.0,0.0,53282.15,53308.4,52783.45,53710.35,0,0.0,0.0,0.0,0.0,-0.01,-1,-1,-0.01,-1,-1,-0.01,-1,-1,-0.01,-1,-1,-0.01,-1,-1,-0.01,-1,-1,-0.01,-1,-1,-0.01,-1,-1,-0.01,-1,-1,-0.01,-1,-1
99926009,2026-05-18 09:56:50+05:30,52819.3,0,0.0,0,0.0,0.0,53282.15,53308.4,52783.45,53710.35,0,0.0,0.0,0.0,0.0,-0.01,-1,-1,-0.01,-1,-1,-0.01,-1,-1,-0.01,-1,-1,-0.01,-1,-1,-0.01,-1,-1,-0.01,-1,-1,-0.01,-1,-1,-0.01,-1,-1,-0.01,-1,-1
99926009,2026-05-18 09:56:50+05:30,52819.05,0,0.0,0,0.0,0.0,53282.15,53308.4,52783.45,53710.35,0,0.0,0.0,0.0,0.0,-0.01,-1,-1,-0.01,-1,-1,-0.01,-1,-1,-0.01,-1,-1,-0.01,-1,-1,-0.01,-1,-1,-0.01,-1,-1,-0.01,-1,-1,-0.01,-1,-1,-0.01,-1,-1
99926009,2026-05-18 09:56:51+05:30,52821.15,0,0.0,0,0.0,0.0,53282.15,53308.4,52783.45,53710.35,0,0.0,0.0,0.0,0.0,-0.01,-1,-1,-0.01,-1,-1,-0.01,-1,-1,-0.01,-1,-1,-0.01,-1,-1,-0.01,-1,-1,-0.01,-1,-1,-0.01,-1,-1,-0.01,-1,-1,-0.01,-1,-1
99926009,2026-05-18 09:56:51+05:30,52818.0,0,0.0,0,0.0,0.0,53282.15,53308.4,52783.45,53710.35,0,0.0,0.0,0.0,0.0,-0.01,-1,-1,-0.01,-1,-1,-0.01,-1,-1,-0.01,-1,-1,-0.01,-1,-1,-0.01,-1,-1,-0.01,-1,-1,-0.01,-1,-1,-0.01,-1,-1,-0.01,-1,-1
99926009,2026-05-18 09:56:52+05:30,52817.65,0,0.0,0,0.0,0.0,53282.15,53308.4,52783.45,53710.35,0,0.0,0.0,0.0,0.0,-0.01,-1,-1,-0.01,-1,-1,-0.01,-1,-1,-0.01,-1,-1,-0.01,-1,-1,-0.01,-1,-1,-0.01,-1,-1,-0.01,-1,-1,-0.01,-1,-1,-0.01,-1,-1
99926009,2026-05-18 09:56:52+05:30,52818.0,0,0.0,0,0.0,0.0,53282.15,53308.4,52783.45,53710.35,0,0.0,0.0,0.0,0.0,-0.01,-1,-1,-0.01,-1,-1,-0.01,-1,-1,-0.01,-1,-1,-0.01,-1,-1,-0.01,-1,-1,-0.01,-1,-1,-0.01,-1,-1,-0.01,-1,-1,-0.01,-1,-1
99926009,2026-05-18 09:56:53+05:30,52819.45,0,0.0,0,0.0,0.0,53282.15,53308.4,52783.45,53710.35,0,0.0,0.0,0.0,0.0,-0.01,-1,-1,-0.01,-1,-1,-0.01,-1,-1,-0.01,-1,-1,-0.01,-1,-1,-0.01,-1,-1,-0.01,-1,-1,-0.01,-1,-1,-0.01,-1,-1,-0.01,-1,-1
99926009,2026-05-18 09:56:53+05:30,52816.1,0,0.0,0,0.0,0.0,53282.15,53308.4,52783.45,53710.35,0,0.0,0.0,0.0,0.0,-0.01,-1,-1,-0.01,-1,-1,-0.01,-1,-1,-0.01,-1,-1,-0.01,-1,-1,-0.01,-1,-1,-0.01,-1,-1,-0.01,-1,-1,-0.01,-1,-1,-0.01,-1,-1
99926009,2026-05-18 09:56:54+05:30,52818.5,0,0.0,0,0.0,0.0,53282.15,53308.4,52783.45,53710.35,0,0.0,0.0,0.0,0.0,-0.01,-1,-1,-0.01,-1,-1,-0.01,-1,-1,-0.01,-1,-1,-0.01,-1,-1,-0.01,-1,-1,-0.01,-1,-1,-0.01,-1,-1,-0.01,-1,-1,-0.01,-1,-1
99926009,2026-05-18 09:56:54+05:30,52814.5,0,0.0,0,0.0,0.0,53282.15,53308.4,52783.45,53710.35,0,0.0,0.0,0.0,0.0,-0.01,-1,-1,-0.01,-1,-1,-0.01,-1,-1,-0.01,-1,-1,-0.01,-1,-1,-0.01,-1,-1,-0.01,-1,-1,-0.01,-1,-1,-0.01,-1,-1,-0.01,-1,-1
99926009,2026-05-18 09:56:55+05:30,52817.0,0,0.0,0,0.0,0.0,53282.15,53308.4,52783.45,53710.35,0,0.0,0.0,0.0,0.0,-0.01,-1,-1,-0.01,-1,-1,-0.01,-1,-1,-0.01,-1,-1,-0.01,-1,-1,-0.01,-1,-1,-0.01,-1,-1,-0.01,-1,-1,-0.01,-1,-1,-0.01,-1,-1
99926009,2026-05-18 09:56:55+05:30,52816.85,0,0.0,0,0.0,0.0,53282.15,53308.4,52783.45,53710.35,0,0.0,0.0,0.0,0.0,-0.01,-1,-1,-0.01,-1,-1,-0.01,-1,-1,-0.01,-1,-1,-0.01,-1,-1,-0.01,-1,-1,-0.01,-1,-1,-0.01,-1,-1,-0.01,-1,-1,-0.01,-1,-1
99926009,2026-05-18 09:56:56+05:30,52818.4,0,0.0,0,0.0,0.0,53282.15,53308.4,52783.45,53710.35,0,0.0,0.0,0.0,0.0,-0.01,-1,-1,-0.01,-1,-1,-0.01,-1,-1,-0.01,-1,-1,-0.01,-1,-1,-0.01,-1,-1,-0.01,-1,-1,-0.01,-1,-1,-0.01,-1,-1,-0.01,-1,-1
99926009,2026-05-18 09:56:56+05:30,52821.45,0,0.0,0,0.0,0.0,53282.15,53308.4,52783.45,53710.35,0,0.0,0.0,0.0,0.0,-0.01,-1,-1,-0.01,-1,-1,-0.01,-1,-1,-0.01,-1,-1,-0.01,-1,-1,-0.01,-1,-1,-0.01,-1,-1,-0.01,-1,-1,-0.01,-1,-1,-0.01,-1,-1
99926009,2026-05-18 09:56:57+05:30,52818.95,0,0.0,0,0.0,0.0,53282.15,53308.4,52783.45,53710.35,0,0.0,0.0,0.0,0.0,-0.01,-1,-1,-0.01,-1,-1,-0.01,-1,-1,-0.01,-1,-1,-0.01,-1,-1,-0.01,-1,-1,-0.01,-1,-1,-0.01,-1,-1,-0.01,-1,-1,-0.01,-1,-1
99926009,2026-05-18 09:56:57+05:30,52817.55,0,0.0,0,0.0,0.0,53282.15,53308.4,52783.45,53710.35,0,0.0,0.0,0.0,0.0,-0.01,-1,-1,-0.01,-1,-1,-0.01,-1,-1,-0.01,-1,-1,-0.01,-1,-1,-0.01,-1,-1,-0.01,-1,-1,-0.01,-1,-1,-0.01,-1,-1,-0.01,-1,-1
99926009,2026-05-18 09:56:58+05:30,52820.4,0,0.0,0,0.0,0.0,53282.15,53308.4,52783.45,53710.35,0,0.0,0.0,0.0,0.0,-0.01,-1,-1,-0.01,-1,-1,-0.01,-1,-1,-0.01,-1,-1,-0.01,-1,-1,-0.01,-1,-1,-0.01,-1,-1,-0.01,-1,-1,-0.01,-1,-1,-0.01,-1,-1
99926009,2026-05-18 09:56:58+05:30,52817.9,0,0.0,0,0.0,0.0,53282.15,53308.4,52783.45,53710.35,0,0.0,0.0,0.0,0.0,-0.01,-1,-1,-0.01,-1,-1,-0.01,-1,-1,-0.01,-1,-1,-0.01,-1,-1,-0.01,-1,-1,-0.01,-1,-1,-0.01,-1,-1,-0.01,-1,-1,-0.01,-1,-1
99926009,2026-05-18 09:56:59+05:30,52815.1,0,0.0,0,0.0,0.0,53282.15,53308.4,52783.45,53710.35,0,0.0,0.0,0.0,0.0,-0.01,-1,-1,-0.01,-1,-1,-0.01,-1,-1,-0.01,-1,-1,-0.01,-1,-1,-0.01,-1,-1,-0.01,-1,-1,-0.01,-1,-1,-0.01,-1,-1,-0.01,-1,-1
99926009,2026-05-18 09:56:59+05:30,52815.85,0,0.0,0,0.0,0.0,53282.15,53308.4,52783.45,53710.35,0,0.0,0.0,0.0,0.0,-0.01,-1,-1,-0.01,-1,-1,-0.01,-1,-1,-0.01,-1,-1,-0.01,-1,-1,-0.01,-1,-1,-0.01,-1,-1,-0.01,-1,-1,-0.01,-1,-1,-0.01,-1,-1
99926009,2026-05-18 09:57:00+05:30,52815.7,0,0.0,0,0.0,0.0,53282.15,53308.4,52783.45,53710.35,0,0.0,0.0,0.0,0.0,-0.01,-1,-1,-0.01,-1,-1,-0.01,-1,-1,-0.01,-1,-1,-0.01,-1,-1,-0.01,-1,-1,-0.01,-1,-1,-0.01,-1,-1,-0.01,-1,-1,-0.01,-1,-1
99926009,2026-05-18 09:57:00+05:30,52815.75,0,0.0,0,0.0,0.0,53282.15,53308.4,52783.45,53710.35,0,0.0,0.0,0.0,0.0,-0.01,-1,-1,-0.01,-1,-1,-0.01,-1,-1,-0.01,-1,-1,-0.01,-1,-1,-0.01,-1,-1,-0.01,-1,-1,-0.01,-1,-1,-0.01,-1,-1,-0.01,-1,-1
99926009,2026-05-18 09:57:01+05:30,52817.95,0,0.0,0,0.0,0.0,53282.15,53308.4,52783.45,53710.35,0,0.0,0.0,0.0,0.0,-0.01,-1,-1,-0.01,-1,-1,-0.01,-1,-1,-0.01,-1,-1,-0.01,-1,-1,-0.01,-1,-1,-0.01,-1,-1,-0.01,-1,-1,-0.01,-1,-1,-0.01,-1,-1
99926009,2026-05-18 09:57:01+05:30,52814.65,0,0.0,0,0.0,0.0,53282.15,53308.4,52783.45,53710.35,0,0.0,0.0,0.0,0.0,-0.01,-1,-1,-0.01,-1,-1,-0.01,-1,-1,-0.01,-1,-1,-0.01,-1,-1,-0.01,-1,-1,-0.01,-1,-1,-0.01,-1,-1,-0.01,-1,-1,-0.01,-1,-1
99926009,2026-05-18 09:57:02+05:30,52814.25,0,0.0,0,0.0,0.0,53282.15,53308.4,52783.45,53710.35,0,0.0,0.0,0.0,0.0,-0.01,-1,-1,-0.01,-1,-1,-0.01,-1,-1,-0.01,-1,-1,-0.01,-1,-1,-0.01,-1,-1,-0.01,-1,-1,-0.01,-1,-1,-0.01,-1,-1,-0.01,-1,-1
99926009,2026-05-18 09:57:02+05:30,52815.25,0,0.0,0,0.0,0.0,53282.15,53308.4,52783.45,53710.35,0,0.0,0.0,0.0,0.0,-0.01,-1,-1,-0.01,-1,-1,-0.01,-1,-1,-0.01,-1,-1,-0.01,-1,-1,-0.01,-1,-1,-0.01,-1,-1,-0.01,-1,-1,-0.01,-1,-1,-0.01,-1,-1
99926009,2026-05-18 09:57:03+05:30,52814.1,0,0.0,0,0.0,0.0,53282.15,53308.4,52783.45,53710.35,0,0.0,0.0,0.0,0.0,-0.01,-1,-1,-0.01,-1,-1,-0.01,-1,-1,-0.01,-1,-1,-0.01,-1,-1,-0.01,-1,-1,-0.01,-1,-1,-0.01,-1,-1,-0.01,-1,-1,-0.01,-1,-1
99926009,2026-05-18 09:57:03+05:30,52816.3,0,0.0,0,0.0,0.0,53282.15,53308.4,52783.45,53710.35,0,0.0,0.0,0.0,0.0,-0.01,-1,-1,-0.01,-1,-1,-0.01,-1,-1,-0.01,-1,-1,-0.01,-1,-1,-0.01,-1,-1,-0.01,-1,-1,-0.01,-1,-1,-0.01,-1,-1,-0.01,-1,-1
99926009,2026-05-18 09:57:04+05:30,52814.0,0,0.0,0,0.0,0.0,53282.15,53308.4,52783.45,53710.35,0,0.0,0.0,0.0,0.0,-0.01,-1,-1,-0.01,-1,-1,-0.01,-1,-1,-0.01,-1,-1,-0.01,-1,-1,-0.01,-1,-1,-0.01,-1,-1,-0.01,-1,-1,-0.01,-1,-1,-0.01,-1,-1
99926009,2026-05-18 09:57:04+05:30,52813.7,0,0.0,0,0.0,0.0,53282.15,53308.4,52783.45,53710.35,0,0.0,0.0,0.0,0.0,-0.01,-1,-1,-0.01,-1,-1,-0.01,-1,-1,-0.01,-1,-1,-0.01,-1,-1,-0.01,-1,-1,-0.01,-1,-1,-0.01,-1,-1,-0.01,-1,-1,-0.01,-1,-1
99926009,2026-05-18 09:57:05+05:30,52811.15,0,0.0,0,0.0,0.0,53282.15,53308.4,52783.45,53710.35,0,0.0,0.0,0.0,0.0,-0.01,-1,-1,-0.01,-1,-1,-0.01,-1,-1,-0.01,-1,-1,-0.01,-1,-1,-0.01,-1,-1,-0.01,-1,-1,-0.01,-1,-1,-0.01,-1,-1,-0.01,-1,-1
99926009,2026-05-18 09:57:05+05:30,52812.0,0,0.0,0,0.0,0.0,53282.15,53308.4,52783.45,53710.35,0,0.0,0.0,0.0,0.0,-0.01,-1,-1,-0.01,-1,-1,-0.01,-1,-1,-0.01,-1,-1,-0.01,-1,-1,-0.01,-1,-1,-0.01,-1,-1,-0.01,-1,-1,-0.01,-1,-1,-0.01,-1,-1
99926009,2026-05-18 09:57:06+05:30,52811.9,0,0.0,0,0.0,0.0,53282.15,53308.4,52783.45,53710.35,0,0.0,0.0,0.0,0.0,-0.01,-1,-1,-0.01,-1,-1,-0.01,-1,-1,-0.01,-1,-1,-0.01,-1,-1,-0.01,-1,-1,-0.01,-1,-1,-0.01,-1,-1,-0.01,-1,-1,-0.01,-1,-1
99926009,2026-05-18 09:57:06+05:30,52812.5,0,0.0,0,0.0,0.0,53282.15,53308.4,52783.45,53710.35,0,0.0,0.0,0.0,0.0,-0.01,-1,-1,-0.01,-1,-1,-0.01,-1,-1,-0.01,-1,-1,-0.01,-1,-1,-0.01,-1,-1,-0.01,-1,-1,-0.01,-1,-1,-0.01,-1,-1,-0.01,-1,-1
99926009,2026-05-18 09:57:07+05:30,52815.35,0,0.0,0,0.0,0.0,53282.15,53308.4,52783.45,53710.35,0,0.0,0.0,0.0,0.0,-0.01,-1,-1,-0.01,-1,-1,-0.01,-1,-1,-0.01,-1,-1,-0.01,-1,-1,-0.01,-1,-1,-0.01,-1,-1,-0.01,-1,-1,-0.01,-1,-1,-0.01,-1,-1
99926009,2026-05-18 09:57:07+05:30,52813.45,0,0.0,0,0.0,0.0,53282.15,53308.4,52783.45,53710.35,0,0.0,0.0,0.0,0.0,-0.01,-1,-1,-0.01,-1,-1,-0.01,-1,-1,-0.01,-1,-1,-0.01,-1,-1,-0.01,-1,-1,-0.01,-1,-1,-0.01,-1,-1,-0.01,-1,-1,-0.01,-1,-1
99926009,2026-05-18 09:57:08+05:30,52813.25,0,0.0,0,0.0,0.0,53282.15,53308.4,52783.45,53710.35,0,0.0,0.0,0.0,0.0,-0.01,-1,-1,-0.01,-1,-1,-0.01,-1,-1,-0.01,-1,-1,-0.01,-1,-1,-0.01,-1,-1,-0.01,-1,-1,-0.01,-1,-1,-0.01,-1,-1,-0.01,-1,-1
99926009,2026-05-18 09:57:08+05:30,52811.9,0,0.0,0,0.0,0.0,53282.15,53308.4,52783.45,53710.35,0,0.0,0.0,0.0,0.0,-0.01,-1,-1,-0.01,-1,-1,-0.01,-1,-1,-0.01,-1,-1,-0.01,-1,-1,-0.01,-1,-1,-0.01,-1,-1,-0.01,-1,-1,-0.01,-1,-1,-0.01,-1,-1
99926009,2026-05-18 09:57:09+05:30,52812.4,0,0.0,0,0.0,0.0,53282.15,53308.4,52783.45,53710.35,0,0.0,0.0,0.0,0.0,-0.01,-1,-1,-0.01,-1,-1,-0.01,-1,-1,-0.01,-1,-1,-0.01,-1,-1,-0.01,-1,-1,-0.01,-1,-1,-0.01,-1,-1,-0.01,-1,-1,-0.01,-1,-1
99926009,2026-05-18 09:57:09+05:30,52815.85,0,0.0,0,0.0,0.0,53282.15,53308.4,52783.45,53710.35,0,0.0,0.0,0.0,0.0,-0.01,-1,-1,-0.01,-1,-1,-0.01,-1,-1,-0.01,-1,-1,-0.01,-1,-1,-0.01,-1,-1,-0.01,-1,-1,-0.01,-1,-1,-0.01,-1,-1,-0.01,-1,-1
99926009,2026-05-18 09:57:10+05:30,52816.25,0,0.0,0,0.0,0.0,53282.15,53308.4,52783.45,53710.35,0,0.0,0.0,0.0,0.0,-0.01,-1,-1,-0.01,-1,-1,-0.01,-1,-1,-0.01,-1,-1,-0.01,-1,-1,-0.01,-1,-1,-0.01,-1,-1,-0.01,-1,-1,-0.01,-1,-1,-0.01,-1,-1
99926009,2026-05-18 09:57:10+05:30,52817.6,0,0.0,0,0.0,0.0,53282.15,53308.4,52783.45,53710.35,0,0.0,0.0,0.0,0.0,-0.01,-1,-1,-0.01,-1,-1,-0.01,-1,-1,-0.01,-1,-1,-0.01,-1,-1,-0.01,-1,-1,-0.01,-1,-1,-0.01,-1,-1,-0.01,-1,-1,-0.01,-1,-1
99926009,2026-05-18 09:57:11+05:30,52813.6,0,0.0,0,0.0,0.0,53282.15,53308.4,52783.45,53710.35,0,0.0,0.0,0.0,0.0,-0.01,-1,-1,-0.01,-1,-1,-0.01,-1,-1,-0.01,-1,-1,-0.01,-1,-1,-0.01,-1,-1,-0.01,-1,-1,-0.01,-1,-1,-0.01,-1,-1,-0.01,-1,-1
99926009,2026-05-18 09:57:11+05:30,52818.7,0,0.0,0,0.0,0.0,53282.15,53308.4,52783.45,53710.35,0,0.0,0.0,0.0,0.0,-0.01,-1,-1,-0.01,-1,-1,-0.01,-1,-1,-0.01,-1,-1,-0.01,-1,-1,-0.01,-1,-1,-0.01,-1,-1,-0.01,-1,-1,-0.01,-1,-1,-0.01,-1,-1
99926009,2026-05-18 09:57:12+05:30,52820.25,0,0.0,0,0.0,0.0,53282.15,53308.4,52783.45,53710.35,0,0.0,0.0,0.0,0.0,-0.01,-1,-1,-0.01,-1,-1,-0.01,-1,-1,-0.01,-1,-1,-0.01,-1,-1,-0.01,-1,-1,-0.01,-1,-1,-0.01,-1,-1,-0.01,-1,-1,-0.01,-1,-1
99926009,2026-05-18 09:57:12+05:30,52815.35,0,0.0,0,0.0,0.0,53282.15,53308.4,52783.45,53710.35,0,0.0,0.0,0.0,0.0,-0.01,-1,-1,-0.01,-1,-1,-0.01,-1,-1,-0.01,-1,-1,-0.01,-1,-1,-0.01,-1,-1,-0.01,-1,-1,-0.01,-1,-1,-0.01,-1,-1,-0.01,-1,-1
99926009,2026-05-18 09:57:13+05:30,52814.95,0,0.0,0,0.0,0.0,53282.15,53308.4,52783.45,53710.35,0,0.0,0.0,0.0,0.0,-0.01,-1,-1,-0.01,-1,-1,-0.01,-1,-1,-0.01,-1,-1,-0.01,-1,-1,-0.01,-1,-1,-0.01,-1,-1,-0.01,-1,-1,-0.01,-1,-1,-0.01,-1,-1
99926009,2026-05-18 09:57:13+05:30,52814.9,0,0.0,0,0.0,0.0,53282.15,53308.4,52783.45,53710.35,0,0.0,0.0,0.0,0.0,-0.01,-1,-1,-0.01,-1,-1,-0.01,-1,-1,-0.01,-1,-1,-0.01,-1,-1,-0.01,-1,-1,-0.01,-1,-1,-0.01,-1,-1,-0.01,-1,-1,-0.01,-1,-1
99926009,2026-05-18 09:57:14+05:30,52813.9,0,0.0,0,0.0,0.0,53282.15,53308.4,52783.45,53710.35,0,0.0,0.0,0.0,0.0,-0.01,-1,-1,-0.01,-1,-1,-0.01,-1,-1,-0.01,-1,-1,-0.01,-1,-1,-0.01,-1,-1,-0.01,-1,-1,-0.01,-1,-1,-0.01,-1,-1,-0.01,-1,-1
99926009,2026-05-18 09:57:14+05:30,52813.15,0,0.0,0,0.0,0.0,53282.15,53308.4,52783.45,53710.35,0,0.0,0.0,0.0,0.0,-0.01,-1,-1,-0.01,-1,-1,-0.01,-1,-1,-0.01,-1,-1,-0.01,-1,-1,-0.01,-1,-1,-0.01,-1,-1,-0.01,-1,-1,-0.01,-1,-1,-0.01,-1,-1
99926009,2026-05-18 09:57:15+05:30,52815.8,0,0.0,0,0.0,0.0,53282.15,53308.4,52783.45,53710.35,0,0.0,0.0,0.0,0.0,-0.01,-1,-1,-0.01,-1,-1,-0.01,-1,-1,-0.01,-1,-1,-0.01,-1,-1,-0.01,-1,-1,-0.01,-1,-1,-0.01,-1,-1,-0.01,-1,-1,-0.01,-1,-1
99926009,2026-05-18 09:57:15+05:30,52814.7,0,0.0,0,0.0,0.0,53282.15,53308.4,52783.45,53710.35,0,0.0,0.0,0.0,0.0,-0.01,-1,-1,-0.01,-1,-1,-0.01,-1,-1,-0.01,-1,-1,-0.01,-1,-1,-0.01,-1,-1,-0.01,-1,-1,-0.01,-1,-1,-0.01,-1,-1,-0.01,-1,-1
99926009,2026-05-18 09:57:16+05:30,52818.35,0,0.0,0,0.0,0.0,53282.15,53308.4,52783.45,53710.35,0,0.0,0.0,0.0,0.0,-0.01,-1,-1,-0.01,-1,-1,-0.01,-1,-1,-0.01,-1,-1,-0.01,-1,-1,-0.01,-1,-1,-0.01,-1,-1,-0.01,-1,-1,-0.01,-1,-1,-0.01,-1,-1
99926009,2026-05-18 09:57:16+05:30,52818.55,0,0.0,0,0.0,0.0,53282.15,53308.4,52783.45,53710.35,0,0.0,0.0,0.0,0.0,-0.01,-1,-1,-0.01,-1,-1,-0.01,-1,-1,-0.01,-1,-1,-0.01,-1,-1,-0.01,-1,-1,-0.01,-1,-1,-0.01,-1,-1,-0.01,-1,-1,-0.01,-1,-1
99926009,2026-05-18 09:57:17+05:30,52818.55,0,0.0,0,0.0,0.0,53282.15,53308.4,52783.45,53710.35,0,0.0,0.0,0.0,0.0,-0.01,-1,-1,-0.01,-1,-1,-0.01,-1,-1,-0.01,-1,-1,-0.01,-1,-1,-0.01,-1,-1,-0.01,-1,-1,-0.01,-1,-1,-0.01,-1,-1,-0.01,-1,-1
99926009,2026-05-18 09:57:17+05:30,52819.1,0,0.0,0,0.0,0.0,53282.15,53308.4,52783.45,53710.35,0,0.0,0.0,0.0,0.0,-0.01,-1,-1,-0.01,-1,-1,-0.01,-1,-1,-0.01,-1,-1,-0.01,-1,-1,-0.01,-1,-1,-0.01,-1,-1,-0.01,-1,-1,-0.01,-1,-1,-0.01,-1,-1
99926009,2026-05-18 09:57:18+05:30,52820.15,0,0.0,0,0.0,0.0,53282.15,53308.4,52783.45,53710.35,0,0.0,0.0,0.0,0.0,-0.01,-1,-1,-0.01,-1,-1,-0.01,-1,-1,-0.01,-1,-1,-0.01,-1,-1,-0.01,-1,-1,-0.01,-1,-1,-0.01,-1,-1,-0.01,-1,-1,-0.01,-1,-1
99926009,2026-05-18 09:57:18+05:30,52822.2,0,0.0,0,0.0,0.0,53282.15,53308.4,52783.45,53710.35,0,0.0,0.0,0.0,0.0,-0.01,-1,-1,-0.01,-1,-1,-0.01,-1,-1,-0.01,-1,-1,-0.01,-1,-1,-0.01,-1,-1,-0.01,-1,-1,-0.01,-1,-1,-0.01,-1,-1,-0.01,-1,-1
99926009,2026-05-18 09:57:19+05:30,52819.6,0,0.0,0,0.0,0.0,53282.15,53308.4,52783.45,53710.35,0,0.0,0.0,0.0,0.0,-0.01,-1,-1,-0.01,-1,-1,-0.01,-1,-1,-0.01,-1,-1,-0.01,-1,-1,-0.01,-1,-1,-0.01,-1,-1,-0.01,-1,-1,-0.01,-1,-1,-0.01,-1,-1
99926009,2026-05-18 09:57:19+05:30,52821.55,0,0.0,0,0.0,0.0,53282.15,53308.4,52783.45,53710.35,0,0.0,0.0,0.0,0.0,-0.01,-1,-1,-0.01,-1,-1,-0.01,-1,-1,-0.01,-1,-1,-0.01,-1,-1,-0.01,-1,-1,-0.01,-1,-1,-0.01,-1,-1,-0.01,-1,-1,-0.01,-1,-1
99926009,2026-05-18 09:57:20+05:30,52813.75,0,0.0,0,0.0,0.0,53282.15,53308.4,52783.45,53710.35,0,0.0,0.0,0.0,0.0,-0.01,-1,-1,-0.01,-1,-1,-0.01,-1,-1,-0.01,-1,-1,-0.01,-1,-1,-0.01,-1,-1,-0.01,-1,-1,-0.01,-1,-1,-0.01,-1,-1,-0.01,-1,-1
99926009,2026-05-18 09:57:20+05:30,52814.55,0,0.0,0,0.0,0.0,53282.15,53308.4,52783.45,53710.35,0,0.0,0.0,0.0,0.0,-0.01,-1,-1,-0.01,-1,-1,-0.01,-1,-1,-0.01,-1,-1,-0.01,-1,-1,-0.01,-1,-1,-0.01,-1,-1,-0.01,-1,-1,-0.01,-1,-1,-0.01,-1,-1
99926009,2026-05-18 09:57:21+05:30,52815.3,0,0.0,0,0.0,0.0,53282.15,53308.4,52783.45,53710.35,0,0.0,0.0,0.0,0.0,-0.01,-1,-1,-0.01,-1,-1,-0.01,-1,-1,-0.01,-1,-1,-0.01,-1,-1,-0.01,-1,-1,-0.01,-1,-1,-0.01,-1,-1,-0.01,-1,-1,-0.01,-1,-1
99926009,2026-05-18 09:57:21+05:30,52811.6,0,0.0,0,0.0,0.0,53282.15,53308.4,52783.45,53710.35,0,0.0,0.0,0.0,0.0,-0.01,-1,-1,-0.01,-1,-1,-0.01,-1,-1,-0.01,-1,-1,-0.01,-1,-1,-0.01,-1,-1,-0.01,-1,-1,-0.01,-1,-1,-0.01,-1,-1,-0.01,-1,-1
99926009,2026-05-18 09:57:22+05:30,52809.95,0,0.0,0,0.0,0.0,53282.15,53308.4,52783.45,53710.35,0,0.0,0.0,0.0,0.0,-0.01,-1,-1,-0.01,-1,-1,-0.01,-1,-1,-0.01,-1,-1,-0.01,-1,-1,-0.01,-1,-1,-0.01,-1,-1,-0.01,-1,-1,-0.01,-1,-1,-0.01,-1,-1
99926009,2026-05-18 09:57:22+05:30,52809.65,0,0.0,0,0.0,0.0,53282.15,53308.4,52783.45,53710.35,0,0.0,0.0,0.0,0.0,-0.01,-1,-1,-0.01,-1,-1,-0.01,-1,-1,-0.01,-1,-1,-0.01,-1,-1,-0.01,-1,-1,-0.01,-1,-1,-0.01,-1,-1,-0.01,-1,-1,-0.01,-1,-1
99926009,2026-05-18 09:57:23+05:30,52809.25,0,0.0,0,0.0,0.0,53282.15,53308.4,52783.45,53710.35,0,0.0,0.0,0.0,0.0,-0.01,-1,-1,-0.01,-1,-1,-0.01,-1,-1,-0.01,-1,-1,-0.01,-1,-1,-0.01,-1,-1,-0.01,-1,-1,-0.01,-1,-1,-0.01,-1,-1,-0.01,-1,-1
99926009,2026-05-18 09:57:23+05:30,52808.8,0,0.0,0,0.0,0.0,53282.15,53308.4,52783.45,53710.35,0,0.0,0.0,0.0,0.0,-0.01,-1,-1,-0.01,-1,-1,-0.01,-1,-1,-0.01,-1,-1,-0.01,-1,-1,-0.01,-1,-1,-0.01,-1,-1,-0.01,-1,-1,-0.01,-1,-1,-0.01,-1,-1
99926009,2026-05-18 09:57:24+05:30,52811.95,0,0.0,0,0.0,0.0,53282.15,53308.4,52783.45,53710.35,0,0.0,0.0,0.0,0.0,-0.01,-1,-1,-0.01,-1,-1,-0.01,-1,-1,-0.01,-1,-1,-0.01,-1,-1,-0.01,-1,-1,-0.01,-1,-1,-0.01,-1,-1,-0.01,-1,-1,-0.01,-1,-1
99926009,2026-05-18 09:57:24+05:30,52811.85,0,0.0,0,0.0,0.0,53282.15,53308.4,52783.45,53710.35,0,0.0,0.0,0.0,0.0,-0.01,-1,-1,-0.01,-1,-1,-0.01,-1,-1,-0.01,-1,-1,-0.01,-1,-1,-0.01,-1,-1,-0.01,-1,-1,-0.01,-1,-1,-0.01,-1,-1,-0.01,-1,-1
99926009,2026-05-18 09:57:25+05:30,52810.85,0,0.0,0,0.0,0.0,53282.15,53308.4,52783.45,53710.35,0,0.0,0.0,0.0,0.0,-0.01,-1,-1,-0.01,-1,-1,-0.01,-1,-1,-0.01,-1,-1,-0.01,-1,-1,-0.01,-1,-1,-0.01,-1,-1,-0.01,-1,-1,-0.01,-1,-1,-0.01,-1,-1
99926009,2026-05-18 09:57:25+05:30,52813.9,0,0.0,0,0.0,0.0,53282.15,53308.4,52783.45,53710.35,0,0.0,0.0,0.0,0.0,-0.01,-1,-1,-0.01,-1,-1,-0.01,-1,-1,-0.01,-1,-1,-0.01,-1,-1,-0.01,-1,-1,-0.01,-1,-1,-0.01,-1,-1,-0.01,-1,-1,-0.01,-1,-1
99926009,2026-05-18 09:57:26+05:30,52809.55,0,0.0,0,0.0,0.0,53282.15,53308.4,52783.45,53710.35,0,0.0,0.0,0.0,0.0,-0.01,-1,-1,-0.01,-1,-1,-0.01,-1,-1,-0.01,-1,-1,-0.01,-1,-1,-0.01,-1,-1,-0.01,-1,-1,-0.01,-1,-1,-0.01,-1,-1,-0.01,-1,-1
99926009,2026-05-18 09:57:26+05:30,52809.7,0,0.0,0,0.0,0.0,53282.15,53308.4,52783.45,53710.35,0,0.0,0.0,0.0,0.0,-0.01,-1,-1,-0.01,-1,-1,-0.01,-1,-1,-0.01,-1,-1,-0.01,-1,-1,-0.01,-1,-1,-0.01,-1,-1,-0.01,-1,-1,-0.01,-1,-1,-0.01,-1,-1
99926009,2026-05-18 09:57:27+05:30,52810.4,0,0.0,0,0.0,0.0,53282.15,53308.4,52783.45,53710.35,0,0.0,0.0,0.0,0.0,-0.01,-1,-1,-0.01,-1,-1,-0.01,-1,-1,-0.01,-1,-1,-0.01,-1,-1,-0.01,-1,-1,-0.01,-1,-1,-0.01,-1,-1,-0.01,-1,-1,-0.01,-1,-1
99926009,2026-05-18 09:57:27+05:30,52809.95,0,0.0,0,0.0,0.0,53282.15,53308.4,52783.45,53710.35,0,0.0,0.0,0.0,0.0,-0.01,-1,-1,-0.01,-1,-1,-0.01,-1,-1,-0.01,-1,-1,-0.01,-1,-1,-0.01,-1,-1,-0.01,-1,-1,-0.01,-1,-1,-0.01,-1,-1,-0.01,-1,-1
99926009,2026-05-18 09:57:28+05:30,52809.0,0,0.0,0,0.0,0.0,53282.15,53308.4,52783.45,53710.35,0,0.0,0.0,0.0,0.0,-0.01,-1,-1,-0.01,-1,-1,-0.01,-1,-1,-0.01,-1,-1,-0.01,-1,-1,-0.01,-1,-1,-0.01,-1,-1,-0.01,-1,-1,-0.01,-1,-1,-0.01,-1,-1
99926009,2026-05-18 09:57:28+05:30,52807.0,0,0.0,0,0.0,0.0,53282.15,53308.4,52783.45,53710.35,0,0.0,0.0,0.0,0.0,-0.01,-1,-1,-0.01,-1,-1,-0.01,-1,-1,-0.01,-1,-1,-0.01,-1,-1,-0.01,-1,-1,-0.01,-1,-1,-0.01,-1,-1,-0.01,-1,-1,-0.01,-1,-1
99926009,2026-05-18 09:57:29+05:30,52807.45,0,0.0,0,0.0,0.0,53282.15,53308.4,52783.45,53710.35,0,0.0,0.0,0.0,0.0,-0.01,-1,-1,-0.01,-1,-1,-0.01,-1,-1,-0.01,-1,-1,-0.01,-1,-1,-0.01,-1,-1,-0.01,-1,-1,-0.01,-1,-1,-0.01,-1,-1,-0.01,-1,-1
99926009,2026-05-18 09:57:29+05:30,52809.35,0,0.0,0,0.0,0.0,53282.15,53308.4,52783.45,53710.35,0,0.0,0.0,0.0,0.0,-0.01,-1,-1,-0.01,-1,-1,-0.01,-1,-1,-0.01,-1,-1,-0.01,-1,-1,-0.01,-1,-1,-0.01,-1,-1,-0.01,-1,-1,-0.01,-1,-1,-0.01,-1,-1
99926009,2026-05-18 09:57:30+05:30,52811.05,0,0.0,0,0.0,0.0,53282.15,53308.4,52783.45,53710.35,0,0.0,0.0,0.0,0.0,-0.01,-1,-1,-0.01,-1,-1,-0.01,-1,-1,-0.01,-1,-1,-0.01,-1,-1,-0.01,-1,-1,-0.01,-1,-1,-0.01,-1,-1,-0.01,-1,-1,-0.01,-1,-1
99926009,2026-05-18 09:57:30+05:30,52812.15,0,0.0,0,0.0,0.0,53282.15,53308.4,52783.45,53710.35,0,0.0,0.0,0.0,0.0,-0.01,-1,-1,-0.01,-1,-1,-0.01,-1,-1,-0.01,-1,-1,-0.01,-1,-1,-0.01,-1,-1,-0.01,-1,-1,-0.01,-1,-1,-0.01,-1,-1,-0.01,-1,-1
99926009,2026-05-18 09:57:31+05:30,52810.05,0,0.0,0,0.0,0.0,53282.15,53308.4,52783.45,53710.35,0,0.0,0.0,0.0,0.0,-0.01,-1,-1,-0.01,-1,-1,-0.01,-1,-1,-0.01,-1,-1,-0.01,-1,-1,-0.01,-1,-1,-0.01,-1,-1,-0.01,-1,-1,-0.01,-1,-1,-0.01,-1,-1
99926009,2026-05-18 09:57:31+05:30,52809.8,0,0.0,0,0.0,0.0,53282.15,53308.4,52783.45,53710.35,0,0.0,0.0,0.0,0.0,-0.01,-1,-1,-0.01,-1,-1,-0.01,-1,-1,-0.01,-1,-1,-0.01,-1,-1,-0.01,-1,-1,-0.01,-1,-1,-0.01,-1,-1,-0.01,-1,-1,-0.01,-1,-1
99926009,2026-05-18 09:57:32+05:30,52808.25,0,0.0,0,0.0,0.0,53282.15,53308.4,52783.45,53710.35,0,0.0,0.0,0.0,0.0,-0.01,-1,-1,-0.01,-1,-1,-0.01,-1,-1,-0.01,-1,-1,-0.01,-1,-1,-0.01,-1,-1,-0.01,-1,-1,-0.01,-1,-1,-0.01,-1,-1,-0.01,-1,-1
99926009,2026-05-18 09:57:32+05:30,52806.65,0,0.0,0,0.0,0.0,53282.15,53308.4,52783.45,53710.35,0,0.0,0.0,0.0,0.0,-0.01,-1,-1,-0.01,-1,-1,-0.01,-1,-1,-0.01,-1,-1,-0.01,-1,-1,-0.01,-1,-1,-0.01,-1,-1,-0.01,-1,-1,-0.01,-1,-1,-0.01,-1,-1
99926009,2026-05-18 09:57:33+05:30,52811.3,0,0.0,0,0.0,0.0,53282.15,53308.4,52783.45,53710.35,0,0.0,0.0,0.0,0.0,-0.01,-1,-1,-0.01,-1,-1,-0.01,-1,-1,-0.01,-1,-1,-0.01,-1,-1,-0.01,-1,-1,-0.01,-1,-1,-0.01,-1,-1,-0.01,-1,-1,-0.01,-1,-1
99926009,2026-05-18 09:57:33+05:30,52809.65,0,0.0,0,0.0,0.0,53282.15,53308.4,52783.45,53710.35,0,0.0,0.0,0.0,0.0,-0.01,-1,-1,-0.01,-1,-1,-0.01,-1,-1,-0.01,-1,-1,-0.01,-1,-1,-0.01,-1,-1,-0.01,-1,-1,-0.01,-1,-1,-0.01,-1,-1,-0.01,-1,-1
99926009,2026-05-18 09:57:34+05:30,52807.7,0,0.0,0,0.0,0.0,53282.15,53308.4,52783.45,53710.35,0,0.0,0.0,0.0,0.0,-0.01,-1,-1,-0.01,-1,-1,-0.01,-1,-1,-0.01,-1,-1,-0.01,-1,-1,-0.01,-1,-1,-0.01,-1,-1,-0.01,-1,-1,-0.01,-1,-1,-0.01,-1,-1
99926009,2026-05-18 09:57:34+05:30,52809.45,0,0.0,0,0.0,0.0,53282.15,53308.4,52783.45,53710.35,0,0.0,0.0,0.0,0.0,-0.01,-1,-1,-0.01,-1,-1,-0.01,-1,-1,-0.01,-1,-1,-0.01,-1,-1,-0.01,-1,-1,-0.01,-1,-1,-0.01,-1,-1,-0.01,-1,-1,-0.01,-1,-1
99926009,2026-05-18 09:57:35+05:30,52808.5,0,0.0,0,0.0,0.0,53282.15,53308.4,52783.45,53710.35,0,0.0,0.0,0.0,0.0,-0.01,-1,-1,-0.01,-1,-1,-0.01,-1,-1,-0.01,-1,-1,-0.01,-1,-1,-0.01,-1,-1,-0.01,-1,-1,-0.01,-1,-1,-0.01,-1,-1,-0.01,-1,-1
99926009,2026-05-18 09:57:35+05:30,52810.85,0,0.0,0,0.0,0.0,53282.15,53308.4,52783.45,53710.35,0,0.0,0.0,0.0,0.0,-0.01,-1,-1,-0.01,-1,-1,-0.01,-1,-1,-0.01,-1,-1,-0.01,-1,-1,-0.01,-1,-1,-0.01,-1,-1,-0.01,-1,-1,-0.01,-1,-1,-0.01,-1,-1
99926009,2026-05-18 09:57:36+05:30,52808.6,0,0.0,0,0.0,0.0,53282.15,53308.4,52783.45,53710.35,0,0.0,0.0,0.0,0.0,-0.01,-1,-1,-0.01,-1,-1,-0.01,-1,-1,-0.01,-1,-1,-0.01,-1,-1,-0.01,-1,-1,-0.01,-1,-1,-0.01,-1,-1,-0.01,-1,-1,-0.01,-1,-1
99926009,2026-05-18 09:57:36+05:30,52810.1,0,0.0,0,0.0,0.0,53282.15,53308.4,52783.45,53710.35,0,0.0,0.0,0.0,0.0,-0.01,-1,-1,-0.01,-1,-1,-0.01,-1,-1,-0.01,-1,-1,-0.01,-1,-1,-0.01,-1,-1,-0.01,-1,-1,-0.01,-1,-1,-0.01,-1,-1,-0.01,-1,-1
99926009,2026-05-18 09:57:37+05:30,52806.75,0,0.0,0,0.0,0.0,53282.15,53308.4,52783.45,53710.35,0,0.0,0.0,0.0,0.0,-0.01,-1,-1,-0.01,-1,-1,-0.01,-1,-1,-0.01,-1,-1,-0.01,-1,-1,-0.01,-1,-1,-0.01,-1,-1,-0.01,-1,-1,-0.01,-1,-1,-0.01,-1,-1
99926009,2026-05-18 09:57:37+05:30,52805.35,0,0.0,0,0.0,0.0,53282.15,53308.4,52783.45,53710.35,0,0.0,0.0,0.0,0.0,-0.01,-1,-1,-0.01,-1,-1,-0.01,-1,-1,-0.01,-1,-1,-0.01,-1,-1,-0.01,-1,-1,-0.01,-1,-1,-0.01,-1,-1,-0.01,-1,-1,-0.01,-1,-1
99926009,2026-05-18 09:57:38+05:30,52801.9,0,0.0,0,0.0,0.0,53282.15,53308.4,52783.45,53710.35,0,0.0,0.0,0.0,0.0,-0.01,-1,-1,-0.01,-1,-1,-0.01,-1,-1,-0.01,-1,-1,-0.01,-1,-1,-0.01,-1,-1,-0.01,-1,-1,-0.01,-1,-1,-0.01,-1,-1,-0.01,-1,-1
99926009,2026-05-18 09:57:38+05:30,52804.75,0,0.0,0,0.0,0.0,53282.15,53308.4,52783.45,53710.35,0,0.0,0.0,0.0,0.0,-0.01,-1,-1,-0.01,-1,-1,-0.01,-1,-1,-0.01,-1,-1,-0.01,-1,-1,-0.01,-1,-1,-0.01,-1,-1,-0.01,-1,-1,-0.01,-1,-1,-0.01,-1,-1
99926009,2026-05-18 09:57:39+05:30,52805.3,0,0.0,0,0.0,0.0,53282.15,53308.4,52783.45,53710.35,0,0.0,0.0,0.0,0.0,-0.01,-1,-1,-0.01,-1,-1,-0.01,-1,-1,-0.01,-1,-1,-0.01,-1,-1,-0.01,-1,-1,-0.01,-1,-1,-0.01,-1,-1,-0.01,-1,-1,-0.01,-1,-1
99926009,2026-05-18 09:57:39+05:30,52805.9,0,0.0,0,0.0,0.0,53282.15,53308.4,52783.45,53710.35,0,0.0,0.0,0.0,0.0,-0.01,-1,-1,-0.01,-1,-1,-0.01,-1,-1,-0.01,-1,-1,-0.01,-1,-1,-0.01,-1,-1,-0.01,-1,-1,-0.01,-1,-1,-0.01,-1,-1,-0.01,-1,-1
99926009,2026-05-18 09:57:40+05:30,52802.65,0,0.0,0,0.0,0.0,53282.15,53308.4,52783.45,53710.35,0,0.0,0.0,0.0,0.0,-0.01,-1,-1,-0.01,-1,-1,-0.01,-1,-1,-0.01,-1,-1,-0.01,-1,-1,-0.01,-1,-1,-0.01,-1,-1,-0.01,-1,-1,-0.01,-1,-1,-0.01,-1,-1
99926009,2026-05-18 09:57:40+05:30,52804.7,0,0.0,0,0.0,0.0,53282.15,53308.4,52783.45,53710.35,0,0.0,0.0,0.0,0.0,-0.01,-1,-1,-0.01,-1,-1,-0.01,-1,-1,-0.01,-1,-1,-0.01,-1,-1,-0.01,-1,-1,-0.01,-1,-1,-0.01,-1,-1,-0.01,-1,-1,-0.01,-1,-1
99926009,2026-05-18 09:57:41+05:30,52804.1,0,0.0,0,0.0,0.0,53282.15,53308.4,52783.45,53710.35,0,0.0,0.0,0.0,0.0,-0.01,-1,-1,-0.01,-1,-1,-0.01,-1,-1,-0.01,-1,-1,-0.01,-1,-1,-0.01,-1,-1,-0.01,-1,-1,-0.01,-1,-1,-0.01,-1,-1,-0.01,-1,-1
99926009,2026-05-18 09:57:41+05:30,52806.55,0,0.0,0,0.0,0.0,53282.15,53308.4,52783.45,53710.35,0,0.0,0.0,0.0,0.0,-0.01,-1,-1,-0.01,-1,-1,-0.01,-1,-1,-0.01,-1,-1,-0.01,-1,-1,-0.01,-1,-1,-0.01,-1,-1,-0.01,-1,-1,-0.01,-1,-1,-0.01,-1,-1
99926009,2026-05-18 09:57:42+05:30,52806.35,0,0.0,0,0.0,0.0,53282.15,53308.4,52783.45,53710.35,0,0.0,0.0,0.0,0.0,-0.01,-1,-1,-0.01,-1,-1,-0.01,-1,-1,-0.01,-1,-1,-0.01,-1,-1,-0.01,-1,-1,-0.01,-1,-1,-0.01,-1,-1,-0.01,-1,-1,-0.01,-1,-1
99926009,2026-05-18 09:57:42+05:30,52805.85,0,0.0,0,0.0,0.0,53282.15,53308.4,52783.45,53710.35,0,0.0,0.0,0.0,0.0,-0.01,-1,-1,-0.01,-1,-1,-0.01,-1,-1,-0.01,-1,-1,-0.01,-1,-1,-0.01,-1,-1,-0.01,-1,-1,-0.01,-1,-1,-0.01,-1,-1,-0.01,-1,-1
99926009,2026-05-18 09:57:43+05:30,52801.35,0,0.0,0,0.0,0.0,53282.15,53308.4,52783.45,53710.35,0,0.0,0.0,0.0,0.0,-0.01,-1,-1,-0.01,-1,-1,-0.01,-1,-1,-0.01,-1,-1,-0.01,-1,-1,-0.01,-1,-1,-0.01,-1,-1,-0.01,-1,-1,-0.01,-1,-1,-0.01,-1,-1
99926009,2026-05-18 09:57:43+05:30,52804.45,0,0.0,0,0.0,0.0,53282.15,53308.4,52783.45,53710.35,0,0.0,0.0,0.0,0.0,-0.01,-1,-1,-0.01,-1,-1,-0.01,-1,-1,-0.01,-1,-1,-0.01,-1,-1,-0.01,-1,-1,-0.01,-1,-1,-0.01,-1,-1,-0.01,-1,-1,-0.01,-1,-1
99926009,2026-05-18 09:57:44+05:30,52804.15,0,0.0,0,0.0,0.0,53282.15,53308.4,52783.45,53710.35,0,0.0,0.0,0.0,0.0,-0.01,-1,-1,-0.01,-1,-1,-0.01,-1,-1,-0.01,-1,-1,-0.01,-1,-1,-0.01,-1,-1,-0.01,-1,-1,-0.01,-1,-1,-0.01,-1,-1,-0.01,-1,-1
99926009,2026-05-18 09:57:44+05:30,52803.85,0,0.0,0,0.0,0.0,53282.15,53308.4,52783.45,53710.35,0,0.0,0.0,0.0,0.0,-0.01,-1,-1,-0.01,-1,-1,-0.01,-1,-1,-0.01,-1,-1,-0.01,-1,-1,-0.01,-1,-1,-0.01,-1,-1,-0.01,-1,-1,-0.01,-1,-1,-0.01,-1,-1
99926009,2026-05-18 09:57:45+05:30,52805.4,0,0.0,0,0.0,0.0,53282.15,53308.4,52783.45,53710.35,0,0.0,0.0,0.0,0.0,-0.01,-1,-1,-0.01,-1,-1,-0.01,-1,-1,-0.01,-1,-1,-0.01,-1,-1,-0.01,-1,-1,-0.01,-1,-1,-0.01,-1,-1,-0.01,-1,-1,-0.01,-1,-1
99926009,2026-05-18 09:57:45+05:30,52806.05,0,0.0,0,0.0,0.0,53282.15,53308.4,52783.45,53710.35,0,0.0,0.0,0.0,0.0,-0.01,-1,-1,-0.01,-1,-1,-0.01,-1,-1,-0.01,-1,-1,-0.01,-1,-1,-0.01,-1,-1,-0.01,-1,-1,-0.01,-1,-1,-0.01,-1,-1,-0.01,-1,-1
99926009,2026-05-18 09:57:46+05:30,52803.8,0,0.0,0,0.0,0.0,53282.15,53308.4,52783.45,53710.35,0,0.0,0.0,0.0,0.0,-0.01,-1,-1,-0.01,-1,-1,-0.01,-1,-1,-0.01,-1,-1,-0.01,-1,-1,-0.01,-1,-1,-0.01,-1,-1,-0.01,-1,-1,-0.01,-1,-1,-0.01,-1,-1
99926009,2026-05-18 09:57:46+05:30,52807.15,0,0.0,0,0.0,0.0,53282.15,53308.4,52783.45,53710.35,0,0.0,0.0,0.0,0.0,-0.01,-1,-1,-0.01,-1,-1,-0.01,-1,-1,-0.01,-1,-1,-0.01,-1,-1,-0.01,-1,-1,-0.01,-1,-1,-0.01,-1,-1,-0.01,-1,-1,-0.01,-1,-1
99926009,2026-05-18 09:57:47+05:30,52808.25,0,0.0,0,0.0,0.0,53282.15,53308.4,52783.45,53710.35,0,0.0,0.0,0.0,0.0,-0.01,-1,-1,-0.01,-1,-1,-0.01,-1,-1,-0.01,-1,-1,-0.01,-1,-1,-0.01,-1,-1,-0.01,-1,-1,-0.01,-1,-1,-0.01,-1,-1,-0.01,-1,-1
99926009,2026-05-18 09:57:47+05:30,52809.1,0,0.0,0,0.0,0.0,53282.15,53308.4,52783.45,53710.35,0,0.0,0.0,0.0,0.0,-0.01,-1,-1,-0.01,-1,-1,-0.01,-1,-1,-0.01,-1,-1,-0.01,-1,-1,-0.01,-1,-1,-0.01,-1,-1,-0.01,-1,-1,-0.01,-1,-1,-0.01,-1,-1
99926009,2026-05-18 09:57:48+05:30,52809.1,0,0.0,0,0.0,0.0,53282.15,53308.4,52783.45,53710.35,0,0.0,0.0,0.0,0.0,-0.01,-1,-1,-0.01,-1,-1,-0.01,-1,-1,-0.01,-1,-1,-0.01,-1,-1,-0.01,-1,-1,-0.01,-1,-1,-0.01,-1,-1,-0.01,-1,-1,-0.01,-1,-1
99926009,2026-05-18 09:57:48+05:30,52808.5,0,0.0,0,0.0,0.0,53282.15,53308.4,52783.45,53710.35,0,0.0,0.0,0.0,0.0,-0.01,-1,-1,-0.01,-1,-1,-0.01,-1,-1,-0.01,-1,-1,-0.01,-1,-1,-0.01,-1,-1,-0.01,-1,-1,-0.01,-1,-1,-0.01,-1,-1,-0.01,-1,-1
99926009,2026-05-18 09:57:49+05:30,52809.9,0,0.0,0,0.0,0.0,53282.15,53308.4,52783.45,53710.35,0,0.0,0.0,0.0,0.0,-0.01,-1,-1,-0.01,-1,-1,-0.01,-1,-1,-0.01,-1,-1,-0.01,-1,-1,-0.01,-1,-1,-0.01,-1,-1,-0.01,-1,-1,-0.01,-1,-1,-0.01,-1,-1
99926009,2026-05-18 09:57:49+05:30,52809.0,0,0.0,0,0.0,0.0,53282.15,53308.4,52783.45,53710.35,0,0.0,0.0,0.0,0.0,-0.01,-1,-1,-0.01,-1,-1,-0.01,-1,-1,-0.01,-1,-1,-0.01,-1,-1,-0.01,-1,-1,-0.01,-1,-1,-0.01,-1,-1,-0.01,-1,-1,-0.01,-1,-1
99926009,2026-05-18 09:57:50+05:30,52809.15,0,0.0,0,0.0,0.0,53282.15,53308.4,52783.45,53710.35,0,0.0,0.0,0.0,0.0,-0.01,-1,-1,-0.01,-1,-1,-0.01,-1,-1,-0.01,-1,-1,-0.01,-1,-1,-0.01,-1,-1,-0.01,-1,-1,-0.01,-1,-1,-0.01,-1,-1,-0.01,-1,-1
99926009,2026-05-18 09:57:50+05:30,52810.8,0,0.0,0,0.0,0.0,53282.15,53308.4,52783.45,53710.35,0,0.0,0.0,0.0,0.0,-0.01,-1,-1,-0.01,-1,-1,-0.01,-1,-1,-0.01,-1,-1,-0.01,-1,-1,-0.01,-1,-1,-0.01,-1,-1,-0.01,-1,-1,-0.01,-1,-1,-0.01,-1,-1
99926009,2026-05-18 09:57:51+05:30,52810.8,0,0.0,0,0.0,0.0,53282.15,53308.4,52783.45,53710.35,0,0.0,0.0,0.0,0.0,-0.01,-1,-1,-0.01,-1,-1,-0.01,-1,-1,-0.01,-1,-1,-0.01,-1,-1,-0.01,-1,-1,-0.01,-1,-1,-0.01,-1,-1,-0.01,-1,-1,-0.01,-1,-1
99926009,2026-05-18 09:57:51+05:30,52810.0,0,0.0,0,0.0,0.0,53282.15,53308.4,52783.45,53710.35,0,0.0,0.0,0.0,0.0,-0.01,-1,-1,-0.01,-1,-1,-0.01,-1,-1,-0.01,-1,-1,-0.01,-1,-1,-0.01,-1,-1,-0.01,-1,-1,-0.01,-1,-1,-0.01,-1,-1,-0.01,-1,-1
99926009,2026-05-18 09:57:52+05:30,52809.1,0,0.0,0,0.0,0.0,53282.15,53308.4,52783.45,53710.35,0,0.0,0.0,0.0,0.0,-0.01,-1,-1,-0.01,-1,-1,-0.01,-1,-1,-0.01,-1,-1,-0.01,-1,-1,-0.01,-1,-1,-0.01,-1,-1,-0.01,-1,-1,-0.01,-1,-1,-0.01,-1,-1
99926009,2026-05-18 09:57:52+05:30,52809.6,0,0.0,0,0.0,0.0,53282.15,53308.4,52783.45,53710.35,0,0.0,0.0,0.0,0.0,-0.01,-1,-1,-0.01,-1,-1,-0.01,-1,-1,-0.01,-1,-1,-0.01,-1,-1,-0.01,-1,-1,-0.01,-1,-1,-0.01,-1,-1,-0.01,-1,-1,-0.01,-1,-1
99926009,2026-05-18 09:57:53+05:30,52813.2,0,0.0,0,0.0,0.0,53282.15,53308.4,52783.45,53710.35,0,0.0,0.0,0.0,0.0,-0.01,-1,-1,-0.01,-1,-1,-0.01,-1,-1,-0.01,-1,-1,-0.01,-1,-1,-0.01,-1,-1,-0.01,-1,-1,-0.01,-1,-1,-0.01,-1,-1,-0.01,-1,-1
99926009,2026-05-18 09:57:53+05:30,52811.1,0,0.0,0,0.0,0.0,53282.15,53308.4,52783.45,53710.35,0,0.0,0.0,0.0,0.0,-0.01,-1,-1,-0.01,-1,-1,-0.01,-1,-1,-0.01,-1,-1,-0.01,-1,-1,-0.01,-1,-1,-0.01,-1,-1,-0.01,-1,-1,-0.01,-1,-1,-0.01,-1,-1
99926009,2026-05-18 09:57:54+05:30,52809.85,0,0.0,0,0.0,0.0,53282.15,53308.4,52783.45,53710.35,0,0.0,0.0,0.0,0.0,-0.01,-1,-1,-0.01,-1,-1,-0.01,-1,-1,-0.01,-1,-1,-0.01,-1,-1,-0.01,-1,-1,-0.01,-1,-1,-0.01,-1,-1,-0.01,-1,-1,-0.01,-1,-1
99926009,2026-05-18 09:57:54+05:30,52804.2,0,0.0,0,0.0,0.0,53282.15,53308.4,52783.45,53710.35,0,0.0,0.0,0.0,0.0,-0.01,-1,-1,-0.01,-1,-1,-0.01,-1,-1,-0.01,-1,-1,-0.01,-1,-1,-0.01,-1,-1,-0.01,-1,-1,-0.01,-1,-1,-0.01,-1,-1,-0.01,-1,-1
99926009,2026-05-18 09:57:55+05:30,52802.65,0,0.0,0,0.0,0.0,53282.15,53308.4,52783.45,53710.35,0,0.0,0.0,0.0,0.0,-0.01,-1,-1,-0.01,-1,-1,-0.01,-1,-1,-0.01,-1,-1,-0.01,-1,-1,-0.01,-1,-1,-0.01,-1,-1,-0.01,-1,-1,-0.01,-1,-1,-0.01,-1,-1
99926009,2026-05-18 09:57:55+05:30,52800.65,0,0.0,0,0.0,0.0,53282.15,53308.4,52783.45,53710.35,0,0.0,0.0,0.0,0.0,-0.01,-1,-1,-0.01,-1,-1,-0.01,-1,-1,-0.01,-1,-1,-0.01,-1,-1,-0.01,-1,-1,-0.01,-1,-1,-0.01,-1,-1,-0.01,-1,-1,-0.01,-1,-1
99926009,2026-05-18 09:57:56+05:30,52801.75,0,0.0,0,0.0,0.0,53282.15,53308.4,52783.45,53710.35,0,0.0,0.0,0.0,0.0,-0.01,-1,-1,-0.01,-1,-1,-0.01,-1,-1,-0.01,-1,-1,-0.01,-1,-1,-0.01,-1,-1,-0.01,-1,-1,-0.01,-1,-1,-0.01,-1,-1,-0.01,-1,-1
99926009,2026-05-18 09:57:56+05:30,52797.35,0,0.0,0,0.0,0.0,53282.15,53308.4,52783.45,53710.35,0,0.0,0.0,0.0,0.0,-0.01,-1,-1,-0.01,-1,-1,-0.01,-1,-1,-0.01,-1,-1,-0.01,-1,-1,-0.01,-1,-1,-0.01,-1,-1,-0.01,-1,-1,-0.01,-1,-1,-0.01,-1,-1
99926009,2026-05-18 09:57:57+05:30,52793.5,0,0.0,0,0.0,0.0,53282.15,53308.4,52783.45,53710.35,0,0.0,0.0,0.0,0.0,-0.01,-1,-1,-0.01,-1,-1,-0.01,-1,-1,-0.01,-1,-1,-0.01,-1,-1,-0.01,-1,-1,-0.01,-1,-1,-0.01,-1,-1,-0.01,-1,-1,-0.01,-1,-1
99926009,2026-05-18 09:57:57+05:30,52799.9,0,0.0,0,0.0,0.0,53282.15,53308.4,52783.45,53710.35,0,0.0,0.0,0.0,0.0,-0.01,-1,-1,-0.01,-1,-1,-0.01,-1,-1,-0.01,-1,-1,-0.01,-1,-1,-0.01,-1,-1,-0.01,-1,-1,-0.01,-1,-1,-0.01,-1,-1,-0.01,-1,-1
99926009,2026-05-18 09:57:58+05:30,52797.0,0,0.0,0,0.0,0.0,53282.15,53308.4,52783.45,53710.35,0,0.0,0.0,0.0,0.0,-0.01,-1,-1,-0.01,-1,-1,-0.01,-1,-1,-0.01,-1,-1,-0.01,-1,-1,-0.01,-1,-1,-0.01,-1,-1,-0.01,-1,-1,-0.01,-1,-1,-0.01,-1,-1
99926009,2026-05-18 09:57:58+05:30,52801.8,0,0.0,0,0.0,0.0,53282.15,53308.4,52783.45,53710.35,0,0.0,0.0,0.0,0.0,-0.01,-1,-1,-0.01,-1,-1,-0.01,-1,-1,-0.01,-1,-1,-0.01,-1,-1,-0.01,-1,-1,-0.01,-1,-1,-0.01,-1,-1,-0.01,-1,-1,-0.01,-1,-1
99926009,2026-05-18 09:57:59+05:30,52796.4,0,0.0,0,0.0,0.0,53282.15,53308.4,52783.45,53710.35,0,0.0,0.0,0.0,0.0,-0.01,-1,-1,-0.01,-1,-1,-0.01,-1,-1,-0.01,-1,-1,-0.01,-1,-1,-0.01,-1,-1,-0.01,-1,-1,-0.01,-1,-1,-0.01,-1,-1,-0.01,-1,-1
99926009,2026-05-18 09:57:59+05:30,52802.95,0,0.0,0,0.0,0.0,53282.15,53308.4,52783.45,53710.35,0,0.0,0.0,0.0,0.0,-0.01,-1,-1,-0.01,-1,-1,-0.01,-1,-1,-0.01,-1,-1,-0.01,-1,-1,-0.01,-1,-1,-0.01,-1,-1,-0.01,-1,-1,-0.01,-1,-1,-0.01,-1,-1
99926009,2026-05-18 09:58:00+05:30,52800.55,0,0.0,0,0.0,0.0,53282.15,53308.4,52783.45,53710.35,0,0.0,0.0,0.0,0.0,-0.01,-1,-1,-0.01,-1,-1,-0.01,-1,-1,-0.01,-1,-1,-0.01,-1,-1,-0.01,-1,-1,-0.01,-1,-1,-0.01,-1,-1,-0.01,-1,-1,-0.01,-1,-1
99926009,2026-05-18 09:58:00+05:30,52802.95,0,0.0,0,0.0,0.0,53282.15,53308.4,52783.45,53710.35,0,0.0,0.0,0.0,0.0,-0.01,-1,-1,-0.01,-1,-1,-0.01,-1,-1,-0.01,-1,-1,-0.01,-1,-1,-0.01,-1,-1,-0.01,-1,-1,-0.01,-1,-1,-0.01,-1,-1,-0.01,-1,-1
99926009,2026-05-18 09:58:01+05:30,52805.85,0,0.0,0,0.0,0.0,53282.15,53308.4,52783.45,53710.35,0,0.0,0.0,0.0,0.0,-0.01,-1,-1,-0.01,-1,-1,-0.01,-1,-1,-0.01,-1,-1,-0.01,-1,-1,-0.01,-1,-1,-0.01,-1,-1,-0.01,-1,-1,-0.01,-1,-1,-0.01,-1,-1
99926009,2026-05-18 09:58:01+05:30,52801.15,0,0.0,0,0.0,0.0,53282.15,53308.4,52783.45,53710.35,0,0.0,0.0,0.0,0.0,-0.01,-1,-1,-0.01,-1,-1,-0.01,-1,-1,-0.01,-1,-1,-0.01,-1,-1,-0.01,-1,-1,-0.01,-1,-1,-0.01,-1,-1,-0.01,-1,-1,-0.01,-1,-1
99926009,2026-05-18 09:58:02+05:30,52799.05,0,0.0,0,0.0,0.0,53282.15,53308.4,52783.45,53710.35,0,0.0,0.0,0.0,0.0,-0.01,-1,-1,-0.01,-1,-1,-0.01,-1,-1,-0.01,-1,-1,-0.01,-1,-1,-0.01,-1,-1,-0.01,-1,-1,-0.01,-1,-1,-0.01,-1,-1,-0.01,-1,-1
99926009,2026-05-18 09:58:02+05:30,52799.25,0,0.0,0,0.0,0.0,53282.15,53308.4,52783.45,53710.35,0,0.0,0.0,0.0,0.0,-0.01,-1,-1,-0.01,-1,-1,-0.01,-1,-1,-0.01,-1,-1,-0.01,-1,-1,-0.01,-1,-1,-0.01,-1,-1,-0.01,-1,-1,-0.01,-1,-1,-0.01,-1,-1
99926009,2026-05-18 09:58:03+05:30,52799.65,0,0.0,0,0.0,0.0,53282.15,53308.4,52783.45,53710.35,0,0.0,0.0,0.0,0.0,-0.01,-1,-1,-0.01,-1,-1,-0.01,-1,-1,-0.01,-1,-1,-0.01,-1,-1,-0.01,-1,-1,-0.01,-1,-1,-0.01,-1,-1,-0.01,-1,-1,-0.01,-1,-1
99926009,2026-05-18 09:58:03+05:30,52804.3,0,0.0,0,0.0,0.0,53282.15,53308.4,52783.45,53710.35,0,0.0,0.0,0.0,0.0,-0.01,-1,-1,-0.01,-1,-1,-0.01,-1,-1,-0.01,-1,-1,-0.01,-1,-1,-0.01,-1,-1,-0.01,-1,-1,-0.01,-1,-1,-0.01,-1,-1,-0.01,-1,-1
99926009,2026-05-18 09:58:04+05:30,52800.45,0,0.0,0,0.0,0.0,53282.15,53308.4,52783.45,53710.35,0,0.0,0.0,0.0,0.0,-0.01,-1,-1,-0.01,-1,-1,-0.01,-1,-1,-0.01,-1,-1,-0.01,-1,-1,-0.01,-1,-1,-0.01,-1,-1,-0.01,-1,-1,-0.01,-1,-1,-0.01,-1,-1
99926009,2026-05-18 09:58:04+05:30,52801.75,0,0.0,0,0.0,0.0,53282.15,53308.4,52783.45,53710.35,0,0.0,0.0,0.0,0.0,-0.01,-1,-1,-0.01,-1,-1,-0.01,-1,-1,-0.01,-1,-1,-0.01,-1,-1,-0.01,-1,-1,-0.01,-1,-1,-0.01,-1,-1,-0.01,-1,-1,-0.01,-1,-1
99926009,2026-05-18 09:58:05+05:30,52802.95,0,0.0,0,0.0,0.0,53282.15,53308.4,52783.45,53710.35,0,0.0,0.0,0.0,0.0,-0.01,-1,-1,-0.01,-1,-1,-0.01,-1,-1,-0.01,-1,-1,-0.01,-1,-1,-0.01,-1,-1,-0.01,-1,-1,-0.01,-1,-1,-0.01,-1,-1,-0.01,-1,-1
99926009,2026-05-18 09:58:05+05:30,52800.4,0,0.0,0,0.0,0.0,53282.15,53308.4,52783.45,53710.35,0,0.0,0.0,0.0,0.0,-0.01,-1,-1,-0.01,-1,-1,-0.01,-1,-1,-0.01,-1,-1,-0.01,-1,-1,-0.01,-1,-1,-0.01,-1,-1,-0.01,-1,-1,-0.01,-1,-1,-0.01,-1,-1
99926009,2026-05-18 09:58:06+05:30,52802.6,0,0.0,0,0.0,0.0,53282.15,53308.4,52783.45,53710.35,0,0.0,0.0,0.0,0.0,-0.01,-1,-1,-0.01,-1,-1,-0.01,-1,-1,-0.01,-1,-1,-0.01,-1,-1,-0.01,-1,-1,-0.01,-1,-1,-0.01,-1,-1,-0.01,-1,-1,-0.01,-1,-1
99926009,2026-05-18 09:58:06+05:30,52806.4,0,0.0,0,0.0,0.0,53282.15,53308.4,52783.45,53710.35,0,0.0,0.0,0.0,0.0,-0.01,-1,-1,-0.01,-1,-1,-0.01,-1,-1,-0.01,-1,-1,-0.01,-1,-1,-0.01,-1,-1,-0.01,-1,-1,-0.01,-1,-1,-0.01,-1,-1,-0.01,-1,-1
99926009,2026-05-18 09:58:07+05:30,52810.7,0,0.0,0,0.0,0.0,53282.15,53308.4,52783.45,53710.35,0,0.0,0.0,0.0,0.0,-0.01,-1,-1,-0.01,-1,-1,-0.01,-1,-1,-0.01,-1,-1,-0.01,-1,-1,-0.01,-1,-1,-0.01,-1,-1,-0.01,-1,-1,-0.01,-1,-1,-0.01,-1,-1
99926009,2026-05-18 09:58:07+05:30,52805.65,0,0.0,0,0.0,0.0,53282.15,53308.4,52783.45,53710.35,0,0.0,0.0,0.0,0.0,-0.01,-1,-1,-0.01,-1,-1,-0.01,-1,-1,-0.01,-1,-1,-0.01,-1,-1,-0.01,-1,-1,-0.01,-1,-1,-0.01,-1,-1,-0.01,-1,-1,-0.01,-1,-1
99926009,2026-05-18 09:58:08+05:30,52800.55,0,0.0,0,0.0,0.0,53282.15,53308.4,52783.45,53710.35,0,0.0,0.0,0.0,0.0,-0.01,-1,-1,-0.01,-1,-1,-0.01,-1,-1,-0.01,-1,-1,-0.01,-1,-1,-0.01,-1,-1,-0.01,-1,-1,-0.01,-1,-1,-0.01,-1,-1,-0.01,-1,-1
99926009,2026-05-18 09:58:08+05:30,52804.85,0,0.0,0,0.0,0.0,53282.15,53308.4,52783.45,53710.35,0,0.0,0.0,0.0,0.0,-0.01,-1,-1,-0.01,-1,-1,-0.01,-1,-1,-0.01,-1,-1,-0.01,-1,-1,-0.01,-1,-1,-0.01,-1,-1,-0.01,-1,-1,-0.01,-1,-1,-0.01,-1,-1
99926009,2026-05-18 09:58:09+05:30,52805.45,0,0.0,0,0.0,0.0,53282.15,53308.4,52783.45,53710.35,0,0.0,0.0,0.0,0.0,-0.01,-1,-1,-0.01,-1,-1,-0.01,-1,-1,-0.01,-1,-1,-0.01,-1,-1,-0.01,-1,-1,-0.01,-1,-1,-0.01,-1,-1,-0.01,-1,-1,-0.01,-1,-1
99926009,2026-05-18 09:58:09+05:30,52805.05,0,0.0,0,0.0,0.0,53282.15,53308.4,52783.45,53710.35,0,0.0,0.0,0.0,0.0,-0.01,-1,-1,-0.01,-1,-1,-0.01,-1,-1,-0.01,-1,-1,-0.01,-1,-1,-0.01,-1,-1,-0.01,-1,-1,-0.01,-1,-1,-0.01,-1,-1,-0.01,-1,-1
99926009,2026-05-18 09:58:10+05:30,52805.85,0,0.0,0,0.0,0.0,53282.15,53308.4,52783.45,53710.35,0,0.0,0.0,0.0,0.0,-0.01,-1,-1,-0.01,-1,-1,-0.01,-1,-1,-0.01,-1,-1,-0.01,-1,-1,-0.01,-1,-1,-0.01,-1,-1,-0.01,-1,-1,-0.01,-1,-1,-0.01,-1,-1
99926009,2026-05-18 09:58:10+05:30,52801.05,0,0.0,0,0.0,0.0,53282.15,53308.4,52783.45,53710.35,0,0.0,0.0,0.0,0.0,-0.01,-1,-1,-0.01,-1,-1,-0.01,-1,-1,-0.01,-1,-1,-0.01,-1,-1,-0.01,-1,-1,-0.01,-1,-1,-0.01,-1,-1,-0.01,-1,-1,-0.01,-1,-1
99926009,2026-05-18 09:58:11+05:30,52803.45,0,0.0,0,0.0,0.0,53282.15,53308.4,52783.45,53710.35,0,0.0,0.0,0.0,0.0,-0.01,-1,-1,-0.01,-1,-1,-0.01,-1,-1,-0.01,-1,-1,-0.01,-1,-1,-0.01,-1,-1,-0.01,-1,-1,-0.01,-1,-1,-0.01,-1,-1,-0.01,-1,-1
99926009,2026-05-18 09:58:11+05:30,52803.6,0,0.0,0,0.0,0.0,53282.15,53308.4,52783.45,53710.35,0,0.0,0.0,0.0,0.0,-0.01,-1,-1,-0.01,-1,-1,-0.01,-1,-1,-0.01,-1,-1,-0.01,-1,-1,-0.01,-1,-1,-0.01,-1,-1,-0.01,-1,-1,-0.01,-1,-1,-0.01,-1,-1
99926009,2026-05-18 09:58:12+05:30,52802.1,0,0.0,0,0.0,0.0,53282.15,53308.4,52783.45,53710.35,0,0.0,0.0,0.0,0.0,-0.01,-1,-1,-0.01,-1,-1,-0.01,-1,-1,-0.01,-1,-1,-0.01,-1,-1,-0.01,-1,-1,-0.01,-1,-1,-0.01,-1,-1,-0.01,-1,-1,-0.01,-1,-1
99926009,2026-05-18 09:58:12+05:30,52799.6,0,0.0,0,0.0,0.0,53282.15,53308.4,52783.45,53710.35,0,0.0,0.0,0.0,0.0,-0.01,-1,-1,-0.01,-1,-1,-0.01,-1,-1,-0.01,-1,-1,-0.01,-1,-1,-0.01,-1,-1,-0.01,-1,-1,-0.01,-1,-1,-0.01,-1,-1,-0.01,-1,-1
99926009,2026-05-18 09:58:13+05:30,52798.6,0,0.0,0,0.0,0.0,53282.15,53308.4,52783.45,53710.35,0,0.0,0.0,0.0,0.0,-0.01,-1,-1,-0.01,-1,-1,-0.01,-1,-1,-0.01,-1,-1,-0.01,-1,-1,-0.01,-1,-1,-0.01,-1,-1,-0.01,-1,-1,-0.01,-1,-1,-0.01,-1,-1
99926009,2026-05-18 09:58:13+05:30,52798.85,0,0.0,0,0.0,0.0,53282.15,53308.4,52783.45,53710.35,0,0.0,0.0,0.0,0.0,-0.01,-1,-1,-0.01,-1,-1,-0.01,-1,-1,-0.01,-1,-1,-0.01,-1,-1,-0.01,-1,-1,-0.01,-1,-1,-0.01,-1,-1,-0.01,-1,-1,-0.01,-1,-1
99926009,2026-05-18 09:58:14+05:30,52805.25,0,0.0,0,0.0,0.0,53282.15,53308.4,52783.45,53710.35,0,0.0,0.0,0.0,0.0,-0.01,-1,-1,-0.01,-1,-1,-0.01,-1,-1,-0.01,-1,-1,-0.01,-1,-1,-0.01,-1,-1,-0.01,-1,-1,-0.01,-1,-1,-0.01,-1,-1,-0.01,-1,-1
99926009,2026-05-18 09:58:14+05:30,52802.25,0,0.0,0,0.0,0.0,53282.15,53308.4,52783.45,53710.35,0,0.0,0.0,0.0,0.0,-0.01,-1,-1,-0.01,-1,-1,-0.01,-1,-1,-0.01,-1,-1,-0.01,-1,-1,-0.01,-1,-1,-0.01,-1,-1,-0.01,-1,-1,-0.01,-1,-1,-0.01,-1,-1
99926009,2026-05-18 09:58:15+05:30,52804.25,0,0.0,0,0.0,0.0,53282.15,53308.4,52783.45,53710.35,0,0.0,0.0,0.0,0.0,-0.01,-1,-1,-0.01,-1,-1,-0.01,-1,-1,-0.01,-1,-1,-0.01,-1,-1,-0.01,-1,-1,-0.01,-1,-1,-0.01,-1,-1,-0.01,-1,-1,-0.01,-1,-1
99926009,2026-05-18 09:58:15+05:30,52804.05,0,0.0,0,0.0,0.0,53282.15,53308.4,52783.45,53710.35,0,0.0,0.0,0.0,0.0,-0.01,-1,-1,-0.01,-1,-1,-0.01,-1,-1,-0.01,-1,-1,-0.01,-1,-1,-0.01,-1,-1,-0.01,-1,-1,-0.01,-1,-1,-0.01,-1,-1,-0.01,-1,-1
99926009,2026-05-18 09:58:16+05:30,52803.55,0,0.0,0,0.0,0.0,53282.15,53308.4,52783.45,53710.35,0,0.0,0.0,0.0,0.0,-0.01,-1,-1,-0.01,-1,-1,-0.01,-1,-1,-0.01,-1,-1,-0.01,-1,-1,-0.01,-1,-1,-0.01,-1,-1,-0.01,-1,-1,-0.01,-1,-1,-0.01,-1,-1
99926009,2026-05-18 09:58:16+05:30,52798.55,0,0.0,0,0.0,0.0,53282.15,53308.4,52783.45,53710.35,0,0.0,0.0,0.0,0.0,-0.01,-1,-1,-0.01,-1,-1,-0.01,-1,-1,-0.01,-1,-1,-0.01,-1,-1,-0.01,-1,-1,-0.01,-1,-1,-0.01,-1,-1,-0.01,-1,-1,-0.01,-1,-1
99926009,2026-05-18 09:58:17+05:30,52799.25,0,0.0,0,0.0,0.0,53282.15,53308.4,52783.45,53710.35,0,0.0,0.0,0.0,0.0,-0.01,-1,-1,-0.01,-1,-1,-0.01,-1,-1,-0.01,-1,-1,-0.01,-1,-1,-0.01,-1,-1,-0.01,-1,-1,-0.01,-1,-1,-0.01,-1,-1,-0.01,-1,-1
99926009,2026-05-18 09:58:17+05:30,52800.0,0,0.0,0,0.0,0.0,53282.15,53308.4,52783.45,53710.35,0,0.0,0.0,0.0,0.0,-0.01,-1,-1,-0.01,-1,-1,-0.01,-1,-1,-0.01,-1,-1,-0.01,-1,-1,-0.01,-1,-1,-0.01,-1,-1,-0.01,-1,-1,-0.01,-1,-1,-0.01,-1,-1
99926009,2026-05-18 09:58:18+05:30,52795.8,0,0.0,0,0.0,0.0,53282.15,53308.4,52783.45,53710.35,0,0.0,0.0,0.0,0.0,-0.01,-1,-1,-0.01,-1,-1,-0.01,-1,-1,-0.01,-1,-1,-0.01,-1,-1,-0.01,-1,-1,-0.01,-1,-1,-0.01,-1,-1,-0.01,-1,-1,-0.01,-1,-1
99926009,2026-05-18 09:58:18+05:30,52794.5,0,0.0,0,0.0,0.0,53282.15,53308.4,52783.45,53710.35,0,0.0,0.0,0.0,0.0,-0.01,-1,-1,-0.01,-1,-1,-0.01,-1,-1,-0.01,-1,-1,-0.01,-1,-1,-0.01,-1,-1,-0.01,-1,-1,-0.01,-1,-1,-0.01,-1,-1,-0.01,-1,-1
99926009,2026-05-18 09:58:19+05:30,52800.7,0,0.0,0,0.0,0.0,53282.15,53308.4,52783.45,53710.35,0,0.0,0.0,0.0,0.0,-0.01,-1,-1,-0.01,-1,-1,-0.01,-1,-1,-0.01,-1,-1,-0.01,-1,-1,-0.01,-1,-1,-0.01,-1,-1,-0.01,-1,-1,-0.01,-1,-1,-0.01,-1,-1
99926009,2026-05-18 09:58:19+05:30,52800.45,0,0.0,0,0.0,0.0,53282.15,53308.4,52783.45,53710.35,0,0.0,0.0,0.0,0.0,-0.01,-1,-1,-0.01,-1,-1,-0.01,-1,-1,-0.01,-1,-1,-0.01,-1,-1,-0.01,-1,-1,-0.01,-1,-1,-0.01,-1,-1,-0.01,-1,-1,-0.01,-1,-1
99926009,2026-05-18 09:58:20+05:30,52796.75,0,0.0,0,0.0,0.0,53282.15,53308.4,52783.45,53710.35,0,0.0,0.0,0.0,0.0,-0.01,-1,-1,-0.01,-1,-1,-0.01,-1,-1,-0.01,-1,-1,-0.01,-1,-1,-0.01,-1,-1,-0.01,-1,-1,-0.01,-1,-1,-0.01,-1,-1,-0.01,-1,-1
99926009,2026-05-18 09:58:20+05:30,52800.95,0,0.0,0,0.0,0.0,53282.15,53308.4,52783.45,53710.35,0,0.0,0.0,0.0,0.0,-0.01,-1,-1,-0.01,-1,-1,-0.01,-1,-1,-0.01,-1,-1,-0.01,-1,-1,-0.01,-1,-1,-0.01,-1,-1,-0.01,-1,-1,-0.01,-1,-1,-0.01,-1,-1
99926009,2026-05-18 09:58:21+05:30,52797.9,0,0.0,0,0.0,0.0,53282.15,53308.4,52783.45,53710.35,0,0.0,0.0,0.0,0.0,-0.01,-1,-1,-0.01,-1,-1,-0.01,-1,-1,-0.01,-1,-1,-0.01,-1,-1,-0.01,-1,-1,-0.01,-1,-1,-0.01,-1,-1,-0.01,-1,-1,-0.01,-1,-1
99926009,2026-05-18 09:58:21+05:30,52801.4,0,0.0,0,0.0,0.0,53282.15,53308.4,52783.45,53710.35,0,0.0,0.0,0.0,0.0,-0.01,-1,-1,-0.01,-1,-1,-0.01,-1,-1,-0.01,-1,-1,-0.01,-1,-1,-0.01,-1,-1,-0.01,-1,-1,-0.01,-1,-1,-0.01,-1,-1,-0.01,-1,-1
99926009,2026-05-18 09:58:22+05:30,52801.4,0,0.0,0,0.0,0.0,53282.15,53308.4,52783.45,53710.35,0,0.0,0.0,0.0,0.0,-0.01,-1,-1,-0.01,-1,-1,-0.01,-1,-1,-0.01,-1,-1,-0.01,-1,-1,-0.01,-1,-1,-0.01,-1,-1,-0.01,-1,-1,-0.01,-1,-1,-0.01,-1,-1
99926009,2026-05-18 09:58:22+05:30,52801.4,0,0.0,0,0.0,0.0,53282.15,53308.4,52783.45,53710.35,0,0.0,0.0,0.0,0.0,-0.01,-1,-1,-0.01,-1,-1,-0.01,-1,-1,-0.01,-1,-1,-0.01,-1,-1,-0.01,-1,-1,-0.01,-1,-1,-0.01,-1,-1,-0.01,-1,-1,-0.01,-1,-1
99926009,2026-05-18 09:58:23+05:30,52797.9,0,0.0,0,0.0,0.0,53282.15,53308.4,52783.45,53710.35,0,0.0,0.0,0.0,0.0,-0.01,-1,-1,-0.01,-1,-1,-0.01,-1,-1,-0.01,-1,-1,-0.01,-1,-1,-0.01,-1,-1,-0.01,-1,-1,-0.01,-1,-1,-0.01,-1,-1,-0.01,-1,-1
99926009,2026-05-18 09:58:23+05:30,52797.1,0,0.0,0,0.0,0.0,53282.15,53308.4,52783.45,53710.35,0,0.0,0.0,0.0,0.0,-0.01,-1,-1,-0.01,-1,-1,-0.01,-1,-1,-0.01,-1,-1,-0.01,-1,-1,-0.01,-1,-1,-0.01,-1,-1,-0.01,-1,-1,-0.01,-1,-1,-0.01,-1,-1
99926009,2026-05-18 09:58:24+05:30,52796.9,0,0.0,0,0.0,0.0,53282.15,53308.4,52783.45,53710.35,0,0.0,0.0,0.0,0.0,-0.01,-1,-1,-0.01,-1,-1,-0.01,-1,-1,-0.01,-1,-1,-0.01,-1,-1,-0.01,-1,-1,-0.01,-1,-1,-0.01,-1,-1,-0.01,-1,-1,-0.01,-1,-1
99926009,2026-05-18 09:58:24+05:30,52795.7,0,0.0,0,0.0,0.0,53282.15,53308.4,52783.45,53710.35,0,0.0,0.0,0.0,0.0,-0.01,-1,-1,-0.01,-1,-1,-0.01,-1,-1,-0.01,-1,-1,-0.01,-1,-1,-0.01,-1,-1,-0.01,-1,-1,-0.01,-1,-1,-0.01,-1,-1,-0.01,-1,-1
99926009,2026-05-18 09:58:25+05:30,52796.9,0,0.0,0,0.0,0.0,53282.15,53308.4,52783.45,53710.35,0,0.0,0.0,0.0,0.0,-0.01,-1,-1,-0.01,-1,-1,-0.01,-1,-1,-0.01,-1,-1,-0.01,-1,-1,-0.01,-1,-1,-0.01,-1,-1,-0.01,-1,-1,-0.01,-1,-1,-0.01,-1,-1
99926009,2026-05-18 09:58:25+05:30,52799.2,0,0.0,0,0.0,0.0,53282.15,53308.4,52783.45,53710.35,0,0.0,0.0,0.0,0.0,-0.01,-1,-1,-0.01,-1,-1,-0.01,-1,-1,-0.01,-1,-1,-0.01,-1,-1,-0.01,-1,-1,-0.01,-1,-1,-0.01,-1,-1,-0.01,-1,-1,-0.01,-1,-1
99926009,2026-05-18 09:58:26+05:30,52797.6,0,0.0,0,0.0,0.0,53282.15,53308.4,52783.45,53710.35,0,0.0,0.0,0.0,0.0,-0.01,-1,-1,-0.01,-1,-1,-0.01,-1,-1,-0.01,-1,-1,-0.01,-1,-1,-0.01,-1,-1,-0.01,-1,-1,-0.01,-1,-1,-0.01,-1,-1,-0.01,-1,-1
99926009,2026-05-18 09:58:26+05:30,52802.3,0,0.0,0,0.0,0.0,53282.15,53308.4,52783.45,53710.35,0,0.0,0.0,0.0,0.0,-0.01,-1,-1,-0.01,-1,-1,-0.01,-1,-1,-0.01,-1,-1,-0.01,-1,-1,-0.01,-1,-1,-0.01,-1,-1,-0.01,-1,-1,-0.01,-1,-1,-0.01,-1,-1
99926009,2026-05-18 09:58:27+05:30,52800.4,0,0.0,0,0.0,0.0,53282.15,53308.4,52783.45,53710.35,0,0.0,0.0,0.0,0.0,-0.01,-1,-1,-0.01,-1,-1,-0.01,-1,-1,-0.01,-1,-1,-0.01,-1,-1,-0.01,-1,-1,-0.01,-1,-1,-0.01,-1,-1,-0.01,-1,-1,-0.01,-1,-1
99926009,2026-05-18 09:58:27+05:30,52796.6,0,0.0,0,0.0,0.0,53282.15,53308.4,52783.45,53710.35,0,0.0,0.0,0.0,0.0,-0.01,-1,-1,-0.01,-1,-1,-0.01,-1,-1,-0.01,-1,-1,-0.01,-1,-1,-0.01,-1,-1,-0.01,-1,-1,-0.01,-1,-1,-0.01,-1,-1,-0.01,-1,-1
99926009,2026-05-18 09:58:28+05:30,52798.35,0,0.0,0,0.0,0.0,53282.15,53308.4,52783.45,53710.35,0,0.0,0.0,0.0,0.0,-0.01,-1,-1,-0.01,-1,-1,-0.01,-1,-1,-0.01,-1,-1,-0.01,-1,-1,-0.01,-1,-1,-0.01,-1,-1,-0.01,-1,-1,-0.01,-1,-1,-0.01,-1,-1
99926009,2026-05-18 09:58:28+05:30,52796.4,0,0.0,0,0.0,0.0,53282.15,53308.4,52783.45,53710.35,0,0.0,0.0,0.0,0.0,-0.01,-1,-1,-0.01,-1,-1,-0.01,-1,-1,-0.01,-1,-1,-0.01,-1,-1,-0.01,-1,-1,-0.01,-1,-1,-0.01,-1,-1,-0.01,-1,-1,-0.01,-1,-1
99926009,2026-05-18 09:58:29+05:30,52798.85,0,0.0,0,0.0,0.0,53282.15,53308.4,52783.45,53710.35,0,0.0,0.0,0.0,0.0,-0.01,-1,-1,-0.01,-1,-1,-0.01,-1,-1,-0.01,-1,-1,-0.01,-1,-1,-0.01,-1,-1,-0.01,-1,-1,-0.01,-1,-1,-0.01,-1,-1,-0.01,-1,-1
99926009,2026-05-18 09:58:29+05:30,52798.25,0,0.0,0,0.0,0.0,53282.15,53308.4,52783.45,53710.35,0,0.0,0.0,0.0,0.0,-0.01,-1,-1,-0.01,-1,-1,-0.01,-1,-1,-0.01,-1,-1,-0.01,-1,-1,-0.01,-1,-1,-0.01,-1,-1,-0.01,-1,-1,-0.01,-1,-1,-0.01,-1,-1
99926009,2026-05-18 09:58:30+05:30,52821.8,0,0.0,0,0.0,0.0,53282.15,53308.4,52783.45,53710.35,0,0.0,0.0,0.0,0.0,-0.01,-1,-1,-0.01,-1,-1,-0.01,-1,-1,-0.01,-1,-1,-0.01,-1,-1,-0.01,-1,-1,-0.01,-1,-1,-0.01,-1,-1,-0.01,-1,-1,-0.01,-1,-1
99926009,2026-05-18 09:58:30+05:30,52824.85,0,0.0,0,0.0,0.0,53282.15,53308.4,52783.45,53710.35,0,0.0,0.0,0.0,0.0,-0.01,-1,-1,-0.01,-1,-1,-0.01,-1,-1,-0.01,-1,-1,-0.01,-1,-1,-0.01,-1,-1,-0.01,-1,-1,-0.01,-1,-1,-0.01,-1,-1,-0.01,-1,-1
99926009,2026-05-18 09:58:31+05:30,52826.75,0,0.0,0,0.0,0.0,53282.15,53308.4,52783.45,53710.35,0,0.0,0.0,0.0,0.0,-0.01,-1,-1,-0.01,-1,-1,-0.01,-1,-1,-0.01,-1,-1,-0.01,-1,-1,-0.01,-1,-1,-0.01,-1,-1,-0.01,-1,-1,-0.01,-1,-1,-0.01,-1,-1
99926009,2026-05-18 09:58:31+05:30,52825.2,0,0.0,0,0.0,0.0,53282.15,53308.4,52783.45,53710.35,0,0.0,0.0,0.0,0.0,-0.01,-1,-1,-0.01,-1,-1,-0.01,-1,-1,-0.01,-1,-1,-0.01,-1,-1,-0.01,-1,-1,-0.01,-1,-1,-0.01,-1,-1,-0.01,-1,-1,-0.01,-1,-1
99926009,2026-05-18 09:58:32+05:30,52824.1,0,0.0,0,0.0,0.0,53282.15,53308.4,52783.45,53710.35,0,0.0,0.0,0.0,0.0,-0.01,-1,-1,-0.01,-1,-1,-0.01,-1,-1,-0.01,-1,-1,-0.01,-1,-1,-0.01,-1,-1,-0.01,-1,-1,-0.01,-1,-1,-0.01,-1,-1,-0.01,-1,-1
99926009,2026-05-18 09:58:32+05:30,52822.25,0,0.0,0,0.0,0.0,53282.15,53308.4,52783.45,53710.35,0,0.0,0.0,0.0,0.0,-0.01,-1,-1,-0.01,-1,-1,-0.01,-1,-1,-0.01,-1,-1,-0.01,-1,-1,-0.01,-1,-1,-0.01,-1,-1,-0.01,-1,-1,-0.01,-1,-1,-0.01,-1,-1
99926009,2026-05-18 09:58:33+05:30,52826.2,0,0.0,0,0.0,0.0,53282.15,53308.4,52783.45,53710.35,0,0.0,0.0,0.0,0.0,-0.01,-1,-1,-0.01,-1,-1,-0.01,-1,-1,-0.01,-1,-1,-0.01,-1,-1,-0.01,-1,-1,-0.01,-1,-1,-0.01,-1,-1,-0.01,-1,-1,-0.01,-1,-1
99926009,2026-05-18 09:58:33+05:30,52823.95,0,0.0,0,0.0,0.0,53282.15,53308.4,52783.45,53710.35,0,0.0,0.0,0.0,0.0,-0.01,-1,-1,-0.01,-1,-1,-0.01,-1,-1,-0.01,-1,-1,-0.01,-1,-1,-0.01,-1,-1,-0.01,-1,-1,-0.01,-1,-1,-0.01,-1,-1,-0.01,-1,-1
99926009,2026-05-18 09:58:34+05:30,52830.4,0,0.0,0,0.0,0.0,53282.15,53308.4,52783.45,53710.35,0,0.0,0.0,0.0,0.0,-0.01,-1,-1,-0.01,-1,-1,-0.01,-1,-1,-0.01,-1,-1,-0.01,-1,-1,-0.01,-1,-1,-0.01,-1,-1,-0.01,-1,-1,-0.01,-1,-1,-0.01,-1,-1
99926009,2026-05-18 09:58:34+05:30,52830.45,0,0.0,0,0.0,0.0,53282.15,53308.4,52783.45,53710.35,0,0.0,0.0,0.0,0.0,-0.01,-1,-1,-0.01,-1,-1,-0.01,-1,-1,-0.01,-1,-1,-0.01,-1,-1,-0.01,-1,-1,-0.01,-1,-1,-0.01,-1,-1,-0.01,-1,-1,-0.01,-1,-1
99926009,2026-05-18 09:58:35+05:30,52830.55,0,0.0,0,0.0,0.0,53282.15,53308.4,52783.45,53710.35,0,0.0,0.0,0.0,0.0,-0.01,-1,-1,-0.01,-1,-1,-0.01,-1,-1,-0.01,-1,-1,-0.01,-1,-1,-0.01,-1,-1,-0.01,-1,-1,-0.01,-1,-1,-0.01,-1,-1,-0.01,-1,-1
99926009,2026-05-18 09:58:35+05:30,52830.45,0,0.0,0,0.0,0.0,53282.15,53308.4,52783.45,53710.35,0,0.0,0.0,0.0,0.0,-0.01,-1,-1,-0.01,-1,-1,-0.01,-1,-1,-0.01,-1,-1,-0.01,-1,-1,-0.01,-1,-1,-0.01,-1,-1,-0.01,-1,-1,-0.01,-1,-1,-0.01,-1,-1
99926009,2026-05-18 09:58:36+05:30,52832.05,0,0.0,0,0.0,0.0,53282.15,53308.4,52783.45,53710.35,0,0.0,0.0,0.0,0.0,-0.01,-1,-1,-0.01,-1,-1,-0.01,-1,-1,-0.01,-1,-1,-0.01,-1,-1,-0.01,-1,-1,-0.01,-1,-1,-0.01,-1,-1,-0.01,-1,-1,-0.01,-1,-1
99926009,2026-05-18 09:58:36+05:30,52828.2,0,0.0,0,0.0,0.0,53282.15,53308.4,52783.45,53710.35,0,0.0,0.0,0.0,0.0,-0.01,-1,-1,-0.01,-1,-1,-0.01,-1,-1,-0.01,-1,-1,-0.01,-1,-1,-0.01,-1,-1,-0.01,-1,-1,-0.01,-1,-1,-0.01,-1,-1,-0.01,-1,-1
99926009,2026-05-18 09:58:37+05:30,52828.2,0,0.0,0,0.0,0.0,53282.15,53308.4,52783.45,53710.35,0,0.0,0.0,0.0,0.0,-0.01,-1,-1,-0.01,-1,-1,-0.01,-1,-1,-0.01,-1,-1,-0.01,-1,-1,-0.01,-1,-1,-0.01,-1,-1,-0.01,-1,-1,-0.01,-1,-1,-0.01,-1,-1
99926009,2026-05-18 09:58:37+05:30,52828.8,0,0.0,0,0.0,0.0,53282.15,53308.4,52783.45,53710.35,0,0.0,0.0,0.0,0.0,-0.01,-1,-1,-0.01,-1,-1,-0.01,-1,-1,-0.01,-1,-1,-0.01,-1,-1,-0.01,-1,-1,-0.01,-1,-1,-0.01,-1,-1,-0.01,-1,-1,-0.01,-1,-1
99926009,2026-05-18 09:58:38+05:30,52829.35,0,0.0,0,0.0,0.0,53282.15,53308.4,52783.45,53710.35,0,0.0,0.0,0.0,0.0,-0.01,-1,-1,-0.01,-1,-1,-0.01,-1,-1,-0.01,-1,-1,-0.01,-1,-1,-0.01,-1,-1,-0.01,-1,-1,-0.01,-1,-1,-0.01,-1,-1,-0.01,-1,-1
99926009,2026-05-18 09:58:38+05:30,52830.85,0,0.0,0,0.0,0.0,53282.15,53308.4,52783.45,53710.35,0,0.0,0.0,0.0,0.0,-0.01,-1,-1,-0.01,-1,-1,-0.01,-1,-1,-0.01,-1,-1,-0.01,-1,-1,-0.01,-1,-1,-0.01,-1,-1,-0.01,-1,-1,-0.01,-1,-1,-0.01,-1,-1
99926009,2026-05-18 09:58:39+05:30,52827.95,0,0.0,0,0.0,0.0,53282.15,53308.4,52783.45,53710.35,0,0.0,0.0,0.0,0.0,-0.01,-1,-1,-0.01,-1,-1,-0.01,-1,-1,-0.01,-1,-1,-0.01,-1,-1,-0.01,-1,-1,-0.01,-1,-1,-0.01,-1,-1,-0.01,-1,-1,-0.01,-1,-1
99926009,2026-05-18 09:58:39+05:30,52830.35,0,0.0,0,0.0,0.0,53282.15,53308.4,52783.45,53710.35,0,0.0,0.0,0.0,0.0,-0.01,-1,-1,-0.01,-1,-1,-0.01,-1,-1,-0.01,-1,-1,-0.01,-1,-1,-0.01,-1,-1,-0.01,-1,-1,-0.01,-1,-1,-0.01,-1,-1,-0.01,-1,-1
99926009,2026-05-18 09:58:40+05:30,52829.05,0,0.0,0,0.0,0.0,53282.15,53308.4,52783.45,53710.35,0,0.0,0.0,0.0,0.0,-0.01,-1,-1,-0.01,-1,-1,-0.01,-1,-1,-0.01,-1,-1,-0.01,-1,-1,-0.01,-1,-1,-0.01,-1,-1,-0.01,-1,-1,-0.01,-1,-1,-0.01,-1,-1
99926009,2026-05-18 09:58:40+05:30,52825.8,0,0.0,0,0.0,0.0,53282.15,53308.4,52783.45,53710.35,0,0.0,0.0,0.0,0.0,-0.01,-1,-1,-0.01,-1,-1,-0.01,-1,-1,-0.01,-1,-1,-0.01,-1,-1,-0.01,-1,-1,-0.01,-1,-1,-0.01,-1,-1,-0.01,-1,-1,-0.01,-1,-1
99926009,2026-05-18 09:58:41+05:30,52823.8,0,0.0,0,0.0,0.0,53282.15,53308.4,52783.45,53710.35,0,0.0,0.0,0.0,0.0,-0.01,-1,-1,-0.01,-1,-1,-0.01,-1,-1,-0.01,-1,-1,-0.01,-1,-1,-0.01,-1,-1,-0.01,-1,-1,-0.01,-1,-1,-0.01,-1,-1,-0.01,-1,-1
99926009,2026-05-18 09:58:41+05:30,52827.5,0,0.0,0,0.0,0.0,53282.15,53308.4,52783.45,53710.35,0,0.0,0.0,0.0,0.0,-0.01,-1,-1,-0.01,-1,-1,-0.01,-1,-1,-0.01,-1,-1,-0.01,-1,-1,-0.01,-1,-1,-0.01,-1,-1,-0.01,-1,-1,-0.01,-1,-1,-0.01,-1,-1
99926009,2026-05-18 09:58:42+05:30,52826.2,0,0.0,0,0.0,0.0,53282.15,53308.4,52783.45,53710.35,0,0.0,0.0,0.0,0.0,-0.01,-1,-1,-0.01,-1,-1,-0.01,-1,-1,-0.01,-1,-1,-0.01,-1,-1,-0.01,-1,-1,-0.01,-1,-1,-0.01,-1,-1,-0.01,-1,-1,-0.01,-1,-1
99926009,2026-05-18 09:58:42+05:30,52827.75,0,0.0,0,0.0,0.0,53282.15,53308.4,52783.45,53710.35,0,0.0,0.0,0.0,0.0,-0.01,-1,-1,-0.01,-1,-1,-0.01,-1,-1,-0.01,-1,-1,-0.01,-1,-1,-0.01,-1,-1,-0.01,-1,-1,-0.01,-1,-1,-0.01,-1,-1,-0.01,-1,-1
99926009,2026-05-18 09:58:43+05:30,52825.95,0,0.0,0,0.0,0.0,53282.15,53308.4,52783.45,53710.35,0,0.0,0.0,0.0,0.0,-0.01,-1,-1,-0.01,-1,-1,-0.01,-1,-1,-0.01,-1,-1,-0.01,-1,-1,-0.01,-1,-1,-0.01,-1,-1,-0.01,-1,-1,-0.01,-1,-1,-0.01,-1,-1
99926009,2026-05-18 09:58:43+05:30,52825.1,0,0.0,0,0.0,0.0,53282.15,53308.4,52783.45,53710.35,0,0.0,0.0,0.0,0.0,-0.01,-1,-1,-0.01,-1,-1,-0.01,-1,-1,-0.01,-1,-1,-0.01,-1,-1,-0.01,-1,-1,-0.01,-1,-1,-0.01,-1,-1,-0.01,-1,-1,-0.01,-1,-1
99926009,2026-05-18 09:58:44+05:30,52825.65,0,0.0,0,0.0,0.0,53282.15,53308.4,52783.45,53710.35,0,0.0,0.0,0.0,0.0,-0.01,-1,-1,-0.01,-1,-1,-0.01,-1,-1,-0.01,-1,-1,-0.01,-1,-1,-0.01,-1,-1,-0.01,-1,-1,-0.01,-1,-1,-0.01,-1,-1,-0.01,-1,-1
99926009,2026-05-18 09:58:44+05:30,52826.4,0,0.0,0,0.0,0.0,53282.15,53308.4,52783.45,53710.35,0,0.0,0.0,0.0,0.0,-0.01,-1,-1,-0.01,-1,-1,-0.01,-1,-1,-0.01,-1,-1,-0.01,-1,-1,-0.01,-1,-1,-0.01,-1,-1,-0.01,-1,-1,-0.01,-1,-1,-0.01,-1,-1
99926009,2026-05-18 09:58:45+05:30,52826.0,0,0.0,0,0.0,0.0,53282.15,53308.4,52783.45,53710.35,0,0.0,0.0,0.0,0.0,-0.01,-1,-1,-0.01,-1,-1,-0.01,-1,-1,-0.01,-1,-1,-0.01,-1,-1,-0.01,-1,-1,-0.01,-1,-1,-0.01,-1,-1,-0.01,-1,-1,-0.01,-1,-1
99926009,2026-05-18 09:58:45+05:30,52827.3,0,0.0,0,0.0,0.0,53282.15,53308.4,52783.45,53710.35,0,0.0,0.0,0.0,0.0,-0.01,-1,-1,-0.01,-1,-1,-0.01,-1,-1,-0.01,-1,-1,-0.01,-1,-1,-0.01,-1,-1,-0.01,-1,-1,-0.01,-1,-1,-0.01,-1,-1,-0.01,-1,-1
99926009,2026-05-18 09:58:46+05:30,52828.45,0,0.0,0,0.0,0.0,53282.15,53308.4,52783.45,53710.35,0,0.0,0.0,0.0,0.0,-0.01,-1,-1,-0.01,-1,-1,-0.01,-1,-1,-0.01,-1,-1,-0.01,-1,-1,-0.01,-1,-1,-0.01,-1,-1,-0.01,-1,-1,-0.01,-1,-1,-0.01,-1,-1
99926009,2026-05-18 09:58:46+05:30,52826.4,0,0.0,0,0.0,0.0,53282.15,53308.4,52783.45,53710.35,0,0.0,0.0,0.0,0.0,-0.01,-1,-1,-0.01,-1,-1,-0.01,-1,-1,-0.01,-1,-1,-0.01,-1,-1,-0.01,-1,-1,-0.01,-1,-1,-0.01,-1,-1,-0.01,-1,-1,-0.01,-1,-1
99926009,2026-05-18 09:58:47+05:30,52826.7,0,0.0,0,0.0,0.0,53282.15,53308.4,52783.45,53710.35,0,0.0,0.0,0.0,0.0,-0.01,-1,-1,-0.01,-1,-1,-0.01,-1,-1,-0.01,-1,-1,-0.01,-1,-1,-0.01,-1,-1,-0.01,-1,-1,-0.01,-1,-1,-0.01,-1,-1,-0.01,-1,-1
99926009,2026-05-18 09:58:47+05:30,52825.65,0,0.0,0,0.0,0.0,53282.15,53308.4,52783.45,53710.35,0,0.0,0.0,0.0,0.0,-0.01,-1,-1,-0.01,-1,-1,-0.01,-1,-1,-0.01,-1,-1,-0.01,-1,-1,-0.01,-1,-1,-0.01,-1,-1,-0.01,-1,-1,-0.01,-1,-1,-0.01,-1,-1
99926009,2026-05-18 09:58:48+05:30,52827.95,0,0.0,0,0.0,0.0,53282.15,53308.4,52783.45,53710.35,0,0.0,0.0,0.0,0.0,-0.01,-1,-1,-0.01,-1,-1,-0.01,-1,-1,-0.01,-1,-1,-0.01,-1,-1,-0.01,-1,-1,-0.01,-1,-1,-0.01,-1,-1,-0.01,-1,-1,-0.01,-1,-1
99926009,2026-05-18 09:58:48+05:30,52832.2,0,0.0,0,0.0,0.0,53282.15,53308.4,52783.45,53710.35,0,0.0,0.0,0.0,0.0,-0.01,-1,-1,-0.01,-1,-1,-0.01,-1,-1,-0.01,-1,-1,-0.01,-1,-1,-0.01,-1,-1,-0.01,-1,-1,-0.01,-1,-1,-0.01,-1,-1,-0.01,-1,-1
99926009,2026-05-18 09:58:49+05:30,52828.65,0,0.0,0,0.0,0.0,53282.15,53308.4,52783.45,53710.35,0,0.0,0.0,0.0,0.0,-0.01,-1,-1,-0.01,-1,-1,-0.01,-1,-1,-0.01,-1,-1,-0.01,-1,-1,-0.01,-1,-1,-0.01,-1,-1,-0.01,-1,-1,-0.01,-1,-1,-0.01,-1,-1
99926009,2026-05-18 09:58:49+05:30,52828.4,0,0.0,0,0.0,0.0,53282.15,53308.4,52783.45,53710.35,0,0.0,0.0,0.0,0.0,-0.01,-1,-1,-0.01,-1,-1,-0.01,-1,-1,-0.01,-1,-1,-0.01,-1,-1,-0.01,-1,-1,-0.01,-1,-1,-0.01,-1,-1,-0.01,-1,-1,-0.01,-1,-1
99926009,2026-05-18 09:58:50+05:30,52829.85,0,0.0,0,0.0,0.0,53282.15,53308.4,52783.45,53710.35,0,0.0,0.0,0.0,0.0,-0.01,-1,-1,-0.01,-1,-1,-0.01,-1,-1,-0.01,-1,-1,-0.01,-1,-1,-0.01,-1,-1,-0.01,-1,-1,-0.01,-1,-1,-0.01,-1,-1,-0.01,-1,-1
99926009,2026-05-18 09:58:50+05:30,52827.65,0,0.0,0,0.0,0.0,53282.15,53308.4,52783.45,53710.35,0,0.0,0.0,0.0,0.0,-0.01,-1,-1,-0.01,-1,-1,-0.01,-1,-1,-0.01,-1,-1,-0.01,-1,-1,-0.01,-1,-1,-0.01,-1,-1,-0.01,-1,-1,-0.01,-1,-1,-0.01,-1,-1
99926009,2026-05-18 09:58:51+05:30,52826.1,0,0.0,0,0.0,0.0,53282.15,53308.4,52783.45,53710.35,0,0.0,0.0,0.0,0.0,-0.01,-1,-1,-0.01,-1,-1,-0.01,-1,-1,-0.01,-1,-1,-0.01,-1,-1,-0.01,-1,-1,-0.01,-1,-1,-0.01,-1,-1,-0.01,-1,-1,-0.01,-1,-1
99926009,2026-05-18 09:58:51+05:30,52826.05,0,0.0,0,0.0,0.0,53282.15,53308.4,52783.45,53710.35,0,0.0,0.0,0.0,0.0,-0.01,-1,-1,-0.01,-1,-1,-0.01,-1,-1,-0.01,-1,-1,-0.01,-1,-1,-0.01,-1,-1,-0.01,-1,-1,-0.01,-1,-1,-0.01,-1,-1,-0.01,-1,-1
99926009,2026-05-18 09:58:52+05:30,52827.8,0,0.0,0,0.0,0.0,53282.15,53308.4,52783.45,53710.35,0,0.0,0.0,0.0,0.0,-0.01,-1,-1,-0.01,-1,-1,-0.01,-1,-1,-0.01,-1,-1,-0.01,-1,-1,-0.01,-1,-1,-0.01,-1,-1,-0.01,-1,-1,-0.01,-1,-1,-0.01,-1,-1
99926009,2026-05-18 09:58:52+05:30,52832.1,0,0.0,0,0.0,0.0,53282.15,53308.4,52783.45,53710.35,0,0.0,0.0,0.0,0.0,-0.01,-1,-1,-0.01,-1,-1,-0.01,-1,-1,-0.01,-1,-1,-0.01,-1,-1,-0.01,-1,-1,-0.01,-1,-1,-0.01,-1,-1,-0.01,-1,-1,-0.01,-1,-1
99926009,2026-05-18 09:58:53+05:30,52832.1,0,0.0,0,0.0,0.0,53282.15,53308.4,52783.45,53710.35,0,0.0,0.0,0.0,0.0,-0.01,-1,-1,-0.01,-1,-1,-0.01,-1,-1,-0.01,-1,-1,-0.01,-1,-1,-0.01,-1,-1,-0.01,-1,-1,-0.01,-1,-1,-0.01,-1,-1,-0.01,-1,-1
99926009,2026-05-18 09:58:53+05:30,52829.55,0,0.0,0,0.0,0.0,53282.15,53308.4,52783.45,53710.35,0,0.0,0.0,0.0,0.0,-0.01,-1,-1,-0.01,-1,-1,-0.01,-1,-1,-0.01,-1,-1,-0.01,-1,-1,-0.01,-1,-1,-0.01,-1,-1,-0.01,-1,-1,-0.01,-1,-1,-0.01,-1,-1
99926009,2026-05-18 09:58:54+05:30,52831.05,0,0.0,0,0.0,0.0,53282.15,53308.4,52783.45,53710.35,0,0.0,0.0,0.0,0.0,-0.01,-1,-1,-0.01,-1,-1,-0.01,-1,-1,-0.01,-1,-1,-0.01,-1,-1,-0.01,-1,-1,-0.01,-1,-1,-0.01,-1,-1,-0.01,-1,-1,-0.01,-1,-1
99926009,2026-05-18 09:58:54+05:30,52826.4,0,0.0,0,0.0,0.0,53282.15,53308.4,52783.45,53710.35,0,0.0,0.0,0.0,0.0,-0.01,-1,-1,-0.01,-1,-1,-0.01,-1,-1,-0.01,-1,-1,-0.01,-1,-1,-0.01,-1,-1,-0.01,-1,-1,-0.01,-1,-1,-0.01,-1,-1,-0.01,-1,-1
99926009,2026-05-18 09:58:55+05:30,52833.0,0,0.0,0,0.0,0.0,53282.15,53308.4,52783.45,53710.35,0,0.0,0.0,0.0,0.0,-0.01,-1,-1,-0.01,-1,-1,-0.01,-1,-1,-0.01,-1,-1,-0.01,-1,-1,-0.01,-1,-1,-0.01,-1,-1,-0.01,-1,-1,-0.01,-1,-1,-0.01,-1,-1
99926009,2026-05-18 09:58:55+05:30,52829.15,0,0.0,0,0.0,0.0,53282.15,53308.4,52783.45,53710.35,0,0.0,0.0,0.0,0.0,-0.01,-1,-1,-0.01,-1,-1,-0.01,-1,-1,-0.01,-1,-1,-0.01,-1,-1,-0.01,-1,-1,-0.01,-1,-1,-0.01,-1,-1,-0.01,-1,-1,-0.01,-1,-1
99926009,2026-05-18 09:58:56+05:30,52831.65,0,0.0,0,0.0,0.0,53282.15,53308.4,52783.45,53710.35,0,0.0,0.0,0.0,0.0,-0.01,-1,-1,-0.01,-1,-1,-0.01,-1,-1,-0.01,-1,-1,-0.01,-1,-1,-0.01,-1,-1,-0.01,-1,-1,-0.01,-1,-1,-0.01,-1,-1,-0.01,-1,-1
99926009,2026-05-18 09:58:56+05:30,52832.3,0,0.0,0,0.0,0.0,53282.15,53308.4,52783.45,53710.35,0,0.0,0.0,0.0,0.0,-0.01,-1,-1,-0.01,-1,-1,-0.01,-1,-1,-0.01,-1,-1,-0.01,-1,-1,-0.01,-1,-1,-0.01,-1,-1,-0.01,-1,-1,-0.01,-1,-1,-0.01,-1,-1
99926009,2026-05-18 09:58:57+05:30,52830.1,0,0.0,0,0.0,0.0,53282.15,53308.4,52783.45,53710.35,0,0.0,0.0,0.0,0.0,-0.01,-1,-1,-0.01,-1,-1,-0.01,-1,-1,-0.01,-1,-1,-0.01,-1,-1,-0.01,-1,-1,-0.01,-1,-1,-0.01,-1,-1,-0.01,-1,-1,-0.01,-1,-1
99926009,2026-05-18 09:58:57+05:30,52829.5,0,0.0,0,0.0,0.0,53282.15,53308.4,52783.45,53710.35,0,0.0,0.0,0.0,0.0,-0.01,-1,-1,-0.01,-1,-1,-0.01,-1,-1,-0.01,-1,-1,-0.01,-1,-1,-0.01,-1,-1,-0.01,-1,-1,-0.01,-1,-1,-0.01,-1,-1,-0.01,-1,-1
99926009,2026-05-18 09:58:58+05:30,52832.0,0,0.0,0,0.0,0.0,53282.15,53308.4,52783.45,53710.35,0,0.0,0.0,0.0,0.0,-0.01,-1,-1,-0.01,-1,-1,-0.01,-1,-1,-0.01,-1,-1,-0.01,-1,-1,-0.01,-1,-1,-0.01,-1,-1,-0.01,-1,-1,-0.01,-1,-1,-0.01,-1,-1
99926009,2026-05-18 09:58:58+05:30,52830.25,0,0.0,0,0.0,0.0,53282.15,53308.4,52783.45,53710.35,0,0.0,0.0,0.0,0.0,-0.01,-1,-1,-0.01,-1,-1,-0.01,-1,-1,-0.01,-1,-1,-0.01,-1,-1,-0.01,-1,-1,-0.01,-1,-1,-0.01,-1,-1,-0.01,-1,-1,-0.01,-1,-1
99926009,2026-05-18 09:58:59+05:30,52827.85,0,0.0,0,0.0,0.0,53282.15,53308.4,52783.45,53710.35,0,0.0,0.0,0.0,0.0,-0.01,-1,-1,-0.01,-1,-1,-0.01,-1,-1,-0.01,-1,-1,-0.01,-1,-1,-0.01,-1,-1,-0.01,-1,-1,-0.01,-1,-1,-0.01,-1,-1,-0.01,-1,-1
99926009,2026-05-18 09:58:59+05:30,52828.0,0,0.0,0,0.0,0.0,53282.15,53308.4,52783.45,53710.35,0,0.0,0.0,0.0,0.0,-0.01,-1,-1,-0.01,-1,-1,-0.01,-1,-1,-0.01,-1,-1,-0.01,-1,-1,-0.01,-1,-1,-0.01,-1,-1,-0.01,-1,-1,-0.01,-1,-1,-0.01,-1,-1
99926009,2026-05-18 09:59:00+05:30,52828.15,0,0.0,0,0.0,0.0,53282.15,53308.4,52783.45,53710.35,0,0.0,0.0,0.0,0.0,-0.01,-1,-1,-0.01,-1,-1,-0.01,-1,-1,-0.01,-1,-1,-0.01,-1,-1,-0.01,-1,-1,-0.01,-1,-1,-0.01,-1,-1,-0.01,-1,-1,-0.01,-1,-1
99926009,2026-05-18 09:59:00+05:30,52828.65,0,0.0,0,0.0,0.0,53282.15,53308.4,52783.45,53710.35,0,0.0,0.0,0.0,0.0,-0.01,-1,-1,-0.01,-1,-1,-0.01,-1,-1,-0.01,-1,-1,-0.01,-1,-1,-0.01,-1,-1,-0.01,-1,-1,-0.01,-1,-1,-0.01,-1,-1,-0.01,-1,-1
99926009,2026-05-18 09:59:01+05:30,52831.15,0,0.0,0,0.0,0.0,53282.15,53308.4,52783.45,53710.35,0,0.0,0.0,0.0,0.0,-0.01,-1,-1,-0.01,-1,-1,-0.01,-1,-1,-0.01,-1,-1,-0.01,-1,-1,-0.01,-1,-1,-0.01,-1,-1,-0.01,-1,-1,-0.01,-1,-1,-0.01,-1,-1
99926009,2026-05-18 09:59:01+05:30,52828.35,0,0.0,0,0.0,0.0,53282.15,53308.4,52783.45,53710.35,0,0.0,0.0,0.0,0.0,-0.01,-1,-1,-0.01,-1,-1,-0.01,-1,-1,-0.01,-1,-1,-0.01,-1,-1,-0.01,-1,-1,-0.01,-1,-1,-0.01,-1,-1,-0.01,-1,-1,-0.01,-1,-1
99926009,2026-05-18 09:59:02+05:30,52828.3,0,0.0,0,0.0,0.0,53282.15,53308.4,52783.45,53710.35,0,0.0,0.0,0.0,0.0,-0.01,-1,-1,-0.01,-1,-1,-0.01,-1,-1,-0.01,-1,-1,-0.01,-1,-1,-0.01,-1,-1,-0.01,-1,-1,-0.01,-1,-1,-0.01,-1,-1,-0.01,-1,-1
99926009,2026-05-18 09:59:02+05:30,52831.4,0,0.0,0,0.0,0.0,53282.15,53308.4,52783.45,53710.35,0,0.0,0.0,0.0,0.0,-0.01,-1,-1,-0.01,-1,-1,-0.01,-1,-1,-0.01,-1,-1,-0.01,-1,-1,-0.01,-1,-1,-0.01,-1,-1,-0.01,-1,-1,-0.01,-1,-1,-0.01,-1,-1
99926009,2026-05-18 09:59:03+05:30,52830.25,0,0.0,0,0.0,0.0,53282.15,53308.4,52783.45,53710.35,0,0.0,0.0,0.0,0.0,-0.01,-1,-1,-0.01,-1,-1,-0.01,-1,-1,-0.01,-1,-1,-0.01,-1,-1,-0.01,-1,-1,-0.01,-1,-1,-0.01,-1,-1,-0.01,-1,-1,-0.01,-1,-1
99926009,2026-05-18 09:59:03+05:30,52834.85,0,0.0,0,0.0,0.0,53282.15,53308.4,52783.45,53710.35,0,0.0,0.0,0.0,0.0,-0.01,-1,-1,-0.01,-1,-1,-0.01,-1,-1,-0.01,-1,-1,-0.01,-1,-1,-0.01,-1,-1,-0.01,-1,-1,-0.01,-1,-1,-0.01,-1,-1,-0.01,-1,-1
99926009,2026-05-18 09:59:04+05:30,52833.45,0,0.0,0,0.0,0.0,53282.15,53308.4,52783.45,53710.35,0,0.0,0.0,0.0,0.0,-0.01,-1,-1,-0.01,-1,-1,-0.01,-1,-1,-0.01,-1,-1,-0.01,-1,-1,-0.01,-1,-1,-0.01,-1,-1,-0.01,-1,-1,-0.01,-1,-1,-0.01,-1,-1
99926009,2026-05-18 09:59:04+05:30,52831.4,0,0.0,0,0.0,0.0,53282.15,53308.4,52783.45,53710.35,0,0.0,0.0,0.0,0.0,-0.01,-1,-1,-0.01,-1,-1,-0.01,-1,-1,-0.01,-1,-1,-0.01,-1,-1,-0.01,-1,-1,-0.01,-1,-1,-0.01,-1,-1,-0.01,-1,-1,-0.01,-1,-1
99926009,2026-05-18 09:59:05+05:30,52835.85,0,0.0,0,0.0,0.0,53282.15,53308.4,52783.45,53710.35,0,0.0,0.0,0.0,0.0,-0.01,-1,-1,-0.01,-1,-1,-0.01,-1,-1,-0.01,-1,-1,-0.01,-1,-1,-0.01,-1,-1,-0.01,-1,-1,-0.01,-1,-1,-0.01,-1,-1,-0.01,-1,-1
99926009,2026-05-18 09:59:05+05:30,52830.35,0,0.0,0,0.0,0.0,53282.15,53308.4,52783.45,53710.35,0,0.0,0.0,0.0,0.0,-0.01,-1,-1,-0.01,-1,-1,-0.01,-1,-1,-0.01,-1,-1,-0.01,-1,-1,-0.01,-1,-1,-0.01,-1,-1,-0.01,-1,-1,-0.01,-1,-1,-0.01,-1,-1
99926009,2026-05-18 09:59:06+05:30,52837.95,0,0.0,0,0.0,0.0,53282.15,53308.4,52783.45,53710.35,0,0.0,0.0,0.0,0.0,-0.01,-1,-1,-0.01,-1,-1,-0.01,-1,-1,-0.01,-1,-1,-0.01,-1,-1,-0.01,-1,-1,-0.01,-1,-1,-0.01,-1,-1,-0.01,-1,-1,-0.01,-1,-1
99926009,2026-05-18 09:59:06+05:30,52839.25,0,0.0,0,0.0,0.0,53282.15,53308.4,52783.45,53710.35,0,0.0,0.0,0.0,0.0,-0.01,-1,-1,-0.01,-1,-1,-0.01,-1,-1,-0.01,-1,-1,-0.01,-1,-1,-0.01,-1,-1,-0.01,-1,-1,-0.01,-1,-1,-0.01,-1,-1,-0.01,-1,-1
99926009,2026-05-18 09:59:07+05:30,52837.7,0,0.0,0,0.0,0.0,53282.15,53308.4,52783.45,53710.35,0,0.0,0.0,0.0,0.0,-0.01,-1,-1,-0.01,-1,-1,-0.01,-1,-1,-0.01,-1,-1,-0.01,-1,-1,-0.01,-1,-1,-0.01,-1,-1,-0.01,-1,-1,-0.01,-1,-1,-0.01,-1,-1
99926009,2026-05-18 09:59:07+05:30,52832.15,0,0.0,0,0.0,0.0,53282.15,53308.4,52783.45,53710.35,0,0.0,0.0,0.0,0.0,-0.01,-1,-1,-0.01,-1,-1,-0.01,-1,-1,-0.01,-1,-1,-0.01,-1,-1,-0.01,-1,-1,-0.01,-1,-1,-0.01,-1,-1,-0.01,-1,-1,-0.01,-1,-1
99926009,2026-05-18 09:59:08+05:30,52836.75,0,0.0,0,0.0,0.0,53282.15,53308.4,52783.45,53710.35,0,0.0,0.0,0.0,0.0,-0.01,-1,-1,-0.01,-1,-1,-0.01,-1,-1,-0.01,-1,-1,-0.01,-1,-1,-0.01,-1,-1,-0.01,-1,-1,-0.01,-1,-1,-0.01,-1,-1,-0.01,-1,-1
99926009,2026-05-18 09:59:08+05:30,52833.5,0,0.0,0,0.0,0.0,53282.15,53308.4,52783.45,53710.35,0,0.0,0.0,0.0,0.0,-0.01,-1,-1,-0.01,-1,-1,-0.01,-1,-1,-0.01,-1,-1,-0.01,-1,-1,-0.01,-1,-1,-0.01,-1,-1,-0.01,-1,-1,-0.01,-1,-1,-0.01,-1,-1
99926009,2026-05-18 09:59:09+05:30,52832.75,0,0.0,0,0.0,0.0,53282.15,53308.4,52783.45,53710.35,0,0.0,0.0,0.0,0.0,-0.01,-1,-1,-0.01,-1,-1,-0.01,-1,-1,-0.01,-1,-1,-0.01,-1,-1,-0.01,-1,-1,-0.01,-1,-1,-0.01,-1,-1,-0.01,-1,-1,-0.01,-1,-1
99926009,2026-05-18 09:59:09+05:30,52834.4,0,0.0,0,0.0,0.0,53282.15,53308.4,52783.45,53710.35,0,0.0,0.0,0.0,0.0,-0.01,-1,-1,-0.01,-1,-1,-0.01,-1,-1,-0.01,-1,-1,-0.01,-1,-1,-0.01,-1,-1,-0.01,-1,-1,-0.01,-1,-1,-0.01,-1,-1,-0.01,-1,-1
99926009,2026-05-18 09:59:10+05:30,52835.55,0,0.0,0,0.0,0.0,53282.15,53308.4,52783.45,53710.35,0,0.0,0.0,0.0,0.0,-0.01,-1,-1,-0.01,-1,-1,-0.01,-1,-1,-0.01,-1,-1,-0.01,-1,-1,-0.01,-1,-1,-0.01,-1,-1,-0.01,-1,-1,-0.01,-1,-1,-0.01,-1,-1
99926009,2026-05-18 09:59:10+05:30,52837.3,0,0.0,0,0.0,0.0,53282.15,53308.4,52783.45,53710.35,0,0.0,0.0,0.0,0.0,-0.01,-1,-1,-0.01,-1,-1,-0.01,-1,-1,-0.01,-1,-1,-0.01,-1,-1,-0.01,-1,-1,-0.01,-1,-1,-0.01,-1,-1,-0.01,-1,-1,-0.01,-1,-1
99926009,2026-05-18 09:59:11+05:30,52836.2,0,0.0,0,0.0,0.0,53282.15,53308.4,52783.45,53710.35,0,0.0,0.0,0.0,0.0,-0.01,-1,-1,-0.01,-1,-1,-0.01,-1,-1,-0.01,-1,-1,-0.01,-1,-1,-0.01,-1,-1,-0.01,-1,-1,-0.01,-1,-1,-0.01,-1,-1,-0.01,-1,-1
99926009,2026-05-18 09:59:11+05:30,52835.5,0,0.0,0,0.0,0.0,53282.15,53308.4,52783.45,53710.35,0,0.0,0.0,0.0,0.0,-0.01,-1,-1,-0.01,-1,-1,-0.01,-1,-1,-0.01,-1,-1,-0.01,-1,-1,-0.01,-1,-1,-0.01,-1,-1,-0.01,-1,-1,-0.01,-1,-1,-0.01,-1,-1
99926009,2026-05-18 09:59:12+05:30,52835.0,0,0.0,0,0.0,0.0,53282.15,53308.4,52783.45,53710.35,0,0.0,0.0,0.0,0.0,-0.01,-1,-1,-0.01,-1,-1,-0.01,-1,-1,-0.01,-1,-1,-0.01,-1,-1,-0.01,-1,-1,-0.01,-1,-1,-0.01,-1,-1,-0.01,-1,-1,-0.01,-1,-1
99926009,2026-05-18 09:59:12+05:30,52839.2,0,0.0,0,0.0,0.0,53282.15,53308.4,52783.45,53710.35,0,0.0,0.0,0.0,0.0,-0.01,-1,-1,-0.01,-1,-1,-0.01,-1,-1,-0.01,-1,-1,-0.01,-1,-1,-0.01,-1,-1,-0.01,-1,-1,-0.01,-1,-1,-0.01,-1,-1,-0.01,-1,-1
99926009,2026-05-18 09:59:13+05:30,52838.8,0,0.0,0,0.0,0.0,53282.15,53308.4,52783.45,53710.35,0,0.0,0.0,0.0,0.0,-0.01,-1,-1,-0.01,-1,-1,-0.01,-1,-1,-0.01,-1,-1,-0.01,-1,-1,-0.01,-1,-1,-0.01,-1,-1,-0.01,-1,-1,-0.01,-1,-1,-0.01,-1,-1
99926009,2026-05-18 09:59:13+05:30,52839.05,0,0.0,0,0.0,0.0,53282.15,53308.4,52783.45,53710.35,0,0.0,0.0,0.0,0.0,-0.01,-1,-1,-0.01,-1,-1,-0.01,-1,-1,-0.01,-1,-1,-0.01,-1,-1,-0.01,-1,-1,-0.01,-1,-1,-0.01,-1,-1,-0.01,-1,-1,-0.01,-1,-1
99926009,2026-05-18 09:59:14+05:30,52839.6,0,0.0,0,0.0,0.0,53282.15,53308.4,52783.45,53710.35,0,0.0,0.0,0.0,0.0,-0.01,-1,-1,-0.01,-1,-1,-0.01,-1,-1,-0.01,-1,-1,-0.01,-1,-1,-0.01,-1,-1,-0.01,-1,-1,-0.01,-1,-1,-0.01,-1,-1,-0.01,-1,-1
99926009,2026-05-18 09:59:14+05:30,52840.9,0,0.0,0,0.0,0.0,53282.15,53308.4,52783.45,53710.35,0,0.0,0.0,0.0,0.0,-0.01,-1,-1,-0.01,-1,-1,-0.01,-1,-1,-0.01,-1,-1,-0.01,-1,-1,-0.01,-1,-1,-0.01,-1,-1,-0.01,-1,-1,-0.01,-1,-1,-0.01,-1,-1
99926009,2026-05-18 09:59:15+05:30,52841.65,0,0.0,0,0.0,0.0,53282.15,53308.4,52783.45,53710.35,0,0.0,0.0,0.0,0.0,-0.01,-1,-1,-0.01,-1,-1,-0.01,-1,-1,-0.01,-1,-1,-0.01,-1,-1,-0.01,-1,-1,-0.01,-1,-1,-0.01,-1,-1,-0.01,-1,-1,-0.01,-1,-1
99926009,2026-05-18 09:59:15+05:30,52841.1,0,0.0,0,0.0,0.0,53282.15,53308.4,52783.45,53710.35,0,0.0,0.0,0.0,0.0,-0.01,-1,-1,-0.01,-1,-1,-0.01,-1,-1,-0.01,-1,-1,-0.01,-1,-1,-0.01,-1,-1,-0.01,-1,-1,-0.01,-1,-1,-0.01,-1,-1,-0.01,-1,-1
99926009,2026-05-18 09:59:16+05:30,52839.45,0,0.0,0,0.0,0.0,53282.15,53308.4,52783.45,53710.35,0,0.0,0.0,0.0,0.0,-0.01,-1,-1,-0.01,-1,-1,-0.01,-1,-1,-0.01,-1,-1,-0.01,-1,-1,-0.01,-1,-1,-0.01,-1,-1,-0.01,-1,-1,-0.01,-1,-1,-0.01,-1,-1
99926009,2026-05-18 09:59:16+05:30,52839.45,0,0.0,0,0.0,0.0,53282.15,53308.4,52783.45,53710.35,0,0.0,0.0,0.0,0.0,-0.01,-1,-1,-0.01,-1,-1,-0.01,-1,-1,-0.01,-1,-1,-0.01,-1,-1,-0.01,-1,-1,-0.01,-1,-1,-0.01,-1,-1,-0.01,-1,-1,-0.01,-1,-1
99926009,2026-05-18 09:59:17+05:30,52843.9,0,0.0,0,0.0,0.0,53282.15,53308.4,52783.45,53710.35,0,0.0,0.0,0.0,0.0,-0.01,-1,-1,-0.01,-1,-1,-0.01,-1,-1,-0.01,-1,-1,-0.01,-1,-1,-0.01,-1,-1,-0.01,-1,-1,-0.01,-1,-1,-0.01,-1,-1,-0.01,-1,-1
99926009,2026-05-18 09:59:17+05:30,52843.75,0,0.0,0,0.0,0.0,53282.15,53308.4,52783.45,53710.35,0,0.0,0.0,0.0,0.0,-0.01,-1,-1,-0.01,-1,-1,-0.01,-1,-1,-0.01,-1,-1,-0.01,-1,-1,-0.01,-1,-1,-0.01,-1,-1,-0.01,-1,-1,-0.01,-1,-1,-0.01,-1,-1
99926009,2026-05-18 09:59:18+05:30,52842.7,0,0.0,0,0.0,0.0,53282.15,53308.4,52783.45,53710.35,0,0.0,0.0,0.0,0.0,-0.01,-1,-1,-0.01,-1,-1,-0.01,-1,-1,-0.01,-1,-1,-0.01,-1,-1,-0.01,-1,-1,-0.01,-1,-1,-0.01,-1,-1,-0.01,-1,-1,-0.01,-1,-1
99926009,2026-05-18 09:59:18+05:30,52840.65,0,0.0,0,0.0,0.0,53282.15,53308.4,52783.45,53710.35,0,0.0,0.0,0.0,0.0,-0.01,-1,-1,-0.01,-1,-1,-0.01,-1,-1,-0.01,-1,-1,-0.01,-1,-1,-0.01,-1,-1,-0.01,-1,-1,-0.01,-1,-1,-0.01,-1,-1,-0.01,-1,-1
99926009,2026-05-18 09:59:19+05:30,52840.15,0,0.0,0,0.0,0.0,53282.15,53308.4,52783.45,53710.35,0,0.0,0.0,0.0,0.0,-0.01,-1,-1,-0.01,-1,-1,-0.01,-1,-1,-0.01,-1,-1,-0.01,-1,-1,-0.01,-1,-1,-0.01,-1,-1,-0.01,-1,-1,-0.01,-1,-1,-0.01,-1,-1
99926009,2026-05-18 09:59:19+05:30,52842.2,0,0.0,0,0.0,0.0,53282.15,53308.4,52783.45,53710.35,0,0.0,0.0,0.0,0.0,-0.01,-1,-1,-0.01,-1,-1,-0.01,-1,-1,-0.01,-1,-1,-0.01,-1,-1,-0.01,-1,-1,-0.01,-1,-1,-0.01,-1,-1,-0.01,-1,-1,-0.01,-1,-1
99926009,2026-05-18 09:59:20+05:30,52836.5,0,0.0,0,0.0,0.0,53282.15,53308.4,52783.45,53710.35,0,0.0,0.0,0.0,0.0,-0.01,-1,-1,-0.01,-1,-1,-0.01,-1,-1,-0.01,-1,-1,-0.01,-1,-1,-0.01,-1,-1,-0.01,-1,-1,-0.01,-1,-1,-0.01,-1,-1,-0.01,-1,-1
99926009,2026-05-18 09:59:20+05:30,52841.25,0,0.0,0,0.0,0.0,53282.15,53308.4,52783.45,53710.35,0,0.0,0.0,0.0,0.0,-0.01,-1,-1,-0.01,-1,-1,-0.01,-1,-1,-0.01,-1,-1,-0.01,-1,-1,-0.01,-1,-1,-0.01,-1,-1,-0.01,-1,-1,-0.01,-1,-1,-0.01,-1,-1
99926009,2026-05-18 09:59:21+05:30,52840.05,0,0.0,0,0.0,0.0,53282.15,53308.4,52783.45,53710.35,0,0.0,0.0,0.0,0.0,-0.01,-1,-1,-0.01,-1,-1,-0.01,-1,-1,-0.01,-1,-1,-0.01,-1,-1,-0.01,-1,-1,-0.01,-1,-1,-0.01,-1,-1,-0.01,-1,-1,-0.01,-1,-1
99926009,2026-05-18 09:59:21+05:30,52839.25,0,0.0,0,0.0,0.0,53282.15,53308.4,52783.45,53710.35,0,0.0,0.0,0.0,0.0,-0.01,-1,-1,-0.01,-1,-1,-0.01,-1,-1,-0.01,-1,-1,-0.01,-1,-1,-0.01,-1,-1,-0.01,-1,-1,-0.01,-1,-1,-0.01,-1,-1,-0.01,-1,-1
99926009,2026-05-18 09:59:22+05:30,52838.25,0,0.0,0,0.0,0.0,53282.15,53308.4,52783.45,53710.35,0,0.0,0.0,0.0,0.0,-0.01,-1,-1,-0.01,-1,-1,-0.01,-1,-1,-0.01,-1,-1,-0.01,-1,-1,-0.01,-1,-1,-0.01,-1,-1,-0.01,-1,-1,-0.01,-1,-1,-0.01,-1,-1
99926009,2026-05-18 09:59:22+05:30,52843.4,0,0.0,0,0.0,0.0,53282.15,53308.4,52783.45,53710.35,0,0.0,0.0,0.0,0.0,-0.01,-1,-1,-0.01,-1,-1,-0.01,-1,-1,-0.01,-1,-1,-0.01,-1,-1,-0.01,-1,-1,-0.01,-1,-1,-0.01,-1,-1,-0.01,-1,-1,-0.01,-1,-1
99926009,2026-05-18 09:59:23+05:30,52846.1,0,0.0,0,0.0,0.0,53282.15,53308.4,52783.45,53710.35,0,0.0,0.0,0.0,0.0,-0.01,-1,-1,-0.01,-1,-1,-0.01,-1,-1,-0.01,-1,-1,-0.01,-1,-1,-0.01,-1,-1,-0.01,-1,-1,-0.01,-1,-1,-0.01,-1,-1,-0.01,-1,-1
99926009,2026-05-18 09:59:23+05:30,52846.5,0,0.0,0,0.0,0.0,53282.15,53308.4,52783.45,53710.35,0,0.0,0.0,0.0,0.0,-0.01,-1,-1,-0.01,-1,-1,-0.01,-1,-1,-0.01,-1,-1,-0.01,-1,-1,-0.01,-1,-1,-0.01,-1,-1,-0.01,-1,-1,-0.01,-1,-1,-0.01,-1,-1
99926009,2026-05-18 09:59:24+05:30,52845.3,0,0.0,0,0.0,0.0,53282.15,53308.4,52783.45,53710.35,0,0.0,0.0,0.0,0.0,-0.01,-1,-1,-0.01,-1,-1,-0.01,-1,-1,-0.01,-1,-1,-0.01,-1,-1,-0.01,-1,-1,-0.01,-1,-1,-0.01,-1,-1,-0.01,-1,-1,-0.01,-1,-1
99926009,2026-05-18 09:59:24+05:30,52847.6,0,0.0,0,0.0,0.0,53282.15,53308.4,52783.45,53710.35,0,0.0,0.0,0.0,0.0,-0.01,-1,-1,-0.01,-1,-1,-0.01,-1,-1,-0.01,-1,-1,-0.01,-1,-1,-0.01,-1,-1,-0.01,-1,-1,-0.01,-1,-1,-0.01,-1,-1,-0.01,-1,-1
99926009,2026-05-18 09:59:25+05:30,52845.7,0,0.0,0,0.0,0.0,53282.15,53308.4,52783.45,53710.35,0,0.0,0.0,0.0,0.0,-0.01,-1,-1,-0.01,-1,-1,-0.01,-1,-1,-0.01,-1,-1,-0.01,-1,-1,-0.01,-1,-1,-0.01,-1,-1,-0.01,-1,-1,-0.01,-1,-1,-0.01,-1,-1
99926009,2026-05-18 09:59:25+05:30,52846.05,0,0.0,0,0.0,0.0,53282.15,53308.4,52783.45,53710.35,0,0.0,0.0,0.0,0.0,-0.01,-1,-1,-0.01,-1,-1,-0.01,-1,-1,-0.01,-1,-1,-0.01,-1,-1,-0.01,-1,-1,-0.01,-1,-1,-0.01,-1,-1,-0.01,-1,-1,-0.01,-1,-1
99926009,2026-05-18 09:59:26+05:30,52839.85,0,0.0,0,0.0,0.0,53282.15,53308.4,52783.45,53710.35,0,0.0,0.0,0.0,0.0,-0.01,-1,-1,-0.01,-1,-1,-0.01,-1,-1,-0.01,-1,-1,-0.01,-1,-1,-0.01,-1,-1,-0.01,-1,-1,-0.01,-1,-1,-0.01,-1,-1,-0.01,-1,-1
99926009,2026-05-18 09:59:26+05:30,52842.8,0,0.0,0,0.0,0.0,53282.15,53308.4,52783.45,53710.35,0,0.0,0.0,0.0,0.0,-0.01,-1,-1,-0.01,-1,-1,-0.01,-1,-1,-0.01,-1,-1,-0.01,-1,-1,-0.01,-1,-1,-0.01,-1,-1,-0.01,-1,-1,-0.01,-1,-1,-0.01,-1,-1
99926009,2026-05-18 09:59:27+05:30,52843.7,0,0.0,0,0.0,0.0,53282.15,53308.4,52783.45,53710.35,0,0.0,0.0,0.0,0.0,-0.01,-1,-1,-0.01,-1,-1,-0.01,-1,-1,-0.01,-1,-1,-0.01,-1,-1,-0.01,-1,-1,-0.01,-1,-1,-0.01,-1,-1,-0.01,-1,-1,-0.01,-1,-1
99926009,2026-05-18 09:59:27+05:30,52841.25,0,0.0,0,0.0,0.0,53282.15,53308.4,52783.45,53710.35,0,0.0,0.0,0.0,0.0,-0.01,-1,-1,-0.01,-1,-1,-0.01,-1,-1,-0.01,-1,-1,-0.01,-1,-1,-0.01,-1,-1,-0.01,-1,-1,-0.01,-1,-1,-0.01,-1,-1,-0.01,-1,-1
99926009,2026-05-18 09:59:28+05:30,52839.65,0,0.0,0,0.0,0.0,53282.15,53308.4,52783.45,53710.35,0,0.0,0.0,0.0,0.0,-0.01,-1,-1,-0.01,-1,-1,-0.01,-1,-1,-0.01,-1,-1,-0.01,-1,-1,-0.01,-1,-1,-0.01,-1,-1,-0.01,-1,-1,-0.01,-1,-1,-0.01,-1,-1
99926009,2026-05-18 09:59:28+05:30,52847.3,0,0.0,0,0.0,0.0,53282.15,53308.4,52783.45,53710.35,0,0.0,0.0,0.0,0.0,-0.01,-1,-1,-0.01,-1,-1,-0.01,-1,-1,-0.01,-1,-1,-0.01,-1,-1,-0.01,-1,-1,-0.01,-1,-1,-0.01,-1,-1,-0.01,-1,-1,-0.01,-1,-1
99926009,2026-05-18 09:59:29+05:30,52848.9,0,0.0,0,0.0,0.0,53282.15,53308.4,52783.45,53710.35,0,0.0,0.0,0.0,0.0,-0.01,-1,-1,-0.01,-1,-1,-0.01,-1,-1,-0.01,-1,-1,-0.01,-1,-1,-0.01,-1,-1,-0.01,-1,-1,-0.01,-1,-1,-0.01,-1,-1,-0.01,-1,-1
99926009,2026-05-18 09:59:29+05:30,52854.5,0,0.0,0,0.0,0.0,53282.15,53308.4,52783.45,53710.35,0,0.0,0.0,0.0,0.0,-0.01,-1,-1,-0.01,-1,-1,-0.01,-1,-1,-0.01,-1,-1,-0.01,-1,-1,-0.01,-1,-1,-0.01,-1,-1,-0.01,-1,-1,-0.01,-1,-1,-0.01,-1,-1
99926009,2026-05-18 09:59:30+05:30,52857.35,0,0.0,0,0.0,0.0,53282.15,53308.4,52783.45,53710.35,0,0.0,0.0,0.0,0.0,-0.01,-1,-1,-0.01,-1,-1,-0.01,-1,-1,-0.01,-1,-1,-0.01,-1,-1,-0.01,-1,-1,-0.01,-1,-1,-0.01,-1,-1,-0.01,-1,-1,-0.01,-1,-1
99926009,2026-05-18 09:59:30+05:30,52855.5,0,0.0,0,0.0,0.0,53282.15,53308.4,52783.45,53710.35,0,0.0,0.0,0.0,0.0,-0.01,-1,-1,-0.01,-1,-1,-0.01,-1,-1,-0.01,-1,-1,-0.01,-1,-1,-0.01,-1,-1,-0.01,-1,-1,-0.01,-1,-1,-0.01,-1,-1,-0.01,-1,-1
99926009,2026-05-18 09:59:31+05:30,52858.55,0,0.0,0,0.0,0.0,53282.15,53308.4,52783.45,53710.35,0,0.0,0.0,0.0,0.0,-0.01,-1,-1,-0.01,-1,-1,-0.01,-1,-1,-0.01,-1,-1,-0.01,-1,-1,-0.01,-1,-1,-0.01,-1,-1,-0.01,-1,-1,-0.01,-1,-1,-0.01,-1,-1
99926009,2026-05-18 09:59:31+05:30,52853.4,0,0.0,0,0.0,0.0,53282.15,53308.4,52783.45,53710.35,0,0.0,0.0,0.0,0.0,-0.01,-1,-1,-0.01,-1,-1,-0.01,-1,-1,-0.01,-1,-1,-0.01,-1,-1,-0.01,-1,-1,-0.01,-1,-1,-0.01,-1,-1,-0.01,-1,-1,-0.01,-1,-1
99926009,2026-05-18 09:59:32+05:30,52854.6,0,0.0,0,0.0,0.0,53282.15,53308.4,52783.45,53710.35,0,0.0,0.0,0.0,0.0,-0.01,-1,-1,-0.01,-1,-1,-0.01,-1,-1,-0.01,-1,-1,-0.01,-1,-1,-0.01,-1,-1,-0.01,-1,-1,-0.01,-1,-1,-0.01,-1,-1,-0.01,-1,-1
99926009,2026-05-18 09:59:32+05:30,52857.05,0,0.0,0,0.0,0.0,53282.15,53308.4,52783.45,53710.35,0,0.0,0.0,0.0,0.0,-0.01,-1,-1,-0.01,-1,-1,-0.01,-1,-1,-0.01,-1,-1,-0.01,-1,-1,-0.01,-1,-1,-0.01,-1,-1,-0.01,-1,-1,-0.01,-1,-1,-0.01,-1,-1
99926009,2026-05-18 09:59:33+05:30,52856.55,0,0.0,0,0.0,0.0,53282.15,53308.4,52783.45,53710.35,0,0.0,0.0,0.0,0.0,-0.01,-1,-1,-0.01,-1,-1,-0.01,-1,-1,-0.01,-1,-1,-0.01,-1,-1,-0.01,-1,-1,-0.01,-1,-1,-0.01,-1,-1,-0.01,-1,-1,-0.01,-1,-1
99926009,2026-05-18 09:59:33+05:30,52858.9,0,0.0,0,0.0,0.0,53282.15,53308.4,52783.45,53710.35,0,0.0,0.0,0.0,0.0,-0.01,-1,-1,-0.01,-1,-1,-0.01,-1,-1,-0.01,-1,-1,-0.01,-1,-1,-0.01,-1,-1,-0.01,-1,-1,-0.01,-1,-1,-0.01,-1,-1,-0.01,-1,-1
99926009,2026-05-18 09:59:34+05:30,52858.55,0,0.0,0,0.0,0.0,53282.15,53308.4,52783.45,53710.35,0,0.0,0.0,0.0,0.0,-0.01,-1,-1,-0.01,-1,-1,-0.01,-1,-1,-0.01,-1,-1,-0.01,-1,-1,-0.01,-1,-1,-0.01,-1,-1,-0.01,-1,-1,-0.01,-1,-1,-0.01,-1,-1
99926009,2026-05-18 09:59:34+05:30,52858.3,0,0.0,0,0.0,0.0,53282.15,53308.4,52783.45,53710.35,0,0.0,0.0,0.0,0.0,-0.01,-1,-1,-0.01,-1,-1,-0.01,-1,-1,-0.01,-1,-1,-0.01,-1,-1,-0.01,-1,-1,-0.01,-1,-1,-0.01,-1,-1,-0.01,-1,-1,-0.01,-1,-1
99926009,2026-05-18 09:59:35+05:30,52854.95,0,0.0,0,0.0,0.0,53282.15,53308.4,52783.45,53710.35,0,0.0,0.0,0.0,0.0,-0.01,-1,-1,-0.01,-1,-1,-0.01,-1,-1,-0.01,-1,-1,-0.01,-1,-1,-0.01,-1,-1,-0.01,-1,-1,-0.01,-1,-1,-0.01,-1,-1,-0.01,-1,-1
99926009,2026-05-18 09:59:35+05:30,52858.3,0,0.0,0,0.0,0.0,53282.15,53308.4,52783.45,53710.35,0,0.0,0.0,0.0,0.0,-0.01,-1,-1,-0.01,-1,-1,-0.01,-1,-1,-0.01,-1,-1,-0.01,-1,-1,-0.01,-1,-1,-0.01,-1,-1,-0.01,-1,-1,-0.01,-1,-1,-0.01,-1,-1
99926009,2026-05-18 09:59:36+05:30,52859.35,0,0.0,0,0.0,0.0,53282.15,53308.4,52783.45,53710.35,0,0.0,0.0,0.0,0.0,-0.01,-1,-1,-0.01,-1,-1,-0.01,-1,-1,-0.01,-1,-1,-0.01,-1,-1,-0.01,-1,-1,-0.01,-1,-1,-0.01,-1,-1,-0.01,-1,-1,-0.01,-1,-1
99926009,2026-05-18 09:59:36+05:30,52857.85,0,0.0,0,0.0,0.0,53282.15,53308.4,52783.45,53710.35,0,0.0,0.0,0.0,0.0,-0.01,-1,-1,-0.01,-1,-1,-0.01,-1,-1,-0.01,-1,-1,-0.01,-1,-1,-0.01,-1,-1,-0.01,-1,-1,-0.01,-1,-1,-0.01,-1,-1,-0.01,-1,-1
99926009,2026-05-18 09:59:37+05:30,52857.65,0,0.0,0,0.0,0.0,53282.15,53308.4,52783.45,53710.35,0,0.0,0.0,0.0,0.0,-0.01,-1,-1,-0.01,-1,-1,-0.01,-1,-1,-0.01,-1,-1,-0.01,-1,-1,-0.01,-1,-1,-0.01,-1,-1,-0.01,-1,-1,-0.01,-1,-1,-0.01,-1,-1
99926009,2026-05-18 09:59:37+05:30,52852.25,0,0.0,0,0.0,0.0,53282.15,53308.4,52783.45,53710.35,0,0.0,0.0,0.0,0.0,-0.01,-1,-1,-0.01,-1,-1,-0.01,-1,-1,-0.01,-1,-1,-0.01,-1,-1,-0.01,-1,-1,-0.01,-1,-1,-0.01,-1,-1,-0.01,-1,-1,-0.01,-1,-1
99926009,2026-05-18 09:59:38+05:30,52856.65,0,0.0,0,0.0,0.0,53282.15,53308.4,52783.45,53710.35,0,0.0,0.0,0.0,0.0,-0.01,-1,-1,-0.01,-1,-1,-0.01,-1,-1,-0.01,-1,-1,-0.01,-1,-1,-0.01,-1,-1,-0.01,-1,-1,-0.01,-1,-1,-0.01,-1,-1,-0.01,-1,-1
99926009,2026-05-18 09:59:38+05:30,52858.2,0,0.0,0,0.0,0.0,53282.15,53308.4,52783.45,53710.35,0,0.0,0.0,0.0,0.0,-0.01,-1,-1,-0.01,-1,-1,-0.01,-1,-1,-0.01,-1,-1,-0.01,-1,-1,-0.01,-1,-1,-0.01,-1,-1,-0.01,-1,-1,-0.01,-1,-1,-0.01,-1,-1
99926009,2026-05-18 09:59:39+05:30,52856.65,0,0.0,0,0.0,0.0,53282.15,53308.4,52783.45,53710.35,0,0.0,0.0,0.0,0.0,-0.01,-1,-1,-0.01,-1,-1,-0.01,-1,-1,-0.01,-1,-1,-0.01,-1,-1,-0.01,-1,-1,-0.01,-1,-1,-0.01,-1,-1,-0.01,-1,-1,-0.01,-1,-1
99926009,2026-05-18 09:59:39+05:30,52857.4,0,0.0,0,0.0,0.0,53282.15,53308.4,52783.45,53710.35,0,0.0,0.0,0.0,0.0,-0.01,-1,-1,-0.01,-1,-1,-0.01,-1,-1,-0.01,-1,-1,-0.01,-1,-1,-0.01,-1,-1,-0.01,-1,-1,-0.01,-1,-1,-0.01,-1,-1,-0.01,-1,-1
99926009,2026-05-18 09:59:40+05:30,52855.5,0,0.0,0,0.0,0.0,53282.15,53308.4,52783.45,53710.35,0,0.0,0.0,0.0,0.0,-0.01,-1,-1,-0.01,-1,-1,-0.01,-1,-1,-0.01,-1,-1,-0.01,-1,-1,-0.01,-1,-1,-0.01,-1,-1,-0.01,-1,-1,-0.01,-1,-1,-0.01,-1,-1
99926009,2026-05-18 09:59:40+05:30,52853.4,0,0.0,0,0.0,0.0,53282.15,53308.4,52783.45,53710.35,0,0.0,0.0,0.0,0.0,-0.01,-1,-1,-0.01,-1,-1,-0.01,-1,-1,-0.01,-1,-1,-0.01,-1,-1,-0.01,-1,-1,-0.01,-1,-1,-0.01,-1,-1,-0.01,-1,-1,-0.01,-1,-1
99926009,2026-05-18 09:59:41+05:30,52853.25,0,0.0,0,0.0,0.0,53282.15,53308.4,52783.45,53710.35,0,0.0,0.0,0.0,0.0,-0.01,-1,-1,-0.01,-1,-1,-0.01,-1,-1,-0.01,-1,-1,-0.01,-1,-1,-0.01,-1,-1,-0.01,-1,-1,-0.01,-1,-1,-0.01,-1,-1,-0.01,-1,-1
99926009,2026-05-18 09:59:41+05:30,52854.1,0,0.0,0,0.0,0.0,53282.15,53308.4,52783.45,53710.35,0,0.0,0.0,0.0,0.0,-0.01,-1,-1,-0.01,-1,-1,-0.01,-1,-1,-0.01,-1,-1,-0.01,-1,-1,-0.01,-1,-1,-0.01,-1,-1,-0.01,-1,-1,-0.01,-1,-1,-0.01,-1,-1
99926009,2026-05-18 09:59:42+05:30,52851.8,0,0.0,0,0.0,0.0,53282.15,53308.4,52783.45,53710.35,0,0.0,0.0,0.0,0.0,-0.01,-1,-1,-0.01,-1,-1,-0.01,-1,-1,-0.01,-1,-1,-0.01,-1,-1,-0.01,-1,-1,-0.01,-1,-1,-0.01,-1,-1,-0.01,-1,-1,-0.01,-1,-1
99926009,2026-05-18 09:59:42+05:30,52852.9,0,0.0,0,0.0,0.0,53282.15,53308.4,52783.45,53710.35,0,0.0,0.0,0.0,0.0,-0.01,-1,-1,-0.01,-1,-1,-0.01,-1,-1,-0.01,-1,-1,-0.01,-1,-1,-0.01,-1,-1,-0.01,-1,-1,-0.01,-1,-1,-0.01,-1,-1,-0.01,-1,-1
99926009,2026-05-18 09:59:43+05:30,52854.1,0,0.0,0,0.0,0.0,53282.15,53308.4,52783.45,53710.35,0,0.0,0.0,0.0,0.0,-0.01,-1,-1,-0.01,-1,-1,-0.01,-1,-1,-0.01,-1,-1,-0.01,-1,-1,-0.01,-1,-1,-0.01,-1,-1,-0.01,-1,-1,-0.01,-1,-1,-0.01,-1,-1
99926009,2026-05-18 09:59:43+05:30,52855.6,0,0.0,0,0.0,0.0,53282.15,53308.4,52783.45,53710.35,0,0.0,0.0,0.0,0.0,-0.01,-1,-1,-0.01,-1,-1,-0.01,-1,-1,-0.01,-1,-1,-0.01,-1,-1,-0.01,-1,-1,-0.01,-1,-1,-0.01,-1,-1,-0.01,-1,-1,-0.01,-1,-1
99926009,2026-05-18 09:59:44+05:30,52857.35,0,0.0,0,0.0,0.0,53282.15,53308.4,52783.45,53710.35,0,0.0,0.0,0.0,0.0,-0.01,-1,-1,-0.01,-1,-1,-0.01,-1,-1,-0.01,-1,-1,-0.01,-1,-1,-0.01,-1,-1,-0.01,-1,-1,-0.01,-1,-1,-0.01,-1,-1,-0.01,-1,-1
99926009,2026-05-18 09:59:44+05:30,52856.85,0,0.0,0,0.0,0.0,53282.15,53308.4,52783.45,53710.35,0,0.0,0.0,0.0,0.0,-0.01,-1,-1,-0.01,-1,-1,-0.01,-1,-1,-0.01,-1,-1,-0.01,-1,-1,-0.01,-1,-1,-0.01,-1,-1,-0.01,-1,-1,-0.01,-1,-1,-0.01,-1,-1
99926009,2026-05-18 09:59:45+05:30,52856.35,0,0.0,0,0.0,0.0,53282.15,53308.4,52783.45,53710.35,0,0.0,0.0,0.0,0.0,-0.01,-1,-1,-0.01,-1,-1,-0.01,-1,-1,-0.01,-1,-1,-0.01,-1,-1,-0.01,-1,-1,-0.01,-1,-1,-0.01,-1,-1,-0.01,-1,-1,-0.01,-1,-1
99926009,2026-05-18 09:59:45+05:30,52854.55,0,0.0,0,0.0,0.0,53282.15,53308.4,52783.45,53710.35,0,0.0,0.0,0.0,0.0,-0.01,-1,-1,-0.01,-1,-1,-0.01,-1,-1,-0.01,-1,-1,-0.01,-1,-1,-0.01,-1,-1,-0.01,-1,-1,-0.01,-1,-1,-0.01,-1,-1,-0.01,-1,-1
99926009,2026-05-18 09:59:46+05:30,52853.75,0,0.0,0,0.0,0.0,53282.15,53308.4,52783.45,53710.35,0,0.0,0.0,0.0,0.0,-0.01,-1,-1,-0.01,-1,-1,-0.01,-1,-1,-0.01,-1,-1,-0.01,-1,-1,-0.01,-1,-1,-0.01,-1,-1,-0.01,-1,-1,-0.01,-1,-1,-0.01,-1,-1
99926009,2026-05-18 09:59:46+05:30,52855.4,0,0.0,0,0.0,0.0,53282.15,53308.4,52783.45,53710.35,0,0.0,0.0,0.0,0.0,-0.01,-1,-1,-0.01,-1,-1,-0.01,-1,-1,-0.01,-1,-1,-0.01,-1,-1,-0.01,-1,-1,-0.01,-1,-1,-0.01,-1,-1,-0.01,-1,-1,-0.01,-1,-1
99926009,2026-05-18 09:59:47+05:30,52852.55,0,0.0,0,0.0,0.0,53282.15,53308.4,52783.45,53710.35,0,0.0,0.0,0.0,0.0,-0.01,-1,-1,-0.01,-1,-1,-0.01,-1,-1,-0.01,-1,-1,-0.01,-1,-1,-0.01,-1,-1,-0.01,-1,-1,-0.01,-1,-1,-0.01,-1,-1,-0.01,-1,-1
99926009,2026-05-18 09:59:47+05:30,52857.45,0,0.0,0,0.0,0.0,53282.15,53308.4,52783.45,53710.35,0,0.0,0.0,0.0,0.0,-0.01,-1,-1,-0.01,-1,-1,-0.01,-1,-1,-0.01,-1,-1,-0.01,-1,-1,-0.01,-1,-1,-0.01,-1,-1,-0.01,-1,-1,-0.01,-1,-1,-0.01,-1,-1
99926009,2026-05-18 09:59:48+05:30,52857.1,0,0.0,0,0.0,0.0,53282.15,53308.4,52783.45,53710.35,0,0.0,0.0,0.0,0.0,-0.01,-1,-1,-0.01,-1,-1,-0.01,-1,-1,-0.01,-1,-1,-0.01,-1,-1,-0.01,-1,-1,-0.01,-1,-1,-0.01,-1,-1,-0.01,-1,-1,-0.01,-1,-1
99926009,2026-05-18 09:59:48+05:30,52856.5,0,0.0,0,0.0,0.0,53282.15,53308.4,52783.45,53710.35,0,0.0,0.0,0.0,0.0,-0.01,-1,-1,-0.01,-1,-1,-0.01,-1,-1,-0.01,-1,-1,-0.01,-1,-1,-0.01,-1,-1,-0.01,-1,-1,-0.01,-1,-1,-0.01,-1,-1,-0.01,-1,-1
99926009,2026-05-18 09:59:49+05:30,52855.35,0,0.0,0,0.0,0.0,53282.15,53308.4,52783.45,53710.35,0,0.0,0.0,0.0,0.0,-0.01,-1,-1,-0.01,-1,-1,-0.01,-1,-1,-0.01,-1,-1,-0.01,-1,-1,-0.01,-1,-1,-0.01,-1,-1,-0.01,-1,-1,-0.01,-1,-1,-0.01,-1,-1
99926009,2026-05-18 09:59:49+05:30,52858.15,0,0.0,0,0.0,0.0,53282.15,53308.4,52783.45,53710.35,0,0.0,0.0,0.0,0.0,-0.01,-1,-1,-0.01,-1,-1,-0.01,-1,-1,-0.01,-1,-1,-0.01,-1,-1,-0.01,-1,-1,-0.01,-1,-1,-0.01,-1,-1,-0.01,-1,-1,-0.01,-1,-1
99926009,2026-05-18 09:59:50+05:30,52859.25,0,0.0,0,0.0,0.0,53282.15,53308.4,52783.45,53710.35,0,0.0,0.0,0.0,0.0,-0.01,-1,-1,-0.01,-1,-1,-0.01,-1,-1,-0.01,-1,-1,-0.01,-1,-1,-0.01,-1,-1,-0.01,-1,-1,-0.01,-1,-1,-0.01,-1,-1,-0.01,-1,-1
99926009,2026-05-18 09:59:50+05:30,52859.8,0,0.0,0,0.0,0.0,53282.15,53308.4,52783.45,53710.35,0,0.0,0.0,0.0,0.0,-0.01,-1,-1,-0.01,-1,-1,-0.01,-1,-1,-0.01,-1,-1,-0.01,-1,-1,-0.01,-1,-1,-0.01,-1,-1,-0.01,-1,-1,-0.01,-1,-1,-0.01,-1,-1
99926009,2026-05-18 09:59:51+05:30,52864.55,0,0.0,0,0.0,0.0,53282.15,53308.4,52783.45,53710.35,0,0.0,0.0,0.0,0.0,-0.01,-1,-1,-0.01,-1,-1,-0.01,-1,-1,-0.01,-1,-1,-0.01,-1,-1,-0.01,-1,-1,-0.01,-1,-1,-0.01,-1,-1,-0.01,-1,-1,-0.01,-1,-1
99926009,2026-05-18 09:59:51+05:30,52868.3,0,0.0,0,0.0,0.0,53282.15,53308.4,52783.45,53710.35,0,0.0,0.0,0.0,0.0,-0.01,-1,-1,-0.01,-1,-1,-0.01,-1,-1,-0.01,-1,-1,-0.01,-1,-1,-0.01,-1,-1,-0.01,-1,-1,-0.01,-1,-1,-0.01,-1,-1,-0.01,-1,-1
99926009,2026-05-18 09:59:52+05:30,52866.7,0,0.0,0,0.0,0.0,53282.15,53308.4,52783.45,53710.35,0,0.0,0.0,0.0,0.0,-0.01,-1,-1,-0.01,-1,-1,-0.01,-1,-1,-0.01,-1,-1,-0.01,-1,-1,-0.01,-1,-1,-0.01,-1,-1,-0.01,-1,-1,-0.01,-1,-1,-0.01,-1,-1
99926009,2026-05-18 09:59:52+05:30,52866.2,0,0.0,0,0.0,0.0,53282.15,53308.4,52783.45,53710.35,0,0.0,0.0,0.0,0.0,-0.01,-1,-1,-0.01,-1,-1,-0.01,-1,-1,-0.01,-1,-1,-0.01,-1,-1,-0.01,-1,-1,-0.01,-1,-1,-0.01,-1,-1,-0.01,-1,-1,-0.01,-1,-1
99926009,2026-05-18 09:59:53+05:30,52866.9,0,0.0,0,0.0,0.0,53282.15,53308.4,52783.45,53710.35,0,0.0,0.0,0.0,0.0,-0.01,-1,-1,-0.01,-1,-1,-0.01,-1,-1,-0.01,-1,-1,-0.01,-1,-1,-0.01,-1,-1,-0.01,-1,-1,-0.01,-1,-1,-0.01,-1,-1,-0.01,-1,-1
99926009,2026-05-18 09:59:53+05:30,52870.7,0,0.0,0,0.0,0.0,53282.15,53308.4,52783.45,53710.35,0,0.0,0.0,0.0,0.0,-0.01,-1,-1,-0.01,-1,-1,-0.01,-1,-1,-0.01,-1,-1,-0.01,-1,-1,-0.01,-1,-1,-0.01,-1,-1,-0.01,-1,-1,-0.01,-1,-1,-0.01,-1,-1
99926009,2026-05-18 09:59:54+05:30,52870.1,0,0.0,0,0.0,0.0,53282.15,53308.4,52783.45,53710.35,0,0.0,0.0,0.0,0.0,-0.01,-1,-1,-0.01,-1,-1,-0.01,-1,-1,-0.01,-1,-1,-0.01,-1,-1,-0.01,-1,-1,-0.01,-1,-1,-0.01,-1,-1,-0.01,-1,-1,-0.01,-1,-1
99926009,2026-05-18 09:59:54+05:30,52869.7,0,0.0,0,0.0,0.0,53282.15,53308.4,52783.45,53710.35,0,0.0,0.0,0.0,0.0,-0.01,-1,-1,-0.01,-1,-1,-0.01,-1,-1,-0.01,-1,-1,-0.01,-1,-1,-0.01,-1,-1,-0.01,-1,-1,-0.01,-1,-1,-0.01,-1,-1,-0.01,-1,-1
99926009,2026-05-18 09:59:55+05:30,52871.6,0,0.0,0,0.0,0.0,53282.15,53308.4,52783.45,53710.35,0,0.0,0.0,0.0,0.0,-0.01,-1,-1,-0.01,-1,-1,-0.01,-1,-1,-0.01,-1,-1,-0.01,-1,-1,-0.01,-1,-1,-0.01,-1,-1,-0.01,-1,-1,-0.01,-1,-1,-0.01,-1,-1
99926009,2026-05-18 09:59:55+05:30,52881.45,0,0.0,0,0.0,0.0,53282.15,53308.4,52783.45,53710.35,0,0.0,0.0,0.0,0.0,-0.01,-1,-1,-0.01,-1,-1,-0.01,-1,-1,-0.01,-1,-1,-0.01,-1,-1,-0.01,-1,-1,-0.01,-1,-1,-0.01,-1,-1,-0.01,-1,-1,-0.01,-1,-1
99926009,2026-05-18 09:59:56+05:30,52876.9,0,0.0,0,0.0,0.0,53282.15,53308.4,52783.45,53710.35,0,0.0,0.0,0.0,0.0,-0.01,-1,-1,-0.01,-1,-1,-0.01,-1,-1,-0.01,-1,-1,-0.01,-1,-1,-0.01,-1,-1,-0.01,-1,-1,-0.01,-1,-1,-0.01,-1,-1,-0.01,-1,-1
99926009,2026-05-18 09:59:56+05:30,52874.35,0,0.0,0,0.0,0.0,53282.15,53308.4,52783.45,53710.35,0,0.0,0.0,0.0,0.0,-0.01,-1,-1,-0.01,-1,-1,-0.01,-1,-1,-0.01,-1,-1,-0.01,-1,-1,-0.01,-1,-1,-0.01,-1,-1,-0.01,-1,-1,-0.01,-1,-1,-0.01,-1,-1
99926009,2026-05-18 09:59:57+05:30,52872.75,0,0.0,0,0.0,0.0,53282.15,53308.4,52783.45,53710.35,0,0.0,0.0,0.0,0.0,-0.01,-1,-1,-0.01,-1,-1,-0.01,-1,-1,-0.01,-1,-1,-0.01,-1,-1,-0.01,-1,-1,-0.01,-1,-1,-0.01,-1,-1,-0.01,-1,-1,-0.01,-1,-1
99926009,2026-05-18 09:59:57+05:30,52872.55,0,0.0,0,0.0,0.0,53282.15,53308.4,52783.45,53710.35,0,0.0,0.0,0.0,0.0,-0.01,-1,-1,-0.01,-1,-1,-0.01,-1,-1,-0.01,-1,-1,-0.01,-1,-1,-0.01,-1,-1,-0.01,-1,-1,-0.01,-1,-1,-0.01,-1,-1,-0.01,-1,-1
99926009,2026-05-18 09:59:58+05:30,52877.65,0,0.0,0,0.0,0.0,53282.15,53308.4,52783.45,53710.35,0,0.0,0.0,0.0,0.0,-0.01,-1,-1,-0.01,-1,-1,-0.01,-1,-1,-0.01,-1,-1,-0.01,-1,-1,-0.01,-1,-1,-0.01,-1,-1,-0.01,-1,-1,-0.01,-1,-1,-0.01,-1,-1
99926009,2026-05-18 09:59:58+05:30,52876.15,0,0.0,0,0.0,0.0,53282.15,53308.4,52783.45,53710.35,0,0.0,0.0,0.0,0.0,-0.01,-1,-1,-0.01,-1,-1,-0.01,-1,-1,-0.01,-1,-1,-0.01,-1,-1,-0.01,-1,-1,-0.01,-1,-1,-0.01,-1,-1,-0.01,-1,-1,-0.01,-1,-1
99926009,2026-05-18 09:59:59+05:30,52879.95,0,0.0,0,0.0,0.0,53282.15,53308.4,52783.45,53710.35,0,0.0,0.0,0.0,0.0,-0.01,-1,-1,-0.01,-1,-1,-0.01,-1,-1,-0.01,-1,-1,-0.01,-1,-1,-0.01,-1,-1,-0.01,-1,-1,-0.01,-1,-1,-0.01,-1,-1,-0.01,-1,-1
99926009,2026-05-18 09:59:59+05:30,52877.1,0,0.0,0,0.0,0.0,53282.15,53308.4,52783.45,53710.35,0,0.0,0.0,0.0,0.0,-0.01,-1,-1,-0.01,-1,-1,-0.01,-1,-1,-0.01,-1,-1,-0.01,-1,-1,-0.01,-1,-1,-0.01,-1,-1,-0.01,-1,-1,-0.01,-1,-1,-0.01,-1,-1
99926009,2026-05-18 10:00:00+05:30,52875.35,0,0.0,0,0.0,0.0,53282.15,53308.4,52783.45,53710.35,0,0.0,0.0,0.0,0.0,-0.01,-1,-1,-0.01,-1,-1,-0.01,-1,-1,-0.01,-1,-1,-0.01,-1,-1,-0.01,-1,-1,-0.01,-1,-1,-0.01,-1,-1,-0.01,-1,-1,-0.01,-1,-1
99926009,2026-05-18 10:00:00+05:30,52875.95,0,0.0,0,0.0,0.0,53282.15,53308.4,52783.45,53710.35,0,0.0,0.0,0.0,0.0,-0.01,-1,-1,-0.01,-1,-1,-0.01,-1,-1,-0.01,-1,-1,-0.01,-1,-1,-0.01,-1,-1,-0.01,-1,-1,-0.01,-1,-1,-0.01,-1,-1,-0.01,-1,-1
99926009,2026-05-18 10:00:01+05:30,52879.95,0,0.0,0,0.0,0.0,53282.15,53308.4,52783.45,53710.35,0,0.0,0.0,0.0,0.0,-0.01,-1,-1,-0.01,-1,-1,-0.01,-1,-1,-0.01,-1,-1,-0.01,-1,-1,-0.01,-1,-1,-0.01,-1,-1,-0.01,-1,-1,-0.01,-1,-1,-0.01,-1,-1
99926009,2026-05-18 10:00:01+05:30,52880.0,0,0.0,0,0.0,0.0,53282.15,53308.4,52783.45,53710.35,0,0.0,0.0,0.0,0.0,-0.01,-1,-1,-0.01,-1,-1,-0.01,-1,-1,-0.01,-1,-1,-0.01,-1,-1,-0.01,-1,-1,-0.01,-1,-1,-0.01,-1,-1,-0.01,-1,-1,-0.01,-1,-1
99926009,2026-05-18 10:00:02+05:30,52881.55,0,0.0,0,0.0,0.0,53282.15,53308.4,52783.45,53710.35,0,0.0,0.0,0.0,0.0,-0.01,-1,-1,-0.01,-1,-1,-0.01,-1,-1,-0.01,-1,-1,-0.01,-1,-1,-0.01,-1,-1,-0.01,-1,-1,-0.01,-1,-1,-0.01,-1,-1,-0.01,-1,-1
99926009,2026-05-18 10:00:02+05:30,52882.4,0,0.0,0,0.0,0.0,53282.15,53308.4,52783.45,53710.35,0,0.0,0.0,0.0,0.0,-0.01,-1,-1,-0.01,-1,-1,-0.01,-1,-1,-0.01,-1,-1,-0.01,-1,-1,-0.01,-1,-1,-0.01,-1,-1,-0.01,-1,-1,-0.01,-1,-1,-0.01,-1,-1
99926009,2026-05-18 10:00:03+05:30,52884.4,0,0.0,0,0.0,0.0,53282.15,53308.4,52783.45,53710.35,0,0.0,0.0,0.0,0.0,-0.01,-1,-1,-0.01,-1,-1,-0.01,-1,-1,-0.01,-1,-1,-0.01,-1,-1,-0.01,-1,-1,-0.01,-1,-1,-0.01,-1,-1,-0.01,-1,-1,-0.01,-1,-1
99926009,2026-05-18 10:00:03+05:30,52891.25,0,0.0,0,0.0,0.0,53282.15,53308.4,52783.45,53710.35,0,0.0,0.0,0.0,0.0,-0.01,-1,-1,-0.01,-1,-1,-0.01,-1,-1,-0.01,-1,-1,-0.01,-1,-1,-0.01,-1,-1,-0.01,-1,-1,-0.01,-1,-1,-0.01,-1,-1,-0.01,-1,-1
99926009,2026-05-18 10:00:04+05:30,52892.25,0,0.0,0,0.0,0.0,53282.15,53308.4,52783.45,53710.35,0,0.0,0.0,0.0,0.0,-0.01,-1,-1,-0.01,-1,-1,-0.01,-1,-1,-0.01,-1,-1,-0.01,-1,-1,-0.01,-1,-1,-0.01,-1,-1,-0.01,-1,-1,-0.01,-1,-1,-0.01,-1,-1
99926009,2026-05-18 10:00:04+05:30,52894.45,0,0.0,0,0.0,0.0,53282.15,53308.4,52783.45,53710.35,0,0.0,0.0,0.0,0.0,-0.01,-1,-1,-0.01,-1,-1,-0.01,-1,-1,-0.01,-1,-1,-0.01,-1,-1,-0.01,-1,-1,-0.01,-1,-1,-0.01,-1,-1,-0.01,-1,-1,-0.01,-1,-1
99926009,2026-05-18 10:00:05+05:30,52893.15,0,0.0,0,0.0,0.0,53282.15,53308.4,52783.45,53710.35,0,0.0,0.0,0.0,0.0,-0.01,-1,-1,-0.01,-1,-1,-0.01,-1,-1,-0.01,-1,-1,-0.01,-1,-1,-0.01,-1,-1,-0.01,-1,-1,-0.01,-1,-1,-0.01,-1,-1,-0.01,-1,-1
99926009,2026-05-18 10:00:05+05:30,52893.4,0,0.0,0,0.0,0.0,53282.15,53308.4,52783.45,53710.35,0,0.0,0.0,0.0,0.0,-0.01,-1,-1,-0.01,-1,-1,-0.01,-1,-1,-0.01,-1,-1,-0.01,-1,-1,-0.01,-1,-1,-0.01,-1,-1,-0.01,-1,-1,-0.01,-1,-1,-0.01,-1,-1
99926009,2026-05-18 10:00:06+05:30,52894.25,0,0.0,0,0.0,0.0,53282.15,53308.4,52783.45,53710.35,0,0.0,0.0,0.0,0.0,-0.01,-1,-1,-0.01,-1,-1,-0.01,-1,-1,-0.01,-1,-1,-0.01,-1,-1,-0.01,-1,-1,-0.01,-1,-1,-0.01,-1,-1,-0.01,-1,-1,-0.01,-1,-1
99926009,2026-05-18 10:00:06+05:30,52894.3,0,0.0,0,0.0,0.0,53282.15,53308.4,52783.45,53710.35,0,0.0,0.0,0.0,0.0,-0.01,-1,-1,-0.01,-1,-1,-0.01,-1,-1,-0.01,-1,-1,-0.01,-1,-1,-0.01,-1,-1,-0.01,-1,-1,-0.01,-1,-1,-0.01,-1,-1,-0.01,-1,-1
99926009,2026-05-18 10:00:07+05:30,52893.35,0,0.0,0,0.0,0.0,53282.15,53308.4,52783.45,53710.35,0,0.0,0.0,0.0,0.0,-0.01,-1,-1,-0.01,-1,-1,-0.01,-1,-1,-0.01,-1,-1,-0.01,-1,-1,-0.01,-1,-1,-0.01,-1,-1,-0.01,-1,-1,-0.01,-1,-1,-0.01,-1,-1
99926009,2026-05-18 10:00:07+05:30,52891.2,0,0.0,0,0.0,0.0,53282.15,53308.4,52783.45,53710.35,0,0.0,0.0,0.0,0.0,-0.01,-1,-1,-0.01,-1,-1,-0.01,-1,-1,-0.01,-1,-1,-0.01,-1,-1,-0.01,-1,-1,-0.01,-1,-1,-0.01,-1,-1,-0.01,-1,-1,-0.01,-1,-1
99926009,2026-05-18 10:00:08+05:30,52889.7,0,0.0,0,0.0,0.0,53282.15,53308.4,52783.45,53710.35,0,0.0,0.0,0.0,0.0,-0.01,-1,-1,-0.01,-1,-1,-0.01,-1,-1,-0.01,-1,-1,-0.01,-1,-1,-0.01,-1,-1,-0.01,-1,-1,-0.01,-1,-1,-0.01,-1,-1,-0.01,-1,-1
99926009,2026-05-18 10:00:08+05:30,52888.6,0,0.0,0,0.0,0.0,53282.15,53308.4,52783.45,53710.35,0,0.0,0.0,0.0,0.0,-0.01,-1,-1,-0.01,-1,-1,-0.01,-1,-1,-0.01,-1,-1,-0.01,-1,-1,-0.01,-1,-1,-0.01,-1,-1,-0.01,-1,-1,-0.01,-1,-1,-0.01,-1,-1
99926009,2026-05-18 10:00:09+05:30,52891.6,0,0.0,0,0.0,0.0,53282.15,53308.4,52783.45,53710.35,0,0.0,0.0,0.0,0.0,-0.01,-1,-1,-0.01,-1,-1,-0.01,-1,-1,-0.01,-1,-1,-0.01,-1,-1,-0.01,-1,-1,-0.01,-1,-1,-0.01,-1,-1,-0.01,-1,-1,-0.01,-1,-1
99926009,2026-05-18 10:00:09+05:30,52887.7,0,0.0,0,0.0,0.0,53282.15,53308.4,52783.45,53710.35,0,0.0,0.0,0.0,0.0,-0.01,-1,-1,-0.01,-1,-1,-0.01,-1,-1,-0.01,-1,-1,-0.01,-1,-1,-0.01,-1,-1,-0.01,-1,-1,-0.01,-1,-1,-0.01,-1,-1,-0.01,-1,-1
99926009,2026-05-18 10:00:10+05:30,52886.5,0,0.0,0,0.0,0.0,53282.15,53308.4,52783.45,53710.35,0,0.0,0.0,0.0,0.0,-0.01,-1,-1,-0.01,-1,-1,-0.01,-1,-1,-0.01,-1,-1,-0.01,-1,-1,-0.01,-1,-1,-0.01,-1,-1,-0.01,-1,-1,-0.01,-1,-1,-0.01,-1,-1
99926009,2026-05-18 10:00:10+05:30,52886.45,0,0.0,0,0.0,0.0,53282.15,53308.4,52783.45,53710.35,0,0.0,0.0,0.0,0.0,-0.01,-1,-1,-0.01,-1,-1,-0.01,-1,-1,-0.01,-1,-1,-0.01,-1,-1,-0.01,-1,-1,-0.01,-1,-1,-0.01,-1,-1,-0.01,-1,-1,-0.01,-1,-1
99926009,2026-05-18 10:00:11+05:30,52886.0,0,0.0,0,0.0,0.0,53282.15,53308.4,52783.45,53710.35,0,0.0,0.0,0.0,0.0,-0.01,-1,-1,-0.01,-1,-1,-0.01,-1,-1,-0.01,-1,-1,-0.01,-1,-1,-0.01,-1,-1,-0.01,-1,-1,-0.01,-1,-1,-0.01,-1,-1,-0.01,-1,-1
99926009,2026-05-18 10:00:11+05:30,52889.35,0,0.0,0,0.0,0.0,53282.15,53308.4,52783.45,53710.35,0,0.0,0.0,0.0,0.0,-0.01,-1,-1,-0.01,-1,-1,-0.01,-1,-1,-0.01,-1,-1,-0.01,-1,-1,-0.01,-1,-1,-0.01,-1,-1,-0.01,-1,-1,-0.01,-1,-1,-0.01,-1,-1
99926009,2026-05-18 10:00:12+05:30,52888.35,0,0.0,0,0.0,0.0,53282.15,53308.4,52783.45,53710.35,0,0.0,0.0,0.0,0.0,-0.01,-1,-1,-0.01,-1,-1,-0.01,-1,-1,-0.01,-1,-1,-0.01,-1,-1,-0.01,-1,-1,-0.01,-1,-1,-0.01,-1,-1,-0.01,-1,-1,-0.01,-1,-1
99926009,2026-05-18 10:00:12+05:30,52886.4,0,0.0,0,0.0,0.0,53282.15,53308.4,52783.45,53710.35,0,0.0,0.0,0.0,0.0,-0.01,-1,-1,-0.01,-1,-1,-0.01,-1,-1,-0.01,-1,-1,-0.01,-1,-1,-0.01,-1,-1,-0.01,-1,-1,-0.01,-1,-1,-0.01,-1,-1,-0.01,-1,-1
99926009,2026-05-18 10:00:13+05:30,52891.1,0,0.0,0,0.0,0.0,53282.15,53308.4,52783.45,53710.35,0,0.0,0.0,0.0,0.0,-0.01,-1,-1,-0.01,-1,-1,-0.01,-1,-1,-0.01,-1,-1,-0.01,-1,-1,-0.01,-1,-1,-0.01,-1,-1,-0.01,-1,-1,-0.01,-1,-1,-0.01,-1,-1
99926009,2026-05-18 10:00:13+05:30,52891.75,0,0.0,0,0.0,0.0,53282.15,53308.4,52783.45,53710.35,0,0.0,0.0,0.0,0.0,-0.01,-1,-1,-0.01,-1,-1,-0.01,-1,-1,-0.01,-1,-1,-0.01,-1,-1,-0.01,-1,-1,-0.01,-1,-1,-0.01,-1,-1,-0.01,-1,-1,-0.01,-1,-1
99926009,2026-05-18 10:00:14+05:30,52887.9,0,0.0,0,0.0,0.0,53282.15,53308.4,52783.45,53710.35,0,0.0,0.0,0.0,0.0,-0.01,-1,-1,-0.01,-1,-1,-0.01,-1,-1,-0.01,-1,-1,-0.01,-1,-1,-0.01,-1,-1,-0.01,-1,-1,-0.01,-1,-1,-0.01,-1,-1,-0.01,-1,-1
99926009,2026-05-18 10:00:14+05:30,52888.95,0,0.0,0,0.0,0.0,53282.15,53308.4,52783.45,53710.35,0,0.0,0.0,0.0,0.0,-0.01,-1,-1,-0.01,-1,-1,-0.01,-1,-1,-0.01,-1,-1,-0.01,-1,-1,-0.01,-1,-1,-0.01,-1,-1,-0.01,-1,-1,-0.01,-1,-1,-0.01,-1,-1
99926009,2026-05-18 10:00:15+05:30,52887.35,0,0.0,0,0.0,0.0,53282.15,53308.4,52783.45,53710.35,0,0.0,0.0,0.0,0.0,-0.01,-1,-1,-0.01,-1,-1,-0.01,-1,-1,-0.01,-1,-1,-0.01,-1,-1,-0.01,-1,-1,-0.01,-1,-1,-0.01,-1,-1,-0.01,-1,-1,-0.01,-1,-1
99926009,2026-05-18 10:00:15+05:30,52891.95,0,0.0,0,0.0,0.0,53282.15,53308.4,52783.45,53710.35,0,0.0,0.0,0.0,0.0,-0.01,-1,-1,-0.01,-1,-1,-0.01,-1,-1,-0.01,-1,-1,-0.01,-1,-1,-0.01,-1,-1,-0.01,-1,-1,-0.01,-1,-1,-0.01,-1,-1,-0.01,-1,-1
99926009,2026-05-18 10:00:16+05:30,52892.5,0,0.0,0,0.0,0.0,53282.15,53308.4,52783.45,53710.35,0,0.0,0.0,0.0,0.0,-0.01,-1,-1,-0.01,-1,-1,-0.01,-1,-1,-0.01,-1,-1,-0.01,-1,-1,-0.01,-1,-1,-0.01,-1,-1,-0.01,-1,-1,-0.01,-1,-1,-0.01,-1,-1
99926009,2026-05-18 10:00:16+05:30,52888.85,0,0.0,0,0.0,0.0,53282.15,53308.4,52783.45,53710.35,0,0.0,0.0,0.0,0.0,-0.01,-1,-1,-0.01,-1,-1,-0.01,-1,-1,-0.01,-1,-1,-0.01,-1,-1,-0.01,-1,-1,-0.01,-1,-1,-0.01,-1,-1,-0.01,-1,-1,-0.01,-1,-1
99926009,2026-05-18 10:00:17+05:30,52888.9,0,0.0,0,0.0,0.0,53282.15,53308.4,52783.45,53710.35,0,0.0,0.0,0.0,0.0,-0.01,-1,-1,-0.01,-1,-1,-0.01,-1,-1,-0.01,-1,-1,-0.01,-1,-1,-0.01,-1,-1,-0.01,-1,-1,-0.01,-1,-1,-0.01,-1,-1,-0.01,-1,-1
99926009,2026-05-18 10:00:17+05:30,52892.4,0,0.0,0,0.0,0.0,53282.15,53308.4,52783.45,53710.35,0,0.0,0.0,0.0,0.0,-0.01,-1,-1,-0.01,-1,-1,-0.01,-1,-1,-0.01,-1,-1,-0.01,-1,-1,-0.01,-1,-1,-0.01,-1,-1,-0.01,-1,-1,-0.01,-1,-1,-0.01,-1,-1
99926009,2026-05-18 10:00:18+05:30,52891.9,0,0.0,0,0.0,0.0,53282.15,53308.4,52783.45,53710.35,0,0.0,0.0,0.0,0.0,-0.01,-1,-1,-0.01,-1,-1,-0.01,-1,-1,-0.01,-1,-1,-0.01,-1,-1,-0.01,-1,-1,-0.01,-1,-1,-0.01,-1,-1,-0.01,-1,-1,-0.01,-1,-1
99926009,2026-05-18 10:00:18+05:30,52891.25,0,0.0,0,0.0,0.0,53282.15,53308.4,52783.45,53710.35,0,0.0,0.0,0.0,0.0,-0.01,-1,-1,-0.01,-1,-1,-0.01,-1,-1,-0.01,-1,-1,-0.01,-1,-1,-0.01,-1,-1,-0.01,-1,-1,-0.01,-1,-1,-0.01,-1,-1,-0.01,-1,-1
99926009,2026-05-18 10:00:19+05:30,52891.45,0,0.0,0,0.0,0.0,53282.15,53308.4,52783.45,53710.35,0,0.0,0.0,0.0,0.0,-0.01,-1,-1,-0.01,-1,-1,-0.01,-1,-1,-0.01,-1,-1,-0.01,-1,-1,-0.01,-1,-1,-0.01,-1,-1,-0.01,-1,-1,-0.01,-1,-1,-0.01,-1,-1
99926009,2026-05-18 10:00:19+05:30,52890.6,0,0.0,0,0.0,0.0,53282.15,53308.4,52783.45,53710.35,0,0.0,0.0,0.0,0.0,-0.01,-1,-1,-0.01,-1,-1,-0.01,-1,-1,-0.01,-1,-1,-0.01,-1,-1,-0.01,-1,-1,-0.01,-1,-1,-0.01,-1,-1,-0.01,-1,-1,-0.01,-1,-1
99926009,2026-05-18 10:00:20+05:30,52892.15,0,0.0,0,0.0,0.0,53282.15,53308.4,52783.45,53710.35,0,0.0,0.0,0.0,0.0,-0.01,-1,-1,-0.01,-1,-1,-0.01,-1,-1,-0.01,-1,-1,-0.01,-1,-1,-0.01,-1,-1,-0.01,-1,-1,-0.01,-1,-1,-0.01,-1,-1,-0.01,-1,-1
99926009,2026-05-18 10:00:20+05:30,52890.15,0,0.0,0,0.0,0.0,53282.15,53308.4,52783.45,53710.35,0,0.0,0.0,0.0,0.0,-0.01,-1,-1,-0.01,-1,-1,-0.01,-1,-1,-0.01,-1,-1,-0.01,-1,-1,-0.01,-1,-1,-0.01,-1,-1,-0.01,-1,-1,-0.01,-1,-1,-0.01,-1,-1
99926009,2026-05-18 10:00:21+05:30,52891.55,0,0.0,0,0.0,0.0,53282.15,53308.4,52783.45,53710.35,0,0.0,0.0,0.0,0.0,-0.01,-1,-1,-0.01,-1,-1,-0.01,-1,-1,-0.01,-1,-1,-0.01,-1,-1,-0.01,-1,-1,-0.01,-1,-1,-0.01,-1,-1,-0.01,-1,-1,-0.01,-1,-1
99926009,2026-05-18 10:00:21+05:30,52890.75,0,0.0,0,0.0,0.0,53282.15,53308.4,52783.45,53710.35,0,0.0,0.0,0.0,0.0,-0.01,-1,-1,-0.01,-1,-1,-0.01,-1,-1,-0.01,-1,-1,-0.01,-1,-1,-0.01,-1,-1,-0.01,-1,-1,-0.01,-1,-1,-0.01,-1,-1,-0.01,-1,-1
99926009,2026-05-18 10:00:22+05:30,52885.1,0,0.0,0,0.0,0.0,53282.15,53308.4,52783.45,53710.35,0,0.0,0.0,0.0,0.0,-0.01,-1,-1,-0.01,-1,-1,-0.01,-1,-1,-0.01,-1,-1,-0.01,-1,-1,-0.01,-1,-1,-0.01,-1,-1,-0.01,-1,-1,-0.01,-1,-1,-0.01,-1,-1
99926009,2026-05-18 10:00:22+05:30,52885.45,0,0.0,0,0.0,0.0,53282.15,53308.4,52783.45,53710.35,0,0.0,0.0,0.0,0.0,-0.01,-1,-1,-0.01,-1,-1,-0.01,-1,-1,-0.01,-1,-1,-0.01,-1,-1,-0.01,-1,-1,-0.01,-1,-1,-0.01,-1,-1,-0.01,-1,-1,-0.01,-1,-1
99926009,2026-05-18 10:00:23+05:30,52883.8,0,0.0,0,0.0,0.0,53282.15,53308.4,52783.45,53710.35,0,0.0,0.0,0.0,0.0,-0.01,-1,-1,-0.01,-1,-1,-0.01,-1,-1,-0.01,-1,-1,-0.01,-1,-1,-0.01,-1,-1,-0.01,-1,-1,-0.01,-1,-1,-0.01,-1,-1,-0.01,-1,-1
99926009,2026-05-18 10:00:23+05:30,52883.85,0,0.0,0,0.0,0.0,53282.15,53308.4,52783.45,53710.35,0,0.0,0.0,0.0,0.0,-0.01,-1,-1,-0.01,-1,-1,-0.01,-1,-1,-0.01,-1,-1,-0.01,-1,-1,-0.01,-1,-1,-0.01,-1,-1,-0.01,-1,-1,-0.01,-1,-1,-0.01,-1,-1
99926009,2026-05-18 10:00:24+05:30,52882.35,0,0.0,0,0.0,0.0,53282.15,53308.4,52783.45,53710.35,0,0.0,0.0,0.0,0.0,-0.01,-1,-1,-0.01,-1,-1,-0.01,-1,-1,-0.01,-1,-1,-0.01,-1,-1,-0.01,-1,-1,-0.01,-1,-1,-0.01,-1,-1,-0.01,-1,-1,-0.01,-1,-1
99926009,2026-05-18 10:00:24+05:30,52880.0,0,0.0,0,0.0,0.0,53282.15,53308.4,52783.45,53710.35,0,0.0,0.0,0.0,0.0,-0.01,-1,-1,-0.01,-1,-1,-0.01,-1,-1,-0.01,-1,-1,-0.01,-1,-1,-0.01,-1,-1,-0.01,-1,-1,-0.01,-1,-1,-0.01,-1,-1,-0.01,-1,-1
99926009,2026-05-18 10:00:25+05:30,52880.7,0,0.0,0,0.0,0.0,53282.15,53308.4,52783.45,53710.35,0,0.0,0.0,0.0,0.0,-0.01,-1,-1,-0.01,-1,-1,-0.01,-1,-1,-0.01,-1,-1,-0.01,-1,-1,-0.01,-1,-1,-0.01,-1,-1,-0.01,-1,-1,-0.01,-1,-1,-0.01,-1,-1
99926009,2026-05-18 10:00:25+05:30,52879.7,0,0.0,0,0.0,0.0,53282.15,53308.4,52783.45,53710.35,0,0.0,0.0,0.0,0.0,-0.01,-1,-1,-0.01,-1,-1,-0.01,-1,-1,-0.01,-1,-1,-0.01,-1,-1,-0.01,-1,-1,-0.01,-1,-1,-0.01,-1,-1,-0.01,-1,-1,-0.01,-1,-1
99926009,2026-05-18 10:00:26+05:30,52877.75,0,0.0,0,0.0,0.0,53282.15,53308.4,52783.45,53710.35,0,0.0,0.0,0.0,0.0,-0.01,-1,-1,-0.01,-1,-1,-0.01,-1,-1,-0.01,-1,-1,-0.01,-1,-1,-0.01,-1,-1,-0.01,-1,-1,-0.01,-1,-1,-0.01,-1,-1,-0.01,-1,-1
99926009,2026-05-18 10:00:26+05:30,52876.65,0,0.0,0,0.0,0.0,53282.15,53308.4,52783.45,53710.35,0,0.0,0.0,0.0,0.0,-0.01,-1,-1,-0.01,-1,-1,-0.01,-1,-1,-0.01,-1,-1,-0.01,-1,-1,-0.01,-1,-1,-0.01,-1,-1,-0.01,-1,-1,-0.01,-1,-1,-0.01,-1,-1
99926009,2026-05-18 10:00:27+05:30,52866.1,0,0.0,0,0.0,0.0,53282.15,53308.4,52783.45,53710.35,0,0.0,0.0,0.0,0.0,-0.01,-1,-1,-0.01,-1,-1,-0.01,-1,-1,-0.01,-1,-1,-0.01,-1,-1,-0.01,-1,-1,-0.01,-1,-1,-0.01,-1,-1,-0.01,-1,-1,-0.01,-1,-1
99926009,2026-05-18 10:00:27+05:30,52861.4,0,0.0,0,0.0,0.0,53282.15,53308.4,52783.45,53710.35,0,0.0,0.0,0.0,0.0,-0.01,-1,-1,-0.01,-1,-1,-0.01,-1,-1,-0.01,-1,-1,-0.01,-1,-1,-0.01,-1,-1,-0.01,-1,-1,-0.01,-1,-1,-0.01,-1,-1,-0.01,-1,-1
99926009,2026-05-18 10:00:28+05:30,52860.8,0,0.0,0,0.0,0.0,53282.15,53308.4,52783.45,53710.35,0,0.0,0.0,0.0,0.0,-0.01,-1,-1,-0.01,-1,-1,-0.01,-1,-1,-0.01,-1,-1,-0.01,-1,-1,-0.01,-1,-1,-0.01,-1,-1,-0.01,-1,-1,-0.01,-1,-1,-0.01,-1,-1
99926009,2026-05-18 10:00:28+05:30,52860.5,0,0.0,0,0.0,0.0,53282.15,53308.4,52783.45,53710.35,0,0.0,0.0,0.0,0.0,-0.01,-1,-1,-0.01,-1,-1,-0.01,-1,-1,-0.01,-1,-1,-0.01,-1,-1,-0.01,-1,-1,-0.01,-1,-1,-0.01,-1,-1,-0.01,-1,-1,-0.01,-1,-1
99926009,2026-05-18 10:00:29+05:30,52860.55,0,0.0,0,0.0,0.0,53282.15,53308.4,52783.45,53710.35,0,0.0,0.0,0.0,0.0,-0.01,-1,-1,-0.01,-1,-1,-0.01,-1,-1,-0.01,-1,-1,-0.01,-1,-1,-0.01,-1,-1,-0.01,-1,-1,-0.01,-1,-1,-0.01,-1,-1,-0.01,-1,-1
99926009,2026-05-18 10:00:29+05:30,52860.75,0,0.0,0,0.0,0.0,53282.15,53308.4,52783.45,53710.35,0,0.0,0.0,0.0,0.0,-0.01,-1,-1,-0.01,-1,-1,-0.01,-1,-1,-0.01,-1,-1,-0.01,-1,-1,-0.01,-1,-1,-0.01,-1,-1,-0.01,-1,-1,-0.01,-1,-1,-0.01,-1,-1
99926009,2026-05-18 10:00:30+05:30,52858.5,0,0.0,0,0.0,0.0,53282.15,53308.4,52783.45,53710.35,0,0.0,0.0,0.0,0.0,-0.01,-1,-1,-0.01,-1,-1,-0.01,-1,-1,-0.01,-1,-1,-0.01,-1,-1,-0.01,-1,-1,-0.01,-1,-1,-0.01,-1,-1,-0.01,-1,-1,-0.01,-1,-1
99926009,2026-05-18 10:00:30+05:30,52861.6,0,0.0,0,0.0,0.0,53282.15,53308.4,52783.45,53710.35,0,0.0,0.0,0.0,0.0,-0.01,-1,-1,-0.01,-1,-1,-0.01,-1,-1,-0.01,-1,-1,-0.01,-1,-1,-0.01,-1,-1,-0.01,-1,-1,-0.01,-1,-1,-0.01,-1,-1,-0.01,-1,-1
99926009,2026-05-18 10:00:31+05:30,52859.4,0,0.0,0,0.0,0.0,53282.15,53308.4,52783.45,53710.35,0,0.0,0.0,0.0,0.0,-0.01,-1,-1,-0.01,-1,-1,-0.01,-1,-1,-0.01,-1,-1,-0.01,-1,-1,-0.01,-1,-1,-0.01,-1,-1,-0.01,-1,-1,-0.01,-1,-1,-0.01,-1,-1
99926009,2026-05-18 10:00:31+05:30,52861.0,0,0.0,0,0.0,0.0,53282.15,53308.4,52783.45,53710.35,0,0.0,0.0,0.0,0.0,-0.01,-1,-1,-0.01,-1,-1,-0.01,-1,-1,-0.01,-1,-1,-0.01,-1,-1,-0.01,-1,-1,-0.01,-1,-1,-0.01,-1,-1,-0.01,-1,-1,-0.01,-1,-1
99926009,2026-05-18 10:00:32+05:30,52860.25,0,0.0,0,0.0,0.0,53282.15,53308.4,52783.45,53710.35,0,0.0,0.0,0.0,0.0,-0.01,-1,-1,-0.01,-1,-1,-0.01,-1,-1,-0.01,-1,-1,-0.01,-1,-1,-0.01,-1,-1,-0.01,-1,-1,-0.01,-1,-1,-0.01,-1,-1,-0.01,-1,-1
99926009,2026-05-18 10:00:32+05:30,52860.6,0,0.0,0,0.0,0.0,53282.15,53308.4,52783.45,53710.35,0,0.0,0.0,0.0,0.0,-0.01,-1,-1,-0.01,-1,-1,-0.01,-1,-1,-0.01,-1,-1,-0.01,-1,-1,-0.01,-1,-1,-0.01,-1,-1,-0.01,-1,-1,-0.01,-1,-1,-0.01,-1,-1
99926009,2026-05-18 10:00:33+05:30,52861.45,0,0.0,0,0.0,0.0,53282.15,53308.4,52783.45,53710.35,0,0.0,0.0,0.0,0.0,-0.01,-1,-1,-0.01,-1,-1,-0.01,-1,-1,-0.01,-1,-1,-0.01,-1,-1,-0.01,-1,-1,-0.01,-1,-1,-0.01,-1,-1,-0.01,-1,-1,-0.01,-1,-1
99926009,2026-05-18 10:00:33+05:30,52861.9,0,0.0,0,0.0,0.0,53282.15,53308.4,52783.45,53710.35,0,0.0,0.0,0.0,0.0,-0.01,-1,-1,-0.01,-1,-1,-0.01,-1,-1,-0.01,-1,-1,-0.01,-1,-1,-0.01,-1,-1,-0.01,-1,-1,-0.01,-1,-1,-0.01,-1,-1,-0.01,-1,-1
99926009,2026-05-18 10:00:34+05:30,52861.65,0,0.0,0,0.0,0.0,53282.15,53308.4,52783.45,53710.35,0,0.0,0.0,0.0,0.0,-0.01,-1,-1,-0.01,-1,-1,-0.01,-1,-1,-0.01,-1,-1,-0.01,-1,-1,-0.01,-1,-1,-0.01,-1,-1,-0.01,-1,-1,-0.01,-1,-1,-0.01,-1,-1
99926009,2026-05-18 10:00:34+05:30,52862.85,0,0.0,0,0.0,0.0,53282.15,53308.4,52783.45,53710.35,0,0.0,0.0,0.0,0.0,-0.01,-1,-1,-0.01,-1,-1,-0.01,-1,-1,-0.01,-1,-1,-0.01,-1,-1,-0.01,-1,-1,-0.01,-1,-1,-0.01,-1,-1,-0.01,-1,-1,-0.01,-1,-1
99926009,2026-05-18 10:00:35+05:30,52861.1,0,0.0,0,0.0,0.0,53282.15,53308.4,52783.45,53710.35,0,0.0,0.0,0.0,0.0,-0.01,-1,-1,-0.01,-1,-1,-0.01,-1,-1,-0.01,-1,-1,-0.01,-1,-1,-0.01,-1,-1,-0.01,-1,-1,-0.01,-1,-1,-0.01,-1,-1,-0.01,-1,-1
99926009,2026-05-18 10:00:35+05:30,52859.5,0,0.0,0,0.0,0.0,53282.15,53308.4,52783.45,53710.35,0,0.0,0.0,0.0,0.0,-0.01,-1,-1,-0.01,-1,-1,-0.01,-1,-1,-0.01,-1,-1,-0.01,-1,-1,-0.01,-1,-1,-0.01,-1,-1,-0.01,-1,-1,-0.01,-1,-1,-0.01,-1,-1
99926009,2026-05-18 10:00:36+05:30,52861.0,0,0.0,0,0.0,0.0,53282.15,53308.4,52783.45,53710.35,0,0.0,0.0,0.0,0.0,-0.01,-1,-1,-0.01,-1,-1,-0.01,-1,-1,-0.01,-1,-1,-0.01,-1,-1,-0.01,-1,-1,-0.01,-1,-1,-0.01,-1,-1,-0.01,-1,-1,-0.01,-1,-1
99926009,2026-05-18 10:00:36+05:30,52860.9,0,0.0,0,0.0,0.0,53282.15,53308.4,52783.45,53710.35,0,0.0,0.0,0.0,0.0,-0.01,-1,-1,-0.01,-1,-1,-0.01,-1,-1,-0.01,-1,-1,-0.01,-1,-1,-0.01,-1,-1,-0.01,-1,-1,-0.01,-1,-1,-0.01,-1,-1,-0.01,-1,-1
99926009,2026-05-18 10:00:37+05:30,52861.9,0,0.0,0,0.0,0.0,53282.15,53308.4,52783.45,53710.35,0,0.0,0.0,0.0,0.0,-0.01,-1,-1,-0.01,-1,-1,-0.01,-1,-1,-0.01,-1,-1,-0.01,-1,-1,-0.01,-1,-1,-0.01,-1,-1,-0.01,-1,-1,-0.01,-1,-1,-0.01,-1,-1
99926009,2026-05-18 10:00:37+05:30,52864.45,0,0.0,0,0.0,0.0,53282.15,53308.4,52783.45,53710.35,0,0.0,0.0,0.0,0.0,-0.01,-1,-1,-0.01,-1,-1,-0.01,-1,-1,-0.01,-1,-1,-0.01,-1,-1,-0.01,-1,-1,-0.01,-1,-1,-0.01,-1,-1,-0.01,-1,-1,-0.01,-1,-1
99926009,2026-05-18 10:00:38+05:30,52866.75,0,0.0,0,0.0,0.0,53282.15,53308.4,52783.45,53710.35,0,0.0,0.0,0.0,0.0,-0.01,-1,-1,-0.01,-1,-1,-0.01,-1,-1,-0.01,-1,-1,-0.01,-1,-1,-0.01,-1,-1,-0.01,-1,-1,-0.01,-1,-1,-0.01,-1,-1,-0.01,-1,-1
99926009,2026-05-18 10:00:38+05:30,52865.65,0,0.0,0,0.0,0.0,53282.15,53308.4,52783.45,53710.35,0,0.0,0.0,0.0,0.0,-0.01,-1,-1,-0.01,-1,-1,-0.01,-1,-1,-0.01,-1,-1,-0.01,-1,-1,-0.01,-1,-1,-0.01,-1,-1,-0.01,-1,-1,-0.01,-1,-1,-0.01,-1,-1
99926009,2026-05-18 10:00:39+05:30,52863.3,0,0.0,0,0.0,0.0,53282.15,53308.4,52783.45,53710.35,0,0.0,0.0,0.0,0.0,-0.01,-1,-1,-0.01,-1,-1,-0.01,-1,-1,-0.01,-1,-1,-0.01,-1,-1,-0.01,-1,-1,-0.01,-1,-1,-0.01,-1,-1,-0.01,-1,-1,-0.01,-1,-1
99926009,2026-05-18 10:00:39+05:30,52861.85,0,0.0,0,0.0,0.0,53282.15,53308.4,52783.45,53710.35,0,0.0,0.0,0.0,0.0,-0.01,-1,-1,-0.01,-1,-1,-0.01,-1,-1,-0.01,-1,-1,-0.01,-1,-1,-0.01,-1,-1,-0.01,-1,-1,-0.01,-1,-1,-0.01,-1,-1,-0.01,-1,-1
99926009,2026-05-18 10:00:40+05:30,52864.6,0,0.0,0,0.0,0.0,53282.15,53308.4,52783.45,53710.35,0,0.0,0.0,0.0,0.0,-0.01,-1,-1,-0.01,-1,-1,-0.01,-1,-1,-0.01,-1,-1,-0.01,-1,-1,-0.01,-1,-1,-0.01,-1,-1,-0.01,-1,-1,-0.01,-1,-1,-0.01,-1,-1
99926009,2026-05-18 10:00:40+05:30,52865.25,0,0.0,0,0.0,0.0,53282.15,53308.4,52783.45,53710.35,0,0.0,0.0,0.0,0.0,-0.01,-1,-1,-0.01,-1,-1,-0.01,-1,-1,-0.01,-1,-1,-0.01,-1,-1,-0.01,-1,-1,-0.01,-1,-1,-0.01,-1,-1,-0.01,-1,-1,-0.01,-1,-1
99926009,2026-05-18 10:00:41+05:30,52864.15,0,0.0,0,0.0,0.0,53282.15,53308.4,52783.45,53710.35,0,0.0,0.0,0.0,0.0,-0.01,-1,-1,-0.01,-1,-1,-0.01,-1,-1,-0.01,-1,-1,-0.01,-1,-1,-0.01,-1,-1,-0.01,-1,-1,-0.01,-1,-1,-0.01,-1,-1,-0.01,-1,-1
99926009,2026-05-18 10:00:41+05:30,52863.3,0,0.0,0,0.0,0.0,53282.15,53308.4,52783.45,53710.35,0,0.0,0.0,0.0,0.0,-0.01,-1,-1,-0.01,-1,-1,-0.01,-1,-1,-0.01,-1,-1,-0.01,-1,-1,-0.01,-1,-1,-0.01,-1,-1,-0.01,-1,-1,-0.01,-1,-1,-0.01,-1,-1
99926009,2026-05-18 10:00:42+05:30,52863.25,0,0.0,0,0.0,0.0,53282.15,53308.4,52783.45,53710.35,0,0.0,0.0,0.0,0.0,-0.01,-1,-1,-0.01,-1,-1,-0.01,-1,-1,-0.01,-1,-1,-0.01,-1,-1,-0.01,-1,-1,-0.01,-1,-1,-0.01,-1,-1,-0.01,-1,-1,-0.01,-1,-1
99926009,2026-05-18 10:00:42+05:30,52865.25,0,0.0,0,0.0,0.0,53282.15,53308.4,52783.45,53710.35,0,0.0,0.0,0.0,0.0,-0.01,-1,-1,-0.01,-1,-1,-0.01,-1,-1,-0.01,-1,-1,-0.01,-1,-1,-0.01,-1,-1,-0.01,-1,-1,-0.01,-1,-1,-0.01,-1,-1,-0.01,-1,-1
99926009,2026-05-18 10:00:43+05:30,52867.15,0,0.0,0,0.0,0.0,53282.15,53308.4,52783.45,53710.35,0,0.0,0.0,0.0,0.0,-0.01,-1,-1,-0.01,-1,-1,-0.01,-1,-1,-0.01,-1,-1,-0.01,-1,-1,-0.01,-1,-1,-0.01,-1,-1,-0.01,-1,-1,-0.01,-1,-1,-0.01,-1,-1
99926009,2026-05-18 10:00:43+05:30,52867.45,0,0.0,0,0.0,0.0,53282.15,53308.4,52783.45,53710.35,0,0.0,0.0,0.0,0.0,-0.01,-1,-1,-0.01,-1,-1,-0.01,-1,-1,-0.01,-1,-1,-0.01,-1,-1,-0.01,-1,-1,-0.01,-1,-1,-0.01,-1,-1,-0.01,-1,-1,-0.01,-1,-1
99926009,2026-05-18 10:00:44+05:30,52867.95,0,0.0,0,0.0,0.0,53282.15,53308.4,52783.45,53710.35,0,0.0,0.0,0.0,0.0,-0.01,-1,-1,-0.01,-1,-1,-0.01,-1,-1,-0.01,-1,-1,-0.01,-1,-1,-0.01,-1,-1,-0.01,-1,-1,-0.01,-1,-1,-0.01,-1,-1,-0.01,-1,-1
99926009,2026-05-18 10:00:44+05:30,52869.25,0,0.0,0,0.0,0.0,53282.15,53308.4,52783.45,53710.35,0,0.0,0.0,0.0,0.0,-0.01,-1,-1,-0.01,-1,-1,-0.01,-1,-1,-0.01,-1,-1,-0.01,-1,-1,-0.01,-1,-1,-0.01,-1,-1,-0.01,-1,-1,-0.01,-1,-1,-0.01,-1,-1
99926009,2026-05-18 10:00:45+05:30,52871.55,0,0.0,0,0.0,0.0,53282.15,53308.4,52783.45,53710.35,0,0.0,0.0,0.0,0.0,-0.01,-1,-1,-0.01,-1,-1,-0.01,-1,-1,-0.01,-1,-1,-0.01,-1,-1,-0.01,-1,-1,-0.01,-1,-1,-0.01,-1,-1,-0.01,-1,-1,-0.01,-1,-1
99926009,2026-05-18 10:00:45+05:30,52874.25,0,0.0,0,0.0,0.0,53282.15,53308.4,52783.45,53710.35,0,0.0,0.0,0.0,0.0,-0.01,-1,-1,-0.01,-1,-1,-0.01,-1,-1,-0.01,-1,-1,-0.01,-1,-1,-0.01,-1,-1,-0.01,-1,-1,-0.01,-1,-1,-0.01,-1,-1,-0.01,-1,-1
99926009,2026-05-18 10:00:46+05:30,52876.1,0,0.0,0,0.0,0.0,53282.15,53308.4,52783.45,53710.35,0,0.0,0.0,0.0,0.0,-0.01,-1,-1,-0.01,-1,-1,-0.01,-1,-1,-0.01,-1,-1,-0.01,-1,-1,-0.01,-1,-1,-0.01,-1,-1,-0.01,-1,-1,-0.01,-1,-1,-0.01,-1,-1
99926009,2026-05-18 10:00:46+05:30,52877.0,0,0.0,0,0.0,0.0,53282.15,53308.4,52783.45,53710.35,0,0.0,0.0,0.0,0.0,-0.01,-1,-1,-0.01,-1,-1,-0.01,-1,-1,-0.01,-1,-1,-0.01,-1,-1,-0.01,-1,-1,-0.01,-1,-1,-0.01,-1,-1,-0.01,-1,-1,-0.01,-1,-1
99926009,2026-05-18 10:00:47+05:30,52880.75,0,0.0,0,0.0,0.0,53282.15,53308.4,52783.45,53710.35,0,0.0,0.0,0.0,0.0,-0.01,-1,-1,-0.01,-1,-1,-0.01,-1,-1,-0.01,-1,-1,-0.01,-1,-1,-0.01,-1,-1,-0.01,-1,-1,-0.01,-1,-1,-0.01,-1,-1,-0.01,-1,-1
99926009,2026-05-18 10:00:47+05:30,52880.25,0,0.0,0,0.0,0.0,53282.15,53308.4,52783.45,53710.35,0,0.0,0.0,0.0,0.0,-0.01,-1,-1,-0.01,-1,-1,-0.01,-1,-1,-0.01,-1,-1,-0.01,-1,-1,-0.01,-1,-1,-0.01,-1,-1,-0.01,-1,-1,-0.01,-1,-1,-0.01,-1,-1
99926009,2026-05-18 10:00:48+05:30,52878.0,0,0.0,0,0.0,0.0,53282.15,53308.4,52783.45,53710.35,0,0.0,0.0,0.0,0.0,-0.01,-1,-1,-0.01,-1,-1,-0.01,-1,-1,-0.01,-1,-1,-0.01,-1,-1,-0.01,-1,-1,-0.01,-1,-1,-0.01,-1,-1,-0.01,-1,-1,-0.01,-1,-1
99926009,2026-05-18 10:00:48+05:30,52875.1,0,0.0,0,0.0,0.0,53282.15,53308.4,52783.45,53710.35,0,0.0,0.0,0.0,0.0,-0.01,-1,-1,-0.01,-1,-1,-0.01,-1,-1,-0.01,-1,-1,-0.01,-1,-1,-0.01,-1,-1,-0.01,-1,-1,-0.01,-1,-1,-0.01,-1,-1,-0.01,-1,-1
99926009,2026-05-18 10:00:49+05:30,52878.4,0,0.0,0,0.0,0.0,53282.15,53308.4,52783.45,53710.35,0,0.0,0.0,0.0,0.0,-0.01,-1,-1,-0.01,-1,-1,-0.01,-1,-1,-0.01,-1,-1,-0.01,-1,-1,-0.01,-1,-1,-0.01,-1,-1,-0.01,-1,-1,-0.01,-1,-1,-0.01,-1,-1
99926009,2026-05-18 10:00:49+05:30,52876.45,0,0.0,0,0.0,0.0,53282.15,53308.4,52783.45,53710.35,0,0.0,0.0,0.0,0.0,-0.01,-1,-1,-0.01,-1,-1,-0.01,-1,-1,-0.01,-1,-1,-0.01,-1,-1,-0.01,-1,-1,-0.01,-1,-1,-0.01,-1,-1,-0.01,-1,-1,-0.01,-1,-1
99926009,2026-05-18 10:00:50+05:30,52876.85,0,0.0,0,0.0,0.0,53282.15,53308.4,52783.45,53710.35,0,0.0,0.0,0.0,0.0,-0.01,-1,-1,-0.01,-1,-1,-0.01,-1,-1,-0.01,-1,-1,-0.01,-1,-1,-0.01,-1,-1,-0.01,-1,-1,-0.01,-1,-1,-0.01,-1,-1,-0.01,-1,-1
99926009,2026-05-18 10:00:50+05:30,52876.4,0,0.0,0,0.0,0.0,53282.15,53308.4,52783.45,53710.35,0,0.0,0.0,0.0,0.0,-0.01,-1,-1,-0.01,-1,-1,-0.01,-1,-1,-0.01,-1,-1,-0.01,-1,-1,-0.01,-1,-1,-0.01,-1,-1,-0.01,-1,-1,-0.01,-1,-1,-0.01,-1,-1
99926009,2026-05-18 10:00:51+05:30,52874.6,0,0.0,0,0.0,0.0,53282.15,53308.4,52783.45,53710.35,0,0.0,0.0,0.0,0.0,-0.01,-1,-1,-0.01,-1,-1,-0.01,-1,-1,-0.01,-1,-1,-0.01,-1,-1,-0.01,-1,-1,-0.01,-1,-1,-0.01,-1,-1,-0.01,-1,-1,-0.01,-1,-1
99926009,2026-05-18 10:00:51+05:30,52873.7,0,0.0,0,0.0,0.0,53282.15,53308.4,52783.45,53710.35,0,0.0,0.0,0.0,0.0,-0.01,-1,-1,-0.01,-1,-1,-0.01,-1,-1,-0.01,-1,-1,-0.01,-1,-1,-0.01,-1,-1,-0.01,-1,-1,-0.01,-1,-1,-0.01,-1,-1,-0.01,-1,-1
99926009,2026-05-18 10:00:52+05:30,52872.85,0,0.0,0,0.0,0.0,53282.15,53308.4,52783.45,53710.35,0,0.0,0.0,0.0,0.0,-0.01,-1,-1,-0.01,-1,-1,-0.01,-1,-1,-0.01,-1,-1,-0.01,-1,-1,-0.01,-1,-1,-0.01,-1,-1,-0.01,-1,-1,-0.01,-1,-1,-0.01,-1,-1
99926009,2026-05-18 10:00:52+05:30,52870.6,0,0.0,0,0.0,0.0,53282.15,53308.4,52783.45,53710.35,0,0.0,0.0,0.0,0.0,-0.01,-1,-1,-0.01,-1,-1,-0.01,-1,-1,-0.01,-1,-1,-0.01,-1,-1,-0.01,-1,-1,-0.01,-1,-1,-0.01,-1,-1,-0.01,-1,-1,-0.01,-1,-1
99926009,2026-05-18 10:00:53+05:30,52870.6,0,0.0,0,0.0,0.0,53282.15,53308.4,52783.45,53710.35,0,0.0,0.0,0.0,0.0,-0.01,-1,-1,-0.01,-1,-1,-0.01,-1,-1,-0.01,-1,-1,-0.01,-1,-1,-0.01,-1,-1,-0.01,-1,-1,-0.01,-1,-1,-0.01,-1,-1,-0.01,-1,-1
99926009,2026-05-18 10:00:53+05:30,52866.75,0,0.0,0,0.0,0.0,53282.15,53308.4,52783.45,53710.35,0,0.0,0.0,0.0,0.0,-0.01,-1,-1,-0.01,-1,-1,-0.01,-1,-1,-0.01,-1,-1,-0.01,-1,-1,-0.01,-1,-1,-0.01,-1,-1,-0.01,-1,-1,-0.01,-1,-1,-0.01,-1,-1
99926009,2026-05-18 10:00:54+05:30,52871.45,0,0.0,0,0.0,0.0,53282.15,53308.4,52783.45,53710.35,0,0.0,0.0,0.0,0.0,-0.01,-1,-1,-0.01,-1,-1,-0.01,-1,-1,-0.01,-1,-1,-0.01,-1,-1,-0.01,-1,-1,-0.01,-1,-1,-0.01,-1,-1,-0.01,-1,-1,-0.01,-1,-1
99926009,2026-05-18 10:00:54+05:30,52876.15,0,0.0,0,0.0,0.0,53282.15,53308.4,52783.45,53710.35,0,0.0,0.0,0.0,0.0,-0.01,-1,-1,-0.01,-1,-1,-0.01,-1,-1,-0.01,-1,-1,-0.01,-1,-1,-0.01,-1,-1,-0.01,-1,-1,-0.01,-1,-1,-0.01,-1,-1,-0.01,-1,-1
99926009,2026-05-18 10:00:55+05:30,52875.85,0,0.0,0,0.0,0.0,53282.15,53308.4,52783.45,53710.35,0,0.0,0.0,0.0,0.0,-0.01,-1,-1,-0.01,-1,-1,-0.01,-1,-1,-0.01,-1,-1,-0.01,-1,-1,-0.01,-1,-1,-0.01,-1,-1,-0.01,-1,-1,-0.01,-1,-1,-0.01,-1,-1
99926009,2026-05-18 10:00:55+05:30,52874.4,0,0.0,0,0.0,0.0,53282.15,53308.4,52783.45,53710.35,0,0.0,0.0,0.0,0.0,-0.01,-1,-1,-0.01,-1,-1,-0.01,-1,-1,-0.01,-1,-1,-0.01,-1,-1,-0.01,-1,-1,-0.01,-1,-1,-0.01,-1,-1,-0.01,-1,-1,-0.01,-1,-1
99926009,2026-05-18 10:00:56+05:30,52871.6,0,0.0,0,0.0,0.0,53282.15,53308.4,52783.45,53710.35,0,0.0,0.0,0.0,0.0,-0.01,-1,-1,-0.01,-1,-1,-0.01,-1,-1,-0.01,-1,-1,-0.01,-1,-1,-0.01,-1,-1,-0.01,-1,-1,-0.01,-1,-1,-0.01,-1,-1,-0.01,-1,-1
99926009,2026-05-18 10:00:56+05:30,52872.7,0,0.0,0,0.0,0.0,53282.15,53308.4,52783.45,53710.35,0,0.0,0.0,0.0,0.0,-0.01,-1,-1,-0.01,-1,-1,-0.01,-1,-1,-0.01,-1,-1,-0.01,-1,-1,-0.01,-1,-1,-0.01,-1,-1,-0.01,-1,-1,-0.01,-1,-1,-0.01,-1,-1
99926009,2026-05-18 10:00:57+05:30,52868.0,0,0.0,0,0.0,0.0,53282.15,53308.4,52783.45,53710.35,0,0.0,0.0,0.0,0.0,-0.01,-1,-1,-0.01,-1,-1,-0.01,-1,-1,-0.01,-1,-1,-0.01,-1,-1,-0.01,-1,-1,-0.01,-1,-1,-0.01,-1,-1,-0.01,-1,-1,-0.01,-1,-1
99926009,2026-05-18 10:00:57+05:30,52869.25,0,0.0,0,0.0,0.0,53282.15,53308.4,52783.45,53710.35,0,0.0,0.0,0.0,0.0,-0.01,-1,-1,-0.01,-1,-1,-0.01,-1,-1,-0.01,-1,-1,-0.01,-1,-1,-0.01,-1,-1,-0.01,-1,-1,-0.01,-1,-1,-0.01,-1,-1,-0.01,-1,-1
99926009,2026-05-18 10:00:58+05:30,52866.7,0,0.0,0,0.0,0.0,53282.15,53308.4,52783.45,53710.35,0,0.0,0.0,0.0,0.0,-0.01,-1,-1,-0.01,-1,-1,-0.01,-1,-1,-0.01,-1,-1,-0.01,-1,-1,-0.01,-1,-1,-0.01,-1,-1,-0.01,-1,-1,-0.01,-1,-1,-0.01,-1,-1
99926009,2026-05-18 10:00:58+05:30,52866.05,0,0.0,0,0.0,0.0,53282.15,53308.4,52783.45,53710.35,0,0.0,0.0,0.0,0.0,-0.01,-1,-1,-0.01,-1,-1,-0.01,-1,-1,-0.01,-1,-1,-0.01,-1,-1,-0.01,-1,-1,-0.01,-1,-1,-0.01,-1,-1,-0.01,-1,-1,-0.01,-1,-1
99926009,2026-05-18 10:00:59+05:30,52868.5,0,0.0,0,0.0,0.0,53282.15,53308.4,52783.45,53710.35,0,0.0,0.0,0.0,0.0,-0.01,-1,-1,-0.01,-1,-1,-0.01,-1,-1,-0.01,-1,-1,-0.01,-1,-1,-0.01,-1,-1,-0.01,-1,-1,-0.01,-1,-1,-0.01,-1,-1,-0.01,-1,-1
99926009,2026-05-18 10:00:59+05:30,52867.5,0,0.0,0,0.0,0.0,53282.15,53308.4,52783.45,53710.35,0,0.0,0.0,0.0,0.0,-0.01,-1,-1,-0.01,-1,-1,-0.01,-1,-1,-0.01,-1,-1,-0.01,-1,-1,-0.01,-1,-1,-0.01,-1,-1,-0.01,-1,-1,-0.01,-1,-1,-0.01,-1,-1
99926009,2026-05-18 10:01:00+05:30,52867.7,0,0.0,0,0.0,0.0,53282.15,53308.4,52783.45,53710.35,0,0.0,0.0,0.0,0.0,-0.01,-1,-1,-0.01,-1,-1,-0.01,-1,-1,-0.01,-1,-1,-0.01,-1,-1,-0.01,-1,-1,-0.01,-1,-1,-0.01,-1,-1,-0.01,-1,-1,-0.01,-1,-1
99926009,2026-05-18 10:01:00+05:30,52868.75,0,0.0,0,0.0,0.0,53282.15,53308.4,52783.45,53710.35,0,0.0,0.0,0.0,0.0,-0.01,-1,-1,-0.01,-1,-1,-0.01,-1,-1,-0.01,-1,-1,-0.01,-1,-1,-0.01,-1,-1,-0.01,-1,-1,-0.01,-1,-1,-0.01,-1,-1,-0.01,-1,-1
99926009,2026-05-18 10:01:01+05:30,52868.35,0,0.0,0,0.0,0.0,53282.15,53308.4,52783.45,53710.35,0,0.0,0.0,0.0,0.0,-0.01,-1,-1,-0.01,-1,-1,-0.01,-1,-1,-0.01,-1,-1,-0.01,-1,-1,-0.01,-1,-1,-0.01,-1,-1,-0.01,-1,-1,-0.01,-1,-1,-0.01,-1,-1
99926009,2026-05-18 10:01:01+05:30,52867.85,0,0.0,0,0.0,0.0,53282.15,53308.4,52783.45,53710.35,0,0.0,0.0,0.0,0.0,-0.01,-1,-1,-0.01,-1,-1,-0.01,-1,-1,-0.01,-1,-1,-0.01,-1,-1,-0.01,-1,-1,-0.01,-1,-1,-0.01,-1,-1,-0.01,-1,-1,-0.01,-1,-1
99926009,2026-05-18 10:01:02+05:30,52867.45,0,0.0,0,0.0,0.0,53282.15,53308.4,52783.45,53710.35,0,0.0,0.0,0.0,0.0,-0.01,-1,-1,-0.01,-1,-1,-0.01,-1,-1,-0.01,-1,-1,-0.01,-1,-1,-0.01,-1,-1,-0.01,-1,-1,-0.01,-1,-1,-0.01,-1,-1,-0.01,-1,-1
99926009,2026-05-18 10:01:02+05:30,52867.85,0,0.0,0,0.0,0.0,53282.15,53308.4,52783.45,53710.35,0,0.0,0.0,0.0,0.0,-0.01,-1,-1,-0.01,-1,-1,-0.01,-1,-1,-0.01,-1,-1,-0.01,-1,-1,-0.01,-1,-1,-0.01,-1,-1,-0.01,-1,-1,-0.01,-1,-1,-0.01,-1,-1
99926009,2026-05-18 10:01:03+05:30,52864.65,0,0.0,0,0.0,0.0,53282.15,53308.4,52783.45,53710.35,0,0.0,0.0,0.0,0.0,-0.01,-1,-1,-0.01,-1,-1,-0.01,-1,-1,-0.01,-1,-1,-0.01,-1,-1,-0.01,-1,-1,-0.01,-1,-1,-0.01,-1,-1,-0.01,-1,-1,-0.01,-1,-1
99926009,2026-05-18 10:01:03+05:30,52866.35,0,0.0,0,0.0,0.0,53282.15,53308.4,52783.45,53710.35,0,0.0,0.0,0.0,0.0,-0.01,-1,-1,-0.01,-1,-1,-0.01,-1,-1,-0.01,-1,-1,-0.01,-1,-1,-0.01,-1,-1,-0.01,-1,-1,-0.01,-1,-1,-0.01,-1,-1,-0.01,-1,-1
99926009,2026-05-18 10:01:04+05:30,52866.5,0,0.0,0,0.0,0.0,53282.15,53308.4,52783.45,53710.35,0,0.0,0.0,0.0,0.0,-0.01,-1,-1,-0.01,-1,-1,-0.01,-1,-1,-0.01,-1,-1,-0.01,-1,-1,-0.01,-1,-1,-0.01,-1,-1,-0.01,-1,-1,-0.01,-1,-1,-0.01,-1,-1
99926009,2026-05-18 10:01:04+05:30,52867.0,0,0.0,0,0.0,0.0,53282.15,53308.4,52783.45,53710.35,0,0.0,0.0,0.0,0.0,-0.01,-1,-1,-0.01,-1,-1,-0.01,-1,-1,-0.01,-1,-1,-0.01,-1,-1,-0.01,-1,-1,-0.01,-1,-1,-0.01,-1,-1,-0.01,-1,-1,-0.01,-1,-1
99926009,2026-05-18 10:01:05+05:30,52867.75,0,0.0,0,0.0,0.0,53282.15,53308.4,52783.45,53710.35,0,0.0,0.0,0.0,0.0,-0.01,-1,-1,-0.01,-1,-1,-0.01,-1,-1,-0.01,-1,-1,-0.01,-1,-1,-0.01,-1,-1,-0.01,-1,-1,-0.01,-1,-1,-0.01,-1,-1,-0.01,-1,-1
99926009,2026-05-18 10:01:05+05:30,52867.2,0,0.0,0,0.0,0.0,53282.15,53308.4,52783.45,53710.35,0,0.0,0.0,0.0,0.0,-0.01,-1,-1,-0.01,-1,-1,-0.01,-1,-1,-0.01,-1,-1,-0.01,-1,-1,-0.01,-1,-1,-0.01,-1,-1,-0.01,-1,-1,-0.01,-1,-1,-0.01,-1,-1
99926009,2026-05-18 10:01:06+05:30,52865.05,0,0.0,0,0.0,0.0,53282.15,53308.4,52783.45,53710.35,0,0.0,0.0,0.0,0.0,-0.01,-1,-1,-0.01,-1,-1,-0.01,-1,-1,-0.01,-1,-1,-0.01,-1,-1,-0.01,-1,-1,-0.01,-1,-1,-0.01,-1,-1,-0.01,-1,-1,-0.01,-1,-1
99926009,2026-05-18 10:01:06+05:30,52867.1,0,0.0,0,0.0,0.0,53282.15,53308.4,52783.45,53710.35,0,0.0,0.0,0.0,0.0,-0.01,-1,-1,-0.01,-1,-1,-0.01,-1,-1,-0.01,-1,-1,-0.01,-1,-1,-0.01,-1,-1,-0.01,-1,-1,-0.01,-1,-1,-0.01,-1,-1,-0.01,-1,-1
99926009,2026-05-18 10:01:07+05:30,52866.6,0,0.0,0,0.0,0.0,53282.15,53308.4,52783.45,53710.35,0,0.0,0.0,0.0,0.0,-0.01,-1,-1,-0.01,-1,-1,-0.01,-1,-1,-0.01,-1,-1,-0.01,-1,-1,-0.01,-1,-1,-0.01,-1,-1,-0.01,-1,-1,-0.01,-1,-1,-0.01,-1,-1
99926009,2026-05-18 10:01:07+05:30,52867.35,0,0.0,0,0.0,0.0,53282.15,53308.4,52783.45,53710.35,0,0.0,0.0,0.0,0.0,-0.01,-1,-1,-0.01,-1,-1,-0.01,-1,-1,-0.01,-1,-1,-0.01,-1,-1,-0.01,-1,-1,-0.01,-1,-1,-0.01,-1,-1,-0.01,-1,-1,-0.01,-1,-1
99926009,2026-05-18 10:01:08+05:30,52862.6,0,0.0,0,0.0,0.0,53282.15,53308.4,52783.45,53710.35,0,0.0,0.0,0.0,0.0,-0.01,-1,-1,-0.01,-1,-1,-0.01,-1,-1,-0.01,-1,-1,-0.01,-1,-1,-0.01,-1,-1,-0.01,-1,-1,-0.01,-1,-1,-0.01,-1,-1,-0.01,-1,-1
99926009,2026-05-18 10:01:08+05:30,52859.85,0,0.0,0,0.0,0.0,53282.15,53308.4,52783.45,53710.35,0,0.0,0.0,0.0,0.0,-0.01,-1,-1,-0.01,-1,-1,-0.01,-1,-1,-0.01,-1,-1,-0.01,-1,-1,-0.01,-1,-1,-0.01,-1,-1,-0.01,-1,-1,-0.01,-1,-1,-0.01,-1,-1
99926009,2026-05-18 10:01:09+05:30,52859.2,0,0.0,0,0.0,0.0,53282.15,53308.4,52783.45,53710.35,0,0.0,0.0,0.0,0.0,-0.01,-1,-1,-0.01,-1,-1,-0.01,-1,-1,-0.01,-1,-1,-0.01,-1,-1,-0.01,-1,-1,-0.01,-1,-1,-0.01,-1,-1,-0.01,-1,-1,-0.01,-1,-1
99926009,2026-05-18 10:01:09+05:30,52859.15,0,0.0,0,0.0,0.0,53282.15,53308.4,52783.45,53710.35,0,0.0,0.0,0.0,0.0,-0.01,-1,-1,-0.01,-1,-1,-0.01,-1,-1,-0.01,-1,-1,-0.01,-1,-1,-0.01,-1,-1,-0.01,-1,-1,-0.01,-1,-1,-0.01,-1,-1,-0.01,-1,-1
99926009,2026-05-18 10:01:10+05:30,52857.65,0,0.0,0,0.0,0.0,53282.15,53308.4,52783.45,53710.35,0,0.0,0.0,0.0,0.0,-0.01,-1,-1,-0.01,-1,-1,-0.01,-1,-1,-0.01,-1,-1,-0.01,-1,-1,-0.01,-1,-1,-0.01,-1,-1,-0.01,-1,-1,-0.01,-1,-1,-0.01,-1,-1
99926009,2026-05-18 10:01:10+05:30,52857.85,0,0.0,0,0.0,0.0,53282.15,53308.4,52783.45,53710.35,0,0.0,0.0,0.0,0.0,-0.01,-1,-1,-0.01,-1,-1,-0.01,-1,-1,-0.01,-1,-1,-0.01,-1,-1,-0.01,-1,-1,-0.01,-1,-1,-0.01,-1,-1,-0.01,-1,-1,-0.01,-1,-1
99926009,2026-05-18 10:01:11+05:30,52859.05,0,0.0,0,0.0,0.0,53282.15,53308.4,52783.45,53710.35,0,0.0,0.0,0.0,0.0,-0.01,-1,-1,-0.01,-1,-1,-0.01,-1,-1,-0.01,-1,-1,-0.01,-1,-1,-0.01,-1,-1,-0.01,-1,-1,-0.01,-1,-1,-0.01,-1,-1,-0.01,-1,-1
99926009,2026-05-18 10:01:11+05:30,52862.75,0,0.0,0,0.0,0.0,53282.15,53308.4,52783.45,53710.35,0,0.0,0.0,0.0,0.0,-0.01,-1,-1,-0.01,-1,-1,-0.01,-1,-1,-0.01,-1,-1,-0.01,-1,-1,-0.01,-1,-1,-0.01,-1,-1,-0.01,-1,-1,-0.01,-1,-1,-0.01,-1,-1
99926009,2026-05-18 10:01:12+05:30,52863.05,0,0.0,0,0.0,0.0,53282.15,53308.4,52783.45,53710.35,0,0.0,0.0,0.0,0.0,-0.01,-1,-1,-0.01,-1,-1,-0.01,-1,-1,-0.01,-1,-1,-0.01,-1,-1,-0.01,-1,-1,-0.01,-1,-1,-0.01,-1,-1,-0.01,-1,-1,-0.01,-1,-1
99926009,2026-05-18 10:01:12+05:30,52864.25,0,0.0,0,0.0,0.0,53282.15,53308.4,52783.45,53710.35,0,0.0,0.0,0.0,0.0,-0.01,-1,-1,-0.01,-1,-1,-0.01,-1,-1,-0.01,-1,-1,-0.01,-1,-1,-0.01,-1,-1,-0.01,-1,-1,-0.01,-1,-1,-0.01,-1,-1,-0.01,-1,-1
99926009,2026-05-18 10:01:13+05:30,52862.4,0,0.0,0,0.0,0.0,53282.15,53308.4,52783.45,53710.35,0,0.0,0.0,0.0,0.0,-0.01,-1,-1,-0.01,-1,-1,-0.01,-1,-1,-0.01,-1,-1,-0.01,-1,-1,-0.01,-1,-1,-0.01,-1,-1,-0.01,-1,-1,-0.01,-1,-1,-0.01,-1,-1
99926009,2026-05-18 10:01:13+05:30,52863.05,0,0.0,0,0.0,0.0,53282.15,53308.4,52783.45,53710.35,0,0.0,0.0,0.0,0.0,-0.01,-1,-1,-0.01,-1,-1,-0.01,-1,-1,-0.01,-1,-1,-0.01,-1,-1,-0.01,-1,-1,-0.01,-1,-1,-0.01,-1,-1,-0.01,-1,-1,-0.01,-1,-1
99926009,2026-05-18 10:01:14+05:30,52859.55,0,0.0,0,0.0,0.0,53282.15,53308.4,52783.45,53710.35,0,0.0,0.0,0.0,0.0,-0.01,-1,-1,-0.01,-1,-1,-0.01,-1,-1,-0.01,-1,-1,-0.01,-1,-1,-0.01,-1,-1,-0.01,-1,-1,-0.01,-1,-1,-0.01,-1,-1,-0.01,-1,-1
99926009,2026-05-18 10:01:14+05:30,52857.5,0,0.0,0,0.0,0.0,53282.15,53308.4,52783.45,53710.35,0,0.0,0.0,0.0,0.0,-0.01,-1,-1,-0.01,-1,-1,-0.01,-1,-1,-0.01,-1,-1,-0.01,-1,-1,-0.01,-1,-1,-0.01,-1,-1,-0.01,-1,-1,-0.01,-1,-1,-0.01,-1,-1
99926009,2026-05-18 10:01:15+05:30,52857.05,0,0.0,0,0.0,0.0,53282.15,53308.4,52783.45,53710.35,0,0.0,0.0,0.0,0.0,-0.01,-1,-1,-0.01,-1,-1,-0.01,-1,-1,-0.01,-1,-1,-0.01,-1,-1,-0.01,-1,-1,-0.01,-1,-1,-0.01,-1,-1,-0.01,-1,-1,-0.01,-1,-1
99926009,2026-05-18 10:01:15+05:30,52857.9,0,0.0,0,0.0,0.0,53282.15,53308.4,52783.45,53710.35,0,0.0,0.0,0.0,0.0,-0.01,-1,-1,-0.01,-1,-1,-0.01,-1,-1,-0.01,-1,-1,-0.01,-1,-1,-0.01,-1,-1,-0.01,-1,-1,-0.01,-1,-1,-0.01,-1,-1,-0.01,-1,-1
99926009,2026-05-18 10:01:16+05:30,52860.75,0,0.0,0,0.0,0.0,53282.15,53308.4,52783.45,53710.35,0,0.0,0.0,0.0,0.0,-0.01,-1,-1,-0.01,-1,-1,-0.01,-1,-1,-0.01,-1,-1,-0.01,-1,-1,-0.01,-1,-1,-0.01,-1,-1,-0.01,-1,-1,-0.01,-1,-1,-0.01,-1,-1
99926009,2026-05-18 10:01:16+05:30,52858.85,0,0.0,0,0.0,0.0,53282.15,53308.4,52783.45,53710.35,0,0.0,0.0,0.0,0.0,-0.01,-1,-1,-0.01,-1,-1,-0.01,-1,-1,-0.01,-1,-1,-0.01,-1,-1,-0.01,-1,-1,-0.01,-1,-1,-0.01,-1,-1,-0.01,-1,-1,-0.01,-1,-1
99926009,2026-05-18 10:01:17+05:30,52862.45,0,0.0,0,0.0,0.0,53282.15,53308.4,52783.45,53710.35,0,0.0,0.0,0.0,0.0,-0.01,-1,-1,-0.01,-1,-1,-0.01,-1,-1,-0.01,-1,-1,-0.01,-1,-1,-0.01,-1,-1,-0.01,-1,-1,-0.01,-1,-1,-0.01,-1,-1,-0.01,-1,-1
99926009,2026-05-18 10:01:17+05:30,52862.55,0,0.0,0,0.0,0.0,53282.15,53308.4,52783.45,53710.35,0,0.0,0.0,0.0,0.0,-0.01,-1,-1,-0.01,-1,-1,-0.01,-1,-1,-0.01,-1,-1,-0.01,-1,-1,-0.01,-1,-1,-0.01,-1,-1,-0.01,-1,-1,-0.01,-1,-1,-0.01,-1,-1
99926009,2026-05-18 10:01:18+05:30,52860.5,0,0.0,0,0.0,0.0,53282.15,53308.4,52783.45,53710.35,0,0.0,0.0,0.0,0.0,-0.01,-1,-1,-0.01,-1,-1,-0.01,-1,-1,-0.01,-1,-1,-0.01,-1,-1,-0.01,-1,-1,-0.01,-1,-1,-0.01,-1,-1,-0.01,-1,-1,-0.01,-1,-1
99926009,2026-05-18 10:01:18+05:30,52862.55,0,0.0,0,0.0,0.0,53282.15,53308.4,52783.45,53710.35,0,0.0,0.0,0.0,0.0,-0.01,-1,-1,-0.01,-1,-1,-0.01,-1,-1,-0.01,-1,-1,-0.01,-1,-1,-0.01,-1,-1,-0.01,-1,-1,-0.01,-1,-1,-0.01,-1,-1,-0.01,-1,-1
99926009,2026-05-18 10:01:19+05:30,52859.95,0,0.0,0,0.0,0.0,53282.15,53308.4,52783.45,53710.35,0,0.0,0.0,0.0,0.0,-0.01,-1,-1,-0.01,-1,-1,-0.01,-1,-1,-0.01,-1,-1,-0.01,-1,-1,-0.01,-1,-1,-0.01,-1,-1,-0.01,-1,-1,-0.01,-1,-1,-0.01,-1,-1
99926009,2026-05-18 10:01:19+05:30,52859.6,0,0.0,0,0.0,0.0,53282.15,53308.4,52783.45,53710.35,0,0.0,0.0,0.0,0.0,-0.01,-1,-1,-0.01,-1,-1,-0.01,-1,-1,-0.01,-1,-1,-0.01,-1,-1,-0.01,-1,-1,-0.01,-1,-1,-0.01,-1,-1,-0.01,-1,-1,-0.01,-1,-1
99926009,2026-05-18 10:01:20+05:30,52861.85,0,0.0,0,0.0,0.0,53282.15,53308.4,52783.45,53710.35,0,0.0,0.0,0.0,0.0,-0.01,-1,-1,-0.01,-1,-1,-0.01,-1,-1,-0.01,-1,-1,-0.01,-1,-1,-0.01,-1,-1,-0.01,-1,-1,-0.01,-1,-1,-0.01,-1,-1,-0.01,-1,-1
99926009,2026-05-18 10:01:20+05:30,52861.0,0,0.0,0,0.0,0.0,53282.15,53308.4,52783.45,53710.35,0,0.0,0.0,0.0,0.0,-0.01,-1,-1,-0.01,-1,-1,-0.01,-1,-1,-0.01,-1,-1,-0.01,-1,-1,-0.01,-1,-1,-0.01,-1,-1,-0.01,-1,-1,-0.01,-1,-1,-0.01,-1,-1
99926009,2026-05-18 10:01:21+05:30,52859.8,0,0.0,0,0.0,0.0,53282.15,53308.4,52783.45,53710.35,0,0.0,0.0,0.0,0.0,-0.01,-1,-1,-0.01,-1,-1,-0.01,-1,-1,-0.01,-1,-1,-0.01,-1,-1,-0.01,-1,-1,-0.01,-1,-1,-0.01,-1,-1,-0.01,-1,-1,-0.01,-1,-1
99926009,2026-05-18 10:01:21+05:30,52859.35,0,0.0,0,0.0,0.0,53282.15,53308.4,52783.45,53710.35,0,0.0,0.0,0.0,0.0,-0.01,-1,-1,-0.01,-1,-1,-0.01,-1,-1,-0.01,-1,-1,-0.01,-1,-1,-0.01,-1,-1,-0.01,-1,-1,-0.01,-1,-1,-0.01,-1,-1,-0.01,-1,-1
99926009,2026-05-18 10:01:22+05:30,52861.6,0,0.0,0,0.0,0.0,53282.15,53308.4,52783.45,53710.35,0,0.0,0.0,0.0,0.0,-0.01,-1,-1,-0.01,-1,-1,-0.01,-1,-1,-0.01,-1,-1,-0.01,-1,-1,-0.01,-1,-1,-0.01,-1,-1,-0.01,-1,-1,-0.01,-1,-1,-0.01,-1,-1
99926009,2026-05-18 10:01:22+05:30,52861.2,0,0.0,0,0.0,0.0,53282.15,53308.4,52783.45,53710.35,0,0.0,0.0,0.0,0.0,-0.01,-1,-1,-0.01,-1,-1,-0.01,-1,-1,-0.01,-1,-1,-0.01,-1,-1,-0.01,-1,-1,-0.01,-1,-1,-0.01,-1,-1,-0.01,-1,-1,-0.01,-1,-1
99926009,2026-05-18 10:01:23+05:30,52858.85,0,0.0,0,0.0,0.0,53282.15,53308.4,52783.45,53710.35,0,0.0,0.0,0.0,0.0,-0.01,-1,-1,-0.01,-1,-1,-0.01,-1,-1,-0.01,-1,-1,-0.01,-1,-1,-0.01,-1,-1,-0.01,-1,-1,-0.01,-1,-1,-0.01,-1,-1,-0.01,-1,-1
99926009,2026-05-18 10:01:23+05:30,52858.6,0,0.0,0,0.0,0.0,53282.15,53308.4,52783.45,53710.35,0,0.0,0.0,0.0,0.0,-0.01,-1,-1,-0.01,-1,-1,-0.01,-1,-1,-0.01,-1,-1,-0.01,-1,-1,-0.01,-1,-1,-0.01,-1,-1,-0.01,-1,-1,-0.01,-1,-1,-0.01,-1,-1
99926009,2026-05-18 10:01:24+05:30,52854.25,0,0.0,0,0.0,0.0,53282.15,53308.4,52783.45,53710.35,0,0.0,0.0,0.0,0.0,-0.01,-1,-1,-0.01,-1,-1,-0.01,-1,-1,-0.01,-1,-1,-0.01,-1,-1,-0.01,-1,-1,-0.01,-1,-1,-0.01,-1,-1,-0.01,-1,-1,-0.01,-1,-1
99926009,2026-05-18 10:01:24+05:30,52854.45,0,0.0,0,0.0,0.0,53282.15,53308.4,52783.45,53710.35,0,0.0,0.0,0.0,0.0,-0.01,-1,-1,-0.01,-1,-1,-0.01,-1,-1,-0.01,-1,-1,-0.01,-1,-1,-0.01,-1,-1,-0.01,-1,-1,-0.01,-1,-1,-0.01,-1,-1,-0.01,-1,-1
99926009,2026-05-18 10:01:25+05:30,52851.75,0,0.0,0,0.0,0.0,53282.15,53308.4,52783.45,53710.35,0,0.0,0.0,0.0,0.0,-0.01,-1,-1,-0.01,-1,-1,-0.01,-1,-1,-0.01,-1,-1,-0.01,-1,-1,-0.01,-1,-1,-0.01,-1,-1,-0.01,-1,-1,-0.01,-1,-1,-0.01,-1,-1
99926009,2026-05-18 10:01:25+05:30,52854.55,0,0.0,0,0.0,0.0,53282.15,53308.4,52783.45,53710.35,0,0.0,0.0,0.0,0.0,-0.01,-1,-1,-0.01,-1,-1,-0.01,-1,-1,-0.01,-1,-1,-0.01,-1,-1,-0.01,-1,-1,-0.01,-1,-1,-0.01,-1,-1,-0.01,-1,-1,-0.01,-1,-1
99926009,2026-05-18 10:01:26+05:30,52851.6,0,0.0,0,0.0,0.0,53282.15,53308.4,52783.45,53710.35,0,0.0,0.0,0.0,0.0,-0.01,-1,-1,-0.01,-1,-1,-0.01,-1,-1,-0.01,-1,-1,-0.01,-1,-1,-0.01,-1,-1,-0.01,-1,-1,-0.01,-1,-1,-0.01,-1,-1,-0.01,-1,-1
99926009,2026-05-18 10:01:26+05:30,52852.55,0,0.0,0,0.0,0.0,53282.15,53308.4,52783.45,53710.35,0,0.0,0.0,0.0,0.0,-0.01,-1,-1,-0.01,-1,-1,-0.01,-1,-1,-0.01,-1,-1,-0.01,-1,-1,-0.01,-1,-1,-0.01,-1,-1,-0.01,-1,-1,-0.01,-1,-1,-0.01,-1,-1
99926009,2026-05-18 10:01:27+05:30,52850.45,0,0.0,0,0.0,0.0,53282.15,53308.4,52783.45,53710.35,0,0.0,0.0,0.0,0.0,-0.01,-1,-1,-0.01,-1,-1,-0.01,-1,-1,-0.01,-1,-1,-0.01,-1,-1,-0.01,-1,-1,-0.01,-1,-1,-0.01,-1,-1,-0.01,-1,-1,-0.01,-1,-1
99926009,2026-05-18 10:01:27+05:30,52852.1,0,0.0,0,0.0,0.0,53282.15,53308.4,52783.45,53710.35,0,0.0,0.0,0.0,0.0,-0.01,-1,-1,-0.01,-1,-1,-0.01,-1,-1,-0.01,-1,-1,-0.01,-1,-1,-0.01,-1,-1,-0.01,-1,-1,-0.01,-1,-1,-0.01,-1,-1,-0.01,-1,-1
99926009,2026-05-18 10:01:28+05:30,52851.3,0,0.0,0,0.0,0.0,53282.15,53308.4,52783.45,53710.35,0,0.0,0.0,0.0,0.0,-0.01,-1,-1,-0.01,-1,-1,-0.01,-1,-1,-0.01,-1,-1,-0.01,-1,-1,-0.01,-1,-1,-0.01,-1,-1,-0.01,-1,-1,-0.01,-1,-1,-0.01,-1,-1
99926009,2026-05-18 10:01:28+05:30,52849.8,0,0.0,0,0.0,0.0,53282.15,53308.4,52783.45,53710.35,0,0.0,0.0,0.0,0.0,-0.01,-1,-1,-0.01,-1,-1,-0.01,-1,-1,-0.01,-1,-1,-0.01,-1,-1,-0.01,-1,-1,-0.01,-1,-1,-0.01,-1,-1,-0.01,-1,-1,-0.01,-1,-1
99926009,2026-05-18 10:01:29+05:30,52850.4,0,0.0,0,0.0,0.0,53282.15,53308.4,52783.45,53710.35,0,0.0,0.0,0.0,0.0,-0.01,-1,-1,-0.01,-1,-1,-0.01,-1,-1,-0.01,-1,-1,-0.01,-1,-1,-0.01,-1,-1,-0.01,-1,-1,-0.01,-1,-1,-0.01,-1,-1,-0.01,-1,-1
99926009,2026-05-18 10:01:29+05:30,52850.1,0,0.0,0,0.0,0.0,53282.15,53308.4,52783.45,53710.35,0,0.0,0.0,0.0,0.0,-0.01,-1,-1,-0.01,-1,-1,-0.01,-1,-1,-0.01,-1,-1,-0.01,-1,-1,-0.01,-1,-1,-0.01,-1,-1,-0.01,-1,-1,-0.01,-1,-1,-0.01,-1,-1
99926009,2026-05-18 10:01:30+05:30,52850.15,0,0.0,0,0.0,0.0,53282.15,53308.4,52783.45,53710.35,0,0.0,0.0,0.0,0.0,-0.01,-1,-1,-0.01,-1,-1,-0.01,-1,-1,-0.01,-1,-1,-0.01,-1,-1,-0.01,-1,-1,-0.01,-1,-1,-0.01,-1,-1,-0.01,-1,-1,-0.01,-1,-1
99926009,2026-05-18 10:01:30+05:30,52851.25,0,0.0,0,0.0,0.0,53282.15,53308.4,52783.45,53710.35,0,0.0,0.0,0.0,0.0,-0.01,-1,-1,-0.01,-1,-1,-0.01,-1,-1,-0.01,-1,-1,-0.01,-1,-1,-0.01,-1,-1,-0.01,-1,-1,-0.01,-1,-1,-0.01,-1,-1,-0.01,-1,-1
99926009,2026-05-18 10:01:31+05:30,52852.75,0,0.0,0,0.0,0.0,53282.15,53308.4,52783.45,53710.35,0,0.0,0.0,0.0,0.0,-0.01,-1,-1,-0.01,-1,-1,-0.01,-1,-1,-0.01,-1,-1,-0.01,-1,-1,-0.01,-1,-1,-0.01,-1,-1,-0.01,-1,-1,-0.01,-1,-1,-0.01,-1,-1
99926009,2026-05-18 10:01:31+05:30,52850.35,0,0.0,0,0.0,0.0,53282.15,53308.4,52783.45,53710.35,0,0.0,0.0,0.0,0.0,-0.01,-1,-1,-0.01,-1,-1,-0.01,-1,-1,-0.01,-1,-1,-0.01,-1,-1,-0.01,-1,-1,-0.01,-1,-1,-0.01,-1,-1,-0.01,-1,-1,-0.01,-1,-1
99926009,2026-05-18 10:01:32+05:30,52850.55,0,0.0,0,0.0,0.0,53282.15,53308.4,52783.45,53710.35,0,0.0,0.0,0.0,0.0,-0.01,-1,-1,-0.01,-1,-1,-0.01,-1,-1,-0.01,-1,-1,-0.01,-1,-1,-0.01,-1,-1,-0.01,-1,-1,-0.01,-1,-1,-0.01,-1,-1,-0.01,-1,-1
99926009,2026-05-18 10:01:32+05:30,52851.5,0,0.0,0,0.0,0.0,53282.15,53308.4,52783.45,53710.35,0,0.0,0.0,0.0,0.0,-0.01,-1,-1,-0.01,-1,-1,-0.01,-1,-1,-0.01,-1,-1,-0.01,-1,-1,-0.01,-1,-1,-0.01,-1,-1,-0.01,-1,-1,-0.01,-1,-1,-0.01,-1,-1
99926009,2026-05-18 10:01:33+05:30,52852.75,0,0.0,0,0.0,0.0,53282.15,53308.4,52783.45,53710.35,0,0.0,0.0,0.0,0.0,-0.01,-1,-1,-0.01,-1,-1,-0.01,-1,-1,-0.01,-1,-1,-0.01,-1,-1,-0.01,-1,-1,-0.01,-1,-1,-0.01,-1,-1,-0.01,-1,-1,-0.01,-1,-1
99926009,2026-05-18 10:01:33+05:30,52852.2,0,0.0,0,0.0,0.0,53282.15,53308.4,52783.45,53710.35,0,0.0,0.0,0.0,0.0,-0.01,-1,-1,-0.01,-1,-1,-0.01,-1,-1,-0.01,-1,-1,-0.01,-1,-1,-0.01,-1,-1,-0.01,-1,-1,-0.01,-1,-1,-0.01,-1,-1,-0.01,-1,-1
99926009,2026-05-18 10:01:34+05:30,52850.4,0,0.0,0,0.0,0.0,53282.15,53308.4,52783.45,53710.35,0,0.0,0.0,0.0,0.0,-0.01,-1,-1,-0.01,-1,-1,-0.01,-1,-1,-0.01,-1,-1,-0.01,-1,-1,-0.01,-1,-1,-0.01,-1,-1,-0.01,-1,-1,-0.01,-1,-1,-0.01,-1,-1
99926009,2026-05-18 10:01:34+05:30,52852.0,0,0.0,0,0.0,0.0,53282.15,53308.4,52783.45,53710.35,0,0.0,0.0,0.0,0.0,-0.01,-1,-1,-0.01,-1,-1,-0.01,-1,-1,-0.01,-1,-1,-0.01,-1,-1,-0.01,-1,-1,-0.01,-1,-1,-0.01,-1,-1,-0.01,-1,-1,-0.01,-1,-1
99926009,2026-05-18 10:01:35+05:30,52852.6,0,0.0,0,0.0,0.0,53282.15,53308.4,52783.45,53710.35,0,0.0,0.0,0.0,0.0,-0.01,-1,-1,-0.01,-1,-1,-0.01,-1,-1,-0.01,-1,-1,-0.01,-1,-1,-0.01,-1,-1,-0.01,-1,-1,-0.01,-1,-1,-0.01,-1,-1,-0.01,-1,-1
99926009,2026-05-18 10:01:35+05:30,52850.8,0,0.0,0,0.0,0.0,53282.15,53308.4,52783.45,53710.35,0,0.0,0.0,0.0,0.0,-0.01,-1,-1,-0.01,-1,-1,-0.01,-1,-1,-0.01,-1,-1,-0.01,-1,-1,-0.01,-1,-1,-0.01,-1,-1,-0.01,-1,-1,-0.01,-1,-1,-0.01,-1,-1
99926009,2026-05-18 10:01:36+05:30,52850.75,0,0.0,0,0.0,0.0,53282.15,53308.4,52783.45,53710.35,0,0.0,0.0,0.0,0.0,-0.01,-1,-1,-0.01,-1,-1,-0.01,-1,-1,-0.01,-1,-1,-0.01,-1,-1,-0.01,-1,-1,-0.01,-1,-1,-0.01,-1,-1,-0.01,-1,-1,-0.01,-1,-1
99926009,2026-05-18 10:01:36+05:30,52848.35,0,0.0,0,0.0,0.0,53282.15,53308.4,52783.45,53710.35,0,0.0,0.0,0.0,0.0,-0.01,-1,-1,-0.01,-1,-1,-0.01,-1,-1,-0.01,-1,-1,-0.01,-1,-1,-0.01,-1,-1,-0.01,-1,-1,-0.01,-1,-1,-0.01,-1,-1,-0.01,-1,-1
99926009,2026-05-18 10:01:37+05:30,52847.55,0,0.0,0,0.0,0.0,53282.15,53308.4,52783.45,53710.35,0,0.0,0.0,0.0,0.0,-0.01,-1,-1,-0.01,-1,-1,-0.01,-1,-1,-0.01,-1,-1,-0.01,-1,-1,-0.01,-1,-1,-0.01,-1,-1,-0.01,-1,-1,-0.01,-1,-1,-0.01,-1,-1
99926009,2026-05-18 10:01:37+05:30,52849.8,0,0.0,0,0.0,0.0,53282.15,53308.4,52783.45,53710.35,0,0.0,0.0,0.0,0.0,-0.01,-1,-1,-0.01,-1,-1,-0.01,-1,-1,-0.01,-1,-1,-0.01,-1,-1,-0.01,-1,-1,-0.01,-1,-1,-0.01,-1,-1,-0.01,-1,-1,-0.01,-1,-1
99926009,2026-05-18 10:01:38+05:30,52850.3,0,0.0,0,0.0,0.0,53282.15,53308.4,52783.45,53710.35,0,0.0,0.0,0.0,0.0,-0.01,-1,-1,-0.01,-1,-1,-0.01,-1,-1,-0.01,-1,-1,-0.01,-1,-1,-0.01,-1,-1,-0.01,-1,-1,-0.01,-1,-1,-0.01,-1,-1,-0.01,-1,-1
99926009,2026-05-18 10:01:38+05:30,52850.15,0,0.0,0,0.0,0.0,53282.15,53308.4,52783.45,53710.35,0,0.0,0.0,0.0,0.0,-0.01,-1,-1,-0.01,-1,-1,-0.01,-1,-1,-0.01,-1,-1,-0.01,-1,-1,-0.01,-1,-1,-0.01,-1,-1,-0.01,-1,-1,-0.01,-1,-1,-0.01,-1,-1
99926009,2026-05-18 10:01:39+05:30,52850.8,0,0.0,0,0.0,0.0,53282.15,53308.4,52783.45,53710.35,0,0.0,0.0,0.0,0.0,-0.01,-1,-1,-0.01,-1,-1,-0.01,-1,-1,-0.01,-1,-1,-0.01,-1,-1,-0.01,-1,-1,-0.01,-1,-1,-0.01,-1,-1,-0.01,-1,-1,-0.01,-1,-1
99926009,2026-05-18 10:01:39+05:30,52851.0,0,0.0,0,0.0,0.0,53282.15,53308.4,52783.45,53710.35,0,0.0,0.0,0.0,0.0,-0.01,-1,-1,-0.01,-1,-1,-0.01,-1,-1,-0.01,-1,-1,-0.01,-1,-1,-0.01,-1,-1,-0.01,-1,-1,-0.01,-1,-1,-0.01,-1,-1,-0.01,-1,-1
99926009,2026-05-18 10:01:40+05:30,52854.15,0,0.0,0,0.0,0.0,53282.15,53308.4,52783.45,53710.35,0,0.0,0.0,0.0,0.0,-0.01,-1,-1,-0.01,-1,-1,-0.01,-1,-1,-0.01,-1,-1,-0.01,-1,-1,-0.01,-1,-1,-0.01,-1,-1,-0.01,-1,-1,-0.01,-1,-1,-0.01,-1,-1
99926009,2026-05-18 10:01:40+05:30,52853.3,0,0.0,0,0.0,0.0,53282.15,53308.4,52783.45,53710.35,0,0.0,0.0,0.0,0.0,-0.01,-1,-1,-0.01,-1,-1,-0.01,-1,-1,-0.01,-1,-1,-0.01,-1,-1,-0.01,-1,-1,-0.01,-1,-1,-0.01,-1,-1,-0.01,-1,-1,-0.01,-1,-1
99926009,2026-05-18 10:01:41+05:30,52853.25,0,0.0,0,0.0,0.0,53282.15,53308.4,52783.45,53710.35,0,0.0,0.0,0.0,0.0,-0.01,-1,-1,-0.01,-1,-1,-0.01,-1,-1,-0.01,-1,-1,-0.01,-1,-1,-0.01,-1,-1,-0.01,-1,-1,-0.01,-1,-1,-0.01,-1,-1,-0.01,-1,-1
99926009,2026-05-18 10:01:41+05:30,52853.9,0,0.0,0,0.0,0.0,53282.15,53308.4,52783.45,53710.35,0,0.0,0.0,0.0,0.0,-0.01,-1,-1,-0.01,-1,-1,-0.01,-1,-1,-0.01,-1,-1,-0.01,-1,-1,-0.01,-1,-1,-0.01,-1,-1,-0.01,-1,-1,-0.01,-1,-1,-0.01,-1,-1
99926009,2026-05-18 10:01:42+05:30,52854.1,0,0.0,0,0.0,0.0,53282.15,53308.4,52783.45,53710.35,0,0.0,0.0,0.0,0.0,-0.01,-1,-1,-0.01,-1,-1,-0.01,-1,-1,-0.01,-1,-1,-0.01,-1,-1,-0.01,-1,-1,-0.01,-1,-1,-0.01,-1,-1,-0.01,-1,-1,-0.01,-1,-1
99926009,2026-05-18 10:01:42+05:30,52854.55,0,0.0,0,0.0,0.0,53282.15,53308.4,52783.45,53710.35,0,0.0,0.0,0.0,0.0,-0.01,-1,-1,-0.01,-1,-1,-0.01,-1,-1,-0.01,-1,-1,-0.01,-1,-1,-0.01,-1,-1,-0.01,-1,-1,-0.01,-1,-1,-0.01,-1,-1,-0.01,-1,-1
99926009,2026-05-18 10:01:43+05:30,52852.6,0,0.0,0,0.0,0.0,53282.15,53308.4,52783.45,53710.35,0,0.0,0.0,0.0,0.0,-0.01,-1,-1,-0.01,-1,-1,-0.01,-1,-1,-0.01,-1,-1,-0.01,-1,-1,-0.01,-1,-1,-0.01,-1,-1,-0.01,-1,-1,-0.01,-1,-1,-0.01,-1,-1
99926009,2026-05-18 10:01:43+05:30,52853.45,0,0.0,0,0.0,0.0,53282.15,53308.4,52783.45,53710.35,0,0.0,0.0,0.0,0.0,-0.01,-1,-1,-0.01,-1,-1,-0.01,-1,-1,-0.01,-1,-1,-0.01,-1,-1,-0.01,-1,-1,-0.01,-1,-1,-0.01,-1,-1,-0.01,-1,-1,-0.01,-1,-1
99926009,2026-05-18 10:01:44+05:30,52855.45,0,0.0,0,0.0,0.0,53282.15,53308.4,52783.45,53710.35,0,0.0,0.0,0.0,0.0,-0.01,-1,-1,-0.01,-1,-1,-0.01,-1,-1,-0.01,-1,-1,-0.01,-1,-1,-0.01,-1,-1,-0.01,-1,-1,-0.01,-1,-1,-0.01,-1,-1,-0.01,-1,-1
99926009,2026-05-18 10:01:44+05:30,52854.65,0,0.0,0,0.0,0.0,53282.15,53308.4,52783.45,53710.35,0,0.0,0.0,0.0,0.0,-0.01,-1,-1,-0.01,-1,-1,-0.01,-1,-1,-0.01,-1,-1,-0.01,-1,-1,-0.01,-1,-1,-0.01,-1,-1,-0.01,-1,-1,-0.01,-1,-1,-0.01,-1,-1
99926009,2026-05-18 10:01:45+05:30,52852.15,0,0.0,0,0.0,0.0,53282.15,53308.4,52783.45,53710.35,0,0.0,0.0,0.0,0.0,-0.01,-1,-1,-0.01,-1,-1,-0.01,-1,-1,-0.01,-1,-1,-0.01,-1,-1,-0.01,-1,-1,-0.01,-1,-1,-0.01,-1,-1,-0.01,-1,-1,-0.01,-1,-1
99926009,2026-05-18 10:01:45+05:30,52857.9,0,0.0,0,0.0,0.0,53282.15,53308.4,52783.45,53710.35,0,0.0,0.0,0.0,0.0,-0.01,-1,-1,-0.01,-1,-1,-0.01,-1,-1,-0.01,-1,-1,-0.01,-1,-1,-0.01,-1,-1,-0.01,-1,-1,-0.01,-1,-1,-0.01,-1,-1,-0.01,-1,-1
99926009,2026-05-18 10:01:46+05:30,52855.7,0,0.0,0,0.0,0.0,53282.15,53308.4,52783.45,53710.35,0,0.0,0.0,0.0,0.0,-0.01,-1,-1,-0.01,-1,-1,-0.01,-1,-1,-0.01,-1,-1,-0.01,-1,-1,-0.01,-1,-1,-0.01,-1,-1,-0.01,-1,-1,-0.01,-1,-1,-0.01,-1,-1
99926009,2026-05-18 10:01:46+05:30,52855.3,0,0.0,0,0.0,0.0,53282.15,53308.4,52783.45,53710.35,0,0.0,0.0,0.0,0.0,-0.01,-1,-1,-0.01,-1,-1,-0.01,-1,-1,-0.01,-1,-1,-0.01,-1,-1,-0.01,-1,-1,-0.01,-1,-1,-0.01,-1,-1,-0.01,-1,-1,-0.01,-1,-1
99926009,2026-05-18 10:01:47+05:30,52857.85,0,0.0,0,0.0,0.0,53282.15,53308.4,52783.45,53710.35,0,0.0,0.0,0.0,0.0,-0.01,-1,-1,-0.01,-1,-1,-0.01,-1,-1,-0.01,-1,-1,-0.01,-1,-1,-0.01,-1,-1,-0.01,-1,-1,-0.01,-1,-1,-0.01,-1,-1,-0.01,-1,-1
99926009,2026-05-18 10:01:47+05:30,52859.5,0,0.0,0,0.0,0.0,53282.15,53308.4,52783.45,53710.35,0,0.0,0.0,0.0,0.0,-0.01,-1,-1,-0.01,-1,-1,-0.01,-1,-1,-0.01,-1,-1,-0.01,-1,-1,-0.01,-1,-1,-0.01,-1,-1,-0.01,-1,-1,-0.01,-1,-1,-0.01,-1,-1
99926009,2026-05-18 10:01:48+05:30,52860.15,0,0.0,0,0.0,0.0,53282.15,53308.4,52783.45,53710.35,0,0.0,0.0,0.0,0.0,-0.01,-1,-1,-0.01,-1,-1,-0.01,-1,-1,-0.01,-1,-1,-0.01,-1,-1,-0.01,-1,-1,-0.01,-1,-1,-0.01,-1,-1,-0.01,-1,-1,-0.01,-1,-1
99926009,2026-05-18 10:01:48+05:30,52857.3,0,0.0,0,0.0,0.0,53282.15,53308.4,52783.45,53710.35,0,0.0,0.0,0.0,0.0,-0.01,-1,-1,-0.01,-1,-1,-0.01,-1,-1,-0.01,-1,-1,-0.01,-1,-1,-0.01,-1,-1,-0.01,-1,-1,-0.01,-1,-1,-0.01,-1,-1,-0.01,-1,-1
99926009,2026-05-18 10:01:49+05:30,52861.55,0,0.0,0,0.0,0.0,53282.15,53308.4,52783.45,53710.35,0,0.0,0.0,0.0,0.0,-0.01,-1,-1,-0.01,-1,-1,-0.01,-1,-1,-0.01,-1,-1,-0.01,-1,-1,-0.01,-1,-1,-0.01,-1,-1,-0.01,-1,-1,-0.01,-1,-1,-0.01,-1,-1
99926009,2026-05-18 10:01:49+05:30,52859.5,0,0.0,0,0.0,0.0,53282.15,53308.4,52783.45,53710.35,0,0.0,0.0,0.0,0.0,-0.01,-1,-1,-0.01,-1,-1,-0.01,-1,-1,-0.01,-1,-1,-0.01,-1,-1,-0.01,-1,-1,-0.01,-1,-1,-0.01,-1,-1,-0.01,-1,-1,-0.01,-1,-1
99926009,2026-05-18 10:01:50+05:30,52860.85,0,0.0,0,0.0,0.0,53282.15,53308.4,52783.45,53710.35,0,0.0,0.0,0.0,0.0,-0.01,-1,-1,-0.01,-1,-1,-0.01,-1,-1,-0.01,-1,-1,-0.01,-1,-1,-0.01,-1,-1,-0.01,-1,-1,-0.01,-1,-1,-0.01,-1,-1,-0.01,-1,-1
99926009,2026-05-18 10:01:50+05:30,52861.0,0,0.0,0,0.0,0.0,53282.15,53308.4,52783.45,53710.35,0,0.0,0.0,0.0,0.0,-0.01,-1,-1,-0.01,-1,-1,-0.01,-1,-1,-0.01,-1,-1,-0.01,-1,-1,-0.01,-1,-1,-0.01,-1,-1,-0.01,-1,-1,-0.01,-1,-1,-0.01,-1,-1
99926009,2026-05-18 10:01:51+05:30,52856.75,0,0.0,0,0.0,0.0,53282.15,53308.4,52783.45,53710.35,0,0.0,0.0,0.0,0.0,-0.01,-1,-1,-0.01,-1,-1,-0.01,-1,-1,-0.01,-1,-1,-0.01,-1,-1,-0.01,-1,-1,-0.01,-1,-1,-0.01,-1,-1,-0.01,-1,-1,-0.01,-1,-1
99926009,2026-05-18 10:01:51+05:30,52858.3,0,0.0,0,0.0,0.0,53282.15,53308.4,52783.45,53710.35,0,0.0,0.0,0.0,0.0,-0.01,-1,-1,-0.01,-1,-1,-0.01,-1,-1,-0.01,-1,-1,-0.01,-1,-1,-0.01,-1,-1,-0.01,-1,-1,-0.01,-1,-1,-0.01,-1,-1,-0.01,-1,-1
99926009,2026-05-18 10:01:52+05:30,52859.85,0,0.0,0,0.0,0.0,53282.15,53308.4,52783.45,53710.35,0,0.0,0.0,0.0,0.0,-0.01,-1,-1,-0.01,-1,-1,-0.01,-1,-1,-0.01,-1,-1,-0.01,-1,-1,-0.01,-1,-1,-0.01,-1,-1,-0.01,-1,-1,-0.01,-1,-1,-0.01,-1,-1
99926009,2026-05-18 10:01:52+05:30,52855.3,0,0.0,0,0.0,0.0,53282.15,53308.4,52783.45,53710.35,0,0.0,0.0,0.0,0.0,-0.01,-1,-1,-0.01,-1,-1,-0.01,-1,-1,-0.01,-1,-1,-0.01,-1,-1,-0.01,-1,-1,-0.01,-1,-1,-0.01,-1,-1,-0.01,-1,-1,-0.01,-1,-1
99926009,2026-05-18 10:01:53+05:30,52856.05,0,0.0,0,0.0,0.0,53282.15,53308.4,52783.45,53710.35,0,0.0,0.0,0.0,0.0,-0.01,-1,-1,-0.01,-1,-1,-0.01,-1,-1,-0.01,-1,-1,-0.01,-1,-1,-0.01,-1,-1,-0.01,-1,-1,-0.01,-1,-1,-0.01,-1,-1,-0.01,-1,-1
99926009,2026-05-18 10:01:53+05:30,52853.7,0,0.0,0,0.0,0.0,53282.15,53308.4,52783.45,53710.35,0,0.0,0.0,0.0,0.0,-0.01,-1,-1,-0.01,-1,-1,-0.01,-1,-1,-0.01,-1,-1,-0.01,-1,-1,-0.01,-1,-1,-0.01,-1,-1,-0.01,-1,-1,-0.01,-1,-1,-0.01,-1,-1
99926009,2026-05-18 10:01:54+05:30,52855.35,0,0.0,0,0.0,0.0,53282.15,53308.4,52783.45,53710.35,0,0.0,0.0,0.0,0.0,-0.01,-1,-1,-0.01,-1,-1,-0.01,-1,-1,-0.01,-1,-1,-0.01,-1,-1,-0.01,-1,-1,-0.01,-1,-1,-0.01,-1,-1,-0.01,-1,-1,-0.01,-1,-1
99926009,2026-05-18 10:01:54+05:30,52854.5,0,0.0,0,0.0,0.0,53282.15,53308.4,52783.45,53710.35,0,0.0,0.0,0.0,0.0,-0.01,-1,-1,-0.01,-1,-1,-0.01,-1,-1,-0.01,-1,-1,-0.01,-1,-1,-0.01,-1,-1,-0.01,-1,-1,-0.01,-1,-1,-0.01,-1,-1,-0.01,-1,-1
99926009,2026-05-18 10:01:55+05:30,52853.75,0,0.0,0,0.0,0.0,53282.15,53308.4,52783.45,53710.35,0,0.0,0.0,0.0,0.0,-0.01,-1,-1,-0.01,-1,-1,-0.01,-1,-1,-0.01,-1,-1,-0.01,-1,-1,-0.01,-1,-1,-0.01,-1,-1,-0.01,-1,-1,-0.01,-1,-1,-0.01,-1,-1
99926009,2026-05-18 10:01:55+05:30,52856.05,0,0.0,0,0.0,0.0,53282.15,53308.4,52783.45,53710.35,0,0.0,0.0,0.0,0.0,-0.01,-1,-1,-0.01,-1,-1,-0.01,-1,-1,-0.01,-1,-1,-0.01,-1,-1,-0.01,-1,-1,-0.01,-1,-1,-0.01,-1,-1,-0.01,-1,-1,-0.01,-1,-1
99926009,2026-05-18 10:01:56+05:30,52854.15,0,0.0,0,0.0,0.0,53282.15,53308.4,52783.45,53710.35,0,0.0,0.0,0.0,0.0,-0.01,-1,-1,-0.01,-1,-1,-0.01,-1,-1,-0.01,-1,-1,-0.01,-1,-1,-0.01,-1,-1,-0.01,-1,-1,-0.01,-1,-1,-0.01,-1,-1,-0.01,-1,-1
99926009,2026-05-18 10:01:56+05:30,52854.1,0,0.0,0,0.0,0.0,53282.15,53308.4,52783.45,53710.35,0,0.0,0.0,0.0,0.0,-0.01,-1,-1,-0.01,-1,-1,-0.01,-1,-1,-0.01,-1,-1,-0.01,-1,-1,-0.01,-1,-1,-0.01,-1,-1,-0.01,-1,-1,-0.01,-1,-1,-0.01,-1,-1
99926009,2026-05-18 10:01:57+05:30,52852.45,0,0.0,0,0.0,0.0,53282.15,53308.4,52783.45,53710.35,0,0.0,0.0,0.0,0.0,-0.01,-1,-1,-0.01,-1,-1,-0.01,-1,-1,-0.01,-1,-1,-0.01,-1,-1,-0.01,-1,-1,-0.01,-1,-1,-0.01,-1,-1,-0.01,-1,-1,-0.01,-1,-1
99926009,2026-05-18 10:01:57+05:30,52854.0,0,0.0,0,0.0,0.0,53282.15,53308.4,52783.45,53710.35,0,0.0,0.0,0.0,0.0,-0.01,-1,-1,-0.01,-1,-1,-0.01,-1,-1,-0.01,-1,-1,-0.01,-1,-1,-0.01,-1,-1,-0.01,-1,-1,-0.01,-1,-1,-0.01,-1,-1,-0.01,-1,-1
99926009,2026-05-18 10:01:58+05:30,52849.95,0,0.0,0,0.0,0.0,53282.15,53308.4,52783.45,53710.35,0,0.0,0.0,0.0,0.0,-0.01,-1,-1,-0.01,-1,-1,-0.01,-1,-1,-0.01,-1,-1,-0.01,-1,-1,-0.01,-1,-1,-0.01,-1,-1,-0.01,-1,-1,-0.01,-1,-1,-0.01,-1,-1
99926009,2026-05-18 10:01:58+05:30,52853.65,0,0.0,0,0.0,0.0,53282.15,53308.4,52783.45,53710.35,0,0.0,0.0,0.0,0.0,-0.01,-1,-1,-0.01,-1,-1,-0.01,-1,-1,-0.01,-1,-1,-0.01,-1,-1,-0.01,-1,-1,-0.01,-1,-1,-0.01,-1,-1,-0.01,-1,-1,-0.01,-1,-1
99926009,2026-05-18 10:01:59+05:30,52850.8,0,0.0,0,0.0,0.0,53282.15,53308.4,52783.45,53710.35,0,0.0,0.0,0.0,0.0,-0.01,-1,-1,-0.01,-1,-1,-0.01,-1,-1,-0.01,-1,-1,-0.01,-1,-1,-0.01,-1,-1,-0.01,-1,-1,-0.01,-1,-1,-0.01,-1,-1,-0.01,-1,-1
99926009,2026-05-18 10:01:59+05:30,52850.25,0,0.0,0,0.0,0.0,53282.15,53308.4,52783.45,53710.35,0,0.0,0.0,0.0,0.0,-0.01,-1,-1,-0.01,-1,-1,-0.01,-1,-1,-0.01,-1,-1,-0.01,-1,-1,-0.01,-1,-1,-0.01,-1,-1,-0.01,-1,-1,-0.01,-1,-1,-0.01,-1,-1
99926009,2026-05-18 10:02:00+05:30,52855.4,0,0.0,0,0.0,0.0,53282.15,53308.4,52783.45,53710.35,0,0.0,0.0,0.0,0.0,-0.01,-1,-1,-0.01,-1,-1,-0.01,-1,-1,-0.01,-1,-1,-0.01,-1,-1,-0.01,-1,-1,-0.01,-1,-1,-0.01,-1,-1,-0.01,-1,-1,-0.01,-1,-1
99926009,2026-05-18 10:02:00+05:30,52855.65,0,0.0,0,0.0,0.0,53282.15,53308.4,52783.45,53710.35,0,0.0,0.0,0.0,0.0,-0.01,-1,-1,-0.01,-1,-1,-0.01,-1,-1,-0.01,-1,-1,-0.01,-1,-1,-0.01,-1,-1,-0.01,-1,-1,-0.01,-1,-1,-0.01,-1,-1,-0.01,-1,-1
99926009,2026-05-18 10:02:01+05:30,52860.6,0,0.0,0,0.0,0.0,53282.15,53308.4,52783.45,53710.35,0,0.0,0.0,0.0,0.0,-0.01,-1,-1,-0.01,-1,-1,-0.01,-1,-1,-0.01,-1,-1,-0.01,-1,-1,-0.01,-1,-1,-0.01,-1,-1,-0.01,-1,-1,-0.01,-1,-1,-0.01,-1,-1
99926009,2026-05-18 10:02:01+05:30,52859.65,0,0.0,0,0.0,0.0,53282.15,53308.4,52783.45,53710.35,0,0.0,0.0,0.0,0.0,-0.01,-1,-1,-0.01,-1,-1,-0.01,-1,-1,-0.01,-1,-1,-0.01,-1,-1,-0.01,-1,-1,-0.01,-1,-1,-0.01,-1,-1,-0.01,-1,-1,-0.01,-1,-1
99926009,2026-05-18 10:02:02+05:30,52861.3,0,0.0,0,0.0,0.0,53282.15,53308.4,52783.45,53710.35,0,0.0,0.0,0.0,0.0,-0.01,-1,-1,-0.01,-1,-1,-0.01,-1,-1,-0.01,-1,-1,-0.01,-1,-1,-0.01,-1,-1,-0.01,-1,-1,-0.01,-1,-1,-0.01,-1,-1,-0.01,-1,-1
99926009,2026-05-18 10:02:02+05:30,52859.3,0,0.0,0,0.0,0.0,53282.15,53308.4,52783.45,53710.35,0,0.0,0.0,0.0,0.0,-0.01,-1,-1,-0.01,-1,-1,-0.01,-1,-1,-0.01,-1,-1,-0.01,-1,-1,-0.01,-1,-1,-0.01,-1,-1,-0.01,-1,-1,-0.01,-1,-1,-0.01,-1,-1
99926009,2026-05-18 10:02:03+05:30,52854.4,0,0.0,0,0.0,0.0,53282.15,53308.4,52783.45,53710.35,0,0.0,0.0,0.0,0.0,-0.01,-1,-1,-0.01,-1,-1,-0.01,-1,-1,-0.01,-1,-1,-0.01,-1,-1,-0.01,-1,-1,-0.01,-1,-1,-0.01,-1,-1,-0.01,-1,-1,-0.01,-1,-1
99926009,2026-05-18 10:02:03+05:30,52855.3,0,0.0,0,0.0,0.0,53282.15,53308.4,52783.45,53710.35,0,0.0,0.0,0.0,0.0,-0.01,-1,-1,-0.01,-1,-1,-0.01,-1,-1,-0.01,-1,-1,-0.01,-1,-1,-0.01,-1,-1,-0.01,-1,-1,-0.01,-1,-1,-0.01,-1,-1,-0.01,-1,-1
99926009,2026-05-18 10:02:04+05:30,52859.6,0,0.0,0,0.0,0.0,53282.15,53308.4,52783.45,53710.35,0,0.0,0.0,0.0,0.0,-0.01,-1,-1,-0.01,-1,-1,-0.01,-1,-1,-0.01,-1,-1,-0.01,-1,-1,-0.01,-1,-1,-0.01,-1,-1,-0.01,-1,-1,-0.01,-1,-1,-0.01,-1,-1
99926009,2026-05-18 10:02:04+05:30,52857.6,0,0.0,0,0.0,0.0,53282.15,53308.4,52783.45,53710.35,0,0.0,0.0,0.0,0.0,-0.01,-1,-1,-0.01,-1,-1,-0.01,-1,-1,-0.01,-1,-1,-0.01,-1,-1,-0.01,-1,-1,-0.01,-1,-1,-0.01,-1,-1,-0.01,-1,-1,-0.01,-1,-1
99926009,2026-05-18 10:02:05+05:30,52857.55,0,0.0,0,0.0,0.0,53282.15,53308.4,52783.45,53710.35,0,0.0,0.0,0.0,0.0,-0.01,-1,-1,-0.01,-1,-1,-0.01,-1,-1,-0.01,-1,-1,-0.01,-1,-1,-0.01,-1,-1,-0.01,-1,-1,-0.01,-1,-1,-0.01,-1,-1,-0.01,-1,-1
99926009,2026-05-18 10:02:05+05:30,52856.4,0,0.0,0,0.0,0.0,53282.15,53308.4,52783.45,53710.35,0,0.0,0.0,0.0,0.0,-0.01,-1,-1,-0.01,-1,-1,-0.01,-1,-1,-0.01,-1,-1,-0.01,-1,-1,-0.01,-1,-1,-0.01,-1,-1,-0.01,-1,-1,-0.01,-1,-1,-0.01,-1,-1
99926009,2026-05-18 10:02:06+05:30,52858.05,0,0.0,0,0.0,0.0,53282.15,53308.4,52783.45,53710.35,0,0.0,0.0,0.0,0.0,-0.01,-1,-1,-0.01,-1,-1,-0.01,-1,-1,-0.01,-1,-1,-0.01,-1,-1,-0.01,-1,-1,-0.01,-1,-1,-0.01,-1,-1,-0.01,-1,-1,-0.01,-1,-1
99926009,2026-05-18 10:02:06+05:30,52857.45,0,0.0,0,0.0,0.0,53282.15,53308.4,52783.45,53710.35,0,0.0,0.0,0.0,0.0,-0.01,-1,-1,-0.01,-1,-1,-0.01,-1,-1,-0.01,-1,-1,-0.01,-1,-1,-0.01,-1,-1,-0.01,-1,-1,-0.01,-1,-1,-0.01,-1,-1,-0.01,-1,-1
99926009,2026-05-18 10:02:07+05:30,52854.6,0,0.0,0,0.0,0.0,53282.15,53308.4,52783.45,53710.35,0,0.0,0.0,0.0,0.0,-0.01,-1,-1,-0.01,-1,-1,-0.01,-1,-1,-0.01,-1,-1,-0.01,-1,-1,-0.01,-1,-1,-0.01,-1,-1,-0.01,-1,-1,-0.01,-1,-1,-0.01,-1,-1
99926009,2026-05-18 10:02:07+05:30,52856.75,0,0.0,0,0.0,0.0,53282.15,53308.4,52783.45,53710.35,0,0.0,0.0,0.0,0.0,-0.01,-1,-1,-0.01,-1,-1,-0.01,-1,-1,-0.01,-1,-1,-0.01,-1,-1,-0.01,-1,-1,-0.01,-1,-1,-0.01,-1,-1,-0.01,-1,-1,-0.01,-1,-1
99926009,2026-05-18 10:02:08+05:30,52855.5,0,0.0,0,0.0,0.0,53282.15,53308.4,52783.45,53710.35,0,0.0,0.0,0.0,0.0,-0.01,-1,-1,-0.01,-1,-1,-0.01,-1,-1,-0.01,-1,-1,-0.01,-1,-1,-0.01,-1,-1,-0.01,-1,-1,-0.01,-1,-1,-0.01,-1,-1,-0.01,-1,-1
99926009,2026-05-18 10:02:08+05:30,52858.2,0,0.0,0,0.0,0.0,53282.15,53308.4,52783.45,53710.35,0,0.0,0.0,0.0,0.0,-0.01,-1,-1,-0.01,-1,-1,-0.01,-1,-1,-0.01,-1,-1,-0.01,-1,-1,-0.01,-1,-1,-0.01,-1,-1,-0.01,-1,-1,-0.01,-1,-1,-0.01,-1,-1
99926009,2026-05-18 10:02:09+05:30,52854.1,0,0.0,0,0.0,0.0,53282.15,53308.4,52783.45,53710.35,0,0.0,0.0,0.0,0.0,-0.01,-1,-1,-0.01,-1,-1,-0.01,-1,-1,-0.01,-1,-1,-0.01,-1,-1,-0.01,-1,-1,-0.01,-1,-1,-0.01,-1,-1,-0.01,-1,-1,-0.01,-1,-1
99926009,2026-05-18 10:02:09+05:30,52853.95,0,0.0,0,0.0,0.0,53282.15,53308.4,52783.45,53710.35,0,0.0,0.0,0.0,0.0,-0.01,-1,-1,-0.01,-1,-1,-0.01,-1,-1,-0.01,-1,-1,-0.01,-1,-1,-0.01,-1,-1,-0.01,-1,-1,-0.01,-1,-1,-0.01,-1,-1,-0.01,-1,-1
99926009,2026-05-18 10:02:10+05:30,52852.85,0,0.0,0,0.0,0.0,53282.15,53308.4,52783.45,53710.35,0,0.0,0.0,0.0,0.0,-0.01,-1,-1,-0.01,-1,-1,-0.01,-1,-1,-0.01,-1,-1,-0.01,-1,-1,-0.01,-1,-1,-0.01,-1,-1,-0.01,-1,-1,-0.01,-1,-1,-0.01,-1,-1
99926009,2026-05-18 10:02:12+05:30,52849.85,0,0.0,0,0.0,0.0,53282.15,53308.4,52783.45,53710.35,0,0.0,0.0,0.0,0.0,-0.01,-1,-1,-0.01,-1,-1,-0.01,-1,-1,-0.01,-1,-1,-0.01,-1,-1,-0.01,-1,-1,-0.01,-1,-1,-0.01,-1,-1,-0.01,-1,-1,-0.01,-1,-1
99926009,2026-05-18 10:02:12+05:30,52849.45,0,0.0,0,0.0,0.0,53282.15,53308.4,52783.45,53710.35,0,0.0,0.0,0.0,0.0,-0.01,-1,-1,-0.01,-1,-1,-0.01,-1,-1,-0.01,-1,-1,-0.01,-1,-1,-0.01,-1,-1,-0.01,-1,-1,-0.01,-1,-1,-0.01,-1,-1,-0.01,-1,-1
99926009,2026-05-18 10:02:13+05:30,52847.3,0,0.0,0,0.0,0.0,53282.15,53308.4,52783.45,53710.35,0,0.0,0.0,0.0,0.0,-0.01,-1,-1,-0.01,-1,-1,-0.01,-1,-1,-0.01,-1,-1,-0.01,-1,-1,-0.01,-1,-1,-0.01,-1,-1,-0.01,-1,-1,-0.01,-1,-1,-0.01,-1,-1
99926009,2026-05-18 10:02:13+05:30,52847.25,0,0.0,0,0.0,0.0,53282.15,53308.4,52783.45,53710.35,0,0.0,0.0,0.0,0.0,-0.01,-1,-1,-0.01,-1,-1,-0.01,-1,-1,-0.01,-1,-1,-0.01,-1,-1,-0.01,-1,-1,-0.01,-1,-1,-0.01,-1,-1,-0.01,-1,-1,-0.01,-1,-1
99926009,2026-05-18 10:02:14+05:30,52849.0,0,0.0,0,0.0,0.0,53282.15,53308.4,52783.45,53710.35,0,0.0,0.0,0.0,0.0,-0.01,-1,-1,-0.01,-1,-1,-0.01,-1,-1,-0.01,-1,-1,-0.01,-1,-1,-0.01,-1,-1,-0.01,-1,-1,-0.01,-1,-1,-0.01,-1,-1,-0.01,-1,-1
99926009,2026-05-18 10:02:14+05:30,52847.4,0,0.0,0,0.0,0.0,53282.15,53308.4,52783.45,53710.35,0,0.0,0.0,0.0,0.0,-0.01,-1,-1,-0.01,-1,-1,-0.01,-1,-1,-0.01,-1,-1,-0.01,-1,-1,-0.01,-1,-1,-0.01,-1,-1,-0.01,-1,-1,-0.01,-1,-1,-0.01,-1,-1
99926009,2026-05-18 10:02:15+05:30,52844.35,0,0.0,0,0.0,0.0,53282.15,53308.4,52783.45,53710.35,0,0.0,0.0,0.0,0.0,-0.01,-1,-1,-0.01,-1,-1,-0.01,-1,-1,-0.01,-1,-1,-0.01,-1,-1,-0.01,-1,-1,-0.01,-1,-1,-0.01,-1,-1,-0.01,-1,-1,-0.01,-1,-1
99926009,2026-05-18 10:02:15+05:30,52845.2,0,0.0,0,0.0,0.0,53282.15,53308.4,52783.45,53710.35,0,0.0,0.0,0.0,0.0,-0.01,-1,-1,-0.01,-1,-1,-0.01,-1,-1,-0.01,-1,-1,-0.01,-1,-1,-0.01,-1,-1,-0.01,-1,-1,-0.01,-1,-1,-0.01,-1,-1,-0.01,-1,-1
99926009,2026-05-18 10:02:16+05:30,52844.55,0,0.0,0,0.0,0.0,53282.15,53308.4,52783.45,53710.35,0,0.0,0.0,0.0,0.0,-0.01,-1,-1,-0.01,-1,-1,-0.01,-1,-1,-0.01,-1,-1,-0.01,-1,-1,-0.01,-1,-1,-0.01,-1,-1,-0.01,-1,-1,-0.01,-1,-1,-0.01,-1,-1
99926009,2026-05-18 10:02:16+05:30,52842.65,0,0.0,0,0.0,0.0,53282.15,53308.4,52783.45,53710.35,0,0.0,0.0,0.0,0.0,-0.01,-1,-1,-0.01,-1,-1,-0.01,-1,-1,-0.01,-1,-1,-0.01,-1,-1,-0.01,-1,-1,-0.01,-1,-1,-0.01,-1,-1,-0.01,-1,-1,-0.01,-1,-1
99926009,2026-05-18 10:02:17+05:30,52844.4,0,0.0,0,0.0,0.0,53282.15,53308.4,52783.45,53710.35,0,0.0,0.0,0.0,0.0,-0.01,-1,-1,-0.01,-1,-1,-0.01,-1,-1,-0.01,-1,-1,-0.01,-1,-1,-0.01,-1,-1,-0.01,-1,-1,-0.01,-1,-1,-0.01,-1,-1,-0.01,-1,-1
99926009,2026-05-18 10:02:17+05:30,52845.4,0,0.0,0,0.0,0.0,53282.15,53308.4,52783.45,53710.35,0,0.0,0.0,0.0,0.0,-0.01,-1,-1,-0.01,-1,-1,-0.01,-1,-1,-0.01,-1,-1,-0.01,-1,-1,-0.01,-1,-1,-0.01,-1,-1,-0.01,-1,-1,-0.01,-1,-1,-0.01,-1,-1
99926009,2026-05-18 10:02:18+05:30,52845.55,0,0.0,0,0.0,0.0,53282.15,53308.4,52783.45,53710.35,0,0.0,0.0,0.0,0.0,-0.01,-1,-1,-0.01,-1,-1,-0.01,-1,-1,-0.01,-1,-1,-0.01,-1,-1,-0.01,-1,-1,-0.01,-1,-1,-0.01,-1,-1,-0.01,-1,-1,-0.01,-1,-1
99926009,2026-05-18 10:02:18+05:30,52847.05,0,0.0,0,0.0,0.0,53282.15,53308.4,52783.45,53710.35,0,0.0,0.0,0.0,0.0,-0.01,-1,-1,-0.01,-1,-1,-0.01,-1,-1,-0.01,-1,-1,-0.01,-1,-1,-0.01,-1,-1,-0.01,-1,-1,-0.01,-1,-1,-0.01,-1,-1,-0.01,-1,-1
99926009,2026-05-18 10:02:19+05:30,52846.75,0,0.0,0,0.0,0.0,53282.15,53308.4,52783.45,53710.35,0,0.0,0.0,0.0,0.0,-0.01,-1,-1,-0.01,-1,-1,-0.01,-1,-1,-0.01,-1,-1,-0.01,-1,-1,-0.01,-1,-1,-0.01,-1,-1,-0.01,-1,-1,-0.01,-1,-1,-0.01,-1,-1
99926009,2026-05-18 10:02:19+05:30,52843.9,0,0.0,0,0.0,0.0,53282.15,53308.4,52783.45,53710.35,0,0.0,0.0,0.0,0.0,-0.01,-1,-1,-0.01,-1,-1,-0.01,-1,-1,-0.01,-1,-1,-0.01,-1,-1,-0.01,-1,-1,-0.01,-1,-1,-0.01,-1,-1,-0.01,-1,-1,-0.01,-1,-1
99926009,2026-05-18 10:02:20+05:30,52845.55,0,0.0,0,0.0,0.0,53282.15,53308.4,52783.45,53710.35,0,0.0,0.0,0.0,0.0,-0.01,-1,-1,-0.01,-1,-1,-0.01,-1,-1,-0.01,-1,-1,-0.01,-1,-1,-0.01,-1,-1,-0.01,-1,-1,-0.01,-1,-1,-0.01,-1,-1,-0.01,-1,-1
99926009,2026-05-18 10:02:20+05:30,52842.8,0,0.0,0,0.0,0.0,53282.15,53308.4,52783.45,53710.35,0,0.0,0.0,0.0,0.0,-0.01,-1,-1,-0.01,-1,-1,-0.01,-1,-1,-0.01,-1,-1,-0.01,-1,-1,-0.01,-1,-1,-0.01,-1,-1,-0.01,-1,-1,-0.01,-1,-1,-0.01,-1,-1
99926009,2026-05-18 10:02:21+05:30,52840.75,0,0.0,0,0.0,0.0,53282.15,53308.4,52783.45,53710.35,0,0.0,0.0,0.0,0.0,-0.01,-1,-1,-0.01,-1,-1,-0.01,-1,-1,-0.01,-1,-1,-0.01,-1,-1,-0.01,-1,-1,-0.01,-1,-1,-0.01,-1,-1,-0.01,-1,-1,-0.01,-1,-1
99926009,2026-05-18 10:02:21+05:30,52841.0,0,0.0,0,0.0,0.0,53282.15,53308.4,52783.45,53710.35,0,0.0,0.0,0.0,0.0,-0.01,-1,-1,-0.01,-1,-1,-0.01,-1,-1,-0.01,-1,-1,-0.01,-1,-1,-0.01,-1,-1,-0.01,-1,-1,-0.01,-1,-1,-0.01,-1,-1,-0.01,-1,-1
99926009,2026-05-18 10:02:22+05:30,52843.1,0,0.0,0,0.0,0.0,53282.15,53308.4,52783.45,53710.35,0,0.0,0.0,0.0,0.0,-0.01,-1,-1,-0.01,-1,-1,-0.01,-1,-1,-0.01,-1,-1,-0.01,-1,-1,-0.01,-1,-1,-0.01,-1,-1,-0.01,-1,-1,-0.01,-1,-1,-0.01,-1,-1
99926009,2026-05-18 10:02:22+05:30,52844.25,0,0.0,0,0.0,0.0,53282.15,53308.4,52783.45,53710.35,0,0.0,0.0,0.0,0.0,-0.01,-1,-1,-0.01,-1,-1,-0.01,-1,-1,-0.01,-1,-1,-0.01,-1,-1,-0.01,-1,-1,-0.01,-1,-1,-0.01,-1,-1,-0.01,-1,-1,-0.01,-1,-1
99926009,2026-05-18 10:02:23+05:30,52841.95,0,0.0,0,0.0,0.0,53282.15,53308.4,52783.45,53710.35,0,0.0,0.0,0.0,0.0,-0.01,-1,-1,-0.01,-1,-1,-0.01,-1,-1,-0.01,-1,-1,-0.01,-1,-1,-0.01,-1,-1,-0.01,-1,-1,-0.01,-1,-1,-0.01,-1,-1,-0.01,-1,-1
99926009,2026-05-18 10:02:23+05:30,52844.2,0,0.0,0,0.0,0.0,53282.15,53308.4,52783.45,53710.35,0,0.0,0.0,0.0,0.0,-0.01,-1,-1,-0.01,-1,-1,-0.01,-1,-1,-0.01,-1,-1,-0.01,-1,-1,-0.01,-1,-1,-0.01,-1,-1,-0.01,-1,-1,-0.01,-1,-1,-0.01,-1,-1
99926009,2026-05-18 10:02:24+05:30,52843.7,0,0.0,0,0.0,0.0,53282.15,53308.4,52783.45,53710.35,0,0.0,0.0,0.0,0.0,-0.01,-1,-1,-0.01,-1,-1,-0.01,-1,-1,-0.01,-1,-1,-0.01,-1,-1,-0.01,-1,-1,-0.01,-1,-1,-0.01,-1,-1,-0.01,-1,-1,-0.01,-1,-1
99926009,2026-05-18 10:02:24+05:30,52848.45,0,0.0,0,0.0,0.0,53282.15,53308.4,52783.45,53710.35,0,0.0,0.0,0.0,0.0,-0.01,-1,-1,-0.01,-1,-1,-0.01,-1,-1,-0.01,-1,-1,-0.01,-1,-1,-0.01,-1,-1,-0.01,-1,-1,-0.01,-1,-1,-0.01,-1,-1,-0.01,-1,-1
99926009,2026-05-18 10:02:25+05:30,52849.65,0,0.0,0,0.0,0.0,53282.15,53308.4,52783.45,53710.35,0,0.0,0.0,0.0,0.0,-0.01,-1,-1,-0.01,-1,-1,-0.01,-1,-1,-0.01,-1,-1,-0.01,-1,-1,-0.01,-1,-1,-0.01,-1,-1,-0.01,-1,-1,-0.01,-1,-1,-0.01,-1,-1
99926009,2026-05-18 10:02:25+05:30,52850.0,0,0.0,0,0.0,0.0,53282.15,53308.4,52783.45,53710.35,0,0.0,0.0,0.0,0.0,-0.01,-1,-1,-0.01,-1,-1,-0.01,-1,-1,-0.01,-1,-1,-0.01,-1,-1,-0.01,-1,-1,-0.01,-1,-1,-0.01,-1,-1,-0.01,-1,-1,-0.01,-1,-1
99926009,2026-05-18 10:02:26+05:30,52849.2,0,0.0,0,0.0,0.0,53282.15,53308.4,52783.45,53710.35,0,0.0,0.0,0.0,0.0,-0.01,-1,-1,-0.01,-1,-1,-0.01,-1,-1,-0.01,-1,-1,-0.01,-1,-1,-0.01,-1,-1,-0.01,-1,-1,-0.01,-1,-1,-0.01,-1,-1,-0.01,-1,-1
99926009,2026-05-18 10:02:26+05:30,52849.6,0,0.0,0,0.0,0.0,53282.15,53308.4,52783.45,53710.35,0,0.0,0.0,0.0,0.0,-0.01,-1,-1,-0.01,-1,-1,-0.01,-1,-1,-0.01,-1,-1,-0.01,-1,-1,-0.01,-1,-1,-0.01,-1,-1,-0.01,-1,-1,-0.01,-1,-1,-0.01,-1,-1
99926009,2026-05-18 10:02:27+05:30,52849.1,0,0.0,0,0.0,0.0,53282.15,53308.4,52783.45,53710.35,0,0.0,0.0,0.0,0.0,-0.01,-1,-1,-0.01,-1,-1,-0.01,-1,-1,-0.01,-1,-1,-0.01,-1,-1,-0.01,-1,-1,-0.01,-1,-1,-0.01,-1,-1,-0.01,-1,-1,-0.01,-1,-1
99926009,2026-05-18 10:02:27+05:30,52851.55,0,0.0,0,0.0,0.0,53282.15,53308.4,52783.45,53710.35,0,0.0,0.0,0.0,0.0,-0.01,-1,-1,-0.01,-1,-1,-0.01,-1,-1,-0.01,-1,-1,-0.01,-1,-1,-0.01,-1,-1,-0.01,-1,-1,-0.01,-1,-1,-0.01,-1,-1,-0.01,-1,-1
99926009,2026-05-18 10:02:28+05:30,52850.9,0,0.0,0,0.0,0.0,53282.15,53308.4,52783.45,53710.35,0,0.0,0.0,0.0,0.0,-0.01,-1,-1,-0.01,-1,-1,-0.01,-1,-1,-0.01,-1,-1,-0.01,-1,-1,-0.01,-1,-1,-0.01,-1,-1,-0.01,-1,-1,-0.01,-1,-1,-0.01,-1,-1
99926009,2026-05-18 10:02:28+05:30,52849.4,0,0.0,0,0.0,0.0,53282.15,53308.4,52783.45,53710.35,0,0.0,0.0,0.0,0.0,-0.01,-1,-1,-0.01,-1,-1,-0.01,-1,-1,-0.01,-1,-1,-0.01,-1,-1,-0.01,-1,-1,-0.01,-1,-1,-0.01,-1,-1,-0.01,-1,-1,-0.01,-1,-1
99926009,2026-05-18 10:02:29+05:30,52852.1,0,0.0,0,0.0,0.0,53282.15,53308.4,52783.45,53710.35,0,0.0,0.0,0.0,0.0,-0.01,-1,-1,-0.01,-1,-1,-0.01,-1,-1,-0.01,-1,-1,-0.01,-1,-1,-0.01,-1,-1,-0.01,-1,-1,-0.01,-1,-1,-0.01,-1,-1,-0.01,-1,-1
99926009,2026-05-18 10:02:29+05:30,52854.35,0,0.0,0,0.0,0.0,53282.15,53308.4,52783.45,53710.35,0,0.0,0.0,0.0,0.0,-0.01,-1,-1,-0.01,-1,-1,-0.01,-1,-1,-0.01,-1,-1,-0.01,-1,-1,-0.01,-1,-1,-0.01,-1,-1,-0.01,-1,-1,-0.01,-1,-1,-0.01,-1,-1
99926009,2026-05-18 10:02:30+05:30,52853.8,0,0.0,0,0.0,0.0,53282.15,53308.4,52783.45,53710.35,0,0.0,0.0,0.0,0.0,-0.01,-1,-1,-0.01,-1,-1,-0.01,-1,-1,-0.01,-1,-1,-0.01,-1,-1,-0.01,-1,-1,-0.01,-1,-1,-0.01,-1,-1,-0.01,-1,-1,-0.01,-1,-1
99926009,2026-05-18 10:02:30+05:30,52852.3,0,0.0,0,0.0,0.0,53282.15,53308.4,52783.45,53710.35,0,0.0,0.0,0.0,0.0,-0.01,-1,-1,-0.01,-1,-1,-0.01,-1,-1,-0.01,-1,-1,-0.01,-1,-1,-0.01,-1,-1,-0.01,-1,-1,-0.01,-1,-1,-0.01,-1,-1,-0.01,-1,-1
99926009,2026-05-18 10:02:31+05:30,52853.9,0,0.0,0,0.0,0.0,53282.15,53308.4,52783.45,53710.35,0,0.0,0.0,0.0,0.0,-0.01,-1,-1,-0.01,-1,-1,-0.01,-1,-1,-0.01,-1,-1,-0.01,-1,-1,-0.01,-1,-1,-0.01,-1,-1,-0.01,-1,-1,-0.01,-1,-1,-0.01,-1,-1
99926009,2026-05-18 10:02:31+05:30,52854.75,0,0.0,0,0.0,0.0,53282.15,53308.4,52783.45,53710.35,0,0.0,0.0,0.0,0.0,-0.01,-1,-1,-0.01,-1,-1,-0.01,-1,-1,-0.01,-1,-1,-0.01,-1,-1,-0.01,-1,-1,-0.01,-1,-1,-0.01,-1,-1,-0.01,-1,-1,-0.01,-1,-1
99926009,2026-05-18 10:02:32+05:30,52850.2,0,0.0,0,0.0,0.0,53282.15,53308.4,52783.45,53710.35,0,0.0,0.0,0.0,0.0,-0.01,-1,-1,-0.01,-1,-1,-0.01,-1,-1,-0.01,-1,-1,-0.01,-1,-1,-0.01,-1,-1,-0.01,-1,-1,-0.01,-1,-1,-0.01,-1,-1,-0.01,-1,-1
99926009,2026-05-18 10:02:32+05:30,52853.25,0,0.0,0,0.0,0.0,53282.15,53308.4,52783.45,53710.35,0,0.0,0.0,0.0,0.0,-0.01,-1,-1,-0.01,-1,-1,-0.01,-1,-1,-0.01,-1,-1,-0.01,-1,-1,-0.01,-1,-1,-0.01,-1,-1,-0.01,-1,-1,-0.01,-1,-1,-0.01,-1,-1
99926009,2026-05-18 10:02:33+05:30,52850.7,0,0.0,0,0.0,0.0,53282.15,53308.4,52783.45,53710.35,0,0.0,0.0,0.0,0.0,-0.01,-1,-1,-0.01,-1,-1,-0.01,-1,-1,-0.01,-1,-1,-0.01,-1,-1,-0.01,-1,-1,-0.01,-1,-1,-0.01,-1,-1,-0.01,-1,-1,-0.01,-1,-1
99926009,2026-05-18 10:02:33+05:30,52849.0,0,0.0,0,0.0,0.0,53282.15,53308.4,52783.45,53710.35,0,0.0,0.0,0.0,0.0,-0.01,-1,-1,-0.01,-1,-1,-0.01,-1,-1,-0.01,-1,-1,-0.01,-1,-1,-0.01,-1,-1,-0.01,-1,-1,-0.01,-1,-1,-0.01,-1,-1,-0.01,-1,-1
99926009,2026-05-18 10:02:34+05:30,52851.9,0,0.0,0,0.0,0.0,53282.15,53308.4,52783.45,53710.35,0,0.0,0.0,0.0,0.0,-0.01,-1,-1,-0.01,-1,-1,-0.01,-1,-1,-0.01,-1,-1,-0.01,-1,-1,-0.01,-1,-1,-0.01,-1,-1,-0.01,-1,-1,-0.01,-1,-1,-0.01,-1,-1
99926009,2026-05-18 10:02:34+05:30,52844.4,0,0.0,0,0.0,0.0,53282.15,53308.4,52783.45,53710.35,0,0.0,0.0,0.0,0.0,-0.01,-1,-1,-0.01,-1,-1,-0.01,-1,-1,-0.01,-1,-1,-0.01,-1,-1,-0.01,-1,-1,-0.01,-1,-1,-0.01,-1,-1,-0.01,-1,-1,-0.01,-1,-1
99926009,2026-05-18 10:02:35+05:30,52843.65,0,0.0,0,0.0,0.0,53282.15,53308.4,52783.45,53710.35,0,0.0,0.0,0.0,0.0,-0.01,-1,-1,-0.01,-1,-1,-0.01,-1,-1,-0.01,-1,-1,-0.01,-1,-1,-0.01,-1,-1,-0.01,-1,-1,-0.01,-1,-1,-0.01,-1,-1,-0.01,-1,-1
99926009,2026-05-18 10:02:35+05:30,52848.05,0,0.0,0,0.0,0.0,53282.15,53308.4,52783.45,53710.35,0,0.0,0.0,0.0,0.0,-0.01,-1,-1,-0.01,-1,-1,-0.01,-1,-1,-0.01,-1,-1,-0.01,-1,-1,-0.01,-1,-1,-0.01,-1,-1,-0.01,-1,-1,-0.01,-1,-1,-0.01,-1,-1
99926009,2026-05-18 10:02:36+05:30,52847.4,0,0.0,0,0.0,0.0,53282.15,53308.4,52783.45,53710.35,0,0.0,0.0,0.0,0.0,-0.01,-1,-1,-0.01,-1,-1,-0.01,-1,-1,-0.01,-1,-1,-0.01,-1,-1,-0.01,-1,-1,-0.01,-1,-1,-0.01,-1,-1,-0.01,-1,-1,-0.01,-1,-1
99926009,2026-05-18 10:02:36+05:30,52845.6,0,0.0,0,0.0,0.0,53282.15,53308.4,52783.45,53710.35,0,0.0,0.0,0.0,0.0,-0.01,-1,-1,-0.01,-1,-1,-0.01,-1,-1,-0.01,-1,-1,-0.01,-1,-1,-0.01,-1,-1,-0.01,-1,-1,-0.01,-1,-1,-0.01,-1,-1,-0.01,-1,-1
99926009,2026-05-18 10:02:37+05:30,52845.4,0,0.0,0,0.0,0.0,53282.15,53308.4,52783.45,53710.35,0,0.0,0.0,0.0,0.0,-0.01,-1,-1,-0.01,-1,-1,-0.01,-1,-1,-0.01,-1,-1,-0.01,-1,-1,-0.01,-1,-1,-0.01,-1,-1,-0.01,-1,-1,-0.01,-1,-1,-0.01,-1,-1
99926009,2026-05-18 10:02:37+05:30,52846.55,0,0.0,0,0.0,0.0,53282.15,53308.4,52783.45,53710.35,0,0.0,0.0,0.0,0.0,-0.01,-1,-1,-0.01,-1,-1,-0.01,-1,-1,-0.01,-1,-1,-0.01,-1,-1,-0.01,-1,-1,-0.01,-1,-1,-0.01,-1,-1,-0.01,-1,-1,-0.01,-1,-1
99926009,2026-05-18 10:02:38+05:30,52846.3,0,0.0,0,0.0,0.0,53282.15,53308.4,52783.45,53710.35,0,0.0,0.0,0.0,0.0,-0.01,-1,-1,-0.01,-1,-1,-0.01,-1,-1,-0.01,-1,-1,-0.01,-1,-1,-0.01,-1,-1,-0.01,-1,-1,-0.01,-1,-1,-0.01,-1,-1,-0.01,-1,-1
99926009,2026-05-18 10:02:38+05:30,52845.55,0,0.0,0,0.0,0.0,53282.15,53308.4,52783.45,53710.35,0,0.0,0.0,0.0,0.0,-0.01,-1,-1,-0.01,-1,-1,-0.01,-1,-1,-0.01,-1,-1,-0.01,-1,-1,-0.01,-1,-1,-0.01,-1,-1,-0.01,-1,-1,-0.01,-1,-1,-0.01,-1,-1
99926009,2026-05-18 10:02:39+05:30,52845.65,0,0.0,0,0.0,0.0,53282.15,53308.4,52783.45,53710.35,0,0.0,0.0,0.0,0.0,-0.01,-1,-1,-0.01,-1,-1,-0.01,-1,-1,-0.01,-1,-1,-0.01,-1,-1,-0.01,-1,-1,-0.01,-1,-1,-0.01,-1,-1,-0.01,-1,-1,-0.01,-1,-1
99926009,2026-05-18 10:02:39+05:30,52851.05,0,0.0,0,0.0,0.0,53282.15,53308.4,52783.45,53710.35,0,0.0,0.0,0.0,0.0,-0.01,-1,-1,-0.01,-1,-1,-0.01,-1,-1,-0.01,-1,-1,-0.01,-1,-1,-0.01,-1,-1,-0.01,-1,-1,-0.01,-1,-1,-0.01,-1,-1,-0.01,-1,-1
99926009,2026-05-18 10:02:40+05:30,52849.35,0,0.0,0,0.0,0.0,53282.15,53308.4,52783.45,53710.35,0,0.0,0.0,0.0,0.0,-0.01,-1,-1,-0.01,-1,-1,-0.01,-1,-1,-0.01,-1,-1,-0.01,-1,-1,-0.01,-1,-1,-0.01,-1,-1,-0.01,-1,-1,-0.01,-1,-1,-0.01,-1,-1
99926009,2026-05-18 10:02:40+05:30,52850.85,0,0.0,0,0.0,0.0,53282.15,53308.4,52783.45,53710.35,0,0.0,0.0,0.0,0.0,-0.01,-1,-1,-0.01,-1,-1,-0.01,-1,-1,-0.01,-1,-1,-0.01,-1,-1,-0.01,-1,-1,-0.01,-1,-1,-0.01,-1,-1,-0.01,-1,-1,-0.01,-1,-1
99926009,2026-05-18 10:02:41+05:30,52849.2,0,0.0,0,0.0,0.0,53282.15,53308.4,52783.45,53710.35,0,0.0,0.0,0.0,0.0,-0.01,-1,-1,-0.01,-1,-1,-0.01,-1,-1,-0.01,-1,-1,-0.01,-1,-1,-0.01,-1,-1,-0.01,-1,-1,-0.01,-1,-1,-0.01,-1,-1,-0.01,-1,-1
99926009,2026-05-18 10:02:41+05:30,52847.95,0,0.0,0,0.0,0.0,53282.15,53308.4,52783.45,53710.35,0,0.0,0.0,0.0,0.0,-0.01,-1,-1,-0.01,-1,-1,-0.01,-1,-1,-0.01,-1,-1,-0.01,-1,-1,-0.01,-1,-1,-0.01,-1,-1,-0.01,-1,-1,-0.01,-1,-1,-0.01,-1,-1
99926009,2026-05-18 10:02:42+05:30,52847.2,0,0.0,0,0.0,0.0,53282.15,53308.4,52783.45,53710.35,0,0.0,0.0,0.0,0.0,-0.01,-1,-1,-0.01,-1,-1,-0.01,-1,-1,-0.01,-1,-1,-0.01,-1,-1,-0.01,-1,-1,-0.01,-1,-1,-0.01,-1,-1,-0.01,-1,-1,-0.01,-1,-1
99926009,2026-05-18 10:02:42+05:30,52846.35,0,0.0,0,0.0,0.0,53282.15,53308.4,52783.45,53710.35,0,0.0,0.0,0.0,0.0,-0.01,-1,-1,-0.01,-1,-1,-0.01,-1,-1,-0.01,-1,-1,-0.01,-1,-1,-0.01,-1,-1,-0.01,-1,-1,-0.01,-1,-1,-0.01,-1,-1,-0.01,-1,-1
99926009,2026-05-18 10:02:43+05:30,52847.3,0,0.0,0,0.0,0.0,53282.15,53308.4,52783.45,53710.35,0,0.0,0.0,0.0,0.0,-0.01,-1,-1,-0.01,-1,-1,-0.01,-1,-1,-0.01,-1,-1,-0.01,-1,-1,-0.01,-1,-1,-0.01,-1,-1,-0.01,-1,-1,-0.01,-1,-1,-0.01,-1,-1
99926009,2026-05-18 10:02:43+05:30,52847.45,0,0.0,0,0.0,0.0,53282.15,53308.4,52783.45,53710.35,0,0.0,0.0,0.0,0.0,-0.01,-1,-1,-0.01,-1,-1,-0.01,-1,-1,-0.01,-1,-1,-0.01,-1,-1,-0.01,-1,-1,-0.01,-1,-1,-0.01,-1,-1,-0.01,-1,-1,-0.01,-1,-1
99926009,2026-05-18 10:02:44+05:30,52848.1,0,0.0,0,0.0,0.0,53282.15,53308.4,52783.45,53710.35,0,0.0,0.0,0.0,0.0,-0.01,-1,-1,-0.01,-1,-1,-0.01,-1,-1,-0.01,-1,-1,-0.01,-1,-1,-0.01,-1,-1,-0.01,-1,-1,-0.01,-1,-1,-0.01,-1,-1,-0.01,-1,-1
99926009,2026-05-18 10:02:44+05:30,52847.4,0,0.0,0,0.0,0.0,53282.15,53308.4,52783.45,53710.35,0,0.0,0.0,0.0,0.0,-0.01,-1,-1,-0.01,-1,-1,-0.01,-1,-1,-0.01,-1,-1,-0.01,-1,-1,-0.01,-1,-1,-0.01,-1,-1,-0.01,-1,-1,-0.01,-1,-1,-0.01,-1,-1
99926009,2026-05-18 10:02:45+05:30,52845.7,0,0.0,0,0.0,0.0,53282.15,53308.4,52783.45,53710.35,0,0.0,0.0,0.0,0.0,-0.01,-1,-1,-0.01,-1,-1,-0.01,-1,-1,-0.01,-1,-1,-0.01,-1,-1,-0.01,-1,-1,-0.01,-1,-1,-0.01,-1,-1,-0.01,-1,-1,-0.01,-1,-1
99926009,2026-05-18 10:02:45+05:30,52847.7,0,0.0,0,0.0,0.0,53282.15,53308.4,52783.45,53710.35,0,0.0,0.0,0.0,0.0,-0.01,-1,-1,-0.01,-1,-1,-0.01,-1,-1,-0.01,-1,-1,-0.01,-1,-1,-0.01,-1,-1,-0.01,-1,-1,-0.01,-1,-1,-0.01,-1,-1,-0.01,-1,-1
99926009,2026-05-18 10:02:46+05:30,52849.85,0,0.0,0,0.0,0.0,53282.15,53308.4,52783.45,53710.35,0,0.0,0.0,0.0,0.0,-0.01,-1,-1,-0.01,-1,-1,-0.01,-1,-1,-0.01,-1,-1,-0.01,-1,-1,-0.01,-1,-1,-0.01,-1,-1,-0.01,-1,-1,-0.01,-1,-1,-0.01,-1,-1
99926009,2026-05-18 10:02:46+05:30,52850.55,0,0.0,0,0.0,0.0,53282.15,53308.4,52783.45,53710.35,0,0.0,0.0,0.0,0.0,-0.01,-1,-1,-0.01,-1,-1,-0.01,-1,-1,-0.01,-1,-1,-0.01,-1,-1,-0.01,-1,-1,-0.01,-1,-1,-0.01,-1,-1,-0.01,-1,-1,-0.01,-1,-1
99926009,2026-05-18 10:02:47+05:30,52850.4,0,0.0,0,0.0,0.0,53282.15,53308.4,52783.45,53710.35,0,0.0,0.0,0.0,0.0,-0.01,-1,-1,-0.01,-1,-1,-0.01,-1,-1,-0.01,-1,-1,-0.01,-1,-1,-0.01,-1,-1,-0.01,-1,-1,-0.01,-1,-1,-0.01,-1,-1,-0.01,-1,-1
99926009,2026-05-18 10:02:47+05:30,52851.25,0,0.0,0,0.0,0.0,53282.15,53308.4,52783.45,53710.35,0,0.0,0.0,0.0,0.0,-0.01,-1,-1,-0.01,-1,-1,-0.01,-1,-1,-0.01,-1,-1,-0.01,-1,-1,-0.01,-1,-1,-0.01,-1,-1,-0.01,-1,-1,-0.01,-1,-1,-0.01,-1,-1
99926009,2026-05-18 10:02:48+05:30,52850.95,0,0.0,0,0.0,0.0,53282.15,53308.4,52783.45,53710.35,0,0.0,0.0,0.0,0.0,-0.01,-1,-1,-0.01,-1,-1,-0.01,-1,-1,-0.01,-1,-1,-0.01,-1,-1,-0.01,-1,-1,-0.01,-1,-1,-0.01,-1,-1,-0.01,-1,-1,-0.01,-1,-1
99926009,2026-05-18 10:02:48+05:30,52850.3,0,0.0,0,0.0,0.0,53282.15,53308.4,52783.45,53710.35,0,0.0,0.0,0.0,0.0,-0.01,-1,-1,-0.01,-1,-1,-0.01,-1,-1,-0.01,-1,-1,-0.01,-1,-1,-0.01,-1,-1,-0.01,-1,-1,-0.01,-1,-1,-0.01,-1,-1,-0.01,-1,-1
99926009,2026-05-18 10:02:49+05:30,52854.3,0,0.0,0,0.0,0.0,53282.15,53308.4,52783.45,53710.35,0,0.0,0.0,0.0,0.0,-0.01,-1,-1,-0.01,-1,-1,-0.01,-1,-1,-0.01,-1,-1,-0.01,-1,-1,-0.01,-1,-1,-0.01,-1,-1,-0.01,-1,-1,-0.01,-1,-1,-0.01,-1,-1
99926009,2026-05-18 10:02:49+05:30,52856.35,0,0.0,0,0.0,0.0,53282.15,53308.4,52783.45,53710.35,0,0.0,0.0,0.0,0.0,-0.01,-1,-1,-0.01,-1,-1,-0.01,-1,-1,-0.01,-1,-1,-0.01,-1,-1,-0.01,-1,-1,-0.01,-1,-1,-0.01,-1,-1,-0.01,-1,-1,-0.01,-1,-1
99926009,2026-05-18 10:02:50+05:30,52857.1,0,0.0,0,0.0,0.0,53282.15,53308.4,52783.45,53710.35,0,0.0,0.0,0.0,0.0,-0.01,-1,-1,-0.01,-1,-1,-0.01,-1,-1,-0.01,-1,-1,-0.01,-1,-1,-0.01,-1,-1,-0.01,-1,-1,-0.01,-1,-1,-0.01,-1,-1,-0.01,-1,-1
99926009,2026-05-18 10:02:50+05:30,52860.6,0,0.0,0,0.0,0.0,53282.15,53308.4,52783.45,53710.35,0,0.0,0.0,0.0,0.0,-0.01,-1,-1,-0.01,-1,-1,-0.01,-1,-1,-0.01,-1,-1,-0.01,-1,-1,-0.01,-1,-1,-0.01,-1,-1,-0.01,-1,-1,-0.01,-1,-1,-0.01,-1,-1
99926009,2026-05-18 10:02:51+05:30,52863.55,0,0.0,0,0.0,0.0,53282.15,53308.4,52783.45,53710.35,0,0.0,0.0,0.0,0.0,-0.01,-1,-1,-0.01,-1,-1,-0.01,-1,-1,-0.01,-1,-1,-0.01,-1,-1,-0.01,-1,-1,-0.01,-1,-1,-0.01,-1,-1,-0.01,-1,-1,-0.01,-1,-1
99926009,2026-05-18 10:02:51+05:30,52864.55,0,0.0,0,0.0,0.0,53282.15,53308.4,52783.45,53710.35,0,0.0,0.0,0.0,0.0,-0.01,-1,-1,-0.01,-1,-1,-0.01,-1,-1,-0.01,-1,-1,-0.01,-1,-1,-0.01,-1,-1,-0.01,-1,-1,-0.01,-1,-1,-0.01,-1,-1,-0.01,-1,-1
99926009,2026-05-18 10:02:52+05:30,52868.15,0,0.0,0,0.0,0.0,53282.15,53308.4,52783.45,53710.35,0,0.0,0.0,0.0,0.0,-0.01,-1,-1,-0.01,-1,-1,-0.01,-1,-1,-0.01,-1,-1,-0.01,-1,-1,-0.01,-1,-1,-0.01,-1,-1,-0.01,-1,-1,-0.01,-1,-1,-0.01,-1,-1
99926009,2026-05-18 10:02:52+05:30,52870.05,0,0.0,0,0.0,0.0,53282.15,53308.4,52783.45,53710.35,0,0.0,0.0,0.0,0.0,-0.01,-1,-1,-0.01,-1,-1,-0.01,-1,-1,-0.01,-1,-1,-0.01,-1,-1,-0.01,-1,-1,-0.01,-1,-1,-0.01,-1,-1,-0.01,-1,-1,-0.01,-1,-1
99926009,2026-05-18 10:02:53+05:30,52870.4,0,0.0,0,0.0,0.0,53282.15,53308.4,52783.45,53710.35,0,0.0,0.0,0.0,0.0,-0.01,-1,-1,-0.01,-1,-1,-0.01,-1,-1,-0.01,-1,-1,-0.01,-1,-1,-0.01,-1,-1,-0.01,-1,-1,-0.01,-1,-1,-0.01,-1,-1,-0.01,-1,-1
99926009,2026-05-18 10:02:53+05:30,52877.3,0,0.0,0,0.0,0.0,53282.15,53308.4,52783.45,53710.35,0,0.0,0.0,0.0,0.0,-0.01,-1,-1,-0.01,-1,-1,-0.01,-1,-1,-0.01,-1,-1,-0.01,-1,-1,-0.01,-1,-1,-0.01,-1,-1,-0.01,-1,-1,-0.01,-1,-1,-0.01,-1,-1
99926009,2026-05-18 10:02:54+05:30,52874.55,0,0.0,0,0.0,0.0,53282.15,53308.4,52783.45,53710.35,0,0.0,0.0,0.0,0.0,-0.01,-1,-1,-0.01,-1,-1,-0.01,-1,-1,-0.01,-1,-1,-0.01,-1,-1,-0.01,-1,-1,-0.01,-1,-1,-0.01,-1,-1,-0.01,-1,-1,-0.01,-1,-1
99926009,2026-05-18 10:02:54+05:30,52874.45,0,0.0,0,0.0,0.0,53282.15,53308.4,52783.45,53710.35,0,0.0,0.0,0.0,0.0,-0.01,-1,-1,-0.01,-1,-1,-0.01,-1,-1,-0.01,-1,-1,-0.01,-1,-1,-0.01,-1,-1,-0.01,-1,-1,-0.01,-1,-1,-0.01,-1,-1,-0.01,-1,-1
99926009,2026-05-18 10:02:55+05:30,52872.7,0,0.0,0,0.0,0.0,53282.15,53308.4,52783.45,53710.35,0,0.0,0.0,0.0,0.0,-0.01,-1,-1,-0.01,-1,-1,-0.01,-1,-1,-0.01,-1,-1,-0.01,-1,-1,-0.01,-1,-1,-0.01,-1,-1,-0.01,-1,-1,-0.01,-1,-1,-0.01,-1,-1
99926009,2026-05-18 10:02:55+05:30,52873.0,0,0.0,0,0.0,0.0,53282.15,53308.4,52783.45,53710.35,0,0.0,0.0,0.0,0.0,-0.01,-1,-1,-0.01,-1,-1,-0.01,-1,-1,-0.01,-1,-1,-0.01,-1,-1,-0.01,-1,-1,-0.01,-1,-1,-0.01,-1,-1,-0.01,-1,-1,-0.01,-1,-1
99926009,2026-05-18 10:02:56+05:30,52871.95,0,0.0,0,0.0,0.0,53282.15,53308.4,52783.45,53710.35,0,0.0,0.0,0.0,0.0,-0.01,-1,-1,-0.01,-1,-1,-0.01,-1,-1,-0.01,-1,-1,-0.01,-1,-1,-0.01,-1,-1,-0.01,-1,-1,-0.01,-1,-1,-0.01,-1,-1,-0.01,-1,-1
99926009,2026-05-18 10:02:56+05:30,52875.1,0,0.0,0,0.0,0.0,53282.15,53308.4,52783.45,53710.35,0,0.0,0.0,0.0,0.0,-0.01,-1,-1,-0.01,-1,-1,-0.01,-1,-1,-0.01,-1,-1,-0.01,-1,-1,-0.01,-1,-1,-0.01,-1,-1,-0.01,-1,-1,-0.01,-1,-1,-0.01,-1,-1
99926009,2026-05-18 10:02:57+05:30,52875.6,0,0.0,0,0.0,0.0,53282.15,53308.4,52783.45,53710.35,0,0.0,0.0,0.0,0.0,-0.01,-1,-1,-0.01,-1,-1,-0.01,-1,-1,-0.01,-1,-1,-0.01,-1,-1,-0.01,-1,-1,-0.01,-1,-1,-0.01,-1,-1,-0.01,-1,-1,-0.01,-1,-1
99926009,2026-05-18 10:02:57+05:30,52874.9,0,0.0,0,0.0,0.0,53282.15,53308.4,52783.45,53710.35,0,0.0,0.0,0.0,0.0,-0.01,-1,-1,-0.01,-1,-1,-0.01,-1,-1,-0.01,-1,-1,-0.01,-1,-1,-0.01,-1,-1,-0.01,-1,-1,-0.01,-1,-1,-0.01,-1,-1,-0.01,-1,-1
99926009,2026-05-18 10:02:58+05:30,52879.95,0,0.0,0,0.0,0.0,53282.15,53308.4,52783.45,53710.35,0,0.0,0.0,0.0,0.0,-0.01,-1,-1,-0.01,-1,-1,-0.01,-1,-1,-0.01,-1,-1,-0.01,-1,-1,-0.01,-1,-1,-0.01,-1,-1,-0.01,-1,-1,-0.01,-1,-1,-0.01,-1,-1
99926009,2026-05-18 10:02:58+05:30,52880.45,0,0.0,0,0.0,0.0,53282.15,53308.4,52783.45,53710.35,0,0.0,0.0,0.0,0.0,-0.01,-1,-1,-0.01,-1,-1,-0.01,-1,-1,-0.01,-1,-1,-0.01,-1,-1,-0.01,-1,-1,-0.01,-1,-1,-0.01,-1,-1,-0.01,-1,-1,-0.01,-1,-1
99926009,2026-05-18 10:02:59+05:30,52879.75,0,0.0,0,0.0,0.0,53282.15,53308.4,52783.45,53710.35,0,0.0,0.0,0.0,0.0,-0.01,-1,-1,-0.01,-1,-1,-0.01,-1,-1,-0.01,-1,-1,-0.01,-1,-1,-0.01,-1,-1,-0.01,-1,-1,-0.01,-1,-1,-0.01,-1,-1,-0.01,-1,-1
99926009,2026-05-18 10:02:59+05:30,52881.4,0,0.0,0,0.0,0.0,53282.15,53308.4,52783.45,53710.35,0,0.0,0.0,0.0,0.0,-0.01,-1,-1,-0.01,-1,-1,-0.01,-1,-1,-0.01,-1,-1,-0.01,-1,-1,-0.01,-1,-1,-0.01,-1,-1,-0.01,-1,-1,-0.01,-1,-1,-0.01,-1,-1
99926009,2026-05-18 10:03:00+05:30,52880.9,0,0.0,0,0.0,0.0,53282.15,53308.4,52783.45,53710.35,0,0.0,0.0,0.0,0.0,-0.01,-1,-1,-0.01,-1,-1,-0.01,-1,-1,-0.01,-1,-1,-0.01,-1,-1,-0.01,-1,-1,-0.01,-1,-1,-0.01,-1,-1,-0.01,-1,-1,-0.01,-1,-1
99926009,2026-05-18 10:03:00+05:30,52887.35,0,0.0,0,0.0,0.0,53282.15,53308.4,52783.45,53710.35,0,0.0,0.0,0.0,0.0,-0.01,-1,-1,-0.01,-1,-1,-0.01,-1,-1,-0.01,-1,-1,-0.01,-1,-1,-0.01,-1,-1,-0.01,-1,-1,-0.01,-1,-1,-0.01,-1,-1,-0.01,-1,-1
99926009,2026-05-18 10:03:01+05:30,52888.25,0,0.0,0,0.0,0.0,53282.15,53308.4,52783.45,53710.35,0,0.0,0.0,0.0,0.0,-0.01,-1,-1,-0.01,-1,-1,-0.01,-1,-1,-0.01,-1,-1,-0.01,-1,-1,-0.01,-1,-1,-0.01,-1,-1,-0.01,-1,-1,-0.01,-1,-1,-0.01,-1,-1
99926009,2026-05-18 10:03:01+05:30,52887.25,0,0.0,0,0.0,0.0,53282.15,53308.4,52783.45,53710.35,0,0.0,0.0,0.0,0.0,-0.01,-1,-1,-0.01,-1,-1,-0.01,-1,-1,-0.01,-1,-1,-0.01,-1,-1,-0.01,-1,-1,-0.01,-1,-1,-0.01,-1,-1,-0.01,-1,-1,-0.01,-1,-1
99926009,2026-05-18 10:03:02+05:30,52887.6,0,0.0,0,0.0,0.0,53282.15,53308.4,52783.45,53710.35,0,0.0,0.0,0.0,0.0,-0.01,-1,-1,-0.01,-1,-1,-0.01,-1,-1,-0.01,-1,-1,-0.01,-1,-1,-0.01,-1,-1,-0.01,-1,-1,-0.01,-1,-1,-0.01,-1,-1,-0.01,-1,-1
99926009,2026-05-18 10:03:02+05:30,52884.65,0,0.0,0,0.0,0.0,53282.15,53308.4,52783.45,53710.35,0,0.0,0.0,0.0,0.0,-0.01,-1,-1,-0.01,-1,-1,-0.01,-1,-1,-0.01,-1,-1,-0.01,-1,-1,-0.01,-1,-1,-0.01,-1,-1,-0.01,-1,-1,-0.01,-1,-1,-0.01,-1,-1
99926009,2026-05-18 10:03:03+05:30,52885.85,0,0.0,0,0.0,0.0,53282.15,53308.4,52783.45,53710.35,0,0.0,0.0,0.0,0.0,-0.01,-1,-1,-0.01,-1,-1,-0.01,-1,-1,-0.01,-1,-1,-0.01,-1,-1,-0.01,-1,-1,-0.01,-1,-1,-0.01,-1,-1,-0.01,-1,-1,-0.01,-1,-1
99926009,2026-05-18 10:03:03+05:30,52887.5,0,0.0,0,0.0,0.0,53282.15,53308.4,52783.45,53710.35,0,0.0,0.0,0.0,0.0,-0.01,-1,-1,-0.01,-1,-1,-0.01,-1,-1,-0.01,-1,-1,-0.01,-1,-1,-0.01,-1,-1,-0.01,-1,-1,-0.01,-1,-1,-0.01,-1,-1,-0.01,-1,-1
99926009,2026-05-18 10:03:04+05:30,52887.6,0,0.0,0,0.0,0.0,53282.15,53308.4,52783.45,53710.35,0,0.0,0.0,0.0,0.0,-0.01,-1,-1,-0.01,-1,-1,-0.01,-1,-1,-0.01,-1,-1,-0.01,-1,-1,-0.01,-1,-1,-0.01,-1,-1,-0.01,-1,-1,-0.01,-1,-1,-0.01,-1,-1
99926009,2026-05-18 10:03:04+05:30,52885.05,0,0.0,0,0.0,0.0,53282.15,53308.4,52783.45,53710.35,0,0.0,0.0,0.0,0.0,-0.01,-1,-1,-0.01,-1,-1,-0.01,-1,-1,-0.01,-1,-1,-0.01,-1,-1,-0.01,-1,-1,-0.01,-1,-1,-0.01,-1,-1,-0.01,-1,-1,-0.01,-1,-1
99926009,2026-05-18 10:03:05+05:30,52886.0,0,0.0,0,0.0,0.0,53282.15,53308.4,52783.45,53710.35,0,0.0,0.0,0.0,0.0,-0.01,-1,-1,-0.01,-1,-1,-0.01,-1,-1,-0.01,-1,-1,-0.01,-1,-1,-0.01,-1,-1,-0.01,-1,-1,-0.01,-1,-1,-0.01,-1,-1,-0.01,-1,-1
99926009,2026-05-18 10:03:05+05:30,52884.4,0,0.0,0,0.0,0.0,53282.15,53308.4,52783.45,53710.35,0,0.0,0.0,0.0,0.0,-0.01,-1,-1,-0.01,-1,-1,-0.01,-1,-1,-0.01,-1,-1,-0.01,-1,-1,-0.01,-1,-1,-0.01,-1,-1,-0.01,-1,-1,-0.01,-1,-1,-0.01,-1,-1
99926009,2026-05-18 10:03:06+05:30,52879.5,0,0.0,0,0.0,0.0,53282.15,53308.4,52783.45,53710.35,0,0.0,0.0,0.0,0.0,-0.01,-1,-1,-0.01,-1,-1,-0.01,-1,-1,-0.01,-1,-1,-0.01,-1,-1,-0.01,-1,-1,-0.01,-1,-1,-0.01,-1,-1,-0.01,-1,-1,-0.01,-1,-1
99926009,2026-05-18 10:03:06+05:30,52874.65,0,0.0,0,0.0,0.0,53282.15,53308.4,52783.45,53710.35,0,0.0,0.0,0.0,0.0,-0.01,-1,-1,-0.01,-1,-1,-0.01,-1,-1,-0.01,-1,-1,-0.01,-1,-1,-0.01,-1,-1,-0.01,-1,-1,-0.01,-1,-1,-0.01,-1,-1,-0.01,-1,-1
99926009,2026-05-18 10:03:07+05:30,52873.1,0,0.0,0,0.0,0.0,53282.15,53308.4,52783.45,53710.35,0,0.0,0.0,0.0,0.0,-0.01,-1,-1,-0.01,-1,-1,-0.01,-1,-1,-0.01,-1,-1,-0.01,-1,-1,-0.01,-1,-1,-0.01,-1,-1,-0.01,-1,-1,-0.01,-1,-1,-0.01,-1,-1
99926009,2026-05-18 10:03:07+05:30,52872.3,0,0.0,0,0.0,0.0,53282.15,53308.4,52783.45,53710.35,0,0.0,0.0,0.0,0.0,-0.01,-1,-1,-0.01,-1,-1,-0.01,-1,-1,-0.01,-1,-1,-0.01,-1,-1,-0.01,-1,-1,-0.01,-1,-1,-0.01,-1,-1,-0.01,-1,-1,-0.01,-1,-1
99926009,2026-05-18 10:03:08+05:30,52867.7,0,0.0,0,0.0,0.0,53282.15,53308.4,52783.45,53710.35,0,0.0,0.0,0.0,0.0,-0.01,-1,-1,-0.01,-1,-1,-0.01,-1,-1,-0.01,-1,-1,-0.01,-1,-1,-0.01,-1,-1,-0.01,-1,-1,-0.01,-1,-1,-0.01,-1,-1,-0.01,-1,-1
99926009,2026-05-18 10:03:08+05:30,52871.55,0,0.0,0,0.0,0.0,53282.15,53308.4,52783.45,53710.35,0,0.0,0.0,0.0,0.0,-0.01,-1,-1,-0.01,-1,-1,-0.01,-1,-1,-0.01,-1,-1,-0.01,-1,-1,-0.01,-1,-1,-0.01,-1,-1,-0.01,-1,-1,-0.01,-1,-1,-0.01,-1,-1
99926009,2026-05-18 10:03:09+05:30,52867.6,0,0.0,0,0.0,0.0,53282.15,53308.4,52783.45,53710.35,0,0.0,0.0,0.0,0.0,-0.01,-1,-1,-0.01,-1,-1,-0.01,-1,-1,-0.01,-1,-1,-0.01,-1,-1,-0.01,-1,-1,-0.01,-1,-1,-0.01,-1,-1,-0.01,-1,-1,-0.01,-1,-1
99926009,2026-05-18 10:03:09+05:30,52867.4,0,0.0,0,0.0,0.0,53282.15,53308.4,52783.45,53710.35,0,0.0,0.0,0.0,0.0,-0.01,-1,-1,-0.01,-1,-1,-0.01,-1,-1,-0.01,-1,-1,-0.01,-1,-1,-0.01,-1,-1,-0.01,-1,-1,-0.01,-1,-1,-0.01,-1,-1,-0.01,-1,-1
99926009,2026-05-18 10:03:10+05:30,52872.15,0,0.0,0,0.0,0.0,53282.15,53308.4,52783.45,53710.35,0,0.0,0.0,0.0,0.0,-0.01,-1,-1,-0.01,-1,-1,-0.01,-1,-1,-0.01,-1,-1,-0.01,-1,-1,-0.01,-1,-1,-0.01,-1,-1,-0.01,-1,-1,-0.01,-1,-1,-0.01,-1,-1
99926009,2026-05-18 10:03:10+05:30,52873.35,0,0.0,0,0.0,0.0,53282.15,53308.4,52783.45,53710.35,0,0.0,0.0,0.0,0.0,-0.01,-1,-1,-0.01,-1,-1,-0.01,-1,-1,-0.01,-1,-1,-0.01,-1,-1,-0.01,-1,-1,-0.01,-1,-1,-0.01,-1,-1,-0.01,-1,-1,-0.01,-1,-1
99926009,2026-05-18 10:03:11+05:30,52871.65,0,0.0,0,0.0,0.0,53282.15,53308.4,52783.45,53710.35,0,0.0,0.0,0.0,0.0,-0.01,-1,-1,-0.01,-1,-1,-0.01,-1,-1,-0.01,-1,-1,-0.01,-1,-1,-0.01,-1,-1,-0.01,-1,-1,-0.01,-1,-1,-0.01,-1,-1,-0.01,-1,-1
99926009,2026-05-18 10:03:11+05:30,52870.25,0,0.0,0,0.0,0.0,53282.15,53308.4,52783.45,53710.35,0,0.0,0.0,0.0,0.0,-0.01,-1,-1,-0.01,-1,-1,-0.01,-1,-1,-0.01,-1,-1,-0.01,-1,-1,-0.01,-1,-1,-0.01,-1,-1,-0.01,-1,-1,-0.01,-1,-1,-0.01,-1,-1
99926009,2026-05-18 10:03:12+05:30,52870.95,0,0.0,0,0.0,0.0,53282.15,53308.4,52783.45,53710.35,0,0.0,0.0,0.0,0.0,-0.01,-1,-1,-0.01,-1,-1,-0.01,-1,-1,-0.01,-1,-1,-0.01,-1,-1,-0.01,-1,-1,-0.01,-1,-1,-0.01,-1,-1,-0.01,-1,-1,-0.01,-1,-1
99926009,2026-05-18 10:03:12+05:30,52870.75,0,0.0,0,0.0,0.0,53282.15,53308.4,52783.45,53710.35,0,0.0,0.0,0.0,0.0,-0.01,-1,-1,-0.01,-1,-1,-0.01,-1,-1,-0.01,-1,-1,-0.01,-1,-1,-0.01,-1,-1,-0.01,-1,-1,-0.01,-1,-1,-0.01,-1,-1,-0.01,-1,-1
99926009,2026-05-18 10:03:13+05:30,52869.9,0,0.0,0,0.0,0.0,53282.15,53308.4,52783.45,53710.35,0,0.0,0.0,0.0,0.0,-0.01,-1,-1,-0.01,-1,-1,-0.01,-1,-1,-0.01,-1,-1,-0.01,-1,-1,-0.01,-1,-1,-0.01,-1,-1,-0.01,-1,-1,-0.01,-1,-1,-0.01,-1,-1
99926009,2026-05-18 10:03:13+05:30,52868.25,0,0.0,0,0.0,0.0,53282.15,53308.4,52783.45,53710.35,0,0.0,0.0,0.0,0.0,-0.01,-1,-1,-0.01,-1,-1,-0.01,-1,-1,-0.01,-1,-1,-0.01,-1,-1,-0.01,-1,-1,-0.01,-1,-1,-0.01,-1,-1,-0.01,-1,-1,-0.01,-1,-1
99926009,2026-05-18 10:03:14+05:30,52867.0,0,0.0,0,0.0,0.0,53282.15,53308.4,52783.45,53710.35,0,0.0,0.0,0.0,0.0,-0.01,-1,-1,-0.01,-1,-1,-0.01,-1,-1,-0.01,-1,-1,-0.01,-1,-1,-0.01,-1,-1,-0.01,-1,-1,-0.01,-1,-1,-0.01,-1,-1,-0.01,-1,-1
99926009,2026-05-18 10:03:14+05:30,52868.95,0,0.0,0,0.0,0.0,53282.15,53308.4,52783.45,53710.35,0,0.0,0.0,0.0,0.0,-0.01,-1,-1,-0.01,-1,-1,-0.01,-1,-1,-0.01,-1,-1,-0.01,-1,-1,-0.01,-1,-1,-0.01,-1,-1,-0.01,-1,-1,-0.01,-1,-1,-0.01,-1,-1
99926009,2026-05-18 10:03:15+05:30,52868.75,0,0.0,0,0.0,0.0,53282.15,53308.4,52783.45,53710.35,0,0.0,0.0,0.0,0.0,-0.01,-1,-1,-0.01,-1,-1,-0.01,-1,-1,-0.01,-1,-1,-0.01,-1,-1,-0.01,-1,-1,-0.01,-1,-1,-0.01,-1,-1,-0.01,-1,-1,-0.01,-1,-1
99926009,2026-05-18 10:03:15+05:30,52867.4,0,0.0,0,0.0,0.0,53282.15,53308.4,52783.45,53710.35,0,0.0,0.0,0.0,0.0,-0.01,-1,-1,-0.01,-1,-1,-0.01,-1,-1,-0.01,-1,-1,-0.01,-1,-1,-0.01,-1,-1,-0.01,-1,-1,-0.01,-1,-1,-0.01,-1,-1,-0.01,-1,-1
99926009,2026-05-18 10:03:16+05:30,52872.7,0,0.0,0,0.0,0.0,53282.15,53308.4,52783.45,53710.35,0,0.0,0.0,0.0,0.0,-0.01,-1,-1,-0.01,-1,-1,-0.01,-1,-1,-0.01,-1,-1,-0.01,-1,-1,-0.01,-1,-1,-0.01,-1,-1,-0.01,-1,-1,-0.01,-1,-1,-0.01,-1,-1
99926009,2026-05-18 10:03:16+05:30,52869.8,0,0.0,0,0.0,0.0,53282.15,53308.4,52783.45,53710.35,0,0.0,0.0,0.0,0.0,-0.01,-1,-1,-0.01,-1,-1,-0.01,-1,-1,-0.01,-1,-1,-0.01,-1,-1,-0.01,-1,-1,-0.01,-1,-1,-0.01,-1,-1,-0.01,-1,-1,-0.01,-1,-1
99926009,2026-05-18 10:03:17+05:30,52872.8,0,0.0,0,0.0,0.0,53282.15,53308.4,52783.45,53710.35,0,0.0,0.0,0.0,0.0,-0.01,-1,-1,-0.01,-1,-1,-0.01,-1,-1,-0.01,-1,-1,-0.01,-1,-1,-0.01,-1,-1,-0.01,-1,-1,-0.01,-1,-1,-0.01,-1,-1,-0.01,-1,-1
99926009,2026-05-18 10:03:17+05:30,52871.45,0,0.0,0,0.0,0.0,53282.15,53308.4,52783.45,53710.35,0,0.0,0.0,0.0,0.0,-0.01,-1,-1,-0.01,-1,-1,-0.01,-1,-1,-0.01,-1,-1,-0.01,-1,-1,-0.01,-1,-1,-0.01,-1,-1,-0.01,-1,-1,-0.01,-1,-1,-0.01,-1,-1
99926009,2026-05-18 10:03:18+05:30,52871.8,0,0.0,0,0.0,0.0,53282.15,53308.4,52783.45,53710.35,0,0.0,0.0,0.0,0.0,-0.01,-1,-1,-0.01,-1,-1,-0.01,-1,-1,-0.01,-1,-1,-0.01,-1,-1,-0.01,-1,-1,-0.01,-1,-1,-0.01,-1,-1,-0.01,-1,-1,-0.01,-1,-1
99926009,2026-05-18 10:03:18+05:30,52873.35,0,0.0,0,0.0,0.0,53282.15,53308.4,52783.45,53710.35,0,0.0,0.0,0.0,0.0,-0.01,-1,-1,-0.01,-1,-1,-0.01,-1,-1,-0.01,-1,-1,-0.01,-1,-1,-0.01,-1,-1,-0.01,-1,-1,-0.01,-1,-1,-0.01,-1,-1,-0.01,-1,-1
99926009,2026-05-18 10:03:19+05:30,52871.8,0,0.0,0,0.0,0.0,53282.15,53308.4,52783.45,53710.35,0,0.0,0.0,0.0,0.0,-0.01,-1,-1,-0.01,-1,-1,-0.01,-1,-1,-0.01,-1,-1,-0.01,-1,-1,-0.01,-1,-1,-0.01,-1,-1,-0.01,-1,-1,-0.01,-1,-1,-0.01,-1,-1
99926009,2026-05-18 10:03:19+05:30,52873.3,0,0.0,0,0.0,0.0,53282.15,53308.4,52783.45,53710.35,0,0.0,0.0,0.0,0.0,-0.01,-1,-1,-0.01,-1,-1,-0.01,-1,-1,-0.01,-1,-1,-0.01,-1,-1,-0.01,-1,-1,-0.01,-1,-1,-0.01,-1,-1,-0.01,-1,-1,-0.01,-1,-1
99926009,2026-05-18 10:03:20+05:30,52870.95,0,0.0,0,0.0,0.0,53282.15,53308.4,52783.45,53710.35,0,0.0,0.0,0.0,0.0,-0.01,-1,-1,-0.01,-1,-1,-0.01,-1,-1,-0.01,-1,-1,-0.01,-1,-1,-0.01,-1,-1,-0.01,-1,-1,-0.01,-1,-1,-0.01,-1,-1,-0.01,-1,-1
99926009,2026-05-18 10:03:20+05:30,52870.35,0,0.0,0,0.0,0.0,53282.15,53308.4,52783.45,53710.35,0,0.0,0.0,0.0,0.0,-0.01,-1,-1,-0.01,-1,-1,-0.01,-1,-1,-0.01,-1,-1,-0.01,-1,-1,-0.01,-1,-1,-0.01,-1,-1,-0.01,-1,-1,-0.01,-1,-1,-0.01,-1,-1
99926009,2026-05-18 10:03:21+05:30,52870.15,0,0.0,0,0.0,0.0,53282.15,53308.4,52783.45,53710.35,0,0.0,0.0,0.0,0.0,-0.01,-1,-1,-0.01,-1,-1,-0.01,-1,-1,-0.01,-1,-1,-0.01,-1,-1,-0.01,-1,-1,-0.01,-1,-1,-0.01,-1,-1,-0.01,-1,-1,-0.01,-1,-1
99926009,2026-05-18 10:03:21+05:30,52867.75,0,0.0,0,0.0,0.0,53282.15,53308.4,52783.45,53710.35,0,0.0,0.0,0.0,0.0,-0.01,-1,-1,-0.01,-1,-1,-0.01,-1,-1,-0.01,-1,-1,-0.01,-1,-1,-0.01,-1,-1,-0.01,-1,-1,-0.01,-1,-1,-0.01,-1,-1,-0.01,-1,-1
99926009,2026-05-18 10:03:22+05:30,52865.4,0,0.0,0,0.0,0.0,53282.15,53308.4,52783.45,53710.35,0,0.0,0.0,0.0,0.0,-0.01,-1,-1,-0.01,-1,-1,-0.01,-1,-1,-0.01,-1,-1,-0.01,-1,-1,-0.01,-1,-1,-0.01,-1,-1,-0.01,-1,-1,-0.01,-1,-1,-0.01,-1,-1
99926009,2026-05-18 10:03:22+05:30,52866.55,0,0.0,0,0.0,0.0,53282.15,53308.4,52783.45,53710.35,0,0.0,0.0,0.0,0.0,-0.01,-1,-1,-0.01,-1,-1,-0.01,-1,-1,-0.01,-1,-1,-0.01,-1,-1,-0.01,-1,-1,-0.01,-1,-1,-0.01,-1,-1,-0.01,-1,-1,-0.01,-1,-1
99926009,2026-05-18 10:03:23+05:30,52869.8,0,0.0,0,0.0,0.0,53282.15,53308.4,52783.45,53710.35,0,0.0,0.0,0.0,0.0,-0.01,-1,-1,-0.01,-1,-1,-0.01,-1,-1,-0.01,-1,-1,-0.01,-1,-1,-0.01,-1,-1,-0.01,-1,-1,-0.01,-1,-1,-0.01,-1,-1,-0.01,-1,-1
99926009,2026-05-18 10:03:23+05:30,52867.0,0,0.0,0,0.0,0.0,53282.15,53308.4,52783.45,53710.35,0,0.0,0.0,0.0,0.0,-0.01,-1,-1,-0.01,-1,-1,-0.01,-1,-1,-0.01,-1,-1,-0.01,-1,-1,-0.01,-1,-1,-0.01,-1,-1,-0.01,-1,-1,-0.01,-1,-1,-0.01,-1,-1
99926009,2026-05-18 10:03:24+05:30,52868.8,0,0.0,0,0.0,0.0,53282.15,53308.4,52783.45,53710.35,0,0.0,0.0,0.0,0.0,-0.01,-1,-1,-0.01,-1,-1,-0.01,-1,-1,-0.01,-1,-1,-0.01,-1,-1,-0.01,-1,-1,-0.01,-1,-1,-0.01,-1,-1,-0.01,-1,-1,-0.01,-1,-1
99926009,2026-05-18 10:03:24+05:30,52865.8,0,0.0,0,0.0,0.0,53282.15,53308.4,52783.45,53710.35,0,0.0,0.0,0.0,0.0,-0.01,-1,-1,-0.01,-1,-1,-0.01,-1,-1,-0.01,-1,-1,-0.01,-1,-1,-0.01,-1,-1,-0.01,-1,-1,-0.01,-1,-1,-0.01,-1,-1,-0.01,-1,-1
99926009,2026-05-18 10:03:25+05:30,52869.45,0,0.0,0,0.0,0.0,53282.15,53308.4,52783.45,53710.35,0,0.0,0.0,0.0,0.0,-0.01,-1,-1,-0.01,-1,-1,-0.01,-1,-1,-0.01,-1,-1,-0.01,-1,-1,-0.01,-1,-1,-0.01,-1,-1,-0.01,-1,-1,-0.01,-1,-1,-0.01,-1,-1
99926009,2026-05-18 10:03:25+05:30,52866.8,0,0.0,0,0.0,0.0,53282.15,53308.4,52783.45,53710.35,0,0.0,0.0,0.0,0.0,-0.01,-1,-1,-0.01,-1,-1,-0.01,-1,-1,-0.01,-1,-1,-0.01,-1,-1,-0.01,-1,-1,-0.01,-1,-1,-0.01,-1,-1,-0.01,-1,-1,-0.01,-1,-1
99926009,2026-05-18 10:03:26+05:30,52866.65,0,0.0,0,0.0,0.0,53282.15,53308.4,52783.45,53710.35,0,0.0,0.0,0.0,0.0,-0.01,-1,-1,-0.01,-1,-1,-0.01,-1,-1,-0.01,-1,-1,-0.01,-1,-1,-0.01,-1,-1,-0.01,-1,-1,-0.01,-1,-1,-0.01,-1,-1,-0.01,-1,-1
99926009,2026-05-18 10:03:26+05:30,52869.15,0,0.0,0,0.0,0.0,53282.15,53308.4,52783.45,53710.35,0,0.0,0.0,0.0,0.0,-0.01,-1,-1,-0.01,-1,-1,-0.01,-1,-1,-0.01,-1,-1,-0.01,-1,-1,-0.01,-1,-1,-0.01,-1,-1,-0.01,-1,-1,-0.01,-1,-1,-0.01,-1,-1
99926009,2026-05-18 10:03:27+05:30,52868.65,0,0.0,0,0.0,0.0,53282.15,53308.4,52783.45,53710.35,0,0.0,0.0,0.0,0.0,-0.01,-1,-1,-0.01,-1,-1,-0.01,-1,-1,-0.01,-1,-1,-0.01,-1,-1,-0.01,-1,-1,-0.01,-1,-1,-0.01,-1,-1,-0.01,-1,-1,-0.01,-1,-1
99926009,2026-05-18 10:03:27+05:30,52869.85,0,0.0,0,0.0,0.0,53282.15,53308.4,52783.45,53710.35,0,0.0,0.0,0.0,0.0,-0.01,-1,-1,-0.01,-1,-1,-0.01,-1,-1,-0.01,-1,-1,-0.01,-1,-1,-0.01,-1,-1,-0.01,-1,-1,-0.01,-1,-1,-0.01,-1,-1,-0.01,-1,-1
99926009,2026-05-18 10:03:28+05:30,52869.6,0,0.0,0,0.0,0.0,53282.15,53308.4,52783.45,53710.35,0,0.0,0.0,0.0,0.0,-0.01,-1,-1,-0.01,-1,-1,-0.01,-1,-1,-0.01,-1,-1,-0.01,-1,-1,-0.01,-1,-1,-0.01,-1,-1,-0.01,-1,-1,-0.01,-1,-1,-0.01,-1,-1
99926009,2026-05-18 10:03:28+05:30,52866.25,0,0.0,0,0.0,0.0,53282.15,53308.4,52783.45,53710.35,0,0.0,0.0,0.0,0.0,-0.01,-1,-1,-0.01,-1,-1,-0.01,-1,-1,-0.01,-1,-1,-0.01,-1,-1,-0.01,-1,-1,-0.01,-1,-1,-0.01,-1,-1,-0.01,-1,-1,-0.01,-1,-1
99926009,2026-05-18 10:03:29+05:30,52866.15,0,0.0,0,0.0,0.0,53282.15,53308.4,52783.45,53710.35,0,0.0,0.0,0.0,0.0,-0.01,-1,-1,-0.01,-1,-1,-0.01,-1,-1,-0.01,-1,-1,-0.01,-1,-1,-0.01,-1,-1,-0.01,-1,-1,-0.01,-1,-1,-0.01,-1,-1,-0.01,-1,-1
99926009,2026-05-18 10:03:29+05:30,52866.8,0,0.0,0,0.0,0.0,53282.15,53308.4,52783.45,53710.35,0,0.0,0.0,0.0,0.0,-0.01,-1,-1,-0.01,-1,-1,-0.01,-1,-1,-0.01,-1,-1,-0.01,-1,-1,-0.01,-1,-1,-0.01,-1,-1,-0.01,-1,-1,-0.01,-1,-1,-0.01,-1,-1
99926009,2026-05-18 10:03:30+05:30,52867.95,0,0.0,0,0.0,0.0,53282.15,53308.4,52783.45,53710.35,0,0.0,0.0,0.0,0.0,-0.01,-1,-1,-0.01,-1,-1,-0.01,-1,-1,-0.01,-1,-1,-0.01,-1,-1,-0.01,-1,-1,-0.01,-1,-1,-0.01,-1,-1,-0.01,-1,-1,-0.01,-1,-1
99926009,2026-05-18 10:03:30+05:30,52868.1,0,0.0,0,0.0,0.0,53282.15,53308.4,52783.45,53710.35,0,0.0,0.0,0.0,0.0,-0.01,-1,-1,-0.01,-1,-1,-0.01,-1,-1,-0.01,-1,-1,-0.01,-1,-1,-0.01,-1,-1,-0.01,-1,-1,-0.01,-1,-1,-0.01,-1,-1,-0.01,-1,-1
99926009,2026-05-18 10:03:31+05:30,52869.6,0,0.0,0,0.0,0.0,53282.15,53308.4,52783.45,53710.35,0,0.0,0.0,0.0,0.0,-0.01,-1,-1,-0.01,-1,-1,-0.01,-1,-1,-0.01,-1,-1,-0.01,-1,-1,-0.01,-1,-1,-0.01,-1,-1,-0.01,-1,-1,-0.01,-1,-1,-0.01,-1,-1
99926009,2026-05-18 10:03:31+05:30,52871.9,0,0.0,0,0.0,0.0,53282.15,53308.4,52783.45,53710.35,0,0.0,0.0,0.0,0.0,-0.01,-1,-1,-0.01,-1,-1,-0.01,-1,-1,-0.01,-1,-1,-0.01,-1,-1,-0.01,-1,-1,-0.01,-1,-1,-0.01,-1,-1,-0.01,-1,-1,-0.01,-1,-1
99926009,2026-05-18 10:03:32+05:30,52872.9,0,0.0,0,0.0,0.0,53282.15,53308.4,52783.45,53710.35,0,0.0,0.0,0.0,0.0,-0.01,-1,-1,-0.01,-1,-1,-0.01,-1,-1,-0.01,-1,-1,-0.01,-1,-1,-0.01,-1,-1,-0.01,-1,-1,-0.01,-1,-1,-0.01,-1,-1,-0.01,-1,-1
99926009,2026-05-18 10:03:32+05:30,52872.95,0,0.0,0,0.0,0.0,53282.15,53308.4,52783.45,53710.35,0,0.0,0.0,0.0,0.0,-0.01,-1,-1,-0.01,-1,-1,-0.01,-1,-1,-0.01,-1,-1,-0.01,-1,-1,-0.01,-1,-1,-0.01,-1,-1,-0.01,-1,-1,-0.01,-1,-1,-0.01,-1,-1
99926009,2026-05-18 10:03:33+05:30,52872.1,0,0.0,0,0.0,0.0,53282.15,53308.4,52783.45,53710.35,0,0.0,0.0,0.0,0.0,-0.01,-1,-1,-0.01,-1,-1,-0.01,-1,-1,-0.01,-1,-1,-0.01,-1,-1,-0.01,-1,-1,-0.01,-1,-1,-0.01,-1,-1,-0.01,-1,-1,-0.01,-1,-1
99926009,2026-05-18 10:03:33+05:30,52872.4,0,0.0,0,0.0,0.0,53282.15,53308.4,52783.45,53710.35,0,0.0,0.0,0.0,0.0,-0.01,-1,-1,-0.01,-1,-1,-0.01,-1,-1,-0.01,-1,-1,-0.01,-1,-1,-0.01,-1,-1,-0.01,-1,-1,-0.01,-1,-1,-0.01,-1,-1,-0.01,-1,-1
99926009,2026-05-18 10:03:34+05:30,52872.4,0,0.0,0,0.0,0.0,53282.15,53308.4,52783.45,53710.35,0,0.0,0.0,0.0,0.0,-0.01,-1,-1,-0.01,-1,-1,-0.01,-1,-1,-0.01,-1,-1,-0.01,-1,-1,-0.01,-1,-1,-0.01,-1,-1,-0.01,-1,-1,-0.01,-1,-1,-0.01,-1,-1
99926009,2026-05-18 10:03:34+05:30,52872.4,0,0.0,0,0.0,0.0,53282.15,53308.4,52783.45,53710.35,0,0.0,0.0,0.0,0.0,-0.01,-1,-1,-0.01,-1,-1,-0.01,-1,-1,-0.01,-1,-1,-0.01,-1,-1,-0.01,-1,-1,-0.01,-1,-1,-0.01,-1,-1,-0.01,-1,-1,-0.01,-1,-1
99926009,2026-05-18 10:03:35+05:30,52873.45,0,0.0,0,0.0,0.0,53282.15,53308.4,52783.45,53710.35,0,0.0,0.0,0.0,0.0,-0.01,-1,-1,-0.01,-1,-1,-0.01,-1,-1,-0.01,-1,-1,-0.01,-1,-1,-0.01,-1,-1,-0.01,-1,-1,-0.01,-1,-1,-0.01,-1,-1,-0.01,-1,-1
99926009,2026-05-18 10:03:35+05:30,52872.25,0,0.0,0,0.0,0.0,53282.15,53308.4,52783.45,53710.35,0,0.0,0.0,0.0,0.0,-0.01,-1,-1,-0.01,-1,-1,-0.01,-1,-1,-0.01,-1,-1,-0.01,-1,-1,-0.01,-1,-1,-0.01,-1,-1,-0.01,-1,-1,-0.01,-1,-1,-0.01,-1,-1
99926009,2026-05-18 10:03:36+05:30,52871.85,0,0.0,0,0.0,0.0,53282.15,53308.4,52783.45,53710.35,0,0.0,0.0,0.0,0.0,-0.01,-1,-1,-0.01,-1,-1,-0.01,-1,-1,-0.01,-1,-1,-0.01,-1,-1,-0.01,-1,-1,-0.01,-1,-1,-0.01,-1,-1,-0.01,-1,-1,-0.01,-1,-1
99926009,2026-05-18 10:03:36+05:30,52873.75,0,0.0,0,0.0,0.0,53282.15,53308.4,52783.45,53710.35,0,0.0,0.0,0.0,0.0,-0.01,-1,-1,-0.01,-1,-1,-0.01,-1,-1,-0.01,-1,-1,-0.01,-1,-1,-0.01,-1,-1,-0.01,-1,-1,-0.01,-1,-1,-0.01,-1,-1,-0.01,-1,-1
99926009,2026-05-18 10:03:37+05:30,52872.2,0,0.0,0,0.0,0.0,53282.15,53308.4,52783.45,53710.35,0,0.0,0.0,0.0,0.0,-0.01,-1,-1,-0.01,-1,-1,-0.01,-1,-1,-0.01,-1,-1,-0.01,-1,-1,-0.01,-1,-1,-0.01,-1,-1,-0.01,-1,-1,-0.01,-1,-1,-0.01,-1,-1
99926009,2026-05-18 10:03:37+05:30,52872.75,0,0.0,0,0.0,0.0,53282.15,53308.4,52783.45,53710.35,0,0.0,0.0,0.0,0.0,-0.01,-1,-1,-0.01,-1,-1,-0.01,-1,-1,-0.01,-1,-1,-0.01,-1,-1,-0.01,-1,-1,-0.01,-1,-1,-0.01,-1,-1,-0.01,-1,-1,-0.01,-1,-1
99926009,2026-05-18 10:03:38+05:30,52870.95,0,0.0,0,0.0,0.0,53282.15,53308.4,52783.45,53710.35,0,0.0,0.0,0.0,0.0,-0.01,-1,-1,-0.01,-1,-1,-0.01,-1,-1,-0.01,-1,-1,-0.01,-1,-1,-0.01,-1,-1,-0.01,-1,-1,-0.01,-1,-1,-0.01,-1,-1,-0.01,-1,-1
99926009,2026-05-18 10:03:38+05:30,52872.4,0,0.0,0,0.0,0.0,53282.15,53308.4,52783.45,53710.35,0,0.0,0.0,0.0,0.0,-0.01,-1,-1,-0.01,-1,-1,-0.01,-1,-1,-0.01,-1,-1,-0.01,-1,-1,-0.01,-1,-1,-0.01,-1,-1,-0.01,-1,-1,-0.01,-1,-1,-0.01,-1,-1
99926009,2026-05-18 10:03:39+05:30,52873.95,0,0.0,0,0.0,0.0,53282.15,53308.4,52783.45,53710.35,0,0.0,0.0,0.0,0.0,-0.01,-1,-1,-0.01,-1,-1,-0.01,-1,-1,-0.01,-1,-1,-0.01,-1,-1,-0.01,-1,-1,-0.01,-1,-1,-0.01,-1,-1,-0.01,-1,-1,-0.01,-1,-1
99926009,2026-05-18 10:03:39+05:30,52872.5,0,0.0,0,0.0,0.0,53282.15,53308.4,52783.45,53710.35,0,0.0,0.0,0.0,0.0,-0.01,-1,-1,-0.01,-1,-1,-0.01,-1,-1,-0.01,-1,-1,-0.01,-1,-1,-0.01,-1,-1,-0.01,-1,-1,-0.01,-1,-1,-0.01,-1,-1,-0.01,-1,-1
99926009,2026-05-18 10:03:40+05:30,52875.6,0,0.0,0,0.0,0.0,53282.15,53308.4,52783.45,53710.35,0,0.0,0.0,0.0,0.0,-0.01,-1,-1,-0.01,-1,-1,-0.01,-1,-1,-0.01,-1,-1,-0.01,-1,-1,-0.01,-1,-1,-0.01,-1,-1,-0.01,-1,-1,-0.01,-1,-1,-0.01,-1,-1
99926009,2026-05-18 10:03:40+05:30,52874.45,0,0.0,0,0.0,0.0,53282.15,53308.4,52783.45,53710.35,0,0.0,0.0,0.0,0.0,-0.01,-1,-1,-0.01,-1,-1,-0.01,-1,-1,-0.01,-1,-1,-0.01,-1,-1,-0.01,-1,-1,-0.01,-1,-1,-0.01,-1,-1,-0.01,-1,-1,-0.01,-1,-1
99926009,2026-05-18 10:03:41+05:30,52874.6,0,0.0,0,0.0,0.0,53282.15,53308.4,52783.45,53710.35,0,0.0,0.0,0.0,0.0,-0.01,-1,-1,-0.01,-1,-1,-0.01,-1,-1,-0.01,-1,-1,-0.01,-1,-1,-0.01,-1,-1,-0.01,-1,-1,-0.01,-1,-1,-0.01,-1,-1,-0.01,-1,-1
99926009,2026-05-18 10:03:41+05:30,52877.6,0,0.0,0,0.0,0.0,53282.15,53308.4,52783.45,53710.35,0,0.0,0.0,0.0,0.0,-0.01,-1,-1,-0.01,-1,-1,-0.01,-1,-1,-0.01,-1,-1,-0.01,-1,-1,-0.01,-1,-1,-0.01,-1,-1,-0.01,-1,-1,-0.01,-1,-1,-0.01,-1,-1
99926009,2026-05-18 10:03:42+05:30,52875.55,0,0.0,0,0.0,0.0,53282.15,53308.4,52783.45,53710.35,0,0.0,0.0,0.0,0.0,-0.01,-1,-1,-0.01,-1,-1,-0.01,-1,-1,-0.01,-1,-1,-0.01,-1,-1,-0.01,-1,-1,-0.01,-1,-1,-0.01,-1,-1,-0.01,-1,-1,-0.01,-1,-1
99926009,2026-05-18 10:03:42+05:30,52876.6,0,0.0,0,0.0,0.0,53282.15,53308.4,52783.45,53710.35,0,0.0,0.0,0.0,0.0,-0.01,-1,-1,-0.01,-1,-1,-0.01,-1,-1,-0.01,-1,-1,-0.01,-1,-1,-0.01,-1,-1,-0.01,-1,-1,-0.01,-1,-1,-0.01,-1,-1,-0.01,-1,-1
99926009,2026-05-18 10:03:43+05:30,52875.4,0,0.0,0,0.0,0.0,53282.15,53308.4,52783.45,53710.35,0,0.0,0.0,0.0,0.0,-0.01,-1,-1,-0.01,-1,-1,-0.01,-1,-1,-0.01,-1,-1,-0.01,-1,-1,-0.01,-1,-1,-0.01,-1,-1,-0.01,-1,-1,-0.01,-1,-1,-0.01,-1,-1
99926009,2026-05-18 10:03:43+05:30,52875.05,0,0.0,0,0.0,0.0,53282.15,53308.4,52783.45,53710.35,0,0.0,0.0,0.0,0.0,-0.01,-1,-1,-0.01,-1,-1,-0.01,-1,-1,-0.01,-1,-1,-0.01,-1,-1,-0.01,-1,-1,-0.01,-1,-1,-0.01,-1,-1,-0.01,-1,-1,-0.01,-1,-1
99926009,2026-05-18 10:03:44+05:30,52874.5,0,0.0,0,0.0,0.0,53282.15,53308.4,52783.45,53710.35,0,0.0,0.0,0.0,0.0,-0.01,-1,-1,-0.01,-1,-1,-0.01,-1,-1,-0.01,-1,-1,-0.01,-1,-1,-0.01,-1,-1,-0.01,-1,-1,-0.01,-1,-1,-0.01,-1,-1,-0.01,-1,-1
99926009,2026-05-18 10:03:44+05:30,52876.75,0,0.0,0,0.0,0.0,53282.15,53308.4,52783.45,53710.35,0,0.0,0.0,0.0,0.0,-0.01,-1,-1,-0.01,-1,-1,-0.01,-1,-1,-0.01,-1,-1,-0.01,-1,-1,-0.01,-1,-1,-0.01,-1,-1,-0.01,-1,-1,-0.01,-1,-1,-0.01,-1,-1
99926009,2026-05-18 10:03:45+05:30,52876.8,0,0.0,0,0.0,0.0,53282.15,53308.4,52783.45,53710.35,0,0.0,0.0,0.0,0.0,-0.01,-1,-1,-0.01,-1,-1,-0.01,-1,-1,-0.01,-1,-1,-0.01,-1,-1,-0.01,-1,-1,-0.01,-1,-1,-0.01,-1,-1,-0.01,-1,-1,-0.01,-1,-1
99926009,2026-05-18 10:03:45+05:30,52879.4,0,0.0,0,0.0,0.0,53282.15,53308.4,52783.45,53710.35,0,0.0,0.0,0.0,0.0,-0.01,-1,-1,-0.01,-1,-1,-0.01,-1,-1,-0.01,-1,-1,-0.01,-1,-1,-0.01,-1,-1,-0.01,-1,-1,-0.01,-1,-1,-0.01,-1,-1,-0.01,-1,-1
99926009,2026-05-18 10:03:46+05:30,52880.9,0,0.0,0,0.0,0.0,53282.15,53308.4,52783.45,53710.35,0,0.0,0.0,0.0,0.0,-0.01,-1,-1,-0.01,-1,-1,-0.01,-1,-1,-0.01,-1,-1,-0.01,-1,-1,-0.01,-1,-1,-0.01,-1,-1,-0.01,-1,-1,-0.01,-1,-1,-0.01,-1,-1
99926009,2026-05-18 10:03:46+05:30,52884.25,0,0.0,0,0.0,0.0,53282.15,53308.4,52783.45,53710.35,0,0.0,0.0,0.0,0.0,-0.01,-1,-1,-0.01,-1,-1,-0.01,-1,-1,-0.01,-1,-1,-0.01,-1,-1,-0.01,-1,-1,-0.01,-1,-1,-0.01,-1,-1,-0.01,-1,-1,-0.01,-1,-1
99926009,2026-05-18 10:03:47+05:30,52883.25,0,0.0,0,0.0,0.0,53282.15,53308.4,52783.45,53710.35,0,0.0,0.0,0.0,0.0,-0.01,-1,-1,-0.01,-1,-1,-0.01,-1,-1,-0.01,-1,-1,-0.01,-1,-1,-0.01,-1,-1,-0.01,-1,-1,-0.01,-1,-1,-0.01,-1,-1,-0.01,-1,-1
99926009,2026-05-18 10:03:47+05:30,52876.65,0,0.0,0,0.0,0.0,53282.15,53308.4,52783.45,53710.35,0,0.0,0.0,0.0,0.0,-0.01,-1,-1,-0.01,-1,-1,-0.01,-1,-1,-0.01,-1,-1,-0.01,-1,-1,-0.01,-1,-1,-0.01,-1,-1,-0.01,-1,-1,-0.01,-1,-1,-0.01,-1,-1
99926009,2026-05-18 10:03:48+05:30,52877.75,0,0.0,0,0.0,0.0,53282.15,53308.4,52783.45,53710.35,0,0.0,0.0,0.0,0.0,-0.01,-1,-1,-0.01,-1,-1,-0.01,-1,-1,-0.01,-1,-1,-0.01,-1,-1,-0.01,-1,-1,-0.01,-1,-1,-0.01,-1,-1,-0.01,-1,-1,-0.01,-1,-1
99926009,2026-05-18 10:03:48+05:30,52878.05,0,0.0,0,0.0,0.0,53282.15,53308.4,52783.45,53710.35,0,0.0,0.0,0.0,0.0,-0.01,-1,-1,-0.01,-1,-1,-0.01,-1,-1,-0.01,-1,-1,-0.01,-1,-1,-0.01,-1,-1,-0.01,-1,-1,-0.01,-1,-1,-0.01,-1,-1,-0.01,-1,-1
99926009,2026-05-18 10:03:49+05:30,52879.15,0,0.0,0,0.0,0.0,53282.15,53308.4,52783.45,53710.35,0,0.0,0.0,0.0,0.0,-0.01,-1,-1,-0.01,-1,-1,-0.01,-1,-1,-0.01,-1,-1,-0.01,-1,-1,-0.01,-1,-1,-0.01,-1,-1,-0.01,-1,-1,-0.01,-1,-1,-0.01,-1,-1
99926009,2026-05-18 10:03:49+05:30,52878.85,0,0.0,0,0.0,0.0,53282.15,53308.4,52783.45,53710.35,0,0.0,0.0,0.0,0.0,-0.01,-1,-1,-0.01,-1,-1,-0.01,-1,-1,-0.01,-1,-1,-0.01,-1,-1,-0.01,-1,-1,-0.01,-1,-1,-0.01,-1,-1,-0.01,-1,-1,-0.01,-1,-1
99926009,2026-05-18 10:03:50+05:30,52878.45,0,0.0,0,0.0,0.0,53282.15,53308.4,52783.45,53710.35,0,0.0,0.0,0.0,0.0,-0.01,-1,-1,-0.01,-1,-1,-0.01,-1,-1,-0.01,-1,-1,-0.01,-1,-1,-0.01,-1,-1,-0.01,-1,-1,-0.01,-1,-1,-0.01,-1,-1,-0.01,-1,-1
99926009,2026-05-18 10:03:50+05:30,52873.45,0,0.0,0,0.0,0.0,53282.15,53308.4,52783.45,53710.35,0,0.0,0.0,0.0,0.0,-0.01,-1,-1,-0.01,-1,-1,-0.01,-1,-1,-0.01,-1,-1,-0.01,-1,-1,-0.01,-1,-1,-0.01,-1,-1,-0.01,-1,-1,-0.01,-1,-1,-0.01,-1,-1
99926009,2026-05-18 10:03:51+05:30,52869.8,0,0.0,0,0.0,0.0,53282.15,53308.4,52783.45,53710.35,0,0.0,0.0,0.0,0.0,-0.01,-1,-1,-0.01,-1,-1,-0.01,-1,-1,-0.01,-1,-1,-0.01,-1,-1,-0.01,-1,-1,-0.01,-1,-1,-0.01,-1,-1,-0.01,-1,-1,-0.01,-1,-1
99926009,2026-05-18 10:03:51+05:30,52867.75,0,0.0,0,0.0,0.0,53282.15,53308.4,52783.45,53710.35,0,0.0,0.0,0.0,0.0,-0.01,-1,-1,-0.01,-1,-1,-0.01,-1,-1,-0.01,-1,-1,-0.01,-1,-1,-0.01,-1,-1,-0.01,-1,-1,-0.01,-1,-1,-0.01,-1,-1,-0.01,-1,-1
99926009,2026-05-18 10:03:52+05:30,52867.8,0,0.0,0,0.0,0.0,53282.15,53308.4,52783.45,53710.35,0,0.0,0.0,0.0,0.0,-0.01,-1,-1,-0.01,-1,-1,-0.01,-1,-1,-0.01,-1,-1,-0.01,-1,-1,-0.01,-1,-1,-0.01,-1,-1,-0.01,-1,-1,-0.01,-1,-1,-0.01,-1,-1
99926009,2026-05-18 10:03:52+05:30,52866.7,0,0.0,0,0.0,0.0,53282.15,53308.4,52783.45,53710.35,0,0.0,0.0,0.0,0.0,-0.01,-1,-1,-0.01,-1,-1,-0.01,-1,-1,-0.01,-1,-1,-0.01,-1,-1,-0.01,-1,-1,-0.01,-1,-1,-0.01,-1,-1,-0.01,-1,-1,-0.01,-1,-1
99926009,2026-05-18 10:03:53+05:30,52870.3,0,0.0,0,0.0,0.0,53282.15,53308.4,52783.45,53710.35,0,0.0,0.0,0.0,0.0,-0.01,-1,-1,-0.01,-1,-1,-0.01,-1,-1,-0.01,-1,-1,-0.01,-1,-1,-0.01,-1,-1,-0.01,-1,-1,-0.01,-1,-1,-0.01,-1,-1,-0.01,-1,-1
99926009,2026-05-18 10:03:53+05:30,52866.15,0,0.0,0,0.0,0.0,53282.15,53308.4,52783.45,53710.35,0,0.0,0.0,0.0,0.0,-0.01,-1,-1,-0.01,-1,-1,-0.01,-1,-1,-0.01,-1,-1,-0.01,-1,-1,-0.01,-1,-1,-0.01,-1,-1,-0.01,-1,-1,-0.01,-1,-1,-0.01,-1,-1
99926009,2026-05-18 10:03:54+05:30,52863.6,0,0.0,0,0.0,0.0,53282.15,53308.4,52783.45,53710.35,0,0.0,0.0,0.0,0.0,-0.01,-1,-1,-0.01,-1,-1,-0.01,-1,-1,-0.01,-1,-1,-0.01,-1,-1,-0.01,-1,-1,-0.01,-1,-1,-0.01,-1,-1,-0.01,-1,-1,-0.01,-1,-1
99926009,2026-05-18 10:03:54+05:30,52867.75,0,0.0,0,0.0,0.0,53282.15,53308.4,52783.45,53710.35,0,0.0,0.0,0.0,0.0,-0.01,-1,-1,-0.01,-1,-1,-0.01,-1,-1,-0.01,-1,-1,-0.01,-1,-1,-0.01,-1,-1,-0.01,-1,-1,-0.01,-1,-1,-0.01,-1,-1,-0.01,-1,-1
99926009,2026-05-18 10:03:55+05:30,52865.95,0,0.0,0,0.0,0.0,53282.15,53308.4,52783.45,53710.35,0,0.0,0.0,0.0,0.0,-0.01,-1,-1,-0.01,-1,-1,-0.01,-1,-1,-0.01,-1,-1,-0.01,-1,-1,-0.01,-1,-1,-0.01,-1,-1,-0.01,-1,-1,-0.01,-1,-1,-0.01,-1,-1
99926009,2026-05-18 10:03:55+05:30,52865.9,0,0.0,0,0.0,0.0,53282.15,53308.4,52783.45,53710.35,0,0.0,0.0,0.0,0.0,-0.01,-1,-1,-0.01,-1,-1,-0.01,-1,-1,-0.01,-1,-1,-0.01,-1,-1,-0.01,-1,-1,-0.01,-1,-1,-0.01,-1,-1,-0.01,-1,-1,-0.01,-1,-1
99926009,2026-05-18 10:03:56+05:30,52866.25,0,0.0,0,0.0,0.0,53282.15,53308.4,52783.45,53710.35,0,0.0,0.0,0.0,0.0,-0.01,-1,-1,-0.01,-1,-1,-0.01,-1,-1,-0.01,-1,-1,-0.01,-1,-1,-0.01,-1,-1,-0.01,-1,-1,-0.01,-1,-1,-0.01,-1,-1,-0.01,-1,-1
99926009,2026-05-18 10:03:56+05:30,52867.4,0,0.0,0,0.0,0.0,53282.15,53308.4,52783.45,53710.35,0,0.0,0.0,0.0,0.0,-0.01,-1,-1,-0.01,-1,-1,-0.01,-1,-1,-0.01,-1,-1,-0.01,-1,-1,-0.01,-1,-1,-0.01,-1,-1,-0.01,-1,-1,-0.01,-1,-1,-0.01,-1,-1
99926009,2026-05-18 10:03:57+05:30,52866.65,0,0.0,0,0.0,0.0,53282.15,53308.4,52783.45,53710.35,0,0.0,0.0,0.0,0.0,-0.01,-1,-1,-0.01,-1,-1,-0.01,-1,-1,-0.01,-1,-1,-0.01,-1,-1,-0.01,-1,-1,-0.01,-1,-1,-0.01,-1,-1,-0.01,-1,-1,-0.01,-1,-1
99926009,2026-05-18 10:03:57+05:30,52866.1,0,0.0,0,0.0,0.0,53282.15,53308.4,52783.45,53710.35,0,0.0,0.0,0.0,0.0,-0.01,-1,-1,-0.01,-1,-1,-0.01,-1,-1,-0.01,-1,-1,-0.01,-1,-1,-0.01,-1,-1,-0.01,-1,-1,-0.01,-1,-1,-0.01,-1,-1,-0.01,-1,-1
99926009,2026-05-18 10:03:58+05:30,52867.55,0,0.0,0,0.0,0.0,53282.15,53308.4,52783.45,53710.35,0,0.0,0.0,0.0,0.0,-0.01,-1,-1,-0.01,-1,-1,-0.01,-1,-1,-0.01,-1,-1,-0.01,-1,-1,-0.01,-1,-1,-0.01,-1,-1,-0.01,-1,-1,-0.01,-1,-1,-0.01,-1,-1
99926009,2026-05-18 10:03:58+05:30,52865.3,0,0.0,0,0.0,0.0,53282.15,53308.4,52783.45,53710.35,0,0.0,0.0,0.0,0.0,-0.01,-1,-1,-0.01,-1,-1,-0.01,-1,-1,-0.01,-1,-1,-0.01,-1,-1,-0.01,-1,-1,-0.01,-1,-1,-0.01,-1,-1,-0.01,-1,-1,-0.01,-1,-1
99926009,2026-05-18 10:03:59+05:30,52864.55,0,0.0,0,0.0,0.0,53282.15,53308.4,52783.45,53710.35,0,0.0,0.0,0.0,0.0,-0.01,-1,-1,-0.01,-1,-1,-0.01,-1,-1,-0.01,-1,-1,-0.01,-1,-1,-0.01,-1,-1,-0.01,-1,-1,-0.01,-1,-1,-0.01,-1,-1,-0.01,-1,-1
99926009,2026-05-18 10:03:59+05:30,52861.55,0,0.0,0,0.0,0.0,53282.15,53308.4,52783.45,53710.35,0,0.0,0.0,0.0,0.0,-0.01,-1,-1,-0.01,-1,-1,-0.01,-1,-1,-0.01,-1,-1,-0.01,-1,-1,-0.01,-1,-1,-0.01,-1,-1,-0.01,-1,-1,-0.01,-1,-1,-0.01,-1,-1
99926009,2026-05-18 10:04:00+05:30,52861.85,0,0.0,0,0.0,0.0,53282.15,53308.4,52783.45,53710.35,0,0.0,0.0,0.0,0.0,-0.01,-1,-1,-0.01,-1,-1,-0.01,-1,-1,-0.01,-1,-1,-0.01,-1,-1,-0.01,-1,-1,-0.01,-1,-1,-0.01,-1,-1,-0.01,-1,-1,-0.01,-1,-1
99926009,2026-05-18 10:04:00+05:30,52860.55,0,0.0,0,0.0,0.0,53282.15,53308.4,52783.45,53710.35,0,0.0,0.0,0.0,0.0,-0.01,-1,-1,-0.01,-1,-1,-0.01,-1,-1,-0.01,-1,-1,-0.01,-1,-1,-0.01,-1,-1,-0.01,-1,-1,-0.01,-1,-1,-0.01,-1,-1,-0.01,-1,-1
99926009,2026-05-18 10:04:01+05:30,52865.3,0,0.0,0,0.0,0.0,53282.15,53308.4,52783.45,53710.35,0,0.0,0.0,0.0,0.0,-0.01,-1,-1,-0.01,-1,-1,-0.01,-1,-1,-0.01,-1,-1,-0.01,-1,-1,-0.01,-1,-1,-0.01,-1,-1,-0.01,-1,-1,-0.01,-1,-1,-0.01,-1,-1
99926009,2026-05-18 10:04:01+05:30,52862.95,0,0.0,0,0.0,0.0,53282.15,53308.4,52783.45,53710.35,0,0.0,0.0,0.0,0.0,-0.01,-1,-1,-0.01,-1,-1,-0.01,-1,-1,-0.01,-1,-1,-0.01,-1,-1,-0.01,-1,-1,-0.01,-1,-1,-0.01,-1,-1,-0.01,-1,-1,-0.01,-1,-1
99926009,2026-05-18 10:04:02+05:30,52862.85,0,0.0,0,0.0,0.0,53282.15,53308.4,52783.45,53710.35,0,0.0,0.0,0.0,0.0,-0.01,-1,-1,-0.01,-1,-1,-0.01,-1,-1,-0.01,-1,-1,-0.01,-1,-1,-0.01,-1,-1,-0.01,-1,-1,-0.01,-1,-1,-0.01,-1,-1,-0.01,-1,-1
99926009,2026-05-18 10:04:02+05:30,52859.35,0,0.0,0,0.0,0.0,53282.15,53308.4,52783.45,53710.35,0,0.0,0.0,0.0,0.0,-0.01,-1,-1,-0.01,-1,-1,-0.01,-1,-1,-0.01,-1,-1,-0.01,-1,-1,-0.01,-1,-1,-0.01,-1,-1,-0.01,-1,-1,-0.01,-1,-1,-0.01,-1,-1
99926009,2026-05-18 10:04:03+05:30,52862.35,0,0.0,0,0.0,0.0,53282.15,53308.4,52783.45,53710.35,0,0.0,0.0,0.0,0.0,-0.01,-1,-1,-0.01,-1,-1,-0.01,-1,-1,-0.01,-1,-1,-0.01,-1,-1,-0.01,-1,-1,-0.01,-1,-1,-0.01,-1,-1,-0.01,-1,-1,-0.01,-1,-1
99926009,2026-05-18 10:04:03+05:30,52859.45,0,0.0,0,0.0,0.0,53282.15,53308.4,52783.45,53710.35,0,0.0,0.0,0.0,0.0,-0.01,-1,-1,-0.01,-1,-1,-0.01,-1,-1,-0.01,-1,-1,-0.01,-1,-1,-0.01,-1,-1,-0.01,-1,-1,-0.01,-1,-1,-0.01,-1,-1,-0.01,-1,-1
99926009,2026-05-18 10:04:04+05:30,52859.9,0,0.0,0,0.0,0.0,53282.15,53308.4,52783.45,53710.35,0,0.0,0.0,0.0,0.0,-0.01,-1,-1,-0.01,-1,-1,-0.01,-1,-1,-0.01,-1,-1,-0.01,-1,-1,-0.01,-1,-1,-0.01,-1,-1,-0.01,-1,-1,-0.01,-1,-1,-0.01,-1,-1
99926009,2026-05-18 10:04:04+05:30,52857.9,0,0.0,0,0.0,0.0,53282.15,53308.4,52783.45,53710.35,0,0.0,0.0,0.0,0.0,-0.01,-1,-1,-0.01,-1,-1,-0.01,-1,-1,-0.01,-1,-1,-0.01,-1,-1,-0.01,-1,-1,-0.01,-1,-1,-0.01,-1,-1,-0.01,-1,-1,-0.01,-1,-1
99926009,2026-05-18 10:04:05+05:30,52859.35,0,0.0,0,0.0,0.0,53282.15,53308.4,52783.45,53710.35,0,0.0,0.0,0.0,0.0,-0.01,-1,-1,-0.01,-1,-1,-0.01,-1,-1,-0.01,-1,-1,-0.01,-1,-1,-0.01,-1,-1,-0.01,-1,-1,-0.01,-1,-1,-0.01,-1,-1,-0.01,-1,-1
99926009,2026-05-18 10:04:05+05:30,52857.85,0,0.0,0,0.0,0.0,53282.15,53308.4,52783.45,53710.35,0,0.0,0.0,0.0,0.0,-0.01,-1,-1,-0.01,-1,-1,-0.01,-1,-1,-0.01,-1,-1,-0.01,-1,-1,-0.01,-1,-1,-0.01,-1,-1,-0.01,-1,-1,-0.01,-1,-1,-0.01,-1,-1
99926009,2026-05-18 10:04:06+05:30,52856.8,0,0.0,0,0.0,0.0,53282.15,53308.4,52783.45,53710.35,0,0.0,0.0,0.0,0.0,-0.01,-1,-1,-0.01,-1,-1,-0.01,-1,-1,-0.01,-1,-1,-0.01,-1,-1,-0.01,-1,-1,-0.01,-1,-1,-0.01,-1,-1,-0.01,-1,-1,-0.01,-1,-1
99926009,2026-05-18 10:04:06+05:30,52855.7,0,0.0,0,0.0,0.0,53282.15,53308.4,52783.45,53710.35,0,0.0,0.0,0.0,0.0,-0.01,-1,-1,-0.01,-1,-1,-0.01,-1,-1,-0.01,-1,-1,-0.01,-1,-1,-0.01,-1,-1,-0.01,-1,-1,-0.01,-1,-1,-0.01,-1,-1,-0.01,-1,-1
99926009,2026-05-18 10:04:07+05:30,52858.45,0,0.0,0,0.0,0.0,53282.15,53308.4,52783.45,53710.35,0,0.0,0.0,0.0,0.0,-0.01,-1,-1,-0.01,-1,-1,-0.01,-1,-1,-0.01,-1,-1,-0.01,-1,-1,-0.01,-1,-1,-0.01,-1,-1,-0.01,-1,-1,-0.01,-1,-1,-0.01,-1,-1
99926009,2026-05-18 10:04:07+05:30,52857.15,0,0.0,0,0.0,0.0,53282.15,53308.4,52783.45,53710.35,0,0.0,0.0,0.0,0.0,-0.01,-1,-1,-0.01,-1,-1,-0.01,-1,-1,-0.01,-1,-1,-0.01,-1,-1,-0.01,-1,-1,-0.01,-1,-1,-0.01,-1,-1,-0.01,-1,-1,-0.01,-1,-1
99926009,2026-05-18 10:04:08+05:30,52859.5,0,0.0,0,0.0,0.0,53282.15,53308.4,52783.45,53710.35,0,0.0,0.0,0.0,0.0,-0.01,-1,-1,-0.01,-1,-1,-0.01,-1,-1,-0.01,-1,-1,-0.01,-1,-1,-0.01,-1,-1,-0.01,-1,-1,-0.01,-1,-1,-0.01,-1,-1,-0.01,-1,-1
99926009,2026-05-18 10:04:08+05:30,52860.75,0,0.0,0,0.0,0.0,53282.15,53308.4,52783.45,53710.35,0,0.0,0.0,0.0,0.0,-0.01,-1,-1,-0.01,-1,-1,-0.01,-1,-1,-0.01,-1,-1,-0.01,-1,-1,-0.01,-1,-1,-0.01,-1,-1,-0.01,-1,-1,-0.01,-1,-1,-0.01,-1,-1
99926009,2026-05-18 10:04:09+05:30,52855.75,0,0.0,0,0.0,0.0,53282.15,53308.4,52783.45,53710.35,0,0.0,0.0,0.0,0.0,-0.01,-1,-1,-0.01,-1,-1,-0.01,-1,-1,-0.01,-1,-1,-0.01,-1,-1,-0.01,-1,-1,-0.01,-1,-1,-0.01,-1,-1,-0.01,-1,-1,-0.01,-1,-1
99926009,2026-05-18 10:04:09+05:30,52859.85,0,0.0,0,0.0,0.0,53282.15,53308.4,52783.45,53710.35,0,0.0,0.0,0.0,0.0,-0.01,-1,-1,-0.01,-1,-1,-0.01,-1,-1,-0.01,-1,-1,-0.01,-1,-1,-0.01,-1,-1,-0.01,-1,-1,-0.01,-1,-1,-0.01,-1,-1,-0.01,-1,-1
99926009,2026-05-18 10:04:10+05:30,52857.25,0,0.0,0,0.0,0.0,53282.15,53308.4,52783.45,53710.35,0,0.0,0.0,0.0,0.0,-0.01,-1,-1,-0.01,-1,-1,-0.01,-1,-1,-0.01,-1,-1,-0.01,-1,-1,-0.01,-1,-1,-0.01,-1,-1,-0.01,-1,-1,-0.01,-1,-1,-0.01,-1,-1
99926009,2026-05-18 10:04:10+05:30,52857.95,0,0.0,0,0.0,0.0,53282.15,53308.4,52783.45,53710.35,0,0.0,0.0,0.0,0.0,-0.01,-1,-1,-0.01,-1,-1,-0.01,-1,-1,-0.01,-1,-1,-0.01,-1,-1,-0.01,-1,-1,-0.01,-1,-1,-0.01,-1,-1,-0.01,-1,-1,-0.01,-1,-1
99926009,2026-05-18 10:04:11+05:30,52857.85,0,0.0,0,0.0,0.0,53282.15,53308.4,52783.45,53710.35,0,0.0,0.0,0.0,0.0,-0.01,-1,-1,-0.01,-1,-1,-0.01,-1,-1,-0.01,-1,-1,-0.01,-1,-1,-0.01,-1,-1,-0.01,-1,-1,-0.01,-1,-1,-0.01,-1,-1,-0.01,-1,-1
99926009,2026-05-18 10:04:11+05:30,52860.4,0,0.0,0,0.0,0.0,53282.15,53308.4,52783.45,53710.35,0,0.0,0.0,0.0,0.0,-0.01,-1,-1,-0.01,-1,-1,-0.01,-1,-1,-0.01,-1,-1,-0.01,-1,-1,-0.01,-1,-1,-0.01,-1,-1,-0.01,-1,-1,-0.01,-1,-1,-0.01,-1,-1
99926009,2026-05-18 10:04:12+05:30,52860.5,0,0.0,0,0.0,0.0,53282.15,53308.4,52783.45,53710.35,0,0.0,0.0,0.0,0.0,-0.01,-1,-1,-0.01,-1,-1,-0.01,-1,-1,-0.01,-1,-1,-0.01,-1,-1,-0.01,-1,-1,-0.01,-1,-1,-0.01,-1,-1,-0.01,-1,-1,-0.01,-1,-1
99926009,2026-05-18 10:04:12+05:30,52861.35,0,0.0,0,0.0,0.0,53282.15,53308.4,52783.45,53710.35,0,0.0,0.0,0.0,0.0,-0.01,-1,-1,-0.01,-1,-1,-0.01,-1,-1,-0.01,-1,-1,-0.01,-1,-1,-0.01,-1,-1,-0.01,-1,-1,-0.01,-1,-1,-0.01,-1,-1,-0.01,-1,-1
99926009,2026-05-18 10:04:13+05:30,52860.25,0,0.0,0,0.0,0.0,53282.15,53308.4,52783.45,53710.35,0,0.0,0.0,0.0,0.0,-0.01,-1,-1,-0.01,-1,-1,-0.01,-1,-1,-0.01,-1,-1,-0.01,-1,-1,-0.01,-1,-1,-0.01,-1,-1,-0.01,-1,-1,-0.01,-1,-1,-0.01,-1,-1
99926009,2026-05-18 10:04:13+05:30,52860.45,0,0.0,0,0.0,0.0,53282.15,53308.4,52783.45,53710.35,0,0.0,0.0,0.0,0.0,-0.01,-1,-1,-0.01,-1,-1,-0.01,-1,-1,-0.01,-1,-1,-0.01,-1,-1,-0.01,-1,-1,-0.01,-1,-1,-0.01,-1,-1,-0.01,-1,-1,-0.01,-1,-1
99926009,2026-05-18 10:04:14+05:30,52861.85,0,0.0,0,0.0,0.0,53282.15,53308.4,52783.45,53710.35,0,0.0,0.0,0.0,0.0,-0.01,-1,-1,-0.01,-1,-1,-0.01,-1,-1,-0.01,-1,-1,-0.01,-1,-1,-0.01,-1,-1,-0.01,-1,-1,-0.01,-1,-1,-0.01,-1,-1,-0.01,-1,-1
99926009,2026-05-18 10:04:14+05:30,52860.4,0,0.0,0,0.0,0.0,53282.15,53308.4,52783.45,53710.35,0,0.0,0.0,0.0,0.0,-0.01,-1,-1,-0.01,-1,-1,-0.01,-1,-1,-0.01,-1,-1,-0.01,-1,-1,-0.01,-1,-1,-0.01,-1,-1,-0.01,-1,-1,-0.01,-1,-1,-0.01,-1,-1
99926009,2026-05-18 10:04:15+05:30,52860.8,0,0.0,0,0.0,0.0,53282.15,53308.4,52783.45,53710.35,0,0.0,0.0,0.0,0.0,-0.01,-1,-1,-0.01,-1,-1,-0.01,-1,-1,-0.01,-1,-1,-0.01,-1,-1,-0.01,-1,-1,-0.01,-1,-1,-0.01,-1,-1,-0.01,-1,-1,-0.01,-1,-1
99926009,2026-05-18 10:04:15+05:30,52861.55,0,0.0,0,0.0,0.0,53282.15,53308.4,52783.45,53710.35,0,0.0,0.0,0.0,0.0,-0.01,-1,-1,-0.01,-1,-1,-0.01,-1,-1,-0.01,-1,-1,-0.01,-1,-1,-0.01,-1,-1,-0.01,-1,-1,-0.01,-1,-1,-0.01,-1,-1,-0.01,-1,-1
99926009,2026-05-18 10:04:16+05:30,52864.4,0,0.0,0,0.0,0.0,53282.15,53308.4,52783.45,53710.35,0,0.0,0.0,0.0,0.0,-0.01,-1,-1,-0.01,-1,-1,-0.01,-1,-1,-0.01,-1,-1,-0.01,-1,-1,-0.01,-1,-1,-0.01,-1,-1,-0.01,-1,-1,-0.01,-1,-1,-0.01,-1,-1
99926009,2026-05-18 10:04:16+05:30,52863.0,0,0.0,0,0.0,0.0,53282.15,53308.4,52783.45,53710.35,0,0.0,0.0,0.0,0.0,-0.01,-1,-1,-0.01,-1,-1,-0.01,-1,-1,-0.01,-1,-1,-0.01,-1,-1,-0.01,-1,-1,-0.01,-1,-1,-0.01,-1,-1,-0.01,-1,-1,-0.01,-1,-1
99926009,2026-05-18 10:04:17+05:30,52860.9,0,0.0,0,0.0,0.0,53282.15,53308.4,52783.45,53710.35,0,0.0,0.0,0.0,0.0,-0.01,-1,-1,-0.01,-1,-1,-0.01,-1,-1,-0.01,-1,-1,-0.01,-1,-1,-0.01,-1,-1,-0.01,-1,-1,-0.01,-1,-1,-0.01,-1,-1,-0.01,-1,-1
99926009,2026-05-18 10:04:17+05:30,52861.75,0,0.0,0,0.0,0.0,53282.15,53308.4,52783.45,53710.35,0,0.0,0.0,0.0,0.0,-0.01,-1,-1,-0.01,-1,-1,-0.01,-1,-1,-0.01,-1,-1,-0.01,-1,-1,-0.01,-1,-1,-0.01,-1,-1,-0.01,-1,-1,-0.01,-1,-1,-0.01,-1,-1
99926009,2026-05-18 10:04:18+05:30,52860.65,0,0.0,0,0.0,0.0,53282.15,53308.4,52783.45,53710.35,0,0.0,0.0,0.0,0.0,-0.01,-1,-1,-0.01,-1,-1,-0.01,-1,-1,-0.01,-1,-1,-0.01,-1,-1,-0.01,-1,-1,-0.01,-1,-1,-0.01,-1,-1,-0.01,-1,-1,-0.01,-1,-1
99926009,2026-05-18 10:04:18+05:30,52862.35,0,0.0,0,0.0,0.0,53282.15,53308.4,52783.45,53710.35,0,0.0,0.0,0.0,0.0,-0.01,-1,-1,-0.01,-1,-1,-0.01,-1,-1,-0.01,-1,-1,-0.01,-1,-1,-0.01,-1,-1,-0.01,-1,-1,-0.01,-1,-1,-0.01,-1,-1,-0.01,-1,-1
99926009,2026-05-18 10:04:19+05:30,52860.2,0,0.0,0,0.0,0.0,53282.15,53308.4,52783.45,53710.35,0,0.0,0.0,0.0,0.0,-0.01,-1,-1,-0.01,-1,-1,-0.01,-1,-1,-0.01,-1,-1,-0.01,-1,-1,-0.01,-1,-1,-0.01,-1,-1,-0.01,-1,-1,-0.01,-1,-1,-0.01,-1,-1
99926009,2026-05-18 10:04:19+05:30,52858.5,0,0.0,0,0.0,0.0,53282.15,53308.4,52783.45,53710.35,0,0.0,0.0,0.0,0.0,-0.01,-1,-1,-0.01,-1,-1,-0.01,-1,-1,-0.01,-1,-1,-0.01,-1,-1,-0.01,-1,-1,-0.01,-1,-1,-0.01,-1,-1,-0.01,-1,-1,-0.01,-1,-1
99926009,2026-05-18 10:04:20+05:30,52860.2,0,0.0,0,0.0,0.0,53282.15,53308.4,52783.45,53710.35,0,0.0,0.0,0.0,0.0,-0.01,-1,-1,-0.01,-1,-1,-0.01,-1,-1,-0.01,-1,-1,-0.01,-1,-1,-0.01,-1,-1,-0.01,-1,-1,-0.01,-1,-1,-0.01,-1,-1,-0.01,-1,-1
99926009,2026-05-18 10:04:20+05:30,52861.4,0,0.0,0,0.0,0.0,53282.15,53308.4,52783.45,53710.35,0,0.0,0.0,0.0,0.0,-0.01,-1,-1,-0.01,-1,-1,-0.01,-1,-1,-0.01,-1,-1,-0.01,-1,-1,-0.01,-1,-1,-0.01,-1,-1,-0.01,-1,-1,-0.01,-1,-1,-0.01,-1,-1
99926009,2026-05-18 10:04:21+05:30,52861.45,0,0.0,0,0.0,0.0,53282.15,53308.4,52783.45,53710.35,0,0.0,0.0,0.0,0.0,-0.01,-1,-1,-0.01,-1,-1,-0.01,-1,-1,-0.01,-1,-1,-0.01,-1,-1,-0.01,-1,-1,-0.01,-1,-1,-0.01,-1,-1,-0.01,-1,-1,-0.01,-1,-1
99926009,2026-05-18 10:04:21+05:30,52864.25,0,0.0,0,0.0,0.0,53282.15,53308.4,52783.45,53710.35,0,0.0,0.0,0.0,0.0,-0.01,-1,-1,-0.01,-1,-1,-0.01,-1,-1,-0.01,-1,-1,-0.01,-1,-1,-0.01,-1,-1,-0.01,-1,-1,-0.01,-1,-1,-0.01,-1,-1,-0.01,-1,-1
99926009,2026-05-18 10:04:22+05:30,52862.9,0,0.0,0,0.0,0.0,53282.15,53308.4,52783.45,53710.35,0,0.0,0.0,0.0,0.0,-0.01,-1,-1,-0.01,-1,-1,-0.01,-1,-1,-0.01,-1,-1,-0.01,-1,-1,-0.01,-1,-1,-0.01,-1,-1,-0.01,-1,-1,-0.01,-1,-1,-0.01,-1,-1
99926009,2026-05-18 10:04:22+05:30,52864.2,0,0.0,0,0.0,0.0,53282.15,53308.4,52783.45,53710.35,0,0.0,0.0,0.0,0.0,-0.01,-1,-1,-0.01,-1,-1,-0.01,-1,-1,-0.01,-1,-1,-0.01,-1,-1,-0.01,-1,-1,-0.01,-1,-1,-0.01,-1,-1,-0.01,-1,-1,-0.01,-1,-1
99926009,2026-05-18 10:04:23+05:30,52864.45,0,0.0,0,0.0,0.0,53282.15,53308.4,52783.45,53710.35,0,0.0,0.0,0.0,0.0,-0.01,-1,-1,-0.01,-1,-1,-0.01,-1,-1,-0.01,-1,-1,-0.01,-1,-1,-0.01,-1,-1,-0.01,-1,-1,-0.01,-1,-1,-0.01,-1,-1,-0.01,-1,-1
99926009,2026-05-18 10:04:23+05:30,52864.0,0,0.0,0,0.0,0.0,53282.15,53308.4,52783.45,53710.35,0,0.0,0.0,0.0,0.0,-0.01,-1,-1,-0.01,-1,-1,-0.01,-1,-1,-0.01,-1,-1,-0.01,-1,-1,-0.01,-1,-1,-0.01,-1,-1,-0.01,-1,-1,-0.01,-1,-1,-0.01,-1,-1
99926009,2026-05-18 10:04:24+05:30,52862.55,0,0.0,0,0.0,0.0,53282.15,53308.4,52783.45,53710.35,0,0.0,0.0,0.0,0.0,-0.01,-1,-1,-0.01,-1,-1,-0.01,-1,-1,-0.01,-1,-1,-0.01,-1,-1,-0.01,-1,-1,-0.01,-1,-1,-0.01,-1,-1,-0.01,-1,-1,-0.01,-1,-1
99926009,2026-05-18 10:04:24+05:30,52861.9,0,0.0,0,0.0,0.0,53282.15,53308.4,52783.45,53710.35,0,0.0,0.0,0.0,0.0,-0.01,-1,-1,-0.01,-1,-1,-0.01,-1,-1,-0.01,-1,-1,-0.01,-1,-1,-0.01,-1,-1,-0.01,-1,-1,-0.01,-1,-1,-0.01,-1,-1,-0.01,-1,-1
99926009,2026-05-18 10:04:25+05:30,52863.9,0,0.0,0,0.0,0.0,53282.15,53308.4,52783.45,53710.35,0,0.0,0.0,0.0,0.0,-0.01,-1,-1,-0.01,-1,-1,-0.01,-1,-1,-0.01,-1,-1,-0.01,-1,-1,-0.01,-1,-1,-0.01,-1,-1,-0.01,-1,-1,-0.01,-1,-1,-0.01,-1,-1
99926009,2026-05-18 10:04:25+05:30,52863.65,0,0.0,0,0.0,0.0,53282.15,53308.4,52783.45,53710.35,0,0.0,0.0,0.0,0.0,-0.01,-1,-1,-0.01,-1,-1,-0.01,-1,-1,-0.01,-1,-1,-0.01,-1,-1,-0.01,-1,-1,-0.01,-1,-1,-0.01,-1,-1,-0.01,-1,-1,-0.01,-1,-1
99926009,2026-05-18 10:04:26+05:30,52865.1,0,0.0,0,0.0,0.0,53282.15,53308.4,52783.45,53710.35,0,0.0,0.0,0.0,0.0,-0.01,-1,-1,-0.01,-1,-1,-0.01,-1,-1,-0.01,-1,-1,-0.01,-1,-1,-0.01,-1,-1,-0.01,-1,-1,-0.01,-1,-1,-0.01,-1,-1,-0.01,-1,-1
99926009,2026-05-18 10:04:26+05:30,52866.3,0,0.0,0,0.0,0.0,53282.15,53308.4,52783.45,53710.35,0,0.0,0.0,0.0,0.0,-0.01,-1,-1,-0.01,-1,-1,-0.01,-1,-1,-0.01,-1,-1,-0.01,-1,-1,-0.01,-1,-1,-0.01,-1,-1,-0.01,-1,-1,-0.01,-1,-1,-0.01,-1,-1
99926009,2026-05-18 10:04:27+05:30,52868.3,0,0.0,0,0.0,0.0,53282.15,53308.4,52783.45,53710.35,0,0.0,0.0,0.0,0.0,-0.01,-1,-1,-0.01,-1,-1,-0.01,-1,-1,-0.01,-1,-1,-0.01,-1,-1,-0.01,-1,-1,-0.01,-1,-1,-0.01,-1,-1,-0.01,-1,-1,-0.01,-1,-1
99926009,2026-05-18 10:04:27+05:30,52867.05,0,0.0,0,0.0,0.0,53282.15,53308.4,52783.45,53710.35,0,0.0,0.0,0.0,0.0,-0.01,-1,-1,-0.01,-1,-1,-0.01,-1,-1,-0.01,-1,-1,-0.01,-1,-1,-0.01,-1,-1,-0.01,-1,-1,-0.01,-1,-1,-0.01,-1,-1,-0.01,-1,-1
99926009,2026-05-18 10:04:28+05:30,52866.35,0,0.0,0,0.0,0.0,53282.15,53308.4,52783.45,53710.35,0,0.0,0.0,0.0,0.0,-0.01,-1,-1,-0.01,-1,-1,-0.01,-1,-1,-0.01,-1,-1,-0.01,-1,-1,-0.01,-1,-1,-0.01,-1,-1,-0.01,-1,-1,-0.01,-1,-1,-0.01,-1,-1
99926009,2026-05-18 10:04:28+05:30,52867.45,0,0.0,0,0.0,0.0,53282.15,53308.4,52783.45,53710.35,0,0.0,0.0,0.0,0.0,-0.01,-1,-1,-0.01,-1,-1,-0.01,-1,-1,-0.01,-1,-1,-0.01,-1,-1,-0.01,-1,-1,-0.01,-1,-1,-0.01,-1,-1,-0.01,-1,-1,-0.01,-1,-1
99926009,2026-05-18 10:04:29+05:30,52869.2,0,0.0,0,0.0,0.0,53282.15,53308.4,52783.45,53710.35,0,0.0,0.0,0.0,0.0,-0.01,-1,-1,-0.01,-1,-1,-0.01,-1,-1,-0.01,-1,-1,-0.01,-1,-1,-0.01,-1,-1,-0.01,-1,-1,-0.01,-1,-1,-0.01,-1,-1,-0.01,-1,-1
99926009,2026-05-18 10:04:29+05:30,52870.0,0,0.0,0,0.0,0.0,53282.15,53308.4,52783.45,53710.35,0,0.0,0.0,0.0,0.0,-0.01,-1,-1,-0.01,-1,-1,-0.01,-1,-1,-0.01,-1,-1,-0.01,-1,-1,-0.01,-1,-1,-0.01,-1,-1,-0.01,-1,-1,-0.01,-1,-1,-0.01,-1,-1
99926009,2026-05-18 10:04:30+05:30,52867.85,0,0.0,0,0.0,0.0,53282.15,53308.4,52783.45,53710.35,0,0.0,0.0,0.0,0.0,-0.01,-1,-1,-0.01,-1,-1,-0.01,-1,-1,-0.01,-1,-1,-0.01,-1,-1,-0.01,-1,-1,-0.01,-1,-1,-0.01,-1,-1,-0.01,-1,-1,-0.01,-1,-1
99926009,2026-05-18 10:04:30+05:30,52869.2,0,0.0,0,0.0,0.0,53282.15,53308.4,52783.45,53710.35,0,0.0,0.0,0.0,0.0,-0.01,-1,-1,-0.01,-1,-1,-0.01,-1,-1,-0.01,-1,-1,-0.01,-1,-1,-0.01,-1,-1,-0.01,-1,-1,-0.01,-1,-1,-0.01,-1,-1,-0.01,-1,-1
99926009,2026-05-18 10:04:31+05:30,52872.7,0,0.0,0,0.0,0.0,53282.15,53308.4,52783.45,53710.35,0,0.0,0.0,0.0,0.0,-0.01,-1,-1,-0.01,-1,-1,-0.01,-1,-1,-0.01,-1,-1,-0.01,-1,-1,-0.01,-1,-1,-0.01,-1,-1,-0.01,-1,-1,-0.01,-1,-1,-0.01,-1,-1
99926009,2026-05-18 10:04:31+05:30,52872.45,0,0.0,0,0.0,0.0,53282.15,53308.4,52783.45,53710.35,0,0.0,0.0,0.0,0.0,-0.01,-1,-1,-0.01,-1,-1,-0.01,-1,-1,-0.01,-1,-1,-0.01,-1,-1,-0.01,-1,-1,-0.01,-1,-1,-0.01,-1,-1,-0.01,-1,-1,-0.01,-1,-1
99926009,2026-05-18 10:04:32+05:30,52871.6,0,0.0,0,0.0,0.0,53282.15,53308.4,52783.45,53710.35,0,0.0,0.0,0.0,0.0,-0.01,-1,-1,-0.01,-1,-1,-0.01,-1,-1,-0.01,-1,-1,-0.01,-1,-1,-0.01,-1,-1,-0.01,-1,-1,-0.01,-1,-1,-0.01,-1,-1,-0.01,-1,-1
99926009,2026-05-18 10:04:32+05:30,52872.75,0,0.0,0,0.0,0.0,53282.15,53308.4,52783.45,53710.35,0,0.0,0.0,0.0,0.0,-0.01,-1,-1,-0.01,-1,-1,-0.01,-1,-1,-0.01,-1,-1,-0.01,-1,-1,-0.01,-1,-1,-0.01,-1,-1,-0.01,-1,-1,-0.01,-1,-1,-0.01,-1,-1
99926009,2026-05-18 10:04:33+05:30,52870.15,0,0.0,0,0.0,0.0,53282.15,53308.4,52783.45,53710.35,0,0.0,0.0,0.0,0.0,-0.01,-1,-1,-0.01,-1,-1,-0.01,-1,-1,-0.01,-1,-1,-0.01,-1,-1,-0.01,-1,-1,-0.01,-1,-1,-0.01,-1,-1,-0.01,-1,-1,-0.01,-1,-1
99926009,2026-05-18 10:04:33+05:30,52869.95,0,0.0,0,0.0,0.0,53282.15,53308.4,52783.45,53710.35,0,0.0,0.0,0.0,0.0,-0.01,-1,-1,-0.01,-1,-1,-0.01,-1,-1,-0.01,-1,-1,-0.01,-1,-1,-0.01,-1,-1,-0.01,-1,-1,-0.01,-1,-1,-0.01,-1,-1,-0.01,-1,-1
99926009,2026-05-18 10:04:34+05:30,52872.5,0,0.0,0,0.0,0.0,53282.15,53308.4,52783.45,53710.35,0,0.0,0.0,0.0,0.0,-0.01,-1,-1,-0.01,-1,-1,-0.01,-1,-1,-0.01,-1,-1,-0.01,-1,-1,-0.01,-1,-1,-0.01,-1,-1,-0.01,-1,-1,-0.01,-1,-1,-0.01,-1,-1
99926009,2026-05-18 10:04:34+05:30,52873.45,0,0.0,0,0.0,0.0,53282.15,53308.4,52783.45,53710.35,0,0.0,0.0,0.0,0.0,-0.01,-1,-1,-0.01,-1,-1,-0.01,-1,-1,-0.01,-1,-1,-0.01,-1,-1,-0.01,-1,-1,-0.01,-1,-1,-0.01,-1,-1,-0.01,-1,-1,-0.01,-1,-1
99926009,2026-05-18 10:04:35+05:30,52872.05,0,0.0,0,0.0,0.0,53282.15,53308.4,52783.45,53710.35,0,0.0,0.0,0.0,0.0,-0.01,-1,-1,-0.01,-1,-1,-0.01,-1,-1,-0.01,-1,-1,-0.01,-1,-1,-0.01,-1,-1,-0.01,-1,-1,-0.01,-1,-1,-0.01,-1,-1,-0.01,-1,-1
99926009,2026-05-18 10:04:35+05:30,52872.95,0,0.0,0,0.0,0.0,53282.15,53308.4,52783.45,53710.35,0,0.0,0.0,0.0,0.0,-0.01,-1,-1,-0.01,-1,-1,-0.01,-1,-1,-0.01,-1,-1,-0.01,-1,-1,-0.01,-1,-1,-0.01,-1,-1,-0.01,-1,-1,-0.01,-1,-1,-0.01,-1,-1
99926009,2026-05-18 10:04:36+05:30,52873.3,0,0.0,0,0.0,0.0,53282.15,53308.4,52783.45,53710.35,0,0.0,0.0,0.0,0.0,-0.01,-1,-1,-0.01,-1,-1,-0.01,-1,-1,-0.01,-1,-1,-0.01,-1,-1,-0.01,-1,-1,-0.01,-1,-1,-0.01,-1,-1,-0.01,-1,-1,-0.01,-1,-1
99926009,2026-05-18 10:04:36+05:30,52872.45,0,0.0,0,0.0,0.0,53282.15,53308.4,52783.45,53710.35,0,0.0,0.0,0.0,0.0,-0.01,-1,-1,-0.01,-1,-1,-0.01,-1,-1,-0.01,-1,-1,-0.01,-1,-1,-0.01,-1,-1,-0.01,-1,-1,-0.01,-1,-1,-0.01,-1,-1,-0.01,-1,-1
99926009,2026-05-18 10:04:37+05:30,52872.65,0,0.0,0,0.0,0.0,53282.15,53308.4,52783.45,53710.35,0,0.0,0.0,0.0,0.0,-0.01,-1,-1,-0.01,-1,-1,-0.01,-1,-1,-0.01,-1,-1,-0.01,-1,-1,-0.01,-1,-1,-0.01,-1,-1,-0.01,-1,-1,-0.01,-1,-1,-0.01,-1,-1
99926009,2026-05-18 10:04:37+05:30,52873.3,0,0.0,0,0.0,0.0,53282.15,53308.4,52783.45,53710.35,0,0.0,0.0,0.0,0.0,-0.01,-1,-1,-0.01,-1,-1,-0.01,-1,-1,-0.01,-1,-1,-0.01,-1,-1,-0.01,-1,-1,-0.01,-1,-1,-0.01,-1,-1,-0.01,-1,-1,-0.01,-1,-1
99926009,2026-05-18 10:04:38+05:30,52872.95,0,0.0,0,0.0,0.0,53282.15,53308.4,52783.45,53710.35,0,0.0,0.0,0.0,0.0,-0.01,-1,-1,-0.01,-1,-1,-0.01,-1,-1,-0.01,-1,-1,-0.01,-1,-1,-0.01,-1,-1,-0.01,-1,-1,-0.01,-1,-1,-0.01,-1,-1,-0.01,-1,-1
99926009,2026-05-18 10:04:38+05:30,52872.95,0,0.0,0,0.0,0.0,53282.15,53308.4,52783.45,53710.35,0,0.0,0.0,0.0,0.0,-0.01,-1,-1,-0.01,-1,-1,-0.01,-1,-1,-0.01,-1,-1,-0.01,-1,-1,-0.01,-1,-1,-0.01,-1,-1,-0.01,-1,-1,-0.01,-1,-1,-0.01,-1,-1
99926009,2026-05-18 10:04:39+05:30,52874.95,0,0.0,0,0.0,0.0,53282.15,53308.4,52783.45,53710.35,0,0.0,0.0,0.0,0.0,-0.01,-1,-1,-0.01,-1,-1,-0.01,-1,-1,-0.01,-1,-1,-0.01,-1,-1,-0.01,-1,-1,-0.01,-1,-1,-0.01,-1,-1,-0.01,-1,-1,-0.01,-1,-1
99926009,2026-05-18 10:04:39+05:30,52875.6,0,0.0,0,0.0,0.0,53282.15,53308.4,52783.45,53710.35,0,0.0,0.0,0.0,0.0,-0.01,-1,-1,-0.01,-1,-1,-0.01,-1,-1,-0.01,-1,-1,-0.01,-1,-1,-0.01,-1,-1,-0.01,-1,-1,-0.01,-1,-1,-0.01,-1,-1,-0.01,-1,-1
99926009,2026-05-18 10:04:40+05:30,52873.75,0,0.0,0,0.0,0.0,53282.15,53308.4,52783.45,53710.35,0,0.0,0.0,0.0,0.0,-0.01,-1,-1,-0.01,-1,-1,-0.01,-1,-1,-0.01,-1,-1,-0.01,-1,-1,-0.01,-1,-1,-0.01,-1,-1,-0.01,-1,-1,-0.01,-1,-1,-0.01,-1,-1
99926009,2026-05-18 10:04:40+05:30,52876.5,0,0.0,0,0.0,0.0,53282.15,53308.4,52783.45,53710.35,0,0.0,0.0,0.0,0.0,-0.01,-1,-1,-0.01,-1,-1,-0.01,-1,-1,-0.01,-1,-1,-0.01,-1,-1,-0.01,-1,-1,-0.01,-1,-1,-0.01,-1,-1,-0.01,-1,-1,-0.01,-1,-1
99926009,2026-05-18 10:04:41+05:30,52875.65,0,0.0,0,0.0,0.0,53282.15,53308.4,52783.45,53710.35,0,0.0,0.0,0.0,0.0,-0.01,-1,-1,-0.01,-1,-1,-0.01,-1,-1,-0.01,-1,-1,-0.01,-1,-1,-0.01,-1,-1,-0.01,-1,-1,-0.01,-1,-1,-0.01,-1,-1,-0.01,-1,-1
99926009,2026-05-18 10:04:41+05:30,52875.65,0,0.0,0,0.0,0.0,53282.15,53308.4,52783.45,53710.35,0,0.0,0.0,0.0,0.0,-0.01,-1,-1,-0.01,-1,-1,-0.01,-1,-1,-0.01,-1,-1,-0.01,-1,-1,-0.01,-1,-1,-0.01,-1,-1,-0.01,-1,-1,-0.01,-1,-1,-0.01,-1,-1
99926009,2026-05-18 10:04:42+05:30,52874.7,0,0.0,0,0.0,0.0,53282.15,53308.4,52783.45,53710.35,0,0.0,0.0,0.0,0.0,-0.01,-1,-1,-0.01,-1,-1,-0.01,-1,-1,-0.01,-1,-1,-0.01,-1,-1,-0.01,-1,-1,-0.01,-1,-1,-0.01,-1,-1,-0.01,-1,-1,-0.01,-1,-1
99926009,2026-05-18 10:04:42+05:30,52874.8,0,0.0,0,0.0,0.0,53282.15,53308.4,52783.45,53710.35,0,0.0,0.0,0.0,0.0,-0.01,-1,-1,-0.01,-1,-1,-0.01,-1,-1,-0.01,-1,-1,-0.01,-1,-1,-0.01,-1,-1,-0.01,-1,-1,-0.01,-1,-1,-0.01,-1,-1,-0.01,-1,-1
99926009,2026-05-18 10:04:43+05:30,52873.65,0,0.0,0,0.0,0.0,53282.15,53308.4,52783.45,53710.35,0,0.0,0.0,0.0,0.0,-0.01,-1,-1,-0.01,-1,-1,-0.01,-1,-1,-0.01,-1,-1,-0.01,-1,-1,-0.01,-1,-1,-0.01,-1,-1,-0.01,-1,-1,-0.01,-1,-1,-0.01,-1,-1
99926009,2026-05-18 10:04:43+05:30,52875.65,0,0.0,0,0.0,0.0,53282.15,53308.4,52783.45,53710.35,0,0.0,0.0,0.0,0.0,-0.01,-1,-1,-0.01,-1,-1,-0.01,-1,-1,-0.01,-1,-1,-0.01,-1,-1,-0.01,-1,-1,-0.01,-1,-1,-0.01,-1,-1,-0.01,-1,-1,-0.01,-1,-1
99926009,2026-05-18 10:04:44+05:30,52873.65,0,0.0,0,0.0,0.0,53282.15,53308.4,52783.45,53710.35,0,0.0,0.0,0.0,0.0,-0.01,-1,-1,-0.01,-1,-1,-0.01,-1,-1,-0.01,-1,-1,-0.01,-1,-1,-0.01,-1,-1,-0.01,-1,-1,-0.01,-1,-1,-0.01,-1,-1,-0.01,-1,-1
99926009,2026-05-18 10:04:44+05:30,52869.8,0,0.0,0,0.0,0.0,53282.15,53308.4,52783.45,53710.35,0,0.0,0.0,0.0,0.0,-0.01,-1,-1,-0.01,-1,-1,-0.01,-1,-1,-0.01,-1,-1,-0.01,-1,-1,-0.01,-1,-1,-0.01,-1,-1,-0.01,-1,-1,-0.01,-1,-1,-0.01,-1,-1
99926009,2026-05-18 10:04:45+05:30,52870.3,0,0.0,0,0.0,0.0,53282.15,53308.4,52783.45,53710.35,0,0.0,0.0,0.0,0.0,-0.01,-1,-1,-0.01,-1,-1,-0.01,-1,-1,-0.01,-1,-1,-0.01,-1,-1,-0.01,-1,-1,-0.01,-1,-1,-0.01,-1,-1,-0.01,-1,-1,-0.01,-1,-1
99926009,2026-05-18 10:04:45+05:30,52871.65,0,0.0,0,0.0,0.0,53282.15,53308.4,52783.45,53710.35,0,0.0,0.0,0.0,0.0,-0.01,-1,-1,-0.01,-1,-1,-0.01,-1,-1,-0.01,-1,-1,-0.01,-1,-1,-0.01,-1,-1,-0.01,-1,-1,-0.01,-1,-1,-0.01,-1,-1,-0.01,-1,-1
99926009,2026-05-18 10:04:46+05:30,52871.15,0,0.0,0,0.0,0.0,53282.15,53308.4,52783.45,53710.35,0,0.0,0.0,0.0,0.0,-0.01,-1,-1,-0.01,-1,-1,-0.01,-1,-1,-0.01,-1,-1,-0.01,-1,-1,-0.01,-1,-1,-0.01,-1,-1,-0.01,-1,-1,-0.01,-1,-1,-0.01,-1,-1
99926009,2026-05-18 10:04:46+05:30,52870.65,0,0.0,0,0.0,0.0,53282.15,53308.4,52783.45,53710.35,0,0.0,0.0,0.0,0.0,-0.01,-1,-1,-0.01,-1,-1,-0.01,-1,-1,-0.01,-1,-1,-0.01,-1,-1,-0.01,-1,-1,-0.01,-1,-1,-0.01,-1,-1,-0.01,-1,-1,-0.01,-1,-1
99926009,2026-05-18 10:04:47+05:30,52869.95,0,0.0,0,0.0,0.0,53282.15,53308.4,52783.45,53710.35,0,0.0,0.0,0.0,0.0,-0.01,-1,-1,-0.01,-1,-1,-0.01,-1,-1,-0.01,-1,-1,-0.01,-1,-1,-0.01,-1,-1,-0.01,-1,-1,-0.01,-1,-1,-0.01,-1,-1,-0.01,-1,-1
99926009,2026-05-18 10:04:47+05:30,52870.4,0,0.0,0,0.0,0.0,53282.15,53308.4,52783.45,53710.35,0,0.0,0.0,0.0,0.0,-0.01,-1,-1,-0.01,-1,-1,-0.01,-1,-1,-0.01,-1,-1,-0.01,-1,-1,-0.01,-1,-1,-0.01,-1,-1,-0.01,-1,-1,-0.01,-1,-1,-0.01,-1,-1
99926009,2026-05-18 10:04:48+05:30,52868.1,0,0.0,0,0.0,0.0,53282.15,53308.4,52783.45,53710.35,0,0.0,0.0,0.0,0.0,-0.01,-1,-1,-0.01,-1,-1,-0.01,-1,-1,-0.01,-1,-1,-0.01,-1,-1,-0.01,-1,-1,-0.01,-1,-1,-0.01,-1,-1,-0.01,-1,-1,-0.01,-1,-1
99926009,2026-05-18 10:04:48+05:30,52867.3,0,0.0,0,0.0,0.0,53282.15,53308.4,52783.45,53710.35,0,0.0,0.0,0.0,0.0,-0.01,-1,-1,-0.01,-1,-1,-0.01,-1,-1,-0.01,-1,-1,-0.01,-1,-1,-0.01,-1,-1,-0.01,-1,-1,-0.01,-1,-1,-0.01,-1,-1,-0.01,-1,-1
99926009,2026-05-18 10:04:49+05:30,52868.5,0,0.0,0,0.0,0.0,53282.15,53308.4,52783.45,53710.35,0,0.0,0.0,0.0,0.0,-0.01,-1,-1,-0.01,-1,-1,-0.01,-1,-1,-0.01,-1,-1,-0.01,-1,-1,-0.01,-1,-1,-0.01,-1,-1,-0.01,-1,-1,-0.01,-1,-1,-0.01,-1,-1
99926009,2026-05-18 10:04:49+05:30,52872.45,0,0.0,0,0.0,0.0,53282.15,53308.4,52783.45,53710.35,0,0.0,0.0,0.0,0.0,-0.01,-1,-1,-0.01,-1,-1,-0.01,-1,-1,-0.01,-1,-1,-0.01,-1,-1,-0.01,-1,-1,-0.01,-1,-1,-0.01,-1,-1,-0.01,-1,-1,-0.01,-1,-1
99926009,2026-05-18 10:04:50+05:30,52869.1,0,0.0,0,0.0,0.0,53282.15,53308.4,52783.45,53710.35,0,0.0,0.0,0.0,0.0,-0.01,-1,-1,-0.01,-1,-1,-0.01,-1,-1,-0.01,-1,-1,-0.01,-1,-1,-0.01,-1,-1,-0.01,-1,-1,-0.01,-1,-1,-0.01,-1,-1,-0.01,-1,-1
99926009,2026-05-18 10:04:50+05:30,52870.0,0,0.0,0,0.0,0.0,53282.15,53308.4,52783.45,53710.35,0,0.0,0.0,0.0,0.0,-0.01,-1,-1,-0.01,-1,-1,-0.01,-1,-1,-0.01,-1,-1,-0.01,-1,-1,-0.01,-1,-1,-0.01,-1,-1,-0.01,-1,-1,-0.01,-1,-1,-0.01,-1,-1
99926009,2026-05-18 10:04:51+05:30,52870.85,0,0.0,0,0.0,0.0,53282.15,53308.4,52783.45,53710.35,0,0.0,0.0,0.0,0.0,-0.01,-1,-1,-0.01,-1,-1,-0.01,-1,-1,-0.01,-1,-1,-0.01,-1,-1,-0.01,-1,-1,-0.01,-1,-1,-0.01,-1,-1,-0.01,-1,-1,-0.01,-1,-1
99926009,2026-05-18 10:04:51+05:30,52871.2,0,0.0,0,0.0,0.0,53282.15,53308.4,52783.45,53710.35,0,0.0,0.0,0.0,0.0,-0.01,-1,-1,-0.01,-1,-1,-0.01,-1,-1,-0.01,-1,-1,-0.01,-1,-1,-0.01,-1,-1,-0.01,-1,-1,-0.01,-1,-1,-0.01,-1,-1,-0.01,-1,-1
99926009,2026-05-18 10:04:52+05:30,52870.5,0,0.0,0,0.0,0.0,53282.15,53308.4,52783.45,53710.35,0,0.0,0.0,0.0,0.0,-0.01,-1,-1,-0.01,-1,-1,-0.01,-1,-1,-0.01,-1,-1,-0.01,-1,-1,-0.01,-1,-1,-0.01,-1,-1,-0.01,-1,-1,-0.01,-1,-1,-0.01,-1,-1
99926009,2026-05-18 10:04:52+05:30,52868.2,0,0.0,0,0.0,0.0,53282.15,53308.4,52783.45,53710.35,0,0.0,0.0,0.0,0.0,-0.01,-1,-1,-0.01,-1,-1,-0.01,-1,-1,-0.01,-1,-1,-0.01,-1,-1,-0.01,-1,-1,-0.01,-1,-1,-0.01,-1,-1,-0.01,-1,-1,-0.01,-1,-1
99926009,2026-05-18 10:04:53+05:30,52868.75,0,0.0,0,0.0,0.0,53282.15,53308.4,52783.45,53710.35,0,0.0,0.0,0.0,0.0,-0.01,-1,-1,-0.01,-1,-1,-0.01,-1,-1,-0.01,-1,-1,-0.01,-1,-1,-0.01,-1,-1,-0.01,-1,-1,-0.01,-1,-1,-0.01,-1,-1,-0.01,-1,-1
99926009,2026-05-18 10:04:53+05:30,52870.4,0,0.0,0,0.0,0.0,53282.15,53308.4,52783.45,53710.35,0,0.0,0.0,0.0,0.0,-0.01,-1,-1,-0.01,-1,-1,-0.01,-1,-1,-0.01,-1,-1,-0.01,-1,-1,-0.01,-1,-1,-0.01,-1,-1,-0.01,-1,-1,-0.01,-1,-1,-0.01,-1,-1
99926009,2026-05-18 10:04:54+05:30,52869.75,0,0.0,0,0.0,0.0,53282.15,53308.4,52783.45,53710.35,0,0.0,0.0,0.0,0.0,-0.01,-1,-1,-0.01,-1,-1,-0.01,-1,-1,-0.01,-1,-1,-0.01,-1,-1,-0.01,-1,-1,-0.01,-1,-1,-0.01,-1,-1,-0.01,-1,-1,-0.01,-1,-1
99926009,2026-05-18 10:04:54+05:30,52872.75,0,0.0,0,0.0,0.0,53282.15,53308.4,52783.45,53710.35,0,0.0,0.0,0.0,0.0,-0.01,-1,-1,-0.01,-1,-1,-0.01,-1,-1,-0.01,-1,-1,-0.01,-1,-1,-0.01,-1,-1,-0.01,-1,-1,-0.01,-1,-1,-0.01,-1,-1,-0.01,-1,-1
99926009,2026-05-18 10:04:55+05:30,52872.5,0,0.0,0,0.0,0.0,53282.15,53308.4,52783.45,53710.35,0,0.0,0.0,0.0,0.0,-0.01,-1,-1,-0.01,-1,-1,-0.01,-1,-1,-0.01,-1,-1,-0.01,-1,-1,-0.01,-1,-1,-0.01,-1,-1,-0.01,-1,-1,-0.01,-1,-1,-0.01,-1,-1
99926009,2026-05-18 10:04:55+05:30,52874.5,0,0.0,0,0.0,0.0,53282.15,53308.4,52783.45,53710.35,0,0.0,0.0,0.0,0.0,-0.01,-1,-1,-0.01,-1,-1,-0.01,-1,-1,-0.01,-1,-1,-0.01,-1,-1,-0.01,-1,-1,-0.01,-1,-1,-0.01,-1,-1,-0.01,-1,-1,-0.01,-1,-1
99926009,2026-05-18 10:04:56+05:30,52872.05,0,0.0,0,0.0,0.0,53282.15,53308.4,52783.45,53710.35,0,0.0,0.0,0.0,0.0,-0.01,-1,-1,-0.01,-1,-1,-0.01,-1,-1,-0.01,-1,-1,-0.01,-1,-1,-0.01,-1,-1,-0.01,-1,-1,-0.01,-1,-1,-0.01,-1,-1,-0.01,-1,-1
99926009,2026-05-18 10:04:56+05:30,52873.2,0,0.0,0,0.0,0.0,53282.15,53308.4,52783.45,53710.35,0,0.0,0.0,0.0,0.0,-0.01,-1,-1,-0.01,-1,-1,-0.01,-1,-1,-0.01,-1,-1,-0.01,-1,-1,-0.01,-1,-1,-0.01,-1,-1,-0.01,-1,-1,-0.01,-1,-1,-0.01,-1,-1
99926009,2026-05-18 10:04:57+05:30,52874.55,0,0.0,0,0.0,0.0,53282.15,53308.4,52783.45,53710.35,0,0.0,0.0,0.0,0.0,-0.01,-1,-1,-0.01,-1,-1,-0.01,-1,-1,-0.01,-1,-1,-0.01,-1,-1,-0.01,-1,-1,-0.01,-1,-1,-0.01,-1,-1,-0.01,-1,-1,-0.01,-1,-1
99926009,2026-05-18 10:04:57+05:30,52876.4,0,0.0,0,0.0,0.0,53282.15,53308.4,52783.45,53710.35,0,0.0,0.0,0.0,0.0,-0.01,-1,-1,-0.01,-1,-1,-0.01,-1,-1,-0.01,-1,-1,-0.01,-1,-1,-0.01,-1,-1,-0.01,-1,-1,-0.01,-1,-1,-0.01,-1,-1,-0.01,-1,-1
99926009,2026-05-18 10:04:58+05:30,52874.5,0,0.0,0,0.0,0.0,53282.15,53308.4,52783.45,53710.35,0,0.0,0.0,0.0,0.0,-0.01,-1,-1,-0.01,-1,-1,-0.01,-1,-1,-0.01,-1,-1,-0.01,-1,-1,-0.01,-1,-1,-0.01,-1,-1,-0.01,-1,-1,-0.01,-1,-1,-0.01,-1,-1
99926009,2026-05-18 10:04:58+05:30,52873.75,0,0.0,0,0.0,0.0,53282.15,53308.4,52783.45,53710.35,0,0.0,0.0,0.0,0.0,-0.01,-1,-1,-0.01,-1,-1,-0.01,-1,-1,-0.01,-1,-1,-0.01,-1,-1,-0.01,-1,-1,-0.01,-1,-1,-0.01,-1,-1,-0.01,-1,-1,-0.01,-1,-1
99926009,2026-05-18 10:04:59+05:30,52875.1,0,0.0,0,0.0,0.0,53282.15,53308.4,52783.45,53710.35,0,0.0,0.0,0.0,0.0,-0.01,-1,-1,-0.01,-1,-1,-0.01,-1,-1,-0.01,-1,-1,-0.01,-1,-1,-0.01,-1,-1,-0.01,-1,-1,-0.01,-1,-1,-0.01,-1,-1,-0.01,-1,-1
99926009,2026-05-18 10:04:59+05:30,52874.55,0,0.0,0,0.0,0.0,53282.15,53308.4,52783.45,53710.35,0,0.0,0.0,0.0,0.0,-0.01,-1,-1,-0.01,-1,-1,-0.01,-1,-1,-0.01,-1,-1,-0.01,-1,-1,-0.01,-1,-1,-0.01,-1,-1,-0.01,-1,-1,-0.01,-1,-1,-0.01,-1,-1
99926009,2026-05-18 10:05:00+05:30,52873.95,0,0.0,0,0.0,0.0,53282.15,53308.4,52783.45,53710.35,0,0.0,0.0,0.0,0.0,-0.01,-1,-1,-0.01,-1,-1,-0.01,-1,-1,-0.01,-1,-1,-0.01,-1,-1,-0.01,-1,-1,-0.01,-1,-1,-0.01,-1,-1,-0.01,-1,-1,-0.01,-1,-1
99926009,2026-05-18 10:05:00+05:30,52877.85,0,0.0,0,0.0,0.0,53282.15,53308.4,52783.45,53710.35,0,0.0,0.0,0.0,0.0,-0.01,-1,-1,-0.01,-1,-1,-0.01,-1,-1,-0.01,-1,-1,-0.01,-1,-1,-0.01,-1,-1,-0.01,-1,-1,-0.01,-1,-1,-0.01,-1,-1,-0.01,-1,-1
99926009,2026-05-18 10:05:01+05:30,52877.1,0,0.0,0,0.0,0.0,53282.15,53308.4,52783.45,53710.35,0,0.0,0.0,0.0,0.0,-0.01,-1,-1,-0.01,-1,-1,-0.01,-1,-1,-0.01,-1,-1,-0.01,-1,-1,-0.01,-1,-1,-0.01,-1,-1,-0.01,-1,-1,-0.01,-1,-1,-0.01,-1,-1
99926009,2026-05-18 10:05:01+05:30,52878.05,0,0.0,0,0.0,0.0,53282.15,53308.4,52783.45,53710.35,0,0.0,0.0,0.0,0.0,-0.01,-1,-1,-0.01,-1,-1,-0.01,-1,-1,-0.01,-1,-1,-0.01,-1,-1,-0.01,-1,-1,-0.01,-1,-1,-0.01,-1,-1,-0.01,-1,-1,-0.01,-1,-1
99926009,2026-05-18 10:05:02+05:30,52877.3,0,0.0,0,0.0,0.0,53282.15,53308.4,52783.45,53710.35,0,0.0,0.0,0.0,0.0,-0.01,-1,-1,-0.01,-1,-1,-0.01,-1,-1,-0.01,-1,-1,-0.01,-1,-1,-0.01,-1,-1,-0.01,-1,-1,-0.01,-1,-1,-0.01,-1,-1,-0.01,-1,-1
99926009,2026-05-18 10:05:02+05:30,52876.45,0,0.0,0,0.0,0.0,53282.15,53308.4,52783.45,53710.35,0,0.0,0.0,0.0,0.0,-0.01,-1,-1,-0.01,-1,-1,-0.01,-1,-1,-0.01,-1,-1,-0.01,-1,-1,-0.01,-1,-1,-0.01,-1,-1,-0.01,-1,-1,-0.01,-1,-1,-0.01,-1,-1
99926009,2026-05-18 10:05:03+05:30,52875.55,0,0.0,0,0.0,0.0,53282.15,53308.4,52783.45,53710.35,0,0.0,0.0,0.0,0.0,-0.01,-1,-1,-0.01,-1,-1,-0.01,-1,-1,-0.01,-1,-1,-0.01,-1,-1,-0.01,-1,-1,-0.01,-1,-1,-0.01,-1,-1,-0.01,-1,-1,-0.01,-1,-1
99926009,2026-05-18 10:05:03+05:30,52874.75,0,0.0,0,0.0,0.0,53282.15,53308.4,52783.45,53710.35,0,0.0,0.0,0.0,0.0,-0.01,-1,-1,-0.01,-1,-1,-0.01,-1,-1,-0.01,-1,-1,-0.01,-1,-1,-0.01,-1,-1,-0.01,-1,-1,-0.01,-1,-1,-0.01,-1,-1,-0.01,-1,-1
99926009,2026-05-18 10:05:04+05:30,52876.8,0,0.0,0,0.0,0.0,53282.15,53308.4,52783.45,53710.35,0,0.0,0.0,0.0,0.0,-0.01,-1,-1,-0.01,-1,-1,-0.01,-1,-1,-0.01,-1,-1,-0.01,-1,-1,-0.01,-1,-1,-0.01,-1,-1,-0.01,-1,-1,-0.01,-1,-1,-0.01,-1,-1
99926009,2026-05-18 10:05:04+05:30,52876.4,0,0.0,0,0.0,0.0,53282.15,53308.4,52783.45,53710.35,0,0.0,0.0,0.0,0.0,-0.01,-1,-1,-0.01,-1,-1,-0.01,-1,-1,-0.01,-1,-1,-0.01,-1,-1,-0.01,-1,-1,-0.01,-1,-1,-0.01,-1,-1,-0.01,-1,-1,-0.01,-1,-1
99926009,2026-05-18 10:05:05+05:30,52876.7,0,0.0,0,0.0,0.0,53282.15,53308.4,52783.45,53710.35,0,0.0,0.0,0.0,0.0,-0.01,-1,-1,-0.01,-1,-1,-0.01,-1,-1,-0.01,-1,-1,-0.01,-1,-1,-0.01,-1,-1,-0.01,-1,-1,-0.01,-1,-1,-0.01,-1,-1,-0.01,-1,-1
99926009,2026-05-18 10:05:05+05:30,52875.85,0,0.0,0,0.0,0.0,53282.15,53308.4,52783.45,53710.35,0,0.0,0.0,0.0,0.0,-0.01,-1,-1,-0.01,-1,-1,-0.01,-1,-1,-0.01,-1,-1,-0.01,-1,-1,-0.01,-1,-1,-0.01,-1,-1,-0.01,-1,-1,-0.01,-1,-1,-0.01,-1,-1
99926009,2026-05-18 10:05:06+05:30,52875.7,0,0.0,0,0.0,0.0,53282.15,53308.4,52783.45,53710.35,0,0.0,0.0,0.0,0.0,-0.01,-1,-1,-0.01,-1,-1,-0.01,-1,-1,-0.01,-1,-1,-0.01,-1,-1,-0.01,-1,-1,-0.01,-1,-1,-0.01,-1,-1,-0.01,-1,-1,-0.01,-1,-1
99926009,2026-05-18 10:05:06+05:30,52877.95,0,0.0,0,0.0,0.0,53282.15,53308.4,52783.45,53710.35,0,0.0,0.0,0.0,0.0,-0.01,-1,-1,-0.01,-1,-1,-0.01,-1,-1,-0.01,-1,-1,-0.01,-1,-1,-0.01,-1,-1,-0.01,-1,-1,-0.01,-1,-1,-0.01,-1,-1,-0.01,-1,-1
99926009,2026-05-18 10:05:07+05:30,52878.8,0,0.0,0,0.0,0.0,53282.15,53308.4,52783.45,53710.35,0,0.0,0.0,0.0,0.0,-0.01,-1,-1,-0.01,-1,-1,-0.01,-1,-1,-0.01,-1,-1,-0.01,-1,-1,-0.01,-1,-1,-0.01,-1,-1,-0.01,-1,-1,-0.01,-1,-1,-0.01,-1,-1
99926009,2026-05-18 10:05:07+05:30,52878.8,0,0.0,0,0.0,0.0,53282.15,53308.4,52783.45,53710.35,0,0.0,0.0,0.0,0.0,-0.01,-1,-1,-0.01,-1,-1,-0.01,-1,-1,-0.01,-1,-1,-0.01,-1,-1,-0.01,-1,-1,-0.01,-1,-1,-0.01,-1,-1,-0.01,-1,-1,-0.01,-1,-1
99926009,2026-05-18 10:05:08+05:30,52878.7,0,0.0,0,0.0,0.0,53282.15,53308.4,52783.45,53710.35,0,0.0,0.0,0.0,0.0,-0.01,-1,-1,-0.01,-1,-1,-0.01,-1,-1,-0.01,-1,-1,-0.01,-1,-1,-0.01,-1,-1,-0.01,-1,-1,-0.01,-1,-1,-0.01,-1,-1,-0.01,-1,-1
99926009,2026-05-18 10:05:08+05:30,52879.55,0,0.0,0,0.0,0.0,53282.15,53308.4,52783.45,53710.35,0,0.0,0.0,0.0,0.0,-0.01,-1,-1,-0.01,-1,-1,-0.01,-1,-1,-0.01,-1,-1,-0.01,-1,-1,-0.01,-1,-1,-0.01,-1,-1,-0.01,-1,-1,-0.01,-1,-1,-0.01,-1,-1
99926009,2026-05-18 10:05:09+05:30,52877.7,0,0.0,0,0.0,0.0,53282.15,53308.4,52783.45,53710.35,0,0.0,0.0,0.0,0.0,-0.01,-1,-1,-0.01,-1,-1,-0.01,-1,-1,-0.01,-1,-1,-0.01,-1,-1,-0.01,-1,-1,-0.01,-1,-1,-0.01,-1,-1,-0.01,-1,-1,-0.01,-1,-1
99926009,2026-05-18 10:05:09+05:30,52879.75,0,0.0,0,0.0,0.0,53282.15,53308.4,52783.45,53710.35,0,0.0,0.0,0.0,0.0,-0.01,-1,-1,-0.01,-1,-1,-0.01,-1,-1,-0.01,-1,-1,-0.01,-1,-1,-0.01,-1,-1,-0.01,-1,-1,-0.01,-1,-1,-0.01,-1,-1,-0.01,-1,-1
99926009,2026-05-18 10:05:10+05:30,52877.95,0,0.0,0,0.0,0.0,53282.15,53308.4,52783.45,53710.35,0,0.0,0.0,0.0,0.0,-0.01,-1,-1,-0.01,-1,-1,-0.01,-1,-1,-0.01,-1,-1,-0.01,-1,-1,-0.01,-1,-1,-0.01,-1,-1,-0.01,-1,-1,-0.01,-1,-1,-0.01,-1,-1
99926009,2026-05-18 10:05:10+05:30,52875.2,0,0.0,0,0.0,0.0,53282.15,53308.4,52783.45,53710.35,0,0.0,0.0,0.0,0.0,-0.01,-1,-1,-0.01,-1,-1,-0.01,-1,-1,-0.01,-1,-1,-0.01,-1,-1,-0.01,-1,-1,-0.01,-1,-1,-0.01,-1,-1,-0.01,-1,-1,-0.01,-1,-1
99926009,2026-05-18 10:05:11+05:30,52875.35,0,0.0,0,0.0,0.0,53282.15,53308.4,52783.45,53710.35,0,0.0,0.0,0.0,0.0,-0.01,-1,-1,-0.01,-1,-1,-0.01,-1,-1,-0.01,-1,-1,-0.01,-1,-1,-0.01,-1,-1,-0.01,-1,-1,-0.01,-1,-1,-0.01,-1,-1,-0.01,-1,-1
99926009,2026-05-18 10:05:11+05:30,52878.6,0,0.0,0,0.0,0.0,53282.15,53308.4,52783.45,53710.35,0,0.0,0.0,0.0,0.0,-0.01,-1,-1,-0.01,-1,-1,-0.01,-1,-1,-0.01,-1,-1,-0.01,-1,-1,-0.01,-1,-1,-0.01,-1,-1,-0.01,-1,-1,-0.01,-1,-1,-0.01,-1,-1
99926009,2026-05-18 10:05:12+05:30,52878.15,0,0.0,0,0.0,0.0,53282.15,53308.4,52783.45,53710.35,0,0.0,0.0,0.0,0.0,-0.01,-1,-1,-0.01,-1,-1,-0.01,-1,-1,-0.01,-1,-1,-0.01,-1,-1,-0.01,-1,-1,-0.01,-1,-1,-0.01,-1,-1,-0.01,-1,-1,-0.01,-1,-1
99926009,2026-05-18 10:05:12+05:30,52878.55,0,0.0,0,0.0,0.0,53282.15,53308.4,52783.45,53710.35,0,0.0,0.0,0.0,0.0,-0.01,-1,-1,-0.01,-1,-1,-0.01,-1,-1,-0.01,-1,-1,-0.01,-1,-1,-0.01,-1,-1,-0.01,-1,-1,-0.01,-1,-1,-0.01,-1,-1,-0.01,-1,-1
99926009,2026-05-18 10:05:13+05:30,52877.35,0,0.0,0,0.0,0.0,53282.15,53308.4,52783.45,53710.35,0,0.0,0.0,0.0,0.0,-0.01,-1,-1,-0.01,-1,-1,-0.01,-1,-1,-0.01,-1,-1,-0.01,-1,-1,-0.01,-1,-1,-0.01,-1,-1,-0.01,-1,-1,-0.01,-1,-1,-0.01,-1,-1
99926009,2026-05-18 10:05:13+05:30,52876.2,0,0.0,0,0.0,0.0,53282.15,53308.4,52783.45,53710.35,0,0.0,0.0,0.0,0.0,-0.01,-1,-1,-0.01,-1,-1,-0.01,-1,-1,-0.01,-1,-1,-0.01,-1,-1,-0.01,-1,-1,-0.01,-1,-1,-0.01,-1,-1,-0.01,-1,-1,-0.01,-1,-1
99926009,2026-05-18 10:05:14+05:30,52878.5,0,0.0,0,0.0,0.0,53282.15,53308.4,52783.45,53710.35,0,0.0,0.0,0.0,0.0,-0.01,-1,-1,-0.01,-1,-1,-0.01,-1,-1,-0.01,-1,-1,-0.01,-1,-1,-0.01,-1,-1,-0.01,-1,-1,-0.01,-1,-1,-0.01,-1,-1,-0.01,-1,-1
99926009,2026-05-18 10:05:14+05:30,52879.7,0,0.0,0,0.0,0.0,53282.15,53308.4,52783.45,53710.35,0,0.0,0.0,0.0,0.0,-0.01,-1,-1,-0.01,-1,-1,-0.01,-1,-1,-0.01,-1,-1,-0.01,-1,-1,-0.01,-1,-1,-0.01,-1,-1,-0.01,-1,-1,-0.01,-1,-1,-0.01,-1,-1
99926009,2026-05-18 10:05:15+05:30,52878.65,0,0.0,0,0.0,0.0,53282.15,53308.4,52783.45,53710.35,0,0.0,0.0,0.0,0.0,-0.01,-1,-1,-0.01,-1,-1,-0.01,-1,-1,-0.01,-1,-1,-0.01,-1,-1,-0.01,-1,-1,-0.01,-1,-1,-0.01,-1,-1,-0.01,-1,-1,-0.01,-1,-1
99926009,2026-05-18 10:05:15+05:30,52877.55,0,0.0,0,0.0,0.0,53282.15,53308.4,52783.45,53710.35,0,0.0,0.0,0.0,0.0,-0.01,-1,-1,-0.01,-1,-1,-0.01,-1,-1,-0.01,-1,-1,-0.01,-1,-1,-0.01,-1,-1,-0.01,-1,-1,-0.01,-1,-1,-0.01,-1,-1,-0.01,-1,-1
99926009,2026-05-18 10:05:16+05:30,52877.15,0,0.0,0,0.0,0.0,53282.15,53308.4,52783.45,53710.35,0,0.0,0.0,0.0,0.0,-0.01,-1,-1,-0.01,-1,-1,-0.01,-1,-1,-0.01,-1,-1,-0.01,-1,-1,-0.01,-1,-1,-0.01,-1,-1,-0.01,-1,-1,-0.01,-1,-1,-0.01,-1,-1
99926009,2026-05-18 10:05:16+05:30,52875.9,0,0.0,0,0.0,0.0,53282.15,53308.4,52783.45,53710.35,0,0.0,0.0,0.0,0.0,-0.01,-1,-1,-0.01,-1,-1,-0.01,-1,-1,-0.01,-1,-1,-0.01,-1,-1,-0.01,-1,-1,-0.01,-1,-1,-0.01,-1,-1,-0.01,-1,-1,-0.01,-1,-1
99926009,2026-05-18 10:05:17+05:30,52874.5,0,0.0,0,0.0,0.0,53282.15,53308.4,52783.45,53710.35,0,0.0,0.0,0.0,0.0,-0.01,-1,-1,-0.01,-1,-1,-0.01,-1,-1,-0.01,-1,-1,-0.01,-1,-1,-0.01,-1,-1,-0.01,-1,-1,-0.01,-1,-1,-0.01,-1,-1,-0.01,-1,-1
99926009,2026-05-18 10:05:17+05:30,52877.85,0,0.0,0,0.0,0.0,53282.15,53308.4,52783.45,53710.35,0,0.0,0.0,0.0,0.0,-0.01,-1,-1,-0.01,-1,-1,-0.01,-1,-1,-0.01,-1,-1,-0.01,-1,-1,-0.01,-1,-1,-0.01,-1,-1,-0.01,-1,-1,-0.01,-1,-1,-0.01,-1,-1
99926009,2026-05-18 10:05:18+05:30,52879.2,0,0.0,0,0.0,0.0,53282.15,53308.4,52783.45,53710.35,0,0.0,0.0,0.0,0.0,-0.01,-1,-1,-0.01,-1,-1,-0.01,-1,-1,-0.01,-1,-1,-0.01,-1,-1,-0.01,-1,-1,-0.01,-1,-1,-0.01,-1,-1,-0.01,-1,-1,-0.01,-1,-1
99926009,2026-05-18 10:05:18+05:30,52877.0,0,0.0,0,0.0,0.0,53282.15,53308.4,52783.45,53710.35,0,0.0,0.0,0.0,0.0,-0.01,-1,-1,-0.01,-1,-1,-0.01,-1,-1,-0.01,-1,-1,-0.01,-1,-1,-0.01,-1,-1,-0.01,-1,-1,-0.01,-1,-1,-0.01,-1,-1,-0.01,-1,-1
99926009,2026-05-18 10:05:19+05:30,52878.55,0,0.0,0,0.0,0.0,53282.15,53308.4,52783.45,53710.35,0,0.0,0.0,0.0,0.0,-0.01,-1,-1,-0.01,-1,-1,-0.01,-1,-1,-0.01,-1,-1,-0.01,-1,-1,-0.01,-1,-1,-0.01,-1,-1,-0.01,-1,-1,-0.01,-1,-1,-0.01,-1,-1
99926009,2026-05-18 10:05:19+05:30,52879.4,0,0.0,0,0.0,0.0,53282.15,53308.4,52783.45,53710.35,0,0.0,0.0,0.0,0.0,-0.01,-1,-1,-0.01,-1,-1,-0.01,-1,-1,-0.01,-1,-1,-0.01,-1,-1,-0.01,-1,-1,-0.01,-1,-1,-0.01,-1,-1,-0.01,-1,-1,-0.01,-1,-1
99926009,2026-05-18 10:05:20+05:30,52879.3,0,0.0,0,0.0,0.0,53282.15,53308.4,52783.45,53710.35,0,0.0,0.0,0.0,0.0,-0.01,-1,-1,-0.01,-1,-1,-0.01,-1,-1,-0.01,-1,-1,-0.01,-1,-1,-0.01,-1,-1,-0.01,-1,-1,-0.01,-1,-1,-0.01,-1,-1,-0.01,-1,-1
99926009,2026-05-18 10:05:20+05:30,52879.45,0,0.0,0,0.0,0.0,53282.15,53308.4,52783.45,53710.35,0,0.0,0.0,0.0,0.0,-0.01,-1,-1,-0.01,-1,-1,-0.01,-1,-1,-0.01,-1,-1,-0.01,-1,-1,-0.01,-1,-1,-0.01,-1,-1,-0.01,-1,-1,-0.01,-1,-1,-0.01,-1,-1
99926009,2026-05-18 10:05:21+05:30,52876.95,0,0.0,0,0.0,0.0,53282.15,53308.4,52783.45,53710.35,0,0.0,0.0,0.0,0.0,-0.01,-1,-1,-0.01,-1,-1,-0.01,-1,-1,-0.01,-1,-1,-0.01,-1,-1,-0.01,-1,-1,-0.01,-1,-1,-0.01,-1,-1,-0.01,-1,-1,-0.01,-1,-1
99926009,2026-05-18 10:05:21+05:30,52878.2,0,0.0,0,0.0,0.0,53282.15,53308.4,52783.45,53710.35,0,0.0,0.0,0.0,0.0,-0.01,-1,-1,-0.01,-1,-1,-0.01,-1,-1,-0.01,-1,-1,-0.01,-1,-1,-0.01,-1,-1,-0.01,-1,-1,-0.01,-1,-1,-0.01,-1,-1,-0.01,-1,-1
99926009,2026-05-18 10:05:22+05:30,52878.2,0,0.0,0,0.0,0.0,53282.15,53308.4,52783.45,53710.35,0,0.0,0.0,0.0,0.0,-0.01,-1,-1,-0.01,-1,-1,-0.01,-1,-1,-0.01,-1,-1,-0.01,-1,-1,-0.01,-1,-1,-0.01,-1,-1,-0.01,-1,-1,-0.01,-1,-1,-0.01,-1,-1
99926009,2026-05-18 10:05:22+05:30,52876.35,0,0.0,0,0.0,0.0,53282.15,53308.4,52783.45,53710.35,0,0.0,0.0,0.0,0.0,-0.01,-1,-1,-0.01,-1,-1,-0.01,-1,-1,-0.01,-1,-1,-0.01,-1,-1,-0.01,-1,-1,-0.01,-1,-1,-0.01,-1,-1,-0.01,-1,-1,-0.01,-1,-1
99926009,2026-05-18 10:05:23+05:30,52875.5,0,0.0,0,0.0,0.0,53282.15,53308.4,52783.45,53710.35,0,0.0,0.0,0.0,0.0,-0.01,-1,-1,-0.01,-1,-1,-0.01,-1,-1,-0.01,-1,-1,-0.01,-1,-1,-0.01,-1,-1,-0.01,-1,-1,-0.01,-1,-1,-0.01,-1,-1,-0.01,-1,-1
99926009,2026-05-18 10:05:23+05:30,52874.65,0,0.0,0,0.0,0.0,53282.15,53308.4,52783.45,53710.35,0,0.0,0.0,0.0,0.0,-0.01,-1,-1,-0.01,-1,-1,-0.01,-1,-1,-0.01,-1,-1,-0.01,-1,-1,-0.01,-1,-1,-0.01,-1,-1,-0.01,-1,-1,-0.01,-1,-1,-0.01,-1,-1
99926009,2026-05-18 10:05:24+05:30,52875.55,0,0.0,0,0.0,0.0,53282.15,53308.4,52783.45,53710.35,0,0.0,0.0,0.0,0.0,-0.01,-1,-1,-0.01,-1,-1,-0.01,-1,-1,-0.01,-1,-1,-0.01,-1,-1,-0.01,-1,-1,-0.01,-1,-1,-0.01,-1,-1,-0.01,-1,-1,-0.01,-1,-1
99926009,2026-05-18 10:05:24+05:30,52876.4,0,0.0,0,0.0,0.0,53282.15,53308.4,52783.45,53710.35,0,0.0,0.0,0.0,0.0,-0.01,-1,-1,-0.01,-1,-1,-0.01,-1,-1,-0.01,-1,-1,-0.01,-1,-1,-0.01,-1,-1,-0.01,-1,-1,-0.01,-1,-1,-0.01,-1,-1,-0.01,-1,-1
99926009,2026-05-18 10:05:25+05:30,52872.3,0,0.0,0,0.0,0.0,53282.15,53308.4,52783.45,53710.35,0,0.0,0.0,0.0,0.0,-0.01,-1,-1,-0.01,-1,-1,-0.01,-1,-1,-0.01,-1,-1,-0.01,-1,-1,-0.01,-1,-1,-0.01,-1,-1,-0.01,-1,-1,-0.01,-1,-1,-0.01,-1,-1
99926009,2026-05-18 10:05:25+05:30,52871.55,0,0.0,0,0.0,0.0,53282.15,53308.4,52783.45,53710.35,0,0.0,0.0,0.0,0.0,-0.01,-1,-1,-0.01,-1,-1,-0.01,-1,-1,-0.01,-1,-1,-0.01,-1,-1,-0.01,-1,-1,-0.01,-1,-1,-0.01,-1,-1,-0.01,-1,-1,-0.01,-1,-1
99926009,2026-05-18 10:05:26+05:30,52871.35,0,0.0,0,0.0,0.0,53282.15,53308.4,52783.45,53710.35,0,0.0,0.0,0.0,0.0,-0.01,-1,-1,-0.01,-1,-1,-0.01,-1,-1,-0.01,-1,-1,-0.01,-1,-1,-0.01,-1,-1,-0.01,-1,-1,-0.01,-1,-1,-0.01,-1,-1,-0.01,-1,-1
99926009,2026-05-18 10:05:26+05:30,52871.5,0,0.0,0,0.0,0.0,53282.15,53308.4,52783.45,53710.35,0,0.0,0.0,0.0,0.0,-0.01,-1,-1,-0.01,-1,-1,-0.01,-1,-1,-0.01,-1,-1,-0.01,-1,-1,-0.01,-1,-1,-0.01,-1,-1,-0.01,-1,-1,-0.01,-1,-1,-0.01,-1,-1
99926009,2026-05-18 10:05:27+05:30,52870.9,0,0.0,0,0.0,0.0,53282.15,53308.4,52783.45,53710.35,0,0.0,0.0,0.0,0.0,-0.01,-1,-1,-0.01,-1,-1,-0.01,-1,-1,-0.01,-1,-1,-0.01,-1,-1,-0.01,-1,-1,-0.01,-1,-1,-0.01,-1,-1,-0.01,-1,-1,-0.01,-1,-1
99926009,2026-05-18 10:05:27+05:30,52869.4,0,0.0,0,0.0,0.0,53282.15,53308.4,52783.45,53710.35,0,0.0,0.0,0.0,0.0,-0.01,-1,-1,-0.01,-1,-1,-0.01,-1,-1,-0.01,-1,-1,-0.01,-1,-1,-0.01,-1,-1,-0.01,-1,-1,-0.01,-1,-1,-0.01,-1,-1,-0.01,-1,-1
99926009,2026-05-18 10:05:28+05:30,52869.8,0,0.0,0,0.0,0.0,53282.15,53308.4,52783.45,53710.35,0,0.0,0.0,0.0,0.0,-0.01,-1,-1,-0.01,-1,-1,-0.01,-1,-1,-0.01,-1,-1,-0.01,-1,-1,-0.01,-1,-1,-0.01,-1,-1,-0.01,-1,-1,-0.01,-1,-1,-0.01,-1,-1
99926009,2026-05-18 10:05:28+05:30,52869.6,0,0.0,0,0.0,0.0,53282.15,53308.4,52783.45,53710.35,0,0.0,0.0,0.0,0.0,-0.01,-1,-1,-0.01,-1,-1,-0.01,-1,-1,-0.01,-1,-1,-0.01,-1,-1,-0.01,-1,-1,-0.01,-1,-1,-0.01,-1,-1,-0.01,-1,-1,-0.01,-1,-1
99926009,2026-05-18 10:05:29+05:30,52870.95,0,0.0,0,0.0,0.0,53282.15,53308.4,52783.45,53710.35,0,0.0,0.0,0.0,0.0,-0.01,-1,-1,-0.01,-1,-1,-0.01,-1,-1,-0.01,-1,-1,-0.01,-1,-1,-0.01,-1,-1,-0.01,-1,-1,-0.01,-1,-1,-0.01,-1,-1,-0.01,-1,-1
99926009,2026-05-18 10:05:29+05:30,52870.8,0,0.0,0,0.0,0.0,53282.15,53308.4,52783.45,53710.35,0,0.0,0.0,0.0,0.0,-0.01,-1,-1,-0.01,-1,-1,-0.01,-1,-1,-0.01,-1,-1,-0.01,-1,-1,-0.01,-1,-1,-0.01,-1,-1,-0.01,-1,-1,-0.01,-1,-1,-0.01,-1,-1
99926009,2026-05-18 10:05:30+05:30,52872.55,0,0.0,0,0.0,0.0,53282.15,53308.4,52783.45,53710.35,0,0.0,0.0,0.0,0.0,-0.01,-1,-1,-0.01,-1,-1,-0.01,-1,-1,-0.01,-1,-1,-0.01,-1,-1,-0.01,-1,-1,-0.01,-1,-1,-0.01,-1,-1,-0.01,-1,-1,-0.01,-1,-1
99926009,2026-05-18 10:05:30+05:30,52870.5,0,0.0,0,0.0,0.0,53282.15,53308.4,52783.45,53710.35,0,0.0,0.0,0.0,0.0,-0.01,-1,-1,-0.01,-1,-1,-0.01,-1,-1,-0.01,-1,-1,-0.01,-1,-1,-0.01,-1,-1,-0.01,-1,-1,-0.01,-1,-1,-0.01,-1,-1,-0.01,-1,-1
99926009,2026-05-18 10:05:31+05:30,52871.5,0,0.0,0,0.0,0.0,53282.15,53308.4,52783.45,53710.35,0,0.0,0.0,0.0,0.0,-0.01,-1,-1,-0.01,-1,-1,-0.01,-1,-1,-0.01,-1,-1,-0.01,-1,-1,-0.01,-1,-1,-0.01,-1,-1,-0.01,-1,-1,-0.01,-1,-1,-0.01,-1,-1
99926009,2026-05-18 10:05:31+05:30,52873.95,0,0.0,0,0.0,0.0,53282.15,53308.4,52783.45,53710.35,0,0.0,0.0,0.0,0.0,-0.01,-1,-1,-0.01,-1,-1,-0.01,-1,-1,-0.01,-1,-1,-0.01,-1,-1,-0.01,-1,-1,-0.01,-1,-1,-0.01,-1,-1,-0.01,-1,-1,-0.01,-1,-1
99926009,2026-05-18 10:05:32+05:30,52872.95,0,0.0,0,0.0,0.0,53282.15,53308.4,52783.45,53710.35,0,0.0,0.0,0.0,0.0,-0.01,-1,-1,-0.01,-1,-1,-0.01,-1,-1,-0.01,-1,-1,-0.01,-1,-1,-0.01,-1,-1,-0.01,-1,-1,-0.01,-1,-1,-0.01,-1,-1,-0.01,-1,-1
99926009,2026-05-18 10:05:32+05:30,52874.95,0,0.0,0,0.0,0.0,53282.15,53308.4,52783.45,53710.35,0,0.0,0.0,0.0,0.0,-0.01,-1,-1,-0.01,-1,-1,-0.01,-1,-1,-0.01,-1,-1,-0.01,-1,-1,-0.01,-1,-1,-0.01,-1,-1,-0.01,-1,-1,-0.01,-1,-1,-0.01,-1,-1
99926009,2026-05-18 10:05:33+05:30,52876.8,0,0.0,0,0.0,0.0,53282.15,53308.4,52783.45,53710.35,0,0.0,0.0,0.0,0.0,-0.01,-1,-1,-0.01,-1,-1,-0.01,-1,-1,-0.01,-1,-1,-0.01,-1,-1,-0.01,-1,-1,-0.01,-1,-1,-0.01,-1,-1,-0.01,-1,-1,-0.01,-1,-1
99926009,2026-05-18 10:05:33+05:30,52874.35,0,0.0,0,0.0,0.0,53282.15,53308.4,52783.45,53710.35,0,0.0,0.0,0.0,0.0,-0.01,-1,-1,-0.01,-1,-1,-0.01,-1,-1,-0.01,-1,-1,-0.01,-1,-1,-0.01,-1,-1,-0.01,-1,-1,-0.01,-1,-1,-0.01,-1,-1,-0.01,-1,-1
99926009,2026-05-18 10:05:34+05:30,52874.45,0,0.0,0,0.0,0.0,53282.15,53308.4,52783.45,53710.35,0,0.0,0.0,0.0,0.0,-0.01,-1,-1,-0.01,-1,-1,-0.01,-1,-1,-0.01,-1,-1,-0.01,-1,-1,-0.01,-1,-1,-0.01,-1,-1,-0.01,-1,-1,-0.01,-1,-1,-0.01,-1,-1
99926009,2026-05-18 10:05:34+05:30,52875.75,0,0.0,0,0.0,0.0,53282.15,53308.4,52783.45,53710.35,0,0.0,0.0,0.0,0.0,-0.01,-1,-1,-0.01,-1,-1,-0.01,-1,-1,-0.01,-1,-1,-0.01,-1,-1,-0.01,-1,-1,-0.01,-1,-1,-0.01,-1,-1,-0.01,-1,-1,-0.01,-1,-1
99926009,2026-05-18 10:05:35+05:30,52872.65,0,0.0,0,0.0,0.0,53282.15,53308.4,52783.45,53710.35,0,0.0,0.0,0.0,0.0,-0.01,-1,-1,-0.01,-1,-1,-0.01,-1,-1,-0.01,-1,-1,-0.01,-1,-1,-0.01,-1,-1,-0.01,-1,-1,-0.01,-1,-1,-0.01,-1,-1,-0.01,-1,-1
99926009,2026-05-18 10:05:35+05:30,52876.4,0,0.0,0,0.0,0.0,53282.15,53308.4,52783.45,53710.35,0,0.0,0.0,0.0,0.0,-0.01,-1,-1,-0.01,-1,-1,-0.01,-1,-1,-0.01,-1,-1,-0.01,-1,-1,-0.01,-1,-1,-0.01,-1,-1,-0.01,-1,-1,-0.01,-1,-1,-0.01,-1,-1
99926009,2026-05-18 10:05:36+05:30,52875.8,0,0.0,0,0.0,0.0,53282.15,53308.4,52783.45,53710.35,0,0.0,0.0,0.0,0.0,-0.01,-1,-1,-0.01,-1,-1,-0.01,-1,-1,-0.01,-1,-1,-0.01,-1,-1,-0.01,-1,-1,-0.01,-1,-1,-0.01,-1,-1,-0.01,-1,-1,-0.01,-1,-1
99926009,2026-05-18 10:05:36+05:30,52877.45,0,0.0,0,0.0,0.0,53282.15,53308.4,52783.45,53710.35,0,0.0,0.0,0.0,0.0,-0.01,-1,-1,-0.01,-1,-1,-0.01,-1,-1,-0.01,-1,-1,-0.01,-1,-1,-0.01,-1,-1,-0.01,-1,-1,-0.01,-1,-1,-0.01,-1,-1,-0.01,-1,-1
99926009,2026-05-18 10:05:37+05:30,52876.95,0,0.0,0,0.0,0.0,53282.15,53308.4,52783.45,53710.35,0,0.0,0.0,0.0,0.0,-0.01,-1,-1,-0.01,-1,-1,-0.01,-1,-1,-0.01,-1,-1,-0.01,-1,-1,-0.01,-1,-1,-0.01,-1,-1,-0.01,-1,-1,-0.01,-1,-1,-0.01,-1,-1
99926009,2026-05-18 10:05:37+05:30,52876.0,0,0.0,0,0.0,0.0,53282.15,53308.4,52783.45,53710.35,0,0.0,0.0,0.0,0.0,-0.01,-1,-1,-0.01,-1,-1,-0.01,-1,-1,-0.01,-1,-1,-0.01,-1,-1,-0.01,-1,-1,-0.01,-1,-1,-0.01,-1,-1,-0.01,-1,-1,-0.01,-1,-1
99926009,2026-05-18 10:05:38+05:30,52876.85,0,0.0,0,0.0,0.0,53282.15,53308.4,52783.45,53710.35,0,0.0,0.0,0.0,0.0,-0.01,-1,-1,-0.01,-1,-1,-0.01,-1,-1,-0.01,-1,-1,-0.01,-1,-1,-0.01,-1,-1,-0.01,-1,-1,-0.01,-1,-1,-0.01,-1,-1,-0.01,-1,-1
99926009,2026-05-18 10:05:38+05:30,52875.45,0,0.0,0,0.0,0.0,53282.15,53308.4,52783.45,53710.35,0,0.0,0.0,0.0,0.0,-0.01,-1,-1,-0.01,-1,-1,-0.01,-1,-1,-0.01,-1,-1,-0.01,-1,-1,-0.01,-1,-1,-0.01,-1,-1,-0.01,-1,-1,-0.01,-1,-1,-0.01,-1,-1
99926009,2026-05-18 10:05:39+05:30,52874.6,0,0.0,0,0.0,0.0,53282.15,53308.4,52783.45,53710.35,0,0.0,0.0,0.0,0.0,-0.01,-1,-1,-0.01,-1,-1,-0.01,-1,-1,-0.01,-1,-1,-0.01,-1,-1,-0.01,-1,-1,-0.01,-1,-1,-0.01,-1,-1,-0.01,-1,-1,-0.01,-1,-1
99926009,2026-05-18 10:05:39+05:30,52876.95,0,0.0,0,0.0,0.0,53282.15,53308.4,52783.45,53710.35,0,0.0,0.0,0.0,0.0,-0.01,-1,-1,-0.01,-1,-1,-0.01,-1,-1,-0.01,-1,-1,-0.01,-1,-1,-0.01,-1,-1,-0.01,-1,-1,-0.01,-1,-1,-0.01,-1,-1,-0.01,-1,-1
99926009,2026-05-18 10:05:40+05:30,52876.8,0,0.0,0,0.0,0.0,53282.15,53308.4,52783.45,53710.35,0,0.0,0.0,0.0,0.0,-0.01,-1,-1,-0.01,-1,-1,-0.01,-1,-1,-0.01,-1,-1,-0.01,-1,-1,-0.01,-1,-1,-0.01,-1,-1,-0.01,-1,-1,-0.01,-1,-1,-0.01,-1,-1
99926009,2026-05-18 10:05:40+05:30,52875.8,0,0.0,0,0.0,0.0,53282.15,53308.4,52783.45,53710.35,0,0.0,0.0,0.0,0.0,-0.01,-1,-1,-0.01,-1,-1,-0.01,-1,-1,-0.01,-1,-1,-0.01,-1,-1,-0.01,-1,-1,-0.01,-1,-1,-0.01,-1,-1,-0.01,-1,-1,-0.01,-1,-1
99926009,2026-05-18 10:05:41+05:30,52877.15,0,0.0,0,0.0,0.0,53282.15,53308.4,52783.45,53710.35,0,0.0,0.0,0.0,0.0,-0.01,-1,-1,-0.01,-1,-1,-0.01,-1,-1,-0.01,-1,-1,-0.01,-1,-1,-0.01,-1,-1,-0.01,-1,-1,-0.01,-1,-1,-0.01,-1,-1,-0.01,-1,-1
99926009,2026-05-18 10:05:41+05:30,52875.85,0,0.0,0,0.0,0.0,53282.15,53308.4,52783.45,53710.35,0,0.0,0.0,0.0,0.0,-0.01,-1,-1,-0.01,-1,-1,-0.01,-1,-1,-0.01,-1,-1,-0.01,-1,-1,-0.01,-1,-1,-0.01,-1,-1,-0.01,-1,-1,-0.01,-1,-1,-0.01,-1,-1
99926009,2026-05-18 10:05:42+05:30,52873.65,0,0.0,0,0.0,0.0,53282.15,53308.4,52783.45,53710.35,0,0.0,0.0,0.0,0.0,-0.01,-1,-1,-0.01,-1,-1,-0.01,-1,-1,-0.01,-1,-1,-0.01,-1,-1,-0.01,-1,-1,-0.01,-1,-1,-0.01,-1,-1,-0.01,-1,-1,-0.01,-1,-1
99926009,2026-05-18 10:05:42+05:30,52874.25,0,0.0,0,0.0,0.0,53282.15,53308.4,52783.45,53710.35,0,0.0,0.0,0.0,0.0,-0.01,-1,-1,-0.01,-1,-1,-0.01,-1,-1,-0.01,-1,-1,-0.01,-1,-1,-0.01,-1,-1,-0.01,-1,-1,-0.01,-1,-1,-0.01,-1,-1,-0.01,-1,-1
99926009,2026-05-18 10:05:43+05:30,52874.55,0,0.0,0,0.0,0.0,53282.15,53308.4,52783.45,53710.35,0,0.0,0.0,0.0,0.0,-0.01,-1,-1,-0.01,-1,-1,-0.01,-1,-1,-0.01,-1,-1,-0.01,-1,-1,-0.01,-1,-1,-0.01,-1,-1,-0.01,-1,-1,-0.01,-1,-1,-0.01,-1,-1
99926009,2026-05-18 10:05:43+05:30,52876.0,0,0.0,0,0.0,0.0,53282.15,53308.4,52783.45,53710.35,0,0.0,0.0,0.0,0.0,-0.01,-1,-1,-0.01,-1,-1,-0.01,-1,-1,-0.01,-1,-1,-0.01,-1,-1,-0.01,-1,-1,-0.01,-1,-1,-0.01,-1,-1,-0.01,-1,-1,-0.01,-1,-1
99926009,2026-05-18 10:05:44+05:30,52874.25,0,0.0,0,0.0,0.0,53282.15,53308.4,52783.45,53710.35,0,0.0,0.0,0.0,0.0,-0.01,-1,-1,-0.01,-1,-1,-0.01,-1,-1,-0.01,-1,-1,-0.01,-1,-1,-0.01,-1,-1,-0.01,-1,-1,-0.01,-1,-1,-0.01,-1,-1,-0.01,-1,-1
99926009,2026-05-18 10:05:44+05:30,52876.4,0,0.0,0,0.0,0.0,53282.15,53308.4,52783.45,53710.35,0,0.0,0.0,0.0,0.0,-0.01,-1,-1,-0.01,-1,-1,-0.01,-1,-1,-0.01,-1,-1,-0.01,-1,-1,-0.01,-1,-1,-0.01,-1,-1,-0.01,-1,-1,-0.01,-1,-1,-0.01,-1,-1
99926009,2026-05-18 10:05:45+05:30,52875.6,0,0.0,0,0.0,0.0,53282.15,53308.4,52783.45,53710.35,0,0.0,0.0,0.0,0.0,-0.01,-1,-1,-0.01,-1,-1,-0.01,-1,-1,-0.01,-1,-1,-0.01,-1,-1,-0.01,-1,-1,-0.01,-1,-1,-0.01,-1,-1,-0.01,-1,-1,-0.01,-1,-1
99926009,2026-05-18 10:05:45+05:30,52875.35,0,0.0,0,0.0,0.0,53282.15,53308.4,52783.45,53710.35,0,0.0,0.0,0.0,0.0,-0.01,-1,-1,-0.01,-1,-1,-0.01,-1,-1,-0.01,-1,-1,-0.01,-1,-1,-0.01,-1,-1,-0.01,-1,-1,-0.01,-1,-1,-0.01,-1,-1,-0.01,-1,-1
99926009,2026-05-18 10:05:46+05:30,52880.95,0,0.0,0,0.0,0.0,53282.15,53308.4,52783.45,53710.35,0,0.0,0.0,0.0,0.0,-0.01,-1,-1,-0.01,-1,-1,-0.01,-1,-1,-0.01,-1,-1,-0.01,-1,-1,-0.01,-1,-1,-0.01,-1,-1,-0.01,-1,-1,-0.01,-1,-1,-0.01,-1,-1
99926009,2026-05-18 10:05:46+05:30,52880.75,0,0.0,0,0.0,0.0,53282.15,53308.4,52783.45,53710.35,0,0.0,0.0,0.0,0.0,-0.01,-1,-1,-0.01,-1,-1,-0.01,-1,-1,-0.01,-1,-1,-0.01,-1,-1,-0.01,-1,-1,-0.01,-1,-1,-0.01,-1,-1,-0.01,-1,-1,-0.01,-1,-1
99926009,2026-05-18 10:05:47+05:30,52883.4,0,0.0,0,0.0,0.0,53282.15,53308.4,52783.45,53710.35,0,0.0,0.0,0.0,0.0,-0.01,-1,-1,-0.01,-1,-1,-0.01,-1,-1,-0.01,-1,-1,-0.01,-1,-1,-0.01,-1,-1,-0.01,-1,-1,-0.01,-1,-1,-0.01,-1,-1,-0.01,-1,-1
99926009,2026-05-18 10:05:47+05:30,52882.75,0,0.0,0,0.0,0.0,53282.15,53308.4,52783.45,53710.35,0,0.0,0.0,0.0,0.0,-0.01,-1,-1,-0.01,-1,-1,-0.01,-1,-1,-0.01,-1,-1,-0.01,-1,-1,-0.01,-1,-1,-0.01,-1,-1,-0.01,-1,-1,-0.01,-1,-1,-0.01,-1,-1
99926009,2026-05-18 10:05:48+05:30,52880.3,0,0.0,0,0.0,0.0,53282.15,53308.4,52783.45,53710.35,0,0.0,0.0,0.0,0.0,-0.01,-1,-1,-0.01,-1,-1,-0.01,-1,-1,-0.01,-1,-1,-0.01,-1,-1,-0.01,-1,-1,-0.01,-1,-1,-0.01,-1,-1,-0.01,-1,-1,-0.01,-1,-1
99926009,2026-05-18 10:05:48+05:30,52878.85,0,0.0,0,0.0,0.0,53282.15,53308.4,52783.45,53710.35,0,0.0,0.0,0.0,0.0,-0.01,-1,-1,-0.01,-1,-1,-0.01,-1,-1,-0.01,-1,-1,-0.01,-1,-1,-0.01,-1,-1,-0.01,-1,-1,-0.01,-1,-1,-0.01,-1,-1,-0.01,-1,-1
99926009,2026-05-18 10:05:49+05:30,52877.4,0,0.0,0,0.0,0.0,53282.15,53308.4,52783.45,53710.35,0,0.0,0.0,0.0,0.0,-0.01,-1,-1,-0.01,-1,-1,-0.01,-1,-1,-0.01,-1,-1,-0.01,-1,-1,-0.01,-1,-1,-0.01,-1,-1,-0.01,-1,-1,-0.01,-1,-1,-0.01,-1,-1
99926009,2026-05-18 10:05:49+05:30,52877.5,0,0.0,0,0.0,0.0,53282.15,53308.4,52783.45,53710.35,0,0.0,0.0,0.0,0.0,-0.01,-1,-1,-0.01,-1,-1,-0.01,-1,-1,-0.01,-1,-1,-0.01,-1,-1,-0.01,-1,-1,-0.01,-1,-1,-0.01,-1,-1,-0.01,-1,-1,-0.01,-1,-1
99926009,2026-05-18 10:05:50+05:30,52877.15,0,0.0,0,0.0,0.0,53282.15,53308.4,52783.45,53710.35,0,0.0,0.0,0.0,0.0,-0.01,-1,-1,-0.01,-1,-1,-0.01,-1,-1,-0.01,-1,-1,-0.01,-1,-1,-0.01,-1,-1,-0.01,-1,-1,-0.01,-1,-1,-0.01,-1,-1,-0.01,-1,-1
99926009,2026-05-18 10:05:50+05:30,52876.65,0,0.0,0,0.0,0.0,53282.15,53308.4,52783.45,53710.35,0,0.0,0.0,0.0,0.0,-0.01,-1,-1,-0.01,-1,-1,-0.01,-1,-1,-0.01,-1,-1,-0.01,-1,-1,-0.01,-1,-1,-0.01,-1,-1,-0.01,-1,-1,-0.01,-1,-1,-0.01,-1,-1
99926009,2026-05-18 10:05:51+05:30,52877.0,0,0.0,0,0.0,0.0,53282.15,53308.4,52783.45,53710.35,0,0.0,0.0,0.0,0.0,-0.01,-1,-1,-0.01,-1,-1,-0.01,-1,-1,-0.01,-1,-1,-0.01,-1,-1,-0.01,-1,-1,-0.01,-1,-1,-0.01,-1,-1,-0.01,-1,-1,-0.01,-1,-1
99926009,2026-05-18 10:05:51+05:30,52882.05,0,0.0,0,0.0,0.0,53282.15,53308.4,52783.45,53710.35,0,0.0,0.0,0.0,0.0,-0.01,-1,-1,-0.01,-1,-1,-0.01,-1,-1,-0.01,-1,-1,-0.01,-1,-1,-0.01,-1,-1,-0.01,-1,-1,-0.01,-1,-1,-0.01,-1,-1,-0.01,-1,-1
99926009,2026-05-18 10:05:52+05:30,52881.85,0,0.0,0,0.0,0.0,53282.15,53308.4,52783.45,53710.35,0,0.0,0.0,0.0,0.0,-0.01,-1,-1,-0.01,-1,-1,-0.01,-1,-1,-0.01,-1,-1,-0.01,-1,-1,-0.01,-1,-1,-0.01,-1,-1,-0.01,-1,-1,-0.01,-1,-1,-0.01,-1,-1
99926009,2026-05-18 10:05:52+05:30,52879.6,0,0.0,0,0.0,0.0,53282.15,53308.4,52783.45,53710.35,0,0.0,0.0,0.0,0.0,-0.01,-1,-1,-0.01,-1,-1,-0.01,-1,-1,-0.01,-1,-1,-0.01,-1,-1,-0.01,-1,-1,-0.01,-1,-1,-0.01,-1,-1,-0.01,-1,-1,-0.01,-1,-1
99926009,2026-05-18 10:05:53+05:30,52880.1,0,0.0,0,0.0,0.0,53282.15,53308.4,52783.45,53710.35,0,0.0,0.0,0.0,0.0,-0.01,-1,-1,-0.01,-1,-1,-0.01,-1,-1,-0.01,-1,-1,-0.01,-1,-1,-0.01,-1,-1,-0.01,-1,-1,-0.01,-1,-1,-0.01,-1,-1,-0.01,-1,-1
99926009,2026-05-18 10:05:53+05:30,52878.35,0,0.0,0,0.0,0.0,53282.15,53308.4,52783.45,53710.35,0,0.0,0.0,0.0,0.0,-0.01,-1,-1,-0.01,-1,-1,-0.01,-1,-1,-0.01,-1,-1,-0.01,-1,-1,-0.01,-1,-1,-0.01,-1,-1,-0.01,-1,-1,-0.01,-1,-1,-0.01,-1,-1
99926009,2026-05-18 10:05:54+05:30,52882.1,0,0.0,0,0.0,0.0,53282.15,53308.4,52783.45,53710.35,0,0.0,0.0,0.0,0.0,-0.01,-1,-1,-0.01,-1,-1,-0.01,-1,-1,-0.01,-1,-1,-0.01,-1,-1,-0.01,-1,-1,-0.01,-1,-1,-0.01,-1,-1,-0.01,-1,-1,-0.01,-1,-1
99926009,2026-05-18 10:05:54+05:30,52884.15,0,0.0,0,0.0,0.0,53282.15,53308.4,52783.45,53710.35,0,0.0,0.0,0.0,0.0,-0.01,-1,-1,-0.01,-1,-1,-0.01,-1,-1,-0.01,-1,-1,-0.01,-1,-1,-0.01,-1,-1,-0.01,-1,-1,-0.01,-1,-1,-0.01,-1,-1,-0.01,-1,-1
99926009,2026-05-18 10:05:55+05:30,52880.85,0,0.0,0,0.0,0.0,53282.15,53308.4,52783.45,53710.35,0,0.0,0.0,0.0,0.0,-0.01,-1,-1,-0.01,-1,-1,-0.01,-1,-1,-0.01,-1,-1,-0.01,-1,-1,-0.01,-1,-1,-0.01,-1,-1,-0.01,-1,-1,-0.01,-1,-1,-0.01,-1,-1
99926009,2026-05-18 10:05:55+05:30,52878.2,0,0.0,0,0.0,0.0,53282.15,53308.4,52783.45,53710.35,0,0.0,0.0,0.0,0.0,-0.01,-1,-1,-0.01,-1,-1,-0.01,-1,-1,-0.01,-1,-1,-0.01,-1,-1,-0.01,-1,-1,-0.01,-1,-1,-0.01,-1,-1,-0.01,-1,-1,-0.01,-1,-1
99926009,2026-05-18 10:05:56+05:30,52878.0,0,0.0,0,0.0,0.0,53282.15,53308.4,52783.45,53710.35,0,0.0,0.0,0.0,0.0,-0.01,-1,-1,-0.01,-1,-1,-0.01,-1,-1,-0.01,-1,-1,-0.01,-1,-1,-0.01,-1,-1,-0.01,-1,-1,-0.01,-1,-1,-0.01,-1,-1,-0.01,-1,-1
99926009,2026-05-18 10:05:56+05:30,52875.75,0,0.0,0,0.0,0.0,53282.15,53308.4,52783.45,53710.35,0,0.0,0.0,0.0,0.0,-0.01,-1,-1,-0.01,-1,-1,-0.01,-1,-1,-0.01,-1,-1,-0.01,-1,-1,-0.01,-1,-1,-0.01,-1,-1,-0.01,-1,-1,-0.01,-1,-1,-0.01,-1,-1
99926009,2026-05-18 10:05:57+05:30,52874.7,0,0.0,0,0.0,0.0,53282.15,53308.4,52783.45,53710.35,0,0.0,0.0,0.0,0.0,-0.01,-1,-1,-0.01,-1,-1,-0.01,-1,-1,-0.01,-1,-1,-0.01,-1,-1,-0.01,-1,-1,-0.01,-1,-1,-0.01,-1,-1,-0.01,-1,-1,-0.01,-1,-1
99926009,2026-05-18 10:05:57+05:30,52875.05,0,0.0,0,0.0,0.0,53282.15,53308.4,52783.45,53710.35,0,0.0,0.0,0.0,0.0,-0.01,-1,-1,-0.01,-1,-1,-0.01,-1,-1,-0.01,-1,-1,-0.01,-1,-1,-0.01,-1,-1,-0.01,-1,-1,-0.01,-1,-1,-0.01,-1,-1,-0.01,-1,-1
99926009,2026-05-18 10:05:58+05:30,52876.7,0,0.0,0,0.0,0.0,53282.15,53308.4,52783.45,53710.35,0,0.0,0.0,0.0,0.0,-0.01,-1,-1,-0.01,-1,-1,-0.01,-1,-1,-0.01,-1,-1,-0.01,-1,-1,-0.01,-1,-1,-0.01,-1,-1,-0.01,-1,-1,-0.01,-1,-1,-0.01,-1,-1
99926009,2026-05-18 10:05:58+05:30,52874.0,0,0.0,0,0.0,0.0,53282.15,53308.4,52783.45,53710.35,0,0.0,0.0,0.0,0.0,-0.01,-1,-1,-0.01,-1,-1,-0.01,-1,-1,-0.01,-1,-1,-0.01,-1,-1,-0.01,-1,-1,-0.01,-1,-1,-0.01,-1,-1,-0.01,-1,-1,-0.01,-1,-1
99926009,2026-05-18 10:05:59+05:30,52875.5,0,0.0,0,0.0,0.0,53282.15,53308.4,52783.45,53710.35,0,0.0,0.0,0.0,0.0,-0.01,-1,-1,-0.01,-1,-1,-0.01,-1,-1,-0.01,-1,-1,-0.01,-1,-1,-0.01,-1,-1,-0.01,-1,-1,-0.01,-1,-1,-0.01,-1,-1,-0.01,-1,-1
99926009,2026-05-18 10:05:59+05:30,52875.15,0,0.0,0,0.0,0.0,53282.15,53308.4,52783.45,53710.35,0,0.0,0.0,0.0,0.0,-0.01,-1,-1,-0.01,-1,-1,-0.01,-1,-1,-0.01,-1,-1,-0.01,-1,-1,-0.01,-1,-1,-0.01,-1,-1,-0.01,-1,-1,-0.01,-1,-1,-0.01,-1,-1
99926009,2026-05-18 10:06:00+05:30,52876.7,0,0.0,0,0.0,0.0,53282.15,53308.4,52783.45,53710.35,0,0.0,0.0,0.0,0.0,-0.01,-1,-1,-0.01,-1,-1,-0.01,-1,-1,-0.01,-1,-1,-0.01,-1,-1,-0.01,-1,-1,-0.01,-1,-1,-0.01,-1,-1,-0.01,-1,-1,-0.01,-1,-1
99926009,2026-05-18 10:06:00+05:30,52873.25,0,0.0,0,0.0,0.0,53282.15,53308.4,52783.45,53710.35,0,0.0,0.0,0.0,0.0,-0.01,-1,-1,-0.01,-1,-1,-0.01,-1,-1,-0.01,-1,-1,-0.01,-1,-1,-0.01,-1,-1,-0.01,-1,-1,-0.01,-1,-1,-0.01,-1,-1,-0.01,-1,-1
99926009,2026-05-18 10:06:01+05:30,52876.2,0,0.0,0,0.0,0.0,53282.15,53308.4,52783.45,53710.35,0,0.0,0.0,0.0,0.0,-0.01,-1,-1,-0.01,-1,-1,-0.01,-1,-1,-0.01,-1,-1,-0.01,-1,-1,-0.01,-1,-1,-0.01,-1,-1,-0.01,-1,-1,-0.01,-1,-1,-0.01,-1,-1
99926009,2026-05-18 10:06:01+05:30,52874.1,0,0.0,0,0.0,0.0,53282.15,53308.4,52783.45,53710.35,0,0.0,0.0,0.0,0.0,-0.01,-1,-1,-0.01,-1,-1,-0.01,-1,-1,-0.01,-1,-1,-0.01,-1,-1,-0.01,-1,-1,-0.01,-1,-1,-0.01,-1,-1,-0.01,-1,-1,-0.01,-1,-1
99926009,2026-05-18 10:06:02+05:30,52875.8,0,0.0,0,0.0,0.0,53282.15,53308.4,52783.45,53710.35,0,0.0,0.0,0.0,0.0,-0.01,-1,-1,-0.01,-1,-1,-0.01,-1,-1,-0.01,-1,-1,-0.01,-1,-1,-0.01,-1,-1,-0.01,-1,-1,-0.01,-1,-1,-0.01,-1,-1,-0.01,-1,-1
99926009,2026-05-18 10:06:02+05:30,52875.95,0,0.0,0,0.0,0.0,53282.15,53308.4,52783.45,53710.35,0,0.0,0.0,0.0,0.0,-0.01,-1,-1,-0.01,-1,-1,-0.01,-1,-1,-0.01,-1,-1,-0.01,-1,-1,-0.01,-1,-1,-0.01,-1,-1,-0.01,-1,-1,-0.01,-1,-1,-0.01,-1,-1
99926009,2026-05-18 10:06:03+05:30,52875.0,0,0.0,0,0.0,0.0,53282.15,53308.4,52783.45,53710.35,0,0.0,0.0,0.0,0.0,-0.01,-1,-1,-0.01,-1,-1,-0.01,-1,-1,-0.01,-1,-1,-0.01,-1,-1,-0.01,-1,-1,-0.01,-1,-1,-0.01,-1,-1,-0.01,-1,-1,-0.01,-1,-1
99926009,2026-05-18 10:06:03+05:30,52876.05,0,0.0,0,0.0,0.0,53282.15,53308.4,52783.45,53710.35,0,0.0,0.0,0.0,0.0,-0.01,-1,-1,-0.01,-1,-1,-0.01,-1,-1,-0.01,-1,-1,-0.01,-1,-1,-0.01,-1,-1,-0.01,-1,-1,-0.01,-1,-1,-0.01,-1,-1,-0.01,-1,-1
99926009,2026-05-18 10:06:04+05:30,52873.65,0,0.0,0,0.0,0.0,53282.15,53308.4,52783.45,53710.35,0,0.0,0.0,0.0,0.0,-0.01,-1,-1,-0.01,-1,-1,-0.01,-1,-1,-0.01,-1,-1,-0.01,-1,-1,-0.01,-1,-1,-0.01,-1,-1,-0.01,-1,-1,-0.01,-1,-1,-0.01,-1,-1
99926009,2026-05-18 10:06:04+05:30,52876.25,0,0.0,0,0.0,0.0,53282.15,53308.4,52783.45,53710.35,0,0.0,0.0,0.0,0.0,-0.01,-1,-1,-0.01,-1,-1,-0.01,-1,-1,-0.01,-1,-1,-0.01,-1,-1,-0.01,-1,-1,-0.01,-1,-1,-0.01,-1,-1,-0.01,-1,-1,-0.01,-1,-1
99926009,2026-05-18 10:06:05+05:30,52873.05,0,0.0,0,0.0,0.0,53282.15,53308.4,52783.45,53710.35,0,0.0,0.0,0.0,0.0,-0.01,-1,-1,-0.01,-1,-1,-0.01,-1,-1,-0.01,-1,-1,-0.01,-1,-1,-0.01,-1,-1,-0.01,-1,-1,-0.01,-1,-1,-0.01,-1,-1,-0.01,-1,-1
99926009,2026-05-18 10:06:05+05:30,52872.05,0,0.0,0,0.0,0.0,53282.15,53308.4,52783.45,53710.35,0,0.0,0.0,0.0,0.0,-0.01,-1,-1,-0.01,-1,-1,-0.01,-1,-1,-0.01,-1,-1,-0.01,-1,-1,-0.01,-1,-1,-0.01,-1,-1,-0.01,-1,-1,-0.01,-1,-1,-0.01,-1,-1
99926009,2026-05-18 10:06:06+05:30,52872.05,0,0.0,0,0.0,0.0,53282.15,53308.4,52783.45,53710.35,0,0.0,0.0,0.0,0.0,-0.01,-1,-1,-0.01,-1,-1,-0.01,-1,-1,-0.01,-1,-1,-0.01,-1,-1,-0.01,-1,-1,-0.01,-1,-1,-0.01,-1,-1,-0.01,-1,-1,-0.01,-1,-1
99926009,2026-05-18 10:06:06+05:30,52872.4,0,0.0,0,0.0,0.0,53282.15,53308.4,52783.45,53710.35,0,0.0,0.0,0.0,0.0,-0.01,-1,-1,-0.01,-1,-1,-0.01,-1,-1,-0.01,-1,-1,-0.01,-1,-1,-0.01,-1,-1,-0.01,-1,-1,-0.01,-1,-1,-0.01,-1,-1,-0.01,-1,-1
99926009,2026-05-18 10:06:07+05:30,52879.0,0,0.0,0,0.0,0.0,53282.15,53308.4,52783.45,53710.35,0,0.0,0.0,0.0,0.0,-0.01,-1,-1,-0.01,-1,-1,-0.01,-1,-1,-0.01,-1,-1,-0.01,-1,-1,-0.01,-1,-1,-0.01,-1,-1,-0.01,-1,-1,-0.01,-1,-1,-0.01,-1,-1
99926009,2026-05-18 10:06:07+05:30,52879.05,0,0.0,0,0.0,0.0,53282.15,53308.4,52783.45,53710.35,0,0.0,0.0,0.0,0.0,-0.01,-1,-1,-0.01,-1,-1,-0.01,-1,-1,-0.01,-1,-1,-0.01,-1,-1,-0.01,-1,-1,-0.01,-1,-1,-0.01,-1,-1,-0.01,-1,-1,-0.01,-1,-1
99926009,2026-05-18 10:06:08+05:30,52878.0,0,0.0,0,0.0,0.0,53282.15,53308.4,52783.45,53710.35,0,0.0,0.0,0.0,0.0,-0.01,-1,-1,-0.01,-1,-1,-0.01,-1,-1,-0.01,-1,-1,-0.01,-1,-1,-0.01,-1,-1,-0.01,-1,-1,-0.01,-1,-1,-0.01,-1,-1,-0.01,-1,-1
99926009,2026-05-18 10:06:08+05:30,52879.9,0,0.0,0,0.0,0.0,53282.15,53308.4,52783.45,53710.35,0,0.0,0.0,0.0,0.0,-0.01,-1,-1,-0.01,-1,-1,-0.01,-1,-1,-0.01,-1,-1,-0.01,-1,-1,-0.01,-1,-1,-0.01,-1,-1,-0.01,-1,-1,-0.01,-1,-1,-0.01,-1,-1
99926009,2026-05-18 10:06:09+05:30,52873.2,0,0.0,0,0.0,0.0,53282.15,53308.4,52783.45,53710.35,0,0.0,0.0,0.0,0.0,-0.01,-1,-1,-0.01,-1,-1,-0.01,-1,-1,-0.01,-1,-1,-0.01,-1,-1,-0.01,-1,-1,-0.01,-1,-1,-0.01,-1,-1,-0.01,-1,-1,-0.01,-1,-1
99926009,2026-05-18 10:06:09+05:30,52879.05,0,0.0,0,0.0,0.0,53282.15,53308.4,52783.45,53710.35,0,0.0,0.0,0.0,0.0,-0.01,-1,-1,-0.01,-1,-1,-0.01,-1,-1,-0.01,-1,-1,-0.01,-1,-1,-0.01,-1,-1,-0.01,-1,-1,-0.01,-1,-1,-0.01,-1,-1,-0.01,-1,-1
99926009,2026-05-18 10:06:10+05:30,52873.75,0,0.0,0,0.0,0.0,53282.15,53308.4,52783.45,53710.35,0,0.0,0.0,0.0,0.0,-0.01,-1,-1,-0.01,-1,-1,-0.01,-1,-1,-0.01,-1,-1,-0.01,-1,-1,-0.01,-1,-1,-0.01,-1,-1,-0.01,-1,-1,-0.01,-1,-1,-0.01,-1,-1
99926009,2026-05-18 10:06:10+05:30,52878.5,0,0.0,0,0.0,0.0,53282.15,53308.4,52783.45,53710.35,0,0.0,0.0,0.0,0.0,-0.01,-1,-1,-0.01,-1,-1,-0.01,-1,-1,-0.01,-1,-1,-0.01,-1,-1,-0.01,-1,-1,-0.01,-1,-1,-0.01,-1,-1,-0.01,-1,-1,-0.01,-1,-1
99926009,2026-05-18 10:06:11+05:30,52876.95,0,0.0,0,0.0,0.0,53282.15,53308.4,52783.45,53710.35,0,0.0,0.0,0.0,0.0,-0.01,-1,-1,-0.01,-1,-1,-0.01,-1,-1,-0.01,-1,-1,-0.01,-1,-1,-0.01,-1,-1,-0.01,-1,-1,-0.01,-1,-1,-0.01,-1,-1,-0.01,-1,-1
99926009,2026-05-18 10:06:11+05:30,52872.8,0,0.0,0,0.0,0.0,53282.15,53308.4,52783.45,53710.35,0,0.0,0.0,0.0,0.0,-0.01,-1,-1,-0.01,-1,-1,-0.01,-1,-1,-0.01,-1,-1,-0.01,-1,-1,-0.01,-1,-1,-0.01,-1,-1,-0.01,-1,-1,-0.01,-1,-1,-0.01,-1,-1
99926009,2026-05-18 10:06:12+05:30,52876.25,0,0.0,0,0.0,0.0,53282.15,53308.4,52783.45,53710.35,0,0.0,0.0,0.0,0.0,-0.01,-1,-1,-0.01,-1,-1,-0.01,-1,-1,-0.01,-1,-1,-0.01,-1,-1,-0.01,-1,-1,-0.01,-1,-1,-0.01,-1,-1,-0.01,-1,-1,-0.01,-1,-1
99926009,2026-05-18 10:06:12+05:30,52879.15,0,0.0,0,0.0,0.0,53282.15,53308.4,52783.45,53710.35,0,0.0,0.0,0.0,0.0,-0.01,-1,-1,-0.01,-1,-1,-0.01,-1,-1,-0.01,-1,-1,-0.01,-1,-1,-0.01,-1,-1,-0.01,-1,-1,-0.01,-1,-1,-0.01,-1,-1,-0.01,-1,-1
99926009,2026-05-18 10:06:13+05:30,52878.05,0,0.0,0,0.0,0.0,53282.15,53308.4,52783.45,53710.35,0,0.0,0.0,0.0,0.0,-0.01,-1,-1,-0.01,-1,-1,-0.01,-1,-1,-0.01,-1,-1,-0.01,-1,-1,-0.01,-1,-1,-0.01,-1,-1,-0.01,-1,-1,-0.01,-1,-1,-0.01,-1,-1
99926009,2026-05-18 10:06:13+05:30,52877.45,0,0.0,0,0.0,0.0,53282.15,53308.4,52783.45,53710.35,0,0.0,0.0,0.0,0.0,-0.01,-1,-1,-0.01,-1,-1,-0.01,-1,-1,-0.01,-1,-1,-0.01,-1,-1,-0.01,-1,-1,-0.01,-1,-1,-0.01,-1,-1,-0.01,-1,-1,-0.01,-1,-1
99926009,2026-05-18 10:06:14+05:30,52874.2,0,0.0,0,0.0,0.0,53282.15,53308.4,52783.45,53710.35,0,0.0,0.0,0.0,0.0,-0.01,-1,-1,-0.01,-1,-1,-0.01,-1,-1,-0.01,-1,-1,-0.01,-1,-1,-0.01,-1,-1,-0.01,-1,-1,-0.01,-1,-1,-0.01,-1,-1,-0.01,-1,-1
99926009,2026-05-18 10:06:14+05:30,52875.4,0,0.0,0,0.0,0.0,53282.15,53308.4,52783.45,53710.35,0,0.0,0.0,0.0,0.0,-0.01,-1,-1,-0.01,-1,-1,-0.01,-1,-1,-0.01,-1,-1,-0.01,-1,-1,-0.01,-1,-1,-0.01,-1,-1,-0.01,-1,-1,-0.01,-1,-1,-0.01,-1,-1
99926009,2026-05-18 10:06:15+05:30,52874.95,0,0.0,0,0.0,0.0,53282.15,53308.4,52783.45,53710.35,0,0.0,0.0,0.0,0.0,-0.01,-1,-1,-0.01,-1,-1,-0.01,-1,-1,-0.01,-1,-1,-0.01,-1,-1,-0.01,-1,-1,-0.01,-1,-1,-0.01,-1,-1,-0.01,-1,-1,-0.01,-1,-1
99926009,2026-05-18 10:06:15+05:30,52874.0,0,0.0,0,0.0,0.0,53282.15,53308.4,52783.45,53710.35,0,0.0,0.0,0.0,0.0,-0.01,-1,-1,-0.01,-1,-1,-0.01,-1,-1,-0.01,-1,-1,-0.01,-1,-1,-0.01,-1,-1,-0.01,-1,-1,-0.01,-1,-1,-0.01,-1,-1,-0.01,-1,-1
99926009,2026-05-18 10:06:16+05:30,52877.1,0,0.0,0,0.0,0.0,53282.15,53308.4,52783.45,53710.35,0,0.0,0.0,0.0,0.0,-0.01,-1,-1,-0.01,-1,-1,-0.01,-1,-1,-0.01,-1,-1,-0.01,-1,-1,-0.01,-1,-1,-0.01,-1,-1,-0.01,-1,-1,-0.01,-1,-1,-0.01,-1,-1
99926009,2026-05-18 10:06:16+05:30,52876.15,0,0.0,0,0.0,0.0,53282.15,53308.4,52783.45,53710.35,0,0.0,0.0,0.0,0.0,-0.01,-1,-1,-0.01,-1,-1,-0.01,-1,-1,-0.01,-1,-1,-0.01,-1,-1,-0.01,-1,-1,-0.01,-1,-1,-0.01,-1,-1,-0.01,-1,-1,-0.01,-1,-1
99926009,2026-05-18 10:06:17+05:30,52869.1,0,0.0,0,0.0,0.0,53282.15,53308.4,52783.45,53710.35,0,0.0,0.0,0.0,0.0,-0.01,-1,-1,-0.01,-1,-1,-0.01,-1,-1,-0.01,-1,-1,-0.01,-1,-1,-0.01,-1,-1,-0.01,-1,-1,-0.01,-1,-1,-0.01,-1,-1,-0.01,-1,-1
99926009,2026-05-18 10:06:17+05:30,52876.8,0,0.0,0,0.0,0.0,53282.15,53308.4,52783.45,53710.35,0,0.0,0.0,0.0,0.0,-0.01,-1,-1,-0.01,-1,-1,-0.01,-1,-1,-0.01,-1,-1,-0.01,-1,-1,-0.01,-1,-1,-0.01,-1,-1,-0.01,-1,-1,-0.01,-1,-1,-0.01,-1,-1
99926009,2026-05-18 10:06:18+05:30,52873.8,0,0.0,0,0.0,0.0,53282.15,53308.4,52783.45,53710.35,0,0.0,0.0,0.0,0.0,-0.01,-1,-1,-0.01,-1,-1,-0.01,-1,-1,-0.01,-1,-1,-0.01,-1,-1,-0.01,-1,-1,-0.01,-1,-1,-0.01,-1,-1,-0.01,-1,-1,-0.01,-1,-1
99926009,2026-05-18 10:06:18+05:30,52878.85,0,0.0,0,0.0,0.0,53282.15,53308.4,52783.45,53710.35,0,0.0,0.0,0.0,0.0,-0.01,-1,-1,-0.01,-1,-1,-0.01,-1,-1,-0.01,-1,-1,-0.01,-1,-1,-0.01,-1,-1,-0.01,-1,-1,-0.01,-1,-1,-0.01,-1,-1,-0.01,-1,-1
99926009,2026-05-18 10:06:19+05:30,52878.0,0,0.0,0,0.0,0.0,53282.15,53308.4,52783.45,53710.35,0,0.0,0.0,0.0,0.0,-0.01,-1,-1,-0.01,-1,-1,-0.01,-1,-1,-0.01,-1,-1,-0.01,-1,-1,-0.01,-1,-1,-0.01,-1,-1,-0.01,-1,-1,-0.01,-1,-1,-0.01,-1,-1
99926009,2026-05-18 10:06:19+05:30,52877.35,0,0.0,0,0.0,0.0,53282.15,53308.4,52783.45,53710.35,0,0.0,0.0,0.0,0.0,-0.01,-1,-1,-0.01,-1,-1,-0.01,-1,-1,-0.01,-1,-1,-0.01,-1,-1,-0.01,-1,-1,-0.01,-1,-1,-0.01,-1,-1,-0.01,-1,-1,-0.01,-1,-1
99926009,2026-05-18 10:06:20+05:30,52876.85,0,0.0,0,0.0,0.0,53282.15,53308.4,52783.45,53710.35,0,0.0,0.0,0.0,0.0,-0.01,-1,-1,-0.01,-1,-1,-0.01,-1,-1,-0.01,-1,-1,-0.01,-1,-1,-0.01,-1,-1,-0.01,-1,-1,-0.01,-1,-1,-0.01,-1,-1,-0.01,-1,-1
99926009,2026-05-18 10:06:20+05:30,52875.7,0,0.0,0,0.0,0.0,53282.15,53308.4,52783.45,53710.35,0,0.0,0.0,0.0,0.0,-0.01,-1,-1,-0.01,-1,-1,-0.01,-1,-1,-0.01,-1,-1,-0.01,-1,-1,-0.01,-1,-1,-0.01,-1,-1,-0.01,-1,-1,-0.01,-1,-1,-0.01,-1,-1
99926009,2026-05-18 10:06:21+05:30,52876.85,0,0.0,0,0.0,0.0,53282.15,53308.4,52783.45,53710.35,0,0.0,0.0,0.0,0.0,-0.01,-1,-1,-0.01,-1,-1,-0.01,-1,-1,-0.01,-1,-1,-0.01,-1,-1,-0.01,-1,-1,-0.01,-1,-1,-0.01,-1,-1,-0.01,-1,-1,-0.01,-1,-1
99926009,2026-05-18 10:06:21+05:30,52872.9,0,0.0,0,0.0,0.0,53282.15,53308.4,52783.45,53710.35,0,0.0,0.0,0.0,0.0,-0.01,-1,-1,-0.01,-1,-1,-0.01,-1,-1,-0.01,-1,-1,-0.01,-1,-1,-0.01,-1,-1,-0.01,-1,-1,-0.01,-1,-1,-0.01,-1,-1,-0.01,-1,-1
99926009,2026-05-18 10:06:22+05:30,52871.15,0,0.0,0,0.0,0.0,53282.15,53308.4,52783.45,53710.35,0,0.0,0.0,0.0,0.0,-0.01,-1,-1,-0.01,-1,-1,-0.01,-1,-1,-0.01,-1,-1,-0.01,-1,-1,-0.01,-1,-1,-0.01,-1,-1,-0.01,-1,-1,-0.01,-1,-1,-0.01,-1,-1
99926009,2026-05-18 10:06:22+05:30,52873.9,0,0.0,0,0.0,0.0,53282.15,53308.4,52783.45,53710.35,0,0.0,0.0,0.0,0.0,-0.01,-1,-1,-0.01,-1,-1,-0.01,-1,-1,-0.01,-1,-1,-0.01,-1,-1,-0.01,-1,-1,-0.01,-1,-1,-0.01,-1,-1,-0.01,-1,-1,-0.01,-1,-1
99926009,2026-05-18 10:06:23+05:30,52871.35,0,0.0,0,0.0,0.0,53282.15,53308.4,52783.45,53710.35,0,0.0,0.0,0.0,0.0,-0.01,-1,-1,-0.01,-1,-1,-0.01,-1,-1,-0.01,-1,-1,-0.01,-1,-1,-0.01,-1,-1,-0.01,-1,-1,-0.01,-1,-1,-0.01,-1,-1,-0.01,-1,-1
99926009,2026-05-18 10:06:23+05:30,52874.6,0,0.0,0,0.0,0.0,53282.15,53308.4,52783.45,53710.35,0,0.0,0.0,0.0,0.0,-0.01,-1,-1,-0.01,-1,-1,-0.01,-1,-1,-0.01,-1,-1,-0.01,-1,-1,-0.01,-1,-1,-0.01,-1,-1,-0.01,-1,-1,-0.01,-1,-1,-0.01,-1,-1
99926009,2026-05-18 10:06:24+05:30,52872.35,0,0.0,0,0.0,0.0,53282.15,53308.4,52783.45,53710.35,0,0.0,0.0,0.0,0.0,-0.01,-1,-1,-0.01,-1,-1,-0.01,-1,-1,-0.01,-1,-1,-0.01,-1,-1,-0.01,-1,-1,-0.01,-1,-1,-0.01,-1,-1,-0.01,-1,-1,-0.01,-1,-1
99926009,2026-05-18 10:06:24+05:30,52876.15,0,0.0,0,0.0,0.0,53282.15,53308.4,52783.45,53710.35,0,0.0,0.0,0.0,0.0,-0.01,-1,-1,-0.01,-1,-1,-0.01,-1,-1,-0.01,-1,-1,-0.01,-1,-1,-0.01,-1,-1,-0.01,-1,-1,-0.01,-1,-1,-0.01,-1,-1,-0.01,-1,-1
99926009,2026-05-18 10:06:25+05:30,52874.6,0,0.0,0,0.0,0.0,53282.15,53308.4,52783.45,53710.35,0,0.0,0.0,0.0,0.0,-0.01,-1,-1,-0.01,-1,-1,-0.01,-1,-1,-0.01,-1,-1,-0.01,-1,-1,-0.01,-1,-1,-0.01,-1,-1,-0.01,-1,-1,-0.01,-1,-1,-0.01,-1,-1
99926009,2026-05-18 10:06:25+05:30,52874.1,0,0.0,0,0.0,0.0,53282.15,53308.4,52783.45,53710.35,0,0.0,0.0,0.0,0.0,-0.01,-1,-1,-0.01,-1,-1,-0.01,-1,-1,-0.01,-1,-1,-0.01,-1,-1,-0.01,-1,-1,-0.01,-1,-1,-0.01,-1,-1,-0.01,-1,-1,-0.01,-1,-1
99926009,2026-05-18 10:06:26+05:30,52872.75,0,0.0,0,0.0,0.0,53282.15,53308.4,52783.45,53710.35,0,0.0,0.0,0.0,0.0,-0.01,-1,-1,-0.01,-1,-1,-0.01,-1,-1,-0.01,-1,-1,-0.01,-1,-1,-0.01,-1,-1,-0.01,-1,-1,-0.01,-1,-1,-0.01,-1,-1,-0.01,-1,-1
99926009,2026-05-18 10:06:26+05:30,52879.45,0,0.0,0,0.0,0.0,53282.15,53308.4,52783.45,53710.35,0,0.0,0.0,0.0,0.0,-0.01,-1,-1,-0.01,-1,-1,-0.01,-1,-1,-0.01,-1,-1,-0.01,-1,-1,-0.01,-1,-1,-0.01,-1,-1,-0.01,-1,-1,-0.01,-1,-1,-0.01,-1,-1
99926009,2026-05-18 10:06:27+05:30,52879.3,0,0.0,0,0.0,0.0,53282.15,53308.4,52783.45,53710.35,0,0.0,0.0,0.0,0.0,-0.01,-1,-1,-0.01,-1,-1,-0.01,-1,-1,-0.01,-1,-1,-0.01,-1,-1,-0.01,-1,-1,-0.01,-1,-1,-0.01,-1,-1,-0.01,-1,-1,-0.01,-1,-1
99926009,2026-05-18 10:06:27+05:30,52878.95,0,0.0,0,0.0,0.0,53282.15,53308.4,52783.45,53710.35,0,0.0,0.0,0.0,0.0,-0.01,-1,-1,-0.01,-1,-1,-0.01,-1,-1,-0.01,-1,-1,-0.01,-1,-1,-0.01,-1,-1,-0.01,-1,-1,-0.01,-1,-1,-0.01,-1,-1,-0.01,-1,-1
99926009,2026-05-18 10:06:28+05:30,52879.25,0,0.0,0,0.0,0.0,53282.15,53308.4,52783.45,53710.35,0,0.0,0.0,0.0,0.0,-0.01,-1,-1,-0.01,-1,-1,-0.01,-1,-1,-0.01,-1,-1,-0.01,-1,-1,-0.01,-1,-1,-0.01,-1,-1,-0.01,-1,-1,-0.01,-1,-1,-0.01,-1,-1
99926009,2026-05-18 10:06:28+05:30,52879.4,0,0.0,0,0.0,0.0,53282.15,53308.4,52783.45,53710.35,0,0.0,0.0,0.0,0.0,-0.01,-1,-1,-0.01,-1,-1,-0.01,-1,-1,-0.01,-1,-1,-0.01,-1,-1,-0.01,-1,-1,-0.01,-1,-1,-0.01,-1,-1,-0.01,-1,-1,-0.01,-1,-1
99926009,2026-05-18 10:06:29+05:30,52878.7,0,0.0,0,0.0,0.0,53282.15,53308.4,52783.45,53710.35,0,0.0,0.0,0.0,0.0,-0.01,-1,-1,-0.01,-1,-1,-0.01,-1,-1,-0.01,-1,-1,-0.01,-1,-1,-0.01,-1,-1,-0.01,-1,-1,-0.01,-1,-1,-0.01,-1,-1,-0.01,-1,-1
99926009,2026-05-18 10:06:29+05:30,52878.65,0,0.0,0,0.0,0.0,53282.15,53308.4,52783.45,53710.35,0,0.0,0.0,0.0,0.0,-0.01,-1,-1,-0.01,-1,-1,-0.01,-1,-1,-0.01,-1,-1,-0.01,-1,-1,-0.01,-1,-1,-0.01,-1,-1,-0.01,-1,-1,-0.01,-1,-1,-0.01,-1,-1
99926009,2026-05-18 10:06:30+05:30,52877.95,0,0.0,0,0.0,0.0,53282.15,53308.4,52783.45,53710.35,0,0.0,0.0,0.0,0.0,-0.01,-1,-1,-0.01,-1,-1,-0.01,-1,-1,-0.01,-1,-1,-0.01,-1,-1,-0.01,-1,-1,-0.01,-1,-1,-0.01,-1,-1,-0.01,-1,-1,-0.01,-1,-1
99926009,2026-05-18 10:06:30+05:30,52879.9,0,0.0,0,0.0,0.0,53282.15,53308.4,52783.45,53710.35,0,0.0,0.0,0.0,0.0,-0.01,-1,-1,-0.01,-1,-1,-0.01,-1,-1,-0.01,-1,-1,-0.01,-1,-1,-0.01,-1,-1,-0.01,-1,-1,-0.01,-1,-1,-0.01,-1,-1,-0.01,-1,-1
99926009,2026-05-18 10:06:31+05:30,52882.85,0,0.0,0,0.0,0.0,53282.15,53308.4,52783.45,53710.35,0,0.0,0.0,0.0,0.0,-0.01,-1,-1,-0.01,-1,-1,-0.01,-1,-1,-0.01,-1,-1,-0.01,-1,-1,-0.01,-1,-1,-0.01,-1,-1,-0.01,-1,-1,-0.01,-1,-1,-0.01,-1,-1
99926009,2026-05-18 10:06:31+05:30,52882.15,0,0.0,0,0.0,0.0,53282.15,53308.4,52783.45,53710.35,0,0.0,0.0,0.0,0.0,-0.01,-1,-1,-0.01,-1,-1,-0.01,-1,-1,-0.01,-1,-1,-0.01,-1,-1,-0.01,-1,-1,-0.01,-1,-1,-0.01,-1,-1,-0.01,-1,-1,-0.01,-1,-1
99926009,2026-05-18 10:06:32+05:30,52880.3,0,0.0,0,0.0,0.0,53282.15,53308.4,52783.45,53710.35,0,0.0,0.0,0.0,0.0,-0.01,-1,-1,-0.01,-1,-1,-0.01,-1,-1,-0.01,-1,-1,-0.01,-1,-1,-0.01,-1,-1,-0.01,-1,-1,-0.01,-1,-1,-0.01,-1,-1,-0.01,-1,-1
99926009,2026-05-18 10:06:32+05:30,52879.95,0,0.0,0,0.0,0.0,53282.15,53308.4,52783.45,53710.35,0,0.0,0.0,0.0,0.0,-0.01,-1,-1,-0.01,-1,-1,-0.01,-1,-1,-0.01,-1,-1,-0.01,-1,-1,-0.01,-1,-1,-0.01,-1,-1,-0.01,-1,-1,-0.01,-1,-1,-0.01,-1,-1
99926009,2026-05-18 10:06:33+05:30,52878.85,0,0.0,0,0.0,0.0,53282.15,53308.4,52783.45,53710.35,0,0.0,0.0,0.0,0.0,-0.01,-1,-1,-0.01,-1,-1,-0.01,-1,-1,-0.01,-1,-1,-0.01,-1,-1,-0.01,-1,-1,-0.01,-1,-1,-0.01,-1,-1,-0.01,-1,-1,-0.01,-1,-1
99926009,2026-05-18 10:06:33+05:30,52879.05,0,0.0,0,0.0,0.0,53282.15,53308.4,52783.45,53710.35,0,0.0,0.0,0.0,0.0,-0.01,-1,-1,-0.01,-1,-1,-0.01,-1,-1,-0.01,-1,-1,-0.01,-1,-1,-0.01,-1,-1,-0.01,-1,-1,-0.01,-1,-1,-0.01,-1,-1,-0.01,-1,-1
99926009,2026-05-18 10:06:34+05:30,52877.0,0,0.0,0,0.0,0.0,53282.15,53308.4,52783.45,53710.35,0,0.0,0.0,0.0,0.0,-0.01,-1,-1,-0.01,-1,-1,-0.01,-1,-1,-0.01,-1,-1,-0.01,-1,-1,-0.01,-1,-1,-0.01,-1,-1,-0.01,-1,-1,-0.01,-1,-1,-0.01,-1,-1
99926009,2026-05-18 10:06:34+05:30,52876.6,0,0.0,0,0.0,0.0,53282.15,53308.4,52783.45,53710.35,0,0.0,0.0,0.0,0.0,-0.01,-1,-1,-0.01,-1,-1,-0.01,-1,-1,-0.01,-1,-1,-0.01,-1,-1,-0.01,-1,-1,-0.01,-1,-1,-0.01,-1,-1,-0.01,-1,-1,-0.01,-1,-1
99926009,2026-05-18 10:06:35+05:30,52879.3,0,0.0,0,0.0,0.0,53282.15,53308.4,52783.45,53710.35,0,0.0,0.0,0.0,0.0,-0.01,-1,-1,-0.01,-1,-1,-0.01,-1,-1,-0.01,-1,-1,-0.01,-1,-1,-0.01,-1,-1,-0.01,-1,-1,-0.01,-1,-1,-0.01,-1,-1,-0.01,-1,-1
99926009,2026-05-18 10:06:35+05:30,52879.1,0,0.0,0,0.0,0.0,53282.15,53308.4,52783.45,53710.35,0,0.0,0.0,0.0,0.0,-0.01,-1,-1,-0.01,-1,-1,-0.01,-1,-1,-0.01,-1,-1,-0.01,-1,-1,-0.01,-1,-1,-0.01,-1,-1,-0.01,-1,-1,-0.01,-1,-1,-0.01,-1,-1
99926009,2026-05-18 10:06:36+05:30,52880.3,0,0.0,0,0.0,0.0,53282.15,53308.4,52783.45,53710.35,0,0.0,0.0,0.0,0.0,-0.01,-1,-1,-0.01,-1,-1,-0.01,-1,-1,-0.01,-1,-1,-0.01,-1,-1,-0.01,-1,-1,-0.01,-1,-1,-0.01,-1,-1,-0.01,-1,-1,-0.01,-1,-1
99926009,2026-05-18 10:06:36+05:30,52879.0,0,0.0,0,0.0,0.0,53282.15,53308.4,52783.45,53710.35,0,0.0,0.0,0.0,0.0,-0.01,-1,-1,-0.01,-1,-1,-0.01,-1,-1,-0.01,-1,-1,-0.01,-1,-1,-0.01,-1,-1,-0.01,-1,-1,-0.01,-1,-1,-0.01,-1,-1,-0.01,-1,-1
99926009,2026-05-18 10:06:37+05:30,52880.95,0,0.0,0,0.0,0.0,53282.15,53308.4,52783.45,53710.35,0,0.0,0.0,0.0,0.0,-0.01,-1,-1,-0.01,-1,-1,-0.01,-1,-1,-0.01,-1,-1,-0.01,-1,-1,-0.01,-1,-1,-0.01,-1,-1,-0.01,-1,-1,-0.01,-1,-1,-0.01,-1,-1
99926009,2026-05-18 10:06:37+05:30,52882.75,0,0.0,0,0.0,0.0,53282.15,53308.4,52783.45,53710.35,0,0.0,0.0,0.0,0.0,-0.01,-1,-1,-0.01,-1,-1,-0.01,-1,-1,-0.01,-1,-1,-0.01,-1,-1,-0.01,-1,-1,-0.01,-1,-1,-0.01,-1,-1,-0.01,-1,-1,-0.01,-1,-1
99926009,2026-05-18 10:06:38+05:30,52882.35,0,0.0,0,0.0,0.0,53282.15,53308.4,52783.45,53710.35,0,0.0,0.0,0.0,0.0,-0.01,-1,-1,-0.01,-1,-1,-0.01,-1,-1,-0.01,-1,-1,-0.01,-1,-1,-0.01,-1,-1,-0.01,-1,-1,-0.01,-1,-1,-0.01,-1,-1,-0.01,-1,-1
99926009,2026-05-18 10:06:38+05:30,52884.95,0,0.0,0,0.0,0.0,53282.15,53308.4,52783.45,53710.35,0,0.0,0.0,0.0,0.0,-0.01,-1,-1,-0.01,-1,-1,-0.01,-1,-1,-0.01,-1,-1,-0.01,-1,-1,-0.01,-1,-1,-0.01,-1,-1,-0.01,-1,-1,-0.01,-1,-1,-0.01,-1,-1
99926009,2026-05-18 10:06:39+05:30,52884.8,0,0.0,0,0.0,0.0,53282.15,53308.4,52783.45,53710.35,0,0.0,0.0,0.0,0.0,-0.01,-1,-1,-0.01,-1,-1,-0.01,-1,-1,-0.01,-1,-1,-0.01,-1,-1,-0.01,-1,-1,-0.01,-1,-1,-0.01,-1,-1,-0.01,-1,-1,-0.01,-1,-1
99926009,2026-05-18 10:06:39+05:30,52883.15,0,0.0,0,0.0,0.0,53282.15,53308.4,52783.45,53710.35,0,0.0,0.0,0.0,0.0,-0.01,-1,-1,-0.01,-1,-1,-0.01,-1,-1,-0.01,-1,-1,-0.01,-1,-1,-0.01,-1,-1,-0.01,-1,-1,-0.01,-1,-1,-0.01,-1,-1,-0.01,-1,-1
99926009,2026-05-18 10:06:40+05:30,52881.85,0,0.0,0,0.0,0.0,53282.15,53308.4,52783.45,53710.35,0,0.0,0.0,0.0,0.0,-0.01,-1,-1,-0.01,-1,-1,-0.01,-1,-1,-0.01,-1,-1,-0.01,-1,-1,-0.01,-1,-1,-0.01,-1,-1,-0.01,-1,-1,-0.01,-1,-1,-0.01,-1,-1
99926009,2026-05-18 10:06:40+05:30,52882.85,0,0.0,0,0.0,0.0,53282.15,53308.4,52783.45,53710.35,0,0.0,0.0,0.0,0.0,-0.01,-1,-1,-0.01,-1,-1,-0.01,-1,-1,-0.01,-1,-1,-0.01,-1,-1,-0.01,-1,-1,-0.01,-1,-1,-0.01,-1,-1,-0.01,-1,-1,-0.01,-1,-1
99926009,2026-05-18 10:06:41+05:30,52880.1,0,0.0,0,0.0,0.0,53282.15,53308.4,52783.45,53710.35,0,0.0,0.0,0.0,0.0,-0.01,-1,-1,-0.01,-1,-1,-0.01,-1,-1,-0.01,-1,-1,-0.01,-1,-1,-0.01,-1,-1,-0.01,-1,-1,-0.01,-1,-1,-0.01,-1,-1,-0.01,-1,-1
99926009,2026-05-18 10:06:41+05:30,52880.55,0,0.0,0,0.0,0.0,53282.15,53308.4,52783.45,53710.35,0,0.0,0.0,0.0,0.0,-0.01,-1,-1,-0.01,-1,-1,-0.01,-1,-1,-0.01,-1,-1,-0.01,-1,-1,-0.01,-1,-1,-0.01,-1,-1,-0.01,-1,-1,-0.01,-1,-1,-0.01,-1,-1
99926009,2026-05-18 10:06:42+05:30,52879.25,0,0.0,0,0.0,0.0,53282.15,53308.4,52783.45,53710.35,0,0.0,0.0,0.0,0.0,-0.01,-1,-1,-0.01,-1,-1,-0.01,-1,-1,-0.01,-1,-1,-0.01,-1,-1,-0.01,-1,-1,-0.01,-1,-1,-0.01,-1,-1,-0.01,-1,-1,-0.01,-1,-1
99926009,2026-05-18 10:06:42+05:30,52879.1,0,0.0,0,0.0,0.0,53282.15,53308.4,52783.45,53710.35,0,0.0,0.0,0.0,0.0,-0.01,-1,-1,-0.01,-1,-1,-0.01,-1,-1,-0.01,-1,-1,-0.01,-1,-1,-0.01,-1,-1,-0.01,-1,-1,-0.01,-1,-1,-0.01,-1,-1,-0.01,-1,-1
99926009,2026-05-18 10:06:43+05:30,52876.4,0,0.0,0,0.0,0.0,53282.15,53308.4,52783.45,53710.35,0,0.0,0.0,0.0,0.0,-0.01,-1,-1,-0.01,-1,-1,-0.01,-1,-1,-0.01,-1,-1,-0.01,-1,-1,-0.01,-1,-1,-0.01,-1,-1,-0.01,-1,-1,-0.01,-1,-1,-0.01,-1,-1
99926009,2026-05-18 10:06:43+05:30,52878.65,0,0.0,0,0.0,0.0,53282.15,53308.4,52783.45,53710.35,0,0.0,0.0,0.0,0.0,-0.01,-1,-1,-0.01,-1,-1,-0.01,-1,-1,-0.01,-1,-1,-0.01,-1,-1,-0.01,-1,-1,-0.01,-1,-1,-0.01,-1,-1,-0.01,-1,-1,-0.01,-1,-1
99926009,2026-05-18 10:06:44+05:30,52876.6,0,0.0,0,0.0,0.0,53282.15,53308.4,52783.45,53710.35,0,0.0,0.0,0.0,0.0,-0.01,-1,-1,-0.01,-1,-1,-0.01,-1,-1,-0.01,-1,-1,-0.01,-1,-1,-0.01,-1,-1,-0.01,-1,-1,-0.01,-1,-1,-0.01,-1,-1,-0.01,-1,-1
99926009,2026-05-18 10:06:44+05:30,52877.65,0,0.0,0,0.0,0.0,53282.15,53308.4,52783.45,53710.35,0,0.0,0.0,0.0,0.0,-0.01,-1,-1,-0.01,-1,-1,-0.01,-1,-1,-0.01,-1,-1,-0.01,-1,-1,-0.01,-1,-1,-0.01,-1,-1,-0.01,-1,-1,-0.01,-1,-1,-0.01,-1,-1
99926009,2026-05-18 10:06:45+05:30,52880.25,0,0.0,0,0.0,0.0,53282.15,53308.4,52783.45,53710.35,0,0.0,0.0,0.0,0.0,-0.01,-1,-1,-0.01,-1,-1,-0.01,-1,-1,-0.01,-1,-1,-0.01,-1,-1,-0.01,-1,-1,-0.01,-1,-1,-0.01,-1,-1,-0.01,-1,-1,-0.01,-1,-1
99926009,2026-05-18 10:06:45+05:30,52881.0,0,0.0,0,0.0,0.0,53282.15,53308.4,52783.45,53710.35,0,0.0,0.0,0.0,0.0,-0.01,-1,-1,-0.01,-1,-1,-0.01,-1,-1,-0.01,-1,-1,-0.01,-1,-1,-0.01,-1,-1,-0.01,-1,-1,-0.01,-1,-1,-0.01,-1,-1,-0.01,-1,-1
99926009,2026-05-18 10:06:46+05:30,52882.75,0,0.0,0,0.0,0.0,53282.15,53308.4,52783.45,53710.35,0,0.0,0.0,0.0,0.0,-0.01,-1,-1,-0.01,-1,-1,-0.01,-1,-1,-0.01,-1,-1,-0.01,-1,-1,-0.01,-1,-1,-0.01,-1,-1,-0.01,-1,-1,-0.01,-1,-1,-0.01,-1,-1
99926009,2026-05-18 10:06:46+05:30,52882.8,0,0.0,0,0.0,0.0,53282.15,53308.4,52783.45,53710.35,0,0.0,0.0,0.0,0.0,-0.01,-1,-1,-0.01,-1,-1,-0.01,-1,-1,-0.01,-1,-1,-0.01,-1,-1,-0.01,-1,-1,-0.01,-1,-1,-0.01,-1,-1,-0.01,-1,-1,-0.01,-1,-1
99926009,2026-05-18 10:06:47+05:30,52879.7,0,0.0,0,0.0,0.0,53282.15,53308.4,52783.45,53710.35,0,0.0,0.0,0.0,0.0,-0.01,-1,-1,-0.01,-1,-1,-0.01,-1,-1,-0.01,-1,-1,-0.01,-1,-1,-0.01,-1,-1,-0.01,-1,-1,-0.01,-1,-1,-0.01,-1,-1,-0.01,-1,-1
99926009,2026-05-18 10:06:47+05:30,52881.1,0,0.0,0,0.0,0.0,53282.15,53308.4,52783.45,53710.35,0,0.0,0.0,0.0,0.0,-0.01,-1,-1,-0.01,-1,-1,-0.01,-1,-1,-0.01,-1,-1,-0.01,-1,-1,-0.01,-1,-1,-0.01,-1,-1,-0.01,-1,-1,-0.01,-1,-1,-0.01,-1,-1
99926009,2026-05-18 10:06:48+05:30,52878.7,0,0.0,0,0.0,0.0,53282.15,53308.4,52783.45,53710.35,0,0.0,0.0,0.0,0.0,-0.01,-1,-1,-0.01,-1,-1,-0.01,-1,-1,-0.01,-1,-1,-0.01,-1,-1,-0.01,-1,-1,-0.01,-1,-1,-0.01,-1,-1,-0.01,-1,-1,-0.01,-1,-1
99926009,2026-05-18 10:06:48+05:30,52882.5,0,0.0,0,0.0,0.0,53282.15,53308.4,52783.45,53710.35,0,0.0,0.0,0.0,0.0,-0.01,-1,-1,-0.01,-1,-1,-0.01,-1,-1,-0.01,-1,-1,-0.01,-1,-1,-0.01,-1,-1,-0.01,-1,-1,-0.01,-1,-1,-0.01,-1,-1,-0.01,-1,-1
99926009,2026-05-18 10:06:49+05:30,52880.1,0,0.0,0,0.0,0.0,53282.15,53308.4,52783.45,53710.35,0,0.0,0.0,0.0,0.0,-0.01,-1,-1,-0.01,-1,-1,-0.01,-1,-1,-0.01,-1,-1,-0.01,-1,-1,-0.01,-1,-1,-0.01,-1,-1,-0.01,-1,-1,-0.01,-1,-1,-0.01,-1,-1
99926009,2026-05-18 10:06:49+05:30,52883.05,0,0.0,0,0.0,0.0,53282.15,53308.4,52783.45,53710.35,0,0.0,0.0,0.0,0.0,-0.01,-1,-1,-0.01,-1,-1,-0.01,-1,-1,-0.01,-1,-1,-0.01,-1,-1,-0.01,-1,-1,-0.01,-1,-1,-0.01,-1,-1,-0.01,-1,-1,-0.01,-1,-1
99926009,2026-05-18 10:06:50+05:30,52881.5,0,0.0,0,0.0,0.0,53282.15,53308.4,52783.45,53710.35,0,0.0,0.0,0.0,0.0,-0.01,-1,-1,-0.01,-1,-1,-0.01,-1,-1,-0.01,-1,-1,-0.01,-1,-1,-0.01,-1,-1,-0.01,-1,-1,-0.01,-1,-1,-0.01,-1,-1,-0.01,-1,-1
99926009,2026-05-18 10:06:50+05:30,52883.15,0,0.0,0,0.0,0.0,53282.15,53308.4,52783.45,53710.35,0,0.0,0.0,0.0,0.0,-0.01,-1,-1,-0.01,-1,-1,-0.01,-1,-1,-0.01,-1,-1,-0.01,-1,-1,-0.01,-1,-1,-0.01,-1,-1,-0.01,-1,-1,-0.01,-1,-1,-0.01,-1,-1
99926009,2026-05-18 10:06:51+05:30,52882.45,0,0.0,0,0.0,0.0,53282.15,53308.4,52783.45,53710.35,0,0.0,0.0,0.0,0.0,-0.01,-1,-1,-0.01,-1,-1,-0.01,-1,-1,-0.01,-1,-1,-0.01,-1,-1,-0.01,-1,-1,-0.01,-1,-1,-0.01,-1,-1,-0.01,-1,-1,-0.01,-1,-1
99926009,2026-05-18 10:06:51+05:30,52884.55,0,0.0,0,0.0,0.0,53282.15,53308.4,52783.45,53710.35,0,0.0,0.0,0.0,0.0,-0.01,-1,-1,-0.01,-1,-1,-0.01,-1,-1,-0.01,-1,-1,-0.01,-1,-1,-0.01,-1,-1,-0.01,-1,-1,-0.01,-1,-1,-0.01,-1,-1,-0.01,-1,-1
99926009,2026-05-18 10:06:52+05:30,52889.3,0,0.0,0,0.0,0.0,53282.15,53308.4,52783.45,53710.35,0,0.0,0.0,0.0,0.0,-0.01,-1,-1,-0.01,-1,-1,-0.01,-1,-1,-0.01,-1,-1,-0.01,-1,-1,-0.01,-1,-1,-0.01,-1,-1,-0.01,-1,-1,-0.01,-1,-1,-0.01,-1,-1
99926009,2026-05-18 10:06:52+05:30,52890.25,0,0.0,0,0.0,0.0,53282.15,53308.4,52783.45,53710.35,0,0.0,0.0,0.0,0.0,-0.01,-1,-1,-0.01,-1,-1,-0.01,-1,-1,-0.01,-1,-1,-0.01,-1,-1,-0.01,-1,-1,-0.01,-1,-1,-0.01,-1,-1,-0.01,-1,-1,-0.01,-1,-1
99926009,2026-05-18 10:06:53+05:30,52891.2,0,0.0,0,0.0,0.0,53282.15,53308.4,52783.45,53710.35,0,0.0,0.0,0.0,0.0,-0.01,-1,-1,-0.01,-1,-1,-0.01,-1,-1,-0.01,-1,-1,-0.01,-1,-1,-0.01,-1,-1,-0.01,-1,-1,-0.01,-1,-1,-0.01,-1,-1,-0.01,-1,-1
99926009,2026-05-18 10:06:53+05:30,52890.85,0,0.0,0,0.0,0.0,53282.15,53308.4,52783.45,53710.35,0,0.0,0.0,0.0,0.0,-0.01,-1,-1,-0.01,-1,-1,-0.01,-1,-1,-0.01,-1,-1,-0.01,-1,-1,-0.01,-1,-1,-0.01,-1,-1,-0.01,-1,-1,-0.01,-1,-1,-0.01,-1,-1
99926009,2026-05-18 10:06:54+05:30,52891.5,0,0.0,0,0.0,0.0,53282.15,53308.4,52783.45,53710.35,0,0.0,0.0,0.0,0.0,-0.01,-1,-1,-0.01,-1,-1,-0.01,-1,-1,-0.01,-1,-1,-0.01,-1,-1,-0.01,-1,-1,-0.01,-1,-1,-0.01,-1,-1,-0.01,-1,-1,-0.01,-1,-1
99926009,2026-05-18 10:06:54+05:30,52890.3,0,0.0,0,0.0,0.0,53282.15,53308.4,52783.45,53710.35,0,0.0,0.0,0.0,0.0,-0.01,-1,-1,-0.01,-1,-1,-0.01,-1,-1,-0.01,-1,-1,-0.01,-1,-1,-0.01,-1,-1,-0.01,-1,-1,-0.01,-1,-1,-0.01,-1,-1,-0.01,-1,-1
99926009,2026-05-18 10:06:55+05:30,52891.75,0,0.0,0,0.0,0.0,53282.15,53308.4,52783.45,53710.35,0,0.0,0.0,0.0,0.0,-0.01,-1,-1,-0.01,-1,-1,-0.01,-1,-1,-0.01,-1,-1,-0.01,-1,-1,-0.01,-1,-1,-0.01,-1,-1,-0.01,-1,-1,-0.01,-1,-1,-0.01,-1,-1
99926009,2026-05-18 10:06:55+05:30,52895.85,0,0.0,0,0.0,0.0,53282.15,53308.4,52783.45,53710.35,0,0.0,0.0,0.0,0.0,-0.01,-1,-1,-0.01,-1,-1,-0.01,-1,-1,-0.01,-1,-1,-0.01,-1,-1,-0.01,-1,-1,-0.01,-1,-1,-0.01,-1,-1,-0.01,-1,-1,-0.01,-1,-1
99926009,2026-05-18 10:06:56+05:30,52893.55,0,0.0,0,0.0,0.0,53282.15,53308.4,52783.45,53710.35,0,0.0,0.0,0.0,0.0,-0.01,-1,-1,-0.01,-1,-1,-0.01,-1,-1,-0.01,-1,-1,-0.01,-1,-1,-0.01,-1,-1,-0.01,-1,-1,-0.01,-1,-1,-0.01,-1,-1,-0.01,-1,-1
99926009,2026-05-18 10:06:56+05:30,52893.85,0,0.0,0,0.0,0.0,53282.15,53308.4,52783.45,53710.35,0,0.0,0.0,0.0,0.0,-0.01,-1,-1,-0.01,-1,-1,-0.01,-1,-1,-0.01,-1,-1,-0.01,-1,-1,-0.01,-1,-1,-0.01,-1,-1,-0.01,-1,-1,-0.01,-1,-1,-0.01,-1,-1
99926009,2026-05-18 10:06:57+05:30,52891.55,0,0.0,0,0.0,0.0,53282.15,53308.4,52783.45,53710.35,0,0.0,0.0,0.0,0.0,-0.01,-1,-1,-0.01,-1,-1,-0.01,-1,-1,-0.01,-1,-1,-0.01,-1,-1,-0.01,-1,-1,-0.01,-1,-1,-0.01,-1,-1,-0.01,-1,-1,-0.01,-1,-1
99926009,2026-05-18 10:06:57+05:30,52893.25,0,0.0,0,0.0,0.0,53282.15,53308.4,52783.45,53710.35,0,0.0,0.0,0.0,0.0,-0.01,-1,-1,-0.01,-1,-1,-0.01,-1,-1,-0.01,-1,-1,-0.01,-1,-1,-0.01,-1,-1,-0.01,-1,-1,-0.01,-1,-1,-0.01,-1,-1,-0.01,-1,-1
99926009,2026-05-18 10:06:58+05:30,52890.55,0,0.0,0,0.0,0.0,53282.15,53308.4,52783.45,53710.35,0,0.0,0.0,0.0,0.0,-0.01,-1,-1,-0.01,-1,-1,-0.01,-1,-1,-0.01,-1,-1,-0.01,-1,-1,-0.01,-1,-1,-0.01,-1,-1,-0.01,-1,-1,-0.01,-1,-1,-0.01,-1,-1
99926009,2026-05-18 10:06:58+05:30,52891.95,0,0.0,0,0.0,0.0,53282.15,53308.4,52783.45,53710.35,0,0.0,0.0,0.0,0.0,-0.01,-1,-1,-0.01,-1,-1,-0.01,-1,-1,-0.01,-1,-1,-0.01,-1,-1,-0.01,-1,-1,-0.01,-1,-1,-0.01,-1,-1,-0.01,-1,-1,-0.01,-1,-1
99926009,2026-05-18 10:06:59+05:30,52892.1,0,0.0,0,0.0,0.0,53282.15,53308.4,52783.45,53710.35,0,0.0,0.0,0.0,0.0,-0.01,-1,-1,-0.01,-1,-1,-0.01,-1,-1,-0.01,-1,-1,-0.01,-1,-1,-0.01,-1,-1,-0.01,-1,-1,-0.01,-1,-1,-0.01,-1,-1,-0.01,-1,-1
99926009,2026-05-18 10:06:59+05:30,52890.95,0,0.0,0,0.0,0.0,53282.15,53308.4,52783.45,53710.35,0,0.0,0.0,0.0,0.0,-0.01,-1,-1,-0.01,-1,-1,-0.01,-1,-1,-0.01,-1,-1,-0.01,-1,-1,-0.01,-1,-1,-0.01,-1,-1,-0.01,-1,-1,-0.01,-1,-1,-0.01,-1,-1
99926009,2026-05-18 10:07:00+05:30,52893.9,0,0.0,0,0.0,0.0,53282.15,53308.4,52783.45,53710.35,0,0.0,0.0,0.0,0.0,-0.01,-1,-1,-0.01,-1,-1,-0.01,-1,-1,-0.01,-1,-1,-0.01,-1,-1,-0.01,-1,-1,-0.01,-1,-1,-0.01,-1,-1,-0.01,-1,-1,-0.01,-1,-1
99926009,2026-05-18 10:07:00+05:30,52893.55,0,0.0,0,0.0,0.0,53282.15,53308.4,52783.45,53710.35,0,0.0,0.0,0.0,0.0,-0.01,-1,-1,-0.01,-1,-1,-0.01,-1,-1,-0.01,-1,-1,-0.01,-1,-1,-0.01,-1,-1,-0.01,-1,-1,-0.01,-1,-1,-0.01,-1,-1,-0.01,-1,-1
99926009,2026-05-18 10:07:01+05:30,52892.05,0,0.0,0,0.0,0.0,53282.15,53308.4,52783.45,53710.35,0,0.0,0.0,0.0,0.0,-0.01,-1,-1,-0.01,-1,-1,-0.01,-1,-1,-0.01,-1,-1,-0.01,-1,-1,-0.01,-1,-1,-0.01,-1,-1,-0.01,-1,-1,-0.01,-1,-1,-0.01,-1,-1
99926009,2026-05-18 10:07:01+05:30,52890.15,0,0.0,0,0.0,0.0,53282.15,53308.4,52783.45,53710.35,0,0.0,0.0,0.0,0.0,-0.01,-1,-1,-0.01,-1,-1,-0.01,-1,-1,-0.01,-1,-1,-0.01,-1,-1,-0.01,-1,-1,-0.01,-1,-1,-0.01,-1,-1,-0.01,-1,-1,-0.01,-1,-1
99926009,2026-05-18 10:07:02+05:30,52889.7,0,0.0,0,0.0,0.0,53282.15,53308.4,52783.45,53710.35,0,0.0,0.0,0.0,0.0,-0.01,-1,-1,-0.01,-1,-1,-0.01,-1,-1,-0.01,-1,-1,-0.01,-1,-1,-0.01,-1,-1,-0.01,-1,-1,-0.01,-1,-1,-0.01,-1,-1,-0.01,-1,-1
99926009,2026-05-18 10:07:02+05:30,52889.4,0,0.0,0,0.0,0.0,53282.15,53308.4,52783.45,53710.35,0,0.0,0.0,0.0,0.0,-0.01,-1,-1,-0.01,-1,-1,-0.01,-1,-1,-0.01,-1,-1,-0.01,-1,-1,-0.01,-1,-1,-0.01,-1,-1,-0.01,-1,-1,-0.01,-1,-1,-0.01,-1,-1
99926009,2026-05-18 10:07:03+05:30,52889.5,0,0.0,0,0.0,0.0,53282.15,53308.4,52783.45,53710.35,0,0.0,0.0,0.0,0.0,-0.01,-1,-1,-0.01,-1,-1,-0.01,-1,-1,-0.01,-1,-1,-0.01,-1,-1,-0.01,-1,-1,-0.01,-1,-1,-0.01,-1,-1,-0.01,-1,-1,-0.01,-1,-1
99926009,2026-05-18 10:07:03+05:30,52892.5,0,0.0,0,0.0,0.0,53282.15,53308.4,52783.45,53710.35,0,0.0,0.0,0.0,0.0,-0.01,-1,-1,-0.01,-1,-1,-0.01,-1,-1,-0.01,-1,-1,-0.01,-1,-1,-0.01,-1,-1,-0.01,-1,-1,-0.01,-1,-1,-0.01,-1,-1,-0.01,-1,-1
99926009,2026-05-18 10:07:04+05:30,52890.15,0,0.0,0,0.0,0.0,53282.15,53308.4,52783.45,53710.35,0,0.0,0.0,0.0,0.0,-0.01,-1,-1,-0.01,-1,-1,-0.01,-1,-1,-0.01,-1,-1,-0.01,-1,-1,-0.01,-1,-1,-0.01,-1,-1,-0.01,-1,-1,-0.01,-1,-1,-0.01,-1,-1
99926009,2026-05-18 10:07:04+05:30,52890.7,0,0.0,0,0.0,0.0,53282.15,53308.4,52783.45,53710.35,0,0.0,0.0,0.0,0.0,-0.01,-1,-1,-0.01,-1,-1,-0.01,-1,-1,-0.01,-1,-1,-0.01,-1,-1,-0.01,-1,-1,-0.01,-1,-1,-0.01,-1,-1,-0.01,-1,-1,-0.01,-1,-1
99926009,2026-05-18 10:07:05+05:30,52889.85,0,0.0,0,0.0,0.0,53282.15,53308.4,52783.45,53710.35,0,0.0,0.0,0.0,0.0,-0.01,-1,-1,-0.01,-1,-1,-0.01,-1,-1,-0.01,-1,-1,-0.01,-1,-1,-0.01,-1,-1,-0.01,-1,-1,-0.01,-1,-1,-0.01,-1,-1,-0.01,-1,-1
99926009,2026-05-18 10:07:05+05:30,52890.9,0,0.0,0,0.0,0.0,53282.15,53308.4,52783.45,53710.35,0,0.0,0.0,0.0,0.0,-0.01,-1,-1,-0.01,-1,-1,-0.01,-1,-1,-0.01,-1,-1,-0.01,-1,-1,-0.01,-1,-1,-0.01,-1,-1,-0.01,-1,-1,-0.01,-1,-1,-0.01,-1,-1
99926009,2026-05-18 10:07:06+05:30,52891.35,0,0.0,0,0.0,0.0,53282.15,53308.4,52783.45,53710.35,0,0.0,0.0,0.0,0.0,-0.01,-1,-1,-0.01,-1,-1,-0.01,-1,-1,-0.01,-1,-1,-0.01,-1,-1,-0.01,-1,-1,-0.01,-1,-1,-0.01,-1,-1,-0.01,-1,-1,-0.01,-1,-1
99926009,2026-05-18 10:07:06+05:30,52892.15,0,0.0,0,0.0,0.0,53282.15,53308.4,52783.45,53710.35,0,0.0,0.0,0.0,0.0,-0.01,-1,-1,-0.01,-1,-1,-0.01,-1,-1,-0.01,-1,-1,-0.01,-1,-1,-0.01,-1,-1,-0.01,-1,-1,-0.01,-1,-1,-0.01,-1,-1,-0.01,-1,-1
99926009,2026-05-18 10:07:07+05:30,52890.8,0,0.0,0,0.0,0.0,53282.15,53308.4,52783.45,53710.35,0,0.0,0.0,0.0,0.0,-0.01,-1,-1,-0.01,-1,-1,-0.01,-1,-1,-0.01,-1,-1,-0.01,-1,-1,-0.01,-1,-1,-0.01,-1,-1,-0.01,-1,-1,-0.01,-1,-1,-0.01,-1,-1
99926009,2026-05-18 10:07:07+05:30,52890.95,0,0.0,0,0.0,0.0,53282.15,53308.4,52783.45,53710.35,0,0.0,0.0,0.0,0.0,-0.01,-1,-1,-0.01,-1,-1,-0.01,-1,-1,-0.01,-1,-1,-0.01,-1,-1,-0.01,-1,-1,-0.01,-1,-1,-0.01,-1,-1,-0.01,-1,-1,-0.01,-1,-1
99926009,2026-05-18 10:07:08+05:30,52892.35,0,0.0,0,0.0,0.0,53282.15,53308.4,52783.45,53710.35,0,0.0,0.0,0.0,0.0,-0.01,-1,-1,-0.01,-1,-1,-0.01,-1,-1,-0.01,-1,-1,-0.01,-1,-1,-0.01,-1,-1,-0.01,-1,-1,-0.01,-1,-1,-0.01,-1,-1,-0.01,-1,-1
99926009,2026-05-18 10:07:08+05:30,52887.1,0,0.0,0,0.0,0.0,53282.15,53308.4,52783.45,53710.35,0,0.0,0.0,0.0,0.0,-0.01,-1,-1,-0.01,-1,-1,-0.01,-1,-1,-0.01,-1,-1,-0.01,-1,-1,-0.01,-1,-1,-0.01,-1,-1,-0.01,-1,-1,-0.01,-1,-1,-0.01,-1,-1
99926009,2026-05-18 10:07:09+05:30,52888.2,0,0.0,0,0.0,0.0,53282.15,53308.4,52783.45,53710.35,0,0.0,0.0,0.0,0.0,-0.01,-1,-1,-0.01,-1,-1,-0.01,-1,-1,-0.01,-1,-1,-0.01,-1,-1,-0.01,-1,-1,-0.01,-1,-1,-0.01,-1,-1,-0.01,-1,-1,-0.01,-1,-1
99926009,2026-05-18 10:07:09+05:30,52887.55,0,0.0,0,0.0,0.0,53282.15,53308.4,52783.45,53710.35,0,0.0,0.0,0.0,0.0,-0.01,-1,-1,-0.01,-1,-1,-0.01,-1,-1,-0.01,-1,-1,-0.01,-1,-1,-0.01,-1,-1,-0.01,-1,-1,-0.01,-1,-1,-0.01,-1,-1,-0.01,-1,-1
99926009,2026-05-18 10:07:10+05:30,52886.55,0,0.0,0,0.0,0.0,53282.15,53308.4,52783.45,53710.35,0,0.0,0.0,0.0,0.0,-0.01,-1,-1,-0.01,-1,-1,-0.01,-1,-1,-0.01,-1,-1,-0.01,-1,-1,-0.01,-1,-1,-0.01,-1,-1,-0.01,-1,-1,-0.01,-1,-1,-0.01,-1,-1
99926009,2026-05-18 10:07:10+05:30,52884.95,0,0.0,0,0.0,0.0,53282.15,53308.4,52783.45,53710.35,0,0.0,0.0,0.0,0.0,-0.01,-1,-1,-0.01,-1,-1,-0.01,-1,-1,-0.01,-1,-1,-0.01,-1,-1,-0.01,-1,-1,-0.01,-1,-1,-0.01,-1,-1,-0.01,-1,-1,-0.01,-1,-1
99926009,2026-05-18 10:07:11+05:30,52883.45,0,0.0,0,0.0,0.0,53282.15,53308.4,52783.45,53710.35,0,0.0,0.0,0.0,0.0,-0.01,-1,-1,-0.01,-1,-1,-0.01,-1,-1,-0.01,-1,-1,-0.01,-1,-1,-0.01,-1,-1,-0.01,-1,-1,-0.01,-1,-1,-0.01,-1,-1,-0.01,-1,-1
99926009,2026-05-18 10:07:11+05:30,52883.45,0,0.0,0,0.0,0.0,53282.15,53308.4,52783.45,53710.35,0,0.0,0.0,0.0,0.0,-0.01,-1,-1,-0.01,-1,-1,-0.01,-1,-1,-0.01,-1,-1,-0.01,-1,-1,-0.01,-1,-1,-0.01,-1,-1,-0.01,-1,-1,-0.01,-1,-1,-0.01,-1,-1
99926009,2026-05-18 10:07:12+05:30,52877.9,0,0.0,0,0.0,0.0,53282.15,53308.4,52783.45,53710.35,0,0.0,0.0,0.0,0.0,-0.01,-1,-1,-0.01,-1,-1,-0.01,-1,-1,-0.01,-1,-1,-0.01,-1,-1,-0.01,-1,-1,-0.01,-1,-1,-0.01,-1,-1,-0.01,-1,-1,-0.01,-1,-1
99926009,2026-05-18 10:07:12+05:30,52880.95,0,0.0,0,0.0,0.0,53282.15,53308.4,52783.45,53710.35,0,0.0,0.0,0.0,0.0,-0.01,-1,-1,-0.01,-1,-1,-0.01,-1,-1,-0.01,-1,-1,-0.01,-1,-1,-0.01,-1,-1,-0.01,-1,-1,-0.01,-1,-1,-0.01,-1,-1,-0.01,-1,-1
99926009,2026-05-18 10:07:13+05:30,52880.95,0,0.0,0,0.0,0.0,53282.15,53308.4,52783.45,53710.35,0,0.0,0.0,0.0,0.0,-0.01,-1,-1,-0.01,-1,-1,-0.01,-1,-1,-0.01,-1,-1,-0.01,-1,-1,-0.01,-1,-1,-0.01,-1,-1,-0.01,-1,-1,-0.01,-1,-1,-0.01,-1,-1
99926009,2026-05-18 10:07:13+05:30,52881.8,0,0.0,0,0.0,0.0,53282.15,53308.4,52783.45,53710.35,0,0.0,0.0,0.0,0.0,-0.01,-1,-1,-0.01,-1,-1,-0.01,-1,-1,-0.01,-1,-1,-0.01,-1,-1,-0.01,-1,-1,-0.01,-1,-1,-0.01,-1,-1,-0.01,-1,-1,-0.01,-1,-1
99926009,2026-05-18 10:07:14+05:30,52878.85,0,0.0,0,0.0,0.0,53282.15,53308.4,52783.45,53710.35,0,0.0,0.0,0.0,0.0,-0.01,-1,-1,-0.01,-1,-1,-0.01,-1,-1,-0.01,-1,-1,-0.01,-1,-1,-0.01,-1,-1,-0.01,-1,-1,-0.01,-1,-1,-0.01,-1,-1,-0.01,-1,-1
99926009,2026-05-18 10:07:14+05:30,52880.05,0,0.0,0,0.0,0.0,53282.15,53308.4,52783.45,53710.35,0,0.0,0.0,0.0,0.0,-0.01,-1,-1,-0.01,-1,-1,-0.01,-1,-1,-0.01,-1,-1,-0.01,-1,-1,-0.01,-1,-1,-0.01,-1,-1,-0.01,-1,-1,-0.01,-1,-1,-0.01,-1,-1
99926009,2026-05-18 10:07:15+05:30,52880.3,0,0.0,0,0.0,0.0,53282.15,53308.4,52783.45,53710.35,0,0.0,0.0,0.0,0.0,-0.01,-1,-1,-0.01,-1,-1,-0.01,-1,-1,-0.01,-1,-1,-0.01,-1,-1,-0.01,-1,-1,-0.01,-1,-1,-0.01,-1,-1,-0.01,-1,-1,-0.01,-1,-1
99926009,2026-05-18 10:07:15+05:30,52884.8,0,0.0,0,0.0,0.0,53282.15,53308.4,52783.45,53710.35,0,0.0,0.0,0.0,0.0,-0.01,-1,-1,-0.01,-1,-1,-0.01,-1,-1,-0.01,-1,-1,-0.01,-1,-1,-0.01,-1,-1,-0.01,-1,-1,-0.01,-1,-1,-0.01,-1,-1,-0.01,-1,-1
99926009,2026-05-18 10:07:16+05:30,52884.75,0,0.0,0,0.0,0.0,53282.15,53308.4,52783.45,53710.35,0,0.0,0.0,0.0,0.0,-0.01,-1,-1,-0.01,-1,-1,-0.01,-1,-1,-0.01,-1,-1,-0.01,-1,-1,-0.01,-1,-1,-0.01,-1,-1,-0.01,-1,-1,-0.01,-1,-1,-0.01,-1,-1
99926009,2026-05-18 10:07:16+05:30,52883.45,0,0.0,0,0.0,0.0,53282.15,53308.4,52783.45,53710.35,0,0.0,0.0,0.0,0.0,-0.01,-1,-1,-0.01,-1,-1,-0.01,-1,-1,-0.01,-1,-1,-0.01,-1,-1,-0.01,-1,-1,-0.01,-1,-1,-0.01,-1,-1,-0.01,-1,-1,-0.01,-1,-1
99926009,2026-05-18 10:07:17+05:30,52883.3,0,0.0,0,0.0,0.0,53282.15,53308.4,52783.45,53710.35,0,0.0,0.0,0.0,0.0,-0.01,-1,-1,-0.01,-1,-1,-0.01,-1,-1,-0.01,-1,-1,-0.01,-1,-1,-0.01,-1,-1,-0.01,-1,-1,-0.01,-1,-1,-0.01,-1,-1,-0.01,-1,-1
99926009,2026-05-18 10:07:17+05:30,52876.95,0,0.0,0,0.0,0.0,53282.15,53308.4,52783.45,53710.35,0,0.0,0.0,0.0,0.0,-0.01,-1,-1,-0.01,-1,-1,-0.01,-1,-1,-0.01,-1,-1,-0.01,-1,-1,-0.01,-1,-1,-0.01,-1,-1,-0.01,-1,-1,-0.01,-1,-1,-0.01,-1,-1
99926009,2026-05-18 10:07:18+05:30,52881.15,0,0.0,0,0.0,0.0,53282.15,53308.4,52783.45,53710.35,0,0.0,0.0,0.0,0.0,-0.01,-1,-1,-0.01,-1,-1,-0.01,-1,-1,-0.01,-1,-1,-0.01,-1,-1,-0.01,-1,-1,-0.01,-1,-1,-0.01,-1,-1,-0.01,-1,-1,-0.01,-1,-1
99926009,2026-05-18 10:07:18+05:30,52879.35,0,0.0,0,0.0,0.0,53282.15,53308.4,52783.45,53710.35,0,0.0,0.0,0.0,0.0,-0.01,-1,-1,-0.01,-1,-1,-0.01,-1,-1,-0.01,-1,-1,-0.01,-1,-1,-0.01,-1,-1,-0.01,-1,-1,-0.01,-1,-1,-0.01,-1,-1,-0.01,-1,-1
99926009,2026-05-18 10:07:19+05:30,52877.8,0,0.0,0,0.0,0.0,53282.15,53308.4,52783.45,53710.35,0,0.0,0.0,0.0,0.0,-0.01,-1,-1,-0.01,-1,-1,-0.01,-1,-1,-0.01,-1,-1,-0.01,-1,-1,-0.01,-1,-1,-0.01,-1,-1,-0.01,-1,-1,-0.01,-1,-1,-0.01,-1,-1
99926009,2026-05-18 10:07:19+05:30,52879.5,0,0.0,0,0.0,0.0,53282.15,53308.4,52783.45,53710.35,0,0.0,0.0,0.0,0.0,-0.01,-1,-1,-0.01,-1,-1,-0.01,-1,-1,-0.01,-1,-1,-0.01,-1,-1,-0.01,-1,-1,-0.01,-1,-1,-0.01,-1,-1,-0.01,-1,-1,-0.01,-1,-1
99926009,2026-05-18 10:07:20+05:30,52879.65,0,0.0,0,0.0,0.0,53282.15,53308.4,52783.45,53710.35,0,0.0,0.0,0.0,0.0,-0.01,-1,-1,-0.01,-1,-1,-0.01,-1,-1,-0.01,-1,-1,-0.01,-1,-1,-0.01,-1,-1,-0.01,-1,-1,-0.01,-1,-1,-0.01,-1,-1,-0.01,-1,-1
99926009,2026-05-18 10:07:20+05:30,52879.35,0,0.0,0,0.0,0.0,53282.15,53308.4,52783.45,53710.35,0,0.0,0.0,0.0,0.0,-0.01,-1,-1,-0.01,-1,-1,-0.01,-1,-1,-0.01,-1,-1,-0.01,-1,-1,-0.01,-1,-1,-0.01,-1,-1,-0.01,-1,-1,-0.01,-1,-1,-0.01,-1,-1
99926009,2026-05-18 10:07:21+05:30,52877.3,0,0.0,0,0.0,0.0,53282.15,53308.4,52783.45,53710.35,0,0.0,0.0,0.0,0.0,-0.01,-1,-1,-0.01,-1,-1,-0.01,-1,-1,-0.01,-1,-1,-0.01,-1,-1,-0.01,-1,-1,-0.01,-1,-1,-0.01,-1,-1,-0.01,-1,-1,-0.01,-1,-1
99926009,2026-05-18 10:07:21+05:30,52879.75,0,0.0,0,0.0,0.0,53282.15,53308.4,52783.45,53710.35,0,0.0,0.0,0.0,0.0,-0.01,-1,-1,-0.01,-1,-1,-0.01,-1,-1,-0.01,-1,-1,-0.01,-1,-1,-0.01,-1,-1,-0.01,-1,-1,-0.01,-1,-1,-0.01,-1,-1,-0.01,-1,-1
99926009,2026-05-18 10:07:22+05:30,52881.4,0,0.0,0,0.0,0.0,53282.15,53308.4,52783.45,53710.35,0,0.0,0.0,0.0,0.0,-0.01,-1,-1,-0.01,-1,-1,-0.01,-1,-1,-0.01,-1,-1,-0.01,-1,-1,-0.01,-1,-1,-0.01,-1,-1,-0.01,-1,-1,-0.01,-1,-1,-0.01,-1,-1
99926009,2026-05-18 10:07:22+05:30,52883.55,0,0.0,0,0.0,0.0,53282.15,53308.4,52783.45,53710.35,0,0.0,0.0,0.0,0.0,-0.01,-1,-1,-0.01,-1,-1,-0.01,-1,-1,-0.01,-1,-1,-0.01,-1,-1,-0.01,-1,-1,-0.01,-1,-1,-0.01,-1,-1,-0.01,-1,-1,-0.01,-1,-1
99926009,2026-05-18 10:07:23+05:30,52878.65,0,0.0,0,0.0,0.0,53282.15,53308.4,52783.45,53710.35,0,0.0,0.0,0.0,0.0,-0.01,-1,-1,-0.01,-1,-1,-0.01,-1,-1,-0.01,-1,-1,-0.01,-1,-1,-0.01,-1,-1,-0.01,-1,-1,-0.01,-1,-1,-0.01,-1,-1,-0.01,-1,-1
99926009,2026-05-18 10:07:23+05:30,52882.3,0,0.0,0,0.0,0.0,53282.15,53308.4,52783.45,53710.35,0,0.0,0.0,0.0,0.0,-0.01,-1,-1,-0.01,-1,-1,-0.01,-1,-1,-0.01,-1,-1,-0.01,-1,-1,-0.01,-1,-1,-0.01,-1,-1,-0.01,-1,-1,-0.01,-1,-1,-0.01,-1,-1
99926009,2026-05-18 10:07:24+05:30,52881.6,0,0.0,0,0.0,0.0,53282.15,53308.4,52783.45,53710.35,0,0.0,0.0,0.0,0.0,-0.01,-1,-1,-0.01,-1,-1,-0.01,-1,-1,-0.01,-1,-1,-0.01,-1,-1,-0.01,-1,-1,-0.01,-1,-1,-0.01,-1,-1,-0.01,-1,-1,-0.01,-1,-1
99926009,2026-05-18 10:07:24+05:30,52881.45,0,0.0,0,0.0,0.0,53282.15,53308.4,52783.45,53710.35,0,0.0,0.0,0.0,0.0,-0.01,-1,-1,-0.01,-1,-1,-0.01,-1,-1,-0.01,-1,-1,-0.01,-1,-1,-0.01,-1,-1,-0.01,-1,-1,-0.01,-1,-1,-0.01,-1,-1,-0.01,-1,-1
99926009,2026-05-18 10:07:25+05:30,52883.45,0,0.0,0,0.0,0.0,53282.15,53308.4,52783.45,53710.35,0,0.0,0.0,0.0,0.0,-0.01,-1,-1,-0.01,-1,-1,-0.01,-1,-1,-0.01,-1,-1,-0.01,-1,-1,-0.01,-1,-1,-0.01,-1,-1,-0.01,-1,-1,-0.01,-1,-1,-0.01,-1,-1
99926009,2026-05-18 10:07:25+05:30,52878.75,0,0.0,0,0.0,0.0,53282.15,53308.4,52783.45,53710.35,0,0.0,0.0,0.0,0.0,-0.01,-1,-1,-0.01,-1,-1,-0.01,-1,-1,-0.01,-1,-1,-0.01,-1,-1,-0.01,-1,-1,-0.01,-1,-1,-0.01,-1,-1,-0.01,-1,-1,-0.01,-1,-1
99926009,2026-05-18 10:07:26+05:30,52879.25,0,0.0,0,0.0,0.0,53282.15,53308.4,52783.45,53710.35,0,0.0,0.0,0.0,0.0,-0.01,-1,-1,-0.01,-1,-1,-0.01,-1,-1,-0.01,-1,-1,-0.01,-1,-1,-0.01,-1,-1,-0.01,-1,-1,-0.01,-1,-1,-0.01,-1,-1,-0.01,-1,-1
99926009,2026-05-18 10:07:26+05:30,52879.85,0,0.0,0,0.0,0.0,53282.15,53308.4,52783.45,53710.35,0,0.0,0.0,0.0,0.0,-0.01,-1,-1,-0.01,-1,-1,-0.01,-1,-1,-0.01,-1,-1,-0.01,-1,-1,-0.01,-1,-1,-0.01,-1,-1,-0.01,-1,-1,-0.01,-1,-1,-0.01,-1,-1
99926009,2026-05-18 10:07:27+05:30,52874.35,0,0.0,0,0.0,0.0,53282.15,53308.4,52783.45,53710.35,0,0.0,0.0,0.0,0.0,-0.01,-1,-1,-0.01,-1,-1,-0.01,-1,-1,-0.01,-1,-1,-0.01,-1,-1,-0.01,-1,-1,-0.01,-1,-1,-0.01,-1,-1,-0.01,-1,-1,-0.01,-1,-1
99926009,2026-05-18 10:07:27+05:30,52878.25,0,0.0,0,0.0,0.0,53282.15,53308.4,52783.45,53710.35,0,0.0,0.0,0.0,0.0,-0.01,-1,-1,-0.01,-1,-1,-0.01,-1,-1,-0.01,-1,-1,-0.01,-1,-1,-0.01,-1,-1,-0.01,-1,-1,-0.01,-1,-1,-0.01,-1,-1,-0.01,-1,-1
99926009,2026-05-18 10:07:28+05:30,52876.85,0,0.0,0,0.0,0.0,53282.15,53308.4,52783.45,53710.35,0,0.0,0.0,0.0,0.0,-0.01,-1,-1,-0.01,-1,-1,-0.01,-1,-1,-0.01,-1,-1,-0.01,-1,-1,-0.01,-1,-1,-0.01,-1,-1,-0.01,-1,-1,-0.01,-1,-1,-0.01,-1,-1
99926009,2026-05-18 10:07:28+05:30,52879.4,0,0.0,0,0.0,0.0,53282.15,53308.4,52783.45,53710.35,0,0.0,0.0,0.0,0.0,-0.01,-1,-1,-0.01,-1,-1,-0.01,-1,-1,-0.01,-1,-1,-0.01,-1,-1,-0.01,-1,-1,-0.01,-1,-1,-0.01,-1,-1,-0.01,-1,-1,-0.01,-1,-1
99926009,2026-05-18 10:07:29+05:30,52878.9,0,0.0,0,0.0,0.0,53282.15,53308.4,52783.45,53710.35,0,0.0,0.0,0.0,0.0,-0.01,-1,-1,-0.01,-1,-1,-0.01,-1,-1,-0.01,-1,-1,-0.01,-1,-1,-0.01,-1,-1,-0.01,-1,-1,-0.01,-1,-1,-0.01,-1,-1,-0.01,-1,-1
99926009,2026-05-18 10:07:29+05:30,52881.05,0,0.0,0,0.0,0.0,53282.15,53308.4,52783.45,53710.35,0,0.0,0.0,0.0,0.0,-0.01,-1,-1,-0.01,-1,-1,-0.01,-1,-1,-0.01,-1,-1,-0.01,-1,-1,-0.01,-1,-1,-0.01,-1,-1,-0.01,-1,-1,-0.01,-1,-1,-0.01,-1,-1
99926009,2026-05-18 10:07:30+05:30,52876.65,0,0.0,0,0.0,0.0,53282.15,53308.4,52783.45,53710.35,0,0.0,0.0,0.0,0.0,-0.01,-1,-1,-0.01,-1,-1,-0.01,-1,-1,-0.01,-1,-1,-0.01,-1,-1,-0.01,-1,-1,-0.01,-1,-1,-0.01,-1,-1,-0.01,-1,-1,-0.01,-1,-1
99926009,2026-05-18 10:07:30+05:30,52877.55,0,0.0,0,0.0,0.0,53282.15,53308.4,52783.45,53710.35,0,0.0,0.0,0.0,0.0,-0.01,-1,-1,-0.01,-1,-1,-0.01,-1,-1,-0.01,-1,-1,-0.01,-1,-1,-0.01,-1,-1,-0.01,-1,-1,-0.01,-1,-1,-0.01,-1,-1,-0.01,-1,-1
99926009,2026-05-18 10:07:31+05:30,52880.2,0,0.0,0,0.0,0.0,53282.15,53308.4,52783.45,53710.35,0,0.0,0.0,0.0,0.0,-0.01,-1,-1,-0.01,-1,-1,-0.01,-1,-1,-0.01,-1,-1,-0.01,-1,-1,-0.01,-1,-1,-0.01,-1,-1,-0.01,-1,-1,-0.01,-1,-1,-0.01,-1,-1
99926009,2026-05-18 10:07:31+05:30,52880.7,0,0.0,0,0.0,0.0,53282.15,53308.4,52783.45,53710.35,0,0.0,0.0,0.0,0.0,-0.01,-1,-1,-0.01,-1,-1,-0.01,-1,-1,-0.01,-1,-1,-0.01,-1,-1,-0.01,-1,-1,-0.01,-1,-1,-0.01,-1,-1,-0.01,-1,-1,-0.01,-1,-1
99926009,2026-05-18 10:07:32+05:30,52878.75,0,0.0,0,0.0,0.0,53282.15,53308.4,52783.45,53710.35,0,0.0,0.0,0.0,0.0,-0.01,-1,-1,-0.01,-1,-1,-0.01,-1,-1,-0.01,-1,-1,-0.01,-1,-1,-0.01,-1,-1,-0.01,-1,-1,-0.01,-1,-1,-0.01,-1,-1,-0.01,-1,-1
99926009,2026-05-18 10:07:32+05:30,52879.95,0,0.0,0,0.0,0.0,53282.15,53308.4,52783.45,53710.35,0,0.0,0.0,0.0,0.0,-0.01,-1,-1,-0.01,-1,-1,-0.01,-1,-1,-0.01,-1,-1,-0.01,-1,-1,-0.01,-1,-1,-0.01,-1,-1,-0.01,-1,-1,-0.01,-1,-1,-0.01,-1,-1
99926009,2026-05-18 10:07:33+05:30,52878.25,0,0.0,0,0.0,0.0,53282.15,53308.4,52783.45,53710.35,0,0.0,0.0,0.0,0.0,-0.01,-1,-1,-0.01,-1,-1,-0.01,-1,-1,-0.01,-1,-1,-0.01,-1,-1,-0.01,-1,-1,-0.01,-1,-1,-0.01,-1,-1,-0.01,-1,-1,-0.01,-1,-1
99926009,2026-05-18 10:07:33+05:30,52879.1,0,0.0,0,0.0,0.0,53282.15,53308.4,52783.45,53710.35,0,0.0,0.0,0.0,0.0,-0.01,-1,-1,-0.01,-1,-1,-0.01,-1,-1,-0.01,-1,-1,-0.01,-1,-1,-0.01,-1,-1,-0.01,-1,-1,-0.01,-1,-1,-0.01,-1,-1,-0.01,-1,-1
99926009,2026-05-18 10:07:34+05:30,52877.0,0,0.0,0,0.0,0.0,53282.15,53308.4,52783.45,53710.35,0,0.0,0.0,0.0,0.0,-0.01,-1,-1,-0.01,-1,-1,-0.01,-1,-1,-0.01,-1,-1,-0.01,-1,-1,-0.01,-1,-1,-0.01,-1,-1,-0.01,-1,-1,-0.01,-1,-1,-0.01,-1,-1
99926009,2026-05-18 10:07:34+05:30,52882.8,0,0.0,0,0.0,0.0,53282.15,53308.4,52783.45,53710.35,0,0.0,0.0,0.0,0.0,-0.01,-1,-1,-0.01,-1,-1,-0.01,-1,-1,-0.01,-1,-1,-0.01,-1,-1,-0.01,-1,-1,-0.01,-1,-1,-0.01,-1,-1,-0.01,-1,-1,-0.01,-1,-1
99926009,2026-05-18 10:07:35+05:30,52879.3,0,0.0,0,0.0,0.0,53282.15,53308.4,52783.45,53710.35,0,0.0,0.0,0.0,0.0,-0.01,-1,-1,-0.01,-1,-1,-0.01,-1,-1,-0.01,-1,-1,-0.01,-1,-1,-0.01,-1,-1,-0.01,-1,-1,-0.01,-1,-1,-0.01,-1,-1,-0.01,-1,-1
99926009,2026-05-18 10:07:35+05:30,52882.1,0,0.0,0,0.0,0.0,53282.15,53308.4,52783.45,53710.35,0,0.0,0.0,0.0,0.0,-0.01,-1,-1,-0.01,-1,-1,-0.01,-1,-1,-0.01,-1,-1,-0.01,-1,-1,-0.01,-1,-1,-0.01,-1,-1,-0.01,-1,-1,-0.01,-1,-1,-0.01,-1,-1
99926009,2026-05-18 10:07:36+05:30,52879.55,0,0.0,0,0.0,0.0,53282.15,53308.4,52783.45,53710.35,0,0.0,0.0,0.0,0.0,-0.01,-1,-1,-0.01,-1,-1,-0.01,-1,-1,-0.01,-1,-1,-0.01,-1,-1,-0.01,-1,-1,-0.01,-1,-1,-0.01,-1,-1,-0.01,-1,-1,-0.01,-1,-1
99926009,2026-05-18 10:07:36+05:30,52878.6,0,0.0,0,0.0,0.0,53282.15,53308.4,52783.45,53710.35,0,0.0,0.0,0.0,0.0,-0.01,-1,-1,-0.01,-1,-1,-0.01,-1,-1,-0.01,-1,-1,-0.01,-1,-1,-0.01,-1,-1,-0.01,-1,-1,-0.01,-1,-1,-0.01,-1,-1,-0.01,-1,-1
99926009,2026-05-18 10:07:37+05:30,52880.9,0,0.0,0,0.0,0.0,53282.15,53308.4,52783.45,53710.35,0,0.0,0.0,0.0,0.0,-0.01,-1,-1,-0.01,-1,-1,-0.01,-1,-1,-0.01,-1,-1,-0.01,-1,-1,-0.01,-1,-1,-0.01,-1,-1,-0.01,-1,-1,-0.01,-1,-1,-0.01,-1,-1
99926009,2026-05-18 10:07:37+05:30,52882.1,0,0.0,0,0.0,0.0,53282.15,53308.4,52783.45,53710.35,0,0.0,0.0,0.0,0.0,-0.01,-1,-1,-0.01,-1,-1,-0.01,-1,-1,-0.01,-1,-1,-0.01,-1,-1,-0.01,-1,-1,-0.01,-1,-1,-0.01,-1,-1,-0.01,-1,-1,-0.01,-1,-1
99926009,2026-05-18 10:07:38+05:30,52880.55,0,0.0,0,0.0,0.0,53282.15,53308.4,52783.45,53710.35,0,0.0,0.0,0.0,0.0,-0.01,-1,-1,-0.01,-1,-1,-0.01,-1,-1,-0.01,-1,-1,-0.01,-1,-1,-0.01,-1,-1,-0.01,-1,-1,-0.01,-1,-1,-0.01,-1,-1,-0.01,-1,-1
99926009,2026-05-18 10:07:38+05:30,52878.6,0,0.0,0,0.0,0.0,53282.15,53308.4,52783.45,53710.35,0,0.0,0.0,0.0,0.0,-0.01,-1,-1,-0.01,-1,-1,-0.01,-1,-1,-0.01,-1,-1,-0.01,-1,-1,-0.01,-1,-1,-0.01,-1,-1,-0.01,-1,-1,-0.01,-1,-1,-0.01,-1,-1
99926009,2026-05-18 10:07:39+05:30,52881.65,0,0.0,0,0.0,0.0,53282.15,53308.4,52783.45,53710.35,0,0.0,0.0,0.0,0.0,-0.01,-1,-1,-0.01,-1,-1,-0.01,-1,-1,-0.01,-1,-1,-0.01,-1,-1,-0.01,-1,-1,-0.01,-1,-1,-0.01,-1,-1,-0.01,-1,-1,-0.01,-1,-1
99926009,2026-05-18 10:07:39+05:30,52881.9,0,0.0,0,0.0,0.0,53282.15,53308.4,52783.45,53710.35,0,0.0,0.0,0.0,0.0,-0.01,-1,-1,-0.01,-1,-1,-0.01,-1,-1,-0.01,-1,-1,-0.01,-1,-1,-0.01,-1,-1,-0.01,-1,-1,-0.01,-1,-1,-0.01,-1,-1,-0.01,-1,-1
99926009,2026-05-18 10:07:40+05:30,52882.25,0,0.0,0,0.0,0.0,53282.15,53308.4,52783.45,53710.35,0,0.0,0.0,0.0,0.0,-0.01,-1,-1,-0.01,-1,-1,-0.01,-1,-1,-0.01,-1,-1,-0.01,-1,-1,-0.01,-1,-1,-0.01,-1,-1,-0.01,-1,-1,-0.01,-1,-1,-0.01,-1,-1
99926009,2026-05-18 10:07:40+05:30,52880.8,0,0.0,0,0.0,0.0,53282.15,53308.4,52783.45,53710.35,0,0.0,0.0,0.0,0.0,-0.01,-1,-1,-0.01,-1,-1,-0.01,-1,-1,-0.01,-1,-1,-0.01,-1,-1,-0.01,-1,-1,-0.01,-1,-1,-0.01,-1,-1,-0.01,-1,-1,-0.01,-1,-1
99926009,2026-05-18 10:07:41+05:30,52878.5,0,0.0,0,0.0,0.0,53282.15,53308.4,52783.45,53710.35,0,0.0,0.0,0.0,0.0,-0.01,-1,-1,-0.01,-1,-1,-0.01,-1,-1,-0.01,-1,-1,-0.01,-1,-1,-0.01,-1,-1,-0.01,-1,-1,-0.01,-1,-1,-0.01,-1,-1,-0.01,-1,-1
99926009,2026-05-18 10:07:41+05:30,52880.4,0,0.0,0,0.0,0.0,53282.15,53308.4,52783.45,53710.35,0,0.0,0.0,0.0,0.0,-0.01,-1,-1,-0.01,-1,-1,-0.01,-1,-1,-0.01,-1,-1,-0.01,-1,-1,-0.01,-1,-1,-0.01,-1,-1,-0.01,-1,-1,-0.01,-1,-1,-0.01,-1,-1
99926009,2026-05-18 10:07:42+05:30,52881.5,0,0.0,0,0.0,0.0,53282.15,53308.4,52783.45,53710.35,0,0.0,0.0,0.0,0.0,-0.01,-1,-1,-0.01,-1,-1,-0.01,-1,-1,-0.01,-1,-1,-0.01,-1,-1,-0.01,-1,-1,-0.01,-1,-1,-0.01,-1,-1,-0.01,-1,-1,-0.01,-1,-1
99926009,2026-05-18 10:07:42+05:30,52881.45,0,0.0,0,0.0,0.0,53282.15,53308.4,52783.45,53710.35,0,0.0,0.0,0.0,0.0,-0.01,-1,-1,-0.01,-1,-1,-0.01,-1,-1,-0.01,-1,-1,-0.01,-1,-1,-0.01,-1,-1,-0.01,-1,-1,-0.01,-1,-1,-0.01,-1,-1,-0.01,-1,-1
99926009,2026-05-18 10:07:43+05:30,52877.9,0,0.0,0,0.0,0.0,53282.15,53308.4,52783.45,53710.35,0,0.0,0.0,0.0,0.0,-0.01,-1,-1,-0.01,-1,-1,-0.01,-1,-1,-0.01,-1,-1,-0.01,-1,-1,-0.01,-1,-1,-0.01,-1,-1,-0.01,-1,-1,-0.01,-1,-1,-0.01,-1,-1
99926009,2026-05-18 10:07:43+05:30,52876.05,0,0.0,0,0.0,0.0,53282.15,53308.4,52783.45,53710.35,0,0.0,0.0,0.0,0.0,-0.01,-1,-1,-0.01,-1,-1,-0.01,-1,-1,-0.01,-1,-1,-0.01,-1,-1,-0.01,-1,-1,-0.01,-1,-1,-0.01,-1,-1,-0.01,-1,-1,-0.01,-1,-1
99926009,2026-05-18 10:07:44+05:30,52876.45,0,0.0,0,0.0,0.0,53282.15,53308.4,52783.45,53710.35,0,0.0,0.0,0.0,0.0,-0.01,-1,-1,-0.01,-1,-1,-0.01,-1,-1,-0.01,-1,-1,-0.01,-1,-1,-0.01,-1,-1,-0.01,-1,-1,-0.01,-1,-1,-0.01,-1,-1,-0.01,-1,-1
99926009,2026-05-18 10:07:44+05:30,52874.75,0,0.0,0,0.0,0.0,53282.15,53308.4,52783.45,53710.35,0,0.0,0.0,0.0,0.0,-0.01,-1,-1,-0.01,-1,-1,-0.01,-1,-1,-0.01,-1,-1,-0.01,-1,-1,-0.01,-1,-1,-0.01,-1,-1,-0.01,-1,-1,-0.01,-1,-1,-0.01,-1,-1
99926009,2026-05-18 10:07:45+05:30,52875.35,0,0.0,0,0.0,0.0,53282.15,53308.4,52783.45,53710.35,0,0.0,0.0,0.0,0.0,-0.01,-1,-1,-0.01,-1,-1,-0.01,-1,-1,-0.01,-1,-1,-0.01,-1,-1,-0.01,-1,-1,-0.01,-1,-1,-0.01,-1,-1,-0.01,-1,-1,-0.01,-1,-1
99926009,2026-05-18 10:07:45+05:30,52878.75,0,0.0,0,0.0,0.0,53282.15,53308.4,52783.45,53710.35,0,0.0,0.0,0.0,0.0,-0.01,-1,-1,-0.01,-1,-1,-0.01,-1,-1,-0.01,-1,-1,-0.01,-1,-1,-0.01,-1,-1,-0.01,-1,-1,-0.01,-1,-1,-0.01,-1,-1,-0.01,-1,-1
99926009,2026-05-18 10:07:46+05:30,52881.0,0,0.0,0,0.0,0.0,53282.15,53308.4,52783.45,53710.35,0,0.0,0.0,0.0,0.0,-0.01,-1,-1,-0.01,-1,-1,-0.01,-1,-1,-0.01,-1,-1,-0.01,-1,-1,-0.01,-1,-1,-0.01,-1,-1,-0.01,-1,-1,-0.01,-1,-1,-0.01,-1,-1
99926009,2026-05-18 10:07:46+05:30,52878.6,0,0.0,0,0.0,0.0,53282.15,53308.4,52783.45,53710.35,0,0.0,0.0,0.0,0.0,-0.01,-1,-1,-0.01,-1,-1,-0.01,-1,-1,-0.01,-1,-1,-0.01,-1,-1,-0.01,-1,-1,-0.01,-1,-1,-0.01,-1,-1,-0.01,-1,-1,-0.01,-1,-1
99926009,2026-05-18 10:07:47+05:30,52883.15,0,0.0,0,0.0,0.0,53282.15,53308.4,52783.45,53710.35,0,0.0,0.0,0.0,0.0,-0.01,-1,-1,-0.01,-1,-1,-0.01,-1,-1,-0.01,-1,-1,-0.01,-1,-1,-0.01,-1,-1,-0.01,-1,-1,-0.01,-1,-1,-0.01,-1,-1,-0.01,-1,-1
99926009,2026-05-18 10:07:47+05:30,52883.15,0,0.0,0,0.0,0.0,53282.15,53308.4,52783.45,53710.35,0,0.0,0.0,0.0,0.0,-0.01,-1,-1,-0.01,-1,-1,-0.01,-1,-1,-0.01,-1,-1,-0.01,-1,-1,-0.01,-1,-1,-0.01,-1,-1,-0.01,-1,-1,-0.01,-1,-1,-0.01,-1,-1
99926009,2026-05-18 10:07:48+05:30,52882.6,0,0.0,0,0.0,0.0,53282.15,53308.4,52783.45,53710.35,0,0.0,0.0,0.0,0.0,-0.01,-1,-1,-0.01,-1,-1,-0.01,-1,-1,-0.01,-1,-1,-0.01,-1,-1,-0.01,-1,-1,-0.01,-1,-1,-0.01,-1,-1,-0.01,-1,-1,-0.01,-1,-1
99926009,2026-05-18 10:07:48+05:30,52880.65,0,0.0,0,0.0,0.0,53282.15,53308.4,52783.45,53710.35,0,0.0,0.0,0.0,0.0,-0.01,-1,-1,-0.01,-1,-1,-0.01,-1,-1,-0.01,-1,-1,-0.01,-1,-1,-0.01,-1,-1,-0.01,-1,-1,-0.01,-1,-1,-0.01,-1,-1,-0.01,-1,-1
99926009,2026-05-18 10:07:49+05:30,52878.15,0,0.0,0,0.0,0.0,53282.15,53308.4,52783.45,53710.35,0,0.0,0.0,0.0,0.0,-0.01,-1,-1,-0.01,-1,-1,-0.01,-1,-1,-0.01,-1,-1,-0.01,-1,-1,-0.01,-1,-1,-0.01,-1,-1,-0.01,-1,-1,-0.01,-1,-1,-0.01,-1,-1
99926009,2026-05-18 10:07:49+05:30,52884.05,0,0.0,0,0.0,0.0,53282.15,53308.4,52783.45,53710.35,0,0.0,0.0,0.0,0.0,-0.01,-1,-1,-0.01,-1,-1,-0.01,-1,-1,-0.01,-1,-1,-0.01,-1,-1,-0.01,-1,-1,-0.01,-1,-1,-0.01,-1,-1,-0.01,-1,-1,-0.01,-1,-1
99926009,2026-05-18 10:07:50+05:30,52883.5,0,0.0,0,0.0,0.0,53282.15,53308.4,52783.45,53710.35,0,0.0,0.0,0.0,0.0,-0.01,-1,-1,-0.01,-1,-1,-0.01,-1,-1,-0.01,-1,-1,-0.01,-1,-1,-0.01,-1,-1,-0.01,-1,-1,-0.01,-1,-1,-0.01,-1,-1,-0.01,-1,-1
99926009,2026-05-18 10:07:50+05:30,52882.0,0,0.0,0,0.0,0.0,53282.15,53308.4,52783.45,53710.35,0,0.0,0.0,0.0,0.0,-0.01,-1,-1,-0.01,-1,-1,-0.01,-1,-1,-0.01,-1,-1,-0.01,-1,-1,-0.01,-1,-1,-0.01,-1,-1,-0.01,-1,-1,-0.01,-1,-1,-0.01,-1,-1
99926009,2026-05-18 10:07:51+05:30,52879.6,0,0.0,0,0.0,0.0,53282.15,53308.4,52783.45,53710.35,0,0.0,0.0,0.0,0.0,-0.01,-1,-1,-0.01,-1,-1,-0.01,-1,-1,-0.01,-1,-1,-0.01,-1,-1,-0.01,-1,-1,-0.01,-1,-1,-0.01,-1,-1,-0.01,-1,-1,-0.01,-1,-1
99926009,2026-05-18 10:07:51+05:30,52874.2,0,0.0,0,0.0,0.0,53282.15,53308.4,52783.45,53710.35,0,0.0,0.0,0.0,0.0,-0.01,-1,-1,-0.01,-1,-1,-0.01,-1,-1,-0.01,-1,-1,-0.01,-1,-1,-0.01,-1,-1,-0.01,-1,-1,-0.01,-1,-1,-0.01,-1,-1,-0.01,-1,-1
99926009,2026-05-18 10:07:52+05:30,52876.55,0,0.0,0,0.0,0.0,53282.15,53308.4,52783.45,53710.35,0,0.0,0.0,0.0,0.0,-0.01,-1,-1,-0.01,-1,-1,-0.01,-1,-1,-0.01,-1,-1,-0.01,-1,-1,-0.01,-1,-1,-0.01,-1,-1,-0.01,-1,-1,-0.01,-1,-1,-0.01,-1,-1
99926009,2026-05-18 10:07:52+05:30,52877.7,0,0.0,0,0.0,0.0,53282.15,53308.4,52783.45,53710.35,0,0.0,0.0,0.0,0.0,-0.01,-1,-1,-0.01,-1,-1,-0.01,-1,-1,-0.01,-1,-1,-0.01,-1,-1,-0.01,-1,-1,-0.01,-1,-1,-0.01,-1,-1,-0.01,-1,-1,-0.01,-1,-1
99926009,2026-05-18 10:07:53+05:30,52877.25,0,0.0,0,0.0,0.0,53282.15,53308.4,52783.45,53710.35,0,0.0,0.0,0.0,0.0,-0.01,-1,-1,-0.01,-1,-1,-0.01,-1,-1,-0.01,-1,-1,-0.01,-1,-1,-0.01,-1,-1,-0.01,-1,-1,-0.01,-1,-1,-0.01,-1,-1,-0.01,-1,-1
99926009,2026-05-18 10:07:53+05:30,52876.75,0,0.0,0,0.0,0.0,53282.15,53308.4,52783.45,53710.35,0,0.0,0.0,0.0,0.0,-0.01,-1,-1,-0.01,-1,-1,-0.01,-1,-1,-0.01,-1,-1,-0.01,-1,-1,-0.01,-1,-1,-0.01,-1,-1,-0.01,-1,-1,-0.01,-1,-1,-0.01,-1,-1
99926009,2026-05-18 10:07:54+05:30,52877.75,0,0.0,0,0.0,0.0,53282.15,53308.4,52783.45,53710.35,0,0.0,0.0,0.0,0.0,-0.01,-1,-1,-0.01,-1,-1,-0.01,-1,-1,-0.01,-1,-1,-0.01,-1,-1,-0.01,-1,-1,-0.01,-1,-1,-0.01,-1,-1,-0.01,-1,-1,-0.01,-1,-1
99926009,2026-05-18 10:07:54+05:30,52880.5,0,0.0,0,0.0,0.0,53282.15,53308.4,52783.45,53710.35,0,0.0,0.0,0.0,0.0,-0.01,-1,-1,-0.01,-1,-1,-0.01,-1,-1,-0.01,-1,-1,-0.01,-1,-1,-0.01,-1,-1,-0.01,-1,-1,-0.01,-1,-1,-0.01,-1,-1,-0.01,-1,-1
99926009,2026-05-18 10:07:55+05:30,52876.85,0,0.0,0,0.0,0.0,53282.15,53308.4,52783.45,53710.35,0,0.0,0.0,0.0,0.0,-0.01,-1,-1,-0.01,-1,-1,-0.01,-1,-1,-0.01,-1,-1,-0.01,-1,-1,-0.01,-1,-1,-0.01,-1,-1,-0.01,-1,-1,-0.01,-1,-1,-0.01,-1,-1
99926009,2026-05-18 10:07:55+05:30,52881.35,0,0.0,0,0.0,0.0,53282.15,53308.4,52783.45,53710.35,0,0.0,0.0,0.0,0.0,-0.01,-1,-1,-0.01,-1,-1,-0.01,-1,-1,-0.01,-1,-1,-0.01,-1,-1,-0.01,-1,-1,-0.01,-1,-1,-0.01,-1,-1,-0.01,-1,-1,-0.01,-1,-1
99926009,2026-05-18 10:07:56+05:30,52881.2,0,0.0,0,0.0,0.0,53282.15,53308.4,52783.45,53710.35,0,0.0,0.0,0.0,0.0,-0.01,-1,-1,-0.01,-1,-1,-0.01,-1,-1,-0.01,-1,-1,-0.01,-1,-1,-0.01,-1,-1,-0.01,-1,-1,-0.01,-1,-1,-0.01,-1,-1,-0.01,-1,-1
99926009,2026-05-18 10:07:56+05:30,52879.5,0,0.0,0,0.0,0.0,53282.15,53308.4,52783.45,53710.35,0,0.0,0.0,0.0,0.0,-0.01,-1,-1,-0.01,-1,-1,-0.01,-1,-1,-0.01,-1,-1,-0.01,-1,-1,-0.01,-1,-1,-0.01,-1,-1,-0.01,-1,-1,-0.01,-1,-1,-0.01,-1,-1
99926009,2026-05-18 10:07:57+05:30,52879.8,0,0.0,0,0.0,0.0,53282.15,53308.4,52783.45,53710.35,0,0.0,0.0,0.0,0.0,-0.01,-1,-1,-0.01,-1,-1,-0.01,-1,-1,-0.01,-1,-1,-0.01,-1,-1,-0.01,-1,-1,-0.01,-1,-1,-0.01,-1,-1,-0.01,-1,-1,-0.01,-1,-1
99926009,2026-05-18 10:07:57+05:30,52878.35,0,0.0,0,0.0,0.0,53282.15,53308.4,52783.45,53710.35,0,0.0,0.0,0.0,0.0,-0.01,-1,-1,-0.01,-1,-1,-0.01,-1,-1,-0.01,-1,-1,-0.01,-1,-1,-0.01,-1,-1,-0.01,-1,-1,-0.01,-1,-1,-0.01,-1,-1,-0.01,-1,-1
99926009,2026-05-18 10:07:58+05:30,52874.6,0,0.0,0,0.0,0.0,53282.15,53308.4,52783.45,53710.35,0,0.0,0.0,0.0,0.0,-0.01,-1,-1,-0.01,-1,-1,-0.01,-1,-1,-0.01,-1,-1,-0.01,-1,-1,-0.01,-1,-1,-0.01,-1,-1,-0.01,-1,-1,-0.01,-1,-1,-0.01,-1,-1
99926009,2026-05-18 10:07:58+05:30,52870.7,0,0.0,0,0.0,0.0,53282.15,53308.4,52783.45,53710.35,0,0.0,0.0,0.0,0.0,-0.01,-1,-1,-0.01,-1,-1,-0.01,-1,-1,-0.01,-1,-1,-0.01,-1,-1,-0.01,-1,-1,-0.01,-1,-1,-0.01,-1,-1,-0.01,-1,-1,-0.01,-1,-1
99926009,2026-05-18 10:07:59+05:30,52863.5,0,0.0,0,0.0,0.0,53282.15,53308.4,52783.45,53710.35,0,0.0,0.0,0.0,0.0,-0.01,-1,-1,-0.01,-1,-1,-0.01,-1,-1,-0.01,-1,-1,-0.01,-1,-1,-0.01,-1,-1,-0.01,-1,-1,-0.01,-1,-1,-0.01,-1,-1,-0.01,-1,-1
99926009,2026-05-18 10:07:59+05:30,52861.2,0,0.0,0,0.0,0.0,53282.15,53308.4,52783.45,53710.35,0,0.0,0.0,0.0,0.0,-0.01,-1,-1,-0.01,-1,-1,-0.01,-1,-1,-0.01,-1,-1,-0.01,-1,-1,-0.01,-1,-1,-0.01,-1,-1,-0.01,-1,-1,-0.01,-1,-1,-0.01,-1,-1
99926009,2026-05-18 10:08:00+05:30,52858.15,0,0.0,0,0.0,0.0,53282.15,53308.4,52783.45,53710.35,0,0.0,0.0,0.0,0.0,-0.01,-1,-1,-0.01,-1,-1,-0.01,-1,-1,-0.01,-1,-1,-0.01,-1,-1,-0.01,-1,-1,-0.01,-1,-1,-0.01,-1,-1,-0.01,-1,-1,-0.01,-1,-1
99926009,2026-05-18 10:08:00+05:30,52861.55,0,0.0,0,0.0,0.0,53282.15,53308.4,52783.45,53710.35,0,0.0,0.0,0.0,0.0,-0.01,-1,-1,-0.01,-1,-1,-0.01,-1,-1,-0.01,-1,-1,-0.01,-1,-1,-0.01,-1,-1,-0.01,-1,-1,-0.01,-1,-1,-0.01,-1,-1,-0.01,-1,-1
99926009,2026-05-18 10:08:01+05:30,52859.15,0,0.0,0,0.0,0.0,53282.15,53308.4,52783.45,53710.35,0,0.0,0.0,0.0,0.0,-0.01,-1,-1,-0.01,-1,-1,-0.01,-1,-1,-0.01,-1,-1,-0.01,-1,-1,-0.01,-1,-1,-0.01,-1,-1,-0.01,-1,-1,-0.01,-1,-1,-0.01,-1,-1
99926009,2026-05-18 10:08:01+05:30,52860.05,0,0.0,0,0.0,0.0,53282.15,53308.4,52783.45,53710.35,0,0.0,0.0,0.0,0.0,-0.01,-1,-1,-0.01,-1,-1,-0.01,-1,-1,-0.01,-1,-1,-0.01,-1,-1,-0.01,-1,-1,-0.01,-1,-1,-0.01,-1,-1,-0.01,-1,-1,-0.01,-1,-1
99926009,2026-05-18 10:08:02+05:30,52858.3,0,0.0,0,0.0,0.0,53282.15,53308.4,52783.45,53710.35,0,0.0,0.0,0.0,0.0,-0.01,-1,-1,-0.01,-1,-1,-0.01,-1,-1,-0.01,-1,-1,-0.01,-1,-1,-0.01,-1,-1,-0.01,-1,-1,-0.01,-1,-1,-0.01,-1,-1,-0.01,-1,-1
99926009,2026-05-18 10:08:02+05:30,52856.85,0,0.0,0,0.0,0.0,53282.15,53308.4,52783.45,53710.35,0,0.0,0.0,0.0,0.0,-0.01,-1,-1,-0.01,-1,-1,-0.01,-1,-1,-0.01,-1,-1,-0.01,-1,-1,-0.01,-1,-1,-0.01,-1,-1,-0.01,-1,-1,-0.01,-1,-1,-0.01,-1,-1
99926009,2026-05-18 10:08:03+05:30,52857.85,0,0.0,0,0.0,0.0,53282.15,53308.4,52783.45,53710.35,0,0.0,0.0,0.0,0.0,-0.01,-1,-1,-0.01,-1,-1,-0.01,-1,-1,-0.01,-1,-1,-0.01,-1,-1,-0.01,-1,-1,-0.01,-1,-1,-0.01,-1,-1,-0.01,-1,-1,-0.01,-1,-1
99926009,2026-05-18 10:08:03+05:30,52857.6,0,0.0,0,0.0,0.0,53282.15,53308.4,52783.45,53710.35,0,0.0,0.0,0.0,0.0,-0.01,-1,-1,-0.01,-1,-1,-0.01,-1,-1,-0.01,-1,-1,-0.01,-1,-1,-0.01,-1,-1,-0.01,-1,-1,-0.01,-1,-1,-0.01,-1,-1,-0.01,-1,-1
99926009,2026-05-18 10:08:04+05:30,52857.15,0,0.0,0,0.0,0.0,53282.15,53308.4,52783.45,53710.35,0,0.0,0.0,0.0,0.0,-0.01,-1,-1,-0.01,-1,-1,-0.01,-1,-1,-0.01,-1,-1,-0.01,-1,-1,-0.01,-1,-1,-0.01,-1,-1,-0.01,-1,-1,-0.01,-1,-1,-0.01,-1,-1
99926009,2026-05-18 10:08:04+05:30,52857.25,0,0.0,0,0.0,0.0,53282.15,53308.4,52783.45,53710.35,0,0.0,0.0,0.0,0.0,-0.01,-1,-1,-0.01,-1,-1,-0.01,-1,-1,-0.01,-1,-1,-0.01,-1,-1,-0.01,-1,-1,-0.01,-1,-1,-0.01,-1,-1,-0.01,-1,-1,-0.01,-1,-1
99926009,2026-05-18 10:08:05+05:30,52859.25,0,0.0,0,0.0,0.0,53282.15,53308.4,52783.45,53710.35,0,0.0,0.0,0.0,0.0,-0.01,-1,-1,-0.01,-1,-1,-0.01,-1,-1,-0.01,-1,-1,-0.01,-1,-1,-0.01,-1,-1,-0.01,-1,-1,-0.01,-1,-1,-0.01,-1,-1,-0.01,-1,-1
99926009,2026-05-18 10:08:05+05:30,52857.25,0,0.0,0,0.0,0.0,53282.15,53308.4,52783.45,53710.35,0,0.0,0.0,0.0,0.0,-0.01,-1,-1,-0.01,-1,-1,-0.01,-1,-1,-0.01,-1,-1,-0.01,-1,-1,-0.01,-1,-1,-0.01,-1,-1,-0.01,-1,-1,-0.01,-1,-1,-0.01,-1,-1
99926009,2026-05-18 10:08:06+05:30,52857.5,0,0.0,0,0.0,0.0,53282.15,53308.4,52783.45,53710.35,0,0.0,0.0,0.0,0.0,-0.01,-1,-1,-0.01,-1,-1,-0.01,-1,-1,-0.01,-1,-1,-0.01,-1,-1,-0.01,-1,-1,-0.01,-1,-1,-0.01,-1,-1,-0.01,-1,-1,-0.01,-1,-1
99926009,2026-05-18 10:08:06+05:30,52858.5,0,0.0,0,0.0,0.0,53282.15,53308.4,52783.45,53710.35,0,0.0,0.0,0.0,0.0,-0.01,-1,-1,-0.01,-1,-1,-0.01,-1,-1,-0.01,-1,-1,-0.01,-1,-1,-0.01,-1,-1,-0.01,-1,-1,-0.01,-1,-1,-0.01,-1,-1,-0.01,-1,-1
99926009,2026-05-18 10:08:07+05:30,52859.7,0,0.0,0,0.0,0.0,53282.15,53308.4,52783.45,53710.35,0,0.0,0.0,0.0,0.0,-0.01,-1,-1,-0.01,-1,-1,-0.01,-1,-1,-0.01,-1,-1,-0.01,-1,-1,-0.01,-1,-1,-0.01,-1,-1,-0.01,-1,-1,-0.01,-1,-1,-0.01,-1,-1
99926009,2026-05-18 10:08:07+05:30,52863.0,0,0.0,0,0.0,0.0,53282.15,53308.4,52783.45,53710.35,0,0.0,0.0,0.0,0.0,-0.01,-1,-1,-0.01,-1,-1,-0.01,-1,-1,-0.01,-1,-1,-0.01,-1,-1,-0.01,-1,-1,-0.01,-1,-1,-0.01,-1,-1,-0.01,-1,-1,-0.01,-1,-1
99926009,2026-05-18 10:08:08+05:30,52863.75,0,0.0,0,0.0,0.0,53282.15,53308.4,52783.45,53710.35,0,0.0,0.0,0.0,0.0,-0.01,-1,-1,-0.01,-1,-1,-0.01,-1,-1,-0.01,-1,-1,-0.01,-1,-1,-0.01,-1,-1,-0.01,-1,-1,-0.01,-1,-1,-0.01,-1,-1,-0.01,-1,-1
99926009,2026-05-18 10:08:08+05:30,52861.95,0,0.0,0,0.0,0.0,53282.15,53308.4,52783.45,53710.35,0,0.0,0.0,0.0,0.0,-0.01,-1,-1,-0.01,-1,-1,-0.01,-1,-1,-0.01,-1,-1,-0.01,-1,-1,-0.01,-1,-1,-0.01,-1,-1,-0.01,-1,-1,-0.01,-1,-1,-0.01,-1,-1
99926009,2026-05-18 10:08:09+05:30,52862.2,0,0.0,0,0.0,0.0,53282.15,53308.4,52783.45,53710.35,0,0.0,0.0,0.0,0.0,-0.01,-1,-1,-0.01,-1,-1,-0.01,-1,-1,-0.01,-1,-1,-0.01,-1,-1,-0.01,-1,-1,-0.01,-1,-1,-0.01,-1,-1,-0.01,-1,-1,-0.01,-1,-1
99926009,2026-05-18 10:08:09+05:30,52860.4,0,0.0,0,0.0,0.0,53282.15,53308.4,52783.45,53710.35,0,0.0,0.0,0.0,0.0,-0.01,-1,-1,-0.01,-1,-1,-0.01,-1,-1,-0.01,-1,-1,-0.01,-1,-1,-0.01,-1,-1,-0.01,-1,-1,-0.01,-1,-1,-0.01,-1,-1,-0.01,-1,-1
99926009,2026-05-18 10:08:10+05:30,52864.5,0,0.0,0,0.0,0.0,53282.15,53308.4,52783.45,53710.35,0,0.0,0.0,0.0,0.0,-0.01,-1,-1,-0.01,-1,-1,-0.01,-1,-1,-0.01,-1,-1,-0.01,-1,-1,-0.01,-1,-1,-0.01,-1,-1,-0.01,-1,-1,-0.01,-1,-1,-0.01,-1,-1
99926009,2026-05-18 10:08:10+05:30,52866.55,0,0.0,0,0.0,0.0,53282.15,53308.4,52783.45,53710.35,0,0.0,0.0,0.0,0.0,-0.01,-1,-1,-0.01,-1,-1,-0.01,-1,-1,-0.01,-1,-1,-0.01,-1,-1,-0.01,-1,-1,-0.01,-1,-1,-0.01,-1,-1,-0.01,-1,-1,-0.01,-1,-1
99926009,2026-05-18 10:08:11+05:30,52864.25,0,0.0,0,0.0,0.0,53282.15,53308.4,52783.45,53710.35,0,0.0,0.0,0.0,0.0,-0.01,-1,-1,-0.01,-1,-1,-0.01,-1,-1,-0.01,-1,-1,-0.01,-1,-1,-0.01,-1,-1,-0.01,-1,-1,-0.01,-1,-1,-0.01,-1,-1,-0.01,-1,-1
99926009,2026-05-18 10:08:11+05:30,52865.65,0,0.0,0,0.0,0.0,53282.15,53308.4,52783.45,53710.35,0,0.0,0.0,0.0,0.0,-0.01,-1,-1,-0.01,-1,-1,-0.01,-1,-1,-0.01,-1,-1,-0.01,-1,-1,-0.01,-1,-1,-0.01,-1,-1,-0.01,-1,-1,-0.01,-1,-1,-0.01,-1,-1
99926009,2026-05-18 10:08:12+05:30,52866.45,0,0.0,0,0.0,0.0,53282.15,53308.4,52783.45,53710.35,0,0.0,0.0,0.0,0.0,-0.01,-1,-1,-0.01,-1,-1,-0.01,-1,-1,-0.01,-1,-1,-0.01,-1,-1,-0.01,-1,-1,-0.01,-1,-1,-0.01,-1,-1,-0.01,-1,-1,-0.01,-1,-1
99926009,2026-05-18 10:08:12+05:30,52865.1,0,0.0,0,0.0,0.0,53282.15,53308.4,52783.45,53710.35,0,0.0,0.0,0.0,0.0,-0.01,-1,-1,-0.01,-1,-1,-0.01,-1,-1,-0.01,-1,-1,-0.01,-1,-1,-0.01,-1,-1,-0.01,-1,-1,-0.01,-1,-1,-0.01,-1,-1,-0.01,-1,-1
99926009,2026-05-18 10:08:13+05:30,52866.4,0,0.0,0,0.0,0.0,53282.15,53308.4,52783.45,53710.35,0,0.0,0.0,0.0,0.0,-0.01,-1,-1,-0.01,-1,-1,-0.01,-1,-1,-0.01,-1,-1,-0.01,-1,-1,-0.01,-1,-1,-0.01,-1,-1,-0.01,-1,-1,-0.01,-1,-1,-0.01,-1,-1
99926009,2026-05-18 10:08:13+05:30,52866.15,0,0.0,0,0.0,0.0,53282.15,53308.4,52783.45,53710.35,0,0.0,0.0,0.0,0.0,-0.01,-1,-1,-0.01,-1,-1,-0.01,-1,-1,-0.01,-1,-1,-0.01,-1,-1,-0.01,-1,-1,-0.01,-1,-1,-0.01,-1,-1,-0.01,-1,-1,-0.01,-1,-1
99926009,2026-05-18 10:08:14+05:30,52864.95,0,0.0,0,0.0,0.0,53282.15,53308.4,52783.45,53710.35,0,0.0,0.0,0.0,0.0,-0.01,-1,-1,-0.01,-1,-1,-0.01,-1,-1,-0.01,-1,-1,-0.01,-1,-1,-0.01,-1,-1,-0.01,-1,-1,-0.01,-1,-1,-0.01,-1,-1,-0.01,-1,-1
99926009,2026-05-18 10:08:14+05:30,52866.3,0,0.0,0,0.0,0.0,53282.15,53308.4,52783.45,53710.35,0,0.0,0.0,0.0,0.0,-0.01,-1,-1,-0.01,-1,-1,-0.01,-1,-1,-0.01,-1,-1,-0.01,-1,-1,-0.01,-1,-1,-0.01,-1,-1,-0.01,-1,-1,-0.01,-1,-1,-0.01,-1,-1
99926009,2026-05-18 10:08:15+05:30,52866.8,0,0.0,0,0.0,0.0,53282.15,53308.4,52783.45,53710.35,0,0.0,0.0,0.0,0.0,-0.01,-1,-1,-0.01,-1,-1,-0.01,-1,-1,-0.01,-1,-1,-0.01,-1,-1,-0.01,-1,-1,-0.01,-1,-1,-0.01,-1,-1,-0.01,-1,-1,-0.01,-1,-1
99926009,2026-05-18 10:08:15+05:30,52867.2,0,0.0,0,0.0,0.0,53282.15,53308.4,52783.45,53710.35,0,0.0,0.0,0.0,0.0,-0.01,-1,-1,-0.01,-1,-1,-0.01,-1,-1,-0.01,-1,-1,-0.01,-1,-1,-0.01,-1,-1,-0.01,-1,-1,-0.01,-1,-1,-0.01,-1,-1,-0.01,-1,-1
99926009,2026-05-18 10:08:16+05:30,52865.9,0,0.0,0,0.0,0.0,53282.15,53308.4,52783.45,53710.35,0,0.0,0.0,0.0,0.0,-0.01,-1,-1,-0.01,-1,-1,-0.01,-1,-1,-0.01,-1,-1,-0.01,-1,-1,-0.01,-1,-1,-0.01,-1,-1,-0.01,-1,-1,-0.01,-1,-1,-0.01,-1,-1
99926009,2026-05-18 10:08:16+05:30,52865.4,0,0.0,0,0.0,0.0,53282.15,53308.4,52783.45,53710.35,0,0.0,0.0,0.0,0.0,-0.01,-1,-1,-0.01,-1,-1,-0.01,-1,-1,-0.01,-1,-1,-0.01,-1,-1,-0.01,-1,-1,-0.01,-1,-1,-0.01,-1,-1,-0.01,-1,-1,-0.01,-1,-1
99926009,2026-05-18 10:08:17+05:30,52864.75,0,0.0,0,0.0,0.0,53282.15,53308.4,52783.45,53710.35,0,0.0,0.0,0.0,0.0,-0.01,-1,-1,-0.01,-1,-1,-0.01,-1,-1,-0.01,-1,-1,-0.01,-1,-1,-0.01,-1,-1,-0.01,-1,-1,-0.01,-1,-1,-0.01,-1,-1,-0.01,-1,-1
99926009,2026-05-18 10:08:17+05:30,52865.65,0,0.0,0,0.0,0.0,53282.15,53308.4,52783.45,53710.35,0,0.0,0.0,0.0,0.0,-0.01,-1,-1,-0.01,-1,-1,-0.01,-1,-1,-0.01,-1,-1,-0.01,-1,-1,-0.01,-1,-1,-0.01,-1,-1,-0.01,-1,-1,-0.01,-1,-1,-0.01,-1,-1
99926009,2026-05-18 10:08:18+05:30,52865.75,0,0.0,0,0.0,0.0,53282.15,53308.4,52783.45,53710.35,0,0.0,0.0,0.0,0.0,-0.01,-1,-1,-0.01,-1,-1,-0.01,-1,-1,-0.01,-1,-1,-0.01,-1,-1,-0.01,-1,-1,-0.01,-1,-1,-0.01,-1,-1,-0.01,-1,-1,-0.01,-1,-1
99926009,2026-05-18 10:08:18+05:30,52865.3,0,0.0,0,0.0,0.0,53282.15,53308.4,52783.45,53710.35,0,0.0,0.0,0.0,0.0,-0.01,-1,-1,-0.01,-1,-1,-0.01,-1,-1,-0.01,-1,-1,-0.01,-1,-1,-0.01,-1,-1,-0.01,-1,-1,-0.01,-1,-1,-0.01,-1,-1,-0.01,-1,-1
99926009,2026-05-18 10:08:19+05:30,52865.8,0,0.0,0,0.0,0.0,53282.15,53308.4,52783.45,53710.35,0,0.0,0.0,0.0,0.0,-0.01,-1,-1,-0.01,-1,-1,-0.01,-1,-1,-0.01,-1,-1,-0.01,-1,-1,-0.01,-1,-1,-0.01,-1,-1,-0.01,-1,-1,-0.01,-1,-1,-0.01,-1,-1
99926009,2026-05-18 10:08:19+05:30,52864.85,0,0.0,0,0.0,0.0,53282.15,53308.4,52783.45,53710.35,0,0.0,0.0,0.0,0.0,-0.01,-1,-1,-0.01,-1,-1,-0.01,-1,-1,-0.01,-1,-1,-0.01,-1,-1,-0.01,-1,-1,-0.01,-1,-1,-0.01,-1,-1,-0.01,-1,-1,-0.01,-1,-1
99926009,2026-05-18 10:08:20+05:30,52864.95,0,0.0,0,0.0,0.0,53282.15,53308.4,52783.45,53710.35,0,0.0,0.0,0.0,0.0,-0.01,-1,-1,-0.01,-1,-1,-0.01,-1,-1,-0.01,-1,-1,-0.01,-1,-1,-0.01,-1,-1,-0.01,-1,-1,-0.01,-1,-1,-0.01,-1,-1,-0.01,-1,-1
99926009,2026-05-18 10:08:20+05:30,52867.45,0,0.0,0,0.0,0.0,53282.15,53308.4,52783.45,53710.35,0,0.0,0.0,0.0,0.0,-0.01,-1,-1,-0.01,-1,-1,-0.01,-1,-1,-0.01,-1,-1,-0.01,-1,-1,-0.01,-1,-1,-0.01,-1,-1,-0.01,-1,-1,-0.01,-1,-1,-0.01,-1,-1
99926009,2026-05-18 10:08:21+05:30,52865.7,0,0.0,0,0.0,0.0,53282.15,53308.4,52783.45,53710.35,0,0.0,0.0,0.0,0.0,-0.01,-1,-1,-0.01,-1,-1,-0.01,-1,-1,-0.01,-1,-1,-0.01,-1,-1,-0.01,-1,-1,-0.01,-1,-1,-0.01,-1,-1,-0.01,-1,-1,-0.01,-1,-1
99926009,2026-05-18 10:08:21+05:30,52864.6,0,0.0,0,0.0,0.0,53282.15,53308.4,52783.45,53710.35,0,0.0,0.0,0.0,0.0,-0.01,-1,-1,-0.01,-1,-1,-0.01,-1,-1,-0.01,-1,-1,-0.01,-1,-1,-0.01,-1,-1,-0.01,-1,-1,-0.01,-1,-1,-0.01,-1,-1,-0.01,-1,-1
99926009,2026-05-18 10:08:22+05:30,52864.95,0,0.0,0,0.0,0.0,53282.15,53308.4,52783.45,53710.35,0,0.0,0.0,0.0,0.0,-0.01,-1,-1,-0.01,-1,-1,-0.01,-1,-1,-0.01,-1,-1,-0.01,-1,-1,-0.01,-1,-1,-0.01,-1,-1,-0.01,-1,-1,-0.01,-1,-1,-0.01,-1,-1
99926009,2026-05-18 10:08:22+05:30,52861.1,0,0.0,0,0.0,0.0,53282.15,53308.4,52783.45,53710.35,0,0.0,0.0,0.0,0.0,-0.01,-1,-1,-0.01,-1,-1,-0.01,-1,-1,-0.01,-1,-1,-0.01,-1,-1,-0.01,-1,-1,-0.01,-1,-1,-0.01,-1,-1,-0.01,-1,-1,-0.01,-1,-1
99926009,2026-05-18 10:08:23+05:30,52859.4,0,0.0,0,0.0,0.0,53282.15,53308.4,52783.45,53710.35,0,0.0,0.0,0.0,0.0,-0.01,-1,-1,-0.01,-1,-1,-0.01,-1,-1,-0.01,-1,-1,-0.01,-1,-1,-0.01,-1,-1,-0.01,-1,-1,-0.01,-1,-1,-0.01,-1,-1,-0.01,-1,-1
99926009,2026-05-18 10:08:23+05:30,52860.95,0,0.0,0,0.0,0.0,53282.15,53308.4,52783.45,53710.35,0,0.0,0.0,0.0,0.0,-0.01,-1,-1,-0.01,-1,-1,-0.01,-1,-1,-0.01,-1,-1,-0.01,-1,-1,-0.01,-1,-1,-0.01,-1,-1,-0.01,-1,-1,-0.01,-1,-1,-0.01,-1,-1
99926009,2026-05-18 10:08:24+05:30,52861.45,0,0.0,0,0.0,0.0,53282.15,53308.4,52783.45,53710.35,0,0.0,0.0,0.0,0.0,-0.01,-1,-1,-0.01,-1,-1,-0.01,-1,-1,-0.01,-1,-1,-0.01,-1,-1,-0.01,-1,-1,-0.01,-1,-1,-0.01,-1,-1,-0.01,-1,-1,-0.01,-1,-1
99926009,2026-05-18 10:08:24+05:30,52863.35,0,0.0,0,0.0,0.0,53282.15,53308.4,52783.45,53710.35,0,0.0,0.0,0.0,0.0,-0.01,-1,-1,-0.01,-1,-1,-0.01,-1,-1,-0.01,-1,-1,-0.01,-1,-1,-0.01,-1,-1,-0.01,-1,-1,-0.01,-1,-1,-0.01,-1,-1,-0.01,-1,-1
99926009,2026-05-18 10:08:25+05:30,52859.0,0,0.0,0,0.0,0.0,53282.15,53308.4,52783.45,53710.35,0,0.0,0.0,0.0,0.0,-0.01,-1,-1,-0.01,-1,-1,-0.01,-1,-1,-0.01,-1,-1,-0.01,-1,-1,-0.01,-1,-1,-0.01,-1,-1,-0.01,-1,-1,-0.01,-1,-1,-0.01,-1,-1
99926009,2026-05-18 10:08:25+05:30,52861.0,0,0.0,0,0.0,0.0,53282.15,53308.4,52783.45,53710.35,0,0.0,0.0,0.0,0.0,-0.01,-1,-1,-0.01,-1,-1,-0.01,-1,-1,-0.01,-1,-1,-0.01,-1,-1,-0.01,-1,-1,-0.01,-1,-1,-0.01,-1,-1,-0.01,-1,-1,-0.01,-1,-1
99926009,2026-05-18 10:08:26+05:30,52856.5,0,0.0,0,0.0,0.0,53282.15,53308.4,52783.45,53710.35,0,0.0,0.0,0.0,0.0,-0.01,-1,-1,-0.01,-1,-1,-0.01,-1,-1,-0.01,-1,-1,-0.01,-1,-1,-0.01,-1,-1,-0.01,-1,-1,-0.01,-1,-1,-0.01,-1,-1,-0.01,-1,-1
99926009,2026-05-18 10:08:26+05:30,52861.65,0,0.0,0,0.0,0.0,53282.15,53308.4,52783.45,53710.35,0,0.0,0.0,0.0,0.0,-0.01,-1,-1,-0.01,-1,-1,-0.01,-1,-1,-0.01,-1,-1,-0.01,-1,-1,-0.01,-1,-1,-0.01,-1,-1,-0.01,-1,-1,-0.01,-1,-1,-0.01,-1,-1
99926009,2026-05-18 10:08:27+05:30,52858.6,0,0.0,0,0.0,0.0,53282.15,53308.4,52783.45,53710.35,0,0.0,0.0,0.0,0.0,-0.01,-1,-1,-0.01,-1,-1,-0.01,-1,-1,-0.01,-1,-1,-0.01,-1,-1,-0.01,-1,-1,-0.01,-1,-1,-0.01,-1,-1,-0.01,-1,-1,-0.01,-1,-1
99926009,2026-05-18 10:08:27+05:30,52860.1,0,0.0,0,0.0,0.0,53282.15,53308.4,52783.45,53710.35,0,0.0,0.0,0.0,0.0,-0.01,-1,-1,-0.01,-1,-1,-0.01,-1,-1,-0.01,-1,-1,-0.01,-1,-1,-0.01,-1,-1,-0.01,-1,-1,-0.01,-1,-1,-0.01,-1,-1,-0.01,-1,-1
99926009,2026-05-18 10:08:28+05:30,52860.15,0,0.0,0,0.0,0.0,53282.15,53308.4,52783.45,53710.35,0,0.0,0.0,0.0,0.0,-0.01,-1,-1,-0.01,-1,-1,-0.01,-1,-1,-0.01,-1,-1,-0.01,-1,-1,-0.01,-1,-1,-0.01,-1,-1,-0.01,-1,-1,-0.01,-1,-1,-0.01,-1,-1
99926009,2026-05-18 10:08:28+05:30,52859.9,0,0.0,0,0.0,0.0,53282.15,53308.4,52783.45,53710.35,0,0.0,0.0,0.0,0.0,-0.01,-1,-1,-0.01,-1,-1,-0.01,-1,-1,-0.01,-1,-1,-0.01,-1,-1,-0.01,-1,-1,-0.01,-1,-1,-0.01,-1,-1,-0.01,-1,-1,-0.01,-1,-1
99926009,2026-05-18 10:08:29+05:30,52863.8,0,0.0,0,0.0,0.0,53282.15,53308.4,52783.45,53710.35,0,0.0,0.0,0.0,0.0,-0.01,-1,-1,-0.01,-1,-1,-0.01,-1,-1,-0.01,-1,-1,-0.01,-1,-1,-0.01,-1,-1,-0.01,-1,-1,-0.01,-1,-1,-0.01,-1,-1,-0.01,-1,-1
99926009,2026-05-18 10:08:29+05:30,52863.25,0,0.0,0,0.0,0.0,53282.15,53308.4,52783.45,53710.35,0,0.0,0.0,0.0,0.0,-0.01,-1,-1,-0.01,-1,-1,-0.01,-1,-1,-0.01,-1,-1,-0.01,-1,-1,-0.01,-1,-1,-0.01,-1,-1,-0.01,-1,-1,-0.01,-1,-1,-0.01,-1,-1
99926009,2026-05-18 10:08:30+05:30,52860.6,0,0.0,0,0.0,0.0,53282.15,53308.4,52783.45,53710.35,0,0.0,0.0,0.0,0.0,-0.01,-1,-1,-0.01,-1,-1,-0.01,-1,-1,-0.01,-1,-1,-0.01,-1,-1,-0.01,-1,-1,-0.01,-1,-1,-0.01,-1,-1,-0.01,-1,-1,-0.01,-1,-1
99926009,2026-05-18 10:08:30+05:30,52862.1,0,0.0,0,0.0,0.0,53282.15,53308.4,52783.45,53710.35,0,0.0,0.0,0.0,0.0,-0.01,-1,-1,-0.01,-1,-1,-0.01,-1,-1,-0.01,-1,-1,-0.01,-1,-1,-0.01,-1,-1,-0.01,-1,-1,-0.01,-1,-1,-0.01,-1,-1,-0.01,-1,-1
99926009,2026-05-18 10:08:31+05:30,52862.6,0,0.0,0,0.0,0.0,53282.15,53308.4,52783.45,53710.35,0,0.0,0.0,0.0,0.0,-0.01,-1,-1,-0.01,-1,-1,-0.01,-1,-1,-0.01,-1,-1,-0.01,-1,-1,-0.01,-1,-1,-0.01,-1,-1,-0.01,-1,-1,-0.01,-1,-1,-0.01,-1,-1
99926009,2026-05-18 10:08:31+05:30,52861.4,0,0.0,0,0.0,0.0,53282.15,53308.4,52783.45,53710.35,0,0.0,0.0,0.0,0.0,-0.01,-1,-1,-0.01,-1,-1,-0.01,-1,-1,-0.01,-1,-1,-0.01,-1,-1,-0.01,-1,-1,-0.01,-1,-1,-0.01,-1,-1,-0.01,-1,-1,-0.01,-1,-1
99926009,2026-05-18 10:08:32+05:30,52860.55,0,0.0,0,0.0,0.0,53282.15,53308.4,52783.45,53710.35,0,0.0,0.0,0.0,0.0,-0.01,-1,-1,-0.01,-1,-1,-0.01,-1,-1,-0.01,-1,-1,-0.01,-1,-1,-0.01,-1,-1,-0.01,-1,-1,-0.01,-1,-1,-0.01,-1,-1,-0.01,-1,-1
99926009,2026-05-18 10:08:32+05:30,52861.7,0,0.0,0,0.0,0.0,53282.15,53308.4,52783.45,53710.35,0,0.0,0.0,0.0,0.0,-0.01,-1,-1,-0.01,-1,-1,-0.01,-1,-1,-0.01,-1,-1,-0.01,-1,-1,-0.01,-1,-1,-0.01,-1,-1,-0.01,-1,-1,-0.01,-1,-1,-0.01,-1,-1
99926009,2026-05-18 10:08:33+05:30,52860.2,0,0.0,0,0.0,0.0,53282.15,53308.4,52783.45,53710.35,0,0.0,0.0,0.0,0.0,-0.01,-1,-1,-0.01,-1,-1,-0.01,-1,-1,-0.01,-1,-1,-0.01,-1,-1,-0.01,-1,-1,-0.01,-1,-1,-0.01,-1,-1,-0.01,-1,-1,-0.01,-1,-1
99926009,2026-05-18 10:08:33+05:30,52859.2,0,0.0,0,0.0,0.0,53282.15,53308.4,52783.45,53710.35,0,0.0,0.0,0.0,0.0,-0.01,-1,-1,-0.01,-1,-1,-0.01,-1,-1,-0.01,-1,-1,-0.01,-1,-1,-0.01,-1,-1,-0.01,-1,-1,-0.01,-1,-1,-0.01,-1,-1,-0.01,-1,-1
99926009,2026-05-18 10:08:34+05:30,52857.15,0,0.0,0,0.0,0.0,53282.15,53308.4,52783.45,53710.35,0,0.0,0.0,0.0,0.0,-0.01,-1,-1,-0.01,-1,-1,-0.01,-1,-1,-0.01,-1,-1,-0.01,-1,-1,-0.01,-1,-1,-0.01,-1,-1,-0.01,-1,-1,-0.01,-1,-1,-0.01,-1,-1
99926009,2026-05-18 10:08:34+05:30,52857.25,0,0.0,0,0.0,0.0,53282.15,53308.4,52783.45,53710.35,0,0.0,0.0,0.0,0.0,-0.01,-1,-1,-0.01,-1,-1,-0.01,-1,-1,-0.01,-1,-1,-0.01,-1,-1,-0.01,-1,-1,-0.01,-1,-1,-0.01,-1,-1,-0.01,-1,-1,-0.01,-1,-1
99926009,2026-05-18 10:08:35+05:30,52855.55,0,0.0,0,0.0,0.0,53282.15,53308.4,52783.45,53710.35,0,0.0,0.0,0.0,0.0,-0.01,-1,-1,-0.01,-1,-1,-0.01,-1,-1,-0.01,-1,-1,-0.01,-1,-1,-0.01,-1,-1,-0.01,-1,-1,-0.01,-1,-1,-0.01,-1,-1,-0.01,-1,-1
99926009,2026-05-18 10:08:35+05:30,52853.85,0,0.0,0,0.0,0.0,53282.15,53308.4,52783.45,53710.35,0,0.0,0.0,0.0,0.0,-0.01,-1,-1,-0.01,-1,-1,-0.01,-1,-1,-0.01,-1,-1,-0.01,-1,-1,-0.01,-1,-1,-0.01,-1,-1,-0.01,-1,-1,-0.01,-1,-1,-0.01,-1,-1
99926009,2026-05-18 10:08:36+05:30,52855.3,0,0.0,0,0.0,0.0,53282.15,53308.4,52783.45,53710.35,0,0.0,0.0,0.0,0.0,-0.01,-1,-1,-0.01,-1,-1,-0.01,-1,-1,-0.01,-1,-1,-0.01,-1,-1,-0.01,-1,-1,-0.01,-1,-1,-0.01,-1,-1,-0.01,-1,-1,-0.01,-1,-1
99926009,2026-05-18 10:08:36+05:30,52857.55,0,0.0,0,0.0,0.0,53282.15,53308.4,52783.45,53710.35,0,0.0,0.0,0.0,0.0,-0.01,-1,-1,-0.01,-1,-1,-0.01,-1,-1,-0.01,-1,-1,-0.01,-1,-1,-0.01,-1,-1,-0.01,-1,-1,-0.01,-1,-1,-0.01,-1,-1,-0.01,-1,-1
99926009,2026-05-18 10:08:37+05:30,52856.7,0,0.0,0,0.0,0.0,53282.15,53308.4,52783.45,53710.35,0,0.0,0.0,0.0,0.0,-0.01,-1,-1,-0.01,-1,-1,-0.01,-1,-1,-0.01,-1,-1,-0.01,-1,-1,-0.01,-1,-1,-0.01,-1,-1,-0.01,-1,-1,-0.01,-1,-1,-0.01,-1,-1
99926009,2026-05-18 10:08:37+05:30,52855.55,0,0.0,0,0.0,0.0,53282.15,53308.4,52783.45,53710.35,0,0.0,0.0,0.0,0.0,-0.01,-1,-1,-0.01,-1,-1,-0.01,-1,-1,-0.01,-1,-1,-0.01,-1,-1,-0.01,-1,-1,-0.01,-1,-1,-0.01,-1,-1,-0.01,-1,-1,-0.01,-1,-1
99926009,2026-05-18 10:08:38+05:30,52857.0,0,0.0,0,0.0,0.0,53282.15,53308.4,52783.45,53710.35,0,0.0,0.0,0.0,0.0,-0.01,-1,-1,-0.01,-1,-1,-0.01,-1,-1,-0.01,-1,-1,-0.01,-1,-1,-0.01,-1,-1,-0.01,-1,-1,-0.01,-1,-1,-0.01,-1,-1,-0.01,-1,-1
99926009,2026-05-18 10:08:38+05:30,52856.2,0,0.0,0,0.0,0.0,53282.15,53308.4,52783.45,53710.35,0,0.0,0.0,0.0,0.0,-0.01,-1,-1,-0.01,-1,-1,-0.01,-1,-1,-0.01,-1,-1,-0.01,-1,-1,-0.01,-1,-1,-0.01,-1,-1,-0.01,-1,-1,-0.01,-1,-1,-0.01,-1,-1
99926009,2026-05-18 10:08:39+05:30,52859.2,0,0.0,0,0.0,0.0,53282.15,53308.4,52783.45,53710.35,0,0.0,0.0,0.0,0.0,-0.01,-1,-1,-0.01,-1,-1,-0.01,-1,-1,-0.01,-1,-1,-0.01,-1,-1,-0.01,-1,-1,-0.01,-1,-1,-0.01,-1,-1,-0.01,-1,-1,-0.01,-1,-1
99926009,2026-05-18 10:08:39+05:30,52864.1,0,0.0,0,0.0,0.0,53282.15,53308.4,52783.45,53710.35,0,0.0,0.0,0.0,0.0,-0.01,-1,-1,-0.01,-1,-1,-0.01,-1,-1,-0.01,-1,-1,-0.01,-1,-1,-0.01,-1,-1,-0.01,-1,-1,-0.01,-1,-1,-0.01,-1,-1,-0.01,-1,-1
99926009,2026-05-18 10:08:40+05:30,52871.2,0,0.0,0,0.0,0.0,53282.15,53308.4,52783.45,53710.35,0,0.0,0.0,0.0,0.0,-0.01,-1,-1,-0.01,-1,-1,-0.01,-1,-1,-0.01,-1,-1,-0.01,-1,-1,-0.01,-1,-1,-0.01,-1,-1,-0.01,-1,-1,-0.01,-1,-1,-0.01,-1,-1
99926009,2026-05-18 10:08:40+05:30,52874.3,0,0.0,0,0.0,0.0,53282.15,53308.4,52783.45,53710.35,0,0.0,0.0,0.0,0.0,-0.01,-1,-1,-0.01,-1,-1,-0.01,-1,-1,-0.01,-1,-1,-0.01,-1,-1,-0.01,-1,-1,-0.01,-1,-1,-0.01,-1,-1,-0.01,-1,-1,-0.01,-1,-1
99926009,2026-05-18 10:08:41+05:30,52873.85,0,0.0,0,0.0,0.0,53282.15,53308.4,52783.45,53710.35,0,0.0,0.0,0.0,0.0,-0.01,-1,-1,-0.01,-1,-1,-0.01,-1,-1,-0.01,-1,-1,-0.01,-1,-1,-0.01,-1,-1,-0.01,-1,-1,-0.01,-1,-1,-0.01,-1,-1,-0.01,-1,-1
99926009,2026-05-18 10:08:41+05:30,52876.65,0,0.0,0,0.0,0.0,53282.15,53308.4,52783.45,53710.35,0,0.0,0.0,0.0,0.0,-0.01,-1,-1,-0.01,-1,-1,-0.01,-1,-1,-0.01,-1,-1,-0.01,-1,-1,-0.01,-1,-1,-0.01,-1,-1,-0.01,-1,-1,-0.01,-1,-1,-0.01,-1,-1
99926009,2026-05-18 10:08:42+05:30,52874.45,0,0.0,0,0.0,0.0,53282.15,53308.4,52783.45,53710.35,0,0.0,0.0,0.0,0.0,-0.01,-1,-1,-0.01,-1,-1,-0.01,-1,-1,-0.01,-1,-1,-0.01,-1,-1,-0.01,-1,-1,-0.01,-1,-1,-0.01,-1,-1,-0.01,-1,-1,-0.01,-1,-1
99926009,2026-05-18 10:08:42+05:30,52876.4,0,0.0,0,0.0,0.0,53282.15,53308.4,52783.45,53710.35,0,0.0,0.0,0.0,0.0,-0.01,-1,-1,-0.01,-1,-1,-0.01,-1,-1,-0.01,-1,-1,-0.01,-1,-1,-0.01,-1,-1,-0.01,-1,-1,-0.01,-1,-1,-0.01,-1,-1,-0.01,-1,-1
99926009,2026-05-18 10:08:43+05:30,52876.45,0,0.0,0,0.0,0.0,53282.15,53308.4,52783.45,53710.35,0,0.0,0.0,0.0,0.0,-0.01,-1,-1,-0.01,-1,-1,-0.01,-1,-1,-0.01,-1,-1,-0.01,-1,-1,-0.01,-1,-1,-0.01,-1,-1,-0.01,-1,-1,-0.01,-1,-1,-0.01,-1,-1
99926009,2026-05-18 10:08:43+05:30,52872.1,0,0.0,0,0.0,0.0,53282.15,53308.4,52783.45,53710.35,0,0.0,0.0,0.0,0.0,-0.01,-1,-1,-0.01,-1,-1,-0.01,-1,-1,-0.01,-1,-1,-0.01,-1,-1,-0.01,-1,-1,-0.01,-1,-1,-0.01,-1,-1,-0.01,-1,-1,-0.01,-1,-1
99926009,2026-05-18 10:08:44+05:30,52870.55,0,0.0,0,0.0,0.0,53282.15,53308.4,52783.45,53710.35,0,0.0,0.0,0.0,0.0,-0.01,-1,-1,-0.01,-1,-1,-0.01,-1,-1,-0.01,-1,-1,-0.01,-1,-1,-0.01,-1,-1,-0.01,-1,-1,-0.01,-1,-1,-0.01,-1,-1,-0.01,-1,-1
99926009,2026-05-18 10:08:44+05:30,52873.9,0,0.0,0,0.0,0.0,53282.15,53308.4,52783.45,53710.35,0,0.0,0.0,0.0,0.0,-0.01,-1,-1,-0.01,-1,-1,-0.01,-1,-1,-0.01,-1,-1,-0.01,-1,-1,-0.01,-1,-1,-0.01,-1,-1,-0.01,-1,-1,-0.01,-1,-1,-0.01,-1,-1
99926009,2026-05-18 10:08:45+05:30,52870.25,0,0.0,0,0.0,0.0,53282.15,53308.4,52783.45,53710.35,0,0.0,0.0,0.0,0.0,-0.01,-1,-1,-0.01,-1,-1,-0.01,-1,-1,-0.01,-1,-1,-0.01,-1,-1,-0.01,-1,-1,-0.01,-1,-1,-0.01,-1,-1,-0.01,-1,-1,-0.01,-1,-1
99926009,2026-05-18 10:08:45+05:30,52871.8,0,0.0,0,0.0,0.0,53282.15,53308.4,52783.45,53710.35,0,0.0,0.0,0.0,0.0,-0.01,-1,-1,-0.01,-1,-1,-0.01,-1,-1,-0.01,-1,-1,-0.01,-1,-1,-0.01,-1,-1,-0.01,-1,-1,-0.01,-1,-1,-0.01,-1,-1,-0.01,-1,-1
99926009,2026-05-18 10:08:46+05:30,52869.3,0,0.0,0,0.0,0.0,53282.15,53308.4,52783.45,53710.35,0,0.0,0.0,0.0,0.0,-0.01,-1,-1,-0.01,-1,-1,-0.01,-1,-1,-0.01,-1,-1,-0.01,-1,-1,-0.01,-1,-1,-0.01,-1,-1,-0.01,-1,-1,-0.01,-1,-1,-0.01,-1,-1
99926009,2026-05-18 10:08:46+05:30,52867.0,0,0.0,0,0.0,0.0,53282.15,53308.4,52783.45,53710.35,0,0.0,0.0,0.0,0.0,-0.01,-1,-1,-0.01,-1,-1,-0.01,-1,-1,-0.01,-1,-1,-0.01,-1,-1,-0.01,-1,-1,-0.01,-1,-1,-0.01,-1,-1,-0.01,-1,-1,-0.01,-1,-1
99926009,2026-05-18 10:08:47+05:30,52865.95,0,0.0,0,0.0,0.0,53282.15,53308.4,52783.45,53710.35,0,0.0,0.0,0.0,0.0,-0.01,-1,-1,-0.01,-1,-1,-0.01,-1,-1,-0.01,-1,-1,-0.01,-1,-1,-0.01,-1,-1,-0.01,-1,-1,-0.01,-1,-1,-0.01,-1,-1,-0.01,-1,-1
99926009,2026-05-18 10:08:47+05:30,52868.6,0,0.0,0,0.0,0.0,53282.15,53308.4,52783.45,53710.35,0,0.0,0.0,0.0,0.0,-0.01,-1,-1,-0.01,-1,-1,-0.01,-1,-1,-0.01,-1,-1,-0.01,-1,-1,-0.01,-1,-1,-0.01,-1,-1,-0.01,-1,-1,-0.01,-1,-1,-0.01,-1,-1
99926009,2026-05-18 10:08:48+05:30,52867.9,0,0.0,0,0.0,0.0,53282.15,53308.4,52783.45,53710.35,0,0.0,0.0,0.0,0.0,-0.01,-1,-1,-0.01,-1,-1,-0.01,-1,-1,-0.01,-1,-1,-0.01,-1,-1,-0.01,-1,-1,-0.01,-1,-1,-0.01,-1,-1,-0.01,-1,-1,-0.01,-1,-1
99926009,2026-05-18 10:08:48+05:30,52866.25,0,0.0,0,0.0,0.0,53282.15,53308.4,52783.45,53710.35,0,0.0,0.0,0.0,0.0,-0.01,-1,-1,-0.01,-1,-1,-0.01,-1,-1,-0.01,-1,-1,-0.01,-1,-1,-0.01,-1,-1,-0.01,-1,-1,-0.01,-1,-1,-0.01,-1,-1,-0.01,-1,-1
99926009,2026-05-18 10:08:49+05:30,52867.8,0,0.0,0,0.0,0.0,53282.15,53308.4,52783.45,53710.35,0,0.0,0.0,0.0,0.0,-0.01,-1,-1,-0.01,-1,-1,-0.01,-1,-1,-0.01,-1,-1,-0.01,-1,-1,-0.01,-1,-1,-0.01,-1,-1,-0.01,-1,-1,-0.01,-1,-1,-0.01,-1,-1
99926009,2026-05-18 10:08:49+05:30,52866.25,0,0.0,0,0.0,0.0,53282.15,53308.4,52783.45,53710.35,0,0.0,0.0,0.0,0.0,-0.01,-1,-1,-0.01,-1,-1,-0.01,-1,-1,-0.01,-1,-1,-0.01,-1,-1,-0.01,-1,-1,-0.01,-1,-1,-0.01,-1,-1,-0.01,-1,-1,-0.01,-1,-1
99926009,2026-05-18 10:08:50+05:30,52864.7,0,0.0,0,0.0,0.0,53282.15,53308.4,52783.45,53710.35,0,0.0,0.0,0.0,0.0,-0.01,-1,-1,-0.01,-1,-1,-0.01,-1,-1,-0.01,-1,-1,-0.01,-1,-1,-0.01,-1,-1,-0.01,-1,-1,-0.01,-1,-1,-0.01,-1,-1,-0.01,-1,-1
99926009,2026-05-18 10:08:50+05:30,52863.95,0,0.0,0,0.0,0.0,53282.15,53308.4,52783.45,53710.35,0,0.0,0.0,0.0,0.0,-0.01,-1,-1,-0.01,-1,-1,-0.01,-1,-1,-0.01,-1,-1,-0.01,-1,-1,-0.01,-1,-1,-0.01,-1,-1,-0.01,-1,-1,-0.01,-1,-1,-0.01,-1,-1
99926009,2026-05-18 10:08:51+05:30,52866.25,0,0.0,0,0.0,0.0,53282.15,53308.4,52783.45,53710.35,0,0.0,0.0,0.0,0.0,-0.01,-1,-1,-0.01,-1,-1,-0.01,-1,-1,-0.01,-1,-1,-0.01,-1,-1,-0.01,-1,-1,-0.01,-1,-1,-0.01,-1,-1,-0.01,-1,-1,-0.01,-1,-1
99926009,2026-05-18 10:08:51+05:30,52867.45,0,0.0,0,0.0,0.0,53282.15,53308.4,52783.45,53710.35,0,0.0,0.0,0.0,0.0,-0.01,-1,-1,-0.01,-1,-1,-0.01,-1,-1,-0.01,-1,-1,-0.01,-1,-1,-0.01,-1,-1,-0.01,-1,-1,-0.01,-1,-1,-0.01,-1,-1,-0.01,-1,-1
99926009,2026-05-18 10:08:52+05:30,52867.45,0,0.0,0,0.0,0.0,53282.15,53308.4,52783.45,53710.35,0,0.0,0.0,0.0,0.0,-0.01,-1,-1,-0.01,-1,-1,-0.01,-1,-1,-0.01,-1,-1,-0.01,-1,-1,-0.01,-1,-1,-0.01,-1,-1,-0.01,-1,-1,-0.01,-1,-1,-0.01,-1,-1
99926009,2026-05-18 10:08:52+05:30,52863.8,0,0.0,0,0.0,0.0,53282.15,53308.4,52783.45,53710.35,0,0.0,0.0,0.0,0.0,-0.01,-1,-1,-0.01,-1,-1,-0.01,-1,-1,-0.01,-1,-1,-0.01,-1,-1,-0.01,-1,-1,-0.01,-1,-1,-0.01,-1,-1,-0.01,-1,-1,-0.01,-1,-1
99926009,2026-05-18 10:08:53+05:30,52863.8,0,0.0,0,0.0,0.0,53282.15,53308.4,52783.45,53710.35,0,0.0,0.0,0.0,0.0,-0.01,-1,-1,-0.01,-1,-1,-0.01,-1,-1,-0.01,-1,-1,-0.01,-1,-1,-0.01,-1,-1,-0.01,-1,-1,-0.01,-1,-1,-0.01,-1,-1,-0.01,-1,-1
99926009,2026-05-18 10:08:53+05:30,52862.95,0,0.0,0,0.0,0.0,53282.15,53308.4,52783.45,53710.35,0,0.0,0.0,0.0,0.0,-0.01,-1,-1,-0.01,-1,-1,-0.01,-1,-1,-0.01,-1,-1,-0.01,-1,-1,-0.01,-1,-1,-0.01,-1,-1,-0.01,-1,-1,-0.01,-1,-1,-0.01,-1,-1
99926009,2026-05-18 10:08:54+05:30,52865.8,0,0.0,0,0.0,0.0,53282.15,53308.4,52783.45,53710.35,0,0.0,0.0,0.0,0.0,-0.01,-1,-1,-0.01,-1,-1,-0.01,-1,-1,-0.01,-1,-1,-0.01,-1,-1,-0.01,-1,-1,-0.01,-1,-1,-0.01,-1,-1,-0.01,-1,-1,-0.01,-1,-1
99926009,2026-05-18 10:08:54+05:30,52866.95,0,0.0,0,0.0,0.0,53282.15,53308.4,52783.45,53710.35,0,0.0,0.0,0.0,0.0,-0.01,-1,-1,-0.01,-1,-1,-0.01,-1,-1,-0.01,-1,-1,-0.01,-1,-1,-0.01,-1,-1,-0.01,-1,-1,-0.01,-1,-1,-0.01,-1,-1,-0.01,-1,-1
99926009,2026-05-18 10:08:55+05:30,52862.9,0,0.0,0,0.0,0.0,53282.15,53308.4,52783.45,53710.35,0,0.0,0.0,0.0,0.0,-0.01,-1,-1,-0.01,-1,-1,-0.01,-1,-1,-0.01,-1,-1,-0.01,-1,-1,-0.01,-1,-1,-0.01,-1,-1,-0.01,-1,-1,-0.01,-1,-1,-0.01,-1,-1
99926009,2026-05-18 10:08:55+05:30,52865.55,0,0.0,0,0.0,0.0,53282.15,53308.4,52783.45,53710.35,0,0.0,0.0,0.0,0.0,-0.01,-1,-1,-0.01,-1,-1,-0.01,-1,-1,-0.01,-1,-1,-0.01,-1,-1,-0.01,-1,-1,-0.01,-1,-1,-0.01,-1,-1,-0.01,-1,-1,-0.01,-1,-1
99926009,2026-05-18 10:08:56+05:30,52865.8,0,0.0,0,0.0,0.0,53282.15,53308.4,52783.45,53710.35,0,0.0,0.0,0.0,0.0,-0.01,-1,-1,-0.01,-1,-1,-0.01,-1,-1,-0.01,-1,-1,-0.01,-1,-1,-0.01,-1,-1,-0.01,-1,-1,-0.01,-1,-1,-0.01,-1,-1,-0.01,-1,-1
99926009,2026-05-18 10:08:56+05:30,52868.85,0,0.0,0,0.0,0.0,53282.15,53308.4,52783.45,53710.35,0,0.0,0.0,0.0,0.0,-0.01,-1,-1,-0.01,-1,-1,-0.01,-1,-1,-0.01,-1,-1,-0.01,-1,-1,-0.01,-1,-1,-0.01,-1,-1,-0.01,-1,-1,-0.01,-1,-1,-0.01,-1,-1
99926009,2026-05-18 10:08:57+05:30,52869.85,0,0.0,0,0.0,0.0,53282.15,53308.4,52783.45,53710.35,0,0.0,0.0,0.0,0.0,-0.01,-1,-1,-0.01,-1,-1,-0.01,-1,-1,-0.01,-1,-1,-0.01,-1,-1,-0.01,-1,-1,-0.01,-1,-1,-0.01,-1,-1,-0.01,-1,-1,-0.01,-1,-1
99926009,2026-05-18 10:08:57+05:30,52867.65,0,0.0,0,0.0,0.0,53282.15,53308.4,52783.45,53710.35,0,0.0,0.0,0.0,0.0,-0.01,-1,-1,-0.01,-1,-1,-0.01,-1,-1,-0.01,-1,-1,-0.01,-1,-1,-0.01,-1,-1,-0.01,-1,-1,-0.01,-1,-1,-0.01,-1,-1,-0.01,-1,-1
99926009,2026-05-18 10:08:58+05:30,52866.45,0,0.0,0,0.0,0.0,53282.15,53308.4,52783.45,53710.35,0,0.0,0.0,0.0,0.0,-0.01,-1,-1,-0.01,-1,-1,-0.01,-1,-1,-0.01,-1,-1,-0.01,-1,-1,-0.01,-1,-1,-0.01,-1,-1,-0.01,-1,-1,-0.01,-1,-1,-0.01,-1,-1
99926009,2026-05-18 10:08:58+05:30,52868.2,0,0.0,0,0.0,0.0,53282.15,53308.4,52783.45,53710.35,0,0.0,0.0,0.0,0.0,-0.01,-1,-1,-0.01,-1,-1,-0.01,-1,-1,-0.01,-1,-1,-0.01,-1,-1,-0.01,-1,-1,-0.01,-1,-1,-0.01,-1,-1,-0.01,-1,-1,-0.01,-1,-1
99926009,2026-05-18 10:08:59+05:30,52867.4,0,0.0,0,0.0,0.0,53282.15,53308.4,52783.45,53710.35,0,0.0,0.0,0.0,0.0,-0.01,-1,-1,-0.01,-1,-1,-0.01,-1,-1,-0.01,-1,-1,-0.01,-1,-1,-0.01,-1,-1,-0.01,-1,-1,-0.01,-1,-1,-0.01,-1,-1,-0.01,-1,-1
99926009,2026-05-18 10:08:59+05:30,52865.45,0,0.0,0,0.0,0.0,53282.15,53308.4,52783.45,53710.35,0,0.0,0.0,0.0,0.0,-0.01,-1,-1,-0.01,-1,-1,-0.01,-1,-1,-0.01,-1,-1,-0.01,-1,-1,-0.01,-1,-1,-0.01,-1,-1,-0.01,-1,-1,-0.01,-1,-1,-0.01,-1,-1
99926009,2026-05-18 10:09:00+05:30,52865.45,0,0.0,0,0.0,0.0,53282.15,53308.4,52783.45,53710.35,0,0.0,0.0,0.0,0.0,-0.01,-1,-1,-0.01,-1,-1,-0.01,-1,-1,-0.01,-1,-1,-0.01,-1,-1,-0.01,-1,-1,-0.01,-1,-1,-0.01,-1,-1,-0.01,-1,-1,-0.01,-1,-1
99926009,2026-05-18 10:09:00+05:30,52864.85,0,0.0,0,0.0,0.0,53282.15,53308.4,52783.45,53710.35,0,0.0,0.0,0.0,0.0,-0.01,-1,-1,-0.01,-1,-1,-0.01,-1,-1,-0.01,-1,-1,-0.01,-1,-1,-0.01,-1,-1,-0.01,-1,-1,-0.01,-1,-1,-0.01,-1,-1,-0.01,-1,-1
99926009,2026-05-18 10:09:01+05:30,52866.1,0,0.0,0,0.0,0.0,53282.15,53308.4,52783.45,53710.35,0,0.0,0.0,0.0,0.0,-0.01,-1,-1,-0.01,-1,-1,-0.01,-1,-1,-0.01,-1,-1,-0.01,-1,-1,-0.01,-1,-1,-0.01,-1,-1,-0.01,-1,-1,-0.01,-1,-1,-0.01,-1,-1
99926009,2026-05-18 10:09:01+05:30,52865.95,0,0.0,0,0.0,0.0,53282.15,53308.4,52783.45,53710.35,0,0.0,0.0,0.0,0.0,-0.01,-1,-1,-0.01,-1,-1,-0.01,-1,-1,-0.01,-1,-1,-0.01,-1,-1,-0.01,-1,-1,-0.01,-1,-1,-0.01,-1,-1,-0.01,-1,-1,-0.01,-1,-1
99926009,2026-05-18 10:09:02+05:30,52867.75,0,0.0,0,0.0,0.0,53282.15,53308.4,52783.45,53710.35,0,0.0,0.0,0.0,0.0,-0.01,-1,-1,-0.01,-1,-1,-0.01,-1,-1,-0.01,-1,-1,-0.01,-1,-1,-0.01,-1,-1,-0.01,-1,-1,-0.01,-1,-1,-0.01,-1,-1,-0.01,-1,-1
99926009,2026-05-18 10:09:02+05:30,52868.55,0,0.0,0,0.0,0.0,53282.15,53308.4,52783.45,53710.35,0,0.0,0.0,0.0,0.0,-0.01,-1,-1,-0.01,-1,-1,-0.01,-1,-1,-0.01,-1,-1,-0.01,-1,-1,-0.01,-1,-1,-0.01,-1,-1,-0.01,-1,-1,-0.01,-1,-1,-0.01,-1,-1
99926009,2026-05-18 10:09:03+05:30,52867.4,0,0.0,0,0.0,0.0,53282.15,53308.4,52783.45,53710.35,0,0.0,0.0,0.0,0.0,-0.01,-1,-1,-0.01,-1,-1,-0.01,-1,-1,-0.01,-1,-1,-0.01,-1,-1,-0.01,-1,-1,-0.01,-1,-1,-0.01,-1,-1,-0.01,-1,-1,-0.01,-1,-1
99926009,2026-05-18 10:09:03+05:30,52868.5,0,0.0,0,0.0,0.0,53282.15,53308.4,52783.45,53710.35,0,0.0,0.0,0.0,0.0,-0.01,-1,-1,-0.01,-1,-1,-0.01,-1,-1,-0.01,-1,-1,-0.01,-1,-1,-0.01,-1,-1,-0.01,-1,-1,-0.01,-1,-1,-0.01,-1,-1,-0.01,-1,-1
99926009,2026-05-18 10:09:04+05:30,52868.15,0,0.0,0,0.0,0.0,53282.15,53308.4,52783.45,53710.35,0,0.0,0.0,0.0,0.0,-0.01,-1,-1,-0.01,-1,-1,-0.01,-1,-1,-0.01,-1,-1,-0.01,-1,-1,-0.01,-1,-1,-0.01,-1,-1,-0.01,-1,-1,-0.01,-1,-1,-0.01,-1,-1
99926009,2026-05-18 10:09:04+05:30,52871.25,0,0.0,0,0.0,0.0,53282.15,53308.4,52783.45,53710.35,0,0.0,0.0,0.0,0.0,-0.01,-1,-1,-0.01,-1,-1,-0.01,-1,-1,-0.01,-1,-1,-0.01,-1,-1,-0.01,-1,-1,-0.01,-1,-1,-0.01,-1,-1,-0.01,-1,-1,-0.01,-1,-1
99926009,2026-05-18 10:09:05+05:30,52869.1,0,0.0,0,0.0,0.0,53282.15,53308.4,52783.45,53710.35,0,0.0,0.0,0.0,0.0,-0.01,-1,-1,-0.01,-1,-1,-0.01,-1,-1,-0.01,-1,-1,-0.01,-1,-1,-0.01,-1,-1,-0.01,-1,-1,-0.01,-1,-1,-0.01,-1,-1,-0.01,-1,-1
99926009,2026-05-18 10:09:05+05:30,52869.8,0,0.0,0,0.0,0.0,53282.15,53308.4,52783.45,53710.35,0,0.0,0.0,0.0,0.0,-0.01,-1,-1,-0.01,-1,-1,-0.01,-1,-1,-0.01,-1,-1,-0.01,-1,-1,-0.01,-1,-1,-0.01,-1,-1,-0.01,-1,-1,-0.01,-1,-1,-0.01,-1,-1
99926009,2026-05-18 10:09:06+05:30,52872.25,0,0.0,0,0.0,0.0,53282.15,53308.4,52783.45,53710.35,0,0.0,0.0,0.0,0.0,-0.01,-1,-1,-0.01,-1,-1,-0.01,-1,-1,-0.01,-1,-1,-0.01,-1,-1,-0.01,-1,-1,-0.01,-1,-1,-0.01,-1,-1,-0.01,-1,-1,-0.01,-1,-1
99926009,2026-05-18 10:09:06+05:30,52875.8,0,0.0,0,0.0,0.0,53282.15,53308.4,52783.45,53710.35,0,0.0,0.0,0.0,0.0,-0.01,-1,-1,-0.01,-1,-1,-0.01,-1,-1,-0.01,-1,-1,-0.01,-1,-1,-0.01,-1,-1,-0.01,-1,-1,-0.01,-1,-1,-0.01,-1,-1,-0.01,-1,-1
99926009,2026-05-18 10:09:07+05:30,52876.15,0,0.0,0,0.0,0.0,53282.15,53308.4,52783.45,53710.35,0,0.0,0.0,0.0,0.0,-0.01,-1,-1,-0.01,-1,-1,-0.01,-1,-1,-0.01,-1,-1,-0.01,-1,-1,-0.01,-1,-1,-0.01,-1,-1,-0.01,-1,-1,-0.01,-1,-1,-0.01,-1,-1
99926009,2026-05-18 10:09:07+05:30,52876.3,0,0.0,0,0.0,0.0,53282.15,53308.4,52783.45,53710.35,0,0.0,0.0,0.0,0.0,-0.01,-1,-1,-0.01,-1,-1,-0.01,-1,-1,-0.01,-1,-1,-0.01,-1,-1,-0.01,-1,-1,-0.01,-1,-1,-0.01,-1,-1,-0.01,-1,-1,-0.01,-1,-1
99926009,2026-05-18 10:09:08+05:30,52875.85,0,0.0,0,0.0,0.0,53282.15,53308.4,52783.45,53710.35,0,0.0,0.0,0.0,0.0,-0.01,-1,-1,-0.01,-1,-1,-0.01,-1,-1,-0.01,-1,-1,-0.01,-1,-1,-0.01,-1,-1,-0.01,-1,-1,-0.01,-1,-1,-0.01,-1,-1,-0.01,-1,-1
99926009,2026-05-18 10:09:08+05:30,52875.1,0,0.0,0,0.0,0.0,53282.15,53308.4,52783.45,53710.35,0,0.0,0.0,0.0,0.0,-0.01,-1,-1,-0.01,-1,-1,-0.01,-1,-1,-0.01,-1,-1,-0.01,-1,-1,-0.01,-1,-1,-0.01,-1,-1,-0.01,-1,-1,-0.01,-1,-1,-0.01,-1,-1
99926009,2026-05-18 10:09:09+05:30,52874.8,0,0.0,0,0.0,0.0,53282.15,53308.4,52783.45,53710.35,0,0.0,0.0,0.0,0.0,-0.01,-1,-1,-0.01,-1,-1,-0.01,-1,-1,-0.01,-1,-1,-0.01,-1,-1,-0.01,-1,-1,-0.01,-1,-1,-0.01,-1,-1,-0.01,-1,-1,-0.01,-1,-1
99926009,2026-05-18 10:09:09+05:30,52876.1,0,0.0,0,0.0,0.0,53282.15,53308.4,52783.45,53710.35,0,0.0,0.0,0.0,0.0,-0.01,-1,-1,-0.01,-1,-1,-0.01,-1,-1,-0.01,-1,-1,-0.01,-1,-1,-0.01,-1,-1,-0.01,-1,-1,-0.01,-1,-1,-0.01,-1,-1,-0.01,-1,-1
99926009,2026-05-18 10:09:10+05:30,52875.2,0,0.0,0,0.0,0.0,53282.15,53308.4,52783.45,53710.35,0,0.0,0.0,0.0,0.0,-0.01,-1,-1,-0.01,-1,-1,-0.01,-1,-1,-0.01,-1,-1,-0.01,-1,-1,-0.01,-1,-1,-0.01,-1,-1,-0.01,-1,-1,-0.01,-1,-1,-0.01,-1,-1
99926009,2026-05-18 10:09:10+05:30,52878.3,0,0.0,0,0.0,0.0,53282.15,53308.4,52783.45,53710.35,0,0.0,0.0,0.0,0.0,-0.01,-1,-1,-0.01,-1,-1,-0.01,-1,-1,-0.01,-1,-1,-0.01,-1,-1,-0.01,-1,-1,-0.01,-1,-1,-0.01,-1,-1,-0.01,-1,-1,-0.01,-1,-1
99926009,2026-05-18 10:09:11+05:30,52871.8,0,0.0,0,0.0,0.0,53282.15,53308.4,52783.45,53710.35,0,0.0,0.0,0.0,0.0,-0.01,-1,-1,-0.01,-1,-1,-0.01,-1,-1,-0.01,-1,-1,-0.01,-1,-1,-0.01,-1,-1,-0.01,-1,-1,-0.01,-1,-1,-0.01,-1,-1,-0.01,-1,-1
99926009,2026-05-18 10:09:11+05:30,52876.4,0,0.0,0,0.0,0.0,53282.15,53308.4,52783.45,53710.35,0,0.0,0.0,0.0,0.0,-0.01,-1,-1,-0.01,-1,-1,-0.01,-1,-1,-0.01,-1,-1,-0.01,-1,-1,-0.01,-1,-1,-0.01,-1,-1,-0.01,-1,-1,-0.01,-1,-1,-0.01,-1,-1
99926009,2026-05-18 10:09:12+05:30,52877.5,0,0.0,0,0.0,0.0,53282.15,53308.4,52783.45,53710.35,0,0.0,0.0,0.0,0.0,-0.01,-1,-1,-0.01,-1,-1,-0.01,-1,-1,-0.01,-1,-1,-0.01,-1,-1,-0.01,-1,-1,-0.01,-1,-1,-0.01,-1,-1,-0.01,-1,-1,-0.01,-1,-1
99926009,2026-05-18 10:09:12+05:30,52875.9,0,0.0,0,0.0,0.0,53282.15,53308.4,52783.45,53710.35,0,0.0,0.0,0.0,0.0,-0.01,-1,-1,-0.01,-1,-1,-0.01,-1,-1,-0.01,-1,-1,-0.01,-1,-1,-0.01,-1,-1,-0.01,-1,-1,-0.01,-1,-1,-0.01,-1,-1,-0.01,-1,-1
99926009,2026-05-18 10:09:13+05:30,52877.2,0,0.0,0,0.0,0.0,53282.15,53308.4,52783.45,53710.35,0,0.0,0.0,0.0,0.0,-0.01,-1,-1,-0.01,-1,-1,-0.01,-1,-1,-0.01,-1,-1,-0.01,-1,-1,-0.01,-1,-1,-0.01,-1,-1,-0.01,-1,-1,-0.01,-1,-1,-0.01,-1,-1
99926009,2026-05-18 10:09:13+05:30,52877.1,0,0.0,0,0.0,0.0,53282.15,53308.4,52783.45,53710.35,0,0.0,0.0,0.0,0.0,-0.01,-1,-1,-0.01,-1,-1,-0.01,-1,-1,-0.01,-1,-1,-0.01,-1,-1,-0.01,-1,-1,-0.01,-1,-1,-0.01,-1,-1,-0.01,-1,-1,-0.01,-1,-1
99926009,2026-05-18 10:09:14+05:30,52877.25,0,0.0,0,0.0,0.0,53282.15,53308.4,52783.45,53710.35,0,0.0,0.0,0.0,0.0,-0.01,-1,-1,-0.01,-1,-1,-0.01,-1,-1,-0.01,-1,-1,-0.01,-1,-1,-0.01,-1,-1,-0.01,-1,-1,-0.01,-1,-1,-0.01,-1,-1,-0.01,-1,-1
99926009,2026-05-18 10:09:14+05:30,52878.9,0,0.0,0,0.0,0.0,53282.15,53308.4,52783.45,53710.35,0,0.0,0.0,0.0,0.0,-0.01,-1,-1,-0.01,-1,-1,-0.01,-1,-1,-0.01,-1,-1,-0.01,-1,-1,-0.01,-1,-1,-0.01,-1,-1,-0.01,-1,-1,-0.01,-1,-1,-0.01,-1,-1
99926009,2026-05-18 10:09:15+05:30,52874.95,0,0.0,0,0.0,0.0,53282.15,53308.4,52783.45,53710.35,0,0.0,0.0,0.0,0.0,-0.01,-1,-1,-0.01,-1,-1,-0.01,-1,-1,-0.01,-1,-1,-0.01,-1,-1,-0.01,-1,-1,-0.01,-1,-1,-0.01,-1,-1,-0.01,-1,-1,-0.01,-1,-1
99926009,2026-05-18 10:09:15+05:30,52876.6,0,0.0,0,0.0,0.0,53282.15,53308.4,52783.45,53710.35,0,0.0,0.0,0.0,0.0,-0.01,-1,-1,-0.01,-1,-1,-0.01,-1,-1,-0.01,-1,-1,-0.01,-1,-1,-0.01,-1,-1,-0.01,-1,-1,-0.01,-1,-1,-0.01,-1,-1,-0.01,-1,-1
99926009,2026-05-18 10:09:16+05:30,52876.0,0,0.0,0,0.0,0.0,53282.15,53308.4,52783.45,53710.35,0,0.0,0.0,0.0,0.0,-0.01,-1,-1,-0.01,-1,-1,-0.01,-1,-1,-0.01,-1,-1,-0.01,-1,-1,-0.01,-1,-1,-0.01,-1,-1,-0.01,-1,-1,-0.01,-1,-1,-0.01,-1,-1
99926009,2026-05-18 10:09:16+05:30,52876.75,0,0.0,0,0.0,0.0,53282.15,53308.4,52783.45,53710.35,0,0.0,0.0,0.0,0.0,-0.01,-1,-1,-0.01,-1,-1,-0.01,-1,-1,-0.01,-1,-1,-0.01,-1,-1,-0.01,-1,-1,-0.01,-1,-1,-0.01,-1,-1,-0.01,-1,-1,-0.01,-1,-1
99926009,2026-05-18 10:09:17+05:30,52882.0,0,0.0,0,0.0,0.0,53282.15,53308.4,52783.45,53710.35,0,0.0,0.0,0.0,0.0,-0.01,-1,-1,-0.01,-1,-1,-0.01,-1,-1,-0.01,-1,-1,-0.01,-1,-1,-0.01,-1,-1,-0.01,-1,-1,-0.01,-1,-1,-0.01,-1,-1,-0.01,-1,-1
99926009,2026-05-18 10:09:17+05:30,52878.95,0,0.0,0,0.0,0.0,53282.15,53308.4,52783.45,53710.35,0,0.0,0.0,0.0,0.0,-0.01,-1,-1,-0.01,-1,-1,-0.01,-1,-1,-0.01,-1,-1,-0.01,-1,-1,-0.01,-1,-1,-0.01,-1,-1,-0.01,-1,-1,-0.01,-1,-1,-0.01,-1,-1
99926009,2026-05-18 10:09:18+05:30,52879.1,0,0.0,0,0.0,0.0,53282.15,53308.4,52783.45,53710.35,0,0.0,0.0,0.0,0.0,-0.01,-1,-1,-0.01,-1,-1,-0.01,-1,-1,-0.01,-1,-1,-0.01,-1,-1,-0.01,-1,-1,-0.01,-1,-1,-0.01,-1,-1,-0.01,-1,-1,-0.01,-1,-1
99926009,2026-05-18 10:09:18+05:30,52880.05,0,0.0,0,0.0,0.0,53282.15,53308.4,52783.45,53710.35,0,0.0,0.0,0.0,0.0,-0.01,-1,-1,-0.01,-1,-1,-0.01,-1,-1,-0.01,-1,-1,-0.01,-1,-1,-0.01,-1,-1,-0.01,-1,-1,-0.01,-1,-1,-0.01,-1,-1,-0.01,-1,-1
99926009,2026-05-18 10:09:19+05:30,52877.6,0,0.0,0,0.0,0.0,53282.15,53308.4,52783.45,53710.35,0,0.0,0.0,0.0,0.0,-0.01,-1,-1,-0.01,-1,-1,-0.01,-1,-1,-0.01,-1,-1,-0.01,-1,-1,-0.01,-1,-1,-0.01,-1,-1,-0.01,-1,-1,-0.01,-1,-1,-0.01,-1,-1
99926009,2026-05-18 10:09:19+05:30,52877.9,0,0.0,0,0.0,0.0,53282.15,53308.4,52783.45,53710.35,0,0.0,0.0,0.0,0.0,-0.01,-1,-1,-0.01,-1,-1,-0.01,-1,-1,-0.01,-1,-1,-0.01,-1,-1,-0.01,-1,-1,-0.01,-1,-1,-0.01,-1,-1,-0.01,-1,-1,-0.01,-1,-1
99926009,2026-05-18 10:09:20+05:30,52876.25,0,0.0,0,0.0,0.0,53282.15,53308.4,52783.45,53710.35,0,0.0,0.0,0.0,0.0,-0.01,-1,-1,-0.01,-1,-1,-0.01,-1,-1,-0.01,-1,-1,-0.01,-1,-1,-0.01,-1,-1,-0.01,-1,-1,-0.01,-1,-1,-0.01,-1,-1,-0.01,-1,-1
99926009,2026-05-18 10:09:20+05:30,52878.35,0,0.0,0,0.0,0.0,53282.15,53308.4,52783.45,53710.35,0,0.0,0.0,0.0,0.0,-0.01,-1,-1,-0.01,-1,-1,-0.01,-1,-1,-0.01,-1,-1,-0.01,-1,-1,-0.01,-1,-1,-0.01,-1,-1,-0.01,-1,-1,-0.01,-1,-1,-0.01,-1,-1
99926009,2026-05-18 10:09:21+05:30,52878.1,0,0.0,0,0.0,0.0,53282.15,53308.4,52783.45,53710.35,0,0.0,0.0,0.0,0.0,-0.01,-1,-1,-0.01,-1,-1,-0.01,-1,-1,-0.01,-1,-1,-0.01,-1,-1,-0.01,-1,-1,-0.01,-1,-1,-0.01,-1,-1,-0.01,-1,-1,-0.01,-1,-1
99926009,2026-05-18 10:09:21+05:30,52879.2,0,0.0,0,0.0,0.0,53282.15,53308.4,52783.45,53710.35,0,0.0,0.0,0.0,0.0,-0.01,-1,-1,-0.01,-1,-1,-0.01,-1,-1,-0.01,-1,-1,-0.01,-1,-1,-0.01,-1,-1,-0.01,-1,-1,-0.01,-1,-1,-0.01,-1,-1,-0.01,-1,-1
99926009,2026-05-18 10:09:22+05:30,52878.35,0,0.0,0,0.0,0.0,53282.15,53308.4,52783.45,53710.35,0,0.0,0.0,0.0,0.0,-0.01,-1,-1,-0.01,-1,-1,-0.01,-1,-1,-0.01,-1,-1,-0.01,-1,-1,-0.01,-1,-1,-0.01,-1,-1,-0.01,-1,-1,-0.01,-1,-1,-0.01,-1,-1
99926009,2026-05-18 10:09:22+05:30,52877.3,0,0.0,0,0.0,0.0,53282.15,53308.4,52783.45,53710.35,0,0.0,0.0,0.0,0.0,-0.01,-1,-1,-0.01,-1,-1,-0.01,-1,-1,-0.01,-1,-1,-0.01,-1,-1,-0.01,-1,-1,-0.01,-1,-1,-0.01,-1,-1,-0.01,-1,-1,-0.01,-1,-1
99926009,2026-05-18 10:09:23+05:30,52874.75,0,0.0,0,0.0,0.0,53282.15,53308.4,52783.45,53710.35,0,0.0,0.0,0.0,0.0,-0.01,-1,-1,-0.01,-1,-1,-0.01,-1,-1,-0.01,-1,-1,-0.01,-1,-1,-0.01,-1,-1,-0.01,-1,-1,-0.01,-1,-1,-0.01,-1,-1,-0.01,-1,-1
99926009,2026-05-18 10:09:23+05:30,52874.55,0,0.0,0,0.0,0.0,53282.15,53308.4,52783.45,53710.35,0,0.0,0.0,0.0,0.0,-0.01,-1,-1,-0.01,-1,-1,-0.01,-1,-1,-0.01,-1,-1,-0.01,-1,-1,-0.01,-1,-1,-0.01,-1,-1,-0.01,-1,-1,-0.01,-1,-1,-0.01,-1,-1
99926009,2026-05-18 10:09:24+05:30,52874.55,0,0.0,0,0.0,0.0,53282.15,53308.4,52783.45,53710.35,0,0.0,0.0,0.0,0.0,-0.01,-1,-1,-0.01,-1,-1,-0.01,-1,-1,-0.01,-1,-1,-0.01,-1,-1,-0.01,-1,-1,-0.01,-1,-1,-0.01,-1,-1,-0.01,-1,-1,-0.01,-1,-1
99926009,2026-05-18 10:09:24+05:30,52873.2,0,0.0,0,0.0,0.0,53282.15,53308.4,52783.45,53710.35,0,0.0,0.0,0.0,0.0,-0.01,-1,-1,-0.01,-1,-1,-0.01,-1,-1,-0.01,-1,-1,-0.01,-1,-1,-0.01,-1,-1,-0.01,-1,-1,-0.01,-1,-1,-0.01,-1,-1,-0.01,-1,-1
99926009,2026-05-18 10:09:25+05:30,52871.9,0,0.0,0,0.0,0.0,53282.15,53308.4,52783.45,53710.35,0,0.0,0.0,0.0,0.0,-0.01,-1,-1,-0.01,-1,-1,-0.01,-1,-1,-0.01,-1,-1,-0.01,-1,-1,-0.01,-1,-1,-0.01,-1,-1,-0.01,-1,-1,-0.01,-1,-1,-0.01,-1,-1
99926009,2026-05-18 10:09:25+05:30,52871.55,0,0.0,0,0.0,0.0,53282.15,53308.4,52783.45,53710.35,0,0.0,0.0,0.0,0.0,-0.01,-1,-1,-0.01,-1,-1,-0.01,-1,-1,-0.01,-1,-1,-0.01,-1,-1,-0.01,-1,-1,-0.01,-1,-1,-0.01,-1,-1,-0.01,-1,-1,-0.01,-1,-1
99926009,2026-05-18 10:09:26+05:30,52872.9,0,0.0,0,0.0,0.0,53282.15,53308.4,52783.45,53710.35,0,0.0,0.0,0.0,0.0,-0.01,-1,-1,-0.01,-1,-1,-0.01,-1,-1,-0.01,-1,-1,-0.01,-1,-1,-0.01,-1,-1,-0.01,-1,-1,-0.01,-1,-1,-0.01,-1,-1,-0.01,-1,-1
99926009,2026-05-18 10:09:26+05:30,52874.6,0,0.0,0,0.0,0.0,53282.15,53308.4,52783.45,53710.35,0,0.0,0.0,0.0,0.0,-0.01,-1,-1,-0.01,-1,-1,-0.01,-1,-1,-0.01,-1,-1,-0.01,-1,-1,-0.01,-1,-1,-0.01,-1,-1,-0.01,-1,-1,-0.01,-1,-1,-0.01,-1,-1
99926009,2026-05-18 10:09:27+05:30,52874.1,0,0.0,0,0.0,0.0,53282.15,53308.4,52783.45,53710.35,0,0.0,0.0,0.0,0.0,-0.01,-1,-1,-0.01,-1,-1,-0.01,-1,-1,-0.01,-1,-1,-0.01,-1,-1,-0.01,-1,-1,-0.01,-1,-1,-0.01,-1,-1,-0.01,-1,-1,-0.01,-1,-1
99926009,2026-05-18 10:09:27+05:30,52872.4,0,0.0,0,0.0,0.0,53282.15,53308.4,52783.45,53710.35,0,0.0,0.0,0.0,0.0,-0.01,-1,-1,-0.01,-1,-1,-0.01,-1,-1,-0.01,-1,-1,-0.01,-1,-1,-0.01,-1,-1,-0.01,-1,-1,-0.01,-1,-1,-0.01,-1,-1,-0.01,-1,-1
99926009,2026-05-18 10:09:28+05:30,52873.7,0,0.0,0,0.0,0.0,53282.15,53308.4,52783.45,53710.35,0,0.0,0.0,0.0,0.0,-0.01,-1,-1,-0.01,-1,-1,-0.01,-1,-1,-0.01,-1,-1,-0.01,-1,-1,-0.01,-1,-1,-0.01,-1,-1,-0.01,-1,-1,-0.01,-1,-1,-0.01,-1,-1
99926009,2026-05-18 10:09:28+05:30,52873.95,0,0.0,0,0.0,0.0,53282.15,53308.4,52783.45,53710.35,0,0.0,0.0,0.0,0.0,-0.01,-1,-1,-0.01,-1,-1,-0.01,-1,-1,-0.01,-1,-1,-0.01,-1,-1,-0.01,-1,-1,-0.01,-1,-1,-0.01,-1,-1,-0.01,-1,-1,-0.01,-1,-1
99926009,2026-05-18 10:09:29+05:30,52876.85,0,0.0,0,0.0,0.0,53282.15,53308.4,52783.45,53710.35,0,0.0,0.0,0.0,0.0,-0.01,-1,-1,-0.01,-1,-1,-0.01,-1,-1,-0.01,-1,-1,-0.01,-1,-1,-0.01,-1,-1,-0.01,-1,-1,-0.01,-1,-1,-0.01,-1,-1,-0.01,-1,-1
99926009,2026-05-18 10:09:29+05:30,52876.95,0,0.0,0,0.0,0.0,53282.15,53308.4,52783.45,53710.35,0,0.0,0.0,0.0,0.0,-0.01,-1,-1,-0.01,-1,-1,-0.01,-1,-1,-0.01,-1,-1,-0.01,-1,-1,-0.01,-1,-1,-0.01,-1,-1,-0.01,-1,-1,-0.01,-1,-1,-0.01,-1,-1
99926009,2026-05-18 10:09:30+05:30,52873.15,0,0.0,0,0.0,0.0,53282.15,53308.4,52783.45,53710.35,0,0.0,0.0,0.0,0.0,-0.01,-1,-1,-0.01,-1,-1,-0.01,-1,-1,-0.01,-1,-1,-0.01,-1,-1,-0.01,-1,-1,-0.01,-1,-1,-0.01,-1,-1,-0.01,-1,-1,-0.01,-1,-1
99926009,2026-05-18 10:09:30+05:30,52875.05,0,0.0,0,0.0,0.0,53282.15,53308.4,52783.45,53710.35,0,0.0,0.0,0.0,0.0,-0.01,-1,-1,-0.01,-1,-1,-0.01,-1,-1,-0.01,-1,-1,-0.01,-1,-1,-0.01,-1,-1,-0.01,-1,-1,-0.01,-1,-1,-0.01,-1,-1,-0.01,-1,-1
99926009,2026-05-18 10:09:31+05:30,52876.1,0,0.0,0,0.0,0.0,53282.15,53308.4,52783.45,53710.35,0,0.0,0.0,0.0,0.0,-0.01,-1,-1,-0.01,-1,-1,-0.01,-1,-1,-0.01,-1,-1,-0.01,-1,-1,-0.01,-1,-1,-0.01,-1,-1,-0.01,-1,-1,-0.01,-1,-1,-0.01,-1,-1
99926009,2026-05-18 10:09:31+05:30,52877.2,0,0.0,0,0.0,0.0,53282.15,53308.4,52783.45,53710.35,0,0.0,0.0,0.0,0.0,-0.01,-1,-1,-0.01,-1,-1,-0.01,-1,-1,-0.01,-1,-1,-0.01,-1,-1,-0.01,-1,-1,-0.01,-1,-1,-0.01,-1,-1,-0.01,-1,-1,-0.01,-1,-1
99926009,2026-05-18 10:09:32+05:30,52876.3,0,0.0,0,0.0,0.0,53282.15,53308.4,52783.45,53710.35,0,0.0,0.0,0.0,0.0,-0.01,-1,-1,-0.01,-1,-1,-0.01,-1,-1,-0.01,-1,-1,-0.01,-1,-1,-0.01,-1,-1,-0.01,-1,-1,-0.01,-1,-1,-0.01,-1,-1,-0.01,-1,-1
99926009,2026-05-18 10:09:32+05:30,52876.6,0,0.0,0,0.0,0.0,53282.15,53308.4,52783.45,53710.35,0,0.0,0.0,0.0,0.0,-0.01,-1,-1,-0.01,-1,-1,-0.01,-1,-1,-0.01,-1,-1,-0.01,-1,-1,-0.01,-1,-1,-0.01,-1,-1,-0.01,-1,-1,-0.01,-1,-1,-0.01,-1,-1
99926009,2026-05-18 10:09:33+05:30,52876.55,0,0.0,0,0.0,0.0,53282.15,53308.4,52783.45,53710.35,0,0.0,0.0,0.0,0.0,-0.01,-1,-1,-0.01,-1,-1,-0.01,-1,-1,-0.01,-1,-1,-0.01,-1,-1,-0.01,-1,-1,-0.01,-1,-1,-0.01,-1,-1,-0.01,-1,-1,-0.01,-1,-1
99926009,2026-05-18 10:09:33+05:30,52876.4,0,0.0,0,0.0,0.0,53282.15,53308.4,52783.45,53710.35,0,0.0,0.0,0.0,0.0,-0.01,-1,-1,-0.01,-1,-1,-0.01,-1,-1,-0.01,-1,-1,-0.01,-1,-1,-0.01,-1,-1,-0.01,-1,-1,-0.01,-1,-1,-0.01,-1,-1,-0.01,-1,-1
99926009,2026-05-18 10:09:34+05:30,52875.2,0,0.0,0,0.0,0.0,53282.15,53308.4,52783.45,53710.35,0,0.0,0.0,0.0,0.0,-0.01,-1,-1,-0.01,-1,-1,-0.01,-1,-1,-0.01,-1,-1,-0.01,-1,-1,-0.01,-1,-1,-0.01,-1,-1,-0.01,-1,-1,-0.01,-1,-1,-0.01,-1,-1
99926009,2026-05-18 10:09:34+05:30,52877.2,0,0.0,0,0.0,0.0,53282.15,53308.4,52783.45,53710.35,0,0.0,0.0,0.0,0.0,-0.01,-1,-1,-0.01,-1,-1,-0.01,-1,-1,-0.01,-1,-1,-0.01,-1,-1,-0.01,-1,-1,-0.01,-1,-1,-0.01,-1,-1,-0.01,-1,-1,-0.01,-1,-1
99926009,2026-05-18 10:09:35+05:30,52874.75,0,0.0,0,0.0,0.0,53282.15,53308.4,52783.45,53710.35,0,0.0,0.0,0.0,0.0,-0.01,-1,-1,-0.01,-1,-1,-0.01,-1,-1,-0.01,-1,-1,-0.01,-1,-1,-0.01,-1,-1,-0.01,-1,-1,-0.01,-1,-1,-0.01,-1,-1,-0.01,-1,-1
99926009,2026-05-18 10:09:35+05:30,52873.65,0,0.0,0,0.0,0.0,53282.15,53308.4,52783.45,53710.35,0,0.0,0.0,0.0,0.0,-0.01,-1,-1,-0.01,-1,-1,-0.01,-1,-1,-0.01,-1,-1,-0.01,-1,-1,-0.01,-1,-1,-0.01,-1,-1,-0.01,-1,-1,-0.01,-1,-1,-0.01,-1,-1
99926009,2026-05-18 10:09:36+05:30,52870.95,0,0.0,0,0.0,0.0,53282.15,53308.4,52783.45,53710.35,0,0.0,0.0,0.0,0.0,-0.01,-1,-1,-0.01,-1,-1,-0.01,-1,-1,-0.01,-1,-1,-0.01,-1,-1,-0.01,-1,-1,-0.01,-1,-1,-0.01,-1,-1,-0.01,-1,-1,-0.01,-1,-1
99926009,2026-05-18 10:09:36+05:30,52867.75,0,0.0,0,0.0,0.0,53282.15,53308.4,52783.45,53710.35,0,0.0,0.0,0.0,0.0,-0.01,-1,-1,-0.01,-1,-1,-0.01,-1,-1,-0.01,-1,-1,-0.01,-1,-1,-0.01,-1,-1,-0.01,-1,-1,-0.01,-1,-1,-0.01,-1,-1,-0.01,-1,-1
99926009,2026-05-18 10:09:37+05:30,52866.55,0,0.0,0,0.0,0.0,53282.15,53308.4,52783.45,53710.35,0,0.0,0.0,0.0,0.0,-0.01,-1,-1,-0.01,-1,-1,-0.01,-1,-1,-0.01,-1,-1,-0.01,-1,-1,-0.01,-1,-1,-0.01,-1,-1,-0.01,-1,-1,-0.01,-1,-1,-0.01,-1,-1
99926009,2026-05-18 10:09:37+05:30,52868.7,0,0.0,0,0.0,0.0,53282.15,53308.4,52783.45,53710.35,0,0.0,0.0,0.0,0.0,-0.01,-1,-1,-0.01,-1,-1,-0.01,-1,-1,-0.01,-1,-1,-0.01,-1,-1,-0.01,-1,-1,-0.01,-1,-1,-0.01,-1,-1,-0.01,-1,-1,-0.01,-1,-1
99926009,2026-05-18 10:09:38+05:30,52870.45,0,0.0,0,0.0,0.0,53282.15,53308.4,52783.45,53710.35,0,0.0,0.0,0.0,0.0,-0.01,-1,-1,-0.01,-1,-1,-0.01,-1,-1,-0.01,-1,-1,-0.01,-1,-1,-0.01,-1,-1,-0.01,-1,-1,-0.01,-1,-1,-0.01,-1,-1,-0.01,-1,-1
99926009,2026-05-18 10:09:38+05:30,52870.45,0,0.0,0,0.0,0.0,53282.15,53308.4,52783.45,53710.35,0,0.0,0.0,0.0,0.0,-0.01,-1,-1,-0.01,-1,-1,-0.01,-1,-1,-0.01,-1,-1,-0.01,-1,-1,-0.01,-1,-1,-0.01,-1,-1,-0.01,-1,-1,-0.01,-1,-1,-0.01,-1,-1
99926009,2026-05-18 10:09:39+05:30,52871.8,0,0.0,0,0.0,0.0,53282.15,53308.4,52783.45,53710.35,0,0.0,0.0,0.0,0.0,-0.01,-1,-1,-0.01,-1,-1,-0.01,-1,-1,-0.01,-1,-1,-0.01,-1,-1,-0.01,-1,-1,-0.01,-1,-1,-0.01,-1,-1,-0.01,-1,-1,-0.01,-1,-1
99926009,2026-05-18 10:09:39+05:30,52871.7,0,0.0,0,0.0,0.0,53282.15,53308.4,52783.45,53710.35,0,0.0,0.0,0.0,0.0,-0.01,-1,-1,-0.01,-1,-1,-0.01,-1,-1,-0.01,-1,-1,-0.01,-1,-1,-0.01,-1,-1,-0.01,-1,-1,-0.01,-1,-1,-0.01,-1,-1,-0.01,-1,-1
99926009,2026-05-18 10:09:40+05:30,52871.45,0,0.0,0,0.0,0.0,53282.15,53308.4,52783.45,53710.35,0,0.0,0.0,0.0,0.0,-0.01,-1,-1,-0.01,-1,-1,-0.01,-1,-1,-0.01,-1,-1,-0.01,-1,-1,-0.01,-1,-1,-0.01,-1,-1,-0.01,-1,-1,-0.01,-1,-1,-0.01,-1,-1
99926009,2026-05-18 10:09:40+05:30,52870.3,0,0.0,0,0.0,0.0,53282.15,53308.4,52783.45,53710.35,0,0.0,0.0,0.0,0.0,-0.01,-1,-1,-0.01,-1,-1,-0.01,-1,-1,-0.01,-1,-1,-0.01,-1,-1,-0.01,-1,-1,-0.01,-1,-1,-0.01,-1,-1,-0.01,-1,-1,-0.01,-1,-1
99926009,2026-05-18 10:09:41+05:30,52869.05,0,0.0,0,0.0,0.0,53282.15,53308.4,52783.45,53710.35,0,0.0,0.0,0.0,0.0,-0.01,-1,-1,-0.01,-1,-1,-0.01,-1,-1,-0.01,-1,-1,-0.01,-1,-1,-0.01,-1,-1,-0.01,-1,-1,-0.01,-1,-1,-0.01,-1,-1,-0.01,-1,-1
99926009,2026-05-18 10:09:41+05:30,52868.5,0,0.0,0,0.0,0.0,53282.15,53308.4,52783.45,53710.35,0,0.0,0.0,0.0,0.0,-0.01,-1,-1,-0.01,-1,-1,-0.01,-1,-1,-0.01,-1,-1,-0.01,-1,-1,-0.01,-1,-1,-0.01,-1,-1,-0.01,-1,-1,-0.01,-1,-1,-0.01,-1,-1
99926009,2026-05-18 10:09:42+05:30,52867.6,0,0.0,0,0.0,0.0,53282.15,53308.4,52783.45,53710.35,0,0.0,0.0,0.0,0.0,-0.01,-1,-1,-0.01,-1,-1,-0.01,-1,-1,-0.01,-1,-1,-0.01,-1,-1,-0.01,-1,-1,-0.01,-1,-1,-0.01,-1,-1,-0.01,-1,-1,-0.01,-1,-1
99926009,2026-05-18 10:09:42+05:30,52869.1,0,0.0,0,0.0,0.0,53282.15,53308.4,52783.45,53710.35,0,0.0,0.0,0.0,0.0,-0.01,-1,-1,-0.01,-1,-1,-0.01,-1,-1,-0.01,-1,-1,-0.01,-1,-1,-0.01,-1,-1,-0.01,-1,-1,-0.01,-1,-1,-0.01,-1,-1,-0.01,-1,-1
99926009,2026-05-18 10:09:43+05:30,52869.4,0,0.0,0,0.0,0.0,53282.15,53308.4,52783.45,53710.35,0,0.0,0.0,0.0,0.0,-0.01,-1,-1,-0.01,-1,-1,-0.01,-1,-1,-0.01,-1,-1,-0.01,-1,-1,-0.01,-1,-1,-0.01,-1,-1,-0.01,-1,-1,-0.01,-1,-1,-0.01,-1,-1
99926009,2026-05-18 10:09:43+05:30,52867.35,0,0.0,0,0.0,0.0,53282.15,53308.4,52783.45,53710.35,0,0.0,0.0,0.0,0.0,-0.01,-1,-1,-0.01,-1,-1,-0.01,-1,-1,-0.01,-1,-1,-0.01,-1,-1,-0.01,-1,-1,-0.01,-1,-1,-0.01,-1,-1,-0.01,-1,-1,-0.01,-1,-1
99926009,2026-05-18 10:09:44+05:30,52866.0,0,0.0,0,0.0,0.0,53282.15,53308.4,52783.45,53710.35,0,0.0,0.0,0.0,0.0,-0.01,-1,-1,-0.01,-1,-1,-0.01,-1,-1,-0.01,-1,-1,-0.01,-1,-1,-0.01,-1,-1,-0.01,-1,-1,-0.01,-1,-1,-0.01,-1,-1,-0.01,-1,-1
99926009,2026-05-18 10:09:44+05:30,52866.45,0,0.0,0,0.0,0.0,53282.15,53308.4,52783.45,53710.35,0,0.0,0.0,0.0,0.0,-0.01,-1,-1,-0.01,-1,-1,-0.01,-1,-1,-0.01,-1,-1,-0.01,-1,-1,-0.01,-1,-1,-0.01,-1,-1,-0.01,-1,-1,-0.01,-1,-1,-0.01,-1,-1
99926009,2026-05-18 10:09:45+05:30,52870.0,0,0.0,0,0.0,0.0,53282.15,53308.4,52783.45,53710.35,0,0.0,0.0,0.0,0.0,-0.01,-1,-1,-0.01,-1,-1,-0.01,-1,-1,-0.01,-1,-1,-0.01,-1,-1,-0.01,-1,-1,-0.01,-1,-1,-0.01,-1,-1,-0.01,-1,-1,-0.01,-1,-1
99926009,2026-05-18 10:09:45+05:30,52869.9,0,0.0,0,0.0,0.0,53282.15,53308.4,52783.45,53710.35,0,0.0,0.0,0.0,0.0,-0.01,-1,-1,-0.01,-1,-1,-0.01,-1,-1,-0.01,-1,-1,-0.01,-1,-1,-0.01,-1,-1,-0.01,-1,-1,-0.01,-1,-1,-0.01,-1,-1,-0.01,-1,-1
99926009,2026-05-18 10:09:46+05:30,52870.25,0,0.0,0,0.0,0.0,53282.15,53308.4,52783.45,53710.35,0,0.0,0.0,0.0,0.0,-0.01,-1,-1,-0.01,-1,-1,-0.01,-1,-1,-0.01,-1,-1,-0.01,-1,-1,-0.01,-1,-1,-0.01,-1,-1,-0.01,-1,-1,-0.01,-1,-1,-0.01,-1,-1
99926009,2026-05-18 10:09:46+05:30,52869.95,0,0.0,0,0.0,0.0,53282.15,53308.4,52783.45,53710.35,0,0.0,0.0,0.0,0.0,-0.01,-1,-1,-0.01,-1,-1,-0.01,-1,-1,-0.01,-1,-1,-0.01,-1,-1,-0.01,-1,-1,-0.01,-1,-1,-0.01,-1,-1,-0.01,-1,-1,-0.01,-1,-1
99926009,2026-05-18 10:09:47+05:30,52869.6,0,0.0,0,0.0,0.0,53282.15,53308.4,52783.45,53710.35,0,0.0,0.0,0.0,0.0,-0.01,-1,-1,-0.01,-1,-1,-0.01,-1,-1,-0.01,-1,-1,-0.01,-1,-1,-0.01,-1,-1,-0.01,-1,-1,-0.01,-1,-1,-0.01,-1,-1,-0.01,-1,-1
99926009,2026-05-18 10:09:47+05:30,52869.95,0,0.0,0,0.0,0.0,53282.15,53308.4,52783.45,53710.35,0,0.0,0.0,0.0,0.0,-0.01,-1,-1,-0.01,-1,-1,-0.01,-1,-1,-0.01,-1,-1,-0.01,-1,-1,-0.01,-1,-1,-0.01,-1,-1,-0.01,-1,-1,-0.01,-1,-1,-0.01,-1,-1
99926009,2026-05-18 10:09:48+05:30,52869.0,0,0.0,0,0.0,0.0,53282.15,53308.4,52783.45,53710.35,0,0.0,0.0,0.0,0.0,-0.01,-1,-1,-0.01,-1,-1,-0.01,-1,-1,-0.01,-1,-1,-0.01,-1,-1,-0.01,-1,-1,-0.01,-1,-1,-0.01,-1,-1,-0.01,-1,-1,-0.01,-1,-1
99926009,2026-05-18 10:09:48+05:30,52864.6,0,0.0,0,0.0,0.0,53282.15,53308.4,52783.45,53710.35,0,0.0,0.0,0.0,0.0,-0.01,-1,-1,-0.01,-1,-1,-0.01,-1,-1,-0.01,-1,-1,-0.01,-1,-1,-0.01,-1,-1,-0.01,-1,-1,-0.01,-1,-1,-0.01,-1,-1,-0.01,-1,-1
99926009,2026-05-18 10:09:49+05:30,52869.05,0,0.0,0,0.0,0.0,53282.15,53308.4,52783.45,53710.35,0,0.0,0.0,0.0,0.0,-0.01,-1,-1,-0.01,-1,-1,-0.01,-1,-1,-0.01,-1,-1,-0.01,-1,-1,-0.01,-1,-1,-0.01,-1,-1,-0.01,-1,-1,-0.01,-1,-1,-0.01,-1,-1
99926009,2026-05-18 10:09:49+05:30,52870.45,0,0.0,0,0.0,0.0,53282.15,53308.4,52783.45,53710.35,0,0.0,0.0,0.0,0.0,-0.01,-1,-1,-0.01,-1,-1,-0.01,-1,-1,-0.01,-1,-1,-0.01,-1,-1,-0.01,-1,-1,-0.01,-1,-1,-0.01,-1,-1,-0.01,-1,-1,-0.01,-1,-1
99926009,2026-05-18 10:09:50+05:30,52869.55,0,0.0,0,0.0,0.0,53282.15,53308.4,52783.45,53710.35,0,0.0,0.0,0.0,0.0,-0.01,-1,-1,-0.01,-1,-1,-0.01,-1,-1,-0.01,-1,-1,-0.01,-1,-1,-0.01,-1,-1,-0.01,-1,-1,-0.01,-1,-1,-0.01,-1,-1,-0.01,-1,-1
99926009,2026-05-18 10:09:50+05:30,52870.2,0,0.0,0,0.0,0.0,53282.15,53308.4,52783.45,53710.35,0,0.0,0.0,0.0,0.0,-0.01,-1,-1,-0.01,-1,-1,-0.01,-1,-1,-0.01,-1,-1,-0.01,-1,-1,-0.01,-1,-1,-0.01,-1,-1,-0.01,-1,-1,-0.01,-1,-1,-0.01,-1,-1
99926009,2026-05-18 10:09:51+05:30,52870.35,0,0.0,0,0.0,0.0,53282.15,53308.4,52783.45,53710.35,0,0.0,0.0,0.0,0.0,-0.01,-1,-1,-0.01,-1,-1,-0.01,-1,-1,-0.01,-1,-1,-0.01,-1,-1,-0.01,-1,-1,-0.01,-1,-1,-0.01,-1,-1,-0.01,-1,-1,-0.01,-1,-1
99926009,2026-05-18 10:09:51+05:30,52872.25,0,0.0,0,0.0,0.0,53282.15,53308.4,52783.45,53710.35,0,0.0,0.0,0.0,0.0,-0.01,-1,-1,-0.01,-1,-1,-0.01,-1,-1,-0.01,-1,-1,-0.01,-1,-1,-0.01,-1,-1,-0.01,-1,-1,-0.01,-1,-1,-0.01,-1,-1,-0.01,-1,-1
99926009,2026-05-18 10:09:52+05:30,52870.55,0,0.0,0,0.0,0.0,53282.15,53308.4,52783.45,53710.35,0,0.0,0.0,0.0,0.0,-0.01,-1,-1,-0.01,-1,-1,-0.01,-1,-1,-0.01,-1,-1,-0.01,-1,-1,-0.01,-1,-1,-0.01,-1,-1,-0.01,-1,-1,-0.01,-1,-1,-0.01,-1,-1
99926009,2026-05-18 10:09:52+05:30,52874.8,0,0.0,0,0.0,0.0,53282.15,53308.4,52783.45,53710.35,0,0.0,0.0,0.0,0.0,-0.01,-1,-1,-0.01,-1,-1,-0.01,-1,-1,-0.01,-1,-1,-0.01,-1,-1,-0.01,-1,-1,-0.01,-1,-1,-0.01,-1,-1,-0.01,-1,-1,-0.01,-1,-1
99926009,2026-05-18 10:09:53+05:30,52870.95,0,0.0,0,0.0,0.0,53282.15,53308.4,52783.45,53710.35,0,0.0,0.0,0.0,0.0,-0.01,-1,-1,-0.01,-1,-1,-0.01,-1,-1,-0.01,-1,-1,-0.01,-1,-1,-0.01,-1,-1,-0.01,-1,-1,-0.01,-1,-1,-0.01,-1,-1,-0.01,-1,-1
99926009,2026-05-18 10:09:53+05:30,52874.25,0,0.0,0,0.0,0.0,53282.15,53308.4,52783.45,53710.35,0,0.0,0.0,0.0,0.0,-0.01,-1,-1,-0.01,-1,-1,-0.01,-1,-1,-0.01,-1,-1,-0.01,-1,-1,-0.01,-1,-1,-0.01,-1,-1,-0.01,-1,-1,-0.01,-1,-1,-0.01,-1,-1
99926009,2026-05-18 10:09:54+05:30,52869.95,0,0.0,0,0.0,0.0,53282.15,53308.4,52783.45,53710.35,0,0.0,0.0,0.0,0.0,-0.01,-1,-1,-0.01,-1,-1,-0.01,-1,-1,-0.01,-1,-1,-0.01,-1,-1,-0.01,-1,-1,-0.01,-1,-1,-0.01,-1,-1,-0.01,-1,-1,-0.01,-1,-1
99926009,2026-05-18 10:09:54+05:30,52874.15,0,0.0,0,0.0,0.0,53282.15,53308.4,52783.45,53710.35,0,0.0,0.0,0.0,0.0,-0.01,-1,-1,-0.01,-1,-1,-0.01,-1,-1,-0.01,-1,-1,-0.01,-1,-1,-0.01,-1,-1,-0.01,-1,-1,-0.01,-1,-1,-0.01,-1,-1,-0.01,-1,-1
99926009,2026-05-18 10:09:55+05:30,52875.8,0,0.0,0,0.0,0.0,53282.15,53308.4,52783.45,53710.35,0,0.0,0.0,0.0,0.0,-0.01,-1,-1,-0.01,-1,-1,-0.01,-1,-1,-0.01,-1,-1,-0.01,-1,-1,-0.01,-1,-1,-0.01,-1,-1,-0.01,-1,-1,-0.01,-1,-1,-0.01,-1,-1
99926009,2026-05-18 10:09:55+05:30,52871.7,0,0.0,0,0.0,0.0,53282.15,53308.4,52783.45,53710.35,0,0.0,0.0,0.0,0.0,-0.01,-1,-1,-0.01,-1,-1,-0.01,-1,-1,-0.01,-1,-1,-0.01,-1,-1,-0.01,-1,-1,-0.01,-1,-1,-0.01,-1,-1,-0.01,-1,-1,-0.01,-1,-1
99926009,2026-05-18 10:09:56+05:30,52874.0,0,0.0,0,0.0,0.0,53282.15,53308.4,52783.45,53710.35,0,0.0,0.0,0.0,0.0,-0.01,-1,-1,-0.01,-1,-1,-0.01,-1,-1,-0.01,-1,-1,-0.01,-1,-1,-0.01,-1,-1,-0.01,-1,-1,-0.01,-1,-1,-0.01,-1,-1,-0.01,-1,-1
99926009,2026-05-18 10:09:56+05:30,52875.0,0,0.0,0,0.0,0.0,53282.15,53308.4,52783.45,53710.35,0,0.0,0.0,0.0,0.0,-0.01,-1,-1,-0.01,-1,-1,-0.01,-1,-1,-0.01,-1,-1,-0.01,-1,-1,-0.01,-1,-1,-0.01,-1,-1,-0.01,-1,-1,-0.01,-1,-1,-0.01,-1,-1
99926009,2026-05-18 10:09:57+05:30,52875.9,0,0.0,0,0.0,0.0,53282.15,53308.4,52783.45,53710.35,0,0.0,0.0,0.0,0.0,-0.01,-1,-1,-0.01,-1,-1,-0.01,-1,-1,-0.01,-1,-1,-0.01,-1,-1,-0.01,-1,-1,-0.01,-1,-1,-0.01,-1,-1,-0.01,-1,-1,-0.01,-1,-1
99926009,2026-05-18 10:09:57+05:30,52873.55,0,0.0,0,0.0,0.0,53282.15,53308.4,52783.45,53710.35,0,0.0,0.0,0.0,0.0,-0.01,-1,-1,-0.01,-1,-1,-0.01,-1,-1,-0.01,-1,-1,-0.01,-1,-1,-0.01,-1,-1,-0.01,-1,-1,-0.01,-1,-1,-0.01,-1,-1,-0.01,-1,-1
99926009,2026-05-18 10:09:58+05:30,52874.85,0,0.0,0,0.0,0.0,53282.15,53308.4,52783.45,53710.35,0,0.0,0.0,0.0,0.0,-0.01,-1,-1,-0.01,-1,-1,-0.01,-1,-1,-0.01,-1,-1,-0.01,-1,-1,-0.01,-1,-1,-0.01,-1,-1,-0.01,-1,-1,-0.01,-1,-1,-0.01,-1,-1
99926009,2026-05-18 10:09:58+05:30,52873.35,0,0.0,0,0.0,0.0,53282.15,53308.4,52783.45,53710.35,0,0.0,0.0,0.0,0.0,-0.01,-1,-1,-0.01,-1,-1,-0.01,-1,-1,-0.01,-1,-1,-0.01,-1,-1,-0.01,-1,-1,-0.01,-1,-1,-0.01,-1,-1,-0.01,-1,-1,-0.01,-1,-1
99926009,2026-05-18 10:09:59+05:30,52875.6,0,0.0,0,0.0,0.0,53282.15,53308.4,52783.45,53710.35,0,0.0,0.0,0.0,0.0,-0.01,-1,-1,-0.01,-1,-1,-0.01,-1,-1,-0.01,-1,-1,-0.01,-1,-1,-0.01,-1,-1,-0.01,-1,-1,-0.01,-1,-1,-0.01,-1,-1,-0.01,-1,-1
99926009,2026-05-18 10:09:59+05:30,52874.0,0,0.0,0,0.0,0.0,53282.15,53308.4,52783.45,53710.35,0,0.0,0.0,0.0,0.0,-0.01,-1,-1,-0.01,-1,-1,-0.01,-1,-1,-0.01,-1,-1,-0.01,-1,-1,-0.01,-1,-1,-0.01,-1,-1,-0.01,-1,-1,-0.01,-1,-1,-0.01,-1,-1
99926009,2026-05-18 10:10:00+05:30,52874.3,0,0.0,0,0.0,0.0,53282.15,53308.4,52783.45,53710.35,0,0.0,0.0,0.0,0.0,-0.01,-1,-1,-0.01,-1,-1,-0.01,-1,-1,-0.01,-1,-1,-0.01,-1,-1,-0.01,-1,-1,-0.01,-1,-1,-0.01,-1,-1,-0.01,-1,-1,-0.01,-1,-1
99926009,2026-05-18 10:10:00+05:30,52875.15,0,0.0,0,0.0,0.0,53282.15,53308.4,52783.45,53710.35,0,0.0,0.0,0.0,0.0,-0.01,-1,-1,-0.01,-1,-1,-0.01,-1,-1,-0.01,-1,-1,-0.01,-1,-1,-0.01,-1,-1,-0.01,-1,-1,-0.01,-1,-1,-0.01,-1,-1,-0.01,-1,-1
99926009,2026-05-18 10:10:01+05:30,52874.65,0,0.0,0,0.0,0.0,53282.15,53308.4,52783.45,53710.35,0,0.0,0.0,0.0,0.0,-0.01,-1,-1,-0.01,-1,-1,-0.01,-1,-1,-0.01,-1,-1,-0.01,-1,-1,-0.01,-1,-1,-0.01,-1,-1,-0.01,-1,-1,-0.01,-1,-1,-0.01,-1,-1
99926009,2026-05-18 10:10:01+05:30,52869.5,0,0.0,0,0.0,0.0,53282.15,53308.4,52783.45,53710.35,0,0.0,0.0,0.0,0.0,-0.01,-1,-1,-0.01,-1,-1,-0.01,-1,-1,-0.01,-1,-1,-0.01,-1,-1,-0.01,-1,-1,-0.01,-1,-1,-0.01,-1,-1,-0.01,-1,-1,-0.01,-1,-1
99926009,2026-05-18 10:10:02+05:30,52878.65,0,0.0,0,0.0,0.0,53282.15,53308.4,52783.45,53710.35,0,0.0,0.0,0.0,0.0,-0.01,-1,-1,-0.01,-1,-1,-0.01,-1,-1,-0.01,-1,-1,-0.01,-1,-1,-0.01,-1,-1,-0.01,-1,-1,-0.01,-1,-1,-0.01,-1,-1,-0.01,-1,-1
99926009,2026-05-18 10:10:02+05:30,52878.65,0,0.0,0,0.0,0.0,53282.15,53308.4,52783.45,53710.35,0,0.0,0.0,0.0,0.0,-0.01,-1,-1,-0.01,-1,-1,-0.01,-1,-1,-0.01,-1,-1,-0.01,-1,-1,-0.01,-1,-1,-0.01,-1,-1,-0.01,-1,-1,-0.01,-1,-1,-0.01,-1,-1
99926009,2026-05-18 10:10:03+05:30,52874.3,0,0.0,0,0.0,0.0,53282.15,53308.4,52783.45,53710.35,0,0.0,0.0,0.0,0.0,-0.01,-1,-1,-0.01,-1,-1,-0.01,-1,-1,-0.01,-1,-1,-0.01,-1,-1,-0.01,-1,-1,-0.01,-1,-1,-0.01,-1,-1,-0.01,-1,-1,-0.01,-1,-1
99926009,2026-05-18 10:10:03+05:30,52874.15,0,0.0,0,0.0,0.0,53282.15,53308.4,52783.45,53710.35,0,0.0,0.0,0.0,0.0,-0.01,-1,-1,-0.01,-1,-1,-0.01,-1,-1,-0.01,-1,-1,-0.01,-1,-1,-0.01,-1,-1,-0.01,-1,-1,-0.01,-1,-1,-0.01,-1,-1,-0.01,-1,-1
99926009,2026-05-18 10:10:04+05:30,52874.15,0,0.0,0,0.0,0.0,53282.15,53308.4,52783.45,53710.35,0,0.0,0.0,0.0,0.0,-0.01,-1,-1,-0.01,-1,-1,-0.01,-1,-1,-0.01,-1,-1,-0.01,-1,-1,-0.01,-1,-1,-0.01,-1,-1,-0.01,-1,-1,-0.01,-1,-1,-0.01,-1,-1
99926009,2026-05-18 10:10:04+05:30,52873.9,0,0.0,0,0.0,0.0,53282.15,53308.4,52783.45,53710.35,0,0.0,0.0,0.0,0.0,-0.01,-1,-1,-0.01,-1,-1,-0.01,-1,-1,-0.01,-1,-1,-0.01,-1,-1,-0.01,-1,-1,-0.01,-1,-1,-0.01,-1,-1,-0.01,-1,-1,-0.01,-1,-1
99926009,2026-05-18 10:10:05+05:30,52871.9,0,0.0,0,0.0,0.0,53282.15,53308.4,52783.45,53710.35,0,0.0,0.0,0.0,0.0,-0.01,-1,-1,-0.01,-1,-1,-0.01,-1,-1,-0.01,-1,-1,-0.01,-1,-1,-0.01,-1,-1,-0.01,-1,-1,-0.01,-1,-1,-0.01,-1,-1,-0.01,-1,-1
99926009,2026-05-18 10:10:05+05:30,52872.0,0,0.0,0,0.0,0.0,53282.15,53308.4,52783.45,53710.35,0,0.0,0.0,0.0,0.0,-0.01,-1,-1,-0.01,-1,-1,-0.01,-1,-1,-0.01,-1,-1,-0.01,-1,-1,-0.01,-1,-1,-0.01,-1,-1,-0.01,-1,-1,-0.01,-1,-1,-0.01,-1,-1
99926009,2026-05-18 10:10:06+05:30,52871.25,0,0.0,0,0.0,0.0,53282.15,53308.4,52783.45,53710.35,0,0.0,0.0,0.0,0.0,-0.01,-1,-1,-0.01,-1,-1,-0.01,-1,-1,-0.01,-1,-1,-0.01,-1,-1,-0.01,-1,-1,-0.01,-1,-1,-0.01,-1,-1,-0.01,-1,-1,-0.01,-1,-1
99926009,2026-05-18 10:10:06+05:30,52871.45,0,0.0,0,0.0,0.0,53282.15,53308.4,52783.45,53710.35,0,0.0,0.0,0.0,0.0,-0.01,-1,-1,-0.01,-1,-1,-0.01,-1,-1,-0.01,-1,-1,-0.01,-1,-1,-0.01,-1,-1,-0.01,-1,-1,-0.01,-1,-1,-0.01,-1,-1,-0.01,-1,-1
99926009,2026-05-18 10:10:07+05:30,52873.8,0,0.0,0,0.0,0.0,53282.15,53308.4,52783.45,53710.35,0,0.0,0.0,0.0,0.0,-0.01,-1,-1,-0.01,-1,-1,-0.01,-1,-1,-0.01,-1,-1,-0.01,-1,-1,-0.01,-1,-1,-0.01,-1,-1,-0.01,-1,-1,-0.01,-1,-1,-0.01,-1,-1
99926009,2026-05-18 10:10:07+05:30,52870.45,0,0.0,0,0.0,0.0,53282.15,53308.4,52783.45,53710.35,0,0.0,0.0,0.0,0.0,-0.01,-1,-1,-0.01,-1,-1,-0.01,-1,-1,-0.01,-1,-1,-0.01,-1,-1,-0.01,-1,-1,-0.01,-1,-1,-0.01,-1,-1,-0.01,-1,-1,-0.01,-1,-1
99926009,2026-05-18 10:10:08+05:30,52871.75,0,0.0,0,0.0,0.0,53282.15,53308.4,52783.45,53710.35,0,0.0,0.0,0.0,0.0,-0.01,-1,-1,-0.01,-1,-1,-0.01,-1,-1,-0.01,-1,-1,-0.01,-1,-1,-0.01,-1,-1,-0.01,-1,-1,-0.01,-1,-1,-0.01,-1,-1,-0.01,-1,-1
99926009,2026-05-18 10:10:08+05:30,52873.25,0,0.0,0,0.0,0.0,53282.15,53308.4,52783.45,53710.35,0,0.0,0.0,0.0,0.0,-0.01,-1,-1,-0.01,-1,-1,-0.01,-1,-1,-0.01,-1,-1,-0.01,-1,-1,-0.01,-1,-1,-0.01,-1,-1,-0.01,-1,-1,-0.01,-1,-1,-0.01,-1,-1
99926009,2026-05-18 10:10:09+05:30,52872.95,0,0.0,0,0.0,0.0,53282.15,53308.4,52783.45,53710.35,0,0.0,0.0,0.0,0.0,-0.01,-1,-1,-0.01,-1,-1,-0.01,-1,-1,-0.01,-1,-1,-0.01,-1,-1,-0.01,-1,-1,-0.01,-1,-1,-0.01,-1,-1,-0.01,-1,-1,-0.01,-1,-1
99926009,2026-05-18 10:10:09+05:30,52872.7,0,0.0,0,0.0,0.0,53282.15,53308.4,52783.45,53710.35,0,0.0,0.0,0.0,0.0,-0.01,-1,-1,-0.01,-1,-1,-0.01,-1,-1,-0.01,-1,-1,-0.01,-1,-1,-0.01,-1,-1,-0.01,-1,-1,-0.01,-1,-1,-0.01,-1,-1,-0.01,-1,-1
99926009,2026-05-18 10:10:10+05:30,52872.95,0,0.0,0,0.0,0.0,53282.15,53308.4,52783.45,53710.35,0,0.0,0.0,0.0,0.0,-0.01,-1,-1,-0.01,-1,-1,-0.01,-1,-1,-0.01,-1,-1,-0.01,-1,-1,-0.01,-1,-1,-0.01,-1,-1,-0.01,-1,-1,-0.01,-1,-1,-0.01,-1,-1
99926009,2026-05-18 10:10:10+05:30,52869.85,0,0.0,0,0.0,0.0,53282.15,53308.4,52783.45,53710.35,0,0.0,0.0,0.0,0.0,-0.01,-1,-1,-0.01,-1,-1,-0.01,-1,-1,-0.01,-1,-1,-0.01,-1,-1,-0.01,-1,-1,-0.01,-1,-1,-0.01,-1,-1,-0.01,-1,-1,-0.01,-1,-1
99926009,2026-05-18 10:10:11+05:30,52869.4,0,0.0,0,0.0,0.0,53282.15,53308.4,52783.45,53710.35,0,0.0,0.0,0.0,0.0,-0.01,-1,-1,-0.01,-1,-1,-0.01,-1,-1,-0.01,-1,-1,-0.01,-1,-1,-0.01,-1,-1,-0.01,-1,-1,-0.01,-1,-1,-0.01,-1,-1,-0.01,-1,-1
99926009,2026-05-18 10:10:11+05:30,52874.4,0,0.0,0,0.0,0.0,53282.15,53308.4,52783.45,53710.35,0,0.0,0.0,0.0,0.0,-0.01,-1,-1,-0.01,-1,-1,-0.01,-1,-1,-0.01,-1,-1,-0.01,-1,-1,-0.01,-1,-1,-0.01,-1,-1,-0.01,-1,-1,-0.01,-1,-1,-0.01,-1,-1
99926009,2026-05-18 10:10:12+05:30,52875.85,0,0.0,0,0.0,0.0,53282.15,53308.4,52783.45,53710.35,0,0.0,0.0,0.0,0.0,-0.01,-1,-1,-0.01,-1,-1,-0.01,-1,-1,-0.01,-1,-1,-0.01,-1,-1,-0.01,-1,-1,-0.01,-1,-1,-0.01,-1,-1,-0.01,-1,-1,-0.01,-1,-1
99926009,2026-05-18 10:10:12+05:30,52871.45,0,0.0,0,0.0,0.0,53282.15,53308.4,52783.45,53710.35,0,0.0,0.0,0.0,0.0,-0.01,-1,-1,-0.01,-1,-1,-0.01,-1,-1,-0.01,-1,-1,-0.01,-1,-1,-0.01,-1,-1,-0.01,-1,-1,-0.01,-1,-1,-0.01,-1,-1,-0.01,-1,-1
99926009,2026-05-18 10:10:13+05:30,52876.8,0,0.0,0,0.0,0.0,53282.15,53308.4,52783.45,53710.35,0,0.0,0.0,0.0,0.0,-0.01,-1,-1,-0.01,-1,-1,-0.01,-1,-1,-0.01,-1,-1,-0.01,-1,-1,-0.01,-1,-1,-0.01,-1,-1,-0.01,-1,-1,-0.01,-1,-1,-0.01,-1,-1
99926009,2026-05-18 10:10:13+05:30,52875.5,0,0.0,0,0.0,0.0,53282.15,53308.4,52783.45,53710.35,0,0.0,0.0,0.0,0.0,-0.01,-1,-1,-0.01,-1,-1,-0.01,-1,-1,-0.01,-1,-1,-0.01,-1,-1,-0.01,-1,-1,-0.01,-1,-1,-0.01,-1,-1,-0.01,-1,-1,-0.01,-1,-1
99926009,2026-05-18 10:10:14+05:30,52876.75,0,0.0,0,0.0,0.0,53282.15,53308.4,52783.45,53710.35,0,0.0,0.0,0.0,0.0,-0.01,-1,-1,-0.01,-1,-1,-0.01,-1,-1,-0.01,-1,-1,-0.01,-1,-1,-0.01,-1,-1,-0.01,-1,-1,-0.01,-1,-1,-0.01,-1,-1,-0.01,-1,-1
99926009,2026-05-18 10:10:14+05:30,52875.25,0,0.0,0,0.0,0.0,53282.15,53308.4,52783.45,53710.35,0,0.0,0.0,0.0,0.0,-0.01,-1,-1,-0.01,-1,-1,-0.01,-1,-1,-0.01,-1,-1,-0.01,-1,-1,-0.01,-1,-1,-0.01,-1,-1,-0.01,-1,-1,-0.01,-1,-1,-0.01,-1,-1
99926009,2026-05-18 10:10:15+05:30,52877.55,0,0.0,0,0.0,0.0,53282.15,53308.4,52783.45,53710.35,0,0.0,0.0,0.0,0.0,-0.01,-1,-1,-0.01,-1,-1,-0.01,-1,-1,-0.01,-1,-1,-0.01,-1,-1,-0.01,-1,-1,-0.01,-1,-1,-0.01,-1,-1,-0.01,-1,-1,-0.01,-1,-1
99926009,2026-05-18 10:10:15+05:30,52877.05,0,0.0,0,0.0,0.0,53282.15,53308.4,52783.45,53710.35,0,0.0,0.0,0.0,0.0,-0.01,-1,-1,-0.01,-1,-1,-0.01,-1,-1,-0.01,-1,-1,-0.01,-1,-1,-0.01,-1,-1,-0.01,-1,-1,-0.01,-1,-1,-0.01,-1,-1,-0.01,-1,-1
99926009,2026-05-18 10:10:16+05:30,52878.3,0,0.0,0,0.0,0.0,53282.15,53308.4,52783.45,53710.35,0,0.0,0.0,0.0,0.0,-0.01,-1,-1,-0.01,-1,-1,-0.01,-1,-1,-0.01,-1,-1,-0.01,-1,-1,-0.01,-1,-1,-0.01,-1,-1,-0.01,-1,-1,-0.01,-1,-1,-0.01,-1,-1
99926009,2026-05-18 10:10:16+05:30,52879.7,0,0.0,0,0.0,0.0,53282.15,53308.4,52783.45,53710.35,0,0.0,0.0,0.0,0.0,-0.01,-1,-1,-0.01,-1,-1,-0.01,-1,-1,-0.01,-1,-1,-0.01,-1,-1,-0.01,-1,-1,-0.01,-1,-1,-0.01,-1,-1,-0.01,-1,-1,-0.01,-1,-1
99926009,2026-05-18 10:10:17+05:30,52882.6,0,0.0,0,0.0,0.0,53282.15,53308.4,52783.45,53710.35,0,0.0,0.0,0.0,0.0,-0.01,-1,-1,-0.01,-1,-1,-0.01,-1,-1,-0.01,-1,-1,-0.01,-1,-1,-0.01,-1,-1,-0.01,-1,-1,-0.01,-1,-1,-0.01,-1,-1,-0.01,-1,-1
99926009,2026-05-18 10:10:17+05:30,52881.3,0,0.0,0,0.0,0.0,53282.15,53308.4,52783.45,53710.35,0,0.0,0.0,0.0,0.0,-0.01,-1,-1,-0.01,-1,-1,-0.01,-1,-1,-0.01,-1,-1,-0.01,-1,-1,-0.01,-1,-1,-0.01,-1,-1,-0.01,-1,-1,-0.01,-1,-1,-0.01,-1,-1
99926009,2026-05-18 10:10:18+05:30,52882.55,0,0.0,0,0.0,0.0,53282.15,53308.4,52783.45,53710.35,0,0.0,0.0,0.0,0.0,-0.01,-1,-1,-0.01,-1,-1,-0.01,-1,-1,-0.01,-1,-1,-0.01,-1,-1,-0.01,-1,-1,-0.01,-1,-1,-0.01,-1,-1,-0.01,-1,-1,-0.01,-1,-1
99926009,2026-05-18 10:10:18+05:30,52878.1,0,0.0,0,0.0,0.0,53282.15,53308.4,52783.45,53710.35,0,0.0,0.0,0.0,0.0,-0.01,-1,-1,-0.01,-1,-1,-0.01,-1,-1,-0.01,-1,-1,-0.01,-1,-1,-0.01,-1,-1,-0.01,-1,-1,-0.01,-1,-1,-0.01,-1,-1,-0.01,-1,-1
99926009,2026-05-18 10:10:19+05:30,52882.25,0,0.0,0,0.0,0.0,53282.15,53308.4,52783.45,53710.35,0,0.0,0.0,0.0,0.0,-0.01,-1,-1,-0.01,-1,-1,-0.01,-1,-1,-0.01,-1,-1,-0.01,-1,-1,-0.01,-1,-1,-0.01,-1,-1,-0.01,-1,-1,-0.01,-1,-1,-0.01,-1,-1
99926009,2026-05-18 10:10:19+05:30,52882.7,0,0.0,0,0.0,0.0,53282.15,53308.4,52783.45,53710.35,0,0.0,0.0,0.0,0.0,-0.01,-1,-1,-0.01,-1,-1,-0.01,-1,-1,-0.01,-1,-1,-0.01,-1,-1,-0.01,-1,-1,-0.01,-1,-1,-0.01,-1,-1,-0.01,-1,-1,-0.01,-1,-1
99926009,2026-05-18 10:10:20+05:30,52879.9,0,0.0,0,0.0,0.0,53282.15,53308.4,52783.45,53710.35,0,0.0,0.0,0.0,0.0,-0.01,-1,-1,-0.01,-1,-1,-0.01,-1,-1,-0.01,-1,-1,-0.01,-1,-1,-0.01,-1,-1,-0.01,-1,-1,-0.01,-1,-1,-0.01,-1,-1,-0.01,-1,-1
99926009,2026-05-18 10:10:20+05:30,52883.7,0,0.0,0,0.0,0.0,53282.15,53308.4,52783.45,53710.35,0,0.0,0.0,0.0,0.0,-0.01,-1,-1,-0.01,-1,-1,-0.01,-1,-1,-0.01,-1,-1,-0.01,-1,-1,-0.01,-1,-1,-0.01,-1,-1,-0.01,-1,-1,-0.01,-1,-1,-0.01,-1,-1
99926009,2026-05-18 10:10:21+05:30,52883.7,0,0.0,0,0.0,0.0,53282.15,53308.4,52783.45,53710.35,0,0.0,0.0,0.0,0.0,-0.01,-1,-1,-0.01,-1,-1,-0.01,-1,-1,-0.01,-1,-1,-0.01,-1,-1,-0.01,-1,-1,-0.01,-1,-1,-0.01,-1,-1,-0.01,-1,-1,-0.01,-1,-1
99926009,2026-05-18 10:10:21+05:30,52884.05,0,0.0,0,0.0,0.0,53282.15,53308.4,52783.45,53710.35,0,0.0,0.0,0.0,0.0,-0.01,-1,-1,-0.01,-1,-1,-0.01,-1,-1,-0.01,-1,-1,-0.01,-1,-1,-0.01,-1,-1,-0.01,-1,-1,-0.01,-1,-1,-0.01,-1,-1,-0.01,-1,-1
99926009,2026-05-18 10:10:22+05:30,52885.35,0,0.0,0,0.0,0.0,53282.15,53308.4,52783.45,53710.35,0,0.0,0.0,0.0,0.0,-0.01,-1,-1,-0.01,-1,-1,-0.01,-1,-1,-0.01,-1,-1,-0.01,-1,-1,-0.01,-1,-1,-0.01,-1,-1,-0.01,-1,-1,-0.01,-1,-1,-0.01,-1,-1
99926009,2026-05-18 10:10:22+05:30,52881.05,0,0.0,0,0.0,0.0,53282.15,53308.4,52783.45,53710.35,0,0.0,0.0,0.0,0.0,-0.01,-1,-1,-0.01,-1,-1,-0.01,-1,-1,-0.01,-1,-1,-0.01,-1,-1,-0.01,-1,-1,-0.01,-1,-1,-0.01,-1,-1,-0.01,-1,-1,-0.01,-1,-1
99926009,2026-05-18 10:10:23+05:30,52881.15,0,0.0,0,0.0,0.0,53282.15,53308.4,52783.45,53710.35,0,0.0,0.0,0.0,0.0,-0.01,-1,-1,-0.01,-1,-1,-0.01,-1,-1,-0.01,-1,-1,-0.01,-1,-1,-0.01,-1,-1,-0.01,-1,-1,-0.01,-1,-1,-0.01,-1,-1,-0.01,-1,-1
99926009,2026-05-18 10:10:23+05:30,52882.15,0,0.0,0,0.0,0.0,53282.15,53308.4,52783.45,53710.35,0,0.0,0.0,0.0,0.0,-0.01,-1,-1,-0.01,-1,-1,-0.01,-1,-1,-0.01,-1,-1,-0.01,-1,-1,-0.01,-1,-1,-0.01,-1,-1,-0.01,-1,-1,-0.01,-1,-1,-0.01,-1,-1
99926009,2026-05-18 10:10:24+05:30,52880.75,0,0.0,0,0.0,0.0,53282.15,53308.4,52783.45,53710.35,0,0.0,0.0,0.0,0.0,-0.01,-1,-1,-0.01,-1,-1,-0.01,-1,-1,-0.01,-1,-1,-0.01,-1,-1,-0.01,-1,-1,-0.01,-1,-1,-0.01,-1,-1,-0.01,-1,-1,-0.01,-1,-1
99926009,2026-05-18 10:10:24+05:30,52881.25,0,0.0,0,0.0,0.0,53282.15,53308.4,52783.45,53710.35,0,0.0,0.0,0.0,0.0,-0.01,-1,-1,-0.01,-1,-1,-0.01,-1,-1,-0.01,-1,-1,-0.01,-1,-1,-0.01,-1,-1,-0.01,-1,-1,-0.01,-1,-1,-0.01,-1,-1,-0.01,-1,-1
99926009,2026-05-18 10:10:25+05:30,52879.4,0,0.0,0,0.0,0.0,53282.15,53308.4,52783.45,53710.35,0,0.0,0.0,0.0,0.0,-0.01,-1,-1,-0.01,-1,-1,-0.01,-1,-1,-0.01,-1,-1,-0.01,-1,-1,-0.01,-1,-1,-0.01,-1,-1,-0.01,-1,-1,-0.01,-1,-1,-0.01,-1,-1
99926009,2026-05-18 10:10:25+05:30,52881.6,0,0.0,0,0.0,0.0,53282.15,53308.4,52783.45,53710.35,0,0.0,0.0,0.0,0.0,-0.01,-1,-1,-0.01,-1,-1,-0.01,-1,-1,-0.01,-1,-1,-0.01,-1,-1,-0.01,-1,-1,-0.01,-1,-1,-0.01,-1,-1,-0.01,-1,-1,-0.01,-1,-1
99926009,2026-05-18 10:10:26+05:30,52880.2,0,0.0,0,0.0,0.0,53282.15,53308.4,52783.45,53710.35,0,0.0,0.0,0.0,0.0,-0.01,-1,-1,-0.01,-1,-1,-0.01,-1,-1,-0.01,-1,-1,-0.01,-1,-1,-0.01,-1,-1,-0.01,-1,-1,-0.01,-1,-1,-0.01,-1,-1,-0.01,-1,-1
99926009,2026-05-18 10:10:26+05:30,52880.75,0,0.0,0,0.0,0.0,53282.15,53308.4,52783.45,53710.35,0,0.0,0.0,0.0,0.0,-0.01,-1,-1,-0.01,-1,-1,-0.01,-1,-1,-0.01,-1,-1,-0.01,-1,-1,-0.01,-1,-1,-0.01,-1,-1,-0.01,-1,-1,-0.01,-1,-1,-0.01,-1,-1
99926009,2026-05-18 10:10:27+05:30,52880.2,0,0.0,0,0.0,0.0,53282.15,53308.4,52783.45,53710.35,0,0.0,0.0,0.0,0.0,-0.01,-1,-1,-0.01,-1,-1,-0.01,-1,-1,-0.01,-1,-1,-0.01,-1,-1,-0.01,-1,-1,-0.01,-1,-1,-0.01,-1,-1,-0.01,-1,-1,-0.01,-1,-1
99926009,2026-05-18 10:10:27+05:30,52879.3,0,0.0,0,0.0,0.0,53282.15,53308.4,52783.45,53710.35,0,0.0,0.0,0.0,0.0,-0.01,-1,-1,-0.01,-1,-1,-0.01,-1,-1,-0.01,-1,-1,-0.01,-1,-1,-0.01,-1,-1,-0.01,-1,-1,-0.01,-1,-1,-0.01,-1,-1,-0.01,-1,-1
99926009,2026-05-18 10:10:28+05:30,52881.55,0,0.0,0,0.0,0.0,53282.15,53308.4,52783.45,53710.35,0,0.0,0.0,0.0,0.0,-0.01,-1,-1,-0.01,-1,-1,-0.01,-1,-1,-0.01,-1,-1,-0.01,-1,-1,-0.01,-1,-1,-0.01,-1,-1,-0.01,-1,-1,-0.01,-1,-1,-0.01,-1,-1
99926009,2026-05-18 10:10:28+05:30,52881.2,0,0.0,0,0.0,0.0,53282.15,53308.4,52783.45,53710.35,0,0.0,0.0,0.0,0.0,-0.01,-1,-1,-0.01,-1,-1,-0.01,-1,-1,-0.01,-1,-1,-0.01,-1,-1,-0.01,-1,-1,-0.01,-1,-1,-0.01,-1,-1,-0.01,-1,-1,-0.01,-1,-1
99926009,2026-05-18 10:10:29+05:30,52880.65,0,0.0,0,0.0,0.0,53282.15,53308.4,52783.45,53710.35,0,0.0,0.0,0.0,0.0,-0.01,-1,-1,-0.01,-1,-1,-0.01,-1,-1,-0.01,-1,-1,-0.01,-1,-1,-0.01,-1,-1,-0.01,-1,-1,-0.01,-1,-1,-0.01,-1,-1,-0.01,-1,-1
99926009,2026-05-18 10:10:29+05:30,52882.65,0,0.0,0,0.0,0.0,53282.15,53308.4,52783.45,53710.35,0,0.0,0.0,0.0,0.0,-0.01,-1,-1,-0.01,-1,-1,-0.01,-1,-1,-0.01,-1,-1,-0.01,-1,-1,-0.01,-1,-1,-0.01,-1,-1,-0.01,-1,-1,-0.01,-1,-1,-0.01,-1,-1
99926009,2026-05-18 10:10:30+05:30,52881.7,0,0.0,0,0.0,0.0,53282.15,53308.4,52783.45,53710.35,0,0.0,0.0,0.0,0.0,-0.01,-1,-1,-0.01,-1,-1,-0.01,-1,-1,-0.01,-1,-1,-0.01,-1,-1,-0.01,-1,-1,-0.01,-1,-1,-0.01,-1,-1,-0.01,-1,-1,-0.01,-1,-1
99926009,2026-05-18 10:10:30+05:30,52885.1,0,0.0,0,0.0,0.0,53282.15,53308.4,52783.45,53710.35,0,0.0,0.0,0.0,0.0,-0.01,-1,-1,-0.01,-1,-1,-0.01,-1,-1,-0.01,-1,-1,-0.01,-1,-1,-0.01,-1,-1,-0.01,-1,-1,-0.01,-1,-1,-0.01,-1,-1,-0.01,-1,-1
99926009,2026-05-18 10:10:31+05:30,52887.8,0,0.0,0,0.0,0.0,53282.15,53308.4,52783.45,53710.35,0,0.0,0.0,0.0,0.0,-0.01,-1,-1,-0.01,-1,-1,-0.01,-1,-1,-0.01,-1,-1,-0.01,-1,-1,-0.01,-1,-1,-0.01,-1,-1,-0.01,-1,-1,-0.01,-1,-1,-0.01,-1,-1
99926009,2026-05-18 10:10:31+05:30,52888.8,0,0.0,0,0.0,0.0,53282.15,53308.4,52783.45,53710.35,0,0.0,0.0,0.0,0.0,-0.01,-1,-1,-0.01,-1,-1,-0.01,-1,-1,-0.01,-1,-1,-0.01,-1,-1,-0.01,-1,-1,-0.01,-1,-1,-0.01,-1,-1,-0.01,-1,-1,-0.01,-1,-1
99926009,2026-05-18 10:10:32+05:30,52889.65,0,0.0,0,0.0,0.0,53282.15,53308.4,52783.45,53710.35,0,0.0,0.0,0.0,0.0,-0.01,-1,-1,-0.01,-1,-1,-0.01,-1,-1,-0.01,-1,-1,-0.01,-1,-1,-0.01,-1,-1,-0.01,-1,-1,-0.01,-1,-1,-0.01,-1,-1,-0.01,-1,-1
99926009,2026-05-18 10:10:32+05:30,52890.15,0,0.0,0,0.0,0.0,53282.15,53308.4,52783.45,53710.35,0,0.0,0.0,0.0,0.0,-0.01,-1,-1,-0.01,-1,-1,-0.01,-1,-1,-0.01,-1,-1,-0.01,-1,-1,-0.01,-1,-1,-0.01,-1,-1,-0.01,-1,-1,-0.01,-1,-1,-0.01,-1,-1
99926009,2026-05-18 10:10:33+05:30,52886.95,0,0.0,0,0.0,0.0,53282.15,53308.4,52783.45,53710.35,0,0.0,0.0,0.0,0.0,-0.01,-1,-1,-0.01,-1,-1,-0.01,-1,-1,-0.01,-1,-1,-0.01,-1,-1,-0.01,-1,-1,-0.01,-1,-1,-0.01,-1,-1,-0.01,-1,-1,-0.01,-1,-1
99926009,2026-05-18 10:10:33+05:30,52885.6,0,0.0,0,0.0,0.0,53282.15,53308.4,52783.45,53710.35,0,0.0,0.0,0.0,0.0,-0.01,-1,-1,-0.01,-1,-1,-0.01,-1,-1,-0.01,-1,-1,-0.01,-1,-1,-0.01,-1,-1,-0.01,-1,-1,-0.01,-1,-1,-0.01,-1,-1,-0.01,-1,-1
99926009,2026-05-18 10:10:34+05:30,52885.95,0,0.0,0,0.0,0.0,53282.15,53308.4,52783.45,53710.35,0,0.0,0.0,0.0,0.0,-0.01,-1,-1,-0.01,-1,-1,-0.01,-1,-1,-0.01,-1,-1,-0.01,-1,-1,-0.01,-1,-1,-0.01,-1,-1,-0.01,-1,-1,-0.01,-1,-1,-0.01,-1,-1
99926009,2026-05-18 10:10:34+05:30,52887.75,0,0.0,0,0.0,0.0,53282.15,53308.4,52783.45,53710.35,0,0.0,0.0,0.0,0.0,-0.01,-1,-1,-0.01,-1,-1,-0.01,-1,-1,-0.01,-1,-1,-0.01,-1,-1,-0.01,-1,-1,-0.01,-1,-1,-0.01,-1,-1,-0.01,-1,-1,-0.01,-1,-1
99926009,2026-05-18 10:10:35+05:30,52886.55,0,0.0,0,0.0,0.0,53282.15,53308.4,52783.45,53710.35,0,0.0,0.0,0.0,0.0,-0.01,-1,-1,-0.01,-1,-1,-0.01,-1,-1,-0.01,-1,-1,-0.01,-1,-1,-0.01,-1,-1,-0.01,-1,-1,-0.01,-1,-1,-0.01,-1,-1,-0.01,-1,-1
99926009,2026-05-18 10:10:35+05:30,52885.45,0,0.0,0,0.0,0.0,53282.15,53308.4,52783.45,53710.35,0,0.0,0.0,0.0,0.0,-0.01,-1,-1,-0.01,-1,-1,-0.01,-1,-1,-0.01,-1,-1,-0.01,-1,-1,-0.01,-1,-1,-0.01,-1,-1,-0.01,-1,-1,-0.01,-1,-1,-0.01,-1,-1
99926009,2026-05-18 10:10:36+05:30,52886.4,0,0.0,0,0.0,0.0,53282.15,53308.4,52783.45,53710.35,0,0.0,0.0,0.0,0.0,-0.01,-1,-1,-0.01,-1,-1,-0.01,-1,-1,-0.01,-1,-1,-0.01,-1,-1,-0.01,-1,-1,-0.01,-1,-1,-0.01,-1,-1,-0.01,-1,-1,-0.01,-1,-1
99926009,2026-05-18 10:10:36+05:30,52886.1,0,0.0,0,0.0,0.0,53282.15,53308.4,52783.45,53710.35,0,0.0,0.0,0.0,0.0,-0.01,-1,-1,-0.01,-1,-1,-0.01,-1,-1,-0.01,-1,-1,-0.01,-1,-1,-0.01,-1,-1,-0.01,-1,-1,-0.01,-1,-1,-0.01,-1,-1,-0.01,-1,-1
99926009,2026-05-18 10:10:37+05:30,52884.6,0,0.0,0,0.0,0.0,53282.15,53308.4,52783.45,53710.35,0,0.0,0.0,0.0,0.0,-0.01,-1,-1,-0.01,-1,-1,-0.01,-1,-1,-0.01,-1,-1,-0.01,-1,-1,-0.01,-1,-1,-0.01,-1,-1,-0.01,-1,-1,-0.01,-1,-1,-0.01,-1,-1
99926009,2026-05-18 10:10:37+05:30,52885.55,0,0.0,0,0.0,0.0,53282.15,53308.4,52783.45,53710.35,0,0.0,0.0,0.0,0.0,-0.01,-1,-1,-0.01,-1,-1,-0.01,-1,-1,-0.01,-1,-1,-0.01,-1,-1,-0.01,-1,-1,-0.01,-1,-1,-0.01,-1,-1,-0.01,-1,-1,-0.01,-1,-1
99926009,2026-05-18 10:10:38+05:30,52885.85,0,0.0,0,0.0,0.0,53282.15,53308.4,52783.45,53710.35,0,0.0,0.0,0.0,0.0,-0.01,-1,-1,-0.01,-1,-1,-0.01,-1,-1,-0.01,-1,-1,-0.01,-1,-1,-0.01,-1,-1,-0.01,-1,-1,-0.01,-1,-1,-0.01,-1,-1,-0.01,-1,-1
99926009,2026-05-18 10:10:38+05:30,52888.6,0,0.0,0,0.0,0.0,53282.15,53308.4,52783.45,53710.35,0,0.0,0.0,0.0,0.0,-0.01,-1,-1,-0.01,-1,-1,-0.01,-1,-1,-0.01,-1,-1,-0.01,-1,-1,-0.01,-1,-1,-0.01,-1,-1,-0.01,-1,-1,-0.01,-1,-1,-0.01,-1,-1
99926009,2026-05-18 10:10:39+05:30,52888.1,0,0.0,0,0.0,0.0,53282.15,53308.4,52783.45,53710.35,0,0.0,0.0,0.0,0.0,-0.01,-1,-1,-0.01,-1,-1,-0.01,-1,-1,-0.01,-1,-1,-0.01,-1,-1,-0.01,-1,-1,-0.01,-1,-1,-0.01,-1,-1,-0.01,-1,-1,-0.01,-1,-1
99926009,2026-05-18 10:10:39+05:30,52887.85,0,0.0,0,0.0,0.0,53282.15,53308.4,52783.45,53710.35,0,0.0,0.0,0.0,0.0,-0.01,-1,-1,-0.01,-1,-1,-0.01,-1,-1,-0.01,-1,-1,-0.01,-1,-1,-0.01,-1,-1,-0.01,-1,-1,-0.01,-1,-1,-0.01,-1,-1,-0.01,-1,-1
99926009,2026-05-18 10:10:40+05:30,52888.5,0,0.0,0,0.0,0.0,53282.15,53308.4,52783.45,53710.35,0,0.0,0.0,0.0,0.0,-0.01,-1,-1,-0.01,-1,-1,-0.01,-1,-1,-0.01,-1,-1,-0.01,-1,-1,-0.01,-1,-1,-0.01,-1,-1,-0.01,-1,-1,-0.01,-1,-1,-0.01,-1,-1
99926009,2026-05-18 10:10:40+05:30,52887.1,0,0.0,0,0.0,0.0,53282.15,53308.4,52783.45,53710.35,0,0.0,0.0,0.0,0.0,-0.01,-1,-1,-0.01,-1,-1,-0.01,-1,-1,-0.01,-1,-1,-0.01,-1,-1,-0.01,-1,-1,-0.01,-1,-1,-0.01,-1,-1,-0.01,-1,-1,-0.01,-1,-1
99926009,2026-05-18 10:10:41+05:30,52888.0,0,0.0,0,0.0,0.0,53282.15,53308.4,52783.45,53710.35,0,0.0,0.0,0.0,0.0,-0.01,-1,-1,-0.01,-1,-1,-0.01,-1,-1,-0.01,-1,-1,-0.01,-1,-1,-0.01,-1,-1,-0.01,-1,-1,-0.01,-1,-1,-0.01,-1,-1,-0.01,-1,-1
99926009,2026-05-18 10:10:41+05:30,52885.75,0,0.0,0,0.0,0.0,53282.15,53308.4,52783.45,53710.35,0,0.0,0.0,0.0,0.0,-0.01,-1,-1,-0.01,-1,-1,-0.01,-1,-1,-0.01,-1,-1,-0.01,-1,-1,-0.01,-1,-1,-0.01,-1,-1,-0.01,-1,-1,-0.01,-1,-1,-0.01,-1,-1
99926009,2026-05-18 10:10:42+05:30,52883.9,0,0.0,0,0.0,0.0,53282.15,53308.4,52783.45,53710.35,0,0.0,0.0,0.0,0.0,-0.01,-1,-1,-0.01,-1,-1,-0.01,-1,-1,-0.01,-1,-1,-0.01,-1,-1,-0.01,-1,-1,-0.01,-1,-1,-0.01,-1,-1,-0.01,-1,-1,-0.01,-1,-1
99926009,2026-05-18 10:10:42+05:30,52884.85,0,0.0,0,0.0,0.0,53282.15,53308.4,52783.45,53710.35,0,0.0,0.0,0.0,0.0,-0.01,-1,-1,-0.01,-1,-1,-0.01,-1,-1,-0.01,-1,-1,-0.01,-1,-1,-0.01,-1,-1,-0.01,-1,-1,-0.01,-1,-1,-0.01,-1,-1,-0.01,-1,-1
99926009,2026-05-18 10:10:43+05:30,52885.15,0,0.0,0,0.0,0.0,53282.15,53308.4,52783.45,53710.35,0,0.0,0.0,0.0,0.0,-0.01,-1,-1,-0.01,-1,-1,-0.01,-1,-1,-0.01,-1,-1,-0.01,-1,-1,-0.01,-1,-1,-0.01,-1,-1,-0.01,-1,-1,-0.01,-1,-1,-0.01,-1,-1
99926009,2026-05-18 10:10:43+05:30,52886.8,0,0.0,0,0.0,0.0,53282.15,53308.4,52783.45,53710.35,0,0.0,0.0,0.0,0.0,-0.01,-1,-1,-0.01,-1,-1,-0.01,-1,-1,-0.01,-1,-1,-0.01,-1,-1,-0.01,-1,-1,-0.01,-1,-1,-0.01,-1,-1,-0.01,-1,-1,-0.01,-1,-1
99926009,2026-05-18 10:10:44+05:30,52885.9,0,0.0,0,0.0,0.0,53282.15,53308.4,52783.45,53710.35,0,0.0,0.0,0.0,0.0,-0.01,-1,-1,-0.01,-1,-1,-0.01,-1,-1,-0.01,-1,-1,-0.01,-1,-1,-0.01,-1,-1,-0.01,-1,-1,-0.01,-1,-1,-0.01,-1,-1,-0.01,-1,-1
99926009,2026-05-18 10:10:44+05:30,52883.55,0,0.0,0,0.0,0.0,53282.15,53308.4,52783.45,53710.35,0,0.0,0.0,0.0,0.0,-0.01,-1,-1,-0.01,-1,-1,-0.01,-1,-1,-0.01,-1,-1,-0.01,-1,-1,-0.01,-1,-1,-0.01,-1,-1,-0.01,-1,-1,-0.01,-1,-1,-0.01,-1,-1
99926009,2026-05-18 10:10:45+05:30,52885.95,0,0.0,0,0.0,0.0,53282.15,53308.4,52783.45,53710.35,0,0.0,0.0,0.0,0.0,-0.01,-1,-1,-0.01,-1,-1,-0.01,-1,-1,-0.01,-1,-1,-0.01,-1,-1,-0.01,-1,-1,-0.01,-1,-1,-0.01,-1,-1,-0.01,-1,-1,-0.01,-1,-1
99926009,2026-05-18 10:10:45+05:30,52885.25,0,0.0,0,0.0,0.0,53282.15,53308.4,52783.45,53710.35,0,0.0,0.0,0.0,0.0,-0.01,-1,-1,-0.01,-1,-1,-0.01,-1,-1,-0.01,-1,-1,-0.01,-1,-1,-0.01,-1,-1,-0.01,-1,-1,-0.01,-1,-1,-0.01,-1,-1,-0.01,-1,-1
99926009,2026-05-18 10:10:46+05:30,52885.35,0,0.0,0,0.0,0.0,53282.15,53308.4,52783.45,53710.35,0,0.0,0.0,0.0,0.0,-0.01,-1,-1,-0.01,-1,-1,-0.01,-1,-1,-0.01,-1,-1,-0.01,-1,-1,-0.01,-1,-1,-0.01,-1,-1,-0.01,-1,-1,-0.01,-1,-1,-0.01,-1,-1
99926009,2026-05-18 10:10:46+05:30,52881.8,0,0.0,0,0.0,0.0,53282.15,53308.4,52783.45,53710.35,0,0.0,0.0,0.0,0.0,-0.01,-1,-1,-0.01,-1,-1,-0.01,-1,-1,-0.01,-1,-1,-0.01,-1,-1,-0.01,-1,-1,-0.01,-1,-1,-0.01,-1,-1,-0.01,-1,-1,-0.01,-1,-1
99926009,2026-05-18 10:10:47+05:30,52880.8,0,0.0,0,0.0,0.0,53282.15,53308.4,52783.45,53710.35,0,0.0,0.0,0.0,0.0,-0.01,-1,-1,-0.01,-1,-1,-0.01,-1,-1,-0.01,-1,-1,-0.01,-1,-1,-0.01,-1,-1,-0.01,-1,-1,-0.01,-1,-1,-0.01,-1,-1,-0.01,-1,-1
99926009,2026-05-18 10:10:47+05:30,52881.55,0,0.0,0,0.0,0.0,53282.15,53308.4,52783.45,53710.35,0,0.0,0.0,0.0,0.0,-0.01,-1,-1,-0.01,-1,-1,-0.01,-1,-1,-0.01,-1,-1,-0.01,-1,-1,-0.01,-1,-1,-0.01,-1,-1,-0.01,-1,-1,-0.01,-1,-1,-0.01,-1,-1
99926009,2026-05-18 10:10:48+05:30,52880.4,0,0.0,0,0.0,0.0,53282.15,53308.4,52783.45,53710.35,0,0.0,0.0,0.0,0.0,-0.01,-1,-1,-0.01,-1,-1,-0.01,-1,-1,-0.01,-1,-1,-0.01,-1,-1,-0.01,-1,-1,-0.01,-1,-1,-0.01,-1,-1,-0.01,-1,-1,-0.01,-1,-1
99926009,2026-05-18 10:10:48+05:30,52882.3,0,0.0,0,0.0,0.0,53282.15,53308.4,52783.45,53710.35,0,0.0,0.0,0.0,0.0,-0.01,-1,-1,-0.01,-1,-1,-0.01,-1,-1,-0.01,-1,-1,-0.01,-1,-1,-0.01,-1,-1,-0.01,-1,-1,-0.01,-1,-1,-0.01,-1,-1,-0.01,-1,-1
99926009,2026-05-18 10:10:49+05:30,52884.9,0,0.0,0,0.0,0.0,53282.15,53308.4,52783.45,53710.35,0,0.0,0.0,0.0,0.0,-0.01,-1,-1,-0.01,-1,-1,-0.01,-1,-1,-0.01,-1,-1,-0.01,-1,-1,-0.01,-1,-1,-0.01,-1,-1,-0.01,-1,-1,-0.01,-1,-1,-0.01,-1,-1
99926009,2026-05-18 10:10:49+05:30,52883.8,0,0.0,0,0.0,0.0,53282.15,53308.4,52783.45,53710.35,0,0.0,0.0,0.0,0.0,-0.01,-1,-1,-0.01,-1,-1,-0.01,-1,-1,-0.01,-1,-1,-0.01,-1,-1,-0.01,-1,-1,-0.01,-1,-1,-0.01,-1,-1,-0.01,-1,-1,-0.01,-1,-1
99926009,2026-05-18 10:10:50+05:30,52879.95,0,0.0,0,0.0,0.0,53282.15,53308.4,52783.45,53710.35,0,0.0,0.0,0.0,0.0,-0.01,-1,-1,-0.01,-1,-1,-0.01,-1,-1,-0.01,-1,-1,-0.01,-1,-1,-0.01,-1,-1,-0.01,-1,-1,-0.01,-1,-1,-0.01,-1,-1,-0.01,-1,-1
99926009,2026-05-18 10:10:50+05:30,52882.4,0,0.0,0,0.0,0.0,53282.15,53308.4,52783.45,53710.35,0,0.0,0.0,0.0,0.0,-0.01,-1,-1,-0.01,-1,-1,-0.01,-1,-1,-0.01,-1,-1,-0.01,-1,-1,-0.01,-1,-1,-0.01,-1,-1,-0.01,-1,-1,-0.01,-1,-1,-0.01,-1,-1
99926009,2026-05-18 10:10:51+05:30,52877.2,0,0.0,0,0.0,0.0,53282.15,53308.4,52783.45,53710.35,0,0.0,0.0,0.0,0.0,-0.01,-1,-1,-0.01,-1,-1,-0.01,-1,-1,-0.01,-1,-1,-0.01,-1,-1,-0.01,-1,-1,-0.01,-1,-1,-0.01,-1,-1,-0.01,-1,-1,-0.01,-1,-1
99926009,2026-05-18 10:10:51+05:30,52878.8,0,0.0,0,0.0,0.0,53282.15,53308.4,52783.45,53710.35,0,0.0,0.0,0.0,0.0,-0.01,-1,-1,-0.01,-1,-1,-0.01,-1,-1,-0.01,-1,-1,-0.01,-1,-1,-0.01,-1,-1,-0.01,-1,-1,-0.01,-1,-1,-0.01,-1,-1,-0.01,-1,-1
99926009,2026-05-18 10:10:52+05:30,52877.35,0,0.0,0,0.0,0.0,53282.15,53308.4,52783.45,53710.35,0,0.0,0.0,0.0,0.0,-0.01,-1,-1,-0.01,-1,-1,-0.01,-1,-1,-0.01,-1,-1,-0.01,-1,-1,-0.01,-1,-1,-0.01,-1,-1,-0.01,-1,-1,-0.01,-1,-1,-0.01,-1,-1
99926009,2026-05-18 10:10:52+05:30,52874.3,0,0.0,0,0.0,0.0,53282.15,53308.4,52783.45,53710.35,0,0.0,0.0,0.0,0.0,-0.01,-1,-1,-0.01,-1,-1,-0.01,-1,-1,-0.01,-1,-1,-0.01,-1,-1,-0.01,-1,-1,-0.01,-1,-1,-0.01,-1,-1,-0.01,-1,-1,-0.01,-1,-1
99926009,2026-05-18 10:10:53+05:30,52878.15,0,0.0,0,0.0,0.0,53282.15,53308.4,52783.45,53710.35,0,0.0,0.0,0.0,0.0,-0.01,-1,-1,-0.01,-1,-1,-0.01,-1,-1,-0.01,-1,-1,-0.01,-1,-1,-0.01,-1,-1,-0.01,-1,-1,-0.01,-1,-1,-0.01,-1,-1,-0.01,-1,-1
99926009,2026-05-18 10:10:53+05:30,52875.9,0,0.0,0,0.0,0.0,53282.15,53308.4,52783.45,53710.35,0,0.0,0.0,0.0,0.0,-0.01,-1,-1,-0.01,-1,-1,-0.01,-1,-1,-0.01,-1,-1,-0.01,-1,-1,-0.01,-1,-1,-0.01,-1,-1,-0.01,-1,-1,-0.01,-1,-1,-0.01,-1,-1
99926009,2026-05-18 10:10:54+05:30,52875.4,0,0.0,0,0.0,0.0,53282.15,53308.4,52783.45,53710.35,0,0.0,0.0,0.0,0.0,-0.01,-1,-1,-0.01,-1,-1,-0.01,-1,-1,-0.01,-1,-1,-0.01,-1,-1,-0.01,-1,-1,-0.01,-1,-1,-0.01,-1,-1,-0.01,-1,-1,-0.01,-1,-1
99926009,2026-05-18 10:10:54+05:30,52874.85,0,0.0,0,0.0,0.0,53282.15,53308.4,52783.45,53710.35,0,0.0,0.0,0.0,0.0,-0.01,-1,-1,-0.01,-1,-1,-0.01,-1,-1,-0.01,-1,-1,-0.01,-1,-1,-0.01,-1,-1,-0.01,-1,-1,-0.01,-1,-1,-0.01,-1,-1,-0.01,-1,-1
99926009,2026-05-18 10:10:55+05:30,52881.35,0,0.0,0,0.0,0.0,53282.15,53308.4,52783.45,53710.35,0,0.0,0.0,0.0,0.0,-0.01,-1,-1,-0.01,-1,-1,-0.01,-1,-1,-0.01,-1,-1,-0.01,-1,-1,-0.01,-1,-1,-0.01,-1,-1,-0.01,-1,-1,-0.01,-1,-1,-0.01,-1,-1
99926009,2026-05-18 10:10:55+05:30,52876.25,0,0.0,0,0.0,0.0,53282.15,53308.4,52783.45,53710.35,0,0.0,0.0,0.0,0.0,-0.01,-1,-1,-0.01,-1,-1,-0.01,-1,-1,-0.01,-1,-1,-0.01,-1,-1,-0.01,-1,-1,-0.01,-1,-1,-0.01,-1,-1,-0.01,-1,-1,-0.01,-1,-1
99926009,2026-05-18 10:10:56+05:30,52869.75,0,0.0,0,0.0,0.0,53282.15,53308.4,52783.45,53710.35,0,0.0,0.0,0.0,0.0,-0.01,-1,-1,-0.01,-1,-1,-0.01,-1,-1,-0.01,-1,-1,-0.01,-1,-1,-0.01,-1,-1,-0.01,-1,-1,-0.01,-1,-1,-0.01,-1,-1,-0.01,-1,-1
99926009,2026-05-18 10:10:56+05:30,52874.15,0,0.0,0,0.0,0.0,53282.15,53308.4,52783.45,53710.35,0,0.0,0.0,0.0,0.0,-0.01,-1,-1,-0.01,-1,-1,-0.01,-1,-1,-0.01,-1,-1,-0.01,-1,-1,-0.01,-1,-1,-0.01,-1,-1,-0.01,-1,-1,-0.01,-1,-1,-0.01,-1,-1
99926009,2026-05-18 10:10:57+05:30,52873.2,0,0.0,0,0.0,0.0,53282.15,53308.4,52783.45,53710.35,0,0.0,0.0,0.0,0.0,-0.01,-1,-1,-0.01,-1,-1,-0.01,-1,-1,-0.01,-1,-1,-0.01,-1,-1,-0.01,-1,-1,-0.01,-1,-1,-0.01,-1,-1,-0.01,-1,-1,-0.01,-1,-1
99926009,2026-05-18 10:10:57+05:30,52869.1,0,0.0,0,0.0,0.0,53282.15,53308.4,52783.45,53710.35,0,0.0,0.0,0.0,0.0,-0.01,-1,-1,-0.01,-1,-1,-0.01,-1,-1,-0.01,-1,-1,-0.01,-1,-1,-0.01,-1,-1,-0.01,-1,-1,-0.01,-1,-1,-0.01,-1,-1,-0.01,-1,-1
99926009,2026-05-18 10:10:58+05:30,52874.2,0,0.0,0,0.0,0.0,53282.15,53308.4,52783.45,53710.35,0,0.0,0.0,0.0,0.0,-0.01,-1,-1,-0.01,-1,-1,-0.01,-1,-1,-0.01,-1,-1,-0.01,-1,-1,-0.01,-1,-1,-0.01,-1,-1,-0.01,-1,-1,-0.01,-1,-1,-0.01,-1,-1
99926009,2026-05-18 10:10:58+05:30,52873.05,0,0.0,0,0.0,0.0,53282.15,53308.4,52783.45,53710.35,0,0.0,0.0,0.0,0.0,-0.01,-1,-1,-0.01,-1,-1,-0.01,-1,-1,-0.01,-1,-1,-0.01,-1,-1,-0.01,-1,-1,-0.01,-1,-1,-0.01,-1,-1,-0.01,-1,-1,-0.01,-1,-1
99926009,2026-05-18 10:10:59+05:30,52873.9,0,0.0,0,0.0,0.0,53282.15,53308.4,52783.45,53710.35,0,0.0,0.0,0.0,0.0,-0.01,-1,-1,-0.01,-1,-1,-0.01,-1,-1,-0.01,-1,-1,-0.01,-1,-1,-0.01,-1,-1,-0.01,-1,-1,-0.01,-1,-1,-0.01,-1,-1,-0.01,-1,-1
99926009,2026-05-18 10:10:59+05:30,52871.4,0,0.0,0,0.0,0.0,53282.15,53308.4,52783.45,53710.35,0,0.0,0.0,0.0,0.0,-0.01,-1,-1,-0.01,-1,-1,-0.01,-1,-1,-0.01,-1,-1,-0.01,-1,-1,-0.01,-1,-1,-0.01,-1,-1,-0.01,-1,-1,-0.01,-1,-1,-0.01,-1,-1
99926009,2026-05-18 10:11:00+05:30,52870.65,0,0.0,0,0.0,0.0,53282.15,53308.4,52783.45,53710.35,0,0.0,0.0,0.0,0.0,-0.01,-1,-1,-0.01,-1,-1,-0.01,-1,-1,-0.01,-1,-1,-0.01,-1,-1,-0.01,-1,-1,-0.01,-1,-1,-0.01,-1,-1,-0.01,-1,-1,-0.01,-1,-1
99926009,2026-05-18 10:11:00+05:30,52872.85,0,0.0,0,0.0,0.0,53282.15,53308.4,52783.45,53710.35,0,0.0,0.0,0.0,0.0,-0.01,-1,-1,-0.01,-1,-1,-0.01,-1,-1,-0.01,-1,-1,-0.01,-1,-1,-0.01,-1,-1,-0.01,-1,-1,-0.01,-1,-1,-0.01,-1,-1,-0.01,-1,-1
99926009,2026-05-18 10:11:01+05:30,52874.95,0,0.0,0,0.0,0.0,53282.15,53308.4,52783.45,53710.35,0,0.0,0.0,0.0,0.0,-0.01,-1,-1,-0.01,-1,-1,-0.01,-1,-1,-0.01,-1,-1,-0.01,-1,-1,-0.01,-1,-1,-0.01,-1,-1,-0.01,-1,-1,-0.01,-1,-1,-0.01,-1,-1
99926009,2026-05-18 10:11:01+05:30,52874.0,0,0.0,0,0.0,0.0,53282.15,53308.4,52783.45,53710.35,0,0.0,0.0,0.0,0.0,-0.01,-1,-1,-0.01,-1,-1,-0.01,-1,-1,-0.01,-1,-1,-0.01,-1,-1,-0.01,-1,-1,-0.01,-1,-1,-0.01,-1,-1,-0.01,-1,-1,-0.01,-1,-1
99926009,2026-05-18 10:11:02+05:30,52876.9,0,0.0,0,0.0,0.0,53282.15,53308.4,52783.45,53710.35,0,0.0,0.0,0.0,0.0,-0.01,-1,-1,-0.01,-1,-1,-0.01,-1,-1,-0.01,-1,-1,-0.01,-1,-1,-0.01,-1,-1,-0.01,-1,-1,-0.01,-1,-1,-0.01,-1,-1,-0.01,-1,-1
99926009,2026-05-18 10:11:02+05:30,52871.85,0,0.0,0,0.0,0.0,53282.15,53308.4,52783.45,53710.35,0,0.0,0.0,0.0,0.0,-0.01,-1,-1,-0.01,-1,-1,-0.01,-1,-1,-0.01,-1,-1,-0.01,-1,-1,-0.01,-1,-1,-0.01,-1,-1,-0.01,-1,-1,-0.01,-1,-1,-0.01,-1,-1
99926009,2026-05-18 10:11:03+05:30,52870.05,0,0.0,0,0.0,0.0,53282.15,53308.4,52783.45,53710.35,0,0.0,0.0,0.0,0.0,-0.01,-1,-1,-0.01,-1,-1,-0.01,-1,-1,-0.01,-1,-1,-0.01,-1,-1,-0.01,-1,-1,-0.01,-1,-1,-0.01,-1,-1,-0.01,-1,-1,-0.01,-1,-1
99926009,2026-05-18 10:11:03+05:30,52874.05,0,0.0,0,0.0,0.0,53282.15,53308.4,52783.45,53710.35,0,0.0,0.0,0.0,0.0,-0.01,-1,-1,-0.01,-1,-1,-0.01,-1,-1,-0.01,-1,-1,-0.01,-1,-1,-0.01,-1,-1,-0.01,-1,-1,-0.01,-1,-1,-0.01,-1,-1,-0.01,-1,-1
99926009,2026-05-18 10:11:04+05:30,52875.95,0,0.0,0,0.0,0.0,53282.15,53308.4,52783.45,53710.35,0,0.0,0.0,0.0,0.0,-0.01,-1,-1,-0.01,-1,-1,-0.01,-1,-1,-0.01,-1,-1,-0.01,-1,-1,-0.01,-1,-1,-0.01,-1,-1,-0.01,-1,-1,-0.01,-1,-1,-0.01,-1,-1
99926009,2026-05-18 10:11:04+05:30,52873.1,0,0.0,0,0.0,0.0,53282.15,53308.4,52783.45,53710.35,0,0.0,0.0,0.0,0.0,-0.01,-1,-1,-0.01,-1,-1,-0.01,-1,-1,-0.01,-1,-1,-0.01,-1,-1,-0.01,-1,-1,-0.01,-1,-1,-0.01,-1,-1,-0.01,-1,-1,-0.01,-1,-1
99926009,2026-05-18 10:11:05+05:30,52871.75,0,0.0,0,0.0,0.0,53282.15,53308.4,52783.45,53710.35,0,0.0,0.0,0.0,0.0,-0.01,-1,-1,-0.01,-1,-1,-0.01,-1,-1,-0.01,-1,-1,-0.01,-1,-1,-0.01,-1,-1,-0.01,-1,-1,-0.01,-1,-1,-0.01,-1,-1,-0.01,-1,-1
99926009,2026-05-18 10:11:05+05:30,52874.1,0,0.0,0,0.0,0.0,53282.15,53308.4,52783.45,53710.35,0,0.0,0.0,0.0,0.0,-0.01,-1,-1,-0.01,-1,-1,-0.01,-1,-1,-0.01,-1,-1,-0.01,-1,-1,-0.01,-1,-1,-0.01,-1,-1,-0.01,-1,-1,-0.01,-1,-1,-0.01,-1,-1
99926009,2026-05-18 10:11:06+05:30,52872.55,0,0.0,0,0.0,0.0,53282.15,53308.4,52783.45,53710.35,0,0.0,0.0,0.0,0.0,-0.01,-1,-1,-0.01,-1,-1,-0.01,-1,-1,-0.01,-1,-1,-0.01,-1,-1,-0.01,-1,-1,-0.01,-1,-1,-0.01,-1,-1,-0.01,-1,-1,-0.01,-1,-1
99926009,2026-05-18 10:11:06+05:30,52868.5,0,0.0,0,0.0,0.0,53282.15,53308.4,52783.45,53710.35,0,0.0,0.0,0.0,0.0,-0.01,-1,-1,-0.01,-1,-1,-0.01,-1,-1,-0.01,-1,-1,-0.01,-1,-1,-0.01,-1,-1,-0.01,-1,-1,-0.01,-1,-1,-0.01,-1,-1,-0.01,-1,-1
99926009,2026-05-18 10:11:07+05:30,52868.4,0,0.0,0,0.0,0.0,53282.15,53308.4,52783.45,53710.35,0,0.0,0.0,0.0,0.0,-0.01,-1,-1,-0.01,-1,-1,-0.01,-1,-1,-0.01,-1,-1,-0.01,-1,-1,-0.01,-1,-1,-0.01,-1,-1,-0.01,-1,-1,-0.01,-1,-1,-0.01,-1,-1
99926009,2026-05-18 10:11:07+05:30,52865.9,0,0.0,0,0.0,0.0,53282.15,53308.4,52783.45,53710.35,0,0.0,0.0,0.0,0.0,-0.01,-1,-1,-0.01,-1,-1,-0.01,-1,-1,-0.01,-1,-1,-0.01,-1,-1,-0.01,-1,-1,-0.01,-1,-1,-0.01,-1,-1,-0.01,-1,-1,-0.01,-1,-1
99926009,2026-05-18 10:11:08+05:30,52863.4,0,0.0,0,0.0,0.0,53282.15,53308.4,52783.45,53710.35,0,0.0,0.0,0.0,0.0,-0.01,-1,-1,-0.01,-1,-1,-0.01,-1,-1,-0.01,-1,-1,-0.01,-1,-1,-0.01,-1,-1,-0.01,-1,-1,-0.01,-1,-1,-0.01,-1,-1,-0.01,-1,-1
99926009,2026-05-18 10:11:08+05:30,52863.7,0,0.0,0,0.0,0.0,53282.15,53308.4,52783.45,53710.35,0,0.0,0.0,0.0,0.0,-0.01,-1,-1,-0.01,-1,-1,-0.01,-1,-1,-0.01,-1,-1,-0.01,-1,-1,-0.01,-1,-1,-0.01,-1,-1,-0.01,-1,-1,-0.01,-1,-1,-0.01,-1,-1
99926009,2026-05-18 10:11:09+05:30,52872.1,0,0.0,0,0.0,0.0,53282.15,53308.4,52783.45,53710.35,0,0.0,0.0,0.0,0.0,-0.01,-1,-1,-0.01,-1,-1,-0.01,-1,-1,-0.01,-1,-1,-0.01,-1,-1,-0.01,-1,-1,-0.01,-1,-1,-0.01,-1,-1,-0.01,-1,-1,-0.01,-1,-1
99926009,2026-05-18 10:11:09+05:30,52870.3,0,0.0,0,0.0,0.0,53282.15,53308.4,52783.45,53710.35,0,0.0,0.0,0.0,0.0,-0.01,-1,-1,-0.01,-1,-1,-0.01,-1,-1,-0.01,-1,-1,-0.01,-1,-1,-0.01,-1,-1,-0.01,-1,-1,-0.01,-1,-1,-0.01,-1,-1,-0.01,-1,-1
99926009,2026-05-18 10:11:10+05:30,52872.15,0,0.0,0,0.0,0.0,53282.15,53308.4,52783.45,53710.35,0,0.0,0.0,0.0,0.0,-0.01,-1,-1,-0.01,-1,-1,-0.01,-1,-1,-0.01,-1,-1,-0.01,-1,-1,-0.01,-1,-1,-0.01,-1,-1,-0.01,-1,-1,-0.01,-1,-1,-0.01,-1,-1
99926009,2026-05-18 10:11:10+05:30,52869.25,0,0.0,0,0.0,0.0,53282.15,53308.4,52783.45,53710.35,0,0.0,0.0,0.0,0.0,-0.01,-1,-1,-0.01,-1,-1,-0.01,-1,-1,-0.01,-1,-1,-0.01,-1,-1,-0.01,-1,-1,-0.01,-1,-1,-0.01,-1,-1,-0.01,-1,-1,-0.01,-1,-1
99926009,2026-05-18 10:11:11+05:30,52869.75,0,0.0,0,0.0,0.0,53282.15,53308.4,52783.45,53710.35,0,0.0,0.0,0.0,0.0,-0.01,-1,-1,-0.01,-1,-1,-0.01,-1,-1,-0.01,-1,-1,-0.01,-1,-1,-0.01,-1,-1,-0.01,-1,-1,-0.01,-1,-1,-0.01,-1,-1,-0.01,-1,-1
99926009,2026-05-18 10:11:11+05:30,52867.65,0,0.0,0,0.0,0.0,53282.15,53308.4,52783.45,53710.35,0,0.0,0.0,0.0,0.0,-0.01,-1,-1,-0.01,-1,-1,-0.01,-1,-1,-0.01,-1,-1,-0.01,-1,-1,-0.01,-1,-1,-0.01,-1,-1,-0.01,-1,-1,-0.01,-1,-1,-0.01,-1,-1
99926009,2026-05-18 10:11:12+05:30,52867.55,0,0.0,0,0.0,0.0,53282.15,53308.4,52783.45,53710.35,0,0.0,0.0,0.0,0.0,-0.01,-1,-1,-0.01,-1,-1,-0.01,-1,-1,-0.01,-1,-1,-0.01,-1,-1,-0.01,-1,-1,-0.01,-1,-1,-0.01,-1,-1,-0.01,-1,-1,-0.01,-1,-1
99926009,2026-05-18 10:11:12+05:30,52869.2,0,0.0,0,0.0,0.0,53282.15,53308.4,52783.45,53710.35,0,0.0,0.0,0.0,0.0,-0.01,-1,-1,-0.01,-1,-1,-0.01,-1,-1,-0.01,-1,-1,-0.01,-1,-1,-0.01,-1,-1,-0.01,-1,-1,-0.01,-1,-1,-0.01,-1,-1,-0.01,-1,-1
99926009,2026-05-18 10:11:13+05:30,52870.45,0,0.0,0,0.0,0.0,53282.15,53308.4,52783.45,53710.35,0,0.0,0.0,0.0,0.0,-0.01,-1,-1,-0.01,-1,-1,-0.01,-1,-1,-0.01,-1,-1,-0.01,-1,-1,-0.01,-1,-1,-0.01,-1,-1,-0.01,-1,-1,-0.01,-1,-1,-0.01,-1,-1
99926009,2026-05-18 10:11:13+05:30,52869.05,0,0.0,0,0.0,0.0,53282.15,53308.4,52783.45,53710.35,0,0.0,0.0,0.0,0.0,-0.01,-1,-1,-0.01,-1,-1,-0.01,-1,-1,-0.01,-1,-1,-0.01,-1,-1,-0.01,-1,-1,-0.01,-1,-1,-0.01,-1,-1,-0.01,-1,-1,-0.01,-1,-1
99926009,2026-05-18 10:11:14+05:30,52868.75,0,0.0,0,0.0,0.0,53282.15,53308.4,52783.45,53710.35,0,0.0,0.0,0.0,0.0,-0.01,-1,-1,-0.01,-1,-1,-0.01,-1,-1,-0.01,-1,-1,-0.01,-1,-1,-0.01,-1,-1,-0.01,-1,-1,-0.01,-1,-1,-0.01,-1,-1,-0.01,-1,-1
99926009,2026-05-18 10:11:14+05:30,52871.7,0,0.0,0,0.0,0.0,53282.15,53308.4,52783.45,53710.35,0,0.0,0.0,0.0,0.0,-0.01,-1,-1,-0.01,-1,-1,-0.01,-1,-1,-0.01,-1,-1,-0.01,-1,-1,-0.01,-1,-1,-0.01,-1,-1,-0.01,-1,-1,-0.01,-1,-1,-0.01,-1,-1
99926009,2026-05-18 10:11:15+05:30,52876.45,0,0.0,0,0.0,0.0,53282.15,53308.4,52783.45,53710.35,0,0.0,0.0,0.0,0.0,-0.01,-1,-1,-0.01,-1,-1,-0.01,-1,-1,-0.01,-1,-1,-0.01,-1,-1,-0.01,-1,-1,-0.01,-1,-1,-0.01,-1,-1,-0.01,-1,-1,-0.01,-1,-1
99926009,2026-05-18 10:11:15+05:30,52873.2,0,0.0,0,0.0,0.0,53282.15,53308.4,52783.45,53710.35,0,0.0,0.0,0.0,0.0,-0.01,-1,-1,-0.01,-1,-1,-0.01,-1,-1,-0.01,-1,-1,-0.01,-1,-1,-0.01,-1,-1,-0.01,-1,-1,-0.01,-1,-1,-0.01,-1,-1,-0.01,-1,-1
99926009,2026-05-18 10:11:16+05:30,52874.25,0,0.0,0,0.0,0.0,53282.15,53308.4,52783.45,53710.35,0,0.0,0.0,0.0,0.0,-0.01,-1,-1,-0.01,-1,-1,-0.01,-1,-1,-0.01,-1,-1,-0.01,-1,-1,-0.01,-1,-1,-0.01,-1,-1,-0.01,-1,-1,-0.01,-1,-1,-0.01,-1,-1
99926009,2026-05-18 10:11:16+05:30,52871.4,0,0.0,0,0.0,0.0,53282.15,53308.4,52783.45,53710.35,0,0.0,0.0,0.0,0.0,-0.01,-1,-1,-0.01,-1,-1,-0.01,-1,-1,-0.01,-1,-1,-0.01,-1,-1,-0.01,-1,-1,-0.01,-1,-1,-0.01,-1,-1,-0.01,-1,-1,-0.01,-1,-1
99926009,2026-05-18 10:11:17+05:30,52873.15,0,0.0,0,0.0,0.0,53282.15,53308.4,52783.45,53710.35,0,0.0,0.0,0.0,0.0,-0.01,-1,-1,-0.01,-1,-1,-0.01,-1,-1,-0.01,-1,-1,-0.01,-1,-1,-0.01,-1,-1,-0.01,-1,-1,-0.01,-1,-1,-0.01,-1,-1,-0.01,-1,-1
99926009,2026-05-18 10:11:17+05:30,52870.75,0,0.0,0,0.0,0.0,53282.15,53308.4,52783.45,53710.35,0,0.0,0.0,0.0,0.0,-0.01,-1,-1,-0.01,-1,-1,-0.01,-1,-1,-0.01,-1,-1,-0.01,-1,-1,-0.01,-1,-1,-0.01,-1,-1,-0.01,-1,-1,-0.01,-1,-1,-0.01,-1,-1
99926009,2026-05-18 10:11:18+05:30,52872.0,0,0.0,0,0.0,0.0,53282.15,53308.4,52783.45,53710.35,0,0.0,0.0,0.0,0.0,-0.01,-1,-1,-0.01,-1,-1,-0.01,-1,-1,-0.01,-1,-1,-0.01,-1,-1,-0.01,-1,-1,-0.01,-1,-1,-0.01,-1,-1,-0.01,-1,-1,-0.01,-1,-1
99926009,2026-05-18 10:11:18+05:30,52865.7,0,0.0,0,0.0,0.0,53282.15,53308.4,52783.45,53710.35,0,0.0,0.0,0.0,0.0,-0.01,-1,-1,-0.01,-1,-1,-0.01,-1,-1,-0.01,-1,-1,-0.01,-1,-1,-0.01,-1,-1,-0.01,-1,-1,-0.01,-1,-1,-0.01,-1,-1,-0.01,-1,-1
99926009,2026-05-18 10:11:19+05:30,52867.3,0,0.0,0,0.0,0.0,53282.15,53308.4,52783.45,53710.35,0,0.0,0.0,0.0,0.0,-0.01,-1,-1,-0.01,-1,-1,-0.01,-1,-1,-0.01,-1,-1,-0.01,-1,-1,-0.01,-1,-1,-0.01,-1,-1,-0.01,-1,-1,-0.01,-1,-1,-0.01,-1,-1
99926009,2026-05-18 10:11:19+05:30,52872.35,0,0.0,0,0.0,0.0,53282.15,53308.4,52783.45,53710.35,0,0.0,0.0,0.0,0.0,-0.01,-1,-1,-0.01,-1,-1,-0.01,-1,-1,-0.01,-1,-1,-0.01,-1,-1,-0.01,-1,-1,-0.01,-1,-1,-0.01,-1,-1,-0.01,-1,-1,-0.01,-1,-1
99926009,2026-05-18 10:11:20+05:30,52868.9,0,0.0,0,0.0,0.0,53282.15,53308.4,52783.45,53710.35,0,0.0,0.0,0.0,0.0,-0.01,-1,-1,-0.01,-1,-1,-0.01,-1,-1,-0.01,-1,-1,-0.01,-1,-1,-0.01,-1,-1,-0.01,-1,-1,-0.01,-1,-1,-0.01,-1,-1,-0.01,-1,-1
99926009,2026-05-18 10:11:20+05:30,52869.9,0,0.0,0,0.0,0.0,53282.15,53308.4,52783.45,53710.35,0,0.0,0.0,0.0,0.0,-0.01,-1,-1,-0.01,-1,-1,-0.01,-1,-1,-0.01,-1,-1,-0.01,-1,-1,-0.01,-1,-1,-0.01,-1,-1,-0.01,-1,-1,-0.01,-1,-1,-0.01,-1,-1
99926009,2026-05-18 10:11:21+05:30,52870.6,0,0.0,0,0.0,0.0,53282.15,53308.4,52783.45,53710.35,0,0.0,0.0,0.0,0.0,-0.01,-1,-1,-0.01,-1,-1,-0.01,-1,-1,-0.01,-1,-1,-0.01,-1,-1,-0.01,-1,-1,-0.01,-1,-1,-0.01,-1,-1,-0.01,-1,-1,-0.01,-1,-1
99926009,2026-05-18 10:11:21+05:30,52871.9,0,0.0,0,0.0,0.0,53282.15,53308.4,52783.45,53710.35,0,0.0,0.0,0.0,0.0,-0.01,-1,-1,-0.01,-1,-1,-0.01,-1,-1,-0.01,-1,-1,-0.01,-1,-1,-0.01,-1,-1,-0.01,-1,-1,-0.01,-1,-1,-0.01,-1,-1,-0.01,-1,-1
99926009,2026-05-18 10:11:22+05:30,52867.1,0,0.0,0,0.0,0.0,53282.15,53308.4,52783.45,53710.35,0,0.0,0.0,0.0,0.0,-0.01,-1,-1,-0.01,-1,-1,-0.01,-1,-1,-0.01,-1,-1,-0.01,-1,-1,-0.01,-1,-1,-0.01,-1,-1,-0.01,-1,-1,-0.01,-1,-1,-0.01,-1,-1
99926009,2026-05-18 10:11:22+05:30,52872.75,0,0.0,0,0.0,0.0,53282.15,53308.4,52783.45,53710.35,0,0.0,0.0,0.0,0.0,-0.01,-1,-1,-0.01,-1,-1,-0.01,-1,-1,-0.01,-1,-1,-0.01,-1,-1,-0.01,-1,-1,-0.01,-1,-1,-0.01,-1,-1,-0.01,-1,-1,-0.01,-1,-1
99926009,2026-05-18 10:11:23+05:30,52869.45,0,0.0,0,0.0,0.0,53282.15,53308.4,52783.45,53710.35,0,0.0,0.0,0.0,0.0,-0.01,-1,-1,-0.01,-1,-1,-0.01,-1,-1,-0.01,-1,-1,-0.01,-1,-1,-0.01,-1,-1,-0.01,-1,-1,-0.01,-1,-1,-0.01,-1,-1,-0.01,-1,-1
99926009,2026-05-18 10:11:23+05:30,52872.55,0,0.0,0,0.0,0.0,53282.15,53308.4,52783.45,53710.35,0,0.0,0.0,0.0,0.0,-0.01,-1,-1,-0.01,-1,-1,-0.01,-1,-1,-0.01,-1,-1,-0.01,-1,-1,-0.01,-1,-1,-0.01,-1,-1,-0.01,-1,-1,-0.01,-1,-1,-0.01,-1,-1
99926009,2026-05-18 10:11:24+05:30,52874.6,0,0.0,0,0.0,0.0,53282.15,53308.4,52783.45,53710.35,0,0.0,0.0,0.0,0.0,-0.01,-1,-1,-0.01,-1,-1,-0.01,-1,-1,-0.01,-1,-1,-0.01,-1,-1,-0.01,-1,-1,-0.01,-1,-1,-0.01,-1,-1,-0.01,-1,-1,-0.01,-1,-1
99926009,2026-05-18 10:11:24+05:30,52871.55,0,0.0,0,0.0,0.0,53282.15,53308.4,52783.45,53710.35,0,0.0,0.0,0.0,0.0,-0.01,-1,-1,-0.01,-1,-1,-0.01,-1,-1,-0.01,-1,-1,-0.01,-1,-1,-0.01,-1,-1,-0.01,-1,-1,-0.01,-1,-1,-0.01,-1,-1,-0.01,-1,-1
99926009,2026-05-18 10:11:25+05:30,52872.35,0,0.0,0,0.0,0.0,53282.15,53308.4,52783.45,53710.35,0,0.0,0.0,0.0,0.0,-0.01,-1,-1,-0.01,-1,-1,-0.01,-1,-1,-0.01,-1,-1,-0.01,-1,-1,-0.01,-1,-1,-0.01,-1,-1,-0.01,-1,-1,-0.01,-1,-1,-0.01,-1,-1
99926009,2026-05-18 10:11:25+05:30,52871.2,0,0.0,0,0.0,0.0,53282.15,53308.4,52783.45,53710.35,0,0.0,0.0,0.0,0.0,-0.01,-1,-1,-0.01,-1,-1,-0.01,-1,-1,-0.01,-1,-1,-0.01,-1,-1,-0.01,-1,-1,-0.01,-1,-1,-0.01,-1,-1,-0.01,-1,-1,-0.01,-1,-1
99926009,2026-05-18 10:11:26+05:30,52871.0,0,0.0,0,0.0,0.0,53282.15,53308.4,52783.45,53710.35,0,0.0,0.0,0.0,0.0,-0.01,-1,-1,-0.01,-1,-1,-0.01,-1,-1,-0.01,-1,-1,-0.01,-1,-1,-0.01,-1,-1,-0.01,-1,-1,-0.01,-1,-1,-0.01,-1,-1,-0.01,-1,-1
99926009,2026-05-18 10:11:26+05:30,52869.55,0,0.0,0,0.0,0.0,53282.15,53308.4,52783.45,53710.35,0,0.0,0.0,0.0,0.0,-0.01,-1,-1,-0.01,-1,-1,-0.01,-1,-1,-0.01,-1,-1,-0.01,-1,-1,-0.01,-1,-1,-0.01,-1,-1,-0.01,-1,-1,-0.01,-1,-1,-0.01,-1,-1
99926009,2026-05-18 10:11:27+05:30,52867.1,0,0.0,0,0.0,0.0,53282.15,53308.4,52783.45,53710.35,0,0.0,0.0,0.0,0.0,-0.01,-1,-1,-0.01,-1,-1,-0.01,-1,-1,-0.01,-1,-1,-0.01,-1,-1,-0.01,-1,-1,-0.01,-1,-1,-0.01,-1,-1,-0.01,-1,-1,-0.01,-1,-1
99926009,2026-05-18 10:11:27+05:30,52869.0,0,0.0,0,0.0,0.0,53282.15,53308.4,52783.45,53710.35,0,0.0,0.0,0.0,0.0,-0.01,-1,-1,-0.01,-1,-1,-0.01,-1,-1,-0.01,-1,-1,-0.01,-1,-1,-0.01,-1,-1,-0.01,-1,-1,-0.01,-1,-1,-0.01,-1,-1,-0.01,-1,-1
99926009,2026-05-18 10:11:28+05:30,52864.0,0,0.0,0,0.0,0.0,53282.15,53308.4,52783.45,53710.35,0,0.0,0.0,0.0,0.0,-0.01,-1,-1,-0.01,-1,-1,-0.01,-1,-1,-0.01,-1,-1,-0.01,-1,-1,-0.01,-1,-1,-0.01,-1,-1,-0.01,-1,-1,-0.01,-1,-1,-0.01,-1,-1
99926009,2026-05-18 10:11:28+05:30,52865.05,0,0.0,0,0.0,0.0,53282.15,53308.4,52783.45,53710.35,0,0.0,0.0,0.0,0.0,-0.01,-1,-1,-0.01,-1,-1,-0.01,-1,-1,-0.01,-1,-1,-0.01,-1,-1,-0.01,-1,-1,-0.01,-1,-1,-0.01,-1,-1,-0.01,-1,-1,-0.01,-1,-1
99926009,2026-05-18 10:11:29+05:30,52872.7,0,0.0,0,0.0,0.0,53282.15,53308.4,52783.45,53710.35,0,0.0,0.0,0.0,0.0,-0.01,-1,-1,-0.01,-1,-1,-0.01,-1,-1,-0.01,-1,-1,-0.01,-1,-1,-0.01,-1,-1,-0.01,-1,-1,-0.01,-1,-1,-0.01,-1,-1,-0.01,-1,-1
99926009,2026-05-18 10:11:29+05:30,52872.5,0,0.0,0,0.0,0.0,53282.15,53308.4,52783.45,53710.35,0,0.0,0.0,0.0,0.0,-0.01,-1,-1,-0.01,-1,-1,-0.01,-1,-1,-0.01,-1,-1,-0.01,-1,-1,-0.01,-1,-1,-0.01,-1,-1,-0.01,-1,-1,-0.01,-1,-1,-0.01,-1,-1
99926009,2026-05-18 10:11:30+05:30,52864.85,0,0.0,0,0.0,0.0,53282.15,53308.4,52783.45,53710.35,0,0.0,0.0,0.0,0.0,-0.01,-1,-1,-0.01,-1,-1,-0.01,-1,-1,-0.01,-1,-1,-0.01,-1,-1,-0.01,-1,-1,-0.01,-1,-1,-0.01,-1,-1,-0.01,-1,-1,-0.01,-1,-1
99926009,2026-05-18 10:11:30+05:30,52867.75,0,0.0,0,0.0,0.0,53282.15,53308.4,52783.45,53710.35,0,0.0,0.0,0.0,0.0,-0.01,-1,-1,-0.01,-1,-1,-0.01,-1,-1,-0.01,-1,-1,-0.01,-1,-1,-0.01,-1,-1,-0.01,-1,-1,-0.01,-1,-1,-0.01,-1,-1,-0.01,-1,-1
99926009,2026-05-18 10:11:31+05:30,52872.3,0,0.0,0,0.0,0.0,53282.15,53308.4,52783.45,53710.35,0,0.0,0.0,0.0,0.0,-0.01,-1,-1,-0.01,-1,-1,-0.01,-1,-1,-0.01,-1,-1,-0.01,-1,-1,-0.01,-1,-1,-0.01,-1,-1,-0.01,-1,-1,-0.01,-1,-1,-0.01,-1,-1
99926009,2026-05-18 10:11:31+05:30,52870.4,0,0.0,0,0.0,0.0,53282.15,53308.4,52783.45,53710.35,0,0.0,0.0,0.0,0.0,-0.01,-1,-1,-0.01,-1,-1,-0.01,-1,-1,-0.01,-1,-1,-0.01,-1,-1,-0.01,-1,-1,-0.01,-1,-1,-0.01,-1,-1,-0.01,-1,-1,-0.01,-1,-1
99926009,2026-05-18 10:11:32+05:30,52874.3,0,0.0,0,0.0,0.0,53282.15,53308.4,52783.45,53710.35,0,0.0,0.0,0.0,0.0,-0.01,-1,-1,-0.01,-1,-1,-0.01,-1,-1,-0.01,-1,-1,-0.01,-1,-1,-0.01,-1,-1,-0.01,-1,-1,-0.01,-1,-1,-0.01,-1,-1,-0.01,-1,-1
99926009,2026-05-18 10:11:32+05:30,52870.65,0,0.0,0,0.0,0.0,53282.15,53308.4,52783.45,53710.35,0,0.0,0.0,0.0,0.0,-0.01,-1,-1,-0.01,-1,-1,-0.01,-1,-1,-0.01,-1,-1,-0.01,-1,-1,-0.01,-1,-1,-0.01,-1,-1,-0.01,-1,-1,-0.01,-1,-1,-0.01,-1,-1
99926009,2026-05-18 10:11:33+05:30,52868.35,0,0.0,0,0.0,0.0,53282.15,53308.4,52783.45,53710.35,0,0.0,0.0,0.0,0.0,-0.01,-1,-1,-0.01,-1,-1,-0.01,-1,-1,-0.01,-1,-1,-0.01,-1,-1,-0.01,-1,-1,-0.01,-1,-1,-0.01,-1,-1,-0.01,-1,-1,-0.01,-1,-1
99926009,2026-05-18 10:11:33+05:30,52868.05,0,0.0,0,0.0,0.0,53282.15,53308.4,52783.45,53710.35,0,0.0,0.0,0.0,0.0,-0.01,-1,-1,-0.01,-1,-1,-0.01,-1,-1,-0.01,-1,-1,-0.01,-1,-1,-0.01,-1,-1,-0.01,-1,-1,-0.01,-1,-1,-0.01,-1,-1,-0.01,-1,-1
99926009,2026-05-18 10:11:34+05:30,52868.25,0,0.0,0,0.0,0.0,53282.15,53308.4,52783.45,53710.35,0,0.0,0.0,0.0,0.0,-0.01,-1,-1,-0.01,-1,-1,-0.01,-1,-1,-0.01,-1,-1,-0.01,-1,-1,-0.01,-1,-1,-0.01,-1,-1,-0.01,-1,-1,-0.01,-1,-1,-0.01,-1,-1
99926009,2026-05-18 10:11:34+05:30,52861.8,0,0.0,0,0.0,0.0,53282.15,53308.4,52783.45,53710.35,0,0.0,0.0,0.0,0.0,-0.01,-1,-1,-0.01,-1,-1,-0.01,-1,-1,-0.01,-1,-1,-0.01,-1,-1,-0.01,-1,-1,-0.01,-1,-1,-0.01,-1,-1,-0.01,-1,-1,-0.01,-1,-1
99926009,2026-05-18 10:11:35+05:30,52865.9,0,0.0,0,0.0,0.0,53282.15,53308.4,52783.45,53710.35,0,0.0,0.0,0.0,0.0,-0.01,-1,-1,-0.01,-1,-1,-0.01,-1,-1,-0.01,-1,-1,-0.01,-1,-1,-0.01,-1,-1,-0.01,-1,-1,-0.01,-1,-1,-0.01,-1,-1,-0.01,-1,-1
99926009,2026-05-18 10:11:35+05:30,52864.8,0,0.0,0,0.0,0.0,53282.15,53308.4,52783.45,53710.35,0,0.0,0.0,0.0,0.0,-0.01,-1,-1,-0.01,-1,-1,-0.01,-1,-1,-0.01,-1,-1,-0.01,-1,-1,-0.01,-1,-1,-0.01,-1,-1,-0.01,-1,-1,-0.01,-1,-1,-0.01,-1,-1
99926009,2026-05-18 10:11:36+05:30,52868.25,0,0.0,0,0.0,0.0,53282.15,53308.4,52783.45,53710.35,0,0.0,0.0,0.0,0.0,-0.01,-1,-1,-0.01,-1,-1,-0.01,-1,-1,-0.01,-1,-1,-0.01,-1,-1,-0.01,-1,-1,-0.01,-1,-1,-0.01,-1,-1,-0.01,-1,-1,-0.01,-1,-1
99926009,2026-05-18 10:11:36+05:30,52871.2,0,0.0,0,0.0,0.0,53282.15,53308.4,52783.45,53710.35,0,0.0,0.0,0.0,0.0,-0.01,-1,-1,-0.01,-1,-1,-0.01,-1,-1,-0.01,-1,-1,-0.01,-1,-1,-0.01,-1,-1,-0.01,-1,-1,-0.01,-1,-1,-0.01,-1,-1,-0.01,-1,-1
99926009,2026-05-18 10:11:37+05:30,52873.2,0,0.0,0,0.0,0.0,53282.15,53308.4,52783.45,53710.35,0,0.0,0.0,0.0,0.0,-0.01,-1,-1,-0.01,-1,-1,-0.01,-1,-1,-0.01,-1,-1,-0.01,-1,-1,-0.01,-1,-1,-0.01,-1,-1,-0.01,-1,-1,-0.01,-1,-1,-0.01,-1,-1
99926009,2026-05-18 10:11:37+05:30,52872.5,0,0.0,0,0.0,0.0,53282.15,53308.4,52783.45,53710.35,0,0.0,0.0,0.0,0.0,-0.01,-1,-1,-0.01,-1,-1,-0.01,-1,-1,-0.01,-1,-1,-0.01,-1,-1,-0.01,-1,-1,-0.01,-1,-1,-0.01,-1,-1,-0.01,-1,-1,-0.01,-1,-1
99926009,2026-05-18 10:11:38+05:30,52878.95,0,0.0,0,0.0,0.0,53282.15,53308.4,52783.45,53710.35,0,0.0,0.0,0.0,0.0,-0.01,-1,-1,-0.01,-1,-1,-0.01,-1,-1,-0.01,-1,-1,-0.01,-1,-1,-0.01,-1,-1,-0.01,-1,-1,-0.01,-1,-1,-0.01,-1,-1,-0.01,-1,-1
99926009,2026-05-18 10:11:38+05:30,52881.4,0,0.0,0,0.0,0.0,53282.15,53308.4,52783.45,53710.35,0,0.0,0.0,0.0,0.0,-0.01,-1,-1,-0.01,-1,-1,-0.01,-1,-1,-0.01,-1,-1,-0.01,-1,-1,-0.01,-1,-1,-0.01,-1,-1,-0.01,-1,-1,-0.01,-1,-1,-0.01,-1,-1
99926009,2026-05-18 10:11:39+05:30,52886.05,0,0.0,0,0.0,0.0,53282.15,53308.4,52783.45,53710.35,0,0.0,0.0,0.0,0.0,-0.01,-1,-1,-0.01,-1,-1,-0.01,-1,-1,-0.01,-1,-1,-0.01,-1,-1,-0.01,-1,-1,-0.01,-1,-1,-0.01,-1,-1,-0.01,-1,-1,-0.01,-1,-1
99926009,2026-05-18 10:11:39+05:30,52884.4,0,0.0,0,0.0,0.0,53282.15,53308.4,52783.45,53710.35,0,0.0,0.0,0.0,0.0,-0.01,-1,-1,-0.01,-1,-1,-0.01,-1,-1,-0.01,-1,-1,-0.01,-1,-1,-0.01,-1,-1,-0.01,-1,-1,-0.01,-1,-1,-0.01,-1,-1,-0.01,-1,-1
99926009,2026-05-18 10:11:40+05:30,52879.95,0,0.0,0,0.0,0.0,53282.15,53308.4,52783.45,53710.35,0,0.0,0.0,0.0,0.0,-0.01,-1,-1,-0.01,-1,-1,-0.01,-1,-1,-0.01,-1,-1,-0.01,-1,-1,-0.01,-1,-1,-0.01,-1,-1,-0.01,-1,-1,-0.01,-1,-1,-0.01,-1,-1
99926009,2026-05-18 10:11:40+05:30,52883.9,0,0.0,0,0.0,0.0,53282.15,53308.4,52783.45,53710.35,0,0.0,0.0,0.0,0.0,-0.01,-1,-1,-0.01,-1,-1,-0.01,-1,-1,-0.01,-1,-1,-0.01,-1,-1,-0.01,-1,-1,-0.01,-1,-1,-0.01,-1,-1,-0.01,-1,-1,-0.01,-1,-1
99926009,2026-05-18 10:11:41+05:30,52884.1,0,0.0,0,0.0,0.0,53282.15,53308.4,52783.45,53710.35,0,0.0,0.0,0.0,0.0,-0.01,-1,-1,-0.01,-1,-1,-0.01,-1,-1,-0.01,-1,-1,-0.01,-1,-1,-0.01,-1,-1,-0.01,-1,-1,-0.01,-1,-1,-0.01,-1,-1,-0.01,-1,-1
99926009,2026-05-18 10:11:41+05:30,52887.55,0,0.0,0,0.0,0.0,53282.15,53308.4,52783.45,53710.35,0,0.0,0.0,0.0,0.0,-0.01,-1,-1,-0.01,-1,-1,-0.01,-1,-1,-0.01,-1,-1,-0.01,-1,-1,-0.01,-1,-1,-0.01,-1,-1,-0.01,-1,-1,-0.01,-1,-1,-0.01,-1,-1
99926009,2026-05-18 10:11:42+05:30,52887.3,0,0.0,0,0.0,0.0,53282.15,53308.4,52783.45,53710.35,0,0.0,0.0,0.0,0.0,-0.01,-1,-1,-0.01,-1,-1,-0.01,-1,-1,-0.01,-1,-1,-0.01,-1,-1,-0.01,-1,-1,-0.01,-1,-1,-0.01,-1,-1,-0.01,-1,-1,-0.01,-1,-1
99926009,2026-05-18 10:11:42+05:30,52888.15,0,0.0,0,0.0,0.0,53282.15,53308.4,52783.45,53710.35,0,0.0,0.0,0.0,0.0,-0.01,-1,-1,-0.01,-1,-1,-0.01,-1,-1,-0.01,-1,-1,-0.01,-1,-1,-0.01,-1,-1,-0.01,-1,-1,-0.01,-1,-1,-0.01,-1,-1,-0.01,-1,-1
99926009,2026-05-18 10:11:43+05:30,52881.7,0,0.0,0,0.0,0.0,53282.15,53308.4,52783.45,53710.35,0,0.0,0.0,0.0,0.0,-0.01,-1,-1,-0.01,-1,-1,-0.01,-1,-1,-0.01,-1,-1,-0.01,-1,-1,-0.01,-1,-1,-0.01,-1,-1,-0.01,-1,-1,-0.01,-1,-1,-0.01,-1,-1
99926009,2026-05-18 10:11:43+05:30,52884.6,0,0.0,0,0.0,0.0,53282.15,53308.4,52783.45,53710.35,0,0.0,0.0,0.0,0.0,-0.01,-1,-1,-0.01,-1,-1,-0.01,-1,-1,-0.01,-1,-1,-0.01,-1,-1,-0.01,-1,-1,-0.01,-1,-1,-0.01,-1,-1,-0.01,-1,-1,-0.01,-1,-1
99926009,2026-05-18 10:11:44+05:30,52884.6,0,0.0,0,0.0,0.0,53282.15,53308.4,52783.45,53710.35,0,0.0,0.0,0.0,0.0,-0.01,-1,-1,-0.01,-1,-1,-0.01,-1,-1,-0.01,-1,-1,-0.01,-1,-1,-0.01,-1,-1,-0.01,-1,-1,-0.01,-1,-1,-0.01,-1,-1,-0.01,-1,-1
99926009,2026-05-18 10:11:44+05:30,52882.3,0,0.0,0,0.0,0.0,53282.15,53308.4,52783.45,53710.35,0,0.0,0.0,0.0,0.0,-0.01,-1,-1,-0.01,-1,-1,-0.01,-1,-1,-0.01,-1,-1,-0.01,-1,-1,-0.01,-1,-1,-0.01,-1,-1,-0.01,-1,-1,-0.01,-1,-1,-0.01,-1,-1
99926009,2026-05-18 10:11:45+05:30,52891.15,0,0.0,0,0.0,0.0,53282.15,53308.4,52783.45,53710.35,0,0.0,0.0,0.0,0.0,-0.01,-1,-1,-0.01,-1,-1,-0.01,-1,-1,-0.01,-1,-1,-0.01,-1,-1,-0.01,-1,-1,-0.01,-1,-1,-0.01,-1,-1,-0.01,-1,-1,-0.01,-1,-1
99926009,2026-05-18 10:11:45+05:30,52893.55,0,0.0,0,0.0,0.0,53282.15,53308.4,52783.45,53710.35,0,0.0,0.0,0.0,0.0,-0.01,-1,-1,-0.01,-1,-1,-0.01,-1,-1,-0.01,-1,-1,-0.01,-1,-1,-0.01,-1,-1,-0.01,-1,-1,-0.01,-1,-1,-0.01,-1,-1,-0.01,-1,-1
99926009,2026-05-18 10:11:46+05:30,52892.15,0,0.0,0,0.0,0.0,53282.15,53308.4,52783.45,53710.35,0,0.0,0.0,0.0,0.0,-0.01,-1,-1,-0.01,-1,-1,-0.01,-1,-1,-0.01,-1,-1,-0.01,-1,-1,-0.01,-1,-1,-0.01,-1,-1,-0.01,-1,-1,-0.01,-1,-1,-0.01,-1,-1
99926009,2026-05-18 10:11:46+05:30,52892.1,0,0.0,0,0.0,0.0,53282.15,53308.4,52783.45,53710.35,0,0.0,0.0,0.0,0.0,-0.01,-1,-1,-0.01,-1,-1,-0.01,-1,-1,-0.01,-1,-1,-0.01,-1,-1,-0.01,-1,-1,-0.01,-1,-1,-0.01,-1,-1,-0.01,-1,-1,-0.01,-1,-1
99926009,2026-05-18 10:11:47+05:30,52892.15,0,0.0,0,0.0,0.0,53282.15,53308.4,52783.45,53710.35,0,0.0,0.0,0.0,0.0,-0.01,-1,-1,-0.01,-1,-1,-0.01,-1,-1,-0.01,-1,-1,-0.01,-1,-1,-0.01,-1,-1,-0.01,-1,-1,-0.01,-1,-1,-0.01,-1,-1,-0.01,-1,-1
99926009,2026-05-18 10:11:47+05:30,52889.6,0,0.0,0,0.0,0.0,53282.15,53308.4,52783.45,53710.35,0,0.0,0.0,0.0,0.0,-0.01,-1,-1,-0.01,-1,-1,-0.01,-1,-1,-0.01,-1,-1,-0.01,-1,-1,-0.01,-1,-1,-0.01,-1,-1,-0.01,-1,-1,-0.01,-1,-1,-0.01,-1,-1
99926009,2026-05-18 10:11:48+05:30,52890.7,0,0.0,0,0.0,0.0,53282.15,53308.4,52783.45,53710.35,0,0.0,0.0,0.0,0.0,-0.01,-1,-1,-0.01,-1,-1,-0.01,-1,-1,-0.01,-1,-1,-0.01,-1,-1,-0.01,-1,-1,-0.01,-1,-1,-0.01,-1,-1,-0.01,-1,-1,-0.01,-1,-1
99926009,2026-05-18 10:11:48+05:30,52888.4,0,0.0,0,0.0,0.0,53282.15,53308.4,52783.45,53710.35,0,0.0,0.0,0.0,0.0,-0.01,-1,-1,-0.01,-1,-1,-0.01,-1,-1,-0.01,-1,-1,-0.01,-1,-1,-0.01,-1,-1,-0.01,-1,-1,-0.01,-1,-1,-0.01,-1,-1,-0.01,-1,-1
99926009,2026-05-18 10:11:49+05:30,52888.25,0,0.0,0,0.0,0.0,53282.15,53308.4,52783.45,53710.35,0,0.0,0.0,0.0,0.0,-0.01,-1,-1,-0.01,-1,-1,-0.01,-1,-1,-0.01,-1,-1,-0.01,-1,-1,-0.01,-1,-1,-0.01,-1,-1,-0.01,-1,-1,-0.01,-1,-1,-0.01,-1,-1
99926009,2026-05-18 10:11:49+05:30,52886.2,0,0.0,0,0.0,0.0,53282.15,53308.4,52783.45,53710.35,0,0.0,0.0,0.0,0.0,-0.01,-1,-1,-0.01,-1,-1,-0.01,-1,-1,-0.01,-1,-1,-0.01,-1,-1,-0.01,-1,-1,-0.01,-1,-1,-0.01,-1,-1,-0.01,-1,-1,-0.01,-1,-1
99926009,2026-05-18 10:11:50+05:30,52882.75,0,0.0,0,0.0,0.0,53282.15,53308.4,52783.45,53710.35,0,0.0,0.0,0.0,0.0,-0.01,-1,-1,-0.01,-1,-1,-0.01,-1,-1,-0.01,-1,-1,-0.01,-1,-1,-0.01,-1,-1,-0.01,-1,-1,-0.01,-1,-1,-0.01,-1,-1,-0.01,-1,-1
99926009,2026-05-18 10:11:50+05:30,52886.0,0,0.0,0,0.0,0.0,53282.15,53308.4,52783.45,53710.35,0,0.0,0.0,0.0,0.0,-0.01,-1,-1,-0.01,-1,-1,-0.01,-1,-1,-0.01,-1,-1,-0.01,-1,-1,-0.01,-1,-1,-0.01,-1,-1,-0.01,-1,-1,-0.01,-1,-1,-0.01,-1,-1
99926009,2026-05-18 10:11:51+05:30,52888.75,0,0.0,0,0.0,0.0,53282.15,53308.4,52783.45,53710.35,0,0.0,0.0,0.0,0.0,-0.01,-1,-1,-0.01,-1,-1,-0.01,-1,-1,-0.01,-1,-1,-0.01,-1,-1,-0.01,-1,-1,-0.01,-1,-1,-0.01,-1,-1,-0.01,-1,-1,-0.01,-1,-1
99926009,2026-05-18 10:11:51+05:30,52889.35,0,0.0,0,0.0,0.0,53282.15,53308.4,52783.45,53710.35,0,0.0,0.0,0.0,0.0,-0.01,-1,-1,-0.01,-1,-1,-0.01,-1,-1,-0.01,-1,-1,-0.01,-1,-1,-0.01,-1,-1,-0.01,-1,-1,-0.01,-1,-1,-0.01,-1,-1,-0.01,-1,-1
99926009,2026-05-18 10:11:52+05:30,52889.0,0,0.0,0,0.0,0.0,53282.15,53308.4,52783.45,53710.35,0,0.0,0.0,0.0,0.0,-0.01,-1,-1,-0.01,-1,-1,-0.01,-1,-1,-0.01,-1,-1,-0.01,-1,-1,-0.01,-1,-1,-0.01,-1,-1,-0.01,-1,-1,-0.01,-1,-1,-0.01,-1,-1
99926009,2026-05-18 10:11:52+05:30,52888.55,0,0.0,0,0.0,0.0,53282.15,53308.4,52783.45,53710.35,0,0.0,0.0,0.0,0.0,-0.01,-1,-1,-0.01,-1,-1,-0.01,-1,-1,-0.01,-1,-1,-0.01,-1,-1,-0.01,-1,-1,-0.01,-1,-1,-0.01,-1,-1,-0.01,-1,-1,-0.01,-1,-1
99926009,2026-05-18 10:11:53+05:30,52889.05,0,0.0,0,0.0,0.0,53282.15,53308.4,52783.45,53710.35,0,0.0,0.0,0.0,0.0,-0.01,-1,-1,-0.01,-1,-1,-0.01,-1,-1,-0.01,-1,-1,-0.01,-1,-1,-0.01,-1,-1,-0.01,-1,-1,-0.01,-1,-1,-0.01,-1,-1,-0.01,-1,-1
99926009,2026-05-18 10:11:53+05:30,52892.2,0,0.0,0,0.0,0.0,53282.15,53308.4,52783.45,53710.35,0,0.0,0.0,0.0,0.0,-0.01,-1,-1,-0.01,-1,-1,-0.01,-1,-1,-0.01,-1,-1,-0.01,-1,-1,-0.01,-1,-1,-0.01,-1,-1,-0.01,-1,-1,-0.01,-1,-1,-0.01,-1,-1
99926009,2026-05-18 10:11:54+05:30,52892.95,0,0.0,0,0.0,0.0,53282.15,53308.4,52783.45,53710.35,0,0.0,0.0,0.0,0.0,-0.01,-1,-1,-0.01,-1,-1,-0.01,-1,-1,-0.01,-1,-1,-0.01,-1,-1,-0.01,-1,-1,-0.01,-1,-1,-0.01,-1,-1,-0.01,-1,-1,-0.01,-1,-1
99926009,2026-05-18 10:11:54+05:30,52891.7,0,0.0,0,0.0,0.0,53282.15,53308.4,52783.45,53710.35,0,0.0,0.0,0.0,0.0,-0.01,-1,-1,-0.01,-1,-1,-0.01,-1,-1,-0.01,-1,-1,-0.01,-1,-1,-0.01,-1,-1,-0.01,-1,-1,-0.01,-1,-1,-0.01,-1,-1,-0.01,-1,-1
99926009,2026-05-18 10:11:55+05:30,52888.45,0,0.0,0,0.0,0.0,53282.15,53308.4,52783.45,53710.35,0,0.0,0.0,0.0,0.0,-0.01,-1,-1,-0.01,-1,-1,-0.01,-1,-1,-0.01,-1,-1,-0.01,-1,-1,-0.01,-1,-1,-0.01,-1,-1,-0.01,-1,-1,-0.01,-1,-1,-0.01,-1,-1
99926009,2026-05-18 10:11:55+05:30,52888.8,0,0.0,0,0.0,0.0,53282.15,53308.4,52783.45,53710.35,0,0.0,0.0,0.0,0.0,-0.01,-1,-1,-0.01,-1,-1,-0.01,-1,-1,-0.01,-1,-1,-0.01,-1,-1,-0.01,-1,-1,-0.01,-1,-1,-0.01,-1,-1,-0.01,-1,-1,-0.01,-1,-1
99926009,2026-05-18 10:11:56+05:30,52891.35,0,0.0,0,0.0,0.0,53282.15,53308.4,52783.45,53710.35,0,0.0,0.0,0.0,0.0,-0.01,-1,-1,-0.01,-1,-1,-0.01,-1,-1,-0.01,-1,-1,-0.01,-1,-1,-0.01,-1,-1,-0.01,-1,-1,-0.01,-1,-1,-0.01,-1,-1,-0.01,-1,-1
99926009,2026-05-18 10:11:56+05:30,52889.0,0,0.0,0,0.0,0.0,53282.15,53308.4,52783.45,53710.35,0,0.0,0.0,0.0,0.0,-0.01,-1,-1,-0.01,-1,-1,-0.01,-1,-1,-0.01,-1,-1,-0.01,-1,-1,-0.01,-1,-1,-0.01,-1,-1,-0.01,-1,-1,-0.01,-1,-1,-0.01,-1,-1
99926009,2026-05-18 10:11:57+05:30,52888.2,0,0.0,0,0.0,0.0,53282.15,53308.4,52783.45,53710.35,0,0.0,0.0,0.0,0.0,-0.01,-1,-1,-0.01,-1,-1,-0.01,-1,-1,-0.01,-1,-1,-0.01,-1,-1,-0.01,-1,-1,-0.01,-1,-1,-0.01,-1,-1,-0.01,-1,-1,-0.01,-1,-1
99926009,2026-05-18 10:11:57+05:30,52887.75,0,0.0,0,0.0,0.0,53282.15,53308.4,52783.45,53710.35,0,0.0,0.0,0.0,0.0,-0.01,-1,-1,-0.01,-1,-1,-0.01,-1,-1,-0.01,-1,-1,-0.01,-1,-1,-0.01,-1,-1,-0.01,-1,-1,-0.01,-1,-1,-0.01,-1,-1,-0.01,-1,-1
99926009,2026-05-18 10:11:58+05:30,52888.15,0,0.0,0,0.0,0.0,53282.15,53308.4,52783.45,53710.35,0,0.0,0.0,0.0,0.0,-0.01,-1,-1,-0.01,-1,-1,-0.01,-1,-1,-0.01,-1,-1,-0.01,-1,-1,-0.01,-1,-1,-0.01,-1,-1,-0.01,-1,-1,-0.01,-1,-1,-0.01,-1,-1
99926009,2026-05-18 10:11:58+05:30,52891.05,0,0.0,0,0.0,0.0,53282.15,53308.4,52783.45,53710.35,0,0.0,0.0,0.0,0.0,-0.01,-1,-1,-0.01,-1,-1,-0.01,-1,-1,-0.01,-1,-1,-0.01,-1,-1,-0.01,-1,-1,-0.01,-1,-1,-0.01,-1,-1,-0.01,-1,-1,-0.01,-1,-1
99926009,2026-05-18 10:11:59+05:30,52880.15,0,0.0,0,0.0,0.0,53282.15,53308.4,52783.45,53710.35,0,0.0,0.0,0.0,0.0,-0.01,-1,-1,-0.01,-1,-1,-0.01,-1,-1,-0.01,-1,-1,-0.01,-1,-1,-0.01,-1,-1,-0.01,-1,-1,-0.01,-1,-1,-0.01,-1,-1,-0.01,-1,-1
99926009,2026-05-18 10:11:59+05:30,52881.9,0,0.0,0,0.0,0.0,53282.15,53308.4,52783.45,53710.35,0,0.0,0.0,0.0,0.0,-0.01,-1,-1,-0.01,-1,-1,-0.01,-1,-1,-0.01,-1,-1,-0.01,-1,-1,-0.01,-1,-1,-0.01,-1,-1,-0.01,-1,-1,-0.01,-1,-1,-0.01,-1,-1
99926009,2026-05-18 10:12:00+05:30,52882.0,0,0.0,0,0.0,0.0,53282.15,53308.4,52783.45,53710.35,0,0.0,0.0,0.0,0.0,-0.01,-1,-1,-0.01,-1,-1,-0.01,-1,-1,-0.01,-1,-1,-0.01,-1,-1,-0.01,-1,-1,-0.01,-1,-1,-0.01,-1,-1,-0.01,-1,-1,-0.01,-1,-1
99926009,2026-05-18 10:12:00+05:30,52881.9,0,0.0,0,0.0,0.0,53282.15,53308.4,52783.45,53710.35,0,0.0,0.0,0.0,0.0,-0.01,-1,-1,-0.01,-1,-1,-0.01,-1,-1,-0.01,-1,-1,-0.01,-1,-1,-0.01,-1,-1,-0.01,-1,-1,-0.01,-1,-1,-0.01,-1,-1,-0.01,-1,-1
99926009,2026-05-18 10:12:01+05:30,52883.0,0,0.0,0,0.0,0.0,53282.15,53308.4,52783.45,53710.35,0,0.0,0.0,0.0,0.0,-0.01,-1,-1,-0.01,-1,-1,-0.01,-1,-1,-0.01,-1,-1,-0.01,-1,-1,-0.01,-1,-1,-0.01,-1,-1,-0.01,-1,-1,-0.01,-1,-1,-0.01,-1,-1
99926009,2026-05-18 10:12:01+05:30,52880.5,0,0.0,0,0.0,0.0,53282.15,53308.4,52783.45,53710.35,0,0.0,0.0,0.0,0.0,-0.01,-1,-1,-0.01,-1,-1,-0.01,-1,-1,-0.01,-1,-1,-0.01,-1,-1,-0.01,-1,-1,-0.01,-1,-1,-0.01,-1,-1,-0.01,-1,-1,-0.01,-1,-1
99926009,2026-05-18 10:12:02+05:30,52885.6,0,0.0,0,0.0,0.0,53282.15,53308.4,52783.45,53710.35,0,0.0,0.0,0.0,0.0,-0.01,-1,-1,-0.01,-1,-1,-0.01,-1,-1,-0.01,-1,-1,-0.01,-1,-1,-0.01,-1,-1,-0.01,-1,-1,-0.01,-1,-1,-0.01,-1,-1,-0.01,-1,-1
99926009,2026-05-18 10:12:02+05:30,52884.35,0,0.0,0,0.0,0.0,53282.15,53308.4,52783.45,53710.35,0,0.0,0.0,0.0,0.0,-0.01,-1,-1,-0.01,-1,-1,-0.01,-1,-1,-0.01,-1,-1,-0.01,-1,-1,-0.01,-1,-1,-0.01,-1,-1,-0.01,-1,-1,-0.01,-1,-1,-0.01,-1,-1
99926009,2026-05-18 10:12:03+05:30,52884.0,0,0.0,0,0.0,0.0,53282.15,53308.4,52783.45,53710.35,0,0.0,0.0,0.0,0.0,-0.01,-1,-1,-0.01,-1,-1,-0.01,-1,-1,-0.01,-1,-1,-0.01,-1,-1,-0.01,-1,-1,-0.01,-1,-1,-0.01,-1,-1,-0.01,-1,-1,-0.01,-1,-1
99926009,2026-05-18 10:12:03+05:30,52886.2,0,0.0,0,0.0,0.0,53282.15,53308.4,52783.45,53710.35,0,0.0,0.0,0.0,0.0,-0.01,-1,-1,-0.01,-1,-1,-0.01,-1,-1,-0.01,-1,-1,-0.01,-1,-1,-0.01,-1,-1,-0.01,-1,-1,-0.01,-1,-1,-0.01,-1,-1,-0.01,-1,-1
99926009,2026-05-18 10:12:04+05:30,52889.55,0,0.0,0,0.0,0.0,53282.15,53308.4,52783.45,53710.35,0,0.0,0.0,0.0,0.0,-0.01,-1,-1,-0.01,-1,-1,-0.01,-1,-1,-0.01,-1,-1,-0.01,-1,-1,-0.01,-1,-1,-0.01,-1,-1,-0.01,-1,-1,-0.01,-1,-1,-0.01,-1,-1
99926009,2026-05-18 10:12:04+05:30,52885.85,0,0.0,0,0.0,0.0,53282.15,53308.4,52783.45,53710.35,0,0.0,0.0,0.0,0.0,-0.01,-1,-1,-0.01,-1,-1,-0.01,-1,-1,-0.01,-1,-1,-0.01,-1,-1,-0.01,-1,-1,-0.01,-1,-1,-0.01,-1,-1,-0.01,-1,-1,-0.01,-1,-1
99926009,2026-05-18 10:12:05+05:30,52886.75,0,0.0,0,0.0,0.0,53282.15,53308.4,52783.45,53710.35,0,0.0,0.0,0.0,0.0,-0.01,-1,-1,-0.01,-1,-1,-0.01,-1,-1,-0.01,-1,-1,-0.01,-1,-1,-0.01,-1,-1,-0.01,-1,-1,-0.01,-1,-1,-0.01,-1,-1,-0.01,-1,-1
99926009,2026-05-18 10:12:05+05:30,52887.05,0,0.0,0,0.0,0.0,53282.15,53308.4,52783.45,53710.35,0,0.0,0.0,0.0,0.0,-0.01,-1,-1,-0.01,-1,-1,-0.01,-1,-1,-0.01,-1,-1,-0.01,-1,-1,-0.01,-1,-1,-0.01,-1,-1,-0.01,-1,-1,-0.01,-1,-1,-0.01,-1,-1
99926009,2026-05-18 10:12:06+05:30,52884.35,0,0.0,0,0.0,0.0,53282.15,53308.4,52783.45,53710.35,0,0.0,0.0,0.0,0.0,-0.01,-1,-1,-0.01,-1,-1,-0.01,-1,-1,-0.01,-1,-1,-0.01,-1,-1,-0.01,-1,-1,-0.01,-1,-1,-0.01,-1,-1,-0.01,-1,-1,-0.01,-1,-1
99926009,2026-05-18 10:12:06+05:30,52885.9,0,0.0,0,0.0,0.0,53282.15,53308.4,52783.45,53710.35,0,0.0,0.0,0.0,0.0,-0.01,-1,-1,-0.01,-1,-1,-0.01,-1,-1,-0.01,-1,-1,-0.01,-1,-1,-0.01,-1,-1,-0.01,-1,-1,-0.01,-1,-1,-0.01,-1,-1,-0.01,-1,-1
99926009,2026-05-18 10:12:07+05:30,52886.8,0,0.0,0,0.0,0.0,53282.15,53308.4,52783.45,53710.35,0,0.0,0.0,0.0,0.0,-0.01,-1,-1,-0.01,-1,-1,-0.01,-1,-1,-0.01,-1,-1,-0.01,-1,-1,-0.01,-1,-1,-0.01,-1,-1,-0.01,-1,-1,-0.01,-1,-1,-0.01,-1,-1
99926009,2026-05-18 10:12:07+05:30,52885.65,0,0.0,0,0.0,0.0,53282.15,53308.4,52783.45,53710.35,0,0.0,0.0,0.0,0.0,-0.01,-1,-1,-0.01,-1,-1,-0.01,-1,-1,-0.01,-1,-1,-0.01,-1,-1,-0.01,-1,-1,-0.01,-1,-1,-0.01,-1,-1,-0.01,-1,-1,-0.01,-1,-1
99926009,2026-05-18 10:12:08+05:30,52885.3,0,0.0,0,0.0,0.0,53282.15,53308.4,52783.45,53710.35,0,0.0,0.0,0.0,0.0,-0.01,-1,-1,-0.01,-1,-1,-0.01,-1,-1,-0.01,-1,-1,-0.01,-1,-1,-0.01,-1,-1,-0.01,-1,-1,-0.01,-1,-1,-0.01,-1,-1,-0.01,-1,-1
99926009,2026-05-18 10:12:08+05:30,52884.35,0,0.0,0,0.0,0.0,53282.15,53308.4,52783.45,53710.35,0,0.0,0.0,0.0,0.0,-0.01,-1,-1,-0.01,-1,-1,-0.01,-1,-1,-0.01,-1,-1,-0.01,-1,-1,-0.01,-1,-1,-0.01,-1,-1,-0.01,-1,-1,-0.01,-1,-1,-0.01,-1,-1
99926009,2026-05-18 10:12:09+05:30,52883.35,0,0.0,0,0.0,0.0,53282.15,53308.4,52783.45,53710.35,0,0.0,0.0,0.0,0.0,-0.01,-1,-1,-0.01,-1,-1,-0.01,-1,-1,-0.01,-1,-1,-0.01,-1,-1,-0.01,-1,-1,-0.01,-1,-1,-0.01,-1,-1,-0.01,-1,-1,-0.01,-1,-1
99926009,2026-05-18 10:12:09+05:30,52883.1,0,0.0,0,0.0,0.0,53282.15,53308.4,52783.45,53710.35,0,0.0,0.0,0.0,0.0,-0.01,-1,-1,-0.01,-1,-1,-0.01,-1,-1,-0.01,-1,-1,-0.01,-1,-1,-0.01,-1,-1,-0.01,-1,-1,-0.01,-1,-1,-0.01,-1,-1,-0.01,-1,-1
99926009,2026-05-18 10:12:10+05:30,52878.55,0,0.0,0,0.0,0.0,53282.15,53308.4,52783.45,53710.35,0,0.0,0.0,0.0,0.0,-0.01,-1,-1,-0.01,-1,-1,-0.01,-1,-1,-0.01,-1,-1,-0.01,-1,-1,-0.01,-1,-1,-0.01,-1,-1,-0.01,-1,-1,-0.01,-1,-1,-0.01,-1,-1
99926009,2026-05-18 10:12:10+05:30,52880.6,0,0.0,0,0.0,0.0,53282.15,53308.4,52783.45,53710.35,0,0.0,0.0,0.0,0.0,-0.01,-1,-1,-0.01,-1,-1,-0.01,-1,-1,-0.01,-1,-1,-0.01,-1,-1,-0.01,-1,-1,-0.01,-1,-1,-0.01,-1,-1,-0.01,-1,-1,-0.01,-1,-1
99926009,2026-05-18 10:12:11+05:30,52879.45,0,0.0,0,0.0,0.0,53282.15,53308.4,52783.45,53710.35,0,0.0,0.0,0.0,0.0,-0.01,-1,-1,-0.01,-1,-1,-0.01,-1,-1,-0.01,-1,-1,-0.01,-1,-1,-0.01,-1,-1,-0.01,-1,-1,-0.01,-1,-1,-0.01,-1,-1,-0.01,-1,-1
99926009,2026-05-18 10:12:11+05:30,52880.95,0,0.0,0,0.0,0.0,53282.15,53308.4,52783.45,53710.35,0,0.0,0.0,0.0,0.0,-0.01,-1,-1,-0.01,-1,-1,-0.01,-1,-1,-0.01,-1,-1,-0.01,-1,-1,-0.01,-1,-1,-0.01,-1,-1,-0.01,-1,-1,-0.01,-1,-1,-0.01,-1,-1
99926009,2026-05-18 10:12:12+05:30,52878.35,0,0.0,0,0.0,0.0,53282.15,53308.4,52783.45,53710.35,0,0.0,0.0,0.0,0.0,-0.01,-1,-1,-0.01,-1,-1,-0.01,-1,-1,-0.01,-1,-1,-0.01,-1,-1,-0.01,-1,-1,-0.01,-1,-1,-0.01,-1,-1,-0.01,-1,-1,-0.01,-1,-1
99926009,2026-05-18 10:12:12+05:30,52877.95,0,0.0,0,0.0,0.0,53282.15,53308.4,52783.45,53710.35,0,0.0,0.0,0.0,0.0,-0.01,-1,-1,-0.01,-1,-1,-0.01,-1,-1,-0.01,-1,-1,-0.01,-1,-1,-0.01,-1,-1,-0.01,-1,-1,-0.01,-1,-1,-0.01,-1,-1,-0.01,-1,-1
99926009,2026-05-18 10:12:13+05:30,52879.45,0,0.0,0,0.0,0.0,53282.15,53308.4,52783.45,53710.35,0,0.0,0.0,0.0,0.0,-0.01,-1,-1,-0.01,-1,-1,-0.01,-1,-1,-0.01,-1,-1,-0.01,-1,-1,-0.01,-1,-1,-0.01,-1,-1,-0.01,-1,-1,-0.01,-1,-1,-0.01,-1,-1
99926009,2026-05-18 10:12:13+05:30,52878.6,0,0.0,0,0.0,0.0,53282.15,53308.4,52783.45,53710.35,0,0.0,0.0,0.0,0.0,-0.01,-1,-1,-0.01,-1,-1,-0.01,-1,-1,-0.01,-1,-1,-0.01,-1,-1,-0.01,-1,-1,-0.01,-1,-1,-0.01,-1,-1,-0.01,-1,-1,-0.01,-1,-1
99926009,2026-05-18 10:12:14+05:30,52877.4,0,0.0,0,0.0,0.0,53282.15,53308.4,52783.45,53710.35,0,0.0,0.0,0.0,0.0,-0.01,-1,-1,-0.01,-1,-1,-0.01,-1,-1,-0.01,-1,-1,-0.01,-1,-1,-0.01,-1,-1,-0.01,-1,-1,-0.01,-1,-1,-0.01,-1,-1,-0.01,-1,-1
99926009,2026-05-18 10:12:14+05:30,52877.1,0,0.0,0,0.0,0.0,53282.15,53308.4,52783.45,53710.35,0,0.0,0.0,0.0,0.0,-0.01,-1,-1,-0.01,-1,-1,-0.01,-1,-1,-0.01,-1,-1,-0.01,-1,-1,-0.01,-1,-1,-0.01,-1,-1,-0.01,-1,-1,-0.01,-1,-1,-0.01,-1,-1
99926009,2026-05-18 10:12:15+05:30,52878.55,0,0.0,0,0.0,0.0,53282.15,53308.4,52783.45,53710.35,0,0.0,0.0,0.0,0.0,-0.01,-1,-1,-0.01,-1,-1,-0.01,-1,-1,-0.01,-1,-1,-0.01,-1,-1,-0.01,-1,-1,-0.01,-1,-1,-0.01,-1,-1,-0.01,-1,-1,-0.01,-1,-1
99926009,2026-05-18 10:12:15+05:30,52880.65,0,0.0,0,0.0,0.0,53282.15,53308.4,52783.45,53710.35,0,0.0,0.0,0.0,0.0,-0.01,-1,-1,-0.01,-1,-1,-0.01,-1,-1,-0.01,-1,-1,-0.01,-1,-1,-0.01,-1,-1,-0.01,-1,-1,-0.01,-1,-1,-0.01,-1,-1,-0.01,-1,-1
99926009,2026-05-18 10:12:16+05:30,52880.35,0,0.0,0,0.0,0.0,53282.15,53308.4,52783.45,53710.35,0,0.0,0.0,0.0,0.0,-0.01,-1,-1,-0.01,-1,-1,-0.01,-1,-1,-0.01,-1,-1,-0.01,-1,-1,-0.01,-1,-1,-0.01,-1,-1,-0.01,-1,-1,-0.01,-1,-1,-0.01,-1,-1
99926009,2026-05-18 10:12:16+05:30,52883.6,0,0.0,0,0.0,0.0,53282.15,53308.4,52783.45,53710.35,0,0.0,0.0,0.0,0.0,-0.01,-1,-1,-0.01,-1,-1,-0.01,-1,-1,-0.01,-1,-1,-0.01,-1,-1,-0.01,-1,-1,-0.01,-1,-1,-0.01,-1,-1,-0.01,-1,-1,-0.01,-1,-1
99926009,2026-05-18 10:12:17+05:30,52883.1,0,0.0,0,0.0,0.0,53282.15,53308.4,52783.45,53710.35,0,0.0,0.0,0.0,0.0,-0.01,-1,-1,-0.01,-1,-1,-0.01,-1,-1,-0.01,-1,-1,-0.01,-1,-1,-0.01,-1,-1,-0.01,-1,-1,-0.01,-1,-1,-0.01,-1,-1,-0.01,-1,-1
99926009,2026-05-18 10:12:17+05:30,52883.95,0,0.0,0,0.0,0.0,53282.15,53308.4,52783.45,53710.35,0,0.0,0.0,0.0,0.0,-0.01,-1,-1,-0.01,-1,-1,-0.01,-1,-1,-0.01,-1,-1,-0.01,-1,-1,-0.01,-1,-1,-0.01,-1,-1,-0.01,-1,-1,-0.01,-1,-1,-0.01,-1,-1
99926009,2026-05-18 10:12:18+05:30,52880.7,0,0.0,0,0.0,0.0,53282.15,53308.4,52783.45,53710.35,0,0.0,0.0,0.0,0.0,-0.01,-1,-1,-0.01,-1,-1,-0.01,-1,-1,-0.01,-1,-1,-0.01,-1,-1,-0.01,-1,-1,-0.01,-1,-1,-0.01,-1,-1,-0.01,-1,-1,-0.01,-1,-1
99926009,2026-05-18 10:12:18+05:30,52889.05,0,0.0,0,0.0,0.0,53282.15,53308.4,52783.45,53710.35,0,0.0,0.0,0.0,0.0,-0.01,-1,-1,-0.01,-1,-1,-0.01,-1,-1,-0.01,-1,-1,-0.01,-1,-1,-0.01,-1,-1,-0.01,-1,-1,-0.01,-1,-1,-0.01,-1,-1,-0.01,-1,-1
99926009,2026-05-18 10:12:19+05:30,52886.5,0,0.0,0,0.0,0.0,53282.15,53308.4,52783.45,53710.35,0,0.0,0.0,0.0,0.0,-0.01,-1,-1,-0.01,-1,-1,-0.01,-1,-1,-0.01,-1,-1,-0.01,-1,-1,-0.01,-1,-1,-0.01,-1,-1,-0.01,-1,-1,-0.01,-1,-1,-0.01,-1,-1
99926009,2026-05-18 10:12:19+05:30,52886.8,0,0.0,0,0.0,0.0,53282.15,53308.4,52783.45,53710.35,0,0.0,0.0,0.0,0.0,-0.01,-1,-1,-0.01,-1,-1,-0.01,-1,-1,-0.01,-1,-1,-0.01,-1,-1,-0.01,-1,-1,-0.01,-1,-1,-0.01,-1,-1,-0.01,-1,-1,-0.01,-1,-1
99926009,2026-05-18 10:12:20+05:30,52885.5,0,0.0,0,0.0,0.0,53282.15,53308.4,52783.45,53710.35,0,0.0,0.0,0.0,0.0,-0.01,-1,-1,-0.01,-1,-1,-0.01,-1,-1,-0.01,-1,-1,-0.01,-1,-1,-0.01,-1,-1,-0.01,-1,-1,-0.01,-1,-1,-0.01,-1,-1,-0.01,-1,-1
99926009,2026-05-18 10:12:20+05:30,52885.85,0,0.0,0,0.0,0.0,53282.15,53308.4,52783.45,53710.35,0,0.0,0.0,0.0,0.0,-0.01,-1,-1,-0.01,-1,-1,-0.01,-1,-1,-0.01,-1,-1,-0.01,-1,-1,-0.01,-1,-1,-0.01,-1,-1,-0.01,-1,-1,-0.01,-1,-1,-0.01,-1,-1
99926009,2026-05-18 10:12:21+05:30,52884.7,0,0.0,0,0.0,0.0,53282.15,53308.4,52783.45,53710.35,0,0.0,0.0,0.0,0.0,-0.01,-1,-1,-0.01,-1,-1,-0.01,-1,-1,-0.01,-1,-1,-0.01,-1,-1,-0.01,-1,-1,-0.01,-1,-1,-0.01,-1,-1,-0.01,-1,-1,-0.01,-1,-1
99926009,2026-05-18 10:12:21+05:30,52883.55,0,0.0,0,0.0,0.0,53282.15,53308.4,52783.45,53710.35,0,0.0,0.0,0.0,0.0,-0.01,-1,-1,-0.01,-1,-1,-0.01,-1,-1,-0.01,-1,-1,-0.01,-1,-1,-0.01,-1,-1,-0.01,-1,-1,-0.01,-1,-1,-0.01,-1,-1,-0.01,-1,-1
99926009,2026-05-18 10:12:22+05:30,52879.55,0,0.0,0,0.0,0.0,53282.15,53308.4,52783.45,53710.35,0,0.0,0.0,0.0,0.0,-0.01,-1,-1,-0.01,-1,-1,-0.01,-1,-1,-0.01,-1,-1,-0.01,-1,-1,-0.01,-1,-1,-0.01,-1,-1,-0.01,-1,-1,-0.01,-1,-1,-0.01,-1,-1
99926009,2026-05-18 10:12:22+05:30,52882.15,0,0.0,0,0.0,0.0,53282.15,53308.4,52783.45,53710.35,0,0.0,0.0,0.0,0.0,-0.01,-1,-1,-0.01,-1,-1,-0.01,-1,-1,-0.01,-1,-1,-0.01,-1,-1,-0.01,-1,-1,-0.01,-1,-1,-0.01,-1,-1,-0.01,-1,-1,-0.01,-1,-1
99926009,2026-05-18 10:12:23+05:30,52884.0,0,0.0,0,0.0,0.0,53282.15,53308.4,52783.45,53710.35,0,0.0,0.0,0.0,0.0,-0.01,-1,-1,-0.01,-1,-1,-0.01,-1,-1,-0.01,-1,-1,-0.01,-1,-1,-0.01,-1,-1,-0.01,-1,-1,-0.01,-1,-1,-0.01,-1,-1,-0.01,-1,-1
99926009,2026-05-18 10:12:23+05:30,52883.45,0,0.0,0,0.0,0.0,53282.15,53308.4,52783.45,53710.35,0,0.0,0.0,0.0,0.0,-0.01,-1,-1,-0.01,-1,-1,-0.01,-1,-1,-0.01,-1,-1,-0.01,-1,-1,-0.01,-1,-1,-0.01,-1,-1,-0.01,-1,-1,-0.01,-1,-1,-0.01,-1,-1
99926009,2026-05-18 10:12:24+05:30,52882.95,0,0.0,0,0.0,0.0,53282.15,53308.4,52783.45,53710.35,0,0.0,0.0,0.0,0.0,-0.01,-1,-1,-0.01,-1,-1,-0.01,-1,-1,-0.01,-1,-1,-0.01,-1,-1,-0.01,-1,-1,-0.01,-1,-1,-0.01,-1,-1,-0.01,-1,-1,-0.01,-1,-1
99926009,2026-05-18 10:12:24+05:30,52883.1,0,0.0,0,0.0,0.0,53282.15,53308.4,52783.45,53710.35,0,0.0,0.0,0.0,0.0,-0.01,-1,-1,-0.01,-1,-1,-0.01,-1,-1,-0.01,-1,-1,-0.01,-1,-1,-0.01,-1,-1,-0.01,-1,-1,-0.01,-1,-1,-0.01,-1,-1,-0.01,-1,-1
99926009,2026-05-18 10:12:25+05:30,52882.7,0,0.0,0,0.0,0.0,53282.15,53308.4,52783.45,53710.35,0,0.0,0.0,0.0,0.0,-0.01,-1,-1,-0.01,-1,-1,-0.01,-1,-1,-0.01,-1,-1,-0.01,-1,-1,-0.01,-1,-1,-0.01,-1,-1,-0.01,-1,-1,-0.01,-1,-1,-0.01,-1,-1
99926009,2026-05-18 10:12:25+05:30,52882.6,0,0.0,0,0.0,0.0,53282.15,53308.4,52783.45,53710.35,0,0.0,0.0,0.0,0.0,-0.01,-1,-1,-0.01,-1,-1,-0.01,-1,-1,-0.01,-1,-1,-0.01,-1,-1,-0.01,-1,-1,-0.01,-1,-1,-0.01,-1,-1,-0.01,-1,-1,-0.01,-1,-1
99926009,2026-05-18 10:12:26+05:30,52878.8,0,0.0,0,0.0,0.0,53282.15,53308.4,52783.45,53710.35,0,0.0,0.0,0.0,0.0,-0.01,-1,-1,-0.01,-1,-1,-0.01,-1,-1,-0.01,-1,-1,-0.01,-1,-1,-0.01,-1,-1,-0.01,-1,-1,-0.01,-1,-1,-0.01,-1,-1,-0.01,-1,-1
99926009,2026-05-18 10:12:26+05:30,52881.5,0,0.0,0,0.0,0.0,53282.15,53308.4,52783.45,53710.35,0,0.0,0.0,0.0,0.0,-0.01,-1,-1,-0.01,-1,-1,-0.01,-1,-1,-0.01,-1,-1,-0.01,-1,-1,-0.01,-1,-1,-0.01,-1,-1,-0.01,-1,-1,-0.01,-1,-1,-0.01,-1,-1
99926009,2026-05-18 10:12:27+05:30,52883.8,0,0.0,0,0.0,0.0,53282.15,53308.4,52783.45,53710.35,0,0.0,0.0,0.0,0.0,-0.01,-1,-1,-0.01,-1,-1,-0.01,-1,-1,-0.01,-1,-1,-0.01,-1,-1,-0.01,-1,-1,-0.01,-1,-1,-0.01,-1,-1,-0.01,-1,-1,-0.01,-1,-1
99926009,2026-05-18 10:12:27+05:30,52887.95,0,0.0,0,0.0,0.0,53282.15,53308.4,52783.45,53710.35,0,0.0,0.0,0.0,0.0,-0.01,-1,-1,-0.01,-1,-1,-0.01,-1,-1,-0.01,-1,-1,-0.01,-1,-1,-0.01,-1,-1,-0.01,-1,-1,-0.01,-1,-1,-0.01,-1,-1,-0.01,-1,-1
99926009,2026-05-18 10:12:28+05:30,52888.15,0,0.0,0,0.0,0.0,53282.15,53308.4,52783.45,53710.35,0,0.0,0.0,0.0,0.0,-0.01,-1,-1,-0.01,-1,-1,-0.01,-1,-1,-0.01,-1,-1,-0.01,-1,-1,-0.01,-1,-1,-0.01,-1,-1,-0.01,-1,-1,-0.01,-1,-1,-0.01,-1,-1
99926009,2026-05-18 10:12:28+05:30,52885.25,0,0.0,0,0.0,0.0,53282.15,53308.4,52783.45,53710.35,0,0.0,0.0,0.0,0.0,-0.01,-1,-1,-0.01,-1,-1,-0.01,-1,-1,-0.01,-1,-1,-0.01,-1,-1,-0.01,-1,-1,-0.01,-1,-1,-0.01,-1,-1,-0.01,-1,-1,-0.01,-1,-1
99926009,2026-05-18 10:12:29+05:30,52886.7,0,0.0,0,0.0,0.0,53282.15,53308.4,52783.45,53710.35,0,0.0,0.0,0.0,0.0,-0.01,-1,-1,-0.01,-1,-1,-0.01,-1,-1,-0.01,-1,-1,-0.01,-1,-1,-0.01,-1,-1,-0.01,-1,-1,-0.01,-1,-1,-0.01,-1,-1,-0.01,-1,-1
99926009,2026-05-18 10:12:29+05:30,52884.55,0,0.0,0,0.0,0.0,53282.15,53308.4,52783.45,53710.35,0,0.0,0.0,0.0,0.0,-0.01,-1,-1,-0.01,-1,-1,-0.01,-1,-1,-0.01,-1,-1,-0.01,-1,-1,-0.01,-1,-1,-0.01,-1,-1,-0.01,-1,-1,-0.01,-1,-1,-0.01,-1,-1
99926009,2026-05-18 10:12:30+05:30,52884.95,0,0.0,0,0.0,0.0,53282.15,53308.4,52783.45,53710.35,0,0.0,0.0,0.0,0.0,-0.01,-1,-1,-0.01,-1,-1,-0.01,-1,-1,-0.01,-1,-1,-0.01,-1,-1,-0.01,-1,-1,-0.01,-1,-1,-0.01,-1,-1,-0.01,-1,-1,-0.01,-1,-1
99926009,2026-05-18 10:12:30+05:30,52884.85,0,0.0,0,0.0,0.0,53282.15,53308.4,52783.45,53710.35,0,0.0,0.0,0.0,0.0,-0.01,-1,-1,-0.01,-1,-1,-0.01,-1,-1,-0.01,-1,-1,-0.01,-1,-1,-0.01,-1,-1,-0.01,-1,-1,-0.01,-1,-1,-0.01,-1,-1,-0.01,-1,-1
99926009,2026-05-18 10:12:31+05:30,52883.95,0,0.0,0,0.0,0.0,53282.15,53308.4,52783.45,53710.35,0,0.0,0.0,0.0,0.0,-0.01,-1,-1,-0.01,-1,-1,-0.01,-1,-1,-0.01,-1,-1,-0.01,-1,-1,-0.01,-1,-1,-0.01,-1,-1,-0.01,-1,-1,-0.01,-1,-1,-0.01,-1,-1
99926009,2026-05-18 10:12:31+05:30,52883.1,0,0.0,0,0.0,0.0,53282.15,53308.4,52783.45,53710.35,0,0.0,0.0,0.0,0.0,-0.01,-1,-1,-0.01,-1,-1,-0.01,-1,-1,-0.01,-1,-1,-0.01,-1,-1,-0.01,-1,-1,-0.01,-1,-1,-0.01,-1,-1,-0.01,-1,-1,-0.01,-1,-1
99926009,2026-05-18 10:12:32+05:30,52884.8,0,0.0,0,0.0,0.0,53282.15,53308.4,52783.45,53710.35,0,0.0,0.0,0.0,0.0,-0.01,-1,-1,-0.01,-1,-1,-0.01,-1,-1,-0.01,-1,-1,-0.01,-1,-1,-0.01,-1,-1,-0.01,-1,-1,-0.01,-1,-1,-0.01,-1,-1,-0.01,-1,-1
99926009,2026-05-18 10:12:32+05:30,52884.7,0,0.0,0,0.0,0.0,53282.15,53308.4,52783.45,53710.35,0,0.0,0.0,0.0,0.0,-0.01,-1,-1,-0.01,-1,-1,-0.01,-1,-1,-0.01,-1,-1,-0.01,-1,-1,-0.01,-1,-1,-0.01,-1,-1,-0.01,-1,-1,-0.01,-1,-1,-0.01,-1,-1
99926009,2026-05-18 10:12:33+05:30,52882.55,0,0.0,0,0.0,0.0,53282.15,53308.4,52783.45,53710.35,0,0.0,0.0,0.0,0.0,-0.01,-1,-1,-0.01,-1,-1,-0.01,-1,-1,-0.01,-1,-1,-0.01,-1,-1,-0.01,-1,-1,-0.01,-1,-1,-0.01,-1,-1,-0.01,-1,-1,-0.01,-1,-1
99926009,2026-05-18 10:12:33+05:30,52885.0,0,0.0,0,0.0,0.0,53282.15,53308.4,52783.45,53710.35,0,0.0,0.0,0.0,0.0,-0.01,-1,-1,-0.01,-1,-1,-0.01,-1,-1,-0.01,-1,-1,-0.01,-1,-1,-0.01,-1,-1,-0.01,-1,-1,-0.01,-1,-1,-0.01,-1,-1,-0.01,-1,-1
99926009,2026-05-18 10:12:34+05:30,52882.8,0,0.0,0,0.0,0.0,53282.15,53308.4,52783.45,53710.35,0,0.0,0.0,0.0,0.0,-0.01,-1,-1,-0.01,-1,-1,-0.01,-1,-1,-0.01,-1,-1,-0.01,-1,-1,-0.01,-1,-1,-0.01,-1,-1,-0.01,-1,-1,-0.01,-1,-1,-0.01,-1,-1
99926009,2026-05-18 10:12:34+05:30,52890.1,0,0.0,0,0.0,0.0,53282.15,53308.4,52783.45,53710.35,0,0.0,0.0,0.0,0.0,-0.01,-1,-1,-0.01,-1,-1,-0.01,-1,-1,-0.01,-1,-1,-0.01,-1,-1,-0.01,-1,-1,-0.01,-1,-1,-0.01,-1,-1,-0.01,-1,-1,-0.01,-1,-1
99926009,2026-05-18 10:12:35+05:30,52886.25,0,0.0,0,0.0,0.0,53282.15,53308.4,52783.45,53710.35,0,0.0,0.0,0.0,0.0,-0.01,-1,-1,-0.01,-1,-1,-0.01,-1,-1,-0.01,-1,-1,-0.01,-1,-1,-0.01,-1,-1,-0.01,-1,-1,-0.01,-1,-1,-0.01,-1,-1,-0.01,-1,-1
99926009,2026-05-18 10:12:35+05:30,52883.7,0,0.0,0,0.0,0.0,53282.15,53308.4,52783.45,53710.35,0,0.0,0.0,0.0,0.0,-0.01,-1,-1,-0.01,-1,-1,-0.01,-1,-1,-0.01,-1,-1,-0.01,-1,-1,-0.01,-1,-1,-0.01,-1,-1,-0.01,-1,-1,-0.01,-1,-1,-0.01,-1,-1
99926009,2026-05-18 10:12:36+05:30,52884.1,0,0.0,0,0.0,0.0,53282.15,53308.4,52783.45,53710.35,0,0.0,0.0,0.0,0.0,-0.01,-1,-1,-0.01,-1,-1,-0.01,-1,-1,-0.01,-1,-1,-0.01,-1,-1,-0.01,-1,-1,-0.01,-1,-1,-0.01,-1,-1,-0.01,-1,-1,-0.01,-1,-1
99926009,2026-05-18 10:12:36+05:30,52890.2,0,0.0,0,0.0,0.0,53282.15,53308.4,52783.45,53710.35,0,0.0,0.0,0.0,0.0,-0.01,-1,-1,-0.01,-1,-1,-0.01,-1,-1,-0.01,-1,-1,-0.01,-1,-1,-0.01,-1,-1,-0.01,-1,-1,-0.01,-1,-1,-0.01,-1,-1,-0.01,-1,-1
99926009,2026-05-18 10:12:37+05:30,52891.05,0,0.0,0,0.0,0.0,53282.15,53308.4,52783.45,53710.35,0,0.0,0.0,0.0,0.0,-0.01,-1,-1,-0.01,-1,-1,-0.01,-1,-1,-0.01,-1,-1,-0.01,-1,-1,-0.01,-1,-1,-0.01,-1,-1,-0.01,-1,-1,-0.01,-1,-1,-0.01,-1,-1
99926009,2026-05-18 10:12:37+05:30,52886.6,0,0.0,0,0.0,0.0,53282.15,53308.4,52783.45,53710.35,0,0.0,0.0,0.0,0.0,-0.01,-1,-1,-0.01,-1,-1,-0.01,-1,-1,-0.01,-1,-1,-0.01,-1,-1,-0.01,-1,-1,-0.01,-1,-1,-0.01,-1,-1,-0.01,-1,-1,-0.01,-1,-1
99926009,2026-05-18 10:12:38+05:30,52886.45,0,0.0,0,0.0,0.0,53282.15,53308.4,52783.45,53710.35,0,0.0,0.0,0.0,0.0,-0.01,-1,-1,-0.01,-1,-1,-0.01,-1,-1,-0.01,-1,-1,-0.01,-1,-1,-0.01,-1,-1,-0.01,-1,-1,-0.01,-1,-1,-0.01,-1,-1,-0.01,-1,-1
99926009,2026-05-18 10:12:38+05:30,52887.65,0,0.0,0,0.0,0.0,53282.15,53308.4,52783.45,53710.35,0,0.0,0.0,0.0,0.0,-0.01,-1,-1,-0.01,-1,-1,-0.01,-1,-1,-0.01,-1,-1,-0.01,-1,-1,-0.01,-1,-1,-0.01,-1,-1,-0.01,-1,-1,-0.01,-1,-1,-0.01,-1,-1
99926009,2026-05-18 10:12:39+05:30,52887.8,0,0.0,0,0.0,0.0,53282.15,53308.4,52783.45,53710.35,0,0.0,0.0,0.0,0.0,-0.01,-1,-1,-0.01,-1,-1,-0.01,-1,-1,-0.01,-1,-1,-0.01,-1,-1,-0.01,-1,-1,-0.01,-1,-1,-0.01,-1,-1,-0.01,-1,-1,-0.01,-1,-1
99926009,2026-05-18 10:12:39+05:30,52890.0,0,0.0,0,0.0,0.0,53282.15,53308.4,52783.45,53710.35,0,0.0,0.0,0.0,0.0,-0.01,-1,-1,-0.01,-1,-1,-0.01,-1,-1,-0.01,-1,-1,-0.01,-1,-1,-0.01,-1,-1,-0.01,-1,-1,-0.01,-1,-1,-0.01,-1,-1,-0.01,-1,-1
99926009,2026-05-18 10:12:40+05:30,52887.85,0,0.0,0,0.0,0.0,53282.15,53308.4,52783.45,53710.35,0,0.0,0.0,0.0,0.0,-0.01,-1,-1,-0.01,-1,-1,-0.01,-1,-1,-0.01,-1,-1,-0.01,-1,-1,-0.01,-1,-1,-0.01,-1,-1,-0.01,-1,-1,-0.01,-1,-1,-0.01,-1,-1
99926009,2026-05-18 10:12:40+05:30,52884.9,0,0.0,0,0.0,0.0,53282.15,53308.4,52783.45,53710.35,0,0.0,0.0,0.0,0.0,-0.01,-1,-1,-0.01,-1,-1,-0.01,-1,-1,-0.01,-1,-1,-0.01,-1,-1,-0.01,-1,-1,-0.01,-1,-1,-0.01,-1,-1,-0.01,-1,-1,-0.01,-1,-1
99926009,2026-05-18 10:12:41+05:30,52880.75,0,0.0,0,0.0,0.0,53282.15,53308.4,52783.45,53710.35,0,0.0,0.0,0.0,0.0,-0.01,-1,-1,-0.01,-1,-1,-0.01,-1,-1,-0.01,-1,-1,-0.01,-1,-1,-0.01,-1,-1,-0.01,-1,-1,-0.01,-1,-1,-0.01,-1,-1,-0.01,-1,-1
99926009,2026-05-18 10:12:41+05:30,52879.0,0,0.0,0,0.0,0.0,53282.15,53308.4,52783.45,53710.35,0,0.0,0.0,0.0,0.0,-0.01,-1,-1,-0.01,-1,-1,-0.01,-1,-1,-0.01,-1,-1,-0.01,-1,-1,-0.01,-1,-1,-0.01,-1,-1,-0.01,-1,-1,-0.01,-1,-1,-0.01,-1,-1
99926009,2026-05-18 10:12:42+05:30,52878.65,0,0.0,0,0.0,0.0,53282.15,53308.4,52783.45,53710.35,0,0.0,0.0,0.0,0.0,-0.01,-1,-1,-0.01,-1,-1,-0.01,-1,-1,-0.01,-1,-1,-0.01,-1,-1,-0.01,-1,-1,-0.01,-1,-1,-0.01,-1,-1,-0.01,-1,-1,-0.01,-1,-1
99926009,2026-05-18 10:12:42+05:30,52872.9,0,0.0,0,0.0,0.0,53282.15,53308.4,52783.45,53710.35,0,0.0,0.0,0.0,0.0,-0.01,-1,-1,-0.01,-1,-1,-0.01,-1,-1,-0.01,-1,-1,-0.01,-1,-1,-0.01,-1,-1,-0.01,-1,-1,-0.01,-1,-1,-0.01,-1,-1,-0.01,-1,-1
99926009,2026-05-18 10:12:43+05:30,52873.15,0,0.0,0,0.0,0.0,53282.15,53308.4,52783.45,53710.35,0,0.0,0.0,0.0,0.0,-0.01,-1,-1,-0.01,-1,-1,-0.01,-1,-1,-0.01,-1,-1,-0.01,-1,-1,-0.01,-1,-1,-0.01,-1,-1,-0.01,-1,-1,-0.01,-1,-1,-0.01,-1,-1
99926009,2026-05-18 10:12:43+05:30,52870.2,0,0.0,0,0.0,0.0,53282.15,53308.4,52783.45,53710.35,0,0.0,0.0,0.0,0.0,-0.01,-1,-1,-0.01,-1,-1,-0.01,-1,-1,-0.01,-1,-1,-0.01,-1,-1,-0.01,-1,-1,-0.01,-1,-1,-0.01,-1,-1,-0.01,-1,-1,-0.01,-1,-1
99926009,2026-05-18 10:12:44+05:30,52865.8,0,0.0,0,0.0,0.0,53282.15,53308.4,52783.45,53710.35,0,0.0,0.0,0.0,0.0,-0.01,-1,-1,-0.01,-1,-1,-0.01,-1,-1,-0.01,-1,-1,-0.01,-1,-1,-0.01,-1,-1,-0.01,-1,-1,-0.01,-1,-1,-0.01,-1,-1,-0.01,-1,-1
99926009,2026-05-18 10:12:44+05:30,52871.7,0,0.0,0,0.0,0.0,53282.15,53308.4,52783.45,53710.35,0,0.0,0.0,0.0,0.0,-0.01,-1,-1,-0.01,-1,-1,-0.01,-1,-1,-0.01,-1,-1,-0.01,-1,-1,-0.01,-1,-1,-0.01,-1,-1,-0.01,-1,-1,-0.01,-1,-1,-0.01,-1,-1
99926009,2026-05-18 10:12:45+05:30,52868.75,0,0.0,0,0.0,0.0,53282.15,53308.4,52783.45,53710.35,0,0.0,0.0,0.0,0.0,-0.01,-1,-1,-0.01,-1,-1,-0.01,-1,-1,-0.01,-1,-1,-0.01,-1,-1,-0.01,-1,-1,-0.01,-1,-1,-0.01,-1,-1,-0.01,-1,-1,-0.01,-1,-1
99926009,2026-05-18 10:12:45+05:30,52868.25,0,0.0,0,0.0,0.0,53282.15,53308.4,52783.45,53710.35,0,0.0,0.0,0.0,0.0,-0.01,-1,-1,-0.01,-1,-1,-0.01,-1,-1,-0.01,-1,-1,-0.01,-1,-1,-0.01,-1,-1,-0.01,-1,-1,-0.01,-1,-1,-0.01,-1,-1,-0.01,-1,-1
99926009,2026-05-18 10:12:46+05:30,52870.45,0,0.0,0,0.0,0.0,53282.15,53308.4,52783.45,53710.35,0,0.0,0.0,0.0,0.0,-0.01,-1,-1,-0.01,-1,-1,-0.01,-1,-1,-0.01,-1,-1,-0.01,-1,-1,-0.01,-1,-1,-0.01,-1,-1,-0.01,-1,-1,-0.01,-1,-1,-0.01,-1,-1
99926009,2026-05-18 10:12:46+05:30,52870.8,0,0.0,0,0.0,0.0,53282.15,53308.4,52783.45,53710.35,0,0.0,0.0,0.0,0.0,-0.01,-1,-1,-0.01,-1,-1,-0.01,-1,-1,-0.01,-1,-1,-0.01,-1,-1,-0.01,-1,-1,-0.01,-1,-1,-0.01,-1,-1,-0.01,-1,-1,-0.01,-1,-1
99926009,2026-05-18 10:12:47+05:30,52872.1,0,0.0,0,0.0,0.0,53282.15,53308.4,52783.45,53710.35,0,0.0,0.0,0.0,0.0,-0.01,-1,-1,-0.01,-1,-1,-0.01,-1,-1,-0.01,-1,-1,-0.01,-1,-1,-0.01,-1,-1,-0.01,-1,-1,-0.01,-1,-1,-0.01,-1,-1,-0.01,-1,-1
99926009,2026-05-18 10:12:47+05:30,52871.8,0,0.0,0,0.0,0.0,53282.15,53308.4,52783.45,53710.35,0,0.0,0.0,0.0,0.0,-0.01,-1,-1,-0.01,-1,-1,-0.01,-1,-1,-0.01,-1,-1,-0.01,-1,-1,-0.01,-1,-1,-0.01,-1,-1,-0.01,-1,-1,-0.01,-1,-1,-0.01,-1,-1
99926009,2026-05-18 10:12:48+05:30,52873.35,0,0.0,0,0.0,0.0,53282.15,53308.4,52783.45,53710.35,0,0.0,0.0,0.0,0.0,-0.01,-1,-1,-0.01,-1,-1,-0.01,-1,-1,-0.01,-1,-1,-0.01,-1,-1,-0.01,-1,-1,-0.01,-1,-1,-0.01,-1,-1,-0.01,-1,-1,-0.01,-1,-1
99926009,2026-05-18 10:12:48+05:30,52873.2,0,0.0,0,0.0,0.0,53282.15,53308.4,52783.45,53710.35,0,0.0,0.0,0.0,0.0,-0.01,-1,-1,-0.01,-1,-1,-0.01,-1,-1,-0.01,-1,-1,-0.01,-1,-1,-0.01,-1,-1,-0.01,-1,-1,-0.01,-1,-1,-0.01,-1,-1,-0.01,-1,-1
99926009,2026-05-18 10:12:49+05:30,52873.7,0,0.0,0,0.0,0.0,53282.15,53308.4,52783.45,53710.35,0,0.0,0.0,0.0,0.0,-0.01,-1,-1,-0.01,-1,-1,-0.01,-1,-1,-0.01,-1,-1,-0.01,-1,-1,-0.01,-1,-1,-0.01,-1,-1,-0.01,-1,-1,-0.01,-1,-1,-0.01,-1,-1
99926009,2026-05-18 10:12:49+05:30,52870.65,0,0.0,0,0.0,0.0,53282.15,53308.4,52783.45,53710.35,0,0.0,0.0,0.0,0.0,-0.01,-1,-1,-0.01,-1,-1,-0.01,-1,-1,-0.01,-1,-1,-0.01,-1,-1,-0.01,-1,-1,-0.01,-1,-1,-0.01,-1,-1,-0.01,-1,-1,-0.01,-1,-1
99926009,2026-05-18 10:12:50+05:30,52866.65,0,0.0,0,0.0,0.0,53282.15,53308.4,52783.45,53710.35,0,0.0,0.0,0.0,0.0,-0.01,-1,-1,-0.01,-1,-1,-0.01,-1,-1,-0.01,-1,-1,-0.01,-1,-1,-0.01,-1,-1,-0.01,-1,-1,-0.01,-1,-1,-0.01,-1,-1,-0.01,-1,-1
99926009,2026-05-18 10:12:50+05:30,52869.1,0,0.0,0,0.0,0.0,53282.15,53308.4,52783.45,53710.35,0,0.0,0.0,0.0,0.0,-0.01,-1,-1,-0.01,-1,-1,-0.01,-1,-1,-0.01,-1,-1,-0.01,-1,-1,-0.01,-1,-1,-0.01,-1,-1,-0.01,-1,-1,-0.01,-1,-1,-0.01,-1,-1
99926009,2026-05-18 10:12:51+05:30,52867.65,0,0.0,0,0.0,0.0,53282.15,53308.4,52783.45,53710.35,0,0.0,0.0,0.0,0.0,-0.01,-1,-1,-0.01,-1,-1,-0.01,-1,-1,-0.01,-1,-1,-0.01,-1,-1,-0.01,-1,-1,-0.01,-1,-1,-0.01,-1,-1,-0.01,-1,-1,-0.01,-1,-1
99926009,2026-05-18 10:12:51+05:30,52871.8,0,0.0,0,0.0,0.0,53282.15,53308.4,52783.45,53710.35,0,0.0,0.0,0.0,0.0,-0.01,-1,-1,-0.01,-1,-1,-0.01,-1,-1,-0.01,-1,-1,-0.01,-1,-1,-0.01,-1,-1,-0.01,-1,-1,-0.01,-1,-1,-0.01,-1,-1,-0.01,-1,-1
99926009,2026-05-18 10:12:52+05:30,52866.95,0,0.0,0,0.0,0.0,53282.15,53308.4,52783.45,53710.35,0,0.0,0.0,0.0,0.0,-0.01,-1,-1,-0.01,-1,-1,-0.01,-1,-1,-0.01,-1,-1,-0.01,-1,-1,-0.01,-1,-1,-0.01,-1,-1,-0.01,-1,-1,-0.01,-1,-1,-0.01,-1,-1
99926009,2026-05-18 10:12:52+05:30,52867.2,0,0.0,0,0.0,0.0,53282.15,53308.4,52783.45,53710.35,0,0.0,0.0,0.0,0.0,-0.01,-1,-1,-0.01,-1,-1,-0.01,-1,-1,-0.01,-1,-1,-0.01,-1,-1,-0.01,-1,-1,-0.01,-1,-1,-0.01,-1,-1,-0.01,-1,-1,-0.01,-1,-1
99926009,2026-05-18 10:12:53+05:30,52869.25,0,0.0,0,0.0,0.0,53282.15,53308.4,52783.45,53710.35,0,0.0,0.0,0.0,0.0,-0.01,-1,-1,-0.01,-1,-1,-0.01,-1,-1,-0.01,-1,-1,-0.01,-1,-1,-0.01,-1,-1,-0.01,-1,-1,-0.01,-1,-1,-0.01,-1,-1,-0.01,-1,-1
99926009,2026-05-18 10:12:53+05:30,52869.25,0,0.0,0,0.0,0.0,53282.15,53308.4,52783.45,53710.35,0,0.0,0.0,0.0,0.0,-0.01,-1,-1,-0.01,-1,-1,-0.01,-1,-1,-0.01,-1,-1,-0.01,-1,-1,-0.01,-1,-1,-0.01,-1,-1,-0.01,-1,-1,-0.01,-1,-1,-0.01,-1,-1
99926009,2026-05-18 10:12:54+05:30,52869.0,0,0.0,0,0.0,0.0,53282.15,53308.4,52783.45,53710.35,0,0.0,0.0,0.0,0.0,-0.01,-1,-1,-0.01,-1,-1,-0.01,-1,-1,-0.01,-1,-1,-0.01,-1,-1,-0.01,-1,-1,-0.01,-1,-1,-0.01,-1,-1,-0.01,-1,-1,-0.01,-1,-1
99926009,2026-05-18 10:12:54+05:30,52869.65,0,0.0,0,0.0,0.0,53282.15,53308.4,52783.45,53710.35,0,0.0,0.0,0.0,0.0,-0.01,-1,-1,-0.01,-1,-1,-0.01,-1,-1,-0.01,-1,-1,-0.01,-1,-1,-0.01,-1,-1,-0.01,-1,-1,-0.01,-1,-1,-0.01,-1,-1,-0.01,-1,-1
99926009,2026-05-18 10:12:55+05:30,52868.6,0,0.0,0,0.0,0.0,53282.15,53308.4,52783.45,53710.35,0,0.0,0.0,0.0,0.0,-0.01,-1,-1,-0.01,-1,-1,-0.01,-1,-1,-0.01,-1,-1,-0.01,-1,-1,-0.01,-1,-1,-0.01,-1,-1,-0.01,-1,-1,-0.01,-1,-1,-0.01,-1,-1
99926009,2026-05-18 10:12:55+05:30,52865.9,0,0.0,0,0.0,0.0,53282.15,53308.4,52783.45,53710.35,0,0.0,0.0,0.0,0.0,-0.01,-1,-1,-0.01,-1,-1,-0.01,-1,-1,-0.01,-1,-1,-0.01,-1,-1,-0.01,-1,-1,-0.01,-1,-1,-0.01,-1,-1,-0.01,-1,-1,-0.01,-1,-1
99926009,2026-05-18 10:12:56+05:30,52863.0,0,0.0,0,0.0,0.0,53282.15,53308.4,52783.45,53710.35,0,0.0,0.0,0.0,0.0,-0.01,-1,-1,-0.01,-1,-1,-0.01,-1,-1,-0.01,-1,-1,-0.01,-1,-1,-0.01,-1,-1,-0.01,-1,-1,-0.01,-1,-1,-0.01,-1,-1,-0.01,-1,-1
99926009,2026-05-18 10:12:56+05:30,52864.3,0,0.0,0,0.0,0.0,53282.15,53308.4,52783.45,53710.35,0,0.0,0.0,0.0,0.0,-0.01,-1,-1,-0.01,-1,-1,-0.01,-1,-1,-0.01,-1,-1,-0.01,-1,-1,-0.01,-1,-1,-0.01,-1,-1,-0.01,-1,-1,-0.01,-1,-1,-0.01,-1,-1
99926009,2026-05-18 10:12:57+05:30,52864.3,0,0.0,0,0.0,0.0,53282.15,53308.4,52783.45,53710.35,0,0.0,0.0,0.0,0.0,-0.01,-1,-1,-0.01,-1,-1,-0.01,-1,-1,-0.01,-1,-1,-0.01,-1,-1,-0.01,-1,-1,-0.01,-1,-1,-0.01,-1,-1,-0.01,-1,-1,-0.01,-1,-1
99926009,2026-05-18 10:12:57+05:30,52862.95,0,0.0,0,0.0,0.0,53282.15,53308.4,52783.45,53710.35,0,0.0,0.0,0.0,0.0,-0.01,-1,-1,-0.01,-1,-1,-0.01,-1,-1,-0.01,-1,-1,-0.01,-1,-1,-0.01,-1,-1,-0.01,-1,-1,-0.01,-1,-1,-0.01,-1,-1,-0.01,-1,-1
99926009,2026-05-18 10:12:58+05:30,52862.9,0,0.0,0,0.0,0.0,53282.15,53308.4,52783.45,53710.35,0,0.0,0.0,0.0,0.0,-0.01,-1,-1,-0.01,-1,-1,-0.01,-1,-1,-0.01,-1,-1,-0.01,-1,-1,-0.01,-1,-1,-0.01,-1,-1,-0.01,-1,-1,-0.01,-1,-1,-0.01,-1,-1
99926009,2026-05-18 10:12:58+05:30,52861.35,0,0.0,0,0.0,0.0,53282.15,53308.4,52783.45,53710.35,0,0.0,0.0,0.0,0.0,-0.01,-1,-1,-0.01,-1,-1,-0.01,-1,-1,-0.01,-1,-1,-0.01,-1,-1,-0.01,-1,-1,-0.01,-1,-1,-0.01,-1,-1,-0.01,-1,-1,-0.01,-1,-1
99926009,2026-05-18 10:12:59+05:30,52862.9,0,0.0,0,0.0,0.0,53282.15,53308.4,52783.45,53710.35,0,0.0,0.0,0.0,0.0,-0.01,-1,-1,-0.01,-1,-1,-0.01,-1,-1,-0.01,-1,-1,-0.01,-1,-1,-0.01,-1,-1,-0.01,-1,-1,-0.01,-1,-1,-0.01,-1,-1,-0.01,-1,-1
99926009,2026-05-18 10:12:59+05:30,52862.0,0,0.0,0,0.0,0.0,53282.15,53308.4,52783.45,53710.35,0,0.0,0.0,0.0,0.0,-0.01,-1,-1,-0.01,-1,-1,-0.01,-1,-1,-0.01,-1,-1,-0.01,-1,-1,-0.01,-1,-1,-0.01,-1,-1,-0.01,-1,-1,-0.01,-1,-1,-0.01,-1,-1
99926009,2026-05-18 10:13:00+05:30,52864.7,0,0.0,0,0.0,0.0,53282.15,53308.4,52783.45,53710.35,0,0.0,0.0,0.0,0.0,-0.01,-1,-1,-0.01,-1,-1,-0.01,-1,-1,-0.01,-1,-1,-0.01,-1,-1,-0.01,-1,-1,-0.01,-1,-1,-0.01,-1,-1,-0.01,-1,-1,-0.01,-1,-1
99926009,2026-05-18 10:13:00+05:30,52864.55,0,0.0,0,0.0,0.0,53282.15,53308.4,52783.45,53710.35,0,0.0,0.0,0.0,0.0,-0.01,-1,-1,-0.01,-1,-1,-0.01,-1,-1,-0.01,-1,-1,-0.01,-1,-1,-0.01,-1,-1,-0.01,-1,-1,-0.01,-1,-1,-0.01,-1,-1,-0.01,-1,-1
99926009,2026-05-18 10:13:01+05:30,52864.75,0,0.0,0,0.0,0.0,53282.15,53308.4,52783.45,53710.35,0,0.0,0.0,0.0,0.0,-0.01,-1,-1,-0.01,-1,-1,-0.01,-1,-1,-0.01,-1,-1,-0.01,-1,-1,-0.01,-1,-1,-0.01,-1,-1,-0.01,-1,-1,-0.01,-1,-1,-0.01,-1,-1
99926009,2026-05-18 10:13:01+05:30,52865.45,0,0.0,0,0.0,0.0,53282.15,53308.4,52783.45,53710.35,0,0.0,0.0,0.0,0.0,-0.01,-1,-1,-0.01,-1,-1,-0.01,-1,-1,-0.01,-1,-1,-0.01,-1,-1,-0.01,-1,-1,-0.01,-1,-1,-0.01,-1,-1,-0.01,-1,-1,-0.01,-1,-1
99926009,2026-05-18 10:13:02+05:30,52863.5,0,0.0,0,0.0,0.0,53282.15,53308.4,52783.45,53710.35,0,0.0,0.0,0.0,0.0,-0.01,-1,-1,-0.01,-1,-1,-0.01,-1,-1,-0.01,-1,-1,-0.01,-1,-1,-0.01,-1,-1,-0.01,-1,-1,-0.01,-1,-1,-0.01,-1,-1,-0.01,-1,-1
99926009,2026-05-18 10:13:02+05:30,52865.1,0,0.0,0,0.0,0.0,53282.15,53308.4,52783.45,53710.35,0,0.0,0.0,0.0,0.0,-0.01,-1,-1,-0.01,-1,-1,-0.01,-1,-1,-0.01,-1,-1,-0.01,-1,-1,-0.01,-1,-1,-0.01,-1,-1,-0.01,-1,-1,-0.01,-1,-1,-0.01,-1,-1
99926009,2026-05-18 10:13:03+05:30,52864.8,0,0.0,0,0.0,0.0,53282.15,53308.4,52783.45,53710.35,0,0.0,0.0,0.0,0.0,-0.01,-1,-1,-0.01,-1,-1,-0.01,-1,-1,-0.01,-1,-1,-0.01,-1,-1,-0.01,-1,-1,-0.01,-1,-1,-0.01,-1,-1,-0.01,-1,-1,-0.01,-1,-1
99926009,2026-05-18 10:13:03+05:30,52862.75,0,0.0,0,0.0,0.0,53282.15,53308.4,52783.45,53710.35,0,0.0,0.0,0.0,0.0,-0.01,-1,-1,-0.01,-1,-1,-0.01,-1,-1,-0.01,-1,-1,-0.01,-1,-1,-0.01,-1,-1,-0.01,-1,-1,-0.01,-1,-1,-0.01,-1,-1,-0.01,-1,-1
99926009,2026-05-18 10:13:04+05:30,52860.05,0,0.0,0,0.0,0.0,53282.15,53308.4,52783.45,53710.35,0,0.0,0.0,0.0,0.0,-0.01,-1,-1,-0.01,-1,-1,-0.01,-1,-1,-0.01,-1,-1,-0.01,-1,-1,-0.01,-1,-1,-0.01,-1,-1,-0.01,-1,-1,-0.01,-1,-1,-0.01,-1,-1
99926009,2026-05-18 10:13:04+05:30,52866.0,0,0.0,0,0.0,0.0,53282.15,53308.4,52783.45,53710.35,0,0.0,0.0,0.0,0.0,-0.01,-1,-1,-0.01,-1,-1,-0.01,-1,-1,-0.01,-1,-1,-0.01,-1,-1,-0.01,-1,-1,-0.01,-1,-1,-0.01,-1,-1,-0.01,-1,-1,-0.01,-1,-1
99926009,2026-05-18 10:13:05+05:30,52864.4,0,0.0,0,0.0,0.0,53282.15,53308.4,52783.45,53710.35,0,0.0,0.0,0.0,0.0,-0.01,-1,-1,-0.01,-1,-1,-0.01,-1,-1,-0.01,-1,-1,-0.01,-1,-1,-0.01,-1,-1,-0.01,-1,-1,-0.01,-1,-1,-0.01,-1,-1,-0.01,-1,-1
99926009,2026-05-18 10:13:05+05:30,52866.5,0,0.0,0,0.0,0.0,53282.15,53308.4,52783.45,53710.35,0,0.0,0.0,0.0,0.0,-0.01,-1,-1,-0.01,-1,-1,-0.01,-1,-1,-0.01,-1,-1,-0.01,-1,-1,-0.01,-1,-1,-0.01,-1,-1,-0.01,-1,-1,-0.01,-1,-1,-0.01,-1,-1
99926009,2026-05-18 10:13:06+05:30,52865.35,0,0.0,0,0.0,0.0,53282.15,53308.4,52783.45,53710.35,0,0.0,0.0,0.0,0.0,-0.01,-1,-1,-0.01,-1,-1,-0.01,-1,-1,-0.01,-1,-1,-0.01,-1,-1,-0.01,-1,-1,-0.01,-1,-1,-0.01,-1,-1,-0.01,-1,-1,-0.01,-1,-1
99926009,2026-05-18 10:13:06+05:30,52863.9,0,0.0,0,0.0,0.0,53282.15,53308.4,52783.45,53710.35,0,0.0,0.0,0.0,0.0,-0.01,-1,-1,-0.01,-1,-1,-0.01,-1,-1,-0.01,-1,-1,-0.01,-1,-1,-0.01,-1,-1,-0.01,-1,-1,-0.01,-1,-1,-0.01,-1,-1,-0.01,-1,-1
99926009,2026-05-18 10:13:07+05:30,52865.1,0,0.0,0,0.0,0.0,53282.15,53308.4,52783.45,53710.35,0,0.0,0.0,0.0,0.0,-0.01,-1,-1,-0.01,-1,-1,-0.01,-1,-1,-0.01,-1,-1,-0.01,-1,-1,-0.01,-1,-1,-0.01,-1,-1,-0.01,-1,-1,-0.01,-1,-1,-0.01,-1,-1
99926009,2026-05-18 10:13:07+05:30,52866.55,0,0.0,0,0.0,0.0,53282.15,53308.4,52783.45,53710.35,0,0.0,0.0,0.0,0.0,-0.01,-1,-1,-0.01,-1,-1,-0.01,-1,-1,-0.01,-1,-1,-0.01,-1,-1,-0.01,-1,-1,-0.01,-1,-1,-0.01,-1,-1,-0.01,-1,-1,-0.01,-1,-1
99926009,2026-05-18 10:13:08+05:30,52865.3,0,0.0,0,0.0,0.0,53282.15,53308.4,52783.45,53710.35,0,0.0,0.0,0.0,0.0,-0.01,-1,-1,-0.01,-1,-1,-0.01,-1,-1,-0.01,-1,-1,-0.01,-1,-1,-0.01,-1,-1,-0.01,-1,-1,-0.01,-1,-1,-0.01,-1,-1,-0.01,-1,-1
99926009,2026-05-18 10:13:08+05:30,52863.2,0,0.0,0,0.0,0.0,53282.15,53308.4,52783.45,53710.35,0,0.0,0.0,0.0,0.0,-0.01,-1,-1,-0.01,-1,-1,-0.01,-1,-1,-0.01,-1,-1,-0.01,-1,-1,-0.01,-1,-1,-0.01,-1,-1,-0.01,-1,-1,-0.01,-1,-1,-0.01,-1,-1
99926009,2026-05-18 10:13:09+05:30,52863.25,0,0.0,0,0.0,0.0,53282.15,53308.4,52783.45,53710.35,0,0.0,0.0,0.0,0.0,-0.01,-1,-1,-0.01,-1,-1,-0.01,-1,-1,-0.01,-1,-1,-0.01,-1,-1,-0.01,-1,-1,-0.01,-1,-1,-0.01,-1,-1,-0.01,-1,-1,-0.01,-1,-1
99926009,2026-05-18 10:13:09+05:30,52862.45,0,0.0,0,0.0,0.0,53282.15,53308.4,52783.45,53710.35,0,0.0,0.0,0.0,0.0,-0.01,-1,-1,-0.01,-1,-1,-0.01,-1,-1,-0.01,-1,-1,-0.01,-1,-1,-0.01,-1,-1,-0.01,-1,-1,-0.01,-1,-1,-0.01,-1,-1,-0.01,-1,-1
99926009,2026-05-18 10:13:10+05:30,52863.1,0,0.0,0,0.0,0.0,53282.15,53308.4,52783.45,53710.35,0,0.0,0.0,0.0,0.0,-0.01,-1,-1,-0.01,-1,-1,-0.01,-1,-1,-0.01,-1,-1,-0.01,-1,-1,-0.01,-1,-1,-0.01,-1,-1,-0.01,-1,-1,-0.01,-1,-1,-0.01,-1,-1
99926009,2026-05-18 10:13:10+05:30,52862.0,0,0.0,0,0.0,0.0,53282.15,53308.4,52783.45,53710.35,0,0.0,0.0,0.0,0.0,-0.01,-1,-1,-0.01,-1,-1,-0.01,-1,-1,-0.01,-1,-1,-0.01,-1,-1,-0.01,-1,-1,-0.01,-1,-1,-0.01,-1,-1,-0.01,-1,-1,-0.01,-1,-1
99926009,2026-05-18 10:13:11+05:30,52861.75,0,0.0,0,0.0,0.0,53282.15,53308.4,52783.45,53710.35,0,0.0,0.0,0.0,0.0,-0.01,-1,-1,-0.01,-1,-1,-0.01,-1,-1,-0.01,-1,-1,-0.01,-1,-1,-0.01,-1,-1,-0.01,-1,-1,-0.01,-1,-1,-0.01,-1,-1,-0.01,-1,-1
99926009,2026-05-18 10:13:11+05:30,52864.45,0,0.0,0,0.0,0.0,53282.15,53308.4,52783.45,53710.35,0,0.0,0.0,0.0,0.0,-0.01,-1,-1,-0.01,-1,-1,-0.01,-1,-1,-0.01,-1,-1,-0.01,-1,-1,-0.01,-1,-1,-0.01,-1,-1,-0.01,-1,-1,-0.01,-1,-1,-0.01,-1,-1
99926009,2026-05-18 10:13:12+05:30,52862.65,0,0.0,0,0.0,0.0,53282.15,53308.4,52783.45,53710.35,0,0.0,0.0,0.0,0.0,-0.01,-1,-1,-0.01,-1,-1,-0.01,-1,-1,-0.01,-1,-1,-0.01,-1,-1,-0.01,-1,-1,-0.01,-1,-1,-0.01,-1,-1,-0.01,-1,-1,-0.01,-1,-1
99926009,2026-05-18 10:13:12+05:30,52863.1,0,0.0,0,0.0,0.0,53282.15,53308.4,52783.45,53710.35,0,0.0,0.0,0.0,0.0,-0.01,-1,-1,-0.01,-1,-1,-0.01,-1,-1,-0.01,-1,-1,-0.01,-1,-1,-0.01,-1,-1,-0.01,-1,-1,-0.01,-1,-1,-0.01,-1,-1,-0.01,-1,-1
99926009,2026-05-18 10:13:13+05:30,52860.7,0,0.0,0,0.0,0.0,53282.15,53308.4,52783.45,53710.35,0,0.0,0.0,0.0,0.0,-0.01,-1,-1,-0.01,-1,-1,-0.01,-1,-1,-0.01,-1,-1,-0.01,-1,-1,-0.01,-1,-1,-0.01,-1,-1,-0.01,-1,-1,-0.01,-1,-1,-0.01,-1,-1
99926009,2026-05-18 10:13:13+05:30,52861.6,0,0.0,0,0.0,0.0,53282.15,53308.4,52783.45,53710.35,0,0.0,0.0,0.0,0.0,-0.01,-1,-1,-0.01,-1,-1,-0.01,-1,-1,-0.01,-1,-1,-0.01,-1,-1,-0.01,-1,-1,-0.01,-1,-1,-0.01,-1,-1,-0.01,-1,-1,-0.01,-1,-1
99926009,2026-05-18 10:13:14+05:30,52860.25,0,0.0,0,0.0,0.0,53282.15,53308.4,52783.45,53710.35,0,0.0,0.0,0.0,0.0,-0.01,-1,-1,-0.01,-1,-1,-0.01,-1,-1,-0.01,-1,-1,-0.01,-1,-1,-0.01,-1,-1,-0.01,-1,-1,-0.01,-1,-1,-0.01,-1,-1,-0.01,-1,-1
99926009,2026-05-18 10:13:14+05:30,52858.3,0,0.0,0,0.0,0.0,53282.15,53308.4,52783.45,53710.35,0,0.0,0.0,0.0,0.0,-0.01,-1,-1,-0.01,-1,-1,-0.01,-1,-1,-0.01,-1,-1,-0.01,-1,-1,-0.01,-1,-1,-0.01,-1,-1,-0.01,-1,-1,-0.01,-1,-1,-0.01,-1,-1
99926009,2026-05-18 10:13:15+05:30,52859.2,0,0.0,0,0.0,0.0,53282.15,53308.4,52783.45,53710.35,0,0.0,0.0,0.0,0.0,-0.01,-1,-1,-0.01,-1,-1,-0.01,-1,-1,-0.01,-1,-1,-0.01,-1,-1,-0.01,-1,-1,-0.01,-1,-1,-0.01,-1,-1,-0.01,-1,-1,-0.01,-1,-1
99926009,2026-05-18 10:13:15+05:30,52858.85,0,0.0,0,0.0,0.0,53282.15,53308.4,52783.45,53710.35,0,0.0,0.0,0.0,0.0,-0.01,-1,-1,-0.01,-1,-1,-0.01,-1,-1,-0.01,-1,-1,-0.01,-1,-1,-0.01,-1,-1,-0.01,-1,-1,-0.01,-1,-1,-0.01,-1,-1,-0.01,-1,-1
99926009,2026-05-18 10:13:16+05:30,52860.35,0,0.0,0,0.0,0.0,53282.15,53308.4,52783.45,53710.35,0,0.0,0.0,0.0,0.0,-0.01,-1,-1,-0.01,-1,-1,-0.01,-1,-1,-0.01,-1,-1,-0.01,-1,-1,-0.01,-1,-1,-0.01,-1,-1,-0.01,-1,-1,-0.01,-1,-1,-0.01,-1,-1
99926009,2026-05-18 10:13:16+05:30,52860.3,0,0.0,0,0.0,0.0,53282.15,53308.4,52783.45,53710.35,0,0.0,0.0,0.0,0.0,-0.01,-1,-1,-0.01,-1,-1,-0.01,-1,-1,-0.01,-1,-1,-0.01,-1,-1,-0.01,-1,-1,-0.01,-1,-1,-0.01,-1,-1,-0.01,-1,-1,-0.01,-1,-1
99926009,2026-05-18 10:13:17+05:30,52861.4,0,0.0,0,0.0,0.0,53282.15,53308.4,52783.45,53710.35,0,0.0,0.0,0.0,0.0,-0.01,-1,-1,-0.01,-1,-1,-0.01,-1,-1,-0.01,-1,-1,-0.01,-1,-1,-0.01,-1,-1,-0.01,-1,-1,-0.01,-1,-1,-0.01,-1,-1,-0.01,-1,-1
99926009,2026-05-18 10:13:17+05:30,52864.5,0,0.0,0,0.0,0.0,53282.15,53308.4,52783.45,53710.35,0,0.0,0.0,0.0,0.0,-0.01,-1,-1,-0.01,-1,-1,-0.01,-1,-1,-0.01,-1,-1,-0.01,-1,-1,-0.01,-1,-1,-0.01,-1,-1,-0.01,-1,-1,-0.01,-1,-1,-0.01,-1,-1
99926009,2026-05-18 10:13:18+05:30,52864.85,0,0.0,0,0.0,0.0,53282.15,53308.4,52783.45,53710.35,0,0.0,0.0,0.0,0.0,-0.01,-1,-1,-0.01,-1,-1,-0.01,-1,-1,-0.01,-1,-1,-0.01,-1,-1,-0.01,-1,-1,-0.01,-1,-1,-0.01,-1,-1,-0.01,-1,-1,-0.01,-1,-1
99926009,2026-05-18 10:13:18+05:30,52866.45,0,0.0,0,0.0,0.0,53282.15,53308.4,52783.45,53710.35,0,0.0,0.0,0.0,0.0,-0.01,-1,-1,-0.01,-1,-1,-0.01,-1,-1,-0.01,-1,-1,-0.01,-1,-1,-0.01,-1,-1,-0.01,-1,-1,-0.01,-1,-1,-0.01,-1,-1,-0.01,-1,-1
99926009,2026-05-18 10:13:19+05:30,52867.4,0,0.0,0,0.0,0.0,53282.15,53308.4,52783.45,53710.35,0,0.0,0.0,0.0,0.0,-0.01,-1,-1,-0.01,-1,-1,-0.01,-1,-1,-0.01,-1,-1,-0.01,-1,-1,-0.01,-1,-1,-0.01,-1,-1,-0.01,-1,-1,-0.01,-1,-1,-0.01,-1,-1
99926009,2026-05-18 10:13:19+05:30,52869.6,0,0.0,0,0.0,0.0,53282.15,53308.4,52783.45,53710.35,0,0.0,0.0,0.0,0.0,-0.01,-1,-1,-0.01,-1,-1,-0.01,-1,-1,-0.01,-1,-1,-0.01,-1,-1,-0.01,-1,-1,-0.01,-1,-1,-0.01,-1,-1,-0.01,-1,-1,-0.01,-1,-1
99926009,2026-05-18 10:13:20+05:30,52869.75,0,0.0,0,0.0,0.0,53282.15,53308.4,52783.45,53710.35,0,0.0,0.0,0.0,0.0,-0.01,-1,-1,-0.01,-1,-1,-0.01,-1,-1,-0.01,-1,-1,-0.01,-1,-1,-0.01,-1,-1,-0.01,-1,-1,-0.01,-1,-1,-0.01,-1,-1,-0.01,-1,-1
99926009,2026-05-18 10:13:20+05:30,52870.7,0,0.0,0,0.0,0.0,53282.15,53308.4,52783.45,53710.35,0,0.0,0.0,0.0,0.0,-0.01,-1,-1,-0.01,-1,-1,-0.01,-1,-1,-0.01,-1,-1,-0.01,-1,-1,-0.01,-1,-1,-0.01,-1,-1,-0.01,-1,-1,-0.01,-1,-1,-0.01,-1,-1
99926009,2026-05-18 10:13:21+05:30,52867.75,0,0.0,0,0.0,0.0,53282.15,53308.4,52783.45,53710.35,0,0.0,0.0,0.0,0.0,-0.01,-1,-1,-0.01,-1,-1,-0.01,-1,-1,-0.01,-1,-1,-0.01,-1,-1,-0.01,-1,-1,-0.01,-1,-1,-0.01,-1,-1,-0.01,-1,-1,-0.01,-1,-1
99926009,2026-05-18 10:13:21+05:30,52868.45,0,0.0,0,0.0,0.0,53282.15,53308.4,52783.45,53710.35,0,0.0,0.0,0.0,0.0,-0.01,-1,-1,-0.01,-1,-1,-0.01,-1,-1,-0.01,-1,-1,-0.01,-1,-1,-0.01,-1,-1,-0.01,-1,-1,-0.01,-1,-1,-0.01,-1,-1,-0.01,-1,-1
99926009,2026-05-18 10:13:22+05:30,52870.85,0,0.0,0,0.0,0.0,53282.15,53308.4,52783.45,53710.35,0,0.0,0.0,0.0,0.0,-0.01,-1,-1,-0.01,-1,-1,-0.01,-1,-1,-0.01,-1,-1,-0.01,-1,-1,-0.01,-1,-1,-0.01,-1,-1,-0.01,-1,-1,-0.01,-1,-1,-0.01,-1,-1
99926009,2026-05-18 10:13:22+05:30,52872.85,0,0.0,0,0.0,0.0,53282.15,53308.4,52783.45,53710.35,0,0.0,0.0,0.0,0.0,-0.01,-1,-1,-0.01,-1,-1,-0.01,-1,-1,-0.01,-1,-1,-0.01,-1,-1,-0.01,-1,-1,-0.01,-1,-1,-0.01,-1,-1,-0.01,-1,-1,-0.01,-1,-1
99926009,2026-05-18 10:13:23+05:30,52870.65,0,0.0,0,0.0,0.0,53282.15,53308.4,52783.45,53710.35,0,0.0,0.0,0.0,0.0,-0.01,-1,-1,-0.01,-1,-1,-0.01,-1,-1,-0.01,-1,-1,-0.01,-1,-1,-0.01,-1,-1,-0.01,-1,-1,-0.01,-1,-1,-0.01,-1,-1,-0.01,-1,-1
99926009,2026-05-18 10:13:23+05:30,52868.9,0,0.0,0,0.0,0.0,53282.15,53308.4,52783.45,53710.35,0,0.0,0.0,0.0,0.0,-0.01,-1,-1,-0.01,-1,-1,-0.01,-1,-1,-0.01,-1,-1,-0.01,-1,-1,-0.01,-1,-1,-0.01,-1,-1,-0.01,-1,-1,-0.01,-1,-1,-0.01,-1,-1
99926009,2026-05-18 10:13:24+05:30,52870.45,0,0.0,0,0.0,0.0,53282.15,53308.4,52783.45,53710.35,0,0.0,0.0,0.0,0.0,-0.01,-1,-1,-0.01,-1,-1,-0.01,-1,-1,-0.01,-1,-1,-0.01,-1,-1,-0.01,-1,-1,-0.01,-1,-1,-0.01,-1,-1,-0.01,-1,-1,-0.01,-1,-1
99926009,2026-05-18 10:13:24+05:30,52867.85,0,0.0,0,0.0,0.0,53282.15,53308.4,52783.45,53710.35,0,0.0,0.0,0.0,0.0,-0.01,-1,-1,-0.01,-1,-1,-0.01,-1,-1,-0.01,-1,-1,-0.01,-1,-1,-0.01,-1,-1,-0.01,-1,-1,-0.01,-1,-1,-0.01,-1,-1,-0.01,-1,-1
99926009,2026-05-18 10:13:25+05:30,52871.05,0,0.0,0,0.0,0.0,53282.15,53308.4,52783.45,53710.35,0,0.0,0.0,0.0,0.0,-0.01,-1,-1,-0.01,-1,-1,-0.01,-1,-1,-0.01,-1,-1,-0.01,-1,-1,-0.01,-1,-1,-0.01,-1,-1,-0.01,-1,-1,-0.01,-1,-1,-0.01,-1,-1
99926009,2026-05-18 10:13:25+05:30,52870.1,0,0.0,0,0.0,0.0,53282.15,53308.4,52783.45,53710.35,0,0.0,0.0,0.0,0.0,-0.01,-1,-1,-0.01,-1,-1,-0.01,-1,-1,-0.01,-1,-1,-0.01,-1,-1,-0.01,-1,-1,-0.01,-1,-1,-0.01,-1,-1,-0.01,-1,-1,-0.01,-1,-1
99926009,2026-05-18 10:13:26+05:30,52872.2,0,0.0,0,0.0,0.0,53282.15,53308.4,52783.45,53710.35,0,0.0,0.0,0.0,0.0,-0.01,-1,-1,-0.01,-1,-1,-0.01,-1,-1,-0.01,-1,-1,-0.01,-1,-1,-0.01,-1,-1,-0.01,-1,-1,-0.01,-1,-1,-0.01,-1,-1,-0.01,-1,-1
99926009,2026-05-18 10:13:26+05:30,52870.65,0,0.0,0,0.0,0.0,53282.15,53308.4,52783.45,53710.35,0,0.0,0.0,0.0,0.0,-0.01,-1,-1,-0.01,-1,-1,-0.01,-1,-1,-0.01,-1,-1,-0.01,-1,-1,-0.01,-1,-1,-0.01,-1,-1,-0.01,-1,-1,-0.01,-1,-1,-0.01,-1,-1
99926009,2026-05-18 10:13:27+05:30,52874.15,0,0.0,0,0.0,0.0,53282.15,53308.4,52783.45,53710.35,0,0.0,0.0,0.0,0.0,-0.01,-1,-1,-0.01,-1,-1,-0.01,-1,-1,-0.01,-1,-1,-0.01,-1,-1,-0.01,-1,-1,-0.01,-1,-1,-0.01,-1,-1,-0.01,-1,-1,-0.01,-1,-1
99926009,2026-05-18 10:13:27+05:30,52874.0,0,0.0,0,0.0,0.0,53282.15,53308.4,52783.45,53710.35,0,0.0,0.0,0.0,0.0,-0.01,-1,-1,-0.01,-1,-1,-0.01,-1,-1,-0.01,-1,-1,-0.01,-1,-1,-0.01,-1,-1,-0.01,-1,-1,-0.01,-1,-1,-0.01,-1,-1,-0.01,-1,-1
99926009,2026-05-18 10:13:28+05:30,52874.45,0,0.0,0,0.0,0.0,53282.15,53308.4,52783.45,53710.35,0,0.0,0.0,0.0,0.0,-0.01,-1,-1,-0.01,-1,-1,-0.01,-1,-1,-0.01,-1,-1,-0.01,-1,-1,-0.01,-1,-1,-0.01,-1,-1,-0.01,-1,-1,-0.01,-1,-1,-0.01,-1,-1
99926009,2026-05-18 10:13:28+05:30,52876.2,0,0.0,0,0.0,0.0,53282.15,53308.4,52783.45,53710.35,0,0.0,0.0,0.0,0.0,-0.01,-1,-1,-0.01,-1,-1,-0.01,-1,-1,-0.01,-1,-1,-0.01,-1,-1,-0.01,-1,-1,-0.01,-1,-1,-0.01,-1,-1,-0.01,-1,-1,-0.01,-1,-1
99926009,2026-05-18 10:13:29+05:30,52875.55,0,0.0,0,0.0,0.0,53282.15,53308.4,52783.45,53710.35,0,0.0,0.0,0.0,0.0,-0.01,-1,-1,-0.01,-1,-1,-0.01,-1,-1,-0.01,-1,-1,-0.01,-1,-1,-0.01,-1,-1,-0.01,-1,-1,-0.01,-1,-1,-0.01,-1,-1,-0.01,-1,-1
99926009,2026-05-18 10:13:29+05:30,52873.75,0,0.0,0,0.0,0.0,53282.15,53308.4,52783.45,53710.35,0,0.0,0.0,0.0,0.0,-0.01,-1,-1,-0.01,-1,-1,-0.01,-1,-1,-0.01,-1,-1,-0.01,-1,-1,-0.01,-1,-1,-0.01,-1,-1,-0.01,-1,-1,-0.01,-1,-1,-0.01,-1,-1
99926009,2026-05-18 10:13:30+05:30,52875.2,0,0.0,0,0.0,0.0,53282.15,53308.4,52783.45,53710.35,0,0.0,0.0,0.0,0.0,-0.01,-1,-1,-0.01,-1,-1,-0.01,-1,-1,-0.01,-1,-1,-0.01,-1,-1,-0.01,-1,-1,-0.01,-1,-1,-0.01,-1,-1,-0.01,-1,-1,-0.01,-1,-1
99926009,2026-05-18 10:13:30+05:30,52875.85,0,0.0,0,0.0,0.0,53282.15,53308.4,52783.45,53710.35,0,0.0,0.0,0.0,0.0,-0.01,-1,-1,-0.01,-1,-1,-0.01,-1,-1,-0.01,-1,-1,-0.01,-1,-1,-0.01,-1,-1,-0.01,-1,-1,-0.01,-1,-1,-0.01,-1,-1,-0.01,-1,-1
99926009,2026-05-18 10:13:31+05:30,52875.0,0,0.0,0,0.0,0.0,53282.15,53308.4,52783.45,53710.35,0,0.0,0.0,0.0,0.0,-0.01,-1,-1,-0.01,-1,-1,-0.01,-1,-1,-0.01,-1,-1,-0.01,-1,-1,-0.01,-1,-1,-0.01,-1,-1,-0.01,-1,-1,-0.01,-1,-1,-0.01,-1,-1
99926009,2026-05-18 10:13:31+05:30,52878.25,0,0.0,0,0.0,0.0,53282.15,53308.4,52783.45,53710.35,0,0.0,0.0,0.0,0.0,-0.01,-1,-1,-0.01,-1,-1,-0.01,-1,-1,-0.01,-1,-1,-0.01,-1,-1,-0.01,-1,-1,-0.01,-1,-1,-0.01,-1,-1,-0.01,-1,-1,-0.01,-1,-1
99926009,2026-05-18 10:13:32+05:30,52877.15,0,0.0,0,0.0,0.0,53282.15,53308.4,52783.45,53710.35,0,0.0,0.0,0.0,0.0,-0.01,-1,-1,-0.01,-1,-1,-0.01,-1,-1,-0.01,-1,-1,-0.01,-1,-1,-0.01,-1,-1,-0.01,-1,-1,-0.01,-1,-1,-0.01,-1,-1,-0.01,-1,-1
99926009,2026-05-18 10:13:32+05:30,52879.45,0,0.0,0,0.0,0.0,53282.15,53308.4,52783.45,53710.35,0,0.0,0.0,0.0,0.0,-0.01,-1,-1,-0.01,-1,-1,-0.01,-1,-1,-0.01,-1,-1,-0.01,-1,-1,-0.01,-1,-1,-0.01,-1,-1,-0.01,-1,-1,-0.01,-1,-1,-0.01,-1,-1
99926009,2026-05-18 10:13:33+05:30,52881.25,0,0.0,0,0.0,0.0,53282.15,53308.4,52783.45,53710.35,0,0.0,0.0,0.0,0.0,-0.01,-1,-1,-0.01,-1,-1,-0.01,-1,-1,-0.01,-1,-1,-0.01,-1,-1,-0.01,-1,-1,-0.01,-1,-1,-0.01,-1,-1,-0.01,-1,-1,-0.01,-1,-1
99926009,2026-05-18 10:13:33+05:30,52880.8,0,0.0,0,0.0,0.0,53282.15,53308.4,52783.45,53710.35,0,0.0,0.0,0.0,0.0,-0.01,-1,-1,-0.01,-1,-1,-0.01,-1,-1,-0.01,-1,-1,-0.01,-1,-1,-0.01,-1,-1,-0.01,-1,-1,-0.01,-1,-1,-0.01,-1,-1,-0.01,-1,-1
99926009,2026-05-18 10:13:34+05:30,52880.65,0,0.0,0,0.0,0.0,53282.15,53308.4,52783.45,53710.35,0,0.0,0.0,0.0,0.0,-0.01,-1,-1,-0.01,-1,-1,-0.01,-1,-1,-0.01,-1,-1,-0.01,-1,-1,-0.01,-1,-1,-0.01,-1,-1,-0.01,-1,-1,-0.01,-1,-1,-0.01,-1,-1
99926009,2026-05-18 10:13:34+05:30,52881.35,0,0.0,0,0.0,0.0,53282.15,53308.4,52783.45,53710.35,0,0.0,0.0,0.0,0.0,-0.01,-1,-1,-0.01,-1,-1,-0.01,-1,-1,-0.01,-1,-1,-0.01,-1,-1,-0.01,-1,-1,-0.01,-1,-1,-0.01,-1,-1,-0.01,-1,-1,-0.01,-1,-1
99926009,2026-05-18 10:13:35+05:30,52880.95,0,0.0,0,0.0,0.0,53282.15,53308.4,52783.45,53710.35,0,0.0,0.0,0.0,0.0,-0.01,-1,-1,-0.01,-1,-1,-0.01,-1,-1,-0.01,-1,-1,-0.01,-1,-1,-0.01,-1,-1,-0.01,-1,-1,-0.01,-1,-1,-0.01,-1,-1,-0.01,-1,-1
99926009,2026-05-18 10:13:35+05:30,52879.9,0,0.0,0,0.0,0.0,53282.15,53308.4,52783.45,53710.35,0,0.0,0.0,0.0,0.0,-0.01,-1,-1,-0.01,-1,-1,-0.01,-1,-1,-0.01,-1,-1,-0.01,-1,-1,-0.01,-1,-1,-0.01,-1,-1,-0.01,-1,-1,-0.01,-1,-1,-0.01,-1,-1
99926009,2026-05-18 10:13:36+05:30,52880.1,0,0.0,0,0.0,0.0,53282.15,53308.4,52783.45,53710.35,0,0.0,0.0,0.0,0.0,-0.01,-1,-1,-0.01,-1,-1,-0.01,-1,-1,-0.01,-1,-1,-0.01,-1,-1,-0.01,-1,-1,-0.01,-1,-1,-0.01,-1,-1,-0.01,-1,-1,-0.01,-1,-1
99926009,2026-05-18 10:13:36+05:30,52880.35,0,0.0,0,0.0,0.0,53282.15,53308.4,52783.45,53710.35,0,0.0,0.0,0.0,0.0,-0.01,-1,-1,-0.01,-1,-1,-0.01,-1,-1,-0.01,-1,-1,-0.01,-1,-1,-0.01,-1,-1,-0.01,-1,-1,-0.01,-1,-1,-0.01,-1,-1,-0.01,-1,-1
99926009,2026-05-18 10:13:37+05:30,52881.5,0,0.0,0,0.0,0.0,53282.15,53308.4,52783.45,53710.35,0,0.0,0.0,0.0,0.0,-0.01,-1,-1,-0.01,-1,-1,-0.01,-1,-1,-0.01,-1,-1,-0.01,-1,-1,-0.01,-1,-1,-0.01,-1,-1,-0.01,-1,-1,-0.01,-1,-1,-0.01,-1,-1
99926009,2026-05-18 10:13:37+05:30,52877.6,0,0.0,0,0.0,0.0,53282.15,53308.4,52783.45,53710.35,0,0.0,0.0,0.0,0.0,-0.01,-1,-1,-0.01,-1,-1,-0.01,-1,-1,-0.01,-1,-1,-0.01,-1,-1,-0.01,-1,-1,-0.01,-1,-1,-0.01,-1,-1,-0.01,-1,-1,-0.01,-1,-1
99926009,2026-05-18 10:13:38+05:30,52878.45,0,0.0,0,0.0,0.0,53282.15,53308.4,52783.45,53710.35,0,0.0,0.0,0.0,0.0,-0.01,-1,-1,-0.01,-1,-1,-0.01,-1,-1,-0.01,-1,-1,-0.01,-1,-1,-0.01,-1,-1,-0.01,-1,-1,-0.01,-1,-1,-0.01,-1,-1,-0.01,-1,-1
99926009,2026-05-18 10:13:38+05:30,52880.35,0,0.0,0,0.0,0.0,53282.15,53308.4,52783.45,53710.35,0,0.0,0.0,0.0,0.0,-0.01,-1,-1,-0.01,-1,-1,-0.01,-1,-1,-0.01,-1,-1,-0.01,-1,-1,-0.01,-1,-1,-0.01,-1,-1,-0.01,-1,-1,-0.01,-1,-1,-0.01,-1,-1
99926009,2026-05-18 10:13:39+05:30,52880.9,0,0.0,0,0.0,0.0,53282.15,53308.4,52783.45,53710.35,0,0.0,0.0,0.0,0.0,-0.01,-1,-1,-0.01,-1,-1,-0.01,-1,-1,-0.01,-1,-1,-0.01,-1,-1,-0.01,-1,-1,-0.01,-1,-1,-0.01,-1,-1,-0.01,-1,-1,-0.01,-1,-1
99926009,2026-05-18 10:13:39+05:30,52880.3,0,0.0,0,0.0,0.0,53282.15,53308.4,52783.45,53710.35,0,0.0,0.0,0.0,0.0,-0.01,-1,-1,-0.01,-1,-1,-0.01,-1,-1,-0.01,-1,-1,-0.01,-1,-1,-0.01,-1,-1,-0.01,-1,-1,-0.01,-1,-1,-0.01,-1,-1,-0.01,-1,-1
99926009,2026-05-18 10:13:40+05:30,52879.0,0,0.0,0,0.0,0.0,53282.15,53308.4,52783.45,53710.35,0,0.0,0.0,0.0,0.0,-0.01,-1,-1,-0.01,-1,-1,-0.01,-1,-1,-0.01,-1,-1,-0.01,-1,-1,-0.01,-1,-1,-0.01,-1,-1,-0.01,-1,-1,-0.01,-1,-1,-0.01,-1,-1
99926009,2026-05-18 10:13:40+05:30,52878.95,0,0.0,0,0.0,0.0,53282.15,53308.4,52783.45,53710.35,0,0.0,0.0,0.0,0.0,-0.01,-1,-1,-0.01,-1,-1,-0.01,-1,-1,-0.01,-1,-1,-0.01,-1,-1,-0.01,-1,-1,-0.01,-1,-1,-0.01,-1,-1,-0.01,-1,-1,-0.01,-1,-1
99926009,2026-05-18 10:13:41+05:30,52880.15,0,0.0,0,0.0,0.0,53282.15,53308.4,52783.45,53710.35,0,0.0,0.0,0.0,0.0,-0.01,-1,-1,-0.01,-1,-1,-0.01,-1,-1,-0.01,-1,-1,-0.01,-1,-1,-0.01,-1,-1,-0.01,-1,-1,-0.01,-1,-1,-0.01,-1,-1,-0.01,-1,-1
99926009,2026-05-18 10:13:41+05:30,52879.4,0,0.0,0,0.0,0.0,53282.15,53308.4,52783.45,53710.35,0,0.0,0.0,0.0,0.0,-0.01,-1,-1,-0.01,-1,-1,-0.01,-1,-1,-0.01,-1,-1,-0.01,-1,-1,-0.01,-1,-1,-0.01,-1,-1,-0.01,-1,-1,-0.01,-1,-1,-0.01,-1,-1
99926009,2026-05-18 10:13:42+05:30,52879.75,0,0.0,0,0.0,0.0,53282.15,53308.4,52783.45,53710.35,0,0.0,0.0,0.0,0.0,-0.01,-1,-1,-0.01,-1,-1,-0.01,-1,-1,-0.01,-1,-1,-0.01,-1,-1,-0.01,-1,-1,-0.01,-1,-1,-0.01,-1,-1,-0.01,-1,-1,-0.01,-1,-1
99926009,2026-05-18 10:13:42+05:30,52881.1,0,0.0,0,0.0,0.0,53282.15,53308.4,52783.45,53710.35,0,0.0,0.0,0.0,0.0,-0.01,-1,-1,-0.01,-1,-1,-0.01,-1,-1,-0.01,-1,-1,-0.01,-1,-1,-0.01,-1,-1,-0.01,-1,-1,-0.01,-1,-1,-0.01,-1,-1,-0.01,-1,-1
99926009,2026-05-18 10:13:43+05:30,52880.0,0,0.0,0,0.0,0.0,53282.15,53308.4,52783.45,53710.35,0,0.0,0.0,0.0,0.0,-0.01,-1,-1,-0.01,-1,-1,-0.01,-1,-1,-0.01,-1,-1,-0.01,-1,-1,-0.01,-1,-1,-0.01,-1,-1,-0.01,-1,-1,-0.01,-1,-1,-0.01,-1,-1
99926009,2026-05-18 10:13:43+05:30,52879.65,0,0.0,0,0.0,0.0,53282.15,53308.4,52783.45,53710.35,0,0.0,0.0,0.0,0.0,-0.01,-1,-1,-0.01,-1,-1,-0.01,-1,-1,-0.01,-1,-1,-0.01,-1,-1,-0.01,-1,-1,-0.01,-1,-1,-0.01,-1,-1,-0.01,-1,-1,-0.01,-1,-1
99926009,2026-05-18 10:13:44+05:30,52881.2,0,0.0,0,0.0,0.0,53282.15,53308.4,52783.45,53710.35,0,0.0,0.0,0.0,0.0,-0.01,-1,-1,-0.01,-1,-1,-0.01,-1,-1,-0.01,-1,-1,-0.01,-1,-1,-0.01,-1,-1,-0.01,-1,-1,-0.01,-1,-1,-0.01,-1,-1,-0.01,-1,-1
99926009,2026-05-18 10:13:44+05:30,52881.4,0,0.0,0,0.0,0.0,53282.15,53308.4,52783.45,53710.35,0,0.0,0.0,0.0,0.0,-0.01,-1,-1,-0.01,-1,-1,-0.01,-1,-1,-0.01,-1,-1,-0.01,-1,-1,-0.01,-1,-1,-0.01,-1,-1,-0.01,-1,-1,-0.01,-1,-1,-0.01,-1,-1
99926009,2026-05-18 10:13:45+05:30,52880.35,0,0.0,0,0.0,0.0,53282.15,53308.4,52783.45,53710.35,0,0.0,0.0,0.0,0.0,-0.01,-1,-1,-0.01,-1,-1,-0.01,-1,-1,-0.01,-1,-1,-0.01,-1,-1,-0.01,-1,-1,-0.01,-1,-1,-0.01,-1,-1,-0.01,-1,-1,-0.01,-1,-1
99926009,2026-05-18 10:13:45+05:30,52880.45,0,0.0,0,0.0,0.0,53282.15,53308.4,52783.45,53710.35,0,0.0,0.0,0.0,0.0,-0.01,-1,-1,-0.01,-1,-1,-0.01,-1,-1,-0.01,-1,-1,-0.01,-1,-1,-0.01,-1,-1,-0.01,-1,-1,-0.01,-1,-1,-0.01,-1,-1,-0.01,-1,-1
99926009,2026-05-18 10:13:46+05:30,52877.3,0,0.0,0,0.0,0.0,53282.15,53308.4,52783.45,53710.35,0,0.0,0.0,0.0,0.0,-0.01,-1,-1,-0.01,-1,-1,-0.01,-1,-1,-0.01,-1,-1,-0.01,-1,-1,-0.01,-1,-1,-0.01,-1,-1,-0.01,-1,-1,-0.01,-1,-1,-0.01,-1,-1
99926009,2026-05-18 10:13:46+05:30,52880.85,0,0.0,0,0.0,0.0,53282.15,53308.4,52783.45,53710.35,0,0.0,0.0,0.0,0.0,-0.01,-1,-1,-0.01,-1,-1,-0.01,-1,-1,-0.01,-1,-1,-0.01,-1,-1,-0.01,-1,-1,-0.01,-1,-1,-0.01,-1,-1,-0.01,-1,-1,-0.01,-1,-1
99926009,2026-05-18 10:13:47+05:30,52880.0,0,0.0,0,0.0,0.0,53282.15,53308.4,52783.45,53710.35,0,0.0,0.0,0.0,0.0,-0.01,-1,-1,-0.01,-1,-1,-0.01,-1,-1,-0.01,-1,-1,-0.01,-1,-1,-0.01,-1,-1,-0.01,-1,-1,-0.01,-1,-1,-0.01,-1,-1,-0.01,-1,-1
99926009,2026-05-18 10:13:47+05:30,52877.5,0,0.0,0,0.0,0.0,53282.15,53308.4,52783.45,53710.35,0,0.0,0.0,0.0,0.0,-0.01,-1,-1,-0.01,-1,-1,-0.01,-1,-1,-0.01,-1,-1,-0.01,-1,-1,-0.01,-1,-1,-0.01,-1,-1,-0.01,-1,-1,-0.01,-1,-1,-0.01,-1,-1
99926009,2026-05-18 10:13:48+05:30,52876.95,0,0.0,0,0.0,0.0,53282.15,53308.4,52783.45,53710.35,0,0.0,0.0,0.0,0.0,-0.01,-1,-1,-0.01,-1,-1,-0.01,-1,-1,-0.01,-1,-1,-0.01,-1,-1,-0.01,-1,-1,-0.01,-1,-1,-0.01,-1,-1,-0.01,-1,-1,-0.01,-1,-1
99926009,2026-05-18 10:13:48+05:30,52875.1,0,0.0,0,0.0,0.0,53282.15,53308.4,52783.45,53710.35,0,0.0,0.0,0.0,0.0,-0.01,-1,-1,-0.01,-1,-1,-0.01,-1,-1,-0.01,-1,-1,-0.01,-1,-1,-0.01,-1,-1,-0.01,-1,-1,-0.01,-1,-1,-0.01,-1,-1,-0.01,-1,-1
99926009,2026-05-18 10:13:49+05:30,52876.0,0,0.0,0,0.0,0.0,53282.15,53308.4,52783.45,53710.35,0,0.0,0.0,0.0,0.0,-0.01,-1,-1,-0.01,-1,-1,-0.01,-1,-1,-0.01,-1,-1,-0.01,-1,-1,-0.01,-1,-1,-0.01,-1,-1,-0.01,-1,-1,-0.01,-1,-1,-0.01,-1,-1
99926009,2026-05-18 10:13:49+05:30,52878.3,0,0.0,0,0.0,0.0,53282.15,53308.4,52783.45,53710.35,0,0.0,0.0,0.0,0.0,-0.01,-1,-1,-0.01,-1,-1,-0.01,-1,-1,-0.01,-1,-1,-0.01,-1,-1,-0.01,-1,-1,-0.01,-1,-1,-0.01,-1,-1,-0.01,-1,-1,-0.01,-1,-1
99926009,2026-05-18 10:13:50+05:30,52878.6,0,0.0,0,0.0,0.0,53282.15,53308.4,52783.45,53710.35,0,0.0,0.0,0.0,0.0,-0.01,-1,-1,-0.01,-1,-1,-0.01,-1,-1,-0.01,-1,-1,-0.01,-1,-1,-0.01,-1,-1,-0.01,-1,-1,-0.01,-1,-1,-0.01,-1,-1,-0.01,-1,-1
99926009,2026-05-18 10:13:50+05:30,52878.2,0,0.0,0,0.0,0.0,53282.15,53308.4,52783.45,53710.35,0,0.0,0.0,0.0,0.0,-0.01,-1,-1,-0.01,-1,-1,-0.01,-1,-1,-0.01,-1,-1,-0.01,-1,-1,-0.01,-1,-1,-0.01,-1,-1,-0.01,-1,-1,-0.01,-1,-1,-0.01,-1,-1
99926009,2026-05-18 10:13:51+05:30,52876.85,0,0.0,0,0.0,0.0,53282.15,53308.4,52783.45,53710.35,0,0.0,0.0,0.0,0.0,-0.01,-1,-1,-0.01,-1,-1,-0.01,-1,-1,-0.01,-1,-1,-0.01,-1,-1,-0.01,-1,-1,-0.01,-1,-1,-0.01,-1,-1,-0.01,-1,-1,-0.01,-1,-1
99926009,2026-05-18 10:13:51+05:30,52878.5,0,0.0,0,0.0,0.0,53282.15,53308.4,52783.45,53710.35,0,0.0,0.0,0.0,0.0,-0.01,-1,-1,-0.01,-1,-1,-0.01,-1,-1,-0.01,-1,-1,-0.01,-1,-1,-0.01,-1,-1,-0.01,-1,-1,-0.01,-1,-1,-0.01,-1,-1,-0.01,-1,-1
99926009,2026-05-18 10:13:52+05:30,52879.0,0,0.0,0,0.0,0.0,53282.15,53308.4,52783.45,53710.35,0,0.0,0.0,0.0,0.0,-0.01,-1,-1,-0.01,-1,-1,-0.01,-1,-1,-0.01,-1,-1,-0.01,-1,-1,-0.01,-1,-1,-0.01,-1,-1,-0.01,-1,-1,-0.01,-1,-1,-0.01,-1,-1
99926009,2026-05-18 10:13:52+05:30,52877.45,0,0.0,0,0.0,0.0,53282.15,53308.4,52783.45,53710.35,0,0.0,0.0,0.0,0.0,-0.01,-1,-1,-0.01,-1,-1,-0.01,-1,-1,-0.01,-1,-1,-0.01,-1,-1,-0.01,-1,-1,-0.01,-1,-1,-0.01,-1,-1,-0.01,-1,-1,-0.01,-1,-1
99926009,2026-05-18 10:13:53+05:30,52878.55,0,0.0,0,0.0,0.0,53282.15,53308.4,52783.45,53710.35,0,0.0,0.0,0.0,0.0,-0.01,-1,-1,-0.01,-1,-1,-0.01,-1,-1,-0.01,-1,-1,-0.01,-1,-1,-0.01,-1,-1,-0.01,-1,-1,-0.01,-1,-1,-0.01,-1,-1,-0.01,-1,-1
99926009,2026-05-18 10:13:53+05:30,52879.15,0,0.0,0,0.0,0.0,53282.15,53308.4,52783.45,53710.35,0,0.0,0.0,0.0,0.0,-0.01,-1,-1,-0.01,-1,-1,-0.01,-1,-1,-0.01,-1,-1,-0.01,-1,-1,-0.01,-1,-1,-0.01,-1,-1,-0.01,-1,-1,-0.01,-1,-1,-0.01,-1,-1
99926009,2026-05-18 10:13:54+05:30,52878.85,0,0.0,0,0.0,0.0,53282.15,53308.4,52783.45,53710.35,0,0.0,0.0,0.0,0.0,-0.01,-1,-1,-0.01,-1,-1,-0.01,-1,-1,-0.01,-1,-1,-0.01,-1,-1,-0.01,-1,-1,-0.01,-1,-1,-0.01,-1,-1,-0.01,-1,-1,-0.01,-1,-1
99926009,2026-05-18 10:13:54+05:30,52877.95,0,0.0,0,0.0,0.0,53282.15,53308.4,52783.45,53710.35,0,0.0,0.0,0.0,0.0,-0.01,-1,-1,-0.01,-1,-1,-0.01,-1,-1,-0.01,-1,-1,-0.01,-1,-1,-0.01,-1,-1,-0.01,-1,-1,-0.01,-1,-1,-0.01,-1,-1,-0.01,-1,-1
99926009,2026-05-18 10:13:55+05:30,52879.8,0,0.0,0,0.0,0.0,53282.15,53308.4,52783.45,53710.35,0,0.0,0.0,0.0,0.0,-0.01,-1,-1,-0.01,-1,-1,-0.01,-1,-1,-0.01,-1,-1,-0.01,-1,-1,-0.01,-1,-1,-0.01,-1,-1,-0.01,-1,-1,-0.01,-1,-1,-0.01,-1,-1
99926009,2026-05-18 10:13:55+05:30,52878.9,0,0.0,0,0.0,0.0,53282.15,53308.4,52783.45,53710.35,0,0.0,0.0,0.0,0.0,-0.01,-1,-1,-0.01,-1,-1,-0.01,-1,-1,-0.01,-1,-1,-0.01,-1,-1,-0.01,-1,-1,-0.01,-1,-1,-0.01,-1,-1,-0.01,-1,-1,-0.01,-1,-1
99926009,2026-05-18 10:13:56+05:30,52877.5,0,0.0,0,0.0,0.0,53282.15,53308.4,52783.45,53710.35,0,0.0,0.0,0.0,0.0,-0.01,-1,-1,-0.01,-1,-1,-0.01,-1,-1,-0.01,-1,-1,-0.01,-1,-1,-0.01,-1,-1,-0.01,-1,-1,-0.01,-1,-1,-0.01,-1,-1,-0.01,-1,-1
99926009,2026-05-18 10:13:56+05:30,52879.25,0,0.0,0,0.0,0.0,53282.15,53308.4,52783.45,53710.35,0,0.0,0.0,0.0,0.0,-0.01,-1,-1,-0.01,-1,-1,-0.01,-1,-1,-0.01,-1,-1,-0.01,-1,-1,-0.01,-1,-1,-0.01,-1,-1,-0.01,-1,-1,-0.01,-1,-1,-0.01,-1,-1
99926009,2026-05-18 10:13:57+05:30,52876.5,0,0.0,0,0.0,0.0,53282.15,53308.4,52783.45,53710.35,0,0.0,0.0,0.0,0.0,-0.01,-1,-1,-0.01,-1,-1,-0.01,-1,-1,-0.01,-1,-1,-0.01,-1,-1,-0.01,-1,-1,-0.01,-1,-1,-0.01,-1,-1,-0.01,-1,-1,-0.01,-1,-1
99926009,2026-05-18 10:13:57+05:30,52876.8,0,0.0,0,0.0,0.0,53282.15,53308.4,52783.45,53710.35,0,0.0,0.0,0.0,0.0,-0.01,-1,-1,-0.01,-1,-1,-0.01,-1,-1,-0.01,-1,-1,-0.01,-1,-1,-0.01,-1,-1,-0.01,-1,-1,-0.01,-1,-1,-0.01,-1,-1,-0.01,-1,-1
99926009,2026-05-18 10:13:58+05:30,52878.65,0,0.0,0,0.0,0.0,53282.15,53308.4,52783.45,53710.35,0,0.0,0.0,0.0,0.0,-0.01,-1,-1,-0.01,-1,-1,-0.01,-1,-1,-0.01,-1,-1,-0.01,-1,-1,-0.01,-1,-1,-0.01,-1,-1,-0.01,-1,-1,-0.01,-1,-1,-0.01,-1,-1
99926009,2026-05-18 10:13:58+05:30,52879.3,0,0.0,0,0.0,0.0,53282.15,53308.4,52783.45,53710.35,0,0.0,0.0,0.0,0.0,-0.01,-1,-1,-0.01,-1,-1,-0.01,-1,-1,-0.01,-1,-1,-0.01,-1,-1,-0.01,-1,-1,-0.01,-1,-1,-0.01,-1,-1,-0.01,-1,-1,-0.01,-1,-1
99926009,2026-05-18 10:13:59+05:30,52882.5,0,0.0,0,0.0,0.0,53282.15,53308.4,52783.45,53710.35,0,0.0,0.0,0.0,0.0,-0.01,-1,-1,-0.01,-1,-1,-0.01,-1,-1,-0.01,-1,-1,-0.01,-1,-1,-0.01,-1,-1,-0.01,-1,-1,-0.01,-1,-1,-0.01,-1,-1,-0.01,-1,-1
99926009,2026-05-18 10:13:59+05:30,52879.25,0,0.0,0,0.0,0.0,53282.15,53308.4,52783.45,53710.35,0,0.0,0.0,0.0,0.0,-0.01,-1,-1,-0.01,-1,-1,-0.01,-1,-1,-0.01,-1,-1,-0.01,-1,-1,-0.01,-1,-1,-0.01,-1,-1,-0.01,-1,-1,-0.01,-1,-1,-0.01,-1,-1
99926009,2026-05-18 10:14:00+05:30,52883.0,0,0.0,0,0.0,0.0,53282.15,53308.4,52783.45,53710.35,0,0.0,0.0,0.0,0.0,-0.01,-1,-1,-0.01,-1,-1,-0.01,-1,-1,-0.01,-1,-1,-0.01,-1,-1,-0.01,-1,-1,-0.01,-1,-1,-0.01,-1,-1,-0.01,-1,-1,-0.01,-1,-1
99926009,2026-05-18 10:14:00+05:30,52877.45,0,0.0,0,0.0,0.0,53282.15,53308.4,52783.45,53710.35,0,0.0,0.0,0.0,0.0,-0.01,-1,-1,-0.01,-1,-1,-0.01,-1,-1,-0.01,-1,-1,-0.01,-1,-1,-0.01,-1,-1,-0.01,-1,-1,-0.01,-1,-1,-0.01,-1,-1,-0.01,-1,-1
99926009,2026-05-18 10:14:01+05:30,52881.35,0,0.0,0,0.0,0.0,53282.15,53308.4,52783.45,53710.35,0,0.0,0.0,0.0,0.0,-0.01,-1,-1,-0.01,-1,-1,-0.01,-1,-1,-0.01,-1,-1,-0.01,-1,-1,-0.01,-1,-1,-0.01,-1,-1,-0.01,-1,-1,-0.01,-1,-1,-0.01,-1,-1
99926009,2026-05-18 10:14:01+05:30,52882.2,0,0.0,0,0.0,0.0,53282.15,53308.4,52783.45,53710.35,0,0.0,0.0,0.0,0.0,-0.01,-1,-1,-0.01,-1,-1,-0.01,-1,-1,-0.01,-1,-1,-0.01,-1,-1,-0.01,-1,-1,-0.01,-1,-1,-0.01,-1,-1,-0.01,-1,-1,-0.01,-1,-1
99926009,2026-05-18 10:14:02+05:30,52879.9,0,0.0,0,0.0,0.0,53282.15,53308.4,52783.45,53710.35,0,0.0,0.0,0.0,0.0,-0.01,-1,-1,-0.01,-1,-1,-0.01,-1,-1,-0.01,-1,-1,-0.01,-1,-1,-0.01,-1,-1,-0.01,-1,-1,-0.01,-1,-1,-0.01,-1,-1,-0.01,-1,-1
99926009,2026-05-18 10:14:02+05:30,52880.05,0,0.0,0,0.0,0.0,53282.15,53308.4,52783.45,53710.35,0,0.0,0.0,0.0,0.0,-0.01,-1,-1,-0.01,-1,-1,-0.01,-1,-1,-0.01,-1,-1,-0.01,-1,-1,-0.01,-1,-1,-0.01,-1,-1,-0.01,-1,-1,-0.01,-1,-1,-0.01,-1,-1
99926009,2026-05-18 10:14:03+05:30,52878.45,0,0.0,0,0.0,0.0,53282.15,53308.4,52783.45,53710.35,0,0.0,0.0,0.0,0.0,-0.01,-1,-1,-0.01,-1,-1,-0.01,-1,-1,-0.01,-1,-1,-0.01,-1,-1,-0.01,-1,-1,-0.01,-1,-1,-0.01,-1,-1,-0.01,-1,-1,-0.01,-1,-1
99926009,2026-05-18 10:14:03+05:30,52879.95,0,0.0,0,0.0,0.0,53282.15,53308.4,52783.45,53710.35,0,0.0,0.0,0.0,0.0,-0.01,-1,-1,-0.01,-1,-1,-0.01,-1,-1,-0.01,-1,-1,-0.01,-1,-1,-0.01,-1,-1,-0.01,-1,-1,-0.01,-1,-1,-0.01,-1,-1,-0.01,-1,-1
99926009,2026-05-18 10:14:04+05:30,52877.15,0,0.0,0,0.0,0.0,53282.15,53308.4,52783.45,53710.35,0,0.0,0.0,0.0,0.0,-0.01,-1,-1,-0.01,-1,-1,-0.01,-1,-1,-0.01,-1,-1,-0.01,-1,-1,-0.01,-1,-1,-0.01,-1,-1,-0.01,-1,-1,-0.01,-1,-1,-0.01,-1,-1
99926009,2026-05-18 10:14:04+05:30,52878.95,0,0.0,0,0.0,0.0,53282.15,53308.4,52783.45,53710.35,0,0.0,0.0,0.0,0.0,-0.01,-1,-1,-0.01,-1,-1,-0.01,-1,-1,-0.01,-1,-1,-0.01,-1,-1,-0.01,-1,-1,-0.01,-1,-1,-0.01,-1,-1,-0.01,-1,-1,-0.01,-1,-1
99926009,2026-05-18 10:14:05+05:30,52879.45,0,0.0,0,0.0,0.0,53282.15,53308.4,52783.45,53710.35,0,0.0,0.0,0.0,0.0,-0.01,-1,-1,-0.01,-1,-1,-0.01,-1,-1,-0.01,-1,-1,-0.01,-1,-1,-0.01,-1,-1,-0.01,-1,-1,-0.01,-1,-1,-0.01,-1,-1,-0.01,-1,-1
99926009,2026-05-18 10:14:05+05:30,52876.9,0,0.0,0,0.0,0.0,53282.15,53308.4,52783.45,53710.35,0,0.0,0.0,0.0,0.0,-0.01,-1,-1,-0.01,-1,-1,-0.01,-1,-1,-0.01,-1,-1,-0.01,-1,-1,-0.01,-1,-1,-0.01,-1,-1,-0.01,-1,-1,-0.01,-1,-1,-0.01,-1,-1
99926009,2026-05-18 10:14:06+05:30,52875.65,0,0.0,0,0.0,0.0,53282.15,53308.4,52783.45,53710.35,0,0.0,0.0,0.0,0.0,-0.01,-1,-1,-0.01,-1,-1,-0.01,-1,-1,-0.01,-1,-1,-0.01,-1,-1,-0.01,-1,-1,-0.01,-1,-1,-0.01,-1,-1,-0.01,-1,-1,-0.01,-1,-1
99926009,2026-05-18 10:14:06+05:30,52877.85,0,0.0,0,0.0,0.0,53282.15,53308.4,52783.45,53710.35,0,0.0,0.0,0.0,0.0,-0.01,-1,-1,-0.01,-1,-1,-0.01,-1,-1,-0.01,-1,-1,-0.01,-1,-1,-0.01,-1,-1,-0.01,-1,-1,-0.01,-1,-1,-0.01,-1,-1,-0.01,-1,-1
99926009,2026-05-18 10:14:07+05:30,52877.3,0,0.0,0,0.0,0.0,53282.15,53308.4,52783.45,53710.35,0,0.0,0.0,0.0,0.0,-0.01,-1,-1,-0.01,-1,-1,-0.01,-1,-1,-0.01,-1,-1,-0.01,-1,-1,-0.01,-1,-1,-0.01,-1,-1,-0.01,-1,-1,-0.01,-1,-1,-0.01,-1,-1
99926009,2026-05-18 10:14:07+05:30,52876.0,0,0.0,0,0.0,0.0,53282.15,53308.4,52783.45,53710.35,0,0.0,0.0,0.0,0.0,-0.01,-1,-1,-0.01,-1,-1,-0.01,-1,-1,-0.01,-1,-1,-0.01,-1,-1,-0.01,-1,-1,-0.01,-1,-1,-0.01,-1,-1,-0.01,-1,-1,-0.01,-1,-1
99926009,2026-05-18 10:14:08+05:30,52876.55,0,0.0,0,0.0,0.0,53282.15,53308.4,52783.45,53710.35,0,0.0,0.0,0.0,0.0,-0.01,-1,-1,-0.01,-1,-1,-0.01,-1,-1,-0.01,-1,-1,-0.01,-1,-1,-0.01,-1,-1,-0.01,-1,-1,-0.01,-1,-1,-0.01,-1,-1,-0.01,-1,-1
99926009,2026-05-18 10:14:08+05:30,52877.25,0,0.0,0,0.0,0.0,53282.15,53308.4,52783.45,53710.35,0,0.0,0.0,0.0,0.0,-0.01,-1,-1,-0.01,-1,-1,-0.01,-1,-1,-0.01,-1,-1,-0.01,-1,-1,-0.01,-1,-1,-0.01,-1,-1,-0.01,-1,-1,-0.01,-1,-1,-0.01,-1,-1
99926009,2026-05-18 10:14:09+05:30,52877.5,0,0.0,0,0.0,0.0,53282.15,53308.4,52783.45,53710.35,0,0.0,0.0,0.0,0.0,-0.01,-1,-1,-0.01,-1,-1,-0.01,-1,-1,-0.01,-1,-1,-0.01,-1,-1,-0.01,-1,-1,-0.01,-1,-1,-0.01,-1,-1,-0.01,-1,-1,-0.01,-1,-1
99926009,2026-05-18 10:14:09+05:30,52878.3,0,0.0,0,0.0,0.0,53282.15,53308.4,52783.45,53710.35,0,0.0,0.0,0.0,0.0,-0.01,-1,-1,-0.01,-1,-1,-0.01,-1,-1,-0.01,-1,-1,-0.01,-1,-1,-0.01,-1,-1,-0.01,-1,-1,-0.01,-1,-1,-0.01,-1,-1,-0.01,-1,-1
99926009,2026-05-18 10:14:10+05:30,52879.15,0,0.0,0,0.0,0.0,53282.15,53308.4,52783.45,53710.35,0,0.0,0.0,0.0,0.0,-0.01,-1,-1,-0.01,-1,-1,-0.01,-1,-1,-0.01,-1,-1,-0.01,-1,-1,-0.01,-1,-1,-0.01,-1,-1,-0.01,-1,-1,-0.01,-1,-1,-0.01,-1,-1
99926009,2026-05-18 10:14:10+05:30,52878.6,0,0.0,0,0.0,0.0,53282.15,53308.4,52783.45,53710.35,0,0.0,0.0,0.0,0.0,-0.01,-1,-1,-0.01,-1,-1,-0.01,-1,-1,-0.01,-1,-1,-0.01,-1,-1,-0.01,-1,-1,-0.01,-1,-1,-0.01,-1,-1,-0.01,-1,-1,-0.01,-1,-1
99926009,2026-05-18 10:14:11+05:30,52879.15,0,0.0,0,0.0,0.0,53282.15,53308.4,52783.45,53710.35,0,0.0,0.0,0.0,0.0,-0.01,-1,-1,-0.01,-1,-1,-0.01,-1,-1,-0.01,-1,-1,-0.01,-1,-1,-0.01,-1,-1,-0.01,-1,-1,-0.01,-1,-1,-0.01,-1,-1,-0.01,-1,-1
99926009,2026-05-18 10:14:11+05:30,52881.35,0,0.0,0,0.0,0.0,53282.15,53308.4,52783.45,53710.35,0,0.0,0.0,0.0,0.0,-0.01,-1,-1,-0.01,-1,-1,-0.01,-1,-1,-0.01,-1,-1,-0.01,-1,-1,-0.01,-1,-1,-0.01,-1,-1,-0.01,-1,-1,-0.01,-1,-1,-0.01,-1,-1
99926009,2026-05-18 10:14:12+05:30,52881.5,0,0.0,0,0.0,0.0,53282.15,53308.4,52783.45,53710.35,0,0.0,0.0,0.0,0.0,-0.01,-1,-1,-0.01,-1,-1,-0.01,-1,-1,-0.01,-1,-1,-0.01,-1,-1,-0.01,-1,-1,-0.01,-1,-1,-0.01,-1,-1,-0.01,-1,-1,-0.01,-1,-1
99926009,2026-05-18 10:14:12+05:30,52880.65,0,0.0,0,0.0,0.0,53282.15,53308.4,52783.45,53710.35,0,0.0,0.0,0.0,0.0,-0.01,-1,-1,-0.01,-1,-1,-0.01,-1,-1,-0.01,-1,-1,-0.01,-1,-1,-0.01,-1,-1,-0.01,-1,-1,-0.01,-1,-1,-0.01,-1,-1,-0.01,-1,-1
99926009,2026-05-18 10:14:13+05:30,52881.5,0,0.0,0,0.0,0.0,53282.15,53308.4,52783.45,53710.35,0,0.0,0.0,0.0,0.0,-0.01,-1,-1,-0.01,-1,-1,-0.01,-1,-1,-0.01,-1,-1,-0.01,-1,-1,-0.01,-1,-1,-0.01,-1,-1,-0.01,-1,-1,-0.01,-1,-1,-0.01,-1,-1
99926009,2026-05-18 10:14:13+05:30,52884.2,0,0.0,0,0.0,0.0,53282.15,53308.4,52783.45,53710.35,0,0.0,0.0,0.0,0.0,-0.01,-1,-1,-0.01,-1,-1,-0.01,-1,-1,-0.01,-1,-1,-0.01,-1,-1,-0.01,-1,-1,-0.01,-1,-1,-0.01,-1,-1,-0.01,-1,-1,-0.01,-1,-1
99926009,2026-05-18 10:14:14+05:30,52884.2,0,0.0,0,0.0,0.0,53282.15,53308.4,52783.45,53710.35,0,0.0,0.0,0.0,0.0,-0.01,-1,-1,-0.01,-1,-1,-0.01,-1,-1,-0.01,-1,-1,-0.01,-1,-1,-0.01,-1,-1,-0.01,-1,-1,-0.01,-1,-1,-0.01,-1,-1,-0.01,-1,-1
99926009,2026-05-18 10:14:14+05:30,52883.45,0,0.0,0,0.0,0.0,53282.15,53308.4,52783.45,53710.35,0,0.0,0.0,0.0,0.0,-0.01,-1,-1,-0.01,-1,-1,-0.01,-1,-1,-0.01,-1,-1,-0.01,-1,-1,-0.01,-1,-1,-0.01,-1,-1,-0.01,-1,-1,-0.01,-1,-1,-0.01,-1,-1
99926009,2026-05-18 10:14:15+05:30,52883.9,0,0.0,0,0.0,0.0,53282.15,53308.4,52783.45,53710.35,0,0.0,0.0,0.0,0.0,-0.01,-1,-1,-0.01,-1,-1,-0.01,-1,-1,-0.01,-1,-1,-0.01,-1,-1,-0.01,-1,-1,-0.01,-1,-1,-0.01,-1,-1,-0.01,-1,-1,-0.01,-1,-1
99926009,2026-05-18 10:14:15+05:30,52881.9,0,0.0,0,0.0,0.0,53282.15,53308.4,52783.45,53710.35,0,0.0,0.0,0.0,0.0,-0.01,-1,-1,-0.01,-1,-1,-0.01,-1,-1,-0.01,-1,-1,-0.01,-1,-1,-0.01,-1,-1,-0.01,-1,-1,-0.01,-1,-1,-0.01,-1,-1,-0.01,-1,-1
99926009,2026-05-18 10:14:16+05:30,52883.15,0,0.0,0,0.0,0.0,53282.15,53308.4,52783.45,53710.35,0,0.0,0.0,0.0,0.0,-0.01,-1,-1,-0.01,-1,-1,-0.01,-1,-1,-0.01,-1,-1,-0.01,-1,-1,-0.01,-1,-1,-0.01,-1,-1,-0.01,-1,-1,-0.01,-1,-1,-0.01,-1,-1
99926009,2026-05-18 10:14:16+05:30,52882.05,0,0.0,0,0.0,0.0,53282.15,53308.4,52783.45,53710.35,0,0.0,0.0,0.0,0.0,-0.01,-1,-1,-0.01,-1,-1,-0.01,-1,-1,-0.01,-1,-1,-0.01,-1,-1,-0.01,-1,-1,-0.01,-1,-1,-0.01,-1,-1,-0.01,-1,-1,-0.01,-1,-1
99926009,2026-05-18 10:14:17+05:30,52883.9,0,0.0,0,0.0,0.0,53282.15,53308.4,52783.45,53710.35,0,0.0,0.0,0.0,0.0,-0.01,-1,-1,-0.01,-1,-1,-0.01,-1,-1,-0.01,-1,-1,-0.01,-1,-1,-0.01,-1,-1,-0.01,-1,-1,-0.01,-1,-1,-0.01,-1,-1,-0.01,-1,-1
99926009,2026-05-18 10:14:17+05:30,52883.8,0,0.0,0,0.0,0.0,53282.15,53308.4,52783.45,53710.35,0,0.0,0.0,0.0,0.0,-0.01,-1,-1,-0.01,-1,-1,-0.01,-1,-1,-0.01,-1,-1,-0.01,-1,-1,-0.01,-1,-1,-0.01,-1,-1,-0.01,-1,-1,-0.01,-1,-1,-0.01,-1,-1
99926009,2026-05-18 10:14:18+05:30,52885.15,0,0.0,0,0.0,0.0,53282.15,53308.4,52783.45,53710.35,0,0.0,0.0,0.0,0.0,-0.01,-1,-1,-0.01,-1,-1,-0.01,-1,-1,-0.01,-1,-1,-0.01,-1,-1,-0.01,-1,-1,-0.01,-1,-1,-0.01,-1,-1,-0.01,-1,-1,-0.01,-1,-1
99926009,2026-05-18 10:14:18+05:30,52881.75,0,0.0,0,0.0,0.0,53282.15,53308.4,52783.45,53710.35,0,0.0,0.0,0.0,0.0,-0.01,-1,-1,-0.01,-1,-1,-0.01,-1,-1,-0.01,-1,-1,-0.01,-1,-1,-0.01,-1,-1,-0.01,-1,-1,-0.01,-1,-1,-0.01,-1,-1,-0.01,-1,-1
99926009,2026-05-18 10:14:19+05:30,52883.7,0,0.0,0,0.0,0.0,53282.15,53308.4,52783.45,53710.35,0,0.0,0.0,0.0,0.0,-0.01,-1,-1,-0.01,-1,-1,-0.01,-1,-1,-0.01,-1,-1,-0.01,-1,-1,-0.01,-1,-1,-0.01,-1,-1,-0.01,-1,-1,-0.01,-1,-1,-0.01,-1,-1
99926009,2026-05-18 10:14:19+05:30,52884.9,0,0.0,0,0.0,0.0,53282.15,53308.4,52783.45,53710.35,0,0.0,0.0,0.0,0.0,-0.01,-1,-1,-0.01,-1,-1,-0.01,-1,-1,-0.01,-1,-1,-0.01,-1,-1,-0.01,-1,-1,-0.01,-1,-1,-0.01,-1,-1,-0.01,-1,-1,-0.01,-1,-1
99926009,2026-05-18 10:14:20+05:30,52885.15,0,0.0,0,0.0,0.0,53282.15,53308.4,52783.45,53710.35,0,0.0,0.0,0.0,0.0,-0.01,-1,-1,-0.01,-1,-1,-0.01,-1,-1,-0.01,-1,-1,-0.01,-1,-1,-0.01,-1,-1,-0.01,-1,-1,-0.01,-1,-1,-0.01,-1,-1,-0.01,-1,-1
99926009,2026-05-18 10:14:20+05:30,52885.15,0,0.0,0,0.0,0.0,53282.15,53308.4,52783.45,53710.35,0,0.0,0.0,0.0,0.0,-0.01,-1,-1,-0.01,-1,-1,-0.01,-1,-1,-0.01,-1,-1,-0.01,-1,-1,-0.01,-1,-1,-0.01,-1,-1,-0.01,-1,-1,-0.01,-1,-1,-0.01,-1,-1
99926009,2026-05-18 10:14:21+05:30,52882.2,0,0.0,0,0.0,0.0,53282.15,53308.4,52783.45,53710.35,0,0.0,0.0,0.0,0.0,-0.01,-1,-1,-0.01,-1,-1,-0.01,-1,-1,-0.01,-1,-1,-0.01,-1,-1,-0.01,-1,-1,-0.01,-1,-1,-0.01,-1,-1,-0.01,-1,-1,-0.01,-1,-1
99926009,2026-05-18 10:14:21+05:30,52881.85,0,0.0,0,0.0,0.0,53282.15,53308.4,52783.45,53710.35,0,0.0,0.0,0.0,0.0,-0.01,-1,-1,-0.01,-1,-1,-0.01,-1,-1,-0.01,-1,-1,-0.01,-1,-1,-0.01,-1,-1,-0.01,-1,-1,-0.01,-1,-1,-0.01,-1,-1,-0.01,-1,-1
99926009,2026-05-18 10:14:22+05:30,52881.35,0,0.0,0,0.0,0.0,53282.15,53308.4,52783.45,53710.35,0,0.0,0.0,0.0,0.0,-0.01,-1,-1,-0.01,-1,-1,-0.01,-1,-1,-0.01,-1,-1,-0.01,-1,-1,-0.01,-1,-1,-0.01,-1,-1,-0.01,-1,-1,-0.01,-1,-1,-0.01,-1,-1
99926009,2026-05-18 10:14:22+05:30,52873.1,0,0.0,0,0.0,0.0,53282.15,53308.4,52783.45,53710.35,0,0.0,0.0,0.0,0.0,-0.01,-1,-1,-0.01,-1,-1,-0.01,-1,-1,-0.01,-1,-1,-0.01,-1,-1,-0.01,-1,-1,-0.01,-1,-1,-0.01,-1,-1,-0.01,-1,-1,-0.01,-1,-1
99926009,2026-05-18 10:14:23+05:30,52876.45,0,0.0,0,0.0,0.0,53282.15,53308.4,52783.45,53710.35,0,0.0,0.0,0.0,0.0,-0.01,-1,-1,-0.01,-1,-1,-0.01,-1,-1,-0.01,-1,-1,-0.01,-1,-1,-0.01,-1,-1,-0.01,-1,-1,-0.01,-1,-1,-0.01,-1,-1,-0.01,-1,-1
99926009,2026-05-18 10:14:23+05:30,52876.15,0,0.0,0,0.0,0.0,53282.15,53308.4,52783.45,53710.35,0,0.0,0.0,0.0,0.0,-0.01,-1,-1,-0.01,-1,-1,-0.01,-1,-1,-0.01,-1,-1,-0.01,-1,-1,-0.01,-1,-1,-0.01,-1,-1,-0.01,-1,-1,-0.01,-1,-1,-0.01,-1,-1
99926009,2026-05-18 10:14:24+05:30,52875.6,0,0.0,0,0.0,0.0,53282.15,53308.4,52783.45,53710.35,0,0.0,0.0,0.0,0.0,-0.01,-1,-1,-0.01,-1,-1,-0.01,-1,-1,-0.01,-1,-1,-0.01,-1,-1,-0.01,-1,-1,-0.01,-1,-1,-0.01,-1,-1,-0.01,-1,-1,-0.01,-1,-1
99926009,2026-05-18 10:14:24+05:30,52876.05,0,0.0,0,0.0,0.0,53282.15,53308.4,52783.45,53710.35,0,0.0,0.0,0.0,0.0,-0.01,-1,-1,-0.01,-1,-1,-0.01,-1,-1,-0.01,-1,-1,-0.01,-1,-1,-0.01,-1,-1,-0.01,-1,-1,-0.01,-1,-1,-0.01,-1,-1,-0.01,-1,-1
99926009,2026-05-18 10:14:25+05:30,52878.4,0,0.0,0,0.0,0.0,53282.15,53308.4,52783.45,53710.35,0,0.0,0.0,0.0,0.0,-0.01,-1,-1,-0.01,-1,-1,-0.01,-1,-1,-0.01,-1,-1,-0.01,-1,-1,-0.01,-1,-1,-0.01,-1,-1,-0.01,-1,-1,-0.01,-1,-1,-0.01,-1,-1
99926009,2026-05-18 10:14:25+05:30,52876.7,0,0.0,0,0.0,0.0,53282.15,53308.4,52783.45,53710.35,0,0.0,0.0,0.0,0.0,-0.01,-1,-1,-0.01,-1,-1,-0.01,-1,-1,-0.01,-1,-1,-0.01,-1,-1,-0.01,-1,-1,-0.01,-1,-1,-0.01,-1,-1,-0.01,-1,-1,-0.01,-1,-1
99926009,2026-05-18 10:14:26+05:30,52874.4,0,0.0,0,0.0,0.0,53282.15,53308.4,52783.45,53710.35,0,0.0,0.0,0.0,0.0,-0.01,-1,-1,-0.01,-1,-1,-0.01,-1,-1,-0.01,-1,-1,-0.01,-1,-1,-0.01,-1,-1,-0.01,-1,-1,-0.01,-1,-1,-0.01,-1,-1,-0.01,-1,-1
99926009,2026-05-18 10:14:26+05:30,52877.1,0,0.0,0,0.0,0.0,53282.15,53308.4,52783.45,53710.35,0,0.0,0.0,0.0,0.0,-0.01,-1,-1,-0.01,-1,-1,-0.01,-1,-1,-0.01,-1,-1,-0.01,-1,-1,-0.01,-1,-1,-0.01,-1,-1,-0.01,-1,-1,-0.01,-1,-1,-0.01,-1,-1
99926009,2026-05-18 10:14:27+05:30,52875.2,0,0.0,0,0.0,0.0,53282.15,53308.4,52783.45,53710.35,0,0.0,0.0,0.0,0.0,-0.01,-1,-1,-0.01,-1,-1,-0.01,-1,-1,-0.01,-1,-1,-0.01,-1,-1,-0.01,-1,-1,-0.01,-1,-1,-0.01,-1,-1,-0.01,-1,-1,-0.01,-1,-1
99926009,2026-05-18 10:14:27+05:30,52872.4,0,0.0,0,0.0,0.0,53282.15,53308.4,52783.45,53710.35,0,0.0,0.0,0.0,0.0,-0.01,-1,-1,-0.01,-1,-1,-0.01,-1,-1,-0.01,-1,-1,-0.01,-1,-1,-0.01,-1,-1,-0.01,-1,-1,-0.01,-1,-1,-0.01,-1,-1,-0.01,-1,-1
99926009,2026-05-18 10:14:28+05:30,52875.65,0,0.0,0,0.0,0.0,53282.15,53308.4,52783.45,53710.35,0,0.0,0.0,0.0,0.0,-0.01,-1,-1,-0.01,-1,-1,-0.01,-1,-1,-0.01,-1,-1,-0.01,-1,-1,-0.01,-1,-1,-0.01,-1,-1,-0.01,-1,-1,-0.01,-1,-1,-0.01,-1,-1
99926009,2026-05-18 10:14:28+05:30,52875.0,0,0.0,0,0.0,0.0,53282.15,53308.4,52783.45,53710.35,0,0.0,0.0,0.0,0.0,-0.01,-1,-1,-0.01,-1,-1,-0.01,-1,-1,-0.01,-1,-1,-0.01,-1,-1,-0.01,-1,-1,-0.01,-1,-1,-0.01,-1,-1,-0.01,-1,-1,-0.01,-1,-1
99926009,2026-05-18 10:14:29+05:30,52876.45,0,0.0,0,0.0,0.0,53282.15,53308.4,52783.45,53710.35,0,0.0,0.0,0.0,0.0,-0.01,-1,-1,-0.01,-1,-1,-0.01,-1,-1,-0.01,-1,-1,-0.01,-1,-1,-0.01,-1,-1,-0.01,-1,-1,-0.01,-1,-1,-0.01,-1,-1,-0.01,-1,-1
99926009,2026-05-18 10:14:29+05:30,52880.0,0,0.0,0,0.0,0.0,53282.15,53308.4,52783.45,53710.35,0,0.0,0.0,0.0,0.0,-0.01,-1,-1,-0.01,-1,-1,-0.01,-1,-1,-0.01,-1,-1,-0.01,-1,-1,-0.01,-1,-1,-0.01,-1,-1,-0.01,-1,-1,-0.01,-1,-1,-0.01,-1,-1
99926009,2026-05-18 10:14:30+05:30,52881.6,0,0.0,0,0.0,0.0,53282.15,53308.4,52783.45,53710.35,0,0.0,0.0,0.0,0.0,-0.01,-1,-1,-0.01,-1,-1,-0.01,-1,-1,-0.01,-1,-1,-0.01,-1,-1,-0.01,-1,-1,-0.01,-1,-1,-0.01,-1,-1,-0.01,-1,-1,-0.01,-1,-1
99926009,2026-05-18 10:14:30+05:30,52881.65,0,0.0,0,0.0,0.0,53282.15,53308.4,52783.45,53710.35,0,0.0,0.0,0.0,0.0,-0.01,-1,-1,-0.01,-1,-1,-0.01,-1,-1,-0.01,-1,-1,-0.01,-1,-1,-0.01,-1,-1,-0.01,-1,-1,-0.01,-1,-1,-0.01,-1,-1,-0.01,-1,-1
99926009,2026-05-18 10:14:31+05:30,52884.4,0,0.0,0,0.0,0.0,53282.15,53308.4,52783.45,53710.35,0,0.0,0.0,0.0,0.0,-0.01,-1,-1,-0.01,-1,-1,-0.01,-1,-1,-0.01,-1,-1,-0.01,-1,-1,-0.01,-1,-1,-0.01,-1,-1,-0.01,-1,-1,-0.01,-1,-1,-0.01,-1,-1
99926009,2026-05-18 10:14:31+05:30,52884.35,0,0.0,0,0.0,0.0,53282.15,53308.4,52783.45,53710.35,0,0.0,0.0,0.0,0.0,-0.01,-1,-1,-0.01,-1,-1,-0.01,-1,-1,-0.01,-1,-1,-0.01,-1,-1,-0.01,-1,-1,-0.01,-1,-1,-0.01,-1,-1,-0.01,-1,-1,-0.01,-1,-1
99926009,2026-05-18 10:14:32+05:30,52883.65,0,0.0,0,0.0,0.0,53282.15,53308.4,52783.45,53710.35,0,0.0,0.0,0.0,0.0,-0.01,-1,-1,-0.01,-1,-1,-0.01,-1,-1,-0.01,-1,-1,-0.01,-1,-1,-0.01,-1,-1,-0.01,-1,-1,-0.01,-1,-1,-0.01,-1,-1,-0.01,-1,-1
99926009,2026-05-18 10:14:32+05:30,52884.05,0,0.0,0,0.0,0.0,53282.15,53308.4,52783.45,53710.35,0,0.0,0.0,0.0,0.0,-0.01,-1,-1,-0.01,-1,-1,-0.01,-1,-1,-0.01,-1,-1,-0.01,-1,-1,-0.01,-1,-1,-0.01,-1,-1,-0.01,-1,-1,-0.01,-1,-1,-0.01,-1,-1
99926009,2026-05-18 10:14:33+05:30,52885.55,0,0.0,0,0.0,0.0,53282.15,53308.4,52783.45,53710.35,0,0.0,0.0,0.0,0.0,-0.01,-1,-1,-0.01,-1,-1,-0.01,-1,-1,-0.01,-1,-1,-0.01,-1,-1,-0.01,-1,-1,-0.01,-1,-1,-0.01,-1,-1,-0.01,-1,-1,-0.01,-1,-1
99926009,2026-05-18 10:14:33+05:30,52887.05,0,0.0,0,0.0,0.0,53282.15,53308.4,52783.45,53710.35,0,0.0,0.0,0.0,0.0,-0.01,-1,-1,-0.01,-1,-1,-0.01,-1,-1,-0.01,-1,-1,-0.01,-1,-1,-0.01,-1,-1,-0.01,-1,-1,-0.01,-1,-1,-0.01,-1,-1,-0.01,-1,-1
99926009,2026-05-18 10:14:34+05:30,52885.7,0,0.0,0,0.0,0.0,53282.15,53308.4,52783.45,53710.35,0,0.0,0.0,0.0,0.0,-0.01,-1,-1,-0.01,-1,-1,-0.01,-1,-1,-0.01,-1,-1,-0.01,-1,-1,-0.01,-1,-1,-0.01,-1,-1,-0.01,-1,-1,-0.01,-1,-1,-0.01,-1,-1
99926009,2026-05-18 10:14:34+05:30,52885.1,0,0.0,0,0.0,0.0,53282.15,53308.4,52783.45,53710.35,0,0.0,0.0,0.0,0.0,-0.01,-1,-1,-0.01,-1,-1,-0.01,-1,-1,-0.01,-1,-1,-0.01,-1,-1,-0.01,-1,-1,-0.01,-1,-1,-0.01,-1,-1,-0.01,-1,-1,-0.01,-1,-1
99926009,2026-05-18 10:14:35+05:30,52888.1,0,0.0,0,0.0,0.0,53282.15,53308.4,52783.45,53710.35,0,0.0,0.0,0.0,0.0,-0.01,-1,-1,-0.01,-1,-1,-0.01,-1,-1,-0.01,-1,-1,-0.01,-1,-1,-0.01,-1,-1,-0.01,-1,-1,-0.01,-1,-1,-0.01,-1,-1,-0.01,-1,-1
99926009,2026-05-18 10:14:35+05:30,52885.2,0,0.0,0,0.0,0.0,53282.15,53308.4,52783.45,53710.35,0,0.0,0.0,0.0,0.0,-0.01,-1,-1,-0.01,-1,-1,-0.01,-1,-1,-0.01,-1,-1,-0.01,-1,-1,-0.01,-1,-1,-0.01,-1,-1,-0.01,-1,-1,-0.01,-1,-1,-0.01,-1,-1
99926009,2026-05-18 10:14:36+05:30,52882.4,0,0.0,0,0.0,0.0,53282.15,53308.4,52783.45,53710.35,0,0.0,0.0,0.0,0.0,-0.01,-1,-1,-0.01,-1,-1,-0.01,-1,-1,-0.01,-1,-1,-0.01,-1,-1,-0.01,-1,-1,-0.01,-1,-1,-0.01,-1,-1,-0.01,-1,-1,-0.01,-1,-1
99926009,2026-05-18 10:14:36+05:30,52884.1,0,0.0,0,0.0,0.0,53282.15,53308.4,52783.45,53710.35,0,0.0,0.0,0.0,0.0,-0.01,-1,-1,-0.01,-1,-1,-0.01,-1,-1,-0.01,-1,-1,-0.01,-1,-1,-0.01,-1,-1,-0.01,-1,-1,-0.01,-1,-1,-0.01,-1,-1,-0.01,-1,-1
99926009,2026-05-18 10:14:37+05:30,52883.1,0,0.0,0,0.0,0.0,53282.15,53308.4,52783.45,53710.35,0,0.0,0.0,0.0,0.0,-0.01,-1,-1,-0.01,-1,-1,-0.01,-1,-1,-0.01,-1,-1,-0.01,-1,-1,-0.01,-1,-1,-0.01,-1,-1,-0.01,-1,-1,-0.01,-1,-1,-0.01,-1,-1
99926009,2026-05-18 10:14:37+05:30,52882.25,0,0.0,0,0.0,0.0,53282.15,53308.4,52783.45,53710.35,0,0.0,0.0,0.0,0.0,-0.01,-1,-1,-0.01,-1,-1,-0.01,-1,-1,-0.01,-1,-1,-0.01,-1,-1,-0.01,-1,-1,-0.01,-1,-1,-0.01,-1,-1,-0.01,-1,-1,-0.01,-1,-1
99926009,2026-05-18 10:14:38+05:30,52882.75,0,0.0,0,0.0,0.0,53282.15,53308.4,52783.45,53710.35,0,0.0,0.0,0.0,0.0,-0.01,-1,-1,-0.01,-1,-1,-0.01,-1,-1,-0.01,-1,-1,-0.01,-1,-1,-0.01,-1,-1,-0.01,-1,-1,-0.01,-1,-1,-0.01,-1,-1,-0.01,-1,-1
99926009,2026-05-18 10:14:38+05:30,52882.55,0,0.0,0,0.0,0.0,53282.15,53308.4,52783.45,53710.35,0,0.0,0.0,0.0,0.0,-0.01,-1,-1,-0.01,-1,-1,-0.01,-1,-1,-0.01,-1,-1,-0.01,-1,-1,-0.01,-1,-1,-0.01,-1,-1,-0.01,-1,-1,-0.01,-1,-1,-0.01,-1,-1
99926009,2026-05-18 10:14:39+05:30,52881.05,0,0.0,0,0.0,0.0,53282.15,53308.4,52783.45,53710.35,0,0.0,0.0,0.0,0.0,-0.01,-1,-1,-0.01,-1,-1,-0.01,-1,-1,-0.01,-1,-1,-0.01,-1,-1,-0.01,-1,-1,-0.01,-1,-1,-0.01,-1,-1,-0.01,-1,-1,-0.01,-1,-1
99926009,2026-05-18 10:14:39+05:30,52881.85,0,0.0,0,0.0,0.0,53282.15,53308.4,52783.45,53710.35,0,0.0,0.0,0.0,0.0,-0.01,-1,-1,-0.01,-1,-1,-0.01,-1,-1,-0.01,-1,-1,-0.01,-1,-1,-0.01,-1,-1,-0.01,-1,-1,-0.01,-1,-1,-0.01,-1,-1,-0.01,-1,-1
99926009,2026-05-18 10:14:40+05:30,52883.55,0,0.0,0,0.0,0.0,53282.15,53308.4,52783.45,53710.35,0,0.0,0.0,0.0,0.0,-0.01,-1,-1,-0.01,-1,-1,-0.01,-1,-1,-0.01,-1,-1,-0.01,-1,-1,-0.01,-1,-1,-0.01,-1,-1,-0.01,-1,-1,-0.01,-1,-1,-0.01,-1,-1
99926009,2026-05-18 10:14:40+05:30,52884.9,0,0.0,0,0.0,0.0,53282.15,53308.4,52783.45,53710.35,0,0.0,0.0,0.0,0.0,-0.01,-1,-1,-0.01,-1,-1,-0.01,-1,-1,-0.01,-1,-1,-0.01,-1,-1,-0.01,-1,-1,-0.01,-1,-1,-0.01,-1,-1,-0.01,-1,-1,-0.01,-1,-1
99926009,2026-05-18 10:14:41+05:30,52880.65,0,0.0,0,0.0,0.0,53282.15,53308.4,52783.45,53710.35,0,0.0,0.0,0.0,0.0,-0.01,-1,-1,-0.01,-1,-1,-0.01,-1,-1,-0.01,-1,-1,-0.01,-1,-1,-0.01,-1,-1,-0.01,-1,-1,-0.01,-1,-1,-0.01,-1,-1,-0.01,-1,-1
99926009,2026-05-18 10:14:41+05:30,52885.1,0,0.0,0,0.0,0.0,53282.15,53308.4,52783.45,53710.35,0,0.0,0.0,0.0,0.0,-0.01,-1,-1,-0.01,-1,-1,-0.01,-1,-1,-0.01,-1,-1,-0.01,-1,-1,-0.01,-1,-1,-0.01,-1,-1,-0.01,-1,-1,-0.01,-1,-1,-0.01,-1,-1
99926009,2026-05-18 10:14:42+05:30,52883.9,0,0.0,0,0.0,0.0,53282.15,53308.4,52783.45,53710.35,0,0.0,0.0,0.0,0.0,-0.01,-1,-1,-0.01,-1,-1,-0.01,-1,-1,-0.01,-1,-1,-0.01,-1,-1,-0.01,-1,-1,-0.01,-1,-1,-0.01,-1,-1,-0.01,-1,-1,-0.01,-1,-1
99926009,2026-05-18 10:14:42+05:30,52883.95,0,0.0,0,0.0,0.0,53282.15,53308.4,52783.45,53710.35,0,0.0,0.0,0.0,0.0,-0.01,-1,-1,-0.01,-1,-1,-0.01,-1,-1,-0.01,-1,-1,-0.01,-1,-1,-0.01,-1,-1,-0.01,-1,-1,-0.01,-1,-1,-0.01,-1,-1,-0.01,-1,-1
99926009,2026-05-18 10:14:43+05:30,52883.45,0,0.0,0,0.0,0.0,53282.15,53308.4,52783.45,53710.35,0,0.0,0.0,0.0,0.0,-0.01,-1,-1,-0.01,-1,-1,-0.01,-1,-1,-0.01,-1,-1,-0.01,-1,-1,-0.01,-1,-1,-0.01,-1,-1,-0.01,-1,-1,-0.01,-1,-1,-0.01,-1,-1
99926009,2026-05-18 10:14:43+05:30,52882.8,0,0.0,0,0.0,0.0,53282.15,53308.4,52783.45,53710.35,0,0.0,0.0,0.0,0.0,-0.01,-1,-1,-0.01,-1,-1,-0.01,-1,-1,-0.01,-1,-1,-0.01,-1,-1,-0.01,-1,-1,-0.01,-1,-1,-0.01,-1,-1,-0.01,-1,-1,-0.01,-1,-1
99926009,2026-05-18 10:14:44+05:30,52880.85,0,0.0,0,0.0,0.0,53282.15,53308.4,52783.45,53710.35,0,0.0,0.0,0.0,0.0,-0.01,-1,-1,-0.01,-1,-1,-0.01,-1,-1,-0.01,-1,-1,-0.01,-1,-1,-0.01,-1,-1,-0.01,-1,-1,-0.01,-1,-1,-0.01,-1,-1,-0.01,-1,-1
99926009,2026-05-18 10:14:44+05:30,52881.9,0,0.0,0,0.0,0.0,53282.15,53308.4,52783.45,53710.35,0,0.0,0.0,0.0,0.0,-0.01,-1,-1,-0.01,-1,-1,-0.01,-1,-1,-0.01,-1,-1,-0.01,-1,-1,-0.01,-1,-1,-0.01,-1,-1,-0.01,-1,-1,-0.01,-1,-1,-0.01,-1,-1
99926009,2026-05-18 10:14:45+05:30,52881.25,0,0.0,0,0.0,0.0,53282.15,53308.4,52783.45,53710.35,0,0.0,0.0,0.0,0.0,-0.01,-1,-1,-0.01,-1,-1,-0.01,-1,-1,-0.01,-1,-1,-0.01,-1,-1,-0.01,-1,-1,-0.01,-1,-1,-0.01,-1,-1,-0.01,-1,-1,-0.01,-1,-1
99926009,2026-05-18 10:14:45+05:30,52881.4,0,0.0,0,0.0,0.0,53282.15,53308.4,52783.45,53710.35,0,0.0,0.0,0.0,0.0,-0.01,-1,-1,-0.01,-1,-1,-0.01,-1,-1,-0.01,-1,-1,-0.01,-1,-1,-0.01,-1,-1,-0.01,-1,-1,-0.01,-1,-1,-0.01,-1,-1,-0.01,-1,-1
99926009,2026-05-18 10:14:46+05:30,52879.75,0,0.0,0,0.0,0.0,53282.15,53308.4,52783.45,53710.35,0,0.0,0.0,0.0,0.0,-0.01,-1,-1,-0.01,-1,-1,-0.01,-1,-1,-0.01,-1,-1,-0.01,-1,-1,-0.01,-1,-1,-0.01,-1,-1,-0.01,-1,-1,-0.01,-1,-1,-0.01,-1,-1
99926009,2026-05-18 10:14:46+05:30,52882.4,0,0.0,0,0.0,0.0,53282.15,53308.4,52783.45,53710.35,0,0.0,0.0,0.0,0.0,-0.01,-1,-1,-0.01,-1,-1,-0.01,-1,-1,-0.01,-1,-1,-0.01,-1,-1,-0.01,-1,-1,-0.01,-1,-1,-0.01,-1,-1,-0.01,-1,-1,-0.01,-1,-1
99926009,2026-05-18 10:14:47+05:30,52882.2,0,0.0,0,0.0,0.0,53282.15,53308.4,52783.45,53710.35,0,0.0,0.0,0.0,0.0,-0.01,-1,-1,-0.01,-1,-1,-0.01,-1,-1,-0.01,-1,-1,-0.01,-1,-1,-0.01,-1,-1,-0.01,-1,-1,-0.01,-1,-1,-0.01,-1,-1,-0.01,-1,-1
99926009,2026-05-18 10:14:47+05:30,52882.05,0,0.0,0,0.0,0.0,53282.15,53308.4,52783.45,53710.35,0,0.0,0.0,0.0,0.0,-0.01,-1,-1,-0.01,-1,-1,-0.01,-1,-1,-0.01,-1,-1,-0.01,-1,-1,-0.01,-1,-1,-0.01,-1,-1,-0.01,-1,-1,-0.01,-1,-1,-0.01,-1,-1
99926009,2026-05-18 10:14:48+05:30,52881.85,0,0.0,0,0.0,0.0,53282.15,53308.4,52783.45,53710.35,0,0.0,0.0,0.0,0.0,-0.01,-1,-1,-0.01,-1,-1,-0.01,-1,-1,-0.01,-1,-1,-0.01,-1,-1,-0.01,-1,-1,-0.01,-1,-1,-0.01,-1,-1,-0.01,-1,-1,-0.01,-1,-1
99926009,2026-05-18 10:14:48+05:30,52883.9,0,0.0,0,0.0,0.0,53282.15,53308.4,52783.45,53710.35,0,0.0,0.0,0.0,0.0,-0.01,-1,-1,-0.01,-1,-1,-0.01,-1,-1,-0.01,-1,-1,-0.01,-1,-1,-0.01,-1,-1,-0.01,-1,-1,-0.01,-1,-1,-0.01,-1,-1,-0.01,-1,-1
99926009,2026-05-18 10:14:49+05:30,52886.3,0,0.0,0,0.0,0.0,53282.15,53308.4,52783.45,53710.35,0,0.0,0.0,0.0,0.0,-0.01,-1,-1,-0.01,-1,-1,-0.01,-1,-1,-0.01,-1,-1,-0.01,-1,-1,-0.01,-1,-1,-0.01,-1,-1,-0.01,-1,-1,-0.01,-1,-1,-0.01,-1,-1
99926009,2026-05-18 10:14:49+05:30,52885.3,0,0.0,0,0.0,0.0,53282.15,53308.4,52783.45,53710.35,0,0.0,0.0,0.0,0.0,-0.01,-1,-1,-0.01,-1,-1,-0.01,-1,-1,-0.01,-1,-1,-0.01,-1,-1,-0.01,-1,-1,-0.01,-1,-1,-0.01,-1,-1,-0.01,-1,-1,-0.01,-1,-1
99926009,2026-05-18 10:14:50+05:30,52884.6,0,0.0,0,0.0,0.0,53282.15,53308.4,52783.45,53710.35,0,0.0,0.0,0.0,0.0,-0.01,-1,-1,-0.01,-1,-1,-0.01,-1,-1,-0.01,-1,-1,-0.01,-1,-1,-0.01,-1,-1,-0.01,-1,-1,-0.01,-1,-1,-0.01,-1,-1,-0.01,-1,-1
99926009,2026-05-18 10:14:50+05:30,52884.65,0,0.0,0,0.0,0.0,53282.15,53308.4,52783.45,53710.35,0,0.0,0.0,0.0,0.0,-0.01,-1,-1,-0.01,-1,-1,-0.01,-1,-1,-0.01,-1,-1,-0.01,-1,-1,-0.01,-1,-1,-0.01,-1,-1,-0.01,-1,-1,-0.01,-1,-1,-0.01,-1,-1
99926009,2026-05-18 10:14:51+05:30,52882.45,0,0.0,0,0.0,0.0,53282.15,53308.4,52783.45,53710.35,0,0.0,0.0,0.0,0.0,-0.01,-1,-1,-0.01,-1,-1,-0.01,-1,-1,-0.01,-1,-1,-0.01,-1,-1,-0.01,-1,-1,-0.01,-1,-1,-0.01,-1,-1,-0.01,-1,-1,-0.01,-1,-1
99926009,2026-05-18 10:14:51+05:30,52883.7,0,0.0,0,0.0,0.0,53282.15,53308.4,52783.45,53710.35,0,0.0,0.0,0.0,0.0,-0.01,-1,-1,-0.01,-1,-1,-0.01,-1,-1,-0.01,-1,-1,-0.01,-1,-1,-0.01,-1,-1,-0.01,-1,-1,-0.01,-1,-1,-0.01,-1,-1,-0.01,-1,-1
99926009,2026-05-18 10:14:52+05:30,52883.45,0,0.0,0,0.0,0.0,53282.15,53308.4,52783.45,53710.35,0,0.0,0.0,0.0,0.0,-0.01,-1,-1,-0.01,-1,-1,-0.01,-1,-1,-0.01,-1,-1,-0.01,-1,-1,-0.01,-1,-1,-0.01,-1,-1,-0.01,-1,-1,-0.01,-1,-1,-0.01,-1,-1
99926009,2026-05-18 10:14:52+05:30,52883.35,0,0.0,0,0.0,0.0,53282.15,53308.4,52783.45,53710.35,0,0.0,0.0,0.0,0.0,-0.01,-1,-1,-0.01,-1,-1,-0.01,-1,-1,-0.01,-1,-1,-0.01,-1,-1,-0.01,-1,-1,-0.01,-1,-1,-0.01,-1,-1,-0.01,-1,-1,-0.01,-1,-1
99926009,2026-05-18 10:14:53+05:30,52881.25,0,0.0,0,0.0,0.0,53282.15,53308.4,52783.45,53710.35,0,0.0,0.0,0.0,0.0,-0.01,-1,-1,-0.01,-1,-1,-0.01,-1,-1,-0.01,-1,-1,-0.01,-1,-1,-0.01,-1,-1,-0.01,-1,-1,-0.01,-1,-1,-0.01,-1,-1,-0.01,-1,-1
99926009,2026-05-18 10:14:53+05:30,52885.65,0,0.0,0,0.0,0.0,53282.15,53308.4,52783.45,53710.35,0,0.0,0.0,0.0,0.0,-0.01,-1,-1,-0.01,-1,-1,-0.01,-1,-1,-0.01,-1,-1,-0.01,-1,-1,-0.01,-1,-1,-0.01,-1,-1,-0.01,-1,-1,-0.01,-1,-1,-0.01,-1,-1
99926009,2026-05-18 10:14:54+05:30,52886.1,0,0.0,0,0.0,0.0,53282.15,53308.4,52783.45,53710.35,0,0.0,0.0,0.0,0.0,-0.01,-1,-1,-0.01,-1,-1,-0.01,-1,-1,-0.01,-1,-1,-0.01,-1,-1,-0.01,-1,-1,-0.01,-1,-1,-0.01,-1,-1,-0.01,-1,-1,-0.01,-1,-1
99926009,2026-05-18 10:14:54+05:30,52885.05,0,0.0,0,0.0,0.0,53282.15,53308.4,52783.45,53710.35,0,0.0,0.0,0.0,0.0,-0.01,-1,-1,-0.01,-1,-1,-0.01,-1,-1,-0.01,-1,-1,-0.01,-1,-1,-0.01,-1,-1,-0.01,-1,-1,-0.01,-1,-1,-0.01,-1,-1,-0.01,-1,-1
99926009,2026-05-18 10:14:55+05:30,52883.8,0,0.0,0,0.0,0.0,53282.15,53308.4,52783.45,53710.35,0,0.0,0.0,0.0,0.0,-0.01,-1,-1,-0.01,-1,-1,-0.01,-1,-1,-0.01,-1,-1,-0.01,-1,-1,-0.01,-1,-1,-0.01,-1,-1,-0.01,-1,-1,-0.01,-1,-1,-0.01,-1,-1
99926009,2026-05-18 10:14:55+05:30,52885.35,0,0.0,0,0.0,0.0,53282.15,53308.4,52783.45,53710.35,0,0.0,0.0,0.0,0.0,-0.01,-1,-1,-0.01,-1,-1,-0.01,-1,-1,-0.01,-1,-1,-0.01,-1,-1,-0.01,-1,-1,-0.01,-1,-1,-0.01,-1,-1,-0.01,-1,-1,-0.01,-1,-1
99926009,2026-05-18 10:14:56+05:30,52886.25,0,0.0,0,0.0,0.0,53282.15,53308.4,52783.45,53710.35,0,0.0,0.0,0.0,0.0,-0.01,-1,-1,-0.01,-1,-1,-0.01,-1,-1,-0.01,-1,-1,-0.01,-1,-1,-0.01,-1,-1,-0.01,-1,-1,-0.01,-1,-1,-0.01,-1,-1,-0.01,-1,-1
99926009,2026-05-18 10:14:56+05:30,52888.95,0,0.0,0,0.0,0.0,53282.15,53308.4,52783.45,53710.35,0,0.0,0.0,0.0,0.0,-0.01,-1,-1,-0.01,-1,-1,-0.01,-1,-1,-0.01,-1,-1,-0.01,-1,-1,-0.01,-1,-1,-0.01,-1,-1,-0.01,-1,-1,-0.01,-1,-1,-0.01,-1,-1
99926009,2026-05-18 10:14:57+05:30,52885.7,0,0.0,0,0.0,0.0,53282.15,53308.4,52783.45,53710.35,0,0.0,0.0,0.0,0.0,-0.01,-1,-1,-0.01,-1,-1,-0.01,-1,-1,-0.01,-1,-1,-0.01,-1,-1,-0.01,-1,-1,-0.01,-1,-1,-0.01,-1,-1,-0.01,-1,-1,-0.01,-1,-1
99926009,2026-05-18 10:14:57+05:30,52886.75,0,0.0,0,0.0,0.0,53282.15,53308.4,52783.45,53710.35,0,0.0,0.0,0.0,0.0,-0.01,-1,-1,-0.01,-1,-1,-0.01,-1,-1,-0.01,-1,-1,-0.01,-1,-1,-0.01,-1,-1,-0.01,-1,-1,-0.01,-1,-1,-0.01,-1,-1,-0.01,-1,-1
99926009,2026-05-18 10:14:58+05:30,52887.95,0,0.0,0,0.0,0.0,53282.15,53308.4,52783.45,53710.35,0,0.0,0.0,0.0,0.0,-0.01,-1,-1,-0.01,-1,-1,-0.01,-1,-1,-0.01,-1,-1,-0.01,-1,-1,-0.01,-1,-1,-0.01,-1,-1,-0.01,-1,-1,-0.01,-1,-1,-0.01,-1,-1
99926009,2026-05-18 10:14:58+05:30,52890.8,0,0.0,0,0.0,0.0,53282.15,53308.4,52783.45,53710.35,0,0.0,0.0,0.0,0.0,-0.01,-1,-1,-0.01,-1,-1,-0.01,-1,-1,-0.01,-1,-1,-0.01,-1,-1,-0.01,-1,-1,-0.01,-1,-1,-0.01,-1,-1,-0.01,-1,-1,-0.01,-1,-1
99926009,2026-05-18 10:14:59+05:30,52886.4,0,0.0,0,0.0,0.0,53282.15,53308.4,52783.45,53710.35,0,0.0,0.0,0.0,0.0,-0.01,-1,-1,-0.01,-1,-1,-0.01,-1,-1,-0.01,-1,-1,-0.01,-1,-1,-0.01,-1,-1,-0.01,-1,-1,-0.01,-1,-1,-0.01,-1,-1,-0.01,-1,-1
99926009,2026-05-18 10:14:59+05:30,52884.25,0,0.0,0,0.0,0.0,53282.15,53308.4,52783.45,53710.35,0,0.0,0.0,0.0,0.0,-0.01,-1,-1,-0.01,-1,-1,-0.01,-1,-1,-0.01,-1,-1,-0.01,-1,-1,-0.01,-1,-1,-0.01,-1,-1,-0.01,-1,-1,-0.01,-1,-1,-0.01,-1,-1
99926009,2026-05-18 10:15:00+05:30,52891.05,0,0.0,0,0.0,0.0,53282.15,53308.4,52783.45,53710.35,0,0.0,0.0,0.0,0.0,-0.01,-1,-1,-0.01,-1,-1,-0.01,-1,-1,-0.01,-1,-1,-0.01,-1,-1,-0.01,-1,-1,-0.01,-1,-1,-0.01,-1,-1,-0.01,-1,-1,-0.01,-1,-1
99926009,2026-05-18 10:15:00+05:30,52888.5,0,0.0,0,0.0,0.0,53282.15,53308.4,52783.45,53710.35,0,0.0,0.0,0.0,0.0,-0.01,-1,-1,-0.01,-1,-1,-0.01,-1,-1,-0.01,-1,-1,-0.01,-1,-1,-0.01,-1,-1,-0.01,-1,-1,-0.01,-1,-1,-0.01,-1,-1,-0.01,-1,-1
99926009,2026-05-18 10:15:01+05:30,52888.2,0,0.0,0,0.0,0.0,53282.15,53308.4,52783.45,53710.35,0,0.0,0.0,0.0,0.0,-0.01,-1,-1,-0.01,-1,-1,-0.01,-1,-1,-0.01,-1,-1,-0.01,-1,-1,-0.01,-1,-1,-0.01,-1,-1,-0.01,-1,-1,-0.01,-1,-1,-0.01,-1,-1
99926009,2026-05-18 10:15:01+05:30,52888.7,0,0.0,0,0.0,0.0,53282.15,53308.4,52783.45,53710.35,0,0.0,0.0,0.0,0.0,-0.01,-1,-1,-0.01,-1,-1,-0.01,-1,-1,-0.01,-1,-1,-0.01,-1,-1,-0.01,-1,-1,-0.01,-1,-1,-0.01,-1,-1,-0.01,-1,-1,-0.01,-1,-1
99926009,2026-05-18 10:15:02+05:30,52887.5,0,0.0,0,0.0,0.0,53282.15,53308.4,52783.45,53710.35,0,0.0,0.0,0.0,0.0,-0.01,-1,-1,-0.01,-1,-1,-0.01,-1,-1,-0.01,-1,-1,-0.01,-1,-1,-0.01,-1,-1,-0.01,-1,-1,-0.01,-1,-1,-0.01,-1,-1,-0.01,-1,-1
99926009,2026-05-18 10:15:02+05:30,52886.0,0,0.0,0,0.0,0.0,53282.15,53308.4,52783.45,53710.35,0,0.0,0.0,0.0,0.0,-0.01,-1,-1,-0.01,-1,-1,-0.01,-1,-1,-0.01,-1,-1,-0.01,-1,-1,-0.01,-1,-1,-0.01,-1,-1,-0.01,-1,-1,-0.01,-1,-1,-0.01,-1,-1
99926009,2026-05-18 10:15:03+05:30,52885.6,0,0.0,0,0.0,0.0,53282.15,53308.4,52783.45,53710.35,0,0.0,0.0,0.0,0.0,-0.01,-1,-1,-0.01,-1,-1,-0.01,-1,-1,-0.01,-1,-1,-0.01,-1,-1,-0.01,-1,-1,-0.01,-1,-1,-0.01,-1,-1,-0.01,-1,-1,-0.01,-1,-1
99926009,2026-05-18 10:15:03+05:30,52885.65,0,0.0,0,0.0,0.0,53282.15,53308.4,52783.45,53710.35,0,0.0,0.0,0.0,0.0,-0.01,-1,-1,-0.01,-1,-1,-0.01,-1,-1,-0.01,-1,-1,-0.01,-1,-1,-0.01,-1,-1,-0.01,-1,-1,-0.01,-1,-1,-0.01,-1,-1,-0.01,-1,-1
99926009,2026-05-18 10:15:04+05:30,52886.45,0,0.0,0,0.0,0.0,53282.15,53308.4,52783.45,53710.35,0,0.0,0.0,0.0,0.0,-0.01,-1,-1,-0.01,-1,-1,-0.01,-1,-1,-0.01,-1,-1,-0.01,-1,-1,-0.01,-1,-1,-0.01,-1,-1,-0.01,-1,-1,-0.01,-1,-1,-0.01,-1,-1
99926009,2026-05-18 10:15:04+05:30,52883.9,0,0.0,0,0.0,0.0,53282.15,53308.4,52783.45,53710.35,0,0.0,0.0,0.0,0.0,-0.01,-1,-1,-0.01,-1,-1,-0.01,-1,-1,-0.01,-1,-1,-0.01,-1,-1,-0.01,-1,-1,-0.01,-1,-1,-0.01,-1,-1,-0.01,-1,-1,-0.01,-1,-1
99926009,2026-05-18 10:15:05+05:30,52884.95,0,0.0,0,0.0,0.0,53282.15,53308.4,52783.45,53710.35,0,0.0,0.0,0.0,0.0,-0.01,-1,-1,-0.01,-1,-1,-0.01,-1,-1,-0.01,-1,-1,-0.01,-1,-1,-0.01,-1,-1,-0.01,-1,-1,-0.01,-1,-1,-0.01,-1,-1,-0.01,-1,-1
99926009,2026-05-18 10:15:05+05:30,52882.55,0,0.0,0,0.0,0.0,53282.15,53308.4,52783.45,53710.35,0,0.0,0.0,0.0,0.0,-0.01,-1,-1,-0.01,-1,-1,-0.01,-1,-1,-0.01,-1,-1,-0.01,-1,-1,-0.01,-1,-1,-0.01,-1,-1,-0.01,-1,-1,-0.01,-1,-1,-0.01,-1,-1
99926009,2026-05-18 10:15:06+05:30,52882.3,0,0.0,0,0.0,0.0,53282.15,53308.4,52783.45,53710.35,0,0.0,0.0,0.0,0.0,-0.01,-1,-1,-0.01,-1,-1,-0.01,-1,-1,-0.01,-1,-1,-0.01,-1,-1,-0.01,-1,-1,-0.01,-1,-1,-0.01,-1,-1,-0.01,-1,-1,-0.01,-1,-1
99926009,2026-05-18 10:15:06+05:30,52879.95,0,0.0,0,0.0,0.0,53282.15,53308.4,52783.45,53710.35,0,0.0,0.0,0.0,0.0,-0.01,-1,-1,-0.01,-1,-1,-0.01,-1,-1,-0.01,-1,-1,-0.01,-1,-1,-0.01,-1,-1,-0.01,-1,-1,-0.01,-1,-1,-0.01,-1,-1,-0.01,-1,-1
99926009,2026-05-18 10:15:07+05:30,52880.55,0,0.0,0,0.0,0.0,53282.15,53308.4,52783.45,53710.35,0,0.0,0.0,0.0,0.0,-0.01,-1,-1,-0.01,-1,-1,-0.01,-1,-1,-0.01,-1,-1,-0.01,-1,-1,-0.01,-1,-1,-0.01,-1,-1,-0.01,-1,-1,-0.01,-1,-1,-0.01,-1,-1
99926009,2026-05-18 10:15:07+05:30,52880.55,0,0.0,0,0.0,0.0,53282.15,53308.4,52783.45,53710.35,0,0.0,0.0,0.0,0.0,-0.01,-1,-1,-0.01,-1,-1,-0.01,-1,-1,-0.01,-1,-1,-0.01,-1,-1,-0.01,-1,-1,-0.01,-1,-1,-0.01,-1,-1,-0.01,-1,-1,-0.01,-1,-1
99926009,2026-05-18 10:15:08+05:30,52884.3,0,0.0,0,0.0,0.0,53282.15,53308.4,52783.45,53710.35,0,0.0,0.0,0.0,0.0,-0.01,-1,-1,-0.01,-1,-1,-0.01,-1,-1,-0.01,-1,-1,-0.01,-1,-1,-0.01,-1,-1,-0.01,-1,-1,-0.01,-1,-1,-0.01,-1,-1,-0.01,-1,-1
99926009,2026-05-18 10:15:08+05:30,52882.5,0,0.0,0,0.0,0.0,53282.15,53308.4,52783.45,53710.35,0,0.0,0.0,0.0,0.0,-0.01,-1,-1,-0.01,-1,-1,-0.01,-1,-1,-0.01,-1,-1,-0.01,-1,-1,-0.01,-1,-1,-0.01,-1,-1,-0.01,-1,-1,-0.01,-1,-1,-0.01,-1,-1
99926009,2026-05-18 10:15:09+05:30,52878.5,0,0.0,0,0.0,0.0,53282.15,53308.4,52783.45,53710.35,0,0.0,0.0,0.0,0.0,-0.01,-1,-1,-0.01,-1,-1,-0.01,-1,-1,-0.01,-1,-1,-0.01,-1,-1,-0.01,-1,-1,-0.01,-1,-1,-0.01,-1,-1,-0.01,-1,-1,-0.01,-1,-1
99926009,2026-05-18 10:15:09+05:30,52883.6,0,0.0,0,0.0,0.0,53282.15,53308.4,52783.45,53710.35,0,0.0,0.0,0.0,0.0,-0.01,-1,-1,-0.01,-1,-1,-0.01,-1,-1,-0.01,-1,-1,-0.01,-1,-1,-0.01,-1,-1,-0.01,-1,-1,-0.01,-1,-1,-0.01,-1,-1,-0.01,-1,-1
99926009,2026-05-18 10:15:10+05:30,52885.25,0,0.0,0,0.0,0.0,53282.15,53308.4,52783.45,53710.35,0,0.0,0.0,0.0,0.0,-0.01,-1,-1,-0.01,-1,-1,-0.01,-1,-1,-0.01,-1,-1,-0.01,-1,-1,-0.01,-1,-1,-0.01,-1,-1,-0.01,-1,-1,-0.01,-1,-1,-0.01,-1,-1
99926009,2026-05-18 10:15:10+05:30,52884.15,0,0.0,0,0.0,0.0,53282.15,53308.4,52783.45,53710.35,0,0.0,0.0,0.0,0.0,-0.01,-1,-1,-0.01,-1,-1,-0.01,-1,-1,-0.01,-1,-1,-0.01,-1,-1,-0.01,-1,-1,-0.01,-1,-1,-0.01,-1,-1,-0.01,-1,-1,-0.01,-1,-1
99926009,2026-05-18 10:15:11+05:30,52884.2,0,0.0,0,0.0,0.0,53282.15,53308.4,52783.45,53710.35,0,0.0,0.0,0.0,0.0,-0.01,-1,-1,-0.01,-1,-1,-0.01,-1,-1,-0.01,-1,-1,-0.01,-1,-1,-0.01,-1,-1,-0.01,-1,-1,-0.01,-1,-1,-0.01,-1,-1,-0.01,-1,-1
99926009,2026-05-18 10:15:11+05:30,52883.8,0,0.0,0,0.0,0.0,53282.15,53308.4,52783.45,53710.35,0,0.0,0.0,0.0,0.0,-0.01,-1,-1,-0.01,-1,-1,-0.01,-1,-1,-0.01,-1,-1,-0.01,-1,-1,-0.01,-1,-1,-0.01,-1,-1,-0.01,-1,-1,-0.01,-1,-1,-0.01,-1,-1
99926009,2026-05-18 10:15:12+05:30,52884.1,0,0.0,0,0.0,0.0,53282.15,53308.4,52783.45,53710.35,0,0.0,0.0,0.0,0.0,-0.01,-1,-1,-0.01,-1,-1,-0.01,-1,-1,-0.01,-1,-1,-0.01,-1,-1,-0.01,-1,-1,-0.01,-1,-1,-0.01,-1,-1,-0.01,-1,-1,-0.01,-1,-1
99926009,2026-05-18 10:15:12+05:30,52883.0,0,0.0,0,0.0,0.0,53282.15,53308.4,52783.45,53710.35,0,0.0,0.0,0.0,0.0,-0.01,-1,-1,-0.01,-1,-1,-0.01,-1,-1,-0.01,-1,-1,-0.01,-1,-1,-0.01,-1,-1,-0.01,-1,-1,-0.01,-1,-1,-0.01,-1,-1,-0.01,-1,-1
99926009,2026-05-18 10:15:13+05:30,52885.35,0,0.0,0,0.0,0.0,53282.15,53308.4,52783.45,53710.35,0,0.0,0.0,0.0,0.0,-0.01,-1,-1,-0.01,-1,-1,-0.01,-1,-1,-0.01,-1,-1,-0.01,-1,-1,-0.01,-1,-1,-0.01,-1,-1,-0.01,-1,-1,-0.01,-1,-1,-0.01,-1,-1
99926009,2026-05-18 10:15:13+05:30,52884.7,0,0.0,0,0.0,0.0,53282.15,53308.4,52783.45,53710.35,0,0.0,0.0,0.0,0.0,-0.01,-1,-1,-0.01,-1,-1,-0.01,-1,-1,-0.01,-1,-1,-0.01,-1,-1,-0.01,-1,-1,-0.01,-1,-1,-0.01,-1,-1,-0.01,-1,-1,-0.01,-1,-1
99926009,2026-05-18 10:15:14+05:30,52884.7,0,0.0,0,0.0,0.0,53282.15,53308.4,52783.45,53710.35,0,0.0,0.0,0.0,0.0,-0.01,-1,-1,-0.01,-1,-1,-0.01,-1,-1,-0.01,-1,-1,-0.01,-1,-1,-0.01,-1,-1,-0.01,-1,-1,-0.01,-1,-1,-0.01,-1,-1,-0.01,-1,-1
99926009,2026-05-18 10:15:14+05:30,52882.6,0,0.0,0,0.0,0.0,53282.15,53308.4,52783.45,53710.35,0,0.0,0.0,0.0,0.0,-0.01,-1,-1,-0.01,-1,-1,-0.01,-1,-1,-0.01,-1,-1,-0.01,-1,-1,-0.01,-1,-1,-0.01,-1,-1,-0.01,-1,-1,-0.01,-1,-1,-0.01,-1,-1
99926009,2026-05-18 10:15:15+05:30,52885.8,0,0.0,0,0.0,0.0,53282.15,53308.4,52783.45,53710.35,0,0.0,0.0,0.0,0.0,-0.01,-1,-1,-0.01,-1,-1,-0.01,-1,-1,-0.01,-1,-1,-0.01,-1,-1,-0.01,-1,-1,-0.01,-1,-1,-0.01,-1,-1,-0.01,-1,-1,-0.01,-1,-1
99926009,2026-05-18 10:15:15+05:30,52884.2,0,0.0,0,0.0,0.0,53282.15,53308.4,52783.45,53710.35,0,0.0,0.0,0.0,0.0,-0.01,-1,-1,-0.01,-1,-1,-0.01,-1,-1,-0.01,-1,-1,-0.01,-1,-1,-0.01,-1,-1,-0.01,-1,-1,-0.01,-1,-1,-0.01,-1,-1,-0.01,-1,-1
99926009,2026-05-18 10:15:16+05:30,52883.65,0,0.0,0,0.0,0.0,53282.15,53308.4,52783.45,53710.35,0,0.0,0.0,0.0,0.0,-0.01,-1,-1,-0.01,-1,-1,-0.01,-1,-1,-0.01,-1,-1,-0.01,-1,-1,-0.01,-1,-1,-0.01,-1,-1,-0.01,-1,-1,-0.01,-1,-1,-0.01,-1,-1
99926009,2026-05-18 10:15:16+05:30,52884.5,0,0.0,0,0.0,0.0,53282.15,53308.4,52783.45,53710.35,0,0.0,0.0,0.0,0.0,-0.01,-1,-1,-0.01,-1,-1,-0.01,-1,-1,-0.01,-1,-1,-0.01,-1,-1,-0.01,-1,-1,-0.01,-1,-1,-0.01,-1,-1,-0.01,-1,-1,-0.01,-1,-1
99926009,2026-05-18 10:15:17+05:30,52884.2,0,0.0,0,0.0,0.0,53282.15,53308.4,52783.45,53710.35,0,0.0,0.0,0.0,0.0,-0.01,-1,-1,-0.01,-1,-1,-0.01,-1,-1,-0.01,-1,-1,-0.01,-1,-1,-0.01,-1,-1,-0.01,-1,-1,-0.01,-1,-1,-0.01,-1,-1,-0.01,-1,-1
99926009,2026-05-18 10:15:17+05:30,52880.05,0,0.0,0,0.0,0.0,53282.15,53308.4,52783.45,53710.35,0,0.0,0.0,0.0,0.0,-0.01,-1,-1,-0.01,-1,-1,-0.01,-1,-1,-0.01,-1,-1,-0.01,-1,-1,-0.01,-1,-1,-0.01,-1,-1,-0.01,-1,-1,-0.01,-1,-1,-0.01,-1,-1
99926009,2026-05-18 10:15:18+05:30,52885.55,0,0.0,0,0.0,0.0,53282.15,53308.4,52783.45,53710.35,0,0.0,0.0,0.0,0.0,-0.01,-1,-1,-0.01,-1,-1,-0.01,-1,-1,-0.01,-1,-1,-0.01,-1,-1,-0.01,-1,-1,-0.01,-1,-1,-0.01,-1,-1,-0.01,-1,-1,-0.01,-1,-1
99926009,2026-05-18 10:15:18+05:30,52883.2,0,0.0,0,0.0,0.0,53282.15,53308.4,52783.45,53710.35,0,0.0,0.0,0.0,0.0,-0.01,-1,-1,-0.01,-1,-1,-0.01,-1,-1,-0.01,-1,-1,-0.01,-1,-1,-0.01,-1,-1,-0.01,-1,-1,-0.01,-1,-1,-0.01,-1,-1,-0.01,-1,-1
99926009,2026-05-18 10:15:19+05:30,52874.85,0,0.0,0,0.0,0.0,53282.15,53308.4,52783.45,53710.35,0,0.0,0.0,0.0,0.0,-0.01,-1,-1,-0.01,-1,-1,-0.01,-1,-1,-0.01,-1,-1,-0.01,-1,-1,-0.01,-1,-1,-0.01,-1,-1,-0.01,-1,-1,-0.01,-1,-1,-0.01,-1,-1
99926009,2026-05-18 10:15:19+05:30,52872.55,0,0.0,0,0.0,0.0,53282.15,53308.4,52783.45,53710.35,0,0.0,0.0,0.0,0.0,-0.01,-1,-1,-0.01,-1,-1,-0.01,-1,-1,-0.01,-1,-1,-0.01,-1,-1,-0.01,-1,-1,-0.01,-1,-1,-0.01,-1,-1,-0.01,-1,-1,-0.01,-1,-1
99926009,2026-05-18 10:15:20+05:30,52873.35,0,0.0,0,0.0,0.0,53282.15,53308.4,52783.45,53710.35,0,0.0,0.0,0.0,0.0,-0.01,-1,-1,-0.01,-1,-1,-0.01,-1,-1,-0.01,-1,-1,-0.01,-1,-1,-0.01,-1,-1,-0.01,-1,-1,-0.01,-1,-1,-0.01,-1,-1,-0.01,-1,-1
99926009,2026-05-18 10:15:20+05:30,52871.55,0,0.0,0,0.0,0.0,53282.15,53308.4,52783.45,53710.35,0,0.0,0.0,0.0,0.0,-0.01,-1,-1,-0.01,-1,-1,-0.01,-1,-1,-0.01,-1,-1,-0.01,-1,-1,-0.01,-1,-1,-0.01,-1,-1,-0.01,-1,-1,-0.01,-1,-1,-0.01,-1,-1
99926009,2026-05-18 10:15:21+05:30,52874.15,0,0.0,0,0.0,0.0,53282.15,53308.4,52783.45,53710.35,0,0.0,0.0,0.0,0.0,-0.01,-1,-1,-0.01,-1,-1,-0.01,-1,-1,-0.01,-1,-1,-0.01,-1,-1,-0.01,-1,-1,-0.01,-1,-1,-0.01,-1,-1,-0.01,-1,-1,-0.01,-1,-1
99926009,2026-05-18 10:15:21+05:30,52872.6,0,0.0,0,0.0,0.0,53282.15,53308.4,52783.45,53710.35,0,0.0,0.0,0.0,0.0,-0.01,-1,-1,-0.01,-1,-1,-0.01,-1,-1,-0.01,-1,-1,-0.01,-1,-1,-0.01,-1,-1,-0.01,-1,-1,-0.01,-1,-1,-0.01,-1,-1,-0.01,-1,-1
99926009,2026-05-18 10:15:22+05:30,52875.25,0,0.0,0,0.0,0.0,53282.15,53308.4,52783.45,53710.35,0,0.0,0.0,0.0,0.0,-0.01,-1,-1,-0.01,-1,-1,-0.01,-1,-1,-0.01,-1,-1,-0.01,-1,-1,-0.01,-1,-1,-0.01,-1,-1,-0.01,-1,-1,-0.01,-1,-1,-0.01,-1,-1
99926009,2026-05-18 10:15:22+05:30,52873.6,0,0.0,0,0.0,0.0,53282.15,53308.4,52783.45,53710.35,0,0.0,0.0,0.0,0.0,-0.01,-1,-1,-0.01,-1,-1,-0.01,-1,-1,-0.01,-1,-1,-0.01,-1,-1,-0.01,-1,-1,-0.01,-1,-1,-0.01,-1,-1,-0.01,-1,-1,-0.01,-1,-1
99926009,2026-05-18 10:15:23+05:30,52873.85,0,0.0,0,0.0,0.0,53282.15,53308.4,52783.45,53710.35,0,0.0,0.0,0.0,0.0,-0.01,-1,-1,-0.01,-1,-1,-0.01,-1,-1,-0.01,-1,-1,-0.01,-1,-1,-0.01,-1,-1,-0.01,-1,-1,-0.01,-1,-1,-0.01,-1,-1,-0.01,-1,-1
99926009,2026-05-18 10:15:23+05:30,52875.1,0,0.0,0,0.0,0.0,53282.15,53308.4,52783.45,53710.35,0,0.0,0.0,0.0,0.0,-0.01,-1,-1,-0.01,-1,-1,-0.01,-1,-1,-0.01,-1,-1,-0.01,-1,-1,-0.01,-1,-1,-0.01,-1,-1,-0.01,-1,-1,-0.01,-1,-1,-0.01,-1,-1
99926009,2026-05-18 10:15:24+05:30,52872.2,0,0.0,0,0.0,0.0,53282.15,53308.4,52783.45,53710.35,0,0.0,0.0,0.0,0.0,-0.01,-1,-1,-0.01,-1,-1,-0.01,-1,-1,-0.01,-1,-1,-0.01,-1,-1,-0.01,-1,-1,-0.01,-1,-1,-0.01,-1,-1,-0.01,-1,-1,-0.01,-1,-1
99926009,2026-05-18 10:15:24+05:30,52875.65,0,0.0,0,0.0,0.0,53282.15,53308.4,52783.45,53710.35,0,0.0,0.0,0.0,0.0,-0.01,-1,-1,-0.01,-1,-1,-0.01,-1,-1,-0.01,-1,-1,-0.01,-1,-1,-0.01,-1,-1,-0.01,-1,-1,-0.01,-1,-1,-0.01,-1,-1,-0.01,-1,-1
99926009,2026-05-18 10:15:25+05:30,52874.1,0,0.0,0,0.0,0.0,53282.15,53308.4,52783.45,53710.35,0,0.0,0.0,0.0,0.0,-0.01,-1,-1,-0.01,-1,-1,-0.01,-1,-1,-0.01,-1,-1,-0.01,-1,-1,-0.01,-1,-1,-0.01,-1,-1,-0.01,-1,-1,-0.01,-1,-1,-0.01,-1,-1
99926009,2026-05-18 10:15:25+05:30,52873.9,0,0.0,0,0.0,0.0,53282.15,53308.4,52783.45,53710.35,0,0.0,0.0,0.0,0.0,-0.01,-1,-1,-0.01,-1,-1,-0.01,-1,-1,-0.01,-1,-1,-0.01,-1,-1,-0.01,-1,-1,-0.01,-1,-1,-0.01,-1,-1,-0.01,-1,-1,-0.01,-1,-1
99926009,2026-05-18 10:15:26+05:30,52871.25,0,0.0,0,0.0,0.0,53282.15,53308.4,52783.45,53710.35,0,0.0,0.0,0.0,0.0,-0.01,-1,-1,-0.01,-1,-1,-0.01,-1,-1,-0.01,-1,-1,-0.01,-1,-1,-0.01,-1,-1,-0.01,-1,-1,-0.01,-1,-1,-0.01,-1,-1,-0.01,-1,-1
99926009,2026-05-18 10:15:26+05:30,52872.1,0,0.0,0,0.0,0.0,53282.15,53308.4,52783.45,53710.35,0,0.0,0.0,0.0,0.0,-0.01,-1,-1,-0.01,-1,-1,-0.01,-1,-1,-0.01,-1,-1,-0.01,-1,-1,-0.01,-1,-1,-0.01,-1,-1,-0.01,-1,-1,-0.01,-1,-1,-0.01,-1,-1
99926009,2026-05-18 10:15:27+05:30,52872.2,0,0.0,0,0.0,0.0,53282.15,53308.4,52783.45,53710.35,0,0.0,0.0,0.0,0.0,-0.01,-1,-1,-0.01,-1,-1,-0.01,-1,-1,-0.01,-1,-1,-0.01,-1,-1,-0.01,-1,-1,-0.01,-1,-1,-0.01,-1,-1,-0.01,-1,-1,-0.01,-1,-1
99926009,2026-05-18 10:15:27+05:30,52871.0,0,0.0,0,0.0,0.0,53282.15,53308.4,52783.45,53710.35,0,0.0,0.0,0.0,0.0,-0.01,-1,-1,-0.01,-1,-1,-0.01,-1,-1,-0.01,-1,-1,-0.01,-1,-1,-0.01,-1,-1,-0.01,-1,-1,-0.01,-1,-1,-0.01,-1,-1,-0.01,-1,-1
99926009,2026-05-18 10:15:28+05:30,52872.55,0,0.0,0,0.0,0.0,53282.15,53308.4,52783.45,53710.35,0,0.0,0.0,0.0,0.0,-0.01,-1,-1,-0.01,-1,-1,-0.01,-1,-1,-0.01,-1,-1,-0.01,-1,-1,-0.01,-1,-1,-0.01,-1,-1,-0.01,-1,-1,-0.01,-1,-1,-0.01,-1,-1
99926009,2026-05-18 10:15:28+05:30,52869.4,0,0.0,0,0.0,0.0,53282.15,53308.4,52783.45,53710.35,0,0.0,0.0,0.0,0.0,-0.01,-1,-1,-0.01,-1,-1,-0.01,-1,-1,-0.01,-1,-1,-0.01,-1,-1,-0.01,-1,-1,-0.01,-1,-1,-0.01,-1,-1,-0.01,-1,-1,-0.01,-1,-1
99926009,2026-05-18 10:15:29+05:30,52870.55,0,0.0,0,0.0,0.0,53282.15,53308.4,52783.45,53710.35,0,0.0,0.0,0.0,0.0,-0.01,-1,-1,-0.01,-1,-1,-0.01,-1,-1,-0.01,-1,-1,-0.01,-1,-1,-0.01,-1,-1,-0.01,-1,-1,-0.01,-1,-1,-0.01,-1,-1,-0.01,-1,-1
99926009,2026-05-18 10:15:29+05:30,52870.55,0,0.0,0,0.0,0.0,53282.15,53308.4,52783.45,53710.35,0,0.0,0.0,0.0,0.0,-0.01,-1,-1,-0.01,-1,-1,-0.01,-1,-1,-0.01,-1,-1,-0.01,-1,-1,-0.01,-1,-1,-0.01,-1,-1,-0.01,-1,-1,-0.01,-1,-1,-0.01,-1,-1
99926009,2026-05-18 10:15:30+05:30,52872.3,0,0.0,0,0.0,0.0,53282.15,53308.4,52783.45,53710.35,0,0.0,0.0,0.0,0.0,-0.01,-1,-1,-0.01,-1,-1,-0.01,-1,-1,-0.01,-1,-1,-0.01,-1,-1,-0.01,-1,-1,-0.01,-1,-1,-0.01,-1,-1,-0.01,-1,-1,-0.01,-1,-1
99926009,2026-05-18 10:15:30+05:30,52870.1,0,0.0,0,0.0,0.0,53282.15,53308.4,52783.45,53710.35,0,0.0,0.0,0.0,0.0,-0.01,-1,-1,-0.01,-1,-1,-0.01,-1,-1,-0.01,-1,-1,-0.01,-1,-1,-0.01,-1,-1,-0.01,-1,-1,-0.01,-1,-1,-0.01,-1,-1,-0.01,-1,-1
99926009,2026-05-18 10:15:31+05:30,52869.4,0,0.0,0,0.0,0.0,53282.15,53308.4,52783.45,53710.35,0,0.0,0.0,0.0,0.0,-0.01,-1,-1,-0.01,-1,-1,-0.01,-1,-1,-0.01,-1,-1,-0.01,-1,-1,-0.01,-1,-1,-0.01,-1,-1,-0.01,-1,-1,-0.01,-1,-1,-0.01,-1,-1
99926009,2026-05-18 10:15:31+05:30,52871.5,0,0.0,0,0.0,0.0,53282.15,53308.4,52783.45,53710.35,0,0.0,0.0,0.0,0.0,-0.01,-1,-1,-0.01,-1,-1,-0.01,-1,-1,-0.01,-1,-1,-0.01,-1,-1,-0.01,-1,-1,-0.01,-1,-1,-0.01,-1,-1,-0.01,-1,-1,-0.01,-1,-1
99926009,2026-05-18 10:15:32+05:30,52872.55,0,0.0,0,0.0,0.0,53282.15,53308.4,52783.45,53710.35,0,0.0,0.0,0.0,0.0,-0.01,-1,-1,-0.01,-1,-1,-0.01,-1,-1,-0.01,-1,-1,-0.01,-1,-1,-0.01,-1,-1,-0.01,-1,-1,-0.01,-1,-1,-0.01,-1,-1,-0.01,-1,-1
99926009,2026-05-18 10:15:32+05:30,52871.05,0,0.0,0,0.0,0.0,53282.15,53308.4,52783.45,53710.35,0,0.0,0.0,0.0,0.0,-0.01,-1,-1,-0.01,-1,-1,-0.01,-1,-1,-0.01,-1,-1,-0.01,-1,-1,-0.01,-1,-1,-0.01,-1,-1,-0.01,-1,-1,-0.01,-1,-1,-0.01,-1,-1
99926009,2026-05-18 10:15:33+05:30,52869.25,0,0.0,0,0.0,0.0,53282.15,53308.4,52783.45,53710.35,0,0.0,0.0,0.0,0.0,-0.01,-1,-1,-0.01,-1,-1,-0.01,-1,-1,-0.01,-1,-1,-0.01,-1,-1,-0.01,-1,-1,-0.01,-1,-1,-0.01,-1,-1,-0.01,-1,-1,-0.01,-1,-1
99926009,2026-05-18 10:15:33+05:30,52867.2,0,0.0,0,0.0,0.0,53282.15,53308.4,52783.45,53710.35,0,0.0,0.0,0.0,0.0,-0.01,-1,-1,-0.01,-1,-1,-0.01,-1,-1,-0.01,-1,-1,-0.01,-1,-1,-0.01,-1,-1,-0.01,-1,-1,-0.01,-1,-1,-0.01,-1,-1,-0.01,-1,-1
99926009,2026-05-18 10:15:34+05:30,52867.1,0,0.0,0,0.0,0.0,53282.15,53308.4,52783.45,53710.35,0,0.0,0.0,0.0,0.0,-0.01,-1,-1,-0.01,-1,-1,-0.01,-1,-1,-0.01,-1,-1,-0.01,-1,-1,-0.01,-1,-1,-0.01,-1,-1,-0.01,-1,-1,-0.01,-1,-1,-0.01,-1,-1
99926009,2026-05-18 10:15:34+05:30,52865.35,0,0.0,0,0.0,0.0,53282.15,53308.4,52783.45,53710.35,0,0.0,0.0,0.0,0.0,-0.01,-1,-1,-0.01,-1,-1,-0.01,-1,-1,-0.01,-1,-1,-0.01,-1,-1,-0.01,-1,-1,-0.01,-1,-1,-0.01,-1,-1,-0.01,-1,-1,-0.01,-1,-1
99926009,2026-05-18 10:15:35+05:30,52870.7,0,0.0,0,0.0,0.0,53282.15,53308.4,52783.45,53710.35,0,0.0,0.0,0.0,0.0,-0.01,-1,-1,-0.01,-1,-1,-0.01,-1,-1,-0.01,-1,-1,-0.01,-1,-1,-0.01,-1,-1,-0.01,-1,-1,-0.01,-1,-1,-0.01,-1,-1,-0.01,-1,-1
99926009,2026-05-18 10:15:35+05:30,52869.1,0,0.0,0,0.0,0.0,53282.15,53308.4,52783.45,53710.35,0,0.0,0.0,0.0,0.0,-0.01,-1,-1,-0.01,-1,-1,-0.01,-1,-1,-0.01,-1,-1,-0.01,-1,-1,-0.01,-1,-1,-0.01,-1,-1,-0.01,-1,-1,-0.01,-1,-1,-0.01,-1,-1
99926009,2026-05-18 10:15:36+05:30,52867.4,0,0.0,0,0.0,0.0,53282.15,53308.4,52783.45,53710.35,0,0.0,0.0,0.0,0.0,-0.01,-1,-1,-0.01,-1,-1,-0.01,-1,-1,-0.01,-1,-1,-0.01,-1,-1,-0.01,-1,-1,-0.01,-1,-1,-0.01,-1,-1,-0.01,-1,-1,-0.01,-1,-1
99926009,2026-05-18 10:15:36+05:30,52873.4,0,0.0,0,0.0,0.0,53282.15,53308.4,52783.45,53710.35,0,0.0,0.0,0.0,0.0,-0.01,-1,-1,-0.01,-1,-1,-0.01,-1,-1,-0.01,-1,-1,-0.01,-1,-1,-0.01,-1,-1,-0.01,-1,-1,-0.01,-1,-1,-0.01,-1,-1,-0.01,-1,-1
99926009,2026-05-18 10:15:37+05:30,52869.35,0,0.0,0,0.0,0.0,53282.15,53308.4,52783.45,53710.35,0,0.0,0.0,0.0,0.0,-0.01,-1,-1,-0.01,-1,-1,-0.01,-1,-1,-0.01,-1,-1,-0.01,-1,-1,-0.01,-1,-1,-0.01,-1,-1,-0.01,-1,-1,-0.01,-1,-1,-0.01,-1,-1
99926009,2026-05-18 10:15:37+05:30,52868.95,0,0.0,0,0.0,0.0,53282.15,53308.4,52783.45,53710.35,0,0.0,0.0,0.0,0.0,-0.01,-1,-1,-0.01,-1,-1,-0.01,-1,-1,-0.01,-1,-1,-0.01,-1,-1,-0.01,-1,-1,-0.01,-1,-1,-0.01,-1,-1,-0.01,-1,-1,-0.01,-1,-1
99926009,2026-05-18 10:15:38+05:30,52871.1,0,0.0,0,0.0,0.0,53282.15,53308.4,52783.45,53710.35,0,0.0,0.0,0.0,0.0,-0.01,-1,-1,-0.01,-1,-1,-0.01,-1,-1,-0.01,-1,-1,-0.01,-1,-1,-0.01,-1,-1,-0.01,-1,-1,-0.01,-1,-1,-0.01,-1,-1,-0.01,-1,-1
99926009,2026-05-18 10:15:38+05:30,52868.5,0,0.0,0,0.0,0.0,53282.15,53308.4,52783.45,53710.35,0,0.0,0.0,0.0,0.0,-0.01,-1,-1,-0.01,-1,-1,-0.01,-1,-1,-0.01,-1,-1,-0.01,-1,-1,-0.01,-1,-1,-0.01,-1,-1,-0.01,-1,-1,-0.01,-1,-1,-0.01,-1,-1
99926009,2026-05-18 10:15:39+05:30,52871.5,0,0.0,0,0.0,0.0,53282.15,53308.4,52783.45,53710.35,0,0.0,0.0,0.0,0.0,-0.01,-1,-1,-0.01,-1,-1,-0.01,-1,-1,-0.01,-1,-1,-0.01,-1,-1,-0.01,-1,-1,-0.01,-1,-1,-0.01,-1,-1,-0.01,-1,-1,-0.01,-1,-1
99926009,2026-05-18 10:15:39+05:30,52870.3,0,0.0,0,0.0,0.0,53282.15,53308.4,52783.45,53710.35,0,0.0,0.0,0.0,0.0,-0.01,-1,-1,-0.01,-1,-1,-0.01,-1,-1,-0.01,-1,-1,-0.01,-1,-1,-0.01,-1,-1,-0.01,-1,-1,-0.01,-1,-1,-0.01,-1,-1,-0.01,-1,-1
99926009,2026-05-18 10:15:40+05:30,52871.45,0,0.0,0,0.0,0.0,53282.15,53308.4,52783.45,53710.35,0,0.0,0.0,0.0,0.0,-0.01,-1,-1,-0.01,-1,-1,-0.01,-1,-1,-0.01,-1,-1,-0.01,-1,-1,-0.01,-1,-1,-0.01,-1,-1,-0.01,-1,-1,-0.01,-1,-1,-0.01,-1,-1
99926009,2026-05-18 10:15:40+05:30,52870.8,0,0.0,0,0.0,0.0,53282.15,53308.4,52783.45,53710.35,0,0.0,0.0,0.0,0.0,-0.01,-1,-1,-0.01,-1,-1,-0.01,-1,-1,-0.01,-1,-1,-0.01,-1,-1,-0.01,-1,-1,-0.01,-1,-1,-0.01,-1,-1,-0.01,-1,-1,-0.01,-1,-1
99926009,2026-05-18 10:15:41+05:30,52870.95,0,0.0,0,0.0,0.0,53282.15,53308.4,52783.45,53710.35,0,0.0,0.0,0.0,0.0,-0.01,-1,-1,-0.01,-1,-1,-0.01,-1,-1,-0.01,-1,-1,-0.01,-1,-1,-0.01,-1,-1,-0.01,-1,-1,-0.01,-1,-1,-0.01,-1,-1,-0.01,-1,-1
99926009,2026-05-18 10:15:41+05:30,52870.4,0,0.0,0,0.0,0.0,53282.15,53308.4,52783.45,53710.35,0,0.0,0.0,0.0,0.0,-0.01,-1,-1,-0.01,-1,-1,-0.01,-1,-1,-0.01,-1,-1,-0.01,-1,-1,-0.01,-1,-1,-0.01,-1,-1,-0.01,-1,-1,-0.01,-1,-1,-0.01,-1,-1
99926009,2026-05-18 10:15:42+05:30,52869.75,0,0.0,0,0.0,0.0,53282.15,53308.4,52783.45,53710.35,0,0.0,0.0,0.0,0.0,-0.01,-1,-1,-0.01,-1,-1,-0.01,-1,-1,-0.01,-1,-1,-0.01,-1,-1,-0.01,-1,-1,-0.01,-1,-1,-0.01,-1,-1,-0.01,-1,-1,-0.01,-1,-1
99926009,2026-05-18 10:15:42+05:30,52871.3,0,0.0,0,0.0,0.0,53282.15,53308.4,52783.45,53710.35,0,0.0,0.0,0.0,0.0,-0.01,-1,-1,-0.01,-1,-1,-0.01,-1,-1,-0.01,-1,-1,-0.01,-1,-1,-0.01,-1,-1,-0.01,-1,-1,-0.01,-1,-1,-0.01,-1,-1,-0.01,-1,-1
99926009,2026-05-18 10:15:43+05:30,52865.95,0,0.0,0,0.0,0.0,53282.15,53308.4,52783.45,53710.35,0,0.0,0.0,0.0,0.0,-0.01,-1,-1,-0.01,-1,-1,-0.01,-1,-1,-0.01,-1,-1,-0.01,-1,-1,-0.01,-1,-1,-0.01,-1,-1,-0.01,-1,-1,-0.01,-1,-1,-0.01,-1,-1
99926009,2026-05-18 10:15:43+05:30,52869.2,0,0.0,0,0.0,0.0,53282.15,53308.4,52783.45,53710.35,0,0.0,0.0,0.0,0.0,-0.01,-1,-1,-0.01,-1,-1,-0.01,-1,-1,-0.01,-1,-1,-0.01,-1,-1,-0.01,-1,-1,-0.01,-1,-1,-0.01,-1,-1,-0.01,-1,-1,-0.01,-1,-1
99926009,2026-05-18 10:15:44+05:30,52868.75,0,0.0,0,0.0,0.0,53282.15,53308.4,52783.45,53710.35,0,0.0,0.0,0.0,0.0,-0.01,-1,-1,-0.01,-1,-1,-0.01,-1,-1,-0.01,-1,-1,-0.01,-1,-1,-0.01,-1,-1,-0.01,-1,-1,-0.01,-1,-1,-0.01,-1,-1,-0.01,-1,-1
99926009,2026-05-18 10:15:44+05:30,52868.6,0,0.0,0,0.0,0.0,53282.15,53308.4,52783.45,53710.35,0,0.0,0.0,0.0,0.0,-0.01,-1,-1,-0.01,-1,-1,-0.01,-1,-1,-0.01,-1,-1,-0.01,-1,-1,-0.01,-1,-1,-0.01,-1,-1,-0.01,-1,-1,-0.01,-1,-1,-0.01,-1,-1
99926009,2026-05-18 10:15:45+05:30,52869.15,0,0.0,0,0.0,0.0,53282.15,53308.4,52783.45,53710.35,0,0.0,0.0,0.0,0.0,-0.01,-1,-1,-0.01,-1,-1,-0.01,-1,-1,-0.01,-1,-1,-0.01,-1,-1,-0.01,-1,-1,-0.01,-1,-1,-0.01,-1,-1,-0.01,-1,-1,-0.01,-1,-1
99926009,2026-05-18 10:15:45+05:30,52868.1,0,0.0,0,0.0,0.0,53282.15,53308.4,52783.45,53710.35,0,0.0,0.0,0.0,0.0,-0.01,-1,-1,-0.01,-1,-1,-0.01,-1,-1,-0.01,-1,-1,-0.01,-1,-1,-0.01,-1,-1,-0.01,-1,-1,-0.01,-1,-1,-0.01,-1,-1,-0.01,-1,-1
99926009,2026-05-18 10:15:46+05:30,52869.3,0,0.0,0,0.0,0.0,53282.15,53308.4,52783.45,53710.35,0,0.0,0.0,0.0,0.0,-0.01,-1,-1,-0.01,-1,-1,-0.01,-1,-1,-0.01,-1,-1,-0.01,-1,-1,-0.01,-1,-1,-0.01,-1,-1,-0.01,-1,-1,-0.01,-1,-1,-0.01,-1,-1
99926009,2026-05-18 10:15:46+05:30,52866.55,0,0.0,0,0.0,0.0,53282.15,53308.4,52783.45,53710.35,0,0.0,0.0,0.0,0.0,-0.01,-1,-1,-0.01,-1,-1,-0.01,-1,-1,-0.01,-1,-1,-0.01,-1,-1,-0.01,-1,-1,-0.01,-1,-1,-0.01,-1,-1,-0.01,-1,-1,-0.01,-1,-1
99926009,2026-05-18 10:15:47+05:30,52867.75,0,0.0,0,0.0,0.0,53282.15,53308.4,52783.45,53710.35,0,0.0,0.0,0.0,0.0,-0.01,-1,-1,-0.01,-1,-1,-0.01,-1,-1,-0.01,-1,-1,-0.01,-1,-1,-0.01,-1,-1,-0.01,-1,-1,-0.01,-1,-1,-0.01,-1,-1,-0.01,-1,-1
99926009,2026-05-18 10:15:47+05:30,52868.6,0,0.0,0,0.0,0.0,53282.15,53308.4,52783.45,53710.35,0,0.0,0.0,0.0,0.0,-0.01,-1,-1,-0.01,-1,-1,-0.01,-1,-1,-0.01,-1,-1,-0.01,-1,-1,-0.01,-1,-1,-0.01,-1,-1,-0.01,-1,-1,-0.01,-1,-1,-0.01,-1,-1
99926009,2026-05-18 10:15:48+05:30,52867.85,0,0.0,0,0.0,0.0,53282.15,53308.4,52783.45,53710.35,0,0.0,0.0,0.0,0.0,-0.01,-1,-1,-0.01,-1,-1,-0.01,-1,-1,-0.01,-1,-1,-0.01,-1,-1,-0.01,-1,-1,-0.01,-1,-1,-0.01,-1,-1,-0.01,-1,-1,-0.01,-1,-1
99926009,2026-05-18 10:15:48+05:30,52868.2,0,0.0,0,0.0,0.0,53282.15,53308.4,52783.45,53710.35,0,0.0,0.0,0.0,0.0,-0.01,-1,-1,-0.01,-1,-1,-0.01,-1,-1,-0.01,-1,-1,-0.01,-1,-1,-0.01,-1,-1,-0.01,-1,-1,-0.01,-1,-1,-0.01,-1,-1,-0.01,-1,-1
99926009,2026-05-18 10:15:49+05:30,52868.05,0,0.0,0,0.0,0.0,53282.15,53308.4,52783.45,53710.35,0,0.0,0.0,0.0,0.0,-0.01,-1,-1,-0.01,-1,-1,-0.01,-1,-1,-0.01,-1,-1,-0.01,-1,-1,-0.01,-1,-1,-0.01,-1,-1,-0.01,-1,-1,-0.01,-1,-1,-0.01,-1,-1
99926009,2026-05-18 10:15:49+05:30,52869.35,0,0.0,0,0.0,0.0,53282.15,53308.4,52783.45,53710.35,0,0.0,0.0,0.0,0.0,-0.01,-1,-1,-0.01,-1,-1,-0.01,-1,-1,-0.01,-1,-1,-0.01,-1,-1,-0.01,-1,-1,-0.01,-1,-1,-0.01,-1,-1,-0.01,-1,-1,-0.01,-1,-1
99926009,2026-05-18 10:15:50+05:30,52868.4,0,0.0,0,0.0,0.0,53282.15,53308.4,52783.45,53710.35,0,0.0,0.0,0.0,0.0,-0.01,-1,-1,-0.01,-1,-1,-0.01,-1,-1,-0.01,-1,-1,-0.01,-1,-1,-0.01,-1,-1,-0.01,-1,-1,-0.01,-1,-1,-0.01,-1,-1,-0.01,-1,-1
99926009,2026-05-18 10:15:50+05:30,52867.55,0,0.0,0,0.0,0.0,53282.15,53308.4,52783.45,53710.35,0,0.0,0.0,0.0,0.0,-0.01,-1,-1,-0.01,-1,-1,-0.01,-1,-1,-0.01,-1,-1,-0.01,-1,-1,-0.01,-1,-1,-0.01,-1,-1,-0.01,-1,-1,-0.01,-1,-1,-0.01,-1,-1
99926009,2026-05-18 10:15:51+05:30,52864.3,0,0.0,0,0.0,0.0,53282.15,53308.4,52783.45,53710.35,0,0.0,0.0,0.0,0.0,-0.01,-1,-1,-0.01,-1,-1,-0.01,-1,-1,-0.01,-1,-1,-0.01,-1,-1,-0.01,-1,-1,-0.01,-1,-1,-0.01,-1,-1,-0.01,-1,-1,-0.01,-1,-1
99926009,2026-05-18 10:15:51+05:30,52865.25,0,0.0,0,0.0,0.0,53282.15,53308.4,52783.45,53710.35,0,0.0,0.0,0.0,0.0,-0.01,-1,-1,-0.01,-1,-1,-0.01,-1,-1,-0.01,-1,-1,-0.01,-1,-1,-0.01,-1,-1,-0.01,-1,-1,-0.01,-1,-1,-0.01,-1,-1,-0.01,-1,-1
99926009,2026-05-18 10:15:52+05:30,52867.15,0,0.0,0,0.0,0.0,53282.15,53308.4,52783.45,53710.35,0,0.0,0.0,0.0,0.0,-0.01,-1,-1,-0.01,-1,-1,-0.01,-1,-1,-0.01,-1,-1,-0.01,-1,-1,-0.01,-1,-1,-0.01,-1,-1,-0.01,-1,-1,-0.01,-1,-1,-0.01,-1,-1
99926009,2026-05-18 10:15:52+05:30,52866.05,0,0.0,0,0.0,0.0,53282.15,53308.4,52783.45,53710.35,0,0.0,0.0,0.0,0.0,-0.01,-1,-1,-0.01,-1,-1,-0.01,-1,-1,-0.01,-1,-1,-0.01,-1,-1,-0.01,-1,-1,-0.01,-1,-1,-0.01,-1,-1,-0.01,-1,-1,-0.01,-1,-1
99926009,2026-05-18 10:15:53+05:30,52868.15,0,0.0,0,0.0,0.0,53282.15,53308.4,52783.45,53710.35,0,0.0,0.0,0.0,0.0,-0.01,-1,-1,-0.01,-1,-1,-0.01,-1,-1,-0.01,-1,-1,-0.01,-1,-1,-0.01,-1,-1,-0.01,-1,-1,-0.01,-1,-1,-0.01,-1,-1,-0.01,-1,-1
99926009,2026-05-18 10:15:53+05:30,52868.0,0,0.0,0,0.0,0.0,53282.15,53308.4,52783.45,53710.35,0,0.0,0.0,0.0,0.0,-0.01,-1,-1,-0.01,-1,-1,-0.01,-1,-1,-0.01,-1,-1,-0.01,-1,-1,-0.01,-1,-1,-0.01,-1,-1,-0.01,-1,-1,-0.01,-1,-1,-0.01,-1,-1
99926009,2026-05-18 10:15:54+05:30,52867.75,0,0.0,0,0.0,0.0,53282.15,53308.4,52783.45,53710.35,0,0.0,0.0,0.0,0.0,-0.01,-1,-1,-0.01,-1,-1,-0.01,-1,-1,-0.01,-1,-1,-0.01,-1,-1,-0.01,-1,-1,-0.01,-1,-1,-0.01,-1,-1,-0.01,-1,-1,-0.01,-1,-1
99926009,2026-05-18 10:15:54+05:30,52868.8,0,0.0,0,0.0,0.0,53282.15,53308.4,52783.45,53710.35,0,0.0,0.0,0.0,0.0,-0.01,-1,-1,-0.01,-1,-1,-0.01,-1,-1,-0.01,-1,-1,-0.01,-1,-1,-0.01,-1,-1,-0.01,-1,-1,-0.01,-1,-1,-0.01,-1,-1,-0.01,-1,-1
99926009,2026-05-18 10:15:55+05:30,52868.45,0,0.0,0,0.0,0.0,53282.15,53308.4,52783.45,53710.35,0,0.0,0.0,0.0,0.0,-0.01,-1,-1,-0.01,-1,-1,-0.01,-1,-1,-0.01,-1,-1,-0.01,-1,-1,-0.01,-1,-1,-0.01,-1,-1,-0.01,-1,-1,-0.01,-1,-1,-0.01,-1,-1
99926009,2026-05-18 10:15:55+05:30,52866.55,0,0.0,0,0.0,0.0,53282.15,53308.4,52783.45,53710.35,0,0.0,0.0,0.0,0.0,-0.01,-1,-1,-0.01,-1,-1,-0.01,-1,-1,-0.01,-1,-1,-0.01,-1,-1,-0.01,-1,-1,-0.01,-1,-1,-0.01,-1,-1,-0.01,-1,-1,-0.01,-1,-1
99926009,2026-05-18 10:15:56+05:30,52868.55,0,0.0,0,0.0,0.0,53282.15,53308.4,52783.45,53710.35,0,0.0,0.0,0.0,0.0,-0.01,-1,-1,-0.01,-1,-1,-0.01,-1,-1,-0.01,-1,-1,-0.01,-1,-1,-0.01,-1,-1,-0.01,-1,-1,-0.01,-1,-1,-0.01,-1,-1,-0.01,-1,-1
99926009,2026-05-18 10:15:56+05:30,52868.75,0,0.0,0,0.0,0.0,53282.15,53308.4,52783.45,53710.35,0,0.0,0.0,0.0,0.0,-0.01,-1,-1,-0.01,-1,-1,-0.01,-1,-1,-0.01,-1,-1,-0.01,-1,-1,-0.01,-1,-1,-0.01,-1,-1,-0.01,-1,-1,-0.01,-1,-1,-0.01,-1,-1
99926009,2026-05-18 10:15:57+05:30,52866.7,0,0.0,0,0.0,0.0,53282.15,53308.4,52783.45,53710.35,0,0.0,0.0,0.0,0.0,-0.01,-1,-1,-0.01,-1,-1,-0.01,-1,-1,-0.01,-1,-1,-0.01,-1,-1,-0.01,-1,-1,-0.01,-1,-1,-0.01,-1,-1,-0.01,-1,-1,-0.01,-1,-1
99926009,2026-05-18 10:15:57+05:30,52866.5,0,0.0,0,0.0,0.0,53282.15,53308.4,52783.45,53710.35,0,0.0,0.0,0.0,0.0,-0.01,-1,-1,-0.01,-1,-1,-0.01,-1,-1,-0.01,-1,-1,-0.01,-1,-1,-0.01,-1,-1,-0.01,-1,-1,-0.01,-1,-1,-0.01,-1,-1,-0.01,-1,-1
99926009,2026-05-18 10:15:58+05:30,52863.55,0,0.0,0,0.0,0.0,53282.15,53308.4,52783.45,53710.35,0,0.0,0.0,0.0,0.0,-0.01,-1,-1,-0.01,-1,-1,-0.01,-1,-1,-0.01,-1,-1,-0.01,-1,-1,-0.01,-1,-1,-0.01,-1,-1,-0.01,-1,-1,-0.01,-1,-1,-0.01,-1,-1
99926009,2026-05-18 10:15:58+05:30,52862.6,0,0.0,0,0.0,0.0,53282.15,53308.4,52783.45,53710.35,0,0.0,0.0,0.0,0.0,-0.01,-1,-1,-0.01,-1,-1,-0.01,-1,-1,-0.01,-1,-1,-0.01,-1,-1,-0.01,-1,-1,-0.01,-1,-1,-0.01,-1,-1,-0.01,-1,-1,-0.01,-1,-1
99926009,2026-05-18 10:15:59+05:30,52860.6,0,0.0,0,0.0,0.0,53282.15,53308.4,52783.45,53710.35,0,0.0,0.0,0.0,0.0,-0.01,-1,-1,-0.01,-1,-1,-0.01,-1,-1,-0.01,-1,-1,-0.01,-1,-1,-0.01,-1,-1,-0.01,-1,-1,-0.01,-1,-1,-0.01,-1,-1,-0.01,-1,-1
99926009,2026-05-18 10:15:59+05:30,52860.0,0,0.0,0,0.0,0.0,53282.15,53308.4,52783.45,53710.35,0,0.0,0.0,0.0,0.0,-0.01,-1,-1,-0.01,-1,-1,-0.01,-1,-1,-0.01,-1,-1,-0.01,-1,-1,-0.01,-1,-1,-0.01,-1,-1,-0.01,-1,-1,-0.01,-1,-1,-0.01,-1,-1
99926009,2026-05-18 10:16:00+05:30,52863.4,0,0.0,0,0.0,0.0,53282.15,53308.4,52783.45,53710.35,0,0.0,0.0,0.0,0.0,-0.01,-1,-1,-0.01,-1,-1,-0.01,-1,-1,-0.01,-1,-1,-0.01,-1,-1,-0.01,-1,-1,-0.01,-1,-1,-0.01,-1,-1,-0.01,-1,-1,-0.01,-1,-1
99926009,2026-05-18 10:16:00+05:30,52862.15,0,0.0,0,0.0,0.0,53282.15,53308.4,52783.45,53710.35,0,0.0,0.0,0.0,0.0,-0.01,-1,-1,-0.01,-1,-1,-0.01,-1,-1,-0.01,-1,-1,-0.01,-1,-1,-0.01,-1,-1,-0.01,-1,-1,-0.01,-1,-1,-0.01,-1,-1,-0.01,-1,-1
99926009,2026-05-18 10:16:01+05:30,52859.9,0,0.0,0,0.0,0.0,53282.15,53308.4,52783.45,53710.35,0,0.0,0.0,0.0,0.0,-0.01,-1,-1,-0.01,-1,-1,-0.01,-1,-1,-0.01,-1,-1,-0.01,-1,-1,-0.01,-1,-1,-0.01,-1,-1,-0.01,-1,-1,-0.01,-1,-1,-0.01,-1,-1
99926009,2026-05-18 10:16:01+05:30,52858.65,0,0.0,0,0.0,0.0,53282.15,53308.4,52783.45,53710.35,0,0.0,0.0,0.0,0.0,-0.01,-1,-1,-0.01,-1,-1,-0.01,-1,-1,-0.01,-1,-1,-0.01,-1,-1,-0.01,-1,-1,-0.01,-1,-1,-0.01,-1,-1,-0.01,-1,-1,-0.01,-1,-1
99926009,2026-05-18 10:16:02+05:30,52861.05,0,0.0,0,0.0,0.0,53282.15,53308.4,52783.45,53710.35,0,0.0,0.0,0.0,0.0,-0.01,-1,-1,-0.01,-1,-1,-0.01,-1,-1,-0.01,-1,-1,-0.01,-1,-1,-0.01,-1,-1,-0.01,-1,-1,-0.01,-1,-1,-0.01,-1,-1,-0.01,-1,-1
99926009,2026-05-18 10:16:02+05:30,52861.75,0,0.0,0,0.0,0.0,53282.15,53308.4,52783.45,53710.35,0,0.0,0.0,0.0,0.0,-0.01,-1,-1,-0.01,-1,-1,-0.01,-1,-1,-0.01,-1,-1,-0.01,-1,-1,-0.01,-1,-1,-0.01,-1,-1,-0.01,-1,-1,-0.01,-1,-1,-0.01,-1,-1
99926009,2026-05-18 10:16:03+05:30,52861.6,0,0.0,0,0.0,0.0,53282.15,53308.4,52783.45,53710.35,0,0.0,0.0,0.0,0.0,-0.01,-1,-1,-0.01,-1,-1,-0.01,-1,-1,-0.01,-1,-1,-0.01,-1,-1,-0.01,-1,-1,-0.01,-1,-1,-0.01,-1,-1,-0.01,-1,-1,-0.01,-1,-1
99926009,2026-05-18 10:16:03+05:30,52858.5,0,0.0,0,0.0,0.0,53282.15,53308.4,52783.45,53710.35,0,0.0,0.0,0.0,0.0,-0.01,-1,-1,-0.01,-1,-1,-0.01,-1,-1,-0.01,-1,-1,-0.01,-1,-1,-0.01,-1,-1,-0.01,-1,-1,-0.01,-1,-1,-0.01,-1,-1,-0.01,-1,-1
99926009,2026-05-18 10:16:04+05:30,52860.1,0,0.0,0,0.0,0.0,53282.15,53308.4,52783.45,53710.35,0,0.0,0.0,0.0,0.0,-0.01,-1,-1,-0.01,-1,-1,-0.01,-1,-1,-0.01,-1,-1,-0.01,-1,-1,-0.01,-1,-1,-0.01,-1,-1,-0.01,-1,-1,-0.01,-1,-1,-0.01,-1,-1
99926009,2026-05-18 10:16:04+05:30,52863.35,0,0.0,0,0.0,0.0,53282.15,53308.4,52783.45,53710.35,0,0.0,0.0,0.0,0.0,-0.01,-1,-1,-0.01,-1,-1,-0.01,-1,-1,-0.01,-1,-1,-0.01,-1,-1,-0.01,-1,-1,-0.01,-1,-1,-0.01,-1,-1,-0.01,-1,-1,-0.01,-1,-1
99926009,2026-05-18 10:16:05+05:30,52864.1,0,0.0,0,0.0,0.0,53282.15,53308.4,52783.45,53710.35,0,0.0,0.0,0.0,0.0,-0.01,-1,-1,-0.01,-1,-1,-0.01,-1,-1,-0.01,-1,-1,-0.01,-1,-1,-0.01,-1,-1,-0.01,-1,-1,-0.01,-1,-1,-0.01,-1,-1,-0.01,-1,-1
99926009,2026-05-18 10:16:05+05:30,52863.1,0,0.0,0,0.0,0.0,53282.15,53308.4,52783.45,53710.35,0,0.0,0.0,0.0,0.0,-0.01,-1,-1,-0.01,-1,-1,-0.01,-1,-1,-0.01,-1,-1,-0.01,-1,-1,-0.01,-1,-1,-0.01,-1,-1,-0.01,-1,-1,-0.01,-1,-1,-0.01,-1,-1
99926009,2026-05-18 10:16:06+05:30,52861.7,0,0.0,0,0.0,0.0,53282.15,53308.4,52783.45,53710.35,0,0.0,0.0,0.0,0.0,-0.01,-1,-1,-0.01,-1,-1,-0.01,-1,-1,-0.01,-1,-1,-0.01,-1,-1,-0.01,-1,-1,-0.01,-1,-1,-0.01,-1,-1,-0.01,-1,-1,-0.01,-1,-1
99926009,2026-05-18 10:16:06+05:30,52863.5,0,0.0,0,0.0,0.0,53282.15,53308.4,52783.45,53710.35,0,0.0,0.0,0.0,0.0,-0.01,-1,-1,-0.01,-1,-1,-0.01,-1,-1,-0.01,-1,-1,-0.01,-1,-1,-0.01,-1,-1,-0.01,-1,-1,-0.01,-1,-1,-0.01,-1,-1,-0.01,-1,-1
99926009,2026-05-18 10:16:07+05:30,52864.6,0,0.0,0,0.0,0.0,53282.15,53308.4,52783.45,53710.35,0,0.0,0.0,0.0,0.0,-0.01,-1,-1,-0.01,-1,-1,-0.01,-1,-1,-0.01,-1,-1,-0.01,-1,-1,-0.01,-1,-1,-0.01,-1,-1,-0.01,-1,-1,-0.01,-1,-1,-0.01,-1,-1
99926009,2026-05-18 10:16:07+05:30,52867.2,0,0.0,0,0.0,0.0,53282.15,53308.4,52783.45,53710.35,0,0.0,0.0,0.0,0.0,-0.01,-1,-1,-0.01,-1,-1,-0.01,-1,-1,-0.01,-1,-1,-0.01,-1,-1,-0.01,-1,-1,-0.01,-1,-1,-0.01,-1,-1,-0.01,-1,-1,-0.01,-1,-1
99926009,2026-05-18 10:16:08+05:30,52870.3,0,0.0,0,0.0,0.0,53282.15,53308.4,52783.45,53710.35,0,0.0,0.0,0.0,0.0,-0.01,-1,-1,-0.01,-1,-1,-0.01,-1,-1,-0.01,-1,-1,-0.01,-1,-1,-0.01,-1,-1,-0.01,-1,-1,-0.01,-1,-1,-0.01,-1,-1,-0.01,-1,-1
99926009,2026-05-18 10:16:08+05:30,52873.75,0,0.0,0,0.0,0.0,53282.15,53308.4,52783.45,53710.35,0,0.0,0.0,0.0,0.0,-0.01,-1,-1,-0.01,-1,-1,-0.01,-1,-1,-0.01,-1,-1,-0.01,-1,-1,-0.01,-1,-1,-0.01,-1,-1,-0.01,-1,-1,-0.01,-1,-1,-0.01,-1,-1
99926009,2026-05-18 10:16:09+05:30,52872.1,0,0.0,0,0.0,0.0,53282.15,53308.4,52783.45,53710.35,0,0.0,0.0,0.0,0.0,-0.01,-1,-1,-0.01,-1,-1,-0.01,-1,-1,-0.01,-1,-1,-0.01,-1,-1,-0.01,-1,-1,-0.01,-1,-1,-0.01,-1,-1,-0.01,-1,-1,-0.01,-1,-1
99926009,2026-05-18 10:16:09+05:30,52871.7,0,0.0,0,0.0,0.0,53282.15,53308.4,52783.45,53710.35,0,0.0,0.0,0.0,0.0,-0.01,-1,-1,-0.01,-1,-1,-0.01,-1,-1,-0.01,-1,-1,-0.01,-1,-1,-0.01,-1,-1,-0.01,-1,-1,-0.01,-1,-1,-0.01,-1,-1,-0.01,-1,-1
99926009,2026-05-18 10:16:10+05:30,52873.9,0,0.0,0,0.0,0.0,53282.15,53308.4,52783.45,53710.35,0,0.0,0.0,0.0,0.0,-0.01,-1,-1,-0.01,-1,-1,-0.01,-1,-1,-0.01,-1,-1,-0.01,-1,-1,-0.01,-1,-1,-0.01,-1,-1,-0.01,-1,-1,-0.01,-1,-1,-0.01,-1,-1
99926009,2026-05-18 10:16:10+05:30,52874.4,0,0.0,0,0.0,0.0,53282.15,53308.4,52783.45,53710.35,0,0.0,0.0,0.0,0.0,-0.01,-1,-1,-0.01,-1,-1,-0.01,-1,-1,-0.01,-1,-1,-0.01,-1,-1,-0.01,-1,-1,-0.01,-1,-1,-0.01,-1,-1,-0.01,-1,-1,-0.01,-1,-1
99926009,2026-05-18 10:16:11+05:30,52873.45,0,0.0,0,0.0,0.0,53282.15,53308.4,52783.45,53710.35,0,0.0,0.0,0.0,0.0,-0.01,-1,-1,-0.01,-1,-1,-0.01,-1,-1,-0.01,-1,-1,-0.01,-1,-1,-0.01,-1,-1,-0.01,-1,-1,-0.01,-1,-1,-0.01,-1,-1,-0.01,-1,-1
99926009,2026-05-18 10:16:11+05:30,52872.35,0,0.0,0,0.0,0.0,53282.15,53308.4,52783.45,53710.35,0,0.0,0.0,0.0,0.0,-0.01,-1,-1,-0.01,-1,-1,-0.01,-1,-1,-0.01,-1,-1,-0.01,-1,-1,-0.01,-1,-1,-0.01,-1,-1,-0.01,-1,-1,-0.01,-1,-1,-0.01,-1,-1
99926009,2026-05-18 10:16:12+05:30,52871.8,0,0.0,0,0.0,0.0,53282.15,53308.4,52783.45,53710.35,0,0.0,0.0,0.0,0.0,-0.01,-1,-1,-0.01,-1,-1,-0.01,-1,-1,-0.01,-1,-1,-0.01,-1,-1,-0.01,-1,-1,-0.01,-1,-1,-0.01,-1,-1,-0.01,-1,-1,-0.01,-1,-1
99926009,2026-05-18 10:16:12+05:30,52873.9,0,0.0,0,0.0,0.0,53282.15,53308.4,52783.45,53710.35,0,0.0,0.0,0.0,0.0,-0.01,-1,-1,-0.01,-1,-1,-0.01,-1,-1,-0.01,-1,-1,-0.01,-1,-1,-0.01,-1,-1,-0.01,-1,-1,-0.01,-1,-1,-0.01,-1,-1,-0.01,-1,-1
99926009,2026-05-18 10:16:13+05:30,52870.95,0,0.0,0,0.0,0.0,53282.15,53308.4,52783.45,53710.35,0,0.0,0.0,0.0,0.0,-0.01,-1,-1,-0.01,-1,-1,-0.01,-1,-1,-0.01,-1,-1,-0.01,-1,-1,-0.01,-1,-1,-0.01,-1,-1,-0.01,-1,-1,-0.01,-1,-1,-0.01,-1,-1
99926009,2026-05-18 10:16:13+05:30,52871.05,0,0.0,0,0.0,0.0,53282.15,53308.4,52783.45,53710.35,0,0.0,0.0,0.0,0.0,-0.01,-1,-1,-0.01,-1,-1,-0.01,-1,-1,-0.01,-1,-1,-0.01,-1,-1,-0.01,-1,-1,-0.01,-1,-1,-0.01,-1,-1,-0.01,-1,-1,-0.01,-1,-1
99926009,2026-05-18 10:16:14+05:30,52873.45,0,0.0,0,0.0,0.0,53282.15,53308.4,52783.45,53710.35,0,0.0,0.0,0.0,0.0,-0.01,-1,-1,-0.01,-1,-1,-0.01,-1,-1,-0.01,-1,-1,-0.01,-1,-1,-0.01,-1,-1,-0.01,-1,-1,-0.01,-1,-1,-0.01,-1,-1,-0.01,-1,-1
99926009,2026-05-18 10:16:14+05:30,52872.95,0,0.0,0,0.0,0.0,53282.15,53308.4,52783.45,53710.35,0,0.0,0.0,0.0,0.0,-0.01,-1,-1,-0.01,-1,-1,-0.01,-1,-1,-0.01,-1,-1,-0.01,-1,-1,-0.01,-1,-1,-0.01,-1,-1,-0.01,-1,-1,-0.01,-1,-1,-0.01,-1,-1
99926009,2026-05-18 10:16:15+05:30,52875.1,0,0.0,0,0.0,0.0,53282.15,53308.4,52783.45,53710.35,0,0.0,0.0,0.0,0.0,-0.01,-1,-1,-0.01,-1,-1,-0.01,-1,-1,-0.01,-1,-1,-0.01,-1,-1,-0.01,-1,-1,-0.01,-1,-1,-0.01,-1,-1,-0.01,-1,-1,-0.01,-1,-1
99926009,2026-05-18 10:16:15+05:30,52875.35,0,0.0,0,0.0,0.0,53282.15,53308.4,52783.45,53710.35,0,0.0,0.0,0.0,0.0,-0.01,-1,-1,-0.01,-1,-1,-0.01,-1,-1,-0.01,-1,-1,-0.01,-1,-1,-0.01,-1,-1,-0.01,-1,-1,-0.01,-1,-1,-0.01,-1,-1,-0.01,-1,-1
99926009,2026-05-18 10:16:16+05:30,52874.45,0,0.0,0,0.0,0.0,53282.15,53308.4,52783.45,53710.35,0,0.0,0.0,0.0,0.0,-0.01,-1,-1,-0.01,-1,-1,-0.01,-1,-1,-0.01,-1,-1,-0.01,-1,-1,-0.01,-1,-1,-0.01,-1,-1,-0.01,-1,-1,-0.01,-1,-1,-0.01,-1,-1
99926009,2026-05-18 10:16:16+05:30,52873.95,0,0.0,0,0.0,0.0,53282.15,53308.4,52783.45,53710.35,0,0.0,0.0,0.0,0.0,-0.01,-1,-1,-0.01,-1,-1,-0.01,-1,-1,-0.01,-1,-1,-0.01,-1,-1,-0.01,-1,-1,-0.01,-1,-1,-0.01,-1,-1,-0.01,-1,-1,-0.01,-1,-1
99926009,2026-05-18 10:16:17+05:30,52874.8,0,0.0,0,0.0,0.0,53282.15,53308.4,52783.45,53710.35,0,0.0,0.0,0.0,0.0,-0.01,-1,-1,-0.01,-1,-1,-0.01,-1,-1,-0.01,-1,-1,-0.01,-1,-1,-0.01,-1,-1,-0.01,-1,-1,-0.01,-1,-1,-0.01,-1,-1,-0.01,-1,-1
99926009,2026-05-18 10:16:17+05:30,52877.1,0,0.0,0,0.0,0.0,53282.15,53308.4,52783.45,53710.35,0,0.0,0.0,0.0,0.0,-0.01,-1,-1,-0.01,-1,-1,-0.01,-1,-1,-0.01,-1,-1,-0.01,-1,-1,-0.01,-1,-1,-0.01,-1,-1,-0.01,-1,-1,-0.01,-1,-1,-0.01,-1,-1
99926009,2026-05-18 10:16:18+05:30,52876.3,0,0.0,0,0.0,0.0,53282.15,53308.4,52783.45,53710.35,0,0.0,0.0,0.0,0.0,-0.01,-1,-1,-0.01,-1,-1,-0.01,-1,-1,-0.01,-1,-1,-0.01,-1,-1,-0.01,-1,-1,-0.01,-1,-1,-0.01,-1,-1,-0.01,-1,-1,-0.01,-1,-1
99926009,2026-05-18 10:16:18+05:30,52872.25,0,0.0,0,0.0,0.0,53282.15,53308.4,52783.45,53710.35,0,0.0,0.0,0.0,0.0,-0.01,-1,-1,-0.01,-1,-1,-0.01,-1,-1,-0.01,-1,-1,-0.01,-1,-1,-0.01,-1,-1,-0.01,-1,-1,-0.01,-1,-1,-0.01,-1,-1,-0.01,-1,-1
99926009,2026-05-18 10:16:19+05:30,52875.85,0,0.0,0,0.0,0.0,53282.15,53308.4,52783.45,53710.35,0,0.0,0.0,0.0,0.0,-0.01,-1,-1,-0.01,-1,-1,-0.01,-1,-1,-0.01,-1,-1,-0.01,-1,-1,-0.01,-1,-1,-0.01,-1,-1,-0.01,-1,-1,-0.01,-1,-1,-0.01,-1,-1
99926009,2026-05-18 10:16:19+05:30,52875.35,0,0.0,0,0.0,0.0,53282.15,53308.4,52783.45,53710.35,0,0.0,0.0,0.0,0.0,-0.01,-1,-1,-0.01,-1,-1,-0.01,-1,-1,-0.01,-1,-1,-0.01,-1,-1,-0.01,-1,-1,-0.01,-1,-1,-0.01,-1,-1,-0.01,-1,-1,-0.01,-1,-1
99926009,2026-05-18 10:16:20+05:30,52876.0,0,0.0,0,0.0,0.0,53282.15,53308.4,52783.45,53710.35,0,0.0,0.0,0.0,0.0,-0.01,-1,-1,-0.01,-1,-1,-0.01,-1,-1,-0.01,-1,-1,-0.01,-1,-1,-0.01,-1,-1,-0.01,-1,-1,-0.01,-1,-1,-0.01,-1,-1,-0.01,-1,-1
99926009,2026-05-18 10:16:20+05:30,52876.85,0,0.0,0,0.0,0.0,53282.15,53308.4,52783.45,53710.35,0,0.0,0.0,0.0,0.0,-0.01,-1,-1,-0.01,-1,-1,-0.01,-1,-1,-0.01,-1,-1,-0.01,-1,-1,-0.01,-1,-1,-0.01,-1,-1,-0.01,-1,-1,-0.01,-1,-1,-0.01,-1,-1
99926009,2026-05-18 10:16:21+05:30,52875.7,0,0.0,0,0.0,0.0,53282.15,53308.4,52783.45,53710.35,0,0.0,0.0,0.0,0.0,-0.01,-1,-1,-0.01,-1,-1,-0.01,-1,-1,-0.01,-1,-1,-0.01,-1,-1,-0.01,-1,-1,-0.01,-1,-1,-0.01,-1,-1,-0.01,-1,-1,-0.01,-1,-1
99926009,2026-05-18 10:16:21+05:30,52877.5,0,0.0,0,0.0,0.0,53282.15,53308.4,52783.45,53710.35,0,0.0,0.0,0.0,0.0,-0.01,-1,-1,-0.01,-1,-1,-0.01,-1,-1,-0.01,-1,-1,-0.01,-1,-1,-0.01,-1,-1,-0.01,-1,-1,-0.01,-1,-1,-0.01,-1,-1,-0.01,-1,-1
99926009,2026-05-18 10:16:22+05:30,52877.6,0,0.0,0,0.0,0.0,53282.15,53308.4,52783.45,53710.35,0,0.0,0.0,0.0,0.0,-0.01,-1,-1,-0.01,-1,-1,-0.01,-1,-1,-0.01,-1,-1,-0.01,-1,-1,-0.01,-1,-1,-0.01,-1,-1,-0.01,-1,-1,-0.01,-1,-1,-0.01,-1,-1
99926009,2026-05-18 10:16:22+05:30,52879.3,0,0.0,0,0.0,0.0,53282.15,53308.4,52783.45,53710.35,0,0.0,0.0,0.0,0.0,-0.01,-1,-1,-0.01,-1,-1,-0.01,-1,-1,-0.01,-1,-1,-0.01,-1,-1,-0.01,-1,-1,-0.01,-1,-1,-0.01,-1,-1,-0.01,-1,-1,-0.01,-1,-1
99926009,2026-05-18 10:16:23+05:30,52876.05,0,0.0,0,0.0,0.0,53282.15,53308.4,52783.45,53710.35,0,0.0,0.0,0.0,0.0,-0.01,-1,-1,-0.01,-1,-1,-0.01,-1,-1,-0.01,-1,-1,-0.01,-1,-1,-0.01,-1,-1,-0.01,-1,-1,-0.01,-1,-1,-0.01,-1,-1,-0.01,-1,-1
99926009,2026-05-18 10:16:23+05:30,52872.85,0,0.0,0,0.0,0.0,53282.15,53308.4,52783.45,53710.35,0,0.0,0.0,0.0,0.0,-0.01,-1,-1,-0.01,-1,-1,-0.01,-1,-1,-0.01,-1,-1,-0.01,-1,-1,-0.01,-1,-1,-0.01,-1,-1,-0.01,-1,-1,-0.01,-1,-1,-0.01,-1,-1
99926009,2026-05-18 10:16:24+05:30,52872.75,0,0.0,0,0.0,0.0,53282.15,53308.4,52783.45,53710.35,0,0.0,0.0,0.0,0.0,-0.01,-1,-1,-0.01,-1,-1,-0.01,-1,-1,-0.01,-1,-1,-0.01,-1,-1,-0.01,-1,-1,-0.01,-1,-1,-0.01,-1,-1,-0.01,-1,-1,-0.01,-1,-1
99926009,2026-05-18 10:16:24+05:30,52870.25,0,0.0,0,0.0,0.0,53282.15,53308.4,52783.45,53710.35,0,0.0,0.0,0.0,0.0,-0.01,-1,-1,-0.01,-1,-1,-0.01,-1,-1,-0.01,-1,-1,-0.01,-1,-1,-0.01,-1,-1,-0.01,-1,-1,-0.01,-1,-1,-0.01,-1,-1,-0.01,-1,-1
99926009,2026-05-18 10:16:25+05:30,52874.4,0,0.0,0,0.0,0.0,53282.15,53308.4,52783.45,53710.35,0,0.0,0.0,0.0,0.0,-0.01,-1,-1,-0.01,-1,-1,-0.01,-1,-1,-0.01,-1,-1,-0.01,-1,-1,-0.01,-1,-1,-0.01,-1,-1,-0.01,-1,-1,-0.01,-1,-1,-0.01,-1,-1
99926009,2026-05-18 10:16:26+05:30,52873.5,0,0.0,0,0.0,0.0,53282.15,53308.4,52783.45,53710.35,0,0.0,0.0,0.0,0.0,-0.01,-1,-1,-0.01,-1,-1,-0.01,-1,-1,-0.01,-1,-1,-0.01,-1,-1,-0.01,-1,-1,-0.01,-1,-1,-0.01,-1,-1,-0.01,-1,-1,-0.01,-1,-1
99926009,2026-05-18 10:16:26+05:30,52876.1,0,0.0,0,0.0,0.0,53282.15,53308.4,52783.45,53710.35,0,0.0,0.0,0.0,0.0,-0.01,-1,-1,-0.01,-1,-1,-0.01,-1,-1,-0.01,-1,-1,-0.01,-1,-1,-0.01,-1,-1,-0.01,-1,-1,-0.01,-1,-1,-0.01,-1,-1,-0.01,-1,-1
99926009,2026-05-18 10:16:27+05:30,52875.15,0,0.0,0,0.0,0.0,53282.15,53308.4,52783.45,53710.35,0,0.0,0.0,0.0,0.0,-0.01,-1,-1,-0.01,-1,-1,-0.01,-1,-1,-0.01,-1,-1,-0.01,-1,-1,-0.01,-1,-1,-0.01,-1,-1,-0.01,-1,-1,-0.01,-1,-1,-0.01,-1,-1
99926009,2026-05-18 10:16:27+05:30,52869.45,0,0.0,0,0.0,0.0,53282.15,53308.4,52783.45,53710.35,0,0.0,0.0,0.0,0.0,-0.01,-1,-1,-0.01,-1,-1,-0.01,-1,-1,-0.01,-1,-1,-0.01,-1,-1,-0.01,-1,-1,-0.01,-1,-1,-0.01,-1,-1,-0.01,-1,-1,-0.01,-1,-1
99926009,2026-05-18 10:16:28+05:30,52873.0,0,0.0,0,0.0,0.0,53282.15,53308.4,52783.45,53710.35,0,0.0,0.0,0.0,0.0,-0.01,-1,-1,-0.01,-1,-1,-0.01,-1,-1,-0.01,-1,-1,-0.01,-1,-1,-0.01,-1,-1,-0.01,-1,-1,-0.01,-1,-1,-0.01,-1,-1,-0.01,-1,-1
99926009,2026-05-18 10:16:28+05:30,52876.45,0,0.0,0,0.0,0.0,53282.15,53308.4,52783.45,53710.35,0,0.0,0.0,0.0,0.0,-0.01,-1,-1,-0.01,-1,-1,-0.01,-1,-1,-0.01,-1,-1,-0.01,-1,-1,-0.01,-1,-1,-0.01,-1,-1,-0.01,-1,-1,-0.01,-1,-1,-0.01,-1,-1
99926009,2026-05-18 10:16:29+05:30,52875.7,0,0.0,0,0.0,0.0,53282.15,53308.4,52783.45,53710.35,0,0.0,0.0,0.0,0.0,-0.01,-1,-1,-0.01,-1,-1,-0.01,-1,-1,-0.01,-1,-1,-0.01,-1,-1,-0.01,-1,-1,-0.01,-1,-1,-0.01,-1,-1,-0.01,-1,-1,-0.01,-1,-1
99926009,2026-05-18 10:16:29+05:30,52878.4,0,0.0,0,0.0,0.0,53282.15,53308.4,52783.45,53710.35,0,0.0,0.0,0.0,0.0,-0.01,-1,-1,-0.01,-1,-1,-0.01,-1,-1,-0.01,-1,-1,-0.01,-1,-1,-0.01,-1,-1,-0.01,-1,-1,-0.01,-1,-1,-0.01,-1,-1,-0.01,-1,-1
99926009,2026-05-18 10:16:30+05:30,52875.8,0,0.0,0,0.0,0.0,53282.15,53308.4,52783.45,53710.35,0,0.0,0.0,0.0,0.0,-0.01,-1,-1,-0.01,-1,-1,-0.01,-1,-1,-0.01,-1,-1,-0.01,-1,-1,-0.01,-1,-1,-0.01,-1,-1,-0.01,-1,-1,-0.01,-1,-1,-0.01,-1,-1
99926009,2026-05-18 10:16:30+05:30,52877.5,0,0.0,0,0.0,0.0,53282.15,53308.4,52783.45,53710.35,0,0.0,0.0,0.0,0.0,-0.01,-1,-1,-0.01,-1,-1,-0.01,-1,-1,-0.01,-1,-1,-0.01,-1,-1,-0.01,-1,-1,-0.01,-1,-1,-0.01,-1,-1,-0.01,-1,-1,-0.01,-1,-1
99926009,2026-05-18 10:16:31+05:30,52877.8,0,0.0,0,0.0,0.0,53282.15,53308.4,52783.45,53710.35,0,0.0,0.0,0.0,0.0,-0.01,-1,-1,-0.01,-1,-1,-0.01,-1,-1,-0.01,-1,-1,-0.01,-1,-1,-0.01,-1,-1,-0.01,-1,-1,-0.01,-1,-1,-0.01,-1,-1,-0.01,-1,-1
99926009,2026-05-18 10:16:31+05:30,52880.15,0,0.0,0,0.0,0.0,53282.15,53308.4,52783.45,53710.35,0,0.0,0.0,0.0,0.0,-0.01,-1,-1,-0.01,-1,-1,-0.01,-1,-1,-0.01,-1,-1,-0.01,-1,-1,-0.01,-1,-1,-0.01,-1,-1,-0.01,-1,-1,-0.01,-1,-1,-0.01,-1,-1
99926009,2026-05-18 10:16:32+05:30,52877.6,0,0.0,0,0.0,0.0,53282.15,53308.4,52783.45,53710.35,0,0.0,0.0,0.0,0.0,-0.01,-1,-1,-0.01,-1,-1,-0.01,-1,-1,-0.01,-1,-1,-0.01,-1,-1,-0.01,-1,-1,-0.01,-1,-1,-0.01,-1,-1,-0.01,-1,-1,-0.01,-1,-1
99926009,2026-05-18 10:16:32+05:30,52879.55,0,0.0,0,0.0,0.0,53282.15,53308.4,52783.45,53710.35,0,0.0,0.0,0.0,0.0,-0.01,-1,-1,-0.01,-1,-1,-0.01,-1,-1,-0.01,-1,-1,-0.01,-1,-1,-0.01,-1,-1,-0.01,-1,-1,-0.01,-1,-1,-0.01,-1,-1,-0.01,-1,-1
99926009,2026-05-18 10:16:33+05:30,52877.7,0,0.0,0,0.0,0.0,53282.15,53308.4,52783.45,53710.35,0,0.0,0.0,0.0,0.0,-0.01,-1,-1,-0.01,-1,-1,-0.01,-1,-1,-0.01,-1,-1,-0.01,-1,-1,-0.01,-1,-1,-0.01,-1,-1,-0.01,-1,-1,-0.01,-1,-1,-0.01,-1,-1
99926009,2026-05-18 10:16:33+05:30,52882.05,0,0.0,0,0.0,0.0,53282.15,53308.4,52783.45,53710.35,0,0.0,0.0,0.0,0.0,-0.01,-1,-1,-0.01,-1,-1,-0.01,-1,-1,-0.01,-1,-1,-0.01,-1,-1,-0.01,-1,-1,-0.01,-1,-1,-0.01,-1,-1,-0.01,-1,-1,-0.01,-1,-1
99926009,2026-05-18 10:16:34+05:30,52881.25,0,0.0,0,0.0,0.0,53282.15,53308.4,52783.45,53710.35,0,0.0,0.0,0.0,0.0,-0.01,-1,-1,-0.01,-1,-1,-0.01,-1,-1,-0.01,-1,-1,-0.01,-1,-1,-0.01,-1,-1,-0.01,-1,-1,-0.01,-1,-1,-0.01,-1,-1,-0.01,-1,-1
99926009,2026-05-18 10:16:34+05:30,52884.15,0,0.0,0,0.0,0.0,53282.15,53308.4,52783.45,53710.35,0,0.0,0.0,0.0,0.0,-0.01,-1,-1,-0.01,-1,-1,-0.01,-1,-1,-0.01,-1,-1,-0.01,-1,-1,-0.01,-1,-1,-0.01,-1,-1,-0.01,-1,-1,-0.01,-1,-1,-0.01,-1,-1
99926009,2026-05-18 10:16:35+05:30,52885.2,0,0.0,0,0.0,0.0,53282.15,53308.4,52783.45,53710.35,0,0.0,0.0,0.0,0.0,-0.01,-1,-1,-0.01,-1,-1,-0.01,-1,-1,-0.01,-1,-1,-0.01,-1,-1,-0.01,-1,-1,-0.01,-1,-1,-0.01,-1,-1,-0.01,-1,-1,-0.01,-1,-1
99926009,2026-05-18 10:16:35+05:30,52885.4,0,0.0,0,0.0,0.0,53282.15,53308.4,52783.45,53710.35,0,0.0,0.0,0.0,0.0,-0.01,-1,-1,-0.01,-1,-1,-0.01,-1,-1,-0.01,-1,-1,-0.01,-1,-1,-0.01,-1,-1,-0.01,-1,-1,-0.01,-1,-1,-0.01,-1,-1,-0.01,-1,-1
99926009,2026-05-18 10:16:36+05:30,52885.85,0,0.0,0,0.0,0.0,53282.15,53308.4,52783.45,53710.35,0,0.0,0.0,0.0,0.0,-0.01,-1,-1,-0.01,-1,-1,-0.01,-1,-1,-0.01,-1,-1,-0.01,-1,-1,-0.01,-1,-1,-0.01,-1,-1,-0.01,-1,-1,-0.01,-1,-1,-0.01,-1,-1
99926009,2026-05-18 10:16:36+05:30,52887.85,0,0.0,0,0.0,0.0,53282.15,53308.4,52783.45,53710.35,0,0.0,0.0,0.0,0.0,-0.01,-1,-1,-0.01,-1,-1,-0.01,-1,-1,-0.01,-1,-1,-0.01,-1,-1,-0.01,-1,-1,-0.01,-1,-1,-0.01,-1,-1,-0.01,-1,-1,-0.01,-1,-1
99926009,2026-05-18 10:16:37+05:30,52888.85,0,0.0,0,0.0,0.0,53282.15,53308.4,52783.45,53710.35,0,0.0,0.0,0.0,0.0,-0.01,-1,-1,-0.01,-1,-1,-0.01,-1,-1,-0.01,-1,-1,-0.01,-1,-1,-0.01,-1,-1,-0.01,-1,-1,-0.01,-1,-1,-0.01,-1,-1,-0.01,-1,-1
99926009,2026-05-18 10:16:37+05:30,52889.05,0,0.0,0,0.0,0.0,53282.15,53308.4,52783.45,53710.35,0,0.0,0.0,0.0,0.0,-0.01,-1,-1,-0.01,-1,-1,-0.01,-1,-1,-0.01,-1,-1,-0.01,-1,-1,-0.01,-1,-1,-0.01,-1,-1,-0.01,-1,-1,-0.01,-1,-1,-0.01,-1,-1
99926009,2026-05-18 10:16:38+05:30,52890.5,0,0.0,0,0.0,0.0,53282.15,53308.4,52783.45,53710.35,0,0.0,0.0,0.0,0.0,-0.01,-1,-1,-0.01,-1,-1,-0.01,-1,-1,-0.01,-1,-1,-0.01,-1,-1,-0.01,-1,-1,-0.01,-1,-1,-0.01,-1,-1,-0.01,-1,-1,-0.01,-1,-1
99926009,2026-05-18 10:16:38+05:30,52890.35,0,0.0,0,0.0,0.0,53282.15,53308.4,52783.45,53710.35,0,0.0,0.0,0.0,0.0,-0.01,-1,-1,-0.01,-1,-1,-0.01,-1,-1,-0.01,-1,-1,-0.01,-1,-1,-0.01,-1,-1,-0.01,-1,-1,-0.01,-1,-1,-0.01,-1,-1,-0.01,-1,-1
99926009,2026-05-18 10:16:39+05:30,52891.4,0,0.0,0,0.0,0.0,53282.15,53308.4,52783.45,53710.35,0,0.0,0.0,0.0,0.0,-0.01,-1,-1,-0.01,-1,-1,-0.01,-1,-1,-0.01,-1,-1,-0.01,-1,-1,-0.01,-1,-1,-0.01,-1,-1,-0.01,-1,-1,-0.01,-1,-1,-0.01,-1,-1
99926009,2026-05-18 10:16:39+05:30,52893.2,0,0.0,0,0.0,0.0,53282.15,53308.4,52783.45,53710.35,0,0.0,0.0,0.0,0.0,-0.01,-1,-1,-0.01,-1,-1,-0.01,-1,-1,-0.01,-1,-1,-0.01,-1,-1,-0.01,-1,-1,-0.01,-1,-1,-0.01,-1,-1,-0.01,-1,-1,-0.01,-1,-1
99926009,2026-05-18 10:16:40+05:30,52898.55,0,0.0,0,0.0,0.0,53282.15,53308.4,52783.45,53710.35,0,0.0,0.0,0.0,0.0,-0.01,-1,-1,-0.01,-1,-1,-0.01,-1,-1,-0.01,-1,-1,-0.01,-1,-1,-0.01,-1,-1,-0.01,-1,-1,-0.01,-1,-1,-0.01,-1,-1,-0.01,-1,-1
99926009,2026-05-18 10:16:40+05:30,52897.05,0,0.0,0,0.0,0.0,53282.15,53308.4,52783.45,53710.35,0,0.0,0.0,0.0,0.0,-0.01,-1,-1,-0.01,-1,-1,-0.01,-1,-1,-0.01,-1,-1,-0.01,-1,-1,-0.01,-1,-1,-0.01,-1,-1,-0.01,-1,-1,-0.01,-1,-1,-0.01,-1,-1
99926009,2026-05-18 10:16:41+05:30,52893.4,0,0.0,0,0.0,0.0,53282.15,53308.4,52783.45,53710.35,0,0.0,0.0,0.0,0.0,-0.01,-1,-1,-0.01,-1,-1,-0.01,-1,-1,-0.01,-1,-1,-0.01,-1,-1,-0.01,-1,-1,-0.01,-1,-1,-0.01,-1,-1,-0.01,-1,-1,-0.01,-1,-1
99926009,2026-05-18 10:16:41+05:30,52895.6,0,0.0,0,0.0,0.0,53282.15,53308.4,52783.45,53710.35,0,0.0,0.0,0.0,0.0,-0.01,-1,-1,-0.01,-1,-1,-0.01,-1,-1,-0.01,-1,-1,-0.01,-1,-1,-0.01,-1,-1,-0.01,-1,-1,-0.01,-1,-1,-0.01,-1,-1,-0.01,-1,-1
99926009,2026-05-18 10:16:42+05:30,52899.4,0,0.0,0,0.0,0.0,53282.15,53308.4,52783.45,53710.35,0,0.0,0.0,0.0,0.0,-0.01,-1,-1,-0.01,-1,-1,-0.01,-1,-1,-0.01,-1,-1,-0.01,-1,-1,-0.01,-1,-1,-0.01,-1,-1,-0.01,-1,-1,-0.01,-1,-1,-0.01,-1,-1
99926009,2026-05-18 10:16:42+05:30,52898.15,0,0.0,0,0.0,0.0,53282.15,53308.4,52783.45,53710.35,0,0.0,0.0,0.0,0.0,-0.01,-1,-1,-0.01,-1,-1,-0.01,-1,-1,-0.01,-1,-1,-0.01,-1,-1,-0.01,-1,-1,-0.01,-1,-1,-0.01,-1,-1,-0.01,-1,-1,-0.01,-1,-1
99926009,2026-05-18 10:16:43+05:30,52898.55,0,0.0,0,0.0,0.0,53282.15,53308.4,52783.45,53710.35,0,0.0,0.0,0.0,0.0,-0.01,-1,-1,-0.01,-1,-1,-0.01,-1,-1,-0.01,-1,-1,-0.01,-1,-1,-0.01,-1,-1,-0.01,-1,-1,-0.01,-1,-1,-0.01,-1,-1,-0.01,-1,-1
99926009,2026-05-18 10:16:43+05:30,52898.15,0,0.0,0,0.0,0.0,53282.15,53308.4,52783.45,53710.35,0,0.0,0.0,0.0,0.0,-0.01,-1,-1,-0.01,-1,-1,-0.01,-1,-1,-0.01,-1,-1,-0.01,-1,-1,-0.01,-1,-1,-0.01,-1,-1,-0.01,-1,-1,-0.01,-1,-1,-0.01,-1,-1
99926009,2026-05-18 10:16:44+05:30,52898.55,0,0.0,0,0.0,0.0,53282.15,53308.4,52783.45,53710.35,0,0.0,0.0,0.0,0.0,-0.01,-1,-1,-0.01,-1,-1,-0.01,-1,-1,-0.01,-1,-1,-0.01,-1,-1,-0.01,-1,-1,-0.01,-1,-1,-0.01,-1,-1,-0.01,-1,-1,-0.01,-1,-1
99926009,2026-05-18 10:16:44+05:30,52897.45,0,0.0,0,0.0,0.0,53282.15,53308.4,52783.45,53710.35,0,0.0,0.0,0.0,0.0,-0.01,-1,-1,-0.01,-1,-1,-0.01,-1,-1,-0.01,-1,-1,-0.01,-1,-1,-0.01,-1,-1,-0.01,-1,-1,-0.01,-1,-1,-0.01,-1,-1,-0.01,-1,-1
99926009,2026-05-18 10:16:45+05:30,52898.0,0,0.0,0,0.0,0.0,53282.15,53308.4,52783.45,53710.35,0,0.0,0.0,0.0,0.0,-0.01,-1,-1,-0.01,-1,-1,-0.01,-1,-1,-0.01,-1,-1,-0.01,-1,-1,-0.01,-1,-1,-0.01,-1,-1,-0.01,-1,-1,-0.01,-1,-1,-0.01,-1,-1
99926009,2026-05-18 10:16:45+05:30,52899.05,0,0.0,0,0.0,0.0,53282.15,53308.4,52783.45,53710.35,0,0.0,0.0,0.0,0.0,-0.01,-1,-1,-0.01,-1,-1,-0.01,-1,-1,-0.01,-1,-1,-0.01,-1,-1,-0.01,-1,-1,-0.01,-1,-1,-0.01,-1,-1,-0.01,-1,-1,-0.01,-1,-1
99926009,2026-05-18 10:16:46+05:30,52901.6,0,0.0,0,0.0,0.0,53282.15,53308.4,52783.45,53710.35,0,0.0,0.0,0.0,0.0,-0.01,-1,-1,-0.01,-1,-1,-0.01,-1,-1,-0.01,-1,-1,-0.01,-1,-1,-0.01,-1,-1,-0.01,-1,-1,-0.01,-1,-1,-0.01,-1,-1,-0.01,-1,-1
99926009,2026-05-18 10:16:46+05:30,52900.35,0,0.0,0,0.0,0.0,53282.15,53308.4,52783.45,53710.35,0,0.0,0.0,0.0,0.0,-0.01,-1,-1,-0.01,-1,-1,-0.01,-1,-1,-0.01,-1,-1,-0.01,-1,-1,-0.01,-1,-1,-0.01,-1,-1,-0.01,-1,-1,-0.01,-1,-1,-0.01,-1,-1
99926009,2026-05-18 10:16:47+05:30,52897.45,0,0.0,0,0.0,0.0,53282.15,53308.4,52783.45,53710.35,0,0.0,0.0,0.0,0.0,-0.01,-1,-1,-0.01,-1,-1,-0.01,-1,-1,-0.01,-1,-1,-0.01,-1,-1,-0.01,-1,-1,-0.01,-1,-1,-0.01,-1,-1,-0.01,-1,-1,-0.01,-1,-1
99926009,2026-05-18 10:16:47+05:30,52898.1,0,0.0,0,0.0,0.0,53282.15,53308.4,52783.45,53710.35,0,0.0,0.0,0.0,0.0,-0.01,-1,-1,-0.01,-1,-1,-0.01,-1,-1,-0.01,-1,-1,-0.01,-1,-1,-0.01,-1,-1,-0.01,-1,-1,-0.01,-1,-1,-0.01,-1,-1,-0.01,-1,-1
99926009,2026-05-18 10:16:48+05:30,52901.35,0,0.0,0,0.0,0.0,53282.15,53308.4,52783.45,53710.35,0,0.0,0.0,0.0,0.0,-0.01,-1,-1,-0.01,-1,-1,-0.01,-1,-1,-0.01,-1,-1,-0.01,-1,-1,-0.01,-1,-1,-0.01,-1,-1,-0.01,-1,-1,-0.01,-1,-1,-0.01,-1,-1
99926009,2026-05-18 10:16:48+05:30,52901.2,0,0.0,0,0.0,0.0,53282.15,53308.4,52783.45,53710.35,0,0.0,0.0,0.0,0.0,-0.01,-1,-1,-0.01,-1,-1,-0.01,-1,-1,-0.01,-1,-1,-0.01,-1,-1,-0.01,-1,-1,-0.01,-1,-1,-0.01,-1,-1,-0.01,-1,-1,-0.01,-1,-1
99926009,2026-05-18 10:16:49+05:30,52903.05,0,0.0,0,0.0,0.0,53282.15,53308.4,52783.45,53710.35,0,0.0,0.0,0.0,0.0,-0.01,-1,-1,-0.01,-1,-1,-0.01,-1,-1,-0.01,-1,-1,-0.01,-1,-1,-0.01,-1,-1,-0.01,-1,-1,-0.01,-1,-1,-0.01,-1,-1,-0.01,-1,-1
99926009,2026-05-18 10:16:49+05:30,52902.65,0,0.0,0,0.0,0.0,53282.15,53308.4,52783.45,53710.35,0,0.0,0.0,0.0,0.0,-0.01,-1,-1,-0.01,-1,-1,-0.01,-1,-1,-0.01,-1,-1,-0.01,-1,-1,-0.01,-1,-1,-0.01,-1,-1,-0.01,-1,-1,-0.01,-1,-1,-0.01,-1,-1
99926009,2026-05-18 10:16:50+05:30,52901.5,0,0.0,0,0.0,0.0,53282.15,53308.4,52783.45,53710.35,0,0.0,0.0,0.0,0.0,-0.01,-1,-1,-0.01,-1,-1,-0.01,-1,-1,-0.01,-1,-1,-0.01,-1,-1,-0.01,-1,-1,-0.01,-1,-1,-0.01,-1,-1,-0.01,-1,-1,-0.01,-1,-1
99926009,2026-05-18 10:16:50+05:30,52899.55,0,0.0,0,0.0,0.0,53282.15,53308.4,52783.45,53710.35,0,0.0,0.0,0.0,0.0,-0.01,-1,-1,-0.01,-1,-1,-0.01,-1,-1,-0.01,-1,-1,-0.01,-1,-1,-0.01,-1,-1,-0.01,-1,-1,-0.01,-1,-1,-0.01,-1,-1,-0.01,-1,-1
99926009,2026-05-18 10:16:51+05:30,52901.7,0,0.0,0,0.0,0.0,53282.15,53308.4,52783.45,53710.35,0,0.0,0.0,0.0,0.0,-0.01,-1,-1,-0.01,-1,-1,-0.01,-1,-1,-0.01,-1,-1,-0.01,-1,-1,-0.01,-1,-1,-0.01,-1,-1,-0.01,-1,-1,-0.01,-1,-1,-0.01,-1,-1
99926009,2026-05-18 10:16:51+05:30,52905.7,0,0.0,0,0.0,0.0,53282.15,53308.4,52783.45,53710.35,0,0.0,0.0,0.0,0.0,-0.01,-1,-1,-0.01,-1,-1,-0.01,-1,-1,-0.01,-1,-1,-0.01,-1,-1,-0.01,-1,-1,-0.01,-1,-1,-0.01,-1,-1,-0.01,-1,-1,-0.01,-1,-1
99926009,2026-05-18 10:16:52+05:30,52904.3,0,0.0,0,0.0,0.0,53282.15,53308.4,52783.45,53710.35,0,0.0,0.0,0.0,0.0,-0.01,-1,-1,-0.01,-1,-1,-0.01,-1,-1,-0.01,-1,-1,-0.01,-1,-1,-0.01,-1,-1,-0.01,-1,-1,-0.01,-1,-1,-0.01,-1,-1,-0.01,-1,-1
99926009,2026-05-18 10:16:52+05:30,52903.4,0,0.0,0,0.0,0.0,53282.15,53308.4,52783.45,53710.35,0,0.0,0.0,0.0,0.0,-0.01,-1,-1,-0.01,-1,-1,-0.01,-1,-1,-0.01,-1,-1,-0.01,-1,-1,-0.01,-1,-1,-0.01,-1,-1,-0.01,-1,-1,-0.01,-1,-1,-0.01,-1,-1
99926009,2026-05-18 10:16:53+05:30,52904.0,0,0.0,0,0.0,0.0,53282.15,53308.4,52783.45,53710.35,0,0.0,0.0,0.0,0.0,-0.01,-1,-1,-0.01,-1,-1,-0.01,-1,-1,-0.01,-1,-1,-0.01,-1,-1,-0.01,-1,-1,-0.01,-1,-1,-0.01,-1,-1,-0.01,-1,-1,-0.01,-1,-1
99926009,2026-05-18 10:16:53+05:30,52903.9,0,0.0,0,0.0,0.0,53282.15,53308.4,52783.45,53710.35,0,0.0,0.0,0.0,0.0,-0.01,-1,-1,-0.01,-1,-1,-0.01,-1,-1,-0.01,-1,-1,-0.01,-1,-1,-0.01,-1,-1,-0.01,-1,-1,-0.01,-1,-1,-0.01,-1,-1,-0.01,-1,-1
99926009,2026-05-18 10:16:54+05:30,52904.55,0,0.0,0,0.0,0.0,53282.15,53308.4,52783.45,53710.35,0,0.0,0.0,0.0,0.0,-0.01,-1,-1,-0.01,-1,-1,-0.01,-1,-1,-0.01,-1,-1,-0.01,-1,-1,-0.01,-1,-1,-0.01,-1,-1,-0.01,-1,-1,-0.01,-1,-1,-0.01,-1,-1
99926009,2026-05-18 10:16:54+05:30,52904.0,0,0.0,0,0.0,0.0,53282.15,53308.4,52783.45,53710.35,0,0.0,0.0,0.0,0.0,-0.01,-1,-1,-0.01,-1,-1,-0.01,-1,-1,-0.01,-1,-1,-0.01,-1,-1,-0.01,-1,-1,-0.01,-1,-1,-0.01,-1,-1,-0.01,-1,-1,-0.01,-1,-1
99926009,2026-05-18 10:16:55+05:30,52906.35,0,0.0,0,0.0,0.0,53282.15,53308.4,52783.45,53710.35,0,0.0,0.0,0.0,0.0,-0.01,-1,-1,-0.01,-1,-1,-0.01,-1,-1,-0.01,-1,-1,-0.01,-1,-1,-0.01,-1,-1,-0.01,-1,-1,-0.01,-1,-1,-0.01,-1,-1,-0.01,-1,-1
99926009,2026-05-18 10:16:55+05:30,52903.8,0,0.0,0,0.0,0.0,53282.15,53308.4,52783.45,53710.35,0,0.0,0.0,0.0,0.0,-0.01,-1,-1,-0.01,-1,-1,-0.01,-1,-1,-0.01,-1,-1,-0.01,-1,-1,-0.01,-1,-1,-0.01,-1,-1,-0.01,-1,-1,-0.01,-1,-1,-0.01,-1,-1
99926009,2026-05-18 10:16:56+05:30,52904.4,0,0.0,0,0.0,0.0,53282.15,53308.4,52783.45,53710.35,0,0.0,0.0,0.0,0.0,-0.01,-1,-1,-0.01,-1,-1,-0.01,-1,-1,-0.01,-1,-1,-0.01,-1,-1,-0.01,-1,-1,-0.01,-1,-1,-0.01,-1,-1,-0.01,-1,-1,-0.01,-1,-1
99926009,2026-05-18 10:16:56+05:30,52904.85,0,0.0,0,0.0,0.0,53282.15,53308.4,52783.45,53710.35,0,0.0,0.0,0.0,0.0,-0.01,-1,-1,-0.01,-1,-1,-0.01,-1,-1,-0.01,-1,-1,-0.01,-1,-1,-0.01,-1,-1,-0.01,-1,-1,-0.01,-1,-1,-0.01,-1,-1,-0.01,-1,-1
99926009,2026-05-18 10:16:57+05:30,52906.35,0,0.0,0,0.0,0.0,53282.15,53308.4,52783.45,53710.35,0,0.0,0.0,0.0,0.0,-0.01,-1,-1,-0.01,-1,-1,-0.01,-1,-1,-0.01,-1,-1,-0.01,-1,-1,-0.01,-1,-1,-0.01,-1,-1,-0.01,-1,-1,-0.01,-1,-1,-0.01,-1,-1
99926009,2026-05-18 10:16:57+05:30,52909.15,0,0.0,0,0.0,0.0,53282.15,53308.4,52783.45,53710.35,0,0.0,0.0,0.0,0.0,-0.01,-1,-1,-0.01,-1,-1,-0.01,-1,-1,-0.01,-1,-1,-0.01,-1,-1,-0.01,-1,-1,-0.01,-1,-1,-0.01,-1,-1,-0.01,-1,-1,-0.01,-1,-1
99926009,2026-05-18 10:16:58+05:30,52909.8,0,0.0,0,0.0,0.0,53282.15,53308.4,52783.45,53710.35,0,0.0,0.0,0.0,0.0,-0.01,-1,-1,-0.01,-1,-1,-0.01,-1,-1,-0.01,-1,-1,-0.01,-1,-1,-0.01,-1,-1,-0.01,-1,-1,-0.01,-1,-1,-0.01,-1,-1,-0.01,-1,-1
99926009,2026-05-18 10:16:58+05:30,52908.25,0,0.0,0,0.0,0.0,53282.15,53308.4,52783.45,53710.35,0,0.0,0.0,0.0,0.0,-0.01,-1,-1,-0.01,-1,-1,-0.01,-1,-1,-0.01,-1,-1,-0.01,-1,-1,-0.01,-1,-1,-0.01,-1,-1,-0.01,-1,-1,-0.01,-1,-1,-0.01,-1,-1
99926009,2026-05-18 10:16:59+05:30,52909.9,0,0.0,0,0.0,0.0,53282.15,53308.4,52783.45,53710.35,0,0.0,0.0,0.0,0.0,-0.01,-1,-1,-0.01,-1,-1,-0.01,-1,-1,-0.01,-1,-1,-0.01,-1,-1,-0.01,-1,-1,-0.01,-1,-1,-0.01,-1,-1,-0.01,-1,-1,-0.01,-1,-1
99926009,2026-05-18 10:16:59+05:30,52909.1,0,0.0,0,0.0,0.0,53282.15,53308.4,52783.45,53710.35,0,0.0,0.0,0.0,0.0,-0.01,-1,-1,-0.01,-1,-1,-0.01,-1,-1,-0.01,-1,-1,-0.01,-1,-1,-0.01,-1,-1,-0.01,-1,-1,-0.01,-1,-1,-0.01,-1,-1,-0.01,-1,-1
99926009,2026-05-18 10:17:00+05:30,52910.65,0,0.0,0,0.0,0.0,53282.15,53308.4,52783.45,53710.35,0,0.0,0.0,0.0,0.0,-0.01,-1,-1,-0.01,-1,-1,-0.01,-1,-1,-0.01,-1,-1,-0.01,-1,-1,-0.01,-1,-1,-0.01,-1,-1,-0.01,-1,-1,-0.01,-1,-1,-0.01,-1,-1
99926009,2026-05-18 10:17:00+05:30,52909.3,0,0.0,0,0.0,0.0,53282.15,53308.4,52783.45,53710.35,0,0.0,0.0,0.0,0.0,-0.01,-1,-1,-0.01,-1,-1,-0.01,-1,-1,-0.01,-1,-1,-0.01,-1,-1,-0.01,-1,-1,-0.01,-1,-1,-0.01,-1,-1,-0.01,-1,-1,-0.01,-1,-1
99926009,2026-05-18 10:17:01+05:30,52910.0,0,0.0,0,0.0,0.0,53282.15,53308.4,52783.45,53710.35,0,0.0,0.0,0.0,0.0,-0.01,-1,-1,-0.01,-1,-1,-0.01,-1,-1,-0.01,-1,-1,-0.01,-1,-1,-0.01,-1,-1,-0.01,-1,-1,-0.01,-1,-1,-0.01,-1,-1,-0.01,-1,-1
99926009,2026-05-18 10:17:01+05:30,52910.35,0,0.0,0,0.0,0.0,53282.15,53308.4,52783.45,53710.35,0,0.0,0.0,0.0,0.0,-0.01,-1,-1,-0.01,-1,-1,-0.01,-1,-1,-0.01,-1,-1,-0.01,-1,-1,-0.01,-1,-1,-0.01,-1,-1,-0.01,-1,-1,-0.01,-1,-1,-0.01,-1,-1
99926009,2026-05-18 10:17:02+05:30,52909.65,0,0.0,0,0.0,0.0,53282.15,53308.4,52783.45,53710.35,0,0.0,0.0,0.0,0.0,-0.01,-1,-1,-0.01,-1,-1,-0.01,-1,-1,-0.01,-1,-1,-0.01,-1,-1,-0.01,-1,-1,-0.01,-1,-1,-0.01,-1,-1,-0.01,-1,-1,-0.01,-1,-1
99926009,2026-05-18 10:17:02+05:30,52912.0,0,0.0,0,0.0,0.0,53282.15,53308.4,52783.45,53710.35,0,0.0,0.0,0.0,0.0,-0.01,-1,-1,-0.01,-1,-1,-0.01,-1,-1,-0.01,-1,-1,-0.01,-1,-1,-0.01,-1,-1,-0.01,-1,-1,-0.01,-1,-1,-0.01,-1,-1,-0.01,-1,-1
99926009,2026-05-18 10:17:03+05:30,52913.35,0,0.0,0,0.0,0.0,53282.15,53308.4,52783.45,53710.35,0,0.0,0.0,0.0,0.0,-0.01,-1,-1,-0.01,-1,-1,-0.01,-1,-1,-0.01,-1,-1,-0.01,-1,-1,-0.01,-1,-1,-0.01,-1,-1,-0.01,-1,-1,-0.01,-1,-1,-0.01,-1,-1
99926009,2026-05-18 10:17:03+05:30,52914.8,0,0.0,0,0.0,0.0,53282.15,53308.4,52783.45,53710.35,0,0.0,0.0,0.0,0.0,-0.01,-1,-1,-0.01,-1,-1,-0.01,-1,-1,-0.01,-1,-1,-0.01,-1,-1,-0.01,-1,-1,-0.01,-1,-1,-0.01,-1,-1,-0.01,-1,-1,-0.01,-1,-1
99926009,2026-05-18 10:17:04+05:30,52914.6,0,0.0,0,0.0,0.0,53282.15,53308.4,52783.45,53710.35,0,0.0,0.0,0.0,0.0,-0.01,-1,-1,-0.01,-1,-1,-0.01,-1,-1,-0.01,-1,-1,-0.01,-1,-1,-0.01,-1,-1,-0.01,-1,-1,-0.01,-1,-1,-0.01,-1,-1,-0.01,-1,-1
99926009,2026-05-18 10:17:04+05:30,52913.45,0,0.0,0,0.0,0.0,53282.15,53308.4,52783.45,53710.35,0,0.0,0.0,0.0,0.0,-0.01,-1,-1,-0.01,-1,-1,-0.01,-1,-1,-0.01,-1,-1,-0.01,-1,-1,-0.01,-1,-1,-0.01,-1,-1,-0.01,-1,-1,-0.01,-1,-1,-0.01,-1,-1
99926009,2026-05-18 10:17:05+05:30,52918.9,0,0.0,0,0.0,0.0,53282.15,53308.4,52783.45,53710.35,0,0.0,0.0,0.0,0.0,-0.01,-1,-1,-0.01,-1,-1,-0.01,-1,-1,-0.01,-1,-1,-0.01,-1,-1,-0.01,-1,-1,-0.01,-1,-1,-0.01,-1,-1,-0.01,-1,-1,-0.01,-1,-1
99926009,2026-05-18 10:17:05+05:30,52913.9,0,0.0,0,0.0,0.0,53282.15,53308.4,52783.45,53710.35,0,0.0,0.0,0.0,0.0,-0.01,-1,-1,-0.01,-1,-1,-0.01,-1,-1,-0.01,-1,-1,-0.01,-1,-1,-0.01,-1,-1,-0.01,-1,-1,-0.01,-1,-1,-0.01,-1,-1,-0.01,-1,-1
99926009,2026-05-18 10:17:06+05:30,52915.2,0,0.0,0,0.0,0.0,53282.15,53308.4,52783.45,53710.35,0,0.0,0.0,0.0,0.0,-0.01,-1,-1,-0.01,-1,-1,-0.01,-1,-1,-0.01,-1,-1,-0.01,-1,-1,-0.01,-1,-1,-0.01,-1,-1,-0.01,-1,-1,-0.01,-1,-1,-0.01,-1,-1
99926009,2026-05-18 10:17:06+05:30,52914.55,0,0.0,0,0.0,0.0,53282.15,53308.4,52783.45,53710.35,0,0.0,0.0,0.0,0.0,-0.01,-1,-1,-0.01,-1,-1,-0.01,-1,-1,-0.01,-1,-1,-0.01,-1,-1,-0.01,-1,-1,-0.01,-1,-1,-0.01,-1,-1,-0.01,-1,-1,-0.01,-1,-1
99926009,2026-05-18 10:17:07+05:30,52917.55,0,0.0,0,0.0,0.0,53282.15,53308.4,52783.45,53710.35,0,0.0,0.0,0.0,0.0,-0.01,-1,-1,-0.01,-1,-1,-0.01,-1,-1,-0.01,-1,-1,-0.01,-1,-1,-0.01,-1,-1,-0.01,-1,-1,-0.01,-1,-1,-0.01,-1,-1,-0.01,-1,-1
99926009,2026-05-18 10:17:07+05:30,52916.7,0,0.0,0,0.0,0.0,53282.15,53308.4,52783.45,53710.35,0,0.0,0.0,0.0,0.0,-0.01,-1,-1,-0.01,-1,-1,-0.01,-1,-1,-0.01,-1,-1,-0.01,-1,-1,-0.01,-1,-1,-0.01,-1,-1,-0.01,-1,-1,-0.01,-1,-1,-0.01,-1,-1
99926009,2026-05-18 10:17:08+05:30,52914.45,0,0.0,0,0.0,0.0,53282.15,53308.4,52783.45,53710.35,0,0.0,0.0,0.0,0.0,-0.01,-1,-1,-0.01,-1,-1,-0.01,-1,-1,-0.01,-1,-1,-0.01,-1,-1,-0.01,-1,-1,-0.01,-1,-1,-0.01,-1,-1,-0.01,-1,-1,-0.01,-1,-1
99926009,2026-05-18 10:17:08+05:30,52914.45,0,0.0,0,0.0,0.0,53282.15,53308.4,52783.45,53710.35,0,0.0,0.0,0.0,0.0,-0.01,-1,-1,-0.01,-1,-1,-0.01,-1,-1,-0.01,-1,-1,-0.01,-1,-1,-0.01,-1,-1,-0.01,-1,-1,-0.01,-1,-1,-0.01,-1,-1,-0.01,-1,-1
99926009,2026-05-18 10:17:09+05:30,52914.7,0,0.0,0,0.0,0.0,53282.15,53308.4,52783.45,53710.35,0,0.0,0.0,0.0,0.0,-0.01,-1,-1,-0.01,-1,-1,-0.01,-1,-1,-0.01,-1,-1,-0.01,-1,-1,-0.01,-1,-1,-0.01,-1,-1,-0.01,-1,-1,-0.01,-1,-1,-0.01,-1,-1
99926009,2026-05-18 10:17:09+05:30,52913.55,0,0.0,0,0.0,0.0,53282.15,53308.4,52783.45,53710.35,0,0.0,0.0,0.0,0.0,-0.01,-1,-1,-0.01,-1,-1,-0.01,-1,-1,-0.01,-1,-1,-0.01,-1,-1,-0.01,-1,-1,-0.01,-1,-1,-0.01,-1,-1,-0.01,-1,-1,-0.01,-1,-1
99926009,2026-05-18 10:17:10+05:30,52914.75,0,0.0,0,0.0,0.0,53282.15,53308.4,52783.45,53710.35,0,0.0,0.0,0.0,0.0,-0.01,-1,-1,-0.01,-1,-1,-0.01,-1,-1,-0.01,-1,-1,-0.01,-1,-1,-0.01,-1,-1,-0.01,-1,-1,-0.01,-1,-1,-0.01,-1,-1,-0.01,-1,-1
99926009,2026-05-18 10:17:10+05:30,52914.95,0,0.0,0,0.0,0.0,53282.15,53308.4,52783.45,53710.35,0,0.0,0.0,0.0,0.0,-0.01,-1,-1,-0.01,-1,-1,-0.01,-1,-1,-0.01,-1,-1,-0.01,-1,-1,-0.01,-1,-1,-0.01,-1,-1,-0.01,-1,-1,-0.01,-1,-1,-0.01,-1,-1
99926009,2026-05-18 10:17:11+05:30,52917.05,0,0.0,0,0.0,0.0,53282.15,53308.4,52783.45,53710.35,0,0.0,0.0,0.0,0.0,-0.01,-1,-1,-0.01,-1,-1,-0.01,-1,-1,-0.01,-1,-1,-0.01,-1,-1,-0.01,-1,-1,-0.01,-1,-1,-0.01,-1,-1,-0.01,-1,-1,-0.01,-1,-1
99926009,2026-05-18 10:17:11+05:30,52922.25,0,0.0,0,0.0,0.0,53282.15,53308.4,52783.45,53710.35,0,0.0,0.0,0.0,0.0,-0.01,-1,-1,-0.01,-1,-1,-0.01,-1,-1,-0.01,-1,-1,-0.01,-1,-1,-0.01,-1,-1,-0.01,-1,-1,-0.01,-1,-1,-0.01,-1,-1,-0.01,-1,-1
99926009,2026-05-18 10:17:12+05:30,52927.4,0,0.0,0,0.0,0.0,53282.15,53308.4,52783.45,53710.35,0,0.0,0.0,0.0,0.0,-0.01,-1,-1,-0.01,-1,-1,-0.01,-1,-1,-0.01,-1,-1,-0.01,-1,-1,-0.01,-1,-1,-0.01,-1,-1,-0.01,-1,-1,-0.01,-1,-1,-0.01,-1,-1
99926009,2026-05-18 10:17:12+05:30,52931.3,0,0.0,0,0.0,0.0,53282.15,53308.4,52783.45,53710.35,0,0.0,0.0,0.0,0.0,-0.01,-1,-1,-0.01,-1,-1,-0.01,-1,-1,-0.01,-1,-1,-0.01,-1,-1,-0.01,-1,-1,-0.01,-1,-1,-0.01,-1,-1,-0.01,-1,-1,-0.01,-1,-1
99926009,2026-05-18 10:17:13+05:30,52932.2,0,0.0,0,0.0,0.0,53282.15,53308.4,52783.45,53710.35,0,0.0,0.0,0.0,0.0,-0.01,-1,-1,-0.01,-1,-1,-0.01,-1,-1,-0.01,-1,-1,-0.01,-1,-1,-0.01,-1,-1,-0.01,-1,-1,-0.01,-1,-1,-0.01,-1,-1,-0.01,-1,-1
99926009,2026-05-18 10:17:13+05:30,52931.45,0,0.0,0,0.0,0.0,53282.15,53308.4,52783.45,53710.35,0,0.0,0.0,0.0,0.0,-0.01,-1,-1,-0.01,-1,-1,-0.01,-1,-1,-0.01,-1,-1,-0.01,-1,-1,-0.01,-1,-1,-0.01,-1,-1,-0.01,-1,-1,-0.01,-1,-1,-0.01,-1,-1
99926009,2026-05-18 10:17:14+05:30,52931.4,0,0.0,0,0.0,0.0,53282.15,53308.4,52783.45,53710.35,0,0.0,0.0,0.0,0.0,-0.01,-1,-1,-0.01,-1,-1,-0.01,-1,-1,-0.01,-1,-1,-0.01,-1,-1,-0.01,-1,-1,-0.01,-1,-1,-0.01,-1,-1,-0.01,-1,-1,-0.01,-1,-1
99926009,2026-05-18 10:17:14+05:30,52931.45,0,0.0,0,0.0,0.0,53282.15,53308.4,52783.45,53710.35,0,0.0,0.0,0.0,0.0,-0.01,-1,-1,-0.01,-1,-1,-0.01,-1,-1,-0.01,-1,-1,-0.01,-1,-1,-0.01,-1,-1,-0.01,-1,-1,-0.01,-1,-1,-0.01,-1,-1,-0.01,-1,-1
99926009,2026-05-18 10:17:15+05:30,52933.35,0,0.0,0,0.0,0.0,53282.15,53308.4,52783.45,53710.35,0,0.0,0.0,0.0,0.0,-0.01,-1,-1,-0.01,-1,-1,-0.01,-1,-1,-0.01,-1,-1,-0.01,-1,-1,-0.01,-1,-1,-0.01,-1,-1,-0.01,-1,-1,-0.01,-1,-1,-0.01,-1,-1
99926009,2026-05-18 10:17:15+05:30,52932.25,0,0.0,0,0.0,0.0,53282.15,53308.4,52783.45,53710.35,0,0.0,0.0,0.0,0.0,-0.01,-1,-1,-0.01,-1,-1,-0.01,-1,-1,-0.01,-1,-1,-0.01,-1,-1,-0.01,-1,-1,-0.01,-1,-1,-0.01,-1,-1,-0.01,-1,-1,-0.01,-1,-1
99926009,2026-05-18 10:17:16+05:30,52935.4,0,0.0,0,0.0,0.0,53282.15,53308.4,52783.45,53710.35,0,0.0,0.0,0.0,0.0,-0.01,-1,-1,-0.01,-1,-1,-0.01,-1,-1,-0.01,-1,-1,-0.01,-1,-1,-0.01,-1,-1,-0.01,-1,-1,-0.01,-1,-1,-0.01,-1,-1,-0.01,-1,-1
99926009,2026-05-18 10:17:16+05:30,52936.3,0,0.0,0,0.0,0.0,53282.15,53308.4,52783.45,53710.35,0,0.0,0.0,0.0,0.0,-0.01,-1,-1,-0.01,-1,-1,-0.01,-1,-1,-0.01,-1,-1,-0.01,-1,-1,-0.01,-1,-1,-0.01,-1,-1,-0.01,-1,-1,-0.01,-1,-1,-0.01,-1,-1
99926009,2026-05-18 10:17:17+05:30,52935.75,0,0.0,0,0.0,0.0,53282.15,53308.4,52783.45,53710.35,0,0.0,0.0,0.0,0.0,-0.01,-1,-1,-0.01,-1,-1,-0.01,-1,-1,-0.01,-1,-1,-0.01,-1,-1,-0.01,-1,-1,-0.01,-1,-1,-0.01,-1,-1,-0.01,-1,-1,-0.01,-1,-1
99926009,2026-05-18 10:17:17+05:30,52936.4,0,0.0,0,0.0,0.0,53282.15,53308.4,52783.45,53710.35,0,0.0,0.0,0.0,0.0,-0.01,-1,-1,-0.01,-1,-1,-0.01,-1,-1,-0.01,-1,-1,-0.01,-1,-1,-0.01,-1,-1,-0.01,-1,-1,-0.01,-1,-1,-0.01,-1,-1,-0.01,-1,-1
99926009,2026-05-18 10:17:18+05:30,52933.2,0,0.0,0,0.0,0.0,53282.15,53308.4,52783.45,53710.35,0,0.0,0.0,0.0,0.0,-0.01,-1,-1,-0.01,-1,-1,-0.01,-1,-1,-0.01,-1,-1,-0.01,-1,-1,-0.01,-1,-1,-0.01,-1,-1,-0.01,-1,-1,-0.01,-1,-1,-0.01,-1,-1
99926009,2026-05-18 10:17:18+05:30,52934.4,0,0.0,0,0.0,0.0,53282.15,53308.4,52783.45,53710.35,0,0.0,0.0,0.0,0.0,-0.01,-1,-1,-0.01,-1,-1,-0.01,-1,-1,-0.01,-1,-1,-0.01,-1,-1,-0.01,-1,-1,-0.01,-1,-1,-0.01,-1,-1,-0.01,-1,-1,-0.01,-1,-1
99926009,2026-05-18 10:17:19+05:30,52935.0,0,0.0,0,0.0,0.0,53282.15,53308.4,52783.45,53710.35,0,0.0,0.0,0.0,0.0,-0.01,-1,-1,-0.01,-1,-1,-0.01,-1,-1,-0.01,-1,-1,-0.01,-1,-1,-0.01,-1,-1,-0.01,-1,-1,-0.01,-1,-1,-0.01,-1,-1,-0.01,-1,-1
99926009,2026-05-18 10:17:19+05:30,52934.2,0,0.0,0,0.0,0.0,53282.15,53308.4,52783.45,53710.35,0,0.0,0.0,0.0,0.0,-0.01,-1,-1,-0.01,-1,-1,-0.01,-1,-1,-0.01,-1,-1,-0.01,-1,-1,-0.01,-1,-1,-0.01,-1,-1,-0.01,-1,-1,-0.01,-1,-1,-0.01,-1,-1
99926009,2026-05-18 10:17:20+05:30,52934.65,0,0.0,0,0.0,0.0,53282.15,53308.4,52783.45,53710.35,0,0.0,0.0,0.0,0.0,-0.01,-1,-1,-0.01,-1,-1,-0.01,-1,-1,-0.01,-1,-1,-0.01,-1,-1,-0.01,-1,-1,-0.01,-1,-1,-0.01,-1,-1,-0.01,-1,-1,-0.01,-1,-1
99926009,2026-05-18 10:17:20+05:30,52937.25,0,0.0,0,0.0,0.0,53282.15,53308.4,52783.45,53710.35,0,0.0,0.0,0.0,0.0,-0.01,-1,-1,-0.01,-1,-1,-0.01,-1,-1,-0.01,-1,-1,-0.01,-1,-1,-0.01,-1,-1,-0.01,-1,-1,-0.01,-1,-1,-0.01,-1,-1,-0.01,-1,-1
99926009,2026-05-18 10:17:21+05:30,52935.9,0,0.0,0,0.0,0.0,53282.15,53308.4,52783.45,53710.35,0,0.0,0.0,0.0,0.0,-0.01,-1,-1,-0.01,-1,-1,-0.01,-1,-1,-0.01,-1,-1,-0.01,-1,-1,-0.01,-1,-1,-0.01,-1,-1,-0.01,-1,-1,-0.01,-1,-1,-0.01,-1,-1
99926009,2026-05-18 10:17:21+05:30,52936.9,0,0.0,0,0.0,0.0,53282.15,53308.4,52783.45,53710.35,0,0.0,0.0,0.0,0.0,-0.01,-1,-1,-0.01,-1,-1,-0.01,-1,-1,-0.01,-1,-1,-0.01,-1,-1,-0.01,-1,-1,-0.01,-1,-1,-0.01,-1,-1,-0.01,-1,-1,-0.01,-1,-1
99926009,2026-05-18 10:17:22+05:30,52936.05,0,0.0,0,0.0,0.0,53282.15,53308.4,52783.45,53710.35,0,0.0,0.0,0.0,0.0,-0.01,-1,-1,-0.01,-1,-1,-0.01,-1,-1,-0.01,-1,-1,-0.01,-1,-1,-0.01,-1,-1,-0.01,-1,-1,-0.01,-1,-1,-0.01,-1,-1,-0.01,-1,-1
99926009,2026-05-18 10:17:22+05:30,52936.8,0,0.0,0,0.0,0.0,53282.15,53308.4,52783.45,53710.35,0,0.0,0.0,0.0,0.0,-0.01,-1,-1,-0.01,-1,-1,-0.01,-1,-1,-0.01,-1,-1,-0.01,-1,-1,-0.01,-1,-1,-0.01,-1,-1,-0.01,-1,-1,-0.01,-1,-1,-0.01,-1,-1
99926009,2026-05-18 10:17:23+05:30,52935.15,0,0.0,0,0.0,0.0,53282.15,53308.4,52783.45,53710.35,0,0.0,0.0,0.0,0.0,-0.01,-1,-1,-0.01,-1,-1,-0.01,-1,-1,-0.01,-1,-1,-0.01,-1,-1,-0.01,-1,-1,-0.01,-1,-1,-0.01,-1,-1,-0.01,-1,-1,-0.01,-1,-1
99926009,2026-05-18 10:17:23+05:30,52937.05,0,0.0,0,0.0,0.0,53282.15,53308.4,52783.45,53710.35,0,0.0,0.0,0.0,0.0,-0.01,-1,-1,-0.01,-1,-1,-0.01,-1,-1,-0.01,-1,-1,-0.01,-1,-1,-0.01,-1,-1,-0.01,-1,-1,-0.01,-1,-1,-0.01,-1,-1,-0.01,-1,-1
99926009,2026-05-18 10:17:24+05:30,52938.95,0,0.0,0,0.0,0.0,53282.15,53308.4,52783.45,53710.35,0,0.0,0.0,0.0,0.0,-0.01,-1,-1,-0.01,-1,-1,-0.01,-1,-1,-0.01,-1,-1,-0.01,-1,-1,-0.01,-1,-1,-0.01,-1,-1,-0.01,-1,-1,-0.01,-1,-1,-0.01,-1,-1
99926009,2026-05-18 10:17:24+05:30,52939.2,0,0.0,0,0.0,0.0,53282.15,53308.4,52783.45,53710.35,0,0.0,0.0,0.0,0.0,-0.01,-1,-1,-0.01,-1,-1,-0.01,-1,-1,-0.01,-1,-1,-0.01,-1,-1,-0.01,-1,-1,-0.01,-1,-1,-0.01,-1,-1,-0.01,-1,-1,-0.01,-1,-1
99926009,2026-05-18 10:17:25+05:30,52941.9,0,0.0,0,0.0,0.0,53282.15,53308.4,52783.45,53710.35,0,0.0,0.0,0.0,0.0,-0.01,-1,-1,-0.01,-1,-1,-0.01,-1,-1,-0.01,-1,-1,-0.01,-1,-1,-0.01,-1,-1,-0.01,-1,-1,-0.01,-1,-1,-0.01,-1,-1,-0.01,-1,-1
99926009,2026-05-18 10:17:25+05:30,52939.55,0,0.0,0,0.0,0.0,53282.15,53308.4,52783.45,53710.35,0,0.0,0.0,0.0,0.0,-0.01,-1,-1,-0.01,-1,-1,-0.01,-1,-1,-0.01,-1,-1,-0.01,-1,-1,-0.01,-1,-1,-0.01,-1,-1,-0.01,-1,-1,-0.01,-1,-1,-0.01,-1,-1
99926009,2026-05-18 10:17:26+05:30,52940.85,0,0.0,0,0.0,0.0,53282.15,53308.4,52783.45,53710.35,0,0.0,0.0,0.0,0.0,-0.01,-1,-1,-0.01,-1,-1,-0.01,-1,-1,-0.01,-1,-1,-0.01,-1,-1,-0.01,-1,-1,-0.01,-1,-1,-0.01,-1,-1,-0.01,-1,-1,-0.01,-1,-1
99926009,2026-05-18 10:17:26+05:30,52938.05,0,0.0,0,0.0,0.0,53282.15,53308.4,52783.45,53710.35,0,0.0,0.0,0.0,0.0,-0.01,-1,-1,-0.01,-1,-1,-0.01,-1,-1,-0.01,-1,-1,-0.01,-1,-1,-0.01,-1,-1,-0.01,-1,-1,-0.01,-1,-1,-0.01,-1,-1,-0.01,-1,-1
99926009,2026-05-18 10:17:27+05:30,52939.1,0,0.0,0,0.0,0.0,53282.15,53308.4,52783.45,53710.35,0,0.0,0.0,0.0,0.0,-0.01,-1,-1,-0.01,-1,-1,-0.01,-1,-1,-0.01,-1,-1,-0.01,-1,-1,-0.01,-1,-1,-0.01,-1,-1,-0.01,-1,-1,-0.01,-1,-1,-0.01,-1,-1
99926009,2026-05-18 10:17:27+05:30,52938.45,0,0.0,0,0.0,0.0,53282.15,53308.4,52783.45,53710.35,0,0.0,0.0,0.0,0.0,-0.01,-1,-1,-0.01,-1,-1,-0.01,-1,-1,-0.01,-1,-1,-0.01,-1,-1,-0.01,-1,-1,-0.01,-1,-1,-0.01,-1,-1,-0.01,-1,-1,-0.01,-1,-1
99926009,2026-05-18 10:17:28+05:30,52938.45,0,0.0,0,0.0,0.0,53282.15,53308.4,52783.45,53710.35,0,0.0,0.0,0.0,0.0,-0.01,-1,-1,-0.01,-1,-1,-0.01,-1,-1,-0.01,-1,-1,-0.01,-1,-1,-0.01,-1,-1,-0.01,-1,-1,-0.01,-1,-1,-0.01,-1,-1,-0.01,-1,-1
99926009,2026-05-18 10:17:28+05:30,52937.85,0,0.0,0,0.0,0.0,53282.15,53308.4,52783.45,53710.35,0,0.0,0.0,0.0,0.0,-0.01,-1,-1,-0.01,-1,-1,-0.01,-1,-1,-0.01,-1,-1,-0.01,-1,-1,-0.01,-1,-1,-0.01,-1,-1,-0.01,-1,-1,-0.01,-1,-1,-0.01,-1,-1
99926009,2026-05-18 10:17:29+05:30,52940.5,0,0.0,0,0.0,0.0,53282.15,53308.4,52783.45,53710.35,0,0.0,0.0,0.0,0.0,-0.01,-1,-1,-0.01,-1,-1,-0.01,-1,-1,-0.01,-1,-1,-0.01,-1,-1,-0.01,-1,-1,-0.01,-1,-1,-0.01,-1,-1,-0.01,-1,-1,-0.01,-1,-1
99926009,2026-05-18 10:17:29+05:30,52941.1,0,0.0,0,0.0,0.0,53282.15,53308.4,52783.45,53710.35,0,0.0,0.0,0.0,0.0,-0.01,-1,-1,-0.01,-1,-1,-0.01,-1,-1,-0.01,-1,-1,-0.01,-1,-1,-0.01,-1,-1,-0.01,-1,-1,-0.01,-1,-1,-0.01,-1,-1,-0.01,-1,-1
99926009,2026-05-18 10:17:30+05:30,52942.7,0,0.0,0,0.0,0.0,53282.15,53308.4,52783.45,53710.35,0,0.0,0.0,0.0,0.0,-0.01,-1,-1,-0.01,-1,-1,-0.01,-1,-1,-0.01,-1,-1,-0.01,-1,-1,-0.01,-1,-1,-0.01,-1,-1,-0.01,-1,-1,-0.01,-1,-1,-0.01,-1,-1
99926009,2026-05-18 10:17:30+05:30,52943.0,0,0.0,0,0.0,0.0,53282.15,53308.4,52783.45,53710.35,0,0.0,0.0,0.0,0.0,-0.01,-1,-1,-0.01,-1,-1,-0.01,-1,-1,-0.01,-1,-1,-0.01,-1,-1,-0.01,-1,-1,-0.01,-1,-1,-0.01,-1,-1,-0.01,-1,-1,-0.01,-1,-1
99926009,2026-05-18 10:17:31+05:30,52942.75,0,0.0,0,0.0,0.0,53282.15,53308.4,52783.45,53710.35,0,0.0,0.0,0.0,0.0,-0.01,-1,-1,-0.01,-1,-1,-0.01,-1,-1,-0.01,-1,-1,-0.01,-1,-1,-0.01,-1,-1,-0.01,-1,-1,-0.01,-1,-1,-0.01,-1,-1,-0.01,-1,-1
99926009,2026-05-18 10:17:31+05:30,52944.25,0,0.0,0,0.0,0.0,53282.15,53308.4,52783.45,53710.35,0,0.0,0.0,0.0,0.0,-0.01,-1,-1,-0.01,-1,-1,-0.01,-1,-1,-0.01,-1,-1,-0.01,-1,-1,-0.01,-1,-1,-0.01,-1,-1,-0.01,-1,-1,-0.01,-1,-1,-0.01,-1,-1
99926009,2026-05-18 10:17:32+05:30,52943.65,0,0.0,0,0.0,0.0,53282.15,53308.4,52783.45,53710.35,0,0.0,0.0,0.0,0.0,-0.01,-1,-1,-0.01,-1,-1,-0.01,-1,-1,-0.01,-1,-1,-0.01,-1,-1,-0.01,-1,-1,-0.01,-1,-1,-0.01,-1,-1,-0.01,-1,-1,-0.01,-1,-1
99926009,2026-05-18 10:17:32+05:30,52945.95,0,0.0,0,0.0,0.0,53282.15,53308.4,52783.45,53710.35,0,0.0,0.0,0.0,0.0,-0.01,-1,-1,-0.01,-1,-1,-0.01,-1,-1,-0.01,-1,-1,-0.01,-1,-1,-0.01,-1,-1,-0.01,-1,-1,-0.01,-1,-1,-0.01,-1,-1,-0.01,-1,-1
99926009,2026-05-18 10:17:33+05:30,52942.65,0,0.0,0,0.0,0.0,53282.15,53308.4,52783.45,53710.35,0,0.0,0.0,0.0,0.0,-0.01,-1,-1,-0.01,-1,-1,-0.01,-1,-1,-0.01,-1,-1,-0.01,-1,-1,-0.01,-1,-1,-0.01,-1,-1,-0.01,-1,-1,-0.01,-1,-1,-0.01,-1,-1
99926009,2026-05-18 10:17:33+05:30,52944.35,0,0.0,0,0.0,0.0,53282.15,53308.4,52783.45,53710.35,0,0.0,0.0,0.0,0.0,-0.01,-1,-1,-0.01,-1,-1,-0.01,-1,-1,-0.01,-1,-1,-0.01,-1,-1,-0.01,-1,-1,-0.01,-1,-1,-0.01,-1,-1,-0.01,-1,-1,-0.01,-1,-1
99926009,2026-05-18 10:17:34+05:30,52947.35,0,0.0,0,0.0,0.0,53282.15,53308.4,52783.45,53710.35,0,0.0,0.0,0.0,0.0,-0.01,-1,-1,-0.01,-1,-1,-0.01,-1,-1,-0.01,-1,-1,-0.01,-1,-1,-0.01,-1,-1,-0.01,-1,-1,-0.01,-1,-1,-0.01,-1,-1,-0.01,-1,-1
99926009,2026-05-18 10:17:34+05:30,52942.45,0,0.0,0,0.0,0.0,53282.15,53308.4,52783.45,53710.35,0,0.0,0.0,0.0,0.0,-0.01,-1,-1,-0.01,-1,-1,-0.01,-1,-1,-0.01,-1,-1,-0.01,-1,-1,-0.01,-1,-1,-0.01,-1,-1,-0.01,-1,-1,-0.01,-1,-1,-0.01,-1,-1
99926009,2026-05-18 10:17:35+05:30,52944.3,0,0.0,0,0.0,0.0,53282.15,53308.4,52783.45,53710.35,0,0.0,0.0,0.0,0.0,-0.01,-1,-1,-0.01,-1,-1,-0.01,-1,-1,-0.01,-1,-1,-0.01,-1,-1,-0.01,-1,-1,-0.01,-1,-1,-0.01,-1,-1,-0.01,-1,-1,-0.01,-1,-1
99926009,2026-05-18 10:17:35+05:30,52946.55,0,0.0,0,0.0,0.0,53282.15,53308.4,52783.45,53710.35,0,0.0,0.0,0.0,0.0,-0.01,-1,-1,-0.01,-1,-1,-0.01,-1,-1,-0.01,-1,-1,-0.01,-1,-1,-0.01,-1,-1,-0.01,-1,-1,-0.01,-1,-1,-0.01,-1,-1,-0.01,-1,-1
99926009,2026-05-18 10:17:36+05:30,52942.45,0,0.0,0,0.0,0.0,53282.15,53308.4,52783.45,53710.35,0,0.0,0.0,0.0,0.0,-0.01,-1,-1,-0.01,-1,-1,-0.01,-1,-1,-0.01,-1,-1,-0.01,-1,-1,-0.01,-1,-1,-0.01,-1,-1,-0.01,-1,-1,-0.01,-1,-1,-0.01,-1,-1
99926009,2026-05-18 10:17:36+05:30,52944.4,0,0.0,0,0.0,0.0,53282.15,53308.4,52783.45,53710.35,0,0.0,0.0,0.0,0.0,-0.01,-1,-1,-0.01,-1,-1,-0.01,-1,-1,-0.01,-1,-1,-0.01,-1,-1,-0.01,-1,-1,-0.01,-1,-1,-0.01,-1,-1,-0.01,-1,-1,-0.01,-1,-1
99926009,2026-05-18 10:17:37+05:30,52942.25,0,0.0,0,0.0,0.0,53282.15,53308.4,52783.45,53710.35,0,0.0,0.0,0.0,0.0,-0.01,-1,-1,-0.01,-1,-1,-0.01,-1,-1,-0.01,-1,-1,-0.01,-1,-1,-0.01,-1,-1,-0.01,-1,-1,-0.01,-1,-1,-0.01,-1,-1,-0.01,-1,-1
99926009,2026-05-18 10:17:37+05:30,52945.15,0,0.0,0,0.0,0.0,53282.15,53308.4,52783.45,53710.35,0,0.0,0.0,0.0,0.0,-0.01,-1,-1,-0.01,-1,-1,-0.01,-1,-1,-0.01,-1,-1,-0.01,-1,-1,-0.01,-1,-1,-0.01,-1,-1,-0.01,-1,-1,-0.01,-1,-1,-0.01,-1,-1
99926009,2026-05-18 10:17:38+05:30,52942.8,0,0.0,0,0.0,0.0,53282.15,53308.4,52783.45,53710.35,0,0.0,0.0,0.0,0.0,-0.01,-1,-1,-0.01,-1,-1,-0.01,-1,-1,-0.01,-1,-1,-0.01,-1,-1,-0.01,-1,-1,-0.01,-1,-1,-0.01,-1,-1,-0.01,-1,-1,-0.01,-1,-1
99926009,2026-05-18 10:17:38+05:30,52942.35,0,0.0,0,0.0,0.0,53282.15,53308.4,52783.45,53710.35,0,0.0,0.0,0.0,0.0,-0.01,-1,-1,-0.01,-1,-1,-0.01,-1,-1,-0.01,-1,-1,-0.01,-1,-1,-0.01,-1,-1,-0.01,-1,-1,-0.01,-1,-1,-0.01,-1,-1,-0.01,-1,-1
99926009,2026-05-18 10:17:39+05:30,52941.7,0,0.0,0,0.0,0.0,53282.15,53308.4,52783.45,53710.35,0,0.0,0.0,0.0,0.0,-0.01,-1,-1,-0.01,-1,-1,-0.01,-1,-1,-0.01,-1,-1,-0.01,-1,-1,-0.01,-1,-1,-0.01,-1,-1,-0.01,-1,-1,-0.01,-1,-1,-0.01,-1,-1
99926009,2026-05-18 10:17:39+05:30,52944.4,0,0.0,0,0.0,0.0,53282.15,53308.4,52783.45,53710.35,0,0.0,0.0,0.0,0.0,-0.01,-1,-1,-0.01,-1,-1,-0.01,-1,-1,-0.01,-1,-1,-0.01,-1,-1,-0.01,-1,-1,-0.01,-1,-1,-0.01,-1,-1,-0.01,-1,-1,-0.01,-1,-1
99926009,2026-05-18 10:17:40+05:30,52946.1,0,0.0,0,0.0,0.0,53282.15,53308.4,52783.45,53710.35,0,0.0,0.0,0.0,0.0,-0.01,-1,-1,-0.01,-1,-1,-0.01,-1,-1,-0.01,-1,-1,-0.01,-1,-1,-0.01,-1,-1,-0.01,-1,-1,-0.01,-1,-1,-0.01,-1,-1,-0.01,-1,-1
99926009,2026-05-18 10:17:40+05:30,52946.8,0,0.0,0,0.0,0.0,53282.15,53308.4,52783.45,53710.35,0,0.0,0.0,0.0,0.0,-0.01,-1,-1,-0.01,-1,-1,-0.01,-1,-1,-0.01,-1,-1,-0.01,-1,-1,-0.01,-1,-1,-0.01,-1,-1,-0.01,-1,-1,-0.01,-1,-1,-0.01,-1,-1
99926009,2026-05-18 10:17:41+05:30,52943.5,0,0.0,0,0.0,0.0,53282.15,53308.4,52783.45,53710.35,0,0.0,0.0,0.0,0.0,-0.01,-1,-1,-0.01,-1,-1,-0.01,-1,-1,-0.01,-1,-1,-0.01,-1,-1,-0.01,-1,-1,-0.01,-1,-1,-0.01,-1,-1,-0.01,-1,-1,-0.01,-1,-1
99926009,2026-05-18 10:17:41+05:30,52946.35,0,0.0,0,0.0,0.0,53282.15,53308.4,52783.45,53710.35,0,0.0,0.0,0.0,0.0,-0.01,-1,-1,-0.01,-1,-1,-0.01,-1,-1,-0.01,-1,-1,-0.01,-1,-1,-0.01,-1,-1,-0.01,-1,-1,-0.01,-1,-1,-0.01,-1,-1,-0.01,-1,-1
99926009,2026-05-18 10:17:42+05:30,52947.9,0,0.0,0,0.0,0.0,53282.15,53308.4,52783.45,53710.35,0,0.0,0.0,0.0,0.0,-0.01,-1,-1,-0.01,-1,-1,-0.01,-1,-1,-0.01,-1,-1,-0.01,-1,-1,-0.01,-1,-1,-0.01,-1,-1,-0.01,-1,-1,-0.01,-1,-1,-0.01,-1,-1
99926009,2026-05-18 10:17:42+05:30,52949.0,0,0.0,0,0.0,0.0,53282.15,53308.4,52783.45,53710.35,0,0.0,0.0,0.0,0.0,-0.01,-1,-1,-0.01,-1,-1,-0.01,-1,-1,-0.01,-1,-1,-0.01,-1,-1,-0.01,-1,-1,-0.01,-1,-1,-0.01,-1,-1,-0.01,-1,-1,-0.01,-1,-1
99926009,2026-05-18 10:17:43+05:30,52948.9,0,0.0,0,0.0,0.0,53282.15,53308.4,52783.45,53710.35,0,0.0,0.0,0.0,0.0,-0.01,-1,-1,-0.01,-1,-1,-0.01,-1,-1,-0.01,-1,-1,-0.01,-1,-1,-0.01,-1,-1,-0.01,-1,-1,-0.01,-1,-1,-0.01,-1,-1,-0.01,-1,-1
99926009,2026-05-18 10:17:43+05:30,52949.55,0,0.0,0,0.0,0.0,53282.15,53308.4,52783.45,53710.35,0,0.0,0.0,0.0,0.0,-0.01,-1,-1,-0.01,-1,-1,-0.01,-1,-1,-0.01,-1,-1,-0.01,-1,-1,-0.01,-1,-1,-0.01,-1,-1,-0.01,-1,-1,-0.01,-1,-1,-0.01,-1,-1
99926009,2026-05-18 10:17:44+05:30,52949.6,0,0.0,0,0.0,0.0,53282.15,53308.4,52783.45,53710.35,0,0.0,0.0,0.0,0.0,-0.01,-1,-1,-0.01,-1,-1,-0.01,-1,-1,-0.01,-1,-1,-0.01,-1,-1,-0.01,-1,-1,-0.01,-1,-1,-0.01,-1,-1,-0.01,-1,-1,-0.01,-1,-1
99926009,2026-05-18 10:17:44+05:30,52951.65,0,0.0,0,0.0,0.0,53282.15,53308.4,52783.45,53710.35,0,0.0,0.0,0.0,0.0,-0.01,-1,-1,-0.01,-1,-1,-0.01,-1,-1,-0.01,-1,-1,-0.01,-1,-1,-0.01,-1,-1,-0.01,-1,-1,-0.01,-1,-1,-0.01,-1,-1,-0.01,-1,-1
99926009,2026-05-18 10:17:45+05:30,52950.25,0,0.0,0,0.0,0.0,53282.15,53308.4,52783.45,53710.35,0,0.0,0.0,0.0,0.0,-0.01,-1,-1,-0.01,-1,-1,-0.01,-1,-1,-0.01,-1,-1,-0.01,-1,-1,-0.01,-1,-1,-0.01,-1,-1,-0.01,-1,-1,-0.01,-1,-1,-0.01,-1,-1
99926009,2026-05-18 10:17:45+05:30,52950.35,0,0.0,0,0.0,0.0,53282.15,53308.4,52783.45,53710.35,0,0.0,0.0,0.0,0.0,-0.01,-1,-1,-0.01,-1,-1,-0.01,-1,-1,-0.01,-1,-1,-0.01,-1,-1,-0.01,-1,-1,-0.01,-1,-1,-0.01,-1,-1,-0.01,-1,-1,-0.01,-1,-1
99926009,2026-05-18 10:17:46+05:30,52947.8,0,0.0,0,0.0,0.0,53282.15,53308.4,52783.45,53710.35,0,0.0,0.0,0.0,0.0,-0.01,-1,-1,-0.01,-1,-1,-0.01,-1,-1,-0.01,-1,-1,-0.01,-1,-1,-0.01,-1,-1,-0.01,-1,-1,-0.01,-1,-1,-0.01,-1,-1,-0.01,-1,-1
99926009,2026-05-18 10:17:46+05:30,52948.6,0,0.0,0,0.0,0.0,53282.15,53308.4,52783.45,53710.35,0,0.0,0.0,0.0,0.0,-0.01,-1,-1,-0.01,-1,-1,-0.01,-1,-1,-0.01,-1,-1,-0.01,-1,-1,-0.01,-1,-1,-0.01,-1,-1,-0.01,-1,-1,-0.01,-1,-1,-0.01,-1,-1
99926009,2026-05-18 10:17:47+05:30,52946.65,0,0.0,0,0.0,0.0,53282.15,53308.4,52783.45,53710.35,0,0.0,0.0,0.0,0.0,-0.01,-1,-1,-0.01,-1,-1,-0.01,-1,-1,-0.01,-1,-1,-0.01,-1,-1,-0.01,-1,-1,-0.01,-1,-1,-0.01,-1,-1,-0.01,-1,-1,-0.01,-1,-1
99926009,2026-05-18 10:17:47+05:30,52946.0,0,0.0,0,0.0,0.0,53282.15,53308.4,52783.45,53710.35,0,0.0,0.0,0.0,0.0,-0.01,-1,-1,-0.01,-1,-1,-0.01,-1,-1,-0.01,-1,-1,-0.01,-1,-1,-0.01,-1,-1,-0.01,-1,-1,-0.01,-1,-1,-0.01,-1,-1,-0.01,-1,-1
99926009,2026-05-18 10:17:48+05:30,52948.0,0,0.0,0,0.0,0.0,53282.15,53308.4,52783.45,53710.35,0,0.0,0.0,0.0,0.0,-0.01,-1,-1,-0.01,-1,-1,-0.01,-1,-1,-0.01,-1,-1,-0.01,-1,-1,-0.01,-1,-1,-0.01,-1,-1,-0.01,-1,-1,-0.01,-1,-1,-0.01,-1,-1
99926009,2026-05-18 10:17:48+05:30,52946.3,0,0.0,0,0.0,0.0,53282.15,53308.4,52783.45,53710.35,0,0.0,0.0,0.0,0.0,-0.01,-1,-1,-0.01,-1,-1,-0.01,-1,-1,-0.01,-1,-1,-0.01,-1,-1,-0.01,-1,-1,-0.01,-1,-1,-0.01,-1,-1,-0.01,-1,-1,-0.01,-1,-1
99926009,2026-05-18 10:17:49+05:30,52945.75,0,0.0,0,0.0,0.0,53282.15,53308.4,52783.45,53710.35,0,0.0,0.0,0.0,0.0,-0.01,-1,-1,-0.01,-1,-1,-0.01,-1,-1,-0.01,-1,-1,-0.01,-1,-1,-0.01,-1,-1,-0.01,-1,-1,-0.01,-1,-1,-0.01,-1,-1,-0.01,-1,-1
99926009,2026-05-18 10:17:49+05:30,52944.6,0,0.0,0,0.0,0.0,53282.15,53308.4,52783.45,53710.35,0,0.0,0.0,0.0,0.0,-0.01,-1,-1,-0.01,-1,-1,-0.01,-1,-1,-0.01,-1,-1,-0.01,-1,-1,-0.01,-1,-1,-0.01,-1,-1,-0.01,-1,-1,-0.01,-1,-1,-0.01,-1,-1
99926009,2026-05-18 10:17:50+05:30,52945.3,0,0.0,0,0.0,0.0,53282.15,53308.4,52783.45,53710.35,0,0.0,0.0,0.0,0.0,-0.01,-1,-1,-0.01,-1,-1,-0.01,-1,-1,-0.01,-1,-1,-0.01,-1,-1,-0.01,-1,-1,-0.01,-1,-1,-0.01,-1,-1,-0.01,-1,-1,-0.01,-1,-1
99926009,2026-05-18 10:17:50+05:30,52945.9,0,0.0,0,0.0,0.0,53282.15,53308.4,52783.45,53710.35,0,0.0,0.0,0.0,0.0,-0.01,-1,-1,-0.01,-1,-1,-0.01,-1,-1,-0.01,-1,-1,-0.01,-1,-1,-0.01,-1,-1,-0.01,-1,-1,-0.01,-1,-1,-0.01,-1,-1,-0.01,-1,-1
99926009,2026-05-18 10:17:51+05:30,52948.3,0,0.0,0,0.0,0.0,53282.15,53308.4,52783.45,53710.35,0,0.0,0.0,0.0,0.0,-0.01,-1,-1,-0.01,-1,-1,-0.01,-1,-1,-0.01,-1,-1,-0.01,-1,-1,-0.01,-1,-1,-0.01,-1,-1,-0.01,-1,-1,-0.01,-1,-1,-0.01,-1,-1
99926009,2026-05-18 10:17:51+05:30,52948.35,0,0.0,0,0.0,0.0,53282.15,53308.4,52783.45,53710.35,0,0.0,0.0,0.0,0.0,-0.01,-1,-1,-0.01,-1,-1,-0.01,-1,-1,-0.01,-1,-1,-0.01,-1,-1,-0.01,-1,-1,-0.01,-1,-1,-0.01,-1,-1,-0.01,-1,-1,-0.01,-1,-1
99926009,2026-05-18 10:17:52+05:30,52946.1,0,0.0,0,0.0,0.0,53282.15,53308.4,52783.45,53710.35,0,0.0,0.0,0.0,0.0,-0.01,-1,-1,-0.01,-1,-1,-0.01,-1,-1,-0.01,-1,-1,-0.01,-1,-1,-0.01,-1,-1,-0.01,-1,-1,-0.01,-1,-1,-0.01,-1,-1,-0.01,-1,-1
99926009,2026-05-18 10:17:52+05:30,52947.1,0,0.0,0,0.0,0.0,53282.15,53308.4,52783.45,53710.35,0,0.0,0.0,0.0,0.0,-0.01,-1,-1,-0.01,-1,-1,-0.01,-1,-1,-0.01,-1,-1,-0.01,-1,-1,-0.01,-1,-1,-0.01,-1,-1,-0.01,-1,-1,-0.01,-1,-1,-0.01,-1,-1
99926009,2026-05-18 10:17:53+05:30,52948.3,0,0.0,0,0.0,0.0,53282.15,53308.4,52783.45,53710.35,0,0.0,0.0,0.0,0.0,-0.01,-1,-1,-0.01,-1,-1,-0.01,-1,-1,-0.01,-1,-1,-0.01,-1,-1,-0.01,-1,-1,-0.01,-1,-1,-0.01,-1,-1,-0.01,-1,-1,-0.01,-1,-1
99926009,2026-05-18 10:17:53+05:30,52944.8,0,0.0,0,0.0,0.0,53282.15,53308.4,52783.45,53710.35,0,0.0,0.0,0.0,0.0,-0.01,-1,-1,-0.01,-1,-1,-0.01,-1,-1,-0.01,-1,-1,-0.01,-1,-1,-0.01,-1,-1,-0.01,-1,-1,-0.01,-1,-1,-0.01,-1,-1,-0.01,-1,-1
99926009,2026-05-18 10:17:54+05:30,52945.45,0,0.0,0,0.0,0.0,53282.15,53308.4,52783.45,53710.35,0,0.0,0.0,0.0,0.0,-0.01,-1,-1,-0.01,-1,-1,-0.01,-1,-1,-0.01,-1,-1,-0.01,-1,-1,-0.01,-1,-1,-0.01,-1,-1,-0.01,-1,-1,-0.01,-1,-1,-0.01,-1,-1
99926009,2026-05-18 10:17:54+05:30,52945.55,0,0.0,0,0.0,0.0,53282.15,53308.4,52783.45,53710.35,0,0.0,0.0,0.0,0.0,-0.01,-1,-1,-0.01,-1,-1,-0.01,-1,-1,-0.01,-1,-1,-0.01,-1,-1,-0.01,-1,-1,-0.01,-1,-1,-0.01,-1,-1,-0.01,-1,-1,-0.01,-1,-1
99926009,2026-05-18 10:17:55+05:30,52945.0,0,0.0,0,0.0,0.0,53282.15,53308.4,52783.45,53710.35,0,0.0,0.0,0.0,0.0,-0.01,-1,-1,-0.01,-1,-1,-0.01,-1,-1,-0.01,-1,-1,-0.01,-1,-1,-0.01,-1,-1,-0.01,-1,-1,-0.01,-1,-1,-0.01,-1,-1,-0.01,-1,-1
99926009,2026-05-18 10:17:55+05:30,52944.6,0,0.0,0,0.0,0.0,53282.15,53308.4,52783.45,53710.35,0,0.0,0.0,0.0,0.0,-0.01,-1,-1,-0.01,-1,-1,-0.01,-1,-1,-0.01,-1,-1,-0.01,-1,-1,-0.01,-1,-1,-0.01,-1,-1,-0.01,-1,-1,-0.01,-1,-1,-0.01,-1,-1
99926009,2026-05-18 10:17:56+05:30,52943.4,0,0.0,0,0.0,0.0,53282.15,53308.4,52783.45,53710.35,0,0.0,0.0,0.0,0.0,-0.01,-1,-1,-0.01,-1,-1,-0.01,-1,-1,-0.01,-1,-1,-0.01,-1,-1,-0.01,-1,-1,-0.01,-1,-1,-0.01,-1,-1,-0.01,-1,-1,-0.01,-1,-1
99926009,2026-05-18 10:17:56+05:30,52940.55,0,0.0,0,0.0,0.0,53282.15,53308.4,52783.45,53710.35,0,0.0,0.0,0.0,0.0,-0.01,-1,-1,-0.01,-1,-1,-0.01,-1,-1,-0.01,-1,-1,-0.01,-1,-1,-0.01,-1,-1,-0.01,-1,-1,-0.01,-1,-1,-0.01,-1,-1,-0.01,-1,-1
99926009,2026-05-18 10:17:57+05:30,52942.05,0,0.0,0,0.0,0.0,53282.15,53308.4,52783.45,53710.35,0,0.0,0.0,0.0,0.0,-0.01,-1,-1,-0.01,-1,-1,-0.01,-1,-1,-0.01,-1,-1,-0.01,-1,-1,-0.01,-1,-1,-0.01,-1,-1,-0.01,-1,-1,-0.01,-1,-1,-0.01,-1,-1
99926009,2026-05-18 10:17:57+05:30,52941.6,0,0.0,0,0.0,0.0,53282.15,53308.4,52783.45,53710.35,0,0.0,0.0,0.0,0.0,-0.01,-1,-1,-0.01,-1,-1,-0.01,-1,-1,-0.01,-1,-1,-0.01,-1,-1,-0.01,-1,-1,-0.01,-1,-1,-0.01,-1,-1,-0.01,-1,-1,-0.01,-1,-1
99926009,2026-05-18 10:17:58+05:30,52943.0,0,0.0,0,0.0,0.0,53282.15,53308.4,52783.45,53710.35,0,0.0,0.0,0.0,0.0,-0.01,-1,-1,-0.01,-1,-1,-0.01,-1,-1,-0.01,-1,-1,-0.01,-1,-1,-0.01,-1,-1,-0.01,-1,-1,-0.01,-1,-1,-0.01,-1,-1,-0.01,-1,-1
99926009,2026-05-18 10:17:58+05:30,52944.55,0,0.0,0,0.0,0.0,53282.15,53308.4,52783.45,53710.35,0,0.0,0.0,0.0,0.0,-0.01,-1,-1,-0.01,-1,-1,-0.01,-1,-1,-0.01,-1,-1,-0.01,-1,-1,-0.01,-1,-1,-0.01,-1,-1,-0.01,-1,-1,-0.01,-1,-1,-0.01,-1,-1
99926009,2026-05-18 10:17:59+05:30,52944.7,0,0.0,0,0.0,0.0,53282.15,53308.4,52783.45,53710.35,0,0.0,0.0,0.0,0.0,-0.01,-1,-1,-0.01,-1,-1,-0.01,-1,-1,-0.01,-1,-1,-0.01,-1,-1,-0.01,-1,-1,-0.01,-1,-1,-0.01,-1,-1,-0.01,-1,-1,-0.01,-1,-1
99926009,2026-05-18 10:17:59+05:30,52945.9,0,0.0,0,0.0,0.0,53282.15,53308.4,52783.45,53710.35,0,0.0,0.0,0.0,0.0,-0.01,-1,-1,-0.01,-1,-1,-0.01,-1,-1,-0.01,-1,-1,-0.01,-1,-1,-0.01,-1,-1,-0.01,-1,-1,-0.01,-1,-1,-0.01,-1,-1,-0.01,-1,-1
99926009,2026-05-18 10:18:00+05:30,52947.8,0,0.0,0,0.0,0.0,53282.15,53308.4,52783.45,53710.35,0,0.0,0.0,0.0,0.0,-0.01,-1,-1,-0.01,-1,-1,-0.01,-1,-1,-0.01,-1,-1,-0.01,-1,-1,-0.01,-1,-1,-0.01,-1,-1,-0.01,-1,-1,-0.01,-1,-1,-0.01,-1,-1
99926009,2026-05-18 10:18:00+05:30,52947.5,0,0.0,0,0.0,0.0,53282.15,53308.4,52783.45,53710.35,0,0.0,0.0,0.0,0.0,-0.01,-1,-1,-0.01,-1,-1,-0.01,-1,-1,-0.01,-1,-1,-0.01,-1,-1,-0.01,-1,-1,-0.01,-1,-1,-0.01,-1,-1,-0.01,-1,-1,-0.01,-1,-1
99926009,2026-05-18 10:18:01+05:30,52945.9,0,0.0,0,0.0,0.0,53282.15,53308.4,52783.45,53710.35,0,0.0,0.0,0.0,0.0,-0.01,-1,-1,-0.01,-1,-1,-0.01,-1,-1,-0.01,-1,-1,-0.01,-1,-1,-0.01,-1,-1,-0.01,-1,-1,-0.01,-1,-1,-0.01,-1,-1,-0.01,-1,-1
99926009,2026-05-18 10:18:01+05:30,52946.75,0,0.0,0,0.0,0.0,53282.15,53308.4,52783.45,53710.35,0,0.0,0.0,0.0,0.0,-0.01,-1,-1,-0.01,-1,-1,-0.01,-1,-1,-0.01,-1,-1,-0.01,-1,-1,-0.01,-1,-1,-0.01,-1,-1,-0.01,-1,-1,-0.01,-1,-1,-0.01,-1,-1
99926009,2026-05-18 10:18:02+05:30,52945.85,0,0.0,0,0.0,0.0,53282.15,53308.4,52783.45,53710.35,0,0.0,0.0,0.0,0.0,-0.01,-1,-1,-0.01,-1,-1,-0.01,-1,-1,-0.01,-1,-1,-0.01,-1,-1,-0.01,-1,-1,-0.01,-1,-1,-0.01,-1,-1,-0.01,-1,-1,-0.01,-1,-1
99926009,2026-05-18 10:18:02+05:30,52948.3,0,0.0,0,0.0,0.0,53282.15,53308.4,52783.45,53710.35,0,0.0,0.0,0.0,0.0,-0.01,-1,-1,-0.01,-1,-1,-0.01,-1,-1,-0.01,-1,-1,-0.01,-1,-1,-0.01,-1,-1,-0.01,-1,-1,-0.01,-1,-1,-0.01,-1,-1,-0.01,-1,-1
99926009,2026-05-18 10:18:03+05:30,52947.3,0,0.0,0,0.0,0.0,53282.15,53308.4,52783.45,53710.35,0,0.0,0.0,0.0,0.0,-0.01,-1,-1,-0.01,-1,-1,-0.01,-1,-1,-0.01,-1,-1,-0.01,-1,-1,-0.01,-1,-1,-0.01,-1,-1,-0.01,-1,-1,-0.01,-1,-1,-0.01,-1,-1
99926009,2026-05-18 10:18:03+05:30,52943.95,0,0.0,0,0.0,0.0,53282.15,53308.4,52783.45,53710.35,0,0.0,0.0,0.0,0.0,-0.01,-1,-1,-0.01,-1,-1,-0.01,-1,-1,-0.01,-1,-1,-0.01,-1,-1,-0.01,-1,-1,-0.01,-1,-1,-0.01,-1,-1,-0.01,-1,-1,-0.01,-1,-1
99926009,2026-05-18 10:18:04+05:30,52942.7,0,0.0,0,0.0,0.0,53282.15,53308.4,52783.45,53710.35,0,0.0,0.0,0.0,0.0,-0.01,-1,-1,-0.01,-1,-1,-0.01,-1,-1,-0.01,-1,-1,-0.01,-1,-1,-0.01,-1,-1,-0.01,-1,-1,-0.01,-1,-1,-0.01,-1,-1,-0.01,-1,-1
99926009,2026-05-18 10:18:04+05:30,52943.3,0,0.0,0,0.0,0.0,53282.15,53308.4,52783.45,53710.35,0,0.0,0.0,0.0,0.0,-0.01,-1,-1,-0.01,-1,-1,-0.01,-1,-1,-0.01,-1,-1,-0.01,-1,-1,-0.01,-1,-1,-0.01,-1,-1,-0.01,-1,-1,-0.01,-1,-1,-0.01,-1,-1
99926009,2026-05-18 10:18:05+05:30,52946.9,0,0.0,0,0.0,0.0,53282.15,53308.4,52783.45,53710.35,0,0.0,0.0,0.0,0.0,-0.01,-1,-1,-0.01,-1,-1,-0.01,-1,-1,-0.01,-1,-1,-0.01,-1,-1,-0.01,-1,-1,-0.01,-1,-1,-0.01,-1,-1,-0.01,-1,-1,-0.01,-1,-1
99926009,2026-05-18 10:18:05+05:30,52942.8,0,0.0,0,0.0,0.0,53282.15,53308.4,52783.45,53710.35,0,0.0,0.0,0.0,0.0,-0.01,-1,-1,-0.01,-1,-1,-0.01,-1,-1,-0.01,-1,-1,-0.01,-1,-1,-0.01,-1,-1,-0.01,-1,-1,-0.01,-1,-1,-0.01,-1,-1,-0.01,-1,-1
99926009,2026-05-18 10:18:06+05:30,52942.25,0,0.0,0,0.0,0.0,53282.15,53308.4,52783.45,53710.35,0,0.0,0.0,0.0,0.0,-0.01,-1,-1,-0.01,-1,-1,-0.01,-1,-1,-0.01,-1,-1,-0.01,-1,-1,-0.01,-1,-1,-0.01,-1,-1,-0.01,-1,-1,-0.01,-1,-1,-0.01,-1,-1
99926009,2026-05-18 10:18:06+05:30,52944.8,0,0.0,0,0.0,0.0,53282.15,53308.4,52783.45,53710.35,0,0.0,0.0,0.0,0.0,-0.01,-1,-1,-0.01,-1,-1,-0.01,-1,-1,-0.01,-1,-1,-0.01,-1,-1,-0.01,-1,-1,-0.01,-1,-1,-0.01,-1,-1,-0.01,-1,-1,-0.01,-1,-1
99926009,2026-05-18 10:18:07+05:30,52943.45,0,0.0,0,0.0,0.0,53282.15,53308.4,52783.45,53710.35,0,0.0,0.0,0.0,0.0,-0.01,-1,-1,-0.01,-1,-1,-0.01,-1,-1,-0.01,-1,-1,-0.01,-1,-1,-0.01,-1,-1,-0.01,-1,-1,-0.01,-1,-1,-0.01,-1,-1,-0.01,-1,-1
99926009,2026-05-18 10:18:07+05:30,52942.45,0,0.0,0,0.0,0.0,53282.15,53308.4,52783.45,53710.35,0,0.0,0.0,0.0,0.0,-0.01,-1,-1,-0.01,-1,-1,-0.01,-1,-1,-0.01,-1,-1,-0.01,-1,-1,-0.01,-1,-1,-0.01,-1,-1,-0.01,-1,-1,-0.01,-1,-1,-0.01,-1,-1
99926009,2026-05-18 10:18:08+05:30,52943.65,0,0.0,0,0.0,0.0,53282.15,53308.4,52783.45,53710.35,0,0.0,0.0,0.0,0.0,-0.01,-1,-1,-0.01,-1,-1,-0.01,-1,-1,-0.01,-1,-1,-0.01,-1,-1,-0.01,-1,-1,-0.01,-1,-1,-0.01,-1,-1,-0.01,-1,-1,-0.01,-1,-1
99926009,2026-05-18 10:18:08+05:30,52941.7,0,0.0,0,0.0,0.0,53282.15,53308.4,52783.45,53710.35,0,0.0,0.0,0.0,0.0,-0.01,-1,-1,-0.01,-1,-1,-0.01,-1,-1,-0.01,-1,-1,-0.01,-1,-1,-0.01,-1,-1,-0.01,-1,-1,-0.01,-1,-1,-0.01,-1,-1,-0.01,-1,-1
99926009,2026-05-18 10:18:09+05:30,52943.05,0,0.0,0,0.0,0.0,53282.15,53308.4,52783.45,53710.35,0,0.0,0.0,0.0,0.0,-0.01,-1,-1,-0.01,-1,-1,-0.01,-1,-1,-0.01,-1,-1,-0.01,-1,-1,-0.01,-1,-1,-0.01,-1,-1,-0.01,-1,-1,-0.01,-1,-1,-0.01,-1,-1
99926009,2026-05-18 10:18:09+05:30,52946.2,0,0.0,0,0.0,0.0,53282.15,53308.4,52783.45,53710.35,0,0.0,0.0,0.0,0.0,-0.01,-1,-1,-0.01,-1,-1,-0.01,-1,-1,-0.01,-1,-1,-0.01,-1,-1,-0.01,-1,-1,-0.01,-1,-1,-0.01,-1,-1,-0.01,-1,-1,-0.01,-1,-1
99926009,2026-05-18 10:18:10+05:30,52946.2,0,0.0,0,0.0,0.0,53282.15,53308.4,52783.45,53710.35,0,0.0,0.0,0.0,0.0,-0.01,-1,-1,-0.01,-1,-1,-0.01,-1,-1,-0.01,-1,-1,-0.01,-1,-1,-0.01,-1,-1,-0.01,-1,-1,-0.01,-1,-1,-0.01,-1,-1,-0.01,-1,-1
99926009,2026-05-18 10:18:10+05:30,52944.25,0,0.0,0,0.0,0.0,53282.15,53308.4,52783.45,53710.35,0,0.0,0.0,0.0,0.0,-0.01,-1,-1,-0.01,-1,-1,-0.01,-1,-1,-0.01,-1,-1,-0.01,-1,-1,-0.01,-1,-1,-0.01,-1,-1,-0.01,-1,-1,-0.01,-1,-1,-0.01,-1,-1
99926009,2026-05-18 10:18:11+05:30,52943.1,0,0.0,0,0.0,0.0,53282.15,53308.4,52783.45,53710.35,0,0.0,0.0,0.0,0.0,-0.01,-1,-1,-0.01,-1,-1,-0.01,-1,-1,-0.01,-1,-1,-0.01,-1,-1,-0.01,-1,-1,-0.01,-1,-1,-0.01,-1,-1,-0.01,-1,-1,-0.01,-1,-1
99926009,2026-05-18 10:18:11+05:30,52941.2,0,0.0,0,0.0,0.0,53282.15,53308.4,52783.45,53710.35,0,0.0,0.0,0.0,0.0,-0.01,-1,-1,-0.01,-1,-1,-0.01,-1,-1,-0.01,-1,-1,-0.01,-1,-1,-0.01,-1,-1,-0.01,-1,-1,-0.01,-1,-1,-0.01,-1,-1,-0.01,-1,-1
99926009,2026-05-18 10:18:12+05:30,52941.6,0,0.0,0,0.0,0.0,53282.15,53308.4,52783.45,53710.35,0,0.0,0.0,0.0,0.0,-0.01,-1,-1,-0.01,-1,-1,-0.01,-1,-1,-0.01,-1,-1,-0.01,-1,-1,-0.01,-1,-1,-0.01,-1,-1,-0.01,-1,-1,-0.01,-1,-1,-0.01,-1,-1
99926009,2026-05-18 10:18:12+05:30,52941.2,0,0.0,0,0.0,0.0,53282.15,53308.4,52783.45,53710.35,0,0.0,0.0,0.0,0.0,-0.01,-1,-1,-0.01,-1,-1,-0.01,-1,-1,-0.01,-1,-1,-0.01,-1,-1,-0.01,-1,-1,-0.01,-1,-1,-0.01,-1,-1,-0.01,-1,-1,-0.01,-1,-1
99926009,2026-05-18 10:18:13+05:30,52936.3,0,0.0,0,0.0,0.0,53282.15,53308.4,52783.45,53710.35,0,0.0,0.0,0.0,0.0,-0.01,-1,-1,-0.01,-1,-1,-0.01,-1,-1,-0.01,-1,-1,-0.01,-1,-1,-0.01,-1,-1,-0.01,-1,-1,-0.01,-1,-1,-0.01,-1,-1,-0.01,-1,-1
99926009,2026-05-18 10:18:13+05:30,52933.2,0,0.0,0,0.0,0.0,53282.15,53308.4,52783.45,53710.35,0,0.0,0.0,0.0,0.0,-0.01,-1,-1,-0.01,-1,-1,-0.01,-1,-1,-0.01,-1,-1,-0.01,-1,-1,-0.01,-1,-1,-0.01,-1,-1,-0.01,-1,-1,-0.01,-1,-1,-0.01,-1,-1
99926009,2026-05-18 10:18:14+05:30,52933.25,0,0.0,0,0.0,0.0,53282.15,53308.4,52783.45,53710.35,0,0.0,0.0,0.0,0.0,-0.01,-1,-1,-0.01,-1,-1,-0.01,-1,-1,-0.01,-1,-1,-0.01,-1,-1,-0.01,-1,-1,-0.01,-1,-1,-0.01,-1,-1,-0.01,-1,-1,-0.01,-1,-1
99926009,2026-05-18 10:18:14+05:30,52934.65,0,0.0,0,0.0,0.0,53282.15,53308.4,52783.45,53710.35,0,0.0,0.0,0.0,0.0,-0.01,-1,-1,-0.01,-1,-1,-0.01,-1,-1,-0.01,-1,-1,-0.01,-1,-1,-0.01,-1,-1,-0.01,-1,-1,-0.01,-1,-1,-0.01,-1,-1,-0.01,-1,-1
99926009,2026-05-18 10:18:15+05:30,52933.65,0,0.0,0,0.0,0.0,53282.15,53308.4,52783.45,53710.35,0,0.0,0.0,0.0,0.0,-0.01,-1,-1,-0.01,-1,-1,-0.01,-1,-1,-0.01,-1,-1,-0.01,-1,-1,-0.01,-1,-1,-0.01,-1,-1,-0.01,-1,-1,-0.01,-1,-1,-0.01,-1,-1
99926009,2026-05-18 10:18:15+05:30,52932.45,0,0.0,0,0.0,0.0,53282.15,53308.4,52783.45,53710.35,0,0.0,0.0,0.0,0.0,-0.01,-1,-1,-0.01,-1,-1,-0.01,-1,-1,-0.01,-1,-1,-0.01,-1,-1,-0.01,-1,-1,-0.01,-1,-1,-0.01,-1,-1,-0.01,-1,-1,-0.01,-1,-1
99926009,2026-05-18 10:18:16+05:30,52932.45,0,0.0,0,0.0,0.0,53282.15,53308.4,52783.45,53710.35,0,0.0,0.0,0.0,0.0,-0.01,-1,-1,-0.01,-1,-1,-0.01,-1,-1,-0.01,-1,-1,-0.01,-1,-1,-0.01,-1,-1,-0.01,-1,-1,-0.01,-1,-1,-0.01,-1,-1,-0.01,-1,-1
99926009,2026-05-18 10:18:16+05:30,52931.0,0,0.0,0,0.0,0.0,53282.15,53308.4,52783.45,53710.35,0,0.0,0.0,0.0,0.0,-0.01,-1,-1,-0.01,-1,-1,-0.01,-1,-1,-0.01,-1,-1,-0.01,-1,-1,-0.01,-1,-1,-0.01,-1,-1,-0.01,-1,-1,-0.01,-1,-1,-0.01,-1,-1
99926009,2026-05-18 10:18:17+05:30,52933.05,0,0.0,0,0.0,0.0,53282.15,53308.4,52783.45,53710.35,0,0.0,0.0,0.0,0.0,-0.01,-1,-1,-0.01,-1,-1,-0.01,-1,-1,-0.01,-1,-1,-0.01,-1,-1,-0.01,-1,-1,-0.01,-1,-1,-0.01,-1,-1,-0.01,-1,-1,-0.01,-1,-1
99926009,2026-05-18 10:18:17+05:30,52931.7,0,0.0,0,0.0,0.0,53282.15,53308.4,52783.45,53710.35,0,0.0,0.0,0.0,0.0,-0.01,-1,-1,-0.01,-1,-1,-0.01,-1,-1,-0.01,-1,-1,-0.01,-1,-1,-0.01,-1,-1,-0.01,-1,-1,-0.01,-1,-1,-0.01,-1,-1,-0.01,-1,-1
99926009,2026-05-18 10:18:18+05:30,52930.2,0,0.0,0,0.0,0.0,53282.15,53308.4,52783.45,53710.35,0,0.0,0.0,0.0,0.0,-0.01,-1,-1,-0.01,-1,-1,-0.01,-1,-1,-0.01,-1,-1,-0.01,-1,-1,-0.01,-1,-1,-0.01,-1,-1,-0.01,-1,-1,-0.01,-1,-1,-0.01,-1,-1
99926009,2026-05-18 10:18:18+05:30,52931.9,0,0.0,0,0.0,0.0,53282.15,53308.4,52783.45,53710.35,0,0.0,0.0,0.0,0.0,-0.01,-1,-1,-0.01,-1,-1,-0.01,-1,-1,-0.01,-1,-1,-0.01,-1,-1,-0.01,-1,-1,-0.01,-1,-1,-0.01,-1,-1,-0.01,-1,-1,-0.01,-1,-1
99926009,2026-05-18 10:18:19+05:30,52930.1,0,0.0,0,0.0,0.0,53282.15,53308.4,52783.45,53710.35,0,0.0,0.0,0.0,0.0,-0.01,-1,-1,-0.01,-1,-1,-0.01,-1,-1,-0.01,-1,-1,-0.01,-1,-1,-0.01,-1,-1,-0.01,-1,-1,-0.01,-1,-1,-0.01,-1,-1,-0.01,-1,-1
99926009,2026-05-18 10:18:19+05:30,52931.0,0,0.0,0,0.0,0.0,53282.15,53308.4,52783.45,53710.35,0,0.0,0.0,0.0,0.0,-0.01,-1,-1,-0.01,-1,-1,-0.01,-1,-1,-0.01,-1,-1,-0.01,-1,-1,-0.01,-1,-1,-0.01,-1,-1,-0.01,-1,-1,-0.01,-1,-1,-0.01,-1,-1
99926009,2026-05-18 10:18:20+05:30,52934.3,0,0.0,0,0.0,0.0,53282.15,53308.4,52783.45,53710.35,0,0.0,0.0,0.0,0.0,-0.01,-1,-1,-0.01,-1,-1,-0.01,-1,-1,-0.01,-1,-1,-0.01,-1,-1,-0.01,-1,-1,-0.01,-1,-1,-0.01,-1,-1,-0.01,-1,-1,-0.01,-1,-1
99926009,2026-05-18 10:18:20+05:30,52934.0,0,0.0,0,0.0,0.0,53282.15,53308.4,52783.45,53710.35,0,0.0,0.0,0.0,0.0,-0.01,-1,-1,-0.01,-1,-1,-0.01,-1,-1,-0.01,-1,-1,-0.01,-1,-1,-0.01,-1,-1,-0.01,-1,-1,-0.01,-1,-1,-0.01,-1,-1,-0.01,-1,-1
99926009,2026-05-18 10:18:21+05:30,52934.4,0,0.0,0,0.0,0.0,53282.15,53308.4,52783.45,53710.35,0,0.0,0.0,0.0,0.0,-0.01,-1,-1,-0.01,-1,-1,-0.01,-1,-1,-0.01,-1,-1,-0.01,-1,-1,-0.01,-1,-1,-0.01,-1,-1,-0.01,-1,-1,-0.01,-1,-1,-0.01,-1,-1
99926009,2026-05-18 10:18:21+05:30,52931.35,0,0.0,0,0.0,0.0,53282.15,53308.4,52783.45,53710.35,0,0.0,0.0,0.0,0.0,-0.01,-1,-1,-0.01,-1,-1,-0.01,-1,-1,-0.01,-1,-1,-0.01,-1,-1,-0.01,-1,-1,-0.01,-1,-1,-0.01,-1,-1,-0.01,-1,-1,-0.01,-1,-1
99926009,2026-05-18 10:18:22+05:30,52932.85,0,0.0,0,0.0,0.0,53282.15,53308.4,52783.45,53710.35,0,0.0,0.0,0.0,0.0,-0.01,-1,-1,-0.01,-1,-1,-0.01,-1,-1,-0.01,-1,-1,-0.01,-1,-1,-0.01,-1,-1,-0.01,-1,-1,-0.01,-1,-1,-0.01,-1,-1,-0.01,-1,-1
99926009,2026-05-18 10:18:22+05:30,52933.8,0,0.0,0,0.0,0.0,53282.15,53308.4,52783.45,53710.35,0,0.0,0.0,0.0,0.0,-0.01,-1,-1,-0.01,-1,-1,-0.01,-1,-1,-0.01,-1,-1,-0.01,-1,-1,-0.01,-1,-1,-0.01,-1,-1,-0.01,-1,-1,-0.01,-1,-1,-0.01,-1,-1
99926009,2026-05-18 10:18:23+05:30,52931.55,0,0.0,0,0.0,0.0,53282.15,53308.4,52783.45,53710.35,0,0.0,0.0,0.0,0.0,-0.01,-1,-1,-0.01,-1,-1,-0.01,-1,-1,-0.01,-1,-1,-0.01,-1,-1,-0.01,-1,-1,-0.01,-1,-1,-0.01,-1,-1,-0.01,-1,-1,-0.01,-1,-1
99926009,2026-05-18 10:18:23+05:30,52934.1,0,0.0,0,0.0,0.0,53282.15,53308.4,52783.45,53710.35,0,0.0,0.0,0.0,0.0,-0.01,-1,-1,-0.01,-1,-1,-0.01,-1,-1,-0.01,-1,-1,-0.01,-1,-1,-0.01,-1,-1,-0.01,-1,-1,-0.01,-1,-1,-0.01,-1,-1,-0.01,-1,-1
99926009,2026-05-18 10:18:24+05:30,52932.9,0,0.0,0,0.0,0.0,53282.15,53308.4,52783.45,53710.35,0,0.0,0.0,0.0,0.0,-0.01,-1,-1,-0.01,-1,-1,-0.01,-1,-1,-0.01,-1,-1,-0.01,-1,-1,-0.01,-1,-1,-0.01,-1,-1,-0.01,-1,-1,-0.01,-1,-1,-0.01,-1,-1
99926009,2026-05-18 10:18:24+05:30,52930.35,0,0.0,0,0.0,0.0,53282.15,53308.4,52783.45,53710.35,0,0.0,0.0,0.0,0.0,-0.01,-1,-1,-0.01,-1,-1,-0.01,-1,-1,-0.01,-1,-1,-0.01,-1,-1,-0.01,-1,-1,-0.01,-1,-1,-0.01,-1,-1,-0.01,-1,-1,-0.01,-1,-1
99926009,2026-05-18 10:18:25+05:30,52936.5,0,0.0,0,0.0,0.0,53282.15,53308.4,52783.45,53710.35,0,0.0,0.0,0.0,0.0,-0.01,-1,-1,-0.01,-1,-1,-0.01,-1,-1,-0.01,-1,-1,-0.01,-1,-1,-0.01,-1,-1,-0.01,-1,-1,-0.01,-1,-1,-0.01,-1,-1,-0.01,-1,-1
99926009,2026-05-18 10:18:25+05:30,52934.35,0,0.0,0,0.0,0.0,53282.15,53308.4,52783.45,53710.35,0,0.0,0.0,0.0,0.0,-0.01,-1,-1,-0.01,-1,-1,-0.01,-1,-1,-0.01,-1,-1,-0.01,-1,-1,-0.01,-1,-1,-0.01,-1,-1,-0.01,-1,-1,-0.01,-1,-1,-0.01,-1,-1
99926009,2026-05-18 10:18:26+05:30,52936.55,0,0.0,0,0.0,0.0,53282.15,53308.4,52783.45,53710.35,0,0.0,0.0,0.0,0.0,-0.01,-1,-1,-0.01,-1,-1,-0.01,-1,-1,-0.01,-1,-1,-0.01,-1,-1,-0.01,-1,-1,-0.01,-1,-1,-0.01,-1,-1,-0.01,-1,-1,-0.01,-1,-1
99926009,2026-05-18 10:18:26+05:30,52935.2,0,0.0,0,0.0,0.0,53282.15,53308.4,52783.45,53710.35,0,0.0,0.0,0.0,0.0,-0.01,-1,-1,-0.01,-1,-1,-0.01,-1,-1,-0.01,-1,-1,-0.01,-1,-1,-0.01,-1,-1,-0.01,-1,-1,-0.01,-1,-1,-0.01,-1,-1,-0.01,-1,-1
99926009,2026-05-18 10:18:27+05:30,52932.1,0,0.0,0,0.0,0.0,53282.15,53308.4,52783.45,53710.35,0,0.0,0.0,0.0,0.0,-0.01,-1,-1,-0.01,-1,-1,-0.01,-1,-1,-0.01,-1,-1,-0.01,-1,-1,-0.01,-1,-1,-0.01,-1,-1,-0.01,-1,-1,-0.01,-1,-1,-0.01,-1,-1
99926009,2026-05-18 10:18:27+05:30,52932.0,0,0.0,0,0.0,0.0,53282.15,53308.4,52783.45,53710.35,0,0.0,0.0,0.0,0.0,-0.01,-1,-1,-0.01,-1,-1,-0.01,-1,-1,-0.01,-1,-1,-0.01,-1,-1,-0.01,-1,-1,-0.01,-1,-1,-0.01,-1,-1,-0.01,-1,-1,-0.01,-1,-1
99926009,2026-05-18 10:18:28+05:30,52931.9,0,0.0,0,0.0,0.0,53282.15,53308.4,52783.45,53710.35,0,0.0,0.0,0.0,0.0,-0.01,-1,-1,-0.01,-1,-1,-0.01,-1,-1,-0.01,-1,-1,-0.01,-1,-1,-0.01,-1,-1,-0.01,-1,-1,-0.01,-1,-1,-0.01,-1,-1,-0.01,-1,-1
99926009,2026-05-18 10:18:28+05:30,52933.45,0,0.0,0,0.0,0.0,53282.15,53308.4,52783.45,53710.35,0,0.0,0.0,0.0,0.0,-0.01,-1,-1,-0.01,-1,-1,-0.01,-1,-1,-0.01,-1,-1,-0.01,-1,-1,-0.01,-1,-1,-0.01,-1,-1,-0.01,-1,-1,-0.01,-1,-1,-0.01,-1,-1
99926009,2026-05-18 10:18:29+05:30,52933.0,0,0.0,0,0.0,0.0,53282.15,53308.4,52783.45,53710.35,0,0.0,0.0,0.0,0.0,-0.01,-1,-1,-0.01,-1,-1,-0.01,-1,-1,-0.01,-1,-1,-0.01,-1,-1,-0.01,-1,-1,-0.01,-1,-1,-0.01,-1,-1,-0.01,-1,-1,-0.01,-1,-1
99926009,2026-05-18 10:18:29+05:30,52934.65,0,0.0,0,0.0,0.0,53282.15,53308.4,52783.45,53710.35,0,0.0,0.0,0.0,0.0,-0.01,-1,-1,-0.01,-1,-1,-0.01,-1,-1,-0.01,-1,-1,-0.01,-1,-1,-0.01,-1,-1,-0.01,-1,-1,-0.01,-1,-1,-0.01,-1,-1,-0.01,-1,-1
99926009,2026-05-18 10:18:30+05:30,52935.2,0,0.0,0,0.0,0.0,53282.15,53308.4,52783.45,53710.35,0,0.0,0.0,0.0,0.0,-0.01,-1,-1,-0.01,-1,-1,-0.01,-1,-1,-0.01,-1,-1,-0.01,-1,-1,-0.01,-1,-1,-0.01,-1,-1,-0.01,-1,-1,-0.01,-1,-1,-0.01,-1,-1
99926009,2026-05-18 10:18:30+05:30,52937.35,0,0.0,0,0.0,0.0,53282.15,53308.4,52783.45,53710.35,0,0.0,0.0,0.0,0.0,-0.01,-1,-1,-0.01,-1,-1,-0.01,-1,-1,-0.01,-1,-1,-0.01,-1,-1,-0.01,-1,-1,-0.01,-1,-1,-0.01,-1,-1,-0.01,-1,-1,-0.01,-1,-1
99926009,2026-05-18 10:18:31+05:30,52937.2,0,0.0,0,0.0,0.0,53282.15,53308.4,52783.45,53710.35,0,0.0,0.0,0.0,0.0,-0.01,-1,-1,-0.01,-1,-1,-0.01,-1,-1,-0.01,-1,-1,-0.01,-1,-1,-0.01,-1,-1,-0.01,-1,-1,-0.01,-1,-1,-0.01,-1,-1,-0.01,-1,-1
99926009,2026-05-18 10:18:31+05:30,52937.05,0,0.0,0,0.0,0.0,53282.15,53308.4,52783.45,53710.35,0,0.0,0.0,0.0,0.0,-0.01,-1,-1,-0.01,-1,-1,-0.01,-1,-1,-0.01,-1,-1,-0.01,-1,-1,-0.01,-1,-1,-0.01,-1,-1,-0.01,-1,-1,-0.01,-1,-1,-0.01,-1,-1
99926009,2026-05-18 10:18:32+05:30,52934.15,0,0.0,0,0.0,0.0,53282.15,53308.4,52783.45,53710.35,0,0.0,0.0,0.0,0.0,-0.01,-1,-1,-0.01,-1,-1,-0.01,-1,-1,-0.01,-1,-1,-0.01,-1,-1,-0.01,-1,-1,-0.01,-1,-1,-0.01,-1,-1,-0.01,-1,-1,-0.01,-1,-1
99926009,2026-05-18 10:18:32+05:30,52932.75,0,0.0,0,0.0,0.0,53282.15,53308.4,52783.45,53710.35,0,0.0,0.0,0.0,0.0,-0.01,-1,-1,-0.01,-1,-1,-0.01,-1,-1,-0.01,-1,-1,-0.01,-1,-1,-0.01,-1,-1,-0.01,-1,-1,-0.01,-1,-1,-0.01,-1,-1,-0.01,-1,-1
99926009,2026-05-18 10:18:33+05:30,52932.95,0,0.0,0,0.0,0.0,53282.15,53308.4,52783.45,53710.35,0,0.0,0.0,0.0,0.0,-0.01,-1,-1,-0.01,-1,-1,-0.01,-1,-1,-0.01,-1,-1,-0.01,-1,-1,-0.01,-1,-1,-0.01,-1,-1,-0.01,-1,-1,-0.01,-1,-1,-0.01,-1,-1
99926009,2026-05-18 10:18:33+05:30,52930.5,0,0.0,0,0.0,0.0,53282.15,53308.4,52783.45,53710.35,0,0.0,0.0,0.0,0.0,-0.01,-1,-1,-0.01,-1,-1,-0.01,-1,-1,-0.01,-1,-1,-0.01,-1,-1,-0.01,-1,-1,-0.01,-1,-1,-0.01,-1,-1,-0.01,-1,-1,-0.01,-1,-1
99926009,2026-05-18 10:18:34+05:30,52933.7,0,0.0,0,0.0,0.0,53282.15,53308.4,52783.45,53710.35,0,0.0,0.0,0.0,0.0,-0.01,-1,-1,-0.01,-1,-1,-0.01,-1,-1,-0.01,-1,-1,-0.01,-1,-1,-0.01,-1,-1,-0.01,-1,-1,-0.01,-1,-1,-0.01,-1,-1,-0.01,-1,-1
99926009,2026-05-18 10:18:34+05:30,52935.45,0,0.0,0,0.0,0.0,53282.15,53308.4,52783.45,53710.35,0,0.0,0.0,0.0,0.0,-0.01,-1,-1,-0.01,-1,-1,-0.01,-1,-1,-0.01,-1,-1,-0.01,-1,-1,-0.01,-1,-1,-0.01,-1,-1,-0.01,-1,-1,-0.01,-1,-1,-0.01,-1,-1
99926009,2026-05-18 10:18:35+05:30,52934.15,0,0.0,0,0.0,0.0,53282.15,53308.4,52783.45,53710.35,0,0.0,0.0,0.0,0.0,-0.01,-1,-1,-0.01,-1,-1,-0.01,-1,-1,-0.01,-1,-1,-0.01,-1,-1,-0.01,-1,-1,-0.01,-1,-1,-0.01,-1,-1,-0.01,-1,-1,-0.01,-1,-1
99926009,2026-05-18 10:18:35+05:30,52937.25,0,0.0,0,0.0,0.0,53282.15,53308.4,52783.45,53710.35,0,0.0,0.0,0.0,0.0,-0.01,-1,-1,-0.01,-1,-1,-0.01,-1,-1,-0.01,-1,-1,-0.01,-1,-1,-0.01,-1,-1,-0.01,-1,-1,-0.01,-1,-1,-0.01,-1,-1,-0.01,-1,-1
99926009,2026-05-18 10:18:36+05:30,52938.7,0,0.0,0,0.0,0.0,53282.15,53308.4,52783.45,53710.35,0,0.0,0.0,0.0,0.0,-0.01,-1,-1,-0.01,-1,-1,-0.01,-1,-1,-0.01,-1,-1,-0.01,-1,-1,-0.01,-1,-1,-0.01,-1,-1,-0.01,-1,-1,-0.01,-1,-1,-0.01,-1,-1
99926009,2026-05-18 10:18:36+05:30,52939.65,0,0.0,0,0.0,0.0,53282.15,53308.4,52783.45,53710.35,0,0.0,0.0,0.0,0.0,-0.01,-1,-1,-0.01,-1,-1,-0.01,-1,-1,-0.01,-1,-1,-0.01,-1,-1,-0.01,-1,-1,-0.01,-1,-1,-0.01,-1,-1,-0.01,-1,-1,-0.01,-1,-1
99926009,2026-05-18 10:18:37+05:30,52940.2,0,0.0,0,0.0,0.0,53282.15,53308.4,52783.45,53710.35,0,0.0,0.0,0.0,0.0,-0.01,-1,-1,-0.01,-1,-1,-0.01,-1,-1,-0.01,-1,-1,-0.01,-1,-1,-0.01,-1,-1,-0.01,-1,-1,-0.01,-1,-1,-0.01,-1,-1,-0.01,-1,-1
99926009,2026-05-18 10:18:37+05:30,52940.0,0,0.0,0,0.0,0.0,53282.15,53308.4,52783.45,53710.35,0,0.0,0.0,0.0,0.0,-0.01,-1,-1,-0.01,-1,-1,-0.01,-1,-1,-0.01,-1,-1,-0.01,-1,-1,-0.01,-1,-1,-0.01,-1,-1,-0.01,-1,-1,-0.01,-1,-1,-0.01,-1,-1
99926009,2026-05-18 10:18:38+05:30,52941.9,0,0.0,0,0.0,0.0,53282.15,53308.4,52783.45,53710.35,0,0.0,0.0,0.0,0.0,-0.01,-1,-1,-0.01,-1,-1,-0.01,-1,-1,-0.01,-1,-1,-0.01,-1,-1,-0.01,-1,-1,-0.01,-1,-1,-0.01,-1,-1,-0.01,-1,-1,-0.01,-1,-1
99926009,2026-05-18 10:18:38+05:30,52934.45,0,0.0,0,0.0,0.0,53282.15,53308.4,52783.45,53710.35,0,0.0,0.0,0.0,0.0,-0.01,-1,-1,-0.01,-1,-1,-0.01,-1,-1,-0.01,-1,-1,-0.01,-1,-1,-0.01,-1,-1,-0.01,-1,-1,-0.01,-1,-1,-0.01,-1,-1,-0.01,-1,-1
99926009,2026-05-18 10:18:39+05:30,52937.0,0,0.0,0,0.0,0.0,53282.15,53308.4,52783.45,53710.35,0,0.0,0.0,0.0,0.0,-0.01,-1,-1,-0.01,-1,-1,-0.01,-1,-1,-0.01,-1,-1,-0.01,-1,-1,-0.01,-1,-1,-0.01,-1,-1,-0.01,-1,-1,-0.01,-1,-1,-0.01,-1,-1
99926009,2026-05-18 10:18:39+05:30,52941.3,0,0.0,0,0.0,0.0,53282.15,53308.4,52783.45,53710.35,0,0.0,0.0,0.0,0.0,-0.01,-1,-1,-0.01,-1,-1,-0.01,-1,-1,-0.01,-1,-1,-0.01,-1,-1,-0.01,-1,-1,-0.01,-1,-1,-0.01,-1,-1,-0.01,-1,-1,-0.01,-1,-1
99926009,2026-05-18 10:18:40+05:30,52939.8,0,0.0,0,0.0,0.0,53282.15,53308.4,52783.45,53710.35,0,0.0,0.0,0.0,0.0,-0.01,-1,-1,-0.01,-1,-1,-0.01,-1,-1,-0.01,-1,-1,-0.01,-1,-1,-0.01,-1,-1,-0.01,-1,-1,-0.01,-1,-1,-0.01,-1,-1,-0.01,-1,-1
99926009,2026-05-18 10:18:40+05:30,52940.65,0,0.0,0,0.0,0.0,53282.15,53308.4,52783.45,53710.35,0,0.0,0.0,0.0,0.0,-0.01,-1,-1,-0.01,-1,-1,-0.01,-1,-1,-0.01,-1,-1,-0.01,-1,-1,-0.01,-1,-1,-0.01,-1,-1,-0.01,-1,-1,-0.01,-1,-1,-0.01,-1,-1
99926009,2026-05-18 10:18:41+05:30,52941.25,0,0.0,0,0.0,0.0,53282.15,53308.4,52783.45,53710.35,0,0.0,0.0,0.0,0.0,-0.01,-1,-1,-0.01,-1,-1,-0.01,-1,-1,-0.01,-1,-1,-0.01,-1,-1,-0.01,-1,-1,-0.01,-1,-1,-0.01,-1,-1,-0.01,-1,-1,-0.01,-1,-1
99926009,2026-05-18 10:18:41+05:30,52941.8,0,0.0,0,0.0,0.0,53282.15,53308.4,52783.45,53710.35,0,0.0,0.0,0.0,0.0,-0.01,-1,-1,-0.01,-1,-1,-0.01,-1,-1,-0.01,-1,-1,-0.01,-1,-1,-0.01,-1,-1,-0.01,-1,-1,-0.01,-1,-1,-0.01,-1,-1,-0.01,-1,-1
99926009,2026-05-18 10:18:42+05:30,52943.2,0,0.0,0,0.0,0.0,53282.15,53308.4,52783.45,53710.35,0,0.0,0.0,0.0,0.0,-0.01,-1,-1,-0.01,-1,-1,-0.01,-1,-1,-0.01,-1,-1,-0.01,-1,-1,-0.01,-1,-1,-0.01,-1,-1,-0.01,-1,-1,-0.01,-1,-1,-0.01,-1,-1
99926009,2026-05-18 10:18:42+05:30,52942.0,0,0.0,0,0.0,0.0,53282.15,53308.4,52783.45,53710.35,0,0.0,0.0,0.0,0.0,-0.01,-1,-1,-0.01,-1,-1,-0.01,-1,-1,-0.01,-1,-1,-0.01,-1,-1,-0.01,-1,-1,-0.01,-1,-1,-0.01,-1,-1,-0.01,-1,-1,-0.01,-1,-1
99926009,2026-05-18 10:18:43+05:30,52942.45,0,0.0,0,0.0,0.0,53282.15,53308.4,52783.45,53710.35,0,0.0,0.0,0.0,0.0,-0.01,-1,-1,-0.01,-1,-1,-0.01,-1,-1,-0.01,-1,-1,-0.01,-1,-1,-0.01,-1,-1,-0.01,-1,-1,-0.01,-1,-1,-0.01,-1,-1,-0.01,-1,-1
99926009,2026-05-18 10:18:43+05:30,52941.05,0,0.0,0,0.0,0.0,53282.15,53308.4,52783.45,53710.35,0,0.0,0.0,0.0,0.0,-0.01,-1,-1,-0.01,-1,-1,-0.01,-1,-1,-0.01,-1,-1,-0.01,-1,-1,-0.01,-1,-1,-0.01,-1,-1,-0.01,-1,-1,-0.01,-1,-1,-0.01,-1,-1
99926009,2026-05-18 10:18:44+05:30,52941.45,0,0.0,0,0.0,0.0,53282.15,53308.4,52783.45,53710.35,0,0.0,0.0,0.0,0.0,-0.01,-1,-1,-0.01,-1,-1,-0.01,-1,-1,-0.01,-1,-1,-0.01,-1,-1,-0.01,-1,-1,-0.01,-1,-1,-0.01,-1,-1,-0.01,-1,-1,-0.01,-1,-1
99926009,2026-05-18 10:18:44+05:30,52940.6,0,0.0,0,0.0,0.0,53282.15,53308.4,52783.45,53710.35,0,0.0,0.0,0.0,0.0,-0.01,-1,-1,-0.01,-1,-1,-0.01,-1,-1,-0.01,-1,-1,-0.01,-1,-1,-0.01,-1,-1,-0.01,-1,-1,-0.01,-1,-1,-0.01,-1,-1,-0.01,-1,-1
99926009,2026-05-18 10:18:45+05:30,52942.7,0,0.0,0,0.0,0.0,53282.15,53308.4,52783.45,53710.35,0,0.0,0.0,0.0,0.0,-0.01,-1,-1,-0.01,-1,-1,-0.01,-1,-1,-0.01,-1,-1,-0.01,-1,-1,-0.01,-1,-1,-0.01,-1,-1,-0.01,-1,-1,-0.01,-1,-1,-0.01,-1,-1
99926009,2026-05-18 10:18:45+05:30,52942.95,0,0.0,0,0.0,0.0,53282.15,53308.4,52783.45,53710.35,0,0.0,0.0,0.0,0.0,-0.01,-1,-1,-0.01,-1,-1,-0.01,-1,-1,-0.01,-1,-1,-0.01,-1,-1,-0.01,-1,-1,-0.01,-1,-1,-0.01,-1,-1,-0.01,-1,-1,-0.01,-1,-1
99926009,2026-05-18 10:18:46+05:30,52945.05,0,0.0,0,0.0,0.0,53282.15,53308.4,52783.45,53710.35,0,0.0,0.0,0.0,0.0,-0.01,-1,-1,-0.01,-1,-1,-0.01,-1,-1,-0.01,-1,-1,-0.01,-1,-1,-0.01,-1,-1,-0.01,-1,-1,-0.01,-1,-1,-0.01,-1,-1,-0.01,-1,-1
99926009,2026-05-18 10:18:46+05:30,52944.6,0,0.0,0,0.0,0.0,53282.15,53308.4,52783.45,53710.35,0,0.0,0.0,0.0,0.0,-0.01,-1,-1,-0.01,-1,-1,-0.01,-1,-1,-0.01,-1,-1,-0.01,-1,-1,-0.01,-1,-1,-0.01,-1,-1,-0.01,-1,-1,-0.01,-1,-1,-0.01,-1,-1
99926009,2026-05-18 10:18:47+05:30,52946.3,0,0.0,0,0.0,0.0,53282.15,53308.4,52783.45,53710.35,0,0.0,0.0,0.0,0.0,-0.01,-1,-1,-0.01,-1,-1,-0.01,-1,-1,-0.01,-1,-1,-0.01,-1,-1,-0.01,-1,-1,-0.01,-1,-1,-0.01,-1,-1,-0.01,-1,-1,-0.01,-1,-1
99926009,2026-05-18 10:18:47+05:30,52945.95,0,0.0,0,0.0,0.0,53282.15,53308.4,52783.45,53710.35,0,0.0,0.0,0.0,0.0,-0.01,-1,-1,-0.01,-1,-1,-0.01,-1,-1,-0.01,-1,-1,-0.01,-1,-1,-0.01,-1,-1,-0.01,-1,-1,-0.01,-1,-1,-0.01,-1,-1,-0.01,-1,-1
99926009,2026-05-18 10:18:48+05:30,52947.55,0,0.0,0,0.0,0.0,53282.15,53308.4,52783.45,53710.35,0,0.0,0.0,0.0,0.0,-0.01,-1,-1,-0.01,-1,-1,-0.01,-1,-1,-0.01,-1,-1,-0.01,-1,-1,-0.01,-1,-1,-0.01,-1,-1,-0.01,-1,-1,-0.01,-1,-1,-0.01,-1,-1
99926009,2026-05-18 10:18:48+05:30,52945.65,0,0.0,0,0.0,0.0,53282.15,53308.4,52783.45,53710.35,0,0.0,0.0,0.0,0.0,-0.01,-1,-1,-0.01,-1,-1,-0.01,-1,-1,-0.01,-1,-1,-0.01,-1,-1,-0.01,-1,-1,-0.01,-1,-1,-0.01,-1,-1,-0.01,-1,-1,-0.01,-1,-1
99926009,2026-05-18 10:18:49+05:30,52945.5,0,0.0,0,0.0,0.0,53282.15,53308.4,52783.45,53710.35,0,0.0,0.0,0.0,0.0,-0.01,-1,-1,-0.01,-1,-1,-0.01,-1,-1,-0.01,-1,-1,-0.01,-1,-1,-0.01,-1,-1,-0.01,-1,-1,-0.01,-1,-1,-0.01,-1,-1,-0.01,-1,-1
99926009,2026-05-18 10:18:49+05:30,52945.2,0,0.0,0,0.0,0.0,53282.15,53308.4,52783.45,53710.35,0,0.0,0.0,0.0,0.0,-0.01,-1,-1,-0.01,-1,-1,-0.01,-1,-1,-0.01,-1,-1,-0.01,-1,-1,-0.01,-1,-1,-0.01,-1,-1,-0.01,-1,-1,-0.01,-1,-1,-0.01,-1,-1
99926009,2026-05-18 10:18:50+05:30,52947.2,0,0.0,0,0.0,0.0,53282.15,53308.4,52783.45,53710.35,0,0.0,0.0,0.0,0.0,-0.01,-1,-1,-0.01,-1,-1,-0.01,-1,-1,-0.01,-1,-1,-0.01,-1,-1,-0.01,-1,-1,-0.01,-1,-1,-0.01,-1,-1,-0.01,-1,-1,-0.01,-1,-1
99926009,2026-05-18 10:18:50+05:30,52944.35,0,0.0,0,0.0,0.0,53282.15,53308.4,52783.45,53710.35,0,0.0,0.0,0.0,0.0,-0.01,-1,-1,-0.01,-1,-1,-0.01,-1,-1,-0.01,-1,-1,-0.01,-1,-1,-0.01,-1,-1,-0.01,-1,-1,-0.01,-1,-1,-0.01,-1,-1,-0.01,-1,-1
99926009,2026-05-18 10:18:51+05:30,52942.25,0,0.0,0,0.0,0.0,53282.15,53308.4,52783.45,53710.35,0,0.0,0.0,0.0,0.0,-0.01,-1,-1,-0.01,-1,-1,-0.01,-1,-1,-0.01,-1,-1,-0.01,-1,-1,-0.01,-1,-1,-0.01,-1,-1,-0.01,-1,-1,-0.01,-1,-1,-0.01,-1,-1
99926009,2026-05-18 10:18:51+05:30,52944.4,0,0.0,0,0.0,0.0,53282.15,53308.4,52783.45,53710.35,0,0.0,0.0,0.0,0.0,-0.01,-1,-1,-0.01,-1,-1,-0.01,-1,-1,-0.01,-1,-1,-0.01,-1,-1,-0.01,-1,-1,-0.01,-1,-1,-0.01,-1,-1,-0.01,-1,-1,-0.01,-1,-1
99926009,2026-05-18 10:18:52+05:30,52944.15,0,0.0,0,0.0,0.0,53282.15,53308.4,52783.45,53710.35,0,0.0,0.0,0.0,0.0,-0.01,-1,-1,-0.01,-1,-1,-0.01,-1,-1,-0.01,-1,-1,-0.01,-1,-1,-0.01,-1,-1,-0.01,-1,-1,-0.01,-1,-1,-0.01,-1,-1,-0.01,-1,-1
99926009,2026-05-18 10:18:52+05:30,52943.6,0,0.0,0,0.0,0.0,53282.15,53308.4,52783.45,53710.35,0,0.0,0.0,0.0,0.0,-0.01,-1,-1,-0.01,-1,-1,-0.01,-1,-1,-0.01,-1,-1,-0.01,-1,-1,-0.01,-1,-1,-0.01,-1,-1,-0.01,-1,-1,-0.01,-1,-1,-0.01,-1,-1
99926009,2026-05-18 10:18:53+05:30,52943.5,0,0.0,0,0.0,0.0,53282.15,53308.4,52783.45,53710.35,0,0.0,0.0,0.0,0.0,-0.01,-1,-1,-0.01,-1,-1,-0.01,-1,-1,-0.01,-1,-1,-0.01,-1,-1,-0.01,-1,-1,-0.01,-1,-1,-0.01,-1,-1,-0.01,-1,-1,-0.01,-1,-1
99926009,2026-05-18 10:18:53+05:30,52944.8,0,0.0,0,0.0,0.0,53282.15,53308.4,52783.45,53710.35,0,0.0,0.0,0.0,0.0,-0.01,-1,-1,-0.01,-1,-1,-0.01,-1,-1,-0.01,-1,-1,-0.01,-1,-1,-0.01,-1,-1,-0.01,-1,-1,-0.01,-1,-1,-0.01,-1,-1,-0.01,-1,-1
99926009,2026-05-18 10:18:54+05:30,52944.1,0,0.0,0,0.0,0.0,53282.15,53308.4,52783.45,53710.35,0,0.0,0.0,0.0,0.0,-0.01,-1,-1,-0.01,-1,-1,-0.01,-1,-1,-0.01,-1,-1,-0.01,-1,-1,-0.01,-1,-1,-0.01,-1,-1,-0.01,-1,-1,-0.01,-1,-1,-0.01,-1,-1
99926009,2026-05-18 10:18:54+05:30,52943.45,0,0.0,0,0.0,0.0,53282.15,53308.4,52783.45,53710.35,0,0.0,0.0,0.0,0.0,-0.01,-1,-1,-0.01,-1,-1,-0.01,-1,-1,-0.01,-1,-1,-0.01,-1,-1,-0.01,-1,-1,-0.01,-1,-1,-0.01,-1,-1,-0.01,-1,-1,-0.01,-1,-1
99926009,2026-05-18 10:18:55+05:30,52946.65,0,0.0,0,0.0,0.0,53282.15,53308.4,52783.45,53710.35,0,0.0,0.0,0.0,0.0,-0.01,-1,-1,-0.01,-1,-1,-0.01,-1,-1,-0.01,-1,-1,-0.01,-1,-1,-0.01,-1,-1,-0.01,-1,-1,-0.01,-1,-1,-0.01,-1,-1,-0.01,-1,-1
99926009,2026-05-18 10:18:55+05:30,52944.2,0,0.0,0,0.0,0.0,53282.15,53308.4,52783.45,53710.35,0,0.0,0.0,0.0,0.0,-0.01,-1,-1,-0.01,-1,-1,-0.01,-1,-1,-0.01,-1,-1,-0.01,-1,-1,-0.01,-1,-1,-0.01,-1,-1,-0.01,-1,-1,-0.01,-1,-1,-0.01,-1,-1
99926009,2026-05-18 10:18:56+05:30,52943.95,0,0.0,0,0.0,0.0,53282.15,53308.4,52783.45,53710.35,0,0.0,0.0,0.0,0.0,-0.01,-1,-1,-0.01,-1,-1,-0.01,-1,-1,-0.01,-1,-1,-0.01,-1,-1,-0.01,-1,-1,-0.01,-1,-1,-0.01,-1,-1,-0.01,-1,-1,-0.01,-1,-1
99926009,2026-05-18 10:18:56+05:30,52945.75,0,0.0,0,0.0,0.0,53282.15,53308.4,52783.45,53710.35,0,0.0,0.0,0.0,0.0,-0.01,-1,-1,-0.01,-1,-1,-0.01,-1,-1,-0.01,-1,-1,-0.01,-1,-1,-0.01,-1,-1,-0.01,-1,-1,-0.01,-1,-1,-0.01,-1,-1,-0.01,-1,-1
99926009,2026-05-18 10:18:57+05:30,52944.95,0,0.0,0,0.0,0.0,53282.15,53308.4,52783.45,53710.35,0,0.0,0.0,0.0,0.0,-0.01,-1,-1,-0.01,-1,-1,-0.01,-1,-1,-0.01,-1,-1,-0.01,-1,-1,-0.01,-1,-1,-0.01,-1,-1,-0.01,-1,-1,-0.01,-1,-1,-0.01,-1,-1
99926009,2026-05-18 10:18:57+05:30,52943.35,0,0.0,0,0.0,0.0,53282.15,53308.4,52783.45,53710.35,0,0.0,0.0,0.0,0.0,-0.01,-1,-1,-0.01,-1,-1,-0.01,-1,-1,-0.01,-1,-1,-0.01,-1,-1,-0.01,-1,-1,-0.01,-1,-1,-0.01,-1,-1,-0.01,-1,-1,-0.01,-1,-1
99926009,2026-05-18 10:18:58+05:30,52944.45,0,0.0,0,0.0,0.0,53282.15,53308.4,52783.45,53710.35,0,0.0,0.0,0.0,0.0,-0.01,-1,-1,-0.01,-1,-1,-0.01,-1,-1,-0.01,-1,-1,-0.01,-1,-1,-0.01,-1,-1,-0.01,-1,-1,-0.01,-1,-1,-0.01,-1,-1,-0.01,-1,-1
99926009,2026-05-18 10:18:58+05:30,52943.25,0,0.0,0,0.0,0.0,53282.15,53308.4,52783.45,53710.35,0,0.0,0.0,0.0,0.0,-0.01,-1,-1,-0.01,-1,-1,-0.01,-1,-1,-0.01,-1,-1,-0.01,-1,-1,-0.01,-1,-1,-0.01,-1,-1,-0.01,-1,-1,-0.01,-1,-1,-0.01,-1,-1
99926009,2026-05-18 10:18:59+05:30,52945.95,0,0.0,0,0.0,0.0,53282.15,53308.4,52783.45,53710.35,0,0.0,0.0,0.0,0.0,-0.01,-1,-1,-0.01,-1,-1,-0.01,-1,-1,-0.01,-1,-1,-0.01,-1,-1,-0.01,-1,-1,-0.01,-1,-1,-0.01,-1,-1,-0.01,-1,-1,-0.01,-1,-1
99926009,2026-05-18 10:18:59+05:30,52945.25,0,0.0,0,0.0,0.0,53282.15,53308.4,52783.45,53710.35,0,0.0,0.0,0.0,0.0,-0.01,-1,-1,-0.01,-1,-1,-0.01,-1,-1,-0.01,-1,-1,-0.01,-1,-1,-0.01,-1,-1,-0.01,-1,-1,-0.01,-1,-1,-0.01,-1,-1,-0.01,-1,-1
99926009,2026-05-18 10:19:00+05:30,52946.0,0,0.0,0,0.0,0.0,53282.15,53308.4,52783.45,53710.35,0,0.0,0.0,0.0,0.0,-0.01,-1,-1,-0.01,-1,-1,-0.01,-1,-1,-0.01,-1,-1,-0.01,-1,-1,-0.01,-1,-1,-0.01,-1,-1,-0.01,-1,-1,-0.01,-1,-1,-0.01,-1,-1
99926009,2026-05-18 10:19:00+05:30,52944.1,0,0.0,0,0.0,0.0,53282.15,53308.4,52783.45,53710.35,0,0.0,0.0,0.0,0.0,-0.01,-1,-1,-0.01,-1,-1,-0.01,-1,-1,-0.01,-1,-1,-0.01,-1,-1,-0.01,-1,-1,-0.01,-1,-1,-0.01,-1,-1,-0.01,-1,-1,-0.01,-1,-1
99926009,2026-05-18 10:19:01+05:30,52948.2,0,0.0,0,0.0,0.0,53282.15,53308.4,52783.45,53710.35,0,0.0,0.0,0.0,0.0,-0.01,-1,-1,-0.01,-1,-1,-0.01,-1,-1,-0.01,-1,-1,-0.01,-1,-1,-0.01,-1,-1,-0.01,-1,-1,-0.01,-1,-1,-0.01,-1,-1,-0.01,-1,-1
99926009,2026-05-18 10:19:01+05:30,52949.7,0,0.0,0,0.0,0.0,53282.15,53308.4,52783.45,53710.35,0,0.0,0.0,0.0,0.0,-0.01,-1,-1,-0.01,-1,-1,-0.01,-1,-1,-0.01,-1,-1,-0.01,-1,-1,-0.01,-1,-1,-0.01,-1,-1,-0.01,-1,-1,-0.01,-1,-1,-0.01,-1,-1
99926009,2026-05-18 10:19:02+05:30,52946.35,0,0.0,0,0.0,0.0,53282.15,53308.4,52783.45,53710.35,0,0.0,0.0,0.0,0.0,-0.01,-1,-1,-0.01,-1,-1,-0.01,-1,-1,-0.01,-1,-1,-0.01,-1,-1,-0.01,-1,-1,-0.01,-1,-1,-0.01,-1,-1,-0.01,-1,-1,-0.01,-1,-1
99926009,2026-05-18 10:19:02+05:30,52946.25,0,0.0,0,0.0,0.0,53282.15,53308.4,52783.45,53710.35,0,0.0,0.0,0.0,0.0,-0.01,-1,-1,-0.01,-1,-1,-0.01,-1,-1,-0.01,-1,-1,-0.01,-1,-1,-0.01,-1,-1,-0.01,-1,-1,-0.01,-1,-1,-0.01,-1,-1,-0.01,-1,-1
99926009,2026-05-18 10:19:03+05:30,52945.3,0,0.0,0,0.0,0.0,53282.15,53308.4,52783.45,53710.35,0,0.0,0.0,0.0,0.0,-0.01,-1,-1,-0.01,-1,-1,-0.01,-1,-1,-0.01,-1,-1,-0.01,-1,-1,-0.01,-1,-1,-0.01,-1,-1,-0.01,-1,-1,-0.01,-1,-1,-0.01,-1,-1
99926009,2026-05-18 10:19:03+05:30,52945.9,0,0.0,0,0.0,0.0,53282.15,53308.4,52783.45,53710.35,0,0.0,0.0,0.0,0.0,-0.01,-1,-1,-0.01,-1,-1,-0.01,-1,-1,-0.01,-1,-1,-0.01,-1,-1,-0.01,-1,-1,-0.01,-1,-1,-0.01,-1,-1,-0.01,-1,-1,-0.01,-1,-1
99926009,2026-05-18 10:19:04+05:30,52949.7,0,0.0,0,0.0,0.0,53282.15,53308.4,52783.45,53710.35,0,0.0,0.0,0.0,0.0,-0.01,-1,-1,-0.01,-1,-1,-0.01,-1,-1,-0.01,-1,-1,-0.01,-1,-1,-0.01,-1,-1,-0.01,-1,-1,-0.01,-1,-1,-0.01,-1,-1,-0.01,-1,-1
99926009,2026-05-18 10:19:04+05:30,52945.7,0,0.0,0,0.0,0.0,53282.15,53308.4,52783.45,53710.35,0,0.0,0.0,0.0,0.0,-0.01,-1,-1,-0.01,-1,-1,-0.01,-1,-1,-0.01,-1,-1,-0.01,-1,-1,-0.01,-1,-1,-0.01,-1,-1,-0.01,-1,-1,-0.01,-1,-1,-0.01,-1,-1
99926009,2026-05-18 10:19:05+05:30,52948.3,0,0.0,0,0.0,0.0,53282.15,53308.4,52783.45,53710.35,0,0.0,0.0,0.0,0.0,-0.01,-1,-1,-0.01,-1,-1,-0.01,-1,-1,-0.01,-1,-1,-0.01,-1,-1,-0.01,-1,-1,-0.01,-1,-1,-0.01,-1,-1,-0.01,-1,-1,-0.01,-1,-1
99926009,2026-05-18 10:19:05+05:30,52949.5,0,0.0,0,0.0,0.0,53282.15,53308.4,52783.45,53710.35,0,0.0,0.0,0.0,0.0,-0.01,-1,-1,-0.01,-1,-1,-0.01,-1,-1,-0.01,-1,-1,-0.01,-1,-1,-0.01,-1,-1,-0.01,-1,-1,-0.01,-1,-1,-0.01,-1,-1,-0.01,-1,-1
99926009,2026-05-18 10:19:06+05:30,52947.25,0,0.0,0,0.0,0.0,53282.15,53308.4,52783.45,53710.35,0,0.0,0.0,0.0,0.0,-0.01,-1,-1,-0.01,-1,-1,-0.01,-1,-1,-0.01,-1,-1,-0.01,-1,-1,-0.01,-1,-1,-0.01,-1,-1,-0.01,-1,-1,-0.01,-1,-1,-0.01,-1,-1
99926009,2026-05-18 10:19:06+05:30,52948.7,0,0.0,0,0.0,0.0,53282.15,53308.4,52783.45,53710.35,0,0.0,0.0,0.0,0.0,-0.01,-1,-1,-0.01,-1,-1,-0.01,-1,-1,-0.01,-1,-1,-0.01,-1,-1,-0.01,-1,-1,-0.01,-1,-1,-0.01,-1,-1,-0.01,-1,-1,-0.01,-1,-1
99926009,2026-05-18 10:19:07+05:30,52947.9,0,0.0,0,0.0,0.0,53282.15,53308.4,52783.45,53710.35,0,0.0,0.0,0.0,0.0,-0.01,-1,-1,-0.01,-1,-1,-0.01,-1,-1,-0.01,-1,-1,-0.01,-1,-1,-0.01,-1,-1,-0.01,-1,-1,-0.01,-1,-1,-0.01,-1,-1,-0.01,-1,-1
99926009,2026-05-18 10:19:07+05:30,52947.55,0,0.0,0,0.0,0.0,53282.15,53308.4,52783.45,53710.35,0,0.0,0.0,0.0,0.0,-0.01,-1,-1,-0.01,-1,-1,-0.01,-1,-1,-0.01,-1,-1,-0.01,-1,-1,-0.01,-1,-1,-0.01,-1,-1,-0.01,-1,-1,-0.01,-1,-1,-0.01,-1,-1
99926009,2026-05-18 10:19:08+05:30,52947.5,0,0.0,0,0.0,0.0,53282.15,53308.4,52783.45,53710.35,0,0.0,0.0,0.0,0.0,-0.01,-1,-1,-0.01,-1,-1,-0.01,-1,-1,-0.01,-1,-1,-0.01,-1,-1,-0.01,-1,-1,-0.01,-1,-1,-0.01,-1,-1,-0.01,-1,-1,-0.01,-1,-1
99926009,2026-05-18 10:19:08+05:30,52949.95,0,0.0,0,0.0,0.0,53282.15,53308.4,52783.45,53710.35,0,0.0,0.0,0.0,0.0,-0.01,-1,-1,-0.01,-1,-1,-0.01,-1,-1,-0.01,-1,-1,-0.01,-1,-1,-0.01,-1,-1,-0.01,-1,-1,-0.01,-1,-1,-0.01,-1,-1,-0.01,-1,-1
99926009,2026-05-18 10:19:09+05:30,52950.0,0,0.0,0,0.0,0.0,53282.15,53308.4,52783.45,53710.35,0,0.0,0.0,0.0,0.0,-0.01,-1,-1,-0.01,-1,-1,-0.01,-1,-1,-0.01,-1,-1,-0.01,-1,-1,-0.01,-1,-1,-0.01,-1,-1,-0.01,-1,-1,-0.01,-1,-1,-0.01,-1,-1
99926009,2026-05-18 10:19:09+05:30,52950.7,0,0.0,0,0.0,0.0,53282.15,53308.4,52783.45,53710.35,0,0.0,0.0,0.0,0.0,-0.01,-1,-1,-0.01,-1,-1,-0.01,-1,-1,-0.01,-1,-1,-0.01,-1,-1,-0.01,-1,-1,-0.01,-1,-1,-0.01,-1,-1,-0.01,-1,-1,-0.01,-1,-1
99926009,2026-05-18 10:19:10+05:30,52950.4,0,0.0,0,0.0,0.0,53282.15,53308.4,52783.45,53710.35,0,0.0,0.0,0.0,0.0,-0.01,-1,-1,-0.01,-1,-1,-0.01,-1,-1,-0.01,-1,-1,-0.01,-1,-1,-0.01,-1,-1,-0.01,-1,-1,-0.01,-1,-1,-0.01,-1,-1,-0.01,-1,-1
99926009,2026-05-18 10:19:10+05:30,52949.95,0,0.0,0,0.0,0.0,53282.15,53308.4,52783.45,53710.35,0,0.0,0.0,0.0,0.0,-0.01,-1,-1,-0.01,-1,-1,-0.01,-1,-1,-0.01,-1,-1,-0.01,-1,-1,-0.01,-1,-1,-0.01,-1,-1,-0.01,-1,-1,-0.01,-1,-1,-0.01,-1,-1
99926009,2026-05-18 10:19:11+05:30,52946.25,0,0.0,0,0.0,0.0,53282.15,53308.4,52783.45,53710.35,0,0.0,0.0,0.0,0.0,-0.01,-1,-1,-0.01,-1,-1,-0.01,-1,-1,-0.01,-1,-1,-0.01,-1,-1,-0.01,-1,-1,-0.01,-1,-1,-0.01,-1,-1,-0.01,-1,-1,-0.01,-1,-1
99926009,2026-05-18 10:19:11+05:30,52946.75,0,0.0,0,0.0,0.0,53282.15,53308.4,52783.45,53710.35,0,0.0,0.0,0.0,0.0,-0.01,-1,-1,-0.01,-1,-1,-0.01,-1,-1,-0.01,-1,-1,-0.01,-1,-1,-0.01,-1,-1,-0.01,-1,-1,-0.01,-1,-1,-0.01,-1,-1,-0.01,-1,-1
99926009,2026-05-18 10:19:12+05:30,52949.1,0,0.0,0,0.0,0.0,53282.15,53308.4,52783.45,53710.35,0,0.0,0.0,0.0,0.0,-0.01,-1,-1,-0.01,-1,-1,-0.01,-1,-1,-0.01,-1,-1,-0.01,-1,-1,-0.01,-1,-1,-0.01,-1,-1,-0.01,-1,-1,-0.01,-1,-1,-0.01,-1,-1
99926009,2026-05-18 10:19:12+05:30,52950.75,0,0.0,0,0.0,0.0,53282.15,53308.4,52783.45,53710.35,0,0.0,0.0,0.0,0.0,-0.01,-1,-1,-0.01,-1,-1,-0.01,-1,-1,-0.01,-1,-1,-0.01,-1,-1,-0.01,-1,-1,-0.01,-1,-1,-0.01,-1,-1,-0.01,-1,-1,-0.01,-1,-1
99926009,2026-05-18 10:19:13+05:30,52948.8,0,0.0,0,0.0,0.0,53282.15,53308.4,52783.45,53710.35,0,0.0,0.0,0.0,0.0,-0.01,-1,-1,-0.01,-1,-1,-0.01,-1,-1,-0.01,-1,-1,-0.01,-1,-1,-0.01,-1,-1,-0.01,-1,-1,-0.01,-1,-1,-0.01,-1,-1,-0.01,-1,-1
99926009,2026-05-18 10:19:13+05:30,52946.2,0,0.0,0,0.0,0.0,53282.15,53308.4,52783.45,53710.35,0,0.0,0.0,0.0,0.0,-0.01,-1,-1,-0.01,-1,-1,-0.01,-1,-1,-0.01,-1,-1,-0.01,-1,-1,-0.01,-1,-1,-0.01,-1,-1,-0.01,-1,-1,-0.01,-1,-1,-0.01,-1,-1
99926009,2026-05-18 10:19:14+05:30,52948.9,0,0.0,0,0.0,0.0,53282.15,53308.4,52783.45,53710.35,0,0.0,0.0,0.0,0.0,-0.01,-1,-1,-0.01,-1,-1,-0.01,-1,-1,-0.01,-1,-1,-0.01,-1,-1,-0.01,-1,-1,-0.01,-1,-1,-0.01,-1,-1,-0.01,-1,-1,-0.01,-1,-1
99926009,2026-05-18 10:19:14+05:30,52949.35,0,0.0,0,0.0,0.0,53282.15,53308.4,52783.45,53710.35,0,0.0,0.0,0.0,0.0,-0.01,-1,-1,-0.01,-1,-1,-0.01,-1,-1,-0.01,-1,-1,-0.01,-1,-1,-0.01,-1,-1,-0.01,-1,-1,-0.01,-1,-1,-0.01,-1,-1,-0.01,-1,-1
99926009,2026-05-18 10:19:15+05:30,52949.5,0,0.0,0,0.0,0.0,53282.15,53308.4,52783.45,53710.35,0,0.0,0.0,0.0,0.0,-0.01,-1,-1,-0.01,-1,-1,-0.01,-1,-1,-0.01,-1,-1,-0.01,-1,-1,-0.01,-1,-1,-0.01,-1,-1,-0.01,-1,-1,-0.01,-1,-1,-0.01,-1,-1
99926009,2026-05-18 10:19:15+05:30,52948.1,0,0.0,0,0.0,0.0,53282.15,53308.4,52783.45,53710.35,0,0.0,0.0,0.0,0.0,-0.01,-1,-1,-0.01,-1,-1,-0.01,-1,-1,-0.01,-1,-1,-0.01,-1,-1,-0.01,-1,-1,-0.01,-1,-1,-0.01,-1,-1,-0.01,-1,-1,-0.01,-1,-1
99926009,2026-05-18 10:19:16+05:30,52947.35,0,0.0,0,0.0,0.0,53282.15,53308.4,52783.45,53710.35,0,0.0,0.0,0.0,0.0,-0.01,-1,-1,-0.01,-1,-1,-0.01,-1,-1,-0.01,-1,-1,-0.01,-1,-1,-0.01,-1,-1,-0.01,-1,-1,-0.01,-1,-1,-0.01,-1,-1,-0.01,-1,-1
99926009,2026-05-18 10:19:16+05:30,52947.7,0,0.0,0,0.0,0.0,53282.15,53308.4,52783.45,53710.35,0,0.0,0.0,0.0,0.0,-0.01,-1,-1,-0.01,-1,-1,-0.01,-1,-1,-0.01,-1,-1,-0.01,-1,-1,-0.01,-1,-1,-0.01,-1,-1,-0.01,-1,-1,-0.01,-1,-1,-0.01,-1,-1
99926009,2026-05-18 10:19:17+05:30,52946.7,0,0.0,0,0.0,0.0,53282.15,53308.4,52783.45,53710.35,0,0.0,0.0,0.0,0.0,-0.01,-1,-1,-0.01,-1,-1,-0.01,-1,-1,-0.01,-1,-1,-0.01,-1,-1,-0.01,-1,-1,-0.01,-1,-1,-0.01,-1,-1,-0.01,-1,-1,-0.01,-1,-1
99926009,2026-05-18 10:19:17+05:30,52945.55,0,0.0,0,0.0,0.0,53282.15,53308.4,52783.45,53710.35,0,0.0,0.0,0.0,0.0,-0.01,-1,-1,-0.01,-1,-1,-0.01,-1,-1,-0.01,-1,-1,-0.01,-1,-1,-0.01,-1,-1,-0.01,-1,-1,-0.01,-1,-1,-0.01,-1,-1,-0.01,-1,-1
99926009,2026-05-18 10:19:18+05:30,52944.55,0,0.0,0,0.0,0.0,53282.15,53308.4,52783.45,53710.35,0,0.0,0.0,0.0,0.0,-0.01,-1,-1,-0.01,-1,-1,-0.01,-1,-1,-0.01,-1,-1,-0.01,-1,-1,-0.01,-1,-1,-0.01,-1,-1,-0.01,-1,-1,-0.01,-1,-1,-0.01,-1,-1
99926009,2026-05-18 10:19:18+05:30,52945.1,0,0.0,0,0.0,0.0,53282.15,53308.4,52783.45,53710.35,0,0.0,0.0,0.0,0.0,-0.01,-1,-1,-0.01,-1,-1,-0.01,-1,-1,-0.01,-1,-1,-0.01,-1,-1,-0.01,-1,-1,-0.01,-1,-1,-0.01,-1,-1,-0.01,-1,-1,-0.01,-1,-1
99926009,2026-05-18 10:19:19+05:30,52946.15,0,0.0,0,0.0,0.0,53282.15,53308.4,52783.45,53710.35,0,0.0,0.0,0.0,0.0,-0.01,-1,-1,-0.01,-1,-1,-0.01,-1,-1,-0.01,-1,-1,-0.01,-1,-1,-0.01,-1,-1,-0.01,-1,-1,-0.01,-1,-1,-0.01,-1,-1,-0.01,-1,-1
99926009,2026-05-18 10:19:19+05:30,52947.25,0,0.0,0,0.0,0.0,53282.15,53308.4,52783.45,53710.35,0,0.0,0.0,0.0,0.0,-0.01,-1,-1,-0.01,-1,-1,-0.01,-1,-1,-0.01,-1,-1,-0.01,-1,-1,-0.01,-1,-1,-0.01,-1,-1,-0.01,-1,-1,-0.01,-1,-1,-0.01,-1,-1
99926009,2026-05-18 10:19:20+05:30,52949.9,0,0.0,0,0.0,0.0,53282.15,53308.4,52783.45,53710.35,0,0.0,0.0,0.0,0.0,-0.01,-1,-1,-0.01,-1,-1,-0.01,-1,-1,-0.01,-1,-1,-0.01,-1,-1,-0.01,-1,-1,-0.01,-1,-1,-0.01,-1,-1,-0.01,-1,-1,-0.01,-1,-1
99926009,2026-05-18 10:19:20+05:30,52949.45,0,0.0,0,0.0,0.0,53282.15,53308.4,52783.45,53710.35,0,0.0,0.0,0.0,0.0,-0.01,-1,-1,-0.01,-1,-1,-0.01,-1,-1,-0.01,-1,-1,-0.01,-1,-1,-0.01,-1,-1,-0.01,-1,-1,-0.01,-1,-1,-0.01,-1,-1,-0.01,-1,-1
99926009,2026-05-18 10:19:21+05:30,52947.0,0,0.0,0,0.0,0.0,53282.15,53308.4,52783.45,53710.35,0,0.0,0.0,0.0,0.0,-0.01,-1,-1,-0.01,-1,-1,-0.01,-1,-1,-0.01,-1,-1,-0.01,-1,-1,-0.01,-1,-1,-0.01,-1,-1,-0.01,-1,-1,-0.01,-1,-1,-0.01,-1,-1
99926009,2026-05-18 10:19:21+05:30,52948.8,0,0.0,0,0.0,0.0,53282.15,53308.4,52783.45,53710.35,0,0.0,0.0,0.0,0.0,-0.01,-1,-1,-0.01,-1,-1,-0.01,-1,-1,-0.01,-1,-1,-0.01,-1,-1,-0.01,-1,-1,-0.01,-1,-1,-0.01,-1,-1,-0.01,-1,-1,-0.01,-1,-1
99926009,2026-05-18 10:19:22+05:30,52950.1,0,0.0,0,0.0,0.0,53282.15,53308.4,52783.45,53710.35,0,0.0,0.0,0.0,0.0,-0.01,-1,-1,-0.01,-1,-1,-0.01,-1,-1,-0.01,-1,-1,-0.01,-1,-1,-0.01,-1,-1,-0.01,-1,-1,-0.01,-1,-1,-0.01,-1,-1,-0.01,-1,-1
99926009,2026-05-18 10:19:22+05:30,52949.2,0,0.0,0,0.0,0.0,53282.15,53308.4,52783.45,53710.35,0,0.0,0.0,0.0,0.0,-0.01,-1,-1,-0.01,-1,-1,-0.01,-1,-1,-0.01,-1,-1,-0.01,-1,-1,-0.01,-1,-1,-0.01,-1,-1,-0.01,-1,-1,-0.01,-1,-1,-0.01,-1,-1
99926009,2026-05-18 10:19:23+05:30,52949.25,0,0.0,0,0.0,0.0,53282.15,53308.4,52783.45,53710.35,0,0.0,0.0,0.0,0.0,-0.01,-1,-1,-0.01,-1,-1,-0.01,-1,-1,-0.01,-1,-1,-0.01,-1,-1,-0.01,-1,-1,-0.01,-1,-1,-0.01,-1,-1,-0.01,-1,-1,-0.01,-1,-1
99926009,2026-05-18 10:19:23+05:30,52948.8,0,0.0,0,0.0,0.0,53282.15,53308.4,52783.45,53710.35,0,0.0,0.0,0.0,0.0,-0.01,-1,-1,-0.01,-1,-1,-0.01,-1,-1,-0.01,-1,-1,-0.01,-1,-1,-0.01,-1,-1,-0.01,-1,-1,-0.01,-1,-1,-0.01,-1,-1,-0.01,-1,-1
99926009,2026-05-18 10:19:24+05:30,52949.9,0,0.0,0,0.0,0.0,53282.15,53308.4,52783.45,53710.35,0,0.0,0.0,0.0,0.0,-0.01,-1,-1,-0.01,-1,-1,-0.01,-1,-1,-0.01,-1,-1,-0.01,-1,-1,-0.01,-1,-1,-0.01,-1,-1,-0.01,-1,-1,-0.01,-1,-1,-0.01,-1,-1
99926009,2026-05-18 10:19:24+05:30,52949.25,0,0.0,0,0.0,0.0,53282.15,53308.4,52783.45,53710.35,0,0.0,0.0,0.0,0.0,-0.01,-1,-1,-0.01,-1,-1,-0.01,-1,-1,-0.01,-1,-1,-0.01,-1,-1,-0.01,-1,-1,-0.01,-1,-1,-0.01,-1,-1,-0.01,-1,-1,-0.01,-1,-1
99926009,2026-05-18 10:19:25+05:30,52951.2,0,0.0,0,0.0,0.0,53282.15,53308.4,52783.45,53710.35,0,0.0,0.0,0.0,0.0,-0.01,-1,-1,-0.01,-1,-1,-0.01,-1,-1,-0.01,-1,-1,-0.01,-1,-1,-0.01,-1,-1,-0.01,-1,-1,-0.01,-1,-1,-0.01,-1,-1,-0.01,-1,-1
99926009,2026-05-18 10:19:25+05:30,52948.3,0,0.0,0,0.0,0.0,53282.15,53308.4,52783.45,53710.35,0,0.0,0.0,0.0,0.0,-0.01,-1,-1,-0.01,-1,-1,-0.01,-1,-1,-0.01,-1,-1,-0.01,-1,-1,-0.01,-1,-1,-0.01,-1,-1,-0.01,-1,-1,-0.01,-1,-1,-0.01,-1,-1
99926009,2026-05-18 10:19:26+05:30,52947.4,0,0.0,0,0.0,0.0,53282.15,53308.4,52783.45,53710.35,0,0.0,0.0,0.0,0.0,-0.01,-1,-1,-0.01,-1,-1,-0.01,-1,-1,-0.01,-1,-1,-0.01,-1,-1,-0.01,-1,-1,-0.01,-1,-1,-0.01,-1,-1,-0.01,-1,-1,-0.01,-1,-1
99926009,2026-05-18 10:19:26+05:30,52948.25,0,0.0,0,0.0,0.0,53282.15,53308.4,52783.45,53710.35,0,0.0,0.0,0.0,0.0,-0.01,-1,-1,-0.01,-1,-1,-0.01,-1,-1,-0.01,-1,-1,-0.01,-1,-1,-0.01,-1,-1,-0.01,-1,-1,-0.01,-1,-1,-0.01,-1,-1,-0.01,-1,-1
99926009,2026-05-18 10:19:27+05:30,52948.55,0,0.0,0,0.0,0.0,53282.15,53308.4,52783.45,53710.35,0,0.0,0.0,0.0,0.0,-0.01,-1,-1,-0.01,-1,-1,-0.01,-1,-1,-0.01,-1,-1,-0.01,-1,-1,-0.01,-1,-1,-0.01,-1,-1,-0.01,-1,-1,-0.01,-1,-1,-0.01,-1,-1
99926009,2026-05-18 10:19:27+05:30,52946.75,0,0.0,0,0.0,0.0,53282.15,53308.4,52783.45,53710.35,0,0.0,0.0,0.0,0.0,-0.01,-1,-1,-0.01,-1,-1,-0.01,-1,-1,-0.01,-1,-1,-0.01,-1,-1,-0.01,-1,-1,-0.01,-1,-1,-0.01,-1,-1,-0.01,-1,-1,-0.01,-1,-1
99926009,2026-05-18 10:19:28+05:30,52946.8,0,0.0,0,0.0,0.0,53282.15,53308.4,52783.45,53710.35,0,0.0,0.0,0.0,0.0,-0.01,-1,-1,-0.01,-1,-1,-0.01,-1,-1,-0.01,-1,-1,-0.01,-1,-1,-0.01,-1,-1,-0.01,-1,-1,-0.01,-1,-1,-0.01,-1,-1,-0.01,-1,-1
99926009,2026-05-18 10:19:28+05:30,52946.25,0,0.0,0,0.0,0.0,53282.15,53308.4,52783.45,53710.35,0,0.0,0.0,0.0,0.0,-0.01,-1,-1,-0.01,-1,-1,-0.01,-1,-1,-0.01,-1,-1,-0.01,-1,-1,-0.01,-1,-1,-0.01,-1,-1,-0.01,-1,-1,-0.01,-1,-1,-0.01,-1,-1
99926009,2026-05-18 10:19:29+05:30,52947.5,0,0.0,0,0.0,0.0,53282.15,53308.4,52783.45,53710.35,0,0.0,0.0,0.0,0.0,-0.01,-1,-1,-0.01,-1,-1,-0.01,-1,-1,-0.01,-1,-1,-0.01,-1,-1,-0.01,-1,-1,-0.01,-1,-1,-0.01,-1,-1,-0.01,-1,-1,-0.01,-1,-1
99926009,2026-05-18 10:19:29+05:30,52947.7,0,0.0,0,0.0,0.0,53282.15,53308.4,52783.45,53710.35,0,0.0,0.0,0.0,0.0,-0.01,-1,-1,-0.01,-1,-1,-0.01,-1,-1,-0.01,-1,-1,-0.01,-1,-1,-0.01,-1,-1,-0.01,-1,-1,-0.01,-1,-1,-0.01,-1,-1,-0.01,-1,-1
99926009,2026-05-18 10:19:30+05:30,52948.65,0,0.0,0,0.0,0.0,53282.15,53308.4,52783.45,53710.35,0,0.0,0.0,0.0,0.0,-0.01,-1,-1,-0.01,-1,-1,-0.01,-1,-1,-0.01,-1,-1,-0.01,-1,-1,-0.01,-1,-1,-0.01,-1,-1,-0.01,-1,-1,-0.01,-1,-1,-0.01,-1,-1
99926009,2026-05-18 10:19:30+05:30,52949.45,0,0.0,0,0.0,0.0,53282.15,53308.4,52783.45,53710.35,0,0.0,0.0,0.0,0.0,-0.01,-1,-1,-0.01,-1,-1,-0.01,-1,-1,-0.01,-1,-1,-0.01,-1,-1,-0.01,-1,-1,-0.01,-1,-1,-0.01,-1,-1,-0.01,-1,-1,-0.01,-1,-1
99926009,2026-05-18 10:19:31+05:30,52948.5,0,0.0,0,0.0,0.0,53282.15,53308.4,52783.45,53710.35,0,0.0,0.0,0.0,0.0,-0.01,-1,-1,-0.01,-1,-1,-0.01,-1,-1,-0.01,-1,-1,-0.01,-1,-1,-0.01,-1,-1,-0.01,-1,-1,-0.01,-1,-1,-0.01,-1,-1,-0.01,-1,-1
99926009,2026-05-18 10:19:31+05:30,52949.95,0,0.0,0,0.0,0.0,53282.15,53308.4,52783.45,53710.35,0,0.0,0.0,0.0,0.0,-0.01,-1,-1,-0.01,-1,-1,-0.01,-1,-1,-0.01,-1,-1,-0.01,-1,-1,-0.01,-1,-1,-0.01,-1,-1,-0.01,-1,-1,-0.01,-1,-1,-0.01,-1,-1
99926009,2026-05-18 10:19:32+05:30,52947.3,0,0.0,0,0.0,0.0,53282.15,53308.4,52783.45,53710.35,0,0.0,0.0,0.0,0.0,-0.01,-1,-1,-0.01,-1,-1,-0.01,-1,-1,-0.01,-1,-1,-0.01,-1,-1,-0.01,-1,-1,-0.01,-1,-1,-0.01,-1,-1,-0.01,-1,-1,-0.01,-1,-1
99926009,2026-05-18 10:19:32+05:30,52948.9,0,0.0,0,0.0,0.0,53282.15,53308.4,52783.45,53710.35,0,0.0,0.0,0.0,0.0,-0.01,-1,-1,-0.01,-1,-1,-0.01,-1,-1,-0.01,-1,-1,-0.01,-1,-1,-0.01,-1,-1,-0.01,-1,-1,-0.01,-1,-1,-0.01,-1,-1,-0.01,-1,-1
99926009,2026-05-18 10:19:33+05:30,52948.75,0,0.0,0,0.0,0.0,53282.15,53308.4,52783.45,53710.35,0,0.0,0.0,0.0,0.0,-0.01,-1,-1,-0.01,-1,-1,-0.01,-1,-1,-0.01,-1,-1,-0.01,-1,-1,-0.01,-1,-1,-0.01,-1,-1,-0.01,-1,-1,-0.01,-1,-1,-0.01,-1,-1
99926009,2026-05-18 10:19:33+05:30,52948.35,0,0.0,0,0.0,0.0,53282.15,53308.4,52783.45,53710.35,0,0.0,0.0,0.0,0.0,-0.01,-1,-1,-0.01,-1,-1,-0.01,-1,-1,-0.01,-1,-1,-0.01,-1,-1,-0.01,-1,-1,-0.01,-1,-1,-0.01,-1,-1,-0.01,-1,-1,-0.01,-1,-1
99926009,2026-05-18 10:19:34+05:30,52948.1,0,0.0,0,0.0,0.0,53282.15,53308.4,52783.45,53710.35,0,0.0,0.0,0.0,0.0,-0.01,-1,-1,-0.01,-1,-1,-0.01,-1,-1,-0.01,-1,-1,-0.01,-1,-1,-0.01,-1,-1,-0.01,-1,-1,-0.01,-1,-1,-0.01,-1,-1,-0.01,-1,-1
99926009,2026-05-18 10:19:34+05:30,52949.45,0,0.0,0,0.0,0.0,53282.15,53308.4,52783.45,53710.35,0,0.0,0.0,0.0,0.0,-0.01,-1,-1,-0.01,-1,-1,-0.01,-1,-1,-0.01,-1,-1,-0.01,-1,-1,-0.01,-1,-1,-0.01,-1,-1,-0.01,-1,-1,-0.01,-1,-1,-0.01,-1,-1
99926009,2026-05-18 10:19:35+05:30,52948.75,0,0.0,0,0.0,0.0,53282.15,53308.4,52783.45,53710.35,0,0.0,0.0,0.0,0.0,-0.01,-1,-1,-0.01,-1,-1,-0.01,-1,-1,-0.01,-1,-1,-0.01,-1,-1,-0.01,-1,-1,-0.01,-1,-1,-0.01,-1,-1,-0.01,-1,-1,-0.01,-1,-1
99926009,2026-05-18 10:19:35+05:30,52947.8,0,0.0,0,0.0,0.0,53282.15,53308.4,52783.45,53710.35,0,0.0,0.0,0.0,0.0,-0.01,-1,-1,-0.01,-1,-1,-0.01,-1,-1,-0.01,-1,-1,-0.01,-1,-1,-0.01,-1,-1,-0.01,-1,-1,-0.01,-1,-1,-0.01,-1,-1,-0.01,-1,-1
99926009,2026-05-18 10:19:36+05:30,52945.9,0,0.0,0,0.0,0.0,53282.15,53308.4,52783.45,53710.35,0,0.0,0.0,0.0,0.0,-0.01,-1,-1,-0.01,-1,-1,-0.01,-1,-1,-0.01,-1,-1,-0.01,-1,-1,-0.01,-1,-1,-0.01,-1,-1,-0.01,-1,-1,-0.01,-1,-1,-0.01,-1,-1
99926009,2026-05-18 10:19:36+05:30,52948.55,0,0.0,0,0.0,0.0,53282.15,53308.4,52783.45,53710.35,0,0.0,0.0,0.0,0.0,-0.01,-1,-1,-0.01,-1,-1,-0.01,-1,-1,-0.01,-1,-1,-0.01,-1,-1,-0.01,-1,-1,-0.01,-1,-1,-0.01,-1,-1,-0.01,-1,-1,-0.01,-1,-1
99926009,2026-05-18 10:19:37+05:30,52947.95,0,0.0,0,0.0,0.0,53282.15,53308.4,52783.45,53710.35,0,0.0,0.0,0.0,0.0,-0.01,-1,-1,-0.01,-1,-1,-0.01,-1,-1,-0.01,-1,-1,-0.01,-1,-1,-0.01,-1,-1,-0.01,-1,-1,-0.01,-1,-1,-0.01,-1,-1,-0.01,-1,-1
99926009,2026-05-18 10:19:37+05:30,52946.3,0,0.0,0,0.0,0.0,53282.15,53308.4,52783.45,53710.35,0,0.0,0.0,0.0,0.0,-0.01,-1,-1,-0.01,-1,-1,-0.01,-1,-1,-0.01,-1,-1,-0.01,-1,-1,-0.01,-1,-1,-0.01,-1,-1,-0.01,-1,-1,-0.01,-1,-1,-0.01,-1,-1
99926009,2026-05-18 10:19:38+05:30,52945.8,0,0.0,0,0.0,0.0,53282.15,53308.4,52783.45,53710.35,0,0.0,0.0,0.0,0.0,-0.01,-1,-1,-0.01,-1,-1,-0.01,-1,-1,-0.01,-1,-1,-0.01,-1,-1,-0.01,-1,-1,-0.01,-1,-1,-0.01,-1,-1,-0.01,-1,-1,-0.01,-1,-1
99926009,2026-05-18 10:19:38+05:30,52945.45,0,0.0,0,0.0,0.0,53282.15,53308.4,52783.45,53710.35,0,0.0,0.0,0.0,0.0,-0.01,-1,-1,-0.01,-1,-1,-0.01,-1,-1,-0.01,-1,-1,-0.01,-1,-1,-0.01,-1,-1,-0.01,-1,-1,-0.01,-1,-1,-0.01,-1,-1,-0.01,-1,-1
99926009,2026-05-18 10:19:39+05:30,52945.2,0,0.0,0,0.0,0.0,53282.15,53308.4,52783.45,53710.35,0,0.0,0.0,0.0,0.0,-0.01,-1,-1,-0.01,-1,-1,-0.01,-1,-1,-0.01,-1,-1,-0.01,-1,-1,-0.01,-1,-1,-0.01,-1,-1,-0.01,-1,-1,-0.01,-1,-1,-0.01,-1,-1
99926009,2026-05-18 10:19:39+05:30,52946.2,0,0.0,0,0.0,0.0,53282.15,53308.4,52783.45,53710.35,0,0.0,0.0,0.0,0.0,-0.01,-1,-1,-0.01,-1,-1,-0.01,-1,-1,-0.01,-1,-1,-0.01,-1,-1,-0.01,-1,-1,-0.01,-1,-1,-0.01,-1,-1,-0.01,-1,-1,-0.01,-1,-1
99926009,2026-05-18 10:19:40+05:30,52946.95,0,0.0,0,0.0,0.0,53282.15,53308.4,52783.45,53710.35,0,0.0,0.0,0.0,0.0,-0.01,-1,-1,-0.01,-1,-1,-0.01,-1,-1,-0.01,-1,-1,-0.01,-1,-1,-0.01,-1,-1,-0.01,-1,-1,-0.01,-1,-1,-0.01,-1,-1,-0.01,-1,-1
99926009,2026-05-18 10:19:40+05:30,52944.65,0,0.0,0,0.0,0.0,53282.15,53308.4,52783.45,53710.35,0,0.0,0.0,0.0,0.0,-0.01,-1,-1,-0.01,-1,-1,-0.01,-1,-1,-0.01,-1,-1,-0.01,-1,-1,-0.01,-1,-1,-0.01,-1,-1,-0.01,-1,-1,-0.01,-1,-1,-0.01,-1,-1
99926009,2026-05-18 10:19:41+05:30,52946.8,0,0.0,0,0.0,0.0,53282.15,53308.4,52783.45,53710.35,0,0.0,0.0,0.0,0.0,-0.01,-1,-1,-0.01,-1,-1,-0.01,-1,-1,-0.01,-1,-1,-0.01,-1,-1,-0.01,-1,-1,-0.01,-1,-1,-0.01,-1,-1,-0.01,-1,-1,-0.01,-1,-1
99926009,2026-05-18 10:19:41+05:30,52946.75,0,0.0,0,0.0,0.0,53282.15,53308.4,52783.45,53710.35,0,0.0,0.0,0.0,0.0,-0.01,-1,-1,-0.01,-1,-1,-0.01,-1,-1,-0.01,-1,-1,-0.01,-1,-1,-0.01,-1,-1,-0.01,-1,-1,-0.01,-1,-1,-0.01,-1,-1,-0.01,-1,-1
99926009,2026-05-18 10:19:42+05:30,52946.75,0,0.0,0,0.0,0.0,53282.15,53308.4,52783.45,53710.35,0,0.0,0.0,0.0,0.0,-0.01,-1,-1,-0.01,-1,-1,-0.01,-1,-1,-0.01,-1,-1,-0.01,-1,-1,-0.01,-1,-1,-0.01,-1,-1,-0.01,-1,-1,-0.01,-1,-1,-0.01,-1,-1
99926009,2026-05-18 10:19:42+05:30,52945.6,0,0.0,0,0.0,0.0,53282.15,53308.4,52783.45,53710.35,0,0.0,0.0,0.0,0.0,-0.01,-1,-1,-0.01,-1,-1,-0.01,-1,-1,-0.01,-1,-1,-0.01,-1,-1,-0.01,-1,-1,-0.01,-1,-1,-0.01,-1,-1,-0.01,-1,-1,-0.01,-1,-1
99926009,2026-05-18 10:19:43+05:30,52946.9,0,0.0,0,0.0,0.0,53282.15,53308.4,52783.45,53710.35,0,0.0,0.0,0.0,0.0,-0.01,-1,-1,-0.01,-1,-1,-0.01,-1,-1,-0.01,-1,-1,-0.01,-1,-1,-0.01,-1,-1,-0.01,-1,-1,-0.01,-1,-1,-0.01,-1,-1,-0.01,-1,-1
99926009,2026-05-18 10:19:43+05:30,52946.85,0,0.0,0,0.0,0.0,53282.15,53308.4,52783.45,53710.35,0,0.0,0.0,0.0,0.0,-0.01,-1,-1,-0.01,-1,-1,-0.01,-1,-1,-0.01,-1,-1,-0.01,-1,-1,-0.01,-1,-1,-0.01,-1,-1,-0.01,-1,-1,-0.01,-1,-1,-0.01,-1,-1
99926009,2026-05-18 10:19:44+05:30,52945.6,0,0.0,0,0.0,0.0,53282.15,53308.4,52783.45,53710.35,0,0.0,0.0,0.0,0.0,-0.01,-1,-1,-0.01,-1,-1,-0.01,-1,-1,-0.01,-1,-1,-0.01,-1,-1,-0.01,-1,-1,-0.01,-1,-1,-0.01,-1,-1,-0.01,-1,-1,-0.01,-1,-1
99926009,2026-05-18 10:19:44+05:30,52946.95,0,0.0,0,0.0,0.0,53282.15,53308.4,52783.45,53710.35,0,0.0,0.0,0.0,0.0,-0.01,-1,-1,-0.01,-1,-1,-0.01,-1,-1,-0.01,-1,-1,-0.01,-1,-1,-0.01,-1,-1,-0.01,-1,-1,-0.01,-1,-1,-0.01,-1,-1,-0.01,-1,-1
99926009,2026-05-18 10:19:45+05:30,52948.05,0,0.0,0,0.0,0.0,53282.15,53308.4,52783.45,53710.35,0,0.0,0.0,0.0,0.0,-0.01,-1,-1,-0.01,-1,-1,-0.01,-1,-1,-0.01,-1,-1,-0.01,-1,-1,-0.01,-1,-1,-0.01,-1,-1,-0.01,-1,-1,-0.01,-1,-1,-0.01,-1,-1
99926009,2026-05-18 10:19:45+05:30,52947.45,0,0.0,0,0.0,0.0,53282.15,53308.4,52783.45,53710.35,0,0.0,0.0,0.0,0.0,-0.01,-1,-1,-0.01,-1,-1,-0.01,-1,-1,-0.01,-1,-1,-0.01,-1,-1,-0.01,-1,-1,-0.01,-1,-1,-0.01,-1,-1,-0.01,-1,-1,-0.01,-1,-1
99926009,2026-05-18 10:19:46+05:30,52947.95,0,0.0,0,0.0,0.0,53282.15,53308.4,52783.45,53710.35,0,0.0,0.0,0.0,0.0,-0.01,-1,-1,-0.01,-1,-1,-0.01,-1,-1,-0.01,-1,-1,-0.01,-1,-1,-0.01,-1,-1,-0.01,-1,-1,-0.01,-1,-1,-0.01,-1,-1,-0.01,-1,-1
99926009,2026-05-18 10:19:46+05:30,52946.2,0,0.0,0,0.0,0.0,53282.15,53308.4,52783.45,53710.35,0,0.0,0.0,0.0,0.0,-0.01,-1,-1,-0.01,-1,-1,-0.01,-1,-1,-0.01,-1,-1,-0.01,-1,-1,-0.01,-1,-1,-0.01,-1,-1,-0.01,-1,-1,-0.01,-1,-1,-0.01,-1,-1
99926009,2026-05-18 10:19:47+05:30,52948.9,0,0.0,0,0.0,0.0,53282.15,53308.4,52783.45,53710.35,0,0.0,0.0,0.0,0.0,-0.01,-1,-1,-0.01,-1,-1,-0.01,-1,-1,-0.01,-1,-1,-0.01,-1,-1,-0.01,-1,-1,-0.01,-1,-1,-0.01,-1,-1,-0.01,-1,-1,-0.01,-1,-1
99926009,2026-05-18 10:19:47+05:30,52949.45,0,0.0,0,0.0,0.0,53282.15,53308.4,52783.45,53710.35,0,0.0,0.0,0.0,0.0,-0.01,-1,-1,-0.01,-1,-1,-0.01,-1,-1,-0.01,-1,-1,-0.01,-1,-1,-0.01,-1,-1,-0.01,-1,-1,-0.01,-1,-1,-0.01,-1,-1,-0.01,-1,-1
99926009,2026-05-18 10:19:48+05:30,52950.15,0,0.0,0,0.0,0.0,53282.15,53308.4,52783.45,53710.35,0,0.0,0.0,0.0,0.0,-0.01,-1,-1,-0.01,-1,-1,-0.01,-1,-1,-0.01,-1,-1,-0.01,-1,-1,-0.01,-1,-1,-0.01,-1,-1,-0.01,-1,-1,-0.01,-1,-1,-0.01,-1,-1
99926009,2026-05-18 10:19:48+05:30,52951.7,0,0.0,0,0.0,0.0,53282.15,53308.4,52783.45,53710.35,0,0.0,0.0,0.0,0.0,-0.01,-1,-1,-0.01,-1,-1,-0.01,-1,-1,-0.01,-1,-1,-0.01,-1,-1,-0.01,-1,-1,-0.01,-1,-1,-0.01,-1,-1,-0.01,-1,-1,-0.01,-1,-1
99926009,2026-05-18 10:19:49+05:30,52948.05,0,0.0,0,0.0,0.0,53282.15,53308.4,52783.45,53710.35,0,0.0,0.0,0.0,0.0,-0.01,-1,-1,-0.01,-1,-1,-0.01,-1,-1,-0.01,-1,-1,-0.01,-1,-1,-0.01,-1,-1,-0.01,-1,-1,-0.01,-1,-1,-0.01,-1,-1,-0.01,-1,-1
99926009,2026-05-18 10:19:49+05:30,52948.15,0,0.0,0,0.0,0.0,53282.15,53308.4,52783.45,53710.35,0,0.0,0.0,0.0,0.0,-0.01,-1,-1,-0.01,-1,-1,-0.01,-1,-1,-0.01,-1,-1,-0.01,-1,-1,-0.01,-1,-1,-0.01,-1,-1,-0.01,-1,-1,-0.01,-1,-1,-0.01,-1,-1
99926009,2026-05-18 10:19:50+05:30,52949.45,0,0.0,0,0.0,0.0,53282.15,53308.4,52783.45,53710.35,0,0.0,0.0,0.0,0.0,-0.01,-1,-1,-0.01,-1,-1,-0.01,-1,-1,-0.01,-1,-1,-0.01,-1,-1,-0.01,-1,-1,-0.01,-1,-1,-0.01,-1,-1,-0.01,-1,-1,-0.01,-1,-1
99926009,2026-05-18 10:19:50+05:30,52948.0,0,0.0,0,0.0,0.0,53282.15,53308.4,52783.45,53710.35,0,0.0,0.0,0.0,0.0,-0.01,-1,-1,-0.01,-1,-1,-0.01,-1,-1,-0.01,-1,-1,-0.01,-1,-1,-0.01,-1,-1,-0.01,-1,-1,-0.01,-1,-1,-0.01,-1,-1,-0.01,-1,-1
99926009,2026-05-18 10:19:51+05:30,52947.4,0,0.0,0,0.0,0.0,53282.15,53308.4,52783.45,53710.35,0,0.0,0.0,0.0,0.0,-0.01,-1,-1,-0.01,-1,-1,-0.01,-1,-1,-0.01,-1,-1,-0.01,-1,-1,-0.01,-1,-1,-0.01,-1,-1,-0.01,-1,-1,-0.01,-1,-1,-0.01,-1,-1
99926009,2026-05-18 10:19:51+05:30,52946.8,0,0.0,0,0.0,0.0,53282.15,53308.4,52783.45,53710.35,0,0.0,0.0,0.0,0.0,-0.01,-1,-1,-0.01,-1,-1,-0.01,-1,-1,-0.01,-1,-1,-0.01,-1,-1,-0.01,-1,-1,-0.01,-1,-1,-0.01,-1,-1,-0.01,-1,-1,-0.01,-1,-1
99926009,2026-05-18 10:19:52+05:30,52947.45,0,0.0,0,0.0,0.0,53282.15,53308.4,52783.45,53710.35,0,0.0,0.0,0.0,0.0,-0.01,-1,-1,-0.01,-1,-1,-0.01,-1,-1,-0.01,-1,-1,-0.01,-1,-1,-0.01,-1,-1,-0.01,-1,-1,-0.01,-1,-1,-0.01,-1,-1,-0.01,-1,-1
99926009,2026-05-18 10:19:52+05:30,52947.45,0,0.0,0,0.0,0.0,53282.15,53308.4,52783.45,53710.35,0,0.0,0.0,0.0,0.0,-0.01,-1,-1,-0.01,-1,-1,-0.01,-1,-1,-0.01,-1,-1,-0.01,-1,-1,-0.01,-1,-1,-0.01,-1,-1,-0.01,-1,-1,-0.01,-1,-1,-0.01,-1,-1
99926009,2026-05-18 10:19:53+05:30,52946.15,0,0.0,0,0.0,0.0,53282.15,53308.4,52783.45,53710.35,0,0.0,0.0,0.0,0.0,-0.01,-1,-1,-0.01,-1,-1,-0.01,-1,-1,-0.01,-1,-1,-0.01,-1,-1,-0.01,-1,-1,-0.01,-1,-1,-0.01,-1,-1,-0.01,-1,-1,-0.01,-1,-1
99926009,2026-05-18 10:19:53+05:30,52945.05,0,0.0,0,0.0,0.0,53282.15,53308.4,52783.45,53710.35,0,0.0,0.0,0.0,0.0,-0.01,-1,-1,-0.01,-1,-1,-0.01,-1,-1,-0.01,-1,-1,-0.01,-1,-1,-0.01,-1,-1,-0.01,-1,-1,-0.01,-1,-1,-0.01,-1,-1,-0.01,-1,-1
99926009,2026-05-18 10:19:54+05:30,52944.0,0,0.0,0,0.0,0.0,53282.15,53308.4,52783.45,53710.35,0,0.0,0.0,0.0,0.0,-0.01,-1,-1,-0.01,-1,-1,-0.01,-1,-1,-0.01,-1,-1,-0.01,-1,-1,-0.01,-1,-1,-0.01,-1,-1,-0.01,-1,-1,-0.01,-1,-1,-0.01,-1,-1
99926009,2026-05-18 10:19:54+05:30,52945.45,0,0.0,0,0.0,0.0,53282.15,53308.4,52783.45,53710.35,0,0.0,0.0,0.0,0.0,-0.01,-1,-1,-0.01,-1,-1,-0.01,-1,-1,-0.01,-1,-1,-0.01,-1,-1,-0.01,-1,-1,-0.01,-1,-1,-0.01,-1,-1,-0.01,-1,-1,-0.01,-1,-1
99926009,2026-05-18 10:19:55+05:30,52946.1,0,0.0,0,0.0,0.0,53282.15,53308.4,52783.45,53710.35,0,0.0,0.0,0.0,0.0,-0.01,-1,-1,-0.01,-1,-1,-0.01,-1,-1,-0.01,-1,-1,-0.01,-1,-1,-0.01,-1,-1,-0.01,-1,-1,-0.01,-1,-1,-0.01,-1,-1,-0.01,-1,-1
99926009,2026-05-18 10:19:55+05:30,52944.8,0,0.0,0,0.0,0.0,53282.15,53308.4,52783.45,53710.35,0,0.0,0.0,0.0,0.0,-0.01,-1,-1,-0.01,-1,-1,-0.01,-1,-1,-0.01,-1,-1,-0.01,-1,-1,-0.01,-1,-1,-0.01,-1,-1,-0.01,-1,-1,-0.01,-1,-1,-0.01,-1,-1
99926009,2026-05-18 10:19:56+05:30,52944.5,0,0.0,0,0.0,0.0,53282.15,53308.4,52783.45,53710.35,0,0.0,0.0,0.0,0.0,-0.01,-1,-1,-0.01,-1,-1,-0.01,-1,-1,-0.01,-1,-1,-0.01,-1,-1,-0.01,-1,-1,-0.01,-1,-1,-0.01,-1,-1,-0.01,-1,-1,-0.01,-1,-1
99926009,2026-05-18 10:19:56+05:30,52948.85,0,0.0,0,0.0,0.0,53282.15,53308.4,52783.45,53710.35,0,0.0,0.0,0.0,0.0,-0.01,-1,-1,-0.01,-1,-1,-0.01,-1,-1,-0.01,-1,-1,-0.01,-1,-1,-0.01,-1,-1,-0.01,-1,-1,-0.01,-1,-1,-0.01,-1,-1,-0.01,-1,-1
99926009,2026-05-18 10:19:57+05:30,52948.8,0,0.0,0,0.0,0.0,53282.15,53308.4,52783.45,53710.35,0,0.0,0.0,0.0,0.0,-0.01,-1,-1,-0.01,-1,-1,-0.01,-1,-1,-0.01,-1,-1,-0.01,-1,-1,-0.01,-1,-1,-0.01,-1,-1,-0.01,-1,-1,-0.01,-1,-1,-0.01,-1,-1
99926009,2026-05-18 10:19:57+05:30,52947.4,0,0.0,0,0.0,0.0,53282.15,53308.4,52783.45,53710.35,0,0.0,0.0,0.0,0.0,-0.01,-1,-1,-0.01,-1,-1,-0.01,-1,-1,-0.01,-1,-1,-0.01,-1,-1,-0.01,-1,-1,-0.01,-1,-1,-0.01,-1,-1,-0.01,-1,-1,-0.01,-1,-1
99926009,2026-05-18 10:19:58+05:30,52946.0,0,0.0,0,0.0,0.0,53282.15,53308.4,52783.45,53710.35,0,0.0,0.0,0.0,0.0,-0.01,-1,-1,-0.01,-1,-1,-0.01,-1,-1,-0.01,-1,-1,-0.01,-1,-1,-0.01,-1,-1,-0.01,-1,-1,-0.01,-1,-1,-0.01,-1,-1,-0.01,-1,-1
99926009,2026-05-18 10:19:58+05:30,52947.9,0,0.0,0,0.0,0.0,53282.15,53308.4,52783.45,53710.35,0,0.0,0.0,0.0,0.0,-0.01,-1,-1,-0.01,-1,-1,-0.01,-1,-1,-0.01,-1,-1,-0.01,-1,-1,-0.01,-1,-1,-0.01,-1,-1,-0.01,-1,-1,-0.01,-1,-1,-0.01,-1,-1
99926009,2026-05-18 10:19:59+05:30,52950.95,0,0.0,0,0.0,0.0,53282.15,53308.4,52783.45,53710.35,0,0.0,0.0,0.0,0.0,-0.01,-1,-1,-0.01,-1,-1,-0.01,-1,-1,-0.01,-1,-1,-0.01,-1,-1,-0.01,-1,-1,-0.01,-1,-1,-0.01,-1,-1,-0.01,-1,-1,-0.01,-1,-1
99926009,2026-05-18 10:19:59+05:30,52954.85,0,0.0,0,0.0,0.0,53282.15,53308.4,52783.45,53710.35,0,0.0,0.0,0.0,0.0,-0.01,-1,-1,-0.01,-1,-1,-0.01,-1,-1,-0.01,-1,-1,-0.01,-1,-1,-0.01,-1,-1,-0.01,-1,-1,-0.01,-1,-1,-0.01,-1,-1,-0.01,-1,-1
99926009,2026-05-18 10:20:00+05:30,52952.5,0,0.0,0,0.0,0.0,53282.15,53308.4,52783.45,53710.35,0,0.0,0.0,0.0,0.0,-0.01,-1,-1,-0.01,-1,-1,-0.01,-1,-1,-0.01,-1,-1,-0.01,-1,-1,-0.01,-1,-1,-0.01,-1,-1,-0.01,-1,-1,-0.01,-1,-1,-0.01,-1,-1
99926009,2026-05-18 10:20:00+05:30,52952.05,0,0.0,0,0.0,0.0,53282.15,53308.4,52783.45,53710.35,0,0.0,0.0,0.0,0.0,-0.01,-1,-1,-0.01,-1,-1,-0.01,-1,-1,-0.01,-1,-1,-0.01,-1,-1,-0.01,-1,-1,-0.01,-1,-1,-0.01,-1,-1,-0.01,-1,-1,-0.01,-1,-1
99926009,2026-05-18 10:20:01+05:30,52954.55,0,0.0,0,0.0,0.0,53282.15,53308.4,52783.45,53710.35,0,0.0,0.0,0.0,0.0,-0.01,-1,-1,-0.01,-1,-1,-0.01,-1,-1,-0.01,-1,-1,-0.01,-1,-1,-0.01,-1,-1,-0.01,-1,-1,-0.01,-1,-1,-0.01,-1,-1,-0.01,-1,-1
99926009,2026-05-18 10:20:01+05:30,52956.4,0,0.0,0,0.0,0.0,53282.15,53308.4,52783.45,53710.35,0,0.0,0.0,0.0,0.0,-0.01,-1,-1,-0.01,-1,-1,-0.01,-1,-1,-0.01,-1,-1,-0.01,-1,-1,-0.01,-1,-1,-0.01,-1,-1,-0.01,-1,-1,-0.01,-1,-1,-0.01,-1,-1
99926009,2026-05-18 10:20:02+05:30,52954.3,0,0.0,0,0.0,0.0,53282.15,53308.4,52783.45,53710.35,0,0.0,0.0,0.0,0.0,-0.01,-1,-1,-0.01,-1,-1,-0.01,-1,-1,-0.01,-1,-1,-0.01,-1,-1,-0.01,-1,-1,-0.01,-1,-1,-0.01,-1,-1,-0.01,-1,-1,-0.01,-1,-1
99926009,2026-05-18 10:20:02+05:30,52951.35,0,0.0,0,0.0,0.0,53282.15,53308.4,52783.45,53710.35,0,0.0,0.0,0.0,0.0,-0.01,-1,-1,-0.01,-1,-1,-0.01,-1,-1,-0.01,-1,-1,-0.01,-1,-1,-0.01,-1,-1,-0.01,-1,-1,-0.01,-1,-1,-0.01,-1,-1,-0.01,-1,-1
99926009,2026-05-18 10:20:03+05:30,52953.2,0,0.0,0,0.0,0.0,53282.15,53308.4,52783.45,53710.35,0,0.0,0.0,0.0,0.0,-0.01,-1,-1,-0.01,-1,-1,-0.01,-1,-1,-0.01,-1,-1,-0.01,-1,-1,-0.01,-1,-1,-0.01,-1,-1,-0.01,-1,-1,-0.01,-1,-1,-0.01,-1,-1
99926009,2026-05-18 10:20:03+05:30,52954.3,0,0.0,0,0.0,0.0,53282.15,53308.4,52783.45,53710.35,0,0.0,0.0,0.0,0.0,-0.01,-1,-1,-0.01,-1,-1,-0.01,-1,-1,-0.01,-1,-1,-0.01,-1,-1,-0.01,-1,-1,-0.01,-1,-1,-0.01,-1,-1,-0.01,-1,-1,-0.01,-1,-1
99926009,2026-05-18 10:20:04+05:30,52952.05,0,0.0,0,0.0,0.0,53282.15,53308.4,52783.45,53710.35,0,0.0,0.0,0.0,0.0,-0.01,-1,-1,-0.01,-1,-1,-0.01,-1,-1,-0.01,-1,-1,-0.01,-1,-1,-0.01,-1,-1,-0.01,-1,-1,-0.01,-1,-1,-0.01,-1,-1,-0.01,-1,-1
99926009,2026-05-18 10:20:05+05:30,52956.45,0,0.0,0,0.0,0.0,53282.15,53308.4,52783.45,53710.35,0,0.0,0.0,0.0,0.0,-0.01,-1,-1,-0.01,-1,-1,-0.01,-1,-1,-0.01,-1,-1,-0.01,-1,-1,-0.01,-1,-1,-0.01,-1,-1,-0.01,-1,-1,-0.01,-1,-1,-0.01,-1,-1
99926009,2026-05-18 10:20:05+05:30,52957.15,0,0.0,0,0.0,0.0,53282.15,53308.4,52783.45,53710.35,0,0.0,0.0,0.0,0.0,-0.01,-1,-1,-0.01,-1,-1,-0.01,-1,-1,-0.01,-1,-1,-0.01,-1,-1,-0.01,-1,-1,-0.01,-1,-1,-0.01,-1,-1,-0.01,-1,-1,-0.01,-1,-1
99926009,2026-05-18 10:20:06+05:30,52956.6,0,0.0,0,0.0,0.0,53282.15,53308.4,52783.45,53710.35,0,0.0,0.0,0.0,0.0,-0.01,-1,-1,-0.01,-1,-1,-0.01,-1,-1,-0.01,-1,-1,-0.01,-1,-1,-0.01,-1,-1,-0.01,-1,-1,-0.01,-1,-1,-0.01,-1,-1,-0.01,-1,-1
99926009,2026-05-18 10:20:06+05:30,52953.35,0,0.0,0,0.0,0.0,53282.15,53308.4,52783.45,53710.35,0,0.0,0.0,0.0,0.0,-0.01,-1,-1,-0.01,-1,-1,-0.01,-1,-1,-0.01,-1,-1,-0.01,-1,-1,-0.01,-1,-1,-0.01,-1,-1,-0.01,-1,-1,-0.01,-1,-1,-0.01,-1,-1
99926009,2026-05-18 10:20:07+05:30,52955.65,0,0.0,0,0.0,0.0,53282.15,53308.4,52783.45,53710.35,0,0.0,0.0,0.0,0.0,-0.01,-1,-1,-0.01,-1,-1,-0.01,-1,-1,-0.01,-1,-1,-0.01,-1,-1,-0.01,-1,-1,-0.01,-1,-1,-0.01,-1,-1,-0.01,-1,-1,-0.01,-1,-1
99926009,2026-05-18 10:20:07+05:30,52953.55,0,0.0,0,0.0,0.0,53282.15,53308.4,52783.45,53710.35,0,0.0,0.0,0.0,0.0,-0.01,-1,-1,-0.01,-1,-1,-0.01,-1,-1,-0.01,-1,-1,-0.01,-1,-1,-0.01,-1,-1,-0.01,-1,-1,-0.01,-1,-1,-0.01,-1,-1,-0.01,-1,-1
99926009,2026-05-18 10:20:08+05:30,52956.75,0,0.0,0,0.0,0.0,53282.15,53308.4,52783.45,53710.35,0,0.0,0.0,0.0,0.0,-0.01,-1,-1,-0.01,-1,-1,-0.01,-1,-1,-0.01,-1,-1,-0.01,-1,-1,-0.01,-1,-1,-0.01,-1,-1,-0.01,-1,-1,-0.01,-1,-1,-0.01,-1,-1
99926009,2026-05-18 10:20:08+05:30,52957.3,0,0.0,0,0.0,0.0,53282.15,53308.4,52783.45,53710.35,0,0.0,0.0,0.0,0.0,-0.01,-1,-1,-0.01,-1,-1,-0.01,-1,-1,-0.01,-1,-1,-0.01,-1,-1,-0.01,-1,-1,-0.01,-1,-1,-0.01,-1,-1,-0.01,-1,-1,-0.01,-1,-1
99926009,2026-05-18 10:20:09+05:30,52955.85,0,0.0,0,0.0,0.0,53282.15,53308.4,52783.45,53710.35,0,0.0,0.0,0.0,0.0,-0.01,-1,-1,-0.01,-1,-1,-0.01,-1,-1,-0.01,-1,-1,-0.01,-1,-1,-0.01,-1,-1,-0.01,-1,-1,-0.01,-1,-1,-0.01,-1,-1,-0.01,-1,-1
99926009,2026-05-18 10:20:09+05:30,52958.75,0,0.0,0,0.0,0.0,53282.15,53308.4,52783.45,53710.35,0,0.0,0.0,0.0,0.0,-0.01,-1,-1,-0.01,-1,-1,-0.01,-1,-1,-0.01,-1,-1,-0.01,-1,-1,-0.01,-1,-1,-0.01,-1,-1,-0.01,-1,-1,-0.01,-1,-1,-0.01,-1,-1
99926009,2026-05-18 10:20:10+05:30,52959.6,0,0.0,0,0.0,0.0,53282.15,53308.4,52783.45,53710.35,0,0.0,0.0,0.0,0.0,-0.01,-1,-1,-0.01,-1,-1,-0.01,-1,-1,-0.01,-1,-1,-0.01,-1,-1,-0.01,-1,-1,-0.01,-1,-1,-0.01,-1,-1,-0.01,-1,-1,-0.01,-1,-1
99926009,2026-05-18 10:20:10+05:30,52959.85,0,0.0,0,0.0,0.0,53282.15,53308.4,52783.45,53710.35,0,0.0,0.0,0.0,0.0,-0.01,-1,-1,-0.01,-1,-1,-0.01,-1,-1,-0.01,-1,-1,-0.01,-1,-1,-0.01,-1,-1,-0.01,-1,-1,-0.01,-1,-1,-0.01,-1,-1,-0.01,-1,-1
99926009,2026-05-18 10:20:11+05:30,52962.2,0,0.0,0,0.0,0.0,53282.15,53308.4,52783.45,53710.35,0,0.0,0.0,0.0,0.0,-0.01,-1,-1,-0.01,-1,-1,-0.01,-1,-1,-0.01,-1,-1,-0.01,-1,-1,-0.01,-1,-1,-0.01,-1,-1,-0.01,-1,-1,-0.01,-1,-1,-0.01,-1,-1
99926009,2026-05-18 10:20:11+05:30,52958.95,0,0.0,0,0.0,0.0,53282.15,53308.4,52783.45,53710.35,0,0.0,0.0,0.0,0.0,-0.01,-1,-1,-0.01,-1,-1,-0.01,-1,-1,-0.01,-1,-1,-0.01,-1,-1,-0.01,-1,-1,-0.01,-1,-1,-0.01,-1,-1,-0.01,-1,-1,-0.01,-1,-1
99926009,2026-05-18 10:20:12+05:30,52962.75,0,0.0,0,0.0,0.0,53282.15,53308.4,52783.45,53710.35,0,0.0,0.0,0.0,0.0,-0.01,-1,-1,-0.01,-1,-1,-0.01,-1,-1,-0.01,-1,-1,-0.01,-1,-1,-0.01,-1,-1,-0.01,-1,-1,-0.01,-1,-1,-0.01,-1,-1,-0.01,-1,-1
99926009,2026-05-18 10:20:12+05:30,52961.55,0,0.0,0,0.0,0.0,53282.15,53308.4,52783.45,53710.35,0,0.0,0.0,0.0,0.0,-0.01,-1,-1,-0.01,-1,-1,-0.01,-1,-1,-0.01,-1,-1,-0.01,-1,-1,-0.01,-1,-1,-0.01,-1,-1,-0.01,-1,-1,-0.01,-1,-1,-0.01,-1,-1
99926009,2026-05-18 10:20:13+05:30,52961.3,0,0.0,0,0.0,0.0,53282.15,53308.4,52783.45,53710.35,0,0.0,0.0,0.0,0.0,-0.01,-1,-1,-0.01,-1,-1,-0.01,-1,-1,-0.01,-1,-1,-0.01,-1,-1,-0.01,-1,-1,-0.01,-1,-1,-0.01,-1,-1,-0.01,-1,-1,-0.01,-1,-1
99926009,2026-05-18 10:20:13+05:30,52958.65,0,0.0,0,0.0,0.0,53282.15,53308.4,52783.45,53710.35,0,0.0,0.0,0.0,0.0,-0.01,-1,-1,-0.01,-1,-1,-0.01,-1,-1,-0.01,-1,-1,-0.01,-1,-1,-0.01,-1,-1,-0.01,-1,-1,-0.01,-1,-1,-0.01,-1,-1,-0.01,-1,-1
99926009,2026-05-18 10:20:14+05:30,52958.55,0,0.0,0,0.0,0.0,53282.15,53308.4,52783.45,53710.35,0,0.0,0.0,0.0,0.0,-0.01,-1,-1,-0.01,-1,-1,-0.01,-1,-1,-0.01,-1,-1,-0.01,-1,-1,-0.01,-1,-1,-0.01,-1,-1,-0.01,-1,-1,-0.01,-1,-1,-0.01,-1,-1
99926009,2026-05-18 10:20:14+05:30,52958.55,0,0.0,0,0.0,0.0,53282.15,53308.4,52783.45,53710.35,0,0.0,0.0,0.0,0.0,-0.01,-1,-1,-0.01,-1,-1,-0.01,-1,-1,-0.01,-1,-1,-0.01,-1,-1,-0.01,-1,-1,-0.01,-1,-1,-0.01,-1,-1,-0.01,-1,-1,-0.01,-1,-1
99926009,2026-05-18 10:20:15+05:30,52960.55,0,0.0,0,0.0,0.0,53282.15,53308.4,52783.45,53710.35,0,0.0,0.0,0.0,0.0,-0.01,-1,-1,-0.01,-1,-1,-0.01,-1,-1,-0.01,-1,-1,-0.01,-1,-1,-0.01,-1,-1,-0.01,-1,-1,-0.01,-1,-1,-0.01,-1,-1,-0.01,-1,-1
99926009,2026-05-18 10:20:15+05:30,52961.0,0,0.0,0,0.0,0.0,53282.15,53308.4,52783.45,53710.35,0,0.0,0.0,0.0,0.0,-0.01,-1,-1,-0.01,-1,-1,-0.01,-1,-1,-0.01,-1,-1,-0.01,-1,-1,-0.01,-1,-1,-0.01,-1,-1,-0.01,-1,-1,-0.01,-1,-1,-0.01,-1,-1
99926009,2026-05-18 10:20:16+05:30,52960.8,0,0.0,0,0.0,0.0,53282.15,53308.4,52783.45,53710.35,0,0.0,0.0,0.0,0.0,-0.01,-1,-1,-0.01,-1,-1,-0.01,-1,-1,-0.01,-1,-1,-0.01,-1,-1,-0.01,-1,-1,-0.01,-1,-1,-0.01,-1,-1,-0.01,-1,-1,-0.01,-1,-1
99926009,2026-05-18 10:20:16+05:30,52962.9,0,0.0,0,0.0,0.0,53282.15,53308.4,52783.45,53710.35,0,0.0,0.0,0.0,0.0,-0.01,-1,-1,-0.01,-1,-1,-0.01,-1,-1,-0.01,-1,-1,-0.01,-1,-1,-0.01,-1,-1,-0.01,-1,-1,-0.01,-1,-1,-0.01,-1,-1,-0.01,-1,-1
99926009,2026-05-18 10:20:17+05:30,52965.8,0,0.0,0,0.0,0.0,53282.15,53308.4,52783.45,53710.35,0,0.0,0.0,0.0,0.0,-0.01,-1,-1,-0.01,-1,-1,-0.01,-1,-1,-0.01,-1,-1,-0.01,-1,-1,-0.01,-1,-1,-0.01,-1,-1,-0.01,-1,-1,-0.01,-1,-1,-0.01,-1,-1
99926009,2026-05-18 10:20:17+05:30,52965.35,0,0.0,0,0.0,0.0,53282.15,53308.4,52783.45,53710.35,0,0.0,0.0,0.0,0.0,-0.01,-1,-1,-0.01,-1,-1,-0.01,-1,-1,-0.01,-1,-1,-0.01,-1,-1,-0.01,-1,-1,-0.01,-1,-1,-0.01,-1,-1,-0.01,-1,-1,-0.01,-1,-1
99926009,2026-05-18 10:20:18+05:30,52965.05,0,0.0,0,0.0,0.0,53282.15,53308.4,52783.45,53710.35,0,0.0,0.0,0.0,0.0,-0.01,-1,-1,-0.01,-1,-1,-0.01,-1,-1,-0.01,-1,-1,-0.01,-1,-1,-0.01,-1,-1,-0.01,-1,-1,-0.01,-1,-1,-0.01,-1,-1,-0.01,-1,-1
99926009,2026-05-18 10:20:18+05:30,52963.85,0,0.0,0,0.0,0.0,53282.15,53308.4,52783.45,53710.35,0,0.0,0.0,0.0,0.0,-0.01,-1,-1,-0.01,-1,-1,-0.01,-1,-1,-0.01,-1,-1,-0.01,-1,-1,-0.01,-1,-1,-0.01,-1,-1,-0.01,-1,-1,-0.01,-1,-1,-0.01,-1,-1
99926009,2026-05-18 10:20:19+05:30,52962.8,0,0.0,0,0.0,0.0,53282.15,53308.4,52783.45,53710.35,0,0.0,0.0,0.0,0.0,-0.01,-1,-1,-0.01,-1,-1,-0.01,-1,-1,-0.01,-1,-1,-0.01,-1,-1,-0.01,-1,-1,-0.01,-1,-1,-0.01,-1,-1,-0.01,-1,-1,-0.01,-1,-1
99926009,2026-05-18 10:20:19+05:30,52963.1,0,0.0,0,0.0,0.0,53282.15,53308.4,52783.45,53710.35,0,0.0,0.0,0.0,0.0,-0.01,-1,-1,-0.01,-1,-1,-0.01,-1,-1,-0.01,-1,-1,-0.01,-1,-1,-0.01,-1,-1,-0.01,-1,-1,-0.01,-1,-1,-0.01,-1,-1,-0.01,-1,-1
99926009,2026-05-18 10:20:20+05:30,52962.45,0,0.0,0,0.0,0.0,53282.15,53308.4,52783.45,53710.35,0,0.0,0.0,0.0,0.0,-0.01,-1,-1,-0.01,-1,-1,-0.01,-1,-1,-0.01,-1,-1,-0.01,-1,-1,-0.01,-1,-1,-0.01,-1,-1,-0.01,-1,-1,-0.01,-1,-1,-0.01,-1,-1
99926009,2026-05-18 10:20:20+05:30,52961.6,0,0.0,0,0.0,0.0,53282.15,53308.4,52783.45,53710.35,0,0.0,0.0,0.0,0.0,-0.01,-1,-1,-0.01,-1,-1,-0.01,-1,-1,-0.01,-1,-1,-0.01,-1,-1,-0.01,-1,-1,-0.01,-1,-1,-0.01,-1,-1,-0.01,-1,-1,-0.01,-1,-1
99926009,2026-05-18 10:20:21+05:30,52963.25,0,0.0,0,0.0,0.0,53282.15,53308.4,52783.45,53710.35,0,0.0,0.0,0.0,0.0,-0.01,-1,-1,-0.01,-1,-1,-0.01,-1,-1,-0.01,-1,-1,-0.01,-1,-1,-0.01,-1,-1,-0.01,-1,-1,-0.01,-1,-1,-0.01,-1,-1,-0.01,-1,-1
99926009,2026-05-18 10:20:21+05:30,52964.85,0,0.0,0,0.0,0.0,53282.15,53308.4,52783.45,53710.35,0,0.0,0.0,0.0,0.0,-0.01,-1,-1,-0.01,-1,-1,-0.01,-1,-1,-0.01,-1,-1,-0.01,-1,-1,-0.01,-1,-1,-0.01,-1,-1,-0.01,-1,-1,-0.01,-1,-1,-0.01,-1,-1
99926009,2026-05-18 10:20:22+05:30,52964.85,0,0.0,0,0.0,0.0,53282.15,53308.4,52783.45,53710.35,0,0.0,0.0,0.0,0.0,-0.01,-1,-1,-0.01,-1,-1,-0.01,-1,-1,-0.01,-1,-1,-0.01,-1,-1,-0.01,-1,-1,-0.01,-1,-1,-0.01,-1,-1,-0.01,-1,-1,-0.01,-1,-1
99926009,2026-05-18 10:20:22+05:30,52965.25,0,0.0,0,0.0,0.0,53282.15,53308.4,52783.45,53710.35,0,0.0,0.0,0.0,0.0,-0.01,-1,-1,-0.01,-1,-1,-0.01,-1,-1,-0.01,-1,-1,-0.01,-1,-1,-0.01,-1,-1,-0.01,-1,-1,-0.01,-1,-1,-0.01,-1,-1,-0.01,-1,-1
99926009,2026-05-18 10:20:23+05:30,52963.6,0,0.0,0,0.0,0.0,53282.15,53308.4,52783.45,53710.35,0,0.0,0.0,0.0,0.0,-0.01,-1,-1,-0.01,-1,-1,-0.01,-1,-1,-0.01,-1,-1,-0.01,-1,-1,-0.01,-1,-1,-0.01,-1,-1,-0.01,-1,-1,-0.01,-1,-1,-0.01,-1,-1
99926009,2026-05-18 10:20:23+05:30,52962.05,0,0.0,0,0.0,0.0,53282.15,53308.4,52783.45,53710.35,0,0.0,0.0,0.0,0.0,-0.01,-1,-1,-0.01,-1,-1,-0.01,-1,-1,-0.01,-1,-1,-0.01,-1,-1,-0.01,-1,-1,-0.01,-1,-1,-0.01,-1,-1,-0.01,-1,-1,-0.01,-1,-1
99926009,2026-05-18 10:20:24+05:30,52965.2,0,0.0,0,0.0,0.0,53282.15,53308.4,52783.45,53710.35,0,0.0,0.0,0.0,0.0,-0.01,-1,-1,-0.01,-1,-1,-0.01,-1,-1,-0.01,-1,-1,-0.01,-1,-1,-0.01,-1,-1,-0.01,-1,-1,-0.01,-1,-1,-0.01,-1,-1,-0.01,-1,-1
99926009,2026-05-18 10:20:24+05:30,52962.5,0,0.0,0,0.0,0.0,53282.15,53308.4,52783.45,53710.35,0,0.0,0.0,0.0,0.0,-0.01,-1,-1,-0.01,-1,-1,-0.01,-1,-1,-0.01,-1,-1,-0.01,-1,-1,-0.01,-1,-1,-0.01,-1,-1,-0.01,-1,-1,-0.01,-1,-1,-0.01,-1,-1
99926009,2026-05-18 10:20:25+05:30,52966.25,0,0.0,0,0.0,0.0,53282.15,53308.4,52783.45,53710.35,0,0.0,0.0,0.0,0.0,-0.01,-1,-1,-0.01,-1,-1,-0.01,-1,-1,-0.01,-1,-1,-0.01,-1,-1,-0.01,-1,-1,-0.01,-1,-1,-0.01,-1,-1,-0.01,-1,-1,-0.01,-1,-1
99926009,2026-05-18 10:20:25+05:30,52962.95,0,0.0,0,0.0,0.0,53282.15,53308.4,52783.45,53710.35,0,0.0,0.0,0.0,0.0,-0.01,-1,-1,-0.01,-1,-1,-0.01,-1,-1,-0.01,-1,-1,-0.01,-1,-1,-0.01,-1,-1,-0.01,-1,-1,-0.01,-1,-1,-0.01,-1,-1,-0.01,-1,-1
99926009,2026-05-18 10:20:26+05:30,52964.1,0,0.0,0,0.0,0.0,53282.15,53308.4,52783.45,53710.35,0,0.0,0.0,0.0,0.0,-0.01,-1,-1,-0.01,-1,-1,-0.01,-1,-1,-0.01,-1,-1,-0.01,-1,-1,-0.01,-1,-1,-0.01,-1,-1,-0.01,-1,-1,-0.01,-1,-1,-0.01,-1,-1
99926009,2026-05-18 10:20:26+05:30,52963.8,0,0.0,0,0.0,0.0,53282.15,53308.4,52783.45,53710.35,0,0.0,0.0,0.0,0.0,-0.01,-1,-1,-0.01,-1,-1,-0.01,-1,-1,-0.01,-1,-1,-0.01,-1,-1,-0.01,-1,-1,-0.01,-1,-1,-0.01,-1,-1,-0.01,-1,-1,-0.01,-1,-1
99926009,2026-05-18 10:20:27+05:30,52961.4,0,0.0,0,0.0,0.0,53282.15,53308.4,52783.45,53710.35,0,0.0,0.0,0.0,0.0,-0.01,-1,-1,-0.01,-1,-1,-0.01,-1,-1,-0.01,-1,-1,-0.01,-1,-1,-0.01,-1,-1,-0.01,-1,-1,-0.01,-1,-1,-0.01,-1,-1,-0.01,-1,-1
99926009,2026-05-18 10:20:27+05:30,52961.55,0,0.0,0,0.0,0.0,53282.15,53308.4,52783.45,53710.35,0,0.0,0.0,0.0,0.0,-0.01,-1,-1,-0.01,-1,-1,-0.01,-1,-1,-0.01,-1,-1,-0.01,-1,-1,-0.01,-1,-1,-0.01,-1,-1,-0.01,-1,-1,-0.01,-1,-1,-0.01,-1,-1
99926009,2026-05-18 10:20:28+05:30,52962.65,0,0.0,0,0.0,0.0,53282.15,53308.4,52783.45,53710.35,0,0.0,0.0,0.0,0.0,-0.01,-1,-1,-0.01,-1,-1,-0.01,-1,-1,-0.01,-1,-1,-0.01,-1,-1,-0.01,-1,-1,-0.01,-1,-1,-0.01,-1,-1,-0.01,-1,-1,-0.01,-1,-1
99926009,2026-05-18 10:20:28+05:30,52962.6,0,0.0,0,0.0,0.0,53282.15,53308.4,52783.45,53710.35,0,0.0,0.0,0.0,0.0,-0.01,-1,-1,-0.01,-1,-1,-0.01,-1,-1,-0.01,-1,-1,-0.01,-1,-1,-0.01,-1,-1,-0.01,-1,-1,-0.01,-1,-1,-0.01,-1,-1,-0.01,-1,-1
99926009,2026-05-18 10:20:29+05:30,52963.5,0,0.0,0,0.0,0.0,53282.15,53308.4,52783.45,53710.35,0,0.0,0.0,0.0,0.0,-0.01,-1,-1,-0.01,-1,-1,-0.01,-1,-1,-0.01,-1,-1,-0.01,-1,-1,-0.01,-1,-1,-0.01,-1,-1,-0.01,-1,-1,-0.01,-1,-1,-0.01,-1,-1
99926009,2026-05-18 10:20:29+05:30,52961.75,0,0.0,0,0.0,0.0,53282.15,53308.4,52783.45,53710.35,0,0.0,0.0,0.0,0.0,-0.01,-1,-1,-0.01,-1,-1,-0.01,-1,-1,-0.01,-1,-1,-0.01,-1,-1,-0.01,-1,-1,-0.01,-1,-1,-0.01,-1,-1,-0.01,-1,-1,-0.01,-1,-1
99926009,2026-05-18 10:20:30+05:30,52962.75,0,0.0,0,0.0,0.0,53282.15,53308.4,52783.45,53710.35,0,0.0,0.0,0.0,0.0,-0.01,-1,-1,-0.01,-1,-1,-0.01,-1,-1,-0.01,-1,-1,-0.01,-1,-1,-0.01,-1,-1,-0.01,-1,-1,-0.01,-1,-1,-0.01,-1,-1,-0.01,-1,-1
99926009,2026-05-18 10:20:30+05:30,52963.55,0,0.0,0,0.0,0.0,53282.15,53308.4,52783.45,53710.35,0,0.0,0.0,0.0,0.0,-0.01,-1,-1,-0.01,-1,-1,-0.01,-1,-1,-0.01,-1,-1,-0.01,-1,-1,-0.01,-1,-1,-0.01,-1,-1,-0.01,-1,-1,-0.01,-1,-1,-0.01,-1,-1
99926009,2026-05-18 10:20:31+05:30,52963.1,0,0.0,0,0.0,0.0,53282.15,53308.4,52783.45,53710.35,0,0.0,0.0,0.0,0.0,-0.01,-1,-1,-0.01,-1,-1,-0.01,-1,-1,-0.01,-1,-1,-0.01,-1,-1,-0.01,-1,-1,-0.01,-1,-1,-0.01,-1,-1,-0.01,-1,-1,-0.01,-1,-1
99926009,2026-05-18 10:20:31+05:30,52962.5,0,0.0,0,0.0,0.0,53282.15,53308.4,52783.45,53710.35,0,0.0,0.0,0.0,0.0,-0.01,-1,-1,-0.01,-1,-1,-0.01,-1,-1,-0.01,-1,-1,-0.01,-1,-1,-0.01,-1,-1,-0.01,-1,-1,-0.01,-1,-1,-0.01,-1,-1,-0.01,-1,-1
99926009,2026-05-18 10:20:32+05:30,52963.75,0,0.0,0,0.0,0.0,53282.15,53308.4,52783.45,53710.35,0,0.0,0.0,0.0,0.0,-0.01,-1,-1,-0.01,-1,-1,-0.01,-1,-1,-0.01,-1,-1,-0.01,-1,-1,-0.01,-1,-1,-0.01,-1,-1,-0.01,-1,-1,-0.01,-1,-1,-0.01,-1,-1
99926009,2026-05-18 10:20:32+05:30,52962.35,0,0.0,0,0.0,0.0,53282.15,53308.4,52783.45,53710.35,0,0.0,0.0,0.0,0.0,-0.01,-1,-1,-0.01,-1,-1,-0.01,-1,-1,-0.01,-1,-1,-0.01,-1,-1,-0.01,-1,-1,-0.01,-1,-1,-0.01,-1,-1,-0.01,-1,-1,-0.01,-1,-1
99926009,2026-05-18 10:20:33+05:30,52961.95,0,0.0,0,0.0,0.0,53282.15,53308.4,52783.45,53710.35,0,0.0,0.0,0.0,0.0,-0.01,-1,-1,-0.01,-1,-1,-0.01,-1,-1,-0.01,-1,-1,-0.01,-1,-1,-0.01,-1,-1,-0.01,-1,-1,-0.01,-1,-1,-0.01,-1,-1,-0.01,-1,-1
99926009,2026-05-18 10:20:33+05:30,52965.1,0,0.0,0,0.0,0.0,53282.15,53308.4,52783.45,53710.35,0,0.0,0.0,0.0,0.0,-0.01,-1,-1,-0.01,-1,-1,-0.01,-1,-1,-0.01,-1,-1,-0.01,-1,-1,-0.01,-1,-1,-0.01,-1,-1,-0.01,-1,-1,-0.01,-1,-1,-0.01,-1,-1
99926009,2026-05-18 10:20:34+05:30,52962.45,0,0.0,0,0.0,0.0,53282.15,53308.4,52783.45,53710.35,0,0.0,0.0,0.0,0.0,-0.01,-1,-1,-0.01,-1,-1,-0.01,-1,-1,-0.01,-1,-1,-0.01,-1,-1,-0.01,-1,-1,-0.01,-1,-1,-0.01,-1,-1,-0.01,-1,-1,-0.01,-1,-1
99926009,2026-05-18 10:20:34+05:30,52964.5,0,0.0,0,0.0,0.0,53282.15,53308.4,52783.45,53710.35,0,0.0,0.0,0.0,0.0,-0.01,-1,-1,-0.01,-1,-1,-0.01,-1,-1,-0.01,-1,-1,-0.01,-1,-1,-0.01,-1,-1,-0.01,-1,-1,-0.01,-1,-1,-0.01,-1,-1,-0.01,-1,-1
99926009,2026-05-18 10:20:35+05:30,52966.3,0,0.0,0,0.0,0.0,53282.15,53308.4,52783.45,53710.35,0,0.0,0.0,0.0,0.0,-0.01,-1,-1,-0.01,-1,-1,-0.01,-1,-1,-0.01,-1,-1,-0.01,-1,-1,-0.01,-1,-1,-0.01,-1,-1,-0.01,-1,-1,-0.01,-1,-1,-0.01,-1,-1
99926009,2026-05-18 10:20:35+05:30,52967.7,0,0.0,0,0.0,0.0,53282.15,53308.4,52783.45,53710.35,0,0.0,0.0,0.0,0.0,-0.01,-1,-1,-0.01,-1,-1,-0.01,-1,-1,-0.01,-1,-1,-0.01,-1,-1,-0.01,-1,-1,-0.01,-1,-1,-0.01,-1,-1,-0.01,-1,-1,-0.01,-1,-1
99926009,2026-05-18 10:20:36+05:30,52968.75,0,0.0,0,0.0,0.0,53282.15,53308.4,52783.45,53710.35,0,0.0,0.0,0.0,0.0,-0.01,-1,-1,-0.01,-1,-1,-0.01,-1,-1,-0.01,-1,-1,-0.01,-1,-1,-0.01,-1,-1,-0.01,-1,-1,-0.01,-1,-1,-0.01,-1,-1,-0.01,-1,-1
99926009,2026-05-18 10:20:36+05:30,52970.95,0,0.0,0,0.0,0.0,53282.15,53308.4,52783.45,53710.35,0,0.0,0.0,0.0,0.0,-0.01,-1,-1,-0.01,-1,-1,-0.01,-1,-1,-0.01,-1,-1,-0.01,-1,-1,-0.01,-1,-1,-0.01,-1,-1,-0.01,-1,-1,-0.01,-1,-1,-0.01,-1,-1
99926009,2026-05-18 10:20:37+05:30,52972.25,0,0.0,0,0.0,0.0,53282.15,53308.4,52783.45,53710.35,0,0.0,0.0,0.0,0.0,-0.01,-1,-1,-0.01,-1,-1,-0.01,-1,-1,-0.01,-1,-1,-0.01,-1,-1,-0.01,-1,-1,-0.01,-1,-1,-0.01,-1,-1,-0.01,-1,-1,-0.01,-1,-1
99926009,2026-05-18 10:20:37+05:30,52971.4,0,0.0,0,0.0,0.0,53282.15,53308.4,52783.45,53710.35,0,0.0,0.0,0.0,0.0,-0.01,-1,-1,-0.01,-1,-1,-0.01,-1,-1,-0.01,-1,-1,-0.01,-1,-1,-0.01,-1,-1,-0.01,-1,-1,-0.01,-1,-1,-0.01,-1,-1,-0.01,-1,-1
99926009,2026-05-18 10:20:38+05:30,52971.7,0,0.0,0,0.0,0.0,53282.15,53308.4,52783.45,53710.35,0,0.0,0.0,0.0,0.0,-0.01,-1,-1,-0.01,-1,-1,-0.01,-1,-1,-0.01,-1,-1,-0.01,-1,-1,-0.01,-1,-1,-0.01,-1,-1,-0.01,-1,-1,-0.01,-1,-1,-0.01,-1,-1
99926009,2026-05-18 10:20:38+05:30,52972.25,0,0.0,0,0.0,0.0,53282.15,53308.4,52783.45,53710.35,0,0.0,0.0,0.0,0.0,-0.01,-1,-1,-0.01,-1,-1,-0.01,-1,-1,-0.01,-1,-1,-0.01,-1,-1,-0.01,-1,-1,-0.01,-1,-1,-0.01,-1,-1,-0.01,-1,-1,-0.01,-1,-1
99926009,2026-05-18 10:20:39+05:30,52971.65,0,0.0,0,0.0,0.0,53282.15,53308.4,52783.45,53710.35,0,0.0,0.0,0.0,0.0,-0.01,-1,-1,-0.01,-1,-1,-0.01,-1,-1,-0.01,-1,-1,-0.01,-1,-1,-0.01,-1,-1,-0.01,-1,-1,-0.01,-1,-1,-0.01,-1,-1,-0.01,-1,-1
99926009,2026-05-18 10:20:39+05:30,52973.7,0,0.0,0,0.0,0.0,53282.15,53308.4,52783.45,53710.35,0,0.0,0.0,0.0,0.0,-0.01,-1,-1,-0.01,-1,-1,-0.01,-1,-1,-0.01,-1,-1,-0.01,-1,-1,-0.01,-1,-1,-0.01,-1,-1,-0.01,-1,-1,-0.01,-1,-1,-0.01,-1,-1
99926009,2026-05-18 10:20:40+05:30,52973.9,0,0.0,0,0.0,0.0,53282.15,53308.4,52783.45,53710.35,0,0.0,0.0,0.0,0.0,-0.01,-1,-1,-0.01,-1,-1,-0.01,-1,-1,-0.01,-1,-1,-0.01,-1,-1,-0.01,-1,-1,-0.01,-1,-1,-0.01,-1,-1,-0.01,-1,-1,-0.01,-1,-1
99926009,2026-05-18 10:20:40+05:30,52975.3,0,0.0,0,0.0,0.0,53282.15,53308.4,52783.45,53710.35,0,0.0,0.0,0.0,0.0,-0.01,-1,-1,-0.01,-1,-1,-0.01,-1,-1,-0.01,-1,-1,-0.01,-1,-1,-0.01,-1,-1,-0.01,-1,-1,-0.01,-1,-1,-0.01,-1,-1,-0.01,-1,-1
99926009,2026-05-18 10:20:41+05:30,52974.4,0,0.0,0,0.0,0.0,53282.15,53308.4,52783.45,53710.35,0,0.0,0.0,0.0,0.0,-0.01,-1,-1,-0.01,-1,-1,-0.01,-1,-1,-0.01,-1,-1,-0.01,-1,-1,-0.01,-1,-1,-0.01,-1,-1,-0.01,-1,-1,-0.01,-1,-1,-0.01,-1,-1
99926009,2026-05-18 10:20:41+05:30,52976.3,0,0.0,0,0.0,0.0,53282.15,53308.4,52783.45,53710.35,0,0.0,0.0,0.0,0.0,-0.01,-1,-1,-0.01,-1,-1,-0.01,-1,-1,-0.01,-1,-1,-0.01,-1,-1,-0.01,-1,-1,-0.01,-1,-1,-0.01,-1,-1,-0.01,-1,-1,-0.01,-1,-1
99926009,2026-05-18 10:20:42+05:30,52976.4,0,0.0,0,0.0,0.0,53282.15,53308.4,52783.45,53710.35,0,0.0,0.0,0.0,0.0,-0.01,-1,-1,-0.01,-1,-1,-0.01,-1,-1,-0.01,-1,-1,-0.01,-1,-1,-0.01,-1,-1,-0.01,-1,-1,-0.01,-1,-1,-0.01,-1,-1,-0.01,-1,-1
99926009,2026-05-18 10:20:42+05:30,52976.05,0,0.0,0,0.0,0.0,53282.15,53308.4,52783.45,53710.35,0,0.0,0.0,0.0,0.0,-0.01,-1,-1,-0.01,-1,-1,-0.01,-1,-1,-0.01,-1,-1,-0.01,-1,-1,-0.01,-1,-1,-0.01,-1,-1,-0.01,-1,-1,-0.01,-1,-1,-0.01,-1,-1
99926009,2026-05-18 10:20:43+05:30,52975.6,0,0.0,0,0.0,0.0,53282.15,53308.4,52783.45,53710.35,0,0.0,0.0,0.0,0.0,-0.01,-1,-1,-0.01,-1,-1,-0.01,-1,-1,-0.01,-1,-1,-0.01,-1,-1,-0.01,-1,-1,-0.01,-1,-1,-0.01,-1,-1,-0.01,-1,-1,-0.01,-1,-1
99926009,2026-05-18 10:20:43+05:30,52974.75,0,0.0,0,0.0,0.0,53282.15,53308.4,52783.45,53710.35,0,0.0,0.0,0.0,0.0,-0.01,-1,-1,-0.01,-1,-1,-0.01,-1,-1,-0.01,-1,-1,-0.01,-1,-1,-0.01,-1,-1,-0.01,-1,-1,-0.01,-1,-1,-0.01,-1,-1,-0.01,-1,-1
99926009,2026-05-18 10:20:44+05:30,52974.75,0,0.0,0,0.0,0.0,53282.15,53308.4,52783.45,53710.35,0,0.0,0.0,0.0,0.0,-0.01,-1,-1,-0.01,-1,-1,-0.01,-1,-1,-0.01,-1,-1,-0.01,-1,-1,-0.01,-1,-1,-0.01,-1,-1,-0.01,-1,-1,-0.01,-1,-1,-0.01,-1,-1
99926009,2026-05-18 10:20:44+05:30,52974.5,0,0.0,0,0.0,0.0,53282.15,53308.4,52783.45,53710.35,0,0.0,0.0,0.0,0.0,-0.01,-1,-1,-0.01,-1,-1,-0.01,-1,-1,-0.01,-1,-1,-0.01,-1,-1,-0.01,-1,-1,-0.01,-1,-1,-0.01,-1,-1,-0.01,-1,-1,-0.01,-1,-1
99926009,2026-05-18 10:20:45+05:30,52973.65,0,0.0,0,0.0,0.0,53282.15,53308.4,52783.45,53710.35,0,0.0,0.0,0.0,0.0,-0.01,-1,-1,-0.01,-1,-1,-0.01,-1,-1,-0.01,-1,-1,-0.01,-1,-1,-0.01,-1,-1,-0.01,-1,-1,-0.01,-1,-1,-0.01,-1,-1,-0.01,-1,-1
99926009,2026-05-18 10:20:45+05:30,52974.6,0,0.0,0,0.0,0.0,53282.15,53308.4,52783.45,53710.35,0,0.0,0.0,0.0,0.0,-0.01,-1,-1,-0.01,-1,-1,-0.01,-1,-1,-0.01,-1,-1,-0.01,-1,-1,-0.01,-1,-1,-0.01,-1,-1,-0.01,-1,-1,-0.01,-1,-1,-0.01,-1,-1
99926009,2026-05-18 10:20:46+05:30,52977.65,0,0.0,0,0.0,0.0,53282.15,53308.4,52783.45,53710.35,0,0.0,0.0,0.0,0.0,-0.01,-1,-1,-0.01,-1,-1,-0.01,-1,-1,-0.01,-1,-1,-0.01,-1,-1,-0.01,-1,-1,-0.01,-1,-1,-0.01,-1,-1,-0.01,-1,-1,-0.01,-1,-1
99926009,2026-05-18 10:20:46+05:30,52973.25,0,0.0,0,0.0,0.0,53282.15,53308.4,52783.45,53710.35,0,0.0,0.0,0.0,0.0,-0.01,-1,-1,-0.01,-1,-1,-0.01,-1,-1,-0.01,-1,-1,-0.01,-1,-1,-0.01,-1,-1,-0.01,-1,-1,-0.01,-1,-1,-0.01,-1,-1,-0.01,-1,-1
99926009,2026-05-18 10:20:47+05:30,52977.0,0,0.0,0,0.0,0.0,53282.15,53308.4,52783.45,53710.35,0,0.0,0.0,0.0,0.0,-0.01,-1,-1,-0.01,-1,-1,-0.01,-1,-1,-0.01,-1,-1,-0.01,-1,-1,-0.01,-1,-1,-0.01,-1,-1,-0.01,-1,-1,-0.01,-1,-1,-0.01,-1,-1
99926009,2026-05-18 10:20:47+05:30,52979.55,0,0.0,0,0.0,0.0,53282.15,53308.4,52783.45,53710.35,0,0.0,0.0,0.0,0.0,-0.01,-1,-1,-0.01,-1,-1,-0.01,-1,-1,-0.01,-1,-1,-0.01,-1,-1,-0.01,-1,-1,-0.01,-1,-1,-0.01,-1,-1,-0.01,-1,-1,-0.01,-1,-1
99926009,2026-05-18 10:20:48+05:30,52977.35,0,0.0,0,0.0,0.0,53282.15,53308.4,52783.45,53710.35,0,0.0,0.0,0.0,0.0,-0.01,-1,-1,-0.01,-1,-1,-0.01,-1,-1,-0.01,-1,-1,-0.01,-1,-1,-0.01,-1,-1,-0.01,-1,-1,-0.01,-1,-1,-0.01,-1,-1,-0.01,-1,-1
99926009,2026-05-18 10:20:48+05:30,52972.7,0,0.0,0,0.0,0.0,53282.15,53308.4,52783.45,53710.35,0,0.0,0.0,0.0,0.0,-0.01,-1,-1,-0.01,-1,-1,-0.01,-1,-1,-0.01,-1,-1,-0.01,-1,-1,-0.01,-1,-1,-0.01,-1,-1,-0.01,-1,-1,-0.01,-1,-1,-0.01,-1,-1
99926009,2026-05-18 10:20:49+05:30,52973.7,0,0.0,0,0.0,0.0,53282.15,53308.4,52783.45,53710.35,0,0.0,0.0,0.0,0.0,-0.01,-1,-1,-0.01,-1,-1,-0.01,-1,-1,-0.01,-1,-1,-0.01,-1,-1,-0.01,-1,-1,-0.01,-1,-1,-0.01,-1,-1,-0.01,-1,-1,-0.01,-1,-1
99926009,2026-05-18 10:20:49+05:30,52974.7,0,0.0,0,0.0,0.0,53282.15,53308.4,52783.45,53710.35,0,0.0,0.0,0.0,0.0,-0.01,-1,-1,-0.01,-1,-1,-0.01,-1,-1,-0.01,-1,-1,-0.01,-1,-1,-0.01,-1,-1,-0.01,-1,-1,-0.01,-1,-1,-0.01,-1,-1,-0.01,-1,-1
99926009,2026-05-18 10:20:50+05:30,52971.3,0,0.0,0,0.0,0.0,53282.15,53308.4,52783.45,53710.35,0,0.0,0.0,0.0,0.0,-0.01,-1,-1,-0.01,-1,-1,-0.01,-1,-1,-0.01,-1,-1,-0.01,-1,-1,-0.01,-1,-1,-0.01,-1,-1,-0.01,-1,-1,-0.01,-1,-1,-0.01,-1,-1
99926009,2026-05-18 10:20:50+05:30,52970.05,0,0.0,0,0.0,0.0,53282.15,53308.4,52783.45,53710.35,0,0.0,0.0,0.0,0.0,-0.01,-1,-1,-0.01,-1,-1,-0.01,-1,-1,-0.01,-1,-1,-0.01,-1,-1,-0.01,-1,-1,-0.01,-1,-1,-0.01,-1,-1,-0.01,-1,-1,-0.01,-1,-1
99926009,2026-05-18 10:20:51+05:30,52968.4,0,0.0,0,0.0,0.0,53282.15,53308.4,52783.45,53710.35,0,0.0,0.0,0.0,0.0,-0.01,-1,-1,-0.01,-1,-1,-0.01,-1,-1,-0.01,-1,-1,-0.01,-1,-1,-0.01,-1,-1,-0.01,-1,-1,-0.01,-1,-1,-0.01,-1,-1,-0.01,-1,-1
99926009,2026-05-18 10:20:51+05:30,52969.8,0,0.0,0,0.0,0.0,53282.15,53308.4,52783.45,53710.35,0,0.0,0.0,0.0,0.0,-0.01,-1,-1,-0.01,-1,-1,-0.01,-1,-1,-0.01,-1,-1,-0.01,-1,-1,-0.01,-1,-1,-0.01,-1,-1,-0.01,-1,-1,-0.01,-1,-1,-0.01,-1,-1
99926009,2026-05-18 10:20:52+05:30,52969.25,0,0.0,0,0.0,0.0,53282.15,53308.4,52783.45,53710.35,0,0.0,0.0,0.0,0.0,-0.01,-1,-1,-0.01,-1,-1,-0.01,-1,-1,-0.01,-1,-1,-0.01,-1,-1,-0.01,-1,-1,-0.01,-1,-1,-0.01,-1,-1,-0.01,-1,-1,-0.01,-1,-1
99926009,2026-05-18 10:20:52+05:30,52970.05,0,0.0,0,0.0,0.0,53282.15,53308.4,52783.45,53710.35,0,0.0,0.0,0.0,0.0,-0.01,-1,-1,-0.01,-1,-1,-0.01,-1,-1,-0.01,-1,-1,-0.01,-1,-1,-0.01,-1,-1,-0.01,-1,-1,-0.01,-1,-1,-0.01,-1,-1,-0.01,-1,-1
99926009,2026-05-18 10:20:53+05:30,52971.6,0,0.0,0,0.0,0.0,53282.15,53308.4,52783.45,53710.35,0,0.0,0.0,0.0,0.0,-0.01,-1,-1,-0.01,-1,-1,-0.01,-1,-1,-0.01,-1,-1,-0.01,-1,-1,-0.01,-1,-1,-0.01,-1,-1,-0.01,-1,-1,-0.01,-1,-1,-0.01,-1,-1
99926009,2026-05-18 10:20:53+05:30,52972.25,0,0.0,0,0.0,0.0,53282.15,53308.4,52783.45,53710.35,0,0.0,0.0,0.0,0.0,-0.01,-1,-1,-0.01,-1,-1,-0.01,-1,-1,-0.01,-1,-1,-0.01,-1,-1,-0.01,-1,-1,-0.01,-1,-1,-0.01,-1,-1,-0.01,-1,-1,-0.01,-1,-1
99926009,2026-05-18 10:20:54+05:30,52970.5,0,0.0,0,0.0,0.0,53282.15,53308.4,52783.45,53710.35,0,0.0,0.0,0.0,0.0,-0.01,-1,-1,-0.01,-1,-1,-0.01,-1,-1,-0.01,-1,-1,-0.01,-1,-1,-0.01,-1,-1,-0.01,-1,-1,-0.01,-1,-1,-0.01,-1,-1,-0.01,-1,-1
99926009,2026-05-18 10:20:54+05:30,52970.65,0,0.0,0,0.0,0.0,53282.15,53308.4,52783.45,53710.35,0,0.0,0.0,0.0,0.0,-0.01,-1,-1,-0.01,-1,-1,-0.01,-1,-1,-0.01,-1,-1,-0.01,-1,-1,-0.01,-1,-1,-0.01,-1,-1,-0.01,-1,-1,-0.01,-1,-1,-0.01,-1,-1
99926009,2026-05-18 10:20:55+05:30,52970.75,0,0.0,0,0.0,0.0,53282.15,53308.4,52783.45,53710.35,0,0.0,0.0,0.0,0.0,-0.01,-1,-1,-0.01,-1,-1,-0.01,-1,-1,-0.01,-1,-1,-0.01,-1,-1,-0.01,-1,-1,-0.01,-1,-1,-0.01,-1,-1,-0.01,-1,-1,-0.01,-1,-1
99926009,2026-05-18 10:20:55+05:30,52968.85,0,0.0,0,0.0,0.0,53282.15,53308.4,52783.45,53710.35,0,0.0,0.0,0.0,0.0,-0.01,-1,-1,-0.01,-1,-1,-0.01,-1,-1,-0.01,-1,-1,-0.01,-1,-1,-0.01,-1,-1,-0.01,-1,-1,-0.01,-1,-1,-0.01,-1,-1,-0.01,-1,-1
99926009,2026-05-18 10:20:56+05:30,52968.35,0,0.0,0,0.0,0.0,53282.15,53308.4,52783.45,53710.35,0,0.0,0.0,0.0,0.0,-0.01,-1,-1,-0.01,-1,-1,-0.01,-1,-1,-0.01,-1,-1,-0.01,-1,-1,-0.01,-1,-1,-0.01,-1,-1,-0.01,-1,-1,-0.01,-1,-1,-0.01,-1,-1
99926009,2026-05-18 10:20:56+05:30,52964.6,0,0.0,0,0.0,0.0,53282.15,53308.4,52783.45,53710.35,0,0.0,0.0,0.0,0.0,-0.01,-1,-1,-0.01,-1,-1,-0.01,-1,-1,-0.01,-1,-1,-0.01,-1,-1,-0.01,-1,-1,-0.01,-1,-1,-0.01,-1,-1,-0.01,-1,-1,-0.01,-1,-1
99926009,2026-05-18 10:20:57+05:30,52959.35,0,0.0,0,0.0,0.0,53282.15,53308.4,52783.45,53710.35,0,0.0,0.0,0.0,0.0,-0.01,-1,-1,-0.01,-1,-1,-0.01,-1,-1,-0.01,-1,-1,-0.01,-1,-1,-0.01,-1,-1,-0.01,-1,-1,-0.01,-1,-1,-0.01,-1,-1,-0.01,-1,-1
99926009,2026-05-18 10:20:57+05:30,52964.3,0,0.0,0,0.0,0.0,53282.15,53308.4,52783.45,53710.35,0,0.0,0.0,0.0,0.0,-0.01,-1,-1,-0.01,-1,-1,-0.01,-1,-1,-0.01,-1,-1,-0.01,-1,-1,-0.01,-1,-1,-0.01,-1,-1,-0.01,-1,-1,-0.01,-1,-1,-0.01,-1,-1
99926009,2026-05-18 10:20:58+05:30,52968.55,0,0.0,0,0.0,0.0,53282.15,53308.4,52783.45,53710.35,0,0.0,0.0,0.0,0.0,-0.01,-1,-1,-0.01,-1,-1,-0.01,-1,-1,-0.01,-1,-1,-0.01,-1,-1,-0.01,-1,-1,-0.01,-1,-1,-0.01,-1,-1,-0.01,-1,-1,-0.01,-1,-1
99926009,2026-05-18 10:20:58+05:30,52967.2,0,0.0,0,0.0,0.0,53282.15,53308.4,52783.45,53710.35,0,0.0,0.0,0.0,0.0,-0.01,-1,-1,-0.01,-1,-1,-0.01,-1,-1,-0.01,-1,-1,-0.01,-1,-1,-0.01,-1,-1,-0.01,-1,-1,-0.01,-1,-1,-0.01,-1,-1,-0.01,-1,-1
99926009,2026-05-18 10:20:59+05:30,52967.7,0,0.0,0,0.0,0.0,53282.15,53308.4,52783.45,53710.35,0,0.0,0.0,0.0,0.0,-0.01,-1,-1,-0.01,-1,-1,-0.01,-1,-1,-0.01,-1,-1,-0.01,-1,-1,-0.01,-1,-1,-0.01,-1,-1,-0.01,-1,-1,-0.01,-1,-1,-0.01,-1,-1
99926009,2026-05-18 10:20:59+05:30,52966.25,0,0.0,0,0.0,0.0,53282.15,53308.4,52783.45,53710.35,0,0.0,0.0,0.0,0.0,-0.01,-1,-1,-0.01,-1,-1,-0.01,-1,-1,-0.01,-1,-1,-0.01,-1,-1,-0.01,-1,-1,-0.01,-1,-1,-0.01,-1,-1,-0.01,-1,-1,-0.01,-1,-1
99926009,2026-05-18 10:21:00+05:30,52964.55,0,0.0,0,0.0,0.0,53282.15,53308.4,52783.45,53710.35,0,0.0,0.0,0.0,0.0,-0.01,-1,-1,-0.01,-1,-1,-0.01,-1,-1,-0.01,-1,-1,-0.01,-1,-1,-0.01,-1,-1,-0.01,-1,-1,-0.01,-1,-1,-0.01,-1,-1,-0.01,-1,-1
99926009,2026-05-18 10:21:00+05:30,52964.4,0,0.0,0,0.0,0.0,53282.15,53308.4,52783.45,53710.35,0,0.0,0.0,0.0,0.0,-0.01,-1,-1,-0.01,-1,-1,-0.01,-1,-1,-0.01,-1,-1,-0.01,-1,-1,-0.01,-1,-1,-0.01,-1,-1,-0.01,-1,-1,-0.01,-1,-1,-0.01,-1,-1
99926009,2026-05-18 10:21:01+05:30,52966.15,0,0.0,0,0.0,0.0,53282.15,53308.4,52783.45,53710.35,0,0.0,0.0,0.0,0.0,-0.01,-1,-1,-0.01,-1,-1,-0.01,-1,-1,-0.01,-1,-1,-0.01,-1,-1,-0.01,-1,-1,-0.01,-1,-1,-0.01,-1,-1,-0.01,-1,-1,-0.01,-1,-1
99926009,2026-05-18 10:21:01+05:30,52965.35,0,0.0,0,0.0,0.0,53282.15,53308.4,52783.45,53710.35,0,0.0,0.0,0.0,0.0,-0.01,-1,-1,-0.01,-1,-1,-0.01,-1,-1,-0.01,-1,-1,-0.01,-1,-1,-0.01,-1,-1,-0.01,-1,-1,-0.01,-1,-1,-0.01,-1,-1,-0.01,-1,-1
99926009,2026-05-18 10:21:02+05:30,52966.4,0,0.0,0,0.0,0.0,53282.15,53308.4,52783.45,53710.35,0,0.0,0.0,0.0,0.0,-0.01,-1,-1,-0.01,-1,-1,-0.01,-1,-1,-0.01,-1,-1,-0.01,-1,-1,-0.01,-1,-1,-0.01,-1,-1,-0.01,-1,-1,-0.01,-1,-1,-0.01,-1,-1
99926009,2026-05-18 10:21:02+05:30,52963.15,0,0.0,0,0.0,0.0,53282.15,53308.4,52783.45,53710.35,0,0.0,0.0,0.0,0.0,-0.01,-1,-1,-0.01,-1,-1,-0.01,-1,-1,-0.01,-1,-1,-0.01,-1,-1,-0.01,-1,-1,-0.01,-1,-1,-0.01,-1,-1,-0.01,-1,-1,-0.01,-1,-1
99926009,2026-05-18 10:21:03+05:30,52962.35,0,0.0,0,0.0,0.0,53282.15,53308.4,52783.45,53710.35,0,0.0,0.0,0.0,0.0,-0.01,-1,-1,-0.01,-1,-1,-0.01,-1,-1,-0.01,-1,-1,-0.01,-1,-1,-0.01,-1,-1,-0.01,-1,-1,-0.01,-1,-1,-0.01,-1,-1,-0.01,-1,-1
99926009,2026-05-18 10:21:03+05:30,52961.75,0,0.0,0,0.0,0.0,53282.15,53308.4,52783.45,53710.35,0,0.0,0.0,0.0,0.0,-0.01,-1,-1,-0.01,-1,-1,-0.01,-1,-1,-0.01,-1,-1,-0.01,-1,-1,-0.01,-1,-1,-0.01,-1,-1,-0.01,-1,-1,-0.01,-1,-1,-0.01,-1,-1
99926009,2026-05-18 10:21:04+05:30,52961.5,0,0.0,0,0.0,0.0,53282.15,53308.4,52783.45,53710.35,0,0.0,0.0,0.0,0.0,-0.01,-1,-1,-0.01,-1,-1,-0.01,-1,-1,-0.01,-1,-1,-0.01,-1,-1,-0.01,-1,-1,-0.01,-1,-1,-0.01,-1,-1,-0.01,-1,-1,-0.01,-1,-1
99926009,2026-05-18 10:21:04+05:30,52962.35,0,0.0,0,0.0,0.0,53282.15,53308.4,52783.45,53710.35,0,0.0,0.0,0.0,0.0,-0.01,-1,-1,-0.01,-1,-1,-0.01,-1,-1,-0.01,-1,-1,-0.01,-1,-1,-0.01,-1,-1,-0.01,-1,-1,-0.01,-1,-1,-0.01,-1,-1,-0.01,-1,-1
99926009,2026-05-18 10:21:05+05:30,52963.15,0,0.0,0,0.0,0.0,53282.15,53308.4,52783.45,53710.35,0,0.0,0.0,0.0,0.0,-0.01,-1,-1,-0.01,-1,-1,-0.01,-1,-1,-0.01,-1,-1,-0.01,-1,-1,-0.01,-1,-1,-0.01,-1,-1,-0.01,-1,-1,-0.01,-1,-1,-0.01,-1,-1
99926009,2026-05-18 10:21:05+05:30,52959.0,0,0.0,0,0.0,0.0,53282.15,53308.4,52783.45,53710.35,0,0.0,0.0,0.0,0.0,-0.01,-1,-1,-0.01,-1,-1,-0.01,-1,-1,-0.01,-1,-1,-0.01,-1,-1,-0.01,-1,-1,-0.01,-1,-1,-0.01,-1,-1,-0.01,-1,-1,-0.01,-1,-1
99926009,2026-05-18 10:21:06+05:30,52960.15,0,0.0,0,0.0,0.0,53282.15,53308.4,52783.45,53710.35,0,0.0,0.0,0.0,0.0,-0.01,-1,-1,-0.01,-1,-1,-0.01,-1,-1,-0.01,-1,-1,-0.01,-1,-1,-0.01,-1,-1,-0.01,-1,-1,-0.01,-1,-1,-0.01,-1,-1,-0.01,-1,-1
99926009,2026-05-18 10:21:06+05:30,52961.25,0,0.0,0,0.0,0.0,53282.15,53308.4,52783.45,53710.35,0,0.0,0.0,0.0,0.0,-0.01,-1,-1,-0.01,-1,-1,-0.01,-1,-1,-0.01,-1,-1,-0.01,-1,-1,-0.01,-1,-1,-0.01,-1,-1,-0.01,-1,-1,-0.01,-1,-1,-0.01,-1,-1
99926009,2026-05-18 10:21:07+05:30,52961.85,0,0.0,0,0.0,0.0,53282.15,53308.4,52783.45,53710.35,0,0.0,0.0,0.0,0.0,-0.01,-1,-1,-0.01,-1,-1,-0.01,-1,-1,-0.01,-1,-1,-0.01,-1,-1,-0.01,-1,-1,-0.01,-1,-1,-0.01,-1,-1,-0.01,-1,-1,-0.01,-1,-1
99926009,2026-05-18 10:21:07+05:30,52961.35,0,0.0,0,0.0,0.0,53282.15,53308.4,52783.45,53710.35,0,0.0,0.0,0.0,0.0,-0.01,-1,-1,-0.01,-1,-1,-0.01,-1,-1,-0.01,-1,-1,-0.01,-1,-1,-0.01,-1,-1,-0.01,-1,-1,-0.01,-1,-1,-0.01,-1,-1,-0.01,-1,-1
99926009,2026-05-18 10:21:08+05:30,52960.05,0,0.0,0,0.0,0.0,53282.15,53308.4,52783.45,53710.35,0,0.0,0.0,0.0,0.0,-0.01,-1,-1,-0.01,-1,-1,-0.01,-1,-1,-0.01,-1,-1,-0.01,-1,-1,-0.01,-1,-1,-0.01,-1,-1,-0.01,-1,-1,-0.01,-1,-1,-0.01,-1,-1
99926009,2026-05-18 10:21:08+05:30,52957.1,0,0.0,0,0.0,0.0,53282.15,53308.4,52783.45,53710.35,0,0.0,0.0,0.0,0.0,-0.01,-1,-1,-0.01,-1,-1,-0.01,-1,-1,-0.01,-1,-1,-0.01,-1,-1,-0.01,-1,-1,-0.01,-1,-1,-0.01,-1,-1,-0.01,-1,-1,-0.01,-1,-1
99926009,2026-05-18 10:21:09+05:30,52959.05,0,0.0,0,0.0,0.0,53282.15,53308.4,52783.45,53710.35,0,0.0,0.0,0.0,0.0,-0.01,-1,-1,-0.01,-1,-1,-0.01,-1,-1,-0.01,-1,-1,-0.01,-1,-1,-0.01,-1,-1,-0.01,-1,-1,-0.01,-1,-1,-0.01,-1,-1,-0.01,-1,-1
99926009,2026-05-18 10:21:09+05:30,52958.7,0,0.0,0,0.0,0.0,53282.15,53308.4,52783.45,53710.35,0,0.0,0.0,0.0,0.0,-0.01,-1,-1,-0.01,-1,-1,-0.01,-1,-1,-0.01,-1,-1,-0.01,-1,-1,-0.01,-1,-1,-0.01,-1,-1,-0.01,-1,-1,-0.01,-1,-1,-0.01,-1,-1
99926009,2026-05-18 10:21:10+05:30,52960.7,0,0.0,0,0.0,0.0,53282.15,53308.4,52783.45,53710.35,0,0.0,0.0,0.0,0.0,-0.01,-1,-1,-0.01,-1,-1,-0.01,-1,-1,-0.01,-1,-1,-0.01,-1,-1,-0.01,-1,-1,-0.01,-1,-1,-0.01,-1,-1,-0.01,-1,-1,-0.01,-1,-1
99926009,2026-05-18 10:21:10+05:30,52957.45,0,0.0,0,0.0,0.0,53282.15,53308.4,52783.45,53710.35,0,0.0,0.0,0.0,0.0,-0.01,-1,-1,-0.01,-1,-1,-0.01,-1,-1,-0.01,-1,-1,-0.01,-1,-1,-0.01,-1,-1,-0.01,-1,-1,-0.01,-1,-1,-0.01,-1,-1,-0.01,-1,-1
99926009,2026-05-18 10:21:11+05:30,52959.65,0,0.0,0,0.0,0.0,53282.15,53308.4,52783.45,53710.35,0,0.0,0.0,0.0,0.0,-0.01,-1,-1,-0.01,-1,-1,-0.01,-1,-1,-0.01,-1,-1,-0.01,-1,-1,-0.01,-1,-1,-0.01,-1,-1,-0.01,-1,-1,-0.01,-1,-1,-0.01,-1,-1
99926009,2026-05-18 10:21:11+05:30,52961.75,0,0.0,0,0.0,0.0,53282.15,53308.4,52783.45,53710.35,0,0.0,0.0,0.0,0.0,-0.01,-1,-1,-0.01,-1,-1,-0.01,-1,-1,-0.01,-1,-1,-0.01,-1,-1,-0.01,-1,-1,-0.01,-1,-1,-0.01,-1,-1,-0.01,-1,-1,-0.01,-1,-1
99926009,2026-05-18 10:21:12+05:30,52965.6,0,0.0,0,0.0,0.0,53282.15,53308.4,52783.45,53710.35,0,0.0,0.0,0.0,0.0,-0.01,-1,-1,-0.01,-1,-1,-0.01,-1,-1,-0.01,-1,-1,-0.01,-1,-1,-0.01,-1,-1,-0.01,-1,-1,-0.01,-1,-1,-0.01,-1,-1,-0.01,-1,-1
99926009,2026-05-18 10:21:12+05:30,52968.15,0,0.0,0,0.0,0.0,53282.15,53308.4,52783.45,53710.35,0,0.0,0.0,0.0,0.0,-0.01,-1,-1,-0.01,-1,-1,-0.01,-1,-1,-0.01,-1,-1,-0.01,-1,-1,-0.01,-1,-1,-0.01,-1,-1,-0.01,-1,-1,-0.01,-1,-1,-0.01,-1,-1
99926009,2026-05-18 10:21:13+05:30,52968.65,0,0.0,0,0.0,0.0,53282.15,53308.4,52783.45,53710.35,0,0.0,0.0,0.0,0.0,-0.01,-1,-1,-0.01,-1,-1,-0.01,-1,-1,-0.01,-1,-1,-0.01,-1,-1,-0.01,-1,-1,-0.01,-1,-1,-0.01,-1,-1,-0.01,-1,-1,-0.01,-1,-1
99926009,2026-05-18 10:21:13+05:30,52966.5,0,0.0,0,0.0,0.0,53282.15,53308.4,52783.45,53710.35,0,0.0,0.0,0.0,0.0,-0.01,-1,-1,-0.01,-1,-1,-0.01,-1,-1,-0.01,-1,-1,-0.01,-1,-1,-0.01,-1,-1,-0.01,-1,-1,-0.01,-1,-1,-0.01,-1,-1,-0.01,-1,-1
99926009,2026-05-18 10:21:14+05:30,52964.65,0,0.0,0,0.0,0.0,53282.15,53308.4,52783.45,53710.35,0,0.0,0.0,0.0,0.0,-0.01,-1,-1,-0.01,-1,-1,-0.01,-1,-1,-0.01,-1,-1,-0.01,-1,-1,-0.01,-1,-1,-0.01,-1,-1,-0.01,-1,-1,-0.01,-1,-1,-0.01,-1,-1
99926009,2026-05-18 10:21:14+05:30,52965.05,0,0.0,0,0.0,0.0,53282.15,53308.4,52783.45,53710.35,0,0.0,0.0,0.0,0.0,-0.01,-1,-1,-0.01,-1,-1,-0.01,-1,-1,-0.01,-1,-1,-0.01,-1,-1,-0.01,-1,-1,-0.01,-1,-1,-0.01,-1,-1,-0.01,-1,-1,-0.01,-1,-1
99926009,2026-05-18 10:21:15+05:30,52965.15,0,0.0,0,0.0,0.0,53282.15,53308.4,52783.45,53710.35,0,0.0,0.0,0.0,0.0,-0.01,-1,-1,-0.01,-1,-1,-0.01,-1,-1,-0.01,-1,-1,-0.01,-1,-1,-0.01,-1,-1,-0.01,-1,-1,-0.01,-1,-1,-0.01,-1,-1,-0.01,-1,-1
99926009,2026-05-18 10:21:15+05:30,52964.7,0,0.0,0,0.0,0.0,53282.15,53308.4,52783.45,53710.35,0,0.0,0.0,0.0,0.0,-0.01,-1,-1,-0.01,-1,-1,-0.01,-1,-1,-0.01,-1,-1,-0.01,-1,-1,-0.01,-1,-1,-0.01,-1,-1,-0.01,-1,-1,-0.01,-1,-1,-0.01,-1,-1
99926009,2026-05-18 10:21:16+05:30,52963.6,0,0.0,0,0.0,0.0,53282.15,53308.4,52783.45,53710.35,0,0.0,0.0,0.0,0.0,-0.01,-1,-1,-0.01,-1,-1,-0.01,-1,-1,-0.01,-1,-1,-0.01,-1,-1,-0.01,-1,-1,-0.01,-1,-1,-0.01,-1,-1,-0.01,-1,-1,-0.01,-1,-1
99926009,2026-05-18 10:21:16+05:30,52965.35,0,0.0,0,0.0,0.0,53282.15,53308.4,52783.45,53710.35,0,0.0,0.0,0.0,0.0,-0.01,-1,-1,-0.01,-1,-1,-0.01,-1,-1,-0.01,-1,-1,-0.01,-1,-1,-0.01,-1,-1,-0.01,-1,-1,-0.01,-1,-1,-0.01,-1,-1,-0.01,-1,-1
99926009,2026-05-18 10:21:17+05:30,52964.2,0,0.0,0,0.0,0.0,53282.15,53308.4,52783.45,53710.35,0,0.0,0.0,0.0,0.0,-0.01,-1,-1,-0.01,-1,-1,-0.01,-1,-1,-0.01,-1,-1,-0.01,-1,-1,-0.01,-1,-1,-0.01,-1,-1,-0.01,-1,-1,-0.01,-1,-1,-0.01,-1,-1
99926009,2026-05-18 10:21:17+05:30,52964.15,0,0.0,0,0.0,0.0,53282.15,53308.4,52783.45,53710.35,0,0.0,0.0,0.0,0.0,-0.01,-1,-1,-0.01,-1,-1,-0.01,-1,-1,-0.01,-1,-1,-0.01,-1,-1,-0.01,-1,-1,-0.01,-1,-1,-0.01,-1,-1,-0.01,-1,-1,-0.01,-1,-1
99926009,2026-05-18 10:21:18+05:30,52966.45,0,0.0,0,0.0,0.0,53282.15,53308.4,52783.45,53710.35,0,0.0,0.0,0.0,0.0,-0.01,-1,-1,-0.01,-1,-1,-0.01,-1,-1,-0.01,-1,-1,-0.01,-1,-1,-0.01,-1,-1,-0.01,-1,-1,-0.01,-1,-1,-0.01,-1,-1,-0.01,-1,-1
99926009,2026-05-18 10:21:18+05:30,52965.15,0,0.0,0,0.0,0.0,53282.15,53308.4,52783.45,53710.35,0,0.0,0.0,0.0,0.0,-0.01,-1,-1,-0.01,-1,-1,-0.01,-1,-1,-0.01,-1,-1,-0.01,-1,-1,-0.01,-1,-1,-0.01,-1,-1,-0.01,-1,-1,-0.01,-1,-1,-0.01,-1,-1
99926009,2026-05-18 10:21:19+05:30,52966.65,0,0.0,0,0.0,0.0,53282.15,53308.4,52783.45,53710.35,0,0.0,0.0,0.0,0.0,-0.01,-1,-1,-0.01,-1,-1,-0.01,-1,-1,-0.01,-1,-1,-0.01,-1,-1,-0.01,-1,-1,-0.01,-1,-1,-0.01,-1,-1,-0.01,-1,-1,-0.01,-1,-1
99926009,2026-05-18 10:21:19+05:30,52964.3,0,0.0,0,0.0,0.0,53282.15,53308.4,52783.45,53710.35,0,0.0,0.0,0.0,0.0,-0.01,-1,-1,-0.01,-1,-1,-0.01,-1,-1,-0.01,-1,-1,-0.01,-1,-1,-0.01,-1,-1,-0.01,-1,-1,-0.01,-1,-1,-0.01,-1,-1,-0.01,-1,-1
99926009,2026-05-18 10:21:20+05:30,52963.6,0,0.0,0,0.0,0.0,53282.15,53308.4,52783.45,53710.35,0,0.0,0.0,0.0,0.0,-0.01,-1,-1,-0.01,-1,-1,-0.01,-1,-1,-0.01,-1,-1,-0.01,-1,-1,-0.01,-1,-1,-0.01,-1,-1,-0.01,-1,-1,-0.01,-1,-1,-0.01,-1,-1
99926009,2026-05-18 10:21:20+05:30,52964.3,0,0.0,0,0.0,0.0,53282.15,53308.4,52783.45,53710.35,0,0.0,0.0,0.0,0.0,-0.01,-1,-1,-0.01,-1,-1,-0.01,-1,-1,-0.01,-1,-1,-0.01,-1,-1,-0.01,-1,-1,-0.01,-1,-1,-0.01,-1,-1,-0.01,-1,-1,-0.01,-1,-1
99926009,2026-05-18 10:21:21+05:30,52964.7,0,0.0,0,0.0,0.0,53282.15,53308.4,52783.45,53710.35,0,0.0,0.0,0.0,0.0,-0.01,-1,-1,-0.01,-1,-1,-0.01,-1,-1,-0.01,-1,-1,-0.01,-1,-1,-0.01,-1,-1,-0.01,-1,-1,-0.01,-1,-1,-0.01,-1,-1,-0.01,-1,-1
99926009,2026-05-18 10:21:21+05:30,52963.75,0,0.0,0,0.0,0.0,53282.15,53308.4,52783.45,53710.35,0,0.0,0.0,0.0,0.0,-0.01,-1,-1,-0.01,-1,-1,-0.01,-1,-1,-0.01,-1,-1,-0.01,-1,-1,-0.01,-1,-1,-0.01,-1,-1,-0.01,-1,-1,-0.01,-1,-1,-0.01,-1,-1
99926009,2026-05-18 10:21:22+05:30,52963.75,0,0.0,0,0.0,0.0,53282.15,53308.4,52783.45,53710.35,0,0.0,0.0,0.0,0.0,-0.01,-1,-1,-0.01,-1,-1,-0.01,-1,-1,-0.01,-1,-1,-0.01,-1,-1,-0.01,-1,-1,-0.01,-1,-1,-0.01,-1,-1,-0.01,-1,-1,-0.01,-1,-1
99926009,2026-05-18 10:21:22+05:30,52961.2,0,0.0,0,0.0,0.0,53282.15,53308.4,52783.45,53710.35,0,0.0,0.0,0.0,0.0,-0.01,-1,-1,-0.01,-1,-1,-0.01,-1,-1,-0.01,-1,-1,-0.01,-1,-1,-0.01,-1,-1,-0.01,-1,-1,-0.01,-1,-1,-0.01,-1,-1,-0.01,-1,-1
99926009,2026-05-18 10:21:23+05:30,52962.15,0,0.0,0,0.0,0.0,53282.15,53308.4,52783.45,53710.35,0,0.0,0.0,0.0,0.0,-0.01,-1,-1,-0.01,-1,-1,-0.01,-1,-1,-0.01,-1,-1,-0.01,-1,-1,-0.01,-1,-1,-0.01,-1,-1,-0.01,-1,-1,-0.01,-1,-1,-0.01,-1,-1
99926009,2026-05-18 10:21:23+05:30,52962.15,0,0.0,0,0.0,0.0,53282.15,53308.4,52783.45,53710.35,0,0.0,0.0,0.0,0.0,-0.01,-1,-1,-0.01,-1,-1,-0.01,-1,-1,-0.01,-1,-1,-0.01,-1,-1,-0.01,-1,-1,-0.01,-1,-1,-0.01,-1,-1,-0.01,-1,-1,-0.01,-1,-1
99926009,2026-05-18 10:21:24+05:30,52962.15,0,0.0,0,0.0,0.0,53282.15,53308.4,52783.45,53710.35,0,0.0,0.0,0.0,0.0,-0.01,-1,-1,-0.01,-1,-1,-0.01,-1,-1,-0.01,-1,-1,-0.01,-1,-1,-0.01,-1,-1,-0.01,-1,-1,-0.01,-1,-1,-0.01,-1,-1,-0.01,-1,-1
99926009,2026-05-18 10:21:24+05:30,52961.55,0,0.0,0,0.0,0.0,53282.15,53308.4,52783.45,53710.35,0,0.0,0.0,0.0,0.0,-0.01,-1,-1,-0.01,-1,-1,-0.01,-1,-1,-0.01,-1,-1,-0.01,-1,-1,-0.01,-1,-1,-0.01,-1,-1,-0.01,-1,-1,-0.01,-1,-1,-0.01,-1,-1
99926009,2026-05-18 10:21:25+05:30,52960.05,0,0.0,0,0.0,0.0,53282.15,53308.4,52783.45,53710.35,0,0.0,0.0,0.0,0.0,-0.01,-1,-1,-0.01,-1,-1,-0.01,-1,-1,-0.01,-1,-1,-0.01,-1,-1,-0.01,-1,-1,-0.01,-1,-1,-0.01,-1,-1,-0.01,-1,-1,-0.01,-1,-1
99926009,2026-05-18 10:21:25+05:30,52957.75,0,0.0,0,0.0,0.0,53282.15,53308.4,52783.45,53710.35,0,0.0,0.0,0.0,0.0,-0.01,-1,-1,-0.01,-1,-1,-0.01,-1,-1,-0.01,-1,-1,-0.01,-1,-1,-0.01,-1,-1,-0.01,-1,-1,-0.01,-1,-1,-0.01,-1,-1,-0.01,-1,-1
99926009,2026-05-18 10:21:26+05:30,52956.25,0,0.0,0,0.0,0.0,53282.15,53308.4,52783.45,53710.35,0,0.0,0.0,0.0,0.0,-0.01,-1,-1,-0.01,-1,-1,-0.01,-1,-1,-0.01,-1,-1,-0.01,-1,-1,-0.01,-1,-1,-0.01,-1,-1,-0.01,-1,-1,-0.01,-1,-1,-0.01,-1,-1
99926009,2026-05-18 10:21:26+05:30,52956.35,0,0.0,0,0.0,0.0,53282.15,53308.4,52783.45,53710.35,0,0.0,0.0,0.0,0.0,-0.01,-1,-1,-0.01,-1,-1,-0.01,-1,-1,-0.01,-1,-1,-0.01,-1,-1,-0.01,-1,-1,-0.01,-1,-1,-0.01,-1,-1,-0.01,-1,-1,-0.01,-1,-1
99926009,2026-05-18 10:21:27+05:30,52955.65,0,0.0,0,0.0,0.0,53282.15,53308.4,52783.45,53710.35,0,0.0,0.0,0.0,0.0,-0.01,-1,-1,-0.01,-1,-1,-0.01,-1,-1,-0.01,-1,-1,-0.01,-1,-1,-0.01,-1,-1,-0.01,-1,-1,-0.01,-1,-1,-0.01,-1,-1,-0.01,-1,-1
99926009,2026-05-18 10:21:27+05:30,52956.3,0,0.0,0,0.0,0.0,53282.15,53308.4,52783.45,53710.35,0,0.0,0.0,0.0,0.0,-0.01,-1,-1,-0.01,-1,-1,-0.01,-1,-1,-0.01,-1,-1,-0.01,-1,-1,-0.01,-1,-1,-0.01,-1,-1,-0.01,-1,-1,-0.01,-1,-1,-0.01,-1,-1
99926009,2026-05-18 10:21:28+05:30,52956.4,0,0.0,0,0.0,0.0,53282.15,53308.4,52783.45,53710.35,0,0.0,0.0,0.0,0.0,-0.01,-1,-1,-0.01,-1,-1,-0.01,-1,-1,-0.01,-1,-1,-0.01,-1,-1,-0.01,-1,-1,-0.01,-1,-1,-0.01,-1,-1,-0.01,-1,-1,-0.01,-1,-1
99926009,2026-05-18 10:21:28+05:30,52952.3,0,0.0,0,0.0,0.0,53282.15,53308.4,52783.45,53710.35,0,0.0,0.0,0.0,0.0,-0.01,-1,-1,-0.01,-1,-1,-0.01,-1,-1,-0.01,-1,-1,-0.01,-1,-1,-0.01,-1,-1,-0.01,-1,-1,-0.01,-1,-1,-0.01,-1,-1,-0.01,-1,-1
99926009,2026-05-18 10:21:29+05:30,52953.75,0,0.0,0,0.0,0.0,53282.15,53308.4,52783.45,53710.35,0,0.0,0.0,0.0,0.0,-0.01,-1,-1,-0.01,-1,-1,-0.01,-1,-1,-0.01,-1,-1,-0.01,-1,-1,-0.01,-1,-1,-0.01,-1,-1,-0.01,-1,-1,-0.01,-1,-1,-0.01,-1,-1
99926009,2026-05-18 10:21:29+05:30,52953.25,0,0.0,0,0.0,0.0,53282.15,53308.4,52783.45,53710.35,0,0.0,0.0,0.0,0.0,-0.01,-1,-1,-0.01,-1,-1,-0.01,-1,-1,-0.01,-1,-1,-0.01,-1,-1,-0.01,-1,-1,-0.01,-1,-1,-0.01,-1,-1,-0.01,-1,-1,-0.01,-1,-1
99926009,2026-05-18 10:21:30+05:30,52954.1,0,0.0,0,0.0,0.0,53282.15,53308.4,52783.45,53710.35,0,0.0,0.0,0.0,0.0,-0.01,-1,-1,-0.01,-1,-1,-0.01,-1,-1,-0.01,-1,-1,-0.01,-1,-1,-0.01,-1,-1,-0.01,-1,-1,-0.01,-1,-1,-0.01,-1,-1,-0.01,-1,-1
99926009,2026-05-18 10:21:30+05:30,52952.3,0,0.0,0,0.0,0.0,53282.15,53308.4,52783.45,53710.35,0,0.0,0.0,0.0,0.0,-0.01,-1,-1,-0.01,-1,-1,-0.01,-1,-1,-0.01,-1,-1,-0.01,-1,-1,-0.01,-1,-1,-0.01,-1,-1,-0.01,-1,-1,-0.01,-1,-1,-0.01,-1,-1
99926009,2026-05-18 10:21:31+05:30,52948.7,0,0.0,0,0.0,0.0,53282.15,53308.4,52783.45,53710.35,0,0.0,0.0,0.0,0.0,-0.01,-1,-1,-0.01,-1,-1,-0.01,-1,-1,-0.01,-1,-1,-0.01,-1,-1,-0.01,-1,-1,-0.01,-1,-1,-0.01,-1,-1,-0.01,-1,-1,-0.01,-1,-1
99926009,2026-05-18 10:21:31+05:30,52949.75,0,0.0,0,0.0,0.0,53282.15,53308.4,52783.45,53710.35,0,0.0,0.0,0.0,0.0,-0.01,-1,-1,-0.01,-1,-1,-0.01,-1,-1,-0.01,-1,-1,-0.01,-1,-1,-0.01,-1,-1,-0.01,-1,-1,-0.01,-1,-1,-0.01,-1,-1,-0.01,-1,-1
99926009,2026-05-18 10:21:32+05:30,52947.4,0,0.0,0,0.0,0.0,53282.15,53308.4,52783.45,53710.35,0,0.0,0.0,0.0,0.0,-0.01,-1,-1,-0.01,-1,-1,-0.01,-1,-1,-0.01,-1,-1,-0.01,-1,-1,-0.01,-1,-1,-0.01,-1,-1,-0.01,-1,-1,-0.01,-1,-1,-0.01,-1,-1
99926009,2026-05-18 10:21:32+05:30,52948.05,0,0.0,0,0.0,0.0,53282.15,53308.4,52783.45,53710.35,0,0.0,0.0,0.0,0.0,-0.01,-1,-1,-0.01,-1,-1,-0.01,-1,-1,-0.01,-1,-1,-0.01,-1,-1,-0.01,-1,-1,-0.01,-1,-1,-0.01,-1,-1,-0.01,-1,-1,-0.01,-1,-1
99926009,2026-05-18 10:21:33+05:30,52950.25,0,0.0,0,0.0,0.0,53282.15,53308.4,52783.45,53710.35,0,0.0,0.0,0.0,0.0,-0.01,-1,-1,-0.01,-1,-1,-0.01,-1,-1,-0.01,-1,-1,-0.01,-1,-1,-0.01,-1,-1,-0.01,-1,-1,-0.01,-1,-1,-0.01,-1,-1,-0.01,-1,-1
99926009,2026-05-18 10:21:33+05:30,52952.4,0,0.0,0,0.0,0.0,53282.15,53308.4,52783.45,53710.35,0,0.0,0.0,0.0,0.0,-0.01,-1,-1,-0.01,-1,-1,-0.01,-1,-1,-0.01,-1,-1,-0.01,-1,-1,-0.01,-1,-1,-0.01,-1,-1,-0.01,-1,-1,-0.01,-1,-1,-0.01,-1,-1
99926009,2026-05-18 10:21:34+05:30,52952.15,0,0.0,0,0.0,0.0,53282.15,53308.4,52783.45,53710.35,0,0.0,0.0,0.0,0.0,-0.01,-1,-1,-0.01,-1,-1,-0.01,-1,-1,-0.01,-1,-1,-0.01,-1,-1,-0.01,-1,-1,-0.01,-1,-1,-0.01,-1,-1,-0.01,-1,-1,-0.01,-1,-1
99926009,2026-05-18 10:21:34+05:30,52953.8,0,0.0,0,0.0,0.0,53282.15,53308.4,52783.45,53710.35,0,0.0,0.0,0.0,0.0,-0.01,-1,-1,-0.01,-1,-1,-0.01,-1,-1,-0.01,-1,-1,-0.01,-1,-1,-0.01,-1,-1,-0.01,-1,-1,-0.01,-1,-1,-0.01,-1,-1,-0.01,-1,-1
99926009,2026-05-18 10:21:35+05:30,52950.55,0,0.0,0,0.0,0.0,53282.15,53308.4,52783.45,53710.35,0,0.0,0.0,0.0,0.0,-0.01,-1,-1,-0.01,-1,-1,-0.01,-1,-1,-0.01,-1,-1,-0.01,-1,-1,-0.01,-1,-1,-0.01,-1,-1,-0.01,-1,-1,-0.01,-1,-1,-0.01,-1,-1
99926009,2026-05-18 10:21:35+05:30,52950.55,0,0.0,0,0.0,0.0,53282.15,53308.4,52783.45,53710.35,0,0.0,0.0,0.0,0.0,-0.01,-1,-1,-0.01,-1,-1,-0.01,-1,-1,-0.01,-1,-1,-0.01,-1,-1,-0.01,-1,-1,-0.01,-1,-1,-0.01,-1,-1,-0.01,-1,-1,-0.01,-1,-1
99926009,2026-05-18 10:21:36+05:30,52950.05,0,0.0,0,0.0,0.0,53282.15,53308.4,52783.45,53710.35,0,0.0,0.0,0.0,0.0,-0.01,-1,-1,-0.01,-1,-1,-0.01,-1,-1,-0.01,-1,-1,-0.01,-1,-1,-0.01,-1,-1,-0.01,-1,-1,-0.01,-1,-1,-0.01,-1,-1,-0.01,-1,-1
99926009,2026-05-18 10:21:36+05:30,52951.5,0,0.0,0,0.0,0.0,53282.15,53308.4,52783.45,53710.35,0,0.0,0.0,0.0,0.0,-0.01,-1,-1,-0.01,-1,-1,-0.01,-1,-1,-0.01,-1,-1,-0.01,-1,-1,-0.01,-1,-1,-0.01,-1,-1,-0.01,-1,-1,-0.01,-1,-1,-0.01,-1,-1
99926009,2026-05-18 10:21:37+05:30,52949.1,0,0.0,0,0.0,0.0,53282.15,53308.4,52783.45,53710.35,0,0.0,0.0,0.0,0.0,-0.01,-1,-1,-0.01,-1,-1,-0.01,-1,-1,-0.01,-1,-1,-0.01,-1,-1,-0.01,-1,-1,-0.01,-1,-1,-0.01,-1,-1,-0.01,-1,-1,-0.01,-1,-1
99926009,2026-05-18 10:21:37+05:30,52950.2,0,0.0,0,0.0,0.0,53282.15,53308.4,52783.45,53710.35,0,0.0,0.0,0.0,0.0,-0.01,-1,-1,-0.01,-1,-1,-0.01,-1,-1,-0.01,-1,-1,-0.01,-1,-1,-0.01,-1,-1,-0.01,-1,-1,-0.01,-1,-1,-0.01,-1,-1,-0.01,-1,-1
99926009,2026-05-18 10:21:38+05:30,52950.0,0,0.0,0,0.0,0.0,53282.15,53308.4,52783.45,53710.35,0,0.0,0.0,0.0,0.0,-0.01,-1,-1,-0.01,-1,-1,-0.01,-1,-1,-0.01,-1,-1,-0.01,-1,-1,-0.01,-1,-1,-0.01,-1,-1,-0.01,-1,-1,-0.01,-1,-1,-0.01,-1,-1
99926009,2026-05-18 10:21:38+05:30,52951.3,0,0.0,0,0.0,0.0,53282.15,53308.4,52783.45,53710.35,0,0.0,0.0,0.0,0.0,-0.01,-1,-1,-0.01,-1,-1,-0.01,-1,-1,-0.01,-1,-1,-0.01,-1,-1,-0.01,-1,-1,-0.01,-1,-1,-0.01,-1,-1,-0.01,-1,-1,-0.01,-1,-1
99926009,2026-05-18 10:21:39+05:30,52950.95,0,0.0,0,0.0,0.0,53282.15,53308.4,52783.45,53710.35,0,0.0,0.0,0.0,0.0,-0.01,-1,-1,-0.01,-1,-1,-0.01,-1,-1,-0.01,-1,-1,-0.01,-1,-1,-0.01,-1,-1,-0.01,-1,-1,-0.01,-1,-1,-0.01,-1,-1,-0.01,-1,-1
99926009,2026-05-18 10:21:39+05:30,52950.95,0,0.0,0,0.0,0.0,53282.15,53308.4,52783.45,53710.35,0,0.0,0.0,0.0,0.0,-0.01,-1,-1,-0.01,-1,-1,-0.01,-1,-1,-0.01,-1,-1,-0.01,-1,-1,-0.01,-1,-1,-0.01,-1,-1,-0.01,-1,-1,-0.01,-1,-1,-0.01,-1,-1
99926009,2026-05-18 10:21:40+05:30,52953.2,0,0.0,0,0.0,0.0,53282.15,53308.4,52783.45,53710.35,0,0.0,0.0,0.0,0.0,-0.01,-1,-1,-0.01,-1,-1,-0.01,-1,-1,-0.01,-1,-1,-0.01,-1,-1,-0.01,-1,-1,-0.01,-1,-1,-0.01,-1,-1,-0.01,-1,-1,-0.01,-1,-1
99926009,2026-05-18 10:21:40+05:30,52952.25,0,0.0,0,0.0,0.0,53282.15,53308.4,52783.45,53710.35,0,0.0,0.0,0.0,0.0,-0.01,-1,-1,-0.01,-1,-1,-0.01,-1,-1,-0.01,-1,-1,-0.01,-1,-1,-0.01,-1,-1,-0.01,-1,-1,-0.01,-1,-1,-0.01,-1,-1,-0.01,-1,-1
99926009,2026-05-18 10:21:41+05:30,52952.45,0,0.0,0,0.0,0.0,53282.15,53308.4,52783.45,53710.35,0,0.0,0.0,0.0,0.0,-0.01,-1,-1,-0.01,-1,-1,-0.01,-1,-1,-0.01,-1,-1,-0.01,-1,-1,-0.01,-1,-1,-0.01,-1,-1,-0.01,-1,-1,-0.01,-1,-1,-0.01,-1,-1
99926009,2026-05-18 10:21:41+05:30,52951.1,0,0.0,0,0.0,0.0,53282.15,53308.4,52783.45,53710.35,0,0.0,0.0,0.0,0.0,-0.01,-1,-1,-0.01,-1,-1,-0.01,-1,-1,-0.01,-1,-1,-0.01,-1,-1,-0.01,-1,-1,-0.01,-1,-1,-0.01,-1,-1,-0.01,-1,-1,-0.01,-1,-1
99926009,2026-05-18 10:21:42+05:30,52949.6,0,0.0,0,0.0,0.0,53282.15,53308.4,52783.45,53710.35,0,0.0,0.0,0.0,0.0,-0.01,-1,-1,-0.01,-1,-1,-0.01,-1,-1,-0.01,-1,-1,-0.01,-1,-1,-0.01,-1,-1,-0.01,-1,-1,-0.01,-1,-1,-0.01,-1,-1,-0.01,-1,-1
99926009,2026-05-18 10:21:42+05:30,52950.15,0,0.0,0,0.0,0.0,53282.15,53308.4,52783.45,53710.35,0,0.0,0.0,0.0,0.0,-0.01,-1,-1,-0.01,-1,-1,-0.01,-1,-1,-0.01,-1,-1,-0.01,-1,-1,-0.01,-1,-1,-0.01,-1,-1,-0.01,-1,-1,-0.01,-1,-1,-0.01,-1,-1
99926009,2026-05-18 10:21:43+05:30,52952.45,0,0.0,0,0.0,0.0,53282.15,53308.4,52783.45,53710.35,0,0.0,0.0,0.0,0.0,-0.01,-1,-1,-0.01,-1,-1,-0.01,-1,-1,-0.01,-1,-1,-0.01,-1,-1,-0.01,-1,-1,-0.01,-1,-1,-0.01,-1,-1,-0.01,-1,-1,-0.01,-1,-1
99926009,2026-05-18 10:21:43+05:30,52948.55,0,0.0,0,0.0,0.0,53282.15,53308.4,52783.45,53710.35,0,0.0,0.0,0.0,0.0,-0.01,-1,-1,-0.01,-1,-1,-0.01,-1,-1,-0.01,-1,-1,-0.01,-1,-1,-0.01,-1,-1,-0.01,-1,-1,-0.01,-1,-1,-0.01,-1,-1,-0.01,-1,-1
99926009,2026-05-18 10:21:44+05:30,52953.6,0,0.0,0,0.0,0.0,53282.15,53308.4,52783.45,53710.35,0,0.0,0.0,0.0,0.0,-0.01,-1,-1,-0.01,-1,-1,-0.01,-1,-1,-0.01,-1,-1,-0.01,-1,-1,-0.01,-1,-1,-0.01,-1,-1,-0.01,-1,-1,-0.01,-1,-1,-0.01,-1,-1
99926009,2026-05-18 10:21:44+05:30,52955.7,0,0.0,0,0.0,0.0,53282.15,53308.4,52783.45,53710.35,0,0.0,0.0,0.0,0.0,-0.01,-1,-1,-0.01,-1,-1,-0.01,-1,-1,-0.01,-1,-1,-0.01,-1,-1,-0.01,-1,-1,-0.01,-1,-1,-0.01,-1,-1,-0.01,-1,-1,-0.01,-1,-1
99926009,2026-05-18 10:21:45+05:30,52956.35,0,0.0,0,0.0,0.0,53282.15,53308.4,52783.45,53710.35,0,0.0,0.0,0.0,0.0,-0.01,-1,-1,-0.01,-1,-1,-0.01,-1,-1,-0.01,-1,-1,-0.01,-1,-1,-0.01,-1,-1,-0.01,-1,-1,-0.01,-1,-1,-0.01,-1,-1,-0.01,-1,-1
99926009,2026-05-18 10:21:45+05:30,52952.75,0,0.0,0,0.0,0.0,53282.15,53308.4,52783.45,53710.35,0,0.0,0.0,0.0,0.0,-0.01,-1,-1,-0.01,-1,-1,-0.01,-1,-1,-0.01,-1,-1,-0.01,-1,-1,-0.01,-1,-1,-0.01,-1,-1,-0.01,-1,-1,-0.01,-1,-1,-0.01,-1,-1
99926009,2026-05-18 10:21:46+05:30,52952.8,0,0.0,0,0.0,0.0,53282.15,53308.4,52783.45,53710.35,0,0.0,0.0,0.0,0.0,-0.01,-1,-1,-0.01,-1,-1,-0.01,-1,-1,-0.01,-1,-1,-0.01,-1,-1,-0.01,-1,-1,-0.01,-1,-1,-0.01,-1,-1,-0.01,-1,-1,-0.01,-1,-1
99926009,2026-05-18 10:21:46+05:30,52949.05,0,0.0,0,0.0,0.0,53282.15,53308.4,52783.45,53710.35,0,0.0,0.0,0.0,0.0,-0.01,-1,-1,-0.01,-1,-1,-0.01,-1,-1,-0.01,-1,-1,-0.01,-1,-1,-0.01,-1,-1,-0.01,-1,-1,-0.01,-1,-1,-0.01,-1,-1,-0.01,-1,-1
99926009,2026-05-18 10:21:47+05:30,52952.15,0,0.0,0,0.0,0.0,53282.15,53308.4,52783.45,53710.35,0,0.0,0.0,0.0,0.0,-0.01,-1,-1,-0.01,-1,-1,-0.01,-1,-1,-0.01,-1,-1,-0.01,-1,-1,-0.01,-1,-1,-0.01,-1,-1,-0.01,-1,-1,-0.01,-1,-1,-0.01,-1,-1
99926009,2026-05-18 10:21:47+05:30,52949.55,0,0.0,0,0.0,0.0,53282.15,53308.4,52783.45,53710.35,0,0.0,0.0,0.0,0.0,-0.01,-1,-1,-0.01,-1,-1,-0.01,-1,-1,-0.01,-1,-1,-0.01,-1,-1,-0.01,-1,-1,-0.01,-1,-1,-0.01,-1,-1,-0.01,-1,-1,-0.01,-1,-1
99926009,2026-05-18 10:21:48+05:30,52952.55,0,0.0,0,0.0,0.0,53282.15,53308.4,52783.45,53710.35,0,0.0,0.0,0.0,0.0,-0.01,-1,-1,-0.01,-1,-1,-0.01,-1,-1,-0.01,-1,-1,-0.01,-1,-1,-0.01,-1,-1,-0.01,-1,-1,-0.01,-1,-1,-0.01,-1,-1,-0.01,-1,-1
99926009,2026-05-18 10:21:48+05:30,52952.5,0,0.0,0,0.0,0.0,53282.15,53308.4,52783.45,53710.35,0,0.0,0.0,0.0,0.0,-0.01,-1,-1,-0.01,-1,-1,-0.01,-1,-1,-0.01,-1,-1,-0.01,-1,-1,-0.01,-1,-1,-0.01,-1,-1,-0.01,-1,-1,-0.01,-1,-1,-0.01,-1,-1
99926009,2026-05-18 10:21:49+05:30,52950.3,0,0.0,0,0.0,0.0,53282.15,53308.4,52783.45,53710.35,0,0.0,0.0,0.0,0.0,-0.01,-1,-1,-0.01,-1,-1,-0.01,-1,-1,-0.01,-1,-1,-0.01,-1,-1,-0.01,-1,-1,-0.01,-1,-1,-0.01,-1,-1,-0.01,-1,-1,-0.01,-1,-1
99926009,2026-05-18 10:21:49+05:30,52950.6,0,0.0,0,0.0,0.0,53282.15,53308.4,52783.45,53710.35,0,0.0,0.0,0.0,0.0,-0.01,-1,-1,-0.01,-1,-1,-0.01,-1,-1,-0.01,-1,-1,-0.01,-1,-1,-0.01,-1,-1,-0.01,-1,-1,-0.01,-1,-1,-0.01,-1,-1,-0.01,-1,-1
99926009,2026-05-18 10:21:50+05:30,52953.05,0,0.0,0,0.0,0.0,53282.15,53308.4,52783.45,53710.35,0,0.0,0.0,0.0,0.0,-0.01,-1,-1,-0.01,-1,-1,-0.01,-1,-1,-0.01,-1,-1,-0.01,-1,-1,-0.01,-1,-1,-0.01,-1,-1,-0.01,-1,-1,-0.01,-1,-1,-0.01,-1,-1
99926009,2026-05-18 10:21:50+05:30,52952.2,0,0.0,0,0.0,0.0,53282.15,53308.4,52783.45,53710.35,0,0.0,0.0,0.0,0.0,-0.01,-1,-1,-0.01,-1,-1,-0.01,-1,-1,-0.01,-1,-1,-0.01,-1,-1,-0.01,-1,-1,-0.01,-1,-1,-0.01,-1,-1,-0.01,-1,-1,-0.01,-1,-1
99926009,2026-05-18 10:21:51+05:30,52950.9,0,0.0,0,0.0,0.0,53282.15,53308.4,52783.45,53710.35,0,0.0,0.0,0.0,0.0,-0.01,-1,-1,-0.01,-1,-1,-0.01,-1,-1,-0.01,-1,-1,-0.01,-1,-1,-0.01,-1,-1,-0.01,-1,-1,-0.01,-1,-1,-0.01,-1,-1,-0.01,-1,-1
99926009,2026-05-18 10:21:51+05:30,52953.05,0,0.0,0,0.0,0.0,53282.15,53308.4,52783.45,53710.35,0,0.0,0.0,0.0,0.0,-0.01,-1,-1,-0.01,-1,-1,-0.01,-1,-1,-0.01,-1,-1,-0.01,-1,-1,-0.01,-1,-1,-0.01,-1,-1,-0.01,-1,-1,-0.01,-1,-1,-0.01,-1,-1
99926009,2026-05-18 10:21:52+05:30,52951.7,0,0.0,0,0.0,0.0,53282.15,53308.4,52783.45,53710.35,0,0.0,0.0,0.0,0.0,-0.01,-1,-1,-0.01,-1,-1,-0.01,-1,-1,-0.01,-1,-1,-0.01,-1,-1,-0.01,-1,-1,-0.01,-1,-1,-0.01,-1,-1,-0.01,-1,-1,-0.01,-1,-1
99926009,2026-05-18 10:21:52+05:30,52948.65,0,0.0,0,0.0,0.0,53282.15,53308.4,52783.45,53710.35,0,0.0,0.0,0.0,0.0,-0.01,-1,-1,-0.01,-1,-1,-0.01,-1,-1,-0.01,-1,-1,-0.01,-1,-1,-0.01,-1,-1,-0.01,-1,-1,-0.01,-1,-1,-0.01,-1,-1,-0.01,-1,-1
99926009,2026-05-18 10:21:53+05:30,52947.25,0,0.0,0,0.0,0.0,53282.15,53308.4,52783.45,53710.35,0,0.0,0.0,0.0,0.0,-0.01,-1,-1,-0.01,-1,-1,-0.01,-1,-1,-0.01,-1,-1,-0.01,-1,-1,-0.01,-1,-1,-0.01,-1,-1,-0.01,-1,-1,-0.01,-1,-1,-0.01,-1,-1
99926009,2026-05-18 10:21:53+05:30,52947.25,0,0.0,0,0.0,0.0,53282.15,53308.4,52783.45,53710.35,0,0.0,0.0,0.0,0.0,-0.01,-1,-1,-0.01,-1,-1,-0.01,-1,-1,-0.01,-1,-1,-0.01,-1,-1,-0.01,-1,-1,-0.01,-1,-1,-0.01,-1,-1,-0.01,-1,-1,-0.01,-1,-1
99926009,2026-05-18 10:21:54+05:30,52949.4,0,0.0,0,0.0,0.0,53282.15,53308.4,52783.45,53710.35,0,0.0,0.0,0.0,0.0,-0.01,-1,-1,-0.01,-1,-1,-0.01,-1,-1,-0.01,-1,-1,-0.01,-1,-1,-0.01,-1,-1,-0.01,-1,-1,-0.01,-1,-1,-0.01,-1,-1,-0.01,-1,-1
99926009,2026-05-18 10:21:54+05:30,52949.25,0,0.0,0,0.0,0.0,53282.15,53308.4,52783.45,53710.35,0,0.0,0.0,0.0,0.0,-0.01,-1,-1,-0.01,-1,-1,-0.01,-1,-1,-0.01,-1,-1,-0.01,-1,-1,-0.01,-1,-1,-0.01,-1,-1,-0.01,-1,-1,-0.01,-1,-1,-0.01,-1,-1
99926009,2026-05-18 10:21:55+05:30,52949.45,0,0.0,0,0.0,0.0,53282.15,53308.4,52783.45,53710.35,0,0.0,0.0,0.0,0.0,-0.01,-1,-1,-0.01,-1,-1,-0.01,-1,-1,-0.01,-1,-1,-0.01,-1,-1,-0.01,-1,-1,-0.01,-1,-1,-0.01,-1,-1,-0.01,-1,-1,-0.01,-1,-1
99926009,2026-05-18 10:21:55+05:30,52946.7,0,0.0,0,0.0,0.0,53282.15,53308.4,52783.45,53710.35,0,0.0,0.0,0.0,0.0,-0.01,-1,-1,-0.01,-1,-1,-0.01,-1,-1,-0.01,-1,-1,-0.01,-1,-1,-0.01,-1,-1,-0.01,-1,-1,-0.01,-1,-1,-0.01,-1,-1,-0.01,-1,-1
99926009,2026-05-18 10:21:56+05:30,52947.2,0,0.0,0,0.0,0.0,53282.15,53308.4,52783.45,53710.35,0,0.0,0.0,0.0,0.0,-0.01,-1,-1,-0.01,-1,-1,-0.01,-1,-1,-0.01,-1,-1,-0.01,-1,-1,-0.01,-1,-1,-0.01,-1,-1,-0.01,-1,-1,-0.01,-1,-1,-0.01,-1,-1
99926009,2026-05-18 10:21:56+05:30,52946.3,0,0.0,0,0.0,0.0,53282.15,53308.4,52783.45,53710.35,0,0.0,0.0,0.0,0.0,-0.01,-1,-1,-0.01,-1,-1,-0.01,-1,-1,-0.01,-1,-1,-0.01,-1,-1,-0.01,-1,-1,-0.01,-1,-1,-0.01,-1,-1,-0.01,-1,-1,-0.01,-1,-1
99926009,2026-05-18 10:21:57+05:30,52945.45,0,0.0,0,0.0,0.0,53282.15,53308.4,52783.45,53710.35,0,0.0,0.0,0.0,0.0,-0.01,-1,-1,-0.01,-1,-1,-0.01,-1,-1,-0.01,-1,-1,-0.01,-1,-1,-0.01,-1,-1,-0.01,-1,-1,-0.01,-1,-1,-0.01,-1,-1,-0.01,-1,-1
99926009,2026-05-18 10:21:57+05:30,52943.9,0,0.0,0,0.0,0.0,53282.15,53308.4,52783.45,53710.35,0,0.0,0.0,0.0,0.0,-0.01,-1,-1,-0.01,-1,-1,-0.01,-1,-1,-0.01,-1,-1,-0.01,-1,-1,-0.01,-1,-1,-0.01,-1,-1,-0.01,-1,-1,-0.01,-1,-1,-0.01,-1,-1
99926009,2026-05-18 10:21:58+05:30,52948.25,0,0.0,0,0.0,0.0,53282.15,53308.4,52783.45,53710.35,0,0.0,0.0,0.0,0.0,-0.01,-1,-1,-0.01,-1,-1,-0.01,-1,-1,-0.01,-1,-1,-0.01,-1,-1,-0.01,-1,-1,-0.01,-1,-1,-0.01,-1,-1,-0.01,-1,-1,-0.01,-1,-1
99926009,2026-05-18 10:21:58+05:30,52948.45,0,0.0,0,0.0,0.0,53282.15,53308.4,52783.45,53710.35,0,0.0,0.0,0.0,0.0,-0.01,-1,-1,-0.01,-1,-1,-0.01,-1,-1,-0.01,-1,-1,-0.01,-1,-1,-0.01,-1,-1,-0.01,-1,-1,-0.01,-1,-1,-0.01,-1,-1,-0.01,-1,-1
99926009,2026-05-18 10:21:59+05:30,52948.55,0,0.0,0,0.0,0.0,53282.15,53308.4,52783.45,53710.35,0,0.0,0.0,0.0,0.0,-0.01,-1,-1,-0.01,-1,-1,-0.01,-1,-1,-0.01,-1,-1,-0.01,-1,-1,-0.01,-1,-1,-0.01,-1,-1,-0.01,-1,-1,-0.01,-1,-1,-0.01,-1,-1
99926009,2026-05-18 10:21:59+05:30,52949.95,0,0.0,0,0.0,0.0,53282.15,53308.4,52783.45,53710.35,0,0.0,0.0,0.0,0.0,-0.01,-1,-1,-0.01,-1,-1,-0.01,-1,-1,-0.01,-1,-1,-0.01,-1,-1,-0.01,-1,-1,-0.01,-1,-1,-0.01,-1,-1,-0.01,-1,-1,-0.01,-1,-1
99926009,2026-05-18 10:22:00+05:30,52952.85,0,0.0,0,0.0,0.0,53282.15,53308.4,52783.45,53710.35,0,0.0,0.0,0.0,0.0,-0.01,-1,-1,-0.01,-1,-1,-0.01,-1,-1,-0.01,-1,-1,-0.01,-1,-1,-0.01,-1,-1,-0.01,-1,-1,-0.01,-1,-1,-0.01,-1,-1,-0.01,-1,-1
99926009,2026-05-18 10:22:00+05:30,52951.15,0,0.0,0,0.0,0.0,53282.15,53308.4,52783.45,53710.35,0,0.0,0.0,0.0,0.0,-0.01,-1,-1,-0.01,-1,-1,-0.01,-1,-1,-0.01,-1,-1,-0.01,-1,-1,-0.01,-1,-1,-0.01,-1,-1,-0.01,-1,-1,-0.01,-1,-1,-0.01,-1,-1
99926009,2026-05-18 10:22:01+05:30,52950.75,0,0.0,0,0.0,0.0,53282.15,53308.4,52783.45,53710.35,0,0.0,0.0,0.0,0.0,-0.01,-1,-1,-0.01,-1,-1,-0.01,-1,-1,-0.01,-1,-1,-0.01,-1,-1,-0.01,-1,-1,-0.01,-1,-1,-0.01,-1,-1,-0.01,-1,-1,-0.01,-1,-1
99926009,2026-05-18 10:22:01+05:30,52952.35,0,0.0,0,0.0,0.0,53282.15,53308.4,52783.45,53710.35,0,0.0,0.0,0.0,0.0,-0.01,-1,-1,-0.01,-1,-1,-0.01,-1,-1,-0.01,-1,-1,-0.01,-1,-1,-0.01,-1,-1,-0.01,-1,-1,-0.01,-1,-1,-0.01,-1,-1,-0.01,-1,-1
99926009,2026-05-18 10:22:02+05:30,52951.3,0,0.0,0,0.0,0.0,53282.15,53308.4,52783.45,53710.35,0,0.0,0.0,0.0,0.0,-0.01,-1,-1,-0.01,-1,-1,-0.01,-1,-1,-0.01,-1,-1,-0.01,-1,-1,-0.01,-1,-1,-0.01,-1,-1,-0.01,-1,-1,-0.01,-1,-1,-0.01,-1,-1
99926009,2026-05-18 10:22:02+05:30,52952.55,0,0.0,0,0.0,0.0,53282.15,53308.4,52783.45,53710.35,0,0.0,0.0,0.0,0.0,-0.01,-1,-1,-0.01,-1,-1,-0.01,-1,-1,-0.01,-1,-1,-0.01,-1,-1,-0.01,-1,-1,-0.01,-1,-1,-0.01,-1,-1,-0.01,-1,-1,-0.01,-1,-1
99926009,2026-05-18 10:22:03+05:30,52950.95,0,0.0,0,0.0,0.0,53282.15,53308.4,52783.45,53710.35,0,0.0,0.0,0.0,0.0,-0.01,-1,-1,-0.01,-1,-1,-0.01,-1,-1,-0.01,-1,-1,-0.01,-1,-1,-0.01,-1,-1,-0.01,-1,-1,-0.01,-1,-1,-0.01,-1,-1,-0.01,-1,-1
99926009,2026-05-18 10:22:03+05:30,52952.6,0,0.0,0,0.0,0.0,53282.15,53308.4,52783.45,53710.35,0,0.0,0.0,0.0,0.0,-0.01,-1,-1,-0.01,-1,-1,-0.01,-1,-1,-0.01,-1,-1,-0.01,-1,-1,-0.01,-1,-1,-0.01,-1,-1,-0.01,-1,-1,-0.01,-1,-1,-0.01,-1,-1
99926009,2026-05-18 10:22:04+05:30,52953.95,0,0.0,0,0.0,0.0,53282.15,53308.4,52783.45,53710.35,0,0.0,0.0,0.0,0.0,-0.01,-1,-1,-0.01,-1,-1,-0.01,-1,-1,-0.01,-1,-1,-0.01,-1,-1,-0.01,-1,-1,-0.01,-1,-1,-0.01,-1,-1,-0.01,-1,-1,-0.01,-1,-1
99926009,2026-05-18 10:22:04+05:30,52953.9,0,0.0,0,0.0,0.0,53282.15,53308.4,52783.45,53710.35,0,0.0,0.0,0.0,0.0,-0.01,-1,-1,-0.01,-1,-1,-0.01,-1,-1,-0.01,-1,-1,-0.01,-1,-1,-0.01,-1,-1,-0.01,-1,-1,-0.01,-1,-1,-0.01,-1,-1,-0.01,-1,-1
99926009,2026-05-18 10:22:05+05:30,52954.0,0,0.0,0,0.0,0.0,53282.15,53308.4,52783.45,53710.35,0,0.0,0.0,0.0,0.0,-0.01,-1,-1,-0.01,-1,-1,-0.01,-1,-1,-0.01,-1,-1,-0.01,-1,-1,-0.01,-1,-1,-0.01,-1,-1,-0.01,-1,-1,-0.01,-1,-1,-0.01,-1,-1
99926009,2026-05-18 10:22:05+05:30,52948.95,0,0.0,0,0.0,0.0,53282.15,53308.4,52783.45,53710.35,0,0.0,0.0,0.0,0.0,-0.01,-1,-1,-0.01,-1,-1,-0.01,-1,-1,-0.01,-1,-1,-0.01,-1,-1,-0.01,-1,-1,-0.01,-1,-1,-0.01,-1,-1,-0.01,-1,-1,-0.01,-1,-1
99926009,2026-05-18 10:22:06+05:30,52948.35,0,0.0,0,0.0,0.0,53282.15,53308.4,52783.45,53710.35,0,0.0,0.0,0.0,0.0,-0.01,-1,-1,-0.01,-1,-1,-0.01,-1,-1,-0.01,-1,-1,-0.01,-1,-1,-0.01,-1,-1,-0.01,-1,-1,-0.01,-1,-1,-0.01,-1,-1,-0.01,-1,-1
99926009,2026-05-18 10:22:06+05:30,52948.45,0,0.0,0,0.0,0.0,53282.15,53308.4,52783.45,53710.35,0,0.0,0.0,0.0,0.0,-0.01,-1,-1,-0.01,-1,-1,-0.01,-1,-1,-0.01,-1,-1,-0.01,-1,-1,-0.01,-1,-1,-0.01,-1,-1,-0.01,-1,-1,-0.01,-1,-1,-0.01,-1,-1
99926009,2026-05-18 10:22:07+05:30,52948.25,0,0.0,0,0.0,0.0,53282.15,53308.4,52783.45,53710.35,0,0.0,0.0,0.0,0.0,-0.01,-1,-1,-0.01,-1,-1,-0.01,-1,-1,-0.01,-1,-1,-0.01,-1,-1,-0.01,-1,-1,-0.01,-1,-1,-0.01,-1,-1,-0.01,-1,-1,-0.01,-1,-1
99926009,2026-05-18 10:22:07+05:30,52949.15,0,0.0,0,0.0,0.0,53282.15,53308.4,52783.45,53710.35,0,0.0,0.0,0.0,0.0,-0.01,-1,-1,-0.01,-1,-1,-0.01,-1,-1,-0.01,-1,-1,-0.01,-1,-1,-0.01,-1,-1,-0.01,-1,-1,-0.01,-1,-1,-0.01,-1,-1,-0.01,-1,-1
99926009,2026-05-18 10:22:08+05:30,52950.45,0,0.0,0,0.0,0.0,53282.15,53308.4,52783.45,53710.35,0,0.0,0.0,0.0,0.0,-0.01,-1,-1,-0.01,-1,-1,-0.01,-1,-1,-0.01,-1,-1,-0.01,-1,-1,-0.01,-1,-1,-0.01,-1,-1,-0.01,-1,-1,-0.01,-1,-1,-0.01,-1,-1
99926009,2026-05-18 10:22:08+05:30,52946.0,0,0.0,0,0.0,0.0,53282.15,53308.4,52783.45,53710.35,0,0.0,0.0,0.0,0.0,-0.01,-1,-1,-0.01,-1,-1,-0.01,-1,-1,-0.01,-1,-1,-0.01,-1,-1,-0.01,-1,-1,-0.01,-1,-1,-0.01,-1,-1,-0.01,-1,-1,-0.01,-1,-1
99926009,2026-05-18 10:22:09+05:30,52945.3,0,0.0,0,0.0,0.0,53282.15,53308.4,52783.45,53710.35,0,0.0,0.0,0.0,0.0,-0.01,-1,-1,-0.01,-1,-1,-0.01,-1,-1,-0.01,-1,-1,-0.01,-1,-1,-0.01,-1,-1,-0.01,-1,-1,-0.01,-1,-1,-0.01,-1,-1,-0.01,-1,-1
99926009,2026-05-18 10:22:09+05:30,52947.25,0,0.0,0,0.0,0.0,53282.15,53308.4,52783.45,53710.35,0,0.0,0.0,0.0,0.0,-0.01,-1,-1,-0.01,-1,-1,-0.01,-1,-1,-0.01,-1,-1,-0.01,-1,-1,-0.01,-1,-1,-0.01,-1,-1,-0.01,-1,-1,-0.01,-1,-1,-0.01,-1,-1
99926009,2026-05-18 10:22:10+05:30,52947.0,0,0.0,0,0.0,0.0,53282.15,53308.4,52783.45,53710.35,0,0.0,0.0,0.0,0.0,-0.01,-1,-1,-0.01,-1,-1,-0.01,-1,-1,-0.01,-1,-1,-0.01,-1,-1,-0.01,-1,-1,-0.01,-1,-1,-0.01,-1,-1,-0.01,-1,-1,-0.01,-1,-1
99926009,2026-05-18 10:22:10+05:30,52944.0,0,0.0,0,0.0,0.0,53282.15,53308.4,52783.45,53710.35,0,0.0,0.0,0.0,0.0,-0.01,-1,-1,-0.01,-1,-1,-0.01,-1,-1,-0.01,-1,-1,-0.01,-1,-1,-0.01,-1,-1,-0.01,-1,-1,-0.01,-1,-1,-0.01,-1,-1,-0.01,-1,-1
99926009,2026-05-18 10:22:11+05:30,52946.45,0,0.0,0,0.0,0.0,53282.15,53308.4,52783.45,53710.35,0,0.0,0.0,0.0,0.0,-0.01,-1,-1,-0.01,-1,-1,-0.01,-1,-1,-0.01,-1,-1,-0.01,-1,-1,-0.01,-1,-1,-0.01,-1,-1,-0.01,-1,-1,-0.01,-1,-1,-0.01,-1,-1
99926009,2026-05-18 10:22:11+05:30,52944.85,0,0.0,0,0.0,0.0,53282.15,53308.4,52783.45,53710.35,0,0.0,0.0,0.0,0.0,-0.01,-1,-1,-0.01,-1,-1,-0.01,-1,-1,-0.01,-1,-1,-0.01,-1,-1,-0.01,-1,-1,-0.01,-1,-1,-0.01,-1,-1,-0.01,-1,-1,-0.01,-1,-1
99926009,2026-05-18 10:22:12+05:30,52943.5,0,0.0,0,0.0,0.0,53282.15,53308.4,52783.45,53710.35,0,0.0,0.0,0.0,0.0,-0.01,-1,-1,-0.01,-1,-1,-0.01,-1,-1,-0.01,-1,-1,-0.01,-1,-1,-0.01,-1,-1,-0.01,-1,-1,-0.01,-1,-1,-0.01,-1,-1,-0.01,-1,-1
99926009,2026-05-18 10:22:12+05:30,52943.8,0,0.0,0,0.0,0.0,53282.15,53308.4,52783.45,53710.35,0,0.0,0.0,0.0,0.0,-0.01,-1,-1,-0.01,-1,-1,-0.01,-1,-1,-0.01,-1,-1,-0.01,-1,-1,-0.01,-1,-1,-0.01,-1,-1,-0.01,-1,-1,-0.01,-1,-1,-0.01,-1,-1
99926009,2026-05-18 10:22:13+05:30,52946.05,0,0.0,0,0.0,0.0,53282.15,53308.4,52783.45,53710.35,0,0.0,0.0,0.0,0.0,-0.01,-1,-1,-0.01,-1,-1,-0.01,-1,-1,-0.01,-1,-1,-0.01,-1,-1,-0.01,-1,-1,-0.01,-1,-1,-0.01,-1,-1,-0.01,-1,-1,-0.01,-1,-1
99926009,2026-05-18 10:22:13+05:30,52939.55,0,0.0,0,0.0,0.0,53282.15,53308.4,52783.45,53710.35,0,0.0,0.0,0.0,0.0,-0.01,-1,-1,-0.01,-1,-1,-0.01,-1,-1,-0.01,-1,-1,-0.01,-1,-1,-0.01,-1,-1,-0.01,-1,-1,-0.01,-1,-1,-0.01,-1,-1,-0.01,-1,-1
99926009,2026-05-18 10:22:14+05:30,52944.05,0,0.0,0,0.0,0.0,53282.15,53308.4,52783.45,53710.35,0,0.0,0.0,0.0,0.0,-0.01,-1,-1,-0.01,-1,-1,-0.01,-1,-1,-0.01,-1,-1,-0.01,-1,-1,-0.01,-1,-1,-0.01,-1,-1,-0.01,-1,-1,-0.01,-1,-1,-0.01,-1,-1
99926009,2026-05-18 10:22:14+05:30,52947.9,0,0.0,0,0.0,0.0,53282.15,53308.4,52783.45,53710.35,0,0.0,0.0,0.0,0.0,-0.01,-1,-1,-0.01,-1,-1,-0.01,-1,-1,-0.01,-1,-1,-0.01,-1,-1,-0.01,-1,-1,-0.01,-1,-1,-0.01,-1,-1,-0.01,-1,-1,-0.01,-1,-1
99926009,2026-05-18 10:22:15+05:30,52946.4,0,0.0,0,0.0,0.0,53282.15,53308.4,52783.45,53710.35,0,0.0,0.0,0.0,0.0,-0.01,-1,-1,-0.01,-1,-1,-0.01,-1,-1,-0.01,-1,-1,-0.01,-1,-1,-0.01,-1,-1,-0.01,-1,-1,-0.01,-1,-1,-0.01,-1,-1,-0.01,-1,-1
99926009,2026-05-18 10:22:15+05:30,52942.65,0,0.0,0,0.0,0.0,53282.15,53308.4,52783.45,53710.35,0,0.0,0.0,0.0,0.0,-0.01,-1,-1,-0.01,-1,-1,-0.01,-1,-1,-0.01,-1,-1,-0.01,-1,-1,-0.01,-1,-1,-0.01,-1,-1,-0.01,-1,-1,-0.01,-1,-1,-0.01,-1,-1
99926009,2026-05-18 10:22:16+05:30,52944.2,0,0.0,0,0.0,0.0,53282.15,53308.4,52783.45,53710.35,0,0.0,0.0,0.0,0.0,-0.01,-1,-1,-0.01,-1,-1,-0.01,-1,-1,-0.01,-1,-1,-0.01,-1,-1,-0.01,-1,-1,-0.01,-1,-1,-0.01,-1,-1,-0.01,-1,-1,-0.01,-1,-1
99926009,2026-05-18 10:22:16+05:30,52944.35,0,0.0,0,0.0,0.0,53282.15,53308.4,52783.45,53710.35,0,0.0,0.0,0.0,0.0,-0.01,-1,-1,-0.01,-1,-1,-0.01,-1,-1,-0.01,-1,-1,-0.01,-1,-1,-0.01,-1,-1,-0.01,-1,-1,-0.01,-1,-1,-0.01,-1,-1,-0.01,-1,-1
99926009,2026-05-18 10:22:17+05:30,52945.7,0,0.0,0,0.0,0.0,53282.15,53308.4,52783.45,53710.35,0,0.0,0.0,0.0,0.0,-0.01,-1,-1,-0.01,-1,-1,-0.01,-1,-1,-0.01,-1,-1,-0.01,-1,-1,-0.01,-1,-1,-0.01,-1,-1,-0.01,-1,-1,-0.01,-1,-1,-0.01,-1,-1
99926009,2026-05-18 10:22:17+05:30,52945.5,0,0.0,0,0.0,0.0,53282.15,53308.4,52783.45,53710.35,0,0.0,0.0,0.0,0.0,-0.01,-1,-1,-0.01,-1,-1,-0.01,-1,-1,-0.01,-1,-1,-0.01,-1,-1,-0.01,-1,-1,-0.01,-1,-1,-0.01,-1,-1,-0.01,-1,-1,-0.01,-1,-1
99926009,2026-05-18 10:22:18+05:30,52944.9,0,0.0,0,0.0,0.0,53282.15,53308.4,52783.45,53710.35,0,0.0,0.0,0.0,0.0,-0.01,-1,-1,-0.01,-1,-1,-0.01,-1,-1,-0.01,-1,-1,-0.01,-1,-1,-0.01,-1,-1,-0.01,-1,-1,-0.01,-1,-1,-0.01,-1,-1,-0.01,-1,-1
99926009,2026-05-18 10:22:18+05:30,52944.5,0,0.0,0,0.0,0.0,53282.15,53308.4,52783.45,53710.35,0,0.0,0.0,0.0,0.0,-0.01,-1,-1,-0.01,-1,-1,-0.01,-1,-1,-0.01,-1,-1,-0.01,-1,-1,-0.01,-1,-1,-0.01,-1,-1,-0.01,-1,-1,-0.01,-1,-1,-0.01,-1,-1
99926009,2026-05-18 10:22:19+05:30,52946.3,0,0.0,0,0.0,0.0,53282.15,53308.4,52783.45,53710.35,0,0.0,0.0,0.0,0.0,-0.01,-1,-1,-0.01,-1,-1,-0.01,-1,-1,-0.01,-1,-1,-0.01,-1,-1,-0.01,-1,-1,-0.01,-1,-1,-0.01,-1,-1,-0.01,-1,-1,-0.01,-1,-1
99926009,2026-05-18 10:22:19+05:30,52944.3,0,0.0,0,0.0,0.0,53282.15,53308.4,52783.45,53710.35,0,0.0,0.0,0.0,0.0,-0.01,-1,-1,-0.01,-1,-1,-0.01,-1,-1,-0.01,-1,-1,-0.01,-1,-1,-0.01,-1,-1,-0.01,-1,-1,-0.01,-1,-1,-0.01,-1,-1,-0.01,-1,-1
99926009,2026-05-18 10:22:20+05:30,52945.2,0,0.0,0,0.0,0.0,53282.15,53308.4,52783.45,53710.35,0,0.0,0.0,0.0,0.0,-0.01,-1,-1,-0.01,-1,-1,-0.01,-1,-1,-0.01,-1,-1,-0.01,-1,-1,-0.01,-1,-1,-0.01,-1,-1,-0.01,-1,-1,-0.01,-1,-1,-0.01,-1,-1
99926009,2026-05-18 10:22:20+05:30,52943.95,0,0.0,0,0.0,0.0,53282.15,53308.4,52783.45,53710.35,0,0.0,0.0,0.0,0.0,-0.01,-1,-1,-0.01,-1,-1,-0.01,-1,-1,-0.01,-1,-1,-0.01,-1,-1,-0.01,-1,-1,-0.01,-1,-1,-0.01,-1,-1,-0.01,-1,-1,-0.01,-1,-1
99926009,2026-05-18 10:22:21+05:30,52942.9,0,0.0,0,0.0,0.0,53282.15,53308.4,52783.45,53710.35,0,0.0,0.0,0.0,0.0,-0.01,-1,-1,-0.01,-1,-1,-0.01,-1,-1,-0.01,-1,-1,-0.01,-1,-1,-0.01,-1,-1,-0.01,-1,-1,-0.01,-1,-1,-0.01,-1,-1,-0.01,-1,-1
99926009,2026-05-18 10:22:21+05:30,52945.0,0,0.0,0,0.0,0.0,53282.15,53308.4,52783.45,53710.35,0,0.0,0.0,0.0,0.0,-0.01,-1,-1,-0.01,-1,-1,-0.01,-1,-1,-0.01,-1,-1,-0.01,-1,-1,-0.01,-1,-1,-0.01,-1,-1,-0.01,-1,-1,-0.01,-1,-1,-0.01,-1,-1
99926009,2026-05-18 10:22:22+05:30,52944.35,0,0.0,0,0.0,0.0,53282.15,53308.4,52783.45,53710.35,0,0.0,0.0,0.0,0.0,-0.01,-1,-1,-0.01,-1,-1,-0.01,-1,-1,-0.01,-1,-1,-0.01,-1,-1,-0.01,-1,-1,-0.01,-1,-1,-0.01,-1,-1,-0.01,-1,-1,-0.01,-1,-1
99926009,2026-05-18 10:22:22+05:30,52943.85,0,0.0,0,0.0,0.0,53282.15,53308.4,52783.45,53710.35,0,0.0,0.0,0.0,0.0,-0.01,-1,-1,-0.01,-1,-1,-0.01,-1,-1,-0.01,-1,-1,-0.01,-1,-1,-0.01,-1,-1,-0.01,-1,-1,-0.01,-1,-1,-0.01,-1,-1,-0.01,-1,-1
99926009,2026-05-18 10:22:23+05:30,52945.35,0,0.0,0,0.0,0.0,53282.15,53308.4,52783.45,53710.35,0,0.0,0.0,0.0,0.0,-0.01,-1,-1,-0.01,-1,-1,-0.01,-1,-1,-0.01,-1,-1,-0.01,-1,-1,-0.01,-1,-1,-0.01,-1,-1,-0.01,-1,-1,-0.01,-1,-1,-0.01,-1,-1
99926009,2026-05-18 10:22:23+05:30,52944.55,0,0.0,0,0.0,0.0,53282.15,53308.4,52783.45,53710.35,0,0.0,0.0,0.0,0.0,-0.01,-1,-1,-0.01,-1,-1,-0.01,-1,-1,-0.01,-1,-1,-0.01,-1,-1,-0.01,-1,-1,-0.01,-1,-1,-0.01,-1,-1,-0.01,-1,-1,-0.01,-1,-1
99926009,2026-05-18 10:22:24+05:30,52945.05,0,0.0,0,0.0,0.0,53282.15,53308.4,52783.45,53710.35,0,0.0,0.0,0.0,0.0,-0.01,-1,-1,-0.01,-1,-1,-0.01,-1,-1,-0.01,-1,-1,-0.01,-1,-1,-0.01,-1,-1,-0.01,-1,-1,-0.01,-1,-1,-0.01,-1,-1,-0.01,-1,-1
99926009,2026-05-18 10:22:24+05:30,52943.45,0,0.0,0,0.0,0.0,53282.15,53308.4,52783.45,53710.35,0,0.0,0.0,0.0,0.0,-0.01,-1,-1,-0.01,-1,-1,-0.01,-1,-1,-0.01,-1,-1,-0.01,-1,-1,-0.01,-1,-1,-0.01,-1,-1,-0.01,-1,-1,-0.01,-1,-1,-0.01,-1,-1
99926009,2026-05-18 10:22:25+05:30,52946.45,0,0.0,0,0.0,0.0,53282.15,53308.4,52783.45,53710.35,0,0.0,0.0,0.0,0.0,-0.01,-1,-1,-0.01,-1,-1,-0.01,-1,-1,-0.01,-1,-1,-0.01,-1,-1,-0.01,-1,-1,-0.01,-1,-1,-0.01,-1,-1,-0.01,-1,-1,-0.01,-1,-1
99926009,2026-05-18 10:22:25+05:30,52945.35,0,0.0,0,0.0,0.0,53282.15,53308.4,52783.45,53710.35,0,0.0,0.0,0.0,0.0,-0.01,-1,-1,-0.01,-1,-1,-0.01,-1,-1,-0.01,-1,-1,-0.01,-1,-1,-0.01,-1,-1,-0.01,-1,-1,-0.01,-1,-1,-0.01,-1,-1,-0.01,-1,-1
99926009,2026-05-18 10:22:26+05:30,52945.25,0,0.0,0,0.0,0.0,53282.15,53308.4,52783.45,53710.35,0,0.0,0.0,0.0,0.0,-0.01,-1,-1,-0.01,-1,-1,-0.01,-1,-1,-0.01,-1,-1,-0.01,-1,-1,-0.01,-1,-1,-0.01,-1,-1,-0.01,-1,-1,-0.01,-1,-1,-0.01,-1,-1
99926009,2026-05-18 10:22:26+05:30,52945.35,0,0.0,0,0.0,0.0,53282.15,53308.4,52783.45,53710.35,0,0.0,0.0,0.0,0.0,-0.01,-1,-1,-0.01,-1,-1,-0.01,-1,-1,-0.01,-1,-1,-0.01,-1,-1,-0.01,-1,-1,-0.01,-1,-1,-0.01,-1,-1,-0.01,-1,-1,-0.01,-1,-1
99926009,2026-05-18 10:22:27+05:30,52945.05,0,0.0,0,0.0,0.0,53282.15,53308.4,52783.45,53710.35,0,0.0,0.0,0.0,0.0,-0.01,-1,-1,-0.01,-1,-1,-0.01,-1,-1,-0.01,-1,-1,-0.01,-1,-1,-0.01,-1,-1,-0.01,-1,-1,-0.01,-1,-1,-0.01,-1,-1,-0.01,-1,-1
99926009,2026-05-18 10:22:27+05:30,52943.85,0,0.0,0,0.0,0.0,53282.15,53308.4,52783.45,53710.35,0,0.0,0.0,0.0,0.0,-0.01,-1,-1,-0.01,-1,-1,-0.01,-1,-1,-0.01,-1,-1,-0.01,-1,-1,-0.01,-1,-1,-0.01,-1,-1,-0.01,-1,-1,-0.01,-1,-1,-0.01,-1,-1
99926009,2026-05-18 10:22:28+05:30,52943.6,0,0.0,0,0.0,0.0,53282.15,53308.4,52783.45,53710.35,0,0.0,0.0,0.0,0.0,-0.01,-1,-1,-0.01,-1,-1,-0.01,-1,-1,-0.01,-1,-1,-0.01,-1,-1,-0.01,-1,-1,-0.01,-1,-1,-0.01,-1,-1,-0.01,-1,-1,-0.01,-1,-1
99926009,2026-05-18 10:22:28+05:30,52945.05,0,0.0,0,0.0,0.0,53282.15,53308.4,52783.45,53710.35,0,0.0,0.0,0.0,0.0,-0.01,-1,-1,-0.01,-1,-1,-0.01,-1,-1,-0.01,-1,-1,-0.01,-1,-1,-0.01,-1,-1,-0.01,-1,-1,-0.01,-1,-1,-0.01,-1,-1,-0.01,-1,-1
99926009,2026-05-18 10:22:29+05:30,52945.15,0,0.0,0,0.0,0.0,53282.15,53308.4,52783.45,53710.35,0,0.0,0.0,0.0,0.0,-0.01,-1,-1,-0.01,-1,-1,-0.01,-1,-1,-0.01,-1,-1,-0.01,-1,-1,-0.01,-1,-1,-0.01,-1,-1,-0.01,-1,-1,-0.01,-1,-1,-0.01,-1,-1
99926009,2026-05-18 10:22:29+05:30,52942.65,0,0.0,0,0.0,0.0,53282.15,53308.4,52783.45,53710.35,0,0.0,0.0,0.0,0.0,-0.01,-1,-1,-0.01,-1,-1,-0.01,-1,-1,-0.01,-1,-1,-0.01,-1,-1,-0.01,-1,-1,-0.01,-1,-1,-0.01,-1,-1,-0.01,-1,-1,-0.01,-1,-1
99926009,2026-05-18 10:22:30+05:30,52947.35,0,0.0,0,0.0,0.0,53282.15,53308.4,52783.45,53710.35,0,0.0,0.0,0.0,0.0,-0.01,-1,-1,-0.01,-1,-1,-0.01,-1,-1,-0.01,-1,-1,-0.01,-1,-1,-0.01,-1,-1,-0.01,-1,-1,-0.01,-1,-1,-0.01,-1,-1,-0.01,-1,-1
99926009,2026-05-18 10:22:30+05:30,52947.3,0,0.0,0,0.0,0.0,53282.15,53308.4,52783.45,53710.35,0,0.0,0.0,0.0,0.0,-0.01,-1,-1,-0.01,-1,-1,-0.01,-1,-1,-0.01,-1,-1,-0.01,-1,-1,-0.01,-1,-1,-0.01,-1,-1,-0.01,-1,-1,-0.01,-1,-1,-0.01,-1,-1
99926009,2026-05-18 10:22:31+05:30,52949.3,0,0.0,0,0.0,0.0,53282.15,53308.4,52783.45,53710.35,0,0.0,0.0,0.0,0.0,-0.01,-1,-1,-0.01,-1,-1,-0.01,-1,-1,-0.01,-1,-1,-0.01,-1,-1,-0.01,-1,-1,-0.01,-1,-1,-0.01,-1,-1,-0.01,-1,-1,-0.01,-1,-1
99926009,2026-05-18 10:22:31+05:30,52950.45,0,0.0,0,0.0,0.0,53282.15,53308.4,52783.45,53710.35,0,0.0,0.0,0.0,0.0,-0.01,-1,-1,-0.01,-1,-1,-0.01,-1,-1,-0.01,-1,-1,-0.01,-1,-1,-0.01,-1,-1,-0.01,-1,-1,-0.01,-1,-1,-0.01,-1,-1,-0.01,-1,-1
99926009,2026-05-18 10:22:32+05:30,52951.6,0,0.0,0,0.0,0.0,53282.15,53308.4,52783.45,53710.35,0,0.0,0.0,0.0,0.0,-0.01,-1,-1,-0.01,-1,-1,-0.01,-1,-1,-0.01,-1,-1,-0.01,-1,-1,-0.01,-1,-1,-0.01,-1,-1,-0.01,-1,-1,-0.01,-1,-1,-0.01,-1,-1
99926009,2026-05-18 10:22:32+05:30,52951.5,0,0.0,0,0.0,0.0,53282.15,53308.4,52783.45,53710.35,0,0.0,0.0,0.0,0.0,-0.01,-1,-1,-0.01,-1,-1,-0.01,-1,-1,-0.01,-1,-1,-0.01,-1,-1,-0.01,-1,-1,-0.01,-1,-1,-0.01,-1,-1,-0.01,-1,-1,-0.01,-1,-1
99926009,2026-05-18 10:22:33+05:30,52950.9,0,0.0,0,0.0,0.0,53282.15,53308.4,52783.45,53710.35,0,0.0,0.0,0.0,0.0,-0.01,-1,-1,-0.01,-1,-1,-0.01,-1,-1,-0.01,-1,-1,-0.01,-1,-1,-0.01,-1,-1,-0.01,-1,-1,-0.01,-1,-1,-0.01,-1,-1,-0.01,-1,-1
99926009,2026-05-18 10:22:33+05:30,52951.55,0,0.0,0,0.0,0.0,53282.15,53308.4,52783.45,53710.35,0,0.0,0.0,0.0,0.0,-0.01,-1,-1,-0.01,-1,-1,-0.01,-1,-1,-0.01,-1,-1,-0.01,-1,-1,-0.01,-1,-1,-0.01,-1,-1,-0.01,-1,-1,-0.01,-1,-1,-0.01,-1,-1
99926009,2026-05-18 10:22:34+05:30,52950.45,0,0.0,0,0.0,0.0,53282.15,53308.4,52783.45,53710.35,0,0.0,0.0,0.0,0.0,-0.01,-1,-1,-0.01,-1,-1,-0.01,-1,-1,-0.01,-1,-1,-0.01,-1,-1,-0.01,-1,-1,-0.01,-1,-1,-0.01,-1,-1,-0.01,-1,-1,-0.01,-1,-1
99926009,2026-05-18 10:22:34+05:30,52952.45,0,0.0,0,0.0,0.0,53282.15,53308.4,52783.45,53710.35,0,0.0,0.0,0.0,0.0,-0.01,-1,-1,-0.01,-1,-1,-0.01,-1,-1,-0.01,-1,-1,-0.01,-1,-1,-0.01,-1,-1,-0.01,-1,-1,-0.01,-1,-1,-0.01,-1,-1,-0.01,-1,-1
99926009,2026-05-18 10:22:35+05:30,52954.25,0,0.0,0,0.0,0.0,53282.15,53308.4,52783.45,53710.35,0,0.0,0.0,0.0,0.0,-0.01,-1,-1,-0.01,-1,-1,-0.01,-1,-1,-0.01,-1,-1,-0.01,-1,-1,-0.01,-1,-1,-0.01,-1,-1,-0.01,-1,-1,-0.01,-1,-1,-0.01,-1,-1
99926009,2026-05-18 10:22:35+05:30,52951.65,0,0.0,0,0.0,0.0,53282.15,53308.4,52783.45,53710.35,0,0.0,0.0,0.0,0.0,-0.01,-1,-1,-0.01,-1,-1,-0.01,-1,-1,-0.01,-1,-1,-0.01,-1,-1,-0.01,-1,-1,-0.01,-1,-1,-0.01,-1,-1,-0.01,-1,-1,-0.01,-1,-1
99926009,2026-05-18 10:22:36+05:30,52950.5,0,0.0,0,0.0,0.0,53282.15,53308.4,52783.45,53710.35,0,0.0,0.0,0.0,0.0,-0.01,-1,-1,-0.01,-1,-1,-0.01,-1,-1,-0.01,-1,-1,-0.01,-1,-1,-0.01,-1,-1,-0.01,-1,-1,-0.01,-1,-1,-0.01,-1,-1,-0.01,-1,-1
99926009,2026-05-18 10:22:36+05:30,52953.3,0,0.0,0,0.0,0.0,53282.15,53308.4,52783.45,53710.35,0,0.0,0.0,0.0,0.0,-0.01,-1,-1,-0.01,-1,-1,-0.01,-1,-1,-0.01,-1,-1,-0.01,-1,-1,-0.01,-1,-1,-0.01,-1,-1,-0.01,-1,-1,-0.01,-1,-1,-0.01,-1,-1
99926009,2026-05-18 10:22:37+05:30,52951.95,0,0.0,0,0.0,0.0,53282.15,53308.4,52783.45,53710.35,0,0.0,0.0,0.0,0.0,-0.01,-1,-1,-0.01,-1,-1,-0.01,-1,-1,-0.01,-1,-1,-0.01,-1,-1,-0.01,-1,-1,-0.01,-1,-1,-0.01,-1,-1,-0.01,-1,-1,-0.01,-1,-1
99926009,2026-05-18 10:22:37+05:30,52947.8,0,0.0,0,0.0,0.0,53282.15,53308.4,52783.45,53710.35,0,0.0,0.0,0.0,0.0,-0.01,-1,-1,-0.01,-1,-1,-0.01,-1,-1,-0.01,-1,-1,-0.01,-1,-1,-0.01,-1,-1,-0.01,-1,-1,-0.01,-1,-1,-0.01,-1,-1,-0.01,-1,-1
99926009,2026-05-18 10:22:38+05:30,52947.55,0,0.0,0,0.0,0.0,53282.15,53308.4,52783.45,53710.35,0,0.0,0.0,0.0,0.0,-0.01,-1,-1,-0.01,-1,-1,-0.01,-1,-1,-0.01,-1,-1,-0.01,-1,-1,-0.01,-1,-1,-0.01,-1,-1,-0.01,-1,-1,-0.01,-1,-1,-0.01,-1,-1
99926009,2026-05-18 10:22:38+05:30,52947.75,0,0.0,0,0.0,0.0,53282.15,53308.4,52783.45,53710.35,0,0.0,0.0,0.0,0.0,-0.01,-1,-1,-0.01,-1,-1,-0.01,-1,-1,-0.01,-1,-1,-0.01,-1,-1,-0.01,-1,-1,-0.01,-1,-1,-0.01,-1,-1,-0.01,-1,-1,-0.01,-1,-1
99926009,2026-05-18 10:22:39+05:30,52949.25,0,0.0,0,0.0,0.0,53282.15,53308.4,52783.45,53710.35,0,0.0,0.0,0.0,0.0,-0.01,-1,-1,-0.01,-1,-1,-0.01,-1,-1,-0.01,-1,-1,-0.01,-1,-1,-0.01,-1,-1,-0.01,-1,-1,-0.01,-1,-1,-0.01,-1,-1,-0.01,-1,-1
99926009,2026-05-18 10:22:39+05:30,52949.35,0,0.0,0,0.0,0.0,53282.15,53308.4,52783.45,53710.35,0,0.0,0.0,0.0,0.0,-0.01,-1,-1,-0.01,-1,-1,-0.01,-1,-1,-0.01,-1,-1,-0.01,-1,-1,-0.01,-1,-1,-0.01,-1,-1,-0.01,-1,-1,-0.01,-1,-1,-0.01,-1,-1
99926009,2026-05-18 10:22:40+05:30,52951.8,0,0.0,0,0.0,0.0,53282.15,53308.4,52783.45,53710.35,0,0.0,0.0,0.0,0.0,-0.01,-1,-1,-0.01,-1,-1,-0.01,-1,-1,-0.01,-1,-1,-0.01,-1,-1,-0.01,-1,-1,-0.01,-1,-1,-0.01,-1,-1,-0.01,-1,-1,-0.01,-1,-1
99926009,2026-05-18 10:22:40+05:30,52948.65,0,0.0,0,0.0,0.0,53282.15,53308.4,52783.45,53710.35,0,0.0,0.0,0.0,0.0,-0.01,-1,-1,-0.01,-1,-1,-0.01,-1,-1,-0.01,-1,-1,-0.01,-1,-1,-0.01,-1,-1,-0.01,-1,-1,-0.01,-1,-1,-0.01,-1,-1,-0.01,-1,-1
99926009,2026-05-18 10:22:41+05:30,52947.5,0,0.0,0,0.0,0.0,53282.15,53308.4,52783.45,53710.35,0,0.0,0.0,0.0,0.0,-0.01,-1,-1,-0.01,-1,-1,-0.01,-1,-1,-0.01,-1,-1,-0.01,-1,-1,-0.01,-1,-1,-0.01,-1,-1,-0.01,-1,-1,-0.01,-1,-1,-0.01,-1,-1
99926009,2026-05-18 10:22:41+05:30,52946.3,0,0.0,0,0.0,0.0,53282.15,53308.4,52783.45,53710.35,0,0.0,0.0,0.0,0.0,-0.01,-1,-1,-0.01,-1,-1,-0.01,-1,-1,-0.01,-1,-1,-0.01,-1,-1,-0.01,-1,-1,-0.01,-1,-1,-0.01,-1,-1,-0.01,-1,-1,-0.01,-1,-1
99926009,2026-05-18 10:22:42+05:30,52946.35,0,0.0,0,0.0,0.0,53282.15,53308.4,52783.45,53710.35,0,0.0,0.0,0.0,0.0,-0.01,-1,-1,-0.01,-1,-1,-0.01,-1,-1,-0.01,-1,-1,-0.01,-1,-1,-0.01,-1,-1,-0.01,-1,-1,-0.01,-1,-1,-0.01,-1,-1,-0.01,-1,-1
99926009,2026-05-18 10:22:42+05:30,52948.35,0,0.0,0,0.0,0.0,53282.15,53308.4,52783.45,53710.35,0,0.0,0.0,0.0,0.0,-0.01,-1,-1,-0.01,-1,-1,-0.01,-1,-1,-0.01,-1,-1,-0.01,-1,-1,-0.01,-1,-1,-0.01,-1,-1,-0.01,-1,-1,-0.01,-1,-1,-0.01,-1,-1
99926009,2026-05-18 10:22:43+05:30,52946.65,0,0.0,0,0.0,0.0,53282.15,53308.4,52783.45,53710.35,0,0.0,0.0,0.0,0.0,-0.01,-1,-1,-0.01,-1,-1,-0.01,-1,-1,-0.01,-1,-1,-0.01,-1,-1,-0.01,-1,-1,-0.01,-1,-1,-0.01,-1,-1,-0.01,-1,-1,-0.01,-1,-1
99926009,2026-05-18 10:22:43+05:30,52946.85,0,0.0,0,0.0,0.0,53282.15,53308.4,52783.45,53710.35,0,0.0,0.0,0.0,0.0,-0.01,-1,-1,-0.01,-1,-1,-0.01,-1,-1,-0.01,-1,-1,-0.01,-1,-1,-0.01,-1,-1,-0.01,-1,-1,-0.01,-1,-1,-0.01,-1,-1,-0.01,-1,-1
99926009,2026-05-18 10:22:44+05:30,52947.5,0,0.0,0,0.0,0.0,53282.15,53308.4,52783.45,53710.35,0,0.0,0.0,0.0,0.0,-0.01,-1,-1,-0.01,-1,-1,-0.01,-1,-1,-0.01,-1,-1,-0.01,-1,-1,-0.01,-1,-1,-0.01,-1,-1,-0.01,-1,-1,-0.01,-1,-1,-0.01,-1,-1
99926009,2026-05-18 10:22:44+05:30,52949.65,0,0.0,0,0.0,0.0,53282.15,53308.4,52783.45,53710.35,0,0.0,0.0,0.0,0.0,-0.01,-1,-1,-0.01,-1,-1,-0.01,-1,-1,-0.01,-1,-1,-0.01,-1,-1,-0.01,-1,-1,-0.01,-1,-1,-0.01,-1,-1,-0.01,-1,-1,-0.01,-1,-1
99926009,2026-05-18 10:22:45+05:30,52949.75,0,0.0,0,0.0,0.0,53282.15,53308.4,52783.45,53710.35,0,0.0,0.0,0.0,0.0,-0.01,-1,-1,-0.01,-1,-1,-0.01,-1,-1,-0.01,-1,-1,-0.01,-1,-1,-0.01,-1,-1,-0.01,-1,-1,-0.01,-1,-1,-0.01,-1,-1,-0.01,-1,-1
99926009,2026-05-18 10:22:45+05:30,52947.75,0,0.0,0,0.0,0.0,53282.15,53308.4,52783.45,53710.35,0,0.0,0.0,0.0,0.0,-0.01,-1,-1,-0.01,-1,-1,-0.01,-1,-1,-0.01,-1,-1,-0.01,-1,-1,-0.01,-1,-1,-0.01,-1,-1,-0.01,-1,-1,-0.01,-1,-1,-0.01,-1,-1
99926009,2026-05-18 10:22:46+05:30,52950.75,0,0.0,0,0.0,0.0,53282.15,53308.4,52783.45,53710.35,0,0.0,0.0,0.0,0.0,-0.01,-1,-1,-0.01,-1,-1,-0.01,-1,-1,-0.01,-1,-1,-0.01,-1,-1,-0.01,-1,-1,-0.01,-1,-1,-0.01,-1,-1,-0.01,-1,-1,-0.01,-1,-1
99926009,2026-05-18 10:22:46+05:30,52948.95,0,0.0,0,0.0,0.0,53282.15,53308.4,52783.45,53710.35,0,0.0,0.0,0.0,0.0,-0.01,-1,-1,-0.01,-1,-1,-0.01,-1,-1,-0.01,-1,-1,-0.01,-1,-1,-0.01,-1,-1,-0.01,-1,-1,-0.01,-1,-1,-0.01,-1,-1,-0.01,-1,-1
99926009,2026-05-18 10:22:47+05:30,52949.8,0,0.0,0,0.0,0.0,53282.15,53308.4,52783.45,53710.35,0,0.0,0.0,0.0,0.0,-0.01,-1,-1,-0.01,-1,-1,-0.01,-1,-1,-0.01,-1,-1,-0.01,-1,-1,-0.01,-1,-1,-0.01,-1,-1,-0.01,-1,-1,-0.01,-1,-1,-0.01,-1,-1
99926009,2026-05-18 10:22:47+05:30,52948.15,0,0.0,0,0.0,0.0,53282.15,53308.4,52783.45,53710.35,0,0.0,0.0,0.0,0.0,-0.01,-1,-1,-0.01,-1,-1,-0.01,-1,-1,-0.01,-1,-1,-0.01,-1,-1,-0.01,-1,-1,-0.01,-1,-1,-0.01,-1,-1,-0.01,-1,-1,-0.01,-1,-1
99926009,2026-05-18 10:22:48+05:30,52946.85,0,0.0,0,0.0,0.0,53282.15,53308.4,52783.45,53710.35,0,0.0,0.0,0.0,0.0,-0.01,-1,-1,-0.01,-1,-1,-0.01,-1,-1,-0.01,-1,-1,-0.01,-1,-1,-0.01,-1,-1,-0.01,-1,-1,-0.01,-1,-1,-0.01,-1,-1,-0.01,-1,-1
99926009,2026-05-18 10:22:48+05:30,52946.0,0,0.0,0,0.0,0.0,53282.15,53308.4,52783.45,53710.35,0,0.0,0.0,0.0,0.0,-0.01,-1,-1,-0.01,-1,-1,-0.01,-1,-1,-0.01,-1,-1,-0.01,-1,-1,-0.01,-1,-1,-0.01,-1,-1,-0.01,-1,-1,-0.01,-1,-1,-0.01,-1,-1
99926009,2026-05-18 10:22:49+05:30,52942.9,0,0.0,0,0.0,0.0,53282.15,53308.4,52783.45,53710.35,0,0.0,0.0,0.0,0.0,-0.01,-1,-1,-0.01,-1,-1,-0.01,-1,-1,-0.01,-1,-1,-0.01,-1,-1,-0.01,-1,-1,-0.01,-1,-1,-0.01,-1,-1,-0.01,-1,-1,-0.01,-1,-1
99926009,2026-05-18 10:22:49+05:30,52944.85,0,0.0,0,0.0,0.0,53282.15,53308.4,52783.45,53710.35,0,0.0,0.0,0.0,0.0,-0.01,-1,-1,-0.01,-1,-1,-0.01,-1,-1,-0.01,-1,-1,-0.01,-1,-1,-0.01,-1,-1,-0.01,-1,-1,-0.01,-1,-1,-0.01,-1,-1,-0.01,-1,-1
99926009,2026-05-18 10:22:50+05:30,52946.0,0,0.0,0,0.0,0.0,53282.15,53308.4,52783.45,53710.35,0,0.0,0.0,0.0,0.0,-0.01,-1,-1,-0.01,-1,-1,-0.01,-1,-1,-0.01,-1,-1,-0.01,-1,-1,-0.01,-1,-1,-0.01,-1,-1,-0.01,-1,-1,-0.01,-1,-1,-0.01,-1,-1
99926009,2026-05-18 10:22:50+05:30,52943.6,0,0.0,0,0.0,0.0,53282.15,53308.4,52783.45,53710.35,0,0.0,0.0,0.0,0.0,-0.01,-1,-1,-0.01,-1,-1,-0.01,-1,-1,-0.01,-1,-1,-0.01,-1,-1,-0.01,-1,-1,-0.01,-1,-1,-0.01,-1,-1,-0.01,-1,-1,-0.01,-1,-1
99926009,2026-05-18 10:22:51+05:30,52942.6,0,0.0,0,0.0,0.0,53282.15,53308.4,52783.45,53710.35,0,0.0,0.0,0.0,0.0,-0.01,-1,-1,-0.01,-1,-1,-0.01,-1,-1,-0.01,-1,-1,-0.01,-1,-1,-0.01,-1,-1,-0.01,-1,-1,-0.01,-1,-1,-0.01,-1,-1,-0.01,-1,-1
99926009,2026-05-18 10:22:51+05:30,52946.55,0,0.0,0,0.0,0.0,53282.15,53308.4,52783.45,53710.35,0,0.0,0.0,0.0,0.0,-0.01,-1,-1,-0.01,-1,-1,-0.01,-1,-1,-0.01,-1,-1,-0.01,-1,-1,-0.01,-1,-1,-0.01,-1,-1,-0.01,-1,-1,-0.01,-1,-1,-0.01,-1,-1
99926009,2026-05-18 10:22:52+05:30,52945.95,0,0.0,0,0.0,0.0,53282.15,53308.4,52783.45,53710.35,0,0.0,0.0,0.0,0.0,-0.01,-1,-1,-0.01,-1,-1,-0.01,-1,-1,-0.01,-1,-1,-0.01,-1,-1,-0.01,-1,-1,-0.01,-1,-1,-0.01,-1,-1,-0.01,-1,-1,-0.01,-1,-1
99926009,2026-05-18 10:22:52+05:30,52945.65,0,0.0,0,0.0,0.0,53282.15,53308.4,52783.45,53710.35,0,0.0,0.0,0.0,0.0,-0.01,-1,-1,-0.01,-1,-1,-0.01,-1,-1,-0.01,-1,-1,-0.01,-1,-1,-0.01,-1,-1,-0.01,-1,-1,-0.01,-1,-1,-0.01,-1,-1,-0.01,-1,-1
99926009,2026-05-18 10:22:53+05:30,52944.55,0,0.0,0,0.0,0.0,53282.15,53308.4,52783.45,53710.35,0,0.0,0.0,0.0,0.0,-0.01,-1,-1,-0.01,-1,-1,-0.01,-1,-1,-0.01,-1,-1,-0.01,-1,-1,-0.01,-1,-1,-0.01,-1,-1,-0.01,-1,-1,-0.01,-1,-1,-0.01,-1,-1
99926009,2026-05-18 10:22:53+05:30,52946.65,0,0.0,0,0.0,0.0,53282.15,53308.4,52783.45,53710.35,0,0.0,0.0,0.0,0.0,-0.01,-1,-1,-0.01,-1,-1,-0.01,-1,-1,-0.01,-1,-1,-0.01,-1,-1,-0.01,-1,-1,-0.01,-1,-1,-0.01,-1,-1,-0.01,-1,-1,-0.01,-1,-1
99926009,2026-05-18 10:22:54+05:30,52945.5,0,0.0,0,0.0,0.0,53282.15,53308.4,52783.45,53710.35,0,0.0,0.0,0.0,0.0,-0.01,-1,-1,-0.01,-1,-1,-0.01,-1,-1,-0.01,-1,-1,-0.01,-1,-1,-0.01,-1,-1,-0.01,-1,-1,-0.01,-1,-1,-0.01,-1,-1,-0.01,-1,-1
99926009,2026-05-18 10:22:54+05:30,52938.5,0,0.0,0,0.0,0.0,53282.15,53308.4,52783.45,53710.35,0,0.0,0.0,0.0,0.0,-0.01,-1,-1,-0.01,-1,-1,-0.01,-1,-1,-0.01,-1,-1,-0.01,-1,-1,-0.01,-1,-1,-0.01,-1,-1,-0.01,-1,-1,-0.01,-1,-1,-0.01,-1,-1
99926009,2026-05-18 10:22:55+05:30,52931.6,0,0.0,0,0.0,0.0,53282.15,53308.4,52783.45,53710.35,0,0.0,0.0,0.0,0.0,-0.01,-1,-1,-0.01,-1,-1,-0.01,-1,-1,-0.01,-1,-1,-0.01,-1,-1,-0.01,-1,-1,-0.01,-1,-1,-0.01,-1,-1,-0.01,-1,-1,-0.01,-1,-1
99926009,2026-05-18 10:22:55+05:30,52926.9,0,0.0,0,0.0,0.0,53282.15,53308.4,52783.45,53710.35,0,0.0,0.0,0.0,0.0,-0.01,-1,-1,-0.01,-1,-1,-0.01,-1,-1,-0.01,-1,-1,-0.01,-1,-1,-0.01,-1,-1,-0.01,-1,-1,-0.01,-1,-1,-0.01,-1,-1,-0.01,-1,-1
99926009,2026-05-18 10:22:56+05:30,52924.25,0,0.0,0,0.0,0.0,53282.15,53308.4,52783.45,53710.35,0,0.0,0.0,0.0,0.0,-0.01,-1,-1,-0.01,-1,-1,-0.01,-1,-1,-0.01,-1,-1,-0.01,-1,-1,-0.01,-1,-1,-0.01,-1,-1,-0.01,-1,-1,-0.01,-1,-1,-0.01,-1,-1
99926009,2026-05-18 10:22:56+05:30,52928.05,0,0.0,0,0.0,0.0,53282.15,53308.4,52783.45,53710.35,0,0.0,0.0,0.0,0.0,-0.01,-1,-1,-0.01,-1,-1,-0.01,-1,-1,-0.01,-1,-1,-0.01,-1,-1,-0.01,-1,-1,-0.01,-1,-1,-0.01,-1,-1,-0.01,-1,-1,-0.01,-1,-1
99926009,2026-05-18 10:22:57+05:30,52928.2,0,0.0,0,0.0,0.0,53282.15,53308.4,52783.45,53710.35,0,0.0,0.0,0.0,0.0,-0.01,-1,-1,-0.01,-1,-1,-0.01,-1,-1,-0.01,-1,-1,-0.01,-1,-1,-0.01,-1,-1,-0.01,-1,-1,-0.01,-1,-1,-0.01,-1,-1,-0.01,-1,-1
99926009,2026-05-18 10:22:57+05:30,52925.0,0,0.0,0,0.0,0.0,53282.15,53308.4,52783.45,53710.35,0,0.0,0.0,0.0,0.0,-0.01,-1,-1,-0.01,-1,-1,-0.01,-1,-1,-0.01,-1,-1,-0.01,-1,-1,-0.01,-1,-1,-0.01,-1,-1,-0.01,-1,-1,-0.01,-1,-1,-0.01,-1,-1
99926009,2026-05-18 10:22:58+05:30,52928.0,0,0.0,0,0.0,0.0,53282.15,53308.4,52783.45,53710.35,0,0.0,0.0,0.0,0.0,-0.01,-1,-1,-0.01,-1,-1,-0.01,-1,-1,-0.01,-1,-1,-0.01,-1,-1,-0.01,-1,-1,-0.01,-1,-1,-0.01,-1,-1,-0.01,-1,-1,-0.01,-1,-1
99926009,2026-05-18 10:22:58+05:30,52927.5,0,0.0,0,0.0,0.0,53282.15,53308.4,52783.45,53710.35,0,0.0,0.0,0.0,0.0,-0.01,-1,-1,-0.01,-1,-1,-0.01,-1,-1,-0.01,-1,-1,-0.01,-1,-1,-0.01,-1,-1,-0.01,-1,-1,-0.01,-1,-1,-0.01,-1,-1,-0.01,-1,-1
99926009,2026-05-18 10:22:59+05:30,52927.25,0,0.0,0,0.0,0.0,53282.15,53308.4,52783.45,53710.35,0,0.0,0.0,0.0,0.0,-0.01,-1,-1,-0.01,-1,-1,-0.01,-1,-1,-0.01,-1,-1,-0.01,-1,-1,-0.01,-1,-1,-0.01,-1,-1,-0.01,-1,-1,-0.01,-1,-1,-0.01,-1,-1
99926009,2026-05-18 10:22:59+05:30,52929.45,0,0.0,0,0.0,0.0,53282.15,53308.4,52783.45,53710.35,0,0.0,0.0,0.0,0.0,-0.01,-1,-1,-0.01,-1,-1,-0.01,-1,-1,-0.01,-1,-1,-0.01,-1,-1,-0.01,-1,-1,-0.01,-1,-1,-0.01,-1,-1,-0.01,-1,-1,-0.01,-1,-1
99926009,2026-05-18 10:23:00+05:30,52932.4,0,0.0,0,0.0,0.0,53282.15,53308.4,52783.45,53710.35,0,0.0,0.0,0.0,0.0,-0.01,-1,-1,-0.01,-1,-1,-0.01,-1,-1,-0.01,-1,-1,-0.01,-1,-1,-0.01,-1,-1,-0.01,-1,-1,-0.01,-1,-1,-0.01,-1,-1,-0.01,-1,-1
99926009,2026-05-18 10:23:00+05:30,52929.45,0,0.0,0,0.0,0.0,53282.15,53308.4,52783.45,53710.35,0,0.0,0.0,0.0,0.0,-0.01,-1,-1,-0.01,-1,-1,-0.01,-1,-1,-0.01,-1,-1,-0.01,-1,-1,-0.01,-1,-1,-0.01,-1,-1,-0.01,-1,-1,-0.01,-1,-1,-0.01,-1,-1
99926009,2026-05-18 10:23:01+05:30,52928.45,0,0.0,0,0.0,0.0,53282.15,53308.4,52783.45,53710.35,0,0.0,0.0,0.0,0.0,-0.01,-1,-1,-0.01,-1,-1,-0.01,-1,-1,-0.01,-1,-1,-0.01,-1,-1,-0.01,-1,-1,-0.01,-1,-1,-0.01,-1,-1,-0.01,-1,-1,-0.01,-1,-1
99926009,2026-05-18 10:23:01+05:30,52920.8,0,0.0,0,0.0,0.0,53282.15,53308.4,52783.45,53710.35,0,0.0,0.0,0.0,0.0,-0.01,-1,-1,-0.01,-1,-1,-0.01,-1,-1,-0.01,-1,-1,-0.01,-1,-1,-0.01,-1,-1,-0.01,-1,-1,-0.01,-1,-1,-0.01,-1,-1,-0.01,-1,-1
99926009,2026-05-18 10:23:02+05:30,52923.75,0,0.0,0,0.0,0.0,53282.15,53308.4,52783.45,53710.35,0,0.0,0.0,0.0,0.0,-0.01,-1,-1,-0.01,-1,-1,-0.01,-1,-1,-0.01,-1,-1,-0.01,-1,-1,-0.01,-1,-1,-0.01,-1,-1,-0.01,-1,-1,-0.01,-1,-1,-0.01,-1,-1
99926009,2026-05-18 10:23:02+05:30,52924.25,0,0.0,0,0.0,0.0,53282.15,53308.4,52783.45,53710.35,0,0.0,0.0,0.0,0.0,-0.01,-1,-1,-0.01,-1,-1,-0.01,-1,-1,-0.01,-1,-1,-0.01,-1,-1,-0.01,-1,-1,-0.01,-1,-1,-0.01,-1,-1,-0.01,-1,-1,-0.01,-1,-1
99926009,2026-05-18 10:23:03+05:30,52927.8,0,0.0,0,0.0,0.0,53282.15,53308.4,52783.45,53710.35,0,0.0,0.0,0.0,0.0,-0.01,-1,-1,-0.01,-1,-1,-0.01,-1,-1,-0.01,-1,-1,-0.01,-1,-1,-0.01,-1,-1,-0.01,-1,-1,-0.01,-1,-1,-0.01,-1,-1,-0.01,-1,-1
99926009,2026-05-18 10:23:03+05:30,52926.35,0,0.0,0,0.0,0.0,53282.15,53308.4,52783.45,53710.35,0,0.0,0.0,0.0,0.0,-0.01,-1,-1,-0.01,-1,-1,-0.01,-1,-1,-0.01,-1,-1,-0.01,-1,-1,-0.01,-1,-1,-0.01,-1,-1,-0.01,-1,-1,-0.01,-1,-1,-0.01,-1,-1
99926009,2026-05-18 10:23:04+05:30,52927.15,0,0.0,0,0.0,0.0,53282.15,53308.4,52783.45,53710.35,0,0.0,0.0,0.0,0.0,-0.01,-1,-1,-0.01,-1,-1,-0.01,-1,-1,-0.01,-1,-1,-0.01,-1,-1,-0.01,-1,-1,-0.01,-1,-1,-0.01,-1,-1,-0.01,-1,-1,-0.01,-1,-1
99926009,2026-05-18 10:23:04+05:30,52926.1,0,0.0,0,0.0,0.0,53282.15,53308.4,52783.45,53710.35,0,0.0,0.0,0.0,0.0,-0.01,-1,-1,-0.01,-1,-1,-0.01,-1,-1,-0.01,-1,-1,-0.01,-1,-1,-0.01,-1,-1,-0.01,-1,-1,-0.01,-1,-1,-0.01,-1,-1,-0.01,-1,-1
99926009,2026-05-18 10:23:05+05:30,52925.45,0,0.0,0,0.0,0.0,53282.15,53308.4,52783.45,53710.35,0,0.0,0.0,0.0,0.0,-0.01,-1,-1,-0.01,-1,-1,-0.01,-1,-1,-0.01,-1,-1,-0.01,-1,-1,-0.01,-1,-1,-0.01,-1,-1,-0.01,-1,-1,-0.01,-1,-1,-0.01,-1,-1
99926009,2026-05-18 10:23:05+05:30,52924.8,0,0.0,0,0.0,0.0,53282.15,53308.4,52783.45,53710.35,0,0.0,0.0,0.0,0.0,-0.01,-1,-1,-0.01,-1,-1,-0.01,-1,-1,-0.01,-1,-1,-0.01,-1,-1,-0.01,-1,-1,-0.01,-1,-1,-0.01,-1,-1,-0.01,-1,-1,-0.01,-1,-1
99926009,2026-05-18 10:23:06+05:30,52923.7,0,0.0,0,0.0,0.0,53282.15,53308.4,52783.45,53710.35,0,0.0,0.0,0.0,0.0,-0.01,-1,-1,-0.01,-1,-1,-0.01,-1,-1,-0.01,-1,-1,-0.01,-1,-1,-0.01,-1,-1,-0.01,-1,-1,-0.01,-1,-1,-0.01,-1,-1,-0.01,-1,-1
99926009,2026-05-18 10:23:06+05:30,52926.45,0,0.0,0,0.0,0.0,53282.15,53308.4,52783.45,53710.35,0,0.0,0.0,0.0,0.0,-0.01,-1,-1,-0.01,-1,-1,-0.01,-1,-1,-0.01,-1,-1,-0.01,-1,-1,-0.01,-1,-1,-0.01,-1,-1,-0.01,-1,-1,-0.01,-1,-1,-0.01,-1,-1
99926009,2026-05-18 10:23:07+05:30,52925.15,0,0.0,0,0.0,0.0,53282.15,53308.4,52783.45,53710.35,0,0.0,0.0,0.0,0.0,-0.01,-1,-1,-0.01,-1,-1,-0.01,-1,-1,-0.01,-1,-1,-0.01,-1,-1,-0.01,-1,-1,-0.01,-1,-1,-0.01,-1,-1,-0.01,-1,-1,-0.01,-1,-1
99926009,2026-05-18 10:23:07+05:30,52925.0,0,0.0,0,0.0,0.0,53282.15,53308.4,52783.45,53710.35,0,0.0,0.0,0.0,0.0,-0.01,-1,-1,-0.01,-1,-1,-0.01,-1,-1,-0.01,-1,-1,-0.01,-1,-1,-0.01,-1,-1,-0.01,-1,-1,-0.01,-1,-1,-0.01,-1,-1,-0.01,-1,-1
99926009,2026-05-18 10:23:08+05:30,52923.4,0,0.0,0,0.0,0.0,53282.15,53308.4,52783.45,53710.35,0,0.0,0.0,0.0,0.0,-0.01,-1,-1,-0.01,-1,-1,-0.01,-1,-1,-0.01,-1,-1,-0.01,-1,-1,-0.01,-1,-1,-0.01,-1,-1,-0.01,-1,-1,-0.01,-1,-1,-0.01,-1,-1
99926009,2026-05-18 10:23:08+05:30,52923.15,0,0.0,0,0.0,0.0,53282.15,53308.4,52783.45,53710.35,0,0.0,0.0,0.0,0.0,-0.01,-1,-1,-0.01,-1,-1,-0.01,-1,-1,-0.01,-1,-1,-0.01,-1,-1,-0.01,-1,-1,-0.01,-1,-1,-0.01,-1,-1,-0.01,-1,-1,-0.01,-1,-1
99926009,2026-05-18 10:23:09+05:30,52924.45,0,0.0,0,0.0,0.0,53282.15,53308.4,52783.45,53710.35,0,0.0,0.0,0.0,0.0,-0.01,-1,-1,-0.01,-1,-1,-0.01,-1,-1,-0.01,-1,-1,-0.01,-1,-1,-0.01,-1,-1,-0.01,-1,-1,-0.01,-1,-1,-0.01,-1,-1,-0.01,-1,-1
99926009,2026-05-18 10:23:09+05:30,52926.1,0,0.0,0,0.0,0.0,53282.15,53308.4,52783.45,53710.35,0,0.0,0.0,0.0,0.0,-0.01,-1,-1,-0.01,-1,-1,-0.01,-1,-1,-0.01,-1,-1,-0.01,-1,-1,-0.01,-1,-1,-0.01,-1,-1,-0.01,-1,-1,-0.01,-1,-1,-0.01,-1,-1
99926009,2026-05-18 10:23:10+05:30,52928.9,0,0.0,0,0.0,0.0,53282.15,53308.4,52783.45,53710.35,0,0.0,0.0,0.0,0.0,-0.01,-1,-1,-0.01,-1,-1,-0.01,-1,-1,-0.01,-1,-1,-0.01,-1,-1,-0.01,-1,-1,-0.01,-1,-1,-0.01,-1,-1,-0.01,-1,-1,-0.01,-1,-1
99926009,2026-05-18 10:23:10+05:30,52928.3,0,0.0,0,0.0,0.0,53282.15,53308.4,52783.45,53710.35,0,0.0,0.0,0.0,0.0,-0.01,-1,-1,-0.01,-1,-1,-0.01,-1,-1,-0.01,-1,-1,-0.01,-1,-1,-0.01,-1,-1,-0.01,-1,-1,-0.01,-1,-1,-0.01,-1,-1,-0.01,-1,-1
99926009,2026-05-18 10:23:11+05:30,52927.15,0,0.0,0,0.0,0.0,53282.15,53308.4,52783.45,53710.35,0,0.0,0.0,0.0,0.0,-0.01,-1,-1,-0.01,-1,-1,-0.01,-1,-1,-0.01,-1,-1,-0.01,-1,-1,-0.01,-1,-1,-0.01,-1,-1,-0.01,-1,-1,-0.01,-1,-1,-0.01,-1,-1
99926009,2026-05-18 10:23:11+05:30,52927.95,0,0.0,0,0.0,0.0,53282.15,53308.4,52783.45,53710.35,0,0.0,0.0,0.0,0.0,-0.01,-1,-1,-0.01,-1,-1,-0.01,-1,-1,-0.01,-1,-1,-0.01,-1,-1,-0.01,-1,-1,-0.01,-1,-1,-0.01,-1,-1,-0.01,-1,-1,-0.01,-1,-1
99926009,2026-05-18 10:23:12+05:30,52923.85,0,0.0,0,0.0,0.0,53282.15,53308.4,52783.45,53710.35,0,0.0,0.0,0.0,0.0,-0.01,-1,-1,-0.01,-1,-1,-0.01,-1,-1,-0.01,-1,-1,-0.01,-1,-1,-0.01,-1,-1,-0.01,-1,-1,-0.01,-1,-1,-0.01,-1,-1,-0.01,-1,-1
99926009,2026-05-18 10:23:12+05:30,52925.1,0,0.0,0,0.0,0.0,53282.15,53308.4,52783.45,53710.35,0,0.0,0.0,0.0,0.0,-0.01,-1,-1,-0.01,-1,-1,-0.01,-1,-1,-0.01,-1,-1,-0.01,-1,-1,-0.01,-1,-1,-0.01,-1,-1,-0.01,-1,-1,-0.01,-1,-1,-0.01,-1,-1
99926009,2026-05-18 10:23:13+05:30,52921.7,0,0.0,0,0.0,0.0,53282.15,53308.4,52783.45,53710.35,0,0.0,0.0,0.0,0.0,-0.01,-1,-1,-0.01,-1,-1,-0.01,-1,-1,-0.01,-1,-1,-0.01,-1,-1,-0.01,-1,-1,-0.01,-1,-1,-0.01,-1,-1,-0.01,-1,-1,-0.01,-1,-1
99926009,2026-05-18 10:23:13+05:30,52922.15,0,0.0,0,0.0,0.0,53282.15,53308.4,52783.45,53710.35,0,0.0,0.0,0.0,0.0,-0.01,-1,-1,-0.01,-1,-1,-0.01,-1,-1,-0.01,-1,-1,-0.01,-1,-1,-0.01,-1,-1,-0.01,-1,-1,-0.01,-1,-1,-0.01,-1,-1,-0.01,-1,-1
99926009,2026-05-18 10:23:14+05:30,52919.6,0,0.0,0,0.0,0.0,53282.15,53308.4,52783.45,53710.35,0,0.0,0.0,0.0,0.0,-0.01,-1,-1,-0.01,-1,-1,-0.01,-1,-1,-0.01,-1,-1,-0.01,-1,-1,-0.01,-1,-1,-0.01,-1,-1,-0.01,-1,-1,-0.01,-1,-1,-0.01,-1,-1
99926009,2026-05-18 10:23:14+05:30,52918.9,0,0.0,0,0.0,0.0,53282.15,53308.4,52783.45,53710.35,0,0.0,0.0,0.0,0.0,-0.01,-1,-1,-0.01,-1,-1,-0.01,-1,-1,-0.01,-1,-1,-0.01,-1,-1,-0.01,-1,-1,-0.01,-1,-1,-0.01,-1,-1,-0.01,-1,-1,-0.01,-1,-1
99926009,2026-05-18 10:23:15+05:30,52919.65,0,0.0,0,0.0,0.0,53282.15,53308.4,52783.45,53710.35,0,0.0,0.0,0.0,0.0,-0.01,-1,-1,-0.01,-1,-1,-0.01,-1,-1,-0.01,-1,-1,-0.01,-1,-1,-0.01,-1,-1,-0.01,-1,-1,-0.01,-1,-1,-0.01,-1,-1,-0.01,-1,-1
99926009,2026-05-18 10:23:15+05:30,52920.8,0,0.0,0,0.0,0.0,53282.15,53308.4,52783.45,53710.35,0,0.0,0.0,0.0,0.0,-0.01,-1,-1,-0.01,-1,-1,-0.01,-1,-1,-0.01,-1,-1,-0.01,-1,-1,-0.01,-1,-1,-0.01,-1,-1,-0.01,-1,-1,-0.01,-1,-1,-0.01,-1,-1
99926009,2026-05-18 10:23:16+05:30,52921.3,0,0.0,0,0.0,0.0,53282.15,53308.4,52783.45,53710.35,0,0.0,0.0,0.0,0.0,-0.01,-1,-1,-0.01,-1,-1,-0.01,-1,-1,-0.01,-1,-1,-0.01,-1,-1,-0.01,-1,-1,-0.01,-1,-1,-0.01,-1,-1,-0.01,-1,-1,-0.01,-1,-1
99926009,2026-05-18 10:23:16+05:30,52920.7,0,0.0,0,0.0,0.0,53282.15,53308.4,52783.45,53710.35,0,0.0,0.0,0.0,0.0,-0.01,-1,-1,-0.01,-1,-1,-0.01,-1,-1,-0.01,-1,-1,-0.01,-1,-1,-0.01,-1,-1,-0.01,-1,-1,-0.01,-1,-1,-0.01,-1,-1,-0.01,-1,-1
99926009,2026-05-18 10:23:17+05:30,52918.25,0,0.0,0,0.0,0.0,53282.15,53308.4,52783.45,53710.35,0,0.0,0.0,0.0,0.0,-0.01,-1,-1,-0.01,-1,-1,-0.01,-1,-1,-0.01,-1,-1,-0.01,-1,-1,-0.01,-1,-1,-0.01,-1,-1,-0.01,-1,-1,-0.01,-1,-1,-0.01,-1,-1
99926009,2026-05-18 10:23:17+05:30,52915.15,0,0.0,0,0.0,0.0,53282.15,53308.4,52783.45,53710.35,0,0.0,0.0,0.0,0.0,-0.01,-1,-1,-0.01,-1,-1,-0.01,-1,-1,-0.01,-1,-1,-0.01,-1,-1,-0.01,-1,-1,-0.01,-1,-1,-0.01,-1,-1,-0.01,-1,-1,-0.01,-1,-1
99926009,2026-05-18 10:23:18+05:30,52914.35,0,0.0,0,0.0,0.0,53282.15,53308.4,52783.45,53710.35,0,0.0,0.0,0.0,0.0,-0.01,-1,-1,-0.01,-1,-1,-0.01,-1,-1,-0.01,-1,-1,-0.01,-1,-1,-0.01,-1,-1,-0.01,-1,-1,-0.01,-1,-1,-0.01,-1,-1,-0.01,-1,-1
99926009,2026-05-18 10:23:18+05:30,52916.85,0,0.0,0,0.0,0.0,53282.15,53308.4,52783.45,53710.35,0,0.0,0.0,0.0,0.0,-0.01,-1,-1,-0.01,-1,-1,-0.01,-1,-1,-0.01,-1,-1,-0.01,-1,-1,-0.01,-1,-1,-0.01,-1,-1,-0.01,-1,-1,-0.01,-1,-1,-0.01,-1,-1
99926009,2026-05-18 10:23:19+05:30,52914.5,0,0.0,0,0.0,0.0,53282.15,53308.4,52783.45,53710.35,0,0.0,0.0,0.0,0.0,-0.01,-1,-1,-0.01,-1,-1,-0.01,-1,-1,-0.01,-1,-1,-0.01,-1,-1,-0.01,-1,-1,-0.01,-1,-1,-0.01,-1,-1,-0.01,-1,-1,-0.01,-1,-1
99926009,2026-05-18 10:23:19+05:30,52911.95,0,0.0,0,0.0,0.0,53282.15,53308.4,52783.45,53710.35,0,0.0,0.0,0.0,0.0,-0.01,-1,-1,-0.01,-1,-1,-0.01,-1,-1,-0.01,-1,-1,-0.01,-1,-1,-0.01,-1,-1,-0.01,-1,-1,-0.01,-1,-1,-0.01,-1,-1,-0.01,-1,-1
99926009,2026-05-18 10:23:20+05:30,52912.15,0,0.0,0,0.0,0.0,53282.15,53308.4,52783.45,53710.35,0,0.0,0.0,0.0,0.0,-0.01,-1,-1,-0.01,-1,-1,-0.01,-1,-1,-0.01,-1,-1,-0.01,-1,-1,-0.01,-1,-1,-0.01,-1,-1,-0.01,-1,-1,-0.01,-1,-1,-0.01,-1,-1
99926009,2026-05-18 10:23:20+05:30,52911.8,0,0.0,0,0.0,0.0,53282.15,53308.4,52783.45,53710.35,0,0.0,0.0,0.0,0.0,-0.01,-1,-1,-0.01,-1,-1,-0.01,-1,-1,-0.01,-1,-1,-0.01,-1,-1,-0.01,-1,-1,-0.01,-1,-1,-0.01,-1,-1,-0.01,-1,-1,-0.01,-1,-1
99926009,2026-05-18 10:23:21+05:30,52910.45,0,0.0,0,0.0,0.0,53282.15,53308.4,52783.45,53710.35,0,0.0,0.0,0.0,0.0,-0.01,-1,-1,-0.01,-1,-1,-0.01,-1,-1,-0.01,-1,-1,-0.01,-1,-1,-0.01,-1,-1,-0.01,-1,-1,-0.01,-1,-1,-0.01,-1,-1,-0.01,-1,-1
99926009,2026-05-18 10:23:21+05:30,52909.45,0,0.0,0,0.0,0.0,53282.15,53308.4,52783.45,53710.35,0,0.0,0.0,0.0,0.0,-0.01,-1,-1,-0.01,-1,-1,-0.01,-1,-1,-0.01,-1,-1,-0.01,-1,-1,-0.01,-1,-1,-0.01,-1,-1,-0.01,-1,-1,-0.01,-1,-1,-0.01,-1,-1
99926009,2026-05-18 10:23:22+05:30,52911.75,0,0.0,0,0.0,0.0,53282.15,53308.4,52783.45,53710.35,0,0.0,0.0,0.0,0.0,-0.01,-1,-1,-0.01,-1,-1,-0.01,-1,-1,-0.01,-1,-1,-0.01,-1,-1,-0.01,-1,-1,-0.01,-1,-1,-0.01,-1,-1,-0.01,-1,-1,-0.01,-1,-1
99926009,2026-05-18 10:23:22+05:30,52913.6,0,0.0,0,0.0,0.0,53282.15,53308.4,52783.45,53710.35,0,0.0,0.0,0.0,0.0,-0.01,-1,-1,-0.01,-1,-1,-0.01,-1,-1,-0.01,-1,-1,-0.01,-1,-1,-0.01,-1,-1,-0.01,-1,-1,-0.01,-1,-1,-0.01,-1,-1,-0.01,-1,-1
99926009,2026-05-18 10:23:23+05:30,52915.05,0,0.0,0,0.0,0.0,53282.15,53308.4,52783.45,53710.35,0,0.0,0.0,0.0,0.0,-0.01,-1,-1,-0.01,-1,-1,-0.01,-1,-1,-0.01,-1,-1,-0.01,-1,-1,-0.01,-1,-1,-0.01,-1,-1,-0.01,-1,-1,-0.01,-1,-1,-0.01,-1,-1
99926009,2026-05-18 10:23:23+05:30,52915.3,0,0.0,0,0.0,0.0,53282.15,53308.4,52783.45,53710.35,0,0.0,0.0,0.0,0.0,-0.01,-1,-1,-0.01,-1,-1,-0.01,-1,-1,-0.01,-1,-1,-0.01,-1,-1,-0.01,-1,-1,-0.01,-1,-1,-0.01,-1,-1,-0.01,-1,-1,-0.01,-1,-1
99926009,2026-05-18 10:23:24+05:30,52916.05,0,0.0,0,0.0,0.0,53282.15,53308.4,52783.45,53710.35,0,0.0,0.0,0.0,0.0,-0.01,-1,-1,-0.01,-1,-1,-0.01,-1,-1,-0.01,-1,-1,-0.01,-1,-1,-0.01,-1,-1,-0.01,-1,-1,-0.01,-1,-1,-0.01,-1,-1,-0.01,-1,-1
99926009,2026-05-18 10:23:24+05:30,52915.85,0,0.0,0,0.0,0.0,53282.15,53308.4,52783.45,53710.35,0,0.0,0.0,0.0,0.0,-0.01,-1,-1,-0.01,-1,-1,-0.01,-1,-1,-0.01,-1,-1,-0.01,-1,-1,-0.01,-1,-1,-0.01,-1,-1,-0.01,-1,-1,-0.01,-1,-1,-0.01,-1,-1
99926009,2026-05-18 10:23:25+05:30,52918.15,0,0.0,0,0.0,0.0,53282.15,53308.4,52783.45,53710.35,0,0.0,0.0,0.0,0.0,-0.01,-1,-1,-0.01,-1,-1,-0.01,-1,-1,-0.01,-1,-1,-0.01,-1,-1,-0.01,-1,-1,-0.01,-1,-1,-0.01,-1,-1,-0.01,-1,-1,-0.01,-1,-1
99926009,2026-05-18 10:23:25+05:30,52914.8,0,0.0,0,0.0,0.0,53282.15,53308.4,52783.45,53710.35,0,0.0,0.0,0.0,0.0,-0.01,-1,-1,-0.01,-1,-1,-0.01,-1,-1,-0.01,-1,-1,-0.01,-1,-1,-0.01,-1,-1,-0.01,-1,-1,-0.01,-1,-1,-0.01,-1,-1,-0.01,-1,-1
99926009,2026-05-18 10:23:26+05:30,52918.35,0,0.0,0,0.0,0.0,53282.15,53308.4,52783.45,53710.35,0,0.0,0.0,0.0,0.0,-0.01,-1,-1,-0.01,-1,-1,-0.01,-1,-1,-0.01,-1,-1,-0.01,-1,-1,-0.01,-1,-1,-0.01,-1,-1,-0.01,-1,-1,-0.01,-1,-1,-0.01,-1,-1
99926009,2026-05-18 10:23:26+05:30,52916.65,0,0.0,0,0.0,0.0,53282.15,53308.4,52783.45,53710.35,0,0.0,0.0,0.0,0.0,-0.01,-1,-1,-0.01,-1,-1,-0.01,-1,-1,-0.01,-1,-1,-0.01,-1,-1,-0.01,-1,-1,-0.01,-1,-1,-0.01,-1,-1,-0.01,-1,-1,-0.01,-1,-1
99926009,2026-05-18 10:23:27+05:30,52917.35,0,0.0,0,0.0,0.0,53282.15,53308.4,52783.45,53710.35,0,0.0,0.0,0.0,0.0,-0.01,-1,-1,-0.01,-1,-1,-0.01,-1,-1,-0.01,-1,-1,-0.01,-1,-1,-0.01,-1,-1,-0.01,-1,-1,-0.01,-1,-1,-0.01,-1,-1,-0.01,-1,-1
99926009,2026-05-18 10:23:27+05:30,52918.55,0,0.0,0,0.0,0.0,53282.15,53308.4,52783.45,53710.35,0,0.0,0.0,0.0,0.0,-0.01,-1,-1,-0.01,-1,-1,-0.01,-1,-1,-0.01,-1,-1,-0.01,-1,-1,-0.01,-1,-1,-0.01,-1,-1,-0.01,-1,-1,-0.01,-1,-1,-0.01,-1,-1
99926009,2026-05-18 10:23:28+05:30,52918.25,0,0.0,0,0.0,0.0,53282.15,53308.4,52783.45,53710.35,0,0.0,0.0,0.0,0.0,-0.01,-1,-1,-0.01,-1,-1,-0.01,-1,-1,-0.01,-1,-1,-0.01,-1,-1,-0.01,-1,-1,-0.01,-1,-1,-0.01,-1,-1,-0.01,-1,-1,-0.01,-1,-1
99926009,2026-05-18 10:23:28+05:30,52919.5,0,0.0,0,0.0,0.0,53282.15,53308.4,52783.45,53710.35,0,0.0,0.0,0.0,0.0,-0.01,-1,-1,-0.01,-1,-1,-0.01,-1,-1,-0.01,-1,-1,-0.01,-1,-1,-0.01,-1,-1,-0.01,-1,-1,-0.01,-1,-1,-0.01,-1,-1,-0.01,-1,-1
99926009,2026-05-18 10:23:29+05:30,52918.75,0,0.0,0,0.0,0.0,53282.15,53308.4,52783.45,53710.35,0,0.0,0.0,0.0,0.0,-0.01,-1,-1,-0.01,-1,-1,-0.01,-1,-1,-0.01,-1,-1,-0.01,-1,-1,-0.01,-1,-1,-0.01,-1,-1,-0.01,-1,-1,-0.01,-1,-1,-0.01,-1,-1
99926009,2026-05-18 10:23:29+05:30,52922.2,0,0.0,0,0.0,0.0,53282.15,53308.4,52783.45,53710.35,0,0.0,0.0,0.0,0.0,-0.01,-1,-1,-0.01,-1,-1,-0.01,-1,-1,-0.01,-1,-1,-0.01,-1,-1,-0.01,-1,-1,-0.01,-1,-1,-0.01,-1,-1,-0.01,-1,-1,-0.01,-1,-1
99926009,2026-05-18 10:23:30+05:30,52929.8,0,0.0,0,0.0,0.0,53282.15,53308.4,52783.45,53710.35,0,0.0,0.0,0.0,0.0,-0.01,-1,-1,-0.01,-1,-1,-0.01,-1,-1,-0.01,-1,-1,-0.01,-1,-1,-0.01,-1,-1,-0.01,-1,-1,-0.01,-1,-1,-0.01,-1,-1,-0.01,-1,-1
99926009,2026-05-18 10:23:30+05:30,52923.2,0,0.0,0,0.0,0.0,53282.15,53308.4,52783.45,53710.35,0,0.0,0.0,0.0,0.0,-0.01,-1,-1,-0.01,-1,-1,-0.01,-1,-1,-0.01,-1,-1,-0.01,-1,-1,-0.01,-1,-1,-0.01,-1,-1,-0.01,-1,-1,-0.01,-1,-1,-0.01,-1,-1
99926009,2026-05-18 10:23:31+05:30,52924.7,0,0.0,0,0.0,0.0,53282.15,53308.4,52783.45,53710.35,0,0.0,0.0,0.0,0.0,-0.01,-1,-1,-0.01,-1,-1,-0.01,-1,-1,-0.01,-1,-1,-0.01,-1,-1,-0.01,-1,-1,-0.01,-1,-1,-0.01,-1,-1,-0.01,-1,-1,-0.01,-1,-1
99926009,2026-05-18 10:23:31+05:30,52927.1,0,0.0,0,0.0,0.0,53282.15,53308.4,52783.45,53710.35,0,0.0,0.0,0.0,0.0,-0.01,-1,-1,-0.01,-1,-1,-0.01,-1,-1,-0.01,-1,-1,-0.01,-1,-1,-0.01,-1,-1,-0.01,-1,-1,-0.01,-1,-1,-0.01,-1,-1,-0.01,-1,-1
99926009,2026-05-18 10:23:32+05:30,52924.65,0,0.0,0,0.0,0.0,53282.15,53308.4,52783.45,53710.35,0,0.0,0.0,0.0,0.0,-0.01,-1,-1,-0.01,-1,-1,-0.01,-1,-1,-0.01,-1,-1,-0.01,-1,-1,-0.01,-1,-1,-0.01,-1,-1,-0.01,-1,-1,-0.01,-1,-1,-0.01,-1,-1
99926009,2026-05-18 10:23:32+05:30,52928.15,0,0.0,0,0.0,0.0,53282.15,53308.4,52783.45,53710.35,0,0.0,0.0,0.0,0.0,-0.01,-1,-1,-0.01,-1,-1,-0.01,-1,-1,-0.01,-1,-1,-0.01,-1,-1,-0.01,-1,-1,-0.01,-1,-1,-0.01,-1,-1,-0.01,-1,-1,-0.01,-1,-1
99926009,2026-05-18 10:23:33+05:30,52928.1,0,0.0,0,0.0,0.0,53282.15,53308.4,52783.45,53710.35,0,0.0,0.0,0.0,0.0,-0.01,-1,-1,-0.01,-1,-1,-0.01,-1,-1,-0.01,-1,-1,-0.01,-1,-1,-0.01,-1,-1,-0.01,-1,-1,-0.01,-1,-1,-0.01,-1,-1,-0.01,-1,-1
99926009,2026-05-18 10:23:33+05:30,52929.25,0,0.0,0,0.0,0.0,53282.15,53308.4,52783.45,53710.35,0,0.0,0.0,0.0,0.0,-0.01,-1,-1,-0.01,-1,-1,-0.01,-1,-1,-0.01,-1,-1,-0.01,-1,-1,-0.01,-1,-1,-0.01,-1,-1,-0.01,-1,-1,-0.01,-1,-1,-0.01,-1,-1
99926009,2026-05-18 10:23:34+05:30,52928.75,0,0.0,0,0.0,0.0,53282.15,53308.4,52783.45,53710.35,0,0.0,0.0,0.0,0.0,-0.01,-1,-1,-0.01,-1,-1,-0.01,-1,-1,-0.01,-1,-1,-0.01,-1,-1,-0.01,-1,-1,-0.01,-1,-1,-0.01,-1,-1,-0.01,-1,-1,-0.01,-1,-1
99926009,2026-05-18 10:23:34+05:30,52925.2,0,0.0,0,0.0,0.0,53282.15,53308.4,52783.45,53710.35,0,0.0,0.0,0.0,0.0,-0.01,-1,-1,-0.01,-1,-1,-0.01,-1,-1,-0.01,-1,-1,-0.01,-1,-1,-0.01,-1,-1,-0.01,-1,-1,-0.01,-1,-1,-0.01,-1,-1,-0.01,-1,-1
99926009,2026-05-18 10:23:35+05:30,52927.25,0,0.0,0,0.0,0.0,53282.15,53308.4,52783.45,53710.35,0,0.0,0.0,0.0,0.0,-0.01,-1,-1,-0.01,-1,-1,-0.01,-1,-1,-0.01,-1,-1,-0.01,-1,-1,-0.01,-1,-1,-0.01,-1,-1,-0.01,-1,-1,-0.01,-1,-1,-0.01,-1,-1
99926009,2026-05-18 10:23:35+05:30,52928.0,0,0.0,0,0.0,0.0,53282.15,53308.4,52783.45,53710.35,0,0.0,0.0,0.0,0.0,-0.01,-1,-1,-0.01,-1,-1,-0.01,-1,-1,-0.01,-1,-1,-0.01,-1,-1,-0.01,-1,-1,-0.01,-1,-1,-0.01,-1,-1,-0.01,-1,-1,-0.01,-1,-1
99926009,2026-05-18 10:23:36+05:30,52928.4,0,0.0,0,0.0,0.0,53282.15,53308.4,52783.45,53710.35,0,0.0,0.0,0.0,0.0,-0.01,-1,-1,-0.01,-1,-1,-0.01,-1,-1,-0.01,-1,-1,-0.01,-1,-1,-0.01,-1,-1,-0.01,-1,-1,-0.01,-1,-1,-0.01,-1,-1,-0.01,-1,-1
99926009,2026-05-18 10:23:36+05:30,52930.3,0,0.0,0,0.0,0.0,53282.15,53308.4,52783.45,53710.35,0,0.0,0.0,0.0,0.0,-0.01,-1,-1,-0.01,-1,-1,-0.01,-1,-1,-0.01,-1,-1,-0.01,-1,-1,-0.01,-1,-1,-0.01,-1,-1,-0.01,-1,-1,-0.01,-1,-1,-0.01,-1,-1
99926009,2026-05-18 10:23:37+05:30,52926.5,0,0.0,0,0.0,0.0,53282.15,53308.4,52783.45,53710.35,0,0.0,0.0,0.0,0.0,-0.01,-1,-1,-0.01,-1,-1,-0.01,-1,-1,-0.01,-1,-1,-0.01,-1,-1,-0.01,-1,-1,-0.01,-1,-1,-0.01,-1,-1,-0.01,-1,-1,-0.01,-1,-1
99926009,2026-05-18 10:23:37+05:30,52929.25,0,0.0,0,0.0,0.0,53282.15,53308.4,52783.45,53710.35,0,0.0,0.0,0.0,0.0,-0.01,-1,-1,-0.01,-1,-1,-0.01,-1,-1,-0.01,-1,-1,-0.01,-1,-1,-0.01,-1,-1,-0.01,-1,-1,-0.01,-1,-1,-0.01,-1,-1,-0.01,-1,-1
99926009,2026-05-18 10:23:38+05:30,52929.55,0,0.0,0,0.0,0.0,53282.15,53308.4,52783.45,53710.35,0,0.0,0.0,0.0,0.0,-0.01,-1,-1,-0.01,-1,-1,-0.01,-1,-1,-0.01,-1,-1,-0.01,-1,-1,-0.01,-1,-1,-0.01,-1,-1,-0.01,-1,-1,-0.01,-1,-1,-0.01,-1,-1
99926009,2026-05-18 10:23:38+05:30,52929.25,0,0.0,0,0.0,0.0,53282.15,53308.4,52783.45,53710.35,0,0.0,0.0,0.0,0.0,-0.01,-1,-1,-0.01,-1,-1,-0.01,-1,-1,-0.01,-1,-1,-0.01,-1,-1,-0.01,-1,-1,-0.01,-1,-1,-0.01,-1,-1,-0.01,-1,-1,-0.01,-1,-1
99926009,2026-05-18 10:23:39+05:30,52930.1,0,0.0,0,0.0,0.0,53282.15,53308.4,52783.45,53710.35,0,0.0,0.0,0.0,0.0,-0.01,-1,-1,-0.01,-1,-1,-0.01,-1,-1,-0.01,-1,-1,-0.01,-1,-1,-0.01,-1,-1,-0.01,-1,-1,-0.01,-1,-1,-0.01,-1,-1,-0.01,-1,-1
99926009,2026-05-18 10:23:39+05:30,52932.35,0,0.0,0,0.0,0.0,53282.15,53308.4,52783.45,53710.35,0,0.0,0.0,0.0,0.0,-0.01,-1,-1,-0.01,-1,-1,-0.01,-1,-1,-0.01,-1,-1,-0.01,-1,-1,-0.01,-1,-1,-0.01,-1,-1,-0.01,-1,-1,-0.01,-1,-1,-0.01,-1,-1
99926009,2026-05-18 10:23:40+05:30,52934.5,0,0.0,0,0.0,0.0,53282.15,53308.4,52783.45,53710.35,0,0.0,0.0,0.0,0.0,-0.01,-1,-1,-0.01,-1,-1,-0.01,-1,-1,-0.01,-1,-1,-0.01,-1,-1,-0.01,-1,-1,-0.01,-1,-1,-0.01,-1,-1,-0.01,-1,-1,-0.01,-1,-1
99926009,2026-05-18 10:23:40+05:30,52932.1,0,0.0,0,0.0,0.0,53282.15,53308.4,52783.45,53710.35,0,0.0,0.0,0.0,0.0,-0.01,-1,-1,-0.01,-1,-1,-0.01,-1,-1,-0.01,-1,-1,-0.01,-1,-1,-0.01,-1,-1,-0.01,-1,-1,-0.01,-1,-1,-0.01,-1,-1,-0.01,-1,-1
99926009,2026-05-18 10:23:41+05:30,52932.5,0,0.0,0,0.0,0.0,53282.15,53308.4,52783.45,53710.35,0,0.0,0.0,0.0,0.0,-0.01,-1,-1,-0.01,-1,-1,-0.01,-1,-1,-0.01,-1,-1,-0.01,-1,-1,-0.01,-1,-1,-0.01,-1,-1,-0.01,-1,-1,-0.01,-1,-1,-0.01,-1,-1
99926009,2026-05-18 10:23:41+05:30,52934.4,0,0.0,0,0.0,0.0,53282.15,53308.4,52783.45,53710.35,0,0.0,0.0,0.0,0.0,-0.01,-1,-1,-0.01,-1,-1,-0.01,-1,-1,-0.01,-1,-1,-0.01,-1,-1,-0.01,-1,-1,-0.01,-1,-1,-0.01,-1,-1,-0.01,-1,-1,-0.01,-1,-1
99926009,2026-05-18 10:23:42+05:30,52933.05,0,0.0,0,0.0,0.0,53282.15,53308.4,52783.45,53710.35,0,0.0,0.0,0.0,0.0,-0.01,-1,-1,-0.01,-1,-1,-0.01,-1,-1,-0.01,-1,-1,-0.01,-1,-1,-0.01,-1,-1,-0.01,-1,-1,-0.01,-1,-1,-0.01,-1,-1,-0.01,-1,-1
99926009,2026-05-18 10:23:42+05:30,52936.0,0,0.0,0,0.0,0.0,53282.15,53308.4,52783.45,53710.35,0,0.0,0.0,0.0,0.0,-0.01,-1,-1,-0.01,-1,-1,-0.01,-1,-1,-0.01,-1,-1,-0.01,-1,-1,-0.01,-1,-1,-0.01,-1,-1,-0.01,-1,-1,-0.01,-1,-1,-0.01,-1,-1
99926009,2026-05-18 10:23:43+05:30,52933.05,0,0.0,0,0.0,0.0,53282.15,53308.4,52783.45,53710.35,0,0.0,0.0,0.0,0.0,-0.01,-1,-1,-0.01,-1,-1,-0.01,-1,-1,-0.01,-1,-1,-0.01,-1,-1,-0.01,-1,-1,-0.01,-1,-1,-0.01,-1,-1,-0.01,-1,-1,-0.01,-1,-1
99926009,2026-05-18 10:23:43+05:30,52933.05,0,0.0,0,0.0,0.0,53282.15,53308.4,52783.45,53710.35,0,0.0,0.0,0.0,0.0,-0.01,-1,-1,-0.01,-1,-1,-0.01,-1,-1,-0.01,-1,-1,-0.01,-1,-1,-0.01,-1,-1,-0.01,-1,-1,-0.01,-1,-1,-0.01,-1,-1,-0.01,-1,-1
99926009,2026-05-18 10:23:44+05:30,52931.95,0,0.0,0,0.0,0.0,53282.15,53308.4,52783.45,53710.35,0,0.0,0.0,0.0,0.0,-0.01,-1,-1,-0.01,-1,-1,-0.01,-1,-1,-0.01,-1,-1,-0.01,-1,-1,-0.01,-1,-1,-0.01,-1,-1,-0.01,-1,-1,-0.01,-1,-1,-0.01,-1,-1
99926009,2026-05-18 10:23:44+05:30,52933.65,0,0.0,0,0.0,0.0,53282.15,53308.4,52783.45,53710.35,0,0.0,0.0,0.0,0.0,-0.01,-1,-1,-0.01,-1,-1,-0.01,-1,-1,-0.01,-1,-1,-0.01,-1,-1,-0.01,-1,-1,-0.01,-1,-1,-0.01,-1,-1,-0.01,-1,-1,-0.01,-1,-1
99926009,2026-05-18 10:23:45+05:30,52936.35,0,0.0,0,0.0,0.0,53282.15,53308.4,52783.45,53710.35,0,0.0,0.0,0.0,0.0,-0.01,-1,-1,-0.01,-1,-1,-0.01,-1,-1,-0.01,-1,-1,-0.01,-1,-1,-0.01,-1,-1,-0.01,-1,-1,-0.01,-1,-1,-0.01,-1,-1,-0.01,-1,-1
99926009,2026-05-18 10:23:45+05:30,52938.6,0,0.0,0,0.0,0.0,53282.15,53308.4,52783.45,53710.35,0,0.0,0.0,0.0,0.0,-0.01,-1,-1,-0.01,-1,-1,-0.01,-1,-1,-0.01,-1,-1,-0.01,-1,-1,-0.01,-1,-1,-0.01,-1,-1,-0.01,-1,-1,-0.01,-1,-1,-0.01,-1,-1
99926009,2026-05-18 10:23:46+05:30,52937.95,0,0.0,0,0.0,0.0,53282.15,53308.4,52783.45,53710.35,0,0.0,0.0,0.0,0.0,-0.01,-1,-1,-0.01,-1,-1,-0.01,-1,-1,-0.01,-1,-1,-0.01,-1,-1,-0.01,-1,-1,-0.01,-1,-1,-0.01,-1,-1,-0.01,-1,-1,-0.01,-1,-1
99926009,2026-05-18 10:23:46+05:30,52938.65,0,0.0,0,0.0,0.0,53282.15,53308.4,52783.45,53710.35,0,0.0,0.0,0.0,0.0,-0.01,-1,-1,-0.01,-1,-1,-0.01,-1,-1,-0.01,-1,-1,-0.01,-1,-1,-0.01,-1,-1,-0.01,-1,-1,-0.01,-1,-1,-0.01,-1,-1,-0.01,-1,-1
99926009,2026-05-18 10:23:47+05:30,52939.0,0,0.0,0,0.0,0.0,53282.15,53308.4,52783.45,53710.35,0,0.0,0.0,0.0,0.0,-0.01,-1,-1,-0.01,-1,-1,-0.01,-1,-1,-0.01,-1,-1,-0.01,-1,-1,-0.01,-1,-1,-0.01,-1,-1,-0.01,-1,-1,-0.01,-1,-1,-0.01,-1,-1
99926009,2026-05-18 10:23:47+05:30,52938.0,0,0.0,0,0.0,0.0,53282.15,53308.4,52783.45,53710.35,0,0.0,0.0,0.0,0.0,-0.01,-1,-1,-0.01,-1,-1,-0.01,-1,-1,-0.01,-1,-1,-0.01,-1,-1,-0.01,-1,-1,-0.01,-1,-1,-0.01,-1,-1,-0.01,-1,-1,-0.01,-1,-1
99926009,2026-05-18 10:23:48+05:30,52936.9,0,0.0,0,0.0,0.0,53282.15,53308.4,52783.45,53710.35,0,0.0,0.0,0.0,0.0,-0.01,-1,-1,-0.01,-1,-1,-0.01,-1,-1,-0.01,-1,-1,-0.01,-1,-1,-0.01,-1,-1,-0.01,-1,-1,-0.01,-1,-1,-0.01,-1,-1,-0.01,-1,-1
99926009,2026-05-18 10:23:48+05:30,52935.85,0,0.0,0,0.0,0.0,53282.15,53308.4,52783.45,53710.35,0,0.0,0.0,0.0,0.0,-0.01,-1,-1,-0.01,-1,-1,-0.01,-1,-1,-0.01,-1,-1,-0.01,-1,-1,-0.01,-1,-1,-0.01,-1,-1,-0.01,-1,-1,-0.01,-1,-1,-0.01,-1,-1
99926009,2026-05-18 10:23:49+05:30,52936.35,0,0.0,0,0.0,0.0,53282.15,53308.4,52783.45,53710.35,0,0.0,0.0,0.0,0.0,-0.01,-1,-1,-0.01,-1,-1,-0.01,-1,-1,-0.01,-1,-1,-0.01,-1,-1,-0.01,-1,-1,-0.01,-1,-1,-0.01,-1,-1,-0.01,-1,-1,-0.01,-1,-1
99926009,2026-05-18 10:23:49+05:30,52933.1,0,0.0,0,0.0,0.0,53282.15,53308.4,52783.45,53710.35,0,0.0,0.0,0.0,0.0,-0.01,-1,-1,-0.01,-1,-1,-0.01,-1,-1,-0.01,-1,-1,-0.01,-1,-1,-0.01,-1,-1,-0.01,-1,-1,-0.01,-1,-1,-0.01,-1,-1,-0.01,-1,-1
99926009,2026-05-18 10:23:50+05:30,52929.85,0,0.0,0,0.0,0.0,53282.15,53308.4,52783.45,53710.35,0,0.0,0.0,0.0,0.0,-0.01,-1,-1,-0.01,-1,-1,-0.01,-1,-1,-0.01,-1,-1,-0.01,-1,-1,-0.01,-1,-1,-0.01,-1,-1,-0.01,-1,-1,-0.01,-1,-1,-0.01,-1,-1
99926009,2026-05-18 10:23:50+05:30,52924.25,0,0.0,0,0.0,0.0,53282.15,53308.4,52783.45,53710.35,0,0.0,0.0,0.0,0.0,-0.01,-1,-1,-0.01,-1,-1,-0.01,-1,-1,-0.01,-1,-1,-0.01,-1,-1,-0.01,-1,-1,-0.01,-1,-1,-0.01,-1,-1,-0.01,-1,-1,-0.01,-1,-1
99926009,2026-05-18 10:23:51+05:30,52920.45,0,0.0,0,0.0,0.0,53282.15,53308.4,52783.45,53710.35,0,0.0,0.0,0.0,0.0,-0.01,-1,-1,-0.01,-1,-1,-0.01,-1,-1,-0.01,-1,-1,-0.01,-1,-1,-0.01,-1,-1,-0.01,-1,-1,-0.01,-1,-1,-0.01,-1,-1,-0.01,-1,-1
99926009,2026-05-18 10:23:51+05:30,52925.95,0,0.0,0,0.0,0.0,53282.15,53308.4,52783.45,53710.35,0,0.0,0.0,0.0,0.0,-0.01,-1,-1,-0.01,-1,-1,-0.01,-1,-1,-0.01,-1,-1,-0.01,-1,-1,-0.01,-1,-1,-0.01,-1,-1,-0.01,-1,-1,-0.01,-1,-1,-0.01,-1,-1
99926009,2026-05-18 10:23:52+05:30,52922.25,0,0.0,0,0.0,0.0,53282.15,53308.4,52783.45,53710.35,0,0.0,0.0,0.0,0.0,-0.01,-1,-1,-0.01,-1,-1,-0.01,-1,-1,-0.01,-1,-1,-0.01,-1,-1,-0.01,-1,-1,-0.01,-1,-1,-0.01,-1,-1,-0.01,-1,-1,-0.01,-1,-1
99926009,2026-05-18 10:23:52+05:30,52923.85,0,0.0,0,0.0,0.0,53282.15,53308.4,52783.45,53710.35,0,0.0,0.0,0.0,0.0,-0.01,-1,-1,-0.01,-1,-1,-0.01,-1,-1,-0.01,-1,-1,-0.01,-1,-1,-0.01,-1,-1,-0.01,-1,-1,-0.01,-1,-1,-0.01,-1,-1,-0.01,-1,-1
99926009,2026-05-18 10:23:53+05:30,52923.35,0,0.0,0,0.0,0.0,53282.15,53308.4,52783.45,53710.35,0,0.0,0.0,0.0,0.0,-0.01,-1,-1,-0.01,-1,-1,-0.01,-1,-1,-0.01,-1,-1,-0.01,-1,-1,-0.01,-1,-1,-0.01,-1,-1,-0.01,-1,-1,-0.01,-1,-1,-0.01,-1,-1
99926009,2026-05-18 10:23:53+05:30,52923.45,0,0.0,0,0.0,0.0,53282.15,53308.4,52783.45,53710.35,0,0.0,0.0,0.0,0.0,-0.01,-1,-1,-0.01,-1,-1,-0.01,-1,-1,-0.01,-1,-1,-0.01,-1,-1,-0.01,-1,-1,-0.01,-1,-1,-0.01,-1,-1,-0.01,-1,-1,-0.01,-1,-1
99926009,2026-05-18 10:23:54+05:30,52927.15,0,0.0,0,0.0,0.0,53282.15,53308.4,52783.45,53710.35,0,0.0,0.0,0.0,0.0,-0.01,-1,-1,-0.01,-1,-1,-0.01,-1,-1,-0.01,-1,-1,-0.01,-1,-1,-0.01,-1,-1,-0.01,-1,-1,-0.01,-1,-1,-0.01,-1,-1,-0.01,-1,-1
99926009,2026-05-18 10:23:54+05:30,52927.6,0,0.0,0,0.0,0.0,53282.15,53308.4,52783.45,53710.35,0,0.0,0.0,0.0,0.0,-0.01,-1,-1,-0.01,-1,-1,-0.01,-1,-1,-0.01,-1,-1,-0.01,-1,-1,-0.01,-1,-1,-0.01,-1,-1,-0.01,-1,-1,-0.01,-1,-1,-0.01,-1,-1
99926009,2026-05-18 10:23:55+05:30,52927.0,0,0.0,0,0.0,0.0,53282.15,53308.4,52783.45,53710.35,0,0.0,0.0,0.0,0.0,-0.01,-1,-1,-0.01,-1,-1,-0.01,-1,-1,-0.01,-1,-1,-0.01,-1,-1,-0.01,-1,-1,-0.01,-1,-1,-0.01,-1,-1,-0.01,-1,-1,-0.01,-1,-1
99926009,2026-05-18 10:23:55+05:30,52925.3,0,0.0,0,0.0,0.0,53282.15,53308.4,52783.45,53710.35,0,0.0,0.0,0.0,0.0,-0.01,-1,-1,-0.01,-1,-1,-0.01,-1,-1,-0.01,-1,-1,-0.01,-1,-1,-0.01,-1,-1,-0.01,-1,-1,-0.01,-1,-1,-0.01,-1,-1,-0.01,-1,-1
99926009,2026-05-18 10:23:56+05:30,52926.15,0,0.0,0,0.0,0.0,53282.15,53308.4,52783.45,53710.35,0,0.0,0.0,0.0,0.0,-0.01,-1,-1,-0.01,-1,-1,-0.01,-1,-1,-0.01,-1,-1,-0.01,-1,-1,-0.01,-1,-1,-0.01,-1,-1,-0.01,-1,-1,-0.01,-1,-1,-0.01,-1,-1
99926009,2026-05-18 10:23:56+05:30,52933.05,0,0.0,0,0.0,0.0,53282.15,53308.4,52783.45,53710.35,0,0.0,0.0,0.0,0.0,-0.01,-1,-1,-0.01,-1,-1,-0.01,-1,-1,-0.01,-1,-1,-0.01,-1,-1,-0.01,-1,-1,-0.01,-1,-1,-0.01,-1,-1,-0.01,-1,-1,-0.01,-1,-1
99926009,2026-05-18 10:23:57+05:30,52931.05,0,0.0,0,0.0,0.0,53282.15,53308.4,52783.45,53710.35,0,0.0,0.0,0.0,0.0,-0.01,-1,-1,-0.01,-1,-1,-0.01,-1,-1,-0.01,-1,-1,-0.01,-1,-1,-0.01,-1,-1,-0.01,-1,-1,-0.01,-1,-1,-0.01,-1,-1,-0.01,-1,-1
99926009,2026-05-18 10:23:57+05:30,52931.0,0,0.0,0,0.0,0.0,53282.15,53308.4,52783.45,53710.35,0,0.0,0.0,0.0,0.0,-0.01,-1,-1,-0.01,-1,-1,-0.01,-1,-1,-0.01,-1,-1,-0.01,-1,-1,-0.01,-1,-1,-0.01,-1,-1,-0.01,-1,-1,-0.01,-1,-1,-0.01,-1,-1
99926009,2026-05-18 10:23:58+05:30,52931.3,0,0.0,0,0.0,0.0,53282.15,53308.4,52783.45,53710.35,0,0.0,0.0,0.0,0.0,-0.01,-1,-1,-0.01,-1,-1,-0.01,-1,-1,-0.01,-1,-1,-0.01,-1,-1,-0.01,-1,-1,-0.01,-1,-1,-0.01,-1,-1,-0.01,-1,-1,-0.01,-1,-1
99926009,2026-05-18 10:23:58+05:30,52936.8,0,0.0,0,0.0,0.0,53282.15,53308.4,52783.45,53710.35,0,0.0,0.0,0.0,0.0,-0.01,-1,-1,-0.01,-1,-1,-0.01,-1,-1,-0.01,-1,-1,-0.01,-1,-1,-0.01,-1,-1,-0.01,-1,-1,-0.01,-1,-1,-0.01,-1,-1,-0.01,-1,-1
99926009,2026-05-18 10:23:59+05:30,52936.8,0,0.0,0,0.0,0.0,53282.15,53308.4,52783.45,53710.35,0,0.0,0.0,0.0,0.0,-0.01,-1,-1,-0.01,-1,-1,-0.01,-1,-1,-0.01,-1,-1,-0.01,-1,-1,-0.01,-1,-1,-0.01,-1,-1,-0.01,-1,-1,-0.01,-1,-1,-0.01,-1,-1
99926009,2026-05-18 10:23:59+05:30,52936.55,0,0.0,0,0.0,0.0,53282.15,53308.4,52783.45,53710.35,0,0.0,0.0,0.0,0.0,-0.01,-1,-1,-0.01,-1,-1,-0.01,-1,-1,-0.01,-1,-1,-0.01,-1,-1,-0.01,-1,-1,-0.01,-1,-1,-0.01,-1,-1,-0.01,-1,-1,-0.01,-1,-1
99926009,2026-05-18 10:24:00+05:30,52934.15,0,0.0,0,0.0,0.0,53282.15,53308.4,52783.45,53710.35,0,0.0,0.0,0.0,0.0,-0.01,-1,-1,-0.01,-1,-1,-0.01,-1,-1,-0.01,-1,-1,-0.01,-1,-1,-0.01,-1,-1,-0.01,-1,-1,-0.01,-1,-1,-0.01,-1,-1,-0.01,-1,-1
99926009,2026-05-18 10:24:00+05:30,52935.75,0,0.0,0,0.0,0.0,53282.15,53308.4,52783.45,53710.35,0,0.0,0.0,0.0,0.0,-0.01,-1,-1,-0.01,-1,-1,-0.01,-1,-1,-0.01,-1,-1,-0.01,-1,-1,-0.01,-1,-1,-0.01,-1,-1,-0.01,-1,-1,-0.01,-1,-1,-0.01,-1,-1
99926009,2026-05-18 10:24:01+05:30,52933.0,0,0.0,0,0.0,0.0,53282.15,53308.4,52783.45,53710.35,0,0.0,0.0,0.0,0.0,-0.01,-1,-1,-0.01,-1,-1,-0.01,-1,-1,-0.01,-1,-1,-0.01,-1,-1,-0.01,-1,-1,-0.01,-1,-1,-0.01,-1,-1,-0.01,-1,-1,-0.01,-1,-1
99926009,2026-05-18 10:24:01+05:30,52934.75,0,0.0,0,0.0,0.0,53282.15,53308.4,52783.45,53710.35,0,0.0,0.0,0.0,0.0,-0.01,-1,-1,-0.01,-1,-1,-0.01,-1,-1,-0.01,-1,-1,-0.01,-1,-1,-0.01,-1,-1,-0.01,-1,-1,-0.01,-1,-1,-0.01,-1,-1,-0.01,-1,-1
99926009,2026-05-18 10:24:02+05:30,52930.85,0,0.0,0,0.0,0.0,53282.15,53308.4,52783.45,53710.35,0,0.0,0.0,0.0,0.0,-0.01,-1,-1,-0.01,-1,-1,-0.01,-1,-1,-0.01,-1,-1,-0.01,-1,-1,-0.01,-1,-1,-0.01,-1,-1,-0.01,-1,-1,-0.01,-1,-1,-0.01,-1,-1
99926009,2026-05-18 10:24:02+05:30,52931.05,0,0.0,0,0.0,0.0,53282.15,53308.4,52783.45,53710.35,0,0.0,0.0,0.0,0.0,-0.01,-1,-1,-0.01,-1,-1,-0.01,-1,-1,-0.01,-1,-1,-0.01,-1,-1,-0.01,-1,-1,-0.01,-1,-1,-0.01,-1,-1,-0.01,-1,-1,-0.01,-1,-1
99926009,2026-05-18 10:24:03+05:30,52932.6,0,0.0,0,0.0,0.0,53282.15,53308.4,52783.45,53710.35,0,0.0,0.0,0.0,0.0,-0.01,-1,-1,-0.01,-1,-1,-0.01,-1,-1,-0.01,-1,-1,-0.01,-1,-1,-0.01,-1,-1,-0.01,-1,-1,-0.01,-1,-1,-0.01,-1,-1,-0.01,-1,-1
99926009,2026-05-18 10:24:03+05:30,52934.25,0,0.0,0,0.0,0.0,53282.15,53308.4,52783.45,53710.35,0,0.0,0.0,0.0,0.0,-0.01,-1,-1,-0.01,-1,-1,-0.01,-1,-1,-0.01,-1,-1,-0.01,-1,-1,-0.01,-1,-1,-0.01,-1,-1,-0.01,-1,-1,-0.01,-1,-1,-0.01,-1,-1
99926009,2026-05-18 10:24:04+05:30,52934.05,0,0.0,0,0.0,0.0,53282.15,53308.4,52783.45,53710.35,0,0.0,0.0,0.0,0.0,-0.01,-1,-1,-0.01,-1,-1,-0.01,-1,-1,-0.01,-1,-1,-0.01,-1,-1,-0.01,-1,-1,-0.01,-1,-1,-0.01,-1,-1,-0.01,-1,-1,-0.01,-1,-1
99926009,2026-05-18 10:24:04+05:30,52934.5,0,0.0,0,0.0,0.0,53282.15,53308.4,52783.45,53710.35,0,0.0,0.0,0.0,0.0,-0.01,-1,-1,-0.01,-1,-1,-0.01,-1,-1,-0.01,-1,-1,-0.01,-1,-1,-0.01,-1,-1,-0.01,-1,-1,-0.01,-1,-1,-0.01,-1,-1,-0.01,-1,-1
99926009,2026-05-18 10:24:05+05:30,52932.15,0,0.0,0,0.0,0.0,53282.15,53308.4,52783.45,53710.35,0,0.0,0.0,0.0,0.0,-0.01,-1,-1,-0.01,-1,-1,-0.01,-1,-1,-0.01,-1,-1,-0.01,-1,-1,-0.01,-1,-1,-0.01,-1,-1,-0.01,-1,-1,-0.01,-1,-1,-0.01,-1,-1
99926009,2026-05-18 10:24:05+05:30,52932.55,0,0.0,0,0.0,0.0,53282.15,53308.4,52783.45,53710.35,0,0.0,0.0,0.0,0.0,-0.01,-1,-1,-0.01,-1,-1,-0.01,-1,-1,-0.01,-1,-1,-0.01,-1,-1,-0.01,-1,-1,-0.01,-1,-1,-0.01,-1,-1,-0.01,-1,-1,-0.01,-1,-1
99926009,2026-05-18 10:24:06+05:30,52930.3,0,0.0,0,0.0,0.0,53282.15,53308.4,52783.45,53710.35,0,0.0,0.0,0.0,0.0,-0.01,-1,-1,-0.01,-1,-1,-0.01,-1,-1,-0.01,-1,-1,-0.01,-1,-1,-0.01,-1,-1,-0.01,-1,-1,-0.01,-1,-1,-0.01,-1,-1,-0.01,-1,-1
99926009,2026-05-18 10:24:06+05:30,52930.8,0,0.0,0,0.0,0.0,53282.15,53308.4,52783.45,53710.35,0,0.0,0.0,0.0,0.0,-0.01,-1,-1,-0.01,-1,-1,-0.01,-1,-1,-0.01,-1,-1,-0.01,-1,-1,-0.01,-1,-1,-0.01,-1,-1,-0.01,-1,-1,-0.01,-1,-1,-0.01,-1,-1
99926009,2026-05-18 10:24:07+05:30,52933.3,0,0.0,0,0.0,0.0,53282.15,53308.4,52783.45,53710.35,0,0.0,0.0,0.0,0.0,-0.01,-1,-1,-0.01,-1,-1,-0.01,-1,-1,-0.01,-1,-1,-0.01,-1,-1,-0.01,-1,-1,-0.01,-1,-1,-0.01,-1,-1,-0.01,-1,-1,-0.01,-1,-1
99926009,2026-05-18 10:24:07+05:30,52933.95,0,0.0,0,0.0,0.0,53282.15,53308.4,52783.45,53710.35,0,0.0,0.0,0.0,0.0,-0.01,-1,-1,-0.01,-1,-1,-0.01,-1,-1,-0.01,-1,-1,-0.01,-1,-1,-0.01,-1,-1,-0.01,-1,-1,-0.01,-1,-1,-0.01,-1,-1,-0.01,-1,-1
99926009,2026-05-18 10:24:08+05:30,52931.05,0,0.0,0,0.0,0.0,53282.15,53308.4,52783.45,53710.35,0,0.0,0.0,0.0,0.0,-0.01,-1,-1,-0.01,-1,-1,-0.01,-1,-1,-0.01,-1,-1,-0.01,-1,-1,-0.01,-1,-1,-0.01,-1,-1,-0.01,-1,-1,-0.01,-1,-1,-0.01,-1,-1
99926009,2026-05-18 10:24:08+05:30,52931.2,0,0.0,0,0.0,0.0,53282.15,53308.4,52783.45,53710.35,0,0.0,0.0,0.0,0.0,-0.01,-1,-1,-0.01,-1,-1,-0.01,-1,-1,-0.01,-1,-1,-0.01,-1,-1,-0.01,-1,-1,-0.01,-1,-1,-0.01,-1,-1,-0.01,-1,-1,-0.01,-1,-1
99926009,2026-05-18 10:24:09+05:30,52934.25,0,0.0,0,0.0,0.0,53282.15,53308.4,52783.45,53710.35,0,0.0,0.0,0.0,0.0,-0.01,-1,-1,-0.01,-1,-1,-0.01,-1,-1,-0.01,-1,-1,-0.01,-1,-1,-0.01,-1,-1,-0.01,-1,-1,-0.01,-1,-1,-0.01,-1,-1,-0.01,-1,-1
99926009,2026-05-18 10:24:09+05:30,52935.45,0,0.0,0,0.0,0.0,53282.15,53308.4,52783.45,53710.35,0,0.0,0.0,0.0,0.0,-0.01,-1,-1,-0.01,-1,-1,-0.01,-1,-1,-0.01,-1,-1,-0.01,-1,-1,-0.01,-1,-1,-0.01,-1,-1,-0.01,-1,-1,-0.01,-1,-1,-0.01,-1,-1
99926009,2026-05-18 10:24:10+05:30,52934.35,0,0.0,0,0.0,0.0,53282.15,53308.4,52783.45,53710.35,0,0.0,0.0,0.0,0.0,-0.01,-1,-1,-0.01,-1,-1,-0.01,-1,-1,-0.01,-1,-1,-0.01,-1,-1,-0.01,-1,-1,-0.01,-1,-1,-0.01,-1,-1,-0.01,-1,-1,-0.01,-1,-1
99926009,2026-05-18 10:24:10+05:30,52932.05,0,0.0,0,0.0,0.0,53282.15,53308.4,52783.45,53710.35,0,0.0,0.0,0.0,0.0,-0.01,-1,-1,-0.01,-1,-1,-0.01,-1,-1,-0.01,-1,-1,-0.01,-1,-1,-0.01,-1,-1,-0.01,-1,-1,-0.01,-1,-1,-0.01,-1,-1,-0.01,-1,-1
99926009,2026-05-18 10:24:11+05:30,52932.15,0,0.0,0,0.0,0.0,53282.15,53308.4,52783.45,53710.35,0,0.0,0.0,0.0,0.0,-0.01,-1,-1,-0.01,-1,-1,-0.01,-1,-1,-0.01,-1,-1,-0.01,-1,-1,-0.01,-1,-1,-0.01,-1,-1,-0.01,-1,-1,-0.01,-1,-1,-0.01,-1,-1
99926009,2026-05-18 10:24:11+05:30,52931.0,0,0.0,0,0.0,0.0,53282.15,53308.4,52783.45,53710.35,0,0.0,0.0,0.0,0.0,-0.01,-1,-1,-0.01,-1,-1,-0.01,-1,-1,-0.01,-1,-1,-0.01,-1,-1,-0.01,-1,-1,-0.01,-1,-1,-0.01,-1,-1,-0.01,-1,-1,-0.01,-1,-1
99926009,2026-05-18 10:24:12+05:30,52931.35,0,0.0,0,0.0,0.0,53282.15,53308.4,52783.45,53710.35,0,0.0,0.0,0.0,0.0,-0.01,-1,-1,-0.01,-1,-1,-0.01,-1,-1,-0.01,-1,-1,-0.01,-1,-1,-0.01,-1,-1,-0.01,-1,-1,-0.01,-1,-1,-0.01,-1,-1,-0.01,-1,-1
99926009,2026-05-18 10:24:12+05:30,52931.35,0,0.0,0,0.0,0.0,53282.15,53308.4,52783.45,53710.35,0,0.0,0.0,0.0,0.0,-0.01,-1,-1,-0.01,-1,-1,-0.01,-1,-1,-0.01,-1,-1,-0.01,-1,-1,-0.01,-1,-1,-0.01,-1,-1,-0.01,-1,-1,-0.01,-1,-1,-0.01,-1,-1
99926009,2026-05-18 10:24:13+05:30,52928.75,0,0.0,0,0.0,0.0,53282.15,53308.4,52783.45,53710.35,0,0.0,0.0,0.0,0.0,-0.01,-1,-1,-0.01,-1,-1,-0.01,-1,-1,-0.01,-1,-1,-0.01,-1,-1,-0.01,-1,-1,-0.01,-1,-1,-0.01,-1,-1,-0.01,-1,-1,-0.01,-1,-1
99926009,2026-05-18 10:24:13+05:30,52928.95,0,0.0,0,0.0,0.0,53282.15,53308.4,52783.45,53710.35,0,0.0,0.0,0.0,0.0,-0.01,-1,-1,-0.01,-1,-1,-0.01,-1,-1,-0.01,-1,-1,-0.01,-1,-1,-0.01,-1,-1,-0.01,-1,-1,-0.01,-1,-1,-0.01,-1,-1,-0.01,-1,-1
99926009,2026-05-18 10:24:14+05:30,52927.15,0,0.0,0,0.0,0.0,53282.15,53308.4,52783.45,53710.35,0,0.0,0.0,0.0,0.0,-0.01,-1,-1,-0.01,-1,-1,-0.01,-1,-1,-0.01,-1,-1,-0.01,-1,-1,-0.01,-1,-1,-0.01,-1,-1,-0.01,-1,-1,-0.01,-1,-1,-0.01,-1,-1
99926009,2026-05-18 10:24:14+05:30,52925.2,0,0.0,0,0.0,0.0,53282.15,53308.4,52783.45,53710.35,0,0.0,0.0,0.0,0.0,-0.01,-1,-1,-0.01,-1,-1,-0.01,-1,-1,-0.01,-1,-1,-0.01,-1,-1,-0.01,-1,-1,-0.01,-1,-1,-0.01,-1,-1,-0.01,-1,-1,-0.01,-1,-1
99926009,2026-05-18 10:24:15+05:30,52926.5,0,0.0,0,0.0,0.0,53282.15,53308.4,52783.45,53710.35,0,0.0,0.0,0.0,0.0,-0.01,-1,-1,-0.01,-1,-1,-0.01,-1,-1,-0.01,-1,-1,-0.01,-1,-1,-0.01,-1,-1,-0.01,-1,-1,-0.01,-1,-1,-0.01,-1,-1,-0.01,-1,-1
99926009,2026-05-18 10:24:15+05:30,52925.55,0,0.0,0,0.0,0.0,53282.15,53308.4,52783.45,53710.35,0,0.0,0.0,0.0,0.0,-0.01,-1,-1,-0.01,-1,-1,-0.01,-1,-1,-0.01,-1,-1,-0.01,-1,-1,-0.01,-1,-1,-0.01,-1,-1,-0.01,-1,-1,-0.01,-1,-1,-0.01,-1,-1
99926009,2026-05-18 10:24:16+05:30,52924.15,0,0.0,0,0.0,0.0,53282.15,53308.4,52783.45,53710.35,0,0.0,0.0,0.0,0.0,-0.01,-1,-1,-0.01,-1,-1,-0.01,-1,-1,-0.01,-1,-1,-0.01,-1,-1,-0.01,-1,-1,-0.01,-1,-1,-0.01,-1,-1,-0.01,-1,-1,-0.01,-1,-1
99926009,2026-05-18 10:24:16+05:30,52923.15,0,0.0,0,0.0,0.0,53282.15,53308.4,52783.45,53710.35,0,0.0,0.0,0.0,0.0,-0.01,-1,-1,-0.01,-1,-1,-0.01,-1,-1,-0.01,-1,-1,-0.01,-1,-1,-0.01,-1,-1,-0.01,-1,-1,-0.01,-1,-1,-0.01,-1,-1,-0.01,-1,-1
99926009,2026-05-18 10:24:17+05:30,52920.05,0,0.0,0,0.0,0.0,53282.15,53308.4,52783.45,53710.35,0,0.0,0.0,0.0,0.0,-0.01,-1,-1,-0.01,-1,-1,-0.01,-1,-1,-0.01,-1,-1,-0.01,-1,-1,-0.01,-1,-1,-0.01,-1,-1,-0.01,-1,-1,-0.01,-1,-1,-0.01,-1,-1
99926009,2026-05-18 10:24:17+05:30,52921.8,0,0.0,0,0.0,0.0,53282.15,53308.4,52783.45,53710.35,0,0.0,0.0,0.0,0.0,-0.01,-1,-1,-0.01,-1,-1,-0.01,-1,-1,-0.01,-1,-1,-0.01,-1,-1,-0.01,-1,-1,-0.01,-1,-1,-0.01,-1,-1,-0.01,-1,-1,-0.01,-1,-1
99926009,2026-05-18 10:24:18+05:30,52917.2,0,0.0,0,0.0,0.0,53282.15,53308.4,52783.45,53710.35,0,0.0,0.0,0.0,0.0,-0.01,-1,-1,-0.01,-1,-1,-0.01,-1,-1,-0.01,-1,-1,-0.01,-1,-1,-0.01,-1,-1,-0.01,-1,-1,-0.01,-1,-1,-0.01,-1,-1,-0.01,-1,-1
99926009,2026-05-18 10:24:18+05:30,52922.45,0,0.0,0,0.0,0.0,53282.15,53308.4,52783.45,53710.35,0,0.0,0.0,0.0,0.0,-0.01,-1,-1,-0.01,-1,-1,-0.01,-1,-1,-0.01,-1,-1,-0.01,-1,-1,-0.01,-1,-1,-0.01,-1,-1,-0.01,-1,-1,-0.01,-1,-1,-0.01,-1,-1
99926009,2026-05-18 10:24:19+05:30,52923.65,0,0.0,0,0.0,0.0,53282.15,53308.4,52783.45,53710.35,0,0.0,0.0,0.0,0.0,-0.01,-1,-1,-0.01,-1,-1,-0.01,-1,-1,-0.01,-1,-1,-0.01,-1,-1,-0.01,-1,-1,-0.01,-1,-1,-0.01,-1,-1,-0.01,-1,-1,-0.01,-1,-1
99926009,2026-05-18 10:24:19+05:30,52921.75,0,0.0,0,0.0,0.0,53282.15,53308.4,52783.45,53710.35,0,0.0,0.0,0.0,0.0,-0.01,-1,-1,-0.01,-1,-1,-0.01,-1,-1,-0.01,-1,-1,-0.01,-1,-1,-0.01,-1,-1,-0.01,-1,-1,-0.01,-1,-1,-0.01,-1,-1,-0.01,-1,-1
99926009,2026-05-18 10:24:20+05:30,52921.95,0,0.0,0,0.0,0.0,53282.15,53308.4,52783.45,53710.35,0,0.0,0.0,0.0,0.0,-0.01,-1,-1,-0.01,-1,-1,-0.01,-1,-1,-0.01,-1,-1,-0.01,-1,-1,-0.01,-1,-1,-0.01,-1,-1,-0.01,-1,-1,-0.01,-1,-1,-0.01,-1,-1
99926009,2026-05-18 10:24:20+05:30,52920.45,0,0.0,0,0.0,0.0,53282.15,53308.4,52783.45,53710.35,0,0.0,0.0,0.0,0.0,-0.01,-1,-1,-0.01,-1,-1,-0.01,-1,-1,-0.01,-1,-1,-0.01,-1,-1,-0.01,-1,-1,-0.01,-1,-1,-0.01,-1,-1,-0.01,-1,-1,-0.01,-1,-1
99926009,2026-05-18 10:24:21+05:30,52925.45,0,0.0,0,0.0,0.0,53282.15,53308.4,52783.45,53710.35,0,0.0,0.0,0.0,0.0,-0.01,-1,-1,-0.01,-1,-1,-0.01,-1,-1,-0.01,-1,-1,-0.01,-1,-1,-0.01,-1,-1,-0.01,-1,-1,-0.01,-1,-1,-0.01,-1,-1,-0.01,-1,-1
99926009,2026-05-18 10:24:21+05:30,52923.05,0,0.0,0,0.0,0.0,53282.15,53308.4,52783.45,53710.35,0,0.0,0.0,0.0,0.0,-0.01,-1,-1,-0.01,-1,-1,-0.01,-1,-1,-0.01,-1,-1,-0.01,-1,-1,-0.01,-1,-1,-0.01,-1,-1,-0.01,-1,-1,-0.01,-1,-1,-0.01,-1,-1
99926009,2026-05-18 10:24:22+05:30,52924.7,0,0.0,0,0.0,0.0,53282.15,53308.4,52783.45,53710.35,0,0.0,0.0,0.0,0.0,-0.01,-1,-1,-0.01,-1,-1,-0.01,-1,-1,-0.01,-1,-1,-0.01,-1,-1,-0.01,-1,-1,-0.01,-1,-1,-0.01,-1,-1,-0.01,-1,-1,-0.01,-1,-1
99926009,2026-05-18 10:24:22+05:30,52929.1,0,0.0,0,0.0,0.0,53282.15,53308.4,52783.45,53710.35,0,0.0,0.0,0.0,0.0,-0.01,-1,-1,-0.01,-1,-1,-0.01,-1,-1,-0.01,-1,-1,-0.01,-1,-1,-0.01,-1,-1,-0.01,-1,-1,-0.01,-1,-1,-0.01,-1,-1,-0.01,-1,-1
99926009,2026-05-18 10:24:23+05:30,52926.95,0,0.0,0,0.0,0.0,53282.15,53308.4,52783.45,53710.35,0,0.0,0.0,0.0,0.0,-0.01,-1,-1,-0.01,-1,-1,-0.01,-1,-1,-0.01,-1,-1,-0.01,-1,-1,-0.01,-1,-1,-0.01,-1,-1,-0.01,-1,-1,-0.01,-1,-1,-0.01,-1,-1
99926009,2026-05-18 10:24:23+05:30,52927.5,0,0.0,0,0.0,0.0,53282.15,53308.4,52783.45,53710.35,0,0.0,0.0,0.0,0.0,-0.01,-1,-1,-0.01,-1,-1,-0.01,-1,-1,-0.01,-1,-1,-0.01,-1,-1,-0.01,-1,-1,-0.01,-1,-1,-0.01,-1,-1,-0.01,-1,-1,-0.01,-1,-1
99926009,2026-05-18 10:24:24+05:30,52927.3,0,0.0,0,0.0,0.0,53282.15,53308.4,52783.45,53710.35,0,0.0,0.0,0.0,0.0,-0.01,-1,-1,-0.01,-1,-1,-0.01,-1,-1,-0.01,-1,-1,-0.01,-1,-1,-0.01,-1,-1,-0.01,-1,-1,-0.01,-1,-1,-0.01,-1,-1,-0.01,-1,-1
99926009,2026-05-18 10:24:24+05:30,52926.55,0,0.0,0,0.0,0.0,53282.15,53308.4,52783.45,53710.35,0,0.0,0.0,0.0,0.0,-0.01,-1,-1,-0.01,-1,-1,-0.01,-1,-1,-0.01,-1,-1,-0.01,-1,-1,-0.01,-1,-1,-0.01,-1,-1,-0.01,-1,-1,-0.01,-1,-1,-0.01,-1,-1
99926009,2026-05-18 10:24:25+05:30,52926.5,0,0.0,0,0.0,0.0,53282.15,53308.4,52783.45,53710.35,0,0.0,0.0,0.0,0.0,-0.01,-1,-1,-0.01,-1,-1,-0.01,-1,-1,-0.01,-1,-1,-0.01,-1,-1,-0.01,-1,-1,-0.01,-1,-1,-0.01,-1,-1,-0.01,-1,-1,-0.01,-1,-1
99926009,2026-05-18 10:24:25+05:30,52927.45,0,0.0,0,0.0,0.0,53282.15,53308.4,52783.45,53710.35,0,0.0,0.0,0.0,0.0,-0.01,-1,-1,-0.01,-1,-1,-0.01,-1,-1,-0.01,-1,-1,-0.01,-1,-1,-0.01,-1,-1,-0.01,-1,-1,-0.01,-1,-1,-0.01,-1,-1,-0.01,-1,-1
99926009,2026-05-18 10:24:26+05:30,52924.1,0,0.0,0,0.0,0.0,53282.15,53308.4,52783.45,53710.35,0,0.0,0.0,0.0,0.0,-0.01,-1,-1,-0.01,-1,-1,-0.01,-1,-1,-0.01,-1,-1,-0.01,-1,-1,-0.01,-1,-1,-0.01,-1,-1,-0.01,-1,-1,-0.01,-1,-1,-0.01,-1,-1
99926009,2026-05-18 10:24:26+05:30,52927.8,0,0.0,0,0.0,0.0,53282.15,53308.4,52783.45,53710.35,0,0.0,0.0,0.0,0.0,-0.01,-1,-1,-0.01,-1,-1,-0.01,-1,-1,-0.01,-1,-1,-0.01,-1,-1,-0.01,-1,-1,-0.01,-1,-1,-0.01,-1,-1,-0.01,-1,-1,-0.01,-1,-1
99926009,2026-05-18 10:24:27+05:30,52927.0,0,0.0,0,0.0,0.0,53282.15,53308.4,52783.45,53710.35,0,0.0,0.0,0.0,0.0,-0.01,-1,-1,-0.01,-1,-1,-0.01,-1,-1,-0.01,-1,-1,-0.01,-1,-1,-0.01,-1,-1,-0.01,-1,-1,-0.01,-1,-1,-0.01,-1,-1,-0.01,-1,-1
99926009,2026-05-18 10:24:27+05:30,52927.2,0,0.0,0,0.0,0.0,53282.15,53308.4,52783.45,53710.35,0,0.0,0.0,0.0,0.0,-0.01,-1,-1,-0.01,-1,-1,-0.01,-1,-1,-0.01,-1,-1,-0.01,-1,-1,-0.01,-1,-1,-0.01,-1,-1,-0.01,-1,-1,-0.01,-1,-1,-0.01,-1,-1
99926009,2026-05-18 10:24:28+05:30,52925.8,0,0.0,0,0.0,0.0,53282.15,53308.4,52783.45,53710.35,0,0.0,0.0,0.0,0.0,-0.01,-1,-1,-0.01,-1,-1,-0.01,-1,-1,-0.01,-1,-1,-0.01,-1,-1,-0.01,-1,-1,-0.01,-1,-1,-0.01,-1,-1,-0.01,-1,-1,-0.01,-1,-1
99926009,2026-05-18 10:24:28+05:30,52927.0,0,0.0,0,0.0,0.0,53282.15,53308.4,52783.45,53710.35,0,0.0,0.0,0.0,0.0,-0.01,-1,-1,-0.01,-1,-1,-0.01,-1,-1,-0.01,-1,-1,-0.01,-1,-1,-0.01,-1,-1,-0.01,-1,-1,-0.01,-1,-1,-0.01,-1,-1,-0.01,-1,-1
99926009,2026-05-18 10:24:29+05:30,52926.55,0,0.0,0,0.0,0.0,53282.15,53308.4,52783.45,53710.35,0,0.0,0.0,0.0,0.0,-0.01,-1,-1,-0.01,-1,-1,-0.01,-1,-1,-0.01,-1,-1,-0.01,-1,-1,-0.01,-1,-1,-0.01,-1,-1,-0.01,-1,-1,-0.01,-1,-1,-0.01,-1,-1
99926009,2026-05-18 10:24:29+05:30,52928.2,0,0.0,0,0.0,0.0,53282.15,53308.4,52783.45,53710.35,0,0.0,0.0,0.0,0.0,-0.01,-1,-1,-0.01,-1,-1,-0.01,-1,-1,-0.01,-1,-1,-0.01,-1,-1,-0.01,-1,-1,-0.01,-1,-1,-0.01,-1,-1,-0.01,-1,-1,-0.01,-1,-1
99926009,2026-05-18 10:24:30+05:30,52929.35,0,0.0,0,0.0,0.0,53282.15,53308.4,52783.45,53710.35,0,0.0,0.0,0.0,0.0,-0.01,-1,-1,-0.01,-1,-1,-0.01,-1,-1,-0.01,-1,-1,-0.01,-1,-1,-0.01,-1,-1,-0.01,-1,-1,-0.01,-1,-1,-0.01,-1,-1,-0.01,-1,-1
99926009,2026-05-18 10:24:30+05:30,52927.7,0,0.0,0,0.0,0.0,53282.15,53308.4,52783.45,53710.35,0,0.0,0.0,0.0,0.0,-0.01,-1,-1,-0.01,-1,-1,-0.01,-1,-1,-0.01,-1,-1,-0.01,-1,-1,-0.01,-1,-1,-0.01,-1,-1,-0.01,-1,-1,-0.01,-1,-1,-0.01,-1,-1
99926009,2026-05-18 10:24:31+05:30,52925.65,0,0.0,0,0.0,0.0,53282.15,53308.4,52783.45,53710.35,0,0.0,0.0,0.0,0.0,-0.01,-1,-1,-0.01,-1,-1,-0.01,-1,-1,-0.01,-1,-1,-0.01,-1,-1,-0.01,-1,-1,-0.01,-1,-1,-0.01,-1,-1,-0.01,-1,-1,-0.01,-1,-1
99926009,2026-05-18 10:24:31+05:30,52929.45,0,0.0,0,0.0,0.0,53282.15,53308.4,52783.45,53710.35,0,0.0,0.0,0.0,0.0,-0.01,-1,-1,-0.01,-1,-1,-0.01,-1,-1,-0.01,-1,-1,-0.01,-1,-1,-0.01,-1,-1,-0.01,-1,-1,-0.01,-1,-1,-0.01,-1,-1,-0.01,-1,-1
99926009,2026-05-18 10:24:32+05:30,52926.15,0,0.0,0,0.0,0.0,53282.15,53308.4,52783.45,53710.35,0,0.0,0.0,0.0,0.0,-0.01,-1,-1,-0.01,-1,-1,-0.01,-1,-1,-0.01,-1,-1,-0.01,-1,-1,-0.01,-1,-1,-0.01,-1,-1,-0.01,-1,-1,-0.01,-1,-1,-0.01,-1,-1
99926009,2026-05-18 10:24:32+05:30,52927.2,0,0.0,0,0.0,0.0,53282.15,53308.4,52783.45,53710.35,0,0.0,0.0,0.0,0.0,-0.01,-1,-1,-0.01,-1,-1,-0.01,-1,-1,-0.01,-1,-1,-0.01,-1,-1,-0.01,-1,-1,-0.01,-1,-1,-0.01,-1,-1,-0.01,-1,-1,-0.01,-1,-1
99926009,2026-05-18 10:24:33+05:30,52924.75,0,0.0,0,0.0,0.0,53282.15,53308.4,52783.45,53710.35,0,0.0,0.0,0.0,0.0,-0.01,-1,-1,-0.01,-1,-1,-0.01,-1,-1,-0.01,-1,-1,-0.01,-1,-1,-0.01,-1,-1,-0.01,-1,-1,-0.01,-1,-1,-0.01,-1,-1,-0.01,-1,-1
99926009,2026-05-18 10:24:33+05:30,52924.65,0,0.0,0,0.0,0.0,53282.15,53308.4,52783.45,53710.35,0,0.0,0.0,0.0,0.0,-0.01,-1,-1,-0.01,-1,-1,-0.01,-1,-1,-0.01,-1,-1,-0.01,-1,-1,-0.01,-1,-1,-0.01,-1,-1,-0.01,-1,-1,-0.01,-1,-1,-0.01,-1,-1
99926009,2026-05-18 10:24:34+05:30,52925.35,0,0.0,0,0.0,0.0,53282.15,53308.4,52783.45,53710.35,0,0.0,0.0,0.0,0.0,-0.01,-1,-1,-0.01,-1,-1,-0.01,-1,-1,-0.01,-1,-1,-0.01,-1,-1,-0.01,-1,-1,-0.01,-1,-1,-0.01,-1,-1,-0.01,-1,-1,-0.01,-1,-1
99926009,2026-05-18 10:24:34+05:30,52925.75,0,0.0,0,0.0,0.0,53282.15,53308.4,52783.45,53710.35,0,0.0,0.0,0.0,0.0,-0.01,-1,-1,-0.01,-1,-1,-0.01,-1,-1,-0.01,-1,-1,-0.01,-1,-1,-0.01,-1,-1,-0.01,-1,-1,-0.01,-1,-1,-0.01,-1,-1,-0.01,-1,-1
99926009,2026-05-18 10:24:35+05:30,52927.45,0,0.0,0,0.0,0.0,53282.15,53308.4,52783.45,53710.35,0,0.0,0.0,0.0,0.0,-0.01,-1,-1,-0.01,-1,-1,-0.01,-1,-1,-0.01,-1,-1,-0.01,-1,-1,-0.01,-1,-1,-0.01,-1,-1,-0.01,-1,-1,-0.01,-1,-1,-0.01,-1,-1
99926009,2026-05-18 10:24:35+05:30,52925.3,0,0.0,0,0.0,0.0,53282.15,53308.4,52783.45,53710.35,0,0.0,0.0,0.0,0.0,-0.01,-1,-1,-0.01,-1,-1,-0.01,-1,-1,-0.01,-1,-1,-0.01,-1,-1,-0.01,-1,-1,-0.01,-1,-1,-0.01,-1,-1,-0.01,-1,-1,-0.01,-1,-1
99926009,2026-05-18 10:24:36+05:30,52924.85,0,0.0,0,0.0,0.0,53282.15,53308.4,52783.45,53710.35,0,0.0,0.0,0.0,0.0,-0.01,-1,-1,-0.01,-1,-1,-0.01,-1,-1,-0.01,-1,-1,-0.01,-1,-1,-0.01,-1,-1,-0.01,-1,-1,-0.01,-1,-1,-0.01,-1,-1,-0.01,-1,-1
99926009,2026-05-18 10:24:36+05:30,52928.35,0,0.0,0,0.0,0.0,53282.15,53308.4,52783.45,53710.35,0,0.0,0.0,0.0,0.0,-0.01,-1,-1,-0.01,-1,-1,-0.01,-1,-1,-0.01,-1,-1,-0.01,-1,-1,-0.01,-1,-1,-0.01,-1,-1,-0.01,-1,-1,-0.01,-1,-1,-0.01,-1,-1
99926009,2026-05-18 10:24:37+05:30,52926.8,0,0.0,0,0.0,0.0,53282.15,53308.4,52783.45,53710.35,0,0.0,0.0,0.0,0.0,-0.01,-1,-1,-0.01,-1,-1,-0.01,-1,-1,-0.01,-1,-1,-0.01,-1,-1,-0.01,-1,-1,-0.01,-1,-1,-0.01,-1,-1,-0.01,-1,-1,-0.01,-1,-1
99926009,2026-05-18 10:24:37+05:30,52926.7,0,0.0,0,0.0,0.0,53282.15,53308.4,52783.45,53710.35,0,0.0,0.0,0.0,0.0,-0.01,-1,-1,-0.01,-1,-1,-0.01,-1,-1,-0.01,-1,-1,-0.01,-1,-1,-0.01,-1,-1,-0.01,-1,-1,-0.01,-1,-1,-0.01,-1,-1,-0.01,-1,-1
99926009,2026-05-18 10:24:38+05:30,52925.85,0,0.0,0,0.0,0.0,53282.15,53308.4,52783.45,53710.35,0,0.0,0.0,0.0,0.0,-0.01,-1,-1,-0.01,-1,-1,-0.01,-1,-1,-0.01,-1,-1,-0.01,-1,-1,-0.01,-1,-1,-0.01,-1,-1,-0.01,-1,-1,-0.01,-1,-1,-0.01,-1,-1
99926009,2026-05-18 10:24:38+05:30,52928.0,0,0.0,0,0.0,0.0,53282.15,53308.4,52783.45,53710.35,0,0.0,0.0,0.0,0.0,-0.01,-1,-1,-0.01,-1,-1,-0.01,-1,-1,-0.01,-1,-1,-0.01,-1,-1,-0.01,-1,-1,-0.01,-1,-1,-0.01,-1,-1,-0.01,-1,-1,-0.01,-1,-1
99926009,2026-05-18 10:24:39+05:30,52927.6,0,0.0,0,0.0,0.0,53282.15,53308.4,52783.45,53710.35,0,0.0,0.0,0.0,0.0,-0.01,-1,-1,-0.01,-1,-1,-0.01,-1,-1,-0.01,-1,-1,-0.01,-1,-1,-0.01,-1,-1,-0.01,-1,-1,-0.01,-1,-1,-0.01,-1,-1,-0.01,-1,-1
99926009,2026-05-18 10:24:39+05:30,52928.1,0,0.0,0,0.0,0.0,53282.15,53308.4,52783.45,53710.35,0,0.0,0.0,0.0,0.0,-0.01,-1,-1,-0.01,-1,-1,-0.01,-1,-1,-0.01,-1,-1,-0.01,-1,-1,-0.01,-1,-1,-0.01,-1,-1,-0.01,-1,-1,-0.01,-1,-1,-0.01,-1,-1
99926009,2026-05-18 10:24:40+05:30,52929.2,0,0.0,0,0.0,0.0,53282.15,53308.4,52783.45,53710.35,0,0.0,0.0,0.0,0.0,-0.01,-1,-1,-0.01,-1,-1,-0.01,-1,-1,-0.01,-1,-1,-0.01,-1,-1,-0.01,-1,-1,-0.01,-1,-1,-0.01,-1,-1,-0.01,-1,-1,-0.01,-1,-1
99926009,2026-05-18 10:24:40+05:30,52928.3,0,0.0,0,0.0,0.0,53282.15,53308.4,52783.45,53710.35,0,0.0,0.0,0.0,0.0,-0.01,-1,-1,-0.01,-1,-1,-0.01,-1,-1,-0.01,-1,-1,-0.01,-1,-1,-0.01,-1,-1,-0.01,-1,-1,-0.01,-1,-1,-0.01,-1,-1,-0.01,-1,-1
99926009,2026-05-18 10:24:41+05:30,52923.5,0,0.0,0,0.0,0.0,53282.15,53308.4,52783.45,53710.35,0,0.0,0.0,0.0,0.0,-0.01,-1,-1,-0.01,-1,-1,-0.01,-1,-1,-0.01,-1,-1,-0.01,-1,-1,-0.01,-1,-1,-0.01,-1,-1,-0.01,-1,-1,-0.01,-1,-1,-0.01,-1,-1
99926009,2026-05-18 10:24:41+05:30,52925.0,0,0.0,0,0.0,0.0,53282.15,53308.4,52783.45,53710.35,0,0.0,0.0,0.0,0.0,-0.01,-1,-1,-0.01,-1,-1,-0.01,-1,-1,-0.01,-1,-1,-0.01,-1,-1,-0.01,-1,-1,-0.01,-1,-1,-0.01,-1,-1,-0.01,-1,-1,-0.01,-1,-1
99926009,2026-05-18 10:24:42+05:30,52919.15,0,0.0,0,0.0,0.0,53282.15,53308.4,52783.45,53710.35,0,0.0,0.0,0.0,0.0,-0.01,-1,-1,-0.01,-1,-1,-0.01,-1,-1,-0.01,-1,-1,-0.01,-1,-1,-0.01,-1,-1,-0.01,-1,-1,-0.01,-1,-1,-0.01,-1,-1,-0.01,-1,-1
99926009,2026-05-18 10:24:42+05:30,52918.75,0,0.0,0,0.0,0.0,53282.15,53308.4,52783.45,53710.35,0,0.0,0.0,0.0,0.0,-0.01,-1,-1,-0.01,-1,-1,-0.01,-1,-1,-0.01,-1,-1,-0.01,-1,-1,-0.01,-1,-1,-0.01,-1,-1,-0.01,-1,-1,-0.01,-1,-1,-0.01,-1,-1
99926009,2026-05-18 10:24:43+05:30,52920.65,0,0.0,0,0.0,0.0,53282.15,53308.4,52783.45,53710.35,0,0.0,0.0,0.0,0.0,-0.01,-1,-1,-0.01,-1,-1,-0.01,-1,-1,-0.01,-1,-1,-0.01,-1,-1,-0.01,-1,-1,-0.01,-1,-1,-0.01,-1,-1,-0.01,-1,-1,-0.01,-1,-1
99926009,2026-05-18 10:24:43+05:30,52916.65,0,0.0,0,0.0,0.0,53282.15,53308.4,52783.45,53710.35,0,0.0,0.0,0.0,0.0,-0.01,-1,-1,-0.01,-1,-1,-0.01,-1,-1,-0.01,-1,-1,-0.01,-1,-1,-0.01,-1,-1,-0.01,-1,-1,-0.01,-1,-1,-0.01,-1,-1,-0.01,-1,-1
99926009,2026-05-18 10:24:44+05:30,52917.05,0,0.0,0,0.0,0.0,53282.15,53308.4,52783.45,53710.35,0,0.0,0.0,0.0,0.0,-0.01,-1,-1,-0.01,-1,-1,-0.01,-1,-1,-0.01,-1,-1,-0.01,-1,-1,-0.01,-1,-1,-0.01,-1,-1,-0.01,-1,-1,-0.01,-1,-1,-0.01,-1,-1
99926009,2026-05-18 10:24:44+05:30,52915.05,0,0.0,0,0.0,0.0,53282.15,53308.4,52783.45,53710.35,0,0.0,0.0,0.0,0.0,-0.01,-1,-1,-0.01,-1,-1,-0.01,-1,-1,-0.01,-1,-1,-0.01,-1,-1,-0.01,-1,-1,-0.01,-1,-1,-0.01,-1,-1,-0.01,-1,-1,-0.01,-1,-1
99926009,2026-05-18 10:24:45+05:30,52916.75,0,0.0,0,0.0,0.0,53282.15,53308.4,52783.45,53710.35,0,0.0,0.0,0.0,0.0,-0.01,-1,-1,-0.01,-1,-1,-0.01,-1,-1,-0.01,-1,-1,-0.01,-1,-1,-0.01,-1,-1,-0.01,-1,-1,-0.01,-1,-1,-0.01,-1,-1,-0.01,-1,-1
99926009,2026-05-18 10:24:45+05:30,52919.05,0,0.0,0,0.0,0.0,53282.15,53308.4,52783.45,53710.35,0,0.0,0.0,0.0,0.0,-0.01,-1,-1,-0.01,-1,-1,-0.01,-1,-1,-0.01,-1,-1,-0.01,-1,-1,-0.01,-1,-1,-0.01,-1,-1,-0.01,-1,-1,-0.01,-1,-1,-0.01,-1,-1
99926009,2026-05-18 10:24:46+05:30,52918.4,0,0.0,0,0.0,0.0,53282.15,53308.4,52783.45,53710.35,0,0.0,0.0,0.0,0.0,-0.01,-1,-1,-0.01,-1,-1,-0.01,-1,-1,-0.01,-1,-1,-0.01,-1,-1,-0.01,-1,-1,-0.01,-1,-1,-0.01,-1,-1,-0.01,-1,-1,-0.01,-1,-1
99926009,2026-05-18 10:24:46+05:30,52918.25,0,0.0,0,0.0,0.0,53282.15,53308.4,52783.45,53710.35,0,0.0,0.0,0.0,0.0,-0.01,-1,-1,-0.01,-1,-1,-0.01,-1,-1,-0.01,-1,-1,-0.01,-1,-1,-0.01,-1,-1,-0.01,-1,-1,-0.01,-1,-1,-0.01,-1,-1,-0.01,-1,-1
99926009,2026-05-18 10:24:47+05:30,52918.25,0,0.0,0,0.0,0.0,53282.15,53308.4,52783.45,53710.35,0,0.0,0.0,0.0,0.0,-0.01,-1,-1,-0.01,-1,-1,-0.01,-1,-1,-0.01,-1,-1,-0.01,-1,-1,-0.01,-1,-1,-0.01,-1,-1,-0.01,-1,-1,-0.01,-1,-1,-0.01,-1,-1
99926009,2026-05-18 10:24:47+05:30,52920.3,0,0.0,0,0.0,0.0,53282.15,53308.4,52783.45,53710.35,0,0.0,0.0,0.0,0.0,-0.01,-1,-1,-0.01,-1,-1,-0.01,-1,-1,-0.01,-1,-1,-0.01,-1,-1,-0.01,-1,-1,-0.01,-1,-1,-0.01,-1,-1,-0.01,-1,-1,-0.01,-1,-1
99926009,2026-05-18 10:24:48+05:30,52918.5,0,0.0,0,0.0,0.0,53282.15,53308.4,52783.45,53710.35,0,0.0,0.0,0.0,0.0,-0.01,-1,-1,-0.01,-1,-1,-0.01,-1,-1,-0.01,-1,-1,-0.01,-1,-1,-0.01,-1,-1,-0.01,-1,-1,-0.01,-1,-1,-0.01,-1,-1,-0.01,-1,-1
99926009,2026-05-18 10:24:48+05:30,52918.85,0,0.0,0,0.0,0.0,53282.15,53308.4,52783.45,53710.35,0,0.0,0.0,0.0,0.0,-0.01,-1,-1,-0.01,-1,-1,-0.01,-1,-1,-0.01,-1,-1,-0.01,-1,-1,-0.01,-1,-1,-0.01,-1,-1,-0.01,-1,-1,-0.01,-1,-1,-0.01,-1,-1
99926009,2026-05-18 10:24:49+05:30,52918.75,0,0.0,0,0.0,0.0,53282.15,53308.4,52783.45,53710.35,0,0.0,0.0,0.0,0.0,-0.01,-1,-1,-0.01,-1,-1,-0.01,-1,-1,-0.01,-1,-1,-0.01,-1,-1,-0.01,-1,-1,-0.01,-1,-1,-0.01,-1,-1,-0.01,-1,-1,-0.01,-1,-1
99926009,2026-05-18 10:24:49+05:30,52919.4,0,0.0,0,0.0,0.0,53282.15,53308.4,52783.45,53710.35,0,0.0,0.0,0.0,0.0,-0.01,-1,-1,-0.01,-1,-1,-0.01,-1,-1,-0.01,-1,-1,-0.01,-1,-1,-0.01,-1,-1,-0.01,-1,-1,-0.01,-1,-1,-0.01,-1,-1,-0.01,-1,-1
99926009,2026-05-18 10:24:50+05:30,52916.75,0,0.0,0,0.0,0.0,53282.15,53308.4,52783.45,53710.35,0,0.0,0.0,0.0,0.0,-0.01,-1,-1,-0.01,-1,-1,-0.01,-1,-1,-0.01,-1,-1,-0.01,-1,-1,-0.01,-1,-1,-0.01,-1,-1,-0.01,-1,-1,-0.01,-1,-1,-0.01,-1,-1
99926009,2026-05-18 10:24:50+05:30,52916.25,0,0.0,0,0.0,0.0,53282.15,53308.4,52783.45,53710.35,0,0.0,0.0,0.0,0.0,-0.01,-1,-1,-0.01,-1,-1,-0.01,-1,-1,-0.01,-1,-1,-0.01,-1,-1,-0.01,-1,-1,-0.01,-1,-1,-0.01,-1,-1,-0.01,-1,-1,-0.01,-1,-1
99926009,2026-05-18 10:24:51+05:30,52910.9,0,0.0,0,0.0,0.0,53282.15,53308.4,52783.45,53710.35,0,0.0,0.0,0.0,0.0,-0.01,-1,-1,-0.01,-1,-1,-0.01,-1,-1,-0.01,-1,-1,-0.01,-1,-1,-0.01,-1,-1,-0.01,-1,-1,-0.01,-1,-1,-0.01,-1,-1,-0.01,-1,-1
99926009,2026-05-18 10:24:51+05:30,52916.8,0,0.0,0,0.0,0.0,53282.15,53308.4,52783.45,53710.35,0,0.0,0.0,0.0,0.0,-0.01,-1,-1,-0.01,-1,-1,-0.01,-1,-1,-0.01,-1,-1,-0.01,-1,-1,-0.01,-1,-1,-0.01,-1,-1,-0.01,-1,-1,-0.01,-1,-1,-0.01,-1,-1
99926009,2026-05-18 10:24:52+05:30,52916.5,0,0.0,0,0.0,0.0,53282.15,53308.4,52783.45,53710.35,0,0.0,0.0,0.0,0.0,-0.01,-1,-1,-0.01,-1,-1,-0.01,-1,-1,-0.01,-1,-1,-0.01,-1,-1,-0.01,-1,-1,-0.01,-1,-1,-0.01,-1,-1,-0.01,-1,-1,-0.01,-1,-1
99926009,2026-05-18 10:24:52+05:30,52917.3,0,0.0,0,0.0,0.0,53282.15,53308.4,52783.45,53710.35,0,0.0,0.0,0.0,0.0,-0.01,-1,-1,-0.01,-1,-1,-0.01,-1,-1,-0.01,-1,-1,-0.01,-1,-1,-0.01,-1,-1,-0.01,-1,-1,-0.01,-1,-1,-0.01,-1,-1,-0.01,-1,-1
99926009,2026-05-18 10:24:53+05:30,52917.0,0,0.0,0,0.0,0.0,53282.15,53308.4,52783.45,53710.35,0,0.0,0.0,0.0,0.0,-0.01,-1,-1,-0.01,-1,-1,-0.01,-1,-1,-0.01,-1,-1,-0.01,-1,-1,-0.01,-1,-1,-0.01,-1,-1,-0.01,-1,-1,-0.01,-1,-1,-0.01,-1,-1
99926009,2026-05-18 10:24:53+05:30,52917.95,0,0.0,0,0.0,0.0,53282.15,53308.4,52783.45,53710.35,0,0.0,0.0,0.0,0.0,-0.01,-1,-1,-0.01,-1,-1,-0.01,-1,-1,-0.01,-1,-1,-0.01,-1,-1,-0.01,-1,-1,-0.01,-1,-1,-0.01,-1,-1,-0.01,-1,-1,-0.01,-1,-1
99926009,2026-05-18 10:24:54+05:30,52916.65,0,0.0,0,0.0,0.0,53282.15,53308.4,52783.45,53710.35,0,0.0,0.0,0.0,0.0,-0.01,-1,-1,-0.01,-1,-1,-0.01,-1,-1,-0.01,-1,-1,-0.01,-1,-1,-0.01,-1,-1,-0.01,-1,-1,-0.01,-1,-1,-0.01,-1,-1,-0.01,-1,-1
99926009,2026-05-18 10:24:54+05:30,52916.65,0,0.0,0,0.0,0.0,53282.15,53308.4,52783.45,53710.35,0,0.0,0.0,0.0,0.0,-0.01,-1,-1,-0.01,-1,-1,-0.01,-1,-1,-0.01,-1,-1,-0.01,-1,-1,-0.01,-1,-1,-0.01,-1,-1,-0.01,-1,-1,-0.01,-1,-1,-0.01,-1,-1
99926009,2026-05-18 10:24:55+05:30,52918.85,0,0.0,0,0.0,0.0,53282.15,53308.4,52783.45,53710.35,0,0.0,0.0,0.0,0.0,-0.01,-1,-1,-0.01,-1,-1,-0.01,-1,-1,-0.01,-1,-1,-0.01,-1,-1,-0.01,-1,-1,-0.01,-1,-1,-0.01,-1,-1,-0.01,-1,-1,-0.01,-1,-1
99926009,2026-05-18 10:24:55+05:30,52916.55,0,0.0,0,0.0,0.0,53282.15,53308.4,52783.45,53710.35,0,0.0,0.0,0.0,0.0,-0.01,-1,-1,-0.01,-1,-1,-0.01,-1,-1,-0.01,-1,-1,-0.01,-1,-1,-0.01,-1,-1,-0.01,-1,-1,-0.01,-1,-1,-0.01,-1,-1,-0.01,-1,-1
99926009,2026-05-18 10:24:56+05:30,52919.65,0,0.0,0,0.0,0.0,53282.15,53308.4,52783.45,53710.35,0,0.0,0.0,0.0,0.0,-0.01,-1,-1,-0.01,-1,-1,-0.01,-1,-1,-0.01,-1,-1,-0.01,-1,-1,-0.01,-1,-1,-0.01,-1,-1,-0.01,-1,-1,-0.01,-1,-1,-0.01,-1,-1
99926009,2026-05-18 10:24:56+05:30,52917.5,0,0.0,0,0.0,0.0,53282.15,53308.4,52783.45,53710.35,0,0.0,0.0,0.0,0.0,-0.01,-1,-1,-0.01,-1,-1,-0.01,-1,-1,-0.01,-1,-1,-0.01,-1,-1,-0.01,-1,-1,-0.01,-1,-1,-0.01,-1,-1,-0.01,-1,-1,-0.01,-1,-1
99926009,2026-05-18 10:24:57+05:30,52915.85,0,0.0,0,0.0,0.0,53282.15,53308.4,52783.45,53710.35,0,0.0,0.0,0.0,0.0,-0.01,-1,-1,-0.01,-1,-1,-0.01,-1,-1,-0.01,-1,-1,-0.01,-1,-1,-0.01,-1,-1,-0.01,-1,-1,-0.01,-1,-1,-0.01,-1,-1,-0.01,-1,-1
99926009,2026-05-18 10:24:57+05:30,52918.1,0,0.0,0,0.0,0.0,53282.15,53308.4,52783.45,53710.35,0,0.0,0.0,0.0,0.0,-0.01,-1,-1,-0.01,-1,-1,-0.01,-1,-1,-0.01,-1,-1,-0.01,-1,-1,-0.01,-1,-1,-0.01,-1,-1,-0.01,-1,-1,-0.01,-1,-1,-0.01,-1,-1
99926009,2026-05-18 10:24:58+05:30,52915.05,0,0.0,0,0.0,0.0,53282.15,53308.4,52783.45,53710.35,0,0.0,0.0,0.0,0.0,-0.01,-1,-1,-0.01,-1,-1,-0.01,-1,-1,-0.01,-1,-1,-0.01,-1,-1,-0.01,-1,-1,-0.01,-1,-1,-0.01,-1,-1,-0.01,-1,-1,-0.01,-1,-1
99926009,2026-05-18 10:24:58+05:30,52915.7,0,0.0,0,0.0,0.0,53282.15,53308.4,52783.45,53710.35,0,0.0,0.0,0.0,0.0,-0.01,-1,-1,-0.01,-1,-1,-0.01,-1,-1,-0.01,-1,-1,-0.01,-1,-1,-0.01,-1,-1,-0.01,-1,-1,-0.01,-1,-1,-0.01,-1,-1,-0.01,-1,-1
99926009,2026-05-18 10:24:59+05:30,52917.35,0,0.0,0,0.0,0.0,53282.15,53308.4,52783.45,53710.35,0,0.0,0.0,0.0,0.0,-0.01,-1,-1,-0.01,-1,-1,-0.01,-1,-1,-0.01,-1,-1,-0.01,-1,-1,-0.01,-1,-1,-0.01,-1,-1,-0.01,-1,-1,-0.01,-1,-1,-0.01,-1,-1
99926009,2026-05-18 10:24:59+05:30,52919.6,0,0.0,0,0.0,0.0,53282.15,53308.4,52783.45,53710.35,0,0.0,0.0,0.0,0.0,-0.01,-1,-1,-0.01,-1,-1,-0.01,-1,-1,-0.01,-1,-1,-0.01,-1,-1,-0.01,-1,-1,-0.01,-1,-1,-0.01,-1,-1,-0.01,-1,-1,-0.01,-1,-1
99926009,2026-05-18 10:25:00+05:30,52923.3,0,0.0,0,0.0,0.0,53282.15,53308.4,52783.45,53710.35,0,0.0,0.0,0.0,0.0,-0.01,-1,-1,-0.01,-1,-1,-0.01,-1,-1,-0.01,-1,-1,-0.01,-1,-1,-0.01,-1,-1,-0.01,-1,-1,-0.01,-1,-1,-0.01,-1,-1,-0.01,-1,-1
99926009,2026-05-18 10:25:00+05:30,52921.1,0,0.0,0,0.0,0.0,53282.15,53308.4,52783.45,53710.35,0,0.0,0.0,0.0,0.0,-0.01,-1,-1,-0.01,-1,-1,-0.01,-1,-1,-0.01,-1,-1,-0.01,-1,-1,-0.01,-1,-1,-0.01,-1,-1,-0.01,-1,-1,-0.01,-1,-1,-0.01,-1,-1
99926009,2026-05-18 10:25:01+05:30,52924.85,0,0.0,0,0.0,0.0,53282.15,53308.4,52783.45,53710.35,0,0.0,0.0,0.0,0.0,-0.01,-1,-1,-0.01,-1,-1,-0.01,-1,-1,-0.01,-1,-1,-0.01,-1,-1,-0.01,-1,-1,-0.01,-1,-1,-0.01,-1,-1,-0.01,-1,-1,-0.01,-1,-1
99926009,2026-05-18 10:25:01+05:30,52920.4,0,0.0,0,0.0,0.0,53282.15,53308.4,52783.45,53710.35,0,0.0,0.0,0.0,0.0,-0.01,-1,-1,-0.01,-1,-1,-0.01,-1,-1,-0.01,-1,-1,-0.01,-1,-1,-0.01,-1,-1,-0.01,-1,-1,-0.01,-1,-1,-0.01,-1,-1,-0.01,-1,-1
99926009,2026-05-18 10:25:02+05:30,52920.55,0,0.0,0,0.0,0.0,53282.15,53308.4,52783.45,53710.35,0,0.0,0.0,0.0,0.0,-0.01,-1,-1,-0.01,-1,-1,-0.01,-1,-1,-0.01,-1,-1,-0.01,-1,-1,-0.01,-1,-1,-0.01,-1,-1,-0.01,-1,-1,-0.01,-1,-1,-0.01,-1,-1
99926009,2026-05-18 10:25:02+05:30,52920.7,0,0.0,0,0.0,0.0,53282.15,53308.4,52783.45,53710.35,0,0.0,0.0,0.0,0.0,-0.01,-1,-1,-0.01,-1,-1,-0.01,-1,-1,-0.01,-1,-1,-0.01,-1,-1,-0.01,-1,-1,-0.01,-1,-1,-0.01,-1,-1,-0.01,-1,-1,-0.01,-1,-1
99926009,2026-05-18 10:25:03+05:30,52917.4,0,0.0,0,0.0,0.0,53282.15,53308.4,52783.45,53710.35,0,0.0,0.0,0.0,0.0,-0.01,-1,-1,-0.01,-1,-1,-0.01,-1,-1,-0.01,-1,-1,-0.01,-1,-1,-0.01,-1,-1,-0.01,-1,-1,-0.01,-1,-1,-0.01,-1,-1,-0.01,-1,-1
99926009,2026-05-18 10:25:03+05:30,52919.7,0,0.0,0,0.0,0.0,53282.15,53308.4,52783.45,53710.35,0,0.0,0.0,0.0,0.0,-0.01,-1,-1,-0.01,-1,-1,-0.01,-1,-1,-0.01,-1,-1,-0.01,-1,-1,-0.01,-1,-1,-0.01,-1,-1,-0.01,-1,-1,-0.01,-1,-1,-0.01,-1,-1
99926009,2026-05-18 10:25:04+05:30,52919.7,0,0.0,0,0.0,0.0,53282.15,53308.4,52783.45,53710.35,0,0.0,0.0,0.0,0.0,-0.01,-1,-1,-0.01,-1,-1,-0.01,-1,-1,-0.01,-1,-1,-0.01,-1,-1,-0.01,-1,-1,-0.01,-1,-1,-0.01,-1,-1,-0.01,-1,-1,-0.01,-1,-1
99926009,2026-05-18 10:25:04+05:30,52916.15,0,0.0,0,0.0,0.0,53282.15,53308.4,52783.45,53710.35,0,0.0,0.0,0.0,0.0,-0.01,-1,-1,-0.01,-1,-1,-0.01,-1,-1,-0.01,-1,-1,-0.01,-1,-1,-0.01,-1,-1,-0.01,-1,-1,-0.01,-1,-1,-0.01,-1,-1,-0.01,-1,-1
99926009,2026-05-18 10:25:05+05:30,52921.45,0,0.0,0,0.0,0.0,53282.15,53308.4,52783.45,53710.35,0,0.0,0.0,0.0,0.0,-0.01,-1,-1,-0.01,-1,-1,-0.01,-1,-1,-0.01,-1,-1,-0.01,-1,-1,-0.01,-1,-1,-0.01,-1,-1,-0.01,-1,-1,-0.01,-1,-1,-0.01,-1,-1
99926009,2026-05-18 10:25:05+05:30,52918.6,0,0.0,0,0.0,0.0,53282.15,53308.4,52783.45,53710.35,0,0.0,0.0,0.0,0.0,-0.01,-1,-1,-0.01,-1,-1,-0.01,-1,-1,-0.01,-1,-1,-0.01,-1,-1,-0.01,-1,-1,-0.01,-1,-1,-0.01,-1,-1,-0.01,-1,-1,-0.01,-1,-1
99926009,2026-05-18 10:25:06+05:30,52916.4,0,0.0,0,0.0,0.0,53282.15,53308.4,52783.45,53710.35,0,0.0,0.0,0.0,0.0,-0.01,-1,-1,-0.01,-1,-1,-0.01,-1,-1,-0.01,-1,-1,-0.01,-1,-1,-0.01,-1,-1,-0.01,-1,-1,-0.01,-1,-1,-0.01,-1,-1,-0.01,-1,-1
99926009,2026-05-18 10:25:06+05:30,52918.75,0,0.0,0,0.0,0.0,53282.15,53308.4,52783.45,53710.35,0,0.0,0.0,0.0,0.0,-0.01,-1,-1,-0.01,-1,-1,-0.01,-1,-1,-0.01,-1,-1,-0.01,-1,-1,-0.01,-1,-1,-0.01,-1,-1,-0.01,-1,-1,-0.01,-1,-1,-0.01,-1,-1
99926009,2026-05-18 10:25:07+05:30,52918.65,0,0.0,0,0.0,0.0,53282.15,53308.4,52783.45,53710.35,0,0.0,0.0,0.0,0.0,-0.01,-1,-1,-0.01,-1,-1,-0.01,-1,-1,-0.01,-1,-1,-0.01,-1,-1,-0.01,-1,-1,-0.01,-1,-1,-0.01,-1,-1,-0.01,-1,-1,-0.01,-1,-1
99926009,2026-05-18 10:25:07+05:30,52918.85,0,0.0,0,0.0,0.0,53282.15,53308.4,52783.45,53710.35,0,0.0,0.0,0.0,0.0,-0.01,-1,-1,-0.01,-1,-1,-0.01,-1,-1,-0.01,-1,-1,-0.01,-1,-1,-0.01,-1,-1,-0.01,-1,-1,-0.01,-1,-1,-0.01,-1,-1,-0.01,-1,-1
99926009,2026-05-18 10:25:08+05:30,52918.5,0,0.0,0,0.0,0.0,53282.15,53308.4,52783.45,53710.35,0,0.0,0.0,0.0,0.0,-0.01,-1,-1,-0.01,-1,-1,-0.01,-1,-1,-0.01,-1,-1,-0.01,-1,-1,-0.01,-1,-1,-0.01,-1,-1,-0.01,-1,-1,-0.01,-1,-1,-0.01,-1,-1
99926009,2026-05-18 10:25:08+05:30,52921.6,0,0.0,0,0.0,0.0,53282.15,53308.4,52783.45,53710.35,0,0.0,0.0,0.0,0.0,-0.01,-1,-1,-0.01,-1,-1,-0.01,-1,-1,-0.01,-1,-1,-0.01,-1,-1,-0.01,-1,-1,-0.01,-1,-1,-0.01,-1,-1,-0.01,-1,-1,-0.01,-1,-1
99926009,2026-05-18 10:25:09+05:30,52919.65,0,0.0,0,0.0,0.0,53282.15,53308.4,52783.45,53710.35,0,0.0,0.0,0.0,0.0,-0.01,-1,-1,-0.01,-1,-1,-0.01,-1,-1,-0.01,-1,-1,-0.01,-1,-1,-0.01,-1,-1,-0.01,-1,-1,-0.01,-1,-1,-0.01,-1,-1,-0.01,-1,-1
99926009,2026-05-18 10:25:09+05:30,52918.3,0,0.0,0,0.0,0.0,53282.15,53308.4,52783.45,53710.35,0,0.0,0.0,0.0,0.0,-0.01,-1,-1,-0.01,-1,-1,-0.01,-1,-1,-0.01,-1,-1,-0.01,-1,-1,-0.01,-1,-1,-0.01,-1,-1,-0.01,-1,-1,-0.01,-1,-1,-0.01,-1,-1
99926009,2026-05-18 10:25:10+05:30,52919.95,0,0.0,0,0.0,0.0,53282.15,53308.4,52783.45,53710.35,0,0.0,0.0,0.0,0.0,-0.01,-1,-1,-0.01,-1,-1,-0.01,-1,-1,-0.01,-1,-1,-0.01,-1,-1,-0.01,-1,-1,-0.01,-1,-1,-0.01,-1,-1,-0.01,-1,-1,-0.01,-1,-1
99926009,2026-05-18 10:25:10+05:30,52919.7,0,0.0,0,0.0,0.0,53282.15,53308.4,52783.45,53710.35,0,0.0,0.0,0.0,0.0,-0.01,-1,-1,-0.01,-1,-1,-0.01,-1,-1,-0.01,-1,-1,-0.01,-1,-1,-0.01,-1,-1,-0.01,-1,-1,-0.01,-1,-1,-0.01,-1,-1,-0.01,-1,-1
99926009,2026-05-18 10:25:11+05:30,52918.7,0,0.0,0,0.0,0.0,53282.15,53308.4,52783.45,53710.35,0,0.0,0.0,0.0,0.0,-0.01,-1,-1,-0.01,-1,-1,-0.01,-1,-1,-0.01,-1,-1,-0.01,-1,-1,-0.01,-1,-1,-0.01,-1,-1,-0.01,-1,-1,-0.01,-1,-1,-0.01,-1,-1
99926009,2026-05-18 10:25:11+05:30,52919.15,0,0.0,0,0.0,0.0,53282.15,53308.4,52783.45,53710.35,0,0.0,0.0,0.0,0.0,-0.01,-1,-1,-0.01,-1,-1,-0.01,-1,-1,-0.01,-1,-1,-0.01,-1,-1,-0.01,-1,-1,-0.01,-1,-1,-0.01,-1,-1,-0.01,-1,-1,-0.01,-1,-1
99926009,2026-05-18 10:25:12+05:30,52919.1,0,0.0,0,0.0,0.0,53282.15,53308.4,52783.45,53710.35,0,0.0,0.0,0.0,0.0,-0.01,-1,-1,-0.01,-1,-1,-0.01,-1,-1,-0.01,-1,-1,-0.01,-1,-1,-0.01,-1,-1,-0.01,-1,-1,-0.01,-1,-1,-0.01,-1,-1,-0.01,-1,-1
99926009,2026-05-18 10:25:12+05:30,52919.8,0,0.0,0,0.0,0.0,53282.15,53308.4,52783.45,53710.35,0,0.0,0.0,0.0,0.0,-0.01,-1,-1,-0.01,-1,-1,-0.01,-1,-1,-0.01,-1,-1,-0.01,-1,-1,-0.01,-1,-1,-0.01,-1,-1,-0.01,-1,-1,-0.01,-1,-1,-0.01,-1,-1
99926009,2026-05-18 10:25:13+05:30,52917.85,0,0.0,0,0.0,0.0,53282.15,53308.4,52783.45,53710.35,0,0.0,0.0,0.0,0.0,-0.01,-1,-1,-0.01,-1,-1,-0.01,-1,-1,-0.01,-1,-1,-0.01,-1,-1,-0.01,-1,-1,-0.01,-1,-1,-0.01,-1,-1,-0.01,-1,-1,-0.01,-1,-1
99926009,2026-05-18 10:25:13+05:30,52916.05,0,0.0,0,0.0,0.0,53282.15,53308.4,52783.45,53710.35,0,0.0,0.0,0.0,0.0,-0.01,-1,-1,-0.01,-1,-1,-0.01,-1,-1,-0.01,-1,-1,-0.01,-1,-1,-0.01,-1,-1,-0.01,-1,-1,-0.01,-1,-1,-0.01,-1,-1,-0.01,-1,-1
99926009,2026-05-18 10:25:14+05:30,52919.05,0,0.0,0,0.0,0.0,53282.15,53308.4,52783.45,53710.35,0,0.0,0.0,0.0,0.0,-0.01,-1,-1,-0.01,-1,-1,-0.01,-1,-1,-0.01,-1,-1,-0.01,-1,-1,-0.01,-1,-1,-0.01,-1,-1,-0.01,-1,-1,-0.01,-1,-1,-0.01,-1,-1
99926009,2026-05-18 10:25:14+05:30,52918.35,0,0.0,0,0.0,0.0,53282.15,53308.4,52783.45,53710.35,0,0.0,0.0,0.0,0.0,-0.01,-1,-1,-0.01,-1,-1,-0.01,-1,-1,-0.01,-1,-1,-0.01,-1,-1,-0.01,-1,-1,-0.01,-1,-1,-0.01,-1,-1,-0.01,-1,-1,-0.01,-1,-1
99926009,2026-05-18 10:25:15+05:30,52916.35,0,0.0,0,0.0,0.0,53282.15,53308.4,52783.45,53710.35,0,0.0,0.0,0.0,0.0,-0.01,-1,-1,-0.01,-1,-1,-0.01,-1,-1,-0.01,-1,-1,-0.01,-1,-1,-0.01,-1,-1,-0.01,-1,-1,-0.01,-1,-1,-0.01,-1,-1,-0.01,-1,-1
99926009,2026-05-18 10:25:15+05:30,52917.7,0,0.0,0,0.0,0.0,53282.15,53308.4,52783.45,53710.35,0,0.0,0.0,0.0,0.0,-0.01,-1,-1,-0.01,-1,-1,-0.01,-1,-1,-0.01,-1,-1,-0.01,-1,-1,-0.01,-1,-1,-0.01,-1,-1,-0.01,-1,-1,-0.01,-1,-1,-0.01,-1,-1
99926009,2026-05-18 10:25:16+05:30,52916.9,0,0.0,0,0.0,0.0,53282.15,53308.4,52783.45,53710.35,0,0.0,0.0,0.0,0.0,-0.01,-1,-1,-0.01,-1,-1,-0.01,-1,-1,-0.01,-1,-1,-0.01,-1,-1,-0.01,-1,-1,-0.01,-1,-1,-0.01,-1,-1,-0.01,-1,-1,-0.01,-1,-1
99926009,2026-05-18 10:25:16+05:30,52920.55,0,0.0,0,0.0,0.0,53282.15,53308.4,52783.45,53710.35,0,0.0,0.0,0.0,0.0,-0.01,-1,-1,-0.01,-1,-1,-0.01,-1,-1,-0.01,-1,-1,-0.01,-1,-1,-0.01,-1,-1,-0.01,-1,-1,-0.01,-1,-1,-0.01,-1,-1,-0.01,-1,-1
99926009,2026-05-18 10:25:17+05:30,52916.25,0,0.0,0,0.0,0.0,53282.15,53308.4,52783.45,53710.35,0,0.0,0.0,0.0,0.0,-0.01,-1,-1,-0.01,-1,-1,-0.01,-1,-1,-0.01,-1,-1,-0.01,-1,-1,-0.01,-1,-1,-0.01,-1,-1,-0.01,-1,-1,-0.01,-1,-1,-0.01,-1,-1
99926009,2026-05-18 10:25:17+05:30,52915.95,0,0.0,0,0.0,0.0,53282.15,53308.4,52783.45,53710.35,0,0.0,0.0,0.0,0.0,-0.01,-1,-1,-0.01,-1,-1,-0.01,-1,-1,-0.01,-1,-1,-0.01,-1,-1,-0.01,-1,-1,-0.01,-1,-1,-0.01,-1,-1,-0.01,-1,-1,-0.01,-1,-1
99926009,2026-05-18 10:25:18+05:30,52916.75,0,0.0,0,0.0,0.0,53282.15,53308.4,52783.45,53710.35,0,0.0,0.0,0.0,0.0,-0.01,-1,-1,-0.01,-1,-1,-0.01,-1,-1,-0.01,-1,-1,-0.01,-1,-1,-0.01,-1,-1,-0.01,-1,-1,-0.01,-1,-1,-0.01,-1,-1,-0.01,-1,-1
99926009,2026-05-18 10:25:18+05:30,52915.75,0,0.0,0,0.0,0.0,53282.15,53308.4,52783.45,53710.35,0,0.0,0.0,0.0,0.0,-0.01,-1,-1,-0.01,-1,-1,-0.01,-1,-1,-0.01,-1,-1,-0.01,-1,-1,-0.01,-1,-1,-0.01,-1,-1,-0.01,-1,-1,-0.01,-1,-1,-0.01,-1,-1
99926009,2026-05-18 10:25:19+05:30,52912.0,0,0.0,0,0.0,0.0,53282.15,53308.4,52783.45,53710.35,0,0.0,0.0,0.0,0.0,-0.01,-1,-1,-0.01,-1,-1,-0.01,-1,-1,-0.01,-1,-1,-0.01,-1,-1,-0.01,-1,-1,-0.01,-1,-1,-0.01,-1,-1,-0.01,-1,-1,-0.01,-1,-1
99926009,2026-05-18 10:25:19+05:30,52909.0,0,0.0,0,0.0,0.0,53282.15,53308.4,52783.45,53710.35,0,0.0,0.0,0.0,0.0,-0.01,-1,-1,-0.01,-1,-1,-0.01,-1,-1,-0.01,-1,-1,-0.01,-1,-1,-0.01,-1,-1,-0.01,-1,-1,-0.01,-1,-1,-0.01,-1,-1,-0.01,-1,-1
99926009,2026-05-18 10:25:20+05:30,52910.85,0,0.0,0,0.0,0.0,53282.15,53308.4,52783.45,53710.35,0,0.0,0.0,0.0,0.0,-0.01,-1,-1,-0.01,-1,-1,-0.01,-1,-1,-0.01,-1,-1,-0.01,-1,-1,-0.01,-1,-1,-0.01,-1,-1,-0.01,-1,-1,-0.01,-1,-1,-0.01,-1,-1
99926009,2026-05-18 10:25:20+05:30,52912.85,0,0.0,0,0.0,0.0,53282.15,53308.4,52783.45,53710.35,0,0.0,0.0,0.0,0.0,-0.01,-1,-1,-0.01,-1,-1,-0.01,-1,-1,-0.01,-1,-1,-0.01,-1,-1,-0.01,-1,-1,-0.01,-1,-1,-0.01,-1,-1,-0.01,-1,-1,-0.01,-1,-1
99926009,2026-05-18 10:25:21+05:30,52909.75,0,0.0,0,0.0,0.0,53282.15,53308.4,52783.45,53710.35,0,0.0,0.0,0.0,0.0,-0.01,-1,-1,-0.01,-1,-1,-0.01,-1,-1,-0.01,-1,-1,-0.01,-1,-1,-0.01,-1,-1,-0.01,-1,-1,-0.01,-1,-1,-0.01,-1,-1,-0.01,-1,-1
99926009,2026-05-18 10:25:21+05:30,52911.8,0,0.0,0,0.0,0.0,53282.15,53308.4,52783.45,53710.35,0,0.0,0.0,0.0,0.0,-0.01,-1,-1,-0.01,-1,-1,-0.01,-1,-1,-0.01,-1,-1,-0.01,-1,-1,-0.01,-1,-1,-0.01,-1,-1,-0.01,-1,-1,-0.01,-1,-1,-0.01,-1,-1
99926009,2026-05-18 10:25:22+05:30,52910.15,0,0.0,0,0.0,0.0,53282.15,53308.4,52783.45,53710.35,0,0.0,0.0,0.0,0.0,-0.01,-1,-1,-0.01,-1,-1,-0.01,-1,-1,-0.01,-1,-1,-0.01,-1,-1,-0.01,-1,-1,-0.01,-1,-1,-0.01,-1,-1,-0.01,-1,-1,-0.01,-1,-1
99926009,2026-05-18 10:25:22+05:30,52911.75,0,0.0,0,0.0,0.0,53282.15,53308.4,52783.45,53710.35,0,0.0,0.0,0.0,0.0,-0.01,-1,-1,-0.01,-1,-1,-0.01,-1,-1,-0.01,-1,-1,-0.01,-1,-1,-0.01,-1,-1,-0.01,-1,-1,-0.01,-1,-1,-0.01,-1,-1,-0.01,-1,-1
99926009,2026-05-18 10:25:23+05:30,52912.85,0,0.0,0,0.0,0.0,53282.15,53308.4,52783.45,53710.35,0,0.0,0.0,0.0,0.0,-0.01,-1,-1,-0.01,-1,-1,-0.01,-1,-1,-0.01,-1,-1,-0.01,-1,-1,-0.01,-1,-1,-0.01,-1,-1,-0.01,-1,-1,-0.01,-1,-1,-0.01,-1,-1
99926009,2026-05-18 10:25:23+05:30,52911.7,0,0.0,0,0.0,0.0,53282.15,53308.4,52783.45,53710.35,0,0.0,0.0,0.0,0.0,-0.01,-1,-1,-0.01,-1,-1,-0.01,-1,-1,-0.01,-1,-1,-0.01,-1,-1,-0.01,-1,-1,-0.01,-1,-1,-0.01,-1,-1,-0.01,-1,-1,-0.01,-1,-1
99926009,2026-05-18 10:25:24+05:30,52910.35,0,0.0,0,0.0,0.0,53282.15,53308.4,52783.45,53710.35,0,0.0,0.0,0.0,0.0,-0.01,-1,-1,-0.01,-1,-1,-0.01,-1,-1,-0.01,-1,-1,-0.01,-1,-1,-0.01,-1,-1,-0.01,-1,-1,-0.01,-1,-1,-0.01,-1,-1,-0.01,-1,-1
99926009,2026-05-18 10:25:24+05:30,52912.5,0,0.0,0,0.0,0.0,53282.15,53308.4,52783.45,53710.35,0,0.0,0.0,0.0,0.0,-0.01,-1,-1,-0.01,-1,-1,-0.01,-1,-1,-0.01,-1,-1,-0.01,-1,-1,-0.01,-1,-1,-0.01,-1,-1,-0.01,-1,-1,-0.01,-1,-1,-0.01,-1,-1
99926009,2026-05-18 10:25:25+05:30,52915.1,0,0.0,0,0.0,0.0,53282.15,53308.4,52783.45,53710.35,0,0.0,0.0,0.0,0.0,-0.01,-1,-1,-0.01,-1,-1,-0.01,-1,-1,-0.01,-1,-1,-0.01,-1,-1,-0.01,-1,-1,-0.01,-1,-1,-0.01,-1,-1,-0.01,-1,-1,-0.01,-1,-1
99926009,2026-05-18 10:25:25+05:30,52912.4,0,0.0,0,0.0,0.0,53282.15,53308.4,52783.45,53710.35,0,0.0,0.0,0.0,0.0,-0.01,-1,-1,-0.01,-1,-1,-0.01,-1,-1,-0.01,-1,-1,-0.01,-1,-1,-0.01,-1,-1,-0.01,-1,-1,-0.01,-1,-1,-0.01,-1,-1,-0.01,-1,-1
99926009,2026-05-18 10:25:26+05:30,52913.1,0,0.0,0,0.0,0.0,53282.15,53308.4,52783.45,53710.35,0,0.0,0.0,0.0,0.0,-0.01,-1,-1,-0.01,-1,-1,-0.01,-1,-1,-0.01,-1,-1,-0.01,-1,-1,-0.01,-1,-1,-0.01,-1,-1,-0.01,-1,-1,-0.01,-1,-1,-0.01,-1,-1
99926009,2026-05-18 10:25:26+05:30,52910.85,0,0.0,0,0.0,0.0,53282.15,53308.4,52783.45,53710.35,0,0.0,0.0,0.0,0.0,-0.01,-1,-1,-0.01,-1,-1,-0.01,-1,-1,-0.01,-1,-1,-0.01,-1,-1,-0.01,-1,-1,-0.01,-1,-1,-0.01,-1,-1,-0.01,-1,-1,-0.01,-1,-1
99926009,2026-05-18 10:25:27+05:30,52913.25,0,0.0,0,0.0,0.0,53282.15,53308.4,52783.45,53710.35,0,0.0,0.0,0.0,0.0,-0.01,-1,-1,-0.01,-1,-1,-0.01,-1,-1,-0.01,-1,-1,-0.01,-1,-1,-0.01,-1,-1,-0.01,-1,-1,-0.01,-1,-1,-0.01,-1,-1,-0.01,-1,-1
99926009,2026-05-18 10:25:28+05:30,52913.3,0,0.0,0,0.0,0.0,53282.15,53308.4,52783.45,53710.35,0,0.0,0.0,0.0,0.0,-0.01,-1,-1,-0.01,-1,-1,-0.01,-1,-1,-0.01,-1,-1,-0.01,-1,-1,-0.01,-1,-1,-0.01,-1,-1,-0.01,-1,-1,-0.01,-1,-1,-0.01,-1,-1
99926009,2026-05-18 10:25:28+05:30,52910.0,0,0.0,0,0.0,0.0,53282.15,53308.4,52783.45,53710.35,0,0.0,0.0,0.0,0.0,-0.01,-1,-1,-0.01,-1,-1,-0.01,-1,-1,-0.01,-1,-1,-0.01,-1,-1,-0.01,-1,-1,-0.01,-1,-1,-0.01,-1,-1,-0.01,-1,-1,-0.01,-1,-1
99926009,2026-05-18 10:25:29+05:30,52912.05,0,0.0,0,0.0,0.0,53282.15,53308.4,52783.45,53710.35,0,0.0,0.0,0.0,0.0,-0.01,-1,-1,-0.01,-1,-1,-0.01,-1,-1,-0.01,-1,-1,-0.01,-1,-1,-0.01,-1,-1,-0.01,-1,-1,-0.01,-1,-1,-0.01,-1,-1,-0.01,-1,-1
99926009,2026-05-18 10:25:29+05:30,52913.05,0,0.0,0,0.0,0.0,53282.15,53308.4,52783.45,53710.35,0,0.0,0.0,0.0,0.0,-0.01,-1,-1,-0.01,-1,-1,-0.01,-1,-1,-0.01,-1,-1,-0.01,-1,-1,-0.01,-1,-1,-0.01,-1,-1,-0.01,-1,-1,-0.01,-1,-1,-0.01,-1,-1
99926009,2026-05-18 10:25:30+05:30,52914.6,0,0.0,0,0.0,0.0,53282.15,53308.4,52783.45,53710.35,0,0.0,0.0,0.0,0.0,-0.01,-1,-1,-0.01,-1,-1,-0.01,-1,-1,-0.01,-1,-1,-0.01,-1,-1,-0.01,-1,-1,-0.01,-1,-1,-0.01,-1,-1,-0.01,-1,-1,-0.01,-1,-1
99926009,2026-05-18 10:25:30+05:30,52913.8,0,0.0,0,0.0,0.0,53282.15,53308.4,52783.45,53710.35,0,0.0,0.0,0.0,0.0,-0.01,-1,-1,-0.01,-1,-1,-0.01,-1,-1,-0.01,-1,-1,-0.01,-1,-1,-0.01,-1,-1,-0.01,-1,-1,-0.01,-1,-1,-0.01,-1,-1,-0.01,-1,-1
99926009,2026-05-18 10:25:31+05:30,52916.85,0,0.0,0,0.0,0.0,53282.15,53308.4,52783.45,53710.35,0,0.0,0.0,0.0,0.0,-0.01,-1,-1,-0.01,-1,-1,-0.01,-1,-1,-0.01,-1,-1,-0.01,-1,-1,-0.01,-1,-1,-0.01,-1,-1,-0.01,-1,-1,-0.01,-1,-1,-0.01,-1,-1
99926009,2026-05-18 10:25:31+05:30,52915.7,0,0.0,0,0.0,0.0,53282.15,53308.4,52783.45,53710.35,0,0.0,0.0,0.0,0.0,-0.01,-1,-1,-0.01,-1,-1,-0.01,-1,-1,-0.01,-1,-1,-0.01,-1,-1,-0.01,-1,-1,-0.01,-1,-1,-0.01,-1,-1,-0.01,-1,-1,-0.01,-1,-1
99926009,2026-05-18 10:25:32+05:30,52917.8,0,0.0,0,0.0,0.0,53282.15,53308.4,52783.45,53710.35,0,0.0,0.0,0.0,0.0,-0.01,-1,-1,-0.01,-1,-1,-0.01,-1,-1,-0.01,-1,-1,-0.01,-1,-1,-0.01,-1,-1,-0.01,-1,-1,-0.01,-1,-1,-0.01,-1,-1,-0.01,-1,-1
99926009,2026-05-18 10:25:32+05:30,52915.75,0,0.0,0,0.0,0.0,53282.15,53308.4,52783.45,53710.35,0,0.0,0.0,0.0,0.0,-0.01,-1,-1,-0.01,-1,-1,-0.01,-1,-1,-0.01,-1,-1,-0.01,-1,-1,-0.01,-1,-1,-0.01,-1,-1,-0.01,-1,-1,-0.01,-1,-1,-0.01,-1,-1
99926009,2026-05-18 10:25:33+05:30,52918.7,0,0.0,0,0.0,0.0,53282.15,53308.4,52783.45,53710.35,0,0.0,0.0,0.0,0.0,-0.01,-1,-1,-0.01,-1,-1,-0.01,-1,-1,-0.01,-1,-1,-0.01,-1,-1,-0.01,-1,-1,-0.01,-1,-1,-0.01,-1,-1,-0.01,-1,-1,-0.01,-1,-1
99926009,2026-05-18 10:25:33+05:30,52918.2,0,0.0,0,0.0,0.0,53282.15,53308.4,52783.45,53710.35,0,0.0,0.0,0.0,0.0,-0.01,-1,-1,-0.01,-1,-1,-0.01,-1,-1,-0.01,-1,-1,-0.01,-1,-1,-0.01,-1,-1,-0.01,-1,-1,-0.01,-1,-1,-0.01,-1,-1,-0.01,-1,-1
99926009,2026-05-18 10:25:34+05:30,52914.5,0,0.0,0,0.0,0.0,53282.15,53308.4,52783.45,53710.35,0,0.0,0.0,0.0,0.0,-0.01,-1,-1,-0.01,-1,-1,-0.01,-1,-1,-0.01,-1,-1,-0.01,-1,-1,-0.01,-1,-1,-0.01,-1,-1,-0.01,-1,-1,-0.01,-1,-1,-0.01,-1,-1
99926009,2026-05-18 10:25:34+05:30,52915.75,0,0.0,0,0.0,0.0,53282.15,53308.4,52783.45,53710.35,0,0.0,0.0,0.0,0.0,-0.01,-1,-1,-0.01,-1,-1,-0.01,-1,-1,-0.01,-1,-1,-0.01,-1,-1,-0.01,-1,-1,-0.01,-1,-1,-0.01,-1,-1,-0.01,-1,-1,-0.01,-1,-1
99926009,2026-05-18 10:25:35+05:30,52918.5,0,0.0,0,0.0,0.0,53282.15,53308.4,52783.45,53710.35,0,0.0,0.0,0.0,0.0,-0.01,-1,-1,-0.01,-1,-1,-0.01,-1,-1,-0.01,-1,-1,-0.01,-1,-1,-0.01,-1,-1,-0.01,-1,-1,-0.01,-1,-1,-0.01,-1,-1,-0.01,-1,-1
99926009,2026-05-18 10:25:35+05:30,52917.95,0,0.0,0,0.0,0.0,53282.15,53308.4,52783.45,53710.35,0,0.0,0.0,0.0,0.0,-0.01,-1,-1,-0.01,-1,-1,-0.01,-1,-1,-0.01,-1,-1,-0.01,-1,-1,-0.01,-1,-1,-0.01,-1,-1,-0.01,-1,-1,-0.01,-1,-1,-0.01,-1,-1
99926009,2026-05-18 10:25:36+05:30,52913.25,0,0.0,0,0.0,0.0,53282.15,53308.4,52783.45,53710.35,0,0.0,0.0,0.0,0.0,-0.01,-1,-1,-0.01,-1,-1,-0.01,-1,-1,-0.01,-1,-1,-0.01,-1,-1,-0.01,-1,-1,-0.01,-1,-1,-0.01,-1,-1,-0.01,-1,-1,-0.01,-1,-1
99926009,2026-05-18 10:25:36+05:30,52916.5,0,0.0,0,0.0,0.0,53282.15,53308.4,52783.45,53710.35,0,0.0,0.0,0.0,0.0,-0.01,-1,-1,-0.01,-1,-1,-0.01,-1,-1,-0.01,-1,-1,-0.01,-1,-1,-0.01,-1,-1,-0.01,-1,-1,-0.01,-1,-1,-0.01,-1,-1,-0.01,-1,-1
99926009,2026-05-18 10:25:37+05:30,52915.45,0,0.0,0,0.0,0.0,53282.15,53308.4,52783.45,53710.35,0,0.0,0.0,0.0,0.0,-0.01,-1,-1,-0.01,-1,-1,-0.01,-1,-1,-0.01,-1,-1,-0.01,-1,-1,-0.01,-1,-1,-0.01,-1,-1,-0.01,-1,-1,-0.01,-1,-1,-0.01,-1,-1
99926009,2026-05-18 10:25:37+05:30,52915.2,0,0.0,0,0.0,0.0,53282.15,53308.4,52783.45,53710.35,0,0.0,0.0,0.0,0.0,-0.01,-1,-1,-0.01,-1,-1,-0.01,-1,-1,-0.01,-1,-1,-0.01,-1,-1,-0.01,-1,-1,-0.01,-1,-1,-0.01,-1,-1,-0.01,-1,-1,-0.01,-1,-1
99926009,2026-05-18 10:25:38+05:30,52913.95,0,0.0,0,0.0,0.0,53282.15,53308.4,52783.45,53710.35,0,0.0,0.0,0.0,0.0,-0.01,-1,-1,-0.01,-1,-1,-0.01,-1,-1,-0.01,-1,-1,-0.01,-1,-1,-0.01,-1,-1,-0.01,-1,-1,-0.01,-1,-1,-0.01,-1,-1,-0.01,-1,-1
99926009,2026-05-18 10:25:38+05:30,52915.6,0,0.0,0,0.0,0.0,53282.15,53308.4,52783.45,53710.35,0,0.0,0.0,0.0,0.0,-0.01,-1,-1,-0.01,-1,-1,-0.01,-1,-1,-0.01,-1,-1,-0.01,-1,-1,-0.01,-1,-1,-0.01,-1,-1,-0.01,-1,-1,-0.01,-1,-1,-0.01,-1,-1
99926009,2026-05-18 10:25:39+05:30,52912.8,0,0.0,0,0.0,0.0,53282.15,53308.4,52783.45,53710.35,0,0.0,0.0,0.0,0.0,-0.01,-1,-1,-0.01,-1,-1,-0.01,-1,-1,-0.01,-1,-1,-0.01,-1,-1,-0.01,-1,-1,-0.01,-1,-1,-0.01,-1,-1,-0.01,-1,-1,-0.01,-1,-1
99926009,2026-05-18 10:25:39+05:30,52916.4,0,0.0,0,0.0,0.0,53282.15,53308.4,52783.45,53710.35,0,0.0,0.0,0.0,0.0,-0.01,-1,-1,-0.01,-1,-1,-0.01,-1,-1,-0.01,-1,-1,-0.01,-1,-1,-0.01,-1,-1,-0.01,-1,-1,-0.01,-1,-1,-0.01,-1,-1,-0.01,-1,-1
99926009,2026-05-18 10:25:40+05:30,52917.55,0,0.0,0,0.0,0.0,53282.15,53308.4,52783.45,53710.35,0,0.0,0.0,0.0,0.0,-0.01,-1,-1,-0.01,-1,-1,-0.01,-1,-1,-0.01,-1,-1,-0.01,-1,-1,-0.01,-1,-1,-0.01,-1,-1,-0.01,-1,-1,-0.01,-1,-1,-0.01,-1,-1
99926009,2026-05-18 10:25:40+05:30,52916.3,0,0.0,0,0.0,0.0,53282.15,53308.4,52783.45,53710.35,0,0.0,0.0,0.0,0.0,-0.01,-1,-1,-0.01,-1,-1,-0.01,-1,-1,-0.01,-1,-1,-0.01,-1,-1,-0.01,-1,-1,-0.01,-1,-1,-0.01,-1,-1,-0.01,-1,-1,-0.01,-1,-1
99926009,2026-05-18 10:25:41+05:30,52915.35,0,0.0,0,0.0,0.0,53282.15,53308.4,52783.45,53710.35,0,0.0,0.0,0.0,0.0,-0.01,-1,-1,-0.01,-1,-1,-0.01,-1,-1,-0.01,-1,-1,-0.01,-1,-1,-0.01,-1,-1,-0.01,-1,-1,-0.01,-1,-1,-0.01,-1,-1,-0.01,-1,-1
99926009,2026-05-18 10:25:41+05:30,52917.65,0,0.0,0,0.0,0.0,53282.15,53308.4,52783.45,53710.35,0,0.0,0.0,0.0,0.0,-0.01,-1,-1,-0.01,-1,-1,-0.01,-1,-1,-0.01,-1,-1,-0.01,-1,-1,-0.01,-1,-1,-0.01,-1,-1,-0.01,-1,-1,-0.01,-1,-1,-0.01,-1,-1
99926009,2026-05-18 10:25:42+05:30,52916.2,0,0.0,0,0.0,0.0,53282.15,53308.4,52783.45,53710.35,0,0.0,0.0,0.0,0.0,-0.01,-1,-1,-0.01,-1,-1,-0.01,-1,-1,-0.01,-1,-1,-0.01,-1,-1,-0.01,-1,-1,-0.01,-1,-1,-0.01,-1,-1,-0.01,-1,-1,-0.01,-1,-1
99926009,2026-05-18 10:25:42+05:30,52915.1,0,0.0,0,0.0,0.0,53282.15,53308.4,52783.45,53710.35,0,0.0,0.0,0.0,0.0,-0.01,-1,-1,-0.01,-1,-1,-0.01,-1,-1,-0.01,-1,-1,-0.01,-1,-1,-0.01,-1,-1,-0.01,-1,-1,-0.01,-1,-1,-0.01,-1,-1,-0.01,-1,-1
99926009,2026-05-18 10:25:43+05:30,52913.6,0,0.0,0,0.0,0.0,53282.15,53308.4,52783.45,53710.35,0,0.0,0.0,0.0,0.0,-0.01,-1,-1,-0.01,-1,-1,-0.01,-1,-1,-0.01,-1,-1,-0.01,-1,-1,-0.01,-1,-1,-0.01,-1,-1,-0.01,-1,-1,-0.01,-1,-1,-0.01,-1,-1
99926009,2026-05-18 10:25:43+05:30,52913.3,0,0.0,0,0.0,0.0,53282.15,53308.4,52783.45,53710.35,0,0.0,0.0,0.0,0.0,-0.01,-1,-1,-0.01,-1,-1,-0.01,-1,-1,-0.01,-1,-1,-0.01,-1,-1,-0.01,-1,-1,-0.01,-1,-1,-0.01,-1,-1,-0.01,-1,-1,-0.01,-1,-1
99926009,2026-05-18 10:25:44+05:30,52914.95,0,0.0,0,0.0,0.0,53282.15,53308.4,52783.45,53710.35,0,0.0,0.0,0.0,0.0,-0.01,-1,-1,-0.01,-1,-1,-0.01,-1,-1,-0.01,-1,-1,-0.01,-1,-1,-0.01,-1,-1,-0.01,-1,-1,-0.01,-1,-1,-0.01,-1,-1,-0.01,-1,-1
99926009,2026-05-18 10:25:44+05:30,52912.75,0,0.0,0,0.0,0.0,53282.15,53308.4,52783.45,53710.35,0,0.0,0.0,0.0,0.0,-0.01,-1,-1,-0.01,-1,-1,-0.01,-1,-1,-0.01,-1,-1,-0.01,-1,-1,-0.01,-1,-1,-0.01,-1,-1,-0.01,-1,-1,-0.01,-1,-1,-0.01,-1,-1
99926009,2026-05-18 10:25:45+05:30,52915.35,0,0.0,0,0.0,0.0,53282.15,53308.4,52783.45,53710.35,0,0.0,0.0,0.0,0.0,-0.01,-1,-1,-0.01,-1,-1,-0.01,-1,-1,-0.01,-1,-1,-0.01,-1,-1,-0.01,-1,-1,-0.01,-1,-1,-0.01,-1,-1,-0.01,-1,-1,-0.01,-1,-1
99926009,2026-05-18 10:25:45+05:30,52913.1,0,0.0,0,0.0,0.0,53282.15,53308.4,52783.45,53710.35,0,0.0,0.0,0.0,0.0,-0.01,-1,-1,-0.01,-1,-1,-0.01,-1,-1,-0.01,-1,-1,-0.01,-1,-1,-0.01,-1,-1,-0.01,-1,-1,-0.01,-1,-1,-0.01,-1,-1,-0.01,-1,-1
99926009,2026-05-18 10:25:46+05:30,52913.9,0,0.0,0,0.0,0.0,53282.15,53308.4,52783.45,53710.35,0,0.0,0.0,0.0,0.0,-0.01,-1,-1,-0.01,-1,-1,-0.01,-1,-1,-0.01,-1,-1,-0.01,-1,-1,-0.01,-1,-1,-0.01,-1,-1,-0.01,-1,-1,-0.01,-1,-1,-0.01,-1,-1
99926009,2026-05-18 10:25:46+05:30,52913.1,0,0.0,0,0.0,0.0,53282.15,53308.4,52783.45,53710.35,0,0.0,0.0,0.0,0.0,-0.01,-1,-1,-0.01,-1,-1,-0.01,-1,-1,-0.01,-1,-1,-0.01,-1,-1,-0.01,-1,-1,-0.01,-1,-1,-0.01,-1,-1,-0.01,-1,-1,-0.01,-1,-1
99926009,2026-05-18 10:25:47+05:30,52913.3,0,0.0,0,0.0,0.0,53282.15,53308.4,52783.45,53710.35,0,0.0,0.0,0.0,0.0,-0.01,-1,-1,-0.01,-1,-1,-0.01,-1,-1,-0.01,-1,-1,-0.01,-1,-1,-0.01,-1,-1,-0.01,-1,-1,-0.01,-1,-1,-0.01,-1,-1,-0.01,-1,-1
99926009,2026-05-18 10:25:47+05:30,52912.75,0,0.0,0,0.0,0.0,53282.15,53308.4,52783.45,53710.35,0,0.0,0.0,0.0,0.0,-0.01,-1,-1,-0.01,-1,-1,-0.01,-1,-1,-0.01,-1,-1,-0.01,-1,-1,-0.01,-1,-1,-0.01,-1,-1,-0.01,-1,-1,-0.01,-1,-1,-0.01,-1,-1
99926009,2026-05-18 10:25:48+05:30,52910.45,0,0.0,0,0.0,0.0,53282.15,53308.4,52783.45,53710.35,0,0.0,0.0,0.0,0.0,-0.01,-1,-1,-0.01,-1,-1,-0.01,-1,-1,-0.01,-1,-1,-0.01,-1,-1,-0.01,-1,-1,-0.01,-1,-1,-0.01,-1,-1,-0.01,-1,-1,-0.01,-1,-1
99926009,2026-05-18 10:25:48+05:30,52917.6,0,0.0,0,0.0,0.0,53282.15,53308.4,52783.45,53710.35,0,0.0,0.0,0.0,0.0,-0.01,-1,-1,-0.01,-1,-1,-0.01,-1,-1,-0.01,-1,-1,-0.01,-1,-1,-0.01,-1,-1,-0.01,-1,-1,-0.01,-1,-1,-0.01,-1,-1,-0.01,-1,-1
99926009,2026-05-18 10:25:49+05:30,52918.15,0,0.0,0,0.0,0.0,53282.15,53308.4,52783.45,53710.35,0,0.0,0.0,0.0,0.0,-0.01,-1,-1,-0.01,-1,-1,-0.01,-1,-1,-0.01,-1,-1,-0.01,-1,-1,-0.01,-1,-1,-0.01,-1,-1,-0.01,-1,-1,-0.01,-1,-1,-0.01,-1,-1
99926009,2026-05-18 10:25:49+05:30,52916.8,0,0.0,0,0.0,0.0,53282.15,53308.4,52783.45,53710.35,0,0.0,0.0,0.0,0.0,-0.01,-1,-1,-0.01,-1,-1,-0.01,-1,-1,-0.01,-1,-1,-0.01,-1,-1,-0.01,-1,-1,-0.01,-1,-1,-0.01,-1,-1,-0.01,-1,-1,-0.01,-1,-1
99926009,2026-05-18 10:25:50+05:30,52915.65,0,0.0,0,0.0,0.0,53282.15,53308.4,52783.45,53710.35,0,0.0,0.0,0.0,0.0,-0.01,-1,-1,-0.01,-1,-1,-0.01,-1,-1,-0.01,-1,-1,-0.01,-1,-1,-0.01,-1,-1,-0.01,-1,-1,-0.01,-1,-1,-0.01,-1,-1,-0.01,-1,-1
99926009,2026-05-18 10:25:50+05:30,52916.55,0,0.0,0,0.0,0.0,53282.15,53308.4,52783.45,53710.35,0,0.0,0.0,0.0,0.0,-0.01,-1,-1,-0.01,-1,-1,-0.01,-1,-1,-0.01,-1,-1,-0.01,-1,-1,-0.01,-1,-1,-0.01,-1,-1,-0.01,-1,-1,-0.01,-1,-1,-0.01,-1,-1
99926009,2026-05-18 10:25:51+05:30,52915.25,0,0.0,0,0.0,0.0,53282.15,53308.4,52783.45,53710.35,0,0.0,0.0,0.0,0.0,-0.01,-1,-1,-0.01,-1,-1,-0.01,-1,-1,-0.01,-1,-1,-0.01,-1,-1,-0.01,-1,-1,-0.01,-1,-1,-0.01,-1,-1,-0.01,-1,-1,-0.01,-1,-1
99926009,2026-05-18 10:25:51+05:30,52918.15,0,0.0,0,0.0,0.0,53282.15,53308.4,52783.45,53710.35,0,0.0,0.0,0.0,0.0,-0.01,-1,-1,-0.01,-1,-1,-0.01,-1,-1,-0.01,-1,-1,-0.01,-1,-1,-0.01,-1,-1,-0.01,-1,-1,-0.01,-1,-1,-0.01,-1,-1,-0.01,-1,-1
99926009,2026-05-18 10:25:52+05:30,52917.75,0,0.0,0,0.0,0.0,53282.15,53308.4,52783.45,53710.35,0,0.0,0.0,0.0,0.0,-0.01,-1,-1,-0.01,-1,-1,-0.01,-1,-1,-0.01,-1,-1,-0.01,-1,-1,-0.01,-1,-1,-0.01,-1,-1,-0.01,-1,-1,-0.01,-1,-1,-0.01,-1,-1
99926009,2026-05-18 10:25:52+05:30,52916.7,0,0.0,0,0.0,0.0,53282.15,53308.4,52783.45,53710.35,0,0.0,0.0,0.0,0.0,-0.01,-1,-1,-0.01,-1,-1,-0.01,-1,-1,-0.01,-1,-1,-0.01,-1,-1,-0.01,-1,-1,-0.01,-1,-1,-0.01,-1,-1,-0.01,-1,-1,-0.01,-1,-1
99926009,2026-05-18 10:25:53+05:30,52916.7,0,0.0,0,0.0,0.0,53282.15,53308.4,52783.45,53710.35,0,0.0,0.0,0.0,0.0,-0.01,-1,-1,-0.01,-1,-1,-0.01,-1,-1,-0.01,-1,-1,-0.01,-1,-1,-0.01,-1,-1,-0.01,-1,-1,-0.01,-1,-1,-0.01,-1,-1,-0.01,-1,-1
99926009,2026-05-18 10:25:53+05:30,52916.3,0,0.0,0,0.0,0.0,53282.15,53308.4,52783.45,53710.35,0,0.0,0.0,0.0,0.0,-0.01,-1,-1,-0.01,-1,-1,-0.01,-1,-1,-0.01,-1,-1,-0.01,-1,-1,-0.01,-1,-1,-0.01,-1,-1,-0.01,-1,-1,-0.01,-1,-1,-0.01,-1,-1
99926009,2026-05-18 10:25:54+05:30,52916.5,0,0.0,0,0.0,0.0,53282.15,53308.4,52783.45,53710.35,0,0.0,0.0,0.0,0.0,-0.01,-1,-1,-0.01,-1,-1,-0.01,-1,-1,-0.01,-1,-1,-0.01,-1,-1,-0.01,-1,-1,-0.01,-1,-1,-0.01,-1,-1,-0.01,-1,-1,-0.01,-1,-1
99926009,2026-05-18 10:25:54+05:30,52913.95,0,0.0,0,0.0,0.0,53282.15,53308.4,52783.45,53710.35,0,0.0,0.0,0.0,0.0,-0.01,-1,-1,-0.01,-1,-1,-0.01,-1,-1,-0.01,-1,-1,-0.01,-1,-1,-0.01,-1,-1,-0.01,-1,-1,-0.01,-1,-1,-0.01,-1,-1,-0.01,-1,-1
99926009,2026-05-18 10:25:55+05:30,52917.85,0,0.0,0,0.0,0.0,53282.15,53308.4,52783.45,53710.35,0,0.0,0.0,0.0,0.0,-0.01,-1,-1,-0.01,-1,-1,-0.01,-1,-1,-0.01,-1,-1,-0.01,-1,-1,-0.01,-1,-1,-0.01,-1,-1,-0.01,-1,-1,-0.01,-1,-1,-0.01,-1,-1
99926009,2026-05-18 10:25:55+05:30,52916.25,0,0.0,0,0.0,0.0,53282.15,53308.4,52783.45,53710.35,0,0.0,0.0,0.0,0.0,-0.01,-1,-1,-0.01,-1,-1,-0.01,-1,-1,-0.01,-1,-1,-0.01,-1,-1,-0.01,-1,-1,-0.01,-1,-1,-0.01,-1,-1,-0.01,-1,-1,-0.01,-1,-1
99926009,2026-05-18 10:25:56+05:30,52914.1,0,0.0,0,0.0,0.0,53282.15,53308.4,52783.45,53710.35,0,0.0,0.0,0.0,0.0,-0.01,-1,-1,-0.01,-1,-1,-0.01,-1,-1,-0.01,-1,-1,-0.01,-1,-1,-0.01,-1,-1,-0.01,-1,-1,-0.01,-1,-1,-0.01,-1,-1,-0.01,-1,-1
99926009,2026-05-18 10:25:56+05:30,52918.95,0,0.0,0,0.0,0.0,53282.15,53308.4,52783.45,53710.35,0,0.0,0.0,0.0,0.0,-0.01,-1,-1,-0.01,-1,-1,-0.01,-1,-1,-0.01,-1,-1,-0.01,-1,-1,-0.01,-1,-1,-0.01,-1,-1,-0.01,-1,-1,-0.01,-1,-1,-0.01,-1,-1
99926009,2026-05-18 10:25:57+05:30,52915.7,0,0.0,0,0.0,0.0,53282.15,53308.4,52783.45,53710.35,0,0.0,0.0,0.0,0.0,-0.01,-1,-1,-0.01,-1,-1,-0.01,-1,-1,-0.01,-1,-1,-0.01,-1,-1,-0.01,-1,-1,-0.01,-1,-1,-0.01,-1,-1,-0.01,-1,-1,-0.01,-1,-1
99926009,2026-05-18 10:25:57+05:30,52917.15,0,0.0,0,0.0,0.0,53282.15,53308.4,52783.45,53710.35,0,0.0,0.0,0.0,0.0,-0.01,-1,-1,-0.01,-1,-1,-0.01,-1,-1,-0.01,-1,-1,-0.01,-1,-1,-0.01,-1,-1,-0.01,-1,-1,-0.01,-1,-1,-0.01,-1,-1,-0.01,-1,-1
99926009,2026-05-18 10:25:58+05:30,52917.1,0,0.0,0,0.0,0.0,53282.15,53308.4,52783.45,53710.35,0,0.0,0.0,0.0,0.0,-0.01,-1,-1,-0.01,-1,-1,-0.01,-1,-1,-0.01,-1,-1,-0.01,-1,-1,-0.01,-1,-1,-0.01,-1,-1,-0.01,-1,-1,-0.01,-1,-1,-0.01,-1,-1
99926009,2026-05-18 10:25:58+05:30,52917.85,0,0.0,0,0.0,0.0,53282.15,53308.4,52783.45,53710.35,0,0.0,0.0,0.0,0.0,-0.01,-1,-1,-0.01,-1,-1,-0.01,-1,-1,-0.01,-1,-1,-0.01,-1,-1,-0.01,-1,-1,-0.01,-1,-1,-0.01,-1,-1,-0.01,-1,-1,-0.01,-1,-1
99926009,2026-05-18 10:25:59+05:30,52915.15,0,0.0,0,0.0,0.0,53282.15,53308.4,52783.45,53710.35,0,0.0,0.0,0.0,0.0,-0.01,-1,-1,-0.01,-1,-1,-0.01,-1,-1,-0.01,-1,-1,-0.01,-1,-1,-0.01,-1,-1,-0.01,-1,-1,-0.01,-1,-1,-0.01,-1,-1,-0.01,-1,-1
99926009,2026-05-18 10:25:59+05:30,52916.05,0,0.0,0,0.0,0.0,53282.15,53308.4,52783.45,53710.35,0,0.0,0.0,0.0,0.0,-0.01,-1,-1,-0.01,-1,-1,-0.01,-1,-1,-0.01,-1,-1,-0.01,-1,-1,-0.01,-1,-1,-0.01,-1,-1,-0.01,-1,-1,-0.01,-1,-1,-0.01,-1,-1
99926009,2026-05-18 10:26:00+05:30,52916.8,0,0.0,0,0.0,0.0,53282.15,53308.4,52783.45,53710.35,0,0.0,0.0,0.0,0.0,-0.01,-1,-1,-0.01,-1,-1,-0.01,-1,-1,-0.01,-1,-1,-0.01,-1,-1,-0.01,-1,-1,-0.01,-1,-1,-0.01,-1,-1,-0.01,-1,-1,-0.01,-1,-1
99926009,2026-05-18 10:26:00+05:30,52915.5,0,0.0,0,0.0,0.0,53282.15,53308.4,52783.45,53710.35,0,0.0,0.0,0.0,0.0,-0.01,-1,-1,-0.01,-1,-1,-0.01,-1,-1,-0.01,-1,-1,-0.01,-1,-1,-0.01,-1,-1,-0.01,-1,-1,-0.01,-1,-1,-0.01,-1,-1,-0.01,-1,-1
99926009,2026-05-18 10:26:01+05:30,52915.25,0,0.0,0,0.0,0.0,53282.15,53308.4,52783.45,53710.35,0,0.0,0.0,0.0,0.0,-0.01,-1,-1,-0.01,-1,-1,-0.01,-1,-1,-0.01,-1,-1,-0.01,-1,-1,-0.01,-1,-1,-0.01,-1,-1,-0.01,-1,-1,-0.01,-1,-1,-0.01,-1,-1
99926009,2026-05-18 10:26:01+05:30,52912.8,0,0.0,0,0.0,0.0,53282.15,53308.4,52783.45,53710.35,0,0.0,0.0,0.0,0.0,-0.01,-1,-1,-0.01,-1,-1,-0.01,-1,-1,-0.01,-1,-1,-0.01,-1,-1,-0.01,-1,-1,-0.01,-1,-1,-0.01,-1,-1,-0.01,-1,-1,-0.01,-1,-1
99926009,2026-05-18 10:26:02+05:30,52916.65,0,0.0,0,0.0,0.0,53282.15,53308.4,52783.45,53710.35,0,0.0,0.0,0.0,0.0,-0.01,-1,-1,-0.01,-1,-1,-0.01,-1,-1,-0.01,-1,-1,-0.01,-1,-1,-0.01,-1,-1,-0.01,-1,-1,-0.01,-1,-1,-0.01,-1,-1,-0.01,-1,-1
99926009,2026-05-18 10:26:02+05:30,52916.15,0,0.0,0,0.0,0.0,53282.15,53308.4,52783.45,53710.35,0,0.0,0.0,0.0,0.0,-0.01,-1,-1,-0.01,-1,-1,-0.01,-1,-1,-0.01,-1,-1,-0.01,-1,-1,-0.01,-1,-1,-0.01,-1,-1,-0.01,-1,-1,-0.01,-1,-1,-0.01,-1,-1
99926009,2026-05-18 10:26:03+05:30,52914.15,0,0.0,0,0.0,0.0,53282.15,53308.4,52783.45,53710.35,0,0.0,0.0,0.0,0.0,-0.01,-1,-1,-0.01,-1,-1,-0.01,-1,-1,-0.01,-1,-1,-0.01,-1,-1,-0.01,-1,-1,-0.01,-1,-1,-0.01,-1,-1,-0.01,-1,-1,-0.01,-1,-1
99926009,2026-05-18 10:26:03+05:30,52912.9,0,0.0,0,0.0,0.0,53282.15,53308.4,52783.45,53710.35,0,0.0,0.0,0.0,0.0,-0.01,-1,-1,-0.01,-1,-1,-0.01,-1,-1,-0.01,-1,-1,-0.01,-1,-1,-0.01,-1,-1,-0.01,-1,-1,-0.01,-1,-1,-0.01,-1,-1,-0.01,-1,-1
99926009,2026-05-18 10:26:04+05:30,52915.0,0,0.0,0,0.0,0.0,53282.15,53308.4,52783.45,53710.35,0,0.0,0.0,0.0,0.0,-0.01,-1,-1,-0.01,-1,-1,-0.01,-1,-1,-0.01,-1,-1,-0.01,-1,-1,-0.01,-1,-1,-0.01,-1,-1,-0.01,-1,-1,-0.01,-1,-1,-0.01,-1,-1
99926009,2026-05-18 10:26:04+05:30,52912.9,0,0.0,0,0.0,0.0,53282.15,53308.4,52783.45,53710.35,0,0.0,0.0,0.0,0.0,-0.01,-1,-1,-0.01,-1,-1,-0.01,-1,-1,-0.01,-1,-1,-0.01,-1,-1,-0.01,-1,-1,-0.01,-1,-1,-0.01,-1,-1,-0.01,-1,-1,-0.01,-1,-1
99926009,2026-05-18 10:26:05+05:30,52914.9,0,0.0,0,0.0,0.0,53282.15,53308.4,52783.45,53710.35,0,0.0,0.0,0.0,0.0,-0.01,-1,-1,-0.01,-1,-1,-0.01,-1,-1,-0.01,-1,-1,-0.01,-1,-1,-0.01,-1,-1,-0.01,-1,-1,-0.01,-1,-1,-0.01,-1,-1,-0.01,-1,-1
99926009,2026-05-18 10:26:05+05:30,52911.95,0,0.0,0,0.0,0.0,53282.15,53308.4,52783.45,53710.35,0,0.0,0.0,0.0,0.0,-0.01,-1,-1,-0.01,-1,-1,-0.01,-1,-1,-0.01,-1,-1,-0.01,-1,-1,-0.01,-1,-1,-0.01,-1,-1,-0.01,-1,-1,-0.01,-1,-1,-0.01,-1,-1
99926009,2026-05-18 10:26:06+05:30,52911.3,0,0.0,0,0.0,0.0,53282.15,53308.4,52783.45,53710.35,0,0.0,0.0,0.0,0.0,-0.01,-1,-1,-0.01,-1,-1,-0.01,-1,-1,-0.01,-1,-1,-0.01,-1,-1,-0.01,-1,-1,-0.01,-1,-1,-0.01,-1,-1,-0.01,-1,-1,-0.01,-1,-1
99926009,2026-05-18 10:26:06+05:30,52913.1,0,0.0,0,0.0,0.0,53282.15,53308.4,52783.45,53710.35,0,0.0,0.0,0.0,0.0,-0.01,-1,-1,-0.01,-1,-1,-0.01,-1,-1,-0.01,-1,-1,-0.01,-1,-1,-0.01,-1,-1,-0.01,-1,-1,-0.01,-1,-1,-0.01,-1,-1,-0.01,-1,-1
99926009,2026-05-18 10:26:07+05:30,52912.5,0,0.0,0,0.0,0.0,53282.15,53308.4,52783.45,53710.35,0,0.0,0.0,0.0,0.0,-0.01,-1,-1,-0.01,-1,-1,-0.01,-1,-1,-0.01,-1,-1,-0.01,-1,-1,-0.01,-1,-1,-0.01,-1,-1,-0.01,-1,-1,-0.01,-1,-1,-0.01,-1,-1
99926009,2026-05-18 10:26:07+05:30,52911.4,0,0.0,0,0.0,0.0,53282.15,53308.4,52783.45,53710.35,0,0.0,0.0,0.0,0.0,-0.01,-1,-1,-0.01,-1,-1,-0.01,-1,-1,-0.01,-1,-1,-0.01,-1,-1,-0.01,-1,-1,-0.01,-1,-1,-0.01,-1,-1,-0.01,-1,-1,-0.01,-1,-1
99926009,2026-05-18 10:26:08+05:30,52908.8,0,0.0,0,0.0,0.0,53282.15,53308.4,52783.45,53710.35,0,0.0,0.0,0.0,0.0,-0.01,-1,-1,-0.01,-1,-1,-0.01,-1,-1,-0.01,-1,-1,-0.01,-1,-1,-0.01,-1,-1,-0.01,-1,-1,-0.01,-1,-1,-0.01,-1,-1,-0.01,-1,-1
99926009,2026-05-18 10:26:08+05:30,52911.4,0,0.0,0,0.0,0.0,53282.15,53308.4,52783.45,53710.35,0,0.0,0.0,0.0,0.0,-0.01,-1,-1,-0.01,-1,-1,-0.01,-1,-1,-0.01,-1,-1,-0.01,-1,-1,-0.01,-1,-1,-0.01,-1,-1,-0.01,-1,-1,-0.01,-1,-1,-0.01,-1,-1
99926009,2026-05-18 10:26:09+05:30,52914.6,0,0.0,0,0.0,0.0,53282.15,53308.4,52783.45,53710.35,0,0.0,0.0,0.0,0.0,-0.01,-1,-1,-0.01,-1,-1,-0.01,-1,-1,-0.01,-1,-1,-0.01,-1,-1,-0.01,-1,-1,-0.01,-1,-1,-0.01,-1,-1,-0.01,-1,-1,-0.01,-1,-1
99926009,2026-05-18 10:26:09+05:30,52916.85,0,0.0,0,0.0,0.0,53282.15,53308.4,52783.45,53710.35,0,0.0,0.0,0.0,0.0,-0.01,-1,-1,-0.01,-1,-1,-0.01,-1,-1,-0.01,-1,-1,-0.01,-1,-1,-0.01,-1,-1,-0.01,-1,-1,-0.01,-1,-1,-0.01,-1,-1,-0.01,-1,-1
99926009,2026-05-18 10:26:10+05:30,52918.7,0,0.0,0,0.0,0.0,53282.15,53308.4,52783.45,53710.35,0,0.0,0.0,0.0,0.0,-0.01,-1,-1,-0.01,-1,-1,-0.01,-1,-1,-0.01,-1,-1,-0.01,-1,-1,-0.01,-1,-1,-0.01,-1,-1,-0.01,-1,-1,-0.01,-1,-1,-0.01,-1,-1
99926009,2026-05-18 10:26:10+05:30,52916.4,0,0.0,0,0.0,0.0,53282.15,53308.4,52783.45,53710.35,0,0.0,0.0,0.0,0.0,-0.01,-1,-1,-0.01,-1,-1,-0.01,-1,-1,-0.01,-1,-1,-0.01,-1,-1,-0.01,-1,-1,-0.01,-1,-1,-0.01,-1,-1,-0.01,-1,-1,-0.01,-1,-1
99926009,2026-05-18 10:26:11+05:30,52917.4,0,0.0,0,0.0,0.0,53282.15,53308.4,52783.45,53710.35,0,0.0,0.0,0.0,0.0,-0.01,-1,-1,-0.01,-1,-1,-0.01,-1,-1,-0.01,-1,-1,-0.01,-1,-1,-0.01,-1,-1,-0.01,-1,-1,-0.01,-1,-1,-0.01,-1,-1,-0.01,-1,-1
99926009,2026-05-18 10:26:11+05:30,52913.55,0,0.0,0,0.0,0.0,53282.15,53308.4,52783.45,53710.35,0,0.0,0.0,0.0,0.0,-0.01,-1,-1,-0.01,-1,-1,-0.01,-1,-1,-0.01,-1,-1,-0.01,-1,-1,-0.01,-1,-1,-0.01,-1,-1,-0.01,-1,-1,-0.01,-1,-1,-0.01,-1,-1
99926009,2026-05-18 10:26:12+05:30,52912.5,0,0.0,0,0.0,0.0,53282.15,53308.4,52783.45,53710.35,0,0.0,0.0,0.0,0.0,-0.01,-1,-1,-0.01,-1,-1,-0.01,-1,-1,-0.01,-1,-1,-0.01,-1,-1,-0.01,-1,-1,-0.01,-1,-1,-0.01,-1,-1,-0.01,-1,-1,-0.01,-1,-1
99926009,2026-05-18 10:26:12+05:30,52910.3,0,0.0,0,0.0,0.0,53282.15,53308.4,52783.45,53710.35,0,0.0,0.0,0.0,0.0,-0.01,-1,-1,-0.01,-1,-1,-0.01,-1,-1,-0.01,-1,-1,-0.01,-1,-1,-0.01,-1,-1,-0.01,-1,-1,-0.01,-1,-1,-0.01,-1,-1,-0.01,-1,-1
99926009,2026-05-18 10:26:13+05:30,52907.85,0,0.0,0,0.0,0.0,53282.15,53308.4,52783.45,53710.35,0,0.0,0.0,0.0,0.0,-0.01,-1,-1,-0.01,-1,-1,-0.01,-1,-1,-0.01,-1,-1,-0.01,-1,-1,-0.01,-1,-1,-0.01,-1,-1,-0.01,-1,-1,-0.01,-1,-1,-0.01,-1,-1
99926009,2026-05-18 10:26:13+05:30,52909.25,0,0.0,0,0.0,0.0,53282.15,53308.4,52783.45,53710.35,0,0.0,0.0,0.0,0.0,-0.01,-1,-1,-0.01,-1,-1,-0.01,-1,-1,-0.01,-1,-1,-0.01,-1,-1,-0.01,-1,-1,-0.01,-1,-1,-0.01,-1,-1,-0.01,-1,-1,-0.01,-1,-1
99926009,2026-05-18 10:26:14+05:30,52909.6,0,0.0,0,0.0,0.0,53282.15,53308.4,52783.45,53710.35,0,0.0,0.0,0.0,0.0,-0.01,-1,-1,-0.01,-1,-1,-0.01,-1,-1,-0.01,-1,-1,-0.01,-1,-1,-0.01,-1,-1,-0.01,-1,-1,-0.01,-1,-1,-0.01,-1,-1,-0.01,-1,-1
99926009,2026-05-18 10:26:14+05:30,52910.15,0,0.0,0,0.0,0.0,53282.15,53308.4,52783.45,53710.35,0,0.0,0.0,0.0,0.0,-0.01,-1,-1,-0.01,-1,-1,-0.01,-1,-1,-0.01,-1,-1,-0.01,-1,-1,-0.01,-1,-1,-0.01,-1,-1,-0.01,-1,-1,-0.01,-1,-1,-0.01,-1,-1
99926009,2026-05-18 10:26:15+05:30,52908.5,0,0.0,0,0.0,0.0,53282.15,53308.4,52783.45,53710.35,0,0.0,0.0,0.0,0.0,-0.01,-1,-1,-0.01,-1,-1,-0.01,-1,-1,-0.01,-1,-1,-0.01,-1,-1,-0.01,-1,-1,-0.01,-1,-1,-0.01,-1,-1,-0.01,-1,-1,-0.01,-1,-1
99926009,2026-05-18 10:26:15+05:30,52909.4,0,0.0,0,0.0,0.0,53282.15,53308.4,52783.45,53710.35,0,0.0,0.0,0.0,0.0,-0.01,-1,-1,-0.01,-1,-1,-0.01,-1,-1,-0.01,-1,-1,-0.01,-1,-1,-0.01,-1,-1,-0.01,-1,-1,-0.01,-1,-1,-0.01,-1,-1,-0.01,-1,-1
99926009,2026-05-18 10:26:16+05:30,52910.55,0,0.0,0,0.0,0.0,53282.15,53308.4,52783.45,53710.35,0,0.0,0.0,0.0,0.0,-0.01,-1,-1,-0.01,-1,-1,-0.01,-1,-1,-0.01,-1,-1,-0.01,-1,-1,-0.01,-1,-1,-0.01,-1,-1,-0.01,-1,-1,-0.01,-1,-1,-0.01,-1,-1
99926009,2026-05-18 10:26:16+05:30,52907.75,0,0.0,0,0.0,0.0,53282.15,53308.4,52783.45,53710.35,0,0.0,0.0,0.0,0.0,-0.01,-1,-1,-0.01,-1,-1,-0.01,-1,-1,-0.01,-1,-1,-0.01,-1,-1,-0.01,-1,-1,-0.01,-1,-1,-0.01,-1,-1,-0.01,-1,-1,-0.01,-1,-1
99926009,2026-05-18 10:26:17+05:30,52908.4,0,0.0,0,0.0,0.0,53282.15,53308.4,52783.45,53710.35,0,0.0,0.0,0.0,0.0,-0.01,-1,-1,-0.01,-1,-1,-0.01,-1,-1,-0.01,-1,-1,-0.01,-1,-1,-0.01,-1,-1,-0.01,-1,-1,-0.01,-1,-1,-0.01,-1,-1,-0.01,-1,-1
99926009,2026-05-18 10:26:17+05:30,52911.15,0,0.0,0,0.0,0.0,53282.15,53308.4,52783.45,53710.35,0,0.0,0.0,0.0,0.0,-0.01,-1,-1,-0.01,-1,-1,-0.01,-1,-1,-0.01,-1,-1,-0.01,-1,-1,-0.01,-1,-1,-0.01,-1,-1,-0.01,-1,-1,-0.01,-1,-1,-0.01,-1,-1
99926009,2026-05-18 10:26:18+05:30,52910.85,0,0.0,0,0.0,0.0,53282.15,53308.4,52783.45,53710.35,0,0.0,0.0,0.0,0.0,-0.01,-1,-1,-0.01,-1,-1,-0.01,-1,-1,-0.01,-1,-1,-0.01,-1,-1,-0.01,-1,-1,-0.01,-1,-1,-0.01,-1,-1,-0.01,-1,-1,-0.01,-1,-1
99926009,2026-05-18 10:26:18+05:30,52910.2,0,0.0,0,0.0,0.0,53282.15,53308.4,52783.45,53710.35,0,0.0,0.0,0.0,0.0,-0.01,-1,-1,-0.01,-1,-1,-0.01,-1,-1,-0.01,-1,-1,-0.01,-1,-1,-0.01,-1,-1,-0.01,-1,-1,-0.01,-1,-1,-0.01,-1,-1,-0.01,-1,-1
99926009,2026-05-18 10:26:19+05:30,52910.95,0,0.0,0,0.0,0.0,53282.15,53308.4,52783.45,53710.35,0,0.0,0.0,0.0,0.0,-0.01,-1,-1,-0.01,-1,-1,-0.01,-1,-1,-0.01,-1,-1,-0.01,-1,-1,-0.01,-1,-1,-0.01,-1,-1,-0.01,-1,-1,-0.01,-1,-1,-0.01,-1,-1
99926009,2026-05-18 10:26:19+05:30,52910.85,0,0.0,0,0.0,0.0,53282.15,53308.4,52783.45,53710.35,0,0.0,0.0,0.0,0.0,-0.01,-1,-1,-0.01,-1,-1,-0.01,-1,-1,-0.01,-1,-1,-0.01,-1,-1,-0.01,-1,-1,-0.01,-1,-1,-0.01,-1,-1,-0.01,-1,-1,-0.01,-1,-1
99926009,2026-05-18 10:26:20+05:30,52910.7,0,0.0,0,0.0,0.0,53282.15,53308.4,52783.45,53710.35,0,0.0,0.0,0.0,0.0,-0.01,-1,-1,-0.01,-1,-1,-0.01,-1,-1,-0.01,-1,-1,-0.01,-1,-1,-0.01,-1,-1,-0.01,-1,-1,-0.01,-1,-1,-0.01,-1,-1,-0.01,-1,-1
99926009,2026-05-18 10:26:20+05:30,52908.25,0,0.0,0,0.0,0.0,53282.15,53308.4,52783.45,53710.35,0,0.0,0.0,0.0,0.0,-0.01,-1,-1,-0.01,-1,-1,-0.01,-1,-1,-0.01,-1,-1,-0.01,-1,-1,-0.01,-1,-1,-0.01,-1,-1,-0.01,-1,-1,-0.01,-1,-1,-0.01,-1,-1
99926009,2026-05-18 10:26:21+05:30,52908.2,0,0.0,0,0.0,0.0,53282.15,53308.4,52783.45,53710.35,0,0.0,0.0,0.0,0.0,-0.01,-1,-1,-0.01,-1,-1,-0.01,-1,-1,-0.01,-1,-1,-0.01,-1,-1,-0.01,-1,-1,-0.01,-1,-1,-0.01,-1,-1,-0.01,-1,-1,-0.01,-1,-1
99926009,2026-05-18 10:26:21+05:30,52909.4,0,0.0,0,0.0,0.0,53282.15,53308.4,52783.45,53710.35,0,0.0,0.0,0.0,0.0,-0.01,-1,-1,-0.01,-1,-1,-0.01,-1,-1,-0.01,-1,-1,-0.01,-1,-1,-0.01,-1,-1,-0.01,-1,-1,-0.01,-1,-1,-0.01,-1,-1,-0.01,-1,-1
99926009,2026-05-18 10:26:22+05:30,52908.05,0,0.0,0,0.0,0.0,53282.15,53308.4,52783.45,53710.35,0,0.0,0.0,0.0,0.0,-0.01,-1,-1,-0.01,-1,-1,-0.01,-1,-1,-0.01,-1,-1,-0.01,-1,-1,-0.01,-1,-1,-0.01,-1,-1,-0.01,-1,-1,-0.01,-1,-1,-0.01,-1,-1
99926009,2026-05-18 10:26:22+05:30,52909.45,0,0.0,0,0.0,0.0,53282.15,53308.4,52783.45,53710.35,0,0.0,0.0,0.0,0.0,-0.01,-1,-1,-0.01,-1,-1,-0.01,-1,-1,-0.01,-1,-1,-0.01,-1,-1,-0.01,-1,-1,-0.01,-1,-1,-0.01,-1,-1,-0.01,-1,-1,-0.01,-1,-1
99926009,2026-05-18 10:26:23+05:30,52908.9,0,0.0,0,0.0,0.0,53282.15,53308.4,52783.45,53710.35,0,0.0,0.0,0.0,0.0,-0.01,-1,-1,-0.01,-1,-1,-0.01,-1,-1,-0.01,-1,-1,-0.01,-1,-1,-0.01,-1,-1,-0.01,-1,-1,-0.01,-1,-1,-0.01,-1,-1,-0.01,-1,-1
99926009,2026-05-18 10:26:23+05:30,52908.0,0,0.0,0,0.0,0.0,53282.15,53308.4,52783.45,53710.35,0,0.0,0.0,0.0,0.0,-0.01,-1,-1,-0.01,-1,-1,-0.01,-1,-1,-0.01,-1,-1,-0.01,-1,-1,-0.01,-1,-1,-0.01,-1,-1,-0.01,-1,-1,-0.01,-1,-1,-0.01,-1,-1
99926009,2026-05-18 10:26:24+05:30,52905.25,0,0.0,0,0.0,0.0,53282.15,53308.4,52783.45,53710.35,0,0.0,0.0,0.0,0.0,-0.01,-1,-1,-0.01,-1,-1,-0.01,-1,-1,-0.01,-1,-1,-0.01,-1,-1,-0.01,-1,-1,-0.01,-1,-1,-0.01,-1,-1,-0.01,-1,-1,-0.01,-1,-1
99926009,2026-05-18 10:26:24+05:30,52902.95,0,0.0,0,0.0,0.0,53282.15,53308.4,52783.45,53710.35,0,0.0,0.0,0.0,0.0,-0.01,-1,-1,-0.01,-1,-1,-0.01,-1,-1,-0.01,-1,-1,-0.01,-1,-1,-0.01,-1,-1,-0.01,-1,-1,-0.01,-1,-1,-0.01,-1,-1,-0.01,-1,-1
99926009,2026-05-18 10:26:25+05:30,52905.75,0,0.0,0,0.0,0.0,53282.15,53308.4,52783.45,53710.35,0,0.0,0.0,0.0,0.0,-0.01,-1,-1,-0.01,-1,-1,-0.01,-1,-1,-0.01,-1,-1,-0.01,-1,-1,-0.01,-1,-1,-0.01,-1,-1,-0.01,-1,-1,-0.01,-1,-1,-0.01,-1,-1
99926009,2026-05-18 10:26:25+05:30,52904.55,0,0.0,0,0.0,0.0,53282.15,53308.4,52783.45,53710.35,0,0.0,0.0,0.0,0.0,-0.01,-1,-1,-0.01,-1,-1,-0.01,-1,-1,-0.01,-1,-1,-0.01,-1,-1,-0.01,-1,-1,-0.01,-1,-1,-0.01,-1,-1,-0.01,-1,-1,-0.01,-1,-1
99926009,2026-05-18 10:26:26+05:30,52905.15,0,0.0,0,0.0,0.0,53282.15,53308.4,52783.45,53710.35,0,0.0,0.0,0.0,0.0,-0.01,-1,-1,-0.01,-1,-1,-0.01,-1,-1,-0.01,-1,-1,-0.01,-1,-1,-0.01,-1,-1,-0.01,-1,-1,-0.01,-1,-1,-0.01,-1,-1,-0.01,-1,-1
99926009,2026-05-18 10:26:26+05:30,52905.7,0,0.0,0,0.0,0.0,53282.15,53308.4,52783.45,53710.35,0,0.0,0.0,0.0,0.0,-0.01,-1,-1,-0.01,-1,-1,-0.01,-1,-1,-0.01,-1,-1,-0.01,-1,-1,-0.01,-1,-1,-0.01,-1,-1,-0.01,-1,-1,-0.01,-1,-1,-0.01,-1,-1
99926009,2026-05-18 10:26:27+05:30,52905.35,0,0.0,0,0.0,0.0,53282.15,53308.4,52783.45,53710.35,0,0.0,0.0,0.0,0.0,-0.01,-1,-1,-0.01,-1,-1,-0.01,-1,-1,-0.01,-1,-1,-0.01,-1,-1,-0.01,-1,-1,-0.01,-1,-1,-0.01,-1,-1,-0.01,-1,-1,-0.01,-1,-1
99926009,2026-05-18 10:26:27+05:30,52903.4,0,0.0,0,0.0,0.0,53282.15,53308.4,52783.45,53710.35,0,0.0,0.0,0.0,0.0,-0.01,-1,-1,-0.01,-1,-1,-0.01,-1,-1,-0.01,-1,-1,-0.01,-1,-1,-0.01,-1,-1,-0.01,-1,-1,-0.01,-1,-1,-0.01,-1,-1,-0.01,-1,-1
99926009,2026-05-18 10:26:28+05:30,52904.5,0,0.0,0,0.0,0.0,53282.15,53308.4,52783.45,53710.35,0,0.0,0.0,0.0,0.0,-0.01,-1,-1,-0.01,-1,-1,-0.01,-1,-1,-0.01,-1,-1,-0.01,-1,-1,-0.01,-1,-1,-0.01,-1,-1,-0.01,-1,-1,-0.01,-1,-1,-0.01,-1,-1
99926009,2026-05-18 10:26:28+05:30,52904.05,0,0.0,0,0.0,0.0,53282.15,53308.4,52783.45,53710.35,0,0.0,0.0,0.0,0.0,-0.01,-1,-1,-0.01,-1,-1,-0.01,-1,-1,-0.01,-1,-1,-0.01,-1,-1,-0.01,-1,-1,-0.01,-1,-1,-0.01,-1,-1,-0.01,-1,-1,-0.01,-1,-1
99926009,2026-05-18 10:26:29+05:30,52905.5,0,0.0,0,0.0,0.0,53282.15,53308.4,52783.45,53710.35,0,0.0,0.0,0.0,0.0,-0.01,-1,-1,-0.01,-1,-1,-0.01,-1,-1,-0.01,-1,-1,-0.01,-1,-1,-0.01,-1,-1,-0.01,-1,-1,-0.01,-1,-1,-0.01,-1,-1,-0.01,-1,-1
99926009,2026-05-18 10:26:29+05:30,52905.3,0,0.0,0,0.0,0.0,53282.15,53308.4,52783.45,53710.35,0,0.0,0.0,0.0,0.0,-0.01,-1,-1,-0.01,-1,-1,-0.01,-1,-1,-0.01,-1,-1,-0.01,-1,-1,-0.01,-1,-1,-0.01,-1,-1,-0.01,-1,-1,-0.01,-1,-1,-0.01,-1,-1
99926009,2026-05-18 10:26:30+05:30,52904.6,0,0.0,0,0.0,0.0,53282.15,53308.4,52783.45,53710.35,0,0.0,0.0,0.0,0.0,-0.01,-1,-1,-0.01,-1,-1,-0.01,-1,-1,-0.01,-1,-1,-0.01,-1,-1,-0.01,-1,-1,-0.01,-1,-1,-0.01,-1,-1,-0.01,-1,-1,-0.01,-1,-1
99926009,2026-05-18 10:26:30+05:30,52902.85,0,0.0,0,0.0,0.0,53282.15,53308.4,52783.45,53710.35,0,0.0,0.0,0.0,0.0,-0.01,-1,-1,-0.01,-1,-1,-0.01,-1,-1,-0.01,-1,-1,-0.01,-1,-1,-0.01,-1,-1,-0.01,-1,-1,-0.01,-1,-1,-0.01,-1,-1,-0.01,-1,-1
99926009,2026-05-18 10:26:31+05:30,52906.5,0,0.0,0,0.0,0.0,53282.15,53308.4,52783.45,53710.35,0,0.0,0.0,0.0,0.0,-0.01,-1,-1,-0.01,-1,-1,-0.01,-1,-1,-0.01,-1,-1,-0.01,-1,-1,-0.01,-1,-1,-0.01,-1,-1,-0.01,-1,-1,-0.01,-1,-1,-0.01,-1,-1
99926009,2026-05-18 10:26:31+05:30,52909.15,0,0.0,0,0.0,0.0,53282.15,53308.4,52783.45,53710.35,0,0.0,0.0,0.0,0.0,-0.01,-1,-1,-0.01,-1,-1,-0.01,-1,-1,-0.01,-1,-1,-0.01,-1,-1,-0.01,-1,-1,-0.01,-1,-1,-0.01,-1,-1,-0.01,-1,-1,-0.01,-1,-1
99926009,2026-05-18 10:26:32+05:30,52907.7,0,0.0,0,0.0,0.0,53282.15,53308.4,52783.45,53710.35,0,0.0,0.0,0.0,0.0,-0.01,-1,-1,-0.01,-1,-1,-0.01,-1,-1,-0.01,-1,-1,-0.01,-1,-1,-0.01,-1,-1,-0.01,-1,-1,-0.01,-1,-1,-0.01,-1,-1,-0.01,-1,-1
99926009,2026-05-18 10:26:32+05:30,52908.7,0,0.0,0,0.0,0.0,53282.15,53308.4,52783.45,53710.35,0,0.0,0.0,0.0,0.0,-0.01,-1,-1,-0.01,-1,-1,-0.01,-1,-1,-0.01,-1,-1,-0.01,-1,-1,-0.01,-1,-1,-0.01,-1,-1,-0.01,-1,-1,-0.01,-1,-1,-0.01,-1,-1
99926009,2026-05-18 10:26:33+05:30,52911.3,0,0.0,0,0.0,0.0,53282.15,53308.4,52783.45,53710.35,0,0.0,0.0,0.0,0.0,-0.01,-1,-1,-0.01,-1,-1,-0.01,-1,-1,-0.01,-1,-1,-0.01,-1,-1,-0.01,-1,-1,-0.01,-1,-1,-0.01,-1,-1,-0.01,-1,-1,-0.01,-1,-1
99926009,2026-05-18 10:26:33+05:30,52910.8,0,0.0,0,0.0,0.0,53282.15,53308.4,52783.45,53710.35,0,0.0,0.0,0.0,0.0,-0.01,-1,-1,-0.01,-1,-1,-0.01,-1,-1,-0.01,-1,-1,-0.01,-1,-1,-0.01,-1,-1,-0.01,-1,-1,-0.01,-1,-1,-0.01,-1,-1,-0.01,-1,-1
99926009,2026-05-18 10:26:34+05:30,52913.3,0,0.0,0,0.0,0.0,53282.15,53308.4,52783.45,53710.35,0,0.0,0.0,0.0,0.0,-0.01,-1,-1,-0.01,-1,-1,-0.01,-1,-1,-0.01,-1,-1,-0.01,-1,-1,-0.01,-1,-1,-0.01,-1,-1,-0.01,-1,-1,-0.01,-1,-1,-0.01,-1,-1
99926009,2026-05-18 10:26:34+05:30,52912.55,0,0.0,0,0.0,0.0,53282.15,53308.4,52783.45,53710.35,0,0.0,0.0,0.0,0.0,-0.01,-1,-1,-0.01,-1,-1,-0.01,-1,-1,-0.01,-1,-1,-0.01,-1,-1,-0.01,-1,-1,-0.01,-1,-1,-0.01,-1,-1,-0.01,-1,-1,-0.01,-1,-1
99926009,2026-05-18 10:26:35+05:30,52912.2,0,0.0,0,0.0,0.0,53282.15,53308.4,52783.45,53710.35,0,0.0,0.0,0.0,0.0,-0.01,-1,-1,-0.01,-1,-1,-0.01,-1,-1,-0.01,-1,-1,-0.01,-1,-1,-0.01,-1,-1,-0.01,-1,-1,-0.01,-1,-1,-0.01,-1,-1,-0.01,-1,-1
99926009,2026-05-18 10:26:35+05:30,52909.9,0,0.0,0,0.0,0.0,53282.15,53308.4,52783.45,53710.35,0,0.0,0.0,0.0,0.0,-0.01,-1,-1,-0.01,-1,-1,-0.01,-1,-1,-0.01,-1,-1,-0.01,-1,-1,-0.01,-1,-1,-0.01,-1,-1,-0.01,-1,-1,-0.01,-1,-1,-0.01,-1,-1
99926009,2026-05-18 10:26:36+05:30,52913.55,0,0.0,0,0.0,0.0,53282.15,53308.4,52783.45,53710.35,0,0.0,0.0,0.0,0.0,-0.01,-1,-1,-0.01,-1,-1,-0.01,-1,-1,-0.01,-1,-1,-0.01,-1,-1,-0.01,-1,-1,-0.01,-1,-1,-0.01,-1,-1,-0.01,-1,-1,-0.01,-1,-1
99926009,2026-05-18 10:26:36+05:30,52913.9,0,0.0,0,0.0,0.0,53282.15,53308.4,52783.45,53710.35,0,0.0,0.0,0.0,0.0,-0.01,-1,-1,-0.01,-1,-1,-0.01,-1,-1,-0.01,-1,-1,-0.01,-1,-1,-0.01,-1,-1,-0.01,-1,-1,-0.01,-1,-1,-0.01,-1,-1,-0.01,-1,-1
99926009,2026-05-18 10:26:37+05:30,52913.05,0,0.0,0,0.0,0.0,53282.15,53308.4,52783.45,53710.35,0,0.0,0.0,0.0,0.0,-0.01,-1,-1,-0.01,-1,-1,-0.01,-1,-1,-0.01,-1,-1,-0.01,-1,-1,-0.01,-1,-1,-0.01,-1,-1,-0.01,-1,-1,-0.01,-1,-1,-0.01,-1,-1
99926009,2026-05-18 10:26:37+05:30,52911.95,0,0.0,0,0.0,0.0,53282.15,53308.4,52783.45,53710.35,0,0.0,0.0,0.0,0.0,-0.01,-1,-1,-0.01,-1,-1,-0.01,-1,-1,-0.01,-1,-1,-0.01,-1,-1,-0.01,-1,-1,-0.01,-1,-1,-0.01,-1,-1,-0.01,-1,-1,-0.01,-1,-1
99926009,2026-05-18 10:26:38+05:30,52914.0,0,0.0,0,0.0,0.0,53282.15,53308.4,52783.45,53710.35,0,0.0,0.0,0.0,0.0,-0.01,-1,-1,-0.01,-1,-1,-0.01,-1,-1,-0.01,-1,-1,-0.01,-1,-1,-0.01,-1,-1,-0.01,-1,-1,-0.01,-1,-1,-0.01,-1,-1,-0.01,-1,-1
99926009,2026-05-18 10:26:38+05:30,52909.7,0,0.0,0,0.0,0.0,53282.15,53308.4,52783.45,53710.35,0,0.0,0.0,0.0,0.0,-0.01,-1,-1,-0.01,-1,-1,-0.01,-1,-1,-0.01,-1,-1,-0.01,-1,-1,-0.01,-1,-1,-0.01,-1,-1,-0.01,-1,-1,-0.01,-1,-1,-0.01,-1,-1
99926009,2026-05-18 10:26:39+05:30,52912.15,0,0.0,0,0.0,0.0,53282.15,53308.4,52783.45,53710.35,0,0.0,0.0,0.0,0.0,-0.01,-1,-1,-0.01,-1,-1,-0.01,-1,-1,-0.01,-1,-1,-0.01,-1,-1,-0.01,-1,-1,-0.01,-1,-1,-0.01,-1,-1,-0.01,-1,-1,-0.01,-1,-1
99926009,2026-05-18 10:26:39+05:30,52914.2,0,0.0,0,0.0,0.0,53282.15,53308.4,52783.45,53710.35,0,0.0,0.0,0.0,0.0,-0.01,-1,-1,-0.01,-1,-1,-0.01,-1,-1,-0.01,-1,-1,-0.01,-1,-1,-0.01,-1,-1,-0.01,-1,-1,-0.01,-1,-1,-0.01,-1,-1,-0.01,-1,-1
99926009,2026-05-18 10:26:40+05:30,52914.5,0,0.0,0,0.0,0.0,53282.15,53308.4,52783.45,53710.35,0,0.0,0.0,0.0,0.0,-0.01,-1,-1,-0.01,-1,-1,-0.01,-1,-1,-0.01,-1,-1,-0.01,-1,-1,-0.01,-1,-1,-0.01,-1,-1,-0.01,-1,-1,-0.01,-1,-1,-0.01,-1,-1
99926009,2026-05-18 10:26:40+05:30,52914.75,0,0.0,0,0.0,0.0,53282.15,53308.4,52783.45,53710.35,0,0.0,0.0,0.0,0.0,-0.01,-1,-1,-0.01,-1,-1,-0.01,-1,-1,-0.01,-1,-1,-0.01,-1,-1,-0.01,-1,-1,-0.01,-1,-1,-0.01,-1,-1,-0.01,-1,-1,-0.01,-1,-1
99926009,2026-05-18 10:26:41+05:30,52912.45,0,0.0,0,0.0,0.0,53282.15,53308.4,52783.45,53710.35,0,0.0,0.0,0.0,0.0,-0.01,-1,-1,-0.01,-1,-1,-0.01,-1,-1,-0.01,-1,-1,-0.01,-1,-1,-0.01,-1,-1,-0.01,-1,-1,-0.01,-1,-1,-0.01,-1,-1,-0.01,-1,-1
99926009,2026-05-18 10:26:41+05:30,52909.45,0,0.0,0,0.0,0.0,53282.15,53308.4,52783.45,53710.35,0,0.0,0.0,0.0,0.0,-0.01,-1,-1,-0.01,-1,-1,-0.01,-1,-1,-0.01,-1,-1,-0.01,-1,-1,-0.01,-1,-1,-0.01,-1,-1,-0.01,-1,-1,-0.01,-1,-1,-0.01,-1,-1
99926009,2026-05-18 10:26:42+05:30,52911.95,0,0.0,0,0.0,0.0,53282.15,53308.4,52783.45,53710.35,0,0.0,0.0,0.0,0.0,-0.01,-1,-1,-0.01,-1,-1,-0.01,-1,-1,-0.01,-1,-1,-0.01,-1,-1,-0.01,-1,-1,-0.01,-1,-1,-0.01,-1,-1,-0.01,-1,-1,-0.01,-1,-1
99926009,2026-05-18 10:26:42+05:30,52911.85,0,0.0,0,0.0,0.0,53282.15,53308.4,52783.45,53710.35,0,0.0,0.0,0.0,0.0,-0.01,-1,-1,-0.01,-1,-1,-0.01,-1,-1,-0.01,-1,-1,-0.01,-1,-1,-0.01,-1,-1,-0.01,-1,-1,-0.01,-1,-1,-0.01,-1,-1,-0.01,-1,-1
99926009,2026-05-18 10:26:43+05:30,52909.0,0,0.0,0,0.0,0.0,53282.15,53308.4,52783.45,53710.35,0,0.0,0.0,0.0,0.0,-0.01,-1,-1,-0.01,-1,-1,-0.01,-1,-1,-0.01,-1,-1,-0.01,-1,-1,-0.01,-1,-1,-0.01,-1,-1,-0.01,-1,-1,-0.01,-1,-1,-0.01,-1,-1
99926009,2026-05-18 10:26:43+05:30,52905.4,0,0.0,0,0.0,0.0,53282.15,53308.4,52783.45,53710.35,0,0.0,0.0,0.0,0.0,-0.01,-1,-1,-0.01,-1,-1,-0.01,-1,-1,-0.01,-1,-1,-0.01,-1,-1,-0.01,-1,-1,-0.01,-1,-1,-0.01,-1,-1,-0.01,-1,-1,-0.01,-1,-1
99926009,2026-05-18 10:26:44+05:30,52904.3,0,0.0,0,0.0,0.0,53282.15,53308.4,52783.45,53710.35,0,0.0,0.0,0.0,0.0,-0.01,-1,-1,-0.01,-1,-1,-0.01,-1,-1,-0.01,-1,-1,-0.01,-1,-1,-0.01,-1,-1,-0.01,-1,-1,-0.01,-1,-1,-0.01,-1,-1,-0.01,-1,-1
99926009,2026-05-18 10:26:44+05:30,52902.3,0,0.0,0,0.0,0.0,53282.15,53308.4,52783.45,53710.35,0,0.0,0.0,0.0,0.0,-0.01,-1,-1,-0.01,-1,-1,-0.01,-1,-1,-0.01,-1,-1,-0.01,-1,-1,-0.01,-1,-1,-0.01,-1,-1,-0.01,-1,-1,-0.01,-1,-1,-0.01,-1,-1
99926009,2026-05-18 10:26:45+05:30,52906.75,0,0.0,0,0.0,0.0,53282.15,53308.4,52783.45,53710.35,0,0.0,0.0,0.0,0.0,-0.01,-1,-1,-0.01,-1,-1,-0.01,-1,-1,-0.01,-1,-1,-0.01,-1,-1,-0.01,-1,-1,-0.01,-1,-1,-0.01,-1,-1,-0.01,-1,-1,-0.01,-1,-1
99926009,2026-05-18 10:26:45+05:30,52905.7,0,0.0,0,0.0,0.0,53282.15,53308.4,52783.45,53710.35,0,0.0,0.0,0.0,0.0,-0.01,-1,-1,-0.01,-1,-1,-0.01,-1,-1,-0.01,-1,-1,-0.01,-1,-1,-0.01,-1,-1,-0.01,-1,-1,-0.01,-1,-1,-0.01,-1,-1,-0.01,-1,-1
99926009,2026-05-18 10:26:46+05:30,52906.9,0,0.0,0,0.0,0.0,53282.15,53308.4,52783.45,53710.35,0,0.0,0.0,0.0,0.0,-0.01,-1,-1,-0.01,-1,-1,-0.01,-1,-1,-0.01,-1,-1,-0.01,-1,-1,-0.01,-1,-1,-0.01,-1,-1,-0.01,-1,-1,-0.01,-1,-1,-0.01,-1,-1
99926009,2026-05-18 10:26:46+05:30,52908.55,0,0.0,0,0.0,0.0,53282.15,53308.4,52783.45,53710.35,0,0.0,0.0,0.0,0.0,-0.01,-1,-1,-0.01,-1,-1,-0.01,-1,-1,-0.01,-1,-1,-0.01,-1,-1,-0.01,-1,-1,-0.01,-1,-1,-0.01,-1,-1,-0.01,-1,-1,-0.01,-1,-1
99926009,2026-05-18 10:26:47+05:30,52909.95,0,0.0,0,0.0,0.0,53282.15,53308.4,52783.45,53710.35,0,0.0,0.0,0.0,0.0,-0.01,-1,-1,-0.01,-1,-1,-0.01,-1,-1,-0.01,-1,-1,-0.01,-1,-1,-0.01,-1,-1,-0.01,-1,-1,-0.01,-1,-1,-0.01,-1,-1,-0.01,-1,-1
99926009,2026-05-18 10:26:47+05:30,52908.9,0,0.0,0,0.0,0.0,53282.15,53308.4,52783.45,53710.35,0,0.0,0.0,0.0,0.0,-0.01,-1,-1,-0.01,-1,-1,-0.01,-1,-1,-0.01,-1,-1,-0.01,-1,-1,-0.01,-1,-1,-0.01,-1,-1,-0.01,-1,-1,-0.01,-1,-1,-0.01,-1,-1
99926009,2026-05-18 10:26:48+05:30,52907.85,0,0.0,0,0.0,0.0,53282.15,53308.4,52783.45,53710.35,0,0.0,0.0,0.0,0.0,-0.01,-1,-1,-0.01,-1,-1,-0.01,-1,-1,-0.01,-1,-1,-0.01,-1,-1,-0.01,-1,-1,-0.01,-1,-1,-0.01,-1,-1,-0.01,-1,-1,-0.01,-1,-1
99926009,2026-05-18 10:26:48+05:30,52905.2,0,0.0,0,0.0,0.0,53282.15,53308.4,52783.45,53710.35,0,0.0,0.0,0.0,0.0,-0.01,-1,-1,-0.01,-1,-1,-0.01,-1,-1,-0.01,-1,-1,-0.01,-1,-1,-0.01,-1,-1,-0.01,-1,-1,-0.01,-1,-1,-0.01,-1,-1,-0.01,-1,-1
99926009,2026-05-18 10:26:49+05:30,52905.85,0,0.0,0,0.0,0.0,53282.15,53308.4,52783.45,53710.35,0,0.0,0.0,0.0,0.0,-0.01,-1,-1,-0.01,-1,-1,-0.01,-1,-1,-0.01,-1,-1,-0.01,-1,-1,-0.01,-1,-1,-0.01,-1,-1,-0.01,-1,-1,-0.01,-1,-1,-0.01,-1,-1
99926009,2026-05-18 10:26:49+05:30,52905.15,0,0.0,0,0.0,0.0,53282.15,53308.4,52783.45,53710.35,0,0.0,0.0,0.0,0.0,-0.01,-1,-1,-0.01,-1,-1,-0.01,-1,-1,-0.01,-1,-1,-0.01,-1,-1,-0.01,-1,-1,-0.01,-1,-1,-0.01,-1,-1,-0.01,-1,-1,-0.01,-1,-1
99926009,2026-05-18 10:26:50+05:30,52908.7,0,0.0,0,0.0,0.0,53282.15,53308.4,52783.45,53710.35,0,0.0,0.0,0.0,0.0,-0.01,-1,-1,-0.01,-1,-1,-0.01,-1,-1,-0.01,-1,-1,-0.01,-1,-1,-0.01,-1,-1,-0.01,-1,-1,-0.01,-1,-1,-0.01,-1,-1,-0.01,-1,-1
99926009,2026-05-18 10:26:50+05:30,52910.1,0,0.0,0,0.0,0.0,53282.15,53308.4,52783.45,53710.35,0,0.0,0.0,0.0,0.0,-0.01,-1,-1,-0.01,-1,-1,-0.01,-1,-1,-0.01,-1,-1,-0.01,-1,-1,-0.01,-1,-1,-0.01,-1,-1,-0.01,-1,-1,-0.01,-1,-1,-0.01,-1,-1
99926009,2026-05-18 10:26:51+05:30,52905.6,0,0.0,0,0.0,0.0,53282.15,53308.4,52783.45,53710.35,0,0.0,0.0,0.0,0.0,-0.01,-1,-1,-0.01,-1,-1,-0.01,-1,-1,-0.01,-1,-1,-0.01,-1,-1,-0.01,-1,-1,-0.01,-1,-1,-0.01,-1,-1,-0.01,-1,-1,-0.01,-1,-1
99926009,2026-05-18 10:26:51+05:30,52909.5,0,0.0,0,0.0,0.0,53282.15,53308.4,52783.45,53710.35,0,0.0,0.0,0.0,0.0,-0.01,-1,-1,-0.01,-1,-1,-0.01,-1,-1,-0.01,-1,-1,-0.01,-1,-1,-0.01,-1,-1,-0.01,-1,-1,-0.01,-1,-1,-0.01,-1,-1,-0.01,-1,-1
99926009,2026-05-18 10:26:52+05:30,52907.75,0,0.0,0,0.0,0.0,53282.15,53308.4,52783.45,53710.35,0,0.0,0.0,0.0,0.0,-0.01,-1,-1,-0.01,-1,-1,-0.01,-1,-1,-0.01,-1,-1,-0.01,-1,-1,-0.01,-1,-1,-0.01,-1,-1,-0.01,-1,-1,-0.01,-1,-1,-0.01,-1,-1
99926009,2026-05-18 10:26:52+05:30,52907.5,0,0.0,0,0.0,0.0,53282.15,53308.4,52783.45,53710.35,0,0.0,0.0,0.0,0.0,-0.01,-1,-1,-0.01,-1,-1,-0.01,-1,-1,-0.01,-1,-1,-0.01,-1,-1,-0.01,-1,-1,-0.01,-1,-1,-0.01,-1,-1,-0.01,-1,-1,-0.01,-1,-1
99926009,2026-05-18 10:26:53+05:30,52906.2,0,0.0,0,0.0,0.0,53282.15,53308.4,52783.45,53710.35,0,0.0,0.0,0.0,0.0,-0.01,-1,-1,-0.01,-1,-1,-0.01,-1,-1,-0.01,-1,-1,-0.01,-1,-1,-0.01,-1,-1,-0.01,-1,-1,-0.01,-1,-1,-0.01,-1,-1,-0.01,-1,-1
99926009,2026-05-18 10:26:53+05:30,52910.0,0,0.0,0,0.0,0.0,53282.15,53308.4,52783.45,53710.35,0,0.0,0.0,0.0,0.0,-0.01,-1,-1,-0.01,-1,-1,-0.01,-1,-1,-0.01,-1,-1,-0.01,-1,-1,-0.01,-1,-1,-0.01,-1,-1,-0.01,-1,-1,-0.01,-1,-1,-0.01,-1,-1
99926009,2026-05-18 10:26:54+05:30,52907.8,0,0.0,0,0.0,0.0,53282.15,53308.4,52783.45,53710.35,0,0.0,0.0,0.0,0.0,-0.01,-1,-1,-0.01,-1,-1,-0.01,-1,-1,-0.01,-1,-1,-0.01,-1,-1,-0.01,-1,-1,-0.01,-1,-1,-0.01,-1,-1,-0.01,-1,-1,-0.01,-1,-1
99926009,2026-05-18 10:26:54+05:30,52906.15,0,0.0,0,0.0,0.0,53282.15,53308.4,52783.45,53710.35,0,0.0,0.0,0.0,0.0,-0.01,-1,-1,-0.01,-1,-1,-0.01,-1,-1,-0.01,-1,-1,-0.01,-1,-1,-0.01,-1,-1,-0.01,-1,-1,-0.01,-1,-1,-0.01,-1,-1,-0.01,-1,-1
99926009,2026-05-18 10:26:55+05:30,52909.15,0,0.0,0,0.0,0.0,53282.15,53308.4,52783.45,53710.35,0,0.0,0.0,0.0,0.0,-0.01,-1,-1,-0.01,-1,-1,-0.01,-1,-1,-0.01,-1,-1,-0.01,-1,-1,-0.01,-1,-1,-0.01,-1,-1,-0.01,-1,-1,-0.01,-1,-1,-0.01,-1,-1
99926009,2026-05-18 10:26:55+05:30,52906.1,0,0.0,0,0.0,0.0,53282.15,53308.4,52783.45,53710.35,0,0.0,0.0,0.0,0.0,-0.01,-1,-1,-0.01,-1,-1,-0.01,-1,-1,-0.01,-1,-1,-0.01,-1,-1,-0.01,-1,-1,-0.01,-1,-1,-0.01,-1,-1,-0.01,-1,-1,-0.01,-1,-1
99926009,2026-05-18 10:26:56+05:30,52905.1,0,0.0,0,0.0,0.0,53282.15,53308.4,52783.45,53710.35,0,0.0,0.0,0.0,0.0,-0.01,-1,-1,-0.01,-1,-1,-0.01,-1,-1,-0.01,-1,-1,-0.01,-1,-1,-0.01,-1,-1,-0.01,-1,-1,-0.01,-1,-1,-0.01,-1,-1,-0.01,-1,-1
99926009,2026-05-18 10:26:56+05:30,52908.85,0,0.0,0,0.0,0.0,53282.15,53308.4,52783.45,53710.35,0,0.0,0.0,0.0,0.0,-0.01,-1,-1,-0.01,-1,-1,-0.01,-1,-1,-0.01,-1,-1,-0.01,-1,-1,-0.01,-1,-1,-0.01,-1,-1,-0.01,-1,-1,-0.01,-1,-1,-0.01,-1,-1
99926009,2026-05-18 10:26:57+05:30,52907.8,0,0.0,0,0.0,0.0,53282.15,53308.4,52783.45,53710.35,0,0.0,0.0,0.0,0.0,-0.01,-1,-1,-0.01,-1,-1,-0.01,-1,-1,-0.01,-1,-1,-0.01,-1,-1,-0.01,-1,-1,-0.01,-1,-1,-0.01,-1,-1,-0.01,-1,-1,-0.01,-1,-1
99926009,2026-05-18 10:26:57+05:30,52908.05,0,0.0,0,0.0,0.0,53282.15,53308.4,52783.45,53710.35,0,0.0,0.0,0.0,0.0,-0.01,-1,-1,-0.01,-1,-1,-0.01,-1,-1,-0.01,-1,-1,-0.01,-1,-1,-0.01,-1,-1,-0.01,-1,-1,-0.01,-1,-1,-0.01,-1,-1,-0.01,-1,-1
99926009,2026-05-18 10:26:58+05:30,52907.25,0,0.0,0,0.0,0.0,53282.15,53308.4,52783.45,53710.35,0,0.0,0.0,0.0,0.0,-0.01,-1,-1,-0.01,-1,-1,-0.01,-1,-1,-0.01,-1,-1,-0.01,-1,-1,-0.01,-1,-1,-0.01,-1,-1,-0.01,-1,-1,-0.01,-1,-1,-0.01,-1,-1
99926009,2026-05-18 10:26:58+05:30,52906.2,0,0.0,0,0.0,0.0,53282.15,53308.4,52783.45,53710.35,0,0.0,0.0,0.0,0.0,-0.01,-1,-1,-0.01,-1,-1,-0.01,-1,-1,-0.01,-1,-1,-0.01,-1,-1,-0.01,-1,-1,-0.01,-1,-1,-0.01,-1,-1,-0.01,-1,-1,-0.01,-1,-1
99926009,2026-05-18 10:26:59+05:30,52905.65,0,0.0,0,0.0,0.0,53282.15,53308.4,52783.45,53710.35,0,0.0,0.0,0.0,0.0,-0.01,-1,-1,-0.01,-1,-1,-0.01,-1,-1,-0.01,-1,-1,-0.01,-1,-1,-0.01,-1,-1,-0.01,-1,-1,-0.01,-1,-1,-0.01,-1,-1,-0.01,-1,-1
99926009,2026-05-18 10:26:59+05:30,52910.7,0,0.0,0,0.0,0.0,53282.15,53308.4,52783.45,53710.35,0,0.0,0.0,0.0,0.0,-0.01,-1,-1,-0.01,-1,-1,-0.01,-1,-1,-0.01,-1,-1,-0.01,-1,-1,-0.01,-1,-1,-0.01,-1,-1,-0.01,-1,-1,-0.01,-1,-1,-0.01,-1,-1
99926009,2026-05-18 10:27:00+05:30,52908.15,0,0.0,0,0.0,0.0,53282.15,53308.4,52783.45,53710.35,0,0.0,0.0,0.0,0.0,-0.01,-1,-1,-0.01,-1,-1,-0.01,-1,-1,-0.01,-1,-1,-0.01,-1,-1,-0.01,-1,-1,-0.01,-1,-1,-0.01,-1,-1,-0.01,-1,-1,-0.01,-1,-1
99926009,2026-05-18 10:27:00+05:30,52910.3,0,0.0,0,0.0,0.0,53282.15,53308.4,52783.45,53710.35,0,0.0,0.0,0.0,0.0,-0.01,-1,-1,-0.01,-1,-1,-0.01,-1,-1,-0.01,-1,-1,-0.01,-1,-1,-0.01,-1,-1,-0.01,-1,-1,-0.01,-1,-1,-0.01,-1,-1,-0.01,-1,-1
99926009,2026-05-18 10:27:01+05:30,52908.8,0,0.0,0,0.0,0.0,53282.15,53308.4,52783.45,53710.35,0,0.0,0.0,0.0,0.0,-0.01,-1,-1,-0.01,-1,-1,-0.01,-1,-1,-0.01,-1,-1,-0.01,-1,-1,-0.01,-1,-1,-0.01,-1,-1,-0.01,-1,-1,-0.01,-1,-1,-0.01,-1,-1
99926009,2026-05-18 10:27:01+05:30,52909.4,0,0.0,0,0.0,0.0,53282.15,53308.4,52783.45,53710.35,0,0.0,0.0,0.0,0.0,-0.01,-1,-1,-0.01,-1,-1,-0.01,-1,-1,-0.01,-1,-1,-0.01,-1,-1,-0.01,-1,-1,-0.01,-1,-1,-0.01,-1,-1,-0.01,-1,-1,-0.01,-1,-1
99926009,2026-05-18 10:27:02+05:30,52905.1,0,0.0,0,0.0,0.0,53282.15,53308.4,52783.45,53710.35,0,0.0,0.0,0.0,0.0,-0.01,-1,-1,-0.01,-1,-1,-0.01,-1,-1,-0.01,-1,-1,-0.01,-1,-1,-0.01,-1,-1,-0.01,-1,-1,-0.01,-1,-1,-0.01,-1,-1,-0.01,-1,-1
99926009,2026-05-18 10:27:02+05:30,52902.05,0,0.0,0,0.0,0.0,53282.15,53308.4,52783.45,53710.35,0,0.0,0.0,0.0,0.0,-0.01,-1,-1,-0.01,-1,-1,-0.01,-1,-1,-0.01,-1,-1,-0.01,-1,-1,-0.01,-1,-1,-0.01,-1,-1,-0.01,-1,-1,-0.01,-1,-1,-0.01,-1,-1
99926009,2026-05-18 10:27:03+05:30,52904.35,0,0.0,0,0.0,0.0,53282.15,53308.4,52783.45,53710.35,0,0.0,0.0,0.0,0.0,-0.01,-1,-1,-0.01,-1,-1,-0.01,-1,-1,-0.01,-1,-1,-0.01,-1,-1,-0.01,-1,-1,-0.01,-1,-1,-0.01,-1,-1,-0.01,-1,-1,-0.01,-1,-1
99926009,2026-05-18 10:27:03+05:30,52906.95,0,0.0,0,0.0,0.0,53282.15,53308.4,52783.45,53710.35,0,0.0,0.0,0.0,0.0,-0.01,-1,-1,-0.01,-1,-1,-0.01,-1,-1,-0.01,-1,-1,-0.01,-1,-1,-0.01,-1,-1,-0.01,-1,-1,-0.01,-1,-1,-0.01,-1,-1,-0.01,-1,-1
99926009,2026-05-18 10:27:04+05:30,52906.7,0,0.0,0,0.0,0.0,53282.15,53308.4,52783.45,53710.35,0,0.0,0.0,0.0,0.0,-0.01,-1,-1,-0.01,-1,-1,-0.01,-1,-1,-0.01,-1,-1,-0.01,-1,-1,-0.01,-1,-1,-0.01,-1,-1,-0.01,-1,-1,-0.01,-1,-1,-0.01,-1,-1
99926009,2026-05-18 10:27:04+05:30,52909.8,0,0.0,0,0.0,0.0,53282.15,53308.4,52783.45,53710.35,0,0.0,0.0,0.0,0.0,-0.01,-1,-1,-0.01,-1,-1,-0.01,-1,-1,-0.01,-1,-1,-0.01,-1,-1,-0.01,-1,-1,-0.01,-1,-1,-0.01,-1,-1,-0.01,-1,-1,-0.01,-1,-1
99926009,2026-05-18 10:27:05+05:30,52911.4,0,0.0,0,0.0,0.0,53282.15,53308.4,52783.45,53710.35,0,0.0,0.0,0.0,0.0,-0.01,-1,-1,-0.01,-1,-1,-0.01,-1,-1,-0.01,-1,-1,-0.01,-1,-1,-0.01,-1,-1,-0.01,-1,-1,-0.01,-1,-1,-0.01,-1,-1,-0.01,-1,-1
99926009,2026-05-18 10:27:05+05:30,52909.4,0,0.0,0,0.0,0.0,53282.15,53308.4,52783.45,53710.35,0,0.0,0.0,0.0,0.0,-0.01,-1,-1,-0.01,-1,-1,-0.01,-1,-1,-0.01,-1,-1,-0.01,-1,-1,-0.01,-1,-1,-0.01,-1,-1,-0.01,-1,-1,-0.01,-1,-1,-0.01,-1,-1
99926009,2026-05-18 10:27:06+05:30,52910.05,0,0.0,0,0.0,0.0,53282.15,53308.4,52783.45,53710.35,0,0.0,0.0,0.0,0.0,-0.01,-1,-1,-0.01,-1,-1,-0.01,-1,-1,-0.01,-1,-1,-0.01,-1,-1,-0.01,-1,-1,-0.01,-1,-1,-0.01,-1,-1,-0.01,-1,-1,-0.01,-1,-1
99926009,2026-05-18 10:27:06+05:30,52912.75,0,0.0,0,0.0,0.0,53282.15,53308.4,52783.45,53710.35,0,0.0,0.0,0.0,0.0,-0.01,-1,-1,-0.01,-1,-1,-0.01,-1,-1,-0.01,-1,-1,-0.01,-1,-1,-0.01,-1,-1,-0.01,-1,-1,-0.01,-1,-1,-0.01,-1,-1,-0.01,-1,-1
99926009,2026-05-18 10:27:07+05:30,52908.25,0,0.0,0,0.0,0.0,53282.15,53308.4,52783.45,53710.35,0,0.0,0.0,0.0,0.0,-0.01,-1,-1,-0.01,-1,-1,-0.01,-1,-1,-0.01,-1,-1,-0.01,-1,-1,-0.01,-1,-1,-0.01,-1,-1,-0.01,-1,-1,-0.01,-1,-1,-0.01,-1,-1
99926009,2026-05-18 10:27:07+05:30,52905.85,0,0.0,0,0.0,0.0,53282.15,53308.4,52783.45,53710.35,0,0.0,0.0,0.0,0.0,-0.01,-1,-1,-0.01,-1,-1,-0.01,-1,-1,-0.01,-1,-1,-0.01,-1,-1,-0.01,-1,-1,-0.01,-1,-1,-0.01,-1,-1,-0.01,-1,-1,-0.01,-1,-1
99926009,2026-05-18 10:27:08+05:30,52907.95,0,0.0,0,0.0,0.0,53282.15,53308.4,52783.45,53710.35,0,0.0,0.0,0.0,0.0,-0.01,-1,-1,-0.01,-1,-1,-0.01,-1,-1,-0.01,-1,-1,-0.01,-1,-1,-0.01,-1,-1,-0.01,-1,-1,-0.01,-1,-1,-0.01,-1,-1,-0.01,-1,-1
99926009,2026-05-18 10:27:08+05:30,52909.05,0,0.0,0,0.0,0.0,53282.15,53308.4,52783.45,53710.35,0,0.0,0.0,0.0,0.0,-0.01,-1,-1,-0.01,-1,-1,-0.01,-1,-1,-0.01,-1,-1,-0.01,-1,-1,-0.01,-1,-1,-0.01,-1,-1,-0.01,-1,-1,-0.01,-1,-1,-0.01,-1,-1
99926009,2026-05-18 10:27:09+05:30,52908.45,0,0.0,0,0.0,0.0,53282.15,53308.4,52783.45,53710.35,0,0.0,0.0,0.0,0.0,-0.01,-1,-1,-0.01,-1,-1,-0.01,-1,-1,-0.01,-1,-1,-0.01,-1,-1,-0.01,-1,-1,-0.01,-1,-1,-0.01,-1,-1,-0.01,-1,-1,-0.01,-1,-1
99926009,2026-05-18 10:27:09+05:30,52908.5,0,0.0,0,0.0,0.0,53282.15,53308.4,52783.45,53710.35,0,0.0,0.0,0.0,0.0,-0.01,-1,-1,-0.01,-1,-1,-0.01,-1,-1,-0.01,-1,-1,-0.01,-1,-1,-0.01,-1,-1,-0.01,-1,-1,-0.01,-1,-1,-0.01,-1,-1,-0.01,-1,-1
99926009,2026-05-18 10:27:10+05:30,52912.45,0,0.0,0,0.0,0.0,53282.15,53308.4,52783.45,53710.35,0,0.0,0.0,0.0,0.0,-0.01,-1,-1,-0.01,-1,-1,-0.01,-1,-1,-0.01,-1,-1,-0.01,-1,-1,-0.01,-1,-1,-0.01,-1,-1,-0.01,-1,-1,-0.01,-1,-1,-0.01,-1,-1
99926009,2026-05-18 10:27:10+05:30,52912.6,0,0.0,0,0.0,0.0,53282.15,53308.4,52783.45,53710.35,0,0.0,0.0,0.0,0.0,-0.01,-1,-1,-0.01,-1,-1,-0.01,-1,-1,-0.01,-1,-1,-0.01,-1,-1,-0.01,-1,-1,-0.01,-1,-1,-0.01,-1,-1,-0.01,-1,-1,-0.01,-1,-1
99926009,2026-05-18 10:27:11+05:30,52910.65,0,0.0,0,0.0,0.0,53282.15,53308.4,52783.45,53710.35,0,0.0,0.0,0.0,0.0,-0.01,-1,-1,-0.01,-1,-1,-0.01,-1,-1,-0.01,-1,-1,-0.01,-1,-1,-0.01,-1,-1,-0.01,-1,-1,-0.01,-1,-1,-0.01,-1,-1,-0.01,-1,-1
99926009,2026-05-18 10:27:11+05:30,52913.4,0,0.0,0,0.0,0.0,53282.15,53308.4,52783.45,53710.35,0,0.0,0.0,0.0,0.0,-0.01,-1,-1,-0.01,-1,-1,-0.01,-1,-1,-0.01,-1,-1,-0.01,-1,-1,-0.01,-1,-1,-0.01,-1,-1,-0.01,-1,-1,-0.01,-1,-1,-0.01,-1,-1
99926009,2026-05-18 10:27:12+05:30,52909.95,0,0.0,0,0.0,0.0,53282.15,53308.4,52783.45,53710.35,0,0.0,0.0,0.0,0.0,-0.01,-1,-1,-0.01,-1,-1,-0.01,-1,-1,-0.01,-1,-1,-0.01,-1,-1,-0.01,-1,-1,-0.01,-1,-1,-0.01,-1,-1,-0.01,-1,-1,-0.01,-1,-1
99926009,2026-05-18 10:27:12+05:30,52910.45,0,0.0,0,0.0,0.0,53282.15,53308.4,52783.45,53710.35,0,0.0,0.0,0.0,0.0,-0.01,-1,-1,-0.01,-1,-1,-0.01,-1,-1,-0.01,-1,-1,-0.01,-1,-1,-0.01,-1,-1,-0.01,-1,-1,-0.01,-1,-1,-0.01,-1,-1,-0.01,-1,-1
99926009,2026-05-18 10:27:13+05:30,52908.8,0,0.0,0,0.0,0.0,53282.15,53308.4,52783.45,53710.35,0,0.0,0.0,0.0,0.0,-0.01,-1,-1,-0.01,-1,-1,-0.01,-1,-1,-0.01,-1,-1,-0.01,-1,-1,-0.01,-1,-1,-0.01,-1,-1,-0.01,-1,-1,-0.01,-1,-1,-0.01,-1,-1
99926009,2026-05-18 10:27:13+05:30,52908.65,0,0.0,0,0.0,0.0,53282.15,53308.4,52783.45,53710.35,0,0.0,0.0,0.0,0.0,-0.01,-1,-1,-0.01,-1,-1,-0.01,-1,-1,-0.01,-1,-1,-0.01,-1,-1,-0.01,-1,-1,-0.01,-1,-1,-0.01,-1,-1,-0.01,-1,-1,-0.01,-1,-1
99926009,2026-05-18 10:27:14+05:30,52908.1,0,0.0,0,0.0,0.0,53282.15,53308.4,52783.45,53710.35,0,0.0,0.0,0.0,0.0,-0.01,-1,-1,-0.01,-1,-1,-0.01,-1,-1,-0.01,-1,-1,-0.01,-1,-1,-0.01,-1,-1,-0.01,-1,-1,-0.01,-1,-1,-0.01,-1,-1,-0.01,-1,-1
99926009,2026-05-18 10:27:14+05:30,52910.3,0,0.0,0,0.0,0.0,53282.15,53308.4,52783.45,53710.35,0,0.0,0.0,0.0,0.0,-0.01,-1,-1,-0.01,-1,-1,-0.01,-1,-1,-0.01,-1,-1,-0.01,-1,-1,-0.01,-1,-1,-0.01,-1,-1,-0.01,-1,-1,-0.01,-1,-1,-0.01,-1,-1
99926009,2026-05-18 10:27:15+05:30,52910.5,0,0.0,0,0.0,0.0,53282.15,53308.4,52783.45,53710.35,0,0.0,0.0,0.0,0.0,-0.01,-1,-1,-0.01,-1,-1,-0.01,-1,-1,-0.01,-1,-1,-0.01,-1,-1,-0.01,-1,-1,-0.01,-1,-1,-0.01,-1,-1,-0.01,-1,-1,-0.01,-1,-1
99926009,2026-05-18 10:27:15+05:30,52910.6,0,0.0,0,0.0,0.0,53282.15,53308.4,52783.45,53710.35,0,0.0,0.0,0.0,0.0,-0.01,-1,-1,-0.01,-1,-1,-0.01,-1,-1,-0.01,-1,-1,-0.01,-1,-1,-0.01,-1,-1,-0.01,-1,-1,-0.01,-1,-1,-0.01,-1,-1,-0.01,-1,-1
99926009,2026-05-18 10:27:16+05:30,52910.3,0,0.0,0,0.0,0.0,53282.15,53308.4,52783.45,53710.35,0,0.0,0.0,0.0,0.0,-0.01,-1,-1,-0.01,-1,-1,-0.01,-1,-1,-0.01,-1,-1,-0.01,-1,-1,-0.01,-1,-1,-0.01,-1,-1,-0.01,-1,-1,-0.01,-1,-1,-0.01,-1,-1
99926009,2026-05-18 10:27:16+05:30,52906.85,0,0.0,0,0.0,0.0,53282.15,53308.4,52783.45,53710.35,0,0.0,0.0,0.0,0.0,-0.01,-1,-1,-0.01,-1,-1,-0.01,-1,-1,-0.01,-1,-1,-0.01,-1,-1,-0.01,-1,-1,-0.01,-1,-1,-0.01,-1,-1,-0.01,-1,-1,-0.01,-1,-1
99926009,2026-05-18 10:27:17+05:30,52908.9,0,0.0,0,0.0,0.0,53282.15,53308.4,52783.45,53710.35,0,0.0,0.0,0.0,0.0,-0.01,-1,-1,-0.01,-1,-1,-0.01,-1,-1,-0.01,-1,-1,-0.01,-1,-1,-0.01,-1,-1,-0.01,-1,-1,-0.01,-1,-1,-0.01,-1,-1,-0.01,-1,-1
99926009,2026-05-18 10:27:17+05:30,52907.1,0,0.0,0,0.0,0.0,53282.15,53308.4,52783.45,53710.35,0,0.0,0.0,0.0,0.0,-0.01,-1,-1,-0.01,-1,-1,-0.01,-1,-1,-0.01,-1,-1,-0.01,-1,-1,-0.01,-1,-1,-0.01,-1,-1,-0.01,-1,-1,-0.01,-1,-1,-0.01,-1,-1
99926009,2026-05-18 10:27:18+05:30,52905.9,0,0.0,0,0.0,0.0,53282.15,53308.4,52783.45,53710.35,0,0.0,0.0,0.0,0.0,-0.01,-1,-1,-0.01,-1,-1,-0.01,-1,-1,-0.01,-1,-1,-0.01,-1,-1,-0.01,-1,-1,-0.01,-1,-1,-0.01,-1,-1,-0.01,-1,-1,-0.01,-1,-1
99926009,2026-05-18 10:27:18+05:30,52907.8,0,0.0,0,0.0,0.0,53282.15,53308.4,52783.45,53710.35,0,0.0,0.0,0.0,0.0,-0.01,-1,-1,-0.01,-1,-1,-0.01,-1,-1,-0.01,-1,-1,-0.01,-1,-1,-0.01,-1,-1,-0.01,-1,-1,-0.01,-1,-1,-0.01,-1,-1,-0.01,-1,-1
99926009,2026-05-18 10:27:19+05:30,52906.95,0,0.0,0,0.0,0.0,53282.15,53308.4,52783.45,53710.35,0,0.0,0.0,0.0,0.0,-0.01,-1,-1,-0.01,-1,-1,-0.01,-1,-1,-0.01,-1,-1,-0.01,-1,-1,-0.01,-1,-1,-0.01,-1,-1,-0.01,-1,-1,-0.01,-1,-1,-0.01,-1,-1
99926009,2026-05-18 10:27:19+05:30,52907.15,0,0.0,0,0.0,0.0,53282.15,53308.4,52783.45,53710.35,0,0.0,0.0,0.0,0.0,-0.01,-1,-1,-0.01,-1,-1,-0.01,-1,-1,-0.01,-1,-1,-0.01,-1,-1,-0.01,-1,-1,-0.01,-1,-1,-0.01,-1,-1,-0.01,-1,-1,-0.01,-1,-1
99926009,2026-05-18 10:27:20+05:30,52908.1,0,0.0,0,0.0,0.0,53282.15,53308.4,52783.45,53710.35,0,0.0,0.0,0.0,0.0,-0.01,-1,-1,-0.01,-1,-1,-0.01,-1,-1,-0.01,-1,-1,-0.01,-1,-1,-0.01,-1,-1,-0.01,-1,-1,-0.01,-1,-1,-0.01,-1,-1,-0.01,-1,-1
99926009,2026-05-18 10:27:20+05:30,52907.1,0,0.0,0,0.0,0.0,53282.15,53308.4,52783.45,53710.35,0,0.0,0.0,0.0,0.0,-0.01,-1,-1,-0.01,-1,-1,-0.01,-1,-1,-0.01,-1,-1,-0.01,-1,-1,-0.01,-1,-1,-0.01,-1,-1,-0.01,-1,-1,-0.01,-1,-1,-0.01,-1,-1
99926009,2026-05-18 10:27:21+05:30,52903.65,0,0.0,0,0.0,0.0,53282.15,53308.4,52783.45,53710.35,0,0.0,0.0,0.0,0.0,-0.01,-1,-1,-0.01,-1,-1,-0.01,-1,-1,-0.01,-1,-1,-0.01,-1,-1,-0.01,-1,-1,-0.01,-1,-1,-0.01,-1,-1,-0.01,-1,-1,-0.01,-1,-1
99926009,2026-05-18 10:27:21+05:30,52904.4,0,0.0,0,0.0,0.0,53282.15,53308.4,52783.45,53710.35,0,0.0,0.0,0.0,0.0,-0.01,-1,-1,-0.01,-1,-1,-0.01,-1,-1,-0.01,-1,-1,-0.01,-1,-1,-0.01,-1,-1,-0.01,-1,-1,-0.01,-1,-1,-0.01,-1,-1,-0.01,-1,-1
99926009,2026-05-18 10:27:22+05:30,52905.45,0,0.0,0,0.0,0.0,53282.15,53308.4,52783.45,53710.35,0,0.0,0.0,0.0,0.0,-0.01,-1,-1,-0.01,-1,-1,-0.01,-1,-1,-0.01,-1,-1,-0.01,-1,-1,-0.01,-1,-1,-0.01,-1,-1,-0.01,-1,-1,-0.01,-1,-1,-0.01,-1,-1
99926009,2026-05-18 10:27:22+05:30,52904.75,0,0.0,0,0.0,0.0,53282.15,53308.4,52783.45,53710.35,0,0.0,0.0,0.0,0.0,-0.01,-1,-1,-0.01,-1,-1,-0.01,-1,-1,-0.01,-1,-1,-0.01,-1,-1,-0.01,-1,-1,-0.01,-1,-1,-0.01,-1,-1,-0.01,-1,-1,-0.01,-1,-1
99926009,2026-05-18 10:27:23+05:30,52907.35,0,0.0,0,0.0,0.0,53282.15,53308.4,52783.45,53710.35,0,0.0,0.0,0.0,0.0,-0.01,-1,-1,-0.01,-1,-1,-0.01,-1,-1,-0.01,-1,-1,-0.01,-1,-1,-0.01,-1,-1,-0.01,-1,-1,-0.01,-1,-1,-0.01,-1,-1,-0.01,-1,-1
99926009,2026-05-18 10:27:23+05:30,52907.2,0,0.0,0,0.0,0.0,53282.15,53308.4,52783.45,53710.35,0,0.0,0.0,0.0,0.0,-0.01,-1,-1,-0.01,-1,-1,-0.01,-1,-1,-0.01,-1,-1,-0.01,-1,-1,-0.01,-1,-1,-0.01,-1,-1,-0.01,-1,-1,-0.01,-1,-1,-0.01,-1,-1
99926009,2026-05-18 10:27:24+05:30,52908.55,0,0.0,0,0.0,0.0,53282.15,53308.4,52783.45,53710.35,0,0.0,0.0,0.0,0.0,-0.01,-1,-1,-0.01,-1,-1,-0.01,-1,-1,-0.01,-1,-1,-0.01,-1,-1,-0.01,-1,-1,-0.01,-1,-1,-0.01,-1,-1,-0.01,-1,-1,-0.01,-1,-1
99926009,2026-05-18 10:27:24+05:30,52905.5,0,0.0,0,0.0,0.0,53282.15,53308.4,52783.45,53710.35,0,0.0,0.0,0.0,0.0,-0.01,-1,-1,-0.01,-1,-1,-0.01,-1,-1,-0.01,-1,-1,-0.01,-1,-1,-0.01,-1,-1,-0.01,-1,-1,-0.01,-1,-1,-0.01,-1,-1,-0.01,-1,-1
99926009,2026-05-18 10:27:25+05:30,52908.55,0,0.0,0,0.0,0.0,53282.15,53308.4,52783.45,53710.35,0,0.0,0.0,0.0,0.0,-0.01,-1,-1,-0.01,-1,-1,-0.01,-1,-1,-0.01,-1,-1,-0.01,-1,-1,-0.01,-1,-1,-0.01,-1,-1,-0.01,-1,-1,-0.01,-1,-1,-0.01,-1,-1
99926009,2026-05-18 10:27:25+05:30,52900.95,0,0.0,0,0.0,0.0,53282.15,53308.4,52783.45,53710.35,0,0.0,0.0,0.0,0.0,-0.01,-1,-1,-0.01,-1,-1,-0.01,-1,-1,-0.01,-1,-1,-0.01,-1,-1,-0.01,-1,-1,-0.01,-1,-1,-0.01,-1,-1,-0.01,-1,-1,-0.01,-1,-1
99926009,2026-05-18 10:27:26+05:30,52902.6,0,0.0,0,0.0,0.0,53282.15,53308.4,52783.45,53710.35,0,0.0,0.0,0.0,0.0,-0.01,-1,-1,-0.01,-1,-1,-0.01,-1,-1,-0.01,-1,-1,-0.01,-1,-1,-0.01,-1,-1,-0.01,-1,-1,-0.01,-1,-1,-0.01,-1,-1,-0.01,-1,-1
99926009,2026-05-18 10:27:26+05:30,52901.6,0,0.0,0,0.0,0.0,53282.15,53308.4,52783.45,53710.35,0,0.0,0.0,0.0,0.0,-0.01,-1,-1,-0.01,-1,-1,-0.01,-1,-1,-0.01,-1,-1,-0.01,-1,-1,-0.01,-1,-1,-0.01,-1,-1,-0.01,-1,-1,-0.01,-1,-1,-0.01,-1,-1
99926009,2026-05-18 10:27:27+05:30,52902.45,0,0.0,0,0.0,0.0,53282.15,53308.4,52783.45,53710.35,0,0.0,0.0,0.0,0.0,-0.01,-1,-1,-0.01,-1,-1,-0.01,-1,-1,-0.01,-1,-1,-0.01,-1,-1,-0.01,-1,-1,-0.01,-1,-1,-0.01,-1,-1,-0.01,-1,-1,-0.01,-1,-1
99926009,2026-05-18 10:27:27+05:30,52899.95,0,0.0,0,0.0,0.0,53282.15,53308.4,52783.45,53710.35,0,0.0,0.0,0.0,0.0,-0.01,-1,-1,-0.01,-1,-1,-0.01,-1,-1,-0.01,-1,-1,-0.01,-1,-1,-0.01,-1,-1,-0.01,-1,-1,-0.01,-1,-1,-0.01,-1,-1,-0.01,-1,-1
99926009,2026-05-18 10:27:28+05:30,52900.8,0,0.0,0,0.0,0.0,53282.15,53308.4,52783.45,53710.35,0,0.0,0.0,0.0,0.0,-0.01,-1,-1,-0.01,-1,-1,-0.01,-1,-1,-0.01,-1,-1,-0.01,-1,-1,-0.01,-1,-1,-0.01,-1,-1,-0.01,-1,-1,-0.01,-1,-1,-0.01,-1,-1
99926009,2026-05-18 10:27:28+05:30,52900.35,0,0.0,0,0.0,0.0,53282.15,53308.4,52783.45,53710.35,0,0.0,0.0,0.0,0.0,-0.01,-1,-1,-0.01,-1,-1,-0.01,-1,-1,-0.01,-1,-1,-0.01,-1,-1,-0.01,-1,-1,-0.01,-1,-1,-0.01,-1,-1,-0.01,-1,-1,-0.01,-1,-1
99926009,2026-05-18 10:27:29+05:30,52899.1,0,0.0,0,0.0,0.0,53282.15,53308.4,52783.45,53710.35,0,0.0,0.0,0.0,0.0,-0.01,-1,-1,-0.01,-1,-1,-0.01,-1,-1,-0.01,-1,-1,-0.01,-1,-1,-0.01,-1,-1,-0.01,-1,-1,-0.01,-1,-1,-0.01,-1,-1,-0.01,-1,-1
99926009,2026-05-18 10:27:29+05:30,52899.55,0,0.0,0,0.0,0.0,53282.15,53308.4,52783.45,53710.35,0,0.0,0.0,0.0,0.0,-0.01,-1,-1,-0.01,-1,-1,-0.01,-1,-1,-0.01,-1,-1,-0.01,-1,-1,-0.01,-1,-1,-0.01,-1,-1,-0.01,-1,-1,-0.01,-1,-1,-0.01,-1,-1
99926009,2026-05-18 10:27:30+05:30,52900.1,0,0.0,0,0.0,0.0,53282.15,53308.4,52783.45,53710.35,0,0.0,0.0,0.0,0.0,-0.01,-1,-1,-0.01,-1,-1,-0.01,-1,-1,-0.01,-1,-1,-0.01,-1,-1,-0.01,-1,-1,-0.01,-1,-1,-0.01,-1,-1,-0.01,-1,-1,-0.01,-1,-1
99926009,2026-05-18 10:27:30+05:30,52897.4,0,0.0,0,0.0,0.0,53282.15,53308.4,52783.45,53710.35,0,0.0,0.0,0.0,0.0,-0.01,-1,-1,-0.01,-1,-1,-0.01,-1,-1,-0.01,-1,-1,-0.01,-1,-1,-0.01,-1,-1,-0.01,-1,-1,-0.01,-1,-1,-0.01,-1,-1,-0.01,-1,-1
99926009,2026-05-18 10:27:31+05:30,52899.8,0,0.0,0,0.0,0.0,53282.15,53308.4,52783.45,53710.35,0,0.0,0.0,0.0,0.0,-0.01,-1,-1,-0.01,-1,-1,-0.01,-1,-1,-0.01,-1,-1,-0.01,-1,-1,-0.01,-1,-1,-0.01,-1,-1,-0.01,-1,-1,-0.01,-1,-1,-0.01,-1,-1
99926009,2026-05-18 10:27:31+05:30,52898.0,0,0.0,0,0.0,0.0,53282.15,53308.4,52783.45,53710.35,0,0.0,0.0,0.0,0.0,-0.01,-1,-1,-0.01,-1,-1,-0.01,-1,-1,-0.01,-1,-1,-0.01,-1,-1,-0.01,-1,-1,-0.01,-1,-1,-0.01,-1,-1,-0.01,-1,-1,-0.01,-1,-1
99926009,2026-05-18 10:27:32+05:30,52902.45,0,0.0,0,0.0,0.0,53282.15,53308.4,52783.45,53710.35,0,0.0,0.0,0.0,0.0,-0.01,-1,-1,-0.01,-1,-1,-0.01,-1,-1,-0.01,-1,-1,-0.01,-1,-1,-0.01,-1,-1,-0.01,-1,-1,-0.01,-1,-1,-0.01,-1,-1,-0.01,-1,-1
99926009,2026-05-18 10:27:32+05:30,52902.45,0,0.0,0,0.0,0.0,53282.15,53308.4,52783.45,53710.35,0,0.0,0.0,0.0,0.0,-0.01,-1,-1,-0.01,-1,-1,-0.01,-1,-1,-0.01,-1,-1,-0.01,-1,-1,-0.01,-1,-1,-0.01,-1,-1,-0.01,-1,-1,-0.01,-1,-1,-0.01,-1,-1
99926009,2026-05-18 10:27:33+05:30,52899.1,0,0.0,0,0.0,0.0,53282.15,53308.4,52783.45,53710.35,0,0.0,0.0,0.0,0.0,-0.01,-1,-1,-0.01,-1,-1,-0.01,-1,-1,-0.01,-1,-1,-0.01,-1,-1,-0.01,-1,-1,-0.01,-1,-1,-0.01,-1,-1,-0.01,-1,-1,-0.01,-1,-1
99926009,2026-05-18 10:27:33+05:30,52897.15,0,0.0,0,0.0,0.0,53282.15,53308.4,52783.45,53710.35,0,0.0,0.0,0.0,0.0,-0.01,-1,-1,-0.01,-1,-1,-0.01,-1,-1,-0.01,-1,-1,-0.01,-1,-1,-0.01,-1,-1,-0.01,-1,-1,-0.01,-1,-1,-0.01,-1,-1,-0.01,-1,-1
99926009,2026-05-18 10:27:34+05:30,52895.5,0,0.0,0,0.0,0.0,53282.15,53308.4,52783.45,53710.35,0,0.0,0.0,0.0,0.0,-0.01,-1,-1,-0.01,-1,-1,-0.01,-1,-1,-0.01,-1,-1,-0.01,-1,-1,-0.01,-1,-1,-0.01,-1,-1,-0.01,-1,-1,-0.01,-1,-1,-0.01,-1,-1
99926009,2026-05-18 10:27:34+05:30,52894.15,0,0.0,0,0.0,0.0,53282.15,53308.4,52783.45,53710.35,0,0.0,0.0,0.0,0.0,-0.01,-1,-1,-0.01,-1,-1,-0.01,-1,-1,-0.01,-1,-1,-0.01,-1,-1,-0.01,-1,-1,-0.01,-1,-1,-0.01,-1,-1,-0.01,-1,-1,-0.01,-1,-1
99926009,2026-05-18 10:27:35+05:30,52897.35,0,0.0,0,0.0,0.0,53282.15,53308.4,52783.45,53710.35,0,0.0,0.0,0.0,0.0,-0.01,-1,-1,-0.01,-1,-1,-0.01,-1,-1,-0.01,-1,-1,-0.01,-1,-1,-0.01,-1,-1,-0.01,-1,-1,-0.01,-1,-1,-0.01,-1,-1,-0.01,-1,-1
99926009,2026-05-18 10:27:35+05:30,52899.6,0,0.0,0,0.0,0.0,53282.15,53308.4,52783.45,53710.35,0,0.0,0.0,0.0,0.0,-0.01,-1,-1,-0.01,-1,-1,-0.01,-1,-1,-0.01,-1,-1,-0.01,-1,-1,-0.01,-1,-1,-0.01,-1,-1,-0.01,-1,-1,-0.01,-1,-1,-0.01,-1,-1
99926009,2026-05-18 10:27:36+05:30,52897.0,0,0.0,0,0.0,0.0,53282.15,53308.4,52783.45,53710.35,0,0.0,0.0,0.0,0.0,-0.01,-1,-1,-0.01,-1,-1,-0.01,-1,-1,-0.01,-1,-1,-0.01,-1,-1,-0.01,-1,-1,-0.01,-1,-1,-0.01,-1,-1,-0.01,-1,-1,-0.01,-1,-1
99926009,2026-05-18 10:27:36+05:30,52898.5,0,0.0,0,0.0,0.0,53282.15,53308.4,52783.45,53710.35,0,0.0,0.0,0.0,0.0,-0.01,-1,-1,-0.01,-1,-1,-0.01,-1,-1,-0.01,-1,-1,-0.01,-1,-1,-0.01,-1,-1,-0.01,-1,-1,-0.01,-1,-1,-0.01,-1,-1,-0.01,-1,-1
99926009,2026-05-18 10:27:37+05:30,52895.4,0,0.0,0,0.0,0.0,53282.15,53308.4,52783.45,53710.35,0,0.0,0.0,0.0,0.0,-0.01,-1,-1,-0.01,-1,-1,-0.01,-1,-1,-0.01,-1,-1,-0.01,-1,-1,-0.01,-1,-1,-0.01,-1,-1,-0.01,-1,-1,-0.01,-1,-1,-0.01,-1,-1
99926009,2026-05-18 10:27:37+05:30,52895.85,0,0.0,0,0.0,0.0,53282.15,53308.4,52783.45,53710.35,0,0.0,0.0,0.0,0.0,-0.01,-1,-1,-0.01,-1,-1,-0.01,-1,-1,-0.01,-1,-1,-0.01,-1,-1,-0.01,-1,-1,-0.01,-1,-1,-0.01,-1,-1,-0.01,-1,-1,-0.01,-1,-1
99926009,2026-05-18 10:27:38+05:30,52897.2,0,0.0,0,0.0,0.0,53282.15,53308.4,52783.45,53710.35,0,0.0,0.0,0.0,0.0,-0.01,-1,-1,-0.01,-1,-1,-0.01,-1,-1,-0.01,-1,-1,-0.01,-1,-1,-0.01,-1,-1,-0.01,-1,-1,-0.01,-1,-1,-0.01,-1,-1,-0.01,-1,-1
99926009,2026-05-18 10:27:38+05:30,52897.75,0,0.0,0,0.0,0.0,53282.15,53308.4,52783.45,53710.35,0,0.0,0.0,0.0,0.0,-0.01,-1,-1,-0.01,-1,-1,-0.01,-1,-1,-0.01,-1,-1,-0.01,-1,-1,-0.01,-1,-1,-0.01,-1,-1,-0.01,-1,-1,-0.01,-1,-1,-0.01,-1,-1
99926009,2026-05-18 10:27:39+05:30,52895.9,0,0.0,0,0.0,0.0,53282.15,53308.4,52783.45,53710.35,0,0.0,0.0,0.0,0.0,-0.01,-1,-1,-0.01,-1,-1,-0.01,-1,-1,-0.01,-1,-1,-0.01,-1,-1,-0.01,-1,-1,-0.01,-1,-1,-0.01,-1,-1,-0.01,-1,-1,-0.01,-1,-1
99926009,2026-05-18 10:27:39+05:30,52896.35,0,0.0,0,0.0,0.0,53282.15,53308.4,52783.45,53710.35,0,0.0,0.0,0.0,0.0,-0.01,-1,-1,-0.01,-1,-1,-0.01,-1,-1,-0.01,-1,-1,-0.01,-1,-1,-0.01,-1,-1,-0.01,-1,-1,-0.01,-1,-1,-0.01,-1,-1,-0.01,-1,-1
99926009,2026-05-18 10:27:40+05:30,52895.8,0,0.0,0,0.0,0.0,53282.15,53308.4,52783.45,53710.35,0,0.0,0.0,0.0,0.0,-0.01,-1,-1,-0.01,-1,-1,-0.01,-1,-1,-0.01,-1,-1,-0.01,-1,-1,-0.01,-1,-1,-0.01,-1,-1,-0.01,-1,-1,-0.01,-1,-1,-0.01,-1,-1
99926009,2026-05-18 10:27:40+05:30,52898.7,0,0.0,0,0.0,0.0,53282.15,53308.4,52783.45,53710.35,0,0.0,0.0,0.0,0.0,-0.01,-1,-1,-0.01,-1,-1,-0.01,-1,-1,-0.01,-1,-1,-0.01,-1,-1,-0.01,-1,-1,-0.01,-1,-1,-0.01,-1,-1,-0.01,-1,-1,-0.01,-1,-1
99926009,2026-05-18 10:27:41+05:30,52898.45,0,0.0,0,0.0,0.0,53282.15,53308.4,52783.45,53710.35,0,0.0,0.0,0.0,0.0,-0.01,-1,-1,-0.01,-1,-1,-0.01,-1,-1,-0.01,-1,-1,-0.01,-1,-1,-0.01,-1,-1,-0.01,-1,-1,-0.01,-1,-1,-0.01,-1,-1,-0.01,-1,-1
99926009,2026-05-18 10:27:41+05:30,52895.35,0,0.0,0,0.0,0.0,53282.15,53308.4,52783.45,53710.35,0,0.0,0.0,0.0,0.0,-0.01,-1,-1,-0.01,-1,-1,-0.01,-1,-1,-0.01,-1,-1,-0.01,-1,-1,-0.01,-1,-1,-0.01,-1,-1,-0.01,-1,-1,-0.01,-1,-1,-0.01,-1,-1
99926009,2026-05-18 10:27:42+05:30,52890.05,0,0.0,0,0.0,0.0,53282.15,53308.4,52783.45,53710.35,0,0.0,0.0,0.0,0.0,-0.01,-1,-1,-0.01,-1,-1,-0.01,-1,-1,-0.01,-1,-1,-0.01,-1,-1,-0.01,-1,-1,-0.01,-1,-1,-0.01,-1,-1,-0.01,-1,-1,-0.01,-1,-1
99926009,2026-05-18 10:27:42+05:30,52893.8,0,0.0,0,0.0,0.0,53282.15,53308.4,52783.45,53710.35,0,0.0,0.0,0.0,0.0,-0.01,-1,-1,-0.01,-1,-1,-0.01,-1,-1,-0.01,-1,-1,-0.01,-1,-1,-0.01,-1,-1,-0.01,-1,-1,-0.01,-1,-1,-0.01,-1,-1,-0.01,-1,-1
99926009,2026-05-18 10:27:43+05:30,52893.5,0,0.0,0,0.0,0.0,53282.15,53308.4,52783.45,53710.35,0,0.0,0.0,0.0,0.0,-0.01,-1,-1,-0.01,-1,-1,-0.01,-1,-1,-0.01,-1,-1,-0.01,-1,-1,-0.01,-1,-1,-0.01,-1,-1,-0.01,-1,-1,-0.01,-1,-1,-0.01,-1,-1
99926009,2026-05-18 10:27:43+05:30,52889.05,0,0.0,0,0.0,0.0,53282.15,53308.4,52783.45,53710.35,0,0.0,0.0,0.0,0.0,-0.01,-1,-1,-0.01,-1,-1,-0.01,-1,-1,-0.01,-1,-1,-0.01,-1,-1,-0.01,-1,-1,-0.01,-1,-1,-0.01,-1,-1,-0.01,-1,-1,-0.01,-1,-1
99926009,2026-05-18 10:27:44+05:30,52889.0,0,0.0,0,0.0,0.0,53282.15,53308.4,52783.45,53710.35,0,0.0,0.0,0.0,0.0,-0.01,-1,-1,-0.01,-1,-1,-0.01,-1,-1,-0.01,-1,-1,-0.01,-1,-1,-0.01,-1,-1,-0.01,-1,-1,-0.01,-1,-1,-0.01,-1,-1,-0.01,-1,-1
99926009,2026-05-18 10:27:44+05:30,52890.05,0,0.0,0,0.0,0.0,53282.15,53308.4,52783.45,53710.35,0,0.0,0.0,0.0,0.0,-0.01,-1,-1,-0.01,-1,-1,-0.01,-1,-1,-0.01,-1,-1,-0.01,-1,-1,-0.01,-1,-1,-0.01,-1,-1,-0.01,-1,-1,-0.01,-1,-1,-0.01,-1,-1
99926009,2026-05-18 10:27:45+05:30,52892.95,0,0.0,0,0.0,0.0,53282.15,53308.4,52783.45,53710.35,0,0.0,0.0,0.0,0.0,-0.01,-1,-1,-0.01,-1,-1,-0.01,-1,-1,-0.01,-1,-1,-0.01,-1,-1,-0.01,-1,-1,-0.01,-1,-1,-0.01,-1,-1,-0.01,-1,-1,-0.01,-1,-1
99926009,2026-05-18 10:27:45+05:30,52893.3,0,0.0,0,0.0,0.0,53282.15,53308.4,52783.45,53710.35,0,0.0,0.0,0.0,0.0,-0.01,-1,-1,-0.01,-1,-1,-0.01,-1,-1,-0.01,-1,-1,-0.01,-1,-1,-0.01,-1,-1,-0.01,-1,-1,-0.01,-1,-1,-0.01,-1,-1,-0.01,-1,-1
99926009,2026-05-18 10:27:46+05:30,52893.8,0,0.0,0,0.0,0.0,53282.15,53308.4,52783.45,53710.35,0,0.0,0.0,0.0,0.0,-0.01,-1,-1,-0.01,-1,-1,-0.01,-1,-1,-0.01,-1,-1,-0.01,-1,-1,-0.01,-1,-1,-0.01,-1,-1,-0.01,-1,-1,-0.01,-1,-1,-0.01,-1,-1
99926009,2026-05-18 10:27:46+05:30,52892.85,0,0.0,0,0.0,0.0,53282.15,53308.4,52783.45,53710.35,0,0.0,0.0,0.0,0.0,-0.01,-1,-1,-0.01,-1,-1,-0.01,-1,-1,-0.01,-1,-1,-0.01,-1,-1,-0.01,-1,-1,-0.01,-1,-1,-0.01,-1,-1,-0.01,-1,-1,-0.01,-1,-1
99926009,2026-05-18 10:27:47+05:30,52894.7,0,0.0,0,0.0,0.0,53282.15,53308.4,52783.45,53710.35,0,0.0,0.0,0.0,0.0,-0.01,-1,-1,-0.01,-1,-1,-0.01,-1,-1,-0.01,-1,-1,-0.01,-1,-1,-0.01,-1,-1,-0.01,-1,-1,-0.01,-1,-1,-0.01,-1,-1,-0.01,-1,-1
99926009,2026-05-18 10:27:47+05:30,52891.5,0,0.0,0,0.0,0.0,53282.15,53308.4,52783.45,53710.35,0,0.0,0.0,0.0,0.0,-0.01,-1,-1,-0.01,-1,-1,-0.01,-1,-1,-0.01,-1,-1,-0.01,-1,-1,-0.01,-1,-1,-0.01,-1,-1,-0.01,-1,-1,-0.01,-1,-1,-0.01,-1,-1
99926009,2026-05-18 10:27:48+05:30,52892.6,0,0.0,0,0.0,0.0,53282.15,53308.4,52783.45,53710.35,0,0.0,0.0,0.0,0.0,-0.01,-1,-1,-0.01,-1,-1,-0.01,-1,-1,-0.01,-1,-1,-0.01,-1,-1,-0.01,-1,-1,-0.01,-1,-1,-0.01,-1,-1,-0.01,-1,-1,-0.01,-1,-1
99926009,2026-05-18 10:27:48+05:30,52894.1,0,0.0,0,0.0,0.0,53282.15,53308.4,52783.45,53710.35,0,0.0,0.0,0.0,0.0,-0.01,-1,-1,-0.01,-1,-1,-0.01,-1,-1,-0.01,-1,-1,-0.01,-1,-1,-0.01,-1,-1,-0.01,-1,-1,-0.01,-1,-1,-0.01,-1,-1,-0.01,-1,-1
99926009,2026-05-18 10:27:49+05:30,52890.25,0,0.0,0,0.0,0.0,53282.15,53308.4,52783.45,53710.35,0,0.0,0.0,0.0,0.0,-0.01,-1,-1,-0.01,-1,-1,-0.01,-1,-1,-0.01,-1,-1,-0.01,-1,-1,-0.01,-1,-1,-0.01,-1,-1,-0.01,-1,-1,-0.01,-1,-1,-0.01,-1,-1
99926009,2026-05-18 10:27:49+05:30,52889.5,0,0.0,0,0.0,0.0,53282.15,53308.4,52783.45,53710.35,0,0.0,0.0,0.0,0.0,-0.01,-1,-1,-0.01,-1,-1,-0.01,-1,-1,-0.01,-1,-1,-0.01,-1,-1,-0.01,-1,-1,-0.01,-1,-1,-0.01,-1,-1,-0.01,-1,-1,-0.01,-1,-1
99926009,2026-05-18 10:27:50+05:30,52889.7,0,0.0,0,0.0,0.0,53282.15,53308.4,52783.45,53710.35,0,0.0,0.0,0.0,0.0,-0.01,-1,-1,-0.01,-1,-1,-0.01,-1,-1,-0.01,-1,-1,-0.01,-1,-1,-0.01,-1,-1,-0.01,-1,-1,-0.01,-1,-1,-0.01,-1,-1,-0.01,-1,-1
99926009,2026-05-18 10:27:50+05:30,52887.3,0,0.0,0,0.0,0.0,53282.15,53308.4,52783.45,53710.35,0,0.0,0.0,0.0,0.0,-0.01,-1,-1,-0.01,-1,-1,-0.01,-1,-1,-0.01,-1,-1,-0.01,-1,-1,-0.01,-1,-1,-0.01,-1,-1,-0.01,-1,-1,-0.01,-1,-1,-0.01,-1,-1
99926009,2026-05-18 10:27:51+05:30,52890.15,0,0.0,0,0.0,0.0,53282.15,53308.4,52783.45,53710.35,0,0.0,0.0,0.0,0.0,-0.01,-1,-1,-0.01,-1,-1,-0.01,-1,-1,-0.01,-1,-1,-0.01,-1,-1,-0.01,-1,-1,-0.01,-1,-1,-0.01,-1,-1,-0.01,-1,-1,-0.01,-1,-1
99926009,2026-05-18 10:27:51+05:30,52888.8,0,0.0,0,0.0,0.0,53282.15,53308.4,52783.45,53710.35,0,0.0,0.0,0.0,0.0,-0.01,-1,-1,-0.01,-1,-1,-0.01,-1,-1,-0.01,-1,-1,-0.01,-1,-1,-0.01,-1,-1,-0.01,-1,-1,-0.01,-1,-1,-0.01,-1,-1,-0.01,-1,-1
99926009,2026-05-18 10:27:52+05:30,52890.4,0,0.0,0,0.0,0.0,53282.15,53308.4,52783.45,53710.35,0,0.0,0.0,0.0,0.0,-0.01,-1,-1,-0.01,-1,-1,-0.01,-1,-1,-0.01,-1,-1,-0.01,-1,-1,-0.01,-1,-1,-0.01,-1,-1,-0.01,-1,-1,-0.01,-1,-1,-0.01,-1,-1
99926009,2026-05-18 10:27:52+05:30,52889.7,0,0.0,0,0.0,0.0,53282.15,53308.4,52783.45,53710.35,0,0.0,0.0,0.0,0.0,-0.01,-1,-1,-0.01,-1,-1,-0.01,-1,-1,-0.01,-1,-1,-0.01,-1,-1,-0.01,-1,-1,-0.01,-1,-1,-0.01,-1,-1,-0.01,-1,-1,-0.01,-1,-1
99926009,2026-05-18 10:27:53+05:30,52886.25,0,0.0,0,0.0,0.0,53282.15,53308.4,52783.45,53710.35,0,0.0,0.0,0.0,0.0,-0.01,-1,-1,-0.01,-1,-1,-0.01,-1,-1,-0.01,-1,-1,-0.01,-1,-1,-0.01,-1,-1,-0.01,-1,-1,-0.01,-1,-1,-0.01,-1,-1,-0.01,-1,-1
99926009,2026-05-18 10:27:53+05:30,52887.65,0,0.0,0,0.0,0.0,53282.15,53308.4,52783.45,53710.35,0,0.0,0.0,0.0,0.0,-0.01,-1,-1,-0.01,-1,-1,-0.01,-1,-1,-0.01,-1,-1,-0.01,-1,-1,-0.01,-1,-1,-0.01,-1,-1,-0.01,-1,-1,-0.01,-1,-1,-0.01,-1,-1
99926009,2026-05-18 10:27:54+05:30,52887.7,0,0.0,0,0.0,0.0,53282.15,53308.4,52783.45,53710.35,0,0.0,0.0,0.0,0.0,-0.01,-1,-1,-0.01,-1,-1,-0.01,-1,-1,-0.01,-1,-1,-0.01,-1,-1,-0.01,-1,-1,-0.01,-1,-1,-0.01,-1,-1,-0.01,-1,-1,-0.01,-1,-1
99926009,2026-05-18 10:27:54+05:30,52888.5,0,0.0,0,0.0,0.0,53282.15,53308.4,52783.45,53710.35,0,0.0,0.0,0.0,0.0,-0.01,-1,-1,-0.01,-1,-1,-0.01,-1,-1,-0.01,-1,-1,-0.01,-1,-1,-0.01,-1,-1,-0.01,-1,-1,-0.01,-1,-1,-0.01,-1,-1,-0.01,-1,-1
99926009,2026-05-18 10:27:55+05:30,52890.3,0,0.0,0,0.0,0.0,53282.15,53308.4,52783.45,53710.35,0,0.0,0.0,0.0,0.0,-0.01,-1,-1,-0.01,-1,-1,-0.01,-1,-1,-0.01,-1,-1,-0.01,-1,-1,-0.01,-1,-1,-0.01,-1,-1,-0.01,-1,-1,-0.01,-1,-1,-0.01,-1,-1
99926009,2026-05-18 10:27:55+05:30,52884.4,0,0.0,0,0.0,0.0,53282.15,53308.4,52783.45,53710.35,0,0.0,0.0,0.0,0.0,-0.01,-1,-1,-0.01,-1,-1,-0.01,-1,-1,-0.01,-1,-1,-0.01,-1,-1,-0.01,-1,-1,-0.01,-1,-1,-0.01,-1,-1,-0.01,-1,-1,-0.01,-1,-1
99926009,2026-05-18 10:27:56+05:30,52885.9,0,0.0,0,0.0,0.0,53282.15,53308.4,52783.45,53710.35,0,0.0,0.0,0.0,0.0,-0.01,-1,-1,-0.01,-1,-1,-0.01,-1,-1,-0.01,-1,-1,-0.01,-1,-1,-0.01,-1,-1,-0.01,-1,-1,-0.01,-1,-1,-0.01,-1,-1,-0.01,-1,-1
99926009,2026-05-18 10:27:56+05:30,52887.25,0,0.0,0,0.0,0.0,53282.15,53308.4,52783.45,53710.35,0,0.0,0.0,0.0,0.0,-0.01,-1,-1,-0.01,-1,-1,-0.01,-1,-1,-0.01,-1,-1,-0.01,-1,-1,-0.01,-1,-1,-0.01,-1,-1,-0.01,-1,-1,-0.01,-1,-1,-0.01,-1,-1
99926009,2026-05-18 10:27:57+05:30,52886.1,0,0.0,0,0.0,0.0,53282.15,53308.4,52783.45,53710.35,0,0.0,0.0,0.0,0.0,-0.01,-1,-1,-0.01,-1,-1,-0.01,-1,-1,-0.01,-1,-1,-0.01,-1,-1,-0.01,-1,-1,-0.01,-1,-1,-0.01,-1,-1,-0.01,-1,-1,-0.01,-1,-1
99926009,2026-05-18 10:27:57+05:30,52879.25,0,0.0,0,0.0,0.0,53282.15,53308.4,52783.45,53710.35,0,0.0,0.0,0.0,0.0,-0.01,-1,-1,-0.01,-1,-1,-0.01,-1,-1,-0.01,-1,-1,-0.01,-1,-1,-0.01,-1,-1,-0.01,-1,-1,-0.01,-1,-1,-0.01,-1,-1,-0.01,-1,-1
99926009,2026-05-18 10:27:58+05:30,52885.5,0,0.0,0,0.0,0.0,53282.15,53308.4,52783.45,53710.35,0,0.0,0.0,0.0,0.0,-0.01,-1,-1,-0.01,-1,-1,-0.01,-1,-1,-0.01,-1,-1,-0.01,-1,-1,-0.01,-1,-1,-0.01,-1,-1,-0.01,-1,-1,-0.01,-1,-1,-0.01,-1,-1
99926009,2026-05-18 10:27:58+05:30,52887.2,0,0.0,0,0.0,0.0,53282.15,53308.4,52783.45,53710.35,0,0.0,0.0,0.0,0.0,-0.01,-1,-1,-0.01,-1,-1,-0.01,-1,-1,-0.01,-1,-1,-0.01,-1,-1,-0.01,-1,-1,-0.01,-1,-1,-0.01,-1,-1,-0.01,-1,-1,-0.01,-1,-1
99926009,2026-05-18 10:27:59+05:30,52886.35,0,0.0,0,0.0,0.0,53282.15,53308.4,52783.45,53710.35,0,0.0,0.0,0.0,0.0,-0.01,-1,-1,-0.01,-1,-1,-0.01,-1,-1,-0.01,-1,-1,-0.01,-1,-1,-0.01,-1,-1,-0.01,-1,-1,-0.01,-1,-1,-0.01,-1,-1,-0.01,-1,-1
99926009,2026-05-18 10:27:59+05:30,52886.6,0,0.0,0,0.0,0.0,53282.15,53308.4,52783.45,53710.35,0,0.0,0.0,0.0,0.0,-0.01,-1,-1,-0.01,-1,-1,-0.01,-1,-1,-0.01,-1,-1,-0.01,-1,-1,-0.01,-1,-1,-0.01,-1,-1,-0.01,-1,-1,-0.01,-1,-1,-0.01,-1,-1
99926009,2026-05-18 10:28:00+05:30,52877.8,0,0.0,0,0.0,0.0,53282.15,53308.4,52783.45,53710.35,0,0.0,0.0,0.0,0.0,-0.01,-1,-1,-0.01,-1,-1,-0.01,-1,-1,-0.01,-1,-1,-0.01,-1,-1,-0.01,-1,-1,-0.01,-1,-1,-0.01,-1,-1,-0.01,-1,-1,-0.01,-1,-1
99926009,2026-05-18 10:28:00+05:30,52874.3,0,0.0,0,0.0,0.0,53282.15,53308.4,52783.45,53710.35,0,0.0,0.0,0.0,0.0,-0.01,-1,-1,-0.01,-1,-1,-0.01,-1,-1,-0.01,-1,-1,-0.01,-1,-1,-0.01,-1,-1,-0.01,-1,-1,-0.01,-1,-1,-0.01,-1,-1,-0.01,-1,-1
99926009,2026-05-18 10:28:01+05:30,52878.6,0,0.0,0,0.0,0.0,53282.15,53308.4,52783.45,53710.35,0,0.0,0.0,0.0,0.0,-0.01,-1,-1,-0.01,-1,-1,-0.01,-1,-1,-0.01,-1,-1,-0.01,-1,-1,-0.01,-1,-1,-0.01,-1,-1,-0.01,-1,-1,-0.01,-1,-1,-0.01,-1,-1
99926009,2026-05-18 10:28:01+05:30,52873.7,0,0.0,0,0.0,0.0,53282.15,53308.4,52783.45,53710.35,0,0.0,0.0,0.0,0.0,-0.01,-1,-1,-0.01,-1,-1,-0.01,-1,-1,-0.01,-1,-1,-0.01,-1,-1,-0.01,-1,-1,-0.01,-1,-1,-0.01,-1,-1,-0.01,-1,-1,-0.01,-1,-1
99926009,2026-05-18 10:28:02+05:30,52870.65,0,0.0,0,0.0,0.0,53282.15,53308.4,52783.45,53710.35,0,0.0,0.0,0.0,0.0,-0.01,-1,-1,-0.01,-1,-1,-0.01,-1,-1,-0.01,-1,-1,-0.01,-1,-1,-0.01,-1,-1,-0.01,-1,-1,-0.01,-1,-1,-0.01,-1,-1,-0.01,-1,-1
99926009,2026-05-18 10:28:02+05:30,52867.8,0,0.0,0,0.0,0.0,53282.15,53308.4,52783.45,53710.35,0,0.0,0.0,0.0,0.0,-0.01,-1,-1,-0.01,-1,-1,-0.01,-1,-1,-0.01,-1,-1,-0.01,-1,-1,-0.01,-1,-1,-0.01,-1,-1,-0.01,-1,-1,-0.01,-1,-1,-0.01,-1,-1
99926009,2026-05-18 10:28:03+05:30,52868.85,0,0.0,0,0.0,0.0,53282.15,53308.4,52783.45,53710.35,0,0.0,0.0,0.0,0.0,-0.01,-1,-1,-0.01,-1,-1,-0.01,-1,-1,-0.01,-1,-1,-0.01,-1,-1,-0.01,-1,-1,-0.01,-1,-1,-0.01,-1,-1,-0.01,-1,-1,-0.01,-1,-1
99926009,2026-05-18 10:28:03+05:30,52871.0,0,0.0,0,0.0,0.0,53282.15,53308.4,52783.45,53710.35,0,0.0,0.0,0.0,0.0,-0.01,-1,-1,-0.01,-1,-1,-0.01,-1,-1,-0.01,-1,-1,-0.01,-1,-1,-0.01,-1,-1,-0.01,-1,-1,-0.01,-1,-1,-0.01,-1,-1,-0.01,-1,-1
99926009,2026-05-18 10:28:04+05:30,52869.15,0,0.0,0,0.0,0.0,53282.15,53308.4,52783.45,53710.35,0,0.0,0.0,0.0,0.0,-0.01,-1,-1,-0.01,-1,-1,-0.01,-1,-1,-0.01,-1,-1,-0.01,-1,-1,-0.01,-1,-1,-0.01,-1,-1,-0.01,-1,-1,-0.01,-1,-1,-0.01,-1,-1
99926009,2026-05-18 10:28:04+05:30,52869.3,0,0.0,0,0.0,0.0,53282.15,53308.4,52783.45,53710.35,0,0.0,0.0,0.0,0.0,-0.01,-1,-1,-0.01,-1,-1,-0.01,-1,-1,-0.01,-1,-1,-0.01,-1,-1,-0.01,-1,-1,-0.01,-1,-1,-0.01,-1,-1,-0.01,-1,-1,-0.01,-1,-1
99926009,2026-05-18 10:28:05+05:30,52869.6,0,0.0,0,0.0,0.0,53282.15,53308.4,52783.45,53710.35,0,0.0,0.0,0.0,0.0,-0.01,-1,-1,-0.01,-1,-1,-0.01,-1,-1,-0.01,-1,-1,-0.01,-1,-1,-0.01,-1,-1,-0.01,-1,-1,-0.01,-1,-1,-0.01,-1,-1,-0.01,-1,-1
99926009,2026-05-18 10:28:05+05:30,52870.3,0,0.0,0,0.0,0.0,53282.15,53308.4,52783.45,53710.35,0,0.0,0.0,0.0,0.0,-0.01,-1,-1,-0.01,-1,-1,-0.01,-1,-1,-0.01,-1,-1,-0.01,-1,-1,-0.01,-1,-1,-0.01,-1,-1,-0.01,-1,-1,-0.01,-1,-1,-0.01,-1,-1
99926009,2026-05-18 10:28:06+05:30,52871.75,0,0.0,0,0.0,0.0,53282.15,53308.4,52783.45,53710.35,0,0.0,0.0,0.0,0.0,-0.01,-1,-1,-0.01,-1,-1,-0.01,-1,-1,-0.01,-1,-1,-0.01,-1,-1,-0.01,-1,-1,-0.01,-1,-1,-0.01,-1,-1,-0.01,-1,-1,-0.01,-1,-1
99926009,2026-05-18 10:28:06+05:30,52867.5,0,0.0,0,0.0,0.0,53282.15,53308.4,52783.45,53710.35,0,0.0,0.0,0.0,0.0,-0.01,-1,-1,-0.01,-1,-1,-0.01,-1,-1,-0.01,-1,-1,-0.01,-1,-1,-0.01,-1,-1,-0.01,-1,-1,-0.01,-1,-1,-0.01,-1,-1,-0.01,-1,-1
99926009,2026-05-18 10:28:07+05:30,52867.9,0,0.0,0,0.0,0.0,53282.15,53308.4,52783.45,53710.35,0,0.0,0.0,0.0,0.0,-0.01,-1,-1,-0.01,-1,-1,-0.01,-1,-1,-0.01,-1,-1,-0.01,-1,-1,-0.01,-1,-1,-0.01,-1,-1,-0.01,-1,-1,-0.01,-1,-1,-0.01,-1,-1
99926009,2026-05-18 10:28:07+05:30,52866.1,0,0.0,0,0.0,0.0,53282.15,53308.4,52783.45,53710.35,0,0.0,0.0,0.0,0.0,-0.01,-1,-1,-0.01,-1,-1,-0.01,-1,-1,-0.01,-1,-1,-0.01,-1,-1,-0.01,-1,-1,-0.01,-1,-1,-0.01,-1,-1,-0.01,-1,-1,-0.01,-1,-1
99926009,2026-05-18 10:28:08+05:30,52863.75,0,0.0,0,0.0,0.0,53282.15,53308.4,52783.45,53710.35,0,0.0,0.0,0.0,0.0,-0.01,-1,-1,-0.01,-1,-1,-0.01,-1,-1,-0.01,-1,-1,-0.01,-1,-1,-0.01,-1,-1,-0.01,-1,-1,-0.01,-1,-1,-0.01,-1,-1,-0.01,-1,-1
99926009,2026-05-18 10:28:08+05:30,52865.15,0,0.0,0,0.0,0.0,53282.15,53308.4,52783.45,53710.35,0,0.0,0.0,0.0,0.0,-0.01,-1,-1,-0.01,-1,-1,-0.01,-1,-1,-0.01,-1,-1,-0.01,-1,-1,-0.01,-1,-1,-0.01,-1,-1,-0.01,-1,-1,-0.01,-1,-1,-0.01,-1,-1
99926009,2026-05-18 10:28:09+05:30,52865.35,0,0.0,0,0.0,0.0,53282.15,53308.4,52783.45,53710.35,0,0.0,0.0,0.0,0.0,-0.01,-1,-1,-0.01,-1,-1,-0.01,-1,-1,-0.01,-1,-1,-0.01,-1,-1,-0.01,-1,-1,-0.01,-1,-1,-0.01,-1,-1,-0.01,-1,-1,-0.01,-1,-1
99926009,2026-05-18 10:28:09+05:30,52865.25,0,0.0,0,0.0,0.0,53282.15,53308.4,52783.45,53710.35,0,0.0,0.0,0.0,0.0,-0.01,-1,-1,-0.01,-1,-1,-0.01,-1,-1,-0.01,-1,-1,-0.01,-1,-1,-0.01,-1,-1,-0.01,-1,-1,-0.01,-1,-1,-0.01,-1,-1,-0.01,-1,-1
99926009,2026-05-18 10:28:10+05:30,52865.1,0,0.0,0,0.0,0.0,53282.15,53308.4,52783.45,53710.35,0,0.0,0.0,0.0,0.0,-0.01,-1,-1,-0.01,-1,-1,-0.01,-1,-1,-0.01,-1,-1,-0.01,-1,-1,-0.01,-1,-1,-0.01,-1,-1,-0.01,-1,-1,-0.01,-1,-1,-0.01,-1,-1
99926009,2026-05-18 10:28:10+05:30,52864.0,0,0.0,0,0.0,0.0,53282.15,53308.4,52783.45,53710.35,0,0.0,0.0,0.0,0.0,-0.01,-1,-1,-0.01,-1,-1,-0.01,-1,-1,-0.01,-1,-1,-0.01,-1,-1,-0.01,-1,-1,-0.01,-1,-1,-0.01,-1,-1,-0.01,-1,-1,-0.01,-1,-1
99926009,2026-05-18 10:28:11+05:30,52864.0,0,0.0,0,0.0,0.0,53282.15,53308.4,52783.45,53710.35,0,0.0,0.0,0.0,0.0,-0.01,-1,-1,-0.01,-1,-1,-0.01,-1,-1,-0.01,-1,-1,-0.01,-1,-1,-0.01,-1,-1,-0.01,-1,-1,-0.01,-1,-1,-0.01,-1,-1,-0.01,-1,-1
99926009,2026-05-18 10:28:11+05:30,52863.6,0,0.0,0,0.0,0.0,53282.15,53308.4,52783.45,53710.35,0,0.0,0.0,0.0,0.0,-0.01,-1,-1,-0.01,-1,-1,-0.01,-1,-1,-0.01,-1,-1,-0.01,-1,-1,-0.01,-1,-1,-0.01,-1,-1,-0.01,-1,-1,-0.01,-1,-1,-0.01,-1,-1
99926009,2026-05-18 10:28:12+05:30,52866.3,0,0.0,0,0.0,0.0,53282.15,53308.4,52783.45,53710.35,0,0.0,0.0,0.0,0.0,-0.01,-1,-1,-0.01,-1,-1,-0.01,-1,-1,-0.01,-1,-1,-0.01,-1,-1,-0.01,-1,-1,-0.01,-1,-1,-0.01,-1,-1,-0.01,-1,-1,-0.01,-1,-1
99926009,2026-05-18 10:28:12+05:30,52867.6,0,0.0,0,0.0,0.0,53282.15,53308.4,52783.45,53710.35,0,0.0,0.0,0.0,0.0,-0.01,-1,-1,-0.01,-1,-1,-0.01,-1,-1,-0.01,-1,-1,-0.01,-1,-1,-0.01,-1,-1,-0.01,-1,-1,-0.01,-1,-1,-0.01,-1,-1,-0.01,-1,-1
99926009,2026-05-18 10:28:13+05:30,52864.75,0,0.0,0,0.0,0.0,53282.15,53308.4,52783.45,53710.35,0,0.0,0.0,0.0,0.0,-0.01,-1,-1,-0.01,-1,-1,-0.01,-1,-1,-0.01,-1,-1,-0.01,-1,-1,-0.01,-1,-1,-0.01,-1,-1,-0.01,-1,-1,-0.01,-1,-1,-0.01,-1,-1
99926009,2026-05-18 10:28:13+05:30,52861.5,0,0.0,0,0.0,0.0,53282.15,53308.4,52783.45,53710.35,0,0.0,0.0,0.0,0.0,-0.01,-1,-1,-0.01,-1,-1,-0.01,-1,-1,-0.01,-1,-1,-0.01,-1,-1,-0.01,-1,-1,-0.01,-1,-1,-0.01,-1,-1,-0.01,-1,-1,-0.01,-1,-1
99926009,2026-05-18 10:28:14+05:30,52864.05,0,0.0,0,0.0,0.0,53282.15,53308.4,52783.45,53710.35,0,0.0,0.0,0.0,0.0,-0.01,-1,-1,-0.01,-1,-1,-0.01,-1,-1,-0.01,-1,-1,-0.01,-1,-1,-0.01,-1,-1,-0.01,-1,-1,-0.01,-1,-1,-0.01,-1,-1,-0.01,-1,-1
99926009,2026-05-18 10:28:14+05:30,52870.25,0,0.0,0,0.0,0.0,53282.15,53308.4,52783.45,53710.35,0,0.0,0.0,0.0,0.0,-0.01,-1,-1,-0.01,-1,-1,-0.01,-1,-1,-0.01,-1,-1,-0.01,-1,-1,-0.01,-1,-1,-0.01,-1,-1,-0.01,-1,-1,-0.01,-1,-1,-0.01,-1,-1
99926009,2026-05-18 10:28:15+05:30,52869.8,0,0.0,0,0.0,0.0,53282.15,53308.4,52783.45,53710.35,0,0.0,0.0,0.0,0.0,-0.01,-1,-1,-0.01,-1,-1,-0.01,-1,-1,-0.01,-1,-1,-0.01,-1,-1,-0.01,-1,-1,-0.01,-1,-1,-0.01,-1,-1,-0.01,-1,-1,-0.01,-1,-1
99926009,2026-05-18 10:28:15+05:30,52870.3,0,0.0,0,0.0,0.0,53282.15,53308.4,52783.45,53710.35,0,0.0,0.0,0.0,0.0,-0.01,-1,-1,-0.01,-1,-1,-0.01,-1,-1,-0.01,-1,-1,-0.01,-1,-1,-0.01,-1,-1,-0.01,-1,-1,-0.01,-1,-1,-0.01,-1,-1,-0.01,-1,-1
99926009,2026-05-18 10:28:16+05:30,52871.7,0,0.0,0,0.0,0.0,53282.15,53308.4,52783.45,53710.35,0,0.0,0.0,0.0,0.0,-0.01,-1,-1,-0.01,-1,-1,-0.01,-1,-1,-0.01,-1,-1,-0.01,-1,-1,-0.01,-1,-1,-0.01,-1,-1,-0.01,-1,-1,-0.01,-1,-1,-0.01,-1,-1
99926009,2026-05-18 10:28:16+05:30,52867.7,0,0.0,0,0.0,0.0,53282.15,53308.4,52783.45,53710.35,0,0.0,0.0,0.0,0.0,-0.01,-1,-1,-0.01,-1,-1,-0.01,-1,-1,-0.01,-1,-1,-0.01,-1,-1,-0.01,-1,-1,-0.01,-1,-1,-0.01,-1,-1,-0.01,-1,-1,-0.01,-1,-1
99926009,2026-05-18 10:28:17+05:30,52863.25,0,0.0,0,0.0,0.0,53282.15,53308.4,52783.45,53710.35,0,0.0,0.0,0.0,0.0,-0.01,-1,-1,-0.01,-1,-1,-0.01,-1,-1,-0.01,-1,-1,-0.01,-1,-1,-0.01,-1,-1,-0.01,-1,-1,-0.01,-1,-1,-0.01,-1,-1,-0.01,-1,-1
99926009,2026-05-18 10:28:17+05:30,52865.6,0,0.0,0,0.0,0.0,53282.15,53308.4,52783.45,53710.35,0,0.0,0.0,0.0,0.0,-0.01,-1,-1,-0.01,-1,-1,-0.01,-1,-1,-0.01,-1,-1,-0.01,-1,-1,-0.01,-1,-1,-0.01,-1,-1,-0.01,-1,-1,-0.01,-1,-1,-0.01,-1,-1
99926009,2026-05-18 10:28:18+05:30,52864.95,0,0.0,0,0.0,0.0,53282.15,53308.4,52783.45,53710.35,0,0.0,0.0,0.0,0.0,-0.01,-1,-1,-0.01,-1,-1,-0.01,-1,-1,-0.01,-1,-1,-0.01,-1,-1,-0.01,-1,-1,-0.01,-1,-1,-0.01,-1,-1,-0.01,-1,-1,-0.01,-1,-1
99926009,2026-05-18 10:28:18+05:30,52865.55,0,0.0,0,0.0,0.0,53282.15,53308.4,52783.45,53710.35,0,0.0,0.0,0.0,0.0,-0.01,-1,-1,-0.01,-1,-1,-0.01,-1,-1,-0.01,-1,-1,-0.01,-1,-1,-0.01,-1,-1,-0.01,-1,-1,-0.01,-1,-1,-0.01,-1,-1,-0.01,-1,-1
99926009,2026-05-18 10:28:19+05:30,52867.6,0,0.0,0,0.0,0.0,53282.15,53308.4,52783.45,53710.35,0,0.0,0.0,0.0,0.0,-0.01,-1,-1,-0.01,-1,-1,-0.01,-1,-1,-0.01,-1,-1,-0.01,-1,-1,-0.01,-1,-1,-0.01,-1,-1,-0.01,-1,-1,-0.01,-1,-1,-0.01,-1,-1
99926009,2026-05-18 10:28:19+05:30,52866.65,0,0.0,0,0.0,0.0,53282.15,53308.4,52783.45,53710.35,0,0.0,0.0,0.0,0.0,-0.01,-1,-1,-0.01,-1,-1,-0.01,-1,-1,-0.01,-1,-1,-0.01,-1,-1,-0.01,-1,-1,-0.01,-1,-1,-0.01,-1,-1,-0.01,-1,-1,-0.01,-1,-1
99926009,2026-05-18 10:28:20+05:30,52867.5,0,0.0,0,0.0,0.0,53282.15,53308.4,52783.45,53710.35,0,0.0,0.0,0.0,0.0,-0.01,-1,-1,-0.01,-1,-1,-0.01,-1,-1,-0.01,-1,-1,-0.01,-1,-1,-0.01,-1,-1,-0.01,-1,-1,-0.01,-1,-1,-0.01,-1,-1,-0.01,-1,-1
99926009,2026-05-18 10:28:20+05:30,52866.8,0,0.0,0,0.0,0.0,53282.15,53308.4,52783.45,53710.35,0,0.0,0.0,0.0,0.0,-0.01,-1,-1,-0.01,-1,-1,-0.01,-1,-1,-0.01,-1,-1,-0.01,-1,-1,-0.01,-1,-1,-0.01,-1,-1,-0.01,-1,-1,-0.01,-1,-1,-0.01,-1,-1
99926009,2026-05-18 10:28:21+05:30,52866.8,0,0.0,0,0.0,0.0,53282.15,53308.4,52783.45,53710.35,0,0.0,0.0,0.0,0.0,-0.01,-1,-1,-0.01,-1,-1,-0.01,-1,-1,-0.01,-1,-1,-0.01,-1,-1,-0.01,-1,-1,-0.01,-1,-1,-0.01,-1,-1,-0.01,-1,-1,-0.01,-1,-1
99926009,2026-05-18 10:28:21+05:30,52868.3,0,0.0,0,0.0,0.0,53282.15,53308.4,52783.45,53710.35,0,0.0,0.0,0.0,0.0,-0.01,-1,-1,-0.01,-1,-1,-0.01,-1,-1,-0.01,-1,-1,-0.01,-1,-1,-0.01,-1,-1,-0.01,-1,-1,-0.01,-1,-1,-0.01,-1,-1,-0.01,-1,-1
99926009,2026-05-18 10:28:22+05:30,52868.5,0,0.0,0,0.0,0.0,53282.15,53308.4,52783.45,53710.35,0,0.0,0.0,0.0,0.0,-0.01,-1,-1,-0.01,-1,-1,-0.01,-1,-1,-0.01,-1,-1,-0.01,-1,-1,-0.01,-1,-1,-0.01,-1,-1,-0.01,-1,-1,-0.01,-1,-1,-0.01,-1,-1
99926009,2026-05-18 10:28:22+05:30,52868.45,0,0.0,0,0.0,0.0,53282.15,53308.4,52783.45,53710.35,0,0.0,0.0,0.0,0.0,-0.01,-1,-1,-0.01,-1,-1,-0.01,-1,-1,-0.01,-1,-1,-0.01,-1,-1,-0.01,-1,-1,-0.01,-1,-1,-0.01,-1,-1,-0.01,-1,-1,-0.01,-1,-1
99926009,2026-05-18 10:28:23+05:30,52866.05,0,0.0,0,0.0,0.0,53282.15,53308.4,52783.45,53710.35,0,0.0,0.0,0.0,0.0,-0.01,-1,-1,-0.01,-1,-1,-0.01,-1,-1,-0.01,-1,-1,-0.01,-1,-1,-0.01,-1,-1,-0.01,-1,-1,-0.01,-1,-1,-0.01,-1,-1,-0.01,-1,-1
99926009,2026-05-18 10:28:23+05:30,52868.7,0,0.0,0,0.0,0.0,53282.15,53308.4,52783.45,53710.35,0,0.0,0.0,0.0,0.0,-0.01,-1,-1,-0.01,-1,-1,-0.01,-1,-1,-0.01,-1,-1,-0.01,-1,-1,-0.01,-1,-1,-0.01,-1,-1,-0.01,-1,-1,-0.01,-1,-1,-0.01,-1,-1
99926009,2026-05-18 10:28:24+05:30,52871.7,0,0.0,0,0.0,0.0,53282.15,53308.4,52783.45,53710.35,0,0.0,0.0,0.0,0.0,-0.01,-1,-1,-0.01,-1,-1,-0.01,-1,-1,-0.01,-1,-1,-0.01,-1,-1,-0.01,-1,-1,-0.01,-1,-1,-0.01,-1,-1,-0.01,-1,-1,-0.01,-1,-1
99926009,2026-05-18 10:28:24+05:30,52871.85,0,0.0,0,0.0,0.0,53282.15,53308.4,52783.45,53710.35,0,0.0,0.0,0.0,0.0,-0.01,-1,-1,-0.01,-1,-1,-0.01,-1,-1,-0.01,-1,-1,-0.01,-1,-1,-0.01,-1,-1,-0.01,-1,-1,-0.01,-1,-1,-0.01,-1,-1,-0.01,-1,-1
99926009,2026-05-18 10:28:25+05:30,52873.75,0,0.0,0,0.0,0.0,53282.15,53308.4,52783.45,53710.35,0,0.0,0.0,0.0,0.0,-0.01,-1,-1,-0.01,-1,-1,-0.01,-1,-1,-0.01,-1,-1,-0.01,-1,-1,-0.01,-1,-1,-0.01,-1,-1,-0.01,-1,-1,-0.01,-1,-1,-0.01,-1,-1
99926009,2026-05-18 10:28:25+05:30,52871.75,0,0.0,0,0.0,0.0,53282.15,53308.4,52783.45,53710.35,0,0.0,0.0,0.0,0.0,-0.01,-1,-1,-0.01,-1,-1,-0.01,-1,-1,-0.01,-1,-1,-0.01,-1,-1,-0.01,-1,-1,-0.01,-1,-1,-0.01,-1,-1,-0.01,-1,-1,-0.01,-1,-1
99926009,2026-05-18 10:28:26+05:30,52875.55,0,0.0,0,0.0,0.0,53282.15,53308.4,52783.45,53710.35,0,0.0,0.0,0.0,0.0,-0.01,-1,-1,-0.01,-1,-1,-0.01,-1,-1,-0.01,-1,-1,-0.01,-1,-1,-0.01,-1,-1,-0.01,-1,-1,-0.01,-1,-1,-0.01,-1,-1,-0.01,-1,-1
99926009,2026-05-18 10:28:26+05:30,52874.25,0,0.0,0,0.0,0.0,53282.15,53308.4,52783.45,53710.35,0,0.0,0.0,0.0,0.0,-0.01,-1,-1,-0.01,-1,-1,-0.01,-1,-1,-0.01,-1,-1,-0.01,-1,-1,-0.01,-1,-1,-0.01,-1,-1,-0.01,-1,-1,-0.01,-1,-1,-0.01,-1,-1
99926009,2026-05-18 10:28:27+05:30,52874.85,0,0.0,0,0.0,0.0,53282.15,53308.4,52783.45,53710.35,0,0.0,0.0,0.0,0.0,-0.01,-1,-1,-0.01,-1,-1,-0.01,-1,-1,-0.01,-1,-1,-0.01,-1,-1,-0.01,-1,-1,-0.01,-1,-1,-0.01,-1,-1,-0.01,-1,-1,-0.01,-1,-1
99926009,2026-05-18 10:28:27+05:30,52874.65,0,0.0,0,0.0,0.0,53282.15,53308.4,52783.45,53710.35,0,0.0,0.0,0.0,0.0,-0.01,-1,-1,-0.01,-1,-1,-0.01,-1,-1,-0.01,-1,-1,-0.01,-1,-1,-0.01,-1,-1,-0.01,-1,-1,-0.01,-1,-1,-0.01,-1,-1,-0.01,-1,-1
99926009,2026-05-18 10:28:28+05:30,52873.35,0,0.0,0,0.0,0.0,53282.15,53308.4,52783.45,53710.35,0,0.0,0.0,0.0,0.0,-0.01,-1,-1,-0.01,-1,-1,-0.01,-1,-1,-0.01,-1,-1,-0.01,-1,-1,-0.01,-1,-1,-0.01,-1,-1,-0.01,-1,-1,-0.01,-1,-1,-0.01,-1,-1
99926009,2026-05-18 10:28:28+05:30,52872.4,0,0.0,0,0.0,0.0,53282.15,53308.4,52783.45,53710.35,0,0.0,0.0,0.0,0.0,-0.01,-1,-1,-0.01,-1,-1,-0.01,-1,-1,-0.01,-1,-1,-0.01,-1,-1,-0.01,-1,-1,-0.01,-1,-1,-0.01,-1,-1,-0.01,-1,-1,-0.01,-1,-1
99926009,2026-05-18 10:28:29+05:30,52870.05,0,0.0,0,0.0,0.0,53282.15,53308.4,52783.45,53710.35,0,0.0,0.0,0.0,0.0,-0.01,-1,-1,-0.01,-1,-1,-0.01,-1,-1,-0.01,-1,-1,-0.01,-1,-1,-0.01,-1,-1,-0.01,-1,-1,-0.01,-1,-1,-0.01,-1,-1,-0.01,-1,-1
99926009,2026-05-18 10:28:29+05:30,52870.75,0,0.0,0,0.0,0.0,53282.15,53308.4,52783.45,53710.35,0,0.0,0.0,0.0,0.0,-0.01,-1,-1,-0.01,-1,-1,-0.01,-1,-1,-0.01,-1,-1,-0.01,-1,-1,-0.01,-1,-1,-0.01,-1,-1,-0.01,-1,-1,-0.01,-1,-1,-0.01,-1,-1
99926009,2026-05-18 10:28:30+05:30,52873.35,0,0.0,0,0.0,0.0,53282.15,53308.4,52783.45,53710.35,0,0.0,0.0,0.0,0.0,-0.01,-1,-1,-0.01,-1,-1,-0.01,-1,-1,-0.01,-1,-1,-0.01,-1,-1,-0.01,-1,-1,-0.01,-1,-1,-0.01,-1,-1,-0.01,-1,-1,-0.01,-1,-1
99926009,2026-05-18 10:28:30+05:30,52869.6,0,0.0,0,0.0,0.0,53282.15,53308.4,52783.45,53710.35,0,0.0,0.0,0.0,0.0,-0.01,-1,-1,-0.01,-1,-1,-0.01,-1,-1,-0.01,-1,-1,-0.01,-1,-1,-0.01,-1,-1,-0.01,-1,-1,-0.01,-1,-1,-0.01,-1,-1,-0.01,-1,-1
99926009,2026-05-18 10:28:31+05:30,52872.45,0,0.0,0,0.0,0.0,53282.15,53308.4,52783.45,53710.35,0,0.0,0.0,0.0,0.0,-0.01,-1,-1,-0.01,-1,-1,-0.01,-1,-1,-0.01,-1,-1,-0.01,-1,-1,-0.01,-1,-1,-0.01,-1,-1,-0.01,-1,-1,-0.01,-1,-1,-0.01,-1,-1
99926009,2026-05-18 10:28:31+05:30,52869.05,0,0.0,0,0.0,0.0,53282.15,53308.4,52783.45,53710.35,0,0.0,0.0,0.0,0.0,-0.01,-1,-1,-0.01,-1,-1,-0.01,-1,-1,-0.01,-1,-1,-0.01,-1,-1,-0.01,-1,-1,-0.01,-1,-1,-0.01,-1,-1,-0.01,-1,-1,-0.01,-1,-1
99926009,2026-05-18 10:28:32+05:30,52869.1,0,0.0,0,0.0,0.0,53282.15,53308.4,52783.45,53710.35,0,0.0,0.0,0.0,0.0,-0.01,-1,-1,-0.01,-1,-1,-0.01,-1,-1,-0.01,-1,-1,-0.01,-1,-1,-0.01,-1,-1,-0.01,-1,-1,-0.01,-1,-1,-0.01,-1,-1,-0.01,-1,-1
99926009,2026-05-18 10:28:32+05:30,52869.25,0,0.0,0,0.0,0.0,53282.15,53308.4,52783.45,53710.35,0,0.0,0.0,0.0,0.0,-0.01,-1,-1,-0.01,-1,-1,-0.01,-1,-1,-0.01,-1,-1,-0.01,-1,-1,-0.01,-1,-1,-0.01,-1,-1,-0.01,-1,-1,-0.01,-1,-1,-0.01,-1,-1
99926009,2026-05-18 10:28:33+05:30,52868.05,0,0.0,0,0.0,0.0,53282.15,53308.4,52783.45,53710.35,0,0.0,0.0,0.0,0.0,-0.01,-1,-1,-0.01,-1,-1,-0.01,-1,-1,-0.01,-1,-1,-0.01,-1,-1,-0.01,-1,-1,-0.01,-1,-1,-0.01,-1,-1,-0.01,-1,-1,-0.01,-1,-1
99926009,2026-05-18 10:28:33+05:30,52869.45,0,0.0,0,0.0,0.0,53282.15,53308.4,52783.45,53710.35,0,0.0,0.0,0.0,0.0,-0.01,-1,-1,-0.01,-1,-1,-0.01,-1,-1,-0.01,-1,-1,-0.01,-1,-1,-0.01,-1,-1,-0.01,-1,-1,-0.01,-1,-1,-0.01,-1,-1,-0.01,-1,-1
99926009,2026-05-18 10:28:34+05:30,52870.4,0,0.0,0,0.0,0.0,53282.15,53308.4,52783.45,53710.35,0,0.0,0.0,0.0,0.0,-0.01,-1,-1,-0.01,-1,-1,-0.01,-1,-1,-0.01,-1,-1,-0.01,-1,-1,-0.01,-1,-1,-0.01,-1,-1,-0.01,-1,-1,-0.01,-1,-1,-0.01,-1,-1
99926009,2026-05-18 10:28:34+05:30,52868.85,0,0.0,0,0.0,0.0,53282.15,53308.4,52783.45,53710.35,0,0.0,0.0,0.0,0.0,-0.01,-1,-1,-0.01,-1,-1,-0.01,-1,-1,-0.01,-1,-1,-0.01,-1,-1,-0.01,-1,-1,-0.01,-1,-1,-0.01,-1,-1,-0.01,-1,-1,-0.01,-1,-1
99926009,2026-05-18 10:28:35+05:30,52870.55,0,0.0,0,0.0,0.0,53282.15,53308.4,52783.45,53710.35,0,0.0,0.0,0.0,0.0,-0.01,-1,-1,-0.01,-1,-1,-0.01,-1,-1,-0.01,-1,-1,-0.01,-1,-1,-0.01,-1,-1,-0.01,-1,-1,-0.01,-1,-1,-0.01,-1,-1,-0.01,-1,-1
99926009,2026-05-18 10:28:35+05:30,52867.45,0,0.0,0,0.0,0.0,53282.15,53308.4,52783.45,53710.35,0,0.0,0.0,0.0,0.0,-0.01,-1,-1,-0.01,-1,-1,-0.01,-1,-1,-0.01,-1,-1,-0.01,-1,-1,-0.01,-1,-1,-0.01,-1,-1,-0.01,-1,-1,-0.01,-1,-1,-0.01,-1,-1
99926009,2026-05-18 10:28:36+05:30,52867.05,0,0.0,0,0.0,0.0,53282.15,53308.4,52783.45,53710.35,0,0.0,0.0,0.0,0.0,-0.01,-1,-1,-0.01,-1,-1,-0.01,-1,-1,-0.01,-1,-1,-0.01,-1,-1,-0.01,-1,-1,-0.01,-1,-1,-0.01,-1,-1,-0.01,-1,-1,-0.01,-1,-1
99926009,2026-05-18 10:28:36+05:30,52866.6,0,0.0,0,0.0,0.0,53282.15,53308.4,52783.45,53710.35,0,0.0,0.0,0.0,0.0,-0.01,-1,-1,-0.01,-1,-1,-0.01,-1,-1,-0.01,-1,-1,-0.01,-1,-1,-0.01,-1,-1,-0.01,-1,-1,-0.01,-1,-1,-0.01,-1,-1,-0.01,-1,-1
99926009,2026-05-18 10:28:37+05:30,52866.35,0,0.0,0,0.0,0.0,53282.15,53308.4,52783.45,53710.35,0,0.0,0.0,0.0,0.0,-0.01,-1,-1,-0.01,-1,-1,-0.01,-1,-1,-0.01,-1,-1,-0.01,-1,-1,-0.01,-1,-1,-0.01,-1,-1,-0.01,-1,-1,-0.01,-1,-1,-0.01,-1,-1
99926009,2026-05-18 10:28:37+05:30,52867.1,0,0.0,0,0.0,0.0,53282.15,53308.4,52783.45,53710.35,0,0.0,0.0,0.0,0.0,-0.01,-1,-1,-0.01,-1,-1,-0.01,-1,-1,-0.01,-1,-1,-0.01,-1,-1,-0.01,-1,-1,-0.01,-1,-1,-0.01,-1,-1,-0.01,-1,-1,-0.01,-1,-1
99926009,2026-05-18 10:28:38+05:30,52868.0,0,0.0,0,0.0,0.0,53282.15,53308.4,52783.45,53710.35,0,0.0,0.0,0.0,0.0,-0.01,-1,-1,-0.01,-1,-1,-0.01,-1,-1,-0.01,-1,-1,-0.01,-1,-1,-0.01,-1,-1,-0.01,-1,-1,-0.01,-1,-1,-0.01,-1,-1,-0.01,-1,-1
99926009,2026-05-18 10:28:38+05:30,52864.2,0,0.0,0,0.0,0.0,53282.15,53308.4,52783.45,53710.35,0,0.0,0.0,0.0,0.0,-0.01,-1,-1,-0.01,-1,-1,-0.01,-1,-1,-0.01,-1,-1,-0.01,-1,-1,-0.01,-1,-1,-0.01,-1,-1,-0.01,-1,-1,-0.01,-1,-1,-0.01,-1,-1
99926009,2026-05-18 10:28:39+05:30,52866.65,0,0.0,0,0.0,0.0,53282.15,53308.4,52783.45,53710.35,0,0.0,0.0,0.0,0.0,-0.01,-1,-1,-0.01,-1,-1,-0.01,-1,-1,-0.01,-1,-1,-0.01,-1,-1,-0.01,-1,-1,-0.01,-1,-1,-0.01,-1,-1,-0.01,-1,-1,-0.01,-1,-1
99926009,2026-05-18 10:28:39+05:30,52869.5,0,0.0,0,0.0,0.0,53282.15,53308.4,52783.45,53710.35,0,0.0,0.0,0.0,0.0,-0.01,-1,-1,-0.01,-1,-1,-0.01,-1,-1,-0.01,-1,-1,-0.01,-1,-1,-0.01,-1,-1,-0.01,-1,-1,-0.01,-1,-1,-0.01,-1,-1,-0.01,-1,-1
99926009,2026-05-18 10:28:40+05:30,52867.95,0,0.0,0,0.0,0.0,53282.15,53308.4,52783.45,53710.35,0,0.0,0.0,0.0,0.0,-0.01,-1,-1,-0.01,-1,-1,-0.01,-1,-1,-0.01,-1,-1,-0.01,-1,-1,-0.01,-1,-1,-0.01,-1,-1,-0.01,-1,-1,-0.01,-1,-1,-0.01,-1,-1
99926009,2026-05-18 10:28:40+05:30,52864.75,0,0.0,0,0.0,0.0,53282.15,53308.4,52783.45,53710.35,0,0.0,0.0,0.0,0.0,-0.01,-1,-1,-0.01,-1,-1,-0.01,-1,-1,-0.01,-1,-1,-0.01,-1,-1,-0.01,-1,-1,-0.01,-1,-1,-0.01,-1,-1,-0.01,-1,-1,-0.01,-1,-1
99926009,2026-05-18 10:28:41+05:30,52869.85,0,0.0,0,0.0,0.0,53282.15,53308.4,52783.45,53710.35,0,0.0,0.0,0.0,0.0,-0.01,-1,-1,-0.01,-1,-1,-0.01,-1,-1,-0.01,-1,-1,-0.01,-1,-1,-0.01,-1,-1,-0.01,-1,-1,-0.01,-1,-1,-0.01,-1,-1,-0.01,-1,-1
99926009,2026-05-18 10:28:41+05:30,52868.75,0,0.0,0,0.0,0.0,53282.15,53308.4,52783.45,53710.35,0,0.0,0.0,0.0,0.0,-0.01,-1,-1,-0.01,-1,-1,-0.01,-1,-1,-0.01,-1,-1,-0.01,-1,-1,-0.01,-1,-1,-0.01,-1,-1,-0.01,-1,-1,-0.01,-1,-1,-0.01,-1,-1
99926009,2026-05-18 10:28:42+05:30,52868.9,0,0.0,0,0.0,0.0,53282.15,53308.4,52783.45,53710.35,0,0.0,0.0,0.0,0.0,-0.01,-1,-1,-0.01,-1,-1,-0.01,-1,-1,-0.01,-1,-1,-0.01,-1,-1,-0.01,-1,-1,-0.01,-1,-1,-0.01,-1,-1,-0.01,-1,-1,-0.01,-1,-1
99926009,2026-05-18 10:28:42+05:30,52868.95,0,0.0,0,0.0,0.0,53282.15,53308.4,52783.45,53710.35,0,0.0,0.0,0.0,0.0,-0.01,-1,-1,-0.01,-1,-1,-0.01,-1,-1,-0.01,-1,-1,-0.01,-1,-1,-0.01,-1,-1,-0.01,-1,-1,-0.01,-1,-1,-0.01,-1,-1,-0.01,-1,-1
99926009,2026-05-18 10:28:43+05:30,52871.0,0,0.0,0,0.0,0.0,53282.15,53308.4,52783.45,53710.35,0,0.0,0.0,0.0,0.0,-0.01,-1,-1,-0.01,-1,-1,-0.01,-1,-1,-0.01,-1,-1,-0.01,-1,-1,-0.01,-1,-1,-0.01,-1,-1,-0.01,-1,-1,-0.01,-1,-1,-0.01,-1,-1
99926009,2026-05-18 10:28:43+05:30,52870.95,0,0.0,0,0.0,0.0,53282.15,53308.4,52783.45,53710.35,0,0.0,0.0,0.0,0.0,-0.01,-1,-1,-0.01,-1,-1,-0.01,-1,-1,-0.01,-1,-1,-0.01,-1,-1,-0.01,-1,-1,-0.01,-1,-1,-0.01,-1,-1,-0.01,-1,-1,-0.01,-1,-1
99926009,2026-05-18 10:28:44+05:30,52870.65,0,0.0,0,0.0,0.0,53282.15,53308.4,52783.45,53710.35,0,0.0,0.0,0.0,0.0,-0.01,-1,-1,-0.01,-1,-1,-0.01,-1,-1,-0.01,-1,-1,-0.01,-1,-1,-0.01,-1,-1,-0.01,-1,-1,-0.01,-1,-1,-0.01,-1,-1,-0.01,-1,-1
99926009,2026-05-18 10:28:44+05:30,52871.65,0,0.0,0,0.0,0.0,53282.15,53308.4,52783.45,53710.35,0,0.0,0.0,0.0,0.0,-0.01,-1,-1,-0.01,-1,-1,-0.01,-1,-1,-0.01,-1,-1,-0.01,-1,-1,-0.01,-1,-1,-0.01,-1,-1,-0.01,-1,-1,-0.01,-1,-1,-0.01,-1,-1
99926009,2026-05-18 10:28:45+05:30,52874.35,0,0.0,0,0.0,0.0,53282.15,53308.4,52783.45,53710.35,0,0.0,0.0,0.0,0.0,-0.01,-1,-1,-0.01,-1,-1,-0.01,-1,-1,-0.01,-1,-1,-0.01,-1,-1,-0.01,-1,-1,-0.01,-1,-1,-0.01,-1,-1,-0.01,-1,-1,-0.01,-1,-1
99926009,2026-05-18 10:28:45+05:30,52874.25,0,0.0,0,0.0,0.0,53282.15,53308.4,52783.45,53710.35,0,0.0,0.0,0.0,0.0,-0.01,-1,-1,-0.01,-1,-1,-0.01,-1,-1,-0.01,-1,-1,-0.01,-1,-1,-0.01,-1,-1,-0.01,-1,-1,-0.01,-1,-1,-0.01,-1,-1,-0.01,-1,-1
99926009,2026-05-18 10:28:46+05:30,52876.15,0,0.0,0,0.0,0.0,53282.15,53308.4,52783.45,53710.35,0,0.0,0.0,0.0,0.0,-0.01,-1,-1,-0.01,-1,-1,-0.01,-1,-1,-0.01,-1,-1,-0.01,-1,-1,-0.01,-1,-1,-0.01,-1,-1,-0.01,-1,-1,-0.01,-1,-1,-0.01,-1,-1
99926009,2026-05-18 10:28:46+05:30,52874.9,0,0.0,0,0.0,0.0,53282.15,53308.4,52783.45,53710.35,0,0.0,0.0,0.0,0.0,-0.01,-1,-1,-0.01,-1,-1,-0.01,-1,-1,-0.01,-1,-1,-0.01,-1,-1,-0.01,-1,-1,-0.01,-1,-1,-0.01,-1,-1,-0.01,-1,-1,-0.01,-1,-1
99926009,2026-05-18 10:28:47+05:30,52873.25,0,0.0,0,0.0,0.0,53282.15,53308.4,52783.45,53710.35,0,0.0,0.0,0.0,0.0,-0.01,-1,-1,-0.01,-1,-1,-0.01,-1,-1,-0.01,-1,-1,-0.01,-1,-1,-0.01,-1,-1,-0.01,-1,-1,-0.01,-1,-1,-0.01,-1,-1,-0.01,-1,-1
99926009,2026-05-18 10:28:47+05:30,52876.15,0,0.0,0,0.0,0.0,53282.15,53308.4,52783.45,53710.35,0,0.0,0.0,0.0,0.0,-0.01,-1,-1,-0.01,-1,-1,-0.01,-1,-1,-0.01,-1,-1,-0.01,-1,-1,-0.01,-1,-1,-0.01,-1,-1,-0.01,-1,-1,-0.01,-1,-1,-0.01,-1,-1
99926009,2026-05-18 10:28:48+05:30,52877.4,0,0.0,0,0.0,0.0,53282.15,53308.4,52783.45,53710.35,0,0.0,0.0,0.0,0.0,-0.01,-1,-1,-0.01,-1,-1,-0.01,-1,-1,-0.01,-1,-1,-0.01,-1,-1,-0.01,-1,-1,-0.01,-1,-1,-0.01,-1,-1,-0.01,-1,-1,-0.01,-1,-1
99926009,2026-05-18 10:28:48+05:30,52876.3,0,0.0,0,0.0,0.0,53282.15,53308.4,52783.45,53710.35,0,0.0,0.0,0.0,0.0,-0.01,-1,-1,-0.01,-1,-1,-0.01,-1,-1,-0.01,-1,-1,-0.01,-1,-1,-0.01,-1,-1,-0.01,-1,-1,-0.01,-1,-1,-0.01,-1,-1,-0.01,-1,-1
99926009,2026-05-18 10:28:49+05:30,52876.15,0,0.0,0,0.0,0.0,53282.15,53308.4,52783.45,53710.35,0,0.0,0.0,0.0,0.0,-0.01,-1,-1,-0.01,-1,-1,-0.01,-1,-1,-0.01,-1,-1,-0.01,-1,-1,-0.01,-1,-1,-0.01,-1,-1,-0.01,-1,-1,-0.01,-1,-1,-0.01,-1,-1
99926009,2026-05-18 10:28:49+05:30,52872.15,0,0.0,0,0.0,0.0,53282.15,53308.4,52783.45,53710.35,0,0.0,0.0,0.0,0.0,-0.01,-1,-1,-0.01,-1,-1,-0.01,-1,-1,-0.01,-1,-1,-0.01,-1,-1,-0.01,-1,-1,-0.01,-1,-1,-0.01,-1,-1,-0.01,-1,-1,-0.01,-1,-1
99926009,2026-05-18 10:28:50+05:30,52872.45,0,0.0,0,0.0,0.0,53282.15,53308.4,52783.45,53710.35,0,0.0,0.0,0.0,0.0,-0.01,-1,-1,-0.01,-1,-1,-0.01,-1,-1,-0.01,-1,-1,-0.01,-1,-1,-0.01,-1,-1,-0.01,-1,-1,-0.01,-1,-1,-0.01,-1,-1,-0.01,-1,-1
99926009,2026-05-18 10:28:50+05:30,52872.15,0,0.0,0,0.0,0.0,53282.15,53308.4,52783.45,53710.35,0,0.0,0.0,0.0,0.0,-0.01,-1,-1,-0.01,-1,-1,-0.01,-1,-1,-0.01,-1,-1,-0.01,-1,-1,-0.01,-1,-1,-0.01,-1,-1,-0.01,-1,-1,-0.01,-1,-1,-0.01,-1,-1
99926009,2026-05-18 10:28:51+05:30,52873.05,0,0.0,0,0.0,0.0,53282.15,53308.4,52783.45,53710.35,0,0.0,0.0,0.0,0.0,-0.01,-1,-1,-0.01,-1,-1,-0.01,-1,-1,-0.01,-1,-1,-0.01,-1,-1,-0.01,-1,-1,-0.01,-1,-1,-0.01,-1,-1,-0.01,-1,-1,-0.01,-1,-1
99926009,2026-05-18 10:28:51+05:30,52873.9,0,0.0,0,0.0,0.0,53282.15,53308.4,52783.45,53710.35,0,0.0,0.0,0.0,0.0,-0.01,-1,-1,-0.01,-1,-1,-0.01,-1,-1,-0.01,-1,-1,-0.01,-1,-1,-0.01,-1,-1,-0.01,-1,-1,-0.01,-1,-1,-0.01,-1,-1,-0.01,-1,-1
99926009,2026-05-18 10:28:52+05:30,52872.0,0,0.0,0,0.0,0.0,53282.15,53308.4,52783.45,53710.35,0,0.0,0.0,0.0,0.0,-0.01,-1,-1,-0.01,-1,-1,-0.01,-1,-1,-0.01,-1,-1,-0.01,-1,-1,-0.01,-1,-1,-0.01,-1,-1,-0.01,-1,-1,-0.01,-1,-1,-0.01,-1,-1
99926009,2026-05-18 10:28:52+05:30,52872.8,0,0.0,0,0.0,0.0,53282.15,53308.4,52783.45,53710.35,0,0.0,0.0,0.0,0.0,-0.01,-1,-1,-0.01,-1,-1,-0.01,-1,-1,-0.01,-1,-1,-0.01,-1,-1,-0.01,-1,-1,-0.01,-1,-1,-0.01,-1,-1,-0.01,-1,-1,-0.01,-1,-1
99926009,2026-05-18 10:28:53+05:30,52874.3,0,0.0,0,0.0,0.0,53282.15,53308.4,52783.45,53710.35,0,0.0,0.0,0.0,0.0,-0.01,-1,-1,-0.01,-1,-1,-0.01,-1,-1,-0.01,-1,-1,-0.01,-1,-1,-0.01,-1,-1,-0.01,-1,-1,-0.01,-1,-1,-0.01,-1,-1,-0.01,-1,-1
99926009,2026-05-18 10:28:53+05:30,52875.0,0,0.0,0,0.0,0.0,53282.15,53308.4,52783.45,53710.35,0,0.0,0.0,0.0,0.0,-0.01,-1,-1,-0.01,-1,-1,-0.01,-1,-1,-0.01,-1,-1,-0.01,-1,-1,-0.01,-1,-1,-0.01,-1,-1,-0.01,-1,-1,-0.01,-1,-1,-0.01,-1,-1
99926009,2026-05-18 10:28:54+05:30,52875.6,0,0.0,0,0.0,0.0,53282.15,53308.4,52783.45,53710.35,0,0.0,0.0,0.0,0.0,-0.01,-1,-1,-0.01,-1,-1,-0.01,-1,-1,-0.01,-1,-1,-0.01,-1,-1,-0.01,-1,-1,-0.01,-1,-1,-0.01,-1,-1,-0.01,-1,-1,-0.01,-1,-1
99926009,2026-05-18 10:28:54+05:30,52877.6,0,0.0,0,0.0,0.0,53282.15,53308.4,52783.45,53710.35,0,0.0,0.0,0.0,0.0,-0.01,-1,-1,-0.01,-1,-1,-0.01,-1,-1,-0.01,-1,-1,-0.01,-1,-1,-0.01,-1,-1,-0.01,-1,-1,-0.01,-1,-1,-0.01,-1,-1,-0.01,-1,-1
99926009,2026-05-18 10:28:55+05:30,52878.55,0,0.0,0,0.0,0.0,53282.15,53308.4,52783.45,53710.35,0,0.0,0.0,0.0,0.0,-0.01,-1,-1,-0.01,-1,-1,-0.01,-1,-1,-0.01,-1,-1,-0.01,-1,-1,-0.01,-1,-1,-0.01,-1,-1,-0.01,-1,-1,-0.01,-1,-1,-0.01,-1,-1
99926009,2026-05-18 10:28:55+05:30,52874.45,0,0.0,0,0.0,0.0,53282.15,53308.4,52783.45,53710.35,0,0.0,0.0,0.0,0.0,-0.01,-1,-1,-0.01,-1,-1,-0.01,-1,-1,-0.01,-1,-1,-0.01,-1,-1,-0.01,-1,-1,-0.01,-1,-1,-0.01,-1,-1,-0.01,-1,-1,-0.01,-1,-1
99926009,2026-05-18 10:28:56+05:30,52874.35,0,0.0,0,0.0,0.0,53282.15,53308.4,52783.45,53710.35,0,0.0,0.0,0.0,0.0,-0.01,-1,-1,-0.01,-1,-1,-0.01,-1,-1,-0.01,-1,-1,-0.01,-1,-1,-0.01,-1,-1,-0.01,-1,-1,-0.01,-1,-1,-0.01,-1,-1,-0.01,-1,-1
99926009,2026-05-18 10:28:56+05:30,52872.45,0,0.0,0,0.0,0.0,53282.15,53308.4,52783.45,53710.35,0,0.0,0.0,0.0,0.0,-0.01,-1,-1,-0.01,-1,-1,-0.01,-1,-1,-0.01,-1,-1,-0.01,-1,-1,-0.01,-1,-1,-0.01,-1,-1,-0.01,-1,-1,-0.01,-1,-1,-0.01,-1,-1
99926009,2026-05-18 10:28:57+05:30,52873.65,0,0.0,0,0.0,0.0,53282.15,53308.4,52783.45,53710.35,0,0.0,0.0,0.0,0.0,-0.01,-1,-1,-0.01,-1,-1,-0.01,-1,-1,-0.01,-1,-1,-0.01,-1,-1,-0.01,-1,-1,-0.01,-1,-1,-0.01,-1,-1,-0.01,-1,-1,-0.01,-1,-1
99926009,2026-05-18 10:28:57+05:30,52874.05,0,0.0,0,0.0,0.0,53282.15,53308.4,52783.45,53710.35,0,0.0,0.0,0.0,0.0,-0.01,-1,-1,-0.01,-1,-1,-0.01,-1,-1,-0.01,-1,-1,-0.01,-1,-1,-0.01,-1,-1,-0.01,-1,-1,-0.01,-1,-1,-0.01,-1,-1,-0.01,-1,-1
99926009,2026-05-18 10:28:58+05:30,52874.05,0,0.0,0,0.0,0.0,53282.15,53308.4,52783.45,53710.35,0,0.0,0.0,0.0,0.0,-0.01,-1,-1,-0.01,-1,-1,-0.01,-1,-1,-0.01,-1,-1,-0.01,-1,-1,-0.01,-1,-1,-0.01,-1,-1,-0.01,-1,-1,-0.01,-1,-1,-0.01,-1,-1
99926009,2026-05-18 10:28:58+05:30,52873.25,0,0.0,0,0.0,0.0,53282.15,53308.4,52783.45,53710.35,0,0.0,0.0,0.0,0.0,-0.01,-1,-1,-0.01,-1,-1,-0.01,-1,-1,-0.01,-1,-1,-0.01,-1,-1,-0.01,-1,-1,-0.01,-1,-1,-0.01,-1,-1,-0.01,-1,-1,-0.01,-1,-1
99926009,2026-05-18 10:28:59+05:30,52872.25,0,0.0,0,0.0,0.0,53282.15,53308.4,52783.45,53710.35,0,0.0,0.0,0.0,0.0,-0.01,-1,-1,-0.01,-1,-1,-0.01,-1,-1,-0.01,-1,-1,-0.01,-1,-1,-0.01,-1,-1,-0.01,-1,-1,-0.01,-1,-1,-0.01,-1,-1,-0.01,-1,-1
99926009,2026-05-18 10:28:59+05:30,52873.8,0,0.0,0,0.0,0.0,53282.15,53308.4,52783.45,53710.35,0,0.0,0.0,0.0,0.0,-0.01,-1,-1,-0.01,-1,-1,-0.01,-1,-1,-0.01,-1,-1,-0.01,-1,-1,-0.01,-1,-1,-0.01,-1,-1,-0.01,-1,-1,-0.01,-1,-1,-0.01,-1,-1
99926009,2026-05-18 10:29:00+05:30,52875.05,0,0.0,0,0.0,0.0,53282.15,53308.4,52783.45,53710.35,0,0.0,0.0,0.0,0.0,-0.01,-1,-1,-0.01,-1,-1,-0.01,-1,-1,-0.01,-1,-1,-0.01,-1,-1,-0.01,-1,-1,-0.01,-1,-1,-0.01,-1,-1,-0.01,-1,-1,-0.01,-1,-1
99926009,2026-05-18 10:29:00+05:30,52872.8,0,0.0,0,0.0,0.0,53282.15,53308.4,52783.45,53710.35,0,0.0,0.0,0.0,0.0,-0.01,-1,-1,-0.01,-1,-1,-0.01,-1,-1,-0.01,-1,-1,-0.01,-1,-1,-0.01,-1,-1,-0.01,-1,-1,-0.01,-1,-1,-0.01,-1,-1,-0.01,-1,-1
99926009,2026-05-18 10:29:01+05:30,52877.5,0,0.0,0,0.0,0.0,53282.15,53308.4,52783.45,53710.35,0,0.0,0.0,0.0,0.0,-0.01,-1,-1,-0.01,-1,-1,-0.01,-1,-1,-0.01,-1,-1,-0.01,-1,-1,-0.01,-1,-1,-0.01,-1,-1,-0.01,-1,-1,-0.01,-1,-1,-0.01,-1,-1
99926009,2026-05-18 10:29:01+05:30,52876.3,0,0.0,0,0.0,0.0,53282.15,53308.4,52783.45,53710.35,0,0.0,0.0,0.0,0.0,-0.01,-1,-1,-0.01,-1,-1,-0.01,-1,-1,-0.01,-1,-1,-0.01,-1,-1,-0.01,-1,-1,-0.01,-1,-1,-0.01,-1,-1,-0.01,-1,-1,-0.01,-1,-1
99926009,2026-05-18 10:29:02+05:30,52877.65,0,0.0,0,0.0,0.0,53282.15,53308.4,52783.45,53710.35,0,0.0,0.0,0.0,0.0,-0.01,-1,-1,-0.01,-1,-1,-0.01,-1,-1,-0.01,-1,-1,-0.01,-1,-1,-0.01,-1,-1,-0.01,-1,-1,-0.01,-1,-1,-0.01,-1,-1,-0.01,-1,-1
99926009,2026-05-18 10:29:02+05:30,52877.65,0,0.0,0,0.0,0.0,53282.15,53308.4,52783.45,53710.35,0,0.0,0.0,0.0,0.0,-0.01,-1,-1,-0.01,-1,-1,-0.01,-1,-1,-0.01,-1,-1,-0.01,-1,-1,-0.01,-1,-1,-0.01,-1,-1,-0.01,-1,-1,-0.01,-1,-1,-0.01,-1,-1
99926009,2026-05-18 10:29:03+05:30,52880.0,0,0.0,0,0.0,0.0,53282.15,53308.4,52783.45,53710.35,0,0.0,0.0,0.0,0.0,-0.01,-1,-1,-0.01,-1,-1,-0.01,-1,-1,-0.01,-1,-1,-0.01,-1,-1,-0.01,-1,-1,-0.01,-1,-1,-0.01,-1,-1,-0.01,-1,-1,-0.01,-1,-1
99926009,2026-05-18 10:29:03+05:30,52876.55,0,0.0,0,0.0,0.0,53282.15,53308.4,52783.45,53710.35,0,0.0,0.0,0.0,0.0,-0.01,-1,-1,-0.01,-1,-1,-0.01,-1,-1,-0.01,-1,-1,-0.01,-1,-1,-0.01,-1,-1,-0.01,-1,-1,-0.01,-1,-1,-0.01,-1,-1,-0.01,-1,-1
99926009,2026-05-18 10:29:04+05:30,52876.55,0,0.0,0,0.0,0.0,53282.15,53308.4,52783.45,53710.35,0,0.0,0.0,0.0,0.0,-0.01,-1,-1,-0.01,-1,-1,-0.01,-1,-1,-0.01,-1,-1,-0.01,-1,-1,-0.01,-1,-1,-0.01,-1,-1,-0.01,-1,-1,-0.01,-1,-1,-0.01,-1,-1
99926009,2026-05-18 10:29:04+05:30,52879.25,0,0.0,0,0.0,0.0,53282.15,53308.4,52783.45,53710.35,0,0.0,0.0,0.0,0.0,-0.01,-1,-1,-0.01,-1,-1,-0.01,-1,-1,-0.01,-1,-1,-0.01,-1,-1,-0.01,-1,-1,-0.01,-1,-1,-0.01,-1,-1,-0.01,-1,-1,-0.01,-1,-1
99926009,2026-05-18 10:29:05+05:30,52878.1,0,0.0,0,0.0,0.0,53282.15,53308.4,52783.45,53710.35,0,0.0,0.0,0.0,0.0,-0.01,-1,-1,-0.01,-1,-1,-0.01,-1,-1,-0.01,-1,-1,-0.01,-1,-1,-0.01,-1,-1,-0.01,-1,-1,-0.01,-1,-1,-0.01,-1,-1,-0.01,-1,-1
99926009,2026-05-18 10:29:05+05:30,52875.55,0,0.0,0,0.0,0.0,53282.15,53308.4,52783.45,53710.35,0,0.0,0.0,0.0,0.0,-0.01,-1,-1,-0.01,-1,-1,-0.01,-1,-1,-0.01,-1,-1,-0.01,-1,-1,-0.01,-1,-1,-0.01,-1,-1,-0.01,-1,-1,-0.01,-1,-1,-0.01,-1,-1
99926009,2026-05-18 10:29:06+05:30,52879.4,0,0.0,0,0.0,0.0,53282.15,53308.4,52783.45,53710.35,0,0.0,0.0,0.0,0.0,-0.01,-1,-1,-0.01,-1,-1,-0.01,-1,-1,-0.01,-1,-1,-0.01,-1,-1,-0.01,-1,-1,-0.01,-1,-1,-0.01,-1,-1,-0.01,-1,-1,-0.01,-1,-1
99926009,2026-05-18 10:29:06+05:30,52879.85,0,0.0,0,0.0,0.0,53282.15,53308.4,52783.45,53710.35,0,0.0,0.0,0.0,0.0,-0.01,-1,-1,-0.01,-1,-1,-0.01,-1,-1,-0.01,-1,-1,-0.01,-1,-1,-0.01,-1,-1,-0.01,-1,-1,-0.01,-1,-1,-0.01,-1,-1,-0.01,-1,-1
99926009,2026-05-18 10:29:07+05:30,52880.35,0,0.0,0,0.0,0.0,53282.15,53308.4,52783.45,53710.35,0,0.0,0.0,0.0,0.0,-0.01,-1,-1,-0.01,-1,-1,-0.01,-1,-1,-0.01,-1,-1,-0.01,-1,-1,-0.01,-1,-1,-0.01,-1,-1,-0.01,-1,-1,-0.01,-1,-1,-0.01,-1,-1
99926009,2026-05-18 10:29:07+05:30,52877.8,0,0.0,0,0.0,0.0,53282.15,53308.4,52783.45,53710.35,0,0.0,0.0,0.0,0.0,-0.01,-1,-1,-0.01,-1,-1,-0.01,-1,-1,-0.01,-1,-1,-0.01,-1,-1,-0.01,-1,-1,-0.01,-1,-1,-0.01,-1,-1,-0.01,-1,-1,-0.01,-1,-1
99926009,2026-05-18 10:29:08+05:30,52876.1,0,0.0,0,0.0,0.0,53282.15,53308.4,52783.45,53710.35,0,0.0,0.0,0.0,0.0,-0.01,-1,-1,-0.01,-1,-1,-0.01,-1,-1,-0.01,-1,-1,-0.01,-1,-1,-0.01,-1,-1,-0.01,-1,-1,-0.01,-1,-1,-0.01,-1,-1,-0.01,-1,-1
99926009,2026-05-18 10:29:08+05:30,52879.2,0,0.0,0,0.0,0.0,53282.15,53308.4,52783.45,53710.35,0,0.0,0.0,0.0,0.0,-0.01,-1,-1,-0.01,-1,-1,-0.01,-1,-1,-0.01,-1,-1,-0.01,-1,-1,-0.01,-1,-1,-0.01,-1,-1,-0.01,-1,-1,-0.01,-1,-1,-0.01,-1,-1
99926009,2026-05-18 10:29:09+05:30,52879.6,0,0.0,0,0.0,0.0,53282.15,53308.4,52783.45,53710.35,0,0.0,0.0,0.0,0.0,-0.01,-1,-1,-0.01,-1,-1,-0.01,-1,-1,-0.01,-1,-1,-0.01,-1,-1,-0.01,-1,-1,-0.01,-1,-1,-0.01,-1,-1,-0.01,-1,-1,-0.01,-1,-1
99926009,2026-05-18 10:29:09+05:30,52881.35,0,0.0,0,0.0,0.0,53282.15,53308.4,52783.45,53710.35,0,0.0,0.0,0.0,0.0,-0.01,-1,-1,-0.01,-1,-1,-0.01,-1,-1,-0.01,-1,-1,-0.01,-1,-1,-0.01,-1,-1,-0.01,-1,-1,-0.01,-1,-1,-0.01,-1,-1,-0.01,-1,-1
99926009,2026-05-18 10:29:10+05:30,52883.55,0,0.0,0,0.0,0.0,53282.15,53308.4,52783.45,53710.35,0,0.0,0.0,0.0,0.0,-0.01,-1,-1,-0.01,-1,-1,-0.01,-1,-1,-0.01,-1,-1,-0.01,-1,-1,-0.01,-1,-1,-0.01,-1,-1,-0.01,-1,-1,-0.01,-1,-1,-0.01,-1,-1
99926009,2026-05-18 10:29:10+05:30,52883.3,0,0.0,0,0.0,0.0,53282.15,53308.4,52783.45,53710.35,0,0.0,0.0,0.0,0.0,-0.01,-1,-1,-0.01,-1,-1,-0.01,-1,-1,-0.01,-1,-1,-0.01,-1,-1,-0.01,-1,-1,-0.01,-1,-1,-0.01,-1,-1,-0.01,-1,-1,-0.01,-1,-1
99926009,2026-05-18 10:29:11+05:30,52881.1,0,0.0,0,0.0,0.0,53282.15,53308.4,52783.45,53710.35,0,0.0,0.0,0.0,0.0,-0.01,-1,-1,-0.01,-1,-1,-0.01,-1,-1,-0.01,-1,-1,-0.01,-1,-1,-0.01,-1,-1,-0.01,-1,-1,-0.01,-1,-1,-0.01,-1,-1,-0.01,-1,-1
99926009,2026-05-18 10:29:11+05:30,52880.2,0,0.0,0,0.0,0.0,53282.15,53308.4,52783.45,53710.35,0,0.0,0.0,0.0,0.0,-0.01,-1,-1,-0.01,-1,-1,-0.01,-1,-1,-0.01,-1,-1,-0.01,-1,-1,-0.01,-1,-1,-0.01,-1,-1,-0.01,-1,-1,-0.01,-1,-1,-0.01,-1,-1
99926009,2026-05-18 10:29:12+05:30,52880.05,0,0.0,0,0.0,0.0,53282.15,53308.4,52783.45,53710.35,0,0.0,0.0,0.0,0.0,-0.01,-1,-1,-0.01,-1,-1,-0.01,-1,-1,-0.01,-1,-1,-0.01,-1,-1,-0.01,-1,-1,-0.01,-1,-1,-0.01,-1,-1,-0.01,-1,-1,-0.01,-1,-1
99926009,2026-05-18 10:29:12+05:30,52879.85,0,0.0,0,0.0,0.0,53282.15,53308.4,52783.45,53710.35,0,0.0,0.0,0.0,0.0,-0.01,-1,-1,-0.01,-1,-1,-0.01,-1,-1,-0.01,-1,-1,-0.01,-1,-1,-0.01,-1,-1,-0.01,-1,-1,-0.01,-1,-1,-0.01,-1,-1,-0.01,-1,-1
99926009,2026-05-18 10:29:13+05:30,52880.75,0,0.0,0,0.0,0.0,53282.15,53308.4,52783.45,53710.35,0,0.0,0.0,0.0,0.0,-0.01,-1,-1,-0.01,-1,-1,-0.01,-1,-1,-0.01,-1,-1,-0.01,-1,-1,-0.01,-1,-1,-0.01,-1,-1,-0.01,-1,-1,-0.01,-1,-1,-0.01,-1,-1
99926009,2026-05-18 10:29:13+05:30,52882.8,0,0.0,0,0.0,0.0,53282.15,53308.4,52783.45,53710.35,0,0.0,0.0,0.0,0.0,-0.01,-1,-1,-0.01,-1,-1,-0.01,-1,-1,-0.01,-1,-1,-0.01,-1,-1,-0.01,-1,-1,-0.01,-1,-1,-0.01,-1,-1,-0.01,-1,-1,-0.01,-1,-1
99926009,2026-05-18 10:29:14+05:30,52886.0,0,0.0,0,0.0,0.0,53282.15,53308.4,52783.45,53710.35,0,0.0,0.0,0.0,0.0,-0.01,-1,-1,-0.01,-1,-1,-0.01,-1,-1,-0.01,-1,-1,-0.01,-1,-1,-0.01,-1,-1,-0.01,-1,-1,-0.01,-1,-1,-0.01,-1,-1,-0.01,-1,-1
99926009,2026-05-18 10:29:14+05:30,52885.05,0,0.0,0,0.0,0.0,53282.15,53308.4,52783.45,53710.35,0,0.0,0.0,0.0,0.0,-0.01,-1,-1,-0.01,-1,-1,-0.01,-1,-1,-0.01,-1,-1,-0.01,-1,-1,-0.01,-1,-1,-0.01,-1,-1,-0.01,-1,-1,-0.01,-1,-1,-0.01,-1,-1
99926009,2026-05-18 10:29:15+05:30,52885.45,0,0.0,0,0.0,0.0,53282.15,53308.4,52783.45,53710.35,0,0.0,0.0,0.0,0.0,-0.01,-1,-1,-0.01,-1,-1,-0.01,-1,-1,-0.01,-1,-1,-0.01,-1,-1,-0.01,-1,-1,-0.01,-1,-1,-0.01,-1,-1,-0.01,-1,-1,-0.01,-1,-1
99926009,2026-05-18 10:29:15+05:30,52883.9,0,0.0,0,0.0,0.0,53282.15,53308.4,52783.45,53710.35,0,0.0,0.0,0.0,0.0,-0.01,-1,-1,-0.01,-1,-1,-0.01,-1,-1,-0.01,-1,-1,-0.01,-1,-1,-0.01,-1,-1,-0.01,-1,-1,-0.01,-1,-1,-0.01,-1,-1,-0.01,-1,-1
99926009,2026-05-18 10:29:16+05:30,52885.45,0,0.0,0,0.0,0.0,53282.15,53308.4,52783.45,53710.35,0,0.0,0.0,0.0,0.0,-0.01,-1,-1,-0.01,-1,-1,-0.01,-1,-1,-0.01,-1,-1,-0.01,-1,-1,-0.01,-1,-1,-0.01,-1,-1,-0.01,-1,-1,-0.01,-1,-1,-0.01,-1,-1
99926009,2026-05-18 10:29:16+05:30,52880.4,0,0.0,0,0.0,0.0,53282.15,53308.4,52783.45,53710.35,0,0.0,0.0,0.0,0.0,-0.01,-1,-1,-0.01,-1,-1,-0.01,-1,-1,-0.01,-1,-1,-0.01,-1,-1,-0.01,-1,-1,-0.01,-1,-1,-0.01,-1,-1,-0.01,-1,-1,-0.01,-1,-1
99926009,2026-05-18 10:29:17+05:30,52882.05,0,0.0,0,0.0,0.0,53282.15,53308.4,52783.45,53710.35,0,0.0,0.0,0.0,0.0,-0.01,-1,-1,-0.01,-1,-1,-0.01,-1,-1,-0.01,-1,-1,-0.01,-1,-1,-0.01,-1,-1,-0.01,-1,-1,-0.01,-1,-1,-0.01,-1,-1,-0.01,-1,-1
99926009,2026-05-18 10:29:17+05:30,52883.4,0,0.0,0,0.0,0.0,53282.15,53308.4,52783.45,53710.35,0,0.0,0.0,0.0,0.0,-0.01,-1,-1,-0.01,-1,-1,-0.01,-1,-1,-0.01,-1,-1,-0.01,-1,-1,-0.01,-1,-1,-0.01,-1,-1,-0.01,-1,-1,-0.01,-1,-1,-0.01,-1,-1
99926009,2026-05-18 10:29:18+05:30,52882.4,0,0.0,0,0.0,0.0,53282.15,53308.4,52783.45,53710.35,0,0.0,0.0,0.0,0.0,-0.01,-1,-1,-0.01,-1,-1,-0.01,-1,-1,-0.01,-1,-1,-0.01,-1,-1,-0.01,-1,-1,-0.01,-1,-1,-0.01,-1,-1,-0.01,-1,-1,-0.01,-1,-1
99926009,2026-05-18 10:29:18+05:30,52884.4,0,0.0,0,0.0,0.0,53282.15,53308.4,52783.45,53710.35,0,0.0,0.0,0.0,0.0,-0.01,-1,-1,-0.01,-1,-1,-0.01,-1,-1,-0.01,-1,-1,-0.01,-1,-1,-0.01,-1,-1,-0.01,-1,-1,-0.01,-1,-1,-0.01,-1,-1,-0.01,-1,-1
99926009,2026-05-18 10:29:19+05:30,52884.2,0,0.0,0,0.0,0.0,53282.15,53308.4,52783.45,53710.35,0,0.0,0.0,0.0,0.0,-0.01,-1,-1,-0.01,-1,-1,-0.01,-1,-1,-0.01,-1,-1,-0.01,-1,-1,-0.01,-1,-1,-0.01,-1,-1,-0.01,-1,-1,-0.01,-1,-1,-0.01,-1,-1
99926009,2026-05-18 10:29:19+05:30,52880.7,0,0.0,0,0.0,0.0,53282.15,53308.4,52783.45,53710.35,0,0.0,0.0,0.0,0.0,-0.01,-1,-1,-0.01,-1,-1,-0.01,-1,-1,-0.01,-1,-1,-0.01,-1,-1,-0.01,-1,-1,-0.01,-1,-1,-0.01,-1,-1,-0.01,-1,-1,-0.01,-1,-1
99926009,2026-05-18 10:29:20+05:30,52883.45,0,0.0,0,0.0,0.0,53282.15,53308.4,52783.45,53710.35,0,0.0,0.0,0.0,0.0,-0.01,-1,-1,-0.01,-1,-1,-0.01,-1,-1,-0.01,-1,-1,-0.01,-1,-1,-0.01,-1,-1,-0.01,-1,-1,-0.01,-1,-1,-0.01,-1,-1,-0.01,-1,-1
99926009,2026-05-18 10:29:20+05:30,52883.6,0,0.0,0,0.0,0.0,53282.15,53308.4,52783.45,53710.35,0,0.0,0.0,0.0,0.0,-0.01,-1,-1,-0.01,-1,-1,-0.01,-1,-1,-0.01,-1,-1,-0.01,-1,-1,-0.01,-1,-1,-0.01,-1,-1,-0.01,-1,-1,-0.01,-1,-1,-0.01,-1,-1
99926009,2026-05-18 10:29:21+05:30,52883.7,0,0.0,0,0.0,0.0,53282.15,53308.4,52783.45,53710.35,0,0.0,0.0,0.0,0.0,-0.01,-1,-1,-0.01,-1,-1,-0.01,-1,-1,-0.01,-1,-1,-0.01,-1,-1,-0.01,-1,-1,-0.01,-1,-1,-0.01,-1,-1,-0.01,-1,-1,-0.01,-1,-1
99926009,2026-05-18 10:29:21+05:30,52883.8,0,0.0,0,0.0,0.0,53282.15,53308.4,52783.45,53710.35,0,0.0,0.0,0.0,0.0,-0.01,-1,-1,-0.01,-1,-1,-0.01,-1,-1,-0.01,-1,-1,-0.01,-1,-1,-0.01,-1,-1,-0.01,-1,-1,-0.01,-1,-1,-0.01,-1,-1,-0.01,-1,-1
99926009,2026-05-18 10:29:22+05:30,52881.7,0,0.0,0,0.0,0.0,53282.15,53308.4,52783.45,53710.35,0,0.0,0.0,0.0,0.0,-0.01,-1,-1,-0.01,-1,-1,-0.01,-1,-1,-0.01,-1,-1,-0.01,-1,-1,-0.01,-1,-1,-0.01,-1,-1,-0.01,-1,-1,-0.01,-1,-1,-0.01,-1,-1
99926009,2026-05-18 10:29:22+05:30,52881.7,0,0.0,0,0.0,0.0,53282.15,53308.4,52783.45,53710.35,0,0.0,0.0,0.0,0.0,-0.01,-1,-1,-0.01,-1,-1,-0.01,-1,-1,-0.01,-1,-1,-0.01,-1,-1,-0.01,-1,-1,-0.01,-1,-1,-0.01,-1,-1,-0.01,-1,-1,-0.01,-1,-1
99926009,2026-05-18 10:29:23+05:30,52882.55,0,0.0,0,0.0,0.0,53282.15,53308.4,52783.45,53710.35,0,0.0,0.0,0.0,0.0,-0.01,-1,-1,-0.01,-1,-1,-0.01,-1,-1,-0.01,-1,-1,-0.01,-1,-1,-0.01,-1,-1,-0.01,-1,-1,-0.01,-1,-1,-0.01,-1,-1,-0.01,-1,-1
99926009,2026-05-18 10:29:23+05:30,52881.25,0,0.0,0,0.0,0.0,53282.15,53308.4,52783.45,53710.35,0,0.0,0.0,0.0,0.0,-0.01,-1,-1,-0.01,-1,-1,-0.01,-1,-1,-0.01,-1,-1,-0.01,-1,-1,-0.01,-1,-1,-0.01,-1,-1,-0.01,-1,-1,-0.01,-1,-1,-0.01,-1,-1
99926009,2026-05-18 10:29:24+05:30,52880.9,0,0.0,0,0.0,0.0,53282.15,53308.4,52783.45,53710.35,0,0.0,0.0,0.0,0.0,-0.01,-1,-1,-0.01,-1,-1,-0.01,-1,-1,-0.01,-1,-1,-0.01,-1,-1,-0.01,-1,-1,-0.01,-1,-1,-0.01,-1,-1,-0.01,-1,-1,-0.01,-1,-1
99926009,2026-05-18 10:29:24+05:30,52881.8,0,0.0,0,0.0,0.0,53282.15,53308.4,52783.45,53710.35,0,0.0,0.0,0.0,0.0,-0.01,-1,-1,-0.01,-1,-1,-0.01,-1,-1,-0.01,-1,-1,-0.01,-1,-1,-0.01,-1,-1,-0.01,-1,-1,-0.01,-1,-1,-0.01,-1,-1,-0.01,-1,-1
99926009,2026-05-18 10:29:25+05:30,52884.3,0,0.0,0,0.0,0.0,53282.15,53308.4,52783.45,53710.35,0,0.0,0.0,0.0,0.0,-0.01,-1,-1,-0.01,-1,-1,-0.01,-1,-1,-0.01,-1,-1,-0.01,-1,-1,-0.01,-1,-1,-0.01,-1,-1,-0.01,-1,-1,-0.01,-1,-1,-0.01,-1,-1
99926009,2026-05-18 10:29:25+05:30,52881.2,0,0.0,0,0.0,0.0,53282.15,53308.4,52783.45,53710.35,0,0.0,0.0,0.0,0.0,-0.01,-1,-1,-0.01,-1,-1,-0.01,-1,-1,-0.01,-1,-1,-0.01,-1,-1,-0.01,-1,-1,-0.01,-1,-1,-0.01,-1,-1,-0.01,-1,-1,-0.01,-1,-1
99926009,2026-05-18 10:29:26+05:30,52882.35,0,0.0,0,0.0,0.0,53282.15,53308.4,52783.45,53710.35,0,0.0,0.0,0.0,0.0,-0.01,-1,-1,-0.01,-1,-1,-0.01,-1,-1,-0.01,-1,-1,-0.01,-1,-1,-0.01,-1,-1,-0.01,-1,-1,-0.01,-1,-1,-0.01,-1,-1,-0.01,-1,-1
99926009,2026-05-18 10:29:26+05:30,52879.75,0,0.0,0,0.0,0.0,53282.15,53308.4,52783.45,53710.35,0,0.0,0.0,0.0,0.0,-0.01,-1,-1,-0.01,-1,-1,-0.01,-1,-1,-0.01,-1,-1,-0.01,-1,-1,-0.01,-1,-1,-0.01,-1,-1,-0.01,-1,-1,-0.01,-1,-1,-0.01,-1,-1
99926009,2026-05-18 10:29:27+05:30,52880.8,0,0.0,0,0.0,0.0,53282.15,53308.4,52783.45,53710.35,0,0.0,0.0,0.0,0.0,-0.01,-1,-1,-0.01,-1,-1,-0.01,-1,-1,-0.01,-1,-1,-0.01,-1,-1,-0.01,-1,-1,-0.01,-1,-1,-0.01,-1,-1,-0.01,-1,-1,-0.01,-1,-1
99926009,2026-05-18 10:29:27+05:30,52880.9,0,0.0,0,0.0,0.0,53282.15,53308.4,52783.45,53710.35,0,0.0,0.0,0.0,0.0,-0.01,-1,-1,-0.01,-1,-1,-0.01,-1,-1,-0.01,-1,-1,-0.01,-1,-1,-0.01,-1,-1,-0.01,-1,-1,-0.01,-1,-1,-0.01,-1,-1,-0.01,-1,-1
99926009,2026-05-18 10:29:28+05:30,52880.45,0,0.0,0,0.0,0.0,53282.15,53308.4,52783.45,53710.35,0,0.0,0.0,0.0,0.0,-0.01,-1,-1,-0.01,-1,-1,-0.01,-1,-1,-0.01,-1,-1,-0.01,-1,-1,-0.01,-1,-1,-0.01,-1,-1,-0.01,-1,-1,-0.01,-1,-1,-0.01,-1,-1
99926009,2026-05-18 10:29:28+05:30,52879.05,0,0.0,0,0.0,0.0,53282.15,53308.4,52783.45,53710.35,0,0.0,0.0,0.0,0.0,-0.01,-1,-1,-0.01,-1,-1,-0.01,-1,-1,-0.01,-1,-1,-0.01,-1,-1,-0.01,-1,-1,-0.01,-1,-1,-0.01,-1,-1,-0.01,-1,-1,-0.01,-1,-1
99926009,2026-05-18 10:29:29+05:30,52877.8,0,0.0,0,0.0,0.0,53282.15,53308.4,52783.45,53710.35,0,0.0,0.0,0.0,0.0,-0.01,-1,-1,-0.01,-1,-1,-0.01,-1,-1,-0.01,-1,-1,-0.01,-1,-1,-0.01,-1,-1,-0.01,-1,-1,-0.01,-1,-1,-0.01,-1,-1,-0.01,-1,-1
99926009,2026-05-18 10:29:29+05:30,52879.5,0,0.0,0,0.0,0.0,53282.15,53308.4,52783.45,53710.35,0,0.0,0.0,0.0,0.0,-0.01,-1,-1,-0.01,-1,-1,-0.01,-1,-1,-0.01,-1,-1,-0.01,-1,-1,-0.01,-1,-1,-0.01,-1,-1,-0.01,-1,-1,-0.01,-1,-1,-0.01,-1,-1
99926009,2026-05-18 10:29:30+05:30,52883.9,0,0.0,0,0.0,0.0,53282.15,53308.4,52783.45,53710.35,0,0.0,0.0,0.0,0.0,-0.01,-1,-1,-0.01,-1,-1,-0.01,-1,-1,-0.01,-1,-1,-0.01,-1,-1,-0.01,-1,-1,-0.01,-1,-1,-0.01,-1,-1,-0.01,-1,-1,-0.01,-1,-1
99926009,2026-05-18 10:29:30+05:30,52883.4,0,0.0,0,0.0,0.0,53282.15,53308.4,52783.45,53710.35,0,0.0,0.0,0.0,0.0,-0.01,-1,-1,-0.01,-1,-1,-0.01,-1,-1,-0.01,-1,-1,-0.01,-1,-1,-0.01,-1,-1,-0.01,-1,-1,-0.01,-1,-1,-0.01,-1,-1,-0.01,-1,-1
99926009,2026-05-18 10:29:31+05:30,52886.3,0,0.0,0,0.0,0.0,53282.15,53308.4,52783.45,53710.35,0,0.0,0.0,0.0,0.0,-0.01,-1,-1,-0.01,-1,-1,-0.01,-1,-1,-0.01,-1,-1,-0.01,-1,-1,-0.01,-1,-1,-0.01,-1,-1,-0.01,-1,-1,-0.01,-1,-1,-0.01,-1,-1
99926009,2026-05-18 10:29:31+05:30,52883.8,0,0.0,0,0.0,0.0,53282.15,53308.4,52783.45,53710.35,0,0.0,0.0,0.0,0.0,-0.01,-1,-1,-0.01,-1,-1,-0.01,-1,-1,-0.01,-1,-1,-0.01,-1,-1,-0.01,-1,-1,-0.01,-1,-1,-0.01,-1,-1,-0.01,-1,-1,-0.01,-1,-1
99926009,2026-05-18 10:29:32+05:30,52885.85,0,0.0,0,0.0,0.0,53282.15,53308.4,52783.45,53710.35,0,0.0,0.0,0.0,0.0,-0.01,-1,-1,-0.01,-1,-1,-0.01,-1,-1,-0.01,-1,-1,-0.01,-1,-1,-0.01,-1,-1,-0.01,-1,-1,-0.01,-1,-1,-0.01,-1,-1,-0.01,-1,-1
99926009,2026-05-18 10:29:32+05:30,52886.4,0,0.0,0,0.0,0.0,53282.15,53308.4,52783.45,53710.35,0,0.0,0.0,0.0,0.0,-0.01,-1,-1,-0.01,-1,-1,-0.01,-1,-1,-0.01,-1,-1,-0.01,-1,-1,-0.01,-1,-1,-0.01,-1,-1,-0.01,-1,-1,-0.01,-1,-1,-0.01,-1,-1
99926009,2026-05-18 10:29:33+05:30,52886.4,0,0.0,0,0.0,0.0,53282.15,53308.4,52783.45,53710.35,0,0.0,0.0,0.0,0.0,-0.01,-1,-1,-0.01,-1,-1,-0.01,-1,-1,-0.01,-1,-1,-0.01,-1,-1,-0.01,-1,-1,-0.01,-1,-1,-0.01,-1,-1,-0.01,-1,-1,-0.01,-1,-1
99926009,2026-05-18 10:29:33+05:30,52885.5,0,0.0,0,0.0,0.0,53282.15,53308.4,52783.45,53710.35,0,0.0,0.0,0.0,0.0,-0.01,-1,-1,-0.01,-1,-1,-0.01,-1,-1,-0.01,-1,-1,-0.01,-1,-1,-0.01,-1,-1,-0.01,-1,-1,-0.01,-1,-1,-0.01,-1,-1,-0.01,-1,-1
99926009,2026-05-18 10:29:34+05:30,52884.95,0,0.0,0,0.0,0.0,53282.15,53308.4,52783.45,53710.35,0,0.0,0.0,0.0,0.0,-0.01,-1,-1,-0.01,-1,-1,-0.01,-1,-1,-0.01,-1,-1,-0.01,-1,-1,-0.01,-1,-1,-0.01,-1,-1,-0.01,-1,-1,-0.01,-1,-1,-0.01,-1,-1
99926009,2026-05-18 10:29:34+05:30,52886.95,0,0.0,0,0.0,0.0,53282.15,53308.4,52783.45,53710.35,0,0.0,0.0,0.0,0.0,-0.01,-1,-1,-0.01,-1,-1,-0.01,-1,-1,-0.01,-1,-1,-0.01,-1,-1,-0.01,-1,-1,-0.01,-1,-1,-0.01,-1,-1,-0.01,-1,-1,-0.01,-1,-1
99926009,2026-05-18 10:29:35+05:30,52888.25,0,0.0,0,0.0,0.0,53282.15,53308.4,52783.45,53710.35,0,0.0,0.0,0.0,0.0,-0.01,-1,-1,-0.01,-1,-1,-0.01,-1,-1,-0.01,-1,-1,-0.01,-1,-1,-0.01,-1,-1,-0.01,-1,-1,-0.01,-1,-1,-0.01,-1,-1,-0.01,-1,-1
99926009,2026-05-18 10:29:35+05:30,52888.55,0,0.0,0,0.0,0.0,53282.15,53308.4,52783.45,53710.35,0,0.0,0.0,0.0,0.0,-0.01,-1,-1,-0.01,-1,-1,-0.01,-1,-1,-0.01,-1,-1,-0.01,-1,-1,-0.01,-1,-1,-0.01,-1,-1,-0.01,-1,-1,-0.01,-1,-1,-0.01,-1,-1
99926009,2026-05-18 10:29:36+05:30,52888.55,0,0.0,0,0.0,0.0,53282.15,53308.4,52783.45,53710.35,0,0.0,0.0,0.0,0.0,-0.01,-1,-1,-0.01,-1,-1,-0.01,-1,-1,-0.01,-1,-1,-0.01,-1,-1,-0.01,-1,-1,-0.01,-1,-1,-0.01,-1,-1,-0.01,-1,-1,-0.01,-1,-1
99926009,2026-05-18 10:29:36+05:30,52884.55,0,0.0,0,0.0,0.0,53282.15,53308.4,52783.45,53710.35,0,0.0,0.0,0.0,0.0,-0.01,-1,-1,-0.01,-1,-1,-0.01,-1,-1,-0.01,-1,-1,-0.01,-1,-1,-0.01,-1,-1,-0.01,-1,-1,-0.01,-1,-1,-0.01,-1,-1,-0.01,-1,-1
99926009,2026-05-18 10:29:37+05:30,52884.35,0,0.0,0,0.0,0.0,53282.15,53308.4,52783.45,53710.35,0,0.0,0.0,0.0,0.0,-0.01,-1,-1,-0.01,-1,-1,-0.01,-1,-1,-0.01,-1,-1,-0.01,-1,-1,-0.01,-1,-1,-0.01,-1,-1,-0.01,-1,-1,-0.01,-1,-1,-0.01,-1,-1
99926009,2026-05-18 10:29:37+05:30,52886.85,0,0.0,0,0.0,0.0,53282.15,53308.4,52783.45,53710.35,0,0.0,0.0,0.0,0.0,-0.01,-1,-1,-0.01,-1,-1,-0.01,-1,-1,-0.01,-1,-1,-0.01,-1,-1,-0.01,-1,-1,-0.01,-1,-1,-0.01,-1,-1,-0.01,-1,-1,-0.01,-1,-1
99926009,2026-05-18 10:29:38+05:30,52883.55,0,0.0,0,0.0,0.0,53282.15,53308.4,52783.45,53710.35,0,0.0,0.0,0.0,0.0,-0.01,-1,-1,-0.01,-1,-1,-0.01,-1,-1,-0.01,-1,-1,-0.01,-1,-1,-0.01,-1,-1,-0.01,-1,-1,-0.01,-1,-1,-0.01,-1,-1,-0.01,-1,-1
99926009,2026-05-18 10:29:38+05:30,52886.8,0,0.0,0,0.0,0.0,53282.15,53308.4,52783.45,53710.35,0,0.0,0.0,0.0,0.0,-0.01,-1,-1,-0.01,-1,-1,-0.01,-1,-1,-0.01,-1,-1,-0.01,-1,-1,-0.01,-1,-1,-0.01,-1,-1,-0.01,-1,-1,-0.01,-1,-1,-0.01,-1,-1
99926009,2026-05-18 10:29:39+05:30,52885.5,0,0.0,0,0.0,0.0,53282.15,53308.4,52783.45,53710.35,0,0.0,0.0,0.0,0.0,-0.01,-1,-1,-0.01,-1,-1,-0.01,-1,-1,-0.01,-1,-1,-0.01,-1,-1,-0.01,-1,-1,-0.01,-1,-1,-0.01,-1,-1,-0.01,-1,-1,-0.01,-1,-1
99926009,2026-05-18 10:29:39+05:30,52887.0,0,0.0,0,0.0,0.0,53282.15,53308.4,52783.45,53710.35,0,0.0,0.0,0.0,0.0,-0.01,-1,-1,-0.01,-1,-1,-0.01,-1,-1,-0.01,-1,-1,-0.01,-1,-1,-0.01,-1,-1,-0.01,-1,-1,-0.01,-1,-1,-0.01,-1,-1,-0.01,-1,-1
99926009,2026-05-18 10:29:40+05:30,52890.4,0,0.0,0,0.0,0.0,53282.15,53308.4,52783.45,53710.35,0,0.0,0.0,0.0,0.0,-0.01,-1,-1,-0.01,-1,-1,-0.01,-1,-1,-0.01,-1,-1,-0.01,-1,-1,-0.01,-1,-1,-0.01,-1,-1,-0.01,-1,-1,-0.01,-1,-1,-0.01,-1,-1
99926009,2026-05-18 10:29:40+05:30,52886.2,0,0.0,0,0.0,0.0,53282.15,53308.4,52783.45,53710.35,0,0.0,0.0,0.0,0.0,-0.01,-1,-1,-0.01,-1,-1,-0.01,-1,-1,-0.01,-1,-1,-0.01,-1,-1,-0.01,-1,-1,-0.01,-1,-1,-0.01,-1,-1,-0.01,-1,-1,-0.01,-1,-1
99926009,2026-05-18 10:29:41+05:30,52890.7,0,0.0,0,0.0,0.0,53282.15,53308.4,52783.45,53710.35,0,0.0,0.0,0.0,0.0,-0.01,-1,-1,-0.01,-1,-1,-0.01,-1,-1,-0.01,-1,-1,-0.01,-1,-1,-0.01,-1,-1,-0.01,-1,-1,-0.01,-1,-1,-0.01,-1,-1,-0.01,-1,-1
99926009,2026-05-18 10:29:41+05:30,52888.95,0,0.0,0,0.0,0.0,53282.15,53308.4,52783.45,53710.35,0,0.0,0.0,0.0,0.0,-0.01,-1,-1,-0.01,-1,-1,-0.01,-1,-1,-0.01,-1,-1,-0.01,-1,-1,-0.01,-1,-1,-0.01,-1,-1,-0.01,-1,-1,-0.01,-1,-1,-0.01,-1,-1
99926009,2026-05-18 10:29:42+05:30,52890.3,0,0.0,0,0.0,0.0,53282.15,53308.4,52783.45,53710.35,0,0.0,0.0,0.0,0.0,-0.01,-1,-1,-0.01,-1,-1,-0.01,-1,-1,-0.01,-1,-1,-0.01,-1,-1,-0.01,-1,-1,-0.01,-1,-1,-0.01,-1,-1,-0.01,-1,-1,-0.01,-1,-1
99926009,2026-05-18 10:29:42+05:30,52887.6,0,0.0,0,0.0,0.0,53282.15,53308.4,52783.45,53710.35,0,0.0,0.0,0.0,0.0,-0.01,-1,-1,-0.01,-1,-1,-0.01,-1,-1,-0.01,-1,-1,-0.01,-1,-1,-0.01,-1,-1,-0.01,-1,-1,-0.01,-1,-1,-0.01,-1,-1,-0.01,-1,-1
99926009,2026-05-18 10:29:43+05:30,52888.3,0,0.0,0,0.0,0.0,53282.15,53308.4,52783.45,53710.35,0,0.0,0.0,0.0,0.0,-0.01,-1,-1,-0.01,-1,-1,-0.01,-1,-1,-0.01,-1,-1,-0.01,-1,-1,-0.01,-1,-1,-0.01,-1,-1,-0.01,-1,-1,-0.01,-1,-1,-0.01,-1,-1
99926009,2026-05-18 10:29:43+05:30,52882.5,0,0.0,0,0.0,0.0,53282.15,53308.4,52783.45,53710.35,0,0.0,0.0,0.0,0.0,-0.01,-1,-1,-0.01,-1,-1,-0.01,-1,-1,-0.01,-1,-1,-0.01,-1,-1,-0.01,-1,-1,-0.01,-1,-1,-0.01,-1,-1,-0.01,-1,-1,-0.01,-1,-1
99926009,2026-05-18 10:29:44+05:30,52886.15,0,0.0,0,0.0,0.0,53282.15,53308.4,52783.45,53710.35,0,0.0,0.0,0.0,0.0,-0.01,-1,-1,-0.01,-1,-1,-0.01,-1,-1,-0.01,-1,-1,-0.01,-1,-1,-0.01,-1,-1,-0.01,-1,-1,-0.01,-1,-1,-0.01,-1,-1,-0.01,-1,-1
99926009,2026-05-18 10:29:44+05:30,52884.3,0,0.0,0,0.0,0.0,53282.15,53308.4,52783.45,53710.35,0,0.0,0.0,0.0,0.0,-0.01,-1,-1,-0.01,-1,-1,-0.01,-1,-1,-0.01,-1,-1,-0.01,-1,-1,-0.01,-1,-1,-0.01,-1,-1,-0.01,-1,-1,-0.01,-1,-1,-0.01,-1,-1
99926009,2026-05-18 10:29:45+05:30,52886.75,0,0.0,0,0.0,0.0,53282.15,53308.4,52783.45,53710.35,0,0.0,0.0,0.0,0.0,-0.01,-1,-1,-0.01,-1,-1,-0.01,-1,-1,-0.01,-1,-1,-0.01,-1,-1,-0.01,-1,-1,-0.01,-1,-1,-0.01,-1,-1,-0.01,-1,-1,-0.01,-1,-1
99926009,2026-05-18 10:29:45+05:30,52887.8,0,0.0,0,0.0,0.0,53282.15,53308.4,52783.45,53710.35,0,0.0,0.0,0.0,0.0,-0.01,-1,-1,-0.01,-1,-1,-0.01,-1,-1,-0.01,-1,-1,-0.01,-1,-1,-0.01,-1,-1,-0.01,-1,-1,-0.01,-1,-1,-0.01,-1,-1,-0.01,-1,-1
99926009,2026-05-18 10:29:46+05:30,52889.25,0,0.0,0,0.0,0.0,53282.15,53308.4,52783.45,53710.35,0,0.0,0.0,0.0,0.0,-0.01,-1,-1,-0.01,-1,-1,-0.01,-1,-1,-0.01,-1,-1,-0.01,-1,-1,-0.01,-1,-1,-0.01,-1,-1,-0.01,-1,-1,-0.01,-1,-1,-0.01,-1,-1
99926009,2026-05-18 10:29:46+05:30,52888.6,0,0.0,0,0.0,0.0,53282.15,53308.4,52783.45,53710.35,0,0.0,0.0,0.0,0.0,-0.01,-1,-1,-0.01,-1,-1,-0.01,-1,-1,-0.01,-1,-1,-0.01,-1,-1,-0.01,-1,-1,-0.01,-1,-1,-0.01,-1,-1,-0.01,-1,-1,-0.01,-1,-1
99926009,2026-05-18 10:29:47+05:30,52885.75,0,0.0,0,0.0,0.0,53282.15,53308.4,52783.45,53710.35,0,0.0,0.0,0.0,0.0,-0.01,-1,-1,-0.01,-1,-1,-0.01,-1,-1,-0.01,-1,-1,-0.01,-1,-1,-0.01,-1,-1,-0.01,-1,-1,-0.01,-1,-1,-0.01,-1,-1,-0.01,-1,-1
99926009,2026-05-18 10:29:47+05:30,52888.9,0,0.0,0,0.0,0.0,53282.15,53308.4,52783.45,53710.35,0,0.0,0.0,0.0,0.0,-0.01,-1,-1,-0.01,-1,-1,-0.01,-1,-1,-0.01,-1,-1,-0.01,-1,-1,-0.01,-1,-1,-0.01,-1,-1,-0.01,-1,-1,-0.01,-1,-1,-0.01,-1,-1
99926009,2026-05-18 10:29:48+05:30,52887.95,0,0.0,0,0.0,0.0,53282.15,53308.4,52783.45,53710.35,0,0.0,0.0,0.0,0.0,-0.01,-1,-1,-0.01,-1,-1,-0.01,-1,-1,-0.01,-1,-1,-0.01,-1,-1,-0.01,-1,-1,-0.01,-1,-1,-0.01,-1,-1,-0.01,-1,-1,-0.01,-1,-1
99926009,2026-05-18 10:29:48+05:30,52894.55,0,0.0,0,0.0,0.0,53282.15,53308.4,52783.45,53710.35,0,0.0,0.0,0.0,0.0,-0.01,-1,-1,-0.01,-1,-1,-0.01,-1,-1,-0.01,-1,-1,-0.01,-1,-1,-0.01,-1,-1,-0.01,-1,-1,-0.01,-1,-1,-0.01,-1,-1,-0.01,-1,-1
99926009,2026-05-18 10:29:49+05:30,52893.85,0,0.0,0,0.0,0.0,53282.15,53308.4,52783.45,53710.35,0,0.0,0.0,0.0,0.0,-0.01,-1,-1,-0.01,-1,-1,-0.01,-1,-1,-0.01,-1,-1,-0.01,-1,-1,-0.01,-1,-1,-0.01,-1,-1,-0.01,-1,-1,-0.01,-1,-1,-0.01,-1,-1
99926009,2026-05-18 10:29:49+05:30,52891.25,0,0.0,0,0.0,0.0,53282.15,53308.4,52783.45,53710.35,0,0.0,0.0,0.0,0.0,-0.01,-1,-1,-0.01,-1,-1,-0.01,-1,-1,-0.01,-1,-1,-0.01,-1,-1,-0.01,-1,-1,-0.01,-1,-1,-0.01,-1,-1,-0.01,-1,-1,-0.01,-1,-1
99926009,2026-05-18 10:29:50+05:30,52890.4,0,0.0,0,0.0,0.0,53282.15,53308.4,52783.45,53710.35,0,0.0,0.0,0.0,0.0,-0.01,-1,-1,-0.01,-1,-1,-0.01,-1,-1,-0.01,-1,-1,-0.01,-1,-1,-0.01,-1,-1,-0.01,-1,-1,-0.01,-1,-1,-0.01,-1,-1,-0.01,-1,-1
99926009,2026-05-18 10:29:50+05:30,52889.5,0,0.0,0,0.0,0.0,53282.15,53308.4,52783.45,53710.35,0,0.0,0.0,0.0,0.0,-0.01,-1,-1,-0.01,-1,-1,-0.01,-1,-1,-0.01,-1,-1,-0.01,-1,-1,-0.01,-1,-1,-0.01,-1,-1,-0.01,-1,-1,-0.01,-1,-1,-0.01,-1,-1
99926009,2026-05-18 10:29:51+05:30,52888.65,0,0.0,0,0.0,0.0,53282.15,53308.4,52783.45,53710.35,0,0.0,0.0,0.0,0.0,-0.01,-1,-1,-0.01,-1,-1,-0.01,-1,-1,-0.01,-1,-1,-0.01,-1,-1,-0.01,-1,-1,-0.01,-1,-1,-0.01,-1,-1,-0.01,-1,-1,-0.01,-1,-1
99926009,2026-05-18 10:29:51+05:30,52887.35,0,0.0,0,0.0,0.0,53282.15,53308.4,52783.45,53710.35,0,0.0,0.0,0.0,0.0,-0.01,-1,-1,-0.01,-1,-1,-0.01,-1,-1,-0.01,-1,-1,-0.01,-1,-1,-0.01,-1,-1,-0.01,-1,-1,-0.01,-1,-1,-0.01,-1,-1,-0.01,-1,-1
99926009,2026-05-18 10:29:52+05:30,52887.4,0,0.0,0,0.0,0.0,53282.15,53308.4,52783.45,53710.35,0,0.0,0.0,0.0,0.0,-0.01,-1,-1,-0.01,-1,-1,-0.01,-1,-1,-0.01,-1,-1,-0.01,-1,-1,-0.01,-1,-1,-0.01,-1,-1,-0.01,-1,-1,-0.01,-1,-1,-0.01,-1,-1
99926009,2026-05-18 10:29:52+05:30,52887.2,0,0.0,0,0.0,0.0,53282.15,53308.4,52783.45,53710.35,0,0.0,0.0,0.0,0.0,-0.01,-1,-1,-0.01,-1,-1,-0.01,-1,-1,-0.01,-1,-1,-0.01,-1,-1,-0.01,-1,-1,-0.01,-1,-1,-0.01,-1,-1,-0.01,-1,-1,-0.01,-1,-1
99926009,2026-05-18 10:29:53+05:30,52889.75,0,0.0,0,0.0,0.0,53282.15,53308.4,52783.45,53710.35,0,0.0,0.0,0.0,0.0,-0.01,-1,-1,-0.01,-1,-1,-0.01,-1,-1,-0.01,-1,-1,-0.01,-1,-1,-0.01,-1,-1,-0.01,-1,-1,-0.01,-1,-1,-0.01,-1,-1,-0.01,-1,-1
99926009,2026-05-18 10:29:53+05:30,52889.3,0,0.0,0,0.0,0.0,53282.15,53308.4,52783.45,53710.35,0,0.0,0.0,0.0,0.0,-0.01,-1,-1,-0.01,-1,-1,-0.01,-1,-1,-0.01,-1,-1,-0.01,-1,-1,-0.01,-1,-1,-0.01,-1,-1,-0.01,-1,-1,-0.01,-1,-1,-0.01,-1,-1
99926009,2026-05-18 10:29:54+05:30,52890.1,0,0.0,0,0.0,0.0,53282.15,53308.4,52783.45,53710.35,0,0.0,0.0,0.0,0.0,-0.01,-1,-1,-0.01,-1,-1,-0.01,-1,-1,-0.01,-1,-1,-0.01,-1,-1,-0.01,-1,-1,-0.01,-1,-1,-0.01,-1,-1,-0.01,-1,-1,-0.01,-1,-1
99926009,2026-05-18 10:29:54+05:30,52890.2,0,0.0,0,0.0,0.0,53282.15,53308.4,52783.45,53710.35,0,0.0,0.0,0.0,0.0,-0.01,-1,-1,-0.01,-1,-1,-0.01,-1,-1,-0.01,-1,-1,-0.01,-1,-1,-0.01,-1,-1,-0.01,-1,-1,-0.01,-1,-1,-0.01,-1,-1,-0.01,-1,-1
99926009,2026-05-18 10:29:55+05:30,52892.45,0,0.0,0,0.0,0.0,53282.15,53308.4,52783.45,53710.35,0,0.0,0.0,0.0,0.0,-0.01,-1,-1,-0.01,-1,-1,-0.01,-1,-1,-0.01,-1,-1,-0.01,-1,-1,-0.01,-1,-1,-0.01,-1,-1,-0.01,-1,-1,-0.01,-1,-1,-0.01,-1,-1
99926009,2026-05-18 10:29:55+05:30,52890.05,0,0.0,0,0.0,0.0,53282.15,53308.4,52783.45,53710.35,0,0.0,0.0,0.0,0.0,-0.01,-1,-1,-0.01,-1,-1,-0.01,-1,-1,-0.01,-1,-1,-0.01,-1,-1,-0.01,-1,-1,-0.01,-1,-1,-0.01,-1,-1,-0.01,-1,-1,-0.01,-1,-1
99926009,2026-05-18 10:29:56+05:30,52890.95,0,0.0,0,0.0,0.0,53282.15,53308.4,52783.45,53710.35,0,0.0,0.0,0.0,0.0,-0.01,-1,-1,-0.01,-1,-1,-0.01,-1,-1,-0.01,-1,-1,-0.01,-1,-1,-0.01,-1,-1,-0.01,-1,-1,-0.01,-1,-1,-0.01,-1,-1,-0.01,-1,-1
99926009,2026-05-18 10:29:56+05:30,52887.3,0,0.0,0,0.0,0.0,53282.15,53308.4,52783.45,53710.35,0,0.0,0.0,0.0,0.0,-0.01,-1,-1,-0.01,-1,-1,-0.01,-1,-1,-0.01,-1,-1,-0.01,-1,-1,-0.01,-1,-1,-0.01,-1,-1,-0.01,-1,-1,-0.01,-1,-1,-0.01,-1,-1
99926009,2026-05-18 10:29:57+05:30,52888.75,0,0.0,0,0.0,0.0,53282.15,53308.4,52783.45,53710.35,0,0.0,0.0,0.0,0.0,-0.01,-1,-1,-0.01,-1,-1,-0.01,-1,-1,-0.01,-1,-1,-0.01,-1,-1,-0.01,-1,-1,-0.01,-1,-1,-0.01,-1,-1,-0.01,-1,-1,-0.01,-1,-1
99926009,2026-05-18 10:29:57+05:30,52888.6,0,0.0,0,0.0,0.0,53282.15,53308.4,52783.45,53710.35,0,0.0,0.0,0.0,0.0,-0.01,-1,-1,-0.01,-1,-1,-0.01,-1,-1,-0.01,-1,-1,-0.01,-1,-1,-0.01,-1,-1,-0.01,-1,-1,-0.01,-1,-1,-0.01,-1,-1,-0.01,-1,-1
99926009,2026-05-18 10:29:58+05:30,52887.6,0,0.0,0,0.0,0.0,53282.15,53308.4,52783.45,53710.35,0,0.0,0.0,0.0,0.0,-0.01,-1,-1,-0.01,-1,-1,-0.01,-1,-1,-0.01,-1,-1,-0.01,-1,-1,-0.01,-1,-1,-0.01,-1,-1,-0.01,-1,-1,-0.01,-1,-1,-0.01,-1,-1
99926009,2026-05-18 10:29:58+05:30,52888.15,0,0.0,0,0.0,0.0,53282.15,53308.4,52783.45,53710.35,0,0.0,0.0,0.0,0.0,-0.01,-1,-1,-0.01,-1,-1,-0.01,-1,-1,-0.01,-1,-1,-0.01,-1,-1,-0.01,-1,-1,-0.01,-1,-1,-0.01,-1,-1,-0.01,-1,-1,-0.01,-1,-1
99926009,2026-05-18 10:29:59+05:30,52885.05,0,0.0,0,0.0,0.0,53282.15,53308.4,52783.45,53710.35,0,0.0,0.0,0.0,0.0,-0.01,-1,-1,-0.01,-1,-1,-0.01,-1,-1,-0.01,-1,-1,-0.01,-1,-1,-0.01,-1,-1,-0.01,-1,-1,-0.01,-1,-1,-0.01,-1,-1,-0.01,-1,-1
99926009,2026-05-18 10:29:59+05:30,52882.35,0,0.0,0,0.0,0.0,53282.15,53308.4,52783.45,53710.35,0,0.0,0.0,0.0,0.0,-0.01,-1,-1,-0.01,-1,-1,-0.01,-1,-1,-0.01,-1,-1,-0.01,-1,-1,-0.01,-1,-1,-0.01,-1,-1,-0.01,-1,-1,-0.01,-1,-1,-0.01,-1,-1
99926009,2026-05-18 10:30:00+05:30,52884.7,0,0.0,0,0.0,0.0,53282.15,53308.4,52783.45,53710.35,0,0.0,0.0,0.0,0.0,-0.01,-1,-1,-0.01,-1,-1,-0.01,-1,-1,-0.01,-1,-1,-0.01,-1,-1,-0.01,-1,-1,-0.01,-1,-1,-0.01,-1,-1,-0.01,-1,-1,-0.01,-1,-1
99926009,2026-05-18 10:30:00+05:30,52884.45,0,0.0,0,0.0,0.0,53282.15,53308.4,52783.45,53710.35,0,0.0,0.0,0.0,0.0,-0.01,-1,-1,-0.01,-1,-1,-0.01,-1,-1,-0.01,-1,-1,-0.01,-1,-1,-0.01,-1,-1,-0.01,-1,-1,-0.01,-1,-1,-0.01,-1,-1,-0.01,-1,-1
99926009,2026-05-18 10:30:01+05:30,52884.85,0,0.0,0,0.0,0.0,53282.15,53308.4,52783.45,53710.35,0,0.0,0.0,0.0,0.0,-0.01,-1,-1,-0.01,-1,-1,-0.01,-1,-1,-0.01,-1,-1,-0.01,-1,-1,-0.01,-1,-1,-0.01,-1,-1,-0.01,-1,-1,-0.01,-1,-1,-0.01,-1,-1
99926009,2026-05-18 10:30:01+05:30,52882.5,0,0.0,0,0.0,0.0,53282.15,53308.4,52783.45,53710.35,0,0.0,0.0,0.0,0.0,-0.01,-1,-1,-0.01,-1,-1,-0.01,-1,-1,-0.01,-1,-1,-0.01,-1,-1,-0.01,-1,-1,-0.01,-1,-1,-0.01,-1,-1,-0.01,-1,-1,-0.01,-1,-1
99926009,2026-05-18 10:30:02+05:30,52880.35,0,0.0,0,0.0,0.0,53282.15,53308.4,52783.45,53710.35,0,0.0,0.0,0.0,0.0,-0.01,-1,-1,-0.01,-1,-1,-0.01,-1,-1,-0.01,-1,-1,-0.01,-1,-1,-0.01,-1,-1,-0.01,-1,-1,-0.01,-1,-1,-0.01,-1,-1,-0.01,-1,-1
99926009,2026-05-18 10:30:02+05:30,52879.45,0,0.0,0,0.0,0.0,53282.15,53308.4,52783.45,53710.35,0,0.0,0.0,0.0,0.0,-0.01,-1,-1,-0.01,-1,-1,-0.01,-1,-1,-0.01,-1,-1,-0.01,-1,-1,-0.01,-1,-1,-0.01,-1,-1,-0.01,-1,-1,-0.01,-1,-1,-0.01,-1,-1
99926009,2026-05-18 10:30:03+05:30,52880.95,0,0.0,0,0.0,0.0,53282.15,53308.4,52783.45,53710.35,0,0.0,0.0,0.0,0.0,-0.01,-1,-1,-0.01,-1,-1,-0.01,-1,-1,-0.01,-1,-1,-0.01,-1,-1,-0.01,-1,-1,-0.01,-1,-1,-0.01,-1,-1,-0.01,-1,-1,-0.01,-1,-1
99926009,2026-05-18 10:30:03+05:30,52879.2,0,0.0,0,0.0,0.0,53282.15,53308.4,52783.45,53710.35,0,0.0,0.0,0.0,0.0,-0.01,-1,-1,-0.01,-1,-1,-0.01,-1,-1,-0.01,-1,-1,-0.01,-1,-1,-0.01,-1,-1,-0.01,-1,-1,-0.01,-1,-1,-0.01,-1,-1,-0.01,-1,-1
99926009,2026-05-18 10:30:04+05:30,52880.25,0,0.0,0,0.0,0.0,53282.15,53308.4,52783.45,53710.35,0,0.0,0.0,0.0,0.0,-0.01,-1,-1,-0.01,-1,-1,-0.01,-1,-1,-0.01,-1,-1,-0.01,-1,-1,-0.01,-1,-1,-0.01,-1,-1,-0.01,-1,-1,-0.01,-1,-1,-0.01,-1,-1
99926009,2026-05-18 10:30:04+05:30,52880.2,0,0.0,0,0.0,0.0,53282.15,53308.4,52783.45,53710.35,0,0.0,0.0,0.0,0.0,-0.01,-1,-1,-0.01,-1,-1,-0.01,-1,-1,-0.01,-1,-1,-0.01,-1,-1,-0.01,-1,-1,-0.01,-1,-1,-0.01,-1,-1,-0.01,-1,-1,-0.01,-1,-1
99926009,2026-05-18 10:30:05+05:30,52881.0,0,0.0,0,0.0,0.0,53282.15,53308.4,52783.45,53710.35,0,0.0,0.0,0.0,0.0,-0.01,-1,-1,-0.01,-1,-1,-0.01,-1,-1,-0.01,-1,-1,-0.01,-1,-1,-0.01,-1,-1,-0.01,-1,-1,-0.01,-1,-1,-0.01,-1,-1,-0.01,-1,-1
99926009,2026-05-18 10:30:05+05:30,52879.5,0,0.0,0,0.0,0.0,53282.15,53308.4,52783.45,53710.35,0,0.0,0.0,0.0,0.0,-0.01,-1,-1,-0.01,-1,-1,-0.01,-1,-1,-0.01,-1,-1,-0.01,-1,-1,-0.01,-1,-1,-0.01,-1,-1,-0.01,-1,-1,-0.01,-1,-1,-0.01,-1,-1
99926009,2026-05-18 10:30:06+05:30,52880.25,0,0.0,0,0.0,0.0,53282.15,53308.4,52783.45,53710.35,0,0.0,0.0,0.0,0.0,-0.01,-1,-1,-0.01,-1,-1,-0.01,-1,-1,-0.01,-1,-1,-0.01,-1,-1,-0.01,-1,-1,-0.01,-1,-1,-0.01,-1,-1,-0.01,-1,-1,-0.01,-1,-1
99926009,2026-05-18 10:30:06+05:30,52877.85,0,0.0,0,0.0,0.0,53282.15,53308.4,52783.45,53710.35,0,0.0,0.0,0.0,0.0,-0.01,-1,-1,-0.01,-1,-1,-0.01,-1,-1,-0.01,-1,-1,-0.01,-1,-1,-0.01,-1,-1,-0.01,-1,-1,-0.01,-1,-1,-0.01,-1,-1,-0.01,-1,-1
99926009,2026-05-18 10:30:07+05:30,52879.65,0,0.0,0,0.0,0.0,53282.15,53308.4,52783.45,53710.35,0,0.0,0.0,0.0,0.0,-0.01,-1,-1,-0.01,-1,-1,-0.01,-1,-1,-0.01,-1,-1,-0.01,-1,-1,-0.01,-1,-1,-0.01,-1,-1,-0.01,-1,-1,-0.01,-1,-1,-0.01,-1,-1
99926009,2026-05-18 10:30:07+05:30,52877.6,0,0.0,0,0.0,0.0,53282.15,53308.4,52783.45,53710.35,0,0.0,0.0,0.0,0.0,-0.01,-1,-1,-0.01,-1,-1,-0.01,-1,-1,-0.01,-1,-1,-0.01,-1,-1,-0.01,-1,-1,-0.01,-1,-1,-0.01,-1,-1,-0.01,-1,-1,-0.01,-1,-1
99926009,2026-05-18 10:30:08+05:30,52877.85,0,0.0,0,0.0,0.0,53282.15,53308.4,52783.45,53710.35,0,0.0,0.0,0.0,0.0,-0.01,-1,-1,-0.01,-1,-1,-0.01,-1,-1,-0.01,-1,-1,-0.01,-1,-1,-0.01,-1,-1,-0.01,-1,-1,-0.01,-1,-1,-0.01,-1,-1,-0.01,-1,-1
99926009,2026-05-18 10:30:08+05:30,52876.0,0,0.0,0,0.0,0.0,53282.15,53308.4,52783.45,53710.35,0,0.0,0.0,0.0,0.0,-0.01,-1,-1,-0.01,-1,-1,-0.01,-1,-1,-0.01,-1,-1,-0.01,-1,-1,-0.01,-1,-1,-0.01,-1,-1,-0.01,-1,-1,-0.01,-1,-1,-0.01,-1,-1
99926009,2026-05-18 10:30:09+05:30,52878.85,0,0.0,0,0.0,0.0,53282.15,53308.4,52783.45,53710.35,0,0.0,0.0,0.0,0.0,-0.01,-1,-1,-0.01,-1,-1,-0.01,-1,-1,-0.01,-1,-1,-0.01,-1,-1,-0.01,-1,-1,-0.01,-1,-1,-0.01,-1,-1,-0.01,-1,-1,-0.01,-1,-1
99926009,2026-05-18 10:30:09+05:30,52875.25,0,0.0,0,0.0,0.0,53282.15,53308.4,52783.45,53710.35,0,0.0,0.0,0.0,0.0,-0.01,-1,-1,-0.01,-1,-1,-0.01,-1,-1,-0.01,-1,-1,-0.01,-1,-1,-0.01,-1,-1,-0.01,-1,-1,-0.01,-1,-1,-0.01,-1,-1,-0.01,-1,-1
99926009,2026-05-18 10:30:10+05:30,52876.25,0,0.0,0,0.0,0.0,53282.15,53308.4,52783.45,53710.35,0,0.0,0.0,0.0,0.0,-0.01,-1,-1,-0.01,-1,-1,-0.01,-1,-1,-0.01,-1,-1,-0.01,-1,-1,-0.01,-1,-1,-0.01,-1,-1,-0.01,-1,-1,-0.01,-1,-1,-0.01,-1,-1
99926009,2026-05-18 10:30:10+05:30,52877.05,0,0.0,0,0.0,0.0,53282.15,53308.4,52783.45,53710.35,0,0.0,0.0,0.0,0.0,-0.01,-1,-1,-0.01,-1,-1,-0.01,-1,-1,-0.01,-1,-1,-0.01,-1,-1,-0.01,-1,-1,-0.01,-1,-1,-0.01,-1,-1,-0.01,-1,-1,-0.01,-1,-1
99926009,2026-05-18 10:30:11+05:30,52879.0,0,0.0,0,0.0,0.0,53282.15,53308.4,52783.45,53710.35,0,0.0,0.0,0.0,0.0,-0.01,-1,-1,-0.01,-1,-1,-0.01,-1,-1,-0.01,-1,-1,-0.01,-1,-1,-0.01,-1,-1,-0.01,-1,-1,-0.01,-1,-1,-0.01,-1,-1,-0.01,-1,-1
99926009,2026-05-18 10:30:11+05:30,52880.2,0,0.0,0,0.0,0.0,53282.15,53308.4,52783.45,53710.35,0,0.0,0.0,0.0,0.0,-0.01,-1,-1,-0.01,-1,-1,-0.01,-1,-1,-0.01,-1,-1,-0.01,-1,-1,-0.01,-1,-1,-0.01,-1,-1,-0.01,-1,-1,-0.01,-1,-1,-0.01,-1,-1
99926009,2026-05-18 10:30:12+05:30,52880.65,0,0.0,0,0.0,0.0,53282.15,53308.4,52783.45,53710.35,0,0.0,0.0,0.0,0.0,-0.01,-1,-1,-0.01,-1,-1,-0.01,-1,-1,-0.01,-1,-1,-0.01,-1,-1,-0.01,-1,-1,-0.01,-1,-1,-0.01,-1,-1,-0.01,-1,-1,-0.01,-1,-1
99926009,2026-05-18 10:30:12+05:30,52878.9,0,0.0,0,0.0,0.0,53282.15,53308.4,52783.45,53710.35,0,0.0,0.0,0.0,0.0,-0.01,-1,-1,-0.01,-1,-1,-0.01,-1,-1,-0.01,-1,-1,-0.01,-1,-1,-0.01,-1,-1,-0.01,-1,-1,-0.01,-1,-1,-0.01,-1,-1,-0.01,-1,-1
99926009,2026-05-18 10:30:13+05:30,52877.55,0,0.0,0,0.0,0.0,53282.15,53308.4,52783.45,53710.35,0,0.0,0.0,0.0,0.0,-0.01,-1,-1,-0.01,-1,-1,-0.01,-1,-1,-0.01,-1,-1,-0.01,-1,-1,-0.01,-1,-1,-0.01,-1,-1,-0.01,-1,-1,-0.01,-1,-1,-0.01,-1,-1
99926009,2026-05-18 10:30:13+05:30,52879.1,0,0.0,0,0.0,0.0,53282.15,53308.4,52783.45,53710.35,0,0.0,0.0,0.0,0.0,-0.01,-1,-1,-0.01,-1,-1,-0.01,-1,-1,-0.01,-1,-1,-0.01,-1,-1,-0.01,-1,-1,-0.01,-1,-1,-0.01,-1,-1,-0.01,-1,-1,-0.01,-1,-1
99926009,2026-05-18 10:30:14+05:30,52880.1,0,0.0,0,0.0,0.0,53282.15,53308.4,52783.45,53710.35,0,0.0,0.0,0.0,0.0,-0.01,-1,-1,-0.01,-1,-1,-0.01,-1,-1,-0.01,-1,-1,-0.01,-1,-1,-0.01,-1,-1,-0.01,-1,-1,-0.01,-1,-1,-0.01,-1,-1,-0.01,-1,-1
99926009,2026-05-18 10:30:14+05:30,52879.25,0,0.0,0,0.0,0.0,53282.15,53308.4,52783.45,53710.35,0,0.0,0.0,0.0,0.0,-0.01,-1,-1,-0.01,-1,-1,-0.01,-1,-1,-0.01,-1,-1,-0.01,-1,-1,-0.01,-1,-1,-0.01,-1,-1,-0.01,-1,-1,-0.01,-1,-1,-0.01,-1,-1
99926009,2026-05-18 10:30:15+05:30,52878.95,0,0.0,0,0.0,0.0,53282.15,53308.4,52783.45,53710.35,0,0.0,0.0,0.0,0.0,-0.01,-1,-1,-0.01,-1,-1,-0.01,-1,-1,-0.01,-1,-1,-0.01,-1,-1,-0.01,-1,-1,-0.01,-1,-1,-0.01,-1,-1,-0.01,-1,-1,-0.01,-1,-1
99926009,2026-05-18 10:30:15+05:30,52878.35,0,0.0,0,0.0,0.0,53282.15,53308.4,52783.45,53710.35,0,0.0,0.0,0.0,0.0,-0.01,-1,-1,-0.01,-1,-1,-0.01,-1,-1,-0.01,-1,-1,-0.01,-1,-1,-0.01,-1,-1,-0.01,-1,-1,-0.01,-1,-1,-0.01,-1,-1,-0.01,-1,-1
99926009,2026-05-18 10:30:16+05:30,52881.6,0,0.0,0,0.0,0.0,53282.15,53308.4,52783.45,53710.35,0,0.0,0.0,0.0,0.0,-0.01,-1,-1,-0.01,-1,-1,-0.01,-1,-1,-0.01,-1,-1,-0.01,-1,-1,-0.01,-1,-1,-0.01,-1,-1,-0.01,-1,-1,-0.01,-1,-1,-0.01,-1,-1
99926009,2026-05-18 10:30:16+05:30,52880.35,0,0.0,0,0.0,0.0,53282.15,53308.4,52783.45,53710.35,0,0.0,0.0,0.0,0.0,-0.01,-1,-1,-0.01,-1,-1,-0.01,-1,-1,-0.01,-1,-1,-0.01,-1,-1,-0.01,-1,-1,-0.01,-1,-1,-0.01,-1,-1,-0.01,-1,-1,-0.01,-1,-1
99926009,2026-05-18 10:30:17+05:30,52879.55,0,0.0,0,0.0,0.0,53282.15,53308.4,52783.45,53710.35,0,0.0,0.0,0.0,0.0,-0.01,-1,-1,-0.01,-1,-1,-0.01,-1,-1,-0.01,-1,-1,-0.01,-1,-1,-0.01,-1,-1,-0.01,-1,-1,-0.01,-1,-1,-0.01,-1,-1,-0.01,-1,-1
99926009,2026-05-18 10:30:17+05:30,52877.65,0,0.0,0,0.0,0.0,53282.15,53308.4,52783.45,53710.35,0,0.0,0.0,0.0,0.0,-0.01,-1,-1,-0.01,-1,-1,-0.01,-1,-1,-0.01,-1,-1,-0.01,-1,-1,-0.01,-1,-1,-0.01,-1,-1,-0.01,-1,-1,-0.01,-1,-1,-0.01,-1,-1
99926009,2026-05-18 10:30:18+05:30,52879.35,0,0.0,0,0.0,0.0,53282.15,53308.4,52783.45,53710.35,0,0.0,0.0,0.0,0.0,-0.01,-1,-1,-0.01,-1,-1,-0.01,-1,-1,-0.01,-1,-1,-0.01,-1,-1,-0.01,-1,-1,-0.01,-1,-1,-0.01,-1,-1,-0.01,-1,-1,-0.01,-1,-1
99926009,2026-05-18 10:30:18+05:30,52880.8,0,0.0,0,0.0,0.0,53282.15,53308.4,52783.45,53710.35,0,0.0,0.0,0.0,0.0,-0.01,-1,-1,-0.01,-1,-1,-0.01,-1,-1,-0.01,-1,-1,-0.01,-1,-1,-0.01,-1,-1,-0.01,-1,-1,-0.01,-1,-1,-0.01,-1,-1,-0.01,-1,-1
99926009,2026-05-18 10:30:19+05:30,52877.9,0,0.0,0,0.0,0.0,53282.15,53308.4,52783.45,53710.35,0,0.0,0.0,0.0,0.0,-0.01,-1,-1,-0.01,-1,-1,-0.01,-1,-1,-0.01,-1,-1,-0.01,-1,-1,-0.01,-1,-1,-0.01,-1,-1,-0.01,-1,-1,-0.01,-1,-1,-0.01,-1,-1
99926009,2026-05-18 10:30:19+05:30,52876.9,0,0.0,0,0.0,0.0,53282.15,53308.4,52783.45,53710.35,0,0.0,0.0,0.0,0.0,-0.01,-1,-1,-0.01,-1,-1,-0.01,-1,-1,-0.01,-1,-1,-0.01,-1,-1,-0.01,-1,-1,-0.01,-1,-1,-0.01,-1,-1,-0.01,-1,-1,-0.01,-1,-1
99926009,2026-05-18 10:30:20+05:30,52880.2,0,0.0,0,0.0,0.0,53282.15,53308.4,52783.45,53710.35,0,0.0,0.0,0.0,0.0,-0.01,-1,-1,-0.01,-1,-1,-0.01,-1,-1,-0.01,-1,-1,-0.01,-1,-1,-0.01,-1,-1,-0.01,-1,-1,-0.01,-1,-1,-0.01,-1,-1,-0.01,-1,-1
99926009,2026-05-18 10:30:20+05:30,52878.5,0,0.0,0,0.0,0.0,53282.15,53308.4,52783.45,53710.35,0,0.0,0.0,0.0,0.0,-0.01,-1,-1,-0.01,-1,-1,-0.01,-1,-1,-0.01,-1,-1,-0.01,-1,-1,-0.01,-1,-1,-0.01,-1,-1,-0.01,-1,-1,-0.01,-1,-1,-0.01,-1,-1
99926009,2026-05-18 10:30:21+05:30,52880.25,0,0.0,0,0.0,0.0,53282.15,53308.4,52783.45,53710.35,0,0.0,0.0,0.0,0.0,-0.01,-1,-1,-0.01,-1,-1,-0.01,-1,-1,-0.01,-1,-1,-0.01,-1,-1,-0.01,-1,-1,-0.01,-1,-1,-0.01,-1,-1,-0.01,-1,-1,-0.01,-1,-1
99926009,2026-05-18 10:30:21+05:30,52878.05,0,0.0,0,0.0,0.0,53282.15,53308.4,52783.45,53710.35,0,0.0,0.0,0.0,0.0,-0.01,-1,-1,-0.01,-1,-1,-0.01,-1,-1,-0.01,-1,-1,-0.01,-1,-1,-0.01,-1,-1,-0.01,-1,-1,-0.01,-1,-1,-0.01,-1,-1,-0.01,-1,-1
99926009,2026-05-18 10:30:22+05:30,52877.95,0,0.0,0,0.0,0.0,53282.15,53308.4,52783.45,53710.35,0,0.0,0.0,0.0,0.0,-0.01,-1,-1,-0.01,-1,-1,-0.01,-1,-1,-0.01,-1,-1,-0.01,-1,-1,-0.01,-1,-1,-0.01,-1,-1,-0.01,-1,-1,-0.01,-1,-1,-0.01,-1,-1
99926009,2026-05-18 10:30:22+05:30,52878.1,0,0.0,0,0.0,0.0,53282.15,53308.4,52783.45,53710.35,0,0.0,0.0,0.0,0.0,-0.01,-1,-1,-0.01,-1,-1,-0.01,-1,-1,-0.01,-1,-1,-0.01,-1,-1,-0.01,-1,-1,-0.01,-1,-1,-0.01,-1,-1,-0.01,-1,-1,-0.01,-1,-1
99926009,2026-05-18 10:30:23+05:30,52880.95,0,0.0,0,0.0,0.0,53282.15,53308.4,52783.45,53710.35,0,0.0,0.0,0.0,0.0,-0.01,-1,-1,-0.01,-1,-1,-0.01,-1,-1,-0.01,-1,-1,-0.01,-1,-1,-0.01,-1,-1,-0.01,-1,-1,-0.01,-1,-1,-0.01,-1,-1,-0.01,-1,-1
99926009,2026-05-18 10:30:23+05:30,52879.95,0,0.0,0,0.0,0.0,53282.15,53308.4,52783.45,53710.35,0,0.0,0.0,0.0,0.0,-0.01,-1,-1,-0.01,-1,-1,-0.01,-1,-1,-0.01,-1,-1,-0.01,-1,-1,-0.01,-1,-1,-0.01,-1,-1,-0.01,-1,-1,-0.01,-1,-1,-0.01,-1,-1
99926009,2026-05-18 10:30:24+05:30,52879.25,0,0.0,0,0.0,0.0,53282.15,53308.4,52783.45,53710.35,0,0.0,0.0,0.0,0.0,-0.01,-1,-1,-0.01,-1,-1,-0.01,-1,-1,-0.01,-1,-1,-0.01,-1,-1,-0.01,-1,-1,-0.01,-1,-1,-0.01,-1,-1,-0.01,-1,-1,-0.01,-1,-1
99926009,2026-05-18 10:30:24+05:30,52877.2,0,0.0,0,0.0,0.0,53282.15,53308.4,52783.45,53710.35,0,0.0,0.0,0.0,0.0,-0.01,-1,-1,-0.01,-1,-1,-0.01,-1,-1,-0.01,-1,-1,-0.01,-1,-1,-0.01,-1,-1,-0.01,-1,-1,-0.01,-1,-1,-0.01,-1,-1,-0.01,-1,-1
99926009,2026-05-18 10:30:25+05:30,52878.6,0,0.0,0,0.0,0.0,53282.15,53308.4,52783.45,53710.35,0,0.0,0.0,0.0,0.0,-0.01,-1,-1,-0.01,-1,-1,-0.01,-1,-1,-0.01,-1,-1,-0.01,-1,-1,-0.01,-1,-1,-0.01,-1,-1,-0.01,-1,-1,-0.01,-1,-1,-0.01,-1,-1
99926009,2026-05-18 10:30:25+05:30,52876.65,0,0.0,0,0.0,0.0,53282.15,53308.4,52783.45,53710.35,0,0.0,0.0,0.0,0.0,-0.01,-1,-1,-0.01,-1,-1,-0.01,-1,-1,-0.01,-1,-1,-0.01,-1,-1,-0.01,-1,-1,-0.01,-1,-1,-0.01,-1,-1,-0.01,-1,-1,-0.01,-1,-1
99926009,2026-05-18 10:30:26+05:30,52876.9,0,0.0,0,0.0,0.0,53282.15,53308.4,52783.45,53710.35,0,0.0,0.0,0.0,0.0,-0.01,-1,-1,-0.01,-1,-1,-0.01,-1,-1,-0.01,-1,-1,-0.01,-1,-1,-0.01,-1,-1,-0.01,-1,-1,-0.01,-1,-1,-0.01,-1,-1,-0.01,-1,-1
99926009,2026-05-18 10:30:26+05:30,52877.9,0,0.0,0,0.0,0.0,53282.15,53308.4,52783.45,53710.35,0,0.0,0.0,0.0,0.0,-0.01,-1,-1,-0.01,-1,-1,-0.01,-1,-1,-0.01,-1,-1,-0.01,-1,-1,-0.01,-1,-1,-0.01,-1,-1,-0.01,-1,-1,-0.01,-1,-1,-0.01,-1,-1
99926009,2026-05-18 10:30:27+05:30,52879.2,0,0.0,0,0.0,0.0,53282.15,53308.4,52783.45,53710.35,0,0.0,0.0,0.0,0.0,-0.01,-1,-1,-0.01,-1,-1,-0.01,-1,-1,-0.01,-1,-1,-0.01,-1,-1,-0.01,-1,-1,-0.01,-1,-1,-0.01,-1,-1,-0.01,-1,-1,-0.01,-1,-1
99926009,2026-05-18 10:30:27+05:30,52878.55,0,0.0,0,0.0,0.0,53282.15,53308.4,52783.45,53710.35,0,0.0,0.0,0.0,0.0,-0.01,-1,-1,-0.01,-1,-1,-0.01,-1,-1,-0.01,-1,-1,-0.01,-1,-1,-0.01,-1,-1,-0.01,-1,-1,-0.01,-1,-1,-0.01,-1,-1,-0.01,-1,-1
99926009,2026-05-18 10:30:28+05:30,52873.05,0,0.0,0,0.0,0.0,53282.15,53308.4,52783.45,53710.35,0,0.0,0.0,0.0,0.0,-0.01,-1,-1,-0.01,-1,-1,-0.01,-1,-1,-0.01,-1,-1,-0.01,-1,-1,-0.01,-1,-1,-0.01,-1,-1,-0.01,-1,-1,-0.01,-1,-1,-0.01,-1,-1
99926009,2026-05-18 10:30:28+05:30,52873.0,0,0.0,0,0.0,0.0,53282.15,53308.4,52783.45,53710.35,0,0.0,0.0,0.0,0.0,-0.01,-1,-1,-0.01,-1,-1,-0.01,-1,-1,-0.01,-1,-1,-0.01,-1,-1,-0.01,-1,-1,-0.01,-1,-1,-0.01,-1,-1,-0.01,-1,-1,-0.01,-1,-1
99926009,2026-05-18 10:30:29+05:30,52872.9,0,0.0,0,0.0,0.0,53282.15,53308.4,52783.45,53710.35,0,0.0,0.0,0.0,0.0,-0.01,-1,-1,-0.01,-1,-1,-0.01,-1,-1,-0.01,-1,-1,-0.01,-1,-1,-0.01,-1,-1,-0.01,-1,-1,-0.01,-1,-1,-0.01,-1,-1,-0.01,-1,-1
99926009,2026-05-18 10:30:29+05:30,52869.35,0,0.0,0,0.0,0.0,53282.15,53308.4,52783.45,53710.35,0,0.0,0.0,0.0,0.0,-0.01,-1,-1,-0.01,-1,-1,-0.01,-1,-1,-0.01,-1,-1,-0.01,-1,-1,-0.01,-1,-1,-0.01,-1,-1,-0.01,-1,-1,-0.01,-1,-1,-0.01,-1,-1
99926009,2026-05-18 10:30:30+05:30,52869.55,0,0.0,0,0.0,0.0,53282.15,53308.4,52783.45,53710.35,0,0.0,0.0,0.0,0.0,-0.01,-1,-1,-0.01,-1,-1,-0.01,-1,-1,-0.01,-1,-1,-0.01,-1,-1,-0.01,-1,-1,-0.01,-1,-1,-0.01,-1,-1,-0.01,-1,-1,-0.01,-1,-1
99926009,2026-05-18 10:30:30+05:30,52870.45,0,0.0,0,0.0,0.0,53282.15,53308.4,52783.45,53710.35,0,0.0,0.0,0.0,0.0,-0.01,-1,-1,-0.01,-1,-1,-0.01,-1,-1,-0.01,-1,-1,-0.01,-1,-1,-0.01,-1,-1,-0.01,-1,-1,-0.01,-1,-1,-0.01,-1,-1,-0.01,-1,-1
99926009,2026-05-18 10:30:31+05:30,52872.55,0,0.0,0,0.0,0.0,53282.15,53308.4,52783.45,53710.35,0,0.0,0.0,0.0,0.0,-0.01,-1,-1,-0.01,-1,-1,-0.01,-1,-1,-0.01,-1,-1,-0.01,-1,-1,-0.01,-1,-1,-0.01,-1,-1,-0.01,-1,-1,-0.01,-1,-1,-0.01,-1,-1
99926009,2026-05-18 10:30:31+05:30,52872.0,0,0.0,0,0.0,0.0,53282.15,53308.4,52783.45,53710.35,0,0.0,0.0,0.0,0.0,-0.01,-1,-1,-0.01,-1,-1,-0.01,-1,-1,-0.01,-1,-1,-0.01,-1,-1,-0.01,-1,-1,-0.01,-1,-1,-0.01,-1,-1,-0.01,-1,-1,-0.01,-1,-1
99926009,2026-05-18 10:30:32+05:30,52873.1,0,0.0,0,0.0,0.0,53282.15,53308.4,52783.45,53710.35,0,0.0,0.0,0.0,0.0,-0.01,-1,-1,-0.01,-1,-1,-0.01,-1,-1,-0.01,-1,-1,-0.01,-1,-1,-0.01,-1,-1,-0.01,-1,-1,-0.01,-1,-1,-0.01,-1,-1,-0.01,-1,-1
99926009,2026-05-18 10:30:32+05:30,52871.3,0,0.0,0,0.0,0.0,53282.15,53308.4,52783.45,53710.35,0,0.0,0.0,0.0,0.0,-0.01,-1,-1,-0.01,-1,-1,-0.01,-1,-1,-0.01,-1,-1,-0.01,-1,-1,-0.01,-1,-1,-0.01,-1,-1,-0.01,-1,-1,-0.01,-1,-1,-0.01,-1,-1
99926009,2026-05-18 10:30:33+05:30,52868.2,0,0.0,0,0.0,0.0,53282.15,53308.4,52783.45,53710.35,0,0.0,0.0,0.0,0.0,-0.01,-1,-1,-0.01,-1,-1,-0.01,-1,-1,-0.01,-1,-1,-0.01,-1,-1,-0.01,-1,-1,-0.01,-1,-1,-0.01,-1,-1,-0.01,-1,-1,-0.01,-1,-1
99926009,2026-05-18 10:30:33+05:30,52870.0,0,0.0,0,0.0,0.0,53282.15,53308.4,52783.45,53710.35,0,0.0,0.0,0.0,0.0,-0.01,-1,-1,-0.01,-1,-1,-0.01,-1,-1,-0.01,-1,-1,-0.01,-1,-1,-0.01,-1,-1,-0.01,-1,-1,-0.01,-1,-1,-0.01,-1,-1,-0.01,-1,-1
99926009,2026-05-18 10:30:34+05:30,52870.8,0,0.0,0,0.0,0.0,53282.15,53308.4,52783.45,53710.35,0,0.0,0.0,0.0,0.0,-0.01,-1,-1,-0.01,-1,-1,-0.01,-1,-1,-0.01,-1,-1,-0.01,-1,-1,-0.01,-1,-1,-0.01,-1,-1,-0.01,-1,-1,-0.01,-1,-1,-0.01,-1,-1
99926009,2026-05-18 10:30:34+05:30,52875.8,0,0.0,0,0.0,0.0,53282.15,53308.4,52783.45,53710.35,0,0.0,0.0,0.0,0.0,-0.01,-1,-1,-0.01,-1,-1,-0.01,-1,-1,-0.01,-1,-1,-0.01,-1,-1,-0.01,-1,-1,-0.01,-1,-1,-0.01,-1,-1,-0.01,-1,-1,-0.01,-1,-1
99926009,2026-05-18 10:30:35+05:30,52876.8,0,0.0,0,0.0,0.0,53282.15,53308.4,52783.45,53710.35,0,0.0,0.0,0.0,0.0,-0.01,-1,-1,-0.01,-1,-1,-0.01,-1,-1,-0.01,-1,-1,-0.01,-1,-1,-0.01,-1,-1,-0.01,-1,-1,-0.01,-1,-1,-0.01,-1,-1,-0.01,-1,-1
99926009,2026-05-18 10:30:35+05:30,52874.45,0,0.0,0,0.0,0.0,53282.15,53308.4,52783.45,53710.35,0,0.0,0.0,0.0,0.0,-0.01,-1,-1,-0.01,-1,-1,-0.01,-1,-1,-0.01,-1,-1,-0.01,-1,-1,-0.01,-1,-1,-0.01,-1,-1,-0.01,-1,-1,-0.01,-1,-1,-0.01,-1,-1
99926009,2026-05-18 10:30:36+05:30,52878.5,0,0.0,0,0.0,0.0,53282.15,53308.4,52783.45,53710.35,0,0.0,0.0,0.0,0.0,-0.01,-1,-1,-0.01,-1,-1,-0.01,-1,-1,-0.01,-1,-1,-0.01,-1,-1,-0.01,-1,-1,-0.01,-1,-1,-0.01,-1,-1,-0.01,-1,-1,-0.01,-1,-1
99926009,2026-05-18 10:30:36+05:30,52875.9,0,0.0,0,0.0,0.0,53282.15,53308.4,52783.45,53710.35,0,0.0,0.0,0.0,0.0,-0.01,-1,-1,-0.01,-1,-1,-0.01,-1,-1,-0.01,-1,-1,-0.01,-1,-1,-0.01,-1,-1,-0.01,-1,-1,-0.01,-1,-1,-0.01,-1,-1,-0.01,-1,-1
99926009,2026-05-18 10:30:37+05:30,52876.2,0,0.0,0,0.0,0.0,53282.15,53308.4,52783.45,53710.35,0,0.0,0.0,0.0,0.0,-0.01,-1,-1,-0.01,-1,-1,-0.01,-1,-1,-0.01,-1,-1,-0.01,-1,-1,-0.01,-1,-1,-0.01,-1,-1,-0.01,-1,-1,-0.01,-1,-1,-0.01,-1,-1
99926009,2026-05-18 10:30:37+05:30,52876.35,0,0.0,0,0.0,0.0,53282.15,53308.4,52783.45,53710.35,0,0.0,0.0,0.0,0.0,-0.01,-1,-1,-0.01,-1,-1,-0.01,-1,-1,-0.01,-1,-1,-0.01,-1,-1,-0.01,-1,-1,-0.01,-1,-1,-0.01,-1,-1,-0.01,-1,-1,-0.01,-1,-1
99926009,2026-05-18 10:30:38+05:30,52874.45,0,0.0,0,0.0,0.0,53282.15,53308.4,52783.45,53710.35,0,0.0,0.0,0.0,0.0,-0.01,-1,-1,-0.01,-1,-1,-0.01,-1,-1,-0.01,-1,-1,-0.01,-1,-1,-0.01,-1,-1,-0.01,-1,-1,-0.01,-1,-1,-0.01,-1,-1,-0.01,-1,-1
99926009,2026-05-18 10:30:38+05:30,52875.55,0,0.0,0,0.0,0.0,53282.15,53308.4,52783.45,53710.35,0,0.0,0.0,0.0,0.0,-0.01,-1,-1,-0.01,-1,-1,-0.01,-1,-1,-0.01,-1,-1,-0.01,-1,-1,-0.01,-1,-1,-0.01,-1,-1,-0.01,-1,-1,-0.01,-1,-1,-0.01,-1,-1
99926009,2026-05-18 10:30:39+05:30,52877.25,0,0.0,0,0.0,0.0,53282.15,53308.4,52783.45,53710.35,0,0.0,0.0,0.0,0.0,-0.01,-1,-1,-0.01,-1,-1,-0.01,-1,-1,-0.01,-1,-1,-0.01,-1,-1,-0.01,-1,-1,-0.01,-1,-1,-0.01,-1,-1,-0.01,-1,-1,-0.01,-1,-1
99926009,2026-05-18 10:30:39+05:30,52873.5,0,0.0,0,0.0,0.0,53282.15,53308.4,52783.45,53710.35,0,0.0,0.0,0.0,0.0,-0.01,-1,-1,-0.01,-1,-1,-0.01,-1,-1,-0.01,-1,-1,-0.01,-1,-1,-0.01,-1,-1,-0.01,-1,-1,-0.01,-1,-1,-0.01,-1,-1,-0.01,-1,-1
99926009,2026-05-18 10:30:40+05:30,52879.1,0,0.0,0,0.0,0.0,53282.15,53308.4,52783.45,53710.35,0,0.0,0.0,0.0,0.0,-0.01,-1,-1,-0.01,-1,-1,-0.01,-1,-1,-0.01,-1,-1,-0.01,-1,-1,-0.01,-1,-1,-0.01,-1,-1,-0.01,-1,-1,-0.01,-1,-1,-0.01,-1,-1
99926009,2026-05-18 10:30:40+05:30,52873.55,0,0.0,0,0.0,0.0,53282.15,53308.4,52783.45,53710.35,0,0.0,0.0,0.0,0.0,-0.01,-1,-1,-0.01,-1,-1,-0.01,-1,-1,-0.01,-1,-1,-0.01,-1,-1,-0.01,-1,-1,-0.01,-1,-1,-0.01,-1,-1,-0.01,-1,-1,-0.01,-1,-1
99926009,2026-05-18 10:30:41+05:30,52875.75,0,0.0,0,0.0,0.0,53282.15,53308.4,52783.45,53710.35,0,0.0,0.0,0.0,0.0,-0.01,-1,-1,-0.01,-1,-1,-0.01,-1,-1,-0.01,-1,-1,-0.01,-1,-1,-0.01,-1,-1,-0.01,-1,-1,-0.01,-1,-1,-0.01,-1,-1,-0.01,-1,-1
99926009,2026-05-18 10:30:41+05:30,52877.85,0,0.0,0,0.0,0.0,53282.15,53308.4,52783.45,53710.35,0,0.0,0.0,0.0,0.0,-0.01,-1,-1,-0.01,-1,-1,-0.01,-1,-1,-0.01,-1,-1,-0.01,-1,-1,-0.01,-1,-1,-0.01,-1,-1,-0.01,-1,-1,-0.01,-1,-1,-0.01,-1,-1
99926009,2026-05-18 10:30:42+05:30,52878.05,0,0.0,0,0.0,0.0,53282.15,53308.4,52783.45,53710.35,0,0.0,0.0,0.0,0.0,-0.01,-1,-1,-0.01,-1,-1,-0.01,-1,-1,-0.01,-1,-1,-0.01,-1,-1,-0.01,-1,-1,-0.01,-1,-1,-0.01,-1,-1,-0.01,-1,-1,-0.01,-1,-1
99926009,2026-05-18 10:30:42+05:30,52877.8,0,0.0,0,0.0,0.0,53282.15,53308.4,52783.45,53710.35,0,0.0,0.0,0.0,0.0,-0.01,-1,-1,-0.01,-1,-1,-0.01,-1,-1,-0.01,-1,-1,-0.01,-1,-1,-0.01,-1,-1,-0.01,-1,-1,-0.01,-1,-1,-0.01,-1,-1,-0.01,-1,-1
99926009,2026-05-18 10:30:43+05:30,52877.3,0,0.0,0,0.0,0.0,53282.15,53308.4,52783.45,53710.35,0,0.0,0.0,0.0,0.0,-0.01,-1,-1,-0.01,-1,-1,-0.01,-1,-1,-0.01,-1,-1,-0.01,-1,-1,-0.01,-1,-1,-0.01,-1,-1,-0.01,-1,-1,-0.01,-1,-1,-0.01,-1,-1
99926009,2026-05-18 10:30:43+05:30,52873.2,0,0.0,0,0.0,0.0,53282.15,53308.4,52783.45,53710.35,0,0.0,0.0,0.0,0.0,-0.01,-1,-1,-0.01,-1,-1,-0.01,-1,-1,-0.01,-1,-1,-0.01,-1,-1,-0.01,-1,-1,-0.01,-1,-1,-0.01,-1,-1,-0.01,-1,-1,-0.01,-1,-1
99926009,2026-05-18 10:30:44+05:30,52874.4,0,0.0,0,0.0,0.0,53282.15,53308.4,52783.45,53710.35,0,0.0,0.0,0.0,0.0,-0.01,-1,-1,-0.01,-1,-1,-0.01,-1,-1,-0.01,-1,-1,-0.01,-1,-1,-0.01,-1,-1,-0.01,-1,-1,-0.01,-1,-1,-0.01,-1,-1,-0.01,-1,-1
99926009,2026-05-18 10:30:44+05:30,52873.0,0,0.0,0,0.0,0.0,53282.15,53308.4,52783.45,53710.35,0,0.0,0.0,0.0,0.0,-0.01,-1,-1,-0.01,-1,-1,-0.01,-1,-1,-0.01,-1,-1,-0.01,-1,-1,-0.01,-1,-1,-0.01,-1,-1,-0.01,-1,-1,-0.01,-1,-1,-0.01,-1,-1
99926009,2026-05-18 10:30:45+05:30,52875.1,0,0.0,0,0.0,0.0,53282.15,53308.4,52783.45,53710.35,0,0.0,0.0,0.0,0.0,-0.01,-1,-1,-0.01,-1,-1,-0.01,-1,-1,-0.01,-1,-1,-0.01,-1,-1,-0.01,-1,-1,-0.01,-1,-1,-0.01,-1,-1,-0.01,-1,-1,-0.01,-1,-1
99926009,2026-05-18 10:30:45+05:30,52875.5,0,0.0,0,0.0,0.0,53282.15,53308.4,52783.45,53710.35,0,0.0,0.0,0.0,0.0,-0.01,-1,-1,-0.01,-1,-1,-0.01,-1,-1,-0.01,-1,-1,-0.01,-1,-1,-0.01,-1,-1,-0.01,-1,-1,-0.01,-1,-1,-0.01,-1,-1,-0.01,-1,-1
99926009,2026-05-18 10:30:46+05:30,52876.9,0,0.0,0,0.0,0.0,53282.15,53308.4,52783.45,53710.35,0,0.0,0.0,0.0,0.0,-0.01,-1,-1,-0.01,-1,-1,-0.01,-1,-1,-0.01,-1,-1,-0.01,-1,-1,-0.01,-1,-1,-0.01,-1,-1,-0.01,-1,-1,-0.01,-1,-1,-0.01,-1,-1
99926009,2026-05-18 10:30:46+05:30,52878.35,0,0.0,0,0.0,0.0,53282.15,53308.4,52783.45,53710.35,0,0.0,0.0,0.0,0.0,-0.01,-1,-1,-0.01,-1,-1,-0.01,-1,-1,-0.01,-1,-1,-0.01,-1,-1,-0.01,-1,-1,-0.01,-1,-1,-0.01,-1,-1,-0.01,-1,-1,-0.01,-1,-1
99926009,2026-05-18 10:30:47+05:30,52877.05,0,0.0,0,0.0,0.0,53282.15,53308.4,52783.45,53710.35,0,0.0,0.0,0.0,0.0,-0.01,-1,-1,-0.01,-1,-1,-0.01,-1,-1,-0.01,-1,-1,-0.01,-1,-1,-0.01,-1,-1,-0.01,-1,-1,-0.01,-1,-1,-0.01,-1,-1,-0.01,-1,-1
99926009,2026-05-18 10:30:47+05:30,52878.1,0,0.0,0,0.0,0.0,53282.15,53308.4,52783.45,53710.35,0,0.0,0.0,0.0,0.0,-0.01,-1,-1,-0.01,-1,-1,-0.01,-1,-1,-0.01,-1,-1,-0.01,-1,-1,-0.01,-1,-1,-0.01,-1,-1,-0.01,-1,-1,-0.01,-1,-1,-0.01,-1,-1
99926009,2026-05-18 10:30:48+05:30,52877.8,0,0.0,0,0.0,0.0,53282.15,53308.4,52783.45,53710.35,0,0.0,0.0,0.0,0.0,-0.01,-1,-1,-0.01,-1,-1,-0.01,-1,-1,-0.01,-1,-1,-0.01,-1,-1,-0.01,-1,-1,-0.01,-1,-1,-0.01,-1,-1,-0.01,-1,-1,-0.01,-1,-1
99926009,2026-05-18 10:30:48+05:30,52874.15,0,0.0,0,0.0,0.0,53282.15,53308.4,52783.45,53710.35,0,0.0,0.0,0.0,0.0,-0.01,-1,-1,-0.01,-1,-1,-0.01,-1,-1,-0.01,-1,-1,-0.01,-1,-1,-0.01,-1,-1,-0.01,-1,-1,-0.01,-1,-1,-0.01,-1,-1,-0.01,-1,-1
99926009,2026-05-18 10:30:49+05:30,52878.25,0,0.0,0,0.0,0.0,53282.15,53308.4,52783.45,53710.35,0,0.0,0.0,0.0,0.0,-0.01,-1,-1,-0.01,-1,-1,-0.01,-1,-1,-0.01,-1,-1,-0.01,-1,-1,-0.01,-1,-1,-0.01,-1,-1,-0.01,-1,-1,-0.01,-1,-1,-0.01,-1,-1
99926009,2026-05-18 10:30:49+05:30,52871.75,0,0.0,0,0.0,0.0,53282.15,53308.4,52783.45,53710.35,0,0.0,0.0,0.0,0.0,-0.01,-1,-1,-0.01,-1,-1,-0.01,-1,-1,-0.01,-1,-1,-0.01,-1,-1,-0.01,-1,-1,-0.01,-1,-1,-0.01,-1,-1,-0.01,-1,-1,-0.01,-1,-1
99926009,2026-05-18 10:30:50+05:30,52874.0,0,0.0,0,0.0,0.0,53282.15,53308.4,52783.45,53710.35,0,0.0,0.0,0.0,0.0,-0.01,-1,-1,-0.01,-1,-1,-0.01,-1,-1,-0.01,-1,-1,-0.01,-1,-1,-0.01,-1,-1,-0.01,-1,-1,-0.01,-1,-1,-0.01,-1,-1,-0.01,-1,-1
99926009,2026-05-18 10:30:50+05:30,52869.7,0,0.0,0,0.0,0.0,53282.15,53308.4,52783.45,53710.35,0,0.0,0.0,0.0,0.0,-0.01,-1,-1,-0.01,-1,-1,-0.01,-1,-1,-0.01,-1,-1,-0.01,-1,-1,-0.01,-1,-1,-0.01,-1,-1,-0.01,-1,-1,-0.01,-1,-1,-0.01,-1,-1
99926009,2026-05-18 10:30:51+05:30,52865.95,0,0.0,0,0.0,0.0,53282.15,53308.4,52783.45,53710.35,0,0.0,0.0,0.0,0.0,-0.01,-1,-1,-0.01,-1,-1,-0.01,-1,-1,-0.01,-1,-1,-0.01,-1,-1,-0.01,-1,-1,-0.01,-1,-1,-0.01,-1,-1,-0.01,-1,-1,-0.01,-1,-1
99926009,2026-05-18 10:30:51+05:30,52866.75,0,0.0,0,0.0,0.0,53282.15,53308.4,52783.45,53710.35,0,0.0,0.0,0.0,0.0,-0.01,-1,-1,-0.01,-1,-1,-0.01,-1,-1,-0.01,-1,-1,-0.01,-1,-1,-0.01,-1,-1,-0.01,-1,-1,-0.01,-1,-1,-0.01,-1,-1,-0.01,-1,-1
99926009,2026-05-18 10:30:52+05:30,52865.1,0,0.0,0,0.0,0.0,53282.15,53308.4,52783.45,53710.35,0,0.0,0.0,0.0,0.0,-0.01,-1,-1,-0.01,-1,-1,-0.01,-1,-1,-0.01,-1,-1,-0.01,-1,-1,-0.01,-1,-1,-0.01,-1,-1,-0.01,-1,-1,-0.01,-1,-1,-0.01,-1,-1
99926009,2026-05-18 10:30:52+05:30,52865.4,0,0.0,0,0.0,0.0,53282.15,53308.4,52783.45,53710.35,0,0.0,0.0,0.0,0.0,-0.01,-1,-1,-0.01,-1,-1,-0.01,-1,-1,-0.01,-1,-1,-0.01,-1,-1,-0.01,-1,-1,-0.01,-1,-1,-0.01,-1,-1,-0.01,-1,-1,-0.01,-1,-1
99926009,2026-05-18 10:30:53+05:30,52862.8,0,0.0,0,0.0,0.0,53282.15,53308.4,52783.45,53710.35,0,0.0,0.0,0.0,0.0,-0.01,-1,-1,-0.01,-1,-1,-0.01,-1,-1,-0.01,-1,-1,-0.01,-1,-1,-0.01,-1,-1,-0.01,-1,-1,-0.01,-1,-1,-0.01,-1,-1,-0.01,-1,-1
99926009,2026-05-18 10:30:53+05:30,52862.05,0,0.0,0,0.0,0.0,53282.15,53308.4,52783.45,53710.35,0,0.0,0.0,0.0,0.0,-0.01,-1,-1,-0.01,-1,-1,-0.01,-1,-1,-0.01,-1,-1,-0.01,-1,-1,-0.01,-1,-1,-0.01,-1,-1,-0.01,-1,-1,-0.01,-1,-1,-0.01,-1,-1
99926009,2026-05-18 10:30:54+05:30,52865.4,0,0.0,0,0.0,0.0,53282.15,53308.4,52783.45,53710.35,0,0.0,0.0,0.0,0.0,-0.01,-1,-1,-0.01,-1,-1,-0.01,-1,-1,-0.01,-1,-1,-0.01,-1,-1,-0.01,-1,-1,-0.01,-1,-1,-0.01,-1,-1,-0.01,-1,-1,-0.01,-1,-1
99926009,2026-05-18 10:30:54+05:30,52861.95,0,0.0,0,0.0,0.0,53282.15,53308.4,52783.45,53710.35,0,0.0,0.0,0.0,0.0,-0.01,-1,-1,-0.01,-1,-1,-0.01,-1,-1,-0.01,-1,-1,-0.01,-1,-1,-0.01,-1,-1,-0.01,-1,-1,-0.01,-1,-1,-0.01,-1,-1,-0.01,-1,-1
99926009,2026-05-18 10:30:55+05:30,52865.2,0,0.0,0,0.0,0.0,53282.15,53308.4,52783.45,53710.35,0,0.0,0.0,0.0,0.0,-0.01,-1,-1,-0.01,-1,-1,-0.01,-1,-1,-0.01,-1,-1,-0.01,-1,-1,-0.01,-1,-1,-0.01,-1,-1,-0.01,-1,-1,-0.01,-1,-1,-0.01,-1,-1
99926009,2026-05-18 10:30:55+05:30,52858.0,0,0.0,0,0.0,0.0,53282.15,53308.4,52783.45,53710.35,0,0.0,0.0,0.0,0.0,-0.01,-1,-1,-0.01,-1,-1,-0.01,-1,-1,-0.01,-1,-1,-0.01,-1,-1,-0.01,-1,-1,-0.01,-1,-1,-0.01,-1,-1,-0.01,-1,-1,-0.01,-1,-1
99926009,2026-05-18 10:30:56+05:30,52857.9,0,0.0,0,0.0,0.0,53282.15,53308.4,52783.45,53710.35,0,0.0,0.0,0.0,0.0,-0.01,-1,-1,-0.01,-1,-1,-0.01,-1,-1,-0.01,-1,-1,-0.01,-1,-1,-0.01,-1,-1,-0.01,-1,-1,-0.01,-1,-1,-0.01,-1,-1,-0.01,-1,-1
99926009,2026-05-18 10:30:56+05:30,52859.5,0,0.0,0,0.0,0.0,53282.15,53308.4,52783.45,53710.35,0,0.0,0.0,0.0,0.0,-0.01,-1,-1,-0.01,-1,-1,-0.01,-1,-1,-0.01,-1,-1,-0.01,-1,-1,-0.01,-1,-1,-0.01,-1,-1,-0.01,-1,-1,-0.01,-1,-1,-0.01,-1,-1
99926009,2026-05-18 10:30:57+05:30,52858.4,0,0.0,0,0.0,0.0,53282.15,53308.4,52783.45,53710.35,0,0.0,0.0,0.0,0.0,-0.01,-1,-1,-0.01,-1,-1,-0.01,-1,-1,-0.01,-1,-1,-0.01,-1,-1,-0.01,-1,-1,-0.01,-1,-1,-0.01,-1,-1,-0.01,-1,-1,-0.01,-1,-1
99926009,2026-05-18 10:30:57+05:30,52859.0,0,0.0,0,0.0,0.0,53282.15,53308.4,52783.45,53710.35,0,0.0,0.0,0.0,0.0,-0.01,-1,-1,-0.01,-1,-1,-0.01,-1,-1,-0.01,-1,-1,-0.01,-1,-1,-0.01,-1,-1,-0.01,-1,-1,-0.01,-1,-1,-0.01,-1,-1,-0.01,-1,-1
99926009,2026-05-18 10:30:58+05:30,52856.5,0,0.0,0,0.0,0.0,53282.15,53308.4,52783.45,53710.35,0,0.0,0.0,0.0,0.0,-0.01,-1,-1,-0.01,-1,-1,-0.01,-1,-1,-0.01,-1,-1,-0.01,-1,-1,-0.01,-1,-1,-0.01,-1,-1,-0.01,-1,-1,-0.01,-1,-1,-0.01,-1,-1
99926009,2026-05-18 10:30:58+05:30,52854.25,0,0.0,0,0.0,0.0,53282.15,53308.4,52783.45,53710.35,0,0.0,0.0,0.0,0.0,-0.01,-1,-1,-0.01,-1,-1,-0.01,-1,-1,-0.01,-1,-1,-0.01,-1,-1,-0.01,-1,-1,-0.01,-1,-1,-0.01,-1,-1,-0.01,-1,-1,-0.01,-1,-1
99926009,2026-05-18 10:30:59+05:30,52850.2,0,0.0,0,0.0,0.0,53282.15,53308.4,52783.45,53710.35,0,0.0,0.0,0.0,0.0,-0.01,-1,-1,-0.01,-1,-1,-0.01,-1,-1,-0.01,-1,-1,-0.01,-1,-1,-0.01,-1,-1,-0.01,-1,-1,-0.01,-1,-1,-0.01,-1,-1,-0.01,-1,-1
99926009,2026-05-18 10:30:59+05:30,52853.85,0,0.0,0,0.0,0.0,53282.15,53308.4,52783.45,53710.35,0,0.0,0.0,0.0,0.0,-0.01,-1,-1,-0.01,-1,-1,-0.01,-1,-1,-0.01,-1,-1,-0.01,-1,-1,-0.01,-1,-1,-0.01,-1,-1,-0.01,-1,-1,-0.01,-1,-1,-0.01,-1,-1
99926009,2026-05-18 10:31:00+05:30,52855.7,0,0.0,0,0.0,0.0,53282.15,53308.4,52783.45,53710.35,0,0.0,0.0,0.0,0.0,-0.01,-1,-1,-0.01,-1,-1,-0.01,-1,-1,-0.01,-1,-1,-0.01,-1,-1,-0.01,-1,-1,-0.01,-1,-1,-0.01,-1,-1,-0.01,-1,-1,-0.01,-1,-1
99926009,2026-05-18 10:31:00+05:30,52850.7,0,0.0,0,0.0,0.0,53282.15,53308.4,52783.45,53710.35,0,0.0,0.0,0.0,0.0,-0.01,-1,-1,-0.01,-1,-1,-0.01,-1,-1,-0.01,-1,-1,-0.01,-1,-1,-0.01,-1,-1,-0.01,-1,-1,-0.01,-1,-1,-0.01,-1,-1,-0.01,-1,-1
99926009,2026-05-18 10:31:01+05:30,52849.6,0,0.0,0,0.0,0.0,53282.15,53308.4,52783.45,53710.35,0,0.0,0.0,0.0,0.0,-0.01,-1,-1,-0.01,-1,-1,-0.01,-1,-1,-0.01,-1,-1,-0.01,-1,-1,-0.01,-1,-1,-0.01,-1,-1,-0.01,-1,-1,-0.01,-1,-1,-0.01,-1,-1
99926009,2026-05-18 10:31:01+05:30,52846.3,0,0.0,0,0.0,0.0,53282.15,53308.4,52783.45,53710.35,0,0.0,0.0,0.0,0.0,-0.01,-1,-1,-0.01,-1,-1,-0.01,-1,-1,-0.01,-1,-1,-0.01,-1,-1,-0.01,-1,-1,-0.01,-1,-1,-0.01,-1,-1,-0.01,-1,-1,-0.01,-1,-1
99926009,2026-05-18 10:31:02+05:30,52840.95,0,0.0,0,0.0,0.0,53282.15,53308.4,52783.45,53710.35,0,0.0,0.0,0.0,0.0,-0.01,-1,-1,-0.01,-1,-1,-0.01,-1,-1,-0.01,-1,-1,-0.01,-1,-1,-0.01,-1,-1,-0.01,-1,-1,-0.01,-1,-1,-0.01,-1,-1,-0.01,-1,-1
99926009,2026-05-18 10:31:02+05:30,52838.25,0,0.0,0,0.0,0.0,53282.15,53308.4,52783.45,53710.35,0,0.0,0.0,0.0,0.0,-0.01,-1,-1,-0.01,-1,-1,-0.01,-1,-1,-0.01,-1,-1,-0.01,-1,-1,-0.01,-1,-1,-0.01,-1,-1,-0.01,-1,-1,-0.01,-1,-1,-0.01,-1,-1
99926009,2026-05-18 10:31:03+05:30,52840.25,0,0.0,0,0.0,0.0,53282.15,53308.4,52783.45,53710.35,0,0.0,0.0,0.0,0.0,-0.01,-1,-1,-0.01,-1,-1,-0.01,-1,-1,-0.01,-1,-1,-0.01,-1,-1,-0.01,-1,-1,-0.01,-1,-1,-0.01,-1,-1,-0.01,-1,-1,-0.01,-1,-1
99926009,2026-05-18 10:31:03+05:30,52836.45,0,0.0,0,0.0,0.0,53282.15,53308.4,52783.45,53710.35,0,0.0,0.0,0.0,0.0,-0.01,-1,-1,-0.01,-1,-1,-0.01,-1,-1,-0.01,-1,-1,-0.01,-1,-1,-0.01,-1,-1,-0.01,-1,-1,-0.01,-1,-1,-0.01,-1,-1,-0.01,-1,-1
99926009,2026-05-18 10:31:04+05:30,52836.6,0,0.0,0,0.0,0.0,53282.15,53308.4,52783.45,53710.35,0,0.0,0.0,0.0,0.0,-0.01,-1,-1,-0.01,-1,-1,-0.01,-1,-1,-0.01,-1,-1,-0.01,-1,-1,-0.01,-1,-1,-0.01,-1,-1,-0.01,-1,-1,-0.01,-1,-1,-0.01,-1,-1
99926009,2026-05-18 10:31:04+05:30,52833.35,0,0.0,0,0.0,0.0,53282.15,53308.4,52783.45,53710.35,0,0.0,0.0,0.0,0.0,-0.01,-1,-1,-0.01,-1,-1,-0.01,-1,-1,-0.01,-1,-1,-0.01,-1,-1,-0.01,-1,-1,-0.01,-1,-1,-0.01,-1,-1,-0.01,-1,-1,-0.01,-1,-1
99926009,2026-05-18 10:31:05+05:30,52834.35,0,0.0,0,0.0,0.0,53282.15,53308.4,52783.45,53710.35,0,0.0,0.0,0.0,0.0,-0.01,-1,-1,-0.01,-1,-1,-0.01,-1,-1,-0.01,-1,-1,-0.01,-1,-1,-0.01,-1,-1,-0.01,-1,-1,-0.01,-1,-1,-0.01,-1,-1,-0.01,-1,-1
99926009,2026-05-18 10:31:05+05:30,52823.35,0,0.0,0,0.0,0.0,53282.15,53308.4,52783.45,53710.35,0,0.0,0.0,0.0,0.0,-0.01,-1,-1,-0.01,-1,-1,-0.01,-1,-1,-0.01,-1,-1,-0.01,-1,-1,-0.01,-1,-1,-0.01,-1,-1,-0.01,-1,-1,-0.01,-1,-1,-0.01,-1,-1
99926009,2026-05-18 10:31:06+05:30,52823.9,0,0.0,0,0.0,0.0,53282.15,53308.4,52783.45,53710.35,0,0.0,0.0,0.0,0.0,-0.01,-1,-1,-0.01,-1,-1,-0.01,-1,-1,-0.01,-1,-1,-0.01,-1,-1,-0.01,-1,-1,-0.01,-1,-1,-0.01,-1,-1,-0.01,-1,-1,-0.01,-1,-1
99926009,2026-05-18 10:31:06+05:30,52823.5,0,0.0,0,0.0,0.0,53282.15,53308.4,52783.45,53710.35,0,0.0,0.0,0.0,0.0,-0.01,-1,-1,-0.01,-1,-1,-0.01,-1,-1,-0.01,-1,-1,-0.01,-1,-1,-0.01,-1,-1,-0.01,-1,-1,-0.01,-1,-1,-0.01,-1,-1,-0.01,-1,-1
99926009,2026-05-18 10:31:07+05:30,52822.75,0,0.0,0,0.0,0.0,53282.15,53308.4,52783.45,53710.35,0,0.0,0.0,0.0,0.0,-0.01,-1,-1,-0.01,-1,-1,-0.01,-1,-1,-0.01,-1,-1,-0.01,-1,-1,-0.01,-1,-1,-0.01,-1,-1,-0.01,-1,-1,-0.01,-1,-1,-0.01,-1,-1
99926009,2026-05-18 10:31:07+05:30,52825.45,0,0.0,0,0.0,0.0,53282.15,53308.4,52783.45,53710.35,0,0.0,0.0,0.0,0.0,-0.01,-1,-1,-0.01,-1,-1,-0.01,-1,-1,-0.01,-1,-1,-0.01,-1,-1,-0.01,-1,-1,-0.01,-1,-1,-0.01,-1,-1,-0.01,-1,-1,-0.01,-1,-1
99926009,2026-05-18 10:31:08+05:30,52821.3,0,0.0,0,0.0,0.0,53282.15,53308.4,52783.45,53710.35,0,0.0,0.0,0.0,0.0,-0.01,-1,-1,-0.01,-1,-1,-0.01,-1,-1,-0.01,-1,-1,-0.01,-1,-1,-0.01,-1,-1,-0.01,-1,-1,-0.01,-1,-1,-0.01,-1,-1,-0.01,-1,-1
99926009,2026-05-18 10:31:08+05:30,52823.85,0,0.0,0,0.0,0.0,53282.15,53308.4,52783.45,53710.35,0,0.0,0.0,0.0,0.0,-0.01,-1,-1,-0.01,-1,-1,-0.01,-1,-1,-0.01,-1,-1,-0.01,-1,-1,-0.01,-1,-1,-0.01,-1,-1,-0.01,-1,-1,-0.01,-1,-1,-0.01,-1,-1
99926009,2026-05-18 10:31:09+05:30,52821.35,0,0.0,0,0.0,0.0,53282.15,53308.4,52783.45,53710.35,0,0.0,0.0,0.0,0.0,-0.01,-1,-1,-0.01,-1,-1,-0.01,-1,-1,-0.01,-1,-1,-0.01,-1,-1,-0.01,-1,-1,-0.01,-1,-1,-0.01,-1,-1,-0.01,-1,-1,-0.01,-1,-1
99926009,2026-05-18 10:31:09+05:30,52821.55,0,0.0,0,0.0,0.0,53282.15,53308.4,52783.45,53710.35,0,0.0,0.0,0.0,0.0,-0.01,-1,-1,-0.01,-1,-1,-0.01,-1,-1,-0.01,-1,-1,-0.01,-1,-1,-0.01,-1,-1,-0.01,-1,-1,-0.01,-1,-1,-0.01,-1,-1,-0.01,-1,-1
99926009,2026-05-18 10:31:10+05:30,52823.6,0,0.0,0,0.0,0.0,53282.15,53308.4,52783.45,53710.35,0,0.0,0.0,0.0,0.0,-0.01,-1,-1,-0.01,-1,-1,-0.01,-1,-1,-0.01,-1,-1,-0.01,-1,-1,-0.01,-1,-1,-0.01,-1,-1,-0.01,-1,-1,-0.01,-1,-1,-0.01,-1,-1
99926009,2026-05-18 10:31:10+05:30,52819.5,0,0.0,0,0.0,0.0,53282.15,53308.4,52783.45,53710.35,0,0.0,0.0,0.0,0.0,-0.01,-1,-1,-0.01,-1,-1,-0.01,-1,-1,-0.01,-1,-1,-0.01,-1,-1,-0.01,-1,-1,-0.01,-1,-1,-0.01,-1,-1,-0.01,-1,-1,-0.01,-1,-1
99926009,2026-05-18 10:31:11+05:30,52824.85,0,0.0,0,0.0,0.0,53282.15,53308.4,52783.45,53710.35,0,0.0,0.0,0.0,0.0,-0.01,-1,-1,-0.01,-1,-1,-0.01,-1,-1,-0.01,-1,-1,-0.01,-1,-1,-0.01,-1,-1,-0.01,-1,-1,-0.01,-1,-1,-0.01,-1,-1,-0.01,-1,-1
99926009,2026-05-18 10:31:11+05:30,52823.55,0,0.0,0,0.0,0.0,53282.15,53308.4,52783.45,53710.35,0,0.0,0.0,0.0,0.0,-0.01,-1,-1,-0.01,-1,-1,-0.01,-1,-1,-0.01,-1,-1,-0.01,-1,-1,-0.01,-1,-1,-0.01,-1,-1,-0.01,-1,-1,-0.01,-1,-1,-0.01,-1,-1
99926009,2026-05-18 10:31:12+05:30,52825.05,0,0.0,0,0.0,0.0,53282.15,53308.4,52783.45,53710.35,0,0.0,0.0,0.0,0.0,-0.01,-1,-1,-0.01,-1,-1,-0.01,-1,-1,-0.01,-1,-1,-0.01,-1,-1,-0.01,-1,-1,-0.01,-1,-1,-0.01,-1,-1,-0.01,-1,-1,-0.01,-1,-1
99926009,2026-05-18 10:31:12+05:30,52827.45,0,0.0,0,0.0,0.0,53282.15,53308.4,52783.45,53710.35,0,0.0,0.0,0.0,0.0,-0.01,-1,-1,-0.01,-1,-1,-0.01,-1,-1,-0.01,-1,-1,-0.01,-1,-1,-0.01,-1,-1,-0.01,-1,-1,-0.01,-1,-1,-0.01,-1,-1,-0.01,-1,-1
99926009,2026-05-18 10:31:13+05:30,52827.25,0,0.0,0,0.0,0.0,53282.15,53308.4,52783.45,53710.35,0,0.0,0.0,0.0,0.0,-0.01,-1,-1,-0.01,-1,-1,-0.01,-1,-1,-0.01,-1,-1,-0.01,-1,-1,-0.01,-1,-1,-0.01,-1,-1,-0.01,-1,-1,-0.01,-1,-1,-0.01,-1,-1
99926009,2026-05-18 10:31:13+05:30,52825.2,0,0.0,0,0.0,0.0,53282.15,53308.4,52783.45,53710.35,0,0.0,0.0,0.0,0.0,-0.01,-1,-1,-0.01,-1,-1,-0.01,-1,-1,-0.01,-1,-1,-0.01,-1,-1,-0.01,-1,-1,-0.01,-1,-1,-0.01,-1,-1,-0.01,-1,-1,-0.01,-1,-1
99926009,2026-05-18 10:31:14+05:30,52826.45,0,0.0,0,0.0,0.0,53282.15,53308.4,52783.45,53710.35,0,0.0,0.0,0.0,0.0,-0.01,-1,-1,-0.01,-1,-1,-0.01,-1,-1,-0.01,-1,-1,-0.01,-1,-1,-0.01,-1,-1,-0.01,-1,-1,-0.01,-1,-1,-0.01,-1,-1,-0.01,-1,-1
99926009,2026-05-18 10:31:14+05:30,52828.5,0,0.0,0,0.0,0.0,53282.15,53308.4,52783.45,53710.35,0,0.0,0.0,0.0,0.0,-0.01,-1,-1,-0.01,-1,-1,-0.01,-1,-1,-0.01,-1,-1,-0.01,-1,-1,-0.01,-1,-1,-0.01,-1,-1,-0.01,-1,-1,-0.01,-1,-1,-0.01,-1,-1
99926009,2026-05-18 10:31:15+05:30,52828.25,0,0.0,0,0.0,0.0,53282.15,53308.4,52783.45,53710.35,0,0.0,0.0,0.0,0.0,-0.01,-1,-1,-0.01,-1,-1,-0.01,-1,-1,-0.01,-1,-1,-0.01,-1,-1,-0.01,-1,-1,-0.01,-1,-1,-0.01,-1,-1,-0.01,-1,-1,-0.01,-1,-1
99926009,2026-05-18 10:31:15+05:30,52829.25,0,0.0,0,0.0,0.0,53282.15,53308.4,52783.45,53710.35,0,0.0,0.0,0.0,0.0,-0.01,-1,-1,-0.01,-1,-1,-0.01,-1,-1,-0.01,-1,-1,-0.01,-1,-1,-0.01,-1,-1,-0.01,-1,-1,-0.01,-1,-1,-0.01,-1,-1,-0.01,-1,-1
99926009,2026-05-18 10:31:16+05:30,52827.6,0,0.0,0,0.0,0.0,53282.15,53308.4,52783.45,53710.35,0,0.0,0.0,0.0,0.0,-0.01,-1,-1,-0.01,-1,-1,-0.01,-1,-1,-0.01,-1,-1,-0.01,-1,-1,-0.01,-1,-1,-0.01,-1,-1,-0.01,-1,-1,-0.01,-1,-1,-0.01,-1,-1
99926009,2026-05-18 10:31:16+05:30,52826.95,0,0.0,0,0.0,0.0,53282.15,53308.4,52783.45,53710.35,0,0.0,0.0,0.0,0.0,-0.01,-1,-1,-0.01,-1,-1,-0.01,-1,-1,-0.01,-1,-1,-0.01,-1,-1,-0.01,-1,-1,-0.01,-1,-1,-0.01,-1,-1,-0.01,-1,-1,-0.01,-1,-1
99926009,2026-05-18 10:31:17+05:30,52826.6,0,0.0,0,0.0,0.0,53282.15,53308.4,52783.45,53710.35,0,0.0,0.0,0.0,0.0,-0.01,-1,-1,-0.01,-1,-1,-0.01,-1,-1,-0.01,-1,-1,-0.01,-1,-1,-0.01,-1,-1,-0.01,-1,-1,-0.01,-1,-1,-0.01,-1,-1,-0.01,-1,-1
99926009,2026-05-18 10:31:17+05:30,52824.3,0,0.0,0,0.0,0.0,53282.15,53308.4,52783.45,53710.35,0,0.0,0.0,0.0,0.0,-0.01,-1,-1,-0.01,-1,-1,-0.01,-1,-1,-0.01,-1,-1,-0.01,-1,-1,-0.01,-1,-1,-0.01,-1,-1,-0.01,-1,-1,-0.01,-1,-1,-0.01,-1,-1
99926009,2026-05-18 10:31:18+05:30,52821.8,0,0.0,0,0.0,0.0,53282.15,53308.4,52783.45,53710.35,0,0.0,0.0,0.0,0.0,-0.01,-1,-1,-0.01,-1,-1,-0.01,-1,-1,-0.01,-1,-1,-0.01,-1,-1,-0.01,-1,-1,-0.01,-1,-1,-0.01,-1,-1,-0.01,-1,-1,-0.01,-1,-1
99926009,2026-05-18 10:31:18+05:30,52822.7,0,0.0,0,0.0,0.0,53282.15,53308.4,52783.45,53710.35,0,0.0,0.0,0.0,0.0,-0.01,-1,-1,-0.01,-1,-1,-0.01,-1,-1,-0.01,-1,-1,-0.01,-1,-1,-0.01,-1,-1,-0.01,-1,-1,-0.01,-1,-1,-0.01,-1,-1,-0.01,-1,-1
99926009,2026-05-18 10:31:19+05:30,52822.4,0,0.0,0,0.0,0.0,53282.15,53308.4,52783.45,53710.35,0,0.0,0.0,0.0,0.0,-0.01,-1,-1,-0.01,-1,-1,-0.01,-1,-1,-0.01,-1,-1,-0.01,-1,-1,-0.01,-1,-1,-0.01,-1,-1,-0.01,-1,-1,-0.01,-1,-1,-0.01,-1,-1
99926009,2026-05-18 10:31:19+05:30,52825.5,0,0.0,0,0.0,0.0,53282.15,53308.4,52783.45,53710.35,0,0.0,0.0,0.0,0.0,-0.01,-1,-1,-0.01,-1,-1,-0.01,-1,-1,-0.01,-1,-1,-0.01,-1,-1,-0.01,-1,-1,-0.01,-1,-1,-0.01,-1,-1,-0.01,-1,-1,-0.01,-1,-1
99926009,2026-05-18 10:31:20+05:30,52826.65,0,0.0,0,0.0,0.0,53282.15,53308.4,52783.45,53710.35,0,0.0,0.0,0.0,0.0,-0.01,-1,-1,-0.01,-1,-1,-0.01,-1,-1,-0.01,-1,-1,-0.01,-1,-1,-0.01,-1,-1,-0.01,-1,-1,-0.01,-1,-1,-0.01,-1,-1,-0.01,-1,-1
99926009,2026-05-18 10:31:20+05:30,52823.05,0,0.0,0,0.0,0.0,53282.15,53308.4,52783.45,53710.35,0,0.0,0.0,0.0,0.0,-0.01,-1,-1,-0.01,-1,-1,-0.01,-1,-1,-0.01,-1,-1,-0.01,-1,-1,-0.01,-1,-1,-0.01,-1,-1,-0.01,-1,-1,-0.01,-1,-1,-0.01,-1,-1
99926009,2026-05-18 10:31:21+05:30,52823.25,0,0.0,0,0.0,0.0,53282.15,53308.4,52783.45,53710.35,0,0.0,0.0,0.0,0.0,-0.01,-1,-1,-0.01,-1,-1,-0.01,-1,-1,-0.01,-1,-1,-0.01,-1,-1,-0.01,-1,-1,-0.01,-1,-1,-0.01,-1,-1,-0.01,-1,-1,-0.01,-1,-1
99926009,2026-05-18 10:31:21+05:30,52826.2,0,0.0,0,0.0,0.0,53282.15,53308.4,52783.45,53710.35,0,0.0,0.0,0.0,0.0,-0.01,-1,-1,-0.01,-1,-1,-0.01,-1,-1,-0.01,-1,-1,-0.01,-1,-1,-0.01,-1,-1,-0.01,-1,-1,-0.01,-1,-1,-0.01,-1,-1,-0.01,-1,-1
99926009,2026-05-18 10:31:22+05:30,52826.8,0,0.0,0,0.0,0.0,53282.15,53308.4,52783.45,53710.35,0,0.0,0.0,0.0,0.0,-0.01,-1,-1,-0.01,-1,-1,-0.01,-1,-1,-0.01,-1,-1,-0.01,-1,-1,-0.01,-1,-1,-0.01,-1,-1,-0.01,-1,-1,-0.01,-1,-1,-0.01,-1,-1
99926009,2026-05-18 10:31:22+05:30,52828.5,0,0.0,0,0.0,0.0,53282.15,53308.4,52783.45,53710.35,0,0.0,0.0,0.0,0.0,-0.01,-1,-1,-0.01,-1,-1,-0.01,-1,-1,-0.01,-1,-1,-0.01,-1,-1,-0.01,-1,-1,-0.01,-1,-1,-0.01,-1,-1,-0.01,-1,-1,-0.01,-1,-1
99926009,2026-05-18 10:31:23+05:30,52825.75,0,0.0,0,0.0,0.0,53282.15,53308.4,52783.45,53710.35,0,0.0,0.0,0.0,0.0,-0.01,-1,-1,-0.01,-1,-1,-0.01,-1,-1,-0.01,-1,-1,-0.01,-1,-1,-0.01,-1,-1,-0.01,-1,-1,-0.01,-1,-1,-0.01,-1,-1,-0.01,-1,-1
99926009,2026-05-18 10:31:23+05:30,52827.65,0,0.0,0,0.0,0.0,53282.15,53308.4,52783.45,53710.35,0,0.0,0.0,0.0,0.0,-0.01,-1,-1,-0.01,-1,-1,-0.01,-1,-1,-0.01,-1,-1,-0.01,-1,-1,-0.01,-1,-1,-0.01,-1,-1,-0.01,-1,-1,-0.01,-1,-1,-0.01,-1,-1
99926009,2026-05-18 10:31:24+05:30,52825.65,0,0.0,0,0.0,0.0,53282.15,53308.4,52783.45,53710.35,0,0.0,0.0,0.0,0.0,-0.01,-1,-1,-0.01,-1,-1,-0.01,-1,-1,-0.01,-1,-1,-0.01,-1,-1,-0.01,-1,-1,-0.01,-1,-1,-0.01,-1,-1,-0.01,-1,-1,-0.01,-1,-1
99926009,2026-05-18 10:31:24+05:30,52822.5,0,0.0,0,0.0,0.0,53282.15,53308.4,52783.45,53710.35,0,0.0,0.0,0.0,0.0,-0.01,-1,-1,-0.01,-1,-1,-0.01,-1,-1,-0.01,-1,-1,-0.01,-1,-1,-0.01,-1,-1,-0.01,-1,-1,-0.01,-1,-1,-0.01,-1,-1,-0.01,-1,-1
99926009,2026-05-18 10:31:25+05:30,52826.25,0,0.0,0,0.0,0.0,53282.15,53308.4,52783.45,53710.35,0,0.0,0.0,0.0,0.0,-0.01,-1,-1,-0.01,-1,-1,-0.01,-1,-1,-0.01,-1,-1,-0.01,-1,-1,-0.01,-1,-1,-0.01,-1,-1,-0.01,-1,-1,-0.01,-1,-1,-0.01,-1,-1
99926009,2026-05-18 10:31:25+05:30,52824.85,0,0.0,0,0.0,0.0,53282.15,53308.4,52783.45,53710.35,0,0.0,0.0,0.0,0.0,-0.01,-1,-1,-0.01,-1,-1,-0.01,-1,-1,-0.01,-1,-1,-0.01,-1,-1,-0.01,-1,-1,-0.01,-1,-1,-0.01,-1,-1,-0.01,-1,-1,-0.01,-1,-1
99926009,2026-05-18 10:31:26+05:30,52823.75,0,0.0,0,0.0,0.0,53282.15,53308.4,52783.45,53710.35,0,0.0,0.0,0.0,0.0,-0.01,-1,-1,-0.01,-1,-1,-0.01,-1,-1,-0.01,-1,-1,-0.01,-1,-1,-0.01,-1,-1,-0.01,-1,-1,-0.01,-1,-1,-0.01,-1,-1,-0.01,-1,-1
99926009,2026-05-18 10:31:26+05:30,52826.4,0,0.0,0,0.0,0.0,53282.15,53308.4,52783.45,53710.35,0,0.0,0.0,0.0,0.0,-0.01,-1,-1,-0.01,-1,-1,-0.01,-1,-1,-0.01,-1,-1,-0.01,-1,-1,-0.01,-1,-1,-0.01,-1,-1,-0.01,-1,-1,-0.01,-1,-1,-0.01,-1,-1
99926009,2026-05-18 10:31:27+05:30,52826.55,0,0.0,0,0.0,0.0,53282.15,53308.4,52783.45,53710.35,0,0.0,0.0,0.0,0.0,-0.01,-1,-1,-0.01,-1,-1,-0.01,-1,-1,-0.01,-1,-1,-0.01,-1,-1,-0.01,-1,-1,-0.01,-1,-1,-0.01,-1,-1,-0.01,-1,-1,-0.01,-1,-1
99926009,2026-05-18 10:31:27+05:30,52820.9,0,0.0,0,0.0,0.0,53282.15,53308.4,52783.45,53710.35,0,0.0,0.0,0.0,0.0,-0.01,-1,-1,-0.01,-1,-1,-0.01,-1,-1,-0.01,-1,-1,-0.01,-1,-1,-0.01,-1,-1,-0.01,-1,-1,-0.01,-1,-1,-0.01,-1,-1,-0.01,-1,-1
99926009,2026-05-18 10:31:28+05:30,52823.15,0,0.0,0,0.0,0.0,53282.15,53308.4,52783.45,53710.35,0,0.0,0.0,0.0,0.0,-0.01,-1,-1,-0.01,-1,-1,-0.01,-1,-1,-0.01,-1,-1,-0.01,-1,-1,-0.01,-1,-1,-0.01,-1,-1,-0.01,-1,-1,-0.01,-1,-1,-0.01,-1,-1
99926009,2026-05-18 10:31:28+05:30,52822.7,0,0.0,0,0.0,0.0,53282.15,53308.4,52783.45,53710.35,0,0.0,0.0,0.0,0.0,-0.01,-1,-1,-0.01,-1,-1,-0.01,-1,-1,-0.01,-1,-1,-0.01,-1,-1,-0.01,-1,-1,-0.01,-1,-1,-0.01,-1,-1,-0.01,-1,-1,-0.01,-1,-1
99926009,2026-05-18 10:31:29+05:30,52826.1,0,0.0,0,0.0,0.0,53282.15,53308.4,52783.45,53710.35,0,0.0,0.0,0.0,0.0,-0.01,-1,-1,-0.01,-1,-1,-0.01,-1,-1,-0.01,-1,-1,-0.01,-1,-1,-0.01,-1,-1,-0.01,-1,-1,-0.01,-1,-1,-0.01,-1,-1,-0.01,-1,-1
99926009,2026-05-18 10:31:29+05:30,52823.15,0,0.0,0,0.0,0.0,53282.15,53308.4,52783.45,53710.35,0,0.0,0.0,0.0,0.0,-0.01,-1,-1,-0.01,-1,-1,-0.01,-1,-1,-0.01,-1,-1,-0.01,-1,-1,-0.01,-1,-1,-0.01,-1,-1,-0.01,-1,-1,-0.01,-1,-1,-0.01,-1,-1
99926009,2026-05-18 10:31:30+05:30,52823.4,0,0.0,0,0.0,0.0,53282.15,53308.4,52783.45,53710.35,0,0.0,0.0,0.0,0.0,-0.01,-1,-1,-0.01,-1,-1,-0.01,-1,-1,-0.01,-1,-1,-0.01,-1,-1,-0.01,-1,-1,-0.01,-1,-1,-0.01,-1,-1,-0.01,-1,-1,-0.01,-1,-1
99926009,2026-05-18 10:31:30+05:30,52827.1,0,0.0,0,0.0,0.0,53282.15,53308.4,52783.45,53710.35,0,0.0,0.0,0.0,0.0,-0.01,-1,-1,-0.01,-1,-1,-0.01,-1,-1,-0.01,-1,-1,-0.01,-1,-1,-0.01,-1,-1,-0.01,-1,-1,-0.01,-1,-1,-0.01,-1,-1,-0.01,-1,-1
99926009,2026-05-18 10:31:31+05:30,52827.1,0,0.0,0,0.0,0.0,53282.15,53308.4,52783.45,53710.35,0,0.0,0.0,0.0,0.0,-0.01,-1,-1,-0.01,-1,-1,-0.01,-1,-1,-0.01,-1,-1,-0.01,-1,-1,-0.01,-1,-1,-0.01,-1,-1,-0.01,-1,-1,-0.01,-1,-1,-0.01,-1,-1
99926009,2026-05-18 10:31:31+05:30,52824.25,0,0.0,0,0.0,0.0,53282.15,53308.4,52783.45,53710.35,0,0.0,0.0,0.0,0.0,-0.01,-1,-1,-0.01,-1,-1,-0.01,-1,-1,-0.01,-1,-1,-0.01,-1,-1,-0.01,-1,-1,-0.01,-1,-1,-0.01,-1,-1,-0.01,-1,-1,-0.01,-1,-1
99926009,2026-05-18 10:31:32+05:30,52826.25,0,0.0,0,0.0,0.0,53282.15,53308.4,52783.45,53710.35,0,0.0,0.0,0.0,0.0,-0.01,-1,-1,-0.01,-1,-1,-0.01,-1,-1,-0.01,-1,-1,-0.01,-1,-1,-0.01,-1,-1,-0.01,-1,-1,-0.01,-1,-1,-0.01,-1,-1,-0.01,-1,-1
99926009,2026-05-18 10:31:32+05:30,52828.05,0,0.0,0,0.0,0.0,53282.15,53308.4,52783.45,53710.35,0,0.0,0.0,0.0,0.0,-0.01,-1,-1,-0.01,-1,-1,-0.01,-1,-1,-0.01,-1,-1,-0.01,-1,-1,-0.01,-1,-1,-0.01,-1,-1,-0.01,-1,-1,-0.01,-1,-1,-0.01,-1,-1
99926009,2026-05-18 10:31:33+05:30,52826.05,0,0.0,0,0.0,0.0,53282.15,53308.4,52783.45,53710.35,0,0.0,0.0,0.0,0.0,-0.01,-1,-1,-0.01,-1,-1,-0.01,-1,-1,-0.01,-1,-1,-0.01,-1,-1,-0.01,-1,-1,-0.01,-1,-1,-0.01,-1,-1,-0.01,-1,-1,-0.01,-1,-1
99926009,2026-05-18 10:31:33+05:30,52825.95,0,0.0,0,0.0,0.0,53282.15,53308.4,52783.45,53710.35,0,0.0,0.0,0.0,0.0,-0.01,-1,-1,-0.01,-1,-1,-0.01,-1,-1,-0.01,-1,-1,-0.01,-1,-1,-0.01,-1,-1,-0.01,-1,-1,-0.01,-1,-1,-0.01,-1,-1,-0.01,-1,-1
99926009,2026-05-18 10:31:34+05:30,52823.85,0,0.0,0,0.0,0.0,53282.15,53308.4,52783.45,53710.35,0,0.0,0.0,0.0,0.0,-0.01,-1,-1,-0.01,-1,-1,-0.01,-1,-1,-0.01,-1,-1,-0.01,-1,-1,-0.01,-1,-1,-0.01,-1,-1,-0.01,-1,-1,-0.01,-1,-1,-0.01,-1,-1
99926009,2026-05-18 10:31:34+05:30,52824.85,0,0.0,0,0.0,0.0,53282.15,53308.4,52783.45,53710.35,0,0.0,0.0,0.0,0.0,-0.01,-1,-1,-0.01,-1,-1,-0.01,-1,-1,-0.01,-1,-1,-0.01,-1,-1,-0.01,-1,-1,-0.01,-1,-1,-0.01,-1,-1,-0.01,-1,-1,-0.01,-1,-1
99926009,2026-05-18 10:31:35+05:30,52824.0,0,0.0,0,0.0,0.0,53282.15,53308.4,52783.45,53710.35,0,0.0,0.0,0.0,0.0,-0.01,-1,-1,-0.01,-1,-1,-0.01,-1,-1,-0.01,-1,-1,-0.01,-1,-1,-0.01,-1,-1,-0.01,-1,-1,-0.01,-1,-1,-0.01,-1,-1,-0.01,-1,-1
99926009,2026-05-18 10:31:35+05:30,52819.9,0,0.0,0,0.0,0.0,53282.15,53308.4,52783.45,53710.35,0,0.0,0.0,0.0,0.0,-0.01,-1,-1,-0.01,-1,-1,-0.01,-1,-1,-0.01,-1,-1,-0.01,-1,-1,-0.01,-1,-1,-0.01,-1,-1,-0.01,-1,-1,-0.01,-1,-1,-0.01,-1,-1
99926009,2026-05-18 10:31:36+05:30,52823.1,0,0.0,0,0.0,0.0,53282.15,53308.4,52783.45,53710.35,0,0.0,0.0,0.0,0.0,-0.01,-1,-1,-0.01,-1,-1,-0.01,-1,-1,-0.01,-1,-1,-0.01,-1,-1,-0.01,-1,-1,-0.01,-1,-1,-0.01,-1,-1,-0.01,-1,-1,-0.01,-1,-1
99926009,2026-05-18 10:31:36+05:30,52819.8,0,0.0,0,0.0,0.0,53282.15,53308.4,52783.45,53710.35,0,0.0,0.0,0.0,0.0,-0.01,-1,-1,-0.01,-1,-1,-0.01,-1,-1,-0.01,-1,-1,-0.01,-1,-1,-0.01,-1,-1,-0.01,-1,-1,-0.01,-1,-1,-0.01,-1,-1,-0.01,-1,-1
99926009,2026-05-18 10:31:37+05:30,52822.25,0,0.0,0,0.0,0.0,53282.15,53308.4,52783.45,53710.35,0,0.0,0.0,0.0,0.0,-0.01,-1,-1,-0.01,-1,-1,-0.01,-1,-1,-0.01,-1,-1,-0.01,-1,-1,-0.01,-1,-1,-0.01,-1,-1,-0.01,-1,-1,-0.01,-1,-1,-0.01,-1,-1
99926009,2026-05-18 10:31:37+05:30,52819.5,0,0.0,0,0.0,0.0,53282.15,53308.4,52783.45,53710.35,0,0.0,0.0,0.0,0.0,-0.01,-1,-1,-0.01,-1,-1,-0.01,-1,-1,-0.01,-1,-1,-0.01,-1,-1,-0.01,-1,-1,-0.01,-1,-1,-0.01,-1,-1,-0.01,-1,-1,-0.01,-1,-1
99926009,2026-05-18 10:31:38+05:30,52824.25,0,0.0,0,0.0,0.0,53282.15,53308.4,52783.45,53710.35,0,0.0,0.0,0.0,0.0,-0.01,-1,-1,-0.01,-1,-1,-0.01,-1,-1,-0.01,-1,-1,-0.01,-1,-1,-0.01,-1,-1,-0.01,-1,-1,-0.01,-1,-1,-0.01,-1,-1,-0.01,-1,-1
99926009,2026-05-18 10:31:38+05:30,52822.95,0,0.0,0,0.0,0.0,53282.15,53308.4,52783.45,53710.35,0,0.0,0.0,0.0,0.0,-0.01,-1,-1,-0.01,-1,-1,-0.01,-1,-1,-0.01,-1,-1,-0.01,-1,-1,-0.01,-1,-1,-0.01,-1,-1,-0.01,-1,-1,-0.01,-1,-1,-0.01,-1,-1
99926009,2026-05-18 10:31:39+05:30,52825.85,0,0.0,0,0.0,0.0,53282.15,53308.4,52783.45,53710.35,0,0.0,0.0,0.0,0.0,-0.01,-1,-1,-0.01,-1,-1,-0.01,-1,-1,-0.01,-1,-1,-0.01,-1,-1,-0.01,-1,-1,-0.01,-1,-1,-0.01,-1,-1,-0.01,-1,-1,-0.01,-1,-1
99926009,2026-05-18 10:31:39+05:30,52829.85,0,0.0,0,0.0,0.0,53282.15,53308.4,52783.45,53710.35,0,0.0,0.0,0.0,0.0,-0.01,-1,-1,-0.01,-1,-1,-0.01,-1,-1,-0.01,-1,-1,-0.01,-1,-1,-0.01,-1,-1,-0.01,-1,-1,-0.01,-1,-1,-0.01,-1,-1,-0.01,-1,-1
99926009,2026-05-18 10:31:40+05:30,52828.05,0,0.0,0,0.0,0.0,53282.15,53308.4,52783.45,53710.35,0,0.0,0.0,0.0,0.0,-0.01,-1,-1,-0.01,-1,-1,-0.01,-1,-1,-0.01,-1,-1,-0.01,-1,-1,-0.01,-1,-1,-0.01,-1,-1,-0.01,-1,-1,-0.01,-1,-1,-0.01,-1,-1
99926009,2026-05-18 10:31:40+05:30,52828.3,0,0.0,0,0.0,0.0,53282.15,53308.4,52783.45,53710.35,0,0.0,0.0,0.0,0.0,-0.01,-1,-1,-0.01,-1,-1,-0.01,-1,-1,-0.01,-1,-1,-0.01,-1,-1,-0.01,-1,-1,-0.01,-1,-1,-0.01,-1,-1,-0.01,-1,-1,-0.01,-1,-1
99926009,2026-05-18 10:31:41+05:30,52832.9,0,0.0,0,0.0,0.0,53282.15,53308.4,52783.45,53710.35,0,0.0,0.0,0.0,0.0,-0.01,-1,-1,-0.01,-1,-1,-0.01,-1,-1,-0.01,-1,-1,-0.01,-1,-1,-0.01,-1,-1,-0.01,-1,-1,-0.01,-1,-1,-0.01,-1,-1,-0.01,-1,-1
99926009,2026-05-18 10:31:41+05:30,52834.3,0,0.0,0,0.0,0.0,53282.15,53308.4,52783.45,53710.35,0,0.0,0.0,0.0,0.0,-0.01,-1,-1,-0.01,-1,-1,-0.01,-1,-1,-0.01,-1,-1,-0.01,-1,-1,-0.01,-1,-1,-0.01,-1,-1,-0.01,-1,-1,-0.01,-1,-1,-0.01,-1,-1
99926009,2026-05-18 10:31:42+05:30,52833.65,0,0.0,0,0.0,0.0,53282.15,53308.4,52783.45,53710.35,0,0.0,0.0,0.0,0.0,-0.01,-1,-1,-0.01,-1,-1,-0.01,-1,-1,-0.01,-1,-1,-0.01,-1,-1,-0.01,-1,-1,-0.01,-1,-1,-0.01,-1,-1,-0.01,-1,-1,-0.01,-1,-1
99926009,2026-05-18 10:31:42+05:30,52836.1,0,0.0,0,0.0,0.0,53282.15,53308.4,52783.45,53710.35,0,0.0,0.0,0.0,0.0,-0.01,-1,-1,-0.01,-1,-1,-0.01,-1,-1,-0.01,-1,-1,-0.01,-1,-1,-0.01,-1,-1,-0.01,-1,-1,-0.01,-1,-1,-0.01,-1,-1,-0.01,-1,-1
99926009,2026-05-18 10:31:43+05:30,52831.25,0,0.0,0,0.0,0.0,53282.15,53308.4,52783.45,53710.35,0,0.0,0.0,0.0,0.0,-0.01,-1,-1,-0.01,-1,-1,-0.01,-1,-1,-0.01,-1,-1,-0.01,-1,-1,-0.01,-1,-1,-0.01,-1,-1,-0.01,-1,-1,-0.01,-1,-1,-0.01,-1,-1
99926009,2026-05-18 10:31:43+05:30,52832.9,0,0.0,0,0.0,0.0,53282.15,53308.4,52783.45,53710.35,0,0.0,0.0,0.0,0.0,-0.01,-1,-1,-0.01,-1,-1,-0.01,-1,-1,-0.01,-1,-1,-0.01,-1,-1,-0.01,-1,-1,-0.01,-1,-1,-0.01,-1,-1,-0.01,-1,-1,-0.01,-1,-1
99926009,2026-05-18 10:31:44+05:30,52833.1,0,0.0,0,0.0,0.0,53282.15,53308.4,52783.45,53710.35,0,0.0,0.0,0.0,0.0,-0.01,-1,-1,-0.01,-1,-1,-0.01,-1,-1,-0.01,-1,-1,-0.01,-1,-1,-0.01,-1,-1,-0.01,-1,-1,-0.01,-1,-1,-0.01,-1,-1,-0.01,-1,-1
99926009,2026-05-18 10:31:44+05:30,52834.7,0,0.0,0,0.0,0.0,53282.15,53308.4,52783.45,53710.35,0,0.0,0.0,0.0,0.0,-0.01,-1,-1,-0.01,-1,-1,-0.01,-1,-1,-0.01,-1,-1,-0.01,-1,-1,-0.01,-1,-1,-0.01,-1,-1,-0.01,-1,-1,-0.01,-1,-1,-0.01,-1,-1
99926009,2026-05-18 10:31:45+05:30,52833.7,0,0.0,0,0.0,0.0,53282.15,53308.4,52783.45,53710.35,0,0.0,0.0,0.0,0.0,-0.01,-1,-1,-0.01,-1,-1,-0.01,-1,-1,-0.01,-1,-1,-0.01,-1,-1,-0.01,-1,-1,-0.01,-1,-1,-0.01,-1,-1,-0.01,-1,-1,-0.01,-1,-1
99926009,2026-05-18 10:31:45+05:30,52834.5,0,0.0,0,0.0,0.0,53282.15,53308.4,52783.45,53710.35,0,0.0,0.0,0.0,0.0,-0.01,-1,-1,-0.01,-1,-1,-0.01,-1,-1,-0.01,-1,-1,-0.01,-1,-1,-0.01,-1,-1,-0.01,-1,-1,-0.01,-1,-1,-0.01,-1,-1,-0.01,-1,-1
99926009,2026-05-18 10:31:46+05:30,52831.95,0,0.0,0,0.0,0.0,53282.15,53308.4,52783.45,53710.35,0,0.0,0.0,0.0,0.0,-0.01,-1,-1,-0.01,-1,-1,-0.01,-1,-1,-0.01,-1,-1,-0.01,-1,-1,-0.01,-1,-1,-0.01,-1,-1,-0.01,-1,-1,-0.01,-1,-1,-0.01,-1,-1
99926009,2026-05-18 10:31:46+05:30,52832.55,0,0.0,0,0.0,0.0,53282.15,53308.4,52783.45,53710.35,0,0.0,0.0,0.0,0.0,-0.01,-1,-1,-0.01,-1,-1,-0.01,-1,-1,-0.01,-1,-1,-0.01,-1,-1,-0.01,-1,-1,-0.01,-1,-1,-0.01,-1,-1,-0.01,-1,-1,-0.01,-1,-1
99926009,2026-05-18 10:31:47+05:30,52832.15,0,0.0,0,0.0,0.0,53282.15,53308.4,52783.45,53710.35,0,0.0,0.0,0.0,0.0,-0.01,-1,-1,-0.01,-1,-1,-0.01,-1,-1,-0.01,-1,-1,-0.01,-1,-1,-0.01,-1,-1,-0.01,-1,-1,-0.01,-1,-1,-0.01,-1,-1,-0.01,-1,-1
99926009,2026-05-18 10:31:47+05:30,52834.15,0,0.0,0,0.0,0.0,53282.15,53308.4,52783.45,53710.35,0,0.0,0.0,0.0,0.0,-0.01,-1,-1,-0.01,-1,-1,-0.01,-1,-1,-0.01,-1,-1,-0.01,-1,-1,-0.01,-1,-1,-0.01,-1,-1,-0.01,-1,-1,-0.01,-1,-1,-0.01,-1,-1
99926009,2026-05-18 10:31:48+05:30,52830.3,0,0.0,0,0.0,0.0,53282.15,53308.4,52783.45,53710.35,0,0.0,0.0,0.0,0.0,-0.01,-1,-1,-0.01,-1,-1,-0.01,-1,-1,-0.01,-1,-1,-0.01,-1,-1,-0.01,-1,-1,-0.01,-1,-1,-0.01,-1,-1,-0.01,-1,-1,-0.01,-1,-1
99926009,2026-05-18 10:31:48+05:30,52835.65,0,0.0,0,0.0,0.0,53282.15,53308.4,52783.45,53710.35,0,0.0,0.0,0.0,0.0,-0.01,-1,-1,-0.01,-1,-1,-0.01,-1,-1,-0.01,-1,-1,-0.01,-1,-1,-0.01,-1,-1,-0.01,-1,-1,-0.01,-1,-1,-0.01,-1,-1,-0.01,-1,-1
99926009,2026-05-18 10:31:49+05:30,52833.5,0,0.0,0,0.0,0.0,53282.15,53308.4,52783.45,53710.35,0,0.0,0.0,0.0,0.0,-0.01,-1,-1,-0.01,-1,-1,-0.01,-1,-1,-0.01,-1,-1,-0.01,-1,-1,-0.01,-1,-1,-0.01,-1,-1,-0.01,-1,-1,-0.01,-1,-1,-0.01,-1,-1
99926009,2026-05-18 10:31:49+05:30,52833.65,0,0.0,0,0.0,0.0,53282.15,53308.4,52783.45,53710.35,0,0.0,0.0,0.0,0.0,-0.01,-1,-1,-0.01,-1,-1,-0.01,-1,-1,-0.01,-1,-1,-0.01,-1,-1,-0.01,-1,-1,-0.01,-1,-1,-0.01,-1,-1,-0.01,-1,-1,-0.01,-1,-1
99926009,2026-05-18 10:31:50+05:30,52834.85,0,0.0,0,0.0,0.0,53282.15,53308.4,52783.45,53710.35,0,0.0,0.0,0.0,0.0,-0.01,-1,-1,-0.01,-1,-1,-0.01,-1,-1,-0.01,-1,-1,-0.01,-1,-1,-0.01,-1,-1,-0.01,-1,-1,-0.01,-1,-1,-0.01,-1,-1,-0.01,-1,-1
99926009,2026-05-18 10:31:50+05:30,52834.5,0,0.0,0,0.0,0.0,53282.15,53308.4,52783.45,53710.35,0,0.0,0.0,0.0,0.0,-0.01,-1,-1,-0.01,-1,-1,-0.01,-1,-1,-0.01,-1,-1,-0.01,-1,-1,-0.01,-1,-1,-0.01,-1,-1,-0.01,-1,-1,-0.01,-1,-1,-0.01,-1,-1
99926009,2026-05-18 10:31:51+05:30,52830.5,0,0.0,0,0.0,0.0,53282.15,53308.4,52783.45,53710.35,0,0.0,0.0,0.0,0.0,-0.01,-1,-1,-0.01,-1,-1,-0.01,-1,-1,-0.01,-1,-1,-0.01,-1,-1,-0.01,-1,-1,-0.01,-1,-1,-0.01,-1,-1,-0.01,-1,-1,-0.01,-1,-1
99926009,2026-05-18 10:31:51+05:30,52831.6,0,0.0,0,0.0,0.0,53282.15,53308.4,52783.45,53710.35,0,0.0,0.0,0.0,0.0,-0.01,-1,-1,-0.01,-1,-1,-0.01,-1,-1,-0.01,-1,-1,-0.01,-1,-1,-0.01,-1,-1,-0.01,-1,-1,-0.01,-1,-1,-0.01,-1,-1,-0.01,-1,-1
99926009,2026-05-18 10:31:52+05:30,52831.0,0,0.0,0,0.0,0.0,53282.15,53308.4,52783.45,53710.35,0,0.0,0.0,0.0,0.0,-0.01,-1,-1,-0.01,-1,-1,-0.01,-1,-1,-0.01,-1,-1,-0.01,-1,-1,-0.01,-1,-1,-0.01,-1,-1,-0.01,-1,-1,-0.01,-1,-1,-0.01,-1,-1
99926009,2026-05-18 10:31:52+05:30,52830.45,0,0.0,0,0.0,0.0,53282.15,53308.4,52783.45,53710.35,0,0.0,0.0,0.0,0.0,-0.01,-1,-1,-0.01,-1,-1,-0.01,-1,-1,-0.01,-1,-1,-0.01,-1,-1,-0.01,-1,-1,-0.01,-1,-1,-0.01,-1,-1,-0.01,-1,-1,-0.01,-1,-1
99926009,2026-05-18 10:31:53+05:30,52830.25,0,0.0,0,0.0,0.0,53282.15,53308.4,52783.45,53710.35,0,0.0,0.0,0.0,0.0,-0.01,-1,-1,-0.01,-1,-1,-0.01,-1,-1,-0.01,-1,-1,-0.01,-1,-1,-0.01,-1,-1,-0.01,-1,-1,-0.01,-1,-1,-0.01,-1,-1,-0.01,-1,-1
99926009,2026-05-18 10:31:53+05:30,52831.45,0,0.0,0,0.0,0.0,53282.15,53308.4,52783.45,53710.35,0,0.0,0.0,0.0,0.0,-0.01,-1,-1,-0.01,-1,-1,-0.01,-1,-1,-0.01,-1,-1,-0.01,-1,-1,-0.01,-1,-1,-0.01,-1,-1,-0.01,-1,-1,-0.01,-1,-1,-0.01,-1,-1
99926009,2026-05-18 10:31:54+05:30,52831.7,0,0.0,0,0.0,0.0,53282.15,53308.4,52783.45,53710.35,0,0.0,0.0,0.0,0.0,-0.01,-1,-1,-0.01,-1,-1,-0.01,-1,-1,-0.01,-1,-1,-0.01,-1,-1,-0.01,-1,-1,-0.01,-1,-1,-0.01,-1,-1,-0.01,-1,-1,-0.01,-1,-1
99926009,2026-05-18 10:31:54+05:30,52832.05,0,0.0,0,0.0,0.0,53282.15,53308.4,52783.45,53710.35,0,0.0,0.0,0.0,0.0,-0.01,-1,-1,-0.01,-1,-1,-0.01,-1,-1,-0.01,-1,-1,-0.01,-1,-1,-0.01,-1,-1,-0.01,-1,-1,-0.01,-1,-1,-0.01,-1,-1,-0.01,-1,-1
99926009,2026-05-18 10:31:55+05:30,52831.8,0,0.0,0,0.0,0.0,53282.15,53308.4,52783.45,53710.35,0,0.0,0.0,0.0,0.0,-0.01,-1,-1,-0.01,-1,-1,-0.01,-1,-1,-0.01,-1,-1,-0.01,-1,-1,-0.01,-1,-1,-0.01,-1,-1,-0.01,-1,-1,-0.01,-1,-1,-0.01,-1,-1
99926009,2026-05-18 10:31:55+05:30,52828.95,0,0.0,0,0.0,0.0,53282.15,53308.4,52783.45,53710.35,0,0.0,0.0,0.0,0.0,-0.01,-1,-1,-0.01,-1,-1,-0.01,-1,-1,-0.01,-1,-1,-0.01,-1,-1,-0.01,-1,-1,-0.01,-1,-1,-0.01,-1,-1,-0.01,-1,-1,-0.01,-1,-1
99926009,2026-05-18 10:31:56+05:30,52830.6,0,0.0,0,0.0,0.0,53282.15,53308.4,52783.45,53710.35,0,0.0,0.0,0.0,0.0,-0.01,-1,-1,-0.01,-1,-1,-0.01,-1,-1,-0.01,-1,-1,-0.01,-1,-1,-0.01,-1,-1,-0.01,-1,-1,-0.01,-1,-1,-0.01,-1,-1,-0.01,-1,-1
99926009,2026-05-18 10:31:56+05:30,52831.7,0,0.0,0,0.0,0.0,53282.15,53308.4,52783.45,53710.35,0,0.0,0.0,0.0,0.0,-0.01,-1,-1,-0.01,-1,-1,-0.01,-1,-1,-0.01,-1,-1,-0.01,-1,-1,-0.01,-1,-1,-0.01,-1,-1,-0.01,-1,-1,-0.01,-1,-1,-0.01,-1,-1
99926009,2026-05-18 10:31:57+05:30,52831.7,0,0.0,0,0.0,0.0,53282.15,53308.4,52783.45,53710.35,0,0.0,0.0,0.0,0.0,-0.01,-1,-1,-0.01,-1,-1,-0.01,-1,-1,-0.01,-1,-1,-0.01,-1,-1,-0.01,-1,-1,-0.01,-1,-1,-0.01,-1,-1,-0.01,-1,-1,-0.01,-1,-1
99926009,2026-05-18 10:31:57+05:30,52830.45,0,0.0,0,0.0,0.0,53282.15,53308.4,52783.45,53710.35,0,0.0,0.0,0.0,0.0,-0.01,-1,-1,-0.01,-1,-1,-0.01,-1,-1,-0.01,-1,-1,-0.01,-1,-1,-0.01,-1,-1,-0.01,-1,-1,-0.01,-1,-1,-0.01,-1,-1,-0.01,-1,-1
99926009,2026-05-18 10:31:58+05:30,52829.35,0,0.0,0,0.0,0.0,53282.15,53308.4,52783.45,53710.35,0,0.0,0.0,0.0,0.0,-0.01,-1,-1,-0.01,-1,-1,-0.01,-1,-1,-0.01,-1,-1,-0.01,-1,-1,-0.01,-1,-1,-0.01,-1,-1,-0.01,-1,-1,-0.01,-1,-1,-0.01,-1,-1
99926009,2026-05-18 10:31:58+05:30,52827.4,0,0.0,0,0.0,0.0,53282.15,53308.4,52783.45,53710.35,0,0.0,0.0,0.0,0.0,-0.01,-1,-1,-0.01,-1,-1,-0.01,-1,-1,-0.01,-1,-1,-0.01,-1,-1,-0.01,-1,-1,-0.01,-1,-1,-0.01,-1,-1,-0.01,-1,-1,-0.01,-1,-1
99926009,2026-05-18 10:31:59+05:30,52826.35,0,0.0,0,0.0,0.0,53282.15,53308.4,52783.45,53710.35,0,0.0,0.0,0.0,0.0,-0.01,-1,-1,-0.01,-1,-1,-0.01,-1,-1,-0.01,-1,-1,-0.01,-1,-1,-0.01,-1,-1,-0.01,-1,-1,-0.01,-1,-1,-0.01,-1,-1,-0.01,-1,-1
99926009,2026-05-18 10:31:59+05:30,52823.7,0,0.0,0,0.0,0.0,53282.15,53308.4,52783.45,53710.35,0,0.0,0.0,0.0,0.0,-0.01,-1,-1,-0.01,-1,-1,-0.01,-1,-1,-0.01,-1,-1,-0.01,-1,-1,-0.01,-1,-1,-0.01,-1,-1,-0.01,-1,-1,-0.01,-1,-1,-0.01,-1,-1
99926009,2026-05-18 10:32:00+05:30,52825.8,0,0.0,0,0.0,0.0,53282.15,53308.4,52783.45,53710.35,0,0.0,0.0,0.0,0.0,-0.01,-1,-1,-0.01,-1,-1,-0.01,-1,-1,-0.01,-1,-1,-0.01,-1,-1,-0.01,-1,-1,-0.01,-1,-1,-0.01,-1,-1,-0.01,-1,-1,-0.01,-1,-1
99926009,2026-05-18 10:32:00+05:30,52821.85,0,0.0,0,0.0,0.0,53282.15,53308.4,52783.45,53710.35,0,0.0,0.0,0.0,0.0,-0.01,-1,-1,-0.01,-1,-1,-0.01,-1,-1,-0.01,-1,-1,-0.01,-1,-1,-0.01,-1,-1,-0.01,-1,-1,-0.01,-1,-1,-0.01,-1,-1,-0.01,-1,-1
99926009,2026-05-18 10:32:01+05:30,52823.7,0,0.0,0,0.0,0.0,53282.15,53308.4,52783.45,53710.35,0,0.0,0.0,0.0,0.0,-0.01,-1,-1,-0.01,-1,-1,-0.01,-1,-1,-0.01,-1,-1,-0.01,-1,-1,-0.01,-1,-1,-0.01,-1,-1,-0.01,-1,-1,-0.01,-1,-1,-0.01,-1,-1
99926009,2026-05-18 10:32:01+05:30,52820.35,0,0.0,0,0.0,0.0,53282.15,53308.4,52783.45,53710.35,0,0.0,0.0,0.0,0.0,-0.01,-1,-1,-0.01,-1,-1,-0.01,-1,-1,-0.01,-1,-1,-0.01,-1,-1,-0.01,-1,-1,-0.01,-1,-1,-0.01,-1,-1,-0.01,-1,-1,-0.01,-1,-1
99926009,2026-05-18 10:32:02+05:30,52820.95,0,0.0,0,0.0,0.0,53282.15,53308.4,52783.45,53710.35,0,0.0,0.0,0.0,0.0,-0.01,-1,-1,-0.01,-1,-1,-0.01,-1,-1,-0.01,-1,-1,-0.01,-1,-1,-0.01,-1,-1,-0.01,-1,-1,-0.01,-1,-1,-0.01,-1,-1,-0.01,-1,-1
99926009,2026-05-18 10:32:02+05:30,52819.3,0,0.0,0,0.0,0.0,53282.15,53308.4,52783.45,53710.35,0,0.0,0.0,0.0,0.0,-0.01,-1,-1,-0.01,-1,-1,-0.01,-1,-1,-0.01,-1,-1,-0.01,-1,-1,-0.01,-1,-1,-0.01,-1,-1,-0.01,-1,-1,-0.01,-1,-1,-0.01,-1,-1
99926009,2026-05-18 10:32:03+05:30,52818.95,0,0.0,0,0.0,0.0,53282.15,53308.4,52783.45,53710.35,0,0.0,0.0,0.0,0.0,-0.01,-1,-1,-0.01,-1,-1,-0.01,-1,-1,-0.01,-1,-1,-0.01,-1,-1,-0.01,-1,-1,-0.01,-1,-1,-0.01,-1,-1,-0.01,-1,-1,-0.01,-1,-1
99926009,2026-05-18 10:32:03+05:30,52819.7,0,0.0,0,0.0,0.0,53282.15,53308.4,52783.45,53710.35,0,0.0,0.0,0.0,0.0,-0.01,-1,-1,-0.01,-1,-1,-0.01,-1,-1,-0.01,-1,-1,-0.01,-1,-1,-0.01,-1,-1,-0.01,-1,-1,-0.01,-1,-1,-0.01,-1,-1,-0.01,-1,-1
99926009,2026-05-18 10:32:04+05:30,52817.35,0,0.0,0,0.0,0.0,53282.15,53308.4,52783.45,53710.35,0,0.0,0.0,0.0,0.0,-0.01,-1,-1,-0.01,-1,-1,-0.01,-1,-1,-0.01,-1,-1,-0.01,-1,-1,-0.01,-1,-1,-0.01,-1,-1,-0.01,-1,-1,-0.01,-1,-1,-0.01,-1,-1
99926009,2026-05-18 10:32:04+05:30,52817.65,0,0.0,0,0.0,0.0,53282.15,53308.4,52783.45,53710.35,0,0.0,0.0,0.0,0.0,-0.01,-1,-1,-0.01,-1,-1,-0.01,-1,-1,-0.01,-1,-1,-0.01,-1,-1,-0.01,-1,-1,-0.01,-1,-1,-0.01,-1,-1,-0.01,-1,-1,-0.01,-1,-1
99926009,2026-05-18 10:32:05+05:30,52820.05,0,0.0,0,0.0,0.0,53282.15,53308.4,52783.45,53710.35,0,0.0,0.0,0.0,0.0,-0.01,-1,-1,-0.01,-1,-1,-0.01,-1,-1,-0.01,-1,-1,-0.01,-1,-1,-0.01,-1,-1,-0.01,-1,-1,-0.01,-1,-1,-0.01,-1,-1,-0.01,-1,-1
99926009,2026-05-18 10:32:05+05:30,52817.45,0,0.0,0,0.0,0.0,53282.15,53308.4,52783.45,53710.35,0,0.0,0.0,0.0,0.0,-0.01,-1,-1,-0.01,-1,-1,-0.01,-1,-1,-0.01,-1,-1,-0.01,-1,-1,-0.01,-1,-1,-0.01,-1,-1,-0.01,-1,-1,-0.01,-1,-1,-0.01,-1,-1
99926009,2026-05-18 10:32:06+05:30,52816.2,0,0.0,0,0.0,0.0,53282.15,53308.4,52783.45,53710.35,0,0.0,0.0,0.0,0.0,-0.01,-1,-1,-0.01,-1,-1,-0.01,-1,-1,-0.01,-1,-1,-0.01,-1,-1,-0.01,-1,-1,-0.01,-1,-1,-0.01,-1,-1,-0.01,-1,-1,-0.01,-1,-1
99926009,2026-05-18 10:32:06+05:30,52815.95,0,0.0,0,0.0,0.0,53282.15,53308.4,52783.45,53710.35,0,0.0,0.0,0.0,0.0,-0.01,-1,-1,-0.01,-1,-1,-0.01,-1,-1,-0.01,-1,-1,-0.01,-1,-1,-0.01,-1,-1,-0.01,-1,-1,-0.01,-1,-1,-0.01,-1,-1,-0.01,-1,-1
99926009,2026-05-18 10:32:07+05:30,52817.7,0,0.0,0,0.0,0.0,53282.15,53308.4,52783.45,53710.35,0,0.0,0.0,0.0,0.0,-0.01,-1,-1,-0.01,-1,-1,-0.01,-1,-1,-0.01,-1,-1,-0.01,-1,-1,-0.01,-1,-1,-0.01,-1,-1,-0.01,-1,-1,-0.01,-1,-1,-0.01,-1,-1
99926009,2026-05-18 10:32:07+05:30,52817.7,0,0.0,0,0.0,0.0,53282.15,53308.4,52783.45,53710.35,0,0.0,0.0,0.0,0.0,-0.01,-1,-1,-0.01,-1,-1,-0.01,-1,-1,-0.01,-1,-1,-0.01,-1,-1,-0.01,-1,-1,-0.01,-1,-1,-0.01,-1,-1,-0.01,-1,-1,-0.01,-1,-1
99926009,2026-05-18 10:32:08+05:30,52818.2,0,0.0,0,0.0,0.0,53282.15,53308.4,52783.45,53710.35,0,0.0,0.0,0.0,0.0,-0.01,-1,-1,-0.01,-1,-1,-0.01,-1,-1,-0.01,-1,-1,-0.01,-1,-1,-0.01,-1,-1,-0.01,-1,-1,-0.01,-1,-1,-0.01,-1,-1,-0.01,-1,-1
99926009,2026-05-18 10:32:08+05:30,52812.8,0,0.0,0,0.0,0.0,53282.15,53308.4,52783.45,53710.35,0,0.0,0.0,0.0,0.0,-0.01,-1,-1,-0.01,-1,-1,-0.01,-1,-1,-0.01,-1,-1,-0.01,-1,-1,-0.01,-1,-1,-0.01,-1,-1,-0.01,-1,-1,-0.01,-1,-1,-0.01,-1,-1
99926009,2026-05-18 10:32:09+05:30,52810.75,0,0.0,0,0.0,0.0,53282.15,53308.4,52783.45,53710.35,0,0.0,0.0,0.0,0.0,-0.01,-1,-1,-0.01,-1,-1,-0.01,-1,-1,-0.01,-1,-1,-0.01,-1,-1,-0.01,-1,-1,-0.01,-1,-1,-0.01,-1,-1,-0.01,-1,-1,-0.01,-1,-1
99926009,2026-05-18 10:32:09+05:30,52811.7,0,0.0,0,0.0,0.0,53282.15,53308.4,52783.45,53710.35,0,0.0,0.0,0.0,0.0,-0.01,-1,-1,-0.01,-1,-1,-0.01,-1,-1,-0.01,-1,-1,-0.01,-1,-1,-0.01,-1,-1,-0.01,-1,-1,-0.01,-1,-1,-0.01,-1,-1,-0.01,-1,-1
99926009,2026-05-18 10:32:10+05:30,52813.0,0,0.0,0,0.0,0.0,53282.15,53308.4,52783.45,53710.35,0,0.0,0.0,0.0,0.0,-0.01,-1,-1,-0.01,-1,-1,-0.01,-1,-1,-0.01,-1,-1,-0.01,-1,-1,-0.01,-1,-1,-0.01,-1,-1,-0.01,-1,-1,-0.01,-1,-1,-0.01,-1,-1
99926009,2026-05-18 10:32:10+05:30,52811.4,0,0.0,0,0.0,0.0,53282.15,53308.4,52783.45,53710.35,0,0.0,0.0,0.0,0.0,-0.01,-1,-1,-0.01,-1,-1,-0.01,-1,-1,-0.01,-1,-1,-0.01,-1,-1,-0.01,-1,-1,-0.01,-1,-1,-0.01,-1,-1,-0.01,-1,-1,-0.01,-1,-1
99926009,2026-05-18 10:32:11+05:30,52814.85,0,0.0,0,0.0,0.0,53282.15,53308.4,52783.45,53710.35,0,0.0,0.0,0.0,0.0,-0.01,-1,-1,-0.01,-1,-1,-0.01,-1,-1,-0.01,-1,-1,-0.01,-1,-1,-0.01,-1,-1,-0.01,-1,-1,-0.01,-1,-1,-0.01,-1,-1,-0.01,-1,-1
99926009,2026-05-18 10:32:11+05:30,52810.45,0,0.0,0,0.0,0.0,53282.15,53308.4,52783.45,53710.35,0,0.0,0.0,0.0,0.0,-0.01,-1,-1,-0.01,-1,-1,-0.01,-1,-1,-0.01,-1,-1,-0.01,-1,-1,-0.01,-1,-1,-0.01,-1,-1,-0.01,-1,-1,-0.01,-1,-1,-0.01,-1,-1
99926009,2026-05-18 10:32:12+05:30,52812.25,0,0.0,0,0.0,0.0,53282.15,53308.4,52783.45,53710.35,0,0.0,0.0,0.0,0.0,-0.01,-1,-1,-0.01,-1,-1,-0.01,-1,-1,-0.01,-1,-1,-0.01,-1,-1,-0.01,-1,-1,-0.01,-1,-1,-0.01,-1,-1,-0.01,-1,-1,-0.01,-1,-1
99926009,2026-05-18 10:32:12+05:30,52811.4,0,0.0,0,0.0,0.0,53282.15,53308.4,52783.45,53710.35,0,0.0,0.0,0.0,0.0,-0.01,-1,-1,-0.01,-1,-1,-0.01,-1,-1,-0.01,-1,-1,-0.01,-1,-1,-0.01,-1,-1,-0.01,-1,-1,-0.01,-1,-1,-0.01,-1,-1,-0.01,-1,-1
99926009,2026-05-18 10:32:13+05:30,52811.25,0,0.0,0,0.0,0.0,53282.15,53308.4,52783.45,53710.35,0,0.0,0.0,0.0,0.0,-0.01,-1,-1,-0.01,-1,-1,-0.01,-1,-1,-0.01,-1,-1,-0.01,-1,-1,-0.01,-1,-1,-0.01,-1,-1,-0.01,-1,-1,-0.01,-1,-1,-0.01,-1,-1
99926009,2026-05-18 10:32:13+05:30,52812.75,0,0.0,0,0.0,0.0,53282.15,53308.4,52783.45,53710.35,0,0.0,0.0,0.0,0.0,-0.01,-1,-1,-0.01,-1,-1,-0.01,-1,-1,-0.01,-1,-1,-0.01,-1,-1,-0.01,-1,-1,-0.01,-1,-1,-0.01,-1,-1,-0.01,-1,-1,-0.01,-1,-1
99926009,2026-05-18 10:32:14+05:30,52812.35,0,0.0,0,0.0,0.0,53282.15,53308.4,52783.45,53710.35,0,0.0,0.0,0.0,0.0,-0.01,-1,-1,-0.01,-1,-1,-0.01,-1,-1,-0.01,-1,-1,-0.01,-1,-1,-0.01,-1,-1,-0.01,-1,-1,-0.01,-1,-1,-0.01,-1,-1,-0.01,-1,-1
99926009,2026-05-18 10:32:14+05:30,52810.75,0,0.0,0,0.0,0.0,53282.15,53308.4,52783.45,53710.35,0,0.0,0.0,0.0,0.0,-0.01,-1,-1,-0.01,-1,-1,-0.01,-1,-1,-0.01,-1,-1,-0.01,-1,-1,-0.01,-1,-1,-0.01,-1,-1,-0.01,-1,-1,-0.01,-1,-1,-0.01,-1,-1
99926009,2026-05-18 10:32:15+05:30,52813.9,0,0.0,0,0.0,0.0,53282.15,53308.4,52783.45,53710.35,0,0.0,0.0,0.0,0.0,-0.01,-1,-1,-0.01,-1,-1,-0.01,-1,-1,-0.01,-1,-1,-0.01,-1,-1,-0.01,-1,-1,-0.01,-1,-1,-0.01,-1,-1,-0.01,-1,-1,-0.01,-1,-1
99926009,2026-05-18 10:32:15+05:30,52813.85,0,0.0,0,0.0,0.0,53282.15,53308.4,52783.45,53710.35,0,0.0,0.0,0.0,0.0,-0.01,-1,-1,-0.01,-1,-1,-0.01,-1,-1,-0.01,-1,-1,-0.01,-1,-1,-0.01,-1,-1,-0.01,-1,-1,-0.01,-1,-1,-0.01,-1,-1,-0.01,-1,-1
99926009,2026-05-18 10:32:16+05:30,52812.45,0,0.0,0,0.0,0.0,53282.15,53308.4,52783.45,53710.35,0,0.0,0.0,0.0,0.0,-0.01,-1,-1,-0.01,-1,-1,-0.01,-1,-1,-0.01,-1,-1,-0.01,-1,-1,-0.01,-1,-1,-0.01,-1,-1,-0.01,-1,-1,-0.01,-1,-1,-0.01,-1,-1
99926009,2026-05-18 10:32:16+05:30,52807.8,0,0.0,0,0.0,0.0,53282.15,53308.4,52783.45,53710.35,0,0.0,0.0,0.0,0.0,-0.01,-1,-1,-0.01,-1,-1,-0.01,-1,-1,-0.01,-1,-1,-0.01,-1,-1,-0.01,-1,-1,-0.01,-1,-1,-0.01,-1,-1,-0.01,-1,-1,-0.01,-1,-1
99926009,2026-05-18 10:32:17+05:30,52814.85,0,0.0,0,0.0,0.0,53282.15,53308.4,52783.45,53710.35,0,0.0,0.0,0.0,0.0,-0.01,-1,-1,-0.01,-1,-1,-0.01,-1,-1,-0.01,-1,-1,-0.01,-1,-1,-0.01,-1,-1,-0.01,-1,-1,-0.01,-1,-1,-0.01,-1,-1,-0.01,-1,-1
99926009,2026-05-18 10:32:17+05:30,52819.5,0,0.0,0,0.0,0.0,53282.15,53308.4,52783.45,53710.35,0,0.0,0.0,0.0,0.0,-0.01,-1,-1,-0.01,-1,-1,-0.01,-1,-1,-0.01,-1,-1,-0.01,-1,-1,-0.01,-1,-1,-0.01,-1,-1,-0.01,-1,-1,-0.01,-1,-1,-0.01,-1,-1
99926009,2026-05-18 10:32:18+05:30,52817.75,0,0.0,0,0.0,0.0,53282.15,53308.4,52783.45,53710.35,0,0.0,0.0,0.0,0.0,-0.01,-1,-1,-0.01,-1,-1,-0.01,-1,-1,-0.01,-1,-1,-0.01,-1,-1,-0.01,-1,-1,-0.01,-1,-1,-0.01,-1,-1,-0.01,-1,-1,-0.01,-1,-1
99926009,2026-05-18 10:32:18+05:30,52823.15,0,0.0,0,0.0,0.0,53282.15,53308.4,52783.45,53710.35,0,0.0,0.0,0.0,0.0,-0.01,-1,-1,-0.01,-1,-1,-0.01,-1,-1,-0.01,-1,-1,-0.01,-1,-1,-0.01,-1,-1,-0.01,-1,-1,-0.01,-1,-1,-0.01,-1,-1,-0.01,-1,-1
99926009,2026-05-18 10:32:19+05:30,52821.75,0,0.0,0,0.0,0.0,53282.15,53308.4,52783.45,53710.35,0,0.0,0.0,0.0,0.0,-0.01,-1,-1,-0.01,-1,-1,-0.01,-1,-1,-0.01,-1,-1,-0.01,-1,-1,-0.01,-1,-1,-0.01,-1,-1,-0.01,-1,-1,-0.01,-1,-1,-0.01,-1,-1
99926009,2026-05-18 10:32:19+05:30,52822.8,0,0.0,0,0.0,0.0,53282.15,53308.4,52783.45,53710.35,0,0.0,0.0,0.0,0.0,-0.01,-1,-1,-0.01,-1,-1,-0.01,-1,-1,-0.01,-1,-1,-0.01,-1,-1,-0.01,-1,-1,-0.01,-1,-1,-0.01,-1,-1,-0.01,-1,-1,-0.01,-1,-1
99926009,2026-05-18 10:32:20+05:30,52824.95,0,0.0,0,0.0,0.0,53282.15,53308.4,52783.45,53710.35,0,0.0,0.0,0.0,0.0,-0.01,-1,-1,-0.01,-1,-1,-0.01,-1,-1,-0.01,-1,-1,-0.01,-1,-1,-0.01,-1,-1,-0.01,-1,-1,-0.01,-1,-1,-0.01,-1,-1,-0.01,-1,-1
99926009,2026-05-18 10:32:20+05:30,52821.45,0,0.0,0,0.0,0.0,53282.15,53308.4,52783.45,53710.35,0,0.0,0.0,0.0,0.0,-0.01,-1,-1,-0.01,-1,-1,-0.01,-1,-1,-0.01,-1,-1,-0.01,-1,-1,-0.01,-1,-1,-0.01,-1,-1,-0.01,-1,-1,-0.01,-1,-1,-0.01,-1,-1
99926009,2026-05-18 10:32:21+05:30,52820.95,0,0.0,0,0.0,0.0,53282.15,53308.4,52783.45,53710.35,0,0.0,0.0,0.0,0.0,-0.01,-1,-1,-0.01,-1,-1,-0.01,-1,-1,-0.01,-1,-1,-0.01,-1,-1,-0.01,-1,-1,-0.01,-1,-1,-0.01,-1,-1,-0.01,-1,-1,-0.01,-1,-1
99926009,2026-05-18 10:32:21+05:30,52818.85,0,0.0,0,0.0,0.0,53282.15,53308.4,52783.45,53710.35,0,0.0,0.0,0.0,0.0,-0.01,-1,-1,-0.01,-1,-1,-0.01,-1,-1,-0.01,-1,-1,-0.01,-1,-1,-0.01,-1,-1,-0.01,-1,-1,-0.01,-1,-1,-0.01,-1,-1,-0.01,-1,-1
99926009,2026-05-18 10:32:22+05:30,52815.7,0,0.0,0,0.0,0.0,53282.15,53308.4,52783.45,53710.35,0,0.0,0.0,0.0,0.0,-0.01,-1,-1,-0.01,-1,-1,-0.01,-1,-1,-0.01,-1,-1,-0.01,-1,-1,-0.01,-1,-1,-0.01,-1,-1,-0.01,-1,-1,-0.01,-1,-1,-0.01,-1,-1
99926009,2026-05-18 10:32:22+05:30,52817.1,0,0.0,0,0.0,0.0,53282.15,53308.4,52783.45,53710.35,0,0.0,0.0,0.0,0.0,-0.01,-1,-1,-0.01,-1,-1,-0.01,-1,-1,-0.01,-1,-1,-0.01,-1,-1,-0.01,-1,-1,-0.01,-1,-1,-0.01,-1,-1,-0.01,-1,-1,-0.01,-1,-1
99926009,2026-05-18 10:32:23+05:30,52818.85,0,0.0,0,0.0,0.0,53282.15,53308.4,52783.45,53710.35,0,0.0,0.0,0.0,0.0,-0.01,-1,-1,-0.01,-1,-1,-0.01,-1,-1,-0.01,-1,-1,-0.01,-1,-1,-0.01,-1,-1,-0.01,-1,-1,-0.01,-1,-1,-0.01,-1,-1,-0.01,-1,-1
99926009,2026-05-18 10:32:23+05:30,52820.55,0,0.0,0,0.0,0.0,53282.15,53308.4,52783.45,53710.35,0,0.0,0.0,0.0,0.0,-0.01,-1,-1,-0.01,-1,-1,-0.01,-1,-1,-0.01,-1,-1,-0.01,-1,-1,-0.01,-1,-1,-0.01,-1,-1,-0.01,-1,-1,-0.01,-1,-1,-0.01,-1,-1
99926009,2026-05-18 10:32:24+05:30,52820.55,0,0.0,0,0.0,0.0,53282.15,53308.4,52783.45,53710.35,0,0.0,0.0,0.0,0.0,-0.01,-1,-1,-0.01,-1,-1,-0.01,-1,-1,-0.01,-1,-1,-0.01,-1,-1,-0.01,-1,-1,-0.01,-1,-1,-0.01,-1,-1,-0.01,-1,-1,-0.01,-1,-1
99926009,2026-05-18 10:32:24+05:30,52819.1,0,0.0,0,0.0,0.0,53282.15,53308.4,52783.45,53710.35,0,0.0,0.0,0.0,0.0,-0.01,-1,-1,-0.01,-1,-1,-0.01,-1,-1,-0.01,-1,-1,-0.01,-1,-1,-0.01,-1,-1,-0.01,-1,-1,-0.01,-1,-1,-0.01,-1,-1,-0.01,-1,-1
99926009,2026-05-18 10:32:25+05:30,52822.45,0,0.0,0,0.0,0.0,53282.15,53308.4,52783.45,53710.35,0,0.0,0.0,0.0,0.0,-0.01,-1,-1,-0.01,-1,-1,-0.01,-1,-1,-0.01,-1,-1,-0.01,-1,-1,-0.01,-1,-1,-0.01,-1,-1,-0.01,-1,-1,-0.01,-1,-1,-0.01,-1,-1
99926009,2026-05-18 10:32:25+05:30,52818.75,0,0.0,0,0.0,0.0,53282.15,53308.4,52783.45,53710.35,0,0.0,0.0,0.0,0.0,-0.01,-1,-1,-0.01,-1,-1,-0.01,-1,-1,-0.01,-1,-1,-0.01,-1,-1,-0.01,-1,-1,-0.01,-1,-1,-0.01,-1,-1,-0.01,-1,-1,-0.01,-1,-1
99926009,2026-05-18 10:32:26+05:30,52822.85,0,0.0,0,0.0,0.0,53282.15,53308.4,52783.45,53710.35,0,0.0,0.0,0.0,0.0,-0.01,-1,-1,-0.01,-1,-1,-0.01,-1,-1,-0.01,-1,-1,-0.01,-1,-1,-0.01,-1,-1,-0.01,-1,-1,-0.01,-1,-1,-0.01,-1,-1,-0.01,-1,-1
99926009,2026-05-18 10:32:26+05:30,52823.0,0,0.0,0,0.0,0.0,53282.15,53308.4,52783.45,53710.35,0,0.0,0.0,0.0,0.0,-0.01,-1,-1,-0.01,-1,-1,-0.01,-1,-1,-0.01,-1,-1,-0.01,-1,-1,-0.01,-1,-1,-0.01,-1,-1,-0.01,-1,-1,-0.01,-1,-1,-0.01,-1,-1
99926009,2026-05-18 10:32:27+05:30,52821.6,0,0.0,0,0.0,0.0,53282.15,53308.4,52783.45,53710.35,0,0.0,0.0,0.0,0.0,-0.01,-1,-1,-0.01,-1,-1,-0.01,-1,-1,-0.01,-1,-1,-0.01,-1,-1,-0.01,-1,-1,-0.01,-1,-1,-0.01,-1,-1,-0.01,-1,-1,-0.01,-1,-1
99926009,2026-05-18 10:32:27+05:30,52822.65,0,0.0,0,0.0,0.0,53282.15,53308.4,52783.45,53710.35,0,0.0,0.0,0.0,0.0,-0.01,-1,-1,-0.01,-1,-1,-0.01,-1,-1,-0.01,-1,-1,-0.01,-1,-1,-0.01,-1,-1,-0.01,-1,-1,-0.01,-1,-1,-0.01,-1,-1,-0.01,-1,-1
99926009,2026-05-18 10:32:28+05:30,52821.3,0,0.0,0,0.0,0.0,53282.15,53308.4,52783.45,53710.35,0,0.0,0.0,0.0,0.0,-0.01,-1,-1,-0.01,-1,-1,-0.01,-1,-1,-0.01,-1,-1,-0.01,-1,-1,-0.01,-1,-1,-0.01,-1,-1,-0.01,-1,-1,-0.01,-1,-1,-0.01,-1,-1
99926009,2026-05-18 10:32:28+05:30,52821.8,0,0.0,0,0.0,0.0,53282.15,53308.4,52783.45,53710.35,0,0.0,0.0,0.0,0.0,-0.01,-1,-1,-0.01,-1,-1,-0.01,-1,-1,-0.01,-1,-1,-0.01,-1,-1,-0.01,-1,-1,-0.01,-1,-1,-0.01,-1,-1,-0.01,-1,-1,-0.01,-1,-1
99926009,2026-05-18 10:32:29+05:30,52822.8,0,0.0,0,0.0,0.0,53282.15,53308.4,52783.45,53710.35,0,0.0,0.0,0.0,0.0,-0.01,-1,-1,-0.01,-1,-1,-0.01,-1,-1,-0.01,-1,-1,-0.01,-1,-1,-0.01,-1,-1,-0.01,-1,-1,-0.01,-1,-1,-0.01,-1,-1,-0.01,-1,-1
99926009,2026-05-18 10:32:29+05:30,52817.75,0,0.0,0,0.0,0.0,53282.15,53308.4,52783.45,53710.35,0,0.0,0.0,0.0,0.0,-0.01,-1,-1,-0.01,-1,-1,-0.01,-1,-1,-0.01,-1,-1,-0.01,-1,-1,-0.01,-1,-1,-0.01,-1,-1,-0.01,-1,-1,-0.01,-1,-1,-0.01,-1,-1
99926009,2026-05-18 10:32:30+05:30,52821.45,0,0.0,0,0.0,0.0,53282.15,53308.4,52783.45,53710.35,0,0.0,0.0,0.0,0.0,-0.01,-1,-1,-0.01,-1,-1,-0.01,-1,-1,-0.01,-1,-1,-0.01,-1,-1,-0.01,-1,-1,-0.01,-1,-1,-0.01,-1,-1,-0.01,-1,-1,-0.01,-1,-1
99926009,2026-05-18 10:32:30+05:30,52821.5,0,0.0,0,0.0,0.0,53282.15,53308.4,52783.45,53710.35,0,0.0,0.0,0.0,0.0,-0.01,-1,-1,-0.01,-1,-1,-0.01,-1,-1,-0.01,-1,-1,-0.01,-1,-1,-0.01,-1,-1,-0.01,-1,-1,-0.01,-1,-1,-0.01,-1,-1,-0.01,-1,-1
99926009,2026-05-18 10:32:31+05:30,52821.4,0,0.0,0,0.0,0.0,53282.15,53308.4,52783.45,53710.35,0,0.0,0.0,0.0,0.0,-0.01,-1,-1,-0.01,-1,-1,-0.01,-1,-1,-0.01,-1,-1,-0.01,-1,-1,-0.01,-1,-1,-0.01,-1,-1,-0.01,-1,-1,-0.01,-1,-1,-0.01,-1,-1
99926009,2026-05-18 10:32:31+05:30,52817.6,0,0.0,0,0.0,0.0,53282.15,53308.4,52783.45,53710.35,0,0.0,0.0,0.0,0.0,-0.01,-1,-1,-0.01,-1,-1,-0.01,-1,-1,-0.01,-1,-1,-0.01,-1,-1,-0.01,-1,-1,-0.01,-1,-1,-0.01,-1,-1,-0.01,-1,-1,-0.01,-1,-1
99926009,2026-05-18 10:32:32+05:30,52817.5,0,0.0,0,0.0,0.0,53282.15,53308.4,52783.45,53710.35,0,0.0,0.0,0.0,0.0,-0.01,-1,-1,-0.01,-1,-1,-0.01,-1,-1,-0.01,-1,-1,-0.01,-1,-1,-0.01,-1,-1,-0.01,-1,-1,-0.01,-1,-1,-0.01,-1,-1,-0.01,-1,-1
99926009,2026-05-18 10:32:32+05:30,52817.95,0,0.0,0,0.0,0.0,53282.15,53308.4,52783.45,53710.35,0,0.0,0.0,0.0,0.0,-0.01,-1,-1,-0.01,-1,-1,-0.01,-1,-1,-0.01,-1,-1,-0.01,-1,-1,-0.01,-1,-1,-0.01,-1,-1,-0.01,-1,-1,-0.01,-1,-1,-0.01,-1,-1
99926009,2026-05-18 10:32:33+05:30,52818.75,0,0.0,0,0.0,0.0,53282.15,53308.4,52783.45,53710.35,0,0.0,0.0,0.0,0.0,-0.01,-1,-1,-0.01,-1,-1,-0.01,-1,-1,-0.01,-1,-1,-0.01,-1,-1,-0.01,-1,-1,-0.01,-1,-1,-0.01,-1,-1,-0.01,-1,-1,-0.01,-1,-1
99926009,2026-05-18 10:32:33+05:30,52820.15,0,0.0,0,0.0,0.0,53282.15,53308.4,52783.45,53710.35,0,0.0,0.0,0.0,0.0,-0.01,-1,-1,-0.01,-1,-1,-0.01,-1,-1,-0.01,-1,-1,-0.01,-1,-1,-0.01,-1,-1,-0.01,-1,-1,-0.01,-1,-1,-0.01,-1,-1,-0.01,-1,-1
99926009,2026-05-18 10:32:34+05:30,52823.0,0,0.0,0,0.0,0.0,53282.15,53308.4,52783.45,53710.35,0,0.0,0.0,0.0,0.0,-0.01,-1,-1,-0.01,-1,-1,-0.01,-1,-1,-0.01,-1,-1,-0.01,-1,-1,-0.01,-1,-1,-0.01,-1,-1,-0.01,-1,-1,-0.01,-1,-1,-0.01,-1,-1
99926009,2026-05-18 10:32:34+05:30,52819.5,0,0.0,0,0.0,0.0,53282.15,53308.4,52783.45,53710.35,0,0.0,0.0,0.0,0.0,-0.01,-1,-1,-0.01,-1,-1,-0.01,-1,-1,-0.01,-1,-1,-0.01,-1,-1,-0.01,-1,-1,-0.01,-1,-1,-0.01,-1,-1,-0.01,-1,-1,-0.01,-1,-1
99926009,2026-05-18 10:32:35+05:30,52822.5,0,0.0,0,0.0,0.0,53282.15,53308.4,52783.45,53710.35,0,0.0,0.0,0.0,0.0,-0.01,-1,-1,-0.01,-1,-1,-0.01,-1,-1,-0.01,-1,-1,-0.01,-1,-1,-0.01,-1,-1,-0.01,-1,-1,-0.01,-1,-1,-0.01,-1,-1,-0.01,-1,-1
99926009,2026-05-18 10:32:35+05:30,52822.4,0,0.0,0,0.0,0.0,53282.15,53308.4,52783.45,53710.35,0,0.0,0.0,0.0,0.0,-0.01,-1,-1,-0.01,-1,-1,-0.01,-1,-1,-0.01,-1,-1,-0.01,-1,-1,-0.01,-1,-1,-0.01,-1,-1,-0.01,-1,-1,-0.01,-1,-1,-0.01,-1,-1
99926009,2026-05-18 10:32:36+05:30,52821.7,0,0.0,0,0.0,0.0,53282.15,53308.4,52783.45,53710.35,0,0.0,0.0,0.0,0.0,-0.01,-1,-1,-0.01,-1,-1,-0.01,-1,-1,-0.01,-1,-1,-0.01,-1,-1,-0.01,-1,-1,-0.01,-1,-1,-0.01,-1,-1,-0.01,-1,-1,-0.01,-1,-1
99926009,2026-05-18 10:32:36+05:30,52822.7,0,0.0,0,0.0,0.0,53282.15,53308.4,52783.45,53710.35,0,0.0,0.0,0.0,0.0,-0.01,-1,-1,-0.01,-1,-1,-0.01,-1,-1,-0.01,-1,-1,-0.01,-1,-1,-0.01,-1,-1,-0.01,-1,-1,-0.01,-1,-1,-0.01,-1,-1,-0.01,-1,-1
99926009,2026-05-18 10:32:37+05:30,52820.1,0,0.0,0,0.0,0.0,53282.15,53308.4,52783.45,53710.35,0,0.0,0.0,0.0,0.0,-0.01,-1,-1,-0.01,-1,-1,-0.01,-1,-1,-0.01,-1,-1,-0.01,-1,-1,-0.01,-1,-1,-0.01,-1,-1,-0.01,-1,-1,-0.01,-1,-1,-0.01,-1,-1
99926009,2026-05-18 10:32:37+05:30,52825.05,0,0.0,0,0.0,0.0,53282.15,53308.4,52783.45,53710.35,0,0.0,0.0,0.0,0.0,-0.01,-1,-1,-0.01,-1,-1,-0.01,-1,-1,-0.01,-1,-1,-0.01,-1,-1,-0.01,-1,-1,-0.01,-1,-1,-0.01,-1,-1,-0.01,-1,-1,-0.01,-1,-1
99926009,2026-05-18 10:32:38+05:30,52826.7,0,0.0,0,0.0,0.0,53282.15,53308.4,52783.45,53710.35,0,0.0,0.0,0.0,0.0,-0.01,-1,-1,-0.01,-1,-1,-0.01,-1,-1,-0.01,-1,-1,-0.01,-1,-1,-0.01,-1,-1,-0.01,-1,-1,-0.01,-1,-1,-0.01,-1,-1,-0.01,-1,-1
99926009,2026-05-18 10:32:38+05:30,52821.7,0,0.0,0,0.0,0.0,53282.15,53308.4,52783.45,53710.35,0,0.0,0.0,0.0,0.0,-0.01,-1,-1,-0.01,-1,-1,-0.01,-1,-1,-0.01,-1,-1,-0.01,-1,-1,-0.01,-1,-1,-0.01,-1,-1,-0.01,-1,-1,-0.01,-1,-1,-0.01,-1,-1
99926009,2026-05-18 10:32:39+05:30,52819.35,0,0.0,0,0.0,0.0,53282.15,53308.4,52783.45,53710.35,0,0.0,0.0,0.0,0.0,-0.01,-1,-1,-0.01,-1,-1,-0.01,-1,-1,-0.01,-1,-1,-0.01,-1,-1,-0.01,-1,-1,-0.01,-1,-1,-0.01,-1,-1,-0.01,-1,-1,-0.01,-1,-1
99926009,2026-05-18 10:32:39+05:30,52823.45,0,0.0,0,0.0,0.0,53282.15,53308.4,52783.45,53710.35,0,0.0,0.0,0.0,0.0,-0.01,-1,-1,-0.01,-1,-1,-0.01,-1,-1,-0.01,-1,-1,-0.01,-1,-1,-0.01,-1,-1,-0.01,-1,-1,-0.01,-1,-1,-0.01,-1,-1,-0.01,-1,-1
99926009,2026-05-18 10:32:40+05:30,52822.7,0,0.0,0,0.0,0.0,53282.15,53308.4,52783.45,53710.35,0,0.0,0.0,0.0,0.0,-0.01,-1,-1,-0.01,-1,-1,-0.01,-1,-1,-0.01,-1,-1,-0.01,-1,-1,-0.01,-1,-1,-0.01,-1,-1,-0.01,-1,-1,-0.01,-1,-1,-0.01,-1,-1
99926009,2026-05-18 10:32:40+05:30,52823.2,0,0.0,0,0.0,0.0,53282.15,53308.4,52783.45,53710.35,0,0.0,0.0,0.0,0.0,-0.01,-1,-1,-0.01,-1,-1,-0.01,-1,-1,-0.01,-1,-1,-0.01,-1,-1,-0.01,-1,-1,-0.01,-1,-1,-0.01,-1,-1,-0.01,-1,-1,-0.01,-1,-1
99926009,2026-05-18 10:32:41+05:30,52823.8,0,0.0,0,0.0,0.0,53282.15,53308.4,52783.45,53710.35,0,0.0,0.0,0.0,0.0,-0.01,-1,-1,-0.01,-1,-1,-0.01,-1,-1,-0.01,-1,-1,-0.01,-1,-1,-0.01,-1,-1,-0.01,-1,-1,-0.01,-1,-1,-0.01,-1,-1,-0.01,-1,-1
99926009,2026-05-18 10:32:41+05:30,52820.4,0,0.0,0,0.0,0.0,53282.15,53308.4,52783.45,53710.35,0,0.0,0.0,0.0,0.0,-0.01,-1,-1,-0.01,-1,-1,-0.01,-1,-1,-0.01,-1,-1,-0.01,-1,-1,-0.01,-1,-1,-0.01,-1,-1,-0.01,-1,-1,-0.01,-1,-1,-0.01,-1,-1
99926009,2026-05-18 10:32:42+05:30,52820.45,0,0.0,0,0.0,0.0,53282.15,53308.4,52783.45,53710.35,0,0.0,0.0,0.0,0.0,-0.01,-1,-1,-0.01,-1,-1,-0.01,-1,-1,-0.01,-1,-1,-0.01,-1,-1,-0.01,-1,-1,-0.01,-1,-1,-0.01,-1,-1,-0.01,-1,-1,-0.01,-1,-1
99926009,2026-05-18 10:32:42+05:30,52821.25,0,0.0,0,0.0,0.0,53282.15,53308.4,52783.45,53710.35,0,0.0,0.0,0.0,0.0,-0.01,-1,-1,-0.01,-1,-1,-0.01,-1,-1,-0.01,-1,-1,-0.01,-1,-1,-0.01,-1,-1,-0.01,-1,-1,-0.01,-1,-1,-0.01,-1,-1,-0.01,-1,-1
99926009,2026-05-18 10:32:43+05:30,52821.4,0,0.0,0,0.0,0.0,53282.15,53308.4,52783.45,53710.35,0,0.0,0.0,0.0,0.0,-0.01,-1,-1,-0.01,-1,-1,-0.01,-1,-1,-0.01,-1,-1,-0.01,-1,-1,-0.01,-1,-1,-0.01,-1,-1,-0.01,-1,-1,-0.01,-1,-1,-0.01,-1,-1
99926009,2026-05-18 10:32:43+05:30,52819.9,0,0.0,0,0.0,0.0,53282.15,53308.4,52783.45,53710.35,0,0.0,0.0,0.0,0.0,-0.01,-1,-1,-0.01,-1,-1,-0.01,-1,-1,-0.01,-1,-1,-0.01,-1,-1,-0.01,-1,-1,-0.01,-1,-1,-0.01,-1,-1,-0.01,-1,-1,-0.01,-1,-1
99926009,2026-05-18 10:32:44+05:30,52819.25,0,0.0,0,0.0,0.0,53282.15,53308.4,52783.45,53710.35,0,0.0,0.0,0.0,0.0,-0.01,-1,-1,-0.01,-1,-1,-0.01,-1,-1,-0.01,-1,-1,-0.01,-1,-1,-0.01,-1,-1,-0.01,-1,-1,-0.01,-1,-1,-0.01,-1,-1,-0.01,-1,-1
99926009,2026-05-18 10:32:44+05:30,52815.05,0,0.0,0,0.0,0.0,53282.15,53308.4,52783.45,53710.35,0,0.0,0.0,0.0,0.0,-0.01,-1,-1,-0.01,-1,-1,-0.01,-1,-1,-0.01,-1,-1,-0.01,-1,-1,-0.01,-1,-1,-0.01,-1,-1,-0.01,-1,-1,-0.01,-1,-1,-0.01,-1,-1
99926009,2026-05-18 10:32:45+05:30,52817.55,0,0.0,0,0.0,0.0,53282.15,53308.4,52783.45,53710.35,0,0.0,0.0,0.0,0.0,-0.01,-1,-1,-0.01,-1,-1,-0.01,-1,-1,-0.01,-1,-1,-0.01,-1,-1,-0.01,-1,-1,-0.01,-1,-1,-0.01,-1,-1,-0.01,-1,-1,-0.01,-1,-1
99926009,2026-05-18 10:32:45+05:30,52817.55,0,0.0,0,0.0,0.0,53282.15,53308.4,52783.45,53710.35,0,0.0,0.0,0.0,0.0,-0.01,-1,-1,-0.01,-1,-1,-0.01,-1,-1,-0.01,-1,-1,-0.01,-1,-1,-0.01,-1,-1,-0.01,-1,-1,-0.01,-1,-1,-0.01,-1,-1,-0.01,-1,-1
99926009,2026-05-18 10:32:46+05:30,52816.2,0,0.0,0,0.0,0.0,53282.15,53308.4,52783.45,53710.35,0,0.0,0.0,0.0,0.0,-0.01,-1,-1,-0.01,-1,-1,-0.01,-1,-1,-0.01,-1,-1,-0.01,-1,-1,-0.01,-1,-1,-0.01,-1,-1,-0.01,-1,-1,-0.01,-1,-1,-0.01,-1,-1
99926009,2026-05-18 10:32:46+05:30,52815.35,0,0.0,0,0.0,0.0,53282.15,53308.4,52783.45,53710.35,0,0.0,0.0,0.0,0.0,-0.01,-1,-1,-0.01,-1,-1,-0.01,-1,-1,-0.01,-1,-1,-0.01,-1,-1,-0.01,-1,-1,-0.01,-1,-1,-0.01,-1,-1,-0.01,-1,-1,-0.01,-1,-1
99926009,2026-05-18 10:32:47+05:30,52813.85,0,0.0,0,0.0,0.0,53282.15,53308.4,52783.45,53710.35,0,0.0,0.0,0.0,0.0,-0.01,-1,-1,-0.01,-1,-1,-0.01,-1,-1,-0.01,-1,-1,-0.01,-1,-1,-0.01,-1,-1,-0.01,-1,-1,-0.01,-1,-1,-0.01,-1,-1,-0.01,-1,-1
99926009,2026-05-18 10:32:47+05:30,52814.15,0,0.0,0,0.0,0.0,53282.15,53308.4,52783.45,53710.35,0,0.0,0.0,0.0,0.0,-0.01,-1,-1,-0.01,-1,-1,-0.01,-1,-1,-0.01,-1,-1,-0.01,-1,-1,-0.01,-1,-1,-0.01,-1,-1,-0.01,-1,-1,-0.01,-1,-1,-0.01,-1,-1
99926009,2026-05-18 10:32:48+05:30,52816.3,0,0.0,0,0.0,0.0,53282.15,53308.4,52783.45,53710.35,0,0.0,0.0,0.0,0.0,-0.01,-1,-1,-0.01,-1,-1,-0.01,-1,-1,-0.01,-1,-1,-0.01,-1,-1,-0.01,-1,-1,-0.01,-1,-1,-0.01,-1,-1,-0.01,-1,-1,-0.01,-1,-1
99926009,2026-05-18 10:32:48+05:30,52812.95,0,0.0,0,0.0,0.0,53282.15,53308.4,52783.45,53710.35,0,0.0,0.0,0.0,0.0,-0.01,-1,-1,-0.01,-1,-1,-0.01,-1,-1,-0.01,-1,-1,-0.01,-1,-1,-0.01,-1,-1,-0.01,-1,-1,-0.01,-1,-1,-0.01,-1,-1,-0.01,-1,-1
99926009,2026-05-18 10:32:49+05:30,52815.55,0,0.0,0,0.0,0.0,53282.15,53308.4,52783.45,53710.35,0,0.0,0.0,0.0,0.0,-0.01,-1,-1,-0.01,-1,-1,-0.01,-1,-1,-0.01,-1,-1,-0.01,-1,-1,-0.01,-1,-1,-0.01,-1,-1,-0.01,-1,-1,-0.01,-1,-1,-0.01,-1,-1
99926009,2026-05-18 10:32:49+05:30,52815.85,0,0.0,0,0.0,0.0,53282.15,53308.4,52783.45,53710.35,0,0.0,0.0,0.0,0.0,-0.01,-1,-1,-0.01,-1,-1,-0.01,-1,-1,-0.01,-1,-1,-0.01,-1,-1,-0.01,-1,-1,-0.01,-1,-1,-0.01,-1,-1,-0.01,-1,-1,-0.01,-1,-1
99926009,2026-05-18 10:32:50+05:30,52813.95,0,0.0,0,0.0,0.0,53282.15,53308.4,52783.45,53710.35,0,0.0,0.0,0.0,0.0,-0.01,-1,-1,-0.01,-1,-1,-0.01,-1,-1,-0.01,-1,-1,-0.01,-1,-1,-0.01,-1,-1,-0.01,-1,-1,-0.01,-1,-1,-0.01,-1,-1,-0.01,-1,-1
99926009,2026-05-18 10:32:50+05:30,52812.55,0,0.0,0,0.0,0.0,53282.15,53308.4,52783.45,53710.35,0,0.0,0.0,0.0,0.0,-0.01,-1,-1,-0.01,-1,-1,-0.01,-1,-1,-0.01,-1,-1,-0.01,-1,-1,-0.01,-1,-1,-0.01,-1,-1,-0.01,-1,-1,-0.01,-1,-1,-0.01,-1,-1
99926009,2026-05-18 10:32:51+05:30,52815.0,0,0.0,0,0.0,0.0,53282.15,53308.4,52783.45,53710.35,0,0.0,0.0,0.0,0.0,-0.01,-1,-1,-0.01,-1,-1,-0.01,-1,-1,-0.01,-1,-1,-0.01,-1,-1,-0.01,-1,-1,-0.01,-1,-1,-0.01,-1,-1,-0.01,-1,-1,-0.01,-1,-1
99926009,2026-05-18 10:32:51+05:30,52813.95,0,0.0,0,0.0,0.0,53282.15,53308.4,52783.45,53710.35,0,0.0,0.0,0.0,0.0,-0.01,-1,-1,-0.01,-1,-1,-0.01,-1,-1,-0.01,-1,-1,-0.01,-1,-1,-0.01,-1,-1,-0.01,-1,-1,-0.01,-1,-1,-0.01,-1,-1,-0.01,-1,-1
99926009,2026-05-18 10:32:52+05:30,52814.55,0,0.0,0,0.0,0.0,53282.15,53308.4,52783.45,53710.35,0,0.0,0.0,0.0,0.0,-0.01,-1,-1,-0.01,-1,-1,-0.01,-1,-1,-0.01,-1,-1,-0.01,-1,-1,-0.01,-1,-1,-0.01,-1,-1,-0.01,-1,-1,-0.01,-1,-1,-0.01,-1,-1
99926009,2026-05-18 10:32:52+05:30,52810.8,0,0.0,0,0.0,0.0,53282.15,53308.4,52783.45,53710.35,0,0.0,0.0,0.0,0.0,-0.01,-1,-1,-0.01,-1,-1,-0.01,-1,-1,-0.01,-1,-1,-0.01,-1,-1,-0.01,-1,-1,-0.01,-1,-1,-0.01,-1,-1,-0.01,-1,-1,-0.01,-1,-1
99926009,2026-05-18 10:32:53+05:30,52815.15,0,0.0,0,0.0,0.0,53282.15,53308.4,52783.45,53710.35,0,0.0,0.0,0.0,0.0,-0.01,-1,-1,-0.01,-1,-1,-0.01,-1,-1,-0.01,-1,-1,-0.01,-1,-1,-0.01,-1,-1,-0.01,-1,-1,-0.01,-1,-1,-0.01,-1,-1,-0.01,-1,-1
99926009,2026-05-18 10:32:53+05:30,52814.2,0,0.0,0,0.0,0.0,53282.15,53308.4,52783.45,53710.35,0,0.0,0.0,0.0,0.0,-0.01,-1,-1,-0.01,-1,-1,-0.01,-1,-1,-0.01,-1,-1,-0.01,-1,-1,-0.01,-1,-1,-0.01,-1,-1,-0.01,-1,-1,-0.01,-1,-1,-0.01,-1,-1
99926009,2026-05-18 10:32:54+05:30,52810.45,0,0.0,0,0.0,0.0,53282.15,53308.4,52783.45,53710.35,0,0.0,0.0,0.0,0.0,-0.01,-1,-1,-0.01,-1,-1,-0.01,-1,-1,-0.01,-1,-1,-0.01,-1,-1,-0.01,-1,-1,-0.01,-1,-1,-0.01,-1,-1,-0.01,-1,-1,-0.01,-1,-1
99926009,2026-05-18 10:32:54+05:30,52810.15,0,0.0,0,0.0,0.0,53282.15,53308.4,52783.45,53710.35,0,0.0,0.0,0.0,0.0,-0.01,-1,-1,-0.01,-1,-1,-0.01,-1,-1,-0.01,-1,-1,-0.01,-1,-1,-0.01,-1,-1,-0.01,-1,-1,-0.01,-1,-1,-0.01,-1,-1,-0.01,-1,-1
99926009,2026-05-18 10:32:55+05:30,52812.35,0,0.0,0,0.0,0.0,53282.15,53308.4,52783.45,53710.35,0,0.0,0.0,0.0,0.0,-0.01,-1,-1,-0.01,-1,-1,-0.01,-1,-1,-0.01,-1,-1,-0.01,-1,-1,-0.01,-1,-1,-0.01,-1,-1,-0.01,-1,-1,-0.01,-1,-1,-0.01,-1,-1
99926009,2026-05-18 10:32:55+05:30,52812.1,0,0.0,0,0.0,0.0,53282.15,53308.4,52783.45,53710.35,0,0.0,0.0,0.0,0.0,-0.01,-1,-1,-0.01,-1,-1,-0.01,-1,-1,-0.01,-1,-1,-0.01,-1,-1,-0.01,-1,-1,-0.01,-1,-1,-0.01,-1,-1,-0.01,-1,-1,-0.01,-1,-1
99926009,2026-05-18 10:32:56+05:30,52812.1,0,0.0,0,0.0,0.0,53282.15,53308.4,52783.45,53710.35,0,0.0,0.0,0.0,0.0,-0.01,-1,-1,-0.01,-1,-1,-0.01,-1,-1,-0.01,-1,-1,-0.01,-1,-1,-0.01,-1,-1,-0.01,-1,-1,-0.01,-1,-1,-0.01,-1,-1,-0.01,-1,-1
99926009,2026-05-18 10:32:56+05:30,52808.85,0,0.0,0,0.0,0.0,53282.15,53308.4,52783.45,53710.35,0,0.0,0.0,0.0,0.0,-0.01,-1,-1,-0.01,-1,-1,-0.01,-1,-1,-0.01,-1,-1,-0.01,-1,-1,-0.01,-1,-1,-0.01,-1,-1,-0.01,-1,-1,-0.01,-1,-1,-0.01,-1,-1
99926009,2026-05-18 10:32:57+05:30,52811.6,0,0.0,0,0.0,0.0,53282.15,53308.4,52783.45,53710.35,0,0.0,0.0,0.0,0.0,-0.01,-1,-1,-0.01,-1,-1,-0.01,-1,-1,-0.01,-1,-1,-0.01,-1,-1,-0.01,-1,-1,-0.01,-1,-1,-0.01,-1,-1,-0.01,-1,-1,-0.01,-1,-1
99926009,2026-05-18 10:32:57+05:30,52814.9,0,0.0,0,0.0,0.0,53282.15,53308.4,52783.45,53710.35,0,0.0,0.0,0.0,0.0,-0.01,-1,-1,-0.01,-1,-1,-0.01,-1,-1,-0.01,-1,-1,-0.01,-1,-1,-0.01,-1,-1,-0.01,-1,-1,-0.01,-1,-1,-0.01,-1,-1,-0.01,-1,-1
99926009,2026-05-18 10:32:58+05:30,52815.35,0,0.0,0,0.0,0.0,53282.15,53308.4,52783.45,53710.35,0,0.0,0.0,0.0,0.0,-0.01,-1,-1,-0.01,-1,-1,-0.01,-1,-1,-0.01,-1,-1,-0.01,-1,-1,-0.01,-1,-1,-0.01,-1,-1,-0.01,-1,-1,-0.01,-1,-1,-0.01,-1,-1
99926009,2026-05-18 10:32:58+05:30,52818.6,0,0.0,0,0.0,0.0,53282.15,53308.4,52783.45,53710.35,0,0.0,0.0,0.0,0.0,-0.01,-1,-1,-0.01,-1,-1,-0.01,-1,-1,-0.01,-1,-1,-0.01,-1,-1,-0.01,-1,-1,-0.01,-1,-1,-0.01,-1,-1,-0.01,-1,-1,-0.01,-1,-1
99926009,2026-05-18 10:32:59+05:30,52821.3,0,0.0,0,0.0,0.0,53282.15,53308.4,52783.45,53710.35,0,0.0,0.0,0.0,0.0,-0.01,-1,-1,-0.01,-1,-1,-0.01,-1,-1,-0.01,-1,-1,-0.01,-1,-1,-0.01,-1,-1,-0.01,-1,-1,-0.01,-1,-1,-0.01,-1,-1,-0.01,-1,-1
99926009,2026-05-18 10:32:59+05:30,52819.25,0,0.0,0,0.0,0.0,53282.15,53308.4,52783.45,53710.35,0,0.0,0.0,0.0,0.0,-0.01,-1,-1,-0.01,-1,-1,-0.01,-1,-1,-0.01,-1,-1,-0.01,-1,-1,-0.01,-1,-1,-0.01,-1,-1,-0.01,-1,-1,-0.01,-1,-1,-0.01,-1,-1
99926009,2026-05-18 10:33:00+05:30,52821.05,0,0.0,0,0.0,0.0,53282.15,53308.4,52783.45,53710.35,0,0.0,0.0,0.0,0.0,-0.01,-1,-1,-0.01,-1,-1,-0.01,-1,-1,-0.01,-1,-1,-0.01,-1,-1,-0.01,-1,-1,-0.01,-1,-1,-0.01,-1,-1,-0.01,-1,-1,-0.01,-1,-1
99926009,2026-05-18 10:33:00+05:30,52818.65,0,0.0,0,0.0,0.0,53282.15,53308.4,52783.45,53710.35,0,0.0,0.0,0.0,0.0,-0.01,-1,-1,-0.01,-1,-1,-0.01,-1,-1,-0.01,-1,-1,-0.01,-1,-1,-0.01,-1,-1,-0.01,-1,-1,-0.01,-1,-1,-0.01,-1,-1,-0.01,-1,-1
99926009,2026-05-18 10:33:01+05:30,52819.2,0,0.0,0,0.0,0.0,53282.15,53308.4,52783.45,53710.35,0,0.0,0.0,0.0,0.0,-0.01,-1,-1,-0.01,-1,-1,-0.01,-1,-1,-0.01,-1,-1,-0.01,-1,-1,-0.01,-1,-1,-0.01,-1,-1,-0.01,-1,-1,-0.01,-1,-1,-0.01,-1,-1
99926009,2026-05-18 10:33:01+05:30,52817.45,0,0.0,0,0.0,0.0,53282.15,53308.4,52783.45,53710.35,0,0.0,0.0,0.0,0.0,-0.01,-1,-1,-0.01,-1,-1,-0.01,-1,-1,-0.01,-1,-1,-0.01,-1,-1,-0.01,-1,-1,-0.01,-1,-1,-0.01,-1,-1,-0.01,-1,-1,-0.01,-1,-1
99926009,2026-05-18 10:33:02+05:30,52816.3,0,0.0,0,0.0,0.0,53282.15,53308.4,52783.45,53710.35,0,0.0,0.0,0.0,0.0,-0.01,-1,-1,-0.01,-1,-1,-0.01,-1,-1,-0.01,-1,-1,-0.01,-1,-1,-0.01,-1,-1,-0.01,-1,-1,-0.01,-1,-1,-0.01,-1,-1,-0.01,-1,-1
99926009,2026-05-18 10:33:02+05:30,52813.05,0,0.0,0,0.0,0.0,53282.15,53308.4,52783.45,53710.35,0,0.0,0.0,0.0,0.0,-0.01,-1,-1,-0.01,-1,-1,-0.01,-1,-1,-0.01,-1,-1,-0.01,-1,-1,-0.01,-1,-1,-0.01,-1,-1,-0.01,-1,-1,-0.01,-1,-1,-0.01,-1,-1
99926009,2026-05-18 10:33:03+05:30,52817.25,0,0.0,0,0.0,0.0,53282.15,53308.4,52783.45,53710.35,0,0.0,0.0,0.0,0.0,-0.01,-1,-1,-0.01,-1,-1,-0.01,-1,-1,-0.01,-1,-1,-0.01,-1,-1,-0.01,-1,-1,-0.01,-1,-1,-0.01,-1,-1,-0.01,-1,-1,-0.01,-1,-1
99926009,2026-05-18 10:33:03+05:30,52813.55,0,0.0,0,0.0,0.0,53282.15,53308.4,52783.45,53710.35,0,0.0,0.0,0.0,0.0,-0.01,-1,-1,-0.01,-1,-1,-0.01,-1,-1,-0.01,-1,-1,-0.01,-1,-1,-0.01,-1,-1,-0.01,-1,-1,-0.01,-1,-1,-0.01,-1,-1,-0.01,-1,-1
99926009,2026-05-18 10:33:04+05:30,52814.45,0,0.0,0,0.0,0.0,53282.15,53308.4,52783.45,53710.35,0,0.0,0.0,0.0,0.0,-0.01,-1,-1,-0.01,-1,-1,-0.01,-1,-1,-0.01,-1,-1,-0.01,-1,-1,-0.01,-1,-1,-0.01,-1,-1,-0.01,-1,-1,-0.01,-1,-1,-0.01,-1,-1
99926009,2026-05-18 10:33:04+05:30,52811.7,0,0.0,0,0.0,0.0,53282.15,53308.4,52783.45,53710.35,0,0.0,0.0,0.0,0.0,-0.01,-1,-1,-0.01,-1,-1,-0.01,-1,-1,-0.01,-1,-1,-0.01,-1,-1,-0.01,-1,-1,-0.01,-1,-1,-0.01,-1,-1,-0.01,-1,-1,-0.01,-1,-1
99926009,2026-05-18 10:33:05+05:30,52815.6,0,0.0,0,0.0,0.0,53282.15,53308.4,52783.45,53710.35,0,0.0,0.0,0.0,0.0,-0.01,-1,-1,-0.01,-1,-1,-0.01,-1,-1,-0.01,-1,-1,-0.01,-1,-1,-0.01,-1,-1,-0.01,-1,-1,-0.01,-1,-1,-0.01,-1,-1,-0.01,-1,-1
99926009,2026-05-18 10:33:05+05:30,52812.45,0,0.0,0,0.0,0.0,53282.15,53308.4,52783.45,53710.35,0,0.0,0.0,0.0,0.0,-0.01,-1,-1,-0.01,-1,-1,-0.01,-1,-1,-0.01,-1,-1,-0.01,-1,-1,-0.01,-1,-1,-0.01,-1,-1,-0.01,-1,-1,-0.01,-1,-1,-0.01,-1,-1
99926009,2026-05-18 10:33:06+05:30,52807.3,0,0.0,0,0.0,0.0,53282.15,53308.4,52783.45,53710.35,0,0.0,0.0,0.0,0.0,-0.01,-1,-1,-0.01,-1,-1,-0.01,-1,-1,-0.01,-1,-1,-0.01,-1,-1,-0.01,-1,-1,-0.01,-1,-1,-0.01,-1,-1,-0.01,-1,-1,-0.01,-1,-1
99926009,2026-05-18 10:33:06+05:30,52807.3,0,0.0,0,0.0,0.0,53282.15,53308.4,52783.45,53710.35,0,0.0,0.0,0.0,0.0,-0.01,-1,-1,-0.01,-1,-1,-0.01,-1,-1,-0.01,-1,-1,-0.01,-1,-1,-0.01,-1,-1,-0.01,-1,-1,-0.01,-1,-1,-0.01,-1,-1,-0.01,-1,-1
99926009,2026-05-18 10:33:07+05:30,52806.75,0,0.0,0,0.0,0.0,53282.15,53308.4,52783.45,53710.35,0,0.0,0.0,0.0,0.0,-0.01,-1,-1,-0.01,-1,-1,-0.01,-1,-1,-0.01,-1,-1,-0.01,-1,-1,-0.01,-1,-1,-0.01,-1,-1,-0.01,-1,-1,-0.01,-1,-1,-0.01,-1,-1
99926009,2026-05-18 10:33:07+05:30,52807.3,0,0.0,0,0.0,0.0,53282.15,53308.4,52783.45,53710.35,0,0.0,0.0,0.0,0.0,-0.01,-1,-1,-0.01,-1,-1,-0.01,-1,-1,-0.01,-1,-1,-0.01,-1,-1,-0.01,-1,-1,-0.01,-1,-1,-0.01,-1,-1,-0.01,-1,-1,-0.01,-1,-1
99926009,2026-05-18 10:33:08+05:30,52808.25,0,0.0,0,0.0,0.0,53282.15,53308.4,52783.45,53710.35,0,0.0,0.0,0.0,0.0,-0.01,-1,-1,-0.01,-1,-1,-0.01,-1,-1,-0.01,-1,-1,-0.01,-1,-1,-0.01,-1,-1,-0.01,-1,-1,-0.01,-1,-1,-0.01,-1,-1,-0.01,-1,-1
99926009,2026-05-18 10:33:08+05:30,52807.45,0,0.0,0,0.0,0.0,53282.15,53308.4,52783.45,53710.35,0,0.0,0.0,0.0,0.0,-0.01,-1,-1,-0.01,-1,-1,-0.01,-1,-1,-0.01,-1,-1,-0.01,-1,-1,-0.01,-1,-1,-0.01,-1,-1,-0.01,-1,-1,-0.01,-1,-1,-0.01,-1,-1
99926009,2026-05-18 10:33:09+05:30,52809.1,0,0.0,0,0.0,0.0,53282.15,53308.4,52783.45,53710.35,0,0.0,0.0,0.0,0.0,-0.01,-1,-1,-0.01,-1,-1,-0.01,-1,-1,-0.01,-1,-1,-0.01,-1,-1,-0.01,-1,-1,-0.01,-1,-1,-0.01,-1,-1,-0.01,-1,-1,-0.01,-1,-1
99926009,2026-05-18 10:33:09+05:30,52810.0,0,0.0,0,0.0,0.0,53282.15,53308.4,52783.45,53710.35,0,0.0,0.0,0.0,0.0,-0.01,-1,-1,-0.01,-1,-1,-0.01,-1,-1,-0.01,-1,-1,-0.01,-1,-1,-0.01,-1,-1,-0.01,-1,-1,-0.01,-1,-1,-0.01,-1,-1,-0.01,-1,-1
99926009,2026-05-18 10:33:10+05:30,52812.5,0,0.0,0,0.0,0.0,53282.15,53308.4,52783.45,53710.35,0,0.0,0.0,0.0,0.0,-0.01,-1,-1,-0.01,-1,-1,-0.01,-1,-1,-0.01,-1,-1,-0.01,-1,-1,-0.01,-1,-1,-0.01,-1,-1,-0.01,-1,-1,-0.01,-1,-1,-0.01,-1,-1
99926009,2026-05-18 10:33:10+05:30,52813.35,0,0.0,0,0.0,0.0,53282.15,53308.4,52783.45,53710.35,0,0.0,0.0,0.0,0.0,-0.01,-1,-1,-0.01,-1,-1,-0.01,-1,-1,-0.01,-1,-1,-0.01,-1,-1,-0.01,-1,-1,-0.01,-1,-1,-0.01,-1,-1,-0.01,-1,-1,-0.01,-1,-1
99926009,2026-05-18 10:33:11+05:30,52815.0,0,0.0,0,0.0,0.0,53282.15,53308.4,52783.45,53710.35,0,0.0,0.0,0.0,0.0,-0.01,-1,-1,-0.01,-1,-1,-0.01,-1,-1,-0.01,-1,-1,-0.01,-1,-1,-0.01,-1,-1,-0.01,-1,-1,-0.01,-1,-1,-0.01,-1,-1,-0.01,-1,-1
99926009,2026-05-18 10:33:11+05:30,52815.5,0,0.0,0,0.0,0.0,53282.15,53308.4,52783.45,53710.35,0,0.0,0.0,0.0,0.0,-0.01,-1,-1,-0.01,-1,-1,-0.01,-1,-1,-0.01,-1,-1,-0.01,-1,-1,-0.01,-1,-1,-0.01,-1,-1,-0.01,-1,-1,-0.01,-1,-1,-0.01,-1,-1
99926009,2026-05-18 10:33:12+05:30,52812.35,0,0.0,0,0.0,0.0,53282.15,53308.4,52783.45,53710.35,0,0.0,0.0,0.0,0.0,-0.01,-1,-1,-0.01,-1,-1,-0.01,-1,-1,-0.01,-1,-1,-0.01,-1,-1,-0.01,-1,-1,-0.01,-1,-1,-0.01,-1,-1,-0.01,-1,-1,-0.01,-1,-1
99926009,2026-05-18 10:33:12+05:30,52812.35,0,0.0,0,0.0,0.0,53282.15,53308.4,52783.45,53710.35,0,0.0,0.0,0.0,0.0,-0.01,-1,-1,-0.01,-1,-1,-0.01,-1,-1,-0.01,-1,-1,-0.01,-1,-1,-0.01,-1,-1,-0.01,-1,-1,-0.01,-1,-1,-0.01,-1,-1,-0.01,-1,-1
99926009,2026-05-18 10:33:13+05:30,52814.8,0,0.0,0,0.0,0.0,53282.15,53308.4,52783.45,53710.35,0,0.0,0.0,0.0,0.0,-0.01,-1,-1,-0.01,-1,-1,-0.01,-1,-1,-0.01,-1,-1,-0.01,-1,-1,-0.01,-1,-1,-0.01,-1,-1,-0.01,-1,-1,-0.01,-1,-1,-0.01,-1,-1
99926009,2026-05-18 10:33:13+05:30,52814.05,0,0.0,0,0.0,0.0,53282.15,53308.4,52783.45,53710.35,0,0.0,0.0,0.0,0.0,-0.01,-1,-1,-0.01,-1,-1,-0.01,-1,-1,-0.01,-1,-1,-0.01,-1,-1,-0.01,-1,-1,-0.01,-1,-1,-0.01,-1,-1,-0.01,-1,-1,-0.01,-1,-1
99926009,2026-05-18 10:33:14+05:30,52812.35,0,0.0,0,0.0,0.0,53282.15,53308.4,52783.45,53710.35,0,0.0,0.0,0.0,0.0,-0.01,-1,-1,-0.01,-1,-1,-0.01,-1,-1,-0.01,-1,-1,-0.01,-1,-1,-0.01,-1,-1,-0.01,-1,-1,-0.01,-1,-1,-0.01,-1,-1,-0.01,-1,-1
99926009,2026-05-18 10:33:14+05:30,52813.7,0,0.0,0,0.0,0.0,53282.15,53308.4,52783.45,53710.35,0,0.0,0.0,0.0,0.0,-0.01,-1,-1,-0.01,-1,-1,-0.01,-1,-1,-0.01,-1,-1,-0.01,-1,-1,-0.01,-1,-1,-0.01,-1,-1,-0.01,-1,-1,-0.01,-1,-1,-0.01,-1,-1
99926009,2026-05-18 10:33:15+05:30,52816.65,0,0.0,0,0.0,0.0,53282.15,53308.4,52783.45,53710.35,0,0.0,0.0,0.0,0.0,-0.01,-1,-1,-0.01,-1,-1,-0.01,-1,-1,-0.01,-1,-1,-0.01,-1,-1,-0.01,-1,-1,-0.01,-1,-1,-0.01,-1,-1,-0.01,-1,-1,-0.01,-1,-1
99926009,2026-05-18 10:33:15+05:30,52816.95,0,0.0,0,0.0,0.0,53282.15,53308.4,52783.45,53710.35,0,0.0,0.0,0.0,0.0,-0.01,-1,-1,-0.01,-1,-1,-0.01,-1,-1,-0.01,-1,-1,-0.01,-1,-1,-0.01,-1,-1,-0.01,-1,-1,-0.01,-1,-1,-0.01,-1,-1,-0.01,-1,-1
99926009,2026-05-18 10:33:16+05:30,52817.2,0,0.0,0,0.0,0.0,53282.15,53308.4,52783.45,53710.35,0,0.0,0.0,0.0,0.0,-0.01,-1,-1,-0.01,-1,-1,-0.01,-1,-1,-0.01,-1,-1,-0.01,-1,-1,-0.01,-1,-1,-0.01,-1,-1,-0.01,-1,-1,-0.01,-1,-1,-0.01,-1,-1
99926009,2026-05-18 10:33:16+05:30,52814.25,0,0.0,0,0.0,0.0,53282.15,53308.4,52783.45,53710.35,0,0.0,0.0,0.0,0.0,-0.01,-1,-1,-0.01,-1,-1,-0.01,-1,-1,-0.01,-1,-1,-0.01,-1,-1,-0.01,-1,-1,-0.01,-1,-1,-0.01,-1,-1,-0.01,-1,-1,-0.01,-1,-1
99926009,2026-05-18 10:33:17+05:30,52812.1,0,0.0,0,0.0,0.0,53282.15,53308.4,52783.45,53710.35,0,0.0,0.0,0.0,0.0,-0.01,-1,-1,-0.01,-1,-1,-0.01,-1,-1,-0.01,-1,-1,-0.01,-1,-1,-0.01,-1,-1,-0.01,-1,-1,-0.01,-1,-1,-0.01,-1,-1,-0.01,-1,-1
99926009,2026-05-18 10:33:17+05:30,52810.5,0,0.0,0,0.0,0.0,53282.15,53308.4,52783.45,53710.35,0,0.0,0.0,0.0,0.0,-0.01,-1,-1,-0.01,-1,-1,-0.01,-1,-1,-0.01,-1,-1,-0.01,-1,-1,-0.01,-1,-1,-0.01,-1,-1,-0.01,-1,-1,-0.01,-1,-1,-0.01,-1,-1
99926009,2026-05-18 10:33:18+05:30,52809.9,0,0.0,0,0.0,0.0,53282.15,53308.4,52783.45,53710.35,0,0.0,0.0,0.0,0.0,-0.01,-1,-1,-0.01,-1,-1,-0.01,-1,-1,-0.01,-1,-1,-0.01,-1,-1,-0.01,-1,-1,-0.01,-1,-1,-0.01,-1,-1,-0.01,-1,-1,-0.01,-1,-1
99926009,2026-05-18 10:33:18+05:30,52814.8,0,0.0,0,0.0,0.0,53282.15,53308.4,52783.45,53710.35,0,0.0,0.0,0.0,0.0,-0.01,-1,-1,-0.01,-1,-1,-0.01,-1,-1,-0.01,-1,-1,-0.01,-1,-1,-0.01,-1,-1,-0.01,-1,-1,-0.01,-1,-1,-0.01,-1,-1,-0.01,-1,-1
99926009,2026-05-18 10:33:19+05:30,52812.25,0,0.0,0,0.0,0.0,53282.15,53308.4,52783.45,53710.35,0,0.0,0.0,0.0,0.0,-0.01,-1,-1,-0.01,-1,-1,-0.01,-1,-1,-0.01,-1,-1,-0.01,-1,-1,-0.01,-1,-1,-0.01,-1,-1,-0.01,-1,-1,-0.01,-1,-1,-0.01,-1,-1
99926009,2026-05-18 10:33:19+05:30,52808.8,0,0.0,0,0.0,0.0,53282.15,53308.4,52783.45,53710.35,0,0.0,0.0,0.0,0.0,-0.01,-1,-1,-0.01,-1,-1,-0.01,-1,-1,-0.01,-1,-1,-0.01,-1,-1,-0.01,-1,-1,-0.01,-1,-1,-0.01,-1,-1,-0.01,-1,-1,-0.01,-1,-1
99926009,2026-05-18 10:33:20+05:30,52813.15,0,0.0,0,0.0,0.0,53282.15,53308.4,52783.45,53710.35,0,0.0,0.0,0.0,0.0,-0.01,-1,-1,-0.01,-1,-1,-0.01,-1,-1,-0.01,-1,-1,-0.01,-1,-1,-0.01,-1,-1,-0.01,-1,-1,-0.01,-1,-1,-0.01,-1,-1,-0.01,-1,-1
99926009,2026-05-18 10:33:20+05:30,52812.05,0,0.0,0,0.0,0.0,53282.15,53308.4,52783.45,53710.35,0,0.0,0.0,0.0,0.0,-0.01,-1,-1,-0.01,-1,-1,-0.01,-1,-1,-0.01,-1,-1,-0.01,-1,-1,-0.01,-1,-1,-0.01,-1,-1,-0.01,-1,-1,-0.01,-1,-1,-0.01,-1,-1
99926009,2026-05-18 10:33:21+05:30,52814.15,0,0.0,0,0.0,0.0,53282.15,53308.4,52783.45,53710.35,0,0.0,0.0,0.0,0.0,-0.01,-1,-1,-0.01,-1,-1,-0.01,-1,-1,-0.01,-1,-1,-0.01,-1,-1,-0.01,-1,-1,-0.01,-1,-1,-0.01,-1,-1,-0.01,-1,-1,-0.01,-1,-1
99926009,2026-05-18 10:33:21+05:30,52813.5,0,0.0,0,0.0,0.0,53282.15,53308.4,52783.45,53710.35,0,0.0,0.0,0.0,0.0,-0.01,-1,-1,-0.01,-1,-1,-0.01,-1,-1,-0.01,-1,-1,-0.01,-1,-1,-0.01,-1,-1,-0.01,-1,-1,-0.01,-1,-1,-0.01,-1,-1,-0.01,-1,-1
99926009,2026-05-18 10:33:22+05:30,52812.45,0,0.0,0,0.0,0.0,53282.15,53308.4,52783.45,53710.35,0,0.0,0.0,0.0,0.0,-0.01,-1,-1,-0.01,-1,-1,-0.01,-1,-1,-0.01,-1,-1,-0.01,-1,-1,-0.01,-1,-1,-0.01,-1,-1,-0.01,-1,-1,-0.01,-1,-1,-0.01,-1,-1
99926009,2026-05-18 10:33:22+05:30,52812.45,0,0.0,0,0.0,0.0,53282.15,53308.4,52783.45,53710.35,0,0.0,0.0,0.0,0.0,-0.01,-1,-1,-0.01,-1,-1,-0.01,-1,-1,-0.01,-1,-1,-0.01,-1,-1,-0.01,-1,-1,-0.01,-1,-1,-0.01,-1,-1,-0.01,-1,-1,-0.01,-1,-1
99926009,2026-05-18 10:33:23+05:30,52808.35,0,0.0,0,0.0,0.0,53282.15,53308.4,52783.45,53710.35,0,0.0,0.0,0.0,0.0,-0.01,-1,-1,-0.01,-1,-1,-0.01,-1,-1,-0.01,-1,-1,-0.01,-1,-1,-0.01,-1,-1,-0.01,-1,-1,-0.01,-1,-1,-0.01,-1,-1,-0.01,-1,-1
99926009,2026-05-18 10:33:23+05:30,52810.6,0,0.0,0,0.0,0.0,53282.15,53308.4,52783.45,53710.35,0,0.0,0.0,0.0,0.0,-0.01,-1,-1,-0.01,-1,-1,-0.01,-1,-1,-0.01,-1,-1,-0.01,-1,-1,-0.01,-1,-1,-0.01,-1,-1,-0.01,-1,-1,-0.01,-1,-1,-0.01,-1,-1
99926009,2026-05-18 10:33:24+05:30,52810.25,0,0.0,0,0.0,0.0,53282.15,53308.4,52783.45,53710.35,0,0.0,0.0,0.0,0.0,-0.01,-1,-1,-0.01,-1,-1,-0.01,-1,-1,-0.01,-1,-1,-0.01,-1,-1,-0.01,-1,-1,-0.01,-1,-1,-0.01,-1,-1,-0.01,-1,-1,-0.01,-1,-1
99926009,2026-05-18 10:33:24+05:30,52814.15,0,0.0,0,0.0,0.0,53282.15,53308.4,52783.45,53710.35,0,0.0,0.0,0.0,0.0,-0.01,-1,-1,-0.01,-1,-1,-0.01,-1,-1,-0.01,-1,-1,-0.01,-1,-1,-0.01,-1,-1,-0.01,-1,-1,-0.01,-1,-1,-0.01,-1,-1,-0.01,-1,-1
99926009,2026-05-18 10:33:25+05:30,52813.9,0,0.0,0,0.0,0.0,53282.15,53308.4,52783.45,53710.35,0,0.0,0.0,0.0,0.0,-0.01,-1,-1,-0.01,-1,-1,-0.01,-1,-1,-0.01,-1,-1,-0.01,-1,-1,-0.01,-1,-1,-0.01,-1,-1,-0.01,-1,-1,-0.01,-1,-1,-0.01,-1,-1
99926009,2026-05-18 10:33:25+05:30,52810.45,0,0.0,0,0.0,0.0,53282.15,53308.4,52783.45,53710.35,0,0.0,0.0,0.0,0.0,-0.01,-1,-1,-0.01,-1,-1,-0.01,-1,-1,-0.01,-1,-1,-0.01,-1,-1,-0.01,-1,-1,-0.01,-1,-1,-0.01,-1,-1,-0.01,-1,-1,-0.01,-1,-1
99926009,2026-05-18 10:33:26+05:30,52812.15,0,0.0,0,0.0,0.0,53282.15,53308.4,52783.45,53710.35,0,0.0,0.0,0.0,0.0,-0.01,-1,-1,-0.01,-1,-1,-0.01,-1,-1,-0.01,-1,-1,-0.01,-1,-1,-0.01,-1,-1,-0.01,-1,-1,-0.01,-1,-1,-0.01,-1,-1,-0.01,-1,-1
99926009,2026-05-18 10:33:26+05:30,52811.65,0,0.0,0,0.0,0.0,53282.15,53308.4,52783.45,53710.35,0,0.0,0.0,0.0,0.0,-0.01,-1,-1,-0.01,-1,-1,-0.01,-1,-1,-0.01,-1,-1,-0.01,-1,-1,-0.01,-1,-1,-0.01,-1,-1,-0.01,-1,-1,-0.01,-1,-1,-0.01,-1,-1
99926009,2026-05-18 10:33:27+05:30,52809.85,0,0.0,0,0.0,0.0,53282.15,53308.4,52783.45,53710.35,0,0.0,0.0,0.0,0.0,-0.01,-1,-1,-0.01,-1,-1,-0.01,-1,-1,-0.01,-1,-1,-0.01,-1,-1,-0.01,-1,-1,-0.01,-1,-1,-0.01,-1,-1,-0.01,-1,-1,-0.01,-1,-1
99926009,2026-05-18 10:33:27+05:30,52810.8,0,0.0,0,0.0,0.0,53282.15,53308.4,52783.45,53710.35,0,0.0,0.0,0.0,0.0,-0.01,-1,-1,-0.01,-1,-1,-0.01,-1,-1,-0.01,-1,-1,-0.01,-1,-1,-0.01,-1,-1,-0.01,-1,-1,-0.01,-1,-1,-0.01,-1,-1,-0.01,-1,-1
99926009,2026-05-18 10:33:28+05:30,52811.65,0,0.0,0,0.0,0.0,53282.15,53308.4,52783.45,53710.35,0,0.0,0.0,0.0,0.0,-0.01,-1,-1,-0.01,-1,-1,-0.01,-1,-1,-0.01,-1,-1,-0.01,-1,-1,-0.01,-1,-1,-0.01,-1,-1,-0.01,-1,-1,-0.01,-1,-1,-0.01,-1,-1
99926009,2026-05-18 10:33:28+05:30,52810.25,0,0.0,0,0.0,0.0,53282.15,53308.4,52783.45,53710.35,0,0.0,0.0,0.0,0.0,-0.01,-1,-1,-0.01,-1,-1,-0.01,-1,-1,-0.01,-1,-1,-0.01,-1,-1,-0.01,-1,-1,-0.01,-1,-1,-0.01,-1,-1,-0.01,-1,-1,-0.01,-1,-1
99926009,2026-05-18 10:33:29+05:30,52810.25,0,0.0,0,0.0,0.0,53282.15,53308.4,52783.45,53710.35,0,0.0,0.0,0.0,0.0,-0.01,-1,-1,-0.01,-1,-1,-0.01,-1,-1,-0.01,-1,-1,-0.01,-1,-1,-0.01,-1,-1,-0.01,-1,-1,-0.01,-1,-1,-0.01,-1,-1,-0.01,-1,-1
99926009,2026-05-18 10:33:29+05:30,52812.45,0,0.0,0,0.0,0.0,53282.15,53308.4,52783.45,53710.35,0,0.0,0.0,0.0,0.0,-0.01,-1,-1,-0.01,-1,-1,-0.01,-1,-1,-0.01,-1,-1,-0.01,-1,-1,-0.01,-1,-1,-0.01,-1,-1,-0.01,-1,-1,-0.01,-1,-1,-0.01,-1,-1
99926009,2026-05-18 10:33:30+05:30,52811.55,0,0.0,0,0.0,0.0,53282.15,53308.4,52783.45,53710.35,0,0.0,0.0,0.0,0.0,-0.01,-1,-1,-0.01,-1,-1,-0.01,-1,-1,-0.01,-1,-1,-0.01,-1,-1,-0.01,-1,-1,-0.01,-1,-1,-0.01,-1,-1,-0.01,-1,-1,-0.01,-1,-1
99926009,2026-05-18 10:33:30+05:30,52813.15,0,0.0,0,0.0,0.0,53282.15,53308.4,52783.45,53710.35,0,0.0,0.0,0.0,0.0,-0.01,-1,-1,-0.01,-1,-1,-0.01,-1,-1,-0.01,-1,-1,-0.01,-1,-1,-0.01,-1,-1,-0.01,-1,-1,-0.01,-1,-1,-0.01,-1,-1,-0.01,-1,-1
99926009,2026-05-18 10:33:31+05:30,52814.95,0,0.0,0,0.0,0.0,53282.15,53308.4,52783.45,53710.35,0,0.0,0.0,0.0,0.0,-0.01,-1,-1,-0.01,-1,-1,-0.01,-1,-1,-0.01,-1,-1,-0.01,-1,-1,-0.01,-1,-1,-0.01,-1,-1,-0.01,-1,-1,-0.01,-1,-1,-0.01,-1,-1
99926009,2026-05-18 10:33:31+05:30,52813.1,0,0.0,0,0.0,0.0,53282.15,53308.4,52783.45,53710.35,0,0.0,0.0,0.0,0.0,-0.01,-1,-1,-0.01,-1,-1,-0.01,-1,-1,-0.01,-1,-1,-0.01,-1,-1,-0.01,-1,-1,-0.01,-1,-1,-0.01,-1,-1,-0.01,-1,-1,-0.01,-1,-1
99926009,2026-05-18 10:33:32+05:30,52811.85,0,0.0,0,0.0,0.0,53282.15,53308.4,52783.45,53710.35,0,0.0,0.0,0.0,0.0,-0.01,-1,-1,-0.01,-1,-1,-0.01,-1,-1,-0.01,-1,-1,-0.01,-1,-1,-0.01,-1,-1,-0.01,-1,-1,-0.01,-1,-1,-0.01,-1,-1,-0.01,-1,-1
99926009,2026-05-18 10:33:32+05:30,52812.3,0,0.0,0,0.0,0.0,53282.15,53308.4,52783.45,53710.35,0,0.0,0.0,0.0,0.0,-0.01,-1,-1,-0.01,-1,-1,-0.01,-1,-1,-0.01,-1,-1,-0.01,-1,-1,-0.01,-1,-1,-0.01,-1,-1,-0.01,-1,-1,-0.01,-1,-1,-0.01,-1,-1
99926009,2026-05-18 10:33:33+05:30,52812.5,0,0.0,0,0.0,0.0,53282.15,53308.4,52783.45,53710.35,0,0.0,0.0,0.0,0.0,-0.01,-1,-1,-0.01,-1,-1,-0.01,-1,-1,-0.01,-1,-1,-0.01,-1,-1,-0.01,-1,-1,-0.01,-1,-1,-0.01,-1,-1,-0.01,-1,-1,-0.01,-1,-1
99926009,2026-05-18 10:33:33+05:30,52812.45,0,0.0,0,0.0,0.0,53282.15,53308.4,52783.45,53710.35,0,0.0,0.0,0.0,0.0,-0.01,-1,-1,-0.01,-1,-1,-0.01,-1,-1,-0.01,-1,-1,-0.01,-1,-1,-0.01,-1,-1,-0.01,-1,-1,-0.01,-1,-1,-0.01,-1,-1,-0.01,-1,-1
99926009,2026-05-18 10:33:34+05:30,52812.15,0,0.0,0,0.0,0.0,53282.15,53308.4,52783.45,53710.35,0,0.0,0.0,0.0,0.0,-0.01,-1,-1,-0.01,-1,-1,-0.01,-1,-1,-0.01,-1,-1,-0.01,-1,-1,-0.01,-1,-1,-0.01,-1,-1,-0.01,-1,-1,-0.01,-1,-1,-0.01,-1,-1
99926009,2026-05-18 10:33:34+05:30,52814.6,0,0.0,0,0.0,0.0,53282.15,53308.4,52783.45,53710.35,0,0.0,0.0,0.0,0.0,-0.01,-1,-1,-0.01,-1,-1,-0.01,-1,-1,-0.01,-1,-1,-0.01,-1,-1,-0.01,-1,-1,-0.01,-1,-1,-0.01,-1,-1,-0.01,-1,-1,-0.01,-1,-1
99926009,2026-05-18 10:33:35+05:30,52816.25,0,0.0,0,0.0,0.0,53282.15,53308.4,52783.45,53710.35,0,0.0,0.0,0.0,0.0,-0.01,-1,-1,-0.01,-1,-1,-0.01,-1,-1,-0.01,-1,-1,-0.01,-1,-1,-0.01,-1,-1,-0.01,-1,-1,-0.01,-1,-1,-0.01,-1,-1,-0.01,-1,-1
99926009,2026-05-18 10:33:35+05:30,52814.95,0,0.0,0,0.0,0.0,53282.15,53308.4,52783.45,53710.35,0,0.0,0.0,0.0,0.0,-0.01,-1,-1,-0.01,-1,-1,-0.01,-1,-1,-0.01,-1,-1,-0.01,-1,-1,-0.01,-1,-1,-0.01,-1,-1,-0.01,-1,-1,-0.01,-1,-1,-0.01,-1,-1
99926009,2026-05-18 10:33:36+05:30,52815.7,0,0.0,0,0.0,0.0,53282.15,53308.4,52783.45,53710.35,0,0.0,0.0,0.0,0.0,-0.01,-1,-1,-0.01,-1,-1,-0.01,-1,-1,-0.01,-1,-1,-0.01,-1,-1,-0.01,-1,-1,-0.01,-1,-1,-0.01,-1,-1,-0.01,-1,-1,-0.01,-1,-1
99926009,2026-05-18 10:33:36+05:30,52814.95,0,0.0,0,0.0,0.0,53282.15,53308.4,52783.45,53710.35,0,0.0,0.0,0.0,0.0,-0.01,-1,-1,-0.01,-1,-1,-0.01,-1,-1,-0.01,-1,-1,-0.01,-1,-1,-0.01,-1,-1,-0.01,-1,-1,-0.01,-1,-1,-0.01,-1,-1,-0.01,-1,-1
99926009,2026-05-18 10:33:37+05:30,52816.4,0,0.0,0,0.0,0.0,53282.15,53308.4,52783.45,53710.35,0,0.0,0.0,0.0,0.0,-0.01,-1,-1,-0.01,-1,-1,-0.01,-1,-1,-0.01,-1,-1,-0.01,-1,-1,-0.01,-1,-1,-0.01,-1,-1,-0.01,-1,-1,-0.01,-1,-1,-0.01,-1,-1
99926009,2026-05-18 10:33:37+05:30,52813.4,0,0.0,0,0.0,0.0,53282.15,53308.4,52783.45,53710.35,0,0.0,0.0,0.0,0.0,-0.01,-1,-1,-0.01,-1,-1,-0.01,-1,-1,-0.01,-1,-1,-0.01,-1,-1,-0.01,-1,-1,-0.01,-1,-1,-0.01,-1,-1,-0.01,-1,-1,-0.01,-1,-1
99926009,2026-05-18 10:33:38+05:30,52815.25,0,0.0,0,0.0,0.0,53282.15,53308.4,52783.45,53710.35,0,0.0,0.0,0.0,0.0,-0.01,-1,-1,-0.01,-1,-1,-0.01,-1,-1,-0.01,-1,-1,-0.01,-1,-1,-0.01,-1,-1,-0.01,-1,-1,-0.01,-1,-1,-0.01,-1,-1,-0.01,-1,-1
99926009,2026-05-18 10:33:38+05:30,52815.95,0,0.0,0,0.0,0.0,53282.15,53308.4,52783.45,53710.35,0,0.0,0.0,0.0,0.0,-0.01,-1,-1,-0.01,-1,-1,-0.01,-1,-1,-0.01,-1,-1,-0.01,-1,-1,-0.01,-1,-1,-0.01,-1,-1,-0.01,-1,-1,-0.01,-1,-1,-0.01,-1,-1
99926009,2026-05-18 10:33:39+05:30,52817.2,0,0.0,0,0.0,0.0,53282.15,53308.4,52783.45,53710.35,0,0.0,0.0,0.0,0.0,-0.01,-1,-1,-0.01,-1,-1,-0.01,-1,-1,-0.01,-1,-1,-0.01,-1,-1,-0.01,-1,-1,-0.01,-1,-1,-0.01,-1,-1,-0.01,-1,-1,-0.01,-1,-1
99926009,2026-05-18 10:33:39+05:30,52821.8,0,0.0,0,0.0,0.0,53282.15,53308.4,52783.45,53710.35,0,0.0,0.0,0.0,0.0,-0.01,-1,-1,-0.01,-1,-1,-0.01,-1,-1,-0.01,-1,-1,-0.01,-1,-1,-0.01,-1,-1,-0.01,-1,-1,-0.01,-1,-1,-0.01,-1,-1,-0.01,-1,-1
99926009,2026-05-18 10:33:40+05:30,52822.8,0,0.0,0,0.0,0.0,53282.15,53308.4,52783.45,53710.35,0,0.0,0.0,0.0,0.0,-0.01,-1,-1,-0.01,-1,-1,-0.01,-1,-1,-0.01,-1,-1,-0.01,-1,-1,-0.01,-1,-1,-0.01,-1,-1,-0.01,-1,-1,-0.01,-1,-1,-0.01,-1,-1
99926009,2026-05-18 10:33:40+05:30,52827.05,0,0.0,0,0.0,0.0,53282.15,53308.4,52783.45,53710.35,0,0.0,0.0,0.0,0.0,-0.01,-1,-1,-0.01,-1,-1,-0.01,-1,-1,-0.01,-1,-1,-0.01,-1,-1,-0.01,-1,-1,-0.01,-1,-1,-0.01,-1,-1,-0.01,-1,-1,-0.01,-1,-1
99926009,2026-05-18 10:33:41+05:30,52826.35,0,0.0,0,0.0,0.0,53282.15,53308.4,52783.45,53710.35,0,0.0,0.0,0.0,0.0,-0.01,-1,-1,-0.01,-1,-1,-0.01,-1,-1,-0.01,-1,-1,-0.01,-1,-1,-0.01,-1,-1,-0.01,-1,-1,-0.01,-1,-1,-0.01,-1,-1,-0.01,-1,-1
99926009,2026-05-18 10:33:41+05:30,52825.0,0,0.0,0,0.0,0.0,53282.15,53308.4,52783.45,53710.35,0,0.0,0.0,0.0,0.0,-0.01,-1,-1,-0.01,-1,-1,-0.01,-1,-1,-0.01,-1,-1,-0.01,-1,-1,-0.01,-1,-1,-0.01,-1,-1,-0.01,-1,-1,-0.01,-1,-1,-0.01,-1,-1
99926009,2026-05-18 10:33:42+05:30,52825.75,0,0.0,0,0.0,0.0,53282.15,53308.4,52783.45,53710.35,0,0.0,0.0,0.0,0.0,-0.01,-1,-1,-0.01,-1,-1,-0.01,-1,-1,-0.01,-1,-1,-0.01,-1,-1,-0.01,-1,-1,-0.01,-1,-1,-0.01,-1,-1,-0.01,-1,-1,-0.01,-1,-1
99926009,2026-05-18 10:33:42+05:30,52829.35,0,0.0,0,0.0,0.0,53282.15,53308.4,52783.45,53710.35,0,0.0,0.0,0.0,0.0,-0.01,-1,-1,-0.01,-1,-1,-0.01,-1,-1,-0.01,-1,-1,-0.01,-1,-1,-0.01,-1,-1,-0.01,-1,-1,-0.01,-1,-1,-0.01,-1,-1,-0.01,-1,-1
99926009,2026-05-18 10:33:43+05:30,52827.15,0,0.0,0,0.0,0.0,53282.15,53308.4,52783.45,53710.35,0,0.0,0.0,0.0,0.0,-0.01,-1,-1,-0.01,-1,-1,-0.01,-1,-1,-0.01,-1,-1,-0.01,-1,-1,-0.01,-1,-1,-0.01,-1,-1,-0.01,-1,-1,-0.01,-1,-1,-0.01,-1,-1
99926009,2026-05-18 10:33:43+05:30,52828.5,0,0.0,0,0.0,0.0,53282.15,53308.4,52783.45,53710.35,0,0.0,0.0,0.0,0.0,-0.01,-1,-1,-0.01,-1,-1,-0.01,-1,-1,-0.01,-1,-1,-0.01,-1,-1,-0.01,-1,-1,-0.01,-1,-1,-0.01,-1,-1,-0.01,-1,-1,-0.01,-1,-1
99926009,2026-05-18 10:33:44+05:30,52823.1,0,0.0,0,0.0,0.0,53282.15,53308.4,52783.45,53710.35,0,0.0,0.0,0.0,0.0,-0.01,-1,-1,-0.01,-1,-1,-0.01,-1,-1,-0.01,-1,-1,-0.01,-1,-1,-0.01,-1,-1,-0.01,-1,-1,-0.01,-1,-1,-0.01,-1,-1,-0.01,-1,-1
99926009,2026-05-18 10:33:44+05:30,52828.1,0,0.0,0,0.0,0.0,53282.15,53308.4,52783.45,53710.35,0,0.0,0.0,0.0,0.0,-0.01,-1,-1,-0.01,-1,-1,-0.01,-1,-1,-0.01,-1,-1,-0.01,-1,-1,-0.01,-1,-1,-0.01,-1,-1,-0.01,-1,-1,-0.01,-1,-1,-0.01,-1,-1
99926009,2026-05-18 10:33:45+05:30,52828.9,0,0.0,0,0.0,0.0,53282.15,53308.4,52783.45,53710.35,0,0.0,0.0,0.0,0.0,-0.01,-1,-1,-0.01,-1,-1,-0.01,-1,-1,-0.01,-1,-1,-0.01,-1,-1,-0.01,-1,-1,-0.01,-1,-1,-0.01,-1,-1,-0.01,-1,-1,-0.01,-1,-1
99926009,2026-05-18 10:33:45+05:30,52828.7,0,0.0,0,0.0,0.0,53282.15,53308.4,52783.45,53710.35,0,0.0,0.0,0.0,0.0,-0.01,-1,-1,-0.01,-1,-1,-0.01,-1,-1,-0.01,-1,-1,-0.01,-1,-1,-0.01,-1,-1,-0.01,-1,-1,-0.01,-1,-1,-0.01,-1,-1,-0.01,-1,-1
99926009,2026-05-18 10:33:46+05:30,52826.75,0,0.0,0,0.0,0.0,53282.15,53308.4,52783.45,53710.35,0,0.0,0.0,0.0,0.0,-0.01,-1,-1,-0.01,-1,-1,-0.01,-1,-1,-0.01,-1,-1,-0.01,-1,-1,-0.01,-1,-1,-0.01,-1,-1,-0.01,-1,-1,-0.01,-1,-1,-0.01,-1,-1
99926009,2026-05-18 10:33:46+05:30,52826.45,0,0.0,0,0.0,0.0,53282.15,53308.4,52783.45,53710.35,0,0.0,0.0,0.0,0.0,-0.01,-1,-1,-0.01,-1,-1,-0.01,-1,-1,-0.01,-1,-1,-0.01,-1,-1,-0.01,-1,-1,-0.01,-1,-1,-0.01,-1,-1,-0.01,-1,-1,-0.01,-1,-1
99926009,2026-05-18 10:33:47+05:30,52826.45,0,0.0,0,0.0,0.0,53282.15,53308.4,52783.45,53710.35,0,0.0,0.0,0.0,0.0,-0.01,-1,-1,-0.01,-1,-1,-0.01,-1,-1,-0.01,-1,-1,-0.01,-1,-1,-0.01,-1,-1,-0.01,-1,-1,-0.01,-1,-1,-0.01,-1,-1,-0.01,-1,-1
99926009,2026-05-18 10:33:47+05:30,52826.95,0,0.0,0,0.0,0.0,53282.15,53308.4,52783.45,53710.35,0,0.0,0.0,0.0,0.0,-0.01,-1,-1,-0.01,-1,-1,-0.01,-1,-1,-0.01,-1,-1,-0.01,-1,-1,-0.01,-1,-1,-0.01,-1,-1,-0.01,-1,-1,-0.01,-1,-1,-0.01,-1,-1
99926009,2026-05-18 10:33:48+05:30,52830.4,0,0.0,0,0.0,0.0,53282.15,53308.4,52783.45,53710.35,0,0.0,0.0,0.0,0.0,-0.01,-1,-1,-0.01,-1,-1,-0.01,-1,-1,-0.01,-1,-1,-0.01,-1,-1,-0.01,-1,-1,-0.01,-1,-1,-0.01,-1,-1,-0.01,-1,-1,-0.01,-1,-1
99926009,2026-05-18 10:33:48+05:30,52827.0,0,0.0,0,0.0,0.0,53282.15,53308.4,52783.45,53710.35,0,0.0,0.0,0.0,0.0,-0.01,-1,-1,-0.01,-1,-1,-0.01,-1,-1,-0.01,-1,-1,-0.01,-1,-1,-0.01,-1,-1,-0.01,-1,-1,-0.01,-1,-1,-0.01,-1,-1,-0.01,-1,-1
99926009,2026-05-18 10:33:49+05:30,52832.9,0,0.0,0,0.0,0.0,53282.15,53308.4,52783.45,53710.35,0,0.0,0.0,0.0,0.0,-0.01,-1,-1,-0.01,-1,-1,-0.01,-1,-1,-0.01,-1,-1,-0.01,-1,-1,-0.01,-1,-1,-0.01,-1,-1,-0.01,-1,-1,-0.01,-1,-1,-0.01,-1,-1
99926009,2026-05-18 10:33:49+05:30,52828.95,0,0.0,0,0.0,0.0,53282.15,53308.4,52783.45,53710.35,0,0.0,0.0,0.0,0.0,-0.01,-1,-1,-0.01,-1,-1,-0.01,-1,-1,-0.01,-1,-1,-0.01,-1,-1,-0.01,-1,-1,-0.01,-1,-1,-0.01,-1,-1,-0.01,-1,-1,-0.01,-1,-1
99926009,2026-05-18 10:33:50+05:30,52833.55,0,0.0,0,0.0,0.0,53282.15,53308.4,52783.45,53710.35,0,0.0,0.0,0.0,0.0,-0.01,-1,-1,-0.01,-1,-1,-0.01,-1,-1,-0.01,-1,-1,-0.01,-1,-1,-0.01,-1,-1,-0.01,-1,-1,-0.01,-1,-1,-0.01,-1,-1,-0.01,-1,-1
99926009,2026-05-18 10:33:50+05:30,52833.5,0,0.0,0,0.0,0.0,53282.15,53308.4,52783.45,53710.35,0,0.0,0.0,0.0,0.0,-0.01,-1,-1,-0.01,-1,-1,-0.01,-1,-1,-0.01,-1,-1,-0.01,-1,-1,-0.01,-1,-1,-0.01,-1,-1,-0.01,-1,-1,-0.01,-1,-1,-0.01,-1,-1
99926009,2026-05-18 10:33:51+05:30,52834.45,0,0.0,0,0.0,0.0,53282.15,53308.4,52783.45,53710.35,0,0.0,0.0,0.0,0.0,-0.01,-1,-1,-0.01,-1,-1,-0.01,-1,-1,-0.01,-1,-1,-0.01,-1,-1,-0.01,-1,-1,-0.01,-1,-1,-0.01,-1,-1,-0.01,-1,-1,-0.01,-1,-1
99926009,2026-05-18 10:33:51+05:30,52833.9,0,0.0,0,0.0,0.0,53282.15,53308.4,52783.45,53710.35,0,0.0,0.0,0.0,0.0,-0.01,-1,-1,-0.01,-1,-1,-0.01,-1,-1,-0.01,-1,-1,-0.01,-1,-1,-0.01,-1,-1,-0.01,-1,-1,-0.01,-1,-1,-0.01,-1,-1,-0.01,-1,-1
99926009,2026-05-18 10:33:52+05:30,52833.6,0,0.0,0,0.0,0.0,53282.15,53308.4,52783.45,53710.35,0,0.0,0.0,0.0,0.0,-0.01,-1,-1,-0.01,-1,-1,-0.01,-1,-1,-0.01,-1,-1,-0.01,-1,-1,-0.01,-1,-1,-0.01,-1,-1,-0.01,-1,-1,-0.01,-1,-1,-0.01,-1,-1
99926009,2026-05-18 10:33:52+05:30,52833.85,0,0.0,0,0.0,0.0,53282.15,53308.4,52783.45,53710.35,0,0.0,0.0,0.0,0.0,-0.01,-1,-1,-0.01,-1,-1,-0.01,-1,-1,-0.01,-1,-1,-0.01,-1,-1,-0.01,-1,-1,-0.01,-1,-1,-0.01,-1,-1,-0.01,-1,-1,-0.01,-1,-1
99926009,2026-05-18 10:33:53+05:30,52834.35,0,0.0,0,0.0,0.0,53282.15,53308.4,52783.45,53710.35,0,0.0,0.0,0.0,0.0,-0.01,-1,-1,-0.01,-1,-1,-0.01,-1,-1,-0.01,-1,-1,-0.01,-1,-1,-0.01,-1,-1,-0.01,-1,-1,-0.01,-1,-1,-0.01,-1,-1,-0.01,-1,-1
99926009,2026-05-18 10:33:53+05:30,52836.45,0,0.0,0,0.0,0.0,53282.15,53308.4,52783.45,53710.35,0,0.0,0.0,0.0,0.0,-0.01,-1,-1,-0.01,-1,-1,-0.01,-1,-1,-0.01,-1,-1,-0.01,-1,-1,-0.01,-1,-1,-0.01,-1,-1,-0.01,-1,-1,-0.01,-1,-1,-0.01,-1,-1
99926009,2026-05-18 10:33:54+05:30,52836.7,0,0.0,0,0.0,0.0,53282.15,53308.4,52783.45,53710.35,0,0.0,0.0,0.0,0.0,-0.01,-1,-1,-0.01,-1,-1,-0.01,-1,-1,-0.01,-1,-1,-0.01,-1,-1,-0.01,-1,-1,-0.01,-1,-1,-0.01,-1,-1,-0.01,-1,-1,-0.01,-1,-1
99926009,2026-05-18 10:33:54+05:30,52836.15,0,0.0,0,0.0,0.0,53282.15,53308.4,52783.45,53710.35,0,0.0,0.0,0.0,0.0,-0.01,-1,-1,-0.01,-1,-1,-0.01,-1,-1,-0.01,-1,-1,-0.01,-1,-1,-0.01,-1,-1,-0.01,-1,-1,-0.01,-1,-1,-0.01,-1,-1,-0.01,-1,-1
99926009,2026-05-18 10:33:55+05:30,52840.45,0,0.0,0,0.0,0.0,53282.15,53308.4,52783.45,53710.35,0,0.0,0.0,0.0,0.0,-0.01,-1,-1,-0.01,-1,-1,-0.01,-1,-1,-0.01,-1,-1,-0.01,-1,-1,-0.01,-1,-1,-0.01,-1,-1,-0.01,-1,-1,-0.01,-1,-1,-0.01,-1,-1
99926009,2026-05-18 10:33:55+05:30,52839.2,0,0.0,0,0.0,0.0,53282.15,53308.4,52783.45,53710.35,0,0.0,0.0,0.0,0.0,-0.01,-1,-1,-0.01,-1,-1,-0.01,-1,-1,-0.01,-1,-1,-0.01,-1,-1,-0.01,-1,-1,-0.01,-1,-1,-0.01,-1,-1,-0.01,-1,-1,-0.01,-1,-1
99926009,2026-05-18 10:33:56+05:30,52839.95,0,0.0,0,0.0,0.0,53282.15,53308.4,52783.45,53710.35,0,0.0,0.0,0.0,0.0,-0.01,-1,-1,-0.01,-1,-1,-0.01,-1,-1,-0.01,-1,-1,-0.01,-1,-1,-0.01,-1,-1,-0.01,-1,-1,-0.01,-1,-1,-0.01,-1,-1,-0.01,-1,-1
99926009,2026-05-18 10:33:56+05:30,52839.8,0,0.0,0,0.0,0.0,53282.15,53308.4,52783.45,53710.35,0,0.0,0.0,0.0,0.0,-0.01,-1,-1,-0.01,-1,-1,-0.01,-1,-1,-0.01,-1,-1,-0.01,-1,-1,-0.01,-1,-1,-0.01,-1,-1,-0.01,-1,-1,-0.01,-1,-1,-0.01,-1,-1
99926009,2026-05-18 10:33:57+05:30,52838.3,0,0.0,0,0.0,0.0,53282.15,53308.4,52783.45,53710.35,0,0.0,0.0,0.0,0.0,-0.01,-1,-1,-0.01,-1,-1,-0.01,-1,-1,-0.01,-1,-1,-0.01,-1,-1,-0.01,-1,-1,-0.01,-1,-1,-0.01,-1,-1,-0.01,-1,-1,-0.01,-1,-1
99926009,2026-05-18 10:33:57+05:30,52837.45,0,0.0,0,0.0,0.0,53282.15,53308.4,52783.45,53710.35,0,0.0,0.0,0.0,0.0,-0.01,-1,-1,-0.01,-1,-1,-0.01,-1,-1,-0.01,-1,-1,-0.01,-1,-1,-0.01,-1,-1,-0.01,-1,-1,-0.01,-1,-1,-0.01,-1,-1,-0.01,-1,-1
99926009,2026-05-18 10:33:58+05:30,52836.95,0,0.0,0,0.0,0.0,53282.15,53308.4,52783.45,53710.35,0,0.0,0.0,0.0,0.0,-0.01,-1,-1,-0.01,-1,-1,-0.01,-1,-1,-0.01,-1,-1,-0.01,-1,-1,-0.01,-1,-1,-0.01,-1,-1,-0.01,-1,-1,-0.01,-1,-1,-0.01,-1,-1
99926009,2026-05-18 10:33:58+05:30,52837.05,0,0.0,0,0.0,0.0,53282.15,53308.4,52783.45,53710.35,0,0.0,0.0,0.0,0.0,-0.01,-1,-1,-0.01,-1,-1,-0.01,-1,-1,-0.01,-1,-1,-0.01,-1,-1,-0.01,-1,-1,-0.01,-1,-1,-0.01,-1,-1,-0.01,-1,-1,-0.01,-1,-1
99926009,2026-05-18 10:33:59+05:30,52839.05,0,0.0,0,0.0,0.0,53282.15,53308.4,52783.45,53710.35,0,0.0,0.0,0.0,0.0,-0.01,-1,-1,-0.01,-1,-1,-0.01,-1,-1,-0.01,-1,-1,-0.01,-1,-1,-0.01,-1,-1,-0.01,-1,-1,-0.01,-1,-1,-0.01,-1,-1,-0.01,-1,-1
99926009,2026-05-18 10:33:59+05:30,52840.1,0,0.0,0,0.0,0.0,53282.15,53308.4,52783.45,53710.35,0,0.0,0.0,0.0,0.0,-0.01,-1,-1,-0.01,-1,-1,-0.01,-1,-1,-0.01,-1,-1,-0.01,-1,-1,-0.01,-1,-1,-0.01,-1,-1,-0.01,-1,-1,-0.01,-1,-1,-0.01,-1,-1
99926009,2026-05-18 10:34:00+05:30,52841.0,0,0.0,0,0.0,0.0,53282.15,53308.4,52783.45,53710.35,0,0.0,0.0,0.0,0.0,-0.01,-1,-1,-0.01,-1,-1,-0.01,-1,-1,-0.01,-1,-1,-0.01,-1,-1,-0.01,-1,-1,-0.01,-1,-1,-0.01,-1,-1,-0.01,-1,-1,-0.01,-1,-1
99926009,2026-05-18 10:34:00+05:30,52843.65,0,0.0,0,0.0,0.0,53282.15,53308.4,52783.45,53710.35,0,0.0,0.0,0.0,0.0,-0.01,-1,-1,-0.01,-1,-1,-0.01,-1,-1,-0.01,-1,-1,-0.01,-1,-1,-0.01,-1,-1,-0.01,-1,-1,-0.01,-1,-1,-0.01,-1,-1,-0.01,-1,-1
99926009,2026-05-18 10:34:01+05:30,52849.7,0,0.0,0,0.0,0.0,53282.15,53308.4,52783.45,53710.35,0,0.0,0.0,0.0,0.0,-0.01,-1,-1,-0.01,-1,-1,-0.01,-1,-1,-0.01,-1,-1,-0.01,-1,-1,-0.01,-1,-1,-0.01,-1,-1,-0.01,-1,-1,-0.01,-1,-1,-0.01,-1,-1
99926009,2026-05-18 10:34:01+05:30,52849.55,0,0.0,0,0.0,0.0,53282.15,53308.4,52783.45,53710.35,0,0.0,0.0,0.0,0.0,-0.01,-1,-1,-0.01,-1,-1,-0.01,-1,-1,-0.01,-1,-1,-0.01,-1,-1,-0.01,-1,-1,-0.01,-1,-1,-0.01,-1,-1,-0.01,-1,-1,-0.01,-1,-1
99926009,2026-05-18 10:34:02+05:30,52850.25,0,0.0,0,0.0,0.0,53282.15,53308.4,52783.45,53710.35,0,0.0,0.0,0.0,0.0,-0.01,-1,-1,-0.01,-1,-1,-0.01,-1,-1,-0.01,-1,-1,-0.01,-1,-1,-0.01,-1,-1,-0.01,-1,-1,-0.01,-1,-1,-0.01,-1,-1,-0.01,-1,-1
99926009,2026-05-18 10:34:02+05:30,52852.5,0,0.0,0,0.0,0.0,53282.15,53308.4,52783.45,53710.35,0,0.0,0.0,0.0,0.0,-0.01,-1,-1,-0.01,-1,-1,-0.01,-1,-1,-0.01,-1,-1,-0.01,-1,-1,-0.01,-1,-1,-0.01,-1,-1,-0.01,-1,-1,-0.01,-1,-1,-0.01,-1,-1
99926009,2026-05-18 10:34:03+05:30,52849.9,0,0.0,0,0.0,0.0,53282.15,53308.4,52783.45,53710.35,0,0.0,0.0,0.0,0.0,-0.01,-1,-1,-0.01,-1,-1,-0.01,-1,-1,-0.01,-1,-1,-0.01,-1,-1,-0.01,-1,-1,-0.01,-1,-1,-0.01,-1,-1,-0.01,-1,-1,-0.01,-1,-1
99926009,2026-05-18 10:34:03+05:30,52848.9,0,0.0,0,0.0,0.0,53282.15,53308.4,52783.45,53710.35,0,0.0,0.0,0.0,0.0,-0.01,-1,-1,-0.01,-1,-1,-0.01,-1,-1,-0.01,-1,-1,-0.01,-1,-1,-0.01,-1,-1,-0.01,-1,-1,-0.01,-1,-1,-0.01,-1,-1,-0.01,-1,-1
99926009,2026-05-18 10:34:04+05:30,52847.25,0,0.0,0,0.0,0.0,53282.15,53308.4,52783.45,53710.35,0,0.0,0.0,0.0,0.0,-0.01,-1,-1,-0.01,-1,-1,-0.01,-1,-1,-0.01,-1,-1,-0.01,-1,-1,-0.01,-1,-1,-0.01,-1,-1,-0.01,-1,-1,-0.01,-1,-1,-0.01,-1,-1
99926009,2026-05-18 10:34:04+05:30,52852.35,0,0.0,0,0.0,0.0,53282.15,53308.4,52783.45,53710.35,0,0.0,0.0,0.0,0.0,-0.01,-1,-1,-0.01,-1,-1,-0.01,-1,-1,-0.01,-1,-1,-0.01,-1,-1,-0.01,-1,-1,-0.01,-1,-1,-0.01,-1,-1,-0.01,-1,-1,-0.01,-1,-1
99926009,2026-05-18 10:34:05+05:30,52851.85,0,0.0,0,0.0,0.0,53282.15,53308.4,52783.45,53710.35,0,0.0,0.0,0.0,0.0,-0.01,-1,-1,-0.01,-1,-1,-0.01,-1,-1,-0.01,-1,-1,-0.01,-1,-1,-0.01,-1,-1,-0.01,-1,-1,-0.01,-1,-1,-0.01,-1,-1,-0.01,-1,-1
99926009,2026-05-18 10:34:05+05:30,52851.2,0,0.0,0,0.0,0.0,53282.15,53308.4,52783.45,53710.35,0,0.0,0.0,0.0,0.0,-0.01,-1,-1,-0.01,-1,-1,-0.01,-1,-1,-0.01,-1,-1,-0.01,-1,-1,-0.01,-1,-1,-0.01,-1,-1,-0.01,-1,-1,-0.01,-1,-1,-0.01,-1,-1
99926009,2026-05-18 10:34:06+05:30,52854.75,0,0.0,0,0.0,0.0,53282.15,53308.4,52783.45,53710.35,0,0.0,0.0,0.0,0.0,-0.01,-1,-1,-0.01,-1,-1,-0.01,-1,-1,-0.01,-1,-1,-0.01,-1,-1,-0.01,-1,-1,-0.01,-1,-1,-0.01,-1,-1,-0.01,-1,-1,-0.01,-1,-1
99926009,2026-05-18 10:34:06+05:30,52854.4,0,0.0,0,0.0,0.0,53282.15,53308.4,52783.45,53710.35,0,0.0,0.0,0.0,0.0,-0.01,-1,-1,-0.01,-1,-1,-0.01,-1,-1,-0.01,-1,-1,-0.01,-1,-1,-0.01,-1,-1,-0.01,-1,-1,-0.01,-1,-1,-0.01,-1,-1,-0.01,-1,-1
99926009,2026-05-18 10:34:07+05:30,52856.55,0,0.0,0,0.0,0.0,53282.15,53308.4,52783.45,53710.35,0,0.0,0.0,0.0,0.0,-0.01,-1,-1,-0.01,-1,-1,-0.01,-1,-1,-0.01,-1,-1,-0.01,-1,-1,-0.01,-1,-1,-0.01,-1,-1,-0.01,-1,-1,-0.01,-1,-1,-0.01,-1,-1
99926009,2026-05-18 10:34:07+05:30,52855.25,0,0.0,0,0.0,0.0,53282.15,53308.4,52783.45,53710.35,0,0.0,0.0,0.0,0.0,-0.01,-1,-1,-0.01,-1,-1,-0.01,-1,-1,-0.01,-1,-1,-0.01,-1,-1,-0.01,-1,-1,-0.01,-1,-1,-0.01,-1,-1,-0.01,-1,-1,-0.01,-1,-1
99926009,2026-05-18 10:34:08+05:30,52855.95,0,0.0,0,0.0,0.0,53282.15,53308.4,52783.45,53710.35,0,0.0,0.0,0.0,0.0,-0.01,-1,-1,-0.01,-1,-1,-0.01,-1,-1,-0.01,-1,-1,-0.01,-1,-1,-0.01,-1,-1,-0.01,-1,-1,-0.01,-1,-1,-0.01,-1,-1,-0.01,-1,-1
99926009,2026-05-18 10:34:08+05:30,52866.6,0,0.0,0,0.0,0.0,53282.15,53308.4,52783.45,53710.35,0,0.0,0.0,0.0,0.0,-0.01,-1,-1,-0.01,-1,-1,-0.01,-1,-1,-0.01,-1,-1,-0.01,-1,-1,-0.01,-1,-1,-0.01,-1,-1,-0.01,-1,-1,-0.01,-1,-1,-0.01,-1,-1
99926009,2026-05-18 10:34:09+05:30,52869.05,0,0.0,0,0.0,0.0,53282.15,53308.4,52783.45,53710.35,0,0.0,0.0,0.0,0.0,-0.01,-1,-1,-0.01,-1,-1,-0.01,-1,-1,-0.01,-1,-1,-0.01,-1,-1,-0.01,-1,-1,-0.01,-1,-1,-0.01,-1,-1,-0.01,-1,-1,-0.01,-1,-1
99926009,2026-05-18 10:34:09+05:30,52870.15,0,0.0,0,0.0,0.0,53282.15,53308.4,52783.45,53710.35,0,0.0,0.0,0.0,0.0,-0.01,-1,-1,-0.01,-1,-1,-0.01,-1,-1,-0.01,-1,-1,-0.01,-1,-1,-0.01,-1,-1,-0.01,-1,-1,-0.01,-1,-1,-0.01,-1,-1,-0.01,-1,-1
99926009,2026-05-18 10:34:10+05:30,52867.55,0,0.0,0,0.0,0.0,53282.15,53308.4,52783.45,53710.35,0,0.0,0.0,0.0,0.0,-0.01,-1,-1,-0.01,-1,-1,-0.01,-1,-1,-0.01,-1,-1,-0.01,-1,-1,-0.01,-1,-1,-0.01,-1,-1,-0.01,-1,-1,-0.01,-1,-1,-0.01,-1,-1
99926009,2026-05-18 10:34:10+05:30,52868.45,0,0.0,0,0.0,0.0,53282.15,53308.4,52783.45,53710.35,0,0.0,0.0,0.0,0.0,-0.01,-1,-1,-0.01,-1,-1,-0.01,-1,-1,-0.01,-1,-1,-0.01,-1,-1,-0.01,-1,-1,-0.01,-1,-1,-0.01,-1,-1,-0.01,-1,-1,-0.01,-1,-1
99926009,2026-05-18 10:34:11+05:30,52872.1,0,0.0,0,0.0,0.0,53282.15,53308.4,52783.45,53710.35,0,0.0,0.0,0.0,0.0,-0.01,-1,-1,-0.01,-1,-1,-0.01,-1,-1,-0.01,-1,-1,-0.01,-1,-1,-0.01,-1,-1,-0.01,-1,-1,-0.01,-1,-1,-0.01,-1,-1,-0.01,-1,-1
99926009,2026-05-18 10:34:11+05:30,52871.0,0,0.0,0,0.0,0.0,53282.15,53308.4,52783.45,53710.35,0,0.0,0.0,0.0,0.0,-0.01,-1,-1,-0.01,-1,-1,-0.01,-1,-1,-0.01,-1,-1,-0.01,-1,-1,-0.01,-1,-1,-0.01,-1,-1,-0.01,-1,-1,-0.01,-1,-1,-0.01,-1,-1
99926009,2026-05-18 10:34:12+05:30,52869.25,0,0.0,0,0.0,0.0,53282.15,53308.4,52783.45,53710.35,0,0.0,0.0,0.0,0.0,-0.01,-1,-1,-0.01,-1,-1,-0.01,-1,-1,-0.01,-1,-1,-0.01,-1,-1,-0.01,-1,-1,-0.01,-1,-1,-0.01,-1,-1,-0.01,-1,-1,-0.01,-1,-1
99926009,2026-05-18 10:34:12+05:30,52870.3,0,0.0,0,0.0,0.0,53282.15,53308.4,52783.45,53710.35,0,0.0,0.0,0.0,0.0,-0.01,-1,-1,-0.01,-1,-1,-0.01,-1,-1,-0.01,-1,-1,-0.01,-1,-1,-0.01,-1,-1,-0.01,-1,-1,-0.01,-1,-1,-0.01,-1,-1,-0.01,-1,-1
99926009,2026-05-18 10:34:13+05:30,52870.05,0,0.0,0,0.0,0.0,53282.15,53308.4,52783.45,53710.35,0,0.0,0.0,0.0,0.0,-0.01,-1,-1,-0.01,-1,-1,-0.01,-1,-1,-0.01,-1,-1,-0.01,-1,-1,-0.01,-1,-1,-0.01,-1,-1,-0.01,-1,-1,-0.01,-1,-1,-0.01,-1,-1
99926009,2026-05-18 10:34:13+05:30,52869.4,0,0.0,0,0.0,0.0,53282.15,53308.4,52783.45,53710.35,0,0.0,0.0,0.0,0.0,-0.01,-1,-1,-0.01,-1,-1,-0.01,-1,-1,-0.01,-1,-1,-0.01,-1,-1,-0.01,-1,-1,-0.01,-1,-1,-0.01,-1,-1,-0.01,-1,-1,-0.01,-1,-1
99926009,2026-05-18 10:34:14+05:30,52870.3,0,0.0,0,0.0,0.0,53282.15,53308.4,52783.45,53710.35,0,0.0,0.0,0.0,0.0,-0.01,-1,-1,-0.01,-1,-1,-0.01,-1,-1,-0.01,-1,-1,-0.01,-1,-1,-0.01,-1,-1,-0.01,-1,-1,-0.01,-1,-1,-0.01,-1,-1,-0.01,-1,-1
99926009,2026-05-18 10:34:14+05:30,52870.25,0,0.0,0,0.0,0.0,53282.15,53308.4,52783.45,53710.35,0,0.0,0.0,0.0,0.0,-0.01,-1,-1,-0.01,-1,-1,-0.01,-1,-1,-0.01,-1,-1,-0.01,-1,-1,-0.01,-1,-1,-0.01,-1,-1,-0.01,-1,-1,-0.01,-1,-1,-0.01,-1,-1
99926009,2026-05-18 10:34:15+05:30,52870.95,0,0.0,0,0.0,0.0,53282.15,53308.4,52783.45,53710.35,0,0.0,0.0,0.0,0.0,-0.01,-1,-1,-0.01,-1,-1,-0.01,-1,-1,-0.01,-1,-1,-0.01,-1,-1,-0.01,-1,-1,-0.01,-1,-1,-0.01,-1,-1,-0.01,-1,-1,-0.01,-1,-1
99926009,2026-05-18 10:34:15+05:30,52871.5,0,0.0,0,0.0,0.0,53282.15,53308.4,52783.45,53710.35,0,0.0,0.0,0.0,0.0,-0.01,-1,-1,-0.01,-1,-1,-0.01,-1,-1,-0.01,-1,-1,-0.01,-1,-1,-0.01,-1,-1,-0.01,-1,-1,-0.01,-1,-1,-0.01,-1,-1,-0.01,-1,-1
99926009,2026-05-18 10:34:16+05:30,52869.2,0,0.0,0,0.0,0.0,53282.15,53308.4,52783.45,53710.35,0,0.0,0.0,0.0,0.0,-0.01,-1,-1,-0.01,-1,-1,-0.01,-1,-1,-0.01,-1,-1,-0.01,-1,-1,-0.01,-1,-1,-0.01,-1,-1,-0.01,-1,-1,-0.01,-1,-1,-0.01,-1,-1
99926009,2026-05-18 10:34:16+05:30,52874.0,0,0.0,0,0.0,0.0,53282.15,53308.4,52783.45,53710.35,0,0.0,0.0,0.0,0.0,-0.01,-1,-1,-0.01,-1,-1,-0.01,-1,-1,-0.01,-1,-1,-0.01,-1,-1,-0.01,-1,-1,-0.01,-1,-1,-0.01,-1,-1,-0.01,-1,-1,-0.01,-1,-1
99926009,2026-05-18 10:34:17+05:30,52876.0,0,0.0,0,0.0,0.0,53282.15,53308.4,52783.45,53710.35,0,0.0,0.0,0.0,0.0,-0.01,-1,-1,-0.01,-1,-1,-0.01,-1,-1,-0.01,-1,-1,-0.01,-1,-1,-0.01,-1,-1,-0.01,-1,-1,-0.01,-1,-1,-0.01,-1,-1,-0.01,-1,-1
99926009,2026-05-18 10:34:17+05:30,52889.9,0,0.0,0,0.0,0.0,53282.15,53308.4,52783.45,53710.35,0,0.0,0.0,0.0,0.0,-0.01,-1,-1,-0.01,-1,-1,-0.01,-1,-1,-0.01,-1,-1,-0.01,-1,-1,-0.01,-1,-1,-0.01,-1,-1,-0.01,-1,-1,-0.01,-1,-1,-0.01,-1,-1
99926009,2026-05-18 10:34:18+05:30,52885.3,0,0.0,0,0.0,0.0,53282.15,53308.4,52783.45,53710.35,0,0.0,0.0,0.0,0.0,-0.01,-1,-1,-0.01,-1,-1,-0.01,-1,-1,-0.01,-1,-1,-0.01,-1,-1,-0.01,-1,-1,-0.01,-1,-1,-0.01,-1,-1,-0.01,-1,-1,-0.01,-1,-1
99926009,2026-05-18 10:34:18+05:30,52890.0,0,0.0,0,0.0,0.0,53282.15,53308.4,52783.45,53710.35,0,0.0,0.0,0.0,0.0,-0.01,-1,-1,-0.01,-1,-1,-0.01,-1,-1,-0.01,-1,-1,-0.01,-1,-1,-0.01,-1,-1,-0.01,-1,-1,-0.01,-1,-1,-0.01,-1,-1,-0.01,-1,-1
99926009,2026-05-18 10:34:19+05:30,52892.25,0,0.0,0,0.0,0.0,53282.15,53308.4,52783.45,53710.35,0,0.0,0.0,0.0,0.0,-0.01,-1,-1,-0.01,-1,-1,-0.01,-1,-1,-0.01,-1,-1,-0.01,-1,-1,-0.01,-1,-1,-0.01,-1,-1,-0.01,-1,-1,-0.01,-1,-1,-0.01,-1,-1
99926009,2026-05-18 10:34:19+05:30,52894.8,0,0.0,0,0.0,0.0,53282.15,53308.4,52783.45,53710.35,0,0.0,0.0,0.0,0.0,-0.01,-1,-1,-0.01,-1,-1,-0.01,-1,-1,-0.01,-1,-1,-0.01,-1,-1,-0.01,-1,-1,-0.01,-1,-1,-0.01,-1,-1,-0.01,-1,-1,-0.01,-1,-1
99926009,2026-05-18 10:34:20+05:30,52896.3,0,0.0,0,0.0,0.0,53282.15,53308.4,52783.45,53710.35,0,0.0,0.0,0.0,0.0,-0.01,-1,-1,-0.01,-1,-1,-0.01,-1,-1,-0.01,-1,-1,-0.01,-1,-1,-0.01,-1,-1,-0.01,-1,-1,-0.01,-1,-1,-0.01,-1,-1,-0.01,-1,-1
99926009,2026-05-18 10:34:20+05:30,52892.4,0,0.0,0,0.0,0.0,53282.15,53308.4,52783.45,53710.35,0,0.0,0.0,0.0,0.0,-0.01,-1,-1,-0.01,-1,-1,-0.01,-1,-1,-0.01,-1,-1,-0.01,-1,-1,-0.01,-1,-1,-0.01,-1,-1,-0.01,-1,-1,-0.01,-1,-1,-0.01,-1,-1
99926009,2026-05-18 10:34:21+05:30,52908.5,0,0.0,0,0.0,0.0,53282.15,53308.4,52783.45,53710.35,0,0.0,0.0,0.0,0.0,-0.01,-1,-1,-0.01,-1,-1,-0.01,-1,-1,-0.01,-1,-1,-0.01,-1,-1,-0.01,-1,-1,-0.01,-1,-1,-0.01,-1,-1,-0.01,-1,-1,-0.01,-1,-1
99926009,2026-05-18 10:34:21+05:30,52913.7,0,0.0,0,0.0,0.0,53282.15,53308.4,52783.45,53710.35,0,0.0,0.0,0.0,0.0,-0.01,-1,-1,-0.01,-1,-1,-0.01,-1,-1,-0.01,-1,-1,-0.01,-1,-1,-0.01,-1,-1,-0.01,-1,-1,-0.01,-1,-1,-0.01,-1,-1,-0.01,-1,-1
99926009,2026-05-18 10:34:22+05:30,52913.45,0,0.0,0,0.0,0.0,53282.15,53308.4,52783.45,53710.35,0,0.0,0.0,0.0,0.0,-0.01,-1,-1,-0.01,-1,-1,-0.01,-1,-1,-0.01,-1,-1,-0.01,-1,-1,-0.01,-1,-1,-0.01,-1,-1,-0.01,-1,-1,-0.01,-1,-1,-0.01,-1,-1
99926009,2026-05-18 10:34:22+05:30,52913.1,0,0.0,0,0.0,0.0,53282.15,53308.4,52783.45,53710.35,0,0.0,0.0,0.0,0.0,-0.01,-1,-1,-0.01,-1,-1,-0.01,-1,-1,-0.01,-1,-1,-0.01,-1,-1,-0.01,-1,-1,-0.01,-1,-1,-0.01,-1,-1,-0.01,-1,-1,-0.01,-1,-1
99926009,2026-05-18 10:34:23+05:30,52910.35,0,0.0,0,0.0,0.0,53282.15,53308.4,52783.45,53710.35,0,0.0,0.0,0.0,0.0,-0.01,-1,-1,-0.01,-1,-1,-0.01,-1,-1,-0.01,-1,-1,-0.01,-1,-1,-0.01,-1,-1,-0.01,-1,-1,-0.01,-1,-1,-0.01,-1,-1,-0.01,-1,-1
99926009,2026-05-18 10:34:23+05:30,52908.3,0,0.0,0,0.0,0.0,53282.15,53308.4,52783.45,53710.35,0,0.0,0.0,0.0,0.0,-0.01,-1,-1,-0.01,-1,-1,-0.01,-1,-1,-0.01,-1,-1,-0.01,-1,-1,-0.01,-1,-1,-0.01,-1,-1,-0.01,-1,-1,-0.01,-1,-1,-0.01,-1,-1
99926009,2026-05-18 10:34:24+05:30,52907.1,0,0.0,0,0.0,0.0,53282.15,53308.4,52783.45,53710.35,0,0.0,0.0,0.0,0.0,-0.01,-1,-1,-0.01,-1,-1,-0.01,-1,-1,-0.01,-1,-1,-0.01,-1,-1,-0.01,-1,-1,-0.01,-1,-1,-0.01,-1,-1,-0.01,-1,-1,-0.01,-1,-1
99926009,2026-05-18 10:34:24+05:30,52907.15,0,0.0,0,0.0,0.0,53282.15,53308.4,52783.45,53710.35,0,0.0,0.0,0.0,0.0,-0.01,-1,-1,-0.01,-1,-1,-0.01,-1,-1,-0.01,-1,-1,-0.01,-1,-1,-0.01,-1,-1,-0.01,-1,-1,-0.01,-1,-1,-0.01,-1,-1,-0.01,-1,-1
99926009,2026-05-18 10:34:25+05:30,52905.4,0,0.0,0,0.0,0.0,53282.15,53308.4,52783.45,53710.35,0,0.0,0.0,0.0,0.0,-0.01,-1,-1,-0.01,-1,-1,-0.01,-1,-1,-0.01,-1,-1,-0.01,-1,-1,-0.01,-1,-1,-0.01,-1,-1,-0.01,-1,-1,-0.01,-1,-1,-0.01,-1,-1
99926009,2026-05-18 10:34:25+05:30,52904.85,0,0.0,0,0.0,0.0,53282.15,53308.4,52783.45,53710.35,0,0.0,0.0,0.0,0.0,-0.01,-1,-1,-0.01,-1,-1,-0.01,-1,-1,-0.01,-1,-1,-0.01,-1,-1,-0.01,-1,-1,-0.01,-1,-1,-0.01,-1,-1,-0.01,-1,-1,-0.01,-1,-1
99926009,2026-05-18 10:34:26+05:30,52905.45,0,0.0,0,0.0,0.0,53282.15,53308.4,52783.45,53710.35,0,0.0,0.0,0.0,0.0,-0.01,-1,-1,-0.01,-1,-1,-0.01,-1,-1,-0.01,-1,-1,-0.01,-1,-1,-0.01,-1,-1,-0.01,-1,-1,-0.01,-1,-1,-0.01,-1,-1,-0.01,-1,-1
99926009,2026-05-18 10:34:26+05:30,52901.65,0,0.0,0,0.0,0.0,53282.15,53308.4,52783.45,53710.35,0,0.0,0.0,0.0,0.0,-0.01,-1,-1,-0.01,-1,-1,-0.01,-1,-1,-0.01,-1,-1,-0.01,-1,-1,-0.01,-1,-1,-0.01,-1,-1,-0.01,-1,-1,-0.01,-1,-1,-0.01,-1,-1
99926009,2026-05-18 10:34:27+05:30,52905.75,0,0.0,0,0.0,0.0,53282.15,53308.4,52783.45,53710.35,0,0.0,0.0,0.0,0.0,-0.01,-1,-1,-0.01,-1,-1,-0.01,-1,-1,-0.01,-1,-1,-0.01,-1,-1,-0.01,-1,-1,-0.01,-1,-1,-0.01,-1,-1,-0.01,-1,-1,-0.01,-1,-1
99926009,2026-05-18 10:34:27+05:30,52904.45,0,0.0,0,0.0,0.0,53282.15,53308.4,52783.45,53710.35,0,0.0,0.0,0.0,0.0,-0.01,-1,-1,-0.01,-1,-1,-0.01,-1,-1,-0.01,-1,-1,-0.01,-1,-1,-0.01,-1,-1,-0.01,-1,-1,-0.01,-1,-1,-0.01,-1,-1,-0.01,-1,-1
99926009,2026-05-18 10:34:28+05:30,52904.75,0,0.0,0,0.0,0.0,53282.15,53308.4,52783.45,53710.35,0,0.0,0.0,0.0,0.0,-0.01,-1,-1,-0.01,-1,-1,-0.01,-1,-1,-0.01,-1,-1,-0.01,-1,-1,-0.01,-1,-1,-0.01,-1,-1,-0.01,-1,-1,-0.01,-1,-1,-0.01,-1,-1
99926009,2026-05-18 10:34:28+05:30,52904.8,0,0.0,0,0.0,0.0,53282.15,53308.4,52783.45,53710.35,0,0.0,0.0,0.0,0.0,-0.01,-1,-1,-0.01,-1,-1,-0.01,-1,-1,-0.01,-1,-1,-0.01,-1,-1,-0.01,-1,-1,-0.01,-1,-1,-0.01,-1,-1,-0.01,-1,-1,-0.01,-1,-1
99926009,2026-05-18 10:34:29+05:30,52906.2,0,0.0,0,0.0,0.0,53282.15,53308.4,52783.45,53710.35,0,0.0,0.0,0.0,0.0,-0.01,-1,-1,-0.01,-1,-1,-0.01,-1,-1,-0.01,-1,-1,-0.01,-1,-1,-0.01,-1,-1,-0.01,-1,-1,-0.01,-1,-1,-0.01,-1,-1,-0.01,-1,-1
99926009,2026-05-18 10:34:29+05:30,52905.4,0,0.0,0,0.0,0.0,53282.15,53308.4,52783.45,53710.35,0,0.0,0.0,0.0,0.0,-0.01,-1,-1,-0.01,-1,-1,-0.01,-1,-1,-0.01,-1,-1,-0.01,-1,-1,-0.01,-1,-1,-0.01,-1,-1,-0.01,-1,-1,-0.01,-1,-1,-0.01,-1,-1
99926009,2026-05-18 10:34:30+05:30,52906.1,0,0.0,0,0.0,0.0,53282.15,53308.4,52783.45,53710.35,0,0.0,0.0,0.0,0.0,-0.01,-1,-1,-0.01,-1,-1,-0.01,-1,-1,-0.01,-1,-1,-0.01,-1,-1,-0.01,-1,-1,-0.01,-1,-1,-0.01,-1,-1,-0.01,-1,-1,-0.01,-1,-1
99926009,2026-05-18 10:34:30+05:30,52909.45,0,0.0,0,0.0,0.0,53282.15,53308.4,52783.45,53710.35,0,0.0,0.0,0.0,0.0,-0.01,-1,-1,-0.01,-1,-1,-0.01,-1,-1,-0.01,-1,-1,-0.01,-1,-1,-0.01,-1,-1,-0.01,-1,-1,-0.01,-1,-1,-0.01,-1,-1,-0.01,-1,-1
99926009,2026-05-18 10:34:31+05:30,52916.35,0,0.0,0,0.0,0.0,53282.15,53308.4,52783.45,53710.35,0,0.0,0.0,0.0,0.0,-0.01,-1,-1,-0.01,-1,-1,-0.01,-1,-1,-0.01,-1,-1,-0.01,-1,-1,-0.01,-1,-1,-0.01,-1,-1,-0.01,-1,-1,-0.01,-1,-1,-0.01,-1,-1
99926009,2026-05-18 10:34:31+05:30,52916.65,0,0.0,0,0.0,0.0,53282.15,53308.4,52783.45,53710.35,0,0.0,0.0,0.0,0.0,-0.01,-1,-1,-0.01,-1,-1,-0.01,-1,-1,-0.01,-1,-1,-0.01,-1,-1,-0.01,-1,-1,-0.01,-1,-1,-0.01,-1,-1,-0.01,-1,-1,-0.01,-1,-1
99926009,2026-05-18 10:34:32+05:30,52917.75,0,0.0,0,0.0,0.0,53282.15,53308.4,52783.45,53710.35,0,0.0,0.0,0.0,0.0,-0.01,-1,-1,-0.01,-1,-1,-0.01,-1,-1,-0.01,-1,-1,-0.01,-1,-1,-0.01,-1,-1,-0.01,-1,-1,-0.01,-1,-1,-0.01,-1,-1,-0.01,-1,-1
99926009,2026-05-18 10:34:32+05:30,52914.65,0,0.0,0,0.0,0.0,53282.15,53308.4,52783.45,53710.35,0,0.0,0.0,0.0,0.0,-0.01,-1,-1,-0.01,-1,-1,-0.01,-1,-1,-0.01,-1,-1,-0.01,-1,-1,-0.01,-1,-1,-0.01,-1,-1,-0.01,-1,-1,-0.01,-1,-1,-0.01,-1,-1
99926009,2026-05-18 10:34:33+05:30,52917.5,0,0.0,0,0.0,0.0,53282.15,53308.4,52783.45,53710.35,0,0.0,0.0,0.0,0.0,-0.01,-1,-1,-0.01,-1,-1,-0.01,-1,-1,-0.01,-1,-1,-0.01,-1,-1,-0.01,-1,-1,-0.01,-1,-1,-0.01,-1,-1,-0.01,-1,-1,-0.01,-1,-1
99926009,2026-05-18 10:34:33+05:30,52916.9,0,0.0,0,0.0,0.0,53282.15,53308.4,52783.45,53710.35,0,0.0,0.0,0.0,0.0,-0.01,-1,-1,-0.01,-1,-1,-0.01,-1,-1,-0.01,-1,-1,-0.01,-1,-1,-0.01,-1,-1,-0.01,-1,-1,-0.01,-1,-1,-0.01,-1,-1,-0.01,-1,-1
99926009,2026-05-18 10:34:34+05:30,52915.1,0,0.0,0,0.0,0.0,53282.15,53308.4,52783.45,53710.35,0,0.0,0.0,0.0,0.0,-0.01,-1,-1,-0.01,-1,-1,-0.01,-1,-1,-0.01,-1,-1,-0.01,-1,-1,-0.01,-1,-1,-0.01,-1,-1,-0.01,-1,-1,-0.01,-1,-1,-0.01,-1,-1
99926009,2026-05-18 10:34:34+05:30,52916.15,0,0.0,0,0.0,0.0,53282.15,53308.4,52783.45,53710.35,0,0.0,0.0,0.0,0.0,-0.01,-1,-1,-0.01,-1,-1,-0.01,-1,-1,-0.01,-1,-1,-0.01,-1,-1,-0.01,-1,-1,-0.01,-1,-1,-0.01,-1,-1,-0.01,-1,-1,-0.01,-1,-1
99926009,2026-05-18 10:34:35+05:30,52914.0,0,0.0,0,0.0,0.0,53282.15,53308.4,52783.45,53710.35,0,0.0,0.0,0.0,0.0,-0.01,-1,-1,-0.01,-1,-1,-0.01,-1,-1,-0.01,-1,-1,-0.01,-1,-1,-0.01,-1,-1,-0.01,-1,-1,-0.01,-1,-1,-0.01,-1,-1,-0.01,-1,-1
99926009,2026-05-18 10:34:35+05:30,52913.2,0,0.0,0,0.0,0.0,53282.15,53308.4,52783.45,53710.35,0,0.0,0.0,0.0,0.0,-0.01,-1,-1,-0.01,-1,-1,-0.01,-1,-1,-0.01,-1,-1,-0.01,-1,-1,-0.01,-1,-1,-0.01,-1,-1,-0.01,-1,-1,-0.01,-1,-1,-0.01,-1,-1
99926009,2026-05-18 10:34:36+05:30,52912.75,0,0.0,0,0.0,0.0,53282.15,53308.4,52783.45,53710.35,0,0.0,0.0,0.0,0.0,-0.01,-1,-1,-0.01,-1,-1,-0.01,-1,-1,-0.01,-1,-1,-0.01,-1,-1,-0.01,-1,-1,-0.01,-1,-1,-0.01,-1,-1,-0.01,-1,-1,-0.01,-1,-1
99926009,2026-05-18 10:34:36+05:30,52911.95,0,0.0,0,0.0,0.0,53282.15,53308.4,52783.45,53710.35,0,0.0,0.0,0.0,0.0,-0.01,-1,-1,-0.01,-1,-1,-0.01,-1,-1,-0.01,-1,-1,-0.01,-1,-1,-0.01,-1,-1,-0.01,-1,-1,-0.01,-1,-1,-0.01,-1,-1,-0.01,-1,-1
99926009,2026-05-18 10:34:37+05:30,52915.3,0,0.0,0,0.0,0.0,53282.15,53308.4,52783.45,53710.35,0,0.0,0.0,0.0,0.0,-0.01,-1,-1,-0.01,-1,-1,-0.01,-1,-1,-0.01,-1,-1,-0.01,-1,-1,-0.01,-1,-1,-0.01,-1,-1,-0.01,-1,-1,-0.01,-1,-1,-0.01,-1,-1
99926009,2026-05-18 10:34:37+05:30,52916.0,0,0.0,0,0.0,0.0,53282.15,53308.4,52783.45,53710.35,0,0.0,0.0,0.0,0.0,-0.01,-1,-1,-0.01,-1,-1,-0.01,-1,-1,-0.01,-1,-1,-0.01,-1,-1,-0.01,-1,-1,-0.01,-1,-1,-0.01,-1,-1,-0.01,-1,-1,-0.01,-1,-1
99926009,2026-05-18 10:34:38+05:30,52916.5,0,0.0,0,0.0,0.0,53282.15,53308.4,52783.45,53710.35,0,0.0,0.0,0.0,0.0,-0.01,-1,-1,-0.01,-1,-1,-0.01,-1,-1,-0.01,-1,-1,-0.01,-1,-1,-0.01,-1,-1,-0.01,-1,-1,-0.01,-1,-1,-0.01,-1,-1,-0.01,-1,-1
99926009,2026-05-18 10:34:38+05:30,52916.65,0,0.0,0,0.0,0.0,53282.15,53308.4,52783.45,53710.35,0,0.0,0.0,0.0,0.0,-0.01,-1,-1,-0.01,-1,-1,-0.01,-1,-1,-0.01,-1,-1,-0.01,-1,-1,-0.01,-1,-1,-0.01,-1,-1,-0.01,-1,-1,-0.01,-1,-1,-0.01,-1,-1
99926009,2026-05-18 10:34:39+05:30,52915.7,0,0.0,0,0.0,0.0,53282.15,53308.4,52783.45,53710.35,0,0.0,0.0,0.0,0.0,-0.01,-1,-1,-0.01,-1,-1,-0.01,-1,-1,-0.01,-1,-1,-0.01,-1,-1,-0.01,-1,-1,-0.01,-1,-1,-0.01,-1,-1,-0.01,-1,-1,-0.01,-1,-1
99926009,2026-05-18 10:34:39+05:30,52917.35,0,0.0,0,0.0,0.0,53282.15,53308.4,52783.45,53710.35,0,0.0,0.0,0.0,0.0,-0.01,-1,-1,-0.01,-1,-1,-0.01,-1,-1,-0.01,-1,-1,-0.01,-1,-1,-0.01,-1,-1,-0.01,-1,-1,-0.01,-1,-1,-0.01,-1,-1,-0.01,-1,-1
99926009,2026-05-18 10:34:40+05:30,52918.45,0,0.0,0,0.0,0.0,53282.15,53308.4,52783.45,53710.35,0,0.0,0.0,0.0,0.0,-0.01,-1,-1,-0.01,-1,-1,-0.01,-1,-1,-0.01,-1,-1,-0.01,-1,-1,-0.01,-1,-1,-0.01,-1,-1,-0.01,-1,-1,-0.01,-1,-1,-0.01,-1,-1
99926009,2026-05-18 10:34:40+05:30,52915.3,0,0.0,0,0.0,0.0,53282.15,53308.4,52783.45,53710.35,0,0.0,0.0,0.0,0.0,-0.01,-1,-1,-0.01,-1,-1,-0.01,-1,-1,-0.01,-1,-1,-0.01,-1,-1,-0.01,-1,-1,-0.01,-1,-1,-0.01,-1,-1,-0.01,-1,-1,-0.01,-1,-1
99926009,2026-05-18 10:34:41+05:30,52919.8,0,0.0,0,0.0,0.0,53282.15,53308.4,52783.45,53710.35,0,0.0,0.0,0.0,0.0,-0.01,-1,-1,-0.01,-1,-1,-0.01,-1,-1,-0.01,-1,-1,-0.01,-1,-1,-0.01,-1,-1,-0.01,-1,-1,-0.01,-1,-1,-0.01,-1,-1,-0.01,-1,-1
99926009,2026-05-18 10:34:41+05:30,52921.75,0,0.0,0,0.0,0.0,53282.15,53308.4,52783.45,53710.35,0,0.0,0.0,0.0,0.0,-0.01,-1,-1,-0.01,-1,-1,-0.01,-1,-1,-0.01,-1,-1,-0.01,-1,-1,-0.01,-1,-1,-0.01,-1,-1,-0.01,-1,-1,-0.01,-1,-1,-0.01,-1,-1
99926009,2026-05-18 10:34:42+05:30,52910.5,0,0.0,0,0.0,0.0,53282.15,53308.4,52783.45,53710.35,0,0.0,0.0,0.0,0.0,-0.01,-1,-1,-0.01,-1,-1,-0.01,-1,-1,-0.01,-1,-1,-0.01,-1,-1,-0.01,-1,-1,-0.01,-1,-1,-0.01,-1,-1,-0.01,-1,-1,-0.01,-1,-1
99926009,2026-05-18 10:34:42+05:30,52910.4,0,0.0,0,0.0,0.0,53282.15,53308.4,52783.45,53710.35,0,0.0,0.0,0.0,0.0,-0.01,-1,-1,-0.01,-1,-1,-0.01,-1,-1,-0.01,-1,-1,-0.01,-1,-1,-0.01,-1,-1,-0.01,-1,-1,-0.01,-1,-1,-0.01,-1,-1,-0.01,-1,-1
99926009,2026-05-18 10:34:43+05:30,52908.9,0,0.0,0,0.0,0.0,53282.15,53308.4,52783.45,53710.35,0,0.0,0.0,0.0,0.0,-0.01,-1,-1,-0.01,-1,-1,-0.01,-1,-1,-0.01,-1,-1,-0.01,-1,-1,-0.01,-1,-1,-0.01,-1,-1,-0.01,-1,-1,-0.01,-1,-1,-0.01,-1,-1
99926009,2026-05-18 10:34:43+05:30,52910.05,0,0.0,0,0.0,0.0,53282.15,53308.4,52783.45,53710.35,0,0.0,0.0,0.0,0.0,-0.01,-1,-1,-0.01,-1,-1,-0.01,-1,-1,-0.01,-1,-1,-0.01,-1,-1,-0.01,-1,-1,-0.01,-1,-1,-0.01,-1,-1,-0.01,-1,-1,-0.01,-1,-1
99926009,2026-05-18 10:34:44+05:30,52910.0,0,0.0,0,0.0,0.0,53282.15,53308.4,52783.45,53710.35,0,0.0,0.0,0.0,0.0,-0.01,-1,-1,-0.01,-1,-1,-0.01,-1,-1,-0.01,-1,-1,-0.01,-1,-1,-0.01,-1,-1,-0.01,-1,-1,-0.01,-1,-1,-0.01,-1,-1,-0.01,-1,-1
99926009,2026-05-18 10:34:44+05:30,52916.7,0,0.0,0,0.0,0.0,53282.15,53308.4,52783.45,53710.35,0,0.0,0.0,0.0,0.0,-0.01,-1,-1,-0.01,-1,-1,-0.01,-1,-1,-0.01,-1,-1,-0.01,-1,-1,-0.01,-1,-1,-0.01,-1,-1,-0.01,-1,-1,-0.01,-1,-1,-0.01,-1,-1
99926009,2026-05-18 10:34:45+05:30,52915.65,0,0.0,0,0.0,0.0,53282.15,53308.4,52783.45,53710.35,0,0.0,0.0,0.0,0.0,-0.01,-1,-1,-0.01,-1,-1,-0.01,-1,-1,-0.01,-1,-1,-0.01,-1,-1,-0.01,-1,-1,-0.01,-1,-1,-0.01,-1,-1,-0.01,-1,-1,-0.01,-1,-1
99926009,2026-05-18 10:34:45+05:30,52915.5,0,0.0,0,0.0,0.0,53282.15,53308.4,52783.45,53710.35,0,0.0,0.0,0.0,0.0,-0.01,-1,-1,-0.01,-1,-1,-0.01,-1,-1,-0.01,-1,-1,-0.01,-1,-1,-0.01,-1,-1,-0.01,-1,-1,-0.01,-1,-1,-0.01,-1,-1,-0.01,-1,-1
99926009,2026-05-18 10:34:46+05:30,52916.8,0,0.0,0,0.0,0.0,53282.15,53308.4,52783.45,53710.35,0,0.0,0.0,0.0,0.0,-0.01,-1,-1,-0.01,-1,-1,-0.01,-1,-1,-0.01,-1,-1,-0.01,-1,-1,-0.01,-1,-1,-0.01,-1,-1,-0.01,-1,-1,-0.01,-1,-1,-0.01,-1,-1
99926009,2026-05-18 10:34:46+05:30,52917.65,0,0.0,0,0.0,0.0,53282.15,53308.4,52783.45,53710.35,0,0.0,0.0,0.0,0.0,-0.01,-1,-1,-0.01,-1,-1,-0.01,-1,-1,-0.01,-1,-1,-0.01,-1,-1,-0.01,-1,-1,-0.01,-1,-1,-0.01,-1,-1,-0.01,-1,-1,-0.01,-1,-1
99926009,2026-05-18 10:34:47+05:30,52922.1,0,0.0,0,0.0,0.0,53282.15,53308.4,52783.45,53710.35,0,0.0,0.0,0.0,0.0,-0.01,-1,-1,-0.01,-1,-1,-0.01,-1,-1,-0.01,-1,-1,-0.01,-1,-1,-0.01,-1,-1,-0.01,-1,-1,-0.01,-1,-1,-0.01,-1,-1,-0.01,-1,-1
99926009,2026-05-18 10:34:47+05:30,52921.75,0,0.0,0,0.0,0.0,53282.15,53308.4,52783.45,53710.35,0,0.0,0.0,0.0,0.0,-0.01,-1,-1,-0.01,-1,-1,-0.01,-1,-1,-0.01,-1,-1,-0.01,-1,-1,-0.01,-1,-1,-0.01,-1,-1,-0.01,-1,-1,-0.01,-1,-1,-0.01,-1,-1
99926009,2026-05-18 10:34:48+05:30,52927.3,0,0.0,0,0.0,0.0,53282.15,53308.4,52783.45,53710.35,0,0.0,0.0,0.0,0.0,-0.01,-1,-1,-0.01,-1,-1,-0.01,-1,-1,-0.01,-1,-1,-0.01,-1,-1,-0.01,-1,-1,-0.01,-1,-1,-0.01,-1,-1,-0.01,-1,-1,-0.01,-1,-1
99926009,2026-05-18 10:34:48+05:30,52929.0,0,0.0,0,0.0,0.0,53282.15,53308.4,52783.45,53710.35,0,0.0,0.0,0.0,0.0,-0.01,-1,-1,-0.01,-1,-1,-0.01,-1,-1,-0.01,-1,-1,-0.01,-1,-1,-0.01,-1,-1,-0.01,-1,-1,-0.01,-1,-1,-0.01,-1,-1,-0.01,-1,-1
99926009,2026-05-18 10:34:49+05:30,52935.8,0,0.0,0,0.0,0.0,53282.15,53308.4,52783.45,53710.35,0,0.0,0.0,0.0,0.0,-0.01,-1,-1,-0.01,-1,-1,-0.01,-1,-1,-0.01,-1,-1,-0.01,-1,-1,-0.01,-1,-1,-0.01,-1,-1,-0.01,-1,-1,-0.01,-1,-1,-0.01,-1,-1
99926009,2026-05-18 10:34:49+05:30,52937.5,0,0.0,0,0.0,0.0,53282.15,53308.4,52783.45,53710.35,0,0.0,0.0,0.0,0.0,-0.01,-1,-1,-0.01,-1,-1,-0.01,-1,-1,-0.01,-1,-1,-0.01,-1,-1,-0.01,-1,-1,-0.01,-1,-1,-0.01,-1,-1,-0.01,-1,-1,-0.01,-1,-1
99926009,2026-05-18 10:34:50+05:30,52931.35,0,0.0,0,0.0,0.0,53282.15,53308.4,52783.45,53710.35,0,0.0,0.0,0.0,0.0,-0.01,-1,-1,-0.01,-1,-1,-0.01,-1,-1,-0.01,-1,-1,-0.01,-1,-1,-0.01,-1,-1,-0.01,-1,-1,-0.01,-1,-1,-0.01,-1,-1,-0.01,-1,-1
99926009,2026-05-18 10:34:50+05:30,52930.8,0,0.0,0,0.0,0.0,53282.15,53308.4,52783.45,53710.35,0,0.0,0.0,0.0,0.0,-0.01,-1,-1,-0.01,-1,-1,-0.01,-1,-1,-0.01,-1,-1,-0.01,-1,-1,-0.01,-1,-1,-0.01,-1,-1,-0.01,-1,-1,-0.01,-1,-1,-0.01,-1,-1
99926009,2026-05-18 10:34:51+05:30,52939.35,0,0.0,0,0.0,0.0,53282.15,53308.4,52783.45,53710.35,0,0.0,0.0,0.0,0.0,-0.01,-1,-1,-0.01,-1,-1,-0.01,-1,-1,-0.01,-1,-1,-0.01,-1,-1,-0.01,-1,-1,-0.01,-1,-1,-0.01,-1,-1,-0.01,-1,-1,-0.01,-1,-1
99926009,2026-05-18 10:34:51+05:30,52939.6,0,0.0,0,0.0,0.0,53282.15,53308.4,52783.45,53710.35,0,0.0,0.0,0.0,0.0,-0.01,-1,-1,-0.01,-1,-1,-0.01,-1,-1,-0.01,-1,-1,-0.01,-1,-1,-0.01,-1,-1,-0.01,-1,-1,-0.01,-1,-1,-0.01,-1,-1,-0.01,-1,-1
99926009,2026-05-18 10:34:52+05:30,52944.6,0,0.0,0,0.0,0.0,53282.15,53308.4,52783.45,53710.35,0,0.0,0.0,0.0,0.0,-0.01,-1,-1,-0.01,-1,-1,-0.01,-1,-1,-0.01,-1,-1,-0.01,-1,-1,-0.01,-1,-1,-0.01,-1,-1,-0.01,-1,-1,-0.01,-1,-1,-0.01,-1,-1
99926009,2026-05-18 10:34:52+05:30,52937.75,0,0.0,0,0.0,0.0,53282.15,53308.4,52783.45,53710.35,0,0.0,0.0,0.0,0.0,-0.01,-1,-1,-0.01,-1,-1,-0.01,-1,-1,-0.01,-1,-1,-0.01,-1,-1,-0.01,-1,-1,-0.01,-1,-1,-0.01,-1,-1,-0.01,-1,-1,-0.01,-1,-1
99926009,2026-05-18 10:34:53+05:30,52935.05,0,0.0,0,0.0,0.0,53282.15,53308.4,52783.45,53710.35,0,0.0,0.0,0.0,0.0,-0.01,-1,-1,-0.01,-1,-1,-0.01,-1,-1,-0.01,-1,-1,-0.01,-1,-1,-0.01,-1,-1,-0.01,-1,-1,-0.01,-1,-1,-0.01,-1,-1,-0.01,-1,-1
99926009,2026-05-18 10:34:53+05:30,52933.9,0,0.0,0,0.0,0.0,53282.15,53308.4,52783.45,53710.35,0,0.0,0.0,0.0,0.0,-0.01,-1,-1,-0.01,-1,-1,-0.01,-1,-1,-0.01,-1,-1,-0.01,-1,-1,-0.01,-1,-1,-0.01,-1,-1,-0.01,-1,-1,-0.01,-1,-1,-0.01,-1,-1
99926009,2026-05-18 10:34:54+05:30,52940.5,0,0.0,0,0.0,0.0,53282.15,53308.4,52783.45,53710.35,0,0.0,0.0,0.0,0.0,-0.01,-1,-1,-0.01,-1,-1,-0.01,-1,-1,-0.01,-1,-1,-0.01,-1,-1,-0.01,-1,-1,-0.01,-1,-1,-0.01,-1,-1,-0.01,-1,-1,-0.01,-1,-1
99926009,2026-05-18 10:34:54+05:30,52938.45,0,0.0,0,0.0,0.0,53282.15,53308.4,52783.45,53710.35,0,0.0,0.0,0.0,0.0,-0.01,-1,-1,-0.01,-1,-1,-0.01,-1,-1,-0.01,-1,-1,-0.01,-1,-1,-0.01,-1,-1,-0.01,-1,-1,-0.01,-1,-1,-0.01,-1,-1,-0.01,-1,-1
99926009,2026-05-18 10:34:55+05:30,52937.2,0,0.0,0,0.0,0.0,53282.15,53308.4,52783.45,53710.35,0,0.0,0.0,0.0,0.0,-0.01,-1,-1,-0.01,-1,-1,-0.01,-1,-1,-0.01,-1,-1,-0.01,-1,-1,-0.01,-1,-1,-0.01,-1,-1,-0.01,-1,-1,-0.01,-1,-1,-0.01,-1,-1
99926009,2026-05-18 10:34:55+05:30,52938.75,0,0.0,0,0.0,0.0,53282.15,53308.4,52783.45,53710.35,0,0.0,0.0,0.0,0.0,-0.01,-1,-1,-0.01,-1,-1,-0.01,-1,-1,-0.01,-1,-1,-0.01,-1,-1,-0.01,-1,-1,-0.01,-1,-1,-0.01,-1,-1,-0.01,-1,-1,-0.01,-1,-1
99926009,2026-05-18 10:34:56+05:30,52937.45,0,0.0,0,0.0,0.0,53282.15,53308.4,52783.45,53710.35,0,0.0,0.0,0.0,0.0,-0.01,-1,-1,-0.01,-1,-1,-0.01,-1,-1,-0.01,-1,-1,-0.01,-1,-1,-0.01,-1,-1,-0.01,-1,-1,-0.01,-1,-1,-0.01,-1,-1,-0.01,-1,-1
99926009,2026-05-18 10:34:56+05:30,52936.1,0,0.0,0,0.0,0.0,53282.15,53308.4,52783.45,53710.35,0,0.0,0.0,0.0,0.0,-0.01,-1,-1,-0.01,-1,-1,-0.01,-1,-1,-0.01,-1,-1,-0.01,-1,-1,-0.01,-1,-1,-0.01,-1,-1,-0.01,-1,-1,-0.01,-1,-1,-0.01,-1,-1
99926009,2026-05-18 10:34:57+05:30,52934.0,0,0.0,0,0.0,0.0,53282.15,53308.4,52783.45,53710.35,0,0.0,0.0,0.0,0.0,-0.01,-1,-1,-0.01,-1,-1,-0.01,-1,-1,-0.01,-1,-1,-0.01,-1,-1,-0.01,-1,-1,-0.01,-1,-1,-0.01,-1,-1,-0.01,-1,-1,-0.01,-1,-1
99926009,2026-05-18 10:34:57+05:30,52933.95,0,0.0,0,0.0,0.0,53282.15,53308.4,52783.45,53710.35,0,0.0,0.0,0.0,0.0,-0.01,-1,-1,-0.01,-1,-1,-0.01,-1,-1,-0.01,-1,-1,-0.01,-1,-1,-0.01,-1,-1,-0.01,-1,-1,-0.01,-1,-1,-0.01,-1,-1,-0.01,-1,-1
99926009,2026-05-18 10:34:58+05:30,52935.1,0,0.0,0,0.0,0.0,53282.15,53308.4,52783.45,53710.35,0,0.0,0.0,0.0,0.0,-0.01,-1,-1,-0.01,-1,-1,-0.01,-1,-1,-0.01,-1,-1,-0.01,-1,-1,-0.01,-1,-1,-0.01,-1,-1,-0.01,-1,-1,-0.01,-1,-1,-0.01,-1,-1
99926009,2026-05-18 10:34:58+05:30,52937.45,0,0.0,0,0.0,0.0,53282.15,53308.4,52783.45,53710.35,0,0.0,0.0,0.0,0.0,-0.01,-1,-1,-0.01,-1,-1,-0.01,-1,-1,-0.01,-1,-1,-0.01,-1,-1,-0.01,-1,-1,-0.01,-1,-1,-0.01,-1,-1,-0.01,-1,-1,-0.01,-1,-1
99926009,2026-05-18 10:34:59+05:30,52935.7,0,0.0,0,0.0,0.0,53282.15,53308.4,52783.45,53710.35,0,0.0,0.0,0.0,0.0,-0.01,-1,-1,-0.01,-1,-1,-0.01,-1,-1,-0.01,-1,-1,-0.01,-1,-1,-0.01,-1,-1,-0.01,-1,-1,-0.01,-1,-1,-0.01,-1,-1,-0.01,-1,-1
99926009,2026-05-18 10:34:59+05:30,52934.05,0,0.0,0,0.0,0.0,53282.15,53308.4,52783.45,53710.35,0,0.0,0.0,0.0,0.0,-0.01,-1,-1,-0.01,-1,-1,-0.01,-1,-1,-0.01,-1,-1,-0.01,-1,-1,-0.01,-1,-1,-0.01,-1,-1,-0.01,-1,-1,-0.01,-1,-1,-0.01,-1,-1
99926009,2026-05-18 10:35:00+05:30,52938.75,0,0.0,0,0.0,0.0,53282.15,53308.4,52783.45,53710.35,0,0.0,0.0,0.0,0.0,-0.01,-1,-1,-0.01,-1,-1,-0.01,-1,-1,-0.01,-1,-1,-0.01,-1,-1,-0.01,-1,-1,-0.01,-1,-1,-0.01,-1,-1,-0.01,-1,-1,-0.01,-1,-1
99926009,2026-05-18 10:35:00+05:30,52944.05,0,0.0,0,0.0,0.0,53282.15,53308.4,52783.45,53710.35,0,0.0,0.0,0.0,0.0,-0.01,-1,-1,-0.01,-1,-1,-0.01,-1,-1,-0.01,-1,-1,-0.01,-1,-1,-0.01,-1,-1,-0.01,-1,-1,-0.01,-1,-1,-0.01,-1,-1,-0.01,-1,-1
99926009,2026-05-18 10:35:01+05:30,52947.4,0,0.0,0,0.0,0.0,53282.15,53308.4,52783.45,53710.35,0,0.0,0.0,0.0,0.0,-0.01,-1,-1,-0.01,-1,-1,-0.01,-1,-1,-0.01,-1,-1,-0.01,-1,-1,-0.01,-1,-1,-0.01,-1,-1,-0.01,-1,-1,-0.01,-1,-1,-0.01,-1,-1
99926009,2026-05-18 10:35:01+05:30,52941.4,0,0.0,0,0.0,0.0,53282.15,53308.4,52783.45,53710.35,0,0.0,0.0,0.0,0.0,-0.01,-1,-1,-0.01,-1,-1,-0.01,-1,-1,-0.01,-1,-1,-0.01,-1,-1,-0.01,-1,-1,-0.01,-1,-1,-0.01,-1,-1,-0.01,-1,-1,-0.01,-1,-1
99926009,2026-05-18 10:35:02+05:30,52947.0,0,0.0,0,0.0,0.0,53282.15,53308.4,52783.45,53710.35,0,0.0,0.0,0.0,0.0,-0.01,-1,-1,-0.01,-1,-1,-0.01,-1,-1,-0.01,-1,-1,-0.01,-1,-1,-0.01,-1,-1,-0.01,-1,-1,-0.01,-1,-1,-0.01,-1,-1,-0.01,-1,-1
99926009,2026-05-18 10:35:02+05:30,52947.7,0,0.0,0,0.0,0.0,53282.15,53308.4,52783.45,53710.35,0,0.0,0.0,0.0,0.0,-0.01,-1,-1,-0.01,-1,-1,-0.01,-1,-1,-0.01,-1,-1,-0.01,-1,-1,-0.01,-1,-1,-0.01,-1,-1,-0.01,-1,-1,-0.01,-1,-1,-0.01,-1,-1
99926009,2026-05-18 10:35:03+05:30,52946.9,0,0.0,0,0.0,0.0,53282.15,53308.4,52783.45,53710.35,0,0.0,0.0,0.0,0.0,-0.01,-1,-1,-0.01,-1,-1,-0.01,-1,-1,-0.01,-1,-1,-0.01,-1,-1,-0.01,-1,-1,-0.01,-1,-1,-0.01,-1,-1,-0.01,-1,-1,-0.01,-1,-1
99926009,2026-05-18 10:35:03+05:30,52947.5,0,0.0,0,0.0,0.0,53282.15,53308.4,52783.45,53710.35,0,0.0,0.0,0.0,0.0,-0.01,-1,-1,-0.01,-1,-1,-0.01,-1,-1,-0.01,-1,-1,-0.01,-1,-1,-0.01,-1,-1,-0.01,-1,-1,-0.01,-1,-1,-0.01,-1,-1,-0.01,-1,-1
99926009,2026-05-18 10:35:04+05:30,52948.1,0,0.0,0,0.0,0.0,53282.15,53308.4,52783.45,53710.35,0,0.0,0.0,0.0,0.0,-0.01,-1,-1,-0.01,-1,-1,-0.01,-1,-1,-0.01,-1,-1,-0.01,-1,-1,-0.01,-1,-1,-0.01,-1,-1,-0.01,-1,-1,-0.01,-1,-1,-0.01,-1,-1
99926009,2026-05-18 10:35:04+05:30,52947.05,0,0.0,0,0.0,0.0,53282.15,53308.4,52783.45,53710.35,0,0.0,0.0,0.0,0.0,-0.01,-1,-1,-0.01,-1,-1,-0.01,-1,-1,-0.01,-1,-1,-0.01,-1,-1,-0.01,-1,-1,-0.01,-1,-1,-0.01,-1,-1,-0.01,-1,-1,-0.01,-1,-1
99926009,2026-05-18 10:35:05+05:30,52948.95,0,0.0,0,0.0,0.0,53282.15,53308.4,52783.45,53710.35,0,0.0,0.0,0.0,0.0,-0.01,-1,-1,-0.01,-1,-1,-0.01,-1,-1,-0.01,-1,-1,-0.01,-1,-1,-0.01,-1,-1,-0.01,-1,-1,-0.01,-1,-1,-0.01,-1,-1,-0.01,-1,-1
99926009,2026-05-18 10:35:05+05:30,52952.7,0,0.0,0,0.0,0.0,53282.15,53308.4,52783.45,53710.35,0,0.0,0.0,0.0,0.0,-0.01,-1,-1,-0.01,-1,-1,-0.01,-1,-1,-0.01,-1,-1,-0.01,-1,-1,-0.01,-1,-1,-0.01,-1,-1,-0.01,-1,-1,-0.01,-1,-1,-0.01,-1,-1
99926009,2026-05-18 10:35:06+05:30,52950.5,0,0.0,0,0.0,0.0,53282.15,53308.4,52783.45,53710.35,0,0.0,0.0,0.0,0.0,-0.01,-1,-1,-0.01,-1,-1,-0.01,-1,-1,-0.01,-1,-1,-0.01,-1,-1,-0.01,-1,-1,-0.01,-1,-1,-0.01,-1,-1,-0.01,-1,-1,-0.01,-1,-1
99926009,2026-05-18 10:35:06+05:30,52949.6,0,0.0,0,0.0,0.0,53282.15,53308.4,52783.45,53710.35,0,0.0,0.0,0.0,0.0,-0.01,-1,-1,-0.01,-1,-1,-0.01,-1,-1,-0.01,-1,-1,-0.01,-1,-1,-0.01,-1,-1,-0.01,-1,-1,-0.01,-1,-1,-0.01,-1,-1,-0.01,-1,-1
99926009,2026-05-18 10:35:07+05:30,52948.75,0,0.0,0,0.0,0.0,53282.15,53308.4,52783.45,53710.35,0,0.0,0.0,0.0,0.0,-0.01,-1,-1,-0.01,-1,-1,-0.01,-1,-1,-0.01,-1,-1,-0.01,-1,-1,-0.01,-1,-1,-0.01,-1,-1,-0.01,-1,-1,-0.01,-1,-1,-0.01,-1,-1
99926009,2026-05-18 10:35:07+05:30,52947.8,0,0.0,0,0.0,0.0,53282.15,53308.4,52783.45,53710.35,0,0.0,0.0,0.0,0.0,-0.01,-1,-1,-0.01,-1,-1,-0.01,-1,-1,-0.01,-1,-1,-0.01,-1,-1,-0.01,-1,-1,-0.01,-1,-1,-0.01,-1,-1,-0.01,-1,-1,-0.01,-1,-1
99926009,2026-05-18 10:35:08+05:30,52948.25,0,0.0,0,0.0,0.0,53282.15,53308.4,52783.45,53710.35,0,0.0,0.0,0.0,0.0,-0.01,-1,-1,-0.01,-1,-1,-0.01,-1,-1,-0.01,-1,-1,-0.01,-1,-1,-0.01,-1,-1,-0.01,-1,-1,-0.01,-1,-1,-0.01,-1,-1,-0.01,-1,-1
99926009,2026-05-18 10:35:08+05:30,52945.6,0,0.0,0,0.0,0.0,53282.15,53308.4,52783.45,53710.35,0,0.0,0.0,0.0,0.0,-0.01,-1,-1,-0.01,-1,-1,-0.01,-1,-1,-0.01,-1,-1,-0.01,-1,-1,-0.01,-1,-1,-0.01,-1,-1,-0.01,-1,-1,-0.01,-1,-1,-0.01,-1,-1
99926009,2026-05-18 10:35:09+05:30,52945.65,0,0.0,0,0.0,0.0,53282.15,53308.4,52783.45,53710.35,0,0.0,0.0,0.0,0.0,-0.01,-1,-1,-0.01,-1,-1,-0.01,-1,-1,-0.01,-1,-1,-0.01,-1,-1,-0.01,-1,-1,-0.01,-1,-1,-0.01,-1,-1,-0.01,-1,-1,-0.01,-1,-1
99926009,2026-05-18 10:35:09+05:30,52951.6,0,0.0,0,0.0,0.0,53282.15,53308.4,52783.45,53710.35,0,0.0,0.0,0.0,0.0,-0.01,-1,-1,-0.01,-1,-1,-0.01,-1,-1,-0.01,-1,-1,-0.01,-1,-1,-0.01,-1,-1,-0.01,-1,-1,-0.01,-1,-1,-0.01,-1,-1,-0.01,-1,-1
99926009,2026-05-18 10:35:10+05:30,52952.75,0,0.0,0,0.0,0.0,53282.15,53308.4,52783.45,53710.35,0,0.0,0.0,0.0,0.0,-0.01,-1,-1,-0.01,-1,-1,-0.01,-1,-1,-0.01,-1,-1,-0.01,-1,-1,-0.01,-1,-1,-0.01,-1,-1,-0.01,-1,-1,-0.01,-1,-1,-0.01,-1,-1
99926009,2026-05-18 10:35:10+05:30,52951.2,0,0.0,0,0.0,0.0,53282.15,53308.4,52783.45,53710.35,0,0.0,0.0,0.0,0.0,-0.01,-1,-1,-0.01,-1,-1,-0.01,-1,-1,-0.01,-1,-1,-0.01,-1,-1,-0.01,-1,-1,-0.01,-1,-1,-0.01,-1,-1,-0.01,-1,-1,-0.01,-1,-1
99926009,2026-05-18 10:35:11+05:30,52952.0,0,0.0,0,0.0,0.0,53282.15,53308.4,52783.45,53710.35,0,0.0,0.0,0.0,0.0,-0.01,-1,-1,-0.01,-1,-1,-0.01,-1,-1,-0.01,-1,-1,-0.01,-1,-1,-0.01,-1,-1,-0.01,-1,-1,-0.01,-1,-1,-0.01,-1,-1,-0.01,-1,-1
99926009,2026-05-18 10:35:11+05:30,52952.95,0,0.0,0,0.0,0.0,53282.15,53308.4,52783.45,53710.35,0,0.0,0.0,0.0,0.0,-0.01,-1,-1,-0.01,-1,-1,-0.01,-1,-1,-0.01,-1,-1,-0.01,-1,-1,-0.01,-1,-1,-0.01,-1,-1,-0.01,-1,-1,-0.01,-1,-1,-0.01,-1,-1
99926009,2026-05-18 10:35:12+05:30,52949.35,0,0.0,0,0.0,0.0,53282.15,53308.4,52783.45,53710.35,0,0.0,0.0,0.0,0.0,-0.01,-1,-1,-0.01,-1,-1,-0.01,-1,-1,-0.01,-1,-1,-0.01,-1,-1,-0.01,-1,-1,-0.01,-1,-1,-0.01,-1,-1,-0.01,-1,-1,-0.01,-1,-1
99926009,2026-05-18 10:35:12+05:30,52952.85,0,0.0,0,0.0,0.0,53282.15,53308.4,52783.45,53710.35,0,0.0,0.0,0.0,0.0,-0.01,-1,-1,-0.01,-1,-1,-0.01,-1,-1,-0.01,-1,-1,-0.01,-1,-1,-0.01,-1,-1,-0.01,-1,-1,-0.01,-1,-1,-0.01,-1,-1,-0.01,-1,-1
99926009,2026-05-18 10:35:13+05:30,52951.3,0,0.0,0,0.0,0.0,53282.15,53308.4,52783.45,53710.35,0,0.0,0.0,0.0,0.0,-0.01,-1,-1,-0.01,-1,-1,-0.01,-1,-1,-0.01,-1,-1,-0.01,-1,-1,-0.01,-1,-1,-0.01,-1,-1,-0.01,-1,-1,-0.01,-1,-1,-0.01,-1,-1
99926009,2026-05-18 10:35:13+05:30,52950.85,0,0.0,0,0.0,0.0,53282.15,53308.4,52783.45,53710.35,0,0.0,0.0,0.0,0.0,-0.01,-1,-1,-0.01,-1,-1,-0.01,-1,-1,-0.01,-1,-1,-0.01,-1,-1,-0.01,-1,-1,-0.01,-1,-1,-0.01,-1,-1,-0.01,-1,-1,-0.01,-1,-1
99926009,2026-05-18 10:35:14+05:30,52949.95,0,0.0,0,0.0,0.0,53282.15,53308.4,52783.45,53710.35,0,0.0,0.0,0.0,0.0,-0.01,-1,-1,-0.01,-1,-1,-0.01,-1,-1,-0.01,-1,-1,-0.01,-1,-1,-0.01,-1,-1,-0.01,-1,-1,-0.01,-1,-1,-0.01,-1,-1,-0.01,-1,-1
99926009,2026-05-18 10:35:14+05:30,52952.95,0,0.0,0,0.0,0.0,53282.15,53308.4,52783.45,53710.35,0,0.0,0.0,0.0,0.0,-0.01,-1,-1,-0.01,-1,-1,-0.01,-1,-1,-0.01,-1,-1,-0.01,-1,-1,-0.01,-1,-1,-0.01,-1,-1,-0.01,-1,-1,-0.01,-1,-1,-0.01,-1,-1
99926009,2026-05-18 10:35:15+05:30,52950.85,0,0.0,0,0.0,0.0,53282.15,53308.4,52783.45,53710.35,0,0.0,0.0,0.0,0.0,-0.01,-1,-1,-0.01,-1,-1,-0.01,-1,-1,-0.01,-1,-1,-0.01,-1,-1,-0.01,-1,-1,-0.01,-1,-1,-0.01,-1,-1,-0.01,-1,-1,-0.01,-1,-1
99926009,2026-05-18 10:35:15+05:30,52952.4,0,0.0,0,0.0,0.0,53282.15,53308.4,52783.45,53710.35,0,0.0,0.0,0.0,0.0,-0.01,-1,-1,-0.01,-1,-1,-0.01,-1,-1,-0.01,-1,-1,-0.01,-1,-1,-0.01,-1,-1,-0.01,-1,-1,-0.01,-1,-1,-0.01,-1,-1,-0.01,-1,-1
99926009,2026-05-18 10:35:16+05:30,52949.45,0,0.0,0,0.0,0.0,53282.15,53308.4,52783.45,53710.35,0,0.0,0.0,0.0,0.0,-0.01,-1,-1,-0.01,-1,-1,-0.01,-1,-1,-0.01,-1,-1,-0.01,-1,-1,-0.01,-1,-1,-0.01,-1,-1,-0.01,-1,-1,-0.01,-1,-1,-0.01,-1,-1
99926009,2026-05-18 10:35:16+05:30,52945.15,0,0.0,0,0.0,0.0,53282.15,53308.4,52783.45,53710.35,0,0.0,0.0,0.0,0.0,-0.01,-1,-1,-0.01,-1,-1,-0.01,-1,-1,-0.01,-1,-1,-0.01,-1,-1,-0.01,-1,-1,-0.01,-1,-1,-0.01,-1,-1,-0.01,-1,-1,-0.01,-1,-1
99926009,2026-05-18 10:35:17+05:30,52948.7,0,0.0,0,0.0,0.0,53282.15,53308.4,52783.45,53710.35,0,0.0,0.0,0.0,0.0,-0.01,-1,-1,-0.01,-1,-1,-0.01,-1,-1,-0.01,-1,-1,-0.01,-1,-1,-0.01,-1,-1,-0.01,-1,-1,-0.01,-1,-1,-0.01,-1,-1,-0.01,-1,-1
99926009,2026-05-18 10:35:17+05:30,52951.5,0,0.0,0,0.0,0.0,53282.15,53308.4,52783.45,53710.35,0,0.0,0.0,0.0,0.0,-0.01,-1,-1,-0.01,-1,-1,-0.01,-1,-1,-0.01,-1,-1,-0.01,-1,-1,-0.01,-1,-1,-0.01,-1,-1,-0.01,-1,-1,-0.01,-1,-1,-0.01,-1,-1
99926009,2026-05-18 10:35:18+05:30,52951.35,0,0.0,0,0.0,0.0,53282.15,53308.4,52783.45,53710.35,0,0.0,0.0,0.0,0.0,-0.01,-1,-1,-0.01,-1,-1,-0.01,-1,-1,-0.01,-1,-1,-0.01,-1,-1,-0.01,-1,-1,-0.01,-1,-1,-0.01,-1,-1,-0.01,-1,-1,-0.01,-1,-1
99926009,2026-05-18 10:35:18+05:30,52949.05,0,0.0,0,0.0,0.0,53282.15,53308.4,52783.45,53710.35,0,0.0,0.0,0.0,0.0,-0.01,-1,-1,-0.01,-1,-1,-0.01,-1,-1,-0.01,-1,-1,-0.01,-1,-1,-0.01,-1,-1,-0.01,-1,-1,-0.01,-1,-1,-0.01,-1,-1,-0.01,-1,-1
99926009,2026-05-18 10:35:19+05:30,52947.65,0,0.0,0,0.0,0.0,53282.15,53308.4,52783.45,53710.35,0,0.0,0.0,0.0,0.0,-0.01,-1,-1,-0.01,-1,-1,-0.01,-1,-1,-0.01,-1,-1,-0.01,-1,-1,-0.01,-1,-1,-0.01,-1,-1,-0.01,-1,-1,-0.01,-1,-1,-0.01,-1,-1
99926009,2026-05-18 10:35:19+05:30,52946.15,0,0.0,0,0.0,0.0,53282.15,53308.4,52783.45,53710.35,0,0.0,0.0,0.0,0.0,-0.01,-1,-1,-0.01,-1,-1,-0.01,-1,-1,-0.01,-1,-1,-0.01,-1,-1,-0.01,-1,-1,-0.01,-1,-1,-0.01,-1,-1,-0.01,-1,-1,-0.01,-1,-1
99926009,2026-05-18 10:35:20+05:30,52947.5,0,0.0,0,0.0,0.0,53282.15,53308.4,52783.45,53710.35,0,0.0,0.0,0.0,0.0,-0.01,-1,-1,-0.01,-1,-1,-0.01,-1,-1,-0.01,-1,-1,-0.01,-1,-1,-0.01,-1,-1,-0.01,-1,-1,-0.01,-1,-1,-0.01,-1,-1,-0.01,-1,-1
99926009,2026-05-18 10:35:20+05:30,52950.5,0,0.0,0,0.0,0.0,53282.15,53308.4,52783.45,53710.35,0,0.0,0.0,0.0,0.0,-0.01,-1,-1,-0.01,-1,-1,-0.01,-1,-1,-0.01,-1,-1,-0.01,-1,-1,-0.01,-1,-1,-0.01,-1,-1,-0.01,-1,-1,-0.01,-1,-1,-0.01,-1,-1
99926009,2026-05-18 10:35:21+05:30,52946.2,0,0.0,0,0.0,0.0,53282.15,53308.4,52783.45,53710.35,0,0.0,0.0,0.0,0.0,-0.01,-1,-1,-0.01,-1,-1,-0.01,-1,-1,-0.01,-1,-1,-0.01,-1,-1,-0.01,-1,-1,-0.01,-1,-1,-0.01,-1,-1,-0.01,-1,-1,-0.01,-1,-1
99926009,2026-05-18 10:35:21+05:30,52945.7,0,0.0,0,0.0,0.0,53282.15,53308.4,52783.45,53710.35,0,0.0,0.0,0.0,0.0,-0.01,-1,-1,-0.01,-1,-1,-0.01,-1,-1,-0.01,-1,-1,-0.01,-1,-1,-0.01,-1,-1,-0.01,-1,-1,-0.01,-1,-1,-0.01,-1,-1,-0.01,-1,-1
99926009,2026-05-18 10:35:22+05:30,52947.6,0,0.0,0,0.0,0.0,53282.15,53308.4,52783.45,53710.35,0,0.0,0.0,0.0,0.0,-0.01,-1,-1,-0.01,-1,-1,-0.01,-1,-1,-0.01,-1,-1,-0.01,-1,-1,-0.01,-1,-1,-0.01,-1,-1,-0.01,-1,-1,-0.01,-1,-1,-0.01,-1,-1
99926009,2026-05-18 10:35:22+05:30,52945.5,0,0.0,0,0.0,0.0,53282.15,53308.4,52783.45,53710.35,0,0.0,0.0,0.0,0.0,-0.01,-1,-1,-0.01,-1,-1,-0.01,-1,-1,-0.01,-1,-1,-0.01,-1,-1,-0.01,-1,-1,-0.01,-1,-1,-0.01,-1,-1,-0.01,-1,-1,-0.01,-1,-1
99926009,2026-05-18 10:35:23+05:30,52950.25,0,0.0,0,0.0,0.0,53282.15,53308.4,52783.45,53710.35,0,0.0,0.0,0.0,0.0,-0.01,-1,-1,-0.01,-1,-1,-0.01,-1,-1,-0.01,-1,-1,-0.01,-1,-1,-0.01,-1,-1,-0.01,-1,-1,-0.01,-1,-1,-0.01,-1,-1,-0.01,-1,-1
99926009,2026-05-18 10:35:23+05:30,52951.55,0,0.0,0,0.0,0.0,53282.15,53308.4,52783.45,53710.35,0,0.0,0.0,0.0,0.0,-0.01,-1,-1,-0.01,-1,-1,-0.01,-1,-1,-0.01,-1,-1,-0.01,-1,-1,-0.01,-1,-1,-0.01,-1,-1,-0.01,-1,-1,-0.01,-1,-1,-0.01,-1,-1
99926009,2026-05-18 10:35:24+05:30,52948.25,0,0.0,0,0.0,0.0,53282.15,53308.4,52783.45,53710.35,0,0.0,0.0,0.0,0.0,-0.01,-1,-1,-0.01,-1,-1,-0.01,-1,-1,-0.01,-1,-1,-0.01,-1,-1,-0.01,-1,-1,-0.01,-1,-1,-0.01,-1,-1,-0.01,-1,-1,-0.01,-1,-1
99926009,2026-05-18 10:35:24+05:30,52950.15,0,0.0,0,0.0,0.0,53282.15,53308.4,52783.45,53710.35,0,0.0,0.0,0.0,0.0,-0.01,-1,-1,-0.01,-1,-1,-0.01,-1,-1,-0.01,-1,-1,-0.01,-1,-1,-0.01,-1,-1,-0.01,-1,-1,-0.01,-1,-1,-0.01,-1,-1,-0.01,-1,-1
99926009,2026-05-18 10:35:25+05:30,52949.8,0,0.0,0,0.0,0.0,53282.15,53308.4,52783.45,53710.35,0,0.0,0.0,0.0,0.0,-0.01,-1,-1,-0.01,-1,-1,-0.01,-1,-1,-0.01,-1,-1,-0.01,-1,-1,-0.01,-1,-1,-0.01,-1,-1,-0.01,-1,-1,-0.01,-1,-1,-0.01,-1,-1
99926009,2026-05-18 10:35:25+05:30,52949.55,0,0.0,0,0.0,0.0,53282.15,53308.4,52783.45,53710.35,0,0.0,0.0,0.0,0.0,-0.01,-1,-1,-0.01,-1,-1,-0.01,-1,-1,-0.01,-1,-1,-0.01,-1,-1,-0.01,-1,-1,-0.01,-1,-1,-0.01,-1,-1,-0.01,-1,-1,-0.01,-1,-1
99926009,2026-05-18 10:35:26+05:30,52950.4,0,0.0,0,0.0,0.0,53282.15,53308.4,52783.45,53710.35,0,0.0,0.0,0.0,0.0,-0.01,-1,-1,-0.01,-1,-1,-0.01,-1,-1,-0.01,-1,-1,-0.01,-1,-1,-0.01,-1,-1,-0.01,-1,-1,-0.01,-1,-1,-0.01,-1,-1,-0.01,-1,-1
99926009,2026-05-18 10:35:26+05:30,52949.45,0,0.0,0,0.0,0.0,53282.15,53308.4,52783.45,53710.35,0,0.0,0.0,0.0,0.0,-0.01,-1,-1,-0.01,-1,-1,-0.01,-1,-1,-0.01,-1,-1,-0.01,-1,-1,-0.01,-1,-1,-0.01,-1,-1,-0.01,-1,-1,-0.01,-1,-1,-0.01,-1,-1
99926009,2026-05-18 10:35:27+05:30,52944.95,0,0.0,0,0.0,0.0,53282.15,53308.4,52783.45,53710.35,0,0.0,0.0,0.0,0.0,-0.01,-1,-1,-0.01,-1,-1,-0.01,-1,-1,-0.01,-1,-1,-0.01,-1,-1,-0.01,-1,-1,-0.01,-1,-1,-0.01,-1,-1,-0.01,-1,-1,-0.01,-1,-1
99926009,2026-05-18 10:35:27+05:30,52946.3,0,0.0,0,0.0,0.0,53282.15,53308.4,52783.45,53710.35,0,0.0,0.0,0.0,0.0,-0.01,-1,-1,-0.01,-1,-1,-0.01,-1,-1,-0.01,-1,-1,-0.01,-1,-1,-0.01,-1,-1,-0.01,-1,-1,-0.01,-1,-1,-0.01,-1,-1,-0.01,-1,-1
99926009,2026-05-18 10:35:28+05:30,52948.35,0,0.0,0,0.0,0.0,53282.15,53308.4,52783.45,53710.35,0,0.0,0.0,0.0,0.0,-0.01,-1,-1,-0.01,-1,-1,-0.01,-1,-1,-0.01,-1,-1,-0.01,-1,-1,-0.01,-1,-1,-0.01,-1,-1,-0.01,-1,-1,-0.01,-1,-1,-0.01,-1,-1
99926009,2026-05-18 10:35:28+05:30,52947.25,0,0.0,0,0.0,0.0,53282.15,53308.4,52783.45,53710.35,0,0.0,0.0,0.0,0.0,-0.01,-1,-1,-0.01,-1,-1,-0.01,-1,-1,-0.01,-1,-1,-0.01,-1,-1,-0.01,-1,-1,-0.01,-1,-1,-0.01,-1,-1,-0.01,-1,-1,-0.01,-1,-1
99926009,2026-05-18 10:35:29+05:30,52949.25,0,0.0,0,0.0,0.0,53282.15,53308.4,52783.45,53710.35,0,0.0,0.0,0.0,0.0,-0.01,-1,-1,-0.01,-1,-1,-0.01,-1,-1,-0.01,-1,-1,-0.01,-1,-1,-0.01,-1,-1,-0.01,-1,-1,-0.01,-1,-1,-0.01,-1,-1,-0.01,-1,-1
99926009,2026-05-18 10:35:29+05:30,52948.7,0,0.0,0,0.0,0.0,53282.15,53308.4,52783.45,53710.35,0,0.0,0.0,0.0,0.0,-0.01,-1,-1,-0.01,-1,-1,-0.01,-1,-1,-0.01,-1,-1,-0.01,-1,-1,-0.01,-1,-1,-0.01,-1,-1,-0.01,-1,-1,-0.01,-1,-1,-0.01,-1,-1
99926009,2026-05-18 10:35:30+05:30,52950.75,0,0.0,0,0.0,0.0,53282.15,53308.4,52783.45,53710.35,0,0.0,0.0,0.0,0.0,-0.01,-1,-1,-0.01,-1,-1,-0.01,-1,-1,-0.01,-1,-1,-0.01,-1,-1,-0.01,-1,-1,-0.01,-1,-1,-0.01,-1,-1,-0.01,-1,-1,-0.01,-1,-1
99926009,2026-05-18 10:35:30+05:30,52950.65,0,0.0,0,0.0,0.0,53282.15,53308.4,52783.45,53710.35,0,0.0,0.0,0.0,0.0,-0.01,-1,-1,-0.01,-1,-1,-0.01,-1,-1,-0.01,-1,-1,-0.01,-1,-1,-0.01,-1,-1,-0.01,-1,-1,-0.01,-1,-1,-0.01,-1,-1,-0.01,-1,-1
99926009,2026-05-18 10:35:31+05:30,52951.15,0,0.0,0,0.0,0.0,53282.15,53308.4,52783.45,53710.35,0,0.0,0.0,0.0,0.0,-0.01,-1,-1,-0.01,-1,-1,-0.01,-1,-1,-0.01,-1,-1,-0.01,-1,-1,-0.01,-1,-1,-0.01,-1,-1,-0.01,-1,-1,-0.01,-1,-1,-0.01,-1,-1
99926009,2026-05-18 10:35:31+05:30,52950.25,0,0.0,0,0.0,0.0,53282.15,53308.4,52783.45,53710.35,0,0.0,0.0,0.0,0.0,-0.01,-1,-1,-0.01,-1,-1,-0.01,-1,-1,-0.01,-1,-1,-0.01,-1,-1,-0.01,-1,-1,-0.01,-1,-1,-0.01,-1,-1,-0.01,-1,-1,-0.01,-1,-1
99926009,2026-05-18 10:35:32+05:30,52951.25,0,0.0,0,0.0,0.0,53282.15,53308.4,52783.45,53710.35,0,0.0,0.0,0.0,0.0,-0.01,-1,-1,-0.01,-1,-1,-0.01,-1,-1,-0.01,-1,-1,-0.01,-1,-1,-0.01,-1,-1,-0.01,-1,-1,-0.01,-1,-1,-0.01,-1,-1,-0.01,-1,-1
99926009,2026-05-18 10:35:32+05:30,52952.6,0,0.0,0,0.0,0.0,53282.15,53308.4,52783.45,53710.35,0,0.0,0.0,0.0,0.0,-0.01,-1,-1,-0.01,-1,-1,-0.01,-1,-1,-0.01,-1,-1,-0.01,-1,-1,-0.01,-1,-1,-0.01,-1,-1,-0.01,-1,-1,-0.01,-1,-1,-0.01,-1,-1
99926009,2026-05-18 10:35:33+05:30,52952.55,0,0.0,0,0.0,0.0,53282.15,53308.4,52783.45,53710.35,0,0.0,0.0,0.0,0.0,-0.01,-1,-1,-0.01,-1,-1,-0.01,-1,-1,-0.01,-1,-1,-0.01,-1,-1,-0.01,-1,-1,-0.01,-1,-1,-0.01,-1,-1,-0.01,-1,-1,-0.01,-1,-1
99926009,2026-05-18 10:35:33+05:30,52946.85,0,0.0,0,0.0,0.0,53282.15,53308.4,52783.45,53710.35,0,0.0,0.0,0.0,0.0,-0.01,-1,-1,-0.01,-1,-1,-0.01,-1,-1,-0.01,-1,-1,-0.01,-1,-1,-0.01,-1,-1,-0.01,-1,-1,-0.01,-1,-1,-0.01,-1,-1,-0.01,-1,-1
99926009,2026-05-18 10:35:34+05:30,52939.2,0,0.0,0,0.0,0.0,53282.15,53308.4,52783.45,53710.35,0,0.0,0.0,0.0,0.0,-0.01,-1,-1,-0.01,-1,-1,-0.01,-1,-1,-0.01,-1,-1,-0.01,-1,-1,-0.01,-1,-1,-0.01,-1,-1,-0.01,-1,-1,-0.01,-1,-1,-0.01,-1,-1
99926009,2026-05-18 10:35:34+05:30,52943.85,0,0.0,0,0.0,0.0,53282.15,53308.4,52783.45,53710.35,0,0.0,0.0,0.0,0.0,-0.01,-1,-1,-0.01,-1,-1,-0.01,-1,-1,-0.01,-1,-1,-0.01,-1,-1,-0.01,-1,-1,-0.01,-1,-1,-0.01,-1,-1,-0.01,-1,-1,-0.01,-1,-1
99926009,2026-05-18 10:35:35+05:30,52943.05,0,0.0,0,0.0,0.0,53282.15,53308.4,52783.45,53710.35,0,0.0,0.0,0.0,0.0,-0.01,-1,-1,-0.01,-1,-1,-0.01,-1,-1,-0.01,-1,-1,-0.01,-1,-1,-0.01,-1,-1,-0.01,-1,-1,-0.01,-1,-1,-0.01,-1,-1,-0.01,-1,-1
99926009,2026-05-18 10:35:35+05:30,52946.9,0,0.0,0,0.0,0.0,53282.15,53308.4,52783.45,53710.35,0,0.0,0.0,0.0,0.0,-0.01,-1,-1,-0.01,-1,-1,-0.01,-1,-1,-0.01,-1,-1,-0.01,-1,-1,-0.01,-1,-1,-0.01,-1,-1,-0.01,-1,-1,-0.01,-1,-1,-0.01,-1,-1
99926009,2026-05-18 10:35:36+05:30,52949.4,0,0.0,0,0.0,0.0,53282.15,53308.4,52783.45,53710.35,0,0.0,0.0,0.0,0.0,-0.01,-1,-1,-0.01,-1,-1,-0.01,-1,-1,-0.01,-1,-1,-0.01,-1,-1,-0.01,-1,-1,-0.01,-1,-1,-0.01,-1,-1,-0.01,-1,-1,-0.01,-1,-1
99926009,2026-05-18 10:35:36+05:30,52951.05,0,0.0,0,0.0,0.0,53282.15,53308.4,52783.45,53710.35,0,0.0,0.0,0.0,0.0,-0.01,-1,-1,-0.01,-1,-1,-0.01,-1,-1,-0.01,-1,-1,-0.01,-1,-1,-0.01,-1,-1,-0.01,-1,-1,-0.01,-1,-1,-0.01,-1,-1,-0.01,-1,-1
99926009,2026-05-18 10:35:37+05:30,52947.95,0,0.0,0,0.0,0.0,53282.15,53308.4,52783.45,53710.35,0,0.0,0.0,0.0,0.0,-0.01,-1,-1,-0.01,-1,-1,-0.01,-1,-1,-0.01,-1,-1,-0.01,-1,-1,-0.01,-1,-1,-0.01,-1,-1,-0.01,-1,-1,-0.01,-1,-1,-0.01,-1,-1
99926009,2026-05-18 10:35:37+05:30,52947.5,0,0.0,0,0.0,0.0,53282.15,53308.4,52783.45,53710.35,0,0.0,0.0,0.0,0.0,-0.01,-1,-1,-0.01,-1,-1,-0.01,-1,-1,-0.01,-1,-1,-0.01,-1,-1,-0.01,-1,-1,-0.01,-1,-1,-0.01,-1,-1,-0.01,-1,-1,-0.01,-1,-1
99926009,2026-05-18 10:35:38+05:30,52951.4,0,0.0,0,0.0,0.0,53282.15,53308.4,52783.45,53710.35,0,0.0,0.0,0.0,0.0,-0.01,-1,-1,-0.01,-1,-1,-0.01,-1,-1,-0.01,-1,-1,-0.01,-1,-1,-0.01,-1,-1,-0.01,-1,-1,-0.01,-1,-1,-0.01,-1,-1,-0.01,-1,-1
99926009,2026-05-18 10:35:38+05:30,52952.9,0,0.0,0,0.0,0.0,53282.15,53308.4,52783.45,53710.35,0,0.0,0.0,0.0,0.0,-0.01,-1,-1,-0.01,-1,-1,-0.01,-1,-1,-0.01,-1,-1,-0.01,-1,-1,-0.01,-1,-1,-0.01,-1,-1,-0.01,-1,-1,-0.01,-1,-1,-0.01,-1,-1
99926009,2026-05-18 10:35:39+05:30,52949.8,0,0.0,0,0.0,0.0,53282.15,53308.4,52783.45,53710.35,0,0.0,0.0,0.0,0.0,-0.01,-1,-1,-0.01,-1,-1,-0.01,-1,-1,-0.01,-1,-1,-0.01,-1,-1,-0.01,-1,-1,-0.01,-1,-1,-0.01,-1,-1,-0.01,-1,-1,-0.01,-1,-1
99926009,2026-05-18 10:35:39+05:30,52950.9,0,0.0,0,0.0,0.0,53282.15,53308.4,52783.45,53710.35,0,0.0,0.0,0.0,0.0,-0.01,-1,-1,-0.01,-1,-1,-0.01,-1,-1,-0.01,-1,-1,-0.01,-1,-1,-0.01,-1,-1,-0.01,-1,-1,-0.01,-1,-1,-0.01,-1,-1,-0.01,-1,-1
99926009,2026-05-18 10:35:40+05:30,52947.7,0,0.0,0,0.0,0.0,53282.15,53308.4,52783.45,53710.35,0,0.0,0.0,0.0,0.0,-0.01,-1,-1,-0.01,-1,-1,-0.01,-1,-1,-0.01,-1,-1,-0.01,-1,-1,-0.01,-1,-1,-0.01,-1,-1,-0.01,-1,-1,-0.01,-1,-1,-0.01,-1,-1
99926009,2026-05-18 10:35:40+05:30,52946.85,0,0.0,0,0.0,0.0,53282.15,53308.4,52783.45,53710.35,0,0.0,0.0,0.0,0.0,-0.01,-1,-1,-0.01,-1,-1,-0.01,-1,-1,-0.01,-1,-1,-0.01,-1,-1,-0.01,-1,-1,-0.01,-1,-1,-0.01,-1,-1,-0.01,-1,-1,-0.01,-1,-1
99926009,2026-05-18 10:35:41+05:30,52953.7,0,0.0,0,0.0,0.0,53282.15,53308.4,52783.45,53710.35,0,0.0,0.0,0.0,0.0,-0.01,-1,-1,-0.01,-1,-1,-0.01,-1,-1,-0.01,-1,-1,-0.01,-1,-1,-0.01,-1,-1,-0.01,-1,-1,-0.01,-1,-1,-0.01,-1,-1,-0.01,-1,-1
99926009,2026-05-18 10:35:41+05:30,52953.2,0,0.0,0,0.0,0.0,53282.15,53308.4,52783.45,53710.35,0,0.0,0.0,0.0,0.0,-0.01,-1,-1,-0.01,-1,-1,-0.01,-1,-1,-0.01,-1,-1,-0.01,-1,-1,-0.01,-1,-1,-0.01,-1,-1,-0.01,-1,-1,-0.01,-1,-1,-0.01,-1,-1
99926009,2026-05-18 10:35:42+05:30,52951.45,0,0.0,0,0.0,0.0,53282.15,53308.4,52783.45,53710.35,0,0.0,0.0,0.0,0.0,-0.01,-1,-1,-0.01,-1,-1,-0.01,-1,-1,-0.01,-1,-1,-0.01,-1,-1,-0.01,-1,-1,-0.01,-1,-1,-0.01,-1,-1,-0.01,-1,-1,-0.01,-1,-1
99926009,2026-05-18 10:35:42+05:30,52950.15,0,0.0,0,0.0,0.0,53282.15,53308.4,52783.45,53710.35,0,0.0,0.0,0.0,0.0,-0.01,-1,-1,-0.01,-1,-1,-0.01,-1,-1,-0.01,-1,-1,-0.01,-1,-1,-0.01,-1,-1,-0.01,-1,-1,-0.01,-1,-1,-0.01,-1,-1,-0.01,-1,-1
99926009,2026-05-18 10:35:43+05:30,52950.3,0,0.0,0,0.0,0.0,53282.15,53308.4,52783.45,53710.35,0,0.0,0.0,0.0,0.0,-0.01,-1,-1,-0.01,-1,-1,-0.01,-1,-1,-0.01,-1,-1,-0.01,-1,-1,-0.01,-1,-1,-0.01,-1,-1,-0.01,-1,-1,-0.01,-1,-1,-0.01,-1,-1
99926009,2026-05-18 10:35:43+05:30,52947.0,0,0.0,0,0.0,0.0,53282.15,53308.4,52783.45,53710.35,0,0.0,0.0,0.0,0.0,-0.01,-1,-1,-0.01,-1,-1,-0.01,-1,-1,-0.01,-1,-1,-0.01,-1,-1,-0.01,-1,-1,-0.01,-1,-1,-0.01,-1,-1,-0.01,-1,-1,-0.01,-1,-1
99926009,2026-05-18 10:35:44+05:30,52949.25,0,0.0,0,0.0,0.0,53282.15,53308.4,52783.45,53710.35,0,0.0,0.0,0.0,0.0,-0.01,-1,-1,-0.01,-1,-1,-0.01,-1,-1,-0.01,-1,-1,-0.01,-1,-1,-0.01,-1,-1,-0.01,-1,-1,-0.01,-1,-1,-0.01,-1,-1,-0.01,-1,-1
99926009,2026-05-18 10:35:44+05:30,52948.55,0,0.0,0,0.0,0.0,53282.15,53308.4,52783.45,53710.35,0,0.0,0.0,0.0,0.0,-0.01,-1,-1,-0.01,-1,-1,-0.01,-1,-1,-0.01,-1,-1,-0.01,-1,-1,-0.01,-1,-1,-0.01,-1,-1,-0.01,-1,-1,-0.01,-1,-1,-0.01,-1,-1
99926009,2026-05-18 10:35:45+05:30,52951.15,0,0.0,0,0.0,0.0,53282.15,53308.4,52783.45,53710.35,0,0.0,0.0,0.0,0.0,-0.01,-1,-1,-0.01,-1,-1,-0.01,-1,-1,-0.01,-1,-1,-0.01,-1,-1,-0.01,-1,-1,-0.01,-1,-1,-0.01,-1,-1,-0.01,-1,-1,-0.01,-1,-1
99926009,2026-05-18 10:35:45+05:30,52951.15,0,0.0,0,0.0,0.0,53282.15,53308.4,52783.45,53710.35,0,0.0,0.0,0.0,0.0,-0.01,-1,-1,-0.01,-1,-1,-0.01,-1,-1,-0.01,-1,-1,-0.01,-1,-1,-0.01,-1,-1,-0.01,-1,-1,-0.01,-1,-1,-0.01,-1,-1,-0.01,-1,-1
99926009,2026-05-18 10:35:46+05:30,52951.2,0,0.0,0,0.0,0.0,53282.15,53308.4,52783.45,53710.35,0,0.0,0.0,0.0,0.0,-0.01,-1,-1,-0.01,-1,-1,-0.01,-1,-1,-0.01,-1,-1,-0.01,-1,-1,-0.01,-1,-1,-0.01,-1,-1,-0.01,-1,-1,-0.01,-1,-1,-0.01,-1,-1
99926009,2026-05-18 10:35:46+05:30,52948.7,0,0.0,0,0.0,0.0,53282.15,53308.4,52783.45,53710.35,0,0.0,0.0,0.0,0.0,-0.01,-1,-1,-0.01,-1,-1,-0.01,-1,-1,-0.01,-1,-1,-0.01,-1,-1,-0.01,-1,-1,-0.01,-1,-1,-0.01,-1,-1,-0.01,-1,-1,-0.01,-1,-1
99926009,2026-05-18 10:35:47+05:30,52950.25,0,0.0,0,0.0,0.0,53282.15,53308.4,52783.45,53710.35,0,0.0,0.0,0.0,0.0,-0.01,-1,-1,-0.01,-1,-1,-0.01,-1,-1,-0.01,-1,-1,-0.01,-1,-1,-0.01,-1,-1,-0.01,-1,-1,-0.01,-1,-1,-0.01,-1,-1,-0.01,-1,-1
99926009,2026-05-18 10:35:47+05:30,52950.55,0,0.0,0,0.0,0.0,53282.15,53308.4,52783.45,53710.35,0,0.0,0.0,0.0,0.0,-0.01,-1,-1,-0.01,-1,-1,-0.01,-1,-1,-0.01,-1,-1,-0.01,-1,-1,-0.01,-1,-1,-0.01,-1,-1,-0.01,-1,-1,-0.01,-1,-1,-0.01,-1,-1
99926009,2026-05-18 10:35:48+05:30,52948.85,0,0.0,0,0.0,0.0,53282.15,53308.4,52783.45,53710.35,0,0.0,0.0,0.0,0.0,-0.01,-1,-1,-0.01,-1,-1,-0.01,-1,-1,-0.01,-1,-1,-0.01,-1,-1,-0.01,-1,-1,-0.01,-1,-1,-0.01,-1,-1,-0.01,-1,-1,-0.01,-1,-1
99926009,2026-05-18 10:35:48+05:30,52948.85,0,0.0,0,0.0,0.0,53282.15,53308.4,52783.45,53710.35,0,0.0,0.0,0.0,0.0,-0.01,-1,-1,-0.01,-1,-1,-0.01,-1,-1,-0.01,-1,-1,-0.01,-1,-1,-0.01,-1,-1,-0.01,-1,-1,-0.01,-1,-1,-0.01,-1,-1,-0.01,-1,-1
99926009,2026-05-18 10:35:49+05:30,52946.95,0,0.0,0,0.0,0.0,53282.15,53308.4,52783.45,53710.35,0,0.0,0.0,0.0,0.0,-0.01,-1,-1,-0.01,-1,-1,-0.01,-1,-1,-0.01,-1,-1,-0.01,-1,-1,-0.01,-1,-1,-0.01,-1,-1,-0.01,-1,-1,-0.01,-1,-1,-0.01,-1,-1
99926009,2026-05-18 10:35:49+05:30,52947.0,0,0.0,0,0.0,0.0,53282.15,53308.4,52783.45,53710.35,0,0.0,0.0,0.0,0.0,-0.01,-1,-1,-0.01,-1,-1,-0.01,-1,-1,-0.01,-1,-1,-0.01,-1,-1,-0.01,-1,-1,-0.01,-1,-1,-0.01,-1,-1,-0.01,-1,-1,-0.01,-1,-1
99926009,2026-05-18 10:35:50+05:30,52950.25,0,0.0,0,0.0,0.0,53282.15,53308.4,52783.45,53710.35,0,0.0,0.0,0.0,0.0,-0.01,-1,-1,-0.01,-1,-1,-0.01,-1,-1,-0.01,-1,-1,-0.01,-1,-1,-0.01,-1,-1,-0.01,-1,-1,-0.01,-1,-1,-0.01,-1,-1,-0.01,-1,-1
99926009,2026-05-18 10:35:50+05:30,52950.65,0,0.0,0,0.0,0.0,53282.15,53308.4,52783.45,53710.35,0,0.0,0.0,0.0,0.0,-0.01,-1,-1,-0.01,-1,-1,-0.01,-1,-1,-0.01,-1,-1,-0.01,-1,-1,-0.01,-1,-1,-0.01,-1,-1,-0.01,-1,-1,-0.01,-1,-1,-0.01,-1,-1
99926009,2026-05-18 10:35:51+05:30,52950.9,0,0.0,0,0.0,0.0,53282.15,53308.4,52783.45,53710.35,0,0.0,0.0,0.0,0.0,-0.01,-1,-1,-0.01,-1,-1,-0.01,-1,-1,-0.01,-1,-1,-0.01,-1,-1,-0.01,-1,-1,-0.01,-1,-1,-0.01,-1,-1,-0.01,-1,-1,-0.01,-1,-1
99926009,2026-05-18 10:35:51+05:30,52950.15,0,0.0,0,0.0,0.0,53282.15,53308.4,52783.45,53710.35,0,0.0,0.0,0.0,0.0,-0.01,-1,-1,-0.01,-1,-1,-0.01,-1,-1,-0.01,-1,-1,-0.01,-1,-1,-0.01,-1,-1,-0.01,-1,-1,-0.01,-1,-1,-0.01,-1,-1,-0.01,-1,-1
99926009,2026-05-18 10:35:52+05:30,52948.4,0,0.0,0,0.0,0.0,53282.15,53308.4,52783.45,53710.35,0,0.0,0.0,0.0,0.0,-0.01,-1,-1,-0.01,-1,-1,-0.01,-1,-1,-0.01,-1,-1,-0.01,-1,-1,-0.01,-1,-1,-0.01,-1,-1,-0.01,-1,-1,-0.01,-1,-1,-0.01,-1,-1
99926009,2026-05-18 10:35:52+05:30,52948.45,0,0.0,0,0.0,0.0,53282.15,53308.4,52783.45,53710.35,0,0.0,0.0,0.0,0.0,-0.01,-1,-1,-0.01,-1,-1,-0.01,-1,-1,-0.01,-1,-1,-0.01,-1,-1,-0.01,-1,-1,-0.01,-1,-1,-0.01,-1,-1,-0.01,-1,-1,-0.01,-1,-1
99926009,2026-05-18 10:35:53+05:30,52949.0,0,0.0,0,0.0,0.0,53282.15,53308.4,52783.45,53710.35,0,0.0,0.0,0.0,0.0,-0.01,-1,-1,-0.01,-1,-1,-0.01,-1,-1,-0.01,-1,-1,-0.01,-1,-1,-0.01,-1,-1,-0.01,-1,-1,-0.01,-1,-1,-0.01,-1,-1,-0.01,-1,-1
99926009,2026-05-18 10:35:53+05:30,52949.55,0,0.0,0,0.0,0.0,53282.15,53308.4,52783.45,53710.35,0,0.0,0.0,0.0,0.0,-0.01,-1,-1,-0.01,-1,-1,-0.01,-1,-1,-0.01,-1,-1,-0.01,-1,-1,-0.01,-1,-1,-0.01,-1,-1,-0.01,-1,-1,-0.01,-1,-1,-0.01,-1,-1
99926009,2026-05-18 10:35:54+05:30,52948.4,0,0.0,0,0.0,0.0,53282.15,53308.4,52783.45,53710.35,0,0.0,0.0,0.0,0.0,-0.01,-1,-1,-0.01,-1,-1,-0.01,-1,-1,-0.01,-1,-1,-0.01,-1,-1,-0.01,-1,-1,-0.01,-1,-1,-0.01,-1,-1,-0.01,-1,-1,-0.01,-1,-1
99926009,2026-05-18 10:35:54+05:30,52948.05,0,0.0,0,0.0,0.0,53282.15,53308.4,52783.45,53710.35,0,0.0,0.0,0.0,0.0,-0.01,-1,-1,-0.01,-1,-1,-0.01,-1,-1,-0.01,-1,-1,-0.01,-1,-1,-0.01,-1,-1,-0.01,-1,-1,-0.01,-1,-1,-0.01,-1,-1,-0.01,-1,-1
99926009,2026-05-18 10:35:55+05:30,52950.75,0,0.0,0,0.0,0.0,53282.15,53308.4,52783.45,53710.35,0,0.0,0.0,0.0,0.0,-0.01,-1,-1,-0.01,-1,-1,-0.01,-1,-1,-0.01,-1,-1,-0.01,-1,-1,-0.01,-1,-1,-0.01,-1,-1,-0.01,-1,-1,-0.01,-1,-1,-0.01,-1,-1
99926009,2026-05-18 10:35:55+05:30,52938.6,0,0.0,0,0.0,0.0,53282.15,53308.4,52783.45,53710.35,0,0.0,0.0,0.0,0.0,-0.01,-1,-1,-0.01,-1,-1,-0.01,-1,-1,-0.01,-1,-1,-0.01,-1,-1,-0.01,-1,-1,-0.01,-1,-1,-0.01,-1,-1,-0.01,-1,-1,-0.01,-1,-1
99926009,2026-05-18 10:35:56+05:30,52942.5,0,0.0,0,0.0,0.0,53282.15,53308.4,52783.45,53710.35,0,0.0,0.0,0.0,0.0,-0.01,-1,-1,-0.01,-1,-1,-0.01,-1,-1,-0.01,-1,-1,-0.01,-1,-1,-0.01,-1,-1,-0.01,-1,-1,-0.01,-1,-1,-0.01,-1,-1,-0.01,-1,-1
99926009,2026-05-18 10:35:56+05:30,52944.95,0,0.0,0,0.0,0.0,53282.15,53308.4,52783.45,53710.35,0,0.0,0.0,0.0,0.0,-0.01,-1,-1,-0.01,-1,-1,-0.01,-1,-1,-0.01,-1,-1,-0.01,-1,-1,-0.01,-1,-1,-0.01,-1,-1,-0.01,-1,-1,-0.01,-1,-1,-0.01,-1,-1
99926009,2026-05-18 10:35:57+05:30,52944.25,0,0.0,0,0.0,0.0,53282.15,53308.4,52783.45,53710.35,0,0.0,0.0,0.0,0.0,-0.01,-1,-1,-0.01,-1,-1,-0.01,-1,-1,-0.01,-1,-1,-0.01,-1,-1,-0.01,-1,-1,-0.01,-1,-1,-0.01,-1,-1,-0.01,-1,-1,-0.01,-1,-1
99926009,2026-05-18 10:35:57+05:30,52944.45,0,0.0,0,0.0,0.0,53282.15,53308.4,52783.45,53710.35,0,0.0,0.0,0.0,0.0,-0.01,-1,-1,-0.01,-1,-1,-0.01,-1,-1,-0.01,-1,-1,-0.01,-1,-1,-0.01,-1,-1,-0.01,-1,-1,-0.01,-1,-1,-0.01,-1,-1,-0.01,-1,-1
99926009,2026-05-18 10:35:58+05:30,52941.05,0,0.0,0,0.0,0.0,53282.15,53308.4,52783.45,53710.35,0,0.0,0.0,0.0,0.0,-0.01,-1,-1,-0.01,-1,-1,-0.01,-1,-1,-0.01,-1,-1,-0.01,-1,-1,-0.01,-1,-1,-0.01,-1,-1,-0.01,-1,-1,-0.01,-1,-1,-0.01,-1,-1
99926009,2026-05-18 10:35:58+05:30,52942.6,0,0.0,0,0.0,0.0,53282.15,53308.4,52783.45,53710.35,0,0.0,0.0,0.0,0.0,-0.01,-1,-1,-0.01,-1,-1,-0.01,-1,-1,-0.01,-1,-1,-0.01,-1,-1,-0.01,-1,-1,-0.01,-1,-1,-0.01,-1,-1,-0.01,-1,-1,-0.01,-1,-1
99926009,2026-05-18 10:35:59+05:30,52944.6,0,0.0,0,0.0,0.0,53282.15,53308.4,52783.45,53710.35,0,0.0,0.0,0.0,0.0,-0.01,-1,-1,-0.01,-1,-1,-0.01,-1,-1,-0.01,-1,-1,-0.01,-1,-1,-0.01,-1,-1,-0.01,-1,-1,-0.01,-1,-1,-0.01,-1,-1,-0.01,-1,-1
99926009,2026-05-18 10:35:59+05:30,52947.55,0,0.0,0,0.0,0.0,53282.15,53308.4,52783.45,53710.35,0,0.0,0.0,0.0,0.0,-0.01,-1,-1,-0.01,-1,-1,-0.01,-1,-1,-0.01,-1,-1,-0.01,-1,-1,-0.01,-1,-1,-0.01,-1,-1,-0.01,-1,-1,-0.01,-1,-1,-0.01,-1,-1
99926009,2026-05-18 10:36:00+05:30,52948.95,0,0.0,0,0.0,0.0,53282.15,53308.4,52783.45,53710.35,0,0.0,0.0,0.0,0.0,-0.01,-1,-1,-0.01,-1,-1,-0.01,-1,-1,-0.01,-1,-1,-0.01,-1,-1,-0.01,-1,-1,-0.01,-1,-1,-0.01,-1,-1,-0.01,-1,-1,-0.01,-1,-1
99926009,2026-05-18 10:36:00+05:30,52948.2,0,0.0,0,0.0,0.0,53282.15,53308.4,52783.45,53710.35,0,0.0,0.0,0.0,0.0,-0.01,-1,-1,-0.01,-1,-1,-0.01,-1,-1,-0.01,-1,-1,-0.01,-1,-1,-0.01,-1,-1,-0.01,-1,-1,-0.01,-1,-1,-0.01,-1,-1,-0.01,-1,-1
99926009,2026-05-18 10:36:01+05:30,52950.25,0,0.0,0,0.0,0.0,53282.15,53308.4,52783.45,53710.35,0,0.0,0.0,0.0,0.0,-0.01,-1,-1,-0.01,-1,-1,-0.01,-1,-1,-0.01,-1,-1,-0.01,-1,-1,-0.01,-1,-1,-0.01,-1,-1,-0.01,-1,-1,-0.01,-1,-1,-0.01,-1,-1
99926009,2026-05-18 10:36:01+05:30,52947.75,0,0.0,0,0.0,0.0,53282.15,53308.4,52783.45,53710.35,0,0.0,0.0,0.0,0.0,-0.01,-1,-1,-0.01,-1,-1,-0.01,-1,-1,-0.01,-1,-1,-0.01,-1,-1,-0.01,-1,-1,-0.01,-1,-1,-0.01,-1,-1,-0.01,-1,-1,-0.01,-1,-1
99926009,2026-05-18 10:36:02+05:30,52943.0,0,0.0,0,0.0,0.0,53282.15,53308.4,52783.45,53710.35,0,0.0,0.0,0.0,0.0,-0.01,-1,-1,-0.01,-1,-1,-0.01,-1,-1,-0.01,-1,-1,-0.01,-1,-1,-0.01,-1,-1,-0.01,-1,-1,-0.01,-1,-1,-0.01,-1,-1,-0.01,-1,-1
99926009,2026-05-18 10:36:02+05:30,52942.65,0,0.0,0,0.0,0.0,53282.15,53308.4,52783.45,53710.35,0,0.0,0.0,0.0,0.0,-0.01,-1,-1,-0.01,-1,-1,-0.01,-1,-1,-0.01,-1,-1,-0.01,-1,-1,-0.01,-1,-1,-0.01,-1,-1,-0.01,-1,-1,-0.01,-1,-1,-0.01,-1,-1
99926009,2026-05-18 10:36:03+05:30,52939.1,0,0.0,0,0.0,0.0,53282.15,53308.4,52783.45,53710.35,0,0.0,0.0,0.0,0.0,-0.01,-1,-1,-0.01,-1,-1,-0.01,-1,-1,-0.01,-1,-1,-0.01,-1,-1,-0.01,-1,-1,-0.01,-1,-1,-0.01,-1,-1,-0.01,-1,-1,-0.01,-1,-1
99926009,2026-05-18 10:36:03+05:30,52945.25,0,0.0,0,0.0,0.0,53282.15,53308.4,52783.45,53710.35,0,0.0,0.0,0.0,0.0,-0.01,-1,-1,-0.01,-1,-1,-0.01,-1,-1,-0.01,-1,-1,-0.01,-1,-1,-0.01,-1,-1,-0.01,-1,-1,-0.01,-1,-1,-0.01,-1,-1,-0.01,-1,-1
99926009,2026-05-18 10:36:04+05:30,52944.2,0,0.0,0,0.0,0.0,53282.15,53308.4,52783.45,53710.35,0,0.0,0.0,0.0,0.0,-0.01,-1,-1,-0.01,-1,-1,-0.01,-1,-1,-0.01,-1,-1,-0.01,-1,-1,-0.01,-1,-1,-0.01,-1,-1,-0.01,-1,-1,-0.01,-1,-1,-0.01,-1,-1
99926009,2026-05-18 10:36:04+05:30,52944.7,0,0.0,0,0.0,0.0,53282.15,53308.4,52783.45,53710.35,0,0.0,0.0,0.0,0.0,-0.01,-1,-1,-0.01,-1,-1,-0.01,-1,-1,-0.01,-1,-1,-0.01,-1,-1,-0.01,-1,-1,-0.01,-1,-1,-0.01,-1,-1,-0.01,-1,-1,-0.01,-1,-1
99926009,2026-05-18 10:36:05+05:30,52946.2,0,0.0,0,0.0,0.0,53282.15,53308.4,52783.45,53710.35,0,0.0,0.0,0.0,0.0,-0.01,-1,-1,-0.01,-1,-1,-0.01,-1,-1,-0.01,-1,-1,-0.01,-1,-1,-0.01,-1,-1,-0.01,-1,-1,-0.01,-1,-1,-0.01,-1,-1,-0.01,-1,-1
99926009,2026-05-18 10:36:05+05:30,52944.35,0,0.0,0,0.0,0.0,53282.15,53308.4,52783.45,53710.35,0,0.0,0.0,0.0,0.0,-0.01,-1,-1,-0.01,-1,-1,-0.01,-1,-1,-0.01,-1,-1,-0.01,-1,-1,-0.01,-1,-1,-0.01,-1,-1,-0.01,-1,-1,-0.01,-1,-1,-0.01,-1,-1
99926009,2026-05-18 10:36:06+05:30,52948.55,0,0.0,0,0.0,0.0,53282.15,53308.4,52783.45,53710.35,0,0.0,0.0,0.0,0.0,-0.01,-1,-1,-0.01,-1,-1,-0.01,-1,-1,-0.01,-1,-1,-0.01,-1,-1,-0.01,-1,-1,-0.01,-1,-1,-0.01,-1,-1,-0.01,-1,-1,-0.01,-1,-1
99926009,2026-05-18 10:36:06+05:30,52947.95,0,0.0,0,0.0,0.0,53282.15,53308.4,52783.45,53710.35,0,0.0,0.0,0.0,0.0,-0.01,-1,-1,-0.01,-1,-1,-0.01,-1,-1,-0.01,-1,-1,-0.01,-1,-1,-0.01,-1,-1,-0.01,-1,-1,-0.01,-1,-1,-0.01,-1,-1,-0.01,-1,-1
99926009,2026-05-18 10:36:07+05:30,52948.45,0,0.0,0,0.0,0.0,53282.15,53308.4,52783.45,53710.35,0,0.0,0.0,0.0,0.0,-0.01,-1,-1,-0.01,-1,-1,-0.01,-1,-1,-0.01,-1,-1,-0.01,-1,-1,-0.01,-1,-1,-0.01,-1,-1,-0.01,-1,-1,-0.01,-1,-1,-0.01,-1,-1
99926009,2026-05-18 10:36:07+05:30,52946.45,0,0.0,0,0.0,0.0,53282.15,53308.4,52783.45,53710.35,0,0.0,0.0,0.0,0.0,-0.01,-1,-1,-0.01,-1,-1,-0.01,-1,-1,-0.01,-1,-1,-0.01,-1,-1,-0.01,-1,-1,-0.01,-1,-1,-0.01,-1,-1,-0.01,-1,-1,-0.01,-1,-1
99926009,2026-05-18 10:36:08+05:30,52946.85,0,0.0,0,0.0,0.0,53282.15,53308.4,52783.45,53710.35,0,0.0,0.0,0.0,0.0,-0.01,-1,-1,-0.01,-1,-1,-0.01,-1,-1,-0.01,-1,-1,-0.01,-1,-1,-0.01,-1,-1,-0.01,-1,-1,-0.01,-1,-1,-0.01,-1,-1,-0.01,-1,-1
99926009,2026-05-18 10:36:08+05:30,52944.6,0,0.0,0,0.0,0.0,53282.15,53308.4,52783.45,53710.35,0,0.0,0.0,0.0,0.0,-0.01,-1,-1,-0.01,-1,-1,-0.01,-1,-1,-0.01,-1,-1,-0.01,-1,-1,-0.01,-1,-1,-0.01,-1,-1,-0.01,-1,-1,-0.01,-1,-1,-0.01,-1,-1
99926009,2026-05-18 10:36:09+05:30,52942.95,0,0.0,0,0.0,0.0,53282.15,53308.4,52783.45,53710.35,0,0.0,0.0,0.0,0.0,-0.01,-1,-1,-0.01,-1,-1,-0.01,-1,-1,-0.01,-1,-1,-0.01,-1,-1,-0.01,-1,-1,-0.01,-1,-1,-0.01,-1,-1,-0.01,-1,-1,-0.01,-1,-1
99926009,2026-05-18 10:36:09+05:30,52940.35,0,0.0,0,0.0,0.0,53282.15,53308.4,52783.45,53710.35,0,0.0,0.0,0.0,0.0,-0.01,-1,-1,-0.01,-1,-1,-0.01,-1,-1,-0.01,-1,-1,-0.01,-1,-1,-0.01,-1,-1,-0.01,-1,-1,-0.01,-1,-1,-0.01,-1,-1,-0.01,-1,-1
99926009,2026-05-18 10:36:10+05:30,52940.65,0,0.0,0,0.0,0.0,53282.15,53308.4,52783.45,53710.35,0,0.0,0.0,0.0,0.0,-0.01,-1,-1,-0.01,-1,-1,-0.01,-1,-1,-0.01,-1,-1,-0.01,-1,-1,-0.01,-1,-1,-0.01,-1,-1,-0.01,-1,-1,-0.01,-1,-1,-0.01,-1,-1
99926009,2026-05-18 10:36:10+05:30,52938.75,0,0.0,0,0.0,0.0,53282.15,53308.4,52783.45,53710.35,0,0.0,0.0,0.0,0.0,-0.01,-1,-1,-0.01,-1,-1,-0.01,-1,-1,-0.01,-1,-1,-0.01,-1,-1,-0.01,-1,-1,-0.01,-1,-1,-0.01,-1,-1,-0.01,-1,-1,-0.01,-1,-1
99926009,2026-05-18 10:36:11+05:30,52941.9,0,0.0,0,0.0,0.0,53282.15,53308.4,52783.45,53710.35,0,0.0,0.0,0.0,0.0,-0.01,-1,-1,-0.01,-1,-1,-0.01,-1,-1,-0.01,-1,-1,-0.01,-1,-1,-0.01,-1,-1,-0.01,-1,-1,-0.01,-1,-1,-0.01,-1,-1,-0.01,-1,-1
99926009,2026-05-18 10:36:11+05:30,52937.55,0,0.0,0,0.0,0.0,53282.15,53308.4,52783.45,53710.35,0,0.0,0.0,0.0,0.0,-0.01,-1,-1,-0.01,-1,-1,-0.01,-1,-1,-0.01,-1,-1,-0.01,-1,-1,-0.01,-1,-1,-0.01,-1,-1,-0.01,-1,-1,-0.01,-1,-1,-0.01,-1,-1
99926009,2026-05-18 10:36:12+05:30,52939.2,0,0.0,0,0.0,0.0,53282.15,53308.4,52783.45,53710.35,0,0.0,0.0,0.0,0.0,-0.01,-1,-1,-0.01,-1,-1,-0.01,-1,-1,-0.01,-1,-1,-0.01,-1,-1,-0.01,-1,-1,-0.01,-1,-1,-0.01,-1,-1,-0.01,-1,-1,-0.01,-1,-1
99926009,2026-05-18 10:36:12+05:30,52939.0,0,0.0,0,0.0,0.0,53282.15,53308.4,52783.45,53710.35,0,0.0,0.0,0.0,0.0,-0.01,-1,-1,-0.01,-1,-1,-0.01,-1,-1,-0.01,-1,-1,-0.01,-1,-1,-0.01,-1,-1,-0.01,-1,-1,-0.01,-1,-1,-0.01,-1,-1,-0.01,-1,-1
99926009,2026-05-18 10:36:13+05:30,52934.4,0,0.0,0,0.0,0.0,53282.15,53308.4,52783.45,53710.35,0,0.0,0.0,0.0,0.0,-0.01,-1,-1,-0.01,-1,-1,-0.01,-1,-1,-0.01,-1,-1,-0.01,-1,-1,-0.01,-1,-1,-0.01,-1,-1,-0.01,-1,-1,-0.01,-1,-1,-0.01,-1,-1
99926009,2026-05-18 10:36:13+05:30,52934.0,0,0.0,0,0.0,0.0,53282.15,53308.4,52783.45,53710.35,0,0.0,0.0,0.0,0.0,-0.01,-1,-1,-0.01,-1,-1,-0.01,-1,-1,-0.01,-1,-1,-0.01,-1,-1,-0.01,-1,-1,-0.01,-1,-1,-0.01,-1,-1,-0.01,-1,-1,-0.01,-1,-1
99926009,2026-05-18 10:36:14+05:30,52935.8,0,0.0,0,0.0,0.0,53282.15,53308.4,52783.45,53710.35,0,0.0,0.0,0.0,0.0,-0.01,-1,-1,-0.01,-1,-1,-0.01,-1,-1,-0.01,-1,-1,-0.01,-1,-1,-0.01,-1,-1,-0.01,-1,-1,-0.01,-1,-1,-0.01,-1,-1,-0.01,-1,-1
99926009,2026-05-18 10:36:14+05:30,52933.75,0,0.0,0,0.0,0.0,53282.15,53308.4,52783.45,53710.35,0,0.0,0.0,0.0,0.0,-0.01,-1,-1,-0.01,-1,-1,-0.01,-1,-1,-0.01,-1,-1,-0.01,-1,-1,-0.01,-1,-1,-0.01,-1,-1,-0.01,-1,-1,-0.01,-1,-1,-0.01,-1,-1
99926009,2026-05-18 10:36:15+05:30,52934.35,0,0.0,0,0.0,0.0,53282.15,53308.4,52783.45,53710.35,0,0.0,0.0,0.0,0.0,-0.01,-1,-1,-0.01,-1,-1,-0.01,-1,-1,-0.01,-1,-1,-0.01,-1,-1,-0.01,-1,-1,-0.01,-1,-1,-0.01,-1,-1,-0.01,-1,-1,-0.01,-1,-1
99926009,2026-05-18 10:36:15+05:30,52932.7,0,0.0,0,0.0,0.0,53282.15,53308.4,52783.45,53710.35,0,0.0,0.0,0.0,0.0,-0.01,-1,-1,-0.01,-1,-1,-0.01,-1,-1,-0.01,-1,-1,-0.01,-1,-1,-0.01,-1,-1,-0.01,-1,-1,-0.01,-1,-1,-0.01,-1,-1,-0.01,-1,-1
99926009,2026-05-18 10:36:16+05:30,52931.8,0,0.0,0,0.0,0.0,53282.15,53308.4,52783.45,53710.35,0,0.0,0.0,0.0,0.0,-0.01,-1,-1,-0.01,-1,-1,-0.01,-1,-1,-0.01,-1,-1,-0.01,-1,-1,-0.01,-1,-1,-0.01,-1,-1,-0.01,-1,-1,-0.01,-1,-1,-0.01,-1,-1
99926009,2026-05-18 10:36:16+05:30,52932.35,0,0.0,0,0.0,0.0,53282.15,53308.4,52783.45,53710.35,0,0.0,0.0,0.0,0.0,-0.01,-1,-1,-0.01,-1,-1,-0.01,-1,-1,-0.01,-1,-1,-0.01,-1,-1,-0.01,-1,-1,-0.01,-1,-1,-0.01,-1,-1,-0.01,-1,-1,-0.01,-1,-1
99926009,2026-05-18 10:36:17+05:30,52933.6,0,0.0,0,0.0,0.0,53282.15,53308.4,52783.45,53710.35,0,0.0,0.0,0.0,0.0,-0.01,-1,-1,-0.01,-1,-1,-0.01,-1,-1,-0.01,-1,-1,-0.01,-1,-1,-0.01,-1,-1,-0.01,-1,-1,-0.01,-1,-1,-0.01,-1,-1,-0.01,-1,-1
99926009,2026-05-18 10:36:17+05:30,52931.6,0,0.0,0,0.0,0.0,53282.15,53308.4,52783.45,53710.35,0,0.0,0.0,0.0,0.0,-0.01,-1,-1,-0.01,-1,-1,-0.01,-1,-1,-0.01,-1,-1,-0.01,-1,-1,-0.01,-1,-1,-0.01,-1,-1,-0.01,-1,-1,-0.01,-1,-1,-0.01,-1,-1
99926009,2026-05-18 10:36:18+05:30,52931.8,0,0.0,0,0.0,0.0,53282.15,53308.4,52783.45,53710.35,0,0.0,0.0,0.0,0.0,-0.01,-1,-1,-0.01,-1,-1,-0.01,-1,-1,-0.01,-1,-1,-0.01,-1,-1,-0.01,-1,-1,-0.01,-1,-1,-0.01,-1,-1,-0.01,-1,-1,-0.01,-1,-1
99926009,2026-05-18 10:36:18+05:30,52936.1,0,0.0,0,0.0,0.0,53282.15,53308.4,52783.45,53710.35,0,0.0,0.0,0.0,0.0,-0.01,-1,-1,-0.01,-1,-1,-0.01,-1,-1,-0.01,-1,-1,-0.01,-1,-1,-0.01,-1,-1,-0.01,-1,-1,-0.01,-1,-1,-0.01,-1,-1,-0.01,-1,-1
99926009,2026-05-18 10:36:19+05:30,52934.45,0,0.0,0,0.0,0.0,53282.15,53308.4,52783.45,53710.35,0,0.0,0.0,0.0,0.0,-0.01,-1,-1,-0.01,-1,-1,-0.01,-1,-1,-0.01,-1,-1,-0.01,-1,-1,-0.01,-1,-1,-0.01,-1,-1,-0.01,-1,-1,-0.01,-1,-1,-0.01,-1,-1
99926009,2026-05-18 10:36:19+05:30,52933.45,0,0.0,0,0.0,0.0,53282.15,53308.4,52783.45,53710.35,0,0.0,0.0,0.0,0.0,-0.01,-1,-1,-0.01,-1,-1,-0.01,-1,-1,-0.01,-1,-1,-0.01,-1,-1,-0.01,-1,-1,-0.01,-1,-1,-0.01,-1,-1,-0.01,-1,-1,-0.01,-1,-1
99926009,2026-05-18 10:36:20+05:30,52936.7,0,0.0,0,0.0,0.0,53282.15,53308.4,52783.45,53710.35,0,0.0,0.0,0.0,0.0,-0.01,-1,-1,-0.01,-1,-1,-0.01,-1,-1,-0.01,-1,-1,-0.01,-1,-1,-0.01,-1,-1,-0.01,-1,-1,-0.01,-1,-1,-0.01,-1,-1,-0.01,-1,-1
99926009,2026-05-18 10:36:20+05:30,52923.85,0,0.0,0,0.0,0.0,53282.15,53308.4,52783.45,53710.35,0,0.0,0.0,0.0,0.0,-0.01,-1,-1,-0.01,-1,-1,-0.01,-1,-1,-0.01,-1,-1,-0.01,-1,-1,-0.01,-1,-1,-0.01,-1,-1,-0.01,-1,-1,-0.01,-1,-1,-0.01,-1,-1
99926009,2026-05-18 10:36:21+05:30,52929.55,0,0.0,0,0.0,0.0,53282.15,53308.4,52783.45,53710.35,0,0.0,0.0,0.0,0.0,-0.01,-1,-1,-0.01,-1,-1,-0.01,-1,-1,-0.01,-1,-1,-0.01,-1,-1,-0.01,-1,-1,-0.01,-1,-1,-0.01,-1,-1,-0.01,-1,-1,-0.01,-1,-1
99926009,2026-05-18 10:36:21+05:30,52930.1,0,0.0,0,0.0,0.0,53282.15,53308.4,52783.45,53710.35,0,0.0,0.0,0.0,0.0,-0.01,-1,-1,-0.01,-1,-1,-0.01,-1,-1,-0.01,-1,-1,-0.01,-1,-1,-0.01,-1,-1,-0.01,-1,-1,-0.01,-1,-1,-0.01,-1,-1,-0.01,-1,-1
99926009,2026-05-18 10:36:22+05:30,52931.4,0,0.0,0,0.0,0.0,53282.15,53308.4,52783.45,53710.35,0,0.0,0.0,0.0,0.0,-0.01,-1,-1,-0.01,-1,-1,-0.01,-1,-1,-0.01,-1,-1,-0.01,-1,-1,-0.01,-1,-1,-0.01,-1,-1,-0.01,-1,-1,-0.01,-1,-1,-0.01,-1,-1
99926009,2026-05-18 10:36:22+05:30,52932.9,0,0.0,0,0.0,0.0,53282.15,53308.4,52783.45,53710.35,0,0.0,0.0,0.0,0.0,-0.01,-1,-1,-0.01,-1,-1,-0.01,-1,-1,-0.01,-1,-1,-0.01,-1,-1,-0.01,-1,-1,-0.01,-1,-1,-0.01,-1,-1,-0.01,-1,-1,-0.01,-1,-1
99926009,2026-05-18 10:36:23+05:30,52933.8,0,0.0,0,0.0,0.0,53282.15,53308.4,52783.45,53710.35,0,0.0,0.0,0.0,0.0,-0.01,-1,-1,-0.01,-1,-1,-0.01,-1,-1,-0.01,-1,-1,-0.01,-1,-1,-0.01,-1,-1,-0.01,-1,-1,-0.01,-1,-1,-0.01,-1,-1,-0.01,-1,-1
99926009,2026-05-18 10:36:23+05:30,52932.3,0,0.0,0,0.0,0.0,53282.15,53308.4,52783.45,53710.35,0,0.0,0.0,0.0,0.0,-0.01,-1,-1,-0.01,-1,-1,-0.01,-1,-1,-0.01,-1,-1,-0.01,-1,-1,-0.01,-1,-1,-0.01,-1,-1,-0.01,-1,-1,-0.01,-1,-1,-0.01,-1,-1
99926009,2026-05-18 10:36:24+05:30,52931.15,0,0.0,0,0.0,0.0,53282.15,53308.4,52783.45,53710.35,0,0.0,0.0,0.0,0.0,-0.01,-1,-1,-0.01,-1,-1,-0.01,-1,-1,-0.01,-1,-1,-0.01,-1,-1,-0.01,-1,-1,-0.01,-1,-1,-0.01,-1,-1,-0.01,-1,-1,-0.01,-1,-1
99926009,2026-05-18 10:36:24+05:30,52931.65,0,0.0,0,0.0,0.0,53282.15,53308.4,52783.45,53710.35,0,0.0,0.0,0.0,0.0,-0.01,-1,-1,-0.01,-1,-1,-0.01,-1,-1,-0.01,-1,-1,-0.01,-1,-1,-0.01,-1,-1,-0.01,-1,-1,-0.01,-1,-1,-0.01,-1,-1,-0.01,-1,-1
99926009,2026-05-18 10:36:25+05:30,52934.5,0,0.0,0,0.0,0.0,53282.15,53308.4,52783.45,53710.35,0,0.0,0.0,0.0,0.0,-0.01,-1,-1,-0.01,-1,-1,-0.01,-1,-1,-0.01,-1,-1,-0.01,-1,-1,-0.01,-1,-1,-0.01,-1,-1,-0.01,-1,-1,-0.01,-1,-1,-0.01,-1,-1
99926009,2026-05-18 10:36:25+05:30,52931.05,0,0.0,0,0.0,0.0,53282.15,53308.4,52783.45,53710.35,0,0.0,0.0,0.0,0.0,-0.01,-1,-1,-0.01,-1,-1,-0.01,-1,-1,-0.01,-1,-1,-0.01,-1,-1,-0.01,-1,-1,-0.01,-1,-1,-0.01,-1,-1,-0.01,-1,-1,-0.01,-1,-1
99926009,2026-05-18 10:36:26+05:30,52930.9,0,0.0,0,0.0,0.0,53282.15,53308.4,52783.45,53710.35,0,0.0,0.0,0.0,0.0,-0.01,-1,-1,-0.01,-1,-1,-0.01,-1,-1,-0.01,-1,-1,-0.01,-1,-1,-0.01,-1,-1,-0.01,-1,-1,-0.01,-1,-1,-0.01,-1,-1,-0.01,-1,-1
99926009,2026-05-18 10:36:26+05:30,52931.95,0,0.0,0,0.0,0.0,53282.15,53308.4,52783.45,53710.35,0,0.0,0.0,0.0,0.0,-0.01,-1,-1,-0.01,-1,-1,-0.01,-1,-1,-0.01,-1,-1,-0.01,-1,-1,-0.01,-1,-1,-0.01,-1,-1,-0.01,-1,-1,-0.01,-1,-1,-0.01,-1,-1
99926009,2026-05-18 10:36:27+05:30,52934.55,0,0.0,0,0.0,0.0,53282.15,53308.4,52783.45,53710.35,0,0.0,0.0,0.0,0.0,-0.01,-1,-1,-0.01,-1,-1,-0.01,-1,-1,-0.01,-1,-1,-0.01,-1,-1,-0.01,-1,-1,-0.01,-1,-1,-0.01,-1,-1,-0.01,-1,-1,-0.01,-1,-1
99926009,2026-05-18 10:36:27+05:30,52933.25,0,0.0,0,0.0,0.0,53282.15,53308.4,52783.45,53710.35,0,0.0,0.0,0.0,0.0,-0.01,-1,-1,-0.01,-1,-1,-0.01,-1,-1,-0.01,-1,-1,-0.01,-1,-1,-0.01,-1,-1,-0.01,-1,-1,-0.01,-1,-1,-0.01,-1,-1,-0.01,-1,-1
99926009,2026-05-18 10:36:28+05:30,52931.9,0,0.0,0,0.0,0.0,53282.15,53308.4,52783.45,53710.35,0,0.0,0.0,0.0,0.0,-0.01,-1,-1,-0.01,-1,-1,-0.01,-1,-1,-0.01,-1,-1,-0.01,-1,-1,-0.01,-1,-1,-0.01,-1,-1,-0.01,-1,-1,-0.01,-1,-1,-0.01,-1,-1
99926009,2026-05-18 10:36:28+05:30,52932.2,0,0.0,0,0.0,0.0,53282.15,53308.4,52783.45,53710.35,0,0.0,0.0,0.0,0.0,-0.01,-1,-1,-0.01,-1,-1,-0.01,-1,-1,-0.01,-1,-1,-0.01,-1,-1,-0.01,-1,-1,-0.01,-1,-1,-0.01,-1,-1,-0.01,-1,-1,-0.01,-1,-1
99926009,2026-05-18 10:36:29+05:30,52934.3,0,0.0,0,0.0,0.0,53282.15,53308.4,52783.45,53710.35,0,0.0,0.0,0.0,0.0,-0.01,-1,-1,-0.01,-1,-1,-0.01,-1,-1,-0.01,-1,-1,-0.01,-1,-1,-0.01,-1,-1,-0.01,-1,-1,-0.01,-1,-1,-0.01,-1,-1,-0.01,-1,-1
99926009,2026-05-18 10:36:29+05:30,52931.15,0,0.0,0,0.0,0.0,53282.15,53308.4,52783.45,53710.35,0,0.0,0.0,0.0,0.0,-0.01,-1,-1,-0.01,-1,-1,-0.01,-1,-1,-0.01,-1,-1,-0.01,-1,-1,-0.01,-1,-1,-0.01,-1,-1,-0.01,-1,-1,-0.01,-1,-1,-0.01,-1,-1
99926009,2026-05-18 10:36:30+05:30,52933.2,0,0.0,0,0.0,0.0,53282.15,53308.4,52783.45,53710.35,0,0.0,0.0,0.0,0.0,-0.01,-1,-1,-0.01,-1,-1,-0.01,-1,-1,-0.01,-1,-1,-0.01,-1,-1,-0.01,-1,-1,-0.01,-1,-1,-0.01,-1,-1,-0.01,-1,-1,-0.01,-1,-1
99926009,2026-05-18 10:36:30+05:30,52933.75,0,0.0,0,0.0,0.0,53282.15,53308.4,52783.45,53710.35,0,0.0,0.0,0.0,0.0,-0.01,-1,-1,-0.01,-1,-1,-0.01,-1,-1,-0.01,-1,-1,-0.01,-1,-1,-0.01,-1,-1,-0.01,-1,-1,-0.01,-1,-1,-0.01,-1,-1,-0.01,-1,-1
99926009,2026-05-18 10:36:31+05:30,52936.05,0,0.0,0,0.0,0.0,53282.15,53308.4,52783.45,53710.35,0,0.0,0.0,0.0,0.0,-0.01,-1,-1,-0.01,-1,-1,-0.01,-1,-1,-0.01,-1,-1,-0.01,-1,-1,-0.01,-1,-1,-0.01,-1,-1,-0.01,-1,-1,-0.01,-1,-1,-0.01,-1,-1
99926009,2026-05-18 10:36:31+05:30,52935.05,0,0.0,0,0.0,0.0,53282.15,53308.4,52783.45,53710.35,0,0.0,0.0,0.0,0.0,-0.01,-1,-1,-0.01,-1,-1,-0.01,-1,-1,-0.01,-1,-1,-0.01,-1,-1,-0.01,-1,-1,-0.01,-1,-1,-0.01,-1,-1,-0.01,-1,-1,-0.01,-1,-1
99926009,2026-05-18 10:36:32+05:30,52933.55,0,0.0,0,0.0,0.0,53282.15,53308.4,52783.45,53710.35,0,0.0,0.0,0.0,0.0,-0.01,-1,-1,-0.01,-1,-1,-0.01,-1,-1,-0.01,-1,-1,-0.01,-1,-1,-0.01,-1,-1,-0.01,-1,-1,-0.01,-1,-1,-0.01,-1,-1,-0.01,-1,-1
99926009,2026-05-18 10:36:32+05:30,52933.35,0,0.0,0,0.0,0.0,53282.15,53308.4,52783.45,53710.35,0,0.0,0.0,0.0,0.0,-0.01,-1,-1,-0.01,-1,-1,-0.01,-1,-1,-0.01,-1,-1,-0.01,-1,-1,-0.01,-1,-1,-0.01,-1,-1,-0.01,-1,-1,-0.01,-1,-1,-0.01,-1,-1
99926009,2026-05-18 10:36:33+05:30,52932.95,0,0.0,0,0.0,0.0,53282.15,53308.4,52783.45,53710.35,0,0.0,0.0,0.0,0.0,-0.01,-1,-1,-0.01,-1,-1,-0.01,-1,-1,-0.01,-1,-1,-0.01,-1,-1,-0.01,-1,-1,-0.01,-1,-1,-0.01,-1,-1,-0.01,-1,-1,-0.01,-1,-1
99926009,2026-05-18 10:36:33+05:30,52935.15,0,0.0,0,0.0,0.0,53282.15,53308.4,52783.45,53710.35,0,0.0,0.0,0.0,0.0,-0.01,-1,-1,-0.01,-1,-1,-0.01,-1,-1,-0.01,-1,-1,-0.01,-1,-1,-0.01,-1,-1,-0.01,-1,-1,-0.01,-1,-1,-0.01,-1,-1,-0.01,-1,-1
99926009,2026-05-18 10:36:34+05:30,52933.0,0,0.0,0,0.0,0.0,53282.15,53308.4,52783.45,53710.35,0,0.0,0.0,0.0,0.0,-0.01,-1,-1,-0.01,-1,-1,-0.01,-1,-1,-0.01,-1,-1,-0.01,-1,-1,-0.01,-1,-1,-0.01,-1,-1,-0.01,-1,-1,-0.01,-1,-1,-0.01,-1,-1
99926009,2026-05-18 10:36:34+05:30,52933.35,0,0.0,0,0.0,0.0,53282.15,53308.4,52783.45,53710.35,0,0.0,0.0,0.0,0.0,-0.01,-1,-1,-0.01,-1,-1,-0.01,-1,-1,-0.01,-1,-1,-0.01,-1,-1,-0.01,-1,-1,-0.01,-1,-1,-0.01,-1,-1,-0.01,-1,-1,-0.01,-1,-1
99926009,2026-05-18 10:36:35+05:30,52935.6,0,0.0,0,0.0,0.0,53282.15,53308.4,52783.45,53710.35,0,0.0,0.0,0.0,0.0,-0.01,-1,-1,-0.01,-1,-1,-0.01,-1,-1,-0.01,-1,-1,-0.01,-1,-1,-0.01,-1,-1,-0.01,-1,-1,-0.01,-1,-1,-0.01,-1,-1,-0.01,-1,-1
99926009,2026-05-18 10:36:35+05:30,52936.5,0,0.0,0,0.0,0.0,53282.15,53308.4,52783.45,53710.35,0,0.0,0.0,0.0,0.0,-0.01,-1,-1,-0.01,-1,-1,-0.01,-1,-1,-0.01,-1,-1,-0.01,-1,-1,-0.01,-1,-1,-0.01,-1,-1,-0.01,-1,-1,-0.01,-1,-1,-0.01,-1,-1
99926009,2026-05-18 10:36:36+05:30,52934.25,0,0.0,0,0.0,0.0,53282.15,53308.4,52783.45,53710.35,0,0.0,0.0,0.0,0.0,-0.01,-1,-1,-0.01,-1,-1,-0.01,-1,-1,-0.01,-1,-1,-0.01,-1,-1,-0.01,-1,-1,-0.01,-1,-1,-0.01,-1,-1,-0.01,-1,-1,-0.01,-1,-1
99926009,2026-05-18 10:36:36+05:30,52935.8,0,0.0,0,0.0,0.0,53282.15,53308.4,52783.45,53710.35,0,0.0,0.0,0.0,0.0,-0.01,-1,-1,-0.01,-1,-1,-0.01,-1,-1,-0.01,-1,-1,-0.01,-1,-1,-0.01,-1,-1,-0.01,-1,-1,-0.01,-1,-1,-0.01,-1,-1,-0.01,-1,-1
99926009,2026-05-18 10:36:37+05:30,52939.2,0,0.0,0,0.0,0.0,53282.15,53308.4,52783.45,53710.35,0,0.0,0.0,0.0,0.0,-0.01,-1,-1,-0.01,-1,-1,-0.01,-1,-1,-0.01,-1,-1,-0.01,-1,-1,-0.01,-1,-1,-0.01,-1,-1,-0.01,-1,-1,-0.01,-1,-1,-0.01,-1,-1
99926009,2026-05-18 10:36:37+05:30,52940.5,0,0.0,0,0.0,0.0,53282.15,53308.4,52783.45,53710.35,0,0.0,0.0,0.0,0.0,-0.01,-1,-1,-0.01,-1,-1,-0.01,-1,-1,-0.01,-1,-1,-0.01,-1,-1,-0.01,-1,-1,-0.01,-1,-1,-0.01,-1,-1,-0.01,-1,-1,-0.01,-1,-1
99926009,2026-05-18 10:36:38+05:30,52937.0,0,0.0,0,0.0,0.0,53282.15,53308.4,52783.45,53710.35,0,0.0,0.0,0.0,0.0,-0.01,-1,-1,-0.01,-1,-1,-0.01,-1,-1,-0.01,-1,-1,-0.01,-1,-1,-0.01,-1,-1,-0.01,-1,-1,-0.01,-1,-1,-0.01,-1,-1,-0.01,-1,-1
99926009,2026-05-18 10:36:38+05:30,52937.7,0,0.0,0,0.0,0.0,53282.15,53308.4,52783.45,53710.35,0,0.0,0.0,0.0,0.0,-0.01,-1,-1,-0.01,-1,-1,-0.01,-1,-1,-0.01,-1,-1,-0.01,-1,-1,-0.01,-1,-1,-0.01,-1,-1,-0.01,-1,-1,-0.01,-1,-1,-0.01,-1,-1
99926009,2026-05-18 10:36:39+05:30,52936.75,0,0.0,0,0.0,0.0,53282.15,53308.4,52783.45,53710.35,0,0.0,0.0,0.0,0.0,-0.01,-1,-1,-0.01,-1,-1,-0.01,-1,-1,-0.01,-1,-1,-0.01,-1,-1,-0.01,-1,-1,-0.01,-1,-1,-0.01,-1,-1,-0.01,-1,-1,-0.01,-1,-1
99926009,2026-05-18 10:36:39+05:30,52937.65,0,0.0,0,0.0,0.0,53282.15,53308.4,52783.45,53710.35,0,0.0,0.0,0.0,0.0,-0.01,-1,-1,-0.01,-1,-1,-0.01,-1,-1,-0.01,-1,-1,-0.01,-1,-1,-0.01,-1,-1,-0.01,-1,-1,-0.01,-1,-1,-0.01,-1,-1,-0.01,-1,-1
99926009,2026-05-18 10:36:40+05:30,52940.25,0,0.0,0,0.0,0.0,53282.15,53308.4,52783.45,53710.35,0,0.0,0.0,0.0,0.0,-0.01,-1,-1,-0.01,-1,-1,-0.01,-1,-1,-0.01,-1,-1,-0.01,-1,-1,-0.01,-1,-1,-0.01,-1,-1,-0.01,-1,-1,-0.01,-1,-1,-0.01,-1,-1
99926009,2026-05-18 10:36:40+05:30,52944.05,0,0.0,0,0.0,0.0,53282.15,53308.4,52783.45,53710.35,0,0.0,0.0,0.0,0.0,-0.01,-1,-1,-0.01,-1,-1,-0.01,-1,-1,-0.01,-1,-1,-0.01,-1,-1,-0.01,-1,-1,-0.01,-1,-1,-0.01,-1,-1,-0.01,-1,-1,-0.01,-1,-1
99926009,2026-05-18 10:36:41+05:30,52946.95,0,0.0,0,0.0,0.0,53282.15,53308.4,52783.45,53710.35,0,0.0,0.0,0.0,0.0,-0.01,-1,-1,-0.01,-1,-1,-0.01,-1,-1,-0.01,-1,-1,-0.01,-1,-1,-0.01,-1,-1,-0.01,-1,-1,-0.01,-1,-1,-0.01,-1,-1,-0.01,-1,-1
99926009,2026-05-18 10:36:41+05:30,52947.0,0,0.0,0,0.0,0.0,53282.15,53308.4,52783.45,53710.35,0,0.0,0.0,0.0,0.0,-0.01,-1,-1,-0.01,-1,-1,-0.01,-1,-1,-0.01,-1,-1,-0.01,-1,-1,-0.01,-1,-1,-0.01,-1,-1,-0.01,-1,-1,-0.01,-1,-1,-0.01,-1,-1
99926009,2026-05-18 10:36:42+05:30,52946.85,0,0.0,0,0.0,0.0,53282.15,53308.4,52783.45,53710.35,0,0.0,0.0,0.0,0.0,-0.01,-1,-1,-0.01,-1,-1,-0.01,-1,-1,-0.01,-1,-1,-0.01,-1,-1,-0.01,-1,-1,-0.01,-1,-1,-0.01,-1,-1,-0.01,-1,-1,-0.01,-1,-1
99926009,2026-05-18 10:36:42+05:30,52947.3,0,0.0,0,0.0,0.0,53282.15,53308.4,52783.45,53710.35,0,0.0,0.0,0.0,0.0,-0.01,-1,-1,-0.01,-1,-1,-0.01,-1,-1,-0.01,-1,-1,-0.01,-1,-1,-0.01,-1,-1,-0.01,-1,-1,-0.01,-1,-1,-0.01,-1,-1,-0.01,-1,-1
99926009,2026-05-18 10:36:43+05:30,52949.25,0,0.0,0,0.0,0.0,53282.15,53308.4,52783.45,53710.35,0,0.0,0.0,0.0,0.0,-0.01,-1,-1,-0.01,-1,-1,-0.01,-1,-1,-0.01,-1,-1,-0.01,-1,-1,-0.01,-1,-1,-0.01,-1,-1,-0.01,-1,-1,-0.01,-1,-1,-0.01,-1,-1
99926009,2026-05-18 10:36:43+05:30,52949.7,0,0.0,0,0.0,0.0,53282.15,53308.4,52783.45,53710.35,0,0.0,0.0,0.0,0.0,-0.01,-1,-1,-0.01,-1,-1,-0.01,-1,-1,-0.01,-1,-1,-0.01,-1,-1,-0.01,-1,-1,-0.01,-1,-1,-0.01,-1,-1,-0.01,-1,-1,-0.01,-1,-1
99926009,2026-05-18 10:36:44+05:30,52947.3,0,0.0,0,0.0,0.0,53282.15,53308.4,52783.45,53710.35,0,0.0,0.0,0.0,0.0,-0.01,-1,-1,-0.01,-1,-1,-0.01,-1,-1,-0.01,-1,-1,-0.01,-1,-1,-0.01,-1,-1,-0.01,-1,-1,-0.01,-1,-1,-0.01,-1,-1,-0.01,-1,-1
99926009,2026-05-18 10:36:44+05:30,52944.9,0,0.0,0,0.0,0.0,53282.15,53308.4,52783.45,53710.35,0,0.0,0.0,0.0,0.0,-0.01,-1,-1,-0.01,-1,-1,-0.01,-1,-1,-0.01,-1,-1,-0.01,-1,-1,-0.01,-1,-1,-0.01,-1,-1,-0.01,-1,-1,-0.01,-1,-1,-0.01,-1,-1
99926009,2026-05-18 10:36:45+05:30,52950.45,0,0.0,0,0.0,0.0,53282.15,53308.4,52783.45,53710.35,0,0.0,0.0,0.0,0.0,-0.01,-1,-1,-0.01,-1,-1,-0.01,-1,-1,-0.01,-1,-1,-0.01,-1,-1,-0.01,-1,-1,-0.01,-1,-1,-0.01,-1,-1,-0.01,-1,-1,-0.01,-1,-1
99926009,2026-05-18 10:36:45+05:30,52954.7,0,0.0,0,0.0,0.0,53282.15,53308.4,52783.45,53710.35,0,0.0,0.0,0.0,0.0,-0.01,-1,-1,-0.01,-1,-1,-0.01,-1,-1,-0.01,-1,-1,-0.01,-1,-1,-0.01,-1,-1,-0.01,-1,-1,-0.01,-1,-1,-0.01,-1,-1,-0.01,-1,-1
99926009,2026-05-18 10:36:46+05:30,52953.35,0,0.0,0,0.0,0.0,53282.15,53308.4,52783.45,53710.35,0,0.0,0.0,0.0,0.0,-0.01,-1,-1,-0.01,-1,-1,-0.01,-1,-1,-0.01,-1,-1,-0.01,-1,-1,-0.01,-1,-1,-0.01,-1,-1,-0.01,-1,-1,-0.01,-1,-1,-0.01,-1,-1
99926009,2026-05-18 10:36:46+05:30,52954.0,0,0.0,0,0.0,0.0,53282.15,53308.4,52783.45,53710.35,0,0.0,0.0,0.0,0.0,-0.01,-1,-1,-0.01,-1,-1,-0.01,-1,-1,-0.01,-1,-1,-0.01,-1,-1,-0.01,-1,-1,-0.01,-1,-1,-0.01,-1,-1,-0.01,-1,-1,-0.01,-1,-1
99926009,2026-05-18 10:36:47+05:30,52953.35,0,0.0,0,0.0,0.0,53282.15,53308.4,52783.45,53710.35,0,0.0,0.0,0.0,0.0,-0.01,-1,-1,-0.01,-1,-1,-0.01,-1,-1,-0.01,-1,-1,-0.01,-1,-1,-0.01,-1,-1,-0.01,-1,-1,-0.01,-1,-1,-0.01,-1,-1,-0.01,-1,-1
99926009,2026-05-18 10:36:47+05:30,52952.65,0,0.0,0,0.0,0.0,53282.15,53308.4,52783.45,53710.35,0,0.0,0.0,0.0,0.0,-0.01,-1,-1,-0.01,-1,-1,-0.01,-1,-1,-0.01,-1,-1,-0.01,-1,-1,-0.01,-1,-1,-0.01,-1,-1,-0.01,-1,-1,-0.01,-1,-1,-0.01,-1,-1
99926009,2026-05-18 10:36:48+05:30,52950.7,0,0.0,0,0.0,0.0,53282.15,53308.4,52783.45,53710.35,0,0.0,0.0,0.0,0.0,-0.01,-1,-1,-0.01,-1,-1,-0.01,-1,-1,-0.01,-1,-1,-0.01,-1,-1,-0.01,-1,-1,-0.01,-1,-1,-0.01,-1,-1,-0.01,-1,-1,-0.01,-1,-1
99926009,2026-05-18 10:36:48+05:30,52953.1,0,0.0,0,0.0,0.0,53282.15,53308.4,52783.45,53710.35,0,0.0,0.0,0.0,0.0,-0.01,-1,-1,-0.01,-1,-1,-0.01,-1,-1,-0.01,-1,-1,-0.01,-1,-1,-0.01,-1,-1,-0.01,-1,-1,-0.01,-1,-1,-0.01,-1,-1,-0.01,-1,-1
99926009,2026-05-18 10:36:49+05:30,52953.15,0,0.0,0,0.0,0.0,53282.15,53308.4,52783.45,53710.35,0,0.0,0.0,0.0,0.0,-0.01,-1,-1,-0.01,-1,-1,-0.01,-1,-1,-0.01,-1,-1,-0.01,-1,-1,-0.01,-1,-1,-0.01,-1,-1,-0.01,-1,-1,-0.01,-1,-1,-0.01,-1,-1
99926009,2026-05-18 10:36:49+05:30,52953.3,0,0.0,0,0.0,0.0,53282.15,53308.4,52783.45,53710.35,0,0.0,0.0,0.0,0.0,-0.01,-1,-1,-0.01,-1,-1,-0.01,-1,-1,-0.01,-1,-1,-0.01,-1,-1,-0.01,-1,-1,-0.01,-1,-1,-0.01,-1,-1,-0.01,-1,-1,-0.01,-1,-1
99926009,2026-05-18 10:36:50+05:30,52954.8,0,0.0,0,0.0,0.0,53282.15,53308.4,52783.45,53710.35,0,0.0,0.0,0.0,0.0,-0.01,-1,-1,-0.01,-1,-1,-0.01,-1,-1,-0.01,-1,-1,-0.01,-1,-1,-0.01,-1,-1,-0.01,-1,-1,-0.01,-1,-1,-0.01,-1,-1,-0.01,-1,-1
99926009,2026-05-18 10:36:50+05:30,52957.05,0,0.0,0,0.0,0.0,53282.15,53308.4,52783.45,53710.35,0,0.0,0.0,0.0,0.0,-0.01,-1,-1,-0.01,-1,-1,-0.01,-1,-1,-0.01,-1,-1,-0.01,-1,-1,-0.01,-1,-1,-0.01,-1,-1,-0.01,-1,-1,-0.01,-1,-1,-0.01,-1,-1
99926009,2026-05-18 10:36:51+05:30,52955.95,0,0.0,0,0.0,0.0,53282.15,53308.4,52783.45,53710.35,0,0.0,0.0,0.0,0.0,-0.01,-1,-1,-0.01,-1,-1,-0.01,-1,-1,-0.01,-1,-1,-0.01,-1,-1,-0.01,-1,-1,-0.01,-1,-1,-0.01,-1,-1,-0.01,-1,-1,-0.01,-1,-1
99926009,2026-05-18 10:36:51+05:30,52956.15,0,0.0,0,0.0,0.0,53282.15,53308.4,52783.45,53710.35,0,0.0,0.0,0.0,0.0,-0.01,-1,-1,-0.01,-1,-1,-0.01,-1,-1,-0.01,-1,-1,-0.01,-1,-1,-0.01,-1,-1,-0.01,-1,-1,-0.01,-1,-1,-0.01,-1,-1,-0.01,-1,-1
99926009,2026-05-18 10:36:52+05:30,52946.15,0,0.0,0,0.0,0.0,53282.15,53308.4,52783.45,53710.35,0,0.0,0.0,0.0,0.0,-0.01,-1,-1,-0.01,-1,-1,-0.01,-1,-1,-0.01,-1,-1,-0.01,-1,-1,-0.01,-1,-1,-0.01,-1,-1,-0.01,-1,-1,-0.01,-1,-1,-0.01,-1,-1
99926009,2026-05-18 10:36:52+05:30,52945.0,0,0.0,0,0.0,0.0,53282.15,53308.4,52783.45,53710.35,0,0.0,0.0,0.0,0.0,-0.01,-1,-1,-0.01,-1,-1,-0.01,-1,-1,-0.01,-1,-1,-0.01,-1,-1,-0.01,-1,-1,-0.01,-1,-1,-0.01,-1,-1,-0.01,-1,-1,-0.01,-1,-1
99926009,2026-05-18 10:36:53+05:30,52946.3,0,0.0,0,0.0,0.0,53282.15,53308.4,52783.45,53710.35,0,0.0,0.0,0.0,0.0,-0.01,-1,-1,-0.01,-1,-1,-0.01,-1,-1,-0.01,-1,-1,-0.01,-1,-1,-0.01,-1,-1,-0.01,-1,-1,-0.01,-1,-1,-0.01,-1,-1,-0.01,-1,-1
99926009,2026-05-18 10:36:53+05:30,52946.8,0,0.0,0,0.0,0.0,53282.15,53308.4,52783.45,53710.35,0,0.0,0.0,0.0,0.0,-0.01,-1,-1,-0.01,-1,-1,-0.01,-1,-1,-0.01,-1,-1,-0.01,-1,-1,-0.01,-1,-1,-0.01,-1,-1,-0.01,-1,-1,-0.01,-1,-1,-0.01,-1,-1
99926009,2026-05-18 10:36:54+05:30,52950.35,0,0.0,0,0.0,0.0,53282.15,53308.4,52783.45,53710.35,0,0.0,0.0,0.0,0.0,-0.01,-1,-1,-0.01,-1,-1,-0.01,-1,-1,-0.01,-1,-1,-0.01,-1,-1,-0.01,-1,-1,-0.01,-1,-1,-0.01,-1,-1,-0.01,-1,-1,-0.01,-1,-1
99926009,2026-05-18 10:36:54+05:30,52950.6,0,0.0,0,0.0,0.0,53282.15,53308.4,52783.45,53710.35,0,0.0,0.0,0.0,0.0,-0.01,-1,-1,-0.01,-1,-1,-0.01,-1,-1,-0.01,-1,-1,-0.01,-1,-1,-0.01,-1,-1,-0.01,-1,-1,-0.01,-1,-1,-0.01,-1,-1,-0.01,-1,-1
99926009,2026-05-18 10:36:55+05:30,52951.6,0,0.0,0,0.0,0.0,53282.15,53308.4,52783.45,53710.35,0,0.0,0.0,0.0,0.0,-0.01,-1,-1,-0.01,-1,-1,-0.01,-1,-1,-0.01,-1,-1,-0.01,-1,-1,-0.01,-1,-1,-0.01,-1,-1,-0.01,-1,-1,-0.01,-1,-1,-0.01,-1,-1
99926009,2026-05-18 10:36:55+05:30,52951.95,0,0.0,0,0.0,0.0,53282.15,53308.4,52783.45,53710.35,0,0.0,0.0,0.0,0.0,-0.01,-1,-1,-0.01,-1,-1,-0.01,-1,-1,-0.01,-1,-1,-0.01,-1,-1,-0.01,-1,-1,-0.01,-1,-1,-0.01,-1,-1,-0.01,-1,-1,-0.01,-1,-1
99926009,2026-05-18 10:36:56+05:30,52951.9,0,0.0,0,0.0,0.0,53282.15,53308.4,52783.45,53710.35,0,0.0,0.0,0.0,0.0,-0.01,-1,-1,-0.01,-1,-1,-0.01,-1,-1,-0.01,-1,-1,-0.01,-1,-1,-0.01,-1,-1,-0.01,-1,-1,-0.01,-1,-1,-0.01,-1,-1,-0.01,-1,-1
99926009,2026-05-18 10:36:56+05:30,52949.55,0,0.0,0,0.0,0.0,53282.15,53308.4,52783.45,53710.35,0,0.0,0.0,0.0,0.0,-0.01,-1,-1,-0.01,-1,-1,-0.01,-1,-1,-0.01,-1,-1,-0.01,-1,-1,-0.01,-1,-1,-0.01,-1,-1,-0.01,-1,-1,-0.01,-1,-1,-0.01,-1,-1
99926009,2026-05-18 10:36:57+05:30,52948.2,0,0.0,0,0.0,0.0,53282.15,53308.4,52783.45,53710.35,0,0.0,0.0,0.0,0.0,-0.01,-1,-1,-0.01,-1,-1,-0.01,-1,-1,-0.01,-1,-1,-0.01,-1,-1,-0.01,-1,-1,-0.01,-1,-1,-0.01,-1,-1,-0.01,-1,-1,-0.01,-1,-1
99926009,2026-05-18 10:36:57+05:30,52949.55,0,0.0,0,0.0,0.0,53282.15,53308.4,52783.45,53710.35,0,0.0,0.0,0.0,0.0,-0.01,-1,-1,-0.01,-1,-1,-0.01,-1,-1,-0.01,-1,-1,-0.01,-1,-1,-0.01,-1,-1,-0.01,-1,-1,-0.01,-1,-1,-0.01,-1,-1,-0.01,-1,-1
99926009,2026-05-18 10:36:58+05:30,52949.5,0,0.0,0,0.0,0.0,53282.15,53308.4,52783.45,53710.35,0,0.0,0.0,0.0,0.0,-0.01,-1,-1,-0.01,-1,-1,-0.01,-1,-1,-0.01,-1,-1,-0.01,-1,-1,-0.01,-1,-1,-0.01,-1,-1,-0.01,-1,-1,-0.01,-1,-1,-0.01,-1,-1
99926009,2026-05-18 10:36:58+05:30,52952.7,0,0.0,0,0.0,0.0,53282.15,53308.4,52783.45,53710.35,0,0.0,0.0,0.0,0.0,-0.01,-1,-1,-0.01,-1,-1,-0.01,-1,-1,-0.01,-1,-1,-0.01,-1,-1,-0.01,-1,-1,-0.01,-1,-1,-0.01,-1,-1,-0.01,-1,-1,-0.01,-1,-1
99926009,2026-05-18 10:36:59+05:30,52955.0,0,0.0,0,0.0,0.0,53282.15,53308.4,52783.45,53710.35,0,0.0,0.0,0.0,0.0,-0.01,-1,-1,-0.01,-1,-1,-0.01,-1,-1,-0.01,-1,-1,-0.01,-1,-1,-0.01,-1,-1,-0.01,-1,-1,-0.01,-1,-1,-0.01,-1,-1,-0.01,-1,-1
99926009,2026-05-18 10:36:59+05:30,52954.5,0,0.0,0,0.0,0.0,53282.15,53308.4,52783.45,53710.35,0,0.0,0.0,0.0,0.0,-0.01,-1,-1,-0.01,-1,-1,-0.01,-1,-1,-0.01,-1,-1,-0.01,-1,-1,-0.01,-1,-1,-0.01,-1,-1,-0.01,-1,-1,-0.01,-1,-1,-0.01,-1,-1
99926009,2026-05-18 10:37:00+05:30,52955.6,0,0.0,0,0.0,0.0,53282.15,53308.4,52783.45,53710.35,0,0.0,0.0,0.0,0.0,-0.01,-1,-1,-0.01,-1,-1,-0.01,-1,-1,-0.01,-1,-1,-0.01,-1,-1,-0.01,-1,-1,-0.01,-1,-1,-0.01,-1,-1,-0.01,-1,-1,-0.01,-1,-1
99926009,2026-05-18 10:37:00+05:30,52955.1,0,0.0,0,0.0,0.0,53282.15,53308.4,52783.45,53710.35,0,0.0,0.0,0.0,0.0,-0.01,-1,-1,-0.01,-1,-1,-0.01,-1,-1,-0.01,-1,-1,-0.01,-1,-1,-0.01,-1,-1,-0.01,-1,-1,-0.01,-1,-1,-0.01,-1,-1,-0.01,-1,-1
99926009,2026-05-18 10:37:01+05:30,52956.75,0,0.0,0,0.0,0.0,53282.15,53308.4,52783.45,53710.35,0,0.0,0.0,0.0,0.0,-0.01,-1,-1,-0.01,-1,-1,-0.01,-1,-1,-0.01,-1,-1,-0.01,-1,-1,-0.01,-1,-1,-0.01,-1,-1,-0.01,-1,-1,-0.01,-1,-1,-0.01,-1,-1
99926009,2026-05-18 10:37:01+05:30,52951.7,0,0.0,0,0.0,0.0,53282.15,53308.4,52783.45,53710.35,0,0.0,0.0,0.0,0.0,-0.01,-1,-1,-0.01,-1,-1,-0.01,-1,-1,-0.01,-1,-1,-0.01,-1,-1,-0.01,-1,-1,-0.01,-1,-1,-0.01,-1,-1,-0.01,-1,-1,-0.01,-1,-1
99926009,2026-05-18 10:37:02+05:30,52955.35,0,0.0,0,0.0,0.0,53282.15,53308.4,52783.45,53710.35,0,0.0,0.0,0.0,0.0,-0.01,-1,-1,-0.01,-1,-1,-0.01,-1,-1,-0.01,-1,-1,-0.01,-1,-1,-0.01,-1,-1,-0.01,-1,-1,-0.01,-1,-1,-0.01,-1,-1,-0.01,-1,-1
99926009,2026-05-18 10:37:02+05:30,52955.55,0,0.0,0,0.0,0.0,53282.15,53308.4,52783.45,53710.35,0,0.0,0.0,0.0,0.0,-0.01,-1,-1,-0.01,-1,-1,-0.01,-1,-1,-0.01,-1,-1,-0.01,-1,-1,-0.01,-1,-1,-0.01,-1,-1,-0.01,-1,-1,-0.01,-1,-1,-0.01,-1,-1
99926009,2026-05-18 10:37:03+05:30,52954.45,0,0.0,0,0.0,0.0,53282.15,53308.4,52783.45,53710.35,0,0.0,0.0,0.0,0.0,-0.01,-1,-1,-0.01,-1,-1,-0.01,-1,-1,-0.01,-1,-1,-0.01,-1,-1,-0.01,-1,-1,-0.01,-1,-1,-0.01,-1,-1,-0.01,-1,-1,-0.01,-1,-1
99926009,2026-05-18 10:37:03+05:30,52957.85,0,0.0,0,0.0,0.0,53282.15,53308.4,52783.45,53710.35,0,0.0,0.0,0.0,0.0,-0.01,-1,-1,-0.01,-1,-1,-0.01,-1,-1,-0.01,-1,-1,-0.01,-1,-1,-0.01,-1,-1,-0.01,-1,-1,-0.01,-1,-1,-0.01,-1,-1,-0.01,-1,-1
99926009,2026-05-18 10:37:04+05:30,52959.55,0,0.0,0,0.0,0.0,53282.15,53308.4,52783.45,53710.35,0,0.0,0.0,0.0,0.0,-0.01,-1,-1,-0.01,-1,-1,-0.01,-1,-1,-0.01,-1,-1,-0.01,-1,-1,-0.01,-1,-1,-0.01,-1,-1,-0.01,-1,-1,-0.01,-1,-1,-0.01,-1,-1
99926009,2026-05-18 10:37:04+05:30,52960.0,0,0.0,0,0.0,0.0,53282.15,53308.4,52783.45,53710.35,0,0.0,0.0,0.0,0.0,-0.01,-1,-1,-0.01,-1,-1,-0.01,-1,-1,-0.01,-1,-1,-0.01,-1,-1,-0.01,-1,-1,-0.01,-1,-1,-0.01,-1,-1,-0.01,-1,-1,-0.01,-1,-1
99926009,2026-05-18 10:37:05+05:30,52960.45,0,0.0,0,0.0,0.0,53282.15,53308.4,52783.45,53710.35,0,0.0,0.0,0.0,0.0,-0.01,-1,-1,-0.01,-1,-1,-0.01,-1,-1,-0.01,-1,-1,-0.01,-1,-1,-0.01,-1,-1,-0.01,-1,-1,-0.01,-1,-1,-0.01,-1,-1,-0.01,-1,-1
99926009,2026-05-18 10:37:05+05:30,52957.9,0,0.0,0,0.0,0.0,53282.15,53308.4,52783.45,53710.35,0,0.0,0.0,0.0,0.0,-0.01,-1,-1,-0.01,-1,-1,-0.01,-1,-1,-0.01,-1,-1,-0.01,-1,-1,-0.01,-1,-1,-0.01,-1,-1,-0.01,-1,-1,-0.01,-1,-1,-0.01,-1,-1
99926009,2026-05-18 10:37:06+05:30,52958.6,0,0.0,0,0.0,0.0,53282.15,53308.4,52783.45,53710.35,0,0.0,0.0,0.0,0.0,-0.01,-1,-1,-0.01,-1,-1,-0.01,-1,-1,-0.01,-1,-1,-0.01,-1,-1,-0.01,-1,-1,-0.01,-1,-1,-0.01,-1,-1,-0.01,-1,-1,-0.01,-1,-1
99926009,2026-05-18 10:37:06+05:30,52958.7,0,0.0,0,0.0,0.0,53282.15,53308.4,52783.45,53710.35,0,0.0,0.0,0.0,0.0,-0.01,-1,-1,-0.01,-1,-1,-0.01,-1,-1,-0.01,-1,-1,-0.01,-1,-1,-0.01,-1,-1,-0.01,-1,-1,-0.01,-1,-1,-0.01,-1,-1,-0.01,-1,-1
99926009,2026-05-18 10:37:07+05:30,52956.6,0,0.0,0,0.0,0.0,53282.15,53308.4,52783.45,53710.35,0,0.0,0.0,0.0,0.0,-0.01,-1,-1,-0.01,-1,-1,-0.01,-1,-1,-0.01,-1,-1,-0.01,-1,-1,-0.01,-1,-1,-0.01,-1,-1,-0.01,-1,-1,-0.01,-1,-1,-0.01,-1,-1
99926009,2026-05-18 10:37:07+05:30,52954.0,0,0.0,0,0.0,0.0,53282.15,53308.4,52783.45,53710.35,0,0.0,0.0,0.0,0.0,-0.01,-1,-1,-0.01,-1,-1,-0.01,-1,-1,-0.01,-1,-1,-0.01,-1,-1,-0.01,-1,-1,-0.01,-1,-1,-0.01,-1,-1,-0.01,-1,-1,-0.01,-1,-1
99926009,2026-05-18 10:37:08+05:30,52953.8,0,0.0,0,0.0,0.0,53282.15,53308.4,52783.45,53710.35,0,0.0,0.0,0.0,0.0,-0.01,-1,-1,-0.01,-1,-1,-0.01,-1,-1,-0.01,-1,-1,-0.01,-1,-1,-0.01,-1,-1,-0.01,-1,-1,-0.01,-1,-1,-0.01,-1,-1,-0.01,-1,-1
99926009,2026-05-18 10:37:08+05:30,52953.3,0,0.0,0,0.0,0.0,53282.15,53308.4,52783.45,53710.35,0,0.0,0.0,0.0,0.0,-0.01,-1,-1,-0.01,-1,-1,-0.01,-1,-1,-0.01,-1,-1,-0.01,-1,-1,-0.01,-1,-1,-0.01,-1,-1,-0.01,-1,-1,-0.01,-1,-1,-0.01,-1,-1
99926009,2026-05-18 10:37:09+05:30,52958.0,0,0.0,0,0.0,0.0,53282.15,53308.4,52783.45,53710.35,0,0.0,0.0,0.0,0.0,-0.01,-1,-1,-0.01,-1,-1,-0.01,-1,-1,-0.01,-1,-1,-0.01,-1,-1,-0.01,-1,-1,-0.01,-1,-1,-0.01,-1,-1,-0.01,-1,-1,-0.01,-1,-1
99926009,2026-05-18 10:37:09+05:30,52956.2,0,0.0,0,0.0,0.0,53282.15,53308.4,52783.45,53710.35,0,0.0,0.0,0.0,0.0,-0.01,-1,-1,-0.01,-1,-1,-0.01,-1,-1,-0.01,-1,-1,-0.01,-1,-1,-0.01,-1,-1,-0.01,-1,-1,-0.01,-1,-1,-0.01,-1,-1,-0.01,-1,-1
99926009,2026-05-18 10:37:10+05:30,52956.8,0,0.0,0,0.0,0.0,53282.15,53308.4,52783.45,53710.35,0,0.0,0.0,0.0,0.0,-0.01,-1,-1,-0.01,-1,-1,-0.01,-1,-1,-0.01,-1,-1,-0.01,-1,-1,-0.01,-1,-1,-0.01,-1,-1,-0.01,-1,-1,-0.01,-1,-1,-0.01,-1,-1
99926009,2026-05-18 10:37:10+05:30,52954.7,0,0.0,0,0.0,0.0,53282.15,53308.4,52783.45,53710.35,0,0.0,0.0,0.0,0.0,-0.01,-1,-1,-0.01,-1,-1,-0.01,-1,-1,-0.01,-1,-1,-0.01,-1,-1,-0.01,-1,-1,-0.01,-1,-1,-0.01,-1,-1,-0.01,-1,-1,-0.01,-1,-1
99926009,2026-05-18 10:37:11+05:30,52956.8,0,0.0,0,0.0,0.0,53282.15,53308.4,52783.45,53710.35,0,0.0,0.0,0.0,0.0,-0.01,-1,-1,-0.01,-1,-1,-0.01,-1,-1,-0.01,-1,-1,-0.01,-1,-1,-0.01,-1,-1,-0.01,-1,-1,-0.01,-1,-1,-0.01,-1,-1,-0.01,-1,-1
99926009,2026-05-18 10:37:11+05:30,52954.3,0,0.0,0,0.0,0.0,53282.15,53308.4,52783.45,53710.35,0,0.0,0.0,0.0,0.0,-0.01,-1,-1,-0.01,-1,-1,-0.01,-1,-1,-0.01,-1,-1,-0.01,-1,-1,-0.01,-1,-1,-0.01,-1,-1,-0.01,-1,-1,-0.01,-1,-1,-0.01,-1,-1
99926009,2026-05-18 10:37:12+05:30,52953.45,0,0.0,0,0.0,0.0,53282.15,53308.4,52783.45,53710.35,0,0.0,0.0,0.0,0.0,-0.01,-1,-1,-0.01,-1,-1,-0.01,-1,-1,-0.01,-1,-1,-0.01,-1,-1,-0.01,-1,-1,-0.01,-1,-1,-0.01,-1,-1,-0.01,-1,-1,-0.01,-1,-1
99926009,2026-05-18 10:37:12+05:30,52954.75,0,0.0,0,0.0,0.0,53282.15,53308.4,52783.45,53710.35,0,0.0,0.0,0.0,0.0,-0.01,-1,-1,-0.01,-1,-1,-0.01,-1,-1,-0.01,-1,-1,-0.01,-1,-1,-0.01,-1,-1,-0.01,-1,-1,-0.01,-1,-1,-0.01,-1,-1,-0.01,-1,-1
99926009,2026-05-18 10:37:13+05:30,52952.2,0,0.0,0,0.0,0.0,53282.15,53308.4,52783.45,53710.35,0,0.0,0.0,0.0,0.0,-0.01,-1,-1,-0.01,-1,-1,-0.01,-1,-1,-0.01,-1,-1,-0.01,-1,-1,-0.01,-1,-1,-0.01,-1,-1,-0.01,-1,-1,-0.01,-1,-1,-0.01,-1,-1
99926009,2026-05-18 10:37:13+05:30,52955.35,0,0.0,0,0.0,0.0,53282.15,53308.4,52783.45,53710.35,0,0.0,0.0,0.0,0.0,-0.01,-1,-1,-0.01,-1,-1,-0.01,-1,-1,-0.01,-1,-1,-0.01,-1,-1,-0.01,-1,-1,-0.01,-1,-1,-0.01,-1,-1,-0.01,-1,-1,-0.01,-1,-1
99926009,2026-05-18 10:37:14+05:30,52954.9,0,0.0,0,0.0,0.0,53282.15,53308.4,52783.45,53710.35,0,0.0,0.0,0.0,0.0,-0.01,-1,-1,-0.01,-1,-1,-0.01,-1,-1,-0.01,-1,-1,-0.01,-1,-1,-0.01,-1,-1,-0.01,-1,-1,-0.01,-1,-1,-0.01,-1,-1,-0.01,-1,-1
99926009,2026-05-18 10:37:14+05:30,52953.8,0,0.0,0,0.0,0.0,53282.15,53308.4,52783.45,53710.35,0,0.0,0.0,0.0,0.0,-0.01,-1,-1,-0.01,-1,-1,-0.01,-1,-1,-0.01,-1,-1,-0.01,-1,-1,-0.01,-1,-1,-0.01,-1,-1,-0.01,-1,-1,-0.01,-1,-1,-0.01,-1,-1
99926009,2026-05-18 10:37:15+05:30,52955.25,0,0.0,0,0.0,0.0,53282.15,53308.4,52783.45,53710.35,0,0.0,0.0,0.0,0.0,-0.01,-1,-1,-0.01,-1,-1,-0.01,-1,-1,-0.01,-1,-1,-0.01,-1,-1,-0.01,-1,-1,-0.01,-1,-1,-0.01,-1,-1,-0.01,-1,-1,-0.01,-1,-1
99926009,2026-05-18 10:37:15+05:30,52957.8,0,0.0,0,0.0,0.0,53282.15,53308.4,52783.45,53710.35,0,0.0,0.0,0.0,0.0,-0.01,-1,-1,-0.01,-1,-1,-0.01,-1,-1,-0.01,-1,-1,-0.01,-1,-1,-0.01,-1,-1,-0.01,-1,-1,-0.01,-1,-1,-0.01,-1,-1,-0.01,-1,-1
99926009,2026-05-18 10:37:16+05:30,52958.95,0,0.0,0,0.0,0.0,53282.15,53308.4,52783.45,53710.35,0,0.0,0.0,0.0,0.0,-0.01,-1,-1,-0.01,-1,-1,-0.01,-1,-1,-0.01,-1,-1,-0.01,-1,-1,-0.01,-1,-1,-0.01,-1,-1,-0.01,-1,-1,-0.01,-1,-1,-0.01,-1,-1
99926009,2026-05-18 10:37:16+05:30,52958.0,0,0.0,0,0.0,0.0,53282.15,53308.4,52783.45,53710.35,0,0.0,0.0,0.0,0.0,-0.01,-1,-1,-0.01,-1,-1,-0.01,-1,-1,-0.01,-1,-1,-0.01,-1,-1,-0.01,-1,-1,-0.01,-1,-1,-0.01,-1,-1,-0.01,-1,-1,-0.01,-1,-1
99926009,2026-05-18 10:37:17+05:30,52955.15,0,0.0,0,0.0,0.0,53282.15,53308.4,52783.45,53710.35,0,0.0,0.0,0.0,0.0,-0.01,-1,-1,-0.01,-1,-1,-0.01,-1,-1,-0.01,-1,-1,-0.01,-1,-1,-0.01,-1,-1,-0.01,-1,-1,-0.01,-1,-1,-0.01,-1,-1,-0.01,-1,-1
99926009,2026-05-18 10:37:17+05:30,52955.0,0,0.0,0,0.0,0.0,53282.15,53308.4,52783.45,53710.35,0,0.0,0.0,0.0,0.0,-0.01,-1,-1,-0.01,-1,-1,-0.01,-1,-1,-0.01,-1,-1,-0.01,-1,-1,-0.01,-1,-1,-0.01,-1,-1,-0.01,-1,-1,-0.01,-1,-1,-0.01,-1,-1
99926009,2026-05-18 10:37:18+05:30,52952.85,0,0.0,0,0.0,0.0,53282.15,53308.4,52783.45,53710.35,0,0.0,0.0,0.0,0.0,-0.01,-1,-1,-0.01,-1,-1,-0.01,-1,-1,-0.01,-1,-1,-0.01,-1,-1,-0.01,-1,-1,-0.01,-1,-1,-0.01,-1,-1,-0.01,-1,-1,-0.01,-1,-1
99926009,2026-05-18 10:37:18+05:30,52951.15,0,0.0,0,0.0,0.0,53282.15,53308.4,52783.45,53710.35,0,0.0,0.0,0.0,0.0,-0.01,-1,-1,-0.01,-1,-1,-0.01,-1,-1,-0.01,-1,-1,-0.01,-1,-1,-0.01,-1,-1,-0.01,-1,-1,-0.01,-1,-1,-0.01,-1,-1,-0.01,-1,-1
99926009,2026-05-18 10:37:19+05:30,52949.0,0,0.0,0,0.0,0.0,53282.15,53308.4,52783.45,53710.35,0,0.0,0.0,0.0,0.0,-0.01,-1,-1,-0.01,-1,-1,-0.01,-1,-1,-0.01,-1,-1,-0.01,-1,-1,-0.01,-1,-1,-0.01,-1,-1,-0.01,-1,-1,-0.01,-1,-1,-0.01,-1,-1
99926009,2026-05-18 10:37:19+05:30,52946.8,0,0.0,0,0.0,0.0,53282.15,53308.4,52783.45,53710.35,0,0.0,0.0,0.0,0.0,-0.01,-1,-1,-0.01,-1,-1,-0.01,-1,-1,-0.01,-1,-1,-0.01,-1,-1,-0.01,-1,-1,-0.01,-1,-1,-0.01,-1,-1,-0.01,-1,-1,-0.01,-1,-1
99926009,2026-05-18 10:37:20+05:30,52946.35,0,0.0,0,0.0,0.0,53282.15,53308.4,52783.45,53710.35,0,0.0,0.0,0.0,0.0,-0.01,-1,-1,-0.01,-1,-1,-0.01,-1,-1,-0.01,-1,-1,-0.01,-1,-1,-0.01,-1,-1,-0.01,-1,-1,-0.01,-1,-1,-0.01,-1,-1,-0.01,-1,-1
99926009,2026-05-18 10:37:20+05:30,52946.95,0,0.0,0,0.0,0.0,53282.15,53308.4,52783.45,53710.35,0,0.0,0.0,0.0,0.0,-0.01,-1,-1,-0.01,-1,-1,-0.01,-1,-1,-0.01,-1,-1,-0.01,-1,-1,-0.01,-1,-1,-0.01,-1,-1,-0.01,-1,-1,-0.01,-1,-1,-0.01,-1,-1
99926009,2026-05-18 10:37:21+05:30,52948.15,0,0.0,0,0.0,0.0,53282.15,53308.4,52783.45,53710.35,0,0.0,0.0,0.0,0.0,-0.01,-1,-1,-0.01,-1,-1,-0.01,-1,-1,-0.01,-1,-1,-0.01,-1,-1,-0.01,-1,-1,-0.01,-1,-1,-0.01,-1,-1,-0.01,-1,-1,-0.01,-1,-1
99926009,2026-05-18 10:37:21+05:30,52948.55,0,0.0,0,0.0,0.0,53282.15,53308.4,52783.45,53710.35,0,0.0,0.0,0.0,0.0,-0.01,-1,-1,-0.01,-1,-1,-0.01,-1,-1,-0.01,-1,-1,-0.01,-1,-1,-0.01,-1,-1,-0.01,-1,-1,-0.01,-1,-1,-0.01,-1,-1,-0.01,-1,-1
99926009,2026-05-18 10:37:22+05:30,52948.1,0,0.0,0,0.0,0.0,53282.15,53308.4,52783.45,53710.35,0,0.0,0.0,0.0,0.0,-0.01,-1,-1,-0.01,-1,-1,-0.01,-1,-1,-0.01,-1,-1,-0.01,-1,-1,-0.01,-1,-1,-0.01,-1,-1,-0.01,-1,-1,-0.01,-1,-1,-0.01,-1,-1
99926009,2026-05-18 10:37:22+05:30,52945.7,0,0.0,0,0.0,0.0,53282.15,53308.4,52783.45,53710.35,0,0.0,0.0,0.0,0.0,-0.01,-1,-1,-0.01,-1,-1,-0.01,-1,-1,-0.01,-1,-1,-0.01,-1,-1,-0.01,-1,-1,-0.01,-1,-1,-0.01,-1,-1,-0.01,-1,-1,-0.01,-1,-1
99926009,2026-05-18 10:37:23+05:30,52947.3,0,0.0,0,0.0,0.0,53282.15,53308.4,52783.45,53710.35,0,0.0,0.0,0.0,0.0,-0.01,-1,-1,-0.01,-1,-1,-0.01,-1,-1,-0.01,-1,-1,-0.01,-1,-1,-0.01,-1,-1,-0.01,-1,-1,-0.01,-1,-1,-0.01,-1,-1,-0.01,-1,-1
99926009,2026-05-18 10:37:23+05:30,52946.8,0,0.0,0,0.0,0.0,53282.15,53308.4,52783.45,53710.35,0,0.0,0.0,0.0,0.0,-0.01,-1,-1,-0.01,-1,-1,-0.01,-1,-1,-0.01,-1,-1,-0.01,-1,-1,-0.01,-1,-1,-0.01,-1,-1,-0.01,-1,-1,-0.01,-1,-1,-0.01,-1,-1
99926009,2026-05-18 10:37:24+05:30,52944.85,0,0.0,0,0.0,0.0,53282.15,53308.4,52783.45,53710.35,0,0.0,0.0,0.0,0.0,-0.01,-1,-1,-0.01,-1,-1,-0.01,-1,-1,-0.01,-1,-1,-0.01,-1,-1,-0.01,-1,-1,-0.01,-1,-1,-0.01,-1,-1,-0.01,-1,-1,-0.01,-1,-1
99926009,2026-05-18 10:37:24+05:30,52945.95,0,0.0,0,0.0,0.0,53282.15,53308.4,52783.45,53710.35,0,0.0,0.0,0.0,0.0,-0.01,-1,-1,-0.01,-1,-1,-0.01,-1,-1,-0.01,-1,-1,-0.01,-1,-1,-0.01,-1,-1,-0.01,-1,-1,-0.01,-1,-1,-0.01,-1,-1,-0.01,-1,-1
99926009,2026-05-18 10:37:25+05:30,52946.7,0,0.0,0,0.0,0.0,53282.15,53308.4,52783.45,53710.35,0,0.0,0.0,0.0,0.0,-0.01,-1,-1,-0.01,-1,-1,-0.01,-1,-1,-0.01,-1,-1,-0.01,-1,-1,-0.01,-1,-1,-0.01,-1,-1,-0.01,-1,-1,-0.01,-1,-1,-0.01,-1,-1
99926009,2026-05-18 10:37:25+05:30,52945.4,0,0.0,0,0.0,0.0,53282.15,53308.4,52783.45,53710.35,0,0.0,0.0,0.0,0.0,-0.01,-1,-1,-0.01,-1,-1,-0.01,-1,-1,-0.01,-1,-1,-0.01,-1,-1,-0.01,-1,-1,-0.01,-1,-1,-0.01,-1,-1,-0.01,-1,-1,-0.01,-1,-1
99926009,2026-05-18 10:37:26+05:30,52945.5,0,0.0,0,0.0,0.0,53282.15,53308.4,52783.45,53710.35,0,0.0,0.0,0.0,0.0,-0.01,-1,-1,-0.01,-1,-1,-0.01,-1,-1,-0.01,-1,-1,-0.01,-1,-1,-0.01,-1,-1,-0.01,-1,-1,-0.01,-1,-1,-0.01,-1,-1,-0.01,-1,-1
99926009,2026-05-18 10:37:26+05:30,52943.1,0,0.0,0,0.0,0.0,53282.15,53308.4,52783.45,53710.35,0,0.0,0.0,0.0,0.0,-0.01,-1,-1,-0.01,-1,-1,-0.01,-1,-1,-0.01,-1,-1,-0.01,-1,-1,-0.01,-1,-1,-0.01,-1,-1,-0.01,-1,-1,-0.01,-1,-1,-0.01,-1,-1
99926009,2026-05-18 10:37:27+05:30,52944.35,0,0.0,0,0.0,0.0,53282.15,53308.4,52783.45,53710.35,0,0.0,0.0,0.0,0.0,-0.01,-1,-1,-0.01,-1,-1,-0.01,-1,-1,-0.01,-1,-1,-0.01,-1,-1,-0.01,-1,-1,-0.01,-1,-1,-0.01,-1,-1,-0.01,-1,-1,-0.01,-1,-1
99926009,2026-05-18 10:37:27+05:30,52942.6,0,0.0,0,0.0,0.0,53282.15,53308.4,52783.45,53710.35,0,0.0,0.0,0.0,0.0,-0.01,-1,-1,-0.01,-1,-1,-0.01,-1,-1,-0.01,-1,-1,-0.01,-1,-1,-0.01,-1,-1,-0.01,-1,-1,-0.01,-1,-1,-0.01,-1,-1,-0.01,-1,-1
99926009,2026-05-18 10:37:28+05:30,52942.65,0,0.0,0,0.0,0.0,53282.15,53308.4,52783.45,53710.35,0,0.0,0.0,0.0,0.0,-0.01,-1,-1,-0.01,-1,-1,-0.01,-1,-1,-0.01,-1,-1,-0.01,-1,-1,-0.01,-1,-1,-0.01,-1,-1,-0.01,-1,-1,-0.01,-1,-1,-0.01,-1,-1
99926009,2026-05-18 10:37:28+05:30,52943.15,0,0.0,0,0.0,0.0,53282.15,53308.4,52783.45,53710.35,0,0.0,0.0,0.0,0.0,-0.01,-1,-1,-0.01,-1,-1,-0.01,-1,-1,-0.01,-1,-1,-0.01,-1,-1,-0.01,-1,-1,-0.01,-1,-1,-0.01,-1,-1,-0.01,-1,-1,-0.01,-1,-1
99926009,2026-05-18 10:37:29+05:30,52942.95,0,0.0,0,0.0,0.0,53282.15,53308.4,52783.45,53710.35,0,0.0,0.0,0.0,0.0,-0.01,-1,-1,-0.01,-1,-1,-0.01,-1,-1,-0.01,-1,-1,-0.01,-1,-1,-0.01,-1,-1,-0.01,-1,-1,-0.01,-1,-1,-0.01,-1,-1,-0.01,-1,-1
99926009,2026-05-18 10:37:29+05:30,52945.35,0,0.0,0,0.0,0.0,53282.15,53308.4,52783.45,53710.35,0,0.0,0.0,0.0,0.0,-0.01,-1,-1,-0.01,-1,-1,-0.01,-1,-1,-0.01,-1,-1,-0.01,-1,-1,-0.01,-1,-1,-0.01,-1,-1,-0.01,-1,-1,-0.01,-1,-1,-0.01,-1,-1
99926009,2026-05-18 10:37:30+05:30,52949.15,0,0.0,0,0.0,0.0,53282.15,53308.4,52783.45,53710.35,0,0.0,0.0,0.0,0.0,-0.01,-1,-1,-0.01,-1,-1,-0.01,-1,-1,-0.01,-1,-1,-0.01,-1,-1,-0.01,-1,-1,-0.01,-1,-1,-0.01,-1,-1,-0.01,-1,-1,-0.01,-1,-1
99926009,2026-05-18 10:37:30+05:30,52950.85,0,0.0,0,0.0,0.0,53282.15,53308.4,52783.45,53710.35,0,0.0,0.0,0.0,0.0,-0.01,-1,-1,-0.01,-1,-1,-0.01,-1,-1,-0.01,-1,-1,-0.01,-1,-1,-0.01,-1,-1,-0.01,-1,-1,-0.01,-1,-1,-0.01,-1,-1,-0.01,-1,-1
99926009,2026-05-18 10:37:31+05:30,52950.15,0,0.0,0,0.0,0.0,53282.15,53308.4,52783.45,53710.35,0,0.0,0.0,0.0,0.0,-0.01,-1,-1,-0.01,-1,-1,-0.01,-1,-1,-0.01,-1,-1,-0.01,-1,-1,-0.01,-1,-1,-0.01,-1,-1,-0.01,-1,-1,-0.01,-1,-1,-0.01,-1,-1
99926009,2026-05-18 10:37:31+05:30,52948.8,0,0.0,0,0.0,0.0,53282.15,53308.4,52783.45,53710.35,0,0.0,0.0,0.0,0.0,-0.01,-1,-1,-0.01,-1,-1,-0.01,-1,-1,-0.01,-1,-1,-0.01,-1,-1,-0.01,-1,-1,-0.01,-1,-1,-0.01,-1,-1,-0.01,-1,-1,-0.01,-1,-1
99926009,2026-05-18 10:37:32+05:30,52950.25,0,0.0,0,0.0,0.0,53282.15,53308.4,52783.45,53710.35,0,0.0,0.0,0.0,0.0,-0.01,-1,-1,-0.01,-1,-1,-0.01,-1,-1,-0.01,-1,-1,-0.01,-1,-1,-0.01,-1,-1,-0.01,-1,-1,-0.01,-1,-1,-0.01,-1,-1,-0.01,-1,-1
99926009,2026-05-18 10:37:32+05:30,52949.0,0,0.0,0,0.0,0.0,53282.15,53308.4,52783.45,53710.35,0,0.0,0.0,0.0,0.0,-0.01,-1,-1,-0.01,-1,-1,-0.01,-1,-1,-0.01,-1,-1,-0.01,-1,-1,-0.01,-1,-1,-0.01,-1,-1,-0.01,-1,-1,-0.01,-1,-1,-0.01,-1,-1
99926009,2026-05-18 10:37:33+05:30,52948.2,0,0.0,0,0.0,0.0,53282.15,53308.4,52783.45,53710.35,0,0.0,0.0,0.0,0.0,-0.01,-1,-1,-0.01,-1,-1,-0.01,-1,-1,-0.01,-1,-1,-0.01,-1,-1,-0.01,-1,-1,-0.01,-1,-1,-0.01,-1,-1,-0.01,-1,-1,-0.01,-1,-1
99926009,2026-05-18 10:37:33+05:30,52950.3,0,0.0,0,0.0,0.0,53282.15,53308.4,52783.45,53710.35,0,0.0,0.0,0.0,0.0,-0.01,-1,-1,-0.01,-1,-1,-0.01,-1,-1,-0.01,-1,-1,-0.01,-1,-1,-0.01,-1,-1,-0.01,-1,-1,-0.01,-1,-1,-0.01,-1,-1,-0.01,-1,-1
99926009,2026-05-18 10:37:34+05:30,52950.45,0,0.0,0,0.0,0.0,53282.15,53308.4,52783.45,53710.35,0,0.0,0.0,0.0,0.0,-0.01,-1,-1,-0.01,-1,-1,-0.01,-1,-1,-0.01,-1,-1,-0.01,-1,-1,-0.01,-1,-1,-0.01,-1,-1,-0.01,-1,-1,-0.01,-1,-1,-0.01,-1,-1
99926009,2026-05-18 10:37:34+05:30,52951.05,0,0.0,0,0.0,0.0,53282.15,53308.4,52783.45,53710.35,0,0.0,0.0,0.0,0.0,-0.01,-1,-1,-0.01,-1,-1,-0.01,-1,-1,-0.01,-1,-1,-0.01,-1,-1,-0.01,-1,-1,-0.01,-1,-1,-0.01,-1,-1,-0.01,-1,-1,-0.01,-1,-1
99926009,2026-05-18 10:37:35+05:30,52950.15,0,0.0,0,0.0,0.0,53282.15,53308.4,52783.45,53710.35,0,0.0,0.0,0.0,0.0,-0.01,-1,-1,-0.01,-1,-1,-0.01,-1,-1,-0.01,-1,-1,-0.01,-1,-1,-0.01,-1,-1,-0.01,-1,-1,-0.01,-1,-1,-0.01,-1,-1,-0.01,-1,-1
99926009,2026-05-18 10:37:35+05:30,52948.05,0,0.0,0,0.0,0.0,53282.15,53308.4,52783.45,53710.35,0,0.0,0.0,0.0,0.0,-0.01,-1,-1,-0.01,-1,-1,-0.01,-1,-1,-0.01,-1,-1,-0.01,-1,-1,-0.01,-1,-1,-0.01,-1,-1,-0.01,-1,-1,-0.01,-1,-1,-0.01,-1,-1
99926009,2026-05-18 10:37:36+05:30,52951.65,0,0.0,0,0.0,0.0,53282.15,53308.4,52783.45,53710.35,0,0.0,0.0,0.0,0.0,-0.01,-1,-1,-0.01,-1,-1,-0.01,-1,-1,-0.01,-1,-1,-0.01,-1,-1,-0.01,-1,-1,-0.01,-1,-1,-0.01,-1,-1,-0.01,-1,-1,-0.01,-1,-1
99926009,2026-05-18 10:37:36+05:30,52951.55,0,0.0,0,0.0,0.0,53282.15,53308.4,52783.45,53710.35,0,0.0,0.0,0.0,0.0,-0.01,-1,-1,-0.01,-1,-1,-0.01,-1,-1,-0.01,-1,-1,-0.01,-1,-1,-0.01,-1,-1,-0.01,-1,-1,-0.01,-1,-1,-0.01,-1,-1,-0.01,-1,-1
99926009,2026-05-18 10:37:37+05:30,52950.35,0,0.0,0,0.0,0.0,53282.15,53308.4,52783.45,53710.35,0,0.0,0.0,0.0,0.0,-0.01,-1,-1,-0.01,-1,-1,-0.01,-1,-1,-0.01,-1,-1,-0.01,-1,-1,-0.01,-1,-1,-0.01,-1,-1,-0.01,-1,-1,-0.01,-1,-1,-0.01,-1,-1
99926009,2026-05-18 10:37:37+05:30,52950.85,0,0.0,0,0.0,0.0,53282.15,53308.4,52783.45,53710.35,0,0.0,0.0,0.0,0.0,-0.01,-1,-1,-0.01,-1,-1,-0.01,-1,-1,-0.01,-1,-1,-0.01,-1,-1,-0.01,-1,-1,-0.01,-1,-1,-0.01,-1,-1,-0.01,-1,-1,-0.01,-1,-1
99926009,2026-05-18 10:37:38+05:30,52951.95,0,0.0,0,0.0,0.0,53282.15,53308.4,52783.45,53710.35,0,0.0,0.0,0.0,0.0,-0.01,-1,-1,-0.01,-1,-1,-0.01,-1,-1,-0.01,-1,-1,-0.01,-1,-1,-0.01,-1,-1,-0.01,-1,-1,-0.01,-1,-1,-0.01,-1,-1,-0.01,-1,-1
99926009,2026-05-18 10:37:38+05:30,52951.6,0,0.0,0,0.0,0.0,53282.15,53308.4,52783.45,53710.35,0,0.0,0.0,0.0,0.0,-0.01,-1,-1,-0.01,-1,-1,-0.01,-1,-1,-0.01,-1,-1,-0.01,-1,-1,-0.01,-1,-1,-0.01,-1,-1,-0.01,-1,-1,-0.01,-1,-1,-0.01,-1,-1
99926009,2026-05-18 10:37:39+05:30,52954.2,0,0.0,0,0.0,0.0,53282.15,53308.4,52783.45,53710.35,0,0.0,0.0,0.0,0.0,-0.01,-1,-1,-0.01,-1,-1,-0.01,-1,-1,-0.01,-1,-1,-0.01,-1,-1,-0.01,-1,-1,-0.01,-1,-1,-0.01,-1,-1,-0.01,-1,-1,-0.01,-1,-1
99926009,2026-05-18 10:37:39+05:30,52956.4,0,0.0,0,0.0,0.0,53282.15,53308.4,52783.45,53710.35,0,0.0,0.0,0.0,0.0,-0.01,-1,-1,-0.01,-1,-1,-0.01,-1,-1,-0.01,-1,-1,-0.01,-1,-1,-0.01,-1,-1,-0.01,-1,-1,-0.01,-1,-1,-0.01,-1,-1,-0.01,-1,-1
99926009,2026-05-18 10:37:40+05:30,52954.55,0,0.0,0,0.0,0.0,53282.15,53308.4,52783.45,53710.35,0,0.0,0.0,0.0,0.0,-0.01,-1,-1,-0.01,-1,-1,-0.01,-1,-1,-0.01,-1,-1,-0.01,-1,-1,-0.01,-1,-1,-0.01,-1,-1,-0.01,-1,-1,-0.01,-1,-1,-0.01,-1,-1
99926009,2026-05-18 10:37:40+05:30,52952.6,0,0.0,0,0.0,0.0,53282.15,53308.4,52783.45,53710.35,0,0.0,0.0,0.0,0.0,-0.01,-1,-1,-0.01,-1,-1,-0.01,-1,-1,-0.01,-1,-1,-0.01,-1,-1,-0.01,-1,-1,-0.01,-1,-1,-0.01,-1,-1,-0.01,-1,-1,-0.01,-1,-1
99926009,2026-05-18 10:37:41+05:30,52950.3,0,0.0,0,0.0,0.0,53282.15,53308.4,52783.45,53710.35,0,0.0,0.0,0.0,0.0,-0.01,-1,-1,-0.01,-1,-1,-0.01,-1,-1,-0.01,-1,-1,-0.01,-1,-1,-0.01,-1,-1,-0.01,-1,-1,-0.01,-1,-1,-0.01,-1,-1,-0.01,-1,-1
99926009,2026-05-18 10:37:41+05:30,52949.0,0,0.0,0,0.0,0.0,53282.15,53308.4,52783.45,53710.35,0,0.0,0.0,0.0,0.0,-0.01,-1,-1,-0.01,-1,-1,-0.01,-1,-1,-0.01,-1,-1,-0.01,-1,-1,-0.01,-1,-1,-0.01,-1,-1,-0.01,-1,-1,-0.01,-1,-1,-0.01,-1,-1
99926009,2026-05-18 10:37:42+05:30,52950.25,0,0.0,0,0.0,0.0,53282.15,53308.4,52783.45,53710.35,0,0.0,0.0,0.0,0.0,-0.01,-1,-1,-0.01,-1,-1,-0.01,-1,-1,-0.01,-1,-1,-0.01,-1,-1,-0.01,-1,-1,-0.01,-1,-1,-0.01,-1,-1,-0.01,-1,-1,-0.01,-1,-1
99926009,2026-05-18 10:37:42+05:30,52953.7,0,0.0,0,0.0,0.0,53282.15,53308.4,52783.45,53710.35,0,0.0,0.0,0.0,0.0,-0.01,-1,-1,-0.01,-1,-1,-0.01,-1,-1,-0.01,-1,-1,-0.01,-1,-1,-0.01,-1,-1,-0.01,-1,-1,-0.01,-1,-1,-0.01,-1,-1,-0.01,-1,-1
99926009,2026-05-18 10:37:43+05:30,52954.1,0,0.0,0,0.0,0.0,53282.15,53308.4,52783.45,53710.35,0,0.0,0.0,0.0,0.0,-0.01,-1,-1,-0.01,-1,-1,-0.01,-1,-1,-0.01,-1,-1,-0.01,-1,-1,-0.01,-1,-1,-0.01,-1,-1,-0.01,-1,-1,-0.01,-1,-1,-0.01,-1,-1
99926009,2026-05-18 10:37:43+05:30,52953.8,0,0.0,0,0.0,0.0,53282.15,53308.4,52783.45,53710.35,0,0.0,0.0,0.0,0.0,-0.01,-1,-1,-0.01,-1,-1,-0.01,-1,-1,-0.01,-1,-1,-0.01,-1,-1,-0.01,-1,-1,-0.01,-1,-1,-0.01,-1,-1,-0.01,-1,-1,-0.01,-1,-1
99926009,2026-05-18 10:37:44+05:30,52953.8,0,0.0,0,0.0,0.0,53282.15,53308.4,52783.45,53710.35,0,0.0,0.0,0.0,0.0,-0.01,-1,-1,-0.01,-1,-1,-0.01,-1,-1,-0.01,-1,-1,-0.01,-1,-1,-0.01,-1,-1,-0.01,-1,-1,-0.01,-1,-1,-0.01,-1,-1,-0.01,-1,-1
99926009,2026-05-18 10:37:44+05:30,52955.1,0,0.0,0,0.0,0.0,53282.15,53308.4,52783.45,53710.35,0,0.0,0.0,0.0,0.0,-0.01,-1,-1,-0.01,-1,-1,-0.01,-1,-1,-0.01,-1,-1,-0.01,-1,-1,-0.01,-1,-1,-0.01,-1,-1,-0.01,-1,-1,-0.01,-1,-1,-0.01,-1,-1
99926009,2026-05-18 10:37:45+05:30,52957.55,0,0.0,0,0.0,0.0,53282.15,53308.4,52783.45,53710.35,0,0.0,0.0,0.0,0.0,-0.01,-1,-1,-0.01,-1,-1,-0.01,-1,-1,-0.01,-1,-1,-0.01,-1,-1,-0.01,-1,-1,-0.01,-1,-1,-0.01,-1,-1,-0.01,-1,-1,-0.01,-1,-1
99926009,2026-05-18 10:37:45+05:30,52957.15,0,0.0,0,0.0,0.0,53282.15,53308.4,52783.45,53710.35,0,0.0,0.0,0.0,0.0,-0.01,-1,-1,-0.01,-1,-1,-0.01,-1,-1,-0.01,-1,-1,-0.01,-1,-1,-0.01,-1,-1,-0.01,-1,-1,-0.01,-1,-1,-0.01,-1,-1,-0.01,-1,-1
99926009,2026-05-18 10:37:46+05:30,52959.85,0,0.0,0,0.0,0.0,53282.15,53308.4,52783.45,53710.35,0,0.0,0.0,0.0,0.0,-0.01,-1,-1,-0.01,-1,-1,-0.01,-1,-1,-0.01,-1,-1,-0.01,-1,-1,-0.01,-1,-1,-0.01,-1,-1,-0.01,-1,-1,-0.01,-1,-1,-0.01,-1,-1
99926009,2026-05-18 10:37:46+05:30,52958.85,0,0.0,0,0.0,0.0,53282.15,53308.4,52783.45,53710.35,0,0.0,0.0,0.0,0.0,-0.01,-1,-1,-0.01,-1,-1,-0.01,-1,-1,-0.01,-1,-1,-0.01,-1,-1,-0.01,-1,-1,-0.01,-1,-1,-0.01,-1,-1,-0.01,-1,-1,-0.01,-1,-1
99926009,2026-05-18 10:37:47+05:30,52959.25,0,0.0,0,0.0,0.0,53282.15,53308.4,52783.45,53710.35,0,0.0,0.0,0.0,0.0,-0.01,-1,-1,-0.01,-1,-1,-0.01,-1,-1,-0.01,-1,-1,-0.01,-1,-1,-0.01,-1,-1,-0.01,-1,-1,-0.01,-1,-1,-0.01,-1,-1,-0.01,-1,-1
99926009,2026-05-18 10:37:47+05:30,52961.0,0,0.0,0,0.0,0.0,53282.15,53308.4,52783.45,53710.35,0,0.0,0.0,0.0,0.0,-0.01,-1,-1,-0.01,-1,-1,-0.01,-1,-1,-0.01,-1,-1,-0.01,-1,-1,-0.01,-1,-1,-0.01,-1,-1,-0.01,-1,-1,-0.01,-1,-1,-0.01,-1,-1
99926009,2026-05-18 10:37:48+05:30,52962.55,0,0.0,0,0.0,0.0,53282.15,53308.4,52783.45,53710.35,0,0.0,0.0,0.0,0.0,-0.01,-1,-1,-0.01,-1,-1,-0.01,-1,-1,-0.01,-1,-1,-0.01,-1,-1,-0.01,-1,-1,-0.01,-1,-1,-0.01,-1,-1,-0.01,-1,-1,-0.01,-1,-1
99926009,2026-05-18 10:37:48+05:30,52958.75,0,0.0,0,0.0,0.0,53282.15,53308.4,52783.45,53710.35,0,0.0,0.0,0.0,0.0,-0.01,-1,-1,-0.01,-1,-1,-0.01,-1,-1,-0.01,-1,-1,-0.01,-1,-1,-0.01,-1,-1,-0.01,-1,-1,-0.01,-1,-1,-0.01,-1,-1,-0.01,-1,-1
99926009,2026-05-18 10:37:49+05:30,52962.75,0,0.0,0,0.0,0.0,53282.15,53308.4,52783.45,53710.35,0,0.0,0.0,0.0,0.0,-0.01,-1,-1,-0.01,-1,-1,-0.01,-1,-1,-0.01,-1,-1,-0.01,-1,-1,-0.01,-1,-1,-0.01,-1,-1,-0.01,-1,-1,-0.01,-1,-1,-0.01,-1,-1
99926009,2026-05-18 10:37:49+05:30,52961.4,0,0.0,0,0.0,0.0,53282.15,53308.4,52783.45,53710.35,0,0.0,0.0,0.0,0.0,-0.01,-1,-1,-0.01,-1,-1,-0.01,-1,-1,-0.01,-1,-1,-0.01,-1,-1,-0.01,-1,-1,-0.01,-1,-1,-0.01,-1,-1,-0.01,-1,-1,-0.01,-1,-1
99926009,2026-05-18 10:37:50+05:30,52962.5,0,0.0,0,0.0,0.0,53282.15,53308.4,52783.45,53710.35,0,0.0,0.0,0.0,0.0,-0.01,-1,-1,-0.01,-1,-1,-0.01,-1,-1,-0.01,-1,-1,-0.01,-1,-1,-0.01,-1,-1,-0.01,-1,-1,-0.01,-1,-1,-0.01,-1,-1,-0.01,-1,-1
99926009,2026-05-18 10:37:50+05:30,52963.6,0,0.0,0,0.0,0.0,53282.15,53308.4,52783.45,53710.35,0,0.0,0.0,0.0,0.0,-0.01,-1,-1,-0.01,-1,-1,-0.01,-1,-1,-0.01,-1,-1,-0.01,-1,-1,-0.01,-1,-1,-0.01,-1,-1,-0.01,-1,-1,-0.01,-1,-1,-0.01,-1,-1
99926009,2026-05-18 10:37:51+05:30,52963.75,0,0.0,0,0.0,0.0,53282.15,53308.4,52783.45,53710.35,0,0.0,0.0,0.0,0.0,-0.01,-1,-1,-0.01,-1,-1,-0.01,-1,-1,-0.01,-1,-1,-0.01,-1,-1,-0.01,-1,-1,-0.01,-1,-1,-0.01,-1,-1,-0.01,-1,-1,-0.01,-1,-1
99926009,2026-05-18 10:37:51+05:30,52962.3,0,0.0,0,0.0,0.0,53282.15,53308.4,52783.45,53710.35,0,0.0,0.0,0.0,0.0,-0.01,-1,-1,-0.01,-1,-1,-0.01,-1,-1,-0.01,-1,-1,-0.01,-1,-1,-0.01,-1,-1,-0.01,-1,-1,-0.01,-1,-1,-0.01,-1,-1,-0.01,-1,-1
99926009,2026-05-18 10:37:52+05:30,52962.55,0,0.0,0,0.0,0.0,53282.15,53308.4,52783.45,53710.35,0,0.0,0.0,0.0,0.0,-0.01,-1,-1,-0.01,-1,-1,-0.01,-1,-1,-0.01,-1,-1,-0.01,-1,-1,-0.01,-1,-1,-0.01,-1,-1,-0.01,-1,-1,-0.01,-1,-1,-0.01,-1,-1
99926009,2026-05-18 10:37:52+05:30,52963.2,0,0.0,0,0.0,0.0,53282.15,53308.4,52783.45,53710.35,0,0.0,0.0,0.0,0.0,-0.01,-1,-1,-0.01,-1,-1,-0.01,-1,-1,-0.01,-1,-1,-0.01,-1,-1,-0.01,-1,-1,-0.01,-1,-1,-0.01,-1,-1,-0.01,-1,-1,-0.01,-1,-1
99926009,2026-05-18 10:37:53+05:30,52962.2,0,0.0,0,0.0,0.0,53282.15,53308.4,52783.45,53710.35,0,0.0,0.0,0.0,0.0,-0.01,-1,-1,-0.01,-1,-1,-0.01,-1,-1,-0.01,-1,-1,-0.01,-1,-1,-0.01,-1,-1,-0.01,-1,-1,-0.01,-1,-1,-0.01,-1,-1,-0.01,-1,-1
99926009,2026-05-18 10:37:53+05:30,52962.45,0,0.0,0,0.0,0.0,53282.15,53308.4,52783.45,53710.35,0,0.0,0.0,0.0,0.0,-0.01,-1,-1,-0.01,-1,-1,-0.01,-1,-1,-0.01,-1,-1,-0.01,-1,-1,-0.01,-1,-1,-0.01,-1,-1,-0.01,-1,-1,-0.01,-1,-1,-0.01,-1,-1
99926009,2026-05-18 10:37:54+05:30,52963.95,0,0.0,0,0.0,0.0,53282.15,53308.4,52783.45,53710.35,0,0.0,0.0,0.0,0.0,-0.01,-1,-1,-0.01,-1,-1,-0.01,-1,-1,-0.01,-1,-1,-0.01,-1,-1,-0.01,-1,-1,-0.01,-1,-1,-0.01,-1,-1,-0.01,-1,-1,-0.01,-1,-1
99926009,2026-05-18 10:37:54+05:30,52965.5,0,0.0,0,0.0,0.0,53282.15,53308.4,52783.45,53710.35,0,0.0,0.0,0.0,0.0,-0.01,-1,-1,-0.01,-1,-1,-0.01,-1,-1,-0.01,-1,-1,-0.01,-1,-1,-0.01,-1,-1,-0.01,-1,-1,-0.01,-1,-1,-0.01,-1,-1,-0.01,-1,-1
99926009,2026-05-18 10:37:55+05:30,52962.35,0,0.0,0,0.0,0.0,53282.15,53308.4,52783.45,53710.35,0,0.0,0.0,0.0,0.0,-0.01,-1,-1,-0.01,-1,-1,-0.01,-1,-1,-0.01,-1,-1,-0.01,-1,-1,-0.01,-1,-1,-0.01,-1,-1,-0.01,-1,-1,-0.01,-1,-1,-0.01,-1,-1
99926009,2026-05-18 10:37:55+05:30,52963.35,0,0.0,0,0.0,0.0,53282.15,53308.4,52783.45,53710.35,0,0.0,0.0,0.0,0.0,-0.01,-1,-1,-0.01,-1,-1,-0.01,-1,-1,-0.01,-1,-1,-0.01,-1,-1,-0.01,-1,-1,-0.01,-1,-1,-0.01,-1,-1,-0.01,-1,-1,-0.01,-1,-1
99926009,2026-05-18 10:37:56+05:30,52965.8,0,0.0,0,0.0,0.0,53282.15,53308.4,52783.45,53710.35,0,0.0,0.0,0.0,0.0,-0.01,-1,-1,-0.01,-1,-1,-0.01,-1,-1,-0.01,-1,-1,-0.01,-1,-1,-0.01,-1,-1,-0.01,-1,-1,-0.01,-1,-1,-0.01,-1,-1,-0.01,-1,-1
99926009,2026-05-18 10:37:56+05:30,52963.85,0,0.0,0,0.0,0.0,53282.15,53308.4,52783.45,53710.35,0,0.0,0.0,0.0,0.0,-0.01,-1,-1,-0.01,-1,-1,-0.01,-1,-1,-0.01,-1,-1,-0.01,-1,-1,-0.01,-1,-1,-0.01,-1,-1,-0.01,-1,-1,-0.01,-1,-1,-0.01,-1,-1
99926009,2026-05-18 10:37:57+05:30,52966.55,0,0.0,0,0.0,0.0,53282.15,53308.4,52783.45,53710.35,0,0.0,0.0,0.0,0.0,-0.01,-1,-1,-0.01,-1,-1,-0.01,-1,-1,-0.01,-1,-1,-0.01,-1,-1,-0.01,-1,-1,-0.01,-1,-1,-0.01,-1,-1,-0.01,-1,-1,-0.01,-1,-1
99926009,2026-05-18 10:37:57+05:30,52970.85,0,0.0,0,0.0,0.0,53282.15,53308.4,52783.45,53710.35,0,0.0,0.0,0.0,0.0,-0.01,-1,-1,-0.01,-1,-1,-0.01,-1,-1,-0.01,-1,-1,-0.01,-1,-1,-0.01,-1,-1,-0.01,-1,-1,-0.01,-1,-1,-0.01,-1,-1,-0.01,-1,-1
99926009,2026-05-18 10:37:58+05:30,52967.85,0,0.0,0,0.0,0.0,53282.15,53308.4,52783.45,53710.35,0,0.0,0.0,0.0,0.0,-0.01,-1,-1,-0.01,-1,-1,-0.01,-1,-1,-0.01,-1,-1,-0.01,-1,-1,-0.01,-1,-1,-0.01,-1,-1,-0.01,-1,-1,-0.01,-1,-1,-0.01,-1,-1
99926009,2026-05-18 10:37:58+05:30,52974.5,0,0.0,0,0.0,0.0,53282.15,53308.4,52783.45,53710.35,0,0.0,0.0,0.0,0.0,-0.01,-1,-1,-0.01,-1,-1,-0.01,-1,-1,-0.01,-1,-1,-0.01,-1,-1,-0.01,-1,-1,-0.01,-1,-1,-0.01,-1,-1,-0.01,-1,-1,-0.01,-1,-1
99926009,2026-05-18 10:37:59+05:30,52975.1,0,0.0,0,0.0,0.0,53282.15,53308.4,52783.45,53710.35,0,0.0,0.0,0.0,0.0,-0.01,-1,-1,-0.01,-1,-1,-0.01,-1,-1,-0.01,-1,-1,-0.01,-1,-1,-0.01,-1,-1,-0.01,-1,-1,-0.01,-1,-1,-0.01,-1,-1,-0.01,-1,-1
99926009,2026-05-18 10:37:59+05:30,52977.85,0,0.0,0,0.0,0.0,53282.15,53308.4,52783.45,53710.35,0,0.0,0.0,0.0,0.0,-0.01,-1,-1,-0.01,-1,-1,-0.01,-1,-1,-0.01,-1,-1,-0.01,-1,-1,-0.01,-1,-1,-0.01,-1,-1,-0.01,-1,-1,-0.01,-1,-1,-0.01,-1,-1
99926009,2026-05-18 10:38:00+05:30,52978.7,0,0.0,0,0.0,0.0,53282.15,53308.4,52783.45,53710.35,0,0.0,0.0,0.0,0.0,-0.01,-1,-1,-0.01,-1,-1,-0.01,-1,-1,-0.01,-1,-1,-0.01,-1,-1,-0.01,-1,-1,-0.01,-1,-1,-0.01,-1,-1,-0.01,-1,-1,-0.01,-1,-1
99926009,2026-05-18 10:38:00+05:30,52978.6,0,0.0,0,0.0,0.0,53282.15,53308.4,52783.45,53710.35,0,0.0,0.0,0.0,0.0,-0.01,-1,-1,-0.01,-1,-1,-0.01,-1,-1,-0.01,-1,-1,-0.01,-1,-1,-0.01,-1,-1,-0.01,-1,-1,-0.01,-1,-1,-0.01,-1,-1,-0.01,-1,-1
99926009,2026-05-18 10:38:01+05:30,52977.85,0,0.0,0,0.0,0.0,53282.15,53308.4,52783.45,53710.35,0,0.0,0.0,0.0,0.0,-0.01,-1,-1,-0.01,-1,-1,-0.01,-1,-1,-0.01,-1,-1,-0.01,-1,-1,-0.01,-1,-1,-0.01,-1,-1,-0.01,-1,-1,-0.01,-1,-1,-0.01,-1,-1
99926009,2026-05-18 10:38:01+05:30,52976.5,0,0.0,0,0.0,0.0,53282.15,53308.4,52783.45,53710.35,0,0.0,0.0,0.0,0.0,-0.01,-1,-1,-0.01,-1,-1,-0.01,-1,-1,-0.01,-1,-1,-0.01,-1,-1,-0.01,-1,-1,-0.01,-1,-1,-0.01,-1,-1,-0.01,-1,-1,-0.01,-1,-1
99926009,2026-05-18 10:38:02+05:30,52975.05,0,0.0,0,0.0,0.0,53282.15,53308.4,52783.45,53710.35,0,0.0,0.0,0.0,0.0,-0.01,-1,-1,-0.01,-1,-1,-0.01,-1,-1,-0.01,-1,-1,-0.01,-1,-1,-0.01,-1,-1,-0.01,-1,-1,-0.01,-1,-1,-0.01,-1,-1,-0.01,-1,-1
99926009,2026-05-18 10:38:02+05:30,52975.7,0,0.0,0,0.0,0.0,53282.15,53308.4,52783.45,53710.35,0,0.0,0.0,0.0,0.0,-0.01,-1,-1,-0.01,-1,-1,-0.01,-1,-1,-0.01,-1,-1,-0.01,-1,-1,-0.01,-1,-1,-0.01,-1,-1,-0.01,-1,-1,-0.01,-1,-1,-0.01,-1,-1
99926009,2026-05-18 10:38:03+05:30,52978.1,0,0.0,0,0.0,0.0,53282.15,53308.4,52783.45,53710.35,0,0.0,0.0,0.0,0.0,-0.01,-1,-1,-0.01,-1,-1,-0.01,-1,-1,-0.01,-1,-1,-0.01,-1,-1,-0.01,-1,-1,-0.01,-1,-1,-0.01,-1,-1,-0.01,-1,-1,-0.01,-1,-1
99926009,2026-05-18 10:38:03+05:30,52974.65,0,0.0,0,0.0,0.0,53282.15,53308.4,52783.45,53710.35,0,0.0,0.0,0.0,0.0,-0.01,-1,-1,-0.01,-1,-1,-0.01,-1,-1,-0.01,-1,-1,-0.01,-1,-1,-0.01,-1,-1,-0.01,-1,-1,-0.01,-1,-1,-0.01,-1,-1,-0.01,-1,-1
99926009,2026-05-18 10:38:04+05:30,52976.6,0,0.0,0,0.0,0.0,53282.15,53308.4,52783.45,53710.35,0,0.0,0.0,0.0,0.0,-0.01,-1,-1,-0.01,-1,-1,-0.01,-1,-1,-0.01,-1,-1,-0.01,-1,-1,-0.01,-1,-1,-0.01,-1,-1,-0.01,-1,-1,-0.01,-1,-1,-0.01,-1,-1
99926009,2026-05-18 10:38:04+05:30,52975.75,0,0.0,0,0.0,0.0,53282.15,53308.4,52783.45,53710.35,0,0.0,0.0,0.0,0.0,-0.01,-1,-1,-0.01,-1,-1,-0.01,-1,-1,-0.01,-1,-1,-0.01,-1,-1,-0.01,-1,-1,-0.01,-1,-1,-0.01,-1,-1,-0.01,-1,-1,-0.01,-1,-1
99926009,2026-05-18 10:38:05+05:30,52976.1,0,0.0,0,0.0,0.0,53282.15,53308.4,52783.45,53710.35,0,0.0,0.0,0.0,0.0,-0.01,-1,-1,-0.01,-1,-1,-0.01,-1,-1,-0.01,-1,-1,-0.01,-1,-1,-0.01,-1,-1,-0.01,-1,-1,-0.01,-1,-1,-0.01,-1,-1,-0.01,-1,-1
99926009,2026-05-18 10:38:05+05:30,52972.45,0,0.0,0,0.0,0.0,53282.15,53308.4,52783.45,53710.35,0,0.0,0.0,0.0,0.0,-0.01,-1,-1,-0.01,-1,-1,-0.01,-1,-1,-0.01,-1,-1,-0.01,-1,-1,-0.01,-1,-1,-0.01,-1,-1,-0.01,-1,-1,-0.01,-1,-1,-0.01,-1,-1
99926009,2026-05-18 10:38:06+05:30,52973.65,0,0.0,0,0.0,0.0,53282.15,53308.4,52783.45,53710.35,0,0.0,0.0,0.0,0.0,-0.01,-1,-1,-0.01,-1,-1,-0.01,-1,-1,-0.01,-1,-1,-0.01,-1,-1,-0.01,-1,-1,-0.01,-1,-1,-0.01,-1,-1,-0.01,-1,-1,-0.01,-1,-1
99926009,2026-05-18 10:38:06+05:30,52970.55,0,0.0,0,0.0,0.0,53282.15,53308.4,52783.45,53710.35,0,0.0,0.0,0.0,0.0,-0.01,-1,-1,-0.01,-1,-1,-0.01,-1,-1,-0.01,-1,-1,-0.01,-1,-1,-0.01,-1,-1,-0.01,-1,-1,-0.01,-1,-1,-0.01,-1,-1,-0.01,-1,-1
99926009,2026-05-18 10:38:07+05:30,52972.5,0,0.0,0,0.0,0.0,53282.15,53308.4,52783.45,53710.35,0,0.0,0.0,0.0,0.0,-0.01,-1,-1,-0.01,-1,-1,-0.01,-1,-1,-0.01,-1,-1,-0.01,-1,-1,-0.01,-1,-1,-0.01,-1,-1,-0.01,-1,-1,-0.01,-1,-1,-0.01,-1,-1
99926009,2026-05-18 10:38:07+05:30,52971.8,0,0.0,0,0.0,0.0,53282.15,53308.4,52783.45,53710.35,0,0.0,0.0,0.0,0.0,-0.01,-1,-1,-0.01,-1,-1,-0.01,-1,-1,-0.01,-1,-1,-0.01,-1,-1,-0.01,-1,-1,-0.01,-1,-1,-0.01,-1,-1,-0.01,-1,-1,-0.01,-1,-1
99926009,2026-05-18 10:38:08+05:30,52970.35,0,0.0,0,0.0,0.0,53282.15,53308.4,52783.45,53710.35,0,0.0,0.0,0.0,0.0,-0.01,-1,-1,-0.01,-1,-1,-0.01,-1,-1,-0.01,-1,-1,-0.01,-1,-1,-0.01,-1,-1,-0.01,-1,-1,-0.01,-1,-1,-0.01,-1,-1,-0.01,-1,-1
99926009,2026-05-18 10:38:08+05:30,52967.6,0,0.0,0,0.0,0.0,53282.15,53308.4,52783.45,53710.35,0,0.0,0.0,0.0,0.0,-0.01,-1,-1,-0.01,-1,-1,-0.01,-1,-1,-0.01,-1,-1,-0.01,-1,-1,-0.01,-1,-1,-0.01,-1,-1,-0.01,-1,-1,-0.01,-1,-1,-0.01,-1,-1
99926009,2026-05-18 10:38:09+05:30,52969.25,0,0.0,0,0.0,0.0,53282.15,53308.4,52783.45,53710.35,0,0.0,0.0,0.0,0.0,-0.01,-1,-1,-0.01,-1,-1,-0.01,-1,-1,-0.01,-1,-1,-0.01,-1,-1,-0.01,-1,-1,-0.01,-1,-1,-0.01,-1,-1,-0.01,-1,-1,-0.01,-1,-1
99926009,2026-05-18 10:38:09+05:30,52970.15,0,0.0,0,0.0,0.0,53282.15,53308.4,52783.45,53710.35,0,0.0,0.0,0.0,0.0,-0.01,-1,-1,-0.01,-1,-1,-0.01,-1,-1,-0.01,-1,-1,-0.01,-1,-1,-0.01,-1,-1,-0.01,-1,-1,-0.01,-1,-1,-0.01,-1,-1,-0.01,-1,-1
99926009,2026-05-18 10:38:10+05:30,52966.45,0,0.0,0,0.0,0.0,53282.15,53308.4,52783.45,53710.35,0,0.0,0.0,0.0,0.0,-0.01,-1,-1,-0.01,-1,-1,-0.01,-1,-1,-0.01,-1,-1,-0.01,-1,-1,-0.01,-1,-1,-0.01,-1,-1,-0.01,-1,-1,-0.01,-1,-1,-0.01,-1,-1
99926009,2026-05-18 10:38:10+05:30,52967.95,0,0.0,0,0.0,0.0,53282.15,53308.4,52783.45,53710.35,0,0.0,0.0,0.0,0.0,-0.01,-1,-1,-0.01,-1,-1,-0.01,-1,-1,-0.01,-1,-1,-0.01,-1,-1,-0.01,-1,-1,-0.01,-1,-1,-0.01,-1,-1,-0.01,-1,-1,-0.01,-1,-1
99926009,2026-05-18 10:38:11+05:30,52971.45,0,0.0,0,0.0,0.0,53282.15,53308.4,52783.45,53710.35,0,0.0,0.0,0.0,0.0,-0.01,-1,-1,-0.01,-1,-1,-0.01,-1,-1,-0.01,-1,-1,-0.01,-1,-1,-0.01,-1,-1,-0.01,-1,-1,-0.01,-1,-1,-0.01,-1,-1,-0.01,-1,-1
99926009,2026-05-18 10:38:11+05:30,52967.4,0,0.0,0,0.0,0.0,53282.15,53308.4,52783.45,53710.35,0,0.0,0.0,0.0,0.0,-0.01,-1,-1,-0.01,-1,-1,-0.01,-1,-1,-0.01,-1,-1,-0.01,-1,-1,-0.01,-1,-1,-0.01,-1,-1,-0.01,-1,-1,-0.01,-1,-1,-0.01,-1,-1
99926009,2026-05-18 10:38:12+05:30,52963.55,0,0.0,0,0.0,0.0,53282.15,53308.4,52783.45,53710.35,0,0.0,0.0,0.0,0.0,-0.01,-1,-1,-0.01,-1,-1,-0.01,-1,-1,-0.01,-1,-1,-0.01,-1,-1,-0.01,-1,-1,-0.01,-1,-1,-0.01,-1,-1,-0.01,-1,-1,-0.01,-1,-1
99926009,2026-05-18 10:38:12+05:30,52964.25,0,0.0,0,0.0,0.0,53282.15,53308.4,52783.45,53710.35,0,0.0,0.0,0.0,0.0,-0.01,-1,-1,-0.01,-1,-1,-0.01,-1,-1,-0.01,-1,-1,-0.01,-1,-1,-0.01,-1,-1,-0.01,-1,-1,-0.01,-1,-1,-0.01,-1,-1,-0.01,-1,-1
99926009,2026-05-18 10:38:13+05:30,52963.4,0,0.0,0,0.0,0.0,53282.15,53308.4,52783.45,53710.35,0,0.0,0.0,0.0,0.0,-0.01,-1,-1,-0.01,-1,-1,-0.01,-1,-1,-0.01,-1,-1,-0.01,-1,-1,-0.01,-1,-1,-0.01,-1,-1,-0.01,-1,-1,-0.01,-1,-1,-0.01,-1,-1
99926009,2026-05-18 10:38:13+05:30,52965.45,0,0.0,0,0.0,0.0,53282.15,53308.4,52783.45,53710.35,0,0.0,0.0,0.0,0.0,-0.01,-1,-1,-0.01,-1,-1,-0.01,-1,-1,-0.01,-1,-1,-0.01,-1,-1,-0.01,-1,-1,-0.01,-1,-1,-0.01,-1,-1,-0.01,-1,-1,-0.01,-1,-1
99926009,2026-05-18 10:38:14+05:30,52966.7,0,0.0,0,0.0,0.0,53282.15,53308.4,52783.45,53710.35,0,0.0,0.0,0.0,0.0,-0.01,-1,-1,-0.01,-1,-1,-0.01,-1,-1,-0.01,-1,-1,-0.01,-1,-1,-0.01,-1,-1,-0.01,-1,-1,-0.01,-1,-1,-0.01,-1,-1,-0.01,-1,-1
99926009,2026-05-18 10:38:14+05:30,52964.25,0,0.0,0,0.0,0.0,53282.15,53308.4,52783.45,53710.35,0,0.0,0.0,0.0,0.0,-0.01,-1,-1,-0.01,-1,-1,-0.01,-1,-1,-0.01,-1,-1,-0.01,-1,-1,-0.01,-1,-1,-0.01,-1,-1,-0.01,-1,-1,-0.01,-1,-1,-0.01,-1,-1
99926009,2026-05-18 10:38:15+05:30,52966.25,0,0.0,0,0.0,0.0,53282.15,53308.4,52783.45,53710.35,0,0.0,0.0,0.0,0.0,-0.01,-1,-1,-0.01,-1,-1,-0.01,-1,-1,-0.01,-1,-1,-0.01,-1,-1,-0.01,-1,-1,-0.01,-1,-1,-0.01,-1,-1,-0.01,-1,-1,-0.01,-1,-1
99926009,2026-05-18 10:38:15+05:30,52968.85,0,0.0,0,0.0,0.0,53282.15,53308.4,52783.45,53710.35,0,0.0,0.0,0.0,0.0,-0.01,-1,-1,-0.01,-1,-1,-0.01,-1,-1,-0.01,-1,-1,-0.01,-1,-1,-0.01,-1,-1,-0.01,-1,-1,-0.01,-1,-1,-0.01,-1,-1,-0.01,-1,-1
99926009,2026-05-18 10:38:16+05:30,52967.85,0,0.0,0,0.0,0.0,53282.15,53308.4,52783.45,53710.35,0,0.0,0.0,0.0,0.0,-0.01,-1,-1,-0.01,-1,-1,-0.01,-1,-1,-0.01,-1,-1,-0.01,-1,-1,-0.01,-1,-1,-0.01,-1,-1,-0.01,-1,-1,-0.01,-1,-1,-0.01,-1,-1
99926009,2026-05-18 10:38:16+05:30,52967.5,0,0.0,0,0.0,0.0,53282.15,53308.4,52783.45,53710.35,0,0.0,0.0,0.0,0.0,-0.01,-1,-1,-0.01,-1,-1,-0.01,-1,-1,-0.01,-1,-1,-0.01,-1,-1,-0.01,-1,-1,-0.01,-1,-1,-0.01,-1,-1,-0.01,-1,-1,-0.01,-1,-1
99926009,2026-05-18 10:38:17+05:30,52968.8,0,0.0,0,0.0,0.0,53282.15,53308.4,52783.45,53710.35,0,0.0,0.0,0.0,0.0,-0.01,-1,-1,-0.01,-1,-1,-0.01,-1,-1,-0.01,-1,-1,-0.01,-1,-1,-0.01,-1,-1,-0.01,-1,-1,-0.01,-1,-1,-0.01,-1,-1,-0.01,-1,-1
99926009,2026-05-18 10:38:17+05:30,52965.05,0,0.0,0,0.0,0.0,53282.15,53308.4,52783.45,53710.35,0,0.0,0.0,0.0,0.0,-0.01,-1,-1,-0.01,-1,-1,-0.01,-1,-1,-0.01,-1,-1,-0.01,-1,-1,-0.01,-1,-1,-0.01,-1,-1,-0.01,-1,-1,-0.01,-1,-1,-0.01,-1,-1
99926009,2026-05-18 10:38:18+05:30,52963.9,0,0.0,0,0.0,0.0,53282.15,53308.4,52783.45,53710.35,0,0.0,0.0,0.0,0.0,-0.01,-1,-1,-0.01,-1,-1,-0.01,-1,-1,-0.01,-1,-1,-0.01,-1,-1,-0.01,-1,-1,-0.01,-1,-1,-0.01,-1,-1,-0.01,-1,-1,-0.01,-1,-1
99926009,2026-05-18 10:38:18+05:30,52963.7,0,0.0,0,0.0,0.0,53282.15,53308.4,52783.45,53710.35,0,0.0,0.0,0.0,0.0,-0.01,-1,-1,-0.01,-1,-1,-0.01,-1,-1,-0.01,-1,-1,-0.01,-1,-1,-0.01,-1,-1,-0.01,-1,-1,-0.01,-1,-1,-0.01,-1,-1,-0.01,-1,-1
99926009,2026-05-18 10:38:19+05:30,52963.9,0,0.0,0,0.0,0.0,53282.15,53308.4,52783.45,53710.35,0,0.0,0.0,0.0,0.0,-0.01,-1,-1,-0.01,-1,-1,-0.01,-1,-1,-0.01,-1,-1,-0.01,-1,-1,-0.01,-1,-1,-0.01,-1,-1,-0.01,-1,-1,-0.01,-1,-1,-0.01,-1,-1
99926009,2026-05-18 10:38:19+05:30,52961.0,0,0.0,0,0.0,0.0,53282.15,53308.4,52783.45,53710.35,0,0.0,0.0,0.0,0.0,-0.01,-1,-1,-0.01,-1,-1,-0.01,-1,-1,-0.01,-1,-1,-0.01,-1,-1,-0.01,-1,-1,-0.01,-1,-1,-0.01,-1,-1,-0.01,-1,-1,-0.01,-1,-1
99926009,2026-05-18 10:38:20+05:30,52967.25,0,0.0,0,0.0,0.0,53282.15,53308.4,52783.45,53710.35,0,0.0,0.0,0.0,0.0,-0.01,-1,-1,-0.01,-1,-1,-0.01,-1,-1,-0.01,-1,-1,-0.01,-1,-1,-0.01,-1,-1,-0.01,-1,-1,-0.01,-1,-1,-0.01,-1,-1,-0.01,-1,-1
99926009,2026-05-18 10:38:20+05:30,52965.7,0,0.0,0,0.0,0.0,53282.15,53308.4,52783.45,53710.35,0,0.0,0.0,0.0,0.0,-0.01,-1,-1,-0.01,-1,-1,-0.01,-1,-1,-0.01,-1,-1,-0.01,-1,-1,-0.01,-1,-1,-0.01,-1,-1,-0.01,-1,-1,-0.01,-1,-1,-0.01,-1,-1
99926009,2026-05-18 10:38:21+05:30,52962.65,0,0.0,0,0.0,0.0,53282.15,53308.4,52783.45,53710.35,0,0.0,0.0,0.0,0.0,-0.01,-1,-1,-0.01,-1,-1,-0.01,-1,-1,-0.01,-1,-1,-0.01,-1,-1,-0.01,-1,-1,-0.01,-1,-1,-0.01,-1,-1,-0.01,-1,-1,-0.01,-1,-1
99926009,2026-05-18 10:38:21+05:30,52967.4,0,0.0,0,0.0,0.0,53282.15,53308.4,52783.45,53710.35,0,0.0,0.0,0.0,0.0,-0.01,-1,-1,-0.01,-1,-1,-0.01,-1,-1,-0.01,-1,-1,-0.01,-1,-1,-0.01,-1,-1,-0.01,-1,-1,-0.01,-1,-1,-0.01,-1,-1,-0.01,-1,-1
99926009,2026-05-18 10:38:22+05:30,52966.15,0,0.0,0,0.0,0.0,53282.15,53308.4,52783.45,53710.35,0,0.0,0.0,0.0,0.0,-0.01,-1,-1,-0.01,-1,-1,-0.01,-1,-1,-0.01,-1,-1,-0.01,-1,-1,-0.01,-1,-1,-0.01,-1,-1,-0.01,-1,-1,-0.01,-1,-1,-0.01,-1,-1
99926009,2026-05-18 10:38:22+05:30,52963.55,0,0.0,0,0.0,0.0,53282.15,53308.4,52783.45,53710.35,0,0.0,0.0,0.0,0.0,-0.01,-1,-1,-0.01,-1,-1,-0.01,-1,-1,-0.01,-1,-1,-0.01,-1,-1,-0.01,-1,-1,-0.01,-1,-1,-0.01,-1,-1,-0.01,-1,-1,-0.01,-1,-1
99926009,2026-05-18 10:38:23+05:30,52963.55,0,0.0,0,0.0,0.0,53282.15,53308.4,52783.45,53710.35,0,0.0,0.0,0.0,0.0,-0.01,-1,-1,-0.01,-1,-1,-0.01,-1,-1,-0.01,-1,-1,-0.01,-1,-1,-0.01,-1,-1,-0.01,-1,-1,-0.01,-1,-1,-0.01,-1,-1,-0.01,-1,-1
99926009,2026-05-18 10:38:23+05:30,52966.95,0,0.0,0,0.0,0.0,53282.15,53308.4,52783.45,53710.35,0,0.0,0.0,0.0,0.0,-0.01,-1,-1,-0.01,-1,-1,-0.01,-1,-1,-0.01,-1,-1,-0.01,-1,-1,-0.01,-1,-1,-0.01,-1,-1,-0.01,-1,-1,-0.01,-1,-1,-0.01,-1,-1
99926009,2026-05-18 10:38:24+05:30,52963.8,0,0.0,0,0.0,0.0,53282.15,53308.4,52783.45,53710.35,0,0.0,0.0,0.0,0.0,-0.01,-1,-1,-0.01,-1,-1,-0.01,-1,-1,-0.01,-1,-1,-0.01,-1,-1,-0.01,-1,-1,-0.01,-1,-1,-0.01,-1,-1,-0.01,-1,-1,-0.01,-1,-1
99926009,2026-05-18 10:38:24+05:30,52969.4,0,0.0,0,0.0,0.0,53282.15,53308.4,52783.45,53710.35,0,0.0,0.0,0.0,0.0,-0.01,-1,-1,-0.01,-1,-1,-0.01,-1,-1,-0.01,-1,-1,-0.01,-1,-1,-0.01,-1,-1,-0.01,-1,-1,-0.01,-1,-1,-0.01,-1,-1,-0.01,-1,-1
99926009,2026-05-18 10:38:25+05:30,52968.95,0,0.0,0,0.0,0.0,53282.15,53308.4,52783.45,53710.35,0,0.0,0.0,0.0,0.0,-0.01,-1,-1,-0.01,-1,-1,-0.01,-1,-1,-0.01,-1,-1,-0.01,-1,-1,-0.01,-1,-1,-0.01,-1,-1,-0.01,-1,-1,-0.01,-1,-1,-0.01,-1,-1
99926009,2026-05-18 10:38:25+05:30,52967.0,0,0.0,0,0.0,0.0,53282.15,53308.4,52783.45,53710.35,0,0.0,0.0,0.0,0.0,-0.01,-1,-1,-0.01,-1,-1,-0.01,-1,-1,-0.01,-1,-1,-0.01,-1,-1,-0.01,-1,-1,-0.01,-1,-1,-0.01,-1,-1,-0.01,-1,-1,-0.01,-1,-1
99926009,2026-05-18 10:38:26+05:30,52969.8,0,0.0,0,0.0,0.0,53282.15,53308.4,52783.45,53710.35,0,0.0,0.0,0.0,0.0,-0.01,-1,-1,-0.01,-1,-1,-0.01,-1,-1,-0.01,-1,-1,-0.01,-1,-1,-0.01,-1,-1,-0.01,-1,-1,-0.01,-1,-1,-0.01,-1,-1,-0.01,-1,-1
99926009,2026-05-18 10:38:26+05:30,52968.95,0,0.0,0,0.0,0.0,53282.15,53308.4,52783.45,53710.35,0,0.0,0.0,0.0,0.0,-0.01,-1,-1,-0.01,-1,-1,-0.01,-1,-1,-0.01,-1,-1,-0.01,-1,-1,-0.01,-1,-1,-0.01,-1,-1,-0.01,-1,-1,-0.01,-1,-1,-0.01,-1,-1
99926009,2026-05-18 10:38:27+05:30,52968.35,0,0.0,0,0.0,0.0,53282.15,53308.4,52783.45,53710.35,0,0.0,0.0,0.0,0.0,-0.01,-1,-1,-0.01,-1,-1,-0.01,-1,-1,-0.01,-1,-1,-0.01,-1,-1,-0.01,-1,-1,-0.01,-1,-1,-0.01,-1,-1,-0.01,-1,-1,-0.01,-1,-1
99926009,2026-05-18 10:38:27+05:30,52968.85,0,0.0,0,0.0,0.0,53282.15,53308.4,52783.45,53710.35,0,0.0,0.0,0.0,0.0,-0.01,-1,-1,-0.01,-1,-1,-0.01,-1,-1,-0.01,-1,-1,-0.01,-1,-1,-0.01,-1,-1,-0.01,-1,-1,-0.01,-1,-1,-0.01,-1,-1,-0.01,-1,-1
99926009,2026-05-18 10:38:28+05:30,52970.0,0,0.0,0,0.0,0.0,53282.15,53308.4,52783.45,53710.35,0,0.0,0.0,0.0,0.0,-0.01,-1,-1,-0.01,-1,-1,-0.01,-1,-1,-0.01,-1,-1,-0.01,-1,-1,-0.01,-1,-1,-0.01,-1,-1,-0.01,-1,-1,-0.01,-1,-1,-0.01,-1,-1
99926009,2026-05-18 10:38:28+05:30,52967.75,0,0.0,0,0.0,0.0,53282.15,53308.4,52783.45,53710.35,0,0.0,0.0,0.0,0.0,-0.01,-1,-1,-0.01,-1,-1,-0.01,-1,-1,-0.01,-1,-1,-0.01,-1,-1,-0.01,-1,-1,-0.01,-1,-1,-0.01,-1,-1,-0.01,-1,-1,-0.01,-1,-1
99926009,2026-05-18 10:38:29+05:30,52966.95,0,0.0,0,0.0,0.0,53282.15,53308.4,52783.45,53710.35,0,0.0,0.0,0.0,0.0,-0.01,-1,-1,-0.01,-1,-1,-0.01,-1,-1,-0.01,-1,-1,-0.01,-1,-1,-0.01,-1,-1,-0.01,-1,-1,-0.01,-1,-1,-0.01,-1,-1,-0.01,-1,-1
99926009,2026-05-18 10:38:29+05:30,52964.7,0,0.0,0,0.0,0.0,53282.15,53308.4,52783.45,53710.35,0,0.0,0.0,0.0,0.0,-0.01,-1,-1,-0.01,-1,-1,-0.01,-1,-1,-0.01,-1,-1,-0.01,-1,-1,-0.01,-1,-1,-0.01,-1,-1,-0.01,-1,-1,-0.01,-1,-1,-0.01,-1,-1
99926009,2026-05-18 10:38:30+05:30,52966.85,0,0.0,0,0.0,0.0,53282.15,53308.4,52783.45,53710.35,0,0.0,0.0,0.0,0.0,-0.01,-1,-1,-0.01,-1,-1,-0.01,-1,-1,-0.01,-1,-1,-0.01,-1,-1,-0.01,-1,-1,-0.01,-1,-1,-0.01,-1,-1,-0.01,-1,-1,-0.01,-1,-1
99926009,2026-05-18 10:38:30+05:30,52967.95,0,0.0,0,0.0,0.0,53282.15,53308.4,52783.45,53710.35,0,0.0,0.0,0.0,0.0,-0.01,-1,-1,-0.01,-1,-1,-0.01,-1,-1,-0.01,-1,-1,-0.01,-1,-1,-0.01,-1,-1,-0.01,-1,-1,-0.01,-1,-1,-0.01,-1,-1,-0.01,-1,-1
99926009,2026-05-18 10:38:31+05:30,52969.1,0,0.0,0,0.0,0.0,53282.15,53308.4,52783.45,53710.35,0,0.0,0.0,0.0,0.0,-0.01,-1,-1,-0.01,-1,-1,-0.01,-1,-1,-0.01,-1,-1,-0.01,-1,-1,-0.01,-1,-1,-0.01,-1,-1,-0.01,-1,-1,-0.01,-1,-1,-0.01,-1,-1
99926009,2026-05-18 10:38:31+05:30,52967.25,0,0.0,0,0.0,0.0,53282.15,53308.4,52783.45,53710.35,0,0.0,0.0,0.0,0.0,-0.01,-1,-1,-0.01,-1,-1,-0.01,-1,-1,-0.01,-1,-1,-0.01,-1,-1,-0.01,-1,-1,-0.01,-1,-1,-0.01,-1,-1,-0.01,-1,-1,-0.01,-1,-1
99926009,2026-05-18 10:38:32+05:30,52967.0,0,0.0,0,0.0,0.0,53282.15,53308.4,52783.45,53710.35,0,0.0,0.0,0.0,0.0,-0.01,-1,-1,-0.01,-1,-1,-0.01,-1,-1,-0.01,-1,-1,-0.01,-1,-1,-0.01,-1,-1,-0.01,-1,-1,-0.01,-1,-1,-0.01,-1,-1,-0.01,-1,-1
99926009,2026-05-18 10:38:32+05:30,52966.8,0,0.0,0,0.0,0.0,53282.15,53308.4,52783.45,53710.35,0,0.0,0.0,0.0,0.0,-0.01,-1,-1,-0.01,-1,-1,-0.01,-1,-1,-0.01,-1,-1,-0.01,-1,-1,-0.01,-1,-1,-0.01,-1,-1,-0.01,-1,-1,-0.01,-1,-1,-0.01,-1,-1
99926009,2026-05-18 10:38:33+05:30,52966.35,0,0.0,0,0.0,0.0,53282.15,53308.4,52783.45,53710.35,0,0.0,0.0,0.0,0.0,-0.01,-1,-1,-0.01,-1,-1,-0.01,-1,-1,-0.01,-1,-1,-0.01,-1,-1,-0.01,-1,-1,-0.01,-1,-1,-0.01,-1,-1,-0.01,-1,-1,-0.01,-1,-1
99926009,2026-05-18 10:38:33+05:30,52965.8,0,0.0,0,0.0,0.0,53282.15,53308.4,52783.45,53710.35,0,0.0,0.0,0.0,0.0,-0.01,-1,-1,-0.01,-1,-1,-0.01,-1,-1,-0.01,-1,-1,-0.01,-1,-1,-0.01,-1,-1,-0.01,-1,-1,-0.01,-1,-1,-0.01,-1,-1,-0.01,-1,-1
99926009,2026-05-18 10:38:34+05:30,52967.0,0,0.0,0,0.0,0.0,53282.15,53308.4,52783.45,53710.35,0,0.0,0.0,0.0,0.0,-0.01,-1,-1,-0.01,-1,-1,-0.01,-1,-1,-0.01,-1,-1,-0.01,-1,-1,-0.01,-1,-1,-0.01,-1,-1,-0.01,-1,-1,-0.01,-1,-1,-0.01,-1,-1
99926009,2026-05-18 10:38:34+05:30,52965.1,0,0.0,0,0.0,0.0,53282.15,53308.4,52783.45,53710.35,0,0.0,0.0,0.0,0.0,-0.01,-1,-1,-0.01,-1,-1,-0.01,-1,-1,-0.01,-1,-1,-0.01,-1,-1,-0.01,-1,-1,-0.01,-1,-1,-0.01,-1,-1,-0.01,-1,-1,-0.01,-1,-1
99926009,2026-05-18 10:38:35+05:30,52963.95,0,0.0,0,0.0,0.0,53282.15,53308.4,52783.45,53710.35,0,0.0,0.0,0.0,0.0,-0.01,-1,-1,-0.01,-1,-1,-0.01,-1,-1,-0.01,-1,-1,-0.01,-1,-1,-0.01,-1,-1,-0.01,-1,-1,-0.01,-1,-1,-0.01,-1,-1,-0.01,-1,-1
99926009,2026-05-18 10:38:35+05:30,52965.2,0,0.0,0,0.0,0.0,53282.15,53308.4,52783.45,53710.35,0,0.0,0.0,0.0,0.0,-0.01,-1,-1,-0.01,-1,-1,-0.01,-1,-1,-0.01,-1,-1,-0.01,-1,-1,-0.01,-1,-1,-0.01,-1,-1,-0.01,-1,-1,-0.01,-1,-1,-0.01,-1,-1
99926009,2026-05-18 10:38:36+05:30,52964.6,0,0.0,0,0.0,0.0,53282.15,53308.4,52783.45,53710.35,0,0.0,0.0,0.0,0.0,-0.01,-1,-1,-0.01,-1,-1,-0.01,-1,-1,-0.01,-1,-1,-0.01,-1,-1,-0.01,-1,-1,-0.01,-1,-1,-0.01,-1,-1,-0.01,-1,-1,-0.01,-1,-1
99926009,2026-05-18 10:38:36+05:30,52964.75,0,0.0,0,0.0,0.0,53282.15,53308.4,52783.45,53710.35,0,0.0,0.0,0.0,0.0,-0.01,-1,-1,-0.01,-1,-1,-0.01,-1,-1,-0.01,-1,-1,-0.01,-1,-1,-0.01,-1,-1,-0.01,-1,-1,-0.01,-1,-1,-0.01,-1,-1,-0.01,-1,-1
99926009,2026-05-18 10:38:37+05:30,52964.7,0,0.0,0,0.0,0.0,53282.15,53308.4,52783.45,53710.35,0,0.0,0.0,0.0,0.0,-0.01,-1,-1,-0.01,-1,-1,-0.01,-1,-1,-0.01,-1,-1,-0.01,-1,-1,-0.01,-1,-1,-0.01,-1,-1,-0.01,-1,-1,-0.01,-1,-1,-0.01,-1,-1
99926009,2026-05-18 10:38:37+05:30,52965.65,0,0.0,0,0.0,0.0,53282.15,53308.4,52783.45,53710.35,0,0.0,0.0,0.0,0.0,-0.01,-1,-1,-0.01,-1,-1,-0.01,-1,-1,-0.01,-1,-1,-0.01,-1,-1,-0.01,-1,-1,-0.01,-1,-1,-0.01,-1,-1,-0.01,-1,-1,-0.01,-1,-1
99926009,2026-05-18 10:38:38+05:30,52963.3,0,0.0,0,0.0,0.0,53282.15,53308.4,52783.45,53710.35,0,0.0,0.0,0.0,0.0,-0.01,-1,-1,-0.01,-1,-1,-0.01,-1,-1,-0.01,-1,-1,-0.01,-1,-1,-0.01,-1,-1,-0.01,-1,-1,-0.01,-1,-1,-0.01,-1,-1,-0.01,-1,-1
99926009,2026-05-18 10:38:38+05:30,52964.55,0,0.0,0,0.0,0.0,53282.15,53308.4,52783.45,53710.35,0,0.0,0.0,0.0,0.0,-0.01,-1,-1,-0.01,-1,-1,-0.01,-1,-1,-0.01,-1,-1,-0.01,-1,-1,-0.01,-1,-1,-0.01,-1,-1,-0.01,-1,-1,-0.01,-1,-1,-0.01,-1,-1
99926009,2026-05-18 10:38:39+05:30,52963.7,0,0.0,0,0.0,0.0,53282.15,53308.4,52783.45,53710.35,0,0.0,0.0,0.0,0.0,-0.01,-1,-1,-0.01,-1,-1,-0.01,-1,-1,-0.01,-1,-1,-0.01,-1,-1,-0.01,-1,-1,-0.01,-1,-1,-0.01,-1,-1,-0.01,-1,-1,-0.01,-1,-1
99926009,2026-05-18 10:38:39+05:30,52963.05,0,0.0,0,0.0,0.0,53282.15,53308.4,52783.45,53710.35,0,0.0,0.0,0.0,0.0,-0.01,-1,-1,-0.01,-1,-1,-0.01,-1,-1,-0.01,-1,-1,-0.01,-1,-1,-0.01,-1,-1,-0.01,-1,-1,-0.01,-1,-1,-0.01,-1,-1,-0.01,-1,-1
99926009,2026-05-18 10:38:40+05:30,52965.85,0,0.0,0,0.0,0.0,53282.15,53308.4,52783.45,53710.35,0,0.0,0.0,0.0,0.0,-0.01,-1,-1,-0.01,-1,-1,-0.01,-1,-1,-0.01,-1,-1,-0.01,-1,-1,-0.01,-1,-1,-0.01,-1,-1,-0.01,-1,-1,-0.01,-1,-1,-0.01,-1,-1
99926009,2026-05-18 10:38:40+05:30,52965.5,0,0.0,0,0.0,0.0,53282.15,53308.4,52783.45,53710.35,0,0.0,0.0,0.0,0.0,-0.01,-1,-1,-0.01,-1,-1,-0.01,-1,-1,-0.01,-1,-1,-0.01,-1,-1,-0.01,-1,-1,-0.01,-1,-1,-0.01,-1,-1,-0.01,-1,-1,-0.01,-1,-1
99926009,2026-05-18 10:38:41+05:30,52966.9,0,0.0,0,0.0,0.0,53282.15,53308.4,52783.45,53710.35,0,0.0,0.0,0.0,0.0,-0.01,-1,-1,-0.01,-1,-1,-0.01,-1,-1,-0.01,-1,-1,-0.01,-1,-1,-0.01,-1,-1,-0.01,-1,-1,-0.01,-1,-1,-0.01,-1,-1,-0.01,-1,-1
99926009,2026-05-18 10:38:41+05:30,52967.8,0,0.0,0,0.0,0.0,53282.15,53308.4,52783.45,53710.35,0,0.0,0.0,0.0,0.0,-0.01,-1,-1,-0.01,-1,-1,-0.01,-1,-1,-0.01,-1,-1,-0.01,-1,-1,-0.01,-1,-1,-0.01,-1,-1,-0.01,-1,-1,-0.01,-1,-1,-0.01,-1,-1
99926009,2026-05-18 10:38:42+05:30,52966.85,0,0.0,0,0.0,0.0,53282.15,53308.4,52783.45,53710.35,0,0.0,0.0,0.0,0.0,-0.01,-1,-1,-0.01,-1,-1,-0.01,-1,-1,-0.01,-1,-1,-0.01,-1,-1,-0.01,-1,-1,-0.01,-1,-1,-0.01,-1,-1,-0.01,-1,-1,-0.01,-1,-1
99926009,2026-05-18 10:38:42+05:30,52966.85,0,0.0,0,0.0,0.0,53282.15,53308.4,52783.45,53710.35,0,0.0,0.0,0.0,0.0,-0.01,-1,-1,-0.01,-1,-1,-0.01,-1,-1,-0.01,-1,-1,-0.01,-1,-1,-0.01,-1,-1,-0.01,-1,-1,-0.01,-1,-1,-0.01,-1,-1,-0.01,-1,-1
99926009,2026-05-18 10:38:43+05:30,52966.35,0,0.0,0,0.0,0.0,53282.15,53308.4,52783.45,53710.35,0,0.0,0.0,0.0,0.0,-0.01,-1,-1,-0.01,-1,-1,-0.01,-1,-1,-0.01,-1,-1,-0.01,-1,-1,-0.01,-1,-1,-0.01,-1,-1,-0.01,-1,-1,-0.01,-1,-1,-0.01,-1,-1
99926009,2026-05-18 10:38:43+05:30,52971.0,0,0.0,0,0.0,0.0,53282.15,53308.4,52783.45,53710.35,0,0.0,0.0,0.0,0.0,-0.01,-1,-1,-0.01,-1,-1,-0.01,-1,-1,-0.01,-1,-1,-0.01,-1,-1,-0.01,-1,-1,-0.01,-1,-1,-0.01,-1,-1,-0.01,-1,-1,-0.01,-1,-1
99926009,2026-05-18 10:38:44+05:30,52970.7,0,0.0,0,0.0,0.0,53282.15,53308.4,52783.45,53710.35,0,0.0,0.0,0.0,0.0,-0.01,-1,-1,-0.01,-1,-1,-0.01,-1,-1,-0.01,-1,-1,-0.01,-1,-1,-0.01,-1,-1,-0.01,-1,-1,-0.01,-1,-1,-0.01,-1,-1,-0.01,-1,-1
99926009,2026-05-18 10:38:44+05:30,52969.6,0,0.0,0,0.0,0.0,53282.15,53308.4,52783.45,53710.35,0,0.0,0.0,0.0,0.0,-0.01,-1,-1,-0.01,-1,-1,-0.01,-1,-1,-0.01,-1,-1,-0.01,-1,-1,-0.01,-1,-1,-0.01,-1,-1,-0.01,-1,-1,-0.01,-1,-1,-0.01,-1,-1
99926009,2026-05-18 10:38:45+05:30,52971.2,0,0.0,0,0.0,0.0,53282.15,53308.4,52783.45,53710.35,0,0.0,0.0,0.0,0.0,-0.01,-1,-1,-0.01,-1,-1,-0.01,-1,-1,-0.01,-1,-1,-0.01,-1,-1,-0.01,-1,-1,-0.01,-1,-1,-0.01,-1,-1,-0.01,-1,-1,-0.01,-1,-1
99926009,2026-05-18 10:38:45+05:30,52976.45,0,0.0,0,0.0,0.0,53282.15,53308.4,52783.45,53710.35,0,0.0,0.0,0.0,0.0,-0.01,-1,-1,-0.01,-1,-1,-0.01,-1,-1,-0.01,-1,-1,-0.01,-1,-1,-0.01,-1,-1,-0.01,-1,-1,-0.01,-1,-1,-0.01,-1,-1,-0.01,-1,-1
99926009,2026-05-18 10:38:46+05:30,52977.3,0,0.0,0,0.0,0.0,53282.15,53308.4,52783.45,53710.35,0,0.0,0.0,0.0,0.0,-0.01,-1,-1,-0.01,-1,-1,-0.01,-1,-1,-0.01,-1,-1,-0.01,-1,-1,-0.01,-1,-1,-0.01,-1,-1,-0.01,-1,-1,-0.01,-1,-1,-0.01,-1,-1
99926009,2026-05-18 10:38:46+05:30,52976.85,0,0.0,0,0.0,0.0,53282.15,53308.4,52783.45,53710.35,0,0.0,0.0,0.0,0.0,-0.01,-1,-1,-0.01,-1,-1,-0.01,-1,-1,-0.01,-1,-1,-0.01,-1,-1,-0.01,-1,-1,-0.01,-1,-1,-0.01,-1,-1,-0.01,-1,-1,-0.01,-1,-1
99926009,2026-05-18 10:38:47+05:30,52977.15,0,0.0,0,0.0,0.0,53282.15,53308.4,52783.45,53710.35,0,0.0,0.0,0.0,0.0,-0.01,-1,-1,-0.01,-1,-1,-0.01,-1,-1,-0.01,-1,-1,-0.01,-1,-1,-0.01,-1,-1,-0.01,-1,-1,-0.01,-1,-1,-0.01,-1,-1,-0.01,-1,-1
99926009,2026-05-18 10:38:47+05:30,52981.55,0,0.0,0,0.0,0.0,53282.15,53308.4,52783.45,53710.35,0,0.0,0.0,0.0,0.0,-0.01,-1,-1,-0.01,-1,-1,-0.01,-1,-1,-0.01,-1,-1,-0.01,-1,-1,-0.01,-1,-1,-0.01,-1,-1,-0.01,-1,-1,-0.01,-1,-1,-0.01,-1,-1
99926009,2026-05-18 10:38:48+05:30,52975.3,0,0.0,0,0.0,0.0,53282.15,53308.4,52783.45,53710.35,0,0.0,0.0,0.0,0.0,-0.01,-1,-1,-0.01,-1,-1,-0.01,-1,-1,-0.01,-1,-1,-0.01,-1,-1,-0.01,-1,-1,-0.01,-1,-1,-0.01,-1,-1,-0.01,-1,-1,-0.01,-1,-1
99926009,2026-05-18 10:38:48+05:30,52977.0,0,0.0,0,0.0,0.0,53282.15,53308.4,52783.45,53710.35,0,0.0,0.0,0.0,0.0,-0.01,-1,-1,-0.01,-1,-1,-0.01,-1,-1,-0.01,-1,-1,-0.01,-1,-1,-0.01,-1,-1,-0.01,-1,-1,-0.01,-1,-1,-0.01,-1,-1,-0.01,-1,-1
99926009,2026-05-18 10:38:49+05:30,52977.1,0,0.0,0,0.0,0.0,53282.15,53308.4,52783.45,53710.35,0,0.0,0.0,0.0,0.0,-0.01,-1,-1,-0.01,-1,-1,-0.01,-1,-1,-0.01,-1,-1,-0.01,-1,-1,-0.01,-1,-1,-0.01,-1,-1,-0.01,-1,-1,-0.01,-1,-1,-0.01,-1,-1
99926009,2026-05-18 10:38:49+05:30,52976.15,0,0.0,0,0.0,0.0,53282.15,53308.4,52783.45,53710.35,0,0.0,0.0,0.0,0.0,-0.01,-1,-1,-0.01,-1,-1,-0.01,-1,-1,-0.01,-1,-1,-0.01,-1,-1,-0.01,-1,-1,-0.01,-1,-1,-0.01,-1,-1,-0.01,-1,-1,-0.01,-1,-1
99926009,2026-05-18 10:38:50+05:30,52979.5,0,0.0,0,0.0,0.0,53282.15,53308.4,52783.45,53710.35,0,0.0,0.0,0.0,0.0,-0.01,-1,-1,-0.01,-1,-1,-0.01,-1,-1,-0.01,-1,-1,-0.01,-1,-1,-0.01,-1,-1,-0.01,-1,-1,-0.01,-1,-1,-0.01,-1,-1,-0.01,-1,-1
99926009,2026-05-18 10:38:50+05:30,52979.25,0,0.0,0,0.0,0.0,53282.15,53308.4,52783.45,53710.35,0,0.0,0.0,0.0,0.0,-0.01,-1,-1,-0.01,-1,-1,-0.01,-1,-1,-0.01,-1,-1,-0.01,-1,-1,-0.01,-1,-1,-0.01,-1,-1,-0.01,-1,-1,-0.01,-1,-1,-0.01,-1,-1
99926009,2026-05-18 10:38:51+05:30,52980.4,0,0.0,0,0.0,0.0,53282.15,53308.4,52783.45,53710.35,0,0.0,0.0,0.0,0.0,-0.01,-1,-1,-0.01,-1,-1,-0.01,-1,-1,-0.01,-1,-1,-0.01,-1,-1,-0.01,-1,-1,-0.01,-1,-1,-0.01,-1,-1,-0.01,-1,-1,-0.01,-1,-1
99926009,2026-05-18 10:38:51+05:30,52979.65,0,0.0,0,0.0,0.0,53282.15,53308.4,52783.45,53710.35,0,0.0,0.0,0.0,0.0,-0.01,-1,-1,-0.01,-1,-1,-0.01,-1,-1,-0.01,-1,-1,-0.01,-1,-1,-0.01,-1,-1,-0.01,-1,-1,-0.01,-1,-1,-0.01,-1,-1,-0.01,-1,-1
99926009,2026-05-18 10:38:52+05:30,52976.3,0,0.0,0,0.0,0.0,53282.15,53308.4,52783.45,53710.35,0,0.0,0.0,0.0,0.0,-0.01,-1,-1,-0.01,-1,-1,-0.01,-1,-1,-0.01,-1,-1,-0.01,-1,-1,-0.01,-1,-1,-0.01,-1,-1,-0.01,-1,-1,-0.01,-1,-1,-0.01,-1,-1
99926009,2026-05-18 10:38:52+05:30,52978.2,0,0.0,0,0.0,0.0,53282.15,53308.4,52783.45,53710.35,0,0.0,0.0,0.0,0.0,-0.01,-1,-1,-0.01,-1,-1,-0.01,-1,-1,-0.01,-1,-1,-0.01,-1,-1,-0.01,-1,-1,-0.01,-1,-1,-0.01,-1,-1,-0.01,-1,-1,-0.01,-1,-1
99926009,2026-05-18 10:38:53+05:30,52976.4,0,0.0,0,0.0,0.0,53282.15,53308.4,52783.45,53710.35,0,0.0,0.0,0.0,0.0,-0.01,-1,-1,-0.01,-1,-1,-0.01,-1,-1,-0.01,-1,-1,-0.01,-1,-1,-0.01,-1,-1,-0.01,-1,-1,-0.01,-1,-1,-0.01,-1,-1,-0.01,-1,-1
99926009,2026-05-18 10:38:53+05:30,52972.1,0,0.0,0,0.0,0.0,53282.15,53308.4,52783.45,53710.35,0,0.0,0.0,0.0,0.0,-0.01,-1,-1,-0.01,-1,-1,-0.01,-1,-1,-0.01,-1,-1,-0.01,-1,-1,-0.01,-1,-1,-0.01,-1,-1,-0.01,-1,-1,-0.01,-1,-1,-0.01,-1,-1
99926009,2026-05-18 10:38:54+05:30,52973.0,0,0.0,0,0.0,0.0,53282.15,53308.4,52783.45,53710.35,0,0.0,0.0,0.0,0.0,-0.01,-1,-1,-0.01,-1,-1,-0.01,-1,-1,-0.01,-1,-1,-0.01,-1,-1,-0.01,-1,-1,-0.01,-1,-1,-0.01,-1,-1,-0.01,-1,-1,-0.01,-1,-1
99926009,2026-05-18 10:38:54+05:30,52967.9,0,0.0,0,0.0,0.0,53282.15,53308.4,52783.45,53710.35,0,0.0,0.0,0.0,0.0,-0.01,-1,-1,-0.01,-1,-1,-0.01,-1,-1,-0.01,-1,-1,-0.01,-1,-1,-0.01,-1,-1,-0.01,-1,-1,-0.01,-1,-1,-0.01,-1,-1,-0.01,-1,-1
99926009,2026-05-18 10:38:55+05:30,52971.65,0,0.0,0,0.0,0.0,53282.15,53308.4,52783.45,53710.35,0,0.0,0.0,0.0,0.0,-0.01,-1,-1,-0.01,-1,-1,-0.01,-1,-1,-0.01,-1,-1,-0.01,-1,-1,-0.01,-1,-1,-0.01,-1,-1,-0.01,-1,-1,-0.01,-1,-1,-0.01,-1,-1
99926009,2026-05-18 10:38:55+05:30,52972.55,0,0.0,0,0.0,0.0,53282.15,53308.4,52783.45,53710.35,0,0.0,0.0,0.0,0.0,-0.01,-1,-1,-0.01,-1,-1,-0.01,-1,-1,-0.01,-1,-1,-0.01,-1,-1,-0.01,-1,-1,-0.01,-1,-1,-0.01,-1,-1,-0.01,-1,-1,-0.01,-1,-1
99926009,2026-05-18 10:38:56+05:30,52971.55,0,0.0,0,0.0,0.0,53282.15,53308.4,52783.45,53710.35,0,0.0,0.0,0.0,0.0,-0.01,-1,-1,-0.01,-1,-1,-0.01,-1,-1,-0.01,-1,-1,-0.01,-1,-1,-0.01,-1,-1,-0.01,-1,-1,-0.01,-1,-1,-0.01,-1,-1,-0.01,-1,-1
99926009,2026-05-18 10:38:56+05:30,52970.45,0,0.0,0,0.0,0.0,53282.15,53308.4,52783.45,53710.35,0,0.0,0.0,0.0,0.0,-0.01,-1,-1,-0.01,-1,-1,-0.01,-1,-1,-0.01,-1,-1,-0.01,-1,-1,-0.01,-1,-1,-0.01,-1,-1,-0.01,-1,-1,-0.01,-1,-1,-0.01,-1,-1
99926009,2026-05-18 10:38:57+05:30,52971.05,0,0.0,0,0.0,0.0,53282.15,53308.4,52783.45,53710.35,0,0.0,0.0,0.0,0.0,-0.01,-1,-1,-0.01,-1,-1,-0.01,-1,-1,-0.01,-1,-1,-0.01,-1,-1,-0.01,-1,-1,-0.01,-1,-1,-0.01,-1,-1,-0.01,-1,-1,-0.01,-1,-1
99926009,2026-05-18 10:38:57+05:30,52971.2,0,0.0,0,0.0,0.0,53282.15,53308.4,52783.45,53710.35,0,0.0,0.0,0.0,0.0,-0.01,-1,-1,-0.01,-1,-1,-0.01,-1,-1,-0.01,-1,-1,-0.01,-1,-1,-0.01,-1,-1,-0.01,-1,-1,-0.01,-1,-1,-0.01,-1,-1,-0.01,-1,-1
99926009,2026-05-18 10:38:58+05:30,52966.5,0,0.0,0,0.0,0.0,53282.15,53308.4,52783.45,53710.35,0,0.0,0.0,0.0,0.0,-0.01,-1,-1,-0.01,-1,-1,-0.01,-1,-1,-0.01,-1,-1,-0.01,-1,-1,-0.01,-1,-1,-0.01,-1,-1,-0.01,-1,-1,-0.01,-1,-1,-0.01,-1,-1
99926009,2026-05-18 10:38:58+05:30,52967.3,0,0.0,0,0.0,0.0,53282.15,53308.4,52783.45,53710.35,0,0.0,0.0,0.0,0.0,-0.01,-1,-1,-0.01,-1,-1,-0.01,-1,-1,-0.01,-1,-1,-0.01,-1,-1,-0.01,-1,-1,-0.01,-1,-1,-0.01,-1,-1,-0.01,-1,-1,-0.01,-1,-1
99926009,2026-05-18 10:38:59+05:30,52966.35,0,0.0,0,0.0,0.0,53282.15,53308.4,52783.45,53710.35,0,0.0,0.0,0.0,0.0,-0.01,-1,-1,-0.01,-1,-1,-0.01,-1,-1,-0.01,-1,-1,-0.01,-1,-1,-0.01,-1,-1,-0.01,-1,-1,-0.01,-1,-1,-0.01,-1,-1,-0.01,-1,-1
99926009,2026-05-18 10:38:59+05:30,52966.0,0,0.0,0,0.0,0.0,53282.15,53308.4,52783.45,53710.35,0,0.0,0.0,0.0,0.0,-0.01,-1,-1,-0.01,-1,-1,-0.01,-1,-1,-0.01,-1,-1,-0.01,-1,-1,-0.01,-1,-1,-0.01,-1,-1,-0.01,-1,-1,-0.01,-1,-1,-0.01,-1,-1
99926009,2026-05-18 10:39:00+05:30,52966.35,0,0.0,0,0.0,0.0,53282.15,53308.4,52783.45,53710.35,0,0.0,0.0,0.0,0.0,-0.01,-1,-1,-0.01,-1,-1,-0.01,-1,-1,-0.01,-1,-1,-0.01,-1,-1,-0.01,-1,-1,-0.01,-1,-1,-0.01,-1,-1,-0.01,-1,-1,-0.01,-1,-1
99926009,2026-05-18 10:39:00+05:30,52970.1,0,0.0,0,0.0,0.0,53282.15,53308.4,52783.45,53710.35,0,0.0,0.0,0.0,0.0,-0.01,-1,-1,-0.01,-1,-1,-0.01,-1,-1,-0.01,-1,-1,-0.01,-1,-1,-0.01,-1,-1,-0.01,-1,-1,-0.01,-1,-1,-0.01,-1,-1,-0.01,-1,-1
99926009,2026-05-18 10:39:01+05:30,52970.45,0,0.0,0,0.0,0.0,53282.15,53308.4,52783.45,53710.35,0,0.0,0.0,0.0,0.0,-0.01,-1,-1,-0.01,-1,-1,-0.01,-1,-1,-0.01,-1,-1,-0.01,-1,-1,-0.01,-1,-1,-0.01,-1,-1,-0.01,-1,-1,-0.01,-1,-1,-0.01,-1,-1
99926009,2026-05-18 10:39:01+05:30,52970.0,0,0.0,0,0.0,0.0,53282.15,53308.4,52783.45,53710.35,0,0.0,0.0,0.0,0.0,-0.01,-1,-1,-0.01,-1,-1,-0.01,-1,-1,-0.01,-1,-1,-0.01,-1,-1,-0.01,-1,-1,-0.01,-1,-1,-0.01,-1,-1,-0.01,-1,-1,-0.01,-1,-1
99926009,2026-05-18 10:39:02+05:30,52968.05,0,0.0,0,0.0,0.0,53282.15,53308.4,52783.45,53710.35,0,0.0,0.0,0.0,0.0,-0.01,-1,-1,-0.01,-1,-1,-0.01,-1,-1,-0.01,-1,-1,-0.01,-1,-1,-0.01,-1,-1,-0.01,-1,-1,-0.01,-1,-1,-0.01,-1,-1,-0.01,-1,-1
99926009,2026-05-18 10:39:02+05:30,52969.4,0,0.0,0,0.0,0.0,53282.15,53308.4,52783.45,53710.35,0,0.0,0.0,0.0,0.0,-0.01,-1,-1,-0.01,-1,-1,-0.01,-1,-1,-0.01,-1,-1,-0.01,-1,-1,-0.01,-1,-1,-0.01,-1,-1,-0.01,-1,-1,-0.01,-1,-1,-0.01,-1,-1
99926009,2026-05-18 10:39:03+05:30,52967.75,0,0.0,0,0.0,0.0,53282.15,53308.4,52783.45,53710.35,0,0.0,0.0,0.0,0.0,-0.01,-1,-1,-0.01,-1,-1,-0.01,-1,-1,-0.01,-1,-1,-0.01,-1,-1,-0.01,-1,-1,-0.01,-1,-1,-0.01,-1,-1,-0.01,-1,-1,-0.01,-1,-1
99926009,2026-05-18 10:39:03+05:30,52969.45,0,0.0,0,0.0,0.0,53282.15,53308.4,52783.45,53710.35,0,0.0,0.0,0.0,0.0,-0.01,-1,-1,-0.01,-1,-1,-0.01,-1,-1,-0.01,-1,-1,-0.01,-1,-1,-0.01,-1,-1,-0.01,-1,-1,-0.01,-1,-1,-0.01,-1,-1,-0.01,-1,-1
99926009,2026-05-18 10:39:04+05:30,52969.25,0,0.0,0,0.0,0.0,53282.15,53308.4,52783.45,53710.35,0,0.0,0.0,0.0,0.0,-0.01,-1,-1,-0.01,-1,-1,-0.01,-1,-1,-0.01,-1,-1,-0.01,-1,-1,-0.01,-1,-1,-0.01,-1,-1,-0.01,-1,-1,-0.01,-1,-1,-0.01,-1,-1
99926009,2026-05-18 10:39:04+05:30,52967.1,0,0.0,0,0.0,0.0,53282.15,53308.4,52783.45,53710.35,0,0.0,0.0,0.0,0.0,-0.01,-1,-1,-0.01,-1,-1,-0.01,-1,-1,-0.01,-1,-1,-0.01,-1,-1,-0.01,-1,-1,-0.01,-1,-1,-0.01,-1,-1,-0.01,-1,-1,-0.01,-1,-1
99926009,2026-05-18 10:39:05+05:30,52965.2,0,0.0,0,0.0,0.0,53282.15,53308.4,52783.45,53710.35,0,0.0,0.0,0.0,0.0,-0.01,-1,-1,-0.01,-1,-1,-0.01,-1,-1,-0.01,-1,-1,-0.01,-1,-1,-0.01,-1,-1,-0.01,-1,-1,-0.01,-1,-1,-0.01,-1,-1,-0.01,-1,-1
99926009,2026-05-18 10:39:05+05:30,52963.65,0,0.0,0,0.0,0.0,53282.15,53308.4,52783.45,53710.35,0,0.0,0.0,0.0,0.0,-0.01,-1,-1,-0.01,-1,-1,-0.01,-1,-1,-0.01,-1,-1,-0.01,-1,-1,-0.01,-1,-1,-0.01,-1,-1,-0.01,-1,-1,-0.01,-1,-1,-0.01,-1,-1
99926009,2026-05-18 10:39:06+05:30,52965.55,0,0.0,0,0.0,0.0,53282.15,53308.4,52783.45,53710.35,0,0.0,0.0,0.0,0.0,-0.01,-1,-1,-0.01,-1,-1,-0.01,-1,-1,-0.01,-1,-1,-0.01,-1,-1,-0.01,-1,-1,-0.01,-1,-1,-0.01,-1,-1,-0.01,-1,-1,-0.01,-1,-1
99926009,2026-05-18 10:39:06+05:30,52963.75,0,0.0,0,0.0,0.0,53282.15,53308.4,52783.45,53710.35,0,0.0,0.0,0.0,0.0,-0.01,-1,-1,-0.01,-1,-1,-0.01,-1,-1,-0.01,-1,-1,-0.01,-1,-1,-0.01,-1,-1,-0.01,-1,-1,-0.01,-1,-1,-0.01,-1,-1,-0.01,-1,-1
99926009,2026-05-18 10:39:07+05:30,52962.4,0,0.0,0,0.0,0.0,53282.15,53308.4,52783.45,53710.35,0,0.0,0.0,0.0,0.0,-0.01,-1,-1,-0.01,-1,-1,-0.01,-1,-1,-0.01,-1,-1,-0.01,-1,-1,-0.01,-1,-1,-0.01,-1,-1,-0.01,-1,-1,-0.01,-1,-1,-0.01,-1,-1
99926009,2026-05-18 10:39:07+05:30,52961.6,0,0.0,0,0.0,0.0,53282.15,53308.4,52783.45,53710.35,0,0.0,0.0,0.0,0.0,-0.01,-1,-1,-0.01,-1,-1,-0.01,-1,-1,-0.01,-1,-1,-0.01,-1,-1,-0.01,-1,-1,-0.01,-1,-1,-0.01,-1,-1,-0.01,-1,-1,-0.01,-1,-1
99926009,2026-05-18 10:39:08+05:30,52962.1,0,0.0,0,0.0,0.0,53282.15,53308.4,52783.45,53710.35,0,0.0,0.0,0.0,0.0,-0.01,-1,-1,-0.01,-1,-1,-0.01,-1,-1,-0.01,-1,-1,-0.01,-1,-1,-0.01,-1,-1,-0.01,-1,-1,-0.01,-1,-1,-0.01,-1,-1,-0.01,-1,-1
99926009,2026-05-18 10:39:08+05:30,52960.0,0,0.0,0,0.0,0.0,53282.15,53308.4,52783.45,53710.35,0,0.0,0.0,0.0,0.0,-0.01,-1,-1,-0.01,-1,-1,-0.01,-1,-1,-0.01,-1,-1,-0.01,-1,-1,-0.01,-1,-1,-0.01,-1,-1,-0.01,-1,-1,-0.01,-1,-1,-0.01,-1,-1
99926009,2026-05-18 10:39:09+05:30,52957.85,0,0.0,0,0.0,0.0,53282.15,53308.4,52783.45,53710.35,0,0.0,0.0,0.0,0.0,-0.01,-1,-1,-0.01,-1,-1,-0.01,-1,-1,-0.01,-1,-1,-0.01,-1,-1,-0.01,-1,-1,-0.01,-1,-1,-0.01,-1,-1,-0.01,-1,-1,-0.01,-1,-1
99926009,2026-05-18 10:39:09+05:30,52959.9,0,0.0,0,0.0,0.0,53282.15,53308.4,52783.45,53710.35,0,0.0,0.0,0.0,0.0,-0.01,-1,-1,-0.01,-1,-1,-0.01,-1,-1,-0.01,-1,-1,-0.01,-1,-1,-0.01,-1,-1,-0.01,-1,-1,-0.01,-1,-1,-0.01,-1,-1,-0.01,-1,-1
99926009,2026-05-18 10:39:10+05:30,52960.65,0,0.0,0,0.0,0.0,53282.15,53308.4,52783.45,53710.35,0,0.0,0.0,0.0,0.0,-0.01,-1,-1,-0.01,-1,-1,-0.01,-1,-1,-0.01,-1,-1,-0.01,-1,-1,-0.01,-1,-1,-0.01,-1,-1,-0.01,-1,-1,-0.01,-1,-1,-0.01,-1,-1
99926009,2026-05-18 10:39:10+05:30,52958.55,0,0.0,0,0.0,0.0,53282.15,53308.4,52783.45,53710.35,0,0.0,0.0,0.0,0.0,-0.01,-1,-1,-0.01,-1,-1,-0.01,-1,-1,-0.01,-1,-1,-0.01,-1,-1,-0.01,-1,-1,-0.01,-1,-1,-0.01,-1,-1,-0.01,-1,-1,-0.01,-1,-1
99926009,2026-05-18 10:39:11+05:30,52958.35,0,0.0,0,0.0,0.0,53282.15,53308.4,52783.45,53710.35,0,0.0,0.0,0.0,0.0,-0.01,-1,-1,-0.01,-1,-1,-0.01,-1,-1,-0.01,-1,-1,-0.01,-1,-1,-0.01,-1,-1,-0.01,-1,-1,-0.01,-1,-1,-0.01,-1,-1,-0.01,-1,-1
99926009,2026-05-18 10:39:11+05:30,52958.0,0,0.0,0,0.0,0.0,53282.15,53308.4,52783.45,53710.35,0,0.0,0.0,0.0,0.0,-0.01,-1,-1,-0.01,-1,-1,-0.01,-1,-1,-0.01,-1,-1,-0.01,-1,-1,-0.01,-1,-1,-0.01,-1,-1,-0.01,-1,-1,-0.01,-1,-1,-0.01,-1,-1
99926009,2026-05-18 10:39:12+05:30,52958.8,0,0.0,0,0.0,0.0,53282.15,53308.4,52783.45,53710.35,0,0.0,0.0,0.0,0.0,-0.01,-1,-1,-0.01,-1,-1,-0.01,-1,-1,-0.01,-1,-1,-0.01,-1,-1,-0.01,-1,-1,-0.01,-1,-1,-0.01,-1,-1,-0.01,-1,-1,-0.01,-1,-1
99926009,2026-05-18 10:39:12+05:30,52957.75,0,0.0,0,0.0,0.0,53282.15,53308.4,52783.45,53710.35,0,0.0,0.0,0.0,0.0,-0.01,-1,-1,-0.01,-1,-1,-0.01,-1,-1,-0.01,-1,-1,-0.01,-1,-1,-0.01,-1,-1,-0.01,-1,-1,-0.01,-1,-1,-0.01,-1,-1,-0.01,-1,-1
99926009,2026-05-18 10:39:13+05:30,52955.55,0,0.0,0,0.0,0.0,53282.15,53308.4,52783.45,53710.35,0,0.0,0.0,0.0,0.0,-0.01,-1,-1,-0.01,-1,-1,-0.01,-1,-1,-0.01,-1,-1,-0.01,-1,-1,-0.01,-1,-1,-0.01,-1,-1,-0.01,-1,-1,-0.01,-1,-1,-0.01,-1,-1
99926009,2026-05-18 10:39:13+05:30,52958.7,0,0.0,0,0.0,0.0,53282.15,53308.4,52783.45,53710.35,0,0.0,0.0,0.0,0.0,-0.01,-1,-1,-0.01,-1,-1,-0.01,-1,-1,-0.01,-1,-1,-0.01,-1,-1,-0.01,-1,-1,-0.01,-1,-1,-0.01,-1,-1,-0.01,-1,-1,-0.01,-1,-1
99926009,2026-05-18 10:39:14+05:30,52955.9,0,0.0,0,0.0,0.0,53282.15,53308.4,52783.45,53710.35,0,0.0,0.0,0.0,0.0,-0.01,-1,-1,-0.01,-1,-1,-0.01,-1,-1,-0.01,-1,-1,-0.01,-1,-1,-0.01,-1,-1,-0.01,-1,-1,-0.01,-1,-1,-0.01,-1,-1,-0.01,-1,-1
99926009,2026-05-18 10:39:14+05:30,52954.15,0,0.0,0,0.0,0.0,53282.15,53308.4,52783.45,53710.35,0,0.0,0.0,0.0,0.0,-0.01,-1,-1,-0.01,-1,-1,-0.01,-1,-1,-0.01,-1,-1,-0.01,-1,-1,-0.01,-1,-1,-0.01,-1,-1,-0.01,-1,-1,-0.01,-1,-1,-0.01,-1,-1
99926009,2026-05-18 10:39:15+05:30,52957.9,0,0.0,0,0.0,0.0,53282.15,53308.4,52783.45,53710.35,0,0.0,0.0,0.0,0.0,-0.01,-1,-1,-0.01,-1,-1,-0.01,-1,-1,-0.01,-1,-1,-0.01,-1,-1,-0.01,-1,-1,-0.01,-1,-1,-0.01,-1,-1,-0.01,-1,-1,-0.01,-1,-1
99926009,2026-05-18 10:39:15+05:30,52955.65,0,0.0,0,0.0,0.0,53282.15,53308.4,52783.45,53710.35,0,0.0,0.0,0.0,0.0,-0.01,-1,-1,-0.01,-1,-1,-0.01,-1,-1,-0.01,-1,-1,-0.01,-1,-1,-0.01,-1,-1,-0.01,-1,-1,-0.01,-1,-1,-0.01,-1,-1,-0.01,-1,-1
99926009,2026-05-18 10:39:16+05:30,52959.0,0,0.0,0,0.0,0.0,53282.15,53308.4,52783.45,53710.35,0,0.0,0.0,0.0,0.0,-0.01,-1,-1,-0.01,-1,-1,-0.01,-1,-1,-0.01,-1,-1,-0.01,-1,-1,-0.01,-1,-1,-0.01,-1,-1,-0.01,-1,-1,-0.01,-1,-1,-0.01,-1,-1
99926009,2026-05-18 10:39:16+05:30,52954.6,0,0.0,0,0.0,0.0,53282.15,53308.4,52783.45,53710.35,0,0.0,0.0,0.0,0.0,-0.01,-1,-1,-0.01,-1,-1,-0.01,-1,-1,-0.01,-1,-1,-0.01,-1,-1,-0.01,-1,-1,-0.01,-1,-1,-0.01,-1,-1,-0.01,-1,-1,-0.01,-1,-1
99926009,2026-05-18 10:39:17+05:30,52958.1,0,0.0,0,0.0,0.0,53282.15,53308.4,52783.45,53710.35,0,0.0,0.0,0.0,0.0,-0.01,-1,-1,-0.01,-1,-1,-0.01,-1,-1,-0.01,-1,-1,-0.01,-1,-1,-0.01,-1,-1,-0.01,-1,-1,-0.01,-1,-1,-0.01,-1,-1,-0.01,-1,-1
99926009,2026-05-18 10:39:17+05:30,52958.05,0,0.0,0,0.0,0.0,53282.15,53308.4,52783.45,53710.35,0,0.0,0.0,0.0,0.0,-0.01,-1,-1,-0.01,-1,-1,-0.01,-1,-1,-0.01,-1,-1,-0.01,-1,-1,-0.01,-1,-1,-0.01,-1,-1,-0.01,-1,-1,-0.01,-1,-1,-0.01,-1,-1
99926009,2026-05-18 10:39:18+05:30,52956.35,0,0.0,0,0.0,0.0,53282.15,53308.4,52783.45,53710.35,0,0.0,0.0,0.0,0.0,-0.01,-1,-1,-0.01,-1,-1,-0.01,-1,-1,-0.01,-1,-1,-0.01,-1,-1,-0.01,-1,-1,-0.01,-1,-1,-0.01,-1,-1,-0.01,-1,-1,-0.01,-1,-1
99926009,2026-05-18 10:39:18+05:30,52954.7,0,0.0,0,0.0,0.0,53282.15,53308.4,52783.45,53710.35,0,0.0,0.0,0.0,0.0,-0.01,-1,-1,-0.01,-1,-1,-0.01,-1,-1,-0.01,-1,-1,-0.01,-1,-1,-0.01,-1,-1,-0.01,-1,-1,-0.01,-1,-1,-0.01,-1,-1,-0.01,-1,-1
99926009,2026-05-18 10:39:19+05:30,52955.3,0,0.0,0,0.0,0.0,53282.15,53308.4,52783.45,53710.35,0,0.0,0.0,0.0,0.0,-0.01,-1,-1,-0.01,-1,-1,-0.01,-1,-1,-0.01,-1,-1,-0.01,-1,-1,-0.01,-1,-1,-0.01,-1,-1,-0.01,-1,-1,-0.01,-1,-1,-0.01,-1,-1
99926009,2026-05-18 10:39:19+05:30,52954.65,0,0.0,0,0.0,0.0,53282.15,53308.4,52783.45,53710.35,0,0.0,0.0,0.0,0.0,-0.01,-1,-1,-0.01,-1,-1,-0.01,-1,-1,-0.01,-1,-1,-0.01,-1,-1,-0.01,-1,-1,-0.01,-1,-1,-0.01,-1,-1,-0.01,-1,-1,-0.01,-1,-1
99926009,2026-05-18 10:39:20+05:30,52956.35,0,0.0,0,0.0,0.0,53282.15,53308.4,52783.45,53710.35,0,0.0,0.0,0.0,0.0,-0.01,-1,-1,-0.01,-1,-1,-0.01,-1,-1,-0.01,-1,-1,-0.01,-1,-1,-0.01,-1,-1,-0.01,-1,-1,-0.01,-1,-1,-0.01,-1,-1,-0.01,-1,-1
99926009,2026-05-18 10:39:20+05:30,52954.9,0,0.0,0,0.0,0.0,53282.15,53308.4,52783.45,53710.35,0,0.0,0.0,0.0,0.0,-0.01,-1,-1,-0.01,-1,-1,-0.01,-1,-1,-0.01,-1,-1,-0.01,-1,-1,-0.01,-1,-1,-0.01,-1,-1,-0.01,-1,-1,-0.01,-1,-1,-0.01,-1,-1
99926009,2026-05-18 10:39:21+05:30,52955.25,0,0.0,0,0.0,0.0,53282.15,53308.4,52783.45,53710.35,0,0.0,0.0,0.0,0.0,-0.01,-1,-1,-0.01,-1,-1,-0.01,-1,-1,-0.01,-1,-1,-0.01,-1,-1,-0.01,-1,-1,-0.01,-1,-1,-0.01,-1,-1,-0.01,-1,-1,-0.01,-1,-1
99926009,2026-05-18 10:39:21+05:30,52953.0,0,0.0,0,0.0,0.0,53282.15,53308.4,52783.45,53710.35,0,0.0,0.0,0.0,0.0,-0.01,-1,-1,-0.01,-1,-1,-0.01,-1,-1,-0.01,-1,-1,-0.01,-1,-1,-0.01,-1,-1,-0.01,-1,-1,-0.01,-1,-1,-0.01,-1,-1,-0.01,-1,-1
99926009,2026-05-18 10:39:22+05:30,52953.3,0,0.0,0,0.0,0.0,53282.15,53308.4,52783.45,53710.35,0,0.0,0.0,0.0,0.0,-0.01,-1,-1,-0.01,-1,-1,-0.01,-1,-1,-0.01,-1,-1,-0.01,-1,-1,-0.01,-1,-1,-0.01,-1,-1,-0.01,-1,-1,-0.01,-1,-1,-0.01,-1,-1
99926009,2026-05-18 10:39:22+05:30,52954.0,0,0.0,0,0.0,0.0,53282.15,53308.4,52783.45,53710.35,0,0.0,0.0,0.0,0.0,-0.01,-1,-1,-0.01,-1,-1,-0.01,-1,-1,-0.01,-1,-1,-0.01,-1,-1,-0.01,-1,-1,-0.01,-1,-1,-0.01,-1,-1,-0.01,-1,-1,-0.01,-1,-1
99926009,2026-05-18 10:39:23+05:30,52952.1,0,0.0,0,0.0,0.0,53282.15,53308.4,52783.45,53710.35,0,0.0,0.0,0.0,0.0,-0.01,-1,-1,-0.01,-1,-1,-0.01,-1,-1,-0.01,-1,-1,-0.01,-1,-1,-0.01,-1,-1,-0.01,-1,-1,-0.01,-1,-1,-0.01,-1,-1,-0.01,-1,-1
99926009,2026-05-18 10:39:23+05:30,52953.8,0,0.0,0,0.0,0.0,53282.15,53308.4,52783.45,53710.35,0,0.0,0.0,0.0,0.0,-0.01,-1,-1,-0.01,-1,-1,-0.01,-1,-1,-0.01,-1,-1,-0.01,-1,-1,-0.01,-1,-1,-0.01,-1,-1,-0.01,-1,-1,-0.01,-1,-1,-0.01,-1,-1
99926009,2026-05-18 10:39:24+05:30,52953.4,0,0.0,0,0.0,0.0,53282.15,53308.4,52783.45,53710.35,0,0.0,0.0,0.0,0.0,-0.01,-1,-1,-0.01,-1,-1,-0.01,-1,-1,-0.01,-1,-1,-0.01,-1,-1,-0.01,-1,-1,-0.01,-1,-1,-0.01,-1,-1,-0.01,-1,-1,-0.01,-1,-1
99926009,2026-05-18 10:39:24+05:30,52952.8,0,0.0,0,0.0,0.0,53282.15,53308.4,52783.45,53710.35,0,0.0,0.0,0.0,0.0,-0.01,-1,-1,-0.01,-1,-1,-0.01,-1,-1,-0.01,-1,-1,-0.01,-1,-1,-0.01,-1,-1,-0.01,-1,-1,-0.01,-1,-1,-0.01,-1,-1,-0.01,-1,-1
99926009,2026-05-18 10:39:25+05:30,52953.95,0,0.0,0,0.0,0.0,53282.15,53308.4,52783.45,53710.35,0,0.0,0.0,0.0,0.0,-0.01,-1,-1,-0.01,-1,-1,-0.01,-1,-1,-0.01,-1,-1,-0.01,-1,-1,-0.01,-1,-1,-0.01,-1,-1,-0.01,-1,-1,-0.01,-1,-1,-0.01,-1,-1
99926009,2026-05-18 10:39:25+05:30,52952.6,0,0.0,0,0.0,0.0,53282.15,53308.4,52783.45,53710.35,0,0.0,0.0,0.0,0.0,-0.01,-1,-1,-0.01,-1,-1,-0.01,-1,-1,-0.01,-1,-1,-0.01,-1,-1,-0.01,-1,-1,-0.01,-1,-1,-0.01,-1,-1,-0.01,-1,-1,-0.01,-1,-1
99926009,2026-05-18 10:39:26+05:30,52951.5,0,0.0,0,0.0,0.0,53282.15,53308.4,52783.45,53710.35,0,0.0,0.0,0.0,0.0,-0.01,-1,-1,-0.01,-1,-1,-0.01,-1,-1,-0.01,-1,-1,-0.01,-1,-1,-0.01,-1,-1,-0.01,-1,-1,-0.01,-1,-1,-0.01,-1,-1,-0.01,-1,-1
99926009,2026-05-18 10:39:26+05:30,52952.25,0,0.0,0,0.0,0.0,53282.15,53308.4,52783.45,53710.35,0,0.0,0.0,0.0,0.0,-0.01,-1,-1,-0.01,-1,-1,-0.01,-1,-1,-0.01,-1,-1,-0.01,-1,-1,-0.01,-1,-1,-0.01,-1,-1,-0.01,-1,-1,-0.01,-1,-1,-0.01,-1,-1
99926009,2026-05-18 10:39:27+05:30,52951.25,0,0.0,0,0.0,0.0,53282.15,53308.4,52783.45,53710.35,0,0.0,0.0,0.0,0.0,-0.01,-1,-1,-0.01,-1,-1,-0.01,-1,-1,-0.01,-1,-1,-0.01,-1,-1,-0.01,-1,-1,-0.01,-1,-1,-0.01,-1,-1,-0.01,-1,-1,-0.01,-1,-1
99926009,2026-05-18 10:39:27+05:30,52950.4,0,0.0,0,0.0,0.0,53282.15,53308.4,52783.45,53710.35,0,0.0,0.0,0.0,0.0,-0.01,-1,-1,-0.01,-1,-1,-0.01,-1,-1,-0.01,-1,-1,-0.01,-1,-1,-0.01,-1,-1,-0.01,-1,-1,-0.01,-1,-1,-0.01,-1,-1,-0.01,-1,-1
99926009,2026-05-18 10:39:28+05:30,52948.35,0,0.0,0,0.0,0.0,53282.15,53308.4,52783.45,53710.35,0,0.0,0.0,0.0,0.0,-0.01,-1,-1,-0.01,-1,-1,-0.01,-1,-1,-0.01,-1,-1,-0.01,-1,-1,-0.01,-1,-1,-0.01,-1,-1,-0.01,-1,-1,-0.01,-1,-1,-0.01,-1,-1
99926009,2026-05-18 10:39:28+05:30,52946.9,0,0.0,0,0.0,0.0,53282.15,53308.4,52783.45,53710.35,0,0.0,0.0,0.0,0.0,-0.01,-1,-1,-0.01,-1,-1,-0.01,-1,-1,-0.01,-1,-1,-0.01,-1,-1,-0.01,-1,-1,-0.01,-1,-1,-0.01,-1,-1,-0.01,-1,-1,-0.01,-1,-1
99926009,2026-05-18 10:39:29+05:30,52947.5,0,0.0,0,0.0,0.0,53282.15,53308.4,52783.45,53710.35,0,0.0,0.0,0.0,0.0,-0.01,-1,-1,-0.01,-1,-1,-0.01,-1,-1,-0.01,-1,-1,-0.01,-1,-1,-0.01,-1,-1,-0.01,-1,-1,-0.01,-1,-1,-0.01,-1,-1,-0.01,-1,-1
99926009,2026-05-18 10:39:29+05:30,52947.65,0,0.0,0,0.0,0.0,53282.15,53308.4,52783.45,53710.35,0,0.0,0.0,0.0,0.0,-0.01,-1,-1,-0.01,-1,-1,-0.01,-1,-1,-0.01,-1,-1,-0.01,-1,-1,-0.01,-1,-1,-0.01,-1,-1,-0.01,-1,-1,-0.01,-1,-1,-0.01,-1,-1
99926009,2026-05-18 10:39:30+05:30,52949.65,0,0.0,0,0.0,0.0,53282.15,53308.4,52783.45,53710.35,0,0.0,0.0,0.0,0.0,-0.01,-1,-1,-0.01,-1,-1,-0.01,-1,-1,-0.01,-1,-1,-0.01,-1,-1,-0.01,-1,-1,-0.01,-1,-1,-0.01,-1,-1,-0.01,-1,-1,-0.01,-1,-1
99926009,2026-05-18 10:39:30+05:30,52950.5,0,0.0,0,0.0,0.0,53282.15,53308.4,52783.45,53710.35,0,0.0,0.0,0.0,0.0,-0.01,-1,-1,-0.01,-1,-1,-0.01,-1,-1,-0.01,-1,-1,-0.01,-1,-1,-0.01,-1,-1,-0.01,-1,-1,-0.01,-1,-1,-0.01,-1,-1,-0.01,-1,-1
99926009,2026-05-18 10:39:31+05:30,52952.05,0,0.0,0,0.0,0.0,53282.15,53308.4,52783.45,53710.35,0,0.0,0.0,0.0,0.0,-0.01,-1,-1,-0.01,-1,-1,-0.01,-1,-1,-0.01,-1,-1,-0.01,-1,-1,-0.01,-1,-1,-0.01,-1,-1,-0.01,-1,-1,-0.01,-1,-1,-0.01,-1,-1
99926009,2026-05-18 10:39:31+05:30,52952.5,0,0.0,0,0.0,0.0,53282.15,53308.4,52783.45,53710.35,0,0.0,0.0,0.0,0.0,-0.01,-1,-1,-0.01,-1,-1,-0.01,-1,-1,-0.01,-1,-1,-0.01,-1,-1,-0.01,-1,-1,-0.01,-1,-1,-0.01,-1,-1,-0.01,-1,-1,-0.01,-1,-1
99926009,2026-05-18 10:39:32+05:30,52951.85,0,0.0,0,0.0,0.0,53282.15,53308.4,52783.45,53710.35,0,0.0,0.0,0.0,0.0,-0.01,-1,-1,-0.01,-1,-1,-0.01,-1,-1,-0.01,-1,-1,-0.01,-1,-1,-0.01,-1,-1,-0.01,-1,-1,-0.01,-1,-1,-0.01,-1,-1,-0.01,-1,-1
99926009,2026-05-18 10:39:32+05:30,52951.7,0,0.0,0,0.0,0.0,53282.15,53308.4,52783.45,53710.35,0,0.0,0.0,0.0,0.0,-0.01,-1,-1,-0.01,-1,-1,-0.01,-1,-1,-0.01,-1,-1,-0.01,-1,-1,-0.01,-1,-1,-0.01,-1,-1,-0.01,-1,-1,-0.01,-1,-1,-0.01,-1,-1
99926009,2026-05-18 10:39:33+05:30,52949.55,0,0.0,0,0.0,0.0,53282.15,53308.4,52783.45,53710.35,0,0.0,0.0,0.0,0.0,-0.01,-1,-1,-0.01,-1,-1,-0.01,-1,-1,-0.01,-1,-1,-0.01,-1,-1,-0.01,-1,-1,-0.01,-1,-1,-0.01,-1,-1,-0.01,-1,-1,-0.01,-1,-1
99926009,2026-05-18 10:39:33+05:30,52949.5,0,0.0,0,0.0,0.0,53282.15,53308.4,52783.45,53710.35,0,0.0,0.0,0.0,0.0,-0.01,-1,-1,-0.01,-1,-1,-0.01,-1,-1,-0.01,-1,-1,-0.01,-1,-1,-0.01,-1,-1,-0.01,-1,-1,-0.01,-1,-1,-0.01,-1,-1,-0.01,-1,-1
99926009,2026-05-18 10:39:34+05:30,52949.45,0,0.0,0,0.0,0.0,53282.15,53308.4,52783.45,53710.35,0,0.0,0.0,0.0,0.0,-0.01,-1,-1,-0.01,-1,-1,-0.01,-1,-1,-0.01,-1,-1,-0.01,-1,-1,-0.01,-1,-1,-0.01,-1,-1,-0.01,-1,-1,-0.01,-1,-1,-0.01,-1,-1
99926009,2026-05-18 10:39:34+05:30,52946.2,0,0.0,0,0.0,0.0,53282.15,53308.4,52783.45,53710.35,0,0.0,0.0,0.0,0.0,-0.01,-1,-1,-0.01,-1,-1,-0.01,-1,-1,-0.01,-1,-1,-0.01,-1,-1,-0.01,-1,-1,-0.01,-1,-1,-0.01,-1,-1,-0.01,-1,-1,-0.01,-1,-1
99926009,2026-05-18 10:39:35+05:30,52947.25,0,0.0,0,0.0,0.0,53282.15,53308.4,52783.45,53710.35,0,0.0,0.0,0.0,0.0,-0.01,-1,-1,-0.01,-1,-1,-0.01,-1,-1,-0.01,-1,-1,-0.01,-1,-1,-0.01,-1,-1,-0.01,-1,-1,-0.01,-1,-1,-0.01,-1,-1,-0.01,-1,-1
99926009,2026-05-18 10:39:35+05:30,52940.45,0,0.0,0,0.0,0.0,53282.15,53308.4,52783.45,53710.35,0,0.0,0.0,0.0,0.0,-0.01,-1,-1,-0.01,-1,-1,-0.01,-1,-1,-0.01,-1,-1,-0.01,-1,-1,-0.01,-1,-1,-0.01,-1,-1,-0.01,-1,-1,-0.01,-1,-1,-0.01,-1,-1
99926009,2026-05-18 10:39:36+05:30,52941.5,0,0.0,0,0.0,0.0,53282.15,53308.4,52783.45,53710.35,0,0.0,0.0,0.0,0.0,-0.01,-1,-1,-0.01,-1,-1,-0.01,-1,-1,-0.01,-1,-1,-0.01,-1,-1,-0.01,-1,-1,-0.01,-1,-1,-0.01,-1,-1,-0.01,-1,-1,-0.01,-1,-1
99926009,2026-05-18 10:39:36+05:30,52941.5,0,0.0,0,0.0,0.0,53282.15,53308.4,52783.45,53710.35,0,0.0,0.0,0.0,0.0,-0.01,-1,-1,-0.01,-1,-1,-0.01,-1,-1,-0.01,-1,-1,-0.01,-1,-1,-0.01,-1,-1,-0.01,-1,-1,-0.01,-1,-1,-0.01,-1,-1,-0.01,-1,-1
99926009,2026-05-18 10:39:37+05:30,52939.8,0,0.0,0,0.0,0.0,53282.15,53308.4,52783.45,53710.35,0,0.0,0.0,0.0,0.0,-0.01,-1,-1,-0.01,-1,-1,-0.01,-1,-1,-0.01,-1,-1,-0.01,-1,-1,-0.01,-1,-1,-0.01,-1,-1,-0.01,-1,-1,-0.01,-1,-1,-0.01,-1,-1
99926009,2026-05-18 10:39:37+05:30,52936.25,0,0.0,0,0.0,0.0,53282.15,53308.4,52783.45,53710.35,0,0.0,0.0,0.0,0.0,-0.01,-1,-1,-0.01,-1,-1,-0.01,-1,-1,-0.01,-1,-1,-0.01,-1,-1,-0.01,-1,-1,-0.01,-1,-1,-0.01,-1,-1,-0.01,-1,-1,-0.01,-1,-1
99926009,2026-05-18 10:39:38+05:30,52938.7,0,0.0,0,0.0,0.0,53282.15,53308.4,52783.45,53710.35,0,0.0,0.0,0.0,0.0,-0.01,-1,-1,-0.01,-1,-1,-0.01,-1,-1,-0.01,-1,-1,-0.01,-1,-1,-0.01,-1,-1,-0.01,-1,-1,-0.01,-1,-1,-0.01,-1,-1,-0.01,-1,-1
99926009,2026-05-18 10:39:38+05:30,52938.25,0,0.0,0,0.0,0.0,53282.15,53308.4,52783.45,53710.35,0,0.0,0.0,0.0,0.0,-0.01,-1,-1,-0.01,-1,-1,-0.01,-1,-1,-0.01,-1,-1,-0.01,-1,-1,-0.01,-1,-1,-0.01,-1,-1,-0.01,-1,-1,-0.01,-1,-1,-0.01,-1,-1
99926009,2026-05-18 10:39:39+05:30,52939.75,0,0.0,0,0.0,0.0,53282.15,53308.4,52783.45,53710.35,0,0.0,0.0,0.0,0.0,-0.01,-1,-1,-0.01,-1,-1,-0.01,-1,-1,-0.01,-1,-1,-0.01,-1,-1,-0.01,-1,-1,-0.01,-1,-1,-0.01,-1,-1,-0.01,-1,-1,-0.01,-1,-1
99926009,2026-05-18 10:39:39+05:30,52938.65,0,0.0,0,0.0,0.0,53282.15,53308.4,52783.45,53710.35,0,0.0,0.0,0.0,0.0,-0.01,-1,-1,-0.01,-1,-1,-0.01,-1,-1,-0.01,-1,-1,-0.01,-1,-1,-0.01,-1,-1,-0.01,-1,-1,-0.01,-1,-1,-0.01,-1,-1,-0.01,-1,-1
99926009,2026-05-18 10:39:40+05:30,52939.2,0,0.0,0,0.0,0.0,53282.15,53308.4,52783.45,53710.35,0,0.0,0.0,0.0,0.0,-0.01,-1,-1,-0.01,-1,-1,-0.01,-1,-1,-0.01,-1,-1,-0.01,-1,-1,-0.01,-1,-1,-0.01,-1,-1,-0.01,-1,-1,-0.01,-1,-1,-0.01,-1,-1
99926009,2026-05-18 10:39:40+05:30,52938.95,0,0.0,0,0.0,0.0,53282.15,53308.4,52783.45,53710.35,0,0.0,0.0,0.0,0.0,-0.01,-1,-1,-0.01,-1,-1,-0.01,-1,-1,-0.01,-1,-1,-0.01,-1,-1,-0.01,-1,-1,-0.01,-1,-1,-0.01,-1,-1,-0.01,-1,-1,-0.01,-1,-1
99926009,2026-05-18 10:39:41+05:30,52942.3,0,0.0,0,0.0,0.0,53282.15,53308.4,52783.45,53710.35,0,0.0,0.0,0.0,0.0,-0.01,-1,-1,-0.01,-1,-1,-0.01,-1,-1,-0.01,-1,-1,-0.01,-1,-1,-0.01,-1,-1,-0.01,-1,-1,-0.01,-1,-1,-0.01,-1,-1,-0.01,-1,-1
99926009,2026-05-18 10:39:41+05:30,52941.45,0,0.0,0,0.0,0.0,53282.15,53308.4,52783.45,53710.35,0,0.0,0.0,0.0,0.0,-0.01,-1,-1,-0.01,-1,-1,-0.01,-1,-1,-0.01,-1,-1,-0.01,-1,-1,-0.01,-1,-1,-0.01,-1,-1,-0.01,-1,-1,-0.01,-1,-1,-0.01,-1,-1
99926009,2026-05-18 10:39:42+05:30,52946.2,0,0.0,0,0.0,0.0,53282.15,53308.4,52783.45,53710.35,0,0.0,0.0,0.0,0.0,-0.01,-1,-1,-0.01,-1,-1,-0.01,-1,-1,-0.01,-1,-1,-0.01,-1,-1,-0.01,-1,-1,-0.01,-1,-1,-0.01,-1,-1,-0.01,-1,-1,-0.01,-1,-1
99926009,2026-05-18 10:39:42+05:30,52946.25,0,0.0,0,0.0,0.0,53282.15,53308.4,52783.45,53710.35,0,0.0,0.0,0.0,0.0,-0.01,-1,-1,-0.01,-1,-1,-0.01,-1,-1,-0.01,-1,-1,-0.01,-1,-1,-0.01,-1,-1,-0.01,-1,-1,-0.01,-1,-1,-0.01,-1,-1,-0.01,-1,-1
99926009,2026-05-18 10:39:43+05:30,52935.4,0,0.0,0,0.0,0.0,53282.15,53308.4,52783.45,53710.35,0,0.0,0.0,0.0,0.0,-0.01,-1,-1,-0.01,-1,-1,-0.01,-1,-1,-0.01,-1,-1,-0.01,-1,-1,-0.01,-1,-1,-0.01,-1,-1,-0.01,-1,-1,-0.01,-1,-1,-0.01,-1,-1
99926009,2026-05-18 10:39:43+05:30,52941.3,0,0.0,0,0.0,0.0,53282.15,53308.4,52783.45,53710.35,0,0.0,0.0,0.0,0.0,-0.01,-1,-1,-0.01,-1,-1,-0.01,-1,-1,-0.01,-1,-1,-0.01,-1,-1,-0.01,-1,-1,-0.01,-1,-1,-0.01,-1,-1,-0.01,-1,-1,-0.01,-1,-1
99926009,2026-05-18 10:39:44+05:30,52940.7,0,0.0,0,0.0,0.0,53282.15,53308.4,52783.45,53710.35,0,0.0,0.0,0.0,0.0,-0.01,-1,-1,-0.01,-1,-1,-0.01,-1,-1,-0.01,-1,-1,-0.01,-1,-1,-0.01,-1,-1,-0.01,-1,-1,-0.01,-1,-1,-0.01,-1,-1,-0.01,-1,-1
99926009,2026-05-18 10:39:44+05:30,52944.05,0,0.0,0,0.0,0.0,53282.15,53308.4,52783.45,53710.35,0,0.0,0.0,0.0,0.0,-0.01,-1,-1,-0.01,-1,-1,-0.01,-1,-1,-0.01,-1,-1,-0.01,-1,-1,-0.01,-1,-1,-0.01,-1,-1,-0.01,-1,-1,-0.01,-1,-1,-0.01,-1,-1
99926009,2026-05-18 10:39:45+05:30,52944.1,0,0.0,0,0.0,0.0,53282.15,53308.4,52783.45,53710.35,0,0.0,0.0,0.0,0.0,-0.01,-1,-1,-0.01,-1,-1,-0.01,-1,-1,-0.01,-1,-1,-0.01,-1,-1,-0.01,-1,-1,-0.01,-1,-1,-0.01,-1,-1,-0.01,-1,-1,-0.01,-1,-1
99926009,2026-05-18 10:39:45+05:30,52946.2,0,0.0,0,0.0,0.0,53282.15,53308.4,52783.45,53710.35,0,0.0,0.0,0.0,0.0,-0.01,-1,-1,-0.01,-1,-1,-0.01,-1,-1,-0.01,-1,-1,-0.01,-1,-1,-0.01,-1,-1,-0.01,-1,-1,-0.01,-1,-1,-0.01,-1,-1,-0.01,-1,-1
99926009,2026-05-18 10:39:46+05:30,52947.6,0,0.0,0,0.0,0.0,53282.15,53308.4,52783.45,53710.35,0,0.0,0.0,0.0,0.0,-0.01,-1,-1,-0.01,-1,-1,-0.01,-1,-1,-0.01,-1,-1,-0.01,-1,-1,-0.01,-1,-1,-0.01,-1,-1,-0.01,-1,-1,-0.01,-1,-1,-0.01,-1,-1
99926009,2026-05-18 10:39:46+05:30,52949.8,0,0.0,0,0.0,0.0,53282.15,53308.4,52783.45,53710.35,0,0.0,0.0,0.0,0.0,-0.01,-1,-1,-0.01,-1,-1,-0.01,-1,-1,-0.01,-1,-1,-0.01,-1,-1,-0.01,-1,-1,-0.01,-1,-1,-0.01,-1,-1,-0.01,-1,-1,-0.01,-1,-1
99926009,2026-05-18 10:39:47+05:30,52949.2,0,0.0,0,0.0,0.0,53282.15,53308.4,52783.45,53710.35,0,0.0,0.0,0.0,0.0,-0.01,-1,-1,-0.01,-1,-1,-0.01,-1,-1,-0.01,-1,-1,-0.01,-1,-1,-0.01,-1,-1,-0.01,-1,-1,-0.01,-1,-1,-0.01,-1,-1,-0.01,-1,-1
99926009,2026-05-18 10:39:47+05:30,52949.1,0,0.0,0,0.0,0.0,53282.15,53308.4,52783.45,53710.35,0,0.0,0.0,0.0,0.0,-0.01,-1,-1,-0.01,-1,-1,-0.01,-1,-1,-0.01,-1,-1,-0.01,-1,-1,-0.01,-1,-1,-0.01,-1,-1,-0.01,-1,-1,-0.01,-1,-1,-0.01,-1,-1
99926009,2026-05-18 10:39:48+05:30,52948.45,0,0.0,0,0.0,0.0,53282.15,53308.4,52783.45,53710.35,0,0.0,0.0,0.0,0.0,-0.01,-1,-1,-0.01,-1,-1,-0.01,-1,-1,-0.01,-1,-1,-0.01,-1,-1,-0.01,-1,-1,-0.01,-1,-1,-0.01,-1,-1,-0.01,-1,-1,-0.01,-1,-1
99926009,2026-05-18 10:39:48+05:30,52948.15,0,0.0,0,0.0,0.0,53282.15,53308.4,52783.45,53710.35,0,0.0,0.0,0.0,0.0,-0.01,-1,-1,-0.01,-1,-1,-0.01,-1,-1,-0.01,-1,-1,-0.01,-1,-1,-0.01,-1,-1,-0.01,-1,-1,-0.01,-1,-1,-0.01,-1,-1,-0.01,-1,-1
99926009,2026-05-18 10:39:49+05:30,52948.7,0,0.0,0,0.0,0.0,53282.15,53308.4,52783.45,53710.35,0,0.0,0.0,0.0,0.0,-0.01,-1,-1,-0.01,-1,-1,-0.01,-1,-1,-0.01,-1,-1,-0.01,-1,-1,-0.01,-1,-1,-0.01,-1,-1,-0.01,-1,-1,-0.01,-1,-1,-0.01,-1,-1
99926009,2026-05-18 10:39:49+05:30,52948.35,0,0.0,0,0.0,0.0,53282.15,53308.4,52783.45,53710.35,0,0.0,0.0,0.0,0.0,-0.01,-1,-1,-0.01,-1,-1,-0.01,-1,-1,-0.01,-1,-1,-0.01,-1,-1,-0.01,-1,-1,-0.01,-1,-1,-0.01,-1,-1,-0.01,-1,-1,-0.01,-1,-1
99926009,2026-05-18 10:39:50+05:30,52948.35,0,0.0,0,0.0,0.0,53282.15,53308.4,52783.45,53710.35,0,0.0,0.0,0.0,0.0,-0.01,-1,-1,-0.01,-1,-1,-0.01,-1,-1,-0.01,-1,-1,-0.01,-1,-1,-0.01,-1,-1,-0.01,-1,-1,-0.01,-1,-1,-0.01,-1,-1,-0.01,-1,-1
99926009,2026-05-18 10:39:50+05:30,52949.05,0,0.0,0,0.0,0.0,53282.15,53308.4,52783.45,53710.35,0,0.0,0.0,0.0,0.0,-0.01,-1,-1,-0.01,-1,-1,-0.01,-1,-1,-0.01,-1,-1,-0.01,-1,-1,-0.01,-1,-1,-0.01,-1,-1,-0.01,-1,-1,-0.01,-1,-1,-0.01,-1,-1
99926009,2026-05-18 10:39:51+05:30,52948.05,0,0.0,0,0.0,0.0,53282.15,53308.4,52783.45,53710.35,0,0.0,0.0,0.0,0.0,-0.01,-1,-1,-0.01,-1,-1,-0.01,-1,-1,-0.01,-1,-1,-0.01,-1,-1,-0.01,-1,-1,-0.01,-1,-1,-0.01,-1,-1,-0.01,-1,-1,-0.01,-1,-1
99926009,2026-05-18 10:39:51+05:30,52948.75,0,0.0,0,0.0,0.0,53282.15,53308.4,52783.45,53710.35,0,0.0,0.0,0.0,0.0,-0.01,-1,-1,-0.01,-1,-1,-0.01,-1,-1,-0.01,-1,-1,-0.01,-1,-1,-0.01,-1,-1,-0.01,-1,-1,-0.01,-1,-1,-0.01,-1,-1,-0.01,-1,-1
99926009,2026-05-18 10:39:52+05:30,52948.75,0,0.0,0,0.0,0.0,53282.15,53308.4,52783.45,53710.35,0,0.0,0.0,0.0,0.0,-0.01,-1,-1,-0.01,-1,-1,-0.01,-1,-1,-0.01,-1,-1,-0.01,-1,-1,-0.01,-1,-1,-0.01,-1,-1,-0.01,-1,-1,-0.01,-1,-1,-0.01,-1,-1
99926009,2026-05-18 10:39:52+05:30,52948.3,0,0.0,0,0.0,0.0,53282.15,53308.4,52783.45,53710.35,0,0.0,0.0,0.0,0.0,-0.01,-1,-1,-0.01,-1,-1,-0.01,-1,-1,-0.01,-1,-1,-0.01,-1,-1,-0.01,-1,-1,-0.01,-1,-1,-0.01,-1,-1,-0.01,-1,-1,-0.01,-1,-1
99926009,2026-05-18 10:39:53+05:30,52947.15,0,0.0,0,0.0,0.0,53282.15,53308.4,52783.45,53710.35,0,0.0,0.0,0.0,0.0,-0.01,-1,-1,-0.01,-1,-1,-0.01,-1,-1,-0.01,-1,-1,-0.01,-1,-1,-0.01,-1,-1,-0.01,-1,-1,-0.01,-1,-1,-0.01,-1,-1,-0.01,-1,-1
99926009,2026-05-18 10:39:53+05:30,52947.0,0,0.0,0,0.0,0.0,53282.15,53308.4,52783.45,53710.35,0,0.0,0.0,0.0,0.0,-0.01,-1,-1,-0.01,-1,-1,-0.01,-1,-1,-0.01,-1,-1,-0.01,-1,-1,-0.01,-1,-1,-0.01,-1,-1,-0.01,-1,-1,-0.01,-1,-1,-0.01,-1,-1
99926009,2026-05-18 10:39:54+05:30,52948.15,0,0.0,0,0.0,0.0,53282.15,53308.4,52783.45,53710.35,0,0.0,0.0,0.0,0.0,-0.01,-1,-1,-0.01,-1,-1,-0.01,-1,-1,-0.01,-1,-1,-0.01,-1,-1,-0.01,-1,-1,-0.01,-1,-1,-0.01,-1,-1,-0.01,-1,-1,-0.01,-1,-1
99926009,2026-05-18 10:39:54+05:30,52947.5,0,0.0,0,0.0,0.0,53282.15,53308.4,52783.45,53710.35,0,0.0,0.0,0.0,0.0,-0.01,-1,-1,-0.01,-1,-1,-0.01,-1,-1,-0.01,-1,-1,-0.01,-1,-1,-0.01,-1,-1,-0.01,-1,-1,-0.01,-1,-1,-0.01,-1,-1,-0.01,-1,-1
99926009,2026-05-18 10:39:55+05:30,52948.4,0,0.0,0,0.0,0.0,53282.15,53308.4,52783.45,53710.35,0,0.0,0.0,0.0,0.0,-0.01,-1,-1,-0.01,-1,-1,-0.01,-1,-1,-0.01,-1,-1,-0.01,-1,-1,-0.01,-1,-1,-0.01,-1,-1,-0.01,-1,-1,-0.01,-1,-1,-0.01,-1,-1
99926009,2026-05-18 10:39:55+05:30,52945.75,0,0.0,0,0.0,0.0,53282.15,53308.4,52783.45,53710.35,0,0.0,0.0,0.0,0.0,-0.01,-1,-1,-0.01,-1,-1,-0.01,-1,-1,-0.01,-1,-1,-0.01,-1,-1,-0.01,-1,-1,-0.01,-1,-1,-0.01,-1,-1,-0.01,-1,-1,-0.01,-1,-1
99926009,2026-05-18 10:39:56+05:30,52942.8,0,0.0,0,0.0,0.0,53282.15,53308.4,52783.45,53710.35,0,0.0,0.0,0.0,0.0,-0.01,-1,-1,-0.01,-1,-1,-0.01,-1,-1,-0.01,-1,-1,-0.01,-1,-1,-0.01,-1,-1,-0.01,-1,-1,-0.01,-1,-1,-0.01,-1,-1,-0.01,-1,-1
99926009,2026-05-18 10:39:56+05:30,52942.0,0,0.0,0,0.0,0.0,53282.15,53308.4,52783.45,53710.35,0,0.0,0.0,0.0,0.0,-0.01,-1,-1,-0.01,-1,-1,-0.01,-1,-1,-0.01,-1,-1,-0.01,-1,-1,-0.01,-1,-1,-0.01,-1,-1,-0.01,-1,-1,-0.01,-1,-1,-0.01,-1,-1
99926009,2026-05-18 10:39:57+05:30,52942.0,0,0.0,0,0.0,0.0,53282.15,53308.4,52783.45,53710.35,0,0.0,0.0,0.0,0.0,-0.01,-1,-1,-0.01,-1,-1,-0.01,-1,-1,-0.01,-1,-1,-0.01,-1,-1,-0.01,-1,-1,-0.01,-1,-1,-0.01,-1,-1,-0.01,-1,-1,-0.01,-1,-1
99926009,2026-05-18 10:39:57+05:30,52943.15,0,0.0,0,0.0,0.0,53282.15,53308.4,52783.45,53710.35,0,0.0,0.0,0.0,0.0,-0.01,-1,-1,-0.01,-1,-1,-0.01,-1,-1,-0.01,-1,-1,-0.01,-1,-1,-0.01,-1,-1,-0.01,-1,-1,-0.01,-1,-1,-0.01,-1,-1,-0.01,-1,-1
99926009,2026-05-18 10:39:58+05:30,52942.75,0,0.0,0,0.0,0.0,53282.15,53308.4,52783.45,53710.35,0,0.0,0.0,0.0,0.0,-0.01,-1,-1,-0.01,-1,-1,-0.01,-1,-1,-0.01,-1,-1,-0.01,-1,-1,-0.01,-1,-1,-0.01,-1,-1,-0.01,-1,-1,-0.01,-1,-1,-0.01,-1,-1
99926009,2026-05-18 10:39:58+05:30,52940.6,0,0.0,0,0.0,0.0,53282.15,53308.4,52783.45,53710.35,0,0.0,0.0,0.0,0.0,-0.01,-1,-1,-0.01,-1,-1,-0.01,-1,-1,-0.01,-1,-1,-0.01,-1,-1,-0.01,-1,-1,-0.01,-1,-1,-0.01,-1,-1,-0.01,-1,-1,-0.01,-1,-1
99926009,2026-05-18 10:39:59+05:30,52940.45,0,0.0,0,0.0,0.0,53282.15,53308.4,52783.45,53710.35,0,0.0,0.0,0.0,0.0,-0.01,-1,-1,-0.01,-1,-1,-0.01,-1,-1,-0.01,-1,-1,-0.01,-1,-1,-0.01,-1,-1,-0.01,-1,-1,-0.01,-1,-1,-0.01,-1,-1,-0.01,-1,-1
99926009,2026-05-18 10:39:59+05:30,52938.5,0,0.0,0,0.0,0.0,53282.15,53308.4,52783.45,53710.35,0,0.0,0.0,0.0,0.0,-0.01,-1,-1,-0.01,-1,-1,-0.01,-1,-1,-0.01,-1,-1,-0.01,-1,-1,-0.01,-1,-1,-0.01,-1,-1,-0.01,-1,-1,-0.01,-1,-1,-0.01,-1,-1
99926009,2026-05-18 10:40:00+05:30,52941.95,0,0.0,0,0.0,0.0,53282.15,53308.4,52783.45,53710.35,0,0.0,0.0,0.0,0.0,-0.01,-1,-1,-0.01,-1,-1,-0.01,-1,-1,-0.01,-1,-1,-0.01,-1,-1,-0.01,-1,-1,-0.01,-1,-1,-0.01,-1,-1,-0.01,-1,-1,-0.01,-1,-1
99926009,2026-05-18 10:40:00+05:30,52945.1,0,0.0,0,0.0,0.0,53282.15,53308.4,52783.45,53710.35,0,0.0,0.0,0.0,0.0,-0.01,-1,-1,-0.01,-1,-1,-0.01,-1,-1,-0.01,-1,-1,-0.01,-1,-1,-0.01,-1,-1,-0.01,-1,-1,-0.01,-1,-1,-0.01,-1,-1,-0.01,-1,-1
99926009,2026-05-18 10:40:01+05:30,52945.95,0,0.0,0,0.0,0.0,53282.15,53308.4,52783.45,53710.35,0,0.0,0.0,0.0,0.0,-0.01,-1,-1,-0.01,-1,-1,-0.01,-1,-1,-0.01,-1,-1,-0.01,-1,-1,-0.01,-1,-1,-0.01,-1,-1,-0.01,-1,-1,-0.01,-1,-1,-0.01,-1,-1
99926009,2026-05-18 10:40:01+05:30,52942.1,0,0.0,0,0.0,0.0,53282.15,53308.4,52783.45,53710.35,0,0.0,0.0,0.0,0.0,-0.01,-1,-1,-0.01,-1,-1,-0.01,-1,-1,-0.01,-1,-1,-0.01,-1,-1,-0.01,-1,-1,-0.01,-1,-1,-0.01,-1,-1,-0.01,-1,-1,-0.01,-1,-1
99926009,2026-05-18 10:40:02+05:30,52944.1,0,0.0,0,0.0,0.0,53282.15,53308.4,52783.45,53710.35,0,0.0,0.0,0.0,0.0,-0.01,-1,-1,-0.01,-1,-1,-0.01,-1,-1,-0.01,-1,-1,-0.01,-1,-1,-0.01,-1,-1,-0.01,-1,-1,-0.01,-1,-1,-0.01,-1,-1,-0.01,-1,-1
99926009,2026-05-18 10:40:02+05:30,52942.6,0,0.0,0,0.0,0.0,53282.15,53308.4,52783.45,53710.35,0,0.0,0.0,0.0,0.0,-0.01,-1,-1,-0.01,-1,-1,-0.01,-1,-1,-0.01,-1,-1,-0.01,-1,-1,-0.01,-1,-1,-0.01,-1,-1,-0.01,-1,-1,-0.01,-1,-1,-0.01,-1,-1
99926009,2026-05-18 10:40:03+05:30,52939.75,0,0.0,0,0.0,0.0,53282.15,53308.4,52783.45,53710.35,0,0.0,0.0,0.0,0.0,-0.01,-1,-1,-0.01,-1,-1,-0.01,-1,-1,-0.01,-1,-1,-0.01,-1,-1,-0.01,-1,-1,-0.01,-1,-1,-0.01,-1,-1,-0.01,-1,-1,-0.01,-1,-1
99926009,2026-05-18 10:40:03+05:30,52942.1,0,0.0,0,0.0,0.0,53282.15,53308.4,52783.45,53710.35,0,0.0,0.0,0.0,0.0,-0.01,-1,-1,-0.01,-1,-1,-0.01,-1,-1,-0.01,-1,-1,-0.01,-1,-1,-0.01,-1,-1,-0.01,-1,-1,-0.01,-1,-1,-0.01,-1,-1,-0.01,-1,-1
99926009,2026-05-18 10:40:04+05:30,52939.05,0,0.0,0,0.0,0.0,53282.15,53308.4,52783.45,53710.35,0,0.0,0.0,0.0,0.0,-0.01,-1,-1,-0.01,-1,-1,-0.01,-1,-1,-0.01,-1,-1,-0.01,-1,-1,-0.01,-1,-1,-0.01,-1,-1,-0.01,-1,-1,-0.01,-1,-1,-0.01,-1,-1
99926009,2026-05-18 10:40:04+05:30,52939.8,0,0.0,0,0.0,0.0,53282.15,53308.4,52783.45,53710.35,0,0.0,0.0,0.0,0.0,-0.01,-1,-1,-0.01,-1,-1,-0.01,-1,-1,-0.01,-1,-1,-0.01,-1,-1,-0.01,-1,-1,-0.01,-1,-1,-0.01,-1,-1,-0.01,-1,-1,-0.01,-1,-1
99926009,2026-05-18 10:40:05+05:30,52938.25,0,0.0,0,0.0,0.0,53282.15,53308.4,52783.45,53710.35,0,0.0,0.0,0.0,0.0,-0.01,-1,-1,-0.01,-1,-1,-0.01,-1,-1,-0.01,-1,-1,-0.01,-1,-1,-0.01,-1,-1,-0.01,-1,-1,-0.01,-1,-1,-0.01,-1,-1,-0.01,-1,-1
99926009,2026-05-18 10:40:05+05:30,52938.75,0,0.0,0,0.0,0.0,53282.15,53308.4,52783.45,53710.35,0,0.0,0.0,0.0,0.0,-0.01,-1,-1,-0.01,-1,-1,-0.01,-1,-1,-0.01,-1,-1,-0.01,-1,-1,-0.01,-1,-1,-0.01,-1,-1,-0.01,-1,-1,-0.01,-1,-1,-0.01,-1,-1
99926009,2026-05-18 10:40:06+05:30,52939.5,0,0.0,0,0.0,0.0,53282.15,53308.4,52783.45,53710.35,0,0.0,0.0,0.0,0.0,-0.01,-1,-1,-0.01,-1,-1,-0.01,-1,-1,-0.01,-1,-1,-0.01,-1,-1,-0.01,-1,-1,-0.01,-1,-1,-0.01,-1,-1,-0.01,-1,-1,-0.01,-1,-1
99926009,2026-05-18 10:40:06+05:30,52939.05,0,0.0,0,0.0,0.0,53282.15,53308.4,52783.45,53710.35,0,0.0,0.0,0.0,0.0,-0.01,-1,-1,-0.01,-1,-1,-0.01,-1,-1,-0.01,-1,-1,-0.01,-1,-1,-0.01,-1,-1,-0.01,-1,-1,-0.01,-1,-1,-0.01,-1,-1,-0.01,-1,-1
99926009,2026-05-18 10:40:07+05:30,52932.1,0,0.0,0,0.0,0.0,53282.15,53308.4,52783.45,53710.35,0,0.0,0.0,0.0,0.0,-0.01,-1,-1,-0.01,-1,-1,-0.01,-1,-1,-0.01,-1,-1,-0.01,-1,-1,-0.01,-1,-1,-0.01,-1,-1,-0.01,-1,-1,-0.01,-1,-1,-0.01,-1,-1
99926009,2026-05-18 10:40:07+05:30,52933.5,0,0.0,0,0.0,0.0,53282.15,53308.4,52783.45,53710.35,0,0.0,0.0,0.0,0.0,-0.01,-1,-1,-0.01,-1,-1,-0.01,-1,-1,-0.01,-1,-1,-0.01,-1,-1,-0.01,-1,-1,-0.01,-1,-1,-0.01,-1,-1,-0.01,-1,-1,-0.01,-1,-1
99926009,2026-05-18 10:40:08+05:30,52929.9,0,0.0,0,0.0,0.0,53282.15,53308.4,52783.45,53710.35,0,0.0,0.0,0.0,0.0,-0.01,-1,-1,-0.01,-1,-1,-0.01,-1,-1,-0.01,-1,-1,-0.01,-1,-1,-0.01,-1,-1,-0.01,-1,-1,-0.01,-1,-1,-0.01,-1,-1,-0.01,-1,-1
99926009,2026-05-18 10:40:08+05:30,52931.95,0,0.0,0,0.0,0.0,53282.15,53308.4,52783.45,53710.35,0,0.0,0.0,0.0,0.0,-0.01,-1,-1,-0.01,-1,-1,-0.01,-1,-1,-0.01,-1,-1,-0.01,-1,-1,-0.01,-1,-1,-0.01,-1,-1,-0.01,-1,-1,-0.01,-1,-1,-0.01,-1,-1
99926009,2026-05-18 10:40:09+05:30,52933.55,0,0.0,0,0.0,0.0,53282.15,53308.4,52783.45,53710.35,0,0.0,0.0,0.0,0.0,-0.01,-1,-1,-0.01,-1,-1,-0.01,-1,-1,-0.01,-1,-1,-0.01,-1,-1,-0.01,-1,-1,-0.01,-1,-1,-0.01,-1,-1,-0.01,-1,-1,-0.01,-1,-1
99926009,2026-05-18 10:40:09+05:30,52934.05,0,0.0,0,0.0,0.0,53282.15,53308.4,52783.45,53710.35,0,0.0,0.0,0.0,0.0,-0.01,-1,-1,-0.01,-1,-1,-0.01,-1,-1,-0.01,-1,-1,-0.01,-1,-1,-0.01,-1,-1,-0.01,-1,-1,-0.01,-1,-1,-0.01,-1,-1,-0.01,-1,-1
99926009,2026-05-18 10:40:10+05:30,52932.05,0,0.0,0,0.0,0.0,53282.15,53308.4,52783.45,53710.35,0,0.0,0.0,0.0,0.0,-0.01,-1,-1,-0.01,-1,-1,-0.01,-1,-1,-0.01,-1,-1,-0.01,-1,-1,-0.01,-1,-1,-0.01,-1,-1,-0.01,-1,-1,-0.01,-1,-1,-0.01,-1,-1
99926009,2026-05-18 10:40:10+05:30,52931.4,0,0.0,0,0.0,0.0,53282.15,53308.4,52783.45,53710.35,0,0.0,0.0,0.0,0.0,-0.01,-1,-1,-0.01,-1,-1,-0.01,-1,-1,-0.01,-1,-1,-0.01,-1,-1,-0.01,-1,-1,-0.01,-1,-1,-0.01,-1,-1,-0.01,-1,-1,-0.01,-1,-1
99926009,2026-05-18 10:40:11+05:30,52934.05,0,0.0,0,0.0,0.0,53282.15,53308.4,52783.45,53710.35,0,0.0,0.0,0.0,0.0,-0.01,-1,-1,-0.01,-1,-1,-0.01,-1,-1,-0.01,-1,-1,-0.01,-1,-1,-0.01,-1,-1,-0.01,-1,-1,-0.01,-1,-1,-0.01,-1,-1,-0.01,-1,-1
99926009,2026-05-18 10:40:11+05:30,52932.1,0,0.0,0,0.0,0.0,53282.15,53308.4,52783.45,53710.35,0,0.0,0.0,0.0,0.0,-0.01,-1,-1,-0.01,-1,-1,-0.01,-1,-1,-0.01,-1,-1,-0.01,-1,-1,-0.01,-1,-1,-0.01,-1,-1,-0.01,-1,-1,-0.01,-1,-1,-0.01,-1,-1
99926009,2026-05-18 10:40:12+05:30,52933.35,0,0.0,0,0.0,0.0,53282.15,53308.4,52783.45,53710.35,0,0.0,0.0,0.0,0.0,-0.01,-1,-1,-0.01,-1,-1,-0.01,-1,-1,-0.01,-1,-1,-0.01,-1,-1,-0.01,-1,-1,-0.01,-1,-1,-0.01,-1,-1,-0.01,-1,-1,-0.01,-1,-1
99926009,2026-05-18 10:40:12+05:30,52928.2,0,0.0,0,0.0,0.0,53282.15,53308.4,52783.45,53710.35,0,0.0,0.0,0.0,0.0,-0.01,-1,-1,-0.01,-1,-1,-0.01,-1,-1,-0.01,-1,-1,-0.01,-1,-1,-0.01,-1,-1,-0.01,-1,-1,-0.01,-1,-1,-0.01,-1,-1,-0.01,-1,-1
99926009,2026-05-18 10:40:13+05:30,52932.05,0,0.0,0,0.0,0.0,53282.15,53308.4,52783.45,53710.35,0,0.0,0.0,0.0,0.0,-0.01,-1,-1,-0.01,-1,-1,-0.01,-1,-1,-0.01,-1,-1,-0.01,-1,-1,-0.01,-1,-1,-0.01,-1,-1,-0.01,-1,-1,-0.01,-1,-1,-0.01,-1,-1
99926009,2026-05-18 10:40:13+05:30,52928.8,0,0.0,0,0.0,0.0,53282.15,53308.4,52783.45,53710.35,0,0.0,0.0,0.0,0.0,-0.01,-1,-1,-0.01,-1,-1,-0.01,-1,-1,-0.01,-1,-1,-0.01,-1,-1,-0.01,-1,-1,-0.01,-1,-1,-0.01,-1,-1,-0.01,-1,-1,-0.01,-1,-1
99926009,2026-05-18 10:40:14+05:30,52932.3,0,0.0,0,0.0,0.0,53282.15,53308.4,52783.45,53710.35,0,0.0,0.0,0.0,0.0,-0.01,-1,-1,-0.01,-1,-1,-0.01,-1,-1,-0.01,-1,-1,-0.01,-1,-1,-0.01,-1,-1,-0.01,-1,-1,-0.01,-1,-1,-0.01,-1,-1,-0.01,-1,-1
99926009,2026-05-18 10:40:14+05:30,52928.95,0,0.0,0,0.0,0.0,53282.15,53308.4,52783.45,53710.35,0,0.0,0.0,0.0,0.0,-0.01,-1,-1,-0.01,-1,-1,-0.01,-1,-1,-0.01,-1,-1,-0.01,-1,-1,-0.01,-1,-1,-0.01,-1,-1,-0.01,-1,-1,-0.01,-1,-1,-0.01,-1,-1
99926009,2026-05-18 10:40:15+05:30,52934.9,0,0.0,0,0.0,0.0,53282.15,53308.4,52783.45,53710.35,0,0.0,0.0,0.0,0.0,-0.01,-1,-1,-0.01,-1,-1,-0.01,-1,-1,-0.01,-1,-1,-0.01,-1,-1,-0.01,-1,-1,-0.01,-1,-1,-0.01,-1,-1,-0.01,-1,-1,-0.01,-1,-1
99926009,2026-05-18 10:40:15+05:30,52936.3,0,0.0,0,0.0,0.0,53282.15,53308.4,52783.45,53710.35,0,0.0,0.0,0.0,0.0,-0.01,-1,-1,-0.01,-1,-1,-0.01,-1,-1,-0.01,-1,-1,-0.01,-1,-1,-0.01,-1,-1,-0.01,-1,-1,-0.01,-1,-1,-0.01,-1,-1,-0.01,-1,-1
99926009,2026-05-18 10:40:16+05:30,52936.0,0,0.0,0,0.0,0.0,53282.15,53308.4,52783.45,53710.35,0,0.0,0.0,0.0,0.0,-0.01,-1,-1,-0.01,-1,-1,-0.01,-1,-1,-0.01,-1,-1,-0.01,-1,-1,-0.01,-1,-1,-0.01,-1,-1,-0.01,-1,-1,-0.01,-1,-1,-0.01,-1,-1
99926009,2026-05-18 10:40:16+05:30,52936.65,0,0.0,0,0.0,0.0,53282.15,53308.4,52783.45,53710.35,0,0.0,0.0,0.0,0.0,-0.01,-1,-1,-0.01,-1,-1,-0.01,-1,-1,-0.01,-1,-1,-0.01,-1,-1,-0.01,-1,-1,-0.01,-1,-1,-0.01,-1,-1,-0.01,-1,-1,-0.01,-1,-1
99926009,2026-05-18 10:40:17+05:30,52938.9,0,0.0,0,0.0,0.0,53282.15,53308.4,52783.45,53710.35,0,0.0,0.0,0.0,0.0,-0.01,-1,-1,-0.01,-1,-1,-0.01,-1,-1,-0.01,-1,-1,-0.01,-1,-1,-0.01,-1,-1,-0.01,-1,-1,-0.01,-1,-1,-0.01,-1,-1,-0.01,-1,-1
99926009,2026-05-18 10:40:17+05:30,52936.95,0,0.0,0,0.0,0.0,53282.15,53308.4,52783.45,53710.35,0,0.0,0.0,0.0,0.0,-0.01,-1,-1,-0.01,-1,-1,-0.01,-1,-1,-0.01,-1,-1,-0.01,-1,-1,-0.01,-1,-1,-0.01,-1,-1,-0.01,-1,-1,-0.01,-1,-1,-0.01,-1,-1
99926009,2026-05-18 10:40:18+05:30,52932.85,0,0.0,0,0.0,0.0,53282.15,53308.4,52783.45,53710.35,0,0.0,0.0,0.0,0.0,-0.01,-1,-1,-0.01,-1,-1,-0.01,-1,-1,-0.01,-1,-1,-0.01,-1,-1,-0.01,-1,-1,-0.01,-1,-1,-0.01,-1,-1,-0.01,-1,-1,-0.01,-1,-1
99926009,2026-05-18 10:40:18+05:30,52933.85,0,0.0,0,0.0,0.0,53282.15,53308.4,52783.45,53710.35,0,0.0,0.0,0.0,0.0,-0.01,-1,-1,-0.01,-1,-1,-0.01,-1,-1,-0.01,-1,-1,-0.01,-1,-1,-0.01,-1,-1,-0.01,-1,-1,-0.01,-1,-1,-0.01,-1,-1,-0.01,-1,-1
99926009,2026-05-18 10:40:19+05:30,52934.35,0,0.0,0,0.0,0.0,53282.15,53308.4,52783.45,53710.35,0,0.0,0.0,0.0,0.0,-0.01,-1,-1,-0.01,-1,-1,-0.01,-1,-1,-0.01,-1,-1,-0.01,-1,-1,-0.01,-1,-1,-0.01,-1,-1,-0.01,-1,-1,-0.01,-1,-1,-0.01,-1,-1
99926009,2026-05-18 10:40:19+05:30,52934.8,0,0.0,0,0.0,0.0,53282.15,53308.4,52783.45,53710.35,0,0.0,0.0,0.0,0.0,-0.01,-1,-1,-0.01,-1,-1,-0.01,-1,-1,-0.01,-1,-1,-0.01,-1,-1,-0.01,-1,-1,-0.01,-1,-1,-0.01,-1,-1,-0.01,-1,-1,-0.01,-1,-1
99926009,2026-05-18 10:40:20+05:30,52937.75,0,0.0,0,0.0,0.0,53282.15,53308.4,52783.45,53710.35,0,0.0,0.0,0.0,0.0,-0.01,-1,-1,-0.01,-1,-1,-0.01,-1,-1,-0.01,-1,-1,-0.01,-1,-1,-0.01,-1,-1,-0.01,-1,-1,-0.01,-1,-1,-0.01,-1,-1,-0.01,-1,-1
99926009,2026-05-18 10:40:20+05:30,52939.05,0,0.0,0,0.0,0.0,53282.15,53308.4,52783.45,53710.35,0,0.0,0.0,0.0,0.0,-0.01,-1,-1,-0.01,-1,-1,-0.01,-1,-1,-0.01,-1,-1,-0.01,-1,-1,-0.01,-1,-1,-0.01,-1,-1,-0.01,-1,-1,-0.01,-1,-1,-0.01,-1,-1
99926009,2026-05-18 10:40:21+05:30,52938.45,0,0.0,0,0.0,0.0,53282.15,53308.4,52783.45,53710.35,0,0.0,0.0,0.0,0.0,-0.01,-1,-1,-0.01,-1,-1,-0.01,-1,-1,-0.01,-1,-1,-0.01,-1,-1,-0.01,-1,-1,-0.01,-1,-1,-0.01,-1,-1,-0.01,-1,-1,-0.01,-1,-1
99926009,2026-05-18 10:40:21+05:30,52937.75,0,0.0,0,0.0,0.0,53282.15,53308.4,52783.45,53710.35,0,0.0,0.0,0.0,0.0,-0.01,-1,-1,-0.01,-1,-1,-0.01,-1,-1,-0.01,-1,-1,-0.01,-1,-1,-0.01,-1,-1,-0.01,-1,-1,-0.01,-1,-1,-0.01,-1,-1,-0.01,-1,-1
99926009,2026-05-18 10:40:22+05:30,52937.9,0,0.0,0,0.0,0.0,53282.15,53308.4,52783.45,53710.35,0,0.0,0.0,0.0,0.0,-0.01,-1,-1,-0.01,-1,-1,-0.01,-1,-1,-0.01,-1,-1,-0.01,-1,-1,-0.01,-1,-1,-0.01,-1,-1,-0.01,-1,-1,-0.01,-1,-1,-0.01,-1,-1
99926009,2026-05-18 10:40:22+05:30,52927.65,0,0.0,0,0.0,0.0,53282.15,53308.4,52783.45,53710.35,0,0.0,0.0,0.0,0.0,-0.01,-1,-1,-0.01,-1,-1,-0.01,-1,-1,-0.01,-1,-1,-0.01,-1,-1,-0.01,-1,-1,-0.01,-1,-1,-0.01,-1,-1,-0.01,-1,-1,-0.01,-1,-1
99926009,2026-05-18 10:40:23+05:30,52927.5,0,0.0,0,0.0,0.0,53282.15,53308.4,52783.45,53710.35,0,0.0,0.0,0.0,0.0,-0.01,-1,-1,-0.01,-1,-1,-0.01,-1,-1,-0.01,-1,-1,-0.01,-1,-1,-0.01,-1,-1,-0.01,-1,-1,-0.01,-1,-1,-0.01,-1,-1,-0.01,-1,-1
99926009,2026-05-18 10:40:23+05:30,52926.6,0,0.0,0,0.0,0.0,53282.15,53308.4,52783.45,53710.35,0,0.0,0.0,0.0,0.0,-0.01,-1,-1,-0.01,-1,-1,-0.01,-1,-1,-0.01,-1,-1,-0.01,-1,-1,-0.01,-1,-1,-0.01,-1,-1,-0.01,-1,-1,-0.01,-1,-1,-0.01,-1,-1
99926009,2026-05-18 10:40:24+05:30,52927.95,0,0.0,0,0.0,0.0,53282.15,53308.4,52783.45,53710.35,0,0.0,0.0,0.0,0.0,-0.01,-1,-1,-0.01,-1,-1,-0.01,-1,-1,-0.01,-1,-1,-0.01,-1,-1,-0.01,-1,-1,-0.01,-1,-1,-0.01,-1,-1,-0.01,-1,-1,-0.01,-1,-1
99926009,2026-05-18 10:40:24+05:30,52925.9,0,0.0,0,0.0,0.0,53282.15,53308.4,52783.45,53710.35,0,0.0,0.0,0.0,0.0,-0.01,-1,-1,-0.01,-1,-1,-0.01,-1,-1,-0.01,-1,-1,-0.01,-1,-1,-0.01,-1,-1,-0.01,-1,-1,-0.01,-1,-1,-0.01,-1,-1,-0.01,-1,-1
99926009,2026-05-18 10:40:25+05:30,52922.3,0,0.0,0,0.0,0.0,53282.15,53308.4,52783.45,53710.35,0,0.0,0.0,0.0,0.0,-0.01,-1,-1,-0.01,-1,-1,-0.01,-1,-1,-0.01,-1,-1,-0.01,-1,-1,-0.01,-1,-1,-0.01,-1,-1,-0.01,-1,-1,-0.01,-1,-1,-0.01,-1,-1
99926009,2026-05-18 10:40:25+05:30,52921.0,0,0.0,0,0.0,0.0,53282.15,53308.4,52783.45,53710.35,0,0.0,0.0,0.0,0.0,-0.01,-1,-1,-0.01,-1,-1,-0.01,-1,-1,-0.01,-1,-1,-0.01,-1,-1,-0.01,-1,-1,-0.01,-1,-1,-0.01,-1,-1,-0.01,-1,-1,-0.01,-1,-1
99926009,2026-05-18 10:40:26+05:30,52921.45,0,0.0,0,0.0,0.0,53282.15,53308.4,52783.45,53710.35,0,0.0,0.0,0.0,0.0,-0.01,-1,-1,-0.01,-1,-1,-0.01,-1,-1,-0.01,-1,-1,-0.01,-1,-1,-0.01,-1,-1,-0.01,-1,-1,-0.01,-1,-1,-0.01,-1,-1,-0.01,-1,-1
99926009,2026-05-18 10:40:26+05:30,52917.7,0,0.0,0,0.0,0.0,53282.15,53308.4,52783.45,53710.35,0,0.0,0.0,0.0,0.0,-0.01,-1,-1,-0.01,-1,-1,-0.01,-1,-1,-0.01,-1,-1,-0.01,-1,-1,-0.01,-1,-1,-0.01,-1,-1,-0.01,-1,-1,-0.01,-1,-1,-0.01,-1,-1
99926009,2026-05-18 10:40:27+05:30,52915.65,0,0.0,0,0.0,0.0,53282.15,53308.4,52783.45,53710.35,0,0.0,0.0,0.0,0.0,-0.01,-1,-1,-0.01,-1,-1,-0.01,-1,-1,-0.01,-1,-1,-0.01,-1,-1,-0.01,-1,-1,-0.01,-1,-1,-0.01,-1,-1,-0.01,-1,-1,-0.01,-1,-1
99926009,2026-05-18 10:40:27+05:30,52915.1,0,0.0,0,0.0,0.0,53282.15,53308.4,52783.45,53710.35,0,0.0,0.0,0.0,0.0,-0.01,-1,-1,-0.01,-1,-1,-0.01,-1,-1,-0.01,-1,-1,-0.01,-1,-1,-0.01,-1,-1,-0.01,-1,-1,-0.01,-1,-1,-0.01,-1,-1,-0.01,-1,-1
99926009,2026-05-18 10:40:28+05:30,52915.5,0,0.0,0,0.0,0.0,53282.15,53308.4,52783.45,53710.35,0,0.0,0.0,0.0,0.0,-0.01,-1,-1,-0.01,-1,-1,-0.01,-1,-1,-0.01,-1,-1,-0.01,-1,-1,-0.01,-1,-1,-0.01,-1,-1,-0.01,-1,-1,-0.01,-1,-1,-0.01,-1,-1
99926009,2026-05-18 10:40:28+05:30,52917.0,0,0.0,0,0.0,0.0,53282.15,53308.4,52783.45,53710.35,0,0.0,0.0,0.0,0.0,-0.01,-1,-1,-0.01,-1,-1,-0.01,-1,-1,-0.01,-1,-1,-0.01,-1,-1,-0.01,-1,-1,-0.01,-1,-1,-0.01,-1,-1,-0.01,-1,-1,-0.01,-1,-1
99926009,2026-05-18 10:40:29+05:30,52916.9,0,0.0,0,0.0,0.0,53282.15,53308.4,52783.45,53710.35,0,0.0,0.0,0.0,0.0,-0.01,-1,-1,-0.01,-1,-1,-0.01,-1,-1,-0.01,-1,-1,-0.01,-1,-1,-0.01,-1,-1,-0.01,-1,-1,-0.01,-1,-1,-0.01,-1,-1,-0.01,-1,-1
99926009,2026-05-18 10:40:29+05:30,52915.3,0,0.0,0,0.0,0.0,53282.15,53308.4,52783.45,53710.35,0,0.0,0.0,0.0,0.0,-0.01,-1,-1,-0.01,-1,-1,-0.01,-1,-1,-0.01,-1,-1,-0.01,-1,-1,-0.01,-1,-1,-0.01,-1,-1,-0.01,-1,-1,-0.01,-1,-1,-0.01,-1,-1
99926009,2026-05-18 10:40:30+05:30,52920.65,0,0.0,0,0.0,0.0,53282.15,53308.4,52783.45,53710.35,0,0.0,0.0,0.0,0.0,-0.01,-1,-1,-0.01,-1,-1,-0.01,-1,-1,-0.01,-1,-1,-0.01,-1,-1,-0.01,-1,-1,-0.01,-1,-1,-0.01,-1,-1,-0.01,-1,-1,-0.01,-1,-1
99926009,2026-05-18 10:40:30+05:30,52924.4,0,0.0,0,0.0,0.0,53282.15,53308.4,52783.45,53710.35,0,0.0,0.0,0.0,0.0,-0.01,-1,-1,-0.01,-1,-1,-0.01,-1,-1,-0.01,-1,-1,-0.01,-1,-1,-0.01,-1,-1,-0.01,-1,-1,-0.01,-1,-1,-0.01,-1,-1,-0.01,-1,-1
99926009,2026-05-18 10:40:31+05:30,52922.3,0,0.0,0,0.0,0.0,53282.15,53308.4,52783.45,53710.35,0,0.0,0.0,0.0,0.0,-0.01,-1,-1,-0.01,-1,-1,-0.01,-1,-1,-0.01,-1,-1,-0.01,-1,-1,-0.01,-1,-1,-0.01,-1,-1,-0.01,-1,-1,-0.01,-1,-1,-0.01,-1,-1
99926009,2026-05-18 10:40:31+05:30,52919.6,0,0.0,0,0.0,0.0,53282.15,53308.4,52783.45,53710.35,0,0.0,0.0,0.0,0.0,-0.01,-1,-1,-0.01,-1,-1,-0.01,-1,-1,-0.01,-1,-1,-0.01,-1,-1,-0.01,-1,-1,-0.01,-1,-1,-0.01,-1,-1,-0.01,-1,-1,-0.01,-1,-1
99926009,2026-05-18 10:40:32+05:30,52920.35,0,0.0,0,0.0,0.0,53282.15,53308.4,52783.45,53710.35,0,0.0,0.0,0.0,0.0,-0.01,-1,-1,-0.01,-1,-1,-0.01,-1,-1,-0.01,-1,-1,-0.01,-1,-1,-0.01,-1,-1,-0.01,-1,-1,-0.01,-1,-1,-0.01,-1,-1,-0.01,-1,-1
99926009,2026-05-18 10:40:32+05:30,52915.95,0,0.0,0,0.0,0.0,53282.15,53308.4,52783.45,53710.35,0,0.0,0.0,0.0,0.0,-0.01,-1,-1,-0.01,-1,-1,-0.01,-1,-1,-0.01,-1,-1,-0.01,-1,-1,-0.01,-1,-1,-0.01,-1,-1,-0.01,-1,-1,-0.01,-1,-1,-0.01,-1,-1
99926009,2026-05-18 10:40:33+05:30,52916.9,0,0.0,0,0.0,0.0,53282.15,53308.4,52783.45,53710.35,0,0.0,0.0,0.0,0.0,-0.01,-1,-1,-0.01,-1,-1,-0.01,-1,-1,-0.01,-1,-1,-0.01,-1,-1,-0.01,-1,-1,-0.01,-1,-1,-0.01,-1,-1,-0.01,-1,-1,-0.01,-1,-1
99926009,2026-05-18 10:40:33+05:30,52917.85,0,0.0,0,0.0,0.0,53282.15,53308.4,52783.45,53710.35,0,0.0,0.0,0.0,0.0,-0.01,-1,-1,-0.01,-1,-1,-0.01,-1,-1,-0.01,-1,-1,-0.01,-1,-1,-0.01,-1,-1,-0.01,-1,-1,-0.01,-1,-1,-0.01,-1,-1,-0.01,-1,-1
99926009,2026-05-18 10:40:34+05:30,52915.8,0,0.0,0,0.0,0.0,53282.15,53308.4,52783.45,53710.35,0,0.0,0.0,0.0,0.0,-0.01,-1,-1,-0.01,-1,-1,-0.01,-1,-1,-0.01,-1,-1,-0.01,-1,-1,-0.01,-1,-1,-0.01,-1,-1,-0.01,-1,-1,-0.01,-1,-1,-0.01,-1,-1
99926009,2026-05-18 10:40:34+05:30,52917.6,0,0.0,0,0.0,0.0,53282.15,53308.4,52783.45,53710.35,0,0.0,0.0,0.0,0.0,-0.01,-1,-1,-0.01,-1,-1,-0.01,-1,-1,-0.01,-1,-1,-0.01,-1,-1,-0.01,-1,-1,-0.01,-1,-1,-0.01,-1,-1,-0.01,-1,-1,-0.01,-1,-1
99926009,2026-05-18 10:40:35+05:30,52918.2,0,0.0,0,0.0,0.0,53282.15,53308.4,52783.45,53710.35,0,0.0,0.0,0.0,0.0,-0.01,-1,-1,-0.01,-1,-1,-0.01,-1,-1,-0.01,-1,-1,-0.01,-1,-1,-0.01,-1,-1,-0.01,-1,-1,-0.01,-1,-1,-0.01,-1,-1,-0.01,-1,-1
99926009,2026-05-18 10:40:35+05:30,52915.9,0,0.0,0,0.0,0.0,53282.15,53308.4,52783.45,53710.35,0,0.0,0.0,0.0,0.0,-0.01,-1,-1,-0.01,-1,-1,-0.01,-1,-1,-0.01,-1,-1,-0.01,-1,-1,-0.01,-1,-1,-0.01,-1,-1,-0.01,-1,-1,-0.01,-1,-1,-0.01,-1,-1
99926009,2026-05-18 10:40:36+05:30,52919.4,0,0.0,0,0.0,0.0,53282.15,53308.4,52783.45,53710.35,0,0.0,0.0,0.0,0.0,-0.01,-1,-1,-0.01,-1,-1,-0.01,-1,-1,-0.01,-1,-1,-0.01,-1,-1,-0.01,-1,-1,-0.01,-1,-1,-0.01,-1,-1,-0.01,-1,-1,-0.01,-1,-1
99926009,2026-05-18 10:40:36+05:30,52912.35,0,0.0,0,0.0,0.0,53282.15,53308.4,52783.45,53710.35,0,0.0,0.0,0.0,0.0,-0.01,-1,-1,-0.01,-1,-1,-0.01,-1,-1,-0.01,-1,-1,-0.01,-1,-1,-0.01,-1,-1,-0.01,-1,-1,-0.01,-1,-1,-0.01,-1,-1,-0.01,-1,-1
99926009,2026-05-18 10:40:37+05:30,52910.85,0,0.0,0,0.0,0.0,53282.15,53308.4,52783.45,53710.35,0,0.0,0.0,0.0,0.0,-0.01,-1,-1,-0.01,-1,-1,-0.01,-1,-1,-0.01,-1,-1,-0.01,-1,-1,-0.01,-1,-1,-0.01,-1,-1,-0.01,-1,-1,-0.01,-1,-1,-0.01,-1,-1
99926009,2026-05-18 10:40:37+05:30,52906.65,0,0.0,0,0.0,0.0,53282.15,53308.4,52783.45,53710.35,0,0.0,0.0,0.0,0.0,-0.01,-1,-1,-0.01,-1,-1,-0.01,-1,-1,-0.01,-1,-1,-0.01,-1,-1,-0.01,-1,-1,-0.01,-1,-1,-0.01,-1,-1,-0.01,-1,-1,-0.01,-1,-1
99926009,2026-05-18 10:40:38+05:30,52907.3,0,0.0,0,0.0,0.0,53282.15,53308.4,52783.45,53710.35,0,0.0,0.0,0.0,0.0,-0.01,-1,-1,-0.01,-1,-1,-0.01,-1,-1,-0.01,-1,-1,-0.01,-1,-1,-0.01,-1,-1,-0.01,-1,-1,-0.01,-1,-1,-0.01,-1,-1,-0.01,-1,-1
99926009,2026-05-18 10:40:38+05:30,52907.75,0,0.0,0,0.0,0.0,53282.15,53308.4,52783.45,53710.35,0,0.0,0.0,0.0,0.0,-0.01,-1,-1,-0.01,-1,-1,-0.01,-1,-1,-0.01,-1,-1,-0.01,-1,-1,-0.01,-1,-1,-0.01,-1,-1,-0.01,-1,-1,-0.01,-1,-1,-0.01,-1,-1
99926009,2026-05-18 10:40:39+05:30,52908.75,0,0.0,0,0.0,0.0,53282.15,53308.4,52783.45,53710.35,0,0.0,0.0,0.0,0.0,-0.01,-1,-1,-0.01,-1,-1,-0.01,-1,-1,-0.01,-1,-1,-0.01,-1,-1,-0.01,-1,-1,-0.01,-1,-1,-0.01,-1,-1,-0.01,-1,-1,-0.01,-1,-1
99926009,2026-05-18 10:40:39+05:30,52911.4,0,0.0,0,0.0,0.0,53282.15,53308.4,52783.45,53710.35,0,0.0,0.0,0.0,0.0,-0.01,-1,-1,-0.01,-1,-1,-0.01,-1,-1,-0.01,-1,-1,-0.01,-1,-1,-0.01,-1,-1,-0.01,-1,-1,-0.01,-1,-1,-0.01,-1,-1,-0.01,-1,-1
99926009,2026-05-18 10:40:40+05:30,52914.15,0,0.0,0,0.0,0.0,53282.15,53308.4,52783.45,53710.35,0,0.0,0.0,0.0,0.0,-0.01,-1,-1,-0.01,-1,-1,-0.01,-1,-1,-0.01,-1,-1,-0.01,-1,-1,-0.01,-1,-1,-0.01,-1,-1,-0.01,-1,-1,-0.01,-1,-1,-0.01,-1,-1
99926009,2026-05-18 10:40:40+05:30,52911.65,0,0.0,0,0.0,0.0,53282.15,53308.4,52783.45,53710.35,0,0.0,0.0,0.0,0.0,-0.01,-1,-1,-0.01,-1,-1,-0.01,-1,-1,-0.01,-1,-1,-0.01,-1,-1,-0.01,-1,-1,-0.01,-1,-1,-0.01,-1,-1,-0.01,-1,-1,-0.01,-1,-1
99926009,2026-05-18 10:40:41+05:30,52911.5,0,0.0,0,0.0,0.0,53282.15,53308.4,52783.45,53710.35,0,0.0,0.0,0.0,0.0,-0.01,-1,-1,-0.01,-1,-1,-0.01,-1,-1,-0.01,-1,-1,-0.01,-1,-1,-0.01,-1,-1,-0.01,-1,-1,-0.01,-1,-1,-0.01,-1,-1,-0.01,-1,-1
99926009,2026-05-18 10:40:41+05:30,52905.5,0,0.0,0,0.0,0.0,53282.15,53308.4,52783.45,53710.35,0,0.0,0.0,0.0,0.0,-0.01,-1,-1,-0.01,-1,-1,-0.01,-1,-1,-0.01,-1,-1,-0.01,-1,-1,-0.01,-1,-1,-0.01,-1,-1,-0.01,-1,-1,-0.01,-1,-1,-0.01,-1,-1
99926009,2026-05-18 10:40:42+05:30,52912.15,0,0.0,0,0.0,0.0,53282.15,53308.4,52783.45,53710.35,0,0.0,0.0,0.0,0.0,-0.01,-1,-1,-0.01,-1,-1,-0.01,-1,-1,-0.01,-1,-1,-0.01,-1,-1,-0.01,-1,-1,-0.01,-1,-1,-0.01,-1,-1,-0.01,-1,-1,-0.01,-1,-1
99926009,2026-05-18 10:40:42+05:30,52914.95,0,0.0,0,0.0,0.0,53282.15,53308.4,52783.45,53710.35,0,0.0,0.0,0.0,0.0,-0.01,-1,-1,-0.01,-1,-1,-0.01,-1,-1,-0.01,-1,-1,-0.01,-1,-1,-0.01,-1,-1,-0.01,-1,-1,-0.01,-1,-1,-0.01,-1,-1,-0.01,-1,-1
99926009,2026-05-18 10:40:43+05:30,52914.3,0,0.0,0,0.0,0.0,53282.15,53308.4,52783.45,53710.35,0,0.0,0.0,0.0,0.0,-0.01,-1,-1,-0.01,-1,-1,-0.01,-1,-1,-0.01,-1,-1,-0.01,-1,-1,-0.01,-1,-1,-0.01,-1,-1,-0.01,-1,-1,-0.01,-1,-1,-0.01,-1,-1
99926009,2026-05-18 10:40:43+05:30,52912.7,0,0.0,0,0.0,0.0,53282.15,53308.4,52783.45,53710.35,0,0.0,0.0,0.0,0.0,-0.01,-1,-1,-0.01,-1,-1,-0.01,-1,-1,-0.01,-1,-1,-0.01,-1,-1,-0.01,-1,-1,-0.01,-1,-1,-0.01,-1,-1,-0.01,-1,-1,-0.01,-1,-1
99926009,2026-05-18 10:40:44+05:30,52918.2,0,0.0,0,0.0,0.0,53282.15,53308.4,52783.45,53710.35,0,0.0,0.0,0.0,0.0,-0.01,-1,-1,-0.01,-1,-1,-0.01,-1,-1,-0.01,-1,-1,-0.01,-1,-1,-0.01,-1,-1,-0.01,-1,-1,-0.01,-1,-1,-0.01,-1,-1,-0.01,-1,-1
99926009,2026-05-18 10:40:44+05:30,52918.8,0,0.0,0,0.0,0.0,53282.15,53308.4,52783.45,53710.35,0,0.0,0.0,0.0,0.0,-0.01,-1,-1,-0.01,-1,-1,-0.01,-1,-1,-0.01,-1,-1,-0.01,-1,-1,-0.01,-1,-1,-0.01,-1,-1,-0.01,-1,-1,-0.01,-1,-1,-0.01,-1,-1
99926009,2026-05-18 10:40:45+05:30,52919.75,0,0.0,0,0.0,0.0,53282.15,53308.4,52783.45,53710.35,0,0.0,0.0,0.0,0.0,-0.01,-1,-1,-0.01,-1,-1,-0.01,-1,-1,-0.01,-1,-1,-0.01,-1,-1,-0.01,-1,-1,-0.01,-1,-1,-0.01,-1,-1,-0.01,-1,-1,-0.01,-1,-1
99926009,2026-05-18 10:40:45+05:30,52919.65,0,0.0,0,0.0,0.0,53282.15,53308.4,52783.45,53710.35,0,0.0,0.0,0.0,0.0,-0.01,-1,-1,-0.01,-1,-1,-0.01,-1,-1,-0.01,-1,-1,-0.01,-1,-1,-0.01,-1,-1,-0.01,-1,-1,-0.01,-1,-1,-0.01,-1,-1,-0.01,-1,-1
99926009,2026-05-18 10:40:46+05:30,52922.7,0,0.0,0,0.0,0.0,53282.15,53308.4,52783.45,53710.35,0,0.0,0.0,0.0,0.0,-0.01,-1,-1,-0.01,-1,-1,-0.01,-1,-1,-0.01,-1,-1,-0.01,-1,-1,-0.01,-1,-1,-0.01,-1,-1,-0.01,-1,-1,-0.01,-1,-1,-0.01,-1,-1
99926009,2026-05-18 10:40:46+05:30,52922.65,0,0.0,0,0.0,0.0,53282.15,53308.4,52783.45,53710.35,0,0.0,0.0,0.0,0.0,-0.01,-1,-1,-0.01,-1,-1,-0.01,-1,-1,-0.01,-1,-1,-0.01,-1,-1,-0.01,-1,-1,-0.01,-1,-1,-0.01,-1,-1,-0.01,-1,-1,-0.01,-1,-1
99926009,2026-05-18 10:40:47+05:30,52922.5,0,0.0,0,0.0,0.0,53282.15,53308.4,52783.45,53710.35,0,0.0,0.0,0.0,0.0,-0.01,-1,-1,-0.01,-1,-1,-0.01,-1,-1,-0.01,-1,-1,-0.01,-1,-1,-0.01,-1,-1,-0.01,-1,-1,-0.01,-1,-1,-0.01,-1,-1,-0.01,-1,-1
99926009,2026-05-18 10:40:47+05:30,52928.3,0,0.0,0,0.0,0.0,53282.15,53308.4,52783.45,53710.35,0,0.0,0.0,0.0,0.0,-0.01,-1,-1,-0.01,-1,-1,-0.01,-1,-1,-0.01,-1,-1,-0.01,-1,-1,-0.01,-1,-1,-0.01,-1,-1,-0.01,-1,-1,-0.01,-1,-1,-0.01,-1,-1
99926009,2026-05-18 10:40:48+05:30,52931.5,0,0.0,0,0.0,0.0,53282.15,53308.4,52783.45,53710.35,0,0.0,0.0,0.0,0.0,-0.01,-1,-1,-0.01,-1,-1,-0.01,-1,-1,-0.01,-1,-1,-0.01,-1,-1,-0.01,-1,-1,-0.01,-1,-1,-0.01,-1,-1,-0.01,-1,-1,-0.01,-1,-1
99926009,2026-05-18 10:40:48+05:30,52933.3,0,0.0,0,0.0,0.0,53282.15,53308.4,52783.45,53710.35,0,0.0,0.0,0.0,0.0,-0.01,-1,-1,-0.01,-1,-1,-0.01,-1,-1,-0.01,-1,-1,-0.01,-1,-1,-0.01,-1,-1,-0.01,-1,-1,-0.01,-1,-1,-0.01,-1,-1,-0.01,-1,-1
99926009,2026-05-18 10:40:49+05:30,52927.7,0,0.0,0,0.0,0.0,53282.15,53308.4,52783.45,53710.35,0,0.0,0.0,0.0,0.0,-0.01,-1,-1,-0.01,-1,-1,-0.01,-1,-1,-0.01,-1,-1,-0.01,-1,-1,-0.01,-1,-1,-0.01,-1,-1,-0.01,-1,-1,-0.01,-1,-1,-0.01,-1,-1
99926009,2026-05-18 10:40:49+05:30,52927.1,0,0.0,0,0.0,0.0,53282.15,53308.4,52783.45,53710.35,0,0.0,0.0,0.0,0.0,-0.01,-1,-1,-0.01,-1,-1,-0.01,-1,-1,-0.01,-1,-1,-0.01,-1,-1,-0.01,-1,-1,-0.01,-1,-1,-0.01,-1,-1,-0.01,-1,-1,-0.01,-1,-1
99926009,2026-05-18 10:40:50+05:30,52928.2,0,0.0,0,0.0,0.0,53282.15,53308.4,52783.45,53710.35,0,0.0,0.0,0.0,0.0,-0.01,-1,-1,-0.01,-1,-1,-0.01,-1,-1,-0.01,-1,-1,-0.01,-1,-1,-0.01,-1,-1,-0.01,-1,-1,-0.01,-1,-1,-0.01,-1,-1,-0.01,-1,-1
99926009,2026-05-18 10:40:50+05:30,52925.7,0,0.0,0,0.0,0.0,53282.15,53308.4,52783.45,53710.35,0,0.0,0.0,0.0,0.0,-0.01,-1,-1,-0.01,-1,-1,-0.01,-1,-1,-0.01,-1,-1,-0.01,-1,-1,-0.01,-1,-1,-0.01,-1,-1,-0.01,-1,-1,-0.01,-1,-1,-0.01,-1,-1
99926009,2026-05-18 10:40:51+05:30,52927.3,0,0.0,0,0.0,0.0,53282.15,53308.4,52783.45,53710.35,0,0.0,0.0,0.0,0.0,-0.01,-1,-1,-0.01,-1,-1,-0.01,-1,-1,-0.01,-1,-1,-0.01,-1,-1,-0.01,-1,-1,-0.01,-1,-1,-0.01,-1,-1,-0.01,-1,-1,-0.01,-1,-1
99926009,2026-05-18 10:40:51+05:30,52925.3,0,0.0,0,0.0,0.0,53282.15,53308.4,52783.45,53710.35,0,0.0,0.0,0.0,0.0,-0.01,-1,-1,-0.01,-1,-1,-0.01,-1,-1,-0.01,-1,-1,-0.01,-1,-1,-0.01,-1,-1,-0.01,-1,-1,-0.01,-1,-1,-0.01,-1,-1,-0.01,-1,-1
99926009,2026-05-18 10:40:52+05:30,52926.95,0,0.0,0,0.0,0.0,53282.15,53308.4,52783.45,53710.35,0,0.0,0.0,0.0,0.0,-0.01,-1,-1,-0.01,-1,-1,-0.01,-1,-1,-0.01,-1,-1,-0.01,-1,-1,-0.01,-1,-1,-0.01,-1,-1,-0.01,-1,-1,-0.01,-1,-1,-0.01,-1,-1
99926009,2026-05-18 10:40:52+05:30,52926.8,0,0.0,0,0.0,0.0,53282.15,53308.4,52783.45,53710.35,0,0.0,0.0,0.0,0.0,-0.01,-1,-1,-0.01,-1,-1,-0.01,-1,-1,-0.01,-1,-1,-0.01,-1,-1,-0.01,-1,-1,-0.01,-1,-1,-0.01,-1,-1,-0.01,-1,-1,-0.01,-1,-1
99926009,2026-05-18 10:40:53+05:30,52930.2,0,0.0,0,0.0,0.0,53282.15,53308.4,52783.45,53710.35,0,0.0,0.0,0.0,0.0,-0.01,-1,-1,-0.01,-1,-1,-0.01,-1,-1,-0.01,-1,-1,-0.01,-1,-1,-0.01,-1,-1,-0.01,-1,-1,-0.01,-1,-1,-0.01,-1,-1,-0.01,-1,-1
99926009,2026-05-18 10:40:53+05:30,52930.3,0,0.0,0,0.0,0.0,53282.15,53308.4,52783.45,53710.35,0,0.0,0.0,0.0,0.0,-0.01,-1,-1,-0.01,-1,-1,-0.01,-1,-1,-0.01,-1,-1,-0.01,-1,-1,-0.01,-1,-1,-0.01,-1,-1,-0.01,-1,-1,-0.01,-1,-1,-0.01,-1,-1
99926009,2026-05-18 10:40:54+05:30,52931.55,0,0.0,0,0.0,0.0,53282.15,53308.4,52783.45,53710.35,0,0.0,0.0,0.0,0.0,-0.01,-1,-1,-0.01,-1,-1,-0.01,-1,-1,-0.01,-1,-1,-0.01,-1,-1,-0.01,-1,-1,-0.01,-1,-1,-0.01,-1,-1,-0.01,-1,-1,-0.01,-1,-1
99926009,2026-05-18 10:40:54+05:30,52933.15,0,0.0,0,0.0,0.0,53282.15,53308.4,52783.45,53710.35,0,0.0,0.0,0.0,0.0,-0.01,-1,-1,-0.01,-1,-1,-0.01,-1,-1,-0.01,-1,-1,-0.01,-1,-1,-0.01,-1,-1,-0.01,-1,-1,-0.01,-1,-1,-0.01,-1,-1,-0.01,-1,-1
99926009,2026-05-18 10:40:55+05:30,52928.35,0,0.0,0,0.0,0.0,53282.15,53308.4,52783.45,53710.35,0,0.0,0.0,0.0,0.0,-0.01,-1,-1,-0.01,-1,-1,-0.01,-1,-1,-0.01,-1,-1,-0.01,-1,-1,-0.01,-1,-1,-0.01,-1,-1,-0.01,-1,-1,-0.01,-1,-1,-0.01,-1,-1
99926009,2026-05-18 10:40:55+05:30,52928.5,0,0.0,0,0.0,0.0,53282.15,53308.4,52783.45,53710.35,0,0.0,0.0,0.0,0.0,-0.01,-1,-1,-0.01,-1,-1,-0.01,-1,-1,-0.01,-1,-1,-0.01,-1,-1,-0.01,-1,-1,-0.01,-1,-1,-0.01,-1,-1,-0.01,-1,-1,-0.01,-1,-1
99926009,2026-05-18 10:40:56+05:30,52930.3,0,0.0,0,0.0,0.0,53282.15,53308.4,52783.45,53710.35,0,0.0,0.0,0.0,0.0,-0.01,-1,-1,-0.01,-1,-1,-0.01,-1,-1,-0.01,-1,-1,-0.01,-1,-1,-0.01,-1,-1,-0.01,-1,-1,-0.01,-1,-1,-0.01,-1,-1,-0.01,-1,-1
99926009,2026-05-18 10:40:56+05:30,52926.8,0,0.0,0,0.0,0.0,53282.15,53308.4,52783.45,53710.35,0,0.0,0.0,0.0,0.0,-0.01,-1,-1,-0.01,-1,-1,-0.01,-1,-1,-0.01,-1,-1,-0.01,-1,-1,-0.01,-1,-1,-0.01,-1,-1,-0.01,-1,-1,-0.01,-1,-1,-0.01,-1,-1
99926009,2026-05-18 10:40:57+05:30,52926.7,0,0.0,0,0.0,0.0,53282.15,53308.4,52783.45,53710.35,0,0.0,0.0,0.0,0.0,-0.01,-1,-1,-0.01,-1,-1,-0.01,-1,-1,-0.01,-1,-1,-0.01,-1,-1,-0.01,-1,-1,-0.01,-1,-1,-0.01,-1,-1,-0.01,-1,-1,-0.01,-1,-1
99926009,2026-05-18 10:40:57+05:30,52925.85,0,0.0,0,0.0,0.0,53282.15,53308.4,52783.45,53710.35,0,0.0,0.0,0.0,0.0,-0.01,-1,-1,-0.01,-1,-1,-0.01,-1,-1,-0.01,-1,-1,-0.01,-1,-1,-0.01,-1,-1,-0.01,-1,-1,-0.01,-1,-1,-0.01,-1,-1,-0.01,-1,-1
99926009,2026-05-18 10:40:58+05:30,52927.95,0,0.0,0,0.0,0.0,53282.15,53308.4,52783.45,53710.35,0,0.0,0.0,0.0,0.0,-0.01,-1,-1,-0.01,-1,-1,-0.01,-1,-1,-0.01,-1,-1,-0.01,-1,-1,-0.01,-1,-1,-0.01,-1,-1,-0.01,-1,-1,-0.01,-1,-1,-0.01,-1,-1
99926009,2026-05-18 10:40:58+05:30,52929.5,0,0.0,0,0.0,0.0,53282.15,53308.4,52783.45,53710.35,0,0.0,0.0,0.0,0.0,-0.01,-1,-1,-0.01,-1,-1,-0.01,-1,-1,-0.01,-1,-1,-0.01,-1,-1,-0.01,-1,-1,-0.01,-1,-1,-0.01,-1,-1,-0.01,-1,-1,-0.01,-1,-1
99926009,2026-05-18 10:40:59+05:30,52929.35,0,0.0,0,0.0,0.0,53282.15,53308.4,52783.45,53710.35,0,0.0,0.0,0.0,0.0,-0.01,-1,-1,-0.01,-1,-1,-0.01,-1,-1,-0.01,-1,-1,-0.01,-1,-1,-0.01,-1,-1,-0.01,-1,-1,-0.01,-1,-1,-0.01,-1,-1,-0.01,-1,-1
99926009,2026-05-18 10:40:59+05:30,52930.35,0,0.0,0,0.0,0.0,53282.15,53308.4,52783.45,53710.35,0,0.0,0.0,0.0,0.0,-0.01,-1,-1,-0.01,-1,-1,-0.01,-1,-1,-0.01,-1,-1,-0.01,-1,-1,-0.01,-1,-1,-0.01,-1,-1,-0.01,-1,-1,-0.01,-1,-1,-0.01,-1,-1
99926009,2026-05-18 10:41:00+05:30,52929.7,0,0.0,0,0.0,0.0,53282.15,53308.4,52783.45,53710.35,0,0.0,0.0,0.0,0.0,-0.01,-1,-1,-0.01,-1,-1,-0.01,-1,-1,-0.01,-1,-1,-0.01,-1,-1,-0.01,-1,-1,-0.01,-1,-1,-0.01,-1,-1,-0.01,-1,-1,-0.01,-1,-1
99926009,2026-05-18 10:41:00+05:30,52931.75,0,0.0,0,0.0,0.0,53282.15,53308.4,52783.45,53710.35,0,0.0,0.0,0.0,0.0,-0.01,-1,-1,-0.01,-1,-1,-0.01,-1,-1,-0.01,-1,-1,-0.01,-1,-1,-0.01,-1,-1,-0.01,-1,-1,-0.01,-1,-1,-0.01,-1,-1,-0.01,-1,-1
99926009,2026-05-18 10:41:01+05:30,52929.3,0,0.0,0,0.0,0.0,53282.15,53308.4,52783.45,53710.35,0,0.0,0.0,0.0,0.0,-0.01,-1,-1,-0.01,-1,-1,-0.01,-1,-1,-0.01,-1,-1,-0.01,-1,-1,-0.01,-1,-1,-0.01,-1,-1,-0.01,-1,-1,-0.01,-1,-1,-0.01,-1,-1
99926009,2026-05-18 10:41:01+05:30,52929.0,0,0.0,0,0.0,0.0,53282.15,53308.4,52783.45,53710.35,0,0.0,0.0,0.0,0.0,-0.01,-1,-1,-0.01,-1,-1,-0.01,-1,-1,-0.01,-1,-1,-0.01,-1,-1,-0.01,-1,-1,-0.01,-1,-1,-0.01,-1,-1,-0.01,-1,-1,-0.01,-1,-1
99926009,2026-05-18 10:41:02+05:30,52932.1,0,0.0,0,0.0,0.0,53282.15,53308.4,52783.45,53710.35,0,0.0,0.0,0.0,0.0,-0.01,-1,-1,-0.01,-1,-1,-0.01,-1,-1,-0.01,-1,-1,-0.01,-1,-1,-0.01,-1,-1,-0.01,-1,-1,-0.01,-1,-1,-0.01,-1,-1,-0.01,-1,-1
99926009,2026-05-18 10:41:02+05:30,52931.2,0,0.0,0,0.0,0.0,53282.15,53308.4,52783.45,53710.35,0,0.0,0.0,0.0,0.0,-0.01,-1,-1,-0.01,-1,-1,-0.01,-1,-1,-0.01,-1,-1,-0.01,-1,-1,-0.01,-1,-1,-0.01,-1,-1,-0.01,-1,-1,-0.01,-1,-1,-0.01,-1,-1
99926009,2026-05-18 10:41:03+05:30,52931.4,0,0.0,0,0.0,0.0,53282.15,53308.4,52783.45,53710.35,0,0.0,0.0,0.0,0.0,-0.01,-1,-1,-0.01,-1,-1,-0.01,-1,-1,-0.01,-1,-1,-0.01,-1,-1,-0.01,-1,-1,-0.01,-1,-1,-0.01,-1,-1,-0.01,-1,-1,-0.01,-1,-1
99926009,2026-05-18 10:41:03+05:30,52928.4,0,0.0,0,0.0,0.0,53282.15,53308.4,52783.45,53710.35,0,0.0,0.0,0.0,0.0,-0.01,-1,-1,-0.01,-1,-1,-0.01,-1,-1,-0.01,-1,-1,-0.01,-1,-1,-0.01,-1,-1,-0.01,-1,-1,-0.01,-1,-1,-0.01,-1,-1,-0.01,-1,-1
99926009,2026-05-18 10:41:04+05:30,52930.05,0,0.0,0,0.0,0.0,53282.15,53308.4,52783.45,53710.35,0,0.0,0.0,0.0,0.0,-0.01,-1,-1,-0.01,-1,-1,-0.01,-1,-1,-0.01,-1,-1,-0.01,-1,-1,-0.01,-1,-1,-0.01,-1,-1,-0.01,-1,-1,-0.01,-1,-1,-0.01,-1,-1
99926009,2026-05-18 10:41:04+05:30,52930.9,0,0.0,0,0.0,0.0,53282.15,53308.4,52783.45,53710.35,0,0.0,0.0,0.0,0.0,-0.01,-1,-1,-0.01,-1,-1,-0.01,-1,-1,-0.01,-1,-1,-0.01,-1,-1,-0.01,-1,-1,-0.01,-1,-1,-0.01,-1,-1,-0.01,-1,-1,-0.01,-1,-1
99926009,2026-05-18 10:41:05+05:30,52930.9,0,0.0,0,0.0,0.0,53282.15,53308.4,52783.45,53710.35,0,0.0,0.0,0.0,0.0,-0.01,-1,-1,-0.01,-1,-1,-0.01,-1,-1,-0.01,-1,-1,-0.01,-1,-1,-0.01,-1,-1,-0.01,-1,-1,-0.01,-1,-1,-0.01,-1,-1,-0.01,-1,-1
99926009,2026-05-18 10:41:05+05:30,52929.25,0,0.0,0,0.0,0.0,53282.15,53308.4,52783.45,53710.35,0,0.0,0.0,0.0,0.0,-0.01,-1,-1,-0.01,-1,-1,-0.01,-1,-1,-0.01,-1,-1,-0.01,-1,-1,-0.01,-1,-1,-0.01,-1,-1,-0.01,-1,-1,-0.01,-1,-1,-0.01,-1,-1
99926009,2026-05-18 10:41:06+05:30,52929.65,0,0.0,0,0.0,0.0,53282.15,53308.4,52783.45,53710.35,0,0.0,0.0,0.0,0.0,-0.01,-1,-1,-0.01,-1,-1,-0.01,-1,-1,-0.01,-1,-1,-0.01,-1,-1,-0.01,-1,-1,-0.01,-1,-1,-0.01,-1,-1,-0.01,-1,-1,-0.01,-1,-1
99926009,2026-05-18 10:41:06+05:30,52928.95,0,0.0,0,0.0,0.0,53282.15,53308.4,52783.45,53710.35,0,0.0,0.0,0.0,0.0,-0.01,-1,-1,-0.01,-1,-1,-0.01,-1,-1,-0.01,-1,-1,-0.01,-1,-1,-0.01,-1,-1,-0.01,-1,-1,-0.01,-1,-1,-0.01,-1,-1,-0.01,-1,-1
99926009,2026-05-18 10:41:07+05:30,52927.35,0,0.0,0,0.0,0.0,53282.15,53308.4,52783.45,53710.35,0,0.0,0.0,0.0,0.0,-0.01,-1,-1,-0.01,-1,-1,-0.01,-1,-1,-0.01,-1,-1,-0.01,-1,-1,-0.01,-1,-1,-0.01,-1,-1,-0.01,-1,-1,-0.01,-1,-1,-0.01,-1,-1
99926009,2026-05-18 10:41:07+05:30,52927.5,0,0.0,0,0.0,0.0,53282.15,53308.4,52783.45,53710.35,0,0.0,0.0,0.0,0.0,-0.01,-1,-1,-0.01,-1,-1,-0.01,-1,-1,-0.01,-1,-1,-0.01,-1,-1,-0.01,-1,-1,-0.01,-1,-1,-0.01,-1,-1,-0.01,-1,-1,-0.01,-1,-1
99926009,2026-05-18 10:41:08+05:30,52924.95,0,0.0,0,0.0,0.0,53282.15,53308.4,52783.45,53710.35,0,0.0,0.0,0.0,0.0,-0.01,-1,-1,-0.01,-1,-1,-0.01,-1,-1,-0.01,-1,-1,-0.01,-1,-1,-0.01,-1,-1,-0.01,-1,-1,-0.01,-1,-1,-0.01,-1,-1,-0.01,-1,-1
99926009,2026-05-18 10:41:08+05:30,52925.55,0,0.0,0,0.0,0.0,53282.15,53308.4,52783.45,53710.35,0,0.0,0.0,0.0,0.0,-0.01,-1,-1,-0.01,-1,-1,-0.01,-1,-1,-0.01,-1,-1,-0.01,-1,-1,-0.01,-1,-1,-0.01,-1,-1,-0.01,-1,-1,-0.01,-1,-1,-0.01,-1,-1
99926009,2026-05-18 10:41:09+05:30,52925.15,0,0.0,0,0.0,0.0,53282.15,53308.4,52783.45,53710.35,0,0.0,0.0,0.0,0.0,-0.01,-1,-1,-0.01,-1,-1,-0.01,-1,-1,-0.01,-1,-1,-0.01,-1,-1,-0.01,-1,-1,-0.01,-1,-1,-0.01,-1,-1,-0.01,-1,-1,-0.01,-1,-1
99926009,2026-05-18 10:41:09+05:30,52924.5,0,0.0,0,0.0,0.0,53282.15,53308.4,52783.45,53710.35,0,0.0,0.0,0.0,0.0,-0.01,-1,-1,-0.01,-1,-1,-0.01,-1,-1,-0.01,-1,-1,-0.01,-1,-1,-0.01,-1,-1,-0.01,-1,-1,-0.01,-1,-1,-0.01,-1,-1,-0.01,-1,-1
99926009,2026-05-18 10:41:10+05:30,52924.85,0,0.0,0,0.0,0.0,53282.15,53308.4,52783.45,53710.35,0,0.0,0.0,0.0,0.0,-0.01,-1,-1,-0.01,-1,-1,-0.01,-1,-1,-0.01,-1,-1,-0.01,-1,-1,-0.01,-1,-1,-0.01,-1,-1,-0.01,-1,-1,-0.01,-1,-1,-0.01,-1,-1
99926009,2026-05-18 10:41:10+05:30,52925.1,0,0.0,0,0.0,0.0,53282.15,53308.4,52783.45,53710.35,0,0.0,0.0,0.0,0.0,-0.01,-1,-1,-0.01,-1,-1,-0.01,-1,-1,-0.01,-1,-1,-0.01,-1,-1,-0.01,-1,-1,-0.01,-1,-1,-0.01,-1,-1,-0.01,-1,-1,-0.01,-1,-1
99926009,2026-05-18 10:41:11+05:30,52925.7,0,0.0,0,0.0,0.0,53282.15,53308.4,52783.45,53710.35,0,0.0,0.0,0.0,0.0,-0.01,-1,-1,-0.01,-1,-1,-0.01,-1,-1,-0.01,-1,-1,-0.01,-1,-1,-0.01,-1,-1,-0.01,-1,-1,-0.01,-1,-1,-0.01,-1,-1,-0.01,-1,-1
99926009,2026-05-18 10:41:11+05:30,52925.15,0,0.0,0,0.0,0.0,53282.15,53308.4,52783.45,53710.35,0,0.0,0.0,0.0,0.0,-0.01,-1,-1,-0.01,-1,-1,-0.01,-1,-1,-0.01,-1,-1,-0.01,-1,-1,-0.01,-1,-1,-0.01,-1,-1,-0.01,-1,-1,-0.01,-1,-1,-0.01,-1,-1
99926009,2026-05-18 10:41:12+05:30,52922.7,0,0.0,0,0.0,0.0,53282.15,53308.4,52783.45,53710.35,0,0.0,0.0,0.0,0.0,-0.01,-1,-1,-0.01,-1,-1,-0.01,-1,-1,-0.01,-1,-1,-0.01,-1,-1,-0.01,-1,-1,-0.01,-1,-1,-0.01,-1,-1,-0.01,-1,-1,-0.01,-1,-1
99926009,2026-05-18 10:41:12+05:30,52924.55,0,0.0,0,0.0,0.0,53282.15,53308.4,52783.45,53710.35,0,0.0,0.0,0.0,0.0,-0.01,-1,-1,-0.01,-1,-1,-0.01,-1,-1,-0.01,-1,-1,-0.01,-1,-1,-0.01,-1,-1,-0.01,-1,-1,-0.01,-1,-1,-0.01,-1,-1,-0.01,-1,-1
99926009,2026-05-18 10:41:13+05:30,52923.65,0,0.0,0,0.0,0.0,53282.15,53308.4,52783.45,53710.35,0,0.0,0.0,0.0,0.0,-0.01,-1,-1,-0.01,-1,-1,-0.01,-1,-1,-0.01,-1,-1,-0.01,-1,-1,-0.01,-1,-1,-0.01,-1,-1,-0.01,-1,-1,-0.01,-1,-1,-0.01,-1,-1
99926009,2026-05-18 10:41:13+05:30,52922.55,0,0.0,0,0.0,0.0,53282.15,53308.4,52783.45,53710.35,0,0.0,0.0,0.0,0.0,-0.01,-1,-1,-0.01,-1,-1,-0.01,-1,-1,-0.01,-1,-1,-0.01,-1,-1,-0.01,-1,-1,-0.01,-1,-1,-0.01,-1,-1,-0.01,-1,-1,-0.01,-1,-1
99926009,2026-05-18 10:41:14+05:30,52924.3,0,0.0,0,0.0,0.0,53282.15,53308.4,52783.45,53710.35,0,0.0,0.0,0.0,0.0,-0.01,-1,-1,-0.01,-1,-1,-0.01,-1,-1,-0.01,-1,-1,-0.01,-1,-1,-0.01,-1,-1,-0.01,-1,-1,-0.01,-1,-1,-0.01,-1,-1,-0.01,-1,-1
99926009,2026-05-18 10:41:14+05:30,52925.4,0,0.0,0,0.0,0.0,53282.15,53308.4,52783.45,53710.35,0,0.0,0.0,0.0,0.0,-0.01,-1,-1,-0.01,-1,-1,-0.01,-1,-1,-0.01,-1,-1,-0.01,-1,-1,-0.01,-1,-1,-0.01,-1,-1,-0.01,-1,-1,-0.01,-1,-1,-0.01,-1,-1
99926009,2026-05-18 10:41:15+05:30,52926.9,0,0.0,0,0.0,0.0,53282.15,53308.4,52783.45,53710.35,0,0.0,0.0,0.0,0.0,-0.01,-1,-1,-0.01,-1,-1,-0.01,-1,-1,-0.01,-1,-1,-0.01,-1,-1,-0.01,-1,-1,-0.01,-1,-1,-0.01,-1,-1,-0.01,-1,-1,-0.01,-1,-1
99926009,2026-05-18 10:41:15+05:30,52930.7,0,0.0,0,0.0,0.0,53282.15,53308.4,52783.45,53710.35,0,0.0,0.0,0.0,0.0,-0.01,-1,-1,-0.01,-1,-1,-0.01,-1,-1,-0.01,-1,-1,-0.01,-1,-1,-0.01,-1,-1,-0.01,-1,-1,-0.01,-1,-1,-0.01,-1,-1,-0.01,-1,-1
99926009,2026-05-18 10:41:16+05:30,52928.85,0,0.0,0,0.0,0.0,53282.15,53308.4,52783.45,53710.35,0,0.0,0.0,0.0,0.0,-0.01,-1,-1,-0.01,-1,-1,-0.01,-1,-1,-0.01,-1,-1,-0.01,-1,-1,-0.01,-1,-1,-0.01,-1,-1,-0.01,-1,-1,-0.01,-1,-1,-0.01,-1,-1
99926009,2026-05-18 10:41:16+05:30,52934.2,0,0.0,0,0.0,0.0,53282.15,53308.4,52783.45,53710.35,0,0.0,0.0,0.0,0.0,-0.01,-1,-1,-0.01,-1,-1,-0.01,-1,-1,-0.01,-1,-1,-0.01,-1,-1,-0.01,-1,-1,-0.01,-1,-1,-0.01,-1,-1,-0.01,-1,-1,-0.01,-1,-1
99926009,2026-05-18 10:41:17+05:30,52933.05,0,0.0,0,0.0,0.0,53282.15,53308.4,52783.45,53710.35,0,0.0,0.0,0.0,0.0,-0.01,-1,-1,-0.01,-1,-1,-0.01,-1,-1,-0.01,-1,-1,-0.01,-1,-1,-0.01,-1,-1,-0.01,-1,-1,-0.01,-1,-1,-0.01,-1,-1,-0.01,-1,-1
99926009,2026-05-18 10:41:17+05:30,52935.35,0,0.0,0,0.0,0.0,53282.15,53308.4,52783.45,53710.35,0,0.0,0.0,0.0,0.0,-0.01,-1,-1,-0.01,-1,-1,-0.01,-1,-1,-0.01,-1,-1,-0.01,-1,-1,-0.01,-1,-1,-0.01,-1,-1,-0.01,-1,-1,-0.01,-1,-1,-0.01,-1,-1
99926009,2026-05-18 10:41:18+05:30,52932.3,0,0.0,0,0.0,0.0,53282.15,53308.4,52783.45,53710.35,0,0.0,0.0,0.0,0.0,-0.01,-1,-1,-0.01,-1,-1,-0.01,-1,-1,-0.01,-1,-1,-0.01,-1,-1,-0.01,-1,-1,-0.01,-1,-1,-0.01,-1,-1,-0.01,-1,-1,-0.01,-1,-1
99926009,2026-05-18 10:41:18+05:30,52934.0,0,0.0,0,0.0,0.0,53282.15,53308.4,52783.45,53710.35,0,0.0,0.0,0.0,0.0,-0.01,-1,-1,-0.01,-1,-1,-0.01,-1,-1,-0.01,-1,-1,-0.01,-1,-1,-0.01,-1,-1,-0.01,-1,-1,-0.01,-1,-1,-0.01,-1,-1,-0.01,-1,-1
99926009,2026-05-18 10:41:19+05:30,52935.05,0,0.0,0,0.0,0.0,53282.15,53308.4,52783.45,53710.35,0,0.0,0.0,0.0,0.0,-0.01,-1,-1,-0.01,-1,-1,-0.01,-1,-1,-0.01,-1,-1,-0.01,-1,-1,-0.01,-1,-1,-0.01,-1,-1,-0.01,-1,-1,-0.01,-1,-1,-0.01,-1,-1
99926009,2026-05-18 10:41:19+05:30,52935.15,0,0.0,0,0.0,0.0,53282.15,53308.4,52783.45,53710.35,0,0.0,0.0,0.0,0.0,-0.01,-1,-1,-0.01,-1,-1,-0.01,-1,-1,-0.01,-1,-1,-0.01,-1,-1,-0.01,-1,-1,-0.01,-1,-1,-0.01,-1,-1,-0.01,-1,-1,-0.01,-1,-1
99926009,2026-05-18 10:41:20+05:30,52934.25,0,0.0,0,0.0,0.0,53282.15,53308.4,52783.45,53710.35,0,0.0,0.0,0.0,0.0,-0.01,-1,-1,-0.01,-1,-1,-0.01,-1,-1,-0.01,-1,-1,-0.01,-1,-1,-0.01,-1,-1,-0.01,-1,-1,-0.01,-1,-1,-0.01,-1,-1,-0.01,-1,-1
99926009,2026-05-18 10:41:20+05:30,52933.55,0,0.0,0,0.0,0.0,53282.15,53308.4,52783.45,53710.35,0,0.0,0.0,0.0,0.0,-0.01,-1,-1,-0.01,-1,-1,-0.01,-1,-1,-0.01,-1,-1,-0.01,-1,-1,-0.01,-1,-1,-0.01,-1,-1,-0.01,-1,-1,-0.01,-1,-1,-0.01,-1,-1
99926009,2026-05-18 10:41:21+05:30,52934.95,0,0.0,0,0.0,0.0,53282.15,53308.4,52783.45,53710.35,0,0.0,0.0,0.0,0.0,-0.01,-1,-1,-0.01,-1,-1,-0.01,-1,-1,-0.01,-1,-1,-0.01,-1,-1,-0.01,-1,-1,-0.01,-1,-1,-0.01,-1,-1,-0.01,-1,-1,-0.01,-1,-1
99926009,2026-05-18 10:41:21+05:30,52932.45,0,0.0,0,0.0,0.0,53282.15,53308.4,52783.45,53710.35,0,0.0,0.0,0.0,0.0,-0.01,-1,-1,-0.01,-1,-1,-0.01,-1,-1,-0.01,-1,-1,-0.01,-1,-1,-0.01,-1,-1,-0.01,-1,-1,-0.01,-1,-1,-0.01,-1,-1,-0.01,-1,-1
99926009,2026-05-18 10:41:22+05:30,52932.7,0,0.0,0,0.0,0.0,53282.15,53308.4,52783.45,53710.35,0,0.0,0.0,0.0,0.0,-0.01,-1,-1,-0.01,-1,-1,-0.01,-1,-1,-0.01,-1,-1,-0.01,-1,-1,-0.01,-1,-1,-0.01,-1,-1,-0.01,-1,-1,-0.01,-1,-1,-0.01,-1,-1
99926009,2026-05-18 10:41:22+05:30,52932.8,0,0.0,0,0.0,0.0,53282.15,53308.4,52783.45,53710.35,0,0.0,0.0,0.0,0.0,-0.01,-1,-1,-0.01,-1,-1,-0.01,-1,-1,-0.01,-1,-1,-0.01,-1,-1,-0.01,-1,-1,-0.01,-1,-1,-0.01,-1,-1,-0.01,-1,-1,-0.01,-1,-1
99926009,2026-05-18 10:41:23+05:30,52931.1,0,0.0,0,0.0,0.0,53282.15,53308.4,52783.45,53710.35,0,0.0,0.0,0.0,0.0,-0.01,-1,-1,-0.01,-1,-1,-0.01,-1,-1,-0.01,-1,-1,-0.01,-1,-1,-0.01,-1,-1,-0.01,-1,-1,-0.01,-1,-1,-0.01,-1,-1,-0.01,-1,-1
99926009,2026-05-18 10:41:23+05:30,52931.6,0,0.0,0,0.0,0.0,53282.15,53308.4,52783.45,53710.35,0,0.0,0.0,0.0,0.0,-0.01,-1,-1,-0.01,-1,-1,-0.01,-1,-1,-0.01,-1,-1,-0.01,-1,-1,-0.01,-1,-1,-0.01,-1,-1,-0.01,-1,-1,-0.01,-1,-1,-0.01,-1,-1
99926009,2026-05-18 10:41:24+05:30,52930.15,0,0.0,0,0.0,0.0,53282.15,53308.4,52783.45,53710.35,0,0.0,0.0,0.0,0.0,-0.01,-1,-1,-0.01,-1,-1,-0.01,-1,-1,-0.01,-1,-1,-0.01,-1,-1,-0.01,-1,-1,-0.01,-1,-1,-0.01,-1,-1,-0.01,-1,-1,-0.01,-1,-1
99926009,2026-05-18 10:41:24+05:30,52930.25,0,0.0,0,0.0,0.0,53282.15,53308.4,52783.45,53710.35,0,0.0,0.0,0.0,0.0,-0.01,-1,-1,-0.01,-1,-1,-0.01,-1,-1,-0.01,-1,-1,-0.01,-1,-1,-0.01,-1,-1,-0.01,-1,-1,-0.01,-1,-1,-0.01,-1,-1,-0.01,-1,-1
99926009,2026-05-18 10:41:25+05:30,52929.6,0,0.0,0,0.0,0.0,53282.15,53308.4,52783.45,53710.35,0,0.0,0.0,0.0,0.0,-0.01,-1,-1,-0.01,-1,-1,-0.01,-1,-1,-0.01,-1,-1,-0.01,-1,-1,-0.01,-1,-1,-0.01,-1,-1,-0.01,-1,-1,-0.01,-1,-1,-0.01,-1,-1
99926009,2026-05-18 10:41:25+05:30,52935.8,0,0.0,0,0.0,0.0,53282.15,53308.4,52783.45,53710.35,0,0.0,0.0,0.0,0.0,-0.01,-1,-1,-0.01,-1,-1,-0.01,-1,-1,-0.01,-1,-1,-0.01,-1,-1,-0.01,-1,-1,-0.01,-1,-1,-0.01,-1,-1,-0.01,-1,-1,-0.01,-1,-1
99926009,2026-05-18 10:41:26+05:30,52935.85,0,0.0,0,0.0,0.0,53282.15,53308.4,52783.45,53710.35,0,0.0,0.0,0.0,0.0,-0.01,-1,-1,-0.01,-1,-1,-0.01,-1,-1,-0.01,-1,-1,-0.01,-1,-1,-0.01,-1,-1,-0.01,-1,-1,-0.01,-1,-1,-0.01,-1,-1,-0.01,-1,-1
99926009,2026-05-18 10:41:26+05:30,52934.3,0,0.0,0,0.0,0.0,53282.15,53308.4,52783.45,53710.35,0,0.0,0.0,0.0,0.0,-0.01,-1,-1,-0.01,-1,-1,-0.01,-1,-1,-0.01,-1,-1,-0.01,-1,-1,-0.01,-1,-1,-0.01,-1,-1,-0.01,-1,-1,-0.01,-1,-1,-0.01,-1,-1
99926009,2026-05-18 10:41:27+05:30,52931.0,0,0.0,0,0.0,0.0,53282.15,53308.4,52783.45,53710.35,0,0.0,0.0,0.0,0.0,-0.01,-1,-1,-0.01,-1,-1,-0.01,-1,-1,-0.01,-1,-1,-0.01,-1,-1,-0.01,-1,-1,-0.01,-1,-1,-0.01,-1,-1,-0.01,-1,-1,-0.01,-1,-1
99926009,2026-05-18 10:41:27+05:30,52934.0,0,0.0,0,0.0,0.0,53282.15,53308.4,52783.45,53710.35,0,0.0,0.0,0.0,0.0,-0.01,-1,-1,-0.01,-1,-1,-0.01,-1,-1,-0.01,-1,-1,-0.01,-1,-1,-0.01,-1,-1,-0.01,-1,-1,-0.01,-1,-1,-0.01,-1,-1,-0.01,-1,-1
99926009,2026-05-18 10:41:28+05:30,52935.15,0,0.0,0,0.0,0.0,53282.15,53308.4,52783.45,53710.35,0,0.0,0.0,0.0,0.0,-0.01,-1,-1,-0.01,-1,-1,-0.01,-1,-1,-0.01,-1,-1,-0.01,-1,-1,-0.01,-1,-1,-0.01,-1,-1,-0.01,-1,-1,-0.01,-1,-1,-0.01,-1,-1
99926009,2026-05-18 10:41:28+05:30,52933.75,0,0.0,0,0.0,0.0,53282.15,53308.4,52783.45,53710.35,0,0.0,0.0,0.0,0.0,-0.01,-1,-1,-0.01,-1,-1,-0.01,-1,-1,-0.01,-1,-1,-0.01,-1,-1,-0.01,-1,-1,-0.01,-1,-1,-0.01,-1,-1,-0.01,-1,-1,-0.01,-1,-1
99926009,2026-05-18 10:41:29+05:30,52935.95,0,0.0,0,0.0,0.0,53282.15,53308.4,52783.45,53710.35,0,0.0,0.0,0.0,0.0,-0.01,-1,-1,-0.01,-1,-1,-0.01,-1,-1,-0.01,-1,-1,-0.01,-1,-1,-0.01,-1,-1,-0.01,-1,-1,-0.01,-1,-1,-0.01,-1,-1,-0.01,-1,-1
99926009,2026-05-18 10:41:29+05:30,52937.15,0,0.0,0,0.0,0.0,53282.15,53308.4,52783.45,53710.35,0,0.0,0.0,0.0,0.0,-0.01,-1,-1,-0.01,-1,-1,-0.01,-1,-1,-0.01,-1,-1,-0.01,-1,-1,-0.01,-1,-1,-0.01,-1,-1,-0.01,-1,-1,-0.01,-1,-1,-0.01,-1,-1
99926009,2026-05-18 10:41:30+05:30,52938.1,0,0.0,0,0.0,0.0,53282.15,53308.4,52783.45,53710.35,0,0.0,0.0,0.0,0.0,-0.01,-1,-1,-0.01,-1,-1,-0.01,-1,-1,-0.01,-1,-1,-0.01,-1,-1,-0.01,-1,-1,-0.01,-1,-1,-0.01,-1,-1,-0.01,-1,-1,-0.01,-1,-1
99926009,2026-05-18 10:41:30+05:30,52938.35,0,0.0,0,0.0,0.0,53282.15,53308.4,52783.45,53710.35,0,0.0,0.0,0.0,0.0,-0.01,-1,-1,-0.01,-1,-1,-0.01,-1,-1,-0.01,-1,-1,-0.01,-1,-1,-0.01,-1,-1,-0.01,-1,-1,-0.01,-1,-1,-0.01,-1,-1,-0.01,-1,-1
99926009,2026-05-18 10:41:31+05:30,52937.85,0,0.0,0,0.0,0.0,53282.15,53308.4,52783.45,53710.35,0,0.0,0.0,0.0,0.0,-0.01,-1,-1,-0.01,-1,-1,-0.01,-1,-1,-0.01,-1,-1,-0.01,-1,-1,-0.01,-1,-1,-0.01,-1,-1,-0.01,-1,-1,-0.01,-1,-1,-0.01,-1,-1
99926009,2026-05-18 10:41:31+05:30,52935.35,0,0.0,0,0.0,0.0,53282.15,53308.4,52783.45,53710.35,0,0.0,0.0,0.0,0.0,-0.01,-1,-1,-0.01,-1,-1,-0.01,-1,-1,-0.01,-1,-1,-0.01,-1,-1,-0.01,-1,-1,-0.01,-1,-1,-0.01,-1,-1,-0.01,-1,-1,-0.01,-1,-1
99926009,2026-05-18 10:41:32+05:30,52937.05,0,0.0,0,0.0,0.0,53282.15,53308.4,52783.45,53710.35,0,0.0,0.0,0.0,0.0,-0.01,-1,-1,-0.01,-1,-1,-0.01,-1,-1,-0.01,-1,-1,-0.01,-1,-1,-0.01,-1,-1,-0.01,-1,-1,-0.01,-1,-1,-0.01,-1,-1,-0.01,-1,-1
99926009,2026-05-18 10:41:32+05:30,52935.15,0,0.0,0,0.0,0.0,53282.15,53308.4,52783.45,53710.35,0,0.0,0.0,0.0,0.0,-0.01,-1,-1,-0.01,-1,-1,-0.01,-1,-1,-0.01,-1,-1,-0.01,-1,-1,-0.01,-1,-1,-0.01,-1,-1,-0.01,-1,-1,-0.01,-1,-1,-0.01,-1,-1
99926009,2026-05-18 10:41:33+05:30,52935.5,0,0.0,0,0.0,0.0,53282.15,53308.4,52783.45,53710.35,0,0.0,0.0,0.0,0.0,-0.01,-1,-1,-0.01,-1,-1,-0.01,-1,-1,-0.01,-1,-1,-0.01,-1,-1,-0.01,-1,-1,-0.01,-1,-1,-0.01,-1,-1,-0.01,-1,-1,-0.01,-1,-1
99926009,2026-05-18 10:41:33+05:30,52938.4,0,0.0,0,0.0,0.0,53282.15,53308.4,52783.45,53710.35,0,0.0,0.0,0.0,0.0,-0.01,-1,-1,-0.01,-1,-1,-0.01,-1,-1,-0.01,-1,-1,-0.01,-1,-1,-0.01,-1,-1,-0.01,-1,-1,-0.01,-1,-1,-0.01,-1,-1,-0.01,-1,-1
99926009,2026-05-18 10:41:34+05:30,52937.8,0,0.0,0,0.0,0.0,53282.15,53308.4,52783.45,53710.35,0,0.0,0.0,0.0,0.0,-0.01,-1,-1,-0.01,-1,-1,-0.01,-1,-1,-0.01,-1,-1,-0.01,-1,-1,-0.01,-1,-1,-0.01,-1,-1,-0.01,-1,-1,-0.01,-1,-1,-0.01,-1,-1
99926009,2026-05-18 10:41:34+05:30,52937.9,0,0.0,0,0.0,0.0,53282.15,53308.4,52783.45,53710.35,0,0.0,0.0,0.0,0.0,-0.01,-1,-1,-0.01,-1,-1,-0.01,-1,-1,-0.01,-1,-1,-0.01,-1,-1,-0.01,-1,-1,-0.01,-1,-1,-0.01,-1,-1,-0.01,-1,-1,-0.01,-1,-1
99926009,2026-05-18 10:41:35+05:30,52938.5,0,0.0,0,0.0,0.0,53282.15,53308.4,52783.45,53710.35,0,0.0,0.0,0.0,0.0,-0.01,-1,-1,-0.01,-1,-1,-0.01,-1,-1,-0.01,-1,-1,-0.01,-1,-1,-0.01,-1,-1,-0.01,-1,-1,-0.01,-1,-1,-0.01,-1,-1,-0.01,-1,-1
99926009,2026-05-18 10:41:35+05:30,52935.9,0,0.0,0,0.0,0.0,53282.15,53308.4,52783.45,53710.35,0,0.0,0.0,0.0,0.0,-0.01,-1,-1,-0.01,-1,-1,-0.01,-1,-1,-0.01,-1,-1,-0.01,-1,-1,-0.01,-1,-1,-0.01,-1,-1,-0.01,-1,-1,-0.01,-1,-1,-0.01,-1,-1
99926009,2026-05-18 10:41:36+05:30,52937.65,0,0.0,0,0.0,0.0,53282.15,53308.4,52783.45,53710.35,0,0.0,0.0,0.0,0.0,-0.01,-1,-1,-0.01,-1,-1,-0.01,-1,-1,-0.01,-1,-1,-0.01,-1,-1,-0.01,-1,-1,-0.01,-1,-1,-0.01,-1,-1,-0.01,-1,-1,-0.01,-1,-1
99926009,2026-05-18 10:41:36+05:30,52934.75,0,0.0,0,0.0,0.0,53282.15,53308.4,52783.45,53710.35,0,0.0,0.0,0.0,0.0,-0.01,-1,-1,-0.01,-1,-1,-0.01,-1,-1,-0.01,-1,-1,-0.01,-1,-1,-0.01,-1,-1,-0.01,-1,-1,-0.01,-1,-1,-0.01,-1,-1,-0.01,-1,-1
99926009,2026-05-18 10:41:37+05:30,52935.55,0,0.0,0,0.0,0.0,53282.15,53308.4,52783.45,53710.35,0,0.0,0.0,0.0,0.0,-0.01,-1,-1,-0.01,-1,-1,-0.01,-1,-1,-0.01,-1,-1,-0.01,-1,-1,-0.01,-1,-1,-0.01,-1,-1,-0.01,-1,-1,-0.01,-1,-1,-0.01,-1,-1
99926009,2026-05-18 10:41:37+05:30,52936.1,0,0.0,0,0.0,0.0,53282.15,53308.4,52783.45,53710.35,0,0.0,0.0,0.0,0.0,-0.01,-1,-1,-0.01,-1,-1,-0.01,-1,-1,-0.01,-1,-1,-0.01,-1,-1,-0.01,-1,-1,-0.01,-1,-1,-0.01,-1,-1,-0.01,-1,-1,-0.01,-1,-1
99926009,2026-05-18 10:41:38+05:30,52935.45,0,0.0,0,0.0,0.0,53282.15,53308.4,52783.45,53710.35,0,0.0,0.0,0.0,0.0,-0.01,-1,-1,-0.01,-1,-1,-0.01,-1,-1,-0.01,-1,-1,-0.01,-1,-1,-0.01,-1,-1,-0.01,-1,-1,-0.01,-1,-1,-0.01,-1,-1,-0.01,-1,-1
99926009,2026-05-18 10:41:38+05:30,52933.55,0,0.0,0,0.0,0.0,53282.15,53308.4,52783.45,53710.35,0,0.0,0.0,0.0,0.0,-0.01,-1,-1,-0.01,-1,-1,-0.01,-1,-1,-0.01,-1,-1,-0.01,-1,-1,-0.01,-1,-1,-0.01,-1,-1,-0.01,-1,-1,-0.01,-1,-1,-0.01,-1,-1
99926009,2026-05-18 10:41:39+05:30,52933.3,0,0.0,0,0.0,0.0,53282.15,53308.4,52783.45,53710.35,0,0.0,0.0,0.0,0.0,-0.01,-1,-1,-0.01,-1,-1,-0.01,-1,-1,-0.01,-1,-1,-0.01,-1,-1,-0.01,-1,-1,-0.01,-1,-1,-0.01,-1,-1,-0.01,-1,-1,-0.01,-1,-1
99926009,2026-05-18 10:41:39+05:30,52935.7,0,0.0,0,0.0,0.0,53282.15,53308.4,52783.45,53710.35,0,0.0,0.0,0.0,0.0,-0.01,-1,-1,-0.01,-1,-1,-0.01,-1,-1,-0.01,-1,-1,-0.01,-1,-1,-0.01,-1,-1,-0.01,-1,-1,-0.01,-1,-1,-0.01,-1,-1,-0.01,-1,-1
99926009,2026-05-18 10:41:40+05:30,52936.3,0,0.0,0,0.0,0.0,53282.15,53308.4,52783.45,53710.35,0,0.0,0.0,0.0,0.0,-0.01,-1,-1,-0.01,-1,-1,-0.01,-1,-1,-0.01,-1,-1,-0.01,-1,-1,-0.01,-1,-1,-0.01,-1,-1,-0.01,-1,-1,-0.01,-1,-1,-0.01,-1,-1
99926009,2026-05-18 10:41:40+05:30,52931.95,0,0.0,0,0.0,0.0,53282.15,53308.4,52783.45,53710.35,0,0.0,0.0,0.0,0.0,-0.01,-1,-1,-0.01,-1,-1,-0.01,-1,-1,-0.01,-1,-1,-0.01,-1,-1,-0.01,-1,-1,-0.01,-1,-1,-0.01,-1,-1,-0.01,-1,-1,-0.01,-1,-1
99926009,2026-05-18 10:41:41+05:30,52935.55,0,0.0,0,0.0,0.0,53282.15,53308.4,52783.45,53710.35,0,0.0,0.0,0.0,0.0,-0.01,-1,-1,-0.01,-1,-1,-0.01,-1,-1,-0.01,-1,-1,-0.01,-1,-1,-0.01,-1,-1,-0.01,-1,-1,-0.01,-1,-1,-0.01,-1,-1,-0.01,-1,-1
99926009,2026-05-18 10:41:41+05:30,52936.75,0,0.0,0,0.0,0.0,53282.15,53308.4,52783.45,53710.35,0,0.0,0.0,0.0,0.0,-0.01,-1,-1,-0.01,-1,-1,-0.01,-1,-1,-0.01,-1,-1,-0.01,-1,-1,-0.01,-1,-1,-0.01,-1,-1,-0.01,-1,-1,-0.01,-1,-1,-0.01,-1,-1
99926009,2026-05-18 10:41:42+05:30,52935.0,0,0.0,0,0.0,0.0,53282.15,53308.4,52783.45,53710.35,0,0.0,0.0,0.0,0.0,-0.01,-1,-1,-0.01,-1,-1,-0.01,-1,-1,-0.01,-1,-1,-0.01,-1,-1,-0.01,-1,-1,-0.01,-1,-1,-0.01,-1,-1,-0.01,-1,-1,-0.01,-1,-1
99926009,2026-05-18 10:41:42+05:30,52934.35,0,0.0,0,0.0,0.0,53282.15,53308.4,52783.45,53710.35,0,0.0,0.0,0.0,0.0,-0.01,-1,-1,-0.01,-1,-1,-0.01,-1,-1,-0.01,-1,-1,-0.01,-1,-1,-0.01,-1,-1,-0.01,-1,-1,-0.01,-1,-1,-0.01,-1,-1,-0.01,-1,-1
99926009,2026-05-18 10:41:43+05:30,52932.85,0,0.0,0,0.0,0.0,53282.15,53308.4,52783.45,53710.35,0,0.0,0.0,0.0,0.0,-0.01,-1,-1,-0.01,-1,-1,-0.01,-1,-1,-0.01,-1,-1,-0.01,-1,-1,-0.01,-1,-1,-0.01,-1,-1,-0.01,-1,-1,-0.01,-1,-1,-0.01,-1,-1
99926009,2026-05-18 10:41:43+05:30,52930.75,0,0.0,0,0.0,0.0,53282.15,53308.4,52783.45,53710.35,0,0.0,0.0,0.0,0.0,-0.01,-1,-1,-0.01,-1,-1,-0.01,-1,-1,-0.01,-1,-1,-0.01,-1,-1,-0.01,-1,-1,-0.01,-1,-1,-0.01,-1,-1,-0.01,-1,-1,-0.01,-1,-1
99926009,2026-05-18 10:41:44+05:30,52929.5,0,0.0,0,0.0,0.0,53282.15,53308.4,52783.45,53710.35,0,0.0,0.0,0.0,0.0,-0.01,-1,-1,-0.01,-1,-1,-0.01,-1,-1,-0.01,-1,-1,-0.01,-1,-1,-0.01,-1,-1,-0.01,-1,-1,-0.01,-1,-1,-0.01,-1,-1,-0.01,-1,-1
99926009,2026-05-18 10:41:44+05:30,52927.85,0,0.0,0,0.0,0.0,53282.15,53308.4,52783.45,53710.35,0,0.0,0.0,0.0,0.0,-0.01,-1,-1,-0.01,-1,-1,-0.01,-1,-1,-0.01,-1,-1,-0.01,-1,-1,-0.01,-1,-1,-0.01,-1,-1,-0.01,-1,-1,-0.01,-1,-1,-0.01,-1,-1
99926009,2026-05-18 10:41:45+05:30,52930.65,0,0.0,0,0.0,0.0,53282.15,53308.4,52783.45,53710.35,0,0.0,0.0,0.0,0.0,-0.01,-1,-1,-0.01,-1,-1,-0.01,-1,-1,-0.01,-1,-1,-0.01,-1,-1,-0.01,-1,-1,-0.01,-1,-1,-0.01,-1,-1,-0.01,-1,-1,-0.01,-1,-1
99926009,2026-05-18 10:41:45+05:30,52932.0,0,0.0,0,0.0,0.0,53282.15,53308.4,52783.45,53710.35,0,0.0,0.0,0.0,0.0,-0.01,-1,-1,-0.01,-1,-1,-0.01,-1,-1,-0.01,-1,-1,-0.01,-1,-1,-0.01,-1,-1,-0.01,-1,-1,-0.01,-1,-1,-0.01,-1,-1,-0.01,-1,-1
99926009,2026-05-18 10:41:46+05:30,52930.85,0,0.0,0,0.0,0.0,53282.15,53308.4,52783.45,53710.35,0,0.0,0.0,0.0,0.0,-0.01,-1,-1,-0.01,-1,-1,-0.01,-1,-1,-0.01,-1,-1,-0.01,-1,-1,-0.01,-1,-1,-0.01,-1,-1,-0.01,-1,-1,-0.01,-1,-1,-0.01,-1,-1
99926009,2026-05-18 10:41:46+05:30,52929.95,0,0.0,0,0.0,0.0,53282.15,53308.4,52783.45,53710.35,0,0.0,0.0,0.0,0.0,-0.01,-1,-1,-0.01,-1,-1,-0.01,-1,-1,-0.01,-1,-1,-0.01,-1,-1,-0.01,-1,-1,-0.01,-1,-1,-0.01,-1,-1,-0.01,-1,-1,-0.01,-1,-1
99926009,2026-05-18 10:41:47+05:30,52930.4,0,0.0,0,0.0,0.0,53282.15,53308.4,52783.45,53710.35,0,0.0,0.0,0.0,0.0,-0.01,-1,-1,-0.01,-1,-1,-0.01,-1,-1,-0.01,-1,-1,-0.01,-1,-1,-0.01,-1,-1,-0.01,-1,-1,-0.01,-1,-1,-0.01,-1,-1,-0.01,-1,-1
99926009,2026-05-18 10:41:47+05:30,52929.65,0,0.0,0,0.0,0.0,53282.15,53308.4,52783.45,53710.35,0,0.0,0.0,0.0,0.0,-0.01,-1,-1,-0.01,-1,-1,-0.01,-1,-1,-0.01,-1,-1,-0.01,-1,-1,-0.01,-1,-1,-0.01,-1,-1,-0.01,-1,-1,-0.01,-1,-1,-0.01,-1,-1
99926009,2026-05-18 10:41:48+05:30,52929.85,0,0.0,0,0.0,0.0,53282.15,53308.4,52783.45,53710.35,0,0.0,0.0,0.0,0.0,-0.01,-1,-1,-0.01,-1,-1,-0.01,-1,-1,-0.01,-1,-1,-0.01,-1,-1,-0.01,-1,-1,-0.01,-1,-1,-0.01,-1,-1,-0.01,-1,-1,-0.01,-1,-1
99926009,2026-05-18 10:41:48+05:30,52929.45,0,0.0,0,0.0,0.0,53282.15,53308.4,52783.45,53710.35,0,0.0,0.0,0.0,0.0,-0.01,-1,-1,-0.01,-1,-1,-0.01,-1,-1,-0.01,-1,-1,-0.01,-1,-1,-0.01,-1,-1,-0.01,-1,-1,-0.01,-1,-1,-0.01,-1,-1,-0.01,-1,-1
99926009,2026-05-18 10:41:49+05:30,52926.35,0,0.0,0,0.0,0.0,53282.15,53308.4,52783.45,53710.35,0,0.0,0.0,0.0,0.0,-0.01,-1,-1,-0.01,-1,-1,-0.01,-1,-1,-0.01,-1,-1,-0.01,-1,-1,-0.01,-1,-1,-0.01,-1,-1,-0.01,-1,-1,-0.01,-1,-1,-0.01,-1,-1
99926009,2026-05-18 10:41:49+05:30,52929.7,0,0.0,0,0.0,0.0,53282.15,53308.4,52783.45,53710.35,0,0.0,0.0,0.0,0.0,-0.01,-1,-1,-0.01,-1,-1,-0.01,-1,-1,-0.01,-1,-1,-0.01,-1,-1,-0.01,-1,-1,-0.01,-1,-1,-0.01,-1,-1,-0.01,-1,-1,-0.01,-1,-1
99926009,2026-05-18 10:41:50+05:30,52929.05,0,0.0,0,0.0,0.0,53282.15,53308.4,52783.45,53710.35,0,0.0,0.0,0.0,0.0,-0.01,-1,-1,-0.01,-1,-1,-0.01,-1,-1,-0.01,-1,-1,-0.01,-1,-1,-0.01,-1,-1,-0.01,-1,-1,-0.01,-1,-1,-0.01,-1,-1,-0.01,-1,-1
99926009,2026-05-18 10:41:50+05:30,52929.8,0,0.0,0,0.0,0.0,53282.15,53308.4,52783.45,53710.35,0,0.0,0.0,0.0,0.0,-0.01,-1,-1,-0.01,-1,-1,-0.01,-1,-1,-0.01,-1,-1,-0.01,-1,-1,-0.01,-1,-1,-0.01,-1,-1,-0.01,-1,-1,-0.01,-1,-1,-0.01,-1,-1
99926009,2026-05-18 10:41:51+05:30,52929.4,0,0.0,0,0.0,0.0,53282.15,53308.4,52783.45,53710.35,0,0.0,0.0,0.0,0.0,-0.01,-1,-1,-0.01,-1,-1,-0.01,-1,-1,-0.01,-1,-1,-0.01,-1,-1,-0.01,-1,-1,-0.01,-1,-1,-0.01,-1,-1,-0.01,-1,-1,-0.01,-1,-1
99926009,2026-05-18 10:41:51+05:30,52930.15,0,0.0,0,0.0,0.0,53282.15,53308.4,52783.45,53710.35,0,0.0,0.0,0.0,0.0,-0.01,-1,-1,-0.01,-1,-1,-0.01,-1,-1,-0.01,-1,-1,-0.01,-1,-1,-0.01,-1,-1,-0.01,-1,-1,-0.01,-1,-1,-0.01,-1,-1,-0.01,-1,-1
99926009,2026-05-18 10:41:52+05:30,52930.6,0,0.0,0,0.0,0.0,53282.15,53308.4,52783.45,53710.35,0,0.0,0.0,0.0,0.0,-0.01,-1,-1,-0.01,-1,-1,-0.01,-1,-1,-0.01,-1,-1,-0.01,-1,-1,-0.01,-1,-1,-0.01,-1,-1,-0.01,-1,-1,-0.01,-1,-1,-0.01,-1,-1
99926009,2026-05-18 10:41:52+05:30,52929.65,0,0.0,0,0.0,0.0,53282.15,53308.4,52783.45,53710.35,0,0.0,0.0,0.0,0.0,-0.01,-1,-1,-0.01,-1,-1,-0.01,-1,-1,-0.01,-1,-1,-0.01,-1,-1,-0.01,-1,-1,-0.01,-1,-1,-0.01,-1,-1,-0.01,-1,-1,-0.01,-1,-1
99926009,2026-05-18 10:41:53+05:30,52922.85,0,0.0,0,0.0,0.0,53282.15,53308.4,52783.45,53710.35,0,0.0,0.0,0.0,0.0,-0.01,-1,-1,-0.01,-1,-1,-0.01,-1,-1,-0.01,-1,-1,-0.01,-1,-1,-0.01,-1,-1,-0.01,-1,-1,-0.01,-1,-1,-0.01,-1,-1,-0.01,-1,-1
99926009,2026-05-18 10:41:53+05:30,52923.75,0,0.0,0,0.0,0.0,53282.15,53308.4,52783.45,53710.35,0,0.0,0.0,0.0,0.0,-0.01,-1,-1,-0.01,-1,-1,-0.01,-1,-1,-0.01,-1,-1,-0.01,-1,-1,-0.01,-1,-1,-0.01,-1,-1,-0.01,-1,-1,-0.01,-1,-1,-0.01,-1,-1
99926009,2026-05-18 10:41:54+05:30,52922.3,0,0.0,0,0.0,0.0,53282.15,53308.4,52783.45,53710.35,0,0.0,0.0,0.0,0.0,-0.01,-1,-1,-0.01,-1,-1,-0.01,-1,-1,-0.01,-1,-1,-0.01,-1,-1,-0.01,-1,-1,-0.01,-1,-1,-0.01,-1,-1,-0.01,-1,-1,-0.01,-1,-1
99926009,2026-05-18 10:41:54+05:30,52923.95,0,0.0,0,0.0,0.0,53282.15,53308.4,52783.45,53710.35,0,0.0,0.0,0.0,0.0,-0.01,-1,-1,-0.01,-1,-1,-0.01,-1,-1,-0.01,-1,-1,-0.01,-1,-1,-0.01,-1,-1,-0.01,-1,-1,-0.01,-1,-1,-0.01,-1,-1,-0.01,-1,-1
99926009,2026-05-18 10:41:55+05:30,52921.45,0,0.0,0,0.0,0.0,53282.15,53308.4,52783.45,53710.35,0,0.0,0.0,0.0,0.0,-0.01,-1,-1,-0.01,-1,-1,-0.01,-1,-1,-0.01,-1,-1,-0.01,-1,-1,-0.01,-1,-1,-0.01,-1,-1,-0.01,-1,-1,-0.01,-1,-1,-0.01,-1,-1
99926009,2026-05-18 10:41:55+05:30,52922.9,0,0.0,0,0.0,0.0,53282.15,53308.4,52783.45,53710.35,0,0.0,0.0,0.0,0.0,-0.01,-1,-1,-0.01,-1,-1,-0.01,-1,-1,-0.01,-1,-1,-0.01,-1,-1,-0.01,-1,-1,-0.01,-1,-1,-0.01,-1,-1,-0.01,-1,-1,-0.01,-1,-1
99926009,2026-05-18 10:41:56+05:30,52925.65,0,0.0,0,0.0,0.0,53282.15,53308.4,52783.45,53710.35,0,0.0,0.0,0.0,0.0,-0.01,-1,-1,-0.01,-1,-1,-0.01,-1,-1,-0.01,-1,-1,-0.01,-1,-1,-0.01,-1,-1,-0.01,-1,-1,-0.01,-1,-1,-0.01,-1,-1,-0.01,-1,-1
99926009,2026-05-18 10:41:56+05:30,52921.7,0,0.0,0,0.0,0.0,53282.15,53308.4,52783.45,53710.35,0,0.0,0.0,0.0,0.0,-0.01,-1,-1,-0.01,-1,-1,-0.01,-1,-1,-0.01,-1,-1,-0.01,-1,-1,-0.01,-1,-1,-0.01,-1,-1,-0.01,-1,-1,-0.01,-1,-1,-0.01,-1,-1
99926009,2026-05-18 10:41:57+05:30,52926.05,0,0.0,0,0.0,0.0,53282.15,53308.4,52783.45,53710.35,0,0.0,0.0,0.0,0.0,-0.01,-1,-1,-0.01,-1,-1,-0.01,-1,-1,-0.01,-1,-1,-0.01,-1,-1,-0.01,-1,-1,-0.01,-1,-1,-0.01,-1,-1,-0.01,-1,-1,-0.01,-1,-1
99926009,2026-05-18 10:41:57+05:30,52924.15,0,0.0,0,0.0,0.0,53282.15,53308.4,52783.45,53710.35,0,0.0,0.0,0.0,0.0,-0.01,-1,-1,-0.01,-1,-1,-0.01,-1,-1,-0.01,-1,-1,-0.01,-1,-1,-0.01,-1,-1,-0.01,-1,-1,-0.01,-1,-1,-0.01,-1,-1,-0.01,-1,-1
99926009,2026-05-18 10:41:58+05:30,52923.9,0,0.0,0,0.0,0.0,53282.15,53308.4,52783.45,53710.35,0,0.0,0.0,0.0,0.0,-0.01,-1,-1,-0.01,-1,-1,-0.01,-1,-1,-0.01,-1,-1,-0.01,-1,-1,-0.01,-1,-1,-0.01,-1,-1,-0.01,-1,-1,-0.01,-1,-1,-0.01,-1,-1
99926009,2026-05-18 10:41:58+05:30,52925.6,0,0.0,0,0.0,0.0,53282.15,53308.4,52783.45,53710.35,0,0.0,0.0,0.0,0.0,-0.01,-1,-1,-0.01,-1,-1,-0.01,-1,-1,-0.01,-1,-1,-0.01,-1,-1,-0.01,-1,-1,-0.01,-1,-1,-0.01,-1,-1,-0.01,-1,-1,-0.01,-1,-1
99926009,2026-05-18 10:41:59+05:30,52924.05,0,0.0,0,0.0,0.0,53282.15,53308.4,52783.45,53710.35,0,0.0,0.0,0.0,0.0,-0.01,-1,-1,-0.01,-1,-1,-0.01,-1,-1,-0.01,-1,-1,-0.01,-1,-1,-0.01,-1,-1,-0.01,-1,-1,-0.01,-1,-1,-0.01,-1,-1,-0.01,-1,-1
99926009,2026-05-18 10:41:59+05:30,52924.8,0,0.0,0,0.0,0.0,53282.15,53308.4,52783.45,53710.35,0,0.0,0.0,0.0,0.0,-0.01,-1,-1,-0.01,-1,-1,-0.01,-1,-1,-0.01,-1,-1,-0.01,-1,-1,-0.01,-1,-1,-0.01,-1,-1,-0.01,-1,-1,-0.01,-1,-1,-0.01,-1,-1
99926009,2026-05-18 10:42:00+05:30,52926.2,0,0.0,0,0.0,0.0,53282.15,53308.4,52783.45,53710.35,0,0.0,0.0,0.0,0.0,-0.01,-1,-1,-0.01,-1,-1,-0.01,-1,-1,-0.01,-1,-1,-0.01,-1,-1,-0.01,-1,-1,-0.01,-1,-1,-0.01,-1,-1,-0.01,-1,-1,-0.01,-1,-1
99926009,2026-05-18 10:42:00+05:30,52926.95,0,0.0,0,0.0,0.0,53282.15,53308.4,52783.45,53710.35,0,0.0,0.0,0.0,0.0,-0.01,-1,-1,-0.01,-1,-1,-0.01,-1,-1,-0.01,-1,-1,-0.01,-1,-1,-0.01,-1,-1,-0.01,-1,-1,-0.01,-1,-1,-0.01,-1,-1,-0.01,-1,-1
99926009,2026-05-18 10:42:01+05:30,52923.7,0,0.0,0,0.0,0.0,53282.15,53308.4,52783.45,53710.35,0,0.0,0.0,0.0,0.0,-0.01,-1,-1,-0.01,-1,-1,-0.01,-1,-1,-0.01,-1,-1,-0.01,-1,-1,-0.01,-1,-1,-0.01,-1,-1,-0.01,-1,-1,-0.01,-1,-1,-0.01,-1,-1
99926009,2026-05-18 10:42:01+05:30,52923.95,0,0.0,0,0.0,0.0,53282.15,53308.4,52783.45,53710.35,0,0.0,0.0,0.0,0.0,-0.01,-1,-1,-0.01,-1,-1,-0.01,-1,-1,-0.01,-1,-1,-0.01,-1,-1,-0.01,-1,-1,-0.01,-1,-1,-0.01,-1,-1,-0.01,-1,-1,-0.01,-1,-1
99926009,2026-05-18 10:42:02+05:30,52923.25,0,0.0,0,0.0,0.0,53282.15,53308.4,52783.45,53710.35,0,0.0,0.0,0.0,0.0,-0.01,-1,-1,-0.01,-1,-1,-0.01,-1,-1,-0.01,-1,-1,-0.01,-1,-1,-0.01,-1,-1,-0.01,-1,-1,-0.01,-1,-1,-0.01,-1,-1,-0.01,-1,-1
99926009,2026-05-18 10:42:02+05:30,52924.2,0,0.0,0,0.0,0.0,53282.15,53308.4,52783.45,53710.35,0,0.0,0.0,0.0,0.0,-0.01,-1,-1,-0.01,-1,-1,-0.01,-1,-1,-0.01,-1,-1,-0.01,-1,-1,-0.01,-1,-1,-0.01,-1,-1,-0.01,-1,-1,-0.01,-1,-1,-0.01,-1,-1
99926009,2026-05-18 10:42:03+05:30,52922.7,0,0.0,0,0.0,0.0,53282.15,53308.4,52783.45,53710.35,0,0.0,0.0,0.0,0.0,-0.01,-1,-1,-0.01,-1,-1,-0.01,-1,-1,-0.01,-1,-1,-0.01,-1,-1,-0.01,-1,-1,-0.01,-1,-1,-0.01,-1,-1,-0.01,-1,-1,-0.01,-1,-1
99926009,2026-05-18 10:42:03+05:30,52922.2,0,0.0,0,0.0,0.0,53282.15,53308.4,52783.45,53710.35,0,0.0,0.0,0.0,0.0,-0.01,-1,-1,-0.01,-1,-1,-0.01,-1,-1,-0.01,-1,-1,-0.01,-1,-1,-0.01,-1,-1,-0.01,-1,-1,-0.01,-1,-1,-0.01,-1,-1,-0.01,-1,-1
99926009,2026-05-18 10:42:04+05:30,52920.9,0,0.0,0,0.0,0.0,53282.15,53308.4,52783.45,53710.35,0,0.0,0.0,0.0,0.0,-0.01,-1,-1,-0.01,-1,-1,-0.01,-1,-1,-0.01,-1,-1,-0.01,-1,-1,-0.01,-1,-1,-0.01,-1,-1,-0.01,-1,-1,-0.01,-1,-1,-0.01,-1,-1
99926009,2026-05-18 10:42:04+05:30,52920.45,0,0.0,0,0.0,0.0,53282.15,53308.4,52783.45,53710.35,0,0.0,0.0,0.0,0.0,-0.01,-1,-1,-0.01,-1,-1,-0.01,-1,-1,-0.01,-1,-1,-0.01,-1,-1,-0.01,-1,-1,-0.01,-1,-1,-0.01,-1,-1,-0.01,-1,-1,-0.01,-1,-1
99926009,2026-05-18 10:42:05+05:30,52921.35,0,0.0,0,0.0,0.0,53282.15,53308.4,52783.45,53710.35,0,0.0,0.0,0.0,0.0,-0.01,-1,-1,-0.01,-1,-1,-0.01,-1,-1,-0.01,-1,-1,-0.01,-1,-1,-0.01,-1,-1,-0.01,-1,-1,-0.01,-1,-1,-0.01,-1,-1,-0.01,-1,-1
99926009,2026-05-18 10:42:05+05:30,52923.45,0,0.0,0,0.0,0.0,53282.15,53308.4,52783.45,53710.35,0,0.0,0.0,0.0,0.0,-0.01,-1,-1,-0.01,-1,-1,-0.01,-1,-1,-0.01,-1,-1,-0.01,-1,-1,-0.01,-1,-1,-0.01,-1,-1,-0.01,-1,-1,-0.01,-1,-1,-0.01,-1,-1
99926009,2026-05-18 10:42:06+05:30,52924.55,0,0.0,0,0.0,0.0,53282.15,53308.4,52783.45,53710.35,0,0.0,0.0,0.0,0.0,-0.01,-1,-1,-0.01,-1,-1,-0.01,-1,-1,-0.01,-1,-1,-0.01,-1,-1,-0.01,-1,-1,-0.01,-1,-1,-0.01,-1,-1,-0.01,-1,-1,-0.01,-1,-1
99926009,2026-05-18 10:42:06+05:30,52922.05,0,0.0,0,0.0,0.0,53282.15,53308.4,52783.45,53710.35,0,0.0,0.0,0.0,0.0,-0.01,-1,-1,-0.01,-1,-1,-0.01,-1,-1,-0.01,-1,-1,-0.01,-1,-1,-0.01,-1,-1,-0.01,-1,-1,-0.01,-1,-1,-0.01,-1,-1,-0.01,-1,-1
99926009,2026-05-18 10:42:07+05:30,52921.5,0,0.0,0,0.0,0.0,53282.15,53308.4,52783.45,53710.35,0,0.0,0.0,0.0,0.0,-0.01,-1,-1,-0.01,-1,-1,-0.01,-1,-1,-0.01,-1,-1,-0.01,-1,-1,-0.01,-1,-1,-0.01,-1,-1,-0.01,-1,-1,-0.01,-1,-1,-0.01,-1,-1
99926009,2026-05-18 10:42:07+05:30,52919.8,0,0.0,0,0.0,0.0,53282.15,53308.4,52783.45,53710.35,0,0.0,0.0,0.0,0.0,-0.01,-1,-1,-0.01,-1,-1,-0.01,-1,-1,-0.01,-1,-1,-0.01,-1,-1,-0.01,-1,-1,-0.01,-1,-1,-0.01,-1,-1,-0.01,-1,-1,-0.01,-1,-1
99926009,2026-05-18 10:42:08+05:30,52920.45,0,0.0,0,0.0,0.0,53282.15,53308.4,52783.45,53710.35,0,0.0,0.0,0.0,0.0,-0.01,-1,-1,-0.01,-1,-1,-0.01,-1,-1,-0.01,-1,-1,-0.01,-1,-1,-0.01,-1,-1,-0.01,-1,-1,-0.01,-1,-1,-0.01,-1,-1,-0.01,-1,-1
99926009,2026-05-18 10:42:08+05:30,52921.0,0,0.0,0,0.0,0.0,53282.15,53308.4,52783.45,53710.35,0,0.0,0.0,0.0,0.0,-0.01,-1,-1,-0.01,-1,-1,-0.01,-1,-1,-0.01,-1,-1,-0.01,-1,-1,-0.01,-1,-1,-0.01,-1,-1,-0.01,-1,-1,-0.01,-1,-1,-0.01,-1,-1
99926009,2026-05-18 10:42:09+05:30,52921.4,0,0.0,0,0.0,0.0,53282.15,53308.4,52783.45,53710.35,0,0.0,0.0,0.0,0.0,-0.01,-1,-1,-0.01,-1,-1,-0.01,-1,-1,-0.01,-1,-1,-0.01,-1,-1,-0.01,-1,-1,-0.01,-1,-1,-0.01,-1,-1,-0.01,-1,-1,-0.01,-1,-1
99926009,2026-05-18 10:42:09+05:30,52922.8,0,0.0,0,0.0,0.0,53282.15,53308.4,52783.45,53710.35,0,0.0,0.0,0.0,0.0,-0.01,-1,-1,-0.01,-1,-1,-0.01,-1,-1,-0.01,-1,-1,-0.01,-1,-1,-0.01,-1,-1,-0.01,-1,-1,-0.01,-1,-1,-0.01,-1,-1,-0.01,-1,-1
99926009,2026-05-18 10:42:10+05:30,52916.1,0,0.0,0,0.0,0.0,53282.15,53308.4,52783.45,53710.35,0,0.0,0.0,0.0,0.0,-0.01,-1,-1,-0.01,-1,-1,-0.01,-1,-1,-0.01,-1,-1,-0.01,-1,-1,-0.01,-1,-1,-0.01,-1,-1,-0.01,-1,-1,-0.01,-1,-1,-0.01,-1,-1
99926009,2026-05-18 10:42:10+05:30,52917.9,0,0.0,0,0.0,0.0,53282.15,53308.4,52783.45,53710.35,0,0.0,0.0,0.0,0.0,-0.01,-1,-1,-0.01,-1,-1,-0.01,-1,-1,-0.01,-1,-1,-0.01,-1,-1,-0.01,-1,-1,-0.01,-1,-1,-0.01,-1,-1,-0.01,-1,-1,-0.01,-1,-1
99926009,2026-05-18 10:42:11+05:30,52920.05,0,0.0,0,0.0,0.0,53282.15,53308.4,52783.45,53710.35,0,0.0,0.0,0.0,0.0,-0.01,-1,-1,-0.01,-1,-1,-0.01,-1,-1,-0.01,-1,-1,-0.01,-1,-1,-0.01,-1,-1,-0.01,-1,-1,-0.01,-1,-1,-0.01,-1,-1,-0.01,-1,-1
99926009,2026-05-18 10:42:11+05:30,52918.4,0,0.0,0,0.0,0.0,53282.15,53308.4,52783.45,53710.35,0,0.0,0.0,0.0,0.0,-0.01,-1,-1,-0.01,-1,-1,-0.01,-1,-1,-0.01,-1,-1,-0.01,-1,-1,-0.01,-1,-1,-0.01,-1,-1,-0.01,-1,-1,-0.01,-1,-1,-0.01,-1,-1
99926009,2026-05-18 10:42:12+05:30,52918.05,0,0.0,0,0.0,0.0,53282.15,53308.4,52783.45,53710.35,0,0.0,0.0,0.0,0.0,-0.01,-1,-1,-0.01,-1,-1,-0.01,-1,-1,-0.01,-1,-1,-0.01,-1,-1,-0.01,-1,-1,-0.01,-1,-1,-0.01,-1,-1,-0.01,-1,-1,-0.01,-1,-1
99926009,2026-05-18 10:42:12+05:30,52916.6,0,0.0,0,0.0,0.0,53282.15,53308.4,52783.45,53710.35,0,0.0,0.0,0.0,0.0,-0.01,-1,-1,-0.01,-1,-1,-0.01,-1,-1,-0.01,-1,-1,-0.01,-1,-1,-0.01,-1,-1,-0.01,-1,-1,-0.01,-1,-1,-0.01,-1,-1,-0.01,-1,-1
99926009,2026-05-18 10:42:13+05:30,52915.65,0,0.0,0,0.0,0.0,53282.15,53308.4,52783.45,53710.35,0,0.0,0.0,0.0,0.0,-0.01,-1,-1,-0.01,-1,-1,-0.01,-1,-1,-0.01,-1,-1,-0.01,-1,-1,-0.01,-1,-1,-0.01,-1,-1,-0.01,-1,-1,-0.01,-1,-1,-0.01,-1,-1
99926009,2026-05-18 10:42:13+05:30,52915.15,0,0.0,0,0.0,0.0,53282.15,53308.4,52783.45,53710.35,0,0.0,0.0,0.0,0.0,-0.01,-1,-1,-0.01,-1,-1,-0.01,-1,-1,-0.01,-1,-1,-0.01,-1,-1,-0.01,-1,-1,-0.01,-1,-1,-0.01,-1,-1,-0.01,-1,-1,-0.01,-1,-1
99926009,2026-05-18 10:42:14+05:30,52914.95,0,0.0,0,0.0,0.0,53282.15,53308.4,52783.45,53710.35,0,0.0,0.0,0.0,0.0,-0.01,-1,-1,-0.01,-1,-1,-0.01,-1,-1,-0.01,-1,-1,-0.01,-1,-1,-0.01,-1,-1,-0.01,-1,-1,-0.01,-1,-1,-0.01,-1,-1,-0.01,-1,-1
99926009,2026-05-18 10:42:14+05:30,52913.9,0,0.0,0,0.0,0.0,53282.15,53308.4,52783.45,53710.35,0,0.0,0.0,0.0,0.0,-0.01,-1,-1,-0.01,-1,-1,-0.01,-1,-1,-0.01,-1,-1,-0.01,-1,-1,-0.01,-1,-1,-0.01,-1,-1,-0.01,-1,-1,-0.01,-1,-1,-0.01,-1,-1
99926009,2026-05-18 10:42:15+05:30,52915.8,0,0.0,0,0.0,0.0,53282.15,53308.4,52783.45,53710.35,0,0.0,0.0,0.0,0.0,-0.01,-1,-1,-0.01,-1,-1,-0.01,-1,-1,-0.01,-1,-1,-0.01,-1,-1,-0.01,-1,-1,-0.01,-1,-1,-0.01,-1,-1,-0.01,-1,-1,-0.01,-1,-1
99926009,2026-05-18 10:42:15+05:30,52915.65,0,0.0,0,0.0,0.0,53282.15,53308.4,52783.45,53710.35,0,0.0,0.0,0.0,0.0,-0.01,-1,-1,-0.01,-1,-1,-0.01,-1,-1,-0.01,-1,-1,-0.01,-1,-1,-0.01,-1,-1,-0.01,-1,-1,-0.01,-1,-1,-0.01,-1,-1,-0.01,-1,-1
99926009,2026-05-18 10:42:16+05:30,52914.6,0,0.0,0,0.0,0.0,53282.15,53308.4,52783.45,53710.35,0,0.0,0.0,0.0,0.0,-0.01,-1,-1,-0.01,-1,-1,-0.01,-1,-1,-0.01,-1,-1,-0.01,-1,-1,-0.01,-1,-1,-0.01,-1,-1,-0.01,-1,-1,-0.01,-1,-1,-0.01,-1,-1
99926009,2026-05-18 10:42:16+05:30,52912.5,0,0.0,0,0.0,0.0,53282.15,53308.4,52783.45,53710.35,0,0.0,0.0,0.0,0.0,-0.01,-1,-1,-0.01,-1,-1,-0.01,-1,-1,-0.01,-1,-1,-0.01,-1,-1,-0.01,-1,-1,-0.01,-1,-1,-0.01,-1,-1,-0.01,-1,-1,-0.01,-1,-1
99926009,2026-05-18 10:42:17+05:30,52911.05,0,0.0,0,0.0,0.0,53282.15,53308.4,52783.45,53710.35,0,0.0,0.0,0.0,0.0,-0.01,-1,-1,-0.01,-1,-1,-0.01,-1,-1,-0.01,-1,-1,-0.01,-1,-1,-0.01,-1,-1,-0.01,-1,-1,-0.01,-1,-1,-0.01,-1,-1,-0.01,-1,-1
99926009,2026-05-18 10:42:17+05:30,52913.15,0,0.0,0,0.0,0.0,53282.15,53308.4,52783.45,53710.35,0,0.0,0.0,0.0,0.0,-0.01,-1,-1,-0.01,-1,-1,-0.01,-1,-1,-0.01,-1,-1,-0.01,-1,-1,-0.01,-1,-1,-0.01,-1,-1,-0.01,-1,-1,-0.01,-1,-1,-0.01,-1,-1
99926009,2026-05-18 10:42:18+05:30,52914.0,0,0.0,0,0.0,0.0,53282.15,53308.4,52783.45,53710.35,0,0.0,0.0,0.0,0.0,-0.01,-1,-1,-0.01,-1,-1,-0.01,-1,-1,-0.01,-1,-1,-0.01,-1,-1,-0.01,-1,-1,-0.01,-1,-1,-0.01,-1,-1,-0.01,-1,-1,-0.01,-1,-1
99926009,2026-05-18 10:42:18+05:30,52916.35,0,0.0,0,0.0,0.0,53282.15,53308.4,52783.45,53710.35,0,0.0,0.0,0.0,0.0,-0.01,-1,-1,-0.01,-1,-1,-0.01,-1,-1,-0.01,-1,-1,-0.01,-1,-1,-0.01,-1,-1,-0.01,-1,-1,-0.01,-1,-1,-0.01,-1,-1,-0.01,-1,-1
99926009,2026-05-18 10:42:19+05:30,52917.5,0,0.0,0,0.0,0.0,53282.15,53308.4,52783.45,53710.35,0,0.0,0.0,0.0,0.0,-0.01,-1,-1,-0.01,-1,-1,-0.01,-1,-1,-0.01,-1,-1,-0.01,-1,-1,-0.01,-1,-1,-0.01,-1,-1,-0.01,-1,-1,-0.01,-1,-1,-0.01,-1,-1
99926009,2026-05-18 10:42:19+05:30,52915.3,0,0.0,0,0.0,0.0,53282.15,53308.4,52783.45,53710.35,0,0.0,0.0,0.0,0.0,-0.01,-1,-1,-0.01,-1,-1,-0.01,-1,-1,-0.01,-1,-1,-0.01,-1,-1,-0.01,-1,-1,-0.01,-1,-1,-0.01,-1,-1,-0.01,-1,-1,-0.01,-1,-1
99926009,2026-05-18 10:42:20+05:30,52913.85,0,0.0,0,0.0,0.0,53282.15,53308.4,52783.45,53710.35,0,0.0,0.0,0.0,0.0,-0.01,-1,-1,-0.01,-1,-1,-0.01,-1,-1,-0.01,-1,-1,-0.01,-1,-1,-0.01,-1,-1,-0.01,-1,-1,-0.01,-1,-1,-0.01,-1,-1,-0.01,-1,-1
99926009,2026-05-18 10:42:20+05:30,52914.45,0,0.0,0,0.0,0.0,53282.15,53308.4,52783.45,53710.35,0,0.0,0.0,0.0,0.0,-0.01,-1,-1,-0.01,-1,-1,-0.01,-1,-1,-0.01,-1,-1,-0.01,-1,-1,-0.01,-1,-1,-0.01,-1,-1,-0.01,-1,-1,-0.01,-1,-1,-0.01,-1,-1
99926009,2026-05-18 10:42:21+05:30,52913.95,0,0.0,0,0.0,0.0,53282.15,53308.4,52783.45,53710.35,0,0.0,0.0,0.0,0.0,-0.01,-1,-1,-0.01,-1,-1,-0.01,-1,-1,-0.01,-1,-1,-0.01,-1,-1,-0.01,-1,-1,-0.01,-1,-1,-0.01,-1,-1,-0.01,-1,-1,-0.01,-1,-1
99926009,2026-05-18 10:42:21+05:30,52913.95,0,0.0,0,0.0,0.0,53282.15,53308.4,52783.45,53710.35,0,0.0,0.0,0.0,0.0,-0.01,-1,-1,-0.01,-1,-1,-0.01,-1,-1,-0.01,-1,-1,-0.01,-1,-1,-0.01,-1,-1,-0.01,-1,-1,-0.01,-1,-1,-0.01,-1,-1,-0.01,-1,-1
99926009,2026-05-18 10:42:22+05:30,52912.4,0,0.0,0,0.0,0.0,53282.15,53308.4,52783.45,53710.35,0,0.0,0.0,0.0,0.0,-0.01,-1,-1,-0.01,-1,-1,-0.01,-1,-1,-0.01,-1,-1,-0.01,-1,-1,-0.01,-1,-1,-0.01,-1,-1,-0.01,-1,-1,-0.01,-1,-1,-0.01,-1,-1
99926009,2026-05-18 10:42:22+05:30,52913.45,0,0.0,0,0.0,0.0,53282.15,53308.4,52783.45,53710.35,0,0.0,0.0,0.0,0.0,-0.01,-1,-1,-0.01,-1,-1,-0.01,-1,-1,-0.01,-1,-1,-0.01,-1,-1,-0.01,-1,-1,-0.01,-1,-1,-0.01,-1,-1,-0.01,-1,-1,-0.01,-1,-1
99926009,2026-05-18 10:42:23+05:30,52916.05,0,0.0,0,0.0,0.0,53282.15,53308.4,52783.45,53710.35,0,0.0,0.0,0.0,0.0,-0.01,-1,-1,-0.01,-1,-1,-0.01,-1,-1,-0.01,-1,-1,-0.01,-1,-1,-0.01,-1,-1,-0.01,-1,-1,-0.01,-1,-1,-0.01,-1,-1,-0.01,-1,-1
99926009,2026-05-18 10:42:23+05:30,52916.2,0,0.0,0,0.0,0.0,53282.15,53308.4,52783.45,53710.35,0,0.0,0.0,0.0,0.0,-0.01,-1,-1,-0.01,-1,-1,-0.01,-1,-1,-0.01,-1,-1,-0.01,-1,-1,-0.01,-1,-1,-0.01,-1,-1,-0.01,-1,-1,-0.01,-1,-1,-0.01,-1,-1
99926009,2026-05-18 10:42:24+05:30,52914.95,0,0.0,0,0.0,0.0,53282.15,53308.4,52783.45,53710.35,0,0.0,0.0,0.0,0.0,-0.01,-1,-1,-0.01,-1,-1,-0.01,-1,-1,-0.01,-1,-1,-0.01,-1,-1,-0.01,-1,-1,-0.01,-1,-1,-0.01,-1,-1,-0.01,-1,-1,-0.01,-1,-1
99926009,2026-05-18 10:42:24+05:30,52914.7,0,0.0,0,0.0,0.0,53282.15,53308.4,52783.45,53710.35,0,0.0,0.0,0.0,0.0,-0.01,-1,-1,-0.01,-1,-1,-0.01,-1,-1,-0.01,-1,-1,-0.01,-1,-1,-0.01,-1,-1,-0.01,-1,-1,-0.01,-1,-1,-0.01,-1,-1,-0.01,-1,-1
99926009,2026-05-18 10:42:25+05:30,52915.55,0,0.0,0,0.0,0.0,53282.15,53308.4,52783.45,53710.35,0,0.0,0.0,0.0,0.0,-0.01,-1,-1,-0.01,-1,-1,-0.01,-1,-1,-0.01,-1,-1,-0.01,-1,-1,-0.01,-1,-1,-0.01,-1,-1,-0.01,-1,-1,-0.01,-1,-1,-0.01,-1,-1
99926009,2026-05-18 10:42:25+05:30,52914.75,0,0.0,0,0.0,0.0,53282.15,53308.4,52783.45,53710.35,0,0.0,0.0,0.0,0.0,-0.01,-1,-1,-0.01,-1,-1,-0.01,-1,-1,-0.01,-1,-1,-0.01,-1,-1,-0.01,-1,-1,-0.01,-1,-1,-0.01,-1,-1,-0.01,-1,-1,-0.01,-1,-1
99926009,2026-05-18 10:42:26+05:30,52915.95,0,0.0,0,0.0,0.0,53282.15,53308.4,52783.45,53710.35,0,0.0,0.0,0.0,0.0,-0.01,-1,-1,-0.01,-1,-1,-0.01,-1,-1,-0.01,-1,-1,-0.01,-1,-1,-0.01,-1,-1,-0.01,-1,-1,-0.01,-1,-1,-0.01,-1,-1,-0.01,-1,-1
99926009,2026-05-18 10:42:26+05:30,52915.9,0,0.0,0,0.0,0.0,53282.15,53308.4,52783.45,53710.35,0,0.0,0.0,0.0,0.0,-0.01,-1,-1,-0.01,-1,-1,-0.01,-1,-1,-0.01,-1,-1,-0.01,-1,-1,-0.01,-1,-1,-0.01,-1,-1,-0.01,-1,-1,-0.01,-1,-1,-0.01,-1,-1
99926009,2026-05-18 10:42:27+05:30,52914.7,0,0.0,0,0.0,0.0,53282.15,53308.4,52783.45,53710.35,0,0.0,0.0,0.0,0.0,-0.01,-1,-1,-0.01,-1,-1,-0.01,-1,-1,-0.01,-1,-1,-0.01,-1,-1,-0.01,-1,-1,-0.01,-1,-1,-0.01,-1,-1,-0.01,-1,-1,-0.01,-1,-1
99926009,2026-05-18 10:42:27+05:30,52915.65,0,0.0,0,0.0,0.0,53282.15,53308.4,52783.45,53710.35,0,0.0,0.0,0.0,0.0,-0.01,-1,-1,-0.01,-1,-1,-0.01,-1,-1,-0.01,-1,-1,-0.01,-1,-1,-0.01,-1,-1,-0.01,-1,-1,-0.01,-1,-1,-0.01,-1,-1,-0.01,-1,-1
99926009,2026-05-18 10:42:28+05:30,52914.7,0,0.0,0,0.0,0.0,53282.15,53308.4,52783.45,53710.35,0,0.0,0.0,0.0,0.0,-0.01,-1,-1,-0.01,-1,-1,-0.01,-1,-1,-0.01,-1,-1,-0.01,-1,-1,-0.01,-1,-1,-0.01,-1,-1,-0.01,-1,-1,-0.01,-1,-1,-0.01,-1,-1
99926009,2026-05-18 10:42:28+05:30,52912.8,0,0.0,0,0.0,0.0,53282.15,53308.4,52783.45,53710.35,0,0.0,0.0,0.0,0.0,-0.01,-1,-1,-0.01,-1,-1,-0.01,-1,-1,-0.01,-1,-1,-0.01,-1,-1,-0.01,-1,-1,-0.01,-1,-1,-0.01,-1,-1,-0.01,-1,-1,-0.01,-1,-1
99926009,2026-05-18 10:42:29+05:30,52918.35,0,0.0,0,0.0,0.0,53282.15,53308.4,52783.45,53710.35,0,0.0,0.0,0.0,0.0,-0.01,-1,-1,-0.01,-1,-1,-0.01,-1,-1,-0.01,-1,-1,-0.01,-1,-1,-0.01,-1,-1,-0.01,-1,-1,-0.01,-1,-1,-0.01,-1,-1,-0.01,-1,-1
99926009,2026-05-18 10:42:29+05:30,52915.7,0,0.0,0,0.0,0.0,53282.15,53308.4,52783.45,53710.35,0,0.0,0.0,0.0,0.0,-0.01,-1,-1,-0.01,-1,-1,-0.01,-1,-1,-0.01,-1,-1,-0.01,-1,-1,-0.01,-1,-1,-0.01,-1,-1,-0.01,-1,-1,-0.01,-1,-1,-0.01,-1,-1
99926009,2026-05-18 10:42:30+05:30,52914.1,0,0.0,0,0.0,0.0,53282.15,53308.4,52783.45,53710.35,0,0.0,0.0,0.0,0.0,-0.01,-1,-1,-0.01,-1,-1,-0.01,-1,-1,-0.01,-1,-1,-0.01,-1,-1,-0.01,-1,-1,-0.01,-1,-1,-0.01,-1,-1,-0.01,-1,-1,-0.01,-1,-1
99926009,2026-05-18 10:42:30+05:30,52915.15,0,0.0,0,0.0,0.0,53282.15,53308.4,52783.45,53710.35,0,0.0,0.0,0.0,0.0,-0.01,-1,-1,-0.01,-1,-1,-0.01,-1,-1,-0.01,-1,-1,-0.01,-1,-1,-0.01,-1,-1,-0.01,-1,-1,-0.01,-1,-1,-0.01,-1,-1,-0.01,-1,-1
99926009,2026-05-18 10:42:31+05:30,52915.3,0,0.0,0,0.0,0.0,53282.15,53308.4,52783.45,53710.35,0,0.0,0.0,0.0,0.0,-0.01,-1,-1,-0.01,-1,-1,-0.01,-1,-1,-0.01,-1,-1,-0.01,-1,-1,-0.01,-1,-1,-0.01,-1,-1,-0.01,-1,-1,-0.01,-1,-1,-0.01,-1,-1
99926009,2026-05-18 10:42:31+05:30,52914.05,0,0.0,0,0.0,0.0,53282.15,53308.4,52783.45,53710.35,0,0.0,0.0,0.0,0.0,-0.01,-1,-1,-0.01,-1,-1,-0.01,-1,-1,-0.01,-1,-1,-0.01,-1,-1,-0.01,-1,-1,-0.01,-1,-1,-0.01,-1,-1,-0.01,-1,-1,-0.01,-1,-1
99926009,2026-05-18 10:42:32+05:30,52913.25,0,0.0,0,0.0,0.0,53282.15,53308.4,52783.45,53710.35,0,0.0,0.0,0.0,0.0,-0.01,-1,-1,-0.01,-1,-1,-0.01,-1,-1,-0.01,-1,-1,-0.01,-1,-1,-0.01,-1,-1,-0.01,-1,-1,-0.01,-1,-1,-0.01,-1,-1,-0.01,-1,-1
99926009,2026-05-18 10:42:32+05:30,52914.2,0,0.0,0,0.0,0.0,53282.15,53308.4,52783.45,53710.35,0,0.0,0.0,0.0,0.0,-0.01,-1,-1,-0.01,-1,-1,-0.01,-1,-1,-0.01,-1,-1,-0.01,-1,-1,-0.01,-1,-1,-0.01,-1,-1,-0.01,-1,-1,-0.01,-1,-1,-0.01,-1,-1
99926009,2026-05-18 10:42:33+05:30,52913.35,0,0.0,0,0.0,0.0,53282.15,53308.4,52783.45,53710.35,0,0.0,0.0,0.0,0.0,-0.01,-1,-1,-0.01,-1,-1,-0.01,-1,-1,-0.01,-1,-1,-0.01,-1,-1,-0.01,-1,-1,-0.01,-1,-1,-0.01,-1,-1,-0.01,-1,-1,-0.01,-1,-1
99926009,2026-05-18 10:42:33+05:30,52916.55,0,0.0,0,0.0,0.0,53282.15,53308.4,52783.45,53710.35,0,0.0,0.0,0.0,0.0,-0.01,-1,-1,-0.01,-1,-1,-0.01,-1,-1,-0.01,-1,-1,-0.01,-1,-1,-0.01,-1,-1,-0.01,-1,-1,-0.01,-1,-1,-0.01,-1,-1,-0.01,-1,-1
99926009,2026-05-18 10:42:34+05:30,52918.8,0,0.0,0,0.0,0.0,53282.15,53308.4,52783.45,53710.35,0,0.0,0.0,0.0,0.0,-0.01,-1,-1,-0.01,-1,-1,-0.01,-1,-1,-0.01,-1,-1,-0.01,-1,-1,-0.01,-1,-1,-0.01,-1,-1,-0.01,-1,-1,-0.01,-1,-1,-0.01,-1,-1
99926009,2026-05-18 10:42:34+05:30,52920.55,0,0.0,0,0.0,0.0,53282.15,53308.4,52783.45,53710.35,0,0.0,0.0,0.0,0.0,-0.01,-1,-1,-0.01,-1,-1,-0.01,-1,-1,-0.01,-1,-1,-0.01,-1,-1,-0.01,-1,-1,-0.01,-1,-1,-0.01,-1,-1,-0.01,-1,-1,-0.01,-1,-1
99926009,2026-05-18 10:42:35+05:30,52921.05,0,0.0,0,0.0,0.0,53282.15,53308.4,52783.45,53710.35,0,0.0,0.0,0.0,0.0,-0.01,-1,-1,-0.01,-1,-1,-0.01,-1,-1,-0.01,-1,-1,-0.01,-1,-1,-0.01,-1,-1,-0.01,-1,-1,-0.01,-1,-1,-0.01,-1,-1,-0.01,-1,-1
99926009,2026-05-18 10:42:35+05:30,52919.65,0,0.0,0,0.0,0.0,53282.15,53308.4,52783.45,53710.35,0,0.0,0.0,0.0,0.0,-0.01,-1,-1,-0.01,-1,-1,-0.01,-1,-1,-0.01,-1,-1,-0.01,-1,-1,-0.01,-1,-1,-0.01,-1,-1,-0.01,-1,-1,-0.01,-1,-1,-0.01,-1,-1
99926009,2026-05-18 10:42:36+05:30,52919.7,0,0.0,0,0.0,0.0,53282.15,53308.4,52783.45,53710.35,0,0.0,0.0,0.0,0.0,-0.01,-1,-1,-0.01,-1,-1,-0.01,-1,-1,-0.01,-1,-1,-0.01,-1,-1,-0.01,-1,-1,-0.01,-1,-1,-0.01,-1,-1,-0.01,-1,-1,-0.01,-1,-1
99926009,2026-05-18 10:42:36+05:30,52918.3,0,0.0,0,0.0,0.0,53282.15,53308.4,52783.45,53710.35,0,0.0,0.0,0.0,0.0,-0.01,-1,-1,-0.01,-1,-1,-0.01,-1,-1,-0.01,-1,-1,-0.01,-1,-1,-0.01,-1,-1,-0.01,-1,-1,-0.01,-1,-1,-0.01,-1,-1,-0.01,-1,-1
99926009,2026-05-18 10:42:37+05:30,52917.0,0,0.0,0,0.0,0.0,53282.15,53308.4,52783.45,53710.35,0,0.0,0.0,0.0,0.0,-0.01,-1,-1,-0.01,-1,-1,-0.01,-1,-1,-0.01,-1,-1,-0.01,-1,-1,-0.01,-1,-1,-0.01,-1,-1,-0.01,-1,-1,-0.01,-1,-1,-0.01,-1,-1
99926009,2026-05-18 10:42:37+05:30,52915.55,0,0.0,0,0.0,0.0,53282.15,53308.4,52783.45,53710.35,0,0.0,0.0,0.0,0.0,-0.01,-1,-1,-0.01,-1,-1,-0.01,-1,-1,-0.01,-1,-1,-0.01,-1,-1,-0.01,-1,-1,-0.01,-1,-1,-0.01,-1,-1,-0.01,-1,-1,-0.01,-1,-1
99926009,2026-05-18 10:42:38+05:30,52916.55,0,0.0,0,0.0,0.0,53282.15,53308.4,52783.45,53710.35,0,0.0,0.0,0.0,0.0,-0.01,-1,-1,-0.01,-1,-1,-0.01,-1,-1,-0.01,-1,-1,-0.01,-1,-1,-0.01,-1,-1,-0.01,-1,-1,-0.01,-1,-1,-0.01,-1,-1,-0.01,-1,-1
99926009,2026-05-18 10:42:38+05:30,52918.35,0,0.0,0,0.0,0.0,53282.15,53308.4,52783.45,53710.35,0,0.0,0.0,0.0,0.0,-0.01,-1,-1,-0.01,-1,-1,-0.01,-1,-1,-0.01,-1,-1,-0.01,-1,-1,-0.01,-1,-1,-0.01,-1,-1,-0.01,-1,-1,-0.01,-1,-1,-0.01,-1,-1
99926009,2026-05-18 10:42:39+05:30,52918.55,0,0.0,0,0.0,0.0,53282.15,53308.4,52783.45,53710.35,0,0.0,0.0,0.0,0.0,-0.01,-1,-1,-0.01,-1,-1,-0.01,-1,-1,-0.01,-1,-1,-0.01,-1,-1,-0.01,-1,-1,-0.01,-1,-1,-0.01,-1,-1,-0.01,-1,-1,-0.01,-1,-1
99926009,2026-05-18 10:42:39+05:30,52918.65,0,0.0,0,0.0,0.0,53282.15,53308.4,52783.45,53710.35,0,0.0,0.0,0.0,0.0,-0.01,-1,-1,-0.01,-1,-1,-0.01,-1,-1,-0.01,-1,-1,-0.01,-1,-1,-0.01,-1,-1,-0.01,-1,-1,-0.01,-1,-1,-0.01,-1,-1,-0.01,-1,-1
99926009,2026-05-18 10:42:40+05:30,52919.8,0,0.0,0,0.0,0.0,53282.15,53308.4,52783.45,53710.35,0,0.0,0.0,0.0,0.0,-0.01,-1,-1,-0.01,-1,-1,-0.01,-1,-1,-0.01,-1,-1,-0.01,-1,-1,-0.01,-1,-1,-0.01,-1,-1,-0.01,-1,-1,-0.01,-1,-1,-0.01,-1,-1
99926009,2026-05-18 10:42:40+05:30,52918.15,0,0.0,0,0.0,0.0,53282.15,53308.4,52783.45,53710.35,0,0.0,0.0,0.0,0.0,-0.01,-1,-1,-0.01,-1,-1,-0.01,-1,-1,-0.01,-1,-1,-0.01,-1,-1,-0.01,-1,-1,-0.01,-1,-1,-0.01,-1,-1,-0.01,-1,-1,-0.01,-1,-1
99926009,2026-05-18 10:42:41+05:30,52918.0,0,0.0,0,0.0,0.0,53282.15,53308.4,52783.45,53710.35,0,0.0,0.0,0.0,0.0,-0.01,-1,-1,-0.01,-1,-1,-0.01,-1,-1,-0.01,-1,-1,-0.01,-1,-1,-0.01,-1,-1,-0.01,-1,-1,-0.01,-1,-1,-0.01,-1,-1,-0.01,-1,-1
99926009,2026-05-18 10:42:41+05:30,52917.65,0,0.0,0,0.0,0.0,53282.15,53308.4,52783.45,53710.35,0,0.0,0.0,0.0,0.0,-0.01,-1,-1,-0.01,-1,-1,-0.01,-1,-1,-0.01,-1,-1,-0.01,-1,-1,-0.01,-1,-1,-0.01,-1,-1,-0.01,-1,-1,-0.01,-1,-1,-0.01,-1,-1
99926009,2026-05-18 10:42:42+05:30,52915.15,0,0.0,0,0.0,0.0,53282.15,53308.4,52783.45,53710.35,0,0.0,0.0,0.0,0.0,-0.01,-1,-1,-0.01,-1,-1,-0.01,-1,-1,-0.01,-1,-1,-0.01,-1,-1,-0.01,-1,-1,-0.01,-1,-1,-0.01,-1,-1,-0.01,-1,-1,-0.01,-1,-1
99926009,2026-05-18 10:42:42+05:30,52917.55,0,0.0,0,0.0,0.0,53282.15,53308.4,52783.45,53710.35,0,0.0,0.0,0.0,0.0,-0.01,-1,-1,-0.01,-1,-1,-0.01,-1,-1,-0.01,-1,-1,-0.01,-1,-1,-0.01,-1,-1,-0.01,-1,-1,-0.01,-1,-1,-0.01,-1,-1,-0.01,-1,-1
99926009,2026-05-18 10:42:43+05:30,52921.7,0,0.0,0,0.0,0.0,53282.15,53308.4,52783.45,53710.35,0,0.0,0.0,0.0,0.0,-0.01,-1,-1,-0.01,-1,-1,-0.01,-1,-1,-0.01,-1,-1,-0.01,-1,-1,-0.01,-1,-1,-0.01,-1,-1,-0.01,-1,-1,-0.01,-1,-1,-0.01,-1,-1
99926009,2026-05-18 10:42:43+05:30,52922.9,0,0.0,0,0.0,0.0,53282.15,53308.4,52783.45,53710.35,0,0.0,0.0,0.0,0.0,-0.01,-1,-1,-0.01,-1,-1,-0.01,-1,-1,-0.01,-1,-1,-0.01,-1,-1,-0.01,-1,-1,-0.01,-1,-1,-0.01,-1,-1,-0.01,-1,-1,-0.01,-1,-1
99926009,2026-05-18 10:42:44+05:30,52921.75,0,0.0,0,0.0,0.0,53282.15,53308.4,52783.45,53710.35,0,0.0,0.0,0.0,0.0,-0.01,-1,-1,-0.01,-1,-1,-0.01,-1,-1,-0.01,-1,-1,-0.01,-1,-1,-0.01,-1,-1,-0.01,-1,-1,-0.01,-1,-1,-0.01,-1,-1,-0.01,-1,-1
99926009,2026-05-18 10:42:44+05:30,52922.1,0,0.0,0,0.0,0.0,53282.15,53308.4,52783.45,53710.35,0,0.0,0.0,0.0,0.0,-0.01,-1,-1,-0.01,-1,-1,-0.01,-1,-1,-0.01,-1,-1,-0.01,-1,-1,-0.01,-1,-1,-0.01,-1,-1,-0.01,-1,-1,-0.01,-1,-1,-0.01,-1,-1
99926009,2026-05-18 10:42:45+05:30,52921.8,0,0.0,0,0.0,0.0,53282.15,53308.4,52783.45,53710.35,0,0.0,0.0,0.0,0.0,-0.01,-1,-1,-0.01,-1,-1,-0.01,-1,-1,-0.01,-1,-1,-0.01,-1,-1,-0.01,-1,-1,-0.01,-1,-1,-0.01,-1,-1,-0.01,-1,-1,-0.01,-1,-1
99926009,2026-05-18 10:42:45+05:30,52922.8,0,0.0,0,0.0,0.0,53282.15,53308.4,52783.45,53710.35,0,0.0,0.0,0.0,0.0,-0.01,-1,-1,-0.01,-1,-1,-0.01,-1,-1,-0.01,-1,-1,-0.01,-1,-1,-0.01,-1,-1,-0.01,-1,-1,-0.01,-1,-1,-0.01,-1,-1,-0.01,-1,-1
99926009,2026-05-18 10:42:46+05:30,52922.8,0,0.0,0,0.0,0.0,53282.15,53308.4,52783.45,53710.35,0,0.0,0.0,0.0,0.0,-0.01,-1,-1,-0.01,-1,-1,-0.01,-1,-1,-0.01,-1,-1,-0.01,-1,-1,-0.01,-1,-1,-0.01,-1,-1,-0.01,-1,-1,-0.01,-1,-1,-0.01,-1,-1
99926009,2026-05-18 10:42:46+05:30,52923.6,0,0.0,0,0.0,0.0,53282.15,53308.4,52783.45,53710.35,0,0.0,0.0,0.0,0.0,-0.01,-1,-1,-0.01,-1,-1,-0.01,-1,-1,-0.01,-1,-1,-0.01,-1,-1,-0.01,-1,-1,-0.01,-1,-1,-0.01,-1,-1,-0.01,-1,-1,-0.01,-1,-1
99926009,2026-05-18 10:42:47+05:30,52922.0,0,0.0,0,0.0,0.0,53282.15,53308.4,52783.45,53710.35,0,0.0,0.0,0.0,0.0,-0.01,-1,-1,-0.01,-1,-1,-0.01,-1,-1,-0.01,-1,-1,-0.01,-1,-1,-0.01,-1,-1,-0.01,-1,-1,-0.01,-1,-1,-0.01,-1,-1,-0.01,-1,-1
99926009,2026-05-18 10:42:47+05:30,52922.65,0,0.0,0,0.0,0.0,53282.15,53308.4,52783.45,53710.35,0,0.0,0.0,0.0,0.0,-0.01,-1,-1,-0.01,-1,-1,-0.01,-1,-1,-0.01,-1,-1,-0.01,-1,-1,-0.01,-1,-1,-0.01,-1,-1,-0.01,-1,-1,-0.01,-1,-1,-0.01,-1,-1
99926009,2026-05-18 10:42:48+05:30,52921.05,0,0.0,0,0.0,0.0,53282.15,53308.4,52783.45,53710.35,0,0.0,0.0,0.0,0.0,-0.01,-1,-1,-0.01,-1,-1,-0.01,-1,-1,-0.01,-1,-1,-0.01,-1,-1,-0.01,-1,-1,-0.01,-1,-1,-0.01,-1,-1,-0.01,-1,-1,-0.01,-1,-1
99926009,2026-05-18 10:42:48+05:30,52921.8,0,0.0,0,0.0,0.0,53282.15,53308.4,52783.45,53710.35,0,0.0,0.0,0.0,0.0,-0.01,-1,-1,-0.01,-1,-1,-0.01,-1,-1,-0.01,-1,-1,-0.01,-1,-1,-0.01,-1,-1,-0.01,-1,-1,-0.01,-1,-1,-0.01,-1,-1,-0.01,-1,-1
99926009,2026-05-18 10:42:49+05:30,52921.1,0,0.0,0,0.0,0.0,53282.15,53308.4,52783.45,53710.35,0,0.0,0.0,0.0,0.0,-0.01,-1,-1,-0.01,-1,-1,-0.01,-1,-1,-0.01,-1,-1,-0.01,-1,-1,-0.01,-1,-1,-0.01,-1,-1,-0.01,-1,-1,-0.01,-1,-1,-0.01,-1,-1
99926009,2026-05-18 10:42:49+05:30,52920.65,0,0.0,0,0.0,0.0,53282.15,53308.4,52783.45,53710.35,0,0.0,0.0,0.0,0.0,-0.01,-1,-1,-0.01,-1,-1,-0.01,-1,-1,-0.01,-1,-1,-0.01,-1,-1,-0.01,-1,-1,-0.01,-1,-1,-0.01,-1,-1,-0.01,-1,-1,-0.01,-1,-1
99926009,2026-05-18 10:42:50+05:30,52923.4,0,0.0,0,0.0,0.0,53282.15,53308.4,52783.45,53710.35,0,0.0,0.0,0.0,0.0,-0.01,-1,-1,-0.01,-1,-1,-0.01,-1,-1,-0.01,-1,-1,-0.01,-1,-1,-0.01,-1,-1,-0.01,-1,-1,-0.01,-1,-1,-0.01,-1,-1,-0.01,-1,-1
99926009,2026-05-18 10:42:50+05:30,52922.95,0,0.0,0,0.0,0.0,53282.15,53308.4,52783.45,53710.35,0,0.0,0.0,0.0,0.0,-0.01,-1,-1,-0.01,-1,-1,-0.01,-1,-1,-0.01,-1,-1,-0.01,-1,-1,-0.01,-1,-1,-0.01,-1,-1,-0.01,-1,-1,-0.01,-1,-1,-0.01,-1,-1
99926009,2026-05-18 10:42:51+05:30,52924.15,0,0.0,0,0.0,0.0,53282.15,53308.4,52783.45,53710.35,0,0.0,0.0,0.0,0.0,-0.01,-1,-1,-0.01,-1,-1,-0.01,-1,-1,-0.01,-1,-1,-0.01,-1,-1,-0.01,-1,-1,-0.01,-1,-1,-0.01,-1,-1,-0.01,-1,-1,-0.01,-1,-1
99926009,2026-05-18 10:42:51+05:30,52922.95,0,0.0,0,0.0,0.0,53282.15,53308.4,52783.45,53710.35,0,0.0,0.0,0.0,0.0,-0.01,-1,-1,-0.01,-1,-1,-0.01,-1,-1,-0.01,-1,-1,-0.01,-1,-1,-0.01,-1,-1,-0.01,-1,-1,-0.01,-1,-1,-0.01,-1,-1,-0.01,-1,-1
99926009,2026-05-18 10:42:52+05:30,52923.05,0,0.0,0,0.0,0.0,53282.15,53308.4,52783.45,53710.35,0,0.0,0.0,0.0,0.0,-0.01,-1,-1,-0.01,-1,-1,-0.01,-1,-1,-0.01,-1,-1,-0.01,-1,-1,-0.01,-1,-1,-0.01,-1,-1,-0.01,-1,-1,-0.01,-1,-1,-0.01,-1,-1
99926009,2026-05-18 10:42:52+05:30,52922.45,0,0.0,0,0.0,0.0,53282.15,53308.4,52783.45,53710.35,0,0.0,0.0,0.0,0.0,-0.01,-1,-1,-0.01,-1,-1,-0.01,-1,-1,-0.01,-1,-1,-0.01,-1,-1,-0.01,-1,-1,-0.01,-1,-1,-0.01,-1,-1,-0.01,-1,-1,-0.01,-1,-1
99926009,2026-05-18 10:42:53+05:30,52921.6,0,0.0,0,0.0,0.0,53282.15,53308.4,52783.45,53710.35,0,0.0,0.0,0.0,0.0,-0.01,-1,-1,-0.01,-1,-1,-0.01,-1,-1,-0.01,-1,-1,-0.01,-1,-1,-0.01,-1,-1,-0.01,-1,-1,-0.01,-1,-1,-0.01,-1,-1,-0.01,-1,-1
99926009,2026-05-18 10:42:53+05:30,52922.05,0,0.0,0,0.0,0.0,53282.15,53308.4,52783.45,53710.35,0,0.0,0.0,0.0,0.0,-0.01,-1,-1,-0.01,-1,-1,-0.01,-1,-1,-0.01,-1,-1,-0.01,-1,-1,-0.01,-1,-1,-0.01,-1,-1,-0.01,-1,-1,-0.01,-1,-1,-0.01,-1,-1
99926009,2026-05-18 10:42:54+05:30,52923.2,0,0.0,0,0.0,0.0,53282.15,53308.4,52783.45,53710.35,0,0.0,0.0,0.0,0.0,-0.01,-1,-1,-0.01,-1,-1,-0.01,-1,-1,-0.01,-1,-1,-0.01,-1,-1,-0.01,-1,-1,-0.01,-1,-1,-0.01,-1,-1,-0.01,-1,-1,-0.01,-1,-1
99926009,2026-05-18 10:42:54+05:30,52921.5,0,0.0,0,0.0,0.0,53282.15,53308.4,52783.45,53710.35,0,0.0,0.0,0.0,0.0,-0.01,-1,-1,-0.01,-1,-1,-0.01,-1,-1,-0.01,-1,-1,-0.01,-1,-1,-0.01,-1,-1,-0.01,-1,-1,-0.01,-1,-1,-0.01,-1,-1,-0.01,-1,-1
99926009,2026-05-18 10:42:55+05:30,52925.6,0,0.0,0,0.0,0.0,53282.15,53308.4,52783.45,53710.35,0,0.0,0.0,0.0,0.0,-0.01,-1,-1,-0.01,-1,-1,-0.01,-1,-1,-0.01,-1,-1,-0.01,-1,-1,-0.01,-1,-1,-0.01,-1,-1,-0.01,-1,-1,-0.01,-1,-1,-0.01,-1,-1
99926009,2026-05-18 10:42:55+05:30,52926.6,0,0.0,0,0.0,0.0,53282.15,53308.4,52783.45,53710.35,0,0.0,0.0,0.0,0.0,-0.01,-1,-1,-0.01,-1,-1,-0.01,-1,-1,-0.01,-1,-1,-0.01,-1,-1,-0.01,-1,-1,-0.01,-1,-1,-0.01,-1,-1,-0.01,-1,-1,-0.01,-1,-1
99926009,2026-05-18 10:42:56+05:30,52925.95,0,0.0,0,0.0,0.0,53282.15,53308.4,52783.45,53710.35,0,0.0,0.0,0.0,0.0,-0.01,-1,-1,-0.01,-1,-1,-0.01,-1,-1,-0.01,-1,-1,-0.01,-1,-1,-0.01,-1,-1,-0.01,-1,-1,-0.01,-1,-1,-0.01,-1,-1,-0.01,-1,-1
99926009,2026-05-18 10:42:56+05:30,52926.65,0,0.0,0,0.0,0.0,53282.15,53308.4,52783.45,53710.35,0,0.0,0.0,0.0,0.0,-0.01,-1,-1,-0.01,-1,-1,-0.01,-1,-1,-0.01,-1,-1,-0.01,-1,-1,-0.01,-1,-1,-0.01,-1,-1,-0.01,-1,-1,-0.01,-1,-1,-0.01,-1,-1
99926009,2026-05-18 10:42:57+05:30,52926.65,0,0.0,0,0.0,0.0,53282.15,53308.4,52783.45,53710.35,0,0.0,0.0,0.0,0.0,-0.01,-1,-1,-0.01,-1,-1,-0.01,-1,-1,-0.01,-1,-1,-0.01,-1,-1,-0.01,-1,-1,-0.01,-1,-1,-0.01,-1,-1,-0.01,-1,-1,-0.01,-1,-1
99926009,2026-05-18 10:42:57+05:30,52926.1,0,0.0,0,0.0,0.0,53282.15,53308.4,52783.45,53710.35,0,0.0,0.0,0.0,0.0,-0.01,-1,-1,-0.01,-1,-1,-0.01,-1,-1,-0.01,-1,-1,-0.01,-1,-1,-0.01,-1,-1,-0.01,-1,-1,-0.01,-1,-1,-0.01,-1,-1,-0.01,-1,-1
99926009,2026-05-18 10:42:58+05:30,52926.1,0,0.0,0,0.0,0.0,53282.15,53308.4,52783.45,53710.35,0,0.0,0.0,0.0,0.0,-0.01,-1,-1,-0.01,-1,-1,-0.01,-1,-1,-0.01,-1,-1,-0.01,-1,-1,-0.01,-1,-1,-0.01,-1,-1,-0.01,-1,-1,-0.01,-1,-1,-0.01,-1,-1
99926009,2026-05-18 10:42:58+05:30,52925.9,0,0.0,0,0.0,0.0,53282.15,53308.4,52783.45,53710.35,0,0.0,0.0,0.0,0.0,-0.01,-1,-1,-0.01,-1,-1,-0.01,-1,-1,-0.01,-1,-1,-0.01,-1,-1,-0.01,-1,-1,-0.01,-1,-1,-0.01,-1,-1,-0.01,-1,-1,-0.01,-1,-1
99926009,2026-05-18 10:42:59+05:30,52924.5,0,0.0,0,0.0,0.0,53282.15,53308.4,52783.45,53710.35,0,0.0,0.0,0.0,0.0,-0.01,-1,-1,-0.01,-1,-1,-0.01,-1,-1,-0.01,-1,-1,-0.01,-1,-1,-0.01,-1,-1,-0.01,-1,-1,-0.01,-1,-1,-0.01,-1,-1,-0.01,-1,-1
99926009,2026-05-18 10:42:59+05:30,52923.9,0,0.0,0,0.0,0.0,53282.15,53308.4,52783.45,53710.35,0,0.0,0.0,0.0,0.0,-0.01,-1,-1,-0.01,-1,-1,-0.01,-1,-1,-0.01,-1,-1,-0.01,-1,-1,-0.01,-1,-1,-0.01,-1,-1,-0.01,-1,-1,-0.01,-1,-1,-0.01,-1,-1
99926009,2026-05-18 10:43:00+05:30,52924.0,0,0.0,0,0.0,0.0,53282.15,53308.4,52783.45,53710.35,0,0.0,0.0,0.0,0.0,-0.01,-1,-1,-0.01,-1,-1,-0.01,-1,-1,-0.01,-1,-1,-0.01,-1,-1,-0.01,-1,-1,-0.01,-1,-1,-0.01,-1,-1,-0.01,-1,-1,-0.01,-1,-1
99926009,2026-05-18 10:43:00+05:30,52926.45,0,0.0,0,0.0,0.0,53282.15,53308.4,52783.45,53710.35,0,0.0,0.0,0.0,0.0,-0.01,-1,-1,-0.01,-1,-1,-0.01,-1,-1,-0.01,-1,-1,-0.01,-1,-1,-0.01,-1,-1,-0.01,-1,-1,-0.01,-1,-1,-0.01,-1,-1,-0.01,-1,-1
99926009,2026-05-18 10:43:01+05:30,52930.65,0,0.0,0,0.0,0.0,53282.15,53308.4,52783.45,53710.35,0,0.0,0.0,0.0,0.0,-0.01,-1,-1,-0.01,-1,-1,-0.01,-1,-1,-0.01,-1,-1,-0.01,-1,-1,-0.01,-1,-1,-0.01,-1,-1,-0.01,-1,-1,-0.01,-1,-1,-0.01,-1,-1
99926009,2026-05-18 10:43:01+05:30,52929.1,0,0.0,0,0.0,0.0,53282.15,53308.4,52783.45,53710.35,0,0.0,0.0,0.0,0.0,-0.01,-1,-1,-0.01,-1,-1,-0.01,-1,-1,-0.01,-1,-1,-0.01,-1,-1,-0.01,-1,-1,-0.01,-1,-1,-0.01,-1,-1,-0.01,-1,-1,-0.01,-1,-1
99926009,2026-05-18 10:43:02+05:30,52928.5,0,0.0,0,0.0,0.0,53282.15,53308.4,52783.45,53710.35,0,0.0,0.0,0.0,0.0,-0.01,-1,-1,-0.01,-1,-1,-0.01,-1,-1,-0.01,-1,-1,-0.01,-1,-1,-0.01,-1,-1,-0.01,-1,-1,-0.01,-1,-1,-0.01,-1,-1,-0.01,-1,-1
99926009,2026-05-18 10:43:02+05:30,52930.25,0,0.0,0,0.0,0.0,53282.15,53308.4,52783.45,53710.35,0,0.0,0.0,0.0,0.0,-0.01,-1,-1,-0.01,-1,-1,-0.01,-1,-1,-0.01,-1,-1,-0.01,-1,-1,-0.01,-1,-1,-0.01,-1,-1,-0.01,-1,-1,-0.01,-1,-1,-0.01,-1,-1
99926009,2026-05-18 10:43:03+05:30,52926.15,0,0.0,0,0.0,0.0,53282.15,53308.4,52783.45,53710.35,0,0.0,0.0,0.0,0.0,-0.01,-1,-1,-0.01,-1,-1,-0.01,-1,-1,-0.01,-1,-1,-0.01,-1,-1,-0.01,-1,-1,-0.01,-1,-1,-0.01,-1,-1,-0.01,-1,-1,-0.01,-1,-1
99926009,2026-05-18 10:43:03+05:30,52927.65,0,0.0,0,0.0,0.0,53282.15,53308.4,52783.45,53710.35,0,0.0,0.0,0.0,0.0,-0.01,-1,-1,-0.01,-1,-1,-0.01,-1,-1,-0.01,-1,-1,-0.01,-1,-1,-0.01,-1,-1,-0.01,-1,-1,-0.01,-1,-1,-0.01,-1,-1,-0.01,-1,-1
99926009,2026-05-18 10:43:04+05:30,52924.4,0,0.0,0,0.0,0.0,53282.15,53308.4,52783.45,53710.35,0,0.0,0.0,0.0,0.0,-0.01,-1,-1,-0.01,-1,-1,-0.01,-1,-1,-0.01,-1,-1,-0.01,-1,-1,-0.01,-1,-1,-0.01,-1,-1,-0.01,-1,-1,-0.01,-1,-1,-0.01,-1,-1
99926009,2026-05-18 10:43:04+05:30,52921.35,0,0.0,0,0.0,0.0,53282.15,53308.4,52783.45,53710.35,0,0.0,0.0,0.0,0.0,-0.01,-1,-1,-0.01,-1,-1,-0.01,-1,-1,-0.01,-1,-1,-0.01,-1,-1,-0.01,-1,-1,-0.01,-1,-1,-0.01,-1,-1,-0.01,-1,-1,-0.01,-1,-1
99926009,2026-05-18 10:43:05+05:30,52924.65,0,0.0,0,0.0,0.0,53282.15,53308.4,52783.45,53710.35,0,0.0,0.0,0.0,0.0,-0.01,-1,-1,-0.01,-1,-1,-0.01,-1,-1,-0.01,-1,-1,-0.01,-1,-1,-0.01,-1,-1,-0.01,-1,-1,-0.01,-1,-1,-0.01,-1,-1,-0.01,-1,-1
99926009,2026-05-18 10:43:05+05:30,52925.15,0,0.0,0,0.0,0.0,53282.15,53308.4,52783.45,53710.35,0,0.0,0.0,0.0,0.0,-0.01,-1,-1,-0.01,-1,-1,-0.01,-1,-1,-0.01,-1,-1,-0.01,-1,-1,-0.01,-1,-1,-0.01,-1,-1,-0.01,-1,-1,-0.01,-1,-1,-0.01,-1,-1
99926009,2026-05-18 10:43:06+05:30,52925.95,0,0.0,0,0.0,0.0,53282.15,53308.4,52783.45,53710.35,0,0.0,0.0,0.0,0.0,-0.01,-1,-1,-0.01,-1,-1,-0.01,-1,-1,-0.01,-1,-1,-0.01,-1,-1,-0.01,-1,-1,-0.01,-1,-1,-0.01,-1,-1,-0.01,-1,-1,-0.01,-1,-1
99926009,2026-05-18 10:43:06+05:30,52924.65,0,0.0,0,0.0,0.0,53282.15,53308.4,52783.45,53710.35,0,0.0,0.0,0.0,0.0,-0.01,-1,-1,-0.01,-1,-1,-0.01,-1,-1,-0.01,-1,-1,-0.01,-1,-1,-0.01,-1,-1,-0.01,-1,-1,-0.01,-1,-1,-0.01,-1,-1,-0.01,-1,-1
99926009,2026-05-18 10:43:07+05:30,52922.9,0,0.0,0,0.0,0.0,53282.15,53308.4,52783.45,53710.35,0,0.0,0.0,0.0,0.0,-0.01,-1,-1,-0.01,-1,-1,-0.01,-1,-1,-0.01,-1,-1,-0.01,-1,-1,-0.01,-1,-1,-0.01,-1,-1,-0.01,-1,-1,-0.01,-1,-1,-0.01,-1,-1
99926009,2026-05-18 10:43:07+05:30,52923.35,0,0.0,0,0.0,0.0,53282.15,53308.4,52783.45,53710.35,0,0.0,0.0,0.0,0.0,-0.01,-1,-1,-0.01,-1,-1,-0.01,-1,-1,-0.01,-1,-1,-0.01,-1,-1,-0.01,-1,-1,-0.01,-1,-1,-0.01,-1,-1,-0.01,-1,-1,-0.01,-1,-1
99926009,2026-05-18 10:43:08+05:30,52921.75,0,0.0,0,0.0,0.0,53282.15,53308.4,52783.45,53710.35,0,0.0,0.0,0.0,0.0,-0.01,-1,-1,-0.01,-1,-1,-0.01,-1,-1,-0.01,-1,-1,-0.01,-1,-1,-0.01,-1,-1,-0.01,-1,-1,-0.01,-1,-1,-0.01,-1,-1,-0.01,-1,-1
99926009,2026-05-18 10:43:08+05:30,52923.65,0,0.0,0,0.0,0.0,53282.15,53308.4,52783.45,53710.35,0,0.0,0.0,0.0,0.0,-0.01,-1,-1,-0.01,-1,-1,-0.01,-1,-1,-0.01,-1,-1,-0.01,-1,-1,-0.01,-1,-1,-0.01,-1,-1,-0.01,-1,-1,-0.01,-1,-1,-0.01,-1,-1
99926009,2026-05-18 10:43:09+05:30,52922.4,0,0.0,0,0.0,0.0,53282.15,53308.4,52783.45,53710.35,0,0.0,0.0,0.0,0.0,-0.01,-1,-1,-0.01,-1,-1,-0.01,-1,-1,-0.01,-1,-1,-0.01,-1,-1,-0.01,-1,-1,-0.01,-1,-1,-0.01,-1,-1,-0.01,-1,-1,-0.01,-1,-1
99926009,2026-05-18 10:43:09+05:30,52920.95,0,0.0,0,0.0,0.0,53282.15,53308.4,52783.45,53710.35,0,0.0,0.0,0.0,0.0,-0.01,-1,-1,-0.01,-1,-1,-0.01,-1,-1,-0.01,-1,-1,-0.01,-1,-1,-0.01,-1,-1,-0.01,-1,-1,-0.01,-1,-1,-0.01,-1,-1,-0.01,-1,-1
99926009,2026-05-18 10:43:10+05:30,52923.35,0,0.0,0,0.0,0.0,53282.15,53308.4,52783.45,53710.35,0,0.0,0.0,0.0,0.0,-0.01,-1,-1,-0.01,-1,-1,-0.01,-1,-1,-0.01,-1,-1,-0.01,-1,-1,-0.01,-1,-1,-0.01,-1,-1,-0.01,-1,-1,-0.01,-1,-1,-0.01,-1,-1
99926009,2026-05-18 10:43:10+05:30,52919.45,0,0.0,0,0.0,0.0,53282.15,53308.4,52783.45,53710.35,0,0.0,0.0,0.0,0.0,-0.01,-1,-1,-0.01,-1,-1,-0.01,-1,-1,-0.01,-1,-1,-0.01,-1,-1,-0.01,-1,-1,-0.01,-1,-1,-0.01,-1,-1,-0.01,-1,-1,-0.01,-1,-1
99926009,2026-05-18 10:43:11+05:30,52923.35,0,0.0,0,0.0,0.0,53282.15,53308.4,52783.45,53710.35,0,0.0,0.0,0.0,0.0,-0.01,-1,-1,-0.01,-1,-1,-0.01,-1,-1,-0.01,-1,-1,-0.01,-1,-1,-0.01,-1,-1,-0.01,-1,-1,-0.01,-1,-1,-0.01,-1,-1,-0.01,-1,-1
99926009,2026-05-18 10:43:11+05:30,52919.9,0,0.0,0,0.0,0.0,53282.15,53308.4,52783.45,53710.35,0,0.0,0.0,0.0,0.0,-0.01,-1,-1,-0.01,-1,-1,-0.01,-1,-1,-0.01,-1,-1,-0.01,-1,-1,-0.01,-1,-1,-0.01,-1,-1,-0.01,-1,-1,-0.01,-1,-1,-0.01,-1,-1
99926009,2026-05-18 10:43:12+05:30,52918.05,0,0.0,0,0.0,0.0,53282.15,53308.4,52783.45,53710.35,0,0.0,0.0,0.0,0.0,-0.01,-1,-1,-0.01,-1,-1,-0.01,-1,-1,-0.01,-1,-1,-0.01,-1,-1,-0.01,-1,-1,-0.01,-1,-1,-0.01,-1,-1,-0.01,-1,-1,-0.01,-1,-1
99926009,2026-05-18 10:43:12+05:30,52915.35,0,0.0,0,0.0,0.0,53282.15,53308.4,52783.45,53710.35,0,0.0,0.0,0.0,0.0,-0.01,-1,-1,-0.01,-1,-1,-0.01,-1,-1,-0.01,-1,-1,-0.01,-1,-1,-0.01,-1,-1,-0.01,-1,-1,-0.01,-1,-1,-0.01,-1,-1,-0.01,-1,-1
99926009,2026-05-18 10:43:13+05:30,52916.15,0,0.0,0,0.0,0.0,53282.15,53308.4,52783.45,53710.35,0,0.0,0.0,0.0,0.0,-0.01,-1,-1,-0.01,-1,-1,-0.01,-1,-1,-0.01,-1,-1,-0.01,-1,-1,-0.01,-1,-1,-0.01,-1,-1,-0.01,-1,-1,-0.01,-1,-1,-0.01,-1,-1
99926009,2026-05-18 10:43:13+05:30,52910.9,0,0.0,0,0.0,0.0,53282.15,53308.4,52783.45,53710.35,0,0.0,0.0,0.0,0.0,-0.01,-1,-1,-0.01,-1,-1,-0.01,-1,-1,-0.01,-1,-1,-0.01,-1,-1,-0.01,-1,-1,-0.01,-1,-1,-0.01,-1,-1,-0.01,-1,-1,-0.01,-1,-1
99926009,2026-05-18 10:43:14+05:30,52913.85,0,0.0,0,0.0,0.0,53282.15,53308.4,52783.45,53710.35,0,0.0,0.0,0.0,0.0,-0.01,-1,-1,-0.01,-1,-1,-0.01,-1,-1,-0.01,-1,-1,-0.01,-1,-1,-0.01,-1,-1,-0.01,-1,-1,-0.01,-1,-1,-0.01,-1,-1,-0.01,-1,-1
99926009,2026-05-18 10:43:14+05:30,52913.1,0,0.0,0,0.0,0.0,53282.15,53308.4,52783.45,53710.35,0,0.0,0.0,0.0,0.0,-0.01,-1,-1,-0.01,-1,-1,-0.01,-1,-1,-0.01,-1,-1,-0.01,-1,-1,-0.01,-1,-1,-0.01,-1,-1,-0.01,-1,-1,-0.01,-1,-1,-0.01,-1,-1
99926009,2026-05-18 10:43:15+05:30,52915.65,0,0.0,0,0.0,0.0,53282.15,53308.4,52783.45,53710.35,0,0.0,0.0,0.0,0.0,-0.01,-1,-1,-0.01,-1,-1,-0.01,-1,-1,-0.01,-1,-1,-0.01,-1,-1,-0.01,-1,-1,-0.01,-1,-1,-0.01,-1,-1,-0.01,-1,-1,-0.01,-1,-1
99926009,2026-05-18 10:43:15+05:30,52915.15,0,0.0,0,0.0,0.0,53282.15,53308.4,52783.45,53710.35,0,0.0,0.0,0.0,0.0,-0.01,-1,-1,-0.01,-1,-1,-0.01,-1,-1,-0.01,-1,-1,-0.01,-1,-1,-0.01,-1,-1,-0.01,-1,-1,-0.01,-1,-1,-0.01,-1,-1,-0.01,-1,-1
99926009,2026-05-18 10:43:16+05:30,52914.65,0,0.0,0,0.0,0.0,53282.15,53308.4,52783.45,53710.35,0,0.0,0.0,0.0,0.0,-0.01,-1,-1,-0.01,-1,-1,-0.01,-1,-1,-0.01,-1,-1,-0.01,-1,-1,-0.01,-1,-1,-0.01,-1,-1,-0.01,-1,-1,-0.01,-1,-1,-0.01,-1,-1
99926009,2026-05-18 10:43:16+05:30,52915.75,0,0.0,0,0.0,0.0,53282.15,53308.4,52783.45,53710.35,0,0.0,0.0,0.0,0.0,-0.01,-1,-1,-0.01,-1,-1,-0.01,-1,-1,-0.01,-1,-1,-0.01,-1,-1,-0.01,-1,-1,-0.01,-1,-1,-0.01,-1,-1,-0.01,-1,-1,-0.01,-1,-1
99926009,2026-05-18 10:43:17+05:30,52913.7,0,0.0,0,0.0,0.0,53282.15,53308.4,52783.45,53710.35,0,0.0,0.0,0.0,0.0,-0.01,-1,-1,-0.01,-1,-1,-0.01,-1,-1,-0.01,-1,-1,-0.01,-1,-1,-0.01,-1,-1,-0.01,-1,-1,-0.01,-1,-1,-0.01,-1,-1,-0.01,-1,-1
99926009,2026-05-18 10:43:17+05:30,52913.05,0,0.0,0,0.0,0.0,53282.15,53308.4,52783.45,53710.35,0,0.0,0.0,0.0,0.0,-0.01,-1,-1,-0.01,-1,-1,-0.01,-1,-1,-0.01,-1,-1,-0.01,-1,-1,-0.01,-1,-1,-0.01,-1,-1,-0.01,-1,-1,-0.01,-1,-1,-0.01,-1,-1
99926009,2026-05-18 10:43:18+05:30,52913.5,0,0.0,0,0.0,0.0,53282.15,53308.4,52783.45,53710.35,0,0.0,0.0,0.0,0.0,-0.01,-1,-1,-0.01,-1,-1,-0.01,-1,-1,-0.01,-1,-1,-0.01,-1,-1,-0.01,-1,-1,-0.01,-1,-1,-0.01,-1,-1,-0.01,-1,-1,-0.01,-1,-1
99926009,2026-05-18 10:43:18+05:30,52915.75,0,0.0,0,0.0,0.0,53282.15,53308.4,52783.45,53710.35,0,0.0,0.0,0.0,0.0,-0.01,-1,-1,-0.01,-1,-1,-0.01,-1,-1,-0.01,-1,-1,-0.01,-1,-1,-0.01,-1,-1,-0.01,-1,-1,-0.01,-1,-1,-0.01,-1,-1,-0.01,-1,-1
99926009,2026-05-18 10:43:19+05:30,52914.7,0,0.0,0,0.0,0.0,53282.15,53308.4,52783.45,53710.35,0,0.0,0.0,0.0,0.0,-0.01,-1,-1,-0.01,-1,-1,-0.01,-1,-1,-0.01,-1,-1,-0.01,-1,-1,-0.01,-1,-1,-0.01,-1,-1,-0.01,-1,-1,-0.01,-1,-1,-0.01,-1,-1
99926009,2026-05-18 10:43:19+05:30,52910.65,0,0.0,0,0.0,0.0,53282.15,53308.4,52783.45,53710.35,0,0.0,0.0,0.0,0.0,-0.01,-1,-1,-0.01,-1,-1,-0.01,-1,-1,-0.01,-1,-1,-0.01,-1,-1,-0.01,-1,-1,-0.01,-1,-1,-0.01,-1,-1,-0.01,-1,-1,-0.01,-1,-1
99926009,2026-05-18 10:43:20+05:30,52911.3,0,0.0,0,0.0,0.0,53282.15,53308.4,52783.45,53710.35,0,0.0,0.0,0.0,0.0,-0.01,-1,-1,-0.01,-1,-1,-0.01,-1,-1,-0.01,-1,-1,-0.01,-1,-1,-0.01,-1,-1,-0.01,-1,-1,-0.01,-1,-1,-0.01,-1,-1,-0.01,-1,-1
99926009,2026-05-18 10:43:20+05:30,52912.5,0,0.0,0,0.0,0.0,53282.15,53308.4,52783.45,53710.35,0,0.0,0.0,0.0,0.0,-0.01,-1,-1,-0.01,-1,-1,-0.01,-1,-1,-0.01,-1,-1,-0.01,-1,-1,-0.01,-1,-1,-0.01,-1,-1,-0.01,-1,-1,-0.01,-1,-1,-0.01,-1,-1
99926009,2026-05-18 10:43:21+05:30,52912.45,0,0.0,0,0.0,0.0,53282.15,53308.4,52783.45,53710.35,0,0.0,0.0,0.0,0.0,-0.01,-1,-1,-0.01,-1,-1,-0.01,-1,-1,-0.01,-1,-1,-0.01,-1,-1,-0.01,-1,-1,-0.01,-1,-1,-0.01,-1,-1,-0.01,-1,-1,-0.01,-1,-1
99926009,2026-05-18 10:43:21+05:30,52910.95,0,0.0,0,0.0,0.0,53282.15,53308.4,52783.45,53710.35,0,0.0,0.0,0.0,0.0,-0.01,-1,-1,-0.01,-1,-1,-0.01,-1,-1,-0.01,-1,-1,-0.01,-1,-1,-0.01,-1,-1,-0.01,-1,-1,-0.01,-1,-1,-0.01,-1,-1,-0.01,-1,-1
99926009,2026-05-18 10:43:22+05:30,52907.35,0,0.0,0,0.0,0.0,53282.15,53308.4,52783.45,53710.35,0,0.0,0.0,0.0,0.0,-0.01,-1,-1,-0.01,-1,-1,-0.01,-1,-1,-0.01,-1,-1,-0.01,-1,-1,-0.01,-1,-1,-0.01,-1,-1,-0.01,-1,-1,-0.01,-1,-1,-0.01,-1,-1
99926009,2026-05-18 10:43:22+05:30,52905.15,0,0.0,0,0.0,0.0,53282.15,53308.4,52783.45,53710.35,0,0.0,0.0,0.0,0.0,-0.01,-1,-1,-0.01,-1,-1,-0.01,-1,-1,-0.01,-1,-1,-0.01,-1,-1,-0.01,-1,-1,-0.01,-1,-1,-0.01,-1,-1,-0.01,-1,-1,-0.01,-1,-1
99926009,2026-05-18 10:43:23+05:30,52908.1,0,0.0,0,0.0,0.0,53282.15,53308.4,52783.45,53710.35,0,0.0,0.0,0.0,0.0,-0.01,-1,-1,-0.01,-1,-1,-0.01,-1,-1,-0.01,-1,-1,-0.01,-1,-1,-0.01,-1,-1,-0.01,-1,-1,-0.01,-1,-1,-0.01,-1,-1,-0.01,-1,-1
99926009,2026-05-18 10:43:23+05:30,52906.55,0,0.0,0,0.0,0.0,53282.15,53308.4,52783.45,53710.35,0,0.0,0.0,0.0,0.0,-0.01,-1,-1,-0.01,-1,-1,-0.01,-1,-1,-0.01,-1,-1,-0.01,-1,-1,-0.01,-1,-1,-0.01,-1,-1,-0.01,-1,-1,-0.01,-1,-1,-0.01,-1,-1
99926009,2026-05-18 10:43:24+05:30,52909.9,0,0.0,0,0.0,0.0,53282.15,53308.4,52783.45,53710.35,0,0.0,0.0,0.0,0.0,-0.01,-1,-1,-0.01,-1,-1,-0.01,-1,-1,-0.01,-1,-1,-0.01,-1,-1,-0.01,-1,-1,-0.01,-1,-1,-0.01,-1,-1,-0.01,-1,-1,-0.01,-1,-1
99926009,2026-05-18 10:43:24+05:30,52910.25,0,0.0,0,0.0,0.0,53282.15,53308.4,52783.45,53710.35,0,0.0,0.0,0.0,0.0,-0.01,-1,-1,-0.01,-1,-1,-0.01,-1,-1,-0.01,-1,-1,-0.01,-1,-1,-0.01,-1,-1,-0.01,-1,-1,-0.01,-1,-1,-0.01,-1,-1,-0.01,-1,-1
99926009,2026-05-18 10:43:25+05:30,52909.45,0,0.0,0,0.0,0.0,53282.15,53308.4,52783.45,53710.35,0,0.0,0.0,0.0,0.0,-0.01,-1,-1,-0.01,-1,-1,-0.01,-1,-1,-0.01,-1,-1,-0.01,-1,-1,-0.01,-1,-1,-0.01,-1,-1,-0.01,-1,-1,-0.01,-1,-1,-0.01,-1,-1
99926009,2026-05-18 10:43:25+05:30,52906.6,0,0.0,0,0.0,0.0,53282.15,53308.4,52783.45,53710.35,0,0.0,0.0,0.0,0.0,-0.01,-1,-1,-0.01,-1,-1,-0.01,-1,-1,-0.01,-1,-1,-0.01,-1,-1,-0.01,-1,-1,-0.01,-1,-1,-0.01,-1,-1,-0.01,-1,-1,-0.01,-1,-1
99926009,2026-05-18 10:43:26+05:30,52908.5,0,0.0,0,0.0,0.0,53282.15,53308.4,52783.45,53710.35,0,0.0,0.0,0.0,0.0,-0.01,-1,-1,-0.01,-1,-1,-0.01,-1,-1,-0.01,-1,-1,-0.01,-1,-1,-0.01,-1,-1,-0.01,-1,-1,-0.01,-1,-1,-0.01,-1,-1,-0.01,-1,-1
99926009,2026-05-18 10:43:26+05:30,52907.4,0,0.0,0,0.0,0.0,53282.15,53308.4,52783.45,53710.35,0,0.0,0.0,0.0,0.0,-0.01,-1,-1,-0.01,-1,-1,-0.01,-1,-1,-0.01,-1,-1,-0.01,-1,-1,-0.01,-1,-1,-0.01,-1,-1,-0.01,-1,-1,-0.01,-1,-1,-0.01,-1,-1
99926009,2026-05-18 10:43:27+05:30,52898.75,0,0.0,0,0.0,0.0,53282.15,53308.4,52783.45,53710.35,0,0.0,0.0,0.0,0.0,-0.01,-1,-1,-0.01,-1,-1,-0.01,-1,-1,-0.01,-1,-1,-0.01,-1,-1,-0.01,-1,-1,-0.01,-1,-1,-0.01,-1,-1,-0.01,-1,-1,-0.01,-1,-1
99926009,2026-05-18 10:43:27+05:30,52902.25,0,0.0,0,0.0,0.0,53282.15,53308.4,52783.45,53710.35,0,0.0,0.0,0.0,0.0,-0.01,-1,-1,-0.01,-1,-1,-0.01,-1,-1,-0.01,-1,-1,-0.01,-1,-1,-0.01,-1,-1,-0.01,-1,-1,-0.01,-1,-1,-0.01,-1,-1,-0.01,-1,-1
99926009,2026-05-18 10:43:28+05:30,52901.9,0,0.0,0,0.0,0.0,53282.15,53308.4,52783.45,53710.35,0,0.0,0.0,0.0,0.0,-0.01,-1,-1,-0.01,-1,-1,-0.01,-1,-1,-0.01,-1,-1,-0.01,-1,-1,-0.01,-1,-1,-0.01,-1,-1,-0.01,-1,-1,-0.01,-1,-1,-0.01,-1,-1
99926009,2026-05-18 10:43:28+05:30,52900.6,0,0.0,0,0.0,0.0,53282.15,53308.4,52783.45,53710.35,0,0.0,0.0,0.0,0.0,-0.01,-1,-1,-0.01,-1,-1,-0.01,-1,-1,-0.01,-1,-1,-0.01,-1,-1,-0.01,-1,-1,-0.01,-1,-1,-0.01,-1,-1,-0.01,-1,-1,-0.01,-1,-1
99926009,2026-05-18 10:43:29+05:30,52898.8,0,0.0,0,0.0,0.0,53282.15,53308.4,52783.45,53710.35,0,0.0,0.0,0.0,0.0,-0.01,-1,-1,-0.01,-1,-1,-0.01,-1,-1,-0.01,-1,-1,-0.01,-1,-1,-0.01,-1,-1,-0.01,-1,-1,-0.01,-1,-1,-0.01,-1,-1,-0.01,-1,-1
99926009,2026-05-18 10:43:29+05:30,52900.8,0,0.0,0,0.0,0.0,53282.15,53308.4,52783.45,53710.35,0,0.0,0.0,0.0,0.0,-0.01,-1,-1,-0.01,-1,-1,-0.01,-1,-1,-0.01,-1,-1,-0.01,-1,-1,-0.01,-1,-1,-0.01,-1,-1,-0.01,-1,-1,-0.01,-1,-1,-0.01,-1,-1
99926009,2026-05-18 10:43:30+05:30,52897.3,0,0.0,0,0.0,0.0,53282.15,53308.4,52783.45,53710.35,0,0.0,0.0,0.0,0.0,-0.01,-1,-1,-0.01,-1,-1,-0.01,-1,-1,-0.01,-1,-1,-0.01,-1,-1,-0.01,-1,-1,-0.01,-1,-1,-0.01,-1,-1,-0.01,-1,-1,-0.01,-1,-1
99926009,2026-05-18 10:43:30+05:30,52898.95,0,0.0,0,0.0,0.0,53282.15,53308.4,52783.45,53710.35,0,0.0,0.0,0.0,0.0,-0.01,-1,-1,-0.01,-1,-1,-0.01,-1,-1,-0.01,-1,-1,-0.01,-1,-1,-0.01,-1,-1,-0.01,-1,-1,-0.01,-1,-1,-0.01,-1,-1,-0.01,-1,-1
99926009,2026-05-18 10:43:31+05:30,52898.2,0,0.0,0,0.0,0.0,53282.15,53308.4,52783.45,53710.35,0,0.0,0.0,0.0,0.0,-0.01,-1,-1,-0.01,-1,-1,-0.01,-1,-1,-0.01,-1,-1,-0.01,-1,-1,-0.01,-1,-1,-0.01,-1,-1,-0.01,-1,-1,-0.01,-1,-1,-0.01,-1,-1
99926009,2026-05-18 10:43:31+05:30,52895.1,0,0.0,0,0.0,0.0,53282.15,53308.4,52783.45,53710.35,0,0.0,0.0,0.0,0.0,-0.01,-1,-1,-0.01,-1,-1,-0.01,-1,-1,-0.01,-1,-1,-0.01,-1,-1,-0.01,-1,-1,-0.01,-1,-1,-0.01,-1,-1,-0.01,-1,-1,-0.01,-1,-1
99926009,2026-05-18 10:43:32+05:30,52893.4,0,0.0,0,0.0,0.0,53282.15,53308.4,52783.45,53710.35,0,0.0,0.0,0.0,0.0,-0.01,-1,-1,-0.01,-1,-1,-0.01,-1,-1,-0.01,-1,-1,-0.01,-1,-1,-0.01,-1,-1,-0.01,-1,-1,-0.01,-1,-1,-0.01,-1,-1,-0.01,-1,-1
99926009,2026-05-18 10:43:32+05:30,52891.9,0,0.0,0,0.0,0.0,53282.15,53308.4,52783.45,53710.35,0,0.0,0.0,0.0,0.0,-0.01,-1,-1,-0.01,-1,-1,-0.01,-1,-1,-0.01,-1,-1,-0.01,-1,-1,-0.01,-1,-1,-0.01,-1,-1,-0.01,-1,-1,-0.01,-1,-1,-0.01,-1,-1
99926009,2026-05-18 10:43:33+05:30,52889.3,0,0.0,0,0.0,0.0,53282.15,53308.4,52783.45,53710.35,0,0.0,0.0,0.0,0.0,-0.01,-1,-1,-0.01,-1,-1,-0.01,-1,-1,-0.01,-1,-1,-0.01,-1,-1,-0.01,-1,-1,-0.01,-1,-1,-0.01,-1,-1,-0.01,-1,-1,-0.01,-1,-1
99926009,2026-05-18 10:43:33+05:30,52891.8,0,0.0,0,0.0,0.0,53282.15,53308.4,52783.45,53710.35,0,0.0,0.0,0.0,0.0,-0.01,-1,-1,-0.01,-1,-1,-0.01,-1,-1,-0.01,-1,-1,-0.01,-1,-1,-0.01,-1,-1,-0.01,-1,-1,-0.01,-1,-1,-0.01,-1,-1,-0.01,-1,-1
99926009,2026-05-18 10:43:34+05:30,52890.3,0,0.0,0,0.0,0.0,53282.15,53308.4,52783.45,53710.35,0,0.0,0.0,0.0,0.0,-0.01,-1,-1,-0.01,-1,-1,-0.01,-1,-1,-0.01,-1,-1,-0.01,-1,-1,-0.01,-1,-1,-0.01,-1,-1,-0.01,-1,-1,-0.01,-1,-1,-0.01,-1,-1
99926009,2026-05-18 10:43:34+05:30,52889.2,0,0.0,0,0.0,0.0,53282.15,53308.4,52783.45,53710.35,0,0.0,0.0,0.0,0.0,-0.01,-1,-1,-0.01,-1,-1,-0.01,-1,-1,-0.01,-1,-1,-0.01,-1,-1,-0.01,-1,-1,-0.01,-1,-1,-0.01,-1,-1,-0.01,-1,-1,-0.01,-1,-1
99926009,2026-05-18 10:43:35+05:30,52890.85,0,0.0,0,0.0,0.0,53282.15,53308.4,52783.45,53710.35,0,0.0,0.0,0.0,0.0,-0.01,-1,-1,-0.01,-1,-1,-0.01,-1,-1,-0.01,-1,-1,-0.01,-1,-1,-0.01,-1,-1,-0.01,-1,-1,-0.01,-1,-1,-0.01,-1,-1,-0.01,-1,-1
99926009,2026-05-18 10:43:35+05:30,52886.35,0,0.0,0,0.0,0.0,53282.15,53308.4,52783.45,53710.35,0,0.0,0.0,0.0,0.0,-0.01,-1,-1,-0.01,-1,-1,-0.01,-1,-1,-0.01,-1,-1,-0.01,-1,-1,-0.01,-1,-1,-0.01,-1,-1,-0.01,-1,-1,-0.01,-1,-1,-0.01,-1,-1
99926009,2026-05-18 10:43:36+05:30,52888.85,0,0.0,0,0.0,0.0,53282.15,53308.4,52783.45,53710.35,0,0.0,0.0,0.0,0.0,-0.01,-1,-1,-0.01,-1,-1,-0.01,-1,-1,-0.01,-1,-1,-0.01,-1,-1,-0.01,-1,-1,-0.01,-1,-1,-0.01,-1,-1,-0.01,-1,-1,-0.01,-1,-1
99926009,2026-05-18 10:43:36+05:30,52888.8,0,0.0,0,0.0,0.0,53282.15,53308.4,52783.45,53710.35,0,0.0,0.0,0.0,0.0,-0.01,-1,-1,-0.01,-1,-1,-0.01,-1,-1,-0.01,-1,-1,-0.01,-1,-1,-0.01,-1,-1,-0.01,-1,-1,-0.01,-1,-1,-0.01,-1,-1,-0.01,-1,-1
99926009,2026-05-18 10:43:37+05:30,52886.15,0,0.0,0,0.0,0.0,53282.15,53308.4,52783.45,53710.35,0,0.0,0.0,0.0,0.0,-0.01,-1,-1,-0.01,-1,-1,-0.01,-1,-1,-0.01,-1,-1,-0.01,-1,-1,-0.01,-1,-1,-0.01,-1,-1,-0.01,-1,-1,-0.01,-1,-1,-0.01,-1,-1
99926009,2026-05-18 10:43:37+05:30,52887.6,0,0.0,0,0.0,0.0,53282.15,53308.4,52783.45,53710.35,0,0.0,0.0,0.0,0.0,-0.01,-1,-1,-0.01,-1,-1,-0.01,-1,-1,-0.01,-1,-1,-0.01,-1,-1,-0.01,-1,-1,-0.01,-1,-1,-0.01,-1,-1,-0.01,-1,-1,-0.01,-1,-1
99926009,2026-05-18 10:43:38+05:30,52883.2,0,0.0,0,0.0,0.0,53282.15,53308.4,52783.45,53710.35,0,0.0,0.0,0.0,0.0,-0.01,-1,-1,-0.01,-1,-1,-0.01,-1,-1,-0.01,-1,-1,-0.01,-1,-1,-0.01,-1,-1,-0.01,-1,-1,-0.01,-1,-1,-0.01,-1,-1,-0.01,-1,-1
99926009,2026-05-18 10:43:38+05:30,52882.75,0,0.0,0,0.0,0.0,53282.15,53308.4,52783.45,53710.35,0,0.0,0.0,0.0,0.0,-0.01,-1,-1,-0.01,-1,-1,-0.01,-1,-1,-0.01,-1,-1,-0.01,-1,-1,-0.01,-1,-1,-0.01,-1,-1,-0.01,-1,-1,-0.01,-1,-1,-0.01,-1,-1
99926009,2026-05-18 10:43:39+05:30,52887.9,0,0.0,0,0.0,0.0,53282.15,53308.4,52783.45,53710.35,0,0.0,0.0,0.0,0.0,-0.01,-1,-1,-0.01,-1,-1,-0.01,-1,-1,-0.01,-1,-1,-0.01,-1,-1,-0.01,-1,-1,-0.01,-1,-1,-0.01,-1,-1,-0.01,-1,-1,-0.01,-1,-1
99926009,2026-05-18 10:43:39+05:30,52888.3,0,0.0,0,0.0,0.0,53282.15,53308.4,52783.45,53710.35,0,0.0,0.0,0.0,0.0,-0.01,-1,-1,-0.01,-1,-1,-0.01,-1,-1,-0.01,-1,-1,-0.01,-1,-1,-0.01,-1,-1,-0.01,-1,-1,-0.01,-1,-1,-0.01,-1,-1,-0.01,-1,-1
99926009,2026-05-18 10:43:40+05:30,52887.45,0,0.0,0,0.0,0.0,53282.15,53308.4,52783.45,53710.35,0,0.0,0.0,0.0,0.0,-0.01,-1,-1,-0.01,-1,-1,-0.01,-1,-1,-0.01,-1,-1,-0.01,-1,-1,-0.01,-1,-1,-0.01,-1,-1,-0.01,-1,-1,-0.01,-1,-1,-0.01,-1,-1
99926009,2026-05-18 10:43:40+05:30,52890.5,0,0.0,0,0.0,0.0,53282.15,53308.4,52783.45,53710.35,0,0.0,0.0,0.0,0.0,-0.01,-1,-1,-0.01,-1,-1,-0.01,-1,-1,-0.01,-1,-1,-0.01,-1,-1,-0.01,-1,-1,-0.01,-1,-1,-0.01,-1,-1,-0.01,-1,-1,-0.01,-1,-1
99926009,2026-05-18 10:43:41+05:30,52890.55,0,0.0,0,0.0,0.0,53282.15,53308.4,52783.45,53710.35,0,0.0,0.0,0.0,0.0,-0.01,-1,-1,-0.01,-1,-1,-0.01,-1,-1,-0.01,-1,-1,-0.01,-1,-1,-0.01,-1,-1,-0.01,-1,-1,-0.01,-1,-1,-0.01,-1,-1,-0.01,-1,-1
99926009,2026-05-18 10:43:41+05:30,52890.65,0,0.0,0,0.0,0.0,53282.15,53308.4,52783.45,53710.35,0,0.0,0.0,0.0,0.0,-0.01,-1,-1,-0.01,-1,-1,-0.01,-1,-1,-0.01,-1,-1,-0.01,-1,-1,-0.01,-1,-1,-0.01,-1,-1,-0.01,-1,-1,-0.01,-1,-1,-0.01,-1,-1
99926009,2026-05-18 10:43:42+05:30,52889.8,0,0.0,0,0.0,0.0,53282.15,53308.4,52783.45,53710.35,0,0.0,0.0,0.0,0.0,-0.01,-1,-1,-0.01,-1,-1,-0.01,-1,-1,-0.01,-1,-1,-0.01,-1,-1,-0.01,-1,-1,-0.01,-1,-1,-0.01,-1,-1,-0.01,-1,-1,-0.01,-1,-1
99926009,2026-05-18 10:43:42+05:30,52888.25,0,0.0,0,0.0,0.0,53282.15,53308.4,52783.45,53710.35,0,0.0,0.0,0.0,0.0,-0.01,-1,-1,-0.01,-1,-1,-0.01,-1,-1,-0.01,-1,-1,-0.01,-1,-1,-0.01,-1,-1,-0.01,-1,-1,-0.01,-1,-1,-0.01,-1,-1,-0.01,-1,-1
99926009,2026-05-18 10:43:43+05:30,52885.65,0,0.0,0,0.0,0.0,53282.15,53308.4,52783.45,53710.35,0,0.0,0.0,0.0,0.0,-0.01,-1,-1,-0.01,-1,-1,-0.01,-1,-1,-0.01,-1,-1,-0.01,-1,-1,-0.01,-1,-1,-0.01,-1,-1,-0.01,-1,-1,-0.01,-1,-1,-0.01,-1,-1
99926009,2026-05-18 10:43:43+05:30,52888.4,0,0.0,0,0.0,0.0,53282.15,53308.4,52783.45,53710.35,0,0.0,0.0,0.0,0.0,-0.01,-1,-1,-0.01,-1,-1,-0.01,-1,-1,-0.01,-1,-1,-0.01,-1,-1,-0.01,-1,-1,-0.01,-1,-1,-0.01,-1,-1,-0.01,-1,-1,-0.01,-1,-1
99926009,2026-05-18 10:43:44+05:30,52886.45,0,0.0,0,0.0,0.0,53282.15,53308.4,52783.45,53710.35,0,0.0,0.0,0.0,0.0,-0.01,-1,-1,-0.01,-1,-1,-0.01,-1,-1,-0.01,-1,-1,-0.01,-1,-1,-0.01,-1,-1,-0.01,-1,-1,-0.01,-1,-1,-0.01,-1,-1,-0.01,-1,-1
99926009,2026-05-18 10:43:44+05:30,52888.75,0,0.0,0,0.0,0.0,53282.15,53308.4,52783.45,53710.35,0,0.0,0.0,0.0,0.0,-0.01,-1,-1,-0.01,-1,-1,-0.01,-1,-1,-0.01,-1,-1,-0.01,-1,-1,-0.01,-1,-1,-0.01,-1,-1,-0.01,-1,-1,-0.01,-1,-1,-0.01,-1,-1
99926009,2026-05-18 10:43:45+05:30,52881.05,0,0.0,0,0.0,0.0,53282.15,53308.4,52783.45,53710.35,0,0.0,0.0,0.0,0.0,-0.01,-1,-1,-0.01,-1,-1,-0.01,-1,-1,-0.01,-1,-1,-0.01,-1,-1,-0.01,-1,-1,-0.01,-1,-1,-0.01,-1,-1,-0.01,-1,-1,-0.01,-1,-1
99926009,2026-05-18 10:43:45+05:30,52883.15,0,0.0,0,0.0,0.0,53282.15,53308.4,52783.45,53710.35,0,0.0,0.0,0.0,0.0,-0.01,-1,-1,-0.01,-1,-1,-0.01,-1,-1,-0.01,-1,-1,-0.01,-1,-1,-0.01,-1,-1,-0.01,-1,-1,-0.01,-1,-1,-0.01,-1,-1,-0.01,-1,-1
99926009,2026-05-18 10:43:46+05:30,52881.6,0,0.0,0,0.0,0.0,53282.15,53308.4,52783.45,53710.35,0,0.0,0.0,0.0,0.0,-0.01,-1,-1,-0.01,-1,-1,-0.01,-1,-1,-0.01,-1,-1,-0.01,-1,-1,-0.01,-1,-1,-0.01,-1,-1,-0.01,-1,-1,-0.01,-1,-1,-0.01,-1,-1
99926009,2026-05-18 10:43:46+05:30,52879.25,0,0.0,0,0.0,0.0,53282.15,53308.4,52783.45,53710.35,0,0.0,0.0,0.0,0.0,-0.01,-1,-1,-0.01,-1,-1,-0.01,-1,-1,-0.01,-1,-1,-0.01,-1,-1,-0.01,-1,-1,-0.01,-1,-1,-0.01,-1,-1,-0.01,-1,-1,-0.01,-1,-1
99926009,2026-05-18 10:43:47+05:30,52876.05,0,0.0,0,0.0,0.0,53282.15,53308.4,52783.45,53710.35,0,0.0,0.0,0.0,0.0,-0.01,-1,-1,-0.01,-1,-1,-0.01,-1,-1,-0.01,-1,-1,-0.01,-1,-1,-0.01,-1,-1,-0.01,-1,-1,-0.01,-1,-1,-0.01,-1,-1,-0.01,-1,-1
99926009,2026-05-18 10:43:47+05:30,52874.6,0,0.0,0,0.0,0.0,53282.15,53308.4,52783.45,53710.35,0,0.0,0.0,0.0,0.0,-0.01,-1,-1,-0.01,-1,-1,-0.01,-1,-1,-0.01,-1,-1,-0.01,-1,-1,-0.01,-1,-1,-0.01,-1,-1,-0.01,-1,-1,-0.01,-1,-1,-0.01,-1,-1
99926009,2026-05-18 10:43:48+05:30,52876.55,0,0.0,0,0.0,0.0,53282.15,53308.4,52783.45,53710.35,0,0.0,0.0,0.0,0.0,-0.01,-1,-1,-0.01,-1,-1,-0.01,-1,-1,-0.01,-1,-1,-0.01,-1,-1,-0.01,-1,-1,-0.01,-1,-1,-0.01,-1,-1,-0.01,-1,-1,-0.01,-1,-1
99926009,2026-05-18 10:43:48+05:30,52871.55,0,0.0,0,0.0,0.0,53282.15,53308.4,52783.45,53710.35,0,0.0,0.0,0.0,0.0,-0.01,-1,-1,-0.01,-1,-1,-0.01,-1,-1,-0.01,-1,-1,-0.01,-1,-1,-0.01,-1,-1,-0.01,-1,-1,-0.01,-1,-1,-0.01,-1,-1,-0.01,-1,-1
99926009,2026-05-18 10:43:49+05:30,52869.8,0,0.0,0,0.0,0.0,53282.15,53308.4,52783.45,53710.35,0,0.0,0.0,0.0,0.0,-0.01,-1,-1,-0.01,-1,-1,-0.01,-1,-1,-0.01,-1,-1,-0.01,-1,-1,-0.01,-1,-1,-0.01,-1,-1,-0.01,-1,-1,-0.01,-1,-1,-0.01,-1,-1
99926009,2026-05-18 10:43:49+05:30,52870.75,0,0.0,0,0.0,0.0,53282.15,53308.4,52783.45,53710.35,0,0.0,0.0,0.0,0.0,-0.01,-1,-1,-0.01,-1,-1,-0.01,-1,-1,-0.01,-1,-1,-0.01,-1,-1,-0.01,-1,-1,-0.01,-1,-1,-0.01,-1,-1,-0.01,-1,-1,-0.01,-1,-1
99926009,2026-05-18 10:43:50+05:30,52872.0,0,0.0,0,0.0,0.0,53282.15,53308.4,52783.45,53710.35,0,0.0,0.0,0.0,0.0,-0.01,-1,-1,-0.01,-1,-1,-0.01,-1,-1,-0.01,-1,-1,-0.01,-1,-1,-0.01,-1,-1,-0.01,-1,-1,-0.01,-1,-1,-0.01,-1,-1,-0.01,-1,-1
99926009,2026-05-18 10:43:50+05:30,52869.1,0,0.0,0,0.0,0.0,53282.15,53308.4,52783.45,53710.35,0,0.0,0.0,0.0,0.0,-0.01,-1,-1,-0.01,-1,-1,-0.01,-1,-1,-0.01,-1,-1,-0.01,-1,-1,-0.01,-1,-1,-0.01,-1,-1,-0.01,-1,-1,-0.01,-1,-1,-0.01,-1,-1
99926009,2026-05-18 10:43:51+05:30,52870.2,0,0.0,0,0.0,0.0,53282.15,53308.4,52783.45,53710.35,0,0.0,0.0,0.0,0.0,-0.01,-1,-1,-0.01,-1,-1,-0.01,-1,-1,-0.01,-1,-1,-0.01,-1,-1,-0.01,-1,-1,-0.01,-1,-1,-0.01,-1,-1,-0.01,-1,-1,-0.01,-1,-1
99926009,2026-05-18 10:43:51+05:30,52868.95,0,0.0,0,0.0,0.0,53282.15,53308.4,52783.45,53710.35,0,0.0,0.0,0.0,0.0,-0.01,-1,-1,-0.01,-1,-1,-0.01,-1,-1,-0.01,-1,-1,-0.01,-1,-1,-0.01,-1,-1,-0.01,-1,-1,-0.01,-1,-1,-0.01,-1,-1,-0.01,-1,-1
99926009,2026-05-18 10:43:52+05:30,52869.25,0,0.0,0,0.0,0.0,53282.15,53308.4,52783.45,53710.35,0,0.0,0.0,0.0,0.0,-0.01,-1,-1,-0.01,-1,-1,-0.01,-1,-1,-0.01,-1,-1,-0.01,-1,-1,-0.01,-1,-1,-0.01,-1,-1,-0.01,-1,-1,-0.01,-1,-1,-0.01,-1,-1
99926009,2026-05-18 10:43:52+05:30,52869.5,0,0.0,0,0.0,0.0,53282.15,53308.4,52783.45,53710.35,0,0.0,0.0,0.0,0.0,-0.01,-1,-1,-0.01,-1,-1,-0.01,-1,-1,-0.01,-1,-1,-0.01,-1,-1,-0.01,-1,-1,-0.01,-1,-1,-0.01,-1,-1,-0.01,-1,-1,-0.01,-1,-1
99926009,2026-05-18 10:43:53+05:30,52870.1,0,0.0,0,0.0,0.0,53282.15,53308.4,52783.45,53710.35,0,0.0,0.0,0.0,0.0,-0.01,-1,-1,-0.01,-1,-1,-0.01,-1,-1,-0.01,-1,-1,-0.01,-1,-1,-0.01,-1,-1,-0.01,-1,-1,-0.01,-1,-1,-0.01,-1,-1,-0.01,-1,-1
99926009,2026-05-18 10:43:53+05:30,52869.6,0,0.0,0,0.0,0.0,53282.15,53308.4,52783.45,53710.35,0,0.0,0.0,0.0,0.0,-0.01,-1,-1,-0.01,-1,-1,-0.01,-1,-1,-0.01,-1,-1,-0.01,-1,-1,-0.01,-1,-1,-0.01,-1,-1,-0.01,-1,-1,-0.01,-1,-1,-0.01,-1,-1
99926009,2026-05-18 10:43:54+05:30,52868.8,0,0.0,0,0.0,0.0,53282.15,53308.4,52783.45,53710.35,0,0.0,0.0,0.0,0.0,-0.01,-1,-1,-0.01,-1,-1,-0.01,-1,-1,-0.01,-1,-1,-0.01,-1,-1,-0.01,-1,-1,-0.01,-1,-1,-0.01,-1,-1,-0.01,-1,-1,-0.01,-1,-1
99926009,2026-05-18 10:43:54+05:30,52871.45,0,0.0,0,0.0,0.0,53282.15,53308.4,52783.45,53710.35,0,0.0,0.0,0.0,0.0,-0.01,-1,-1,-0.01,-1,-1,-0.01,-1,-1,-0.01,-1,-1,-0.01,-1,-1,-0.01,-1,-1,-0.01,-1,-1,-0.01,-1,-1,-0.01,-1,-1,-0.01,-1,-1
99926009,2026-05-18 10:43:55+05:30,52872.9,0,0.0,0,0.0,0.0,53282.15,53308.4,52783.45,53710.35,0,0.0,0.0,0.0,0.0,-0.01,-1,-1,-0.01,-1,-1,-0.01,-1,-1,-0.01,-1,-1,-0.01,-1,-1,-0.01,-1,-1,-0.01,-1,-1,-0.01,-1,-1,-0.01,-1,-1,-0.01,-1,-1
99926009,2026-05-18 10:43:55+05:30,52870.15,0,0.0,0,0.0,0.0,53282.15,53308.4,52783.45,53710.35,0,0.0,0.0,0.0,0.0,-0.01,-1,-1,-0.01,-1,-1,-0.01,-1,-1,-0.01,-1,-1,-0.01,-1,-1,-0.01,-1,-1,-0.01,-1,-1,-0.01,-1,-1,-0.01,-1,-1,-0.01,-1,-1
99926009,2026-05-18 10:43:56+05:30,52871.35,0,0.0,0,0.0,0.0,53282.15,53308.4,52783.45,53710.35,0,0.0,0.0,0.0,0.0,-0.01,-1,-1,-0.01,-1,-1,-0.01,-1,-1,-0.01,-1,-1,-0.01,-1,-1,-0.01,-1,-1,-0.01,-1,-1,-0.01,-1,-1,-0.01,-1,-1,-0.01,-1,-1
99926009,2026-05-18 10:43:56+05:30,52868.1,0,0.0,0,0.0,0.0,53282.15,53308.4,52783.45,53710.35,0,0.0,0.0,0.0,0.0,-0.01,-1,-1,-0.01,-1,-1,-0.01,-1,-1,-0.01,-1,-1,-0.01,-1,-1,-0.01,-1,-1,-0.01,-1,-1,-0.01,-1,-1,-0.01,-1,-1,-0.01,-1,-1
99926009,2026-05-18 10:43:57+05:30,52869.55,0,0.0,0,0.0,0.0,53282.15,53308.4,52783.45,53710.35,0,0.0,0.0,0.0,0.0,-0.01,-1,-1,-0.01,-1,-1,-0.01,-1,-1,-0.01,-1,-1,-0.01,-1,-1,-0.01,-1,-1,-0.01,-1,-1,-0.01,-1,-1,-0.01,-1,-1,-0.01,-1,-1
99926009,2026-05-18 10:43:57+05:30,52867.6,0,0.0,0,0.0,0.0,53282.15,53308.4,52783.45,53710.35,0,0.0,0.0,0.0,0.0,-0.01,-1,-1,-0.01,-1,-1,-0.01,-1,-1,-0.01,-1,-1,-0.01,-1,-1,-0.01,-1,-1,-0.01,-1,-1,-0.01,-1,-1,-0.01,-1,-1,-0.01,-1,-1
99926009,2026-05-18 10:43:58+05:30,52867.3,0,0.0,0,0.0,0.0,53282.15,53308.4,52783.45,53710.35,0,0.0,0.0,0.0,0.0,-0.01,-1,-1,-0.01,-1,-1,-0.01,-1,-1,-0.01,-1,-1,-0.01,-1,-1,-0.01,-1,-1,-0.01,-1,-1,-0.01,-1,-1,-0.01,-1,-1,-0.01,-1,-1
99926009,2026-05-18 10:43:58+05:30,52873.4,0,0.0,0,0.0,0.0,53282.15,53308.4,52783.45,53710.35,0,0.0,0.0,0.0,0.0,-0.01,-1,-1,-0.01,-1,-1,-0.01,-1,-1,-0.01,-1,-1,-0.01,-1,-1,-0.01,-1,-1,-0.01,-1,-1,-0.01,-1,-1,-0.01,-1,-1,-0.01,-1,-1
99926009,2026-05-18 10:43:59+05:30,52864.65,0,0.0,0,0.0,0.0,53282.15,53308.4,52783.45,53710.35,0,0.0,0.0,0.0,0.0,-0.01,-1,-1,-0.01,-1,-1,-0.01,-1,-1,-0.01,-1,-1,-0.01,-1,-1,-0.01,-1,-1,-0.01,-1,-1,-0.01,-1,-1,-0.01,-1,-1,-0.01,-1,-1
99926009,2026-05-18 10:43:59+05:30,52865.55,0,0.0,0,0.0,0.0,53282.15,53308.4,52783.45,53710.35,0,0.0,0.0,0.0,0.0,-0.01,-1,-1,-0.01,-1,-1,-0.01,-1,-1,-0.01,-1,-1,-0.01,-1,-1,-0.01,-1,-1,-0.01,-1,-1,-0.01,-1,-1,-0.01,-1,-1,-0.01,-1,-1
99926009,2026-05-18 10:44:00+05:30,52865.8,0,0.0,0,0.0,0.0,53282.15,53308.4,52783.45,53710.35,0,0.0,0.0,0.0,0.0,-0.01,-1,-1,-0.01,-1,-1,-0.01,-1,-1,-0.01,-1,-1,-0.01,-1,-1,-0.01,-1,-1,-0.01,-1,-1,-0.01,-1,-1,-0.01,-1,-1,-0.01,-1,-1
99926009,2026-05-18 10:44:00+05:30,52865.55,0,0.0,0,0.0,0.0,53282.15,53308.4,52783.45,53710.35,0,0.0,0.0,0.0,0.0,-0.01,-1,-1,-0.01,-1,-1,-0.01,-1,-1,-0.01,-1,-1,-0.01,-1,-1,-0.01,-1,-1,-0.01,-1,-1,-0.01,-1,-1,-0.01,-1,-1,-0.01,-1,-1
99926009,2026-05-18 10:44:01+05:30,52868.5,0,0.0,0,0.0,0.0,53282.15,53308.4,52783.45,53710.35,0,0.0,0.0,0.0,0.0,-0.01,-1,-1,-0.01,-1,-1,-0.01,-1,-1,-0.01,-1,-1,-0.01,-1,-1,-0.01,-1,-1,-0.01,-1,-1,-0.01,-1,-1,-0.01,-1,-1,-0.01,-1,-1
99926009,2026-05-18 10:44:01+05:30,52871.55,0,0.0,0,0.0,0.0,53282.15,53308.4,52783.45,53710.35,0,0.0,0.0,0.0,0.0,-0.01,-1,-1,-0.01,-1,-1,-0.01,-1,-1,-0.01,-1,-1,-0.01,-1,-1,-0.01,-1,-1,-0.01,-1,-1,-0.01,-1,-1,-0.01,-1,-1,-0.01,-1,-1
99926009,2026-05-18 10:44:02+05:30,52869.75,0,0.0,0,0.0,0.0,53282.15,53308.4,52783.45,53710.35,0,0.0,0.0,0.0,0.0,-0.01,-1,-1,-0.01,-1,-1,-0.01,-1,-1,-0.01,-1,-1,-0.01,-1,-1,-0.01,-1,-1,-0.01,-1,-1,-0.01,-1,-1,-0.01,-1,-1,-0.01,-1,-1
99926009,2026-05-18 10:44:02+05:30,52872.4,0,0.0,0,0.0,0.0,53282.15,53308.4,52783.45,53710.35,0,0.0,0.0,0.0,0.0,-0.01,-1,-1,-0.01,-1,-1,-0.01,-1,-1,-0.01,-1,-1,-0.01,-1,-1,-0.01,-1,-1,-0.01,-1,-1,-0.01,-1,-1,-0.01,-1,-1,-0.01,-1,-1
99926009,2026-05-18 10:44:03+05:30,52869.05,0,0.0,0,0.0,0.0,53282.15,53308.4,52783.45,53710.35,0,0.0,0.0,0.0,0.0,-0.01,-1,-1,-0.01,-1,-1,-0.01,-1,-1,-0.01,-1,-1,-0.01,-1,-1,-0.01,-1,-1,-0.01,-1,-1,-0.01,-1,-1,-0.01,-1,-1,-0.01,-1,-1
99926009,2026-05-18 10:44:03+05:30,52868.55,0,0.0,0,0.0,0.0,53282.15,53308.4,52783.45,53710.35,0,0.0,0.0,0.0,0.0,-0.01,-1,-1,-0.01,-1,-1,-0.01,-1,-1,-0.01,-1,-1,-0.01,-1,-1,-0.01,-1,-1,-0.01,-1,-1,-0.01,-1,-1,-0.01,-1,-1,-0.01,-1,-1
99926009,2026-05-18 10:44:04+05:30,52866.9,0,0.0,0,0.0,0.0,53282.15,53308.4,52783.45,53710.35,0,0.0,0.0,0.0,0.0,-0.01,-1,-1,-0.01,-1,-1,-0.01,-1,-1,-0.01,-1,-1,-0.01,-1,-1,-0.01,-1,-1,-0.01,-1,-1,-0.01,-1,-1,-0.01,-1,-1,-0.01,-1,-1
99926009,2026-05-18 10:44:04+05:30,52862.95,0,0.0,0,0.0,0.0,53282.15,53308.4,52783.45,53710.35,0,0.0,0.0,0.0,0.0,-0.01,-1,-1,-0.01,-1,-1,-0.01,-1,-1,-0.01,-1,-1,-0.01,-1,-1,-0.01,-1,-1,-0.01,-1,-1,-0.01,-1,-1,-0.01,-1,-1,-0.01,-1,-1
99926009,2026-05-18 10:44:05+05:30,52868.45,0,0.0,0,0.0,0.0,53282.15,53308.4,52783.45,53710.35,0,0.0,0.0,0.0,0.0,-0.01,-1,-1,-0.01,-1,-1,-0.01,-1,-1,-0.01,-1,-1,-0.01,-1,-1,-0.01,-1,-1,-0.01,-1,-1,-0.01,-1,-1,-0.01,-1,-1,-0.01,-1,-1
99926009,2026-05-18 10:44:05+05:30,52863.75,0,0.0,0,0.0,0.0,53282.15,53308.4,52783.45,53710.35,0,0.0,0.0,0.0,0.0,-0.01,-1,-1,-0.01,-1,-1,-0.01,-1,-1,-0.01,-1,-1,-0.01,-1,-1,-0.01,-1,-1,-0.01,-1,-1,-0.01,-1,-1,-0.01,-1,-1,-0.01,-1,-1
99926009,2026-05-18 10:44:06+05:30,52862.4,0,0.0,0,0.0,0.0,53282.15,53308.4,52783.45,53710.35,0,0.0,0.0,0.0,0.0,-0.01,-1,-1,-0.01,-1,-1,-0.01,-1,-1,-0.01,-1,-1,-0.01,-1,-1,-0.01,-1,-1,-0.01,-1,-1,-0.01,-1,-1,-0.01,-1,-1,-0.01,-1,-1
99926009,2026-05-18 10:44:06+05:30,52861.75,0,0.0,0,0.0,0.0,53282.15,53308.4,52783.45,53710.35,0,0.0,0.0,0.0,0.0,-0.01,-1,-1,-0.01,-1,-1,-0.01,-1,-1,-0.01,-1,-1,-0.01,-1,-1,-0.01,-1,-1,-0.01,-1,-1,-0.01,-1,-1,-0.01,-1,-1,-0.01,-1,-1
99926009,2026-05-18 10:44:07+05:30,52859.25,0,0.0,0,0.0,0.0,53282.15,53308.4,52783.45,53710.35,0,0.0,0.0,0.0,0.0,-0.01,-1,-1,-0.01,-1,-1,-0.01,-1,-1,-0.01,-1,-1,-0.01,-1,-1,-0.01,-1,-1,-0.01,-1,-1,-0.01,-1,-1,-0.01,-1,-1,-0.01,-1,-1
99926009,2026-05-18 10:44:07+05:30,52859.7,0,0.0,0,0.0,0.0,53282.15,53308.4,52783.45,53710.35,0,0.0,0.0,0.0,0.0,-0.01,-1,-1,-0.01,-1,-1,-0.01,-1,-1,-0.01,-1,-1,-0.01,-1,-1,-0.01,-1,-1,-0.01,-1,-1,-0.01,-1,-1,-0.01,-1,-1,-0.01,-1,-1
99926009,2026-05-18 10:44:08+05:30,52860.5,0,0.0,0,0.0,0.0,53282.15,53308.4,52783.45,53710.35,0,0.0,0.0,0.0,0.0,-0.01,-1,-1,-0.01,-1,-1,-0.01,-1,-1,-0.01,-1,-1,-0.01,-1,-1,-0.01,-1,-1,-0.01,-1,-1,-0.01,-1,-1,-0.01,-1,-1,-0.01,-1,-1
99926009,2026-05-18 10:44:08+05:30,52861.85,0,0.0,0,0.0,0.0,53282.15,53308.4,52783.45,53710.35,0,0.0,0.0,0.0,0.0,-0.01,-1,-1,-0.01,-1,-1,-0.01,-1,-1,-0.01,-1,-1,-0.01,-1,-1,-0.01,-1,-1,-0.01,-1,-1,-0.01,-1,-1,-0.01,-1,-1,-0.01,-1,-1
99926009,2026-05-18 10:44:09+05:30,52859.2,0,0.0,0,0.0,0.0,53282.15,53308.4,52783.45,53710.35,0,0.0,0.0,0.0,0.0,-0.01,-1,-1,-0.01,-1,-1,-0.01,-1,-1,-0.01,-1,-1,-0.01,-1,-1,-0.01,-1,-1,-0.01,-1,-1,-0.01,-1,-1,-0.01,-1,-1,-0.01,-1,-1
99926009,2026-05-18 10:44:09+05:30,52862.5,0,0.0,0,0.0,0.0,53282.15,53308.4,52783.45,53710.35,0,0.0,0.0,0.0,0.0,-0.01,-1,-1,-0.01,-1,-1,-0.01,-1,-1,-0.01,-1,-1,-0.01,-1,-1,-0.01,-1,-1,-0.01,-1,-1,-0.01,-1,-1,-0.01,-1,-1,-0.01,-1,-1
99926009,2026-05-18 10:44:10+05:30,52863.95,0,0.0,0,0.0,0.0,53282.15,53308.4,52783.45,53710.35,0,0.0,0.0,0.0,0.0,-0.01,-1,-1,-0.01,-1,-1,-0.01,-1,-1,-0.01,-1,-1,-0.01,-1,-1,-0.01,-1,-1,-0.01,-1,-1,-0.01,-1,-1,-0.01,-1,-1,-0.01,-1,-1
99926009,2026-05-18 10:44:10+05:30,52865.35,0,0.0,0,0.0,0.0,53282.15,53308.4,52783.45,53710.35,0,0.0,0.0,0.0,0.0,-0.01,-1,-1,-0.01,-1,-1,-0.01,-1,-1,-0.01,-1,-1,-0.01,-1,-1,-0.01,-1,-1,-0.01,-1,-1,-0.01,-1,-1,-0.01,-1,-1,-0.01,-1,-1
99926009,2026-05-18 10:44:11+05:30,52864.85,0,0.0,0,0.0,0.0,53282.15,53308.4,52783.45,53710.35,0,0.0,0.0,0.0,0.0,-0.01,-1,-1,-0.01,-1,-1,-0.01,-1,-1,-0.01,-1,-1,-0.01,-1,-1,-0.01,-1,-1,-0.01,-1,-1,-0.01,-1,-1,-0.01,-1,-1,-0.01,-1,-1
99926009,2026-05-18 10:44:11+05:30,52862.95,0,0.0,0,0.0,0.0,53282.15,53308.4,52783.45,53710.35,0,0.0,0.0,0.0,0.0,-0.01,-1,-1,-0.01,-1,-1,-0.01,-1,-1,-0.01,-1,-1,-0.01,-1,-1,-0.01,-1,-1,-0.01,-1,-1,-0.01,-1,-1,-0.01,-1,-1,-0.01,-1,-1
99926009,2026-05-18 10:44:12+05:30,52860.65,0,0.0,0,0.0,0.0,53282.15,53308.4,52783.45,53710.35,0,0.0,0.0,0.0,0.0,-0.01,-1,-1,-0.01,-1,-1,-0.01,-1,-1,-0.01,-1,-1,-0.01,-1,-1,-0.01,-1,-1,-0.01,-1,-1,-0.01,-1,-1,-0.01,-1,-1,-0.01,-1,-1
99926009,2026-05-18 10:44:12+05:30,52863.2,0,0.0,0,0.0,0.0,53282.15,53308.4,52783.45,53710.35,0,0.0,0.0,0.0,0.0,-0.01,-1,-1,-0.01,-1,-1,-0.01,-1,-1,-0.01,-1,-1,-0.01,-1,-1,-0.01,-1,-1,-0.01,-1,-1,-0.01,-1,-1,-0.01,-1,-1,-0.01,-1,-1
99926009,2026-05-18 10:44:13+05:30,52862.65,0,0.0,0,0.0,0.0,53282.15,53308.4,52783.45,53710.35,0,0.0,0.0,0.0,0.0,-0.01,-1,-1,-0.01,-1,-1,-0.01,-1,-1,-0.01,-1,-1,-0.01,-1,-1,-0.01,-1,-1,-0.01,-1,-1,-0.01,-1,-1,-0.01,-1,-1,-0.01,-1,-1
99926009,2026-05-18 10:44:13+05:30,52859.55,0,0.0,0,0.0,0.0,53282.15,53308.4,52783.45,53710.35,0,0.0,0.0,0.0,0.0,-0.01,-1,-1,-0.01,-1,-1,-0.01,-1,-1,-0.01,-1,-1,-0.01,-1,-1,-0.01,-1,-1,-0.01,-1,-1,-0.01,-1,-1,-0.01,-1,-1,-0.01,-1,-1
99926009,2026-05-18 10:44:14+05:30,52863.45,0,0.0,0,0.0,0.0,53282.15,53308.4,52783.45,53710.35,0,0.0,0.0,0.0,0.0,-0.01,-1,-1,-0.01,-1,-1,-0.01,-1,-1,-0.01,-1,-1,-0.01,-1,-1,-0.01,-1,-1,-0.01,-1,-1,-0.01,-1,-1,-0.01,-1,-1,-0.01,-1,-1
99926009,2026-05-18 10:44:14+05:30,52865.45,0,0.0,0,0.0,0.0,53282.15,53308.4,52783.45,53710.35,0,0.0,0.0,0.0,0.0,-0.01,-1,-1,-0.01,-1,-1,-0.01,-1,-1,-0.01,-1,-1,-0.01,-1,-1,-0.01,-1,-1,-0.01,-1,-1,-0.01,-1,-1,-0.01,-1,-1,-0.01,-1,-1
99926009,2026-05-18 10:44:15+05:30,52871.05,0,0.0,0,0.0,0.0,53282.15,53308.4,52783.45,53710.35,0,0.0,0.0,0.0,0.0,-0.01,-1,-1,-0.01,-1,-1,-0.01,-1,-1,-0.01,-1,-1,-0.01,-1,-1,-0.01,-1,-1,-0.01,-1,-1,-0.01,-1,-1,-0.01,-1,-1,-0.01,-1,-1
99926009,2026-05-18 10:44:15+05:30,52877.85,0,0.0,0,0.0,0.0,53282.15,53308.4,52783.45,53710.35,0,0.0,0.0,0.0,0.0,-0.01,-1,-1,-0.01,-1,-1,-0.01,-1,-1,-0.01,-1,-1,-0.01,-1,-1,-0.01,-1,-1,-0.01,-1,-1,-0.01,-1,-1,-0.01,-1,-1,-0.01,-1,-1
99926009,2026-05-18 10:44:16+05:30,52878.15,0,0.0,0,0.0,0.0,53282.15,53308.4,52783.45,53710.35,0,0.0,0.0,0.0,0.0,-0.01,-1,-1,-0.01,-1,-1,-0.01,-1,-1,-0.01,-1,-1,-0.01,-1,-1,-0.01,-1,-1,-0.01,-1,-1,-0.01,-1,-1,-0.01,-1,-1,-0.01,-1,-1
99926009,2026-05-18 10:44:16+05:30,52879.7,0,0.0,0,0.0,0.0,53282.15,53308.4,52783.45,53710.35,0,0.0,0.0,0.0,0.0,-0.01,-1,-1,-0.01,-1,-1,-0.01,-1,-1,-0.01,-1,-1,-0.01,-1,-1,-0.01,-1,-1,-0.01,-1,-1,-0.01,-1,-1,-0.01,-1,-1,-0.01,-1,-1
99926009,2026-05-18 10:44:17+05:30,52876.7,0,0.0,0,0.0,0.0,53282.15,53308.4,52783.45,53710.35,0,0.0,0.0,0.0,0.0,-0.01,-1,-1,-0.01,-1,-1,-0.01,-1,-1,-0.01,-1,-1,-0.01,-1,-1,-0.01,-1,-1,-0.01,-1,-1,-0.01,-1,-1,-0.01,-1,-1,-0.01,-1,-1
99926009,2026-05-18 10:44:17+05:30,52873.9,0,0.0,0,0.0,0.0,53282.15,53308.4,52783.45,53710.35,0,0.0,0.0,0.0,0.0,-0.01,-1,-1,-0.01,-1,-1,-0.01,-1,-1,-0.01,-1,-1,-0.01,-1,-1,-0.01,-1,-1,-0.01,-1,-1,-0.01,-1,-1,-0.01,-1,-1,-0.01,-1,-1
99926009,2026-05-18 10:44:18+05:30,52875.45,0,0.0,0,0.0,0.0,53282.15,53308.4,52783.45,53710.35,0,0.0,0.0,0.0,0.0,-0.01,-1,-1,-0.01,-1,-1,-0.01,-1,-1,-0.01,-1,-1,-0.01,-1,-1,-0.01,-1,-1,-0.01,-1,-1,-0.01,-1,-1,-0.01,-1,-1,-0.01,-1,-1
99926009,2026-05-18 10:44:18+05:30,52873.1,0,0.0,0,0.0,0.0,53282.15,53308.4,52783.45,53710.35,0,0.0,0.0,0.0,0.0,-0.01,-1,-1,-0.01,-1,-1,-0.01,-1,-1,-0.01,-1,-1,-0.01,-1,-1,-0.01,-1,-1,-0.01,-1,-1,-0.01,-1,-1,-0.01,-1,-1,-0.01,-1,-1
99926009,2026-05-18 10:44:19+05:30,52876.9,0,0.0,0,0.0,0.0,53282.15,53308.4,52783.45,53710.35,0,0.0,0.0,0.0,0.0,-0.01,-1,-1,-0.01,-1,-1,-0.01,-1,-1,-0.01,-1,-1,-0.01,-1,-1,-0.01,-1,-1,-0.01,-1,-1,-0.01,-1,-1,-0.01,-1,-1,-0.01,-1,-1
99926009,2026-05-18 10:44:19+05:30,52875.9,0,0.0,0,0.0,0.0,53282.15,53308.4,52783.45,53710.35,0,0.0,0.0,0.0,0.0,-0.01,-1,-1,-0.01,-1,-1,-0.01,-1,-1,-0.01,-1,-1,-0.01,-1,-1,-0.01,-1,-1,-0.01,-1,-1,-0.01,-1,-1,-0.01,-1,-1,-0.01,-1,-1
99926009,2026-05-18 10:44:20+05:30,52877.3,0,0.0,0,0.0,0.0,53282.15,53308.4,52783.45,53710.35,0,0.0,0.0,0.0,0.0,-0.01,-1,-1,-0.01,-1,-1,-0.01,-1,-1,-0.01,-1,-1,-0.01,-1,-1,-0.01,-1,-1,-0.01,-1,-1,-0.01,-1,-1,-0.01,-1,-1,-0.01,-1,-1
99926009,2026-05-18 10:44:20+05:30,52875.75,0,0.0,0,0.0,0.0,53282.15,53308.4,52783.45,53710.35,0,0.0,0.0,0.0,0.0,-0.01,-1,-1,-0.01,-1,-1,-0.01,-1,-1,-0.01,-1,-1,-0.01,-1,-1,-0.01,-1,-1,-0.01,-1,-1,-0.01,-1,-1,-0.01,-1,-1,-0.01,-1,-1
99926009,2026-05-18 10:44:21+05:30,52877.65,0,0.0,0,0.0,0.0,53282.15,53308.4,52783.45,53710.35,0,0.0,0.0,0.0,0.0,-0.01,-1,-1,-0.01,-1,-1,-0.01,-1,-1,-0.01,-1,-1,-0.01,-1,-1,-0.01,-1,-1,-0.01,-1,-1,-0.01,-1,-1,-0.01,-1,-1,-0.01,-1,-1
99926009,2026-05-18 10:44:21+05:30,52876.4,0,0.0,0,0.0,0.0,53282.15,53308.4,52783.45,53710.35,0,0.0,0.0,0.0,0.0,-0.01,-1,-1,-0.01,-1,-1,-0.01,-1,-1,-0.01,-1,-1,-0.01,-1,-1,-0.01,-1,-1,-0.01,-1,-1,-0.01,-1,-1,-0.01,-1,-1,-0.01,-1,-1
99926009,2026-05-18 10:44:22+05:30,52875.0,0,0.0,0,0.0,0.0,53282.15,53308.4,52783.45,53710.35,0,0.0,0.0,0.0,0.0,-0.01,-1,-1,-0.01,-1,-1,-0.01,-1,-1,-0.01,-1,-1,-0.01,-1,-1,-0.01,-1,-1,-0.01,-1,-1,-0.01,-1,-1,-0.01,-1,-1,-0.01,-1,-1
99926009,2026-05-18 10:44:22+05:30,52882.6,0,0.0,0,0.0,0.0,53282.15,53308.4,52783.45,53710.35,0,0.0,0.0,0.0,0.0,-0.01,-1,-1,-0.01,-1,-1,-0.01,-1,-1,-0.01,-1,-1,-0.01,-1,-1,-0.01,-1,-1,-0.01,-1,-1,-0.01,-1,-1,-0.01,-1,-1,-0.01,-1,-1
99926009,2026-05-18 10:44:23+05:30,52888.65,0,0.0,0,0.0,0.0,53282.15,53308.4,52783.45,53710.35,0,0.0,0.0,0.0,0.0,-0.01,-1,-1,-0.01,-1,-1,-0.01,-1,-1,-0.01,-1,-1,-0.01,-1,-1,-0.01,-1,-1,-0.01,-1,-1,-0.01,-1,-1,-0.01,-1,-1,-0.01,-1,-1
99926009,2026-05-18 10:44:23+05:30,52888.25,0,0.0,0,0.0,0.0,53282.15,53308.4,52783.45,53710.35,0,0.0,0.0,0.0,0.0,-0.01,-1,-1,-0.01,-1,-1,-0.01,-1,-1,-0.01,-1,-1,-0.01,-1,-1,-0.01,-1,-1,-0.01,-1,-1,-0.01,-1,-1,-0.01,-1,-1,-0.01,-1,-1
99926009,2026-05-18 10:44:24+05:30,52888.5,0,0.0,0,0.0,0.0,53282.15,53308.4,52783.45,53710.35,0,0.0,0.0,0.0,0.0,-0.01,-1,-1,-0.01,-1,-1,-0.01,-1,-1,-0.01,-1,-1,-0.01,-1,-1,-0.01,-1,-1,-0.01,-1,-1,-0.01,-1,-1,-0.01,-1,-1,-0.01,-1,-1
99926009,2026-05-18 10:44:24+05:30,52891.95,0,0.0,0,0.0,0.0,53282.15,53308.4,52783.45,53710.35,0,0.0,0.0,0.0,0.0,-0.01,-1,-1,-0.01,-1,-1,-0.01,-1,-1,-0.01,-1,-1,-0.01,-1,-1,-0.01,-1,-1,-0.01,-1,-1,-0.01,-1,-1,-0.01,-1,-1,-0.01,-1,-1
99926009,2026-05-18 10:44:25+05:30,52893.05,0,0.0,0,0.0,0.0,53282.15,53308.4,52783.45,53710.35,0,0.0,0.0,0.0,0.0,-0.01,-1,-1,-0.01,-1,-1,-0.01,-1,-1,-0.01,-1,-1,-0.01,-1,-1,-0.01,-1,-1,-0.01,-1,-1,-0.01,-1,-1,-0.01,-1,-1,-0.01,-1,-1
99926009,2026-05-18 10:44:25+05:30,52892.2,0,0.0,0,0.0,0.0,53282.15,53308.4,52783.45,53710.35,0,0.0,0.0,0.0,0.0,-0.01,-1,-1,-0.01,-1,-1,-0.01,-1,-1,-0.01,-1,-1,-0.01,-1,-1,-0.01,-1,-1,-0.01,-1,-1,-0.01,-1,-1,-0.01,-1,-1,-0.01,-1,-1
99926009,2026-05-18 10:44:26+05:30,52895.55,0,0.0,0,0.0,0.0,53282.15,53308.4,52783.45,53710.35,0,0.0,0.0,0.0,0.0,-0.01,-1,-1,-0.01,-1,-1,-0.01,-1,-1,-0.01,-1,-1,-0.01,-1,-1,-0.01,-1,-1,-0.01,-1,-1,-0.01,-1,-1,-0.01,-1,-1,-0.01,-1,-1
99926009,2026-05-18 10:44:26+05:30,52895.45,0,0.0,0,0.0,0.0,53282.15,53308.4,52783.45,53710.35,0,0.0,0.0,0.0,0.0,-0.01,-1,-1,-0.01,-1,-1,-0.01,-1,-1,-0.01,-1,-1,-0.01,-1,-1,-0.01,-1,-1,-0.01,-1,-1,-0.01,-1,-1,-0.01,-1,-1,-0.01,-1,-1
99926009,2026-05-18 10:44:27+05:30,52896.8,0,0.0,0,0.0,0.0,53282.15,53308.4,52783.45,53710.35,0,0.0,0.0,0.0,0.0,-0.01,-1,-1,-0.01,-1,-1,-0.01,-1,-1,-0.01,-1,-1,-0.01,-1,-1,-0.01,-1,-1,-0.01,-1,-1,-0.01,-1,-1,-0.01,-1,-1,-0.01,-1,-1
99926009,2026-05-18 10:44:27+05:30,52896.35,0,0.0,0,0.0,0.0,53282.15,53308.4,52783.45,53710.35,0,0.0,0.0,0.0,0.0,-0.01,-1,-1,-0.01,-1,-1,-0.01,-1,-1,-0.01,-1,-1,-0.01,-1,-1,-0.01,-1,-1,-0.01,-1,-1,-0.01,-1,-1,-0.01,-1,-1,-0.01,-1,-1
99926009,2026-05-18 10:44:28+05:30,52897.1,0,0.0,0,0.0,0.0,53282.15,53308.4,52783.45,53710.35,0,0.0,0.0,0.0,0.0,-0.01,-1,-1,-0.01,-1,-1,-0.01,-1,-1,-0.01,-1,-1,-0.01,-1,-1,-0.01,-1,-1,-0.01,-1,-1,-0.01,-1,-1,-0.01,-1,-1,-0.01,-1,-1
99926009,2026-05-18 10:44:28+05:30,52900.75,0,0.0,0,0.0,0.0,53282.15,53308.4,52783.45,53710.35,0,0.0,0.0,0.0,0.0,-0.01,-1,-1,-0.01,-1,-1,-0.01,-1,-1,-0.01,-1,-1,-0.01,-1,-1,-0.01,-1,-1,-0.01,-1,-1,-0.01,-1,-1,-0.01,-1,-1,-0.01,-1,-1
99926009,2026-05-18 10:44:29+05:30,52899.5,0,0.0,0,0.0,0.0,53282.15,53308.4,52783.45,53710.35,0,0.0,0.0,0.0,0.0,-0.01,-1,-1,-0.01,-1,-1,-0.01,-1,-1,-0.01,-1,-1,-0.01,-1,-1,-0.01,-1,-1,-0.01,-1,-1,-0.01,-1,-1,-0.01,-1,-1,-0.01,-1,-1
99926009,2026-05-18 10:44:29+05:30,52899.8,0,0.0,0,0.0,0.0,53282.15,53308.4,52783.45,53710.35,0,0.0,0.0,0.0,0.0,-0.01,-1,-1,-0.01,-1,-1,-0.01,-1,-1,-0.01,-1,-1,-0.01,-1,-1,-0.01,-1,-1,-0.01,-1,-1,-0.01,-1,-1,-0.01,-1,-1,-0.01,-1,-1
99926009,2026-05-18 10:44:30+05:30,52904.8,0,0.0,0,0.0,0.0,53282.15,53308.4,52783.45,53710.35,0,0.0,0.0,0.0,0.0,-0.01,-1,-1,-0.01,-1,-1,-0.01,-1,-1,-0.01,-1,-1,-0.01,-1,-1,-0.01,-1,-1,-0.01,-1,-1,-0.01,-1,-1,-0.01,-1,-1,-0.01,-1,-1
99926009,2026-05-18 10:44:30+05:30,52907.6,0,0.0,0,0.0,0.0,53282.15,53308.4,52783.45,53710.35,0,0.0,0.0,0.0,0.0,-0.01,-1,-1,-0.01,-1,-1,-0.01,-1,-1,-0.01,-1,-1,-0.01,-1,-1,-0.01,-1,-1,-0.01,-1,-1,-0.01,-1,-1,-0.01,-1,-1,-0.01,-1,-1
99926009,2026-05-18 10:44:31+05:30,52912.2,0,0.0,0,0.0,0.0,53282.15,53308.4,52783.45,53710.35,0,0.0,0.0,0.0,0.0,-0.01,-1,-1,-0.01,-1,-1,-0.01,-1,-1,-0.01,-1,-1,-0.01,-1,-1,-0.01,-1,-1,-0.01,-1,-1,-0.01,-1,-1,-0.01,-1,-1,-0.01,-1,-1
99926009,2026-05-18 10:44:31+05:30,52913.45,0,0.0,0,0.0,0.0,53282.15,53308.4,52783.45,53710.35,0,0.0,0.0,0.0,0.0,-0.01,-1,-1,-0.01,-1,-1,-0.01,-1,-1,-0.01,-1,-1,-0.01,-1,-1,-0.01,-1,-1,-0.01,-1,-1,-0.01,-1,-1,-0.01,-1,-1,-0.01,-1,-1
99926009,2026-05-18 10:44:32+05:30,52910.1,0,0.0,0,0.0,0.0,53282.15,53308.4,52783.45,53710.35,0,0.0,0.0,0.0,0.0,-0.01,-1,-1,-0.01,-1,-1,-0.01,-1,-1,-0.01,-1,-1,-0.01,-1,-1,-0.01,-1,-1,-0.01,-1,-1,-0.01,-1,-1,-0.01,-1,-1,-0.01,-1,-1
99926009,2026-05-18 10:44:32+05:30,52910.25,0,0.0,0,0.0,0.0,53282.15,53308.4,52783.45,53710.35,0,0.0,0.0,0.0,0.0,-0.01,-1,-1,-0.01,-1,-1,-0.01,-1,-1,-0.01,-1,-1,-0.01,-1,-1,-0.01,-1,-1,-0.01,-1,-1,-0.01,-1,-1,-0.01,-1,-1,-0.01,-1,-1
99926009,2026-05-18 10:44:33+05:30,52911.85,0,0.0,0,0.0,0.0,53282.15,53308.4,52783.45,53710.35,0,0.0,0.0,0.0,0.0,-0.01,-1,-1,-0.01,-1,-1,-0.01,-1,-1,-0.01,-1,-1,-0.01,-1,-1,-0.01,-1,-1,-0.01,-1,-1,-0.01,-1,-1,-0.01,-1,-1,-0.01,-1,-1
99926009,2026-05-18 10:44:33+05:30,52907.65,0,0.0,0,0.0,0.0,53282.15,53308.4,52783.45,53710.35,0,0.0,0.0,0.0,0.0,-0.01,-1,-1,-0.01,-1,-1,-0.01,-1,-1,-0.01,-1,-1,-0.01,-1,-1,-0.01,-1,-1,-0.01,-1,-1,-0.01,-1,-1,-0.01,-1,-1,-0.01,-1,-1
99926009,2026-05-18 10:44:34+05:30,52906.8,0,0.0,0,0.0,0.0,53282.15,53308.4,52783.45,53710.35,0,0.0,0.0,0.0,0.0,-0.01,-1,-1,-0.01,-1,-1,-0.01,-1,-1,-0.01,-1,-1,-0.01,-1,-1,-0.01,-1,-1,-0.01,-1,-1,-0.01,-1,-1,-0.01,-1,-1,-0.01,-1,-1
99926009,2026-05-18 10:44:34+05:30,52910.15,0,0.0,0,0.0,0.0,53282.15,53308.4,52783.45,53710.35,0,0.0,0.0,0.0,0.0,-0.01,-1,-1,-0.01,-1,-1,-0.01,-1,-1,-0.01,-1,-1,-0.01,-1,-1,-0.01,-1,-1,-0.01,-1,-1,-0.01,-1,-1,-0.01,-1,-1,-0.01,-1,-1
99926009,2026-05-18 10:44:35+05:30,52908.85,0,0.0,0,0.0,0.0,53282.15,53308.4,52783.45,53710.35,0,0.0,0.0,0.0,0.0,-0.01,-1,-1,-0.01,-1,-1,-0.01,-1,-1,-0.01,-1,-1,-0.01,-1,-1,-0.01,-1,-1,-0.01,-1,-1,-0.01,-1,-1,-0.01,-1,-1,-0.01,-1,-1
99926009,2026-05-18 10:44:35+05:30,52909.4,0,0.0,0,0.0,0.0,53282.15,53308.4,52783.45,53710.35,0,0.0,0.0,0.0,0.0,-0.01,-1,-1,-0.01,-1,-1,-0.01,-1,-1,-0.01,-1,-1,-0.01,-1,-1,-0.01,-1,-1,-0.01,-1,-1,-0.01,-1,-1,-0.01,-1,-1,-0.01,-1,-1
99926009,2026-05-18 10:44:36+05:30,52907.95,0,0.0,0,0.0,0.0,53282.15,53308.4,52783.45,53710.35,0,0.0,0.0,0.0,0.0,-0.01,-1,-1,-0.01,-1,-1,-0.01,-1,-1,-0.01,-1,-1,-0.01,-1,-1,-0.01,-1,-1,-0.01,-1,-1,-0.01,-1,-1,-0.01,-1,-1,-0.01,-1,-1
99926009,2026-05-18 10:44:36+05:30,52907.55,0,0.0,0,0.0,0.0,53282.15,53308.4,52783.45,53710.35,0,0.0,0.0,0.0,0.0,-0.01,-1,-1,-0.01,-1,-1,-0.01,-1,-1,-0.01,-1,-1,-0.01,-1,-1,-0.01,-1,-1,-0.01,-1,-1,-0.01,-1,-1,-0.01,-1,-1,-0.01,-1,-1
99926009,2026-05-18 10:44:37+05:30,52909.5,0,0.0,0,0.0,0.0,53282.15,53308.4,52783.45,53710.35,0,0.0,0.0,0.0,0.0,-0.01,-1,-1,-0.01,-1,-1,-0.01,-1,-1,-0.01,-1,-1,-0.01,-1,-1,-0.01,-1,-1,-0.01,-1,-1,-0.01,-1,-1,-0.01,-1,-1,-0.01,-1,-1
99926009,2026-05-18 10:44:37+05:30,52909.5,0,0.0,0,0.0,0.0,53282.15,53308.4,52783.45,53710.35,0,0.0,0.0,0.0,0.0,-0.01,-1,-1,-0.01,-1,-1,-0.01,-1,-1,-0.01,-1,-1,-0.01,-1,-1,-0.01,-1,-1,-0.01,-1,-1,-0.01,-1,-1,-0.01,-1,-1,-0.01,-1,-1
99926009,2026-05-18 10:44:38+05:30,52909.65,0,0.0,0,0.0,0.0,53282.15,53308.4,52783.45,53710.35,0,0.0,0.0,0.0,0.0,-0.01,-1,-1,-0.01,-1,-1,-0.01,-1,-1,-0.01,-1,-1,-0.01,-1,-1,-0.01,-1,-1,-0.01,-1,-1,-0.01,-1,-1,-0.01,-1,-1,-0.01,-1,-1
99926009,2026-05-18 10:44:38+05:30,52911.85,0,0.0,0,0.0,0.0,53282.15,53308.4,52783.45,53710.35,0,0.0,0.0,0.0,0.0,-0.01,-1,-1,-0.01,-1,-1,-0.01,-1,-1,-0.01,-1,-1,-0.01,-1,-1,-0.01,-1,-1,-0.01,-1,-1,-0.01,-1,-1,-0.01,-1,-1,-0.01,-1,-1
99926009,2026-05-18 10:44:39+05:30,52909.95,0,0.0,0,0.0,0.0,53282.15,53308.4,52783.45,53710.35,0,0.0,0.0,0.0,0.0,-0.01,-1,-1,-0.01,-1,-1,-0.01,-1,-1,-0.01,-1,-1,-0.01,-1,-1,-0.01,-1,-1,-0.01,-1,-1,-0.01,-1,-1,-0.01,-1,-1,-0.01,-1,-1
99926009,2026-05-18 10:44:39+05:30,52913.15,0,0.0,0,0.0,0.0,53282.15,53308.4,52783.45,53710.35,0,0.0,0.0,0.0,0.0,-0.01,-1,-1,-0.01,-1,-1,-0.01,-1,-1,-0.01,-1,-1,-0.01,-1,-1,-0.01,-1,-1,-0.01,-1,-1,-0.01,-1,-1,-0.01,-1,-1,-0.01,-1,-1
99926009,2026-05-18 10:44:40+05:30,52915.35,0,0.0,0,0.0,0.0,53282.15,53308.4,52783.45,53710.35,0,0.0,0.0,0.0,0.0,-0.01,-1,-1,-0.01,-1,-1,-0.01,-1,-1,-0.01,-1,-1,-0.01,-1,-1,-0.01,-1,-1,-0.01,-1,-1,-0.01,-1,-1,-0.01,-1,-1,-0.01,-1,-1
99926009,2026-05-18 10:44:40+05:30,52913.75,0,0.0,0,0.0,0.0,53282.15,53308.4,52783.45,53710.35,0,0.0,0.0,0.0,0.0,-0.01,-1,-1,-0.01,-1,-1,-0.01,-1,-1,-0.01,-1,-1,-0.01,-1,-1,-0.01,-1,-1,-0.01,-1,-1,-0.01,-1,-1,-0.01,-1,-1,-0.01,-1,-1
99926009,2026-05-18 10:44:41+05:30,52914.7,0,0.0,0,0.0,0.0,53282.15,53308.4,52783.45,53710.35,0,0.0,0.0,0.0,0.0,-0.01,-1,-1,-0.01,-1,-1,-0.01,-1,-1,-0.01,-1,-1,-0.01,-1,-1,-0.01,-1,-1,-0.01,-1,-1,-0.01,-1,-1,-0.01,-1,-1,-0.01,-1,-1
99926009,2026-05-18 10:44:41+05:30,52912.85,0,0.0,0,0.0,0.0,53282.15,53308.4,52783.45,53710.35,0,0.0,0.0,0.0,0.0,-0.01,-1,-1,-0.01,-1,-1,-0.01,-1,-1,-0.01,-1,-1,-0.01,-1,-1,-0.01,-1,-1,-0.01,-1,-1,-0.01,-1,-1,-0.01,-1,-1,-0.01,-1,-1
99926009,2026-05-18 10:44:42+05:30,52913.7,0,0.0,0,0.0,0.0,53282.15,53308.4,52783.45,53710.35,0,0.0,0.0,0.0,0.0,-0.01,-1,-1,-0.01,-1,-1,-0.01,-1,-1,-0.01,-1,-1,-0.01,-1,-1,-0.01,-1,-1,-0.01,-1,-1,-0.01,-1,-1,-0.01,-1,-1,-0.01,-1,-1
99926009,2026-05-18 10:44:42+05:30,52915.0,0,0.0,0,0.0,0.0,53282.15,53308.4,52783.45,53710.35,0,0.0,0.0,0.0,0.0,-0.01,-1,-1,-0.01,-1,-1,-0.01,-1,-1,-0.01,-1,-1,-0.01,-1,-1,-0.01,-1,-1,-0.01,-1,-1,-0.01,-1,-1,-0.01,-1,-1,-0.01,-1,-1
99926009,2026-05-18 10:44:43+05:30,52912.5,0,0.0,0,0.0,0.0,53282.15,53308.4,52783.45,53710.35,0,0.0,0.0,0.0,0.0,-0.01,-1,-1,-0.01,-1,-1,-0.01,-1,-1,-0.01,-1,-1,-0.01,-1,-1,-0.01,-1,-1,-0.01,-1,-1,-0.01,-1,-1,-0.01,-1,-1,-0.01,-1,-1
99926009,2026-05-18 10:44:43+05:30,52911.95,0,0.0,0,0.0,0.0,53282.15,53308.4,52783.45,53710.35,0,0.0,0.0,0.0,0.0,-0.01,-1,-1,-0.01,-1,-1,-0.01,-1,-1,-0.01,-1,-1,-0.01,-1,-1,-0.01,-1,-1,-0.01,-1,-1,-0.01,-1,-1,-0.01,-1,-1,-0.01,-1,-1
99926009,2026-05-18 10:44:44+05:30,52914.25,0,0.0,0,0.0,0.0,53282.15,53308.4,52783.45,53710.35,0,0.0,0.0,0.0,0.0,-0.01,-1,-1,-0.01,-1,-1,-0.01,-1,-1,-0.01,-1,-1,-0.01,-1,-1,-0.01,-1,-1,-0.01,-1,-1,-0.01,-1,-1,-0.01,-1,-1,-0.01,-1,-1
99926009,2026-05-18 10:44:44+05:30,52914.25,0,0.0,0,0.0,0.0,53282.15,53308.4,52783.45,53710.35,0,0.0,0.0,0.0,0.0,-0.01,-1,-1,-0.01,-1,-1,-0.01,-1,-1,-0.01,-1,-1,-0.01,-1,-1,-0.01,-1,-1,-0.01,-1,-1,-0.01,-1,-1,-0.01,-1,-1,-0.01,-1,-1
99926009,2026-05-18 10:44:45+05:30,52914.7,0,0.0,0,0.0,0.0,53282.15,53308.4,52783.45,53710.35,0,0.0,0.0,0.0,0.0,-0.01,-1,-1,-0.01,-1,-1,-0.01,-1,-1,-0.01,-1,-1,-0.01,-1,-1,-0.01,-1,-1,-0.01,-1,-1,-0.01,-1,-1,-0.01,-1,-1,-0.01,-1,-1
99926009,2026-05-18 10:44:45+05:30,52913.8,0,0.0,0,0.0,0.0,53282.15,53308.4,52783.45,53710.35,0,0.0,0.0,0.0,0.0,-0.01,-1,-1,-0.01,-1,-1,-0.01,-1,-1,-0.01,-1,-1,-0.01,-1,-1,-0.01,-1,-1,-0.01,-1,-1,-0.01,-1,-1,-0.01,-1,-1,-0.01,-1,-1
99926009,2026-05-18 10:44:46+05:30,52914.45,0,0.0,0,0.0,0.0,53282.15,53308.4,52783.45,53710.35,0,0.0,0.0,0.0,0.0,-0.01,-1,-1,-0.01,-1,-1,-0.01,-1,-1,-0.01,-1,-1,-0.01,-1,-1,-0.01,-1,-1,-0.01,-1,-1,-0.01,-1,-1,-0.01,-1,-1,-0.01,-1,-1
99926009,2026-05-18 10:44:46+05:30,52914.7,0,0.0,0,0.0,0.0,53282.15,53308.4,52783.45,53710.35,0,0.0,0.0,0.0,0.0,-0.01,-1,-1,-0.01,-1,-1,-0.01,-1,-1,-0.01,-1,-1,-0.01,-1,-1,-0.01,-1,-1,-0.01,-1,-1,-0.01,-1,-1,-0.01,-1,-1,-0.01,-1,-1
99926009,2026-05-18 10:44:47+05:30,52917.2,0,0.0,0,0.0,0.0,53282.15,53308.4,52783.45,53710.35,0,0.0,0.0,0.0,0.0,-0.01,-1,-1,-0.01,-1,-1,-0.01,-1,-1,-0.01,-1,-1,-0.01,-1,-1,-0.01,-1,-1,-0.01,-1,-1,-0.01,-1,-1,-0.01,-1,-1,-0.01,-1,-1
99926009,2026-05-18 10:44:47+05:30,52915.7,0,0.0,0,0.0,0.0,53282.15,53308.4,52783.45,53710.35,0,0.0,0.0,0.0,0.0,-0.01,-1,-1,-0.01,-1,-1,-0.01,-1,-1,-0.01,-1,-1,-0.01,-1,-1,-0.01,-1,-1,-0.01,-1,-1,-0.01,-1,-1,-0.01,-1,-1,-0.01,-1,-1
99926009,2026-05-18 10:44:48+05:30,52915.7,0,0.0,0,0.0,0.0,53282.15,53308.4,52783.45,53710.35,0,0.0,0.0,0.0,0.0,-0.01,-1,-1,-0.01,-1,-1,-0.01,-1,-1,-0.01,-1,-1,-0.01,-1,-1,-0.01,-1,-1,-0.01,-1,-1,-0.01,-1,-1,-0.01,-1,-1,-0.01,-1,-1
99926009,2026-05-18 10:44:48+05:30,52913.9,0,0.0,0,0.0,0.0,53282.15,53308.4,52783.45,53710.35,0,0.0,0.0,0.0,0.0,-0.01,-1,-1,-0.01,-1,-1,-0.01,-1,-1,-0.01,-1,-1,-0.01,-1,-1,-0.01,-1,-1,-0.01,-1,-1,-0.01,-1,-1,-0.01,-1,-1,-0.01,-1,-1
99926009,2026-05-18 10:44:49+05:30,52915.1,0,0.0,0,0.0,0.0,53282.15,53308.4,52783.45,53710.35,0,0.0,0.0,0.0,0.0,-0.01,-1,-1,-0.01,-1,-1,-0.01,-1,-1,-0.01,-1,-1,-0.01,-1,-1,-0.01,-1,-1,-0.01,-1,-1,-0.01,-1,-1,-0.01,-1,-1,-0.01,-1,-1
99926009,2026-05-18 10:44:49+05:30,52916.4,0,0.0,0,0.0,0.0,53282.15,53308.4,52783.45,53710.35,0,0.0,0.0,0.0,0.0,-0.01,-1,-1,-0.01,-1,-1,-0.01,-1,-1,-0.01,-1,-1,-0.01,-1,-1,-0.01,-1,-1,-0.01,-1,-1,-0.01,-1,-1,-0.01,-1,-1,-0.01,-1,-1
99926009,2026-05-18 10:44:50+05:30,52916.05,0,0.0,0,0.0,0.0,53282.15,53308.4,52783.45,53710.35,0,0.0,0.0,0.0,0.0,-0.01,-1,-1,-0.01,-1,-1,-0.01,-1,-1,-0.01,-1,-1,-0.01,-1,-1,-0.01,-1,-1,-0.01,-1,-1,-0.01,-1,-1,-0.01,-1,-1,-0.01,-1,-1
99926009,2026-05-18 10:44:50+05:30,52915.4,0,0.0,0,0.0,0.0,53282.15,53308.4,52783.45,53710.35,0,0.0,0.0,0.0,0.0,-0.01,-1,-1,-0.01,-1,-1,-0.01,-1,-1,-0.01,-1,-1,-0.01,-1,-1,-0.01,-1,-1,-0.01,-1,-1,-0.01,-1,-1,-0.01,-1,-1,-0.01,-1,-1
99926009,2026-05-18 10:44:51+05:30,52915.6,0,0.0,0,0.0,0.0,53282.15,53308.4,52783.45,53710.35,0,0.0,0.0,0.0,0.0,-0.01,-1,-1,-0.01,-1,-1,-0.01,-1,-1,-0.01,-1,-1,-0.01,-1,-1,-0.01,-1,-1,-0.01,-1,-1,-0.01,-1,-1,-0.01,-1,-1,-0.01,-1,-1
99926009,2026-05-18 10:44:51+05:30,52918.1,0,0.0,0,0.0,0.0,53282.15,53308.4,52783.45,53710.35,0,0.0,0.0,0.0,0.0,-0.01,-1,-1,-0.01,-1,-1,-0.01,-1,-1,-0.01,-1,-1,-0.01,-1,-1,-0.01,-1,-1,-0.01,-1,-1,-0.01,-1,-1,-0.01,-1,-1,-0.01,-1,-1
99926009,2026-05-18 10:44:52+05:30,52917.75,0,0.0,0,0.0,0.0,53282.15,53308.4,52783.45,53710.35,0,0.0,0.0,0.0,0.0,-0.01,-1,-1,-0.01,-1,-1,-0.01,-1,-1,-0.01,-1,-1,-0.01,-1,-1,-0.01,-1,-1,-0.01,-1,-1,-0.01,-1,-1,-0.01,-1,-1,-0.01,-1,-1
99926009,2026-05-18 10:44:52+05:30,52916.15,0,0.0,0,0.0,0.0,53282.15,53308.4,52783.45,53710.35,0,0.0,0.0,0.0,0.0,-0.01,-1,-1,-0.01,-1,-1,-0.01,-1,-1,-0.01,-1,-1,-0.01,-1,-1,-0.01,-1,-1,-0.01,-1,-1,-0.01,-1,-1,-0.01,-1,-1,-0.01,-1,-1
99926009,2026-05-18 10:44:53+05:30,52915.4,0,0.0,0,0.0,0.0,53282.15,53308.4,52783.45,53710.35,0,0.0,0.0,0.0,0.0,-0.01,-1,-1,-0.01,-1,-1,-0.01,-1,-1,-0.01,-1,-1,-0.01,-1,-1,-0.01,-1,-1,-0.01,-1,-1,-0.01,-1,-1,-0.01,-1,-1,-0.01,-1,-1
99926009,2026-05-18 10:44:53+05:30,52914.65,0,0.0,0,0.0,0.0,53282.15,53308.4,52783.45,53710.35,0,0.0,0.0,0.0,0.0,-0.01,-1,-1,-0.01,-1,-1,-0.01,-1,-1,-0.01,-1,-1,-0.01,-1,-1,-0.01,-1,-1,-0.01,-1,-1,-0.01,-1,-1,-0.01,-1,-1,-0.01,-1,-1
99926009,2026-05-18 10:44:54+05:30,52915.85,0,0.0,0,0.0,0.0,53282.15,53308.4,52783.45,53710.35,0,0.0,0.0,0.0,0.0,-0.01,-1,-1,-0.01,-1,-1,-0.01,-1,-1,-0.01,-1,-1,-0.01,-1,-1,-0.01,-1,-1,-0.01,-1,-1,-0.01,-1,-1,-0.01,-1,-1,-0.01,-1,-1
99926009,2026-05-18 10:44:54+05:30,52915.4,0,0.0,0,0.0,0.0,53282.15,53308.4,52783.45,53710.35,0,0.0,0.0,0.0,0.0,-0.01,-1,-1,-0.01,-1,-1,-0.01,-1,-1,-0.01,-1,-1,-0.01,-1,-1,-0.01,-1,-1,-0.01,-1,-1,-0.01,-1,-1,-0.01,-1,-1,-0.01,-1,-1
99926009,2026-05-18 10:44:55+05:30,52915.1,0,0.0,0,0.0,0.0,53282.15,53308.4,52783.45,53710.35,0,0.0,0.0,0.0,0.0,-0.01,-1,-1,-0.01,-1,-1,-0.01,-1,-1,-0.01,-1,-1,-0.01,-1,-1,-0.01,-1,-1,-0.01,-1,-1,-0.01,-1,-1,-0.01,-1,-1,-0.01,-1,-1
99926009,2026-05-18 10:44:55+05:30,52914.2,0,0.0,0,0.0,0.0,53282.15,53308.4,52783.45,53710.35,0,0.0,0.0,0.0,0.0,-0.01,-1,-1,-0.01,-1,-1,-0.01,-1,-1,-0.01,-1,-1,-0.01,-1,-1,-0.01,-1,-1,-0.01,-1,-1,-0.01,-1,-1,-0.01,-1,-1,-0.01,-1,-1
99926009,2026-05-18 10:44:56+05:30,52917.5,0,0.0,0,0.0,0.0,53282.15,53308.4,52783.45,53710.35,0,0.0,0.0,0.0,0.0,-0.01,-1,-1,-0.01,-1,-1,-0.01,-1,-1,-0.01,-1,-1,-0.01,-1,-1,-0.01,-1,-1,-0.01,-1,-1,-0.01,-1,-1,-0.01,-1,-1,-0.01,-1,-1
99926009,2026-05-18 10:44:56+05:30,52915.7,0,0.0,0,0.0,0.0,53282.15,53308.4,52783.45,53710.35,0,0.0,0.0,0.0,0.0,-0.01,-1,-1,-0.01,-1,-1,-0.01,-1,-1,-0.01,-1,-1,-0.01,-1,-1,-0.01,-1,-1,-0.01,-1,-1,-0.01,-1,-1,-0.01,-1,-1,-0.01,-1,-1
99926009,2026-05-18 10:44:57+05:30,52915.7,0,0.0,0,0.0,0.0,53282.15,53308.4,52783.45,53710.35,0,0.0,0.0,0.0,0.0,-0.01,-1,-1,-0.01,-1,-1,-0.01,-1,-1,-0.01,-1,-1,-0.01,-1,-1,-0.01,-1,-1,-0.01,-1,-1,-0.01,-1,-1,-0.01,-1,-1,-0.01,-1,-1
99926009,2026-05-18 10:44:57+05:30,52914.25,0,0.0,0,0.0,0.0,53282.15,53308.4,52783.45,53710.35,0,0.0,0.0,0.0,0.0,-0.01,-1,-1,-0.01,-1,-1,-0.01,-1,-1,-0.01,-1,-1,-0.01,-1,-1,-0.01,-1,-1,-0.01,-1,-1,-0.01,-1,-1,-0.01,-1,-1,-0.01,-1,-1
99926009,2026-05-18 10:44:58+05:30,52915.3,0,0.0,0,0.0,0.0,53282.15,53308.4,52783.45,53710.35,0,0.0,0.0,0.0,0.0,-0.01,-1,-1,-0.01,-1,-1,-0.01,-1,-1,-0.01,-1,-1,-0.01,-1,-1,-0.01,-1,-1,-0.01,-1,-1,-0.01,-1,-1,-0.01,-1,-1,-0.01,-1,-1
99926009,2026-05-18 10:44:58+05:30,52915.3,0,0.0,0,0.0,0.0,53282.15,53308.4,52783.45,53710.35,0,0.0,0.0,0.0,0.0,-0.01,-1,-1,-0.01,-1,-1,-0.01,-1,-1,-0.01,-1,-1,-0.01,-1,-1,-0.01,-1,-1,-0.01,-1,-1,-0.01,-1,-1,-0.01,-1,-1,-0.01,-1,-1
99926009,2026-05-18 10:44:59+05:30,52914.7,0,0.0,0,0.0,0.0,53282.15,53308.4,52783.45,53710.35,0,0.0,0.0,0.0,0.0,-0.01,-1,-1,-0.01,-1,-1,-0.01,-1,-1,-0.01,-1,-1,-0.01,-1,-1,-0.01,-1,-1,-0.01,-1,-1,-0.01,-1,-1,-0.01,-1,-1,-0.01,-1,-1
99926009,2026-05-18 10:44:59+05:30,52917.0,0,0.0,0,0.0,0.0,53282.15,53308.4,52783.45,53710.35,0,0.0,0.0,0.0,0.0,-0.01,-1,-1,-0.01,-1,-1,-0.01,-1,-1,-0.01,-1,-1,-0.01,-1,-1,-0.01,-1,-1,-0.01,-1,-1,-0.01,-1,-1,-0.01,-1,-1,-0.01,-1,-1
99926009,2026-05-18 10:45:00+05:30,52917.95,0,0.0,0,0.0,0.0,53282.15,53308.4,52783.45,53710.35,0,0.0,0.0,0.0,0.0,-0.01,-1,-1,-0.01,-1,-1,-0.01,-1,-1,-0.01,-1,-1,-0.01,-1,-1,-0.01,-1,-1,-0.01,-1,-1,-0.01,-1,-1,-0.01,-1,-1,-0.01,-1,-1
99926009,2026-05-18 10:45:00+05:30,52917.7,0,0.0,0,0.0,0.0,53282.15,53308.4,52783.45,53710.35,0,0.0,0.0,0.0,0.0,-0.01,-1,-1,-0.01,-1,-1,-0.01,-1,-1,-0.01,-1,-1,-0.01,-1,-1,-0.01,-1,-1,-0.01,-1,-1,-0.01,-1,-1,-0.01,-1,-1,-0.01,-1,-1
99926009,2026-05-18 10:45:01+05:30,52910.25,0,0.0,0,0.0,0.0,53282.15,53308.4,52783.45,53710.35,0,0.0,0.0,0.0,0.0,-0.01,-1,-1,-0.01,-1,-1,-0.01,-1,-1,-0.01,-1,-1,-0.01,-1,-1,-0.01,-1,-1,-0.01,-1,-1,-0.01,-1,-1,-0.01,-1,-1,-0.01,-1,-1
99926009,2026-05-18 10:45:01+05:30,52908.9,0,0.0,0,0.0,0.0,53282.15,53308.4,52783.45,53710.35,0,0.0,0.0,0.0,0.0,-0.01,-1,-1,-0.01,-1,-1,-0.01,-1,-1,-0.01,-1,-1,-0.01,-1,-1,-0.01,-1,-1,-0.01,-1,-1,-0.01,-1,-1,-0.01,-1,-1,-0.01,-1,-1
99926009,2026-05-18 10:45:02+05:30,52908.6,0,0.0,0,0.0,0.0,53282.15,53308.4,52783.45,53710.35,0,0.0,0.0,0.0,0.0,-0.01,-1,-1,-0.01,-1,-1,-0.01,-1,-1,-0.01,-1,-1,-0.01,-1,-1,-0.01,-1,-1,-0.01,-1,-1,-0.01,-1,-1,-0.01,-1,-1,-0.01,-1,-1
99926009,2026-05-18 10:45:02+05:30,52905.45,0,0.0,0,0.0,0.0,53282.15,53308.4,52783.45,53710.35,0,0.0,0.0,0.0,0.0,-0.01,-1,-1,-0.01,-1,-1,-0.01,-1,-1,-0.01,-1,-1,-0.01,-1,-1,-0.01,-1,-1,-0.01,-1,-1,-0.01,-1,-1,-0.01,-1,-1,-0.01,-1,-1
99926009,2026-05-18 10:45:03+05:30,52904.0,0,0.0,0,0.0,0.0,53282.15,53308.4,52783.45,53710.35,0,0.0,0.0,0.0,0.0,-0.01,-1,-1,-0.01,-1,-1,-0.01,-1,-1,-0.01,-1,-1,-0.01,-1,-1,-0.01,-1,-1,-0.01,-1,-1,-0.01,-1,-1,-0.01,-1,-1,-0.01,-1,-1
99926009,2026-05-18 10:45:03+05:30,52904.0,0,0.0,0,0.0,0.0,53282.15,53308.4,52783.45,53710.35,0,0.0,0.0,0.0,0.0,-0.01,-1,-1,-0.01,-1,-1,-0.01,-1,-1,-0.01,-1,-1,-0.01,-1,-1,-0.01,-1,-1,-0.01,-1,-1,-0.01,-1,-1,-0.01,-1,-1,-0.01,-1,-1
99926009,2026-05-18 10:45:04+05:30,52905.45,0,0.0,0,0.0,0.0,53282.15,53308.4,52783.45,53710.35,0,0.0,0.0,0.0,0.0,-0.01,-1,-1,-0.01,-1,-1,-0.01,-1,-1,-0.01,-1,-1,-0.01,-1,-1,-0.01,-1,-1,-0.01,-1,-1,-0.01,-1,-1,-0.01,-1,-1,-0.01,-1,-1
99926009,2026-05-18 10:45:04+05:30,52908.75,0,0.0,0,0.0,0.0,53282.15,53308.4,52783.45,53710.35,0,0.0,0.0,0.0,0.0,-0.01,-1,-1,-0.01,-1,-1,-0.01,-1,-1,-0.01,-1,-1,-0.01,-1,-1,-0.01,-1,-1,-0.01,-1,-1,-0.01,-1,-1,-0.01,-1,-1,-0.01,-1,-1
99926009,2026-05-18 10:45:05+05:30,52908.85,0,0.0,0,0.0,0.0,53282.15,53308.4,52783.45,53710.35,0,0.0,0.0,0.0,0.0,-0.01,-1,-1,-0.01,-1,-1,-0.01,-1,-1,-0.01,-1,-1,-0.01,-1,-1,-0.01,-1,-1,-0.01,-1,-1,-0.01,-1,-1,-0.01,-1,-1,-0.01,-1,-1
99926009,2026-05-18 10:45:05+05:30,52909.9,0,0.0,0,0.0,0.0,53282.15,53308.4,52783.45,53710.35,0,0.0,0.0,0.0,0.0,-0.01,-1,-1,-0.01,-1,-1,-0.01,-1,-1,-0.01,-1,-1,-0.01,-1,-1,-0.01,-1,-1,-0.01,-1,-1,-0.01,-1,-1,-0.01,-1,-1,-0.01,-1,-1
99926009,2026-05-18 10:45:06+05:30,52909.55,0,0.0,0,0.0,0.0,53282.15,53308.4,52783.45,53710.35,0,0.0,0.0,0.0,0.0,-0.01,-1,-1,-0.01,-1,-1,-0.01,-1,-1,-0.01,-1,-1,-0.01,-1,-1,-0.01,-1,-1,-0.01,-1,-1,-0.01,-1,-1,-0.01,-1,-1,-0.01,-1,-1
99926009,2026-05-18 10:45:06+05:30,52911.1,0,0.0,0,0.0,0.0,53282.15,53308.4,52783.45,53710.35,0,0.0,0.0,0.0,0.0,-0.01,-1,-1,-0.01,-1,-1,-0.01,-1,-1,-0.01,-1,-1,-0.01,-1,-1,-0.01,-1,-1,-0.01,-1,-1,-0.01,-1,-1,-0.01,-1,-1,-0.01,-1,-1
99926009,2026-05-18 10:45:07+05:30,52912.6,0,0.0,0,0.0,0.0,53282.15,53308.4,52783.45,53710.35,0,0.0,0.0,0.0,0.0,-0.01,-1,-1,-0.01,-1,-1,-0.01,-1,-1,-0.01,-1,-1,-0.01,-1,-1,-0.01,-1,-1,-0.01,-1,-1,-0.01,-1,-1,-0.01,-1,-1,-0.01,-1,-1
99926009,2026-05-18 10:45:07+05:30,52905.9,0,0.0,0,0.0,0.0,53282.15,53308.4,52783.45,53710.35,0,0.0,0.0,0.0,0.0,-0.01,-1,-1,-0.01,-1,-1,-0.01,-1,-1,-0.01,-1,-1,-0.01,-1,-1,-0.01,-1,-1,-0.01,-1,-1,-0.01,-1,-1,-0.01,-1,-1,-0.01,-1,-1
99926009,2026-05-18 10:45:08+05:30,52908.65,0,0.0,0,0.0,0.0,53282.15,53308.4,52783.45,53710.35,0,0.0,0.0,0.0,0.0,-0.01,-1,-1,-0.01,-1,-1,-0.01,-1,-1,-0.01,-1,-1,-0.01,-1,-1,-0.01,-1,-1,-0.01,-1,-1,-0.01,-1,-1,-0.01,-1,-1,-0.01,-1,-1
99926009,2026-05-18 10:45:08+05:30,52906.8,0,0.0,0,0.0,0.0,53282.15,53308.4,52783.45,53710.35,0,0.0,0.0,0.0,0.0,-0.01,-1,-1,-0.01,-1,-1,-0.01,-1,-1,-0.01,-1,-1,-0.01,-1,-1,-0.01,-1,-1,-0.01,-1,-1,-0.01,-1,-1,-0.01,-1,-1,-0.01,-1,-1
99926009,2026-05-18 10:45:09+05:30,52907.15,0,0.0,0,0.0,0.0,53282.15,53308.4,52783.45,53710.35,0,0.0,0.0,0.0,0.0,-0.01,-1,-1,-0.01,-1,-1,-0.01,-1,-1,-0.01,-1,-1,-0.01,-1,-1,-0.01,-1,-1,-0.01,-1,-1,-0.01,-1,-1,-0.01,-1,-1,-0.01,-1,-1
99926009,2026-05-18 10:45:09+05:30,52908.15,0,0.0,0,0.0,0.0,53282.15,53308.4,52783.45,53710.35,0,0.0,0.0,0.0,0.0,-0.01,-1,-1,-0.01,-1,-1,-0.01,-1,-1,-0.01,-1,-1,-0.01,-1,-1,-0.01,-1,-1,-0.01,-1,-1,-0.01,-1,-1,-0.01,-1,-1,-0.01,-1,-1
99926009,2026-05-18 10:45:10+05:30,52909.05,0,0.0,0,0.0,0.0,53282.15,53308.4,52783.45,53710.35,0,0.0,0.0,0.0,0.0,-0.01,-1,-1,-0.01,-1,-1,-0.01,-1,-1,-0.01,-1,-1,-0.01,-1,-1,-0.01,-1,-1,-0.01,-1,-1,-0.01,-1,-1,-0.01,-1,-1,-0.01,-1,-1
99926009,2026-05-18 10:45:10+05:30,52910.05,0,0.0,0,0.0,0.0,53282.15,53308.4,52783.45,53710.35,0,0.0,0.0,0.0,0.0,-0.01,-1,-1,-0.01,-1,-1,-0.01,-1,-1,-0.01,-1,-1,-0.01,-1,-1,-0.01,-1,-1,-0.01,-1,-1,-0.01,-1,-1,-0.01,-1,-1,-0.01,-1,-1
99926009,2026-05-18 10:45:11+05:30,52905.6,0,0.0,0,0.0,0.0,53282.15,53308.4,52783.45,53710.35,0,0.0,0.0,0.0,0.0,-0.01,-1,-1,-0.01,-1,-1,-0.01,-1,-1,-0.01,-1,-1,-0.01,-1,-1,-0.01,-1,-1,-0.01,-1,-1,-0.01,-1,-1,-0.01,-1,-1,-0.01,-1,-1
99926009,2026-05-18 10:45:11+05:30,52907.05,0,0.0,0,0.0,0.0,53282.15,53308.4,52783.45,53710.35,0,0.0,0.0,0.0,0.0,-0.01,-1,-1,-0.01,-1,-1,-0.01,-1,-1,-0.01,-1,-1,-0.01,-1,-1,-0.01,-1,-1,-0.01,-1,-1,-0.01,-1,-1,-0.01,-1,-1,-0.01,-1,-1
99926009,2026-05-18 10:45:12+05:30,52908.55,0,0.0,0,0.0,0.0,53282.15,53308.4,52783.45,53710.35,0,0.0,0.0,0.0,0.0,-0.01,-1,-1,-0.01,-1,-1,-0.01,-1,-1,-0.01,-1,-1,-0.01,-1,-1,-0.01,-1,-1,-0.01,-1,-1,-0.01,-1,-1,-0.01,-1,-1,-0.01,-1,-1
99926009,2026-05-18 10:45:12+05:30,52908.15,0,0.0,0,0.0,0.0,53282.15,53308.4,52783.45,53710.35,0,0.0,0.0,0.0,0.0,-0.01,-1,-1,-0.01,-1,-1,-0.01,-1,-1,-0.01,-1,-1,-0.01,-1,-1,-0.01,-1,-1,-0.01,-1,-1,-0.01,-1,-1,-0.01,-1,-1,-0.01,-1,-1
99926009,2026-05-18 10:45:13+05:30,52907.25,0,0.0,0,0.0,0.0,53282.15,53308.4,52783.45,53710.35,0,0.0,0.0,0.0,0.0,-0.01,-1,-1,-0.01,-1,-1,-0.01,-1,-1,-0.01,-1,-1,-0.01,-1,-1,-0.01,-1,-1,-0.01,-1,-1,-0.01,-1,-1,-0.01,-1,-1,-0.01,-1,-1
99926009,2026-05-18 10:45:13+05:30,52909.3,0,0.0,0,0.0,0.0,53282.15,53308.4,52783.45,53710.35,0,0.0,0.0,0.0,0.0,-0.01,-1,-1,-0.01,-1,-1,-0.01,-1,-1,-0.01,-1,-1,-0.01,-1,-1,-0.01,-1,-1,-0.01,-1,-1,-0.01,-1,-1,-0.01,-1,-1,-0.01,-1,-1
99926009,2026-05-18 10:45:14+05:30,52908.5,0,0.0,0,0.0,0.0,53282.15,53308.4,52783.45,53710.35,0,0.0,0.0,0.0,0.0,-0.01,-1,-1,-0.01,-1,-1,-0.01,-1,-1,-0.01,-1,-1,-0.01,-1,-1,-0.01,-1,-1,-0.01,-1,-1,-0.01,-1,-1,-0.01,-1,-1,-0.01,-1,-1
99926009,2026-05-18 10:45:14+05:30,52909.9,0,0.0,0,0.0,0.0,53282.15,53308.4,52783.45,53710.35,0,0.0,0.0,0.0,0.0,-0.01,-1,-1,-0.01,-1,-1,-0.01,-1,-1,-0.01,-1,-1,-0.01,-1,-1,-0.01,-1,-1,-0.01,-1,-1,-0.01,-1,-1,-0.01,-1,-1,-0.01,-1,-1
99926009,2026-05-18 10:45:15+05:30,52908.1,0,0.0,0,0.0,0.0,53282.15,53308.4,52783.45,53710.35,0,0.0,0.0,0.0,0.0,-0.01,-1,-1,-0.01,-1,-1,-0.01,-1,-1,-0.01,-1,-1,-0.01,-1,-1,-0.01,-1,-1,-0.01,-1,-1,-0.01,-1,-1,-0.01,-1,-1,-0.01,-1,-1
99926009,2026-05-18 10:45:15+05:30,52908.5,0,0.0,0,0.0,0.0,53282.15,53308.4,52783.45,53710.35,0,0.0,0.0,0.0,0.0,-0.01,-1,-1,-0.01,-1,-1,-0.01,-1,-1,-0.01,-1,-1,-0.01,-1,-1,-0.01,-1,-1,-0.01,-1,-1,-0.01,-1,-1,-0.01,-1,-1,-0.01,-1,-1
99926009,2026-05-18 10:45:16+05:30,52912.3,0,0.0,0,0.0,0.0,53282.15,53308.4,52783.45,53710.35,0,0.0,0.0,0.0,0.0,-0.01,-1,-1,-0.01,-1,-1,-0.01,-1,-1,-0.01,-1,-1,-0.01,-1,-1,-0.01,-1,-1,-0.01,-1,-1,-0.01,-1,-1,-0.01,-1,-1,-0.01,-1,-1
99926009,2026-05-18 10:45:16+05:30,52911.7,0,0.0,0,0.0,0.0,53282.15,53308.4,52783.45,53710.35,0,0.0,0.0,0.0,0.0,-0.01,-1,-1,-0.01,-1,-1,-0.01,-1,-1,-0.01,-1,-1,-0.01,-1,-1,-0.01,-1,-1,-0.01,-1,-1,-0.01,-1,-1,-0.01,-1,-1,-0.01,-1,-1
99926009,2026-05-18 10:45:17+05:30,52911.15,0,0.0,0,0.0,0.0,53282.15,53308.4,52783.45,53710.35,0,0.0,0.0,0.0,0.0,-0.01,-1,-1,-0.01,-1,-1,-0.01,-1,-1,-0.01,-1,-1,-0.01,-1,-1,-0.01,-1,-1,-0.01,-1,-1,-0.01,-1,-1,-0.01,-1,-1,-0.01,-1,-1
99926009,2026-05-18 10:45:17+05:30,52911.3,0,0.0,0,0.0,0.0,53282.15,53308.4,52783.45,53710.35,0,0.0,0.0,0.0,0.0,-0.01,-1,-1,-0.01,-1,-1,-0.01,-1,-1,-0.01,-1,-1,-0.01,-1,-1,-0.01,-1,-1,-0.01,-1,-1,-0.01,-1,-1,-0.01,-1,-1,-0.01,-1,-1
99926009,2026-05-18 10:45:18+05:30,52912.25,0,0.0,0,0.0,0.0,53282.15,53308.4,52783.45,53710.35,0,0.0,0.0,0.0,0.0,-0.01,-1,-1,-0.01,-1,-1,-0.01,-1,-1,-0.01,-1,-1,-0.01,-1,-1,-0.01,-1,-1,-0.01,-1,-1,-0.01,-1,-1,-0.01,-1,-1,-0.01,-1,-1
99926009,2026-05-18 10:45:18+05:30,52911.3,0,0.0,0,0.0,0.0,53282.15,53308.4,52783.45,53710.35,0,0.0,0.0,0.0,0.0,-0.01,-1,-1,-0.01,-1,-1,-0.01,-1,-1,-0.01,-1,-1,-0.01,-1,-1,-0.01,-1,-1,-0.01,-1,-1,-0.01,-1,-1,-0.01,-1,-1,-0.01,-1,-1
99926009,2026-05-18 10:45:19+05:30,52912.35,0,0.0,0,0.0,0.0,53282.15,53308.4,52783.45,53710.35,0,0.0,0.0,0.0,0.0,-0.01,-1,-1,-0.01,-1,-1,-0.01,-1,-1,-0.01,-1,-1,-0.01,-1,-1,-0.01,-1,-1,-0.01,-1,-1,-0.01,-1,-1,-0.01,-1,-1,-0.01,-1,-1
99926009,2026-05-18 10:45:19+05:30,52911.7,0,0.0,0,0.0,0.0,53282.15,53308.4,52783.45,53710.35,0,0.0,0.0,0.0,0.0,-0.01,-1,-1,-0.01,-1,-1,-0.01,-1,-1,-0.01,-1,-1,-0.01,-1,-1,-0.01,-1,-1,-0.01,-1,-1,-0.01,-1,-1,-0.01,-1,-1,-0.01,-1,-1
99926009,2026-05-18 10:45:20+05:30,52910.95,0,0.0,0,0.0,0.0,53282.15,53308.4,52783.45,53710.35,0,0.0,0.0,0.0,0.0,-0.01,-1,-1,-0.01,-1,-1,-0.01,-1,-1,-0.01,-1,-1,-0.01,-1,-1,-0.01,-1,-1,-0.01,-1,-1,-0.01,-1,-1,-0.01,-1,-1,-0.01,-1,-1
99926009,2026-05-18 10:45:20+05:30,52910.95,0,0.0,0,0.0,0.0,53282.15,53308.4,52783.45,53710.35,0,0.0,0.0,0.0,0.0,-0.01,-1,-1,-0.01,-1,-1,-0.01,-1,-1,-0.01,-1,-1,-0.01,-1,-1,-0.01,-1,-1,-0.01,-1,-1,-0.01,-1,-1,-0.01,-1,-1,-0.01,-1,-1
99926009,2026-05-18 10:45:21+05:30,52912.55,0,0.0,0,0.0,0.0,53282.15,53308.4,52783.45,53710.35,0,0.0,0.0,0.0,0.0,-0.01,-1,-1,-0.01,-1,-1,-0.01,-1,-1,-0.01,-1,-1,-0.01,-1,-1,-0.01,-1,-1,-0.01,-1,-1,-0.01,-1,-1,-0.01,-1,-1,-0.01,-1,-1
99926009,2026-05-18 10:45:21+05:30,52914.0,0,0.0,0,0.0,0.0,53282.15,53308.4,52783.45,53710.35,0,0.0,0.0,0.0,0.0,-0.01,-1,-1,-0.01,-1,-1,-0.01,-1,-1,-0.01,-1,-1,-0.01,-1,-1,-0.01,-1,-1,-0.01,-1,-1,-0.01,-1,-1,-0.01,-1,-1,-0.01,-1,-1
99926009,2026-05-18 10:45:22+05:30,52913.45,0,0.0,0,0.0,0.0,53282.15,53308.4,52783.45,53710.35,0,0.0,0.0,0.0,0.0,-0.01,-1,-1,-0.01,-1,-1,-0.01,-1,-1,-0.01,-1,-1,-0.01,-1,-1,-0.01,-1,-1,-0.01,-1,-1,-0.01,-1,-1,-0.01,-1,-1,-0.01,-1,-1
99926009,2026-05-18 10:45:22+05:30,52909.65,0,0.0,0,0.0,0.0,53282.15,53308.4,52783.45,53710.35,0,0.0,0.0,0.0,0.0,-0.01,-1,-1,-0.01,-1,-1,-0.01,-1,-1,-0.01,-1,-1,-0.01,-1,-1,-0.01,-1,-1,-0.01,-1,-1,-0.01,-1,-1,-0.01,-1,-1,-0.01,-1,-1
99926009,2026-05-18 10:45:23+05:30,52909.35,0,0.0,0,0.0,0.0,53282.15,53308.4,52783.45,53710.35,0,0.0,0.0,0.0,0.0,-0.01,-1,-1,-0.01,-1,-1,-0.01,-1,-1,-0.01,-1,-1,-0.01,-1,-1,-0.01,-1,-1,-0.01,-1,-1,-0.01,-1,-1,-0.01,-1,-1,-0.01,-1,-1
99926009,2026-05-18 10:45:23+05:30,52912.1,0,0.0,0,0.0,0.0,53282.15,53308.4,52783.45,53710.35,0,0.0,0.0,0.0,0.0,-0.01,-1,-1,-0.01,-1,-1,-0.01,-1,-1,-0.01,-1,-1,-0.01,-1,-1,-0.01,-1,-1,-0.01,-1,-1,-0.01,-1,-1,-0.01,-1,-1,-0.01,-1,-1
99926009,2026-05-18 10:45:24+05:30,52912.55,0,0.0,0,0.0,0.0,53282.15,53308.4,52783.45,53710.35,0,0.0,0.0,0.0,0.0,-0.01,-1,-1,-0.01,-1,-1,-0.01,-1,-1,-0.01,-1,-1,-0.01,-1,-1,-0.01,-1,-1,-0.01,-1,-1,-0.01,-1,-1,-0.01,-1,-1,-0.01,-1,-1
99926009,2026-05-18 10:45:24+05:30,52911.75,0,0.0,0,0.0,0.0,53282.15,53308.4,52783.45,53710.35,0,0.0,0.0,0.0,0.0,-0.01,-1,-1,-0.01,-1,-1,-0.01,-1,-1,-0.01,-1,-1,-0.01,-1,-1,-0.01,-1,-1,-0.01,-1,-1,-0.01,-1,-1,-0.01,-1,-1,-0.01,-1,-1
99926009,2026-05-18 10:45:25+05:30,52913.75,0,0.0,0,0.0,0.0,53282.15,53308.4,52783.45,53710.35,0,0.0,0.0,0.0,0.0,-0.01,-1,-1,-0.01,-1,-1,-0.01,-1,-1,-0.01,-1,-1,-0.01,-1,-1,-0.01,-1,-1,-0.01,-1,-1,-0.01,-1,-1,-0.01,-1,-1,-0.01,-1,-1
99926009,2026-05-18 10:45:25+05:30,52914.05,0,0.0,0,0.0,0.0,53282.15,53308.4,52783.45,53710.35,0,0.0,0.0,0.0,0.0,-0.01,-1,-1,-0.01,-1,-1,-0.01,-1,-1,-0.01,-1,-1,-0.01,-1,-1,-0.01,-1,-1,-0.01,-1,-1,-0.01,-1,-1,-0.01,-1,-1,-0.01,-1,-1
99926009,2026-05-18 10:45:26+05:30,52915.4,0,0.0,0,0.0,0.0,53282.15,53308.4,52783.45,53710.35,0,0.0,0.0,0.0,0.0,-0.01,-1,-1,-0.01,-1,-1,-0.01,-1,-1,-0.01,-1,-1,-0.01,-1,-1,-0.01,-1,-1,-0.01,-1,-1,-0.01,-1,-1,-0.01,-1,-1,-0.01,-1,-1
99926009,2026-05-18 10:45:26+05:30,52919.3,0,0.0,0,0.0,0.0,53282.15,53308.4,52783.45,53710.35,0,0.0,0.0,0.0,0.0,-0.01,-1,-1,-0.01,-1,-1,-0.01,-1,-1,-0.01,-1,-1,-0.01,-1,-1,-0.01,-1,-1,-0.01,-1,-1,-0.01,-1,-1,-0.01,-1,-1,-0.01,-1,-1
99926009,2026-05-18 10:45:27+05:30,52917.4,0,0.0,0,0.0,0.0,53282.15,53308.4,52783.45,53710.35,0,0.0,0.0,0.0,0.0,-0.01,-1,-1,-0.01,-1,-1,-0.01,-1,-1,-0.01,-1,-1,-0.01,-1,-1,-0.01,-1,-1,-0.01,-1,-1,-0.01,-1,-1,-0.01,-1,-1,-0.01,-1,-1
99926009,2026-05-18 10:45:27+05:30,52917.7,0,0.0,0,0.0,0.0,53282.15,53308.4,52783.45,53710.35,0,0.0,0.0,0.0,0.0,-0.01,-1,-1,-0.01,-1,-1,-0.01,-1,-1,-0.01,-1,-1,-0.01,-1,-1,-0.01,-1,-1,-0.01,-1,-1,-0.01,-1,-1,-0.01,-1,-1,-0.01,-1,-1
99926009,2026-05-18 10:45:28+05:30,52919.45,0,0.0,0,0.0,0.0,53282.15,53308.4,52783.45,53710.35,0,0.0,0.0,0.0,0.0,-0.01,-1,-1,-0.01,-1,-1,-0.01,-1,-1,-0.01,-1,-1,-0.01,-1,-1,-0.01,-1,-1,-0.01,-1,-1,-0.01,-1,-1,-0.01,-1,-1,-0.01,-1,-1
99926009,2026-05-18 10:45:28+05:30,52920.1,0,0.0,0,0.0,0.0,53282.15,53308.4,52783.45,53710.35,0,0.0,0.0,0.0,0.0,-0.01,-1,-1,-0.01,-1,-1,-0.01,-1,-1,-0.01,-1,-1,-0.01,-1,-1,-0.01,-1,-1,-0.01,-1,-1,-0.01,-1,-1,-0.01,-1,-1,-0.01,-1,-1
99926009,2026-05-18 10:45:29+05:30,52918.8,0,0.0,0,0.0,0.0,53282.15,53308.4,52783.45,53710.35,0,0.0,0.0,0.0,0.0,-0.01,-1,-1,-0.01,-1,-1,-0.01,-1,-1,-0.01,-1,-1,-0.01,-1,-1,-0.01,-1,-1,-0.01,-1,-1,-0.01,-1,-1,-0.01,-1,-1,-0.01,-1,-1
99926009,2026-05-18 10:45:29+05:30,52921.1,0,0.0,0,0.0,0.0,53282.15,53308.4,52783.45,53710.35,0,0.0,0.0,0.0,0.0,-0.01,-1,-1,-0.01,-1,-1,-0.01,-1,-1,-0.01,-1,-1,-0.01,-1,-1,-0.01,-1,-1,-0.01,-1,-1,-0.01,-1,-1,-0.01,-1,-1,-0.01,-1,-1
99926009,2026-05-18 10:45:30+05:30,52921.25,0,0.0,0,0.0,0.0,53282.15,53308.4,52783.45,53710.35,0,0.0,0.0,0.0,0.0,-0.01,-1,-1,-0.01,-1,-1,-0.01,-1,-1,-0.01,-1,-1,-0.01,-1,-1,-0.01,-1,-1,-0.01,-1,-1,-0.01,-1,-1,-0.01,-1,-1,-0.01,-1,-1
99926009,2026-05-18 10:45:30+05:30,52922.7,0,0.0,0,0.0,0.0,53282.15,53308.4,52783.45,53710.35,0,0.0,0.0,0.0,0.0,-0.01,-1,-1,-0.01,-1,-1,-0.01,-1,-1,-0.01,-1,-1,-0.01,-1,-1,-0.01,-1,-1,-0.01,-1,-1,-0.01,-1,-1,-0.01,-1,-1,-0.01,-1,-1
99926009,2026-05-18 10:45:31+05:30,52923.4,0,0.0,0,0.0,0.0,53282.15,53308.4,52783.45,53710.35,0,0.0,0.0,0.0,0.0,-0.01,-1,-1,-0.01,-1,-1,-0.01,-1,-1,-0.01,-1,-1,-0.01,-1,-1,-0.01,-1,-1,-0.01,-1,-1,-0.01,-1,-1,-0.01,-1,-1,-0.01,-1,-1
99926009,2026-05-18 10:45:31+05:30,52925.1,0,0.0,0,0.0,0.0,53282.15,53308.4,52783.45,53710.35,0,0.0,0.0,0.0,0.0,-0.01,-1,-1,-0.01,-1,-1,-0.01,-1,-1,-0.01,-1,-1,-0.01,-1,-1,-0.01,-1,-1,-0.01,-1,-1,-0.01,-1,-1,-0.01,-1,-1,-0.01,-1,-1
99926009,2026-05-18 10:45:32+05:30,52923.3,0,0.0,0,0.0,0.0,53282.15,53308.4,52783.45,53710.35,0,0.0,0.0,0.0,0.0,-0.01,-1,-1,-0.01,-1,-1,-0.01,-1,-1,-0.01,-1,-1,-0.01,-1,-1,-0.01,-1,-1,-0.01,-1,-1,-0.01,-1,-1,-0.01,-1,-1,-0.01,-1,-1
99926009,2026-05-18 10:45:32+05:30,52923.35,0,0.0,0,0.0,0.0,53282.15,53308.4,52783.45,53710.35,0,0.0,0.0,0.0,0.0,-0.01,-1,-1,-0.01,-1,-1,-0.01,-1,-1,-0.01,-1,-1,-0.01,-1,-1,-0.01,-1,-1,-0.01,-1,-1,-0.01,-1,-1,-0.01,-1,-1,-0.01,-1,-1
99926009,2026-05-18 10:45:33+05:30,52924.15,0,0.0,0,0.0,0.0,53282.15,53308.4,52783.45,53710.35,0,0.0,0.0,0.0,0.0,-0.01,-1,-1,-0.01,-1,-1,-0.01,-1,-1,-0.01,-1,-1,-0.01,-1,-1,-0.01,-1,-1,-0.01,-1,-1,-0.01,-1,-1,-0.01,-1,-1,-0.01,-1,-1
99926009,2026-05-18 10:45:33+05:30,52925.55,0,0.0,0,0.0,0.0,53282.15,53308.4,52783.45,53710.35,0,0.0,0.0,0.0,0.0,-0.01,-1,-1,-0.01,-1,-1,-0.01,-1,-1,-0.01,-1,-1,-0.01,-1,-1,-0.01,-1,-1,-0.01,-1,-1,-0.01,-1,-1,-0.01,-1,-1,-0.01,-1,-1
99926009,2026-05-18 10:45:34+05:30,52925.55,0,0.0,0,0.0,0.0,53282.15,53308.4,52783.45,53710.35,0,0.0,0.0,0.0,0.0,-0.01,-1,-1,-0.01,-1,-1,-0.01,-1,-1,-0.01,-1,-1,-0.01,-1,-1,-0.01,-1,-1,-0.01,-1,-1,-0.01,-1,-1,-0.01,-1,-1,-0.01,-1,-1
99926009,2026-05-18 10:45:34+05:30,52925.55,0,0.0,0,0.0,0.0,53282.15,53308.4,52783.45,53710.35,0,0.0,0.0,0.0,0.0,-0.01,-1,-1,-0.01,-1,-1,-0.01,-1,-1,-0.01,-1,-1,-0.01,-1,-1,-0.01,-1,-1,-0.01,-1,-1,-0.01,-1,-1,-0.01,-1,-1,-0.01,-1,-1
99926009,2026-05-18 10:45:35+05:30,52925.45,0,0.0,0,0.0,0.0,53282.15,53308.4,52783.45,53710.35,0,0.0,0.0,0.0,0.0,-0.01,-1,-1,-0.01,-1,-1,-0.01,-1,-1,-0.01,-1,-1,-0.01,-1,-1,-0.01,-1,-1,-0.01,-1,-1,-0.01,-1,-1,-0.01,-1,-1,-0.01,-1,-1
99926009,2026-05-18 10:45:35+05:30,52925.45,0,0.0,0,0.0,0.0,53282.15,53308.4,52783.45,53710.35,0,0.0,0.0,0.0,0.0,-0.01,-1,-1,-0.01,-1,-1,-0.01,-1,-1,-0.01,-1,-1,-0.01,-1,-1,-0.01,-1,-1,-0.01,-1,-1,-0.01,-1,-1,-0.01,-1,-1,-0.01,-1,-1
99926009,2026-05-18 10:45:36+05:30,52925.85,0,0.0,0,0.0,0.0,53282.15,53308.4,52783.45,53710.35,0,0.0,0.0,0.0,0.0,-0.01,-1,-1,-0.01,-1,-1,-0.01,-1,-1,-0.01,-1,-1,-0.01,-1,-1,-0.01,-1,-1,-0.01,-1,-1,-0.01,-1,-1,-0.01,-1,-1,-0.01,-1,-1
99926009,2026-05-18 10:45:36+05:30,52924.05,0,0.0,0,0.0,0.0,53282.15,53308.4,52783.45,53710.35,0,0.0,0.0,0.0,0.0,-0.01,-1,-1,-0.01,-1,-1,-0.01,-1,-1,-0.01,-1,-1,-0.01,-1,-1,-0.01,-1,-1,-0.01,-1,-1,-0.01,-1,-1,-0.01,-1,-1,-0.01,-1,-1
99926009,2026-05-18 10:45:37+05:30,52924.35,0,0.0,0,0.0,0.0,53282.15,53308.4,52783.45,53710.35,0,0.0,0.0,0.0,0.0,-0.01,-1,-1,-0.01,-1,-1,-0.01,-1,-1,-0.01,-1,-1,-0.01,-1,-1,-0.01,-1,-1,-0.01,-1,-1,-0.01,-1,-1,-0.01,-1,-1,-0.01,-1,-1
99926009,2026-05-18 10:45:37+05:30,52925.35,0,0.0,0,0.0,0.0,53282.15,53308.4,52783.45,53710.35,0,0.0,0.0,0.0,0.0,-0.01,-1,-1,-0.01,-1,-1,-0.01,-1,-1,-0.01,-1,-1,-0.01,-1,-1,-0.01,-1,-1,-0.01,-1,-1,-0.01,-1,-1,-0.01,-1,-1,-0.01,-1,-1
99926009,2026-05-18 10:45:38+05:30,52924.5,0,0.0,0,0.0,0.0,53282.15,53308.4,52783.45,53710.35,0,0.0,0.0,0.0,0.0,-0.01,-1,-1,-0.01,-1,-1,-0.01,-1,-1,-0.01,-1,-1,-0.01,-1,-1,-0.01,-1,-1,-0.01,-1,-1,-0.01,-1,-1,-0.01,-1,-1,-0.01,-1,-1
99926009,2026-05-18 10:45:38+05:30,52923.85,0,0.0,0,0.0,0.0,53282.15,53308.4,52783.45,53710.35,0,0.0,0.0,0.0,0.0,-0.01,-1,-1,-0.01,-1,-1,-0.01,-1,-1,-0.01,-1,-1,-0.01,-1,-1,-0.01,-1,-1,-0.01,-1,-1,-0.01,-1,-1,-0.01,-1,-1,-0.01,-1,-1
99926009,2026-05-18 10:45:39+05:30,52923.35,0,0.0,0,0.0,0.0,53282.15,53308.4,52783.45,53710.35,0,0.0,0.0,0.0,0.0,-0.01,-1,-1,-0.01,-1,-1,-0.01,-1,-1,-0.01,-1,-1,-0.01,-1,-1,-0.01,-1,-1,-0.01,-1,-1,-0.01,-1,-1,-0.01,-1,-1,-0.01,-1,-1
99926009,2026-05-18 10:45:39+05:30,52923.1,0,0.0,0,0.0,0.0,53282.15,53308.4,52783.45,53710.35,0,0.0,0.0,0.0,0.0,-0.01,-1,-1,-0.01,-1,-1,-0.01,-1,-1,-0.01,-1,-1,-0.01,-1,-1,-0.01,-1,-1,-0.01,-1,-1,-0.01,-1,-1,-0.01,-1,-1,-0.01,-1,-1
99926009,2026-05-18 10:45:40+05:30,52923.7,0,0.0,0,0.0,0.0,53282.15,53308.4,52783.45,53710.35,0,0.0,0.0,0.0,0.0,-0.01,-1,-1,-0.01,-1,-1,-0.01,-1,-1,-0.01,-1,-1,-0.01,-1,-1,-0.01,-1,-1,-0.01,-1,-1,-0.01,-1,-1,-0.01,-1,-1,-0.01,-1,-1
99926009,2026-05-18 10:45:40+05:30,52922.05,0,0.0,0,0.0,0.0,53282.15,53308.4,52783.45,53710.35,0,0.0,0.0,0.0,0.0,-0.01,-1,-1,-0.01,-1,-1,-0.01,-1,-1,-0.01,-1,-1,-0.01,-1,-1,-0.01,-1,-1,-0.01,-1,-1,-0.01,-1,-1,-0.01,-1,-1,-0.01,-1,-1
99926009,2026-05-18 10:45:41+05:30,52923.9,0,0.0,0,0.0,0.0,53282.15,53308.4,52783.45,53710.35,0,0.0,0.0,0.0,0.0,-0.01,-1,-1,-0.01,-1,-1,-0.01,-1,-1,-0.01,-1,-1,-0.01,-1,-1,-0.01,-1,-1,-0.01,-1,-1,-0.01,-1,-1,-0.01,-1,-1,-0.01,-1,-1
99926009,2026-05-18 10:45:41+05:30,52923.8,0,0.0,0,0.0,0.0,53282.15,53308.4,52783.45,53710.35,0,0.0,0.0,0.0,0.0,-0.01,-1,-1,-0.01,-1,-1,-0.01,-1,-1,-0.01,-1,-1,-0.01,-1,-1,-0.01,-1,-1,-0.01,-1,-1,-0.01,-1,-1,-0.01,-1,-1,-0.01,-1,-1
99926009,2026-05-18 10:45:42+05:30,52924.0,0,0.0,0,0.0,0.0,53282.15,53308.4,52783.45,53710.35,0,0.0,0.0,0.0,0.0,-0.01,-1,-1,-0.01,-1,-1,-0.01,-1,-1,-0.01,-1,-1,-0.01,-1,-1,-0.01,-1,-1,-0.01,-1,-1,-0.01,-1,-1,-0.01,-1,-1,-0.01,-1,-1
99926009,2026-05-18 10:45:42+05:30,52924.45,0,0.0,0,0.0,0.0,53282.15,53308.4,52783.45,53710.35,0,0.0,0.0,0.0,0.0,-0.01,-1,-1,-0.01,-1,-1,-0.01,-1,-1,-0.01,-1,-1,-0.01,-1,-1,-0.01,-1,-1,-0.01,-1,-1,-0.01,-1,-1,-0.01,-1,-1,-0.01,-1,-1
99926009,2026-05-18 10:45:43+05:30,52925.85,0,0.0,0,0.0,0.0,53282.15,53308.4,52783.45,53710.35,0,0.0,0.0,0.0,0.0,-0.01,-1,-1,-0.01,-1,-1,-0.01,-1,-1,-0.01,-1,-1,-0.01,-1,-1,-0.01,-1,-1,-0.01,-1,-1,-0.01,-1,-1,-0.01,-1,-1,-0.01,-1,-1
99926009,2026-05-18 10:45:43+05:30,52927.35,0,0.0,0,0.0,0.0,53282.15,53308.4,52783.45,53710.35,0,0.0,0.0,0.0,0.0,-0.01,-1,-1,-0.01,-1,-1,-0.01,-1,-1,-0.01,-1,-1,-0.01,-1,-1,-0.01,-1,-1,-0.01,-1,-1,-0.01,-1,-1,-0.01,-1,-1,-0.01,-1,-1
99926009,2026-05-18 10:45:44+05:30,52929.2,0,0.0,0,0.0,0.0,53282.15,53308.4,52783.45,53710.35,0,0.0,0.0,0.0,0.0,-0.01,-1,-1,-0.01,-1,-1,-0.01,-1,-1,-0.01,-1,-1,-0.01,-1,-1,-0.01,-1,-1,-0.01,-1,-1,-0.01,-1,-1,-0.01,-1,-1,-0.01,-1,-1
99926009,2026-05-18 10:45:44+05:30,52927.9,0,0.0,0,0.0,0.0,53282.15,53308.4,52783.45,53710.35,0,0.0,0.0,0.0,0.0,-0.01,-1,-1,-0.01,-1,-1,-0.01,-1,-1,-0.01,-1,-1,-0.01,-1,-1,-0.01,-1,-1,-0.01,-1,-1,-0.01,-1,-1,-0.01,-1,-1,-0.01,-1,-1
99926009,2026-05-18 10:45:45+05:30,52931.0,0,0.0,0,0.0,0.0,53282.15,53308.4,52783.45,53710.35,0,0.0,0.0,0.0,0.0,-0.01,-1,-1,-0.01,-1,-1,-0.01,-1,-1,-0.01,-1,-1,-0.01,-1,-1,-0.01,-1,-1,-0.01,-1,-1,-0.01,-1,-1,-0.01,-1,-1,-0.01,-1,-1
99926009,2026-05-18 10:45:45+05:30,52932.85,0,0.0,0,0.0,0.0,53282.15,53308.4,52783.45,53710.35,0,0.0,0.0,0.0,0.0,-0.01,-1,-1,-0.01,-1,-1,-0.01,-1,-1,-0.01,-1,-1,-0.01,-1,-1,-0.01,-1,-1,-0.01,-1,-1,-0.01,-1,-1,-0.01,-1,-1,-0.01,-1,-1
99926009,2026-05-18 10:45:46+05:30,52934.25,0,0.0,0,0.0,0.0,53282.15,53308.4,52783.45,53710.35,0,0.0,0.0,0.0,0.0,-0.01,-1,-1,-0.01,-1,-1,-0.01,-1,-1,-0.01,-1,-1,-0.01,-1,-1,-0.01,-1,-1,-0.01,-1,-1,-0.01,-1,-1,-0.01,-1,-1,-0.01,-1,-1
99926009,2026-05-18 10:45:46+05:30,52933.25,0,0.0,0,0.0,0.0,53282.15,53308.4,52783.45,53710.35,0,0.0,0.0,0.0,0.0,-0.01,-1,-1,-0.01,-1,-1,-0.01,-1,-1,-0.01,-1,-1,-0.01,-1,-1,-0.01,-1,-1,-0.01,-1,-1,-0.01,-1,-1,-0.01,-1,-1,-0.01,-1,-1
99926009,2026-05-18 10:45:47+05:30,52933.55,0,0.0,0,0.0,0.0,53282.15,53308.4,52783.45,53710.35,0,0.0,0.0,0.0,0.0,-0.01,-1,-1,-0.01,-1,-1,-0.01,-1,-1,-0.01,-1,-1,-0.01,-1,-1,-0.01,-1,-1,-0.01,-1,-1,-0.01,-1,-1,-0.01,-1,-1,-0.01,-1,-1
99926009,2026-05-18 10:45:47+05:30,52933.2,0,0.0,0,0.0,0.0,53282.15,53308.4,52783.45,53710.35,0,0.0,0.0,0.0,0.0,-0.01,-1,-1,-0.01,-1,-1,-0.01,-1,-1,-0.01,-1,-1,-0.01,-1,-1,-0.01,-1,-1,-0.01,-1,-1,-0.01,-1,-1,-0.01,-1,-1,-0.01,-1,-1
99926009,2026-05-18 10:45:48+05:30,52930.95,0,0.0,0,0.0,0.0,53282.15,53308.4,52783.45,53710.35,0,0.0,0.0,0.0,0.0,-0.01,-1,-1,-0.01,-1,-1,-0.01,-1,-1,-0.01,-1,-1,-0.01,-1,-1,-0.01,-1,-1,-0.01,-1,-1,-0.01,-1,-1,-0.01,-1,-1,-0.01,-1,-1
99926009,2026-05-18 10:45:48+05:30,52930.15,0,0.0,0,0.0,0.0,53282.15,53308.4,52783.45,53710.35,0,0.0,0.0,0.0,0.0,-0.01,-1,-1,-0.01,-1,-1,-0.01,-1,-1,-0.01,-1,-1,-0.01,-1,-1,-0.01,-1,-1,-0.01,-1,-1,-0.01,-1,-1,-0.01,-1,-1,-0.01,-1,-1
99926009,2026-05-18 10:45:49+05:30,52928.35,0,0.0,0,0.0,0.0,53282.15,53308.4,52783.45,53710.35,0,0.0,0.0,0.0,0.0,-0.01,-1,-1,-0.01,-1,-1,-0.01,-1,-1,-0.01,-1,-1,-0.01,-1,-1,-0.01,-1,-1,-0.01,-1,-1,-0.01,-1,-1,-0.01,-1,-1,-0.01,-1,-1
99926009,2026-05-18 10:45:49+05:30,52927.65,0,0.0,0,0.0,0.0,53282.15,53308.4,52783.45,53710.35,0,0.0,0.0,0.0,0.0,-0.01,-1,-1,-0.01,-1,-1,-0.01,-1,-1,-0.01,-1,-1,-0.01,-1,-1,-0.01,-1,-1,-0.01,-1,-1,-0.01,-1,-1,-0.01,-1,-1,-0.01,-1,-1
99926009,2026-05-18 10:45:50+05:30,52929.85,0,0.0,0,0.0,0.0,53282.15,53308.4,52783.45,53710.35,0,0.0,0.0,0.0,0.0,-0.01,-1,-1,-0.01,-1,-1,-0.01,-1,-1,-0.01,-1,-1,-0.01,-1,-1,-0.01,-1,-1,-0.01,-1,-1,-0.01,-1,-1,-0.01,-1,-1,-0.01,-1,-1
99926009,2026-05-18 10:45:50+05:30,52930.15,0,0.0,0,0.0,0.0,53282.15,53308.4,52783.45,53710.35,0,0.0,0.0,0.0,0.0,-0.01,-1,-1,-0.01,-1,-1,-0.01,-1,-1,-0.01,-1,-1,-0.01,-1,-1,-0.01,-1,-1,-0.01,-1,-1,-0.01,-1,-1,-0.01,-1,-1,-0.01,-1,-1
99926009,2026-05-18 10:45:51+05:30,52929.25,0,0.0,0,0.0,0.0,53282.15,53308.4,52783.45,53710.35,0,0.0,0.0,0.0,0.0,-0.01,-1,-1,-0.01,-1,-1,-0.01,-1,-1,-0.01,-1,-1,-0.01,-1,-1,-0.01,-1,-1,-0.01,-1,-1,-0.01,-1,-1,-0.01,-1,-1,-0.01,-1,-1
99926009,2026-05-18 10:45:51+05:30,52928.45,0,0.0,0,0.0,0.0,53282.15,53308.4,52783.45,53710.35,0,0.0,0.0,0.0,0.0,-0.01,-1,-1,-0.01,-1,-1,-0.01,-1,-1,-0.01,-1,-1,-0.01,-1,-1,-0.01,-1,-1,-0.01,-1,-1,-0.01,-1,-1,-0.01,-1,-1,-0.01,-1,-1
99926009,2026-05-18 10:45:52+05:30,52930.3,0,0.0,0,0.0,0.0,53282.15,53308.4,52783.45,53710.35,0,0.0,0.0,0.0,0.0,-0.01,-1,-1,-0.01,-1,-1,-0.01,-1,-1,-0.01,-1,-1,-0.01,-1,-1,-0.01,-1,-1,-0.01,-1,-1,-0.01,-1,-1,-0.01,-1,-1,-0.01,-1,-1
99926009,2026-05-18 10:45:52+05:30,52928.3,0,0.0,0,0.0,0.0,53282.15,53308.4,52783.45,53710.35,0,0.0,0.0,0.0,0.0,-0.01,-1,-1,-0.01,-1,-1,-0.01,-1,-1,-0.01,-1,-1,-0.01,-1,-1,-0.01,-1,-1,-0.01,-1,-1,-0.01,-1,-1,-0.01,-1,-1,-0.01,-1,-1
99926009,2026-05-18 10:45:53+05:30,52930.1,0,0.0,0,0.0,0.0,53282.15,53308.4,52783.45,53710.35,0,0.0,0.0,0.0,0.0,-0.01,-1,-1,-0.01,-1,-1,-0.01,-1,-1,-0.01,-1,-1,-0.01,-1,-1,-0.01,-1,-1,-0.01,-1,-1,-0.01,-1,-1,-0.01,-1,-1,-0.01,-1,-1
99926009,2026-05-18 10:45:53+05:30,52928.85,0,0.0,0,0.0,0.0,53282.15,53308.4,52783.45,53710.35,0,0.0,0.0,0.0,0.0,-0.01,-1,-1,-0.01,-1,-1,-0.01,-1,-1,-0.01,-1,-1,-0.01,-1,-1,-0.01,-1,-1,-0.01,-1,-1,-0.01,-1,-1,-0.01,-1,-1,-0.01,-1,-1
99926009,2026-05-18 10:45:54+05:30,52928.45,0,0.0,0,0.0,0.0,53282.15,53308.4,52783.45,53710.35,0,0.0,0.0,0.0,0.0,-0.01,-1,-1,-0.01,-1,-1,-0.01,-1,-1,-0.01,-1,-1,-0.01,-1,-1,-0.01,-1,-1,-0.01,-1,-1,-0.01,-1,-1,-0.01,-1,-1,-0.01,-1,-1
99926009,2026-05-18 10:45:54+05:30,52930.55,0,0.0,0,0.0,0.0,53282.15,53308.4,52783.45,53710.35,0,0.0,0.0,0.0,0.0,-0.01,-1,-1,-0.01,-1,-1,-0.01,-1,-1,-0.01,-1,-1,-0.01,-1,-1,-0.01,-1,-1,-0.01,-1,-1,-0.01,-1,-1,-0.01,-1,-1,-0.01,-1,-1
99926009,2026-05-18 10:45:55+05:30,52932.4,0,0.0,0,0.0,0.0,53282.15,53308.4,52783.45,53710.35,0,0.0,0.0,0.0,0.0,-0.01,-1,-1,-0.01,-1,-1,-0.01,-1,-1,-0.01,-1,-1,-0.01,-1,-1,-0.01,-1,-1,-0.01,-1,-1,-0.01,-1,-1,-0.01,-1,-1,-0.01,-1,-1
99926009,2026-05-18 10:45:55+05:30,52931.95,0,0.0,0,0.0,0.0,53282.15,53308.4,52783.45,53710.35,0,0.0,0.0,0.0,0.0,-0.01,-1,-1,-0.01,-1,-1,-0.01,-1,-1,-0.01,-1,-1,-0.01,-1,-1,-0.01,-1,-1,-0.01,-1,-1,-0.01,-1,-1,-0.01,-1,-1,-0.01,-1,-1
99926009,2026-05-18 10:45:56+05:30,52931.85,0,0.0,0,0.0,0.0,53282.15,53308.4,52783.45,53710.35,0,0.0,0.0,0.0,0.0,-0.01,-1,-1,-0.01,-1,-1,-0.01,-1,-1,-0.01,-1,-1,-0.01,-1,-1,-0.01,-1,-1,-0.01,-1,-1,-0.01,-1,-1,-0.01,-1,-1,-0.01,-1,-1
99926009,2026-05-18 10:45:56+05:30,52932.05,0,0.0,0,0.0,0.0,53282.15,53308.4,52783.45,53710.35,0,0.0,0.0,0.0,0.0,-0.01,-1,-1,-0.01,-1,-1,-0.01,-1,-1,-0.01,-1,-1,-0.01,-1,-1,-0.01,-1,-1,-0.01,-1,-1,-0.01,-1,-1,-0.01,-1,-1,-0.01,-1,-1
99926009,2026-05-18 10:45:57+05:30,52930.1,0,0.0,0,0.0,0.0,53282.15,53308.4,52783.45,53710.35,0,0.0,0.0,0.0,0.0,-0.01,-1,-1,-0.01,-1,-1,-0.01,-1,-1,-0.01,-1,-1,-0.01,-1,-1,-0.01,-1,-1,-0.01,-1,-1,-0.01,-1,-1,-0.01,-1,-1,-0.01,-1,-1
99926009,2026-05-18 10:45:57+05:30,52930.15,0,0.0,0,0.0,0.0,53282.15,53308.4,52783.45,53710.35,0,0.0,0.0,0.0,0.0,-0.01,-1,-1,-0.01,-1,-1,-0.01,-1,-1,-0.01,-1,-1,-0.01,-1,-1,-0.01,-1,-1,-0.01,-1,-1,-0.01,-1,-1,-0.01,-1,-1,-0.01,-1,-1
99926009,2026-05-18 10:45:58+05:30,52927.4,0,0.0,0,0.0,0.0,53282.15,53308.4,52783.45,53710.35,0,0.0,0.0,0.0,0.0,-0.01,-1,-1,-0.01,-1,-1,-0.01,-1,-1,-0.01,-1,-1,-0.01,-1,-1,-0.01,-1,-1,-0.01,-1,-1,-0.01,-1,-1,-0.01,-1,-1,-0.01,-1,-1
99926009,2026-05-18 10:45:58+05:30,52928.45,0,0.0,0,0.0,0.0,53282.15,53308.4,52783.45,53710.35,0,0.0,0.0,0.0,0.0,-0.01,-1,-1,-0.01,-1,-1,-0.01,-1,-1,-0.01,-1,-1,-0.01,-1,-1,-0.01,-1,-1,-0.01,-1,-1,-0.01,-1,-1,-0.01,-1,-1,-0.01,-1,-1
99926009,2026-05-18 10:45:59+05:30,52929.2,0,0.0,0,0.0,0.0,53282.15,53308.4,52783.45,53710.35,0,0.0,0.0,0.0,0.0,-0.01,-1,-1,-0.01,-1,-1,-0.01,-1,-1,-0.01,-1,-1,-0.01,-1,-1,-0.01,-1,-1,-0.01,-1,-1,-0.01,-1,-1,-0.01,-1,-1,-0.01,-1,-1
99926009,2026-05-18 10:45:59+05:30,52929.2,0,0.0,0,0.0,0.0,53282.15,53308.4,52783.45,53710.35,0,0.0,0.0,0.0,0.0,-0.01,-1,-1,-0.01,-1,-1,-0.01,-1,-1,-0.01,-1,-1,-0.01,-1,-1,-0.01,-1,-1,-0.01,-1,-1,-0.01,-1,-1,-0.01,-1,-1,-0.01,-1,-1
99926009,2026-05-18 10:46:00+05:30,52925.4,0,0.0,0,0.0,0.0,53282.15,53308.4,52783.45,53710.35,0,0.0,0.0,0.0,0.0,-0.01,-1,-1,-0.01,-1,-1,-0.01,-1,-1,-0.01,-1,-1,-0.01,-1,-1,-0.01,-1,-1,-0.01,-1,-1,-0.01,-1,-1,-0.01,-1,-1,-0.01,-1,-1
99926009,2026-05-18 10:46:00+05:30,52925.4,0,0.0,0,0.0,0.0,53282.15,53308.4,52783.45,53710.35,0,0.0,0.0,0.0,0.0,-0.01,-1,-1,-0.01,-1,-1,-0.01,-1,-1,-0.01,-1,-1,-0.01,-1,-1,-0.01,-1,-1,-0.01,-1,-1,-0.01,-1,-1,-0.01,-1,-1,-0.01,-1,-1
99926009,2026-05-18 10:46:01+05:30,52924.15,0,0.0,0,0.0,0.0,53282.15,53308.4,52783.45,53710.35,0,0.0,0.0,0.0,0.0,-0.01,-1,-1,-0.01,-1,-1,-0.01,-1,-1,-0.01,-1,-1,-0.01,-1,-1,-0.01,-1,-1,-0.01,-1,-1,-0.01,-1,-1,-0.01,-1,-1,-0.01,-1,-1
99926009,2026-05-18 10:46:01+05:30,52923.75,0,0.0,0,0.0,0.0,53282.15,53308.4,52783.45,53710.35,0,0.0,0.0,0.0,0.0,-0.01,-1,-1,-0.01,-1,-1,-0.01,-1,-1,-0.01,-1,-1,-0.01,-1,-1,-0.01,-1,-1,-0.01,-1,-1,-0.01,-1,-1,-0.01,-1,-1,-0.01,-1,-1
99926009,2026-05-18 10:46:02+05:30,52922.8,0,0.0,0,0.0,0.0,53282.15,53308.4,52783.45,53710.35,0,0.0,0.0,0.0,0.0,-0.01,-1,-1,-0.01,-1,-1,-0.01,-1,-1,-0.01,-1,-1,-0.01,-1,-1,-0.01,-1,-1,-0.01,-1,-1,-0.01,-1,-1,-0.01,-1,-1,-0.01,-1,-1
99926009,2026-05-18 10:46:02+05:30,52923.3,0,0.0,0,0.0,0.0,53282.15,53308.4,52783.45,53710.35,0,0.0,0.0,0.0,0.0,-0.01,-1,-1,-0.01,-1,-1,-0.01,-1,-1,-0.01,-1,-1,-0.01,-1,-1,-0.01,-1,-1,-0.01,-1,-1,-0.01,-1,-1,-0.01,-1,-1,-0.01,-1,-1
99926009,2026-05-18 10:46:03+05:30,52923.65,0,0.0,0,0.0,0.0,53282.15,53308.4,52783.45,53710.35,0,0.0,0.0,0.0,0.0,-0.01,-1,-1,-0.01,-1,-1,-0.01,-1,-1,-0.01,-1,-1,-0.01,-1,-1,-0.01,-1,-1,-0.01,-1,-1,-0.01,-1,-1,-0.01,-1,-1,-0.01,-1,-1
99926009,2026-05-18 10:46:03+05:30,52924.05,0,0.0,0,0.0,0.0,53282.15,53308.4,52783.45,53710.35,0,0.0,0.0,0.0,0.0,-0.01,-1,-1,-0.01,-1,-1,-0.01,-1,-1,-0.01,-1,-1,-0.01,-1,-1,-0.01,-1,-1,-0.01,-1,-1,-0.01,-1,-1,-0.01,-1,-1,-0.01,-1,-1
99926009,2026-05-18 10:46:04+05:30,52923.45,0,0.0,0,0.0,0.0,53282.15,53308.4,52783.45,53710.35,0,0.0,0.0,0.0,0.0,-0.01,-1,-1,-0.01,-1,-1,-0.01,-1,-1,-0.01,-1,-1,-0.01,-1,-1,-0.01,-1,-1,-0.01,-1,-1,-0.01,-1,-1,-0.01,-1,-1,-0.01,-1,-1
99926009,2026-05-18 10:46:04+05:30,52923.15,0,0.0,0,0.0,0.0,53282.15,53308.4,52783.45,53710.35,0,0.0,0.0,0.0,0.0,-0.01,-1,-1,-0.01,-1,-1,-0.01,-1,-1,-0.01,-1,-1,-0.01,-1,-1,-0.01,-1,-1,-0.01,-1,-1,-0.01,-1,-1,-0.01,-1,-1,-0.01,-1,-1
99926009,2026-05-18 10:46:05+05:30,52921.95,0,0.0,0,0.0,0.0,53282.15,53308.4,52783.45,53710.35,0,0.0,0.0,0.0,0.0,-0.01,-1,-1,-0.01,-1,-1,-0.01,-1,-1,-0.01,-1,-1,-0.01,-1,-1,-0.01,-1,-1,-0.01,-1,-1,-0.01,-1,-1,-0.01,-1,-1,-0.01,-1,-1
99926009,2026-05-18 10:46:05+05:30,52920.05,0,0.0,0,0.0,0.0,53282.15,53308.4,52783.45,53710.35,0,0.0,0.0,0.0,0.0,-0.01,-1,-1,-0.01,-1,-1,-0.01,-1,-1,-0.01,-1,-1,-0.01,-1,-1,-0.01,-1,-1,-0.01,-1,-1,-0.01,-1,-1,-0.01,-1,-1,-0.01,-1,-1
99926009,2026-05-18 10:46:06+05:30,52921.55,0,0.0,0,0.0,0.0,53282.15,53308.4,52783.45,53710.35,0,0.0,0.0,0.0,0.0,-0.01,-1,-1,-0.01,-1,-1,-0.01,-1,-1,-0.01,-1,-1,-0.01,-1,-1,-0.01,-1,-1,-0.01,-1,-1,-0.01,-1,-1,-0.01,-1,-1,-0.01,-1,-1
99926009,2026-05-18 10:46:06+05:30,52922.1,0,0.0,0,0.0,0.0,53282.15,53308.4,52783.45,53710.35,0,0.0,0.0,0.0,0.0,-0.01,-1,-1,-0.01,-1,-1,-0.01,-1,-1,-0.01,-1,-1,-0.01,-1,-1,-0.01,-1,-1,-0.01,-1,-1,-0.01,-1,-1,-0.01,-1,-1,-0.01,-1,-1
99926009,2026-05-18 10:46:07+05:30,52921.85,0,0.0,0,0.0,0.0,53282.15,53308.4,52783.45,53710.35,0,0.0,0.0,0.0,0.0,-0.01,-1,-1,-0.01,-1,-1,-0.01,-1,-1,-0.01,-1,-1,-0.01,-1,-1,-0.01,-1,-1,-0.01,-1,-1,-0.01,-1,-1,-0.01,-1,-1,-0.01,-1,-1
99926009,2026-05-18 10:46:07+05:30,52922.85,0,0.0,0,0.0,0.0,53282.15,53308.4,52783.45,53710.35,0,0.0,0.0,0.0,0.0,-0.01,-1,-1,-0.01,-1,-1,-0.01,-1,-1,-0.01,-1,-1,-0.01,-1,-1,-0.01,-1,-1,-0.01,-1,-1,-0.01,-1,-1,-0.01,-1,-1,-0.01,-1,-1
99926009,2026-05-18 10:46:08+05:30,52922.85,0,0.0,0,0.0,0.0,53282.15,53308.4,52783.45,53710.35,0,0.0,0.0,0.0,0.0,-0.01,-1,-1,-0.01,-1,-1,-0.01,-1,-1,-0.01,-1,-1,-0.01,-1,-1,-0.01,-1,-1,-0.01,-1,-1,-0.01,-1,-1,-0.01,-1,-1,-0.01,-1,-1
99926009,2026-05-18 10:46:08+05:30,52923.0,0,0.0,0,0.0,0.0,53282.15,53308.4,52783.45,53710.35,0,0.0,0.0,0.0,0.0,-0.01,-1,-1,-0.01,-1,-1,-0.01,-1,-1,-0.01,-1,-1,-0.01,-1,-1,-0.01,-1,-1,-0.01,-1,-1,-0.01,-1,-1,-0.01,-1,-1,-0.01,-1,-1
99926009,2026-05-18 10:46:09+05:30,52923.9,0,0.0,0,0.0,0.0,53282.15,53308.4,52783.45,53710.35,0,0.0,0.0,0.0,0.0,-0.01,-1,-1,-0.01,-1,-1,-0.01,-1,-1,-0.01,-1,-1,-0.01,-1,-1,-0.01,-1,-1,-0.01,-1,-1,-0.01,-1,-1,-0.01,-1,-1,-0.01,-1,-1
99926009,2026-05-18 10:46:09+05:30,52924.95,0,0.0,0,0.0,0.0,53282.15,53308.4,52783.45,53710.35,0,0.0,0.0,0.0,0.0,-0.01,-1,-1,-0.01,-1,-1,-0.01,-1,-1,-0.01,-1,-1,-0.01,-1,-1,-0.01,-1,-1,-0.01,-1,-1,-0.01,-1,-1,-0.01,-1,-1,-0.01,-1,-1
99926009,2026-05-18 10:46:10+05:30,52915.45,0,0.0,0,0.0,0.0,53282.15,53308.4,52783.45,53710.35,0,0.0,0.0,0.0,0.0,-0.01,-1,-1,-0.01,-1,-1,-0.01,-1,-1,-0.01,-1,-1,-0.01,-1,-1,-0.01,-1,-1,-0.01,-1,-1,-0.01,-1,-1,-0.01,-1,-1,-0.01,-1,-1
99926009,2026-05-18 10:46:10+05:30,52915.3,0,0.0,0,0.0,0.0,53282.15,53308.4,52783.45,53710.35,0,0.0,0.0,0.0,0.0,-0.01,-1,-1,-0.01,-1,-1,-0.01,-1,-1,-0.01,-1,-1,-0.01,-1,-1,-0.01,-1,-1,-0.01,-1,-1,-0.01,-1,-1,-0.01,-1,-1,-0.01,-1,-1
99926009,2026-05-18 10:46:11+05:30,52914.3,0,0.0,0,0.0,0.0,53282.15,53308.4,52783.45,53710.35,0,0.0,0.0,0.0,0.0,-0.01,-1,-1,-0.01,-1,-1,-0.01,-1,-1,-0.01,-1,-1,-0.01,-1,-1,-0.01,-1,-1,-0.01,-1,-1,-0.01,-1,-1,-0.01,-1,-1,-0.01,-1,-1
99926009,2026-05-18 10:46:11+05:30,52914.95,0,0.0,0,0.0,0.0,53282.15,53308.4,52783.45,53710.35,0,0.0,0.0,0.0,0.0,-0.01,-1,-1,-0.01,-1,-1,-0.01,-1,-1,-0.01,-1,-1,-0.01,-1,-1,-0.01,-1,-1,-0.01,-1,-1,-0.01,-1,-1,-0.01,-1,-1,-0.01,-1,-1
99926009,2026-05-18 10:46:12+05:30,52912.9,0,0.0,0,0.0,0.0,53282.15,53308.4,52783.45,53710.35,0,0.0,0.0,0.0,0.0,-0.01,-1,-1,-0.01,-1,-1,-0.01,-1,-1,-0.01,-1,-1,-0.01,-1,-1,-0.01,-1,-1,-0.01,-1,-1,-0.01,-1,-1,-0.01,-1,-1,-0.01,-1,-1
99926009,2026-05-18 10:46:12+05:30,52914.2,0,0.0,0,0.0,0.0,53282.15,53308.4,52783.45,53710.35,0,0.0,0.0,0.0,0.0,-0.01,-1,-1,-0.01,-1,-1,-0.01,-1,-1,-0.01,-1,-1,-0.01,-1,-1,-0.01,-1,-1,-0.01,-1,-1,-0.01,-1,-1,-0.01,-1,-1,-0.01,-1,-1
99926009,2026-05-18 10:46:13+05:30,52916.1,0,0.0,0,0.0,0.0,53282.15,53308.4,52783.45,53710.35,0,0.0,0.0,0.0,0.0,-0.01,-1,-1,-0.01,-1,-1,-0.01,-1,-1,-0.01,-1,-1,-0.01,-1,-1,-0.01,-1,-1,-0.01,-1,-1,-0.01,-1,-1,-0.01,-1,-1,-0.01,-1,-1
99926009,2026-05-18 10:46:13+05:30,52912.6,0,0.0,0,0.0,0.0,53282.15,53308.4,52783.45,53710.35,0,0.0,0.0,0.0,0.0,-0.01,-1,-1,-0.01,-1,-1,-0.01,-1,-1,-0.01,-1,-1,-0.01,-1,-1,-0.01,-1,-1,-0.01,-1,-1,-0.01,-1,-1,-0.01,-1,-1,-0.01,-1,-1
99926009,2026-05-18 10:46:14+05:30,52914.05,0,0.0,0,0.0,0.0,53282.15,53308.4,52783.45,53710.35,0,0.0,0.0,0.0,0.0,-0.01,-1,-1,-0.01,-1,-1,-0.01,-1,-1,-0.01,-1,-1,-0.01,-1,-1,-0.01,-1,-1,-0.01,-1,-1,-0.01,-1,-1,-0.01,-1,-1,-0.01,-1,-1
99926009,2026-05-18 10:46:14+05:30,52915.5,0,0.0,0,0.0,0.0,53282.15,53308.4,52783.45,53710.35,0,0.0,0.0,0.0,0.0,-0.01,-1,-1,-0.01,-1,-1,-0.01,-1,-1,-0.01,-1,-1,-0.01,-1,-1,-0.01,-1,-1,-0.01,-1,-1,-0.01,-1,-1,-0.01,-1,-1,-0.01,-1,-1
99926009,2026-05-18 10:46:15+05:30,52915.55,0,0.0,0,0.0,0.0,53282.15,53308.4,52783.45,53710.35,0,0.0,0.0,0.0,0.0,-0.01,-1,-1,-0.01,-1,-1,-0.01,-1,-1,-0.01,-1,-1,-0.01,-1,-1,-0.01,-1,-1,-0.01,-1,-1,-0.01,-1,-1,-0.01,-1,-1,-0.01,-1,-1
99926009,2026-05-18 10:46:15+05:30,52916.6,0,0.0,0,0.0,0.0,53282.15,53308.4,52783.45,53710.35,0,0.0,0.0,0.0,0.0,-0.01,-1,-1,-0.01,-1,-1,-0.01,-1,-1,-0.01,-1,-1,-0.01,-1,-1,-0.01,-1,-1,-0.01,-1,-1,-0.01,-1,-1,-0.01,-1,-1,-0.01,-1,-1
99926009,2026-05-18 10:46:16+05:30,52916.6,0,0.0,0,0.0,0.0,53282.15,53308.4,52783.45,53710.35,0,0.0,0.0,0.0,0.0,-0.01,-1,-1,-0.01,-1,-1,-0.01,-1,-1,-0.01,-1,-1,-0.01,-1,-1,-0.01,-1,-1,-0.01,-1,-1,-0.01,-1,-1,-0.01,-1,-1,-0.01,-1,-1
99926009,2026-05-18 10:46:16+05:30,52916.55,0,0.0,0,0.0,0.0,53282.15,53308.4,52783.45,53710.35,0,0.0,0.0,0.0,0.0,-0.01,-1,-1,-0.01,-1,-1,-0.01,-1,-1,-0.01,-1,-1,-0.01,-1,-1,-0.01,-1,-1,-0.01,-1,-1,-0.01,-1,-1,-0.01,-1,-1,-0.01,-1,-1
99926009,2026-05-18 10:46:17+05:30,52916.85,0,0.0,0,0.0,0.0,53282.15,53308.4,52783.45,53710.35,0,0.0,0.0,0.0,0.0,-0.01,-1,-1,-0.01,-1,-1,-0.01,-1,-1,-0.01,-1,-1,-0.01,-1,-1,-0.01,-1,-1,-0.01,-1,-1,-0.01,-1,-1,-0.01,-1,-1,-0.01,-1,-1
99926009,2026-05-18 10:46:17+05:30,52916.0,0,0.0,0,0.0,0.0,53282.15,53308.4,52783.45,53710.35,0,0.0,0.0,0.0,0.0,-0.01,-1,-1,-0.01,-1,-1,-0.01,-1,-1,-0.01,-1,-1,-0.01,-1,-1,-0.01,-1,-1,-0.01,-1,-1,-0.01,-1,-1,-0.01,-1,-1,-0.01,-1,-1
99926009,2026-05-18 10:46:18+05:30,52915.1,0,0.0,0,0.0,0.0,53282.15,53308.4,52783.45,53710.35,0,0.0,0.0,0.0,0.0,-0.01,-1,-1,-0.01,-1,-1,-0.01,-1,-1,-0.01,-1,-1,-0.01,-1,-1,-0.01,-1,-1,-0.01,-1,-1,-0.01,-1,-1,-0.01,-1,-1,-0.01,-1,-1
99926009,2026-05-18 10:46:18+05:30,52913.65,0,0.0,0,0.0,0.0,53282.15,53308.4,52783.45,53710.35,0,0.0,0.0,0.0,0.0,-0.01,-1,-1,-0.01,-1,-1,-0.01,-1,-1,-0.01,-1,-1,-0.01,-1,-1,-0.01,-1,-1,-0.01,-1,-1,-0.01,-1,-1,-0.01,-1,-1,-0.01,-1,-1
99926009,2026-05-18 10:46:19+05:30,52915.25,0,0.0,0,0.0,0.0,53282.15,53308.4,52783.45,53710.35,0,0.0,0.0,0.0,0.0,-0.01,-1,-1,-0.01,-1,-1,-0.01,-1,-1,-0.01,-1,-1,-0.01,-1,-1,-0.01,-1,-1,-0.01,-1,-1,-0.01,-1,-1,-0.01,-1,-1,-0.01,-1,-1
99926009,2026-05-18 10:46:19+05:30,52915.2,0,0.0,0,0.0,0.0,53282.15,53308.4,52783.45,53710.35,0,0.0,0.0,0.0,0.0,-0.01,-1,-1,-0.01,-1,-1,-0.01,-1,-1,-0.01,-1,-1,-0.01,-1,-1,-0.01,-1,-1,-0.01,-1,-1,-0.01,-1,-1,-0.01,-1,-1,-0.01,-1,-1
99926009,2026-05-18 10:46:20+05:30,52910.95,0,0.0,0,0.0,0.0,53282.15,53308.4,52783.45,53710.35,0,0.0,0.0,0.0,0.0,-0.01,-1,-1,-0.01,-1,-1,-0.01,-1,-1,-0.01,-1,-1,-0.01,-1,-1,-0.01,-1,-1,-0.01,-1,-1,-0.01,-1,-1,-0.01,-1,-1,-0.01,-1,-1
99926009,2026-05-18 10:46:20+05:30,52910.95,0,0.0,0,0.0,0.0,53282.15,53308.4,52783.45,53710.35,0,0.0,0.0,0.0,0.0,-0.01,-1,-1,-0.01,-1,-1,-0.01,-1,-1,-0.01,-1,-1,-0.01,-1,-1,-0.01,-1,-1,-0.01,-1,-1,-0.01,-1,-1,-0.01,-1,-1,-0.01,-1,-1
99926009,2026-05-18 10:46:21+05:30,52908.9,0,0.0,0,0.0,0.0,53282.15,53308.4,52783.45,53710.35,0,0.0,0.0,0.0,0.0,-0.01,-1,-1,-0.01,-1,-1,-0.01,-1,-1,-0.01,-1,-1,-0.01,-1,-1,-0.01,-1,-1,-0.01,-1,-1,-0.01,-1,-1,-0.01,-1,-1,-0.01,-1,-1
99926009,2026-05-18 10:46:21+05:30,52908.8,0,0.0,0,0.0,0.0,53282.15,53308.4,52783.45,53710.35,0,0.0,0.0,0.0,0.0,-0.01,-1,-1,-0.01,-1,-1,-0.01,-1,-1,-0.01,-1,-1,-0.01,-1,-1,-0.01,-1,-1,-0.01,-1,-1,-0.01,-1,-1,-0.01,-1,-1,-0.01,-1,-1
99926009,2026-05-18 10:46:22+05:30,52911.75,0,0.0,0,0.0,0.0,53282.15,53308.4,52783.45,53710.35,0,0.0,0.0,0.0,0.0,-0.01,-1,-1,-0.01,-1,-1,-0.01,-1,-1,-0.01,-1,-1,-0.01,-1,-1,-0.01,-1,-1,-0.01,-1,-1,-0.01,-1,-1,-0.01,-1,-1,-0.01,-1,-1
99926009,2026-05-18 10:46:22+05:30,52910.1,0,0.0,0,0.0,0.0,53282.15,53308.4,52783.45,53710.35,0,0.0,0.0,0.0,0.0,-0.01,-1,-1,-0.01,-1,-1,-0.01,-1,-1,-0.01,-1,-1,-0.01,-1,-1,-0.01,-1,-1,-0.01,-1,-1,-0.01,-1,-1,-0.01,-1,-1,-0.01,-1,-1
99926009,2026-05-18 10:46:23+05:30,52910.95,0,0.0,0,0.0,0.0,53282.15,53308.4,52783.45,53710.35,0,0.0,0.0,0.0,0.0,-0.01,-1,-1,-0.01,-1,-1,-0.01,-1,-1,-0.01,-1,-1,-0.01,-1,-1,-0.01,-1,-1,-0.01,-1,-1,-0.01,-1,-1,-0.01,-1,-1,-0.01,-1,-1
99926009,2026-05-18 10:46:23+05:30,52908.55,0,0.0,0,0.0,0.0,53282.15,53308.4,52783.45,53710.35,0,0.0,0.0,0.0,0.0,-0.01,-1,-1,-0.01,-1,-1,-0.01,-1,-1,-0.01,-1,-1,-0.01,-1,-1,-0.01,-1,-1,-0.01,-1,-1,-0.01,-1,-1,-0.01,-1,-1,-0.01,-1,-1
99926009,2026-05-18 10:46:24+05:30,52907.95,0,0.0,0,0.0,0.0,53282.15,53308.4,52783.45,53710.35,0,0.0,0.0,0.0,0.0,-0.01,-1,-1,-0.01,-1,-1,-0.01,-1,-1,-0.01,-1,-1,-0.01,-1,-1,-0.01,-1,-1,-0.01,-1,-1,-0.01,-1,-1,-0.01,-1,-1,-0.01,-1,-1
99926009,2026-05-18 10:46:24+05:30,52908.35,0,0.0,0,0.0,0.0,53282.15,53308.4,52783.45,53710.35,0,0.0,0.0,0.0,0.0,-0.01,-1,-1,-0.01,-1,-1,-0.01,-1,-1,-0.01,-1,-1,-0.01,-1,-1,-0.01,-1,-1,-0.01,-1,-1,-0.01,-1,-1,-0.01,-1,-1,-0.01,-1,-1
99926009,2026-05-18 10:46:25+05:30,52908.65,0,0.0,0,0.0,0.0,53282.15,53308.4,52783.45,53710.35,0,0.0,0.0,0.0,0.0,-0.01,-1,-1,-0.01,-1,-1,-0.01,-1,-1,-0.01,-1,-1,-0.01,-1,-1,-0.01,-1,-1,-0.01,-1,-1,-0.01,-1,-1,-0.01,-1,-1,-0.01,-1,-1
99926009,2026-05-18 10:46:25+05:30,52909.3,0,0.0,0,0.0,0.0,53282.15,53308.4,52783.45,53710.35,0,0.0,0.0,0.0,0.0,-0.01,-1,-1,-0.01,-1,-1,-0.01,-1,-1,-0.01,-1,-1,-0.01,-1,-1,-0.01,-1,-1,-0.01,-1,-1,-0.01,-1,-1,-0.01,-1,-1,-0.01,-1,-1
99926009,2026-05-18 10:46:26+05:30,52908.7,0,0.0,0,0.0,0.0,53282.15,53308.4,52783.45,53710.35,0,0.0,0.0,0.0,0.0,-0.01,-1,-1,-0.01,-1,-1,-0.01,-1,-1,-0.01,-1,-1,-0.01,-1,-1,-0.01,-1,-1,-0.01,-1,-1,-0.01,-1,-1,-0.01,-1,-1,-0.01,-1,-1
99926009,2026-05-18 10:46:26+05:30,52908.75,0,0.0,0,0.0,0.0,53282.15,53308.4,52783.45,53710.35,0,0.0,0.0,0.0,0.0,-0.01,-1,-1,-0.01,-1,-1,-0.01,-1,-1,-0.01,-1,-1,-0.01,-1,-1,-0.01,-1,-1,-0.01,-1,-1,-0.01,-1,-1,-0.01,-1,-1,-0.01,-1,-1
99926009,2026-05-18 10:46:27+05:30,52907.6,0,0.0,0,0.0,0.0,53282.15,53308.4,52783.45,53710.35,0,0.0,0.0,0.0,0.0,-0.01,-1,-1,-0.01,-1,-1,-0.01,-1,-1,-0.01,-1,-1,-0.01,-1,-1,-0.01,-1,-1,-0.01,-1,-1,-0.01,-1,-1,-0.01,-1,-1,-0.01,-1,-1
99926009,2026-05-18 10:46:27+05:30,52906.05,0,0.0,0,0.0,0.0,53282.15,53308.4,52783.45,53710.35,0,0.0,0.0,0.0,0.0,-0.01,-1,-1,-0.01,-1,-1,-0.01,-1,-1,-0.01,-1,-1,-0.01,-1,-1,-0.01,-1,-1,-0.01,-1,-1,-0.01,-1,-1,-0.01,-1,-1,-0.01,-1,-1
99926009,2026-05-18 10:46:28+05:30,52904.45,0,0.0,0,0.0,0.0,53282.15,53308.4,52783.45,53710.35,0,0.0,0.0,0.0,0.0,-0.01,-1,-1,-0.01,-1,-1,-0.01,-1,-1,-0.01,-1,-1,-0.01,-1,-1,-0.01,-1,-1,-0.01,-1,-1,-0.01,-1,-1,-0.01,-1,-1,-0.01,-1,-1
99926009,2026-05-18 10:46:28+05:30,52901.95,0,0.0,0,0.0,0.0,53282.15,53308.4,52783.45,53710.35,0,0.0,0.0,0.0,0.0,-0.01,-1,-1,-0.01,-1,-1,-0.01,-1,-1,-0.01,-1,-1,-0.01,-1,-1,-0.01,-1,-1,-0.01,-1,-1,-0.01,-1,-1,-0.01,-1,-1,-0.01,-1,-1
99926009,2026-05-18 10:46:29+05:30,52904.3,0,0.0,0,0.0,0.0,53282.15,53308.4,52783.45,53710.35,0,0.0,0.0,0.0,0.0,-0.01,-1,-1,-0.01,-1,-1,-0.01,-1,-1,-0.01,-1,-1,-0.01,-1,-1,-0.01,-1,-1,-0.01,-1,-1,-0.01,-1,-1,-0.01,-1,-1,-0.01,-1,-1
99926009,2026-05-18 10:46:29+05:30,52901.8,0,0.0,0,0.0,0.0,53282.15,53308.4,52783.45,53710.35,0,0.0,0.0,0.0,0.0,-0.01,-1,-1,-0.01,-1,-1,-0.01,-1,-1,-0.01,-1,-1,-0.01,-1,-1,-0.01,-1,-1,-0.01,-1,-1,-0.01,-1,-1,-0.01,-1,-1,-0.01,-1,-1
99926009,2026-05-18 10:46:30+05:30,52904.1,0,0.0,0,0.0,0.0,53282.15,53308.4,52783.45,53710.35,0,0.0,0.0,0.0,0.0,-0.01,-1,-1,-0.01,-1,-1,-0.01,-1,-1,-0.01,-1,-1,-0.01,-1,-1,-0.01,-1,-1,-0.01,-1,-1,-0.01,-1,-1,-0.01,-1,-1,-0.01,-1,-1
99926009,2026-05-18 10:46:30+05:30,52902.45,0,0.0,0,0.0,0.0,53282.15,53308.4,52783.45,53710.35,0,0.0,0.0,0.0,0.0,-0.01,-1,-1,-0.01,-1,-1,-0.01,-1,-1,-0.01,-1,-1,-0.01,-1,-1,-0.01,-1,-1,-0.01,-1,-1,-0.01,-1,-1,-0.01,-1,-1,-0.01,-1,-1
99926009,2026-05-18 10:46:31+05:30,52903.55,0,0.0,0,0.0,0.0,53282.15,53308.4,52783.45,53710.35,0,0.0,0.0,0.0,0.0,-0.01,-1,-1,-0.01,-1,-1,-0.01,-1,-1,-0.01,-1,-1,-0.01,-1,-1,-0.01,-1,-1,-0.01,-1,-1,-0.01,-1,-1,-0.01,-1,-1,-0.01,-1,-1
99926009,2026-05-18 10:46:31+05:30,52904.0,0,0.0,0,0.0,0.0,53282.15,53308.4,52783.45,53710.35,0,0.0,0.0,0.0,0.0,-0.01,-1,-1,-0.01,-1,-1,-0.01,-1,-1,-0.01,-1,-1,-0.01,-1,-1,-0.01,-1,-1,-0.01,-1,-1,-0.01,-1,-1,-0.01,-1,-1,-0.01,-1,-1
99926009,2026-05-18 10:46:32+05:30,52900.75,0,0.0,0,0.0,0.0,53282.15,53308.4,52783.45,53710.35,0,0.0,0.0,0.0,0.0,-0.01,-1,-1,-0.01,-1,-1,-0.01,-1,-1,-0.01,-1,-1,-0.01,-1,-1,-0.01,-1,-1,-0.01,-1,-1,-0.01,-1,-1,-0.01,-1,-1,-0.01,-1,-1
99926009,2026-05-18 10:46:32+05:30,52900.05,0,0.0,0,0.0,0.0,53282.15,53308.4,52783.45,53710.35,0,0.0,0.0,0.0,0.0,-0.01,-1,-1,-0.01,-1,-1,-0.01,-1,-1,-0.01,-1,-1,-0.01,-1,-1,-0.01,-1,-1,-0.01,-1,-1,-0.01,-1,-1,-0.01,-1,-1,-0.01,-1,-1
99926009,2026-05-18 10:46:33+05:30,52895.95,0,0.0,0,0.0,0.0,53282.15,53308.4,52783.45,53710.35,0,0.0,0.0,0.0,0.0,-0.01,-1,-1,-0.01,-1,-1,-0.01,-1,-1,-0.01,-1,-1,-0.01,-1,-1,-0.01,-1,-1,-0.01,-1,-1,-0.01,-1,-1,-0.01,-1,-1,-0.01,-1,-1
99926009,2026-05-18 10:46:33+05:30,52895.75,0,0.0,0,0.0,0.0,53282.15,53308.4,52783.45,53710.35,0,0.0,0.0,0.0,0.0,-0.01,-1,-1,-0.01,-1,-1,-0.01,-1,-1,-0.01,-1,-1,-0.01,-1,-1,-0.01,-1,-1,-0.01,-1,-1,-0.01,-1,-1,-0.01,-1,-1,-0.01,-1,-1
99926009,2026-05-18 10:46:34+05:30,52896.9,0,0.0,0,0.0,0.0,53282.15,53308.4,52783.45,53710.35,0,0.0,0.0,0.0,0.0,-0.01,-1,-1,-0.01,-1,-1,-0.01,-1,-1,-0.01,-1,-1,-0.01,-1,-1,-0.01,-1,-1,-0.01,-1,-1,-0.01,-1,-1,-0.01,-1,-1,-0.01,-1,-1
99926009,2026-05-18 10:46:34+05:30,52897.45,0,0.0,0,0.0,0.0,53282.15,53308.4,52783.45,53710.35,0,0.0,0.0,0.0,0.0,-0.01,-1,-1,-0.01,-1,-1,-0.01,-1,-1,-0.01,-1,-1,-0.01,-1,-1,-0.01,-1,-1,-0.01,-1,-1,-0.01,-1,-1,-0.01,-1,-1,-0.01,-1,-1
99926009,2026-05-18 10:46:35+05:30,52899.25,0,0.0,0,0.0,0.0,53282.15,53308.4,52783.45,53710.35,0,0.0,0.0,0.0,0.0,-0.01,-1,-1,-0.01,-1,-1,-0.01,-1,-1,-0.01,-1,-1,-0.01,-1,-1,-0.01,-1,-1,-0.01,-1,-1,-0.01,-1,-1,-0.01,-1,-1,-0.01,-1,-1
99926009,2026-05-18 10:46:35+05:30,52900.6,0,0.0,0,0.0,0.0,53282.15,53308.4,52783.45,53710.35,0,0.0,0.0,0.0,0.0,-0.01,-1,-1,-0.01,-1,-1,-0.01,-1,-1,-0.01,-1,-1,-0.01,-1,-1,-0.01,-1,-1,-0.01,-1,-1,-0.01,-1,-1,-0.01,-1,-1,-0.01,-1,-1
99926009,2026-05-18 10:46:36+05:30,52901.5,0,0.0,0,0.0,0.0,53282.15,53308.4,52783.45,53710.35,0,0.0,0.0,0.0,0.0,-0.01,-1,-1,-0.01,-1,-1,-0.01,-1,-1,-0.01,-1,-1,-0.01,-1,-1,-0.01,-1,-1,-0.01,-1,-1,-0.01,-1,-1,-0.01,-1,-1,-0.01,-1,-1
99926009,2026-05-18 10:46:36+05:30,52901.65,0,0.0,0,0.0,0.0,53282.15,53308.4,52783.45,53710.35,0,0.0,0.0,0.0,0.0,-0.01,-1,-1,-0.01,-1,-1,-0.01,-1,-1,-0.01,-1,-1,-0.01,-1,-1,-0.01,-1,-1,-0.01,-1,-1,-0.01,-1,-1,-0.01,-1,-1,-0.01,-1,-1
99926009,2026-05-18 10:46:37+05:30,52895.8,0,0.0,0,0.0,0.0,53282.15,53308.4,52783.45,53710.35,0,0.0,0.0,0.0,0.0,-0.01,-1,-1,-0.01,-1,-1,-0.01,-1,-1,-0.01,-1,-1,-0.01,-1,-1,-0.01,-1,-1,-0.01,-1,-1,-0.01,-1,-1,-0.01,-1,-1,-0.01,-1,-1
99926009,2026-05-18 10:46:37+05:30,52898.75,0,0.0,0,0.0,0.0,53282.15,53308.4,52783.45,53710.35,0,0.0,0.0,0.0,0.0,-0.01,-1,-1,-0.01,-1,-1,-0.01,-1,-1,-0.01,-1,-1,-0.01,-1,-1,-0.01,-1,-1,-0.01,-1,-1,-0.01,-1,-1,-0.01,-1,-1,-0.01,-1,-1
99926009,2026-05-18 10:46:38+05:30,52899.95,0,0.0,0,0.0,0.0,53282.15,53308.4,52783.45,53710.35,0,0.0,0.0,0.0,0.0,-0.01,-1,-1,-0.01,-1,-1,-0.01,-1,-1,-0.01,-1,-1,-0.01,-1,-1,-0.01,-1,-1,-0.01,-1,-1,-0.01,-1,-1,-0.01,-1,-1,-0.01,-1,-1
99926009,2026-05-18 10:46:38+05:30,52896.15,0,0.0,0,0.0,0.0,53282.15,53308.4,52783.45,53710.35,0,0.0,0.0,0.0,0.0,-0.01,-1,-1,-0.01,-1,-1,-0.01,-1,-1,-0.01,-1,-1,-0.01,-1,-1,-0.01,-1,-1,-0.01,-1,-1,-0.01,-1,-1,-0.01,-1,-1,-0.01,-1,-1
99926009,2026-05-18 10:46:39+05:30,52897.8,0,0.0,0,0.0,0.0,53282.15,53308.4,52783.45,53710.35,0,0.0,0.0,0.0,0.0,-0.01,-1,-1,-0.01,-1,-1,-0.01,-1,-1,-0.01,-1,-1,-0.01,-1,-1,-0.01,-1,-1,-0.01,-1,-1,-0.01,-1,-1,-0.01,-1,-1,-0.01,-1,-1
99926009,2026-05-18 10:46:39+05:30,52897.65,0,0.0,0,0.0,0.0,53282.15,53308.4,52783.45,53710.35,0,0.0,0.0,0.0,0.0,-0.01,-1,-1,-0.01,-1,-1,-0.01,-1,-1,-0.01,-1,-1,-0.01,-1,-1,-0.01,-1,-1,-0.01,-1,-1,-0.01,-1,-1,-0.01,-1,-1,-0.01,-1,-1
99926009,2026-05-18 10:46:40+05:30,52897.55,0,0.0,0,0.0,0.0,53282.15,53308.4,52783.45,53710.35,0,0.0,0.0,0.0,0.0,-0.01,-1,-1,-0.01,-1,-1,-0.01,-1,-1,-0.01,-1,-1,-0.01,-1,-1,-0.01,-1,-1,-0.01,-1,-1,-0.01,-1,-1,-0.01,-1,-1,-0.01,-1,-1
99926009,2026-05-18 10:46:40+05:30,52897.3,0,0.0,0,0.0,0.0,53282.15,53308.4,52783.45,53710.35,0,0.0,0.0,0.0,0.0,-0.01,-1,-1,-0.01,-1,-1,-0.01,-1,-1,-0.01,-1,-1,-0.01,-1,-1,-0.01,-1,-1,-0.01,-1,-1,-0.01,-1,-1,-0.01,-1,-1,-0.01,-1,-1
99926009,2026-05-18 10:46:41+05:30,52902.3,0,0.0,0,0.0,0.0,53282.15,53308.4,52783.45,53710.35,0,0.0,0.0,0.0,0.0,-0.01,-1,-1,-0.01,-1,-1,-0.01,-1,-1,-0.01,-1,-1,-0.01,-1,-1,-0.01,-1,-1,-0.01,-1,-1,-0.01,-1,-1,-0.01,-1,-1,-0.01,-1,-1
99926009,2026-05-18 10:46:41+05:30,52901.8,0,0.0,0,0.0,0.0,53282.15,53308.4,52783.45,53710.35,0,0.0,0.0,0.0,0.0,-0.01,-1,-1,-0.01,-1,-1,-0.01,-1,-1,-0.01,-1,-1,-0.01,-1,-1,-0.01,-1,-1,-0.01,-1,-1,-0.01,-1,-1,-0.01,-1,-1,-0.01,-1,-1
99926009,2026-05-18 10:46:42+05:30,52903.05,0,0.0,0,0.0,0.0,53282.15,53308.4,52783.45,53710.35,0,0.0,0.0,0.0,0.0,-0.01,-1,-1,-0.01,-1,-1,-0.01,-1,-1,-0.01,-1,-1,-0.01,-1,-1,-0.01,-1,-1,-0.01,-1,-1,-0.01,-1,-1,-0.01,-1,-1,-0.01,-1,-1
99926009,2026-05-18 10:46:42+05:30,52903.05,0,0.0,0,0.0,0.0,53282.15,53308.4,52783.45,53710.35,0,0.0,0.0,0.0,0.0,-0.01,-1,-1,-0.01,-1,-1,-0.01,-1,-1,-0.01,-1,-1,-0.01,-1,-1,-0.01,-1,-1,-0.01,-1,-1,-0.01,-1,-1,-0.01,-1,-1,-0.01,-1,-1
99926009,2026-05-18 10:46:43+05:30,52900.85,0,0.0,0,0.0,0.0,53282.15,53308.4,52783.45,53710.35,0,0.0,0.0,0.0,0.0,-0.01,-1,-1,-0.01,-1,-1,-0.01,-1,-1,-0.01,-1,-1,-0.01,-1,-1,-0.01,-1,-1,-0.01,-1,-1,-0.01,-1,-1,-0.01,-1,-1,-0.01,-1,-1
99926009,2026-05-18 10:46:43+05:30,52899.8,0,0.0,0,0.0,0.0,53282.15,53308.4,52783.45,53710.35,0,0.0,0.0,0.0,0.0,-0.01,-1,-1,-0.01,-1,-1,-0.01,-1,-1,-0.01,-1,-1,-0.01,-1,-1,-0.01,-1,-1,-0.01,-1,-1,-0.01,-1,-1,-0.01,-1,-1,-0.01,-1,-1
99926009,2026-05-18 10:46:44+05:30,52894.4,0,0.0,0,0.0,0.0,53282.15,53308.4,52783.45,53710.35,0,0.0,0.0,0.0,0.0,-0.01,-1,-1,-0.01,-1,-1,-0.01,-1,-1,-0.01,-1,-1,-0.01,-1,-1,-0.01,-1,-1,-0.01,-1,-1,-0.01,-1,-1,-0.01,-1,-1,-0.01,-1,-1
99926009,2026-05-18 10:46:44+05:30,52898.75,0,0.0,0,0.0,0.0,53282.15,53308.4,52783.45,53710.35,0,0.0,0.0,0.0,0.0,-0.01,-1,-1,-0.01,-1,-1,-0.01,-1,-1,-0.01,-1,-1,-0.01,-1,-1,-0.01,-1,-1,-0.01,-1,-1,-0.01,-1,-1,-0.01,-1,-1,-0.01,-1,-1
99926009,2026-05-18 10:46:45+05:30,52902.05,0,0.0,0,0.0,0.0,53282.15,53308.4,52783.45,53710.35,0,0.0,0.0,0.0,0.0,-0.01,-1,-1,-0.01,-1,-1,-0.01,-1,-1,-0.01,-1,-1,-0.01,-1,-1,-0.01,-1,-1,-0.01,-1,-1,-0.01,-1,-1,-0.01,-1,-1,-0.01,-1,-1
99926009,2026-05-18 10:46:45+05:30,52902.45,0,0.0,0,0.0,0.0,53282.15,53308.4,52783.45,53710.35,0,0.0,0.0,0.0,0.0,-0.01,-1,-1,-0.01,-1,-1,-0.01,-1,-1,-0.01,-1,-1,-0.01,-1,-1,-0.01,-1,-1,-0.01,-1,-1,-0.01,-1,-1,-0.01,-1,-1,-0.01,-1,-1
99926009,2026-05-18 10:46:46+05:30,52903.4,0,0.0,0,0.0,0.0,53282.15,53308.4,52783.45,53710.35,0,0.0,0.0,0.0,0.0,-0.01,-1,-1,-0.01,-1,-1,-0.01,-1,-1,-0.01,-1,-1,-0.01,-1,-1,-0.01,-1,-1,-0.01,-1,-1,-0.01,-1,-1,-0.01,-1,-1,-0.01,-1,-1
99926009,2026-05-18 10:46:46+05:30,52901.1,0,0.0,0,0.0,0.0,53282.15,53308.4,52783.45,53710.35,0,0.0,0.0,0.0,0.0,-0.01,-1,-1,-0.01,-1,-1,-0.01,-1,-1,-0.01,-1,-1,-0.01,-1,-1,-0.01,-1,-1,-0.01,-1,-1,-0.01,-1,-1,-0.01,-1,-1,-0.01,-1,-1
99926009,2026-05-18 10:46:47+05:30,52902.2,0,0.0,0,0.0,0.0,53282.15,53308.4,52783.45,53710.35,0,0.0,0.0,0.0,0.0,-0.01,-1,-1,-0.01,-1,-1,-0.01,-1,-1,-0.01,-1,-1,-0.01,-1,-1,-0.01,-1,-1,-0.01,-1,-1,-0.01,-1,-1,-0.01,-1,-1,-0.01,-1,-1
99926009,2026-05-18 10:46:47+05:30,52899.75,0,0.0,0,0.0,0.0,53282.15,53308.4,52783.45,53710.35,0,0.0,0.0,0.0,0.0,-0.01,-1,-1,-0.01,-1,-1,-0.01,-1,-1,-0.01,-1,-1,-0.01,-1,-1,-0.01,-1,-1,-0.01,-1,-1,-0.01,-1,-1,-0.01,-1,-1,-0.01,-1,-1
99926009,2026-05-18 10:46:48+05:30,52901.35,0,0.0,0,0.0,0.0,53282.15,53308.4,52783.45,53710.35,0,0.0,0.0,0.0,0.0,-0.01,-1,-1,-0.01,-1,-1,-0.01,-1,-1,-0.01,-1,-1,-0.01,-1,-1,-0.01,-1,-1,-0.01,-1,-1,-0.01,-1,-1,-0.01,-1,-1,-0.01,-1,-1
99926009,2026-05-18 10:46:48+05:30,52902.05,0,0.0,0,0.0,0.0,53282.15,53308.4,52783.45,53710.35,0,0.0,0.0,0.0,0.0,-0.01,-1,-1,-0.01,-1,-1,-0.01,-1,-1,-0.01,-1,-1,-0.01,-1,-1,-0.01,-1,-1,-0.01,-1,-1,-0.01,-1,-1,-0.01,-1,-1,-0.01,-1,-1
99926009,2026-05-18 10:46:49+05:30,52905.7,0,0.0,0,0.0,0.0,53282.15,53308.4,52783.45,53710.35,0,0.0,0.0,0.0,0.0,-0.01,-1,-1,-0.01,-1,-1,-0.01,-1,-1,-0.01,-1,-1,-0.01,-1,-1,-0.01,-1,-1,-0.01,-1,-1,-0.01,-1,-1,-0.01,-1,-1,-0.01,-1,-1
99926009,2026-05-18 10:46:49+05:30,52905.6,0,0.0,0,0.0,0.0,53282.15,53308.4,52783.45,53710.35,0,0.0,0.0,0.0,0.0,-0.01,-1,-1,-0.01,-1,-1,-0.01,-1,-1,-0.01,-1,-1,-0.01,-1,-1,-0.01,-1,-1,-0.01,-1,-1,-0.01,-1,-1,-0.01,-1,-1,-0.01,-1,-1
99926009,2026-05-18 10:46:50+05:30,52903.9,0,0.0,0,0.0,0.0,53282.15,53308.4,52783.45,53710.35,0,0.0,0.0,0.0,0.0,-0.01,-1,-1,-0.01,-1,-1,-0.01,-1,-1,-0.01,-1,-1,-0.01,-1,-1,-0.01,-1,-1,-0.01,-1,-1,-0.01,-1,-1,-0.01,-1,-1,-0.01,-1,-1
99926009,2026-05-18 10:46:50+05:30,52904.45,0,0.0,0,0.0,0.0,53282.15,53308.4,52783.45,53710.35,0,0.0,0.0,0.0,0.0,-0.01,-1,-1,-0.01,-1,-1,-0.01,-1,-1,-0.01,-1,-1,-0.01,-1,-1,-0.01,-1,-1,-0.01,-1,-1,-0.01,-1,-1,-0.01,-1,-1,-0.01,-1,-1
99926009,2026-05-18 10:46:51+05:30,52903.3,0,0.0,0,0.0,0.0,53282.15,53308.4,52783.45,53710.35,0,0.0,0.0,0.0,0.0,-0.01,-1,-1,-0.01,-1,-1,-0.01,-1,-1,-0.01,-1,-1,-0.01,-1,-1,-0.01,-1,-1,-0.01,-1,-1,-0.01,-1,-1,-0.01,-1,-1,-0.01,-1,-1
99926009,2026-05-18 10:46:51+05:30,52903.9,0,0.0,0,0.0,0.0,53282.15,53308.4,52783.45,53710.35,0,0.0,0.0,0.0,0.0,-0.01,-1,-1,-0.01,-1,-1,-0.01,-1,-1,-0.01,-1,-1,-0.01,-1,-1,-0.01,-1,-1,-0.01,-1,-1,-0.01,-1,-1,-0.01,-1,-1,-0.01,-1,-1
99926009,2026-05-18 10:46:52+05:30,52900.8,0,0.0,0,0.0,0.0,53282.15,53308.4,52783.45,53710.35,0,0.0,0.0,0.0,0.0,-0.01,-1,-1,-0.01,-1,-1,-0.01,-1,-1,-0.01,-1,-1,-0.01,-1,-1,-0.01,-1,-1,-0.01,-1,-1,-0.01,-1,-1,-0.01,-1,-1,-0.01,-1,-1
99926009,2026-05-18 10:46:52+05:30,52898.7,0,0.0,0,0.0,0.0,53282.15,53308.4,52783.45,53710.35,0,0.0,0.0,0.0,0.0,-0.01,-1,-1,-0.01,-1,-1,-0.01,-1,-1,-0.01,-1,-1,-0.01,-1,-1,-0.01,-1,-1,-0.01,-1,-1,-0.01,-1,-1,-0.01,-1,-1,-0.01,-1,-1
99926009,2026-05-18 10:46:53+05:30,52899.85,0,0.0,0,0.0,0.0,53282.15,53308.4,52783.45,53710.35,0,0.0,0.0,0.0,0.0,-0.01,-1,-1,-0.01,-1,-1,-0.01,-1,-1,-0.01,-1,-1,-0.01,-1,-1,-0.01,-1,-1,-0.01,-1,-1,-0.01,-1,-1,-0.01,-1,-1,-0.01,-1,-1
99926009,2026-05-18 10:46:53+05:30,52900.9,0,0.0,0,0.0,0.0,53282.15,53308.4,52783.45,53710.35,0,0.0,0.0,0.0,0.0,-0.01,-1,-1,-0.01,-1,-1,-0.01,-1,-1,-0.01,-1,-1,-0.01,-1,-1,-0.01,-1,-1,-0.01,-1,-1,-0.01,-1,-1,-0.01,-1,-1,-0.01,-1,-1
99926009,2026-05-18 10:46:54+05:30,52902.35,0,0.0,0,0.0,0.0,53282.15,53308.4,52783.45,53710.35,0,0.0,0.0,0.0,0.0,-0.01,-1,-1,-0.01,-1,-1,-0.01,-1,-1,-0.01,-1,-1,-0.01,-1,-1,-0.01,-1,-1,-0.01,-1,-1,-0.01,-1,-1,-0.01,-1,-1,-0.01,-1,-1
99926009,2026-05-18 10:46:54+05:30,52901.55,0,0.0,0,0.0,0.0,53282.15,53308.4,52783.45,53710.35,0,0.0,0.0,0.0,0.0,-0.01,-1,-1,-0.01,-1,-1,-0.01,-1,-1,-0.01,-1,-1,-0.01,-1,-1,-0.01,-1,-1,-0.01,-1,-1,-0.01,-1,-1,-0.01,-1,-1,-0.01,-1,-1
99926009,2026-05-18 10:46:55+05:30,52901.5,0,0.0,0,0.0,0.0,53282.15,53308.4,52783.45,53710.35,0,0.0,0.0,0.0,0.0,-0.01,-1,-1,-0.01,-1,-1,-0.01,-1,-1,-0.01,-1,-1,-0.01,-1,-1,-0.01,-1,-1,-0.01,-1,-1,-0.01,-1,-1,-0.01,-1,-1,-0.01,-1,-1
99926009,2026-05-18 10:46:55+05:30,52901.2,0,0.0,0,0.0,0.0,53282.15,53308.4,52783.45,53710.35,0,0.0,0.0,0.0,0.0,-0.01,-1,-1,-0.01,-1,-1,-0.01,-1,-1,-0.01,-1,-1,-0.01,-1,-1,-0.01,-1,-1,-0.01,-1,-1,-0.01,-1,-1,-0.01,-1,-1,-0.01,-1,-1
99926009,2026-05-18 10:46:56+05:30,52900.95,0,0.0,0,0.0,0.0,53282.15,53308.4,52783.45,53710.35,0,0.0,0.0,0.0,0.0,-0.01,-1,-1,-0.01,-1,-1,-0.01,-1,-1,-0.01,-1,-1,-0.01,-1,-1,-0.01,-1,-1,-0.01,-1,-1,-0.01,-1,-1,-0.01,-1,-1,-0.01,-1,-1
99926009,2026-05-18 10:46:56+05:30,52900.65,0,0.0,0,0.0,0.0,53282.15,53308.4,52783.45,53710.35,0,0.0,0.0,0.0,0.0,-0.01,-1,-1,-0.01,-1,-1,-0.01,-1,-1,-0.01,-1,-1,-0.01,-1,-1,-0.01,-1,-1,-0.01,-1,-1,-0.01,-1,-1,-0.01,-1,-1,-0.01,-1,-1
99926009,2026-05-18 10:46:57+05:30,52899.05,0,0.0,0,0.0,0.0,53282.15,53308.4,52783.45,53710.35,0,0.0,0.0,0.0,0.0,-0.01,-1,-1,-0.01,-1,-1,-0.01,-1,-1,-0.01,-1,-1,-0.01,-1,-1,-0.01,-1,-1,-0.01,-1,-1,-0.01,-1,-1,-0.01,-1,-1,-0.01,-1,-1
99926009,2026-05-18 10:46:57+05:30,52899.4,0,0.0,0,0.0,0.0,53282.15,53308.4,52783.45,53710.35,0,0.0,0.0,0.0,0.0,-0.01,-1,-1,-0.01,-1,-1,-0.01,-1,-1,-0.01,-1,-1,-0.01,-1,-1,-0.01,-1,-1,-0.01,-1,-1,-0.01,-1,-1,-0.01,-1,-1,-0.01,-1,-1
99926009,2026-05-18 10:46:58+05:30,52899.8,0,0.0,0,0.0,0.0,53282.15,53308.4,52783.45,53710.35,0,0.0,0.0,0.0,0.0,-0.01,-1,-1,-0.01,-1,-1,-0.01,-1,-1,-0.01,-1,-1,-0.01,-1,-1,-0.01,-1,-1,-0.01,-1,-1,-0.01,-1,-1,-0.01,-1,-1,-0.01,-1,-1
99926009,2026-05-18 10:46:58+05:30,52900.35,0,0.0,0,0.0,0.0,53282.15,53308.4,52783.45,53710.35,0,0.0,0.0,0.0,0.0,-0.01,-1,-1,-0.01,-1,-1,-0.01,-1,-1,-0.01,-1,-1,-0.01,-1,-1,-0.01,-1,-1,-0.01,-1,-1,-0.01,-1,-1,-0.01,-1,-1,-0.01,-1,-1
99926009,2026-05-18 10:46:59+05:30,52900.1,0,0.0,0,0.0,0.0,53282.15,53308.4,52783.45,53710.35,0,0.0,0.0,0.0,0.0,-0.01,-1,-1,-0.01,-1,-1,-0.01,-1,-1,-0.01,-1,-1,-0.01,-1,-1,-0.01,-1,-1,-0.01,-1,-1,-0.01,-1,-1,-0.01,-1,-1,-0.01,-1,-1
99926009,2026-05-18 10:46:59+05:30,52900.2,0,0.0,0,0.0,0.0,53282.15,53308.4,52783.45,53710.35,0,0.0,0.0,0.0,0.0,-0.01,-1,-1,-0.01,-1,-1,-0.01,-1,-1,-0.01,-1,-1,-0.01,-1,-1,-0.01,-1,-1,-0.01,-1,-1,-0.01,-1,-1,-0.01,-1,-1,-0.01,-1,-1
99926009,2026-05-18 10:47:00+05:30,52901.3,0,0.0,0,0.0,0.0,53282.15,53308.4,52783.45,53710.35,0,0.0,0.0,0.0,0.0,-0.01,-1,-1,-0.01,-1,-1,-0.01,-1,-1,-0.01,-1,-1,-0.01,-1,-1,-0.01,-1,-1,-0.01,-1,-1,-0.01,-1,-1,-0.01,-1,-1,-0.01,-1,-1
99926009,2026-05-18 10:47:00+05:30,52900.4,0,0.0,0,0.0,0.0,53282.15,53308.4,52783.45,53710.35,0,0.0,0.0,0.0,0.0,-0.01,-1,-1,-0.01,-1,-1,-0.01,-1,-1,-0.01,-1,-1,-0.01,-1,-1,-0.01,-1,-1,-0.01,-1,-1,-0.01,-1,-1,-0.01,-1,-1,-0.01,-1,-1
99926009,2026-05-18 10:47:01+05:30,52900.0,0,0.0,0,0.0,0.0,53282.15,53308.4,52783.45,53710.35,0,0.0,0.0,0.0,0.0,-0.01,-1,-1,-0.01,-1,-1,-0.01,-1,-1,-0.01,-1,-1,-0.01,-1,-1,-0.01,-1,-1,-0.01,-1,-1,-0.01,-1,-1,-0.01,-1,-1,-0.01,-1,-1
99926009,2026-05-18 10:47:01+05:30,52897.75,0,0.0,0,0.0,0.0,53282.15,53308.4,52783.45,53710.35,0,0.0,0.0,0.0,0.0,-0.01,-1,-1,-0.01,-1,-1,-0.01,-1,-1,-0.01,-1,-1,-0.01,-1,-1,-0.01,-1,-1,-0.01,-1,-1,-0.01,-1,-1,-0.01,-1,-1,-0.01,-1,-1
99926009,2026-05-18 10:47:02+05:30,52899.4,0,0.0,0,0.0,0.0,53282.15,53308.4,52783.45,53710.35,0,0.0,0.0,0.0,0.0,-0.01,-1,-1,-0.01,-1,-1,-0.01,-1,-1,-0.01,-1,-1,-0.01,-1,-1,-0.01,-1,-1,-0.01,-1,-1,-0.01,-1,-1,-0.01,-1,-1,-0.01,-1,-1
99926009,2026-05-18 10:47:02+05:30,52900.2,0,0.0,0,0.0,0.0,53282.15,53308.4,52783.45,53710.35,0,0.0,0.0,0.0,0.0,-0.01,-1,-1,-0.01,-1,-1,-0.01,-1,-1,-0.01,-1,-1,-0.01,-1,-1,-0.01,-1,-1,-0.01,-1,-1,-0.01,-1,-1,-0.01,-1,-1,-0.01,-1,-1
99926009,2026-05-18 10:47:03+05:30,52899.95,0,0.0,0,0.0,0.0,53282.15,53308.4,52783.45,53710.35,0,0.0,0.0,0.0,0.0,-0.01,-1,-1,-0.01,-1,-1,-0.01,-1,-1,-0.01,-1,-1,-0.01,-1,-1,-0.01,-1,-1,-0.01,-1,-1,-0.01,-1,-1,-0.01,-1,-1,-0.01,-1,-1
99926009,2026-05-18 10:47:03+05:30,52899.95,0,0.0,0,0.0,0.0,53282.15,53308.4,52783.45,53710.35,0,0.0,0.0,0.0,0.0,-0.01,-1,-1,-0.01,-1,-1,-0.01,-1,-1,-0.01,-1,-1,-0.01,-1,-1,-0.01,-1,-1,-0.01,-1,-1,-0.01,-1,-1,-0.01,-1,-1,-0.01,-1,-1
99926009,2026-05-18 10:47:04+05:30,52900.1,0,0.0,0,0.0,0.0,53282.15,53308.4,52783.45,53710.35,0,0.0,0.0,0.0,0.0,-0.01,-1,-1,-0.01,-1,-1,-0.01,-1,-1,-0.01,-1,-1,-0.01,-1,-1,-0.01,-1,-1,-0.01,-1,-1,-0.01,-1,-1,-0.01,-1,-1,-0.01,-1,-1
99926009,2026-05-18 10:47:04+05:30,52898.55,0,0.0,0,0.0,0.0,53282.15,53308.4,52783.45,53710.35,0,0.0,0.0,0.0,0.0,-0.01,-1,-1,-0.01,-1,-1,-0.01,-1,-1,-0.01,-1,-1,-0.01,-1,-1,-0.01,-1,-1,-0.01,-1,-1,-0.01,-1,-1,-0.01,-1,-1,-0.01,-1,-1
99926009,2026-05-18 10:47:05+05:30,52900.45,0,0.0,0,0.0,0.0,53282.15,53308.4,52783.45,53710.35,0,0.0,0.0,0.0,0.0,-0.01,-1,-1,-0.01,-1,-1,-0.01,-1,-1,-0.01,-1,-1,-0.01,-1,-1,-0.01,-1,-1,-0.01,-1,-1,-0.01,-1,-1,-0.01,-1,-1,-0.01,-1,-1
99926009,2026-05-18 10:47:05+05:30,52900.6,0,0.0,0,0.0,0.0,53282.15,53308.4,52783.45,53710.35,0,0.0,0.0,0.0,0.0,-0.01,-1,-1,-0.01,-1,-1,-0.01,-1,-1,-0.01,-1,-1,-0.01,-1,-1,-0.01,-1,-1,-0.01,-1,-1,-0.01,-1,-1,-0.01,-1,-1,-0.01,-1,-1
99926009,2026-05-18 10:47:06+05:30,52900.2,0,0.0,0,0.0,0.0,53282.15,53308.4,52783.45,53710.35,0,0.0,0.0,0.0,0.0,-0.01,-1,-1,-0.01,-1,-1,-0.01,-1,-1,-0.01,-1,-1,-0.01,-1,-1,-0.01,-1,-1,-0.01,-1,-1,-0.01,-1,-1,-0.01,-1,-1,-0.01,-1,-1
99926009,2026-05-18 10:47:06+05:30,52901.2,0,0.0,0,0.0,0.0,53282.15,53308.4,52783.45,53710.35,0,0.0,0.0,0.0,0.0,-0.01,-1,-1,-0.01,-1,-1,-0.01,-1,-1,-0.01,-1,-1,-0.01,-1,-1,-0.01,-1,-1,-0.01,-1,-1,-0.01,-1,-1,-0.01,-1,-1,-0.01,-1,-1
99926009,2026-05-18 10:47:07+05:30,52899.15,0,0.0,0,0.0,0.0,53282.15,53308.4,52783.45,53710.35,0,0.0,0.0,0.0,0.0,-0.01,-1,-1,-0.01,-1,-1,-0.01,-1,-1,-0.01,-1,-1,-0.01,-1,-1,-0.01,-1,-1,-0.01,-1,-1,-0.01,-1,-1,-0.01,-1,-1,-0.01,-1,-1
99926009,2026-05-18 10:47:07+05:30,52899.15,0,0.0,0,0.0,0.0,53282.15,53308.4,52783.45,53710.35,0,0.0,0.0,0.0,0.0,-0.01,-1,-1,-0.01,-1,-1,-0.01,-1,-1,-0.01,-1,-1,-0.01,-1,-1,-0.01,-1,-1,-0.01,-1,-1,-0.01,-1,-1,-0.01,-1,-1,-0.01,-1,-1
99926009,2026-05-18 10:47:08+05:30,52899.2,0,0.0,0,0.0,0.0,53282.15,53308.4,52783.45,53710.35,0,0.0,0.0,0.0,0.0,-0.01,-1,-1,-0.01,-1,-1,-0.01,-1,-1,-0.01,-1,-1,-0.01,-1,-1,-0.01,-1,-1,-0.01,-1,-1,-0.01,-1,-1,-0.01,-1,-1,-0.01,-1,-1
99926009,2026-05-18 10:47:08+05:30,52899.7,0,0.0,0,0.0,0.0,53282.15,53308.4,52783.45,53710.35,0,0.0,0.0,0.0,0.0,-0.01,-1,-1,-0.01,-1,-1,-0.01,-1,-1,-0.01,-1,-1,-0.01,-1,-1,-0.01,-1,-1,-0.01,-1,-1,-0.01,-1,-1,-0.01,-1,-1,-0.01,-1,-1
99926009,2026-05-18 10:47:09+05:30,52899.7,0,0.0,0,0.0,0.0,53282.15,53308.4,52783.45,53710.35,0,0.0,0.0,0.0,0.0,-0.01,-1,-1,-0.01,-1,-1,-0.01,-1,-1,-0.01,-1,-1,-0.01,-1,-1,-0.01,-1,-1,-0.01,-1,-1,-0.01,-1,-1,-0.01,-1,-1,-0.01,-1,-1
99926009,2026-05-18 10:47:09+05:30,52896.05,0,0.0,0,0.0,0.0,53282.15,53308.4,52783.45,53710.35,0,0.0,0.0,0.0,0.0,-0.01,-1,-1,-0.01,-1,-1,-0.01,-1,-1,-0.01,-1,-1,-0.01,-1,-1,-0.01,-1,-1,-0.01,-1,-1,-0.01,-1,-1,-0.01,-1,-1,-0.01,-1,-1
99926009,2026-05-18 10:47:10+05:30,52898.15,0,0.0,0,0.0,0.0,53282.15,53308.4,52783.45,53710.35,0,0.0,0.0,0.0,0.0,-0.01,-1,-1,-0.01,-1,-1,-0.01,-1,-1,-0.01,-1,-1,-0.01,-1,-1,-0.01,-1,-1,-0.01,-1,-1,-0.01,-1,-1,-0.01,-1,-1,-0.01,-1,-1
99926009,2026-05-18 10:47:10+05:30,52898.8,0,0.0,0,0.0,0.0,53282.15,53308.4,52783.45,53710.35,0,0.0,0.0,0.0,0.0,-0.01,-1,-1,-0.01,-1,-1,-0.01,-1,-1,-0.01,-1,-1,-0.01,-1,-1,-0.01,-1,-1,-0.01,-1,-1,-0.01,-1,-1,-0.01,-1,-1,-0.01,-1,-1
99926009,2026-05-18 10:47:11+05:30,52900.8,0,0.0,0,0.0,0.0,53282.15,53308.4,52783.45,53710.35,0,0.0,0.0,0.0,0.0,-0.01,-1,-1,-0.01,-1,-1,-0.01,-1,-1,-0.01,-1,-1,-0.01,-1,-1,-0.01,-1,-1,-0.01,-1,-1,-0.01,-1,-1,-0.01,-1,-1,-0.01,-1,-1
99926009,2026-05-18 10:47:11+05:30,52900.5,0,0.0,0,0.0,0.0,53282.15,53308.4,52783.45,53710.35,0,0.0,0.0,0.0,0.0,-0.01,-1,-1,-0.01,-1,-1,-0.01,-1,-1,-0.01,-1,-1,-0.01,-1,-1,-0.01,-1,-1,-0.01,-1,-1,-0.01,-1,-1,-0.01,-1,-1,-0.01,-1,-1
99926009,2026-05-18 10:47:12+05:30,52899.15,0,0.0,0,0.0,0.0,53282.15,53308.4,52783.45,53710.35,0,0.0,0.0,0.0,0.0,-0.01,-1,-1,-0.01,-1,-1,-0.01,-1,-1,-0.01,-1,-1,-0.01,-1,-1,-0.01,-1,-1,-0.01,-1,-1,-0.01,-1,-1,-0.01,-1,-1,-0.01,-1,-1
99926009,2026-05-18 10:47:12+05:30,52899.0,0,0.0,0,0.0,0.0,53282.15,53308.4,52783.45,53710.35,0,0.0,0.0,0.0,0.0,-0.01,-1,-1,-0.01,-1,-1,-0.01,-1,-1,-0.01,-1,-1,-0.01,-1,-1,-0.01,-1,-1,-0.01,-1,-1,-0.01,-1,-1,-0.01,-1,-1,-0.01,-1,-1
99926009,2026-05-18 10:47:13+05:30,52900.15,0,0.0,0,0.0,0.0,53282.15,53308.4,52783.45,53710.35,0,0.0,0.0,0.0,0.0,-0.01,-1,-1,-0.01,-1,-1,-0.01,-1,-1,-0.01,-1,-1,-0.01,-1,-1,-0.01,-1,-1,-0.01,-1,-1,-0.01,-1,-1,-0.01,-1,-1,-0.01,-1,-1
99926009,2026-05-18 10:47:13+05:30,52898.85,0,0.0,0,0.0,0.0,53282.15,53308.4,52783.45,53710.35,0,0.0,0.0,0.0,0.0,-0.01,-1,-1,-0.01,-1,-1,-0.01,-1,-1,-0.01,-1,-1,-0.01,-1,-1,-0.01,-1,-1,-0.01,-1,-1,-0.01,-1,-1,-0.01,-1,-1,-0.01,-1,-1
99926009,2026-05-18 10:47:14+05:30,52899.65,0,0.0,0,0.0,0.0,53282.15,53308.4,52783.45,53710.35,0,0.0,0.0,0.0,0.0,-0.01,-1,-1,-0.01,-1,-1,-0.01,-1,-1,-0.01,-1,-1,-0.01,-1,-1,-0.01,-1,-1,-0.01,-1,-1,-0.01,-1,-1,-0.01,-1,-1,-0.01,-1,-1
99926009,2026-05-18 10:47:14+05:30,52899.5,0,0.0,0,0.0,0.0,53282.15,53308.4,52783.45,53710.35,0,0.0,0.0,0.0,0.0,-0.01,-1,-1,-0.01,-1,-1,-0.01,-1,-1,-0.01,-1,-1,-0.01,-1,-1,-0.01,-1,-1,-0.01,-1,-1,-0.01,-1,-1,-0.01,-1,-1,-0.01,-1,-1
99926009,2026-05-18 10:47:15+05:30,52902.2,0,0.0,0,0.0,0.0,53282.15,53308.4,52783.45,53710.35,0,0.0,0.0,0.0,0.0,-0.01,-1,-1,-0.01,-1,-1,-0.01,-1,-1,-0.01,-1,-1,-0.01,-1,-1,-0.01,-1,-1,-0.01,-1,-1,-0.01,-1,-1,-0.01,-1,-1,-0.01,-1,-1
99926009,2026-05-18 10:47:15+05:30,52902.55,0,0.0,0,0.0,0.0,53282.15,53308.4,52783.45,53710.35,0,0.0,0.0,0.0,0.0,-0.01,-1,-1,-0.01,-1,-1,-0.01,-1,-1,-0.01,-1,-1,-0.01,-1,-1,-0.01,-1,-1,-0.01,-1,-1,-0.01,-1,-1,-0.01,-1,-1,-0.01,-1,-1
99926009,2026-05-18 10:47:16+05:30,52891.25,0,0.0,0,0.0,0.0,53282.15,53308.4,52783.45,53710.35,0,0.0,0.0,0.0,0.0,-0.01,-1,-1,-0.01,-1,-1,-0.01,-1,-1,-0.01,-1,-1,-0.01,-1,-1,-0.01,-1,-1,-0.01,-1,-1,-0.01,-1,-1,-0.01,-1,-1,-0.01,-1,-1
99926009,2026-05-18 10:47:16+05:30,52884.95,0,0.0,0,0.0,0.0,53282.15,53308.4,52783.45,53710.35,0,0.0,0.0,0.0,0.0,-0.01,-1,-1,-0.01,-1,-1,-0.01,-1,-1,-0.01,-1,-1,-0.01,-1,-1,-0.01,-1,-1,-0.01,-1,-1,-0.01,-1,-1,-0.01,-1,-1,-0.01,-1,-1
99926009,2026-05-18 10:47:17+05:30,52885.7,0,0.0,0,0.0,0.0,53282.15,53308.4,52783.45,53710.35,0,0.0,0.0,0.0,0.0,-0.01,-1,-1,-0.01,-1,-1,-0.01,-1,-1,-0.01,-1,-1,-0.01,-1,-1,-0.01,-1,-1,-0.01,-1,-1,-0.01,-1,-1,-0.01,-1,-1,-0.01,-1,-1
99926009,2026-05-18 10:47:17+05:30,52885.45,0,0.0,0,0.0,0.0,53282.15,53308.4,52783.45,53710.35,0,0.0,0.0,0.0,0.0,-0.01,-1,-1,-0.01,-1,-1,-0.01,-1,-1,-0.01,-1,-1,-0.01,-1,-1,-0.01,-1,-1,-0.01,-1,-1,-0.01,-1,-1,-0.01,-1,-1,-0.01,-1,-1
99926009,2026-05-18 10:47:18+05:30,52883.6,0,0.0,0,0.0,0.0,53282.15,53308.4,52783.45,53710.35,0,0.0,0.0,0.0,0.0,-0.01,-1,-1,-0.01,-1,-1,-0.01,-1,-1,-0.01,-1,-1,-0.01,-1,-1,-0.01,-1,-1,-0.01,-1,-1,-0.01,-1,-1,-0.01,-1,-1,-0.01,-1,-1
99926009,2026-05-18 10:47:18+05:30,52887.3,0,0.0,0,0.0,0.0,53282.15,53308.4,52783.45,53710.35,0,0.0,0.0,0.0,0.0,-0.01,-1,-1,-0.01,-1,-1,-0.01,-1,-1,-0.01,-1,-1,-0.01,-1,-1,-0.01,-1,-1,-0.01,-1,-1,-0.01,-1,-1,-0.01,-1,-1,-0.01,-1,-1
99926009,2026-05-18 10:47:19+05:30,52888.65,0,0.0,0,0.0,0.0,53282.15,53308.4,52783.45,53710.35,0,0.0,0.0,0.0,0.0,-0.01,-1,-1,-0.01,-1,-1,-0.01,-1,-1,-0.01,-1,-1,-0.01,-1,-1,-0.01,-1,-1,-0.01,-1,-1,-0.01,-1,-1,-0.01,-1,-1,-0.01,-1,-1
99926009,2026-05-18 10:47:19+05:30,52886.5,0,0.0,0,0.0,0.0,53282.15,53308.4,52783.45,53710.35,0,0.0,0.0,0.0,0.0,-0.01,-1,-1,-0.01,-1,-1,-0.01,-1,-1,-0.01,-1,-1,-0.01,-1,-1,-0.01,-1,-1,-0.01,-1,-1,-0.01,-1,-1,-0.01,-1,-1,-0.01,-1,-1
99926009,2026-05-18 10:47:20+05:30,52889.35,0,0.0,0,0.0,0.0,53282.15,53308.4,52783.45,53710.35,0,0.0,0.0,0.0,0.0,-0.01,-1,-1,-0.01,-1,-1,-0.01,-1,-1,-0.01,-1,-1,-0.01,-1,-1,-0.01,-1,-1,-0.01,-1,-1,-0.01,-1,-1,-0.01,-1,-1,-0.01,-1,-1
99926009,2026-05-18 10:47:20+05:30,52884.45,0,0.0,0,0.0,0.0,53282.15,53308.4,52783.45,53710.35,0,0.0,0.0,0.0,0.0,-0.01,-1,-1,-0.01,-1,-1,-0.01,-1,-1,-0.01,-1,-1,-0.01,-1,-1,-0.01,-1,-1,-0.01,-1,-1,-0.01,-1,-1,-0.01,-1,-1,-0.01,-1,-1
99926009,2026-05-18 10:47:21+05:30,52886.4,0,0.0,0,0.0,0.0,53282.15,53308.4,52783.45,53710.35,0,0.0,0.0,0.0,0.0,-0.01,-1,-1,-0.01,-1,-1,-0.01,-1,-1,-0.01,-1,-1,-0.01,-1,-1,-0.01,-1,-1,-0.01,-1,-1,-0.01,-1,-1,-0.01,-1,-1,-0.01,-1,-1
99926009,2026-05-18 10:47:21+05:30,52886.55,0,0.0,0,0.0,0.0,53282.15,53308.4,52783.45,53710.35,0,0.0,0.0,0.0,0.0,-0.01,-1,-1,-0.01,-1,-1,-0.01,-1,-1,-0.01,-1,-1,-0.01,-1,-1,-0.01,-1,-1,-0.01,-1,-1,-0.01,-1,-1,-0.01,-1,-1,-0.01,-1,-1
99926009,2026-05-18 10:47:22+05:30,52884.3,0,0.0,0,0.0,0.0,53282.15,53308.4,52783.45,53710.35,0,0.0,0.0,0.0,0.0,-0.01,-1,-1,-0.01,-1,-1,-0.01,-1,-1,-0.01,-1,-1,-0.01,-1,-1,-0.01,-1,-1,-0.01,-1,-1,-0.01,-1,-1,-0.01,-1,-1,-0.01,-1,-1
99926009,2026-05-18 10:47:22+05:30,52884.4,0,0.0,0,0.0,0.0,53282.15,53308.4,52783.45,53710.35,0,0.0,0.0,0.0,0.0,-0.01,-1,-1,-0.01,-1,-1,-0.01,-1,-1,-0.01,-1,-1,-0.01,-1,-1,-0.01,-1,-1,-0.01,-1,-1,-0.01,-1,-1,-0.01,-1,-1,-0.01,-1,-1
99926009,2026-05-18 10:47:23+05:30,52884.35,0,0.0,0,0.0,0.0,53282.15,53308.4,52783.45,53710.35,0,0.0,0.0,0.0,0.0,-0.01,-1,-1,-0.01,-1,-1,-0.01,-1,-1,-0.01,-1,-1,-0.01,-1,-1,-0.01,-1,-1,-0.01,-1,-1,-0.01,-1,-1,-0.01,-1,-1,-0.01,-1,-1
99926009,2026-05-18 10:47:23+05:30,52884.35,0,0.0,0,0.0,0.0,53282.15,53308.4,52783.45,53710.35,0,0.0,0.0,0.0,0.0,-0.01,-1,-1,-0.01,-1,-1,-0.01,-1,-1,-0.01,-1,-1,-0.01,-1,-1,-0.01,-1,-1,-0.01,-1,-1,-0.01,-1,-1,-0.01,-1,-1,-0.01,-1,-1
99926009,2026-05-18 10:47:24+05:30,52888.6,0,0.0,0,0.0,0.0,53282.15,53308.4,52783.45,53710.35,0,0.0,0.0,0.0,0.0,-0.01,-1,-1,-0.01,-1,-1,-0.01,-1,-1,-0.01,-1,-1,-0.01,-1,-1,-0.01,-1,-1,-0.01,-1,-1,-0.01,-1,-1,-0.01,-1,-1,-0.01,-1,-1
99926009,2026-05-18 10:47:24+05:30,52885.3,0,0.0,0,0.0,0.0,53282.15,53308.4,52783.45,53710.35,0,0.0,0.0,0.0,0.0,-0.01,-1,-1,-0.01,-1,-1,-0.01,-1,-1,-0.01,-1,-1,-0.01,-1,-1,-0.01,-1,-1,-0.01,-1,-1,-0.01,-1,-1,-0.01,-1,-1,-0.01,-1,-1
99926009,2026-05-18 10:47:25+05:30,52888.8,0,0.0,0,0.0,0.0,53282.15,53308.4,52783.45,53710.35,0,0.0,0.0,0.0,0.0,-0.01,-1,-1,-0.01,-1,-1,-0.01,-1,-1,-0.01,-1,-1,-0.01,-1,-1,-0.01,-1,-1,-0.01,-1,-1,-0.01,-1,-1,-0.01,-1,-1,-0.01,-1,-1
99926009,2026-05-18 10:47:25+05:30,52889.7,0,0.0,0,0.0,0.0,53282.15,53308.4,52783.45,53710.35,0,0.0,0.0,0.0,0.0,-0.01,-1,-1,-0.01,-1,-1,-0.01,-1,-1,-0.01,-1,-1,-0.01,-1,-1,-0.01,-1,-1,-0.01,-1,-1,-0.01,-1,-1,-0.01,-1,-1,-0.01,-1,-1
99926009,2026-05-18 10:47:26+05:30,52890.75,0,0.0,0,0.0,0.0,53282.15,53308.4,52783.45,53710.35,0,0.0,0.0,0.0,0.0,-0.01,-1,-1,-0.01,-1,-1,-0.01,-1,-1,-0.01,-1,-1,-0.01,-1,-1,-0.01,-1,-1,-0.01,-1,-1,-0.01,-1,-1,-0.01,-1,-1,-0.01,-1,-1
99926009,2026-05-18 10:47:26+05:30,52889.45,0,0.0,0,0.0,0.0,53282.15,53308.4,52783.45,53710.35,0,0.0,0.0,0.0,0.0,-0.01,-1,-1,-0.01,-1,-1,-0.01,-1,-1,-0.01,-1,-1,-0.01,-1,-1,-0.01,-1,-1,-0.01,-1,-1,-0.01,-1,-1,-0.01,-1,-1,-0.01,-1,-1
99926009,2026-05-18 10:47:27+05:30,52887.05,0,0.0,0,0.0,0.0,53282.15,53308.4,52783.45,53710.35,0,0.0,0.0,0.0,0.0,-0.01,-1,-1,-0.01,-1,-1,-0.01,-1,-1,-0.01,-1,-1,-0.01,-1,-1,-0.01,-1,-1,-0.01,-1,-1,-0.01,-1,-1,-0.01,-1,-1,-0.01,-1,-1
99926009,2026-05-18 10:47:27+05:30,52885.9,0,0.0,0,0.0,0.0,53282.15,53308.4,52783.45,53710.35,0,0.0,0.0,0.0,0.0,-0.01,-1,-1,-0.01,-1,-1,-0.01,-1,-1,-0.01,-1,-1,-0.01,-1,-1,-0.01,-1,-1,-0.01,-1,-1,-0.01,-1,-1,-0.01,-1,-1,-0.01,-1,-1
99926009,2026-05-18 10:47:28+05:30,52886.85,0,0.0,0,0.0,0.0,53282.15,53308.4,52783.45,53710.35,0,0.0,0.0,0.0,0.0,-0.01,-1,-1,-0.01,-1,-1,-0.01,-1,-1,-0.01,-1,-1,-0.01,-1,-1,-0.01,-1,-1,-0.01,-1,-1,-0.01,-1,-1,-0.01,-1,-1,-0.01,-1,-1
99926009,2026-05-18 10:47:28+05:30,52887.55,0,0.0,0,0.0,0.0,53282.15,53308.4,52783.45,53710.35,0,0.0,0.0,0.0,0.0,-0.01,-1,-1,-0.01,-1,-1,-0.01,-1,-1,-0.01,-1,-1,-0.01,-1,-1,-0.01,-1,-1,-0.01,-1,-1,-0.01,-1,-1,-0.01,-1,-1,-0.01,-1,-1
99926009,2026-05-18 10:47:29+05:30,52889.05,0,0.0,0,0.0,0.0,53282.15,53308.4,52783.45,53710.35,0,0.0,0.0,0.0,0.0,-0.01,-1,-1,-0.01,-1,-1,-0.01,-1,-1,-0.01,-1,-1,-0.01,-1,-1,-0.01,-1,-1,-0.01,-1,-1,-0.01,-1,-1,-0.01,-1,-1,-0.01,-1,-1
99926009,2026-05-18 10:47:29+05:30,52889.45,0,0.0,0,0.0,0.0,53282.15,53308.4,52783.45,53710.35,0,0.0,0.0,0.0,0.0,-0.01,-1,-1,-0.01,-1,-1,-0.01,-1,-1,-0.01,-1,-1,-0.01,-1,-1,-0.01,-1,-1,-0.01,-1,-1,-0.01,-1,-1,-0.01,-1,-1,-0.01,-1,-1
99926009,2026-05-18 10:47:30+05:30,52890.95,0,0.0,0,0.0,0.0,53282.15,53308.4,52783.45,53710.35,0,0.0,0.0,0.0,0.0,-0.01,-1,-1,-0.01,-1,-1,-0.01,-1,-1,-0.01,-1,-1,-0.01,-1,-1,-0.01,-1,-1,-0.01,-1,-1,-0.01,-1,-1,-0.01,-1,-1,-0.01,-1,-1
99926009,2026-05-18 10:47:30+05:30,52892.15,0,0.0,0,0.0,0.0,53282.15,53308.4,52783.45,53710.35,0,0.0,0.0,0.0,0.0,-0.01,-1,-1,-0.01,-1,-1,-0.01,-1,-1,-0.01,-1,-1,-0.01,-1,-1,-0.01,-1,-1,-0.01,-1,-1,-0.01,-1,-1,-0.01,-1,-1,-0.01,-1,-1
99926009,2026-05-18 10:47:31+05:30,52891.65,0,0.0,0,0.0,0.0,53282.15,53308.4,52783.45,53710.35,0,0.0,0.0,0.0,0.0,-0.01,-1,-1,-0.01,-1,-1,-0.01,-1,-1,-0.01,-1,-1,-0.01,-1,-1,-0.01,-1,-1,-0.01,-1,-1,-0.01,-1,-1,-0.01,-1,-1,-0.01,-1,-1
99926009,2026-05-18 10:47:31+05:30,52887.55,0,0.0,0,0.0,0.0,53282.15,53308.4,52783.45,53710.35,0,0.0,0.0,0.0,0.0,-0.01,-1,-1,-0.01,-1,-1,-0.01,-1,-1,-0.01,-1,-1,-0.01,-1,-1,-0.01,-1,-1,-0.01,-1,-1,-0.01,-1,-1,-0.01,-1,-1,-0.01,-1,-1
99926009,2026-05-18 10:47:32+05:30,52888.65,0,0.0,0,0.0,0.0,53282.15,53308.4,52783.45,53710.35,0,0.0,0.0,0.0,0.0,-0.01,-1,-1,-0.01,-1,-1,-0.01,-1,-1,-0.01,-1,-1,-0.01,-1,-1,-0.01,-1,-1,-0.01,-1,-1,-0.01,-1,-1,-0.01,-1,-1,-0.01,-1,-1
99926009,2026-05-18 10:47:32+05:30,52891.65,0,0.0,0,0.0,0.0,53282.15,53308.4,52783.45,53710.35,0,0.0,0.0,0.0,0.0,-0.01,-1,-1,-0.01,-1,-1,-0.01,-1,-1,-0.01,-1,-1,-0.01,-1,-1,-0.01,-1,-1,-0.01,-1,-1,-0.01,-1,-1,-0.01,-1,-1,-0.01,-1,-1
99926009,2026-05-18 10:47:33+05:30,52892.45,0,0.0,0,0.0,0.0,53282.15,53308.4,52783.45,53710.35,0,0.0,0.0,0.0,0.0,-0.01,-1,-1,-0.01,-1,-1,-0.01,-1,-1,-0.01,-1,-1,-0.01,-1,-1,-0.01,-1,-1,-0.01,-1,-1,-0.01,-1,-1,-0.01,-1,-1,-0.01,-1,-1
99926009,2026-05-18 10:47:33+05:30,52889.7,0,0.0,0,0.0,0.0,53282.15,53308.4,52783.45,53710.35,0,0.0,0.0,0.0,0.0,-0.01,-1,-1,-0.01,-1,-1,-0.01,-1,-1,-0.01,-1,-1,-0.01,-1,-1,-0.01,-1,-1,-0.01,-1,-1,-0.01,-1,-1,-0.01,-1,-1,-0.01,-1,-1
99926009,2026-05-18 10:47:34+05:30,52890.05,0,0.0,0,0.0,0.0,53282.15,53308.4,52783.45,53710.35,0,0.0,0.0,0.0,0.0,-0.01,-1,-1,-0.01,-1,-1,-0.01,-1,-1,-0.01,-1,-1,-0.01,-1,-1,-0.01,-1,-1,-0.01,-1,-1,-0.01,-1,-1,-0.01,-1,-1,-0.01,-1,-1
99926009,2026-05-18 10:47:34+05:30,52889.3,0,0.0,0,0.0,0.0,53282.15,53308.4,52783.45,53710.35,0,0.0,0.0,0.0,0.0,-0.01,-1,-1,-0.01,-1,-1,-0.01,-1,-1,-0.01,-1,-1,-0.01,-1,-1,-0.01,-1,-1,-0.01,-1,-1,-0.01,-1,-1,-0.01,-1,-1,-0.01,-1,-1
99926009,2026-05-18 10:47:35+05:30,52889.6,0,0.0,0,0.0,0.0,53282.15,53308.4,52783.45,53710.35,0,0.0,0.0,0.0,0.0,-0.01,-1,-1,-0.01,-1,-1,-0.01,-1,-1,-0.01,-1,-1,-0.01,-1,-1,-0.01,-1,-1,-0.01,-1,-1,-0.01,-1,-1,-0.01,-1,-1,-0.01,-1,-1
99926009,2026-05-18 10:47:35+05:30,52886.85,0,0.0,0,0.0,0.0,53282.15,53308.4,52783.45,53710.35,0,0.0,0.0,0.0,0.0,-0.01,-1,-1,-0.01,-1,-1,-0.01,-1,-1,-0.01,-1,-1,-0.01,-1,-1,-0.01,-1,-1,-0.01,-1,-1,-0.01,-1,-1,-0.01,-1,-1,-0.01,-1,-1
99926009,2026-05-18 10:47:36+05:30,52887.25,0,0.0,0,0.0,0.0,53282.15,53308.4,52783.45,53710.35,0,0.0,0.0,0.0,0.0,-0.01,-1,-1,-0.01,-1,-1,-0.01,-1,-1,-0.01,-1,-1,-0.01,-1,-1,-0.01,-1,-1,-0.01,-1,-1,-0.01,-1,-1,-0.01,-1,-1,-0.01,-1,-1
99926009,2026-05-18 10:47:36+05:30,52888.75,0,0.0,0,0.0,0.0,53282.15,53308.4,52783.45,53710.35,0,0.0,0.0,0.0,0.0,-0.01,-1,-1,-0.01,-1,-1,-0.01,-1,-1,-0.01,-1,-1,-0.01,-1,-1,-0.01,-1,-1,-0.01,-1,-1,-0.01,-1,-1,-0.01,-1,-1,-0.01,-1,-1
99926009,2026-05-18 10:47:37+05:30,52884.1,0,0.0,0,0.0,0.0,53282.15,53308.4,52783.45,53710.35,0,0.0,0.0,0.0,0.0,-0.01,-1,-1,-0.01,-1,-1,-0.01,-1,-1,-0.01,-1,-1,-0.01,-1,-1,-0.01,-1,-1,-0.01,-1,-1,-0.01,-1,-1,-0.01,-1,-1,-0.01,-1,-1
99926009,2026-05-18 10:47:37+05:30,52885.45,0,0.0,0,0.0,0.0,53282.15,53308.4,52783.45,53710.35,0,0.0,0.0,0.0,0.0,-0.01,-1,-1,-0.01,-1,-1,-0.01,-1,-1,-0.01,-1,-1,-0.01,-1,-1,-0.01,-1,-1,-0.01,-1,-1,-0.01,-1,-1,-0.01,-1,-1,-0.01,-1,-1
99926009,2026-05-18 10:47:38+05:30,52885.95,0,0.0,0,0.0,0.0,53282.15,53308.4,52783.45,53710.35,0,0.0,0.0,0.0,0.0,-0.01,-1,-1,-0.01,-1,-1,-0.01,-1,-1,-0.01,-1,-1,-0.01,-1,-1,-0.01,-1,-1,-0.01,-1,-1,-0.01,-1,-1,-0.01,-1,-1,-0.01,-1,-1
99926009,2026-05-18 10:47:38+05:30,52885.15,0,0.0,0,0.0,0.0,53282.15,53308.4,52783.45,53710.35,0,0.0,0.0,0.0,0.0,-0.01,-1,-1,-0.01,-1,-1,-0.01,-1,-1,-0.01,-1,-1,-0.01,-1,-1,-0.01,-1,-1,-0.01,-1,-1,-0.01,-1,-1,-0.01,-1,-1,-0.01,-1,-1
99926009,2026-05-18 10:47:39+05:30,52887.3,0,0.0,0,0.0,0.0,53282.15,53308.4,52783.45,53710.35,0,0.0,0.0,0.0,0.0,-0.01,-1,-1,-0.01,-1,-1,-0.01,-1,-1,-0.01,-1,-1,-0.01,-1,-1,-0.01,-1,-1,-0.01,-1,-1,-0.01,-1,-1,-0.01,-1,-1,-0.01,-1,-1
99926009,2026-05-18 10:47:39+05:30,52887.85,0,0.0,0,0.0,0.0,53282.15,53308.4,52783.45,53710.35,0,0.0,0.0,0.0,0.0,-0.01,-1,-1,-0.01,-1,-1,-0.01,-1,-1,-0.01,-1,-1,-0.01,-1,-1,-0.01,-1,-1,-0.01,-1,-1,-0.01,-1,-1,-0.01,-1,-1,-0.01,-1,-1
99926009,2026-05-18 10:47:40+05:30,52888.5,0,0.0,0,0.0,0.0,53282.15,53308.4,52783.45,53710.35,0,0.0,0.0,0.0,0.0,-0.01,-1,-1,-0.01,-1,-1,-0.01,-1,-1,-0.01,-1,-1,-0.01,-1,-1,-0.01,-1,-1,-0.01,-1,-1,-0.01,-1,-1,-0.01,-1,-1,-0.01,-1,-1
99926009,2026-05-18 10:47:40+05:30,52887.55,0,0.0,0,0.0,0.0,53282.15,53308.4,52783.45,53710.35,0,0.0,0.0,0.0,0.0,-0.01,-1,-1,-0.01,-1,-1,-0.01,-1,-1,-0.01,-1,-1,-0.01,-1,-1,-0.01,-1,-1,-0.01,-1,-1,-0.01,-1,-1,-0.01,-1,-1,-0.01,-1,-1
99926009,2026-05-18 10:47:41+05:30,52888.3,0,0.0,0,0.0,0.0,53282.15,53308.4,52783.45,53710.35,0,0.0,0.0,0.0,0.0,-0.01,-1,-1,-0.01,-1,-1,-0.01,-1,-1,-0.01,-1,-1,-0.01,-1,-1,-0.01,-1,-1,-0.01,-1,-1,-0.01,-1,-1,-0.01,-1,-1,-0.01,-1,-1
99926009,2026-05-18 10:47:41+05:30,52885.9,0,0.0,0,0.0,0.0,53282.15,53308.4,52783.45,53710.35,0,0.0,0.0,0.0,0.0,-0.01,-1,-1,-0.01,-1,-1,-0.01,-1,-1,-0.01,-1,-1,-0.01,-1,-1,-0.01,-1,-1,-0.01,-1,-1,-0.01,-1,-1,-0.01,-1,-1,-0.01,-1,-1
99926009,2026-05-18 10:47:42+05:30,52885.65,0,0.0,0,0.0,0.0,53282.15,53308.4,52783.45,53710.35,0,0.0,0.0,0.0,0.0,-0.01,-1,-1,-0.01,-1,-1,-0.01,-1,-1,-0.01,-1,-1,-0.01,-1,-1,-0.01,-1,-1,-0.01,-1,-1,-0.01,-1,-1,-0.01,-1,-1,-0.01,-1,-1
99926009,2026-05-18 10:47:42+05:30,52885.1,0,0.0,0,0.0,0.0,53282.15,53308.4,52783.45,53710.35,0,0.0,0.0,0.0,0.0,-0.01,-1,-1,-0.01,-1,-1,-0.01,-1,-1,-0.01,-1,-1,-0.01,-1,-1,-0.01,-1,-1,-0.01,-1,-1,-0.01,-1,-1,-0.01,-1,-1,-0.01,-1,-1
99926009,2026-05-18 10:47:43+05:30,52886.75,0,0.0,0,0.0,0.0,53282.15,53308.4,52783.45,53710.35,0,0.0,0.0,0.0,0.0,-0.01,-1,-1,-0.01,-1,-1,-0.01,-1,-1,-0.01,-1,-1,-0.01,-1,-1,-0.01,-1,-1,-0.01,-1,-1,-0.01,-1,-1,-0.01,-1,-1,-0.01,-1,-1
99926009,2026-05-18 10:47:43+05:30,52883.8,0,0.0,0,0.0,0.0,53282.15,53308.4,52783.45,53710.35,0,0.0,0.0,0.0,0.0,-0.01,-1,-1,-0.01,-1,-1,-0.01,-1,-1,-0.01,-1,-1,-0.01,-1,-1,-0.01,-1,-1,-0.01,-1,-1,-0.01,-1,-1,-0.01,-1,-1,-0.01,-1,-1
99926009,2026-05-18 10:47:44+05:30,52885.25,0,0.0,0,0.0,0.0,53282.15,53308.4,52783.45,53710.35,0,0.0,0.0,0.0,0.0,-0.01,-1,-1,-0.01,-1,-1,-0.01,-1,-1,-0.01,-1,-1,-0.01,-1,-1,-0.01,-1,-1,-0.01,-1,-1,-0.01,-1,-1,-0.01,-1,-1,-0.01,-1,-1
99926009,2026-05-18 10:47:44+05:30,52886.0,0,0.0,0,0.0,0.0,53282.15,53308.4,52783.45,53710.35,0,0.0,0.0,0.0,0.0,-0.01,-1,-1,-0.01,-1,-1,-0.01,-1,-1,-0.01,-1,-1,-0.01,-1,-1,-0.01,-1,-1,-0.01,-1,-1,-0.01,-1,-1,-0.01,-1,-1,-0.01,-1,-1
99926009,2026-05-18 10:47:45+05:30,52885.9,0,0.0,0,0.0,0.0,53282.15,53308.4,52783.45,53710.35,0,0.0,0.0,0.0,0.0,-0.01,-1,-1,-0.01,-1,-1,-0.01,-1,-1,-0.01,-1,-1,-0.01,-1,-1,-0.01,-1,-1,-0.01,-1,-1,-0.01,-1,-1,-0.01,-1,-1,-0.01,-1,-1
99926009,2026-05-18 10:47:45+05:30,52887.3,0,0.0,0,0.0,0.0,53282.15,53308.4,52783.45,53710.35,0,0.0,0.0,0.0,0.0,-0.01,-1,-1,-0.01,-1,-1,-0.01,-1,-1,-0.01,-1,-1,-0.01,-1,-1,-0.01,-1,-1,-0.01,-1,-1,-0.01,-1,-1,-0.01,-1,-1,-0.01,-1,-1
99926009,2026-05-18 10:47:46+05:30,52885.85,0,0.0,0,0.0,0.0,53282.15,53308.4,52783.45,53710.35,0,0.0,0.0,0.0,0.0,-0.01,-1,-1,-0.01,-1,-1,-0.01,-1,-1,-0.01,-1,-1,-0.01,-1,-1,-0.01,-1,-1,-0.01,-1,-1,-0.01,-1,-1,-0.01,-1,-1,-0.01,-1,-1
99926009,2026-05-18 10:47:46+05:30,52886.85,0,0.0,0,0.0,0.0,53282.15,53308.4,52783.45,53710.35,0,0.0,0.0,0.0,0.0,-0.01,-1,-1,-0.01,-1,-1,-0.01,-1,-1,-0.01,-1,-1,-0.01,-1,-1,-0.01,-1,-1,-0.01,-1,-1,-0.01,-1,-1,-0.01,-1,-1,-0.01,-1,-1
99926009,2026-05-18 10:47:47+05:30,52886.05,0,0.0,0,0.0,0.0,53282.15,53308.4,52783.45,53710.35,0,0.0,0.0,0.0,0.0,-0.01,-1,-1,-0.01,-1,-1,-0.01,-1,-1,-0.01,-1,-1,-0.01,-1,-1,-0.01,-1,-1,-0.01,-1,-1,-0.01,-1,-1,-0.01,-1,-1,-0.01,-1,-1
99926009,2026-05-18 10:47:47+05:30,52886.35,0,0.0,0,0.0,0.0,53282.15,53308.4,52783.45,53710.35,0,0.0,0.0,0.0,0.0,-0.01,-1,-1,-0.01,-1,-1,-0.01,-1,-1,-0.01,-1,-1,-0.01,-1,-1,-0.01,-1,-1,-0.01,-1,-1,-0.01,-1,-1,-0.01,-1,-1,-0.01,-1,-1
99926009,2026-05-18 10:47:48+05:30,52884.5,0,0.0,0,0.0,0.0,53282.15,53308.4,52783.45,53710.35,0,0.0,0.0,0.0,0.0,-0.01,-1,-1,-0.01,-1,-1,-0.01,-1,-1,-0.01,-1,-1,-0.01,-1,-1,-0.01,-1,-1,-0.01,-1,-1,-0.01,-1,-1,-0.01,-1,-1,-0.01,-1,-1
99926009,2026-05-18 10:47:48+05:30,52886.9,0,0.0,0,0.0,0.0,53282.15,53308.4,52783.45,53710.35,0,0.0,0.0,0.0,0.0,-0.01,-1,-1,-0.01,-1,-1,-0.01,-1,-1,-0.01,-1,-1,-0.01,-1,-1,-0.01,-1,-1,-0.01,-1,-1,-0.01,-1,-1,-0.01,-1,-1,-0.01,-1,-1
99926009,2026-05-18 10:47:49+05:30,52887.0,0,0.0,0,0.0,0.0,53282.15,53308.4,52783.45,53710.35,0,0.0,0.0,0.0,0.0,-0.01,-1,-1,-0.01,-1,-1,-0.01,-1,-1,-0.01,-1,-1,-0.01,-1,-1,-0.01,-1,-1,-0.01,-1,-1,-0.01,-1,-1,-0.01,-1,-1,-0.01,-1,-1
99926009,2026-05-18 10:47:49+05:30,52882.85,0,0.0,0,0.0,0.0,53282.15,53308.4,52783.45,53710.35,0,0.0,0.0,0.0,0.0,-0.01,-1,-1,-0.01,-1,-1,-0.01,-1,-1,-0.01,-1,-1,-0.01,-1,-1,-0.01,-1,-1,-0.01,-1,-1,-0.01,-1,-1,-0.01,-1,-1,-0.01,-1,-1
99926009,2026-05-18 10:47:50+05:30,52882.65,0,0.0,0,0.0,0.0,53282.15,53308.4,52783.45,53710.35,0,0.0,0.0,0.0,0.0,-0.01,-1,-1,-0.01,-1,-1,-0.01,-1,-1,-0.01,-1,-1,-0.01,-1,-1,-0.01,-1,-1,-0.01,-1,-1,-0.01,-1,-1,-0.01,-1,-1,-0.01,-1,-1
99926009,2026-05-18 10:47:50+05:30,52881.05,0,0.0,0,0.0,0.0,53282.15,53308.4,52783.45,53710.35,0,0.0,0.0,0.0,0.0,-0.01,-1,-1,-0.01,-1,-1,-0.01,-1,-1,-0.01,-1,-1,-0.01,-1,-1,-0.01,-1,-1,-0.01,-1,-1,-0.01,-1,-1,-0.01,-1,-1,-0.01,-1,-1
99926009,2026-05-18 10:47:51+05:30,52882.8,0,0.0,0,0.0,0.0,53282.15,53308.4,52783.45,53710.35,0,0.0,0.0,0.0,0.0,-0.01,-1,-1,-0.01,-1,-1,-0.01,-1,-1,-0.01,-1,-1,-0.01,-1,-1,-0.01,-1,-1,-0.01,-1,-1,-0.01,-1,-1,-0.01,-1,-1,-0.01,-1,-1
99926009,2026-05-18 10:47:51+05:30,52882.95,0,0.0,0,0.0,0.0,53282.15,53308.4,52783.45,53710.35,0,0.0,0.0,0.0,0.0,-0.01,-1,-1,-0.01,-1,-1,-0.01,-1,-1,-0.01,-1,-1,-0.01,-1,-1,-0.01,-1,-1,-0.01,-1,-1,-0.01,-1,-1,-0.01,-1,-1,-0.01,-1,-1
99926009,2026-05-18 10:47:52+05:30,52881.0,0,0.0,0,0.0,0.0,53282.15,53308.4,52783.45,53710.35,0,0.0,0.0,0.0,0.0,-0.01,-1,-1,-0.01,-1,-1,-0.01,-1,-1,-0.01,-1,-1,-0.01,-1,-1,-0.01,-1,-1,-0.01,-1,-1,-0.01,-1,-1,-0.01,-1,-1,-0.01,-1,-1
99926009,2026-05-18 10:47:52+05:30,52882.15,0,0.0,0,0.0,0.0,53282.15,53308.4,52783.45,53710.35,0,0.0,0.0,0.0,0.0,-0.01,-1,-1,-0.01,-1,-1,-0.01,-1,-1,-0.01,-1,-1,-0.01,-1,-1,-0.01,-1,-1,-0.01,-1,-1,-0.01,-1,-1,-0.01,-1,-1,-0.01,-1,-1
99926009,2026-05-18 10:47:53+05:30,52884.75,0,0.0,0,0.0,0.0,53282.15,53308.4,52783.45,53710.35,0,0.0,0.0,0.0,0.0,-0.01,-1,-1,-0.01,-1,-1,-0.01,-1,-1,-0.01,-1,-1,-0.01,-1,-1,-0.01,-1,-1,-0.01,-1,-1,-0.01,-1,-1,-0.01,-1,-1,-0.01,-1,-1
99926009,2026-05-18 10:47:53+05:30,52883.95,0,0.0,0,0.0,0.0,53282.15,53308.4,52783.45,53710.35,0,0.0,0.0,0.0,0.0,-0.01,-1,-1,-0.01,-1,-1,-0.01,-1,-1,-0.01,-1,-1,-0.01,-1,-1,-0.01,-1,-1,-0.01,-1,-1,-0.01,-1,-1,-0.01,-1,-1,-0.01,-1,-1
99926009,2026-05-18 10:47:54+05:30,52882.9,0,0.0,0,0.0,0.0,53282.15,53308.4,52783.45,53710.35,0,0.0,0.0,0.0,0.0,-0.01,-1,-1,-0.01,-1,-1,-0.01,-1,-1,-0.01,-1,-1,-0.01,-1,-1,-0.01,-1,-1,-0.01,-1,-1,-0.01,-1,-1,-0.01,-1,-1,-0.01,-1,-1
99926009,2026-05-18 10:47:54+05:30,52882.6,0,0.0,0,0.0,0.0,53282.15,53308.4,52783.45,53710.35,0,0.0,0.0,0.0,0.0,-0.01,-1,-1,-0.01,-1,-1,-0.01,-1,-1,-0.01,-1,-1,-0.01,-1,-1,-0.01,-1,-1,-0.01,-1,-1,-0.01,-1,-1,-0.01,-1,-1,-0.01,-1,-1
99926009,2026-05-18 10:47:55+05:30,52883.45,0,0.0,0,0.0,0.0,53282.15,53308.4,52783.45,53710.35,0,0.0,0.0,0.0,0.0,-0.01,-1,-1,-0.01,-1,-1,-0.01,-1,-1,-0.01,-1,-1,-0.01,-1,-1,-0.01,-1,-1,-0.01,-1,-1,-0.01,-1,-1,-0.01,-1,-1,-0.01,-1,-1
99926009,2026-05-18 10:47:55+05:30,52882.85,0,0.0,0,0.0,0.0,53282.15,53308.4,52783.45,53710.35,0,0.0,0.0,0.0,0.0,-0.01,-1,-1,-0.01,-1,-1,-0.01,-1,-1,-0.01,-1,-1,-0.01,-1,-1,-0.01,-1,-1,-0.01,-1,-1,-0.01,-1,-1,-0.01,-1,-1,-0.01,-1,-1
99926009,2026-05-18 10:47:56+05:30,52883.75,0,0.0,0,0.0,0.0,53282.15,53308.4,52783.45,53710.35,0,0.0,0.0,0.0,0.0,-0.01,-1,-1,-0.01,-1,-1,-0.01,-1,-1,-0.01,-1,-1,-0.01,-1,-1,-0.01,-1,-1,-0.01,-1,-1,-0.01,-1,-1,-0.01,-1,-1,-0.01,-1,-1
99926009,2026-05-18 10:47:56+05:30,52885.75,0,0.0,0,0.0,0.0,53282.15,53308.4,52783.45,53710.35,0,0.0,0.0,0.0,0.0,-0.01,-1,-1,-0.01,-1,-1,-0.01,-1,-1,-0.01,-1,-1,-0.01,-1,-1,-0.01,-1,-1,-0.01,-1,-1,-0.01,-1,-1,-0.01,-1,-1,-0.01,-1,-1
99926009,2026-05-18 10:47:57+05:30,52885.35,0,0.0,0,0.0,0.0,53282.15,53308.4,52783.45,53710.35,0,0.0,0.0,0.0,0.0,-0.01,-1,-1,-0.01,-1,-1,-0.01,-1,-1,-0.01,-1,-1,-0.01,-1,-1,-0.01,-1,-1,-0.01,-1,-1,-0.01,-1,-1,-0.01,-1,-1,-0.01,-1,-1
99926009,2026-05-18 10:47:57+05:30,52884.6,0,0.0,0,0.0,0.0,53282.15,53308.4,52783.45,53710.35,0,0.0,0.0,0.0,0.0,-0.01,-1,-1,-0.01,-1,-1,-0.01,-1,-1,-0.01,-1,-1,-0.01,-1,-1,-0.01,-1,-1,-0.01,-1,-1,-0.01,-1,-1,-0.01,-1,-1,-0.01,-1,-1
99926009,2026-05-18 10:47:58+05:30,52883.75,0,0.0,0,0.0,0.0,53282.15,53308.4,52783.45,53710.35,0,0.0,0.0,0.0,0.0,-0.01,-1,-1,-0.01,-1,-1,-0.01,-1,-1,-0.01,-1,-1,-0.01,-1,-1,-0.01,-1,-1,-0.01,-1,-1,-0.01,-1,-1,-0.01,-1,-1,-0.01,-1,-1
99926009,2026-05-18 10:47:58+05:30,52881.75,0,0.0,0,0.0,0.0,53282.15,53308.4,52783.45,53710.35,0,0.0,0.0,0.0,0.0,-0.01,-1,-1,-0.01,-1,-1,-0.01,-1,-1,-0.01,-1,-1,-0.01,-1,-1,-0.01,-1,-1,-0.01,-1,-1,-0.01,-1,-1,-0.01,-1,-1,-0.01,-1,-1
99926009,2026-05-18 10:47:59+05:30,52881.25,0,0.0,0,0.0,0.0,53282.15,53308.4,52783.45,53710.35,0,0.0,0.0,0.0,0.0,-0.01,-1,-1,-0.01,-1,-1,-0.01,-1,-1,-0.01,-1,-1,-0.01,-1,-1,-0.01,-1,-1,-0.01,-1,-1,-0.01,-1,-1,-0.01,-1,-1,-0.01,-1,-1
99926009,2026-05-18 10:47:59+05:30,52879.35,0,0.0,0,0.0,0.0,53282.15,53308.4,52783.45,53710.35,0,0.0,0.0,0.0,0.0,-0.01,-1,-1,-0.01,-1,-1,-0.01,-1,-1,-0.01,-1,-1,-0.01,-1,-1,-0.01,-1,-1,-0.01,-1,-1,-0.01,-1,-1,-0.01,-1,-1,-0.01,-1,-1
99926009,2026-05-18 10:48:00+05:30,52883.1,0,0.0,0,0.0,0.0,53282.15,53308.4,52783.45,53710.35,0,0.0,0.0,0.0,0.0,-0.01,-1,-1,-0.01,-1,-1,-0.01,-1,-1,-0.01,-1,-1,-0.01,-1,-1,-0.01,-1,-1,-0.01,-1,-1,-0.01,-1,-1,-0.01,-1,-1,-0.01,-1,-1
99926009,2026-05-18 10:48:00+05:30,52882.35,0,0.0,0,0.0,0.0,53282.15,53308.4,52783.45,53710.35,0,0.0,0.0,0.0,0.0,-0.01,-1,-1,-0.01,-1,-1,-0.01,-1,-1,-0.01,-1,-1,-0.01,-1,-1,-0.01,-1,-1,-0.01,-1,-1,-0.01,-1,-1,-0.01,-1,-1,-0.01,-1,-1
99926009,2026-05-18 10:48:01+05:30,52880.7,0,0.0,0,0.0,0.0,53282.15,53308.4,52783.45,53710.35,0,0.0,0.0,0.0,0.0,-0.01,-1,-1,-0.01,-1,-1,-0.01,-1,-1,-0.01,-1,-1,-0.01,-1,-1,-0.01,-1,-1,-0.01,-1,-1,-0.01,-1,-1,-0.01,-1,-1,-0.01,-1,-1
99926009,2026-05-18 10:48:01+05:30,52880.0,0,0.0,0,0.0,0.0,53282.15,53308.4,52783.45,53710.35,0,0.0,0.0,0.0,0.0,-0.01,-1,-1,-0.01,-1,-1,-0.01,-1,-1,-0.01,-1,-1,-0.01,-1,-1,-0.01,-1,-1,-0.01,-1,-1,-0.01,-1,-1,-0.01,-1,-1,-0.01,-1,-1
99926009,2026-05-18 10:48:02+05:30,52879.7,0,0.0,0,0.0,0.0,53282.15,53308.4,52783.45,53710.35,0,0.0,0.0,0.0,0.0,-0.01,-1,-1,-0.01,-1,-1,-0.01,-1,-1,-0.01,-1,-1,-0.01,-1,-1,-0.01,-1,-1,-0.01,-1,-1,-0.01,-1,-1,-0.01,-1,-1,-0.01,-1,-1
99926009,2026-05-18 10:48:02+05:30,52875.95,0,0.0,0,0.0,0.0,53282.15,53308.4,52783.45,53710.35,0,0.0,0.0,0.0,0.0,-0.01,-1,-1,-0.01,-1,-1,-0.01,-1,-1,-0.01,-1,-1,-0.01,-1,-1,-0.01,-1,-1,-0.01,-1,-1,-0.01,-1,-1,-0.01,-1,-1,-0.01,-1,-1
99926009,2026-05-18 10:48:03+05:30,52877.5,0,0.0,0,0.0,0.0,53282.15,53308.4,52783.45,53710.35,0,0.0,0.0,0.0,0.0,-0.01,-1,-1,-0.01,-1,-1,-0.01,-1,-1,-0.01,-1,-1,-0.01,-1,-1,-0.01,-1,-1,-0.01,-1,-1,-0.01,-1,-1,-0.01,-1,-1,-0.01,-1,-1
99926009,2026-05-18 10:48:03+05:30,52878.6,0,0.0,0,0.0,0.0,53282.15,53308.4,52783.45,53710.35,0,0.0,0.0,0.0,0.0,-0.01,-1,-1,-0.01,-1,-1,-0.01,-1,-1,-0.01,-1,-1,-0.01,-1,-1,-0.01,-1,-1,-0.01,-1,-1,-0.01,-1,-1,-0.01,-1,-1,-0.01,-1,-1
99926009,2026-05-18 10:48:04+05:30,52877.25,0,0.0,0,0.0,0.0,53282.15,53308.4,52783.45,53710.35,0,0.0,0.0,0.0,0.0,-0.01,-1,-1,-0.01,-1,-1,-0.01,-1,-1,-0.01,-1,-1,-0.01,-1,-1,-0.01,-1,-1,-0.01,-1,-1,-0.01,-1,-1,-0.01,-1,-1,-0.01,-1,-1
99926009,2026-05-18 10:48:04+05:30,52878.8,0,0.0,0,0.0,0.0,53282.15,53308.4,52783.45,53710.35,0,0.0,0.0,0.0,0.0,-0.01,-1,-1,-0.01,-1,-1,-0.01,-1,-1,-0.01,-1,-1,-0.01,-1,-1,-0.01,-1,-1,-0.01,-1,-1,-0.01,-1,-1,-0.01,-1,-1,-0.01,-1,-1
99926009,2026-05-18 10:48:05+05:30,52880.3,0,0.0,0,0.0,0.0,53282.15,53308.4,52783.45,53710.35,0,0.0,0.0,0.0,0.0,-0.01,-1,-1,-0.01,-1,-1,-0.01,-1,-1,-0.01,-1,-1,-0.01,-1,-1,-0.01,-1,-1,-0.01,-1,-1,-0.01,-1,-1,-0.01,-1,-1,-0.01,-1,-1
99926009,2026-05-18 10:48:05+05:30,52880.3,0,0.0,0,0.0,0.0,53282.15,53308.4,52783.45,53710.35,0,0.0,0.0,0.0,0.0,-0.01,-1,-1,-0.01,-1,-1,-0.01,-1,-1,-0.01,-1,-1,-0.01,-1,-1,-0.01,-1,-1,-0.01,-1,-1,-0.01,-1,-1,-0.01,-1,-1,-0.01,-1,-1
99926009,2026-05-18 10:48:06+05:30,52879.8,0,0.0,0,0.0,0.0,53282.15,53308.4,52783.45,53710.35,0,0.0,0.0,0.0,0.0,-0.01,-1,-1,-0.01,-1,-1,-0.01,-1,-1,-0.01,-1,-1,-0.01,-1,-1,-0.01,-1,-1,-0.01,-1,-1,-0.01,-1,-1,-0.01,-1,-1,-0.01,-1,-1
99926009,2026-05-18 10:48:06+05:30,52880.15,0,0.0,0,0.0,0.0,53282.15,53308.4,52783.45,53710.35,0,0.0,0.0,0.0,0.0,-0.01,-1,-1,-0.01,-1,-1,-0.01,-1,-1,-0.01,-1,-1,-0.01,-1,-1,-0.01,-1,-1,-0.01,-1,-1,-0.01,-1,-1,-0.01,-1,-1,-0.01,-1,-1
99926009,2026-05-18 10:48:07+05:30,52880.15,0,0.0,0,0.0,0.0,53282.15,53308.4,52783.45,53710.35,0,0.0,0.0,0.0,0.0,-0.01,-1,-1,-0.01,-1,-1,-0.01,-1,-1,-0.01,-1,-1,-0.01,-1,-1,-0.01,-1,-1,-0.01,-1,-1,-0.01,-1,-1,-0.01,-1,-1,-0.01,-1,-1
99926009,2026-05-18 10:48:07+05:30,52880.15,0,0.0,0,0.0,0.0,53282.15,53308.4,52783.45,53710.35,0,0.0,0.0,0.0,0.0,-0.01,-1,-1,-0.01,-1,-1,-0.01,-1,-1,-0.01,-1,-1,-0.01,-1,-1,-0.01,-1,-1,-0.01,-1,-1,-0.01,-1,-1,-0.01,-1,-1,-0.01,-1,-1
99926009,2026-05-18 10:48:08+05:30,52877.4,0,0.0,0,0.0,0.0,53282.15,53308.4,52783.45,53710.35,0,0.0,0.0,0.0,0.0,-0.01,-1,-1,-0.01,-1,-1,-0.01,-1,-1,-0.01,-1,-1,-0.01,-1,-1,-0.01,-1,-1,-0.01,-1,-1,-0.01,-1,-1,-0.01,-1,-1,-0.01,-1,-1
99926009,2026-05-18 10:48:08+05:30,52880.2,0,0.0,0,0.0,0.0,53282.15,53308.4,52783.45,53710.35,0,0.0,0.0,0.0,0.0,-0.01,-1,-1,-0.01,-1,-1,-0.01,-1,-1,-0.01,-1,-1,-0.01,-1,-1,-0.01,-1,-1,-0.01,-1,-1,-0.01,-1,-1,-0.01,-1,-1,-0.01,-1,-1
99926009,2026-05-18 10:48:09+05:30,52879.15,0,0.0,0,0.0,0.0,53282.15,53308.4,52783.45,53710.35,0,0.0,0.0,0.0,0.0,-0.01,-1,-1,-0.01,-1,-1,-0.01,-1,-1,-0.01,-1,-1,-0.01,-1,-1,-0.01,-1,-1,-0.01,-1,-1,-0.01,-1,-1,-0.01,-1,-1,-0.01,-1,-1
99926009,2026-05-18 10:48:09+05:30,52879.3,0,0.0,0,0.0,0.0,53282.15,53308.4,52783.45,53710.35,0,0.0,0.0,0.0,0.0,-0.01,-1,-1,-0.01,-1,-1,-0.01,-1,-1,-0.01,-1,-1,-0.01,-1,-1,-0.01,-1,-1,-0.01,-1,-1,-0.01,-1,-1,-0.01,-1,-1,-0.01,-1,-1
99926009,2026-05-18 10:48:10+05:30,52880.9,0,0.0,0,0.0,0.0,53282.15,53308.4,52783.45,53710.35,0,0.0,0.0,0.0,0.0,-0.01,-1,-1,-0.01,-1,-1,-0.01,-1,-1,-0.01,-1,-1,-0.01,-1,-1,-0.01,-1,-1,-0.01,-1,-1,-0.01,-1,-1,-0.01,-1,-1,-0.01,-1,-1
99926009,2026-05-18 10:48:10+05:30,52882.7,0,0.0,0,0.0,0.0,53282.15,53308.4,52783.45,53710.35,0,0.0,0.0,0.0,0.0,-0.01,-1,-1,-0.01,-1,-1,-0.01,-1,-1,-0.01,-1,-1,-0.01,-1,-1,-0.01,-1,-1,-0.01,-1,-1,-0.01,-1,-1,-0.01,-1,-1,-0.01,-1,-1
99926009,2026-05-18 10:48:11+05:30,52883.2,0,0.0,0,0.0,0.0,53282.15,53308.4,52783.45,53710.35,0,0.0,0.0,0.0,0.0,-0.01,-1,-1,-0.01,-1,-1,-0.01,-1,-1,-0.01,-1,-1,-0.01,-1,-1,-0.01,-1,-1,-0.01,-1,-1,-0.01,-1,-1,-0.01,-1,-1,-0.01,-1,-1
99926009,2026-05-18 10:48:11+05:30,52880.65,0,0.0,0,0.0,0.0,53282.15,53308.4,52783.45,53710.35,0,0.0,0.0,0.0,0.0,-0.01,-1,-1,-0.01,-1,-1,-0.01,-1,-1,-0.01,-1,-1,-0.01,-1,-1,-0.01,-1,-1,-0.01,-1,-1,-0.01,-1,-1,-0.01,-1,-1,-0.01,-1,-1
99926009,2026-05-18 10:48:12+05:30,52881.55,0,0.0,0,0.0,0.0,53282.15,53308.4,52783.45,53710.35,0,0.0,0.0,0.0,0.0,-0.01,-1,-1,-0.01,-1,-1,-0.01,-1,-1,-0.01,-1,-1,-0.01,-1,-1,-0.01,-1,-1,-0.01,-1,-1,-0.01,-1,-1,-0.01,-1,-1,-0.01,-1,-1
99926009,2026-05-18 10:48:12+05:30,52882.45,0,0.0,0,0.0,0.0,53282.15,53308.4,52783.45,53710.35,0,0.0,0.0,0.0,0.0,-0.01,-1,-1,-0.01,-1,-1,-0.01,-1,-1,-0.01,-1,-1,-0.01,-1,-1,-0.01,-1,-1,-0.01,-1,-1,-0.01,-1,-1,-0.01,-1,-1,-0.01,-1,-1
99926009,2026-05-18 10:48:13+05:30,52879.4,0,0.0,0,0.0,0.0,53282.15,53308.4,52783.45,53710.35,0,0.0,0.0,0.0,0.0,-0.01,-1,-1,-0.01,-1,-1,-0.01,-1,-1,-0.01,-1,-1,-0.01,-1,-1,-0.01,-1,-1,-0.01,-1,-1,-0.01,-1,-1,-0.01,-1,-1,-0.01,-1,-1
99926009,2026-05-18 10:48:13+05:30,52878.95,0,0.0,0,0.0,0.0,53282.15,53308.4,52783.45,53710.35,0,0.0,0.0,0.0,0.0,-0.01,-1,-1,-0.01,-1,-1,-0.01,-1,-1,-0.01,-1,-1,-0.01,-1,-1,-0.01,-1,-1,-0.01,-1,-1,-0.01,-1,-1,-0.01,-1,-1,-0.01,-1,-1
99926009,2026-05-18 10:48:14+05:30,52877.65,0,0.0,0,0.0,0.0,53282.15,53308.4,52783.45,53710.35,0,0.0,0.0,0.0,0.0,-0.01,-1,-1,-0.01,-1,-1,-0.01,-1,-1,-0.01,-1,-1,-0.01,-1,-1,-0.01,-1,-1,-0.01,-1,-1,-0.01,-1,-1,-0.01,-1,-1,-0.01,-1,-1
99926009,2026-05-18 10:48:14+05:30,52878.4,0,0.0,0,0.0,0.0,53282.15,53308.4,52783.45,53710.35,0,0.0,0.0,0.0,0.0,-0.01,-1,-1,-0.01,-1,-1,-0.01,-1,-1,-0.01,-1,-1,-0.01,-1,-1,-0.01,-1,-1,-0.01,-1,-1,-0.01,-1,-1,-0.01,-1,-1,-0.01,-1,-1
99926009,2026-05-18 10:48:15+05:30,52881.15,0,0.0,0,0.0,0.0,53282.15,53308.4,52783.45,53710.35,0,0.0,0.0,0.0,0.0,-0.01,-1,-1,-0.01,-1,-1,-0.01,-1,-1,-0.01,-1,-1,-0.01,-1,-1,-0.01,-1,-1,-0.01,-1,-1,-0.01,-1,-1,-0.01,-1,-1,-0.01,-1,-1
99926009,2026-05-18 10:48:15+05:30,52881.15,0,0.0,0,0.0,0.0,53282.15,53308.4,52783.45,53710.35,0,0.0,0.0,0.0,0.0,-0.01,-1,-1,-0.01,-1,-1,-0.01,-1,-1,-0.01,-1,-1,-0.01,-1,-1,-0.01,-1,-1,-0.01,-1,-1,-0.01,-1,-1,-0.01,-1,-1,-0.01,-1,-1
99926009,2026-05-18 10:48:16+05:30,52880.75,0,0.0,0,0.0,0.0,53282.15,53308.4,52783.45,53710.35,0,0.0,0.0,0.0,0.0,-0.01,-1,-1,-0.01,-1,-1,-0.01,-1,-1,-0.01,-1,-1,-0.01,-1,-1,-0.01,-1,-1,-0.01,-1,-1,-0.01,-1,-1,-0.01,-1,-1,-0.01,-1,-1
99926009,2026-05-18 10:48:16+05:30,52878.9,0,0.0,0,0.0,0.0,53282.15,53308.4,52783.45,53710.35,0,0.0,0.0,0.0,0.0,-0.01,-1,-1,-0.01,-1,-1,-0.01,-1,-1,-0.01,-1,-1,-0.01,-1,-1,-0.01,-1,-1,-0.01,-1,-1,-0.01,-1,-1,-0.01,-1,-1,-0.01,-1,-1
99926009,2026-05-18 10:48:17+05:30,52881.35,0,0.0,0,0.0,0.0,53282.15,53308.4,52783.45,53710.35,0,0.0,0.0,0.0,0.0,-0.01,-1,-1,-0.01,-1,-1,-0.01,-1,-1,-0.01,-1,-1,-0.01,-1,-1,-0.01,-1,-1,-0.01,-1,-1,-0.01,-1,-1,-0.01,-1,-1,-0.01,-1,-1
99926009,2026-05-18 10:48:17+05:30,52880.65,0,0.0,0,0.0,0.0,53282.15,53308.4,52783.45,53710.35,0,0.0,0.0,0.0,0.0,-0.01,-1,-1,-0.01,-1,-1,-0.01,-1,-1,-0.01,-1,-1,-0.01,-1,-1,-0.01,-1,-1,-0.01,-1,-1,-0.01,-1,-1,-0.01,-1,-1,-0.01,-1,-1
99926009,2026-05-18 10:48:18+05:30,52880.0,0,0.0,0,0.0,0.0,53282.15,53308.4,52783.45,53710.35,0,0.0,0.0,0.0,0.0,-0.01,-1,-1,-0.01,-1,-1,-0.01,-1,-1,-0.01,-1,-1,-0.01,-1,-1,-0.01,-1,-1,-0.01,-1,-1,-0.01,-1,-1,-0.01,-1,-1,-0.01,-1,-1
99926009,2026-05-18 10:48:18+05:30,52876.0,0,0.0,0,0.0,0.0,53282.15,53308.4,52783.45,53710.35,0,0.0,0.0,0.0,0.0,-0.01,-1,-1,-0.01,-1,-1,-0.01,-1,-1,-0.01,-1,-1,-0.01,-1,-1,-0.01,-1,-1,-0.01,-1,-1,-0.01,-1,-1,-0.01,-1,-1,-0.01,-1,-1
99926009,2026-05-18 10:48:19+05:30,52876.5,0,0.0,0,0.0,0.0,53282.15,53308.4,52783.45,53710.35,0,0.0,0.0,0.0,0.0,-0.01,-1,-1,-0.01,-1,-1,-0.01,-1,-1,-0.01,-1,-1,-0.01,-1,-1,-0.01,-1,-1,-0.01,-1,-1,-0.01,-1,-1,-0.01,-1,-1,-0.01,-1,-1
99926009,2026-05-18 10:48:19+05:30,52876.25,0,0.0,0,0.0,0.0,53282.15,53308.4,52783.45,53710.35,0,0.0,0.0,0.0,0.0,-0.01,-1,-1,-0.01,-1,-1,-0.01,-1,-1,-0.01,-1,-1,-0.01,-1,-1,-0.01,-1,-1,-0.01,-1,-1,-0.01,-1,-1,-0.01,-1,-1,-0.01,-1,-1
99926009,2026-05-18 10:48:20+05:30,52875.7,0,0.0,0,0.0,0.0,53282.15,53308.4,52783.45,53710.35,0,0.0,0.0,0.0,0.0,-0.01,-1,-1,-0.01,-1,-1,-0.01,-1,-1,-0.01,-1,-1,-0.01,-1,-1,-0.01,-1,-1,-0.01,-1,-1,-0.01,-1,-1,-0.01,-1,-1,-0.01,-1,-1
99926009,2026-05-18 10:48:20+05:30,52871.45,0,0.0,0,0.0,0.0,53282.15,53308.4,52783.45,53710.35,0,0.0,0.0,0.0,0.0,-0.01,-1,-1,-0.01,-1,-1,-0.01,-1,-1,-0.01,-1,-1,-0.01,-1,-1,-0.01,-1,-1,-0.01,-1,-1,-0.01,-1,-1,-0.01,-1,-1,-0.01,-1,-1
99926009,2026-05-18 10:48:21+05:30,52876.75,0,0.0,0,0.0,0.0,53282.15,53308.4,52783.45,53710.35,0,0.0,0.0,0.0,0.0,-0.01,-1,-1,-0.01,-1,-1,-0.01,-1,-1,-0.01,-1,-1,-0.01,-1,-1,-0.01,-1,-1,-0.01,-1,-1,-0.01,-1,-1,-0.01,-1,-1,-0.01,-1,-1
99926009,2026-05-18 10:48:21+05:30,52877.0,0,0.0,0,0.0,0.0,53282.15,53308.4,52783.45,53710.35,0,0.0,0.0,0.0,0.0,-0.01,-1,-1,-0.01,-1,-1,-0.01,-1,-1,-0.01,-1,-1,-0.01,-1,-1,-0.01,-1,-1,-0.01,-1,-1,-0.01,-1,-1,-0.01,-1,-1,-0.01,-1,-1
99926009,2026-05-18 10:48:22+05:30,52876.35,0,0.0,0,0.0,0.0,53282.15,53308.4,52783.45,53710.35,0,0.0,0.0,0.0,0.0,-0.01,-1,-1,-0.01,-1,-1,-0.01,-1,-1,-0.01,-1,-1,-0.01,-1,-1,-0.01,-1,-1,-0.01,-1,-1,-0.01,-1,-1,-0.01,-1,-1,-0.01,-1,-1
99926009,2026-05-18 10:48:22+05:30,52874.7,0,0.0,0,0.0,0.0,53282.15,53308.4,52783.45,53710.35,0,0.0,0.0,0.0,0.0,-0.01,-1,-1,-0.01,-1,-1,-0.01,-1,-1,-0.01,-1,-1,-0.01,-1,-1,-0.01,-1,-1,-0.01,-1,-1,-0.01,-1,-1,-0.01,-1,-1,-0.01,-1,-1
99926009,2026-05-18 10:48:23+05:30,52875.9,0,0.0,0,0.0,0.0,53282.15,53308.4,52783.45,53710.35,0,0.0,0.0,0.0,0.0,-0.01,-1,-1,-0.01,-1,-1,-0.01,-1,-1,-0.01,-1,-1,-0.01,-1,-1,-0.01,-1,-1,-0.01,-1,-1,-0.01,-1,-1,-0.01,-1,-1,-0.01,-1,-1
99926009,2026-05-18 10:48:23+05:30,52874.6,0,0.0,0,0.0,0.0,53282.15,53308.4,52783.45,53710.35,0,0.0,0.0,0.0,0.0,-0.01,-1,-1,-0.01,-1,-1,-0.01,-1,-1,-0.01,-1,-1,-0.01,-1,-1,-0.01,-1,-1,-0.01,-1,-1,-0.01,-1,-1,-0.01,-1,-1,-0.01,-1,-1
99926009,2026-05-18 10:48:24+05:30,52875.7,0,0.0,0,0.0,0.0,53282.15,53308.4,52783.45,53710.35,0,0.0,0.0,0.0,0.0,-0.01,-1,-1,-0.01,-1,-1,-0.01,-1,-1,-0.01,-1,-1,-0.01,-1,-1,-0.01,-1,-1,-0.01,-1,-1,-0.01,-1,-1,-0.01,-1,-1,-0.01,-1,-1
99926009,2026-05-18 10:48:24+05:30,52876.7,0,0.0,0,0.0,0.0,53282.15,53308.4,52783.45,53710.35,0,0.0,0.0,0.0,0.0,-0.01,-1,-1,-0.01,-1,-1,-0.01,-1,-1,-0.01,-1,-1,-0.01,-1,-1,-0.01,-1,-1,-0.01,-1,-1,-0.01,-1,-1,-0.01,-1,-1,-0.01,-1,-1
99926009,2026-05-18 10:48:25+05:30,52876.15,0,0.0,0,0.0,0.0,53282.15,53308.4,52783.45,53710.35,0,0.0,0.0,0.0,0.0,-0.01,-1,-1,-0.01,-1,-1,-0.01,-1,-1,-0.01,-1,-1,-0.01,-1,-1,-0.01,-1,-1,-0.01,-1,-1,-0.01,-1,-1,-0.01,-1,-1,-0.01,-1,-1
99926009,2026-05-18 10:48:25+05:30,52877.2,0,0.0,0,0.0,0.0,53282.15,53308.4,52783.45,53710.35,0,0.0,0.0,0.0,0.0,-0.01,-1,-1,-0.01,-1,-1,-0.01,-1,-1,-0.01,-1,-1,-0.01,-1,-1,-0.01,-1,-1,-0.01,-1,-1,-0.01,-1,-1,-0.01,-1,-1,-0.01,-1,-1
99926009,2026-05-18 10:48:26+05:30,52876.55,0,0.0,0,0.0,0.0,53282.15,53308.4,52783.45,53710.35,0,0.0,0.0,0.0,0.0,-0.01,-1,-1,-0.01,-1,-1,-0.01,-1,-1,-0.01,-1,-1,-0.01,-1,-1,-0.01,-1,-1,-0.01,-1,-1,-0.01,-1,-1,-0.01,-1,-1,-0.01,-1,-1
99926009,2026-05-18 10:48:26+05:30,52872.75,0,0.0,0,0.0,0.0,53282.15,53308.4,52783.45,53710.35,0,0.0,0.0,0.0,0.0,-0.01,-1,-1,-0.01,-1,-1,-0.01,-1,-1,-0.01,-1,-1,-0.01,-1,-1,-0.01,-1,-1,-0.01,-1,-1,-0.01,-1,-1,-0.01,-1,-1,-0.01,-1,-1
99926009,2026-05-18 10:48:27+05:30,52875.35,0,0.0,0,0.0,0.0,53282.15,53308.4,52783.45,53710.35,0,0.0,0.0,0.0,0.0,-0.01,-1,-1,-0.01,-1,-1,-0.01,-1,-1,-0.01,-1,-1,-0.01,-1,-1,-0.01,-1,-1,-0.01,-1,-1,-0.01,-1,-1,-0.01,-1,-1,-0.01,-1,-1
99926009,2026-05-18 10:48:27+05:30,52877.1,0,0.0,0,0.0,0.0,53282.15,53308.4,52783.45,53710.35,0,0.0,0.0,0.0,0.0,-0.01,-1,-1,-0.01,-1,-1,-0.01,-1,-1,-0.01,-1,-1,-0.01,-1,-1,-0.01,-1,-1,-0.01,-1,-1,-0.01,-1,-1,-0.01,-1,-1,-0.01,-1,-1
99926009,2026-05-18 10:48:28+05:30,52875.55,0,0.0,0,0.0,0.0,53282.15,53308.4,52783.45,53710.35,0,0.0,0.0,0.0,0.0,-0.01,-1,-1,-0.01,-1,-1,-0.01,-1,-1,-0.01,-1,-1,-0.01,-1,-1,-0.01,-1,-1,-0.01,-1,-1,-0.01,-1,-1,-0.01,-1,-1,-0.01,-1,-1
99926009,2026-05-18 10:48:28+05:30,52875.05,0,0.0,0,0.0,0.0,53282.15,53308.4,52783.45,53710.35,0,0.0,0.0,0.0,0.0,-0.01,-1,-1,-0.01,-1,-1,-0.01,-1,-1,-0.01,-1,-1,-0.01,-1,-1,-0.01,-1,-1,-0.01,-1,-1,-0.01,-1,-1,-0.01,-1,-1,-0.01,-1,-1
99926009,2026-05-18 10:48:29+05:30,52875.8,0,0.0,0,0.0,0.0,53282.15,53308.4,52783.45,53710.35,0,0.0,0.0,0.0,0.0,-0.01,-1,-1,-0.01,-1,-1,-0.01,-1,-1,-0.01,-1,-1,-0.01,-1,-1,-0.01,-1,-1,-0.01,-1,-1,-0.01,-1,-1,-0.01,-1,-1,-0.01,-1,-1
99926009,2026-05-18 10:48:29+05:30,52876.35,0,0.0,0,0.0,0.0,53282.15,53308.4,52783.45,53710.35,0,0.0,0.0,0.0,0.0,-0.01,-1,-1,-0.01,-1,-1,-0.01,-1,-1,-0.01,-1,-1,-0.01,-1,-1,-0.01,-1,-1,-0.01,-1,-1,-0.01,-1,-1,-0.01,-1,-1,-0.01,-1,-1
99926009,2026-05-18 10:48:30+05:30,52876.1,0,0.0,0,0.0,0.0,53282.15,53308.4,52783.45,53710.35,0,0.0,0.0,0.0,0.0,-0.01,-1,-1,-0.01,-1,-1,-0.01,-1,-1,-0.01,-1,-1,-0.01,-1,-1,-0.01,-1,-1,-0.01,-1,-1,-0.01,-1,-1,-0.01,-1,-1,-0.01,-1,-1
99926009,2026-05-18 10:48:30+05:30,52877.05,0,0.0,0,0.0,0.0,53282.15,53308.4,52783.45,53710.35,0,0.0,0.0,0.0,0.0,-0.01,-1,-1,-0.01,-1,-1,-0.01,-1,-1,-0.01,-1,-1,-0.01,-1,-1,-0.01,-1,-1,-0.01,-1,-1,-0.01,-1,-1,-0.01,-1,-1,-0.01,-1,-1
99926009,2026-05-18 10:48:31+05:30,52877.6,0,0.0,0,0.0,0.0,53282.15,53308.4,52783.45,53710.35,0,0.0,0.0,0.0,0.0,-0.01,-1,-1,-0.01,-1,-1,-0.01,-1,-1,-0.01,-1,-1,-0.01,-1,-1,-0.01,-1,-1,-0.01,-1,-1,-0.01,-1,-1,-0.01,-1,-1,-0.01,-1,-1
99926009,2026-05-18 10:48:31+05:30,52876.5,0,0.0,0,0.0,0.0,53282.15,53308.4,52783.45,53710.35,0,0.0,0.0,0.0,0.0,-0.01,-1,-1,-0.01,-1,-1,-0.01,-1,-1,-0.01,-1,-1,-0.01,-1,-1,-0.01,-1,-1,-0.01,-1,-1,-0.01,-1,-1,-0.01,-1,-1,-0.01,-1,-1
99926009,2026-05-18 10:48:32+05:30,52876.4,0,0.0,0,0.0,0.0,53282.15,53308.4,52783.45,53710.35,0,0.0,0.0,0.0,0.0,-0.01,-1,-1,-0.01,-1,-1,-0.01,-1,-1,-0.01,-1,-1,-0.01,-1,-1,-0.01,-1,-1,-0.01,-1,-1,-0.01,-1,-1,-0.01,-1,-1,-0.01,-1,-1
99926009,2026-05-18 10:48:32+05:30,52876.85,0,0.0,0,0.0,0.0,53282.15,53308.4,52783.45,53710.35,0,0.0,0.0,0.0,0.0,-0.01,-1,-1,-0.01,-1,-1,-0.01,-1,-1,-0.01,-1,-1,-0.01,-1,-1,-0.01,-1,-1,-0.01,-1,-1,-0.01,-1,-1,-0.01,-1,-1,-0.01,-1,-1
99926009,2026-05-18 10:48:33+05:30,52877.9,0,0.0,0,0.0,0.0,53282.15,53308.4,52783.45,53710.35,0,0.0,0.0,0.0,0.0,-0.01,-1,-1,-0.01,-1,-1,-0.01,-1,-1,-0.01,-1,-1,-0.01,-1,-1,-0.01,-1,-1,-0.01,-1,-1,-0.01,-1,-1,-0.01,-1,-1,-0.01,-1,-1
99926009,2026-05-18 10:48:33+05:30,52880.55,0,0.0,0,0.0,0.0,53282.15,53308.4,52783.45,53710.35,0,0.0,0.0,0.0,0.0,-0.01,-1,-1,-0.01,-1,-1,-0.01,-1,-1,-0.01,-1,-1,-0.01,-1,-1,-0.01,-1,-1,-0.01,-1,-1,-0.01,-1,-1,-0.01,-1,-1,-0.01,-1,-1
99926009,2026-05-18 10:48:34+05:30,52879.15,0,0.0,0,0.0,0.0,53282.15,53308.4,52783.45,53710.35,0,0.0,0.0,0.0,0.0,-0.01,-1,-1,-0.01,-1,-1,-0.01,-1,-1,-0.01,-1,-1,-0.01,-1,-1,-0.01,-1,-1,-0.01,-1,-1,-0.01,-1,-1,-0.01,-1,-1,-0.01,-1,-1
99926009,2026-05-18 10:48:34+05:30,52878.5,0,0.0,0,0.0,0.0,53282.15,53308.4,52783.45,53710.35,0,0.0,0.0,0.0,0.0,-0.01,-1,-1,-0.01,-1,-1,-0.01,-1,-1,-0.01,-1,-1,-0.01,-1,-1,-0.01,-1,-1,-0.01,-1,-1,-0.01,-1,-1,-0.01,-1,-1,-0.01,-1,-1
99926009,2026-05-18 10:48:35+05:30,52880.7,0,0.0,0,0.0,0.0,53282.15,53308.4,52783.45,53710.35,0,0.0,0.0,0.0,0.0,-0.01,-1,-1,-0.01,-1,-1,-0.01,-1,-1,-0.01,-1,-1,-0.01,-1,-1,-0.01,-1,-1,-0.01,-1,-1,-0.01,-1,-1,-0.01,-1,-1,-0.01,-1,-1
99926009,2026-05-18 10:48:35+05:30,52881.75,0,0.0,0,0.0,0.0,53282.15,53308.4,52783.45,53710.35,0,0.0,0.0,0.0,0.0,-0.01,-1,-1,-0.01,-1,-1,-0.01,-1,-1,-0.01,-1,-1,-0.01,-1,-1,-0.01,-1,-1,-0.01,-1,-1,-0.01,-1,-1,-0.01,-1,-1,-0.01,-1,-1
99926009,2026-05-18 10:48:36+05:30,52882.55,0,0.0,0,0.0,0.0,53282.15,53308.4,52783.45,53710.35,0,0.0,0.0,0.0,0.0,-0.01,-1,-1,-0.01,-1,-1,-0.01,-1,-1,-0.01,-1,-1,-0.01,-1,-1,-0.01,-1,-1,-0.01,-1,-1,-0.01,-1,-1,-0.01,-1,-1,-0.01,-1,-1
99926009,2026-05-18 10:48:36+05:30,52884.15,0,0.0,0,0.0,0.0,53282.15,53308.4,52783.45,53710.35,0,0.0,0.0,0.0,0.0,-0.01,-1,-1,-0.01,-1,-1,-0.01,-1,-1,-0.01,-1,-1,-0.01,-1,-1,-0.01,-1,-1,-0.01,-1,-1,-0.01,-1,-1,-0.01,-1,-1,-0.01,-1,-1
99926009,2026-05-18 10:48:37+05:30,52880.85,0,0.0,0,0.0,0.0,53282.15,53308.4,52783.45,53710.35,0,0.0,0.0,0.0,0.0,-0.01,-1,-1,-0.01,-1,-1,-0.01,-1,-1,-0.01,-1,-1,-0.01,-1,-1,-0.01,-1,-1,-0.01,-1,-1,-0.01,-1,-1,-0.01,-1,-1,-0.01,-1,-1
99926009,2026-05-18 10:48:37+05:30,52882.9,0,0.0,0,0.0,0.0,53282.15,53308.4,52783.45,53710.35,0,0.0,0.0,0.0,0.0,-0.01,-1,-1,-0.01,-1,-1,-0.01,-1,-1,-0.01,-1,-1,-0.01,-1,-1,-0.01,-1,-1,-0.01,-1,-1,-0.01,-1,-1,-0.01,-1,-1,-0.01,-1,-1
99926009,2026-05-18 10:48:38+05:30,52882.2,0,0.0,0,0.0,0.0,53282.15,53308.4,52783.45,53710.35,0,0.0,0.0,0.0,0.0,-0.01,-1,-1,-0.01,-1,-1,-0.01,-1,-1,-0.01,-1,-1,-0.01,-1,-1,-0.01,-1,-1,-0.01,-1,-1,-0.01,-1,-1,-0.01,-1,-1,-0.01,-1,-1
99926009,2026-05-18 10:48:38+05:30,52884.45,0,0.0,0,0.0,0.0,53282.15,53308.4,52783.45,53710.35,0,0.0,0.0,0.0,0.0,-0.01,-1,-1,-0.01,-1,-1,-0.01,-1,-1,-0.01,-1,-1,-0.01,-1,-1,-0.01,-1,-1,-0.01,-1,-1,-0.01,-1,-1,-0.01,-1,-1,-0.01,-1,-1
99926009,2026-05-18 10:48:39+05:30,52883.6,0,0.0,0,0.0,0.0,53282.15,53308.4,52783.45,53710.35,0,0.0,0.0,0.0,0.0,-0.01,-1,-1,-0.01,-1,-1,-0.01,-1,-1,-0.01,-1,-1,-0.01,-1,-1,-0.01,-1,-1,-0.01,-1,-1,-0.01,-1,-1,-0.01,-1,-1,-0.01,-1,-1
99926009,2026-05-18 10:48:39+05:30,52882.25,0,0.0,0,0.0,0.0,53282.15,53308.4,52783.45,53710.35,0,0.0,0.0,0.0,0.0,-0.01,-1,-1,-0.01,-1,-1,-0.01,-1,-1,-0.01,-1,-1,-0.01,-1,-1,-0.01,-1,-1,-0.01,-1,-1,-0.01,-1,-1,-0.01,-1,-1,-0.01,-1,-1
99926009,2026-05-18 10:48:40+05:30,52885.7,0,0.0,0,0.0,0.0,53282.15,53308.4,52783.45,53710.35,0,0.0,0.0,0.0,0.0,-0.01,-1,-1,-0.01,-1,-1,-0.01,-1,-1,-0.01,-1,-1,-0.01,-1,-1,-0.01,-1,-1,-0.01,-1,-1,-0.01,-1,-1,-0.01,-1,-1,-0.01,-1,-1
99926009,2026-05-18 10:48:40+05:30,52887.75,0,0.0,0,0.0,0.0,53282.15,53308.4,52783.45,53710.35,0,0.0,0.0,0.0,0.0,-0.01,-1,-1,-0.01,-1,-1,-0.01,-1,-1,-0.01,-1,-1,-0.01,-1,-1,-0.01,-1,-1,-0.01,-1,-1,-0.01,-1,-1,-0.01,-1,-1,-0.01,-1,-1
99926009,2026-05-18 10:48:41+05:30,52893.85,0,0.0,0,0.0,0.0,53282.15,53308.4,52783.45,53710.35,0,0.0,0.0,0.0,0.0,-0.01,-1,-1,-0.01,-1,-1,-0.01,-1,-1,-0.01,-1,-1,-0.01,-1,-1,-0.01,-1,-1,-0.01,-1,-1,-0.01,-1,-1,-0.01,-1,-1,-0.01,-1,-1
99926009,2026-05-18 10:48:41+05:30,52892.65,0,0.0,0,0.0,0.0,53282.15,53308.4,52783.45,53710.35,0,0.0,0.0,0.0,0.0,-0.01,-1,-1,-0.01,-1,-1,-0.01,-1,-1,-0.01,-1,-1,-0.01,-1,-1,-0.01,-1,-1,-0.01,-1,-1,-0.01,-1,-1,-0.01,-1,-1,-0.01,-1,-1
99926009,2026-05-18 10:48:42+05:30,52893.55,0,0.0,0,0.0,0.0,53282.15,53308.4,52783.45,53710.35,0,0.0,0.0,0.0,0.0,-0.01,-1,-1,-0.01,-1,-1,-0.01,-1,-1,-0.01,-1,-1,-0.01,-1,-1,-0.01,-1,-1,-0.01,-1,-1,-0.01,-1,-1,-0.01,-1,-1,-0.01,-1,-1
99926009,2026-05-18 10:48:42+05:30,52895.1,0,0.0,0,0.0,0.0,53282.15,53308.4,52783.45,53710.35,0,0.0,0.0,0.0,0.0,-0.01,-1,-1,-0.01,-1,-1,-0.01,-1,-1,-0.01,-1,-1,-0.01,-1,-1,-0.01,-1,-1,-0.01,-1,-1,-0.01,-1,-1,-0.01,-1,-1,-0.01,-1,-1
99926009,2026-05-18 10:48:43+05:30,52892.7,0,0.0,0,0.0,0.0,53282.15,53308.4,52783.45,53710.35,0,0.0,0.0,0.0,0.0,-0.01,-1,-1,-0.01,-1,-1,-0.01,-1,-1,-0.01,-1,-1,-0.01,-1,-1,-0.01,-1,-1,-0.01,-1,-1,-0.01,-1,-1,-0.01,-1,-1,-0.01,-1,-1
99926009,2026-05-18 10:48:43+05:30,52896.0,0,0.0,0,0.0,0.0,53282.15,53308.4,52783.45,53710.35,0,0.0,0.0,0.0,0.0,-0.01,-1,-1,-0.01,-1,-1,-0.01,-1,-1,-0.01,-1,-1,-0.01,-1,-1,-0.01,-1,-1,-0.01,-1,-1,-0.01,-1,-1,-0.01,-1,-1,-0.01,-1,-1
99926009,2026-05-18 10:48:44+05:30,52896.4,0,0.0,0,0.0,0.0,53282.15,53308.4,52783.45,53710.35,0,0.0,0.0,0.0,0.0,-0.01,-1,-1,-0.01,-1,-1,-0.01,-1,-1,-0.01,-1,-1,-0.01,-1,-1,-0.01,-1,-1,-0.01,-1,-1,-0.01,-1,-1,-0.01,-1,-1,-0.01,-1,-1
99926009,2026-05-18 10:48:44+05:30,52892.25,0,0.0,0,0.0,0.0,53282.15,53308.4,52783.45,53710.35,0,0.0,0.0,0.0,0.0,-0.01,-1,-1,-0.01,-1,-1,-0.01,-1,-1,-0.01,-1,-1,-0.01,-1,-1,-0.01,-1,-1,-0.01,-1,-1,-0.01,-1,-1,-0.01,-1,-1,-0.01,-1,-1
99926009,2026-05-18 10:48:45+05:30,52899.05,0,0.0,0,0.0,0.0,53282.15,53308.4,52783.45,53710.35,0,0.0,0.0,0.0,0.0,-0.01,-1,-1,-0.01,-1,-1,-0.01,-1,-1,-0.01,-1,-1,-0.01,-1,-1,-0.01,-1,-1,-0.01,-1,-1,-0.01,-1,-1,-0.01,-1,-1,-0.01,-1,-1
99926009,2026-05-18 10:48:45+05:30,52902.15,0,0.0,0,0.0,0.0,53282.15,53308.4,52783.45,53710.35,0,0.0,0.0,0.0,0.0,-0.01,-1,-1,-0.01,-1,-1,-0.01,-1,-1,-0.01,-1,-1,-0.01,-1,-1,-0.01,-1,-1,-0.01,-1,-1,-0.01,-1,-1,-0.01,-1,-1,-0.01,-1,-1
99926009,2026-05-18 10:48:46+05:30,52905.05,0,0.0,0,0.0,0.0,53282.15,53308.4,52783.45,53710.35,0,0.0,0.0,0.0,0.0,-0.01,-1,-1,-0.01,-1,-1,-0.01,-1,-1,-0.01,-1,-1,-0.01,-1,-1,-0.01,-1,-1,-0.01,-1,-1,-0.01,-1,-1,-0.01,-1,-1,-0.01,-1,-1
99926009,2026-05-18 10:48:46+05:30,52903.55,0,0.0,0,0.0,0.0,53282.15,53308.4,52783.45,53710.35,0,0.0,0.0,0.0,0.0,-0.01,-1,-1,-0.01,-1,-1,-0.01,-1,-1,-0.01,-1,-1,-0.01,-1,-1,-0.01,-1,-1,-0.01,-1,-1,-0.01,-1,-1,-0.01,-1,-1,-0.01,-1,-1
99926009,2026-05-18 10:48:47+05:30,52904.75,0,0.0,0,0.0,0.0,53282.15,53308.4,52783.45,53710.35,0,0.0,0.0,0.0,0.0,-0.01,-1,-1,-0.01,-1,-1,-0.01,-1,-1,-0.01,-1,-1,-0.01,-1,-1,-0.01,-1,-1,-0.01,-1,-1,-0.01,-1,-1,-0.01,-1,-1,-0.01,-1,-1
99926009,2026-05-18 10:48:47+05:30,52904.1,0,0.0,0,0.0,0.0,53282.15,53308.4,52783.45,53710.35,0,0.0,0.0,0.0,0.0,-0.01,-1,-1,-0.01,-1,-1,-0.01,-1,-1,-0.01,-1,-1,-0.01,-1,-1,-0.01,-1,-1,-0.01,-1,-1,-0.01,-1,-1,-0.01,-1,-1,-0.01,-1,-1
99926009,2026-05-18 10:48:48+05:30,52905.25,0,0.0,0,0.0,0.0,53282.15,53308.4,52783.45,53710.35,0,0.0,0.0,0.0,0.0,-0.01,-1,-1,-0.01,-1,-1,-0.01,-1,-1,-0.01,-1,-1,-0.01,-1,-1,-0.01,-1,-1,-0.01,-1,-1,-0.01,-1,-1,-0.01,-1,-1,-0.01,-1,-1
99926009,2026-05-18 10:48:48+05:30,52901.85,0,0.0,0,0.0,0.0,53282.15,53308.4,52783.45,53710.35,0,0.0,0.0,0.0,0.0,-0.01,-1,-1,-0.01,-1,-1,-0.01,-1,-1,-0.01,-1,-1,-0.01,-1,-1,-0.01,-1,-1,-0.01,-1,-1,-0.01,-1,-1,-0.01,-1,-1,-0.01,-1,-1
99926009,2026-05-18 10:48:49+05:30,52904.1,0,0.0,0,0.0,0.0,53282.15,53308.4,52783.45,53710.35,0,0.0,0.0,0.0,0.0,-0.01,-1,-1,-0.01,-1,-1,-0.01,-1,-1,-0.01,-1,-1,-0.01,-1,-1,-0.01,-1,-1,-0.01,-1,-1,-0.01,-1,-1,-0.01,-1,-1,-0.01,-1,-1
99926009,2026-05-18 10:48:49+05:30,52903.95,0,0.0,0,0.0,0.0,53282.15,53308.4,52783.45,53710.35,0,0.0,0.0,0.0,0.0,-0.01,-1,-1,-0.01,-1,-1,-0.01,-1,-1,-0.01,-1,-1,-0.01,-1,-1,-0.01,-1,-1,-0.01,-1,-1,-0.01,-1,-1,-0.01,-1,-1,-0.01,-1,-1
99926009,2026-05-18 10:48:50+05:30,52906.3,0,0.0,0,0.0,0.0,53282.15,53308.4,52783.45,53710.35,0,0.0,0.0,0.0,0.0,-0.01,-1,-1,-0.01,-1,-1,-0.01,-1,-1,-0.01,-1,-1,-0.01,-1,-1,-0.01,-1,-1,-0.01,-1,-1,-0.01,-1,-1,-0.01,-1,-1,-0.01,-1,-1
99926009,2026-05-18 10:48:50+05:30,52903.2,0,0.0,0,0.0,0.0,53282.15,53308.4,52783.45,53710.35,0,0.0,0.0,0.0,0.0,-0.01,-1,-1,-0.01,-1,-1,-0.01,-1,-1,-0.01,-1,-1,-0.01,-1,-1,-0.01,-1,-1,-0.01,-1,-1,-0.01,-1,-1,-0.01,-1,-1,-0.01,-1,-1
99926009,2026-05-18 10:48:51+05:30,52905.4,0,0.0,0,0.0,0.0,53282.15,53308.4,52783.45,53710.35,0,0.0,0.0,0.0,0.0,-0.01,-1,-1,-0.01,-1,-1,-0.01,-1,-1,-0.01,-1,-1,-0.01,-1,-1,-0.01,-1,-1,-0.01,-1,-1,-0.01,-1,-1,-0.01,-1,-1,-0.01,-1,-1
99926009,2026-05-18 10:48:51+05:30,52902.75,0,0.0,0,0.0,0.0,53282.15,53308.4,52783.45,53710.35,0,0.0,0.0,0.0,0.0,-0.01,-1,-1,-0.01,-1,-1,-0.01,-1,-1,-0.01,-1,-1,-0.01,-1,-1,-0.01,-1,-1,-0.01,-1,-1,-0.01,-1,-1,-0.01,-1,-1,-0.01,-1,-1
99926009,2026-05-18 10:48:52+05:30,52904.55,0,0.0,0,0.0,0.0,53282.15,53308.4,52783.45,53710.35,0,0.0,0.0,0.0,0.0,-0.01,-1,-1,-0.01,-1,-1,-0.01,-1,-1,-0.01,-1,-1,-0.01,-1,-1,-0.01,-1,-1,-0.01,-1,-1,-0.01,-1,-1,-0.01,-1,-1,-0.01,-1,-1
99926009,2026-05-18 10:48:52+05:30,52905.0,0,0.0,0,0.0,0.0,53282.15,53308.4,52783.45,53710.35,0,0.0,0.0,0.0,0.0,-0.01,-1,-1,-0.01,-1,-1,-0.01,-1,-1,-0.01,-1,-1,-0.01,-1,-1,-0.01,-1,-1,-0.01,-1,-1,-0.01,-1,-1,-0.01,-1,-1,-0.01,-1,-1
99926009,2026-05-18 10:48:53+05:30,52908.35,0,0.0,0,0.0,0.0,53282.15,53308.4,52783.45,53710.35,0,0.0,0.0,0.0,0.0,-0.01,-1,-1,-0.01,-1,-1,-0.01,-1,-1,-0.01,-1,-1,-0.01,-1,-1,-0.01,-1,-1,-0.01,-1,-1,-0.01,-1,-1,-0.01,-1,-1,-0.01,-1,-1
99926009,2026-05-18 10:48:53+05:30,52907.35,0,0.0,0,0.0,0.0,53282.15,53308.4,52783.45,53710.35,0,0.0,0.0,0.0,0.0,-0.01,-1,-1,-0.01,-1,-1,-0.01,-1,-1,-0.01,-1,-1,-0.01,-1,-1,-0.01,-1,-1,-0.01,-1,-1,-0.01,-1,-1,-0.01,-1,-1,-0.01,-1,-1
99926009,2026-05-18 10:48:54+05:30,52907.85,0,0.0,0,0.0,0.0,53282.15,53308.4,52783.45,53710.35,0,0.0,0.0,0.0,0.0,-0.01,-1,-1,-0.01,-1,-1,-0.01,-1,-1,-0.01,-1,-1,-0.01,-1,-1,-0.01,-1,-1,-0.01,-1,-1,-0.01,-1,-1,-0.01,-1,-1,-0.01,-1,-1
99926009,2026-05-18 10:48:54+05:30,52911.05,0,0.0,0,0.0,0.0,53282.15,53308.4,52783.45,53710.35,0,0.0,0.0,0.0,0.0,-0.01,-1,-1,-0.01,-1,-1,-0.01,-1,-1,-0.01,-1,-1,-0.01,-1,-1,-0.01,-1,-1,-0.01,-1,-1,-0.01,-1,-1,-0.01,-1,-1,-0.01,-1,-1
99926009,2026-05-18 10:48:55+05:30,52910.7,0,0.0,0,0.0,0.0,53282.15,53308.4,52783.45,53710.35,0,0.0,0.0,0.0,0.0,-0.01,-1,-1,-0.01,-1,-1,-0.01,-1,-1,-0.01,-1,-1,-0.01,-1,-1,-0.01,-1,-1,-0.01,-1,-1,-0.01,-1,-1,-0.01,-1,-1,-0.01,-1,-1
99926009,2026-05-18 10:48:55+05:30,52914.05,0,0.0,0,0.0,0.0,53282.15,53308.4,52783.45,53710.35,0,0.0,0.0,0.0,0.0,-0.01,-1,-1,-0.01,-1,-1,-0.01,-1,-1,-0.01,-1,-1,-0.01,-1,-1,-0.01,-1,-1,-0.01,-1,-1,-0.01,-1,-1,-0.01,-1,-1,-0.01,-1,-1
99926009,2026-05-18 10:48:56+05:30,52916.1,0,0.0,0,0.0,0.0,53282.15,53308.4,52783.45,53710.35,0,0.0,0.0,0.0,0.0,-0.01,-1,-1,-0.01,-1,-1,-0.01,-1,-1,-0.01,-1,-1,-0.01,-1,-1,-0.01,-1,-1,-0.01,-1,-1,-0.01,-1,-1,-0.01,-1,-1,-0.01,-1,-1
99926009,2026-05-18 10:48:56+05:30,52916.85,0,0.0,0,0.0,0.0,53282.15,53308.4,52783.45,53710.35,0,0.0,0.0,0.0,0.0,-0.01,-1,-1,-0.01,-1,-1,-0.01,-1,-1,-0.01,-1,-1,-0.01,-1,-1,-0.01,-1,-1,-0.01,-1,-1,-0.01,-1,-1,-0.01,-1,-1,-0.01,-1,-1
99926009,2026-05-18 10:48:57+05:30,52920.7,0,0.0,0,0.0,0.0,53282.15,53308.4,52783.45,53710.35,0,0.0,0.0,0.0,0.0,-0.01,-1,-1,-0.01,-1,-1,-0.01,-1,-1,-0.01,-1,-1,-0.01,-1,-1,-0.01,-1,-1,-0.01,-1,-1,-0.01,-1,-1,-0.01,-1,-1,-0.01,-1,-1
99926009,2026-05-18 10:48:57+05:30,52920.2,0,0.0,0,0.0,0.0,53282.15,53308.4,52783.45,53710.35,0,0.0,0.0,0.0,0.0,-0.01,-1,-1,-0.01,-1,-1,-0.01,-1,-1,-0.01,-1,-1,-0.01,-1,-1,-0.01,-1,-1,-0.01,-1,-1,-0.01,-1,-1,-0.01,-1,-1,-0.01,-1,-1
99926009,2026-05-18 10:48:58+05:30,52919.25,0,0.0,0,0.0,0.0,53282.15,53308.4,52783.45,53710.35,0,0.0,0.0,0.0,0.0,-0.01,-1,-1,-0.01,-1,-1,-0.01,-1,-1,-0.01,-1,-1,-0.01,-1,-1,-0.01,-1,-1,-0.01,-1,-1,-0.01,-1,-1,-0.01,-1,-1,-0.01,-1,-1
99926009,2026-05-18 10:48:58+05:30,52919.25,0,0.0,0,0.0,0.0,53282.15,53308.4,52783.45,53710.35,0,0.0,0.0,0.0,0.0,-0.01,-1,-1,-0.01,-1,-1,-0.01,-1,-1,-0.01,-1,-1,-0.01,-1,-1,-0.01,-1,-1,-0.01,-1,-1,-0.01,-1,-1,-0.01,-1,-1,-0.01,-1,-1
99926009,2026-05-18 10:48:59+05:30,52915.95,0,0.0,0,0.0,0.0,53282.15,53308.4,52783.45,53710.35,0,0.0,0.0,0.0,0.0,-0.01,-1,-1,-0.01,-1,-1,-0.01,-1,-1,-0.01,-1,-1,-0.01,-1,-1,-0.01,-1,-1,-0.01,-1,-1,-0.01,-1,-1,-0.01,-1,-1,-0.01,-1,-1
99926009,2026-05-18 10:48:59+05:30,52913.35,0,0.0,0,0.0,0.0,53282.15,53308.4,52783.45,53710.35,0,0.0,0.0,0.0,0.0,-0.01,-1,-1,-0.01,-1,-1,-0.01,-1,-1,-0.01,-1,-1,-0.01,-1,-1,-0.01,-1,-1,-0.01,-1,-1,-0.01,-1,-1,-0.01,-1,-1,-0.01,-1,-1
99926009,2026-05-18 10:49:00+05:30,52918.15,0,0.0,0,0.0,0.0,53282.15,53308.4,52783.45,53710.35,0,0.0,0.0,0.0,0.0,-0.01,-1,-1,-0.01,-1,-1,-0.01,-1,-1,-0.01,-1,-1,-0.01,-1,-1,-0.01,-1,-1,-0.01,-1,-1,-0.01,-1,-1,-0.01,-1,-1,-0.01,-1,-1
99926009,2026-05-18 10:49:00+05:30,52921.1,0,0.0,0,0.0,0.0,53282.15,53308.4,52783.45,53710.35,0,0.0,0.0,0.0,0.0,-0.01,-1,-1,-0.01,-1,-1,-0.01,-1,-1,-0.01,-1,-1,-0.01,-1,-1,-0.01,-1,-1,-0.01,-1,-1,-0.01,-1,-1,-0.01,-1,-1,-0.01,-1,-1
99926009,2026-05-18 10:49:01+05:30,52920.85,0,0.0,0,0.0,0.0,53282.15,53308.4,52783.45,53710.35,0,0.0,0.0,0.0,0.0,-0.01,-1,-1,-0.01,-1,-1,-0.01,-1,-1,-0.01,-1,-1,-0.01,-1,-1,-0.01,-1,-1,-0.01,-1,-1,-0.01,-1,-1,-0.01,-1,-1,-0.01,-1,-1
99926009,2026-05-18 10:49:01+05:30,52920.0,0,0.0,0,0.0,0.0,53282.15,53308.4,52783.45,53710.35,0,0.0,0.0,0.0,0.0,-0.01,-1,-1,-0.01,-1,-1,-0.01,-1,-1,-0.01,-1,-1,-0.01,-1,-1,-0.01,-1,-1,-0.01,-1,-1,-0.01,-1,-1,-0.01,-1,-1,-0.01,-1,-1
99926009,2026-05-18 10:49:02+05:30,52917.45,0,0.0,0,0.0,0.0,53282.15,53308.4,52783.45,53710.35,0,0.0,0.0,0.0,0.0,-0.01,-1,-1,-0.01,-1,-1,-0.01,-1,-1,-0.01,-1,-1,-0.01,-1,-1,-0.01,-1,-1,-0.01,-1,-1,-0.01,-1,-1,-0.01,-1,-1,-0.01,-1,-1
99926009,2026-05-18 10:49:02+05:30,52918.2,0,0.0,0,0.0,0.0,53282.15,53308.4,52783.45,53710.35,0,0.0,0.0,0.0,0.0,-0.01,-1,-1,-0.01,-1,-1,-0.01,-1,-1,-0.01,-1,-1,-0.01,-1,-1,-0.01,-1,-1,-0.01,-1,-1,-0.01,-1,-1,-0.01,-1,-1,-0.01,-1,-1
99926009,2026-05-18 10:49:03+05:30,52918.55,0,0.0,0,0.0,0.0,53282.15,53308.4,52783.45,53710.35,0,0.0,0.0,0.0,0.0,-0.01,-1,-1,-0.01,-1,-1,-0.01,-1,-1,-0.01,-1,-1,-0.01,-1,-1,-0.01,-1,-1,-0.01,-1,-1,-0.01,-1,-1,-0.01,-1,-1,-0.01,-1,-1
99926009,2026-05-18 10:49:03+05:30,52919.4,0,0.0,0,0.0,0.0,53282.15,53308.4,52783.45,53710.35,0,0.0,0.0,0.0,0.0,-0.01,-1,-1,-0.01,-1,-1,-0.01,-1,-1,-0.01,-1,-1,-0.01,-1,-1,-0.01,-1,-1,-0.01,-1,-1,-0.01,-1,-1,-0.01,-1,-1,-0.01,-1,-1
99926009,2026-05-18 10:49:04+05:30,52923.25,0,0.0,0,0.0,0.0,53282.15,53308.4,52783.45,53710.35,0,0.0,0.0,0.0,0.0,-0.01,-1,-1,-0.01,-1,-1,-0.01,-1,-1,-0.01,-1,-1,-0.01,-1,-1,-0.01,-1,-1,-0.01,-1,-1,-0.01,-1,-1,-0.01,-1,-1,-0.01,-1,-1
99926009,2026-05-18 10:49:04+05:30,52922.6,0,0.0,0,0.0,0.0,53282.15,53308.4,52783.45,53710.35,0,0.0,0.0,0.0,0.0,-0.01,-1,-1,-0.01,-1,-1,-0.01,-1,-1,-0.01,-1,-1,-0.01,-1,-1,-0.01,-1,-1,-0.01,-1,-1,-0.01,-1,-1,-0.01,-1,-1,-0.01,-1,-1
99926009,2026-05-18 10:49:05+05:30,52922.9,0,0.0,0,0.0,0.0,53282.15,53308.4,52783.45,53710.35,0,0.0,0.0,0.0,0.0,-0.01,-1,-1,-0.01,-1,-1,-0.01,-1,-1,-0.01,-1,-1,-0.01,-1,-1,-0.01,-1,-1,-0.01,-1,-1,-0.01,-1,-1,-0.01,-1,-1,-0.01,-1,-1
99926009,2026-05-18 10:49:05+05:30,52922.7,0,0.0,0,0.0,0.0,53282.15,53308.4,52783.45,53710.35,0,0.0,0.0,0.0,0.0,-0.01,-1,-1,-0.01,-1,-1,-0.01,-1,-1,-0.01,-1,-1,-0.01,-1,-1,-0.01,-1,-1,-0.01,-1,-1,-0.01,-1,-1,-0.01,-1,-1,-0.01,-1,-1
99926009,2026-05-18 10:49:06+05:30,52931.05,0,0.0,0,0.0,0.0,53282.15,53308.4,52783.45,53710.35,0,0.0,0.0,0.0,0.0,-0.01,-1,-1,-0.01,-1,-1,-0.01,-1,-1,-0.01,-1,-1,-0.01,-1,-1,-0.01,-1,-1,-0.01,-1,-1,-0.01,-1,-1,-0.01,-1,-1,-0.01,-1,-1
99926009,2026-05-18 10:49:06+05:30,52931.55,0,0.0,0,0.0,0.0,53282.15,53308.4,52783.45,53710.35,0,0.0,0.0,0.0,0.0,-0.01,-1,-1,-0.01,-1,-1,-0.01,-1,-1,-0.01,-1,-1,-0.01,-1,-1,-0.01,-1,-1,-0.01,-1,-1,-0.01,-1,-1,-0.01,-1,-1,-0.01,-1,-1
99926009,2026-05-18 10:49:07+05:30,52933.65,0,0.0,0,0.0,0.0,53282.15,53308.4,52783.45,53710.35,0,0.0,0.0,0.0,0.0,-0.01,-1,-1,-0.01,-1,-1,-0.01,-1,-1,-0.01,-1,-1,-0.01,-1,-1,-0.01,-1,-1,-0.01,-1,-1,-0.01,-1,-1,-0.01,-1,-1,-0.01,-1,-1
99926009,2026-05-18 10:49:07+05:30,52932.85,0,0.0,0,0.0,0.0,53282.15,53308.4,52783.45,53710.35,0,0.0,0.0,0.0,0.0,-0.01,-1,-1,-0.01,-1,-1,-0.01,-1,-1,-0.01,-1,-1,-0.01,-1,-1,-0.01,-1,-1,-0.01,-1,-1,-0.01,-1,-1,-0.01,-1,-1,-0.01,-1,-1
99926009,2026-05-18 10:49:08+05:30,52936.85,0,0.0,0,0.0,0.0,53282.15,53308.4,52783.45,53710.35,0,0.0,0.0,0.0,0.0,-0.01,-1,-1,-0.01,-1,-1,-0.01,-1,-1,-0.01,-1,-1,-0.01,-1,-1,-0.01,-1,-1,-0.01,-1,-1,-0.01,-1,-1,-0.01,-1,-1,-0.01,-1,-1
99926009,2026-05-18 10:49:08+05:30,52936.75,0,0.0,0,0.0,0.0,53282.15,53308.4,52783.45,53710.35,0,0.0,0.0,0.0,0.0,-0.01,-1,-1,-0.01,-1,-1,-0.01,-1,-1,-0.01,-1,-1,-0.01,-1,-1,-0.01,-1,-1,-0.01,-1,-1,-0.01,-1,-1,-0.01,-1,-1,-0.01,-1,-1
99926009,2026-05-18 10:49:09+05:30,52935.1,0,0.0,0,0.0,0.0,53282.15,53308.4,52783.45,53710.35,0,0.0,0.0,0.0,0.0,-0.01,-1,-1,-0.01,-1,-1,-0.01,-1,-1,-0.01,-1,-1,-0.01,-1,-1,-0.01,-1,-1,-0.01,-1,-1,-0.01,-1,-1,-0.01,-1,-1,-0.01,-1,-1
99926009,2026-05-18 10:49:09+05:30,52933.45,0,0.0,0,0.0,0.0,53282.15,53308.4,52783.45,53710.35,0,0.0,0.0,0.0,0.0,-0.01,-1,-1,-0.01,-1,-1,-0.01,-1,-1,-0.01,-1,-1,-0.01,-1,-1,-0.01,-1,-1,-0.01,-1,-1,-0.01,-1,-1,-0.01,-1,-1,-0.01,-1,-1
99926009,2026-05-18 10:49:10+05:30,52934.75,0,0.0,0,0.0,0.0,53282.15,53308.4,52783.45,53710.35,0,0.0,0.0,0.0,0.0,-0.01,-1,-1,-0.01,-1,-1,-0.01,-1,-1,-0.01,-1,-1,-0.01,-1,-1,-0.01,-1,-1,-0.01,-1,-1,-0.01,-1,-1,-0.01,-1,-1,-0.01,-1,-1
99926009,2026-05-18 10:49:10+05:30,52936.7,0,0.0,0,0.0,0.0,53282.15,53308.4,52783.45,53710.35,0,0.0,0.0,0.0,0.0,-0.01,-1,-1,-0.01,-1,-1,-0.01,-1,-1,-0.01,-1,-1,-0.01,-1,-1,-0.01,-1,-1,-0.01,-1,-1,-0.01,-1,-1,-0.01,-1,-1,-0.01,-1,-1
99926009,2026-05-18 10:49:11+05:30,52935.2,0,0.0,0,0.0,0.0,53282.15,53308.4,52783.45,53710.35,0,0.0,0.0,0.0,0.0,-0.01,-1,-1,-0.01,-1,-1,-0.01,-1,-1,-0.01,-1,-1,-0.01,-1,-1,-0.01,-1,-1,-0.01,-1,-1,-0.01,-1,-1,-0.01,-1,-1,-0.01,-1,-1
99926009,2026-05-18 10:49:11+05:30,52934.65,0,0.0,0,0.0,0.0,53282.15,53308.4,52783.45,53710.35,0,0.0,0.0,0.0,0.0,-0.01,-1,-1,-0.01,-1,-1,-0.01,-1,-1,-0.01,-1,-1,-0.01,-1,-1,-0.01,-1,-1,-0.01,-1,-1,-0.01,-1,-1,-0.01,-1,-1,-0.01,-1,-1
99926009,2026-05-18 10:49:12+05:30,52935.3,0,0.0,0,0.0,0.0,53282.15,53308.4,52783.45,53710.35,0,0.0,0.0,0.0,0.0,-0.01,-1,-1,-0.01,-1,-1,-0.01,-1,-1,-0.01,-1,-1,-0.01,-1,-1,-0.01,-1,-1,-0.01,-1,-1,-0.01,-1,-1,-0.01,-1,-1,-0.01,-1,-1
99926009,2026-05-18 10:49:12+05:30,52935.8,0,0.0,0,0.0,0.0,53282.15,53308.4,52783.45,53710.35,0,0.0,0.0,0.0,0.0,-0.01,-1,-1,-0.01,-1,-1,-0.01,-1,-1,-0.01,-1,-1,-0.01,-1,-1,-0.01,-1,-1,-0.01,-1,-1,-0.01,-1,-1,-0.01,-1,-1,-0.01,-1,-1
99926009,2026-05-18 10:49:13+05:30,52933.5,0,0.0,0,0.0,0.0,53282.15,53308.4,52783.45,53710.35,0,0.0,0.0,0.0,0.0,-0.01,-1,-1,-0.01,-1,-1,-0.01,-1,-1,-0.01,-1,-1,-0.01,-1,-1,-0.01,-1,-1,-0.01,-1,-1,-0.01,-1,-1,-0.01,-1,-1,-0.01,-1,-1
99926009,2026-05-18 10:49:13+05:30,52933.0,0,0.0,0,0.0,0.0,53282.15,53308.4,52783.45,53710.35,0,0.0,0.0,0.0,0.0,-0.01,-1,-1,-0.01,-1,-1,-0.01,-1,-1,-0.01,-1,-1,-0.01,-1,-1,-0.01,-1,-1,-0.01,-1,-1,-0.01,-1,-1,-0.01,-1,-1,-0.01,-1,-1
99926009,2026-05-18 10:49:14+05:30,52933.0,0,0.0,0,0.0,0.0,53282.15,53308.4,52783.45,53710.35,0,0.0,0.0,0.0,0.0,-0.01,-1,-1,-0.01,-1,-1,-0.01,-1,-1,-0.01,-1,-1,-0.01,-1,-1,-0.01,-1,-1,-0.01,-1,-1,-0.01,-1,-1,-0.01,-1,-1,-0.01,-1,-1
99926009,2026-05-18 10:49:14+05:30,52933.4,0,0.0,0,0.0,0.0,53282.15,53308.4,52783.45,53710.35,0,0.0,0.0,0.0,0.0,-0.01,-1,-1,-0.01,-1,-1,-0.01,-1,-1,-0.01,-1,-1,-0.01,-1,-1,-0.01,-1,-1,-0.01,-1,-1,-0.01,-1,-1,-0.01,-1,-1,-0.01,-1,-1
99926009,2026-05-18 10:49:15+05:30,52932.3,0,0.0,0,0.0,0.0,53282.15,53308.4,52783.45,53710.35,0,0.0,0.0,0.0,0.0,-0.01,-1,-1,-0.01,-1,-1,-0.01,-1,-1,-0.01,-1,-1,-0.01,-1,-1,-0.01,-1,-1,-0.01,-1,-1,-0.01,-1,-1,-0.01,-1,-1,-0.01,-1,-1
99926009,2026-05-18 10:49:15+05:30,52932.9,0,0.0,0,0.0,0.0,53282.15,53308.4,52783.45,53710.35,0,0.0,0.0,0.0,0.0,-0.01,-1,-1,-0.01,-1,-1,-0.01,-1,-1,-0.01,-1,-1,-0.01,-1,-1,-0.01,-1,-1,-0.01,-1,-1,-0.01,-1,-1,-0.01,-1,-1,-0.01,-1,-1
99926009,2026-05-18 10:49:16+05:30,52932.65,0,0.0,0,0.0,0.0,53282.15,53308.4,52783.45,53710.35,0,0.0,0.0,0.0,0.0,-0.01,-1,-1,-0.01,-1,-1,-0.01,-1,-1,-0.01,-1,-1,-0.01,-1,-1,-0.01,-1,-1,-0.01,-1,-1,-0.01,-1,-1,-0.01,-1,-1,-0.01,-1,-1
99926009,2026-05-18 10:49:16+05:30,52932.15,0,0.0,0,0.0,0.0,53282.15,53308.4,52783.45,53710.35,0,0.0,0.0,0.0,0.0,-0.01,-1,-1,-0.01,-1,-1,-0.01,-1,-1,-0.01,-1,-1,-0.01,-1,-1,-0.01,-1,-1,-0.01,-1,-1,-0.01,-1,-1,-0.01,-1,-1,-0.01,-1,-1
99926009,2026-05-18 10:49:17+05:30,52933.85,0,0.0,0,0.0,0.0,53282.15,53308.4,52783.45,53710.35,0,0.0,0.0,0.0,0.0,-0.01,-1,-1,-0.01,-1,-1,-0.01,-1,-1,-0.01,-1,-1,-0.01,-1,-1,-0.01,-1,-1,-0.01,-1,-1,-0.01,-1,-1,-0.01,-1,-1,-0.01,-1,-1
99926009,2026-05-18 10:49:17+05:30,52930.95,0,0.0,0,0.0,0.0,53282.15,53308.4,52783.45,53710.35,0,0.0,0.0,0.0,0.0,-0.01,-1,-1,-0.01,-1,-1,-0.01,-1,-1,-0.01,-1,-1,-0.01,-1,-1,-0.01,-1,-1,-0.01,-1,-1,-0.01,-1,-1,-0.01,-1,-1,-0.01,-1,-1
99926009,2026-05-18 10:49:18+05:30,52928.8,0,0.0,0,0.0,0.0,53282.15,53308.4,52783.45,53710.35,0,0.0,0.0,0.0,0.0,-0.01,-1,-1,-0.01,-1,-1,-0.01,-1,-1,-0.01,-1,-1,-0.01,-1,-1,-0.01,-1,-1,-0.01,-1,-1,-0.01,-1,-1,-0.01,-1,-1,-0.01,-1,-1
99926009,2026-05-18 10:49:18+05:30,52931.25,0,0.0,0,0.0,0.0,53282.15,53308.4,52783.45,53710.35,0,0.0,0.0,0.0,0.0,-0.01,-1,-1,-0.01,-1,-1,-0.01,-1,-1,-0.01,-1,-1,-0.01,-1,-1,-0.01,-1,-1,-0.01,-1,-1,-0.01,-1,-1,-0.01,-1,-1,-0.01,-1,-1
99926009,2026-05-18 10:49:19+05:30,52932.65,0,0.0,0,0.0,0.0,53282.15,53308.4,52783.45,53710.35,0,0.0,0.0,0.0,0.0,-0.01,-1,-1,-0.01,-1,-1,-0.01,-1,-1,-0.01,-1,-1,-0.01,-1,-1,-0.01,-1,-1,-0.01,-1,-1,-0.01,-1,-1,-0.01,-1,-1,-0.01,-1,-1
99926009,2026-05-18 10:49:19+05:30,52932.2,0,0.0,0,0.0,0.0,53282.15,53308.4,52783.45,53710.35,0,0.0,0.0,0.0,0.0,-0.01,-1,-1,-0.01,-1,-1,-0.01,-1,-1,-0.01,-1,-1,-0.01,-1,-1,-0.01,-1,-1,-0.01,-1,-1,-0.01,-1,-1,-0.01,-1,-1,-0.01,-1,-1
99926009,2026-05-18 10:49:20+05:30,52932.0,0,0.0,0,0.0,0.0,53282.15,53308.4,52783.45,53710.35,0,0.0,0.0,0.0,0.0,-0.01,-1,-1,-0.01,-1,-1,-0.01,-1,-1,-0.01,-1,-1,-0.01,-1,-1,-0.01,-1,-1,-0.01,-1,-1,-0.01,-1,-1,-0.01,-1,-1,-0.01,-1,-1
99926009,2026-05-18 10:49:20+05:30,52931.0,0,0.0,0,0.0,0.0,53282.15,53308.4,52783.45,53710.35,0,0.0,0.0,0.0,0.0,-0.01,-1,-1,-0.01,-1,-1,-0.01,-1,-1,-0.01,-1,-1,-0.01,-1,-1,-0.01,-1,-1,-0.01,-1,-1,-0.01,-1,-1,-0.01,-1,-1,-0.01,-1,-1
99926009,2026-05-18 10:49:21+05:30,52934.1,0,0.0,0,0.0,0.0,53282.15,53308.4,52783.45,53710.35,0,0.0,0.0,0.0,0.0,-0.01,-1,-1,-0.01,-1,-1,-0.01,-1,-1,-0.01,-1,-1,-0.01,-1,-1,-0.01,-1,-1,-0.01,-1,-1,-0.01,-1,-1,-0.01,-1,-1,-0.01,-1,-1
99926009,2026-05-18 10:49:21+05:30,52932.1,0,0.0,0,0.0,0.0,53282.15,53308.4,52783.45,53710.35,0,0.0,0.0,0.0,0.0,-0.01,-1,-1,-0.01,-1,-1,-0.01,-1,-1,-0.01,-1,-1,-0.01,-1,-1,-0.01,-1,-1,-0.01,-1,-1,-0.01,-1,-1,-0.01,-1,-1,-0.01,-1,-1
99926009,2026-05-18 10:49:22+05:30,52931.8,0,0.0,0,0.0,0.0,53282.15,53308.4,52783.45,53710.35,0,0.0,0.0,0.0,0.0,-0.01,-1,-1,-0.01,-1,-1,-0.01,-1,-1,-0.01,-1,-1,-0.01,-1,-1,-0.01,-1,-1,-0.01,-1,-1,-0.01,-1,-1,-0.01,-1,-1,-0.01,-1,-1
99926009,2026-05-18 10:49:22+05:30,52930.75,0,0.0,0,0.0,0.0,53282.15,53308.4,52783.45,53710.35,0,0.0,0.0,0.0,0.0,-0.01,-1,-1,-0.01,-1,-1,-0.01,-1,-1,-0.01,-1,-1,-0.01,-1,-1,-0.01,-1,-1,-0.01,-1,-1,-0.01,-1,-1,-0.01,-1,-1,-0.01,-1,-1
99926009,2026-05-18 10:49:23+05:30,52930.1,0,0.0,0,0.0,0.0,53282.15,53308.4,52783.45,53710.35,0,0.0,0.0,0.0,0.0,-0.01,-1,-1,-0.01,-1,-1,-0.01,-1,-1,-0.01,-1,-1,-0.01,-1,-1,-0.01,-1,-1,-0.01,-1,-1,-0.01,-1,-1,-0.01,-1,-1,-0.01,-1,-1
99926009,2026-05-18 10:49:23+05:30,52929.75,0,0.0,0,0.0,0.0,53282.15,53308.4,52783.45,53710.35,0,0.0,0.0,0.0,0.0,-0.01,-1,-1,-0.01,-1,-1,-0.01,-1,-1,-0.01,-1,-1,-0.01,-1,-1,-0.01,-1,-1,-0.01,-1,-1,-0.01,-1,-1,-0.01,-1,-1,-0.01,-1,-1
99926009,2026-05-18 10:49:24+05:30,52929.3,0,0.0,0,0.0,0.0,53282.15,53308.4,52783.45,53710.35,0,0.0,0.0,0.0,0.0,-0.01,-1,-1,-0.01,-1,-1,-0.01,-1,-1,-0.01,-1,-1,-0.01,-1,-1,-0.01,-1,-1,-0.01,-1,-1,-0.01,-1,-1,-0.01,-1,-1,-0.01,-1,-1
99926009,2026-05-18 10:49:24+05:30,52929.3,0,0.0,0,0.0,0.0,53282.15,53308.4,52783.45,53710.35,0,0.0,0.0,0.0,0.0,-0.01,-1,-1,-0.01,-1,-1,-0.01,-1,-1,-0.01,-1,-1,-0.01,-1,-1,-0.01,-1,-1,-0.01,-1,-1,-0.01,-1,-1,-0.01,-1,-1,-0.01,-1,-1
99926009,2026-05-18 10:49:25+05:30,52930.15,0,0.0,0,0.0,0.0,53282.15,53308.4,52783.45,53710.35,0,0.0,0.0,0.0,0.0,-0.01,-1,-1,-0.01,-1,-1,-0.01,-1,-1,-0.01,-1,-1,-0.01,-1,-1,-0.01,-1,-1,-0.01,-1,-1,-0.01,-1,-1,-0.01,-1,-1,-0.01,-1,-1
99926009,2026-05-18 10:49:25+05:30,52929.75,0,0.0,0,0.0,0.0,53282.15,53308.4,52783.45,53710.35,0,0.0,0.0,0.0,0.0,-0.01,-1,-1,-0.01,-1,-1,-0.01,-1,-1,-0.01,-1,-1,-0.01,-1,-1,-0.01,-1,-1,-0.01,-1,-1,-0.01,-1,-1,-0.01,-1,-1,-0.01,-1,-1
99926009,2026-05-18 10:49:26+05:30,52929.45,0,0.0,0,0.0,0.0,53282.15,53308.4,52783.45,53710.35,0,0.0,0.0,0.0,0.0,-0.01,-1,-1,-0.01,-1,-1,-0.01,-1,-1,-0.01,-1,-1,-0.01,-1,-1,-0.01,-1,-1,-0.01,-1,-1,-0.01,-1,-1,-0.01,-1,-1,-0.01,-1,-1
99926009,2026-05-18 10:49:26+05:30,52928.65,0,0.0,0,0.0,0.0,53282.15,53308.4,52783.45,53710.35,0,0.0,0.0,0.0,0.0,-0.01,-1,-1,-0.01,-1,-1,-0.01,-1,-1,-0.01,-1,-1,-0.01,-1,-1,-0.01,-1,-1,-0.01,-1,-1,-0.01,-1,-1,-0.01,-1,-1,-0.01,-1,-1
99926009,2026-05-18 10:49:27+05:30,52930.15,0,0.0,0,0.0,0.0,53282.15,53308.4,52783.45,53710.35,0,0.0,0.0,0.0,0.0,-0.01,-1,-1,-0.01,-1,-1,-0.01,-1,-1,-0.01,-1,-1,-0.01,-1,-1,-0.01,-1,-1,-0.01,-1,-1,-0.01,-1,-1,-0.01,-1,-1,-0.01,-1,-1
99926009,2026-05-18 10:49:27+05:30,52929.5,0,0.0,0,0.0,0.0,53282.15,53308.4,52783.45,53710.35,0,0.0,0.0,0.0,0.0,-0.01,-1,-1,-0.01,-1,-1,-0.01,-1,-1,-0.01,-1,-1,-0.01,-1,-1,-0.01,-1,-1,-0.01,-1,-1,-0.01,-1,-1,-0.01,-1,-1,-0.01,-1,-1
99926009,2026-05-18 10:49:28+05:30,52928.85,0,0.0,0,0.0,0.0,53282.15,53308.4,52783.45,53710.35,0,0.0,0.0,0.0,0.0,-0.01,-1,-1,-0.01,-1,-1,-0.01,-1,-1,-0.01,-1,-1,-0.01,-1,-1,-0.01,-1,-1,-0.01,-1,-1,-0.01,-1,-1,-0.01,-1,-1,-0.01,-1,-1
99926009,2026-05-18 10:49:28+05:30,52929.4,0,0.0,0,0.0,0.0,53282.15,53308.4,52783.45,53710.35,0,0.0,0.0,0.0,0.0,-0.01,-1,-1,-0.01,-1,-1,-0.01,-1,-1,-0.01,-1,-1,-0.01,-1,-1,-0.01,-1,-1,-0.01,-1,-1,-0.01,-1,-1,-0.01,-1,-1,-0.01,-1,-1
99926009,2026-05-18 10:49:29+05:30,52927.95,0,0.0,0,0.0,0.0,53282.15,53308.4,52783.45,53710.35,0,0.0,0.0,0.0,0.0,-0.01,-1,-1,-0.01,-1,-1,-0.01,-1,-1,-0.01,-1,-1,-0.01,-1,-1,-0.01,-1,-1,-0.01,-1,-1,-0.01,-1,-1,-0.01,-1,-1,-0.01,-1,-1
99926009,2026-05-18 10:49:29+05:30,52926.65,0,0.0,0,0.0,0.0,53282.15,53308.4,52783.45,53710.35,0,0.0,0.0,0.0,0.0,-0.01,-1,-1,-0.01,-1,-1,-0.01,-1,-1,-0.01,-1,-1,-0.01,-1,-1,-0.01,-1,-1,-0.01,-1,-1,-0.01,-1,-1,-0.01,-1,-1,-0.01,-1,-1
99926009,2026-05-18 10:49:30+05:30,52927.6,0,0.0,0,0.0,0.0,53282.15,53308.4,52783.45,53710.35,0,0.0,0.0,0.0,0.0,-0.01,-1,-1,-0.01,-1,-1,-0.01,-1,-1,-0.01,-1,-1,-0.01,-1,-1,-0.01,-1,-1,-0.01,-1,-1,-0.01,-1,-1,-0.01,-1,-1,-0.01,-1,-1
99926009,2026-05-18 10:49:30+05:30,52929.65,0,0.0,0,0.0,0.0,53282.15,53308.4,52783.45,53710.35,0,0.0,0.0,0.0,0.0,-0.01,-1,-1,-0.01,-1,-1,-0.01,-1,-1,-0.01,-1,-1,-0.01,-1,-1,-0.01,-1,-1,-0.01,-1,-1,-0.01,-1,-1,-0.01,-1,-1,-0.01,-1,-1
99926009,2026-05-18 10:49:31+05:30,52929.85,0,0.0,0,0.0,0.0,53282.15,53308.4,52783.45,53710.35,0,0.0,0.0,0.0,0.0,-0.01,-1,-1,-0.01,-1,-1,-0.01,-1,-1,-0.01,-1,-1,-0.01,-1,-1,-0.01,-1,-1,-0.01,-1,-1,-0.01,-1,-1,-0.01,-1,-1,-0.01,-1,-1
99926009,2026-05-18 10:49:31+05:30,52929.15,0,0.0,0,0.0,0.0,53282.15,53308.4,52783.45,53710.35,0,0.0,0.0,0.0,0.0,-0.01,-1,-1,-0.01,-1,-1,-0.01,-1,-1,-0.01,-1,-1,-0.01,-1,-1,-0.01,-1,-1,-0.01,-1,-1,-0.01,-1,-1,-0.01,-1,-1,-0.01,-1,-1
99926009,2026-05-18 10:49:32+05:30,52928.6,0,0.0,0,0.0,0.0,53282.15,53308.4,52783.45,53710.35,0,0.0,0.0,0.0,0.0,-0.01,-1,-1,-0.01,-1,-1,-0.01,-1,-1,-0.01,-1,-1,-0.01,-1,-1,-0.01,-1,-1,-0.01,-1,-1,-0.01,-1,-1,-0.01,-1,-1,-0.01,-1,-1
99926009,2026-05-18 10:49:32+05:30,52930.35,0,0.0,0,0.0,0.0,53282.15,53308.4,52783.45,53710.35,0,0.0,0.0,0.0,0.0,-0.01,-1,-1,-0.01,-1,-1,-0.01,-1,-1,-0.01,-1,-1,-0.01,-1,-1,-0.01,-1,-1,-0.01,-1,-1,-0.01,-1,-1,-0.01,-1,-1,-0.01,-1,-1
99926009,2026-05-18 10:49:33+05:30,52928.25,0,0.0,0,0.0,0.0,53282.15,53308.4,52783.45,53710.35,0,0.0,0.0,0.0,0.0,-0.01,-1,-1,-0.01,-1,-1,-0.01,-1,-1,-0.01,-1,-1,-0.01,-1,-1,-0.01,-1,-1,-0.01,-1,-1,-0.01,-1,-1,-0.01,-1,-1,-0.01,-1,-1
99926009,2026-05-18 10:49:33+05:30,52928.8,0,0.0,0,0.0,0.0,53282.15,53308.4,52783.45,53710.35,0,0.0,0.0,0.0,0.0,-0.01,-1,-1,-0.01,-1,-1,-0.01,-1,-1,-0.01,-1,-1,-0.01,-1,-1,-0.01,-1,-1,-0.01,-1,-1,-0.01,-1,-1,-0.01,-1,-1,-0.01,-1,-1
99926009,2026-05-18 10:49:34+05:30,52925.9,0,0.0,0,0.0,0.0,53282.15,53308.4,52783.45,53710.35,0,0.0,0.0,0.0,0.0,-0.01,-1,-1,-0.01,-1,-1,-0.01,-1,-1,-0.01,-1,-1,-0.01,-1,-1,-0.01,-1,-1,-0.01,-1,-1,-0.01,-1,-1,-0.01,-1,-1,-0.01,-1,-1
99926009,2026-05-18 10:49:34+05:30,52911.0,0,0.0,0,0.0,0.0,53282.15,53308.4,52783.45,53710.35,0,0.0,0.0,0.0,0.0,-0.01,-1,-1,-0.01,-1,-1,-0.01,-1,-1,-0.01,-1,-1,-0.01,-1,-1,-0.01,-1,-1,-0.01,-1,-1,-0.01,-1,-1,-0.01,-1,-1,-0.01,-1,-1
99926009,2026-05-18 10:49:35+05:30,52916.35,0,0.0,0,0.0,0.0,53282.15,53308.4,52783.45,53710.35,0,0.0,0.0,0.0,0.0,-0.01,-1,-1,-0.01,-1,-1,-0.01,-1,-1,-0.01,-1,-1,-0.01,-1,-1,-0.01,-1,-1,-0.01,-1,-1,-0.01,-1,-1,-0.01,-1,-1,-0.01,-1,-1
99926009,2026-05-18 10:49:35+05:30,52915.8,0,0.0,0,0.0,0.0,53282.15,53308.4,52783.45,53710.35,0,0.0,0.0,0.0,0.0,-0.01,-1,-1,-0.01,-1,-1,-0.01,-1,-1,-0.01,-1,-1,-0.01,-1,-1,-0.01,-1,-1,-0.01,-1,-1,-0.01,-1,-1,-0.01,-1,-1,-0.01,-1,-1
99926009,2026-05-18 10:49:36+05:30,52908.3,0,0.0,0,0.0,0.0,53282.15,53308.4,52783.45,53710.35,0,0.0,0.0,0.0,0.0,-0.01,-1,-1,-0.01,-1,-1,-0.01,-1,-1,-0.01,-1,-1,-0.01,-1,-1,-0.01,-1,-1,-0.01,-1,-1,-0.01,-1,-1,-0.01,-1,-1,-0.01,-1,-1
99926009,2026-05-18 10:49:36+05:30,52905.0,0,0.0,0,0.0,0.0,53282.15,53308.4,52783.45,53710.35,0,0.0,0.0,0.0,0.0,-0.01,-1,-1,-0.01,-1,-1,-0.01,-1,-1,-0.01,-1,-1,-0.01,-1,-1,-0.01,-1,-1,-0.01,-1,-1,-0.01,-1,-1,-0.01,-1,-1,-0.01,-1,-1
99926009,2026-05-18 10:49:37+05:30,52910.85,0,0.0,0,0.0,0.0,53282.15,53308.4,52783.45,53710.35,0,0.0,0.0,0.0,0.0,-0.01,-1,-1,-0.01,-1,-1,-0.01,-1,-1,-0.01,-1,-1,-0.01,-1,-1,-0.01,-1,-1,-0.01,-1,-1,-0.01,-1,-1,-0.01,-1,-1,-0.01,-1,-1
99926009,2026-05-18 10:49:37+05:30,52904.25,0,0.0,0,0.0,0.0,53282.15,53308.4,52783.45,53710.35,0,0.0,0.0,0.0,0.0,-0.01,-1,-1,-0.01,-1,-1,-0.01,-1,-1,-0.01,-1,-1,-0.01,-1,-1,-0.01,-1,-1,-0.01,-1,-1,-0.01,-1,-1,-0.01,-1,-1,-0.01,-1,-1
99926009,2026-05-18 10:49:38+05:30,52905.05,0,0.0,0,0.0,0.0,53282.15,53308.4,52783.45,53710.35,0,0.0,0.0,0.0,0.0,-0.01,-1,-1,-0.01,-1,-1,-0.01,-1,-1,-0.01,-1,-1,-0.01,-1,-1,-0.01,-1,-1,-0.01,-1,-1,-0.01,-1,-1,-0.01,-1,-1,-0.01,-1,-1
99926009,2026-05-18 10:49:38+05:30,52907.6,0,0.0,0,0.0,0.0,53282.15,53308.4,52783.45,53710.35,0,0.0,0.0,0.0,0.0,-0.01,-1,-1,-0.01,-1,-1,-0.01,-1,-1,-0.01,-1,-1,-0.01,-1,-1,-0.01,-1,-1,-0.01,-1,-1,-0.01,-1,-1,-0.01,-1,-1,-0.01,-1,-1
99926009,2026-05-18 10:49:39+05:30,52906.15,0,0.0,0,0.0,0.0,53282.15,53308.4,52783.45,53710.35,0,0.0,0.0,0.0,0.0,-0.01,-1,-1,-0.01,-1,-1,-0.01,-1,-1,-0.01,-1,-1,-0.01,-1,-1,-0.01,-1,-1,-0.01,-1,-1,-0.01,-1,-1,-0.01,-1,-1,-0.01,-1,-1
99926009,2026-05-18 10:49:39+05:30,52907.55,0,0.0,0,0.0,0.0,53282.15,53308.4,52783.45,53710.35,0,0.0,0.0,0.0,0.0,-0.01,-1,-1,-0.01,-1,-1,-0.01,-1,-1,-0.01,-1,-1,-0.01,-1,-1,-0.01,-1,-1,-0.01,-1,-1,-0.01,-1,-1,-0.01,-1,-1,-0.01,-1,-1
99926009,2026-05-18 10:49:40+05:30,52910.95,0,0.0,0,0.0,0.0,53282.15,53308.4,52783.45,53710.35,0,0.0,0.0,0.0,0.0,-0.01,-1,-1,-0.01,-1,-1,-0.01,-1,-1,-0.01,-1,-1,-0.01,-1,-1,-0.01,-1,-1,-0.01,-1,-1,-0.01,-1,-1,-0.01,-1,-1,-0.01,-1,-1
99926009,2026-05-18 10:49:40+05:30,52913.55,0,0.0,0,0.0,0.0,53282.15,53308.4,52783.45,53710.35,0,0.0,0.0,0.0,0.0,-0.01,-1,-1,-0.01,-1,-1,-0.01,-1,-1,-0.01,-1,-1,-0.01,-1,-1,-0.01,-1,-1,-0.01,-1,-1,-0.01,-1,-1,-0.01,-1,-1,-0.01,-1,-1
99926009,2026-05-18 10:49:41+05:30,52914.25,0,0.0,0,0.0,0.0,53282.15,53308.4,52783.45,53710.35,0,0.0,0.0,0.0,0.0,-0.01,-1,-1,-0.01,-1,-1,-0.01,-1,-1,-0.01,-1,-1,-0.01,-1,-1,-0.01,-1,-1,-0.01,-1,-1,-0.01,-1,-1,-0.01,-1,-1,-0.01,-1,-1
99926009,2026-05-18 10:49:41+05:30,52912.35,0,0.0,0,0.0,0.0,53282.15,53308.4,52783.45,53710.35,0,0.0,0.0,0.0,0.0,-0.01,-1,-1,-0.01,-1,-1,-0.01,-1,-1,-0.01,-1,-1,-0.01,-1,-1,-0.01,-1,-1,-0.01,-1,-1,-0.01,-1,-1,-0.01,-1,-1,-0.01,-1,-1
99926009,2026-05-18 10:49:42+05:30,52913.45,0,0.0,0,0.0,0.0,53282.15,53308.4,52783.45,53710.35,0,0.0,0.0,0.0,0.0,-0.01,-1,-1,-0.01,-1,-1,-0.01,-1,-1,-0.01,-1,-1,-0.01,-1,-1,-0.01,-1,-1,-0.01,-1,-1,-0.01,-1,-1,-0.01,-1,-1,-0.01,-1,-1
99926009,2026-05-18 10:49:42+05:30,52915.8,0,0.0,0,0.0,0.0,53282.15,53308.4,52783.45,53710.35,0,0.0,0.0,0.0,0.0,-0.01,-1,-1,-0.01,-1,-1,-0.01,-1,-1,-0.01,-1,-1,-0.01,-1,-1,-0.01,-1,-1,-0.01,-1,-1,-0.01,-1,-1,-0.01,-1,-1,-0.01,-1,-1
99926009,2026-05-18 10:49:43+05:30,52915.3,0,0.0,0,0.0,0.0,53282.15,53308.4,52783.45,53710.35,0,0.0,0.0,0.0,0.0,-0.01,-1,-1,-0.01,-1,-1,-0.01,-1,-1,-0.01,-1,-1,-0.01,-1,-1,-0.01,-1,-1,-0.01,-1,-1,-0.01,-1,-1,-0.01,-1,-1,-0.01,-1,-1
99926009,2026-05-18 10:49:43+05:30,52917.4,0,0.0,0,0.0,0.0,53282.15,53308.4,52783.45,53710.35,0,0.0,0.0,0.0,0.0,-0.01,-1,-1,-0.01,-1,-1,-0.01,-1,-1,-0.01,-1,-1,-0.01,-1,-1,-0.01,-1,-1,-0.01,-1,-1,-0.01,-1,-1,-0.01,-1,-1,-0.01,-1,-1
99926009,2026-05-18 10:49:44+05:30,52915.9,0,0.0,0,0.0,0.0,53282.15,53308.4,52783.45,53710.35,0,0.0,0.0,0.0,0.0,-0.01,-1,-1,-0.01,-1,-1,-0.01,-1,-1,-0.01,-1,-1,-0.01,-1,-1,-0.01,-1,-1,-0.01,-1,-1,-0.01,-1,-1,-0.01,-1,-1,-0.01,-1,-1
99926009,2026-05-18 10:49:44+05:30,52915.9,0,0.0,0,0.0,0.0,53282.15,53308.4,52783.45,53710.35,0,0.0,0.0,0.0,0.0,-0.01,-1,-1,-0.01,-1,-1,-0.01,-1,-1,-0.01,-1,-1,-0.01,-1,-1,-0.01,-1,-1,-0.01,-1,-1,-0.01,-1,-1,-0.01,-1,-1,-0.01,-1,-1
99926009,2026-05-18 10:49:45+05:30,52918.85,0,0.0,0,0.0,0.0,53282.15,53308.4,52783.45,53710.35,0,0.0,0.0,0.0,0.0,-0.01,-1,-1,-0.01,-1,-1,-0.01,-1,-1,-0.01,-1,-1,-0.01,-1,-1,-0.01,-1,-1,-0.01,-1,-1,-0.01,-1,-1,-0.01,-1,-1,-0.01,-1,-1
99926009,2026-05-18 10:49:45+05:30,52916.15,0,0.0,0,0.0,0.0,53282.15,53308.4,52783.45,53710.35,0,0.0,0.0,0.0,0.0,-0.01,-1,-1,-0.01,-1,-1,-0.01,-1,-1,-0.01,-1,-1,-0.01,-1,-1,-0.01,-1,-1,-0.01,-1,-1,-0.01,-1,-1,-0.01,-1,-1,-0.01,-1,-1
99926009,2026-05-18 10:49:46+05:30,52915.5,0,0.0,0,0.0,0.0,53282.15,53308.4,52783.45,53710.35,0,0.0,0.0,0.0,0.0,-0.01,-1,-1,-0.01,-1,-1,-0.01,-1,-1,-0.01,-1,-1,-0.01,-1,-1,-0.01,-1,-1,-0.01,-1,-1,-0.01,-1,-1,-0.01,-1,-1,-0.01,-1,-1
99926009,2026-05-18 10:49:46+05:30,52917.4,0,0.0,0,0.0,0.0,53282.15,53308.4,52783.45,53710.35,0,0.0,0.0,0.0,0.0,-0.01,-1,-1,-0.01,-1,-1,-0.01,-1,-1,-0.01,-1,-1,-0.01,-1,-1,-0.01,-1,-1,-0.01,-1,-1,-0.01,-1,-1,-0.01,-1,-1,-0.01,-1,-1
99926009,2026-05-18 10:49:47+05:30,52915.2,0,0.0,0,0.0,0.0,53282.15,53308.4,52783.45,53710.35,0,0.0,0.0,0.0,0.0,-0.01,-1,-1,-0.01,-1,-1,-0.01,-1,-1,-0.01,-1,-1,-0.01,-1,-1,-0.01,-1,-1,-0.01,-1,-1,-0.01,-1,-1,-0.01,-1,-1,-0.01,-1,-1
99926009,2026-05-18 10:49:47+05:30,52915.1,0,0.0,0,0.0,0.0,53282.15,53308.4,52783.45,53710.35,0,0.0,0.0,0.0,0.0,-0.01,-1,-1,-0.01,-1,-1,-0.01,-1,-1,-0.01,-1,-1,-0.01,-1,-1,-0.01,-1,-1,-0.01,-1,-1,-0.01,-1,-1,-0.01,-1,-1,-0.01,-1,-1
99926009,2026-05-18 10:49:48+05:30,52916.65,0,0.0,0,0.0,0.0,53282.15,53308.4,52783.45,53710.35,0,0.0,0.0,0.0,0.0,-0.01,-1,-1,-0.01,-1,-1,-0.01,-1,-1,-0.01,-1,-1,-0.01,-1,-1,-0.01,-1,-1,-0.01,-1,-1,-0.01,-1,-1,-0.01,-1,-1,-0.01,-1,-1
99926009,2026-05-18 10:49:48+05:30,52921.7,0,0.0,0,0.0,0.0,53282.15,53308.4,52783.45,53710.35,0,0.0,0.0,0.0,0.0,-0.01,-1,-1,-0.01,-1,-1,-0.01,-1,-1,-0.01,-1,-1,-0.01,-1,-1,-0.01,-1,-1,-0.01,-1,-1,-0.01,-1,-1,-0.01,-1,-1,-0.01,-1,-1
99926009,2026-05-18 10:49:49+05:30,52922.75,0,0.0,0,0.0,0.0,53282.15,53308.4,52783.45,53710.35,0,0.0,0.0,0.0,0.0,-0.01,-1,-1,-0.01,-1,-1,-0.01,-1,-1,-0.01,-1,-1,-0.01,-1,-1,-0.01,-1,-1,-0.01,-1,-1,-0.01,-1,-1,-0.01,-1,-1,-0.01,-1,-1
99926009,2026-05-18 10:49:49+05:30,52917.15,0,0.0,0,0.0,0.0,53282.15,53308.4,52783.45,53710.35,0,0.0,0.0,0.0,0.0,-0.01,-1,-1,-0.01,-1,-1,-0.01,-1,-1,-0.01,-1,-1,-0.01,-1,-1,-0.01,-1,-1,-0.01,-1,-1,-0.01,-1,-1,-0.01,-1,-1,-0.01,-1,-1
99926009,2026-05-18 10:49:50+05:30,52920.75,0,0.0,0,0.0,0.0,53282.15,53308.4,52783.45,53710.35,0,0.0,0.0,0.0,0.0,-0.01,-1,-1,-0.01,-1,-1,-0.01,-1,-1,-0.01,-1,-1,-0.01,-1,-1,-0.01,-1,-1,-0.01,-1,-1,-0.01,-1,-1,-0.01,-1,-1,-0.01,-1,-1
99926009,2026-05-18 10:49:50+05:30,52919.65,0,0.0,0,0.0,0.0,53282.15,53308.4,52783.45,53710.35,0,0.0,0.0,0.0,0.0,-0.01,-1,-1,-0.01,-1,-1,-0.01,-1,-1,-0.01,-1,-1,-0.01,-1,-1,-0.01,-1,-1,-0.01,-1,-1,-0.01,-1,-1,-0.01,-1,-1,-0.01,-1,-1
99926009,2026-05-18 10:49:51+05:30,52920.35,0,0.0,0,0.0,0.0,53282.15,53308.4,52783.45,53710.35,0,0.0,0.0,0.0,0.0,-0.01,-1,-1,-0.01,-1,-1,-0.01,-1,-1,-0.01,-1,-1,-0.01,-1,-1,-0.01,-1,-1,-0.01,-1,-1,-0.01,-1,-1,-0.01,-1,-1,-0.01,-1,-1
99926009,2026-05-18 10:49:51+05:30,52919.75,0,0.0,0,0.0,0.0,53282.15,53308.4,52783.45,53710.35,0,0.0,0.0,0.0,0.0,-0.01,-1,-1,-0.01,-1,-1,-0.01,-1,-1,-0.01,-1,-1,-0.01,-1,-1,-0.01,-1,-1,-0.01,-1,-1,-0.01,-1,-1,-0.01,-1,-1,-0.01,-1,-1
99926009,2026-05-18 10:49:52+05:30,52920.45,0,0.0,0,0.0,0.0,53282.15,53308.4,52783.45,53710.35,0,0.0,0.0,0.0,0.0,-0.01,-1,-1,-0.01,-1,-1,-0.01,-1,-1,-0.01,-1,-1,-0.01,-1,-1,-0.01,-1,-1,-0.01,-1,-1,-0.01,-1,-1,-0.01,-1,-1,-0.01,-1,-1
99926009,2026-05-18 10:49:52+05:30,52920.9,0,0.0,0,0.0,0.0,53282.15,53308.4,52783.45,53710.35,0,0.0,0.0,0.0,0.0,-0.01,-1,-1,-0.01,-1,-1,-0.01,-1,-1,-0.01,-1,-1,-0.01,-1,-1,-0.01,-1,-1,-0.01,-1,-1,-0.01,-1,-1,-0.01,-1,-1,-0.01,-1,-1
99926009,2026-05-18 10:49:53+05:30,52917.55,0,0.0,0,0.0,0.0,53282.15,53308.4,52783.45,53710.35,0,0.0,0.0,0.0,0.0,-0.01,-1,-1,-0.01,-1,-1,-0.01,-1,-1,-0.01,-1,-1,-0.01,-1,-1,-0.01,-1,-1,-0.01,-1,-1,-0.01,-1,-1,-0.01,-1,-1,-0.01,-1,-1
99926009,2026-05-18 10:49:53+05:30,52912.9,0,0.0,0,0.0,0.0,53282.15,53308.4,52783.45,53710.35,0,0.0,0.0,0.0,0.0,-0.01,-1,-1,-0.01,-1,-1,-0.01,-1,-1,-0.01,-1,-1,-0.01,-1,-1,-0.01,-1,-1,-0.01,-1,-1,-0.01,-1,-1,-0.01,-1,-1,-0.01,-1,-1
99926009,2026-05-18 10:49:54+05:30,52916.05,0,0.0,0,0.0,0.0,53282.15,53308.4,52783.45,53710.35,0,0.0,0.0,0.0,0.0,-0.01,-1,-1,-0.01,-1,-1,-0.01,-1,-1,-0.01,-1,-1,-0.01,-1,-1,-0.01,-1,-1,-0.01,-1,-1,-0.01,-1,-1,-0.01,-1,-1,-0.01,-1,-1
99926009,2026-05-18 10:49:54+05:30,52914.45,0,0.0,0,0.0,0.0,53282.15,53308.4,52783.45,53710.35,0,0.0,0.0,0.0,0.0,-0.01,-1,-1,-0.01,-1,-1,-0.01,-1,-1,-0.01,-1,-1,-0.01,-1,-1,-0.01,-1,-1,-0.01,-1,-1,-0.01,-1,-1,-0.01,-1,-1,-0.01,-1,-1
99926009,2026-05-18 10:49:55+05:30,52914.7,0,0.0,0,0.0,0.0,53282.15,53308.4,52783.45,53710.35,0,0.0,0.0,0.0,0.0,-0.01,-1,-1,-0.01,-1,-1,-0.01,-1,-1,-0.01,-1,-1,-0.01,-1,-1,-0.01,-1,-1,-0.01,-1,-1,-0.01,-1,-1,-0.01,-1,-1,-0.01,-1,-1
99926009,2026-05-18 10:49:55+05:30,52912.8,0,0.0,0,0.0,0.0,53282.15,53308.4,52783.45,53710.35,0,0.0,0.0,0.0,0.0,-0.01,-1,-1,-0.01,-1,-1,-0.01,-1,-1,-0.01,-1,-1,-0.01,-1,-1,-0.01,-1,-1,-0.01,-1,-1,-0.01,-1,-1,-0.01,-1,-1,-0.01,-1,-1
99926009,2026-05-18 10:49:56+05:30,52916.0,0,0.0,0,0.0,0.0,53282.15,53308.4,52783.45,53710.35,0,0.0,0.0,0.0,0.0,-0.01,-1,-1,-0.01,-1,-1,-0.01,-1,-1,-0.01,-1,-1,-0.01,-1,-1,-0.01,-1,-1,-0.01,-1,-1,-0.01,-1,-1,-0.01,-1,-1,-0.01,-1,-1
99926009,2026-05-18 10:49:56+05:30,52915.5,0,0.0,0,0.0,0.0,53282.15,53308.4,52783.45,53710.35,0,0.0,0.0,0.0,0.0,-0.01,-1,-1,-0.01,-1,-1,-0.01,-1,-1,-0.01,-1,-1,-0.01,-1,-1,-0.01,-1,-1,-0.01,-1,-1,-0.01,-1,-1,-0.01,-1,-1,-0.01,-1,-1
99926009,2026-05-18 10:49:57+05:30,52915.25,0,0.0,0,0.0,0.0,53282.15,53308.4,52783.45,53710.35,0,0.0,0.0,0.0,0.0,-0.01,-1,-1,-0.01,-1,-1,-0.01,-1,-1,-0.01,-1,-1,-0.01,-1,-1,-0.01,-1,-1,-0.01,-1,-1,-0.01,-1,-1,-0.01,-1,-1,-0.01,-1,-1
99926009,2026-05-18 10:49:57+05:30,52917.3,0,0.0,0,0.0,0.0,53282.15,53308.4,52783.45,53710.35,0,0.0,0.0,0.0,0.0,-0.01,-1,-1,-0.01,-1,-1,-0.01,-1,-1,-0.01,-1,-1,-0.01,-1,-1,-0.01,-1,-1,-0.01,-1,-1,-0.01,-1,-1,-0.01,-1,-1,-0.01,-1,-1
99926009,2026-05-18 10:49:58+05:30,52919.4,0,0.0,0,0.0,0.0,53282.15,53308.4,52783.45,53710.35,0,0.0,0.0,0.0,0.0,-0.01,-1,-1,-0.01,-1,-1,-0.01,-1,-1,-0.01,-1,-1,-0.01,-1,-1,-0.01,-1,-1,-0.01,-1,-1,-0.01,-1,-1,-0.01,-1,-1,-0.01,-1,-1
99926009,2026-05-18 10:49:58+05:30,52919.4,0,0.0,0,0.0,0.0,53282.15,53308.4,52783.45,53710.35,0,0.0,0.0,0.0,0.0,-0.01,-1,-1,-0.01,-1,-1,-0.01,-1,-1,-0.01,-1,-1,-0.01,-1,-1,-0.01,-1,-1,-0.01,-1,-1,-0.01,-1,-1,-0.01,-1,-1,-0.01,-1,-1
99926009,2026-05-18 10:49:59+05:30,52919.85,0,0.0,0,0.0,0.0,53282.15,53308.4,52783.45,53710.35,0,0.0,0.0,0.0,0.0,-0.01,-1,-1,-0.01,-1,-1,-0.01,-1,-1,-0.01,-1,-1,-0.01,-1,-1,-0.01,-1,-1,-0.01,-1,-1,-0.01,-1,-1,-0.01,-1,-1,-0.01,-1,-1
99926009,2026-05-18 10:49:59+05:30,52917.95,0,0.0,0,0.0,0.0,53282.15,53308.4,52783.45,53710.35,0,0.0,0.0,0.0,0.0,-0.01,-1,-1,-0.01,-1,-1,-0.01,-1,-1,-0.01,-1,-1,-0.01,-1,-1,-0.01,-1,-1,-0.01,-1,-1,-0.01,-1,-1,-0.01,-1,-1,-0.01,-1,-1
99926009,2026-05-18 10:50:00+05:30,52919.0,0,0.0,0,0.0,0.0,53282.15,53308.4,52783.45,53710.35,0,0.0,0.0,0.0,0.0,-0.01,-1,-1,-0.01,-1,-1,-0.01,-1,-1,-0.01,-1,-1,-0.01,-1,-1,-0.01,-1,-1,-0.01,-1,-1,-0.01,-1,-1,-0.01,-1,-1,-0.01,-1,-1
99926009,2026-05-18 10:50:00+05:30,52920.55,0,0.0,0,0.0,0.0,53282.15,53308.4,52783.45,53710.35,0,0.0,0.0,0.0,0.0,-0.01,-1,-1,-0.01,-1,-1,-0.01,-1,-1,-0.01,-1,-1,-0.01,-1,-1,-0.01,-1,-1,-0.01,-1,-1,-0.01,-1,-1,-0.01,-1,-1,-0.01,-1,-1
99926009,2026-05-18 10:50:01+05:30,52917.45,0,0.0,0,0.0,0.0,53282.15,53308.4,52783.45,53710.35,0,0.0,0.0,0.0,0.0,-0.01,-1,-1,-0.01,-1,-1,-0.01,-1,-1,-0.01,-1,-1,-0.01,-1,-1,-0.01,-1,-1,-0.01,-1,-1,-0.01,-1,-1,-0.01,-1,-1,-0.01,-1,-1
99926009,2026-05-18 10:50:01+05:30,52916.6,0,0.0,0,0.0,0.0,53282.15,53308.4,52783.45,53710.35,0,0.0,0.0,0.0,0.0,-0.01,-1,-1,-0.01,-1,-1,-0.01,-1,-1,-0.01,-1,-1,-0.01,-1,-1,-0.01,-1,-1,-0.01,-1,-1,-0.01,-1,-1,-0.01,-1,-1,-0.01,-1,-1
99926009,2026-05-18 10:50:02+05:30,52916.5,0,0.0,0,0.0,0.0,53282.15,53308.4,52783.45,53710.35,0,0.0,0.0,0.0,0.0,-0.01,-1,-1,-0.01,-1,-1,-0.01,-1,-1,-0.01,-1,-1,-0.01,-1,-1,-0.01,-1,-1,-0.01,-1,-1,-0.01,-1,-1,-0.01,-1,-1,-0.01,-1,-1
99926009,2026-05-18 10:50:02+05:30,52916.75,0,0.0,0,0.0,0.0,53282.15,53308.4,52783.45,53710.35,0,0.0,0.0,0.0,0.0,-0.01,-1,-1,-0.01,-1,-1,-0.01,-1,-1,-0.01,-1,-1,-0.01,-1,-1,-0.01,-1,-1,-0.01,-1,-1,-0.01,-1,-1,-0.01,-1,-1,-0.01,-1,-1
99926009,2026-05-18 10:50:03+05:30,52915.4,0,0.0,0,0.0,0.0,53282.15,53308.4,52783.45,53710.35,0,0.0,0.0,0.0,0.0,-0.01,-1,-1,-0.01,-1,-1,-0.01,-1,-1,-0.01,-1,-1,-0.01,-1,-1,-0.01,-1,-1,-0.01,-1,-1,-0.01,-1,-1,-0.01,-1,-1,-0.01,-1,-1
99926009,2026-05-18 10:50:03+05:30,52918.35,0,0.0,0,0.0,0.0,53282.15,53308.4,52783.45,53710.35,0,0.0,0.0,0.0,0.0,-0.01,-1,-1,-0.01,-1,-1,-0.01,-1,-1,-0.01,-1,-1,-0.01,-1,-1,-0.01,-1,-1,-0.01,-1,-1,-0.01,-1,-1,-0.01,-1,-1,-0.01,-1,-1
99926009,2026-05-18 10:50:04+05:30,52917.9,0,0.0,0,0.0,0.0,53282.15,53308.4,52783.45,53710.35,0,0.0,0.0,0.0,0.0,-0.01,-1,-1,-0.01,-1,-1,-0.01,-1,-1,-0.01,-1,-1,-0.01,-1,-1,-0.01,-1,-1,-0.01,-1,-1,-0.01,-1,-1,-0.01,-1,-1,-0.01,-1,-1
99926009,2026-05-18 10:50:04+05:30,52918.05,0,0.0,0,0.0,0.0,53282.15,53308.4,52783.45,53710.35,0,0.0,0.0,0.0,0.0,-0.01,-1,-1,-0.01,-1,-1,-0.01,-1,-1,-0.01,-1,-1,-0.01,-1,-1,-0.01,-1,-1,-0.01,-1,-1,-0.01,-1,-1,-0.01,-1,-1,-0.01,-1,-1
99926009,2026-05-18 10:50:05+05:30,52918.7,0,0.0,0,0.0,0.0,53282.15,53308.4,52783.45,53710.35,0,0.0,0.0,0.0,0.0,-0.01,-1,-1,-0.01,-1,-1,-0.01,-1,-1,-0.01,-1,-1,-0.01,-1,-1,-0.01,-1,-1,-0.01,-1,-1,-0.01,-1,-1,-0.01,-1,-1,-0.01,-1,-1
99926009,2026-05-18 10:50:05+05:30,52917.9,0,0.0,0,0.0,0.0,53282.15,53308.4,52783.45,53710.35,0,0.0,0.0,0.0,0.0,-0.01,-1,-1,-0.01,-1,-1,-0.01,-1,-1,-0.01,-1,-1,-0.01,-1,-1,-0.01,-1,-1,-0.01,-1,-1,-0.01,-1,-1,-0.01,-1,-1,-0.01,-1,-1
99926009,2026-05-18 10:50:06+05:30,52920.65,0,0.0,0,0.0,0.0,53282.15,53308.4,52783.45,53710.35,0,0.0,0.0,0.0,0.0,-0.01,-1,-1,-0.01,-1,-1,-0.01,-1,-1,-0.01,-1,-1,-0.01,-1,-1,-0.01,-1,-1,-0.01,-1,-1,-0.01,-1,-1,-0.01,-1,-1,-0.01,-1,-1
99926009,2026-05-18 10:50:06+05:30,52919.35,0,0.0,0,0.0,0.0,53282.15,53308.4,52783.45,53710.35,0,0.0,0.0,0.0,0.0,-0.01,-1,-1,-0.01,-1,-1,-0.01,-1,-1,-0.01,-1,-1,-0.01,-1,-1,-0.01,-1,-1,-0.01,-1,-1,-0.01,-1,-1,-0.01,-1,-1,-0.01,-1,-1
99926009,2026-05-18 10:50:07+05:30,52918.9,0,0.0,0,0.0,0.0,53282.15,53308.4,52783.45,53710.35,0,0.0,0.0,0.0,0.0,-0.01,-1,-1,-0.01,-1,-1,-0.01,-1,-1,-0.01,-1,-1,-0.01,-1,-1,-0.01,-1,-1,-0.01,-1,-1,-0.01,-1,-1,-0.01,-1,-1,-0.01,-1,-1
99926009,2026-05-18 10:50:07+05:30,52919.65,0,0.0,0,0.0,0.0,53282.15,53308.4,52783.45,53710.35,0,0.0,0.0,0.0,0.0,-0.01,-1,-1,-0.01,-1,-1,-0.01,-1,-1,-0.01,-1,-1,-0.01,-1,-1,-0.01,-1,-1,-0.01,-1,-1,-0.01,-1,-1,-0.01,-1,-1,-0.01,-1,-1
99926009,2026-05-18 10:50:08+05:30,52920.1,0,0.0,0,0.0,0.0,53282.15,53308.4,52783.45,53710.35,0,0.0,0.0,0.0,0.0,-0.01,-1,-1,-0.01,-1,-1,-0.01,-1,-1,-0.01,-1,-1,-0.01,-1,-1,-0.01,-1,-1,-0.01,-1,-1,-0.01,-1,-1,-0.01,-1,-1,-0.01,-1,-1
99926009,2026-05-18 10:50:08+05:30,52921.35,0,0.0,0,0.0,0.0,53282.15,53308.4,52783.45,53710.35,0,0.0,0.0,0.0,0.0,-0.01,-1,-1,-0.01,-1,-1,-0.01,-1,-1,-0.01,-1,-1,-0.01,-1,-1,-0.01,-1,-1,-0.01,-1,-1,-0.01,-1,-1,-0.01,-1,-1,-0.01,-1,-1
99926009,2026-05-18 10:50:09+05:30,52922.0,0,0.0,0,0.0,0.0,53282.15,53308.4,52783.45,53710.35,0,0.0,0.0,0.0,0.0,-0.01,-1,-1,-0.01,-1,-1,-0.01,-1,-1,-0.01,-1,-1,-0.01,-1,-1,-0.01,-1,-1,-0.01,-1,-1,-0.01,-1,-1,-0.01,-1,-1,-0.01,-1,-1
99926009,2026-05-18 10:50:09+05:30,52920.4,0,0.0,0,0.0,0.0,53282.15,53308.4,52783.45,53710.35,0,0.0,0.0,0.0,0.0,-0.01,-1,-1,-0.01,-1,-1,-0.01,-1,-1,-0.01,-1,-1,-0.01,-1,-1,-0.01,-1,-1,-0.01,-1,-1,-0.01,-1,-1,-0.01,-1,-1,-0.01,-1,-1
99926009,2026-05-18 10:50:10+05:30,52924.0,0,0.0,0,0.0,0.0,53282.15,53308.4,52783.45,53710.35,0,0.0,0.0,0.0,0.0,-0.01,-1,-1,-0.01,-1,-1,-0.01,-1,-1,-0.01,-1,-1,-0.01,-1,-1,-0.01,-1,-1,-0.01,-1,-1,-0.01,-1,-1,-0.01,-1,-1,-0.01,-1,-1
99926009,2026-05-18 10:50:10+05:30,52924.45,0,0.0,0,0.0,0.0,53282.15,53308.4,52783.45,53710.35,0,0.0,0.0,0.0,0.0,-0.01,-1,-1,-0.01,-1,-1,-0.01,-1,-1,-0.01,-1,-1,-0.01,-1,-1,-0.01,-1,-1,-0.01,-1,-1,-0.01,-1,-1,-0.01,-1,-1,-0.01,-1,-1
99926009,2026-05-18 10:50:11+05:30,52928.15,0,0.0,0,0.0,0.0,53282.15,53308.4,52783.45,53710.35,0,0.0,0.0,0.0,0.0,-0.01,-1,-1,-0.01,-1,-1,-0.01,-1,-1,-0.01,-1,-1,-0.01,-1,-1,-0.01,-1,-1,-0.01,-1,-1,-0.01,-1,-1,-0.01,-1,-1,-0.01,-1,-1
99926009,2026-05-18 10:50:11+05:30,52928.15,0,0.0,0,0.0,0.0,53282.15,53308.4,52783.45,53710.35,0,0.0,0.0,0.0,0.0,-0.01,-1,-1,-0.01,-1,-1,-0.01,-1,-1,-0.01,-1,-1,-0.01,-1,-1,-0.01,-1,-1,-0.01,-1,-1,-0.01,-1,-1,-0.01,-1,-1,-0.01,-1,-1
99926009,2026-05-18 10:50:12+05:30,52925.7,0,0.0,0,0.0,0.0,53282.15,53308.4,52783.45,53710.35,0,0.0,0.0,0.0,0.0,-0.01,-1,-1,-0.01,-1,-1,-0.01,-1,-1,-0.01,-1,-1,-0.01,-1,-1,-0.01,-1,-1,-0.01,-1,-1,-0.01,-1,-1,-0.01,-1,-1,-0.01,-1,-1
99926009,2026-05-18 10:50:12+05:30,52926.65,0,0.0,0,0.0,0.0,53282.15,53308.4,52783.45,53710.35,0,0.0,0.0,0.0,0.0,-0.01,-1,-1,-0.01,-1,-1,-0.01,-1,-1,-0.01,-1,-1,-0.01,-1,-1,-0.01,-1,-1,-0.01,-1,-1,-0.01,-1,-1,-0.01,-1,-1,-0.01,-1,-1
99926009,2026-05-18 10:50:13+05:30,52930.2,0,0.0,0,0.0,0.0,53282.15,53308.4,52783.45,53710.35,0,0.0,0.0,0.0,0.0,-0.01,-1,-1,-0.01,-1,-1,-0.01,-1,-1,-0.01,-1,-1,-0.01,-1,-1,-0.01,-1,-1,-0.01,-1,-1,-0.01,-1,-1,-0.01,-1,-1,-0.01,-1,-1
99926009,2026-05-18 10:50:13+05:30,52929.0,0,0.0,0,0.0,0.0,53282.15,53308.4,52783.45,53710.35,0,0.0,0.0,0.0,0.0,-0.01,-1,-1,-0.01,-1,-1,-0.01,-1,-1,-0.01,-1,-1,-0.01,-1,-1,-0.01,-1,-1,-0.01,-1,-1,-0.01,-1,-1,-0.01,-1,-1,-0.01,-1,-1
99926009,2026-05-18 10:50:14+05:30,52929.0,0,0.0,0,0.0,0.0,53282.15,53308.4,52783.45,53710.35,0,0.0,0.0,0.0,0.0,-0.01,-1,-1,-0.01,-1,-1,-0.01,-1,-1,-0.01,-1,-1,-0.01,-1,-1,-0.01,-1,-1,-0.01,-1,-1,-0.01,-1,-1,-0.01,-1,-1,-0.01,-1,-1
99926009,2026-05-18 10:50:14+05:30,52929.45,0,0.0,0,0.0,0.0,53282.15,53308.4,52783.45,53710.35,0,0.0,0.0,0.0,0.0,-0.01,-1,-1,-0.01,-1,-1,-0.01,-1,-1,-0.01,-1,-1,-0.01,-1,-1,-0.01,-1,-1,-0.01,-1,-1,-0.01,-1,-1,-0.01,-1,-1,-0.01,-1,-1
99926009,2026-05-18 10:50:15+05:30,52931.15,0,0.0,0,0.0,0.0,53282.15,53308.4,52783.45,53710.35,0,0.0,0.0,0.0,0.0,-0.01,-1,-1,-0.01,-1,-1,-0.01,-1,-1,-0.01,-1,-1,-0.01,-1,-1,-0.01,-1,-1,-0.01,-1,-1,-0.01,-1,-1,-0.01,-1,-1,-0.01,-1,-1
99926009,2026-05-18 10:50:15+05:30,52933.5,0,0.0,0,0.0,0.0,53282.15,53308.4,52783.45,53710.35,0,0.0,0.0,0.0,0.0,-0.01,-1,-1,-0.01,-1,-1,-0.01,-1,-1,-0.01,-1,-1,-0.01,-1,-1,-0.01,-1,-1,-0.01,-1,-1,-0.01,-1,-1,-0.01,-1,-1,-0.01,-1,-1
99926009,2026-05-18 10:50:16+05:30,52933.0,0,0.0,0,0.0,0.0,53282.15,53308.4,52783.45,53710.35,0,0.0,0.0,0.0,0.0,-0.01,-1,-1,-0.01,-1,-1,-0.01,-1,-1,-0.01,-1,-1,-0.01,-1,-1,-0.01,-1,-1,-0.01,-1,-1,-0.01,-1,-1,-0.01,-1,-1,-0.01,-1,-1
99926009,2026-05-18 10:50:16+05:30,52935.8,0,0.0,0,0.0,0.0,53282.15,53308.4,52783.45,53710.35,0,0.0,0.0,0.0,0.0,-0.01,-1,-1,-0.01,-1,-1,-0.01,-1,-1,-0.01,-1,-1,-0.01,-1,-1,-0.01,-1,-1,-0.01,-1,-1,-0.01,-1,-1,-0.01,-1,-1,-0.01,-1,-1
99926009,2026-05-18 10:50:17+05:30,52935.7,0,0.0,0,0.0,0.0,53282.15,53308.4,52783.45,53710.35,0,0.0,0.0,0.0,0.0,-0.01,-1,-1,-0.01,-1,-1,-0.01,-1,-1,-0.01,-1,-1,-0.01,-1,-1,-0.01,-1,-1,-0.01,-1,-1,-0.01,-1,-1,-0.01,-1,-1,-0.01,-1,-1
99926009,2026-05-18 10:50:17+05:30,52937.2,0,0.0,0,0.0,0.0,53282.15,53308.4,52783.45,53710.35,0,0.0,0.0,0.0,0.0,-0.01,-1,-1,-0.01,-1,-1,-0.01,-1,-1,-0.01,-1,-1,-0.01,-1,-1,-0.01,-1,-1,-0.01,-1,-1,-0.01,-1,-1,-0.01,-1,-1,-0.01,-1,-1
99926009,2026-05-18 10:50:18+05:30,52936.7,0,0.0,0,0.0,0.0,53282.15,53308.4,52783.45,53710.35,0,0.0,0.0,0.0,0.0,-0.01,-1,-1,-0.01,-1,-1,-0.01,-1,-1,-0.01,-1,-1,-0.01,-1,-1,-0.01,-1,-1,-0.01,-1,-1,-0.01,-1,-1,-0.01,-1,-1,-0.01,-1,-1
99926009,2026-05-18 10:50:18+05:30,52937.5,0,0.0,0,0.0,0.0,53282.15,53308.4,52783.45,53710.35,0,0.0,0.0,0.0,0.0,-0.01,-1,-1,-0.01,-1,-1,-0.01,-1,-1,-0.01,-1,-1,-0.01,-1,-1,-0.01,-1,-1,-0.01,-1,-1,-0.01,-1,-1,-0.01,-1,-1,-0.01,-1,-1
99926009,2026-05-18 10:50:19+05:30,52937.5,0,0.0,0,0.0,0.0,53282.15,53308.4,52783.45,53710.35,0,0.0,0.0,0.0,0.0,-0.01,-1,-1,-0.01,-1,-1,-0.01,-1,-1,-0.01,-1,-1,-0.01,-1,-1,-0.01,-1,-1,-0.01,-1,-1,-0.01,-1,-1,-0.01,-1,-1,-0.01,-1,-1
99926009,2026-05-18 10:50:19+05:30,52937.1,0,0.0,0,0.0,0.0,53282.15,53308.4,52783.45,53710.35,0,0.0,0.0,0.0,0.0,-0.01,-1,-1,-0.01,-1,-1,-0.01,-1,-1,-0.01,-1,-1,-0.01,-1,-1,-0.01,-1,-1,-0.01,-1,-1,-0.01,-1,-1,-0.01,-1,-1,-0.01,-1,-1
99926009,2026-05-18 10:50:20+05:30,52938.1,0,0.0,0,0.0,0.0,53282.15,53308.4,52783.45,53710.35,0,0.0,0.0,0.0,0.0,-0.01,-1,-1,-0.01,-1,-1,-0.01,-1,-1,-0.01,-1,-1,-0.01,-1,-1,-0.01,-1,-1,-0.01,-1,-1,-0.01,-1,-1,-0.01,-1,-1,-0.01,-1,-1
99926009,2026-05-18 10:50:20+05:30,52933.65,0,0.0,0,0.0,0.0,53282.15,53308.4,52783.45,53710.35,0,0.0,0.0,0.0,0.0,-0.01,-1,-1,-0.01,-1,-1,-0.01,-1,-1,-0.01,-1,-1,-0.01,-1,-1,-0.01,-1,-1,-0.01,-1,-1,-0.01,-1,-1,-0.01,-1,-1,-0.01,-1,-1
99926009,2026-05-18 10:50:21+05:30,52937.15,0,0.0,0,0.0,0.0,53282.15,53308.4,52783.45,53710.35,0,0.0,0.0,0.0,0.0,-0.01,-1,-1,-0.01,-1,-1,-0.01,-1,-1,-0.01,-1,-1,-0.01,-1,-1,-0.01,-1,-1,-0.01,-1,-1,-0.01,-1,-1,-0.01,-1,-1,-0.01,-1,-1
99926009,2026-05-18 10:50:21+05:30,52937.1,0,0.0,0,0.0,0.0,53282.15,53308.4,52783.45,53710.35,0,0.0,0.0,0.0,0.0,-0.01,-1,-1,-0.01,-1,-1,-0.01,-1,-1,-0.01,-1,-1,-0.01,-1,-1,-0.01,-1,-1,-0.01,-1,-1,-0.01,-1,-1,-0.01,-1,-1,-0.01,-1,-1
99926009,2026-05-18 10:50:22+05:30,52935.4,0,0.0,0,0.0,0.0,53282.15,53308.4,52783.45,53710.35,0,0.0,0.0,0.0,0.0,-0.01,-1,-1,-0.01,-1,-1,-0.01,-1,-1,-0.01,-1,-1,-0.01,-1,-1,-0.01,-1,-1,-0.01,-1,-1,-0.01,-1,-1,-0.01,-1,-1,-0.01,-1,-1
99926009,2026-05-18 10:50:22+05:30,52934.05,0,0.0,0,0.0,0.0,53282.15,53308.4,52783.45,53710.35,0,0.0,0.0,0.0,0.0,-0.01,-1,-1,-0.01,-1,-1,-0.01,-1,-1,-0.01,-1,-1,-0.01,-1,-1,-0.01,-1,-1,-0.01,-1,-1,-0.01,-1,-1,-0.01,-1,-1,-0.01,-1,-1
99926009,2026-05-18 10:50:23+05:30,52934.8,0,0.0,0,0.0,0.0,53282.15,53308.4,52783.45,53710.35,0,0.0,0.0,0.0,0.0,-0.01,-1,-1,-0.01,-1,-1,-0.01,-1,-1,-0.01,-1,-1,-0.01,-1,-1,-0.01,-1,-1,-0.01,-1,-1,-0.01,-1,-1,-0.01,-1,-1,-0.01,-1,-1
99926009,2026-05-18 10:50:23+05:30,52935.3,0,0.0,0,0.0,0.0,53282.15,53308.4,52783.45,53710.35,0,0.0,0.0,0.0,0.0,-0.01,-1,-1,-0.01,-1,-1,-0.01,-1,-1,-0.01,-1,-1,-0.01,-1,-1,-0.01,-1,-1,-0.01,-1,-1,-0.01,-1,-1,-0.01,-1,-1,-0.01,-1,-1
99926009,2026-05-18 10:50:24+05:30,52936.2,0,0.0,0,0.0,0.0,53282.15,53308.4,52783.45,53710.35,0,0.0,0.0,0.0,0.0,-0.01,-1,-1,-0.01,-1,-1,-0.01,-1,-1,-0.01,-1,-1,-0.01,-1,-1,-0.01,-1,-1,-0.01,-1,-1,-0.01,-1,-1,-0.01,-1,-1,-0.01,-1,-1
99926009,2026-05-18 10:50:24+05:30,52937.9,0,0.0,0,0.0,0.0,53282.15,53308.4,52783.45,53710.35,0,0.0,0.0,0.0,0.0,-0.01,-1,-1,-0.01,-1,-1,-0.01,-1,-1,-0.01,-1,-1,-0.01,-1,-1,-0.01,-1,-1,-0.01,-1,-1,-0.01,-1,-1,-0.01,-1,-1,-0.01,-1,-1
99926009,2026-05-18 10:50:25+05:30,52939.35,0,0.0,0,0.0,0.0,53282.15,53308.4,52783.45,53710.35,0,0.0,0.0,0.0,0.0,-0.01,-1,-1,-0.01,-1,-1,-0.01,-1,-1,-0.01,-1,-1,-0.01,-1,-1,-0.01,-1,-1,-0.01,-1,-1,-0.01,-1,-1,-0.01,-1,-1,-0.01,-1,-1
99926009,2026-05-18 10:50:25+05:30,52938.8,0,0.0,0,0.0,0.0,53282.15,53308.4,52783.45,53710.35,0,0.0,0.0,0.0,0.0,-0.01,-1,-1,-0.01,-1,-1,-0.01,-1,-1,-0.01,-1,-1,-0.01,-1,-1,-0.01,-1,-1,-0.01,-1,-1,-0.01,-1,-1,-0.01,-1,-1,-0.01,-1,-1
99926009,2026-05-18 10:50:26+05:30,52939.95,0,0.0,0,0.0,0.0,53282.15,53308.4,52783.45,53710.35,0,0.0,0.0,0.0,0.0,-0.01,-1,-1,-0.01,-1,-1,-0.01,-1,-1,-0.01,-1,-1,-0.01,-1,-1,-0.01,-1,-1,-0.01,-1,-1,-0.01,-1,-1,-0.01,-1,-1,-0.01,-1,-1
99926009,2026-05-18 10:50:26+05:30,52938.45,0,0.0,0,0.0,0.0,53282.15,53308.4,52783.45,53710.35,0,0.0,0.0,0.0,0.0,-0.01,-1,-1,-0.01,-1,-1,-0.01,-1,-1,-0.01,-1,-1,-0.01,-1,-1,-0.01,-1,-1,-0.01,-1,-1,-0.01,-1,-1,-0.01,-1,-1,-0.01,-1,-1
99926009,2026-05-18 10:50:27+05:30,52939.5,0,0.0,0,0.0,0.0,53282.15,53308.4,52783.45,53710.35,0,0.0,0.0,0.0,0.0,-0.01,-1,-1,-0.01,-1,-1,-0.01,-1,-1,-0.01,-1,-1,-0.01,-1,-1,-0.01,-1,-1,-0.01,-1,-1,-0.01,-1,-1,-0.01,-1,-1,-0.01,-1,-1
99926009,2026-05-18 10:50:27+05:30,52938.65,0,0.0,0,0.0,0.0,53282.15,53308.4,52783.45,53710.35,0,0.0,0.0,0.0,0.0,-0.01,-1,-1,-0.01,-1,-1,-0.01,-1,-1,-0.01,-1,-1,-0.01,-1,-1,-0.01,-1,-1,-0.01,-1,-1,-0.01,-1,-1,-0.01,-1,-1,-0.01,-1,-1
99926009,2026-05-18 10:50:28+05:30,52939.65,0,0.0,0,0.0,0.0,53282.15,53308.4,52783.45,53710.35,0,0.0,0.0,0.0,0.0,-0.01,-1,-1,-0.01,-1,-1,-0.01,-1,-1,-0.01,-1,-1,-0.01,-1,-1,-0.01,-1,-1,-0.01,-1,-1,-0.01,-1,-1,-0.01,-1,-1,-0.01,-1,-1
99926009,2026-05-18 10:50:28+05:30,52938.35,0,0.0,0,0.0,0.0,53282.15,53308.4,52783.45,53710.35,0,0.0,0.0,0.0,0.0,-0.01,-1,-1,-0.01,-1,-1,-0.01,-1,-1,-0.01,-1,-1,-0.01,-1,-1,-0.01,-1,-1,-0.01,-1,-1,-0.01,-1,-1,-0.01,-1,-1,-0.01,-1,-1
99926009,2026-05-18 10:50:29+05:30,52938.35,0,0.0,0,0.0,0.0,53282.15,53308.4,52783.45,53710.35,0,0.0,0.0,0.0,0.0,-0.01,-1,-1,-0.01,-1,-1,-0.01,-1,-1,-0.01,-1,-1,-0.01,-1,-1,-0.01,-1,-1,-0.01,-1,-1,-0.01,-1,-1,-0.01,-1,-1,-0.01,-1,-1
99926009,2026-05-18 10:50:29+05:30,52936.0,0,0.0,0,0.0,0.0,53282.15,53308.4,52783.45,53710.35,0,0.0,0.0,0.0,0.0,-0.01,-1,-1,-0.01,-1,-1,-0.01,-1,-1,-0.01,-1,-1,-0.01,-1,-1,-0.01,-1,-1,-0.01,-1,-1,-0.01,-1,-1,-0.01,-1,-1,-0.01,-1,-1
99926009,2026-05-18 10:50:30+05:30,52939.0,0,0.0,0,0.0,0.0,53282.15,53308.4,52783.45,53710.35,0,0.0,0.0,0.0,0.0,-0.01,-1,-1,-0.01,-1,-1,-0.01,-1,-1,-0.01,-1,-1,-0.01,-1,-1,-0.01,-1,-1,-0.01,-1,-1,-0.01,-1,-1,-0.01,-1,-1,-0.01,-1,-1
99926009,2026-05-18 10:50:30+05:30,52940.2,0,0.0,0,0.0,0.0,53282.15,53308.4,52783.45,53710.35,0,0.0,0.0,0.0,0.0,-0.01,-1,-1,-0.01,-1,-1,-0.01,-1,-1,-0.01,-1,-1,-0.01,-1,-1,-0.01,-1,-1,-0.01,-1,-1,-0.01,-1,-1,-0.01,-1,-1,-0.01,-1,-1
99926009,2026-05-18 10:50:31+05:30,52939.4,0,0.0,0,0.0,0.0,53282.15,53308.4,52783.45,53710.35,0,0.0,0.0,0.0,0.0,-0.01,-1,-1,-0.01,-1,-1,-0.01,-1,-1,-0.01,-1,-1,-0.01,-1,-1,-0.01,-1,-1,-0.01,-1,-1,-0.01,-1,-1,-0.01,-1,-1,-0.01,-1,-1
99926009,2026-05-18 10:50:31+05:30,52936.3,0,0.0,0,0.0,0.0,53282.15,53308.4,52783.45,53710.35,0,0.0,0.0,0.0,0.0,-0.01,-1,-1,-0.01,-1,-1,-0.01,-1,-1,-0.01,-1,-1,-0.01,-1,-1,-0.01,-1,-1,-0.01,-1,-1,-0.01,-1,-1,-0.01,-1,-1,-0.01,-1,-1
99926009,2026-05-18 10:50:32+05:30,52937.15,0,0.0,0,0.0,0.0,53282.15,53308.4,52783.45,53710.35,0,0.0,0.0,0.0,0.0,-0.01,-1,-1,-0.01,-1,-1,-0.01,-1,-1,-0.01,-1,-1,-0.01,-1,-1,-0.01,-1,-1,-0.01,-1,-1,-0.01,-1,-1,-0.01,-1,-1,-0.01,-1,-1
99926009,2026-05-18 10:50:32+05:30,52936.05,0,0.0,0,0.0,0.0,53282.15,53308.4,52783.45,53710.35,0,0.0,0.0,0.0,0.0,-0.01,-1,-1,-0.01,-1,-1,-0.01,-1,-1,-0.01,-1,-1,-0.01,-1,-1,-0.01,-1,-1,-0.01,-1,-1,-0.01,-1,-1,-0.01,-1,-1,-0.01,-1,-1
99926009,2026-05-18 10:50:33+05:30,52935.8,0,0.0,0,0.0,0.0,53282.15,53308.4,52783.45,53710.35,0,0.0,0.0,0.0,0.0,-0.01,-1,-1,-0.01,-1,-1,-0.01,-1,-1,-0.01,-1,-1,-0.01,-1,-1,-0.01,-1,-1,-0.01,-1,-1,-0.01,-1,-1,-0.01,-1,-1,-0.01,-1,-1
99926009,2026-05-18 10:50:33+05:30,52938.1,0,0.0,0,0.0,0.0,53282.15,53308.4,52783.45,53710.35,0,0.0,0.0,0.0,0.0,-0.01,-1,-1,-0.01,-1,-1,-0.01,-1,-1,-0.01,-1,-1,-0.01,-1,-1,-0.01,-1,-1,-0.01,-1,-1,-0.01,-1,-1,-0.01,-1,-1,-0.01,-1,-1
99926009,2026-05-18 10:50:34+05:30,52936.9,0,0.0,0,0.0,0.0,53282.15,53308.4,52783.45,53710.35,0,0.0,0.0,0.0,0.0,-0.01,-1,-1,-0.01,-1,-1,-0.01,-1,-1,-0.01,-1,-1,-0.01,-1,-1,-0.01,-1,-1,-0.01,-1,-1,-0.01,-1,-1,-0.01,-1,-1,-0.01,-1,-1
99926009,2026-05-18 10:50:34+05:30,52937.8,0,0.0,0,0.0,0.0,53282.15,53308.4,52783.45,53710.35,0,0.0,0.0,0.0,0.0,-0.01,-1,-1,-0.01,-1,-1,-0.01,-1,-1,-0.01,-1,-1,-0.01,-1,-1,-0.01,-1,-1,-0.01,-1,-1,-0.01,-1,-1,-0.01,-1,-1,-0.01,-1,-1
99926009,2026-05-18 10:50:35+05:30,52940.2,0,0.0,0,0.0,0.0,53282.15,53308.4,52783.45,53710.35,0,0.0,0.0,0.0,0.0,-0.01,-1,-1,-0.01,-1,-1,-0.01,-1,-1,-0.01,-1,-1,-0.01,-1,-1,-0.01,-1,-1,-0.01,-1,-1,-0.01,-1,-1,-0.01,-1,-1,-0.01,-1,-1
99926009,2026-05-18 10:50:35+05:30,52939.3,0,0.0,0,0.0,0.0,53282.15,53308.4,52783.45,53710.35,0,0.0,0.0,0.0,0.0,-0.01,-1,-1,-0.01,-1,-1,-0.01,-1,-1,-0.01,-1,-1,-0.01,-1,-1,-0.01,-1,-1,-0.01,-1,-1,-0.01,-1,-1,-0.01,-1,-1,-0.01,-1,-1
99926009,2026-05-18 10:50:36+05:30,52939.2,0,0.0,0,0.0,0.0,53282.15,53308.4,52783.45,53710.35,0,0.0,0.0,0.0,0.0,-0.01,-1,-1,-0.01,-1,-1,-0.01,-1,-1,-0.01,-1,-1,-0.01,-1,-1,-0.01,-1,-1,-0.01,-1,-1,-0.01,-1,-1,-0.01,-1,-1,-0.01,-1,-1
99926009,2026-05-18 10:50:36+05:30,52939.45,0,0.0,0,0.0,0.0,53282.15,53308.4,52783.45,53710.35,0,0.0,0.0,0.0,0.0,-0.01,-1,-1,-0.01,-1,-1,-0.01,-1,-1,-0.01,-1,-1,-0.01,-1,-1,-0.01,-1,-1,-0.01,-1,-1,-0.01,-1,-1,-0.01,-1,-1,-0.01,-1,-1
99926009,2026-05-18 10:50:37+05:30,52937.85,0,0.0,0,0.0,0.0,53282.15,53308.4,52783.45,53710.35,0,0.0,0.0,0.0,0.0,-0.01,-1,-1,-0.01,-1,-1,-0.01,-1,-1,-0.01,-1,-1,-0.01,-1,-1,-0.01,-1,-1,-0.01,-1,-1,-0.01,-1,-1,-0.01,-1,-1,-0.01,-1,-1
99926009,2026-05-18 10:50:37+05:30,52936.9,0,0.0,0,0.0,0.0,53282.15,53308.4,52783.45,53710.35,0,0.0,0.0,0.0,0.0,-0.01,-1,-1,-0.01,-1,-1,-0.01,-1,-1,-0.01,-1,-1,-0.01,-1,-1,-0.01,-1,-1,-0.01,-1,-1,-0.01,-1,-1,-0.01,-1,-1,-0.01,-1,-1
99926009,2026-05-18 10:50:38+05:30,52936.2,0,0.0,0,0.0,0.0,53282.15,53308.4,52783.45,53710.35,0,0.0,0.0,0.0,0.0,-0.01,-1,-1,-0.01,-1,-1,-0.01,-1,-1,-0.01,-1,-1,-0.01,-1,-1,-0.01,-1,-1,-0.01,-1,-1,-0.01,-1,-1,-0.01,-1,-1,-0.01,-1,-1
99926009,2026-05-18 10:50:38+05:30,52934.4,0,0.0,0,0.0,0.0,53282.15,53308.4,52783.45,53710.35,0,0.0,0.0,0.0,0.0,-0.01,-1,-1,-0.01,-1,-1,-0.01,-1,-1,-0.01,-1,-1,-0.01,-1,-1,-0.01,-1,-1,-0.01,-1,-1,-0.01,-1,-1,-0.01,-1,-1,-0.01,-1,-1
99926009,2026-05-18 10:50:39+05:30,52935.6,0,0.0,0,0.0,0.0,53282.15,53308.4,52783.45,53710.35,0,0.0,0.0,0.0,0.0,-0.01,-1,-1,-0.01,-1,-1,-0.01,-1,-1,-0.01,-1,-1,-0.01,-1,-1,-0.01,-1,-1,-0.01,-1,-1,-0.01,-1,-1,-0.01,-1,-1,-0.01,-1,-1
99926009,2026-05-18 10:50:39+05:30,52936.45,0,0.0,0,0.0,0.0,53282.15,53308.4,52783.45,53710.35,0,0.0,0.0,0.0,0.0,-0.01,-1,-1,-0.01,-1,-1,-0.01,-1,-1,-0.01,-1,-1,-0.01,-1,-1,-0.01,-1,-1,-0.01,-1,-1,-0.01,-1,-1,-0.01,-1,-1,-0.01,-1,-1
99926009,2026-05-18 10:50:40+05:30,52937.15,0,0.0,0,0.0,0.0,53282.15,53308.4,52783.45,53710.35,0,0.0,0.0,0.0,0.0,-0.01,-1,-1,-0.01,-1,-1,-0.01,-1,-1,-0.01,-1,-1,-0.01,-1,-1,-0.01,-1,-1,-0.01,-1,-1,-0.01,-1,-1,-0.01,-1,-1,-0.01,-1,-1
99926009,2026-05-18 10:50:40+05:30,52937.15,0,0.0,0,0.0,0.0,53282.15,53308.4,52783.45,53710.35,0,0.0,0.0,0.0,0.0,-0.01,-1,-1,-0.01,-1,-1,-0.01,-1,-1,-0.01,-1,-1,-0.01,-1,-1,-0.01,-1,-1,-0.01,-1,-1,-0.01,-1,-1,-0.01,-1,-1,-0.01,-1,-1
99926009,2026-05-18 10:50:41+05:30,52938.35,0,0.0,0,0.0,0.0,53282.15,53308.4,52783.45,53710.35,0,0.0,0.0,0.0,0.0,-0.01,-1,-1,-0.01,-1,-1,-0.01,-1,-1,-0.01,-1,-1,-0.01,-1,-1,-0.01,-1,-1,-0.01,-1,-1,-0.01,-1,-1,-0.01,-1,-1,-0.01,-1,-1
99926009,2026-05-18 10:50:41+05:30,52937.0,0,0.0,0,0.0,0.0,53282.15,53308.4,52783.45,53710.35,0,0.0,0.0,0.0,0.0,-0.01,-1,-1,-0.01,-1,-1,-0.01,-1,-1,-0.01,-1,-1,-0.01,-1,-1,-0.01,-1,-1,-0.01,-1,-1,-0.01,-1,-1,-0.01,-1,-1,-0.01,-1,-1
99926009,2026-05-18 10:50:42+05:30,52937.1,0,0.0,0,0.0,0.0,53282.15,53308.4,52783.45,53710.35,0,0.0,0.0,0.0,0.0,-0.01,-1,-1,-0.01,-1,-1,-0.01,-1,-1,-0.01,-1,-1,-0.01,-1,-1,-0.01,-1,-1,-0.01,-1,-1,-0.01,-1,-1,-0.01,-1,-1,-0.01,-1,-1
99926009,2026-05-18 10:50:42+05:30,52936.2,0,0.0,0,0.0,0.0,53282.15,53308.4,52783.45,53710.35,0,0.0,0.0,0.0,0.0,-0.01,-1,-1,-0.01,-1,-1,-0.01,-1,-1,-0.01,-1,-1,-0.01,-1,-1,-0.01,-1,-1,-0.01,-1,-1,-0.01,-1,-1,-0.01,-1,-1,-0.01,-1,-1
99926009,2026-05-18 10:50:43+05:30,52935.35,0,0.0,0,0.0,0.0,53282.15,53308.4,52783.45,53710.35,0,0.0,0.0,0.0,0.0,-0.01,-1,-1,-0.01,-1,-1,-0.01,-1,-1,-0.01,-1,-1,-0.01,-1,-1,-0.01,-1,-1,-0.01,-1,-1,-0.01,-1,-1,-0.01,-1,-1,-0.01,-1,-1
99926009,2026-05-18 10:50:43+05:30,52935.35,0,0.0,0,0.0,0.0,53282.15,53308.4,52783.45,53710.35,0,0.0,0.0,0.0,0.0,-0.01,-1,-1,-0.01,-1,-1,-0.01,-1,-1,-0.01,-1,-1,-0.01,-1,-1,-0.01,-1,-1,-0.01,-1,-1,-0.01,-1,-1,-0.01,-1,-1,-0.01,-1,-1
99926009,2026-05-18 10:50:44+05:30,52934.25,0,0.0,0,0.0,0.0,53282.15,53308.4,52783.45,53710.35,0,0.0,0.0,0.0,0.0,-0.01,-1,-1,-0.01,-1,-1,-0.01,-1,-1,-0.01,-1,-1,-0.01,-1,-1,-0.01,-1,-1,-0.01,-1,-1,-0.01,-1,-1,-0.01,-1,-1,-0.01,-1,-1
99926009,2026-05-18 10:50:44+05:30,52934.5,0,0.0,0,0.0,0.0,53282.15,53308.4,52783.45,53710.35,0,0.0,0.0,0.0,0.0,-0.01,-1,-1,-0.01,-1,-1,-0.01,-1,-1,-0.01,-1,-1,-0.01,-1,-1,-0.01,-1,-1,-0.01,-1,-1,-0.01,-1,-1,-0.01,-1,-1,-0.01,-1,-1
99926009,2026-05-18 10:50:45+05:30,52934.85,0,0.0,0,0.0,0.0,53282.15,53308.4,52783.45,53710.35,0,0.0,0.0,0.0,0.0,-0.01,-1,-1,-0.01,-1,-1,-0.01,-1,-1,-0.01,-1,-1,-0.01,-1,-1,-0.01,-1,-1,-0.01,-1,-1,-0.01,-1,-1,-0.01,-1,-1,-0.01,-1,-1
99926009,2026-05-18 10:50:45+05:30,52932.6,0,0.0,0,0.0,0.0,53282.15,53308.4,52783.45,53710.35,0,0.0,0.0,0.0,0.0,-0.01,-1,-1,-0.01,-1,-1,-0.01,-1,-1,-0.01,-1,-1,-0.01,-1,-1,-0.01,-1,-1,-0.01,-1,-1,-0.01,-1,-1,-0.01,-1,-1,-0.01,-1,-1
99926009,2026-05-18 10:50:46+05:30,52925.75,0,0.0,0,0.0,0.0,53282.15,53308.4,52783.45,53710.35,0,0.0,0.0,0.0,0.0,-0.01,-1,-1,-0.01,-1,-1,-0.01,-1,-1,-0.01,-1,-1,-0.01,-1,-1,-0.01,-1,-1,-0.01,-1,-1,-0.01,-1,-1,-0.01,-1,-1,-0.01,-1,-1
99926009,2026-05-18 10:50:46+05:30,52926.3,0,0.0,0,0.0,0.0,53282.15,53308.4,52783.45,53710.35,0,0.0,0.0,0.0,0.0,-0.01,-1,-1,-0.01,-1,-1,-0.01,-1,-1,-0.01,-1,-1,-0.01,-1,-1,-0.01,-1,-1,-0.01,-1,-1,-0.01,-1,-1,-0.01,-1,-1,-0.01,-1,-1
99926009,2026-05-18 10:50:47+05:30,52924.7,0,0.0,0,0.0,0.0,53282.15,53308.4,52783.45,53710.35,0,0.0,0.0,0.0,0.0,-0.01,-1,-1,-0.01,-1,-1,-0.01,-1,-1,-0.01,-1,-1,-0.01,-1,-1,-0.01,-1,-1,-0.01,-1,-1,-0.01,-1,-1,-0.01,-1,-1,-0.01,-1,-1
99926009,2026-05-18 10:50:47+05:30,52929.8,0,0.0,0,0.0,0.0,53282.15,53308.4,52783.45,53710.35,0,0.0,0.0,0.0,0.0,-0.01,-1,-1,-0.01,-1,-1,-0.01,-1,-1,-0.01,-1,-1,-0.01,-1,-1,-0.01,-1,-1,-0.01,-1,-1,-0.01,-1,-1,-0.01,-1,-1,-0.01,-1,-1
99926009,2026-05-18 10:50:48+05:30,52928.45,0,0.0,0,0.0,0.0,53282.15,53308.4,52783.45,53710.35,0,0.0,0.0,0.0,0.0,-0.01,-1,-1,-0.01,-1,-1,-0.01,-1,-1,-0.01,-1,-1,-0.01,-1,-1,-0.01,-1,-1,-0.01,-1,-1,-0.01,-1,-1,-0.01,-1,-1,-0.01,-1,-1
99926009,2026-05-18 10:50:48+05:30,52928.65,0,0.0,0,0.0,0.0,53282.15,53308.4,52783.45,53710.35,0,0.0,0.0,0.0,0.0,-0.01,-1,-1,-0.01,-1,-1,-0.01,-1,-1,-0.01,-1,-1,-0.01,-1,-1,-0.01,-1,-1,-0.01,-1,-1,-0.01,-1,-1,-0.01,-1,-1,-0.01,-1,-1
99926009,2026-05-18 10:50:49+05:30,52928.05,0,0.0,0,0.0,0.0,53282.15,53308.4,52783.45,53710.35,0,0.0,0.0,0.0,0.0,-0.01,-1,-1,-0.01,-1,-1,-0.01,-1,-1,-0.01,-1,-1,-0.01,-1,-1,-0.01,-1,-1,-0.01,-1,-1,-0.01,-1,-1,-0.01,-1,-1,-0.01,-1,-1
99926009,2026-05-18 10:50:49+05:30,52928.65,0,0.0,0,0.0,0.0,53282.15,53308.4,52783.45,53710.35,0,0.0,0.0,0.0,0.0,-0.01,-1,-1,-0.01,-1,-1,-0.01,-1,-1,-0.01,-1,-1,-0.01,-1,-1,-0.01,-1,-1,-0.01,-1,-1,-0.01,-1,-1,-0.01,-1,-1,-0.01,-1,-1
99926009,2026-05-18 10:50:50+05:30,52928.7,0,0.0,0,0.0,0.0,53282.15,53308.4,52783.45,53710.35,0,0.0,0.0,0.0,0.0,-0.01,-1,-1,-0.01,-1,-1,-0.01,-1,-1,-0.01,-1,-1,-0.01,-1,-1,-0.01,-1,-1,-0.01,-1,-1,-0.01,-1,-1,-0.01,-1,-1,-0.01,-1,-1
99926009,2026-05-18 10:50:50+05:30,52927.15,0,0.0,0,0.0,0.0,53282.15,53308.4,52783.45,53710.35,0,0.0,0.0,0.0,0.0,-0.01,-1,-1,-0.01,-1,-1,-0.01,-1,-1,-0.01,-1,-1,-0.01,-1,-1,-0.01,-1,-1,-0.01,-1,-1,-0.01,-1,-1,-0.01,-1,-1,-0.01,-1,-1
99926009,2026-05-18 10:50:51+05:30,52930.35,0,0.0,0,0.0,0.0,53282.15,53308.4,52783.45,53710.35,0,0.0,0.0,0.0,0.0,-0.01,-1,-1,-0.01,-1,-1,-0.01,-1,-1,-0.01,-1,-1,-0.01,-1,-1,-0.01,-1,-1,-0.01,-1,-1,-0.01,-1,-1,-0.01,-1,-1,-0.01,-1,-1
99926009,2026-05-18 10:50:51+05:30,52930.35,0,0.0,0,0.0,0.0,53282.15,53308.4,52783.45,53710.35,0,0.0,0.0,0.0,0.0,-0.01,-1,-1,-0.01,-1,-1,-0.01,-1,-1,-0.01,-1,-1,-0.01,-1,-1,-0.01,-1,-1,-0.01,-1,-1,-0.01,-1,-1,-0.01,-1,-1,-0.01,-1,-1
99926009,2026-05-18 10:50:52+05:30,52929.15,0,0.0,0,0.0,0.0,53282.15,53308.4,52783.45,53710.35,0,0.0,0.0,0.0,0.0,-0.01,-1,-1,-0.01,-1,-1,-0.01,-1,-1,-0.01,-1,-1,-0.01,-1,-1,-0.01,-1,-1,-0.01,-1,-1,-0.01,-1,-1,-0.01,-1,-1,-0.01,-1,-1
99926009,2026-05-18 10:50:52+05:30,52929.8,0,0.0,0,0.0,0.0,53282.15,53308.4,52783.45,53710.35,0,0.0,0.0,0.0,0.0,-0.01,-1,-1,-0.01,-1,-1,-0.01,-1,-1,-0.01,-1,-1,-0.01,-1,-1,-0.01,-1,-1,-0.01,-1,-1,-0.01,-1,-1,-0.01,-1,-1,-0.01,-1,-1
99926009,2026-05-18 10:50:53+05:30,52928.6,0,0.0,0,0.0,0.0,53282.15,53308.4,52783.45,53710.35,0,0.0,0.0,0.0,0.0,-0.01,-1,-1,-0.01,-1,-1,-0.01,-1,-1,-0.01,-1,-1,-0.01,-1,-1,-0.01,-1,-1,-0.01,-1,-1,-0.01,-1,-1,-0.01,-1,-1,-0.01,-1,-1
99926009,2026-05-18 10:50:53+05:30,52927.85,0,0.0,0,0.0,0.0,53282.15,53308.4,52783.45,53710.35,0,0.0,0.0,0.0,0.0,-0.01,-1,-1,-0.01,-1,-1,-0.01,-1,-1,-0.01,-1,-1,-0.01,-1,-1,-0.01,-1,-1,-0.01,-1,-1,-0.01,-1,-1,-0.01,-1,-1,-0.01,-1,-1
99926009,2026-05-18 10:50:54+05:30,52926.2,0,0.0,0,0.0,0.0,53282.15,53308.4,52783.45,53710.35,0,0.0,0.0,0.0,0.0,-0.01,-1,-1,-0.01,-1,-1,-0.01,-1,-1,-0.01,-1,-1,-0.01,-1,-1,-0.01,-1,-1,-0.01,-1,-1,-0.01,-1,-1,-0.01,-1,-1,-0.01,-1,-1
99926009,2026-05-18 10:50:54+05:30,52925.8,0,0.0,0,0.0,0.0,53282.15,53308.4,52783.45,53710.35,0,0.0,0.0,0.0,0.0,-0.01,-1,-1,-0.01,-1,-1,-0.01,-1,-1,-0.01,-1,-1,-0.01,-1,-1,-0.01,-1,-1,-0.01,-1,-1,-0.01,-1,-1,-0.01,-1,-1,-0.01,-1,-1
99926009,2026-05-18 10:50:55+05:30,52931.45,0,0.0,0,0.0,0.0,53282.15,53308.4,52783.45,53710.35,0,0.0,0.0,0.0,0.0,-0.01,-1,-1,-0.01,-1,-1,-0.01,-1,-1,-0.01,-1,-1,-0.01,-1,-1,-0.01,-1,-1,-0.01,-1,-1,-0.01,-1,-1,-0.01,-1,-1,-0.01,-1,-1
99926009,2026-05-18 10:50:55+05:30,52935.95,0,0.0,0,0.0,0.0,53282.15,53308.4,52783.45,53710.35,0,0.0,0.0,0.0,0.0,-0.01,-1,-1,-0.01,-1,-1,-0.01,-1,-1,-0.01,-1,-1,-0.01,-1,-1,-0.01,-1,-1,-0.01,-1,-1,-0.01,-1,-1,-0.01,-1,-1,-0.01,-1,-1
99926009,2026-05-18 10:50:56+05:30,52934.65,0,0.0,0,0.0,0.0,53282.15,53308.4,52783.45,53710.35,0,0.0,0.0,0.0,0.0,-0.01,-1,-1,-0.01,-1,-1,-0.01,-1,-1,-0.01,-1,-1,-0.01,-1,-1,-0.01,-1,-1,-0.01,-1,-1,-0.01,-1,-1,-0.01,-1,-1,-0.01,-1,-1
99926009,2026-05-18 10:50:56+05:30,52939.0,0,0.0,0,0.0,0.0,53282.15,53308.4,52783.45,53710.35,0,0.0,0.0,0.0,0.0,-0.01,-1,-1,-0.01,-1,-1,-0.01,-1,-1,-0.01,-1,-1,-0.01,-1,-1,-0.01,-1,-1,-0.01,-1,-1,-0.01,-1,-1,-0.01,-1,-1,-0.01,-1,-1
99926009,2026-05-18 10:50:57+05:30,52935.55,0,0.0,0,0.0,0.0,53282.15,53308.4,52783.45,53710.35,0,0.0,0.0,0.0,0.0,-0.01,-1,-1,-0.01,-1,-1,-0.01,-1,-1,-0.01,-1,-1,-0.01,-1,-1,-0.01,-1,-1,-0.01,-1,-1,-0.01,-1,-1,-0.01,-1,-1,-0.01,-1,-1
99926009,2026-05-18 10:50:57+05:30,52937.8,0,0.0,0,0.0,0.0,53282.15,53308.4,52783.45,53710.35,0,0.0,0.0,0.0,0.0,-0.01,-1,-1,-0.01,-1,-1,-0.01,-1,-1,-0.01,-1,-1,-0.01,-1,-1,-0.01,-1,-1,-0.01,-1,-1,-0.01,-1,-1,-0.01,-1,-1,-0.01,-1,-1
99926009,2026-05-18 10:50:58+05:30,52940.75,0,0.0,0,0.0,0.0,53282.15,53308.4,52783.45,53710.35,0,0.0,0.0,0.0,0.0,-0.01,-1,-1,-0.01,-1,-1,-0.01,-1,-1,-0.01,-1,-1,-0.01,-1,-1,-0.01,-1,-1,-0.01,-1,-1,-0.01,-1,-1,-0.01,-1,-1,-0.01,-1,-1
99926009,2026-05-18 10:50:58+05:30,52941.75,0,0.0,0,0.0,0.0,53282.15,53308.4,52783.45,53710.35,0,0.0,0.0,0.0,0.0,-0.01,-1,-1,-0.01,-1,-1,-0.01,-1,-1,-0.01,-1,-1,-0.01,-1,-1,-0.01,-1,-1,-0.01,-1,-1,-0.01,-1,-1,-0.01,-1,-1,-0.01,-1,-1
99926009,2026-05-18 10:50:59+05:30,52939.8,0,0.0,0,0.0,0.0,53282.15,53308.4,52783.45,53710.35,0,0.0,0.0,0.0,0.0,-0.01,-1,-1,-0.01,-1,-1,-0.01,-1,-1,-0.01,-1,-1,-0.01,-1,-1,-0.01,-1,-1,-0.01,-1,-1,-0.01,-1,-1,-0.01,-1,-1,-0.01,-1,-1
99926009,2026-05-18 10:50:59+05:30,52942.6,0,0.0,0,0.0,0.0,53282.15,53308.4,52783.45,53710.35,0,0.0,0.0,0.0,0.0,-0.01,-1,-1,-0.01,-1,-1,-0.01,-1,-1,-0.01,-1,-1,-0.01,-1,-1,-0.01,-1,-1,-0.01,-1,-1,-0.01,-1,-1,-0.01,-1,-1,-0.01,-1,-1
99926009,2026-05-18 10:51:00+05:30,52943.55,0,0.0,0,0.0,0.0,53282.15,53308.4,52783.45,53710.35,0,0.0,0.0,0.0,0.0,-0.01,-1,-1,-0.01,-1,-1,-0.01,-1,-1,-0.01,-1,-1,-0.01,-1,-1,-0.01,-1,-1,-0.01,-1,-1,-0.01,-1,-1,-0.01,-1,-1,-0.01,-1,-1
99926009,2026-05-18 10:51:00+05:30,52943.05,0,0.0,0,0.0,0.0,53282.15,53308.4,52783.45,53710.35,0,0.0,0.0,0.0,0.0,-0.01,-1,-1,-0.01,-1,-1,-0.01,-1,-1,-0.01,-1,-1,-0.01,-1,-1,-0.01,-1,-1,-0.01,-1,-1,-0.01,-1,-1,-0.01,-1,-1,-0.01,-1,-1
99926009,2026-05-18 10:51:01+05:30,52943.35,0,0.0,0,0.0,0.0,53282.15,53308.4,52783.45,53710.35,0,0.0,0.0,0.0,0.0,-0.01,-1,-1,-0.01,-1,-1,-0.01,-1,-1,-0.01,-1,-1,-0.01,-1,-1,-0.01,-1,-1,-0.01,-1,-1,-0.01,-1,-1,-0.01,-1,-1,-0.01,-1,-1
99926009,2026-05-18 10:51:01+05:30,52945.35,0,0.0,0,0.0,0.0,53282.15,53308.4,52783.45,53710.35,0,0.0,0.0,0.0,0.0,-0.01,-1,-1,-0.01,-1,-1,-0.01,-1,-1,-0.01,-1,-1,-0.01,-1,-1,-0.01,-1,-1,-0.01,-1,-1,-0.01,-1,-1,-0.01,-1,-1,-0.01,-1,-1
99926009,2026-05-18 10:51:02+05:30,52945.25,0,0.0,0,0.0,0.0,53282.15,53308.4,52783.45,53710.35,0,0.0,0.0,0.0,0.0,-0.01,-1,-1,-0.01,-1,-1,-0.01,-1,-1,-0.01,-1,-1,-0.01,-1,-1,-0.01,-1,-1,-0.01,-1,-1,-0.01,-1,-1,-0.01,-1,-1,-0.01,-1,-1
99926009,2026-05-18 10:51:02+05:30,52944.75,0,0.0,0,0.0,0.0,53282.15,53308.4,52783.45,53710.35,0,0.0,0.0,0.0,0.0,-0.01,-1,-1,-0.01,-1,-1,-0.01,-1,-1,-0.01,-1,-1,-0.01,-1,-1,-0.01,-1,-1,-0.01,-1,-1,-0.01,-1,-1,-0.01,-1,-1,-0.01,-1,-1
99926009,2026-05-18 10:51:03+05:30,52940.85,0,0.0,0,0.0,0.0,53282.15,53308.4,52783.45,53710.35,0,0.0,0.0,0.0,0.0,-0.01,-1,-1,-0.01,-1,-1,-0.01,-1,-1,-0.01,-1,-1,-0.01,-1,-1,-0.01,-1,-1,-0.01,-1,-1,-0.01,-1,-1,-0.01,-1,-1,-0.01,-1,-1
99926009,2026-05-18 10:51:03+05:30,52942.75,0,0.0,0,0.0,0.0,53282.15,53308.4,52783.45,53710.35,0,0.0,0.0,0.0,0.0,-0.01,-1,-1,-0.01,-1,-1,-0.01,-1,-1,-0.01,-1,-1,-0.01,-1,-1,-0.01,-1,-1,-0.01,-1,-1,-0.01,-1,-1,-0.01,-1,-1,-0.01,-1,-1
99926009,2026-05-18 10:51:04+05:30,52942.75,0,0.0,0,0.0,0.0,53282.15,53308.4,52783.45,53710.35,0,0.0,0.0,0.0,0.0,-0.01,-1,-1,-0.01,-1,-1,-0.01,-1,-1,-0.01,-1,-1,-0.01,-1,-1,-0.01,-1,-1,-0.01,-1,-1,-0.01,-1,-1,-0.01,-1,-1,-0.01,-1,-1
99926009,2026-05-18 10:51:04+05:30,52942.65,0,0.0,0,0.0,0.0,53282.15,53308.4,52783.45,53710.35,0,0.0,0.0,0.0,0.0,-0.01,-1,-1,-0.01,-1,-1,-0.01,-1,-1,-0.01,-1,-1,-0.01,-1,-1,-0.01,-1,-1,-0.01,-1,-1,-0.01,-1,-1,-0.01,-1,-1,-0.01,-1,-1
99926009,2026-05-18 10:51:05+05:30,52943.6,0,0.0,0,0.0,0.0,53282.15,53308.4,52783.45,53710.35,0,0.0,0.0,0.0,0.0,-0.01,-1,-1,-0.01,-1,-1,-0.01,-1,-1,-0.01,-1,-1,-0.01,-1,-1,-0.01,-1,-1,-0.01,-1,-1,-0.01,-1,-1,-0.01,-1,-1,-0.01,-1,-1
99926009,2026-05-18 10:51:05+05:30,52943.65,0,0.0,0,0.0,0.0,53282.15,53308.4,52783.45,53710.35,0,0.0,0.0,0.0,0.0,-0.01,-1,-1,-0.01,-1,-1,-0.01,-1,-1,-0.01,-1,-1,-0.01,-1,-1,-0.01,-1,-1,-0.01,-1,-1,-0.01,-1,-1,-0.01,-1,-1,-0.01,-1,-1
99926009,2026-05-18 10:51:06+05:30,52944.45,0,0.0,0,0.0,0.0,53282.15,53308.4,52783.45,53710.35,0,0.0,0.0,0.0,0.0,-0.01,-1,-1,-0.01,-1,-1,-0.01,-1,-1,-0.01,-1,-1,-0.01,-1,-1,-0.01,-1,-1,-0.01,-1,-1,-0.01,-1,-1,-0.01,-1,-1,-0.01,-1,-1
99926009,2026-05-18 10:51:06+05:30,52945.95,0,0.0,0,0.0,0.0,53282.15,53308.4,52783.45,53710.35,0,0.0,0.0,0.0,0.0,-0.01,-1,-1,-0.01,-1,-1,-0.01,-1,-1,-0.01,-1,-1,-0.01,-1,-1,-0.01,-1,-1,-0.01,-1,-1,-0.01,-1,-1,-0.01,-1,-1,-0.01,-1,-1
99926009,2026-05-18 10:51:07+05:30,52947.5,0,0.0,0,0.0,0.0,53282.15,53308.4,52783.45,53710.35,0,0.0,0.0,0.0,0.0,-0.01,-1,-1,-0.01,-1,-1,-0.01,-1,-1,-0.01,-1,-1,-0.01,-1,-1,-0.01,-1,-1,-0.01,-1,-1,-0.01,-1,-1,-0.01,-1,-1,-0.01,-1,-1
99926009,2026-05-18 10:51:07+05:30,52948.45,0,0.0,0,0.0,0.0,53282.15,53308.4,52783.45,53710.35,0,0.0,0.0,0.0,0.0,-0.01,-1,-1,-0.01,-1,-1,-0.01,-1,-1,-0.01,-1,-1,-0.01,-1,-1,-0.01,-1,-1,-0.01,-1,-1,-0.01,-1,-1,-0.01,-1,-1,-0.01,-1,-1
99926009,2026-05-18 10:51:08+05:30,52948.05,0,0.0,0,0.0,0.0,53282.15,53308.4,52783.45,53710.35,0,0.0,0.0,0.0,0.0,-0.01,-1,-1,-0.01,-1,-1,-0.01,-1,-1,-0.01,-1,-1,-0.01,-1,-1,-0.01,-1,-1,-0.01,-1,-1,-0.01,-1,-1,-0.01,-1,-1,-0.01,-1,-1
99926009,2026-05-18 10:51:08+05:30,52949.95,0,0.0,0,0.0,0.0,53282.15,53308.4,52783.45,53710.35,0,0.0,0.0,0.0,0.0,-0.01,-1,-1,-0.01,-1,-1,-0.01,-1,-1,-0.01,-1,-1,-0.01,-1,-1,-0.01,-1,-1,-0.01,-1,-1,-0.01,-1,-1,-0.01,-1,-1,-0.01,-1,-1
99926009,2026-05-18 10:51:09+05:30,52953.75,0,0.0,0,0.0,0.0,53282.15,53308.4,52783.45,53710.35,0,0.0,0.0,0.0,0.0,-0.01,-1,-1,-0.01,-1,-1,-0.01,-1,-1,-0.01,-1,-1,-0.01,-1,-1,-0.01,-1,-1,-0.01,-1,-1,-0.01,-1,-1,-0.01,-1,-1,-0.01,-1,-1
99926009,2026-05-18 10:51:09+05:30,52950.75,0,0.0,0,0.0,0.0,53282.15,53308.4,52783.45,53710.35,0,0.0,0.0,0.0,0.0,-0.01,-1,-1,-0.01,-1,-1,-0.01,-1,-1,-0.01,-1,-1,-0.01,-1,-1,-0.01,-1,-1,-0.01,-1,-1,-0.01,-1,-1,-0.01,-1,-1,-0.01,-1,-1
99926009,2026-05-18 10:51:10+05:30,52954.1,0,0.0,0,0.0,0.0,53282.15,53308.4,52783.45,53710.35,0,0.0,0.0,0.0,0.0,-0.01,-1,-1,-0.01,-1,-1,-0.01,-1,-1,-0.01,-1,-1,-0.01,-1,-1,-0.01,-1,-1,-0.01,-1,-1,-0.01,-1,-1,-0.01,-1,-1,-0.01,-1,-1
99926009,2026-05-18 10:51:10+05:30,52953.3,0,0.0,0,0.0,0.0,53282.15,53308.4,52783.45,53710.35,0,0.0,0.0,0.0,0.0,-0.01,-1,-1,-0.01,-1,-1,-0.01,-1,-1,-0.01,-1,-1,-0.01,-1,-1,-0.01,-1,-1,-0.01,-1,-1,-0.01,-1,-1,-0.01,-1,-1,-0.01,-1,-1
99926009,2026-05-18 10:51:11+05:30,52954.95,0,0.0,0,0.0,0.0,53282.15,53308.4,52783.45,53710.35,0,0.0,0.0,0.0,0.0,-0.01,-1,-1,-0.01,-1,-1,-0.01,-1,-1,-0.01,-1,-1,-0.01,-1,-1,-0.01,-1,-1,-0.01,-1,-1,-0.01,-1,-1,-0.01,-1,-1,-0.01,-1,-1
99926009,2026-05-18 10:51:11+05:30,52954.45,0,0.0,0,0.0,0.0,53282.15,53308.4,52783.45,53710.35,0,0.0,0.0,0.0,0.0,-0.01,-1,-1,-0.01,-1,-1,-0.01,-1,-1,-0.01,-1,-1,-0.01,-1,-1,-0.01,-1,-1,-0.01,-1,-1,-0.01,-1,-1,-0.01,-1,-1,-0.01,-1,-1
99926009,2026-05-18 10:51:12+05:30,52952.85,0,0.0,0,0.0,0.0,53282.15,53308.4,52783.45,53710.35,0,0.0,0.0,0.0,0.0,-0.01,-1,-1,-0.01,-1,-1,-0.01,-1,-1,-0.01,-1,-1,-0.01,-1,-1,-0.01,-1,-1,-0.01,-1,-1,-0.01,-1,-1,-0.01,-1,-1,-0.01,-1,-1
99926009,2026-05-18 10:51:12+05:30,52952.15,0,0.0,0,0.0,0.0,53282.15,53308.4,52783.45,53710.35,0,0.0,0.0,0.0,0.0,-0.01,-1,-1,-0.01,-1,-1,-0.01,-1,-1,-0.01,-1,-1,-0.01,-1,-1,-0.01,-1,-1,-0.01,-1,-1,-0.01,-1,-1,-0.01,-1,-1,-0.01,-1,-1
99926009,2026-05-18 10:51:13+05:30,52951.75,0,0.0,0,0.0,0.0,53282.15,53308.4,52783.45,53710.35,0,0.0,0.0,0.0,0.0,-0.01,-1,-1,-0.01,-1,-1,-0.01,-1,-1,-0.01,-1,-1,-0.01,-1,-1,-0.01,-1,-1,-0.01,-1,-1,-0.01,-1,-1,-0.01,-1,-1,-0.01,-1,-1
99926009,2026-05-18 10:51:13+05:30,52951.3,0,0.0,0,0.0,0.0,53282.15,53308.4,52783.45,53710.35,0,0.0,0.0,0.0,0.0,-0.01,-1,-1,-0.01,-1,-1,-0.01,-1,-1,-0.01,-1,-1,-0.01,-1,-1,-0.01,-1,-1,-0.01,-1,-1,-0.01,-1,-1,-0.01,-1,-1,-0.01,-1,-1
99926009,2026-05-18 10:51:14+05:30,52952.6,0,0.0,0,0.0,0.0,53282.15,53308.4,52783.45,53710.35,0,0.0,0.0,0.0,0.0,-0.01,-1,-1,-0.01,-1,-1,-0.01,-1,-1,-0.01,-1,-1,-0.01,-1,-1,-0.01,-1,-1,-0.01,-1,-1,-0.01,-1,-1,-0.01,-1,-1,-0.01,-1,-1
99926009,2026-05-18 10:51:14+05:30,52953.75,0,0.0,0,0.0,0.0,53282.15,53308.4,52783.45,53710.35,0,0.0,0.0,0.0,0.0,-0.01,-1,-1,-0.01,-1,-1,-0.01,-1,-1,-0.01,-1,-1,-0.01,-1,-1,-0.01,-1,-1,-0.01,-1,-1,-0.01,-1,-1,-0.01,-1,-1,-0.01,-1,-1
99926009,2026-05-18 10:51:15+05:30,52955.0,0,0.0,0,0.0,0.0,53282.15,53308.4,52783.45,53710.35,0,0.0,0.0,0.0,0.0,-0.01,-1,-1,-0.01,-1,-1,-0.01,-1,-1,-0.01,-1,-1,-0.01,-1,-1,-0.01,-1,-1,-0.01,-1,-1,-0.01,-1,-1,-0.01,-1,-1,-0.01,-1,-1
99926009,2026-05-18 10:51:15+05:30,52956.35,0,0.0,0,0.0,0.0,53282.15,53308.4,52783.45,53710.35,0,0.0,0.0,0.0,0.0,-0.01,-1,-1,-0.01,-1,-1,-0.01,-1,-1,-0.01,-1,-1,-0.01,-1,-1,-0.01,-1,-1,-0.01,-1,-1,-0.01,-1,-1,-0.01,-1,-1,-0.01,-1,-1
99926009,2026-05-18 10:51:16+05:30,52954.9,0,0.0,0,0.0,0.0,53282.15,53308.4,52783.45,53710.35,0,0.0,0.0,0.0,0.0,-0.01,-1,-1,-0.01,-1,-1,-0.01,-1,-1,-0.01,-1,-1,-0.01,-1,-1,-0.01,-1,-1,-0.01,-1,-1,-0.01,-1,-1,-0.01,-1,-1,-0.01,-1,-1
99926009,2026-05-18 10:51:16+05:30,52954.65,0,0.0,0,0.0,0.0,53282.15,53308.4,52783.45,53710.35,0,0.0,0.0,0.0,0.0,-0.01,-1,-1,-0.01,-1,-1,-0.01,-1,-1,-0.01,-1,-1,-0.01,-1,-1,-0.01,-1,-1,-0.01,-1,-1,-0.01,-1,-1,-0.01,-1,-1,-0.01,-1,-1
99926009,2026-05-18 10:51:17+05:30,52955.6,0,0.0,0,0.0,0.0,53282.15,53308.4,52783.45,53710.35,0,0.0,0.0,0.0,0.0,-0.01,-1,-1,-0.01,-1,-1,-0.01,-1,-1,-0.01,-1,-1,-0.01,-1,-1,-0.01,-1,-1,-0.01,-1,-1,-0.01,-1,-1,-0.01,-1,-1,-0.01,-1,-1
99926009,2026-05-18 10:51:17+05:30,52952.75,0,0.0,0,0.0,0.0,53282.15,53308.4,52783.45,53710.35,0,0.0,0.0,0.0,0.0,-0.01,-1,-1,-0.01,-1,-1,-0.01,-1,-1,-0.01,-1,-1,-0.01,-1,-1,-0.01,-1,-1,-0.01,-1,-1,-0.01,-1,-1,-0.01,-1,-1,-0.01,-1,-1
99926009,2026-05-18 10:51:18+05:30,52949.3,0,0.0,0,0.0,0.0,53282.15,53308.4,52783.45,53710.35,0,0.0,0.0,0.0,0.0,-0.01,-1,-1,-0.01,-1,-1,-0.01,-1,-1,-0.01,-1,-1,-0.01,-1,-1,-0.01,-1,-1,-0.01,-1,-1,-0.01,-1,-1,-0.01,-1,-1,-0.01,-1,-1
99926009,2026-05-18 10:51:18+05:30,52949.55,0,0.0,0,0.0,0.0,53282.15,53308.4,52783.45,53710.35,0,0.0,0.0,0.0,0.0,-0.01,-1,-1,-0.01,-1,-1,-0.01,-1,-1,-0.01,-1,-1,-0.01,-1,-1,-0.01,-1,-1,-0.01,-1,-1,-0.01,-1,-1,-0.01,-1,-1,-0.01,-1,-1
99926009,2026-05-18 10:51:19+05:30,52950.0,0,0.0,0,0.0,0.0,53282.15,53308.4,52783.45,53710.35,0,0.0,0.0,0.0,0.0,-0.01,-1,-1,-0.01,-1,-1,-0.01,-1,-1,-0.01,-1,-1,-0.01,-1,-1,-0.01,-1,-1,-0.01,-1,-1,-0.01,-1,-1,-0.01,-1,-1,-0.01,-1,-1
99926009,2026-05-18 10:51:19+05:30,52950.2,0,0.0,0,0.0,0.0,53282.15,53308.4,52783.45,53710.35,0,0.0,0.0,0.0,0.0,-0.01,-1,-1,-0.01,-1,-1,-0.01,-1,-1,-0.01,-1,-1,-0.01,-1,-1,-0.01,-1,-1,-0.01,-1,-1,-0.01,-1,-1,-0.01,-1,-1,-0.01,-1,-1
99926009,2026-05-18 10:51:20+05:30,52948.3,0,0.0,0,0.0,0.0,53282.15,53308.4,52783.45,53710.35,0,0.0,0.0,0.0,0.0,-0.01,-1,-1,-0.01,-1,-1,-0.01,-1,-1,-0.01,-1,-1,-0.01,-1,-1,-0.01,-1,-1,-0.01,-1,-1,-0.01,-1,-1,-0.01,-1,-1,-0.01,-1,-1
99926009,2026-05-18 10:51:20+05:30,52949.4,0,0.0,0,0.0,0.0,53282.15,53308.4,52783.45,53710.35,0,0.0,0.0,0.0,0.0,-0.01,-1,-1,-0.01,-1,-1,-0.01,-1,-1,-0.01,-1,-1,-0.01,-1,-1,-0.01,-1,-1,-0.01,-1,-1,-0.01,-1,-1,-0.01,-1,-1,-0.01,-1,-1
99926009,2026-05-18 10:51:21+05:30,52947.75,0,0.0,0,0.0,0.0,53282.15,53308.4,52783.45,53710.35,0,0.0,0.0,0.0,0.0,-0.01,-1,-1,-0.01,-1,-1,-0.01,-1,-1,-0.01,-1,-1,-0.01,-1,-1,-0.01,-1,-1,-0.01,-1,-1,-0.01,-1,-1,-0.01,-1,-1,-0.01,-1,-1
99926009,2026-05-18 10:51:21+05:30,52948.4,0,0.0,0,0.0,0.0,53282.15,53308.4,52783.45,53710.35,0,0.0,0.0,0.0,0.0,-0.01,-1,-1,-0.01,-1,-1,-0.01,-1,-1,-0.01,-1,-1,-0.01,-1,-1,-0.01,-1,-1,-0.01,-1,-1,-0.01,-1,-1,-0.01,-1,-1,-0.01,-1,-1
99926009,2026-05-18 10:51:22+05:30,52950.25,0,0.0,0,0.0,0.0,53282.15,53308.4,52783.45,53710.35,0,0.0,0.0,0.0,0.0,-0.01,-1,-1,-0.01,-1,-1,-0.01,-1,-1,-0.01,-1,-1,-0.01,-1,-1,-0.01,-1,-1,-0.01,-1,-1,-0.01,-1,-1,-0.01,-1,-1,-0.01,-1,-1
99926009,2026-05-18 10:51:22+05:30,52953.0,0,0.0,0,0.0,0.0,53282.15,53308.4,52783.45,53710.35,0,0.0,0.0,0.0,0.0,-0.01,-1,-1,-0.01,-1,-1,-0.01,-1,-1,-0.01,-1,-1,-0.01,-1,-1,-0.01,-1,-1,-0.01,-1,-1,-0.01,-1,-1,-0.01,-1,-1,-0.01,-1,-1
99926009,2026-05-18 10:51:23+05:30,52953.0,0,0.0,0,0.0,0.0,53282.15,53308.4,52783.45,53710.35,0,0.0,0.0,0.0,0.0,-0.01,-1,-1,-0.01,-1,-1,-0.01,-1,-1,-0.01,-1,-1,-0.01,-1,-1,-0.01,-1,-1,-0.01,-1,-1,-0.01,-1,-1,-0.01,-1,-1,-0.01,-1,-1
99926009,2026-05-18 10:51:23+05:30,52951.95,0,0.0,0,0.0,0.0,53282.15,53308.4,52783.45,53710.35,0,0.0,0.0,0.0,0.0,-0.01,-1,-1,-0.01,-1,-1,-0.01,-1,-1,-0.01,-1,-1,-0.01,-1,-1,-0.01,-1,-1,-0.01,-1,-1,-0.01,-1,-1,-0.01,-1,-1,-0.01,-1,-1
99926009,2026-05-18 10:51:24+05:30,52951.95,0,0.0,0,0.0,0.0,53282.15,53308.4,52783.45,53710.35,0,0.0,0.0,0.0,0.0,-0.01,-1,-1,-0.01,-1,-1,-0.01,-1,-1,-0.01,-1,-1,-0.01,-1,-1,-0.01,-1,-1,-0.01,-1,-1,-0.01,-1,-1,-0.01,-1,-1,-0.01,-1,-1
99926009,2026-05-18 10:51:24+05:30,52951.6,0,0.0,0,0.0,0.0,53282.15,53308.4,52783.45,53710.35,0,0.0,0.0,0.0,0.0,-0.01,-1,-1,-0.01,-1,-1,-0.01,-1,-1,-0.01,-1,-1,-0.01,-1,-1,-0.01,-1,-1,-0.01,-1,-1,-0.01,-1,-1,-0.01,-1,-1,-0.01,-1,-1
99926009,2026-05-18 10:51:25+05:30,52951.55,0,0.0,0,0.0,0.0,53282.15,53308.4,52783.45,53710.35,0,0.0,0.0,0.0,0.0,-0.01,-1,-1,-0.01,-1,-1,-0.01,-1,-1,-0.01,-1,-1,-0.01,-1,-1,-0.01,-1,-1,-0.01,-1,-1,-0.01,-1,-1,-0.01,-1,-1,-0.01,-1,-1
99926009,2026-05-18 10:51:25+05:30,52952.85,0,0.0,0,0.0,0.0,53282.15,53308.4,52783.45,53710.35,0,0.0,0.0,0.0,0.0,-0.01,-1,-1,-0.01,-1,-1,-0.01,-1,-1,-0.01,-1,-1,-0.01,-1,-1,-0.01,-1,-1,-0.01,-1,-1,-0.01,-1,-1,-0.01,-1,-1,-0.01,-1,-1
99926009,2026-05-18 10:51:26+05:30,52953.3,0,0.0,0,0.0,0.0,53282.15,53308.4,52783.45,53710.35,0,0.0,0.0,0.0,0.0,-0.01,-1,-1,-0.01,-1,-1,-0.01,-1,-1,-0.01,-1,-1,-0.01,-1,-1,-0.01,-1,-1,-0.01,-1,-1,-0.01,-1,-1,-0.01,-1,-1,-0.01,-1,-1
99926009,2026-05-18 10:51:26+05:30,52954.4,0,0.0,0,0.0,0.0,53282.15,53308.4,52783.45,53710.35,0,0.0,0.0,0.0,0.0,-0.01,-1,-1,-0.01,-1,-1,-0.01,-1,-1,-0.01,-1,-1,-0.01,-1,-1,-0.01,-1,-1,-0.01,-1,-1,-0.01,-1,-1,-0.01,-1,-1,-0.01,-1,-1
99926009,2026-05-18 10:51:27+05:30,52953.85,0,0.0,0,0.0,0.0,53282.15,53308.4,52783.45,53710.35,0,0.0,0.0,0.0,0.0,-0.01,-1,-1,-0.01,-1,-1,-0.01,-1,-1,-0.01,-1,-1,-0.01,-1,-1,-0.01,-1,-1,-0.01,-1,-1,-0.01,-1,-1,-0.01,-1,-1,-0.01,-1,-1
99926009,2026-05-18 10:51:27+05:30,52953.4,0,0.0,0,0.0,0.0,53282.15,53308.4,52783.45,53710.35,0,0.0,0.0,0.0,0.0,-0.01,-1,-1,-0.01,-1,-1,-0.01,-1,-1,-0.01,-1,-1,-0.01,-1,-1,-0.01,-1,-1,-0.01,-1,-1,-0.01,-1,-1,-0.01,-1,-1,-0.01,-1,-1
99926009,2026-05-18 10:51:28+05:30,52952.2,0,0.0,0,0.0,0.0,53282.15,53308.4,52783.45,53710.35,0,0.0,0.0,0.0,0.0,-0.01,-1,-1,-0.01,-1,-1,-0.01,-1,-1,-0.01,-1,-1,-0.01,-1,-1,-0.01,-1,-1,-0.01,-1,-1,-0.01,-1,-1,-0.01,-1,-1,-0.01,-1,-1
99926009,2026-05-18 10:51:28+05:30,52951.1,0,0.0,0,0.0,0.0,53282.15,53308.4,52783.45,53710.35,0,0.0,0.0,0.0,0.0,-0.01,-1,-1,-0.01,-1,-1,-0.01,-1,-1,-0.01,-1,-1,-0.01,-1,-1,-0.01,-1,-1,-0.01,-1,-1,-0.01,-1,-1,-0.01,-1,-1,-0.01,-1,-1
99926009,2026-05-18 10:51:29+05:30,52952.1,0,0.0,0,0.0,0.0,53282.15,53308.4,52783.45,53710.35,0,0.0,0.0,0.0,0.0,-0.01,-1,-1,-0.01,-1,-1,-0.01,-1,-1,-0.01,-1,-1,-0.01,-1,-1,-0.01,-1,-1,-0.01,-1,-1,-0.01,-1,-1,-0.01,-1,-1,-0.01,-1,-1
99926009,2026-05-18 10:51:29+05:30,52952.8,0,0.0,0,0.0,0.0,53282.15,53308.4,52783.45,53710.35,0,0.0,0.0,0.0,0.0,-0.01,-1,-1,-0.01,-1,-1,-0.01,-1,-1,-0.01,-1,-1,-0.01,-1,-1,-0.01,-1,-1,-0.01,-1,-1,-0.01,-1,-1,-0.01,-1,-1,-0.01,-1,-1
99926009,2026-05-18 10:51:30+05:30,52953.55,0,0.0,0,0.0,0.0,53282.15,53308.4,52783.45,53710.35,0,0.0,0.0,0.0,0.0,-0.01,-1,-1,-0.01,-1,-1,-0.01,-1,-1,-0.01,-1,-1,-0.01,-1,-1,-0.01,-1,-1,-0.01,-1,-1,-0.01,-1,-1,-0.01,-1,-1,-0.01,-1,-1
99926009,2026-05-18 10:51:30+05:30,52955.8,0,0.0,0,0.0,0.0,53282.15,53308.4,52783.45,53710.35,0,0.0,0.0,0.0,0.0,-0.01,-1,-1,-0.01,-1,-1,-0.01,-1,-1,-0.01,-1,-1,-0.01,-1,-1,-0.01,-1,-1,-0.01,-1,-1,-0.01,-1,-1,-0.01,-1,-1,-0.01,-1,-1
99926009,2026-05-18 10:51:31+05:30,52957.45,0,0.0,0,0.0,0.0,53282.15,53308.4,52783.45,53710.35,0,0.0,0.0,0.0,0.0,-0.01,-1,-1,-0.01,-1,-1,-0.01,-1,-1,-0.01,-1,-1,-0.01,-1,-1,-0.01,-1,-1,-0.01,-1,-1,-0.01,-1,-1,-0.01,-1,-1,-0.01,-1,-1
99926009,2026-05-18 10:51:31+05:30,52955.95,0,0.0,0,0.0,0.0,53282.15,53308.4,52783.45,53710.35,0,0.0,0.0,0.0,0.0,-0.01,-1,-1,-0.01,-1,-1,-0.01,-1,-1,-0.01,-1,-1,-0.01,-1,-1,-0.01,-1,-1,-0.01,-1,-1,-0.01,-1,-1,-0.01,-1,-1,-0.01,-1,-1
99926009,2026-05-18 10:51:32+05:30,52957.55,0,0.0,0,0.0,0.0,53282.15,53308.4,52783.45,53710.35,0,0.0,0.0,0.0,0.0,-0.01,-1,-1,-0.01,-1,-1,-0.01,-1,-1,-0.01,-1,-1,-0.01,-1,-1,-0.01,-1,-1,-0.01,-1,-1,-0.01,-1,-1,-0.01,-1,-1,-0.01,-1,-1
99926009,2026-05-18 10:51:32+05:30,52952.15,0,0.0,0,0.0,0.0,53282.15,53308.4,52783.45,53710.35,0,0.0,0.0,0.0,0.0,-0.01,-1,-1,-0.01,-1,-1,-0.01,-1,-1,-0.01,-1,-1,-0.01,-1,-1,-0.01,-1,-1,-0.01,-1,-1,-0.01,-1,-1,-0.01,-1,-1,-0.01,-1,-1
99926009,2026-05-18 10:51:33+05:30,52954.0,0,0.0,0,0.0,0.0,53282.15,53308.4,52783.45,53710.35,0,0.0,0.0,0.0,0.0,-0.01,-1,-1,-0.01,-1,-1,-0.01,-1,-1,-0.01,-1,-1,-0.01,-1,-1,-0.01,-1,-1,-0.01,-1,-1,-0.01,-1,-1,-0.01,-1,-1,-0.01,-1,-1
99926009,2026-05-18 10:51:33+05:30,52954.6,0,0.0,0,0.0,0.0,53282.15,53308.4,52783.45,53710.35,0,0.0,0.0,0.0,0.0,-0.01,-1,-1,-0.01,-1,-1,-0.01,-1,-1,-0.01,-1,-1,-0.01,-1,-1,-0.01,-1,-1,-0.01,-1,-1,-0.01,-1,-1,-0.01,-1,-1,-0.01,-1,-1
99926009,2026-05-18 10:51:34+05:30,52956.05,0,0.0,0,0.0,0.0,53282.15,53308.4,52783.45,53710.35,0,0.0,0.0,0.0,0.0,-0.01,-1,-1,-0.01,-1,-1,-0.01,-1,-1,-0.01,-1,-1,-0.01,-1,-1,-0.01,-1,-1,-0.01,-1,-1,-0.01,-1,-1,-0.01,-1,-1,-0.01,-1,-1
99926009,2026-05-18 10:51:34+05:30,52957.15,0,0.0,0,0.0,0.0,53282.15,53308.4,52783.45,53710.35,0,0.0,0.0,0.0,0.0,-0.01,-1,-1,-0.01,-1,-1,-0.01,-1,-1,-0.01,-1,-1,-0.01,-1,-1,-0.01,-1,-1,-0.01,-1,-1,-0.01,-1,-1,-0.01,-1,-1,-0.01,-1,-1
99926009,2026-05-18 10:51:35+05:30,52959.25,0,0.0,0,0.0,0.0,53282.15,53308.4,52783.45,53710.35,0,0.0,0.0,0.0,0.0,-0.01,-1,-1,-0.01,-1,-1,-0.01,-1,-1,-0.01,-1,-1,-0.01,-1,-1,-0.01,-1,-1,-0.01,-1,-1,-0.01,-1,-1,-0.01,-1,-1,-0.01,-1,-1
99926009,2026-05-18 10:51:35+05:30,52960.25,0,0.0,0,0.0,0.0,53282.15,53308.4,52783.45,53710.35,0,0.0,0.0,0.0,0.0,-0.01,-1,-1,-0.01,-1,-1,-0.01,-1,-1,-0.01,-1,-1,-0.01,-1,-1,-0.01,-1,-1,-0.01,-1,-1,-0.01,-1,-1,-0.01,-1,-1,-0.01,-1,-1
99926009,2026-05-18 10:51:36+05:30,52961.85,0,0.0,0,0.0,0.0,53282.15,53308.4,52783.45,53710.35,0,0.0,0.0,0.0,0.0,-0.01,-1,-1,-0.01,-1,-1,-0.01,-1,-1,-0.01,-1,-1,-0.01,-1,-1,-0.01,-1,-1,-0.01,-1,-1,-0.01,-1,-1,-0.01,-1,-1,-0.01,-1,-1
99926009,2026-05-18 10:51:36+05:30,52960.2,0,0.0,0,0.0,0.0,53282.15,53308.4,52783.45,53710.35,0,0.0,0.0,0.0,0.0,-0.01,-1,-1,-0.01,-1,-1,-0.01,-1,-1,-0.01,-1,-1,-0.01,-1,-1,-0.01,-1,-1,-0.01,-1,-1,-0.01,-1,-1,-0.01,-1,-1,-0.01,-1,-1
99926009,2026-05-18 10:51:37+05:30,52956.1,0,0.0,0,0.0,0.0,53282.15,53308.4,52783.45,53710.35,0,0.0,0.0,0.0,0.0,-0.01,-1,-1,-0.01,-1,-1,-0.01,-1,-1,-0.01,-1,-1,-0.01,-1,-1,-0.01,-1,-1,-0.01,-1,-1,-0.01,-1,-1,-0.01,-1,-1,-0.01,-1,-1
99926009,2026-05-18 10:51:37+05:30,52956.1,0,0.0,0,0.0,0.0,53282.15,53308.4,52783.45,53710.35,0,0.0,0.0,0.0,0.0,-0.01,-1,-1,-0.01,-1,-1,-0.01,-1,-1,-0.01,-1,-1,-0.01,-1,-1,-0.01,-1,-1,-0.01,-1,-1,-0.01,-1,-1,-0.01,-1,-1,-0.01,-1,-1
99926009,2026-05-18 10:51:38+05:30,52954.35,0,0.0,0,0.0,0.0,53282.15,53308.4,52783.45,53710.35,0,0.0,0.0,0.0,0.0,-0.01,-1,-1,-0.01,-1,-1,-0.01,-1,-1,-0.01,-1,-1,-0.01,-1,-1,-0.01,-1,-1,-0.01,-1,-1,-0.01,-1,-1,-0.01,-1,-1,-0.01,-1,-1
99926009,2026-05-18 10:51:38+05:30,52955.5,0,0.0,0,0.0,0.0,53282.15,53308.4,52783.45,53710.35,0,0.0,0.0,0.0,0.0,-0.01,-1,-1,-0.01,-1,-1,-0.01,-1,-1,-0.01,-1,-1,-0.01,-1,-1,-0.01,-1,-1,-0.01,-1,-1,-0.01,-1,-1,-0.01,-1,-1,-0.01,-1,-1
99926009,2026-05-18 10:51:39+05:30,52957.05,0,0.0,0,0.0,0.0,53282.15,53308.4,52783.45,53710.35,0,0.0,0.0,0.0,0.0,-0.01,-1,-1,-0.01,-1,-1,-0.01,-1,-1,-0.01,-1,-1,-0.01,-1,-1,-0.01,-1,-1,-0.01,-1,-1,-0.01,-1,-1,-0.01,-1,-1,-0.01,-1,-1
99926009,2026-05-18 10:51:39+05:30,52958.75,0,0.0,0,0.0,0.0,53282.15,53308.4,52783.45,53710.35,0,0.0,0.0,0.0,0.0,-0.01,-1,-1,-0.01,-1,-1,-0.01,-1,-1,-0.01,-1,-1,-0.01,-1,-1,-0.01,-1,-1,-0.01,-1,-1,-0.01,-1,-1,-0.01,-1,-1,-0.01,-1,-1
99926009,2026-05-18 10:51:40+05:30,52957.1,0,0.0,0,0.0,0.0,53282.15,53308.4,52783.45,53710.35,0,0.0,0.0,0.0,0.0,-0.01,-1,-1,-0.01,-1,-1,-0.01,-1,-1,-0.01,-1,-1,-0.01,-1,-1,-0.01,-1,-1,-0.01,-1,-1,-0.01,-1,-1,-0.01,-1,-1,-0.01,-1,-1
99926009,2026-05-18 10:51:40+05:30,52960.9,0,0.0,0,0.0,0.0,53282.15,53308.4,52783.45,53710.35,0,0.0,0.0,0.0,0.0,-0.01,-1,-1,-0.01,-1,-1,-0.01,-1,-1,-0.01,-1,-1,-0.01,-1,-1,-0.01,-1,-1,-0.01,-1,-1,-0.01,-1,-1,-0.01,-1,-1,-0.01,-1,-1
99926009,2026-05-18 10:51:41+05:30,52961.85,0,0.0,0,0.0,0.0,53282.15,53308.4,52783.45,53710.35,0,0.0,0.0,0.0,0.0,-0.01,-1,-1,-0.01,-1,-1,-0.01,-1,-1,-0.01,-1,-1,-0.01,-1,-1,-0.01,-1,-1,-0.01,-1,-1,-0.01,-1,-1,-0.01,-1,-1,-0.01,-1,-1
99926009,2026-05-18 10:51:41+05:30,52961.15,0,0.0,0,0.0,0.0,53282.15,53308.4,52783.45,53710.35,0,0.0,0.0,0.0,0.0,-0.01,-1,-1,-0.01,-1,-1,-0.01,-1,-1,-0.01,-1,-1,-0.01,-1,-1,-0.01,-1,-1,-0.01,-1,-1,-0.01,-1,-1,-0.01,-1,-1,-0.01,-1,-1
99926009,2026-05-18 10:51:42+05:30,52959.85,0,0.0,0,0.0,0.0,53282.15,53308.4,52783.45,53710.35,0,0.0,0.0,0.0,0.0,-0.01,-1,-1,-0.01,-1,-1,-0.01,-1,-1,-0.01,-1,-1,-0.01,-1,-1,-0.01,-1,-1,-0.01,-1,-1,-0.01,-1,-1,-0.01,-1,-1,-0.01,-1,-1
99926009,2026-05-18 10:51:42+05:30,52956.55,0,0.0,0,0.0,0.0,53282.15,53308.4,52783.45,53710.35,0,0.0,0.0,0.0,0.0,-0.01,-1,-1,-0.01,-1,-1,-0.01,-1,-1,-0.01,-1,-1,-0.01,-1,-1,-0.01,-1,-1,-0.01,-1,-1,-0.01,-1,-1,-0.01,-1,-1,-0.01,-1,-1
99926009,2026-05-18 10:51:43+05:30,52955.7,0,0.0,0,0.0,0.0,53282.15,53308.4,52783.45,53710.35,0,0.0,0.0,0.0,0.0,-0.01,-1,-1,-0.01,-1,-1,-0.01,-1,-1,-0.01,-1,-1,-0.01,-1,-1,-0.01,-1,-1,-0.01,-1,-1,-0.01,-1,-1,-0.01,-1,-1,-0.01,-1,-1
99926009,2026-05-18 10:51:43+05:30,52955.7,0,0.0,0,0.0,0.0,53282.15,53308.4,52783.45,53710.35,0,0.0,0.0,0.0,0.0,-0.01,-1,-1,-0.01,-1,-1,-0.01,-1,-1,-0.01,-1,-1,-0.01,-1,-1,-0.01,-1,-1,-0.01,-1,-1,-0.01,-1,-1,-0.01,-1,-1,-0.01,-1,-1
99926009,2026-05-18 10:51:44+05:30,52956.55,0,0.0,0,0.0,0.0,53282.15,53308.4,52783.45,53710.35,0,0.0,0.0,0.0,0.0,-0.01,-1,-1,-0.01,-1,-1,-0.01,-1,-1,-0.01,-1,-1,-0.01,-1,-1,-0.01,-1,-1,-0.01,-1,-1,-0.01,-1,-1,-0.01,-1,-1,-0.01,-1,-1
99926009,2026-05-18 10:51:44+05:30,52956.35,0,0.0,0,0.0,0.0,53282.15,53308.4,52783.45,53710.35,0,0.0,0.0,0.0,0.0,-0.01,-1,-1,-0.01,-1,-1,-0.01,-1,-1,-0.01,-1,-1,-0.01,-1,-1,-0.01,-1,-1,-0.01,-1,-1,-0.01,-1,-1,-0.01,-1,-1,-0.01,-1,-1
99926009,2026-05-18 10:51:45+05:30,52958.25,0,0.0,0,0.0,0.0,53282.15,53308.4,52783.45,53710.35,0,0.0,0.0,0.0,0.0,-0.01,-1,-1,-0.01,-1,-1,-0.01,-1,-1,-0.01,-1,-1,-0.01,-1,-1,-0.01,-1,-1,-0.01,-1,-1,-0.01,-1,-1,-0.01,-1,-1,-0.01,-1,-1
99926009,2026-05-18 10:51:45+05:30,52957.4,0,0.0,0,0.0,0.0,53282.15,53308.4,52783.45,53710.35,0,0.0,0.0,0.0,0.0,-0.01,-1,-1,-0.01,-1,-1,-0.01,-1,-1,-0.01,-1,-1,-0.01,-1,-1,-0.01,-1,-1,-0.01,-1,-1,-0.01,-1,-1,-0.01,-1,-1,-0.01,-1,-1
99926009,2026-05-18 10:51:46+05:30,52957.95,0,0.0,0,0.0,0.0,53282.15,53308.4,52783.45,53710.35,0,0.0,0.0,0.0,0.0,-0.01,-1,-1,-0.01,-1,-1,-0.01,-1,-1,-0.01,-1,-1,-0.01,-1,-1,-0.01,-1,-1,-0.01,-1,-1,-0.01,-1,-1,-0.01,-1,-1,-0.01,-1,-1
99926009,2026-05-18 10:51:46+05:30,52958.55,0,0.0,0,0.0,0.0,53282.15,53308.4,52783.45,53710.35,0,0.0,0.0,0.0,0.0,-0.01,-1,-1,-0.01,-1,-1,-0.01,-1,-1,-0.01,-1,-1,-0.01,-1,-1,-0.01,-1,-1,-0.01,-1,-1,-0.01,-1,-1,-0.01,-1,-1,-0.01,-1,-1
99926009,2026-05-18 10:51:47+05:30,52959.4,0,0.0,0,0.0,0.0,53282.15,53308.4,52783.45,53710.35,0,0.0,0.0,0.0,0.0,-0.01,-1,-1,-0.01,-1,-1,-0.01,-1,-1,-0.01,-1,-1,-0.01,-1,-1,-0.01,-1,-1,-0.01,-1,-1,-0.01,-1,-1,-0.01,-1,-1,-0.01,-1,-1
99926009,2026-05-18 10:51:47+05:30,52957.6,0,0.0,0,0.0,0.0,53282.15,53308.4,52783.45,53710.35,0,0.0,0.0,0.0,0.0,-0.01,-1,-1,-0.01,-1,-1,-0.01,-1,-1,-0.01,-1,-1,-0.01,-1,-1,-0.01,-1,-1,-0.01,-1,-1,-0.01,-1,-1,-0.01,-1,-1,-0.01,-1,-1
99926009,2026-05-18 10:51:48+05:30,52958.15,0,0.0,0,0.0,0.0,53282.15,53308.4,52783.45,53710.35,0,0.0,0.0,0.0,0.0,-0.01,-1,-1,-0.01,-1,-1,-0.01,-1,-1,-0.01,-1,-1,-0.01,-1,-1,-0.01,-1,-1,-0.01,-1,-1,-0.01,-1,-1,-0.01,-1,-1,-0.01,-1,-1
99926009,2026-05-18 10:51:48+05:30,52956.6,0,0.0,0,0.0,0.0,53282.15,53308.4,52783.45,53710.35,0,0.0,0.0,0.0,0.0,-0.01,-1,-1,-0.01,-1,-1,-0.01,-1,-1,-0.01,-1,-1,-0.01,-1,-1,-0.01,-1,-1,-0.01,-1,-1,-0.01,-1,-1,-0.01,-1,-1,-0.01,-1,-1
99926009,2026-05-18 10:51:49+05:30,52957.6,0,0.0,0,0.0,0.0,53282.15,53308.4,52783.45,53710.35,0,0.0,0.0,0.0,0.0,-0.01,-1,-1,-0.01,-1,-1,-0.01,-1,-1,-0.01,-1,-1,-0.01,-1,-1,-0.01,-1,-1,-0.01,-1,-1,-0.01,-1,-1,-0.01,-1,-1,-0.01,-1,-1
99926009,2026-05-18 10:51:49+05:30,52957.65,0,0.0,0,0.0,0.0,53282.15,53308.4,52783.45,53710.35,0,0.0,0.0,0.0,0.0,-0.01,-1,-1,-0.01,-1,-1,-0.01,-1,-1,-0.01,-1,-1,-0.01,-1,-1,-0.01,-1,-1,-0.01,-1,-1,-0.01,-1,-1,-0.01,-1,-1,-0.01,-1,-1
99926009,2026-05-18 10:51:50+05:30,52956.55,0,0.0,0,0.0,0.0,53282.15,53308.4,52783.45,53710.35,0,0.0,0.0,0.0,0.0,-0.01,-1,-1,-0.01,-1,-1,-0.01,-1,-1,-0.01,-1,-1,-0.01,-1,-1,-0.01,-1,-1,-0.01,-1,-1,-0.01,-1,-1,-0.01,-1,-1,-0.01,-1,-1
99926009,2026-05-18 10:51:50+05:30,52956.4,0,0.0,0,0.0,0.0,53282.15,53308.4,52783.45,53710.35,0,0.0,0.0,0.0,0.0,-0.01,-1,-1,-0.01,-1,-1,-0.01,-1,-1,-0.01,-1,-1,-0.01,-1,-1,-0.01,-1,-1,-0.01,-1,-1,-0.01,-1,-1,-0.01,-1,-1,-0.01,-1,-1
99926009,2026-05-18 10:51:51+05:30,52956.55,0,0.0,0,0.0,0.0,53282.15,53308.4,52783.45,53710.35,0,0.0,0.0,0.0,0.0,-0.01,-1,-1,-0.01,-1,-1,-0.01,-1,-1,-0.01,-1,-1,-0.01,-1,-1,-0.01,-1,-1,-0.01,-1,-1,-0.01,-1,-1,-0.01,-1,-1,-0.01,-1,-1
99926009,2026-05-18 10:51:51+05:30,52955.1,0,0.0,0,0.0,0.0,53282.15,53308.4,52783.45,53710.35,0,0.0,0.0,0.0,0.0,-0.01,-1,-1,-0.01,-1,-1,-0.01,-1,-1,-0.01,-1,-1,-0.01,-1,-1,-0.01,-1,-1,-0.01,-1,-1,-0.01,-1,-1,-0.01,-1,-1,-0.01,-1,-1
99926009,2026-05-18 10:51:52+05:30,52956.5,0,0.0,0,0.0,0.0,53282.15,53308.4,52783.45,53710.35,0,0.0,0.0,0.0,0.0,-0.01,-1,-1,-0.01,-1,-1,-0.01,-1,-1,-0.01,-1,-1,-0.01,-1,-1,-0.01,-1,-1,-0.01,-1,-1,-0.01,-1,-1,-0.01,-1,-1,-0.01,-1,-1
99926009,2026-05-18 10:51:52+05:30,52955.55,0,0.0,0,0.0,0.0,53282.15,53308.4,52783.45,53710.35,0,0.0,0.0,0.0,0.0,-0.01,-1,-1,-0.01,-1,-1,-0.01,-1,-1,-0.01,-1,-1,-0.01,-1,-1,-0.01,-1,-1,-0.01,-1,-1,-0.01,-1,-1,-0.01,-1,-1,-0.01,-1,-1
99926009,2026-05-18 10:51:53+05:30,52949.3,0,0.0,0,0.0,0.0,53282.15,53308.4,52783.45,53710.35,0,0.0,0.0,0.0,0.0,-0.01,-1,-1,-0.01,-1,-1,-0.01,-1,-1,-0.01,-1,-1,-0.01,-1,-1,-0.01,-1,-1,-0.01,-1,-1,-0.01,-1,-1,-0.01,-1,-1,-0.01,-1,-1
99926009,2026-05-18 10:51:53+05:30,52960.35,0,0.0,0,0.0,0.0,53282.15,53308.4,52783.45,53710.35,0,0.0,0.0,0.0,0.0,-0.01,-1,-1,-0.01,-1,-1,-0.01,-1,-1,-0.01,-1,-1,-0.01,-1,-1,-0.01,-1,-1,-0.01,-1,-1,-0.01,-1,-1,-0.01,-1,-1,-0.01,-1,-1
99926009,2026-05-18 10:51:54+05:30,52960.15,0,0.0,0,0.0,0.0,53282.15,53308.4,52783.45,53710.35,0,0.0,0.0,0.0,0.0,-0.01,-1,-1,-0.01,-1,-1,-0.01,-1,-1,-0.01,-1,-1,-0.01,-1,-1,-0.01,-1,-1,-0.01,-1,-1,-0.01,-1,-1,-0.01,-1,-1,-0.01,-1,-1
99926009,2026-05-18 10:51:54+05:30,52960.55,0,0.0,0,0.0,0.0,53282.15,53308.4,52783.45,53710.35,0,0.0,0.0,0.0,0.0,-0.01,-1,-1,-0.01,-1,-1,-0.01,-1,-1,-0.01,-1,-1,-0.01,-1,-1,-0.01,-1,-1,-0.01,-1,-1,-0.01,-1,-1,-0.01,-1,-1,-0.01,-1,-1
99926009,2026-05-18 10:51:55+05:30,52960.05,0,0.0,0,0.0,0.0,53282.15,53308.4,52783.45,53710.35,0,0.0,0.0,0.0,0.0,-0.01,-1,-1,-0.01,-1,-1,-0.01,-1,-1,-0.01,-1,-1,-0.01,-1,-1,-0.01,-1,-1,-0.01,-1,-1,-0.01,-1,-1,-0.01,-1,-1,-0.01,-1,-1
99926009,2026-05-18 10:51:55+05:30,52958.35,0,0.0,0,0.0,0.0,53282.15,53308.4,52783.45,53710.35,0,0.0,0.0,0.0,0.0,-0.01,-1,-1,-0.01,-1,-1,-0.01,-1,-1,-0.01,-1,-1,-0.01,-1,-1,-0.01,-1,-1,-0.01,-1,-1,-0.01,-1,-1,-0.01,-1,-1,-0.01,-1,-1
99926009,2026-05-18 10:51:56+05:30,52957.7,0,0.0,0,0.0,0.0,53282.15,53308.4,52783.45,53710.35,0,0.0,0.0,0.0,0.0,-0.01,-1,-1,-0.01,-1,-1,-0.01,-1,-1,-0.01,-1,-1,-0.01,-1,-1,-0.01,-1,-1,-0.01,-1,-1,-0.01,-1,-1,-0.01,-1,-1,-0.01,-1,-1
99926009,2026-05-18 10:51:56+05:30,52955.8,0,0.0,0,0.0,0.0,53282.15,53308.4,52783.45,53710.35,0,0.0,0.0,0.0,0.0,-0.01,-1,-1,-0.01,-1,-1,-0.01,-1,-1,-0.01,-1,-1,-0.01,-1,-1,-0.01,-1,-1,-0.01,-1,-1,-0.01,-1,-1,-0.01,-1,-1,-0.01,-1,-1
99926009,2026-05-18 10:51:57+05:30,52955.8,0,0.0,0,0.0,0.0,53282.15,53308.4,52783.45,53710.35,0,0.0,0.0,0.0,0.0,-0.01,-1,-1,-0.01,-1,-1,-0.01,-1,-1,-0.01,-1,-1,-0.01,-1,-1,-0.01,-1,-1,-0.01,-1,-1,-0.01,-1,-1,-0.01,-1,-1,-0.01,-1,-1
99926009,2026-05-18 10:51:57+05:30,52946.05,0,0.0,0,0.0,0.0,53282.15,53308.4,52783.45,53710.35,0,0.0,0.0,0.0,0.0,-0.01,-1,-1,-0.01,-1,-1,-0.01,-1,-1,-0.01,-1,-1,-0.01,-1,-1,-0.01,-1,-1,-0.01,-1,-1,-0.01,-1,-1,-0.01,-1,-1,-0.01,-1,-1
99926009,2026-05-18 10:51:58+05:30,52941.35,0,0.0,0,0.0,0.0,53282.15,53308.4,52783.45,53710.35,0,0.0,0.0,0.0,0.0,-0.01,-1,-1,-0.01,-1,-1,-0.01,-1,-1,-0.01,-1,-1,-0.01,-1,-1,-0.01,-1,-1,-0.01,-1,-1,-0.01,-1,-1,-0.01,-1,-1,-0.01,-1,-1
99926009,2026-05-18 10:51:58+05:30,52942.15,0,0.0,0,0.0,0.0,53282.15,53308.4,52783.45,53710.35,0,0.0,0.0,0.0,0.0,-0.01,-1,-1,-0.01,-1,-1,-0.01,-1,-1,-0.01,-1,-1,-0.01,-1,-1,-0.01,-1,-1,-0.01,-1,-1,-0.01,-1,-1,-0.01,-1,-1,-0.01,-1,-1
99926009,2026-05-18 10:51:59+05:30,52941.95,0,0.0,0,0.0,0.0,53282.15,53308.4,52783.45,53710.35,0,0.0,0.0,0.0,0.0,-0.01,-1,-1,-0.01,-1,-1,-0.01,-1,-1,-0.01,-1,-1,-0.01,-1,-1,-0.01,-1,-1,-0.01,-1,-1,-0.01,-1,-1,-0.01,-1,-1,-0.01,-1,-1
99926009,2026-05-18 10:51:59+05:30,52942.4,0,0.0,0,0.0,0.0,53282.15,53308.4,52783.45,53710.35,0,0.0,0.0,0.0,0.0,-0.01,-1,-1,-0.01,-1,-1,-0.01,-1,-1,-0.01,-1,-1,-0.01,-1,-1,-0.01,-1,-1,-0.01,-1,-1,-0.01,-1,-1,-0.01,-1,-1,-0.01,-1,-1
99926009,2026-05-18 10:52:00+05:30,52943.45,0,0.0,0,0.0,0.0,53282.15,53308.4,52783.45,53710.35,0,0.0,0.0,0.0,0.0,-0.01,-1,-1,-0.01,-1,-1,-0.01,-1,-1,-0.01,-1,-1,-0.01,-1,-1,-0.01,-1,-1,-0.01,-1,-1,-0.01,-1,-1,-0.01,-1,-1,-0.01,-1,-1
99926009,2026-05-18 10:52:00+05:30,52943.75,0,0.0,0,0.0,0.0,53282.15,53308.4,52783.45,53710.35,0,0.0,0.0,0.0,0.0,-0.01,-1,-1,-0.01,-1,-1,-0.01,-1,-1,-0.01,-1,-1,-0.01,-1,-1,-0.01,-1,-1,-0.01,-1,-1,-0.01,-1,-1,-0.01,-1,-1,-0.01,-1,-1
99926009,2026-05-18 10:52:01+05:30,52943.7,0,0.0,0,0.0,0.0,53282.15,53308.4,52783.45,53710.35,0,0.0,0.0,0.0,0.0,-0.01,-1,-1,-0.01,-1,-1,-0.01,-1,-1,-0.01,-1,-1,-0.01,-1,-1,-0.01,-1,-1,-0.01,-1,-1,-0.01,-1,-1,-0.01,-1,-1,-0.01,-1,-1
99926009,2026-05-18 10:52:01+05:30,52939.25,0,0.0,0,0.0,0.0,53282.15,53308.4,52783.45,53710.35,0,0.0,0.0,0.0,0.0,-0.01,-1,-1,-0.01,-1,-1,-0.01,-1,-1,-0.01,-1,-1,-0.01,-1,-1,-0.01,-1,-1,-0.01,-1,-1,-0.01,-1,-1,-0.01,-1,-1,-0.01,-1,-1
99926009,2026-05-18 10:52:02+05:30,52939.35,0,0.0,0,0.0,0.0,53282.15,53308.4,52783.45,53710.35,0,0.0,0.0,0.0,0.0,-0.01,-1,-1,-0.01,-1,-1,-0.01,-1,-1,-0.01,-1,-1,-0.01,-1,-1,-0.01,-1,-1,-0.01,-1,-1,-0.01,-1,-1,-0.01,-1,-1,-0.01,-1,-1
99926009,2026-05-18 10:52:02+05:30,52940.4,0,0.0,0,0.0,0.0,53282.15,53308.4,52783.45,53710.35,0,0.0,0.0,0.0,0.0,-0.01,-1,-1,-0.01,-1,-1,-0.01,-1,-1,-0.01,-1,-1,-0.01,-1,-1,-0.01,-1,-1,-0.01,-1,-1,-0.01,-1,-1,-0.01,-1,-1,-0.01,-1,-1
99926009,2026-05-18 10:52:03+05:30,52939.65,0,0.0,0,0.0,0.0,53282.15,53308.4,52783.45,53710.35,0,0.0,0.0,0.0,0.0,-0.01,-1,-1,-0.01,-1,-1,-0.01,-1,-1,-0.01,-1,-1,-0.01,-1,-1,-0.01,-1,-1,-0.01,-1,-1,-0.01,-1,-1,-0.01,-1,-1,-0.01,-1,-1
99926009,2026-05-18 10:52:03+05:30,52942.4,0,0.0,0,0.0,0.0,53282.15,53308.4,52783.45,53710.35,0,0.0,0.0,0.0,0.0,-0.01,-1,-1,-0.01,-1,-1,-0.01,-1,-1,-0.01,-1,-1,-0.01,-1,-1,-0.01,-1,-1,-0.01,-1,-1,-0.01,-1,-1,-0.01,-1,-1,-0.01,-1,-1
99926009,2026-05-18 10:52:04+05:30,52942.95,0,0.0,0,0.0,0.0,53282.15,53308.4,52783.45,53710.35,0,0.0,0.0,0.0,0.0,-0.01,-1,-1,-0.01,-1,-1,-0.01,-1,-1,-0.01,-1,-1,-0.01,-1,-1,-0.01,-1,-1,-0.01,-1,-1,-0.01,-1,-1,-0.01,-1,-1,-0.01,-1,-1
99926009,2026-05-18 10:52:04+05:30,52940.7,0,0.0,0,0.0,0.0,53282.15,53308.4,52783.45,53710.35,0,0.0,0.0,0.0,0.0,-0.01,-1,-1,-0.01,-1,-1,-0.01,-1,-1,-0.01,-1,-1,-0.01,-1,-1,-0.01,-1,-1,-0.01,-1,-1,-0.01,-1,-1,-0.01,-1,-1,-0.01,-1,-1
99926009,2026-05-18 10:52:05+05:30,52944.15,0,0.0,0,0.0,0.0,53282.15,53308.4,52783.45,53710.35,0,0.0,0.0,0.0,0.0,-0.01,-1,-1,-0.01,-1,-1,-0.01,-1,-1,-0.01,-1,-1,-0.01,-1,-1,-0.01,-1,-1,-0.01,-1,-1,-0.01,-1,-1,-0.01,-1,-1,-0.01,-1,-1
99926009,2026-05-18 10:52:05+05:30,52938.05,0,0.0,0,0.0,0.0,53282.15,53308.4,52783.45,53710.35,0,0.0,0.0,0.0,0.0,-0.01,-1,-1,-0.01,-1,-1,-0.01,-1,-1,-0.01,-1,-1,-0.01,-1,-1,-0.01,-1,-1,-0.01,-1,-1,-0.01,-1,-1,-0.01,-1,-1,-0.01,-1,-1
99926009,2026-05-18 10:52:06+05:30,52941.85,0,0.0,0,0.0,0.0,53282.15,53308.4,52783.45,53710.35,0,0.0,0.0,0.0,0.0,-0.01,-1,-1,-0.01,-1,-1,-0.01,-1,-1,-0.01,-1,-1,-0.01,-1,-1,-0.01,-1,-1,-0.01,-1,-1,-0.01,-1,-1,-0.01,-1,-1,-0.01,-1,-1
99926009,2026-05-18 10:52:06+05:30,52940.75,0,0.0,0,0.0,0.0,53282.15,53308.4,52783.45,53710.35,0,0.0,0.0,0.0,0.0,-0.01,-1,-1,-0.01,-1,-1,-0.01,-1,-1,-0.01,-1,-1,-0.01,-1,-1,-0.01,-1,-1,-0.01,-1,-1,-0.01,-1,-1,-0.01,-1,-1,-0.01,-1,-1
99926009,2026-05-18 10:52:07+05:30,52942.45,0,0.0,0,0.0,0.0,53282.15,53308.4,52783.45,53710.35,0,0.0,0.0,0.0,0.0,-0.01,-1,-1,-0.01,-1,-1,-0.01,-1,-1,-0.01,-1,-1,-0.01,-1,-1,-0.01,-1,-1,-0.01,-1,-1,-0.01,-1,-1,-0.01,-1,-1,-0.01,-1,-1
99926009,2026-05-18 10:52:07+05:30,52941.6,0,0.0,0,0.0,0.0,53282.15,53308.4,52783.45,53710.35,0,0.0,0.0,0.0,0.0,-0.01,-1,-1,-0.01,-1,-1,-0.01,-1,-1,-0.01,-1,-1,-0.01,-1,-1,-0.01,-1,-1,-0.01,-1,-1,-0.01,-1,-1,-0.01,-1,-1,-0.01,-1,-1
99926009,2026-05-18 10:52:08+05:30,52943.4,0,0.0,0,0.0,0.0,53282.15,53308.4,52783.45,53710.35,0,0.0,0.0,0.0,0.0,-0.01,-1,-1,-0.01,-1,-1,-0.01,-1,-1,-0.01,-1,-1,-0.01,-1,-1,-0.01,-1,-1,-0.01,-1,-1,-0.01,-1,-1,-0.01,-1,-1,-0.01,-1,-1
99926009,2026-05-18 10:52:08+05:30,52943.0,0,0.0,0,0.0,0.0,53282.15,53308.4,52783.45,53710.35,0,0.0,0.0,0.0,0.0,-0.01,-1,-1,-0.01,-1,-1,-0.01,-1,-1,-0.01,-1,-1,-0.01,-1,-1,-0.01,-1,-1,-0.01,-1,-1,-0.01,-1,-1,-0.01,-1,-1,-0.01,-1,-1
99926009,2026-05-18 10:52:09+05:30,52942.55,0,0.0,0,0.0,0.0,53282.15,53308.4,52783.45,53710.35,0,0.0,0.0,0.0,0.0,-0.01,-1,-1,-0.01,-1,-1,-0.01,-1,-1,-0.01,-1,-1,-0.01,-1,-1,-0.01,-1,-1,-0.01,-1,-1,-0.01,-1,-1,-0.01,-1,-1,-0.01,-1,-1
99926009,2026-05-18 10:52:09+05:30,52939.3,0,0.0,0,0.0,0.0,53282.15,53308.4,52783.45,53710.35,0,0.0,0.0,0.0,0.0,-0.01,-1,-1,-0.01,-1,-1,-0.01,-1,-1,-0.01,-1,-1,-0.01,-1,-1,-0.01,-1,-1,-0.01,-1,-1,-0.01,-1,-1,-0.01,-1,-1,-0.01,-1,-1
99926009,2026-05-18 10:52:10+05:30,52945.75,0,0.0,0,0.0,0.0,53282.15,53308.4,52783.45,53710.35,0,0.0,0.0,0.0,0.0,-0.01,-1,-1,-0.01,-1,-1,-0.01,-1,-1,-0.01,-1,-1,-0.01,-1,-1,-0.01,-1,-1,-0.01,-1,-1,-0.01,-1,-1,-0.01,-1,-1,-0.01,-1,-1
99926009,2026-05-18 10:52:10+05:30,52944.55,0,0.0,0,0.0,0.0,53282.15,53308.4,52783.45,53710.35,0,0.0,0.0,0.0,0.0,-0.01,-1,-1,-0.01,-1,-1,-0.01,-1,-1,-0.01,-1,-1,-0.01,-1,-1,-0.01,-1,-1,-0.01,-1,-1,-0.01,-1,-1,-0.01,-1,-1,-0.01,-1,-1
99926009,2026-05-18 10:52:11+05:30,52944.7,0,0.0,0,0.0,0.0,53282.15,53308.4,52783.45,53710.35,0,0.0,0.0,0.0,0.0,-0.01,-1,-1,-0.01,-1,-1,-0.01,-1,-1,-0.01,-1,-1,-0.01,-1,-1,-0.01,-1,-1,-0.01,-1,-1,-0.01,-1,-1,-0.01,-1,-1,-0.01,-1,-1
99926009,2026-05-18 10:52:11+05:30,52939.85,0,0.0,0,0.0,0.0,53282.15,53308.4,52783.45,53710.35,0,0.0,0.0,0.0,0.0,-0.01,-1,-1,-0.01,-1,-1,-0.01,-1,-1,-0.01,-1,-1,-0.01,-1,-1,-0.01,-1,-1,-0.01,-1,-1,-0.01,-1,-1,-0.01,-1,-1,-0.01,-1,-1
99926009,2026-05-18 10:52:12+05:30,52941.7,0,0.0,0,0.0,0.0,53282.15,53308.4,52783.45,53710.35,0,0.0,0.0,0.0,0.0,-0.01,-1,-1,-0.01,-1,-1,-0.01,-1,-1,-0.01,-1,-1,-0.01,-1,-1,-0.01,-1,-1,-0.01,-1,-1,-0.01,-1,-1,-0.01,-1,-1,-0.01,-1,-1
99926009,2026-05-18 10:52:12+05:30,52939.75,0,0.0,0,0.0,0.0,53282.15,53308.4,52783.45,53710.35,0,0.0,0.0,0.0,0.0,-0.01,-1,-1,-0.01,-1,-1,-0.01,-1,-1,-0.01,-1,-1,-0.01,-1,-1,-0.01,-1,-1,-0.01,-1,-1,-0.01,-1,-1,-0.01,-1,-1,-0.01,-1,-1
99926009,2026-05-18 10:52:13+05:30,52943.1,0,0.0,0,0.0,0.0,53282.15,53308.4,52783.45,53710.35,0,0.0,0.0,0.0,0.0,-0.01,-1,-1,-0.01,-1,-1,-0.01,-1,-1,-0.01,-1,-1,-0.01,-1,-1,-0.01,-1,-1,-0.01,-1,-1,-0.01,-1,-1,-0.01,-1,-1,-0.01,-1,-1
99926009,2026-05-18 10:52:13+05:30,52941.45,0,0.0,0,0.0,0.0,53282.15,53308.4,52783.45,53710.35,0,0.0,0.0,0.0,0.0,-0.01,-1,-1,-0.01,-1,-1,-0.01,-1,-1,-0.01,-1,-1,-0.01,-1,-1,-0.01,-1,-1,-0.01,-1,-1,-0.01,-1,-1,-0.01,-1,-1,-0.01,-1,-1
99926009,2026-05-18 10:52:14+05:30,52941.9,0,0.0,0,0.0,0.0,53282.15,53308.4,52783.45,53710.35,0,0.0,0.0,0.0,0.0,-0.01,-1,-1,-0.01,-1,-1,-0.01,-1,-1,-0.01,-1,-1,-0.01,-1,-1,-0.01,-1,-1,-0.01,-1,-1,-0.01,-1,-1,-0.01,-1,-1,-0.01,-1,-1
99926009,2026-05-18 10:52:14+05:30,52944.0,0,0.0,0,0.0,0.0,53282.15,53308.4,52783.45,53710.35,0,0.0,0.0,0.0,0.0,-0.01,-1,-1,-0.01,-1,-1,-0.01,-1,-1,-0.01,-1,-1,-0.01,-1,-1,-0.01,-1,-1,-0.01,-1,-1,-0.01,-1,-1,-0.01,-1,-1,-0.01,-1,-1
99926009,2026-05-18 10:52:15+05:30,52944.8,0,0.0,0,0.0,0.0,53282.15,53308.4,52783.45,53710.35,0,0.0,0.0,0.0,0.0,-0.01,-1,-1,-0.01,-1,-1,-0.01,-1,-1,-0.01,-1,-1,-0.01,-1,-1,-0.01,-1,-1,-0.01,-1,-1,-0.01,-1,-1,-0.01,-1,-1,-0.01,-1,-1
99926009,2026-05-18 10:52:15+05:30,52945.45,0,0.0,0,0.0,0.0,53282.15,53308.4,52783.45,53710.35,0,0.0,0.0,0.0,0.0,-0.01,-1,-1,-0.01,-1,-1,-0.01,-1,-1,-0.01,-1,-1,-0.01,-1,-1,-0.01,-1,-1,-0.01,-1,-1,-0.01,-1,-1,-0.01,-1,-1,-0.01,-1,-1
99926009,2026-05-18 10:52:16+05:30,52947.8,0,0.0,0,0.0,0.0,53282.15,53308.4,52783.45,53710.35,0,0.0,0.0,0.0,0.0,-0.01,-1,-1,-0.01,-1,-1,-0.01,-1,-1,-0.01,-1,-1,-0.01,-1,-1,-0.01,-1,-1,-0.01,-1,-1,-0.01,-1,-1,-0.01,-1,-1,-0.01,-1,-1
99926009,2026-05-18 10:52:16+05:30,52948.35,0,0.0,0,0.0,0.0,53282.15,53308.4,52783.45,53710.35,0,0.0,0.0,0.0,0.0,-0.01,-1,-1,-0.01,-1,-1,-0.01,-1,-1,-0.01,-1,-1,-0.01,-1,-1,-0.01,-1,-1,-0.01,-1,-1,-0.01,-1,-1,-0.01,-1,-1,-0.01,-1,-1
99926009,2026-05-18 10:52:17+05:30,52949.6,0,0.0,0,0.0,0.0,53282.15,53308.4,52783.45,53710.35,0,0.0,0.0,0.0,0.0,-0.01,-1,-1,-0.01,-1,-1,-0.01,-1,-1,-0.01,-1,-1,-0.01,-1,-1,-0.01,-1,-1,-0.01,-1,-1,-0.01,-1,-1,-0.01,-1,-1,-0.01,-1,-1
99926009,2026-05-18 10:52:17+05:30,52946.9,0,0.0,0,0.0,0.0,53282.15,53308.4,52783.45,53710.35,0,0.0,0.0,0.0,0.0,-0.01,-1,-1,-0.01,-1,-1,-0.01,-1,-1,-0.01,-1,-1,-0.01,-1,-1,-0.01,-1,-1,-0.01,-1,-1,-0.01,-1,-1,-0.01,-1,-1,-0.01,-1,-1
99926009,2026-05-18 10:52:18+05:30,52949.05,0,0.0,0,0.0,0.0,53282.15,53308.4,52783.45,53710.35,0,0.0,0.0,0.0,0.0,-0.01,-1,-1,-0.01,-1,-1,-0.01,-1,-1,-0.01,-1,-1,-0.01,-1,-1,-0.01,-1,-1,-0.01,-1,-1,-0.01,-1,-1,-0.01,-1,-1,-0.01,-1,-1
99926009,2026-05-18 10:52:18+05:30,52949.9,0,0.0,0,0.0,0.0,53282.15,53308.4,52783.45,53710.35,0,0.0,0.0,0.0,0.0,-0.01,-1,-1,-0.01,-1,-1,-0.01,-1,-1,-0.01,-1,-1,-0.01,-1,-1,-0.01,-1,-1,-0.01,-1,-1,-0.01,-1,-1,-0.01,-1,-1,-0.01,-1,-1
99926009,2026-05-18 10:52:19+05:30,52951.15,0,0.0,0,0.0,0.0,53282.15,53308.4,52783.45,53710.35,0,0.0,0.0,0.0,0.0,-0.01,-1,-1,-0.01,-1,-1,-0.01,-1,-1,-0.01,-1,-1,-0.01,-1,-1,-0.01,-1,-1,-0.01,-1,-1,-0.01,-1,-1,-0.01,-1,-1,-0.01,-1,-1
99926009,2026-05-18 10:52:19+05:30,52947.65,0,0.0,0,0.0,0.0,53282.15,53308.4,52783.45,53710.35,0,0.0,0.0,0.0,0.0,-0.01,-1,-1,-0.01,-1,-1,-0.01,-1,-1,-0.01,-1,-1,-0.01,-1,-1,-0.01,-1,-1,-0.01,-1,-1,-0.01,-1,-1,-0.01,-1,-1,-0.01,-1,-1
99926009,2026-05-18 10:52:20+05:30,52952.3,0,0.0,0,0.0,0.0,53282.15,53308.4,52783.45,53710.35,0,0.0,0.0,0.0,0.0,-0.01,-1,-1,-0.01,-1,-1,-0.01,-1,-1,-0.01,-1,-1,-0.01,-1,-1,-0.01,-1,-1,-0.01,-1,-1,-0.01,-1,-1,-0.01,-1,-1,-0.01,-1,-1
99926009,2026-05-18 10:52:20+05:30,52948.7,0,0.0,0,0.0,0.0,53282.15,53308.4,52783.45,53710.35,0,0.0,0.0,0.0,0.0,-0.01,-1,-1,-0.01,-1,-1,-0.01,-1,-1,-0.01,-1,-1,-0.01,-1,-1,-0.01,-1,-1,-0.01,-1,-1,-0.01,-1,-1,-0.01,-1,-1,-0.01,-1,-1
99926009,2026-05-18 10:52:21+05:30,52954.15,0,0.0,0,0.0,0.0,53282.15,53308.4,52783.45,53710.35,0,0.0,0.0,0.0,0.0,-0.01,-1,-1,-0.01,-1,-1,-0.01,-1,-1,-0.01,-1,-1,-0.01,-1,-1,-0.01,-1,-1,-0.01,-1,-1,-0.01,-1,-1,-0.01,-1,-1,-0.01,-1,-1
99926009,2026-05-18 10:52:21+05:30,52952.15,0,0.0,0,0.0,0.0,53282.15,53308.4,52783.45,53710.35,0,0.0,0.0,0.0,0.0,-0.01,-1,-1,-0.01,-1,-1,-0.01,-1,-1,-0.01,-1,-1,-0.01,-1,-1,-0.01,-1,-1,-0.01,-1,-1,-0.01,-1,-1,-0.01,-1,-1,-0.01,-1,-1
99926009,2026-05-18 10:52:22+05:30,52954.45,0,0.0,0,0.0,0.0,53282.15,53308.4,52783.45,53710.35,0,0.0,0.0,0.0,0.0,-0.01,-1,-1,-0.01,-1,-1,-0.01,-1,-1,-0.01,-1,-1,-0.01,-1,-1,-0.01,-1,-1,-0.01,-1,-1,-0.01,-1,-1,-0.01,-1,-1,-0.01,-1,-1
99926009,2026-05-18 10:52:22+05:30,52958.7,0,0.0,0,0.0,0.0,53282.15,53308.4,52783.45,53710.35,0,0.0,0.0,0.0,0.0,-0.01,-1,-1,-0.01,-1,-1,-0.01,-1,-1,-0.01,-1,-1,-0.01,-1,-1,-0.01,-1,-1,-0.01,-1,-1,-0.01,-1,-1,-0.01,-1,-1,-0.01,-1,-1
99926009,2026-05-18 10:52:23+05:30,52958.8,0,0.0,0,0.0,0.0,53282.15,53308.4,52783.45,53710.35,0,0.0,0.0,0.0,0.0,-0.01,-1,-1,-0.01,-1,-1,-0.01,-1,-1,-0.01,-1,-1,-0.01,-1,-1,-0.01,-1,-1,-0.01,-1,-1,-0.01,-1,-1,-0.01,-1,-1,-0.01,-1,-1
99926009,2026-05-18 10:52:23+05:30,52957.5,0,0.0,0,0.0,0.0,53282.15,53308.4,52783.45,53710.35,0,0.0,0.0,0.0,0.0,-0.01,-1,-1,-0.01,-1,-1,-0.01,-1,-1,-0.01,-1,-1,-0.01,-1,-1,-0.01,-1,-1,-0.01,-1,-1,-0.01,-1,-1,-0.01,-1,-1,-0.01,-1,-1
99926009,2026-05-18 10:52:24+05:30,52960.45,0,0.0,0,0.0,0.0,53282.15,53308.4,52783.45,53710.35,0,0.0,0.0,0.0,0.0,-0.01,-1,-1,-0.01,-1,-1,-0.01,-1,-1,-0.01,-1,-1,-0.01,-1,-1,-0.01,-1,-1,-0.01,-1,-1,-0.01,-1,-1,-0.01,-1,-1,-0.01,-1,-1
99926009,2026-05-18 10:52:24+05:30,52960.3,0,0.0,0,0.0,0.0,53282.15,53308.4,52783.45,53710.35,0,0.0,0.0,0.0,0.0,-0.01,-1,-1,-0.01,-1,-1,-0.01,-1,-1,-0.01,-1,-1,-0.01,-1,-1,-0.01,-1,-1,-0.01,-1,-1,-0.01,-1,-1,-0.01,-1,-1,-0.01,-1,-1
99926009,2026-05-18 10:52:25+05:30,52963.7,0,0.0,0,0.0,0.0,53282.15,53308.4,52783.45,53710.35,0,0.0,0.0,0.0,0.0,-0.01,-1,-1,-0.01,-1,-1,-0.01,-1,-1,-0.01,-1,-1,-0.01,-1,-1,-0.01,-1,-1,-0.01,-1,-1,-0.01,-1,-1,-0.01,-1,-1,-0.01,-1,-1
99926009,2026-05-18 10:52:25+05:30,52960.15,0,0.0,0,0.0,0.0,53282.15,53308.4,52783.45,53710.35,0,0.0,0.0,0.0,0.0,-0.01,-1,-1,-0.01,-1,-1,-0.01,-1,-1,-0.01,-1,-1,-0.01,-1,-1,-0.01,-1,-1,-0.01,-1,-1,-0.01,-1,-1,-0.01,-1,-1,-0.01,-1,-1
99926009,2026-05-18 10:52:26+05:30,52961.6,0,0.0,0,0.0,0.0,53282.15,53308.4,52783.45,53710.35,0,0.0,0.0,0.0,0.0,-0.01,-1,-1,-0.01,-1,-1,-0.01,-1,-1,-0.01,-1,-1,-0.01,-1,-1,-0.01,-1,-1,-0.01,-1,-1,-0.01,-1,-1,-0.01,-1,-1,-0.01,-1,-1
99926009,2026-05-18 10:52:26+05:30,52960.3,0,0.0,0,0.0,0.0,53282.15,53308.4,52783.45,53710.35,0,0.0,0.0,0.0,0.0,-0.01,-1,-1,-0.01,-1,-1,-0.01,-1,-1,-0.01,-1,-1,-0.01,-1,-1,-0.01,-1,-1,-0.01,-1,-1,-0.01,-1,-1,-0.01,-1,-1,-0.01,-1,-1
99926009,2026-05-18 10:52:27+05:30,52961.6,0,0.0,0,0.0,0.0,53282.15,53308.4,52783.45,53710.35,0,0.0,0.0,0.0,0.0,-0.01,-1,-1,-0.01,-1,-1,-0.01,-1,-1,-0.01,-1,-1,-0.01,-1,-1,-0.01,-1,-1,-0.01,-1,-1,-0.01,-1,-1,-0.01,-1,-1,-0.01,-1,-1
99926009,2026-05-18 10:52:27+05:30,52961.9,0,0.0,0,0.0,0.0,53282.15,53308.4,52783.45,53710.35,0,0.0,0.0,0.0,0.0,-0.01,-1,-1,-0.01,-1,-1,-0.01,-1,-1,-0.01,-1,-1,-0.01,-1,-1,-0.01,-1,-1,-0.01,-1,-1,-0.01,-1,-1,-0.01,-1,-1,-0.01,-1,-1
99926009,2026-05-18 10:52:28+05:30,52958.35,0,0.0,0,0.0,0.0,53282.15,53308.4,52783.45,53710.35,0,0.0,0.0,0.0,0.0,-0.01,-1,-1,-0.01,-1,-1,-0.01,-1,-1,-0.01,-1,-1,-0.01,-1,-1,-0.01,-1,-1,-0.01,-1,-1,-0.01,-1,-1,-0.01,-1,-1,-0.01,-1,-1
99926009,2026-05-18 10:52:28+05:30,52959.5,0,0.0,0,0.0,0.0,53282.15,53308.4,52783.45,53710.35,0,0.0,0.0,0.0,0.0,-0.01,-1,-1,-0.01,-1,-1,-0.01,-1,-1,-0.01,-1,-1,-0.01,-1,-1,-0.01,-1,-1,-0.01,-1,-1,-0.01,-1,-1,-0.01,-1,-1,-0.01,-1,-1
99926009,2026-05-18 10:52:29+05:30,52960.35,0,0.0,0,0.0,0.0,53282.15,53308.4,52783.45,53710.35,0,0.0,0.0,0.0,0.0,-0.01,-1,-1,-0.01,-1,-1,-0.01,-1,-1,-0.01,-1,-1,-0.01,-1,-1,-0.01,-1,-1,-0.01,-1,-1,-0.01,-1,-1,-0.01,-1,-1,-0.01,-1,-1
99926009,2026-05-18 10:52:29+05:30,52954.0,0,0.0,0,0.0,0.0,53282.15,53308.4,52783.45,53710.35,0,0.0,0.0,0.0,0.0,-0.01,-1,-1,-0.01,-1,-1,-0.01,-1,-1,-0.01,-1,-1,-0.01,-1,-1,-0.01,-1,-1,-0.01,-1,-1,-0.01,-1,-1,-0.01,-1,-1,-0.01,-1,-1
99926009,2026-05-18 10:52:30+05:30,52954.65,0,0.0,0,0.0,0.0,53282.15,53308.4,52783.45,53710.35,0,0.0,0.0,0.0,0.0,-0.01,-1,-1,-0.01,-1,-1,-0.01,-1,-1,-0.01,-1,-1,-0.01,-1,-1,-0.01,-1,-1,-0.01,-1,-1,-0.01,-1,-1,-0.01,-1,-1,-0.01,-1,-1
99926009,2026-05-18 10:52:30+05:30,52954.9,0,0.0,0,0.0,0.0,53282.15,53308.4,52783.45,53710.35,0,0.0,0.0,0.0,0.0,-0.01,-1,-1,-0.01,-1,-1,-0.01,-1,-1,-0.01,-1,-1,-0.01,-1,-1,-0.01,-1,-1,-0.01,-1,-1,-0.01,-1,-1,-0.01,-1,-1,-0.01,-1,-1
99926009,2026-05-18 10:52:31+05:30,52956.0,0,0.0,0,0.0,0.0,53282.15,53308.4,52783.45,53710.35,0,0.0,0.0,0.0,0.0,-0.01,-1,-1,-0.01,-1,-1,-0.01,-1,-1,-0.01,-1,-1,-0.01,-1,-1,-0.01,-1,-1,-0.01,-1,-1,-0.01,-1,-1,-0.01,-1,-1,-0.01,-1,-1
99926009,2026-05-18 10:52:31+05:30,52957.3,0,0.0,0,0.0,0.0,53282.15,53308.4,52783.45,53710.35,0,0.0,0.0,0.0,0.0,-0.01,-1,-1,-0.01,-1,-1,-0.01,-1,-1,-0.01,-1,-1,-0.01,-1,-1,-0.01,-1,-1,-0.01,-1,-1,-0.01,-1,-1,-0.01,-1,-1,-0.01,-1,-1
99926009,2026-05-18 10:52:32+05:30,52956.1,0,0.0,0,0.0,0.0,53282.15,53308.4,52783.45,53710.35,0,0.0,0.0,0.0,0.0,-0.01,-1,-1,-0.01,-1,-1,-0.01,-1,-1,-0.01,-1,-1,-0.01,-1,-1,-0.01,-1,-1,-0.01,-1,-1,-0.01,-1,-1,-0.01,-1,-1,-0.01,-1,-1
99926009,2026-05-18 10:52:32+05:30,52956.85,0,0.0,0,0.0,0.0,53282.15,53308.4,52783.45,53710.35,0,0.0,0.0,0.0,0.0,-0.01,-1,-1,-0.01,-1,-1,-0.01,-1,-1,-0.01,-1,-1,-0.01,-1,-1,-0.01,-1,-1,-0.01,-1,-1,-0.01,-1,-1,-0.01,-1,-1,-0.01,-1,-1
99926009,2026-05-18 10:52:33+05:30,52953.45,0,0.0,0,0.0,0.0,53282.15,53308.4,52783.45,53710.35,0,0.0,0.0,0.0,0.0,-0.01,-1,-1,-0.01,-1,-1,-0.01,-1,-1,-0.01,-1,-1,-0.01,-1,-1,-0.01,-1,-1,-0.01,-1,-1,-0.01,-1,-1,-0.01,-1,-1,-0.01,-1,-1
99926009,2026-05-18 10:52:33+05:30,52953.0,0,0.0,0,0.0,0.0,53282.15,53308.4,52783.45,53710.35,0,0.0,0.0,0.0,0.0,-0.01,-1,-1,-0.01,-1,-1,-0.01,-1,-1,-0.01,-1,-1,-0.01,-1,-1,-0.01,-1,-1,-0.01,-1,-1,-0.01,-1,-1,-0.01,-1,-1,-0.01,-1,-1
99926009,2026-05-18 10:52:34+05:30,52954.65,0,0.0,0,0.0,0.0,53282.15,53308.4,52783.45,53710.35,0,0.0,0.0,0.0,0.0,-0.01,-1,-1,-0.01,-1,-1,-0.01,-1,-1,-0.01,-1,-1,-0.01,-1,-1,-0.01,-1,-1,-0.01,-1,-1,-0.01,-1,-1,-0.01,-1,-1,-0.01,-1,-1
99926009,2026-05-18 10:52:34+05:30,52954.6,0,0.0,0,0.0,0.0,53282.15,53308.4,52783.45,53710.35,0,0.0,0.0,0.0,0.0,-0.01,-1,-1,-0.01,-1,-1,-0.01,-1,-1,-0.01,-1,-1,-0.01,-1,-1,-0.01,-1,-1,-0.01,-1,-1,-0.01,-1,-1,-0.01,-1,-1,-0.01,-1,-1
99926009,2026-05-18 10:52:35+05:30,52954.85,0,0.0,0,0.0,0.0,53282.15,53308.4,52783.45,53710.35,0,0.0,0.0,0.0,0.0,-0.01,-1,-1,-0.01,-1,-1,-0.01,-1,-1,-0.01,-1,-1,-0.01,-1,-1,-0.01,-1,-1,-0.01,-1,-1,-0.01,-1,-1,-0.01,-1,-1,-0.01,-1,-1
99926009,2026-05-18 10:52:35+05:30,52956.6,0,0.0,0,0.0,0.0,53282.15,53308.4,52783.45,53710.35,0,0.0,0.0,0.0,0.0,-0.01,-1,-1,-0.01,-1,-1,-0.01,-1,-1,-0.01,-1,-1,-0.01,-1,-1,-0.01,-1,-1,-0.01,-1,-1,-0.01,-1,-1,-0.01,-1,-1,-0.01,-1,-1
99926009,2026-05-18 10:52:36+05:30,52957.2,0,0.0,0,0.0,0.0,53282.15,53308.4,52783.45,53710.35,0,0.0,0.0,0.0,0.0,-0.01,-1,-1,-0.01,-1,-1,-0.01,-1,-1,-0.01,-1,-1,-0.01,-1,-1,-0.01,-1,-1,-0.01,-1,-1,-0.01,-1,-1,-0.01,-1,-1,-0.01,-1,-1
99926009,2026-05-18 10:52:36+05:30,52959.65,0,0.0,0,0.0,0.0,53282.15,53308.4,52783.45,53710.35,0,0.0,0.0,0.0,0.0,-0.01,-1,-1,-0.01,-1,-1,-0.01,-1,-1,-0.01,-1,-1,-0.01,-1,-1,-0.01,-1,-1,-0.01,-1,-1,-0.01,-1,-1,-0.01,-1,-1,-0.01,-1,-1
99926009,2026-05-18 10:52:37+05:30,52958.1,0,0.0,0,0.0,0.0,53282.15,53308.4,52783.45,53710.35,0,0.0,0.0,0.0,0.0,-0.01,-1,-1,-0.01,-1,-1,-0.01,-1,-1,-0.01,-1,-1,-0.01,-1,-1,-0.01,-1,-1,-0.01,-1,-1,-0.01,-1,-1,-0.01,-1,-1,-0.01,-1,-1
99926009,2026-05-18 10:52:37+05:30,52958.85,0,0.0,0,0.0,0.0,53282.15,53308.4,52783.45,53710.35,0,0.0,0.0,0.0,0.0,-0.01,-1,-1,-0.01,-1,-1,-0.01,-1,-1,-0.01,-1,-1,-0.01,-1,-1,-0.01,-1,-1,-0.01,-1,-1,-0.01,-1,-1,-0.01,-1,-1,-0.01,-1,-1
99926009,2026-05-18 10:52:38+05:30,52959.2,0,0.0,0,0.0,0.0,53282.15,53308.4,52783.45,53710.35,0,0.0,0.0,0.0,0.0,-0.01,-1,-1,-0.01,-1,-1,-0.01,-1,-1,-0.01,-1,-1,-0.01,-1,-1,-0.01,-1,-1,-0.01,-1,-1,-0.01,-1,-1,-0.01,-1,-1,-0.01,-1,-1
99926009,2026-05-18 10:52:38+05:30,52959.35,0,0.0,0,0.0,0.0,53282.15,53308.4,52783.45,53710.35,0,0.0,0.0,0.0,0.0,-0.01,-1,-1,-0.01,-1,-1,-0.01,-1,-1,-0.01,-1,-1,-0.01,-1,-1,-0.01,-1,-1,-0.01,-1,-1,-0.01,-1,-1,-0.01,-1,-1,-0.01,-1,-1
99926009,2026-05-18 10:52:39+05:30,52956.95,0,0.0,0,0.0,0.0,53282.15,53308.4,52783.45,53710.35,0,0.0,0.0,0.0,0.0,-0.01,-1,-1,-0.01,-1,-1,-0.01,-1,-1,-0.01,-1,-1,-0.01,-1,-1,-0.01,-1,-1,-0.01,-1,-1,-0.01,-1,-1,-0.01,-1,-1,-0.01,-1,-1
99926009,2026-05-18 10:52:39+05:30,52957.8,0,0.0,0,0.0,0.0,53282.15,53308.4,52783.45,53710.35,0,0.0,0.0,0.0,0.0,-0.01,-1,-1,-0.01,-1,-1,-0.01,-1,-1,-0.01,-1,-1,-0.01,-1,-1,-0.01,-1,-1,-0.01,-1,-1,-0.01,-1,-1,-0.01,-1,-1,-0.01,-1,-1
99926009,2026-05-18 10:52:40+05:30,52959.35,0,0.0,0,0.0,0.0,53282.15,53308.4,52783.45,53710.35,0,0.0,0.0,0.0,0.0,-0.01,-1,-1,-0.01,-1,-1,-0.01,-1,-1,-0.01,-1,-1,-0.01,-1,-1,-0.01,-1,-1,-0.01,-1,-1,-0.01,-1,-1,-0.01,-1,-1,-0.01,-1,-1
99926009,2026-05-18 10:52:40+05:30,52961.1,0,0.0,0,0.0,0.0,53282.15,53308.4,52783.45,53710.35,0,0.0,0.0,0.0,0.0,-0.01,-1,-1,-0.01,-1,-1,-0.01,-1,-1,-0.01,-1,-1,-0.01,-1,-1,-0.01,-1,-1,-0.01,-1,-1,-0.01,-1,-1,-0.01,-1,-1,-0.01,-1,-1
99926009,2026-05-18 10:52:41+05:30,52959.85,0,0.0,0,0.0,0.0,53282.15,53308.4,52783.45,53710.35,0,0.0,0.0,0.0,0.0,-0.01,-1,-1,-0.01,-1,-1,-0.01,-1,-1,-0.01,-1,-1,-0.01,-1,-1,-0.01,-1,-1,-0.01,-1,-1,-0.01,-1,-1,-0.01,-1,-1,-0.01,-1,-1
99926009,2026-05-18 10:52:41+05:30,52959.35,0,0.0,0,0.0,0.0,53282.15,53308.4,52783.45,53710.35,0,0.0,0.0,0.0,0.0,-0.01,-1,-1,-0.01,-1,-1,-0.01,-1,-1,-0.01,-1,-1,-0.01,-1,-1,-0.01,-1,-1,-0.01,-1,-1,-0.01,-1,-1,-0.01,-1,-1,-0.01,-1,-1
99926009,2026-05-18 10:52:42+05:30,52961.4,0,0.0,0,0.0,0.0,53282.15,53308.4,52783.45,53710.35,0,0.0,0.0,0.0,0.0,-0.01,-1,-1,-0.01,-1,-1,-0.01,-1,-1,-0.01,-1,-1,-0.01,-1,-1,-0.01,-1,-1,-0.01,-1,-1,-0.01,-1,-1,-0.01,-1,-1,-0.01,-1,-1
99926009,2026-05-18 10:52:42+05:30,52959.8,0,0.0,0,0.0,0.0,53282.15,53308.4,52783.45,53710.35,0,0.0,0.0,0.0,0.0,-0.01,-1,-1,-0.01,-1,-1,-0.01,-1,-1,-0.01,-1,-1,-0.01,-1,-1,-0.01,-1,-1,-0.01,-1,-1,-0.01,-1,-1,-0.01,-1,-1,-0.01,-1,-1
99926009,2026-05-18 10:52:43+05:30,52959.5,0,0.0,0,0.0,0.0,53282.15,53308.4,52783.45,53710.35,0,0.0,0.0,0.0,0.0,-0.01,-1,-1,-0.01,-1,-1,-0.01,-1,-1,-0.01,-1,-1,-0.01,-1,-1,-0.01,-1,-1,-0.01,-1,-1,-0.01,-1,-1,-0.01,-1,-1,-0.01,-1,-1
99926009,2026-05-18 10:52:43+05:30,52958.8,0,0.0,0,0.0,0.0,53282.15,53308.4,52783.45,53710.35,0,0.0,0.0,0.0,0.0,-0.01,-1,-1,-0.01,-1,-1,-0.01,-1,-1,-0.01,-1,-1,-0.01,-1,-1,-0.01,-1,-1,-0.01,-1,-1,-0.01,-1,-1,-0.01,-1,-1,-0.01,-1,-1
99926009,2026-05-18 10:52:44+05:30,52961.6,0,0.0,0,0.0,0.0,53282.15,53308.4,52783.45,53710.35,0,0.0,0.0,0.0,0.0,-0.01,-1,-1,-0.01,-1,-1,-0.01,-1,-1,-0.01,-1,-1,-0.01,-1,-1,-0.01,-1,-1,-0.01,-1,-1,-0.01,-1,-1,-0.01,-1,-1,-0.01,-1,-1
99926009,2026-05-18 10:52:44+05:30,52961.6,0,0.0,0,0.0,0.0,53282.15,53308.4,52783.45,53710.35,0,0.0,0.0,0.0,0.0,-0.01,-1,-1,-0.01,-1,-1,-0.01,-1,-1,-0.01,-1,-1,-0.01,-1,-1,-0.01,-1,-1,-0.01,-1,-1,-0.01,-1,-1,-0.01,-1,-1,-0.01,-1,-1
99926009,2026-05-18 10:52:45+05:30,52962.3,0,0.0,0,0.0,0.0,53282.15,53308.4,52783.45,53710.35,0,0.0,0.0,0.0,0.0,-0.01,-1,-1,-0.01,-1,-1,-0.01,-1,-1,-0.01,-1,-1,-0.01,-1,-1,-0.01,-1,-1,-0.01,-1,-1,-0.01,-1,-1,-0.01,-1,-1,-0.01,-1,-1
99926009,2026-05-18 10:52:45+05:30,52961.3,0,0.0,0,0.0,0.0,53282.15,53308.4,52783.45,53710.35,0,0.0,0.0,0.0,0.0,-0.01,-1,-1,-0.01,-1,-1,-0.01,-1,-1,-0.01,-1,-1,-0.01,-1,-1,-0.01,-1,-1,-0.01,-1,-1,-0.01,-1,-1,-0.01,-1,-1,-0.01,-1,-1
99926009,2026-05-18 10:52:46+05:30,52957.6,0,0.0,0,0.0,0.0,53282.15,53308.4,52783.45,53710.35,0,0.0,0.0,0.0,0.0,-0.01,-1,-1,-0.01,-1,-1,-0.01,-1,-1,-0.01,-1,-1,-0.01,-1,-1,-0.01,-1,-1,-0.01,-1,-1,-0.01,-1,-1,-0.01,-1,-1,-0.01,-1,-1
99926009,2026-05-18 10:52:46+05:30,52957.05,0,0.0,0,0.0,0.0,53282.15,53308.4,52783.45,53710.35,0,0.0,0.0,0.0,0.0,-0.01,-1,-1,-0.01,-1,-1,-0.01,-1,-1,-0.01,-1,-1,-0.01,-1,-1,-0.01,-1,-1,-0.01,-1,-1,-0.01,-1,-1,-0.01,-1,-1,-0.01,-1,-1
99926009,2026-05-18 10:52:47+05:30,52959.25,0,0.0,0,0.0,0.0,53282.15,53308.4,52783.45,53710.35,0,0.0,0.0,0.0,0.0,-0.01,-1,-1,-0.01,-1,-1,-0.01,-1,-1,-0.01,-1,-1,-0.01,-1,-1,-0.01,-1,-1,-0.01,-1,-1,-0.01,-1,-1,-0.01,-1,-1,-0.01,-1,-1
99926009,2026-05-18 10:52:47+05:30,52958.75,0,0.0,0,0.0,0.0,53282.15,53308.4,52783.45,53710.35,0,0.0,0.0,0.0,0.0,-0.01,-1,-1,-0.01,-1,-1,-0.01,-1,-1,-0.01,-1,-1,-0.01,-1,-1,-0.01,-1,-1,-0.01,-1,-1,-0.01,-1,-1,-0.01,-1,-1,-0.01,-1,-1
99926009,2026-05-18 10:52:48+05:30,52958.55,0,0.0,0,0.0,0.0,53282.15,53308.4,52783.45,53710.35,0,0.0,0.0,0.0,0.0,-0.01,-1,-1,-0.01,-1,-1,-0.01,-1,-1,-0.01,-1,-1,-0.01,-1,-1,-0.01,-1,-1,-0.01,-1,-1,-0.01,-1,-1,-0.01,-1,-1,-0.01,-1,-1
99926009,2026-05-18 10:52:48+05:30,52960.0,0,0.0,0,0.0,0.0,53282.15,53308.4,52783.45,53710.35,0,0.0,0.0,0.0,0.0,-0.01,-1,-1,-0.01,-1,-1,-0.01,-1,-1,-0.01,-1,-1,-0.01,-1,-1,-0.01,-1,-1,-0.01,-1,-1,-0.01,-1,-1,-0.01,-1,-1,-0.01,-1,-1
99926009,2026-05-18 10:52:49+05:30,52959.8,0,0.0,0,0.0,0.0,53282.15,53308.4,52783.45,53710.35,0,0.0,0.0,0.0,0.0,-0.01,-1,-1,-0.01,-1,-1,-0.01,-1,-1,-0.01,-1,-1,-0.01,-1,-1,-0.01,-1,-1,-0.01,-1,-1,-0.01,-1,-1,-0.01,-1,-1,-0.01,-1,-1
99926009,2026-05-18 10:52:49+05:30,52961.35,0,0.0,0,0.0,0.0,53282.15,53308.4,52783.45,53710.35,0,0.0,0.0,0.0,0.0,-0.01,-1,-1,-0.01,-1,-1,-0.01,-1,-1,-0.01,-1,-1,-0.01,-1,-1,-0.01,-1,-1,-0.01,-1,-1,-0.01,-1,-1,-0.01,-1,-1,-0.01,-1,-1
99926009,2026-05-18 10:52:50+05:30,52963.2,0,0.0,0,0.0,0.0,53282.15,53308.4,52783.45,53710.35,0,0.0,0.0,0.0,0.0,-0.01,-1,-1,-0.01,-1,-1,-0.01,-1,-1,-0.01,-1,-1,-0.01,-1,-1,-0.01,-1,-1,-0.01,-1,-1,-0.01,-1,-1,-0.01,-1,-1,-0.01,-1,-1
99926009,2026-05-18 10:52:50+05:30,52963.7,0,0.0,0,0.0,0.0,53282.15,53308.4,52783.45,53710.35,0,0.0,0.0,0.0,0.0,-0.01,-1,-1,-0.01,-1,-1,-0.01,-1,-1,-0.01,-1,-1,-0.01,-1,-1,-0.01,-1,-1,-0.01,-1,-1,-0.01,-1,-1,-0.01,-1,-1,-0.01,-1,-1
99926009,2026-05-18 10:52:51+05:30,52966.0,0,0.0,0,0.0,0.0,53282.15,53308.4,52783.45,53710.35,0,0.0,0.0,0.0,0.0,-0.01,-1,-1,-0.01,-1,-1,-0.01,-1,-1,-0.01,-1,-1,-0.01,-1,-1,-0.01,-1,-1,-0.01,-1,-1,-0.01,-1,-1,-0.01,-1,-1,-0.01,-1,-1
99926009,2026-05-18 10:52:51+05:30,52967.15,0,0.0,0,0.0,0.0,53282.15,53308.4,52783.45,53710.35,0,0.0,0.0,0.0,0.0,-0.01,-1,-1,-0.01,-1,-1,-0.01,-1,-1,-0.01,-1,-1,-0.01,-1,-1,-0.01,-1,-1,-0.01,-1,-1,-0.01,-1,-1,-0.01,-1,-1,-0.01,-1,-1
99926009,2026-05-18 10:52:52+05:30,52967.15,0,0.0,0,0.0,0.0,53282.15,53308.4,52783.45,53710.35,0,0.0,0.0,0.0,0.0,-0.01,-1,-1,-0.01,-1,-1,-0.01,-1,-1,-0.01,-1,-1,-0.01,-1,-1,-0.01,-1,-1,-0.01,-1,-1,-0.01,-1,-1,-0.01,-1,-1,-0.01,-1,-1
99926009,2026-05-18 10:52:52+05:30,52967.3,0,0.0,0,0.0,0.0,53282.15,53308.4,52783.45,53710.35,0,0.0,0.0,0.0,0.0,-0.01,-1,-1,-0.01,-1,-1,-0.01,-1,-1,-0.01,-1,-1,-0.01,-1,-1,-0.01,-1,-1,-0.01,-1,-1,-0.01,-1,-1,-0.01,-1,-1,-0.01,-1,-1
99926009,2026-05-18 10:52:53+05:30,52965.2,0,0.0,0,0.0,0.0,53282.15,53308.4,52783.45,53710.35,0,0.0,0.0,0.0,0.0,-0.01,-1,-1,-0.01,-1,-1,-0.01,-1,-1,-0.01,-1,-1,-0.01,-1,-1,-0.01,-1,-1,-0.01,-1,-1,-0.01,-1,-1,-0.01,-1,-1,-0.01,-1,-1
99926009,2026-05-18 10:52:53+05:30,52967.35,0,0.0,0,0.0,0.0,53282.15,53308.4,52783.45,53710.35,0,0.0,0.0,0.0,0.0,-0.01,-1,-1,-0.01,-1,-1,-0.01,-1,-1,-0.01,-1,-1,-0.01,-1,-1,-0.01,-1,-1,-0.01,-1,-1,-0.01,-1,-1,-0.01,-1,-1,-0.01,-1,-1
99926009,2026-05-18 10:52:54+05:30,52966.7,0,0.0,0,0.0,0.0,53282.15,53308.4,52783.45,53710.35,0,0.0,0.0,0.0,0.0,-0.01,-1,-1,-0.01,-1,-1,-0.01,-1,-1,-0.01,-1,-1,-0.01,-1,-1,-0.01,-1,-1,-0.01,-1,-1,-0.01,-1,-1,-0.01,-1,-1,-0.01,-1,-1
99926009,2026-05-18 10:52:54+05:30,52966.35,0,0.0,0,0.0,0.0,53282.15,53308.4,52783.45,53710.35,0,0.0,0.0,0.0,0.0,-0.01,-1,-1,-0.01,-1,-1,-0.01,-1,-1,-0.01,-1,-1,-0.01,-1,-1,-0.01,-1,-1,-0.01,-1,-1,-0.01,-1,-1,-0.01,-1,-1,-0.01,-1,-1
99926009,2026-05-18 10:52:55+05:30,52969.15,0,0.0,0,0.0,0.0,53282.15,53308.4,52783.45,53710.35,0,0.0,0.0,0.0,0.0,-0.01,-1,-1,-0.01,-1,-1,-0.01,-1,-1,-0.01,-1,-1,-0.01,-1,-1,-0.01,-1,-1,-0.01,-1,-1,-0.01,-1,-1,-0.01,-1,-1,-0.01,-1,-1
99926009,2026-05-18 10:52:55+05:30,52969.5,0,0.0,0,0.0,0.0,53282.15,53308.4,52783.45,53710.35,0,0.0,0.0,0.0,0.0,-0.01,-1,-1,-0.01,-1,-1,-0.01,-1,-1,-0.01,-1,-1,-0.01,-1,-1,-0.01,-1,-1,-0.01,-1,-1,-0.01,-1,-1,-0.01,-1,-1,-0.01,-1,-1
99926009,2026-05-18 10:52:56+05:30,52968.3,0,0.0,0,0.0,0.0,53282.15,53308.4,52783.45,53710.35,0,0.0,0.0,0.0,0.0,-0.01,-1,-1,-0.01,-1,-1,-0.01,-1,-1,-0.01,-1,-1,-0.01,-1,-1,-0.01,-1,-1,-0.01,-1,-1,-0.01,-1,-1,-0.01,-1,-1,-0.01,-1,-1
99926009,2026-05-18 10:52:56+05:30,52969.95,0,0.0,0,0.0,0.0,53282.15,53308.4,52783.45,53710.35,0,0.0,0.0,0.0,0.0,-0.01,-1,-1,-0.01,-1,-1,-0.01,-1,-1,-0.01,-1,-1,-0.01,-1,-1,-0.01,-1,-1,-0.01,-1,-1,-0.01,-1,-1,-0.01,-1,-1,-0.01,-1,-1
99926009,2026-05-18 10:52:57+05:30,52971.85,0,0.0,0,0.0,0.0,53282.15,53308.4,52783.45,53710.35,0,0.0,0.0,0.0,0.0,-0.01,-1,-1,-0.01,-1,-1,-0.01,-1,-1,-0.01,-1,-1,-0.01,-1,-1,-0.01,-1,-1,-0.01,-1,-1,-0.01,-1,-1,-0.01,-1,-1,-0.01,-1,-1
99926009,2026-05-18 10:52:57+05:30,52974.5,0,0.0,0,0.0,0.0,53282.15,53308.4,52783.45,53710.35,0,0.0,0.0,0.0,0.0,-0.01,-1,-1,-0.01,-1,-1,-0.01,-1,-1,-0.01,-1,-1,-0.01,-1,-1,-0.01,-1,-1,-0.01,-1,-1,-0.01,-1,-1,-0.01,-1,-1,-0.01,-1,-1
99926009,2026-05-18 10:52:58+05:30,52974.8,0,0.0,0,0.0,0.0,53282.15,53308.4,52783.45,53710.35,0,0.0,0.0,0.0,0.0,-0.01,-1,-1,-0.01,-1,-1,-0.01,-1,-1,-0.01,-1,-1,-0.01,-1,-1,-0.01,-1,-1,-0.01,-1,-1,-0.01,-1,-1,-0.01,-1,-1,-0.01,-1,-1
99926009,2026-05-18 10:52:58+05:30,52974.4,0,0.0,0,0.0,0.0,53282.15,53308.4,52783.45,53710.35,0,0.0,0.0,0.0,0.0,-0.01,-1,-1,-0.01,-1,-1,-0.01,-1,-1,-0.01,-1,-1,-0.01,-1,-1,-0.01,-1,-1,-0.01,-1,-1,-0.01,-1,-1,-0.01,-1,-1,-0.01,-1,-1
99926009,2026-05-18 10:52:59+05:30,52972.5,0,0.0,0,0.0,0.0,53282.15,53308.4,52783.45,53710.35,0,0.0,0.0,0.0,0.0,-0.01,-1,-1,-0.01,-1,-1,-0.01,-1,-1,-0.01,-1,-1,-0.01,-1,-1,-0.01,-1,-1,-0.01,-1,-1,-0.01,-1,-1,-0.01,-1,-1,-0.01,-1,-1
99926009,2026-05-18 10:52:59+05:30,52975.2,0,0.0,0,0.0,0.0,53282.15,53308.4,52783.45,53710.35,0,0.0,0.0,0.0,0.0,-0.01,-1,-1,-0.01,-1,-1,-0.01,-1,-1,-0.01,-1,-1,-0.01,-1,-1,-0.01,-1,-1,-0.01,-1,-1,-0.01,-1,-1,-0.01,-1,-1,-0.01,-1,-1
99926009,2026-05-18 10:53:00+05:30,52977.55,0,0.0,0,0.0,0.0,53282.15,53308.4,52783.45,53710.35,0,0.0,0.0,0.0,0.0,-0.01,-1,-1,-0.01,-1,-1,-0.01,-1,-1,-0.01,-1,-1,-0.01,-1,-1,-0.01,-1,-1,-0.01,-1,-1,-0.01,-1,-1,-0.01,-1,-1,-0.01,-1,-1
99926009,2026-05-18 10:53:00+05:30,52976.35,0,0.0,0,0.0,0.0,53282.15,53308.4,52783.45,53710.35,0,0.0,0.0,0.0,0.0,-0.01,-1,-1,-0.01,-1,-1,-0.01,-1,-1,-0.01,-1,-1,-0.01,-1,-1,-0.01,-1,-1,-0.01,-1,-1,-0.01,-1,-1,-0.01,-1,-1,-0.01,-1,-1
99926009,2026-05-18 10:53:01+05:30,52973.0,0,0.0,0,0.0,0.0,53282.15,53308.4,52783.45,53710.35,0,0.0,0.0,0.0,0.0,-0.01,-1,-1,-0.01,-1,-1,-0.01,-1,-1,-0.01,-1,-1,-0.01,-1,-1,-0.01,-1,-1,-0.01,-1,-1,-0.01,-1,-1,-0.01,-1,-1,-0.01,-1,-1
99926009,2026-05-18 10:53:01+05:30,52972.85,0,0.0,0,0.0,0.0,53282.15,53308.4,52783.45,53710.35,0,0.0,0.0,0.0,0.0,-0.01,-1,-1,-0.01,-1,-1,-0.01,-1,-1,-0.01,-1,-1,-0.01,-1,-1,-0.01,-1,-1,-0.01,-1,-1,-0.01,-1,-1,-0.01,-1,-1,-0.01,-1,-1
99926009,2026-05-18 10:53:02+05:30,52971.35,0,0.0,0,0.0,0.0,53282.15,53308.4,52783.45,53710.35,0,0.0,0.0,0.0,0.0,-0.01,-1,-1,-0.01,-1,-1,-0.01,-1,-1,-0.01,-1,-1,-0.01,-1,-1,-0.01,-1,-1,-0.01,-1,-1,-0.01,-1,-1,-0.01,-1,-1,-0.01,-1,-1
99926009,2026-05-18 10:53:02+05:30,52969.75,0,0.0,0,0.0,0.0,53282.15,53308.4,52783.45,53710.35,0,0.0,0.0,0.0,0.0,-0.01,-1,-1,-0.01,-1,-1,-0.01,-1,-1,-0.01,-1,-1,-0.01,-1,-1,-0.01,-1,-1,-0.01,-1,-1,-0.01,-1,-1,-0.01,-1,-1,-0.01,-1,-1
99926009,2026-05-18 10:53:03+05:30,52970.8,0,0.0,0,0.0,0.0,53282.15,53308.4,52783.45,53710.35,0,0.0,0.0,0.0,0.0,-0.01,-1,-1,-0.01,-1,-1,-0.01,-1,-1,-0.01,-1,-1,-0.01,-1,-1,-0.01,-1,-1,-0.01,-1,-1,-0.01,-1,-1,-0.01,-1,-1,-0.01,-1,-1
99926009,2026-05-18 10:53:03+05:30,52969.05,0,0.0,0,0.0,0.0,53282.15,53308.4,52783.45,53710.35,0,0.0,0.0,0.0,0.0,-0.01,-1,-1,-0.01,-1,-1,-0.01,-1,-1,-0.01,-1,-1,-0.01,-1,-1,-0.01,-1,-1,-0.01,-1,-1,-0.01,-1,-1,-0.01,-1,-1,-0.01,-1,-1
99926009,2026-05-18 10:53:04+05:30,52969.5,0,0.0,0,0.0,0.0,53282.15,53308.4,52783.45,53710.35,0,0.0,0.0,0.0,0.0,-0.01,-1,-1,-0.01,-1,-1,-0.01,-1,-1,-0.01,-1,-1,-0.01,-1,-1,-0.01,-1,-1,-0.01,-1,-1,-0.01,-1,-1,-0.01,-1,-1,-0.01,-1,-1
99926009,2026-05-18 10:53:04+05:30,52971.4,0,0.0,0,0.0,0.0,53282.15,53308.4,52783.45,53710.35,0,0.0,0.0,0.0,0.0,-0.01,-1,-1,-0.01,-1,-1,-0.01,-1,-1,-0.01,-1,-1,-0.01,-1,-1,-0.01,-1,-1,-0.01,-1,-1,-0.01,-1,-1,-0.01,-1,-1,-0.01,-1,-1
99926009,2026-05-18 10:53:05+05:30,52971.8,0,0.0,0,0.0,0.0,53282.15,53308.4,52783.45,53710.35,0,0.0,0.0,0.0,0.0,-0.01,-1,-1,-0.01,-1,-1,-0.01,-1,-1,-0.01,-1,-1,-0.01,-1,-1,-0.01,-1,-1,-0.01,-1,-1,-0.01,-1,-1,-0.01,-1,-1,-0.01,-1,-1
99926009,2026-05-18 10:53:05+05:30,52970.95,0,0.0,0,0.0,0.0,53282.15,53308.4,52783.45,53710.35,0,0.0,0.0,0.0,0.0,-0.01,-1,-1,-0.01,-1,-1,-0.01,-1,-1,-0.01,-1,-1,-0.01,-1,-1,-0.01,-1,-1,-0.01,-1,-1,-0.01,-1,-1,-0.01,-1,-1,-0.01,-1,-1
99926009,2026-05-18 10:53:06+05:30,52972.65,0,0.0,0,0.0,0.0,53282.15,53308.4,52783.45,53710.35,0,0.0,0.0,0.0,0.0,-0.01,-1,-1,-0.01,-1,-1,-0.01,-1,-1,-0.01,-1,-1,-0.01,-1,-1,-0.01,-1,-1,-0.01,-1,-1,-0.01,-1,-1,-0.01,-1,-1,-0.01,-1,-1
99926009,2026-05-18 10:53:06+05:30,52971.45,0,0.0,0,0.0,0.0,53282.15,53308.4,52783.45,53710.35,0,0.0,0.0,0.0,0.0,-0.01,-1,-1,-0.01,-1,-1,-0.01,-1,-1,-0.01,-1,-1,-0.01,-1,-1,-0.01,-1,-1,-0.01,-1,-1,-0.01,-1,-1,-0.01,-1,-1,-0.01,-1,-1
99926009,2026-05-18 10:53:07+05:30,52965.75,0,0.0,0,0.0,0.0,53282.15,53308.4,52783.45,53710.35,0,0.0,0.0,0.0,0.0,-0.01,-1,-1,-0.01,-1,-1,-0.01,-1,-1,-0.01,-1,-1,-0.01,-1,-1,-0.01,-1,-1,-0.01,-1,-1,-0.01,-1,-1,-0.01,-1,-1,-0.01,-1,-1
99926009,2026-05-18 10:53:07+05:30,52965.65,0,0.0,0,0.0,0.0,53282.15,53308.4,52783.45,53710.35,0,0.0,0.0,0.0,0.0,-0.01,-1,-1,-0.01,-1,-1,-0.01,-1,-1,-0.01,-1,-1,-0.01,-1,-1,-0.01,-1,-1,-0.01,-1,-1,-0.01,-1,-1,-0.01,-1,-1,-0.01,-1,-1
99926009,2026-05-18 10:53:08+05:30,52968.0,0,0.0,0,0.0,0.0,53282.15,53308.4,52783.45,53710.35,0,0.0,0.0,0.0,0.0,-0.01,-1,-1,-0.01,-1,-1,-0.01,-1,-1,-0.01,-1,-1,-0.01,-1,-1,-0.01,-1,-1,-0.01,-1,-1,-0.01,-1,-1,-0.01,-1,-1,-0.01,-1,-1
99926009,2026-05-18 10:53:08+05:30,52966.0,0,0.0,0,0.0,0.0,53282.15,53308.4,52783.45,53710.35,0,0.0,0.0,0.0,0.0,-0.01,-1,-1,-0.01,-1,-1,-0.01,-1,-1,-0.01,-1,-1,-0.01,-1,-1,-0.01,-1,-1,-0.01,-1,-1,-0.01,-1,-1,-0.01,-1,-1,-0.01,-1,-1
99926009,2026-05-18 10:53:09+05:30,52965.85,0,0.0,0,0.0,0.0,53282.15,53308.4,52783.45,53710.35,0,0.0,0.0,0.0,0.0,-0.01,-1,-1,-0.01,-1,-1,-0.01,-1,-1,-0.01,-1,-1,-0.01,-1,-1,-0.01,-1,-1,-0.01,-1,-1,-0.01,-1,-1,-0.01,-1,-1,-0.01,-1,-1
99926009,2026-05-18 10:53:09+05:30,52965.3,0,0.0,0,0.0,0.0,53282.15,53308.4,52783.45,53710.35,0,0.0,0.0,0.0,0.0,-0.01,-1,-1,-0.01,-1,-1,-0.01,-1,-1,-0.01,-1,-1,-0.01,-1,-1,-0.01,-1,-1,-0.01,-1,-1,-0.01,-1,-1,-0.01,-1,-1,-0.01,-1,-1
99926009,2026-05-18 10:53:10+05:30,52965.95,0,0.0,0,0.0,0.0,53282.15,53308.4,52783.45,53710.35,0,0.0,0.0,0.0,0.0,-0.01,-1,-1,-0.01,-1,-1,-0.01,-1,-1,-0.01,-1,-1,-0.01,-1,-1,-0.01,-1,-1,-0.01,-1,-1,-0.01,-1,-1,-0.01,-1,-1,-0.01,-1,-1
99926009,2026-05-18 10:53:10+05:30,52964.25,0,0.0,0,0.0,0.0,53282.15,53308.4,52783.45,53710.35,0,0.0,0.0,0.0,0.0,-0.01,-1,-1,-0.01,-1,-1,-0.01,-1,-1,-0.01,-1,-1,-0.01,-1,-1,-0.01,-1,-1,-0.01,-1,-1,-0.01,-1,-1,-0.01,-1,-1,-0.01,-1,-1
99926009,2026-05-18 10:53:11+05:30,52964.85,0,0.0,0,0.0,0.0,53282.15,53308.4,52783.45,53710.35,0,0.0,0.0,0.0,0.0,-0.01,-1,-1,-0.01,-1,-1,-0.01,-1,-1,-0.01,-1,-1,-0.01,-1,-1,-0.01,-1,-1,-0.01,-1,-1,-0.01,-1,-1,-0.01,-1,-1,-0.01,-1,-1
99926009,2026-05-18 10:53:11+05:30,52965.9,0,0.0,0,0.0,0.0,53282.15,53308.4,52783.45,53710.35,0,0.0,0.0,0.0,0.0,-0.01,-1,-1,-0.01,-1,-1,-0.01,-1,-1,-0.01,-1,-1,-0.01,-1,-1,-0.01,-1,-1,-0.01,-1,-1,-0.01,-1,-1,-0.01,-1,-1,-0.01,-1,-1
99926009,2026-05-18 10:53:12+05:30,52964.95,0,0.0,0,0.0,0.0,53282.15,53308.4,52783.45,53710.35,0,0.0,0.0,0.0,0.0,-0.01,-1,-1,-0.01,-1,-1,-0.01,-1,-1,-0.01,-1,-1,-0.01,-1,-1,-0.01,-1,-1,-0.01,-1,-1,-0.01,-1,-1,-0.01,-1,-1,-0.01,-1,-1
99926009,2026-05-18 10:53:12+05:30,52962.0,0,0.0,0,0.0,0.0,53282.15,53308.4,52783.45,53710.35,0,0.0,0.0,0.0,0.0,-0.01,-1,-1,-0.01,-1,-1,-0.01,-1,-1,-0.01,-1,-1,-0.01,-1,-1,-0.01,-1,-1,-0.01,-1,-1,-0.01,-1,-1,-0.01,-1,-1,-0.01,-1,-1
99926009,2026-05-18 10:53:13+05:30,52964.8,0,0.0,0,0.0,0.0,53282.15,53308.4,52783.45,53710.35,0,0.0,0.0,0.0,0.0,-0.01,-1,-1,-0.01,-1,-1,-0.01,-1,-1,-0.01,-1,-1,-0.01,-1,-1,-0.01,-1,-1,-0.01,-1,-1,-0.01,-1,-1,-0.01,-1,-1,-0.01,-1,-1
99926009,2026-05-18 10:53:13+05:30,52964.5,0,0.0,0,0.0,0.0,53282.15,53308.4,52783.45,53710.35,0,0.0,0.0,0.0,0.0,-0.01,-1,-1,-0.01,-1,-1,-0.01,-1,-1,-0.01,-1,-1,-0.01,-1,-1,-0.01,-1,-1,-0.01,-1,-1,-0.01,-1,-1,-0.01,-1,-1,-0.01,-1,-1
99926009,2026-05-18 10:53:14+05:30,52969.1,0,0.0,0,0.0,0.0,53282.15,53308.4,52783.45,53710.35,0,0.0,0.0,0.0,0.0,-0.01,-1,-1,-0.01,-1,-1,-0.01,-1,-1,-0.01,-1,-1,-0.01,-1,-1,-0.01,-1,-1,-0.01,-1,-1,-0.01,-1,-1,-0.01,-1,-1,-0.01,-1,-1
99926009,2026-05-18 10:53:14+05:30,52963.9,0,0.0,0,0.0,0.0,53282.15,53308.4,52783.45,53710.35,0,0.0,0.0,0.0,0.0,-0.01,-1,-1,-0.01,-1,-1,-0.01,-1,-1,-0.01,-1,-1,-0.01,-1,-1,-0.01,-1,-1,-0.01,-1,-1,-0.01,-1,-1,-0.01,-1,-1,-0.01,-1,-1
99926009,2026-05-18 10:53:15+05:30,52966.65,0,0.0,0,0.0,0.0,53282.15,53308.4,52783.45,53710.35,0,0.0,0.0,0.0,0.0,-0.01,-1,-1,-0.01,-1,-1,-0.01,-1,-1,-0.01,-1,-1,-0.01,-1,-1,-0.01,-1,-1,-0.01,-1,-1,-0.01,-1,-1,-0.01,-1,-1,-0.01,-1,-1
99926009,2026-05-18 10:53:15+05:30,52970.2,0,0.0,0,0.0,0.0,53282.15,53308.4,52783.45,53710.35,0,0.0,0.0,0.0,0.0,-0.01,-1,-1,-0.01,-1,-1,-0.01,-1,-1,-0.01,-1,-1,-0.01,-1,-1,-0.01,-1,-1,-0.01,-1,-1,-0.01,-1,-1,-0.01,-1,-1,-0.01,-1,-1
99926009,2026-05-18 10:53:16+05:30,52970.05,0,0.0,0,0.0,0.0,53282.15,53308.4,52783.45,53710.35,0,0.0,0.0,0.0,0.0,-0.01,-1,-1,-0.01,-1,-1,-0.01,-1,-1,-0.01,-1,-1,-0.01,-1,-1,-0.01,-1,-1,-0.01,-1,-1,-0.01,-1,-1,-0.01,-1,-1,-0.01,-1,-1
99926009,2026-05-18 10:53:16+05:30,52970.0,0,0.0,0,0.0,0.0,53282.15,53308.4,52783.45,53710.35,0,0.0,0.0,0.0,0.0,-0.01,-1,-1,-0.01,-1,-1,-0.01,-1,-1,-0.01,-1,-1,-0.01,-1,-1,-0.01,-1,-1,-0.01,-1,-1,-0.01,-1,-1,-0.01,-1,-1,-0.01,-1,-1
99926009,2026-05-18 10:53:17+05:30,52968.35,0,0.0,0,0.0,0.0,53282.15,53308.4,52783.45,53710.35,0,0.0,0.0,0.0,0.0,-0.01,-1,-1,-0.01,-1,-1,-0.01,-1,-1,-0.01,-1,-1,-0.01,-1,-1,-0.01,-1,-1,-0.01,-1,-1,-0.01,-1,-1,-0.01,-1,-1,-0.01,-1,-1
99926009,2026-05-18 10:53:17+05:30,52967.1,0,0.0,0,0.0,0.0,53282.15,53308.4,52783.45,53710.35,0,0.0,0.0,0.0,0.0,-0.01,-1,-1,-0.01,-1,-1,-0.01,-1,-1,-0.01,-1,-1,-0.01,-1,-1,-0.01,-1,-1,-0.01,-1,-1,-0.01,-1,-1,-0.01,-1,-1,-0.01,-1,-1
99926009,2026-05-18 10:53:18+05:30,52966.65,0,0.0,0,0.0,0.0,53282.15,53308.4,52783.45,53710.35,0,0.0,0.0,0.0,0.0,-0.01,-1,-1,-0.01,-1,-1,-0.01,-1,-1,-0.01,-1,-1,-0.01,-1,-1,-0.01,-1,-1,-0.01,-1,-1,-0.01,-1,-1,-0.01,-1,-1,-0.01,-1,-1
99926009,2026-05-18 10:53:18+05:30,52966.45,0,0.0,0,0.0,0.0,53282.15,53308.4,52783.45,53710.35,0,0.0,0.0,0.0,0.0,-0.01,-1,-1,-0.01,-1,-1,-0.01,-1,-1,-0.01,-1,-1,-0.01,-1,-1,-0.01,-1,-1,-0.01,-1,-1,-0.01,-1,-1,-0.01,-1,-1,-0.01,-1,-1
99926009,2026-05-18 10:53:19+05:30,52968.7,0,0.0,0,0.0,0.0,53282.15,53308.4,52783.45,53710.35,0,0.0,0.0,0.0,0.0,-0.01,-1,-1,-0.01,-1,-1,-0.01,-1,-1,-0.01,-1,-1,-0.01,-1,-1,-0.01,-1,-1,-0.01,-1,-1,-0.01,-1,-1,-0.01,-1,-1,-0.01,-1,-1
99926009,2026-05-18 10:53:19+05:30,52968.1,0,0.0,0,0.0,0.0,53282.15,53308.4,52783.45,53710.35,0,0.0,0.0,0.0,0.0,-0.01,-1,-1,-0.01,-1,-1,-0.01,-1,-1,-0.01,-1,-1,-0.01,-1,-1,-0.01,-1,-1,-0.01,-1,-1,-0.01,-1,-1,-0.01,-1,-1,-0.01,-1,-1
99926009,2026-05-18 10:53:20+05:30,52970.7,0,0.0,0,0.0,0.0,53282.15,53308.4,52783.45,53710.35,0,0.0,0.0,0.0,0.0,-0.01,-1,-1,-0.01,-1,-1,-0.01,-1,-1,-0.01,-1,-1,-0.01,-1,-1,-0.01,-1,-1,-0.01,-1,-1,-0.01,-1,-1,-0.01,-1,-1,-0.01,-1,-1
99926009,2026-05-18 10:53:20+05:30,52968.3,0,0.0,0,0.0,0.0,53282.15,53308.4,52783.45,53710.35,0,0.0,0.0,0.0,0.0,-0.01,-1,-1,-0.01,-1,-1,-0.01,-1,-1,-0.01,-1,-1,-0.01,-1,-1,-0.01,-1,-1,-0.01,-1,-1,-0.01,-1,-1,-0.01,-1,-1,-0.01,-1,-1
99926009,2026-05-18 10:53:21+05:30,52973.5,0,0.0,0,0.0,0.0,53282.15,53308.4,52783.45,53710.35,0,0.0,0.0,0.0,0.0,-0.01,-1,-1,-0.01,-1,-1,-0.01,-1,-1,-0.01,-1,-1,-0.01,-1,-1,-0.01,-1,-1,-0.01,-1,-1,-0.01,-1,-1,-0.01,-1,-1,-0.01,-1,-1
99926009,2026-05-18 10:53:21+05:30,52973.5,0,0.0,0,0.0,0.0,53282.15,53308.4,52783.45,53710.35,0,0.0,0.0,0.0,0.0,-0.01,-1,-1,-0.01,-1,-1,-0.01,-1,-1,-0.01,-1,-1,-0.01,-1,-1,-0.01,-1,-1,-0.01,-1,-1,-0.01,-1,-1,-0.01,-1,-1,-0.01,-1,-1
99926009,2026-05-18 10:53:22+05:30,52970.3,0,0.0,0,0.0,0.0,53282.15,53308.4,52783.45,53710.35,0,0.0,0.0,0.0,0.0,-0.01,-1,-1,-0.01,-1,-1,-0.01,-1,-1,-0.01,-1,-1,-0.01,-1,-1,-0.01,-1,-1,-0.01,-1,-1,-0.01,-1,-1,-0.01,-1,-1,-0.01,-1,-1
99926009,2026-05-18 10:53:22+05:30,52971.05,0,0.0,0,0.0,0.0,53282.15,53308.4,52783.45,53710.35,0,0.0,0.0,0.0,0.0,-0.01,-1,-1,-0.01,-1,-1,-0.01,-1,-1,-0.01,-1,-1,-0.01,-1,-1,-0.01,-1,-1,-0.01,-1,-1,-0.01,-1,-1,-0.01,-1,-1,-0.01,-1,-1
99926009,2026-05-18 10:53:23+05:30,52970.8,0,0.0,0,0.0,0.0,53282.15,53308.4,52783.45,53710.35,0,0.0,0.0,0.0,0.0,-0.01,-1,-1,-0.01,-1,-1,-0.01,-1,-1,-0.01,-1,-1,-0.01,-1,-1,-0.01,-1,-1,-0.01,-1,-1,-0.01,-1,-1,-0.01,-1,-1,-0.01,-1,-1
99926009,2026-05-18 10:53:23+05:30,52968.55,0,0.0,0,0.0,0.0,53282.15,53308.4,52783.45,53710.35,0,0.0,0.0,0.0,0.0,-0.01,-1,-1,-0.01,-1,-1,-0.01,-1,-1,-0.01,-1,-1,-0.01,-1,-1,-0.01,-1,-1,-0.01,-1,-1,-0.01,-1,-1,-0.01,-1,-1,-0.01,-1,-1
99926009,2026-05-18 10:53:24+05:30,52969.9,0,0.0,0,0.0,0.0,53282.15,53308.4,52783.45,53710.35,0,0.0,0.0,0.0,0.0,-0.01,-1,-1,-0.01,-1,-1,-0.01,-1,-1,-0.01,-1,-1,-0.01,-1,-1,-0.01,-1,-1,-0.01,-1,-1,-0.01,-1,-1,-0.01,-1,-1,-0.01,-1,-1
99926009,2026-05-18 10:53:24+05:30,52968.6,0,0.0,0,0.0,0.0,53282.15,53308.4,52783.45,53710.35,0,0.0,0.0,0.0,0.0,-0.01,-1,-1,-0.01,-1,-1,-0.01,-1,-1,-0.01,-1,-1,-0.01,-1,-1,-0.01,-1,-1,-0.01,-1,-1,-0.01,-1,-1,-0.01,-1,-1,-0.01,-1,-1
99926009,2026-05-18 10:53:25+05:30,52970.0,0,0.0,0,0.0,0.0,53282.15,53308.4,52783.45,53710.35,0,0.0,0.0,0.0,0.0,-0.01,-1,-1,-0.01,-1,-1,-0.01,-1,-1,-0.01,-1,-1,-0.01,-1,-1,-0.01,-1,-1,-0.01,-1,-1,-0.01,-1,-1,-0.01,-1,-1,-0.01,-1,-1
99926009,2026-05-18 10:53:25+05:30,52970.9,0,0.0,0,0.0,0.0,53282.15,53308.4,52783.45,53710.35,0,0.0,0.0,0.0,0.0,-0.01,-1,-1,-0.01,-1,-1,-0.01,-1,-1,-0.01,-1,-1,-0.01,-1,-1,-0.01,-1,-1,-0.01,-1,-1,-0.01,-1,-1,-0.01,-1,-1,-0.01,-1,-1
99926009,2026-05-18 10:53:26+05:30,52969.75,0,0.0,0,0.0,0.0,53282.15,53308.4,52783.45,53710.35,0,0.0,0.0,0.0,0.0,-0.01,-1,-1,-0.01,-1,-1,-0.01,-1,-1,-0.01,-1,-1,-0.01,-1,-1,-0.01,-1,-1,-0.01,-1,-1,-0.01,-1,-1,-0.01,-1,-1,-0.01,-1,-1
99926009,2026-05-18 10:53:26+05:30,52968.45,0,0.0,0,0.0,0.0,53282.15,53308.4,52783.45,53710.35,0,0.0,0.0,0.0,0.0,-0.01,-1,-1,-0.01,-1,-1,-0.01,-1,-1,-0.01,-1,-1,-0.01,-1,-1,-0.01,-1,-1,-0.01,-1,-1,-0.01,-1,-1,-0.01,-1,-1,-0.01,-1,-1
99926009,2026-05-18 10:53:27+05:30,52967.45,0,0.0,0,0.0,0.0,53282.15,53308.4,52783.45,53710.35,0,0.0,0.0,0.0,0.0,-0.01,-1,-1,-0.01,-1,-1,-0.01,-1,-1,-0.01,-1,-1,-0.01,-1,-1,-0.01,-1,-1,-0.01,-1,-1,-0.01,-1,-1,-0.01,-1,-1,-0.01,-1,-1
99926009,2026-05-18 10:53:27+05:30,52968.35,0,0.0,0,0.0,0.0,53282.15,53308.4,52783.45,53710.35,0,0.0,0.0,0.0,0.0,-0.01,-1,-1,-0.01,-1,-1,-0.01,-1,-1,-0.01,-1,-1,-0.01,-1,-1,-0.01,-1,-1,-0.01,-1,-1,-0.01,-1,-1,-0.01,-1,-1,-0.01,-1,-1
99926009,2026-05-18 10:53:28+05:30,52968.95,0,0.0,0,0.0,0.0,53282.15,53308.4,52783.45,53710.35,0,0.0,0.0,0.0,0.0,-0.01,-1,-1,-0.01,-1,-1,-0.01,-1,-1,-0.01,-1,-1,-0.01,-1,-1,-0.01,-1,-1,-0.01,-1,-1,-0.01,-1,-1,-0.01,-1,-1,-0.01,-1,-1
99926009,2026-05-18 10:53:28+05:30,52969.45,0,0.0,0,0.0,0.0,53282.15,53308.4,52783.45,53710.35,0,0.0,0.0,0.0,0.0,-0.01,-1,-1,-0.01,-1,-1,-0.01,-1,-1,-0.01,-1,-1,-0.01,-1,-1,-0.01,-1,-1,-0.01,-1,-1,-0.01,-1,-1,-0.01,-1,-1,-0.01,-1,-1
99926009,2026-05-18 10:53:29+05:30,52970.45,0,0.0,0,0.0,0.0,53282.15,53308.4,52783.45,53710.35,0,0.0,0.0,0.0,0.0,-0.01,-1,-1,-0.01,-1,-1,-0.01,-1,-1,-0.01,-1,-1,-0.01,-1,-1,-0.01,-1,-1,-0.01,-1,-1,-0.01,-1,-1,-0.01,-1,-1,-0.01,-1,-1
99926009,2026-05-18 10:53:29+05:30,52970.15,0,0.0,0,0.0,0.0,53282.15,53308.4,52783.45,53710.35,0,0.0,0.0,0.0,0.0,-0.01,-1,-1,-0.01,-1,-1,-0.01,-1,-1,-0.01,-1,-1,-0.01,-1,-1,-0.01,-1,-1,-0.01,-1,-1,-0.01,-1,-1,-0.01,-1,-1,-0.01,-1,-1
99926009,2026-05-18 10:53:30+05:30,52970.0,0,0.0,0,0.0,0.0,53282.15,53308.4,52783.45,53710.35,0,0.0,0.0,0.0,0.0,-0.01,-1,-1,-0.01,-1,-1,-0.01,-1,-1,-0.01,-1,-1,-0.01,-1,-1,-0.01,-1,-1,-0.01,-1,-1,-0.01,-1,-1,-0.01,-1,-1,-0.01,-1,-1
99926009,2026-05-18 10:53:30+05:30,52971.7,0,0.0,0,0.0,0.0,53282.15,53308.4,52783.45,53710.35,0,0.0,0.0,0.0,0.0,-0.01,-1,-1,-0.01,-1,-1,-0.01,-1,-1,-0.01,-1,-1,-0.01,-1,-1,-0.01,-1,-1,-0.01,-1,-1,-0.01,-1,-1,-0.01,-1,-1,-0.01,-1,-1
99926009,2026-05-18 10:53:31+05:30,52971.65,0,0.0,0,0.0,0.0,53282.15,53308.4,52783.45,53710.35,0,0.0,0.0,0.0,0.0,-0.01,-1,-1,-0.01,-1,-1,-0.01,-1,-1,-0.01,-1,-1,-0.01,-1,-1,-0.01,-1,-1,-0.01,-1,-1,-0.01,-1,-1,-0.01,-1,-1,-0.01,-1,-1
99926009,2026-05-18 10:53:31+05:30,52970.65,0,0.0,0,0.0,0.0,53282.15,53308.4,52783.45,53710.35,0,0.0,0.0,0.0,0.0,-0.01,-1,-1,-0.01,-1,-1,-0.01,-1,-1,-0.01,-1,-1,-0.01,-1,-1,-0.01,-1,-1,-0.01,-1,-1,-0.01,-1,-1,-0.01,-1,-1,-0.01,-1,-1
99926009,2026-05-18 10:53:32+05:30,52972.15,0,0.0,0,0.0,0.0,53282.15,53308.4,52783.45,53710.35,0,0.0,0.0,0.0,0.0,-0.01,-1,-1,-0.01,-1,-1,-0.01,-1,-1,-0.01,-1,-1,-0.01,-1,-1,-0.01,-1,-1,-0.01,-1,-1,-0.01,-1,-1,-0.01,-1,-1,-0.01,-1,-1
99926009,2026-05-18 10:53:32+05:30,52974.05,0,0.0,0,0.0,0.0,53282.15,53308.4,52783.45,53710.35,0,0.0,0.0,0.0,0.0,-0.01,-1,-1,-0.01,-1,-1,-0.01,-1,-1,-0.01,-1,-1,-0.01,-1,-1,-0.01,-1,-1,-0.01,-1,-1,-0.01,-1,-1,-0.01,-1,-1,-0.01,-1,-1
99926009,2026-05-18 10:53:33+05:30,52974.1,0,0.0,0,0.0,0.0,53282.15,53308.4,52783.45,53710.35,0,0.0,0.0,0.0,0.0,-0.01,-1,-1,-0.01,-1,-1,-0.01,-1,-1,-0.01,-1,-1,-0.01,-1,-1,-0.01,-1,-1,-0.01,-1,-1,-0.01,-1,-1,-0.01,-1,-1,-0.01,-1,-1
99926009,2026-05-18 10:53:33+05:30,52971.3,0,0.0,0,0.0,0.0,53282.15,53308.4,52783.45,53710.35,0,0.0,0.0,0.0,0.0,-0.01,-1,-1,-0.01,-1,-1,-0.01,-1,-1,-0.01,-1,-1,-0.01,-1,-1,-0.01,-1,-1,-0.01,-1,-1,-0.01,-1,-1,-0.01,-1,-1,-0.01,-1,-1
99926009,2026-05-18 10:53:34+05:30,52971.05,0,0.0,0,0.0,0.0,53282.15,53308.4,52783.45,53710.35,0,0.0,0.0,0.0,0.0,-0.01,-1,-1,-0.01,-1,-1,-0.01,-1,-1,-0.01,-1,-1,-0.01,-1,-1,-0.01,-1,-1,-0.01,-1,-1,-0.01,-1,-1,-0.01,-1,-1,-0.01,-1,-1
99926009,2026-05-18 10:53:34+05:30,52973.55,0,0.0,0,0.0,0.0,53282.15,53308.4,52783.45,53710.35,0,0.0,0.0,0.0,0.0,-0.01,-1,-1,-0.01,-1,-1,-0.01,-1,-1,-0.01,-1,-1,-0.01,-1,-1,-0.01,-1,-1,-0.01,-1,-1,-0.01,-1,-1,-0.01,-1,-1,-0.01,-1,-1
99926009,2026-05-18 10:53:35+05:30,52972.85,0,0.0,0,0.0,0.0,53282.15,53308.4,52783.45,53710.35,0,0.0,0.0,0.0,0.0,-0.01,-1,-1,-0.01,-1,-1,-0.01,-1,-1,-0.01,-1,-1,-0.01,-1,-1,-0.01,-1,-1,-0.01,-1,-1,-0.01,-1,-1,-0.01,-1,-1,-0.01,-1,-1
99926009,2026-05-18 10:53:35+05:30,52972.35,0,0.0,0,0.0,0.0,53282.15,53308.4,52783.45,53710.35,0,0.0,0.0,0.0,0.0,-0.01,-1,-1,-0.01,-1,-1,-0.01,-1,-1,-0.01,-1,-1,-0.01,-1,-1,-0.01,-1,-1,-0.01,-1,-1,-0.01,-1,-1,-0.01,-1,-1,-0.01,-1,-1
99926009,2026-05-18 10:53:36+05:30,52974.05,0,0.0,0,0.0,0.0,53282.15,53308.4,52783.45,53710.35,0,0.0,0.0,0.0,0.0,-0.01,-1,-1,-0.01,-1,-1,-0.01,-1,-1,-0.01,-1,-1,-0.01,-1,-1,-0.01,-1,-1,-0.01,-1,-1,-0.01,-1,-1,-0.01,-1,-1,-0.01,-1,-1
99926009,2026-05-18 10:53:36+05:30,52973.65,0,0.0,0,0.0,0.0,53282.15,53308.4,52783.45,53710.35,0,0.0,0.0,0.0,0.0,-0.01,-1,-1,-0.01,-1,-1,-0.01,-1,-1,-0.01,-1,-1,-0.01,-1,-1,-0.01,-1,-1,-0.01,-1,-1,-0.01,-1,-1,-0.01,-1,-1,-0.01,-1,-1
99926009,2026-05-18 10:53:37+05:30,52973.8,0,0.0,0,0.0,0.0,53282.15,53308.4,52783.45,53710.35,0,0.0,0.0,0.0,0.0,-0.01,-1,-1,-0.01,-1,-1,-0.01,-1,-1,-0.01,-1,-1,-0.01,-1,-1,-0.01,-1,-1,-0.01,-1,-1,-0.01,-1,-1,-0.01,-1,-1,-0.01,-1,-1
99926009,2026-05-18 10:53:37+05:30,52974.6,0,0.0,0,0.0,0.0,53282.15,53308.4,52783.45,53710.35,0,0.0,0.0,0.0,0.0,-0.01,-1,-1,-0.01,-1,-1,-0.01,-1,-1,-0.01,-1,-1,-0.01,-1,-1,-0.01,-1,-1,-0.01,-1,-1,-0.01,-1,-1,-0.01,-1,-1,-0.01,-1,-1
99926009,2026-05-18 10:53:38+05:30,52974.55,0,0.0,0,0.0,0.0,53282.15,53308.4,52783.45,53710.35,0,0.0,0.0,0.0,0.0,-0.01,-1,-1,-0.01,-1,-1,-0.01,-1,-1,-0.01,-1,-1,-0.01,-1,-1,-0.01,-1,-1,-0.01,-1,-1,-0.01,-1,-1,-0.01,-1,-1,-0.01,-1,-1
99926009,2026-05-18 10:53:38+05:30,52972.5,0,0.0,0,0.0,0.0,53282.15,53308.4,52783.45,53710.35,0,0.0,0.0,0.0,0.0,-0.01,-1,-1,-0.01,-1,-1,-0.01,-1,-1,-0.01,-1,-1,-0.01,-1,-1,-0.01,-1,-1,-0.01,-1,-1,-0.01,-1,-1,-0.01,-1,-1,-0.01,-1,-1
99926009,2026-05-18 10:53:39+05:30,52973.9,0,0.0,0,0.0,0.0,53282.15,53308.4,52783.45,53710.35,0,0.0,0.0,0.0,0.0,-0.01,-1,-1,-0.01,-1,-1,-0.01,-1,-1,-0.01,-1,-1,-0.01,-1,-1,-0.01,-1,-1,-0.01,-1,-1,-0.01,-1,-1,-0.01,-1,-1,-0.01,-1,-1
99926009,2026-05-18 10:53:39+05:30,52971.15,0,0.0,0,0.0,0.0,53282.15,53308.4,52783.45,53710.35,0,0.0,0.0,0.0,0.0,-0.01,-1,-1,-0.01,-1,-1,-0.01,-1,-1,-0.01,-1,-1,-0.01,-1,-1,-0.01,-1,-1,-0.01,-1,-1,-0.01,-1,-1,-0.01,-1,-1,-0.01,-1,-1
99926009,2026-05-18 10:53:40+05:30,52971.6,0,0.0,0,0.0,0.0,53282.15,53308.4,52783.45,53710.35,0,0.0,0.0,0.0,0.0,-0.01,-1,-1,-0.01,-1,-1,-0.01,-1,-1,-0.01,-1,-1,-0.01,-1,-1,-0.01,-1,-1,-0.01,-1,-1,-0.01,-1,-1,-0.01,-1,-1,-0.01,-1,-1
99926009,2026-05-18 10:53:40+05:30,52975.1,0,0.0,0,0.0,0.0,53282.15,53308.4,52783.45,53710.35,0,0.0,0.0,0.0,0.0,-0.01,-1,-1,-0.01,-1,-1,-0.01,-1,-1,-0.01,-1,-1,-0.01,-1,-1,-0.01,-1,-1,-0.01,-1,-1,-0.01,-1,-1,-0.01,-1,-1,-0.01,-1,-1
99926009,2026-05-18 10:53:41+05:30,52973.9,0,0.0,0,0.0,0.0,53282.15,53308.4,52783.45,53710.35,0,0.0,0.0,0.0,0.0,-0.01,-1,-1,-0.01,-1,-1,-0.01,-1,-1,-0.01,-1,-1,-0.01,-1,-1,-0.01,-1,-1,-0.01,-1,-1,-0.01,-1,-1,-0.01,-1,-1,-0.01,-1,-1
99926009,2026-05-18 10:53:41+05:30,52974.05,0,0.0,0,0.0,0.0,53282.15,53308.4,52783.45,53710.35,0,0.0,0.0,0.0,0.0,-0.01,-1,-1,-0.01,-1,-1,-0.01,-1,-1,-0.01,-1,-1,-0.01,-1,-1,-0.01,-1,-1,-0.01,-1,-1,-0.01,-1,-1,-0.01,-1,-1,-0.01,-1,-1
99926009,2026-05-18 10:53:42+05:30,52973.95,0,0.0,0,0.0,0.0,53282.15,53308.4,52783.45,53710.35,0,0.0,0.0,0.0,0.0,-0.01,-1,-1,-0.01,-1,-1,-0.01,-1,-1,-0.01,-1,-1,-0.01,-1,-1,-0.01,-1,-1,-0.01,-1,-1,-0.01,-1,-1,-0.01,-1,-1,-0.01,-1,-1
99926009,2026-05-18 10:53:42+05:30,52973.8,0,0.0,0,0.0,0.0,53282.15,53308.4,52783.45,53710.35,0,0.0,0.0,0.0,0.0,-0.01,-1,-1,-0.01,-1,-1,-0.01,-1,-1,-0.01,-1,-1,-0.01,-1,-1,-0.01,-1,-1,-0.01,-1,-1,-0.01,-1,-1,-0.01,-1,-1,-0.01,-1,-1
99926009,2026-05-18 10:53:43+05:30,52968.9,0,0.0,0,0.0,0.0,53282.15,53308.4,52783.45,53710.35,0,0.0,0.0,0.0,0.0,-0.01,-1,-1,-0.01,-1,-1,-0.01,-1,-1,-0.01,-1,-1,-0.01,-1,-1,-0.01,-1,-1,-0.01,-1,-1,-0.01,-1,-1,-0.01,-1,-1,-0.01,-1,-1
99926009,2026-05-18 10:53:43+05:30,52971.7,0,0.0,0,0.0,0.0,53282.15,53308.4,52783.45,53710.35,0,0.0,0.0,0.0,0.0,-0.01,-1,-1,-0.01,-1,-1,-0.01,-1,-1,-0.01,-1,-1,-0.01,-1,-1,-0.01,-1,-1,-0.01,-1,-1,-0.01,-1,-1,-0.01,-1,-1,-0.01,-1,-1
99926009,2026-05-18 10:53:44+05:30,52971.3,0,0.0,0,0.0,0.0,53282.15,53308.4,52783.45,53710.35,0,0.0,0.0,0.0,0.0,-0.01,-1,-1,-0.01,-1,-1,-0.01,-1,-1,-0.01,-1,-1,-0.01,-1,-1,-0.01,-1,-1,-0.01,-1,-1,-0.01,-1,-1,-0.01,-1,-1,-0.01,-1,-1
99926009,2026-05-18 10:53:44+05:30,52969.1,0,0.0,0,0.0,0.0,53282.15,53308.4,52783.45,53710.35,0,0.0,0.0,0.0,0.0,-0.01,-1,-1,-0.01,-1,-1,-0.01,-1,-1,-0.01,-1,-1,-0.01,-1,-1,-0.01,-1,-1,-0.01,-1,-1,-0.01,-1,-1,-0.01,-1,-1,-0.01,-1,-1
99926009,2026-05-18 10:53:45+05:30,52970.5,0,0.0,0,0.0,0.0,53282.15,53308.4,52783.45,53710.35,0,0.0,0.0,0.0,0.0,-0.01,-1,-1,-0.01,-1,-1,-0.01,-1,-1,-0.01,-1,-1,-0.01,-1,-1,-0.01,-1,-1,-0.01,-1,-1,-0.01,-1,-1,-0.01,-1,-1,-0.01,-1,-1
99926009,2026-05-18 10:53:45+05:30,52973.15,0,0.0,0,0.0,0.0,53282.15,53308.4,52783.45,53710.35,0,0.0,0.0,0.0,0.0,-0.01,-1,-1,-0.01,-1,-1,-0.01,-1,-1,-0.01,-1,-1,-0.01,-1,-1,-0.01,-1,-1,-0.01,-1,-1,-0.01,-1,-1,-0.01,-1,-1,-0.01,-1,-1
99926009,2026-05-18 10:53:46+05:30,52973.95,0,0.0,0,0.0,0.0,53282.15,53308.4,52783.45,53710.35,0,0.0,0.0,0.0,0.0,-0.01,-1,-1,-0.01,-1,-1,-0.01,-1,-1,-0.01,-1,-1,-0.01,-1,-1,-0.01,-1,-1,-0.01,-1,-1,-0.01,-1,-1,-0.01,-1,-1,-0.01,-1,-1
99926009,2026-05-18 10:53:46+05:30,52973.1,0,0.0,0,0.0,0.0,53282.15,53308.4,52783.45,53710.35,0,0.0,0.0,0.0,0.0,-0.01,-1,-1,-0.01,-1,-1,-0.01,-1,-1,-0.01,-1,-1,-0.01,-1,-1,-0.01,-1,-1,-0.01,-1,-1,-0.01,-1,-1,-0.01,-1,-1,-0.01,-1,-1
99926009,2026-05-18 10:53:47+05:30,52971.35,0,0.0,0,0.0,0.0,53282.15,53308.4,52783.45,53710.35,0,0.0,0.0,0.0,0.0,-0.01,-1,-1,-0.01,-1,-1,-0.01,-1,-1,-0.01,-1,-1,-0.01,-1,-1,-0.01,-1,-1,-0.01,-1,-1,-0.01,-1,-1,-0.01,-1,-1,-0.01,-1,-1
99926009,2026-05-18 10:53:47+05:30,52971.65,0,0.0,0,0.0,0.0,53282.15,53308.4,52783.45,53710.35,0,0.0,0.0,0.0,0.0,-0.01,-1,-1,-0.01,-1,-1,-0.01,-1,-1,-0.01,-1,-1,-0.01,-1,-1,-0.01,-1,-1,-0.01,-1,-1,-0.01,-1,-1,-0.01,-1,-1,-0.01,-1,-1
99926009,2026-05-18 10:53:48+05:30,52971.75,0,0.0,0,0.0,0.0,53282.15,53308.4,52783.45,53710.35,0,0.0,0.0,0.0,0.0,-0.01,-1,-1,-0.01,-1,-1,-0.01,-1,-1,-0.01,-1,-1,-0.01,-1,-1,-0.01,-1,-1,-0.01,-1,-1,-0.01,-1,-1,-0.01,-1,-1,-0.01,-1,-1
99926009,2026-05-18 10:53:48+05:30,52971.15,0,0.0,0,0.0,0.0,53282.15,53308.4,52783.45,53710.35,0,0.0,0.0,0.0,0.0,-0.01,-1,-1,-0.01,-1,-1,-0.01,-1,-1,-0.01,-1,-1,-0.01,-1,-1,-0.01,-1,-1,-0.01,-1,-1,-0.01,-1,-1,-0.01,-1,-1,-0.01,-1,-1
99926009,2026-05-18 10:53:49+05:30,52970.2,0,0.0,0,0.0,0.0,53282.15,53308.4,52783.45,53710.35,0,0.0,0.0,0.0,0.0,-0.01,-1,-1,-0.01,-1,-1,-0.01,-1,-1,-0.01,-1,-1,-0.01,-1,-1,-0.01,-1,-1,-0.01,-1,-1,-0.01,-1,-1,-0.01,-1,-1,-0.01,-1,-1
99926009,2026-05-18 10:53:49+05:30,52971.0,0,0.0,0,0.0,0.0,53282.15,53308.4,52783.45,53710.35,0,0.0,0.0,0.0,0.0,-0.01,-1,-1,-0.01,-1,-1,-0.01,-1,-1,-0.01,-1,-1,-0.01,-1,-1,-0.01,-1,-1,-0.01,-1,-1,-0.01,-1,-1,-0.01,-1,-1,-0.01,-1,-1
99926009,2026-05-18 10:53:50+05:30,52976.2,0,0.0,0,0.0,0.0,53282.15,53308.4,52783.45,53710.35,0,0.0,0.0,0.0,0.0,-0.01,-1,-1,-0.01,-1,-1,-0.01,-1,-1,-0.01,-1,-1,-0.01,-1,-1,-0.01,-1,-1,-0.01,-1,-1,-0.01,-1,-1,-0.01,-1,-1,-0.01,-1,-1
99926009,2026-05-18 10:53:50+05:30,52977.3,0,0.0,0,0.0,0.0,53282.15,53308.4,52783.45,53710.35,0,0.0,0.0,0.0,0.0,-0.01,-1,-1,-0.01,-1,-1,-0.01,-1,-1,-0.01,-1,-1,-0.01,-1,-1,-0.01,-1,-1,-0.01,-1,-1,-0.01,-1,-1,-0.01,-1,-1,-0.01,-1,-1
99926009,2026-05-18 10:53:51+05:30,52978.65,0,0.0,0,0.0,0.0,53282.15,53308.4,52783.45,53710.35,0,0.0,0.0,0.0,0.0,-0.01,-1,-1,-0.01,-1,-1,-0.01,-1,-1,-0.01,-1,-1,-0.01,-1,-1,-0.01,-1,-1,-0.01,-1,-1,-0.01,-1,-1,-0.01,-1,-1,-0.01,-1,-1
99926009,2026-05-18 10:53:51+05:30,52977.9,0,0.0,0,0.0,0.0,53282.15,53308.4,52783.45,53710.35,0,0.0,0.0,0.0,0.0,-0.01,-1,-1,-0.01,-1,-1,-0.01,-1,-1,-0.01,-1,-1,-0.01,-1,-1,-0.01,-1,-1,-0.01,-1,-1,-0.01,-1,-1,-0.01,-1,-1,-0.01,-1,-1
99926009,2026-05-18 10:53:52+05:30,52978.85,0,0.0,0,0.0,0.0,53282.15,53308.4,52783.45,53710.35,0,0.0,0.0,0.0,0.0,-0.01,-1,-1,-0.01,-1,-1,-0.01,-1,-1,-0.01,-1,-1,-0.01,-1,-1,-0.01,-1,-1,-0.01,-1,-1,-0.01,-1,-1,-0.01,-1,-1,-0.01,-1,-1
99926009,2026-05-18 10:53:52+05:30,52980.1,0,0.0,0,0.0,0.0,53282.15,53308.4,52783.45,53710.35,0,0.0,0.0,0.0,0.0,-0.01,-1,-1,-0.01,-1,-1,-0.01,-1,-1,-0.01,-1,-1,-0.01,-1,-1,-0.01,-1,-1,-0.01,-1,-1,-0.01,-1,-1,-0.01,-1,-1,-0.01,-1,-1
99926009,2026-05-18 10:53:53+05:30,52978.05,0,0.0,0,0.0,0.0,53282.15,53308.4,52783.45,53710.35,0,0.0,0.0,0.0,0.0,-0.01,-1,-1,-0.01,-1,-1,-0.01,-1,-1,-0.01,-1,-1,-0.01,-1,-1,-0.01,-1,-1,-0.01,-1,-1,-0.01,-1,-1,-0.01,-1,-1,-0.01,-1,-1
99926009,2026-05-18 10:53:53+05:30,52981.15,0,0.0,0,0.0,0.0,53282.15,53308.4,52783.45,53710.35,0,0.0,0.0,0.0,0.0,-0.01,-1,-1,-0.01,-1,-1,-0.01,-1,-1,-0.01,-1,-1,-0.01,-1,-1,-0.01,-1,-1,-0.01,-1,-1,-0.01,-1,-1,-0.01,-1,-1,-0.01,-1,-1
99926009,2026-05-18 10:53:54+05:30,52980.65,0,0.0,0,0.0,0.0,53282.15,53308.4,52783.45,53710.35,0,0.0,0.0,0.0,0.0,-0.01,-1,-1,-0.01,-1,-1,-0.01,-1,-1,-0.01,-1,-1,-0.01,-1,-1,-0.01,-1,-1,-0.01,-1,-1,-0.01,-1,-1,-0.01,-1,-1,-0.01,-1,-1
99926009,2026-05-18 10:53:54+05:30,52980.15,0,0.0,0,0.0,0.0,53282.15,53308.4,52783.45,53710.35,0,0.0,0.0,0.0,0.0,-0.01,-1,-1,-0.01,-1,-1,-0.01,-1,-1,-0.01,-1,-1,-0.01,-1,-1,-0.01,-1,-1,-0.01,-1,-1,-0.01,-1,-1,-0.01,-1,-1,-0.01,-1,-1
99926009,2026-05-18 10:53:55+05:30,52981.35,0,0.0,0,0.0,0.0,53282.15,53308.4,52783.45,53710.35,0,0.0,0.0,0.0,0.0,-0.01,-1,-1,-0.01,-1,-1,-0.01,-1,-1,-0.01,-1,-1,-0.01,-1,-1,-0.01,-1,-1,-0.01,-1,-1,-0.01,-1,-1,-0.01,-1,-1,-0.01,-1,-1
99926009,2026-05-18 10:53:55+05:30,52981.5,0,0.0,0,0.0,0.0,53282.15,53308.4,52783.45,53710.35,0,0.0,0.0,0.0,0.0,-0.01,-1,-1,-0.01,-1,-1,-0.01,-1,-1,-0.01,-1,-1,-0.01,-1,-1,-0.01,-1,-1,-0.01,-1,-1,-0.01,-1,-1,-0.01,-1,-1,-0.01,-1,-1
99926009,2026-05-18 10:53:56+05:30,52983.05,0,0.0,0,0.0,0.0,53282.15,53308.4,52783.45,53710.35,0,0.0,0.0,0.0,0.0,-0.01,-1,-1,-0.01,-1,-1,-0.01,-1,-1,-0.01,-1,-1,-0.01,-1,-1,-0.01,-1,-1,-0.01,-1,-1,-0.01,-1,-1,-0.01,-1,-1,-0.01,-1,-1
99926009,2026-05-18 10:53:56+05:30,52983.05,0,0.0,0,0.0,0.0,53282.15,53308.4,52783.45,53710.35,0,0.0,0.0,0.0,0.0,-0.01,-1,-1,-0.01,-1,-1,-0.01,-1,-1,-0.01,-1,-1,-0.01,-1,-1,-0.01,-1,-1,-0.01,-1,-1,-0.01,-1,-1,-0.01,-1,-1,-0.01,-1,-1
99926009,2026-05-18 10:53:57+05:30,52982.4,0,0.0,0,0.0,0.0,53282.15,53308.4,52783.45,53710.35,0,0.0,0.0,0.0,0.0,-0.01,-1,-1,-0.01,-1,-1,-0.01,-1,-1,-0.01,-1,-1,-0.01,-1,-1,-0.01,-1,-1,-0.01,-1,-1,-0.01,-1,-1,-0.01,-1,-1,-0.01,-1,-1
99926009,2026-05-18 10:53:57+05:30,52982.3,0,0.0,0,0.0,0.0,53282.15,53308.4,52783.45,53710.35,0,0.0,0.0,0.0,0.0,-0.01,-1,-1,-0.01,-1,-1,-0.01,-1,-1,-0.01,-1,-1,-0.01,-1,-1,-0.01,-1,-1,-0.01,-1,-1,-0.01,-1,-1,-0.01,-1,-1,-0.01,-1,-1
99926009,2026-05-18 10:53:58+05:30,52982.05,0,0.0,0,0.0,0.0,53282.15,53308.4,52783.45,53710.35,0,0.0,0.0,0.0,0.0,-0.01,-1,-1,-0.01,-1,-1,-0.01,-1,-1,-0.01,-1,-1,-0.01,-1,-1,-0.01,-1,-1,-0.01,-1,-1,-0.01,-1,-1,-0.01,-1,-1,-0.01,-1,-1
99926009,2026-05-18 10:53:58+05:30,52983.4,0,0.0,0,0.0,0.0,53282.15,53308.4,52783.45,53710.35,0,0.0,0.0,0.0,0.0,-0.01,-1,-1,-0.01,-1,-1,-0.01,-1,-1,-0.01,-1,-1,-0.01,-1,-1,-0.01,-1,-1,-0.01,-1,-1,-0.01,-1,-1,-0.01,-1,-1,-0.01,-1,-1
99926009,2026-05-18 10:53:59+05:30,52983.7,0,0.0,0,0.0,0.0,53282.15,53308.4,52783.45,53710.35,0,0.0,0.0,0.0,0.0,-0.01,-1,-1,-0.01,-1,-1,-0.01,-1,-1,-0.01,-1,-1,-0.01,-1,-1,-0.01,-1,-1,-0.01,-1,-1,-0.01,-1,-1,-0.01,-1,-1,-0.01,-1,-1
99926009,2026-05-18 10:53:59+05:30,52982.65,0,0.0,0,0.0,0.0,53282.15,53308.4,52783.45,53710.35,0,0.0,0.0,0.0,0.0,-0.01,-1,-1,-0.01,-1,-1,-0.01,-1,-1,-0.01,-1,-1,-0.01,-1,-1,-0.01,-1,-1,-0.01,-1,-1,-0.01,-1,-1,-0.01,-1,-1,-0.01,-1,-1
99926009,2026-05-18 10:54:00+05:30,52984.65,0,0.0,0,0.0,0.0,53282.15,53308.4,52783.45,53710.35,0,0.0,0.0,0.0,0.0,-0.01,-1,-1,-0.01,-1,-1,-0.01,-1,-1,-0.01,-1,-1,-0.01,-1,-1,-0.01,-1,-1,-0.01,-1,-1,-0.01,-1,-1,-0.01,-1,-1,-0.01,-1,-1
99926009,2026-05-18 10:54:00+05:30,52983.8,0,0.0,0,0.0,0.0,53282.15,53308.4,52783.45,53710.35,0,0.0,0.0,0.0,0.0,-0.01,-1,-1,-0.01,-1,-1,-0.01,-1,-1,-0.01,-1,-1,-0.01,-1,-1,-0.01,-1,-1,-0.01,-1,-1,-0.01,-1,-1,-0.01,-1,-1,-0.01,-1,-1
99926009,2026-05-18 10:54:01+05:30,52983.9,0,0.0,0,0.0,0.0,53282.15,53308.4,52783.45,53710.35,0,0.0,0.0,0.0,0.0,-0.01,-1,-1,-0.01,-1,-1,-0.01,-1,-1,-0.01,-1,-1,-0.01,-1,-1,-0.01,-1,-1,-0.01,-1,-1,-0.01,-1,-1,-0.01,-1,-1,-0.01,-1,-1
99926009,2026-05-18 10:54:01+05:30,52982.95,0,0.0,0,0.0,0.0,53282.15,53308.4,52783.45,53710.35,0,0.0,0.0,0.0,0.0,-0.01,-1,-1,-0.01,-1,-1,-0.01,-1,-1,-0.01,-1,-1,-0.01,-1,-1,-0.01,-1,-1,-0.01,-1,-1,-0.01,-1,-1,-0.01,-1,-1,-0.01,-1,-1
99926009,2026-05-18 10:54:02+05:30,52981.0,0,0.0,0,0.0,0.0,53282.15,53308.4,52783.45,53710.35,0,0.0,0.0,0.0,0.0,-0.01,-1,-1,-0.01,-1,-1,-0.01,-1,-1,-0.01,-1,-1,-0.01,-1,-1,-0.01,-1,-1,-0.01,-1,-1,-0.01,-1,-1,-0.01,-1,-1,-0.01,-1,-1
99926009,2026-05-18 10:54:02+05:30,52980.1,0,0.0,0,0.0,0.0,53282.15,53308.4,52783.45,53710.35,0,0.0,0.0,0.0,0.0,-0.01,-1,-1,-0.01,-1,-1,-0.01,-1,-1,-0.01,-1,-1,-0.01,-1,-1,-0.01,-1,-1,-0.01,-1,-1,-0.01,-1,-1,-0.01,-1,-1,-0.01,-1,-1
99926009,2026-05-18 10:54:03+05:30,52978.0,0,0.0,0,0.0,0.0,53282.15,53308.4,52783.45,53710.35,0,0.0,0.0,0.0,0.0,-0.01,-1,-1,-0.01,-1,-1,-0.01,-1,-1,-0.01,-1,-1,-0.01,-1,-1,-0.01,-1,-1,-0.01,-1,-1,-0.01,-1,-1,-0.01,-1,-1,-0.01,-1,-1
99926009,2026-05-18 10:54:03+05:30,52978.8,0,0.0,0,0.0,0.0,53282.15,53308.4,52783.45,53710.35,0,0.0,0.0,0.0,0.0,-0.01,-1,-1,-0.01,-1,-1,-0.01,-1,-1,-0.01,-1,-1,-0.01,-1,-1,-0.01,-1,-1,-0.01,-1,-1,-0.01,-1,-1,-0.01,-1,-1,-0.01,-1,-1
99926009,2026-05-18 10:54:04+05:30,52979.75,0,0.0,0,0.0,0.0,53282.15,53308.4,52783.45,53710.35,0,0.0,0.0,0.0,0.0,-0.01,-1,-1,-0.01,-1,-1,-0.01,-1,-1,-0.01,-1,-1,-0.01,-1,-1,-0.01,-1,-1,-0.01,-1,-1,-0.01,-1,-1,-0.01,-1,-1,-0.01,-1,-1
99926009,2026-05-18 10:54:04+05:30,52978.9,0,0.0,0,0.0,0.0,53282.15,53308.4,52783.45,53710.35,0,0.0,0.0,0.0,0.0,-0.01,-1,-1,-0.01,-1,-1,-0.01,-1,-1,-0.01,-1,-1,-0.01,-1,-1,-0.01,-1,-1,-0.01,-1,-1,-0.01,-1,-1,-0.01,-1,-1,-0.01,-1,-1
99926009,2026-05-18 10:54:05+05:30,52980.55,0,0.0,0,0.0,0.0,53282.15,53308.4,52783.45,53710.35,0,0.0,0.0,0.0,0.0,-0.01,-1,-1,-0.01,-1,-1,-0.01,-1,-1,-0.01,-1,-1,-0.01,-1,-1,-0.01,-1,-1,-0.01,-1,-1,-0.01,-1,-1,-0.01,-1,-1,-0.01,-1,-1
99926009,2026-05-18 10:54:05+05:30,52977.2,0,0.0,0,0.0,0.0,53282.15,53308.4,52783.45,53710.35,0,0.0,0.0,0.0,0.0,-0.01,-1,-1,-0.01,-1,-1,-0.01,-1,-1,-0.01,-1,-1,-0.01,-1,-1,-0.01,-1,-1,-0.01,-1,-1,-0.01,-1,-1,-0.01,-1,-1,-0.01,-1,-1
99926009,2026-05-18 10:54:06+05:30,52979.6,0,0.0,0,0.0,0.0,53282.15,53308.4,52783.45,53710.35,0,0.0,0.0,0.0,0.0,-0.01,-1,-1,-0.01,-1,-1,-0.01,-1,-1,-0.01,-1,-1,-0.01,-1,-1,-0.01,-1,-1,-0.01,-1,-1,-0.01,-1,-1,-0.01,-1,-1,-0.01,-1,-1
99926009,2026-05-18 10:54:06+05:30,52977.45,0,0.0,0,0.0,0.0,53282.15,53308.4,52783.45,53710.35,0,0.0,0.0,0.0,0.0,-0.01,-1,-1,-0.01,-1,-1,-0.01,-1,-1,-0.01,-1,-1,-0.01,-1,-1,-0.01,-1,-1,-0.01,-1,-1,-0.01,-1,-1,-0.01,-1,-1,-0.01,-1,-1
99926009,2026-05-18 10:54:07+05:30,52978.55,0,0.0,0,0.0,0.0,53282.15,53308.4,52783.45,53710.35,0,0.0,0.0,0.0,0.0,-0.01,-1,-1,-0.01,-1,-1,-0.01,-1,-1,-0.01,-1,-1,-0.01,-1,-1,-0.01,-1,-1,-0.01,-1,-1,-0.01,-1,-1,-0.01,-1,-1,-0.01,-1,-1
99926009,2026-05-18 10:54:07+05:30,52978.95,0,0.0,0,0.0,0.0,53282.15,53308.4,52783.45,53710.35,0,0.0,0.0,0.0,0.0,-0.01,-1,-1,-0.01,-1,-1,-0.01,-1,-1,-0.01,-1,-1,-0.01,-1,-1,-0.01,-1,-1,-0.01,-1,-1,-0.01,-1,-1,-0.01,-1,-1,-0.01,-1,-1
99926009,2026-05-18 10:54:08+05:30,52978.45,0,0.0,0,0.0,0.0,53282.15,53308.4,52783.45,53710.35,0,0.0,0.0,0.0,0.0,-0.01,-1,-1,-0.01,-1,-1,-0.01,-1,-1,-0.01,-1,-1,-0.01,-1,-1,-0.01,-1,-1,-0.01,-1,-1,-0.01,-1,-1,-0.01,-1,-1,-0.01,-1,-1
99926009,2026-05-18 10:54:08+05:30,52978.75,0,0.0,0,0.0,0.0,53282.15,53308.4,52783.45,53710.35,0,0.0,0.0,0.0,0.0,-0.01,-1,-1,-0.01,-1,-1,-0.01,-1,-1,-0.01,-1,-1,-0.01,-1,-1,-0.01,-1,-1,-0.01,-1,-1,-0.01,-1,-1,-0.01,-1,-1,-0.01,-1,-1
99926009,2026-05-18 10:54:09+05:30,52979.15,0,0.0,0,0.0,0.0,53282.15,53308.4,52783.45,53710.35,0,0.0,0.0,0.0,0.0,-0.01,-1,-1,-0.01,-1,-1,-0.01,-1,-1,-0.01,-1,-1,-0.01,-1,-1,-0.01,-1,-1,-0.01,-1,-1,-0.01,-1,-1,-0.01,-1,-1,-0.01,-1,-1
99926009,2026-05-18 10:54:09+05:30,52978.7,0,0.0,0,0.0,0.0,53282.15,53308.4,52783.45,53710.35,0,0.0,0.0,0.0,0.0,-0.01,-1,-1,-0.01,-1,-1,-0.01,-1,-1,-0.01,-1,-1,-0.01,-1,-1,-0.01,-1,-1,-0.01,-1,-1,-0.01,-1,-1,-0.01,-1,-1,-0.01,-1,-1
99926009,2026-05-18 10:54:10+05:30,52980.25,0,0.0,0,0.0,0.0,53282.15,53308.4,52783.45,53710.35,0,0.0,0.0,0.0,0.0,-0.01,-1,-1,-0.01,-1,-1,-0.01,-1,-1,-0.01,-1,-1,-0.01,-1,-1,-0.01,-1,-1,-0.01,-1,-1,-0.01,-1,-1,-0.01,-1,-1,-0.01,-1,-1
99926009,2026-05-18 10:54:10+05:30,52978.5,0,0.0,0,0.0,0.0,53282.15,53308.4,52783.45,53710.35,0,0.0,0.0,0.0,0.0,-0.01,-1,-1,-0.01,-1,-1,-0.01,-1,-1,-0.01,-1,-1,-0.01,-1,-1,-0.01,-1,-1,-0.01,-1,-1,-0.01,-1,-1,-0.01,-1,-1,-0.01,-1,-1
99926009,2026-05-18 10:54:11+05:30,52979.7,0,0.0,0,0.0,0.0,53282.15,53308.4,52783.45,53710.35,0,0.0,0.0,0.0,0.0,-0.01,-1,-1,-0.01,-1,-1,-0.01,-1,-1,-0.01,-1,-1,-0.01,-1,-1,-0.01,-1,-1,-0.01,-1,-1,-0.01,-1,-1,-0.01,-1,-1,-0.01,-1,-1
99926009,2026-05-18 10:54:11+05:30,52979.35,0,0.0,0,0.0,0.0,53282.15,53308.4,52783.45,53710.35,0,0.0,0.0,0.0,0.0,-0.01,-1,-1,-0.01,-1,-1,-0.01,-1,-1,-0.01,-1,-1,-0.01,-1,-1,-0.01,-1,-1,-0.01,-1,-1,-0.01,-1,-1,-0.01,-1,-1,-0.01,-1,-1
99926009,2026-05-18 10:54:12+05:30,52978.25,0,0.0,0,0.0,0.0,53282.15,53308.4,52783.45,53710.35,0,0.0,0.0,0.0,0.0,-0.01,-1,-1,-0.01,-1,-1,-0.01,-1,-1,-0.01,-1,-1,-0.01,-1,-1,-0.01,-1,-1,-0.01,-1,-1,-0.01,-1,-1,-0.01,-1,-1,-0.01,-1,-1
99926009,2026-05-18 10:54:12+05:30,52977.85,0,0.0,0,0.0,0.0,53282.15,53308.4,52783.45,53710.35,0,0.0,0.0,0.0,0.0,-0.01,-1,-1,-0.01,-1,-1,-0.01,-1,-1,-0.01,-1,-1,-0.01,-1,-1,-0.01,-1,-1,-0.01,-1,-1,-0.01,-1,-1,-0.01,-1,-1,-0.01,-1,-1
99926009,2026-05-18 10:54:13+05:30,52975.4,0,0.0,0,0.0,0.0,53282.15,53308.4,52783.45,53710.35,0,0.0,0.0,0.0,0.0,-0.01,-1,-1,-0.01,-1,-1,-0.01,-1,-1,-0.01,-1,-1,-0.01,-1,-1,-0.01,-1,-1,-0.01,-1,-1,-0.01,-1,-1,-0.01,-1,-1,-0.01,-1,-1
99926009,2026-05-18 10:54:13+05:30,52976.6,0,0.0,0,0.0,0.0,53282.15,53308.4,52783.45,53710.35,0,0.0,0.0,0.0,0.0,-0.01,-1,-1,-0.01,-1,-1,-0.01,-1,-1,-0.01,-1,-1,-0.01,-1,-1,-0.01,-1,-1,-0.01,-1,-1,-0.01,-1,-1,-0.01,-1,-1,-0.01,-1,-1
99926009,2026-05-18 10:54:14+05:30,52977.65,0,0.0,0,0.0,0.0,53282.15,53308.4,52783.45,53710.35,0,0.0,0.0,0.0,0.0,-0.01,-1,-1,-0.01,-1,-1,-0.01,-1,-1,-0.01,-1,-1,-0.01,-1,-1,-0.01,-1,-1,-0.01,-1,-1,-0.01,-1,-1,-0.01,-1,-1,-0.01,-1,-1
99926009,2026-05-18 10:54:14+05:30,52978.8,0,0.0,0,0.0,0.0,53282.15,53308.4,52783.45,53710.35,0,0.0,0.0,0.0,0.0,-0.01,-1,-1,-0.01,-1,-1,-0.01,-1,-1,-0.01,-1,-1,-0.01,-1,-1,-0.01,-1,-1,-0.01,-1,-1,-0.01,-1,-1,-0.01,-1,-1,-0.01,-1,-1
99926009,2026-05-18 10:54:15+05:30,52980.05,0,0.0,0,0.0,0.0,53282.15,53308.4,52783.45,53710.35,0,0.0,0.0,0.0,0.0,-0.01,-1,-1,-0.01,-1,-1,-0.01,-1,-1,-0.01,-1,-1,-0.01,-1,-1,-0.01,-1,-1,-0.01,-1,-1,-0.01,-1,-1,-0.01,-1,-1,-0.01,-1,-1
99926009,2026-05-18 10:54:15+05:30,52981.25,0,0.0,0,0.0,0.0,53282.15,53308.4,52783.45,53710.35,0,0.0,0.0,0.0,0.0,-0.01,-1,-1,-0.01,-1,-1,-0.01,-1,-1,-0.01,-1,-1,-0.01,-1,-1,-0.01,-1,-1,-0.01,-1,-1,-0.01,-1,-1,-0.01,-1,-1,-0.01,-1,-1
99926009,2026-05-18 10:54:16+05:30,52981.65,0,0.0,0,0.0,0.0,53282.15,53308.4,52783.45,53710.35,0,0.0,0.0,0.0,0.0,-0.01,-1,-1,-0.01,-1,-1,-0.01,-1,-1,-0.01,-1,-1,-0.01,-1,-1,-0.01,-1,-1,-0.01,-1,-1,-0.01,-1,-1,-0.01,-1,-1,-0.01,-1,-1
99926009,2026-05-18 10:54:16+05:30,52980.15,0,0.0,0,0.0,0.0,53282.15,53308.4,52783.45,53710.35,0,0.0,0.0,0.0,0.0,-0.01,-1,-1,-0.01,-1,-1,-0.01,-1,-1,-0.01,-1,-1,-0.01,-1,-1,-0.01,-1,-1,-0.01,-1,-1,-0.01,-1,-1,-0.01,-1,-1,-0.01,-1,-1
99926009,2026-05-18 10:54:17+05:30,52983.4,0,0.0,0,0.0,0.0,53282.15,53308.4,52783.45,53710.35,0,0.0,0.0,0.0,0.0,-0.01,-1,-1,-0.01,-1,-1,-0.01,-1,-1,-0.01,-1,-1,-0.01,-1,-1,-0.01,-1,-1,-0.01,-1,-1,-0.01,-1,-1,-0.01,-1,-1,-0.01,-1,-1
99926009,2026-05-18 10:54:17+05:30,52983.25,0,0.0,0,0.0,0.0,53282.15,53308.4,52783.45,53710.35,0,0.0,0.0,0.0,0.0,-0.01,-1,-1,-0.01,-1,-1,-0.01,-1,-1,-0.01,-1,-1,-0.01,-1,-1,-0.01,-1,-1,-0.01,-1,-1,-0.01,-1,-1,-0.01,-1,-1,-0.01,-1,-1
99926009,2026-05-18 10:54:18+05:30,52983.55,0,0.0,0,0.0,0.0,53282.15,53308.4,52783.45,53710.35,0,0.0,0.0,0.0,0.0,-0.01,-1,-1,-0.01,-1,-1,-0.01,-1,-1,-0.01,-1,-1,-0.01,-1,-1,-0.01,-1,-1,-0.01,-1,-1,-0.01,-1,-1,-0.01,-1,-1,-0.01,-1,-1
99926009,2026-05-18 10:54:18+05:30,52982.3,0,0.0,0,0.0,0.0,53282.15,53308.4,52783.45,53710.35,0,0.0,0.0,0.0,0.0,-0.01,-1,-1,-0.01,-1,-1,-0.01,-1,-1,-0.01,-1,-1,-0.01,-1,-1,-0.01,-1,-1,-0.01,-1,-1,-0.01,-1,-1,-0.01,-1,-1,-0.01,-1,-1
99926009,2026-05-18 10:54:19+05:30,52983.7,0,0.0,0,0.0,0.0,53282.15,53308.4,52783.45,53710.35,0,0.0,0.0,0.0,0.0,-0.01,-1,-1,-0.01,-1,-1,-0.01,-1,-1,-0.01,-1,-1,-0.01,-1,-1,-0.01,-1,-1,-0.01,-1,-1,-0.01,-1,-1,-0.01,-1,-1,-0.01,-1,-1
99926009,2026-05-18 10:54:19+05:30,52981.85,0,0.0,0,0.0,0.0,53282.15,53308.4,52783.45,53710.35,0,0.0,0.0,0.0,0.0,-0.01,-1,-1,-0.01,-1,-1,-0.01,-1,-1,-0.01,-1,-1,-0.01,-1,-1,-0.01,-1,-1,-0.01,-1,-1,-0.01,-1,-1,-0.01,-1,-1,-0.01,-1,-1
99926009,2026-05-18 10:54:20+05:30,52986.0,0,0.0,0,0.0,0.0,53282.15,53308.4,52783.45,53710.35,0,0.0,0.0,0.0,0.0,-0.01,-1,-1,-0.01,-1,-1,-0.01,-1,-1,-0.01,-1,-1,-0.01,-1,-1,-0.01,-1,-1,-0.01,-1,-1,-0.01,-1,-1,-0.01,-1,-1,-0.01,-1,-1
99926009,2026-05-18 10:54:20+05:30,52984.4,0,0.0,0,0.0,0.0,53282.15,53308.4,52783.45,53710.35,0,0.0,0.0,0.0,0.0,-0.01,-1,-1,-0.01,-1,-1,-0.01,-1,-1,-0.01,-1,-1,-0.01,-1,-1,-0.01,-1,-1,-0.01,-1,-1,-0.01,-1,-1,-0.01,-1,-1,-0.01,-1,-1
99926009,2026-05-18 10:54:21+05:30,52985.4,0,0.0,0,0.0,0.0,53282.15,53308.4,52783.45,53710.35,0,0.0,0.0,0.0,0.0,-0.01,-1,-1,-0.01,-1,-1,-0.01,-1,-1,-0.01,-1,-1,-0.01,-1,-1,-0.01,-1,-1,-0.01,-1,-1,-0.01,-1,-1,-0.01,-1,-1,-0.01,-1,-1
99926009,2026-05-18 10:54:21+05:30,52983.4,0,0.0,0,0.0,0.0,53282.15,53308.4,52783.45,53710.35,0,0.0,0.0,0.0,0.0,-0.01,-1,-1,-0.01,-1,-1,-0.01,-1,-1,-0.01,-1,-1,-0.01,-1,-1,-0.01,-1,-1,-0.01,-1,-1,-0.01,-1,-1,-0.01,-1,-1,-0.01,-1,-1
99926009,2026-05-18 10:54:22+05:30,52985.05,0,0.0,0,0.0,0.0,53282.15,53308.4,52783.45,53710.35,0,0.0,0.0,0.0,0.0,-0.01,-1,-1,-0.01,-1,-1,-0.01,-1,-1,-0.01,-1,-1,-0.01,-1,-1,-0.01,-1,-1,-0.01,-1,-1,-0.01,-1,-1,-0.01,-1,-1,-0.01,-1,-1
99926009,2026-05-18 10:54:22+05:30,52983.15,0,0.0,0,0.0,0.0,53282.15,53308.4,52783.45,53710.35,0,0.0,0.0,0.0,0.0,-0.01,-1,-1,-0.01,-1,-1,-0.01,-1,-1,-0.01,-1,-1,-0.01,-1,-1,-0.01,-1,-1,-0.01,-1,-1,-0.01,-1,-1,-0.01,-1,-1,-0.01,-1,-1
99926009,2026-05-18 10:54:23+05:30,52981.4,0,0.0,0,0.0,0.0,53282.15,53308.4,52783.45,53710.35,0,0.0,0.0,0.0,0.0,-0.01,-1,-1,-0.01,-1,-1,-0.01,-1,-1,-0.01,-1,-1,-0.01,-1,-1,-0.01,-1,-1,-0.01,-1,-1,-0.01,-1,-1,-0.01,-1,-1,-0.01,-1,-1
99926009,2026-05-18 10:54:23+05:30,52982.1,0,0.0,0,0.0,0.0,53282.15,53308.4,52783.45,53710.35,0,0.0,0.0,0.0,0.0,-0.01,-1,-1,-0.01,-1,-1,-0.01,-1,-1,-0.01,-1,-1,-0.01,-1,-1,-0.01,-1,-1,-0.01,-1,-1,-0.01,-1,-1,-0.01,-1,-1,-0.01,-1,-1
99926009,2026-05-18 10:54:24+05:30,52984.15,0,0.0,0,0.0,0.0,53282.15,53308.4,52783.45,53710.35,0,0.0,0.0,0.0,0.0,-0.01,-1,-1,-0.01,-1,-1,-0.01,-1,-1,-0.01,-1,-1,-0.01,-1,-1,-0.01,-1,-1,-0.01,-1,-1,-0.01,-1,-1,-0.01,-1,-1,-0.01,-1,-1
99926009,2026-05-18 10:54:24+05:30,52986.5,0,0.0,0,0.0,0.0,53282.15,53308.4,52783.45,53710.35,0,0.0,0.0,0.0,0.0,-0.01,-1,-1,-0.01,-1,-1,-0.01,-1,-1,-0.01,-1,-1,-0.01,-1,-1,-0.01,-1,-1,-0.01,-1,-1,-0.01,-1,-1,-0.01,-1,-1,-0.01,-1,-1
99926009,2026-05-18 10:54:25+05:30,52990.1,0,0.0,0,0.0,0.0,53282.15,53308.4,52783.45,53710.35,0,0.0,0.0,0.0,0.0,-0.01,-1,-1,-0.01,-1,-1,-0.01,-1,-1,-0.01,-1,-1,-0.01,-1,-1,-0.01,-1,-1,-0.01,-1,-1,-0.01,-1,-1,-0.01,-1,-1,-0.01,-1,-1
99926009,2026-05-18 10:54:25+05:30,52998.7,0,0.0,0,0.0,0.0,53282.15,53308.4,52783.45,53710.35,0,0.0,0.0,0.0,0.0,-0.01,-1,-1,-0.01,-1,-1,-0.01,-1,-1,-0.01,-1,-1,-0.01,-1,-1,-0.01,-1,-1,-0.01,-1,-1,-0.01,-1,-1,-0.01,-1,-1,-0.01,-1,-1
99926009,2026-05-18 10:54:26+05:30,53008.55,0,0.0,0,0.0,0.0,53282.15,53308.4,52783.45,53710.35,0,0.0,0.0,0.0,0.0,-0.01,-1,-1,-0.01,-1,-1,-0.01,-1,-1,-0.01,-1,-1,-0.01,-1,-1,-0.01,-1,-1,-0.01,-1,-1,-0.01,-1,-1,-0.01,-1,-1,-0.01,-1,-1
99926009,2026-05-18 10:54:26+05:30,53009.65,0,0.0,0,0.0,0.0,53282.15,53308.4,52783.45,53710.35,0,0.0,0.0,0.0,0.0,-0.01,-1,-1,-0.01,-1,-1,-0.01,-1,-1,-0.01,-1,-1,-0.01,-1,-1,-0.01,-1,-1,-0.01,-1,-1,-0.01,-1,-1,-0.01,-1,-1,-0.01,-1,-1
99926009,2026-05-18 10:54:27+05:30,53012.1,0,0.0,0,0.0,0.0,53282.15,53308.4,52783.45,53710.35,0,0.0,0.0,0.0,0.0,-0.01,-1,-1,-0.01,-1,-1,-0.01,-1,-1,-0.01,-1,-1,-0.01,-1,-1,-0.01,-1,-1,-0.01,-1,-1,-0.01,-1,-1,-0.01,-1,-1,-0.01,-1,-1
99926009,2026-05-18 10:54:27+05:30,53010.9,0,0.0,0,0.0,0.0,53282.15,53308.4,52783.45,53710.35,0,0.0,0.0,0.0,0.0,-0.01,-1,-1,-0.01,-1,-1,-0.01,-1,-1,-0.01,-1,-1,-0.01,-1,-1,-0.01,-1,-1,-0.01,-1,-1,-0.01,-1,-1,-0.01,-1,-1,-0.01,-1,-1
99926009,2026-05-18 10:54:28+05:30,53011.0,0,0.0,0,0.0,0.0,53282.15,53308.4,52783.45,53710.35,0,0.0,0.0,0.0,0.0,-0.01,-1,-1,-0.01,-1,-1,-0.01,-1,-1,-0.01,-1,-1,-0.01,-1,-1,-0.01,-1,-1,-0.01,-1,-1,-0.01,-1,-1,-0.01,-1,-1,-0.01,-1,-1
99926009,2026-05-18 10:54:28+05:30,53009.7,0,0.0,0,0.0,0.0,53282.15,53308.4,52783.45,53710.35,0,0.0,0.0,0.0,0.0,-0.01,-1,-1,-0.01,-1,-1,-0.01,-1,-1,-0.01,-1,-1,-0.01,-1,-1,-0.01,-1,-1,-0.01,-1,-1,-0.01,-1,-1,-0.01,-1,-1,-0.01,-1,-1
99926009,2026-05-18 10:54:29+05:30,53009.9,0,0.0,0,0.0,0.0,53282.15,53308.4,52783.45,53710.35,0,0.0,0.0,0.0,0.0,-0.01,-1,-1,-0.01,-1,-1,-0.01,-1,-1,-0.01,-1,-1,-0.01,-1,-1,-0.01,-1,-1,-0.01,-1,-1,-0.01,-1,-1,-0.01,-1,-1,-0.01,-1,-1
99926009,2026-05-18 10:54:29+05:30,53008.3,0,0.0,0,0.0,0.0,53282.15,53308.4,52783.45,53710.35,0,0.0,0.0,0.0,0.0,-0.01,-1,-1,-0.01,-1,-1,-0.01,-1,-1,-0.01,-1,-1,-0.01,-1,-1,-0.01,-1,-1,-0.01,-1,-1,-0.01,-1,-1,-0.01,-1,-1,-0.01,-1,-1
99926009,2026-05-18 10:54:30+05:30,53009.15,0,0.0,0,0.0,0.0,53282.15,53308.4,52783.45,53710.35,0,0.0,0.0,0.0,0.0,-0.01,-1,-1,-0.01,-1,-1,-0.01,-1,-1,-0.01,-1,-1,-0.01,-1,-1,-0.01,-1,-1,-0.01,-1,-1,-0.01,-1,-1,-0.01,-1,-1,-0.01,-1,-1
99926009,2026-05-18 10:54:30+05:30,53010.0,0,0.0,0,0.0,0.0,53282.15,53308.4,52783.45,53710.35,0,0.0,0.0,0.0,0.0,-0.01,-1,-1,-0.01,-1,-1,-0.01,-1,-1,-0.01,-1,-1,-0.01,-1,-1,-0.01,-1,-1,-0.01,-1,-1,-0.01,-1,-1,-0.01,-1,-1,-0.01,-1,-1
99926009,2026-05-18 10:54:31+05:30,53009.95,0,0.0,0,0.0,0.0,53282.15,53308.4,52783.45,53710.35,0,0.0,0.0,0.0,0.0,-0.01,-1,-1,-0.01,-1,-1,-0.01,-1,-1,-0.01,-1,-1,-0.01,-1,-1,-0.01,-1,-1,-0.01,-1,-1,-0.01,-1,-1,-0.01,-1,-1,-0.01,-1,-1
99926009,2026-05-18 10:54:31+05:30,53010.0,0,0.0,0,0.0,0.0,53282.15,53308.4,52783.45,53710.35,0,0.0,0.0,0.0,0.0,-0.01,-1,-1,-0.01,-1,-1,-0.01,-1,-1,-0.01,-1,-1,-0.01,-1,-1,-0.01,-1,-1,-0.01,-1,-1,-0.01,-1,-1,-0.01,-1,-1,-0.01,-1,-1
99926009,2026-05-18 10:54:32+05:30,53009.5,0,0.0,0,0.0,0.0,53282.15,53308.4,52783.45,53710.35,0,0.0,0.0,0.0,0.0,-0.01,-1,-1,-0.01,-1,-1,-0.01,-1,-1,-0.01,-1,-1,-0.01,-1,-1,-0.01,-1,-1,-0.01,-1,-1,-0.01,-1,-1,-0.01,-1,-1,-0.01,-1,-1
99926009,2026-05-18 10:54:32+05:30,53007.15,0,0.0,0,0.0,0.0,53282.15,53308.4,52783.45,53710.35,0,0.0,0.0,0.0,0.0,-0.01,-1,-1,-0.01,-1,-1,-0.01,-1,-1,-0.01,-1,-1,-0.01,-1,-1,-0.01,-1,-1,-0.01,-1,-1,-0.01,-1,-1,-0.01,-1,-1,-0.01,-1,-1
99926009,2026-05-18 10:54:33+05:30,53006.3,0,0.0,0,0.0,0.0,53282.15,53308.4,52783.45,53710.35,0,0.0,0.0,0.0,0.0,-0.01,-1,-1,-0.01,-1,-1,-0.01,-1,-1,-0.01,-1,-1,-0.01,-1,-1,-0.01,-1,-1,-0.01,-1,-1,-0.01,-1,-1,-0.01,-1,-1,-0.01,-1,-1
99926009,2026-05-18 10:54:33+05:30,53002.7,0,0.0,0,0.0,0.0,53282.15,53308.4,52783.45,53710.35,0,0.0,0.0,0.0,0.0,-0.01,-1,-1,-0.01,-1,-1,-0.01,-1,-1,-0.01,-1,-1,-0.01,-1,-1,-0.01,-1,-1,-0.01,-1,-1,-0.01,-1,-1,-0.01,-1,-1,-0.01,-1,-1
99926009,2026-05-18 10:54:34+05:30,53005.55,0,0.0,0,0.0,0.0,53282.15,53308.4,52783.45,53710.35,0,0.0,0.0,0.0,0.0,-0.01,-1,-1,-0.01,-1,-1,-0.01,-1,-1,-0.01,-1,-1,-0.01,-1,-1,-0.01,-1,-1,-0.01,-1,-1,-0.01,-1,-1,-0.01,-1,-1,-0.01,-1,-1
99926009,2026-05-18 10:54:34+05:30,53007.3,0,0.0,0,0.0,0.0,53282.15,53308.4,52783.45,53710.35,0,0.0,0.0,0.0,0.0,-0.01,-1,-1,-0.01,-1,-1,-0.01,-1,-1,-0.01,-1,-1,-0.01,-1,-1,-0.01,-1,-1,-0.01,-1,-1,-0.01,-1,-1,-0.01,-1,-1,-0.01,-1,-1
99926009,2026-05-18 10:54:35+05:30,53006.9,0,0.0,0,0.0,0.0,53282.15,53308.4,52783.45,53710.35,0,0.0,0.0,0.0,0.0,-0.01,-1,-1,-0.01,-1,-1,-0.01,-1,-1,-0.01,-1,-1,-0.01,-1,-1,-0.01,-1,-1,-0.01,-1,-1,-0.01,-1,-1,-0.01,-1,-1,-0.01,-1,-1
99926009,2026-05-18 10:54:35+05:30,53003.0,0,0.0,0,0.0,0.0,53282.15,53308.4,52783.45,53710.35,0,0.0,0.0,0.0,0.0,-0.01,-1,-1,-0.01,-1,-1,-0.01,-1,-1,-0.01,-1,-1,-0.01,-1,-1,-0.01,-1,-1,-0.01,-1,-1,-0.01,-1,-1,-0.01,-1,-1,-0.01,-1,-1
99926009,2026-05-18 10:54:36+05:30,53005.8,0,0.0,0,0.0,0.0,53282.15,53308.4,52783.45,53710.35,0,0.0,0.0,0.0,0.0,-0.01,-1,-1,-0.01,-1,-1,-0.01,-1,-1,-0.01,-1,-1,-0.01,-1,-1,-0.01,-1,-1,-0.01,-1,-1,-0.01,-1,-1,-0.01,-1,-1,-0.01,-1,-1
99926009,2026-05-18 10:54:36+05:30,53005.55,0,0.0,0,0.0,0.0,53282.15,53308.4,52783.45,53710.35,0,0.0,0.0,0.0,0.0,-0.01,-1,-1,-0.01,-1,-1,-0.01,-1,-1,-0.01,-1,-1,-0.01,-1,-1,-0.01,-1,-1,-0.01,-1,-1,-0.01,-1,-1,-0.01,-1,-1,-0.01,-1,-1
99926009,2026-05-18 10:54:37+05:30,53005.2,0,0.0,0,0.0,0.0,53282.15,53308.4,52783.45,53710.35,0,0.0,0.0,0.0,0.0,-0.01,-1,-1,-0.01,-1,-1,-0.01,-1,-1,-0.01,-1,-1,-0.01,-1,-1,-0.01,-1,-1,-0.01,-1,-1,-0.01,-1,-1,-0.01,-1,-1,-0.01,-1,-1
99926009,2026-05-18 10:54:37+05:30,53003.9,0,0.0,0,0.0,0.0,53282.15,53308.4,52783.45,53710.35,0,0.0,0.0,0.0,0.0,-0.01,-1,-1,-0.01,-1,-1,-0.01,-1,-1,-0.01,-1,-1,-0.01,-1,-1,-0.01,-1,-1,-0.01,-1,-1,-0.01,-1,-1,-0.01,-1,-1,-0.01,-1,-1
99926009,2026-05-18 10:54:38+05:30,53003.25,0,0.0,0,0.0,0.0,53282.15,53308.4,52783.45,53710.35,0,0.0,0.0,0.0,0.0,-0.01,-1,-1,-0.01,-1,-1,-0.01,-1,-1,-0.01,-1,-1,-0.01,-1,-1,-0.01,-1,-1,-0.01,-1,-1,-0.01,-1,-1,-0.01,-1,-1,-0.01,-1,-1
99926009,2026-05-18 10:54:38+05:30,53004.3,0,0.0,0,0.0,0.0,53282.15,53308.4,52783.45,53710.35,0,0.0,0.0,0.0,0.0,-0.01,-1,-1,-0.01,-1,-1,-0.01,-1,-1,-0.01,-1,-1,-0.01,-1,-1,-0.01,-1,-1,-0.01,-1,-1,-0.01,-1,-1,-0.01,-1,-1,-0.01,-1,-1
99926009,2026-05-18 10:54:39+05:30,53003.65,0,0.0,0,0.0,0.0,53282.15,53308.4,52783.45,53710.35,0,0.0,0.0,0.0,0.0,-0.01,-1,-1,-0.01,-1,-1,-0.01,-1,-1,-0.01,-1,-1,-0.01,-1,-1,-0.01,-1,-1,-0.01,-1,-1,-0.01,-1,-1,-0.01,-1,-1,-0.01,-1,-1
99926009,2026-05-18 10:54:39+05:30,53003.75,0,0.0,0,0.0,0.0,53282.15,53308.4,52783.45,53710.35,0,0.0,0.0,0.0,0.0,-0.01,-1,-1,-0.01,-1,-1,-0.01,-1,-1,-0.01,-1,-1,-0.01,-1,-1,-0.01,-1,-1,-0.01,-1,-1,-0.01,-1,-1,-0.01,-1,-1,-0.01,-1,-1
99926009,2026-05-18 10:54:40+05:30,53002.2,0,0.0,0,0.0,0.0,53282.15,53308.4,52783.45,53710.35,0,0.0,0.0,0.0,0.0,-0.01,-1,-1,-0.01,-1,-1,-0.01,-1,-1,-0.01,-1,-1,-0.01,-1,-1,-0.01,-1,-1,-0.01,-1,-1,-0.01,-1,-1,-0.01,-1,-1,-0.01,-1,-1
99926009,2026-05-18 10:54:40+05:30,53006.9,0,0.0,0,0.0,0.0,53282.15,53308.4,52783.45,53710.35,0,0.0,0.0,0.0,0.0,-0.01,-1,-1,-0.01,-1,-1,-0.01,-1,-1,-0.01,-1,-1,-0.01,-1,-1,-0.01,-1,-1,-0.01,-1,-1,-0.01,-1,-1,-0.01,-1,-1,-0.01,-1,-1
99926009,2026-05-18 10:54:41+05:30,53003.05,0,0.0,0,0.0,0.0,53282.15,53308.4,52783.45,53710.35,0,0.0,0.0,0.0,0.0,-0.01,-1,-1,-0.01,-1,-1,-0.01,-1,-1,-0.01,-1,-1,-0.01,-1,-1,-0.01,-1,-1,-0.01,-1,-1,-0.01,-1,-1,-0.01,-1,-1,-0.01,-1,-1
99926009,2026-05-18 10:54:41+05:30,53001.55,0,0.0,0,0.0,0.0,53282.15,53308.4,52783.45,53710.35,0,0.0,0.0,0.0,0.0,-0.01,-1,-1,-0.01,-1,-1,-0.01,-1,-1,-0.01,-1,-1,-0.01,-1,-1,-0.01,-1,-1,-0.01,-1,-1,-0.01,-1,-1,-0.01,-1,-1,-0.01,-1,-1
99926009,2026-05-18 10:54:42+05:30,53003.65,0,0.0,0,0.0,0.0,53282.15,53308.4,52783.45,53710.35,0,0.0,0.0,0.0,0.0,-0.01,-1,-1,-0.01,-1,-1,-0.01,-1,-1,-0.01,-1,-1,-0.01,-1,-1,-0.01,-1,-1,-0.01,-1,-1,-0.01,-1,-1,-0.01,-1,-1,-0.01,-1,-1
99926009,2026-05-18 10:54:42+05:30,53002.8,0,0.0,0,0.0,0.0,53282.15,53308.4,52783.45,53710.35,0,0.0,0.0,0.0,0.0,-0.01,-1,-1,-0.01,-1,-1,-0.01,-1,-1,-0.01,-1,-1,-0.01,-1,-1,-0.01,-1,-1,-0.01,-1,-1,-0.01,-1,-1,-0.01,-1,-1,-0.01,-1,-1
99926009,2026-05-18 10:54:43+05:30,53004.0,0,0.0,0,0.0,0.0,53282.15,53308.4,52783.45,53710.35,0,0.0,0.0,0.0,0.0,-0.01,-1,-1,-0.01,-1,-1,-0.01,-1,-1,-0.01,-1,-1,-0.01,-1,-1,-0.01,-1,-1,-0.01,-1,-1,-0.01,-1,-1,-0.01,-1,-1,-0.01,-1,-1
99926009,2026-05-18 10:54:43+05:30,53003.7,0,0.0,0,0.0,0.0,53282.15,53308.4,52783.45,53710.35,0,0.0,0.0,0.0,0.0,-0.01,-1,-1,-0.01,-1,-1,-0.01,-1,-1,-0.01,-1,-1,-0.01,-1,-1,-0.01,-1,-1,-0.01,-1,-1,-0.01,-1,-1,-0.01,-1,-1,-0.01,-1,-1
99926009,2026-05-18 10:54:44+05:30,53006.15,0,0.0,0,0.0,0.0,53282.15,53308.4,52783.45,53710.35,0,0.0,0.0,0.0,0.0,-0.01,-1,-1,-0.01,-1,-1,-0.01,-1,-1,-0.01,-1,-1,-0.01,-1,-1,-0.01,-1,-1,-0.01,-1,-1,-0.01,-1,-1,-0.01,-1,-1,-0.01,-1,-1
99926009,2026-05-18 10:54:44+05:30,53002.75,0,0.0,0,0.0,0.0,53282.15,53308.4,52783.45,53710.35,0,0.0,0.0,0.0,0.0,-0.01,-1,-1,-0.01,-1,-1,-0.01,-1,-1,-0.01,-1,-1,-0.01,-1,-1,-0.01,-1,-1,-0.01,-1,-1,-0.01,-1,-1,-0.01,-1,-1,-0.01,-1,-1
99926009,2026-05-18 10:54:45+05:30,53006.2,0,0.0,0,0.0,0.0,53282.15,53308.4,52783.45,53710.35,0,0.0,0.0,0.0,0.0,-0.01,-1,-1,-0.01,-1,-1,-0.01,-1,-1,-0.01,-1,-1,-0.01,-1,-1,-0.01,-1,-1,-0.01,-1,-1,-0.01,-1,-1,-0.01,-1,-1,-0.01,-1,-1
99926009,2026-05-18 10:54:45+05:30,53005.5,0,0.0,0,0.0,0.0,53282.15,53308.4,52783.45,53710.35,0,0.0,0.0,0.0,0.0,-0.01,-1,-1,-0.01,-1,-1,-0.01,-1,-1,-0.01,-1,-1,-0.01,-1,-1,-0.01,-1,-1,-0.01,-1,-1,-0.01,-1,-1,-0.01,-1,-1,-0.01,-1,-1
99926009,2026-05-18 10:54:46+05:30,53006.2,0,0.0,0,0.0,0.0,53282.15,53308.4,52783.45,53710.35,0,0.0,0.0,0.0,0.0,-0.01,-1,-1,-0.01,-1,-1,-0.01,-1,-1,-0.01,-1,-1,-0.01,-1,-1,-0.01,-1,-1,-0.01,-1,-1,-0.01,-1,-1,-0.01,-1,-1,-0.01,-1,-1
99926009,2026-05-18 10:54:46+05:30,53004.65,0,0.0,0,0.0,0.0,53282.15,53308.4,52783.45,53710.35,0,0.0,0.0,0.0,0.0,-0.01,-1,-1,-0.01,-1,-1,-0.01,-1,-1,-0.01,-1,-1,-0.01,-1,-1,-0.01,-1,-1,-0.01,-1,-1,-0.01,-1,-1,-0.01,-1,-1,-0.01,-1,-1
99926009,2026-05-18 10:54:47+05:30,53003.95,0,0.0,0,0.0,0.0,53282.15,53308.4,52783.45,53710.35,0,0.0,0.0,0.0,0.0,-0.01,-1,-1,-0.01,-1,-1,-0.01,-1,-1,-0.01,-1,-1,-0.01,-1,-1,-0.01,-1,-1,-0.01,-1,-1,-0.01,-1,-1,-0.01,-1,-1,-0.01,-1,-1
99926009,2026-05-18 10:54:47+05:30,53004.5,0,0.0,0,0.0,0.0,53282.15,53308.4,52783.45,53710.35,0,0.0,0.0,0.0,0.0,-0.01,-1,-1,-0.01,-1,-1,-0.01,-1,-1,-0.01,-1,-1,-0.01,-1,-1,-0.01,-1,-1,-0.01,-1,-1,-0.01,-1,-1,-0.01,-1,-1,-0.01,-1,-1
99926009,2026-05-18 10:54:48+05:30,53003.85,0,0.0,0,0.0,0.0,53282.15,53308.4,52783.45,53710.35,0,0.0,0.0,0.0,0.0,-0.01,-1,-1,-0.01,-1,-1,-0.01,-1,-1,-0.01,-1,-1,-0.01,-1,-1,-0.01,-1,-1,-0.01,-1,-1,-0.01,-1,-1,-0.01,-1,-1,-0.01,-1,-1
99926009,2026-05-18 10:54:48+05:30,53000.8,0,0.0,0,0.0,0.0,53282.15,53308.4,52783.45,53710.35,0,0.0,0.0,0.0,0.0,-0.01,-1,-1,-0.01,-1,-1,-0.01,-1,-1,-0.01,-1,-1,-0.01,-1,-1,-0.01,-1,-1,-0.01,-1,-1,-0.01,-1,-1,-0.01,-1,-1,-0.01,-1,-1
99926009,2026-05-18 10:54:49+05:30,52999.95,0,0.0,0,0.0,0.0,53282.15,53308.4,52783.45,53710.35,0,0.0,0.0,0.0,0.0,-0.01,-1,-1,-0.01,-1,-1,-0.01,-1,-1,-0.01,-1,-1,-0.01,-1,-1,-0.01,-1,-1,-0.01,-1,-1,-0.01,-1,-1,-0.01,-1,-1,-0.01,-1,-1
99926009,2026-05-18 10:54:49+05:30,53001.95,0,0.0,0,0.0,0.0,53282.15,53308.4,52783.45,53710.35,0,0.0,0.0,0.0,0.0,-0.01,-1,-1,-0.01,-1,-1,-0.01,-1,-1,-0.01,-1,-1,-0.01,-1,-1,-0.01,-1,-1,-0.01,-1,-1,-0.01,-1,-1,-0.01,-1,-1,-0.01,-1,-1
99926009,2026-05-18 10:54:50+05:30,53007.15,0,0.0,0,0.0,0.0,53282.15,53308.4,52783.45,53710.35,0,0.0,0.0,0.0,0.0,-0.01,-1,-1,-0.01,-1,-1,-0.01,-1,-1,-0.01,-1,-1,-0.01,-1,-1,-0.01,-1,-1,-0.01,-1,-1,-0.01,-1,-1,-0.01,-1,-1,-0.01,-1,-1
99926009,2026-05-18 10:54:50+05:30,53006.25,0,0.0,0,0.0,0.0,53282.15,53308.4,52783.45,53710.35,0,0.0,0.0,0.0,0.0,-0.01,-1,-1,-0.01,-1,-1,-0.01,-1,-1,-0.01,-1,-1,-0.01,-1,-1,-0.01,-1,-1,-0.01,-1,-1,-0.01,-1,-1,-0.01,-1,-1,-0.01,-1,-1
99926009,2026-05-18 10:54:51+05:30,53007.75,0,0.0,0,0.0,0.0,53282.15,53308.4,52783.45,53710.35,0,0.0,0.0,0.0,0.0,-0.01,-1,-1,-0.01,-1,-1,-0.01,-1,-1,-0.01,-1,-1,-0.01,-1,-1,-0.01,-1,-1,-0.01,-1,-1,-0.01,-1,-1,-0.01,-1,-1,-0.01,-1,-1
99926009,2026-05-18 10:54:51+05:30,53007.8,0,0.0,0,0.0,0.0,53282.15,53308.4,52783.45,53710.35,0,0.0,0.0,0.0,0.0,-0.01,-1,-1,-0.01,-1,-1,-0.01,-1,-1,-0.01,-1,-1,-0.01,-1,-1,-0.01,-1,-1,-0.01,-1,-1,-0.01,-1,-1,-0.01,-1,-1,-0.01,-1,-1
99926009,2026-05-18 10:54:52+05:30,53009.0,0,0.0,0,0.0,0.0,53282.15,53308.4,52783.45,53710.35,0,0.0,0.0,0.0,0.0,-0.01,-1,-1,-0.01,-1,-1,-0.01,-1,-1,-0.01,-1,-1,-0.01,-1,-1,-0.01,-1,-1,-0.01,-1,-1,-0.01,-1,-1,-0.01,-1,-1,-0.01,-1,-1
99926009,2026-05-18 10:54:52+05:30,53008.4,0,0.0,0,0.0,0.0,53282.15,53308.4,52783.45,53710.35,0,0.0,0.0,0.0,0.0,-0.01,-1,-1,-0.01,-1,-1,-0.01,-1,-1,-0.01,-1,-1,-0.01,-1,-1,-0.01,-1,-1,-0.01,-1,-1,-0.01,-1,-1,-0.01,-1,-1,-0.01,-1,-1
99926009,2026-05-18 10:54:53+05:30,53009.2,0,0.0,0,0.0,0.0,53282.15,53308.4,52783.45,53710.35,0,0.0,0.0,0.0,0.0,-0.01,-1,-1,-0.01,-1,-1,-0.01,-1,-1,-0.01,-1,-1,-0.01,-1,-1,-0.01,-1,-1,-0.01,-1,-1,-0.01,-1,-1,-0.01,-1,-1,-0.01,-1,-1
99926009,2026-05-18 10:54:53+05:30,53006.55,0,0.0,0,0.0,0.0,53282.15,53308.4,52783.45,53710.35,0,0.0,0.0,0.0,0.0,-0.01,-1,-1,-0.01,-1,-1,-0.01,-1,-1,-0.01,-1,-1,-0.01,-1,-1,-0.01,-1,-1,-0.01,-1,-1,-0.01,-1,-1,-0.01,-1,-1,-0.01,-1,-1
99926009,2026-05-18 10:54:54+05:30,53005.1,0,0.0,0,0.0,0.0,53282.15,53308.4,52783.45,53710.35,0,0.0,0.0,0.0,0.0,-0.01,-1,-1,-0.01,-1,-1,-0.01,-1,-1,-0.01,-1,-1,-0.01,-1,-1,-0.01,-1,-1,-0.01,-1,-1,-0.01,-1,-1,-0.01,-1,-1,-0.01,-1,-1
99926009,2026-05-18 10:54:54+05:30,53011.6,0,0.0,0,0.0,0.0,53282.15,53308.4,52783.45,53710.35,0,0.0,0.0,0.0,0.0,-0.01,-1,-1,-0.01,-1,-1,-0.01,-1,-1,-0.01,-1,-1,-0.01,-1,-1,-0.01,-1,-1,-0.01,-1,-1,-0.01,-1,-1,-0.01,-1,-1,-0.01,-1,-1
99926009,2026-05-18 10:54:55+05:30,53009.55,0,0.0,0,0.0,0.0,53282.15,53308.4,52783.45,53710.35,0,0.0,0.0,0.0,0.0,-0.01,-1,-1,-0.01,-1,-1,-0.01,-1,-1,-0.01,-1,-1,-0.01,-1,-1,-0.01,-1,-1,-0.01,-1,-1,-0.01,-1,-1,-0.01,-1,-1,-0.01,-1,-1
99926009,2026-05-18 10:54:55+05:30,53007.25,0,0.0,0,0.0,0.0,53282.15,53308.4,52783.45,53710.35,0,0.0,0.0,0.0,0.0,-0.01,-1,-1,-0.01,-1,-1,-0.01,-1,-1,-0.01,-1,-1,-0.01,-1,-1,-0.01,-1,-1,-0.01,-1,-1,-0.01,-1,-1,-0.01,-1,-1,-0.01,-1,-1
99926009,2026-05-18 10:54:56+05:30,53010.35,0,0.0,0,0.0,0.0,53282.15,53308.4,52783.45,53710.35,0,0.0,0.0,0.0,0.0,-0.01,-1,-1,-0.01,-1,-1,-0.01,-1,-1,-0.01,-1,-1,-0.01,-1,-1,-0.01,-1,-1,-0.01,-1,-1,-0.01,-1,-1,-0.01,-1,-1,-0.01,-1,-1
99926009,2026-05-18 10:54:56+05:30,53011.0,0,0.0,0,0.0,0.0,53282.15,53308.4,52783.45,53710.35,0,0.0,0.0,0.0,0.0,-0.01,-1,-1,-0.01,-1,-1,-0.01,-1,-1,-0.01,-1,-1,-0.01,-1,-1,-0.01,-1,-1,-0.01,-1,-1,-0.01,-1,-1,-0.01,-1,-1,-0.01,-1,-1
99926009,2026-05-18 10:54:57+05:30,53010.0,0,0.0,0,0.0,0.0,53282.15,53308.4,52783.45,53710.35,0,0.0,0.0,0.0,0.0,-0.01,-1,-1,-0.01,-1,-1,-0.01,-1,-1,-0.01,-1,-1,-0.01,-1,-1,-0.01,-1,-1,-0.01,-1,-1,-0.01,-1,-1,-0.01,-1,-1,-0.01,-1,-1
99926009,2026-05-18 10:54:57+05:30,53010.1,0,0.0,0,0.0,0.0,53282.15,53308.4,52783.45,53710.35,0,0.0,0.0,0.0,0.0,-0.01,-1,-1,-0.01,-1,-1,-0.01,-1,-1,-0.01,-1,-1,-0.01,-1,-1,-0.01,-1,-1,-0.01,-1,-1,-0.01,-1,-1,-0.01,-1,-1,-0.01,-1,-1
99926009,2026-05-18 10:54:58+05:30,53008.65,0,0.0,0,0.0,0.0,53282.15,53308.4,52783.45,53710.35,0,0.0,0.0,0.0,0.0,-0.01,-1,-1,-0.01,-1,-1,-0.01,-1,-1,-0.01,-1,-1,-0.01,-1,-1,-0.01,-1,-1,-0.01,-1,-1,-0.01,-1,-1,-0.01,-1,-1,-0.01,-1,-1
99926009,2026-05-18 10:54:58+05:30,53007.4,0,0.0,0,0.0,0.0,53282.15,53308.4,52783.45,53710.35,0,0.0,0.0,0.0,0.0,-0.01,-1,-1,-0.01,-1,-1,-0.01,-1,-1,-0.01,-1,-1,-0.01,-1,-1,-0.01,-1,-1,-0.01,-1,-1,-0.01,-1,-1,-0.01,-1,-1,-0.01,-1,-1
99926009,2026-05-18 10:54:59+05:30,53010.05,0,0.0,0,0.0,0.0,53282.15,53308.4,52783.45,53710.35,0,0.0,0.0,0.0,0.0,-0.01,-1,-1,-0.01,-1,-1,-0.01,-1,-1,-0.01,-1,-1,-0.01,-1,-1,-0.01,-1,-1,-0.01,-1,-1,-0.01,-1,-1,-0.01,-1,-1,-0.01,-1,-1
99926009,2026-05-18 10:54:59+05:30,53007.4,0,0.0,0,0.0,0.0,53282.15,53308.4,52783.45,53710.35,0,0.0,0.0,0.0,0.0,-0.01,-1,-1,-0.01,-1,-1,-0.01,-1,-1,-0.01,-1,-1,-0.01,-1,-1,-0.01,-1,-1,-0.01,-1,-1,-0.01,-1,-1,-0.01,-1,-1,-0.01,-1,-1
99926009,2026-05-18 10:55:00+05:30,53007.75,0,0.0,0,0.0,0.0,53282.15,53308.4,52783.45,53710.35,0,0.0,0.0,0.0,0.0,-0.01,-1,-1,-0.01,-1,-1,-0.01,-1,-1,-0.01,-1,-1,-0.01,-1,-1,-0.01,-1,-1,-0.01,-1,-1,-0.01,-1,-1,-0.01,-1,-1,-0.01,-1,-1
99926009,2026-05-18 10:55:00+05:30,53012.25,0,0.0,0,0.0,0.0,53282.15,53308.4,52783.45,53710.35,0,0.0,0.0,0.0,0.0,-0.01,-1,-1,-0.01,-1,-1,-0.01,-1,-1,-0.01,-1,-1,-0.01,-1,-1,-0.01,-1,-1,-0.01,-1,-1,-0.01,-1,-1,-0.01,-1,-1,-0.01,-1,-1
99926009,2026-05-18 10:55:01+05:30,53010.85,0,0.0,0,0.0,0.0,53282.15,53308.4,52783.45,53710.35,0,0.0,0.0,0.0,0.0,-0.01,-1,-1,-0.01,-1,-1,-0.01,-1,-1,-0.01,-1,-1,-0.01,-1,-1,-0.01,-1,-1,-0.01,-1,-1,-0.01,-1,-1,-0.01,-1,-1,-0.01,-1,-1
99926009,2026-05-18 10:55:01+05:30,53006.6,0,0.0,0,0.0,0.0,53282.15,53308.4,52783.45,53710.35,0,0.0,0.0,0.0,0.0,-0.01,-1,-1,-0.01,-1,-1,-0.01,-1,-1,-0.01,-1,-1,-0.01,-1,-1,-0.01,-1,-1,-0.01,-1,-1,-0.01,-1,-1,-0.01,-1,-1,-0.01,-1,-1
99926009,2026-05-18 10:55:02+05:30,53005.65,0,0.0,0,0.0,0.0,53282.15,53308.4,52783.45,53710.35,0,0.0,0.0,0.0,0.0,-0.01,-1,-1,-0.01,-1,-1,-0.01,-1,-1,-0.01,-1,-1,-0.01,-1,-1,-0.01,-1,-1,-0.01,-1,-1,-0.01,-1,-1,-0.01,-1,-1,-0.01,-1,-1
99926009,2026-05-18 10:55:02+05:30,53006.05,0,0.0,0,0.0,0.0,53282.15,53308.4,52783.45,53710.35,0,0.0,0.0,0.0,0.0,-0.01,-1,-1,-0.01,-1,-1,-0.01,-1,-1,-0.01,-1,-1,-0.01,-1,-1,-0.01,-1,-1,-0.01,-1,-1,-0.01,-1,-1,-0.01,-1,-1,-0.01,-1,-1
99926009,2026-05-18 10:55:03+05:30,53007.0,0,0.0,0,0.0,0.0,53282.15,53308.4,52783.45,53710.35,0,0.0,0.0,0.0,0.0,-0.01,-1,-1,-0.01,-1,-1,-0.01,-1,-1,-0.01,-1,-1,-0.01,-1,-1,-0.01,-1,-1,-0.01,-1,-1,-0.01,-1,-1,-0.01,-1,-1,-0.01,-1,-1
99926009,2026-05-18 10:55:03+05:30,53007.15,0,0.0,0,0.0,0.0,53282.15,53308.4,52783.45,53710.35,0,0.0,0.0,0.0,0.0,-0.01,-1,-1,-0.01,-1,-1,-0.01,-1,-1,-0.01,-1,-1,-0.01,-1,-1,-0.01,-1,-1,-0.01,-1,-1,-0.01,-1,-1,-0.01,-1,-1,-0.01,-1,-1
99926009,2026-05-18 10:55:04+05:30,53006.8,0,0.0,0,0.0,0.0,53282.15,53308.4,52783.45,53710.35,0,0.0,0.0,0.0,0.0,-0.01,-1,-1,-0.01,-1,-1,-0.01,-1,-1,-0.01,-1,-1,-0.01,-1,-1,-0.01,-1,-1,-0.01,-1,-1,-0.01,-1,-1,-0.01,-1,-1,-0.01,-1,-1
99926009,2026-05-18 10:55:04+05:30,53004.7,0,0.0,0,0.0,0.0,53282.15,53308.4,52783.45,53710.35,0,0.0,0.0,0.0,0.0,-0.01,-1,-1,-0.01,-1,-1,-0.01,-1,-1,-0.01,-1,-1,-0.01,-1,-1,-0.01,-1,-1,-0.01,-1,-1,-0.01,-1,-1,-0.01,-1,-1,-0.01,-1,-1
99926009,2026-05-18 10:55:05+05:30,53004.2,0,0.0,0,0.0,0.0,53282.15,53308.4,52783.45,53710.35,0,0.0,0.0,0.0,0.0,-0.01,-1,-1,-0.01,-1,-1,-0.01,-1,-1,-0.01,-1,-1,-0.01,-1,-1,-0.01,-1,-1,-0.01,-1,-1,-0.01,-1,-1,-0.01,-1,-1,-0.01,-1,-1
99926009,2026-05-18 10:55:05+05:30,53006.55,0,0.0,0,0.0,0.0,53282.15,53308.4,52783.45,53710.35,0,0.0,0.0,0.0,0.0,-0.01,-1,-1,-0.01,-1,-1,-0.01,-1,-1,-0.01,-1,-1,-0.01,-1,-1,-0.01,-1,-1,-0.01,-1,-1,-0.01,-1,-1,-0.01,-1,-1,-0.01,-1,-1
99926009,2026-05-18 10:55:06+05:30,53006.6,0,0.0,0,0.0,0.0,53282.15,53308.4,52783.45,53710.35,0,0.0,0.0,0.0,0.0,-0.01,-1,-1,-0.01,-1,-1,-0.01,-1,-1,-0.01,-1,-1,-0.01,-1,-1,-0.01,-1,-1,-0.01,-1,-1,-0.01,-1,-1,-0.01,-1,-1,-0.01,-1,-1
99926009,2026-05-18 10:55:06+05:30,53001.9,0,0.0,0,0.0,0.0,53282.15,53308.4,52783.45,53710.35,0,0.0,0.0,0.0,0.0,-0.01,-1,-1,-0.01,-1,-1,-0.01,-1,-1,-0.01,-1,-1,-0.01,-1,-1,-0.01,-1,-1,-0.01,-1,-1,-0.01,-1,-1,-0.01,-1,-1,-0.01,-1,-1
99926009,2026-05-18 10:55:07+05:30,53006.7,0,0.0,0,0.0,0.0,53282.15,53308.4,52783.45,53710.35,0,0.0,0.0,0.0,0.0,-0.01,-1,-1,-0.01,-1,-1,-0.01,-1,-1,-0.01,-1,-1,-0.01,-1,-1,-0.01,-1,-1,-0.01,-1,-1,-0.01,-1,-1,-0.01,-1,-1,-0.01,-1,-1
99926009,2026-05-18 10:55:07+05:30,53006.45,0,0.0,0,0.0,0.0,53282.15,53308.4,52783.45,53710.35,0,0.0,0.0,0.0,0.0,-0.01,-1,-1,-0.01,-1,-1,-0.01,-1,-1,-0.01,-1,-1,-0.01,-1,-1,-0.01,-1,-1,-0.01,-1,-1,-0.01,-1,-1,-0.01,-1,-1,-0.01,-1,-1
99926009,2026-05-18 10:55:08+05:30,53003.85,0,0.0,0,0.0,0.0,53282.15,53308.4,52783.45,53710.35,0,0.0,0.0,0.0,0.0,-0.01,-1,-1,-0.01,-1,-1,-0.01,-1,-1,-0.01,-1,-1,-0.01,-1,-1,-0.01,-1,-1,-0.01,-1,-1,-0.01,-1,-1,-0.01,-1,-1,-0.01,-1,-1
99926009,2026-05-18 10:55:08+05:30,53003.7,0,0.0,0,0.0,0.0,53282.15,53308.4,52783.45,53710.35,0,0.0,0.0,0.0,0.0,-0.01,-1,-1,-0.01,-1,-1,-0.01,-1,-1,-0.01,-1,-1,-0.01,-1,-1,-0.01,-1,-1,-0.01,-1,-1,-0.01,-1,-1,-0.01,-1,-1,-0.01,-1,-1
99926009,2026-05-18 10:55:09+05:30,53004.25,0,0.0,0,0.0,0.0,53282.15,53308.4,52783.45,53710.35,0,0.0,0.0,0.0,0.0,-0.01,-1,-1,-0.01,-1,-1,-0.01,-1,-1,-0.01,-1,-1,-0.01,-1,-1,-0.01,-1,-1,-0.01,-1,-1,-0.01,-1,-1,-0.01,-1,-1,-0.01,-1,-1
99926009,2026-05-18 10:55:09+05:30,53001.25,0,0.0,0,0.0,0.0,53282.15,53308.4,52783.45,53710.35,0,0.0,0.0,0.0,0.0,-0.01,-1,-1,-0.01,-1,-1,-0.01,-1,-1,-0.01,-1,-1,-0.01,-1,-1,-0.01,-1,-1,-0.01,-1,-1,-0.01,-1,-1,-0.01,-1,-1,-0.01,-1,-1
99926009,2026-05-18 10:55:10+05:30,53003.6,0,0.0,0,0.0,0.0,53282.15,53308.4,52783.45,53710.35,0,0.0,0.0,0.0,0.0,-0.01,-1,-1,-0.01,-1,-1,-0.01,-1,-1,-0.01,-1,-1,-0.01,-1,-1,-0.01,-1,-1,-0.01,-1,-1,-0.01,-1,-1,-0.01,-1,-1,-0.01,-1,-1
99926009,2026-05-18 10:55:10+05:30,53006.05,0,0.0,0,0.0,0.0,53282.15,53308.4,52783.45,53710.35,0,0.0,0.0,0.0,0.0,-0.01,-1,-1,-0.01,-1,-1,-0.01,-1,-1,-0.01,-1,-1,-0.01,-1,-1,-0.01,-1,-1,-0.01,-1,-1,-0.01,-1,-1,-0.01,-1,-1,-0.01,-1,-1
99926009,2026-05-18 10:55:11+05:30,53005.75,0,0.0,0,0.0,0.0,53282.15,53308.4,52783.45,53710.35,0,0.0,0.0,0.0,0.0,-0.01,-1,-1,-0.01,-1,-1,-0.01,-1,-1,-0.01,-1,-1,-0.01,-1,-1,-0.01,-1,-1,-0.01,-1,-1,-0.01,-1,-1,-0.01,-1,-1,-0.01,-1,-1
99926009,2026-05-18 10:55:11+05:30,53004.65,0,0.0,0,0.0,0.0,53282.15,53308.4,52783.45,53710.35,0,0.0,0.0,0.0,0.0,-0.01,-1,-1,-0.01,-1,-1,-0.01,-1,-1,-0.01,-1,-1,-0.01,-1,-1,-0.01,-1,-1,-0.01,-1,-1,-0.01,-1,-1,-0.01,-1,-1,-0.01,-1,-1
99926009,2026-05-18 10:55:12+05:30,53002.35,0,0.0,0,0.0,0.0,53282.15,53308.4,52783.45,53710.35,0,0.0,0.0,0.0,0.0,-0.01,-1,-1,-0.01,-1,-1,-0.01,-1,-1,-0.01,-1,-1,-0.01,-1,-1,-0.01,-1,-1,-0.01,-1,-1,-0.01,-1,-1,-0.01,-1,-1,-0.01,-1,-1
99926009,2026-05-18 10:55:12+05:30,53003.75,0,0.0,0,0.0,0.0,53282.15,53308.4,52783.45,53710.35,0,0.0,0.0,0.0,0.0,-0.01,-1,-1,-0.01,-1,-1,-0.01,-1,-1,-0.01,-1,-1,-0.01,-1,-1,-0.01,-1,-1,-0.01,-1,-1,-0.01,-1,-1,-0.01,-1,-1,-0.01,-1,-1
99926009,2026-05-18 10:55:13+05:30,53004.15,0,0.0,0,0.0,0.0,53282.15,53308.4,52783.45,53710.35,0,0.0,0.0,0.0,0.0,-0.01,-1,-1,-0.01,-1,-1,-0.01,-1,-1,-0.01,-1,-1,-0.01,-1,-1,-0.01,-1,-1,-0.01,-1,-1,-0.01,-1,-1,-0.01,-1,-1,-0.01,-1,-1
99926009,2026-05-18 10:55:13+05:30,53005.4,0,0.0,0,0.0,0.0,53282.15,53308.4,52783.45,53710.35,0,0.0,0.0,0.0,0.0,-0.01,-1,-1,-0.01,-1,-1,-0.01,-1,-1,-0.01,-1,-1,-0.01,-1,-1,-0.01,-1,-1,-0.01,-1,-1,-0.01,-1,-1,-0.01,-1,-1,-0.01,-1,-1
99926009,2026-05-18 10:55:14+05:30,53004.65,0,0.0,0,0.0,0.0,53282.15,53308.4,52783.45,53710.35,0,0.0,0.0,0.0,0.0,-0.01,-1,-1,-0.01,-1,-1,-0.01,-1,-1,-0.01,-1,-1,-0.01,-1,-1,-0.01,-1,-1,-0.01,-1,-1,-0.01,-1,-1,-0.01,-1,-1,-0.01,-1,-1
99926009,2026-05-18 10:55:14+05:30,53011.15,0,0.0,0,0.0,0.0,53282.15,53308.4,52783.45,53710.35,0,0.0,0.0,0.0,0.0,-0.01,-1,-1,-0.01,-1,-1,-0.01,-1,-1,-0.01,-1,-1,-0.01,-1,-1,-0.01,-1,-1,-0.01,-1,-1,-0.01,-1,-1,-0.01,-1,-1,-0.01,-1,-1
99926009,2026-05-18 10:55:15+05:30,53005.75,0,0.0,0,0.0,0.0,53282.15,53308.4,52783.45,53710.35,0,0.0,0.0,0.0,0.0,-0.01,-1,-1,-0.01,-1,-1,-0.01,-1,-1,-0.01,-1,-1,-0.01,-1,-1,-0.01,-1,-1,-0.01,-1,-1,-0.01,-1,-1,-0.01,-1,-1,-0.01,-1,-1
99926009,2026-05-18 10:55:15+05:30,53009.9,0,0.0,0,0.0,0.0,53282.15,53308.4,52783.45,53710.35,0,0.0,0.0,0.0,0.0,-0.01,-1,-1,-0.01,-1,-1,-0.01,-1,-1,-0.01,-1,-1,-0.01,-1,-1,-0.01,-1,-1,-0.01,-1,-1,-0.01,-1,-1,-0.01,-1,-1,-0.01,-1,-1
99926009,2026-05-18 10:55:16+05:30,53009.25,0,0.0,0,0.0,0.0,53282.15,53308.4,52783.45,53710.35,0,0.0,0.0,0.0,0.0,-0.01,-1,-1,-0.01,-1,-1,-0.01,-1,-1,-0.01,-1,-1,-0.01,-1,-1,-0.01,-1,-1,-0.01,-1,-1,-0.01,-1,-1,-0.01,-1,-1,-0.01,-1,-1
99926009,2026-05-18 10:55:16+05:30,53009.2,0,0.0,0,0.0,0.0,53282.15,53308.4,52783.45,53710.35,0,0.0,0.0,0.0,0.0,-0.01,-1,-1,-0.01,-1,-1,-0.01,-1,-1,-0.01,-1,-1,-0.01,-1,-1,-0.01,-1,-1,-0.01,-1,-1,-0.01,-1,-1,-0.01,-1,-1,-0.01,-1,-1
99926009,2026-05-18 10:55:17+05:30,53014.25,0,0.0,0,0.0,0.0,53282.15,53308.4,52783.45,53710.35,0,0.0,0.0,0.0,0.0,-0.01,-1,-1,-0.01,-1,-1,-0.01,-1,-1,-0.01,-1,-1,-0.01,-1,-1,-0.01,-1,-1,-0.01,-1,-1,-0.01,-1,-1,-0.01,-1,-1,-0.01,-1,-1
99926009,2026-05-18 10:55:17+05:30,53015.35,0,0.0,0,0.0,0.0,53282.15,53308.4,52783.45,53710.35,0,0.0,0.0,0.0,0.0,-0.01,-1,-1,-0.01,-1,-1,-0.01,-1,-1,-0.01,-1,-1,-0.01,-1,-1,-0.01,-1,-1,-0.01,-1,-1,-0.01,-1,-1,-0.01,-1,-1,-0.01,-1,-1
99926009,2026-05-18 10:55:18+05:30,53011.85,0,0.0,0,0.0,0.0,53282.15,53308.4,52783.45,53710.35,0,0.0,0.0,0.0,0.0,-0.01,-1,-1,-0.01,-1,-1,-0.01,-1,-1,-0.01,-1,-1,-0.01,-1,-1,-0.01,-1,-1,-0.01,-1,-1,-0.01,-1,-1,-0.01,-1,-1,-0.01,-1,-1
99926009,2026-05-18 10:55:18+05:30,53015.0,0,0.0,0,0.0,0.0,53282.15,53308.4,52783.45,53710.35,0,0.0,0.0,0.0,0.0,-0.01,-1,-1,-0.01,-1,-1,-0.01,-1,-1,-0.01,-1,-1,-0.01,-1,-1,-0.01,-1,-1,-0.01,-1,-1,-0.01,-1,-1,-0.01,-1,-1,-0.01,-1,-1
99926009,2026-05-18 10:55:19+05:30,53012.45,0,0.0,0,0.0,0.0,53282.15,53308.4,52783.45,53710.35,0,0.0,0.0,0.0,0.0,-0.01,-1,-1,-0.01,-1,-1,-0.01,-1,-1,-0.01,-1,-1,-0.01,-1,-1,-0.01,-1,-1,-0.01,-1,-1,-0.01,-1,-1,-0.01,-1,-1,-0.01,-1,-1
99926009,2026-05-18 10:55:19+05:30,53012.7,0,0.0,0,0.0,0.0,53282.15,53308.4,52783.45,53710.35,0,0.0,0.0,0.0,0.0,-0.01,-1,-1,-0.01,-1,-1,-0.01,-1,-1,-0.01,-1,-1,-0.01,-1,-1,-0.01,-1,-1,-0.01,-1,-1,-0.01,-1,-1,-0.01,-1,-1,-0.01,-1,-1
99926009,2026-05-18 10:55:20+05:30,53009.85,0,0.0,0,0.0,0.0,53282.15,53308.4,52783.45,53710.35,0,0.0,0.0,0.0,0.0,-0.01,-1,-1,-0.01,-1,-1,-0.01,-1,-1,-0.01,-1,-1,-0.01,-1,-1,-0.01,-1,-1,-0.01,-1,-1,-0.01,-1,-1,-0.01,-1,-1,-0.01,-1,-1
99926009,2026-05-18 10:55:20+05:30,53009.0,0,0.0,0,0.0,0.0,53282.15,53308.4,52783.45,53710.35,0,0.0,0.0,0.0,0.0,-0.01,-1,-1,-0.01,-1,-1,-0.01,-1,-1,-0.01,-1,-1,-0.01,-1,-1,-0.01,-1,-1,-0.01,-1,-1,-0.01,-1,-1,-0.01,-1,-1,-0.01,-1,-1
99926009,2026-05-18 10:55:21+05:30,53012.8,0,0.0,0,0.0,0.0,53282.15,53308.4,52783.45,53710.35,0,0.0,0.0,0.0,0.0,-0.01,-1,-1,-0.01,-1,-1,-0.01,-1,-1,-0.01,-1,-1,-0.01,-1,-1,-0.01,-1,-1,-0.01,-1,-1,-0.01,-1,-1,-0.01,-1,-1,-0.01,-1,-1
99926009,2026-05-18 10:55:21+05:30,53010.2,0,0.0,0,0.0,0.0,53282.15,53308.4,52783.45,53710.35,0,0.0,0.0,0.0,0.0,-0.01,-1,-1,-0.01,-1,-1,-0.01,-1,-1,-0.01,-1,-1,-0.01,-1,-1,-0.01,-1,-1,-0.01,-1,-1,-0.01,-1,-1,-0.01,-1,-1,-0.01,-1,-1
99926009,2026-05-18 10:55:22+05:30,53011.95,0,0.0,0,0.0,0.0,53282.15,53308.4,52783.45,53710.35,0,0.0,0.0,0.0,0.0,-0.01,-1,-1,-0.01,-1,-1,-0.01,-1,-1,-0.01,-1,-1,-0.01,-1,-1,-0.01,-1,-1,-0.01,-1,-1,-0.01,-1,-1,-0.01,-1,-1,-0.01,-1,-1
99926009,2026-05-18 10:55:22+05:30,53009.2,0,0.0,0,0.0,0.0,53282.15,53308.4,52783.45,53710.35,0,0.0,0.0,0.0,0.0,-0.01,-1,-1,-0.01,-1,-1,-0.01,-1,-1,-0.01,-1,-1,-0.01,-1,-1,-0.01,-1,-1,-0.01,-1,-1,-0.01,-1,-1,-0.01,-1,-1,-0.01,-1,-1
99926009,2026-05-18 10:55:23+05:30,53011.3,0,0.0,0,0.0,0.0,53282.15,53308.4,52783.45,53710.35,0,0.0,0.0,0.0,0.0,-0.01,-1,-1,-0.01,-1,-1,-0.01,-1,-1,-0.01,-1,-1,-0.01,-1,-1,-0.01,-1,-1,-0.01,-1,-1,-0.01,-1,-1,-0.01,-1,-1,-0.01,-1,-1
99926009,2026-05-18 10:55:23+05:30,53012.2,0,0.0,0,0.0,0.0,53282.15,53308.4,52783.45,53710.35,0,0.0,0.0,0.0,0.0,-0.01,-1,-1,-0.01,-1,-1,-0.01,-1,-1,-0.01,-1,-1,-0.01,-1,-1,-0.01,-1,-1,-0.01,-1,-1,-0.01,-1,-1,-0.01,-1,-1,-0.01,-1,-1
99926009,2026-05-18 10:55:24+05:30,53008.15,0,0.0,0,0.0,0.0,53282.15,53308.4,52783.45,53710.35,0,0.0,0.0,0.0,0.0,-0.01,-1,-1,-0.01,-1,-1,-0.01,-1,-1,-0.01,-1,-1,-0.01,-1,-1,-0.01,-1,-1,-0.01,-1,-1,-0.01,-1,-1,-0.01,-1,-1,-0.01,-1,-1
99926009,2026-05-18 10:55:24+05:30,53009.0,0,0.0,0,0.0,0.0,53282.15,53308.4,52783.45,53710.35,0,0.0,0.0,0.0,0.0,-0.01,-1,-1,-0.01,-1,-1,-0.01,-1,-1,-0.01,-1,-1,-0.01,-1,-1,-0.01,-1,-1,-0.01,-1,-1,-0.01,-1,-1,-0.01,-1,-1,-0.01,-1,-1
99926009,2026-05-18 10:55:25+05:30,53011.95,0,0.0,0,0.0,0.0,53282.15,53308.4,52783.45,53710.35,0,0.0,0.0,0.0,0.0,-0.01,-1,-1,-0.01,-1,-1,-0.01,-1,-1,-0.01,-1,-1,-0.01,-1,-1,-0.01,-1,-1,-0.01,-1,-1,-0.01,-1,-1,-0.01,-1,-1,-0.01,-1,-1
99926009,2026-05-18 10:55:25+05:30,53009.25,0,0.0,0,0.0,0.0,53282.15,53308.4,52783.45,53710.35,0,0.0,0.0,0.0,0.0,-0.01,-1,-1,-0.01,-1,-1,-0.01,-1,-1,-0.01,-1,-1,-0.01,-1,-1,-0.01,-1,-1,-0.01,-1,-1,-0.01,-1,-1,-0.01,-1,-1,-0.01,-1,-1
99926009,2026-05-18 10:55:26+05:30,53008.85,0,0.0,0,0.0,0.0,53282.15,53308.4,52783.45,53710.35,0,0.0,0.0,0.0,0.0,-0.01,-1,-1,-0.01,-1,-1,-0.01,-1,-1,-0.01,-1,-1,-0.01,-1,-1,-0.01,-1,-1,-0.01,-1,-1,-0.01,-1,-1,-0.01,-1,-1,-0.01,-1,-1
99926009,2026-05-18 10:55:26+05:30,53008.15,0,0.0,0,0.0,0.0,53282.15,53308.4,52783.45,53710.35,0,0.0,0.0,0.0,0.0,-0.01,-1,-1,-0.01,-1,-1,-0.01,-1,-1,-0.01,-1,-1,-0.01,-1,-1,-0.01,-1,-1,-0.01,-1,-1,-0.01,-1,-1,-0.01,-1,-1,-0.01,-1,-1
99926009,2026-05-18 10:55:27+05:30,53008.15,0,0.0,0,0.0,0.0,53282.15,53308.4,52783.45,53710.35,0,0.0,0.0,0.0,0.0,-0.01,-1,-1,-0.01,-1,-1,-0.01,-1,-1,-0.01,-1,-1,-0.01,-1,-1,-0.01,-1,-1,-0.01,-1,-1,-0.01,-1,-1,-0.01,-1,-1,-0.01,-1,-1
99926009,2026-05-18 10:55:27+05:30,53007.85,0,0.0,0,0.0,0.0,53282.15,53308.4,52783.45,53710.35,0,0.0,0.0,0.0,0.0,-0.01,-1,-1,-0.01,-1,-1,-0.01,-1,-1,-0.01,-1,-1,-0.01,-1,-1,-0.01,-1,-1,-0.01,-1,-1,-0.01,-1,-1,-0.01,-1,-1,-0.01,-1,-1
99926009,2026-05-18 10:55:28+05:30,53008.65,0,0.0,0,0.0,0.0,53282.15,53308.4,52783.45,53710.35,0,0.0,0.0,0.0,0.0,-0.01,-1,-1,-0.01,-1,-1,-0.01,-1,-1,-0.01,-1,-1,-0.01,-1,-1,-0.01,-1,-1,-0.01,-1,-1,-0.01,-1,-1,-0.01,-1,-1,-0.01,-1,-1
99926009,2026-05-18 10:55:28+05:30,53009.5,0,0.0,0,0.0,0.0,53282.15,53308.4,52783.45,53710.35,0,0.0,0.0,0.0,0.0,-0.01,-1,-1,-0.01,-1,-1,-0.01,-1,-1,-0.01,-1,-1,-0.01,-1,-1,-0.01,-1,-1,-0.01,-1,-1,-0.01,-1,-1,-0.01,-1,-1,-0.01,-1,-1
99926009,2026-05-18 10:55:29+05:30,53008.7,0,0.0,0,0.0,0.0,53282.15,53308.4,52783.45,53710.35,0,0.0,0.0,0.0,0.0,-0.01,-1,-1,-0.01,-1,-1,-0.01,-1,-1,-0.01,-1,-1,-0.01,-1,-1,-0.01,-1,-1,-0.01,-1,-1,-0.01,-1,-1,-0.01,-1,-1,-0.01,-1,-1
99926009,2026-05-18 10:55:29+05:30,53008.45,0,0.0,0,0.0,0.0,53282.15,53308.4,52783.45,53710.35,0,0.0,0.0,0.0,0.0,-0.01,-1,-1,-0.01,-1,-1,-0.01,-1,-1,-0.01,-1,-1,-0.01,-1,-1,-0.01,-1,-1,-0.01,-1,-1,-0.01,-1,-1,-0.01,-1,-1,-0.01,-1,-1
99926009,2026-05-18 10:55:30+05:30,53010.3,0,0.0,0,0.0,0.0,53282.15,53308.4,52783.45,53710.35,0,0.0,0.0,0.0,0.0,-0.01,-1,-1,-0.01,-1,-1,-0.01,-1,-1,-0.01,-1,-1,-0.01,-1,-1,-0.01,-1,-1,-0.01,-1,-1,-0.01,-1,-1,-0.01,-1,-1,-0.01,-1,-1
99926009,2026-05-18 10:55:30+05:30,53009.95,0,0.0,0,0.0,0.0,53282.15,53308.4,52783.45,53710.35,0,0.0,0.0,0.0,0.0,-0.01,-1,-1,-0.01,-1,-1,-0.01,-1,-1,-0.01,-1,-1,-0.01,-1,-1,-0.01,-1,-1,-0.01,-1,-1,-0.01,-1,-1,-0.01,-1,-1,-0.01,-1,-1
99926009,2026-05-18 10:55:31+05:30,53010.05,0,0.0,0,0.0,0.0,53282.15,53308.4,52783.45,53710.35,0,0.0,0.0,0.0,0.0,-0.01,-1,-1,-0.01,-1,-1,-0.01,-1,-1,-0.01,-1,-1,-0.01,-1,-1,-0.01,-1,-1,-0.01,-1,-1,-0.01,-1,-1,-0.01,-1,-1,-0.01,-1,-1
99926009,2026-05-18 10:55:31+05:30,53011.8,0,0.0,0,0.0,0.0,53282.15,53308.4,52783.45,53710.35,0,0.0,0.0,0.0,0.0,-0.01,-1,-1,-0.01,-1,-1,-0.01,-1,-1,-0.01,-1,-1,-0.01,-1,-1,-0.01,-1,-1,-0.01,-1,-1,-0.01,-1,-1,-0.01,-1,-1,-0.01,-1,-1
99926009,2026-05-18 10:55:32+05:30,53009.75,0,0.0,0,0.0,0.0,53282.15,53308.4,52783.45,53710.35,0,0.0,0.0,0.0,0.0,-0.01,-1,-1,-0.01,-1,-1,-0.01,-1,-1,-0.01,-1,-1,-0.01,-1,-1,-0.01,-1,-1,-0.01,-1,-1,-0.01,-1,-1,-0.01,-1,-1,-0.01,-1,-1
99926009,2026-05-18 10:55:32+05:30,53010.6,0,0.0,0,0.0,0.0,53282.15,53308.4,52783.45,53710.35,0,0.0,0.0,0.0,0.0,-0.01,-1,-1,-0.01,-1,-1,-0.01,-1,-1,-0.01,-1,-1,-0.01,-1,-1,-0.01,-1,-1,-0.01,-1,-1,-0.01,-1,-1,-0.01,-1,-1,-0.01,-1,-1
99926009,2026-05-18 10:55:33+05:30,53009.7,0,0.0,0,0.0,0.0,53282.15,53308.4,52783.45,53710.35,0,0.0,0.0,0.0,0.0,-0.01,-1,-1,-0.01,-1,-1,-0.01,-1,-1,-0.01,-1,-1,-0.01,-1,-1,-0.01,-1,-1,-0.01,-1,-1,-0.01,-1,-1,-0.01,-1,-1,-0.01,-1,-1
99926009,2026-05-18 10:55:33+05:30,53009.9,0,0.0,0,0.0,0.0,53282.15,53308.4,52783.45,53710.35,0,0.0,0.0,0.0,0.0,-0.01,-1,-1,-0.01,-1,-1,-0.01,-1,-1,-0.01,-1,-1,-0.01,-1,-1,-0.01,-1,-1,-0.01,-1,-1,-0.01,-1,-1,-0.01,-1,-1,-0.01,-1,-1
99926009,2026-05-18 10:55:34+05:30,53006.0,0,0.0,0,0.0,0.0,53282.15,53308.4,52783.45,53710.35,0,0.0,0.0,0.0,0.0,-0.01,-1,-1,-0.01,-1,-1,-0.01,-1,-1,-0.01,-1,-1,-0.01,-1,-1,-0.01,-1,-1,-0.01,-1,-1,-0.01,-1,-1,-0.01,-1,-1,-0.01,-1,-1
99926009,2026-05-18 10:55:34+05:30,53008.8,0,0.0,0,0.0,0.0,53282.15,53308.4,52783.45,53710.35,0,0.0,0.0,0.0,0.0,-0.01,-1,-1,-0.01,-1,-1,-0.01,-1,-1,-0.01,-1,-1,-0.01,-1,-1,-0.01,-1,-1,-0.01,-1,-1,-0.01,-1,-1,-0.01,-1,-1,-0.01,-1,-1
99926009,2026-05-18 10:55:35+05:30,53007.55,0,0.0,0,0.0,0.0,53282.15,53308.4,52783.45,53710.35,0,0.0,0.0,0.0,0.0,-0.01,-1,-1,-0.01,-1,-1,-0.01,-1,-1,-0.01,-1,-1,-0.01,-1,-1,-0.01,-1,-1,-0.01,-1,-1,-0.01,-1,-1,-0.01,-1,-1,-0.01,-1,-1
99926009,2026-05-18 10:55:35+05:30,53006.8,0,0.0,0,0.0,0.0,53282.15,53308.4,52783.45,53710.35,0,0.0,0.0,0.0,0.0,-0.01,-1,-1,-0.01,-1,-1,-0.01,-1,-1,-0.01,-1,-1,-0.01,-1,-1,-0.01,-1,-1,-0.01,-1,-1,-0.01,-1,-1,-0.01,-1,-1,-0.01,-1,-1
99926009,2026-05-18 10:55:36+05:30,53009.65,0,0.0,0,0.0,0.0,53282.15,53308.4,52783.45,53710.35,0,0.0,0.0,0.0,0.0,-0.01,-1,-1,-0.01,-1,-1,-0.01,-1,-1,-0.01,-1,-1,-0.01,-1,-1,-0.01,-1,-1,-0.01,-1,-1,-0.01,-1,-1,-0.01,-1,-1,-0.01,-1,-1
99926009,2026-05-18 10:55:36+05:30,53006.3,0,0.0,0,0.0,0.0,53282.15,53308.4,52783.45,53710.35,0,0.0,0.0,0.0,0.0,-0.01,-1,-1,-0.01,-1,-1,-0.01,-1,-1,-0.01,-1,-1,-0.01,-1,-1,-0.01,-1,-1,-0.01,-1,-1,-0.01,-1,-1,-0.01,-1,-1,-0.01,-1,-1
99926009,2026-05-18 10:55:37+05:30,53007.85,0,0.0,0,0.0,0.0,53282.15,53308.4,52783.45,53710.35,0,0.0,0.0,0.0,0.0,-0.01,-1,-1,-0.01,-1,-1,-0.01,-1,-1,-0.01,-1,-1,-0.01,-1,-1,-0.01,-1,-1,-0.01,-1,-1,-0.01,-1,-1,-0.01,-1,-1,-0.01,-1,-1
99926009,2026-05-18 10:55:37+05:30,53003.9,0,0.0,0,0.0,0.0,53282.15,53308.4,52783.45,53710.35,0,0.0,0.0,0.0,0.0,-0.01,-1,-1,-0.01,-1,-1,-0.01,-1,-1,-0.01,-1,-1,-0.01,-1,-1,-0.01,-1,-1,-0.01,-1,-1,-0.01,-1,-1,-0.01,-1,-1,-0.01,-1,-1
99926009,2026-05-18 10:55:38+05:30,53009.7,0,0.0,0,0.0,0.0,53282.15,53308.4,52783.45,53710.35,0,0.0,0.0,0.0,0.0,-0.01,-1,-1,-0.01,-1,-1,-0.01,-1,-1,-0.01,-1,-1,-0.01,-1,-1,-0.01,-1,-1,-0.01,-1,-1,-0.01,-1,-1,-0.01,-1,-1,-0.01,-1,-1
99926009,2026-05-18 10:55:38+05:30,53010.9,0,0.0,0,0.0,0.0,53282.15,53308.4,52783.45,53710.35,0,0.0,0.0,0.0,0.0,-0.01,-1,-1,-0.01,-1,-1,-0.01,-1,-1,-0.01,-1,-1,-0.01,-1,-1,-0.01,-1,-1,-0.01,-1,-1,-0.01,-1,-1,-0.01,-1,-1,-0.01,-1,-1
99926009,2026-05-18 10:55:39+05:30,53011.3,0,0.0,0,0.0,0.0,53282.15,53308.4,52783.45,53710.35,0,0.0,0.0,0.0,0.0,-0.01,-1,-1,-0.01,-1,-1,-0.01,-1,-1,-0.01,-1,-1,-0.01,-1,-1,-0.01,-1,-1,-0.01,-1,-1,-0.01,-1,-1,-0.01,-1,-1,-0.01,-1,-1
99926009,2026-05-18 10:55:39+05:30,53011.15,0,0.0,0,0.0,0.0,53282.15,53308.4,52783.45,53710.35,0,0.0,0.0,0.0,0.0,-0.01,-1,-1,-0.01,-1,-1,-0.01,-1,-1,-0.01,-1,-1,-0.01,-1,-1,-0.01,-1,-1,-0.01,-1,-1,-0.01,-1,-1,-0.01,-1,-1,-0.01,-1,-1
99926009,2026-05-18 10:55:40+05:30,53010.55,0,0.0,0,0.0,0.0,53282.15,53308.4,52783.45,53710.35,0,0.0,0.0,0.0,0.0,-0.01,-1,-1,-0.01,-1,-1,-0.01,-1,-1,-0.01,-1,-1,-0.01,-1,-1,-0.01,-1,-1,-0.01,-1,-1,-0.01,-1,-1,-0.01,-1,-1,-0.01,-1,-1
99926009,2026-05-18 10:55:40+05:30,53010.45,0,0.0,0,0.0,0.0,53282.15,53308.4,52783.45,53710.35,0,0.0,0.0,0.0,0.0,-0.01,-1,-1,-0.01,-1,-1,-0.01,-1,-1,-0.01,-1,-1,-0.01,-1,-1,-0.01,-1,-1,-0.01,-1,-1,-0.01,-1,-1,-0.01,-1,-1,-0.01,-1,-1
99926009,2026-05-18 10:55:41+05:30,53011.35,0,0.0,0,0.0,0.0,53282.15,53308.4,52783.45,53710.35,0,0.0,0.0,0.0,0.0,-0.01,-1,-1,-0.01,-1,-1,-0.01,-1,-1,-0.01,-1,-1,-0.01,-1,-1,-0.01,-1,-1,-0.01,-1,-1,-0.01,-1,-1,-0.01,-1,-1,-0.01,-1,-1
99926009,2026-05-18 10:55:41+05:30,53008.2,0,0.0,0,0.0,0.0,53282.15,53308.4,52783.45,53710.35,0,0.0,0.0,0.0,0.0,-0.01,-1,-1,-0.01,-1,-1,-0.01,-1,-1,-0.01,-1,-1,-0.01,-1,-1,-0.01,-1,-1,-0.01,-1,-1,-0.01,-1,-1,-0.01,-1,-1,-0.01,-1,-1
99926009,2026-05-18 10:55:42+05:30,53008.7,0,0.0,0,0.0,0.0,53282.15,53308.4,52783.45,53710.35,0,0.0,0.0,0.0,0.0,-0.01,-1,-1,-0.01,-1,-1,-0.01,-1,-1,-0.01,-1,-1,-0.01,-1,-1,-0.01,-1,-1,-0.01,-1,-1,-0.01,-1,-1,-0.01,-1,-1,-0.01,-1,-1
99926009,2026-05-18 10:55:42+05:30,53008.2,0,0.0,0,0.0,0.0,53282.15,53308.4,52783.45,53710.35,0,0.0,0.0,0.0,0.0,-0.01,-1,-1,-0.01,-1,-1,-0.01,-1,-1,-0.01,-1,-1,-0.01,-1,-1,-0.01,-1,-1,-0.01,-1,-1,-0.01,-1,-1,-0.01,-1,-1,-0.01,-1,-1
99926009,2026-05-18 10:55:43+05:30,53007.95,0,0.0,0,0.0,0.0,53282.15,53308.4,52783.45,53710.35,0,0.0,0.0,0.0,0.0,-0.01,-1,-1,-0.01,-1,-1,-0.01,-1,-1,-0.01,-1,-1,-0.01,-1,-1,-0.01,-1,-1,-0.01,-1,-1,-0.01,-1,-1,-0.01,-1,-1,-0.01,-1,-1
99926009,2026-05-18 10:55:43+05:30,53007.25,0,0.0,0,0.0,0.0,53282.15,53308.4,52783.45,53710.35,0,0.0,0.0,0.0,0.0,-0.01,-1,-1,-0.01,-1,-1,-0.01,-1,-1,-0.01,-1,-1,-0.01,-1,-1,-0.01,-1,-1,-0.01,-1,-1,-0.01,-1,-1,-0.01,-1,-1,-0.01,-1,-1
99926009,2026-05-18 10:55:44+05:30,53008.2,0,0.0,0,0.0,0.0,53282.15,53308.4,52783.45,53710.35,0,0.0,0.0,0.0,0.0,-0.01,-1,-1,-0.01,-1,-1,-0.01,-1,-1,-0.01,-1,-1,-0.01,-1,-1,-0.01,-1,-1,-0.01,-1,-1,-0.01,-1,-1,-0.01,-1,-1,-0.01,-1,-1
99926009,2026-05-18 10:55:44+05:30,53007.8,0,0.0,0,0.0,0.0,53282.15,53308.4,52783.45,53710.35,0,0.0,0.0,0.0,0.0,-0.01,-1,-1,-0.01,-1,-1,-0.01,-1,-1,-0.01,-1,-1,-0.01,-1,-1,-0.01,-1,-1,-0.01,-1,-1,-0.01,-1,-1,-0.01,-1,-1,-0.01,-1,-1
99926009,2026-05-18 10:55:45+05:30,53013.55,0,0.0,0,0.0,0.0,53282.15,53308.4,52783.45,53710.35,0,0.0,0.0,0.0,0.0,-0.01,-1,-1,-0.01,-1,-1,-0.01,-1,-1,-0.01,-1,-1,-0.01,-1,-1,-0.01,-1,-1,-0.01,-1,-1,-0.01,-1,-1,-0.01,-1,-1,-0.01,-1,-1
99926009,2026-05-18 10:55:45+05:30,53013.7,0,0.0,0,0.0,0.0,53282.15,53308.4,52783.45,53710.35,0,0.0,0.0,0.0,0.0,-0.01,-1,-1,-0.01,-1,-1,-0.01,-1,-1,-0.01,-1,-1,-0.01,-1,-1,-0.01,-1,-1,-0.01,-1,-1,-0.01,-1,-1,-0.01,-1,-1,-0.01,-1,-1
99926009,2026-05-18 10:55:46+05:30,53013.9,0,0.0,0,0.0,0.0,53282.15,53308.4,52783.45,53710.35,0,0.0,0.0,0.0,0.0,-0.01,-1,-1,-0.01,-1,-1,-0.01,-1,-1,-0.01,-1,-1,-0.01,-1,-1,-0.01,-1,-1,-0.01,-1,-1,-0.01,-1,-1,-0.01,-1,-1,-0.01,-1,-1
99926009,2026-05-18 10:55:46+05:30,53013.4,0,0.0,0,0.0,0.0,53282.15,53308.4,52783.45,53710.35,0,0.0,0.0,0.0,0.0,-0.01,-1,-1,-0.01,-1,-1,-0.01,-1,-1,-0.01,-1,-1,-0.01,-1,-1,-0.01,-1,-1,-0.01,-1,-1,-0.01,-1,-1,-0.01,-1,-1,-0.01,-1,-1
99926009,2026-05-18 10:55:47+05:30,53011.85,0,0.0,0,0.0,0.0,53282.15,53308.4,52783.45,53710.35,0,0.0,0.0,0.0,0.0,-0.01,-1,-1,-0.01,-1,-1,-0.01,-1,-1,-0.01,-1,-1,-0.01,-1,-1,-0.01,-1,-1,-0.01,-1,-1,-0.01,-1,-1,-0.01,-1,-1,-0.01,-1,-1
99926009,2026-05-18 10:55:47+05:30,53012.95,0,0.0,0,0.0,0.0,53282.15,53308.4,52783.45,53710.35,0,0.0,0.0,0.0,0.0,-0.01,-1,-1,-0.01,-1,-1,-0.01,-1,-1,-0.01,-1,-1,-0.01,-1,-1,-0.01,-1,-1,-0.01,-1,-1,-0.01,-1,-1,-0.01,-1,-1,-0.01,-1,-1
99926009,2026-05-18 10:55:48+05:30,53013.8,0,0.0,0,0.0,0.0,53282.15,53308.4,52783.45,53710.35,0,0.0,0.0,0.0,0.0,-0.01,-1,-1,-0.01,-1,-1,-0.01,-1,-1,-0.01,-1,-1,-0.01,-1,-1,-0.01,-1,-1,-0.01,-1,-1,-0.01,-1,-1,-0.01,-1,-1,-0.01,-1,-1
99926009,2026-05-18 10:55:48+05:30,53013.15,0,0.0,0,0.0,0.0,53282.15,53308.4,52783.45,53710.35,0,0.0,0.0,0.0,0.0,-0.01,-1,-1,-0.01,-1,-1,-0.01,-1,-1,-0.01,-1,-1,-0.01,-1,-1,-0.01,-1,-1,-0.01,-1,-1,-0.01,-1,-1,-0.01,-1,-1,-0.01,-1,-1
99926009,2026-05-18 10:55:49+05:30,53013.15,0,0.0,0,0.0,0.0,53282.15,53308.4,52783.45,53710.35,0,0.0,0.0,0.0,0.0,-0.01,-1,-1,-0.01,-1,-1,-0.01,-1,-1,-0.01,-1,-1,-0.01,-1,-1,-0.01,-1,-1,-0.01,-1,-1,-0.01,-1,-1,-0.01,-1,-1,-0.01,-1,-1
99926009,2026-05-18 10:55:49+05:30,53013.3,0,0.0,0,0.0,0.0,53282.15,53308.4,52783.45,53710.35,0,0.0,0.0,0.0,0.0,-0.01,-1,-1,-0.01,-1,-1,-0.01,-1,-1,-0.01,-1,-1,-0.01,-1,-1,-0.01,-1,-1,-0.01,-1,-1,-0.01,-1,-1,-0.01,-1,-1,-0.01,-1,-1
99926009,2026-05-18 10:55:50+05:30,53016.2,0,0.0,0,0.0,0.0,53282.15,53308.4,52783.45,53710.35,0,0.0,0.0,0.0,0.0,-0.01,-1,-1,-0.01,-1,-1,-0.01,-1,-1,-0.01,-1,-1,-0.01,-1,-1,-0.01,-1,-1,-0.01,-1,-1,-0.01,-1,-1,-0.01,-1,-1,-0.01,-1,-1
99926009,2026-05-18 10:55:50+05:30,53014.85,0,0.0,0,0.0,0.0,53282.15,53308.4,52783.45,53710.35,0,0.0,0.0,0.0,0.0,-0.01,-1,-1,-0.01,-1,-1,-0.01,-1,-1,-0.01,-1,-1,-0.01,-1,-1,-0.01,-1,-1,-0.01,-1,-1,-0.01,-1,-1,-0.01,-1,-1,-0.01,-1,-1
99926009,2026-05-18 10:55:51+05:30,53015.85,0,0.0,0,0.0,0.0,53282.15,53308.4,52783.45,53710.35,0,0.0,0.0,0.0,0.0,-0.01,-1,-1,-0.01,-1,-1,-0.01,-1,-1,-0.01,-1,-1,-0.01,-1,-1,-0.01,-1,-1,-0.01,-1,-1,-0.01,-1,-1,-0.01,-1,-1,-0.01,-1,-1
99926009,2026-05-18 10:55:51+05:30,53013.2,0,0.0,0,0.0,0.0,53282.15,53308.4,52783.45,53710.35,0,0.0,0.0,0.0,0.0,-0.01,-1,-1,-0.01,-1,-1,-0.01,-1,-1,-0.01,-1,-1,-0.01,-1,-1,-0.01,-1,-1,-0.01,-1,-1,-0.01,-1,-1,-0.01,-1,-1,-0.01,-1,-1
99926009,2026-05-18 10:55:52+05:30,53015.95,0,0.0,0,0.0,0.0,53282.15,53308.4,52783.45,53710.35,0,0.0,0.0,0.0,0.0,-0.01,-1,-1,-0.01,-1,-1,-0.01,-1,-1,-0.01,-1,-1,-0.01,-1,-1,-0.01,-1,-1,-0.01,-1,-1,-0.01,-1,-1,-0.01,-1,-1,-0.01,-1,-1
99926009,2026-05-18 10:55:52+05:30,53012.65,0,0.0,0,0.0,0.0,53282.15,53308.4,52783.45,53710.35,0,0.0,0.0,0.0,0.0,-0.01,-1,-1,-0.01,-1,-1,-0.01,-1,-1,-0.01,-1,-1,-0.01,-1,-1,-0.01,-1,-1,-0.01,-1,-1,-0.01,-1,-1,-0.01,-1,-1,-0.01,-1,-1
99926009,2026-05-18 10:55:53+05:30,53015.3,0,0.0,0,0.0,0.0,53282.15,53308.4,52783.45,53710.35,0,0.0,0.0,0.0,0.0,-0.01,-1,-1,-0.01,-1,-1,-0.01,-1,-1,-0.01,-1,-1,-0.01,-1,-1,-0.01,-1,-1,-0.01,-1,-1,-0.01,-1,-1,-0.01,-1,-1,-0.01,-1,-1
99926009,2026-05-18 10:55:53+05:30,53014.0,0,0.0,0,0.0,0.0,53282.15,53308.4,52783.45,53710.35,0,0.0,0.0,0.0,0.0,-0.01,-1,-1,-0.01,-1,-1,-0.01,-1,-1,-0.01,-1,-1,-0.01,-1,-1,-0.01,-1,-1,-0.01,-1,-1,-0.01,-1,-1,-0.01,-1,-1,-0.01,-1,-1
99926009,2026-05-18 10:55:54+05:30,53013.5,0,0.0,0,0.0,0.0,53282.15,53308.4,52783.45,53710.35,0,0.0,0.0,0.0,0.0,-0.01,-1,-1,-0.01,-1,-1,-0.01,-1,-1,-0.01,-1,-1,-0.01,-1,-1,-0.01,-1,-1,-0.01,-1,-1,-0.01,-1,-1,-0.01,-1,-1,-0.01,-1,-1
99926009,2026-05-18 10:55:54+05:30,53013.95,0,0.0,0,0.0,0.0,53282.15,53308.4,52783.45,53710.35,0,0.0,0.0,0.0,0.0,-0.01,-1,-1,-0.01,-1,-1,-0.01,-1,-1,-0.01,-1,-1,-0.01,-1,-1,-0.01,-1,-1,-0.01,-1,-1,-0.01,-1,-1,-0.01,-1,-1,-0.01,-1,-1
99926009,2026-05-18 10:55:55+05:30,53010.65,0,0.0,0,0.0,0.0,53282.15,53308.4,52783.45,53710.35,0,0.0,0.0,0.0,0.0,-0.01,-1,-1,-0.01,-1,-1,-0.01,-1,-1,-0.01,-1,-1,-0.01,-1,-1,-0.01,-1,-1,-0.01,-1,-1,-0.01,-1,-1,-0.01,-1,-1,-0.01,-1,-1
99926009,2026-05-18 10:55:55+05:30,53009.3,0,0.0,0,0.0,0.0,53282.15,53308.4,52783.45,53710.35,0,0.0,0.0,0.0,0.0,-0.01,-1,-1,-0.01,-1,-1,-0.01,-1,-1,-0.01,-1,-1,-0.01,-1,-1,-0.01,-1,-1,-0.01,-1,-1,-0.01,-1,-1,-0.01,-1,-1,-0.01,-1,-1
99926009,2026-05-18 10:55:56+05:30,53012.45,0,0.0,0,0.0,0.0,53282.15,53308.4,52783.45,53710.35,0,0.0,0.0,0.0,0.0,-0.01,-1,-1,-0.01,-1,-1,-0.01,-1,-1,-0.01,-1,-1,-0.01,-1,-1,-0.01,-1,-1,-0.01,-1,-1,-0.01,-1,-1,-0.01,-1,-1,-0.01,-1,-1
99926009,2026-05-18 10:55:56+05:30,53012.2,0,0.0,0,0.0,0.0,53282.15,53308.4,52783.45,53710.35,0,0.0,0.0,0.0,0.0,-0.01,-1,-1,-0.01,-1,-1,-0.01,-1,-1,-0.01,-1,-1,-0.01,-1,-1,-0.01,-1,-1,-0.01,-1,-1,-0.01,-1,-1,-0.01,-1,-1,-0.01,-1,-1
99926009,2026-05-18 10:55:57+05:30,53010.7,0,0.0,0,0.0,0.0,53282.15,53308.4,52783.45,53710.35,0,0.0,0.0,0.0,0.0,-0.01,-1,-1,-0.01,-1,-1,-0.01,-1,-1,-0.01,-1,-1,-0.01,-1,-1,-0.01,-1,-1,-0.01,-1,-1,-0.01,-1,-1,-0.01,-1,-1,-0.01,-1,-1
99926009,2026-05-18 10:55:57+05:30,53009.5,0,0.0,0,0.0,0.0,53282.15,53308.4,52783.45,53710.35,0,0.0,0.0,0.0,0.0,-0.01,-1,-1,-0.01,-1,-1,-0.01,-1,-1,-0.01,-1,-1,-0.01,-1,-1,-0.01,-1,-1,-0.01,-1,-1,-0.01,-1,-1,-0.01,-1,-1,-0.01,-1,-1
99926009,2026-05-18 10:55:58+05:30,53008.8,0,0.0,0,0.0,0.0,53282.15,53308.4,52783.45,53710.35,0,0.0,0.0,0.0,0.0,-0.01,-1,-1,-0.01,-1,-1,-0.01,-1,-1,-0.01,-1,-1,-0.01,-1,-1,-0.01,-1,-1,-0.01,-1,-1,-0.01,-1,-1,-0.01,-1,-1,-0.01,-1,-1
99926009,2026-05-18 10:55:58+05:30,53010.4,0,0.0,0,0.0,0.0,53282.15,53308.4,52783.45,53710.35,0,0.0,0.0,0.0,0.0,-0.01,-1,-1,-0.01,-1,-1,-0.01,-1,-1,-0.01,-1,-1,-0.01,-1,-1,-0.01,-1,-1,-0.01,-1,-1,-0.01,-1,-1,-0.01,-1,-1,-0.01,-1,-1
99926009,2026-05-18 10:55:59+05:30,53009.6,0,0.0,0,0.0,0.0,53282.15,53308.4,52783.45,53710.35,0,0.0,0.0,0.0,0.0,-0.01,-1,-1,-0.01,-1,-1,-0.01,-1,-1,-0.01,-1,-1,-0.01,-1,-1,-0.01,-1,-1,-0.01,-1,-1,-0.01,-1,-1,-0.01,-1,-1,-0.01,-1,-1
99926009,2026-05-18 10:55:59+05:30,53008.15,0,0.0,0,0.0,0.0,53282.15,53308.4,52783.45,53710.35,0,0.0,0.0,0.0,0.0,-0.01,-1,-1,-0.01,-1,-1,-0.01,-1,-1,-0.01,-1,-1,-0.01,-1,-1,-0.01,-1,-1,-0.01,-1,-1,-0.01,-1,-1,-0.01,-1,-1,-0.01,-1,-1
99926009,2026-05-18 10:56:00+05:30,53008.3,0,0.0,0,0.0,0.0,53282.15,53308.4,52783.45,53710.35,0,0.0,0.0,0.0,0.0,-0.01,-1,-1,-0.01,-1,-1,-0.01,-1,-1,-0.01,-1,-1,-0.01,-1,-1,-0.01,-1,-1,-0.01,-1,-1,-0.01,-1,-1,-0.01,-1,-1,-0.01,-1,-1
99926009,2026-05-18 10:56:00+05:30,53009.25,0,0.0,0,0.0,0.0,53282.15,53308.4,52783.45,53710.35,0,0.0,0.0,0.0,0.0,-0.01,-1,-1,-0.01,-1,-1,-0.01,-1,-1,-0.01,-1,-1,-0.01,-1,-1,-0.01,-1,-1,-0.01,-1,-1,-0.01,-1,-1,-0.01,-1,-1,-0.01,-1,-1
99926009,2026-05-18 10:56:01+05:30,53008.55,0,0.0,0,0.0,0.0,53282.15,53308.4,52783.45,53710.35,0,0.0,0.0,0.0,0.0,-0.01,-1,-1,-0.01,-1,-1,-0.01,-1,-1,-0.01,-1,-1,-0.01,-1,-1,-0.01,-1,-1,-0.01,-1,-1,-0.01,-1,-1,-0.01,-1,-1,-0.01,-1,-1
99926009,2026-05-18 10:56:01+05:30,53007.45,0,0.0,0,0.0,0.0,53282.15,53308.4,52783.45,53710.35,0,0.0,0.0,0.0,0.0,-0.01,-1,-1,-0.01,-1,-1,-0.01,-1,-1,-0.01,-1,-1,-0.01,-1,-1,-0.01,-1,-1,-0.01,-1,-1,-0.01,-1,-1,-0.01,-1,-1,-0.01,-1,-1
99926009,2026-05-18 10:56:02+05:30,53005.7,0,0.0,0,0.0,0.0,53282.15,53308.4,52783.45,53710.35,0,0.0,0.0,0.0,0.0,-0.01,-1,-1,-0.01,-1,-1,-0.01,-1,-1,-0.01,-1,-1,-0.01,-1,-1,-0.01,-1,-1,-0.01,-1,-1,-0.01,-1,-1,-0.01,-1,-1,-0.01,-1,-1
99926009,2026-05-18 10:56:02+05:30,53007.4,0,0.0,0,0.0,0.0,53282.15,53308.4,52783.45,53710.35,0,0.0,0.0,0.0,0.0,-0.01,-1,-1,-0.01,-1,-1,-0.01,-1,-1,-0.01,-1,-1,-0.01,-1,-1,-0.01,-1,-1,-0.01,-1,-1,-0.01,-1,-1,-0.01,-1,-1,-0.01,-1,-1
99926009,2026-05-18 10:56:03+05:30,53009.35,0,0.0,0,0.0,0.0,53282.15,53308.4,52783.45,53710.35,0,0.0,0.0,0.0,0.0,-0.01,-1,-1,-0.01,-1,-1,-0.01,-1,-1,-0.01,-1,-1,-0.01,-1,-1,-0.01,-1,-1,-0.01,-1,-1,-0.01,-1,-1,-0.01,-1,-1,-0.01,-1,-1
99926009,2026-05-18 10:56:03+05:30,53007.05,0,0.0,0,0.0,0.0,53282.15,53308.4,52783.45,53710.35,0,0.0,0.0,0.0,0.0,-0.01,-1,-1,-0.01,-1,-1,-0.01,-1,-1,-0.01,-1,-1,-0.01,-1,-1,-0.01,-1,-1,-0.01,-1,-1,-0.01,-1,-1,-0.01,-1,-1,-0.01,-1,-1
99926009,2026-05-18 10:56:04+05:30,53008.35,0,0.0,0,0.0,0.0,53282.15,53308.4,52783.45,53710.35,0,0.0,0.0,0.0,0.0,-0.01,-1,-1,-0.01,-1,-1,-0.01,-1,-1,-0.01,-1,-1,-0.01,-1,-1,-0.01,-1,-1,-0.01,-1,-1,-0.01,-1,-1,-0.01,-1,-1,-0.01,-1,-1
99926009,2026-05-18 10:56:04+05:30,53009.45,0,0.0,0,0.0,0.0,53282.15,53308.4,52783.45,53710.35,0,0.0,0.0,0.0,0.0,-0.01,-1,-1,-0.01,-1,-1,-0.01,-1,-1,-0.01,-1,-1,-0.01,-1,-1,-0.01,-1,-1,-0.01,-1,-1,-0.01,-1,-1,-0.01,-1,-1,-0.01,-1,-1
99926009,2026-05-18 10:56:05+05:30,53012.6,0,0.0,0,0.0,0.0,53282.15,53308.4,52783.45,53710.35,0,0.0,0.0,0.0,0.0,-0.01,-1,-1,-0.01,-1,-1,-0.01,-1,-1,-0.01,-1,-1,-0.01,-1,-1,-0.01,-1,-1,-0.01,-1,-1,-0.01,-1,-1,-0.01,-1,-1,-0.01,-1,-1
99926009,2026-05-18 10:56:05+05:30,53012.5,0,0.0,0,0.0,0.0,53282.15,53308.4,52783.45,53710.35,0,0.0,0.0,0.0,0.0,-0.01,-1,-1,-0.01,-1,-1,-0.01,-1,-1,-0.01,-1,-1,-0.01,-1,-1,-0.01,-1,-1,-0.01,-1,-1,-0.01,-1,-1,-0.01,-1,-1,-0.01,-1,-1
99926009,2026-05-18 10:56:06+05:30,53011.9,0,0.0,0,0.0,0.0,53282.15,53308.4,52783.45,53710.35,0,0.0,0.0,0.0,0.0,-0.01,-1,-1,-0.01,-1,-1,-0.01,-1,-1,-0.01,-1,-1,-0.01,-1,-1,-0.01,-1,-1,-0.01,-1,-1,-0.01,-1,-1,-0.01,-1,-1,-0.01,-1,-1
99926009,2026-05-18 10:56:06+05:30,53015.5,0,0.0,0,0.0,0.0,53282.15,53308.4,52783.45,53710.35,0,0.0,0.0,0.0,0.0,-0.01,-1,-1,-0.01,-1,-1,-0.01,-1,-1,-0.01,-1,-1,-0.01,-1,-1,-0.01,-1,-1,-0.01,-1,-1,-0.01,-1,-1,-0.01,-1,-1,-0.01,-1,-1
99926009,2026-05-18 10:56:07+05:30,53014.95,0,0.0,0,0.0,0.0,53282.15,53308.4,52783.45,53710.35,0,0.0,0.0,0.0,0.0,-0.01,-1,-1,-0.01,-1,-1,-0.01,-1,-1,-0.01,-1,-1,-0.01,-1,-1,-0.01,-1,-1,-0.01,-1,-1,-0.01,-1,-1,-0.01,-1,-1,-0.01,-1,-1
99926009,2026-05-18 10:56:07+05:30,53014.35,0,0.0,0,0.0,0.0,53282.15,53308.4,52783.45,53710.35,0,0.0,0.0,0.0,0.0,-0.01,-1,-1,-0.01,-1,-1,-0.01,-1,-1,-0.01,-1,-1,-0.01,-1,-1,-0.01,-1,-1,-0.01,-1,-1,-0.01,-1,-1,-0.01,-1,-1,-0.01,-1,-1
99926009,2026-05-18 10:56:08+05:30,53012.2,0,0.0,0,0.0,0.0,53282.15,53308.4,52783.45,53710.35,0,0.0,0.0,0.0,0.0,-0.01,-1,-1,-0.01,-1,-1,-0.01,-1,-1,-0.01,-1,-1,-0.01,-1,-1,-0.01,-1,-1,-0.01,-1,-1,-0.01,-1,-1,-0.01,-1,-1,-0.01,-1,-1
99926009,2026-05-18 10:56:08+05:30,53015.9,0,0.0,0,0.0,0.0,53282.15,53308.4,52783.45,53710.35,0,0.0,0.0,0.0,0.0,-0.01,-1,-1,-0.01,-1,-1,-0.01,-1,-1,-0.01,-1,-1,-0.01,-1,-1,-0.01,-1,-1,-0.01,-1,-1,-0.01,-1,-1,-0.01,-1,-1,-0.01,-1,-1
99926009,2026-05-18 10:56:09+05:30,53017.75,0,0.0,0,0.0,0.0,53282.15,53308.4,52783.45,53710.35,0,0.0,0.0,0.0,0.0,-0.01,-1,-1,-0.01,-1,-1,-0.01,-1,-1,-0.01,-1,-1,-0.01,-1,-1,-0.01,-1,-1,-0.01,-1,-1,-0.01,-1,-1,-0.01,-1,-1,-0.01,-1,-1
99926009,2026-05-18 10:56:09+05:30,53017.65,0,0.0,0,0.0,0.0,53282.15,53308.4,52783.45,53710.35,0,0.0,0.0,0.0,0.0,-0.01,-1,-1,-0.01,-1,-1,-0.01,-1,-1,-0.01,-1,-1,-0.01,-1,-1,-0.01,-1,-1,-0.01,-1,-1,-0.01,-1,-1,-0.01,-1,-1,-0.01,-1,-1
99926009,2026-05-18 10:56:10+05:30,53016.6,0,0.0,0,0.0,0.0,53282.15,53308.4,52783.45,53710.35,0,0.0,0.0,0.0,0.0,-0.01,-1,-1,-0.01,-1,-1,-0.01,-1,-1,-0.01,-1,-1,-0.01,-1,-1,-0.01,-1,-1,-0.01,-1,-1,-0.01,-1,-1,-0.01,-1,-1,-0.01,-1,-1
99926009,2026-05-18 10:56:10+05:30,53016.1,0,0.0,0,0.0,0.0,53282.15,53308.4,52783.45,53710.35,0,0.0,0.0,0.0,0.0,-0.01,-1,-1,-0.01,-1,-1,-0.01,-1,-1,-0.01,-1,-1,-0.01,-1,-1,-0.01,-1,-1,-0.01,-1,-1,-0.01,-1,-1,-0.01,-1,-1,-0.01,-1,-1
99926009,2026-05-18 10:56:11+05:30,53014.25,0,0.0,0,0.0,0.0,53282.15,53308.4,52783.45,53710.35,0,0.0,0.0,0.0,0.0,-0.01,-1,-1,-0.01,-1,-1,-0.01,-1,-1,-0.01,-1,-1,-0.01,-1,-1,-0.01,-1,-1,-0.01,-1,-1,-0.01,-1,-1,-0.01,-1,-1,-0.01,-1,-1
99926009,2026-05-18 10:56:11+05:30,53012.95,0,0.0,0,0.0,0.0,53282.15,53308.4,52783.45,53710.35,0,0.0,0.0,0.0,0.0,-0.01,-1,-1,-0.01,-1,-1,-0.01,-1,-1,-0.01,-1,-1,-0.01,-1,-1,-0.01,-1,-1,-0.01,-1,-1,-0.01,-1,-1,-0.01,-1,-1,-0.01,-1,-1
99926009,2026-05-18 10:56:12+05:30,53014.15,0,0.0,0,0.0,0.0,53282.15,53308.4,52783.45,53710.35,0,0.0,0.0,0.0,0.0,-0.01,-1,-1,-0.01,-1,-1,-0.01,-1,-1,-0.01,-1,-1,-0.01,-1,-1,-0.01,-1,-1,-0.01,-1,-1,-0.01,-1,-1,-0.01,-1,-1,-0.01,-1,-1
99926009,2026-05-18 10:56:12+05:30,53013.1,0,0.0,0,0.0,0.0,53282.15,53308.4,52783.45,53710.35,0,0.0,0.0,0.0,0.0,-0.01,-1,-1,-0.01,-1,-1,-0.01,-1,-1,-0.01,-1,-1,-0.01,-1,-1,-0.01,-1,-1,-0.01,-1,-1,-0.01,-1,-1,-0.01,-1,-1,-0.01,-1,-1
99926009,2026-05-18 10:56:13+05:30,53014.75,0,0.0,0,0.0,0.0,53282.15,53308.4,52783.45,53710.35,0,0.0,0.0,0.0,0.0,-0.01,-1,-1,-0.01,-1,-1,-0.01,-1,-1,-0.01,-1,-1,-0.01,-1,-1,-0.01,-1,-1,-0.01,-1,-1,-0.01,-1,-1,-0.01,-1,-1,-0.01,-1,-1
99926009,2026-05-18 10:56:13+05:30,53010.95,0,0.0,0,0.0,0.0,53282.15,53308.4,52783.45,53710.35,0,0.0,0.0,0.0,0.0,-0.01,-1,-1,-0.01,-1,-1,-0.01,-1,-1,-0.01,-1,-1,-0.01,-1,-1,-0.01,-1,-1,-0.01,-1,-1,-0.01,-1,-1,-0.01,-1,-1,-0.01,-1,-1
99926009,2026-05-18 10:56:14+05:30,53009.85,0,0.0,0,0.0,0.0,53282.15,53308.4,52783.45,53710.35,0,0.0,0.0,0.0,0.0,-0.01,-1,-1,-0.01,-1,-1,-0.01,-1,-1,-0.01,-1,-1,-0.01,-1,-1,-0.01,-1,-1,-0.01,-1,-1,-0.01,-1,-1,-0.01,-1,-1,-0.01,-1,-1
99926009,2026-05-18 10:56:15+05:30,53016.3,0,0.0,0,0.0,0.0,53282.15,53308.4,52783.45,53710.35,0,0.0,0.0,0.0,0.0,-0.01,-1,-1,-0.01,-1,-1,-0.01,-1,-1,-0.01,-1,-1,-0.01,-1,-1,-0.01,-1,-1,-0.01,-1,-1,-0.01,-1,-1,-0.01,-1,-1,-0.01,-1,-1
99926009,2026-05-18 10:56:15+05:30,53012.5,0,0.0,0,0.0,0.0,53282.15,53308.4,52783.45,53710.35,0,0.0,0.0,0.0,0.0,-0.01,-1,-1,-0.01,-1,-1,-0.01,-1,-1,-0.01,-1,-1,-0.01,-1,-1,-0.01,-1,-1,-0.01,-1,-1,-0.01,-1,-1,-0.01,-1,-1,-0.01,-1,-1
99926009,2026-05-18 10:56:16+05:30,53016.25,0,0.0,0,0.0,0.0,53282.15,53308.4,52783.45,53710.35,0,0.0,0.0,0.0,0.0,-0.01,-1,-1,-0.01,-1,-1,-0.01,-1,-1,-0.01,-1,-1,-0.01,-1,-1,-0.01,-1,-1,-0.01,-1,-1,-0.01,-1,-1,-0.01,-1,-1,-0.01,-1,-1
99926009,2026-05-18 10:56:16+05:30,53012.85,0,0.0,0,0.0,0.0,53282.15,53308.4,52783.45,53710.35,0,0.0,0.0,0.0,0.0,-0.01,-1,-1,-0.01,-1,-1,-0.01,-1,-1,-0.01,-1,-1,-0.01,-1,-1,-0.01,-1,-1,-0.01,-1,-1,-0.01,-1,-1,-0.01,-1,-1,-0.01,-1,-1
99926009,2026-05-18 10:56:17+05:30,53012.2,0,0.0,0,0.0,0.0,53282.15,53308.4,52783.45,53710.35,0,0.0,0.0,0.0,0.0,-0.01,-1,-1,-0.01,-1,-1,-0.01,-1,-1,-0.01,-1,-1,-0.01,-1,-1,-0.01,-1,-1,-0.01,-1,-1,-0.01,-1,-1,-0.01,-1,-1,-0.01,-1,-1
99926009,2026-05-18 10:56:17+05:30,53013.85,0,0.0,0,0.0,0.0,53282.15,53308.4,52783.45,53710.35,0,0.0,0.0,0.0,0.0,-0.01,-1,-1,-0.01,-1,-1,-0.01,-1,-1,-0.01,-1,-1,-0.01,-1,-1,-0.01,-1,-1,-0.01,-1,-1,-0.01,-1,-1,-0.01,-1,-1,-0.01,-1,-1
99926009,2026-05-18 10:56:18+05:30,53011.8,0,0.0,0,0.0,0.0,53282.15,53308.4,52783.45,53710.35,0,0.0,0.0,0.0,0.0,-0.01,-1,-1,-0.01,-1,-1,-0.01,-1,-1,-0.01,-1,-1,-0.01,-1,-1,-0.01,-1,-1,-0.01,-1,-1,-0.01,-1,-1,-0.01,-1,-1,-0.01,-1,-1
99926009,2026-05-18 10:56:18+05:30,53011.35,0,0.0,0,0.0,0.0,53282.15,53308.4,52783.45,53710.35,0,0.0,0.0,0.0,0.0,-0.01,-1,-1,-0.01,-1,-1,-0.01,-1,-1,-0.01,-1,-1,-0.01,-1,-1,-0.01,-1,-1,-0.01,-1,-1,-0.01,-1,-1,-0.01,-1,-1,-0.01,-1,-1
99926009,2026-05-18 10:56:19+05:30,53012.0,0,0.0,0,0.0,0.0,53282.15,53308.4,52783.45,53710.35,0,0.0,0.0,0.0,0.0,-0.01,-1,-1,-0.01,-1,-1,-0.01,-1,-1,-0.01,-1,-1,-0.01,-1,-1,-0.01,-1,-1,-0.01,-1,-1,-0.01,-1,-1,-0.01,-1,-1,-0.01,-1,-1
99926009,2026-05-18 10:56:19+05:30,53011.55,0,0.0,0,0.0,0.0,53282.15,53308.4,52783.45,53710.35,0,0.0,0.0,0.0,0.0,-0.01,-1,-1,-0.01,-1,-1,-0.01,-1,-1,-0.01,-1,-1,-0.01,-1,-1,-0.01,-1,-1,-0.01,-1,-1,-0.01,-1,-1,-0.01,-1,-1,-0.01,-1,-1
99926009,2026-05-18 10:56:20+05:30,53013.4,0,0.0,0,0.0,0.0,53282.15,53308.4,52783.45,53710.35,0,0.0,0.0,0.0,0.0,-0.01,-1,-1,-0.01,-1,-1,-0.01,-1,-1,-0.01,-1,-1,-0.01,-1,-1,-0.01,-1,-1,-0.01,-1,-1,-0.01,-1,-1,-0.01,-1,-1,-0.01,-1,-1
99926009,2026-05-18 10:56:20+05:30,53014.65,0,0.0,0,0.0,0.0,53282.15,53308.4,52783.45,53710.35,0,0.0,0.0,0.0,0.0,-0.01,-1,-1,-0.01,-1,-1,-0.01,-1,-1,-0.01,-1,-1,-0.01,-1,-1,-0.01,-1,-1,-0.01,-1,-1,-0.01,-1,-1,-0.01,-1,-1,-0.01,-1,-1
99926009,2026-05-18 10:56:21+05:30,53013.95,0,0.0,0,0.0,0.0,53282.15,53308.4,52783.45,53710.35,0,0.0,0.0,0.0,0.0,-0.01,-1,-1,-0.01,-1,-1,-0.01,-1,-1,-0.01,-1,-1,-0.01,-1,-1,-0.01,-1,-1,-0.01,-1,-1,-0.01,-1,-1,-0.01,-1,-1,-0.01,-1,-1
99926009,2026-05-18 10:56:21+05:30,53011.9,0,0.0,0,0.0,0.0,53282.15,53308.4,52783.45,53710.35,0,0.0,0.0,0.0,0.0,-0.01,-1,-1,-0.01,-1,-1,-0.01,-1,-1,-0.01,-1,-1,-0.01,-1,-1,-0.01,-1,-1,-0.01,-1,-1,-0.01,-1,-1,-0.01,-1,-1,-0.01,-1,-1
99926009,2026-05-18 10:56:22+05:30,53010.75,0,0.0,0,0.0,0.0,53282.15,53308.4,52783.45,53710.35,0,0.0,0.0,0.0,0.0,-0.01,-1,-1,-0.01,-1,-1,-0.01,-1,-1,-0.01,-1,-1,-0.01,-1,-1,-0.01,-1,-1,-0.01,-1,-1,-0.01,-1,-1,-0.01,-1,-1,-0.01,-1,-1
99926009,2026-05-18 10:56:22+05:30,53012.55,0,0.0,0,0.0,0.0,53282.15,53308.4,52783.45,53710.35,0,0.0,0.0,0.0,0.0,-0.01,-1,-1,-0.01,-1,-1,-0.01,-1,-1,-0.01,-1,-1,-0.01,-1,-1,-0.01,-1,-1,-0.01,-1,-1,-0.01,-1,-1,-0.01,-1,-1,-0.01,-1,-1
99926009,2026-05-18 10:56:23+05:30,53013.2,0,0.0,0,0.0,0.0,53282.15,53308.4,52783.45,53710.35,0,0.0,0.0,0.0,0.0,-0.01,-1,-1,-0.01,-1,-1,-0.01,-1,-1,-0.01,-1,-1,-0.01,-1,-1,-0.01,-1,-1,-0.01,-1,-1,-0.01,-1,-1,-0.01,-1,-1,-0.01,-1,-1
99926009,2026-05-18 10:56:23+05:30,53011.35,0,0.0,0,0.0,0.0,53282.15,53308.4,52783.45,53710.35,0,0.0,0.0,0.0,0.0,-0.01,-1,-1,-0.01,-1,-1,-0.01,-1,-1,-0.01,-1,-1,-0.01,-1,-1,-0.01,-1,-1,-0.01,-1,-1,-0.01,-1,-1,-0.01,-1,-1,-0.01,-1,-1
99926009,2026-05-18 10:56:24+05:30,53015.55,0,0.0,0,0.0,0.0,53282.15,53308.4,52783.45,53710.35,0,0.0,0.0,0.0,0.0,-0.01,-1,-1,-0.01,-1,-1,-0.01,-1,-1,-0.01,-1,-1,-0.01,-1,-1,-0.01,-1,-1,-0.01,-1,-1,-0.01,-1,-1,-0.01,-1,-1,-0.01,-1,-1
99926009,2026-05-18 10:56:24+05:30,53015.15,0,0.0,0,0.0,0.0,53282.15,53308.4,52783.45,53710.35,0,0.0,0.0,0.0,0.0,-0.01,-1,-1,-0.01,-1,-1,-0.01,-1,-1,-0.01,-1,-1,-0.01,-1,-1,-0.01,-1,-1,-0.01,-1,-1,-0.01,-1,-1,-0.01,-1,-1,-0.01,-1,-1
99926009,2026-05-18 10:56:25+05:30,53017.85,0,0.0,0,0.0,0.0,53282.15,53308.4,52783.45,53710.35,0,0.0,0.0,0.0,0.0,-0.01,-1,-1,-0.01,-1,-1,-0.01,-1,-1,-0.01,-1,-1,-0.01,-1,-1,-0.01,-1,-1,-0.01,-1,-1,-0.01,-1,-1,-0.01,-1,-1,-0.01,-1,-1
99926009,2026-05-18 10:56:25+05:30,53015.95,0,0.0,0,0.0,0.0,53282.15,53308.4,52783.45,53710.35,0,0.0,0.0,0.0,0.0,-0.01,-1,-1,-0.01,-1,-1,-0.01,-1,-1,-0.01,-1,-1,-0.01,-1,-1,-0.01,-1,-1,-0.01,-1,-1,-0.01,-1,-1,-0.01,-1,-1,-0.01,-1,-1
99926009,2026-05-18 10:56:26+05:30,53014.95,0,0.0,0,0.0,0.0,53282.15,53308.4,52783.45,53710.35,0,0.0,0.0,0.0,0.0,-0.01,-1,-1,-0.01,-1,-1,-0.01,-1,-1,-0.01,-1,-1,-0.01,-1,-1,-0.01,-1,-1,-0.01,-1,-1,-0.01,-1,-1,-0.01,-1,-1,-0.01,-1,-1
99926009,2026-05-18 10:56:26+05:30,53014.2,0,0.0,0,0.0,0.0,53282.15,53308.4,52783.45,53710.35,0,0.0,0.0,0.0,0.0,-0.01,-1,-1,-0.01,-1,-1,-0.01,-1,-1,-0.01,-1,-1,-0.01,-1,-1,-0.01,-1,-1,-0.01,-1,-1,-0.01,-1,-1,-0.01,-1,-1,-0.01,-1,-1
99926009,2026-05-18 10:56:27+05:30,53011.1,0,0.0,0,0.0,0.0,53282.15,53308.4,52783.45,53710.35,0,0.0,0.0,0.0,0.0,-0.01,-1,-1,-0.01,-1,-1,-0.01,-1,-1,-0.01,-1,-1,-0.01,-1,-1,-0.01,-1,-1,-0.01,-1,-1,-0.01,-1,-1,-0.01,-1,-1,-0.01,-1,-1
99926009,2026-05-18 10:56:27+05:30,53014.55,0,0.0,0,0.0,0.0,53282.15,53308.4,52783.45,53710.35,0,0.0,0.0,0.0,0.0,-0.01,-1,-1,-0.01,-1,-1,-0.01,-1,-1,-0.01,-1,-1,-0.01,-1,-1,-0.01,-1,-1,-0.01,-1,-1,-0.01,-1,-1,-0.01,-1,-1,-0.01,-1,-1
99926009,2026-05-18 10:56:28+05:30,53013.25,0,0.0,0,0.0,0.0,53282.15,53308.4,52783.45,53710.35,0,0.0,0.0,0.0,0.0,-0.01,-1,-1,-0.01,-1,-1,-0.01,-1,-1,-0.01,-1,-1,-0.01,-1,-1,-0.01,-1,-1,-0.01,-1,-1,-0.01,-1,-1,-0.01,-1,-1,-0.01,-1,-1
99926009,2026-05-18 10:56:28+05:30,53011.2,0,0.0,0,0.0,0.0,53282.15,53308.4,52783.45,53710.35,0,0.0,0.0,0.0,0.0,-0.01,-1,-1,-0.01,-1,-1,-0.01,-1,-1,-0.01,-1,-1,-0.01,-1,-1,-0.01,-1,-1,-0.01,-1,-1,-0.01,-1,-1,-0.01,-1,-1,-0.01,-1,-1
99926009,2026-05-18 10:56:29+05:30,53011.7,0,0.0,0,0.0,0.0,53282.15,53308.4,52783.45,53710.35,0,0.0,0.0,0.0,0.0,-0.01,-1,-1,-0.01,-1,-1,-0.01,-1,-1,-0.01,-1,-1,-0.01,-1,-1,-0.01,-1,-1,-0.01,-1,-1,-0.01,-1,-1,-0.01,-1,-1,-0.01,-1,-1
99926009,2026-05-18 10:56:29+05:30,53011.7,0,0.0,0,0.0,0.0,53282.15,53308.4,52783.45,53710.35,0,0.0,0.0,0.0,0.0,-0.01,-1,-1,-0.01,-1,-1,-0.01,-1,-1,-0.01,-1,-1,-0.01,-1,-1,-0.01,-1,-1,-0.01,-1,-1,-0.01,-1,-1,-0.01,-1,-1,-0.01,-1,-1
99926009,2026-05-18 10:56:30+05:30,53012.1,0,0.0,0,0.0,0.0,53282.15,53308.4,52783.45,53710.35,0,0.0,0.0,0.0,0.0,-0.01,-1,-1,-0.01,-1,-1,-0.01,-1,-1,-0.01,-1,-1,-0.01,-1,-1,-0.01,-1,-1,-0.01,-1,-1,-0.01,-1,-1,-0.01,-1,-1,-0.01,-1,-1
99926009,2026-05-18 10:56:30+05:30,53012.7,0,0.0,0,0.0,0.0,53282.15,53308.4,52783.45,53710.35,0,0.0,0.0,0.0,0.0,-0.01,-1,-1,-0.01,-1,-1,-0.01,-1,-1,-0.01,-1,-1,-0.01,-1,-1,-0.01,-1,-1,-0.01,-1,-1,-0.01,-1,-1,-0.01,-1,-1,-0.01,-1,-1
99926009,2026-05-18 10:56:31+05:30,53014.1,0,0.0,0,0.0,0.0,53282.15,53308.4,52783.45,53710.35,0,0.0,0.0,0.0,0.0,-0.01,-1,-1,-0.01,-1,-1,-0.01,-1,-1,-0.01,-1,-1,-0.01,-1,-1,-0.01,-1,-1,-0.01,-1,-1,-0.01,-1,-1,-0.01,-1,-1,-0.01,-1,-1
99926009,2026-05-18 10:56:31+05:30,53011.3,0,0.0,0,0.0,0.0,53282.15,53308.4,52783.45,53710.35,0,0.0,0.0,0.0,0.0,-0.01,-1,-1,-0.01,-1,-1,-0.01,-1,-1,-0.01,-1,-1,-0.01,-1,-1,-0.01,-1,-1,-0.01,-1,-1,-0.01,-1,-1,-0.01,-1,-1,-0.01,-1,-1
99926009,2026-05-18 10:56:32+05:30,53012.65,0,0.0,0,0.0,0.0,53282.15,53308.4,52783.45,53710.35,0,0.0,0.0,0.0,0.0,-0.01,-1,-1,-0.01,-1,-1,-0.01,-1,-1,-0.01,-1,-1,-0.01,-1,-1,-0.01,-1,-1,-0.01,-1,-1,-0.01,-1,-1,-0.01,-1,-1,-0.01,-1,-1
99926009,2026-05-18 10:56:32+05:30,53013.55,0,0.0,0,0.0,0.0,53282.15,53308.4,52783.45,53710.35,0,0.0,0.0,0.0,0.0,-0.01,-1,-1,-0.01,-1,-1,-0.01,-1,-1,-0.01,-1,-1,-0.01,-1,-1,-0.01,-1,-1,-0.01,-1,-1,-0.01,-1,-1,-0.01,-1,-1,-0.01,-1,-1
99926009,2026-05-18 10:56:33+05:30,53021.55,0,0.0,0,0.0,0.0,53282.15,53308.4,52783.45,53710.35,0,0.0,0.0,0.0,0.0,-0.01,-1,-1,-0.01,-1,-1,-0.01,-1,-1,-0.01,-1,-1,-0.01,-1,-1,-0.01,-1,-1,-0.01,-1,-1,-0.01,-1,-1,-0.01,-1,-1,-0.01,-1,-1
99926009,2026-05-18 10:56:33+05:30,53026.15,0,0.0,0,0.0,0.0,53282.15,53308.4,52783.45,53710.35,0,0.0,0.0,0.0,0.0,-0.01,-1,-1,-0.01,-1,-1,-0.01,-1,-1,-0.01,-1,-1,-0.01,-1,-1,-0.01,-1,-1,-0.01,-1,-1,-0.01,-1,-1,-0.01,-1,-1,-0.01,-1,-1
99926009,2026-05-18 10:56:34+05:30,53028.1,0,0.0,0,0.0,0.0,53282.15,53308.4,52783.45,53710.35,0,0.0,0.0,0.0,0.0,-0.01,-1,-1,-0.01,-1,-1,-0.01,-1,-1,-0.01,-1,-1,-0.01,-1,-1,-0.01,-1,-1,-0.01,-1,-1,-0.01,-1,-1,-0.01,-1,-1,-0.01,-1,-1
99926009,2026-05-18 10:56:34+05:30,53029.35,0,0.0,0,0.0,0.0,53282.15,53308.4,52783.45,53710.35,0,0.0,0.0,0.0,0.0,-0.01,-1,-1,-0.01,-1,-1,-0.01,-1,-1,-0.01,-1,-1,-0.01,-1,-1,-0.01,-1,-1,-0.01,-1,-1,-0.01,-1,-1,-0.01,-1,-1,-0.01,-1,-1
99926009,2026-05-18 10:56:35+05:30,53031.2,0,0.0,0,0.0,0.0,53282.15,53308.4,52783.45,53710.35,0,0.0,0.0,0.0,0.0,-0.01,-1,-1,-0.01,-1,-1,-0.01,-1,-1,-0.01,-1,-1,-0.01,-1,-1,-0.01,-1,-1,-0.01,-1,-1,-0.01,-1,-1,-0.01,-1,-1,-0.01,-1,-1
99926009,2026-05-18 10:56:35+05:30,53031.85,0,0.0,0,0.0,0.0,53282.15,53308.4,52783.45,53710.35,0,0.0,0.0,0.0,0.0,-0.01,-1,-1,-0.01,-1,-1,-0.01,-1,-1,-0.01,-1,-1,-0.01,-1,-1,-0.01,-1,-1,-0.01,-1,-1,-0.01,-1,-1,-0.01,-1,-1,-0.01,-1,-1
99926009,2026-05-18 10:56:36+05:30,53030.45,0,0.0,0,0.0,0.0,53282.15,53308.4,52783.45,53710.35,0,0.0,0.0,0.0,0.0,-0.01,-1,-1,-0.01,-1,-1,-0.01,-1,-1,-0.01,-1,-1,-0.01,-1,-1,-0.01,-1,-1,-0.01,-1,-1,-0.01,-1,-1,-0.01,-1,-1,-0.01,-1,-1
99926009,2026-05-18 10:56:36+05:30,53029.75,0,0.0,0,0.0,0.0,53282.15,53308.4,52783.45,53710.35,0,0.0,0.0,0.0,0.0,-0.01,-1,-1,-0.01,-1,-1,-0.01,-1,-1,-0.01,-1,-1,-0.01,-1,-1,-0.01,-1,-1,-0.01,-1,-1,-0.01,-1,-1,-0.01,-1,-1,-0.01,-1,-1
99926009,2026-05-18 10:56:37+05:30,53031.9,0,0.0,0,0.0,0.0,53282.15,53308.4,52783.45,53710.35,0,0.0,0.0,0.0,0.0,-0.01,-1,-1,-0.01,-1,-1,-0.01,-1,-1,-0.01,-1,-1,-0.01,-1,-1,-0.01,-1,-1,-0.01,-1,-1,-0.01,-1,-1,-0.01,-1,-1,-0.01,-1,-1
99926009,2026-05-18 10:56:37+05:30,53032.15,0,0.0,0,0.0,0.0,53282.15,53308.4,52783.45,53710.35,0,0.0,0.0,0.0,0.0,-0.01,-1,-1,-0.01,-1,-1,-0.01,-1,-1,-0.01,-1,-1,-0.01,-1,-1,-0.01,-1,-1,-0.01,-1,-1,-0.01,-1,-1,-0.01,-1,-1,-0.01,-1,-1
99926009,2026-05-18 10:56:38+05:30,53030.25,0,0.0,0,0.0,0.0,53282.15,53308.4,52783.45,53710.35,0,0.0,0.0,0.0,0.0,-0.01,-1,-1,-0.01,-1,-1,-0.01,-1,-1,-0.01,-1,-1,-0.01,-1,-1,-0.01,-1,-1,-0.01,-1,-1,-0.01,-1,-1,-0.01,-1,-1,-0.01,-1,-1
99926009,2026-05-18 10:56:38+05:30,53027.95,0,0.0,0,0.0,0.0,53282.15,53308.4,52783.45,53710.35,0,0.0,0.0,0.0,0.0,-0.01,-1,-1,-0.01,-1,-1,-0.01,-1,-1,-0.01,-1,-1,-0.01,-1,-1,-0.01,-1,-1,-0.01,-1,-1,-0.01,-1,-1,-0.01,-1,-1,-0.01,-1,-1
99926009,2026-05-18 10:56:39+05:30,53026.8,0,0.0,0,0.0,0.0,53282.15,53308.4,52783.45,53710.35,0,0.0,0.0,0.0,0.0,-0.01,-1,-1,-0.01,-1,-1,-0.01,-1,-1,-0.01,-1,-1,-0.01,-1,-1,-0.01,-1,-1,-0.01,-1,-1,-0.01,-1,-1,-0.01,-1,-1,-0.01,-1,-1
99926009,2026-05-18 10:56:39+05:30,53027.65,0,0.0,0,0.0,0.0,53282.15,53308.4,52783.45,53710.35,0,0.0,0.0,0.0,0.0,-0.01,-1,-1,-0.01,-1,-1,-0.01,-1,-1,-0.01,-1,-1,-0.01,-1,-1,-0.01,-1,-1,-0.01,-1,-1,-0.01,-1,-1,-0.01,-1,-1,-0.01,-1,-1
99926009,2026-05-18 10:56:40+05:30,53027.6,0,0.0,0,0.0,0.0,53282.15,53308.4,52783.45,53710.35,0,0.0,0.0,0.0,0.0,-0.01,-1,-1,-0.01,-1,-1,-0.01,-1,-1,-0.01,-1,-1,-0.01,-1,-1,-0.01,-1,-1,-0.01,-1,-1,-0.01,-1,-1,-0.01,-1,-1,-0.01,-1,-1
99926009,2026-05-18 10:56:40+05:30,53027.6,0,0.0,0,0.0,0.0,53282.15,53308.4,52783.45,53710.35,0,0.0,0.0,0.0,0.0,-0.01,-1,-1,-0.01,-1,-1,-0.01,-1,-1,-0.01,-1,-1,-0.01,-1,-1,-0.01,-1,-1,-0.01,-1,-1,-0.01,-1,-1,-0.01,-1,-1,-0.01,-1,-1
99926009,2026-05-18 10:56:41+05:30,53028.6,0,0.0,0,0.0,0.0,53282.15,53308.4,52783.45,53710.35,0,0.0,0.0,0.0,0.0,-0.01,-1,-1,-0.01,-1,-1,-0.01,-1,-1,-0.01,-1,-1,-0.01,-1,-1,-0.01,-1,-1,-0.01,-1,-1,-0.01,-1,-1,-0.01,-1,-1,-0.01,-1,-1
99926009,2026-05-18 10:56:41+05:30,53030.15,0,0.0,0,0.0,0.0,53282.15,53308.4,52783.45,53710.35,0,0.0,0.0,0.0,0.0,-0.01,-1,-1,-0.01,-1,-1,-0.01,-1,-1,-0.01,-1,-1,-0.01,-1,-1,-0.01,-1,-1,-0.01,-1,-1,-0.01,-1,-1,-0.01,-1,-1,-0.01,-1,-1
99926009,2026-05-18 10:56:42+05:30,53027.8,0,0.0,0,0.0,0.0,53282.15,53308.4,52783.45,53710.35,0,0.0,0.0,0.0,0.0,-0.01,-1,-1,-0.01,-1,-1,-0.01,-1,-1,-0.01,-1,-1,-0.01,-1,-1,-0.01,-1,-1,-0.01,-1,-1,-0.01,-1,-1,-0.01,-1,-1,-0.01,-1,-1
99926009,2026-05-18 10:56:42+05:30,53029.6,0,0.0,0,0.0,0.0,53282.15,53308.4,52783.45,53710.35,0,0.0,0.0,0.0,0.0,-0.01,-1,-1,-0.01,-1,-1,-0.01,-1,-1,-0.01,-1,-1,-0.01,-1,-1,-0.01,-1,-1,-0.01,-1,-1,-0.01,-1,-1,-0.01,-1,-1,-0.01,-1,-1
99926009,2026-05-18 10:56:43+05:30,53028.45,0,0.0,0,0.0,0.0,53282.15,53308.4,52783.45,53710.35,0,0.0,0.0,0.0,0.0,-0.01,-1,-1,-0.01,-1,-1,-0.01,-1,-1,-0.01,-1,-1,-0.01,-1,-1,-0.01,-1,-1,-0.01,-1,-1,-0.01,-1,-1,-0.01,-1,-1,-0.01,-1,-1
99926009,2026-05-18 10:56:43+05:30,53023.65,0,0.0,0,0.0,0.0,53282.15,53308.4,52783.45,53710.35,0,0.0,0.0,0.0,0.0,-0.01,-1,-1,-0.01,-1,-1,-0.01,-1,-1,-0.01,-1,-1,-0.01,-1,-1,-0.01,-1,-1,-0.01,-1,-1,-0.01,-1,-1,-0.01,-1,-1,-0.01,-1,-1
99926009,2026-05-18 10:56:44+05:30,53023.85,0,0.0,0,0.0,0.0,53282.15,53308.4,52783.45,53710.35,0,0.0,0.0,0.0,0.0,-0.01,-1,-1,-0.01,-1,-1,-0.01,-1,-1,-0.01,-1,-1,-0.01,-1,-1,-0.01,-1,-1,-0.01,-1,-1,-0.01,-1,-1,-0.01,-1,-1,-0.01,-1,-1
99926009,2026-05-18 10:56:44+05:30,53027.1,0,0.0,0,0.0,0.0,53282.15,53308.4,52783.45,53710.35,0,0.0,0.0,0.0,0.0,-0.01,-1,-1,-0.01,-1,-1,-0.01,-1,-1,-0.01,-1,-1,-0.01,-1,-1,-0.01,-1,-1,-0.01,-1,-1,-0.01,-1,-1,-0.01,-1,-1,-0.01,-1,-1
99926009,2026-05-18 10:56:45+05:30,53027.1,0,0.0,0,0.0,0.0,53282.15,53308.4,52783.45,53710.35,0,0.0,0.0,0.0,0.0,-0.01,-1,-1,-0.01,-1,-1,-0.01,-1,-1,-0.01,-1,-1,-0.01,-1,-1,-0.01,-1,-1,-0.01,-1,-1,-0.01,-1,-1,-0.01,-1,-1,-0.01,-1,-1
99926009,2026-05-18 10:56:45+05:30,53028.25,0,0.0,0,0.0,0.0,53282.15,53308.4,52783.45,53710.35,0,0.0,0.0,0.0,0.0,-0.01,-1,-1,-0.01,-1,-1,-0.01,-1,-1,-0.01,-1,-1,-0.01,-1,-1,-0.01,-1,-1,-0.01,-1,-1,-0.01,-1,-1,-0.01,-1,-1,-0.01,-1,-1
99926009,2026-05-18 10:56:46+05:30,53027.4,0,0.0,0,0.0,0.0,53282.15,53308.4,52783.45,53710.35,0,0.0,0.0,0.0,0.0,-0.01,-1,-1,-0.01,-1,-1,-0.01,-1,-1,-0.01,-1,-1,-0.01,-1,-1,-0.01,-1,-1,-0.01,-1,-1,-0.01,-1,-1,-0.01,-1,-1,-0.01,-1,-1
99926009,2026-05-18 10:56:46+05:30,53028.55,0,0.0,0,0.0,0.0,53282.15,53308.4,52783.45,53710.35,0,0.0,0.0,0.0,0.0,-0.01,-1,-1,-0.01,-1,-1,-0.01,-1,-1,-0.01,-1,-1,-0.01,-1,-1,-0.01,-1,-1,-0.01,-1,-1,-0.01,-1,-1,-0.01,-1,-1,-0.01,-1,-1
99926009,2026-05-18 10:56:47+05:30,53027.4,0,0.0,0,0.0,0.0,53282.15,53308.4,52783.45,53710.35,0,0.0,0.0,0.0,0.0,-0.01,-1,-1,-0.01,-1,-1,-0.01,-1,-1,-0.01,-1,-1,-0.01,-1,-1,-0.01,-1,-1,-0.01,-1,-1,-0.01,-1,-1,-0.01,-1,-1,-0.01,-1,-1
99926009,2026-05-18 10:56:47+05:30,53026.55,0,0.0,0,0.0,0.0,53282.15,53308.4,52783.45,53710.35,0,0.0,0.0,0.0,0.0,-0.01,-1,-1,-0.01,-1,-1,-0.01,-1,-1,-0.01,-1,-1,-0.01,-1,-1,-0.01,-1,-1,-0.01,-1,-1,-0.01,-1,-1,-0.01,-1,-1,-0.01,-1,-1
99926009,2026-05-18 10:56:48+05:30,53022.65,0,0.0,0,0.0,0.0,53282.15,53308.4,52783.45,53710.35,0,0.0,0.0,0.0,0.0,-0.01,-1,-1,-0.01,-1,-1,-0.01,-1,-1,-0.01,-1,-1,-0.01,-1,-1,-0.01,-1,-1,-0.01,-1,-1,-0.01,-1,-1,-0.01,-1,-1,-0.01,-1,-1
99926009,2026-05-18 10:56:48+05:30,53023.1,0,0.0,0,0.0,0.0,53282.15,53308.4,52783.45,53710.35,0,0.0,0.0,0.0,0.0,-0.01,-1,-1,-0.01,-1,-1,-0.01,-1,-1,-0.01,-1,-1,-0.01,-1,-1,-0.01,-1,-1,-0.01,-1,-1,-0.01,-1,-1,-0.01,-1,-1,-0.01,-1,-1
99926009,2026-05-18 10:56:49+05:30,53023.65,0,0.0,0,0.0,0.0,53282.15,53308.4,52783.45,53710.35,0,0.0,0.0,0.0,0.0,-0.01,-1,-1,-0.01,-1,-1,-0.01,-1,-1,-0.01,-1,-1,-0.01,-1,-1,-0.01,-1,-1,-0.01,-1,-1,-0.01,-1,-1,-0.01,-1,-1,-0.01,-1,-1
99926009,2026-05-18 10:56:49+05:30,53023.45,0,0.0,0,0.0,0.0,53282.15,53308.4,52783.45,53710.35,0,0.0,0.0,0.0,0.0,-0.01,-1,-1,-0.01,-1,-1,-0.01,-1,-1,-0.01,-1,-1,-0.01,-1,-1,-0.01,-1,-1,-0.01,-1,-1,-0.01,-1,-1,-0.01,-1,-1,-0.01,-1,-1
99926009,2026-05-18 10:56:50+05:30,53030.25,0,0.0,0,0.0,0.0,53282.15,53308.4,52783.45,53710.35,0,0.0,0.0,0.0,0.0,-0.01,-1,-1,-0.01,-1,-1,-0.01,-1,-1,-0.01,-1,-1,-0.01,-1,-1,-0.01,-1,-1,-0.01,-1,-1,-0.01,-1,-1,-0.01,-1,-1,-0.01,-1,-1
99926009,2026-05-18 10:56:50+05:30,53030.25,0,0.0,0,0.0,0.0,53282.15,53308.4,52783.45,53710.35,0,0.0,0.0,0.0,0.0,-0.01,-1,-1,-0.01,-1,-1,-0.01,-1,-1,-0.01,-1,-1,-0.01,-1,-1,-0.01,-1,-1,-0.01,-1,-1,-0.01,-1,-1,-0.01,-1,-1,-0.01,-1,-1
99926009,2026-05-18 10:56:51+05:30,53030.25,0,0.0,0,0.0,0.0,53282.15,53308.4,52783.45,53710.35,0,0.0,0.0,0.0,0.0,-0.01,-1,-1,-0.01,-1,-1,-0.01,-1,-1,-0.01,-1,-1,-0.01,-1,-1,-0.01,-1,-1,-0.01,-1,-1,-0.01,-1,-1,-0.01,-1,-1,-0.01,-1,-1
99926009,2026-05-18 10:56:51+05:30,53030.1,0,0.0,0,0.0,0.0,53282.15,53308.4,52783.45,53710.35,0,0.0,0.0,0.0,0.0,-0.01,-1,-1,-0.01,-1,-1,-0.01,-1,-1,-0.01,-1,-1,-0.01,-1,-1,-0.01,-1,-1,-0.01,-1,-1,-0.01,-1,-1,-0.01,-1,-1,-0.01,-1,-1
99926009,2026-05-18 10:56:52+05:30,53029.9,0,0.0,0,0.0,0.0,53282.15,53308.4,52783.45,53710.35,0,0.0,0.0,0.0,0.0,-0.01,-1,-1,-0.01,-1,-1,-0.01,-1,-1,-0.01,-1,-1,-0.01,-1,-1,-0.01,-1,-1,-0.01,-1,-1,-0.01,-1,-1,-0.01,-1,-1,-0.01,-1,-1
99926009,2026-05-18 10:56:52+05:30,53028.5,0,0.0,0,0.0,0.0,53282.15,53308.4,52783.45,53710.35,0,0.0,0.0,0.0,0.0,-0.01,-1,-1,-0.01,-1,-1,-0.01,-1,-1,-0.01,-1,-1,-0.01,-1,-1,-0.01,-1,-1,-0.01,-1,-1,-0.01,-1,-1,-0.01,-1,-1,-0.01,-1,-1
99926009,2026-05-18 10:56:53+05:30,53029.5,0,0.0,0,0.0,0.0,53282.15,53308.4,52783.45,53710.35,0,0.0,0.0,0.0,0.0,-0.01,-1,-1,-0.01,-1,-1,-0.01,-1,-1,-0.01,-1,-1,-0.01,-1,-1,-0.01,-1,-1,-0.01,-1,-1,-0.01,-1,-1,-0.01,-1,-1,-0.01,-1,-1
99926009,2026-05-18 10:56:53+05:30,53024.75,0,0.0,0,0.0,0.0,53282.15,53308.4,52783.45,53710.35,0,0.0,0.0,0.0,0.0,-0.01,-1,-1,-0.01,-1,-1,-0.01,-1,-1,-0.01,-1,-1,-0.01,-1,-1,-0.01,-1,-1,-0.01,-1,-1,-0.01,-1,-1,-0.01,-1,-1,-0.01,-1,-1
99926009,2026-05-18 10:56:54+05:30,53026.7,0,0.0,0,0.0,0.0,53282.15,53308.4,52783.45,53710.35,0,0.0,0.0,0.0,0.0,-0.01,-1,-1,-0.01,-1,-1,-0.01,-1,-1,-0.01,-1,-1,-0.01,-1,-1,-0.01,-1,-1,-0.01,-1,-1,-0.01,-1,-1,-0.01,-1,-1,-0.01,-1,-1
99926009,2026-05-18 10:56:54+05:30,53026.85,0,0.0,0,0.0,0.0,53282.15,53308.4,52783.45,53710.35,0,0.0,0.0,0.0,0.0,-0.01,-1,-1,-0.01,-1,-1,-0.01,-1,-1,-0.01,-1,-1,-0.01,-1,-1,-0.01,-1,-1,-0.01,-1,-1,-0.01,-1,-1,-0.01,-1,-1,-0.01,-1,-1
99926009,2026-05-18 10:56:55+05:30,53028.8,0,0.0,0,0.0,0.0,53282.15,53308.4,52783.45,53710.35,0,0.0,0.0,0.0,0.0,-0.01,-1,-1,-0.01,-1,-1,-0.01,-1,-1,-0.01,-1,-1,-0.01,-1,-1,-0.01,-1,-1,-0.01,-1,-1,-0.01,-1,-1,-0.01,-1,-1,-0.01,-1,-1
99926009,2026-05-18 10:56:55+05:30,53027.9,0,0.0,0,0.0,0.0,53282.15,53308.4,52783.45,53710.35,0,0.0,0.0,0.0,0.0,-0.01,-1,-1,-0.01,-1,-1,-0.01,-1,-1,-0.01,-1,-1,-0.01,-1,-1,-0.01,-1,-1,-0.01,-1,-1,-0.01,-1,-1,-0.01,-1,-1,-0.01,-1,-1
99926009,2026-05-18 10:56:56+05:30,53028.8,0,0.0,0,0.0,0.0,53282.15,53308.4,52783.45,53710.35,0,0.0,0.0,0.0,0.0,-0.01,-1,-1,-0.01,-1,-1,-0.01,-1,-1,-0.01,-1,-1,-0.01,-1,-1,-0.01,-1,-1,-0.01,-1,-1,-0.01,-1,-1,-0.01,-1,-1,-0.01,-1,-1
99926009,2026-05-18 10:56:56+05:30,53027.25,0,0.0,0,0.0,0.0,53282.15,53308.4,52783.45,53710.35,0,0.0,0.0,0.0,0.0,-0.01,-1,-1,-0.01,-1,-1,-0.01,-1,-1,-0.01,-1,-1,-0.01,-1,-1,-0.01,-1,-1,-0.01,-1,-1,-0.01,-1,-1,-0.01,-1,-1,-0.01,-1,-1
99926009,2026-05-18 10:56:57+05:30,53026.75,0,0.0,0,0.0,0.0,53282.15,53308.4,52783.45,53710.35,0,0.0,0.0,0.0,0.0,-0.01,-1,-1,-0.01,-1,-1,-0.01,-1,-1,-0.01,-1,-1,-0.01,-1,-1,-0.01,-1,-1,-0.01,-1,-1,-0.01,-1,-1,-0.01,-1,-1,-0.01,-1,-1
99926009,2026-05-18 10:56:57+05:30,53029.1,0,0.0,0,0.0,0.0,53282.15,53308.4,52783.45,53710.35,0,0.0,0.0,0.0,0.0,-0.01,-1,-1,-0.01,-1,-1,-0.01,-1,-1,-0.01,-1,-1,-0.01,-1,-1,-0.01,-1,-1,-0.01,-1,-1,-0.01,-1,-1,-0.01,-1,-1,-0.01,-1,-1
99926009,2026-05-18 10:56:58+05:30,53028.75,0,0.0,0,0.0,0.0,53282.15,53308.4,52783.45,53710.35,0,0.0,0.0,0.0,0.0,-0.01,-1,-1,-0.01,-1,-1,-0.01,-1,-1,-0.01,-1,-1,-0.01,-1,-1,-0.01,-1,-1,-0.01,-1,-1,-0.01,-1,-1,-0.01,-1,-1,-0.01,-1,-1
99926009,2026-05-18 10:56:58+05:30,53027.6,0,0.0,0,0.0,0.0,53282.15,53308.4,52783.45,53710.35,0,0.0,0.0,0.0,0.0,-0.01,-1,-1,-0.01,-1,-1,-0.01,-1,-1,-0.01,-1,-1,-0.01,-1,-1,-0.01,-1,-1,-0.01,-1,-1,-0.01,-1,-1,-0.01,-1,-1,-0.01,-1,-1
99926009,2026-05-18 10:56:59+05:30,53026.8,0,0.0,0,0.0,0.0,53282.15,53308.4,52783.45,53710.35,0,0.0,0.0,0.0,0.0,-0.01,-1,-1,-0.01,-1,-1,-0.01,-1,-1,-0.01,-1,-1,-0.01,-1,-1,-0.01,-1,-1,-0.01,-1,-1,-0.01,-1,-1,-0.01,-1,-1,-0.01,-1,-1
99926009,2026-05-18 10:56:59+05:30,53022.85,0,0.0,0,0.0,0.0,53282.15,53308.4,52783.45,53710.35,0,0.0,0.0,0.0,0.0,-0.01,-1,-1,-0.01,-1,-1,-0.01,-1,-1,-0.01,-1,-1,-0.01,-1,-1,-0.01,-1,-1,-0.01,-1,-1,-0.01,-1,-1,-0.01,-1,-1,-0.01,-1,-1
99926009,2026-05-18 10:57:00+05:30,53027.15,0,0.0,0,0.0,0.0,53282.15,53308.4,52783.45,53710.35,0,0.0,0.0,0.0,0.0,-0.01,-1,-1,-0.01,-1,-1,-0.01,-1,-1,-0.01,-1,-1,-0.01,-1,-1,-0.01,-1,-1,-0.01,-1,-1,-0.01,-1,-1,-0.01,-1,-1,-0.01,-1,-1
99926009,2026-05-18 10:57:00+05:30,53027.65,0,0.0,0,0.0,0.0,53282.15,53308.4,52783.45,53710.35,0,0.0,0.0,0.0,0.0,-0.01,-1,-1,-0.01,-1,-1,-0.01,-1,-1,-0.01,-1,-1,-0.01,-1,-1,-0.01,-1,-1,-0.01,-1,-1,-0.01,-1,-1,-0.01,-1,-1,-0.01,-1,-1
99926009,2026-05-18 10:57:01+05:30,53027.25,0,0.0,0,0.0,0.0,53282.15,53308.4,52783.45,53710.35,0,0.0,0.0,0.0,0.0,-0.01,-1,-1,-0.01,-1,-1,-0.01,-1,-1,-0.01,-1,-1,-0.01,-1,-1,-0.01,-1,-1,-0.01,-1,-1,-0.01,-1,-1,-0.01,-1,-1,-0.01,-1,-1
99926009,2026-05-18 10:57:01+05:30,53026.8,0,0.0,0,0.0,0.0,53282.15,53308.4,52783.45,53710.35,0,0.0,0.0,0.0,0.0,-0.01,-1,-1,-0.01,-1,-1,-0.01,-1,-1,-0.01,-1,-1,-0.01,-1,-1,-0.01,-1,-1,-0.01,-1,-1,-0.01,-1,-1,-0.01,-1,-1,-0.01,-1,-1
99926009,2026-05-18 10:57:02+05:30,53028.4,0,0.0,0,0.0,0.0,53282.15,53308.4,52783.45,53710.35,0,0.0,0.0,0.0,0.0,-0.01,-1,-1,-0.01,-1,-1,-0.01,-1,-1,-0.01,-1,-1,-0.01,-1,-1,-0.01,-1,-1,-0.01,-1,-1,-0.01,-1,-1,-0.01,-1,-1,-0.01,-1,-1
99926009,2026-05-18 10:57:02+05:30,53028.15,0,0.0,0,0.0,0.0,53282.15,53308.4,52783.45,53710.35,0,0.0,0.0,0.0,0.0,-0.01,-1,-1,-0.01,-1,-1,-0.01,-1,-1,-0.01,-1,-1,-0.01,-1,-1,-0.01,-1,-1,-0.01,-1,-1,-0.01,-1,-1,-0.01,-1,-1,-0.01,-1,-1
99926009,2026-05-18 10:57:03+05:30,53028.45,0,0.0,0,0.0,0.0,53282.15,53308.4,52783.45,53710.35,0,0.0,0.0,0.0,0.0,-0.01,-1,-1,-0.01,-1,-1,-0.01,-1,-1,-0.01,-1,-1,-0.01,-1,-1,-0.01,-1,-1,-0.01,-1,-1,-0.01,-1,-1,-0.01,-1,-1,-0.01,-1,-1
99926009,2026-05-18 10:57:03+05:30,53025.5,0,0.0,0,0.0,0.0,53282.15,53308.4,52783.45,53710.35,0,0.0,0.0,0.0,0.0,-0.01,-1,-1,-0.01,-1,-1,-0.01,-1,-1,-0.01,-1,-1,-0.01,-1,-1,-0.01,-1,-1,-0.01,-1,-1,-0.01,-1,-1,-0.01,-1,-1,-0.01,-1,-1
99926009,2026-05-18 10:57:04+05:30,53025.7,0,0.0,0,0.0,0.0,53282.15,53308.4,52783.45,53710.35,0,0.0,0.0,0.0,0.0,-0.01,-1,-1,-0.01,-1,-1,-0.01,-1,-1,-0.01,-1,-1,-0.01,-1,-1,-0.01,-1,-1,-0.01,-1,-1,-0.01,-1,-1,-0.01,-1,-1,-0.01,-1,-1
99926009,2026-05-18 10:57:04+05:30,53027.55,0,0.0,0,0.0,0.0,53282.15,53308.4,52783.45,53710.35,0,0.0,0.0,0.0,0.0,-0.01,-1,-1,-0.01,-1,-1,-0.01,-1,-1,-0.01,-1,-1,-0.01,-1,-1,-0.01,-1,-1,-0.01,-1,-1,-0.01,-1,-1,-0.01,-1,-1,-0.01,-1,-1
99926009,2026-05-18 10:57:05+05:30,53029.2,0,0.0,0,0.0,0.0,53282.15,53308.4,52783.45,53710.35,0,0.0,0.0,0.0,0.0,-0.01,-1,-1,-0.01,-1,-1,-0.01,-1,-1,-0.01,-1,-1,-0.01,-1,-1,-0.01,-1,-1,-0.01,-1,-1,-0.01,-1,-1,-0.01,-1,-1,-0.01,-1,-1
99926009,2026-05-18 10:57:05+05:30,53028.2,0,0.0,0,0.0,0.0,53282.15,53308.4,52783.45,53710.35,0,0.0,0.0,0.0,0.0,-0.01,-1,-1,-0.01,-1,-1,-0.01,-1,-1,-0.01,-1,-1,-0.01,-1,-1,-0.01,-1,-1,-0.01,-1,-1,-0.01,-1,-1,-0.01,-1,-1,-0.01,-1,-1
99926009,2026-05-18 10:57:06+05:30,53029.25,0,0.0,0,0.0,0.0,53282.15,53308.4,52783.45,53710.35,0,0.0,0.0,0.0,0.0,-0.01,-1,-1,-0.01,-1,-1,-0.01,-1,-1,-0.01,-1,-1,-0.01,-1,-1,-0.01,-1,-1,-0.01,-1,-1,-0.01,-1,-1,-0.01,-1,-1,-0.01,-1,-1
99926009,2026-05-18 10:57:06+05:30,53028.95,0,0.0,0,0.0,0.0,53282.15,53308.4,52783.45,53710.35,0,0.0,0.0,0.0,0.0,-0.01,-1,-1,-0.01,-1,-1,-0.01,-1,-1,-0.01,-1,-1,-0.01,-1,-1,-0.01,-1,-1,-0.01,-1,-1,-0.01,-1,-1,-0.01,-1,-1,-0.01,-1,-1
99926009,2026-05-18 10:57:07+05:30,53027.7,0,0.0,0,0.0,0.0,53282.15,53308.4,52783.45,53710.35,0,0.0,0.0,0.0,0.0,-0.01,-1,-1,-0.01,-1,-1,-0.01,-1,-1,-0.01,-1,-1,-0.01,-1,-1,-0.01,-1,-1,-0.01,-1,-1,-0.01,-1,-1,-0.01,-1,-1,-0.01,-1,-1
99926009,2026-05-18 10:57:07+05:30,53028.1,0,0.0,0,0.0,0.0,53282.15,53308.4,52783.45,53710.35,0,0.0,0.0,0.0,0.0,-0.01,-1,-1,-0.01,-1,-1,-0.01,-1,-1,-0.01,-1,-1,-0.01,-1,-1,-0.01,-1,-1,-0.01,-1,-1,-0.01,-1,-1,-0.01,-1,-1,-0.01,-1,-1
99926009,2026-05-18 10:57:08+05:30,53028.1,0,0.0,0,0.0,0.0,53282.15,53308.4,52783.45,53710.35,0,0.0,0.0,0.0,0.0,-0.01,-1,-1,-0.01,-1,-1,-0.01,-1,-1,-0.01,-1,-1,-0.01,-1,-1,-0.01,-1,-1,-0.01,-1,-1,-0.01,-1,-1,-0.01,-1,-1,-0.01,-1,-1
99926009,2026-05-18 10:57:08+05:30,53024.2,0,0.0,0,0.0,0.0,53282.15,53308.4,52783.45,53710.35,0,0.0,0.0,0.0,0.0,-0.01,-1,-1,-0.01,-1,-1,-0.01,-1,-1,-0.01,-1,-1,-0.01,-1,-1,-0.01,-1,-1,-0.01,-1,-1,-0.01,-1,-1,-0.01,-1,-1,-0.01,-1,-1
99926009,2026-05-18 10:57:09+05:30,53027.3,0,0.0,0,0.0,0.0,53282.15,53308.4,52783.45,53710.35,0,0.0,0.0,0.0,0.0,-0.01,-1,-1,-0.01,-1,-1,-0.01,-1,-1,-0.01,-1,-1,-0.01,-1,-1,-0.01,-1,-1,-0.01,-1,-1,-0.01,-1,-1,-0.01,-1,-1,-0.01,-1,-1
99926009,2026-05-18 10:57:09+05:30,53029.05,0,0.0,0,0.0,0.0,53282.15,53308.4,52783.45,53710.35,0,0.0,0.0,0.0,0.0,-0.01,-1,-1,-0.01,-1,-1,-0.01,-1,-1,-0.01,-1,-1,-0.01,-1,-1,-0.01,-1,-1,-0.01,-1,-1,-0.01,-1,-1,-0.01,-1,-1,-0.01,-1,-1
99926009,2026-05-18 10:57:10+05:30,53028.4,0,0.0,0,0.0,0.0,53282.15,53308.4,52783.45,53710.35,0,0.0,0.0,0.0,0.0,-0.01,-1,-1,-0.01,-1,-1,-0.01,-1,-1,-0.01,-1,-1,-0.01,-1,-1,-0.01,-1,-1,-0.01,-1,-1,-0.01,-1,-1,-0.01,-1,-1,-0.01,-1,-1
99926009,2026-05-18 10:57:10+05:30,53027.15,0,0.0,0,0.0,0.0,53282.15,53308.4,52783.45,53710.35,0,0.0,0.0,0.0,0.0,-0.01,-1,-1,-0.01,-1,-1,-0.01,-1,-1,-0.01,-1,-1,-0.01,-1,-1,-0.01,-1,-1,-0.01,-1,-1,-0.01,-1,-1,-0.01,-1,-1,-0.01,-1,-1
99926009,2026-05-18 10:57:11+05:30,53025.2,0,0.0,0,0.0,0.0,53282.15,53308.4,52783.45,53710.35,0,0.0,0.0,0.0,0.0,-0.01,-1,-1,-0.01,-1,-1,-0.01,-1,-1,-0.01,-1,-1,-0.01,-1,-1,-0.01,-1,-1,-0.01,-1,-1,-0.01,-1,-1,-0.01,-1,-1,-0.01,-1,-1
99926009,2026-05-18 10:57:11+05:30,53025.95,0,0.0,0,0.0,0.0,53282.15,53308.4,52783.45,53710.35,0,0.0,0.0,0.0,0.0,-0.01,-1,-1,-0.01,-1,-1,-0.01,-1,-1,-0.01,-1,-1,-0.01,-1,-1,-0.01,-1,-1,-0.01,-1,-1,-0.01,-1,-1,-0.01,-1,-1,-0.01,-1,-1
99926009,2026-05-18 10:57:12+05:30,53026.4,0,0.0,0,0.0,0.0,53282.15,53308.4,52783.45,53710.35,0,0.0,0.0,0.0,0.0,-0.01,-1,-1,-0.01,-1,-1,-0.01,-1,-1,-0.01,-1,-1,-0.01,-1,-1,-0.01,-1,-1,-0.01,-1,-1,-0.01,-1,-1,-0.01,-1,-1,-0.01,-1,-1
99926009,2026-05-18 10:57:12+05:30,53021.8,0,0.0,0,0.0,0.0,53282.15,53308.4,52783.45,53710.35,0,0.0,0.0,0.0,0.0,-0.01,-1,-1,-0.01,-1,-1,-0.01,-1,-1,-0.01,-1,-1,-0.01,-1,-1,-0.01,-1,-1,-0.01,-1,-1,-0.01,-1,-1,-0.01,-1,-1,-0.01,-1,-1
99926009,2026-05-18 10:57:13+05:30,53022.15,0,0.0,0,0.0,0.0,53282.15,53308.4,52783.45,53710.35,0,0.0,0.0,0.0,0.0,-0.01,-1,-1,-0.01,-1,-1,-0.01,-1,-1,-0.01,-1,-1,-0.01,-1,-1,-0.01,-1,-1,-0.01,-1,-1,-0.01,-1,-1,-0.01,-1,-1,-0.01,-1,-1
99926009,2026-05-18 10:57:13+05:30,53023.5,0,0.0,0,0.0,0.0,53282.15,53308.4,52783.45,53710.35,0,0.0,0.0,0.0,0.0,-0.01,-1,-1,-0.01,-1,-1,-0.01,-1,-1,-0.01,-1,-1,-0.01,-1,-1,-0.01,-1,-1,-0.01,-1,-1,-0.01,-1,-1,-0.01,-1,-1,-0.01,-1,-1
99926009,2026-05-18 10:57:14+05:30,53023.05,0,0.0,0,0.0,0.0,53282.15,53308.4,52783.45,53710.35,0,0.0,0.0,0.0,0.0,-0.01,-1,-1,-0.01,-1,-1,-0.01,-1,-1,-0.01,-1,-1,-0.01,-1,-1,-0.01,-1,-1,-0.01,-1,-1,-0.01,-1,-1,-0.01,-1,-1,-0.01,-1,-1
99926009,2026-05-18 10:57:14+05:30,53018.35,0,0.0,0,0.0,0.0,53282.15,53308.4,52783.45,53710.35,0,0.0,0.0,0.0,0.0,-0.01,-1,-1,-0.01,-1,-1,-0.01,-1,-1,-0.01,-1,-1,-0.01,-1,-1,-0.01,-1,-1,-0.01,-1,-1,-0.01,-1,-1,-0.01,-1,-1,-0.01,-1,-1
99926009,2026-05-18 10:57:15+05:30,53021.45,0,0.0,0,0.0,0.0,53282.15,53308.4,52783.45,53710.35,0,0.0,0.0,0.0,0.0,-0.01,-1,-1,-0.01,-1,-1,-0.01,-1,-1,-0.01,-1,-1,-0.01,-1,-1,-0.01,-1,-1,-0.01,-1,-1,-0.01,-1,-1,-0.01,-1,-1,-0.01,-1,-1
99926009,2026-05-18 10:57:15+05:30,53023.0,0,0.0,0,0.0,0.0,53282.15,53308.4,52783.45,53710.35,0,0.0,0.0,0.0,0.0,-0.01,-1,-1,-0.01,-1,-1,-0.01,-1,-1,-0.01,-1,-1,-0.01,-1,-1,-0.01,-1,-1,-0.01,-1,-1,-0.01,-1,-1,-0.01,-1,-1,-0.01,-1,-1
99926009,2026-05-18 10:57:16+05:30,53021.85,0,0.0,0,0.0,0.0,53282.15,53308.4,52783.45,53710.35,0,0.0,0.0,0.0,0.0,-0.01,-1,-1,-0.01,-1,-1,-0.01,-1,-1,-0.01,-1,-1,-0.01,-1,-1,-0.01,-1,-1,-0.01,-1,-1,-0.01,-1,-1,-0.01,-1,-1,-0.01,-1,-1
99926009,2026-05-18 10:57:16+05:30,53024.75,0,0.0,0,0.0,0.0,53282.15,53308.4,52783.45,53710.35,0,0.0,0.0,0.0,0.0,-0.01,-1,-1,-0.01,-1,-1,-0.01,-1,-1,-0.01,-1,-1,-0.01,-1,-1,-0.01,-1,-1,-0.01,-1,-1,-0.01,-1,-1,-0.01,-1,-1,-0.01,-1,-1
99926009,2026-05-18 10:57:17+05:30,53023.3,0,0.0,0,0.0,0.0,53282.15,53308.4,52783.45,53710.35,0,0.0,0.0,0.0,0.0,-0.01,-1,-1,-0.01,-1,-1,-0.01,-1,-1,-0.01,-1,-1,-0.01,-1,-1,-0.01,-1,-1,-0.01,-1,-1,-0.01,-1,-1,-0.01,-1,-1,-0.01,-1,-1
99926009,2026-05-18 10:57:17+05:30,53023.25,0,0.0,0,0.0,0.0,53282.15,53308.4,52783.45,53710.35,0,0.0,0.0,0.0,0.0,-0.01,-1,-1,-0.01,-1,-1,-0.01,-1,-1,-0.01,-1,-1,-0.01,-1,-1,-0.01,-1,-1,-0.01,-1,-1,-0.01,-1,-1,-0.01,-1,-1,-0.01,-1,-1
99926009,2026-05-18 10:57:18+05:30,53021.7,0,0.0,0,0.0,0.0,53282.15,53308.4,52783.45,53710.35,0,0.0,0.0,0.0,0.0,-0.01,-1,-1,-0.01,-1,-1,-0.01,-1,-1,-0.01,-1,-1,-0.01,-1,-1,-0.01,-1,-1,-0.01,-1,-1,-0.01,-1,-1,-0.01,-1,-1,-0.01,-1,-1
99926009,2026-05-18 10:57:18+05:30,53023.95,0,0.0,0,0.0,0.0,53282.15,53308.4,52783.45,53710.35,0,0.0,0.0,0.0,0.0,-0.01,-1,-1,-0.01,-1,-1,-0.01,-1,-1,-0.01,-1,-1,-0.01,-1,-1,-0.01,-1,-1,-0.01,-1,-1,-0.01,-1,-1,-0.01,-1,-1,-0.01,-1,-1
99926009,2026-05-18 10:57:19+05:30,53023.9,0,0.0,0,0.0,0.0,53282.15,53308.4,52783.45,53710.35,0,0.0,0.0,0.0,0.0,-0.01,-1,-1,-0.01,-1,-1,-0.01,-1,-1,-0.01,-1,-1,-0.01,-1,-1,-0.01,-1,-1,-0.01,-1,-1,-0.01,-1,-1,-0.01,-1,-1,-0.01,-1,-1
99926009,2026-05-18 10:57:19+05:30,53023.0,0,0.0,0,0.0,0.0,53282.15,53308.4,52783.45,53710.35,0,0.0,0.0,0.0,0.0,-0.01,-1,-1,-0.01,-1,-1,-0.01,-1,-1,-0.01,-1,-1,-0.01,-1,-1,-0.01,-1,-1,-0.01,-1,-1,-0.01,-1,-1,-0.01,-1,-1,-0.01,-1,-1
99926009,2026-05-18 10:57:20+05:30,53024.35,0,0.0,0,0.0,0.0,53282.15,53308.4,52783.45,53710.35,0,0.0,0.0,0.0,0.0,-0.01,-1,-1,-0.01,-1,-1,-0.01,-1,-1,-0.01,-1,-1,-0.01,-1,-1,-0.01,-1,-1,-0.01,-1,-1,-0.01,-1,-1,-0.01,-1,-1,-0.01,-1,-1
99926009,2026-05-18 10:57:20+05:30,53023.6,0,0.0,0,0.0,0.0,53282.15,53308.4,52783.45,53710.35,0,0.0,0.0,0.0,0.0,-0.01,-1,-1,-0.01,-1,-1,-0.01,-1,-1,-0.01,-1,-1,-0.01,-1,-1,-0.01,-1,-1,-0.01,-1,-1,-0.01,-1,-1,-0.01,-1,-1,-0.01,-1,-1
99926009,2026-05-18 10:57:21+05:30,53023.3,0,0.0,0,0.0,0.0,53282.15,53308.4,52783.45,53710.35,0,0.0,0.0,0.0,0.0,-0.01,-1,-1,-0.01,-1,-1,-0.01,-1,-1,-0.01,-1,-1,-0.01,-1,-1,-0.01,-1,-1,-0.01,-1,-1,-0.01,-1,-1,-0.01,-1,-1,-0.01,-1,-1
99926009,2026-05-18 10:57:21+05:30,53022.2,0,0.0,0,0.0,0.0,53282.15,53308.4,52783.45,53710.35,0,0.0,0.0,0.0,0.0,-0.01,-1,-1,-0.01,-1,-1,-0.01,-1,-1,-0.01,-1,-1,-0.01,-1,-1,-0.01,-1,-1,-0.01,-1,-1,-0.01,-1,-1,-0.01,-1,-1,-0.01,-1,-1
99926009,2026-05-18 10:57:22+05:30,53022.95,0,0.0,0,0.0,0.0,53282.15,53308.4,52783.45,53710.35,0,0.0,0.0,0.0,0.0,-0.01,-1,-1,-0.01,-1,-1,-0.01,-1,-1,-0.01,-1,-1,-0.01,-1,-1,-0.01,-1,-1,-0.01,-1,-1,-0.01,-1,-1,-0.01,-1,-1,-0.01,-1,-1
99926009,2026-05-18 10:57:22+05:30,53022.95,0,0.0,0,0.0,0.0,53282.15,53308.4,52783.45,53710.35,0,0.0,0.0,0.0,0.0,-0.01,-1,-1,-0.01,-1,-1,-0.01,-1,-1,-0.01,-1,-1,-0.01,-1,-1,-0.01,-1,-1,-0.01,-1,-1,-0.01,-1,-1,-0.01,-1,-1,-0.01,-1,-1
99926009,2026-05-18 10:57:23+05:30,53024.25,0,0.0,0,0.0,0.0,53282.15,53308.4,52783.45,53710.35,0,0.0,0.0,0.0,0.0,-0.01,-1,-1,-0.01,-1,-1,-0.01,-1,-1,-0.01,-1,-1,-0.01,-1,-1,-0.01,-1,-1,-0.01,-1,-1,-0.01,-1,-1,-0.01,-1,-1,-0.01,-1,-1
99926009,2026-05-18 10:57:23+05:30,53027.75,0,0.0,0,0.0,0.0,53282.15,53308.4,52783.45,53710.35,0,0.0,0.0,0.0,0.0,-0.01,-1,-1,-0.01,-1,-1,-0.01,-1,-1,-0.01,-1,-1,-0.01,-1,-1,-0.01,-1,-1,-0.01,-1,-1,-0.01,-1,-1,-0.01,-1,-1,-0.01,-1,-1
99926009,2026-05-18 10:57:24+05:30,53027.1,0,0.0,0,0.0,0.0,53282.15,53308.4,52783.45,53710.35,0,0.0,0.0,0.0,0.0,-0.01,-1,-1,-0.01,-1,-1,-0.01,-1,-1,-0.01,-1,-1,-0.01,-1,-1,-0.01,-1,-1,-0.01,-1,-1,-0.01,-1,-1,-0.01,-1,-1,-0.01,-1,-1
99926009,2026-05-18 10:57:24+05:30,53027.95,0,0.0,0,0.0,0.0,53282.15,53308.4,52783.45,53710.35,0,0.0,0.0,0.0,0.0,-0.01,-1,-1,-0.01,-1,-1,-0.01,-1,-1,-0.01,-1,-1,-0.01,-1,-1,-0.01,-1,-1,-0.01,-1,-1,-0.01,-1,-1,-0.01,-1,-1,-0.01,-1,-1
99926009,2026-05-18 10:57:25+05:30,53028.4,0,0.0,0,0.0,0.0,53282.15,53308.4,52783.45,53710.35,0,0.0,0.0,0.0,0.0,-0.01,-1,-1,-0.01,-1,-1,-0.01,-1,-1,-0.01,-1,-1,-0.01,-1,-1,-0.01,-1,-1,-0.01,-1,-1,-0.01,-1,-1,-0.01,-1,-1,-0.01,-1,-1
99926009,2026-05-18 10:57:25+05:30,53026.4,0,0.0,0,0.0,0.0,53282.15,53308.4,52783.45,53710.35,0,0.0,0.0,0.0,0.0,-0.01,-1,-1,-0.01,-1,-1,-0.01,-1,-1,-0.01,-1,-1,-0.01,-1,-1,-0.01,-1,-1,-0.01,-1,-1,-0.01,-1,-1,-0.01,-1,-1,-0.01,-1,-1
99926009,2026-05-18 10:57:26+05:30,53028.65,0,0.0,0,0.0,0.0,53282.15,53308.4,52783.45,53710.35,0,0.0,0.0,0.0,0.0,-0.01,-1,-1,-0.01,-1,-1,-0.01,-1,-1,-0.01,-1,-1,-0.01,-1,-1,-0.01,-1,-1,-0.01,-1,-1,-0.01,-1,-1,-0.01,-1,-1,-0.01,-1,-1
99926009,2026-05-18 10:57:26+05:30,53028.45,0,0.0,0,0.0,0.0,53282.15,53308.4,52783.45,53710.35,0,0.0,0.0,0.0,0.0,-0.01,-1,-1,-0.01,-1,-1,-0.01,-1,-1,-0.01,-1,-1,-0.01,-1,-1,-0.01,-1,-1,-0.01,-1,-1,-0.01,-1,-1,-0.01,-1,-1,-0.01,-1,-1
99926009,2026-05-18 10:57:27+05:30,53029.25,0,0.0,0,0.0,0.0,53282.15,53308.4,52783.45,53710.35,0,0.0,0.0,0.0,0.0,-0.01,-1,-1,-0.01,-1,-1,-0.01,-1,-1,-0.01,-1,-1,-0.01,-1,-1,-0.01,-1,-1,-0.01,-1,-1,-0.01,-1,-1,-0.01,-1,-1,-0.01,-1,-1
99926009,2026-05-18 10:57:27+05:30,53026.4,0,0.0,0,0.0,0.0,53282.15,53308.4,52783.45,53710.35,0,0.0,0.0,0.0,0.0,-0.01,-1,-1,-0.01,-1,-1,-0.01,-1,-1,-0.01,-1,-1,-0.01,-1,-1,-0.01,-1,-1,-0.01,-1,-1,-0.01,-1,-1,-0.01,-1,-1,-0.01,-1,-1
99926009,2026-05-18 10:57:28+05:30,53027.9,0,0.0,0,0.0,0.0,53282.15,53308.4,52783.45,53710.35,0,0.0,0.0,0.0,0.0,-0.01,-1,-1,-0.01,-1,-1,-0.01,-1,-1,-0.01,-1,-1,-0.01,-1,-1,-0.01,-1,-1,-0.01,-1,-1,-0.01,-1,-1,-0.01,-1,-1,-0.01,-1,-1
99926009,2026-05-18 10:57:28+05:30,53027.05,0,0.0,0,0.0,0.0,53282.15,53308.4,52783.45,53710.35,0,0.0,0.0,0.0,0.0,-0.01,-1,-1,-0.01,-1,-1,-0.01,-1,-1,-0.01,-1,-1,-0.01,-1,-1,-0.01,-1,-1,-0.01,-1,-1,-0.01,-1,-1,-0.01,-1,-1,-0.01,-1,-1
99926009,2026-05-18 10:57:29+05:30,53026.4,0,0.0,0,0.0,0.0,53282.15,53308.4,52783.45,53710.35,0,0.0,0.0,0.0,0.0,-0.01,-1,-1,-0.01,-1,-1,-0.01,-1,-1,-0.01,-1,-1,-0.01,-1,-1,-0.01,-1,-1,-0.01,-1,-1,-0.01,-1,-1,-0.01,-1,-1,-0.01,-1,-1
99926009,2026-05-18 10:57:29+05:30,53027.1,0,0.0,0,0.0,0.0,53282.15,53308.4,52783.45,53710.35,0,0.0,0.0,0.0,0.0,-0.01,-1,-1,-0.01,-1,-1,-0.01,-1,-1,-0.01,-1,-1,-0.01,-1,-1,-0.01,-1,-1,-0.01,-1,-1,-0.01,-1,-1,-0.01,-1,-1,-0.01,-1,-1
99926009,2026-05-18 10:57:30+05:30,53027.35,0,0.0,0,0.0,0.0,53282.15,53308.4,52783.45,53710.35,0,0.0,0.0,0.0,0.0,-0.01,-1,-1,-0.01,-1,-1,-0.01,-1,-1,-0.01,-1,-1,-0.01,-1,-1,-0.01,-1,-1,-0.01,-1,-1,-0.01,-1,-1,-0.01,-1,-1,-0.01,-1,-1
99926009,2026-05-18 10:57:30+05:30,53030.15,0,0.0,0,0.0,0.0,53282.15,53308.4,52783.45,53710.35,0,0.0,0.0,0.0,0.0,-0.01,-1,-1,-0.01,-1,-1,-0.01,-1,-1,-0.01,-1,-1,-0.01,-1,-1,-0.01,-1,-1,-0.01,-1,-1,-0.01,-1,-1,-0.01,-1,-1,-0.01,-1,-1
99926009,2026-05-18 10:57:31+05:30,53030.25,0,0.0,0,0.0,0.0,53282.15,53308.4,52783.45,53710.35,0,0.0,0.0,0.0,0.0,-0.01,-1,-1,-0.01,-1,-1,-0.01,-1,-1,-0.01,-1,-1,-0.01,-1,-1,-0.01,-1,-1,-0.01,-1,-1,-0.01,-1,-1,-0.01,-1,-1,-0.01,-1,-1
99926009,2026-05-18 10:57:31+05:30,53030.9,0,0.0,0,0.0,0.0,53282.15,53308.4,52783.45,53710.35,0,0.0,0.0,0.0,0.0,-0.01,-1,-1,-0.01,-1,-1,-0.01,-1,-1,-0.01,-1,-1,-0.01,-1,-1,-0.01,-1,-1,-0.01,-1,-1,-0.01,-1,-1,-0.01,-1,-1,-0.01,-1,-1
99926009,2026-05-18 10:57:32+05:30,53031.95,0,0.0,0,0.0,0.0,53282.15,53308.4,52783.45,53710.35,0,0.0,0.0,0.0,0.0,-0.01,-1,-1,-0.01,-1,-1,-0.01,-1,-1,-0.01,-1,-1,-0.01,-1,-1,-0.01,-1,-1,-0.01,-1,-1,-0.01,-1,-1,-0.01,-1,-1,-0.01,-1,-1
99926009,2026-05-18 10:57:32+05:30,53035.8,0,0.0,0,0.0,0.0,53282.15,53308.4,52783.45,53710.35,0,0.0,0.0,0.0,0.0,-0.01,-1,-1,-0.01,-1,-1,-0.01,-1,-1,-0.01,-1,-1,-0.01,-1,-1,-0.01,-1,-1,-0.01,-1,-1,-0.01,-1,-1,-0.01,-1,-1,-0.01,-1,-1
99926009,2026-05-18 10:57:33+05:30,53031.15,0,0.0,0,0.0,0.0,53282.15,53308.4,52783.45,53710.35,0,0.0,0.0,0.0,0.0,-0.01,-1,-1,-0.01,-1,-1,-0.01,-1,-1,-0.01,-1,-1,-0.01,-1,-1,-0.01,-1,-1,-0.01,-1,-1,-0.01,-1,-1,-0.01,-1,-1,-0.01,-1,-1
99926009,2026-05-18 10:57:33+05:30,53029.75,0,0.0,0,0.0,0.0,53282.15,53308.4,52783.45,53710.35,0,0.0,0.0,0.0,0.0,-0.01,-1,-1,-0.01,-1,-1,-0.01,-1,-1,-0.01,-1,-1,-0.01,-1,-1,-0.01,-1,-1,-0.01,-1,-1,-0.01,-1,-1,-0.01,-1,-1,-0.01,-1,-1
99926009,2026-05-18 10:57:34+05:30,53027.55,0,0.0,0,0.0,0.0,53282.15,53308.4,52783.45,53710.35,0,0.0,0.0,0.0,0.0,-0.01,-1,-1,-0.01,-1,-1,-0.01,-1,-1,-0.01,-1,-1,-0.01,-1,-1,-0.01,-1,-1,-0.01,-1,-1,-0.01,-1,-1,-0.01,-1,-1,-0.01,-1,-1
99926009,2026-05-18 10:57:34+05:30,53029.1,0,0.0,0,0.0,0.0,53282.15,53308.4,52783.45,53710.35,0,0.0,0.0,0.0,0.0,-0.01,-1,-1,-0.01,-1,-1,-0.01,-1,-1,-0.01,-1,-1,-0.01,-1,-1,-0.01,-1,-1,-0.01,-1,-1,-0.01,-1,-1,-0.01,-1,-1,-0.01,-1,-1
99926009,2026-05-18 10:57:35+05:30,53033.15,0,0.0,0,0.0,0.0,53282.15,53308.4,52783.45,53710.35,0,0.0,0.0,0.0,0.0,-0.01,-1,-1,-0.01,-1,-1,-0.01,-1,-1,-0.01,-1,-1,-0.01,-1,-1,-0.01,-1,-1,-0.01,-1,-1,-0.01,-1,-1,-0.01,-1,-1,-0.01,-1,-1
99926009,2026-05-18 10:57:35+05:30,53032.25,0,0.0,0,0.0,0.0,53282.15,53308.4,52783.45,53710.35,0,0.0,0.0,0.0,0.0,-0.01,-1,-1,-0.01,-1,-1,-0.01,-1,-1,-0.01,-1,-1,-0.01,-1,-1,-0.01,-1,-1,-0.01,-1,-1,-0.01,-1,-1,-0.01,-1,-1,-0.01,-1,-1
99926009,2026-05-18 10:57:36+05:30,53033.7,0,0.0,0,0.0,0.0,53282.15,53308.4,52783.45,53710.35,0,0.0,0.0,0.0,0.0,-0.01,-1,-1,-0.01,-1,-1,-0.01,-1,-1,-0.01,-1,-1,-0.01,-1,-1,-0.01,-1,-1,-0.01,-1,-1,-0.01,-1,-1,-0.01,-1,-1,-0.01,-1,-1
99926009,2026-05-18 10:57:36+05:30,53033.4,0,0.0,0,0.0,0.0,53282.15,53308.4,52783.45,53710.35,0,0.0,0.0,0.0,0.0,-0.01,-1,-1,-0.01,-1,-1,-0.01,-1,-1,-0.01,-1,-1,-0.01,-1,-1,-0.01,-1,-1,-0.01,-1,-1,-0.01,-1,-1,-0.01,-1,-1,-0.01,-1,-1
99926009,2026-05-18 10:57:37+05:30,53032.95,0,0.0,0,0.0,0.0,53282.15,53308.4,52783.45,53710.35,0,0.0,0.0,0.0,0.0,-0.01,-1,-1,-0.01,-1,-1,-0.01,-1,-1,-0.01,-1,-1,-0.01,-1,-1,-0.01,-1,-1,-0.01,-1,-1,-0.01,-1,-1,-0.01,-1,-1,-0.01,-1,-1
99926009,2026-05-18 10:57:37+05:30,53029.0,0,0.0,0,0.0,0.0,53282.15,53308.4,52783.45,53710.35,0,0.0,0.0,0.0,0.0,-0.01,-1,-1,-0.01,-1,-1,-0.01,-1,-1,-0.01,-1,-1,-0.01,-1,-1,-0.01,-1,-1,-0.01,-1,-1,-0.01,-1,-1,-0.01,-1,-1,-0.01,-1,-1
99926009,2026-05-18 10:57:38+05:30,53032.3,0,0.0,0,0.0,0.0,53282.15,53308.4,52783.45,53710.35,0,0.0,0.0,0.0,0.0,-0.01,-1,-1,-0.01,-1,-1,-0.01,-1,-1,-0.01,-1,-1,-0.01,-1,-1,-0.01,-1,-1,-0.01,-1,-1,-0.01,-1,-1,-0.01,-1,-1,-0.01,-1,-1
99926009,2026-05-18 10:57:38+05:30,53028.35,0,0.0,0,0.0,0.0,53282.15,53308.4,52783.45,53710.35,0,0.0,0.0,0.0,0.0,-0.01,-1,-1,-0.01,-1,-1,-0.01,-1,-1,-0.01,-1,-1,-0.01,-1,-1,-0.01,-1,-1,-0.01,-1,-1,-0.01,-1,-1,-0.01,-1,-1,-0.01,-1,-1
99926009,2026-05-18 10:57:39+05:30,53029.75,0,0.0,0,0.0,0.0,53282.15,53308.4,52783.45,53710.35,0,0.0,0.0,0.0,0.0,-0.01,-1,-1,-0.01,-1,-1,-0.01,-1,-1,-0.01,-1,-1,-0.01,-1,-1,-0.01,-1,-1,-0.01,-1,-1,-0.01,-1,-1,-0.01,-1,-1,-0.01,-1,-1
99926009,2026-05-18 10:57:39+05:30,53029.6,0,0.0,0,0.0,0.0,53282.15,53308.4,52783.45,53710.35,0,0.0,0.0,0.0,0.0,-0.01,-1,-1,-0.01,-1,-1,-0.01,-1,-1,-0.01,-1,-1,-0.01,-1,-1,-0.01,-1,-1,-0.01,-1,-1,-0.01,-1,-1,-0.01,-1,-1,-0.01,-1,-1
99926009,2026-05-18 10:57:40+05:30,53029.9,0,0.0,0,0.0,0.0,53282.15,53308.4,52783.45,53710.35,0,0.0,0.0,0.0,0.0,-0.01,-1,-1,-0.01,-1,-1,-0.01,-1,-1,-0.01,-1,-1,-0.01,-1,-1,-0.01,-1,-1,-0.01,-1,-1,-0.01,-1,-1,-0.01,-1,-1,-0.01,-1,-1
99926009,2026-05-18 10:57:40+05:30,53029.9,0,0.0,0,0.0,0.0,53282.15,53308.4,52783.45,53710.35,0,0.0,0.0,0.0,0.0,-0.01,-1,-1,-0.01,-1,-1,-0.01,-1,-1,-0.01,-1,-1,-0.01,-1,-1,-0.01,-1,-1,-0.01,-1,-1,-0.01,-1,-1,-0.01,-1,-1,-0.01,-1,-1
99926009,2026-05-18 10:57:41+05:30,53031.0,0,0.0,0,0.0,0.0,53282.15,53308.4,52783.45,53710.35,0,0.0,0.0,0.0,0.0,-0.01,-1,-1,-0.01,-1,-1,-0.01,-1,-1,-0.01,-1,-1,-0.01,-1,-1,-0.01,-1,-1,-0.01,-1,-1,-0.01,-1,-1,-0.01,-1,-1,-0.01,-1,-1
99926009,2026-05-18 10:57:41+05:30,53031.65,0,0.0,0,0.0,0.0,53282.15,53308.4,52783.45,53710.35,0,0.0,0.0,0.0,0.0,-0.01,-1,-1,-0.01,-1,-1,-0.01,-1,-1,-0.01,-1,-1,-0.01,-1,-1,-0.01,-1,-1,-0.01,-1,-1,-0.01,-1,-1,-0.01,-1,-1,-0.01,-1,-1
99926009,2026-05-18 10:57:42+05:30,53032.15,0,0.0,0,0.0,0.0,53282.15,53308.4,52783.45,53710.35,0,0.0,0.0,0.0,0.0,-0.01,-1,-1,-0.01,-1,-1,-0.01,-1,-1,-0.01,-1,-1,-0.01,-1,-1,-0.01,-1,-1,-0.01,-1,-1,-0.01,-1,-1,-0.01,-1,-1,-0.01,-1,-1
99926009,2026-05-18 10:57:42+05:30,53033.05,0,0.0,0,0.0,0.0,53282.15,53308.4,52783.45,53710.35,0,0.0,0.0,0.0,0.0,-0.01,-1,-1,-0.01,-1,-1,-0.01,-1,-1,-0.01,-1,-1,-0.01,-1,-1,-0.01,-1,-1,-0.01,-1,-1,-0.01,-1,-1,-0.01,-1,-1,-0.01,-1,-1
99926009,2026-05-18 10:57:43+05:30,53032.1,0,0.0,0,0.0,0.0,53282.15,53308.4,52783.45,53710.35,0,0.0,0.0,0.0,0.0,-0.01,-1,-1,-0.01,-1,-1,-0.01,-1,-1,-0.01,-1,-1,-0.01,-1,-1,-0.01,-1,-1,-0.01,-1,-1,-0.01,-1,-1,-0.01,-1,-1,-0.01,-1,-1
99926009,2026-05-18 10:57:43+05:30,53032.6,0,0.0,0,0.0,0.0,53282.15,53308.4,52783.45,53710.35,0,0.0,0.0,0.0,0.0,-0.01,-1,-1,-0.01,-1,-1,-0.01,-1,-1,-0.01,-1,-1,-0.01,-1,-1,-0.01,-1,-1,-0.01,-1,-1,-0.01,-1,-1,-0.01,-1,-1,-0.01,-1,-1
99926009,2026-05-18 10:57:44+05:30,53033.15,0,0.0,0,0.0,0.0,53282.15,53308.4,52783.45,53710.35,0,0.0,0.0,0.0,0.0,-0.01,-1,-1,-0.01,-1,-1,-0.01,-1,-1,-0.01,-1,-1,-0.01,-1,-1,-0.01,-1,-1,-0.01,-1,-1,-0.01,-1,-1,-0.01,-1,-1,-0.01,-1,-1
99926009,2026-05-18 10:57:44+05:30,53027.3,0,0.0,0,0.0,0.0,53282.15,53308.4,52783.45,53710.35,0,0.0,0.0,0.0,0.0,-0.01,-1,-1,-0.01,-1,-1,-0.01,-1,-1,-0.01,-1,-1,-0.01,-1,-1,-0.01,-1,-1,-0.01,-1,-1,-0.01,-1,-1,-0.01,-1,-1,-0.01,-1,-1
99926009,2026-05-18 10:57:45+05:30,53030.55,0,0.0,0,0.0,0.0,53282.15,53308.4,52783.45,53710.35,0,0.0,0.0,0.0,0.0,-0.01,-1,-1,-0.01,-1,-1,-0.01,-1,-1,-0.01,-1,-1,-0.01,-1,-1,-0.01,-1,-1,-0.01,-1,-1,-0.01,-1,-1,-0.01,-1,-1,-0.01,-1,-1
99926009,2026-05-18 10:57:45+05:30,53031.2,0,0.0,0,0.0,0.0,53282.15,53308.4,52783.45,53710.35,0,0.0,0.0,0.0,0.0,-0.01,-1,-1,-0.01,-1,-1,-0.01,-1,-1,-0.01,-1,-1,-0.01,-1,-1,-0.01,-1,-1,-0.01,-1,-1,-0.01,-1,-1,-0.01,-1,-1,-0.01,-1,-1
99926009,2026-05-18 10:57:46+05:30,53030.75,0,0.0,0,0.0,0.0,53282.15,53308.4,52783.45,53710.35,0,0.0,0.0,0.0,0.0,-0.01,-1,-1,-0.01,-1,-1,-0.01,-1,-1,-0.01,-1,-1,-0.01,-1,-1,-0.01,-1,-1,-0.01,-1,-1,-0.01,-1,-1,-0.01,-1,-1,-0.01,-1,-1
99926009,2026-05-18 10:57:46+05:30,53026.4,0,0.0,0,0.0,0.0,53282.15,53308.4,52783.45,53710.35,0,0.0,0.0,0.0,0.0,-0.01,-1,-1,-0.01,-1,-1,-0.01,-1,-1,-0.01,-1,-1,-0.01,-1,-1,-0.01,-1,-1,-0.01,-1,-1,-0.01,-1,-1,-0.01,-1,-1,-0.01,-1,-1
99926009,2026-05-18 10:57:47+05:30,53028.1,0,0.0,0,0.0,0.0,53282.15,53308.4,52783.45,53710.35,0,0.0,0.0,0.0,0.0,-0.01,-1,-1,-0.01,-1,-1,-0.01,-1,-1,-0.01,-1,-1,-0.01,-1,-1,-0.01,-1,-1,-0.01,-1,-1,-0.01,-1,-1,-0.01,-1,-1,-0.01,-1,-1
99926009,2026-05-18 10:57:47+05:30,53027.35,0,0.0,0,0.0,0.0,53282.15,53308.4,52783.45,53710.35,0,0.0,0.0,0.0,0.0,-0.01,-1,-1,-0.01,-1,-1,-0.01,-1,-1,-0.01,-1,-1,-0.01,-1,-1,-0.01,-1,-1,-0.01,-1,-1,-0.01,-1,-1,-0.01,-1,-1,-0.01,-1,-1
99926009,2026-05-18 10:57:48+05:30,53025.75,0,0.0,0,0.0,0.0,53282.15,53308.4,52783.45,53710.35,0,0.0,0.0,0.0,0.0,-0.01,-1,-1,-0.01,-1,-1,-0.01,-1,-1,-0.01,-1,-1,-0.01,-1,-1,-0.01,-1,-1,-0.01,-1,-1,-0.01,-1,-1,-0.01,-1,-1,-0.01,-1,-1
99926009,2026-05-18 10:57:48+05:30,53025.65,0,0.0,0,0.0,0.0,53282.15,53308.4,52783.45,53710.35,0,0.0,0.0,0.0,0.0,-0.01,-1,-1,-0.01,-1,-1,-0.01,-1,-1,-0.01,-1,-1,-0.01,-1,-1,-0.01,-1,-1,-0.01,-1,-1,-0.01,-1,-1,-0.01,-1,-1,-0.01,-1,-1
99926009,2026-05-18 10:57:49+05:30,53028.55,0,0.0,0,0.0,0.0,53282.15,53308.4,52783.45,53710.35,0,0.0,0.0,0.0,0.0,-0.01,-1,-1,-0.01,-1,-1,-0.01,-1,-1,-0.01,-1,-1,-0.01,-1,-1,-0.01,-1,-1,-0.01,-1,-1,-0.01,-1,-1,-0.01,-1,-1,-0.01,-1,-1
99926009,2026-05-18 10:57:49+05:30,53027.8,0,0.0,0,0.0,0.0,53282.15,53308.4,52783.45,53710.35,0,0.0,0.0,0.0,0.0,-0.01,-1,-1,-0.01,-1,-1,-0.01,-1,-1,-0.01,-1,-1,-0.01,-1,-1,-0.01,-1,-1,-0.01,-1,-1,-0.01,-1,-1,-0.01,-1,-1,-0.01,-1,-1
99926009,2026-05-18 10:57:50+05:30,53026.55,0,0.0,0,0.0,0.0,53282.15,53308.4,52783.45,53710.35,0,0.0,0.0,0.0,0.0,-0.01,-1,-1,-0.01,-1,-1,-0.01,-1,-1,-0.01,-1,-1,-0.01,-1,-1,-0.01,-1,-1,-0.01,-1,-1,-0.01,-1,-1,-0.01,-1,-1,-0.01,-1,-1
99926009,2026-05-18 10:57:50+05:30,53026.4,0,0.0,0,0.0,0.0,53282.15,53308.4,52783.45,53710.35,0,0.0,0.0,0.0,0.0,-0.01,-1,-1,-0.01,-1,-1,-0.01,-1,-1,-0.01,-1,-1,-0.01,-1,-1,-0.01,-1,-1,-0.01,-1,-1,-0.01,-1,-1,-0.01,-1,-1,-0.01,-1,-1
99926009,2026-05-18 10:57:51+05:30,53026.7,0,0.0,0,0.0,0.0,53282.15,53308.4,52783.45,53710.35,0,0.0,0.0,0.0,0.0,-0.01,-1,-1,-0.01,-1,-1,-0.01,-1,-1,-0.01,-1,-1,-0.01,-1,-1,-0.01,-1,-1,-0.01,-1,-1,-0.01,-1,-1,-0.01,-1,-1,-0.01,-1,-1
99926009,2026-05-18 10:57:51+05:30,53026.1,0,0.0,0,0.0,0.0,53282.15,53308.4,52783.45,53710.35,0,0.0,0.0,0.0,0.0,-0.01,-1,-1,-0.01,-1,-1,-0.01,-1,-1,-0.01,-1,-1,-0.01,-1,-1,-0.01,-1,-1,-0.01,-1,-1,-0.01,-1,-1,-0.01,-1,-1,-0.01,-1,-1
99926009,2026-05-18 10:57:52+05:30,53022.2,0,0.0,0,0.0,0.0,53282.15,53308.4,52783.45,53710.35,0,0.0,0.0,0.0,0.0,-0.01,-1,-1,-0.01,-1,-1,-0.01,-1,-1,-0.01,-1,-1,-0.01,-1,-1,-0.01,-1,-1,-0.01,-1,-1,-0.01,-1,-1,-0.01,-1,-1,-0.01,-1,-1
99926009,2026-05-18 10:57:52+05:30,53022.9,0,0.0,0,0.0,0.0,53282.15,53308.4,52783.45,53710.35,0,0.0,0.0,0.0,0.0,-0.01,-1,-1,-0.01,-1,-1,-0.01,-1,-1,-0.01,-1,-1,-0.01,-1,-1,-0.01,-1,-1,-0.01,-1,-1,-0.01,-1,-1,-0.01,-1,-1,-0.01,-1,-1
99926009,2026-05-18 10:57:53+05:30,53021.5,0,0.0,0,0.0,0.0,53282.15,53308.4,52783.45,53710.35,0,0.0,0.0,0.0,0.0,-0.01,-1,-1,-0.01,-1,-1,-0.01,-1,-1,-0.01,-1,-1,-0.01,-1,-1,-0.01,-1,-1,-0.01,-1,-1,-0.01,-1,-1,-0.01,-1,-1,-0.01,-1,-1
99926009,2026-05-18 10:57:53+05:30,53021.15,0,0.0,0,0.0,0.0,53282.15,53308.4,52783.45,53710.35,0,0.0,0.0,0.0,0.0,-0.01,-1,-1,-0.01,-1,-1,-0.01,-1,-1,-0.01,-1,-1,-0.01,-1,-1,-0.01,-1,-1,-0.01,-1,-1,-0.01,-1,-1,-0.01,-1,-1,-0.01,-1,-1
99926009,2026-05-18 10:57:54+05:30,53021.1,0,0.0,0,0.0,0.0,53282.15,53308.4,52783.45,53710.35,0,0.0,0.0,0.0,0.0,-0.01,-1,-1,-0.01,-1,-1,-0.01,-1,-1,-0.01,-1,-1,-0.01,-1,-1,-0.01,-1,-1,-0.01,-1,-1,-0.01,-1,-1,-0.01,-1,-1,-0.01,-1,-1
99926009,2026-05-18 10:57:54+05:30,53016.75,0,0.0,0,0.0,0.0,53282.15,53308.4,52783.45,53710.35,0,0.0,0.0,0.0,0.0,-0.01,-1,-1,-0.01,-1,-1,-0.01,-1,-1,-0.01,-1,-1,-0.01,-1,-1,-0.01,-1,-1,-0.01,-1,-1,-0.01,-1,-1,-0.01,-1,-1,-0.01,-1,-1
99926009,2026-05-18 10:57:55+05:30,53022.7,0,0.0,0,0.0,0.0,53282.15,53308.4,52783.45,53710.35,0,0.0,0.0,0.0,0.0,-0.01,-1,-1,-0.01,-1,-1,-0.01,-1,-1,-0.01,-1,-1,-0.01,-1,-1,-0.01,-1,-1,-0.01,-1,-1,-0.01,-1,-1,-0.01,-1,-1,-0.01,-1,-1
99926009,2026-05-18 10:57:55+05:30,53022.95,0,0.0,0,0.0,0.0,53282.15,53308.4,52783.45,53710.35,0,0.0,0.0,0.0,0.0,-0.01,-1,-1,-0.01,-1,-1,-0.01,-1,-1,-0.01,-1,-1,-0.01,-1,-1,-0.01,-1,-1,-0.01,-1,-1,-0.01,-1,-1,-0.01,-1,-1,-0.01,-1,-1
99926009,2026-05-18 10:57:56+05:30,53023.05,0,0.0,0,0.0,0.0,53282.15,53308.4,52783.45,53710.35,0,0.0,0.0,0.0,0.0,-0.01,-1,-1,-0.01,-1,-1,-0.01,-1,-1,-0.01,-1,-1,-0.01,-1,-1,-0.01,-1,-1,-0.01,-1,-1,-0.01,-1,-1,-0.01,-1,-1,-0.01,-1,-1
99926009,2026-05-18 10:57:56+05:30,53023.55,0,0.0,0,0.0,0.0,53282.15,53308.4,52783.45,53710.35,0,0.0,0.0,0.0,0.0,-0.01,-1,-1,-0.01,-1,-1,-0.01,-1,-1,-0.01,-1,-1,-0.01,-1,-1,-0.01,-1,-1,-0.01,-1,-1,-0.01,-1,-1,-0.01,-1,-1,-0.01,-1,-1
99926009,2026-05-18 10:57:57+05:30,53024.6,0,0.0,0,0.0,0.0,53282.15,53308.4,52783.45,53710.35,0,0.0,0.0,0.0,0.0,-0.01,-1,-1,-0.01,-1,-1,-0.01,-1,-1,-0.01,-1,-1,-0.01,-1,-1,-0.01,-1,-1,-0.01,-1,-1,-0.01,-1,-1,-0.01,-1,-1,-0.01,-1,-1
99926009,2026-05-18 10:57:57+05:30,53023.15,0,0.0,0,0.0,0.0,53282.15,53308.4,52783.45,53710.35,0,0.0,0.0,0.0,0.0,-0.01,-1,-1,-0.01,-1,-1,-0.01,-1,-1,-0.01,-1,-1,-0.01,-1,-1,-0.01,-1,-1,-0.01,-1,-1,-0.01,-1,-1,-0.01,-1,-1,-0.01,-1,-1
99926009,2026-05-18 10:57:58+05:30,53021.95,0,0.0,0,0.0,0.0,53282.15,53308.4,52783.45,53710.35,0,0.0,0.0,0.0,0.0,-0.01,-1,-1,-0.01,-1,-1,-0.01,-1,-1,-0.01,-1,-1,-0.01,-1,-1,-0.01,-1,-1,-0.01,-1,-1,-0.01,-1,-1,-0.01,-1,-1,-0.01,-1,-1
99926009,2026-05-18 10:57:58+05:30,53019.3,0,0.0,0,0.0,0.0,53282.15,53308.4,52783.45,53710.35,0,0.0,0.0,0.0,0.0,-0.01,-1,-1,-0.01,-1,-1,-0.01,-1,-1,-0.01,-1,-1,-0.01,-1,-1,-0.01,-1,-1,-0.01,-1,-1,-0.01,-1,-1,-0.01,-1,-1,-0.01,-1,-1
99926009,2026-05-18 10:57:59+05:30,53021.8,0,0.0,0,0.0,0.0,53282.15,53308.4,52783.45,53710.35,0,0.0,0.0,0.0,0.0,-0.01,-1,-1,-0.01,-1,-1,-0.01,-1,-1,-0.01,-1,-1,-0.01,-1,-1,-0.01,-1,-1,-0.01,-1,-1,-0.01,-1,-1,-0.01,-1,-1,-0.01,-1,-1
99926009,2026-05-18 10:57:59+05:30,53018.6,0,0.0,0,0.0,0.0,53282.15,53308.4,52783.45,53710.35,0,0.0,0.0,0.0,0.0,-0.01,-1,-1,-0.01,-1,-1,-0.01,-1,-1,-0.01,-1,-1,-0.01,-1,-1,-0.01,-1,-1,-0.01,-1,-1,-0.01,-1,-1,-0.01,-1,-1,-0.01,-1,-1
99926009,2026-05-18 10:58:00+05:30,53019.3,0,0.0,0,0.0,0.0,53282.15,53308.4,52783.45,53710.35,0,0.0,0.0,0.0,0.0,-0.01,-1,-1,-0.01,-1,-1,-0.01,-1,-1,-0.01,-1,-1,-0.01,-1,-1,-0.01,-1,-1,-0.01,-1,-1,-0.01,-1,-1,-0.01,-1,-1,-0.01,-1,-1
99926009,2026-05-18 10:58:00+05:30,53017.6,0,0.0,0,0.0,0.0,53282.15,53308.4,52783.45,53710.35,0,0.0,0.0,0.0,0.0,-0.01,-1,-1,-0.01,-1,-1,-0.01,-1,-1,-0.01,-1,-1,-0.01,-1,-1,-0.01,-1,-1,-0.01,-1,-1,-0.01,-1,-1,-0.01,-1,-1,-0.01,-1,-1
99926009,2026-05-18 10:58:01+05:30,53018.9,0,0.0,0,0.0,0.0,53282.15,53308.4,52783.45,53710.35,0,0.0,0.0,0.0,0.0,-0.01,-1,-1,-0.01,-1,-1,-0.01,-1,-1,-0.01,-1,-1,-0.01,-1,-1,-0.01,-1,-1,-0.01,-1,-1,-0.01,-1,-1,-0.01,-1,-1,-0.01,-1,-1
99926009,2026-05-18 10:58:01+05:30,53013.45,0,0.0,0,0.0,0.0,53282.15,53308.4,52783.45,53710.35,0,0.0,0.0,0.0,0.0,-0.01,-1,-1,-0.01,-1,-1,-0.01,-1,-1,-0.01,-1,-1,-0.01,-1,-1,-0.01,-1,-1,-0.01,-1,-1,-0.01,-1,-1,-0.01,-1,-1,-0.01,-1,-1
99926009,2026-05-18 10:58:02+05:30,53017.75,0,0.0,0,0.0,0.0,53282.15,53308.4,52783.45,53710.35,0,0.0,0.0,0.0,0.0,-0.01,-1,-1,-0.01,-1,-1,-0.01,-1,-1,-0.01,-1,-1,-0.01,-1,-1,-0.01,-1,-1,-0.01,-1,-1,-0.01,-1,-1,-0.01,-1,-1,-0.01,-1,-1
99926009,2026-05-18 10:58:02+05:30,53017.15,0,0.0,0,0.0,0.0,53282.15,53308.4,52783.45,53710.35,0,0.0,0.0,0.0,0.0,-0.01,-1,-1,-0.01,-1,-1,-0.01,-1,-1,-0.01,-1,-1,-0.01,-1,-1,-0.01,-1,-1,-0.01,-1,-1,-0.01,-1,-1,-0.01,-1,-1,-0.01,-1,-1
99926009,2026-05-18 10:58:03+05:30,53017.1,0,0.0,0,0.0,0.0,53282.15,53308.4,52783.45,53710.35,0,0.0,0.0,0.0,0.0,-0.01,-1,-1,-0.01,-1,-1,-0.01,-1,-1,-0.01,-1,-1,-0.01,-1,-1,-0.01,-1,-1,-0.01,-1,-1,-0.01,-1,-1,-0.01,-1,-1,-0.01,-1,-1
99926009,2026-05-18 10:58:03+05:30,53017.0,0,0.0,0,0.0,0.0,53282.15,53308.4,52783.45,53710.35,0,0.0,0.0,0.0,0.0,-0.01,-1,-1,-0.01,-1,-1,-0.01,-1,-1,-0.01,-1,-1,-0.01,-1,-1,-0.01,-1,-1,-0.01,-1,-1,-0.01,-1,-1,-0.01,-1,-1,-0.01,-1,-1
99926009,2026-05-18 10:58:04+05:30,53015.2,0,0.0,0,0.0,0.0,53282.15,53308.4,52783.45,53710.35,0,0.0,0.0,0.0,0.0,-0.01,-1,-1,-0.01,-1,-1,-0.01,-1,-1,-0.01,-1,-1,-0.01,-1,-1,-0.01,-1,-1,-0.01,-1,-1,-0.01,-1,-1,-0.01,-1,-1,-0.01,-1,-1
99926009,2026-05-18 10:58:04+05:30,53014.6,0,0.0,0,0.0,0.0,53282.15,53308.4,52783.45,53710.35,0,0.0,0.0,0.0,0.0,-0.01,-1,-1,-0.01,-1,-1,-0.01,-1,-1,-0.01,-1,-1,-0.01,-1,-1,-0.01,-1,-1,-0.01,-1,-1,-0.01,-1,-1,-0.01,-1,-1,-0.01,-1,-1
99926009,2026-05-18 10:58:05+05:30,53019.65,0,0.0,0,0.0,0.0,53282.15,53308.4,52783.45,53710.35,0,0.0,0.0,0.0,0.0,-0.01,-1,-1,-0.01,-1,-1,-0.01,-1,-1,-0.01,-1,-1,-0.01,-1,-1,-0.01,-1,-1,-0.01,-1,-1,-0.01,-1,-1,-0.01,-1,-1,-0.01,-1,-1
99926009,2026-05-18 10:58:05+05:30,53018.05,0,0.0,0,0.0,0.0,53282.15,53308.4,52783.45,53710.35,0,0.0,0.0,0.0,0.0,-0.01,-1,-1,-0.01,-1,-1,-0.01,-1,-1,-0.01,-1,-1,-0.01,-1,-1,-0.01,-1,-1,-0.01,-1,-1,-0.01,-1,-1,-0.01,-1,-1,-0.01,-1,-1
99926009,2026-05-18 10:58:06+05:30,53019.9,0,0.0,0,0.0,0.0,53282.15,53308.4,52783.45,53710.35,0,0.0,0.0,0.0,0.0,-0.01,-1,-1,-0.01,-1,-1,-0.01,-1,-1,-0.01,-1,-1,-0.01,-1,-1,-0.01,-1,-1,-0.01,-1,-1,-0.01,-1,-1,-0.01,-1,-1,-0.01,-1,-1
99926009,2026-05-18 10:58:06+05:30,53019.0,0,0.0,0,0.0,0.0,53282.15,53308.4,52783.45,53710.35,0,0.0,0.0,0.0,0.0,-0.01,-1,-1,-0.01,-1,-1,-0.01,-1,-1,-0.01,-1,-1,-0.01,-1,-1,-0.01,-1,-1,-0.01,-1,-1,-0.01,-1,-1,-0.01,-1,-1,-0.01,-1,-1
99926009,2026-05-18 10:58:07+05:30,53018.2,0,0.0,0,0.0,0.0,53282.15,53308.4,52783.45,53710.35,0,0.0,0.0,0.0,0.0,-0.01,-1,-1,-0.01,-1,-1,-0.01,-1,-1,-0.01,-1,-1,-0.01,-1,-1,-0.01,-1,-1,-0.01,-1,-1,-0.01,-1,-1,-0.01,-1,-1,-0.01,-1,-1
99926009,2026-05-18 10:58:07+05:30,53019.3,0,0.0,0,0.0,0.0,53282.15,53308.4,52783.45,53710.35,0,0.0,0.0,0.0,0.0,-0.01,-1,-1,-0.01,-1,-1,-0.01,-1,-1,-0.01,-1,-1,-0.01,-1,-1,-0.01,-1,-1,-0.01,-1,-1,-0.01,-1,-1,-0.01,-1,-1,-0.01,-1,-1
99926009,2026-05-18 10:58:08+05:30,53022.45,0,0.0,0,0.0,0.0,53282.15,53308.4,52783.45,53710.35,0,0.0,0.0,0.0,0.0,-0.01,-1,-1,-0.01,-1,-1,-0.01,-1,-1,-0.01,-1,-1,-0.01,-1,-1,-0.01,-1,-1,-0.01,-1,-1,-0.01,-1,-1,-0.01,-1,-1,-0.01,-1,-1
99926009,2026-05-18 10:58:08+05:30,53022.25,0,0.0,0,0.0,0.0,53282.15,53308.4,52783.45,53710.35,0,0.0,0.0,0.0,0.0,-0.01,-1,-1,-0.01,-1,-1,-0.01,-1,-1,-0.01,-1,-1,-0.01,-1,-1,-0.01,-1,-1,-0.01,-1,-1,-0.01,-1,-1,-0.01,-1,-1,-0.01,-1,-1
99926009,2026-05-18 10:58:09+05:30,53023.45,0,0.0,0,0.0,0.0,53282.15,53308.4,52783.45,53710.35,0,0.0,0.0,0.0,0.0,-0.01,-1,-1,-0.01,-1,-1,-0.01,-1,-1,-0.01,-1,-1,-0.01,-1,-1,-0.01,-1,-1,-0.01,-1,-1,-0.01,-1,-1,-0.01,-1,-1,-0.01,-1,-1
99926009,2026-05-18 10:58:09+05:30,53023.8,0,0.0,0,0.0,0.0,53282.15,53308.4,52783.45,53710.35,0,0.0,0.0,0.0,0.0,-0.01,-1,-1,-0.01,-1,-1,-0.01,-1,-1,-0.01,-1,-1,-0.01,-1,-1,-0.01,-1,-1,-0.01,-1,-1,-0.01,-1,-1,-0.01,-1,-1,-0.01,-1,-1
99926009,2026-05-18 10:58:10+05:30,53026.9,0,0.0,0,0.0,0.0,53282.15,53308.4,52783.45,53710.35,0,0.0,0.0,0.0,0.0,-0.01,-1,-1,-0.01,-1,-1,-0.01,-1,-1,-0.01,-1,-1,-0.01,-1,-1,-0.01,-1,-1,-0.01,-1,-1,-0.01,-1,-1,-0.01,-1,-1,-0.01,-1,-1
99926009,2026-05-18 10:58:10+05:30,53024.0,0,0.0,0,0.0,0.0,53282.15,53308.4,52783.45,53710.35,0,0.0,0.0,0.0,0.0,-0.01,-1,-1,-0.01,-1,-1,-0.01,-1,-1,-0.01,-1,-1,-0.01,-1,-1,-0.01,-1,-1,-0.01,-1,-1,-0.01,-1,-1,-0.01,-1,-1,-0.01,-1,-1
99926009,2026-05-18 10:58:11+05:30,53027.95,0,0.0,0,0.0,0.0,53282.15,53308.4,52783.45,53710.35,0,0.0,0.0,0.0,0.0,-0.01,-1,-1,-0.01,-1,-1,-0.01,-1,-1,-0.01,-1,-1,-0.01,-1,-1,-0.01,-1,-1,-0.01,-1,-1,-0.01,-1,-1,-0.01,-1,-1,-0.01,-1,-1
99926009,2026-05-18 10:58:11+05:30,53026.3,0,0.0,0,0.0,0.0,53282.15,53308.4,52783.45,53710.35,0,0.0,0.0,0.0,0.0,-0.01,-1,-1,-0.01,-1,-1,-0.01,-1,-1,-0.01,-1,-1,-0.01,-1,-1,-0.01,-1,-1,-0.01,-1,-1,-0.01,-1,-1,-0.01,-1,-1,-0.01,-1,-1
99926009,2026-05-18 10:58:12+05:30,53029.5,0,0.0,0,0.0,0.0,53282.15,53308.4,52783.45,53710.35,0,0.0,0.0,0.0,0.0,-0.01,-1,-1,-0.01,-1,-1,-0.01,-1,-1,-0.01,-1,-1,-0.01,-1,-1,-0.01,-1,-1,-0.01,-1,-1,-0.01,-1,-1,-0.01,-1,-1,-0.01,-1,-1
99926009,2026-05-18 10:58:12+05:30,53027.7,0,0.0,0,0.0,0.0,53282.15,53308.4,52783.45,53710.35,0,0.0,0.0,0.0,0.0,-0.01,-1,-1,-0.01,-1,-1,-0.01,-1,-1,-0.01,-1,-1,-0.01,-1,-1,-0.01,-1,-1,-0.01,-1,-1,-0.01,-1,-1,-0.01,-1,-1,-0.01,-1,-1
99926009,2026-05-18 10:58:13+05:30,53028.4,0,0.0,0,0.0,0.0,53282.15,53308.4,52783.45,53710.35,0,0.0,0.0,0.0,0.0,-0.01,-1,-1,-0.01,-1,-1,-0.01,-1,-1,-0.01,-1,-1,-0.01,-1,-1,-0.01,-1,-1,-0.01,-1,-1,-0.01,-1,-1,-0.01,-1,-1,-0.01,-1,-1
99926009,2026-05-18 10:58:13+05:30,53028.35,0,0.0,0,0.0,0.0,53282.15,53308.4,52783.45,53710.35,0,0.0,0.0,0.0,0.0,-0.01,-1,-1,-0.01,-1,-1,-0.01,-1,-1,-0.01,-1,-1,-0.01,-1,-1,-0.01,-1,-1,-0.01,-1,-1,-0.01,-1,-1,-0.01,-1,-1,-0.01,-1,-1
99926009,2026-05-18 10:58:14+05:30,53030.15,0,0.0,0,0.0,0.0,53282.15,53308.4,52783.45,53710.35,0,0.0,0.0,0.0,0.0,-0.01,-1,-1,-0.01,-1,-1,-0.01,-1,-1,-0.01,-1,-1,-0.01,-1,-1,-0.01,-1,-1,-0.01,-1,-1,-0.01,-1,-1,-0.01,-1,-1,-0.01,-1,-1
99926009,2026-05-18 10:58:14+05:30,53028.1,0,0.0,0,0.0,0.0,53282.15,53308.4,52783.45,53710.35,0,0.0,0.0,0.0,0.0,-0.01,-1,-1,-0.01,-1,-1,-0.01,-1,-1,-0.01,-1,-1,-0.01,-1,-1,-0.01,-1,-1,-0.01,-1,-1,-0.01,-1,-1,-0.01,-1,-1,-0.01,-1,-1
99926009,2026-05-18 10:58:15+05:30,53029.7,0,0.0,0,0.0,0.0,53282.15,53308.4,52783.45,53710.35,0,0.0,0.0,0.0,0.0,-0.01,-1,-1,-0.01,-1,-1,-0.01,-1,-1,-0.01,-1,-1,-0.01,-1,-1,-0.01,-1,-1,-0.01,-1,-1,-0.01,-1,-1,-0.01,-1,-1,-0.01,-1,-1
99926009,2026-05-18 10:58:15+05:30,53031.5,0,0.0,0,0.0,0.0,53282.15,53308.4,52783.45,53710.35,0,0.0,0.0,0.0,0.0,-0.01,-1,-1,-0.01,-1,-1,-0.01,-1,-1,-0.01,-1,-1,-0.01,-1,-1,-0.01,-1,-1,-0.01,-1,-1,-0.01,-1,-1,-0.01,-1,-1,-0.01,-1,-1
99926009,2026-05-18 10:58:16+05:30,53030.4,0,0.0,0,0.0,0.0,53282.15,53308.4,52783.45,53710.35,0,0.0,0.0,0.0,0.0,-0.01,-1,-1,-0.01,-1,-1,-0.01,-1,-1,-0.01,-1,-1,-0.01,-1,-1,-0.01,-1,-1,-0.01,-1,-1,-0.01,-1,-1,-0.01,-1,-1,-0.01,-1,-1
99926009,2026-05-18 10:58:16+05:30,53030.2,0,0.0,0,0.0,0.0,53282.15,53308.4,52783.45,53710.35,0,0.0,0.0,0.0,0.0,-0.01,-1,-1,-0.01,-1,-1,-0.01,-1,-1,-0.01,-1,-1,-0.01,-1,-1,-0.01,-1,-1,-0.01,-1,-1,-0.01,-1,-1,-0.01,-1,-1,-0.01,-1,-1
99926009,2026-05-18 10:58:17+05:30,53029.1,0,0.0,0,0.0,0.0,53282.15,53308.4,52783.45,53710.35,0,0.0,0.0,0.0,0.0,-0.01,-1,-1,-0.01,-1,-1,-0.01,-1,-1,-0.01,-1,-1,-0.01,-1,-1,-0.01,-1,-1,-0.01,-1,-1,-0.01,-1,-1,-0.01,-1,-1,-0.01,-1,-1
99926009,2026-05-18 10:58:17+05:30,53029.75,0,0.0,0,0.0,0.0,53282.15,53308.4,52783.45,53710.35,0,0.0,0.0,0.0,0.0,-0.01,-1,-1,-0.01,-1,-1,-0.01,-1,-1,-0.01,-1,-1,-0.01,-1,-1,-0.01,-1,-1,-0.01,-1,-1,-0.01,-1,-1,-0.01,-1,-1,-0.01,-1,-1
99926009,2026-05-18 10:58:18+05:30,53026.05,0,0.0,0,0.0,0.0,53282.15,53308.4,52783.45,53710.35,0,0.0,0.0,0.0,0.0,-0.01,-1,-1,-0.01,-1,-1,-0.01,-1,-1,-0.01,-1,-1,-0.01,-1,-1,-0.01,-1,-1,-0.01,-1,-1,-0.01,-1,-1,-0.01,-1,-1,-0.01,-1,-1
99926009,2026-05-18 10:58:18+05:30,53027.25,0,0.0,0,0.0,0.0,53282.15,53308.4,52783.45,53710.35,0,0.0,0.0,0.0,0.0,-0.01,-1,-1,-0.01,-1,-1,-0.01,-1,-1,-0.01,-1,-1,-0.01,-1,-1,-0.01,-1,-1,-0.01,-1,-1,-0.01,-1,-1,-0.01,-1,-1,-0.01,-1,-1
99926009,2026-05-18 10:58:19+05:30,53027.5,0,0.0,0,0.0,0.0,53282.15,53308.4,52783.45,53710.35,0,0.0,0.0,0.0,0.0,-0.01,-1,-1,-0.01,-1,-1,-0.01,-1,-1,-0.01,-1,-1,-0.01,-1,-1,-0.01,-1,-1,-0.01,-1,-1,-0.01,-1,-1,-0.01,-1,-1,-0.01,-1,-1
99926009,2026-05-18 10:58:19+05:30,53024.05,0,0.0,0,0.0,0.0,53282.15,53308.4,52783.45,53710.35,0,0.0,0.0,0.0,0.0,-0.01,-1,-1,-0.01,-1,-1,-0.01,-1,-1,-0.01,-1,-1,-0.01,-1,-1,-0.01,-1,-1,-0.01,-1,-1,-0.01,-1,-1,-0.01,-1,-1,-0.01,-1,-1
99926009,2026-05-18 10:58:20+05:30,53027.9,0,0.0,0,0.0,0.0,53282.15,53308.4,52783.45,53710.35,0,0.0,0.0,0.0,0.0,-0.01,-1,-1,-0.01,-1,-1,-0.01,-1,-1,-0.01,-1,-1,-0.01,-1,-1,-0.01,-1,-1,-0.01,-1,-1,-0.01,-1,-1,-0.01,-1,-1,-0.01,-1,-1
99926009,2026-05-18 10:58:20+05:30,53026.35,0,0.0,0,0.0,0.0,53282.15,53308.4,52783.45,53710.35,0,0.0,0.0,0.0,0.0,-0.01,-1,-1,-0.01,-1,-1,-0.01,-1,-1,-0.01,-1,-1,-0.01,-1,-1,-0.01,-1,-1,-0.01,-1,-1,-0.01,-1,-1,-0.01,-1,-1,-0.01,-1,-1
99926009,2026-05-18 10:58:21+05:30,53030.3,0,0.0,0,0.0,0.0,53282.15,53308.4,52783.45,53710.35,0,0.0,0.0,0.0,0.0,-0.01,-1,-1,-0.01,-1,-1,-0.01,-1,-1,-0.01,-1,-1,-0.01,-1,-1,-0.01,-1,-1,-0.01,-1,-1,-0.01,-1,-1,-0.01,-1,-1,-0.01,-1,-1
99926009,2026-05-18 10:58:21+05:30,53029.8,0,0.0,0,0.0,0.0,53282.15,53308.4,52783.45,53710.35,0,0.0,0.0,0.0,0.0,-0.01,-1,-1,-0.01,-1,-1,-0.01,-1,-1,-0.01,-1,-1,-0.01,-1,-1,-0.01,-1,-1,-0.01,-1,-1,-0.01,-1,-1,-0.01,-1,-1,-0.01,-1,-1
99926009,2026-05-18 10:58:22+05:30,53033.3,0,0.0,0,0.0,0.0,53282.15,53308.4,52783.45,53710.35,0,0.0,0.0,0.0,0.0,-0.01,-1,-1,-0.01,-1,-1,-0.01,-1,-1,-0.01,-1,-1,-0.01,-1,-1,-0.01,-1,-1,-0.01,-1,-1,-0.01,-1,-1,-0.01,-1,-1,-0.01,-1,-1
99926009,2026-05-18 10:58:22+05:30,53032.65,0,0.0,0,0.0,0.0,53282.15,53308.4,52783.45,53710.35,0,0.0,0.0,0.0,0.0,-0.01,-1,-1,-0.01,-1,-1,-0.01,-1,-1,-0.01,-1,-1,-0.01,-1,-1,-0.01,-1,-1,-0.01,-1,-1,-0.01,-1,-1,-0.01,-1,-1,-0.01,-1,-1
99926009,2026-05-18 10:58:23+05:30,53035.55,0,0.0,0,0.0,0.0,53282.15,53308.4,52783.45,53710.35,0,0.0,0.0,0.0,0.0,-0.01,-1,-1,-0.01,-1,-1,-0.01,-1,-1,-0.01,-1,-1,-0.01,-1,-1,-0.01,-1,-1,-0.01,-1,-1,-0.01,-1,-1,-0.01,-1,-1,-0.01,-1,-1
99926009,2026-05-18 10:58:23+05:30,53035.3,0,0.0,0,0.0,0.0,53282.15,53308.4,52783.45,53710.35,0,0.0,0.0,0.0,0.0,-0.01,-1,-1,-0.01,-1,-1,-0.01,-1,-1,-0.01,-1,-1,-0.01,-1,-1,-0.01,-1,-1,-0.01,-1,-1,-0.01,-1,-1,-0.01,-1,-1,-0.01,-1,-1
99926009,2026-05-18 10:58:24+05:30,53031.95,0,0.0,0,0.0,0.0,53282.15,53308.4,52783.45,53710.35,0,0.0,0.0,0.0,0.0,-0.01,-1,-1,-0.01,-1,-1,-0.01,-1,-1,-0.01,-1,-1,-0.01,-1,-1,-0.01,-1,-1,-0.01,-1,-1,-0.01,-1,-1,-0.01,-1,-1,-0.01,-1,-1
99926009,2026-05-18 10:58:24+05:30,53031.85,0,0.0,0,0.0,0.0,53282.15,53308.4,52783.45,53710.35,0,0.0,0.0,0.0,0.0,-0.01,-1,-1,-0.01,-1,-1,-0.01,-1,-1,-0.01,-1,-1,-0.01,-1,-1,-0.01,-1,-1,-0.01,-1,-1,-0.01,-1,-1,-0.01,-1,-1,-0.01,-1,-1
99926009,2026-05-18 10:58:25+05:30,53036.15,0,0.0,0,0.0,0.0,53282.15,53308.4,52783.45,53710.35,0,0.0,0.0,0.0,0.0,-0.01,-1,-1,-0.01,-1,-1,-0.01,-1,-1,-0.01,-1,-1,-0.01,-1,-1,-0.01,-1,-1,-0.01,-1,-1,-0.01,-1,-1,-0.01,-1,-1,-0.01,-1,-1
99926009,2026-05-18 10:58:25+05:30,53035.45,0,0.0,0,0.0,0.0,53282.15,53308.4,52783.45,53710.35,0,0.0,0.0,0.0,0.0,-0.01,-1,-1,-0.01,-1,-1,-0.01,-1,-1,-0.01,-1,-1,-0.01,-1,-1,-0.01,-1,-1,-0.01,-1,-1,-0.01,-1,-1,-0.01,-1,-1,-0.01,-1,-1
99926009,2026-05-18 10:58:26+05:30,53037.95,0,0.0,0,0.0,0.0,53282.15,53308.4,52783.45,53710.35,0,0.0,0.0,0.0,0.0,-0.01,-1,-1,-0.01,-1,-1,-0.01,-1,-1,-0.01,-1,-1,-0.01,-1,-1,-0.01,-1,-1,-0.01,-1,-1,-0.01,-1,-1,-0.01,-1,-1,-0.01,-1,-1
99926009,2026-05-18 10:58:26+05:30,53037.1,0,0.0,0,0.0,0.0,53282.15,53308.4,52783.45,53710.35,0,0.0,0.0,0.0,0.0,-0.01,-1,-1,-0.01,-1,-1,-0.01,-1,-1,-0.01,-1,-1,-0.01,-1,-1,-0.01,-1,-1,-0.01,-1,-1,-0.01,-1,-1,-0.01,-1,-1,-0.01,-1,-1
99926009,2026-05-18 10:58:27+05:30,53034.0,0,0.0,0,0.0,0.0,53282.15,53308.4,52783.45,53710.35,0,0.0,0.0,0.0,0.0,-0.01,-1,-1,-0.01,-1,-1,-0.01,-1,-1,-0.01,-1,-1,-0.01,-1,-1,-0.01,-1,-1,-0.01,-1,-1,-0.01,-1,-1,-0.01,-1,-1,-0.01,-1,-1
99926009,2026-05-18 10:58:27+05:30,53033.3,0,0.0,0,0.0,0.0,53282.15,53308.4,52783.45,53710.35,0,0.0,0.0,0.0,0.0,-0.01,-1,-1,-0.01,-1,-1,-0.01,-1,-1,-0.01,-1,-1,-0.01,-1,-1,-0.01,-1,-1,-0.01,-1,-1,-0.01,-1,-1,-0.01,-1,-1,-0.01,-1,-1
99926009,2026-05-18 10:58:28+05:30,53033.05,0,0.0,0,0.0,0.0,53282.15,53308.4,52783.45,53710.35,0,0.0,0.0,0.0,0.0,-0.01,-1,-1,-0.01,-1,-1,-0.01,-1,-1,-0.01,-1,-1,-0.01,-1,-1,-0.01,-1,-1,-0.01,-1,-1,-0.01,-1,-1,-0.01,-1,-1,-0.01,-1,-1
99926009,2026-05-18 10:58:28+05:30,53034.65,0,0.0,0,0.0,0.0,53282.15,53308.4,52783.45,53710.35,0,0.0,0.0,0.0,0.0,-0.01,-1,-1,-0.01,-1,-1,-0.01,-1,-1,-0.01,-1,-1,-0.01,-1,-1,-0.01,-1,-1,-0.01,-1,-1,-0.01,-1,-1,-0.01,-1,-1,-0.01,-1,-1
99926009,2026-05-18 10:58:29+05:30,53034.55,0,0.0,0,0.0,0.0,53282.15,53308.4,52783.45,53710.35,0,0.0,0.0,0.0,0.0,-0.01,-1,-1,-0.01,-1,-1,-0.01,-1,-1,-0.01,-1,-1,-0.01,-1,-1,-0.01,-1,-1,-0.01,-1,-1,-0.01,-1,-1,-0.01,-1,-1,-0.01,-1,-1
99926009,2026-05-18 10:58:29+05:30,53034.7,0,0.0,0,0.0,0.0,53282.15,53308.4,52783.45,53710.35,0,0.0,0.0,0.0,0.0,-0.01,-1,-1,-0.01,-1,-1,-0.01,-1,-1,-0.01,-1,-1,-0.01,-1,-1,-0.01,-1,-1,-0.01,-1,-1,-0.01,-1,-1,-0.01,-1,-1,-0.01,-1,-1
99926009,2026-05-18 10:58:30+05:30,53038.1,0,0.0,0,0.0,0.0,53282.15,53308.4,52783.45,53710.35,0,0.0,0.0,0.0,0.0,-0.01,-1,-1,-0.01,-1,-1,-0.01,-1,-1,-0.01,-1,-1,-0.01,-1,-1,-0.01,-1,-1,-0.01,-1,-1,-0.01,-1,-1,-0.01,-1,-1,-0.01,-1,-1
99926009,2026-05-18 10:58:30+05:30,53040.45,0,0.0,0,0.0,0.0,53282.15,53308.4,52783.45,53710.35,0,0.0,0.0,0.0,0.0,-0.01,-1,-1,-0.01,-1,-1,-0.01,-1,-1,-0.01,-1,-1,-0.01,-1,-1,-0.01,-1,-1,-0.01,-1,-1,-0.01,-1,-1,-0.01,-1,-1,-0.01,-1,-1
99926009,2026-05-18 10:58:31+05:30,53039.45,0,0.0,0,0.0,0.0,53282.15,53308.4,52783.45,53710.35,0,0.0,0.0,0.0,0.0,-0.01,-1,-1,-0.01,-1,-1,-0.01,-1,-1,-0.01,-1,-1,-0.01,-1,-1,-0.01,-1,-1,-0.01,-1,-1,-0.01,-1,-1,-0.01,-1,-1,-0.01,-1,-1
99926009,2026-05-18 10:58:31+05:30,53038.0,0,0.0,0,0.0,0.0,53282.15,53308.4,52783.45,53710.35,0,0.0,0.0,0.0,0.0,-0.01,-1,-1,-0.01,-1,-1,-0.01,-1,-1,-0.01,-1,-1,-0.01,-1,-1,-0.01,-1,-1,-0.01,-1,-1,-0.01,-1,-1,-0.01,-1,-1,-0.01,-1,-1
99926009,2026-05-18 10:58:32+05:30,53038.35,0,0.0,0,0.0,0.0,53282.15,53308.4,52783.45,53710.35,0,0.0,0.0,0.0,0.0,-0.01,-1,-1,-0.01,-1,-1,-0.01,-1,-1,-0.01,-1,-1,-0.01,-1,-1,-0.01,-1,-1,-0.01,-1,-1,-0.01,-1,-1,-0.01,-1,-1,-0.01,-1,-1
99926009,2026-05-18 10:58:32+05:30,53038.85,0,0.0,0,0.0,0.0,53282.15,53308.4,52783.45,53710.35,0,0.0,0.0,0.0,0.0,-0.01,-1,-1,-0.01,-1,-1,-0.01,-1,-1,-0.01,-1,-1,-0.01,-1,-1,-0.01,-1,-1,-0.01,-1,-1,-0.01,-1,-1,-0.01,-1,-1,-0.01,-1,-1
99926009,2026-05-18 10:58:33+05:30,53036.65,0,0.0,0,0.0,0.0,53282.15,53308.4,52783.45,53710.35,0,0.0,0.0,0.0,0.0,-0.01,-1,-1,-0.01,-1,-1,-0.01,-1,-1,-0.01,-1,-1,-0.01,-1,-1,-0.01,-1,-1,-0.01,-1,-1,-0.01,-1,-1,-0.01,-1,-1,-0.01,-1,-1
99926009,2026-05-18 10:58:33+05:30,53037.45,0,0.0,0,0.0,0.0,53282.15,53308.4,52783.45,53710.35,0,0.0,0.0,0.0,0.0,-0.01,-1,-1,-0.01,-1,-1,-0.01,-1,-1,-0.01,-1,-1,-0.01,-1,-1,-0.01,-1,-1,-0.01,-1,-1,-0.01,-1,-1,-0.01,-1,-1,-0.01,-1,-1
99926009,2026-05-18 10:58:34+05:30,53035.25,0,0.0,0,0.0,0.0,53282.15,53308.4,52783.45,53710.35,0,0.0,0.0,0.0,0.0,-0.01,-1,-1,-0.01,-1,-1,-0.01,-1,-1,-0.01,-1,-1,-0.01,-1,-1,-0.01,-1,-1,-0.01,-1,-1,-0.01,-1,-1,-0.01,-1,-1,-0.01,-1,-1
99926009,2026-05-18 10:58:34+05:30,53035.35,0,0.0,0,0.0,0.0,53282.15,53308.4,52783.45,53710.35,0,0.0,0.0,0.0,0.0,-0.01,-1,-1,-0.01,-1,-1,-0.01,-1,-1,-0.01,-1,-1,-0.01,-1,-1,-0.01,-1,-1,-0.01,-1,-1,-0.01,-1,-1,-0.01,-1,-1,-0.01,-1,-1
99926009,2026-05-18 10:58:35+05:30,53035.65,0,0.0,0,0.0,0.0,53282.15,53308.4,52783.45,53710.35,0,0.0,0.0,0.0,0.0,-0.01,-1,-1,-0.01,-1,-1,-0.01,-1,-1,-0.01,-1,-1,-0.01,-1,-1,-0.01,-1,-1,-0.01,-1,-1,-0.01,-1,-1,-0.01,-1,-1,-0.01,-1,-1
99926009,2026-05-18 10:58:35+05:30,53035.1,0,0.0,0,0.0,0.0,53282.15,53308.4,52783.45,53710.35,0,0.0,0.0,0.0,0.0,-0.01,-1,-1,-0.01,-1,-1,-0.01,-1,-1,-0.01,-1,-1,-0.01,-1,-1,-0.01,-1,-1,-0.01,-1,-1,-0.01,-1,-1,-0.01,-1,-1,-0.01,-1,-1
99926009,2026-05-18 10:58:36+05:30,53037.0,0,0.0,0,0.0,0.0,53282.15,53308.4,52783.45,53710.35,0,0.0,0.0,0.0,0.0,-0.01,-1,-1,-0.01,-1,-1,-0.01,-1,-1,-0.01,-1,-1,-0.01,-1,-1,-0.01,-1,-1,-0.01,-1,-1,-0.01,-1,-1,-0.01,-1,-1,-0.01,-1,-1
99926009,2026-05-18 10:58:36+05:30,53033.85,0,0.0,0,0.0,0.0,53282.15,53308.4,52783.45,53710.35,0,0.0,0.0,0.0,0.0,-0.01,-1,-1,-0.01,-1,-1,-0.01,-1,-1,-0.01,-1,-1,-0.01,-1,-1,-0.01,-1,-1,-0.01,-1,-1,-0.01,-1,-1,-0.01,-1,-1,-0.01,-1,-1
99926009,2026-05-18 10:58:37+05:30,53036.7,0,0.0,0,0.0,0.0,53282.15,53308.4,52783.45,53710.35,0,0.0,0.0,0.0,0.0,-0.01,-1,-1,-0.01,-1,-1,-0.01,-1,-1,-0.01,-1,-1,-0.01,-1,-1,-0.01,-1,-1,-0.01,-1,-1,-0.01,-1,-1,-0.01,-1,-1,-0.01,-1,-1
99926009,2026-05-18 10:58:37+05:30,53036.4,0,0.0,0,0.0,0.0,53282.15,53308.4,52783.45,53710.35,0,0.0,0.0,0.0,0.0,-0.01,-1,-1,-0.01,-1,-1,-0.01,-1,-1,-0.01,-1,-1,-0.01,-1,-1,-0.01,-1,-1,-0.01,-1,-1,-0.01,-1,-1,-0.01,-1,-1,-0.01,-1,-1
99926009,2026-05-18 10:58:38+05:30,53037.15,0,0.0,0,0.0,0.0,53282.15,53308.4,52783.45,53710.35,0,0.0,0.0,0.0,0.0,-0.01,-1,-1,-0.01,-1,-1,-0.01,-1,-1,-0.01,-1,-1,-0.01,-1,-1,-0.01,-1,-1,-0.01,-1,-1,-0.01,-1,-1,-0.01,-1,-1,-0.01,-1,-1
99926009,2026-05-18 10:58:38+05:30,53037.65,0,0.0,0,0.0,0.0,53282.15,53308.4,52783.45,53710.35,0,0.0,0.0,0.0,0.0,-0.01,-1,-1,-0.01,-1,-1,-0.01,-1,-1,-0.01,-1,-1,-0.01,-1,-1,-0.01,-1,-1,-0.01,-1,-1,-0.01,-1,-1,-0.01,-1,-1,-0.01,-1,-1
99926009,2026-05-18 10:58:39+05:30,53036.55,0,0.0,0,0.0,0.0,53282.15,53308.4,52783.45,53710.35,0,0.0,0.0,0.0,0.0,-0.01,-1,-1,-0.01,-1,-1,-0.01,-1,-1,-0.01,-1,-1,-0.01,-1,-1,-0.01,-1,-1,-0.01,-1,-1,-0.01,-1,-1,-0.01,-1,-1,-0.01,-1,-1
99926009,2026-05-18 10:58:39+05:30,53036.75,0,0.0,0,0.0,0.0,53282.15,53308.4,52783.45,53710.35,0,0.0,0.0,0.0,0.0,-0.01,-1,-1,-0.01,-1,-1,-0.01,-1,-1,-0.01,-1,-1,-0.01,-1,-1,-0.01,-1,-1,-0.01,-1,-1,-0.01,-1,-1,-0.01,-1,-1,-0.01,-1,-1
99926009,2026-05-18 10:58:40+05:30,53039.05,0,0.0,0,0.0,0.0,53282.15,53308.4,52783.45,53710.35,0,0.0,0.0,0.0,0.0,-0.01,-1,-1,-0.01,-1,-1,-0.01,-1,-1,-0.01,-1,-1,-0.01,-1,-1,-0.01,-1,-1,-0.01,-1,-1,-0.01,-1,-1,-0.01,-1,-1,-0.01,-1,-1
99926009,2026-05-18 10:58:40+05:30,53037.05,0,0.0,0,0.0,0.0,53282.15,53308.4,52783.45,53710.35,0,0.0,0.0,0.0,0.0,-0.01,-1,-1,-0.01,-1,-1,-0.01,-1,-1,-0.01,-1,-1,-0.01,-1,-1,-0.01,-1,-1,-0.01,-1,-1,-0.01,-1,-1,-0.01,-1,-1,-0.01,-1,-1
99926009,2026-05-18 10:58:41+05:30,53038.25,0,0.0,0,0.0,0.0,53282.15,53308.4,52783.45,53710.35,0,0.0,0.0,0.0,0.0,-0.01,-1,-1,-0.01,-1,-1,-0.01,-1,-1,-0.01,-1,-1,-0.01,-1,-1,-0.01,-1,-1,-0.01,-1,-1,-0.01,-1,-1,-0.01,-1,-1,-0.01,-1,-1
99926009,2026-05-18 10:58:41+05:30,53035.25,0,0.0,0,0.0,0.0,53282.15,53308.4,52783.45,53710.35,0,0.0,0.0,0.0,0.0,-0.01,-1,-1,-0.01,-1,-1,-0.01,-1,-1,-0.01,-1,-1,-0.01,-1,-1,-0.01,-1,-1,-0.01,-1,-1,-0.01,-1,-1,-0.01,-1,-1,-0.01,-1,-1
99926009,2026-05-18 10:58:42+05:30,53039.3,0,0.0,0,0.0,0.0,53282.15,53308.4,52783.45,53710.35,0,0.0,0.0,0.0,0.0,-0.01,-1,-1,-0.01,-1,-1,-0.01,-1,-1,-0.01,-1,-1,-0.01,-1,-1,-0.01,-1,-1,-0.01,-1,-1,-0.01,-1,-1,-0.01,-1,-1,-0.01,-1,-1
99926009,2026-05-18 10:58:42+05:30,53040.5,0,0.0,0,0.0,0.0,53282.15,53308.4,52783.45,53710.35,0,0.0,0.0,0.0,0.0,-0.01,-1,-1,-0.01,-1,-1,-0.01,-1,-1,-0.01,-1,-1,-0.01,-1,-1,-0.01,-1,-1,-0.01,-1,-1,-0.01,-1,-1,-0.01,-1,-1,-0.01,-1,-1
99926009,2026-05-18 10:58:43+05:30,53037.2,0,0.0,0,0.0,0.0,53282.15,53308.4,52783.45,53710.35,0,0.0,0.0,0.0,0.0,-0.01,-1,-1,-0.01,-1,-1,-0.01,-1,-1,-0.01,-1,-1,-0.01,-1,-1,-0.01,-1,-1,-0.01,-1,-1,-0.01,-1,-1,-0.01,-1,-1,-0.01,-1,-1
99926009,2026-05-18 10:58:43+05:30,53038.25,0,0.0,0,0.0,0.0,53282.15,53308.4,52783.45,53710.35,0,0.0,0.0,0.0,0.0,-0.01,-1,-1,-0.01,-1,-1,-0.01,-1,-1,-0.01,-1,-1,-0.01,-1,-1,-0.01,-1,-1,-0.01,-1,-1,-0.01,-1,-1,-0.01,-1,-1,-0.01,-1,-1
99926009,2026-05-18 10:58:44+05:30,53039.35,0,0.0,0,0.0,0.0,53282.15,53308.4,52783.45,53710.35,0,0.0,0.0,0.0,0.0,-0.01,-1,-1,-0.01,-1,-1,-0.01,-1,-1,-0.01,-1,-1,-0.01,-1,-1,-0.01,-1,-1,-0.01,-1,-1,-0.01,-1,-1,-0.01,-1,-1,-0.01,-1,-1
99926009,2026-05-18 10:58:44+05:30,53036.55,0,0.0,0,0.0,0.0,53282.15,53308.4,52783.45,53710.35,0,0.0,0.0,0.0,0.0,-0.01,-1,-1,-0.01,-1,-1,-0.01,-1,-1,-0.01,-1,-1,-0.01,-1,-1,-0.01,-1,-1,-0.01,-1,-1,-0.01,-1,-1,-0.01,-1,-1,-0.01,-1,-1
99926009,2026-05-18 10:58:45+05:30,53037.75,0,0.0,0,0.0,0.0,53282.15,53308.4,52783.45,53710.35,0,0.0,0.0,0.0,0.0,-0.01,-1,-1,-0.01,-1,-1,-0.01,-1,-1,-0.01,-1,-1,-0.01,-1,-1,-0.01,-1,-1,-0.01,-1,-1,-0.01,-1,-1,-0.01,-1,-1,-0.01,-1,-1
99926009,2026-05-18 10:58:45+05:30,53040.8,0,0.0,0,0.0,0.0,53282.15,53308.4,52783.45,53710.35,0,0.0,0.0,0.0,0.0,-0.01,-1,-1,-0.01,-1,-1,-0.01,-1,-1,-0.01,-1,-1,-0.01,-1,-1,-0.01,-1,-1,-0.01,-1,-1,-0.01,-1,-1,-0.01,-1,-1,-0.01,-1,-1
99926009,2026-05-18 10:58:46+05:30,53039.8,0,0.0,0,0.0,0.0,53282.15,53308.4,52783.45,53710.35,0,0.0,0.0,0.0,0.0,-0.01,-1,-1,-0.01,-1,-1,-0.01,-1,-1,-0.01,-1,-1,-0.01,-1,-1,-0.01,-1,-1,-0.01,-1,-1,-0.01,-1,-1,-0.01,-1,-1,-0.01,-1,-1
99926009,2026-05-18 10:58:46+05:30,53038.75,0,0.0,0,0.0,0.0,53282.15,53308.4,52783.45,53710.35,0,0.0,0.0,0.0,0.0,-0.01,-1,-1,-0.01,-1,-1,-0.01,-1,-1,-0.01,-1,-1,-0.01,-1,-1,-0.01,-1,-1,-0.01,-1,-1,-0.01,-1,-1,-0.01,-1,-1,-0.01,-1,-1
99926009,2026-05-18 10:58:47+05:30,53037.45,0,0.0,0,0.0,0.0,53282.15,53308.4,52783.45,53710.35,0,0.0,0.0,0.0,0.0,-0.01,-1,-1,-0.01,-1,-1,-0.01,-1,-1,-0.01,-1,-1,-0.01,-1,-1,-0.01,-1,-1,-0.01,-1,-1,-0.01,-1,-1,-0.01,-1,-1,-0.01,-1,-1
99926009,2026-05-18 10:58:47+05:30,53036.75,0,0.0,0,0.0,0.0,53282.15,53308.4,52783.45,53710.35,0,0.0,0.0,0.0,0.0,-0.01,-1,-1,-0.01,-1,-1,-0.01,-1,-1,-0.01,-1,-1,-0.01,-1,-1,-0.01,-1,-1,-0.01,-1,-1,-0.01,-1,-1,-0.01,-1,-1,-0.01,-1,-1
99926009,2026-05-18 10:58:48+05:30,53038.25,0,0.0,0,0.0,0.0,53282.15,53308.4,52783.45,53710.35,0,0.0,0.0,0.0,0.0,-0.01,-1,-1,-0.01,-1,-1,-0.01,-1,-1,-0.01,-1,-1,-0.01,-1,-1,-0.01,-1,-1,-0.01,-1,-1,-0.01,-1,-1,-0.01,-1,-1,-0.01,-1,-1
99926009,2026-05-18 10:58:48+05:30,53037.4,0,0.0,0,0.0,0.0,53282.15,53308.4,52783.45,53710.35,0,0.0,0.0,0.0,0.0,-0.01,-1,-1,-0.01,-1,-1,-0.01,-1,-1,-0.01,-1,-1,-0.01,-1,-1,-0.01,-1,-1,-0.01,-1,-1,-0.01,-1,-1,-0.01,-1,-1,-0.01,-1,-1
99926009,2026-05-18 10:58:49+05:30,53037.85,0,0.0,0,0.0,0.0,53282.15,53308.4,52783.45,53710.35,0,0.0,0.0,0.0,0.0,-0.01,-1,-1,-0.01,-1,-1,-0.01,-1,-1,-0.01,-1,-1,-0.01,-1,-1,-0.01,-1,-1,-0.01,-1,-1,-0.01,-1,-1,-0.01,-1,-1,-0.01,-1,-1
99926009,2026-05-18 10:58:49+05:30,53039.15,0,0.0,0,0.0,0.0,53282.15,53308.4,52783.45,53710.35,0,0.0,0.0,0.0,0.0,-0.01,-1,-1,-0.01,-1,-1,-0.01,-1,-1,-0.01,-1,-1,-0.01,-1,-1,-0.01,-1,-1,-0.01,-1,-1,-0.01,-1,-1,-0.01,-1,-1,-0.01,-1,-1
99926009,2026-05-18 10:58:50+05:30,53037.6,0,0.0,0,0.0,0.0,53282.15,53308.4,52783.45,53710.35,0,0.0,0.0,0.0,0.0,-0.01,-1,-1,-0.01,-1,-1,-0.01,-1,-1,-0.01,-1,-1,-0.01,-1,-1,-0.01,-1,-1,-0.01,-1,-1,-0.01,-1,-1,-0.01,-1,-1,-0.01,-1,-1
99926009,2026-05-18 10:58:50+05:30,53037.0,0,0.0,0,0.0,0.0,53282.15,53308.4,52783.45,53710.35,0,0.0,0.0,0.0,0.0,-0.01,-1,-1,-0.01,-1,-1,-0.01,-1,-1,-0.01,-1,-1,-0.01,-1,-1,-0.01,-1,-1,-0.01,-1,-1,-0.01,-1,-1,-0.01,-1,-1,-0.01,-1,-1
99926009,2026-05-18 10:58:51+05:30,53037.6,0,0.0,0,0.0,0.0,53282.15,53308.4,52783.45,53710.35,0,0.0,0.0,0.0,0.0,-0.01,-1,-1,-0.01,-1,-1,-0.01,-1,-1,-0.01,-1,-1,-0.01,-1,-1,-0.01,-1,-1,-0.01,-1,-1,-0.01,-1,-1,-0.01,-1,-1,-0.01,-1,-1
99926009,2026-05-18 10:58:51+05:30,53037.0,0,0.0,0,0.0,0.0,53282.15,53308.4,52783.45,53710.35,0,0.0,0.0,0.0,0.0,-0.01,-1,-1,-0.01,-1,-1,-0.01,-1,-1,-0.01,-1,-1,-0.01,-1,-1,-0.01,-1,-1,-0.01,-1,-1,-0.01,-1,-1,-0.01,-1,-1,-0.01,-1,-1
99926009,2026-05-18 10:58:52+05:30,53040.4,0,0.0,0,0.0,0.0,53282.15,53308.4,52783.45,53710.35,0,0.0,0.0,0.0,0.0,-0.01,-1,-1,-0.01,-1,-1,-0.01,-1,-1,-0.01,-1,-1,-0.01,-1,-1,-0.01,-1,-1,-0.01,-1,-1,-0.01,-1,-1,-0.01,-1,-1,-0.01,-1,-1
99926009,2026-05-18 10:58:52+05:30,53040.6,0,0.0,0,0.0,0.0,53282.15,53308.4,52783.45,53710.35,0,0.0,0.0,0.0,0.0,-0.01,-1,-1,-0.01,-1,-1,-0.01,-1,-1,-0.01,-1,-1,-0.01,-1,-1,-0.01,-1,-1,-0.01,-1,-1,-0.01,-1,-1,-0.01,-1,-1,-0.01,-1,-1
99926009,2026-05-18 10:58:53+05:30,53040.3,0,0.0,0,0.0,0.0,53282.15,53308.4,52783.45,53710.35,0,0.0,0.0,0.0,0.0,-0.01,-1,-1,-0.01,-1,-1,-0.01,-1,-1,-0.01,-1,-1,-0.01,-1,-1,-0.01,-1,-1,-0.01,-1,-1,-0.01,-1,-1,-0.01,-1,-1,-0.01,-1,-1
99926009,2026-05-18 10:58:53+05:30,53039.65,0,0.0,0,0.0,0.0,53282.15,53308.4,52783.45,53710.35,0,0.0,0.0,0.0,0.0,-0.01,-1,-1,-0.01,-1,-1,-0.01,-1,-1,-0.01,-1,-1,-0.01,-1,-1,-0.01,-1,-1,-0.01,-1,-1,-0.01,-1,-1,-0.01,-1,-1,-0.01,-1,-1
99926009,2026-05-18 10:58:54+05:30,53040.3,0,0.0,0,0.0,0.0,53282.15,53308.4,52783.45,53710.35,0,0.0,0.0,0.0,0.0,-0.01,-1,-1,-0.01,-1,-1,-0.01,-1,-1,-0.01,-1,-1,-0.01,-1,-1,-0.01,-1,-1,-0.01,-1,-1,-0.01,-1,-1,-0.01,-1,-1,-0.01,-1,-1
99926009,2026-05-18 10:58:54+05:30,53039.1,0,0.0,0,0.0,0.0,53282.15,53308.4,52783.45,53710.35,0,0.0,0.0,0.0,0.0,-0.01,-1,-1,-0.01,-1,-1,-0.01,-1,-1,-0.01,-1,-1,-0.01,-1,-1,-0.01,-1,-1,-0.01,-1,-1,-0.01,-1,-1,-0.01,-1,-1,-0.01,-1,-1
99926009,2026-05-18 10:58:55+05:30,53041.1,0,0.0,0,0.0,0.0,53282.15,53308.4,52783.45,53710.35,0,0.0,0.0,0.0,0.0,-0.01,-1,-1,-0.01,-1,-1,-0.01,-1,-1,-0.01,-1,-1,-0.01,-1,-1,-0.01,-1,-1,-0.01,-1,-1,-0.01,-1,-1,-0.01,-1,-1,-0.01,-1,-1
99926009,2026-05-18 10:58:55+05:30,53038.35,0,0.0,0,0.0,0.0,53282.15,53308.4,52783.45,53710.35,0,0.0,0.0,0.0,0.0,-0.01,-1,-1,-0.01,-1,-1,-0.01,-1,-1,-0.01,-1,-1,-0.01,-1,-1,-0.01,-1,-1,-0.01,-1,-1,-0.01,-1,-1,-0.01,-1,-1,-0.01,-1,-1
99926009,2026-05-18 10:58:56+05:30,53039.3,0,0.0,0,0.0,0.0,53282.15,53308.4,52783.45,53710.35,0,0.0,0.0,0.0,0.0,-0.01,-1,-1,-0.01,-1,-1,-0.01,-1,-1,-0.01,-1,-1,-0.01,-1,-1,-0.01,-1,-1,-0.01,-1,-1,-0.01,-1,-1,-0.01,-1,-1,-0.01,-1,-1
99926009,2026-05-18 10:58:56+05:30,53037.95,0,0.0,0,0.0,0.0,53282.15,53308.4,52783.45,53710.35,0,0.0,0.0,0.0,0.0,-0.01,-1,-1,-0.01,-1,-1,-0.01,-1,-1,-0.01,-1,-1,-0.01,-1,-1,-0.01,-1,-1,-0.01,-1,-1,-0.01,-1,-1,-0.01,-1,-1,-0.01,-1,-1
99926009,2026-05-18 10:58:57+05:30,53038.7,0,0.0,0,0.0,0.0,53282.15,53308.4,52783.45,53710.35,0,0.0,0.0,0.0,0.0,-0.01,-1,-1,-0.01,-1,-1,-0.01,-1,-1,-0.01,-1,-1,-0.01,-1,-1,-0.01,-1,-1,-0.01,-1,-1,-0.01,-1,-1,-0.01,-1,-1,-0.01,-1,-1
99926009,2026-05-18 10:58:57+05:30,53039.5,0,0.0,0,0.0,0.0,53282.15,53308.4,52783.45,53710.35,0,0.0,0.0,0.0,0.0,-0.01,-1,-1,-0.01,-1,-1,-0.01,-1,-1,-0.01,-1,-1,-0.01,-1,-1,-0.01,-1,-1,-0.01,-1,-1,-0.01,-1,-1,-0.01,-1,-1,-0.01,-1,-1
99926009,2026-05-18 10:58:58+05:30,53041.2,0,0.0,0,0.0,0.0,53282.15,53308.4,52783.45,53710.35,0,0.0,0.0,0.0,0.0,-0.01,-1,-1,-0.01,-1,-1,-0.01,-1,-1,-0.01,-1,-1,-0.01,-1,-1,-0.01,-1,-1,-0.01,-1,-1,-0.01,-1,-1,-0.01,-1,-1,-0.01,-1,-1
99926009,2026-05-18 10:58:58+05:30,53041.7,0,0.0,0,0.0,0.0,53282.15,53308.4,52783.45,53710.35,0,0.0,0.0,0.0,0.0,-0.01,-1,-1,-0.01,-1,-1,-0.01,-1,-1,-0.01,-1,-1,-0.01,-1,-1,-0.01,-1,-1,-0.01,-1,-1,-0.01,-1,-1,-0.01,-1,-1,-0.01,-1,-1
99926009,2026-05-18 10:58:59+05:30,53039.75,0,0.0,0,0.0,0.0,53282.15,53308.4,52783.45,53710.35,0,0.0,0.0,0.0,0.0,-0.01,-1,-1,-0.01,-1,-1,-0.01,-1,-1,-0.01,-1,-1,-0.01,-1,-1,-0.01,-1,-1,-0.01,-1,-1,-0.01,-1,-1,-0.01,-1,-1,-0.01,-1,-1
99926009,2026-05-18 10:58:59+05:30,53036.75,0,0.0,0,0.0,0.0,53282.15,53308.4,52783.45,53710.35,0,0.0,0.0,0.0,0.0,-0.01,-1,-1,-0.01,-1,-1,-0.01,-1,-1,-0.01,-1,-1,-0.01,-1,-1,-0.01,-1,-1,-0.01,-1,-1,-0.01,-1,-1,-0.01,-1,-1,-0.01,-1,-1
99926009,2026-05-18 10:59:00+05:30,53037.25,0,0.0,0,0.0,0.0,53282.15,53308.4,52783.45,53710.35,0,0.0,0.0,0.0,0.0,-0.01,-1,-1,-0.01,-1,-1,-0.01,-1,-1,-0.01,-1,-1,-0.01,-1,-1,-0.01,-1,-1,-0.01,-1,-1,-0.01,-1,-1,-0.01,-1,-1,-0.01,-1,-1
99926009,2026-05-18 10:59:00+05:30,53038.0,0,0.0,0,0.0,0.0,53282.15,53308.4,52783.45,53710.35,0,0.0,0.0,0.0,0.0,-0.01,-1,-1,-0.01,-1,-1,-0.01,-1,-1,-0.01,-1,-1,-0.01,-1,-1,-0.01,-1,-1,-0.01,-1,-1,-0.01,-1,-1,-0.01,-1,-1,-0.01,-1,-1
99926009,2026-05-18 10:59:01+05:30,53038.5,0,0.0,0,0.0,0.0,53282.15,53308.4,52783.45,53710.35,0,0.0,0.0,0.0,0.0,-0.01,-1,-1,-0.01,-1,-1,-0.01,-1,-1,-0.01,-1,-1,-0.01,-1,-1,-0.01,-1,-1,-0.01,-1,-1,-0.01,-1,-1,-0.01,-1,-1,-0.01,-1,-1
99926009,2026-05-18 10:59:01+05:30,53038.35,0,0.0,0,0.0,0.0,53282.15,53308.4,52783.45,53710.35,0,0.0,0.0,0.0,0.0,-0.01,-1,-1,-0.01,-1,-1,-0.01,-1,-1,-0.01,-1,-1,-0.01,-1,-1,-0.01,-1,-1,-0.01,-1,-1,-0.01,-1,-1,-0.01,-1,-1,-0.01,-1,-1
99926009,2026-05-18 10:59:02+05:30,53036.95,0,0.0,0,0.0,0.0,53282.15,53308.4,52783.45,53710.35,0,0.0,0.0,0.0,0.0,-0.01,-1,-1,-0.01,-1,-1,-0.01,-1,-1,-0.01,-1,-1,-0.01,-1,-1,-0.01,-1,-1,-0.01,-1,-1,-0.01,-1,-1,-0.01,-1,-1,-0.01,-1,-1
99926009,2026-05-18 10:59:02+05:30,53036.7,0,0.0,0,0.0,0.0,53282.15,53308.4,52783.45,53710.35,0,0.0,0.0,0.0,0.0,-0.01,-1,-1,-0.01,-1,-1,-0.01,-1,-1,-0.01,-1,-1,-0.01,-1,-1,-0.01,-1,-1,-0.01,-1,-1,-0.01,-1,-1,-0.01,-1,-1,-0.01,-1,-1
99926009,2026-05-18 10:59:03+05:30,53035.85,0,0.0,0,0.0,0.0,53282.15,53308.4,52783.45,53710.35,0,0.0,0.0,0.0,0.0,-0.01,-1,-1,-0.01,-1,-1,-0.01,-1,-1,-0.01,-1,-1,-0.01,-1,-1,-0.01,-1,-1,-0.01,-1,-1,-0.01,-1,-1,-0.01,-1,-1,-0.01,-1,-1
99926009,2026-05-18 10:59:03+05:30,53036.65,0,0.0,0,0.0,0.0,53282.15,53308.4,52783.45,53710.35,0,0.0,0.0,0.0,0.0,-0.01,-1,-1,-0.01,-1,-1,-0.01,-1,-1,-0.01,-1,-1,-0.01,-1,-1,-0.01,-1,-1,-0.01,-1,-1,-0.01,-1,-1,-0.01,-1,-1,-0.01,-1,-1
99926009,2026-05-18 10:59:04+05:30,53036.1,0,0.0,0,0.0,0.0,53282.15,53308.4,52783.45,53710.35,0,0.0,0.0,0.0,0.0,-0.01,-1,-1,-0.01,-1,-1,-0.01,-1,-1,-0.01,-1,-1,-0.01,-1,-1,-0.01,-1,-1,-0.01,-1,-1,-0.01,-1,-1,-0.01,-1,-1,-0.01,-1,-1
99926009,2026-05-18 10:59:04+05:30,53038.0,0,0.0,0,0.0,0.0,53282.15,53308.4,52783.45,53710.35,0,0.0,0.0,0.0,0.0,-0.01,-1,-1,-0.01,-1,-1,-0.01,-1,-1,-0.01,-1,-1,-0.01,-1,-1,-0.01,-1,-1,-0.01,-1,-1,-0.01,-1,-1,-0.01,-1,-1,-0.01,-1,-1
99926009,2026-05-18 10:59:05+05:30,53041.85,0,0.0,0,0.0,0.0,53282.15,53308.4,52783.45,53710.35,0,0.0,0.0,0.0,0.0,-0.01,-1,-1,-0.01,-1,-1,-0.01,-1,-1,-0.01,-1,-1,-0.01,-1,-1,-0.01,-1,-1,-0.01,-1,-1,-0.01,-1,-1,-0.01,-1,-1,-0.01,-1,-1
99926009,2026-05-18 10:59:05+05:30,53040.35,0,0.0,0,0.0,0.0,53282.15,53308.4,52783.45,53710.35,0,0.0,0.0,0.0,0.0,-0.01,-1,-1,-0.01,-1,-1,-0.01,-1,-1,-0.01,-1,-1,-0.01,-1,-1,-0.01,-1,-1,-0.01,-1,-1,-0.01,-1,-1,-0.01,-1,-1,-0.01,-1,-1
99926009,2026-05-18 10:59:06+05:30,53042.85,0,0.0,0,0.0,0.0,53282.15,53308.4,52783.45,53710.35,0,0.0,0.0,0.0,0.0,-0.01,-1,-1,-0.01,-1,-1,-0.01,-1,-1,-0.01,-1,-1,-0.01,-1,-1,-0.01,-1,-1,-0.01,-1,-1,-0.01,-1,-1,-0.01,-1,-1,-0.01,-1,-1
99926009,2026-05-18 10:59:06+05:30,53044.7,0,0.0,0,0.0,0.0,53282.15,53308.4,52783.45,53710.35,0,0.0,0.0,0.0,0.0,-0.01,-1,-1,-0.01,-1,-1,-0.01,-1,-1,-0.01,-1,-1,-0.01,-1,-1,-0.01,-1,-1,-0.01,-1,-1,-0.01,-1,-1,-0.01,-1,-1,-0.01,-1,-1
99926009,2026-05-18 10:59:07+05:30,53042.15,0,0.0,0,0.0,0.0,53282.15,53308.4,52783.45,53710.35,0,0.0,0.0,0.0,0.0,-0.01,-1,-1,-0.01,-1,-1,-0.01,-1,-1,-0.01,-1,-1,-0.01,-1,-1,-0.01,-1,-1,-0.01,-1,-1,-0.01,-1,-1,-0.01,-1,-1,-0.01,-1,-1
99926009,2026-05-18 10:59:07+05:30,53042.45,0,0.0,0,0.0,0.0,53282.15,53308.4,52783.45,53710.35,0,0.0,0.0,0.0,0.0,-0.01,-1,-1,-0.01,-1,-1,-0.01,-1,-1,-0.01,-1,-1,-0.01,-1,-1,-0.01,-1,-1,-0.01,-1,-1,-0.01,-1,-1,-0.01,-1,-1,-0.01,-1,-1
99926009,2026-05-18 10:59:08+05:30,53041.95,0,0.0,0,0.0,0.0,53282.15,53308.4,52783.45,53710.35,0,0.0,0.0,0.0,0.0,-0.01,-1,-1,-0.01,-1,-1,-0.01,-1,-1,-0.01,-1,-1,-0.01,-1,-1,-0.01,-1,-1,-0.01,-1,-1,-0.01,-1,-1,-0.01,-1,-1,-0.01,-1,-1
99926009,2026-05-18 10:59:08+05:30,53041.7,0,0.0,0,0.0,0.0,53282.15,53308.4,52783.45,53710.35,0,0.0,0.0,0.0,0.0,-0.01,-1,-1,-0.01,-1,-1,-0.01,-1,-1,-0.01,-1,-1,-0.01,-1,-1,-0.01,-1,-1,-0.01,-1,-1,-0.01,-1,-1,-0.01,-1,-1,-0.01,-1,-1
99926009,2026-05-18 10:59:09+05:30,53039.1,0,0.0,0,0.0,0.0,53282.15,53308.4,52783.45,53710.35,0,0.0,0.0,0.0,0.0,-0.01,-1,-1,-0.01,-1,-1,-0.01,-1,-1,-0.01,-1,-1,-0.01,-1,-1,-0.01,-1,-1,-0.01,-1,-1,-0.01,-1,-1,-0.01,-1,-1,-0.01,-1,-1
99926009,2026-05-18 10:59:09+05:30,53040.45,0,0.0,0,0.0,0.0,53282.15,53308.4,52783.45,53710.35,0,0.0,0.0,0.0,0.0,-0.01,-1,-1,-0.01,-1,-1,-0.01,-1,-1,-0.01,-1,-1,-0.01,-1,-1,-0.01,-1,-1,-0.01,-1,-1,-0.01,-1,-1,-0.01,-1,-1,-0.01,-1,-1
99926009,2026-05-18 10:59:10+05:30,53042.4,0,0.0,0,0.0,0.0,53282.15,53308.4,52783.45,53710.35,0,0.0,0.0,0.0,0.0,-0.01,-1,-1,-0.01,-1,-1,-0.01,-1,-1,-0.01,-1,-1,-0.01,-1,-1,-0.01,-1,-1,-0.01,-1,-1,-0.01,-1,-1,-0.01,-1,-1,-0.01,-1,-1
99926009,2026-05-18 10:59:10+05:30,53040.5,0,0.0,0,0.0,0.0,53282.15,53308.4,52783.45,53710.35,0,0.0,0.0,0.0,0.0,-0.01,-1,-1,-0.01,-1,-1,-0.01,-1,-1,-0.01,-1,-1,-0.01,-1,-1,-0.01,-1,-1,-0.01,-1,-1,-0.01,-1,-1,-0.01,-1,-1,-0.01,-1,-1
99926009,2026-05-18 10:59:11+05:30,53040.95,0,0.0,0,0.0,0.0,53282.15,53308.4,52783.45,53710.35,0,0.0,0.0,0.0,0.0,-0.01,-1,-1,-0.01,-1,-1,-0.01,-1,-1,-0.01,-1,-1,-0.01,-1,-1,-0.01,-1,-1,-0.01,-1,-1,-0.01,-1,-1,-0.01,-1,-1,-0.01,-1,-1
99926009,2026-05-18 10:59:11+05:30,53040.95,0,0.0,0,0.0,0.0,53282.15,53308.4,52783.45,53710.35,0,0.0,0.0,0.0,0.0,-0.01,-1,-1,-0.01,-1,-1,-0.01,-1,-1,-0.01,-1,-1,-0.01,-1,-1,-0.01,-1,-1,-0.01,-1,-1,-0.01,-1,-1,-0.01,-1,-1,-0.01,-1,-1
99926009,2026-05-18 10:59:12+05:30,53038.85,0,0.0,0,0.0,0.0,53282.15,53308.4,52783.45,53710.35,0,0.0,0.0,0.0,0.0,-0.01,-1,-1,-0.01,-1,-1,-0.01,-1,-1,-0.01,-1,-1,-0.01,-1,-1,-0.01,-1,-1,-0.01,-1,-1,-0.01,-1,-1,-0.01,-1,-1,-0.01,-1,-1
99926009,2026-05-18 10:59:12+05:30,53039.45,0,0.0,0,0.0,0.0,53282.15,53308.4,52783.45,53710.35,0,0.0,0.0,0.0,0.0,-0.01,-1,-1,-0.01,-1,-1,-0.01,-1,-1,-0.01,-1,-1,-0.01,-1,-1,-0.01,-1,-1,-0.01,-1,-1,-0.01,-1,-1,-0.01,-1,-1,-0.01,-1,-1
99926009,2026-05-18 10:59:13+05:30,53040.05,0,0.0,0,0.0,0.0,53282.15,53308.4,52783.45,53710.35,0,0.0,0.0,0.0,0.0,-0.01,-1,-1,-0.01,-1,-1,-0.01,-1,-1,-0.01,-1,-1,-0.01,-1,-1,-0.01,-1,-1,-0.01,-1,-1,-0.01,-1,-1,-0.01,-1,-1,-0.01,-1,-1
99926009,2026-05-18 10:59:13+05:30,53038.25,0,0.0,0,0.0,0.0,53282.15,53308.4,52783.45,53710.35,0,0.0,0.0,0.0,0.0,-0.01,-1,-1,-0.01,-1,-1,-0.01,-1,-1,-0.01,-1,-1,-0.01,-1,-1,-0.01,-1,-1,-0.01,-1,-1,-0.01,-1,-1,-0.01,-1,-1,-0.01,-1,-1
99926009,2026-05-18 10:59:14+05:30,53038.25,0,0.0,0,0.0,0.0,53282.15,53308.4,52783.45,53710.35,0,0.0,0.0,0.0,0.0,-0.01,-1,-1,-0.01,-1,-1,-0.01,-1,-1,-0.01,-1,-1,-0.01,-1,-1,-0.01,-1,-1,-0.01,-1,-1,-0.01,-1,-1,-0.01,-1,-1,-0.01,-1,-1
99926009,2026-05-18 10:59:14+05:30,53040.3,0,0.0,0,0.0,0.0,53282.15,53308.4,52783.45,53710.35,0,0.0,0.0,0.0,0.0,-0.01,-1,-1,-0.01,-1,-1,-0.01,-1,-1,-0.01,-1,-1,-0.01,-1,-1,-0.01,-1,-1,-0.01,-1,-1,-0.01,-1,-1,-0.01,-1,-1,-0.01,-1,-1
99926009,2026-05-18 10:59:15+05:30,53037.0,0,0.0,0,0.0,0.0,53282.15,53308.4,52783.45,53710.35,0,0.0,0.0,0.0,0.0,-0.01,-1,-1,-0.01,-1,-1,-0.01,-1,-1,-0.01,-1,-1,-0.01,-1,-1,-0.01,-1,-1,-0.01,-1,-1,-0.01,-1,-1,-0.01,-1,-1,-0.01,-1,-1
99926009,2026-05-18 10:59:15+05:30,53041.2,0,0.0,0,0.0,0.0,53282.15,53308.4,52783.45,53710.35,0,0.0,0.0,0.0,0.0,-0.01,-1,-1,-0.01,-1,-1,-0.01,-1,-1,-0.01,-1,-1,-0.01,-1,-1,-0.01,-1,-1,-0.01,-1,-1,-0.01,-1,-1,-0.01,-1,-1,-0.01,-1,-1
99926009,2026-05-18 10:59:16+05:30,53041.85,0,0.0,0,0.0,0.0,53282.15,53308.4,52783.45,53710.35,0,0.0,0.0,0.0,0.0,-0.01,-1,-1,-0.01,-1,-1,-0.01,-1,-1,-0.01,-1,-1,-0.01,-1,-1,-0.01,-1,-1,-0.01,-1,-1,-0.01,-1,-1,-0.01,-1,-1,-0.01,-1,-1
99926009,2026-05-18 10:59:16+05:30,53041.75,0,0.0,0,0.0,0.0,53282.15,53308.4,52783.45,53710.35,0,0.0,0.0,0.0,0.0,-0.01,-1,-1,-0.01,-1,-1,-0.01,-1,-1,-0.01,-1,-1,-0.01,-1,-1,-0.01,-1,-1,-0.01,-1,-1,-0.01,-1,-1,-0.01,-1,-1,-0.01,-1,-1
99926009,2026-05-18 10:59:17+05:30,53041.45,0,0.0,0,0.0,0.0,53282.15,53308.4,52783.45,53710.35,0,0.0,0.0,0.0,0.0,-0.01,-1,-1,-0.01,-1,-1,-0.01,-1,-1,-0.01,-1,-1,-0.01,-1,-1,-0.01,-1,-1,-0.01,-1,-1,-0.01,-1,-1,-0.01,-1,-1,-0.01,-1,-1
99926009,2026-05-18 10:59:17+05:30,53040.9,0,0.0,0,0.0,0.0,53282.15,53308.4,52783.45,53710.35,0,0.0,0.0,0.0,0.0,-0.01,-1,-1,-0.01,-1,-1,-0.01,-1,-1,-0.01,-1,-1,-0.01,-1,-1,-0.01,-1,-1,-0.01,-1,-1,-0.01,-1,-1,-0.01,-1,-1,-0.01,-1,-1
99926009,2026-05-18 10:59:18+05:30,53040.7,0,0.0,0,0.0,0.0,53282.15,53308.4,52783.45,53710.35,0,0.0,0.0,0.0,0.0,-0.01,-1,-1,-0.01,-1,-1,-0.01,-1,-1,-0.01,-1,-1,-0.01,-1,-1,-0.01,-1,-1,-0.01,-1,-1,-0.01,-1,-1,-0.01,-1,-1,-0.01,-1,-1
99926009,2026-05-18 10:59:18+05:30,53047.05,0,0.0,0,0.0,0.0,53282.15,53308.4,52783.45,53710.35,0,0.0,0.0,0.0,0.0,-0.01,-1,-1,-0.01,-1,-1,-0.01,-1,-1,-0.01,-1,-1,-0.01,-1,-1,-0.01,-1,-1,-0.01,-1,-1,-0.01,-1,-1,-0.01,-1,-1,-0.01,-1,-1
99926009,2026-05-18 10:59:19+05:30,53048.0,0,0.0,0,0.0,0.0,53282.15,53308.4,52783.45,53710.35,0,0.0,0.0,0.0,0.0,-0.01,-1,-1,-0.01,-1,-1,-0.01,-1,-1,-0.01,-1,-1,-0.01,-1,-1,-0.01,-1,-1,-0.01,-1,-1,-0.01,-1,-1,-0.01,-1,-1,-0.01,-1,-1
99926009,2026-05-18 10:59:19+05:30,53047.15,0,0.0,0,0.0,0.0,53282.15,53308.4,52783.45,53710.35,0,0.0,0.0,0.0,0.0,-0.01,-1,-1,-0.01,-1,-1,-0.01,-1,-1,-0.01,-1,-1,-0.01,-1,-1,-0.01,-1,-1,-0.01,-1,-1,-0.01,-1,-1,-0.01,-1,-1,-0.01,-1,-1
99926009,2026-05-18 10:59:20+05:30,53046.65,0,0.0,0,0.0,0.0,53282.15,53308.4,52783.45,53710.35,0,0.0,0.0,0.0,0.0,-0.01,-1,-1,-0.01,-1,-1,-0.01,-1,-1,-0.01,-1,-1,-0.01,-1,-1,-0.01,-1,-1,-0.01,-1,-1,-0.01,-1,-1,-0.01,-1,-1,-0.01,-1,-1
99926009,2026-05-18 10:59:20+05:30,53046.0,0,0.0,0,0.0,0.0,53282.15,53308.4,52783.45,53710.35,0,0.0,0.0,0.0,0.0,-0.01,-1,-1,-0.01,-1,-1,-0.01,-1,-1,-0.01,-1,-1,-0.01,-1,-1,-0.01,-1,-1,-0.01,-1,-1,-0.01,-1,-1,-0.01,-1,-1,-0.01,-1,-1
99926009,2026-05-18 10:59:21+05:30,53048.55,0,0.0,0,0.0,0.0,53282.15,53308.4,52783.45,53710.35,0,0.0,0.0,0.0,0.0,-0.01,-1,-1,-0.01,-1,-1,-0.01,-1,-1,-0.01,-1,-1,-0.01,-1,-1,-0.01,-1,-1,-0.01,-1,-1,-0.01,-1,-1,-0.01,-1,-1,-0.01,-1,-1
99926009,2026-05-18 10:59:21+05:30,53047.65,0,0.0,0,0.0,0.0,53282.15,53308.4,52783.45,53710.35,0,0.0,0.0,0.0,0.0,-0.01,-1,-1,-0.01,-1,-1,-0.01,-1,-1,-0.01,-1,-1,-0.01,-1,-1,-0.01,-1,-1,-0.01,-1,-1,-0.01,-1,-1,-0.01,-1,-1,-0.01,-1,-1
99926009,2026-05-18 10:59:22+05:30,53046.1,0,0.0,0,0.0,0.0,53282.15,53308.4,52783.45,53710.35,0,0.0,0.0,0.0,0.0,-0.01,-1,-1,-0.01,-1,-1,-0.01,-1,-1,-0.01,-1,-1,-0.01,-1,-1,-0.01,-1,-1,-0.01,-1,-1,-0.01,-1,-1,-0.01,-1,-1,-0.01,-1,-1
99926009,2026-05-18 10:59:22+05:30,53047.4,0,0.0,0,0.0,0.0,53282.15,53308.4,52783.45,53710.35,0,0.0,0.0,0.0,0.0,-0.01,-1,-1,-0.01,-1,-1,-0.01,-1,-1,-0.01,-1,-1,-0.01,-1,-1,-0.01,-1,-1,-0.01,-1,-1,-0.01,-1,-1,-0.01,-1,-1,-0.01,-1,-1
99926009,2026-05-18 10:59:23+05:30,53047.05,0,0.0,0,0.0,0.0,53282.15,53308.4,52783.45,53710.35,0,0.0,0.0,0.0,0.0,-0.01,-1,-1,-0.01,-1,-1,-0.01,-1,-1,-0.01,-1,-1,-0.01,-1,-1,-0.01,-1,-1,-0.01,-1,-1,-0.01,-1,-1,-0.01,-1,-1,-0.01,-1,-1
99926009,2026-05-18 10:59:23+05:30,53048.9,0,0.0,0,0.0,0.0,53282.15,53308.4,52783.45,53710.35,0,0.0,0.0,0.0,0.0,-0.01,-1,-1,-0.01,-1,-1,-0.01,-1,-1,-0.01,-1,-1,-0.01,-1,-1,-0.01,-1,-1,-0.01,-1,-1,-0.01,-1,-1,-0.01,-1,-1,-0.01,-1,-1
99926009,2026-05-18 10:59:24+05:30,53043.85,0,0.0,0,0.0,0.0,53282.15,53308.4,52783.45,53710.35,0,0.0,0.0,0.0,0.0,-0.01,-1,-1,-0.01,-1,-1,-0.01,-1,-1,-0.01,-1,-1,-0.01,-1,-1,-0.01,-1,-1,-0.01,-1,-1,-0.01,-1,-1,-0.01,-1,-1,-0.01,-1,-1
99926009,2026-05-18 10:59:24+05:30,53043.65,0,0.0,0,0.0,0.0,53282.15,53308.4,52783.45,53710.35,0,0.0,0.0,0.0,0.0,-0.01,-1,-1,-0.01,-1,-1,-0.01,-1,-1,-0.01,-1,-1,-0.01,-1,-1,-0.01,-1,-1,-0.01,-1,-1,-0.01,-1,-1,-0.01,-1,-1,-0.01,-1,-1
99926009,2026-05-18 10:59:25+05:30,53045.75,0,0.0,0,0.0,0.0,53282.15,53308.4,52783.45,53710.35,0,0.0,0.0,0.0,0.0,-0.01,-1,-1,-0.01,-1,-1,-0.01,-1,-1,-0.01,-1,-1,-0.01,-1,-1,-0.01,-1,-1,-0.01,-1,-1,-0.01,-1,-1,-0.01,-1,-1,-0.01,-1,-1
99926009,2026-05-18 10:59:25+05:30,53044.95,0,0.0,0,0.0,0.0,53282.15,53308.4,52783.45,53710.35,0,0.0,0.0,0.0,0.0,-0.01,-1,-1,-0.01,-1,-1,-0.01,-1,-1,-0.01,-1,-1,-0.01,-1,-1,-0.01,-1,-1,-0.01,-1,-1,-0.01,-1,-1,-0.01,-1,-1,-0.01,-1,-1
99926009,2026-05-18 10:59:26+05:30,53047.85,0,0.0,0,0.0,0.0,53282.15,53308.4,52783.45,53710.35,0,0.0,0.0,0.0,0.0,-0.01,-1,-1,-0.01,-1,-1,-0.01,-1,-1,-0.01,-1,-1,-0.01,-1,-1,-0.01,-1,-1,-0.01,-1,-1,-0.01,-1,-1,-0.01,-1,-1,-0.01,-1,-1
99926009,2026-05-18 10:59:26+05:30,53046.55,0,0.0,0,0.0,0.0,53282.15,53308.4,52783.45,53710.35,0,0.0,0.0,0.0,0.0,-0.01,-1,-1,-0.01,-1,-1,-0.01,-1,-1,-0.01,-1,-1,-0.01,-1,-1,-0.01,-1,-1,-0.01,-1,-1,-0.01,-1,-1,-0.01,-1,-1,-0.01,-1,-1
99926009,2026-05-18 10:59:27+05:30,53045.35,0,0.0,0,0.0,0.0,53282.15,53308.4,52783.45,53710.35,0,0.0,0.0,0.0,0.0,-0.01,-1,-1,-0.01,-1,-1,-0.01,-1,-1,-0.01,-1,-1,-0.01,-1,-1,-0.01,-1,-1,-0.01,-1,-1,-0.01,-1,-1,-0.01,-1,-1,-0.01,-1,-1
99926009,2026-05-18 10:59:27+05:30,53048.75,0,0.0,0,0.0,0.0,53282.15,53308.4,52783.45,53710.35,0,0.0,0.0,0.0,0.0,-0.01,-1,-1,-0.01,-1,-1,-0.01,-1,-1,-0.01,-1,-1,-0.01,-1,-1,-0.01,-1,-1,-0.01,-1,-1,-0.01,-1,-1,-0.01,-1,-1,-0.01,-1,-1
99926009,2026-05-18 10:59:28+05:30,53052.6,0,0.0,0,0.0,0.0,53282.15,53308.4,52783.45,53710.35,0,0.0,0.0,0.0,0.0,-0.01,-1,-1,-0.01,-1,-1,-0.01,-1,-1,-0.01,-1,-1,-0.01,-1,-1,-0.01,-1,-1,-0.01,-1,-1,-0.01,-1,-1,-0.01,-1,-1,-0.01,-1,-1
99926009,2026-05-18 10:59:28+05:30,53053.65,0,0.0,0,0.0,0.0,53282.15,53308.4,52783.45,53710.35,0,0.0,0.0,0.0,0.0,-0.01,-1,-1,-0.01,-1,-1,-0.01,-1,-1,-0.01,-1,-1,-0.01,-1,-1,-0.01,-1,-1,-0.01,-1,-1,-0.01,-1,-1,-0.01,-1,-1,-0.01,-1,-1
99926009,2026-05-18 10:59:29+05:30,53052.15,0,0.0,0,0.0,0.0,53282.15,53308.4,52783.45,53710.35,0,0.0,0.0,0.0,0.0,-0.01,-1,-1,-0.01,-1,-1,-0.01,-1,-1,-0.01,-1,-1,-0.01,-1,-1,-0.01,-1,-1,-0.01,-1,-1,-0.01,-1,-1,-0.01,-1,-1,-0.01,-1,-1
99926009,2026-05-18 10:59:29+05:30,53053.7,0,0.0,0,0.0,0.0,53282.15,53308.4,52783.45,53710.35,0,0.0,0.0,0.0,0.0,-0.01,-1,-1,-0.01,-1,-1,-0.01,-1,-1,-0.01,-1,-1,-0.01,-1,-1,-0.01,-1,-1,-0.01,-1,-1,-0.01,-1,-1,-0.01,-1,-1,-0.01,-1,-1
99926009,2026-05-18 10:59:30+05:30,53058.25,0,0.0,0,0.0,0.0,53282.15,53308.4,52783.45,53710.35,0,0.0,0.0,0.0,0.0,-0.01,-1,-1,-0.01,-1,-1,-0.01,-1,-1,-0.01,-1,-1,-0.01,-1,-1,-0.01,-1,-1,-0.01,-1,-1,-0.01,-1,-1,-0.01,-1,-1,-0.01,-1,-1
99926009,2026-05-18 10:59:30+05:30,53057.65,0,0.0,0,0.0,0.0,53282.15,53308.4,52783.45,53710.35,0,0.0,0.0,0.0,0.0,-0.01,-1,-1,-0.01,-1,-1,-0.01,-1,-1,-0.01,-1,-1,-0.01,-1,-1,-0.01,-1,-1,-0.01,-1,-1,-0.01,-1,-1,-0.01,-1,-1,-0.01,-1,-1
99926009,2026-05-18 10:59:31+05:30,53060.2,0,0.0,0,0.0,0.0,53282.15,53308.4,52783.45,53710.35,0,0.0,0.0,0.0,0.0,-0.01,-1,-1,-0.01,-1,-1,-0.01,-1,-1,-0.01,-1,-1,-0.01,-1,-1,-0.01,-1,-1,-0.01,-1,-1,-0.01,-1,-1,-0.01,-1,-1,-0.01,-1,-1
99926009,2026-05-18 10:59:31+05:30,53060.25,0,0.0,0,0.0,0.0,53282.15,53308.4,52783.45,53710.35,0,0.0,0.0,0.0,0.0,-0.01,-1,-1,-0.01,-1,-1,-0.01,-1,-1,-0.01,-1,-1,-0.01,-1,-1,-0.01,-1,-1,-0.01,-1,-1,-0.01,-1,-1,-0.01,-1,-1,-0.01,-1,-1
99926009,2026-05-18 10:59:32+05:30,53062.55,0,0.0,0,0.0,0.0,53282.15,53308.4,52783.45,53710.35,0,0.0,0.0,0.0,0.0,-0.01,-1,-1,-0.01,-1,-1,-0.01,-1,-1,-0.01,-1,-1,-0.01,-1,-1,-0.01,-1,-1,-0.01,-1,-1,-0.01,-1,-1,-0.01,-1,-1,-0.01,-1,-1
99926009,2026-05-18 10:59:32+05:30,53065.2,0,0.0,0,0.0,0.0,53282.15,53308.4,52783.45,53710.35,0,0.0,0.0,0.0,0.0,-0.01,-1,-1,-0.01,-1,-1,-0.01,-1,-1,-0.01,-1,-1,-0.01,-1,-1,-0.01,-1,-1,-0.01,-1,-1,-0.01,-1,-1,-0.01,-1,-1,-0.01,-1,-1
99926009,2026-05-18 10:59:33+05:30,53065.45,0,0.0,0,0.0,0.0,53282.15,53308.4,52783.45,53710.35,0,0.0,0.0,0.0,0.0,-0.01,-1,-1,-0.01,-1,-1,-0.01,-1,-1,-0.01,-1,-1,-0.01,-1,-1,-0.01,-1,-1,-0.01,-1,-1,-0.01,-1,-1,-0.01,-1,-1,-0.01,-1,-1
99926009,2026-05-18 10:59:33+05:30,53061.0,0,0.0,0,0.0,0.0,53282.15,53308.4,52783.45,53710.35,0,0.0,0.0,0.0,0.0,-0.01,-1,-1,-0.01,-1,-1,-0.01,-1,-1,-0.01,-1,-1,-0.01,-1,-1,-0.01,-1,-1,-0.01,-1,-1,-0.01,-1,-1,-0.01,-1,-1,-0.01,-1,-1
99926009,2026-05-18 10:59:34+05:30,53066.85,0,0.0,0,0.0,0.0,53282.15,53308.4,52783.45,53710.35,0,0.0,0.0,0.0,0.0,-0.01,-1,-1,-0.01,-1,-1,-0.01,-1,-1,-0.01,-1,-1,-0.01,-1,-1,-0.01,-1,-1,-0.01,-1,-1,-0.01,-1,-1,-0.01,-1,-1,-0.01,-1,-1
99926009,2026-05-18 10:59:34+05:30,53063.25,0,0.0,0,0.0,0.0,53282.15,53308.4,52783.45,53710.35,0,0.0,0.0,0.0,0.0,-0.01,-1,-1,-0.01,-1,-1,-0.01,-1,-1,-0.01,-1,-1,-0.01,-1,-1,-0.01,-1,-1,-0.01,-1,-1,-0.01,-1,-1,-0.01,-1,-1,-0.01,-1,-1
99926009,2026-05-18 10:59:35+05:30,53064.35,0,0.0,0,0.0,0.0,53282.15,53308.4,52783.45,53710.35,0,0.0,0.0,0.0,0.0,-0.01,-1,-1,-0.01,-1,-1,-0.01,-1,-1,-0.01,-1,-1,-0.01,-1,-1,-0.01,-1,-1,-0.01,-1,-1,-0.01,-1,-1,-0.01,-1,-1,-0.01,-1,-1
99926009,2026-05-18 10:59:35+05:30,53060.5,0,0.0,0,0.0,0.0,53282.15,53308.4,52783.45,53710.35,0,0.0,0.0,0.0,0.0,-0.01,-1,-1,-0.01,-1,-1,-0.01,-1,-1,-0.01,-1,-1,-0.01,-1,-1,-0.01,-1,-1,-0.01,-1,-1,-0.01,-1,-1,-0.01,-1,-1,-0.01,-1,-1
99926009,2026-05-18 10:59:36+05:30,53063.65,0,0.0,0,0.0,0.0,53282.15,53308.4,52783.45,53710.35,0,0.0,0.0,0.0,0.0,-0.01,-1,-1,-0.01,-1,-1,-0.01,-1,-1,-0.01,-1,-1,-0.01,-1,-1,-0.01,-1,-1,-0.01,-1,-1,-0.01,-1,-1,-0.01,-1,-1,-0.01,-1,-1
99926009,2026-05-18 10:59:36+05:30,53064.05,0,0.0,0,0.0,0.0,53282.15,53308.4,52783.45,53710.35,0,0.0,0.0,0.0,0.0,-0.01,-1,-1,-0.01,-1,-1,-0.01,-1,-1,-0.01,-1,-1,-0.01,-1,-1,-0.01,-1,-1,-0.01,-1,-1,-0.01,-1,-1,-0.01,-1,-1,-0.01,-1,-1
99926009,2026-05-18 10:59:37+05:30,53063.5,0,0.0,0,0.0,0.0,53282.15,53308.4,52783.45,53710.35,0,0.0,0.0,0.0,0.0,-0.01,-1,-1,-0.01,-1,-1,-0.01,-1,-1,-0.01,-1,-1,-0.01,-1,-1,-0.01,-1,-1,-0.01,-1,-1,-0.01,-1,-1,-0.01,-1,-1,-0.01,-1,-1
99926009,2026-05-18 10:59:37+05:30,53060.95,0,0.0,0,0.0,0.0,53282.15,53308.4,52783.45,53710.35,0,0.0,0.0,0.0,0.0,-0.01,-1,-1,-0.01,-1,-1,-0.01,-1,-1,-0.01,-1,-1,-0.01,-1,-1,-0.01,-1,-1,-0.01,-1,-1,-0.01,-1,-1,-0.01,-1,-1,-0.01,-1,-1
99926009,2026-05-18 10:59:38+05:30,53062.7,0,0.0,0,0.0,0.0,53282.15,53308.4,52783.45,53710.35,0,0.0,0.0,0.0,0.0,-0.01,-1,-1,-0.01,-1,-1,-0.01,-1,-1,-0.01,-1,-1,-0.01,-1,-1,-0.01,-1,-1,-0.01,-1,-1,-0.01,-1,-1,-0.01,-1,-1,-0.01,-1,-1
99926009,2026-05-18 10:59:38+05:30,53066.25,0,0.0,0,0.0,0.0,53282.15,53308.4,52783.45,53710.35,0,0.0,0.0,0.0,0.0,-0.01,-1,-1,-0.01,-1,-1,-0.01,-1,-1,-0.01,-1,-1,-0.01,-1,-1,-0.01,-1,-1,-0.01,-1,-1,-0.01,-1,-1,-0.01,-1,-1,-0.01,-1,-1
99926009,2026-05-18 10:59:39+05:30,53063.65,0,0.0,0,0.0,0.0,53282.15,53308.4,52783.45,53710.35,0,0.0,0.0,0.0,0.0,-0.01,-1,-1,-0.01,-1,-1,-0.01,-1,-1,-0.01,-1,-1,-0.01,-1,-1,-0.01,-1,-1,-0.01,-1,-1,-0.01,-1,-1,-0.01,-1,-1,-0.01,-1,-1
99926009,2026-05-18 10:59:39+05:30,53065.05,0,0.0,0,0.0,0.0,53282.15,53308.4,52783.45,53710.35,0,0.0,0.0,0.0,0.0,-0.01,-1,-1,-0.01,-1,-1,-0.01,-1,-1,-0.01,-1,-1,-0.01,-1,-1,-0.01,-1,-1,-0.01,-1,-1,-0.01,-1,-1,-0.01,-1,-1,-0.01,-1,-1
99926009,2026-05-18 10:59:40+05:30,53065.25,0,0.0,0,0.0,0.0,53282.15,53308.4,52783.45,53710.35,0,0.0,0.0,0.0,0.0,-0.01,-1,-1,-0.01,-1,-1,-0.01,-1,-1,-0.01,-1,-1,-0.01,-1,-1,-0.01,-1,-1,-0.01,-1,-1,-0.01,-1,-1,-0.01,-1,-1,-0.01,-1,-1
99926009,2026-05-18 10:59:40+05:30,53063.45,0,0.0,0,0.0,0.0,53282.15,53308.4,52783.45,53710.35,0,0.0,0.0,0.0,0.0,-0.01,-1,-1,-0.01,-1,-1,-0.01,-1,-1,-0.01,-1,-1,-0.01,-1,-1,-0.01,-1,-1,-0.01,-1,-1,-0.01,-1,-1,-0.01,-1,-1,-0.01,-1,-1
99926009,2026-05-18 10:59:41+05:30,53066.0,0,0.0,0,0.0,0.0,53282.15,53308.4,52783.45,53710.35,0,0.0,0.0,0.0,0.0,-0.01,-1,-1,-0.01,-1,-1,-0.01,-1,-1,-0.01,-1,-1,-0.01,-1,-1,-0.01,-1,-1,-0.01,-1,-1,-0.01,-1,-1,-0.01,-1,-1,-0.01,-1,-1
99926009,2026-05-18 10:59:41+05:30,53065.45,0,0.0,0,0.0,0.0,53282.15,53308.4,52783.45,53710.35,0,0.0,0.0,0.0,0.0,-0.01,-1,-1,-0.01,-1,-1,-0.01,-1,-1,-0.01,-1,-1,-0.01,-1,-1,-0.01,-1,-1,-0.01,-1,-1,-0.01,-1,-1,-0.01,-1,-1,-0.01,-1,-1
99926009,2026-05-18 10:59:42+05:30,53065.7,0,0.0,0,0.0,0.0,53282.15,53308.4,52783.45,53710.35,0,0.0,0.0,0.0,0.0,-0.01,-1,-1,-0.01,-1,-1,-0.01,-1,-1,-0.01,-1,-1,-0.01,-1,-1,-0.01,-1,-1,-0.01,-1,-1,-0.01,-1,-1,-0.01,-1,-1,-0.01,-1,-1
99926009,2026-05-18 10:59:42+05:30,53066.15,0,0.0,0,0.0,0.0,53282.15,53308.4,52783.45,53710.35,0,0.0,0.0,0.0,0.0,-0.01,-1,-1,-0.01,-1,-1,-0.01,-1,-1,-0.01,-1,-1,-0.01,-1,-1,-0.01,-1,-1,-0.01,-1,-1,-0.01,-1,-1,-0.01,-1,-1,-0.01,-1,-1
99926009,2026-05-18 10:59:43+05:30,53067.35,0,0.0,0,0.0,0.0,53282.15,53308.4,52783.45,53710.35,0,0.0,0.0,0.0,0.0,-0.01,-1,-1,-0.01,-1,-1,-0.01,-1,-1,-0.01,-1,-1,-0.01,-1,-1,-0.01,-1,-1,-0.01,-1,-1,-0.01,-1,-1,-0.01,-1,-1,-0.01,-1,-1
99926009,2026-05-18 10:59:43+05:30,53066.85,0,0.0,0,0.0,0.0,53282.15,53308.4,52783.45,53710.35,0,0.0,0.0,0.0,0.0,-0.01,-1,-1,-0.01,-1,-1,-0.01,-1,-1,-0.01,-1,-1,-0.01,-1,-1,-0.01,-1,-1,-0.01,-1,-1,-0.01,-1,-1,-0.01,-1,-1,-0.01,-1,-1
99926009,2026-05-18 10:59:44+05:30,53065.45,0,0.0,0,0.0,0.0,53282.15,53308.4,52783.45,53710.35,0,0.0,0.0,0.0,0.0,-0.01,-1,-1,-0.01,-1,-1,-0.01,-1,-1,-0.01,-1,-1,-0.01,-1,-1,-0.01,-1,-1,-0.01,-1,-1,-0.01,-1,-1,-0.01,-1,-1,-0.01,-1,-1
99926009,2026-05-18 10:59:44+05:30,53067.65,0,0.0,0,0.0,0.0,53282.15,53308.4,52783.45,53710.35,0,0.0,0.0,0.0,0.0,-0.01,-1,-1,-0.01,-1,-1,-0.01,-1,-1,-0.01,-1,-1,-0.01,-1,-1,-0.01,-1,-1,-0.01,-1,-1,-0.01,-1,-1,-0.01,-1,-1,-0.01,-1,-1
99926009,2026-05-18 10:59:45+05:30,53067.1,0,0.0,0,0.0,0.0,53282.15,53308.4,52783.45,53710.35,0,0.0,0.0,0.0,0.0,-0.01,-1,-1,-0.01,-1,-1,-0.01,-1,-1,-0.01,-1,-1,-0.01,-1,-1,-0.01,-1,-1,-0.01,-1,-1,-0.01,-1,-1,-0.01,-1,-1,-0.01,-1,-1
99926009,2026-05-18 10:59:45+05:30,53068.15,0,0.0,0,0.0,0.0,53282.15,53308.4,52783.45,53710.35,0,0.0,0.0,0.0,0.0,-0.01,-1,-1,-0.01,-1,-1,-0.01,-1,-1,-0.01,-1,-1,-0.01,-1,-1,-0.01,-1,-1,-0.01,-1,-1,-0.01,-1,-1,-0.01,-1,-1,-0.01,-1,-1
99926009,2026-05-18 10:59:46+05:30,53066.85,0,0.0,0,0.0,0.0,53282.15,53308.4,52783.45,53710.35,0,0.0,0.0,0.0,0.0,-0.01,-1,-1,-0.01,-1,-1,-0.01,-1,-1,-0.01,-1,-1,-0.01,-1,-1,-0.01,-1,-1,-0.01,-1,-1,-0.01,-1,-1,-0.01,-1,-1,-0.01,-1,-1
99926009,2026-05-18 10:59:46+05:30,53064.7,0,0.0,0,0.0,0.0,53282.15,53308.4,52783.45,53710.35,0,0.0,0.0,0.0,0.0,-0.01,-1,-1,-0.01,-1,-1,-0.01,-1,-1,-0.01,-1,-1,-0.01,-1,-1,-0.01,-1,-1,-0.01,-1,-1,-0.01,-1,-1,-0.01,-1,-1,-0.01,-1,-1
99926009,2026-05-18 10:59:47+05:30,53063.75,0,0.0,0,0.0,0.0,53282.15,53308.4,52783.45,53710.35,0,0.0,0.0,0.0,0.0,-0.01,-1,-1,-0.01,-1,-1,-0.01,-1,-1,-0.01,-1,-1,-0.01,-1,-1,-0.01,-1,-1,-0.01,-1,-1,-0.01,-1,-1,-0.01,-1,-1,-0.01,-1,-1
99926009,2026-05-18 10:59:47+05:30,53067.05,0,0.0,0,0.0,0.0,53282.15,53308.4,52783.45,53710.35,0,0.0,0.0,0.0,0.0,-0.01,-1,-1,-0.01,-1,-1,-0.01,-1,-1,-0.01,-1,-1,-0.01,-1,-1,-0.01,-1,-1,-0.01,-1,-1,-0.01,-1,-1,-0.01,-1,-1,-0.01,-1,-1
99926009,2026-05-18 10:59:48+05:30,53068.5,0,0.0,0,0.0,0.0,53282.15,53308.4,52783.45,53710.35,0,0.0,0.0,0.0,0.0,-0.01,-1,-1,-0.01,-1,-1,-0.01,-1,-1,-0.01,-1,-1,-0.01,-1,-1,-0.01,-1,-1,-0.01,-1,-1,-0.01,-1,-1,-0.01,-1,-1,-0.01,-1,-1
99926009,2026-05-18 10:59:48+05:30,53067.0,0,0.0,0,0.0,0.0,53282.15,53308.4,52783.45,53710.35,0,0.0,0.0,0.0,0.0,-0.01,-1,-1,-0.01,-1,-1,-0.01,-1,-1,-0.01,-1,-1,-0.01,-1,-1,-0.01,-1,-1,-0.01,-1,-1,-0.01,-1,-1,-0.01,-1,-1,-0.01,-1,-1
99926009,2026-05-18 10:59:49+05:30,53067.8,0,0.0,0,0.0,0.0,53282.15,53308.4,52783.45,53710.35,0,0.0,0.0,0.0,0.0,-0.01,-1,-1,-0.01,-1,-1,-0.01,-1,-1,-0.01,-1,-1,-0.01,-1,-1,-0.01,-1,-1,-0.01,-1,-1,-0.01,-1,-1,-0.01,-1,-1,-0.01,-1,-1
99926009,2026-05-18 10:59:49+05:30,53066.05,0,0.0,0,0.0,0.0,53282.15,53308.4,52783.45,53710.35,0,0.0,0.0,0.0,0.0,-0.01,-1,-1,-0.01,-1,-1,-0.01,-1,-1,-0.01,-1,-1,-0.01,-1,-1,-0.01,-1,-1,-0.01,-1,-1,-0.01,-1,-1,-0.01,-1,-1,-0.01,-1,-1
99926009,2026-05-18 10:59:50+05:30,53068.8,0,0.0,0,0.0,0.0,53282.15,53308.4,52783.45,53710.35,0,0.0,0.0,0.0,0.0,-0.01,-1,-1,-0.01,-1,-1,-0.01,-1,-1,-0.01,-1,-1,-0.01,-1,-1,-0.01,-1,-1,-0.01,-1,-1,-0.01,-1,-1,-0.01,-1,-1,-0.01,-1,-1
99926009,2026-05-18 10:59:50+05:30,53067.55,0,0.0,0,0.0,0.0,53282.15,53308.4,52783.45,53710.35,0,0.0,0.0,0.0,0.0,-0.01,-1,-1,-0.01,-1,-1,-0.01,-1,-1,-0.01,-1,-1,-0.01,-1,-1,-0.01,-1,-1,-0.01,-1,-1,-0.01,-1,-1,-0.01,-1,-1,-0.01,-1,-1
99926009,2026-05-18 10:59:51+05:30,53068.65,0,0.0,0,0.0,0.0,53282.15,53308.4,52783.45,53710.35,0,0.0,0.0,0.0,0.0,-0.01,-1,-1,-0.01,-1,-1,-0.01,-1,-1,-0.01,-1,-1,-0.01,-1,-1,-0.01,-1,-1,-0.01,-1,-1,-0.01,-1,-1,-0.01,-1,-1,-0.01,-1,-1
99926009,2026-05-18 10:59:51+05:30,53068.05,0,0.0,0,0.0,0.0,53282.15,53308.4,52783.45,53710.35,0,0.0,0.0,0.0,0.0,-0.01,-1,-1,-0.01,-1,-1,-0.01,-1,-1,-0.01,-1,-1,-0.01,-1,-1,-0.01,-1,-1,-0.01,-1,-1,-0.01,-1,-1,-0.01,-1,-1,-0.01,-1,-1
99926009,2026-05-18 10:59:52+05:30,53069.5,0,0.0,0,0.0,0.0,53282.15,53308.4,52783.45,53710.35,0,0.0,0.0,0.0,0.0,-0.01,-1,-1,-0.01,-1,-1,-0.01,-1,-1,-0.01,-1,-1,-0.01,-1,-1,-0.01,-1,-1,-0.01,-1,-1,-0.01,-1,-1,-0.01,-1,-1,-0.01,-1,-1
99926009,2026-05-18 10:59:52+05:30,53065.6,0,0.0,0,0.0,0.0,53282.15,53308.4,52783.45,53710.35,0,0.0,0.0,0.0,0.0,-0.01,-1,-1,-0.01,-1,-1,-0.01,-1,-1,-0.01,-1,-1,-0.01,-1,-1,-0.01,-1,-1,-0.01,-1,-1,-0.01,-1,-1,-0.01,-1,-1,-0.01,-1,-1
99926009,2026-05-18 10:59:53+05:30,53066.95,0,0.0,0,0.0,0.0,53282.15,53308.4,52783.45,53710.35,0,0.0,0.0,0.0,0.0,-0.01,-1,-1,-0.01,-1,-1,-0.01,-1,-1,-0.01,-1,-1,-0.01,-1,-1,-0.01,-1,-1,-0.01,-1,-1,-0.01,-1,-1,-0.01,-1,-1,-0.01,-1,-1
99926009,2026-05-18 10:59:53+05:30,53067.65,0,0.0,0,0.0,0.0,53282.15,53308.4,52783.45,53710.35,0,0.0,0.0,0.0,0.0,-0.01,-1,-1,-0.01,-1,-1,-0.01,-1,-1,-0.01,-1,-1,-0.01,-1,-1,-0.01,-1,-1,-0.01,-1,-1,-0.01,-1,-1,-0.01,-1,-1,-0.01,-1,-1
99926009,2026-05-18 10:59:54+05:30,53067.2,0,0.0,0,0.0,0.0,53282.15,53308.4,52783.45,53710.35,0,0.0,0.0,0.0,0.0,-0.01,-1,-1,-0.01,-1,-1,-0.01,-1,-1,-0.01,-1,-1,-0.01,-1,-1,-0.01,-1,-1,-0.01,-1,-1,-0.01,-1,-1,-0.01,-1,-1,-0.01,-1,-1
99926009,2026-05-18 10:59:54+05:30,53068.45,0,0.0,0,0.0,0.0,53282.15,53308.4,52783.45,53710.35,0,0.0,0.0,0.0,0.0,-0.01,-1,-1,-0.01,-1,-1,-0.01,-1,-1,-0.01,-1,-1,-0.01,-1,-1,-0.01,-1,-1,-0.01,-1,-1,-0.01,-1,-1,-0.01,-1,-1,-0.01,-1,-1
99926009,2026-05-18 10:59:55+05:30,53068.6,0,0.0,0,0.0,0.0,53282.15,53308.4,52783.45,53710.35,0,0.0,0.0,0.0,0.0,-0.01,-1,-1,-0.01,-1,-1,-0.01,-1,-1,-0.01,-1,-1,-0.01,-1,-1,-0.01,-1,-1,-0.01,-1,-1,-0.01,-1,-1,-0.01,-1,-1,-0.01,-1,-1
99926009,2026-05-18 10:59:55+05:30,53067.7,0,0.0,0,0.0,0.0,53282.15,53308.4,52783.45,53710.35,0,0.0,0.0,0.0,0.0,-0.01,-1,-1,-0.01,-1,-1,-0.01,-1,-1,-0.01,-1,-1,-0.01,-1,-1,-0.01,-1,-1,-0.01,-1,-1,-0.01,-1,-1,-0.01,-1,-1,-0.01,-1,-1
99926009,2026-05-18 10:59:56+05:30,53068.3,0,0.0,0,0.0,0.0,53282.15,53308.4,52783.45,53710.35,0,0.0,0.0,0.0,0.0,-0.01,-1,-1,-0.01,-1,-1,-0.01,-1,-1,-0.01,-1,-1,-0.01,-1,-1,-0.01,-1,-1,-0.01,-1,-1,-0.01,-1,-1,-0.01,-1,-1,-0.01,-1,-1
99926009,2026-05-18 10:59:56+05:30,53068.8,0,0.0,0,0.0,0.0,53282.15,53308.4,52783.45,53710.35,0,0.0,0.0,0.0,0.0,-0.01,-1,-1,-0.01,-1,-1,-0.01,-1,-1,-0.01,-1,-1,-0.01,-1,-1,-0.01,-1,-1,-0.01,-1,-1,-0.01,-1,-1,-0.01,-1,-1,-0.01,-1,-1
99926009,2026-05-18 10:59:57+05:30,53068.5,0,0.0,0,0.0,0.0,53282.15,53308.4,52783.45,53710.35,0,0.0,0.0,0.0,0.0,-0.01,-1,-1,-0.01,-1,-1,-0.01,-1,-1,-0.01,-1,-1,-0.01,-1,-1,-0.01,-1,-1,-0.01,-1,-1,-0.01,-1,-1,-0.01,-1,-1,-0.01,-1,-1
99926009,2026-05-18 10:59:57+05:30,53065.7,0,0.0,0,0.0,0.0,53282.15,53308.4,52783.45,53710.35,0,0.0,0.0,0.0,0.0,-0.01,-1,-1,-0.01,-1,-1,-0.01,-1,-1,-0.01,-1,-1,-0.01,-1,-1,-0.01,-1,-1,-0.01,-1,-1,-0.01,-1,-1,-0.01,-1,-1,-0.01,-1,-1
99926009,2026-05-18 10:59:58+05:30,53065.7,0,0.0,0,0.0,0.0,53282.15,53308.4,52783.45,53710.35,0,0.0,0.0,0.0,0.0,-0.01,-1,-1,-0.01,-1,-1,-0.01,-1,-1,-0.01,-1,-1,-0.01,-1,-1,-0.01,-1,-1,-0.01,-1,-1,-0.01,-1,-1,-0.01,-1,-1,-0.01,-1,-1
99926009,2026-05-18 10:59:58+05:30,53064.3,0,0.0,0,0.0,0.0,53282.15,53308.4,52783.45,53710.35,0,0.0,0.0,0.0,0.0,-0.01,-1,-1,-0.01,-1,-1,-0.01,-1,-1,-0.01,-1,-1,-0.01,-1,-1,-0.01,-1,-1,-0.01,-1,-1,-0.01,-1,-1,-0.01,-1,-1,-0.01,-1,-1
99926009,2026-05-18 10:59:59+05:30,53066.2,0,0.0,0,0.0,0.0,53282.15,53308.4,52783.45,53710.35,0,0.0,0.0,0.0,0.0,-0.01,-1,-1,-0.01,-1,-1,-0.01,-1,-1,-0.01,-1,-1,-0.01,-1,-1,-0.01,-1,-1,-0.01,-1,-1,-0.01,-1,-1,-0.01,-1,-1,-0.01,-1,-1
99926009,2026-05-18 10:59:59+05:30,53065.35,0,0.0,0,0.0,0.0,53282.15,53308.4,52783.45,53710.35,0,0.0,0.0,0.0,0.0,-0.01,-1,-1,-0.01,-1,-1,-0.01,-1,-1,-0.01,-1,-1,-0.01,-1,-1,-0.01,-1,-1,-0.01,-1,-1,-0.01,-1,-1,-0.01,-1,-1,-0.01,-1,-1
99926009,2026-05-18 11:00:00+05:30,53067.6,0,0.0,0,0.0,0.0,53282.15,53308.4,52783.45,53710.35,0,0.0,0.0,0.0,0.0,-0.01,-1,-1,-0.01,-1,-1,-0.01,-1,-1,-0.01,-1,-1,-0.01,-1,-1,-0.01,-1,-1,-0.01,-1,-1,-0.01,-1,-1,-0.01,-1,-1,-0.01,-1,-1
99926009,2026-05-18 11:00:00+05:30,53067.65,0,0.0,0,0.0,0.0,53282.15,53308.4,52783.45,53710.35,0,0.0,0.0,0.0,0.0,-0.01,-1,-1,-0.01,-1,-1,-0.01,-1,-1,-0.01,-1,-1,-0.01,-1,-1,-0.01,-1,-1,-0.01,-1,-1,-0.01,-1,-1,-0.01,-1,-1,-0.01,-1,-1
99926009,2026-05-18 11:00:01+05:30,53069.3,0,0.0,0,0.0,0.0,53282.15,53308.4,52783.45,53710.35,0,0.0,0.0,0.0,0.0,-0.01,-1,-1,-0.01,-1,-1,-0.01,-1,-1,-0.01,-1,-1,-0.01,-1,-1,-0.01,-1,-1,-0.01,-1,-1,-0.01,-1,-1,-0.01,-1,-1,-0.01,-1,-1
99926009,2026-05-18 11:00:01+05:30,53069.25,0,0.0,0,0.0,0.0,53282.15,53308.4,52783.45,53710.35,0,0.0,0.0,0.0,0.0,-0.01,-1,-1,-0.01,-1,-1,-0.01,-1,-1,-0.01,-1,-1,-0.01,-1,-1,-0.01,-1,-1,-0.01,-1,-1,-0.01,-1,-1,-0.01,-1,-1,-0.01,-1,-1
99926009,2026-05-18 11:00:02+05:30,53071.3,0,0.0,0,0.0,0.0,53282.15,53308.4,52783.45,53710.35,0,0.0,0.0,0.0,0.0,-0.01,-1,-1,-0.01,-1,-1,-0.01,-1,-1,-0.01,-1,-1,-0.01,-1,-1,-0.01,-1,-1,-0.01,-1,-1,-0.01,-1,-1,-0.01,-1,-1,-0.01,-1,-1
99926009,2026-05-18 11:00:02+05:30,53067.85,0,0.0,0,0.0,0.0,53282.15,53308.4,52783.45,53710.35,0,0.0,0.0,0.0,0.0,-0.01,-1,-1,-0.01,-1,-1,-0.01,-1,-1,-0.01,-1,-1,-0.01,-1,-1,-0.01,-1,-1,-0.01,-1,-1,-0.01,-1,-1,-0.01,-1,-1,-0.01,-1,-1
99926009,2026-05-18 11:00:03+05:30,53069.5,0,0.0,0,0.0,0.0,53282.15,53308.4,52783.45,53710.35,0,0.0,0.0,0.0,0.0,-0.01,-1,-1,-0.01,-1,-1,-0.01,-1,-1,-0.01,-1,-1,-0.01,-1,-1,-0.01,-1,-1,-0.01,-1,-1,-0.01,-1,-1,-0.01,-1,-1,-0.01,-1,-1
99926009,2026-05-18 11:00:03+05:30,53070.15,0,0.0,0,0.0,0.0,53282.15,53308.4,52783.45,53710.35,0,0.0,0.0,0.0,0.0,-0.01,-1,-1,-0.01,-1,-1,-0.01,-1,-1,-0.01,-1,-1,-0.01,-1,-1,-0.01,-1,-1,-0.01,-1,-1,-0.01,-1,-1,-0.01,-1,-1,-0.01,-1,-1
99926009,2026-05-18 11:00:04+05:30,53072.55,0,0.0,0,0.0,0.0,53282.15,53308.4,52783.45,53710.35,0,0.0,0.0,0.0,0.0,-0.01,-1,-1,-0.01,-1,-1,-0.01,-1,-1,-0.01,-1,-1,-0.01,-1,-1,-0.01,-1,-1,-0.01,-1,-1,-0.01,-1,-1,-0.01,-1,-1,-0.01,-1,-1
99926009,2026-05-18 11:00:04+05:30,53072.05,0,0.0,0,0.0,0.0,53282.15,53308.4,52783.45,53710.35,0,0.0,0.0,0.0,0.0,-0.01,-1,-1,-0.01,-1,-1,-0.01,-1,-1,-0.01,-1,-1,-0.01,-1,-1,-0.01,-1,-1,-0.01,-1,-1,-0.01,-1,-1,-0.01,-1,-1,-0.01,-1,-1
99926009,2026-05-18 11:00:05+05:30,53074.6,0,0.0,0,0.0,0.0,53282.15,53308.4,52783.45,53710.35,0,0.0,0.0,0.0,0.0,-0.01,-1,-1,-0.01,-1,-1,-0.01,-1,-1,-0.01,-1,-1,-0.01,-1,-1,-0.01,-1,-1,-0.01,-1,-1,-0.01,-1,-1,-0.01,-1,-1,-0.01,-1,-1
99926009,2026-05-18 11:00:05+05:30,53073.8,0,0.0,0,0.0,0.0,53282.15,53308.4,52783.45,53710.35,0,0.0,0.0,0.0,0.0,-0.01,-1,-1,-0.01,-1,-1,-0.01,-1,-1,-0.01,-1,-1,-0.01,-1,-1,-0.01,-1,-1,-0.01,-1,-1,-0.01,-1,-1,-0.01,-1,-1,-0.01,-1,-1
99926009,2026-05-18 11:00:06+05:30,53074.0,0,0.0,0,0.0,0.0,53282.15,53308.4,52783.45,53710.35,0,0.0,0.0,0.0,0.0,-0.01,-1,-1,-0.01,-1,-1,-0.01,-1,-1,-0.01,-1,-1,-0.01,-1,-1,-0.01,-1,-1,-0.01,-1,-1,-0.01,-1,-1,-0.01,-1,-1,-0.01,-1,-1
99926009,2026-05-18 11:00:06+05:30,53073.3,0,0.0,0,0.0,0.0,53282.15,53308.4,52783.45,53710.35,0,0.0,0.0,0.0,0.0,-0.01,-1,-1,-0.01,-1,-1,-0.01,-1,-1,-0.01,-1,-1,-0.01,-1,-1,-0.01,-1,-1,-0.01,-1,-1,-0.01,-1,-1,-0.01,-1,-1,-0.01,-1,-1
99926009,2026-05-18 11:00:07+05:30,53072.95,0,0.0,0,0.0,0.0,53282.15,53308.4,52783.45,53710.35,0,0.0,0.0,0.0,0.0,-0.01,-1,-1,-0.01,-1,-1,-0.01,-1,-1,-0.01,-1,-1,-0.01,-1,-1,-0.01,-1,-1,-0.01,-1,-1,-0.01,-1,-1,-0.01,-1,-1,-0.01,-1,-1
99926009,2026-05-18 11:00:07+05:30,53072.75,0,0.0,0,0.0,0.0,53282.15,53308.4,52783.45,53710.35,0,0.0,0.0,0.0,0.0,-0.01,-1,-1,-0.01,-1,-1,-0.01,-1,-1,-0.01,-1,-1,-0.01,-1,-1,-0.01,-1,-1,-0.01,-1,-1,-0.01,-1,-1,-0.01,-1,-1,-0.01,-1,-1
99926009,2026-05-18 11:00:08+05:30,53070.3,0,0.0,0,0.0,0.0,53282.15,53308.4,52783.45,53710.35,0,0.0,0.0,0.0,0.0,-0.01,-1,-1,-0.01,-1,-1,-0.01,-1,-1,-0.01,-1,-1,-0.01,-1,-1,-0.01,-1,-1,-0.01,-1,-1,-0.01,-1,-1,-0.01,-1,-1,-0.01,-1,-1
99926009,2026-05-18 11:00:08+05:30,53071.65,0,0.0,0,0.0,0.0,53282.15,53308.4,52783.45,53710.35,0,0.0,0.0,0.0,0.0,-0.01,-1,-1,-0.01,-1,-1,-0.01,-1,-1,-0.01,-1,-1,-0.01,-1,-1,-0.01,-1,-1,-0.01,-1,-1,-0.01,-1,-1,-0.01,-1,-1,-0.01,-1,-1
99926009,2026-05-18 11:00:09+05:30,53070.45,0,0.0,0,0.0,0.0,53282.15,53308.4,52783.45,53710.35,0,0.0,0.0,0.0,0.0,-0.01,-1,-1,-0.01,-1,-1,-0.01,-1,-1,-0.01,-1,-1,-0.01,-1,-1,-0.01,-1,-1,-0.01,-1,-1,-0.01,-1,-1,-0.01,-1,-1,-0.01,-1,-1
99926009,2026-05-18 11:00:09+05:30,53075.0,0,0.0,0,0.0,0.0,53282.15,53308.4,52783.45,53710.35,0,0.0,0.0,0.0,0.0,-0.01,-1,-1,-0.01,-1,-1,-0.01,-1,-1,-0.01,-1,-1,-0.01,-1,-1,-0.01,-1,-1,-0.01,-1,-1,-0.01,-1,-1,-0.01,-1,-1,-0.01,-1,-1
99926009,2026-05-18 11:00:10+05:30,53075.85,0,0.0,0,0.0,0.0,53282.15,53308.4,52783.45,53710.35,0,0.0,0.0,0.0,0.0,-0.01,-1,-1,-0.01,-1,-1,-0.01,-1,-1,-0.01,-1,-1,-0.01,-1,-1,-0.01,-1,-1,-0.01,-1,-1,-0.01,-1,-1,-0.01,-1,-1,-0.01,-1,-1
99926009,2026-05-18 11:00:10+05:30,53074.35,0,0.0,0,0.0,0.0,53282.15,53308.4,52783.45,53710.35,0,0.0,0.0,0.0,0.0,-0.01,-1,-1,-0.01,-1,-1,-0.01,-1,-1,-0.01,-1,-1,-0.01,-1,-1,-0.01,-1,-1,-0.01,-1,-1,-0.01,-1,-1,-0.01,-1,-1,-0.01,-1,-1
99926009,2026-05-18 11:00:11+05:30,53071.9,0,0.0,0,0.0,0.0,53282.15,53308.4,52783.45,53710.35,0,0.0,0.0,0.0,0.0,-0.01,-1,-1,-0.01,-1,-1,-0.01,-1,-1,-0.01,-1,-1,-0.01,-1,-1,-0.01,-1,-1,-0.01,-1,-1,-0.01,-1,-1,-0.01,-1,-1,-0.01,-1,-1
99926009,2026-05-18 11:00:11+05:30,53072.6,0,0.0,0,0.0,0.0,53282.15,53308.4,52783.45,53710.35,0,0.0,0.0,0.0,0.0,-0.01,-1,-1,-0.01,-1,-1,-0.01,-1,-1,-0.01,-1,-1,-0.01,-1,-1,-0.01,-1,-1,-0.01,-1,-1,-0.01,-1,-1,-0.01,-1,-1,-0.01,-1,-1
99926009,2026-05-18 11:00:12+05:30,53071.55,0,0.0,0,0.0,0.0,53282.15,53308.4,52783.45,53710.35,0,0.0,0.0,0.0,0.0,-0.01,-1,-1,-0.01,-1,-1,-0.01,-1,-1,-0.01,-1,-1,-0.01,-1,-1,-0.01,-1,-1,-0.01,-1,-1,-0.01,-1,-1,-0.01,-1,-1,-0.01,-1,-1
99926009,2026-05-18 11:00:12+05:30,53074.35,0,0.0,0,0.0,0.0,53282.15,53308.4,52783.45,53710.35,0,0.0,0.0,0.0,0.0,-0.01,-1,-1,-0.01,-1,-1,-0.01,-1,-1,-0.01,-1,-1,-0.01,-1,-1,-0.01,-1,-1,-0.01,-1,-1,-0.01,-1,-1,-0.01,-1,-1,-0.01,-1,-1
99926009,2026-05-18 11:00:13+05:30,53075.1,0,0.0,0,0.0,0.0,53282.15,53308.4,52783.45,53710.35,0,0.0,0.0,0.0,0.0,-0.01,-1,-1,-0.01,-1,-1,-0.01,-1,-1,-0.01,-1,-1,-0.01,-1,-1,-0.01,-1,-1,-0.01,-1,-1,-0.01,-1,-1,-0.01,-1,-1,-0.01,-1,-1
99926009,2026-05-18 11:00:13+05:30,53073.9,0,0.0,0,0.0,0.0,53282.15,53308.4,52783.45,53710.35,0,0.0,0.0,0.0,0.0,-0.01,-1,-1,-0.01,-1,-1,-0.01,-1,-1,-0.01,-1,-1,-0.01,-1,-1,-0.01,-1,-1,-0.01,-1,-1,-0.01,-1,-1,-0.01,-1,-1,-0.01,-1,-1
99926009,2026-05-18 11:00:14+05:30,53075.6,0,0.0,0,0.0,0.0,53282.15,53308.4,52783.45,53710.35,0,0.0,0.0,0.0,0.0,-0.01,-1,-1,-0.01,-1,-1,-0.01,-1,-1,-0.01,-1,-1,-0.01,-1,-1,-0.01,-1,-1,-0.01,-1,-1,-0.01,-1,-1,-0.01,-1,-1,-0.01,-1,-1
99926009,2026-05-18 11:00:14+05:30,53076.1,0,0.0,0,0.0,0.0,53282.15,53308.4,52783.45,53710.35,0,0.0,0.0,0.0,0.0,-0.01,-1,-1,-0.01,-1,-1,-0.01,-1,-1,-0.01,-1,-1,-0.01,-1,-1,-0.01,-1,-1,-0.01,-1,-1,-0.01,-1,-1,-0.01,-1,-1,-0.01,-1,-1
99926009,2026-05-18 11:00:15+05:30,53078.7,0,0.0,0,0.0,0.0,53282.15,53308.4,52783.45,53710.35,0,0.0,0.0,0.0,0.0,-0.01,-1,-1,-0.01,-1,-1,-0.01,-1,-1,-0.01,-1,-1,-0.01,-1,-1,-0.01,-1,-1,-0.01,-1,-1,-0.01,-1,-1,-0.01,-1,-1,-0.01,-1,-1
99926009,2026-05-18 11:00:15+05:30,53078.6,0,0.0,0,0.0,0.0,53282.15,53308.4,52783.45,53710.35,0,0.0,0.0,0.0,0.0,-0.01,-1,-1,-0.01,-1,-1,-0.01,-1,-1,-0.01,-1,-1,-0.01,-1,-1,-0.01,-1,-1,-0.01,-1,-1,-0.01,-1,-1,-0.01,-1,-1,-0.01,-1,-1
99926009,2026-05-18 11:00:16+05:30,53077.95,0,0.0,0,0.0,0.0,53282.15,53308.4,52783.45,53710.35,0,0.0,0.0,0.0,0.0,-0.01,-1,-1,-0.01,-1,-1,-0.01,-1,-1,-0.01,-1,-1,-0.01,-1,-1,-0.01,-1,-1,-0.01,-1,-1,-0.01,-1,-1,-0.01,-1,-1,-0.01,-1,-1
99926009,2026-05-18 11:00:16+05:30,53078.25,0,0.0,0,0.0,0.0,53282.15,53308.4,52783.45,53710.35,0,0.0,0.0,0.0,0.0,-0.01,-1,-1,-0.01,-1,-1,-0.01,-1,-1,-0.01,-1,-1,-0.01,-1,-1,-0.01,-1,-1,-0.01,-1,-1,-0.01,-1,-1,-0.01,-1,-1,-0.01,-1,-1
99926009,2026-05-18 11:00:17+05:30,53077.45,0,0.0,0,0.0,0.0,53282.15,53308.4,52783.45,53710.35,0,0.0,0.0,0.0,0.0,-0.01,-1,-1,-0.01,-1,-1,-0.01,-1,-1,-0.01,-1,-1,-0.01,-1,-1,-0.01,-1,-1,-0.01,-1,-1,-0.01,-1,-1,-0.01,-1,-1,-0.01,-1,-1
99926009,2026-05-18 11:00:17+05:30,53074.6,0,0.0,0,0.0,0.0,53282.15,53308.4,52783.45,53710.35,0,0.0,0.0,0.0,0.0,-0.01,-1,-1,-0.01,-1,-1,-0.01,-1,-1,-0.01,-1,-1,-0.01,-1,-1,-0.01,-1,-1,-0.01,-1,-1,-0.01,-1,-1,-0.01,-1,-1,-0.01,-1,-1
99926009,2026-05-18 11:00:18+05:30,53079.45,0,0.0,0,0.0,0.0,53282.15,53308.4,52783.45,53710.35,0,0.0,0.0,0.0,0.0,-0.01,-1,-1,-0.01,-1,-1,-0.01,-1,-1,-0.01,-1,-1,-0.01,-1,-1,-0.01,-1,-1,-0.01,-1,-1,-0.01,-1,-1,-0.01,-1,-1,-0.01,-1,-1
99926009,2026-05-18 11:00:18+05:30,53080.65,0,0.0,0,0.0,0.0,53282.15,53308.4,52783.45,53710.35,0,0.0,0.0,0.0,0.0,-0.01,-1,-1,-0.01,-1,-1,-0.01,-1,-1,-0.01,-1,-1,-0.01,-1,-1,-0.01,-1,-1,-0.01,-1,-1,-0.01,-1,-1,-0.01,-1,-1,-0.01,-1,-1
99926009,2026-05-18 11:00:19+05:30,53074.1,0,0.0,0,0.0,0.0,53282.15,53308.4,52783.45,53710.35,0,0.0,0.0,0.0,0.0,-0.01,-1,-1,-0.01,-1,-1,-0.01,-1,-1,-0.01,-1,-1,-0.01,-1,-1,-0.01,-1,-1,-0.01,-1,-1,-0.01,-1,-1,-0.01,-1,-1,-0.01,-1,-1
99926009,2026-05-18 11:00:19+05:30,53073.85,0,0.0,0,0.0,0.0,53282.15,53308.4,52783.45,53710.35,0,0.0,0.0,0.0,0.0,-0.01,-1,-1,-0.01,-1,-1,-0.01,-1,-1,-0.01,-1,-1,-0.01,-1,-1,-0.01,-1,-1,-0.01,-1,-1,-0.01,-1,-1,-0.01,-1,-1,-0.01,-1,-1
99926009,2026-05-18 11:00:20+05:30,53074.6,0,0.0,0,0.0,0.0,53282.15,53308.4,52783.45,53710.35,0,0.0,0.0,0.0,0.0,-0.01,-1,-1,-0.01,-1,-1,-0.01,-1,-1,-0.01,-1,-1,-0.01,-1,-1,-0.01,-1,-1,-0.01,-1,-1,-0.01,-1,-1,-0.01,-1,-1,-0.01,-1,-1
99926009,2026-05-18 11:00:20+05:30,53074.15,0,0.0,0,0.0,0.0,53282.15,53308.4,52783.45,53710.35,0,0.0,0.0,0.0,0.0,-0.01,-1,-1,-0.01,-1,-1,-0.01,-1,-1,-0.01,-1,-1,-0.01,-1,-1,-0.01,-1,-1,-0.01,-1,-1,-0.01,-1,-1,-0.01,-1,-1,-0.01,-1,-1
99926009,2026-05-18 11:00:21+05:30,53074.35,0,0.0,0,0.0,0.0,53282.15,53308.4,52783.45,53710.35,0,0.0,0.0,0.0,0.0,-0.01,-1,-1,-0.01,-1,-1,-0.01,-1,-1,-0.01,-1,-1,-0.01,-1,-1,-0.01,-1,-1,-0.01,-1,-1,-0.01,-1,-1,-0.01,-1,-1,-0.01,-1,-1
99926009,2026-05-18 11:00:21+05:30,53075.15,0,0.0,0,0.0,0.0,53282.15,53308.4,52783.45,53710.35,0,0.0,0.0,0.0,0.0,-0.01,-1,-1,-0.01,-1,-1,-0.01,-1,-1,-0.01,-1,-1,-0.01,-1,-1,-0.01,-1,-1,-0.01,-1,-1,-0.01,-1,-1,-0.01,-1,-1,-0.01,-1,-1
99926009,2026-05-18 11:00:22+05:30,53073.65,0,0.0,0,0.0,0.0,53282.15,53308.4,52783.45,53710.35,0,0.0,0.0,0.0,0.0,-0.01,-1,-1,-0.01,-1,-1,-0.01,-1,-1,-0.01,-1,-1,-0.01,-1,-1,-0.01,-1,-1,-0.01,-1,-1,-0.01,-1,-1,-0.01,-1,-1,-0.01,-1,-1
99926009,2026-05-18 11:00:22+05:30,53076.95,0,0.0,0,0.0,0.0,53282.15,53308.4,52783.45,53710.35,0,0.0,0.0,0.0,0.0,-0.01,-1,-1,-0.01,-1,-1,-0.01,-1,-1,-0.01,-1,-1,-0.01,-1,-1,-0.01,-1,-1,-0.01,-1,-1,-0.01,-1,-1,-0.01,-1,-1,-0.01,-1,-1
99926009,2026-05-18 11:00:23+05:30,53073.45,0,0.0,0,0.0,0.0,53282.15,53308.4,52783.45,53710.35,0,0.0,0.0,0.0,0.0,-0.01,-1,-1,-0.01,-1,-1,-0.01,-1,-1,-0.01,-1,-1,-0.01,-1,-1,-0.01,-1,-1,-0.01,-1,-1,-0.01,-1,-1,-0.01,-1,-1,-0.01,-1,-1
99926009,2026-05-18 11:00:23+05:30,53075.95,0,0.0,0,0.0,0.0,53282.15,53308.4,52783.45,53710.35,0,0.0,0.0,0.0,0.0,-0.01,-1,-1,-0.01,-1,-1,-0.01,-1,-1,-0.01,-1,-1,-0.01,-1,-1,-0.01,-1,-1,-0.01,-1,-1,-0.01,-1,-1,-0.01,-1,-1,-0.01,-1,-1
99926009,2026-05-18 11:00:24+05:30,53075.45,0,0.0,0,0.0,0.0,53282.15,53308.4,52783.45,53710.35,0,0.0,0.0,0.0,0.0,-0.01,-1,-1,-0.01,-1,-1,-0.01,-1,-1,-0.01,-1,-1,-0.01,-1,-1,-0.01,-1,-1,-0.01,-1,-1,-0.01,-1,-1,-0.01,-1,-1,-0.01,-1,-1
99926009,2026-05-18 11:00:24+05:30,53067.6,0,0.0,0,0.0,0.0,53282.15,53308.4,52783.45,53710.35,0,0.0,0.0,0.0,0.0,-0.01,-1,-1,-0.01,-1,-1,-0.01,-1,-1,-0.01,-1,-1,-0.01,-1,-1,-0.01,-1,-1,-0.01,-1,-1,-0.01,-1,-1,-0.01,-1,-1,-0.01,-1,-1
99926009,2026-05-18 11:00:25+05:30,53070.35,0,0.0,0,0.0,0.0,53282.15,53308.4,52783.45,53710.35,0,0.0,0.0,0.0,0.0,-0.01,-1,-1,-0.01,-1,-1,-0.01,-1,-1,-0.01,-1,-1,-0.01,-1,-1,-0.01,-1,-1,-0.01,-1,-1,-0.01,-1,-1,-0.01,-1,-1,-0.01,-1,-1
99926009,2026-05-18 11:00:25+05:30,53068.35,0,0.0,0,0.0,0.0,53282.15,53308.4,52783.45,53710.35,0,0.0,0.0,0.0,0.0,-0.01,-1,-1,-0.01,-1,-1,-0.01,-1,-1,-0.01,-1,-1,-0.01,-1,-1,-0.01,-1,-1,-0.01,-1,-1,-0.01,-1,-1,-0.01,-1,-1,-0.01,-1,-1
99926009,2026-05-18 11:00:26+05:30,53069.25,0,0.0,0,0.0,0.0,53282.15,53308.4,52783.45,53710.35,0,0.0,0.0,0.0,0.0,-0.01,-1,-1,-0.01,-1,-1,-0.01,-1,-1,-0.01,-1,-1,-0.01,-1,-1,-0.01,-1,-1,-0.01,-1,-1,-0.01,-1,-1,-0.01,-1,-1,-0.01,-1,-1
99926009,2026-05-18 11:00:26+05:30,53067.95,0,0.0,0,0.0,0.0,53282.15,53308.4,52783.45,53710.35,0,0.0,0.0,0.0,0.0,-0.01,-1,-1,-0.01,-1,-1,-0.01,-1,-1,-0.01,-1,-1,-0.01,-1,-1,-0.01,-1,-1,-0.01,-1,-1,-0.01,-1,-1,-0.01,-1,-1,-0.01,-1,-1
99926009,2026-05-18 11:00:27+05:30,53068.65,0,0.0,0,0.0,0.0,53282.15,53308.4,52783.45,53710.35,0,0.0,0.0,0.0,0.0,-0.01,-1,-1,-0.01,-1,-1,-0.01,-1,-1,-0.01,-1,-1,-0.01,-1,-1,-0.01,-1,-1,-0.01,-1,-1,-0.01,-1,-1,-0.01,-1,-1,-0.01,-1,-1
99926009,2026-05-18 11:00:27+05:30,53067.3,0,0.0,0,0.0,0.0,53282.15,53308.4,52783.45,53710.35,0,0.0,0.0,0.0,0.0,-0.01,-1,-1,-0.01,-1,-1,-0.01,-1,-1,-0.01,-1,-1,-0.01,-1,-1,-0.01,-1,-1,-0.01,-1,-1,-0.01,-1,-1,-0.01,-1,-1,-0.01,-1,-1
99926009,2026-05-18 11:00:28+05:30,53071.2,0,0.0,0,0.0,0.0,53282.15,53308.4,52783.45,53710.35,0,0.0,0.0,0.0,0.0,-0.01,-1,-1,-0.01,-1,-1,-0.01,-1,-1,-0.01,-1,-1,-0.01,-1,-1,-0.01,-1,-1,-0.01,-1,-1,-0.01,-1,-1,-0.01,-1,-1,-0.01,-1,-1
99926009,2026-05-18 11:00:28+05:30,53070.05,0,0.0,0,0.0,0.0,53282.15,53308.4,52783.45,53710.35,0,0.0,0.0,0.0,0.0,-0.01,-1,-1,-0.01,-1,-1,-0.01,-1,-1,-0.01,-1,-1,-0.01,-1,-1,-0.01,-1,-1,-0.01,-1,-1,-0.01,-1,-1,-0.01,-1,-1,-0.01,-1,-1
99926009,2026-05-18 11:00:29+05:30,53067.1,0,0.0,0,0.0,0.0,53282.15,53308.4,52783.45,53710.35,0,0.0,0.0,0.0,0.0,-0.01,-1,-1,-0.01,-1,-1,-0.01,-1,-1,-0.01,-1,-1,-0.01,-1,-1,-0.01,-1,-1,-0.01,-1,-1,-0.01,-1,-1,-0.01,-1,-1,-0.01,-1,-1
99926009,2026-05-18 11:00:29+05:30,53068.15,0,0.0,0,0.0,0.0,53282.15,53308.4,52783.45,53710.35,0,0.0,0.0,0.0,0.0,-0.01,-1,-1,-0.01,-1,-1,-0.01,-1,-1,-0.01,-1,-1,-0.01,-1,-1,-0.01,-1,-1,-0.01,-1,-1,-0.01,-1,-1,-0.01,-1,-1,-0.01,-1,-1
99926009,2026-05-18 11:00:30+05:30,53067.5,0,0.0,0,0.0,0.0,53282.15,53308.4,52783.45,53710.35,0,0.0,0.0,0.0,0.0,-0.01,-1,-1,-0.01,-1,-1,-0.01,-1,-1,-0.01,-1,-1,-0.01,-1,-1,-0.01,-1,-1,-0.01,-1,-1,-0.01,-1,-1,-0.01,-1,-1,-0.01,-1,-1
99926009,2026-05-18 11:00:30+05:30,53064.7,0,0.0,0,0.0,0.0,53282.15,53308.4,52783.45,53710.35,0,0.0,0.0,0.0,0.0,-0.01,-1,-1,-0.01,-1,-1,-0.01,-1,-1,-0.01,-1,-1,-0.01,-1,-1,-0.01,-1,-1,-0.01,-1,-1,-0.01,-1,-1,-0.01,-1,-1,-0.01,-1,-1
99926009,2026-05-18 11:00:31+05:30,53064.25,0,0.0,0,0.0,0.0,53282.15,53308.4,52783.45,53710.35,0,0.0,0.0,0.0,0.0,-0.01,-1,-1,-0.01,-1,-1,-0.01,-1,-1,-0.01,-1,-1,-0.01,-1,-1,-0.01,-1,-1,-0.01,-1,-1,-0.01,-1,-1,-0.01,-1,-1,-0.01,-1,-1
99926009,2026-05-18 11:00:31+05:30,53065.3,0,0.0,0,0.0,0.0,53282.15,53308.4,52783.45,53710.35,0,0.0,0.0,0.0,0.0,-0.01,-1,-1,-0.01,-1,-1,-0.01,-1,-1,-0.01,-1,-1,-0.01,-1,-1,-0.01,-1,-1,-0.01,-1,-1,-0.01,-1,-1,-0.01,-1,-1,-0.01,-1,-1
99926009,2026-05-18 11:00:32+05:30,53066.55,0,0.0,0,0.0,0.0,53282.15,53308.4,52783.45,53710.35,0,0.0,0.0,0.0,0.0,-0.01,-1,-1,-0.01,-1,-1,-0.01,-1,-1,-0.01,-1,-1,-0.01,-1,-1,-0.01,-1,-1,-0.01,-1,-1,-0.01,-1,-1,-0.01,-1,-1,-0.01,-1,-1
99926009,2026-05-18 11:00:32+05:30,53065.95,0,0.0,0,0.0,0.0,53282.15,53308.4,52783.45,53710.35,0,0.0,0.0,0.0,0.0,-0.01,-1,-1,-0.01,-1,-1,-0.01,-1,-1,-0.01,-1,-1,-0.01,-1,-1,-0.01,-1,-1,-0.01,-1,-1,-0.01,-1,-1,-0.01,-1,-1,-0.01,-1,-1
99926009,2026-05-18 11:00:33+05:30,53064.6,0,0.0,0,0.0,0.0,53282.15,53308.4,52783.45,53710.35,0,0.0,0.0,0.0,0.0,-0.01,-1,-1,-0.01,-1,-1,-0.01,-1,-1,-0.01,-1,-1,-0.01,-1,-1,-0.01,-1,-1,-0.01,-1,-1,-0.01,-1,-1,-0.01,-1,-1,-0.01,-1,-1
99926009,2026-05-18 11:00:33+05:30,53062.2,0,0.0,0,0.0,0.0,53282.15,53308.4,52783.45,53710.35,0,0.0,0.0,0.0,0.0,-0.01,-1,-1,-0.01,-1,-1,-0.01,-1,-1,-0.01,-1,-1,-0.01,-1,-1,-0.01,-1,-1,-0.01,-1,-1,-0.01,-1,-1,-0.01,-1,-1,-0.01,-1,-1
99926009,2026-05-18 11:00:34+05:30,53064.3,0,0.0,0,0.0,0.0,53282.15,53308.4,52783.45,53710.35,0,0.0,0.0,0.0,0.0,-0.01,-1,-1,-0.01,-1,-1,-0.01,-1,-1,-0.01,-1,-1,-0.01,-1,-1,-0.01,-1,-1,-0.01,-1,-1,-0.01,-1,-1,-0.01,-1,-1,-0.01,-1,-1
99926009,2026-05-18 11:00:34+05:30,53061.85,0,0.0,0,0.0,0.0,53282.15,53308.4,52783.45,53710.35,0,0.0,0.0,0.0,0.0,-0.01,-1,-1,-0.01,-1,-1,-0.01,-1,-1,-0.01,-1,-1,-0.01,-1,-1,-0.01,-1,-1,-0.01,-1,-1,-0.01,-1,-1,-0.01,-1,-1,-0.01,-1,-1
99926009,2026-05-18 11:00:35+05:30,53062.25,0,0.0,0,0.0,0.0,53282.15,53308.4,52783.45,53710.35,0,0.0,0.0,0.0,0.0,-0.01,-1,-1,-0.01,-1,-1,-0.01,-1,-1,-0.01,-1,-1,-0.01,-1,-1,-0.01,-1,-1,-0.01,-1,-1,-0.01,-1,-1,-0.01,-1,-1,-0.01,-1,-1
99926009,2026-05-18 11:00:35+05:30,53061.85,0,0.0,0,0.0,0.0,53282.15,53308.4,52783.45,53710.35,0,0.0,0.0,0.0,0.0,-0.01,-1,-1,-0.01,-1,-1,-0.01,-1,-1,-0.01,-1,-1,-0.01,-1,-1,-0.01,-1,-1,-0.01,-1,-1,-0.01,-1,-1,-0.01,-1,-1,-0.01,-1,-1
99926009,2026-05-18 11:00:36+05:30,53065.35,0,0.0,0,0.0,0.0,53282.15,53308.4,52783.45,53710.35,0,0.0,0.0,0.0,0.0,-0.01,-1,-1,-0.01,-1,-1,-0.01,-1,-1,-0.01,-1,-1,-0.01,-1,-1,-0.01,-1,-1,-0.01,-1,-1,-0.01,-1,-1,-0.01,-1,-1,-0.01,-1,-1
99926009,2026-05-18 11:00:36+05:30,53063.9,0,0.0,0,0.0,0.0,53282.15,53308.4,52783.45,53710.35,0,0.0,0.0,0.0,0.0,-0.01,-1,-1,-0.01,-1,-1,-0.01,-1,-1,-0.01,-1,-1,-0.01,-1,-1,-0.01,-1,-1,-0.01,-1,-1,-0.01,-1,-1,-0.01,-1,-1,-0.01,-1,-1
99926009,2026-05-18 11:00:37+05:30,53063.8,0,0.0,0,0.0,0.0,53282.15,53308.4,52783.45,53710.35,0,0.0,0.0,0.0,0.0,-0.01,-1,-1,-0.01,-1,-1,-0.01,-1,-1,-0.01,-1,-1,-0.01,-1,-1,-0.01,-1,-1,-0.01,-1,-1,-0.01,-1,-1,-0.01,-1,-1,-0.01,-1,-1
99926009,2026-05-18 11:00:37+05:30,53061.5,0,0.0,0,0.0,0.0,53282.15,53308.4,52783.45,53710.35,0,0.0,0.0,0.0,0.0,-0.01,-1,-1,-0.01,-1,-1,-0.01,-1,-1,-0.01,-1,-1,-0.01,-1,-1,-0.01,-1,-1,-0.01,-1,-1,-0.01,-1,-1,-0.01,-1,-1,-0.01,-1,-1
99926009,2026-05-18 11:00:38+05:30,53058.35,0,0.0,0,0.0,0.0,53282.15,53308.4,52783.45,53710.35,0,0.0,0.0,0.0,0.0,-0.01,-1,-1,-0.01,-1,-1,-0.01,-1,-1,-0.01,-1,-1,-0.01,-1,-1,-0.01,-1,-1,-0.01,-1,-1,-0.01,-1,-1,-0.01,-1,-1,-0.01,-1,-1
99926009,2026-05-18 11:00:38+05:30,53060.0,0,0.0,0,0.0,0.0,53282.15,53308.4,52783.45,53710.35,0,0.0,0.0,0.0,0.0,-0.01,-1,-1,-0.01,-1,-1,-0.01,-1,-1,-0.01,-1,-1,-0.01,-1,-1,-0.01,-1,-1,-0.01,-1,-1,-0.01,-1,-1,-0.01,-1,-1,-0.01,-1,-1
99926009,2026-05-18 11:00:39+05:30,53060.75,0,0.0,0,0.0,0.0,53282.15,53308.4,52783.45,53710.35,0,0.0,0.0,0.0,0.0,-0.01,-1,-1,-0.01,-1,-1,-0.01,-1,-1,-0.01,-1,-1,-0.01,-1,-1,-0.01,-1,-1,-0.01,-1,-1,-0.01,-1,-1,-0.01,-1,-1,-0.01,-1,-1
99926009,2026-05-18 11:00:39+05:30,53058.45,0,0.0,0,0.0,0.0,53282.15,53308.4,52783.45,53710.35,0,0.0,0.0,0.0,0.0,-0.01,-1,-1,-0.01,-1,-1,-0.01,-1,-1,-0.01,-1,-1,-0.01,-1,-1,-0.01,-1,-1,-0.01,-1,-1,-0.01,-1,-1,-0.01,-1,-1,-0.01,-1,-1
99926009,2026-05-18 11:00:40+05:30,53060.9,0,0.0,0,0.0,0.0,53282.15,53308.4,52783.45,53710.35,0,0.0,0.0,0.0,0.0,-0.01,-1,-1,-0.01,-1,-1,-0.01,-1,-1,-0.01,-1,-1,-0.01,-1,-1,-0.01,-1,-1,-0.01,-1,-1,-0.01,-1,-1,-0.01,-1,-1,-0.01,-1,-1
99926009,2026-05-18 11:00:40+05:30,53056.55,0,0.0,0,0.0,0.0,53282.15,53308.4,52783.45,53710.35,0,0.0,0.0,0.0,0.0,-0.01,-1,-1,-0.01,-1,-1,-0.01,-1,-1,-0.01,-1,-1,-0.01,-1,-1,-0.01,-1,-1,-0.01,-1,-1,-0.01,-1,-1,-0.01,-1,-1,-0.01,-1,-1
99926009,2026-05-18 11:00:41+05:30,53057.4,0,0.0,0,0.0,0.0,53282.15,53308.4,52783.45,53710.35,0,0.0,0.0,0.0,0.0,-0.01,-1,-1,-0.01,-1,-1,-0.01,-1,-1,-0.01,-1,-1,-0.01,-1,-1,-0.01,-1,-1,-0.01,-1,-1,-0.01,-1,-1,-0.01,-1,-1,-0.01,-1,-1
99926009,2026-05-18 11:00:41+05:30,53058.15,0,0.0,0,0.0,0.0,53282.15,53308.4,52783.45,53710.35,0,0.0,0.0,0.0,0.0,-0.01,-1,-1,-0.01,-1,-1,-0.01,-1,-1,-0.01,-1,-1,-0.01,-1,-1,-0.01,-1,-1,-0.01,-1,-1,-0.01,-1,-1,-0.01,-1,-1,-0.01,-1,-1
99926009,2026-05-18 11:00:42+05:30,53057.4,0,0.0,0,0.0,0.0,53282.15,53308.4,52783.45,53710.35,0,0.0,0.0,0.0,0.0,-0.01,-1,-1,-0.01,-1,-1,-0.01,-1,-1,-0.01,-1,-1,-0.01,-1,-1,-0.01,-1,-1,-0.01,-1,-1,-0.01,-1,-1,-0.01,-1,-1,-0.01,-1,-1
99926009,2026-05-18 11:00:42+05:30,53057.05,0,0.0,0,0.0,0.0,53282.15,53308.4,52783.45,53710.35,0,0.0,0.0,0.0,0.0,-0.01,-1,-1,-0.01,-1,-1,-0.01,-1,-1,-0.01,-1,-1,-0.01,-1,-1,-0.01,-1,-1,-0.01,-1,-1,-0.01,-1,-1,-0.01,-1,-1,-0.01,-1,-1
99926009,2026-05-18 11:00:43+05:30,53056.75,0,0.0,0,0.0,0.0,53282.15,53308.4,52783.45,53710.35,0,0.0,0.0,0.0,0.0,-0.01,-1,-1,-0.01,-1,-1,-0.01,-1,-1,-0.01,-1,-1,-0.01,-1,-1,-0.01,-1,-1,-0.01,-1,-1,-0.01,-1,-1,-0.01,-1,-1,-0.01,-1,-1
99926009,2026-05-18 11:00:43+05:30,53055.0,0,0.0,0,0.0,0.0,53282.15,53308.4,52783.45,53710.35,0,0.0,0.0,0.0,0.0,-0.01,-1,-1,-0.01,-1,-1,-0.01,-1,-1,-0.01,-1,-1,-0.01,-1,-1,-0.01,-1,-1,-0.01,-1,-1,-0.01,-1,-1,-0.01,-1,-1,-0.01,-1,-1
99926009,2026-05-18 11:00:44+05:30,53055.9,0,0.0,0,0.0,0.0,53282.15,53308.4,52783.45,53710.35,0,0.0,0.0,0.0,0.0,-0.01,-1,-1,-0.01,-1,-1,-0.01,-1,-1,-0.01,-1,-1,-0.01,-1,-1,-0.01,-1,-1,-0.01,-1,-1,-0.01,-1,-1,-0.01,-1,-1,-0.01,-1,-1
99926009,2026-05-18 11:00:44+05:30,53058.55,0,0.0,0,0.0,0.0,53282.15,53308.4,52783.45,53710.35,0,0.0,0.0,0.0,0.0,-0.01,-1,-1,-0.01,-1,-1,-0.01,-1,-1,-0.01,-1,-1,-0.01,-1,-1,-0.01,-1,-1,-0.01,-1,-1,-0.01,-1,-1,-0.01,-1,-1,-0.01,-1,-1
99926009,2026-05-18 11:00:45+05:30,53057.05,0,0.0,0,0.0,0.0,53282.15,53308.4,52783.45,53710.35,0,0.0,0.0,0.0,0.0,-0.01,-1,-1,-0.01,-1,-1,-0.01,-1,-1,-0.01,-1,-1,-0.01,-1,-1,-0.01,-1,-1,-0.01,-1,-1,-0.01,-1,-1,-0.01,-1,-1,-0.01,-1,-1
99926009,2026-05-18 11:00:45+05:30,53057.75,0,0.0,0,0.0,0.0,53282.15,53308.4,52783.45,53710.35,0,0.0,0.0,0.0,0.0,-0.01,-1,-1,-0.01,-1,-1,-0.01,-1,-1,-0.01,-1,-1,-0.01,-1,-1,-0.01,-1,-1,-0.01,-1,-1,-0.01,-1,-1,-0.01,-1,-1,-0.01,-1,-1
99926009,2026-05-18 11:00:46+05:30,53060.6,0,0.0,0,0.0,0.0,53282.15,53308.4,52783.45,53710.35,0,0.0,0.0,0.0,0.0,-0.01,-1,-1,-0.01,-1,-1,-0.01,-1,-1,-0.01,-1,-1,-0.01,-1,-1,-0.01,-1,-1,-0.01,-1,-1,-0.01,-1,-1,-0.01,-1,-1,-0.01,-1,-1
99926009,2026-05-18 11:00:46+05:30,53056.9,0,0.0,0,0.0,0.0,53282.15,53308.4,52783.45,53710.35,0,0.0,0.0,0.0,0.0,-0.01,-1,-1,-0.01,-1,-1,-0.01,-1,-1,-0.01,-1,-1,-0.01,-1,-1,-0.01,-1,-1,-0.01,-1,-1,-0.01,-1,-1,-0.01,-1,-1,-0.01,-1,-1
99926009,2026-05-18 11:00:47+05:30,53058.05,0,0.0,0,0.0,0.0,53282.15,53308.4,52783.45,53710.35,0,0.0,0.0,0.0,0.0,-0.01,-1,-1,-0.01,-1,-1,-0.01,-1,-1,-0.01,-1,-1,-0.01,-1,-1,-0.01,-1,-1,-0.01,-1,-1,-0.01,-1,-1,-0.01,-1,-1,-0.01,-1,-1
99926009,2026-05-18 11:00:47+05:30,53054.85,0,0.0,0,0.0,0.0,53282.15,53308.4,52783.45,53710.35,0,0.0,0.0,0.0,0.0,-0.01,-1,-1,-0.01,-1,-1,-0.01,-1,-1,-0.01,-1,-1,-0.01,-1,-1,-0.01,-1,-1,-0.01,-1,-1,-0.01,-1,-1,-0.01,-1,-1,-0.01,-1,-1
99926009,2026-05-18 11:00:48+05:30,53057.4,0,0.0,0,0.0,0.0,53282.15,53308.4,52783.45,53710.35,0,0.0,0.0,0.0,0.0,-0.01,-1,-1,-0.01,-1,-1,-0.01,-1,-1,-0.01,-1,-1,-0.01,-1,-1,-0.01,-1,-1,-0.01,-1,-1,-0.01,-1,-1,-0.01,-1,-1,-0.01,-1,-1
99926009,2026-05-18 11:00:48+05:30,53061.25,0,0.0,0,0.0,0.0,53282.15,53308.4,52783.45,53710.35,0,0.0,0.0,0.0,0.0,-0.01,-1,-1,-0.01,-1,-1,-0.01,-1,-1,-0.01,-1,-1,-0.01,-1,-1,-0.01,-1,-1,-0.01,-1,-1,-0.01,-1,-1,-0.01,-1,-1,-0.01,-1,-1
99926009,2026-05-18 11:00:49+05:30,53058.4,0,0.0,0,0.0,0.0,53282.15,53308.4,52783.45,53710.35,0,0.0,0.0,0.0,0.0,-0.01,-1,-1,-0.01,-1,-1,-0.01,-1,-1,-0.01,-1,-1,-0.01,-1,-1,-0.01,-1,-1,-0.01,-1,-1,-0.01,-1,-1,-0.01,-1,-1,-0.01,-1,-1
99926009,2026-05-18 11:00:49+05:30,53059.4,0,0.0,0,0.0,0.0,53282.15,53308.4,52783.45,53710.35,0,0.0,0.0,0.0,0.0,-0.01,-1,-1,-0.01,-1,-1,-0.01,-1,-1,-0.01,-1,-1,-0.01,-1,-1,-0.01,-1,-1,-0.01,-1,-1,-0.01,-1,-1,-0.01,-1,-1,-0.01,-1,-1
99926009,2026-05-18 11:00:50+05:30,53058.9,0,0.0,0,0.0,0.0,53282.15,53308.4,52783.45,53710.35,0,0.0,0.0,0.0,0.0,-0.01,-1,-1,-0.01,-1,-1,-0.01,-1,-1,-0.01,-1,-1,-0.01,-1,-1,-0.01,-1,-1,-0.01,-1,-1,-0.01,-1,-1,-0.01,-1,-1,-0.01,-1,-1
99926009,2026-05-18 11:00:50+05:30,53054.9,0,0.0,0,0.0,0.0,53282.15,53308.4,52783.45,53710.35,0,0.0,0.0,0.0,0.0,-0.01,-1,-1,-0.01,-1,-1,-0.01,-1,-1,-0.01,-1,-1,-0.01,-1,-1,-0.01,-1,-1,-0.01,-1,-1,-0.01,-1,-1,-0.01,-1,-1,-0.01,-1,-1
99926009,2026-05-18 11:00:51+05:30,53057.95,0,0.0,0,0.0,0.0,53282.15,53308.4,52783.45,53710.35,0,0.0,0.0,0.0,0.0,-0.01,-1,-1,-0.01,-1,-1,-0.01,-1,-1,-0.01,-1,-1,-0.01,-1,-1,-0.01,-1,-1,-0.01,-1,-1,-0.01,-1,-1,-0.01,-1,-1,-0.01,-1,-1
99926009,2026-05-18 11:00:51+05:30,53055.55,0,0.0,0,0.0,0.0,53282.15,53308.4,52783.45,53710.35,0,0.0,0.0,0.0,0.0,-0.01,-1,-1,-0.01,-1,-1,-0.01,-1,-1,-0.01,-1,-1,-0.01,-1,-1,-0.01,-1,-1,-0.01,-1,-1,-0.01,-1,-1,-0.01,-1,-1,-0.01,-1,-1
99926009,2026-05-18 11:00:52+05:30,53057.05,0,0.0,0,0.0,0.0,53282.15,53308.4,52783.45,53710.35,0,0.0,0.0,0.0,0.0,-0.01,-1,-1,-0.01,-1,-1,-0.01,-1,-1,-0.01,-1,-1,-0.01,-1,-1,-0.01,-1,-1,-0.01,-1,-1,-0.01,-1,-1,-0.01,-1,-1,-0.01,-1,-1
99926009,2026-05-18 11:00:52+05:30,53059.8,0,0.0,0,0.0,0.0,53282.15,53308.4,52783.45,53710.35,0,0.0,0.0,0.0,0.0,-0.01,-1,-1,-0.01,-1,-1,-0.01,-1,-1,-0.01,-1,-1,-0.01,-1,-1,-0.01,-1,-1,-0.01,-1,-1,-0.01,-1,-1,-0.01,-1,-1,-0.01,-1,-1
99926009,2026-05-18 11:00:53+05:30,53055.75,0,0.0,0,0.0,0.0,53282.15,53308.4,52783.45,53710.35,0,0.0,0.0,0.0,0.0,-0.01,-1,-1,-0.01,-1,-1,-0.01,-1,-1,-0.01,-1,-1,-0.01,-1,-1,-0.01,-1,-1,-0.01,-1,-1,-0.01,-1,-1,-0.01,-1,-1,-0.01,-1,-1
99926009,2026-05-18 11:00:53+05:30,53057.3,0,0.0,0,0.0,0.0,53282.15,53308.4,52783.45,53710.35,0,0.0,0.0,0.0,0.0,-0.01,-1,-1,-0.01,-1,-1,-0.01,-1,-1,-0.01,-1,-1,-0.01,-1,-1,-0.01,-1,-1,-0.01,-1,-1,-0.01,-1,-1,-0.01,-1,-1,-0.01,-1,-1
99926009,2026-05-18 11:00:54+05:30,53051.7,0,0.0,0,0.0,0.0,53282.15,53308.4,52783.45,53710.35,0,0.0,0.0,0.0,0.0,-0.01,-1,-1,-0.01,-1,-1,-0.01,-1,-1,-0.01,-1,-1,-0.01,-1,-1,-0.01,-1,-1,-0.01,-1,-1,-0.01,-1,-1,-0.01,-1,-1,-0.01,-1,-1
99926009,2026-05-18 11:00:54+05:30,53062.25,0,0.0,0,0.0,0.0,53282.15,53308.4,52783.45,53710.35,0,0.0,0.0,0.0,0.0,-0.01,-1,-1,-0.01,-1,-1,-0.01,-1,-1,-0.01,-1,-1,-0.01,-1,-1,-0.01,-1,-1,-0.01,-1,-1,-0.01,-1,-1,-0.01,-1,-1,-0.01,-1,-1
99926009,2026-05-18 11:00:55+05:30,53057.2,0,0.0,0,0.0,0.0,53282.15,53308.4,52783.45,53710.35,0,0.0,0.0,0.0,0.0,-0.01,-1,-1,-0.01,-1,-1,-0.01,-1,-1,-0.01,-1,-1,-0.01,-1,-1,-0.01,-1,-1,-0.01,-1,-1,-0.01,-1,-1,-0.01,-1,-1,-0.01,-1,-1
99926009,2026-05-18 11:00:55+05:30,53058.2,0,0.0,0,0.0,0.0,53282.15,53308.4,52783.45,53710.35,0,0.0,0.0,0.0,0.0,-0.01,-1,-1,-0.01,-1,-1,-0.01,-1,-1,-0.01,-1,-1,-0.01,-1,-1,-0.01,-1,-1,-0.01,-1,-1,-0.01,-1,-1,-0.01,-1,-1,-0.01,-1,-1
99926009,2026-05-18 11:00:56+05:30,53060.05,0,0.0,0,0.0,0.0,53282.15,53308.4,52783.45,53710.35,0,0.0,0.0,0.0,0.0,-0.01,-1,-1,-0.01,-1,-1,-0.01,-1,-1,-0.01,-1,-1,-0.01,-1,-1,-0.01,-1,-1,-0.01,-1,-1,-0.01,-1,-1,-0.01,-1,-1,-0.01,-1,-1
99926009,2026-05-18 11:00:56+05:30,53061.25,0,0.0,0,0.0,0.0,53282.15,53308.4,52783.45,53710.35,0,0.0,0.0,0.0,0.0,-0.01,-1,-1,-0.01,-1,-1,-0.01,-1,-1,-0.01,-1,-1,-0.01,-1,-1,-0.01,-1,-1,-0.01,-1,-1,-0.01,-1,-1,-0.01,-1,-1,-0.01,-1,-1
99926009,2026-05-18 11:00:57+05:30,53064.95,0,0.0,0,0.0,0.0,53282.15,53308.4,52783.45,53710.35,0,0.0,0.0,0.0,0.0,-0.01,-1,-1,-0.01,-1,-1,-0.01,-1,-1,-0.01,-1,-1,-0.01,-1,-1,-0.01,-1,-1,-0.01,-1,-1,-0.01,-1,-1,-0.01,-1,-1,-0.01,-1,-1
99926009,2026-05-18 11:00:57+05:30,53060.25,0,0.0,0,0.0,0.0,53282.15,53308.4,52783.45,53710.35,0,0.0,0.0,0.0,0.0,-0.01,-1,-1,-0.01,-1,-1,-0.01,-1,-1,-0.01,-1,-1,-0.01,-1,-1,-0.01,-1,-1,-0.01,-1,-1,-0.01,-1,-1,-0.01,-1,-1,-0.01,-1,-1
99926009,2026-05-18 11:00:58+05:30,53060.95,0,0.0,0,0.0,0.0,53282.15,53308.4,52783.45,53710.35,0,0.0,0.0,0.0,0.0,-0.01,-1,-1,-0.01,-1,-1,-0.01,-1,-1,-0.01,-1,-1,-0.01,-1,-1,-0.01,-1,-1,-0.01,-1,-1,-0.01,-1,-1,-0.01,-1,-1,-0.01,-1,-1
99926009,2026-05-18 11:00:58+05:30,53061.5,0,0.0,0,0.0,0.0,53282.15,53308.4,52783.45,53710.35,0,0.0,0.0,0.0,0.0,-0.01,-1,-1,-0.01,-1,-1,-0.01,-1,-1,-0.01,-1,-1,-0.01,-1,-1,-0.01,-1,-1,-0.01,-1,-1,-0.01,-1,-1,-0.01,-1,-1,-0.01,-1,-1
99926009,2026-05-18 11:00:59+05:30,53060.65,0,0.0,0,0.0,0.0,53282.15,53308.4,52783.45,53710.35,0,0.0,0.0,0.0,0.0,-0.01,-1,-1,-0.01,-1,-1,-0.01,-1,-1,-0.01,-1,-1,-0.01,-1,-1,-0.01,-1,-1,-0.01,-1,-1,-0.01,-1,-1,-0.01,-1,-1,-0.01,-1,-1
99926009,2026-05-18 11:00:59+05:30,53057.5,0,0.0,0,0.0,0.0,53282.15,53308.4,52783.45,53710.35,0,0.0,0.0,0.0,0.0,-0.01,-1,-1,-0.01,-1,-1,-0.01,-1,-1,-0.01,-1,-1,-0.01,-1,-1,-0.01,-1,-1,-0.01,-1,-1,-0.01,-1,-1,-0.01,-1,-1,-0.01,-1,-1
99926009,2026-05-18 11:01:00+05:30,53057.25,0,0.0,0,0.0,0.0,53282.15,53308.4,52783.45,53710.35,0,0.0,0.0,0.0,0.0,-0.01,-1,-1,-0.01,-1,-1,-0.01,-1,-1,-0.01,-1,-1,-0.01,-1,-1,-0.01,-1,-1,-0.01,-1,-1,-0.01,-1,-1,-0.01,-1,-1,-0.01,-1,-1
99926009,2026-05-18 11:01:00+05:30,53055.95,0,0.0,0,0.0,0.0,53282.15,53308.4,52783.45,53710.35,0,0.0,0.0,0.0,0.0,-0.01,-1,-1,-0.01,-1,-1,-0.01,-1,-1,-0.01,-1,-1,-0.01,-1,-1,-0.01,-1,-1,-0.01,-1,-1,-0.01,-1,-1,-0.01,-1,-1,-0.01,-1,-1
99926009,2026-05-18 11:01:01+05:30,53056.1,0,0.0,0,0.0,0.0,53282.15,53308.4,52783.45,53710.35,0,0.0,0.0,0.0,0.0,-0.01,-1,-1,-0.01,-1,-1,-0.01,-1,-1,-0.01,-1,-1,-0.01,-1,-1,-0.01,-1,-1,-0.01,-1,-1,-0.01,-1,-1,-0.01,-1,-1,-0.01,-1,-1
99926009,2026-05-18 11:01:01+05:30,53053.4,0,0.0,0,0.0,0.0,53282.15,53308.4,52783.45,53710.35,0,0.0,0.0,0.0,0.0,-0.01,-1,-1,-0.01,-1,-1,-0.01,-1,-1,-0.01,-1,-1,-0.01,-1,-1,-0.01,-1,-1,-0.01,-1,-1,-0.01,-1,-1,-0.01,-1,-1,-0.01,-1,-1
99926009,2026-05-18 11:01:02+05:30,53052.6,0,0.0,0,0.0,0.0,53282.15,53308.4,52783.45,53710.35,0,0.0,0.0,0.0,0.0,-0.01,-1,-1,-0.01,-1,-1,-0.01,-1,-1,-0.01,-1,-1,-0.01,-1,-1,-0.01,-1,-1,-0.01,-1,-1,-0.01,-1,-1,-0.01,-1,-1,-0.01,-1,-1
99926009,2026-05-18 11:01:02+05:30,53054.95,0,0.0,0,0.0,0.0,53282.15,53308.4,52783.45,53710.35,0,0.0,0.0,0.0,0.0,-0.01,-1,-1,-0.01,-1,-1,-0.01,-1,-1,-0.01,-1,-1,-0.01,-1,-1,-0.01,-1,-1,-0.01,-1,-1,-0.01,-1,-1,-0.01,-1,-1,-0.01,-1,-1
99926009,2026-05-18 11:01:03+05:30,53055.3,0,0.0,0,0.0,0.0,53282.15,53308.4,52783.45,53710.35,0,0.0,0.0,0.0,0.0,-0.01,-1,-1,-0.01,-1,-1,-0.01,-1,-1,-0.01,-1,-1,-0.01,-1,-1,-0.01,-1,-1,-0.01,-1,-1,-0.01,-1,-1,-0.01,-1,-1,-0.01,-1,-1
99926009,2026-05-18 11:01:03+05:30,53052.95,0,0.0,0,0.0,0.0,53282.15,53308.4,52783.45,53710.35,0,0.0,0.0,0.0,0.0,-0.01,-1,-1,-0.01,-1,-1,-0.01,-1,-1,-0.01,-1,-1,-0.01,-1,-1,-0.01,-1,-1,-0.01,-1,-1,-0.01,-1,-1,-0.01,-1,-1,-0.01,-1,-1
99926009,2026-05-18 11:01:04+05:30,53050.05,0,0.0,0,0.0,0.0,53282.15,53308.4,52783.45,53710.35,0,0.0,0.0,0.0,0.0,-0.01,-1,-1,-0.01,-1,-1,-0.01,-1,-1,-0.01,-1,-1,-0.01,-1,-1,-0.01,-1,-1,-0.01,-1,-1,-0.01,-1,-1,-0.01,-1,-1,-0.01,-1,-1
99926009,2026-05-18 11:01:04+05:30,53049.35,0,0.0,0,0.0,0.0,53282.15,53308.4,52783.45,53710.35,0,0.0,0.0,0.0,0.0,-0.01,-1,-1,-0.01,-1,-1,-0.01,-1,-1,-0.01,-1,-1,-0.01,-1,-1,-0.01,-1,-1,-0.01,-1,-1,-0.01,-1,-1,-0.01,-1,-1,-0.01,-1,-1
99926009,2026-05-18 11:01:05+05:30,53052.6,0,0.0,0,0.0,0.0,53282.15,53308.4,52783.45,53710.35,0,0.0,0.0,0.0,0.0,-0.01,-1,-1,-0.01,-1,-1,-0.01,-1,-1,-0.01,-1,-1,-0.01,-1,-1,-0.01,-1,-1,-0.01,-1,-1,-0.01,-1,-1,-0.01,-1,-1,-0.01,-1,-1
99926009,2026-05-18 11:01:05+05:30,53056.8,0,0.0,0,0.0,0.0,53282.15,53308.4,52783.45,53710.35,0,0.0,0.0,0.0,0.0,-0.01,-1,-1,-0.01,-1,-1,-0.01,-1,-1,-0.01,-1,-1,-0.01,-1,-1,-0.01,-1,-1,-0.01,-1,-1,-0.01,-1,-1,-0.01,-1,-1,-0.01,-1,-1
99926009,2026-05-18 11:01:06+05:30,53057.15,0,0.0,0,0.0,0.0,53282.15,53308.4,52783.45,53710.35,0,0.0,0.0,0.0,0.0,-0.01,-1,-1,-0.01,-1,-1,-0.01,-1,-1,-0.01,-1,-1,-0.01,-1,-1,-0.01,-1,-1,-0.01,-1,-1,-0.01,-1,-1,-0.01,-1,-1,-0.01,-1,-1
99926009,2026-05-18 11:01:06+05:30,53057.3,0,0.0,0,0.0,0.0,53282.15,53308.4,52783.45,53710.35,0,0.0,0.0,0.0,0.0,-0.01,-1,-1,-0.01,-1,-1,-0.01,-1,-1,-0.01,-1,-1,-0.01,-1,-1,-0.01,-1,-1,-0.01,-1,-1,-0.01,-1,-1,-0.01,-1,-1,-0.01,-1,-1
99926009,2026-05-18 11:01:07+05:30,53056.15,0,0.0,0,0.0,0.0,53282.15,53308.4,52783.45,53710.35,0,0.0,0.0,0.0,0.0,-0.01,-1,-1,-0.01,-1,-1,-0.01,-1,-1,-0.01,-1,-1,-0.01,-1,-1,-0.01,-1,-1,-0.01,-1,-1,-0.01,-1,-1,-0.01,-1,-1,-0.01,-1,-1
99926009,2026-05-18 11:01:07+05:30,53052.7,0,0.0,0,0.0,0.0,53282.15,53308.4,52783.45,53710.35,0,0.0,0.0,0.0,0.0,-0.01,-1,-1,-0.01,-1,-1,-0.01,-1,-1,-0.01,-1,-1,-0.01,-1,-1,-0.01,-1,-1,-0.01,-1,-1,-0.01,-1,-1,-0.01,-1,-1,-0.01,-1,-1
99926009,2026-05-18 11:01:08+05:30,53055.15,0,0.0,0,0.0,0.0,53282.15,53308.4,52783.45,53710.35,0,0.0,0.0,0.0,0.0,-0.01,-1,-1,-0.01,-1,-1,-0.01,-1,-1,-0.01,-1,-1,-0.01,-1,-1,-0.01,-1,-1,-0.01,-1,-1,-0.01,-1,-1,-0.01,-1,-1,-0.01,-1,-1
99926009,2026-05-18 11:01:08+05:30,53051.8,0,0.0,0,0.0,0.0,53282.15,53308.4,52783.45,53710.35,0,0.0,0.0,0.0,0.0,-0.01,-1,-1,-0.01,-1,-1,-0.01,-1,-1,-0.01,-1,-1,-0.01,-1,-1,-0.01,-1,-1,-0.01,-1,-1,-0.01,-1,-1,-0.01,-1,-1,-0.01,-1,-1
99926009,2026-05-18 11:01:09+05:30,53055.3,0,0.0,0,0.0,0.0,53282.15,53308.4,52783.45,53710.35,0,0.0,0.0,0.0,0.0,-0.01,-1,-1,-0.01,-1,-1,-0.01,-1,-1,-0.01,-1,-1,-0.01,-1,-1,-0.01,-1,-1,-0.01,-1,-1,-0.01,-1,-1,-0.01,-1,-1,-0.01,-1,-1
99926009,2026-05-18 11:01:09+05:30,53056.55,0,0.0,0,0.0,0.0,53282.15,53308.4,52783.45,53710.35,0,0.0,0.0,0.0,0.0,-0.01,-1,-1,-0.01,-1,-1,-0.01,-1,-1,-0.01,-1,-1,-0.01,-1,-1,-0.01,-1,-1,-0.01,-1,-1,-0.01,-1,-1,-0.01,-1,-1,-0.01,-1,-1
99926009,2026-05-18 11:01:10+05:30,53057.85,0,0.0,0,0.0,0.0,53282.15,53308.4,52783.45,53710.35,0,0.0,0.0,0.0,0.0,-0.01,-1,-1,-0.01,-1,-1,-0.01,-1,-1,-0.01,-1,-1,-0.01,-1,-1,-0.01,-1,-1,-0.01,-1,-1,-0.01,-1,-1,-0.01,-1,-1,-0.01,-1,-1
99926009,2026-05-18 11:01:10+05:30,53048.4,0,0.0,0,0.0,0.0,53282.15,53308.4,52783.45,53710.35,0,0.0,0.0,0.0,0.0,-0.01,-1,-1,-0.01,-1,-1,-0.01,-1,-1,-0.01,-1,-1,-0.01,-1,-1,-0.01,-1,-1,-0.01,-1,-1,-0.01,-1,-1,-0.01,-1,-1,-0.01,-1,-1
99926009,2026-05-18 11:01:11+05:30,53050.4,0,0.0,0,0.0,0.0,53282.15,53308.4,52783.45,53710.35,0,0.0,0.0,0.0,0.0,-0.01,-1,-1,-0.01,-1,-1,-0.01,-1,-1,-0.01,-1,-1,-0.01,-1,-1,-0.01,-1,-1,-0.01,-1,-1,-0.01,-1,-1,-0.01,-1,-1,-0.01,-1,-1
99926009,2026-05-18 11:01:11+05:30,53045.9,0,0.0,0,0.0,0.0,53282.15,53308.4,52783.45,53710.35,0,0.0,0.0,0.0,0.0,-0.01,-1,-1,-0.01,-1,-1,-0.01,-1,-1,-0.01,-1,-1,-0.01,-1,-1,-0.01,-1,-1,-0.01,-1,-1,-0.01,-1,-1,-0.01,-1,-1,-0.01,-1,-1
99926009,2026-05-18 11:01:12+05:30,53046.35,0,0.0,0,0.0,0.0,53282.15,53308.4,52783.45,53710.35,0,0.0,0.0,0.0,0.0,-0.01,-1,-1,-0.01,-1,-1,-0.01,-1,-1,-0.01,-1,-1,-0.01,-1,-1,-0.01,-1,-1,-0.01,-1,-1,-0.01,-1,-1,-0.01,-1,-1,-0.01,-1,-1
99926009,2026-05-18 11:01:12+05:30,53045.75,0,0.0,0,0.0,0.0,53282.15,53308.4,52783.45,53710.35,0,0.0,0.0,0.0,0.0,-0.01,-1,-1,-0.01,-1,-1,-0.01,-1,-1,-0.01,-1,-1,-0.01,-1,-1,-0.01,-1,-1,-0.01,-1,-1,-0.01,-1,-1,-0.01,-1,-1,-0.01,-1,-1
99926009,2026-05-18 11:01:13+05:30,53045.8,0,0.0,0,0.0,0.0,53282.15,53308.4,52783.45,53710.35,0,0.0,0.0,0.0,0.0,-0.01,-1,-1,-0.01,-1,-1,-0.01,-1,-1,-0.01,-1,-1,-0.01,-1,-1,-0.01,-1,-1,-0.01,-1,-1,-0.01,-1,-1,-0.01,-1,-1,-0.01,-1,-1
99926009,2026-05-18 11:01:13+05:30,53046.25,0,0.0,0,0.0,0.0,53282.15,53308.4,52783.45,53710.35,0,0.0,0.0,0.0,0.0,-0.01,-1,-1,-0.01,-1,-1,-0.01,-1,-1,-0.01,-1,-1,-0.01,-1,-1,-0.01,-1,-1,-0.01,-1,-1,-0.01,-1,-1,-0.01,-1,-1,-0.01,-1,-1
99926009,2026-05-18 11:01:14+05:30,53046.0,0,0.0,0,0.0,0.0,53282.15,53308.4,52783.45,53710.35,0,0.0,0.0,0.0,0.0,-0.01,-1,-1,-0.01,-1,-1,-0.01,-1,-1,-0.01,-1,-1,-0.01,-1,-1,-0.01,-1,-1,-0.01,-1,-1,-0.01,-1,-1,-0.01,-1,-1,-0.01,-1,-1
99926009,2026-05-18 11:01:14+05:30,53045.9,0,0.0,0,0.0,0.0,53282.15,53308.4,52783.45,53710.35,0,0.0,0.0,0.0,0.0,-0.01,-1,-1,-0.01,-1,-1,-0.01,-1,-1,-0.01,-1,-1,-0.01,-1,-1,-0.01,-1,-1,-0.01,-1,-1,-0.01,-1,-1,-0.01,-1,-1,-0.01,-1,-1
99926009,2026-05-18 11:01:15+05:30,53044.4,0,0.0,0,0.0,0.0,53282.15,53308.4,52783.45,53710.35,0,0.0,0.0,0.0,0.0,-0.01,-1,-1,-0.01,-1,-1,-0.01,-1,-1,-0.01,-1,-1,-0.01,-1,-1,-0.01,-1,-1,-0.01,-1,-1,-0.01,-1,-1,-0.01,-1,-1,-0.01,-1,-1
99926009,2026-05-18 11:01:15+05:30,53045.55,0,0.0,0,0.0,0.0,53282.15,53308.4,52783.45,53710.35,0,0.0,0.0,0.0,0.0,-0.01,-1,-1,-0.01,-1,-1,-0.01,-1,-1,-0.01,-1,-1,-0.01,-1,-1,-0.01,-1,-1,-0.01,-1,-1,-0.01,-1,-1,-0.01,-1,-1,-0.01,-1,-1
99926009,2026-05-18 11:01:16+05:30,53045.95,0,0.0,0,0.0,0.0,53282.15,53308.4,52783.45,53710.35,0,0.0,0.0,0.0,0.0,-0.01,-1,-1,-0.01,-1,-1,-0.01,-1,-1,-0.01,-1,-1,-0.01,-1,-1,-0.01,-1,-1,-0.01,-1,-1,-0.01,-1,-1,-0.01,-1,-1,-0.01,-1,-1
99926009,2026-05-18 11:01:16+05:30,53046.45,0,0.0,0,0.0,0.0,53282.15,53308.4,52783.45,53710.35,0,0.0,0.0,0.0,0.0,-0.01,-1,-1,-0.01,-1,-1,-0.01,-1,-1,-0.01,-1,-1,-0.01,-1,-1,-0.01,-1,-1,-0.01,-1,-1,-0.01,-1,-1,-0.01,-1,-1,-0.01,-1,-1
99926009,2026-05-18 11:01:17+05:30,53041.95,0,0.0,0,0.0,0.0,53282.15,53308.4,52783.45,53710.35,0,0.0,0.0,0.0,0.0,-0.01,-1,-1,-0.01,-1,-1,-0.01,-1,-1,-0.01,-1,-1,-0.01,-1,-1,-0.01,-1,-1,-0.01,-1,-1,-0.01,-1,-1,-0.01,-1,-1,-0.01,-1,-1
99926009,2026-05-18 11:01:17+05:30,53041.0,0,0.0,0,0.0,0.0,53282.15,53308.4,52783.45,53710.35,0,0.0,0.0,0.0,0.0,-0.01,-1,-1,-0.01,-1,-1,-0.01,-1,-1,-0.01,-1,-1,-0.01,-1,-1,-0.01,-1,-1,-0.01,-1,-1,-0.01,-1,-1,-0.01,-1,-1,-0.01,-1,-1
99926009,2026-05-18 11:01:18+05:30,53039.3,0,0.0,0,0.0,0.0,53282.15,53308.4,52783.45,53710.35,0,0.0,0.0,0.0,0.0,-0.01,-1,-1,-0.01,-1,-1,-0.01,-1,-1,-0.01,-1,-1,-0.01,-1,-1,-0.01,-1,-1,-0.01,-1,-1,-0.01,-1,-1,-0.01,-1,-1,-0.01,-1,-1
99926009,2026-05-18 11:01:18+05:30,53038.65,0,0.0,0,0.0,0.0,53282.15,53308.4,52783.45,53710.35,0,0.0,0.0,0.0,0.0,-0.01,-1,-1,-0.01,-1,-1,-0.01,-1,-1,-0.01,-1,-1,-0.01,-1,-1,-0.01,-1,-1,-0.01,-1,-1,-0.01,-1,-1,-0.01,-1,-1,-0.01,-1,-1
99926009,2026-05-18 11:01:19+05:30,53039.85,0,0.0,0,0.0,0.0,53282.15,53308.4,52783.45,53710.35,0,0.0,0.0,0.0,0.0,-0.01,-1,-1,-0.01,-1,-1,-0.01,-1,-1,-0.01,-1,-1,-0.01,-1,-1,-0.01,-1,-1,-0.01,-1,-1,-0.01,-1,-1,-0.01,-1,-1,-0.01,-1,-1
99926009,2026-05-18 11:01:19+05:30,53038.7,0,0.0,0,0.0,0.0,53282.15,53308.4,52783.45,53710.35,0,0.0,0.0,0.0,0.0,-0.01,-1,-1,-0.01,-1,-1,-0.01,-1,-1,-0.01,-1,-1,-0.01,-1,-1,-0.01,-1,-1,-0.01,-1,-1,-0.01,-1,-1,-0.01,-1,-1,-0.01,-1,-1
99926009,2026-05-18 11:01:20+05:30,53039.75,0,0.0,0,0.0,0.0,53282.15,53308.4,52783.45,53710.35,0,0.0,0.0,0.0,0.0,-0.01,-1,-1,-0.01,-1,-1,-0.01,-1,-1,-0.01,-1,-1,-0.01,-1,-1,-0.01,-1,-1,-0.01,-1,-1,-0.01,-1,-1,-0.01,-1,-1,-0.01,-1,-1
99926009,2026-05-18 11:01:20+05:30,53039.1,0,0.0,0,0.0,0.0,53282.15,53308.4,52783.45,53710.35,0,0.0,0.0,0.0,0.0,-0.01,-1,-1,-0.01,-1,-1,-0.01,-1,-1,-0.01,-1,-1,-0.01,-1,-1,-0.01,-1,-1,-0.01,-1,-1,-0.01,-1,-1,-0.01,-1,-1,-0.01,-1,-1
99926009,2026-05-18 11:01:21+05:30,53036.75,0,0.0,0,0.0,0.0,53282.15,53308.4,52783.45,53710.35,0,0.0,0.0,0.0,0.0,-0.01,-1,-1,-0.01,-1,-1,-0.01,-1,-1,-0.01,-1,-1,-0.01,-1,-1,-0.01,-1,-1,-0.01,-1,-1,-0.01,-1,-1,-0.01,-1,-1,-0.01,-1,-1
99926009,2026-05-18 11:01:21+05:30,53037.25,0,0.0,0,0.0,0.0,53282.15,53308.4,52783.45,53710.35,0,0.0,0.0,0.0,0.0,-0.01,-1,-1,-0.01,-1,-1,-0.01,-1,-1,-0.01,-1,-1,-0.01,-1,-1,-0.01,-1,-1,-0.01,-1,-1,-0.01,-1,-1,-0.01,-1,-1,-0.01,-1,-1
99926009,2026-05-18 11:01:22+05:30,53038.3,0,0.0,0,0.0,0.0,53282.15,53308.4,52783.45,53710.35,0,0.0,0.0,0.0,0.0,-0.01,-1,-1,-0.01,-1,-1,-0.01,-1,-1,-0.01,-1,-1,-0.01,-1,-1,-0.01,-1,-1,-0.01,-1,-1,-0.01,-1,-1,-0.01,-1,-1,-0.01,-1,-1
99926009,2026-05-18 11:01:22+05:30,53038.1,0,0.0,0,0.0,0.0,53282.15,53308.4,52783.45,53710.35,0,0.0,0.0,0.0,0.0,-0.01,-1,-1,-0.01,-1,-1,-0.01,-1,-1,-0.01,-1,-1,-0.01,-1,-1,-0.01,-1,-1,-0.01,-1,-1,-0.01,-1,-1,-0.01,-1,-1,-0.01,-1,-1
99926009,2026-05-18 11:01:23+05:30,53035.9,0,0.0,0,0.0,0.0,53282.15,53308.4,52783.45,53710.35,0,0.0,0.0,0.0,0.0,-0.01,-1,-1,-0.01,-1,-1,-0.01,-1,-1,-0.01,-1,-1,-0.01,-1,-1,-0.01,-1,-1,-0.01,-1,-1,-0.01,-1,-1,-0.01,-1,-1,-0.01,-1,-1
99926009,2026-05-18 11:01:23+05:30,53032.7,0,0.0,0,0.0,0.0,53282.15,53308.4,52783.45,53710.35,0,0.0,0.0,0.0,0.0,-0.01,-1,-1,-0.01,-1,-1,-0.01,-1,-1,-0.01,-1,-1,-0.01,-1,-1,-0.01,-1,-1,-0.01,-1,-1,-0.01,-1,-1,-0.01,-1,-1,-0.01,-1,-1
99926009,2026-05-18 11:01:24+05:30,53033.25,0,0.0,0,0.0,0.0,53282.15,53308.4,52783.45,53710.35,0,0.0,0.0,0.0,0.0,-0.01,-1,-1,-0.01,-1,-1,-0.01,-1,-1,-0.01,-1,-1,-0.01,-1,-1,-0.01,-1,-1,-0.01,-1,-1,-0.01,-1,-1,-0.01,-1,-1,-0.01,-1,-1
99926009,2026-05-18 11:01:24+05:30,53033.95,0,0.0,0,0.0,0.0,53282.15,53308.4,52783.45,53710.35,0,0.0,0.0,0.0,0.0,-0.01,-1,-1,-0.01,-1,-1,-0.01,-1,-1,-0.01,-1,-1,-0.01,-1,-1,-0.01,-1,-1,-0.01,-1,-1,-0.01,-1,-1,-0.01,-1,-1,-0.01,-1,-1
99926009,2026-05-18 11:01:25+05:30,53035.55,0,0.0,0,0.0,0.0,53282.15,53308.4,52783.45,53710.35,0,0.0,0.0,0.0,0.0,-0.01,-1,-1,-0.01,-1,-1,-0.01,-1,-1,-0.01,-1,-1,-0.01,-1,-1,-0.01,-1,-1,-0.01,-1,-1,-0.01,-1,-1,-0.01,-1,-1,-0.01,-1,-1
99926009,2026-05-18 11:01:25+05:30,53033.35,0,0.0,0,0.0,0.0,53282.15,53308.4,52783.45,53710.35,0,0.0,0.0,0.0,0.0,-0.01,-1,-1,-0.01,-1,-1,-0.01,-1,-1,-0.01,-1,-1,-0.01,-1,-1,-0.01,-1,-1,-0.01,-1,-1,-0.01,-1,-1,-0.01,-1,-1,-0.01,-1,-1
99926009,2026-05-18 11:01:26+05:30,53036.3,0,0.0,0,0.0,0.0,53282.15,53308.4,52783.45,53710.35,0,0.0,0.0,0.0,0.0,-0.01,-1,-1,-0.01,-1,-1,-0.01,-1,-1,-0.01,-1,-1,-0.01,-1,-1,-0.01,-1,-1,-0.01,-1,-1,-0.01,-1,-1,-0.01,-1,-1,-0.01,-1,-1
99926009,2026-05-18 11:01:26+05:30,53034.35,0,0.0,0,0.0,0.0,53282.15,53308.4,52783.45,53710.35,0,0.0,0.0,0.0,0.0,-0.01,-1,-1,-0.01,-1,-1,-0.01,-1,-1,-0.01,-1,-1,-0.01,-1,-1,-0.01,-1,-1,-0.01,-1,-1,-0.01,-1,-1,-0.01,-1,-1,-0.01,-1,-1
99926009,2026-05-18 11:01:27+05:30,53034.7,0,0.0,0,0.0,0.0,53282.15,53308.4,52783.45,53710.35,0,0.0,0.0,0.0,0.0,-0.01,-1,-1,-0.01,-1,-1,-0.01,-1,-1,-0.01,-1,-1,-0.01,-1,-1,-0.01,-1,-1,-0.01,-1,-1,-0.01,-1,-1,-0.01,-1,-1,-0.01,-1,-1
99926009,2026-05-18 11:01:27+05:30,53031.5,0,0.0,0,0.0,0.0,53282.15,53308.4,52783.45,53710.35,0,0.0,0.0,0.0,0.0,-0.01,-1,-1,-0.01,-1,-1,-0.01,-1,-1,-0.01,-1,-1,-0.01,-1,-1,-0.01,-1,-1,-0.01,-1,-1,-0.01,-1,-1,-0.01,-1,-1,-0.01,-1,-1
99926009,2026-05-18 11:01:28+05:30,53031.0,0,0.0,0,0.0,0.0,53282.15,53308.4,52783.45,53710.35,0,0.0,0.0,0.0,0.0,-0.01,-1,-1,-0.01,-1,-1,-0.01,-1,-1,-0.01,-1,-1,-0.01,-1,-1,-0.01,-1,-1,-0.01,-1,-1,-0.01,-1,-1,-0.01,-1,-1,-0.01,-1,-1
99926009,2026-05-18 11:01:28+05:30,53033.35,0,0.0,0,0.0,0.0,53282.15,53308.4,52783.45,53710.35,0,0.0,0.0,0.0,0.0,-0.01,-1,-1,-0.01,-1,-1,-0.01,-1,-1,-0.01,-1,-1,-0.01,-1,-1,-0.01,-1,-1,-0.01,-1,-1,-0.01,-1,-1,-0.01,-1,-1,-0.01,-1,-1
99926009,2026-05-18 11:01:29+05:30,53035.25,0,0.0,0,0.0,0.0,53282.15,53308.4,52783.45,53710.35,0,0.0,0.0,0.0,0.0,-0.01,-1,-1,-0.01,-1,-1,-0.01,-1,-1,-0.01,-1,-1,-0.01,-1,-1,-0.01,-1,-1,-0.01,-1,-1,-0.01,-1,-1,-0.01,-1,-1,-0.01,-1,-1
99926009,2026-05-18 11:01:29+05:30,53031.55,0,0.0,0,0.0,0.0,53282.15,53308.4,52783.45,53710.35,0,0.0,0.0,0.0,0.0,-0.01,-1,-1,-0.01,-1,-1,-0.01,-1,-1,-0.01,-1,-1,-0.01,-1,-1,-0.01,-1,-1,-0.01,-1,-1,-0.01,-1,-1,-0.01,-1,-1,-0.01,-1,-1
99926009,2026-05-18 11:01:30+05:30,53029.85,0,0.0,0,0.0,0.0,53282.15,53308.4,52783.45,53710.35,0,0.0,0.0,0.0,0.0,-0.01,-1,-1,-0.01,-1,-1,-0.01,-1,-1,-0.01,-1,-1,-0.01,-1,-1,-0.01,-1,-1,-0.01,-1,-1,-0.01,-1,-1,-0.01,-1,-1,-0.01,-1,-1
99926009,2026-05-18 11:01:30+05:30,53027.9,0,0.0,0,0.0,0.0,53282.15,53308.4,52783.45,53710.35,0,0.0,0.0,0.0,0.0,-0.01,-1,-1,-0.01,-1,-1,-0.01,-1,-1,-0.01,-1,-1,-0.01,-1,-1,-0.01,-1,-1,-0.01,-1,-1,-0.01,-1,-1,-0.01,-1,-1,-0.01,-1,-1
99926009,2026-05-18 11:01:31+05:30,53031.0,0,0.0,0,0.0,0.0,53282.15,53308.4,52783.45,53710.35,0,0.0,0.0,0.0,0.0,-0.01,-1,-1,-0.01,-1,-1,-0.01,-1,-1,-0.01,-1,-1,-0.01,-1,-1,-0.01,-1,-1,-0.01,-1,-1,-0.01,-1,-1,-0.01,-1,-1,-0.01,-1,-1
99926009,2026-05-18 11:01:31+05:30,53027.05,0,0.0,0,0.0,0.0,53282.15,53308.4,52783.45,53710.35,0,0.0,0.0,0.0,0.0,-0.01,-1,-1,-0.01,-1,-1,-0.01,-1,-1,-0.01,-1,-1,-0.01,-1,-1,-0.01,-1,-1,-0.01,-1,-1,-0.01,-1,-1,-0.01,-1,-1,-0.01,-1,-1
99926009,2026-05-18 11:01:32+05:30,53024.75,0,0.0,0,0.0,0.0,53282.15,53308.4,52783.45,53710.35,0,0.0,0.0,0.0,0.0,-0.01,-1,-1,-0.01,-1,-1,-0.01,-1,-1,-0.01,-1,-1,-0.01,-1,-1,-0.01,-1,-1,-0.01,-1,-1,-0.01,-1,-1,-0.01,-1,-1,-0.01,-1,-1
99926009,2026-05-18 11:01:32+05:30,53022.95,0,0.0,0,0.0,0.0,53282.15,53308.4,52783.45,53710.35,0,0.0,0.0,0.0,0.0,-0.01,-1,-1,-0.01,-1,-1,-0.01,-1,-1,-0.01,-1,-1,-0.01,-1,-1,-0.01,-1,-1,-0.01,-1,-1,-0.01,-1,-1,-0.01,-1,-1,-0.01,-1,-1
99926009,2026-05-18 11:01:33+05:30,53023.75,0,0.0,0,0.0,0.0,53282.15,53308.4,52783.45,53710.35,0,0.0,0.0,0.0,0.0,-0.01,-1,-1,-0.01,-1,-1,-0.01,-1,-1,-0.01,-1,-1,-0.01,-1,-1,-0.01,-1,-1,-0.01,-1,-1,-0.01,-1,-1,-0.01,-1,-1,-0.01,-1,-1
99926009,2026-05-18 11:01:33+05:30,53024.0,0,0.0,0,0.0,0.0,53282.15,53308.4,52783.45,53710.35,0,0.0,0.0,0.0,0.0,-0.01,-1,-1,-0.01,-1,-1,-0.01,-1,-1,-0.01,-1,-1,-0.01,-1,-1,-0.01,-1,-1,-0.01,-1,-1,-0.01,-1,-1,-0.01,-1,-1,-0.01,-1,-1
99926009,2026-05-18 11:01:34+05:30,53023.55,0,0.0,0,0.0,0.0,53282.15,53308.4,52783.45,53710.35,0,0.0,0.0,0.0,0.0,-0.01,-1,-1,-0.01,-1,-1,-0.01,-1,-1,-0.01,-1,-1,-0.01,-1,-1,-0.01,-1,-1,-0.01,-1,-1,-0.01,-1,-1,-0.01,-1,-1,-0.01,-1,-1
99926009,2026-05-18 11:01:34+05:30,53024.95,0,0.0,0,0.0,0.0,53282.15,53308.4,52783.45,53710.35,0,0.0,0.0,0.0,0.0,-0.01,-1,-1,-0.01,-1,-1,-0.01,-1,-1,-0.01,-1,-1,-0.01,-1,-1,-0.01,-1,-1,-0.01,-1,-1,-0.01,-1,-1,-0.01,-1,-1,-0.01,-1,-1
99926009,2026-05-18 11:01:35+05:30,53026.5,0,0.0,0,0.0,0.0,53282.15,53308.4,52783.45,53710.35,0,0.0,0.0,0.0,0.0,-0.01,-1,-1,-0.01,-1,-1,-0.01,-1,-1,-0.01,-1,-1,-0.01,-1,-1,-0.01,-1,-1,-0.01,-1,-1,-0.01,-1,-1,-0.01,-1,-1,-0.01,-1,-1
99926009,2026-05-18 11:01:35+05:30,53020.35,0,0.0,0,0.0,0.0,53282.15,53308.4,52783.45,53710.35,0,0.0,0.0,0.0,0.0,-0.01,-1,-1,-0.01,-1,-1,-0.01,-1,-1,-0.01,-1,-1,-0.01,-1,-1,-0.01,-1,-1,-0.01,-1,-1,-0.01,-1,-1,-0.01,-1,-1,-0.01,-1,-1
99926009,2026-05-18 11:01:36+05:30,53020.5,0,0.0,0,0.0,0.0,53282.15,53308.4,52783.45,53710.35,0,0.0,0.0,0.0,0.0,-0.01,-1,-1,-0.01,-1,-1,-0.01,-1,-1,-0.01,-1,-1,-0.01,-1,-1,-0.01,-1,-1,-0.01,-1,-1,-0.01,-1,-1,-0.01,-1,-1,-0.01,-1,-1
99926009,2026-05-18 11:01:36+05:30,53022.3,0,0.0,0,0.0,0.0,53282.15,53308.4,52783.45,53710.35,0,0.0,0.0,0.0,0.0,-0.01,-1,-1,-0.01,-1,-1,-0.01,-1,-1,-0.01,-1,-1,-0.01,-1,-1,-0.01,-1,-1,-0.01,-1,-1,-0.01,-1,-1,-0.01,-1,-1,-0.01,-1,-1
99926009,2026-05-18 11:01:37+05:30,53025.3,0,0.0,0,0.0,0.0,53282.15,53308.4,52783.45,53710.35,0,0.0,0.0,0.0,0.0,-0.01,-1,-1,-0.01,-1,-1,-0.01,-1,-1,-0.01,-1,-1,-0.01,-1,-1,-0.01,-1,-1,-0.01,-1,-1,-0.01,-1,-1,-0.01,-1,-1,-0.01,-1,-1
99926009,2026-05-18 11:01:37+05:30,53025.85,0,0.0,0,0.0,0.0,53282.15,53308.4,52783.45,53710.35,0,0.0,0.0,0.0,0.0,-0.01,-1,-1,-0.01,-1,-1,-0.01,-1,-1,-0.01,-1,-1,-0.01,-1,-1,-0.01,-1,-1,-0.01,-1,-1,-0.01,-1,-1,-0.01,-1,-1,-0.01,-1,-1
99926009,2026-05-18 11:01:38+05:30,53023.95,0,0.0,0,0.0,0.0,53282.15,53308.4,52783.45,53710.35,0,0.0,0.0,0.0,0.0,-0.01,-1,-1,-0.01,-1,-1,-0.01,-1,-1,-0.01,-1,-1,-0.01,-1,-1,-0.01,-1,-1,-0.01,-1,-1,-0.01,-1,-1,-0.01,-1,-1,-0.01,-1,-1
99926009,2026-05-18 11:01:38+05:30,53023.05,0,0.0,0,0.0,0.0,53282.15,53308.4,52783.45,53710.35,0,0.0,0.0,0.0,0.0,-0.01,-1,-1,-0.01,-1,-1,-0.01,-1,-1,-0.01,-1,-1,-0.01,-1,-1,-0.01,-1,-1,-0.01,-1,-1,-0.01,-1,-1,-0.01,-1,-1,-0.01,-1,-1
99926009,2026-05-18 11:01:39+05:30,53024.95,0,0.0,0,0.0,0.0,53282.15,53308.4,52783.45,53710.35,0,0.0,0.0,0.0,0.0,-0.01,-1,-1,-0.01,-1,-1,-0.01,-1,-1,-0.01,-1,-1,-0.01,-1,-1,-0.01,-1,-1,-0.01,-1,-1,-0.01,-1,-1,-0.01,-1,-1,-0.01,-1,-1
99926009,2026-05-18 11:01:39+05:30,53024.2,0,0.0,0,0.0,0.0,53282.15,53308.4,52783.45,53710.35,0,0.0,0.0,0.0,0.0,-0.01,-1,-1,-0.01,-1,-1,-0.01,-1,-1,-0.01,-1,-1,-0.01,-1,-1,-0.01,-1,-1,-0.01,-1,-1,-0.01,-1,-1,-0.01,-1,-1,-0.01,-1,-1
99926009,2026-05-18 11:01:40+05:30,53022.45,0,0.0,0,0.0,0.0,53282.15,53308.4,52783.45,53710.35,0,0.0,0.0,0.0,0.0,-0.01,-1,-1,-0.01,-1,-1,-0.01,-1,-1,-0.01,-1,-1,-0.01,-1,-1,-0.01,-1,-1,-0.01,-1,-1,-0.01,-1,-1,-0.01,-1,-1,-0.01,-1,-1
99926009,2026-05-18 11:01:40+05:30,53022.25,0,0.0,0,0.0,0.0,53282.15,53308.4,52783.45,53710.35,0,0.0,0.0,0.0,0.0,-0.01,-1,-1,-0.01,-1,-1,-0.01,-1,-1,-0.01,-1,-1,-0.01,-1,-1,-0.01,-1,-1,-0.01,-1,-1,-0.01,-1,-1,-0.01,-1,-1,-0.01,-1,-1
99926009,2026-05-18 11:01:41+05:30,53026.75,0,0.0,0,0.0,0.0,53282.15,53308.4,52783.45,53710.35,0,0.0,0.0,0.0,0.0,-0.01,-1,-1,-0.01,-1,-1,-0.01,-1,-1,-0.01,-1,-1,-0.01,-1,-1,-0.01,-1,-1,-0.01,-1,-1,-0.01,-1,-1,-0.01,-1,-1,-0.01,-1,-1
99926009,2026-05-18 11:01:41+05:30,53031.0,0,0.0,0,0.0,0.0,53282.15,53308.4,52783.45,53710.35,0,0.0,0.0,0.0,0.0,-0.01,-1,-1,-0.01,-1,-1,-0.01,-1,-1,-0.01,-1,-1,-0.01,-1,-1,-0.01,-1,-1,-0.01,-1,-1,-0.01,-1,-1,-0.01,-1,-1,-0.01,-1,-1
99926009,2026-05-18 11:01:42+05:30,53031.1,0,0.0,0,0.0,0.0,53282.15,53308.4,52783.45,53710.35,0,0.0,0.0,0.0,0.0,-0.01,-1,-1,-0.01,-1,-1,-0.01,-1,-1,-0.01,-1,-1,-0.01,-1,-1,-0.01,-1,-1,-0.01,-1,-1,-0.01,-1,-1,-0.01,-1,-1,-0.01,-1,-1
99926009,2026-05-18 11:01:42+05:30,53032.6,0,0.0,0,0.0,0.0,53282.15,53308.4,52783.45,53710.35,0,0.0,0.0,0.0,0.0,-0.01,-1,-1,-0.01,-1,-1,-0.01,-1,-1,-0.01,-1,-1,-0.01,-1,-1,-0.01,-1,-1,-0.01,-1,-1,-0.01,-1,-1,-0.01,-1,-1,-0.01,-1,-1
99926009,2026-05-18 11:01:43+05:30,53036.55,0,0.0,0,0.0,0.0,53282.15,53308.4,52783.45,53710.35,0,0.0,0.0,0.0,0.0,-0.01,-1,-1,-0.01,-1,-1,-0.01,-1,-1,-0.01,-1,-1,-0.01,-1,-1,-0.01,-1,-1,-0.01,-1,-1,-0.01,-1,-1,-0.01,-1,-1,-0.01,-1,-1
99926009,2026-05-18 11:01:43+05:30,53033.95,0,0.0,0,0.0,0.0,53282.15,53308.4,52783.45,53710.35,0,0.0,0.0,0.0,0.0,-0.01,-1,-1,-0.01,-1,-1,-0.01,-1,-1,-0.01,-1,-1,-0.01,-1,-1,-0.01,-1,-1,-0.01,-1,-1,-0.01,-1,-1,-0.01,-1,-1,-0.01,-1,-1
99926009,2026-05-18 11:01:44+05:30,53037.0,0,0.0,0,0.0,0.0,53282.15,53308.4,52783.45,53710.35,0,0.0,0.0,0.0,0.0,-0.01,-1,-1,-0.01,-1,-1,-0.01,-1,-1,-0.01,-1,-1,-0.01,-1,-1,-0.01,-1,-1,-0.01,-1,-1,-0.01,-1,-1,-0.01,-1,-1,-0.01,-1,-1
99926009,2026-05-18 11:01:44+05:30,53032.5,0,0.0,0,0.0,0.0,53282.15,53308.4,52783.45,53710.35,0,0.0,0.0,0.0,0.0,-0.01,-1,-1,-0.01,-1,-1,-0.01,-1,-1,-0.01,-1,-1,-0.01,-1,-1,-0.01,-1,-1,-0.01,-1,-1,-0.01,-1,-1,-0.01,-1,-1,-0.01,-1,-1
99926009,2026-05-18 11:01:45+05:30,53035.3,0,0.0,0,0.0,0.0,53282.15,53308.4,52783.45,53710.35,0,0.0,0.0,0.0,0.0,-0.01,-1,-1,-0.01,-1,-1,-0.01,-1,-1,-0.01,-1,-1,-0.01,-1,-1,-0.01,-1,-1,-0.01,-1,-1,-0.01,-1,-1,-0.01,-1,-1,-0.01,-1,-1
99926009,2026-05-18 11:01:45+05:30,53033.9,0,0.0,0,0.0,0.0,53282.15,53308.4,52783.45,53710.35,0,0.0,0.0,0.0,0.0,-0.01,-1,-1,-0.01,-1,-1,-0.01,-1,-1,-0.01,-1,-1,-0.01,-1,-1,-0.01,-1,-1,-0.01,-1,-1,-0.01,-1,-1,-0.01,-1,-1,-0.01,-1,-1
99926009,2026-05-18 11:01:46+05:30,53033.8,0,0.0,0,0.0,0.0,53282.15,53308.4,52783.45,53710.35,0,0.0,0.0,0.0,0.0,-0.01,-1,-1,-0.01,-1,-1,-0.01,-1,-1,-0.01,-1,-1,-0.01,-1,-1,-0.01,-1,-1,-0.01,-1,-1,-0.01,-1,-1,-0.01,-1,-1,-0.01,-1,-1
99926009,2026-05-18 11:01:46+05:30,53035.75,0,0.0,0,0.0,0.0,53282.15,53308.4,52783.45,53710.35,0,0.0,0.0,0.0,0.0,-0.01,-1,-1,-0.01,-1,-1,-0.01,-1,-1,-0.01,-1,-1,-0.01,-1,-1,-0.01,-1,-1,-0.01,-1,-1,-0.01,-1,-1,-0.01,-1,-1,-0.01,-1,-1
99926009,2026-05-18 11:01:47+05:30,53030.25,0,0.0,0,0.0,0.0,53282.15,53308.4,52783.45,53710.35,0,0.0,0.0,0.0,0.0,-0.01,-1,-1,-0.01,-1,-1,-0.01,-1,-1,-0.01,-1,-1,-0.01,-1,-1,-0.01,-1,-1,-0.01,-1,-1,-0.01,-1,-1,-0.01,-1,-1,-0.01,-1,-1
99926009,2026-05-18 11:01:47+05:30,53032.4,0,0.0,0,0.0,0.0,53282.15,53308.4,52783.45,53710.35,0,0.0,0.0,0.0,0.0,-0.01,-1,-1,-0.01,-1,-1,-0.01,-1,-1,-0.01,-1,-1,-0.01,-1,-1,-0.01,-1,-1,-0.01,-1,-1,-0.01,-1,-1,-0.01,-1,-1,-0.01,-1,-1
99926009,2026-05-18 11:01:48+05:30,53034.25,0,0.0,0,0.0,0.0,53282.15,53308.4,52783.45,53710.35,0,0.0,0.0,0.0,0.0,-0.01,-1,-1,-0.01,-1,-1,-0.01,-1,-1,-0.01,-1,-1,-0.01,-1,-1,-0.01,-1,-1,-0.01,-1,-1,-0.01,-1,-1,-0.01,-1,-1,-0.01,-1,-1
99926009,2026-05-18 11:01:48+05:30,53034.3,0,0.0,0,0.0,0.0,53282.15,53308.4,52783.45,53710.35,0,0.0,0.0,0.0,0.0,-0.01,-1,-1,-0.01,-1,-1,-0.01,-1,-1,-0.01,-1,-1,-0.01,-1,-1,-0.01,-1,-1,-0.01,-1,-1,-0.01,-1,-1,-0.01,-1,-1,-0.01,-1,-1
99926009,2026-05-18 11:01:49+05:30,53030.5,0,0.0,0,0.0,0.0,53282.15,53308.4,52783.45,53710.35,0,0.0,0.0,0.0,0.0,-0.01,-1,-1,-0.01,-1,-1,-0.01,-1,-1,-0.01,-1,-1,-0.01,-1,-1,-0.01,-1,-1,-0.01,-1,-1,-0.01,-1,-1,-0.01,-1,-1,-0.01,-1,-1
99926009,2026-05-18 11:01:49+05:30,53030.15,0,0.0,0,0.0,0.0,53282.15,53308.4,52783.45,53710.35,0,0.0,0.0,0.0,0.0,-0.01,-1,-1,-0.01,-1,-1,-0.01,-1,-1,-0.01,-1,-1,-0.01,-1,-1,-0.01,-1,-1,-0.01,-1,-1,-0.01,-1,-1,-0.01,-1,-1,-0.01,-1,-1
99926009,2026-05-18 11:01:50+05:30,53030.85,0,0.0,0,0.0,0.0,53282.15,53308.4,52783.45,53710.35,0,0.0,0.0,0.0,0.0,-0.01,-1,-1,-0.01,-1,-1,-0.01,-1,-1,-0.01,-1,-1,-0.01,-1,-1,-0.01,-1,-1,-0.01,-1,-1,-0.01,-1,-1,-0.01,-1,-1,-0.01,-1,-1
99926009,2026-05-18 11:01:50+05:30,53030.15,0,0.0,0,0.0,0.0,53282.15,53308.4,52783.45,53710.35,0,0.0,0.0,0.0,0.0,-0.01,-1,-1,-0.01,-1,-1,-0.01,-1,-1,-0.01,-1,-1,-0.01,-1,-1,-0.01,-1,-1,-0.01,-1,-1,-0.01,-1,-1,-0.01,-1,-1,-0.01,-1,-1
99926009,2026-05-18 11:01:51+05:30,53033.45,0,0.0,0,0.0,0.0,53282.15,53308.4,52783.45,53710.35,0,0.0,0.0,0.0,0.0,-0.01,-1,-1,-0.01,-1,-1,-0.01,-1,-1,-0.01,-1,-1,-0.01,-1,-1,-0.01,-1,-1,-0.01,-1,-1,-0.01,-1,-1,-0.01,-1,-1,-0.01,-1,-1
99926009,2026-05-18 11:01:51+05:30,53034.65,0,0.0,0,0.0,0.0,53282.15,53308.4,52783.45,53710.35,0,0.0,0.0,0.0,0.0,-0.01,-1,-1,-0.01,-1,-1,-0.01,-1,-1,-0.01,-1,-1,-0.01,-1,-1,-0.01,-1,-1,-0.01,-1,-1,-0.01,-1,-1,-0.01,-1,-1,-0.01,-1,-1
99926009,2026-05-18 11:01:52+05:30,53032.6,0,0.0,0,0.0,0.0,53282.15,53308.4,52783.45,53710.35,0,0.0,0.0,0.0,0.0,-0.01,-1,-1,-0.01,-1,-1,-0.01,-1,-1,-0.01,-1,-1,-0.01,-1,-1,-0.01,-1,-1,-0.01,-1,-1,-0.01,-1,-1,-0.01,-1,-1,-0.01,-1,-1
99926009,2026-05-18 11:01:52+05:30,53030.25,0,0.0,0,0.0,0.0,53282.15,53308.4,52783.45,53710.35,0,0.0,0.0,0.0,0.0,-0.01,-1,-1,-0.01,-1,-1,-0.01,-1,-1,-0.01,-1,-1,-0.01,-1,-1,-0.01,-1,-1,-0.01,-1,-1,-0.01,-1,-1,-0.01,-1,-1,-0.01,-1,-1
99926009,2026-05-18 11:01:53+05:30,53032.15,0,0.0,0,0.0,0.0,53282.15,53308.4,52783.45,53710.35,0,0.0,0.0,0.0,0.0,-0.01,-1,-1,-0.01,-1,-1,-0.01,-1,-1,-0.01,-1,-1,-0.01,-1,-1,-0.01,-1,-1,-0.01,-1,-1,-0.01,-1,-1,-0.01,-1,-1,-0.01,-1,-1
99926009,2026-05-18 11:01:53+05:30,53031.0,0,0.0,0,0.0,0.0,53282.15,53308.4,52783.45,53710.35,0,0.0,0.0,0.0,0.0,-0.01,-1,-1,-0.01,-1,-1,-0.01,-1,-1,-0.01,-1,-1,-0.01,-1,-1,-0.01,-1,-1,-0.01,-1,-1,-0.01,-1,-1,-0.01,-1,-1,-0.01,-1,-1
99926009,2026-05-18 11:01:54+05:30,53030.0,0,0.0,0,0.0,0.0,53282.15,53308.4,52783.45,53710.35,0,0.0,0.0,0.0,0.0,-0.01,-1,-1,-0.01,-1,-1,-0.01,-1,-1,-0.01,-1,-1,-0.01,-1,-1,-0.01,-1,-1,-0.01,-1,-1,-0.01,-1,-1,-0.01,-1,-1,-0.01,-1,-1
99926009,2026-05-18 11:01:54+05:30,53030.85,0,0.0,0,0.0,0.0,53282.15,53308.4,52783.45,53710.35,0,0.0,0.0,0.0,0.0,-0.01,-1,-1,-0.01,-1,-1,-0.01,-1,-1,-0.01,-1,-1,-0.01,-1,-1,-0.01,-1,-1,-0.01,-1,-1,-0.01,-1,-1,-0.01,-1,-1,-0.01,-1,-1
99926009,2026-05-18 11:01:55+05:30,53033.8,0,0.0,0,0.0,0.0,53282.15,53308.4,52783.45,53710.35,0,0.0,0.0,0.0,0.0,-0.01,-1,-1,-0.01,-1,-1,-0.01,-1,-1,-0.01,-1,-1,-0.01,-1,-1,-0.01,-1,-1,-0.01,-1,-1,-0.01,-1,-1,-0.01,-1,-1,-0.01,-1,-1
99926009,2026-05-18 11:01:55+05:30,53034.7,0,0.0,0,0.0,0.0,53282.15,53308.4,52783.45,53710.35,0,0.0,0.0,0.0,0.0,-0.01,-1,-1,-0.01,-1,-1,-0.01,-1,-1,-0.01,-1,-1,-0.01,-1,-1,-0.01,-1,-1,-0.01,-1,-1,-0.01,-1,-1,-0.01,-1,-1,-0.01,-1,-1
99926009,2026-05-18 11:01:56+05:30,53037.35,0,0.0,0,0.0,0.0,53282.15,53308.4,52783.45,53710.35,0,0.0,0.0,0.0,0.0,-0.01,-1,-1,-0.01,-1,-1,-0.01,-1,-1,-0.01,-1,-1,-0.01,-1,-1,-0.01,-1,-1,-0.01,-1,-1,-0.01,-1,-1,-0.01,-1,-1,-0.01,-1,-1
99926009,2026-05-18 11:01:56+05:30,53030.35,0,0.0,0,0.0,0.0,53282.15,53308.4,52783.45,53710.35,0,0.0,0.0,0.0,0.0,-0.01,-1,-1,-0.01,-1,-1,-0.01,-1,-1,-0.01,-1,-1,-0.01,-1,-1,-0.01,-1,-1,-0.01,-1,-1,-0.01,-1,-1,-0.01,-1,-1,-0.01,-1,-1
99926009,2026-05-18 11:01:57+05:30,53029.05,0,0.0,0,0.0,0.0,53282.15,53308.4,52783.45,53710.35,0,0.0,0.0,0.0,0.0,-0.01,-1,-1,-0.01,-1,-1,-0.01,-1,-1,-0.01,-1,-1,-0.01,-1,-1,-0.01,-1,-1,-0.01,-1,-1,-0.01,-1,-1,-0.01,-1,-1,-0.01,-1,-1
99926009,2026-05-18 11:01:57+05:30,53026.35,0,0.0,0,0.0,0.0,53282.15,53308.4,52783.45,53710.35,0,0.0,0.0,0.0,0.0,-0.01,-1,-1,-0.01,-1,-1,-0.01,-1,-1,-0.01,-1,-1,-0.01,-1,-1,-0.01,-1,-1,-0.01,-1,-1,-0.01,-1,-1,-0.01,-1,-1,-0.01,-1,-1
99926009,2026-05-18 11:01:58+05:30,53024.65,0,0.0,0,0.0,0.0,53282.15,53308.4,52783.45,53710.35,0,0.0,0.0,0.0,0.0,-0.01,-1,-1,-0.01,-1,-1,-0.01,-1,-1,-0.01,-1,-1,-0.01,-1,-1,-0.01,-1,-1,-0.01,-1,-1,-0.01,-1,-1,-0.01,-1,-1,-0.01,-1,-1
99926009,2026-05-18 11:01:58+05:30,53027.6,0,0.0,0,0.0,0.0,53282.15,53308.4,52783.45,53710.35,0,0.0,0.0,0.0,0.0,-0.01,-1,-1,-0.01,-1,-1,-0.01,-1,-1,-0.01,-1,-1,-0.01,-1,-1,-0.01,-1,-1,-0.01,-1,-1,-0.01,-1,-1,-0.01,-1,-1,-0.01,-1,-1
99926009,2026-05-18 11:01:59+05:30,53027.1,0,0.0,0,0.0,0.0,53282.15,53308.4,52783.45,53710.35,0,0.0,0.0,0.0,0.0,-0.01,-1,-1,-0.01,-1,-1,-0.01,-1,-1,-0.01,-1,-1,-0.01,-1,-1,-0.01,-1,-1,-0.01,-1,-1,-0.01,-1,-1,-0.01,-1,-1,-0.01,-1,-1
99926009,2026-05-18 11:01:59+05:30,53025.3,0,0.0,0,0.0,0.0,53282.15,53308.4,52783.45,53710.35,0,0.0,0.0,0.0,0.0,-0.01,-1,-1,-0.01,-1,-1,-0.01,-1,-1,-0.01,-1,-1,-0.01,-1,-1,-0.01,-1,-1,-0.01,-1,-1,-0.01,-1,-1,-0.01,-1,-1,-0.01,-1,-1
99926009,2026-05-18 11:02:00+05:30,53033.8,0,0.0,0,0.0,0.0,53282.15,53308.4,52783.45,53710.35,0,0.0,0.0,0.0,0.0,-0.01,-1,-1,-0.01,-1,-1,-0.01,-1,-1,-0.01,-1,-1,-0.01,-1,-1,-0.01,-1,-1,-0.01,-1,-1,-0.01,-1,-1,-0.01,-1,-1,-0.01,-1,-1
99926009,2026-05-18 11:02:00+05:30,53039.35,0,0.0,0,0.0,0.0,53282.15,53308.4,52783.45,53710.35,0,0.0,0.0,0.0,0.0,-0.01,-1,-1,-0.01,-1,-1,-0.01,-1,-1,-0.01,-1,-1,-0.01,-1,-1,-0.01,-1,-1,-0.01,-1,-1,-0.01,-1,-1,-0.01,-1,-1,-0.01,-1,-1
99926009,2026-05-18 11:02:01+05:30,53040.1,0,0.0,0,0.0,0.0,53282.15,53308.4,52783.45,53710.35,0,0.0,0.0,0.0,0.0,-0.01,-1,-1,-0.01,-1,-1,-0.01,-1,-1,-0.01,-1,-1,-0.01,-1,-1,-0.01,-1,-1,-0.01,-1,-1,-0.01,-1,-1,-0.01,-1,-1,-0.01,-1,-1
99926009,2026-05-18 11:02:01+05:30,53042.8,0,0.0,0,0.0,0.0,53282.15,53308.4,52783.45,53710.35,0,0.0,0.0,0.0,0.0,-0.01,-1,-1,-0.01,-1,-1,-0.01,-1,-1,-0.01,-1,-1,-0.01,-1,-1,-0.01,-1,-1,-0.01,-1,-1,-0.01,-1,-1,-0.01,-1,-1,-0.01,-1,-1
99926009,2026-05-18 11:02:02+05:30,53044.85,0,0.0,0,0.0,0.0,53282.15,53308.4,52783.45,53710.35,0,0.0,0.0,0.0,0.0,-0.01,-1,-1,-0.01,-1,-1,-0.01,-1,-1,-0.01,-1,-1,-0.01,-1,-1,-0.01,-1,-1,-0.01,-1,-1,-0.01,-1,-1,-0.01,-1,-1,-0.01,-1,-1
99926009,2026-05-18 11:02:02+05:30,53040.7,0,0.0,0,0.0,0.0,53282.15,53308.4,52783.45,53710.35,0,0.0,0.0,0.0,0.0,-0.01,-1,-1,-0.01,-1,-1,-0.01,-1,-1,-0.01,-1,-1,-0.01,-1,-1,-0.01,-1,-1,-0.01,-1,-1,-0.01,-1,-1,-0.01,-1,-1,-0.01,-1,-1
99926009,2026-05-18 11:02:03+05:30,53041.45,0,0.0,0,0.0,0.0,53282.15,53308.4,52783.45,53710.35,0,0.0,0.0,0.0,0.0,-0.01,-1,-1,-0.01,-1,-1,-0.01,-1,-1,-0.01,-1,-1,-0.01,-1,-1,-0.01,-1,-1,-0.01,-1,-1,-0.01,-1,-1,-0.01,-1,-1,-0.01,-1,-1
99926009,2026-05-18 11:02:03+05:30,53039.55,0,0.0,0,0.0,0.0,53282.15,53308.4,52783.45,53710.35,0,0.0,0.0,0.0,0.0,-0.01,-1,-1,-0.01,-1,-1,-0.01,-1,-1,-0.01,-1,-1,-0.01,-1,-1,-0.01,-1,-1,-0.01,-1,-1,-0.01,-1,-1,-0.01,-1,-1,-0.01,-1,-1
99926009,2026-05-18 11:02:04+05:30,53038.2,0,0.0,0,0.0,0.0,53282.15,53308.4,52783.45,53710.35,0,0.0,0.0,0.0,0.0,-0.01,-1,-1,-0.01,-1,-1,-0.01,-1,-1,-0.01,-1,-1,-0.01,-1,-1,-0.01,-1,-1,-0.01,-1,-1,-0.01,-1,-1,-0.01,-1,-1,-0.01,-1,-1
99926009,2026-05-18 11:02:04+05:30,53039.0,0,0.0,0,0.0,0.0,53282.15,53308.4,52783.45,53710.35,0,0.0,0.0,0.0,0.0,-0.01,-1,-1,-0.01,-1,-1,-0.01,-1,-1,-0.01,-1,-1,-0.01,-1,-1,-0.01,-1,-1,-0.01,-1,-1,-0.01,-1,-1,-0.01,-1,-1,-0.01,-1,-1
99926009,2026-05-18 11:02:05+05:30,53045.5,0,0.0,0,0.0,0.0,53282.15,53308.4,52783.45,53710.35,0,0.0,0.0,0.0,0.0,-0.01,-1,-1,-0.01,-1,-1,-0.01,-1,-1,-0.01,-1,-1,-0.01,-1,-1,-0.01,-1,-1,-0.01,-1,-1,-0.01,-1,-1,-0.01,-1,-1,-0.01,-1,-1
99926009,2026-05-18 11:02:05+05:30,53044.8,0,0.0,0,0.0,0.0,53282.15,53308.4,52783.45,53710.35,0,0.0,0.0,0.0,0.0,-0.01,-1,-1,-0.01,-1,-1,-0.01,-1,-1,-0.01,-1,-1,-0.01,-1,-1,-0.01,-1,-1,-0.01,-1,-1,-0.01,-1,-1,-0.01,-1,-1,-0.01,-1,-1
99926009,2026-05-18 11:02:06+05:30,53048.25,0,0.0,0,0.0,0.0,53282.15,53308.4,52783.45,53710.35,0,0.0,0.0,0.0,0.0,-0.01,-1,-1,-0.01,-1,-1,-0.01,-1,-1,-0.01,-1,-1,-0.01,-1,-1,-0.01,-1,-1,-0.01,-1,-1,-0.01,-1,-1,-0.01,-1,-1,-0.01,-1,-1
99926009,2026-05-18 11:02:06+05:30,53047.55,0,0.0,0,0.0,0.0,53282.15,53308.4,52783.45,53710.35,0,0.0,0.0,0.0,0.0,-0.01,-1,-1,-0.01,-1,-1,-0.01,-1,-1,-0.01,-1,-1,-0.01,-1,-1,-0.01,-1,-1,-0.01,-1,-1,-0.01,-1,-1,-0.01,-1,-1,-0.01,-1,-1
99926009,2026-05-18 11:02:07+05:30,53045.9,0,0.0,0,0.0,0.0,53282.15,53308.4,52783.45,53710.35,0,0.0,0.0,0.0,0.0,-0.01,-1,-1,-0.01,-1,-1,-0.01,-1,-1,-0.01,-1,-1,-0.01,-1,-1,-0.01,-1,-1,-0.01,-1,-1,-0.01,-1,-1,-0.01,-1,-1,-0.01,-1,-1
99926009,2026-05-18 11:02:07+05:30,53042.8,0,0.0,0,0.0,0.0,53282.15,53308.4,52783.45,53710.35,0,0.0,0.0,0.0,0.0,-0.01,-1,-1,-0.01,-1,-1,-0.01,-1,-1,-0.01,-1,-1,-0.01,-1,-1,-0.01,-1,-1,-0.01,-1,-1,-0.01,-1,-1,-0.01,-1,-1,-0.01,-1,-1
99926009,2026-05-18 11:02:08+05:30,53042.05,0,0.0,0,0.0,0.0,53282.15,53308.4,52783.45,53710.35,0,0.0,0.0,0.0,0.0,-0.01,-1,-1,-0.01,-1,-1,-0.01,-1,-1,-0.01,-1,-1,-0.01,-1,-1,-0.01,-1,-1,-0.01,-1,-1,-0.01,-1,-1,-0.01,-1,-1,-0.01,-1,-1
99926009,2026-05-18 11:02:08+05:30,53043.25,0,0.0,0,0.0,0.0,53282.15,53308.4,52783.45,53710.35,0,0.0,0.0,0.0,0.0,-0.01,-1,-1,-0.01,-1,-1,-0.01,-1,-1,-0.01,-1,-1,-0.01,-1,-1,-0.01,-1,-1,-0.01,-1,-1,-0.01,-1,-1,-0.01,-1,-1,-0.01,-1,-1
99926009,2026-05-18 11:02:09+05:30,53043.4,0,0.0,0,0.0,0.0,53282.15,53308.4,52783.45,53710.35,0,0.0,0.0,0.0,0.0,-0.01,-1,-1,-0.01,-1,-1,-0.01,-1,-1,-0.01,-1,-1,-0.01,-1,-1,-0.01,-1,-1,-0.01,-1,-1,-0.01,-1,-1,-0.01,-1,-1,-0.01,-1,-1
99926009,2026-05-18 11:02:09+05:30,53047.1,0,0.0,0,0.0,0.0,53282.15,53308.4,52783.45,53710.35,0,0.0,0.0,0.0,0.0,-0.01,-1,-1,-0.01,-1,-1,-0.01,-1,-1,-0.01,-1,-1,-0.01,-1,-1,-0.01,-1,-1,-0.01,-1,-1,-0.01,-1,-1,-0.01,-1,-1,-0.01,-1,-1
99926009,2026-05-18 11:02:10+05:30,53047.7,0,0.0,0,0.0,0.0,53282.15,53308.4,52783.45,53710.35,0,0.0,0.0,0.0,0.0,-0.01,-1,-1,-0.01,-1,-1,-0.01,-1,-1,-0.01,-1,-1,-0.01,-1,-1,-0.01,-1,-1,-0.01,-1,-1,-0.01,-1,-1,-0.01,-1,-1,-0.01,-1,-1
99926009,2026-05-18 11:02:10+05:30,53051.75,0,0.0,0,0.0,0.0,53282.15,53308.4,52783.45,53710.35,0,0.0,0.0,0.0,0.0,-0.01,-1,-1,-0.01,-1,-1,-0.01,-1,-1,-0.01,-1,-1,-0.01,-1,-1,-0.01,-1,-1,-0.01,-1,-1,-0.01,-1,-1,-0.01,-1,-1,-0.01,-1,-1
99926009,2026-05-18 11:02:11+05:30,53062.45,0,0.0,0,0.0,0.0,53282.15,53308.4,52783.45,53710.35,0,0.0,0.0,0.0,0.0,-0.01,-1,-1,-0.01,-1,-1,-0.01,-1,-1,-0.01,-1,-1,-0.01,-1,-1,-0.01,-1,-1,-0.01,-1,-1,-0.01,-1,-1,-0.01,-1,-1,-0.01,-1,-1
99926009,2026-05-18 11:02:11+05:30,53059.55,0,0.0,0,0.0,0.0,53282.15,53308.4,52783.45,53710.35,0,0.0,0.0,0.0,0.0,-0.01,-1,-1,-0.01,-1,-1,-0.01,-1,-1,-0.01,-1,-1,-0.01,-1,-1,-0.01,-1,-1,-0.01,-1,-1,-0.01,-1,-1,-0.01,-1,-1,-0.01,-1,-1
99926009,2026-05-18 11:02:12+05:30,53059.8,0,0.0,0,0.0,0.0,53282.15,53308.4,52783.45,53710.35,0,0.0,0.0,0.0,0.0,-0.01,-1,-1,-0.01,-1,-1,-0.01,-1,-1,-0.01,-1,-1,-0.01,-1,-1,-0.01,-1,-1,-0.01,-1,-1,-0.01,-1,-1,-0.01,-1,-1,-0.01,-1,-1
99926009,2026-05-18 11:02:12+05:30,53060.4,0,0.0,0,0.0,0.0,53282.15,53308.4,52783.45,53710.35,0,0.0,0.0,0.0,0.0,-0.01,-1,-1,-0.01,-1,-1,-0.01,-1,-1,-0.01,-1,-1,-0.01,-1,-1,-0.01,-1,-1,-0.01,-1,-1,-0.01,-1,-1,-0.01,-1,-1,-0.01,-1,-1
99926009,2026-05-18 11:02:13+05:30,53064.0,0,0.0,0,0.0,0.0,53282.15,53308.4,52783.45,53710.35,0,0.0,0.0,0.0,0.0,-0.01,-1,-1,-0.01,-1,-1,-0.01,-1,-1,-0.01,-1,-1,-0.01,-1,-1,-0.01,-1,-1,-0.01,-1,-1,-0.01,-1,-1,-0.01,-1,-1,-0.01,-1,-1
99926009,2026-05-18 11:02:13+05:30,53064.45,0,0.0,0,0.0,0.0,53282.15,53308.4,52783.45,53710.35,0,0.0,0.0,0.0,0.0,-0.01,-1,-1,-0.01,-1,-1,-0.01,-1,-1,-0.01,-1,-1,-0.01,-1,-1,-0.01,-1,-1,-0.01,-1,-1,-0.01,-1,-1,-0.01,-1,-1,-0.01,-1,-1
99926009,2026-05-18 11:02:14+05:30,53064.45,0,0.0,0,0.0,0.0,53282.15,53308.4,52783.45,53710.35,0,0.0,0.0,0.0,0.0,-0.01,-1,-1,-0.01,-1,-1,-0.01,-1,-1,-0.01,-1,-1,-0.01,-1,-1,-0.01,-1,-1,-0.01,-1,-1,-0.01,-1,-1,-0.01,-1,-1,-0.01,-1,-1
99926009,2026-05-18 11:02:14+05:30,53064.9,0,0.0,0,0.0,0.0,53282.15,53308.4,52783.45,53710.35,0,0.0,0.0,0.0,0.0,-0.01,-1,-1,-0.01,-1,-1,-0.01,-1,-1,-0.01,-1,-1,-0.01,-1,-1,-0.01,-1,-1,-0.01,-1,-1,-0.01,-1,-1,-0.01,-1,-1,-0.01,-1,-1
99926009,2026-05-18 11:02:15+05:30,53066.65,0,0.0,0,0.0,0.0,53282.15,53308.4,52783.45,53710.35,0,0.0,0.0,0.0,0.0,-0.01,-1,-1,-0.01,-1,-1,-0.01,-1,-1,-0.01,-1,-1,-0.01,-1,-1,-0.01,-1,-1,-0.01,-1,-1,-0.01,-1,-1,-0.01,-1,-1,-0.01,-1,-1
99926009,2026-05-18 11:02:15+05:30,53070.55,0,0.0,0,0.0,0.0,53282.15,53308.4,52783.45,53710.35,0,0.0,0.0,0.0,0.0,-0.01,-1,-1,-0.01,-1,-1,-0.01,-1,-1,-0.01,-1,-1,-0.01,-1,-1,-0.01,-1,-1,-0.01,-1,-1,-0.01,-1,-1,-0.01,-1,-1,-0.01,-1,-1
99926009,2026-05-18 11:02:16+05:30,53067.8,0,0.0,0,0.0,0.0,53282.15,53308.4,52783.45,53710.35,0,0.0,0.0,0.0,0.0,-0.01,-1,-1,-0.01,-1,-1,-0.01,-1,-1,-0.01,-1,-1,-0.01,-1,-1,-0.01,-1,-1,-0.01,-1,-1,-0.01,-1,-1,-0.01,-1,-1,-0.01,-1,-1
99926009,2026-05-18 11:02:16+05:30,53072.45,0,0.0,0,0.0,0.0,53282.15,53308.4,52783.45,53710.35,0,0.0,0.0,0.0,0.0,-0.01,-1,-1,-0.01,-1,-1,-0.01,-1,-1,-0.01,-1,-1,-0.01,-1,-1,-0.01,-1,-1,-0.01,-1,-1,-0.01,-1,-1,-0.01,-1,-1,-0.01,-1,-1
99926009,2026-05-18 11:02:17+05:30,53074.9,0,0.0,0,0.0,0.0,53282.15,53308.4,52783.45,53710.35,0,0.0,0.0,0.0,0.0,-0.01,-1,-1,-0.01,-1,-1,-0.01,-1,-1,-0.01,-1,-1,-0.01,-1,-1,-0.01,-1,-1,-0.01,-1,-1,-0.01,-1,-1,-0.01,-1,-1,-0.01,-1,-1
99926009,2026-05-18 11:02:17+05:30,53075.25,0,0.0,0,0.0,0.0,53282.15,53308.4,52783.45,53710.35,0,0.0,0.0,0.0,0.0,-0.01,-1,-1,-0.01,-1,-1,-0.01,-1,-1,-0.01,-1,-1,-0.01,-1,-1,-0.01,-1,-1,-0.01,-1,-1,-0.01,-1,-1,-0.01,-1,-1,-0.01,-1,-1
99926009,2026-05-18 11:02:18+05:30,53071.95,0,0.0,0,0.0,0.0,53282.15,53308.4,52783.45,53710.35,0,0.0,0.0,0.0,0.0,-0.01,-1,-1,-0.01,-1,-1,-0.01,-1,-1,-0.01,-1,-1,-0.01,-1,-1,-0.01,-1,-1,-0.01,-1,-1,-0.01,-1,-1,-0.01,-1,-1,-0.01,-1,-1
99926009,2026-05-18 11:02:18+05:30,53077.4,0,0.0,0,0.0,0.0,53282.15,53308.4,52783.45,53710.35,0,0.0,0.0,0.0,0.0,-0.01,-1,-1,-0.01,-1,-1,-0.01,-1,-1,-0.01,-1,-1,-0.01,-1,-1,-0.01,-1,-1,-0.01,-1,-1,-0.01,-1,-1,-0.01,-1,-1,-0.01,-1,-1
99926009,2026-05-18 11:02:19+05:30,53078.25,0,0.0,0,0.0,0.0,53282.15,53308.4,52783.45,53710.35,0,0.0,0.0,0.0,0.0,-0.01,-1,-1,-0.01,-1,-1,-0.01,-1,-1,-0.01,-1,-1,-0.01,-1,-1,-0.01,-1,-1,-0.01,-1,-1,-0.01,-1,-1,-0.01,-1,-1,-0.01,-1,-1
99926009,2026-05-18 11:02:19+05:30,53073.9,0,0.0,0,0.0,0.0,53282.15,53308.4,52783.45,53710.35,0,0.0,0.0,0.0,0.0,-0.01,-1,-1,-0.01,-1,-1,-0.01,-1,-1,-0.01,-1,-1,-0.01,-1,-1,-0.01,-1,-1,-0.01,-1,-1,-0.01,-1,-1,-0.01,-1,-1,-0.01,-1,-1
99926009,2026-05-18 11:02:20+05:30,53075.65,0,0.0,0,0.0,0.0,53282.15,53308.4,52783.45,53710.35,0,0.0,0.0,0.0,0.0,-0.01,-1,-1,-0.01,-1,-1,-0.01,-1,-1,-0.01,-1,-1,-0.01,-1,-1,-0.01,-1,-1,-0.01,-1,-1,-0.01,-1,-1,-0.01,-1,-1,-0.01,-1,-1
99926009,2026-05-18 11:02:20+05:30,53070.55,0,0.0,0,0.0,0.0,53282.15,53308.4,52783.45,53710.35,0,0.0,0.0,0.0,0.0,-0.01,-1,-1,-0.01,-1,-1,-0.01,-1,-1,-0.01,-1,-1,-0.01,-1,-1,-0.01,-1,-1,-0.01,-1,-1,-0.01,-1,-1,-0.01,-1,-1,-0.01,-1,-1
99926009,2026-05-18 11:02:21+05:30,53076.0,0,0.0,0,0.0,0.0,53282.15,53308.4,52783.45,53710.35,0,0.0,0.0,0.0,0.0,-0.01,-1,-1,-0.01,-1,-1,-0.01,-1,-1,-0.01,-1,-1,-0.01,-1,-1,-0.01,-1,-1,-0.01,-1,-1,-0.01,-1,-1,-0.01,-1,-1,-0.01,-1,-1
99926009,2026-05-18 11:02:21+05:30,53077.65,0,0.0,0,0.0,0.0,53282.15,53308.4,52783.45,53710.35,0,0.0,0.0,0.0,0.0,-0.01,-1,-1,-0.01,-1,-1,-0.01,-1,-1,-0.01,-1,-1,-0.01,-1,-1,-0.01,-1,-1,-0.01,-1,-1,-0.01,-1,-1,-0.01,-1,-1,-0.01,-1,-1
99926009,2026-05-18 11:02:22+05:30,53075.35,0,0.0,0,0.0,0.0,53282.15,53308.4,52783.45,53710.35,0,0.0,0.0,0.0,0.0,-0.01,-1,-1,-0.01,-1,-1,-0.01,-1,-1,-0.01,-1,-1,-0.01,-1,-1,-0.01,-1,-1,-0.01,-1,-1,-0.01,-1,-1,-0.01,-1,-1,-0.01,-1,-1
99926009,2026-05-18 11:02:22+05:30,53077.4,0,0.0,0,0.0,0.0,53282.15,53308.4,52783.45,53710.35,0,0.0,0.0,0.0,0.0,-0.01,-1,-1,-0.01,-1,-1,-0.01,-1,-1,-0.01,-1,-1,-0.01,-1,-1,-0.01,-1,-1,-0.01,-1,-1,-0.01,-1,-1,-0.01,-1,-1,-0.01,-1,-1
99926009,2026-05-18 11:02:23+05:30,53077.15,0,0.0,0,0.0,0.0,53282.15,53308.4,52783.45,53710.35,0,0.0,0.0,0.0,0.0,-0.01,-1,-1,-0.01,-1,-1,-0.01,-1,-1,-0.01,-1,-1,-0.01,-1,-1,-0.01,-1,-1,-0.01,-1,-1,-0.01,-1,-1,-0.01,-1,-1,-0.01,-1,-1
99926009,2026-05-18 11:02:23+05:30,53078.1,0,0.0,0,0.0,0.0,53282.15,53308.4,52783.45,53710.35,0,0.0,0.0,0.0,0.0,-0.01,-1,-1,-0.01,-1,-1,-0.01,-1,-1,-0.01,-1,-1,-0.01,-1,-1,-0.01,-1,-1,-0.01,-1,-1,-0.01,-1,-1,-0.01,-1,-1,-0.01,-1,-1
99926009,2026-05-18 11:02:24+05:30,53081.05,0,0.0,0,0.0,0.0,53282.15,53308.4,52783.45,53710.35,0,0.0,0.0,0.0,0.0,-0.01,-1,-1,-0.01,-1,-1,-0.01,-1,-1,-0.01,-1,-1,-0.01,-1,-1,-0.01,-1,-1,-0.01,-1,-1,-0.01,-1,-1,-0.01,-1,-1,-0.01,-1,-1
99926009,2026-05-18 11:02:24+05:30,53081.4,0,0.0,0,0.0,0.0,53282.15,53308.4,52783.45,53710.35,0,0.0,0.0,0.0,0.0,-0.01,-1,-1,-0.01,-1,-1,-0.01,-1,-1,-0.01,-1,-1,-0.01,-1,-1,-0.01,-1,-1,-0.01,-1,-1,-0.01,-1,-1,-0.01,-1,-1,-0.01,-1,-1
99926009,2026-05-18 11:02:25+05:30,53081.0,0,0.0,0,0.0,0.0,53282.15,53308.4,52783.45,53710.35,0,0.0,0.0,0.0,0.0,-0.01,-1,-1,-0.01,-1,-1,-0.01,-1,-1,-0.01,-1,-1,-0.01,-1,-1,-0.01,-1,-1,-0.01,-1,-1,-0.01,-1,-1,-0.01,-1,-1,-0.01,-1,-1
99926009,2026-05-18 11:02:25+05:30,53080.75,0,0.0,0,0.0,0.0,53282.15,53308.4,52783.45,53710.35,0,0.0,0.0,0.0,0.0,-0.01,-1,-1,-0.01,-1,-1,-0.01,-1,-1,-0.01,-1,-1,-0.01,-1,-1,-0.01,-1,-1,-0.01,-1,-1,-0.01,-1,-1,-0.01,-1,-1,-0.01,-1,-1
99926009,2026-05-18 11:02:26+05:30,53082.5,0,0.0,0,0.0,0.0,53282.15,53308.4,52783.45,53710.35,0,0.0,0.0,0.0,0.0,-0.01,-1,-1,-0.01,-1,-1,-0.01,-1,-1,-0.01,-1,-1,-0.01,-1,-1,-0.01,-1,-1,-0.01,-1,-1,-0.01,-1,-1,-0.01,-1,-1,-0.01,-1,-1
99926009,2026-05-18 11:02:26+05:30,53078.75,0,0.0,0,0.0,0.0,53282.15,53308.4,52783.45,53710.35,0,0.0,0.0,0.0,0.0,-0.01,-1,-1,-0.01,-1,-1,-0.01,-1,-1,-0.01,-1,-1,-0.01,-1,-1,-0.01,-1,-1,-0.01,-1,-1,-0.01,-1,-1,-0.01,-1,-1,-0.01,-1,-1
99926009,2026-05-18 11:02:27+05:30,53079.1,0,0.0,0,0.0,0.0,53282.15,53308.4,52783.45,53710.35,0,0.0,0.0,0.0,0.0,-0.01,-1,-1,-0.01,-1,-1,-0.01,-1,-1,-0.01,-1,-1,-0.01,-1,-1,-0.01,-1,-1,-0.01,-1,-1,-0.01,-1,-1,-0.01,-1,-1,-0.01,-1,-1
99926009,2026-05-18 11:02:27+05:30,53078.15,0,0.0,0,0.0,0.0,53282.15,53308.4,52783.45,53710.35,0,0.0,0.0,0.0,0.0,-0.01,-1,-1,-0.01,-1,-1,-0.01,-1,-1,-0.01,-1,-1,-0.01,-1,-1,-0.01,-1,-1,-0.01,-1,-1,-0.01,-1,-1,-0.01,-1,-1,-0.01,-1,-1
99926009,2026-05-18 11:02:28+05:30,53082.35,0,0.0,0,0.0,0.0,53282.15,53308.4,52783.45,53710.35,0,0.0,0.0,0.0,0.0,-0.01,-1,-1,-0.01,-1,-1,-0.01,-1,-1,-0.01,-1,-1,-0.01,-1,-1,-0.01,-1,-1,-0.01,-1,-1,-0.01,-1,-1,-0.01,-1,-1,-0.01,-1,-1
99926009,2026-05-18 11:02:28+05:30,53079.4,0,0.0,0,0.0,0.0,53282.15,53308.4,52783.45,53710.35,0,0.0,0.0,0.0,0.0,-0.01,-1,-1,-0.01,-1,-1,-0.01,-1,-1,-0.01,-1,-1,-0.01,-1,-1,-0.01,-1,-1,-0.01,-1,-1,-0.01,-1,-1,-0.01,-1,-1,-0.01,-1,-1
99926009,2026-05-18 11:02:29+05:30,53079.15,0,0.0,0,0.0,0.0,53282.15,53308.4,52783.45,53710.35,0,0.0,0.0,0.0,0.0,-0.01,-1,-1,-0.01,-1,-1,-0.01,-1,-1,-0.01,-1,-1,-0.01,-1,-1,-0.01,-1,-1,-0.01,-1,-1,-0.01,-1,-1,-0.01,-1,-1,-0.01,-1,-1
99926009,2026-05-18 11:02:29+05:30,53074.4,0,0.0,0,0.0,0.0,53282.15,53308.4,52783.45,53710.35,0,0.0,0.0,0.0,0.0,-0.01,-1,-1,-0.01,-1,-1,-0.01,-1,-1,-0.01,-1,-1,-0.01,-1,-1,-0.01,-1,-1,-0.01,-1,-1,-0.01,-1,-1,-0.01,-1,-1,-0.01,-1,-1
99926009,2026-05-18 11:02:30+05:30,53076.5,0,0.0,0,0.0,0.0,53282.15,53308.4,52783.45,53710.35,0,0.0,0.0,0.0,0.0,-0.01,-1,-1,-0.01,-1,-1,-0.01,-1,-1,-0.01,-1,-1,-0.01,-1,-1,-0.01,-1,-1,-0.01,-1,-1,-0.01,-1,-1,-0.01,-1,-1,-0.01,-1,-1
99926009,2026-05-18 11:02:30+05:30,53077.05,0,0.0,0,0.0,0.0,53282.15,53308.4,52783.45,53710.35,0,0.0,0.0,0.0,0.0,-0.01,-1,-1,-0.01,-1,-1,-0.01,-1,-1,-0.01,-1,-1,-0.01,-1,-1,-0.01,-1,-1,-0.01,-1,-1,-0.01,-1,-1,-0.01,-1,-1,-0.01,-1,-1
99926009,2026-05-18 11:02:31+05:30,53075.5,0,0.0,0,0.0,0.0,53282.15,53308.4,52783.45,53710.35,0,0.0,0.0,0.0,0.0,-0.01,-1,-1,-0.01,-1,-1,-0.01,-1,-1,-0.01,-1,-1,-0.01,-1,-1,-0.01,-1,-1,-0.01,-1,-1,-0.01,-1,-1,-0.01,-1,-1,-0.01,-1,-1
99926009,2026-05-18 11:02:31+05:30,53072.35,0,0.0,0,0.0,0.0,53282.15,53308.4,52783.45,53710.35,0,0.0,0.0,0.0,0.0,-0.01,-1,-1,-0.01,-1,-1,-0.01,-1,-1,-0.01,-1,-1,-0.01,-1,-1,-0.01,-1,-1,-0.01,-1,-1,-0.01,-1,-1,-0.01,-1,-1,-0.01,-1,-1
99926009,2026-05-18 11:02:32+05:30,53074.3,0,0.0,0,0.0,0.0,53282.15,53308.4,52783.45,53710.35,0,0.0,0.0,0.0,0.0,-0.01,-1,-1,-0.01,-1,-1,-0.01,-1,-1,-0.01,-1,-1,-0.01,-1,-1,-0.01,-1,-1,-0.01,-1,-1,-0.01,-1,-1,-0.01,-1,-1,-0.01,-1,-1
99926009,2026-05-18 11:02:32+05:30,53076.55,0,0.0,0,0.0,0.0,53282.15,53308.4,52783.45,53710.35,0,0.0,0.0,0.0,0.0,-0.01,-1,-1,-0.01,-1,-1,-0.01,-1,-1,-0.01,-1,-1,-0.01,-1,-1,-0.01,-1,-1,-0.01,-1,-1,-0.01,-1,-1,-0.01,-1,-1,-0.01,-1,-1
99926009,2026-05-18 11:02:33+05:30,53080.15,0,0.0,0,0.0,0.0,53282.15,53308.4,52783.45,53710.35,0,0.0,0.0,0.0,0.0,-0.01,-1,-1,-0.01,-1,-1,-0.01,-1,-1,-0.01,-1,-1,-0.01,-1,-1,-0.01,-1,-1,-0.01,-1,-1,-0.01,-1,-1,-0.01,-1,-1,-0.01,-1,-1
99926009,2026-05-18 11:02:33+05:30,53080.2,0,0.0,0,0.0,0.0,53282.15,53308.4,52783.45,53710.35,0,0.0,0.0,0.0,0.0,-0.01,-1,-1,-0.01,-1,-1,-0.01,-1,-1,-0.01,-1,-1,-0.01,-1,-1,-0.01,-1,-1,-0.01,-1,-1,-0.01,-1,-1,-0.01,-1,-1,-0.01,-1,-1
99926009,2026-05-18 11:02:34+05:30,53077.55,0,0.0,0,0.0,0.0,53282.15,53308.4,52783.45,53710.35,0,0.0,0.0,0.0,0.0,-0.01,-1,-1,-0.01,-1,-1,-0.01,-1,-1,-0.01,-1,-1,-0.01,-1,-1,-0.01,-1,-1,-0.01,-1,-1,-0.01,-1,-1,-0.01,-1,-1,-0.01,-1,-1
99926009,2026-05-18 11:02:34+05:30,53077.55,0,0.0,0,0.0,0.0,53282.15,53308.4,52783.45,53710.35,0,0.0,0.0,0.0,0.0,-0.01,-1,-1,-0.01,-1,-1,-0.01,-1,-1,-0.01,-1,-1,-0.01,-1,-1,-0.01,-1,-1,-0.01,-1,-1,-0.01,-1,-1,-0.01,-1,-1,-0.01,-1,-1
99926009,2026-05-18 11:02:35+05:30,53078.6,0,0.0,0,0.0,0.0,53282.15,53308.4,52783.45,53710.35,0,0.0,0.0,0.0,0.0,-0.01,-1,-1,-0.01,-1,-1,-0.01,-1,-1,-0.01,-1,-1,-0.01,-1,-1,-0.01,-1,-1,-0.01,-1,-1,-0.01,-1,-1,-0.01,-1,-1,-0.01,-1,-1
99926009,2026-05-18 11:02:35+05:30,53076.35,0,0.0,0,0.0,0.0,53282.15,53308.4,52783.45,53710.35,0,0.0,0.0,0.0,0.0,-0.01,-1,-1,-0.01,-1,-1,-0.01,-1,-1,-0.01,-1,-1,-0.01,-1,-1,-0.01,-1,-1,-0.01,-1,-1,-0.01,-1,-1,-0.01,-1,-1,-0.01,-1,-1
99926009,2026-05-18 11:02:36+05:30,53076.15,0,0.0,0,0.0,0.0,53282.15,53308.4,52783.45,53710.35,0,0.0,0.0,0.0,0.0,-0.01,-1,-1,-0.01,-1,-1,-0.01,-1,-1,-0.01,-1,-1,-0.01,-1,-1,-0.01,-1,-1,-0.01,-1,-1,-0.01,-1,-1,-0.01,-1,-1,-0.01,-1,-1
99926009,2026-05-18 11:02:36+05:30,53076.45,0,0.0,0,0.0,0.0,53282.15,53308.4,52783.45,53710.35,0,0.0,0.0,0.0,0.0,-0.01,-1,-1,-0.01,-1,-1,-0.01,-1,-1,-0.01,-1,-1,-0.01,-1,-1,-0.01,-1,-1,-0.01,-1,-1,-0.01,-1,-1,-0.01,-1,-1,-0.01,-1,-1
99926009,2026-05-18 11:02:37+05:30,53074.7,0,0.0,0,0.0,0.0,53282.15,53308.4,52783.45,53710.35,0,0.0,0.0,0.0,0.0,-0.01,-1,-1,-0.01,-1,-1,-0.01,-1,-1,-0.01,-1,-1,-0.01,-1,-1,-0.01,-1,-1,-0.01,-1,-1,-0.01,-1,-1,-0.01,-1,-1,-0.01,-1,-1
99926009,2026-05-18 11:02:37+05:30,53072.6,0,0.0,0,0.0,0.0,53282.15,53308.4,52783.45,53710.35,0,0.0,0.0,0.0,0.0,-0.01,-1,-1,-0.01,-1,-1,-0.01,-1,-1,-0.01,-1,-1,-0.01,-1,-1,-0.01,-1,-1,-0.01,-1,-1,-0.01,-1,-1,-0.01,-1,-1,-0.01,-1,-1
99926009,2026-05-18 11:02:38+05:30,53077.25,0,0.0,0,0.0,0.0,53282.15,53308.4,52783.45,53710.35,0,0.0,0.0,0.0,0.0,-0.01,-1,-1,-0.01,-1,-1,-0.01,-1,-1,-0.01,-1,-1,-0.01,-1,-1,-0.01,-1,-1,-0.01,-1,-1,-0.01,-1,-1,-0.01,-1,-1,-0.01,-1,-1
99926009,2026-05-18 11:02:38+05:30,53075.15,0,0.0,0,0.0,0.0,53282.15,53308.4,52783.45,53710.35,0,0.0,0.0,0.0,0.0,-0.01,-1,-1,-0.01,-1,-1,-0.01,-1,-1,-0.01,-1,-1,-0.01,-1,-1,-0.01,-1,-1,-0.01,-1,-1,-0.01,-1,-1,-0.01,-1,-1,-0.01,-1,-1
99926009,2026-05-18 11:02:39+05:30,53074.85,0,0.0,0,0.0,0.0,53282.15,53308.4,52783.45,53710.35,0,0.0,0.0,0.0,0.0,-0.01,-1,-1,-0.01,-1,-1,-0.01,-1,-1,-0.01,-1,-1,-0.01,-1,-1,-0.01,-1,-1,-0.01,-1,-1,-0.01,-1,-1,-0.01,-1,-1,-0.01,-1,-1
99926009,2026-05-18 11:02:39+05:30,53075.2,0,0.0,0,0.0,0.0,53282.15,53308.4,52783.45,53710.35,0,0.0,0.0,0.0,0.0,-0.01,-1,-1,-0.01,-1,-1,-0.01,-1,-1,-0.01,-1,-1,-0.01,-1,-1,-0.01,-1,-1,-0.01,-1,-1,-0.01,-1,-1,-0.01,-1,-1,-0.01,-1,-1
99926009,2026-05-18 11:02:40+05:30,53074.6,0,0.0,0,0.0,0.0,53282.15,53308.4,52783.45,53710.35,0,0.0,0.0,0.0,0.0,-0.01,-1,-1,-0.01,-1,-1,-0.01,-1,-1,-0.01,-1,-1,-0.01,-1,-1,-0.01,-1,-1,-0.01,-1,-1,-0.01,-1,-1,-0.01,-1,-1,-0.01,-1,-1
99926009,2026-05-18 11:02:40+05:30,53073.0,0,0.0,0,0.0,0.0,53282.15,53308.4,52783.45,53710.35,0,0.0,0.0,0.0,0.0,-0.01,-1,-1,-0.01,-1,-1,-0.01,-1,-1,-0.01,-1,-1,-0.01,-1,-1,-0.01,-1,-1,-0.01,-1,-1,-0.01,-1,-1,-0.01,-1,-1,-0.01,-1,-1
99926009,2026-05-18 11:02:41+05:30,53071.95,0,0.0,0,0.0,0.0,53282.15,53308.4,52783.45,53710.35,0,0.0,0.0,0.0,0.0,-0.01,-1,-1,-0.01,-1,-1,-0.01,-1,-1,-0.01,-1,-1,-0.01,-1,-1,-0.01,-1,-1,-0.01,-1,-1,-0.01,-1,-1,-0.01,-1,-1,-0.01,-1,-1
99926009,2026-05-18 11:02:41+05:30,53073.25,0,0.0,0,0.0,0.0,53282.15,53308.4,52783.45,53710.35,0,0.0,0.0,0.0,0.0,-0.01,-1,-1,-0.01,-1,-1,-0.01,-1,-1,-0.01,-1,-1,-0.01,-1,-1,-0.01,-1,-1,-0.01,-1,-1,-0.01,-1,-1,-0.01,-1,-1,-0.01,-1,-1
99926009,2026-05-18 11:02:42+05:30,53076.05,0,0.0,0,0.0,0.0,53282.15,53308.4,52783.45,53710.35,0,0.0,0.0,0.0,0.0,-0.01,-1,-1,-0.01,-1,-1,-0.01,-1,-1,-0.01,-1,-1,-0.01,-1,-1,-0.01,-1,-1,-0.01,-1,-1,-0.01,-1,-1,-0.01,-1,-1,-0.01,-1,-1
99926009,2026-05-18 11:02:42+05:30,53074.7,0,0.0,0,0.0,0.0,53282.15,53308.4,52783.45,53710.35,0,0.0,0.0,0.0,0.0,-0.01,-1,-1,-0.01,-1,-1,-0.01,-1,-1,-0.01,-1,-1,-0.01,-1,-1,-0.01,-1,-1,-0.01,-1,-1,-0.01,-1,-1,-0.01,-1,-1,-0.01,-1,-1
99926009,2026-05-18 11:02:43+05:30,53078.65,0,0.0,0,0.0,0.0,53282.15,53308.4,52783.45,53710.35,0,0.0,0.0,0.0,0.0,-0.01,-1,-1,-0.01,-1,-1,-0.01,-1,-1,-0.01,-1,-1,-0.01,-1,-1,-0.01,-1,-1,-0.01,-1,-1,-0.01,-1,-1,-0.01,-1,-1,-0.01,-1,-1
99926009,2026-05-18 11:02:43+05:30,53075.0,0,0.0,0,0.0,0.0,53282.15,53308.4,52783.45,53710.35,0,0.0,0.0,0.0,0.0,-0.01,-1,-1,-0.01,-1,-1,-0.01,-1,-1,-0.01,-1,-1,-0.01,-1,-1,-0.01,-1,-1,-0.01,-1,-1,-0.01,-1,-1,-0.01,-1,-1,-0.01,-1,-1
99926009,2026-05-18 11:02:44+05:30,53071.0,0,0.0,0,0.0,0.0,53282.15,53308.4,52783.45,53710.35,0,0.0,0.0,0.0,0.0,-0.01,-1,-1,-0.01,-1,-1,-0.01,-1,-1,-0.01,-1,-1,-0.01,-1,-1,-0.01,-1,-1,-0.01,-1,-1,-0.01,-1,-1,-0.01,-1,-1,-0.01,-1,-1
99926009,2026-05-18 11:02:44+05:30,53070.0,0,0.0,0,0.0,0.0,53282.15,53308.4,52783.45,53710.35,0,0.0,0.0,0.0,0.0,-0.01,-1,-1,-0.01,-1,-1,-0.01,-1,-1,-0.01,-1,-1,-0.01,-1,-1,-0.01,-1,-1,-0.01,-1,-1,-0.01,-1,-1,-0.01,-1,-1,-0.01,-1,-1
99926009,2026-05-18 11:02:45+05:30,53070.95,0,0.0,0,0.0,0.0,53282.15,53308.4,52783.45,53710.35,0,0.0,0.0,0.0,0.0,-0.01,-1,-1,-0.01,-1,-1,-0.01,-1,-1,-0.01,-1,-1,-0.01,-1,-1,-0.01,-1,-1,-0.01,-1,-1,-0.01,-1,-1,-0.01,-1,-1,-0.01,-1,-1
99926009,2026-05-18 11:02:45+05:30,53072.4,0,0.0,0,0.0,0.0,53282.15,53308.4,52783.45,53710.35,0,0.0,0.0,0.0,0.0,-0.01,-1,-1,-0.01,-1,-1,-0.01,-1,-1,-0.01,-1,-1,-0.01,-1,-1,-0.01,-1,-1,-0.01,-1,-1,-0.01,-1,-1,-0.01,-1,-1,-0.01,-1,-1
99926009,2026-05-18 11:02:46+05:30,53074.3,0,0.0,0,0.0,0.0,53282.15,53308.4,52783.45,53710.35,0,0.0,0.0,0.0,0.0,-0.01,-1,-1,-0.01,-1,-1,-0.01,-1,-1,-0.01,-1,-1,-0.01,-1,-1,-0.01,-1,-1,-0.01,-1,-1,-0.01,-1,-1,-0.01,-1,-1,-0.01,-1,-1
99926009,2026-05-18 11:02:46+05:30,53076.5,0,0.0,0,0.0,0.0,53282.15,53308.4,52783.45,53710.35,0,0.0,0.0,0.0,0.0,-0.01,-1,-1,-0.01,-1,-1,-0.01,-1,-1,-0.01,-1,-1,-0.01,-1,-1,-0.01,-1,-1,-0.01,-1,-1,-0.01,-1,-1,-0.01,-1,-1,-0.01,-1,-1
99926009,2026-05-18 11:02:47+05:30,53075.35,0,0.0,0,0.0,0.0,53282.15,53308.4,52783.45,53710.35,0,0.0,0.0,0.0,0.0,-0.01,-1,-1,-0.01,-1,-1,-0.01,-1,-1,-0.01,-1,-1,-0.01,-1,-1,-0.01,-1,-1,-0.01,-1,-1,-0.01,-1,-1,-0.01,-1,-1,-0.01,-1,-1
99926009,2026-05-18 11:02:47+05:30,53071.95,0,0.0,0,0.0,0.0,53282.15,53308.4,52783.45,53710.35,0,0.0,0.0,0.0,0.0,-0.01,-1,-1,-0.01,-1,-1,-0.01,-1,-1,-0.01,-1,-1,-0.01,-1,-1,-0.01,-1,-1,-0.01,-1,-1,-0.01,-1,-1,-0.01,-1,-1,-0.01,-1,-1
99926009,2026-05-18 11:02:48+05:30,53072.2,0,0.0,0,0.0,0.0,53282.15,53308.4,52783.45,53710.35,0,0.0,0.0,0.0,0.0,-0.01,-1,-1,-0.01,-1,-1,-0.01,-1,-1,-0.01,-1,-1,-0.01,-1,-1,-0.01,-1,-1,-0.01,-1,-1,-0.01,-1,-1,-0.01,-1,-1,-0.01,-1,-1
99926009,2026-05-18 11:02:48+05:30,53070.8,0,0.0,0,0.0,0.0,53282.15,53308.4,52783.45,53710.35,0,0.0,0.0,0.0,0.0,-0.01,-1,-1,-0.01,-1,-1,-0.01,-1,-1,-0.01,-1,-1,-0.01,-1,-1,-0.01,-1,-1,-0.01,-1,-1,-0.01,-1,-1,-0.01,-1,-1,-0.01,-1,-1
99926009,2026-05-18 11:02:49+05:30,53069.95,0,0.0,0,0.0,0.0,53282.15,53308.4,52783.45,53710.35,0,0.0,0.0,0.0,0.0,-0.01,-1,-1,-0.01,-1,-1,-0.01,-1,-1,-0.01,-1,-1,-0.01,-1,-1,-0.01,-1,-1,-0.01,-1,-1,-0.01,-1,-1,-0.01,-1,-1,-0.01,-1,-1
99926009,2026-05-18 11:02:49+05:30,53067.85,0,0.0,0,0.0,0.0,53282.15,53308.4,52783.45,53710.35,0,0.0,0.0,0.0,0.0,-0.01,-1,-1,-0.01,-1,-1,-0.01,-1,-1,-0.01,-1,-1,-0.01,-1,-1,-0.01,-1,-1,-0.01,-1,-1,-0.01,-1,-1,-0.01,-1,-1,-0.01,-1,-1
99926009,2026-05-18 11:02:50+05:30,53068.05,0,0.0,0,0.0,0.0,53282.15,53308.4,52783.45,53710.35,0,0.0,0.0,0.0,0.0,-0.01,-1,-1,-0.01,-1,-1,-0.01,-1,-1,-0.01,-1,-1,-0.01,-1,-1,-0.01,-1,-1,-0.01,-1,-1,-0.01,-1,-1,-0.01,-1,-1,-0.01,-1,-1
99926009,2026-05-18 11:02:50+05:30,53067.7,0,0.0,0,0.0,0.0,53282.15,53308.4,52783.45,53710.35,0,0.0,0.0,0.0,0.0,-0.01,-1,-1,-0.01,-1,-1,-0.01,-1,-1,-0.01,-1,-1,-0.01,-1,-1,-0.01,-1,-1,-0.01,-1,-1,-0.01,-1,-1,-0.01,-1,-1,-0.01,-1,-1
99926009,2026-05-18 11:02:51+05:30,53063.5,0,0.0,0,0.0,0.0,53282.15,53308.4,52783.45,53710.35,0,0.0,0.0,0.0,0.0,-0.01,-1,-1,-0.01,-1,-1,-0.01,-1,-1,-0.01,-1,-1,-0.01,-1,-1,-0.01,-1,-1,-0.01,-1,-1,-0.01,-1,-1,-0.01,-1,-1,-0.01,-1,-1
99926009,2026-05-18 11:02:51+05:30,53066.8,0,0.0,0,0.0,0.0,53282.15,53308.4,52783.45,53710.35,0,0.0,0.0,0.0,0.0,-0.01,-1,-1,-0.01,-1,-1,-0.01,-1,-1,-0.01,-1,-1,-0.01,-1,-1,-0.01,-1,-1,-0.01,-1,-1,-0.01,-1,-1,-0.01,-1,-1,-0.01,-1,-1
99926009,2026-05-18 11:02:52+05:30,53064.8,0,0.0,0,0.0,0.0,53282.15,53308.4,52783.45,53710.35,0,0.0,0.0,0.0,0.0,-0.01,-1,-1,-0.01,-1,-1,-0.01,-1,-1,-0.01,-1,-1,-0.01,-1,-1,-0.01,-1,-1,-0.01,-1,-1,-0.01,-1,-1,-0.01,-1,-1,-0.01,-1,-1
99926009,2026-05-18 11:02:52+05:30,53066.15,0,0.0,0,0.0,0.0,53282.15,53308.4,52783.45,53710.35,0,0.0,0.0,0.0,0.0,-0.01,-1,-1,-0.01,-1,-1,-0.01,-1,-1,-0.01,-1,-1,-0.01,-1,-1,-0.01,-1,-1,-0.01,-1,-1,-0.01,-1,-1,-0.01,-1,-1,-0.01,-1,-1
99926009,2026-05-18 11:02:53+05:30,53067.0,0,0.0,0,0.0,0.0,53282.15,53308.4,52783.45,53710.35,0,0.0,0.0,0.0,0.0,-0.01,-1,-1,-0.01,-1,-1,-0.01,-1,-1,-0.01,-1,-1,-0.01,-1,-1,-0.01,-1,-1,-0.01,-1,-1,-0.01,-1,-1,-0.01,-1,-1,-0.01,-1,-1
99926009,2026-05-18 11:02:53+05:30,53068.9,0,0.0,0,0.0,0.0,53282.15,53308.4,52783.45,53710.35,0,0.0,0.0,0.0,0.0,-0.01,-1,-1,-0.01,-1,-1,-0.01,-1,-1,-0.01,-1,-1,-0.01,-1,-1,-0.01,-1,-1,-0.01,-1,-1,-0.01,-1,-1,-0.01,-1,-1,-0.01,-1,-1
99926009,2026-05-18 11:02:54+05:30,53065.9,0,0.0,0,0.0,0.0,53282.15,53308.4,52783.45,53710.35,0,0.0,0.0,0.0,0.0,-0.01,-1,-1,-0.01,-1,-1,-0.01,-1,-1,-0.01,-1,-1,-0.01,-1,-1,-0.01,-1,-1,-0.01,-1,-1,-0.01,-1,-1,-0.01,-1,-1,-0.01,-1,-1
99926009,2026-05-18 11:02:54+05:30,53066.55,0,0.0,0,0.0,0.0,53282.15,53308.4,52783.45,53710.35,0,0.0,0.0,0.0,0.0,-0.01,-1,-1,-0.01,-1,-1,-0.01,-1,-1,-0.01,-1,-1,-0.01,-1,-1,-0.01,-1,-1,-0.01,-1,-1,-0.01,-1,-1,-0.01,-1,-1,-0.01,-1,-1
99926009,2026-05-18 11:02:55+05:30,53068.45,0,0.0,0,0.0,0.0,53282.15,53308.4,52783.45,53710.35,0,0.0,0.0,0.0,0.0,-0.01,-1,-1,-0.01,-1,-1,-0.01,-1,-1,-0.01,-1,-1,-0.01,-1,-1,-0.01,-1,-1,-0.01,-1,-1,-0.01,-1,-1,-0.01,-1,-1,-0.01,-1,-1
99926009,2026-05-18 11:02:55+05:30,53069.55,0,0.0,0,0.0,0.0,53282.15,53308.4,52783.45,53710.35,0,0.0,0.0,0.0,0.0,-0.01,-1,-1,-0.01,-1,-1,-0.01,-1,-1,-0.01,-1,-1,-0.01,-1,-1,-0.01,-1,-1,-0.01,-1,-1,-0.01,-1,-1,-0.01,-1,-1,-0.01,-1,-1
99926009,2026-05-18 11:02:56+05:30,53069.1,0,0.0,0,0.0,0.0,53282.15,53308.4,52783.45,53710.35,0,0.0,0.0,0.0,0.0,-0.01,-1,-1,-0.01,-1,-1,-0.01,-1,-1,-0.01,-1,-1,-0.01,-1,-1,-0.01,-1,-1,-0.01,-1,-1,-0.01,-1,-1,-0.01,-1,-1,-0.01,-1,-1
99926009,2026-05-18 11:02:56+05:30,53066.0,0,0.0,0,0.0,0.0,53282.15,53308.4,52783.45,53710.35,0,0.0,0.0,0.0,0.0,-0.01,-1,-1,-0.01,-1,-1,-0.01,-1,-1,-0.01,-1,-1,-0.01,-1,-1,-0.01,-1,-1,-0.01,-1,-1,-0.01,-1,-1,-0.01,-1,-1,-0.01,-1,-1
99926009,2026-05-18 11:02:57+05:30,53063.85,0,0.0,0,0.0,0.0,53282.15,53308.4,52783.45,53710.35,0,0.0,0.0,0.0,0.0,-0.01,-1,-1,-0.01,-1,-1,-0.01,-1,-1,-0.01,-1,-1,-0.01,-1,-1,-0.01,-1,-1,-0.01,-1,-1,-0.01,-1,-1,-0.01,-1,-1,-0.01,-1,-1
99926009,2026-05-18 11:02:57+05:30,53065.25,0,0.0,0,0.0,0.0,53282.15,53308.4,52783.45,53710.35,0,0.0,0.0,0.0,0.0,-0.01,-1,-1,-0.01,-1,-1,-0.01,-1,-1,-0.01,-1,-1,-0.01,-1,-1,-0.01,-1,-1,-0.01,-1,-1,-0.01,-1,-1,-0.01,-1,-1,-0.01,-1,-1
99926009,2026-05-18 11:02:58+05:30,53063.9,0,0.0,0,0.0,0.0,53282.15,53308.4,52783.45,53710.35,0,0.0,0.0,0.0,0.0,-0.01,-1,-1,-0.01,-1,-1,-0.01,-1,-1,-0.01,-1,-1,-0.01,-1,-1,-0.01,-1,-1,-0.01,-1,-1,-0.01,-1,-1,-0.01,-1,-1,-0.01,-1,-1
99926009,2026-05-18 11:02:58+05:30,53065.55,0,0.0,0,0.0,0.0,53282.15,53308.4,52783.45,53710.35,0,0.0,0.0,0.0,0.0,-0.01,-1,-1,-0.01,-1,-1,-0.01,-1,-1,-0.01,-1,-1,-0.01,-1,-1,-0.01,-1,-1,-0.01,-1,-1,-0.01,-1,-1,-0.01,-1,-1,-0.01,-1,-1
99926009,2026-05-18 11:02:59+05:30,53066.05,0,0.0,0,0.0,0.0,53282.15,53308.4,52783.45,53710.35,0,0.0,0.0,0.0,0.0,-0.01,-1,-1,-0.01,-1,-1,-0.01,-1,-1,-0.01,-1,-1,-0.01,-1,-1,-0.01,-1,-1,-0.01,-1,-1,-0.01,-1,-1,-0.01,-1,-1,-0.01,-1,-1
99926009,2026-05-18 11:02:59+05:30,53064.85,0,0.0,0,0.0,0.0,53282.15,53308.4,52783.45,53710.35,0,0.0,0.0,0.0,0.0,-0.01,-1,-1,-0.01,-1,-1,-0.01,-1,-1,-0.01,-1,-1,-0.01,-1,-1,-0.01,-1,-1,-0.01,-1,-1,-0.01,-1,-1,-0.01,-1,-1,-0.01,-1,-1
99926009,2026-05-18 11:03:00+05:30,53064.9,0,0.0,0,0.0,0.0,53282.15,53308.4,52783.45,53710.35,0,0.0,0.0,0.0,0.0,-0.01,-1,-1,-0.01,-1,-1,-0.01,-1,-1,-0.01,-1,-1,-0.01,-1,-1,-0.01,-1,-1,-0.01,-1,-1,-0.01,-1,-1,-0.01,-1,-1,-0.01,-1,-1
99926009,2026-05-18 11:03:00+05:30,53067.9,0,0.0,0,0.0,0.0,53282.15,53308.4,52783.45,53710.35,0,0.0,0.0,0.0,0.0,-0.01,-1,-1,-0.01,-1,-1,-0.01,-1,-1,-0.01,-1,-1,-0.01,-1,-1,-0.01,-1,-1,-0.01,-1,-1,-0.01,-1,-1,-0.01,-1,-1,-0.01,-1,-1
99926009,2026-05-18 11:03:01+05:30,53066.8,0,0.0,0,0.0,0.0,53282.15,53308.4,52783.45,53710.35,0,0.0,0.0,0.0,0.0,-0.01,-1,-1,-0.01,-1,-1,-0.01,-1,-1,-0.01,-1,-1,-0.01,-1,-1,-0.01,-1,-1,-0.01,-1,-1,-0.01,-1,-1,-0.01,-1,-1,-0.01,-1,-1
99926009,2026-05-18 11:03:01+05:30,53066.45,0,0.0,0,0.0,0.0,53282.15,53308.4,52783.45,53710.35,0,0.0,0.0,0.0,0.0,-0.01,-1,-1,-0.01,-1,-1,-0.01,-1,-1,-0.01,-1,-1,-0.01,-1,-1,-0.01,-1,-1,-0.01,-1,-1,-0.01,-1,-1,-0.01,-1,-1,-0.01,-1,-1
99926009,2026-05-18 11:03:02+05:30,53065.15,0,0.0,0,0.0,0.0,53282.15,53308.4,52783.45,53710.35,0,0.0,0.0,0.0,0.0,-0.01,-1,-1,-0.01,-1,-1,-0.01,-1,-1,-0.01,-1,-1,-0.01,-1,-1,-0.01,-1,-1,-0.01,-1,-1,-0.01,-1,-1,-0.01,-1,-1,-0.01,-1,-1
99926009,2026-05-18 11:03:02+05:30,53065.45,0,0.0,0,0.0,0.0,53282.15,53308.4,52783.45,53710.35,0,0.0,0.0,0.0,0.0,-0.01,-1,-1,-0.01,-1,-1,-0.01,-1,-1,-0.01,-1,-1,-0.01,-1,-1,-0.01,-1,-1,-0.01,-1,-1,-0.01,-1,-1,-0.01,-1,-1,-0.01,-1,-1
99926009,2026-05-18 11:03:03+05:30,53062.9,0,0.0,0,0.0,0.0,53282.15,53308.4,52783.45,53710.35,0,0.0,0.0,0.0,0.0,-0.01,-1,-1,-0.01,-1,-1,-0.01,-1,-1,-0.01,-1,-1,-0.01,-1,-1,-0.01,-1,-1,-0.01,-1,-1,-0.01,-1,-1,-0.01,-1,-1,-0.01,-1,-1
99926009,2026-05-18 11:03:03+05:30,53062.9,0,0.0,0,0.0,0.0,53282.15,53308.4,52783.45,53710.35,0,0.0,0.0,0.0,0.0,-0.01,-1,-1,-0.01,-1,-1,-0.01,-1,-1,-0.01,-1,-1,-0.01,-1,-1,-0.01,-1,-1,-0.01,-1,-1,-0.01,-1,-1,-0.01,-1,-1,-0.01,-1,-1
99926009,2026-05-18 11:03:04+05:30,53062.1,0,0.0,0,0.0,0.0,53282.15,53308.4,52783.45,53710.35,0,0.0,0.0,0.0,0.0,-0.01,-1,-1,-0.01,-1,-1,-0.01,-1,-1,-0.01,-1,-1,-0.01,-1,-1,-0.01,-1,-1,-0.01,-1,-1,-0.01,-1,-1,-0.01,-1,-1,-0.01,-1,-1
99926009,2026-05-18 11:03:04+05:30,53062.2,0,0.0,0,0.0,0.0,53282.15,53308.4,52783.45,53710.35,0,0.0,0.0,0.0,0.0,-0.01,-1,-1,-0.01,-1,-1,-0.01,-1,-1,-0.01,-1,-1,-0.01,-1,-1,-0.01,-1,-1,-0.01,-1,-1,-0.01,-1,-1,-0.01,-1,-1,-0.01,-1,-1
99926009,2026-05-18 11:03:05+05:30,53064.2,0,0.0,0,0.0,0.0,53282.15,53308.4,52783.45,53710.35,0,0.0,0.0,0.0,0.0,-0.01,-1,-1,-0.01,-1,-1,-0.01,-1,-1,-0.01,-1,-1,-0.01,-1,-1,-0.01,-1,-1,-0.01,-1,-1,-0.01,-1,-1,-0.01,-1,-1,-0.01,-1,-1
99926009,2026-05-18 11:03:05+05:30,53063.1,0,0.0,0,0.0,0.0,53282.15,53308.4,52783.45,53710.35,0,0.0,0.0,0.0,0.0,-0.01,-1,-1,-0.01,-1,-1,-0.01,-1,-1,-0.01,-1,-1,-0.01,-1,-1,-0.01,-1,-1,-0.01,-1,-1,-0.01,-1,-1,-0.01,-1,-1,-0.01,-1,-1
99926009,2026-05-18 11:03:06+05:30,53064.75,0,0.0,0,0.0,0.0,53282.15,53308.4,52783.45,53710.35,0,0.0,0.0,0.0,0.0,-0.01,-1,-1,-0.01,-1,-1,-0.01,-1,-1,-0.01,-1,-1,-0.01,-1,-1,-0.01,-1,-1,-0.01,-1,-1,-0.01,-1,-1,-0.01,-1,-1,-0.01,-1,-1
99926009,2026-05-18 11:03:06+05:30,53062.9,0,0.0,0,0.0,0.0,53282.15,53308.4,52783.45,53710.35,0,0.0,0.0,0.0,0.0,-0.01,-1,-1,-0.01,-1,-1,-0.01,-1,-1,-0.01,-1,-1,-0.01,-1,-1,-0.01,-1,-1,-0.01,-1,-1,-0.01,-1,-1,-0.01,-1,-1,-0.01,-1,-1
99926009,2026-05-18 11:03:07+05:30,53066.0,0,0.0,0,0.0,0.0,53282.15,53308.4,52783.45,53710.35,0,0.0,0.0,0.0,0.0,-0.01,-1,-1,-0.01,-1,-1,-0.01,-1,-1,-0.01,-1,-1,-0.01,-1,-1,-0.01,-1,-1,-0.01,-1,-1,-0.01,-1,-1,-0.01,-1,-1,-0.01,-1,-1
99926009,2026-05-18 11:03:07+05:30,53064.0,0,0.0,0,0.0,0.0,53282.15,53308.4,52783.45,53710.35,0,0.0,0.0,0.0,0.0,-0.01,-1,-1,-0.01,-1,-1,-0.01,-1,-1,-0.01,-1,-1,-0.01,-1,-1,-0.01,-1,-1,-0.01,-1,-1,-0.01,-1,-1,-0.01,-1,-1,-0.01,-1,-1
99926009,2026-05-18 11:03:08+05:30,53061.85,0,0.0,0,0.0,0.0,53282.15,53308.4,52783.45,53710.35,0,0.0,0.0,0.0,0.0,-0.01,-1,-1,-0.01,-1,-1,-0.01,-1,-1,-0.01,-1,-1,-0.01,-1,-1,-0.01,-1,-1,-0.01,-1,-1,-0.01,-1,-1,-0.01,-1,-1,-0.01,-1,-1
99926009,2026-05-18 11:03:08+05:30,53064.8,0,0.0,0,0.0,0.0,53282.15,53308.4,52783.45,53710.35,0,0.0,0.0,0.0,0.0,-0.01,-1,-1,-0.01,-1,-1,-0.01,-1,-1,-0.01,-1,-1,-0.01,-1,-1,-0.01,-1,-1,-0.01,-1,-1,-0.01,-1,-1,-0.01,-1,-1,-0.01,-1,-1
99926009,2026-05-18 11:03:09+05:30,53064.05,0,0.0,0,0.0,0.0,53282.15,53308.4,52783.45,53710.35,0,0.0,0.0,0.0,0.0,-0.01,-1,-1,-0.01,-1,-1,-0.01,-1,-1,-0.01,-1,-1,-0.01,-1,-1,-0.01,-1,-1,-0.01,-1,-1,-0.01,-1,-1,-0.01,-1,-1,-0.01,-1,-1
99926009,2026-05-18 11:03:09+05:30,53063.8,0,0.0,0,0.0,0.0,53282.15,53308.4,52783.45,53710.35,0,0.0,0.0,0.0,0.0,-0.01,-1,-1,-0.01,-1,-1,-0.01,-1,-1,-0.01,-1,-1,-0.01,-1,-1,-0.01,-1,-1,-0.01,-1,-1,-0.01,-1,-1,-0.01,-1,-1,-0.01,-1,-1
99926009,2026-05-18 11:03:10+05:30,53066.9,0,0.0,0,0.0,0.0,53282.15,53308.4,52783.45,53710.35,0,0.0,0.0,0.0,0.0,-0.01,-1,-1,-0.01,-1,-1,-0.01,-1,-1,-0.01,-1,-1,-0.01,-1,-1,-0.01,-1,-1,-0.01,-1,-1,-0.01,-1,-1,-0.01,-1,-1,-0.01,-1,-1
99926009,2026-05-18 11:03:10+05:30,53065.7,0,0.0,0,0.0,0.0,53282.15,53308.4,52783.45,53710.35,0,0.0,0.0,0.0,0.0,-0.01,-1,-1,-0.01,-1,-1,-0.01,-1,-1,-0.01,-1,-1,-0.01,-1,-1,-0.01,-1,-1,-0.01,-1,-1,-0.01,-1,-1,-0.01,-1,-1,-0.01,-1,-1
99926009,2026-05-18 11:03:11+05:30,53066.05,0,0.0,0,0.0,0.0,53282.15,53308.4,52783.45,53710.35,0,0.0,0.0,0.0,0.0,-0.01,-1,-1,-0.01,-1,-1,-0.01,-1,-1,-0.01,-1,-1,-0.01,-1,-1,-0.01,-1,-1,-0.01,-1,-1,-0.01,-1,-1,-0.01,-1,-1,-0.01,-1,-1
99926009,2026-05-18 11:03:11+05:30,53064.1,0,0.0,0,0.0,0.0,53282.15,53308.4,52783.45,53710.35,0,0.0,0.0,0.0,0.0,-0.01,-1,-1,-0.01,-1,-1,-0.01,-1,-1,-0.01,-1,-1,-0.01,-1,-1,-0.01,-1,-1,-0.01,-1,-1,-0.01,-1,-1,-0.01,-1,-1,-0.01,-1,-1
99926009,2026-05-18 11:03:12+05:30,53065.4,0,0.0,0,0.0,0.0,53282.15,53308.4,52783.45,53710.35,0,0.0,0.0,0.0,0.0,-0.01,-1,-1,-0.01,-1,-1,-0.01,-1,-1,-0.01,-1,-1,-0.01,-1,-1,-0.01,-1,-1,-0.01,-1,-1,-0.01,-1,-1,-0.01,-1,-1,-0.01,-1,-1
99926009,2026-05-18 11:03:12+05:30,53065.9,0,0.0,0,0.0,0.0,53282.15,53308.4,52783.45,53710.35,0,0.0,0.0,0.0,0.0,-0.01,-1,-1,-0.01,-1,-1,-0.01,-1,-1,-0.01,-1,-1,-0.01,-1,-1,-0.01,-1,-1,-0.01,-1,-1,-0.01,-1,-1,-0.01,-1,-1,-0.01,-1,-1
99926009,2026-05-18 11:03:13+05:30,53066.4,0,0.0,0,0.0,0.0,53282.15,53308.4,52783.45,53710.35,0,0.0,0.0,0.0,0.0,-0.01,-1,-1,-0.01,-1,-1,-0.01,-1,-1,-0.01,-1,-1,-0.01,-1,-1,-0.01,-1,-1,-0.01,-1,-1,-0.01,-1,-1,-0.01,-1,-1,-0.01,-1,-1
99926009,2026-05-18 11:03:13+05:30,53066.15,0,0.0,0,0.0,0.0,53282.15,53308.4,52783.45,53710.35,0,0.0,0.0,0.0,0.0,-0.01,-1,-1,-0.01,-1,-1,-0.01,-1,-1,-0.01,-1,-1,-0.01,-1,-1,-0.01,-1,-1,-0.01,-1,-1,-0.01,-1,-1,-0.01,-1,-1,-0.01,-1,-1
99926009,2026-05-18 11:03:14+05:30,53067.8,0,0.0,0,0.0,0.0,53282.15,53308.4,52783.45,53710.35,0,0.0,0.0,0.0,0.0,-0.01,-1,-1,-0.01,-1,-1,-0.01,-1,-1,-0.01,-1,-1,-0.01,-1,-1,-0.01,-1,-1,-0.01,-1,-1,-0.01,-1,-1,-0.01,-1,-1,-0.01,-1,-1
99926009,2026-05-18 11:03:14+05:30,53066.4,0,0.0,0,0.0,0.0,53282.15,53308.4,52783.45,53710.35,0,0.0,0.0,0.0,0.0,-0.01,-1,-1,-0.01,-1,-1,-0.01,-1,-1,-0.01,-1,-1,-0.01,-1,-1,-0.01,-1,-1,-0.01,-1,-1,-0.01,-1,-1,-0.01,-1,-1,-0.01,-1,-1
99926009,2026-05-18 11:03:15+05:30,53069.1,0,0.0,0,0.0,0.0,53282.15,53308.4,52783.45,53710.35,0,0.0,0.0,0.0,0.0,-0.01,-1,-1,-0.01,-1,-1,-0.01,-1,-1,-0.01,-1,-1,-0.01,-1,-1,-0.01,-1,-1,-0.01,-1,-1,-0.01,-1,-1,-0.01,-1,-1,-0.01,-1,-1
99926009,2026-05-18 11:03:15+05:30,53069.9,0,0.0,0,0.0,0.0,53282.15,53308.4,52783.45,53710.35,0,0.0,0.0,0.0,0.0,-0.01,-1,-1,-0.01,-1,-1,-0.01,-1,-1,-0.01,-1,-1,-0.01,-1,-1,-0.01,-1,-1,-0.01,-1,-1,-0.01,-1,-1,-0.01,-1,-1,-0.01,-1,-1
99926009,2026-05-18 11:03:16+05:30,53070.25,0,0.0,0,0.0,0.0,53282.15,53308.4,52783.45,53710.35,0,0.0,0.0,0.0,0.0,-0.01,-1,-1,-0.01,-1,-1,-0.01,-1,-1,-0.01,-1,-1,-0.01,-1,-1,-0.01,-1,-1,-0.01,-1,-1,-0.01,-1,-1,-0.01,-1,-1,-0.01,-1,-1
99926009,2026-05-18 11:03:16+05:30,53071.3,0,0.0,0,0.0,0.0,53282.15,53308.4,52783.45,53710.35,0,0.0,0.0,0.0,0.0,-0.01,-1,-1,-0.01,-1,-1,-0.01,-1,-1,-0.01,-1,-1,-0.01,-1,-1,-0.01,-1,-1,-0.01,-1,-1,-0.01,-1,-1,-0.01,-1,-1,-0.01,-1,-1
99926009,2026-05-18 11:03:17+05:30,53067.6,0,0.0,0,0.0,0.0,53282.15,53308.4,52783.45,53710.35,0,0.0,0.0,0.0,0.0,-0.01,-1,-1,-0.01,-1,-1,-0.01,-1,-1,-0.01,-1,-1,-0.01,-1,-1,-0.01,-1,-1,-0.01,-1,-1,-0.01,-1,-1,-0.01,-1,-1,-0.01,-1,-1
99926009,2026-05-18 11:03:17+05:30,53068.65,0,0.0,0,0.0,0.0,53282.15,53308.4,52783.45,53710.35,0,0.0,0.0,0.0,0.0,-0.01,-1,-1,-0.01,-1,-1,-0.01,-1,-1,-0.01,-1,-1,-0.01,-1,-1,-0.01,-1,-1,-0.01,-1,-1,-0.01,-1,-1,-0.01,-1,-1,-0.01,-1,-1
99926009,2026-05-18 11:03:18+05:30,53068.65,0,0.0,0,0.0,0.0,53282.15,53308.4,52783.45,53710.35,0,0.0,0.0,0.0,0.0,-0.01,-1,-1,-0.01,-1,-1,-0.01,-1,-1,-0.01,-1,-1,-0.01,-1,-1,-0.01,-1,-1,-0.01,-1,-1,-0.01,-1,-1,-0.01,-1,-1,-0.01,-1,-1
99926009,2026-05-18 11:03:18+05:30,53071.05,0,0.0,0,0.0,0.0,53282.15,53308.4,52783.45,53710.35,0,0.0,0.0,0.0,0.0,-0.01,-1,-1,-0.01,-1,-1,-0.01,-1,-1,-0.01,-1,-1,-0.01,-1,-1,-0.01,-1,-1,-0.01,-1,-1,-0.01,-1,-1,-0.01,-1,-1,-0.01,-1,-1
99926009,2026-05-18 11:03:19+05:30,53070.6,0,0.0,0,0.0,0.0,53282.15,53308.4,52783.45,53710.35,0,0.0,0.0,0.0,0.0,-0.01,-1,-1,-0.01,-1,-1,-0.01,-1,-1,-0.01,-1,-1,-0.01,-1,-1,-0.01,-1,-1,-0.01,-1,-1,-0.01,-1,-1,-0.01,-1,-1,-0.01,-1,-1
99926009,2026-05-18 11:03:19+05:30,53070.25,0,0.0,0,0.0,0.0,53282.15,53308.4,52783.45,53710.35,0,0.0,0.0,0.0,0.0,-0.01,-1,-1,-0.01,-1,-1,-0.01,-1,-1,-0.01,-1,-1,-0.01,-1,-1,-0.01,-1,-1,-0.01,-1,-1,-0.01,-1,-1,-0.01,-1,-1,-0.01,-1,-1
99926009,2026-05-18 11:03:20+05:30,53070.35,0,0.0,0,0.0,0.0,53282.15,53308.4,52783.45,53710.35,0,0.0,0.0,0.0,0.0,-0.01,-1,-1,-0.01,-1,-1,-0.01,-1,-1,-0.01,-1,-1,-0.01,-1,-1,-0.01,-1,-1,-0.01,-1,-1,-0.01,-1,-1,-0.01,-1,-1,-0.01,-1,-1
99926009,2026-05-18 11:03:20+05:30,53068.1,0,0.0,0,0.0,0.0,53282.15,53308.4,52783.45,53710.35,0,0.0,0.0,0.0,0.0,-0.01,-1,-1,-0.01,-1,-1,-0.01,-1,-1,-0.01,-1,-1,-0.01,-1,-1,-0.01,-1,-1,-0.01,-1,-1,-0.01,-1,-1,-0.01,-1,-1,-0.01,-1,-1
99926009,2026-05-18 11:03:21+05:30,53069.65,0,0.0,0,0.0,0.0,53282.15,53308.4,52783.45,53710.35,0,0.0,0.0,0.0,0.0,-0.01,-1,-1,-0.01,-1,-1,-0.01,-1,-1,-0.01,-1,-1,-0.01,-1,-1,-0.01,-1,-1,-0.01,-1,-1,-0.01,-1,-1,-0.01,-1,-1,-0.01,-1,-1
99926009,2026-05-18 11:03:21+05:30,53068.05,0,0.0,0,0.0,0.0,53282.15,53308.4,52783.45,53710.35,0,0.0,0.0,0.0,0.0,-0.01,-1,-1,-0.01,-1,-1,-0.01,-1,-1,-0.01,-1,-1,-0.01,-1,-1,-0.01,-1,-1,-0.01,-1,-1,-0.01,-1,-1,-0.01,-1,-1,-0.01,-1,-1
99926009,2026-05-18 11:03:22+05:30,53060.9,0,0.0,0,0.0,0.0,53282.15,53308.4,52783.45,53710.35,0,0.0,0.0,0.0,0.0,-0.01,-1,-1,-0.01,-1,-1,-0.01,-1,-1,-0.01,-1,-1,-0.01,-1,-1,-0.01,-1,-1,-0.01,-1,-1,-0.01,-1,-1,-0.01,-1,-1,-0.01,-1,-1
99926009,2026-05-18 11:03:22+05:30,53060.3,0,0.0,0,0.0,0.0,53282.15,53308.4,52783.45,53710.35,0,0.0,0.0,0.0,0.0,-0.01,-1,-1,-0.01,-1,-1,-0.01,-1,-1,-0.01,-1,-1,-0.01,-1,-1,-0.01,-1,-1,-0.01,-1,-1,-0.01,-1,-1,-0.01,-1,-1,-0.01,-1,-1
99926009,2026-05-18 11:03:23+05:30,53060.75,0,0.0,0,0.0,0.0,53282.15,53308.4,52783.45,53710.35,0,0.0,0.0,0.0,0.0,-0.01,-1,-1,-0.01,-1,-1,-0.01,-1,-1,-0.01,-1,-1,-0.01,-1,-1,-0.01,-1,-1,-0.01,-1,-1,-0.01,-1,-1,-0.01,-1,-1,-0.01,-1,-1
99926009,2026-05-18 11:03:23+05:30,53061.65,0,0.0,0,0.0,0.0,53282.15,53308.4,52783.45,53710.35,0,0.0,0.0,0.0,0.0,-0.01,-1,-1,-0.01,-1,-1,-0.01,-1,-1,-0.01,-1,-1,-0.01,-1,-1,-0.01,-1,-1,-0.01,-1,-1,-0.01,-1,-1,-0.01,-1,-1,-0.01,-1,-1
99926009,2026-05-18 11:03:24+05:30,53062.8,0,0.0,0,0.0,0.0,53282.15,53308.4,52783.45,53710.35,0,0.0,0.0,0.0,0.0,-0.01,-1,-1,-0.01,-1,-1,-0.01,-1,-1,-0.01,-1,-1,-0.01,-1,-1,-0.01,-1,-1,-0.01,-1,-1,-0.01,-1,-1,-0.01,-1,-1,-0.01,-1,-1
99926009,2026-05-18 11:03:24+05:30,53061.5,0,0.0,0,0.0,0.0,53282.15,53308.4,52783.45,53710.35,0,0.0,0.0,0.0,0.0,-0.01,-1,-1,-0.01,-1,-1,-0.01,-1,-1,-0.01,-1,-1,-0.01,-1,-1,-0.01,-1,-1,-0.01,-1,-1,-0.01,-1,-1,-0.01,-1,-1,-0.01,-1,-1
99926009,2026-05-18 11:03:25+05:30,53061.55,0,0.0,0,0.0,0.0,53282.15,53308.4,52783.45,53710.35,0,0.0,0.0,0.0,0.0,-0.01,-1,-1,-0.01,-1,-1,-0.01,-1,-1,-0.01,-1,-1,-0.01,-1,-1,-0.01,-1,-1,-0.01,-1,-1,-0.01,-1,-1,-0.01,-1,-1,-0.01,-1,-1
99926009,2026-05-18 11:03:25+05:30,53059.4,0,0.0,0,0.0,0.0,53282.15,53308.4,52783.45,53710.35,0,0.0,0.0,0.0,0.0,-0.01,-1,-1,-0.01,-1,-1,-0.01,-1,-1,-0.01,-1,-1,-0.01,-1,-1,-0.01,-1,-1,-0.01,-1,-1,-0.01,-1,-1,-0.01,-1,-1,-0.01,-1,-1
99926009,2026-05-18 11:03:26+05:30,53061.2,0,0.0,0,0.0,0.0,53282.15,53308.4,52783.45,53710.35,0,0.0,0.0,0.0,0.0,-0.01,-1,-1,-0.01,-1,-1,-0.01,-1,-1,-0.01,-1,-1,-0.01,-1,-1,-0.01,-1,-1,-0.01,-1,-1,-0.01,-1,-1,-0.01,-1,-1,-0.01,-1,-1
99926009,2026-05-18 11:03:26+05:30,53061.55,0,0.0,0,0.0,0.0,53282.15,53308.4,52783.45,53710.35,0,0.0,0.0,0.0,0.0,-0.01,-1,-1,-0.01,-1,-1,-0.01,-1,-1,-0.01,-1,-1,-0.01,-1,-1,-0.01,-1,-1,-0.01,-1,-1,-0.01,-1,-1,-0.01,-1,-1,-0.01,-1,-1
99926009,2026-05-18 11:03:27+05:30,53058.35,0,0.0,0,0.0,0.0,53282.15,53308.4,52783.45,53710.35,0,0.0,0.0,0.0,0.0,-0.01,-1,-1,-0.01,-1,-1,-0.01,-1,-1,-0.01,-1,-1,-0.01,-1,-1,-0.01,-1,-1,-0.01,-1,-1,-0.01,-1,-1,-0.01,-1,-1,-0.01,-1,-1
99926009,2026-05-18 11:03:27+05:30,53062.95,0,0.0,0,0.0,0.0,53282.15,53308.4,52783.45,53710.35,0,0.0,0.0,0.0,0.0,-0.01,-1,-1,-0.01,-1,-1,-0.01,-1,-1,-0.01,-1,-1,-0.01,-1,-1,-0.01,-1,-1,-0.01,-1,-1,-0.01,-1,-1,-0.01,-1,-1,-0.01,-1,-1
99926009,2026-05-18 11:03:28+05:30,53060.6,0,0.0,0,0.0,0.0,53282.15,53308.4,52783.45,53710.35,0,0.0,0.0,0.0,0.0,-0.01,-1,-1,-0.01,-1,-1,-0.01,-1,-1,-0.01,-1,-1,-0.01,-1,-1,-0.01,-1,-1,-0.01,-1,-1,-0.01,-1,-1,-0.01,-1,-1,-0.01,-1,-1
99926009,2026-05-18 11:03:28+05:30,53060.45,0,0.0,0,0.0,0.0,53282.15,53308.4,52783.45,53710.35,0,0.0,0.0,0.0,0.0,-0.01,-1,-1,-0.01,-1,-1,-0.01,-1,-1,-0.01,-1,-1,-0.01,-1,-1,-0.01,-1,-1,-0.01,-1,-1,-0.01,-1,-1,-0.01,-1,-1,-0.01,-1,-1
99926009,2026-05-18 11:03:29+05:30,53059.55,0,0.0,0,0.0,0.0,53282.15,53308.4,52783.45,53710.35,0,0.0,0.0,0.0,0.0,-0.01,-1,-1,-0.01,-1,-1,-0.01,-1,-1,-0.01,-1,-1,-0.01,-1,-1,-0.01,-1,-1,-0.01,-1,-1,-0.01,-1,-1,-0.01,-1,-1,-0.01,-1,-1
99926009,2026-05-18 11:03:29+05:30,53062.6,0,0.0,0,0.0,0.0,53282.15,53308.4,52783.45,53710.35,0,0.0,0.0,0.0,0.0,-0.01,-1,-1,-0.01,-1,-1,-0.01,-1,-1,-0.01,-1,-1,-0.01,-1,-1,-0.01,-1,-1,-0.01,-1,-1,-0.01,-1,-1,-0.01,-1,-1,-0.01,-1,-1
99926009,2026-05-18 11:03:30+05:30,53065.0,0,0.0,0,0.0,0.0,53282.15,53308.4,52783.45,53710.35,0,0.0,0.0,0.0,0.0,-0.01,-1,-1,-0.01,-1,-1,-0.01,-1,-1,-0.01,-1,-1,-0.01,-1,-1,-0.01,-1,-1,-0.01,-1,-1,-0.01,-1,-1,-0.01,-1,-1,-0.01,-1,-1
99926009,2026-05-18 11:03:30+05:30,53065.1,0,0.0,0,0.0,0.0,53282.15,53308.4,52783.45,53710.35,0,0.0,0.0,0.0,0.0,-0.01,-1,-1,-0.01,-1,-1,-0.01,-1,-1,-0.01,-1,-1,-0.01,-1,-1,-0.01,-1,-1,-0.01,-1,-1,-0.01,-1,-1,-0.01,-1,-1,-0.01,-1,-1
99926009,2026-05-18 11:03:31+05:30,53062.9,0,0.0,0,0.0,0.0,53282.15,53308.4,52783.45,53710.35,0,0.0,0.0,0.0,0.0,-0.01,-1,-1,-0.01,-1,-1,-0.01,-1,-1,-0.01,-1,-1,-0.01,-1,-1,-0.01,-1,-1,-0.01,-1,-1,-0.01,-1,-1,-0.01,-1,-1,-0.01,-1,-1
99926009,2026-05-18 11:03:31+05:30,53062.5,0,0.0,0,0.0,0.0,53282.15,53308.4,52783.45,53710.35,0,0.0,0.0,0.0,0.0,-0.01,-1,-1,-0.01,-1,-1,-0.01,-1,-1,-0.01,-1,-1,-0.01,-1,-1,-0.01,-1,-1,-0.01,-1,-1,-0.01,-1,-1,-0.01,-1,-1,-0.01,-1,-1
99926009,2026-05-18 11:03:32+05:30,53061.15,0,0.0,0,0.0,0.0,53282.15,53308.4,52783.45,53710.35,0,0.0,0.0,0.0,0.0,-0.01,-1,-1,-0.01,-1,-1,-0.01,-1,-1,-0.01,-1,-1,-0.01,-1,-1,-0.01,-1,-1,-0.01,-1,-1,-0.01,-1,-1,-0.01,-1,-1,-0.01,-1,-1
99926009,2026-05-18 11:03:32+05:30,53055.65,0,0.0,0,0.0,0.0,53282.15,53308.4,52783.45,53710.35,0,0.0,0.0,0.0,0.0,-0.01,-1,-1,-0.01,-1,-1,-0.01,-1,-1,-0.01,-1,-1,-0.01,-1,-1,-0.01,-1,-1,-0.01,-1,-1,-0.01,-1,-1,-0.01,-1,-1,-0.01,-1,-1
99926009,2026-05-18 11:03:33+05:30,53055.2,0,0.0,0,0.0,0.0,53282.15,53308.4,52783.45,53710.35,0,0.0,0.0,0.0,0.0,-0.01,-1,-1,-0.01,-1,-1,-0.01,-1,-1,-0.01,-1,-1,-0.01,-1,-1,-0.01,-1,-1,-0.01,-1,-1,-0.01,-1,-1,-0.01,-1,-1,-0.01,-1,-1
99926009,2026-05-18 11:03:33+05:30,53054.7,0,0.0,0,0.0,0.0,53282.15,53308.4,52783.45,53710.35,0,0.0,0.0,0.0,0.0,-0.01,-1,-1,-0.01,-1,-1,-0.01,-1,-1,-0.01,-1,-1,-0.01,-1,-1,-0.01,-1,-1,-0.01,-1,-1,-0.01,-1,-1,-0.01,-1,-1,-0.01,-1,-1
99926009,2026-05-18 11:03:34+05:30,53056.45,0,0.0,0,0.0,0.0,53282.15,53308.4,52783.45,53710.35,0,0.0,0.0,0.0,0.0,-0.01,-1,-1,-0.01,-1,-1,-0.01,-1,-1,-0.01,-1,-1,-0.01,-1,-1,-0.01,-1,-1,-0.01,-1,-1,-0.01,-1,-1,-0.01,-1,-1,-0.01,-1,-1
99926009,2026-05-18 11:03:34+05:30,53054.3,0,0.0,0,0.0,0.0,53282.15,53308.4,52783.45,53710.35,0,0.0,0.0,0.0,0.0,-0.01,-1,-1,-0.01,-1,-1,-0.01,-1,-1,-0.01,-1,-1,-0.01,-1,-1,-0.01,-1,-1,-0.01,-1,-1,-0.01,-1,-1,-0.01,-1,-1,-0.01,-1,-1
99926009,2026-05-18 11:03:35+05:30,53059.2,0,0.0,0,0.0,0.0,53282.15,53308.4,52783.45,53710.35,0,0.0,0.0,0.0,0.0,-0.01,-1,-1,-0.01,-1,-1,-0.01,-1,-1,-0.01,-1,-1,-0.01,-1,-1,-0.01,-1,-1,-0.01,-1,-1,-0.01,-1,-1,-0.01,-1,-1,-0.01,-1,-1
99926009,2026-05-18 11:03:35+05:30,53056.2,0,0.0,0,0.0,0.0,53282.15,53308.4,52783.45,53710.35,0,0.0,0.0,0.0,0.0,-0.01,-1,-1,-0.01,-1,-1,-0.01,-1,-1,-0.01,-1,-1,-0.01,-1,-1,-0.01,-1,-1,-0.01,-1,-1,-0.01,-1,-1,-0.01,-1,-1,-0.01,-1,-1
99926009,2026-05-18 11:03:36+05:30,53059.15,0,0.0,0,0.0,0.0,53282.15,53308.4,52783.45,53710.35,0,0.0,0.0,0.0,0.0,-0.01,-1,-1,-0.01,-1,-1,-0.01,-1,-1,-0.01,-1,-1,-0.01,-1,-1,-0.01,-1,-1,-0.01,-1,-1,-0.01,-1,-1,-0.01,-1,-1,-0.01,-1,-1
99926009,2026-05-18 11:03:36+05:30,53057.8,0,0.0,0,0.0,0.0,53282.15,53308.4,52783.45,53710.35,0,0.0,0.0,0.0,0.0,-0.01,-1,-1,-0.01,-1,-1,-0.01,-1,-1,-0.01,-1,-1,-0.01,-1,-1,-0.01,-1,-1,-0.01,-1,-1,-0.01,-1,-1,-0.01,-1,-1,-0.01,-1,-1
99926009,2026-05-18 11:03:37+05:30,53057.3,0,0.0,0,0.0,0.0,53282.15,53308.4,52783.45,53710.35,0,0.0,0.0,0.0,0.0,-0.01,-1,-1,-0.01,-1,-1,-0.01,-1,-1,-0.01,-1,-1,-0.01,-1,-1,-0.01,-1,-1,-0.01,-1,-1,-0.01,-1,-1,-0.01,-1,-1,-0.01,-1,-1
99926009,2026-05-18 11:03:37+05:30,53055.25,0,0.0,0,0.0,0.0,53282.15,53308.4,52783.45,53710.35,0,0.0,0.0,0.0,0.0,-0.01,-1,-1,-0.01,-1,-1,-0.01,-1,-1,-0.01,-1,-1,-0.01,-1,-1,-0.01,-1,-1,-0.01,-1,-1,-0.01,-1,-1,-0.01,-1,-1,-0.01,-1,-1
99926009,2026-05-18 11:03:38+05:30,53054.15,0,0.0,0,0.0,0.0,53282.15,53308.4,52783.45,53710.35,0,0.0,0.0,0.0,0.0,-0.01,-1,-1,-0.01,-1,-1,-0.01,-1,-1,-0.01,-1,-1,-0.01,-1,-1,-0.01,-1,-1,-0.01,-1,-1,-0.01,-1,-1,-0.01,-1,-1,-0.01,-1,-1
99926009,2026-05-18 11:03:38+05:30,53055.9,0,0.0,0,0.0,0.0,53282.15,53308.4,52783.45,53710.35,0,0.0,0.0,0.0,0.0,-0.01,-1,-1,-0.01,-1,-1,-0.01,-1,-1,-0.01,-1,-1,-0.01,-1,-1,-0.01,-1,-1,-0.01,-1,-1,-0.01,-1,-1,-0.01,-1,-1,-0.01,-1,-1
99926009,2026-05-18 11:03:39+05:30,53056.55,0,0.0,0,0.0,0.0,53282.15,53308.4,52783.45,53710.35,0,0.0,0.0,0.0,0.0,-0.01,-1,-1,-0.01,-1,-1,-0.01,-1,-1,-0.01,-1,-1,-0.01,-1,-1,-0.01,-1,-1,-0.01,-1,-1,-0.01,-1,-1,-0.01,-1,-1,-0.01,-1,-1
99926009,2026-05-18 11:03:39+05:30,53055.7,0,0.0,0,0.0,0.0,53282.15,53308.4,52783.45,53710.35,0,0.0,0.0,0.0,0.0,-0.01,-1,-1,-0.01,-1,-1,-0.01,-1,-1,-0.01,-1,-1,-0.01,-1,-1,-0.01,-1,-1,-0.01,-1,-1,-0.01,-1,-1,-0.01,-1,-1,-0.01,-1,-1
99926009,2026-05-18 11:03:40+05:30,53057.2,0,0.0,0,0.0,0.0,53282.15,53308.4,52783.45,53710.35,0,0.0,0.0,0.0,0.0,-0.01,-1,-1,-0.01,-1,-1,-0.01,-1,-1,-0.01,-1,-1,-0.01,-1,-1,-0.01,-1,-1,-0.01,-1,-1,-0.01,-1,-1,-0.01,-1,-1,-0.01,-1,-1
99926009,2026-05-18 11:03:40+05:30,53056.05,0,0.0,0,0.0,0.0,53282.15,53308.4,52783.45,53710.35,0,0.0,0.0,0.0,0.0,-0.01,-1,-1,-0.01,-1,-1,-0.01,-1,-1,-0.01,-1,-1,-0.01,-1,-1,-0.01,-1,-1,-0.01,-1,-1,-0.01,-1,-1,-0.01,-1,-1,-0.01,-1,-1
99926009,2026-05-18 11:03:41+05:30,53058.0,0,0.0,0,0.0,0.0,53282.15,53308.4,52783.45,53710.35,0,0.0,0.0,0.0,0.0,-0.01,-1,-1,-0.01,-1,-1,-0.01,-1,-1,-0.01,-1,-1,-0.01,-1,-1,-0.01,-1,-1,-0.01,-1,-1,-0.01,-1,-1,-0.01,-1,-1,-0.01,-1,-1
99926009,2026-05-18 11:03:41+05:30,53056.95,0,0.0,0,0.0,0.0,53282.15,53308.4,52783.45,53710.35,0,0.0,0.0,0.0,0.0,-0.01,-1,-1,-0.01,-1,-1,-0.01,-1,-1,-0.01,-1,-1,-0.01,-1,-1,-0.01,-1,-1,-0.01,-1,-1,-0.01,-1,-1,-0.01,-1,-1,-0.01,-1,-1
99926009,2026-05-18 11:03:42+05:30,53055.65,0,0.0,0,0.0,0.0,53282.15,53308.4,52783.45,53710.35,0,0.0,0.0,0.0,0.0,-0.01,-1,-1,-0.01,-1,-1,-0.01,-1,-1,-0.01,-1,-1,-0.01,-1,-1,-0.01,-1,-1,-0.01,-1,-1,-0.01,-1,-1,-0.01,-1,-1,-0.01,-1,-1
99926009,2026-05-18 11:03:42+05:30,53057.6,0,0.0,0,0.0,0.0,53282.15,53308.4,52783.45,53710.35,0,0.0,0.0,0.0,0.0,-0.01,-1,-1,-0.01,-1,-1,-0.01,-1,-1,-0.01,-1,-1,-0.01,-1,-1,-0.01,-1,-1,-0.01,-1,-1,-0.01,-1,-1,-0.01,-1,-1,-0.01,-1,-1
99926009,2026-05-18 11:03:43+05:30,53050.2,0,0.0,0,0.0,0.0,53282.15,53308.4,52783.45,53710.35,0,0.0,0.0,0.0,0.0,-0.01,-1,-1,-0.01,-1,-1,-0.01,-1,-1,-0.01,-1,-1,-0.01,-1,-1,-0.01,-1,-1,-0.01,-1,-1,-0.01,-1,-1,-0.01,-1,-1,-0.01,-1,-1
99926009,2026-05-18 11:03:43+05:30,53048.7,0,0.0,0,0.0,0.0,53282.15,53308.4,52783.45,53710.35,0,0.0,0.0,0.0,0.0,-0.01,-1,-1,-0.01,-1,-1,-0.01,-1,-1,-0.01,-1,-1,-0.01,-1,-1,-0.01,-1,-1,-0.01,-1,-1,-0.01,-1,-1,-0.01,-1,-1,-0.01,-1,-1
99926009,2026-05-18 11:03:44+05:30,53054.1,0,0.0,0,0.0,0.0,53282.15,53308.4,52783.45,53710.35,0,0.0,0.0,0.0,0.0,-0.01,-1,-1,-0.01,-1,-1,-0.01,-1,-1,-0.01,-1,-1,-0.01,-1,-1,-0.01,-1,-1,-0.01,-1,-1,-0.01,-1,-1,-0.01,-1,-1,-0.01,-1,-1
99926009,2026-05-18 11:03:44+05:30,53054.15,0,0.0,0,0.0,0.0,53282.15,53308.4,52783.45,53710.35,0,0.0,0.0,0.0,0.0,-0.01,-1,-1,-0.01,-1,-1,-0.01,-1,-1,-0.01,-1,-1,-0.01,-1,-1,-0.01,-1,-1,-0.01,-1,-1,-0.01,-1,-1,-0.01,-1,-1,-0.01,-1,-1
99926009,2026-05-18 11:03:45+05:30,53057.8,0,0.0,0,0.0,0.0,53282.15,53308.4,52783.45,53710.35,0,0.0,0.0,0.0,0.0,-0.01,-1,-1,-0.01,-1,-1,-0.01,-1,-1,-0.01,-1,-1,-0.01,-1,-1,-0.01,-1,-1,-0.01,-1,-1,-0.01,-1,-1,-0.01,-1,-1,-0.01,-1,-1
99926009,2026-05-18 11:03:45+05:30,53059.85,0,0.0,0,0.0,0.0,53282.15,53308.4,52783.45,53710.35,0,0.0,0.0,0.0,0.0,-0.01,-1,-1,-0.01,-1,-1,-0.01,-1,-1,-0.01,-1,-1,-0.01,-1,-1,-0.01,-1,-1,-0.01,-1,-1,-0.01,-1,-1,-0.01,-1,-1,-0.01,-1,-1
99926009,2026-05-18 11:03:46+05:30,53063.5,0,0.0,0,0.0,0.0,53282.15,53308.4,52783.45,53710.35,0,0.0,0.0,0.0,0.0,-0.01,-1,-1,-0.01,-1,-1,-0.01,-1,-1,-0.01,-1,-1,-0.01,-1,-1,-0.01,-1,-1,-0.01,-1,-1,-0.01,-1,-1,-0.01,-1,-1,-0.01,-1,-1
99926009,2026-05-18 11:03:46+05:30,53063.35,0,0.0,0,0.0,0.0,53282.15,53308.4,52783.45,53710.35,0,0.0,0.0,0.0,0.0,-0.01,-1,-1,-0.01,-1,-1,-0.01,-1,-1,-0.01,-1,-1,-0.01,-1,-1,-0.01,-1,-1,-0.01,-1,-1,-0.01,-1,-1,-0.01,-1,-1,-0.01,-1,-1
99926009,2026-05-18 11:03:47+05:30,53062.65,0,0.0,0,0.0,0.0,53282.15,53308.4,52783.45,53710.35,0,0.0,0.0,0.0,0.0,-0.01,-1,-1,-0.01,-1,-1,-0.01,-1,-1,-0.01,-1,-1,-0.01,-1,-1,-0.01,-1,-1,-0.01,-1,-1,-0.01,-1,-1,-0.01,-1,-1,-0.01,-1,-1
99926009,2026-05-18 11:03:47+05:30,53064.35,0,0.0,0,0.0,0.0,53282.15,53308.4,52783.45,53710.35,0,0.0,0.0,0.0,0.0,-0.01,-1,-1,-0.01,-1,-1,-0.01,-1,-1,-0.01,-1,-1,-0.01,-1,-1,-0.01,-1,-1,-0.01,-1,-1,-0.01,-1,-1,-0.01,-1,-1,-0.01,-1,-1
99926009,2026-05-18 11:03:48+05:30,53063.35,0,0.0,0,0.0,0.0,53282.15,53308.4,52783.45,53710.35,0,0.0,0.0,0.0,0.0,-0.01,-1,-1,-0.01,-1,-1,-0.01,-1,-1,-0.01,-1,-1,-0.01,-1,-1,-0.01,-1,-1,-0.01,-1,-1,-0.01,-1,-1,-0.01,-1,-1,-0.01,-1,-1
99926009,2026-05-18 11:03:48+05:30,53064.2,0,0.0,0,0.0,0.0,53282.15,53308.4,52783.45,53710.35,0,0.0,0.0,0.0,0.0,-0.01,-1,-1,-0.01,-1,-1,-0.01,-1,-1,-0.01,-1,-1,-0.01,-1,-1,-0.01,-1,-1,-0.01,-1,-1,-0.01,-1,-1,-0.01,-1,-1,-0.01,-1,-1
99926009,2026-05-18 11:03:49+05:30,53065.2,0,0.0,0,0.0,0.0,53282.15,53308.4,52783.45,53710.35,0,0.0,0.0,0.0,0.0,-0.01,-1,-1,-0.01,-1,-1,-0.01,-1,-1,-0.01,-1,-1,-0.01,-1,-1,-0.01,-1,-1,-0.01,-1,-1,-0.01,-1,-1,-0.01,-1,-1,-0.01,-1,-1
99926009,2026-05-18 11:03:49+05:30,53064.35,0,0.0,0,0.0,0.0,53282.15,53308.4,52783.45,53710.35,0,0.0,0.0,0.0,0.0,-0.01,-1,-1,-0.01,-1,-1,-0.01,-1,-1,-0.01,-1,-1,-0.01,-1,-1,-0.01,-1,-1,-0.01,-1,-1,-0.01,-1,-1,-0.01,-1,-1,-0.01,-1,-1
99926009,2026-05-18 11:03:50+05:30,53064.35,0,0.0,0,0.0,0.0,53282.15,53308.4,52783.45,53710.35,0,0.0,0.0,0.0,0.0,-0.01,-1,-1,-0.01,-1,-1,-0.01,-1,-1,-0.01,-1,-1,-0.01,-1,-1,-0.01,-1,-1,-0.01,-1,-1,-0.01,-1,-1,-0.01,-1,-1,-0.01,-1,-1
99926009,2026-05-18 11:03:50+05:30,53060.55,0,0.0,0,0.0,0.0,53282.15,53308.4,52783.45,53710.35,0,0.0,0.0,0.0,0.0,-0.01,-1,-1,-0.01,-1,-1,-0.01,-1,-1,-0.01,-1,-1,-0.01,-1,-1,-0.01,-1,-1,-0.01,-1,-1,-0.01,-1,-1,-0.01,-1,-1,-0.01,-1,-1
99926009,2026-05-18 11:03:51+05:30,53065.25,0,0.0,0,0.0,0.0,53282.15,53308.4,52783.45,53710.35,0,0.0,0.0,0.0,0.0,-0.01,-1,-1,-0.01,-1,-1,-0.01,-1,-1,-0.01,-1,-1,-0.01,-1,-1,-0.01,-1,-1,-0.01,-1,-1,-0.01,-1,-1,-0.01,-1,-1,-0.01,-1,-1
99926009,2026-05-18 11:03:51+05:30,53059.9,0,0.0,0,0.0,0.0,53282.15,53308.4,52783.45,53710.35,0,0.0,0.0,0.0,0.0,-0.01,-1,-1,-0.01,-1,-1,-0.01,-1,-1,-0.01,-1,-1,-0.01,-1,-1,-0.01,-1,-1,-0.01,-1,-1,-0.01,-1,-1,-0.01,-1,-1,-0.01,-1,-1
99926009,2026-05-18 11:03:52+05:30,53064.45,0,0.0,0,0.0,0.0,53282.15,53308.4,52783.45,53710.35,0,0.0,0.0,0.0,0.0,-0.01,-1,-1,-0.01,-1,-1,-0.01,-1,-1,-0.01,-1,-1,-0.01,-1,-1,-0.01,-1,-1,-0.01,-1,-1,-0.01,-1,-1,-0.01,-1,-1,-0.01,-1,-1
99926009,2026-05-18 11:03:52+05:30,53067.7,0,0.0,0,0.0,0.0,53282.15,53308.4,52783.45,53710.35,0,0.0,0.0,0.0,0.0,-0.01,-1,-1,-0.01,-1,-1,-0.01,-1,-1,-0.01,-1,-1,-0.01,-1,-1,-0.01,-1,-1,-0.01,-1,-1,-0.01,-1,-1,-0.01,-1,-1,-0.01,-1,-1
99926009,2026-05-18 11:03:53+05:30,53067.1,0,0.0,0,0.0,0.0,53282.15,53308.4,52783.45,53710.35,0,0.0,0.0,0.0,0.0,-0.01,-1,-1,-0.01,-1,-1,-0.01,-1,-1,-0.01,-1,-1,-0.01,-1,-1,-0.01,-1,-1,-0.01,-1,-1,-0.01,-1,-1,-0.01,-1,-1,-0.01,-1,-1
99926009,2026-05-18 11:03:53+05:30,53067.3,0,0.0,0,0.0,0.0,53282.15,53308.4,52783.45,53710.35,0,0.0,0.0,0.0,0.0,-0.01,-1,-1,-0.01,-1,-1,-0.01,-1,-1,-0.01,-1,-1,-0.01,-1,-1,-0.01,-1,-1,-0.01,-1,-1,-0.01,-1,-1,-0.01,-1,-1,-0.01,-1,-1
99926009,2026-05-18 11:03:54+05:30,53065.25,0,0.0,0,0.0,0.0,53282.15,53308.4,52783.45,53710.35,0,0.0,0.0,0.0,0.0,-0.01,-1,-1,-0.01,-1,-1,-0.01,-1,-1,-0.01,-1,-1,-0.01,-1,-1,-0.01,-1,-1,-0.01,-1,-1,-0.01,-1,-1,-0.01,-1,-1,-0.01,-1,-1
99926009,2026-05-18 11:03:54+05:30,53068.6,0,0.0,0,0.0,0.0,53282.15,53308.4,52783.45,53710.35,0,0.0,0.0,0.0,0.0,-0.01,-1,-1,-0.01,-1,-1,-0.01,-1,-1,-0.01,-1,-1,-0.01,-1,-1,-0.01,-1,-1,-0.01,-1,-1,-0.01,-1,-1,-0.01,-1,-1,-0.01,-1,-1
99926009,2026-05-18 11:03:55+05:30,53070.2,0,0.0,0,0.0,0.0,53282.15,53308.4,52783.45,53710.35,0,0.0,0.0,0.0,0.0,-0.01,-1,-1,-0.01,-1,-1,-0.01,-1,-1,-0.01,-1,-1,-0.01,-1,-1,-0.01,-1,-1,-0.01,-1,-1,-0.01,-1,-1,-0.01,-1,-1,-0.01,-1,-1
99926009,2026-05-18 11:03:55+05:30,53067.15,0,0.0,0,0.0,0.0,53282.15,53308.4,52783.45,53710.35,0,0.0,0.0,0.0,0.0,-0.01,-1,-1,-0.01,-1,-1,-0.01,-1,-1,-0.01,-1,-1,-0.01,-1,-1,-0.01,-1,-1,-0.01,-1,-1,-0.01,-1,-1,-0.01,-1,-1,-0.01,-1,-1
99926009,2026-05-18 11:03:56+05:30,53068.6,0,0.0,0,0.0,0.0,53282.15,53308.4,52783.45,53710.35,0,0.0,0.0,0.0,0.0,-0.01,-1,-1,-0.01,-1,-1,-0.01,-1,-1,-0.01,-1,-1,-0.01,-1,-1,-0.01,-1,-1,-0.01,-1,-1,-0.01,-1,-1,-0.01,-1,-1,-0.01,-1,-1
99926009,2026-05-18 11:03:56+05:30,53070.3,0,0.0,0,0.0,0.0,53282.15,53308.4,52783.45,53710.35,0,0.0,0.0,0.0,0.0,-0.01,-1,-1,-0.01,-1,-1,-0.01,-1,-1,-0.01,-1,-1,-0.01,-1,-1,-0.01,-1,-1,-0.01,-1,-1,-0.01,-1,-1,-0.01,-1,-1,-0.01,-1,-1
99926009,2026-05-18 11:03:57+05:30,53066.25,0,0.0,0,0.0,0.0,53282.15,53308.4,52783.45,53710.35,0,0.0,0.0,0.0,0.0,-0.01,-1,-1,-0.01,-1,-1,-0.01,-1,-1,-0.01,-1,-1,-0.01,-1,-1,-0.01,-1,-1,-0.01,-1,-1,-0.01,-1,-1,-0.01,-1,-1,-0.01,-1,-1
99926009,2026-05-18 11:03:57+05:30,53066.3,0,0.0,0,0.0,0.0,53282.15,53308.4,52783.45,53710.35,0,0.0,0.0,0.0,0.0,-0.01,-1,-1,-0.01,-1,-1,-0.01,-1,-1,-0.01,-1,-1,-0.01,-1,-1,-0.01,-1,-1,-0.01,-1,-1,-0.01,-1,-1,-0.01,-1,-1,-0.01,-1,-1
99926009,2026-05-18 11:03:58+05:30,53068.75,0,0.0,0,0.0,0.0,53282.15,53308.4,52783.45,53710.35,0,0.0,0.0,0.0,0.0,-0.01,-1,-1,-0.01,-1,-1,-0.01,-1,-1,-0.01,-1,-1,-0.01,-1,-1,-0.01,-1,-1,-0.01,-1,-1,-0.01,-1,-1,-0.01,-1,-1,-0.01,-1,-1
99926009,2026-05-18 11:03:58+05:30,53069.25,0,0.0,0,0.0,0.0,53282.15,53308.4,52783.45,53710.35,0,0.0,0.0,0.0,0.0,-0.01,-1,-1,-0.01,-1,-1,-0.01,-1,-1,-0.01,-1,-1,-0.01,-1,-1,-0.01,-1,-1,-0.01,-1,-1,-0.01,-1,-1,-0.01,-1,-1,-0.01,-1,-1
99926009,2026-05-18 11:03:59+05:30,53069.2,0,0.0,0,0.0,0.0,53282.15,53308.4,52783.45,53710.35,0,0.0,0.0,0.0,0.0,-0.01,-1,-1,-0.01,-1,-1,-0.01,-1,-1,-0.01,-1,-1,-0.01,-1,-1,-0.01,-1,-1,-0.01,-1,-1,-0.01,-1,-1,-0.01,-1,-1,-0.01,-1,-1
99926009,2026-05-18 11:03:59+05:30,53069.7,0,0.0,0,0.0,0.0,53282.15,53308.4,52783.45,53710.35,0,0.0,0.0,0.0,0.0,-0.01,-1,-1,-0.01,-1,-1,-0.01,-1,-1,-0.01,-1,-1,-0.01,-1,-1,-0.01,-1,-1,-0.01,-1,-1,-0.01,-1,-1,-0.01,-1,-1,-0.01,-1,-1
99926009,2026-05-18 11:04:00+05:30,53069.6,0,0.0,0,0.0,0.0,53282.15,53308.4,52783.45,53710.35,0,0.0,0.0,0.0,0.0,-0.01,-1,-1,-0.01,-1,-1,-0.01,-1,-1,-0.01,-1,-1,-0.01,-1,-1,-0.01,-1,-1,-0.01,-1,-1,-0.01,-1,-1,-0.01,-1,-1,-0.01,-1,-1
99926009,2026-05-18 11:04:00+05:30,53070.25,0,0.0,0,0.0,0.0,53282.15,53308.4,52783.45,53710.35,0,0.0,0.0,0.0,0.0,-0.01,-1,-1,-0.01,-1,-1,-0.01,-1,-1,-0.01,-1,-1,-0.01,-1,-1,-0.01,-1,-1,-0.01,-1,-1,-0.01,-1,-1,-0.01,-1,-1,-0.01,-1,-1
99926009,2026-05-18 11:04:01+05:30,53067.3,0,0.0,0,0.0,0.0,53282.15,53308.4,52783.45,53710.35,0,0.0,0.0,0.0,0.0,-0.01,-1,-1,-0.01,-1,-1,-0.01,-1,-1,-0.01,-1,-1,-0.01,-1,-1,-0.01,-1,-1,-0.01,-1,-1,-0.01,-1,-1,-0.01,-1,-1,-0.01,-1,-1
99926009,2026-05-18 11:04:01+05:30,53065.6,0,0.0,0,0.0,0.0,53282.15,53308.4,52783.45,53710.35,0,0.0,0.0,0.0,0.0,-0.01,-1,-1,-0.01,-1,-1,-0.01,-1,-1,-0.01,-1,-1,-0.01,-1,-1,-0.01,-1,-1,-0.01,-1,-1,-0.01,-1,-1,-0.01,-1,-1,-0.01,-1,-1
99926009,2026-05-18 11:04:02+05:30,53066.2,0,0.0,0,0.0,0.0,53282.15,53308.4,52783.45,53710.35,0,0.0,0.0,0.0,0.0,-0.01,-1,-1,-0.01,-1,-1,-0.01,-1,-1,-0.01,-1,-1,-0.01,-1,-1,-0.01,-1,-1,-0.01,-1,-1,-0.01,-1,-1,-0.01,-1,-1,-0.01,-1,-1
99926009,2026-05-18 11:04:02+05:30,53066.85,0,0.0,0,0.0,0.0,53282.15,53308.4,52783.45,53710.35,0,0.0,0.0,0.0,0.0,-0.01,-1,-1,-0.01,-1,-1,-0.01,-1,-1,-0.01,-1,-1,-0.01,-1,-1,-0.01,-1,-1,-0.01,-1,-1,-0.01,-1,-1,-0.01,-1,-1,-0.01,-1,-1
99926009,2026-05-18 11:04:03+05:30,53065.05,0,0.0,0,0.0,0.0,53282.15,53308.4,52783.45,53710.35,0,0.0,0.0,0.0,0.0,-0.01,-1,-1,-0.01,-1,-1,-0.01,-1,-1,-0.01,-1,-1,-0.01,-1,-1,-0.01,-1,-1,-0.01,-1,-1,-0.01,-1,-1,-0.01,-1,-1,-0.01,-1,-1
99926009,2026-05-18 11:04:03+05:30,53065.6,0,0.0,0,0.0,0.0,53282.15,53308.4,52783.45,53710.35,0,0.0,0.0,0.0,0.0,-0.01,-1,-1,-0.01,-1,-1,-0.01,-1,-1,-0.01,-1,-1,-0.01,-1,-1,-0.01,-1,-1,-0.01,-1,-1,-0.01,-1,-1,-0.01,-1,-1,-0.01,-1,-1
99926009,2026-05-18 11:04:04+05:30,53063.45,0,0.0,0,0.0,0.0,53282.15,53308.4,52783.45,53710.35,0,0.0,0.0,0.0,0.0,-0.01,-1,-1,-0.01,-1,-1,-0.01,-1,-1,-0.01,-1,-1,-0.01,-1,-1,-0.01,-1,-1,-0.01,-1,-1,-0.01,-1,-1,-0.01,-1,-1,-0.01,-1,-1
99926009,2026-05-18 11:04:04+05:30,53065.9,0,0.0,0,0.0,0.0,53282.15,53308.4,52783.45,53710.35,0,0.0,0.0,0.0,0.0,-0.01,-1,-1,-0.01,-1,-1,-0.01,-1,-1,-0.01,-1,-1,-0.01,-1,-1,-0.01,-1,-1,-0.01,-1,-1,-0.01,-1,-1,-0.01,-1,-1,-0.01,-1,-1
99926009,2026-05-18 11:04:05+05:30,53070.3,0,0.0,0,0.0,0.0,53282.15,53308.4,52783.45,53710.35,0,0.0,0.0,0.0,0.0,-0.01,-1,-1,-0.01,-1,-1,-0.01,-1,-1,-0.01,-1,-1,-0.01,-1,-1,-0.01,-1,-1,-0.01,-1,-1,-0.01,-1,-1,-0.01,-1,-1,-0.01,-1,-1
99926009,2026-05-18 11:04:05+05:30,53068.45,0,0.0,0,0.0,0.0,53282.15,53308.4,52783.45,53710.35,0,0.0,0.0,0.0,0.0,-0.01,-1,-1,-0.01,-1,-1,-0.01,-1,-1,-0.01,-1,-1,-0.01,-1,-1,-0.01,-1,-1,-0.01,-1,-1,-0.01,-1,-1,-0.01,-1,-1,-0.01,-1,-1
99926009,2026-05-18 11:04:06+05:30,53066.9,0,0.0,0,0.0,0.0,53282.15,53308.4,52783.45,53710.35,0,0.0,0.0,0.0,0.0,-0.01,-1,-1,-0.01,-1,-1,-0.01,-1,-1,-0.01,-1,-1,-0.01,-1,-1,-0.01,-1,-1,-0.01,-1,-1,-0.01,-1,-1,-0.01,-1,-1,-0.01,-1,-1
99926009,2026-05-18 11:04:06+05:30,53066.4,0,0.0,0,0.0,0.0,53282.15,53308.4,52783.45,53710.35,0,0.0,0.0,0.0,0.0,-0.01,-1,-1,-0.01,-1,-1,-0.01,-1,-1,-0.01,-1,-1,-0.01,-1,-1,-0.01,-1,-1,-0.01,-1,-1,-0.01,-1,-1,-0.01,-1,-1,-0.01,-1,-1
99926009,2026-05-18 11:04:07+05:30,53066.05,0,0.0,0,0.0,0.0,53282.15,53308.4,52783.45,53710.35,0,0.0,0.0,0.0,0.0,-0.01,-1,-1,-0.01,-1,-1,-0.01,-1,-1,-0.01,-1,-1,-0.01,-1,-1,-0.01,-1,-1,-0.01,-1,-1,-0.01,-1,-1,-0.01,-1,-1,-0.01,-1,-1
99926009,2026-05-18 11:04:07+05:30,53064.95,0,0.0,0,0.0,0.0,53282.15,53308.4,52783.45,53710.35,0,0.0,0.0,0.0,0.0,-0.01,-1,-1,-0.01,-1,-1,-0.01,-1,-1,-0.01,-1,-1,-0.01,-1,-1,-0.01,-1,-1,-0.01,-1,-1,-0.01,-1,-1,-0.01,-1,-1,-0.01,-1,-1
99926009,2026-05-18 11:04:08+05:30,53064.5,0,0.0,0,0.0,0.0,53282.15,53308.4,52783.45,53710.35,0,0.0,0.0,0.0,0.0,-0.01,-1,-1,-0.01,-1,-1,-0.01,-1,-1,-0.01,-1,-1,-0.01,-1,-1,-0.01,-1,-1,-0.01,-1,-1,-0.01,-1,-1,-0.01,-1,-1,-0.01,-1,-1
99926009,2026-05-18 11:04:08+05:30,53064.85,0,0.0,0,0.0,0.0,53282.15,53308.4,52783.45,53710.35,0,0.0,0.0,0.0,0.0,-0.01,-1,-1,-0.01,-1,-1,-0.01,-1,-1,-0.01,-1,-1,-0.01,-1,-1,-0.01,-1,-1,-0.01,-1,-1,-0.01,-1,-1,-0.01,-1,-1,-0.01,-1,-1
99926009,2026-05-18 11:04:09+05:30,53066.2,0,0.0,0,0.0,0.0,53282.15,53308.4,52783.45,53710.35,0,0.0,0.0,0.0,0.0,-0.01,-1,-1,-0.01,-1,-1,-0.01,-1,-1,-0.01,-1,-1,-0.01,-1,-1,-0.01,-1,-1,-0.01,-1,-1,-0.01,-1,-1,-0.01,-1,-1,-0.01,-1,-1
99926009,2026-05-18 11:04:09+05:30,53067.3,0,0.0,0,0.0,0.0,53282.15,53308.4,52783.45,53710.35,0,0.0,0.0,0.0,0.0,-0.01,-1,-1,-0.01,-1,-1,-0.01,-1,-1,-0.01,-1,-1,-0.01,-1,-1,-0.01,-1,-1,-0.01,-1,-1,-0.01,-1,-1,-0.01,-1,-1,-0.01,-1,-1
99926009,2026-05-18 11:04:10+05:30,53067.3,0,0.0,0,0.0,0.0,53282.15,53308.4,52783.45,53710.35,0,0.0,0.0,0.0,0.0,-0.01,-1,-1,-0.01,-1,-1,-0.01,-1,-1,-0.01,-1,-1,-0.01,-1,-1,-0.01,-1,-1,-0.01,-1,-1,-0.01,-1,-1,-0.01,-1,-1,-0.01,-1,-1
99926009,2026-05-18 11:04:10+05:30,53065.1,0,0.0,0,0.0,0.0,53282.15,53308.4,52783.45,53710.35,0,0.0,0.0,0.0,0.0,-0.01,-1,-1,-0.01,-1,-1,-0.01,-1,-1,-0.01,-1,-1,-0.01,-1,-1,-0.01,-1,-1,-0.01,-1,-1,-0.01,-1,-1,-0.01,-1,-1,-0.01,-1,-1
99926009,2026-05-18 11:04:11+05:30,53064.05,0,0.0,0,0.0,0.0,53282.15,53308.4,52783.45,53710.35,0,0.0,0.0,0.0,0.0,-0.01,-1,-1,-0.01,-1,-1,-0.01,-1,-1,-0.01,-1,-1,-0.01,-1,-1,-0.01,-1,-1,-0.01,-1,-1,-0.01,-1,-1,-0.01,-1,-1,-0.01,-1,-1
99926009,2026-05-18 11:04:11+05:30,53065.7,0,0.0,0,0.0,0.0,53282.15,53308.4,52783.45,53710.35,0,0.0,0.0,0.0,0.0,-0.01,-1,-1,-0.01,-1,-1,-0.01,-1,-1,-0.01,-1,-1,-0.01,-1,-1,-0.01,-1,-1,-0.01,-1,-1,-0.01,-1,-1,-0.01,-1,-1,-0.01,-1,-1
99926009,2026-05-18 11:04:12+05:30,53065.55,0,0.0,0,0.0,0.0,53282.15,53308.4,52783.45,53710.35,0,0.0,0.0,0.0,0.0,-0.01,-1,-1,-0.01,-1,-1,-0.01,-1,-1,-0.01,-1,-1,-0.01,-1,-1,-0.01,-1,-1,-0.01,-1,-1,-0.01,-1,-1,-0.01,-1,-1,-0.01,-1,-1
99926009,2026-05-18 11:04:12+05:30,53064.8,0,0.0,0,0.0,0.0,53282.15,53308.4,52783.45,53710.35,0,0.0,0.0,0.0,0.0,-0.01,-1,-1,-0.01,-1,-1,-0.01,-1,-1,-0.01,-1,-1,-0.01,-1,-1,-0.01,-1,-1,-0.01,-1,-1,-0.01,-1,-1,-0.01,-1,-1,-0.01,-1,-1
99926009,2026-05-18 11:04:13+05:30,53066.8,0,0.0,0,0.0,0.0,53282.15,53308.4,52783.45,53710.35,0,0.0,0.0,0.0,0.0,-0.01,-1,-1,-0.01,-1,-1,-0.01,-1,-1,-0.01,-1,-1,-0.01,-1,-1,-0.01,-1,-1,-0.01,-1,-1,-0.01,-1,-1,-0.01,-1,-1,-0.01,-1,-1
99926009,2026-05-18 11:04:13+05:30,53066.35,0,0.0,0,0.0,0.0,53282.15,53308.4,52783.45,53710.35,0,0.0,0.0,0.0,0.0,-0.01,-1,-1,-0.01,-1,-1,-0.01,-1,-1,-0.01,-1,-1,-0.01,-1,-1,-0.01,-1,-1,-0.01,-1,-1,-0.01,-1,-1,-0.01,-1,-1,-0.01,-1,-1
99926009,2026-05-18 11:04:14+05:30,53065.5,0,0.0,0,0.0,0.0,53282.15,53308.4,52783.45,53710.35,0,0.0,0.0,0.0,0.0,-0.01,-1,-1,-0.01,-1,-1,-0.01,-1,-1,-0.01,-1,-1,-0.01,-1,-1,-0.01,-1,-1,-0.01,-1,-1,-0.01,-1,-1,-0.01,-1,-1,-0.01,-1,-1
99926009,2026-05-18 11:04:14+05:30,53064.25,0,0.0,0,0.0,0.0,53282.15,53308.4,52783.45,53710.35,0,0.0,0.0,0.0,0.0,-0.01,-1,-1,-0.01,-1,-1,-0.01,-1,-1,-0.01,-1,-1,-0.01,-1,-1,-0.01,-1,-1,-0.01,-1,-1,-0.01,-1,-1,-0.01,-1,-1,-0.01,-1,-1
99926009,2026-05-18 11:04:15+05:30,53066.35,0,0.0,0,0.0,0.0,53282.15,53308.4,52783.45,53710.35,0,0.0,0.0,0.0,0.0,-0.01,-1,-1,-0.01,-1,-1,-0.01,-1,-1,-0.01,-1,-1,-0.01,-1,-1,-0.01,-1,-1,-0.01,-1,-1,-0.01,-1,-1,-0.01,-1,-1,-0.01,-1,-1
99926009,2026-05-18 11:04:15+05:30,53066.6,0,0.0,0,0.0,0.0,53282.15,53308.4,52783.45,53710.35,0,0.0,0.0,0.0,0.0,-0.01,-1,-1,-0.01,-1,-1,-0.01,-1,-1,-0.01,-1,-1,-0.01,-1,-1,-0.01,-1,-1,-0.01,-1,-1,-0.01,-1,-1,-0.01,-1,-1,-0.01,-1,-1
99926009,2026-05-18 11:04:16+05:30,53066.55,0,0.0,0,0.0,0.0,53282.15,53308.4,52783.45,53710.35,0,0.0,0.0,0.0,0.0,-0.01,-1,-1,-0.01,-1,-1,-0.01,-1,-1,-0.01,-1,-1,-0.01,-1,-1,-0.01,-1,-1,-0.01,-1,-1,-0.01,-1,-1,-0.01,-1,-1,-0.01,-1,-1
99926009,2026-05-18 11:04:16+05:30,53065.7,0,0.0,0,0.0,0.0,53282.15,53308.4,52783.45,53710.35,0,0.0,0.0,0.0,0.0,-0.01,-1,-1,-0.01,-1,-1,-0.01,-1,-1,-0.01,-1,-1,-0.01,-1,-1,-0.01,-1,-1,-0.01,-1,-1,-0.01,-1,-1,-0.01,-1,-1,-0.01,-1,-1
99926009,2026-05-18 11:04:17+05:30,53065.35,0,0.0,0,0.0,0.0,53282.15,53308.4,52783.45,53710.35,0,0.0,0.0,0.0,0.0,-0.01,-1,-1,-0.01,-1,-1,-0.01,-1,-1,-0.01,-1,-1,-0.01,-1,-1,-0.01,-1,-1,-0.01,-1,-1,-0.01,-1,-1,-0.01,-1,-1,-0.01,-1,-1
99926009,2026-05-18 11:04:17+05:30,53064.35,0,0.0,0,0.0,0.0,53282.15,53308.4,52783.45,53710.35,0,0.0,0.0,0.0,0.0,-0.01,-1,-1,-0.01,-1,-1,-0.01,-1,-1,-0.01,-1,-1,-0.01,-1,-1,-0.01,-1,-1,-0.01,-1,-1,-0.01,-1,-1,-0.01,-1,-1,-0.01,-1,-1
99926009,2026-05-18 11:04:18+05:30,53068.7,0,0.0,0,0.0,0.0,53282.15,53308.4,52783.45,53710.35,0,0.0,0.0,0.0,0.0,-0.01,-1,-1,-0.01,-1,-1,-0.01,-1,-1,-0.01,-1,-1,-0.01,-1,-1,-0.01,-1,-1,-0.01,-1,-1,-0.01,-1,-1,-0.01,-1,-1,-0.01,-1,-1
99926009,2026-05-18 11:04:18+05:30,53068.6,0,0.0,0,0.0,0.0,53282.15,53308.4,52783.45,53710.35,0,0.0,0.0,0.0,0.0,-0.01,-1,-1,-0.01,-1,-1,-0.01,-1,-1,-0.01,-1,-1,-0.01,-1,-1,-0.01,-1,-1,-0.01,-1,-1,-0.01,-1,-1,-0.01,-1,-1,-0.01,-1,-1
99926009,2026-05-18 11:04:19+05:30,53068.55,0,0.0,0,0.0,0.0,53282.15,53308.4,52783.45,53710.35,0,0.0,0.0,0.0,0.0,-0.01,-1,-1,-0.01,-1,-1,-0.01,-1,-1,-0.01,-1,-1,-0.01,-1,-1,-0.01,-1,-1,-0.01,-1,-1,-0.01,-1,-1,-0.01,-1,-1,-0.01,-1,-1
99926009,2026-05-18 11:04:19+05:30,53068.65,0,0.0,0,0.0,0.0,53282.15,53308.4,52783.45,53710.35,0,0.0,0.0,0.0,0.0,-0.01,-1,-1,-0.01,-1,-1,-0.01,-1,-1,-0.01,-1,-1,-0.01,-1,-1,-0.01,-1,-1,-0.01,-1,-1,-0.01,-1,-1,-0.01,-1,-1,-0.01,-1,-1
99926009,2026-05-18 11:04:20+05:30,53071.15,0,0.0,0,0.0,0.0,53282.15,53308.4,52783.45,53710.35,0,0.0,0.0,0.0,0.0,-0.01,-1,-1,-0.01,-1,-1,-0.01,-1,-1,-0.01,-1,-1,-0.01,-1,-1,-0.01,-1,-1,-0.01,-1,-1,-0.01,-1,-1,-0.01,-1,-1,-0.01,-1,-1
99926009,2026-05-18 11:04:20+05:30,53070.7,0,0.0,0,0.0,0.0,53282.15,53308.4,52783.45,53710.35,0,0.0,0.0,0.0,0.0,-0.01,-1,-1,-0.01,-1,-1,-0.01,-1,-1,-0.01,-1,-1,-0.01,-1,-1,-0.01,-1,-1,-0.01,-1,-1,-0.01,-1,-1,-0.01,-1,-1,-0.01,-1,-1
99926009,2026-05-18 11:04:21+05:30,53074.5,0,0.0,0,0.0,0.0,53282.15,53308.4,52783.45,53710.35,0,0.0,0.0,0.0,0.0,-0.01,-1,-1,-0.01,-1,-1,-0.01,-1,-1,-0.01,-1,-1,-0.01,-1,-1,-0.01,-1,-1,-0.01,-1,-1,-0.01,-1,-1,-0.01,-1,-1,-0.01,-1,-1
99926009,2026-05-18 11:04:21+05:30,53073.4,0,0.0,0,0.0,0.0,53282.15,53308.4,52783.45,53710.35,0,0.0,0.0,0.0,0.0,-0.01,-1,-1,-0.01,-1,-1,-0.01,-1,-1,-0.01,-1,-1,-0.01,-1,-1,-0.01,-1,-1,-0.01,-1,-1,-0.01,-1,-1,-0.01,-1,-1,-0.01,-1,-1
99926009,2026-05-18 11:04:22+05:30,53074.95,0,0.0,0,0.0,0.0,53282.15,53308.4,52783.45,53710.35,0,0.0,0.0,0.0,0.0,-0.01,-1,-1,-0.01,-1,-1,-0.01,-1,-1,-0.01,-1,-1,-0.01,-1,-1,-0.01,-1,-1,-0.01,-1,-1,-0.01,-1,-1,-0.01,-1,-1,-0.01,-1,-1
99926009,2026-05-18 11:04:22+05:30,53073.85,0,0.0,0,0.0,0.0,53282.15,53308.4,52783.45,53710.35,0,0.0,0.0,0.0,0.0,-0.01,-1,-1,-0.01,-1,-1,-0.01,-1,-1,-0.01,-1,-1,-0.01,-1,-1,-0.01,-1,-1,-0.01,-1,-1,-0.01,-1,-1,-0.01,-1,-1,-0.01,-1,-1
99926009,2026-05-18 11:04:23+05:30,53072.55,0,0.0,0,0.0,0.0,53282.15,53308.4,52783.45,53710.35,0,0.0,0.0,0.0,0.0,-0.01,-1,-1,-0.01,-1,-1,-0.01,-1,-1,-0.01,-1,-1,-0.01,-1,-1,-0.01,-1,-1,-0.01,-1,-1,-0.01,-1,-1,-0.01,-1,-1,-0.01,-1,-1
99926009,2026-05-18 11:04:23+05:30,53073.4,0,0.0,0,0.0,0.0,53282.15,53308.4,52783.45,53710.35,0,0.0,0.0,0.0,0.0,-0.01,-1,-1,-0.01,-1,-1,-0.01,-1,-1,-0.01,-1,-1,-0.01,-1,-1,-0.01,-1,-1,-0.01,-1,-1,-0.01,-1,-1,-0.01,-1,-1,-0.01,-1,-1
99926009,2026-05-18 11:04:24+05:30,53072.15,0,0.0,0,0.0,0.0,53282.15,53308.4,52783.45,53710.35,0,0.0,0.0,0.0,0.0,-0.01,-1,-1,-0.01,-1,-1,-0.01,-1,-1,-0.01,-1,-1,-0.01,-1,-1,-0.01,-1,-1,-0.01,-1,-1,-0.01,-1,-1,-0.01,-1,-1,-0.01,-1,-1
99926009,2026-05-18 11:04:24+05:30,53072.3,0,0.0,0,0.0,0.0,53282.15,53308.4,52783.45,53710.35,0,0.0,0.0,0.0,0.0,-0.01,-1,-1,-0.01,-1,-1,-0.01,-1,-1,-0.01,-1,-1,-0.01,-1,-1,-0.01,-1,-1,-0.01,-1,-1,-0.01,-1,-1,-0.01,-1,-1,-0.01,-1,-1
99926009,2026-05-18 11:04:25+05:30,53073.6,0,0.0,0,0.0,0.0,53282.15,53308.4,52783.45,53710.35,0,0.0,0.0,0.0,0.0,-0.01,-1,-1,-0.01,-1,-1,-0.01,-1,-1,-0.01,-1,-1,-0.01,-1,-1,-0.01,-1,-1,-0.01,-1,-1,-0.01,-1,-1,-0.01,-1,-1,-0.01,-1,-1
99926009,2026-05-18 11:04:25+05:30,53071.8,0,0.0,0,0.0,0.0,53282.15,53308.4,52783.45,53710.35,0,0.0,0.0,0.0,0.0,-0.01,-1,-1,-0.01,-1,-1,-0.01,-1,-1,-0.01,-1,-1,-0.01,-1,-1,-0.01,-1,-1,-0.01,-1,-1,-0.01,-1,-1,-0.01,-1,-1,-0.01,-1,-1
99926009,2026-05-18 11:04:26+05:30,53071.55,0,0.0,0,0.0,0.0,53282.15,53308.4,52783.45,53710.35,0,0.0,0.0,0.0,0.0,-0.01,-1,-1,-0.01,-1,-1,-0.01,-1,-1,-0.01,-1,-1,-0.01,-1,-1,-0.01,-1,-1,-0.01,-1,-1,-0.01,-1,-1,-0.01,-1,-1,-0.01,-1,-1
99926009,2026-05-18 11:04:26+05:30,53070.15,0,0.0,0,0.0,0.0,53282.15,53308.4,52783.45,53710.35,0,0.0,0.0,0.0,0.0,-0.01,-1,-1,-0.01,-1,-1,-0.01,-1,-1,-0.01,-1,-1,-0.01,-1,-1,-0.01,-1,-1,-0.01,-1,-1,-0.01,-1,-1,-0.01,-1,-1,-0.01,-1,-1
99926009,2026-05-18 11:04:27+05:30,53070.45,0,0.0,0,0.0,0.0,53282.15,53308.4,52783.45,53710.35,0,0.0,0.0,0.0,0.0,-0.01,-1,-1,-0.01,-1,-1,-0.01,-1,-1,-0.01,-1,-1,-0.01,-1,-1,-0.01,-1,-1,-0.01,-1,-1,-0.01,-1,-1,-0.01,-1,-1,-0.01,-1,-1
99926009,2026-05-18 11:04:27+05:30,53070.8,0,0.0,0,0.0,0.0,53282.15,53308.4,52783.45,53710.35,0,0.0,0.0,0.0,0.0,-0.01,-1,-1,-0.01,-1,-1,-0.01,-1,-1,-0.01,-1,-1,-0.01,-1,-1,-0.01,-1,-1,-0.01,-1,-1,-0.01,-1,-1,-0.01,-1,-1,-0.01,-1,-1
99926009,2026-05-18 11:04:28+05:30,53072.05,0,0.0,0,0.0,0.0,53282.15,53308.4,52783.45,53710.35,0,0.0,0.0,0.0,0.0,-0.01,-1,-1,-0.01,-1,-1,-0.01,-1,-1,-0.01,-1,-1,-0.01,-1,-1,-0.01,-1,-1,-0.01,-1,-1,-0.01,-1,-1,-0.01,-1,-1,-0.01,-1,-1
99926009,2026-05-18 11:04:28+05:30,53071.95,0,0.0,0,0.0,0.0,53282.15,53308.4,52783.45,53710.35,0,0.0,0.0,0.0,0.0,-0.01,-1,-1,-0.01,-1,-1,-0.01,-1,-1,-0.01,-1,-1,-0.01,-1,-1,-0.01,-1,-1,-0.01,-1,-1,-0.01,-1,-1,-0.01,-1,-1,-0.01,-1,-1
99926009,2026-05-18 11:04:29+05:30,53069.95,0,0.0,0,0.0,0.0,53282.15,53308.4,52783.45,53710.35,0,0.0,0.0,0.0,0.0,-0.01,-1,-1,-0.01,-1,-1,-0.01,-1,-1,-0.01,-1,-1,-0.01,-1,-1,-0.01,-1,-1,-0.01,-1,-1,-0.01,-1,-1,-0.01,-1,-1,-0.01,-1,-1
99926009,2026-05-18 11:04:29+05:30,53072.9,0,0.0,0,0.0,0.0,53282.15,53308.4,52783.45,53710.35,0,0.0,0.0,0.0,0.0,-0.01,-1,-1,-0.01,-1,-1,-0.01,-1,-1,-0.01,-1,-1,-0.01,-1,-1,-0.01,-1,-1,-0.01,-1,-1,-0.01,-1,-1,-0.01,-1,-1,-0.01,-1,-1
99926009,2026-05-18 11:04:30+05:30,53072.8,0,0.0,0,0.0,0.0,53282.15,53308.4,52783.45,53710.35,0,0.0,0.0,0.0,0.0,-0.01,-1,-1,-0.01,-1,-1,-0.01,-1,-1,-0.01,-1,-1,-0.01,-1,-1,-0.01,-1,-1,-0.01,-1,-1,-0.01,-1,-1,-0.01,-1,-1,-0.01,-1,-1
99926009,2026-05-18 11:04:30+05:30,53072.85,0,0.0,0,0.0,0.0,53282.15,53308.4,52783.45,53710.35,0,0.0,0.0,0.0,0.0,-0.01,-1,-1,-0.01,-1,-1,-0.01,-1,-1,-0.01,-1,-1,-0.01,-1,-1,-0.01,-1,-1,-0.01,-1,-1,-0.01,-1,-1,-0.01,-1,-1,-0.01,-1,-1
99926009,2026-05-18 11:04:31+05:30,53072.65,0,0.0,0,0.0,0.0,53282.15,53308.4,52783.45,53710.35,0,0.0,0.0,0.0,0.0,-0.01,-1,-1,-0.01,-1,-1,-0.01,-1,-1,-0.01,-1,-1,-0.01,-1,-1,-0.01,-1,-1,-0.01,-1,-1,-0.01,-1,-1,-0.01,-1,-1,-0.01,-1,-1
99926009,2026-05-18 11:04:31+05:30,53072.2,0,0.0,0,0.0,0.0,53282.15,53308.4,52783.45,53710.35,0,0.0,0.0,0.0,0.0,-0.01,-1,-1,-0.01,-1,-1,-0.01,-1,-1,-0.01,-1,-1,-0.01,-1,-1,-0.01,-1,-1,-0.01,-1,-1,-0.01,-1,-1,-0.01,-1,-1,-0.01,-1,-1
99926009,2026-05-18 11:04:32+05:30,53071.5,0,0.0,0,0.0,0.0,53282.15,53308.4,52783.45,53710.35,0,0.0,0.0,0.0,0.0,-0.01,-1,-1,-0.01,-1,-1,-0.01,-1,-1,-0.01,-1,-1,-0.01,-1,-1,-0.01,-1,-1,-0.01,-1,-1,-0.01,-1,-1,-0.01,-1,-1,-0.01,-1,-1
99926009,2026-05-18 11:04:32+05:30,53073.3,0,0.0,0,0.0,0.0,53282.15,53308.4,52783.45,53710.35,0,0.0,0.0,0.0,0.0,-0.01,-1,-1,-0.01,-1,-1,-0.01,-1,-1,-0.01,-1,-1,-0.01,-1,-1,-0.01,-1,-1,-0.01,-1,-1,-0.01,-1,-1,-0.01,-1,-1,-0.01,-1,-1
99926009,2026-05-18 11:04:33+05:30,53073.85,0,0.0,0,0.0,0.0,53282.15,53308.4,52783.45,53710.35,0,0.0,0.0,0.0,0.0,-0.01,-1,-1,-0.01,-1,-1,-0.01,-1,-1,-0.01,-1,-1,-0.01,-1,-1,-0.01,-1,-1,-0.01,-1,-1,-0.01,-1,-1,-0.01,-1,-1,-0.01,-1,-1
99926009,2026-05-18 11:04:33+05:30,53072.7,0,0.0,0,0.0,0.0,53282.15,53308.4,52783.45,53710.35,0,0.0,0.0,0.0,0.0,-0.01,-1,-1,-0.01,-1,-1,-0.01,-1,-1,-0.01,-1,-1,-0.01,-1,-1,-0.01,-1,-1,-0.01,-1,-1,-0.01,-1,-1,-0.01,-1,-1,-0.01,-1,-1
99926009,2026-05-18 11:04:34+05:30,53074.6,0,0.0,0,0.0,0.0,53282.15,53308.4,52783.45,53710.35,0,0.0,0.0,0.0,0.0,-0.01,-1,-1,-0.01,-1,-1,-0.01,-1,-1,-0.01,-1,-1,-0.01,-1,-1,-0.01,-1,-1,-0.01,-1,-1,-0.01,-1,-1,-0.01,-1,-1,-0.01,-1,-1
99926009,2026-05-18 11:04:34+05:30,53072.95,0,0.0,0,0.0,0.0,53282.15,53308.4,52783.45,53710.35,0,0.0,0.0,0.0,0.0,-0.01,-1,-1,-0.01,-1,-1,-0.01,-1,-1,-0.01,-1,-1,-0.01,-1,-1,-0.01,-1,-1,-0.01,-1,-1,-0.01,-1,-1,-0.01,-1,-1,-0.01,-1,-1
99926009,2026-05-18 11:04:35+05:30,53075.4,0,0.0,0,0.0,0.0,53282.15,53308.4,52783.45,53710.35,0,0.0,0.0,0.0,0.0,-0.01,-1,-1,-0.01,-1,-1,-0.01,-1,-1,-0.01,-1,-1,-0.01,-1,-1,-0.01,-1,-1,-0.01,-1,-1,-0.01,-1,-1,-0.01,-1,-1,-0.01,-1,-1
99926009,2026-05-18 11:04:35+05:30,53074.45,0,0.0,0,0.0,0.0,53282.15,53308.4,52783.45,53710.35,0,0.0,0.0,0.0,0.0,-0.01,-1,-1,-0.01,-1,-1,-0.01,-1,-1,-0.01,-1,-1,-0.01,-1,-1,-0.01,-1,-1,-0.01,-1,-1,-0.01,-1,-1,-0.01,-1,-1,-0.01,-1,-1
99926009,2026-05-18 11:04:36+05:30,53072.55,0,0.0,0,0.0,0.0,53282.15,53308.4,52783.45,53710.35,0,0.0,0.0,0.0,0.0,-0.01,-1,-1,-0.01,-1,-1,-0.01,-1,-1,-0.01,-1,-1,-0.01,-1,-1,-0.01,-1,-1,-0.01,-1,-1,-0.01,-1,-1,-0.01,-1,-1,-0.01,-1,-1
99926009,2026-05-18 11:04:36+05:30,53073.05,0,0.0,0,0.0,0.0,53282.15,53308.4,52783.45,53710.35,0,0.0,0.0,0.0,0.0,-0.01,-1,-1,-0.01,-1,-1,-0.01,-1,-1,-0.01,-1,-1,-0.01,-1,-1,-0.01,-1,-1,-0.01,-1,-1,-0.01,-1,-1,-0.01,-1,-1,-0.01,-1,-1
99926009,2026-05-18 11:04:37+05:30,53073.2,0,0.0,0,0.0,0.0,53282.15,53308.4,52783.45,53710.35,0,0.0,0.0,0.0,0.0,-0.01,-1,-1,-0.01,-1,-1,-0.01,-1,-1,-0.01,-1,-1,-0.01,-1,-1,-0.01,-1,-1,-0.01,-1,-1,-0.01,-1,-1,-0.01,-1,-1,-0.01,-1,-1
99926009,2026-05-18 11:04:37+05:30,53071.45,0,0.0,0,0.0,0.0,53282.15,53308.4,52783.45,53710.35,0,0.0,0.0,0.0,0.0,-0.01,-1,-1,-0.01,-1,-1,-0.01,-1,-1,-0.01,-1,-1,-0.01,-1,-1,-0.01,-1,-1,-0.01,-1,-1,-0.01,-1,-1,-0.01,-1,-1,-0.01,-1,-1
99926009,2026-05-18 11:04:38+05:30,53070.1,0,0.0,0,0.0,0.0,53282.15,53308.4,52783.45,53710.35,0,0.0,0.0,0.0,0.0,-0.01,-1,-1,-0.01,-1,-1,-0.01,-1,-1,-0.01,-1,-1,-0.01,-1,-1,-0.01,-1,-1,-0.01,-1,-1,-0.01,-1,-1,-0.01,-1,-1,-0.01,-1,-1
99926009,2026-05-18 11:04:38+05:30,53069.9,0,0.0,0,0.0,0.0,53282.15,53308.4,52783.45,53710.35,0,0.0,0.0,0.0,0.0,-0.01,-1,-1,-0.01,-1,-1,-0.01,-1,-1,-0.01,-1,-1,-0.01,-1,-1,-0.01,-1,-1,-0.01,-1,-1,-0.01,-1,-1,-0.01,-1,-1,-0.01,-1,-1
99926009,2026-05-18 11:04:39+05:30,53066.95,0,0.0,0,0.0,0.0,53282.15,53308.4,52783.45,53710.35,0,0.0,0.0,0.0,0.0,-0.01,-1,-1,-0.01,-1,-1,-0.01,-1,-1,-0.01,-1,-1,-0.01,-1,-1,-0.01,-1,-1,-0.01,-1,-1,-0.01,-1,-1,-0.01,-1,-1,-0.01,-1,-1
99926009,2026-05-18 11:04:39+05:30,53067.6,0,0.0,0,0.0,0.0,53282.15,53308.4,52783.45,53710.35,0,0.0,0.0,0.0,0.0,-0.01,-1,-1,-0.01,-1,-1,-0.01,-1,-1,-0.01,-1,-1,-0.01,-1,-1,-0.01,-1,-1,-0.01,-1,-1,-0.01,-1,-1,-0.01,-1,-1,-0.01,-1,-1
99926009,2026-05-18 11:04:40+05:30,53067.25,0,0.0,0,0.0,0.0,53282.15,53308.4,52783.45,53710.35,0,0.0,0.0,0.0,0.0,-0.01,-1,-1,-0.01,-1,-1,-0.01,-1,-1,-0.01,-1,-1,-0.01,-1,-1,-0.01,-1,-1,-0.01,-1,-1,-0.01,-1,-1,-0.01,-1,-1,-0.01,-1,-1
99926009,2026-05-18 11:04:40+05:30,53067.7,0,0.0,0,0.0,0.0,53282.15,53308.4,52783.45,53710.35,0,0.0,0.0,0.0,0.0,-0.01,-1,-1,-0.01,-1,-1,-0.01,-1,-1,-0.01,-1,-1,-0.01,-1,-1,-0.01,-1,-1,-0.01,-1,-1,-0.01,-1,-1,-0.01,-1,-1,-0.01,-1,-1
99926009,2026-05-18 11:04:41+05:30,53066.95,0,0.0,0,0.0,0.0,53282.15,53308.4,52783.45,53710.35,0,0.0,0.0,0.0,0.0,-0.01,-1,-1,-0.01,-1,-1,-0.01,-1,-1,-0.01,-1,-1,-0.01,-1,-1,-0.01,-1,-1,-0.01,-1,-1,-0.01,-1,-1,-0.01,-1,-1,-0.01,-1,-1
99926009,2026-05-18 11:04:41+05:30,53065.5,0,0.0,0,0.0,0.0,53282.15,53308.4,52783.45,53710.35,0,0.0,0.0,0.0,0.0,-0.01,-1,-1,-0.01,-1,-1,-0.01,-1,-1,-0.01,-1,-1,-0.01,-1,-1,-0.01,-1,-1,-0.01,-1,-1,-0.01,-1,-1,-0.01,-1,-1,-0.01,-1,-1
99926009,2026-05-18 11:04:42+05:30,53063.75,0,0.0,0,0.0,0.0,53282.15,53308.4,52783.45,53710.35,0,0.0,0.0,0.0,0.0,-0.01,-1,-1,-0.01,-1,-1,-0.01,-1,-1,-0.01,-1,-1,-0.01,-1,-1,-0.01,-1,-1,-0.01,-1,-1,-0.01,-1,-1,-0.01,-1,-1,-0.01,-1,-1
99926009,2026-05-18 11:04:42+05:30,53063.25,0,0.0,0,0.0,0.0,53282.15,53308.4,52783.45,53710.35,0,0.0,0.0,0.0,0.0,-0.01,-1,-1,-0.01,-1,-1,-0.01,-1,-1,-0.01,-1,-1,-0.01,-1,-1,-0.01,-1,-1,-0.01,-1,-1,-0.01,-1,-1,-0.01,-1,-1,-0.01,-1,-1
99926009,2026-05-18 11:04:43+05:30,53061.8,0,0.0,0,0.0,0.0,53282.15,53308.4,52783.45,53710.35,0,0.0,0.0,0.0,0.0,-0.01,-1,-1,-0.01,-1,-1,-0.01,-1,-1,-0.01,-1,-1,-0.01,-1,-1,-0.01,-1,-1,-0.01,-1,-1,-0.01,-1,-1,-0.01,-1,-1,-0.01,-1,-1
99926009,2026-05-18 11:04:43+05:30,53062.95,0,0.0,0,0.0,0.0,53282.15,53308.4,52783.45,53710.35,0,0.0,0.0,0.0,0.0,-0.01,-1,-1,-0.01,-1,-1,-0.01,-1,-1,-0.01,-1,-1,-0.01,-1,-1,-0.01,-1,-1,-0.01,-1,-1,-0.01,-1,-1,-0.01,-1,-1,-0.01,-1,-1
99926009,2026-05-18 11:04:44+05:30,53061.1,0,0.0,0,0.0,0.0,53282.15,53308.4,52783.45,53710.35,0,0.0,0.0,0.0,0.0,-0.01,-1,-1,-0.01,-1,-1,-0.01,-1,-1,-0.01,-1,-1,-0.01,-1,-1,-0.01,-1,-1,-0.01,-1,-1,-0.01,-1,-1,-0.01,-1,-1,-0.01,-1,-1
99926009,2026-05-18 11:04:44+05:30,53060.5,0,0.0,0,0.0,0.0,53282.15,53308.4,52783.45,53710.35,0,0.0,0.0,0.0,0.0,-0.01,-1,-1,-0.01,-1,-1,-0.01,-1,-1,-0.01,-1,-1,-0.01,-1,-1,-0.01,-1,-1,-0.01,-1,-1,-0.01,-1,-1,-0.01,-1,-1,-0.01,-1,-1
99926009,2026-05-18 11:04:45+05:30,53065.15,0,0.0,0,0.0,0.0,53282.15,53308.4,52783.45,53710.35,0,0.0,0.0,0.0,0.0,-0.01,-1,-1,-0.01,-1,-1,-0.01,-1,-1,-0.01,-1,-1,-0.01,-1,-1,-0.01,-1,-1,-0.01,-1,-1,-0.01,-1,-1,-0.01,-1,-1,-0.01,-1,-1
99926009,2026-05-18 11:04:45+05:30,53064.7,0,0.0,0,0.0,0.0,53282.15,53308.4,52783.45,53710.35,0,0.0,0.0,0.0,0.0,-0.01,-1,-1,-0.01,-1,-1,-0.01,-1,-1,-0.01,-1,-1,-0.01,-1,-1,-0.01,-1,-1,-0.01,-1,-1,-0.01,-1,-1,-0.01,-1,-1,-0.01,-1,-1
99926009,2026-05-18 11:04:46+05:30,53063.5,0,0.0,0,0.0,0.0,53282.15,53308.4,52783.45,53710.35,0,0.0,0.0,0.0,0.0,-0.01,-1,-1,-0.01,-1,-1,-0.01,-1,-1,-0.01,-1,-1,-0.01,-1,-1,-0.01,-1,-1,-0.01,-1,-1,-0.01,-1,-1,-0.01,-1,-1,-0.01,-1,-1
99926009,2026-05-18 11:04:46+05:30,53063.4,0,0.0,0,0.0,0.0,53282.15,53308.4,52783.45,53710.35,0,0.0,0.0,0.0,0.0,-0.01,-1,-1,-0.01,-1,-1,-0.01,-1,-1,-0.01,-1,-1,-0.01,-1,-1,-0.01,-1,-1,-0.01,-1,-1,-0.01,-1,-1,-0.01,-1,-1,-0.01,-1,-1
99926009,2026-05-18 11:04:47+05:30,53063.55,0,0.0,0,0.0,0.0,53282.15,53308.4,52783.45,53710.35,0,0.0,0.0,0.0,0.0,-0.01,-1,-1,-0.01,-1,-1,-0.01,-1,-1,-0.01,-1,-1,-0.01,-1,-1,-0.01,-1,-1,-0.01,-1,-1,-0.01,-1,-1,-0.01,-1,-1,-0.01,-1,-1
99926009,2026-05-18 11:04:47+05:30,53064.15,0,0.0,0,0.0,0.0,53282.15,53308.4,52783.45,53710.35,0,0.0,0.0,0.0,0.0,-0.01,-1,-1,-0.01,-1,-1,-0.01,-1,-1,-0.01,-1,-1,-0.01,-1,-1,-0.01,-1,-1,-0.01,-1,-1,-0.01,-1,-1,-0.01,-1,-1,-0.01,-1,-1
99926009,2026-05-18 11:04:48+05:30,53064.7,0,0.0,0,0.0,0.0,53282.15,53308.4,52783.45,53710.35,0,0.0,0.0,0.0,0.0,-0.01,-1,-1,-0.01,-1,-1,-0.01,-1,-1,-0.01,-1,-1,-0.01,-1,-1,-0.01,-1,-1,-0.01,-1,-1,-0.01,-1,-1,-0.01,-1,-1,-0.01,-1,-1
99926009,2026-05-18 11:04:48+05:30,53065.9,0,0.0,0,0.0,0.0,53282.15,53308.4,52783.45,53710.35,0,0.0,0.0,0.0,0.0,-0.01,-1,-1,-0.01,-1,-1,-0.01,-1,-1,-0.01,-1,-1,-0.01,-1,-1,-0.01,-1,-1,-0.01,-1,-1,-0.01,-1,-1,-0.01,-1,-1,-0.01,-1,-1
99926009,2026-05-18 11:04:49+05:30,53065.0,0,0.0,0,0.0,0.0,53282.15,53308.4,52783.45,53710.35,0,0.0,0.0,0.0,0.0,-0.01,-1,-1,-0.01,-1,-1,-0.01,-1,-1,-0.01,-1,-1,-0.01,-1,-1,-0.01,-1,-1,-0.01,-1,-1,-0.01,-1,-1,-0.01,-1,-1,-0.01,-1,-1
99926009,2026-05-18 11:04:49+05:30,53063.25,0,0.0,0,0.0,0.0,53282.15,53308.4,52783.45,53710.35,0,0.0,0.0,0.0,0.0,-0.01,-1,-1,-0.01,-1,-1,-0.01,-1,-1,-0.01,-1,-1,-0.01,-1,-1,-0.01,-1,-1,-0.01,-1,-1,-0.01,-1,-1,-0.01,-1,-1,-0.01,-1,-1
99926009,2026-05-18 11:04:50+05:30,53063.8,0,0.0,0,0.0,0.0,53282.15,53308.4,52783.45,53710.35,0,0.0,0.0,0.0,0.0,-0.01,-1,-1,-0.01,-1,-1,-0.01,-1,-1,-0.01,-1,-1,-0.01,-1,-1,-0.01,-1,-1,-0.01,-1,-1,-0.01,-1,-1,-0.01,-1,-1,-0.01,-1,-1
99926009,2026-05-18 11:04:50+05:30,53060.45,0,0.0,0,0.0,0.0,53282.15,53308.4,52783.45,53710.35,0,0.0,0.0,0.0,0.0,-0.01,-1,-1,-0.01,-1,-1,-0.01,-1,-1,-0.01,-1,-1,-0.01,-1,-1,-0.01,-1,-1,-0.01,-1,-1,-0.01,-1,-1,-0.01,-1,-1,-0.01,-1,-1
99926009,2026-05-18 11:04:51+05:30,53063.75,0,0.0,0,0.0,0.0,53282.15,53308.4,52783.45,53710.35,0,0.0,0.0,0.0,0.0,-0.01,-1,-1,-0.01,-1,-1,-0.01,-1,-1,-0.01,-1,-1,-0.01,-1,-1,-0.01,-1,-1,-0.01,-1,-1,-0.01,-1,-1,-0.01,-1,-1,-0.01,-1,-1
99926009,2026-05-18 11:04:51+05:30,53063.4,0,0.0,0,0.0,0.0,53282.15,53308.4,52783.45,53710.35,0,0.0,0.0,0.0,0.0,-0.01,-1,-1,-0.01,-1,-1,-0.01,-1,-1,-0.01,-1,-1,-0.01,-1,-1,-0.01,-1,-1,-0.01,-1,-1,-0.01,-1,-1,-0.01,-1,-1,-0.01,-1,-1
99926009,2026-05-18 11:04:52+05:30,53060.85,0,0.0,0,0.0,0.0,53282.15,53308.4,52783.45,53710.35,0,0.0,0.0,0.0,0.0,-0.01,-1,-1,-0.01,-1,-1,-0.01,-1,-1,-0.01,-1,-1,-0.01,-1,-1,-0.01,-1,-1,-0.01,-1,-1,-0.01,-1,-1,-0.01,-1,-1,-0.01,-1,-1
99926009,2026-05-18 11:04:52+05:30,53061.15,0,0.0,0,0.0,0.0,53282.15,53308.4,52783.45,53710.35,0,0.0,0.0,0.0,0.0,-0.01,-1,-1,-0.01,-1,-1,-0.01,-1,-1,-0.01,-1,-1,-0.01,-1,-1,-0.01,-1,-1,-0.01,-1,-1,-0.01,-1,-1,-0.01,-1,-1,-0.01,-1,-1
99926009,2026-05-18 11:04:53+05:30,53062.25,0,0.0,0,0.0,0.0,53282.15,53308.4,52783.45,53710.35,0,0.0,0.0,0.0,0.0,-0.01,-1,-1,-0.01,-1,-1,-0.01,-1,-1,-0.01,-1,-1,-0.01,-1,-1,-0.01,-1,-1,-0.01,-1,-1,-0.01,-1,-1,-0.01,-1,-1,-0.01,-1,-1
99926009,2026-05-18 11:04:53+05:30,53059.5,0,0.0,0,0.0,0.0,53282.15,53308.4,52783.45,53710.35,0,0.0,0.0,0.0,0.0,-0.01,-1,-1,-0.01,-1,-1,-0.01,-1,-1,-0.01,-1,-1,-0.01,-1,-1,-0.01,-1,-1,-0.01,-1,-1,-0.01,-1,-1,-0.01,-1,-1,-0.01,-1,-1
99926009,2026-05-18 11:04:54+05:30,53058.4,0,0.0,0,0.0,0.0,53282.15,53308.4,52783.45,53710.35,0,0.0,0.0,0.0,0.0,-0.01,-1,-1,-0.01,-1,-1,-0.01,-1,-1,-0.01,-1,-1,-0.01,-1,-1,-0.01,-1,-1,-0.01,-1,-1,-0.01,-1,-1,-0.01,-1,-1,-0.01,-1,-1
99926009,2026-05-18 11:04:54+05:30,53055.7,0,0.0,0,0.0,0.0,53282.15,53308.4,52783.45,53710.35,0,0.0,0.0,0.0,0.0,-0.01,-1,-1,-0.01,-1,-1,-0.01,-1,-1,-0.01,-1,-1,-0.01,-1,-1,-0.01,-1,-1,-0.01,-1,-1,-0.01,-1,-1,-0.01,-1,-1,-0.01,-1,-1
99926009,2026-05-18 11:04:55+05:30,53055.05,0,0.0,0,0.0,0.0,53282.15,53308.4,52783.45,53710.35,0,0.0,0.0,0.0,0.0,-0.01,-1,-1,-0.01,-1,-1,-0.01,-1,-1,-0.01,-1,-1,-0.01,-1,-1,-0.01,-1,-1,-0.01,-1,-1,-0.01,-1,-1,-0.01,-1,-1,-0.01,-1,-1
99926009,2026-05-18 11:04:55+05:30,53052.9,0,0.0,0,0.0,0.0,53282.15,53308.4,52783.45,53710.35,0,0.0,0.0,0.0,0.0,-0.01,-1,-1,-0.01,-1,-1,-0.01,-1,-1,-0.01,-1,-1,-0.01,-1,-1,-0.01,-1,-1,-0.01,-1,-1,-0.01,-1,-1,-0.01,-1,-1,-0.01,-1,-1
99926009,2026-05-18 11:04:56+05:30,53053.85,0,0.0,0,0.0,0.0,53282.15,53308.4,52783.45,53710.35,0,0.0,0.0,0.0,0.0,-0.01,-1,-1,-0.01,-1,-1,-0.01,-1,-1,-0.01,-1,-1,-0.01,-1,-1,-0.01,-1,-1,-0.01,-1,-1,-0.01,-1,-1,-0.01,-1,-1,-0.01,-1,-1
99926009,2026-05-18 11:04:56+05:30,53054.95,0,0.0,0,0.0,0.0,53282.15,53308.4,52783.45,53710.35,0,0.0,0.0,0.0,0.0,-0.01,-1,-1,-0.01,-1,-1,-0.01,-1,-1,-0.01,-1,-1,-0.01,-1,-1,-0.01,-1,-1,-0.01,-1,-1,-0.01,-1,-1,-0.01,-1,-1,-0.01,-1,-1
99926009,2026-05-18 11:04:57+05:30,53056.35,0,0.0,0,0.0,0.0,53282.15,53308.4,52783.45,53710.35,0,0.0,0.0,0.0,0.0,-0.01,-1,-1,-0.01,-1,-1,-0.01,-1,-1,-0.01,-1,-1,-0.01,-1,-1,-0.01,-1,-1,-0.01,-1,-1,-0.01,-1,-1,-0.01,-1,-1,-0.01,-1,-1
99926009,2026-05-18 11:04:57+05:30,53055.95,0,0.0,0,0.0,0.0,53282.15,53308.4,52783.45,53710.35,0,0.0,0.0,0.0,0.0,-0.01,-1,-1,-0.01,-1,-1,-0.01,-1,-1,-0.01,-1,-1,-0.01,-1,-1,-0.01,-1,-1,-0.01,-1,-1,-0.01,-1,-1,-0.01,-1,-1,-0.01,-1,-1
99926009,2026-05-18 11:04:58+05:30,53056.15,0,0.0,0,0.0,0.0,53282.15,53308.4,52783.45,53710.35,0,0.0,0.0,0.0,0.0,-0.01,-1,-1,-0.01,-1,-1,-0.01,-1,-1,-0.01,-1,-1,-0.01,-1,-1,-0.01,-1,-1,-0.01,-1,-1,-0.01,-1,-1,-0.01,-1,-1,-0.01,-1,-1
99926009,2026-05-18 11:04:58+05:30,53057.5,0,0.0,0,0.0,0.0,53282.15,53308.4,52783.45,53710.35,0,0.0,0.0,0.0,0.0,-0.01,-1,-1,-0.01,-1,-1,-0.01,-1,-1,-0.01,-1,-1,-0.01,-1,-1,-0.01,-1,-1,-0.01,-1,-1,-0.01,-1,-1,-0.01,-1,-1,-0.01,-1,-1
99926009,2026-05-18 11:04:59+05:30,53056.25,0,0.0,0,0.0,0.0,53282.15,53308.4,52783.45,53710.35,0,0.0,0.0,0.0,0.0,-0.01,-1,-1,-0.01,-1,-1,-0.01,-1,-1,-0.01,-1,-1,-0.01,-1,-1,-0.01,-1,-1,-0.01,-1,-1,-0.01,-1,-1,-0.01,-1,-1,-0.01,-1,-1
99926009,2026-05-18 11:04:59+05:30,53057.0,0,0.0,0,0.0,0.0,53282.15,53308.4,52783.45,53710.35,0,0.0,0.0,0.0,0.0,-0.01,-1,-1,-0.01,-1,-1,-0.01,-1,-1,-0.01,-1,-1,-0.01,-1,-1,-0.01,-1,-1,-0.01,-1,-1,-0.01,-1,-1,-0.01,-1,-1,-0.01,-1,-1
99926009,2026-05-18 11:05:00+05:30,53058.8,0,0.0,0,0.0,0.0,53282.15,53308.4,52783.45,53710.35,0,0.0,0.0,0.0,0.0,-0.01,-1,-1,-0.01,-1,-1,-0.01,-1,-1,-0.01,-1,-1,-0.01,-1,-1,-0.01,-1,-1,-0.01,-1,-1,-0.01,-1,-1,-0.01,-1,-1,-0.01,-1,-1
99926009,2026-05-18 11:05:00+05:30,53058.05,0,0.0,0,0.0,0.0,53282.15,53308.4,52783.45,53710.35,0,0.0,0.0,0.0,0.0,-0.01,-1,-1,-0.01,-1,-1,-0.01,-1,-1,-0.01,-1,-1,-0.01,-1,-1,-0.01,-1,-1,-0.01,-1,-1,-0.01,-1,-1,-0.01,-1,-1,-0.01,-1,-1
99926009,2026-05-18 11:05:01+05:30,53058.35,0,0.0,0,0.0,0.0,53282.15,53308.4,52783.45,53710.35,0,0.0,0.0,0.0,0.0,-0.01,-1,-1,-0.01,-1,-1,-0.01,-1,-1,-0.01,-1,-1,-0.01,-1,-1,-0.01,-1,-1,-0.01,-1,-1,-0.01,-1,-1,-0.01,-1,-1,-0.01,-1,-1
99926009,2026-05-18 11:05:01+05:30,53057.0,0,0.0,0,0.0,0.0,53282.15,53308.4,52783.45,53710.35,0,0.0,0.0,0.0,0.0,-0.01,-1,-1,-0.01,-1,-1,-0.01,-1,-1,-0.01,-1,-1,-0.01,-1,-1,-0.01,-1,-1,-0.01,-1,-1,-0.01,-1,-1,-0.01,-1,-1,-0.01,-1,-1
99926009,2026-05-18 11:05:02+05:30,53058.25,0,0.0,0,0.0,0.0,53282.15,53308.4,52783.45,53710.35,0,0.0,0.0,0.0,0.0,-0.01,-1,-1,-0.01,-1,-1,-0.01,-1,-1,-0.01,-1,-1,-0.01,-1,-1,-0.01,-1,-1,-0.01,-1,-1,-0.01,-1,-1,-0.01,-1,-1,-0.01,-1,-1
99926009,2026-05-18 11:05:02+05:30,53055.7,0,0.0,0,0.0,0.0,53282.15,53308.4,52783.45,53710.35,0,0.0,0.0,0.0,0.0,-0.01,-1,-1,-0.01,-1,-1,-0.01,-1,-1,-0.01,-1,-1,-0.01,-1,-1,-0.01,-1,-1,-0.01,-1,-1,-0.01,-1,-1,-0.01,-1,-1,-0.01,-1,-1
99926009,2026-05-18 11:05:03+05:30,53055.7,0,0.0,0,0.0,0.0,53282.15,53308.4,52783.45,53710.35,0,0.0,0.0,0.0,0.0,-0.01,-1,-1,-0.01,-1,-1,-0.01,-1,-1,-0.01,-1,-1,-0.01,-1,-1,-0.01,-1,-1,-0.01,-1,-1,-0.01,-1,-1,-0.01,-1,-1,-0.01,-1,-1
99926009,2026-05-18 11:05:03+05:30,53056.2,0,0.0,0,0.0,0.0,53282.15,53308.4,52783.45,53710.35,0,0.0,0.0,0.0,0.0,-0.01,-1,-1,-0.01,-1,-1,-0.01,-1,-1,-0.01,-1,-1,-0.01,-1,-1,-0.01,-1,-1,-0.01,-1,-1,-0.01,-1,-1,-0.01,-1,-1,-0.01,-1,-1
99926009,2026-05-18 11:05:04+05:30,53057.0,0,0.0,0,0.0,0.0,53282.15,53308.4,52783.45,53710.35,0,0.0,0.0,0.0,0.0,-0.01,-1,-1,-0.01,-1,-1,-0.01,-1,-1,-0.01,-1,-1,-0.01,-1,-1,-0.01,-1,-1,-0.01,-1,-1,-0.01,-1,-1,-0.01,-1,-1,-0.01,-1,-1
99926009,2026-05-18 11:05:04+05:30,53054.45,0,0.0,0,0.0,0.0,53282.15,53308.4,52783.45,53710.35,0,0.0,0.0,0.0,0.0,-0.01,-1,-1,-0.01,-1,-1,-0.01,-1,-1,-0.01,-1,-1,-0.01,-1,-1,-0.01,-1,-1,-0.01,-1,-1,-0.01,-1,-1,-0.01,-1,-1,-0.01,-1,-1
99926009,2026-05-18 11:05:05+05:30,53057.15,0,0.0,0,0.0,0.0,53282.15,53308.4,52783.45,53710.35,0,0.0,0.0,0.0,0.0,-0.01,-1,-1,-0.01,-1,-1,-0.01,-1,-1,-0.01,-1,-1,-0.01,-1,-1,-0.01,-1,-1,-0.01,-1,-1,-0.01,-1,-1,-0.01,-1,-1,-0.01,-1,-1
99926009,2026-05-18 11:05:05+05:30,53058.35,0,0.0,0,0.0,0.0,53282.15,53308.4,52783.45,53710.35,0,0.0,0.0,0.0,0.0,-0.01,-1,-1,-0.01,-1,-1,-0.01,-1,-1,-0.01,-1,-1,-0.01,-1,-1,-0.01,-1,-1,-0.01,-1,-1,-0.01,-1,-1,-0.01,-1,-1,-0.01,-1,-1
99926009,2026-05-18 11:05:06+05:30,53057.5,0,0.0,0,0.0,0.0,53282.15,53308.4,52783.45,53710.35,0,0.0,0.0,0.0,0.0,-0.01,-1,-1,-0.01,-1,-1,-0.01,-1,-1,-0.01,-1,-1,-0.01,-1,-1,-0.01,-1,-1,-0.01,-1,-1,-0.01,-1,-1,-0.01,-1,-1,-0.01,-1,-1
99926009,2026-05-18 11:05:06+05:30,53053.7,0,0.0,0,0.0,0.0,53282.15,53308.4,52783.45,53710.35,0,0.0,0.0,0.0,0.0,-0.01,-1,-1,-0.01,-1,-1,-0.01,-1,-1,-0.01,-1,-1,-0.01,-1,-1,-0.01,-1,-1,-0.01,-1,-1,-0.01,-1,-1,-0.01,-1,-1,-0.01,-1,-1
99926009,2026-05-18 11:05:07+05:30,53053.8,0,0.0,0,0.0,0.0,53282.15,53308.4,52783.45,53710.35,0,0.0,0.0,0.0,0.0,-0.01,-1,-1,-0.01,-1,-1,-0.01,-1,-1,-0.01,-1,-1,-0.01,-1,-1,-0.01,-1,-1,-0.01,-1,-1,-0.01,-1,-1,-0.01,-1,-1,-0.01,-1,-1
99926009,2026-05-18 11:05:07+05:30,53055.3,0,0.0,0,0.0,0.0,53282.15,53308.4,52783.45,53710.35,0,0.0,0.0,0.0,0.0,-0.01,-1,-1,-0.01,-1,-1,-0.01,-1,-1,-0.01,-1,-1,-0.01,-1,-1,-0.01,-1,-1,-0.01,-1,-1,-0.01,-1,-1,-0.01,-1,-1,-0.01,-1,-1
99926009,2026-05-18 11:05:08+05:30,53055.95,0,0.0,0,0.0,0.0,53282.15,53308.4,52783.45,53710.35,0,0.0,0.0,0.0,0.0,-0.01,-1,-1,-0.01,-1,-1,-0.01,-1,-1,-0.01,-1,-1,-0.01,-1,-1,-0.01,-1,-1,-0.01,-1,-1,-0.01,-1,-1,-0.01,-1,-1,-0.01,-1,-1
99926009,2026-05-18 11:05:08+05:30,53054.1,0,0.0,0,0.0,0.0,53282.15,53308.4,52783.45,53710.35,0,0.0,0.0,0.0,0.0,-0.01,-1,-1,-0.01,-1,-1,-0.01,-1,-1,-0.01,-1,-1,-0.01,-1,-1,-0.01,-1,-1,-0.01,-1,-1,-0.01,-1,-1,-0.01,-1,-1,-0.01,-1,-1
99926009,2026-05-18 11:05:09+05:30,53054.6,0,0.0,0,0.0,0.0,53282.15,53308.4,52783.45,53710.35,0,0.0,0.0,0.0,0.0,-0.01,-1,-1,-0.01,-1,-1,-0.01,-1,-1,-0.01,-1,-1,-0.01,-1,-1,-0.01,-1,-1,-0.01,-1,-1,-0.01,-1,-1,-0.01,-1,-1,-0.01,-1,-1
99926009,2026-05-18 11:05:09+05:30,53054.15,0,0.0,0,0.0,0.0,53282.15,53308.4,52783.45,53710.35,0,0.0,0.0,0.0,0.0,-0.01,-1,-1,-0.01,-1,-1,-0.01,-1,-1,-0.01,-1,-1,-0.01,-1,-1,-0.01,-1,-1,-0.01,-1,-1,-0.01,-1,-1,-0.01,-1,-1,-0.01,-1,-1
99926009,2026-05-18 11:05:10+05:30,53055.45,0,0.0,0,0.0,0.0,53282.15,53308.4,52783.45,53710.35,0,0.0,0.0,0.0,0.0,-0.01,-1,-1,-0.01,-1,-1,-0.01,-1,-1,-0.01,-1,-1,-0.01,-1,-1,-0.01,-1,-1,-0.01,-1,-1,-0.01,-1,-1,-0.01,-1,-1,-0.01,-1,-1
99926009,2026-05-18 11:05:10+05:30,53056.3,0,0.0,0,0.0,0.0,53282.15,53308.4,52783.45,53710.35,0,0.0,0.0,0.0,0.0,-0.01,-1,-1,-0.01,-1,-1,-0.01,-1,-1,-0.01,-1,-1,-0.01,-1,-1,-0.01,-1,-1,-0.01,-1,-1,-0.01,-1,-1,-0.01,-1,-1,-0.01,-1,-1
99926009,2026-05-18 11:05:11+05:30,53056.7,0,0.0,0,0.0,0.0,53282.15,53308.4,52783.45,53710.35,0,0.0,0.0,0.0,0.0,-0.01,-1,-1,-0.01,-1,-1,-0.01,-1,-1,-0.01,-1,-1,-0.01,-1,-1,-0.01,-1,-1,-0.01,-1,-1,-0.01,-1,-1,-0.01,-1,-1,-0.01,-1,-1
99926009,2026-05-18 11:05:11+05:30,53054.95,0,0.0,0,0.0,0.0,53282.15,53308.4,52783.45,53710.35,0,0.0,0.0,0.0,0.0,-0.01,-1,-1,-0.01,-1,-1,-0.01,-1,-1,-0.01,-1,-1,-0.01,-1,-1,-0.01,-1,-1,-0.01,-1,-1,-0.01,-1,-1,-0.01,-1,-1,-0.01,-1,-1
99926009,2026-05-18 11:05:12+05:30,53055.15,0,0.0,0,0.0,0.0,53282.15,53308.4,52783.45,53710.35,0,0.0,0.0,0.0,0.0,-0.01,-1,-1,-0.01,-1,-1,-0.01,-1,-1,-0.01,-1,-1,-0.01,-1,-1,-0.01,-1,-1,-0.01,-1,-1,-0.01,-1,-1,-0.01,-1,-1,-0.01,-1,-1
99926009,2026-05-18 11:05:12+05:30,53055.95,0,0.0,0,0.0,0.0,53282.15,53308.4,52783.45,53710.35,0,0.0,0.0,0.0,0.0,-0.01,-1,-1,-0.01,-1,-1,-0.01,-1,-1,-0.01,-1,-1,-0.01,-1,-1,-0.01,-1,-1,-0.01,-1,-1,-0.01,-1,-1,-0.01,-1,-1,-0.01,-1,-1
99926009,2026-05-18 11:05:13+05:30,53053.75,0,0.0,0,0.0,0.0,53282.15,53308.4,52783.45,53710.35,0,0.0,0.0,0.0,0.0,-0.01,-1,-1,-0.01,-1,-1,-0.01,-1,-1,-0.01,-1,-1,-0.01,-1,-1,-0.01,-1,-1,-0.01,-1,-1,-0.01,-1,-1,-0.01,-1,-1,-0.01,-1,-1
99926009,2026-05-18 11:05:13+05:30,53055.9,0,0.0,0,0.0,0.0,53282.15,53308.4,52783.45,53710.35,0,0.0,0.0,0.0,0.0,-0.01,-1,-1,-0.01,-1,-1,-0.01,-1,-1,-0.01,-1,-1,-0.01,-1,-1,-0.01,-1,-1,-0.01,-1,-1,-0.01,-1,-1,-0.01,-1,-1,-0.01,-1,-1
99926009,2026-05-18 11:05:14+05:30,53056.1,0,0.0,0,0.0,0.0,53282.15,53308.4,52783.45,53710.35,0,0.0,0.0,0.0,0.0,-0.01,-1,-1,-0.01,-1,-1,-0.01,-1,-1,-0.01,-1,-1,-0.01,-1,-1,-0.01,-1,-1,-0.01,-1,-1,-0.01,-1,-1,-0.01,-1,-1,-0.01,-1,-1
99926009,2026-05-18 11:05:14+05:30,53056.25,0,0.0,0,0.0,0.0,53282.15,53308.4,52783.45,53710.35,0,0.0,0.0,0.0,0.0,-0.01,-1,-1,-0.01,-1,-1,-0.01,-1,-1,-0.01,-1,-1,-0.01,-1,-1,-0.01,-1,-1,-0.01,-1,-1,-0.01,-1,-1,-0.01,-1,-1,-0.01,-1,-1
99926009,2026-05-18 11:05:15+05:30,53059.65,0,0.0,0,0.0,0.0,53282.15,53308.4,52783.45,53710.35,0,0.0,0.0,0.0,0.0,-0.01,-1,-1,-0.01,-1,-1,-0.01,-1,-1,-0.01,-1,-1,-0.01,-1,-1,-0.01,-1,-1,-0.01,-1,-1,-0.01,-1,-1,-0.01,-1,-1,-0.01,-1,-1
99926009,2026-05-18 11:05:15+05:30,53055.5,0,0.0,0,0.0,0.0,53282.15,53308.4,52783.45,53710.35,0,0.0,0.0,0.0,0.0,-0.01,-1,-1,-0.01,-1,-1,-0.01,-1,-1,-0.01,-1,-1,-0.01,-1,-1,-0.01,-1,-1,-0.01,-1,-1,-0.01,-1,-1,-0.01,-1,-1,-0.01,-1,-1
99926009,2026-05-18 11:05:16+05:30,53060.15,0,0.0,0,0.0,0.0,53282.15,53308.4,52783.45,53710.35,0,0.0,0.0,0.0,0.0,-0.01,-1,-1,-0.01,-1,-1,-0.01,-1,-1,-0.01,-1,-1,-0.01,-1,-1,-0.01,-1,-1,-0.01,-1,-1,-0.01,-1,-1,-0.01,-1,-1,-0.01,-1,-1
99926009,2026-05-18 11:05:16+05:30,53058.0,0,0.0,0,0.0,0.0,53282.15,53308.4,52783.45,53710.35,0,0.0,0.0,0.0,0.0,-0.01,-1,-1,-0.01,-1,-1,-0.01,-1,-1,-0.01,-1,-1,-0.01,-1,-1,-0.01,-1,-1,-0.01,-1,-1,-0.01,-1,-1,-0.01,-1,-1,-0.01,-1,-1
99926009,2026-05-18 11:05:17+05:30,53058.05,0,0.0,0,0.0,0.0,53282.15,53308.4,52783.45,53710.35,0,0.0,0.0,0.0,0.0,-0.01,-1,-1,-0.01,-1,-1,-0.01,-1,-1,-0.01,-1,-1,-0.01,-1,-1,-0.01,-1,-1,-0.01,-1,-1,-0.01,-1,-1,-0.01,-1,-1,-0.01,-1,-1
99926009,2026-05-18 11:05:17+05:30,53056.2,0,0.0,0,0.0,0.0,53282.15,53308.4,52783.45,53710.35,0,0.0,0.0,0.0,0.0,-0.01,-1,-1,-0.01,-1,-1,-0.01,-1,-1,-0.01,-1,-1,-0.01,-1,-1,-0.01,-1,-1,-0.01,-1,-1,-0.01,-1,-1,-0.01,-1,-1,-0.01,-1,-1
99926009,2026-05-18 11:05:18+05:30,53056.6,0,0.0,0,0.0,0.0,53282.15,53308.4,52783.45,53710.35,0,0.0,0.0,0.0,0.0,-0.01,-1,-1,-0.01,-1,-1,-0.01,-1,-1,-0.01,-1,-1,-0.01,-1,-1,-0.01,-1,-1,-0.01,-1,-1,-0.01,-1,-1,-0.01,-1,-1,-0.01,-1,-1
99926009,2026-05-18 11:05:18+05:30,53057.9,0,0.0,0,0.0,0.0,53282.15,53308.4,52783.45,53710.35,0,0.0,0.0,0.0,0.0,-0.01,-1,-1,-0.01,-1,-1,-0.01,-1,-1,-0.01,-1,-1,-0.01,-1,-1,-0.01,-1,-1,-0.01,-1,-1,-0.01,-1,-1,-0.01,-1,-1,-0.01,-1,-1
99926009,2026-05-18 11:05:19+05:30,53057.3,0,0.0,0,0.0,0.0,53282.15,53308.4,52783.45,53710.35,0,0.0,0.0,0.0,0.0,-0.01,-1,-1,-0.01,-1,-1,-0.01,-1,-1,-0.01,-1,-1,-0.01,-1,-1,-0.01,-1,-1,-0.01,-1,-1,-0.01,-1,-1,-0.01,-1,-1,-0.01,-1,-1
99926009,2026-05-18 11:05:19+05:30,53055.65,0,0.0,0,0.0,0.0,53282.15,53308.4,52783.45,53710.35,0,0.0,0.0,0.0,0.0,-0.01,-1,-1,-0.01,-1,-1,-0.01,-1,-1,-0.01,-1,-1,-0.01,-1,-1,-0.01,-1,-1,-0.01,-1,-1,-0.01,-1,-1,-0.01,-1,-1,-0.01,-1,-1
99926009,2026-05-18 11:05:20+05:30,53056.55,0,0.0,0,0.0,0.0,53282.15,53308.4,52783.45,53710.35,0,0.0,0.0,0.0,0.0,-0.01,-1,-1,-0.01,-1,-1,-0.01,-1,-1,-0.01,-1,-1,-0.01,-1,-1,-0.01,-1,-1,-0.01,-1,-1,-0.01,-1,-1,-0.01,-1,-1,-0.01,-1,-1
99926009,2026-05-18 11:05:20+05:30,53055.95,0,0.0,0,0.0,0.0,53282.15,53308.4,52783.45,53710.35,0,0.0,0.0,0.0,0.0,-0.01,-1,-1,-0.01,-1,-1,-0.01,-1,-1,-0.01,-1,-1,-0.01,-1,-1,-0.01,-1,-1,-0.01,-1,-1,-0.01,-1,-1,-0.01,-1,-1,-0.01,-1,-1
99926009,2026-05-18 11:05:21+05:30,53056.85,0,0.0,0,0.0,0.0,53282.15,53308.4,52783.45,53710.35,0,0.0,0.0,0.0,0.0,-0.01,-1,-1,-0.01,-1,-1,-0.01,-1,-1,-0.01,-1,-1,-0.01,-1,-1,-0.01,-1,-1,-0.01,-1,-1,-0.01,-1,-1,-0.01,-1,-1,-0.01,-1,-1
99926009,2026-05-18 11:05:21+05:30,53054.6,0,0.0,0,0.0,0.0,53282.15,53308.4,52783.45,53710.35,0,0.0,0.0,0.0,0.0,-0.01,-1,-1,-0.01,-1,-1,-0.01,-1,-1,-0.01,-1,-1,-0.01,-1,-1,-0.01,-1,-1,-0.01,-1,-1,-0.01,-1,-1,-0.01,-1,-1,-0.01,-1,-1
99926009,2026-05-18 11:05:22+05:30,53054.4,0,0.0,0,0.0,0.0,53282.15,53308.4,52783.45,53710.35,0,0.0,0.0,0.0,0.0,-0.01,-1,-1,-0.01,-1,-1,-0.01,-1,-1,-0.01,-1,-1,-0.01,-1,-1,-0.01,-1,-1,-0.01,-1,-1,-0.01,-1,-1,-0.01,-1,-1,-0.01,-1,-1
99926009,2026-05-18 11:05:22+05:30,53055.8,0,0.0,0,0.0,0.0,53282.15,53308.4,52783.45,53710.35,0,0.0,0.0,0.0,0.0,-0.01,-1,-1,-0.01,-1,-1,-0.01,-1,-1,-0.01,-1,-1,-0.01,-1,-1,-0.01,-1,-1,-0.01,-1,-1,-0.01,-1,-1,-0.01,-1,-1,-0.01,-1,-1
99926009,2026-05-18 11:05:23+05:30,53055.15,0,0.0,0,0.0,0.0,53282.15,53308.4,52783.45,53710.35,0,0.0,0.0,0.0,0.0,-0.01,-1,-1,-0.01,-1,-1,-0.01,-1,-1,-0.01,-1,-1,-0.01,-1,-1,-0.01,-1,-1,-0.01,-1,-1,-0.01,-1,-1,-0.01,-1,-1,-0.01,-1,-1
99926009,2026-05-18 11:05:23+05:30,53054.2,0,0.0,0,0.0,0.0,53282.15,53308.4,52783.45,53710.35,0,0.0,0.0,0.0,0.0,-0.01,-1,-1,-0.01,-1,-1,-0.01,-1,-1,-0.01,-1,-1,-0.01,-1,-1,-0.01,-1,-1,-0.01,-1,-1,-0.01,-1,-1,-0.01,-1,-1,-0.01,-1,-1
99926009,2026-05-18 11:05:24+05:30,53053.65,0,0.0,0,0.0,0.0,53282.15,53308.4,52783.45,53710.35,0,0.0,0.0,0.0,0.0,-0.01,-1,-1,-0.01,-1,-1,-0.01,-1,-1,-0.01,-1,-1,-0.01,-1,-1,-0.01,-1,-1,-0.01,-1,-1,-0.01,-1,-1,-0.01,-1,-1,-0.01,-1,-1
99926009,2026-05-18 11:05:24+05:30,53055.4,0,0.0,0,0.0,0.0,53282.15,53308.4,52783.45,53710.35,0,0.0,0.0,0.0,0.0,-0.01,-1,-1,-0.01,-1,-1,-0.01,-1,-1,-0.01,-1,-1,-0.01,-1,-1,-0.01,-1,-1,-0.01,-1,-1,-0.01,-1,-1,-0.01,-1,-1,-0.01,-1,-1
99926009,2026-05-18 11:05:25+05:30,53057.2,0,0.0,0,0.0,0.0,53282.15,53308.4,52783.45,53710.35,0,0.0,0.0,0.0,0.0,-0.01,-1,-1,-0.01,-1,-1,-0.01,-1,-1,-0.01,-1,-1,-0.01,-1,-1,-0.01,-1,-1,-0.01,-1,-1,-0.01,-1,-1,-0.01,-1,-1,-0.01,-1,-1
99926009,2026-05-18 11:05:25+05:30,53057.05,0,0.0,0,0.0,0.0,53282.15,53308.4,52783.45,53710.35,0,0.0,0.0,0.0,0.0,-0.01,-1,-1,-0.01,-1,-1,-0.01,-1,-1,-0.01,-1,-1,-0.01,-1,-1,-0.01,-1,-1,-0.01,-1,-1,-0.01,-1,-1,-0.01,-1,-1,-0.01,-1,-1
99926009,2026-05-18 11:05:26+05:30,53058.3,0,0.0,0,0.0,0.0,53282.15,53308.4,52783.45,53710.35,0,0.0,0.0,0.0,0.0,-0.01,-1,-1,-0.01,-1,-1,-0.01,-1,-1,-0.01,-1,-1,-0.01,-1,-1,-0.01,-1,-1,-0.01,-1,-1,-0.01,-1,-1,-0.01,-1,-1,-0.01,-1,-1
99926009,2026-05-18 11:05:26+05:30,53057.9,0,0.0,0,0.0,0.0,53282.15,53308.4,52783.45,53710.35,0,0.0,0.0,0.0,0.0,-0.01,-1,-1,-0.01,-1,-1,-0.01,-1,-1,-0.01,-1,-1,-0.01,-1,-1,-0.01,-1,-1,-0.01,-1,-1,-0.01,-1,-1,-0.01,-1,-1,-0.01,-1,-1
99926009,2026-05-18 11:05:27+05:30,53056.8,0,0.0,0,0.0,0.0,53282.15,53308.4,52783.45,53710.35,0,0.0,0.0,0.0,0.0,-0.01,-1,-1,-0.01,-1,-1,-0.01,-1,-1,-0.01,-1,-1,-0.01,-1,-1,-0.01,-1,-1,-0.01,-1,-1,-0.01,-1,-1,-0.01,-1,-1,-0.01,-1,-1
99926009,2026-05-18 11:05:27+05:30,53060.45,0,0.0,0,0.0,0.0,53282.15,53308.4,52783.45,53710.35,0,0.0,0.0,0.0,0.0,-0.01,-1,-1,-0.01,-1,-1,-0.01,-1,-1,-0.01,-1,-1,-0.01,-1,-1,-0.01,-1,-1,-0.01,-1,-1,-0.01,-1,-1,-0.01,-1,-1,-0.01,-1,-1
99926009,2026-05-18 11:05:28+05:30,53063.05,0,0.0,0,0.0,0.0,53282.15,53308.4,52783.45,53710.35,0,0.0,0.0,0.0,0.0,-0.01,-1,-1,-0.01,-1,-1,-0.01,-1,-1,-0.01,-1,-1,-0.01,-1,-1,-0.01,-1,-1,-0.01,-1,-1,-0.01,-1,-1,-0.01,-1,-1,-0.01,-1,-1
99926009,2026-05-18 11:05:28+05:30,53061.9,0,0.0,0,0.0,0.0,53282.15,53308.4,52783.45,53710.35,0,0.0,0.0,0.0,0.0,-0.01,-1,-1,-0.01,-1,-1,-0.01,-1,-1,-0.01,-1,-1,-0.01,-1,-1,-0.01,-1,-1,-0.01,-1,-1,-0.01,-1,-1,-0.01,-1,-1,-0.01,-1,-1
99926009,2026-05-18 11:05:29+05:30,53061.9,0,0.0,0,0.0,0.0,53282.15,53308.4,52783.45,53710.35,0,0.0,0.0,0.0,0.0,-0.01,-1,-1,-0.01,-1,-1,-0.01,-1,-1,-0.01,-1,-1,-0.01,-1,-1,-0.01,-1,-1,-0.01,-1,-1,-0.01,-1,-1,-0.01,-1,-1,-0.01,-1,-1
99926009,2026-05-18 11:05:29+05:30,53061.4,0,0.0,0,0.0,0.0,53282.15,53308.4,52783.45,53710.35,0,0.0,0.0,0.0,0.0,-0.01,-1,-1,-0.01,-1,-1,-0.01,-1,-1,-0.01,-1,-1,-0.01,-1,-1,-0.01,-1,-1,-0.01,-1,-1,-0.01,-1,-1,-0.01,-1,-1,-0.01,-1,-1
99926009,2026-05-18 11:05:30+05:30,53065.0,0,0.0,0,0.0,0.0,53282.15,53308.4,52783.45,53710.35,0,0.0,0.0,0.0,0.0,-0.01,-1,-1,-0.01,-1,-1,-0.01,-1,-1,-0.01,-1,-1,-0.01,-1,-1,-0.01,-1,-1,-0.01,-1,-1,-0.01,-1,-1,-0.01,-1,-1,-0.01,-1,-1
99926009,2026-05-18 11:05:30+05:30,53066.4,0,0.0,0,0.0,0.0,53282.15,53308.4,52783.45,53710.35,0,0.0,0.0,0.0,0.0,-0.01,-1,-1,-0.01,-1,-1,-0.01,-1,-1,-0.01,-1,-1,-0.01,-1,-1,-0.01,-1,-1,-0.01,-1,-1,-0.01,-1,-1,-0.01,-1,-1,-0.01,-1,-1
99926009,2026-05-18 11:05:31+05:30,53065.75,0,0.0,0,0.0,0.0,53282.15,53308.4,52783.45,53710.35,0,0.0,0.0,0.0,0.0,-0.01,-1,-1,-0.01,-1,-1,-0.01,-1,-1,-0.01,-1,-1,-0.01,-1,-1,-0.01,-1,-1,-0.01,-1,-1,-0.01,-1,-1,-0.01,-1,-1,-0.01,-1,-1
99926009,2026-05-18 11:05:31+05:30,53066.65,0,0.0,0,0.0,0.0,53282.15,53308.4,52783.45,53710.35,0,0.0,0.0,0.0,0.0,-0.01,-1,-1,-0.01,-1,-1,-0.01,-1,-1,-0.01,-1,-1,-0.01,-1,-1,-0.01,-1,-1,-0.01,-1,-1,-0.01,-1,-1,-0.01,-1,-1,-0.01,-1,-1
99926009,2026-05-18 11:05:32+05:30,53065.55,0,0.0,0,0.0,0.0,53282.15,53308.4,52783.45,53710.35,0,0.0,0.0,0.0,0.0,-0.01,-1,-1,-0.01,-1,-1,-0.01,-1,-1,-0.01,-1,-1,-0.01,-1,-1,-0.01,-1,-1,-0.01,-1,-1,-0.01,-1,-1,-0.01,-1,-1,-0.01,-1,-1
99926009,2026-05-18 11:05:32+05:30,53065.65,0,0.0,0,0.0,0.0,53282.15,53308.4,52783.45,53710.35,0,0.0,0.0,0.0,0.0,-0.01,-1,-1,-0.01,-1,-1,-0.01,-1,-1,-0.01,-1,-1,-0.01,-1,-1,-0.01,-1,-1,-0.01,-1,-1,-0.01,-1,-1,-0.01,-1,-1,-0.01,-1,-1
99926009,2026-05-18 11:05:33+05:30,53067.2,0,0.0,0,0.0,0.0,53282.15,53308.4,52783.45,53710.35,0,0.0,0.0,0.0,0.0,-0.01,-1,-1,-0.01,-1,-1,-0.01,-1,-1,-0.01,-1,-1,-0.01,-1,-1,-0.01,-1,-1,-0.01,-1,-1,-0.01,-1,-1,-0.01,-1,-1,-0.01,-1,-1
99926009,2026-05-18 11:05:33+05:30,53066.85,0,0.0,0,0.0,0.0,53282.15,53308.4,52783.45,53710.35,0,0.0,0.0,0.0,0.0,-0.01,-1,-1,-0.01,-1,-1,-0.01,-1,-1,-0.01,-1,-1,-0.01,-1,-1,-0.01,-1,-1,-0.01,-1,-1,-0.01,-1,-1,-0.01,-1,-1,-0.01,-1,-1
99926009,2026-05-18 11:05:34+05:30,53065.7,0,0.0,0,0.0,0.0,53282.15,53308.4,52783.45,53710.35,0,0.0,0.0,0.0,0.0,-0.01,-1,-1,-0.01,-1,-1,-0.01,-1,-1,-0.01,-1,-1,-0.01,-1,-1,-0.01,-1,-1,-0.01,-1,-1,-0.01,-1,-1,-0.01,-1,-1,-0.01,-1,-1
99926009,2026-05-18 11:05:34+05:30,53065.85,0,0.0,0,0.0,0.0,53282.15,53308.4,52783.45,53710.35,0,0.0,0.0,0.0,0.0,-0.01,-1,-1,-0.01,-1,-1,-0.01,-1,-1,-0.01,-1,-1,-0.01,-1,-1,-0.01,-1,-1,-0.01,-1,-1,-0.01,-1,-1,-0.01,-1,-1,-0.01,-1,-1
99926009,2026-05-18 11:05:35+05:30,53068.5,0,0.0,0,0.0,0.0,53282.15,53308.4,52783.45,53710.35,0,0.0,0.0,0.0,0.0,-0.01,-1,-1,-0.01,-1,-1,-0.01,-1,-1,-0.01,-1,-1,-0.01,-1,-1,-0.01,-1,-1,-0.01,-1,-1,-0.01,-1,-1,-0.01,-1,-1,-0.01,-1,-1
99926009,2026-05-18 11:05:35+05:30,53072.1,0,0.0,0,0.0,0.0,53282.15,53308.4,52783.45,53710.35,0,0.0,0.0,0.0,0.0,-0.01,-1,-1,-0.01,-1,-1,-0.01,-1,-1,-0.01,-1,-1,-0.01,-1,-1,-0.01,-1,-1,-0.01,-1,-1,-0.01,-1,-1,-0.01,-1,-1,-0.01,-1,-1
99926009,2026-05-18 11:05:36+05:30,53068.6,0,0.0,0,0.0,0.0,53282.15,53308.4,52783.45,53710.35,0,0.0,0.0,0.0,0.0,-0.01,-1,-1,-0.01,-1,-1,-0.01,-1,-1,-0.01,-1,-1,-0.01,-1,-1,-0.01,-1,-1,-0.01,-1,-1,-0.01,-1,-1,-0.01,-1,-1,-0.01,-1,-1
99926009,2026-05-18 11:05:36+05:30,53068.15,0,0.0,0,0.0,0.0,53282.15,53308.4,52783.45,53710.35,0,0.0,0.0,0.0,0.0,-0.01,-1,-1,-0.01,-1,-1,-0.01,-1,-1,-0.01,-1,-1,-0.01,-1,-1,-0.01,-1,-1,-0.01,-1,-1,-0.01,-1,-1,-0.01,-1,-1,-0.01,-1,-1
99926009,2026-05-18 11:05:37+05:30,53070.25,0,0.0,0,0.0,0.0,53282.15,53308.4,52783.45,53710.35,0,0.0,0.0,0.0,0.0,-0.01,-1,-1,-0.01,-1,-1,-0.01,-1,-1,-0.01,-1,-1,-0.01,-1,-1,-0.01,-1,-1,-0.01,-1,-1,-0.01,-1,-1,-0.01,-1,-1,-0.01,-1,-1
99926009,2026-05-18 11:05:37+05:30,53069.15,0,0.0,0,0.0,0.0,53282.15,53308.4,52783.45,53710.35,0,0.0,0.0,0.0,0.0,-0.01,-1,-1,-0.01,-1,-1,-0.01,-1,-1,-0.01,-1,-1,-0.01,-1,-1,-0.01,-1,-1,-0.01,-1,-1,-0.01,-1,-1,-0.01,-1,-1,-0.01,-1,-1
99926009,2026-05-18 11:05:38+05:30,53069.1,0,0.0,0,0.0,0.0,53282.15,53308.4,52783.45,53710.35,0,0.0,0.0,0.0,0.0,-0.01,-1,-1,-0.01,-1,-1,-0.01,-1,-1,-0.01,-1,-1,-0.01,-1,-1,-0.01,-1,-1,-0.01,-1,-1,-0.01,-1,-1,-0.01,-1,-1,-0.01,-1,-1
99926009,2026-05-18 11:05:38+05:30,53066.4,0,0.0,0,0.0,0.0,53282.15,53308.4,52783.45,53710.35,0,0.0,0.0,0.0,0.0,-0.01,-1,-1,-0.01,-1,-1,-0.01,-1,-1,-0.01,-1,-1,-0.01,-1,-1,-0.01,-1,-1,-0.01,-1,-1,-0.01,-1,-1,-0.01,-1,-1,-0.01,-1,-1
99926009,2026-05-18 11:05:39+05:30,53069.8,0,0.0,0,0.0,0.0,53282.15,53308.4,52783.45,53710.35,0,0.0,0.0,0.0,0.0,-0.01,-1,-1,-0.01,-1,-1,-0.01,-1,-1,-0.01,-1,-1,-0.01,-1,-1,-0.01,-1,-1,-0.01,-1,-1,-0.01,-1,-1,-0.01,-1,-1,-0.01,-1,-1
99926009,2026-05-18 11:05:39+05:30,53067.4,0,0.0,0,0.0,0.0,53282.15,53308.4,52783.45,53710.35,0,0.0,0.0,0.0,0.0,-0.01,-1,-1,-0.01,-1,-1,-0.01,-1,-1,-0.01,-1,-1,-0.01,-1,-1,-0.01,-1,-1,-0.01,-1,-1,-0.01,-1,-1,-0.01,-1,-1,-0.01,-1,-1
99926009,2026-05-18 11:05:40+05:30,53068.35,0,0.0,0,0.0,0.0,53282.15,53308.4,52783.45,53710.35,0,0.0,0.0,0.0,0.0,-0.01,-1,-1,-0.01,-1,-1,-0.01,-1,-1,-0.01,-1,-1,-0.01,-1,-1,-0.01,-1,-1,-0.01,-1,-1,-0.01,-1,-1,-0.01,-1,-1,-0.01,-1,-1
99926009,2026-05-18 11:05:40+05:30,53068.4,0,0.0,0,0.0,0.0,53282.15,53308.4,52783.45,53710.35,0,0.0,0.0,0.0,0.0,-0.01,-1,-1,-0.01,-1,-1,-0.01,-1,-1,-0.01,-1,-1,-0.01,-1,-1,-0.01,-1,-1,-0.01,-1,-1,-0.01,-1,-1,-0.01,-1,-1,-0.01,-1,-1
99926009,2026-05-18 11:05:41+05:30,53067.15,0,0.0,0,0.0,0.0,53282.15,53308.4,52783.45,53710.35,0,0.0,0.0,0.0,0.0,-0.01,-1,-1,-0.01,-1,-1,-0.01,-1,-1,-0.01,-1,-1,-0.01,-1,-1,-0.01,-1,-1,-0.01,-1,-1,-0.01,-1,-1,-0.01,-1,-1,-0.01,-1,-1
99926009,2026-05-18 11:05:41+05:30,53066.55,0,0.0,0,0.0,0.0,53282.15,53308.4,52783.45,53710.35,0,0.0,0.0,0.0,0.0,-0.01,-1,-1,-0.01,-1,-1,-0.01,-1,-1,-0.01,-1,-1,-0.01,-1,-1,-0.01,-1,-1,-0.01,-1,-1,-0.01,-1,-1,-0.01,-1,-1,-0.01,-1,-1
99926009,2026-05-18 11:05:42+05:30,53068.95,0,0.0,0,0.0,0.0,53282.15,53308.4,52783.45,53710.35,0,0.0,0.0,0.0,0.0,-0.01,-1,-1,-0.01,-1,-1,-0.01,-1,-1,-0.01,-1,-1,-0.01,-1,-1,-0.01,-1,-1,-0.01,-1,-1,-0.01,-1,-1,-0.01,-1,-1,-0.01,-1,-1
99926009,2026-05-18 11:05:42+05:30,53068.6,0,0.0,0,0.0,0.0,53282.15,53308.4,52783.45,53710.35,0,0.0,0.0,0.0,0.0,-0.01,-1,-1,-0.01,-1,-1,-0.01,-1,-1,-0.01,-1,-1,-0.01,-1,-1,-0.01,-1,-1,-0.01,-1,-1,-0.01,-1,-1,-0.01,-1,-1,-0.01,-1,-1
99926009,2026-05-18 11:05:43+05:30,53069.65,0,0.0,0,0.0,0.0,53282.15,53308.4,52783.45,53710.35,0,0.0,0.0,0.0,0.0,-0.01,-1,-1,-0.01,-1,-1,-0.01,-1,-1,-0.01,-1,-1,-0.01,-1,-1,-0.01,-1,-1,-0.01,-1,-1,-0.01,-1,-1,-0.01,-1,-1,-0.01,-1,-1
99926009,2026-05-18 11:05:43+05:30,53069.25,0,0.0,0,0.0,0.0,53282.15,53308.4,52783.45,53710.35,0,0.0,0.0,0.0,0.0,-0.01,-1,-1,-0.01,-1,-1,-0.01,-1,-1,-0.01,-1,-1,-0.01,-1,-1,-0.01,-1,-1,-0.01,-1,-1,-0.01,-1,-1,-0.01,-1,-1,-0.01,-1,-1
99926009,2026-05-18 11:05:44+05:30,53069.2,0,0.0,0,0.0,0.0,53282.15,53308.4,52783.45,53710.35,0,0.0,0.0,0.0,0.0,-0.01,-1,-1,-0.01,-1,-1,-0.01,-1,-1,-0.01,-1,-1,-0.01,-1,-1,-0.01,-1,-1,-0.01,-1,-1,-0.01,-1,-1,-0.01,-1,-1,-0.01,-1,-1
99926009,2026-05-18 11:05:44+05:30,53063.15,0,0.0,0,0.0,0.0,53282.15,53308.4,52783.45,53710.35,0,0.0,0.0,0.0,0.0,-0.01,-1,-1,-0.01,-1,-1,-0.01,-1,-1,-0.01,-1,-1,-0.01,-1,-1,-0.01,-1,-1,-0.01,-1,-1,-0.01,-1,-1,-0.01,-1,-1,-0.01,-1,-1
99926009,2026-05-18 11:05:45+05:30,53070.9,0,0.0,0,0.0,0.0,53282.15,53308.4,52783.45,53710.35,0,0.0,0.0,0.0,0.0,-0.01,-1,-1,-0.01,-1,-1,-0.01,-1,-1,-0.01,-1,-1,-0.01,-1,-1,-0.01,-1,-1,-0.01,-1,-1,-0.01,-1,-1,-0.01,-1,-1,-0.01,-1,-1
99926009,2026-05-18 11:05:45+05:30,53072.3,0,0.0,0,0.0,0.0,53282.15,53308.4,52783.45,53710.35,0,0.0,0.0,0.0,0.0,-0.01,-1,-1,-0.01,-1,-1,-0.01,-1,-1,-0.01,-1,-1,-0.01,-1,-1,-0.01,-1,-1,-0.01,-1,-1,-0.01,-1,-1,-0.01,-1,-1,-0.01,-1,-1
99926009,2026-05-18 11:05:46+05:30,53070.95,0,0.0,0,0.0,0.0,53282.15,53308.4,52783.45,53710.35,0,0.0,0.0,0.0,0.0,-0.01,-1,-1,-0.01,-1,-1,-0.01,-1,-1,-0.01,-1,-1,-0.01,-1,-1,-0.01,-1,-1,-0.01,-1,-1,-0.01,-1,-1,-0.01,-1,-1,-0.01,-1,-1
99926009,2026-05-18 11:05:46+05:30,53070.8,0,0.0,0,0.0,0.0,53282.15,53308.4,52783.45,53710.35,0,0.0,0.0,0.0,0.0,-0.01,-1,-1,-0.01,-1,-1,-0.01,-1,-1,-0.01,-1,-1,-0.01,-1,-1,-0.01,-1,-1,-0.01,-1,-1,-0.01,-1,-1,-0.01,-1,-1,-0.01,-1,-1
99926009,2026-05-18 11:05:47+05:30,53071.6,0,0.0,0,0.0,0.0,53282.15,53308.4,52783.45,53710.35,0,0.0,0.0,0.0,0.0,-0.01,-1,-1,-0.01,-1,-1,-0.01,-1,-1,-0.01,-1,-1,-0.01,-1,-1,-0.01,-1,-1,-0.01,-1,-1,-0.01,-1,-1,-0.01,-1,-1,-0.01,-1,-1
99926009,2026-05-18 11:05:47+05:30,53071.6,0,0.0,0,0.0,0.0,53282.15,53308.4,52783.45,53710.35,0,0.0,0.0,0.0,0.0,-0.01,-1,-1,-0.01,-1,-1,-0.01,-1,-1,-0.01,-1,-1,-0.01,-1,-1,-0.01,-1,-1,-0.01,-1,-1,-0.01,-1,-1,-0.01,-1,-1,-0.01,-1,-1
99926009,2026-05-18 11:05:48+05:30,53070.6,0,0.0,0,0.0,0.0,53282.15,53308.4,52783.45,53710.35,0,0.0,0.0,0.0,0.0,-0.01,-1,-1,-0.01,-1,-1,-0.01,-1,-1,-0.01,-1,-1,-0.01,-1,-1,-0.01,-1,-1,-0.01,-1,-1,-0.01,-1,-1,-0.01,-1,-1,-0.01,-1,-1
99926009,2026-05-18 11:05:48+05:30,53071.45,0,0.0,0,0.0,0.0,53282.15,53308.4,52783.45,53710.35,0,0.0,0.0,0.0,0.0,-0.01,-1,-1,-0.01,-1,-1,-0.01,-1,-1,-0.01,-1,-1,-0.01,-1,-1,-0.01,-1,-1,-0.01,-1,-1,-0.01,-1,-1,-0.01,-1,-1,-0.01,-1,-1
99926009,2026-05-18 11:05:49+05:30,53071.85,0,0.0,0,0.0,0.0,53282.15,53308.4,52783.45,53710.35,0,0.0,0.0,0.0,0.0,-0.01,-1,-1,-0.01,-1,-1,-0.01,-1,-1,-0.01,-1,-1,-0.01,-1,-1,-0.01,-1,-1,-0.01,-1,-1,-0.01,-1,-1,-0.01,-1,-1,-0.01,-1,-1
99926009,2026-05-18 11:05:49+05:30,53071.35,0,0.0,0,0.0,0.0,53282.15,53308.4,52783.45,53710.35,0,0.0,0.0,0.0,0.0,-0.01,-1,-1,-0.01,-1,-1,-0.01,-1,-1,-0.01,-1,-1,-0.01,-1,-1,-0.01,-1,-1,-0.01,-1,-1,-0.01,-1,-1,-0.01,-1,-1,-0.01,-1,-1
99926009,2026-05-18 11:05:50+05:30,53075.7,0,0.0,0,0.0,0.0,53282.15,53308.4,52783.45,53710.35,0,0.0,0.0,0.0,0.0,-0.01,-1,-1,-0.01,-1,-1,-0.01,-1,-1,-0.01,-1,-1,-0.01,-1,-1,-0.01,-1,-1,-0.01,-1,-1,-0.01,-1,-1,-0.01,-1,-1,-0.01,-1,-1
99926009,2026-05-18 11:05:50+05:30,53074.0,0,0.0,0,0.0,0.0,53282.15,53308.4,52783.45,53710.35,0,0.0,0.0,0.0,0.0,-0.01,-1,-1,-0.01,-1,-1,-0.01,-1,-1,-0.01,-1,-1,-0.01,-1,-1,-0.01,-1,-1,-0.01,-1,-1,-0.01,-1,-1,-0.01,-1,-1,-0.01,-1,-1
99926009,2026-05-18 11:05:51+05:30,53076.3,0,0.0,0,0.0,0.0,53282.15,53308.4,52783.45,53710.35,0,0.0,0.0,0.0,0.0,-0.01,-1,-1,-0.01,-1,-1,-0.01,-1,-1,-0.01,-1,-1,-0.01,-1,-1,-0.01,-1,-1,-0.01,-1,-1,-0.01,-1,-1,-0.01,-1,-1,-0.01,-1,-1
99926009,2026-05-18 11:05:51+05:30,53075.45,0,0.0,0,0.0,0.0,53282.15,53308.4,52783.45,53710.35,0,0.0,0.0,0.0,0.0,-0.01,-1,-1,-0.01,-1,-1,-0.01,-1,-1,-0.01,-1,-1,-0.01,-1,-1,-0.01,-1,-1,-0.01,-1,-1,-0.01,-1,-1,-0.01,-1,-1,-0.01,-1,-1
99926009,2026-05-18 11:05:52+05:30,53076.25,0,0.0,0,0.0,0.0,53282.15,53308.4,52783.45,53710.35,0,0.0,0.0,0.0,0.0,-0.01,-1,-1,-0.01,-1,-1,-0.01,-1,-1,-0.01,-1,-1,-0.01,-1,-1,-0.01,-1,-1,-0.01,-1,-1,-0.01,-1,-1,-0.01,-1,-1,-0.01,-1,-1
99926009,2026-05-18 11:05:52+05:30,53075.85,0,0.0,0,0.0,0.0,53282.15,53308.4,52783.45,53710.35,0,0.0,0.0,0.0,0.0,-0.01,-1,-1,-0.01,-1,-1,-0.01,-1,-1,-0.01,-1,-1,-0.01,-1,-1,-0.01,-1,-1,-0.01,-1,-1,-0.01,-1,-1,-0.01,-1,-1,-0.01,-1,-1
99926009,2026-05-18 11:05:53+05:30,53076.95,0,0.0,0,0.0,0.0,53282.15,53308.4,52783.45,53710.35,0,0.0,0.0,0.0,0.0,-0.01,-1,-1,-0.01,-1,-1,-0.01,-1,-1,-0.01,-1,-1,-0.01,-1,-1,-0.01,-1,-1,-0.01,-1,-1,-0.01,-1,-1,-0.01,-1,-1,-0.01,-1,-1
99926009,2026-05-18 11:05:53+05:30,53077.15,0,0.0,0,0.0,0.0,53282.15,53308.4,52783.45,53710.35,0,0.0,0.0,0.0,0.0,-0.01,-1,-1,-0.01,-1,-1,-0.01,-1,-1,-0.01,-1,-1,-0.01,-1,-1,-0.01,-1,-1,-0.01,-1,-1,-0.01,-1,-1,-0.01,-1,-1,-0.01,-1,-1
99926009,2026-05-18 11:05:54+05:30,53073.9,0,0.0,0,0.0,0.0,53282.15,53308.4,52783.45,53710.35,0,0.0,0.0,0.0,0.0,-0.01,-1,-1,-0.01,-1,-1,-0.01,-1,-1,-0.01,-1,-1,-0.01,-1,-1,-0.01,-1,-1,-0.01,-1,-1,-0.01,-1,-1,-0.01,-1,-1,-0.01,-1,-1
99926009,2026-05-18 11:05:54+05:30,53075.0,0,0.0,0,0.0,0.0,53282.15,53308.4,52783.45,53710.35,0,0.0,0.0,0.0,0.0,-0.01,-1,-1,-0.01,-1,-1,-0.01,-1,-1,-0.01,-1,-1,-0.01,-1,-1,-0.01,-1,-1,-0.01,-1,-1,-0.01,-1,-1,-0.01,-1,-1,-0.01,-1,-1
99926009,2026-05-18 11:05:55+05:30,53076.55,0,0.0,0,0.0,0.0,53282.15,53308.4,52783.45,53710.35,0,0.0,0.0,0.0,0.0,-0.01,-1,-1,-0.01,-1,-1,-0.01,-1,-1,-0.01,-1,-1,-0.01,-1,-1,-0.01,-1,-1,-0.01,-1,-1,-0.01,-1,-1,-0.01,-1,-1,-0.01,-1,-1
99926009,2026-05-18 11:05:55+05:30,53073.15,0,0.0,0,0.0,0.0,53282.15,53308.4,52783.45,53710.35,0,0.0,0.0,0.0,0.0,-0.01,-1,-1,-0.01,-1,-1,-0.01,-1,-1,-0.01,-1,-1,-0.01,-1,-1,-0.01,-1,-1,-0.01,-1,-1,-0.01,-1,-1,-0.01,-1,-1,-0.01,-1,-1
99926009,2026-05-18 11:05:56+05:30,53076.6,0,0.0,0,0.0,0.0,53282.15,53308.4,52783.45,53710.35,0,0.0,0.0,0.0,0.0,-0.01,-1,-1,-0.01,-1,-1,-0.01,-1,-1,-0.01,-1,-1,-0.01,-1,-1,-0.01,-1,-1,-0.01,-1,-1,-0.01,-1,-1,-0.01,-1,-1,-0.01,-1,-1
99926009,2026-05-18 11:05:56+05:30,53073.9,0,0.0,0,0.0,0.0,53282.15,53308.4,52783.45,53710.35,0,0.0,0.0,0.0,0.0,-0.01,-1,-1,-0.01,-1,-1,-0.01,-1,-1,-0.01,-1,-1,-0.01,-1,-1,-0.01,-1,-1,-0.01,-1,-1,-0.01,-1,-1,-0.01,-1,-1,-0.01,-1,-1
99926009,2026-05-18 11:05:57+05:30,53072.5,0,0.0,0,0.0,0.0,53282.15,53308.4,52783.45,53710.35,0,0.0,0.0,0.0,0.0,-0.01,-1,-1,-0.01,-1,-1,-0.01,-1,-1,-0.01,-1,-1,-0.01,-1,-1,-0.01,-1,-1,-0.01,-1,-1,-0.01,-1,-1,-0.01,-1,-1,-0.01,-1,-1
99926009,2026-05-18 11:05:57+05:30,53073.05,0,0.0,0,0.0,0.0,53282.15,53308.4,52783.45,53710.35,0,0.0,0.0,0.0,0.0,-0.01,-1,-1,-0.01,-1,-1,-0.01,-1,-1,-0.01,-1,-1,-0.01,-1,-1,-0.01,-1,-1,-0.01,-1,-1,-0.01,-1,-1,-0.01,-1,-1,-0.01,-1,-1
99926009,2026-05-18 11:05:58+05:30,53072.8,0,0.0,0,0.0,0.0,53282.15,53308.4,52783.45,53710.35,0,0.0,0.0,0.0,0.0,-0.01,-1,-1,-0.01,-1,-1,-0.01,-1,-1,-0.01,-1,-1,-0.01,-1,-1,-0.01,-1,-1,-0.01,-1,-1,-0.01,-1,-1,-0.01,-1,-1,-0.01,-1,-1
99926009,2026-05-18 11:05:59+05:30,53073.15,0,0.0,0,0.0,0.0,53282.15,53308.4,52783.45,53710.35,0,0.0,0.0,0.0,0.0,-0.01,-1,-1,-0.01,-1,-1,-0.01,-1,-1,-0.01,-1,-1,-0.01,-1,-1,-0.01,-1,-1,-0.01,-1,-1,-0.01,-1,-1,-0.01,-1,-1,-0.01,-1,-1
99926009,2026-05-18 11:05:59+05:30,53072.05,0,0.0,0,0.0,0.0,53282.15,53308.4,52783.45,53710.35,0,0.0,0.0,0.0,0.0,-0.01,-1,-1,-0.01,-1,-1,-0.01,-1,-1,-0.01,-1,-1,-0.01,-1,-1,-0.01,-1,-1,-0.01,-1,-1,-0.01,-1,-1,-0.01,-1,-1,-0.01,-1,-1
99926009,2026-05-18 11:06:00+05:30,53073.95,0,0.0,0,0.0,0.0,53282.15,53308.4,52783.45,53710.35,0,0.0,0.0,0.0,0.0,-0.01,-1,-1,-0.01,-1,-1,-0.01,-1,-1,-0.01,-1,-1,-0.01,-1,-1,-0.01,-1,-1,-0.01,-1,-1,-0.01,-1,-1,-0.01,-1,-1,-0.01,-1,-1
99926009,2026-05-18 11:06:00+05:30,53076.3,0,0.0,0,0.0,0.0,53282.15,53308.4,52783.45,53710.35,0,0.0,0.0,0.0,0.0,-0.01,-1,-1,-0.01,-1,-1,-0.01,-1,-1,-0.01,-1,-1,-0.01,-1,-1,-0.01,-1,-1,-0.01,-1,-1,-0.01,-1,-1,-0.01,-1,-1,-0.01,-1,-1
99926009,2026-05-18 11:06:01+05:30,53077.95,0,0.0,0,0.0,0.0,53282.15,53308.4,52783.45,53710.35,0,0.0,0.0,0.0,0.0,-0.01,-1,-1,-0.01,-1,-1,-0.01,-1,-1,-0.01,-1,-1,-0.01,-1,-1,-0.01,-1,-1,-0.01,-1,-1,-0.01,-1,-1,-0.01,-1,-1,-0.01,-1,-1
99926009,2026-05-18 11:06:01+05:30,53075.55,0,0.0,0,0.0,0.0,53282.15,53308.4,52783.45,53710.35,0,0.0,0.0,0.0,0.0,-0.01,-1,-1,-0.01,-1,-1,-0.01,-1,-1,-0.01,-1,-1,-0.01,-1,-1,-0.01,-1,-1,-0.01,-1,-1,-0.01,-1,-1,-0.01,-1,-1,-0.01,-1,-1
99926009,2026-05-18 11:06:02+05:30,53081.9,0,0.0,0,0.0,0.0,53282.15,53308.4,52783.45,53710.35,0,0.0,0.0,0.0,0.0,-0.01,-1,-1,-0.01,-1,-1,-0.01,-1,-1,-0.01,-1,-1,-0.01,-1,-1,-0.01,-1,-1,-0.01,-1,-1,-0.01,-1,-1,-0.01,-1,-1,-0.01,-1,-1
99926009,2026-05-18 11:06:02+05:30,53076.4,0,0.0,0,0.0,0.0,53282.15,53308.4,52783.45,53710.35,0,0.0,0.0,0.0,0.0,-0.01,-1,-1,-0.01,-1,-1,-0.01,-1,-1,-0.01,-1,-1,-0.01,-1,-1,-0.01,-1,-1,-0.01,-1,-1,-0.01,-1,-1,-0.01,-1,-1,-0.01,-1,-1
99926009,2026-05-18 11:06:03+05:30,53079.0,0,0.0,0,0.0,0.0,53282.15,53308.4,52783.45,53710.35,0,0.0,0.0,0.0,0.0,-0.01,-1,-1,-0.01,-1,-1,-0.01,-1,-1,-0.01,-1,-1,-0.01,-1,-1,-0.01,-1,-1,-0.01,-1,-1,-0.01,-1,-1,-0.01,-1,-1,-0.01,-1,-1
99926009,2026-05-18 11:06:03+05:30,53078.4,0,0.0,0,0.0,0.0,53282.15,53308.4,52783.45,53710.35,0,0.0,0.0,0.0,0.0,-0.01,-1,-1,-0.01,-1,-1,-0.01,-1,-1,-0.01,-1,-1,-0.01,-1,-1,-0.01,-1,-1,-0.01,-1,-1,-0.01,-1,-1,-0.01,-1,-1,-0.01,-1,-1
99926009,2026-05-18 11:06:04+05:30,53079.0,0,0.0,0,0.0,0.0,53282.15,53308.4,52783.45,53710.35,0,0.0,0.0,0.0,0.0,-0.01,-1,-1,-0.01,-1,-1,-0.01,-1,-1,-0.01,-1,-1,-0.01,-1,-1,-0.01,-1,-1,-0.01,-1,-1,-0.01,-1,-1,-0.01,-1,-1,-0.01,-1,-1
99926009,2026-05-18 11:06:04+05:30,53080.4,0,0.0,0,0.0,0.0,53282.15,53308.4,52783.45,53710.35,0,0.0,0.0,0.0,0.0,-0.01,-1,-1,-0.01,-1,-1,-0.01,-1,-1,-0.01,-1,-1,-0.01,-1,-1,-0.01,-1,-1,-0.01,-1,-1,-0.01,-1,-1,-0.01,-1,-1,-0.01,-1,-1
99926009,2026-05-18 11:06:05+05:30,53080.65,0,0.0,0,0.0,0.0,53282.15,53308.4,52783.45,53710.35,0,0.0,0.0,0.0,0.0,-0.01,-1,-1,-0.01,-1,-1,-0.01,-1,-1,-0.01,-1,-1,-0.01,-1,-1,-0.01,-1,-1,-0.01,-1,-1,-0.01,-1,-1,-0.01,-1,-1,-0.01,-1,-1
99926009,2026-05-18 11:06:05+05:30,53080.0,0,0.0,0,0.0,0.0,53282.15,53308.4,52783.45,53710.35,0,0.0,0.0,0.0,0.0,-0.01,-1,-1,-0.01,-1,-1,-0.01,-1,-1,-0.01,-1,-1,-0.01,-1,-1,-0.01,-1,-1,-0.01,-1,-1,-0.01,-1,-1,-0.01,-1,-1,-0.01,-1,-1
99926009,2026-05-18 11:06:06+05:30,53082.55,0,0.0,0,0.0,0.0,53282.15,53308.4,52783.45,53710.35,0,0.0,0.0,0.0,0.0,-0.01,-1,-1,-0.01,-1,-1,-0.01,-1,-1,-0.01,-1,-1,-0.01,-1,-1,-0.01,-1,-1,-0.01,-1,-1,-0.01,-1,-1,-0.01,-1,-1,-0.01,-1,-1
99926009,2026-05-18 11:06:06+05:30,53083.3,0,0.0,0,0.0,0.0,53282.15,53308.4,52783.45,53710.35,0,0.0,0.0,0.0,0.0,-0.01,-1,-1,-0.01,-1,-1,-0.01,-1,-1,-0.01,-1,-1,-0.01,-1,-1,-0.01,-1,-1,-0.01,-1,-1,-0.01,-1,-1,-0.01,-1,-1,-0.01,-1,-1
99926009,2026-05-18 11:06:07+05:30,53085.2,0,0.0,0,0.0,0.0,53282.15,53308.4,52783.45,53710.35,0,0.0,0.0,0.0,0.0,-0.01,-1,-1,-0.01,-1,-1,-0.01,-1,-1,-0.01,-1,-1,-0.01,-1,-1,-0.01,-1,-1,-0.01,-1,-1,-0.01,-1,-1,-0.01,-1,-1,-0.01,-1,-1
99926009,2026-05-18 11:06:07+05:30,53083.65,0,0.0,0,0.0,0.0,53282.15,53308.4,52783.45,53710.35,0,0.0,0.0,0.0,0.0,-0.01,-1,-1,-0.01,-1,-1,-0.01,-1,-1,-0.01,-1,-1,-0.01,-1,-1,-0.01,-1,-1,-0.01,-1,-1,-0.01,-1,-1,-0.01,-1,-1,-0.01,-1,-1
99926009,2026-05-18 11:06:08+05:30,53083.9,0,0.0,0,0.0,0.0,53282.15,53308.4,52783.45,53710.35,0,0.0,0.0,0.0,0.0,-0.01,-1,-1,-0.01,-1,-1,-0.01,-1,-1,-0.01,-1,-1,-0.01,-1,-1,-0.01,-1,-1,-0.01,-1,-1,-0.01,-1,-1,-0.01,-1,-1,-0.01,-1,-1
99926009,2026-05-18 11:06:08+05:30,53086.0,0,0.0,0,0.0,0.0,53282.15,53308.4,52783.45,53710.35,0,0.0,0.0,0.0,0.0,-0.01,-1,-1,-0.01,-1,-1,-0.01,-1,-1,-0.01,-1,-1,-0.01,-1,-1,-0.01,-1,-1,-0.01,-1,-1,-0.01,-1,-1,-0.01,-1,-1,-0.01,-1,-1
99926009,2026-05-18 11:06:09+05:30,53087.6,0,0.0,0,0.0,0.0,53282.15,53308.4,52783.45,53710.35,0,0.0,0.0,0.0,0.0,-0.01,-1,-1,-0.01,-1,-1,-0.01,-1,-1,-0.01,-1,-1,-0.01,-1,-1,-0.01,-1,-1,-0.01,-1,-1,-0.01,-1,-1,-0.01,-1,-1,-0.01,-1,-1
99926009,2026-05-18 11:06:09+05:30,53087.4,0,0.0,0,0.0,0.0,53282.15,53308.4,52783.45,53710.35,0,0.0,0.0,0.0,0.0,-0.01,-1,-1,-0.01,-1,-1,-0.01,-1,-1,-0.01,-1,-1,-0.01,-1,-1,-0.01,-1,-1,-0.01,-1,-1,-0.01,-1,-1,-0.01,-1,-1,-0.01,-1,-1
99926009,2026-05-18 11:06:10+05:30,53088.5,0,0.0,0,0.0,0.0,53282.15,53308.4,52783.45,53710.35,0,0.0,0.0,0.0,0.0,-0.01,-1,-1,-0.01,-1,-1,-0.01,-1,-1,-0.01,-1,-1,-0.01,-1,-1,-0.01,-1,-1,-0.01,-1,-1,-0.01,-1,-1,-0.01,-1,-1,-0.01,-1,-1
99926009,2026-05-18 11:06:10+05:30,53087.85,0,0.0,0,0.0,0.0,53282.15,53308.4,52783.45,53710.35,0,0.0,0.0,0.0,0.0,-0.01,-1,-1,-0.01,-1,-1,-0.01,-1,-1,-0.01,-1,-1,-0.01,-1,-1,-0.01,-1,-1,-0.01,-1,-1,-0.01,-1,-1,-0.01,-1,-1,-0.01,-1,-1
99926009,2026-05-18 11:06:11+05:30,53089.0,0,0.0,0,0.0,0.0,53282.15,53308.4,52783.45,53710.35,0,0.0,0.0,0.0,0.0,-0.01,-1,-1,-0.01,-1,-1,-0.01,-1,-1,-0.01,-1,-1,-0.01,-1,-1,-0.01,-1,-1,-0.01,-1,-1,-0.01,-1,-1,-0.01,-1,-1,-0.01,-1,-1
99926009,2026-05-18 11:06:11+05:30,53087.45,0,0.0,0,0.0,0.0,53282.15,53308.4,52783.45,53710.35,0,0.0,0.0,0.0,0.0,-0.01,-1,-1,-0.01,-1,-1,-0.01,-1,-1,-0.01,-1,-1,-0.01,-1,-1,-0.01,-1,-1,-0.01,-1,-1,-0.01,-1,-1,-0.01,-1,-1,-0.01,-1,-1
99926009,2026-05-18 11:06:12+05:30,53088.9,0,0.0,0,0.0,0.0,53282.15,53308.4,52783.45,53710.35,0,0.0,0.0,0.0,0.0,-0.01,-1,-1,-0.01,-1,-1,-0.01,-1,-1,-0.01,-1,-1,-0.01,-1,-1,-0.01,-1,-1,-0.01,-1,-1,-0.01,-1,-1,-0.01,-1,-1,-0.01,-1,-1
99926009,2026-05-18 11:06:12+05:30,53088.9,0,0.0,0,0.0,0.0,53282.15,53308.4,52783.45,53710.35,0,0.0,0.0,0.0,0.0,-0.01,-1,-1,-0.01,-1,-1,-0.01,-1,-1,-0.01,-1,-1,-0.01,-1,-1,-0.01,-1,-1,-0.01,-1,-1,-0.01,-1,-1,-0.01,-1,-1,-0.01,-1,-1
99926009,2026-05-18 11:06:13+05:30,53091.65,0,0.0,0,0.0,0.0,53282.15,53308.4,52783.45,53710.35,0,0.0,0.0,0.0,0.0,-0.01,-1,-1,-0.01,-1,-1,-0.01,-1,-1,-0.01,-1,-1,-0.01,-1,-1,-0.01,-1,-1,-0.01,-1,-1,-0.01,-1,-1,-0.01,-1,-1,-0.01,-1,-1
99926009,2026-05-18 11:06:13+05:30,53090.85,0,0.0,0,0.0,0.0,53282.15,53308.4,52783.45,53710.35,0,0.0,0.0,0.0,0.0,-0.01,-1,-1,-0.01,-1,-1,-0.01,-1,-1,-0.01,-1,-1,-0.01,-1,-1,-0.01,-1,-1,-0.01,-1,-1,-0.01,-1,-1,-0.01,-1,-1,-0.01,-1,-1
99926009,2026-05-18 11:06:14+05:30,53090.5,0,0.0,0,0.0,0.0,53282.15,53308.4,52783.45,53710.35,0,0.0,0.0,0.0,0.0,-0.01,-1,-1,-0.01,-1,-1,-0.01,-1,-1,-0.01,-1,-1,-0.01,-1,-1,-0.01,-1,-1,-0.01,-1,-1,-0.01,-1,-1,-0.01,-1,-1,-0.01,-1,-1
99926009,2026-05-18 11:06:14+05:30,53089.25,0,0.0,0,0.0,0.0,53282.15,53308.4,52783.45,53710.35,0,0.0,0.0,0.0,0.0,-0.01,-1,-1,-0.01,-1,-1,-0.01,-1,-1,-0.01,-1,-1,-0.01,-1,-1,-0.01,-1,-1,-0.01,-1,-1,-0.01,-1,-1,-0.01,-1,-1,-0.01,-1,-1
99926009,2026-05-18 11:06:15+05:30,53088.25,0,0.0,0,0.0,0.0,53282.15,53308.4,52783.45,53710.35,0,0.0,0.0,0.0,0.0,-0.01,-1,-1,-0.01,-1,-1,-0.01,-1,-1,-0.01,-1,-1,-0.01,-1,-1,-0.01,-1,-1,-0.01,-1,-1,-0.01,-1,-1,-0.01,-1,-1,-0.01,-1,-1
99926009,2026-05-18 11:06:15+05:30,53090.15,0,0.0,0,0.0,0.0,53282.15,53308.4,52783.45,53710.35,0,0.0,0.0,0.0,0.0,-0.01,-1,-1,-0.01,-1,-1,-0.01,-1,-1,-0.01,-1,-1,-0.01,-1,-1,-0.01,-1,-1,-0.01,-1,-1,-0.01,-1,-1,-0.01,-1,-1,-0.01,-1,-1
99926009,2026-05-18 11:06:16+05:30,53092.8,0,0.0,0,0.0,0.0,53282.15,53308.4,52783.45,53710.35,0,0.0,0.0,0.0,0.0,-0.01,-1,-1,-0.01,-1,-1,-0.01,-1,-1,-0.01,-1,-1,-0.01,-1,-1,-0.01,-1,-1,-0.01,-1,-1,-0.01,-1,-1,-0.01,-1,-1,-0.01,-1,-1
99926009,2026-05-18 11:06:16+05:30,53092.55,0,0.0,0,0.0,0.0,53282.15,53308.4,52783.45,53710.35,0,0.0,0.0,0.0,0.0,-0.01,-1,-1,-0.01,-1,-1,-0.01,-1,-1,-0.01,-1,-1,-0.01,-1,-1,-0.01,-1,-1,-0.01,-1,-1,-0.01,-1,-1,-0.01,-1,-1,-0.01,-1,-1
99926009,2026-05-18 11:06:17+05:30,53093.65,0,0.0,0,0.0,0.0,53282.15,53308.4,52783.45,53710.35,0,0.0,0.0,0.0,0.0,-0.01,-1,-1,-0.01,-1,-1,-0.01,-1,-1,-0.01,-1,-1,-0.01,-1,-1,-0.01,-1,-1,-0.01,-1,-1,-0.01,-1,-1,-0.01,-1,-1,-0.01,-1,-1
99926009,2026-05-18 11:06:17+05:30,53091.6,0,0.0,0,0.0,0.0,53282.15,53308.4,52783.45,53710.35,0,0.0,0.0,0.0,0.0,-0.01,-1,-1,-0.01,-1,-1,-0.01,-1,-1,-0.01,-1,-1,-0.01,-1,-1,-0.01,-1,-1,-0.01,-1,-1,-0.01,-1,-1,-0.01,-1,-1,-0.01,-1,-1
99926009,2026-05-18 11:06:18+05:30,53094.2,0,0.0,0,0.0,0.0,53282.15,53308.4,52783.45,53710.35,0,0.0,0.0,0.0,0.0,-0.01,-1,-1,-0.01,-1,-1,-0.01,-1,-1,-0.01,-1,-1,-0.01,-1,-1,-0.01,-1,-1,-0.01,-1,-1,-0.01,-1,-1,-0.01,-1,-1,-0.01,-1,-1
99926009,2026-05-18 11:06:18+05:30,53096.05,0,0.0,0,0.0,0.0,53282.15,53308.4,52783.45,53710.35,0,0.0,0.0,0.0,0.0,-0.01,-1,-1,-0.01,-1,-1,-0.01,-1,-1,-0.01,-1,-1,-0.01,-1,-1,-0.01,-1,-1,-0.01,-1,-1,-0.01,-1,-1,-0.01,-1,-1,-0.01,-1,-1
99926009,2026-05-18 11:06:19+05:30,53093.5,0,0.0,0,0.0,0.0,53282.15,53308.4,52783.45,53710.35,0,0.0,0.0,0.0,0.0,-0.01,-1,-1,-0.01,-1,-1,-0.01,-1,-1,-0.01,-1,-1,-0.01,-1,-1,-0.01,-1,-1,-0.01,-1,-1,-0.01,-1,-1,-0.01,-1,-1,-0.01,-1,-1
99926009,2026-05-18 11:06:19+05:30,53092.85,0,0.0,0,0.0,0.0,53282.15,53308.4,52783.45,53710.35,0,0.0,0.0,0.0,0.0,-0.01,-1,-1,-0.01,-1,-1,-0.01,-1,-1,-0.01,-1,-1,-0.01,-1,-1,-0.01,-1,-1,-0.01,-1,-1,-0.01,-1,-1,-0.01,-1,-1,-0.01,-1,-1
99926009,2026-05-18 11:06:20+05:30,53096.8,0,0.0,0,0.0,0.0,53282.15,53308.4,52783.45,53710.35,0,0.0,0.0,0.0,0.0,-0.01,-1,-1,-0.01,-1,-1,-0.01,-1,-1,-0.01,-1,-1,-0.01,-1,-1,-0.01,-1,-1,-0.01,-1,-1,-0.01,-1,-1,-0.01,-1,-1,-0.01,-1,-1
99926009,2026-05-18 11:06:20+05:30,53096.35,0,0.0,0,0.0,0.0,53282.15,53308.4,52783.45,53710.35,0,0.0,0.0,0.0,0.0,-0.01,-1,-1,-0.01,-1,-1,-0.01,-1,-1,-0.01,-1,-1,-0.01,-1,-1,-0.01,-1,-1,-0.01,-1,-1,-0.01,-1,-1,-0.01,-1,-1,-0.01,-1,-1
99926009,2026-05-18 11:06:21+05:30,53105.7,0,0.0,0,0.0,0.0,53282.15,53308.4,52783.45,53710.35,0,0.0,0.0,0.0,0.0,-0.01,-1,-1,-0.01,-1,-1,-0.01,-1,-1,-0.01,-1,-1,-0.01,-1,-1,-0.01,-1,-1,-0.01,-1,-1,-0.01,-1,-1,-0.01,-1,-1,-0.01,-1,-1
99926009,2026-05-18 11:06:21+05:30,53105.75,0,0.0,0,0.0,0.0,53282.15,53308.4,52783.45,53710.35,0,0.0,0.0,0.0,0.0,-0.01,-1,-1,-0.01,-1,-1,-0.01,-1,-1,-0.01,-1,-1,-0.01,-1,-1,-0.01,-1,-1,-0.01,-1,-1,-0.01,-1,-1,-0.01,-1,-1,-0.01,-1,-1
99926009,2026-05-18 11:06:22+05:30,53107.4,0,0.0,0,0.0,0.0,53282.15,53308.4,52783.45,53710.35,0,0.0,0.0,0.0,0.0,-0.01,-1,-1,-0.01,-1,-1,-0.01,-1,-1,-0.01,-1,-1,-0.01,-1,-1,-0.01,-1,-1,-0.01,-1,-1,-0.01,-1,-1,-0.01,-1,-1,-0.01,-1,-1
99926009,2026-05-18 11:06:22+05:30,53108.1,0,0.0,0,0.0,0.0,53282.15,53308.4,52783.45,53710.35,0,0.0,0.0,0.0,0.0,-0.01,-1,-1,-0.01,-1,-1,-0.01,-1,-1,-0.01,-1,-1,-0.01,-1,-1,-0.01,-1,-1,-0.01,-1,-1,-0.01,-1,-1,-0.01,-1,-1,-0.01,-1,-1
99926009,2026-05-18 11:06:23+05:30,53106.95,0,0.0,0,0.0,0.0,53282.15,53308.4,52783.45,53710.35,0,0.0,0.0,0.0,0.0,-0.01,-1,-1,-0.01,-1,-1,-0.01,-1,-1,-0.01,-1,-1,-0.01,-1,-1,-0.01,-1,-1,-0.01,-1,-1,-0.01,-1,-1,-0.01,-1,-1,-0.01,-1,-1
99926009,2026-05-18 11:06:23+05:30,53104.55,0,0.0,0,0.0,0.0,53282.15,53308.4,52783.45,53710.35,0,0.0,0.0,0.0,0.0,-0.01,-1,-1,-0.01,-1,-1,-0.01,-1,-1,-0.01,-1,-1,-0.01,-1,-1,-0.01,-1,-1,-0.01,-1,-1,-0.01,-1,-1,-0.01,-1,-1,-0.01,-1,-1
99926009,2026-05-18 11:06:24+05:30,53105.15,0,0.0,0,0.0,0.0,53282.15,53308.4,52783.45,53710.35,0,0.0,0.0,0.0,0.0,-0.01,-1,-1,-0.01,-1,-1,-0.01,-1,-1,-0.01,-1,-1,-0.01,-1,-1,-0.01,-1,-1,-0.01,-1,-1,-0.01,-1,-1,-0.01,-1,-1,-0.01,-1,-1
99926009,2026-05-18 11:06:24+05:30,53105.15,0,0.0,0,0.0,0.0,53282.15,53308.4,52783.45,53710.35,0,0.0,0.0,0.0,0.0,-0.01,-1,-1,-0.01,-1,-1,-0.01,-1,-1,-0.01,-1,-1,-0.01,-1,-1,-0.01,-1,-1,-0.01,-1,-1,-0.01,-1,-1,-0.01,-1,-1,-0.01,-1,-1
99926009,2026-05-18 11:06:25+05:30,53105.2,0,0.0,0,0.0,0.0,53282.15,53308.4,52783.45,53710.35,0,0.0,0.0,0.0,0.0,-0.01,-1,-1,-0.01,-1,-1,-0.01,-1,-1,-0.01,-1,-1,-0.01,-1,-1,-0.01,-1,-1,-0.01,-1,-1,-0.01,-1,-1,-0.01,-1,-1,-0.01,-1,-1
99926009,2026-05-18 11:06:25+05:30,53103.65,0,0.0,0,0.0,0.0,53282.15,53308.4,52783.45,53710.35,0,0.0,0.0,0.0,0.0,-0.01,-1,-1,-0.01,-1,-1,-0.01,-1,-1,-0.01,-1,-1,-0.01,-1,-1,-0.01,-1,-1,-0.01,-1,-1,-0.01,-1,-1,-0.01,-1,-1,-0.01,-1,-1
99926009,2026-05-18 11:06:26+05:30,53105.95,0,0.0,0,0.0,0.0,53282.15,53308.4,52783.45,53710.35,0,0.0,0.0,0.0,0.0,-0.01,-1,-1,-0.01,-1,-1,-0.01,-1,-1,-0.01,-1,-1,-0.01,-1,-1,-0.01,-1,-1,-0.01,-1,-1,-0.01,-1,-1,-0.01,-1,-1,-0.01,-1,-1
99926009,2026-05-18 11:06:26+05:30,53100.9,0,0.0,0,0.0,0.0,53282.15,53308.4,52783.45,53710.35,0,0.0,0.0,0.0,0.0,-0.01,-1,-1,-0.01,-1,-1,-0.01,-1,-1,-0.01,-1,-1,-0.01,-1,-1,-0.01,-1,-1,-0.01,-1,-1,-0.01,-1,-1,-0.01,-1,-1,-0.01,-1,-1
99926009,2026-05-18 11:06:27+05:30,53103.8,0,0.0,0,0.0,0.0,53282.15,53308.4,52783.45,53710.35,0,0.0,0.0,0.0,0.0,-0.01,-1,-1,-0.01,-1,-1,-0.01,-1,-1,-0.01,-1,-1,-0.01,-1,-1,-0.01,-1,-1,-0.01,-1,-1,-0.01,-1,-1,-0.01,-1,-1,-0.01,-1,-1
99926009,2026-05-18 11:06:27+05:30,53104.65,0,0.0,0,0.0,0.0,53282.15,53308.4,52783.45,53710.35,0,0.0,0.0,0.0,0.0,-0.01,-1,-1,-0.01,-1,-1,-0.01,-1,-1,-0.01,-1,-1,-0.01,-1,-1,-0.01,-1,-1,-0.01,-1,-1,-0.01,-1,-1,-0.01,-1,-1,-0.01,-1,-1
99926009,2026-05-18 11:06:28+05:30,53105.55,0,0.0,0,0.0,0.0,53282.15,53308.4,52783.45,53710.35,0,0.0,0.0,0.0,0.0,-0.01,-1,-1,-0.01,-1,-1,-0.01,-1,-1,-0.01,-1,-1,-0.01,-1,-1,-0.01,-1,-1,-0.01,-1,-1,-0.01,-1,-1,-0.01,-1,-1,-0.01,-1,-1
99926009,2026-05-18 11:06:28+05:30,53104.0,0,0.0,0,0.0,0.0,53282.15,53308.4,52783.45,53710.35,0,0.0,0.0,0.0,0.0,-0.01,-1,-1,-0.01,-1,-1,-0.01,-1,-1,-0.01,-1,-1,-0.01,-1,-1,-0.01,-1,-1,-0.01,-1,-1,-0.01,-1,-1,-0.01,-1,-1,-0.01,-1,-1
99926009,2026-05-18 11:06:29+05:30,53101.65,0,0.0,0,0.0,0.0,53282.15,53308.4,52783.45,53710.35,0,0.0,0.0,0.0,0.0,-0.01,-1,-1,-0.01,-1,-1,-0.01,-1,-1,-0.01,-1,-1,-0.01,-1,-1,-0.01,-1,-1,-0.01,-1,-1,-0.01,-1,-1,-0.01,-1,-1,-0.01,-1,-1
99926009,2026-05-18 11:06:29+05:30,53102.3,0,0.0,0,0.0,0.0,53282.15,53308.4,52783.45,53710.35,0,0.0,0.0,0.0,0.0,-0.01,-1,-1,-0.01,-1,-1,-0.01,-1,-1,-0.01,-1,-1,-0.01,-1,-1,-0.01,-1,-1,-0.01,-1,-1,-0.01,-1,-1,-0.01,-1,-1,-0.01,-1,-1
99926009,2026-05-18 11:06:30+05:30,53100.5,0,0.0,0,0.0,0.0,53282.15,53308.4,52783.45,53710.35,0,0.0,0.0,0.0,0.0,-0.01,-1,-1,-0.01,-1,-1,-0.01,-1,-1,-0.01,-1,-1,-0.01,-1,-1,-0.01,-1,-1,-0.01,-1,-1,-0.01,-1,-1,-0.01,-1,-1,-0.01,-1,-1
99926009,2026-05-18 11:06:30+05:30,53100.4,0,0.0,0,0.0,0.0,53282.15,53308.4,52783.45,53710.35,0,0.0,0.0,0.0,0.0,-0.01,-1,-1,-0.01,-1,-1,-0.01,-1,-1,-0.01,-1,-1,-0.01,-1,-1,-0.01,-1,-1,-0.01,-1,-1,-0.01,-1,-1,-0.01,-1,-1,-0.01,-1,-1
99926009,2026-05-18 11:06:31+05:30,53103.6,0,0.0,0,0.0,0.0,53282.15,53308.4,52783.45,53710.35,0,0.0,0.0,0.0,0.0,-0.01,-1,-1,-0.01,-1,-1,-0.01,-1,-1,-0.01,-1,-1,-0.01,-1,-1,-0.01,-1,-1,-0.01,-1,-1,-0.01,-1,-1,-0.01,-1,-1,-0.01,-1,-1
99926009,2026-05-18 11:06:31+05:30,53103.65,0,0.0,0,0.0,0.0,53282.15,53308.4,52783.45,53710.35,0,0.0,0.0,0.0,0.0,-0.01,-1,-1,-0.01,-1,-1,-0.01,-1,-1,-0.01,-1,-1,-0.01,-1,-1,-0.01,-1,-1,-0.01,-1,-1,-0.01,-1,-1,-0.01,-1,-1,-0.01,-1,-1
99926009,2026-05-18 11:06:32+05:30,53104.25,0,0.0,0,0.0,0.0,53282.15,53308.4,52783.45,53710.35,0,0.0,0.0,0.0,0.0,-0.01,-1,-1,-0.01,-1,-1,-0.01,-1,-1,-0.01,-1,-1,-0.01,-1,-1,-0.01,-1,-1,-0.01,-1,-1,-0.01,-1,-1,-0.01,-1,-1,-0.01,-1,-1
99926009,2026-05-18 11:06:32+05:30,53101.1,0,0.0,0,0.0,0.0,53282.15,53308.4,52783.45,53710.35,0,0.0,0.0,0.0,0.0,-0.01,-1,-1,-0.01,-1,-1,-0.01,-1,-1,-0.01,-1,-1,-0.01,-1,-1,-0.01,-1,-1,-0.01,-1,-1,-0.01,-1,-1,-0.01,-1,-1,-0.01,-1,-1
99926009,2026-05-18 11:06:33+05:30,53102.6,0,0.0,0,0.0,0.0,53282.15,53308.4,52783.45,53710.35,0,0.0,0.0,0.0,0.0,-0.01,-1,-1,-0.01,-1,-1,-0.01,-1,-1,-0.01,-1,-1,-0.01,-1,-1,-0.01,-1,-1,-0.01,-1,-1,-0.01,-1,-1,-0.01,-1,-1,-0.01,-1,-1
99926009,2026-05-18 11:06:33+05:30,53103.55,0,0.0,0,0.0,0.0,53282.15,53308.4,52783.45,53710.35,0,0.0,0.0,0.0,0.0,-0.01,-1,-1,-0.01,-1,-1,-0.01,-1,-1,-0.01,-1,-1,-0.01,-1,-1,-0.01,-1,-1,-0.01,-1,-1,-0.01,-1,-1,-0.01,-1,-1,-0.01,-1,-1
99926009,2026-05-18 11:06:34+05:30,53103.95,0,0.0,0,0.0,0.0,53282.15,53308.4,52783.45,53710.35,0,0.0,0.0,0.0,0.0,-0.01,-1,-1,-0.01,-1,-1,-0.01,-1,-1,-0.01,-1,-1,-0.01,-1,-1,-0.01,-1,-1,-0.01,-1,-1,-0.01,-1,-1,-0.01,-1,-1,-0.01,-1,-1
99926009,2026-05-18 11:06:34+05:30,53103.5,0,0.0,0,0.0,0.0,53282.15,53308.4,52783.45,53710.35,0,0.0,0.0,0.0,0.0,-0.01,-1,-1,-0.01,-1,-1,-0.01,-1,-1,-0.01,-1,-1,-0.01,-1,-1,-0.01,-1,-1,-0.01,-1,-1,-0.01,-1,-1,-0.01,-1,-1,-0.01,-1,-1
99926009,2026-05-18 11:06:35+05:30,53103.15,0,0.0,0,0.0,0.0,53282.15,53308.4,52783.45,53710.35,0,0.0,0.0,0.0,0.0,-0.01,-1,-1,-0.01,-1,-1,-0.01,-1,-1,-0.01,-1,-1,-0.01,-1,-1,-0.01,-1,-1,-0.01,-1,-1,-0.01,-1,-1,-0.01,-1,-1,-0.01,-1,-1
99926009,2026-05-18 11:06:35+05:30,53102.1,0,0.0,0,0.0,0.0,53282.15,53308.4,52783.45,53710.35,0,0.0,0.0,0.0,0.0,-0.01,-1,-1,-0.01,-1,-1,-0.01,-1,-1,-0.01,-1,-1,-0.01,-1,-1,-0.01,-1,-1,-0.01,-1,-1,-0.01,-1,-1,-0.01,-1,-1,-0.01,-1,-1
99926009,2026-05-18 11:06:36+05:30,53102.2,0,0.0,0,0.0,0.0,53282.15,53308.4,52783.45,53710.35,0,0.0,0.0,0.0,0.0,-0.01,-1,-1,-0.01,-1,-1,-0.01,-1,-1,-0.01,-1,-1,-0.01,-1,-1,-0.01,-1,-1,-0.01,-1,-1,-0.01,-1,-1,-0.01,-1,-1,-0.01,-1,-1
99926009,2026-05-18 11:06:36+05:30,53101.2,0,0.0,0,0.0,0.0,53282.15,53308.4,52783.45,53710.35,0,0.0,0.0,0.0,0.0,-0.01,-1,-1,-0.01,-1,-1,-0.01,-1,-1,-0.01,-1,-1,-0.01,-1,-1,-0.01,-1,-1,-0.01,-1,-1,-0.01,-1,-1,-0.01,-1,-1,-0.01,-1,-1
99926009,2026-05-18 11:06:37+05:30,53100.95,0,0.0,0,0.0,0.0,53282.15,53308.4,52783.45,53710.35,0,0.0,0.0,0.0,0.0,-0.01,-1,-1,-0.01,-1,-1,-0.01,-1,-1,-0.01,-1,-1,-0.01,-1,-1,-0.01,-1,-1,-0.01,-1,-1,-0.01,-1,-1,-0.01,-1,-1,-0.01,-1,-1
99926009,2026-05-18 11:06:37+05:30,53098.95,0,0.0,0,0.0,0.0,53282.15,53308.4,52783.45,53710.35,0,0.0,0.0,0.0,0.0,-0.01,-1,-1,-0.01,-1,-1,-0.01,-1,-1,-0.01,-1,-1,-0.01,-1,-1,-0.01,-1,-1,-0.01,-1,-1,-0.01,-1,-1,-0.01,-1,-1,-0.01,-1,-1
99926009,2026-05-18 11:06:38+05:30,53096.9,0,0.0,0,0.0,0.0,53282.15,53308.4,52783.45,53710.35,0,0.0,0.0,0.0,0.0,-0.01,-1,-1,-0.01,-1,-1,-0.01,-1,-1,-0.01,-1,-1,-0.01,-1,-1,-0.01,-1,-1,-0.01,-1,-1,-0.01,-1,-1,-0.01,-1,-1,-0.01,-1,-1
99926009,2026-05-18 11:06:38+05:30,53097.95,0,0.0,0,0.0,0.0,53282.15,53308.4,52783.45,53710.35,0,0.0,0.0,0.0,0.0,-0.01,-1,-1,-0.01,-1,-1,-0.01,-1,-1,-0.01,-1,-1,-0.01,-1,-1,-0.01,-1,-1,-0.01,-1,-1,-0.01,-1,-1,-0.01,-1,-1,-0.01,-1,-1
99926009,2026-05-18 11:06:39+05:30,53099.85,0,0.0,0,0.0,0.0,53282.15,53308.4,52783.45,53710.35,0,0.0,0.0,0.0,0.0,-0.01,-1,-1,-0.01,-1,-1,-0.01,-1,-1,-0.01,-1,-1,-0.01,-1,-1,-0.01,-1,-1,-0.01,-1,-1,-0.01,-1,-1,-0.01,-1,-1,-0.01,-1,-1
99926009,2026-05-18 11:06:39+05:30,53098.05,0,0.0,0,0.0,0.0,53282.15,53308.4,52783.45,53710.35,0,0.0,0.0,0.0,0.0,-0.01,-1,-1,-0.01,-1,-1,-0.01,-1,-1,-0.01,-1,-1,-0.01,-1,-1,-0.01,-1,-1,-0.01,-1,-1,-0.01,-1,-1,-0.01,-1,-1,-0.01,-1,-1
99926009,2026-05-18 11:06:40+05:30,53099.45,0,0.0,0,0.0,0.0,53282.15,53308.4,52783.45,53710.35,0,0.0,0.0,0.0,0.0,-0.01,-1,-1,-0.01,-1,-1,-0.01,-1,-1,-0.01,-1,-1,-0.01,-1,-1,-0.01,-1,-1,-0.01,-1,-1,-0.01,-1,-1,-0.01,-1,-1,-0.01,-1,-1
99926009,2026-05-18 11:06:40+05:30,53099.25,0,0.0,0,0.0,0.0,53282.15,53308.4,52783.45,53710.35,0,0.0,0.0,0.0,0.0,-0.01,-1,-1,-0.01,-1,-1,-0.01,-1,-1,-0.01,-1,-1,-0.01,-1,-1,-0.01,-1,-1,-0.01,-1,-1,-0.01,-1,-1,-0.01,-1,-1,-0.01,-1,-1
99926009,2026-05-18 11:06:41+05:30,53100.6,0,0.0,0,0.0,0.0,53282.15,53308.4,52783.45,53710.35,0,0.0,0.0,0.0,0.0,-0.01,-1,-1,-0.01,-1,-1,-0.01,-1,-1,-0.01,-1,-1,-0.01,-1,-1,-0.01,-1,-1,-0.01,-1,-1,-0.01,-1,-1,-0.01,-1,-1,-0.01,-1,-1
99926009,2026-05-18 11:06:41+05:30,53100.4,0,0.0,0,0.0,0.0,53282.15,53308.4,52783.45,53710.35,0,0.0,0.0,0.0,0.0,-0.01,-1,-1,-0.01,-1,-1,-0.01,-1,-1,-0.01,-1,-1,-0.01,-1,-1,-0.01,-1,-1,-0.01,-1,-1,-0.01,-1,-1,-0.01,-1,-1,-0.01,-1,-1
99926009,2026-05-18 11:06:42+05:30,53099.25,0,0.0,0,0.0,0.0,53282.15,53308.4,52783.45,53710.35,0,0.0,0.0,0.0,0.0,-0.01,-1,-1,-0.01,-1,-1,-0.01,-1,-1,-0.01,-1,-1,-0.01,-1,-1,-0.01,-1,-1,-0.01,-1,-1,-0.01,-1,-1,-0.01,-1,-1,-0.01,-1,-1
99926009,2026-05-18 11:06:42+05:30,53097.3,0,0.0,0,0.0,0.0,53282.15,53308.4,52783.45,53710.35,0,0.0,0.0,0.0,0.0,-0.01,-1,-1,-0.01,-1,-1,-0.01,-1,-1,-0.01,-1,-1,-0.01,-1,-1,-0.01,-1,-1,-0.01,-1,-1,-0.01,-1,-1,-0.01,-1,-1,-0.01,-1,-1
99926009,2026-05-18 11:06:43+05:30,53097.3,0,0.0,0,0.0,0.0,53282.15,53308.4,52783.45,53710.35,0,0.0,0.0,0.0,0.0,-0.01,-1,-1,-0.01,-1,-1,-0.01,-1,-1,-0.01,-1,-1,-0.01,-1,-1,-0.01,-1,-1,-0.01,-1,-1,-0.01,-1,-1,-0.01,-1,-1,-0.01,-1,-1
99926009,2026-05-18 11:06:43+05:30,53096.95,0,0.0,0,0.0,0.0,53282.15,53308.4,52783.45,53710.35,0,0.0,0.0,0.0,0.0,-0.01,-1,-1,-0.01,-1,-1,-0.01,-1,-1,-0.01,-1,-1,-0.01,-1,-1,-0.01,-1,-1,-0.01,-1,-1,-0.01,-1,-1,-0.01,-1,-1,-0.01,-1,-1
99926009,2026-05-18 11:06:44+05:30,53099.6,0,0.0,0,0.0,0.0,53282.15,53308.4,52783.45,53710.35,0,0.0,0.0,0.0,0.0,-0.01,-1,-1,-0.01,-1,-1,-0.01,-1,-1,-0.01,-1,-1,-0.01,-1,-1,-0.01,-1,-1,-0.01,-1,-1,-0.01,-1,-1,-0.01,-1,-1,-0.01,-1,-1
99926009,2026-05-18 11:06:44+05:30,53097.95,0,0.0,0,0.0,0.0,53282.15,53308.4,52783.45,53710.35,0,0.0,0.0,0.0,0.0,-0.01,-1,-1,-0.01,-1,-1,-0.01,-1,-1,-0.01,-1,-1,-0.01,-1,-1,-0.01,-1,-1,-0.01,-1,-1,-0.01,-1,-1,-0.01,-1,-1,-0.01,-1,-1
99926009,2026-05-18 11:06:45+05:30,53104.2,0,0.0,0,0.0,0.0,53282.15,53308.4,52783.45,53710.35,0,0.0,0.0,0.0,0.0,-0.01,-1,-1,-0.01,-1,-1,-0.01,-1,-1,-0.01,-1,-1,-0.01,-1,-1,-0.01,-1,-1,-0.01,-1,-1,-0.01,-1,-1,-0.01,-1,-1,-0.01,-1,-1
99926009,2026-05-18 11:06:45+05:30,53101.95,0,0.0,0,0.0,0.0,53282.15,53308.4,52783.45,53710.35,0,0.0,0.0,0.0,0.0,-0.01,-1,-1,-0.01,-1,-1,-0.01,-1,-1,-0.01,-1,-1,-0.01,-1,-1,-0.01,-1,-1,-0.01,-1,-1,-0.01,-1,-1,-0.01,-1,-1,-0.01,-1,-1
99926009,2026-05-18 11:06:46+05:30,53101.95,0,0.0,0,0.0,0.0,53282.15,53308.4,52783.45,53710.35,0,0.0,0.0,0.0,0.0,-0.01,-1,-1,-0.01,-1,-1,-0.01,-1,-1,-0.01,-1,-1,-0.01,-1,-1,-0.01,-1,-1,-0.01,-1,-1,-0.01,-1,-1,-0.01,-1,-1,-0.01,-1,-1
99926009,2026-05-18 11:06:46+05:30,53100.85,0,0.0,0,0.0,0.0,53282.15,53308.4,52783.45,53710.35,0,0.0,0.0,0.0,0.0,-0.01,-1,-1,-0.01,-1,-1,-0.01,-1,-1,-0.01,-1,-1,-0.01,-1,-1,-0.01,-1,-1,-0.01,-1,-1,-0.01,-1,-1,-0.01,-1,-1,-0.01,-1,-1
99926009,2026-05-18 11:06:47+05:30,53102.65,0,0.0,0,0.0,0.0,53282.15,53308.4,52783.45,53710.35,0,0.0,0.0,0.0,0.0,-0.01,-1,-1,-0.01,-1,-1,-0.01,-1,-1,-0.01,-1,-1,-0.01,-1,-1,-0.01,-1,-1,-0.01,-1,-1,-0.01,-1,-1,-0.01,-1,-1,-0.01,-1,-1
99926009,2026-05-18 11:06:47+05:30,53102.9,0,0.0,0,0.0,0.0,53282.15,53308.4,52783.45,53710.35,0,0.0,0.0,0.0,0.0,-0.01,-1,-1,-0.01,-1,-1,-0.01,-1,-1,-0.01,-1,-1,-0.01,-1,-1,-0.01,-1,-1,-0.01,-1,-1,-0.01,-1,-1,-0.01,-1,-1,-0.01,-1,-1
99926009,2026-05-18 11:06:48+05:30,53102.1,0,0.0,0,0.0,0.0,53282.15,53308.4,52783.45,53710.35,0,0.0,0.0,0.0,0.0,-0.01,-1,-1,-0.01,-1,-1,-0.01,-1,-1,-0.01,-1,-1,-0.01,-1,-1,-0.01,-1,-1,-0.01,-1,-1,-0.01,-1,-1,-0.01,-1,-1,-0.01,-1,-1
99926009,2026-05-18 11:06:48+05:30,53100.35,0,0.0,0,0.0,0.0,53282.15,53308.4,52783.45,53710.35,0,0.0,0.0,0.0,0.0,-0.01,-1,-1,-0.01,-1,-1,-0.01,-1,-1,-0.01,-1,-1,-0.01,-1,-1,-0.01,-1,-1,-0.01,-1,-1,-0.01,-1,-1,-0.01,-1,-1,-0.01,-1,-1
99926009,2026-05-18 11:06:49+05:30,53101.6,0,0.0,0,0.0,0.0,53282.15,53308.4,52783.45,53710.35,0,0.0,0.0,0.0,0.0,-0.01,-1,-1,-0.01,-1,-1,-0.01,-1,-1,-0.01,-1,-1,-0.01,-1,-1,-0.01,-1,-1,-0.01,-1,-1,-0.01,-1,-1,-0.01,-1,-1,-0.01,-1,-1
99926009,2026-05-18 11:06:49+05:30,53101.75,0,0.0,0,0.0,0.0,53282.15,53308.4,52783.45,53710.35,0,0.0,0.0,0.0,0.0,-0.01,-1,-1,-0.01,-1,-1,-0.01,-1,-1,-0.01,-1,-1,-0.01,-1,-1,-0.01,-1,-1,-0.01,-1,-1,-0.01,-1,-1,-0.01,-1,-1,-0.01,-1,-1
99926009,2026-05-18 11:06:50+05:30,53101.65,0,0.0,0,0.0,0.0,53282.15,53308.4,52783.45,53710.35,0,0.0,0.0,0.0,0.0,-0.01,-1,-1,-0.01,-1,-1,-0.01,-1,-1,-0.01,-1,-1,-0.01,-1,-1,-0.01,-1,-1,-0.01,-1,-1,-0.01,-1,-1,-0.01,-1,-1,-0.01,-1,-1
99926009,2026-05-18 11:06:50+05:30,53102.3,0,0.0,0,0.0,0.0,53282.15,53308.4,52783.45,53710.35,0,0.0,0.0,0.0,0.0,-0.01,-1,-1,-0.01,-1,-1,-0.01,-1,-1,-0.01,-1,-1,-0.01,-1,-1,-0.01,-1,-1,-0.01,-1,-1,-0.01,-1,-1,-0.01,-1,-1,-0.01,-1,-1
99926009,2026-05-18 11:06:51+05:30,53101.25,0,0.0,0,0.0,0.0,53282.15,53308.4,52783.45,53710.35,0,0.0,0.0,0.0,0.0,-0.01,-1,-1,-0.01,-1,-1,-0.01,-1,-1,-0.01,-1,-1,-0.01,-1,-1,-0.01,-1,-1,-0.01,-1,-1,-0.01,-1,-1,-0.01,-1,-1,-0.01,-1,-1
99926009,2026-05-18 11:06:51+05:30,53100.85,0,0.0,0,0.0,0.0,53282.15,53308.4,52783.45,53710.35,0,0.0,0.0,0.0,0.0,-0.01,-1,-1,-0.01,-1,-1,-0.01,-1,-1,-0.01,-1,-1,-0.01,-1,-1,-0.01,-1,-1,-0.01,-1,-1,-0.01,-1,-1,-0.01,-1,-1,-0.01,-1,-1
99926009,2026-05-18 11:06:52+05:30,53099.5,0,0.0,0,0.0,0.0,53282.15,53308.4,52783.45,53710.35,0,0.0,0.0,0.0,0.0,-0.01,-1,-1,-0.01,-1,-1,-0.01,-1,-1,-0.01,-1,-1,-0.01,-1,-1,-0.01,-1,-1,-0.01,-1,-1,-0.01,-1,-1,-0.01,-1,-1,-0.01,-1,-1
99926009,2026-05-18 11:06:52+05:30,53099.5,0,0.0,0,0.0,0.0,53282.15,53308.4,52783.45,53710.35,0,0.0,0.0,0.0,0.0,-0.01,-1,-1,-0.01,-1,-1,-0.01,-1,-1,-0.01,-1,-1,-0.01,-1,-1,-0.01,-1,-1,-0.01,-1,-1,-0.01,-1,-1,-0.01,-1,-1,-0.01,-1,-1
99926009,2026-05-18 11:06:53+05:30,53103.0,0,0.0,0,0.0,0.0,53282.15,53308.4,52783.45,53710.35,0,0.0,0.0,0.0,0.0,-0.01,-1,-1,-0.01,-1,-1,-0.01,-1,-1,-0.01,-1,-1,-0.01,-1,-1,-0.01,-1,-1,-0.01,-1,-1,-0.01,-1,-1,-0.01,-1,-1,-0.01,-1,-1
99926009,2026-05-18 11:06:53+05:30,53102.3,0,0.0,0,0.0,0.0,53282.15,53308.4,52783.45,53710.35,0,0.0,0.0,0.0,0.0,-0.01,-1,-1,-0.01,-1,-1,-0.01,-1,-1,-0.01,-1,-1,-0.01,-1,-1,-0.01,-1,-1,-0.01,-1,-1,-0.01,-1,-1,-0.01,-1,-1,-0.01,-1,-1
99926009,2026-05-18 11:06:54+05:30,53102.65,0,0.0,0,0.0,0.0,53282.15,53308.4,52783.45,53710.35,0,0.0,0.0,0.0,0.0,-0.01,-1,-1,-0.01,-1,-1,-0.01,-1,-1,-0.01,-1,-1,-0.01,-1,-1,-0.01,-1,-1,-0.01,-1,-1,-0.01,-1,-1,-0.01,-1,-1,-0.01,-1,-1
99926009,2026-05-18 11:06:54+05:30,53102.95,0,0.0,0,0.0,0.0,53282.15,53308.4,52783.45,53710.35,0,0.0,0.0,0.0,0.0,-0.01,-1,-1,-0.01,-1,-1,-0.01,-1,-1,-0.01,-1,-1,-0.01,-1,-1,-0.01,-1,-1,-0.01,-1,-1,-0.01,-1,-1,-0.01,-1,-1,-0.01,-1,-1
99926009,2026-05-18 11:06:55+05:30,53101.5,0,0.0,0,0.0,0.0,53282.15,53308.4,52783.45,53710.35,0,0.0,0.0,0.0,0.0,-0.01,-1,-1,-0.01,-1,-1,-0.01,-1,-1,-0.01,-1,-1,-0.01,-1,-1,-0.01,-1,-1,-0.01,-1,-1,-0.01,-1,-1,-0.01,-1,-1,-0.01,-1,-1
99926009,2026-05-18 11:06:55+05:30,53095.35,0,0.0,0,0.0,0.0,53282.15,53308.4,52783.45,53710.35,0,0.0,0.0,0.0,0.0,-0.01,-1,-1,-0.01,-1,-1,-0.01,-1,-1,-0.01,-1,-1,-0.01,-1,-1,-0.01,-1,-1,-0.01,-1,-1,-0.01,-1,-1,-0.01,-1,-1,-0.01,-1,-1
99926009,2026-05-18 11:06:56+05:30,53095.1,0,0.0,0,0.0,0.0,53282.15,53308.4,52783.45,53710.35,0,0.0,0.0,0.0,0.0,-0.01,-1,-1,-0.01,-1,-1,-0.01,-1,-1,-0.01,-1,-1,-0.01,-1,-1,-0.01,-1,-1,-0.01,-1,-1,-0.01,-1,-1,-0.01,-1,-1,-0.01,-1,-1
99926009,2026-05-18 11:06:56+05:30,53091.85,0,0.0,0,0.0,0.0,53282.15,53308.4,52783.45,53710.35,0,0.0,0.0,0.0,0.0,-0.01,-1,-1,-0.01,-1,-1,-0.01,-1,-1,-0.01,-1,-1,-0.01,-1,-1,-0.01,-1,-1,-0.01,-1,-1,-0.01,-1,-1,-0.01,-1,-1,-0.01,-1,-1
99926009,2026-05-18 11:06:57+05:30,53089.15,0,0.0,0,0.0,0.0,53282.15,53308.4,52783.45,53710.35,0,0.0,0.0,0.0,0.0,-0.01,-1,-1,-0.01,-1,-1,-0.01,-1,-1,-0.01,-1,-1,-0.01,-1,-1,-0.01,-1,-1,-0.01,-1,-1,-0.01,-1,-1,-0.01,-1,-1,-0.01,-1,-1
99926009,2026-05-18 11:06:57+05:30,53088.7,0,0.0,0,0.0,0.0,53282.15,53308.4,52783.45,53710.35,0,0.0,0.0,0.0,0.0,-0.01,-1,-1,-0.01,-1,-1,-0.01,-1,-1,-0.01,-1,-1,-0.01,-1,-1,-0.01,-1,-1,-0.01,-1,-1,-0.01,-1,-1,-0.01,-1,-1,-0.01,-1,-1
99926009,2026-05-18 11:06:58+05:30,53091.95,0,0.0,0,0.0,0.0,53282.15,53308.4,52783.45,53710.35,0,0.0,0.0,0.0,0.0,-0.01,-1,-1,-0.01,-1,-1,-0.01,-1,-1,-0.01,-1,-1,-0.01,-1,-1,-0.01,-1,-1,-0.01,-1,-1,-0.01,-1,-1,-0.01,-1,-1,-0.01,-1,-1
99926009,2026-05-18 11:06:58+05:30,53089.35,0,0.0,0,0.0,0.0,53282.15,53308.4,52783.45,53710.35,0,0.0,0.0,0.0,0.0,-0.01,-1,-1,-0.01,-1,-1,-0.01,-1,-1,-0.01,-1,-1,-0.01,-1,-1,-0.01,-1,-1,-0.01,-1,-1,-0.01,-1,-1,-0.01,-1,-1,-0.01,-1,-1
99926009,2026-05-18 11:06:59+05:30,53090.3,0,0.0,0,0.0,0.0,53282.15,53308.4,52783.45,53710.35,0,0.0,0.0,0.0,0.0,-0.01,-1,-1,-0.01,-1,-1,-0.01,-1,-1,-0.01,-1,-1,-0.01,-1,-1,-0.01,-1,-1,-0.01,-1,-1,-0.01,-1,-1,-0.01,-1,-1,-0.01,-1,-1
99926009,2026-05-18 11:06:59+05:30,53088.9,0,0.0,0,0.0,0.0,53282.15,53308.4,52783.45,53710.35,0,0.0,0.0,0.0,0.0,-0.01,-1,-1,-0.01,-1,-1,-0.01,-1,-1,-0.01,-1,-1,-0.01,-1,-1,-0.01,-1,-1,-0.01,-1,-1,-0.01,-1,-1,-0.01,-1,-1,-0.01,-1,-1
99926009,2026-05-18 11:07:00+05:30,53090.8,0,0.0,0,0.0,0.0,53282.15,53308.4,52783.45,53710.35,0,0.0,0.0,0.0,0.0,-0.01,-1,-1,-0.01,-1,-1,-0.01,-1,-1,-0.01,-1,-1,-0.01,-1,-1,-0.01,-1,-1,-0.01,-1,-1,-0.01,-1,-1,-0.01,-1,-1,-0.01,-1,-1
99926009,2026-05-18 11:07:00+05:30,53088.85,0,0.0,0,0.0,0.0,53282.15,53308.4,52783.45,53710.35,0,0.0,0.0,0.0,0.0,-0.01,-1,-1,-0.01,-1,-1,-0.01,-1,-1,-0.01,-1,-1,-0.01,-1,-1,-0.01,-1,-1,-0.01,-1,-1,-0.01,-1,-1,-0.01,-1,-1,-0.01,-1,-1
99926009,2026-05-18 11:07:01+05:30,53090.55,0,0.0,0,0.0,0.0,53282.15,53308.4,52783.45,53710.35,0,0.0,0.0,0.0,0.0,-0.01,-1,-1,-0.01,-1,-1,-0.01,-1,-1,-0.01,-1,-1,-0.01,-1,-1,-0.01,-1,-1,-0.01,-1,-1,-0.01,-1,-1,-0.01,-1,-1,-0.01,-1,-1
99926009,2026-05-18 11:07:01+05:30,53094.1,0,0.0,0,0.0,0.0,53282.15,53308.4,52783.45,53710.35,0,0.0,0.0,0.0,0.0,-0.01,-1,-1,-0.01,-1,-1,-0.01,-1,-1,-0.01,-1,-1,-0.01,-1,-1,-0.01,-1,-1,-0.01,-1,-1,-0.01,-1,-1,-0.01,-1,-1,-0.01,-1,-1
99926009,2026-05-18 11:07:02+05:30,53093.25,0,0.0,0,0.0,0.0,53282.15,53308.4,52783.45,53710.35,0,0.0,0.0,0.0,0.0,-0.01,-1,-1,-0.01,-1,-1,-0.01,-1,-1,-0.01,-1,-1,-0.01,-1,-1,-0.01,-1,-1,-0.01,-1,-1,-0.01,-1,-1,-0.01,-1,-1,-0.01,-1,-1
99926009,2026-05-18 11:07:02+05:30,53092.4,0,0.0,0,0.0,0.0,53282.15,53308.4,52783.45,53710.35,0,0.0,0.0,0.0,0.0,-0.01,-1,-1,-0.01,-1,-1,-0.01,-1,-1,-0.01,-1,-1,-0.01,-1,-1,-0.01,-1,-1,-0.01,-1,-1,-0.01,-1,-1,-0.01,-1,-1,-0.01,-1,-1
99926009,2026-05-18 11:07:03+05:30,53094.1,0,0.0,0,0.0,0.0,53282.15,53308.4,52783.45,53710.35,0,0.0,0.0,0.0,0.0,-0.01,-1,-1,-0.01,-1,-1,-0.01,-1,-1,-0.01,-1,-1,-0.01,-1,-1,-0.01,-1,-1,-0.01,-1,-1,-0.01,-1,-1,-0.01,-1,-1,-0.01,-1,-1
99926009,2026-05-18 11:07:03+05:30,53093.25,0,0.0,0,0.0,0.0,53282.15,53308.4,52783.45,53710.35,0,0.0,0.0,0.0,0.0,-0.01,-1,-1,-0.01,-1,-1,-0.01,-1,-1,-0.01,-1,-1,-0.01,-1,-1,-0.01,-1,-1,-0.01,-1,-1,-0.01,-1,-1,-0.01,-1,-1,-0.01,-1,-1
99926009,2026-05-18 11:07:04+05:30,53095.0,0,0.0,0,0.0,0.0,53282.15,53308.4,52783.45,53710.35,0,0.0,0.0,0.0,0.0,-0.01,-1,-1,-0.01,-1,-1,-0.01,-1,-1,-0.01,-1,-1,-0.01,-1,-1,-0.01,-1,-1,-0.01,-1,-1,-0.01,-1,-1,-0.01,-1,-1,-0.01,-1,-1
99926009,2026-05-18 11:07:04+05:30,53093.95,0,0.0,0,0.0,0.0,53282.15,53308.4,52783.45,53710.35,0,0.0,0.0,0.0,0.0,-0.01,-1,-1,-0.01,-1,-1,-0.01,-1,-1,-0.01,-1,-1,-0.01,-1,-1,-0.01,-1,-1,-0.01,-1,-1,-0.01,-1,-1,-0.01,-1,-1,-0.01,-1,-1
99926009,2026-05-18 11:07:05+05:30,53095.75,0,0.0,0,0.0,0.0,53282.15,53308.4,52783.45,53710.35,0,0.0,0.0,0.0,0.0,-0.01,-1,-1,-0.01,-1,-1,-0.01,-1,-1,-0.01,-1,-1,-0.01,-1,-1,-0.01,-1,-1,-0.01,-1,-1,-0.01,-1,-1,-0.01,-1,-1,-0.01,-1,-1
99926009,2026-05-18 11:07:05+05:30,53096.0,0,0.0,0,0.0,0.0,53282.15,53308.4,52783.45,53710.35,0,0.0,0.0,0.0,0.0,-0.01,-1,-1,-0.01,-1,-1,-0.01,-1,-1,-0.01,-1,-1,-0.01,-1,-1,-0.01,-1,-1,-0.01,-1,-1,-0.01,-1,-1,-0.01,-1,-1,-0.01,-1,-1
99926009,2026-05-18 11:07:06+05:30,53099.55,0,0.0,0,0.0,0.0,53282.15,53308.4,52783.45,53710.35,0,0.0,0.0,0.0,0.0,-0.01,-1,-1,-0.01,-1,-1,-0.01,-1,-1,-0.01,-1,-1,-0.01,-1,-1,-0.01,-1,-1,-0.01,-1,-1,-0.01,-1,-1,-0.01,-1,-1,-0.01,-1,-1
99926009,2026-05-18 11:07:06+05:30,53097.3,0,0.0,0,0.0,0.0,53282.15,53308.4,52783.45,53710.35,0,0.0,0.0,0.0,0.0,-0.01,-1,-1,-0.01,-1,-1,-0.01,-1,-1,-0.01,-1,-1,-0.01,-1,-1,-0.01,-1,-1,-0.01,-1,-1,-0.01,-1,-1,-0.01,-1,-1,-0.01,-1,-1
99926009,2026-05-18 11:07:07+05:30,53098.45,0,0.0,0,0.0,0.0,53282.15,53308.4,52783.45,53710.35,0,0.0,0.0,0.0,0.0,-0.01,-1,-1,-0.01,-1,-1,-0.01,-1,-1,-0.01,-1,-1,-0.01,-1,-1,-0.01,-1,-1,-0.01,-1,-1,-0.01,-1,-1,-0.01,-1,-1,-0.01,-1,-1
99926009,2026-05-18 11:07:07+05:30,53098.2,0,0.0,0,0.0,0.0,53282.15,53308.4,52783.45,53710.35,0,0.0,0.0,0.0,0.0,-0.01,-1,-1,-0.01,-1,-1,-0.01,-1,-1,-0.01,-1,-1,-0.01,-1,-1,-0.01,-1,-1,-0.01,-1,-1,-0.01,-1,-1,-0.01,-1,-1,-0.01,-1,-1
99926009,2026-05-18 11:07:08+05:30,53098.6,0,0.0,0,0.0,0.0,53282.15,53308.4,52783.45,53710.35,0,0.0,0.0,0.0,0.0,-0.01,-1,-1,-0.01,-1,-1,-0.01,-1,-1,-0.01,-1,-1,-0.01,-1,-1,-0.01,-1,-1,-0.01,-1,-1,-0.01,-1,-1,-0.01,-1,-1,-0.01,-1,-1
99926009,2026-05-18 11:07:09+05:30,53098.0,0,0.0,0,0.0,0.0,53282.15,53308.4,52783.45,53710.35,0,0.0,0.0,0.0,0.0,-0.01,-1,-1,-0.01,-1,-1,-0.01,-1,-1,-0.01,-1,-1,-0.01,-1,-1,-0.01,-1,-1,-0.01,-1,-1,-0.01,-1,-1,-0.01,-1,-1,-0.01,-1,-1
99926009,2026-05-18 11:07:09+05:30,53099.2,0,0.0,0,0.0,0.0,53282.15,53308.4,52783.45,53710.35,0,0.0,0.0,0.0,0.0,-0.01,-1,-1,-0.01,-1,-1,-0.01,-1,-1,-0.01,-1,-1,-0.01,-1,-1,-0.01,-1,-1,-0.01,-1,-1,-0.01,-1,-1,-0.01,-1,-1,-0.01,-1,-1
99926009,2026-05-18 11:07:10+05:30,53096.9,0,0.0,0,0.0,0.0,53282.15,53308.4,52783.45,53710.35,0,0.0,0.0,0.0,0.0,-0.01,-1,-1,-0.01,-1,-1,-0.01,-1,-1,-0.01,-1,-1,-0.01,-1,-1,-0.01,-1,-1,-0.01,-1,-1,-0.01,-1,-1,-0.01,-1,-1,-0.01,-1,-1
99926009,2026-05-18 11:07:10+05:30,53098.0,0,0.0,0,0.0,0.0,53282.15,53308.4,52783.45,53710.35,0,0.0,0.0,0.0,0.0,-0.01,-1,-1,-0.01,-1,-1,-0.01,-1,-1,-0.01,-1,-1,-0.01,-1,-1,-0.01,-1,-1,-0.01,-1,-1,-0.01,-1,-1,-0.01,-1,-1,-0.01,-1,-1
99926009,2026-05-18 11:07:11+05:30,53101.5,0,0.0,0,0.0,0.0,53282.15,53308.4,52783.45,53710.35,0,0.0,0.0,0.0,0.0,-0.01,-1,-1,-0.01,-1,-1,-0.01,-1,-1,-0.01,-1,-1,-0.01,-1,-1,-0.01,-1,-1,-0.01,-1,-1,-0.01,-1,-1,-0.01,-1,-1,-0.01,-1,-1
99926009,2026-05-18 11:07:11+05:30,53100.9,0,0.0,0,0.0,0.0,53282.15,53308.4,52783.45,53710.35,0,0.0,0.0,0.0,0.0,-0.01,-1,-1,-0.01,-1,-1,-0.01,-1,-1,-0.01,-1,-1,-0.01,-1,-1,-0.01,-1,-1,-0.01,-1,-1,-0.01,-1,-1,-0.01,-1,-1,-0.01,-1,-1
99926009,2026-05-18 11:07:12+05:30,53099.15,0,0.0,0,0.0,0.0,53282.15,53308.4,52783.45,53710.35,0,0.0,0.0,0.0,0.0,-0.01,-1,-1,-0.01,-1,-1,-0.01,-1,-1,-0.01,-1,-1,-0.01,-1,-1,-0.01,-1,-1,-0.01,-1,-1,-0.01,-1,-1,-0.01,-1,-1,-0.01,-1,-1
99926009,2026-05-18 11:07:12+05:30,53100.8,0,0.0,0,0.0,0.0,53282.15,53308.4,52783.45,53710.35,0,0.0,0.0,0.0,0.0,-0.01,-1,-1,-0.01,-1,-1,-0.01,-1,-1,-0.01,-1,-1,-0.01,-1,-1,-0.01,-1,-1,-0.01,-1,-1,-0.01,-1,-1,-0.01,-1,-1,-0.01,-1,-1
99926009,2026-05-18 11:07:13+05:30,53100.05,0,0.0,0,0.0,0.0,53282.15,53308.4,52783.45,53710.35,0,0.0,0.0,0.0,0.0,-0.01,-1,-1,-0.01,-1,-1,-0.01,-1,-1,-0.01,-1,-1,-0.01,-1,-1,-0.01,-1,-1,-0.01,-1,-1,-0.01,-1,-1,-0.01,-1,-1,-0.01,-1,-1
99926009,2026-05-18 11:07:13+05:30,53099.15,0,0.0,0,0.0,0.0,53282.15,53308.4,52783.45,53710.35,0,0.0,0.0,0.0,0.0,-0.01,-1,-1,-0.01,-1,-1,-0.01,-1,-1,-0.01,-1,-1,-0.01,-1,-1,-0.01,-1,-1,-0.01,-1,-1,-0.01,-1,-1,-0.01,-1,-1,-0.01,-1,-1
99926009,2026-05-18 11:07:14+05:30,53101.0,0,0.0,0,0.0,0.0,53282.15,53308.4,52783.45,53710.35,0,0.0,0.0,0.0,0.0,-0.01,-1,-1,-0.01,-1,-1,-0.01,-1,-1,-0.01,-1,-1,-0.01,-1,-1,-0.01,-1,-1,-0.01,-1,-1,-0.01,-1,-1,-0.01,-1,-1,-0.01,-1,-1
99926009,2026-05-18 11:07:14+05:30,53098.0,0,0.0,0,0.0,0.0,53282.15,53308.4,52783.45,53710.35,0,0.0,0.0,0.0,0.0,-0.01,-1,-1,-0.01,-1,-1,-0.01,-1,-1,-0.01,-1,-1,-0.01,-1,-1,-0.01,-1,-1,-0.01,-1,-1,-0.01,-1,-1,-0.01,-1,-1,-0.01,-1,-1
99926009,2026-05-18 11:07:15+05:30,53096.6,0,0.0,0,0.0,0.0,53282.15,53308.4,52783.45,53710.35,0,0.0,0.0,0.0,0.0,-0.01,-1,-1,-0.01,-1,-1,-0.01,-1,-1,-0.01,-1,-1,-0.01,-1,-1,-0.01,-1,-1,-0.01,-1,-1,-0.01,-1,-1,-0.01,-1,-1,-0.01,-1,-1
99926009,2026-05-18 11:07:15+05:30,53097.85,0,0.0,0,0.0,0.0,53282.15,53308.4,52783.45,53710.35,0,0.0,0.0,0.0,0.0,-0.01,-1,-1,-0.01,-1,-1,-0.01,-1,-1,-0.01,-1,-1,-0.01,-1,-1,-0.01,-1,-1,-0.01,-1,-1,-0.01,-1,-1,-0.01,-1,-1,-0.01,-1,-1
99926009,2026-05-18 11:07:16+05:30,53098.95,0,0.0,0,0.0,0.0,53282.15,53308.4,52783.45,53710.35,0,0.0,0.0,0.0,0.0,-0.01,-1,-1,-0.01,-1,-1,-0.01,-1,-1,-0.01,-1,-1,-0.01,-1,-1,-0.01,-1,-1,-0.01,-1,-1,-0.01,-1,-1,-0.01,-1,-1,-0.01,-1,-1
99926009,2026-05-18 11:07:16+05:30,53100.05,0,0.0,0,0.0,0.0,53282.15,53308.4,52783.45,53710.35,0,0.0,0.0,0.0,0.0,-0.01,-1,-1,-0.01,-1,-1,-0.01,-1,-1,-0.01,-1,-1,-0.01,-1,-1,-0.01,-1,-1,-0.01,-1,-1,-0.01,-1,-1,-0.01,-1,-1,-0.01,-1,-1
99926009,2026-05-18 11:07:17+05:30,53100.85,0,0.0,0,0.0,0.0,53282.15,53308.4,52783.45,53710.35,0,0.0,0.0,0.0,0.0,-0.01,-1,-1,-0.01,-1,-1,-0.01,-1,-1,-0.01,-1,-1,-0.01,-1,-1,-0.01,-1,-1,-0.01,-1,-1,-0.01,-1,-1,-0.01,-1,-1,-0.01,-1,-1
99926009,2026-05-18 11:07:17+05:30,53100.3,0,0.0,0,0.0,0.0,53282.15,53308.4,52783.45,53710.35,0,0.0,0.0,0.0,0.0,-0.01,-1,-1,-0.01,-1,-1,-0.01,-1,-1,-0.01,-1,-1,-0.01,-1,-1,-0.01,-1,-1,-0.01,-1,-1,-0.01,-1,-1,-0.01,-1,-1,-0.01,-1,-1
99926009,2026-05-18 11:07:18+05:30,53097.95,0,0.0,0,0.0,0.0,53282.15,53308.4,52783.45,53710.35,0,0.0,0.0,0.0,0.0,-0.01,-1,-1,-0.01,-1,-1,-0.01,-1,-1,-0.01,-1,-1,-0.01,-1,-1,-0.01,-1,-1,-0.01,-1,-1,-0.01,-1,-1,-0.01,-1,-1,-0.01,-1,-1
99926009,2026-05-18 11:07:18+05:30,53095.6,0,0.0,0,0.0,0.0,53282.15,53308.4,52783.45,53710.35,0,0.0,0.0,0.0,0.0,-0.01,-1,-1,-0.01,-1,-1,-0.01,-1,-1,-0.01,-1,-1,-0.01,-1,-1,-0.01,-1,-1,-0.01,-1,-1,-0.01,-1,-1,-0.01,-1,-1,-0.01,-1,-1
99926009,2026-05-18 11:07:19+05:30,53096.0,0,0.0,0,0.0,0.0,53282.15,53308.4,52783.45,53710.35,0,0.0,0.0,0.0,0.0,-0.01,-1,-1,-0.01,-1,-1,-0.01,-1,-1,-0.01,-1,-1,-0.01,-1,-1,-0.01,-1,-1,-0.01,-1,-1,-0.01,-1,-1,-0.01,-1,-1,-0.01,-1,-1
99926009,2026-05-18 11:07:19+05:30,53096.0,0,0.0,0,0.0,0.0,53282.15,53308.4,52783.45,53710.35,0,0.0,0.0,0.0,0.0,-0.01,-1,-1,-0.01,-1,-1,-0.01,-1,-1,-0.01,-1,-1,-0.01,-1,-1,-0.01,-1,-1,-0.01,-1,-1,-0.01,-1,-1,-0.01,-1,-1,-0.01,-1,-1
99926009,2026-05-18 11:07:20+05:30,53096.8,0,0.0,0,0.0,0.0,53282.15,53308.4,52783.45,53710.35,0,0.0,0.0,0.0,0.0,-0.01,-1,-1,-0.01,-1,-1,-0.01,-1,-1,-0.01,-1,-1,-0.01,-1,-1,-0.01,-1,-1,-0.01,-1,-1,-0.01,-1,-1,-0.01,-1,-1,-0.01,-1,-1
99926009,2026-05-18 11:07:20+05:30,53098.95,0,0.0,0,0.0,0.0,53282.15,53308.4,52783.45,53710.35,0,0.0,0.0,0.0,0.0,-0.01,-1,-1,-0.01,-1,-1,-0.01,-1,-1,-0.01,-1,-1,-0.01,-1,-1,-0.01,-1,-1,-0.01,-1,-1,-0.01,-1,-1,-0.01,-1,-1,-0.01,-1,-1
99926009,2026-05-18 11:07:21+05:30,53098.3,0,0.0,0,0.0,0.0,53282.15,53308.4,52783.45,53710.35,0,0.0,0.0,0.0,0.0,-0.01,-1,-1,-0.01,-1,-1,-0.01,-1,-1,-0.01,-1,-1,-0.01,-1,-1,-0.01,-1,-1,-0.01,-1,-1,-0.01,-1,-1,-0.01,-1,-1,-0.01,-1,-1
99926009,2026-05-18 11:07:21+05:30,53099.35,0,0.0,0,0.0,0.0,53282.15,53308.4,52783.45,53710.35,0,0.0,0.0,0.0,0.0,-0.01,-1,-1,-0.01,-1,-1,-0.01,-1,-1,-0.01,-1,-1,-0.01,-1,-1,-0.01,-1,-1,-0.01,-1,-1,-0.01,-1,-1,-0.01,-1,-1,-0.01,-1,-1
99926009,2026-05-18 11:07:22+05:30,53098.45,0,0.0,0,0.0,0.0,53282.15,53308.4,52783.45,53710.35,0,0.0,0.0,0.0,0.0,-0.01,-1,-1,-0.01,-1,-1,-0.01,-1,-1,-0.01,-1,-1,-0.01,-1,-1,-0.01,-1,-1,-0.01,-1,-1,-0.01,-1,-1,-0.01,-1,-1,-0.01,-1,-1
99926009,2026-05-18 11:07:22+05:30,53098.95,0,0.0,0,0.0,0.0,53282.15,53308.4,52783.45,53710.35,0,0.0,0.0,0.0,0.0,-0.01,-1,-1,-0.01,-1,-1,-0.01,-1,-1,-0.01,-1,-1,-0.01,-1,-1,-0.01,-1,-1,-0.01,-1,-1,-0.01,-1,-1,-0.01,-1,-1,-0.01,-1,-1
99926009,2026-05-18 11:07:23+05:30,53098.7,0,0.0,0,0.0,0.0,53282.15,53308.4,52783.45,53710.35,0,0.0,0.0,0.0,0.0,-0.01,-1,-1,-0.01,-1,-1,-0.01,-1,-1,-0.01,-1,-1,-0.01,-1,-1,-0.01,-1,-1,-0.01,-1,-1,-0.01,-1,-1,-0.01,-1,-1,-0.01,-1,-1
99926009,2026-05-18 11:07:23+05:30,53095.8,0,0.0,0,0.0,0.0,53282.15,53308.4,52783.45,53710.35,0,0.0,0.0,0.0,0.0,-0.01,-1,-1,-0.01,-1,-1,-0.01,-1,-1,-0.01,-1,-1,-0.01,-1,-1,-0.01,-1,-1,-0.01,-1,-1,-0.01,-1,-1,-0.01,-1,-1,-0.01,-1,-1
99926009,2026-05-18 11:07:24+05:30,53097.0,0,0.0,0,0.0,0.0,53282.15,53308.4,52783.45,53710.35,0,0.0,0.0,0.0,0.0,-0.01,-1,-1,-0.01,-1,-1,-0.01,-1,-1,-0.01,-1,-1,-0.01,-1,-1,-0.01,-1,-1,-0.01,-1,-1,-0.01,-1,-1,-0.01,-1,-1,-0.01,-1,-1
99926009,2026-05-18 11:07:24+05:30,53099.0,0,0.0,0,0.0,0.0,53282.15,53308.4,52783.45,53710.35,0,0.0,0.0,0.0,0.0,-0.01,-1,-1,-0.01,-1,-1,-0.01,-1,-1,-0.01,-1,-1,-0.01,-1,-1,-0.01,-1,-1,-0.01,-1,-1,-0.01,-1,-1,-0.01,-1,-1,-0.01,-1,-1
99926009,2026-05-18 11:07:25+05:30,53098.45,0,0.0,0,0.0,0.0,53282.15,53308.4,52783.45,53710.35,0,0.0,0.0,0.0,0.0,-0.01,-1,-1,-0.01,-1,-1,-0.01,-1,-1,-0.01,-1,-1,-0.01,-1,-1,-0.01,-1,-1,-0.01,-1,-1,-0.01,-1,-1,-0.01,-1,-1,-0.01,-1,-1
99926009,2026-05-18 11:07:25+05:30,53100.35,0,0.0,0,0.0,0.0,53282.15,53308.4,52783.45,53710.35,0,0.0,0.0,0.0,0.0,-0.01,-1,-1,-0.01,-1,-1,-0.01,-1,-1,-0.01,-1,-1,-0.01,-1,-1,-0.01,-1,-1,-0.01,-1,-1,-0.01,-1,-1,-0.01,-1,-1,-0.01,-1,-1
99926009,2026-05-18 11:07:26+05:30,53099.7,0,0.0,0,0.0,0.0,53282.15,53308.4,52783.45,53710.35,0,0.0,0.0,0.0,0.0,-0.01,-1,-1,-0.01,-1,-1,-0.01,-1,-1,-0.01,-1,-1,-0.01,-1,-1,-0.01,-1,-1,-0.01,-1,-1,-0.01,-1,-1,-0.01,-1,-1,-0.01,-1,-1
99926009,2026-05-18 11:07:26+05:30,53100.35,0,0.0,0,0.0,0.0,53282.15,53308.4,52783.45,53710.35,0,0.0,0.0,0.0,0.0,-0.01,-1,-1,-0.01,-1,-1,-0.01,-1,-1,-0.01,-1,-1,-0.01,-1,-1,-0.01,-1,-1,-0.01,-1,-1,-0.01,-1,-1,-0.01,-1,-1,-0.01,-1,-1
99926009,2026-05-18 11:07:27+05:30,53100.35,0,0.0,0,0.0,0.0,53282.15,53308.4,52783.45,53710.35,0,0.0,0.0,0.0,0.0,-0.01,-1,-1,-0.01,-1,-1,-0.01,-1,-1,-0.01,-1,-1,-0.01,-1,-1,-0.01,-1,-1,-0.01,-1,-1,-0.01,-1,-1,-0.01,-1,-1,-0.01,-1,-1
99926009,2026-05-18 11:07:27+05:30,53098.9,0,0.0,0,0.0,0.0,53282.15,53308.4,52783.45,53710.35,0,0.0,0.0,0.0,0.0,-0.01,-1,-1,-0.01,-1,-1,-0.01,-1,-1,-0.01,-1,-1,-0.01,-1,-1,-0.01,-1,-1,-0.01,-1,-1,-0.01,-1,-1,-0.01,-1,-1,-0.01,-1,-1
99926009,2026-05-18 11:07:28+05:30,53099.15,0,0.0,0,0.0,0.0,53282.15,53308.4,52783.45,53710.35,0,0.0,0.0,0.0,0.0,-0.01,-1,-1,-0.01,-1,-1,-0.01,-1,-1,-0.01,-1,-1,-0.01,-1,-1,-0.01,-1,-1,-0.01,-1,-1,-0.01,-1,-1,-0.01,-1,-1,-0.01,-1,-1
99926009,2026-05-18 11:07:28+05:30,53099.0,0,0.0,0,0.0,0.0,53282.15,53308.4,52783.45,53710.35,0,0.0,0.0,0.0,0.0,-0.01,-1,-1,-0.01,-1,-1,-0.01,-1,-1,-0.01,-1,-1,-0.01,-1,-1,-0.01,-1,-1,-0.01,-1,-1,-0.01,-1,-1,-0.01,-1,-1,-0.01,-1,-1
99926009,2026-05-18 11:07:29+05:30,53098.4,0,0.0,0,0.0,0.0,53282.15,53308.4,52783.45,53710.35,0,0.0,0.0,0.0,0.0,-0.01,-1,-1,-0.01,-1,-1,-0.01,-1,-1,-0.01,-1,-1,-0.01,-1,-1,-0.01,-1,-1,-0.01,-1,-1,-0.01,-1,-1,-0.01,-1,-1,-0.01,-1,-1
99926009,2026-05-18 11:07:29+05:30,53100.35,0,0.0,0,0.0,0.0,53282.15,53308.4,52783.45,53710.35,0,0.0,0.0,0.0,0.0,-0.01,-1,-1,-0.01,-1,-1,-0.01,-1,-1,-0.01,-1,-1,-0.01,-1,-1,-0.01,-1,-1,-0.01,-1,-1,-0.01,-1,-1,-0.01,-1,-1,-0.01,-1,-1
99926009,2026-05-18 11:07:30+05:30,53101.25,0,0.0,0,0.0,0.0,53282.15,53308.4,52783.45,53710.35,0,0.0,0.0,0.0,0.0,-0.01,-1,-1,-0.01,-1,-1,-0.01,-1,-1,-0.01,-1,-1,-0.01,-1,-1,-0.01,-1,-1,-0.01,-1,-1,-0.01,-1,-1,-0.01,-1,-1,-0.01,-1,-1
99926009,2026-05-18 11:07:30+05:30,53100.45,0,0.0,0,0.0,0.0,53282.15,53308.4,52783.45,53710.35,0,0.0,0.0,0.0,0.0,-0.01,-1,-1,-0.01,-1,-1,-0.01,-1,-1,-0.01,-1,-1,-0.01,-1,-1,-0.01,-1,-1,-0.01,-1,-1,-0.01,-1,-1,-0.01,-1,-1,-0.01,-1,-1
99926009,2026-05-18 11:07:31+05:30,53098.2,0,0.0,0,0.0,0.0,53282.15,53308.4,52783.45,53710.35,0,0.0,0.0,0.0,0.0,-0.01,-1,-1,-0.01,-1,-1,-0.01,-1,-1,-0.01,-1,-1,-0.01,-1,-1,-0.01,-1,-1,-0.01,-1,-1,-0.01,-1,-1,-0.01,-1,-1,-0.01,-1,-1
99926009,2026-05-18 11:07:31+05:30,53096.35,0,0.0,0,0.0,0.0,53282.15,53308.4,52783.45,53710.35,0,0.0,0.0,0.0,0.0,-0.01,-1,-1,-0.01,-1,-1,-0.01,-1,-1,-0.01,-1,-1,-0.01,-1,-1,-0.01,-1,-1,-0.01,-1,-1,-0.01,-1,-1,-0.01,-1,-1,-0.01,-1,-1
99926009,2026-05-18 11:07:32+05:30,53093.05,0,0.0,0,0.0,0.0,53282.15,53308.4,52783.45,53710.35,0,0.0,0.0,0.0,0.0,-0.01,-1,-1,-0.01,-1,-1,-0.01,-1,-1,-0.01,-1,-1,-0.01,-1,-1,-0.01,-1,-1,-0.01,-1,-1,-0.01,-1,-1,-0.01,-1,-1,-0.01,-1,-1
99926009,2026-05-18 11:07:32+05:30,53093.1,0,0.0,0,0.0,0.0,53282.15,53308.4,52783.45,53710.35,0,0.0,0.0,0.0,0.0,-0.01,-1,-1,-0.01,-1,-1,-0.01,-1,-1,-0.01,-1,-1,-0.01,-1,-1,-0.01,-1,-1,-0.01,-1,-1,-0.01,-1,-1,-0.01,-1,-1,-0.01,-1,-1
99926009,2026-05-18 11:07:33+05:30,53093.25,0,0.0,0,0.0,0.0,53282.15,53308.4,52783.45,53710.35,0,0.0,0.0,0.0,0.0,-0.01,-1,-1,-0.01,-1,-1,-0.01,-1,-1,-0.01,-1,-1,-0.01,-1,-1,-0.01,-1,-1,-0.01,-1,-1,-0.01,-1,-1,-0.01,-1,-1,-0.01,-1,-1
99926009,2026-05-18 11:07:33+05:30,53093.35,0,0.0,0,0.0,0.0,53282.15,53308.4,52783.45,53710.35,0,0.0,0.0,0.0,0.0,-0.01,-1,-1,-0.01,-1,-1,-0.01,-1,-1,-0.01,-1,-1,-0.01,-1,-1,-0.01,-1,-1,-0.01,-1,-1,-0.01,-1,-1,-0.01,-1,-1,-0.01,-1,-1
99926009,2026-05-18 11:07:34+05:30,53091.5,0,0.0,0,0.0,0.0,53282.15,53308.4,52783.45,53710.35,0,0.0,0.0,0.0,0.0,-0.01,-1,-1,-0.01,-1,-1,-0.01,-1,-1,-0.01,-1,-1,-0.01,-1,-1,-0.01,-1,-1,-0.01,-1,-1,-0.01,-1,-1,-0.01,-1,-1,-0.01,-1,-1
99926009,2026-05-18 11:07:34+05:30,53090.45,0,0.0,0,0.0,0.0,53282.15,53308.4,52783.45,53710.35,0,0.0,0.0,0.0,0.0,-0.01,-1,-1,-0.01,-1,-1,-0.01,-1,-1,-0.01,-1,-1,-0.01,-1,-1,-0.01,-1,-1,-0.01,-1,-1,-0.01,-1,-1,-0.01,-1,-1,-0.01,-1,-1
99926009,2026-05-18 11:07:35+05:30,53088.55,0,0.0,0,0.0,0.0,53282.15,53308.4,52783.45,53710.35,0,0.0,0.0,0.0,0.0,-0.01,-1,-1,-0.01,-1,-1,-0.01,-1,-1,-0.01,-1,-1,-0.01,-1,-1,-0.01,-1,-1,-0.01,-1,-1,-0.01,-1,-1,-0.01,-1,-1,-0.01,-1,-1
99926009,2026-05-18 11:07:35+05:30,53091.0,0,0.0,0,0.0,0.0,53282.15,53308.4,52783.45,53710.35,0,0.0,0.0,0.0,0.0,-0.01,-1,-1,-0.01,-1,-1,-0.01,-1,-1,-0.01,-1,-1,-0.01,-1,-1,-0.01,-1,-1,-0.01,-1,-1,-0.01,-1,-1,-0.01,-1,-1,-0.01,-1,-1
99926009,2026-05-18 11:07:36+05:30,53089.1,0,0.0,0,0.0,0.0,53282.15,53308.4,52783.45,53710.35,0,0.0,0.0,0.0,0.0,-0.01,-1,-1,-0.01,-1,-1,-0.01,-1,-1,-0.01,-1,-1,-0.01,-1,-1,-0.01,-1,-1,-0.01,-1,-1,-0.01,-1,-1,-0.01,-1,-1,-0.01,-1,-1
99926009,2026-05-18 11:07:36+05:30,53088.3,0,0.0,0,0.0,0.0,53282.15,53308.4,52783.45,53710.35,0,0.0,0.0,0.0,0.0,-0.01,-1,-1,-0.01,-1,-1,-0.01,-1,-1,-0.01,-1,-1,-0.01,-1,-1,-0.01,-1,-1,-0.01,-1,-1,-0.01,-1,-1,-0.01,-1,-1,-0.01,-1,-1
99926009,2026-05-18 11:07:37+05:30,53086.4,0,0.0,0,0.0,0.0,53282.15,53308.4,52783.45,53710.35,0,0.0,0.0,0.0,0.0,-0.01,-1,-1,-0.01,-1,-1,-0.01,-1,-1,-0.01,-1,-1,-0.01,-1,-1,-0.01,-1,-1,-0.01,-1,-1,-0.01,-1,-1,-0.01,-1,-1,-0.01,-1,-1
99926009,2026-05-18 11:07:37+05:30,53086.9,0,0.0,0,0.0,0.0,53282.15,53308.4,52783.45,53710.35,0,0.0,0.0,0.0,0.0,-0.01,-1,-1,-0.01,-1,-1,-0.01,-1,-1,-0.01,-1,-1,-0.01,-1,-1,-0.01,-1,-1,-0.01,-1,-1,-0.01,-1,-1,-0.01,-1,-1,-0.01,-1,-1
99926009,2026-05-18 11:07:38+05:30,53088.3,0,0.0,0,0.0,0.0,53282.15,53308.4,52783.45,53710.35,0,0.0,0.0,0.0,0.0,-0.01,-1,-1,-0.01,-1,-1,-0.01,-1,-1,-0.01,-1,-1,-0.01,-1,-1,-0.01,-1,-1,-0.01,-1,-1,-0.01,-1,-1,-0.01,-1,-1,-0.01,-1,-1
99926009,2026-05-18 11:07:38+05:30,53085.5,0,0.0,0,0.0,0.0,53282.15,53308.4,52783.45,53710.35,0,0.0,0.0,0.0,0.0,-0.01,-1,-1,-0.01,-1,-1,-0.01,-1,-1,-0.01,-1,-1,-0.01,-1,-1,-0.01,-1,-1,-0.01,-1,-1,-0.01,-1,-1,-0.01,-1,-1,-0.01,-1,-1
99926009,2026-05-18 11:07:39+05:30,53086.0,0,0.0,0,0.0,0.0,53282.15,53308.4,52783.45,53710.35,0,0.0,0.0,0.0,0.0,-0.01,-1,-1,-0.01,-1,-1,-0.01,-1,-1,-0.01,-1,-1,-0.01,-1,-1,-0.01,-1,-1,-0.01,-1,-1,-0.01,-1,-1,-0.01,-1,-1,-0.01,-1,-1
99926009,2026-05-18 11:07:39+05:30,53086.05,0,0.0,0,0.0,0.0,53282.15,53308.4,52783.45,53710.35,0,0.0,0.0,0.0,0.0,-0.01,-1,-1,-0.01,-1,-1,-0.01,-1,-1,-0.01,-1,-1,-0.01,-1,-1,-0.01,-1,-1,-0.01,-1,-1,-0.01,-1,-1,-0.01,-1,-1,-0.01,-1,-1
99926009,2026-05-18 11:07:40+05:30,53085.85,0,0.0,0,0.0,0.0,53282.15,53308.4,52783.45,53710.35,0,0.0,0.0,0.0,0.0,-0.01,-1,-1,-0.01,-1,-1,-0.01,-1,-1,-0.01,-1,-1,-0.01,-1,-1,-0.01,-1,-1,-0.01,-1,-1,-0.01,-1,-1,-0.01,-1,-1,-0.01,-1,-1
99926009,2026-05-18 11:07:40+05:30,53079.85,0,0.0,0,0.0,0.0,53282.15,53308.4,52783.45,53710.35,0,0.0,0.0,0.0,0.0,-0.01,-1,-1,-0.01,-1,-1,-0.01,-1,-1,-0.01,-1,-1,-0.01,-1,-1,-0.01,-1,-1,-0.01,-1,-1,-0.01,-1,-1,-0.01,-1,-1,-0.01,-1,-1
99926009,2026-05-18 11:07:41+05:30,53075.55,0,0.0,0,0.0,0.0,53282.15,53308.4,52783.45,53710.35,0,0.0,0.0,0.0,0.0,-0.01,-1,-1,-0.01,-1,-1,-0.01,-1,-1,-0.01,-1,-1,-0.01,-1,-1,-0.01,-1,-1,-0.01,-1,-1,-0.01,-1,-1,-0.01,-1,-1,-0.01,-1,-1
99926009,2026-05-18 11:07:41+05:30,53074.25,0,0.0,0,0.0,0.0,53282.15,53308.4,52783.45,53710.35,0,0.0,0.0,0.0,0.0,-0.01,-1,-1,-0.01,-1,-1,-0.01,-1,-1,-0.01,-1,-1,-0.01,-1,-1,-0.01,-1,-1,-0.01,-1,-1,-0.01,-1,-1,-0.01,-1,-1,-0.01,-1,-1
99926009,2026-05-18 11:07:42+05:30,53077.3,0,0.0,0,0.0,0.0,53282.15,53308.4,52783.45,53710.35,0,0.0,0.0,0.0,0.0,-0.01,-1,-1,-0.01,-1,-1,-0.01,-1,-1,-0.01,-1,-1,-0.01,-1,-1,-0.01,-1,-1,-0.01,-1,-1,-0.01,-1,-1,-0.01,-1,-1,-0.01,-1,-1
99926009,2026-05-18 11:07:42+05:30,53077.75,0,0.0,0,0.0,0.0,53282.15,53308.4,52783.45,53710.35,0,0.0,0.0,0.0,0.0,-0.01,-1,-1,-0.01,-1,-1,-0.01,-1,-1,-0.01,-1,-1,-0.01,-1,-1,-0.01,-1,-1,-0.01,-1,-1,-0.01,-1,-1,-0.01,-1,-1,-0.01,-1,-1
99926009,2026-05-18 11:07:43+05:30,53076.3,0,0.0,0,0.0,0.0,53282.15,53308.4,52783.45,53710.35,0,0.0,0.0,0.0,0.0,-0.01,-1,-1,-0.01,-1,-1,-0.01,-1,-1,-0.01,-1,-1,-0.01,-1,-1,-0.01,-1,-1,-0.01,-1,-1,-0.01,-1,-1,-0.01,-1,-1,-0.01,-1,-1
99926009,2026-05-18 11:07:43+05:30,53077.05,0,0.0,0,0.0,0.0,53282.15,53308.4,52783.45,53710.35,0,0.0,0.0,0.0,0.0,-0.01,-1,-1,-0.01,-1,-1,-0.01,-1,-1,-0.01,-1,-1,-0.01,-1,-1,-0.01,-1,-1,-0.01,-1,-1,-0.01,-1,-1,-0.01,-1,-1,-0.01,-1,-1
99926009,2026-05-18 11:07:44+05:30,53075.9,0,0.0,0,0.0,0.0,53282.15,53308.4,52783.45,53710.35,0,0.0,0.0,0.0,0.0,-0.01,-1,-1,-0.01,-1,-1,-0.01,-1,-1,-0.01,-1,-1,-0.01,-1,-1,-0.01,-1,-1,-0.01,-1,-1,-0.01,-1,-1,-0.01,-1,-1,-0.01,-1,-1
99926009,2026-05-18 11:07:44+05:30,53076.85,0,0.0,0,0.0,0.0,53282.15,53308.4,52783.45,53710.35,0,0.0,0.0,0.0,0.0,-0.01,-1,-1,-0.01,-1,-1,-0.01,-1,-1,-0.01,-1,-1,-0.01,-1,-1,-0.01,-1,-1,-0.01,-1,-1,-0.01,-1,-1,-0.01,-1,-1,-0.01,-1,-1
99926009,2026-05-18 11:07:45+05:30,53071.8,0,0.0,0,0.0,0.0,53282.15,53308.4,52783.45,53710.35,0,0.0,0.0,0.0,0.0,-0.01,-1,-1,-0.01,-1,-1,-0.01,-1,-1,-0.01,-1,-1,-0.01,-1,-1,-0.01,-1,-1,-0.01,-1,-1,-0.01,-1,-1,-0.01,-1,-1,-0.01,-1,-1
99926009,2026-05-18 11:07:45+05:30,53072.55,0,0.0,0,0.0,0.0,53282.15,53308.4,52783.45,53710.35,0,0.0,0.0,0.0,0.0,-0.01,-1,-1,-0.01,-1,-1,-0.01,-1,-1,-0.01,-1,-1,-0.01,-1,-1,-0.01,-1,-1,-0.01,-1,-1,-0.01,-1,-1,-0.01,-1,-1,-0.01,-1,-1
99926009,2026-05-18 11:07:46+05:30,53072.5,0,0.0,0,0.0,0.0,53282.15,53308.4,52783.45,53710.35,0,0.0,0.0,0.0,0.0,-0.01,-1,-1,-0.01,-1,-1,-0.01,-1,-1,-0.01,-1,-1,-0.01,-1,-1,-0.01,-1,-1,-0.01,-1,-1,-0.01,-1,-1,-0.01,-1,-1,-0.01,-1,-1
99926009,2026-05-18 11:07:46+05:30,53073.6,0,0.0,0,0.0,0.0,53282.15,53308.4,52783.45,53710.35,0,0.0,0.0,0.0,0.0,-0.01,-1,-1,-0.01,-1,-1,-0.01,-1,-1,-0.01,-1,-1,-0.01,-1,-1,-0.01,-1,-1,-0.01,-1,-1,-0.01,-1,-1,-0.01,-1,-1,-0.01,-1,-1
99926009,2026-05-18 11:07:47+05:30,53070.65,0,0.0,0,0.0,0.0,53282.15,53308.4,52783.45,53710.35,0,0.0,0.0,0.0,0.0,-0.01,-1,-1,-0.01,-1,-1,-0.01,-1,-1,-0.01,-1,-1,-0.01,-1,-1,-0.01,-1,-1,-0.01,-1,-1,-0.01,-1,-1,-0.01,-1,-1,-0.01,-1,-1
99926009,2026-05-18 11:07:47+05:30,53069.6,0,0.0,0,0.0,0.0,53282.15,53308.4,52783.45,53710.35,0,0.0,0.0,0.0,0.0,-0.01,-1,-1,-0.01,-1,-1,-0.01,-1,-1,-0.01,-1,-1,-0.01,-1,-1,-0.01,-1,-1,-0.01,-1,-1,-0.01,-1,-1,-0.01,-1,-1,-0.01,-1,-1
99926009,2026-05-18 11:07:48+05:30,53070.7,0,0.0,0,0.0,0.0,53282.15,53308.4,52783.45,53710.35,0,0.0,0.0,0.0,0.0,-0.01,-1,-1,-0.01,-1,-1,-0.01,-1,-1,-0.01,-1,-1,-0.01,-1,-1,-0.01,-1,-1,-0.01,-1,-1,-0.01,-1,-1,-0.01,-1,-1,-0.01,-1,-1
99926009,2026-05-18 11:07:48+05:30,53068.5,0,0.0,0,0.0,0.0,53282.15,53308.4,52783.45,53710.35,0,0.0,0.0,0.0,0.0,-0.01,-1,-1,-0.01,-1,-1,-0.01,-1,-1,-0.01,-1,-1,-0.01,-1,-1,-0.01,-1,-1,-0.01,-1,-1,-0.01,-1,-1,-0.01,-1,-1,-0.01,-1,-1
99926009,2026-05-18 11:07:49+05:30,53069.65,0,0.0,0,0.0,0.0,53282.15,53308.4,52783.45,53710.35,0,0.0,0.0,0.0,0.0,-0.01,-1,-1,-0.01,-1,-1,-0.01,-1,-1,-0.01,-1,-1,-0.01,-1,-1,-0.01,-1,-1,-0.01,-1,-1,-0.01,-1,-1,-0.01,-1,-1,-0.01,-1,-1
99926009,2026-05-18 11:07:49+05:30,53070.35,0,0.0,0,0.0,0.0,53282.15,53308.4,52783.45,53710.35,0,0.0,0.0,0.0,0.0,-0.01,-1,-1,-0.01,-1,-1,-0.01,-1,-1,-0.01,-1,-1,-0.01,-1,-1,-0.01,-1,-1,-0.01,-1,-1,-0.01,-1,-1,-0.01,-1,-1,-0.01,-1,-1
99926009,2026-05-18 11:07:50+05:30,53063.7,0,0.0,0,0.0,0.0,53282.15,53308.4,52783.45,53710.35,0,0.0,0.0,0.0,0.0,-0.01,-1,-1,-0.01,-1,-1,-0.01,-1,-1,-0.01,-1,-1,-0.01,-1,-1,-0.01,-1,-1,-0.01,-1,-1,-0.01,-1,-1,-0.01,-1,-1,-0.01,-1,-1
99926009,2026-05-18 11:07:50+05:30,53060.8,0,0.0,0,0.0,0.0,53282.15,53308.4,52783.45,53710.35,0,0.0,0.0,0.0,0.0,-0.01,-1,-1,-0.01,-1,-1,-0.01,-1,-1,-0.01,-1,-1,-0.01,-1,-1,-0.01,-1,-1,-0.01,-1,-1,-0.01,-1,-1,-0.01,-1,-1,-0.01,-1,-1
99926009,2026-05-18 11:07:51+05:30,53060.3,0,0.0,0,0.0,0.0,53282.15,53308.4,52783.45,53710.35,0,0.0,0.0,0.0,0.0,-0.01,-1,-1,-0.01,-1,-1,-0.01,-1,-1,-0.01,-1,-1,-0.01,-1,-1,-0.01,-1,-1,-0.01,-1,-1,-0.01,-1,-1,-0.01,-1,-1,-0.01,-1,-1
99926009,2026-05-18 11:07:51+05:30,53064.35,0,0.0,0,0.0,0.0,53282.15,53308.4,52783.45,53710.35,0,0.0,0.0,0.0,0.0,-0.01,-1,-1,-0.01,-1,-1,-0.01,-1,-1,-0.01,-1,-1,-0.01,-1,-1,-0.01,-1,-1,-0.01,-1,-1,-0.01,-1,-1,-0.01,-1,-1,-0.01,-1,-1
99926009,2026-05-18 11:07:52+05:30,53064.4,0,0.0,0,0.0,0.0,53282.15,53308.4,52783.45,53710.35,0,0.0,0.0,0.0,0.0,-0.01,-1,-1,-0.01,-1,-1,-0.01,-1,-1,-0.01,-1,-1,-0.01,-1,-1,-0.01,-1,-1,-0.01,-1,-1,-0.01,-1,-1,-0.01,-1,-1,-0.01,-1,-1
99926009,2026-05-18 11:07:52+05:30,53060.85,0,0.0,0,0.0,0.0,53282.15,53308.4,52783.45,53710.35,0,0.0,0.0,0.0,0.0,-0.01,-1,-1,-0.01,-1,-1,-0.01,-1,-1,-0.01,-1,-1,-0.01,-1,-1,-0.01,-1,-1,-0.01,-1,-1,-0.01,-1,-1,-0.01,-1,-1,-0.01,-1,-1
99926009,2026-05-18 11:07:53+05:30,53063.5,0,0.0,0,0.0,0.0,53282.15,53308.4,52783.45,53710.35,0,0.0,0.0,0.0,0.0,-0.01,-1,-1,-0.01,-1,-1,-0.01,-1,-1,-0.01,-1,-1,-0.01,-1,-1,-0.01,-1,-1,-0.01,-1,-1,-0.01,-1,-1,-0.01,-1,-1,-0.01,-1,-1
99926009,2026-05-18 11:07:53+05:30,53061.7,0,0.0,0,0.0,0.0,53282.15,53308.4,52783.45,53710.35,0,0.0,0.0,0.0,0.0,-0.01,-1,-1,-0.01,-1,-1,-0.01,-1,-1,-0.01,-1,-1,-0.01,-1,-1,-0.01,-1,-1,-0.01,-1,-1,-0.01,-1,-1,-0.01,-1,-1,-0.01,-1,-1
99926009,2026-05-18 11:07:54+05:30,53067.45,0,0.0,0,0.0,0.0,53282.15,53308.4,52783.45,53710.35,0,0.0,0.0,0.0,0.0,-0.01,-1,-1,-0.01,-1,-1,-0.01,-1,-1,-0.01,-1,-1,-0.01,-1,-1,-0.01,-1,-1,-0.01,-1,-1,-0.01,-1,-1,-0.01,-1,-1,-0.01,-1,-1
99926009,2026-05-18 11:07:54+05:30,53062.5,0,0.0,0,0.0,0.0,53282.15,53308.4,52783.45,53710.35,0,0.0,0.0,0.0,0.0,-0.01,-1,-1,-0.01,-1,-1,-0.01,-1,-1,-0.01,-1,-1,-0.01,-1,-1,-0.01,-1,-1,-0.01,-1,-1,-0.01,-1,-1,-0.01,-1,-1,-0.01,-1,-1
99926009,2026-05-18 11:07:55+05:30,53065.1,0,0.0,0,0.0,0.0,53282.15,53308.4,52783.45,53710.35,0,0.0,0.0,0.0,0.0,-0.01,-1,-1,-0.01,-1,-1,-0.01,-1,-1,-0.01,-1,-1,-0.01,-1,-1,-0.01,-1,-1,-0.01,-1,-1,-0.01,-1,-1,-0.01,-1,-1,-0.01,-1,-1
99926009,2026-05-18 11:07:55+05:30,53063.0,0,0.0,0,0.0,0.0,53282.15,53308.4,52783.45,53710.35,0,0.0,0.0,0.0,0.0,-0.01,-1,-1,-0.01,-1,-1,-0.01,-1,-1,-0.01,-1,-1,-0.01,-1,-1,-0.01,-1,-1,-0.01,-1,-1,-0.01,-1,-1,-0.01,-1,-1,-0.01,-1,-1
99926009,2026-05-18 11:07:56+05:30,53061.35,0,0.0,0,0.0,0.0,53282.15,53308.4,52783.45,53710.35,0,0.0,0.0,0.0,0.0,-0.01,-1,-1,-0.01,-1,-1,-0.01,-1,-1,-0.01,-1,-1,-0.01,-1,-1,-0.01,-1,-1,-0.01,-1,-1,-0.01,-1,-1,-0.01,-1,-1,-0.01,-1,-1
99926009,2026-05-18 11:07:56+05:30,53060.65,0,0.0,0,0.0,0.0,53282.15,53308.4,52783.45,53710.35,0,0.0,0.0,0.0,0.0,-0.01,-1,-1,-0.01,-1,-1,-0.01,-1,-1,-0.01,-1,-1,-0.01,-1,-1,-0.01,-1,-1,-0.01,-1,-1,-0.01,-1,-1,-0.01,-1,-1,-0.01,-1,-1
99926009,2026-05-18 11:07:57+05:30,53060.05,0,0.0,0,0.0,0.0,53282.15,53308.4,52783.45,53710.35,0,0.0,0.0,0.0,0.0,-0.01,-1,-1,-0.01,-1,-1,-0.01,-1,-1,-0.01,-1,-1,-0.01,-1,-1,-0.01,-1,-1,-0.01,-1,-1,-0.01,-1,-1,-0.01,-1,-1,-0.01,-1,-1
99926009,2026-05-18 11:07:57+05:30,53061.4,0,0.0,0,0.0,0.0,53282.15,53308.4,52783.45,53710.35,0,0.0,0.0,0.0,0.0,-0.01,-1,-1,-0.01,-1,-1,-0.01,-1,-1,-0.01,-1,-1,-0.01,-1,-1,-0.01,-1,-1,-0.01,-1,-1,-0.01,-1,-1,-0.01,-1,-1,-0.01,-1,-1
99926009,2026-05-18 11:07:58+05:30,53062.85,0,0.0,0,0.0,0.0,53282.15,53308.4,52783.45,53710.35,0,0.0,0.0,0.0,0.0,-0.01,-1,-1,-0.01,-1,-1,-0.01,-1,-1,-0.01,-1,-1,-0.01,-1,-1,-0.01,-1,-1,-0.01,-1,-1,-0.01,-1,-1,-0.01,-1,-1,-0.01,-1,-1
99926009,2026-05-18 11:07:58+05:30,53063.5,0,0.0,0,0.0,0.0,53282.15,53308.4,52783.45,53710.35,0,0.0,0.0,0.0,0.0,-0.01,-1,-1,-0.01,-1,-1,-0.01,-1,-1,-0.01,-1,-1,-0.01,-1,-1,-0.01,-1,-1,-0.01,-1,-1,-0.01,-1,-1,-0.01,-1,-1,-0.01,-1,-1
99926009,2026-05-18 11:07:59+05:30,53063.05,0,0.0,0,0.0,0.0,53282.15,53308.4,52783.45,53710.35,0,0.0,0.0,0.0,0.0,-0.01,-1,-1,-0.01,-1,-1,-0.01,-1,-1,-0.01,-1,-1,-0.01,-1,-1,-0.01,-1,-1,-0.01,-1,-1,-0.01,-1,-1,-0.01,-1,-1,-0.01,-1,-1
99926009,2026-05-18 11:07:59+05:30,53065.55,0,0.0,0,0.0,0.0,53282.15,53308.4,52783.45,53710.35,0,0.0,0.0,0.0,0.0,-0.01,-1,-1,-0.01,-1,-1,-0.01,-1,-1,-0.01,-1,-1,-0.01,-1,-1,-0.01,-1,-1,-0.01,-1,-1,-0.01,-1,-1,-0.01,-1,-1,-0.01,-1,-1
99926009,2026-05-18 11:08:00+05:30,53063.6,0,0.0,0,0.0,0.0,53282.15,53308.4,52783.45,53710.35,0,0.0,0.0,0.0,0.0,-0.01,-1,-1,-0.01,-1,-1,-0.01,-1,-1,-0.01,-1,-1,-0.01,-1,-1,-0.01,-1,-1,-0.01,-1,-1,-0.01,-1,-1,-0.01,-1,-1,-0.01,-1,-1
99926009,2026-05-18 11:08:00+05:30,53067.95,0,0.0,0,0.0,0.0,53282.15,53308.4,52783.45,53710.35,0,0.0,0.0,0.0,0.0,-0.01,-1,-1,-0.01,-1,-1,-0.01,-1,-1,-0.01,-1,-1,-0.01,-1,-1,-0.01,-1,-1,-0.01,-1,-1,-0.01,-1,-1,-0.01,-1,-1,-0.01,-1,-1
99926009,2026-05-18 11:08:01+05:30,53067.55,0,0.0,0,0.0,0.0,53282.15,53308.4,52783.45,53710.35,0,0.0,0.0,0.0,0.0,-0.01,-1,-1,-0.01,-1,-1,-0.01,-1,-1,-0.01,-1,-1,-0.01,-1,-1,-0.01,-1,-1,-0.01,-1,-1,-0.01,-1,-1,-0.01,-1,-1,-0.01,-1,-1
99926009,2026-05-18 11:08:01+05:30,53067.35,0,0.0,0,0.0,0.0,53282.15,53308.4,52783.45,53710.35,0,0.0,0.0,0.0,0.0,-0.01,-1,-1,-0.01,-1,-1,-0.01,-1,-1,-0.01,-1,-1,-0.01,-1,-1,-0.01,-1,-1,-0.01,-1,-1,-0.01,-1,-1,-0.01,-1,-1,-0.01,-1,-1
99926009,2026-05-18 11:08:02+05:30,53061.45,0,0.0,0,0.0,0.0,53282.15,53308.4,52783.45,53710.35,0,0.0,0.0,0.0,0.0,-0.01,-1,-1,-0.01,-1,-1,-0.01,-1,-1,-0.01,-1,-1,-0.01,-1,-1,-0.01,-1,-1,-0.01,-1,-1,-0.01,-1,-1,-0.01,-1,-1,-0.01,-1,-1
99926009,2026-05-18 11:08:02+05:30,53062.05,0,0.0,0,0.0,0.0,53282.15,53308.4,52783.45,53710.35,0,0.0,0.0,0.0,0.0,-0.01,-1,-1,-0.01,-1,-1,-0.01,-1,-1,-0.01,-1,-1,-0.01,-1,-1,-0.01,-1,-1,-0.01,-1,-1,-0.01,-1,-1,-0.01,-1,-1,-0.01,-1,-1
99926009,2026-05-18 11:08:03+05:30,53065.3,0,0.0,0,0.0,0.0,53282.15,53308.4,52783.45,53710.35,0,0.0,0.0,0.0,0.0,-0.01,-1,-1,-0.01,-1,-1,-0.01,-1,-1,-0.01,-1,-1,-0.01,-1,-1,-0.01,-1,-1,-0.01,-1,-1,-0.01,-1,-1,-0.01,-1,-1,-0.01,-1,-1
99926009,2026-05-18 11:08:03+05:30,53063.25,0,0.0,0,0.0,0.0,53282.15,53308.4,52783.45,53710.35,0,0.0,0.0,0.0,0.0,-0.01,-1,-1,-0.01,-1,-1,-0.01,-1,-1,-0.01,-1,-1,-0.01,-1,-1,-0.01,-1,-1,-0.01,-1,-1,-0.01,-1,-1,-0.01,-1,-1,-0.01,-1,-1
99926009,2026-05-18 11:08:04+05:30,53064.3,0,0.0,0,0.0,0.0,53282.15,53308.4,52783.45,53710.35,0,0.0,0.0,0.0,0.0,-0.01,-1,-1,-0.01,-1,-1,-0.01,-1,-1,-0.01,-1,-1,-0.01,-1,-1,-0.01,-1,-1,-0.01,-1,-1,-0.01,-1,-1,-0.01,-1,-1,-0.01,-1,-1
99926009,2026-05-18 11:08:04+05:30,53064.25,0,0.0,0,0.0,0.0,53282.15,53308.4,52783.45,53710.35,0,0.0,0.0,0.0,0.0,-0.01,-1,-1,-0.01,-1,-1,-0.01,-1,-1,-0.01,-1,-1,-0.01,-1,-1,-0.01,-1,-1,-0.01,-1,-1,-0.01,-1,-1,-0.01,-1,-1,-0.01,-1,-1
99926009,2026-05-18 11:08:05+05:30,53064.5,0,0.0,0,0.0,0.0,53282.15,53308.4,52783.45,53710.35,0,0.0,0.0,0.0,0.0,-0.01,-1,-1,-0.01,-1,-1,-0.01,-1,-1,-0.01,-1,-1,-0.01,-1,-1,-0.01,-1,-1,-0.01,-1,-1,-0.01,-1,-1,-0.01,-1,-1,-0.01,-1,-1
99926009,2026-05-18 11:08:05+05:30,53063.55,0,0.0,0,0.0,0.0,53282.15,53308.4,52783.45,53710.35,0,0.0,0.0,0.0,0.0,-0.01,-1,-1,-0.01,-1,-1,-0.01,-1,-1,-0.01,-1,-1,-0.01,-1,-1,-0.01,-1,-1,-0.01,-1,-1,-0.01,-1,-1,-0.01,-1,-1,-0.01,-1,-1
99926009,2026-05-18 11:08:06+05:30,53064.15,0,0.0,0,0.0,0.0,53282.15,53308.4,52783.45,53710.35,0,0.0,0.0,0.0,0.0,-0.01,-1,-1,-0.01,-1,-1,-0.01,-1,-1,-0.01,-1,-1,-0.01,-1,-1,-0.01,-1,-1,-0.01,-1,-1,-0.01,-1,-1,-0.01,-1,-1,-0.01,-1,-1
99926009,2026-05-18 11:08:06+05:30,53065.15,0,0.0,0,0.0,0.0,53282.15,53308.4,52783.45,53710.35,0,0.0,0.0,0.0,0.0,-0.01,-1,-1,-0.01,-1,-1,-0.01,-1,-1,-0.01,-1,-1,-0.01,-1,-1,-0.01,-1,-1,-0.01,-1,-1,-0.01,-1,-1,-0.01,-1,-1,-0.01,-1,-1
99926009,2026-05-18 11:08:07+05:30,53063.9,0,0.0,0,0.0,0.0,53282.15,53308.4,52783.45,53710.35,0,0.0,0.0,0.0,0.0,-0.01,-1,-1,-0.01,-1,-1,-0.01,-1,-1,-0.01,-1,-1,-0.01,-1,-1,-0.01,-1,-1,-0.01,-1,-1,-0.01,-1,-1,-0.01,-1,-1,-0.01,-1,-1
99926009,2026-05-18 11:08:07+05:30,53061.5,0,0.0,0,0.0,0.0,53282.15,53308.4,52783.45,53710.35,0,0.0,0.0,0.0,0.0,-0.01,-1,-1,-0.01,-1,-1,-0.01,-1,-1,-0.01,-1,-1,-0.01,-1,-1,-0.01,-1,-1,-0.01,-1,-1,-0.01,-1,-1,-0.01,-1,-1,-0.01,-1,-1
99926009,2026-05-18 11:08:08+05:30,53061.65,0,0.0,0,0.0,0.0,53282.15,53308.4,52783.45,53710.35,0,0.0,0.0,0.0,0.0,-0.01,-1,-1,-0.01,-1,-1,-0.01,-1,-1,-0.01,-1,-1,-0.01,-1,-1,-0.01,-1,-1,-0.01,-1,-1,-0.01,-1,-1,-0.01,-1,-1,-0.01,-1,-1
99926009,2026-05-18 11:08:08+05:30,53060.25,0,0.0,0,0.0,0.0,53282.15,53308.4,52783.45,53710.35,0,0.0,0.0,0.0,0.0,-0.01,-1,-1,-0.01,-1,-1,-0.01,-1,-1,-0.01,-1,-1,-0.01,-1,-1,-0.01,-1,-1,-0.01,-1,-1,-0.01,-1,-1,-0.01,-1,-1,-0.01,-1,-1
99926009,2026-05-18 11:08:09+05:30,53059.45,0,0.0,0,0.0,0.0,53282.15,53308.4,52783.45,53710.35,0,0.0,0.0,0.0,0.0,-0.01,-1,-1,-0.01,-1,-1,-0.01,-1,-1,-0.01,-1,-1,-0.01,-1,-1,-0.01,-1,-1,-0.01,-1,-1,-0.01,-1,-1,-0.01,-1,-1,-0.01,-1,-1
99926009,2026-05-18 11:08:09+05:30,53060.25,0,0.0,0,0.0,0.0,53282.15,53308.4,52783.45,53710.35,0,0.0,0.0,0.0,0.0,-0.01,-1,-1,-0.01,-1,-1,-0.01,-1,-1,-0.01,-1,-1,-0.01,-1,-1,-0.01,-1,-1,-0.01,-1,-1,-0.01,-1,-1,-0.01,-1,-1,-0.01,-1,-1
99926009,2026-05-18 11:08:10+05:30,53058.2,0,0.0,0,0.0,0.0,53282.15,53308.4,52783.45,53710.35,0,0.0,0.0,0.0,0.0,-0.01,-1,-1,-0.01,-1,-1,-0.01,-1,-1,-0.01,-1,-1,-0.01,-1,-1,-0.01,-1,-1,-0.01,-1,-1,-0.01,-1,-1,-0.01,-1,-1,-0.01,-1,-1
99926009,2026-05-18 11:08:10+05:30,53061.2,0,0.0,0,0.0,0.0,53282.15,53308.4,52783.45,53710.35,0,0.0,0.0,0.0,0.0,-0.01,-1,-1,-0.01,-1,-1,-0.01,-1,-1,-0.01,-1,-1,-0.01,-1,-1,-0.01,-1,-1,-0.01,-1,-1,-0.01,-1,-1,-0.01,-1,-1,-0.01,-1,-1
99926009,2026-05-18 11:08:11+05:30,53062.85,0,0.0,0,0.0,0.0,53282.15,53308.4,52783.45,53710.35,0,0.0,0.0,0.0,0.0,-0.01,-1,-1,-0.01,-1,-1,-0.01,-1,-1,-0.01,-1,-1,-0.01,-1,-1,-0.01,-1,-1,-0.01,-1,-1,-0.01,-1,-1,-0.01,-1,-1,-0.01,-1,-1
99926009,2026-05-18 11:08:11+05:30,53062.9,0,0.0,0,0.0,0.0,53282.15,53308.4,52783.45,53710.35,0,0.0,0.0,0.0,0.0,-0.01,-1,-1,-0.01,-1,-1,-0.01,-1,-1,-0.01,-1,-1,-0.01,-1,-1,-0.01,-1,-1,-0.01,-1,-1,-0.01,-1,-1,-0.01,-1,-1,-0.01,-1,-1
99926009,2026-05-18 11:08:12+05:30,53060.9,0,0.0,0,0.0,0.0,53282.15,53308.4,52783.45,53710.35,0,0.0,0.0,0.0,0.0,-0.01,-1,-1,-0.01,-1,-1,-0.01,-1,-1,-0.01,-1,-1,-0.01,-1,-1,-0.01,-1,-1,-0.01,-1,-1,-0.01,-1,-1,-0.01,-1,-1,-0.01,-1,-1
99926009,2026-05-18 11:08:12+05:30,53058.45,0,0.0,0,0.0,0.0,53282.15,53308.4,52783.45,53710.35,0,0.0,0.0,0.0,0.0,-0.01,-1,-1,-0.01,-1,-1,-0.01,-1,-1,-0.01,-1,-1,-0.01,-1,-1,-0.01,-1,-1,-0.01,-1,-1,-0.01,-1,-1,-0.01,-1,-1,-0.01,-1,-1
99926009,2026-05-18 11:08:13+05:30,53061.55,0,0.0,0,0.0,0.0,53282.15,53308.4,52783.45,53710.35,0,0.0,0.0,0.0,0.0,-0.01,-1,-1,-0.01,-1,-1,-0.01,-1,-1,-0.01,-1,-1,-0.01,-1,-1,-0.01,-1,-1,-0.01,-1,-1,-0.01,-1,-1,-0.01,-1,-1,-0.01,-1,-1
99926009,2026-05-18 11:08:13+05:30,53061.65,0,0.0,0,0.0,0.0,53282.15,53308.4,52783.45,53710.35,0,0.0,0.0,0.0,0.0,-0.01,-1,-1,-0.01,-1,-1,-0.01,-1,-1,-0.01,-1,-1,-0.01,-1,-1,-0.01,-1,-1,-0.01,-1,-1,-0.01,-1,-1,-0.01,-1,-1,-0.01,-1,-1
99926009,2026-05-18 11:08:14+05:30,53064.3,0,0.0,0,0.0,0.0,53282.15,53308.4,52783.45,53710.35,0,0.0,0.0,0.0,0.0,-0.01,-1,-1,-0.01,-1,-1,-0.01,-1,-1,-0.01,-1,-1,-0.01,-1,-1,-0.01,-1,-1,-0.01,-1,-1,-0.01,-1,-1,-0.01,-1,-1,-0.01,-1,-1
99926009,2026-05-18 11:08:14+05:30,53064.3,0,0.0,0,0.0,0.0,53282.15,53308.4,52783.45,53710.35,0,0.0,0.0,0.0,0.0,-0.01,-1,-1,-0.01,-1,-1,-0.01,-1,-1,-0.01,-1,-1,-0.01,-1,-1,-0.01,-1,-1,-0.01,-1,-1,-0.01,-1,-1,-0.01,-1,-1,-0.01,-1,-1
99926009,2026-05-18 11:08:15+05:30,53061.0,0,0.0,0,0.0,0.0,53282.15,53308.4,52783.45,53710.35,0,0.0,0.0,0.0,0.0,-0.01,-1,-1,-0.01,-1,-1,-0.01,-1,-1,-0.01,-1,-1,-0.01,-1,-1,-0.01,-1,-1,-0.01,-1,-1,-0.01,-1,-1,-0.01,-1,-1,-0.01,-1,-1
99926009,2026-05-18 11:08:15+05:30,53064.0,0,0.0,0,0.0,0.0,53282.15,53308.4,52783.45,53710.35,0,0.0,0.0,0.0,0.0,-0.01,-1,-1,-0.01,-1,-1,-0.01,-1,-1,-0.01,-1,-1,-0.01,-1,-1,-0.01,-1,-1,-0.01,-1,-1,-0.01,-1,-1,-0.01,-1,-1,-0.01,-1,-1
99926009,2026-05-18 11:08:16+05:30,53063.4,0,0.0,0,0.0,0.0,53282.15,53308.4,52783.45,53710.35,0,0.0,0.0,0.0,0.0,-0.01,-1,-1,-0.01,-1,-1,-0.01,-1,-1,-0.01,-1,-1,-0.01,-1,-1,-0.01,-1,-1,-0.01,-1,-1,-0.01,-1,-1,-0.01,-1,-1,-0.01,-1,-1
99926009,2026-05-18 11:08:16+05:30,53062.95,0,0.0,0,0.0,0.0,53282.15,53308.4,52783.45,53710.35,0,0.0,0.0,0.0,0.0,-0.01,-1,-1,-0.01,-1,-1,-0.01,-1,-1,-0.01,-1,-1,-0.01,-1,-1,-0.01,-1,-1,-0.01,-1,-1,-0.01,-1,-1,-0.01,-1,-1,-0.01,-1,-1
99926009,2026-05-18 11:08:17+05:30,53059.35,0,0.0,0,0.0,0.0,53282.15,53308.4,52783.45,53710.35,0,0.0,0.0,0.0,0.0,-0.01,-1,-1,-0.01,-1,-1,-0.01,-1,-1,-0.01,-1,-1,-0.01,-1,-1,-0.01,-1,-1,-0.01,-1,-1,-0.01,-1,-1,-0.01,-1,-1,-0.01,-1,-1
99926009,2026-05-18 11:08:17+05:30,53057.9,0,0.0,0,0.0,0.0,53282.15,53308.4,52783.45,53710.35,0,0.0,0.0,0.0,0.0,-0.01,-1,-1,-0.01,-1,-1,-0.01,-1,-1,-0.01,-1,-1,-0.01,-1,-1,-0.01,-1,-1,-0.01,-1,-1,-0.01,-1,-1,-0.01,-1,-1,-0.01,-1,-1
99926009,2026-05-18 11:08:18+05:30,53061.9,0,0.0,0,0.0,0.0,53282.15,53308.4,52783.45,53710.35,0,0.0,0.0,0.0,0.0,-0.01,-1,-1,-0.01,-1,-1,-0.01,-1,-1,-0.01,-1,-1,-0.01,-1,-1,-0.01,-1,-1,-0.01,-1,-1,-0.01,-1,-1,-0.01,-1,-1,-0.01,-1,-1
99926009,2026-05-18 11:08:18+05:30,53062.15,0,0.0,0,0.0,0.0,53282.15,53308.4,52783.45,53710.35,0,0.0,0.0,0.0,0.0,-0.01,-1,-1,-0.01,-1,-1,-0.01,-1,-1,-0.01,-1,-1,-0.01,-1,-1,-0.01,-1,-1,-0.01,-1,-1,-0.01,-1,-1,-0.01,-1,-1,-0.01,-1,-1
99926009,2026-05-18 11:08:19+05:30,53060.15,0,0.0,0,0.0,0.0,53282.15,53308.4,52783.45,53710.35,0,0.0,0.0,0.0,0.0,-0.01,-1,-1,-0.01,-1,-1,-0.01,-1,-1,-0.01,-1,-1,-0.01,-1,-1,-0.01,-1,-1,-0.01,-1,-1,-0.01,-1,-1,-0.01,-1,-1,-0.01,-1,-1
99926009,2026-05-18 11:08:19+05:30,53060.55,0,0.0,0,0.0,0.0,53282.15,53308.4,52783.45,53710.35,0,0.0,0.0,0.0,0.0,-0.01,-1,-1,-0.01,-1,-1,-0.01,-1,-1,-0.01,-1,-1,-0.01,-1,-1,-0.01,-1,-1,-0.01,-1,-1,-0.01,-1,-1,-0.01,-1,-1,-0.01,-1,-1
99926009,2026-05-18 11:08:20+05:30,53060.55,0,0.0,0,0.0,0.0,53282.15,53308.4,52783.45,53710.35,0,0.0,0.0,0.0,0.0,-0.01,-1,-1,-0.01,-1,-1,-0.01,-1,-1,-0.01,-1,-1,-0.01,-1,-1,-0.01,-1,-1,-0.01,-1,-1,-0.01,-1,-1,-0.01,-1,-1,-0.01,-1,-1
99926009,2026-05-18 11:08:20+05:30,53062.5,0,0.0,0,0.0,0.0,53282.15,53308.4,52783.45,53710.35,0,0.0,0.0,0.0,0.0,-0.01,-1,-1,-0.01,-1,-1,-0.01,-1,-1,-0.01,-1,-1,-0.01,-1,-1,-0.01,-1,-1,-0.01,-1,-1,-0.01,-1,-1,-0.01,-1,-1,-0.01,-1,-1
99926009,2026-05-18 11:08:21+05:30,53062.85,0,0.0,0,0.0,0.0,53282.15,53308.4,52783.45,53710.35,0,0.0,0.0,0.0,0.0,-0.01,-1,-1,-0.01,-1,-1,-0.01,-1,-1,-0.01,-1,-1,-0.01,-1,-1,-0.01,-1,-1,-0.01,-1,-1,-0.01,-1,-1,-0.01,-1,-1,-0.01,-1,-1
99926009,2026-05-18 11:08:21+05:30,53061.9,0,0.0,0,0.0,0.0,53282.15,53308.4,52783.45,53710.35,0,0.0,0.0,0.0,0.0,-0.01,-1,-1,-0.01,-1,-1,-0.01,-1,-1,-0.01,-1,-1,-0.01,-1,-1,-0.01,-1,-1,-0.01,-1,-1,-0.01,-1,-1,-0.01,-1,-1,-0.01,-1,-1
99926009,2026-05-18 11:08:22+05:30,53061.9,0,0.0,0,0.0,0.0,53282.15,53308.4,52783.45,53710.35,0,0.0,0.0,0.0,0.0,-0.01,-1,-1,-0.01,-1,-1,-0.01,-1,-1,-0.01,-1,-1,-0.01,-1,-1,-0.01,-1,-1,-0.01,-1,-1,-0.01,-1,-1,-0.01,-1,-1,-0.01,-1,-1
99926009,2026-05-18 11:08:22+05:30,53061.7,0,0.0,0,0.0,0.0,53282.15,53308.4,52783.45,53710.35,0,0.0,0.0,0.0,0.0,-0.01,-1,-1,-0.01,-1,-1,-0.01,-1,-1,-0.01,-1,-1,-0.01,-1,-1,-0.01,-1,-1,-0.01,-1,-1,-0.01,-1,-1,-0.01,-1,-1,-0.01,-1,-1
99926009,2026-05-18 11:08:23+05:30,53060.85,0,0.0,0,0.0,0.0,53282.15,53308.4,52783.45,53710.35,0,0.0,0.0,0.0,0.0,-0.01,-1,-1,-0.01,-1,-1,-0.01,-1,-1,-0.01,-1,-1,-0.01,-1,-1,-0.01,-1,-1,-0.01,-1,-1,-0.01,-1,-1,-0.01,-1,-1,-0.01,-1,-1
99926009,2026-05-18 11:08:23+05:30,53060.95,0,0.0,0,0.0,0.0,53282.15,53308.4,52783.45,53710.35,0,0.0,0.0,0.0,0.0,-0.01,-1,-1,-0.01,-1,-1,-0.01,-1,-1,-0.01,-1,-1,-0.01,-1,-1,-0.01,-1,-1,-0.01,-1,-1,-0.01,-1,-1,-0.01,-1,-1,-0.01,-1,-1
99926009,2026-05-18 11:08:24+05:30,53061.1,0,0.0,0,0.0,0.0,53282.15,53308.4,52783.45,53710.35,0,0.0,0.0,0.0,0.0,-0.01,-1,-1,-0.01,-1,-1,-0.01,-1,-1,-0.01,-1,-1,-0.01,-1,-1,-0.01,-1,-1,-0.01,-1,-1,-0.01,-1,-1,-0.01,-1,-1,-0.01,-1,-1
99926009,2026-05-18 11:08:24+05:30,53064.2,0,0.0,0,0.0,0.0,53282.15,53308.4,52783.45,53710.35,0,0.0,0.0,0.0,0.0,-0.01,-1,-1,-0.01,-1,-1,-0.01,-1,-1,-0.01,-1,-1,-0.01,-1,-1,-0.01,-1,-1,-0.01,-1,-1,-0.01,-1,-1,-0.01,-1,-1,-0.01,-1,-1
99926009,2026-05-18 11:08:25+05:30,53064.3,0,0.0,0,0.0,0.0,53282.15,53308.4,52783.45,53710.35,0,0.0,0.0,0.0,0.0,-0.01,-1,-1,-0.01,-1,-1,-0.01,-1,-1,-0.01,-1,-1,-0.01,-1,-1,-0.01,-1,-1,-0.01,-1,-1,-0.01,-1,-1,-0.01,-1,-1,-0.01,-1,-1
99926009,2026-05-18 11:08:25+05:30,53064.1,0,0.0,0,0.0,0.0,53282.15,53308.4,52783.45,53710.35,0,0.0,0.0,0.0,0.0,-0.01,-1,-1,-0.01,-1,-1,-0.01,-1,-1,-0.01,-1,-1,-0.01,-1,-1,-0.01,-1,-1,-0.01,-1,-1,-0.01,-1,-1,-0.01,-1,-1,-0.01,-1,-1
99926009,2026-05-18 11:08:26+05:30,53062.85,0,0.0,0,0.0,0.0,53282.15,53308.4,52783.45,53710.35,0,0.0,0.0,0.0,0.0,-0.01,-1,-1,-0.01,-1,-1,-0.01,-1,-1,-0.01,-1,-1,-0.01,-1,-1,-0.01,-1,-1,-0.01,-1,-1,-0.01,-1,-1,-0.01,-1,-1,-0.01,-1,-1
99926009,2026-05-18 11:08:26+05:30,53062.35,0,0.0,0,0.0,0.0,53282.15,53308.4,52783.45,53710.35,0,0.0,0.0,0.0,0.0,-0.01,-1,-1,-0.01,-1,-1,-0.01,-1,-1,-0.01,-1,-1,-0.01,-1,-1,-0.01,-1,-1,-0.01,-1,-1,-0.01,-1,-1,-0.01,-1,-1,-0.01,-1,-1
99926009,2026-05-18 11:08:27+05:30,53062.75,0,0.0,0,0.0,0.0,53282.15,53308.4,52783.45,53710.35,0,0.0,0.0,0.0,0.0,-0.01,-1,-1,-0.01,-1,-1,-0.01,-1,-1,-0.01,-1,-1,-0.01,-1,-1,-0.01,-1,-1,-0.01,-1,-1,-0.01,-1,-1,-0.01,-1,-1,-0.01,-1,-1
99926009,2026-05-18 11:08:27+05:30,53060.75,0,0.0,0,0.0,0.0,53282.15,53308.4,52783.45,53710.35,0,0.0,0.0,0.0,0.0,-0.01,-1,-1,-0.01,-1,-1,-0.01,-1,-1,-0.01,-1,-1,-0.01,-1,-1,-0.01,-1,-1,-0.01,-1,-1,-0.01,-1,-1,-0.01,-1,-1,-0.01,-1,-1
99926009,2026-05-18 11:08:28+05:30,53057.1,0,0.0,0,0.0,0.0,53282.15,53308.4,52783.45,53710.35,0,0.0,0.0,0.0,0.0,-0.01,-1,-1,-0.01,-1,-1,-0.01,-1,-1,-0.01,-1,-1,-0.01,-1,-1,-0.01,-1,-1,-0.01,-1,-1,-0.01,-1,-1,-0.01,-1,-1,-0.01,-1,-1
99926009,2026-05-18 11:08:28+05:30,53057.0,0,0.0,0,0.0,0.0,53282.15,53308.4,52783.45,53710.35,0,0.0,0.0,0.0,0.0,-0.01,-1,-1,-0.01,-1,-1,-0.01,-1,-1,-0.01,-1,-1,-0.01,-1,-1,-0.01,-1,-1,-0.01,-1,-1,-0.01,-1,-1,-0.01,-1,-1,-0.01,-1,-1
99926009,2026-05-18 11:08:29+05:30,53056.0,0,0.0,0,0.0,0.0,53282.15,53308.4,52783.45,53710.35,0,0.0,0.0,0.0,0.0,-0.01,-1,-1,-0.01,-1,-1,-0.01,-1,-1,-0.01,-1,-1,-0.01,-1,-1,-0.01,-1,-1,-0.01,-1,-1,-0.01,-1,-1,-0.01,-1,-1,-0.01,-1,-1
99926009,2026-05-18 11:08:29+05:30,53052.25,0,0.0,0,0.0,0.0,53282.15,53308.4,52783.45,53710.35,0,0.0,0.0,0.0,0.0,-0.01,-1,-1,-0.01,-1,-1,-0.01,-1,-1,-0.01,-1,-1,-0.01,-1,-1,-0.01,-1,-1,-0.01,-1,-1,-0.01,-1,-1,-0.01,-1,-1,-0.01,-1,-1
99926009,2026-05-18 11:08:30+05:30,53054.15,0,0.0,0,0.0,0.0,53282.15,53308.4,52783.45,53710.35,0,0.0,0.0,0.0,0.0,-0.01,-1,-1,-0.01,-1,-1,-0.01,-1,-1,-0.01,-1,-1,-0.01,-1,-1,-0.01,-1,-1,-0.01,-1,-1,-0.01,-1,-1,-0.01,-1,-1,-0.01,-1,-1
99926009,2026-05-18 11:08:30+05:30,53052.75,0,0.0,0,0.0,0.0,53282.15,53308.4,52783.45,53710.35,0,0.0,0.0,0.0,0.0,-0.01,-1,-1,-0.01,-1,-1,-0.01,-1,-1,-0.01,-1,-1,-0.01,-1,-1,-0.01,-1,-1,-0.01,-1,-1,-0.01,-1,-1,-0.01,-1,-1,-0.01,-1,-1
99926009,2026-05-18 11:08:31+05:30,53054.35,0,0.0,0,0.0,0.0,53282.15,53308.4,52783.45,53710.35,0,0.0,0.0,0.0,0.0,-0.01,-1,-1,-0.01,-1,-1,-0.01,-1,-1,-0.01,-1,-1,-0.01,-1,-1,-0.01,-1,-1,-0.01,-1,-1,-0.01,-1,-1,-0.01,-1,-1,-0.01,-1,-1
99926009,2026-05-18 11:08:31+05:30,53053.4,0,0.0,0,0.0,0.0,53282.15,53308.4,52783.45,53710.35,0,0.0,0.0,0.0,0.0,-0.01,-1,-1,-0.01,-1,-1,-0.01,-1,-1,-0.01,-1,-1,-0.01,-1,-1,-0.01,-1,-1,-0.01,-1,-1,-0.01,-1,-1,-0.01,-1,-1,-0.01,-1,-1
99926009,2026-05-18 11:08:32+05:30,53050.3,0,0.0,0,0.0,0.0,53282.15,53308.4,52783.45,53710.35,0,0.0,0.0,0.0,0.0,-0.01,-1,-1,-0.01,-1,-1,-0.01,-1,-1,-0.01,-1,-1,-0.01,-1,-1,-0.01,-1,-1,-0.01,-1,-1,-0.01,-1,-1,-0.01,-1,-1,-0.01,-1,-1
99926009,2026-05-18 11:08:32+05:30,53049.65,0,0.0,0,0.0,0.0,53282.15,53308.4,52783.45,53710.35,0,0.0,0.0,0.0,0.0,-0.01,-1,-1,-0.01,-1,-1,-0.01,-1,-1,-0.01,-1,-1,-0.01,-1,-1,-0.01,-1,-1,-0.01,-1,-1,-0.01,-1,-1,-0.01,-1,-1,-0.01,-1,-1
99926009,2026-05-18 11:08:33+05:30,53053.55,0,0.0,0,0.0,0.0,53282.15,53308.4,52783.45,53710.35,0,0.0,0.0,0.0,0.0,-0.01,-1,-1,-0.01,-1,-1,-0.01,-1,-1,-0.01,-1,-1,-0.01,-1,-1,-0.01,-1,-1,-0.01,-1,-1,-0.01,-1,-1,-0.01,-1,-1,-0.01,-1,-1
99926009,2026-05-18 11:08:33+05:30,53055.05,0,0.0,0,0.0,0.0,53282.15,53308.4,52783.45,53710.35,0,0.0,0.0,0.0,0.0,-0.01,-1,-1,-0.01,-1,-1,-0.01,-1,-1,-0.01,-1,-1,-0.01,-1,-1,-0.01,-1,-1,-0.01,-1,-1,-0.01,-1,-1,-0.01,-1,-1,-0.01,-1,-1
99926009,2026-05-18 11:08:34+05:30,53054.85,0,0.0,0,0.0,0.0,53282.15,53308.4,52783.45,53710.35,0,0.0,0.0,0.0,0.0,-0.01,-1,-1,-0.01,-1,-1,-0.01,-1,-1,-0.01,-1,-1,-0.01,-1,-1,-0.01,-1,-1,-0.01,-1,-1,-0.01,-1,-1,-0.01,-1,-1,-0.01,-1,-1
99926009,2026-05-18 11:08:34+05:30,53060.0,0,0.0,0,0.0,0.0,53282.15,53308.4,52783.45,53710.35,0,0.0,0.0,0.0,0.0,-0.01,-1,-1,-0.01,-1,-1,-0.01,-1,-1,-0.01,-1,-1,-0.01,-1,-1,-0.01,-1,-1,-0.01,-1,-1,-0.01,-1,-1,-0.01,-1,-1,-0.01,-1,-1
99926009,2026-05-18 11:08:35+05:30,53059.75,0,0.0,0,0.0,0.0,53282.15,53308.4,52783.45,53710.35,0,0.0,0.0,0.0,0.0,-0.01,-1,-1,-0.01,-1,-1,-0.01,-1,-1,-0.01,-1,-1,-0.01,-1,-1,-0.01,-1,-1,-0.01,-1,-1,-0.01,-1,-1,-0.01,-1,-1,-0.01,-1,-1
99926009,2026-05-18 11:08:35+05:30,53060.5,0,0.0,0,0.0,0.0,53282.15,53308.4,52783.45,53710.35,0,0.0,0.0,0.0,0.0,-0.01,-1,-1,-0.01,-1,-1,-0.01,-1,-1,-0.01,-1,-1,-0.01,-1,-1,-0.01,-1,-1,-0.01,-1,-1,-0.01,-1,-1,-0.01,-1,-1,-0.01,-1,-1
99926009,2026-05-18 11:08:36+05:30,53063.3,0,0.0,0,0.0,0.0,53282.15,53308.4,52783.45,53710.35,0,0.0,0.0,0.0,0.0,-0.01,-1,-1,-0.01,-1,-1,-0.01,-1,-1,-0.01,-1,-1,-0.01,-1,-1,-0.01,-1,-1,-0.01,-1,-1,-0.01,-1,-1,-0.01,-1,-1,-0.01,-1,-1
99926009,2026-05-18 11:08:36+05:30,53062.85,0,0.0,0,0.0,0.0,53282.15,53308.4,52783.45,53710.35,0,0.0,0.0,0.0,0.0,-0.01,-1,-1,-0.01,-1,-1,-0.01,-1,-1,-0.01,-1,-1,-0.01,-1,-1,-0.01,-1,-1,-0.01,-1,-1,-0.01,-1,-1,-0.01,-1,-1,-0.01,-1,-1
99926009,2026-05-18 11:08:37+05:30,53065.6,0,0.0,0,0.0,0.0,53282.15,53308.4,52783.45,53710.35,0,0.0,0.0,0.0,0.0,-0.01,-1,-1,-0.01,-1,-1,-0.01,-1,-1,-0.01,-1,-1,-0.01,-1,-1,-0.01,-1,-1,-0.01,-1,-1,-0.01,-1,-1,-0.01,-1,-1,-0.01,-1,-1
99926009,2026-05-18 11:08:37+05:30,53069.4,0,0.0,0,0.0,0.0,53282.15,53308.4,52783.45,53710.35,0,0.0,0.0,0.0,0.0,-0.01,-1,-1,-0.01,-1,-1,-0.01,-1,-1,-0.01,-1,-1,-0.01,-1,-1,-0.01,-1,-1,-0.01,-1,-1,-0.01,-1,-1,-0.01,-1,-1,-0.01,-1,-1
99926009,2026-05-18 11:08:38+05:30,53070.05,0,0.0,0,0.0,0.0,53282.15,53308.4,52783.45,53710.35,0,0.0,0.0,0.0,0.0,-0.01,-1,-1,-0.01,-1,-1,-0.01,-1,-1,-0.01,-1,-1,-0.01,-1,-1,-0.01,-1,-1,-0.01,-1,-1,-0.01,-1,-1,-0.01,-1,-1,-0.01,-1,-1
99926009,2026-05-18 11:08:38+05:30,53072.15,0,0.0,0,0.0,0.0,53282.15,53308.4,52783.45,53710.35,0,0.0,0.0,0.0,0.0,-0.01,-1,-1,-0.01,-1,-1,-0.01,-1,-1,-0.01,-1,-1,-0.01,-1,-1,-0.01,-1,-1,-0.01,-1,-1,-0.01,-1,-1,-0.01,-1,-1,-0.01,-1,-1
99926009,2026-05-18 11:08:39+05:30,53073.0,0,0.0,0,0.0,0.0,53282.15,53308.4,52783.45,53710.35,0,0.0,0.0,0.0,0.0,-0.01,-1,-1,-0.01,-1,-1,-0.01,-1,-1,-0.01,-1,-1,-0.01,-1,-1,-0.01,-1,-1,-0.01,-1,-1,-0.01,-1,-1,-0.01,-1,-1,-0.01,-1,-1
99926009,2026-05-18 11:08:39+05:30,53075.15,0,0.0,0,0.0,0.0,53282.15,53308.4,52783.45,53710.35,0,0.0,0.0,0.0,0.0,-0.01,-1,-1,-0.01,-1,-1,-0.01,-1,-1,-0.01,-1,-1,-0.01,-1,-1,-0.01,-1,-1,-0.01,-1,-1,-0.01,-1,-1,-0.01,-1,-1,-0.01,-1,-1
99926009,2026-05-18 11:08:40+05:30,53075.6,0,0.0,0,0.0,0.0,53282.15,53308.4,52783.45,53710.35,0,0.0,0.0,0.0,0.0,-0.01,-1,-1,-0.01,-1,-1,-0.01,-1,-1,-0.01,-1,-1,-0.01,-1,-1,-0.01,-1,-1,-0.01,-1,-1,-0.01,-1,-1,-0.01,-1,-1,-0.01,-1,-1
99926009,2026-05-18 11:08:40+05:30,53075.15,0,0.0,0,0.0,0.0,53282.15,53308.4,52783.45,53710.35,0,0.0,0.0,0.0,0.0,-0.01,-1,-1,-0.01,-1,-1,-0.01,-1,-1,-0.01,-1,-1,-0.01,-1,-1,-0.01,-1,-1,-0.01,-1,-1,-0.01,-1,-1,-0.01,-1,-1,-0.01,-1,-1
99926009,2026-05-18 11:08:41+05:30,53075.0,0,0.0,0,0.0,0.0,53282.15,53308.4,52783.45,53710.35,0,0.0,0.0,0.0,0.0,-0.01,-1,-1,-0.01,-1,-1,-0.01,-1,-1,-0.01,-1,-1,-0.01,-1,-1,-0.01,-1,-1,-0.01,-1,-1,-0.01,-1,-1,-0.01,-1,-1,-0.01,-1,-1
99926009,2026-05-18 11:08:41+05:30,53075.2,0,0.0,0,0.0,0.0,53282.15,53308.4,52783.45,53710.35,0,0.0,0.0,0.0,0.0,-0.01,-1,-1,-0.01,-1,-1,-0.01,-1,-1,-0.01,-1,-1,-0.01,-1,-1,-0.01,-1,-1,-0.01,-1,-1,-0.01,-1,-1,-0.01,-1,-1,-0.01,-1,-1
99926009,2026-05-18 11:08:42+05:30,53077.7,0,0.0,0,0.0,0.0,53282.15,53308.4,52783.45,53710.35,0,0.0,0.0,0.0,0.0,-0.01,-1,-1,-0.01,-1,-1,-0.01,-1,-1,-0.01,-1,-1,-0.01,-1,-1,-0.01,-1,-1,-0.01,-1,-1,-0.01,-1,-1,-0.01,-1,-1,-0.01,-1,-1
99926009,2026-05-18 11:08:42+05:30,53076.65,0,0.0,0,0.0,0.0,53282.15,53308.4,52783.45,53710.35,0,0.0,0.0,0.0,0.0,-0.01,-1,-1,-0.01,-1,-1,-0.01,-1,-1,-0.01,-1,-1,-0.01,-1,-1,-0.01,-1,-1,-0.01,-1,-1,-0.01,-1,-1,-0.01,-1,-1,-0.01,-1,-1
99926009,2026-05-18 11:08:43+05:30,53076.05,0,0.0,0,0.0,0.0,53282.15,53308.4,52783.45,53710.35,0,0.0,0.0,0.0,0.0,-0.01,-1,-1,-0.01,-1,-1,-0.01,-1,-1,-0.01,-1,-1,-0.01,-1,-1,-0.01,-1,-1,-0.01,-1,-1,-0.01,-1,-1,-0.01,-1,-1,-0.01,-1,-1
99926009,2026-05-18 11:08:43+05:30,53077.7,0,0.0,0,0.0,0.0,53282.15,53308.4,52783.45,53710.35,0,0.0,0.0,0.0,0.0,-0.01,-1,-1,-0.01,-1,-1,-0.01,-1,-1,-0.01,-1,-1,-0.01,-1,-1,-0.01,-1,-1,-0.01,-1,-1,-0.01,-1,-1,-0.01,-1,-1,-0.01,-1,-1
99926009,2026-05-18 11:08:44+05:30,53076.65,0,0.0,0,0.0,0.0,53282.15,53308.4,52783.45,53710.35,0,0.0,0.0,0.0,0.0,-0.01,-1,-1,-0.01,-1,-1,-0.01,-1,-1,-0.01,-1,-1,-0.01,-1,-1,-0.01,-1,-1,-0.01,-1,-1,-0.01,-1,-1,-0.01,-1,-1,-0.01,-1,-1
99926009,2026-05-18 11:08:44+05:30,53076.15,0,0.0,0,0.0,0.0,53282.15,53308.4,52783.45,53710.35,0,0.0,0.0,0.0,0.0,-0.01,-1,-1,-0.01,-1,-1,-0.01,-1,-1,-0.01,-1,-1,-0.01,-1,-1,-0.01,-1,-1,-0.01,-1,-1,-0.01,-1,-1,-0.01,-1,-1,-0.01,-1,-1
99926009,2026-05-18 11:08:45+05:30,53075.05,0,0.0,0,0.0,0.0,53282.15,53308.4,52783.45,53710.35,0,0.0,0.0,0.0,0.0,-0.01,-1,-1,-0.01,-1,-1,-0.01,-1,-1,-0.01,-1,-1,-0.01,-1,-1,-0.01,-1,-1,-0.01,-1,-1,-0.01,-1,-1,-0.01,-1,-1,-0.01,-1,-1
99926009,2026-05-18 11:08:45+05:30,53078.9,0,0.0,0,0.0,0.0,53282.15,53308.4,52783.45,53710.35,0,0.0,0.0,0.0,0.0,-0.01,-1,-1,-0.01,-1,-1,-0.01,-1,-1,-0.01,-1,-1,-0.01,-1,-1,-0.01,-1,-1,-0.01,-1,-1,-0.01,-1,-1,-0.01,-1,-1,-0.01,-1,-1
99926009,2026-05-18 11:08:46+05:30,53081.9,0,0.0,0,0.0,0.0,53282.15,53308.4,52783.45,53710.35,0,0.0,0.0,0.0,0.0,-0.01,-1,-1,-0.01,-1,-1,-0.01,-1,-1,-0.01,-1,-1,-0.01,-1,-1,-0.01,-1,-1,-0.01,-1,-1,-0.01,-1,-1,-0.01,-1,-1,-0.01,-1,-1
99926009,2026-05-18 11:08:46+05:30,53080.9,0,0.0,0,0.0,0.0,53282.15,53308.4,52783.45,53710.35,0,0.0,0.0,0.0,0.0,-0.01,-1,-1,-0.01,-1,-1,-0.01,-1,-1,-0.01,-1,-1,-0.01,-1,-1,-0.01,-1,-1,-0.01,-1,-1,-0.01,-1,-1,-0.01,-1,-1,-0.01,-1,-1
99926009,2026-05-18 11:08:47+05:30,53081.75,0,0.0,0,0.0,0.0,53282.15,53308.4,52783.45,53710.35,0,0.0,0.0,0.0,0.0,-0.01,-1,-1,-0.01,-1,-1,-0.01,-1,-1,-0.01,-1,-1,-0.01,-1,-1,-0.01,-1,-1,-0.01,-1,-1,-0.01,-1,-1,-0.01,-1,-1,-0.01,-1,-1
99926009,2026-05-18 11:08:47+05:30,53087.75,0,0.0,0,0.0,0.0,53282.15,53308.4,52783.45,53710.35,0,0.0,0.0,0.0,0.0,-0.01,-1,-1,-0.01,-1,-1,-0.01,-1,-1,-0.01,-1,-1,-0.01,-1,-1,-0.01,-1,-1,-0.01,-1,-1,-0.01,-1,-1,-0.01,-1,-1,-0.01,-1,-1
99926009,2026-05-18 11:08:48+05:30,53083.75,0,0.0,0,0.0,0.0,53282.15,53308.4,52783.45,53710.35,0,0.0,0.0,0.0,0.0,-0.01,-1,-1,-0.01,-1,-1,-0.01,-1,-1,-0.01,-1,-1,-0.01,-1,-1,-0.01,-1,-1,-0.01,-1,-1,-0.01,-1,-1,-0.01,-1,-1,-0.01,-1,-1
99926009,2026-05-18 11:08:48+05:30,53084.6,0,0.0,0,0.0,0.0,53282.15,53308.4,52783.45,53710.35,0,0.0,0.0,0.0,0.0,-0.01,-1,-1,-0.01,-1,-1,-0.01,-1,-1,-0.01,-1,-1,-0.01,-1,-1,-0.01,-1,-1,-0.01,-1,-1,-0.01,-1,-1,-0.01,-1,-1,-0.01,-1,-1
99926009,2026-05-18 11:08:49+05:30,53084.45,0,0.0,0,0.0,0.0,53282.15,53308.4,52783.45,53710.35,0,0.0,0.0,0.0,0.0,-0.01,-1,-1,-0.01,-1,-1,-0.01,-1,-1,-0.01,-1,-1,-0.01,-1,-1,-0.01,-1,-1,-0.01,-1,-1,-0.01,-1,-1,-0.01,-1,-1,-0.01,-1,-1
99926009,2026-05-18 11:08:49+05:30,53085.4,0,0.0,0,0.0,0.0,53282.15,53308.4,52783.45,53710.35,0,0.0,0.0,0.0,0.0,-0.01,-1,-1,-0.01,-1,-1,-0.01,-1,-1,-0.01,-1,-1,-0.01,-1,-1,-0.01,-1,-1,-0.01,-1,-1,-0.01,-1,-1,-0.01,-1,-1,-0.01,-1,-1
99926009,2026-05-18 11:08:50+05:30,53080.45,0,0.0,0,0.0,0.0,53282.15,53308.4,52783.45,53710.35,0,0.0,0.0,0.0,0.0,-0.01,-1,-1,-0.01,-1,-1,-0.01,-1,-1,-0.01,-1,-1,-0.01,-1,-1,-0.01,-1,-1,-0.01,-1,-1,-0.01,-1,-1,-0.01,-1,-1,-0.01,-1,-1
99926009,2026-05-18 11:08:50+05:30,53086.5,0,0.0,0,0.0,0.0,53282.15,53308.4,52783.45,53710.35,0,0.0,0.0,0.0,0.0,-0.01,-1,-1,-0.01,-1,-1,-0.01,-1,-1,-0.01,-1,-1,-0.01,-1,-1,-0.01,-1,-1,-0.01,-1,-1,-0.01,-1,-1,-0.01,-1,-1,-0.01,-1,-1
99926009,2026-05-18 11:08:51+05:30,53084.2,0,0.0,0,0.0,0.0,53282.15,53308.4,52783.45,53710.35,0,0.0,0.0,0.0,0.0,-0.01,-1,-1,-0.01,-1,-1,-0.01,-1,-1,-0.01,-1,-1,-0.01,-1,-1,-0.01,-1,-1,-0.01,-1,-1,-0.01,-1,-1,-0.01,-1,-1,-0.01,-1,-1
99926009,2026-05-18 11:08:51+05:30,53084.35,0,0.0,0,0.0,0.0,53282.15,53308.4,52783.45,53710.35,0,0.0,0.0,0.0,0.0,-0.01,-1,-1,-0.01,-1,-1,-0.01,-1,-1,-0.01,-1,-1,-0.01,-1,-1,-0.01,-1,-1,-0.01,-1,-1,-0.01,-1,-1,-0.01,-1,-1,-0.01,-1,-1
99926009,2026-05-18 11:08:52+05:30,53084.8,0,0.0,0,0.0,0.0,53282.15,53308.4,52783.45,53710.35,0,0.0,0.0,0.0,0.0,-0.01,-1,-1,-0.01,-1,-1,-0.01,-1,-1,-0.01,-1,-1,-0.01,-1,-1,-0.01,-1,-1,-0.01,-1,-1,-0.01,-1,-1,-0.01,-1,-1,-0.01,-1,-1
99926009,2026-05-18 11:08:52+05:30,53083.8,0,0.0,0,0.0,0.0,53282.15,53308.4,52783.45,53710.35,0,0.0,0.0,0.0,0.0,-0.01,-1,-1,-0.01,-1,-1,-0.01,-1,-1,-0.01,-1,-1,-0.01,-1,-1,-0.01,-1,-1,-0.01,-1,-1,-0.01,-1,-1,-0.01,-1,-1,-0.01,-1,-1
99926009,2026-05-18 11:08:53+05:30,53084.6,0,0.0,0,0.0,0.0,53282.15,53308.4,52783.45,53710.35,0,0.0,0.0,0.0,0.0,-0.01,-1,-1,-0.01,-1,-1,-0.01,-1,-1,-0.01,-1,-1,-0.01,-1,-1,-0.01,-1,-1,-0.01,-1,-1,-0.01,-1,-1,-0.01,-1,-1,-0.01,-1,-1
99926009,2026-05-18 11:08:53+05:30,53083.1,0,0.0,0,0.0,0.0,53282.15,53308.4,52783.45,53710.35,0,0.0,0.0,0.0,0.0,-0.01,-1,-1,-0.01,-1,-1,-0.01,-1,-1,-0.01,-1,-1,-0.01,-1,-1,-0.01,-1,-1,-0.01,-1,-1,-0.01,-1,-1,-0.01,-1,-1,-0.01,-1,-1
99926009,2026-05-18 11:08:54+05:30,53087.0,0,0.0,0,0.0,0.0,53282.15,53308.4,52783.45,53710.35,0,0.0,0.0,0.0,0.0,-0.01,-1,-1,-0.01,-1,-1,-0.01,-1,-1,-0.01,-1,-1,-0.01,-1,-1,-0.01,-1,-1,-0.01,-1,-1,-0.01,-1,-1,-0.01,-1,-1,-0.01,-1,-1
99926009,2026-05-18 11:08:54+05:30,53082.55,0,0.0,0,0.0,0.0,53282.15,53308.4,52783.45,53710.35,0,0.0,0.0,0.0,0.0,-0.01,-1,-1,-0.01,-1,-1,-0.01,-1,-1,-0.01,-1,-1,-0.01,-1,-1,-0.01,-1,-1,-0.01,-1,-1,-0.01,-1,-1,-0.01,-1,-1,-0.01,-1,-1
99926009,2026-05-18 11:08:55+05:30,53083.4,0,0.0,0,0.0,0.0,53282.15,53308.4,52783.45,53710.35,0,0.0,0.0,0.0,0.0,-0.01,-1,-1,-0.01,-1,-1,-0.01,-1,-1,-0.01,-1,-1,-0.01,-1,-1,-0.01,-1,-1,-0.01,-1,-1,-0.01,-1,-1,-0.01,-1,-1,-0.01,-1,-1
99926009,2026-05-18 11:08:55+05:30,53085.2,0,0.0,0,0.0,0.0,53282.15,53308.4,52783.45,53710.35,0,0.0,0.0,0.0,0.0,-0.01,-1,-1,-0.01,-1,-1,-0.01,-1,-1,-0.01,-1,-1,-0.01,-1,-1,-0.01,-1,-1,-0.01,-1,-1,-0.01,-1,-1,-0.01,-1,-1,-0.01,-1,-1
99926009,2026-05-18 11:08:56+05:30,53084.1,0,0.0,0,0.0,0.0,53282.15,53308.4,52783.45,53710.35,0,0.0,0.0,0.0,0.0,-0.01,-1,-1,-0.01,-1,-1,-0.01,-1,-1,-0.01,-1,-1,-0.01,-1,-1,-0.01,-1,-1,-0.01,-1,-1,-0.01,-1,-1,-0.01,-1,-1,-0.01,-1,-1
99926009,2026-05-18 11:08:56+05:30,53084.6,0,0.0,0,0.0,0.0,53282.15,53308.4,52783.45,53710.35,0,0.0,0.0,0.0,0.0,-0.01,-1,-1,-0.01,-1,-1,-0.01,-1,-1,-0.01,-1,-1,-0.01,-1,-1,-0.01,-1,-1,-0.01,-1,-1,-0.01,-1,-1,-0.01,-1,-1,-0.01,-1,-1
99926009,2026-05-18 11:08:57+05:30,53084.6,0,0.0,0,0.0,0.0,53282.15,53308.4,52783.45,53710.35,0,0.0,0.0,0.0,0.0,-0.01,-1,-1,-0.01,-1,-1,-0.01,-1,-1,-0.01,-1,-1,-0.01,-1,-1,-0.01,-1,-1,-0.01,-1,-1,-0.01,-1,-1,-0.01,-1,-1,-0.01,-1,-1
99926009,2026-05-18 11:08:57+05:30,53083.2,0,0.0,0,0.0,0.0,53282.15,53308.4,52783.45,53710.35,0,0.0,0.0,0.0,0.0,-0.01,-1,-1,-0.01,-1,-1,-0.01,-1,-1,-0.01,-1,-1,-0.01,-1,-1,-0.01,-1,-1,-0.01,-1,-1,-0.01,-1,-1,-0.01,-1,-1,-0.01,-1,-1
99926009,2026-05-18 11:08:58+05:30,53082.65,0,0.0,0,0.0,0.0,53282.15,53308.4,52783.45,53710.35,0,0.0,0.0,0.0,0.0,-0.01,-1,-1,-0.01,-1,-1,-0.01,-1,-1,-0.01,-1,-1,-0.01,-1,-1,-0.01,-1,-1,-0.01,-1,-1,-0.01,-1,-1,-0.01,-1,-1,-0.01,-1,-1
99926009,2026-05-18 11:08:58+05:30,53080.35,0,0.0,0,0.0,0.0,53282.15,53308.4,52783.45,53710.35,0,0.0,0.0,0.0,0.0,-0.01,-1,-1,-0.01,-1,-1,-0.01,-1,-1,-0.01,-1,-1,-0.01,-1,-1,-0.01,-1,-1,-0.01,-1,-1,-0.01,-1,-1,-0.01,-1,-1,-0.01,-1,-1
99926009,2026-05-18 11:08:59+05:30,53079.95,0,0.0,0,0.0,0.0,53282.15,53308.4,52783.45,53710.35,0,0.0,0.0,0.0,0.0,-0.01,-1,-1,-0.01,-1,-1,-0.01,-1,-1,-0.01,-1,-1,-0.01,-1,-1,-0.01,-1,-1,-0.01,-1,-1,-0.01,-1,-1,-0.01,-1,-1,-0.01,-1,-1
99926009,2026-05-18 11:08:59+05:30,53077.4,0,0.0,0,0.0,0.0,53282.15,53308.4,52783.45,53710.35,0,0.0,0.0,0.0,0.0,-0.01,-1,-1,-0.01,-1,-1,-0.01,-1,-1,-0.01,-1,-1,-0.01,-1,-1,-0.01,-1,-1,-0.01,-1,-1,-0.01,-1,-1,-0.01,-1,-1,-0.01,-1,-1
99926009,2026-05-18 11:09:00+05:30,53080.7,0,0.0,0,0.0,0.0,53282.15,53308.4,52783.45,53710.35,0,0.0,0.0,0.0,0.0,-0.01,-1,-1,-0.01,-1,-1,-0.01,-1,-1,-0.01,-1,-1,-0.01,-1,-1,-0.01,-1,-1,-0.01,-1,-1,-0.01,-1,-1,-0.01,-1,-1,-0.01,-1,-1
99926009,2026-05-18 11:09:00+05:30,53079.0,0,0.0,0,0.0,0.0,53282.15,53308.4,52783.45,53710.35,0,0.0,0.0,0.0,0.0,-0.01,-1,-1,-0.01,-1,-1,-0.01,-1,-1,-0.01,-1,-1,-0.01,-1,-1,-0.01,-1,-1,-0.01,-1,-1,-0.01,-1,-1,-0.01,-1,-1,-0.01,-1,-1
99926009,2026-05-18 11:09:01+05:30,53081.8,0,0.0,0,0.0,0.0,53282.15,53308.4,52783.45,53710.35,0,0.0,0.0,0.0,0.0,-0.01,-1,-1,-0.01,-1,-1,-0.01,-1,-1,-0.01,-1,-1,-0.01,-1,-1,-0.01,-1,-1,-0.01,-1,-1,-0.01,-1,-1,-0.01,-1,-1,-0.01,-1,-1
99926009,2026-05-18 11:09:01+05:30,53081.3,0,0.0,0,0.0,0.0,53282.15,53308.4,52783.45,53710.35,0,0.0,0.0,0.0,0.0,-0.01,-1,-1,-0.01,-1,-1,-0.01,-1,-1,-0.01,-1,-1,-0.01,-1,-1,-0.01,-1,-1,-0.01,-1,-1,-0.01,-1,-1,-0.01,-1,-1,-0.01,-1,-1
99926009,2026-05-18 11:09:02+05:30,53079.55,0,0.0,0,0.0,0.0,53282.15,53308.4,52783.45,53710.35,0,0.0,0.0,0.0,0.0,-0.01,-1,-1,-0.01,-1,-1,-0.01,-1,-1,-0.01,-1,-1,-0.01,-1,-1,-0.01,-1,-1,-0.01,-1,-1,-0.01,-1,-1,-0.01,-1,-1,-0.01,-1,-1
99926009,2026-05-18 11:09:02+05:30,53080.3,0,0.0,0,0.0,0.0,53282.15,53308.4,52783.45,53710.35,0,0.0,0.0,0.0,0.0,-0.01,-1,-1,-0.01,-1,-1,-0.01,-1,-1,-0.01,-1,-1,-0.01,-1,-1,-0.01,-1,-1,-0.01,-1,-1,-0.01,-1,-1,-0.01,-1,-1,-0.01,-1,-1
99926009,2026-05-18 11:09:03+05:30,53078.95,0,0.0,0,0.0,0.0,53282.15,53308.4,52783.45,53710.35,0,0.0,0.0,0.0,0.0,-0.01,-1,-1,-0.01,-1,-1,-0.01,-1,-1,-0.01,-1,-1,-0.01,-1,-1,-0.01,-1,-1,-0.01,-1,-1,-0.01,-1,-1,-0.01,-1,-1,-0.01,-1,-1
99926009,2026-05-18 11:09:03+05:30,53078.35,0,0.0,0,0.0,0.0,53282.15,53308.4,52783.45,53710.35,0,0.0,0.0,0.0,0.0,-0.01,-1,-1,-0.01,-1,-1,-0.01,-1,-1,-0.01,-1,-1,-0.01,-1,-1,-0.01,-1,-1,-0.01,-1,-1,-0.01,-1,-1,-0.01,-1,-1,-0.01,-1,-1
99926009,2026-05-18 11:09:04+05:30,53075.05,0,0.0,0,0.0,0.0,53282.15,53308.4,52783.45,53710.35,0,0.0,0.0,0.0,0.0,-0.01,-1,-1,-0.01,-1,-1,-0.01,-1,-1,-0.01,-1,-1,-0.01,-1,-1,-0.01,-1,-1,-0.01,-1,-1,-0.01,-1,-1,-0.01,-1,-1,-0.01,-1,-1
99926009,2026-05-18 11:09:04+05:30,53076.95,0,0.0,0,0.0,0.0,53282.15,53308.4,52783.45,53710.35,0,0.0,0.0,0.0,0.0,-0.01,-1,-1,-0.01,-1,-1,-0.01,-1,-1,-0.01,-1,-1,-0.01,-1,-1,-0.01,-1,-1,-0.01,-1,-1,-0.01,-1,-1,-0.01,-1,-1,-0.01,-1,-1
99926009,2026-05-18 11:09:05+05:30,53076.85,0,0.0,0,0.0,0.0,53282.15,53308.4,52783.45,53710.35,0,0.0,0.0,0.0,0.0,-0.01,-1,-1,-0.01,-1,-1,-0.01,-1,-1,-0.01,-1,-1,-0.01,-1,-1,-0.01,-1,-1,-0.01,-1,-1,-0.01,-1,-1,-0.01,-1,-1,-0.01,-1,-1
99926009,2026-05-18 11:09:05+05:30,53078.15,0,0.0,0,0.0,0.0,53282.15,53308.4,52783.45,53710.35,0,0.0,0.0,0.0,0.0,-0.01,-1,-1,-0.01,-1,-1,-0.01,-1,-1,-0.01,-1,-1,-0.01,-1,-1,-0.01,-1,-1,-0.01,-1,-1,-0.01,-1,-1,-0.01,-1,-1,-0.01,-1,-1
99926009,2026-05-18 11:09:06+05:30,53077.3,0,0.0,0,0.0,0.0,53282.15,53308.4,52783.45,53710.35,0,0.0,0.0,0.0,0.0,-0.01,-1,-1,-0.01,-1,-1,-0.01,-1,-1,-0.01,-1,-1,-0.01,-1,-1,-0.01,-1,-1,-0.01,-1,-1,-0.01,-1,-1,-0.01,-1,-1,-0.01,-1,-1
99926009,2026-05-18 11:09:06+05:30,53079.25,0,0.0,0,0.0,0.0,53282.15,53308.4,52783.45,53710.35,0,0.0,0.0,0.0,0.0,-0.01,-1,-1,-0.01,-1,-1,-0.01,-1,-1,-0.01,-1,-1,-0.01,-1,-1,-0.01,-1,-1,-0.01,-1,-1,-0.01,-1,-1,-0.01,-1,-1,-0.01,-1,-1
99926009,2026-05-18 11:09:07+05:30,53083.0,0,0.0,0,0.0,0.0,53282.15,53308.4,52783.45,53710.35,0,0.0,0.0,0.0,0.0,-0.01,-1,-1,-0.01,-1,-1,-0.01,-1,-1,-0.01,-1,-1,-0.01,-1,-1,-0.01,-1,-1,-0.01,-1,-1,-0.01,-1,-1,-0.01,-1,-1,-0.01,-1,-1
99926009,2026-05-18 11:09:07+05:30,53082.0,0,0.0,0,0.0,0.0,53282.15,53308.4,52783.45,53710.35,0,0.0,0.0,0.0,0.0,-0.01,-1,-1,-0.01,-1,-1,-0.01,-1,-1,-0.01,-1,-1,-0.01,-1,-1,-0.01,-1,-1,-0.01,-1,-1,-0.01,-1,-1,-0.01,-1,-1,-0.01,-1,-1
99926009,2026-05-18 11:09:08+05:30,53078.15,0,0.0,0,0.0,0.0,53282.15,53308.4,52783.45,53710.35,0,0.0,0.0,0.0,0.0,-0.01,-1,-1,-0.01,-1,-1,-0.01,-1,-1,-0.01,-1,-1,-0.01,-1,-1,-0.01,-1,-1,-0.01,-1,-1,-0.01,-1,-1,-0.01,-1,-1,-0.01,-1,-1
99926009,2026-05-18 11:09:08+05:30,53079.0,0,0.0,0,0.0,0.0,53282.15,53308.4,52783.45,53710.35,0,0.0,0.0,0.0,0.0,-0.01,-1,-1,-0.01,-1,-1,-0.01,-1,-1,-0.01,-1,-1,-0.01,-1,-1,-0.01,-1,-1,-0.01,-1,-1,-0.01,-1,-1,-0.01,-1,-1,-0.01,-1,-1
99926009,2026-05-18 11:09:09+05:30,53080.35,0,0.0,0,0.0,0.0,53282.15,53308.4,52783.45,53710.35,0,0.0,0.0,0.0,0.0,-0.01,-1,-1,-0.01,-1,-1,-0.01,-1,-1,-0.01,-1,-1,-0.01,-1,-1,-0.01,-1,-1,-0.01,-1,-1,-0.01,-1,-1,-0.01,-1,-1,-0.01,-1,-1
99926009,2026-05-18 11:09:09+05:30,53083.1,0,0.0,0,0.0,0.0,53282.15,53308.4,52783.45,53710.35,0,0.0,0.0,0.0,0.0,-0.01,-1,-1,-0.01,-1,-1,-0.01,-1,-1,-0.01,-1,-1,-0.01,-1,-1,-0.01,-1,-1,-0.01,-1,-1,-0.01,-1,-1,-0.01,-1,-1,-0.01,-1,-1
99926009,2026-05-18 11:09:10+05:30,53083.45,0,0.0,0,0.0,0.0,53282.15,53308.4,52783.45,53710.35,0,0.0,0.0,0.0,0.0,-0.01,-1,-1,-0.01,-1,-1,-0.01,-1,-1,-0.01,-1,-1,-0.01,-1,-1,-0.01,-1,-1,-0.01,-1,-1,-0.01,-1,-1,-0.01,-1,-1,-0.01,-1,-1
99926009,2026-05-18 11:09:10+05:30,53084.55,0,0.0,0,0.0,0.0,53282.15,53308.4,52783.45,53710.35,0,0.0,0.0,0.0,0.0,-0.01,-1,-1,-0.01,-1,-1,-0.01,-1,-1,-0.01,-1,-1,-0.01,-1,-1,-0.01,-1,-1,-0.01,-1,-1,-0.01,-1,-1,-0.01,-1,-1,-0.01,-1,-1
99926009,2026-05-18 11:09:11+05:30,53084.05,0,0.0,0,0.0,0.0,53282.15,53308.4,52783.45,53710.35,0,0.0,0.0,0.0,0.0,-0.01,-1,-1,-0.01,-1,-1,-0.01,-1,-1,-0.01,-1,-1,-0.01,-1,-1,-0.01,-1,-1,-0.01,-1,-1,-0.01,-1,-1,-0.01,-1,-1,-0.01,-1,-1
99926009,2026-05-18 11:09:11+05:30,53084.8,0,0.0,0,0.0,0.0,53282.15,53308.4,52783.45,53710.35,0,0.0,0.0,0.0,0.0,-0.01,-1,-1,-0.01,-1,-1,-0.01,-1,-1,-0.01,-1,-1,-0.01,-1,-1,-0.01,-1,-1,-0.01,-1,-1,-0.01,-1,-1,-0.01,-1,-1,-0.01,-1,-1
99926009,2026-05-18 11:09:12+05:30,53086.1,0,0.0,0,0.0,0.0,53282.15,53308.4,52783.45,53710.35,0,0.0,0.0,0.0,0.0,-0.01,-1,-1,-0.01,-1,-1,-0.01,-1,-1,-0.01,-1,-1,-0.01,-1,-1,-0.01,-1,-1,-0.01,-1,-1,-0.01,-1,-1,-0.01,-1,-1,-0.01,-1,-1
99926009,2026-05-18 11:09:12+05:30,53083.3,0,0.0,0,0.0,0.0,53282.15,53308.4,52783.45,53710.35,0,0.0,0.0,0.0,0.0,-0.01,-1,-1,-0.01,-1,-1,-0.01,-1,-1,-0.01,-1,-1,-0.01,-1,-1,-0.01,-1,-1,-0.01,-1,-1,-0.01,-1,-1,-0.01,-1,-1,-0.01,-1,-1
99926009,2026-05-18 11:09:13+05:30,53081.5,0,0.0,0,0.0,0.0,53282.15,53308.4,52783.45,53710.35,0,0.0,0.0,0.0,0.0,-0.01,-1,-1,-0.01,-1,-1,-0.01,-1,-1,-0.01,-1,-1,-0.01,-1,-1,-0.01,-1,-1,-0.01,-1,-1,-0.01,-1,-1,-0.01,-1,-1,-0.01,-1,-1
99926009,2026-05-18 11:09:13+05:30,53084.0,0,0.0,0,0.0,0.0,53282.15,53308.4,52783.45,53710.35,0,0.0,0.0,0.0,0.0,-0.01,-1,-1,-0.01,-1,-1,-0.01,-1,-1,-0.01,-1,-1,-0.01,-1,-1,-0.01,-1,-1,-0.01,-1,-1,-0.01,-1,-1,-0.01,-1,-1,-0.01,-1,-1
99926009,2026-05-18 11:09:14+05:30,53083.65,0,0.0,0,0.0,0.0,53282.15,53308.4,52783.45,53710.35,0,0.0,0.0,0.0,0.0,-0.01,-1,-1,-0.01,-1,-1,-0.01,-1,-1,-0.01,-1,-1,-0.01,-1,-1,-0.01,-1,-1,-0.01,-1,-1,-0.01,-1,-1,-0.01,-1,-1,-0.01,-1,-1
99926009,2026-05-18 11:09:14+05:30,53084.3,0,0.0,0,0.0,0.0,53282.15,53308.4,52783.45,53710.35,0,0.0,0.0,0.0,0.0,-0.01,-1,-1,-0.01,-1,-1,-0.01,-1,-1,-0.01,-1,-1,-0.01,-1,-1,-0.01,-1,-1,-0.01,-1,-1,-0.01,-1,-1,-0.01,-1,-1,-0.01,-1,-1
99926009,2026-05-18 11:09:15+05:30,53081.95,0,0.0,0,0.0,0.0,53282.15,53308.4,52783.45,53710.35,0,0.0,0.0,0.0,0.0,-0.01,-1,-1,-0.01,-1,-1,-0.01,-1,-1,-0.01,-1,-1,-0.01,-1,-1,-0.01,-1,-1,-0.01,-1,-1,-0.01,-1,-1,-0.01,-1,-1,-0.01,-1,-1
99926009,2026-05-18 11:09:15+05:30,53083.5,0,0.0,0,0.0,0.0,53282.15,53308.4,52783.45,53710.35,0,0.0,0.0,0.0,0.0,-0.01,-1,-1,-0.01,-1,-1,-0.01,-1,-1,-0.01,-1,-1,-0.01,-1,-1,-0.01,-1,-1,-0.01,-1,-1,-0.01,-1,-1,-0.01,-1,-1,-0.01,-1,-1
99926009,2026-05-18 11:09:16+05:30,53084.2,0,0.0,0,0.0,0.0,53282.15,53308.4,52783.45,53710.35,0,0.0,0.0,0.0,0.0,-0.01,-1,-1,-0.01,-1,-1,-0.01,-1,-1,-0.01,-1,-1,-0.01,-1,-1,-0.01,-1,-1,-0.01,-1,-1,-0.01,-1,-1,-0.01,-1,-1,-0.01,-1,-1
99926009,2026-05-18 11:09:16+05:30,53082.4,0,0.0,0,0.0,0.0,53282.15,53308.4,52783.45,53710.35,0,0.0,0.0,0.0,0.0,-0.01,-1,-1,-0.01,-1,-1,-0.01,-1,-1,-0.01,-1,-1,-0.01,-1,-1,-0.01,-1,-1,-0.01,-1,-1,-0.01,-1,-1,-0.01,-1,-1,-0.01,-1,-1
99926009,2026-05-18 11:09:17+05:30,53083.75,0,0.0,0,0.0,0.0,53282.15,53308.4,52783.45,53710.35,0,0.0,0.0,0.0,0.0,-0.01,-1,-1,-0.01,-1,-1,-0.01,-1,-1,-0.01,-1,-1,-0.01,-1,-1,-0.01,-1,-1,-0.01,-1,-1,-0.01,-1,-1,-0.01,-1,-1,-0.01,-1,-1
99926009,2026-05-18 11:09:17+05:30,53085.15,0,0.0,0,0.0,0.0,53282.15,53308.4,52783.45,53710.35,0,0.0,0.0,0.0,0.0,-0.01,-1,-1,-0.01,-1,-1,-0.01,-1,-1,-0.01,-1,-1,-0.01,-1,-1,-0.01,-1,-1,-0.01,-1,-1,-0.01,-1,-1,-0.01,-1,-1,-0.01,-1,-1
99926009,2026-05-18 11:09:18+05:30,53084.65,0,0.0,0,0.0,0.0,53282.15,53308.4,52783.45,53710.35,0,0.0,0.0,0.0,0.0,-0.01,-1,-1,-0.01,-1,-1,-0.01,-1,-1,-0.01,-1,-1,-0.01,-1,-1,-0.01,-1,-1,-0.01,-1,-1,-0.01,-1,-1,-0.01,-1,-1,-0.01,-1,-1
99926009,2026-05-18 11:09:18+05:30,53083.3,0,0.0,0,0.0,0.0,53282.15,53308.4,52783.45,53710.35,0,0.0,0.0,0.0,0.0,-0.01,-1,-1,-0.01,-1,-1,-0.01,-1,-1,-0.01,-1,-1,-0.01,-1,-1,-0.01,-1,-1,-0.01,-1,-1,-0.01,-1,-1,-0.01,-1,-1,-0.01,-1,-1
99926009,2026-05-18 11:09:19+05:30,53083.6,0,0.0,0,0.0,0.0,53282.15,53308.4,52783.45,53710.35,0,0.0,0.0,0.0,0.0,-0.01,-1,-1,-0.01,-1,-1,-0.01,-1,-1,-0.01,-1,-1,-0.01,-1,-1,-0.01,-1,-1,-0.01,-1,-1,-0.01,-1,-1,-0.01,-1,-1,-0.01,-1,-1
99926009,2026-05-18 11:09:19+05:30,53084.45,0,0.0,0,0.0,0.0,53282.15,53308.4,52783.45,53710.35,0,0.0,0.0,0.0,0.0,-0.01,-1,-1,-0.01,-1,-1,-0.01,-1,-1,-0.01,-1,-1,-0.01,-1,-1,-0.01,-1,-1,-0.01,-1,-1,-0.01,-1,-1,-0.01,-1,-1,-0.01,-1,-1
99926009,2026-05-18 11:09:20+05:30,53083.85,0,0.0,0,0.0,0.0,53282.15,53308.4,52783.45,53710.35,0,0.0,0.0,0.0,0.0,-0.01,-1,-1,-0.01,-1,-1,-0.01,-1,-1,-0.01,-1,-1,-0.01,-1,-1,-0.01,-1,-1,-0.01,-1,-1,-0.01,-1,-1,-0.01,-1,-1,-0.01,-1,-1
99926009,2026-05-18 11:09:20+05:30,53085.1,0,0.0,0,0.0,0.0,53282.15,53308.4,52783.45,53710.35,0,0.0,0.0,0.0,0.0,-0.01,-1,-1,-0.01,-1,-1,-0.01,-1,-1,-0.01,-1,-1,-0.01,-1,-1,-0.01,-1,-1,-0.01,-1,-1,-0.01,-1,-1,-0.01,-1,-1,-0.01,-1,-1
99926009,2026-05-18 11:09:21+05:30,53083.3,0,0.0,0,0.0,0.0,53282.15,53308.4,52783.45,53710.35,0,0.0,0.0,0.0,0.0,-0.01,-1,-1,-0.01,-1,-1,-0.01,-1,-1,-0.01,-1,-1,-0.01,-1,-1,-0.01,-1,-1,-0.01,-1,-1,-0.01,-1,-1,-0.01,-1,-1,-0.01,-1,-1
99926009,2026-05-18 11:09:21+05:30,53085.95,0,0.0,0,0.0,0.0,53282.15,53308.4,52783.45,53710.35,0,0.0,0.0,0.0,0.0,-0.01,-1,-1,-0.01,-1,-1,-0.01,-1,-1,-0.01,-1,-1,-0.01,-1,-1,-0.01,-1,-1,-0.01,-1,-1,-0.01,-1,-1,-0.01,-1,-1,-0.01,-1,-1
99926009,2026-05-18 11:09:22+05:30,53087.5,0,0.0,0,0.0,0.0,53282.15,53308.4,52783.45,53710.35,0,0.0,0.0,0.0,0.0,-0.01,-1,-1,-0.01,-1,-1,-0.01,-1,-1,-0.01,-1,-1,-0.01,-1,-1,-0.01,-1,-1,-0.01,-1,-1,-0.01,-1,-1,-0.01,-1,-1,-0.01,-1,-1
99926009,2026-05-18 11:09:22+05:30,53087.25,0,0.0,0,0.0,0.0,53282.15,53308.4,52783.45,53710.35,0,0.0,0.0,0.0,0.0,-0.01,-1,-1,-0.01,-1,-1,-0.01,-1,-1,-0.01,-1,-1,-0.01,-1,-1,-0.01,-1,-1,-0.01,-1,-1,-0.01,-1,-1,-0.01,-1,-1,-0.01,-1,-1
99926009,2026-05-18 11:09:23+05:30,53088.45,0,0.0,0,0.0,0.0,53282.15,53308.4,52783.45,53710.35,0,0.0,0.0,0.0,0.0,-0.01,-1,-1,-0.01,-1,-1,-0.01,-1,-1,-0.01,-1,-1,-0.01,-1,-1,-0.01,-1,-1,-0.01,-1,-1,-0.01,-1,-1,-0.01,-1,-1,-0.01,-1,-1
99926009,2026-05-18 11:09:23+05:30,53088.45,0,0.0,0,0.0,0.0,53282.15,53308.4,52783.45,53710.35,0,0.0,0.0,0.0,0.0,-0.01,-1,-1,-0.01,-1,-1,-0.01,-1,-1,-0.01,-1,-1,-0.01,-1,-1,-0.01,-1,-1,-0.01,-1,-1,-0.01,-1,-1,-0.01,-1,-1,-0.01,-1,-1
99926009,2026-05-18 11:09:24+05:30,53088.3,0,0.0,0,0.0,0.0,53282.15,53308.4,52783.45,53710.35,0,0.0,0.0,0.0,0.0,-0.01,-1,-1,-0.01,-1,-1,-0.01,-1,-1,-0.01,-1,-1,-0.01,-1,-1,-0.01,-1,-1,-0.01,-1,-1,-0.01,-1,-1,-0.01,-1,-1,-0.01,-1,-1
99926009,2026-05-18 11:09:24+05:30,53089.3,0,0.0,0,0.0,0.0,53282.15,53308.4,52783.45,53710.35,0,0.0,0.0,0.0,0.0,-0.01,-1,-1,-0.01,-1,-1,-0.01,-1,-1,-0.01,-1,-1,-0.01,-1,-1,-0.01,-1,-1,-0.01,-1,-1,-0.01,-1,-1,-0.01,-1,-1,-0.01,-1,-1
99926009,2026-05-18 11:09:25+05:30,53087.9,0,0.0,0,0.0,0.0,53282.15,53308.4,52783.45,53710.35,0,0.0,0.0,0.0,0.0,-0.01,-1,-1,-0.01,-1,-1,-0.01,-1,-1,-0.01,-1,-1,-0.01,-1,-1,-0.01,-1,-1,-0.01,-1,-1,-0.01,-1,-1,-0.01,-1,-1,-0.01,-1,-1
99926009,2026-05-18 11:09:25+05:30,53087.25,0,0.0,0,0.0,0.0,53282.15,53308.4,52783.45,53710.35,0,0.0,0.0,0.0,0.0,-0.01,-1,-1,-0.01,-1,-1,-0.01,-1,-1,-0.01,-1,-1,-0.01,-1,-1,-0.01,-1,-1,-0.01,-1,-1,-0.01,-1,-1,-0.01,-1,-1,-0.01,-1,-1
99926009,2026-05-18 11:09:26+05:30,53089.05,0,0.0,0,0.0,0.0,53282.15,53308.4,52783.45,53710.35,0,0.0,0.0,0.0,0.0,-0.01,-1,-1,-0.01,-1,-1,-0.01,-1,-1,-0.01,-1,-1,-0.01,-1,-1,-0.01,-1,-1,-0.01,-1,-1,-0.01,-1,-1,-0.01,-1,-1,-0.01,-1,-1
99926009,2026-05-18 11:09:26+05:30,53092.4,0,0.0,0,0.0,0.0,53282.15,53308.4,52783.45,53710.35,0,0.0,0.0,0.0,0.0,-0.01,-1,-1,-0.01,-1,-1,-0.01,-1,-1,-0.01,-1,-1,-0.01,-1,-1,-0.01,-1,-1,-0.01,-1,-1,-0.01,-1,-1,-0.01,-1,-1,-0.01,-1,-1
99926009,2026-05-18 11:09:27+05:30,53092.6,0,0.0,0,0.0,0.0,53282.15,53308.4,52783.45,53710.35,0,0.0,0.0,0.0,0.0,-0.01,-1,-1,-0.01,-1,-1,-0.01,-1,-1,-0.01,-1,-1,-0.01,-1,-1,-0.01,-1,-1,-0.01,-1,-1,-0.01,-1,-1,-0.01,-1,-1,-0.01,-1,-1
99926009,2026-05-18 11:09:27+05:30,53092.7,0,0.0,0,0.0,0.0,53282.15,53308.4,52783.45,53710.35,0,0.0,0.0,0.0,0.0,-0.01,-1,-1,-0.01,-1,-1,-0.01,-1,-1,-0.01,-1,-1,-0.01,-1,-1,-0.01,-1,-1,-0.01,-1,-1,-0.01,-1,-1,-0.01,-1,-1,-0.01,-1,-1
99926009,2026-05-18 11:09:28+05:30,53091.1,0,0.0,0,0.0,0.0,53282.15,53308.4,52783.45,53710.35,0,0.0,0.0,0.0,0.0,-0.01,-1,-1,-0.01,-1,-1,-0.01,-1,-1,-0.01,-1,-1,-0.01,-1,-1,-0.01,-1,-1,-0.01,-1,-1,-0.01,-1,-1,-0.01,-1,-1,-0.01,-1,-1
99926009,2026-05-18 11:09:28+05:30,53094.25,0,0.0,0,0.0,0.0,53282.15,53308.4,52783.45,53710.35,0,0.0,0.0,0.0,0.0,-0.01,-1,-1,-0.01,-1,-1,-0.01,-1,-1,-0.01,-1,-1,-0.01,-1,-1,-0.01,-1,-1,-0.01,-1,-1,-0.01,-1,-1,-0.01,-1,-1,-0.01,-1,-1
99926009,2026-05-18 11:09:29+05:30,53094.6,0,0.0,0,0.0,0.0,53282.15,53308.4,52783.45,53710.35,0,0.0,0.0,0.0,0.0,-0.01,-1,-1,-0.01,-1,-1,-0.01,-1,-1,-0.01,-1,-1,-0.01,-1,-1,-0.01,-1,-1,-0.01,-1,-1,-0.01,-1,-1,-0.01,-1,-1,-0.01,-1,-1
99926009,2026-05-18 11:09:29+05:30,53094.85,0,0.0,0,0.0,0.0,53282.15,53308.4,52783.45,53710.35,0,0.0,0.0,0.0,0.0,-0.01,-1,-1,-0.01,-1,-1,-0.01,-1,-1,-0.01,-1,-1,-0.01,-1,-1,-0.01,-1,-1,-0.01,-1,-1,-0.01,-1,-1,-0.01,-1,-1,-0.01,-1,-1
99926009,2026-05-18 11:09:30+05:30,53101.15,0,0.0,0,0.0,0.0,53282.15,53308.4,52783.45,53710.35,0,0.0,0.0,0.0,0.0,-0.01,-1,-1,-0.01,-1,-1,-0.01,-1,-1,-0.01,-1,-1,-0.01,-1,-1,-0.01,-1,-1,-0.01,-1,-1,-0.01,-1,-1,-0.01,-1,-1,-0.01,-1,-1
99926009,2026-05-18 11:09:30+05:30,53102.25,0,0.0,0,0.0,0.0,53282.15,53308.4,52783.45,53710.35,0,0.0,0.0,0.0,0.0,-0.01,-1,-1,-0.01,-1,-1,-0.01,-1,-1,-0.01,-1,-1,-0.01,-1,-1,-0.01,-1,-1,-0.01,-1,-1,-0.01,-1,-1,-0.01,-1,-1,-0.01,-1,-1
99926009,2026-05-18 11:09:31+05:30,53101.8,0,0.0,0,0.0,0.0,53282.15,53308.4,52783.45,53710.35,0,0.0,0.0,0.0,0.0,-0.01,-1,-1,-0.01,-1,-1,-0.01,-1,-1,-0.01,-1,-1,-0.01,-1,-1,-0.01,-1,-1,-0.01,-1,-1,-0.01,-1,-1,-0.01,-1,-1,-0.01,-1,-1
99926009,2026-05-18 11:09:31+05:30,53100.0,0,0.0,0,0.0,0.0,53282.15,53308.4,52783.45,53710.35,0,0.0,0.0,0.0,0.0,-0.01,-1,-1,-0.01,-1,-1,-0.01,-1,-1,-0.01,-1,-1,-0.01,-1,-1,-0.01,-1,-1,-0.01,-1,-1,-0.01,-1,-1,-0.01,-1,-1,-0.01,-1,-1
99926009,2026-05-18 11:09:32+05:30,53095.9,0,0.0,0,0.0,0.0,53282.15,53308.4,52783.45,53710.35,0,0.0,0.0,0.0,0.0,-0.01,-1,-1,-0.01,-1,-1,-0.01,-1,-1,-0.01,-1,-1,-0.01,-1,-1,-0.01,-1,-1,-0.01,-1,-1,-0.01,-1,-1,-0.01,-1,-1,-0.01,-1,-1
99926009,2026-05-18 11:09:32+05:30,53102.05,0,0.0,0,0.0,0.0,53282.15,53308.4,52783.45,53710.35,0,0.0,0.0,0.0,0.0,-0.01,-1,-1,-0.01,-1,-1,-0.01,-1,-1,-0.01,-1,-1,-0.01,-1,-1,-0.01,-1,-1,-0.01,-1,-1,-0.01,-1,-1,-0.01,-1,-1,-0.01,-1,-1
99926009,2026-05-18 11:09:33+05:30,53096.35,0,0.0,0,0.0,0.0,53282.15,53308.4,52783.45,53710.35,0,0.0,0.0,0.0,0.0,-0.01,-1,-1,-0.01,-1,-1,-0.01,-1,-1,-0.01,-1,-1,-0.01,-1,-1,-0.01,-1,-1,-0.01,-1,-1,-0.01,-1,-1,-0.01,-1,-1,-0.01,-1,-1
99926009,2026-05-18 11:09:33+05:30,53097.5,0,0.0,0,0.0,0.0,53282.15,53308.4,52783.45,53710.35,0,0.0,0.0,0.0,0.0,-0.01,-1,-1,-0.01,-1,-1,-0.01,-1,-1,-0.01,-1,-1,-0.01,-1,-1,-0.01,-1,-1,-0.01,-1,-1,-0.01,-1,-1,-0.01,-1,-1,-0.01,-1,-1
99926009,2026-05-18 11:09:34+05:30,53097.1,0,0.0,0,0.0,0.0,53282.15,53308.4,52783.45,53710.35,0,0.0,0.0,0.0,0.0,-0.01,-1,-1,-0.01,-1,-1,-0.01,-1,-1,-0.01,-1,-1,-0.01,-1,-1,-0.01,-1,-1,-0.01,-1,-1,-0.01,-1,-1,-0.01,-1,-1,-0.01,-1,-1
99926009,2026-05-18 11:09:34+05:30,53100.35,0,0.0,0,0.0,0.0,53282.15,53308.4,52783.45,53710.35,0,0.0,0.0,0.0,0.0,-0.01,-1,-1,-0.01,-1,-1,-0.01,-1,-1,-0.01,-1,-1,-0.01,-1,-1,-0.01,-1,-1,-0.01,-1,-1,-0.01,-1,-1,-0.01,-1,-1,-0.01,-1,-1
99926009,2026-05-18 11:09:35+05:30,53102.1,0,0.0,0,0.0,0.0,53282.15,53308.4,52783.45,53710.35,0,0.0,0.0,0.0,0.0,-0.01,-1,-1,-0.01,-1,-1,-0.01,-1,-1,-0.01,-1,-1,-0.01,-1,-1,-0.01,-1,-1,-0.01,-1,-1,-0.01,-1,-1,-0.01,-1,-1,-0.01,-1,-1
99926009,2026-05-18 11:09:35+05:30,53102.1,0,0.0,0,0.0,0.0,53282.15,53308.4,52783.45,53710.35,0,0.0,0.0,0.0,0.0,-0.01,-1,-1,-0.01,-1,-1,-0.01,-1,-1,-0.01,-1,-1,-0.01,-1,-1,-0.01,-1,-1,-0.01,-1,-1,-0.01,-1,-1,-0.01,-1,-1,-0.01,-1,-1
99926009,2026-05-18 11:09:36+05:30,53097.85,0,0.0,0,0.0,0.0,53282.15,53308.4,52783.45,53710.35,0,0.0,0.0,0.0,0.0,-0.01,-1,-1,-0.01,-1,-1,-0.01,-1,-1,-0.01,-1,-1,-0.01,-1,-1,-0.01,-1,-1,-0.01,-1,-1,-0.01,-1,-1,-0.01,-1,-1,-0.01,-1,-1
99926009,2026-05-18 11:09:36+05:30,53100.75,0,0.0,0,0.0,0.0,53282.15,53308.4,52783.45,53710.35,0,0.0,0.0,0.0,0.0,-0.01,-1,-1,-0.01,-1,-1,-0.01,-1,-1,-0.01,-1,-1,-0.01,-1,-1,-0.01,-1,-1,-0.01,-1,-1,-0.01,-1,-1,-0.01,-1,-1,-0.01,-1,-1
99926009,2026-05-18 11:09:37+05:30,53100.4,0,0.0,0,0.0,0.0,53282.15,53308.4,52783.45,53710.35,0,0.0,0.0,0.0,0.0,-0.01,-1,-1,-0.01,-1,-1,-0.01,-1,-1,-0.01,-1,-1,-0.01,-1,-1,-0.01,-1,-1,-0.01,-1,-1,-0.01,-1,-1,-0.01,-1,-1,-0.01,-1,-1
99926009,2026-05-18 11:09:37+05:30,53096.85,0,0.0,0,0.0,0.0,53282.15,53308.4,52783.45,53710.35,0,0.0,0.0,0.0,0.0,-0.01,-1,-1,-0.01,-1,-1,-0.01,-1,-1,-0.01,-1,-1,-0.01,-1,-1,-0.01,-1,-1,-0.01,-1,-1,-0.01,-1,-1,-0.01,-1,-1,-0.01,-1,-1
99926009,2026-05-18 11:09:38+05:30,53095.55,0,0.0,0,0.0,0.0,53282.15,53308.4,52783.45,53710.35,0,0.0,0.0,0.0,0.0,-0.01,-1,-1,-0.01,-1,-1,-0.01,-1,-1,-0.01,-1,-1,-0.01,-1,-1,-0.01,-1,-1,-0.01,-1,-1,-0.01,-1,-1,-0.01,-1,-1,-0.01,-1,-1
99926009,2026-05-18 11:09:38+05:30,53094.0,0,0.0,0,0.0,0.0,53282.15,53308.4,52783.45,53710.35,0,0.0,0.0,0.0,0.0,-0.01,-1,-1,-0.01,-1,-1,-0.01,-1,-1,-0.01,-1,-1,-0.01,-1,-1,-0.01,-1,-1,-0.01,-1,-1,-0.01,-1,-1,-0.01,-1,-1,-0.01,-1,-1
99926009,2026-05-18 11:09:39+05:30,53096.35,0,0.0,0,0.0,0.0,53282.15,53308.4,52783.45,53710.35,0,0.0,0.0,0.0,0.0,-0.01,-1,-1,-0.01,-1,-1,-0.01,-1,-1,-0.01,-1,-1,-0.01,-1,-1,-0.01,-1,-1,-0.01,-1,-1,-0.01,-1,-1,-0.01,-1,-1,-0.01,-1,-1
99926009,2026-05-18 11:09:39+05:30,53096.45,0,0.0,0,0.0,0.0,53282.15,53308.4,52783.45,53710.35,0,0.0,0.0,0.0,0.0,-0.01,-1,-1,-0.01,-1,-1,-0.01,-1,-1,-0.01,-1,-1,-0.01,-1,-1,-0.01,-1,-1,-0.01,-1,-1,-0.01,-1,-1,-0.01,-1,-1,-0.01,-1,-1
99926009,2026-05-18 11:09:40+05:30,53094.8,0,0.0,0,0.0,0.0,53282.15,53308.4,52783.45,53710.35,0,0.0,0.0,0.0,0.0,-0.01,-1,-1,-0.01,-1,-1,-0.01,-1,-1,-0.01,-1,-1,-0.01,-1,-1,-0.01,-1,-1,-0.01,-1,-1,-0.01,-1,-1,-0.01,-1,-1,-0.01,-1,-1
99926009,2026-05-18 11:09:40+05:30,53097.3,0,0.0,0,0.0,0.0,53282.15,53308.4,52783.45,53710.35,0,0.0,0.0,0.0,0.0,-0.01,-1,-1,-0.01,-1,-1,-0.01,-1,-1,-0.01,-1,-1,-0.01,-1,-1,-0.01,-1,-1,-0.01,-1,-1,-0.01,-1,-1,-0.01,-1,-1,-0.01,-1,-1
99926009,2026-05-18 11:09:41+05:30,53097.3,0,0.0,0,0.0,0.0,53282.15,53308.4,52783.45,53710.35,0,0.0,0.0,0.0,0.0,-0.01,-1,-1,-0.01,-1,-1,-0.01,-1,-1,-0.01,-1,-1,-0.01,-1,-1,-0.01,-1,-1,-0.01,-1,-1,-0.01,-1,-1,-0.01,-1,-1,-0.01,-1,-1
99926009,2026-05-18 11:09:41+05:30,53098.15,0,0.0,0,0.0,0.0,53282.15,53308.4,52783.45,53710.35,0,0.0,0.0,0.0,0.0,-0.01,-1,-1,-0.01,-1,-1,-0.01,-1,-1,-0.01,-1,-1,-0.01,-1,-1,-0.01,-1,-1,-0.01,-1,-1,-0.01,-1,-1,-0.01,-1,-1,-0.01,-1,-1
99926009,2026-05-18 11:09:42+05:30,53096.85,0,0.0,0,0.0,0.0,53282.15,53308.4,52783.45,53710.35,0,0.0,0.0,0.0,0.0,-0.01,-1,-1,-0.01,-1,-1,-0.01,-1,-1,-0.01,-1,-1,-0.01,-1,-1,-0.01,-1,-1,-0.01,-1,-1,-0.01,-1,-1,-0.01,-1,-1,-0.01,-1,-1
99926009,2026-05-18 11:09:42+05:30,53097.5,0,0.0,0,0.0,0.0,53282.15,53308.4,52783.45,53710.35,0,0.0,0.0,0.0,0.0,-0.01,-1,-1,-0.01,-1,-1,-0.01,-1,-1,-0.01,-1,-1,-0.01,-1,-1,-0.01,-1,-1,-0.01,-1,-1,-0.01,-1,-1,-0.01,-1,-1,-0.01,-1,-1
99926009,2026-05-18 11:09:43+05:30,53096.6,0,0.0,0,0.0,0.0,53282.15,53308.4,52783.45,53710.35,0,0.0,0.0,0.0,0.0,-0.01,-1,-1,-0.01,-1,-1,-0.01,-1,-1,-0.01,-1,-1,-0.01,-1,-1,-0.01,-1,-1,-0.01,-1,-1,-0.01,-1,-1,-0.01,-1,-1,-0.01,-1,-1
99926009,2026-05-18 11:09:43+05:30,53097.0,0,0.0,0,0.0,0.0,53282.15,53308.4,52783.45,53710.35,0,0.0,0.0,0.0,0.0,-0.01,-1,-1,-0.01,-1,-1,-0.01,-1,-1,-0.01,-1,-1,-0.01,-1,-1,-0.01,-1,-1,-0.01,-1,-1,-0.01,-1,-1,-0.01,-1,-1,-0.01,-1,-1
99926009,2026-05-18 11:09:44+05:30,53098.95,0,0.0,0,0.0,0.0,53282.15,53308.4,52783.45,53710.35,0,0.0,0.0,0.0,0.0,-0.01,-1,-1,-0.01,-1,-1,-0.01,-1,-1,-0.01,-1,-1,-0.01,-1,-1,-0.01,-1,-1,-0.01,-1,-1,-0.01,-1,-1,-0.01,-1,-1,-0.01,-1,-1
99926009,2026-05-18 11:09:44+05:30,53100.9,0,0.0,0,0.0,0.0,53282.15,53308.4,52783.45,53710.35,0,0.0,0.0,0.0,0.0,-0.01,-1,-1,-0.01,-1,-1,-0.01,-1,-1,-0.01,-1,-1,-0.01,-1,-1,-0.01,-1,-1,-0.01,-1,-1,-0.01,-1,-1,-0.01,-1,-1,-0.01,-1,-1
99926009,2026-05-18 11:09:45+05:30,53100.9,0,0.0,0,0.0,0.0,53282.15,53308.4,52783.45,53710.35,0,0.0,0.0,0.0,0.0,-0.01,-1,-1,-0.01,-1,-1,-0.01,-1,-1,-0.01,-1,-1,-0.01,-1,-1,-0.01,-1,-1,-0.01,-1,-1,-0.01,-1,-1,-0.01,-1,-1,-0.01,-1,-1
99926009,2026-05-18 11:09:45+05:30,53100.65,0,0.0,0,0.0,0.0,53282.15,53308.4,52783.45,53710.35,0,0.0,0.0,0.0,0.0,-0.01,-1,-1,-0.01,-1,-1,-0.01,-1,-1,-0.01,-1,-1,-0.01,-1,-1,-0.01,-1,-1,-0.01,-1,-1,-0.01,-1,-1,-0.01,-1,-1,-0.01,-1,-1
99926009,2026-05-18 11:09:46+05:30,53101.35,0,0.0,0,0.0,0.0,53282.15,53308.4,52783.45,53710.35,0,0.0,0.0,0.0,0.0,-0.01,-1,-1,-0.01,-1,-1,-0.01,-1,-1,-0.01,-1,-1,-0.01,-1,-1,-0.01,-1,-1,-0.01,-1,-1,-0.01,-1,-1,-0.01,-1,-1,-0.01,-1,-1
99926009,2026-05-18 11:09:46+05:30,53100.8,0,0.0,0,0.0,0.0,53282.15,53308.4,52783.45,53710.35,0,0.0,0.0,0.0,0.0,-0.01,-1,-1,-0.01,-1,-1,-0.01,-1,-1,-0.01,-1,-1,-0.01,-1,-1,-0.01,-1,-1,-0.01,-1,-1,-0.01,-1,-1,-0.01,-1,-1,-0.01,-1,-1
99926009,2026-05-18 11:09:47+05:30,53098.95,0,0.0,0,0.0,0.0,53282.15,53308.4,52783.45,53710.35,0,0.0,0.0,0.0,0.0,-0.01,-1,-1,-0.01,-1,-1,-0.01,-1,-1,-0.01,-1,-1,-0.01,-1,-1,-0.01,-1,-1,-0.01,-1,-1,-0.01,-1,-1,-0.01,-1,-1,-0.01,-1,-1
99926009,2026-05-18 11:09:47+05:30,53099.85,0,0.0,0,0.0,0.0,53282.15,53308.4,52783.45,53710.35,0,0.0,0.0,0.0,0.0,-0.01,-1,-1,-0.01,-1,-1,-0.01,-1,-1,-0.01,-1,-1,-0.01,-1,-1,-0.01,-1,-1,-0.01,-1,-1,-0.01,-1,-1,-0.01,-1,-1,-0.01,-1,-1
99926009,2026-05-18 11:09:48+05:30,53100.3,0,0.0,0,0.0,0.0,53282.15,53308.4,52783.45,53710.35,0,0.0,0.0,0.0,0.0,-0.01,-1,-1,-0.01,-1,-1,-0.01,-1,-1,-0.01,-1,-1,-0.01,-1,-1,-0.01,-1,-1,-0.01,-1,-1,-0.01,-1,-1,-0.01,-1,-1,-0.01,-1,-1
99926009,2026-05-18 11:09:48+05:30,53098.5,0,0.0,0,0.0,0.0,53282.15,53308.4,52783.45,53710.35,0,0.0,0.0,0.0,0.0,-0.01,-1,-1,-0.01,-1,-1,-0.01,-1,-1,-0.01,-1,-1,-0.01,-1,-1,-0.01,-1,-1,-0.01,-1,-1,-0.01,-1,-1,-0.01,-1,-1,-0.01,-1,-1
99926009,2026-05-18 11:09:49+05:30,53101.05,0,0.0,0,0.0,0.0,53282.15,53308.4,52783.45,53710.35,0,0.0,0.0,0.0,0.0,-0.01,-1,-1,-0.01,-1,-1,-0.01,-1,-1,-0.01,-1,-1,-0.01,-1,-1,-0.01,-1,-1,-0.01,-1,-1,-0.01,-1,-1,-0.01,-1,-1,-0.01,-1,-1
99926009,2026-05-18 11:09:49+05:30,53102.05,0,0.0,0,0.0,0.0,53282.15,53308.4,52783.45,53710.35,0,0.0,0.0,0.0,0.0,-0.01,-1,-1,-0.01,-1,-1,-0.01,-1,-1,-0.01,-1,-1,-0.01,-1,-1,-0.01,-1,-1,-0.01,-1,-1,-0.01,-1,-1,-0.01,-1,-1,-0.01,-1,-1
99926009,2026-05-18 11:09:50+05:30,53101.2,0,0.0,0,0.0,0.0,53282.15,53308.4,52783.45,53710.35,0,0.0,0.0,0.0,0.0,-0.01,-1,-1,-0.01,-1,-1,-0.01,-1,-1,-0.01,-1,-1,-0.01,-1,-1,-0.01,-1,-1,-0.01,-1,-1,-0.01,-1,-1,-0.01,-1,-1,-0.01,-1,-1
99926009,2026-05-18 11:09:50+05:30,53100.1,0,0.0,0,0.0,0.0,53282.15,53308.4,52783.45,53710.35,0,0.0,0.0,0.0,0.0,-0.01,-1,-1,-0.01,-1,-1,-0.01,-1,-1,-0.01,-1,-1,-0.01,-1,-1,-0.01,-1,-1,-0.01,-1,-1,-0.01,-1,-1,-0.01,-1,-1,-0.01,-1,-1
99926009,2026-05-18 11:09:51+05:30,53098.85,0,0.0,0,0.0,0.0,53282.15,53308.4,52783.45,53710.35,0,0.0,0.0,0.0,0.0,-0.01,-1,-1,-0.01,-1,-1,-0.01,-1,-1,-0.01,-1,-1,-0.01,-1,-1,-0.01,-1,-1,-0.01,-1,-1,-0.01,-1,-1,-0.01,-1,-1,-0.01,-1,-1
99926009,2026-05-18 11:09:51+05:30,53100.05,0,0.0,0,0.0,0.0,53282.15,53308.4,52783.45,53710.35,0,0.0,0.0,0.0,0.0,-0.01,-1,-1,-0.01,-1,-1,-0.01,-1,-1,-0.01,-1,-1,-0.01,-1,-1,-0.01,-1,-1,-0.01,-1,-1,-0.01,-1,-1,-0.01,-1,-1,-0.01,-1,-1
99926009,2026-05-18 11:09:52+05:30,53101.3,0,0.0,0,0.0,0.0,53282.15,53308.4,52783.45,53710.35,0,0.0,0.0,0.0,0.0,-0.01,-1,-1,-0.01,-1,-1,-0.01,-1,-1,-0.01,-1,-1,-0.01,-1,-1,-0.01,-1,-1,-0.01,-1,-1,-0.01,-1,-1,-0.01,-1,-1,-0.01,-1,-1
99926009,2026-05-18 11:09:52+05:30,53101.65,0,0.0,0,0.0,0.0,53282.15,53308.4,52783.45,53710.35,0,0.0,0.0,0.0,0.0,-0.01,-1,-1,-0.01,-1,-1,-0.01,-1,-1,-0.01,-1,-1,-0.01,-1,-1,-0.01,-1,-1,-0.01,-1,-1,-0.01,-1,-1,-0.01,-1,-1,-0.01,-1,-1
99926009,2026-05-18 11:09:53+05:30,53101.3,0,0.0,0,0.0,0.0,53282.15,53308.4,52783.45,53710.35,0,0.0,0.0,0.0,0.0,-0.01,-1,-1,-0.01,-1,-1,-0.01,-1,-1,-0.01,-1,-1,-0.01,-1,-1,-0.01,-1,-1,-0.01,-1,-1,-0.01,-1,-1,-0.01,-1,-1,-0.01,-1,-1
99926009,2026-05-18 11:09:53+05:30,53100.65,0,0.0,0,0.0,0.0,53282.15,53308.4,52783.45,53710.35,0,0.0,0.0,0.0,0.0,-0.01,-1,-1,-0.01,-1,-1,-0.01,-1,-1,-0.01,-1,-1,-0.01,-1,-1,-0.01,-1,-1,-0.01,-1,-1,-0.01,-1,-1,-0.01,-1,-1,-0.01,-1,-1
99926009,2026-05-18 11:09:54+05:30,53100.0,0,0.0,0,0.0,0.0,53282.15,53308.4,52783.45,53710.35,0,0.0,0.0,0.0,0.0,-0.01,-1,-1,-0.01,-1,-1,-0.01,-1,-1,-0.01,-1,-1,-0.01,-1,-1,-0.01,-1,-1,-0.01,-1,-1,-0.01,-1,-1,-0.01,-1,-1,-0.01,-1,-1
99926009,2026-05-18 11:09:54+05:30,53100.85,0,0.0,0,0.0,0.0,53282.15,53308.4,52783.45,53710.35,0,0.0,0.0,0.0,0.0,-0.01,-1,-1,-0.01,-1,-1,-0.01,-1,-1,-0.01,-1,-1,-0.01,-1,-1,-0.01,-1,-1,-0.01,-1,-1,-0.01,-1,-1,-0.01,-1,-1,-0.01,-1,-1
99926009,2026-05-18 11:09:55+05:30,53100.85,0,0.0,0,0.0,0.0,53282.15,53308.4,52783.45,53710.35,0,0.0,0.0,0.0,0.0,-0.01,-1,-1,-0.01,-1,-1,-0.01,-1,-1,-0.01,-1,-1,-0.01,-1,-1,-0.01,-1,-1,-0.01,-1,-1,-0.01,-1,-1,-0.01,-1,-1,-0.01,-1,-1
99926009,2026-05-18 11:09:55+05:30,53102.8,0,0.0,0,0.0,0.0,53282.15,53308.4,52783.45,53710.35,0,0.0,0.0,0.0,0.0,-0.01,-1,-1,-0.01,-1,-1,-0.01,-1,-1,-0.01,-1,-1,-0.01,-1,-1,-0.01,-1,-1,-0.01,-1,-1,-0.01,-1,-1,-0.01,-1,-1,-0.01,-1,-1
99926009,2026-05-18 11:09:56+05:30,53101.55,0,0.0,0,0.0,0.0,53282.15,53308.4,52783.45,53710.35,0,0.0,0.0,0.0,0.0,-0.01,-1,-1,-0.01,-1,-1,-0.01,-1,-1,-0.01,-1,-1,-0.01,-1,-1,-0.01,-1,-1,-0.01,-1,-1,-0.01,-1,-1,-0.01,-1,-1,-0.01,-1,-1
99926009,2026-05-18 11:09:56+05:30,53101.65,0,0.0,0,0.0,0.0,53282.15,53308.4,52783.45,53710.35,0,0.0,0.0,0.0,0.0,-0.01,-1,-1,-0.01,-1,-1,-0.01,-1,-1,-0.01,-1,-1,-0.01,-1,-1,-0.01,-1,-1,-0.01,-1,-1,-0.01,-1,-1,-0.01,-1,-1,-0.01,-1,-1
99926009,2026-05-18 11:09:57+05:30,53102.15,0,0.0,0,0.0,0.0,53282.15,53308.4,52783.45,53710.35,0,0.0,0.0,0.0,0.0,-0.01,-1,-1,-0.01,-1,-1,-0.01,-1,-1,-0.01,-1,-1,-0.01,-1,-1,-0.01,-1,-1,-0.01,-1,-1,-0.01,-1,-1,-0.01,-1,-1,-0.01,-1,-1
99926009,2026-05-18 11:09:57+05:30,53099.1,0,0.0,0,0.0,0.0,53282.15,53308.4,52783.45,53710.35,0,0.0,0.0,0.0,0.0,-0.01,-1,-1,-0.01,-1,-1,-0.01,-1,-1,-0.01,-1,-1,-0.01,-1,-1,-0.01,-1,-1,-0.01,-1,-1,-0.01,-1,-1,-0.01,-1,-1,-0.01,-1,-1
99926009,2026-05-18 11:09:58+05:30,53098.35,0,0.0,0,0.0,0.0,53282.15,53308.4,52783.45,53710.35,0,0.0,0.0,0.0,0.0,-0.01,-1,-1,-0.01,-1,-1,-0.01,-1,-1,-0.01,-1,-1,-0.01,-1,-1,-0.01,-1,-1,-0.01,-1,-1,-0.01,-1,-1,-0.01,-1,-1,-0.01,-1,-1
99926009,2026-05-18 11:09:58+05:30,53100.3,0,0.0,0,0.0,0.0,53282.15,53308.4,52783.45,53710.35,0,0.0,0.0,0.0,0.0,-0.01,-1,-1,-0.01,-1,-1,-0.01,-1,-1,-0.01,-1,-1,-0.01,-1,-1,-0.01,-1,-1,-0.01,-1,-1,-0.01,-1,-1,-0.01,-1,-1,-0.01,-1,-1
99926009,2026-05-18 11:09:59+05:30,53101.55,0,0.0,0,0.0,0.0,53282.15,53308.4,52783.45,53710.35,0,0.0,0.0,0.0,0.0,-0.01,-1,-1,-0.01,-1,-1,-0.01,-1,-1,-0.01,-1,-1,-0.01,-1,-1,-0.01,-1,-1,-0.01,-1,-1,-0.01,-1,-1,-0.01,-1,-1,-0.01,-1,-1
99926009,2026-05-18 11:09:59+05:30,53099.45,0,0.0,0,0.0,0.0,53282.15,53308.4,52783.45,53710.35,0,0.0,0.0,0.0,0.0,-0.01,-1,-1,-0.01,-1,-1,-0.01,-1,-1,-0.01,-1,-1,-0.01,-1,-1,-0.01,-1,-1,-0.01,-1,-1,-0.01,-1,-1,-0.01,-1,-1,-0.01,-1,-1
99926009,2026-05-18 11:10:00+05:30,53102.05,0,0.0,0,0.0,0.0,53282.15,53308.4,52783.45,53710.35,0,0.0,0.0,0.0,0.0,-0.01,-1,-1,-0.01,-1,-1,-0.01,-1,-1,-0.01,-1,-1,-0.01,-1,-1,-0.01,-1,-1,-0.01,-1,-1,-0.01,-1,-1,-0.01,-1,-1,-0.01,-1,-1
99926009,2026-05-18 11:10:00+05:30,53100.05,0,0.0,0,0.0,0.0,53282.15,53308.4,52783.45,53710.35,0,0.0,0.0,0.0,0.0,-0.01,-1,-1,-0.01,-1,-1,-0.01,-1,-1,-0.01,-1,-1,-0.01,-1,-1,-0.01,-1,-1,-0.01,-1,-1,-0.01,-1,-1,-0.01,-1,-1,-0.01,-1,-1
99926009,2026-05-18 11:10:01+05:30,53101.5,0,0.0,0,0.0,0.0,53282.15,53308.4,52783.45,53710.35,0,0.0,0.0,0.0,0.0,-0.01,-1,-1,-0.01,-1,-1,-0.01,-1,-1,-0.01,-1,-1,-0.01,-1,-1,-0.01,-1,-1,-0.01,-1,-1,-0.01,-1,-1,-0.01,-1,-1,-0.01,-1,-1
99926009,2026-05-18 11:10:01+05:30,53102.75,0,0.0,0,0.0,0.0,53282.15,53308.4,52783.45,53710.35,0,0.0,0.0,0.0,0.0,-0.01,-1,-1,-0.01,-1,-1,-0.01,-1,-1,-0.01,-1,-1,-0.01,-1,-1,-0.01,-1,-1,-0.01,-1,-1,-0.01,-1,-1,-0.01,-1,-1,-0.01,-1,-1
99926009,2026-05-18 11:10:02+05:30,53103.4,0,0.0,0,0.0,0.0,53282.15,53308.4,52783.45,53710.35,0,0.0,0.0,0.0,0.0,-0.01,-1,-1,-0.01,-1,-1,-0.01,-1,-1,-0.01,-1,-1,-0.01,-1,-1,-0.01,-1,-1,-0.01,-1,-1,-0.01,-1,-1,-0.01,-1,-1,-0.01,-1,-1
99926009,2026-05-18 11:10:02+05:30,53103.25,0,0.0,0,0.0,0.0,53282.15,53308.4,52783.45,53710.35,0,0.0,0.0,0.0,0.0,-0.01,-1,-1,-0.01,-1,-1,-0.01,-1,-1,-0.01,-1,-1,-0.01,-1,-1,-0.01,-1,-1,-0.01,-1,-1,-0.01,-1,-1,-0.01,-1,-1,-0.01,-1,-1
99926009,2026-05-18 11:10:03+05:30,53102.1,0,0.0,0,0.0,0.0,53282.15,53308.4,52783.45,53710.35,0,0.0,0.0,0.0,0.0,-0.01,-1,-1,-0.01,-1,-1,-0.01,-1,-1,-0.01,-1,-1,-0.01,-1,-1,-0.01,-1,-1,-0.01,-1,-1,-0.01,-1,-1,-0.01,-1,-1,-0.01,-1,-1
99926009,2026-05-18 11:10:03+05:30,53101.05,0,0.0,0,0.0,0.0,53282.15,53308.4,52783.45,53710.35,0,0.0,0.0,0.0,0.0,-0.01,-1,-1,-0.01,-1,-1,-0.01,-1,-1,-0.01,-1,-1,-0.01,-1,-1,-0.01,-1,-1,-0.01,-1,-1,-0.01,-1,-1,-0.01,-1,-1,-0.01,-1,-1
99926009,2026-05-18 11:10:04+05:30,53099.75,0,0.0,0,0.0,0.0,53282.15,53308.4,52783.45,53710.35,0,0.0,0.0,0.0,0.0,-0.01,-1,-1,-0.01,-1,-1,-0.01,-1,-1,-0.01,-1,-1,-0.01,-1,-1,-0.01,-1,-1,-0.01,-1,-1,-0.01,-1,-1,-0.01,-1,-1,-0.01,-1,-1
99926009,2026-05-18 11:10:04+05:30,53099.45,0,0.0,0,0.0,0.0,53282.15,53308.4,52783.45,53710.35,0,0.0,0.0,0.0,0.0,-0.01,-1,-1,-0.01,-1,-1,-0.01,-1,-1,-0.01,-1,-1,-0.01,-1,-1,-0.01,-1,-1,-0.01,-1,-1,-0.01,-1,-1,-0.01,-1,-1,-0.01,-1,-1
99926009,2026-05-18 11:10:05+05:30,53099.7,0,0.0,0,0.0,0.0,53282.15,53308.4,52783.45,53710.35,0,0.0,0.0,0.0,0.0,-0.01,-1,-1,-0.01,-1,-1,-0.01,-1,-1,-0.01,-1,-1,-0.01,-1,-1,-0.01,-1,-1,-0.01,-1,-1,-0.01,-1,-1,-0.01,-1,-1,-0.01,-1,-1
99926009,2026-05-18 11:10:05+05:30,53100.45,0,0.0,0,0.0,0.0,53282.15,53308.4,52783.45,53710.35,0,0.0,0.0,0.0,0.0,-0.01,-1,-1,-0.01,-1,-1,-0.01,-1,-1,-0.01,-1,-1,-0.01,-1,-1,-0.01,-1,-1,-0.01,-1,-1,-0.01,-1,-1,-0.01,-1,-1,-0.01,-1,-1
99926009,2026-05-18 11:10:06+05:30,53100.3,0,0.0,0,0.0,0.0,53282.15,53308.4,52783.45,53710.35,0,0.0,0.0,0.0,0.0,-0.01,-1,-1,-0.01,-1,-1,-0.01,-1,-1,-0.01,-1,-1,-0.01,-1,-1,-0.01,-1,-1,-0.01,-1,-1,-0.01,-1,-1,-0.01,-1,-1,-0.01,-1,-1
99926009,2026-05-18 11:10:06+05:30,53099.45,0,0.0,0,0.0,0.0,53282.15,53308.4,52783.45,53710.35,0,0.0,0.0,0.0,0.0,-0.01,-1,-1,-0.01,-1,-1,-0.01,-1,-1,-0.01,-1,-1,-0.01,-1,-1,-0.01,-1,-1,-0.01,-1,-1,-0.01,-1,-1,-0.01,-1,-1,-0.01,-1,-1
99926009,2026-05-18 11:10:07+05:30,53098.95,0,0.0,0,0.0,0.0,53282.15,53308.4,52783.45,53710.35,0,0.0,0.0,0.0,0.0,-0.01,-1,-1,-0.01,-1,-1,-0.01,-1,-1,-0.01,-1,-1,-0.01,-1,-1,-0.01,-1,-1,-0.01,-1,-1,-0.01,-1,-1,-0.01,-1,-1,-0.01,-1,-1
99926009,2026-05-18 11:10:07+05:30,53099.45,0,0.0,0,0.0,0.0,53282.15,53308.4,52783.45,53710.35,0,0.0,0.0,0.0,0.0,-0.01,-1,-1,-0.01,-1,-1,-0.01,-1,-1,-0.01,-1,-1,-0.01,-1,-1,-0.01,-1,-1,-0.01,-1,-1,-0.01,-1,-1,-0.01,-1,-1,-0.01,-1,-1
99926009,2026-05-18 11:10:08+05:30,53098.85,0,0.0,0,0.0,0.0,53282.15,53308.4,52783.45,53710.35,0,0.0,0.0,0.0,0.0,-0.01,-1,-1,-0.01,-1,-1,-0.01,-1,-1,-0.01,-1,-1,-0.01,-1,-1,-0.01,-1,-1,-0.01,-1,-1,-0.01,-1,-1,-0.01,-1,-1,-0.01,-1,-1
99926009,2026-05-18 11:10:08+05:30,53098.4,0,0.0,0,0.0,0.0,53282.15,53308.4,52783.45,53710.35,0,0.0,0.0,0.0,0.0,-0.01,-1,-1,-0.01,-1,-1,-0.01,-1,-1,-0.01,-1,-1,-0.01,-1,-1,-0.01,-1,-1,-0.01,-1,-1,-0.01,-1,-1,-0.01,-1,-1,-0.01,-1,-1
99926009,2026-05-18 11:10:09+05:30,53099.05,0,0.0,0,0.0,0.0,53282.15,53308.4,52783.45,53710.35,0,0.0,0.0,0.0,0.0,-0.01,-1,-1,-0.01,-1,-1,-0.01,-1,-1,-0.01,-1,-1,-0.01,-1,-1,-0.01,-1,-1,-0.01,-1,-1,-0.01,-1,-1,-0.01,-1,-1,-0.01,-1,-1
99926009,2026-05-18 11:10:09+05:30,53099.65,0,0.0,0,0.0,0.0,53282.15,53308.4,52783.45,53710.35,0,0.0,0.0,0.0,0.0,-0.01,-1,-1,-0.01,-1,-1,-0.01,-1,-1,-0.01,-1,-1,-0.01,-1,-1,-0.01,-1,-1,-0.01,-1,-1,-0.01,-1,-1,-0.01,-1,-1,-0.01,-1,-1
99926009,2026-05-18 11:10:10+05:30,53103.4,0,0.0,0,0.0,0.0,53282.15,53308.4,52783.45,53710.35,0,0.0,0.0,0.0,0.0,-0.01,-1,-1,-0.01,-1,-1,-0.01,-1,-1,-0.01,-1,-1,-0.01,-1,-1,-0.01,-1,-1,-0.01,-1,-1,-0.01,-1,-1,-0.01,-1,-1,-0.01,-1,-1
99926009,2026-05-18 11:10:10+05:30,53105.05,0,0.0,0,0.0,0.0,53282.15,53308.4,52783.45,53710.35,0,0.0,0.0,0.0,0.0,-0.01,-1,-1,-0.01,-1,-1,-0.01,-1,-1,-0.01,-1,-1,-0.01,-1,-1,-0.01,-1,-1,-0.01,-1,-1,-0.01,-1,-1,-0.01,-1,-1,-0.01,-1,-1
99926009,2026-05-18 11:10:11+05:30,53100.8,0,0.0,0,0.0,0.0,53282.15,53308.4,52783.45,53710.35,0,0.0,0.0,0.0,0.0,-0.01,-1,-1,-0.01,-1,-1,-0.01,-1,-1,-0.01,-1,-1,-0.01,-1,-1,-0.01,-1,-1,-0.01,-1,-1,-0.01,-1,-1,-0.01,-1,-1,-0.01,-1,-1
99926009,2026-05-18 11:10:11+05:30,53104.6,0,0.0,0,0.0,0.0,53282.15,53308.4,52783.45,53710.35,0,0.0,0.0,0.0,0.0,-0.01,-1,-1,-0.01,-1,-1,-0.01,-1,-1,-0.01,-1,-1,-0.01,-1,-1,-0.01,-1,-1,-0.01,-1,-1,-0.01,-1,-1,-0.01,-1,-1,-0.01,-1,-1
99926009,2026-05-18 11:10:12+05:30,53101.15,0,0.0,0,0.0,0.0,53282.15,53308.4,52783.45,53710.35,0,0.0,0.0,0.0,0.0,-0.01,-1,-1,-0.01,-1,-1,-0.01,-1,-1,-0.01,-1,-1,-0.01,-1,-1,-0.01,-1,-1,-0.01,-1,-1,-0.01,-1,-1,-0.01,-1,-1,-0.01,-1,-1
99926009,2026-05-18 11:10:12+05:30,53103.8,0,0.0,0,0.0,0.0,53282.15,53308.4,52783.45,53710.35,0,0.0,0.0,0.0,0.0,-0.01,-1,-1,-0.01,-1,-1,-0.01,-1,-1,-0.01,-1,-1,-0.01,-1,-1,-0.01,-1,-1,-0.01,-1,-1,-0.01,-1,-1,-0.01,-1,-1,-0.01,-1,-1
99926009,2026-05-18 11:10:13+05:30,53102.2,0,0.0,0,0.0,0.0,53282.15,53308.4,52783.45,53710.35,0,0.0,0.0,0.0,0.0,-0.01,-1,-1,-0.01,-1,-1,-0.01,-1,-1,-0.01,-1,-1,-0.01,-1,-1,-0.01,-1,-1,-0.01,-1,-1,-0.01,-1,-1,-0.01,-1,-1,-0.01,-1,-1
99926009,2026-05-18 11:10:13+05:30,53102.9,0,0.0,0,0.0,0.0,53282.15,53308.4,52783.45,53710.35,0,0.0,0.0,0.0,0.0,-0.01,-1,-1,-0.01,-1,-1,-0.01,-1,-1,-0.01,-1,-1,-0.01,-1,-1,-0.01,-1,-1,-0.01,-1,-1,-0.01,-1,-1,-0.01,-1,-1,-0.01,-1,-1
99926009,2026-05-18 11:10:14+05:30,53102.15,0,0.0,0,0.0,0.0,53282.15,53308.4,52783.45,53710.35,0,0.0,0.0,0.0,0.0,-0.01,-1,-1,-0.01,-1,-1,-0.01,-1,-1,-0.01,-1,-1,-0.01,-1,-1,-0.01,-1,-1,-0.01,-1,-1,-0.01,-1,-1,-0.01,-1,-1,-0.01,-1,-1
99926009,2026-05-18 11:10:14+05:30,53103.4,0,0.0,0,0.0,0.0,53282.15,53308.4,52783.45,53710.35,0,0.0,0.0,0.0,0.0,-0.01,-1,-1,-0.01,-1,-1,-0.01,-1,-1,-0.01,-1,-1,-0.01,-1,-1,-0.01,-1,-1,-0.01,-1,-1,-0.01,-1,-1,-0.01,-1,-1,-0.01,-1,-1
99926009,2026-05-18 11:10:15+05:30,53101.4,0,0.0,0,0.0,0.0,53282.15,53308.4,52783.45,53710.35,0,0.0,0.0,0.0,0.0,-0.01,-1,-1,-0.01,-1,-1,-0.01,-1,-1,-0.01,-1,-1,-0.01,-1,-1,-0.01,-1,-1,-0.01,-1,-1,-0.01,-1,-1,-0.01,-1,-1,-0.01,-1,-1
99926009,2026-05-18 11:10:15+05:30,53103.25,0,0.0,0,0.0,0.0,53282.15,53308.4,52783.45,53710.35,0,0.0,0.0,0.0,0.0,-0.01,-1,-1,-0.01,-1,-1,-0.01,-1,-1,-0.01,-1,-1,-0.01,-1,-1,-0.01,-1,-1,-0.01,-1,-1,-0.01,-1,-1,-0.01,-1,-1,-0.01,-1,-1
99926009,2026-05-18 11:10:16+05:30,53104.45,0,0.0,0,0.0,0.0,53282.15,53308.4,52783.45,53710.35,0,0.0,0.0,0.0,0.0,-0.01,-1,-1,-0.01,-1,-1,-0.01,-1,-1,-0.01,-1,-1,-0.01,-1,-1,-0.01,-1,-1,-0.01,-1,-1,-0.01,-1,-1,-0.01,-1,-1,-0.01,-1,-1
99926009,2026-05-18 11:10:16+05:30,53102.6,0,0.0,0,0.0,0.0,53282.15,53308.4,52783.45,53710.35,0,0.0,0.0,0.0,0.0,-0.01,-1,-1,-0.01,-1,-1,-0.01,-1,-1,-0.01,-1,-1,-0.01,-1,-1,-0.01,-1,-1,-0.01,-1,-1,-0.01,-1,-1,-0.01,-1,-1,-0.01,-1,-1
99926009,2026-05-18 11:10:17+05:30,53097.6,0,0.0,0,0.0,0.0,53282.15,53308.4,52783.45,53710.35,0,0.0,0.0,0.0,0.0,-0.01,-1,-1,-0.01,-1,-1,-0.01,-1,-1,-0.01,-1,-1,-0.01,-1,-1,-0.01,-1,-1,-0.01,-1,-1,-0.01,-1,-1,-0.01,-1,-1,-0.01,-1,-1
99926009,2026-05-18 11:10:17+05:30,53093.1,0,0.0,0,0.0,0.0,53282.15,53308.4,52783.45,53710.35,0,0.0,0.0,0.0,0.0,-0.01,-1,-1,-0.01,-1,-1,-0.01,-1,-1,-0.01,-1,-1,-0.01,-1,-1,-0.01,-1,-1,-0.01,-1,-1,-0.01,-1,-1,-0.01,-1,-1,-0.01,-1,-1
99926009,2026-05-18 11:10:18+05:30,53093.45,0,0.0,0,0.0,0.0,53282.15,53308.4,52783.45,53710.35,0,0.0,0.0,0.0,0.0,-0.01,-1,-1,-0.01,-1,-1,-0.01,-1,-1,-0.01,-1,-1,-0.01,-1,-1,-0.01,-1,-1,-0.01,-1,-1,-0.01,-1,-1,-0.01,-1,-1,-0.01,-1,-1
99926009,2026-05-18 11:10:18+05:30,53092.4,0,0.0,0,0.0,0.0,53282.15,53308.4,52783.45,53710.35,0,0.0,0.0,0.0,0.0,-0.01,-1,-1,-0.01,-1,-1,-0.01,-1,-1,-0.01,-1,-1,-0.01,-1,-1,-0.01,-1,-1,-0.01,-1,-1,-0.01,-1,-1,-0.01,-1,-1,-0.01,-1,-1
99926009,2026-05-18 11:10:19+05:30,53091.1,0,0.0,0,0.0,0.0,53282.15,53308.4,52783.45,53710.35,0,0.0,0.0,0.0,0.0,-0.01,-1,-1,-0.01,-1,-1,-0.01,-1,-1,-0.01,-1,-1,-0.01,-1,-1,-0.01,-1,-1,-0.01,-1,-1,-0.01,-1,-1,-0.01,-1,-1,-0.01,-1,-1
99926009,2026-05-18 11:10:19+05:30,53090.5,0,0.0,0,0.0,0.0,53282.15,53308.4,52783.45,53710.35,0,0.0,0.0,0.0,0.0,-0.01,-1,-1,-0.01,-1,-1,-0.01,-1,-1,-0.01,-1,-1,-0.01,-1,-1,-0.01,-1,-1,-0.01,-1,-1,-0.01,-1,-1,-0.01,-1,-1,-0.01,-1,-1
99926009,2026-05-18 11:10:20+05:30,53088.75,0,0.0,0,0.0,0.0,53282.15,53308.4,52783.45,53710.35,0,0.0,0.0,0.0,0.0,-0.01,-1,-1,-0.01,-1,-1,-0.01,-1,-1,-0.01,-1,-1,-0.01,-1,-1,-0.01,-1,-1,-0.01,-1,-1,-0.01,-1,-1,-0.01,-1,-1,-0.01,-1,-1
99926009,2026-05-18 11:10:20+05:30,53092.3,0,0.0,0,0.0,0.0,53282.15,53308.4,52783.45,53710.35,0,0.0,0.0,0.0,0.0,-0.01,-1,-1,-0.01,-1,-1,-0.01,-1,-1,-0.01,-1,-1,-0.01,-1,-1,-0.01,-1,-1,-0.01,-1,-1,-0.01,-1,-1,-0.01,-1,-1,-0.01,-1,-1
99926009,2026-05-18 11:10:21+05:30,53088.8,0,0.0,0,0.0,0.0,53282.15,53308.4,52783.45,53710.35,0,0.0,0.0,0.0,0.0,-0.01,-1,-1,-0.01,-1,-1,-0.01,-1,-1,-0.01,-1,-1,-0.01,-1,-1,-0.01,-1,-1,-0.01,-1,-1,-0.01,-1,-1,-0.01,-1,-1,-0.01,-1,-1
99926009,2026-05-18 11:10:21+05:30,53089.65,0,0.0,0,0.0,0.0,53282.15,53308.4,52783.45,53710.35,0,0.0,0.0,0.0,0.0,-0.01,-1,-1,-0.01,-1,-1,-0.01,-1,-1,-0.01,-1,-1,-0.01,-1,-1,-0.01,-1,-1,-0.01,-1,-1,-0.01,-1,-1,-0.01,-1,-1,-0.01,-1,-1
99926009,2026-05-18 11:10:22+05:30,53088.1,0,0.0,0,0.0,0.0,53282.15,53308.4,52783.45,53710.35,0,0.0,0.0,0.0,0.0,-0.01,-1,-1,-0.01,-1,-1,-0.01,-1,-1,-0.01,-1,-1,-0.01,-1,-1,-0.01,-1,-1,-0.01,-1,-1,-0.01,-1,-1,-0.01,-1,-1,-0.01,-1,-1
99926009,2026-05-18 11:10:22+05:30,53088.3,0,0.0,0,0.0,0.0,53282.15,53308.4,52783.45,53710.35,0,0.0,0.0,0.0,0.0,-0.01,-1,-1,-0.01,-1,-1,-0.01,-1,-1,-0.01,-1,-1,-0.01,-1,-1,-0.01,-1,-1,-0.01,-1,-1,-0.01,-1,-1,-0.01,-1,-1,-0.01,-1,-1
99926009,2026-05-18 11:10:23+05:30,53089.6,0,0.0,0,0.0,0.0,53282.15,53308.4,52783.45,53710.35,0,0.0,0.0,0.0,0.0,-0.01,-1,-1,-0.01,-1,-1,-0.01,-1,-1,-0.01,-1,-1,-0.01,-1,-1,-0.01,-1,-1,-0.01,-1,-1,-0.01,-1,-1,-0.01,-1,-1,-0.01,-1,-1
99926009,2026-05-18 11:10:23+05:30,53090.5,0,0.0,0,0.0,0.0,53282.15,53308.4,52783.45,53710.35,0,0.0,0.0,0.0,0.0,-0.01,-1,-1,-0.01,-1,-1,-0.01,-1,-1,-0.01,-1,-1,-0.01,-1,-1,-0.01,-1,-1,-0.01,-1,-1,-0.01,-1,-1,-0.01,-1,-1,-0.01,-1,-1
99926009,2026-05-18 11:10:24+05:30,53089.9,0,0.0,0,0.0,0.0,53282.15,53308.4,52783.45,53710.35,0,0.0,0.0,0.0,0.0,-0.01,-1,-1,-0.01,-1,-1,-0.01,-1,-1,-0.01,-1,-1,-0.01,-1,-1,-0.01,-1,-1,-0.01,-1,-1,-0.01,-1,-1,-0.01,-1,-1,-0.01,-1,-1
99926009,2026-05-18 11:10:24+05:30,53091.35,0,0.0,0,0.0,0.0,53282.15,53308.4,52783.45,53710.35,0,0.0,0.0,0.0,0.0,-0.01,-1,-1,-0.01,-1,-1,-0.01,-1,-1,-0.01,-1,-1,-0.01,-1,-1,-0.01,-1,-1,-0.01,-1,-1,-0.01,-1,-1,-0.01,-1,-1,-0.01,-1,-1
99926009,2026-05-18 11:10:25+05:30,53092.7,0,0.0,0,0.0,0.0,53282.15,53308.4,52783.45,53710.35,0,0.0,0.0,0.0,0.0,-0.01,-1,-1,-0.01,-1,-1,-0.01,-1,-1,-0.01,-1,-1,-0.01,-1,-1,-0.01,-1,-1,-0.01,-1,-1,-0.01,-1,-1,-0.01,-1,-1,-0.01,-1,-1
99926009,2026-05-18 11:10:25+05:30,53092.65,0,0.0,0,0.0,0.0,53282.15,53308.4,52783.45,53710.35,0,0.0,0.0,0.0,0.0,-0.01,-1,-1,-0.01,-1,-1,-0.01,-1,-1,-0.01,-1,-1,-0.01,-1,-1,-0.01,-1,-1,-0.01,-1,-1,-0.01,-1,-1,-0.01,-1,-1,-0.01,-1,-1
99926009,2026-05-18 11:10:26+05:30,53089.6,0,0.0,0,0.0,0.0,53282.15,53308.4,52783.45,53710.35,0,0.0,0.0,0.0,0.0,-0.01,-1,-1,-0.01,-1,-1,-0.01,-1,-1,-0.01,-1,-1,-0.01,-1,-1,-0.01,-1,-1,-0.01,-1,-1,-0.01,-1,-1,-0.01,-1,-1,-0.01,-1,-1
99926009,2026-05-18 11:10:26+05:30,53091.25,0,0.0,0,0.0,0.0,53282.15,53308.4,52783.45,53710.35,0,0.0,0.0,0.0,0.0,-0.01,-1,-1,-0.01,-1,-1,-0.01,-1,-1,-0.01,-1,-1,-0.01,-1,-1,-0.01,-1,-1,-0.01,-1,-1,-0.01,-1,-1,-0.01,-1,-1,-0.01,-1,-1
99926009,2026-05-18 11:10:27+05:30,53092.6,0,0.0,0,0.0,0.0,53282.15,53308.4,52783.45,53710.35,0,0.0,0.0,0.0,0.0,-0.01,-1,-1,-0.01,-1,-1,-0.01,-1,-1,-0.01,-1,-1,-0.01,-1,-1,-0.01,-1,-1,-0.01,-1,-1,-0.01,-1,-1,-0.01,-1,-1,-0.01,-1,-1
99926009,2026-05-18 11:10:27+05:30,53092.85,0,0.0,0,0.0,0.0,53282.15,53308.4,52783.45,53710.35,0,0.0,0.0,0.0,0.0,-0.01,-1,-1,-0.01,-1,-1,-0.01,-1,-1,-0.01,-1,-1,-0.01,-1,-1,-0.01,-1,-1,-0.01,-1,-1,-0.01,-1,-1,-0.01,-1,-1,-0.01,-1,-1
99926009,2026-05-18 11:10:28+05:30,53089.2,0,0.0,0,0.0,0.0,53282.15,53308.4,52783.45,53710.35,0,0.0,0.0,0.0,0.0,-0.01,-1,-1,-0.01,-1,-1,-0.01,-1,-1,-0.01,-1,-1,-0.01,-1,-1,-0.01,-1,-1,-0.01,-1,-1,-0.01,-1,-1,-0.01,-1,-1,-0.01,-1,-1
99926009,2026-05-18 11:10:28+05:30,53095.9,0,0.0,0,0.0,0.0,53282.15,53308.4,52783.45,53710.35,0,0.0,0.0,0.0,0.0,-0.01,-1,-1,-0.01,-1,-1,-0.01,-1,-1,-0.01,-1,-1,-0.01,-1,-1,-0.01,-1,-1,-0.01,-1,-1,-0.01,-1,-1,-0.01,-1,-1,-0.01,-1,-1
99926009,2026-05-18 11:10:29+05:30,53095.4,0,0.0,0,0.0,0.0,53282.15,53308.4,52783.45,53710.35,0,0.0,0.0,0.0,0.0,-0.01,-1,-1,-0.01,-1,-1,-0.01,-1,-1,-0.01,-1,-1,-0.01,-1,-1,-0.01,-1,-1,-0.01,-1,-1,-0.01,-1,-1,-0.01,-1,-1,-0.01,-1,-1
99926009,2026-05-18 11:10:29+05:30,53092.55,0,0.0,0,0.0,0.0,53282.15,53308.4,52783.45,53710.35,0,0.0,0.0,0.0,0.0,-0.01,-1,-1,-0.01,-1,-1,-0.01,-1,-1,-0.01,-1,-1,-0.01,-1,-1,-0.01,-1,-1,-0.01,-1,-1,-0.01,-1,-1,-0.01,-1,-1,-0.01,-1,-1
99926009,2026-05-18 11:10:30+05:30,53090.4,0,0.0,0,0.0,0.0,53282.15,53308.4,52783.45,53710.35,0,0.0,0.0,0.0,0.0,-0.01,-1,-1,-0.01,-1,-1,-0.01,-1,-1,-0.01,-1,-1,-0.01,-1,-1,-0.01,-1,-1,-0.01,-1,-1,-0.01,-1,-1,-0.01,-1,-1,-0.01,-1,-1
99926009,2026-05-18 11:10:30+05:30,53090.8,0,0.0,0,0.0,0.0,53282.15,53308.4,52783.45,53710.35,0,0.0,0.0,0.0,0.0,-0.01,-1,-1,-0.01,-1,-1,-0.01,-1,-1,-0.01,-1,-1,-0.01,-1,-1,-0.01,-1,-1,-0.01,-1,-1,-0.01,-1,-1,-0.01,-1,-1,-0.01,-1,-1
99926009,2026-05-18 11:10:31+05:30,53092.05,0,0.0,0,0.0,0.0,53282.15,53308.4,52783.45,53710.35,0,0.0,0.0,0.0,0.0,-0.01,-1,-1,-0.01,-1,-1,-0.01,-1,-1,-0.01,-1,-1,-0.01,-1,-1,-0.01,-1,-1,-0.01,-1,-1,-0.01,-1,-1,-0.01,-1,-1,-0.01,-1,-1
99926009,2026-05-18 11:10:31+05:30,53091.3,0,0.0,0,0.0,0.0,53282.15,53308.4,52783.45,53710.35,0,0.0,0.0,0.0,0.0,-0.01,-1,-1,-0.01,-1,-1,-0.01,-1,-1,-0.01,-1,-1,-0.01,-1,-1,-0.01,-1,-1,-0.01,-1,-1,-0.01,-1,-1,-0.01,-1,-1,-0.01,-1,-1
99926009,2026-05-18 11:10:32+05:30,53089.45,0,0.0,0,0.0,0.0,53282.15,53308.4,52783.45,53710.35,0,0.0,0.0,0.0,0.0,-0.01,-1,-1,-0.01,-1,-1,-0.01,-1,-1,-0.01,-1,-1,-0.01,-1,-1,-0.01,-1,-1,-0.01,-1,-1,-0.01,-1,-1,-0.01,-1,-1,-0.01,-1,-1
99926009,2026-05-18 11:10:32+05:30,53089.2,0,0.0,0,0.0,0.0,53282.15,53308.4,52783.45,53710.35,0,0.0,0.0,0.0,0.0,-0.01,-1,-1,-0.01,-1,-1,-0.01,-1,-1,-0.01,-1,-1,-0.01,-1,-1,-0.01,-1,-1,-0.01,-1,-1,-0.01,-1,-1,-0.01,-1,-1,-0.01,-1,-1
99926009,2026-05-18 11:10:33+05:30,53089.4,0,0.0,0,0.0,0.0,53282.15,53308.4,52783.45,53710.35,0,0.0,0.0,0.0,0.0,-0.01,-1,-1,-0.01,-1,-1,-0.01,-1,-1,-0.01,-1,-1,-0.01,-1,-1,-0.01,-1,-1,-0.01,-1,-1,-0.01,-1,-1,-0.01,-1,-1,-0.01,-1,-1
99926009,2026-05-18 11:10:33+05:30,53090.2,0,0.0,0,0.0,0.0,53282.15,53308.4,52783.45,53710.35,0,0.0,0.0,0.0,0.0,-0.01,-1,-1,-0.01,-1,-1,-0.01,-1,-1,-0.01,-1,-1,-0.01,-1,-1,-0.01,-1,-1,-0.01,-1,-1,-0.01,-1,-1,-0.01,-1,-1,-0.01,-1,-1
99926009,2026-05-18 11:10:34+05:30,53090.5,0,0.0,0,0.0,0.0,53282.15,53308.4,52783.45,53710.35,0,0.0,0.0,0.0,0.0,-0.01,-1,-1,-0.01,-1,-1,-0.01,-1,-1,-0.01,-1,-1,-0.01,-1,-1,-0.01,-1,-1,-0.01,-1,-1,-0.01,-1,-1,-0.01,-1,-1,-0.01,-1,-1
99926009,2026-05-18 11:10:34+05:30,53089.35,0,0.0,0,0.0,0.0,53282.15,53308.4,52783.45,53710.35,0,0.0,0.0,0.0,0.0,-0.01,-1,-1,-0.01,-1,-1,-0.01,-1,-1,-0.01,-1,-1,-0.01,-1,-1,-0.01,-1,-1,-0.01,-1,-1,-0.01,-1,-1,-0.01,-1,-1,-0.01,-1,-1
99926009,2026-05-18 11:10:35+05:30,53090.85,0,0.0,0,0.0,0.0,53282.15,53308.4,52783.45,53710.35,0,0.0,0.0,0.0,0.0,-0.01,-1,-1,-0.01,-1,-1,-0.01,-1,-1,-0.01,-1,-1,-0.01,-1,-1,-0.01,-1,-1,-0.01,-1,-1,-0.01,-1,-1,-0.01,-1,-1,-0.01,-1,-1
99926009,2026-05-18 11:10:35+05:30,53090.05,0,0.0,0,0.0,0.0,53282.15,53308.4,52783.45,53710.35,0,0.0,0.0,0.0,0.0,-0.01,-1,-1,-0.01,-1,-1,-0.01,-1,-1,-0.01,-1,-1,-0.01,-1,-1,-0.01,-1,-1,-0.01,-1,-1,-0.01,-1,-1,-0.01,-1,-1,-0.01,-1,-1
99926009,2026-05-18 11:10:36+05:30,53091.5,0,0.0,0,0.0,0.0,53282.15,53308.4,52783.45,53710.35,0,0.0,0.0,0.0,0.0,-0.01,-1,-1,-0.01,-1,-1,-0.01,-1,-1,-0.01,-1,-1,-0.01,-1,-1,-0.01,-1,-1,-0.01,-1,-1,-0.01,-1,-1,-0.01,-1,-1,-0.01,-1,-1
99926009,2026-05-18 11:10:36+05:30,53092.85,0,0.0,0,0.0,0.0,53282.15,53308.4,52783.45,53710.35,0,0.0,0.0,0.0,0.0,-0.01,-1,-1,-0.01,-1,-1,-0.01,-1,-1,-0.01,-1,-1,-0.01,-1,-1,-0.01,-1,-1,-0.01,-1,-1,-0.01,-1,-1,-0.01,-1,-1,-0.01,-1,-1
99926009,2026-05-18 11:10:37+05:30,53090.05,0,0.0,0,0.0,0.0,53282.15,53308.4,52783.45,53710.35,0,0.0,0.0,0.0,0.0,-0.01,-1,-1,-0.01,-1,-1,-0.01,-1,-1,-0.01,-1,-1,-0.01,-1,-1,-0.01,-1,-1,-0.01,-1,-1,-0.01,-1,-1,-0.01,-1,-1,-0.01,-1,-1
99926009,2026-05-18 11:10:37+05:30,53089.7,0,0.0,0,0.0,0.0,53282.15,53308.4,52783.45,53710.35,0,0.0,0.0,0.0,0.0,-0.01,-1,-1,-0.01,-1,-1,-0.01,-1,-1,-0.01,-1,-1,-0.01,-1,-1,-0.01,-1,-1,-0.01,-1,-1,-0.01,-1,-1,-0.01,-1,-1,-0.01,-1,-1
99926009,2026-05-18 11:10:38+05:30,53086.35,0,0.0,0,0.0,0.0,53282.15,53308.4,52783.45,53710.35,0,0.0,0.0,0.0,0.0,-0.01,-1,-1,-0.01,-1,-1,-0.01,-1,-1,-0.01,-1,-1,-0.01,-1,-1,-0.01,-1,-1,-0.01,-1,-1,-0.01,-1,-1,-0.01,-1,-1,-0.01,-1,-1
99926009,2026-05-18 11:10:38+05:30,53086.75,0,0.0,0,0.0,0.0,53282.15,53308.4,52783.45,53710.35,0,0.0,0.0,0.0,0.0,-0.01,-1,-1,-0.01,-1,-1,-0.01,-1,-1,-0.01,-1,-1,-0.01,-1,-1,-0.01,-1,-1,-0.01,-1,-1,-0.01,-1,-1,-0.01,-1,-1,-0.01,-1,-1
99926009,2026-05-18 11:10:39+05:30,53087.85,0,0.0,0,0.0,0.0,53282.15,53308.4,52783.45,53710.35,0,0.0,0.0,0.0,0.0,-0.01,-1,-1,-0.01,-1,-1,-0.01,-1,-1,-0.01,-1,-1,-0.01,-1,-1,-0.01,-1,-1,-0.01,-1,-1,-0.01,-1,-1,-0.01,-1,-1,-0.01,-1,-1
99926009,2026-05-18 11:10:39+05:30,53090.35,0,0.0,0,0.0,0.0,53282.15,53308.4,52783.45,53710.35,0,0.0,0.0,0.0,0.0,-0.01,-1,-1,-0.01,-1,-1,-0.01,-1,-1,-0.01,-1,-1,-0.01,-1,-1,-0.01,-1,-1,-0.01,-1,-1,-0.01,-1,-1,-0.01,-1,-1,-0.01,-1,-1
99926009,2026-05-18 11:10:40+05:30,53090.45,0,0.0,0,0.0,0.0,53282.15,53308.4,52783.45,53710.35,0,0.0,0.0,0.0,0.0,-0.01,-1,-1,-0.01,-1,-1,-0.01,-1,-1,-0.01,-1,-1,-0.01,-1,-1,-0.01,-1,-1,-0.01,-1,-1,-0.01,-1,-1,-0.01,-1,-1,-0.01,-1,-1
99926009,2026-05-18 11:10:40+05:30,53093.65,0,0.0,0,0.0,0.0,53282.15,53308.4,52783.45,53710.35,0,0.0,0.0,0.0,0.0,-0.01,-1,-1,-0.01,-1,-1,-0.01,-1,-1,-0.01,-1,-1,-0.01,-1,-1,-0.01,-1,-1,-0.01,-1,-1,-0.01,-1,-1,-0.01,-1,-1,-0.01,-1,-1
99926009,2026-05-18 11:10:41+05:30,53094.95,0,0.0,0,0.0,0.0,53282.15,53308.4,52783.45,53710.35,0,0.0,0.0,0.0,0.0,-0.01,-1,-1,-0.01,-1,-1,-0.01,-1,-1,-0.01,-1,-1,-0.01,-1,-1,-0.01,-1,-1,-0.01,-1,-1,-0.01,-1,-1,-0.01,-1,-1,-0.01,-1,-1
99926009,2026-05-18 11:10:41+05:30,53089.2,0,0.0,0,0.0,0.0,53282.15,53308.4,52783.45,53710.35,0,0.0,0.0,0.0,0.0,-0.01,-1,-1,-0.01,-1,-1,-0.01,-1,-1,-0.01,-1,-1,-0.01,-1,-1,-0.01,-1,-1,-0.01,-1,-1,-0.01,-1,-1,-0.01,-1,-1,-0.01,-1,-1
99926009,2026-05-18 11:10:42+05:30,53088.8,0,0.0,0,0.0,0.0,53282.15,53308.4,52783.45,53710.35,0,0.0,0.0,0.0,0.0,-0.01,-1,-1,-0.01,-1,-1,-0.01,-1,-1,-0.01,-1,-1,-0.01,-1,-1,-0.01,-1,-1,-0.01,-1,-1,-0.01,-1,-1,-0.01,-1,-1,-0.01,-1,-1
99926009,2026-05-18 11:10:42+05:30,53086.65,0,0.0,0,0.0,0.0,53282.15,53308.4,52783.45,53710.35,0,0.0,0.0,0.0,0.0,-0.01,-1,-1,-0.01,-1,-1,-0.01,-1,-1,-0.01,-1,-1,-0.01,-1,-1,-0.01,-1,-1,-0.01,-1,-1,-0.01,-1,-1,-0.01,-1,-1,-0.01,-1,-1
99926009,2026-05-18 11:10:43+05:30,53087.85,0,0.0,0,0.0,0.0,53282.15,53308.4,52783.45,53710.35,0,0.0,0.0,0.0,0.0,-0.01,-1,-1,-0.01,-1,-1,-0.01,-1,-1,-0.01,-1,-1,-0.01,-1,-1,-0.01,-1,-1,-0.01,-1,-1,-0.01,-1,-1,-0.01,-1,-1,-0.01,-1,-1
99926009,2026-05-18 11:10:43+05:30,53089.15,0,0.0,0,0.0,0.0,53282.15,53308.4,52783.45,53710.35,0,0.0,0.0,0.0,0.0,-0.01,-1,-1,-0.01,-1,-1,-0.01,-1,-1,-0.01,-1,-1,-0.01,-1,-1,-0.01,-1,-1,-0.01,-1,-1,-0.01,-1,-1,-0.01,-1,-1,-0.01,-1,-1
99926009,2026-05-18 11:10:44+05:30,53089.55,0,0.0,0,0.0,0.0,53282.15,53308.4,52783.45,53710.35,0,0.0,0.0,0.0,0.0,-0.01,-1,-1,-0.01,-1,-1,-0.01,-1,-1,-0.01,-1,-1,-0.01,-1,-1,-0.01,-1,-1,-0.01,-1,-1,-0.01,-1,-1,-0.01,-1,-1,-0.01,-1,-1
99926009,2026-05-18 11:10:44+05:30,53087.3,0,0.0,0,0.0,0.0,53282.15,53308.4,52783.45,53710.35,0,0.0,0.0,0.0,0.0,-0.01,-1,-1,-0.01,-1,-1,-0.01,-1,-1,-0.01,-1,-1,-0.01,-1,-1,-0.01,-1,-1,-0.01,-1,-1,-0.01,-1,-1,-0.01,-1,-1,-0.01,-1,-1
99926009,2026-05-18 11:10:45+05:30,53089.45,0,0.0,0,0.0,0.0,53282.15,53308.4,52783.45,53710.35,0,0.0,0.0,0.0,0.0,-0.01,-1,-1,-0.01,-1,-1,-0.01,-1,-1,-0.01,-1,-1,-0.01,-1,-1,-0.01,-1,-1,-0.01,-1,-1,-0.01,-1,-1,-0.01,-1,-1,-0.01,-1,-1
99926009,2026-05-18 11:10:45+05:30,53091.1,0,0.0,0,0.0,0.0,53282.15,53308.4,52783.45,53710.35,0,0.0,0.0,0.0,0.0,-0.01,-1,-1,-0.01,-1,-1,-0.01,-1,-1,-0.01,-1,-1,-0.01,-1,-1,-0.01,-1,-1,-0.01,-1,-1,-0.01,-1,-1,-0.01,-1,-1,-0.01,-1,-1
99926009,2026-05-18 11:10:46+05:30,53089.85,0,0.0,0,0.0,0.0,53282.15,53308.4,52783.45,53710.35,0,0.0,0.0,0.0,0.0,-0.01,-1,-1,-0.01,-1,-1,-0.01,-1,-1,-0.01,-1,-1,-0.01,-1,-1,-0.01,-1,-1,-0.01,-1,-1,-0.01,-1,-1,-0.01,-1,-1,-0.01,-1,-1
99926009,2026-05-18 11:10:46+05:30,53089.95,0,0.0,0,0.0,0.0,53282.15,53308.4,52783.45,53710.35,0,0.0,0.0,0.0,0.0,-0.01,-1,-1,-0.01,-1,-1,-0.01,-1,-1,-0.01,-1,-1,-0.01,-1,-1,-0.01,-1,-1,-0.01,-1,-1,-0.01,-1,-1,-0.01,-1,-1,-0.01,-1,-1
99926009,2026-05-18 11:10:47+05:30,53088.65,0,0.0,0,0.0,0.0,53282.15,53308.4,52783.45,53710.35,0,0.0,0.0,0.0,0.0,-0.01,-1,-1,-0.01,-1,-1,-0.01,-1,-1,-0.01,-1,-1,-0.01,-1,-1,-0.01,-1,-1,-0.01,-1,-1,-0.01,-1,-1,-0.01,-1,-1,-0.01,-1,-1
99926009,2026-05-18 11:10:47+05:30,53085.05,0,0.0,0,0.0,0.0,53282.15,53308.4,52783.45,53710.35,0,0.0,0.0,0.0,0.0,-0.01,-1,-1,-0.01,-1,-1,-0.01,-1,-1,-0.01,-1,-1,-0.01,-1,-1,-0.01,-1,-1,-0.01,-1,-1,-0.01,-1,-1,-0.01,-1,-1,-0.01,-1,-1
99926009,2026-05-18 11:10:48+05:30,53087.1,0,0.0,0,0.0,0.0,53282.15,53308.4,52783.45,53710.35,0,0.0,0.0,0.0,0.0,-0.01,-1,-1,-0.01,-1,-1,-0.01,-1,-1,-0.01,-1,-1,-0.01,-1,-1,-0.01,-1,-1,-0.01,-1,-1,-0.01,-1,-1,-0.01,-1,-1,-0.01,-1,-1
99926009,2026-05-18 11:10:48+05:30,53086.8,0,0.0,0,0.0,0.0,53282.15,53308.4,52783.45,53710.35,0,0.0,0.0,0.0,0.0,-0.01,-1,-1,-0.01,-1,-1,-0.01,-1,-1,-0.01,-1,-1,-0.01,-1,-1,-0.01,-1,-1,-0.01,-1,-1,-0.01,-1,-1,-0.01,-1,-1,-0.01,-1,-1
99926009,2026-05-18 11:10:49+05:30,53091.6,0,0.0,0,0.0,0.0,53282.15,53308.4,52783.45,53710.35,0,0.0,0.0,0.0,0.0,-0.01,-1,-1,-0.01,-1,-1,-0.01,-1,-1,-0.01,-1,-1,-0.01,-1,-1,-0.01,-1,-1,-0.01,-1,-1,-0.01,-1,-1,-0.01,-1,-1,-0.01,-1,-1
99926009,2026-05-18 11:10:49+05:30,53089.45,0,0.0,0,0.0,0.0,53282.15,53308.4,52783.45,53710.35,0,0.0,0.0,0.0,0.0,-0.01,-1,-1,-0.01,-1,-1,-0.01,-1,-1,-0.01,-1,-1,-0.01,-1,-1,-0.01,-1,-1,-0.01,-1,-1,-0.01,-1,-1,-0.01,-1,-1,-0.01,-1,-1
99926009,2026-05-18 11:10:50+05:30,53090.2,0,0.0,0,0.0,0.0,53282.15,53308.4,52783.45,53710.35,0,0.0,0.0,0.0,0.0,-0.01,-1,-1,-0.01,-1,-1,-0.01,-1,-1,-0.01,-1,-1,-0.01,-1,-1,-0.01,-1,-1,-0.01,-1,-1,-0.01,-1,-1,-0.01,-1,-1,-0.01,-1,-1
99926009,2026-05-18 11:10:50+05:30,53089.35,0,0.0,0,0.0,0.0,53282.15,53308.4,52783.45,53710.35,0,0.0,0.0,0.0,0.0,-0.01,-1,-1,-0.01,-1,-1,-0.01,-1,-1,-0.01,-1,-1,-0.01,-1,-1,-0.01,-1,-1,-0.01,-1,-1,-0.01,-1,-1,-0.01,-1,-1,-0.01,-1,-1
99926009,2026-05-18 11:10:51+05:30,53088.9,0,0.0,0,0.0,0.0,53282.15,53308.4,52783.45,53710.35,0,0.0,0.0,0.0,0.0,-0.01,-1,-1,-0.01,-1,-1,-0.01,-1,-1,-0.01,-1,-1,-0.01,-1,-1,-0.01,-1,-1,-0.01,-1,-1,-0.01,-1,-1,-0.01,-1,-1,-0.01,-1,-1
99926009,2026-05-18 11:10:51+05:30,53089.9,0,0.0,0,0.0,0.0,53282.15,53308.4,52783.45,53710.35,0,0.0,0.0,0.0,0.0,-0.01,-1,-1,-0.01,-1,-1,-0.01,-1,-1,-0.01,-1,-1,-0.01,-1,-1,-0.01,-1,-1,-0.01,-1,-1,-0.01,-1,-1,-0.01,-1,-1,-0.01,-1,-1
99926009,2026-05-18 11:10:52+05:30,53090.75,0,0.0,0,0.0,0.0,53282.15,53308.4,52783.45,53710.35,0,0.0,0.0,0.0,0.0,-0.01,-1,-1,-0.01,-1,-1,-0.01,-1,-1,-0.01,-1,-1,-0.01,-1,-1,-0.01,-1,-1,-0.01,-1,-1,-0.01,-1,-1,-0.01,-1,-1,-0.01,-1,-1
99926009,2026-05-18 11:10:52+05:30,53088.55,0,0.0,0,0.0,0.0,53282.15,53308.4,52783.45,53710.35,0,0.0,0.0,0.0,0.0,-0.01,-1,-1,-0.01,-1,-1,-0.01,-1,-1,-0.01,-1,-1,-0.01,-1,-1,-0.01,-1,-1,-0.01,-1,-1,-0.01,-1,-1,-0.01,-1,-1,-0.01,-1,-1
99926009,2026-05-18 11:10:53+05:30,53084.3,0,0.0,0,0.0,0.0,53282.15,53308.4,52783.45,53710.35,0,0.0,0.0,0.0,0.0,-0.01,-1,-1,-0.01,-1,-1,-0.01,-1,-1,-0.01,-1,-1,-0.01,-1,-1,-0.01,-1,-1,-0.01,-1,-1,-0.01,-1,-1,-0.01,-1,-1,-0.01,-1,-1
99926009,2026-05-18 11:10:53+05:30,53081.65,0,0.0,0,0.0,0.0,53282.15,53308.4,52783.45,53710.35,0,0.0,0.0,0.0,0.0,-0.01,-1,-1,-0.01,-1,-1,-0.01,-1,-1,-0.01,-1,-1,-0.01,-1,-1,-0.01,-1,-1,-0.01,-1,-1,-0.01,-1,-1,-0.01,-1,-1,-0.01,-1,-1
99926009,2026-05-18 11:10:54+05:30,53082.55,0,0.0,0,0.0,0.0,53282.15,53308.4,52783.45,53710.35,0,0.0,0.0,0.0,0.0,-0.01,-1,-1,-0.01,-1,-1,-0.01,-1,-1,-0.01,-1,-1,-0.01,-1,-1,-0.01,-1,-1,-0.01,-1,-1,-0.01,-1,-1,-0.01,-1,-1,-0.01,-1,-1
99926009,2026-05-18 11:10:54+05:30,53082.3,0,0.0,0,0.0,0.0,53282.15,53308.4,52783.45,53710.35,0,0.0,0.0,0.0,0.0,-0.01,-1,-1,-0.01,-1,-1,-0.01,-1,-1,-0.01,-1,-1,-0.01,-1,-1,-0.01,-1,-1,-0.01,-1,-1,-0.01,-1,-1,-0.01,-1,-1,-0.01,-1,-1
99926009,2026-05-18 11:10:55+05:30,53084.7,0,0.0,0,0.0,0.0,53282.15,53308.4,52783.45,53710.35,0,0.0,0.0,0.0,0.0,-0.01,-1,-1,-0.01,-1,-1,-0.01,-1,-1,-0.01,-1,-1,-0.01,-1,-1,-0.01,-1,-1,-0.01,-1,-1,-0.01,-1,-1,-0.01,-1,-1,-0.01,-1,-1
99926009,2026-05-18 11:10:55+05:30,53085.3,0,0.0,0,0.0,0.0,53282.15,53308.4,52783.45,53710.35,0,0.0,0.0,0.0,0.0,-0.01,-1,-1,-0.01,-1,-1,-0.01,-1,-1,-0.01,-1,-1,-0.01,-1,-1,-0.01,-1,-1,-0.01,-1,-1,-0.01,-1,-1,-0.01,-1,-1,-0.01,-1,-1
99926009,2026-05-18 11:10:56+05:30,53085.55,0,0.0,0,0.0,0.0,53282.15,53308.4,52783.45,53710.35,0,0.0,0.0,0.0,0.0,-0.01,-1,-1,-0.01,-1,-1,-0.01,-1,-1,-0.01,-1,-1,-0.01,-1,-1,-0.01,-1,-1,-0.01,-1,-1,-0.01,-1,-1,-0.01,-1,-1,-0.01,-1,-1
99926009,2026-05-18 11:10:56+05:30,53084.0,0,0.0,0,0.0,0.0,53282.15,53308.4,52783.45,53710.35,0,0.0,0.0,0.0,0.0,-0.01,-1,-1,-0.01,-1,-1,-0.01,-1,-1,-0.01,-1,-1,-0.01,-1,-1,-0.01,-1,-1,-0.01,-1,-1,-0.01,-1,-1,-0.01,-1,-1,-0.01,-1,-1
99926009,2026-05-18 11:10:57+05:30,53086.15,0,0.0,0,0.0,0.0,53282.15,53308.4,52783.45,53710.35,0,0.0,0.0,0.0,0.0,-0.01,-1,-1,-0.01,-1,-1,-0.01,-1,-1,-0.01,-1,-1,-0.01,-1,-1,-0.01,-1,-1,-0.01,-1,-1,-0.01,-1,-1,-0.01,-1,-1,-0.01,-1,-1
99926009,2026-05-18 11:10:57+05:30,53085.9,0,0.0,0,0.0,0.0,53282.15,53308.4,52783.45,53710.35,0,0.0,0.0,0.0,0.0,-0.01,-1,-1,-0.01,-1,-1,-0.01,-1,-1,-0.01,-1,-1,-0.01,-1,-1,-0.01,-1,-1,-0.01,-1,-1,-0.01,-1,-1,-0.01,-1,-1,-0.01,-1,-1
99926009,2026-05-18 11:10:58+05:30,53085.4,0,0.0,0,0.0,0.0,53282.15,53308.4,52783.45,53710.35,0,0.0,0.0,0.0,0.0,-0.01,-1,-1,-0.01,-1,-1,-0.01,-1,-1,-0.01,-1,-1,-0.01,-1,-1,-0.01,-1,-1,-0.01,-1,-1,-0.01,-1,-1,-0.01,-1,-1,-0.01,-1,-1
99926009,2026-05-18 11:10:58+05:30,53085.7,0,0.0,0,0.0,0.0,53282.15,53308.4,52783.45,53710.35,0,0.0,0.0,0.0,0.0,-0.01,-1,-1,-0.01,-1,-1,-0.01,-1,-1,-0.01,-1,-1,-0.01,-1,-1,-0.01,-1,-1,-0.01,-1,-1,-0.01,-1,-1,-0.01,-1,-1,-0.01,-1,-1
99926009,2026-05-18 11:10:59+05:30,53083.75,0,0.0,0,0.0,0.0,53282.15,53308.4,52783.45,53710.35,0,0.0,0.0,0.0,0.0,-0.01,-1,-1,-0.01,-1,-1,-0.01,-1,-1,-0.01,-1,-1,-0.01,-1,-1,-0.01,-1,-1,-0.01,-1,-1,-0.01,-1,-1,-0.01,-1,-1,-0.01,-1,-1
99926009,2026-05-18 11:10:59+05:30,53082.35,0,0.0,0,0.0,0.0,53282.15,53308.4,52783.45,53710.35,0,0.0,0.0,0.0,0.0,-0.01,-1,-1,-0.01,-1,-1,-0.01,-1,-1,-0.01,-1,-1,-0.01,-1,-1,-0.01,-1,-1,-0.01,-1,-1,-0.01,-1,-1,-0.01,-1,-1,-0.01,-1,-1
99926009,2026-05-18 11:11:00+05:30,53082.9,0,0.0,0,0.0,0.0,53282.15,53308.4,52783.45,53710.35,0,0.0,0.0,0.0,0.0,-0.01,-1,-1,-0.01,-1,-1,-0.01,-1,-1,-0.01,-1,-1,-0.01,-1,-1,-0.01,-1,-1,-0.01,-1,-1,-0.01,-1,-1,-0.01,-1,-1,-0.01,-1,-1
99926009,2026-05-18 11:11:00+05:30,53080.3,0,0.0,0,0.0,0.0,53282.15,53308.4,52783.45,53710.35,0,0.0,0.0,0.0,0.0,-0.01,-1,-1,-0.01,-1,-1,-0.01,-1,-1,-0.01,-1,-1,-0.01,-1,-1,-0.01,-1,-1,-0.01,-1,-1,-0.01,-1,-1,-0.01,-1,-1,-0.01,-1,-1
99926009,2026-05-18 11:11:01+05:30,53082.9,0,0.0,0,0.0,0.0,53282.15,53308.4,52783.45,53710.35,0,0.0,0.0,0.0,0.0,-0.01,-1,-1,-0.01,-1,-1,-0.01,-1,-1,-0.01,-1,-1,-0.01,-1,-1,-0.01,-1,-1,-0.01,-1,-1,-0.01,-1,-1,-0.01,-1,-1,-0.01,-1,-1
99926009,2026-05-18 11:11:01+05:30,53083.5,0,0.0,0,0.0,0.0,53282.15,53308.4,52783.45,53710.35,0,0.0,0.0,0.0,0.0,-0.01,-1,-1,-0.01,-1,-1,-0.01,-1,-1,-0.01,-1,-1,-0.01,-1,-1,-0.01,-1,-1,-0.01,-1,-1,-0.01,-1,-1,-0.01,-1,-1,-0.01,-1,-1
99926009,2026-05-18 11:11:02+05:30,53083.05,0,0.0,0,0.0,0.0,53282.15,53308.4,52783.45,53710.35,0,0.0,0.0,0.0,0.0,-0.01,-1,-1,-0.01,-1,-1,-0.01,-1,-1,-0.01,-1,-1,-0.01,-1,-1,-0.01,-1,-1,-0.01,-1,-1,-0.01,-1,-1,-0.01,-1,-1,-0.01,-1,-1
99926009,2026-05-18 11:11:02+05:30,53079.9,0,0.0,0,0.0,0.0,53282.15,53308.4,52783.45,53710.35,0,0.0,0.0,0.0,0.0,-0.01,-1,-1,-0.01,-1,-1,-0.01,-1,-1,-0.01,-1,-1,-0.01,-1,-1,-0.01,-1,-1,-0.01,-1,-1,-0.01,-1,-1,-0.01,-1,-1,-0.01,-1,-1
99926009,2026-05-18 11:11:03+05:30,53080.75,0,0.0,0,0.0,0.0,53282.15,53308.4,52783.45,53710.35,0,0.0,0.0,0.0,0.0,-0.01,-1,-1,-0.01,-1,-1,-0.01,-1,-1,-0.01,-1,-1,-0.01,-1,-1,-0.01,-1,-1,-0.01,-1,-1,-0.01,-1,-1,-0.01,-1,-1,-0.01,-1,-1
99926009,2026-05-18 11:11:03+05:30,53081.2,0,0.0,0,0.0,0.0,53282.15,53308.4,52783.45,53710.35,0,0.0,0.0,0.0,0.0,-0.01,-1,-1,-0.01,-1,-1,-0.01,-1,-1,-0.01,-1,-1,-0.01,-1,-1,-0.01,-1,-1,-0.01,-1,-1,-0.01,-1,-1,-0.01,-1,-1,-0.01,-1,-1
99926009,2026-05-18 11:11:04+05:30,53082.65,0,0.0,0,0.0,0.0,53282.15,53308.4,52783.45,53710.35,0,0.0,0.0,0.0,0.0,-0.01,-1,-1,-0.01,-1,-1,-0.01,-1,-1,-0.01,-1,-1,-0.01,-1,-1,-0.01,-1,-1,-0.01,-1,-1,-0.01,-1,-1,-0.01,-1,-1,-0.01,-1,-1
99926009,2026-05-18 11:11:04+05:30,53083.75,0,0.0,0,0.0,0.0,53282.15,53308.4,52783.45,53710.35,0,0.0,0.0,0.0,0.0,-0.01,-1,-1,-0.01,-1,-1,-0.01,-1,-1,-0.01,-1,-1,-0.01,-1,-1,-0.01,-1,-1,-0.01,-1,-1,-0.01,-1,-1,-0.01,-1,-1,-0.01,-1,-1
99926009,2026-05-18 11:11:05+05:30,53085.85,0,0.0,0,0.0,0.0,53282.15,53308.4,52783.45,53710.35,0,0.0,0.0,0.0,0.0,-0.01,-1,-1,-0.01,-1,-1,-0.01,-1,-1,-0.01,-1,-1,-0.01,-1,-1,-0.01,-1,-1,-0.01,-1,-1,-0.01,-1,-1,-0.01,-1,-1,-0.01,-1,-1
99926009,2026-05-18 11:11:05+05:30,53088.75,0,0.0,0,0.0,0.0,53282.15,53308.4,52783.45,53710.35,0,0.0,0.0,0.0,0.0,-0.01,-1,-1,-0.01,-1,-1,-0.01,-1,-1,-0.01,-1,-1,-0.01,-1,-1,-0.01,-1,-1,-0.01,-1,-1,-0.01,-1,-1,-0.01,-1,-1,-0.01,-1,-1
99926009,2026-05-18 11:11:06+05:30,53085.45,0,0.0,0,0.0,0.0,53282.15,53308.4,52783.45,53710.35,0,0.0,0.0,0.0,0.0,-0.01,-1,-1,-0.01,-1,-1,-0.01,-1,-1,-0.01,-1,-1,-0.01,-1,-1,-0.01,-1,-1,-0.01,-1,-1,-0.01,-1,-1,-0.01,-1,-1,-0.01,-1,-1
99926009,2026-05-18 11:11:06+05:30,53088.2,0,0.0,0,0.0,0.0,53282.15,53308.4,52783.45,53710.35,0,0.0,0.0,0.0,0.0,-0.01,-1,-1,-0.01,-1,-1,-0.01,-1,-1,-0.01,-1,-1,-0.01,-1,-1,-0.01,-1,-1,-0.01,-1,-1,-0.01,-1,-1,-0.01,-1,-1,-0.01,-1,-1
99926009,2026-05-18 11:11:07+05:30,53083.6,0,0.0,0,0.0,0.0,53282.15,53308.4,52783.45,53710.35,0,0.0,0.0,0.0,0.0,-0.01,-1,-1,-0.01,-1,-1,-0.01,-1,-1,-0.01,-1,-1,-0.01,-1,-1,-0.01,-1,-1,-0.01,-1,-1,-0.01,-1,-1,-0.01,-1,-1,-0.01,-1,-1
99926009,2026-05-18 11:11:07+05:30,53081.7,0,0.0,0,0.0,0.0,53282.15,53308.4,52783.45,53710.35,0,0.0,0.0,0.0,0.0,-0.01,-1,-1,-0.01,-1,-1,-0.01,-1,-1,-0.01,-1,-1,-0.01,-1,-1,-0.01,-1,-1,-0.01,-1,-1,-0.01,-1,-1,-0.01,-1,-1,-0.01,-1,-1
99926009,2026-05-18 11:11:08+05:30,53080.9,0,0.0,0,0.0,0.0,53282.15,53308.4,52783.45,53710.35,0,0.0,0.0,0.0,0.0,-0.01,-1,-1,-0.01,-1,-1,-0.01,-1,-1,-0.01,-1,-1,-0.01,-1,-1,-0.01,-1,-1,-0.01,-1,-1,-0.01,-1,-1,-0.01,-1,-1,-0.01,-1,-1
99926009,2026-05-18 11:11:08+05:30,53081.85,0,0.0,0,0.0,0.0,53282.15,53308.4,52783.45,53710.35,0,0.0,0.0,0.0,0.0,-0.01,-1,-1,-0.01,-1,-1,-0.01,-1,-1,-0.01,-1,-1,-0.01,-1,-1,-0.01,-1,-1,-0.01,-1,-1,-0.01,-1,-1,-0.01,-1,-1,-0.01,-1,-1
99926009,2026-05-18 11:11:09+05:30,53081.45,0,0.0,0,0.0,0.0,53282.15,53308.4,52783.45,53710.35,0,0.0,0.0,0.0,0.0,-0.01,-1,-1,-0.01,-1,-1,-0.01,-1,-1,-0.01,-1,-1,-0.01,-1,-1,-0.01,-1,-1,-0.01,-1,-1,-0.01,-1,-1,-0.01,-1,-1,-0.01,-1,-1
99926009,2026-05-18 11:11:09+05:30,53081.45,0,0.0,0,0.0,0.0,53282.15,53308.4,52783.45,53710.35,0,0.0,0.0,0.0,0.0,-0.01,-1,-1,-0.01,-1,-1,-0.01,-1,-1,-0.01,-1,-1,-0.01,-1,-1,-0.01,-1,-1,-0.01,-1,-1,-0.01,-1,-1,-0.01,-1,-1,-0.01,-1,-1
99926009,2026-05-18 11:11:10+05:30,53082.3,0,0.0,0,0.0,0.0,53282.15,53308.4,52783.45,53710.35,0,0.0,0.0,0.0,0.0,-0.01,-1,-1,-0.01,-1,-1,-0.01,-1,-1,-0.01,-1,-1,-0.01,-1,-1,-0.01,-1,-1,-0.01,-1,-1,-0.01,-1,-1,-0.01,-1,-1,-0.01,-1,-1
99926009,2026-05-18 11:11:10+05:30,53080.95,0,0.0,0,0.0,0.0,53282.15,53308.4,52783.45,53710.35,0,0.0,0.0,0.0,0.0,-0.01,-1,-1,-0.01,-1,-1,-0.01,-1,-1,-0.01,-1,-1,-0.01,-1,-1,-0.01,-1,-1,-0.01,-1,-1,-0.01,-1,-1,-0.01,-1,-1,-0.01,-1,-1
99926009,2026-05-18 11:11:11+05:30,53082.2,0,0.0,0,0.0,0.0,53282.15,53308.4,52783.45,53710.35,0,0.0,0.0,0.0,0.0,-0.01,-1,-1,-0.01,-1,-1,-0.01,-1,-1,-0.01,-1,-1,-0.01,-1,-1,-0.01,-1,-1,-0.01,-1,-1,-0.01,-1,-1,-0.01,-1,-1,-0.01,-1,-1
99926009,2026-05-18 11:11:11+05:30,53079.95,0,0.0,0,0.0,0.0,53282.15,53308.4,52783.45,53710.35,0,0.0,0.0,0.0,0.0,-0.01,-1,-1,-0.01,-1,-1,-0.01,-1,-1,-0.01,-1,-1,-0.01,-1,-1,-0.01,-1,-1,-0.01,-1,-1,-0.01,-1,-1,-0.01,-1,-1,-0.01,-1,-1
99926009,2026-05-18 11:11:12+05:30,53080.6,0,0.0,0,0.0,0.0,53282.15,53308.4,52783.45,53710.35,0,0.0,0.0,0.0,0.0,-0.01,-1,-1,-0.01,-1,-1,-0.01,-1,-1,-0.01,-1,-1,-0.01,-1,-1,-0.01,-1,-1,-0.01,-1,-1,-0.01,-1,-1,-0.01,-1,-1,-0.01,-1,-1
99926009,2026-05-18 11:11:12+05:30,53079.65,0,0.0,0,0.0,0.0,53282.15,53308.4,52783.45,53710.35,0,0.0,0.0,0.0,0.0,-0.01,-1,-1,-0.01,-1,-1,-0.01,-1,-1,-0.01,-1,-1,-0.01,-1,-1,-0.01,-1,-1,-0.01,-1,-1,-0.01,-1,-1,-0.01,-1,-1,-0.01,-1,-1
99926009,2026-05-18 11:11:13+05:30,53081.45,0,0.0,0,0.0,0.0,53282.15,53308.4,52783.45,53710.35,0,0.0,0.0,0.0,0.0,-0.01,-1,-1,-0.01,-1,-1,-0.01,-1,-1,-0.01,-1,-1,-0.01,-1,-1,-0.01,-1,-1,-0.01,-1,-1,-0.01,-1,-1,-0.01,-1,-1,-0.01,-1,-1
99926009,2026-05-18 11:11:13+05:30,53079.7,0,0.0,0,0.0,0.0,53282.15,53308.4,52783.45,53710.35,0,0.0,0.0,0.0,0.0,-0.01,-1,-1,-0.01,-1,-1,-0.01,-1,-1,-0.01,-1,-1,-0.01,-1,-1,-0.01,-1,-1,-0.01,-1,-1,-0.01,-1,-1,-0.01,-1,-1,-0.01,-1,-1
99926009,2026-05-18 11:11:14+05:30,53078.75,0,0.0,0,0.0,0.0,53282.15,53308.4,52783.45,53710.35,0,0.0,0.0,0.0,0.0,-0.01,-1,-1,-0.01,-1,-1,-0.01,-1,-1,-0.01,-1,-1,-0.01,-1,-1,-0.01,-1,-1,-0.01,-1,-1,-0.01,-1,-1,-0.01,-1,-1,-0.01,-1,-1
99926009,2026-05-18 11:11:14+05:30,53079.8,0,0.0,0,0.0,0.0,53282.15,53308.4,52783.45,53710.35,0,0.0,0.0,0.0,0.0,-0.01,-1,-1,-0.01,-1,-1,-0.01,-1,-1,-0.01,-1,-1,-0.01,-1,-1,-0.01,-1,-1,-0.01,-1,-1,-0.01,-1,-1,-0.01,-1,-1,-0.01,-1,-1
99926009,2026-05-18 11:11:15+05:30,53076.5,0,0.0,0,0.0,0.0,53282.15,53308.4,52783.45,53710.35,0,0.0,0.0,0.0,0.0,-0.01,-1,-1,-0.01,-1,-1,-0.01,-1,-1,-0.01,-1,-1,-0.01,-1,-1,-0.01,-1,-1,-0.01,-1,-1,-0.01,-1,-1,-0.01,-1,-1,-0.01,-1,-1
99926009,2026-05-18 11:11:15+05:30,53080.2,0,0.0,0,0.0,0.0,53282.15,53308.4,52783.45,53710.35,0,0.0,0.0,0.0,0.0,-0.01,-1,-1,-0.01,-1,-1,-0.01,-1,-1,-0.01,-1,-1,-0.01,-1,-1,-0.01,-1,-1,-0.01,-1,-1,-0.01,-1,-1,-0.01,-1,-1,-0.01,-1,-1
99926009,2026-05-18 11:11:16+05:30,53079.15,0,0.0,0,0.0,0.0,53282.15,53308.4,52783.45,53710.35,0,0.0,0.0,0.0,0.0,-0.01,-1,-1,-0.01,-1,-1,-0.01,-1,-1,-0.01,-1,-1,-0.01,-1,-1,-0.01,-1,-1,-0.01,-1,-1,-0.01,-1,-1,-0.01,-1,-1,-0.01,-1,-1
99926009,2026-05-18 11:11:16+05:30,53080.05,0,0.0,0,0.0,0.0,53282.15,53308.4,52783.45,53710.35,0,0.0,0.0,0.0,0.0,-0.01,-1,-1,-0.01,-1,-1,-0.01,-1,-1,-0.01,-1,-1,-0.01,-1,-1,-0.01,-1,-1,-0.01,-1,-1,-0.01,-1,-1,-0.01,-1,-1,-0.01,-1,-1
99926009,2026-05-18 11:11:17+05:30,53081.15,0,0.0,0,0.0,0.0,53282.15,53308.4,52783.45,53710.35,0,0.0,0.0,0.0,0.0,-0.01,-1,-1,-0.01,-1,-1,-0.01,-1,-1,-0.01,-1,-1,-0.01,-1,-1,-0.01,-1,-1,-0.01,-1,-1,-0.01,-1,-1,-0.01,-1,-1,-0.01,-1,-1
99926009,2026-05-18 11:11:17+05:30,53081.5,0,0.0,0,0.0,0.0,53282.15,53308.4,52783.45,53710.35,0,0.0,0.0,0.0,0.0,-0.01,-1,-1,-0.01,-1,-1,-0.01,-1,-1,-0.01,-1,-1,-0.01,-1,-1,-0.01,-1,-1,-0.01,-1,-1,-0.01,-1,-1,-0.01,-1,-1,-0.01,-1,-1
99926009,2026-05-18 11:11:18+05:30,53080.5,0,0.0,0,0.0,0.0,53282.15,53308.4,52783.45,53710.35,0,0.0,0.0,0.0,0.0,-0.01,-1,-1,-0.01,-1,-1,-0.01,-1,-1,-0.01,-1,-1,-0.01,-1,-1,-0.01,-1,-1,-0.01,-1,-1,-0.01,-1,-1,-0.01,-1,-1,-0.01,-1,-1
99926009,2026-05-18 11:11:18+05:30,53079.4,0,0.0,0,0.0,0.0,53282.15,53308.4,52783.45,53710.35,0,0.0,0.0,0.0,0.0,-0.01,-1,-1,-0.01,-1,-1,-0.01,-1,-1,-0.01,-1,-1,-0.01,-1,-1,-0.01,-1,-1,-0.01,-1,-1,-0.01,-1,-1,-0.01,-1,-1,-0.01,-1,-1
99926009,2026-05-18 11:11:19+05:30,53079.4,0,0.0,0,0.0,0.0,53282.15,53308.4,52783.45,53710.35,0,0.0,0.0,0.0,0.0,-0.01,-1,-1,-0.01,-1,-1,-0.01,-1,-1,-0.01,-1,-1,-0.01,-1,-1,-0.01,-1,-1,-0.01,-1,-1,-0.01,-1,-1,-0.01,-1,-1,-0.01,-1,-1
99926009,2026-05-18 11:11:19+05:30,53079.3,0,0.0,0,0.0,0.0,53282.15,53308.4,52783.45,53710.35,0,0.0,0.0,0.0,0.0,-0.01,-1,-1,-0.01,-1,-1,-0.01,-1,-1,-0.01,-1,-1,-0.01,-1,-1,-0.01,-1,-1,-0.01,-1,-1,-0.01,-1,-1,-0.01,-1,-1,-0.01,-1,-1
99926009,2026-05-18 11:11:20+05:30,53079.05,0,0.0,0,0.0,0.0,53282.15,53308.4,52783.45,53710.35,0,0.0,0.0,0.0,0.0,-0.01,-1,-1,-0.01,-1,-1,-0.01,-1,-1,-0.01,-1,-1,-0.01,-1,-1,-0.01,-1,-1,-0.01,-1,-1,-0.01,-1,-1,-0.01,-1,-1,-0.01,-1,-1
99926009,2026-05-18 11:11:20+05:30,53079.9,0,0.0,0,0.0,0.0,53282.15,53308.4,52783.45,53710.35,0,0.0,0.0,0.0,0.0,-0.01,-1,-1,-0.01,-1,-1,-0.01,-1,-1,-0.01,-1,-1,-0.01,-1,-1,-0.01,-1,-1,-0.01,-1,-1,-0.01,-1,-1,-0.01,-1,-1,-0.01,-1,-1
99926009,2026-05-18 11:11:21+05:30,53081.3,0,0.0,0,0.0,0.0,53282.15,53308.4,52783.45,53710.35,0,0.0,0.0,0.0,0.0,-0.01,-1,-1,-0.01,-1,-1,-0.01,-1,-1,-0.01,-1,-1,-0.01,-1,-1,-0.01,-1,-1,-0.01,-1,-1,-0.01,-1,-1,-0.01,-1,-1,-0.01,-1,-1
99926009,2026-05-18 11:11:21+05:30,53080.15,0,0.0,0,0.0,0.0,53282.15,53308.4,52783.45,53710.35,0,0.0,0.0,0.0,0.0,-0.01,-1,-1,-0.01,-1,-1,-0.01,-1,-1,-0.01,-1,-1,-0.01,-1,-1,-0.01,-1,-1,-0.01,-1,-1,-0.01,-1,-1,-0.01,-1,-1,-0.01,-1,-1
99926009,2026-05-18 11:11:22+05:30,53079.15,0,0.0,0,0.0,0.0,53282.15,53308.4,52783.45,53710.35,0,0.0,0.0,0.0,0.0,-0.01,-1,-1,-0.01,-1,-1,-0.01,-1,-1,-0.01,-1,-1,-0.01,-1,-1,-0.01,-1,-1,-0.01,-1,-1,-0.01,-1,-1,-0.01,-1,-1,-0.01,-1,-1
99926009,2026-05-18 11:11:22+05:30,53078.05,0,0.0,0,0.0,0.0,53282.15,53308.4,52783.45,53710.35,0,0.0,0.0,0.0,0.0,-0.01,-1,-1,-0.01,-1,-1,-0.01,-1,-1,-0.01,-1,-1,-0.01,-1,-1,-0.01,-1,-1,-0.01,-1,-1,-0.01,-1,-1,-0.01,-1,-1,-0.01,-1,-1
99926009,2026-05-18 11:11:23+05:30,53077.4,0,0.0,0,0.0,0.0,53282.15,53308.4,52783.45,53710.35,0,0.0,0.0,0.0,0.0,-0.01,-1,-1,-0.01,-1,-1,-0.01,-1,-1,-0.01,-1,-1,-0.01,-1,-1,-0.01,-1,-1,-0.01,-1,-1,-0.01,-1,-1,-0.01,-1,-1,-0.01,-1,-1
99926009,2026-05-18 11:11:23+05:30,53077.4,0,0.0,0,0.0,0.0,53282.15,53308.4,52783.45,53710.35,0,0.0,0.0,0.0,0.0,-0.01,-1,-1,-0.01,-1,-1,-0.01,-1,-1,-0.01,-1,-1,-0.01,-1,-1,-0.01,-1,-1,-0.01,-1,-1,-0.01,-1,-1,-0.01,-1,-1,-0.01,-1,-1
99926009,2026-05-18 11:11:24+05:30,53077.4,0,0.0,0,0.0,0.0,53282.15,53308.4,52783.45,53710.35,0,0.0,0.0,0.0,0.0,-0.01,-1,-1,-0.01,-1,-1,-0.01,-1,-1,-0.01,-1,-1,-0.01,-1,-1,-0.01,-1,-1,-0.01,-1,-1,-0.01,-1,-1,-0.01,-1,-1,-0.01,-1,-1
99926009,2026-05-18 11:11:24+05:30,53072.35,0,0.0,0,0.0,0.0,53282.15,53308.4,52783.45,53710.35,0,0.0,0.0,0.0,0.0,-0.01,-1,-1,-0.01,-1,-1,-0.01,-1,-1,-0.01,-1,-1,-0.01,-1,-1,-0.01,-1,-1,-0.01,-1,-1,-0.01,-1,-1,-0.01,-1,-1,-0.01,-1,-1
99926009,2026-05-18 11:11:25+05:30,53075.85,0,0.0,0,0.0,0.0,53282.15,53308.4,52783.45,53710.35,0,0.0,0.0,0.0,0.0,-0.01,-1,-1,-0.01,-1,-1,-0.01,-1,-1,-0.01,-1,-1,-0.01,-1,-1,-0.01,-1,-1,-0.01,-1,-1,-0.01,-1,-1,-0.01,-1,-1,-0.01,-1,-1
99926009,2026-05-18 11:11:25+05:30,53074.8,0,0.0,0,0.0,0.0,53282.15,53308.4,52783.45,53710.35,0,0.0,0.0,0.0,0.0,-0.01,-1,-1,-0.01,-1,-1,-0.01,-1,-1,-0.01,-1,-1,-0.01,-1,-1,-0.01,-1,-1,-0.01,-1,-1,-0.01,-1,-1,-0.01,-1,-1,-0.01,-1,-1
99926009,2026-05-18 11:11:26+05:30,53075.65,0,0.0,0,0.0,0.0,53282.15,53308.4,52783.45,53710.35,0,0.0,0.0,0.0,0.0,-0.01,-1,-1,-0.01,-1,-1,-0.01,-1,-1,-0.01,-1,-1,-0.01,-1,-1,-0.01,-1,-1,-0.01,-1,-1,-0.01,-1,-1,-0.01,-1,-1,-0.01,-1,-1
99926009,2026-05-18 11:11:26+05:30,53074.0,0,0.0,0,0.0,0.0,53282.15,53308.4,52783.45,53710.35,0,0.0,0.0,0.0,0.0,-0.01,-1,-1,-0.01,-1,-1,-0.01,-1,-1,-0.01,-1,-1,-0.01,-1,-1,-0.01,-1,-1,-0.01,-1,-1,-0.01,-1,-1,-0.01,-1,-1,-0.01,-1,-1
99926009,2026-05-18 11:11:27+05:30,53075.6,0,0.0,0,0.0,0.0,53282.15,53308.4,52783.45,53710.35,0,0.0,0.0,0.0,0.0,-0.01,-1,-1,-0.01,-1,-1,-0.01,-1,-1,-0.01,-1,-1,-0.01,-1,-1,-0.01,-1,-1,-0.01,-1,-1,-0.01,-1,-1,-0.01,-1,-1,-0.01,-1,-1
99926009,2026-05-18 11:11:27+05:30,53075.85,0,0.0,0,0.0,0.0,53282.15,53308.4,52783.45,53710.35,0,0.0,0.0,0.0,0.0,-0.01,-1,-1,-0.01,-1,-1,-0.01,-1,-1,-0.01,-1,-1,-0.01,-1,-1,-0.01,-1,-1,-0.01,-1,-1,-0.01,-1,-1,-0.01,-1,-1,-0.01,-1,-1
99926009,2026-05-18 11:11:28+05:30,53074.15,0,0.0,0,0.0,0.0,53282.15,53308.4,52783.45,53710.35,0,0.0,0.0,0.0,0.0,-0.01,-1,-1,-0.01,-1,-1,-0.01,-1,-1,-0.01,-1,-1,-0.01,-1,-1,-0.01,-1,-1,-0.01,-1,-1,-0.01,-1,-1,-0.01,-1,-1,-0.01,-1,-1
99926009,2026-05-18 11:11:28+05:30,53073.9,0,0.0,0,0.0,0.0,53282.15,53308.4,52783.45,53710.35,0,0.0,0.0,0.0,0.0,-0.01,-1,-1,-0.01,-1,-1,-0.01,-1,-1,-0.01,-1,-1,-0.01,-1,-1,-0.01,-1,-1,-0.01,-1,-1,-0.01,-1,-1,-0.01,-1,-1,-0.01,-1,-1
99926009,2026-05-18 11:11:29+05:30,53072.6,0,0.0,0,0.0,0.0,53282.15,53308.4,52783.45,53710.35,0,0.0,0.0,0.0,0.0,-0.01,-1,-1,-0.01,-1,-1,-0.01,-1,-1,-0.01,-1,-1,-0.01,-1,-1,-0.01,-1,-1,-0.01,-1,-1,-0.01,-1,-1,-0.01,-1,-1,-0.01,-1,-1
99926009,2026-05-18 11:11:29+05:30,53074.05,0,0.0,0,0.0,0.0,53282.15,53308.4,52783.45,53710.35,0,0.0,0.0,0.0,0.0,-0.01,-1,-1,-0.01,-1,-1,-0.01,-1,-1,-0.01,-1,-1,-0.01,-1,-1,-0.01,-1,-1,-0.01,-1,-1,-0.01,-1,-1,-0.01,-1,-1,-0.01,-1,-1
99926009,2026-05-18 11:11:30+05:30,53074.8,0,0.0,0,0.0,0.0,53282.15,53308.4,52783.45,53710.35,0,0.0,0.0,0.0,0.0,-0.01,-1,-1,-0.01,-1,-1,-0.01,-1,-1,-0.01,-1,-1,-0.01,-1,-1,-0.01,-1,-1,-0.01,-1,-1,-0.01,-1,-1,-0.01,-1,-1,-0.01,-1,-1
99926009,2026-05-18 11:11:30+05:30,53074.85,0,0.0,0,0.0,0.0,53282.15,53308.4,52783.45,53710.35,0,0.0,0.0,0.0,0.0,-0.01,-1,-1,-0.01,-1,-1,-0.01,-1,-1,-0.01,-1,-1,-0.01,-1,-1,-0.01,-1,-1,-0.01,-1,-1,-0.01,-1,-1,-0.01,-1,-1,-0.01,-1,-1
99926009,2026-05-18 11:11:31+05:30,53076.8,0,0.0,0,0.0,0.0,53282.15,53308.4,52783.45,53710.35,0,0.0,0.0,0.0,0.0,-0.01,-1,-1,-0.01,-1,-1,-0.01,-1,-1,-0.01,-1,-1,-0.01,-1,-1,-0.01,-1,-1,-0.01,-1,-1,-0.01,-1,-1,-0.01,-1,-1,-0.01,-1,-1
99926009,2026-05-18 11:11:31+05:30,53078.2,0,0.0,0,0.0,0.0,53282.15,53308.4,52783.45,53710.35,0,0.0,0.0,0.0,0.0,-0.01,-1,-1,-0.01,-1,-1,-0.01,-1,-1,-0.01,-1,-1,-0.01,-1,-1,-0.01,-1,-1,-0.01,-1,-1,-0.01,-1,-1,-0.01,-1,-1,-0.01,-1,-1
99926009,2026-05-18 11:11:32+05:30,53078.05,0,0.0,0,0.0,0.0,53282.15,53308.4,52783.45,53710.35,0,0.0,0.0,0.0,0.0,-0.01,-1,-1,-0.01,-1,-1,-0.01,-1,-1,-0.01,-1,-1,-0.01,-1,-1,-0.01,-1,-1,-0.01,-1,-1,-0.01,-1,-1,-0.01,-1,-1,-0.01,-1,-1
99926009,2026-05-18 11:11:32+05:30,53079.1,0,0.0,0,0.0,0.0,53282.15,53308.4,52783.45,53710.35,0,0.0,0.0,0.0,0.0,-0.01,-1,-1,-0.01,-1,-1,-0.01,-1,-1,-0.01,-1,-1,-0.01,-1,-1,-0.01,-1,-1,-0.01,-1,-1,-0.01,-1,-1,-0.01,-1,-1,-0.01,-1,-1
99926009,2026-05-18 11:11:33+05:30,53080.45,0,0.0,0,0.0,0.0,53282.15,53308.4,52783.45,53710.35,0,0.0,0.0,0.0,0.0,-0.01,-1,-1,-0.01,-1,-1,-0.01,-1,-1,-0.01,-1,-1,-0.01,-1,-1,-0.01,-1,-1,-0.01,-1,-1,-0.01,-1,-1,-0.01,-1,-1,-0.01,-1,-1
99926009,2026-05-18 11:11:33+05:30,53081.85,0,0.0,0,0.0,0.0,53282.15,53308.4,52783.45,53710.35,0,0.0,0.0,0.0,0.0,-0.01,-1,-1,-0.01,-1,-1,-0.01,-1,-1,-0.01,-1,-1,-0.01,-1,-1,-0.01,-1,-1,-0.01,-1,-1,-0.01,-1,-1,-0.01,-1,-1,-0.01,-1,-1
99926009,2026-05-18 11:11:34+05:30,53082.2,0,0.0,0,0.0,0.0,53282.15,53308.4,52783.45,53710.35,0,0.0,0.0,0.0,0.0,-0.01,-1,-1,-0.01,-1,-1,-0.01,-1,-1,-0.01,-1,-1,-0.01,-1,-1,-0.01,-1,-1,-0.01,-1,-1,-0.01,-1,-1,-0.01,-1,-1,-0.01,-1,-1
99926009,2026-05-18 11:11:34+05:30,53082.6,0,0.0,0,0.0,0.0,53282.15,53308.4,52783.45,53710.35,0,0.0,0.0,0.0,0.0,-0.01,-1,-1,-0.01,-1,-1,-0.01,-1,-1,-0.01,-1,-1,-0.01,-1,-1,-0.01,-1,-1,-0.01,-1,-1,-0.01,-1,-1,-0.01,-1,-1,-0.01,-1,-1
99926009,2026-05-18 11:11:35+05:30,53082.05,0,0.0,0,0.0,0.0,53282.15,53308.4,52783.45,53710.35,0,0.0,0.0,0.0,0.0,-0.01,-1,-1,-0.01,-1,-1,-0.01,-1,-1,-0.01,-1,-1,-0.01,-1,-1,-0.01,-1,-1,-0.01,-1,-1,-0.01,-1,-1,-0.01,-1,-1,-0.01,-1,-1
99926009,2026-05-18 11:11:35+05:30,53083.85,0,0.0,0,0.0,0.0,53282.15,53308.4,52783.45,53710.35,0,0.0,0.0,0.0,0.0,-0.01,-1,-1,-0.01,-1,-1,-0.01,-1,-1,-0.01,-1,-1,-0.01,-1,-1,-0.01,-1,-1,-0.01,-1,-1,-0.01,-1,-1,-0.01,-1,-1,-0.01,-1,-1
99926009,2026-05-18 11:11:36+05:30,53082.9,0,0.0,0,0.0,0.0,53282.15,53308.4,52783.45,53710.35,0,0.0,0.0,0.0,0.0,-0.01,-1,-1,-0.01,-1,-1,-0.01,-1,-1,-0.01,-1,-1,-0.01,-1,-1,-0.01,-1,-1,-0.01,-1,-1,-0.01,-1,-1,-0.01,-1,-1,-0.01,-1,-1
99926009,2026-05-18 11:11:36+05:30,53083.4,0,0.0,0,0.0,0.0,53282.15,53308.4,52783.45,53710.35,0,0.0,0.0,0.0,0.0,-0.01,-1,-1,-0.01,-1,-1,-0.01,-1,-1,-0.01,-1,-1,-0.01,-1,-1,-0.01,-1,-1,-0.01,-1,-1,-0.01,-1,-1,-0.01,-1,-1,-0.01,-1,-1
99926009,2026-05-18 11:11:37+05:30,53081.85,0,0.0,0,0.0,0.0,53282.15,53308.4,52783.45,53710.35,0,0.0,0.0,0.0,0.0,-0.01,-1,-1,-0.01,-1,-1,-0.01,-1,-1,-0.01,-1,-1,-0.01,-1,-1,-0.01,-1,-1,-0.01,-1,-1,-0.01,-1,-1,-0.01,-1,-1,-0.01,-1,-1
99926009,2026-05-18 11:11:37+05:30,53081.85,0,0.0,0,0.0,0.0,53282.15,53308.4,52783.45,53710.35,0,0.0,0.0,0.0,0.0,-0.01,-1,-1,-0.01,-1,-1,-0.01,-1,-1,-0.01,-1,-1,-0.01,-1,-1,-0.01,-1,-1,-0.01,-1,-1,-0.01,-1,-1,-0.01,-1,-1,-0.01,-1,-1
99926009,2026-05-18 11:11:38+05:30,53082.8,0,0.0,0,0.0,0.0,53282.15,53308.4,52783.45,53710.35,0,0.0,0.0,0.0,0.0,-0.01,-1,-1,-0.01,-1,-1,-0.01,-1,-1,-0.01,-1,-1,-0.01,-1,-1,-0.01,-1,-1,-0.01,-1,-1,-0.01,-1,-1,-0.01,-1,-1,-0.01,-1,-1
99926009,2026-05-18 11:11:38+05:30,53081.15,0,0.0,0,0.0,0.0,53282.15,53308.4,52783.45,53710.35,0,0.0,0.0,0.0,0.0,-0.01,-1,-1,-0.01,-1,-1,-0.01,-1,-1,-0.01,-1,-1,-0.01,-1,-1,-0.01,-1,-1,-0.01,-1,-1,-0.01,-1,-1,-0.01,-1,-1,-0.01,-1,-1
99926009,2026-05-18 11:11:39+05:30,53082.95,0,0.0,0,0.0,0.0,53282.15,53308.4,52783.45,53710.35,0,0.0,0.0,0.0,0.0,-0.01,-1,-1,-0.01,-1,-1,-0.01,-1,-1,-0.01,-1,-1,-0.01,-1,-1,-0.01,-1,-1,-0.01,-1,-1,-0.01,-1,-1,-0.01,-1,-1,-0.01,-1,-1
99926009,2026-05-18 11:11:39+05:30,53083.25,0,0.0,0,0.0,0.0,53282.15,53308.4,52783.45,53710.35,0,0.0,0.0,0.0,0.0,-0.01,-1,-1,-0.01,-1,-1,-0.01,-1,-1,-0.01,-1,-1,-0.01,-1,-1,-0.01,-1,-1,-0.01,-1,-1,-0.01,-1,-1,-0.01,-1,-1,-0.01,-1,-1
99926009,2026-05-18 11:11:40+05:30,53086.35,0,0.0,0,0.0,0.0,53282.15,53308.4,52783.45,53710.35,0,0.0,0.0,0.0,0.0,-0.01,-1,-1,-0.01,-1,-1,-0.01,-1,-1,-0.01,-1,-1,-0.01,-1,-1,-0.01,-1,-1,-0.01,-1,-1,-0.01,-1,-1,-0.01,-1,-1,-0.01,-1,-1
99926009,2026-05-18 11:11:40+05:30,53084.05,0,0.0,0,0.0,0.0,53282.15,53308.4,52783.45,53710.35,0,0.0,0.0,0.0,0.0,-0.01,-1,-1,-0.01,-1,-1,-0.01,-1,-1,-0.01,-1,-1,-0.01,-1,-1,-0.01,-1,-1,-0.01,-1,-1,-0.01,-1,-1,-0.01,-1,-1,-0.01,-1,-1
99926009,2026-05-18 11:11:41+05:30,53084.2,0,0.0,0,0.0,0.0,53282.15,53308.4,52783.45,53710.35,0,0.0,0.0,0.0,0.0,-0.01,-1,-1,-0.01,-1,-1,-0.01,-1,-1,-0.01,-1,-1,-0.01,-1,-1,-0.01,-1,-1,-0.01,-1,-1,-0.01,-1,-1,-0.01,-1,-1,-0.01,-1,-1
99926009,2026-05-18 11:11:41+05:30,53088.2,0,0.0,0,0.0,0.0,53282.15,53308.4,52783.45,53710.35,0,0.0,0.0,0.0,0.0,-0.01,-1,-1,-0.01,-1,-1,-0.01,-1,-1,-0.01,-1,-1,-0.01,-1,-1,-0.01,-1,-1,-0.01,-1,-1,-0.01,-1,-1,-0.01,-1,-1,-0.01,-1,-1
99926009,2026-05-18 11:11:42+05:30,53090.95,0,0.0,0,0.0,0.0,53282.15,53308.4,52783.45,53710.35,0,0.0,0.0,0.0,0.0,-0.01,-1,-1,-0.01,-1,-1,-0.01,-1,-1,-0.01,-1,-1,-0.01,-1,-1,-0.01,-1,-1,-0.01,-1,-1,-0.01,-1,-1,-0.01,-1,-1,-0.01,-1,-1
99926009,2026-05-18 11:11:42+05:30,53090.35,0,0.0,0,0.0,0.0,53282.15,53308.4,52783.45,53710.35,0,0.0,0.0,0.0,0.0,-0.01,-1,-1,-0.01,-1,-1,-0.01,-1,-1,-0.01,-1,-1,-0.01,-1,-1,-0.01,-1,-1,-0.01,-1,-1,-0.01,-1,-1,-0.01,-1,-1,-0.01,-1,-1
99926009,2026-05-18 11:11:43+05:30,53086.15,0,0.0,0,0.0,0.0,53282.15,53308.4,52783.45,53710.35,0,0.0,0.0,0.0,0.0,-0.01,-1,-1,-0.01,-1,-1,-0.01,-1,-1,-0.01,-1,-1,-0.01,-1,-1,-0.01,-1,-1,-0.01,-1,-1,-0.01,-1,-1,-0.01,-1,-1,-0.01,-1,-1
99926009,2026-05-18 11:11:43+05:30,53088.5,0,0.0,0,0.0,0.0,53282.15,53308.4,52783.45,53710.35,0,0.0,0.0,0.0,0.0,-0.01,-1,-1,-0.01,-1,-1,-0.01,-1,-1,-0.01,-1,-1,-0.01,-1,-1,-0.01,-1,-1,-0.01,-1,-1,-0.01,-1,-1,-0.01,-1,-1,-0.01,-1,-1
99926009,2026-05-18 11:11:44+05:30,53089.0,0,0.0,0,0.0,0.0,53282.15,53308.4,52783.45,53710.35,0,0.0,0.0,0.0,0.0,-0.01,-1,-1,-0.01,-1,-1,-0.01,-1,-1,-0.01,-1,-1,-0.01,-1,-1,-0.01,-1,-1,-0.01,-1,-1,-0.01,-1,-1,-0.01,-1,-1,-0.01,-1,-1
99926009,2026-05-18 11:11:44+05:30,53086.9,0,0.0,0,0.0,0.0,53282.15,53308.4,52783.45,53710.35,0,0.0,0.0,0.0,0.0,-0.01,-1,-1,-0.01,-1,-1,-0.01,-1,-1,-0.01,-1,-1,-0.01,-1,-1,-0.01,-1,-1,-0.01,-1,-1,-0.01,-1,-1,-0.01,-1,-1,-0.01,-1,-1
99926009,2026-05-18 11:11:45+05:30,53086.55,0,0.0,0,0.0,0.0,53282.15,53308.4,52783.45,53710.35,0,0.0,0.0,0.0,0.0,-0.01,-1,-1,-0.01,-1,-1,-0.01,-1,-1,-0.01,-1,-1,-0.01,-1,-1,-0.01,-1,-1,-0.01,-1,-1,-0.01,-1,-1,-0.01,-1,-1,-0.01,-1,-1
99926009,2026-05-18 11:11:45+05:30,53085.8,0,0.0,0,0.0,0.0,53282.15,53308.4,52783.45,53710.35,0,0.0,0.0,0.0,0.0,-0.01,-1,-1,-0.01,-1,-1,-0.01,-1,-1,-0.01,-1,-1,-0.01,-1,-1,-0.01,-1,-1,-0.01,-1,-1,-0.01,-1,-1,-0.01,-1,-1,-0.01,-1,-1
99926009,2026-05-18 11:11:46+05:30,53087.9,0,0.0,0,0.0,0.0,53282.15,53308.4,52783.45,53710.35,0,0.0,0.0,0.0,0.0,-0.01,-1,-1,-0.01,-1,-1,-0.01,-1,-1,-0.01,-1,-1,-0.01,-1,-1,-0.01,-1,-1,-0.01,-1,-1,-0.01,-1,-1,-0.01,-1,-1,-0.01,-1,-1
99926009,2026-05-18 11:11:46+05:30,53085.4,0,0.0,0,0.0,0.0,53282.15,53308.4,52783.45,53710.35,0,0.0,0.0,0.0,0.0,-0.01,-1,-1,-0.01,-1,-1,-0.01,-1,-1,-0.01,-1,-1,-0.01,-1,-1,-0.01,-1,-1,-0.01,-1,-1,-0.01,-1,-1,-0.01,-1,-1,-0.01,-1,-1
99926009,2026-05-18 11:11:47+05:30,53086.55,0,0.0,0,0.0,0.0,53282.15,53308.4,52783.45,53710.35,0,0.0,0.0,0.0,0.0,-0.01,-1,-1,-0.01,-1,-1,-0.01,-1,-1,-0.01,-1,-1,-0.01,-1,-1,-0.01,-1,-1,-0.01,-1,-1,-0.01,-1,-1,-0.01,-1,-1,-0.01,-1,-1
99926009,2026-05-18 11:11:47+05:30,53084.95,0,0.0,0,0.0,0.0,53282.15,53308.4,52783.45,53710.35,0,0.0,0.0,0.0,0.0,-0.01,-1,-1,-0.01,-1,-1,-0.01,-1,-1,-0.01,-1,-1,-0.01,-1,-1,-0.01,-1,-1,-0.01,-1,-1,-0.01,-1,-1,-0.01,-1,-1,-0.01,-1,-1
99926009,2026-05-18 11:11:48+05:30,53088.0,0,0.0,0,0.0,0.0,53282.15,53308.4,52783.45,53710.35,0,0.0,0.0,0.0,0.0,-0.01,-1,-1,-0.01,-1,-1,-0.01,-1,-1,-0.01,-1,-1,-0.01,-1,-1,-0.01,-1,-1,-0.01,-1,-1,-0.01,-1,-1,-0.01,-1,-1,-0.01,-1,-1
99926009,2026-05-18 11:11:48+05:30,53087.3,0,0.0,0,0.0,0.0,53282.15,53308.4,52783.45,53710.35,0,0.0,0.0,0.0,0.0,-0.01,-1,-1,-0.01,-1,-1,-0.01,-1,-1,-0.01,-1,-1,-0.01,-1,-1,-0.01,-1,-1,-0.01,-1,-1,-0.01,-1,-1,-0.01,-1,-1,-0.01,-1,-1
99926009,2026-05-18 11:11:49+05:30,53088.15,0,0.0,0,0.0,0.0,53282.15,53308.4,52783.45,53710.35,0,0.0,0.0,0.0,0.0,-0.01,-1,-1,-0.01,-1,-1,-0.01,-1,-1,-0.01,-1,-1,-0.01,-1,-1,-0.01,-1,-1,-0.01,-1,-1,-0.01,-1,-1,-0.01,-1,-1,-0.01,-1,-1
99926009,2026-05-18 11:11:49+05:30,53085.75,0,0.0,0,0.0,0.0,53282.15,53308.4,52783.45,53710.35,0,0.0,0.0,0.0,0.0,-0.01,-1,-1,-0.01,-1,-1,-0.01,-1,-1,-0.01,-1,-1,-0.01,-1,-1,-0.01,-1,-1,-0.01,-1,-1,-0.01,-1,-1,-0.01,-1,-1,-0.01,-1,-1
99926009,2026-05-18 11:11:50+05:30,53085.6,0,0.0,0,0.0,0.0,53282.15,53308.4,52783.45,53710.35,0,0.0,0.0,0.0,0.0,-0.01,-1,-1,-0.01,-1,-1,-0.01,-1,-1,-0.01,-1,-1,-0.01,-1,-1,-0.01,-1,-1,-0.01,-1,-1,-0.01,-1,-1,-0.01,-1,-1,-0.01,-1,-1
99926009,2026-05-18 11:11:50+05:30,53087.65,0,0.0,0,0.0,0.0,53282.15,53308.4,52783.45,53710.35,0,0.0,0.0,0.0,0.0,-0.01,-1,-1,-0.01,-1,-1,-0.01,-1,-1,-0.01,-1,-1,-0.01,-1,-1,-0.01,-1,-1,-0.01,-1,-1,-0.01,-1,-1,-0.01,-1,-1,-0.01,-1,-1
99926009,2026-05-18 11:11:51+05:30,53086.3,0,0.0,0,0.0,0.0,53282.15,53308.4,52783.45,53710.35,0,0.0,0.0,0.0,0.0,-0.01,-1,-1,-0.01,-1,-1,-0.01,-1,-1,-0.01,-1,-1,-0.01,-1,-1,-0.01,-1,-1,-0.01,-1,-1,-0.01,-1,-1,-0.01,-1,-1,-0.01,-1,-1
99926009,2026-05-18 11:11:51+05:30,53083.85,0,0.0,0,0.0,0.0,53282.15,53308.4,52783.45,53710.35,0,0.0,0.0,0.0,0.0,-0.01,-1,-1,-0.01,-1,-1,-0.01,-1,-1,-0.01,-1,-1,-0.01,-1,-1,-0.01,-1,-1,-0.01,-1,-1,-0.01,-1,-1,-0.01,-1,-1,-0.01,-1,-1
99926009,2026-05-18 11:11:52+05:30,53083.35,0,0.0,0,0.0,0.0,53282.15,53308.4,52783.45,53710.35,0,0.0,0.0,0.0,0.0,-0.01,-1,-1,-0.01,-1,-1,-0.01,-1,-1,-0.01,-1,-1,-0.01,-1,-1,-0.01,-1,-1,-0.01,-1,-1,-0.01,-1,-1,-0.01,-1,-1,-0.01,-1,-1
99926009,2026-05-18 11:11:52+05:30,53085.5,0,0.0,0,0.0,0.0,53282.15,53308.4,52783.45,53710.35,0,0.0,0.0,0.0,0.0,-0.01,-1,-1,-0.01,-1,-1,-0.01,-1,-1,-0.01,-1,-1,-0.01,-1,-1,-0.01,-1,-1,-0.01,-1,-1,-0.01,-1,-1,-0.01,-1,-1,-0.01,-1,-1
99926009,2026-05-18 11:11:53+05:30,53085.7,0,0.0,0,0.0,0.0,53282.15,53308.4,52783.45,53710.35,0,0.0,0.0,0.0,0.0,-0.01,-1,-1,-0.01,-1,-1,-0.01,-1,-1,-0.01,-1,-1,-0.01,-1,-1,-0.01,-1,-1,-0.01,-1,-1,-0.01,-1,-1,-0.01,-1,-1,-0.01,-1,-1
99926009,2026-05-18 11:11:53+05:30,53083.9,0,0.0,0,0.0,0.0,53282.15,53308.4,52783.45,53710.35,0,0.0,0.0,0.0,0.0,-0.01,-1,-1,-0.01,-1,-1,-0.01,-1,-1,-0.01,-1,-1,-0.01,-1,-1,-0.01,-1,-1,-0.01,-1,-1,-0.01,-1,-1,-0.01,-1,-1,-0.01,-1,-1
99926009,2026-05-18 11:11:54+05:30,53083.3,0,0.0,0,0.0,0.0,53282.15,53308.4,52783.45,53710.35,0,0.0,0.0,0.0,0.0,-0.01,-1,-1,-0.01,-1,-1,-0.01,-1,-1,-0.01,-1,-1,-0.01,-1,-1,-0.01,-1,-1,-0.01,-1,-1,-0.01,-1,-1,-0.01,-1,-1,-0.01,-1,-1
99926009,2026-05-18 11:11:54+05:30,53082.75,0,0.0,0,0.0,0.0,53282.15,53308.4,52783.45,53710.35,0,0.0,0.0,0.0,0.0,-0.01,-1,-1,-0.01,-1,-1,-0.01,-1,-1,-0.01,-1,-1,-0.01,-1,-1,-0.01,-1,-1,-0.01,-1,-1,-0.01,-1,-1,-0.01,-1,-1,-0.01,-1,-1
99926009,2026-05-18 11:11:55+05:30,53083.3,0,0.0,0,0.0,0.0,53282.15,53308.4,52783.45,53710.35,0,0.0,0.0,0.0,0.0,-0.01,-1,-1,-0.01,-1,-1,-0.01,-1,-1,-0.01,-1,-1,-0.01,-1,-1,-0.01,-1,-1,-0.01,-1,-1,-0.01,-1,-1,-0.01,-1,-1,-0.01,-1,-1
99926009,2026-05-18 11:11:55+05:30,53084.15,0,0.0,0,0.0,0.0,53282.15,53308.4,52783.45,53710.35,0,0.0,0.0,0.0,0.0,-0.01,-1,-1,-0.01,-1,-1,-0.01,-1,-1,-0.01,-1,-1,-0.01,-1,-1,-0.01,-1,-1,-0.01,-1,-1,-0.01,-1,-1,-0.01,-1,-1,-0.01,-1,-1
99926009,2026-05-18 11:11:56+05:30,53081.8,0,0.0,0,0.0,0.0,53282.15,53308.4,52783.45,53710.35,0,0.0,0.0,0.0,0.0,-0.01,-1,-1,-0.01,-1,-1,-0.01,-1,-1,-0.01,-1,-1,-0.01,-1,-1,-0.01,-1,-1,-0.01,-1,-1,-0.01,-1,-1,-0.01,-1,-1,-0.01,-1,-1
99926009,2026-05-18 11:11:56+05:30,53080.55,0,0.0,0,0.0,0.0,53282.15,53308.4,52783.45,53710.35,0,0.0,0.0,0.0,0.0,-0.01,-1,-1,-0.01,-1,-1,-0.01,-1,-1,-0.01,-1,-1,-0.01,-1,-1,-0.01,-1,-1,-0.01,-1,-1,-0.01,-1,-1,-0.01,-1,-1,-0.01,-1,-1
99926009,2026-05-18 11:11:57+05:30,53080.65,0,0.0,0,0.0,0.0,53282.15,53308.4,52783.45,53710.35,0,0.0,0.0,0.0,0.0,-0.01,-1,-1,-0.01,-1,-1,-0.01,-1,-1,-0.01,-1,-1,-0.01,-1,-1,-0.01,-1,-1,-0.01,-1,-1,-0.01,-1,-1,-0.01,-1,-1,-0.01,-1,-1
99926009,2026-05-18 11:11:57+05:30,53080.35,0,0.0,0,0.0,0.0,53282.15,53308.4,52783.45,53710.35,0,0.0,0.0,0.0,0.0,-0.01,-1,-1,-0.01,-1,-1,-0.01,-1,-1,-0.01,-1,-1,-0.01,-1,-1,-0.01,-1,-1,-0.01,-1,-1,-0.01,-1,-1,-0.01,-1,-1,-0.01,-1,-1
99926009,2026-05-18 11:11:58+05:30,53080.95,0,0.0,0,0.0,0.0,53282.15,53308.4,52783.45,53710.35,0,0.0,0.0,0.0,0.0,-0.01,-1,-1,-0.01,-1,-1,-0.01,-1,-1,-0.01,-1,-1,-0.01,-1,-1,-0.01,-1,-1,-0.01,-1,-1,-0.01,-1,-1,-0.01,-1,-1,-0.01,-1,-1
99926009,2026-05-18 11:11:58+05:30,53080.8,0,0.0,0,0.0,0.0,53282.15,53308.4,52783.45,53710.35,0,0.0,0.0,0.0,0.0,-0.01,-1,-1,-0.01,-1,-1,-0.01,-1,-1,-0.01,-1,-1,-0.01,-1,-1,-0.01,-1,-1,-0.01,-1,-1,-0.01,-1,-1,-0.01,-1,-1,-0.01,-1,-1
99926009,2026-05-18 11:11:59+05:30,53081.9,0,0.0,0,0.0,0.0,53282.15,53308.4,52783.45,53710.35,0,0.0,0.0,0.0,0.0,-0.01,-1,-1,-0.01,-1,-1,-0.01,-1,-1,-0.01,-1,-1,-0.01,-1,-1,-0.01,-1,-1,-0.01,-1,-1,-0.01,-1,-1,-0.01,-1,-1,-0.01,-1,-1
99926009,2026-05-18 11:11:59+05:30,53083.1,0,0.0,0,0.0,0.0,53282.15,53308.4,52783.45,53710.35,0,0.0,0.0,0.0,0.0,-0.01,-1,-1,-0.01,-1,-1,-0.01,-1,-1,-0.01,-1,-1,-0.01,-1,-1,-0.01,-1,-1,-0.01,-1,-1,-0.01,-1,-1,-0.01,-1,-1,-0.01,-1,-1
99926009,2026-05-18 11:12:00+05:30,53082.3,0,0.0,0,0.0,0.0,53282.15,53308.4,52783.45,53710.35,0,0.0,0.0,0.0,0.0,-0.01,-1,-1,-0.01,-1,-1,-0.01,-1,-1,-0.01,-1,-1,-0.01,-1,-1,-0.01,-1,-1,-0.01,-1,-1,-0.01,-1,-1,-0.01,-1,-1,-0.01,-1,-1
99926009,2026-05-18 11:12:00+05:30,53080.75,0,0.0,0,0.0,0.0,53282.15,53308.4,52783.45,53710.35,0,0.0,0.0,0.0,0.0,-0.01,-1,-1,-0.01,-1,-1,-0.01,-1,-1,-0.01,-1,-1,-0.01,-1,-1,-0.01,-1,-1,-0.01,-1,-1,-0.01,-1,-1,-0.01,-1,-1,-0.01,-1,-1
99926009,2026-05-18 11:12:01+05:30,53083.35,0,0.0,0,0.0,0.0,53282.15,53308.4,52783.45,53710.35,0,0.0,0.0,0.0,0.0,-0.01,-1,-1,-0.01,-1,-1,-0.01,-1,-1,-0.01,-1,-1,-0.01,-1,-1,-0.01,-1,-1,-0.01,-1,-1,-0.01,-1,-1,-0.01,-1,-1,-0.01,-1,-1
99926009,2026-05-18 11:12:01+05:30,53082.05,0,0.0,0,0.0,0.0,53282.15,53308.4,52783.45,53710.35,0,0.0,0.0,0.0,0.0,-0.01,-1,-1,-0.01,-1,-1,-0.01,-1,-1,-0.01,-1,-1,-0.01,-1,-1,-0.01,-1,-1,-0.01,-1,-1,-0.01,-1,-1,-0.01,-1,-1,-0.01,-1,-1
99926009,2026-05-18 11:12:02+05:30,53078.9,0,0.0,0,0.0,0.0,53282.15,53308.4,52783.45,53710.35,0,0.0,0.0,0.0,0.0,-0.01,-1,-1,-0.01,-1,-1,-0.01,-1,-1,-0.01,-1,-1,-0.01,-1,-1,-0.01,-1,-1,-0.01,-1,-1,-0.01,-1,-1,-0.01,-1,-1,-0.01,-1,-1
99926009,2026-05-18 11:12:02+05:30,53081.35,0,0.0,0,0.0,0.0,53282.15,53308.4,52783.45,53710.35,0,0.0,0.0,0.0,0.0,-0.01,-1,-1,-0.01,-1,-1,-0.01,-1,-1,-0.01,-1,-1,-0.01,-1,-1,-0.01,-1,-1,-0.01,-1,-1,-0.01,-1,-1,-0.01,-1,-1,-0.01,-1,-1
99926009,2026-05-18 11:12:03+05:30,53080.8,0,0.0,0,0.0,0.0,53282.15,53308.4,52783.45,53710.35,0,0.0,0.0,0.0,0.0,-0.01,-1,-1,-0.01,-1,-1,-0.01,-1,-1,-0.01,-1,-1,-0.01,-1,-1,-0.01,-1,-1,-0.01,-1,-1,-0.01,-1,-1,-0.01,-1,-1,-0.01,-1,-1
99926009,2026-05-18 11:12:03+05:30,53082.05,0,0.0,0,0.0,0.0,53282.15,53308.4,52783.45,53710.35,0,0.0,0.0,0.0,0.0,-0.01,-1,-1,-0.01,-1,-1,-0.01,-1,-1,-0.01,-1,-1,-0.01,-1,-1,-0.01,-1,-1,-0.01,-1,-1,-0.01,-1,-1,-0.01,-1,-1,-0.01,-1,-1
99926009,2026-05-18 11:12:04+05:30,53080.65,0,0.0,0,0.0,0.0,53282.15,53308.4,52783.45,53710.35,0,0.0,0.0,0.0,0.0,-0.01,-1,-1,-0.01,-1,-1,-0.01,-1,-1,-0.01,-1,-1,-0.01,-1,-1,-0.01,-1,-1,-0.01,-1,-1,-0.01,-1,-1,-0.01,-1,-1,-0.01,-1,-1
99926009,2026-05-18 11:12:04+05:30,53084.7,0,0.0,0,0.0,0.0,53282.15,53308.4,52783.45,53710.35,0,0.0,0.0,0.0,0.0,-0.01,-1,-1,-0.01,-1,-1,-0.01,-1,-1,-0.01,-1,-1,-0.01,-1,-1,-0.01,-1,-1,-0.01,-1,-1,-0.01,-1,-1,-0.01,-1,-1,-0.01,-1,-1
99926009,2026-05-18 11:12:05+05:30,53080.5,0,0.0,0,0.0,0.0,53282.15,53308.4,52783.45,53710.35,0,0.0,0.0,0.0,0.0,-0.01,-1,-1,-0.01,-1,-1,-0.01,-1,-1,-0.01,-1,-1,-0.01,-1,-1,-0.01,-1,-1,-0.01,-1,-1,-0.01,-1,-1,-0.01,-1,-1,-0.01,-1,-1
99926009,2026-05-18 11:12:05+05:30,53083.05,0,0.0,0,0.0,0.0,53282.15,53308.4,52783.45,53710.35,0,0.0,0.0,0.0,0.0,-0.01,-1,-1,-0.01,-1,-1,-0.01,-1,-1,-0.01,-1,-1,-0.01,-1,-1,-0.01,-1,-1,-0.01,-1,-1,-0.01,-1,-1,-0.01,-1,-1,-0.01,-1,-1
99926009,2026-05-18 11:12:06+05:30,53081.8,0,0.0,0,0.0,0.0,53282.15,53308.4,52783.45,53710.35,0,0.0,0.0,0.0,0.0,-0.01,-1,-1,-0.01,-1,-1,-0.01,-1,-1,-0.01,-1,-1,-0.01,-1,-1,-0.01,-1,-1,-0.01,-1,-1,-0.01,-1,-1,-0.01,-1,-1,-0.01,-1,-1
99926009,2026-05-18 11:12:06+05:30,53085.2,0,0.0,0,0.0,0.0,53282.15,53308.4,52783.45,53710.35,0,0.0,0.0,0.0,0.0,-0.01,-1,-1,-0.01,-1,-1,-0.01,-1,-1,-0.01,-1,-1,-0.01,-1,-1,-0.01,-1,-1,-0.01,-1,-1,-0.01,-1,-1,-0.01,-1,-1,-0.01,-1,-1
99926009,2026-05-18 11:12:07+05:30,53081.4,0,0.0,0,0.0,0.0,53282.15,53308.4,52783.45,53710.35,0,0.0,0.0,0.0,0.0,-0.01,-1,-1,-0.01,-1,-1,-0.01,-1,-1,-0.01,-1,-1,-0.01,-1,-1,-0.01,-1,-1,-0.01,-1,-1,-0.01,-1,-1,-0.01,-1,-1,-0.01,-1,-1
99926009,2026-05-18 11:12:07+05:30,53081.0,0,0.0,0,0.0,0.0,53282.15,53308.4,52783.45,53710.35,0,0.0,0.0,0.0,0.0,-0.01,-1,-1,-0.01,-1,-1,-0.01,-1,-1,-0.01,-1,-1,-0.01,-1,-1,-0.01,-1,-1,-0.01,-1,-1,-0.01,-1,-1,-0.01,-1,-1,-0.01,-1,-1
99926009,2026-05-18 11:12:08+05:30,53079.25,0,0.0,0,0.0,0.0,53282.15,53308.4,52783.45,53710.35,0,0.0,0.0,0.0,0.0,-0.01,-1,-1,-0.01,-1,-1,-0.01,-1,-1,-0.01,-1,-1,-0.01,-1,-1,-0.01,-1,-1,-0.01,-1,-1,-0.01,-1,-1,-0.01,-1,-1,-0.01,-1,-1
99926009,2026-05-18 11:12:08+05:30,53077.05,0,0.0,0,0.0,0.0,53282.15,53308.4,52783.45,53710.35,0,0.0,0.0,0.0,0.0,-0.01,-1,-1,-0.01,-1,-1,-0.01,-1,-1,-0.01,-1,-1,-0.01,-1,-1,-0.01,-1,-1,-0.01,-1,-1,-0.01,-1,-1,-0.01,-1,-1,-0.01,-1,-1
99926009,2026-05-18 11:12:09+05:30,53078.45,0,0.0,0,0.0,0.0,53282.15,53308.4,52783.45,53710.35,0,0.0,0.0,0.0,0.0,-0.01,-1,-1,-0.01,-1,-1,-0.01,-1,-1,-0.01,-1,-1,-0.01,-1,-1,-0.01,-1,-1,-0.01,-1,-1,-0.01,-1,-1,-0.01,-1,-1,-0.01,-1,-1
99926009,2026-05-18 11:12:09+05:30,53079.5,0,0.0,0,0.0,0.0,53282.15,53308.4,52783.45,53710.35,0,0.0,0.0,0.0,0.0,-0.01,-1,-1,-0.01,-1,-1,-0.01,-1,-1,-0.01,-1,-1,-0.01,-1,-1,-0.01,-1,-1,-0.01,-1,-1,-0.01,-1,-1,-0.01,-1,-1,-0.01,-1,-1
99926009,2026-05-18 11:12:10+05:30,53079.65,0,0.0,0,0.0,0.0,53282.15,53308.4,52783.45,53710.35,0,0.0,0.0,0.0,0.0,-0.01,-1,-1,-0.01,-1,-1,-0.01,-1,-1,-0.01,-1,-1,-0.01,-1,-1,-0.01,-1,-1,-0.01,-1,-1,-0.01,-1,-1,-0.01,-1,-1,-0.01,-1,-1
99926009,2026-05-18 11:12:10+05:30,53081.6,0,0.0,0,0.0,0.0,53282.15,53308.4,52783.45,53710.35,0,0.0,0.0,0.0,0.0,-0.01,-1,-1,-0.01,-1,-1,-0.01,-1,-1,-0.01,-1,-1,-0.01,-1,-1,-0.01,-1,-1,-0.01,-1,-1,-0.01,-1,-1,-0.01,-1,-1,-0.01,-1,-1
99926009,2026-05-18 11:12:11+05:30,53080.8,0,0.0,0,0.0,0.0,53282.15,53308.4,52783.45,53710.35,0,0.0,0.0,0.0,0.0,-0.01,-1,-1,-0.01,-1,-1,-0.01,-1,-1,-0.01,-1,-1,-0.01,-1,-1,-0.01,-1,-1,-0.01,-1,-1,-0.01,-1,-1,-0.01,-1,-1,-0.01,-1,-1
99926009,2026-05-18 11:12:11+05:30,53082.85,0,0.0,0,0.0,0.0,53282.15,53308.4,52783.45,53710.35,0,0.0,0.0,0.0,0.0,-0.01,-1,-1,-0.01,-1,-1,-0.01,-1,-1,-0.01,-1,-1,-0.01,-1,-1,-0.01,-1,-1,-0.01,-1,-1,-0.01,-1,-1,-0.01,-1,-1,-0.01,-1,-1
99926009,2026-05-18 11:12:12+05:30,53082.1,0,0.0,0,0.0,0.0,53282.15,53308.4,52783.45,53710.35,0,0.0,0.0,0.0,0.0,-0.01,-1,-1,-0.01,-1,-1,-0.01,-1,-1,-0.01,-1,-1,-0.01,-1,-1,-0.01,-1,-1,-0.01,-1,-1,-0.01,-1,-1,-0.01,-1,-1,-0.01,-1,-1
99926009,2026-05-18 11:12:12+05:30,53081.05,0,0.0,0,0.0,0.0,53282.15,53308.4,52783.45,53710.35,0,0.0,0.0,0.0,0.0,-0.01,-1,-1,-0.01,-1,-1,-0.01,-1,-1,-0.01,-1,-1,-0.01,-1,-1,-0.01,-1,-1,-0.01,-1,-1,-0.01,-1,-1,-0.01,-1,-1,-0.01,-1,-1
99926009,2026-05-18 11:12:13+05:30,53080.7,0,0.0,0,0.0,0.0,53282.15,53308.4,52783.45,53710.35,0,0.0,0.0,0.0,0.0,-0.01,-1,-1,-0.01,-1,-1,-0.01,-1,-1,-0.01,-1,-1,-0.01,-1,-1,-0.01,-1,-1,-0.01,-1,-1,-0.01,-1,-1,-0.01,-1,-1,-0.01,-1,-1
99926009,2026-05-18 11:12:13+05:30,53081.15,0,0.0,0,0.0,0.0,53282.15,53308.4,52783.45,53710.35,0,0.0,0.0,0.0,0.0,-0.01,-1,-1,-0.01,-1,-1,-0.01,-1,-1,-0.01,-1,-1,-0.01,-1,-1,-0.01,-1,-1,-0.01,-1,-1,-0.01,-1,-1,-0.01,-1,-1,-0.01,-1,-1
99926009,2026-05-18 11:12:14+05:30,53080.65,0,0.0,0,0.0,0.0,53282.15,53308.4,52783.45,53710.35,0,0.0,0.0,0.0,0.0,-0.01,-1,-1,-0.01,-1,-1,-0.01,-1,-1,-0.01,-1,-1,-0.01,-1,-1,-0.01,-1,-1,-0.01,-1,-1,-0.01,-1,-1,-0.01,-1,-1,-0.01,-1,-1
99926009,2026-05-18 11:12:14+05:30,53083.2,0,0.0,0,0.0,0.0,53282.15,53308.4,52783.45,53710.35,0,0.0,0.0,0.0,0.0,-0.01,-1,-1,-0.01,-1,-1,-0.01,-1,-1,-0.01,-1,-1,-0.01,-1,-1,-0.01,-1,-1,-0.01,-1,-1,-0.01,-1,-1,-0.01,-1,-1,-0.01,-1,-1
99926009,2026-05-18 11:12:15+05:30,53081.35,0,0.0,0,0.0,0.0,53282.15,53308.4,52783.45,53710.35,0,0.0,0.0,0.0,0.0,-0.01,-1,-1,-0.01,-1,-1,-0.01,-1,-1,-0.01,-1,-1,-0.01,-1,-1,-0.01,-1,-1,-0.01,-1,-1,-0.01,-1,-1,-0.01,-1,-1,-0.01,-1,-1
99926009,2026-05-18 11:12:15+05:30,53082.45,0,0.0,0,0.0,0.0,53282.15,53308.4,52783.45,53710.35,0,0.0,0.0,0.0,0.0,-0.01,-1,-1,-0.01,-1,-1,-0.01,-1,-1,-0.01,-1,-1,-0.01,-1,-1,-0.01,-1,-1,-0.01,-1,-1,-0.01,-1,-1,-0.01,-1,-1,-0.01,-1,-1
99926009,2026-05-18 11:12:16+05:30,53082.3,0,0.0,0,0.0,0.0,53282.15,53308.4,52783.45,53710.35,0,0.0,0.0,0.0,0.0,-0.01,-1,-1,-0.01,-1,-1,-0.01,-1,-1,-0.01,-1,-1,-0.01,-1,-1,-0.01,-1,-1,-0.01,-1,-1,-0.01,-1,-1,-0.01,-1,-1,-0.01,-1,-1
99926009,2026-05-18 11:12:16+05:30,53084.45,0,0.0,0,0.0,0.0,53282.15,53308.4,52783.45,53710.35,0,0.0,0.0,0.0,0.0,-0.01,-1,-1,-0.01,-1,-1,-0.01,-1,-1,-0.01,-1,-1,-0.01,-1,-1,-0.01,-1,-1,-0.01,-1,-1,-0.01,-1,-1,-0.01,-1,-1,-0.01,-1,-1
99926009,2026-05-18 11:12:17+05:30,53083.7,0,0.0,0,0.0,0.0,53282.15,53308.4,52783.45,53710.35,0,0.0,0.0,0.0,0.0,-0.01,-1,-1,-0.01,-1,-1,-0.01,-1,-1,-0.01,-1,-1,-0.01,-1,-1,-0.01,-1,-1,-0.01,-1,-1,-0.01,-1,-1,-0.01,-1,-1,-0.01,-1,-1
99926009,2026-05-18 11:12:17+05:30,53084.75,0,0.0,0,0.0,0.0,53282.15,53308.4,52783.45,53710.35,0,0.0,0.0,0.0,0.0,-0.01,-1,-1,-0.01,-1,-1,-0.01,-1,-1,-0.01,-1,-1,-0.01,-1,-1,-0.01,-1,-1,-0.01,-1,-1,-0.01,-1,-1,-0.01,-1,-1,-0.01,-1,-1
99926009,2026-05-18 11:12:18+05:30,53084.0,0,0.0,0,0.0,0.0,53282.15,53308.4,52783.45,53710.35,0,0.0,0.0,0.0,0.0,-0.01,-1,-1,-0.01,-1,-1,-0.01,-1,-1,-0.01,-1,-1,-0.01,-1,-1,-0.01,-1,-1,-0.01,-1,-1,-0.01,-1,-1,-0.01,-1,-1,-0.01,-1,-1
99926009,2026-05-18 11:12:18+05:30,53085.85,0,0.0,0,0.0,0.0,53282.15,53308.4,52783.45,53710.35,0,0.0,0.0,0.0,0.0,-0.01,-1,-1,-0.01,-1,-1,-0.01,-1,-1,-0.01,-1,-1,-0.01,-1,-1,-0.01,-1,-1,-0.01,-1,-1,-0.01,-1,-1,-0.01,-1,-1,-0.01,-1,-1
99926009,2026-05-18 11:12:19+05:30,53084.8,0,0.0,0,0.0,0.0,53282.15,53308.4,52783.45,53710.35,0,0.0,0.0,0.0,0.0,-0.01,-1,-1,-0.01,-1,-1,-0.01,-1,-1,-0.01,-1,-1,-0.01,-1,-1,-0.01,-1,-1,-0.01,-1,-1,-0.01,-1,-1,-0.01,-1,-1,-0.01,-1,-1
99926009,2026-05-18 11:12:19+05:30,53082.3,0,0.0,0,0.0,0.0,53282.15,53308.4,52783.45,53710.35,0,0.0,0.0,0.0,0.0,-0.01,-1,-1,-0.01,-1,-1,-0.01,-1,-1,-0.01,-1,-1,-0.01,-1,-1,-0.01,-1,-1,-0.01,-1,-1,-0.01,-1,-1,-0.01,-1,-1,-0.01,-1,-1
99926009,2026-05-18 11:12:20+05:30,53083.3,0,0.0,0,0.0,0.0,53282.15,53308.4,52783.45,53710.35,0,0.0,0.0,0.0,0.0,-0.01,-1,-1,-0.01,-1,-1,-0.01,-1,-1,-0.01,-1,-1,-0.01,-1,-1,-0.01,-1,-1,-0.01,-1,-1,-0.01,-1,-1,-0.01,-1,-1,-0.01,-1,-1
99926009,2026-05-18 11:12:20+05:30,53085.3,0,0.0,0,0.0,0.0,53282.15,53308.4,52783.45,53710.35,0,0.0,0.0,0.0,0.0,-0.01,-1,-1,-0.01,-1,-1,-0.01,-1,-1,-0.01,-1,-1,-0.01,-1,-1,-0.01,-1,-1,-0.01,-1,-1,-0.01,-1,-1,-0.01,-1,-1,-0.01,-1,-1
99926009,2026-05-18 11:12:21+05:30,53082.05,0,0.0,0,0.0,0.0,53282.15,53308.4,52783.45,53710.35,0,0.0,0.0,0.0,0.0,-0.01,-1,-1,-0.01,-1,-1,-0.01,-1,-1,-0.01,-1,-1,-0.01,-1,-1,-0.01,-1,-1,-0.01,-1,-1,-0.01,-1,-1,-0.01,-1,-1,-0.01,-1,-1
99926009,2026-05-18 11:12:21+05:30,53086.6,0,0.0,0,0.0,0.0,53282.15,53308.4,52783.45,53710.35,0,0.0,0.0,0.0,0.0,-0.01,-1,-1,-0.01,-1,-1,-0.01,-1,-1,-0.01,-1,-1,-0.01,-1,-1,-0.01,-1,-1,-0.01,-1,-1,-0.01,-1,-1,-0.01,-1,-1,-0.01,-1,-1
99926009,2026-05-18 11:12:22+05:30,53086.4,0,0.0,0,0.0,0.0,53282.15,53308.4,52783.45,53710.35,0,0.0,0.0,0.0,0.0,-0.01,-1,-1,-0.01,-1,-1,-0.01,-1,-1,-0.01,-1,-1,-0.01,-1,-1,-0.01,-1,-1,-0.01,-1,-1,-0.01,-1,-1,-0.01,-1,-1,-0.01,-1,-1
99926009,2026-05-18 11:12:22+05:30,53082.4,0,0.0,0,0.0,0.0,53282.15,53308.4,52783.45,53710.35,0,0.0,0.0,0.0,0.0,-0.01,-1,-1,-0.01,-1,-1,-0.01,-1,-1,-0.01,-1,-1,-0.01,-1,-1,-0.01,-1,-1,-0.01,-1,-1,-0.01,-1,-1,-0.01,-1,-1,-0.01,-1,-1
99926009,2026-05-18 11:12:23+05:30,53083.15,0,0.0,0,0.0,0.0,53282.15,53308.4,52783.45,53710.35,0,0.0,0.0,0.0,0.0,-0.01,-1,-1,-0.01,-1,-1,-0.01,-1,-1,-0.01,-1,-1,-0.01,-1,-1,-0.01,-1,-1,-0.01,-1,-1,-0.01,-1,-1,-0.01,-1,-1,-0.01,-1,-1
99926009,2026-05-18 11:12:23+05:30,53084.0,0,0.0,0,0.0,0.0,53282.15,53308.4,52783.45,53710.35,0,0.0,0.0,0.0,0.0,-0.01,-1,-1,-0.01,-1,-1,-0.01,-1,-1,-0.01,-1,-1,-0.01,-1,-1,-0.01,-1,-1,-0.01,-1,-1,-0.01,-1,-1,-0.01,-1,-1,-0.01,-1,-1
99926009,2026-05-18 11:12:24+05:30,53083.0,0,0.0,0,0.0,0.0,53282.15,53308.4,52783.45,53710.35,0,0.0,0.0,0.0,0.0,-0.01,-1,-1,-0.01,-1,-1,-0.01,-1,-1,-0.01,-1,-1,-0.01,-1,-1,-0.01,-1,-1,-0.01,-1,-1,-0.01,-1,-1,-0.01,-1,-1,-0.01,-1,-1
99926009,2026-05-18 11:12:24+05:30,53084.1,0,0.0,0,0.0,0.0,53282.15,53308.4,52783.45,53710.35,0,0.0,0.0,0.0,0.0,-0.01,-1,-1,-0.01,-1,-1,-0.01,-1,-1,-0.01,-1,-1,-0.01,-1,-1,-0.01,-1,-1,-0.01,-1,-1,-0.01,-1,-1,-0.01,-1,-1,-0.01,-1,-1
99926009,2026-05-18 11:12:25+05:30,53083.45,0,0.0,0,0.0,0.0,53282.15,53308.4,52783.45,53710.35,0,0.0,0.0,0.0,0.0,-0.01,-1,-1,-0.01,-1,-1,-0.01,-1,-1,-0.01,-1,-1,-0.01,-1,-1,-0.01,-1,-1,-0.01,-1,-1,-0.01,-1,-1,-0.01,-1,-1,-0.01,-1,-1
99926009,2026-05-18 11:12:25+05:30,53084.85,0,0.0,0,0.0,0.0,53282.15,53308.4,52783.45,53710.35,0,0.0,0.0,0.0,0.0,-0.01,-1,-1,-0.01,-1,-1,-0.01,-1,-1,-0.01,-1,-1,-0.01,-1,-1,-0.01,-1,-1,-0.01,-1,-1,-0.01,-1,-1,-0.01,-1,-1,-0.01,-1,-1
99926009,2026-05-18 11:12:26+05:30,53084.1,0,0.0,0,0.0,0.0,53282.15,53308.4,52783.45,53710.35,0,0.0,0.0,0.0,0.0,-0.01,-1,-1,-0.01,-1,-1,-0.01,-1,-1,-0.01,-1,-1,-0.01,-1,-1,-0.01,-1,-1,-0.01,-1,-1,-0.01,-1,-1,-0.01,-1,-1,-0.01,-1,-1
99926009,2026-05-18 11:12:26+05:30,53085.6,0,0.0,0,0.0,0.0,53282.15,53308.4,52783.45,53710.35,0,0.0,0.0,0.0,0.0,-0.01,-1,-1,-0.01,-1,-1,-0.01,-1,-1,-0.01,-1,-1,-0.01,-1,-1,-0.01,-1,-1,-0.01,-1,-1,-0.01,-1,-1,-0.01,-1,-1,-0.01,-1,-1
99926009,2026-05-18 11:12:27+05:30,53081.5,0,0.0,0,0.0,0.0,53282.15,53308.4,52783.45,53710.35,0,0.0,0.0,0.0,0.0,-0.01,-1,-1,-0.01,-1,-1,-0.01,-1,-1,-0.01,-1,-1,-0.01,-1,-1,-0.01,-1,-1,-0.01,-1,-1,-0.01,-1,-1,-0.01,-1,-1,-0.01,-1,-1
99926009,2026-05-18 11:12:27+05:30,53082.55,0,0.0,0,0.0,0.0,53282.15,53308.4,52783.45,53710.35,0,0.0,0.0,0.0,0.0,-0.01,-1,-1,-0.01,-1,-1,-0.01,-1,-1,-0.01,-1,-1,-0.01,-1,-1,-0.01,-1,-1,-0.01,-1,-1,-0.01,-1,-1,-0.01,-1,-1,-0.01,-1,-1
99926009,2026-05-18 11:12:28+05:30,53084.45,0,0.0,0,0.0,0.0,53282.15,53308.4,52783.45,53710.35,0,0.0,0.0,0.0,0.0,-0.01,-1,-1,-0.01,-1,-1,-0.01,-1,-1,-0.01,-1,-1,-0.01,-1,-1,-0.01,-1,-1,-0.01,-1,-1,-0.01,-1,-1,-0.01,-1,-1,-0.01,-1,-1
99926009,2026-05-18 11:12:28+05:30,53084.25,0,0.0,0,0.0,0.0,53282.15,53308.4,52783.45,53710.35,0,0.0,0.0,0.0,0.0,-0.01,-1,-1,-0.01,-1,-1,-0.01,-1,-1,-0.01,-1,-1,-0.01,-1,-1,-0.01,-1,-1,-0.01,-1,-1,-0.01,-1,-1,-0.01,-1,-1,-0.01,-1,-1
99926009,2026-05-18 11:12:29+05:30,53084.45,0,0.0,0,0.0,0.0,53282.15,53308.4,52783.45,53710.35,0,0.0,0.0,0.0,0.0,-0.01,-1,-1,-0.01,-1,-1,-0.01,-1,-1,-0.01,-1,-1,-0.01,-1,-1,-0.01,-1,-1,-0.01,-1,-1,-0.01,-1,-1,-0.01,-1,-1,-0.01,-1,-1
99926009,2026-05-18 11:12:29+05:30,53086.0,0,0.0,0,0.0,0.0,53282.15,53308.4,52783.45,53710.35,0,0.0,0.0,0.0,0.0,-0.01,-1,-1,-0.01,-1,-1,-0.01,-1,-1,-0.01,-1,-1,-0.01,-1,-1,-0.01,-1,-1,-0.01,-1,-1,-0.01,-1,-1,-0.01,-1,-1,-0.01,-1,-1
99926009,2026-05-18 11:12:30+05:30,53085.05,0,0.0,0,0.0,0.0,53282.15,53308.4,52783.45,53710.35,0,0.0,0.0,0.0,0.0,-0.01,-1,-1,-0.01,-1,-1,-0.01,-1,-1,-0.01,-1,-1,-0.01,-1,-1,-0.01,-1,-1,-0.01,-1,-1,-0.01,-1,-1,-0.01,-1,-1,-0.01,-1,-1
99926009,2026-05-18 11:12:30+05:30,53085.6,0,0.0,0,0.0,0.0,53282.15,53308.4,52783.45,53710.35,0,0.0,0.0,0.0,0.0,-0.01,-1,-1,-0.01,-1,-1,-0.01,-1,-1,-0.01,-1,-1,-0.01,-1,-1,-0.01,-1,-1,-0.01,-1,-1,-0.01,-1,-1,-0.01,-1,-1,-0.01,-1,-1
99926009,2026-05-18 11:12:31+05:30,53086.35,0,0.0,0,0.0,0.0,53282.15,53308.4,52783.45,53710.35,0,0.0,0.0,0.0,0.0,-0.01,-1,-1,-0.01,-1,-1,-0.01,-1,-1,-0.01,-1,-1,-0.01,-1,-1,-0.01,-1,-1,-0.01,-1,-1,-0.01,-1,-1,-0.01,-1,-1,-0.01,-1,-1
99926009,2026-05-18 11:12:31+05:30,53089.6,0,0.0,0,0.0,0.0,53282.15,53308.4,52783.45,53710.35,0,0.0,0.0,0.0,0.0,-0.01,-1,-1,-0.01,-1,-1,-0.01,-1,-1,-0.01,-1,-1,-0.01,-1,-1,-0.01,-1,-1,-0.01,-1,-1,-0.01,-1,-1,-0.01,-1,-1,-0.01,-1,-1
99926009,2026-05-18 11:12:32+05:30,53086.5,0,0.0,0,0.0,0.0,53282.15,53308.4,52783.45,53710.35,0,0.0,0.0,0.0,0.0,-0.01,-1,-1,-0.01,-1,-1,-0.01,-1,-1,-0.01,-1,-1,-0.01,-1,-1,-0.01,-1,-1,-0.01,-1,-1,-0.01,-1,-1,-0.01,-1,-1,-0.01,-1,-1
99926009,2026-05-18 11:12:32+05:30,53087.8,0,0.0,0,0.0,0.0,53282.15,53308.4,52783.45,53710.35,0,0.0,0.0,0.0,0.0,-0.01,-1,-1,-0.01,-1,-1,-0.01,-1,-1,-0.01,-1,-1,-0.01,-1,-1,-0.01,-1,-1,-0.01,-1,-1,-0.01,-1,-1,-0.01,-1,-1,-0.01,-1,-1
99926009,2026-05-18 11:12:33+05:30,53089.35,0,0.0,0,0.0,0.0,53282.15,53308.4,52783.45,53710.35,0,0.0,0.0,0.0,0.0,-0.01,-1,-1,-0.01,-1,-1,-0.01,-1,-1,-0.01,-1,-1,-0.01,-1,-1,-0.01,-1,-1,-0.01,-1,-1,-0.01,-1,-1,-0.01,-1,-1,-0.01,-1,-1
99926009,2026-05-18 11:12:33+05:30,53089.9,0,0.0,0,0.0,0.0,53282.15,53308.4,52783.45,53710.35,0,0.0,0.0,0.0,0.0,-0.01,-1,-1,-0.01,-1,-1,-0.01,-1,-1,-0.01,-1,-1,-0.01,-1,-1,-0.01,-1,-1,-0.01,-1,-1,-0.01,-1,-1,-0.01,-1,-1,-0.01,-1,-1
99926009,2026-05-18 11:12:34+05:30,53087.45,0,0.0,0,0.0,0.0,53282.15,53308.4,52783.45,53710.35,0,0.0,0.0,0.0,0.0,-0.01,-1,-1,-0.01,-1,-1,-0.01,-1,-1,-0.01,-1,-1,-0.01,-1,-1,-0.01,-1,-1,-0.01,-1,-1,-0.01,-1,-1,-0.01,-1,-1,-0.01,-1,-1
99926009,2026-05-18 11:12:34+05:30,53088.0,0,0.0,0,0.0,0.0,53282.15,53308.4,52783.45,53710.35,0,0.0,0.0,0.0,0.0,-0.01,-1,-1,-0.01,-1,-1,-0.01,-1,-1,-0.01,-1,-1,-0.01,-1,-1,-0.01,-1,-1,-0.01,-1,-1,-0.01,-1,-1,-0.01,-1,-1,-0.01,-1,-1
99926009,2026-05-18 11:12:35+05:30,53088.3,0,0.0,0,0.0,0.0,53282.15,53308.4,52783.45,53710.35,0,0.0,0.0,0.0,0.0,-0.01,-1,-1,-0.01,-1,-1,-0.01,-1,-1,-0.01,-1,-1,-0.01,-1,-1,-0.01,-1,-1,-0.01,-1,-1,-0.01,-1,-1,-0.01,-1,-1,-0.01,-1,-1
99926009,2026-05-18 11:12:35+05:30,53090.0,0,0.0,0,0.0,0.0,53282.15,53308.4,52783.45,53710.35,0,0.0,0.0,0.0,0.0,-0.01,-1,-1,-0.01,-1,-1,-0.01,-1,-1,-0.01,-1,-1,-0.01,-1,-1,-0.01,-1,-1,-0.01,-1,-1,-0.01,-1,-1,-0.01,-1,-1,-0.01,-1,-1
99926009,2026-05-18 11:12:36+05:30,53089.6,0,0.0,0,0.0,0.0,53282.15,53308.4,52783.45,53710.35,0,0.0,0.0,0.0,0.0,-0.01,-1,-1,-0.01,-1,-1,-0.01,-1,-1,-0.01,-1,-1,-0.01,-1,-1,-0.01,-1,-1,-0.01,-1,-1,-0.01,-1,-1,-0.01,-1,-1,-0.01,-1,-1
99926009,2026-05-18 11:12:36+05:30,53089.35,0,0.0,0,0.0,0.0,53282.15,53308.4,52783.45,53710.35,0,0.0,0.0,0.0,0.0,-0.01,-1,-1,-0.01,-1,-1,-0.01,-1,-1,-0.01,-1,-1,-0.01,-1,-1,-0.01,-1,-1,-0.01,-1,-1,-0.01,-1,-1,-0.01,-1,-1,-0.01,-1,-1
99926009,2026-05-18 11:12:37+05:30,53080.35,0,0.0,0,0.0,0.0,53282.15,53308.4,52783.45,53710.35,0,0.0,0.0,0.0,0.0,-0.01,-1,-1,-0.01,-1,-1,-0.01,-1,-1,-0.01,-1,-1,-0.01,-1,-1,-0.01,-1,-1,-0.01,-1,-1,-0.01,-1,-1,-0.01,-1,-1,-0.01,-1,-1
99926009,2026-05-18 11:12:37+05:30,53079.3,0,0.0,0,0.0,0.0,53282.15,53308.4,52783.45,53710.35,0,0.0,0.0,0.0,0.0,-0.01,-1,-1,-0.01,-1,-1,-0.01,-1,-1,-0.01,-1,-1,-0.01,-1,-1,-0.01,-1,-1,-0.01,-1,-1,-0.01,-1,-1,-0.01,-1,-1,-0.01,-1,-1
99926009,2026-05-18 11:12:38+05:30,53073.5,0,0.0,0,0.0,0.0,53282.15,53308.4,52783.45,53710.35,0,0.0,0.0,0.0,0.0,-0.01,-1,-1,-0.01,-1,-1,-0.01,-1,-1,-0.01,-1,-1,-0.01,-1,-1,-0.01,-1,-1,-0.01,-1,-1,-0.01,-1,-1,-0.01,-1,-1,-0.01,-1,-1
99926009,2026-05-18 11:12:38+05:30,53079.5,0,0.0,0,0.0,0.0,53282.15,53308.4,52783.45,53710.35,0,0.0,0.0,0.0,0.0,-0.01,-1,-1,-0.01,-1,-1,-0.01,-1,-1,-0.01,-1,-1,-0.01,-1,-1,-0.01,-1,-1,-0.01,-1,-1,-0.01,-1,-1,-0.01,-1,-1,-0.01,-1,-1
99926009,2026-05-18 11:12:39+05:30,53081.9,0,0.0,0,0.0,0.0,53282.15,53308.4,52783.45,53710.35,0,0.0,0.0,0.0,0.0,-0.01,-1,-1,-0.01,-1,-1,-0.01,-1,-1,-0.01,-1,-1,-0.01,-1,-1,-0.01,-1,-1,-0.01,-1,-1,-0.01,-1,-1,-0.01,-1,-1,-0.01,-1,-1
99926009,2026-05-18 11:12:39+05:30,53083.05,0,0.0,0,0.0,0.0,53282.15,53308.4,52783.45,53710.35,0,0.0,0.0,0.0,0.0,-0.01,-1,-1,-0.01,-1,-1,-0.01,-1,-1,-0.01,-1,-1,-0.01,-1,-1,-0.01,-1,-1,-0.01,-1,-1,-0.01,-1,-1,-0.01,-1,-1,-0.01,-1,-1
99926009,2026-05-18 11:12:40+05:30,53079.9,0,0.0,0,0.0,0.0,53282.15,53308.4,52783.45,53710.35,0,0.0,0.0,0.0,0.0,-0.01,-1,-1,-0.01,-1,-1,-0.01,-1,-1,-0.01,-1,-1,-0.01,-1,-1,-0.01,-1,-1,-0.01,-1,-1,-0.01,-1,-1,-0.01,-1,-1,-0.01,-1,-1
99926009,2026-05-18 11:12:40+05:30,53081.75,0,0.0,0,0.0,0.0,53282.15,53308.4,52783.45,53710.35,0,0.0,0.0,0.0,0.0,-0.01,-1,-1,-0.01,-1,-1,-0.01,-1,-1,-0.01,-1,-1,-0.01,-1,-1,-0.01,-1,-1,-0.01,-1,-1,-0.01,-1,-1,-0.01,-1,-1,-0.01,-1,-1
99926009,2026-05-18 11:12:41+05:30,53080.6,0,0.0,0,0.0,0.0,53282.15,53308.4,52783.45,53710.35,0,0.0,0.0,0.0,0.0,-0.01,-1,-1,-0.01,-1,-1,-0.01,-1,-1,-0.01,-1,-1,-0.01,-1,-1,-0.01,-1,-1,-0.01,-1,-1,-0.01,-1,-1,-0.01,-1,-1,-0.01,-1,-1
99926009,2026-05-18 11:12:41+05:30,53082.55,0,0.0,0,0.0,0.0,53282.15,53308.4,52783.45,53710.35,0,0.0,0.0,0.0,0.0,-0.01,-1,-1,-0.01,-1,-1,-0.01,-1,-1,-0.01,-1,-1,-0.01,-1,-1,-0.01,-1,-1,-0.01,-1,-1,-0.01,-1,-1,-0.01,-1,-1,-0.01,-1,-1
99926009,2026-05-18 11:12:42+05:30,53081.9,0,0.0,0,0.0,0.0,53282.15,53308.4,52783.45,53710.35,0,0.0,0.0,0.0,0.0,-0.01,-1,-1,-0.01,-1,-1,-0.01,-1,-1,-0.01,-1,-1,-0.01,-1,-1,-0.01,-1,-1,-0.01,-1,-1,-0.01,-1,-1,-0.01,-1,-1,-0.01,-1,-1
99926009,2026-05-18 11:12:42+05:30,53084.3,0,0.0,0,0.0,0.0,53282.15,53308.4,52783.45,53710.35,0,0.0,0.0,0.0,0.0,-0.01,-1,-1,-0.01,-1,-1,-0.01,-1,-1,-0.01,-1,-1,-0.01,-1,-1,-0.01,-1,-1,-0.01,-1,-1,-0.01,-1,-1,-0.01,-1,-1,-0.01,-1,-1
99926009,2026-05-18 11:12:43+05:30,53085.65,0,0.0,0,0.0,0.0,53282.15,53308.4,52783.45,53710.35,0,0.0,0.0,0.0,0.0,-0.01,-1,-1,-0.01,-1,-1,-0.01,-1,-1,-0.01,-1,-1,-0.01,-1,-1,-0.01,-1,-1,-0.01,-1,-1,-0.01,-1,-1,-0.01,-1,-1,-0.01,-1,-1
99926009,2026-05-18 11:12:43+05:30,53084.65,0,0.0,0,0.0,0.0,53282.15,53308.4,52783.45,53710.35,0,0.0,0.0,0.0,0.0,-0.01,-1,-1,-0.01,-1,-1,-0.01,-1,-1,-0.01,-1,-1,-0.01,-1,-1,-0.01,-1,-1,-0.01,-1,-1,-0.01,-1,-1,-0.01,-1,-1,-0.01,-1,-1
99926009,2026-05-18 11:12:44+05:30,53084.0,0,0.0,0,0.0,0.0,53282.15,53308.4,52783.45,53710.35,0,0.0,0.0,0.0,0.0,-0.01,-1,-1,-0.01,-1,-1,-0.01,-1,-1,-0.01,-1,-1,-0.01,-1,-1,-0.01,-1,-1,-0.01,-1,-1,-0.01,-1,-1,-0.01,-1,-1,-0.01,-1,-1
99926009,2026-05-18 11:12:44+05:30,53082.75,0,0.0,0,0.0,0.0,53282.15,53308.4,52783.45,53710.35,0,0.0,0.0,0.0,0.0,-0.01,-1,-1,-0.01,-1,-1,-0.01,-1,-1,-0.01,-1,-1,-0.01,-1,-1,-0.01,-1,-1,-0.01,-1,-1,-0.01,-1,-1,-0.01,-1,-1,-0.01,-1,-1
99926009,2026-05-18 11:12:45+05:30,53084.15,0,0.0,0,0.0,0.0,53282.15,53308.4,52783.45,53710.35,0,0.0,0.0,0.0,0.0,-0.01,-1,-1,-0.01,-1,-1,-0.01,-1,-1,-0.01,-1,-1,-0.01,-1,-1,-0.01,-1,-1,-0.01,-1,-1,-0.01,-1,-1,-0.01,-1,-1,-0.01,-1,-1
99926009,2026-05-18 11:12:45+05:30,53086.0,0,0.0,0,0.0,0.0,53282.15,53308.4,52783.45,53710.35,0,0.0,0.0,0.0,0.0,-0.01,-1,-1,-0.01,-1,-1,-0.01,-1,-1,-0.01,-1,-1,-0.01,-1,-1,-0.01,-1,-1,-0.01,-1,-1,-0.01,-1,-1,-0.01,-1,-1,-0.01,-1,-1
99926009,2026-05-18 11:12:46+05:30,53084.7,0,0.0,0,0.0,0.0,53282.15,53308.4,52783.45,53710.35,0,0.0,0.0,0.0,0.0,-0.01,-1,-1,-0.01,-1,-1,-0.01,-1,-1,-0.01,-1,-1,-0.01,-1,-1,-0.01,-1,-1,-0.01,-1,-1,-0.01,-1,-1,-0.01,-1,-1,-0.01,-1,-1
99926009,2026-05-18 11:12:46+05:30,53082.5,0,0.0,0,0.0,0.0,53282.15,53308.4,52783.45,53710.35,0,0.0,0.0,0.0,0.0,-0.01,-1,-1,-0.01,-1,-1,-0.01,-1,-1,-0.01,-1,-1,-0.01,-1,-1,-0.01,-1,-1,-0.01,-1,-1,-0.01,-1,-1,-0.01,-1,-1,-0.01,-1,-1
99926009,2026-05-18 11:12:47+05:30,53083.5,0,0.0,0,0.0,0.0,53282.15,53308.4,52783.45,53710.35,0,0.0,0.0,0.0,0.0,-0.01,-1,-1,-0.01,-1,-1,-0.01,-1,-1,-0.01,-1,-1,-0.01,-1,-1,-0.01,-1,-1,-0.01,-1,-1,-0.01,-1,-1,-0.01,-1,-1,-0.01,-1,-1
99926009,2026-05-18 11:12:47+05:30,53084.65,0,0.0,0,0.0,0.0,53282.15,53308.4,52783.45,53710.35,0,0.0,0.0,0.0,0.0,-0.01,-1,-1,-0.01,-1,-1,-0.01,-1,-1,-0.01,-1,-1,-0.01,-1,-1,-0.01,-1,-1,-0.01,-1,-1,-0.01,-1,-1,-0.01,-1,-1,-0.01,-1,-1
99926009,2026-05-18 11:12:48+05:30,53084.65,0,0.0,0,0.0,0.0,53282.15,53308.4,52783.45,53710.35,0,0.0,0.0,0.0,0.0,-0.01,-1,-1,-0.01,-1,-1,-0.01,-1,-1,-0.01,-1,-1,-0.01,-1,-1,-0.01,-1,-1,-0.01,-1,-1,-0.01,-1,-1,-0.01,-1,-1,-0.01,-1,-1
99926009,2026-05-18 11:12:48+05:30,53081.35,0,0.0,0,0.0,0.0,53282.15,53308.4,52783.45,53710.35,0,0.0,0.0,0.0,0.0,-0.01,-1,-1,-0.01,-1,-1,-0.01,-1,-1,-0.01,-1,-1,-0.01,-1,-1,-0.01,-1,-1,-0.01,-1,-1,-0.01,-1,-1,-0.01,-1,-1,-0.01,-1,-1
99926009,2026-05-18 11:12:49+05:30,53080.3,0,0.0,0,0.0,0.0,53282.15,53308.4,52783.45,53710.35,0,0.0,0.0,0.0,0.0,-0.01,-1,-1,-0.01,-1,-1,-0.01,-1,-1,-0.01,-1,-1,-0.01,-1,-1,-0.01,-1,-1,-0.01,-1,-1,-0.01,-1,-1,-0.01,-1,-1,-0.01,-1,-1
99926009,2026-05-18 11:12:49+05:30,53084.0,0,0.0,0,0.0,0.0,53282.15,53308.4,52783.45,53710.35,0,0.0,0.0,0.0,0.0,-0.01,-1,-1,-0.01,-1,-1,-0.01,-1,-1,-0.01,-1,-1,-0.01,-1,-1,-0.01,-1,-1,-0.01,-1,-1,-0.01,-1,-1,-0.01,-1,-1,-0.01,-1,-1
99926009,2026-05-18 11:12:50+05:30,53084.05,0,0.0,0,0.0,0.0,53282.15,53308.4,52783.45,53710.35,0,0.0,0.0,0.0,0.0,-0.01,-1,-1,-0.01,-1,-1,-0.01,-1,-1,-0.01,-1,-1,-0.01,-1,-1,-0.01,-1,-1,-0.01,-1,-1,-0.01,-1,-1,-0.01,-1,-1,-0.01,-1,-1
99926009,2026-05-18 11:12:50+05:30,53086.6,0,0.0,0,0.0,0.0,53282.15,53308.4,52783.45,53710.35,0,0.0,0.0,0.0,0.0,-0.01,-1,-1,-0.01,-1,-1,-0.01,-1,-1,-0.01,-1,-1,-0.01,-1,-1,-0.01,-1,-1,-0.01,-1,-1,-0.01,-1,-1,-0.01,-1,-1,-0.01,-1,-1
99926009,2026-05-18 11:12:51+05:30,53085.65,0,0.0,0,0.0,0.0,53282.15,53308.4,52783.45,53710.35,0,0.0,0.0,0.0,0.0,-0.01,-1,-1,-0.01,-1,-1,-0.01,-1,-1,-0.01,-1,-1,-0.01,-1,-1,-0.01,-1,-1,-0.01,-1,-1,-0.01,-1,-1,-0.01,-1,-1,-0.01,-1,-1
99926009,2026-05-18 11:12:51+05:30,53086.65,0,0.0,0,0.0,0.0,53282.15,53308.4,52783.45,53710.35,0,0.0,0.0,0.0,0.0,-0.01,-1,-1,-0.01,-1,-1,-0.01,-1,-1,-0.01,-1,-1,-0.01,-1,-1,-0.01,-1,-1,-0.01,-1,-1,-0.01,-1,-1,-0.01,-1,-1,-0.01,-1,-1
99926009,2026-05-18 11:12:52+05:30,53091.65,0,0.0,0,0.0,0.0,53282.15,53308.4,52783.45,53710.35,0,0.0,0.0,0.0,0.0,-0.01,-1,-1,-0.01,-1,-1,-0.01,-1,-1,-0.01,-1,-1,-0.01,-1,-1,-0.01,-1,-1,-0.01,-1,-1,-0.01,-1,-1,-0.01,-1,-1,-0.01,-1,-1
99926009,2026-05-18 11:12:52+05:30,53092.2,0,0.0,0,0.0,0.0,53282.15,53308.4,52783.45,53710.35,0,0.0,0.0,0.0,0.0,-0.01,-1,-1,-0.01,-1,-1,-0.01,-1,-1,-0.01,-1,-1,-0.01,-1,-1,-0.01,-1,-1,-0.01,-1,-1,-0.01,-1,-1,-0.01,-1,-1,-0.01,-1,-1
99926009,2026-05-18 11:12:53+05:30,53092.85,0,0.0,0,0.0,0.0,53282.15,53308.4,52783.45,53710.35,0,0.0,0.0,0.0,0.0,-0.01,-1,-1,-0.01,-1,-1,-0.01,-1,-1,-0.01,-1,-1,-0.01,-1,-1,-0.01,-1,-1,-0.01,-1,-1,-0.01,-1,-1,-0.01,-1,-1,-0.01,-1,-1
99926009,2026-05-18 11:12:53+05:30,53093.75,0,0.0,0,0.0,0.0,53282.15,53308.4,52783.45,53710.35,0,0.0,0.0,0.0,0.0,-0.01,-1,-1,-0.01,-1,-1,-0.01,-1,-1,-0.01,-1,-1,-0.01,-1,-1,-0.01,-1,-1,-0.01,-1,-1,-0.01,-1,-1,-0.01,-1,-1,-0.01,-1,-1
99926009,2026-05-18 11:12:54+05:30,53092.55,0,0.0,0,0.0,0.0,53282.15,53308.4,52783.45,53710.35,0,0.0,0.0,0.0,0.0,-0.01,-1,-1,-0.01,-1,-1,-0.01,-1,-1,-0.01,-1,-1,-0.01,-1,-1,-0.01,-1,-1,-0.01,-1,-1,-0.01,-1,-1,-0.01,-1,-1,-0.01,-1,-1
99926009,2026-05-18 11:12:54+05:30,53092.55,0,0.0,0,0.0,0.0,53282.15,53308.4,52783.45,53710.35,0,0.0,0.0,0.0,0.0,-0.01,-1,-1,-0.01,-1,-1,-0.01,-1,-1,-0.01,-1,-1,-0.01,-1,-1,-0.01,-1,-1,-0.01,-1,-1,-0.01,-1,-1,-0.01,-1,-1,-0.01,-1,-1
99926009,2026-05-18 11:12:55+05:30,53092.25,0,0.0,0,0.0,0.0,53282.15,53308.4,52783.45,53710.35,0,0.0,0.0,0.0,0.0,-0.01,-1,-1,-0.01,-1,-1,-0.01,-1,-1,-0.01,-1,-1,-0.01,-1,-1,-0.01,-1,-1,-0.01,-1,-1,-0.01,-1,-1,-0.01,-1,-1,-0.01,-1,-1
99926009,2026-05-18 11:12:55+05:30,53092.1,0,0.0,0,0.0,0.0,53282.15,53308.4,52783.45,53710.35,0,0.0,0.0,0.0,0.0,-0.01,-1,-1,-0.01,-1,-1,-0.01,-1,-1,-0.01,-1,-1,-0.01,-1,-1,-0.01,-1,-1,-0.01,-1,-1,-0.01,-1,-1,-0.01,-1,-1,-0.01,-1,-1
99926009,2026-05-18 11:12:56+05:30,53091.6,0,0.0,0,0.0,0.0,53282.15,53308.4,52783.45,53710.35,0,0.0,0.0,0.0,0.0,-0.01,-1,-1,-0.01,-1,-1,-0.01,-1,-1,-0.01,-1,-1,-0.01,-1,-1,-0.01,-1,-1,-0.01,-1,-1,-0.01,-1,-1,-0.01,-1,-1,-0.01,-1,-1
99926009,2026-05-18 11:12:56+05:30,53093.6,0,0.0,0,0.0,0.0,53282.15,53308.4,52783.45,53710.35,0,0.0,0.0,0.0,0.0,-0.01,-1,-1,-0.01,-1,-1,-0.01,-1,-1,-0.01,-1,-1,-0.01,-1,-1,-0.01,-1,-1,-0.01,-1,-1,-0.01,-1,-1,-0.01,-1,-1,-0.01,-1,-1
99926009,2026-05-18 11:12:57+05:30,53091.2,0,0.0,0,0.0,0.0,53282.15,53308.4,52783.45,53710.35,0,0.0,0.0,0.0,0.0,-0.01,-1,-1,-0.01,-1,-1,-0.01,-1,-1,-0.01,-1,-1,-0.01,-1,-1,-0.01,-1,-1,-0.01,-1,-1,-0.01,-1,-1,-0.01,-1,-1,-0.01,-1,-1
99926009,2026-05-18 11:12:57+05:30,53091.55,0,0.0,0,0.0,0.0,53282.15,53308.4,52783.45,53710.35,0,0.0,0.0,0.0,0.0,-0.01,-1,-1,-0.01,-1,-1,-0.01,-1,-1,-0.01,-1,-1,-0.01,-1,-1,-0.01,-1,-1,-0.01,-1,-1,-0.01,-1,-1,-0.01,-1,-1,-0.01,-1,-1
99926009,2026-05-18 11:12:58+05:30,53090.9,0,0.0,0,0.0,0.0,53282.15,53308.4,52783.45,53710.35,0,0.0,0.0,0.0,0.0,-0.01,-1,-1,-0.01,-1,-1,-0.01,-1,-1,-0.01,-1,-1,-0.01,-1,-1,-0.01,-1,-1,-0.01,-1,-1,-0.01,-1,-1,-0.01,-1,-1,-0.01,-1,-1
99926009,2026-05-18 11:12:58+05:30,53093.3,0,0.0,0,0.0,0.0,53282.15,53308.4,52783.45,53710.35,0,0.0,0.0,0.0,0.0,-0.01,-1,-1,-0.01,-1,-1,-0.01,-1,-1,-0.01,-1,-1,-0.01,-1,-1,-0.01,-1,-1,-0.01,-1,-1,-0.01,-1,-1,-0.01,-1,-1,-0.01,-1,-1
99926009,2026-05-18 11:12:59+05:30,53090.15,0,0.0,0,0.0,0.0,53282.15,53308.4,52783.45,53710.35,0,0.0,0.0,0.0,0.0,-0.01,-1,-1,-0.01,-1,-1,-0.01,-1,-1,-0.01,-1,-1,-0.01,-1,-1,-0.01,-1,-1,-0.01,-1,-1,-0.01,-1,-1,-0.01,-1,-1,-0.01,-1,-1
99926009,2026-05-18 11:12:59+05:30,53090.35,0,0.0,0,0.0,0.0,53282.15,53308.4,52783.45,53710.35,0,0.0,0.0,0.0,0.0,-0.01,-1,-1,-0.01,-1,-1,-0.01,-1,-1,-0.01,-1,-1,-0.01,-1,-1,-0.01,-1,-1,-0.01,-1,-1,-0.01,-1,-1,-0.01,-1,-1,-0.01,-1,-1
99926009,2026-05-18 11:13:00+05:30,53086.6,0,0.0,0,0.0,0.0,53282.15,53308.4,52783.45,53710.35,0,0.0,0.0,0.0,0.0,-0.01,-1,-1,-0.01,-1,-1,-0.01,-1,-1,-0.01,-1,-1,-0.01,-1,-1,-0.01,-1,-1,-0.01,-1,-1,-0.01,-1,-1,-0.01,-1,-1,-0.01,-1,-1
99926009,2026-05-18 11:13:00+05:30,53093.0,0,0.0,0,0.0,0.0,53282.15,53308.4,52783.45,53710.35,0,0.0,0.0,0.0,0.0,-0.01,-1,-1,-0.01,-1,-1,-0.01,-1,-1,-0.01,-1,-1,-0.01,-1,-1,-0.01,-1,-1,-0.01,-1,-1,-0.01,-1,-1,-0.01,-1,-1,-0.01,-1,-1
99926009,2026-05-18 11:13:01+05:30,53092.3,0,0.0,0,0.0,0.0,53282.15,53308.4,52783.45,53710.35,0,0.0,0.0,0.0,0.0,-0.01,-1,-1,-0.01,-1,-1,-0.01,-1,-1,-0.01,-1,-1,-0.01,-1,-1,-0.01,-1,-1,-0.01,-1,-1,-0.01,-1,-1,-0.01,-1,-1,-0.01,-1,-1
99926009,2026-05-18 11:13:01+05:30,53091.25,0,0.0,0,0.0,0.0,53282.15,53308.4,52783.45,53710.35,0,0.0,0.0,0.0,0.0,-0.01,-1,-1,-0.01,-1,-1,-0.01,-1,-1,-0.01,-1,-1,-0.01,-1,-1,-0.01,-1,-1,-0.01,-1,-1,-0.01,-1,-1,-0.01,-1,-1,-0.01,-1,-1
99926009,2026-05-18 11:13:02+05:30,53090.4,0,0.0,0,0.0,0.0,53282.15,53308.4,52783.45,53710.35,0,0.0,0.0,0.0,0.0,-0.01,-1,-1,-0.01,-1,-1,-0.01,-1,-1,-0.01,-1,-1,-0.01,-1,-1,-0.01,-1,-1,-0.01,-1,-1,-0.01,-1,-1,-0.01,-1,-1,-0.01,-1,-1
99926009,2026-05-18 11:13:02+05:30,53089.75,0,0.0,0,0.0,0.0,53282.15,53308.4,52783.45,53710.35,0,0.0,0.0,0.0,0.0,-0.01,-1,-1,-0.01,-1,-1,-0.01,-1,-1,-0.01,-1,-1,-0.01,-1,-1,-0.01,-1,-1,-0.01,-1,-1,-0.01,-1,-1,-0.01,-1,-1,-0.01,-1,-1
99926009,2026-05-18 11:13:03+05:30,53090.9,0,0.0,0,0.0,0.0,53282.15,53308.4,52783.45,53710.35,0,0.0,0.0,0.0,0.0,-0.01,-1,-1,-0.01,-1,-1,-0.01,-1,-1,-0.01,-1,-1,-0.01,-1,-1,-0.01,-1,-1,-0.01,-1,-1,-0.01,-1,-1,-0.01,-1,-1,-0.01,-1,-1
99926009,2026-05-18 11:13:03+05:30,53087.9,0,0.0,0,0.0,0.0,53282.15,53308.4,52783.45,53710.35,0,0.0,0.0,0.0,0.0,-0.01,-1,-1,-0.01,-1,-1,-0.01,-1,-1,-0.01,-1,-1,-0.01,-1,-1,-0.01,-1,-1,-0.01,-1,-1,-0.01,-1,-1,-0.01,-1,-1,-0.01,-1,-1
99926009,2026-05-18 11:13:04+05:30,53090.25,0,0.0,0,0.0,0.0,53282.15,53308.4,52783.45,53710.35,0,0.0,0.0,0.0,0.0,-0.01,-1,-1,-0.01,-1,-1,-0.01,-1,-1,-0.01,-1,-1,-0.01,-1,-1,-0.01,-1,-1,-0.01,-1,-1,-0.01,-1,-1,-0.01,-1,-1,-0.01,-1,-1
99926009,2026-05-18 11:13:04+05:30,53086.95,0,0.0,0,0.0,0.0,53282.15,53308.4,52783.45,53710.35,0,0.0,0.0,0.0,0.0,-0.01,-1,-1,-0.01,-1,-1,-0.01,-1,-1,-0.01,-1,-1,-0.01,-1,-1,-0.01,-1,-1,-0.01,-1,-1,-0.01,-1,-1,-0.01,-1,-1,-0.01,-1,-1
99926009,2026-05-18 11:13:05+05:30,53092.7,0,0.0,0,0.0,0.0,53282.15,53308.4,52783.45,53710.35,0,0.0,0.0,0.0,0.0,-0.01,-1,-1,-0.01,-1,-1,-0.01,-1,-1,-0.01,-1,-1,-0.01,-1,-1,-0.01,-1,-1,-0.01,-1,-1,-0.01,-1,-1,-0.01,-1,-1,-0.01,-1,-1
99926009,2026-05-18 11:13:05+05:30,53093.3,0,0.0,0,0.0,0.0,53282.15,53308.4,52783.45,53710.35,0,0.0,0.0,0.0,0.0,-0.01,-1,-1,-0.01,-1,-1,-0.01,-1,-1,-0.01,-1,-1,-0.01,-1,-1,-0.01,-1,-1,-0.01,-1,-1,-0.01,-1,-1,-0.01,-1,-1,-0.01,-1,-1
99926009,2026-05-18 11:13:06+05:30,53092.3,0,0.0,0,0.0,0.0,53282.15,53308.4,52783.45,53710.35,0,0.0,0.0,0.0,0.0,-0.01,-1,-1,-0.01,-1,-1,-0.01,-1,-1,-0.01,-1,-1,-0.01,-1,-1,-0.01,-1,-1,-0.01,-1,-1,-0.01,-1,-1,-0.01,-1,-1,-0.01,-1,-1
99926009,2026-05-18 11:13:06+05:30,53093.25,0,0.0,0,0.0,0.0,53282.15,53308.4,52783.45,53710.35,0,0.0,0.0,0.0,0.0,-0.01,-1,-1,-0.01,-1,-1,-0.01,-1,-1,-0.01,-1,-1,-0.01,-1,-1,-0.01,-1,-1,-0.01,-1,-1,-0.01,-1,-1,-0.01,-1,-1,-0.01,-1,-1
99926009,2026-05-18 11:13:07+05:30,53094.5,0,0.0,0,0.0,0.0,53282.15,53308.4,52783.45,53710.35,0,0.0,0.0,0.0,0.0,-0.01,-1,-1,-0.01,-1,-1,-0.01,-1,-1,-0.01,-1,-1,-0.01,-1,-1,-0.01,-1,-1,-0.01,-1,-1,-0.01,-1,-1,-0.01,-1,-1,-0.01,-1,-1
99926009,2026-05-18 11:13:07+05:30,53092.45,0,0.0,0,0.0,0.0,53282.15,53308.4,52783.45,53710.35,0,0.0,0.0,0.0,0.0,-0.01,-1,-1,-0.01,-1,-1,-0.01,-1,-1,-0.01,-1,-1,-0.01,-1,-1,-0.01,-1,-1,-0.01,-1,-1,-0.01,-1,-1,-0.01,-1,-1,-0.01,-1,-1
99926009,2026-05-18 11:13:08+05:30,53093.55,0,0.0,0,0.0,0.0,53282.15,53308.4,52783.45,53710.35,0,0.0,0.0,0.0,0.0,-0.01,-1,-1,-0.01,-1,-1,-0.01,-1,-1,-0.01,-1,-1,-0.01,-1,-1,-0.01,-1,-1,-0.01,-1,-1,-0.01,-1,-1,-0.01,-1,-1,-0.01,-1,-1
99926009,2026-05-18 11:13:08+05:30,53092.65,0,0.0,0,0.0,0.0,53282.15,53308.4,52783.45,53710.35,0,0.0,0.0,0.0,0.0,-0.01,-1,-1,-0.01,-1,-1,-0.01,-1,-1,-0.01,-1,-1,-0.01,-1,-1,-0.01,-1,-1,-0.01,-1,-1,-0.01,-1,-1,-0.01,-1,-1,-0.01,-1,-1
99926009,2026-05-18 11:13:09+05:30,53092.5,0,0.0,0,0.0,0.0,53282.15,53308.4,52783.45,53710.35,0,0.0,0.0,0.0,0.0,-0.01,-1,-1,-0.01,-1,-1,-0.01,-1,-1,-0.01,-1,-1,-0.01,-1,-1,-0.01,-1,-1,-0.01,-1,-1,-0.01,-1,-1,-0.01,-1,-1,-0.01,-1,-1
99926009,2026-05-18 11:13:09+05:30,53095.75,0,0.0,0,0.0,0.0,53282.15,53308.4,52783.45,53710.35,0,0.0,0.0,0.0,0.0,-0.01,-1,-1,-0.01,-1,-1,-0.01,-1,-1,-0.01,-1,-1,-0.01,-1,-1,-0.01,-1,-1,-0.01,-1,-1,-0.01,-1,-1,-0.01,-1,-1,-0.01,-1,-1
99926009,2026-05-18 11:13:10+05:30,53091.35,0,0.0,0,0.0,0.0,53282.15,53308.4,52783.45,53710.35,0,0.0,0.0,0.0,0.0,-0.01,-1,-1,-0.01,-1,-1,-0.01,-1,-1,-0.01,-1,-1,-0.01,-1,-1,-0.01,-1,-1,-0.01,-1,-1,-0.01,-1,-1,-0.01,-1,-1,-0.01,-1,-1
99926009,2026-05-18 11:13:10+05:30,53094.75,0,0.0,0,0.0,0.0,53282.15,53308.4,52783.45,53710.35,0,0.0,0.0,0.0,0.0,-0.01,-1,-1,-0.01,-1,-1,-0.01,-1,-1,-0.01,-1,-1,-0.01,-1,-1,-0.01,-1,-1,-0.01,-1,-1,-0.01,-1,-1,-0.01,-1,-1,-0.01,-1,-1
99926009,2026-05-18 11:13:11+05:30,53095.55,0,0.0,0,0.0,0.0,53282.15,53308.4,52783.45,53710.35,0,0.0,0.0,0.0,0.0,-0.01,-1,-1,-0.01,-1,-1,-0.01,-1,-1,-0.01,-1,-1,-0.01,-1,-1,-0.01,-1,-1,-0.01,-1,-1,-0.01,-1,-1,-0.01,-1,-1,-0.01,-1,-1
99926009,2026-05-18 11:13:11+05:30,53097.0,0,0.0,0,0.0,0.0,53282.15,53308.4,52783.45,53710.35,0,0.0,0.0,0.0,0.0,-0.01,-1,-1,-0.01,-1,-1,-0.01,-1,-1,-0.01,-1,-1,-0.01,-1,-1,-0.01,-1,-1,-0.01,-1,-1,-0.01,-1,-1,-0.01,-1,-1,-0.01,-1,-1
99926009,2026-05-18 11:13:12+05:30,53096.05,0,0.0,0,0.0,0.0,53282.15,53308.4,52783.45,53710.35,0,0.0,0.0,0.0,0.0,-0.01,-1,-1,-0.01,-1,-1,-0.01,-1,-1,-0.01,-1,-1,-0.01,-1,-1,-0.01,-1,-1,-0.01,-1,-1,-0.01,-1,-1,-0.01,-1,-1,-0.01,-1,-1
99926009,2026-05-18 11:13:12+05:30,53094.9,0,0.0,0,0.0,0.0,53282.15,53308.4,52783.45,53710.35,0,0.0,0.0,0.0,0.0,-0.01,-1,-1,-0.01,-1,-1,-0.01,-1,-1,-0.01,-1,-1,-0.01,-1,-1,-0.01,-1,-1,-0.01,-1,-1,-0.01,-1,-1,-0.01,-1,-1,-0.01,-1,-1
99926009,2026-05-18 11:13:13+05:30,53094.75,0,0.0,0,0.0,0.0,53282.15,53308.4,52783.45,53710.35,0,0.0,0.0,0.0,0.0,-0.01,-1,-1,-0.01,-1,-1,-0.01,-1,-1,-0.01,-1,-1,-0.01,-1,-1,-0.01,-1,-1,-0.01,-1,-1,-0.01,-1,-1,-0.01,-1,-1,-0.01,-1,-1
99926009,2026-05-18 11:13:13+05:30,53095.25,0,0.0,0,0.0,0.0,53282.15,53308.4,52783.45,53710.35,0,0.0,0.0,0.0,0.0,-0.01,-1,-1,-0.01,-1,-1,-0.01,-1,-1,-0.01,-1,-1,-0.01,-1,-1,-0.01,-1,-1,-0.01,-1,-1,-0.01,-1,-1,-0.01,-1,-1,-0.01,-1,-1
99926009,2026-05-18 11:13:14+05:30,53095.2,0,0.0,0,0.0,0.0,53282.15,53308.4,52783.45,53710.35,0,0.0,0.0,0.0,0.0,-0.01,-1,-1,-0.01,-1,-1,-0.01,-1,-1,-0.01,-1,-1,-0.01,-1,-1,-0.01,-1,-1,-0.01,-1,-1,-0.01,-1,-1,-0.01,-1,-1,-0.01,-1,-1
99926009,2026-05-18 11:13:14+05:30,53094.3,0,0.0,0,0.0,0.0,53282.15,53308.4,52783.45,53710.35,0,0.0,0.0,0.0,0.0,-0.01,-1,-1,-0.01,-1,-1,-0.01,-1,-1,-0.01,-1,-1,-0.01,-1,-1,-0.01,-1,-1,-0.01,-1,-1,-0.01,-1,-1,-0.01,-1,-1,-0.01,-1,-1
99926009,2026-05-18 11:13:15+05:30,53094.9,0,0.0,0,0.0,0.0,53282.15,53308.4,52783.45,53710.35,0,0.0,0.0,0.0,0.0,-0.01,-1,-1,-0.01,-1,-1,-0.01,-1,-1,-0.01,-1,-1,-0.01,-1,-1,-0.01,-1,-1,-0.01,-1,-1,-0.01,-1,-1,-0.01,-1,-1,-0.01,-1,-1
99926009,2026-05-18 11:13:15+05:30,53097.2,0,0.0,0,0.0,0.0,53282.15,53308.4,52783.45,53710.35,0,0.0,0.0,0.0,0.0,-0.01,-1,-1,-0.01,-1,-1,-0.01,-1,-1,-0.01,-1,-1,-0.01,-1,-1,-0.01,-1,-1,-0.01,-1,-1,-0.01,-1,-1,-0.01,-1,-1,-0.01,-1,-1
99926009,2026-05-18 11:13:16+05:30,53097.75,0,0.0,0,0.0,0.0,53282.15,53308.4,52783.45,53710.35,0,0.0,0.0,0.0,0.0,-0.01,-1,-1,-0.01,-1,-1,-0.01,-1,-1,-0.01,-1,-1,-0.01,-1,-1,-0.01,-1,-1,-0.01,-1,-1,-0.01,-1,-1,-0.01,-1,-1,-0.01,-1,-1
99926009,2026-05-18 11:13:16+05:30,53100.1,0,0.0,0,0.0,0.0,53282.15,53308.4,52783.45,53710.35,0,0.0,0.0,0.0,0.0,-0.01,-1,-1,-0.01,-1,-1,-0.01,-1,-1,-0.01,-1,-1,-0.01,-1,-1,-0.01,-1,-1,-0.01,-1,-1,-0.01,-1,-1,-0.01,-1,-1,-0.01,-1,-1
99926009,2026-05-18 11:13:17+05:30,53098.7,0,0.0,0,0.0,0.0,53282.15,53308.4,52783.45,53710.35,0,0.0,0.0,0.0,0.0,-0.01,-1,-1,-0.01,-1,-1,-0.01,-1,-1,-0.01,-1,-1,-0.01,-1,-1,-0.01,-1,-1,-0.01,-1,-1,-0.01,-1,-1,-0.01,-1,-1,-0.01,-1,-1
99926009,2026-05-18 11:13:17+05:30,53094.3,0,0.0,0,0.0,0.0,53282.15,53308.4,52783.45,53710.35,0,0.0,0.0,0.0,0.0,-0.01,-1,-1,-0.01,-1,-1,-0.01,-1,-1,-0.01,-1,-1,-0.01,-1,-1,-0.01,-1,-1,-0.01,-1,-1,-0.01,-1,-1,-0.01,-1,-1,-0.01,-1,-1
99926009,2026-05-18 11:13:18+05:30,53095.9,0,0.0,0,0.0,0.0,53282.15,53308.4,52783.45,53710.35,0,0.0,0.0,0.0,0.0,-0.01,-1,-1,-0.01,-1,-1,-0.01,-1,-1,-0.01,-1,-1,-0.01,-1,-1,-0.01,-1,-1,-0.01,-1,-1,-0.01,-1,-1,-0.01,-1,-1,-0.01,-1,-1
99926009,2026-05-18 11:13:18+05:30,53094.25,0,0.0,0,0.0,0.0,53282.15,53308.4,52783.45,53710.35,0,0.0,0.0,0.0,0.0,-0.01,-1,-1,-0.01,-1,-1,-0.01,-1,-1,-0.01,-1,-1,-0.01,-1,-1,-0.01,-1,-1,-0.01,-1,-1,-0.01,-1,-1,-0.01,-1,-1,-0.01,-1,-1
99926009,2026-05-18 11:13:19+05:30,53094.1,0,0.0,0,0.0,0.0,53282.15,53308.4,52783.45,53710.35,0,0.0,0.0,0.0,0.0,-0.01,-1,-1,-0.01,-1,-1,-0.01,-1,-1,-0.01,-1,-1,-0.01,-1,-1,-0.01,-1,-1,-0.01,-1,-1,-0.01,-1,-1,-0.01,-1,-1,-0.01,-1,-1
99926009,2026-05-18 11:13:19+05:30,53095.6,0,0.0,0,0.0,0.0,53282.15,53308.4,52783.45,53710.35,0,0.0,0.0,0.0,0.0,-0.01,-1,-1,-0.01,-1,-1,-0.01,-1,-1,-0.01,-1,-1,-0.01,-1,-1,-0.01,-1,-1,-0.01,-1,-1,-0.01,-1,-1,-0.01,-1,-1,-0.01,-1,-1
99926009,2026-05-18 11:13:20+05:30,53095.6,0,0.0,0,0.0,0.0,53282.15,53308.4,52783.45,53710.35,0,0.0,0.0,0.0,0.0,-0.01,-1,-1,-0.01,-1,-1,-0.01,-1,-1,-0.01,-1,-1,-0.01,-1,-1,-0.01,-1,-1,-0.01,-1,-1,-0.01,-1,-1,-0.01,-1,-1,-0.01,-1,-1
99926009,2026-05-18 11:13:20+05:30,53095.1,0,0.0,0,0.0,0.0,53282.15,53308.4,52783.45,53710.35,0,0.0,0.0,0.0,0.0,-0.01,-1,-1,-0.01,-1,-1,-0.01,-1,-1,-0.01,-1,-1,-0.01,-1,-1,-0.01,-1,-1,-0.01,-1,-1,-0.01,-1,-1,-0.01,-1,-1,-0.01,-1,-1
99926009,2026-05-18 11:13:21+05:30,53093.45,0,0.0,0,0.0,0.0,53282.15,53308.4,52783.45,53710.35,0,0.0,0.0,0.0,0.0,-0.01,-1,-1,-0.01,-1,-1,-0.01,-1,-1,-0.01,-1,-1,-0.01,-1,-1,-0.01,-1,-1,-0.01,-1,-1,-0.01,-1,-1,-0.01,-1,-1,-0.01,-1,-1
99926009,2026-05-18 11:13:21+05:30,53095.25,0,0.0,0,0.0,0.0,53282.15,53308.4,52783.45,53710.35,0,0.0,0.0,0.0,0.0,-0.01,-1,-1,-0.01,-1,-1,-0.01,-1,-1,-0.01,-1,-1,-0.01,-1,-1,-0.01,-1,-1,-0.01,-1,-1,-0.01,-1,-1,-0.01,-1,-1,-0.01,-1,-1
99926009,2026-05-18 11:13:22+05:30,53094.05,0,0.0,0,0.0,0.0,53282.15,53308.4,52783.45,53710.35,0,0.0,0.0,0.0,0.0,-0.01,-1,-1,-0.01,-1,-1,-0.01,-1,-1,-0.01,-1,-1,-0.01,-1,-1,-0.01,-1,-1,-0.01,-1,-1,-0.01,-1,-1,-0.01,-1,-1,-0.01,-1,-1
99926009,2026-05-18 11:13:22+05:30,53091.4,0,0.0,0,0.0,0.0,53282.15,53308.4,52783.45,53710.35,0,0.0,0.0,0.0,0.0,-0.01,-1,-1,-0.01,-1,-1,-0.01,-1,-1,-0.01,-1,-1,-0.01,-1,-1,-0.01,-1,-1,-0.01,-1,-1,-0.01,-1,-1,-0.01,-1,-1,-0.01,-1,-1
99926009,2026-05-18 11:13:23+05:30,53094.2,0,0.0,0,0.0,0.0,53282.15,53308.4,52783.45,53710.35,0,0.0,0.0,0.0,0.0,-0.01,-1,-1,-0.01,-1,-1,-0.01,-1,-1,-0.01,-1,-1,-0.01,-1,-1,-0.01,-1,-1,-0.01,-1,-1,-0.01,-1,-1,-0.01,-1,-1,-0.01,-1,-1
99926009,2026-05-18 11:13:23+05:30,53091.0,0,0.0,0,0.0,0.0,53282.15,53308.4,52783.45,53710.35,0,0.0,0.0,0.0,0.0,-0.01,-1,-1,-0.01,-1,-1,-0.01,-1,-1,-0.01,-1,-1,-0.01,-1,-1,-0.01,-1,-1,-0.01,-1,-1,-0.01,-1,-1,-0.01,-1,-1,-0.01,-1,-1
99926009,2026-05-18 11:13:24+05:30,53090.75,0,0.0,0,0.0,0.0,53282.15,53308.4,52783.45,53710.35,0,0.0,0.0,0.0,0.0,-0.01,-1,-1,-0.01,-1,-1,-0.01,-1,-1,-0.01,-1,-1,-0.01,-1,-1,-0.01,-1,-1,-0.01,-1,-1,-0.01,-1,-1,-0.01,-1,-1,-0.01,-1,-1
99926009,2026-05-18 11:13:24+05:30,53090.65,0,0.0,0,0.0,0.0,53282.15,53308.4,52783.45,53710.35,0,0.0,0.0,0.0,0.0,-0.01,-1,-1,-0.01,-1,-1,-0.01,-1,-1,-0.01,-1,-1,-0.01,-1,-1,-0.01,-1,-1,-0.01,-1,-1,-0.01,-1,-1,-0.01,-1,-1,-0.01,-1,-1
99926009,2026-05-18 11:13:25+05:30,53091.2,0,0.0,0,0.0,0.0,53282.15,53308.4,52783.45,53710.35,0,0.0,0.0,0.0,0.0,-0.01,-1,-1,-0.01,-1,-1,-0.01,-1,-1,-0.01,-1,-1,-0.01,-1,-1,-0.01,-1,-1,-0.01,-1,-1,-0.01,-1,-1,-0.01,-1,-1,-0.01,-1,-1
99926009,2026-05-18 11:13:25+05:30,53089.75,0,0.0,0,0.0,0.0,53282.15,53308.4,52783.45,53710.35,0,0.0,0.0,0.0,0.0,-0.01,-1,-1,-0.01,-1,-1,-0.01,-1,-1,-0.01,-1,-1,-0.01,-1,-1,-0.01,-1,-1,-0.01,-1,-1,-0.01,-1,-1,-0.01,-1,-1,-0.01,-1,-1
99926009,2026-05-18 11:13:26+05:30,53087.9,0,0.0,0,0.0,0.0,53282.15,53308.4,52783.45,53710.35,0,0.0,0.0,0.0,0.0,-0.01,-1,-1,-0.01,-1,-1,-0.01,-1,-1,-0.01,-1,-1,-0.01,-1,-1,-0.01,-1,-1,-0.01,-1,-1,-0.01,-1,-1,-0.01,-1,-1,-0.01,-1,-1
99926009,2026-05-18 11:13:26+05:30,53086.9,0,0.0,0,0.0,0.0,53282.15,53308.4,52783.45,53710.35,0,0.0,0.0,0.0,0.0,-0.01,-1,-1,-0.01,-1,-1,-0.01,-1,-1,-0.01,-1,-1,-0.01,-1,-1,-0.01,-1,-1,-0.01,-1,-1,-0.01,-1,-1,-0.01,-1,-1,-0.01,-1,-1
99926009,2026-05-18 11:13:27+05:30,53086.4,0,0.0,0,0.0,0.0,53282.15,53308.4,52783.45,53710.35,0,0.0,0.0,0.0,0.0,-0.01,-1,-1,-0.01,-1,-1,-0.01,-1,-1,-0.01,-1,-1,-0.01,-1,-1,-0.01,-1,-1,-0.01,-1,-1,-0.01,-1,-1,-0.01,-1,-1,-0.01,-1,-1
99926009,2026-05-18 11:13:27+05:30,53088.6,0,0.0,0,0.0,0.0,53282.15,53308.4,52783.45,53710.35,0,0.0,0.0,0.0,0.0,-0.01,-1,-1,-0.01,-1,-1,-0.01,-1,-1,-0.01,-1,-1,-0.01,-1,-1,-0.01,-1,-1,-0.01,-1,-1,-0.01,-1,-1,-0.01,-1,-1,-0.01,-1,-1
99926009,2026-05-18 11:13:28+05:30,53090.0,0,0.0,0,0.0,0.0,53282.15,53308.4,52783.45,53710.35,0,0.0,0.0,0.0,0.0,-0.01,-1,-1,-0.01,-1,-1,-0.01,-1,-1,-0.01,-1,-1,-0.01,-1,-1,-0.01,-1,-1,-0.01,-1,-1,-0.01,-1,-1,-0.01,-1,-1,-0.01,-1,-1
99926009,2026-05-18 11:13:28+05:30,53090.6,0,0.0,0,0.0,0.0,53282.15,53308.4,52783.45,53710.35,0,0.0,0.0,0.0,0.0,-0.01,-1,-1,-0.01,-1,-1,-0.01,-1,-1,-0.01,-1,-1,-0.01,-1,-1,-0.01,-1,-1,-0.01,-1,-1,-0.01,-1,-1,-0.01,-1,-1,-0.01,-1,-1
99926009,2026-05-18 11:13:29+05:30,53089.5,0,0.0,0,0.0,0.0,53282.15,53308.4,52783.45,53710.35,0,0.0,0.0,0.0,0.0,-0.01,-1,-1,-0.01,-1,-1,-0.01,-1,-1,-0.01,-1,-1,-0.01,-1,-1,-0.01,-1,-1,-0.01,-1,-1,-0.01,-1,-1,-0.01,-1,-1,-0.01,-1,-1
99926009,2026-05-18 11:13:29+05:30,53088.85,0,0.0,0,0.0,0.0,53282.15,53308.4,52783.45,53710.35,0,0.0,0.0,0.0,0.0,-0.01,-1,-1,-0.01,-1,-1,-0.01,-1,-1,-0.01,-1,-1,-0.01,-1,-1,-0.01,-1,-1,-0.01,-1,-1,-0.01,-1,-1,-0.01,-1,-1,-0.01,-1,-1
99926009,2026-05-18 11:13:30+05:30,53088.15,0,0.0,0,0.0,0.0,53282.15,53308.4,52783.45,53710.35,0,0.0,0.0,0.0,0.0,-0.01,-1,-1,-0.01,-1,-1,-0.01,-1,-1,-0.01,-1,-1,-0.01,-1,-1,-0.01,-1,-1,-0.01,-1,-1,-0.01,-1,-1,-0.01,-1,-1,-0.01,-1,-1
99926009,2026-05-18 11:13:30+05:30,53088.7,0,0.0,0,0.0,0.0,53282.15,53308.4,52783.45,53710.35,0,0.0,0.0,0.0,0.0,-0.01,-1,-1,-0.01,-1,-1,-0.01,-1,-1,-0.01,-1,-1,-0.01,-1,-1,-0.01,-1,-1,-0.01,-1,-1,-0.01,-1,-1,-0.01,-1,-1,-0.01,-1,-1
99926009,2026-05-18 11:13:31+05:30,53090.8,0,0.0,0,0.0,0.0,53282.15,53308.4,52783.45,53710.35,0,0.0,0.0,0.0,0.0,-0.01,-1,-1,-0.01,-1,-1,-0.01,-1,-1,-0.01,-1,-1,-0.01,-1,-1,-0.01,-1,-1,-0.01,-1,-1,-0.01,-1,-1,-0.01,-1,-1,-0.01,-1,-1
99926009,2026-05-18 11:13:31+05:30,53089.2,0,0.0,0,0.0,0.0,53282.15,53308.4,52783.45,53710.35,0,0.0,0.0,0.0,0.0,-0.01,-1,-1,-0.01,-1,-1,-0.01,-1,-1,-0.01,-1,-1,-0.01,-1,-1,-0.01,-1,-1,-0.01,-1,-1,-0.01,-1,-1,-0.01,-1,-1,-0.01,-1,-1
99926009,2026-05-18 11:13:32+05:30,53088.6,0,0.0,0,0.0,0.0,53282.15,53308.4,52783.45,53710.35,0,0.0,0.0,0.0,0.0,-0.01,-1,-1,-0.01,-1,-1,-0.01,-1,-1,-0.01,-1,-1,-0.01,-1,-1,-0.01,-1,-1,-0.01,-1,-1,-0.01,-1,-1,-0.01,-1,-1,-0.01,-1,-1
99926009,2026-05-18 11:13:32+05:30,53087.9,0,0.0,0,0.0,0.0,53282.15,53308.4,52783.45,53710.35,0,0.0,0.0,0.0,0.0,-0.01,-1,-1,-0.01,-1,-1,-0.01,-1,-1,-0.01,-1,-1,-0.01,-1,-1,-0.01,-1,-1,-0.01,-1,-1,-0.01,-1,-1,-0.01,-1,-1,-0.01,-1,-1
99926009,2026-05-18 11:13:33+05:30,53088.2,0,0.0,0,0.0,0.0,53282.15,53308.4,52783.45,53710.35,0,0.0,0.0,0.0,0.0,-0.01,-1,-1,-0.01,-1,-1,-0.01,-1,-1,-0.01,-1,-1,-0.01,-1,-1,-0.01,-1,-1,-0.01,-1,-1,-0.01,-1,-1,-0.01,-1,-1,-0.01,-1,-1
99926009,2026-05-18 11:13:33+05:30,53087.75,0,0.0,0,0.0,0.0,53282.15,53308.4,52783.45,53710.35,0,0.0,0.0,0.0,0.0,-0.01,-1,-1,-0.01,-1,-1,-0.01,-1,-1,-0.01,-1,-1,-0.01,-1,-1,-0.01,-1,-1,-0.01,-1,-1,-0.01,-1,-1,-0.01,-1,-1,-0.01,-1,-1
99926009,2026-05-18 11:13:34+05:30,53087.1,0,0.0,0,0.0,0.0,53282.15,53308.4,52783.45,53710.35,0,0.0,0.0,0.0,0.0,-0.01,-1,-1,-0.01,-1,-1,-0.01,-1,-1,-0.01,-1,-1,-0.01,-1,-1,-0.01,-1,-1,-0.01,-1,-1,-0.01,-1,-1,-0.01,-1,-1,-0.01,-1,-1
99926009,2026-05-18 11:13:34+05:30,53087.95,0,0.0,0,0.0,0.0,53282.15,53308.4,52783.45,53710.35,0,0.0,0.0,0.0,0.0,-0.01,-1,-1,-0.01,-1,-1,-0.01,-1,-1,-0.01,-1,-1,-0.01,-1,-1,-0.01,-1,-1,-0.01,-1,-1,-0.01,-1,-1,-0.01,-1,-1,-0.01,-1,-1
99926009,2026-05-18 11:13:35+05:30,53087.3,0,0.0,0,0.0,0.0,53282.15,53308.4,52783.45,53710.35,0,0.0,0.0,0.0,0.0,-0.01,-1,-1,-0.01,-1,-1,-0.01,-1,-1,-0.01,-1,-1,-0.01,-1,-1,-0.01,-1,-1,-0.01,-1,-1,-0.01,-1,-1,-0.01,-1,-1,-0.01,-1,-1
99926009,2026-05-18 11:13:35+05:30,53087.75,0,0.0,0,0.0,0.0,53282.15,53308.4,52783.45,53710.35,0,0.0,0.0,0.0,0.0,-0.01,-1,-1,-0.01,-1,-1,-0.01,-1,-1,-0.01,-1,-1,-0.01,-1,-1,-0.01,-1,-1,-0.01,-1,-1,-0.01,-1,-1,-0.01,-1,-1,-0.01,-1,-1
99926009,2026-05-18 11:13:36+05:30,53088.45,0,0.0,0,0.0,0.0,53282.15,53308.4,52783.45,53710.35,0,0.0,0.0,0.0,0.0,-0.01,-1,-1,-0.01,-1,-1,-0.01,-1,-1,-0.01,-1,-1,-0.01,-1,-1,-0.01,-1,-1,-0.01,-1,-1,-0.01,-1,-1,-0.01,-1,-1,-0.01,-1,-1
99926009,2026-05-18 11:13:36+05:30,53090.1,0,0.0,0,0.0,0.0,53282.15,53308.4,52783.45,53710.35,0,0.0,0.0,0.0,0.0,-0.01,-1,-1,-0.01,-1,-1,-0.01,-1,-1,-0.01,-1,-1,-0.01,-1,-1,-0.01,-1,-1,-0.01,-1,-1,-0.01,-1,-1,-0.01,-1,-1,-0.01,-1,-1
99926009,2026-05-18 11:13:37+05:30,53089.2,0,0.0,0,0.0,0.0,53282.15,53308.4,52783.45,53710.35,0,0.0,0.0,0.0,0.0,-0.01,-1,-1,-0.01,-1,-1,-0.01,-1,-1,-0.01,-1,-1,-0.01,-1,-1,-0.01,-1,-1,-0.01,-1,-1,-0.01,-1,-1,-0.01,-1,-1,-0.01,-1,-1
99926009,2026-05-18 11:13:37+05:30,53087.3,0,0.0,0,0.0,0.0,53282.15,53308.4,52783.45,53710.35,0,0.0,0.0,0.0,0.0,-0.01,-1,-1,-0.01,-1,-1,-0.01,-1,-1,-0.01,-1,-1,-0.01,-1,-1,-0.01,-1,-1,-0.01,-1,-1,-0.01,-1,-1,-0.01,-1,-1,-0.01,-1,-1
99926009,2026-05-18 11:13:38+05:30,53086.9,0,0.0,0,0.0,0.0,53282.15,53308.4,52783.45,53710.35,0,0.0,0.0,0.0,0.0,-0.01,-1,-1,-0.01,-1,-1,-0.01,-1,-1,-0.01,-1,-1,-0.01,-1,-1,-0.01,-1,-1,-0.01,-1,-1,-0.01,-1,-1,-0.01,-1,-1,-0.01,-1,-1
99926009,2026-05-18 11:13:38+05:30,53085.45,0,0.0,0,0.0,0.0,53282.15,53308.4,52783.45,53710.35,0,0.0,0.0,0.0,0.0,-0.01,-1,-1,-0.01,-1,-1,-0.01,-1,-1,-0.01,-1,-1,-0.01,-1,-1,-0.01,-1,-1,-0.01,-1,-1,-0.01,-1,-1,-0.01,-1,-1,-0.01,-1,-1
99926009,2026-05-18 11:13:39+05:30,53086.55,0,0.0,0,0.0,0.0,53282.15,53308.4,52783.45,53710.35,0,0.0,0.0,0.0,0.0,-0.01,-1,-1,-0.01,-1,-1,-0.01,-1,-1,-0.01,-1,-1,-0.01,-1,-1,-0.01,-1,-1,-0.01,-1,-1,-0.01,-1,-1,-0.01,-1,-1,-0.01,-1,-1
99926009,2026-05-18 11:13:39+05:30,53088.9,0,0.0,0,0.0,0.0,53282.15,53308.4,52783.45,53710.35,0,0.0,0.0,0.0,0.0,-0.01,-1,-1,-0.01,-1,-1,-0.01,-1,-1,-0.01,-1,-1,-0.01,-1,-1,-0.01,-1,-1,-0.01,-1,-1,-0.01,-1,-1,-0.01,-1,-1,-0.01,-1,-1
99926009,2026-05-18 11:13:40+05:30,53088.6,0,0.0,0,0.0,0.0,53282.15,53308.4,52783.45,53710.35,0,0.0,0.0,0.0,0.0,-0.01,-1,-1,-0.01,-1,-1,-0.01,-1,-1,-0.01,-1,-1,-0.01,-1,-1,-0.01,-1,-1,-0.01,-1,-1,-0.01,-1,-1,-0.01,-1,-1,-0.01,-1,-1
99926009,2026-05-18 11:13:40+05:30,53088.6,0,0.0,0,0.0,0.0,53282.15,53308.4,52783.45,53710.35,0,0.0,0.0,0.0,0.0,-0.01,-1,-1,-0.01,-1,-1,-0.01,-1,-1,-0.01,-1,-1,-0.01,-1,-1,-0.01,-1,-1,-0.01,-1,-1,-0.01,-1,-1,-0.01,-1,-1,-0.01,-1,-1
99926009,2026-05-18 11:13:41+05:30,53085.7,0,0.0,0,0.0,0.0,53282.15,53308.4,52783.45,53710.35,0,0.0,0.0,0.0,0.0,-0.01,-1,-1,-0.01,-1,-1,-0.01,-1,-1,-0.01,-1,-1,-0.01,-1,-1,-0.01,-1,-1,-0.01,-1,-1,-0.01,-1,-1,-0.01,-1,-1,-0.01,-1,-1
99926009,2026-05-18 11:13:41+05:30,53087.1,0,0.0,0,0.0,0.0,53282.15,53308.4,52783.45,53710.35,0,0.0,0.0,0.0,0.0,-0.01,-1,-1,-0.01,-1,-1,-0.01,-1,-1,-0.01,-1,-1,-0.01,-1,-1,-0.01,-1,-1,-0.01,-1,-1,-0.01,-1,-1,-0.01,-1,-1,-0.01,-1,-1
99926009,2026-05-18 11:13:42+05:30,53082.85,0,0.0,0,0.0,0.0,53282.15,53308.4,52783.45,53710.35,0,0.0,0.0,0.0,0.0,-0.01,-1,-1,-0.01,-1,-1,-0.01,-1,-1,-0.01,-1,-1,-0.01,-1,-1,-0.01,-1,-1,-0.01,-1,-1,-0.01,-1,-1,-0.01,-1,-1,-0.01,-1,-1
99926009,2026-05-18 11:13:42+05:30,53085.75,0,0.0,0,0.0,0.0,53282.15,53308.4,52783.45,53710.35,0,0.0,0.0,0.0,0.0,-0.01,-1,-1,-0.01,-1,-1,-0.01,-1,-1,-0.01,-1,-1,-0.01,-1,-1,-0.01,-1,-1,-0.01,-1,-1,-0.01,-1,-1,-0.01,-1,-1,-0.01,-1,-1
99926009,2026-05-18 11:13:43+05:30,53083.95,0,0.0,0,0.0,0.0,53282.15,53308.4,52783.45,53710.35,0,0.0,0.0,0.0,0.0,-0.01,-1,-1,-0.01,-1,-1,-0.01,-1,-1,-0.01,-1,-1,-0.01,-1,-1,-0.01,-1,-1,-0.01,-1,-1,-0.01,-1,-1,-0.01,-1,-1,-0.01,-1,-1
99926009,2026-05-18 11:13:43+05:30,53087.75,0,0.0,0,0.0,0.0,53282.15,53308.4,52783.45,53710.35,0,0.0,0.0,0.0,0.0,-0.01,-1,-1,-0.01,-1,-1,-0.01,-1,-1,-0.01,-1,-1,-0.01,-1,-1,-0.01,-1,-1,-0.01,-1,-1,-0.01,-1,-1,-0.01,-1,-1,-0.01,-1,-1
99926009,2026-05-18 11:13:44+05:30,53084.65,0,0.0,0,0.0,0.0,53282.15,53308.4,52783.45,53710.35,0,0.0,0.0,0.0,0.0,-0.01,-1,-1,-0.01,-1,-1,-0.01,-1,-1,-0.01,-1,-1,-0.01,-1,-1,-0.01,-1,-1,-0.01,-1,-1,-0.01,-1,-1,-0.01,-1,-1,-0.01,-1,-1
99926009,2026-05-18 11:13:44+05:30,53086.4,0,0.0,0,0.0,0.0,53282.15,53308.4,52783.45,53710.35,0,0.0,0.0,0.0,0.0,-0.01,-1,-1,-0.01,-1,-1,-0.01,-1,-1,-0.01,-1,-1,-0.01,-1,-1,-0.01,-1,-1,-0.01,-1,-1,-0.01,-1,-1,-0.01,-1,-1,-0.01,-1,-1
99926009,2026-05-18 11:13:45+05:30,53085.55,0,0.0,0,0.0,0.0,53282.15,53308.4,52783.45,53710.35,0,0.0,0.0,0.0,0.0,-0.01,-1,-1,-0.01,-1,-1,-0.01,-1,-1,-0.01,-1,-1,-0.01,-1,-1,-0.01,-1,-1,-0.01,-1,-1,-0.01,-1,-1,-0.01,-1,-1,-0.01,-1,-1
99926009,2026-05-18 11:13:45+05:30,53084.85,0,0.0,0,0.0,0.0,53282.15,53308.4,52783.45,53710.35,0,0.0,0.0,0.0,0.0,-0.01,-1,-1,-0.01,-1,-1,-0.01,-1,-1,-0.01,-1,-1,-0.01,-1,-1,-0.01,-1,-1,-0.01,-1,-1,-0.01,-1,-1,-0.01,-1,-1,-0.01,-1,-1
99926009,2026-05-18 11:13:46+05:30,53085.05,0,0.0,0,0.0,0.0,53282.15,53308.4,52783.45,53710.35,0,0.0,0.0,0.0,0.0,-0.01,-1,-1,-0.01,-1,-1,-0.01,-1,-1,-0.01,-1,-1,-0.01,-1,-1,-0.01,-1,-1,-0.01,-1,-1,-0.01,-1,-1,-0.01,-1,-1,-0.01,-1,-1
99926009,2026-05-18 11:13:46+05:30,53086.35,0,0.0,0,0.0,0.0,53282.15,53308.4,52783.45,53710.35,0,0.0,0.0,0.0,0.0,-0.01,-1,-1,-0.01,-1,-1,-0.01,-1,-1,-0.01,-1,-1,-0.01,-1,-1,-0.01,-1,-1,-0.01,-1,-1,-0.01,-1,-1,-0.01,-1,-1,-0.01,-1,-1
99926009,2026-05-18 11:13:47+05:30,53086.2,0,0.0,0,0.0,0.0,53282.15,53308.4,52783.45,53710.35,0,0.0,0.0,0.0,0.0,-0.01,-1,-1,-0.01,-1,-1,-0.01,-1,-1,-0.01,-1,-1,-0.01,-1,-1,-0.01,-1,-1,-0.01,-1,-1,-0.01,-1,-1,-0.01,-1,-1,-0.01,-1,-1
99926009,2026-05-18 11:13:47+05:30,53089.55,0,0.0,0,0.0,0.0,53282.15,53308.4,52783.45,53710.35,0,0.0,0.0,0.0,0.0,-0.01,-1,-1,-0.01,-1,-1,-0.01,-1,-1,-0.01,-1,-1,-0.01,-1,-1,-0.01,-1,-1,-0.01,-1,-1,-0.01,-1,-1,-0.01,-1,-1,-0.01,-1,-1
99926009,2026-05-18 11:13:48+05:30,53092.1,0,0.0,0,0.0,0.0,53282.15,53308.4,52783.45,53710.35,0,0.0,0.0,0.0,0.0,-0.01,-1,-1,-0.01,-1,-1,-0.01,-1,-1,-0.01,-1,-1,-0.01,-1,-1,-0.01,-1,-1,-0.01,-1,-1,-0.01,-1,-1,-0.01,-1,-1,-0.01,-1,-1
99926009,2026-05-18 11:13:48+05:30,53096.35,0,0.0,0,0.0,0.0,53282.15,53308.4,52783.45,53710.35,0,0.0,0.0,0.0,0.0,-0.01,-1,-1,-0.01,-1,-1,-0.01,-1,-1,-0.01,-1,-1,-0.01,-1,-1,-0.01,-1,-1,-0.01,-1,-1,-0.01,-1,-1,-0.01,-1,-1,-0.01,-1,-1
99926009,2026-05-18 11:13:49+05:30,53094.65,0,0.0,0,0.0,0.0,53282.15,53308.4,52783.45,53710.35,0,0.0,0.0,0.0,0.0,-0.01,-1,-1,-0.01,-1,-1,-0.01,-1,-1,-0.01,-1,-1,-0.01,-1,-1,-0.01,-1,-1,-0.01,-1,-1,-0.01,-1,-1,-0.01,-1,-1,-0.01,-1,-1
99926009,2026-05-18 11:13:49+05:30,53093.5,0,0.0,0,0.0,0.0,53282.15,53308.4,52783.45,53710.35,0,0.0,0.0,0.0,0.0,-0.01,-1,-1,-0.01,-1,-1,-0.01,-1,-1,-0.01,-1,-1,-0.01,-1,-1,-0.01,-1,-1,-0.01,-1,-1,-0.01,-1,-1,-0.01,-1,-1,-0.01,-1,-1
99926009,2026-05-18 11:13:50+05:30,53097.2,0,0.0,0,0.0,0.0,53282.15,53308.4,52783.45,53710.35,0,0.0,0.0,0.0,0.0,-0.01,-1,-1,-0.01,-1,-1,-0.01,-1,-1,-0.01,-1,-1,-0.01,-1,-1,-0.01,-1,-1,-0.01,-1,-1,-0.01,-1,-1,-0.01,-1,-1,-0.01,-1,-1
99926009,2026-05-18 11:13:50+05:30,53097.8,0,0.0,0,0.0,0.0,53282.15,53308.4,52783.45,53710.35,0,0.0,0.0,0.0,0.0,-0.01,-1,-1,-0.01,-1,-1,-0.01,-1,-1,-0.01,-1,-1,-0.01,-1,-1,-0.01,-1,-1,-0.01,-1,-1,-0.01,-1,-1,-0.01,-1,-1,-0.01,-1,-1
99926009,2026-05-18 11:13:51+05:30,53092.85,0,0.0,0,0.0,0.0,53282.15,53308.4,52783.45,53710.35,0,0.0,0.0,0.0,0.0,-0.01,-1,-1,-0.01,-1,-1,-0.01,-1,-1,-0.01,-1,-1,-0.01,-1,-1,-0.01,-1,-1,-0.01,-1,-1,-0.01,-1,-1,-0.01,-1,-1,-0.01,-1,-1
99926009,2026-05-18 11:13:51+05:30,53099.2,0,0.0,0,0.0,0.0,53282.15,53308.4,52783.45,53710.35,0,0.0,0.0,0.0,0.0,-0.01,-1,-1,-0.01,-1,-1,-0.01,-1,-1,-0.01,-1,-1,-0.01,-1,-1,-0.01,-1,-1,-0.01,-1,-1,-0.01,-1,-1,-0.01,-1,-1,-0.01,-1,-1
99926009,2026-05-18 11:13:52+05:30,53095.2,0,0.0,0,0.0,0.0,53282.15,53308.4,52783.45,53710.35,0,0.0,0.0,0.0,0.0,-0.01,-1,-1,-0.01,-1,-1,-0.01,-1,-1,-0.01,-1,-1,-0.01,-1,-1,-0.01,-1,-1,-0.01,-1,-1,-0.01,-1,-1,-0.01,-1,-1,-0.01,-1,-1
99926009,2026-05-18 11:13:52+05:30,53096.55,0,0.0,0,0.0,0.0,53282.15,53308.4,52783.45,53710.35,0,0.0,0.0,0.0,0.0,-0.01,-1,-1,-0.01,-1,-1,-0.01,-1,-1,-0.01,-1,-1,-0.01,-1,-1,-0.01,-1,-1,-0.01,-1,-1,-0.01,-1,-1,-0.01,-1,-1,-0.01,-1,-1
99926009,2026-05-18 11:13:53+05:30,53098.7,0,0.0,0,0.0,0.0,53282.15,53308.4,52783.45,53710.35,0,0.0,0.0,0.0,0.0,-0.01,-1,-1,-0.01,-1,-1,-0.01,-1,-1,-0.01,-1,-1,-0.01,-1,-1,-0.01,-1,-1,-0.01,-1,-1,-0.01,-1,-1,-0.01,-1,-1,-0.01,-1,-1
99926009,2026-05-18 11:13:53+05:30,53097.4,0,0.0,0,0.0,0.0,53282.15,53308.4,52783.45,53710.35,0,0.0,0.0,0.0,0.0,-0.01,-1,-1,-0.01,-1,-1,-0.01,-1,-1,-0.01,-1,-1,-0.01,-1,-1,-0.01,-1,-1,-0.01,-1,-1,-0.01,-1,-1,-0.01,-1,-1,-0.01,-1,-1
99926009,2026-05-18 11:13:54+05:30,53096.05,0,0.0,0,0.0,0.0,53282.15,53308.4,52783.45,53710.35,0,0.0,0.0,0.0,0.0,-0.01,-1,-1,-0.01,-1,-1,-0.01,-1,-1,-0.01,-1,-1,-0.01,-1,-1,-0.01,-1,-1,-0.01,-1,-1,-0.01,-1,-1,-0.01,-1,-1,-0.01,-1,-1
99926009,2026-05-18 11:13:54+05:30,53095.55,0,0.0,0,0.0,0.0,53282.15,53308.4,52783.45,53710.35,0,0.0,0.0,0.0,0.0,-0.01,-1,-1,-0.01,-1,-1,-0.01,-1,-1,-0.01,-1,-1,-0.01,-1,-1,-0.01,-1,-1,-0.01,-1,-1,-0.01,-1,-1,-0.01,-1,-1,-0.01,-1,-1
99926009,2026-05-18 11:13:55+05:30,53096.65,0,0.0,0,0.0,0.0,53282.15,53308.4,52783.45,53710.35,0,0.0,0.0,0.0,0.0,-0.01,-1,-1,-0.01,-1,-1,-0.01,-1,-1,-0.01,-1,-1,-0.01,-1,-1,-0.01,-1,-1,-0.01,-1,-1,-0.01,-1,-1,-0.01,-1,-1,-0.01,-1,-1
99926009,2026-05-18 11:13:55+05:30,53097.85,0,0.0,0,0.0,0.0,53282.15,53308.4,52783.45,53710.35,0,0.0,0.0,0.0,0.0,-0.01,-1,-1,-0.01,-1,-1,-0.01,-1,-1,-0.01,-1,-1,-0.01,-1,-1,-0.01,-1,-1,-0.01,-1,-1,-0.01,-1,-1,-0.01,-1,-1,-0.01,-1,-1
99926009,2026-05-18 11:13:56+05:30,53097.3,0,0.0,0,0.0,0.0,53282.15,53308.4,52783.45,53710.35,0,0.0,0.0,0.0,0.0,-0.01,-1,-1,-0.01,-1,-1,-0.01,-1,-1,-0.01,-1,-1,-0.01,-1,-1,-0.01,-1,-1,-0.01,-1,-1,-0.01,-1,-1,-0.01,-1,-1,-0.01,-1,-1
99926009,2026-05-18 11:13:56+05:30,53097.3,0,0.0,0,0.0,0.0,53282.15,53308.4,52783.45,53710.35,0,0.0,0.0,0.0,0.0,-0.01,-1,-1,-0.01,-1,-1,-0.01,-1,-1,-0.01,-1,-1,-0.01,-1,-1,-0.01,-1,-1,-0.01,-1,-1,-0.01,-1,-1,-0.01,-1,-1,-0.01,-1,-1
99926009,2026-05-18 11:13:57+05:30,53096.8,0,0.0,0,0.0,0.0,53282.15,53308.4,52783.45,53710.35,0,0.0,0.0,0.0,0.0,-0.01,-1,-1,-0.01,-1,-1,-0.01,-1,-1,-0.01,-1,-1,-0.01,-1,-1,-0.01,-1,-1,-0.01,-1,-1,-0.01,-1,-1,-0.01,-1,-1,-0.01,-1,-1
99926009,2026-05-18 11:13:57+05:30,53097.5,0,0.0,0,0.0,0.0,53282.15,53308.4,52783.45,53710.35,0,0.0,0.0,0.0,0.0,-0.01,-1,-1,-0.01,-1,-1,-0.01,-1,-1,-0.01,-1,-1,-0.01,-1,-1,-0.01,-1,-1,-0.01,-1,-1,-0.01,-1,-1,-0.01,-1,-1,-0.01,-1,-1
99926009,2026-05-18 11:13:58+05:30,53096.3,0,0.0,0,0.0,0.0,53282.15,53308.4,52783.45,53710.35,0,0.0,0.0,0.0,0.0,-0.01,-1,-1,-0.01,-1,-1,-0.01,-1,-1,-0.01,-1,-1,-0.01,-1,-1,-0.01,-1,-1,-0.01,-1,-1,-0.01,-1,-1,-0.01,-1,-1,-0.01,-1,-1
99926009,2026-05-18 11:13:58+05:30,53096.9,0,0.0,0,0.0,0.0,53282.15,53308.4,52783.45,53710.35,0,0.0,0.0,0.0,0.0,-0.01,-1,-1,-0.01,-1,-1,-0.01,-1,-1,-0.01,-1,-1,-0.01,-1,-1,-0.01,-1,-1,-0.01,-1,-1,-0.01,-1,-1,-0.01,-1,-1,-0.01,-1,-1
99926009,2026-05-18 11:13:59+05:30,53097.75,0,0.0,0,0.0,0.0,53282.15,53308.4,52783.45,53710.35,0,0.0,0.0,0.0,0.0,-0.01,-1,-1,-0.01,-1,-1,-0.01,-1,-1,-0.01,-1,-1,-0.01,-1,-1,-0.01,-1,-1,-0.01,-1,-1,-0.01,-1,-1,-0.01,-1,-1,-0.01,-1,-1
99926009,2026-05-18 11:13:59+05:30,53097.95,0,0.0,0,0.0,0.0,53282.15,53308.4,52783.45,53710.35,0,0.0,0.0,0.0,0.0,-0.01,-1,-1,-0.01,-1,-1,-0.01,-1,-1,-0.01,-1,-1,-0.01,-1,-1,-0.01,-1,-1,-0.01,-1,-1,-0.01,-1,-1,-0.01,-1,-1,-0.01,-1,-1
99926009,2026-05-18 11:14:00+05:30,53098.7,0,0.0,0,0.0,0.0,53282.15,53308.4,52783.45,53710.35,0,0.0,0.0,0.0,0.0,-0.01,-1,-1,-0.01,-1,-1,-0.01,-1,-1,-0.01,-1,-1,-0.01,-1,-1,-0.01,-1,-1,-0.01,-1,-1,-0.01,-1,-1,-0.01,-1,-1,-0.01,-1,-1
99926009,2026-05-18 11:14:00+05:30,53099.15,0,0.0,0,0.0,0.0,53282.15,53308.4,52783.45,53710.35,0,0.0,0.0,0.0,0.0,-0.01,-1,-1,-0.01,-1,-1,-0.01,-1,-1,-0.01,-1,-1,-0.01,-1,-1,-0.01,-1,-1,-0.01,-1,-1,-0.01,-1,-1,-0.01,-1,-1,-0.01,-1,-1
99926009,2026-05-18 11:14:01+05:30,53099.2,0,0.0,0,0.0,0.0,53282.15,53308.4,52783.45,53710.35,0,0.0,0.0,0.0,0.0,-0.01,-1,-1,-0.01,-1,-1,-0.01,-1,-1,-0.01,-1,-1,-0.01,-1,-1,-0.01,-1,-1,-0.01,-1,-1,-0.01,-1,-1,-0.01,-1,-1,-0.01,-1,-1
99926009,2026-05-18 11:14:01+05:30,53097.8,0,0.0,0,0.0,0.0,53282.15,53308.4,52783.45,53710.35,0,0.0,0.0,0.0,0.0,-0.01,-1,-1,-0.01,-1,-1,-0.01,-1,-1,-0.01,-1,-1,-0.01,-1,-1,-0.01,-1,-1,-0.01,-1,-1,-0.01,-1,-1,-0.01,-1,-1,-0.01,-1,-1
99926009,2026-05-18 11:14:02+05:30,53097.15,0,0.0,0,0.0,0.0,53282.15,53308.4,52783.45,53710.35,0,0.0,0.0,0.0,0.0,-0.01,-1,-1,-0.01,-1,-1,-0.01,-1,-1,-0.01,-1,-1,-0.01,-1,-1,-0.01,-1,-1,-0.01,-1,-1,-0.01,-1,-1,-0.01,-1,-1,-0.01,-1,-1
99926009,2026-05-18 11:14:02+05:30,53097.4,0,0.0,0,0.0,0.0,53282.15,53308.4,52783.45,53710.35,0,0.0,0.0,0.0,0.0,-0.01,-1,-1,-0.01,-1,-1,-0.01,-1,-1,-0.01,-1,-1,-0.01,-1,-1,-0.01,-1,-1,-0.01,-1,-1,-0.01,-1,-1,-0.01,-1,-1,-0.01,-1,-1
99926009,2026-05-18 11:14:03+05:30,53096.05,0,0.0,0,0.0,0.0,53282.15,53308.4,52783.45,53710.35,0,0.0,0.0,0.0,0.0,-0.01,-1,-1,-0.01,-1,-1,-0.01,-1,-1,-0.01,-1,-1,-0.01,-1,-1,-0.01,-1,-1,-0.01,-1,-1,-0.01,-1,-1,-0.01,-1,-1,-0.01,-1,-1
99926009,2026-05-18 11:14:03+05:30,53095.35,0,0.0,0,0.0,0.0,53282.15,53308.4,52783.45,53710.35,0,0.0,0.0,0.0,0.0,-0.01,-1,-1,-0.01,-1,-1,-0.01,-1,-1,-0.01,-1,-1,-0.01,-1,-1,-0.01,-1,-1,-0.01,-1,-1,-0.01,-1,-1,-0.01,-1,-1,-0.01,-1,-1
99926009,2026-05-18 11:14:04+05:30,53093.65,0,0.0,0,0.0,0.0,53282.15,53308.4,52783.45,53710.35,0,0.0,0.0,0.0,0.0,-0.01,-1,-1,-0.01,-1,-1,-0.01,-1,-1,-0.01,-1,-1,-0.01,-1,-1,-0.01,-1,-1,-0.01,-1,-1,-0.01,-1,-1,-0.01,-1,-1,-0.01,-1,-1
99926009,2026-05-18 11:14:04+05:30,53093.9,0,0.0,0,0.0,0.0,53282.15,53308.4,52783.45,53710.35,0,0.0,0.0,0.0,0.0,-0.01,-1,-1,-0.01,-1,-1,-0.01,-1,-1,-0.01,-1,-1,-0.01,-1,-1,-0.01,-1,-1,-0.01,-1,-1,-0.01,-1,-1,-0.01,-1,-1,-0.01,-1,-1
99926009,2026-05-18 11:14:05+05:30,53094.25,0,0.0,0,0.0,0.0,53282.15,53308.4,52783.45,53710.35,0,0.0,0.0,0.0,0.0,-0.01,-1,-1,-0.01,-1,-1,-0.01,-1,-1,-0.01,-1,-1,-0.01,-1,-1,-0.01,-1,-1,-0.01,-1,-1,-0.01,-1,-1,-0.01,-1,-1,-0.01,-1,-1
99926009,2026-05-18 11:14:05+05:30,53095.4,0,0.0,0,0.0,0.0,53282.15,53308.4,52783.45,53710.35,0,0.0,0.0,0.0,0.0,-0.01,-1,-1,-0.01,-1,-1,-0.01,-1,-1,-0.01,-1,-1,-0.01,-1,-1,-0.01,-1,-1,-0.01,-1,-1,-0.01,-1,-1,-0.01,-1,-1,-0.01,-1,-1
99926009,2026-05-18 11:14:06+05:30,53095.25,0,0.0,0,0.0,0.0,53282.15,53308.4,52783.45,53710.35,0,0.0,0.0,0.0,0.0,-0.01,-1,-1,-0.01,-1,-1,-0.01,-1,-1,-0.01,-1,-1,-0.01,-1,-1,-0.01,-1,-1,-0.01,-1,-1,-0.01,-1,-1,-0.01,-1,-1,-0.01,-1,-1
99926009,2026-05-18 11:14:06+05:30,53094.3,0,0.0,0,0.0,0.0,53282.15,53308.4,52783.45,53710.35,0,0.0,0.0,0.0,0.0,-0.01,-1,-1,-0.01,-1,-1,-0.01,-1,-1,-0.01,-1,-1,-0.01,-1,-1,-0.01,-1,-1,-0.01,-1,-1,-0.01,-1,-1,-0.01,-1,-1,-0.01,-1,-1
99926009,2026-05-18 11:14:07+05:30,53093.95,0,0.0,0,0.0,0.0,53282.15,53308.4,52783.45,53710.35,0,0.0,0.0,0.0,0.0,-0.01,-1,-1,-0.01,-1,-1,-0.01,-1,-1,-0.01,-1,-1,-0.01,-1,-1,-0.01,-1,-1,-0.01,-1,-1,-0.01,-1,-1,-0.01,-1,-1,-0.01,-1,-1
99926009,2026-05-18 11:14:07+05:30,53094.7,0,0.0,0,0.0,0.0,53282.15,53308.4,52783.45,53710.35,0,0.0,0.0,0.0,0.0,-0.01,-1,-1,-0.01,-1,-1,-0.01,-1,-1,-0.01,-1,-1,-0.01,-1,-1,-0.01,-1,-1,-0.01,-1,-1,-0.01,-1,-1,-0.01,-1,-1,-0.01,-1,-1
99926009,2026-05-18 11:14:08+05:30,53094.0,0,0.0,0,0.0,0.0,53282.15,53308.4,52783.45,53710.35,0,0.0,0.0,0.0,0.0,-0.01,-1,-1,-0.01,-1,-1,-0.01,-1,-1,-0.01,-1,-1,-0.01,-1,-1,-0.01,-1,-1,-0.01,-1,-1,-0.01,-1,-1,-0.01,-1,-1,-0.01,-1,-1
99926009,2026-05-18 11:14:08+05:30,53094.55,0,0.0,0,0.0,0.0,53282.15,53308.4,52783.45,53710.35,0,0.0,0.0,0.0,0.0,-0.01,-1,-1,-0.01,-1,-1,-0.01,-1,-1,-0.01,-1,-1,-0.01,-1,-1,-0.01,-1,-1,-0.01,-1,-1,-0.01,-1,-1,-0.01,-1,-1,-0.01,-1,-1
99926009,2026-05-18 11:14:09+05:30,53094.95,0,0.0,0,0.0,0.0,53282.15,53308.4,52783.45,53710.35,0,0.0,0.0,0.0,0.0,-0.01,-1,-1,-0.01,-1,-1,-0.01,-1,-1,-0.01,-1,-1,-0.01,-1,-1,-0.01,-1,-1,-0.01,-1,-1,-0.01,-1,-1,-0.01,-1,-1,-0.01,-1,-1
99926009,2026-05-18 11:14:09+05:30,53095.85,0,0.0,0,0.0,0.0,53282.15,53308.4,52783.45,53710.35,0,0.0,0.0,0.0,0.0,-0.01,-1,-1,-0.01,-1,-1,-0.01,-1,-1,-0.01,-1,-1,-0.01,-1,-1,-0.01,-1,-1,-0.01,-1,-1,-0.01,-1,-1,-0.01,-1,-1,-0.01,-1,-1
99926009,2026-05-18 11:14:10+05:30,53097.2,0,0.0,0,0.0,0.0,53282.15,53308.4,52783.45,53710.35,0,0.0,0.0,0.0,0.0,-0.01,-1,-1,-0.01,-1,-1,-0.01,-1,-1,-0.01,-1,-1,-0.01,-1,-1,-0.01,-1,-1,-0.01,-1,-1,-0.01,-1,-1,-0.01,-1,-1,-0.01,-1,-1
99926009,2026-05-18 11:14:10+05:30,53097.95,0,0.0,0,0.0,0.0,53282.15,53308.4,52783.45,53710.35,0,0.0,0.0,0.0,0.0,-0.01,-1,-1,-0.01,-1,-1,-0.01,-1,-1,-0.01,-1,-1,-0.01,-1,-1,-0.01,-1,-1,-0.01,-1,-1,-0.01,-1,-1,-0.01,-1,-1,-0.01,-1,-1
99926009,2026-05-18 11:14:11+05:30,53096.6,0,0.0,0,0.0,0.0,53282.15,53308.4,52783.45,53710.35,0,0.0,0.0,0.0,0.0,-0.01,-1,-1,-0.01,-1,-1,-0.01,-1,-1,-0.01,-1,-1,-0.01,-1,-1,-0.01,-1,-1,-0.01,-1,-1,-0.01,-1,-1,-0.01,-1,-1,-0.01,-1,-1
99926009,2026-05-18 11:14:11+05:30,53095.8,0,0.0,0,0.0,0.0,53282.15,53308.4,52783.45,53710.35,0,0.0,0.0,0.0,0.0,-0.01,-1,-1,-0.01,-1,-1,-0.01,-1,-1,-0.01,-1,-1,-0.01,-1,-1,-0.01,-1,-1,-0.01,-1,-1,-0.01,-1,-1,-0.01,-1,-1,-0.01,-1,-1
99926009,2026-05-18 11:14:12+05:30,53095.9,0,0.0,0,0.0,0.0,53282.15,53308.4,52783.45,53710.35,0,0.0,0.0,0.0,0.0,-0.01,-1,-1,-0.01,-1,-1,-0.01,-1,-1,-0.01,-1,-1,-0.01,-1,-1,-0.01,-1,-1,-0.01,-1,-1,-0.01,-1,-1,-0.01,-1,-1,-0.01,-1,-1
99926009,2026-05-18 11:14:12+05:30,53095.25,0,0.0,0,0.0,0.0,53282.15,53308.4,52783.45,53710.35,0,0.0,0.0,0.0,0.0,-0.01,-1,-1,-0.01,-1,-1,-0.01,-1,-1,-0.01,-1,-1,-0.01,-1,-1,-0.01,-1,-1,-0.01,-1,-1,-0.01,-1,-1,-0.01,-1,-1,-0.01,-1,-1
99926009,2026-05-18 11:14:13+05:30,53096.4,0,0.0,0,0.0,0.0,53282.15,53308.4,52783.45,53710.35,0,0.0,0.0,0.0,0.0,-0.01,-1,-1,-0.01,-1,-1,-0.01,-1,-1,-0.01,-1,-1,-0.01,-1,-1,-0.01,-1,-1,-0.01,-1,-1,-0.01,-1,-1,-0.01,-1,-1,-0.01,-1,-1
99926009,2026-05-18 11:14:14+05:30,53096.9,0,0.0,0,0.0,0.0,53282.15,53308.4,52783.45,53710.35,0,0.0,0.0,0.0,0.0,-0.01,-1,-1,-0.01,-1,-1,-0.01,-1,-1,-0.01,-1,-1,-0.01,-1,-1,-0.01,-1,-1,-0.01,-1,-1,-0.01,-1,-1,-0.01,-1,-1,-0.01,-1,-1
99926009,2026-05-18 11:14:14+05:30,53095.2,0,0.0,0,0.0,0.0,53282.15,53308.4,52783.45,53710.35,0,0.0,0.0,0.0,0.0,-0.01,-1,-1,-0.01,-1,-1,-0.01,-1,-1,-0.01,-1,-1,-0.01,-1,-1,-0.01,-1,-1,-0.01,-1,-1,-0.01,-1,-1,-0.01,-1,-1,-0.01,-1,-1
99926009,2026-05-18 11:14:15+05:30,53096.55,0,0.0,0,0.0,0.0,53282.15,53308.4,52783.45,53710.35,0,0.0,0.0,0.0,0.0,-0.01,-1,-1,-0.01,-1,-1,-0.01,-1,-1,-0.01,-1,-1,-0.01,-1,-1,-0.01,-1,-1,-0.01,-1,-1,-0.01,-1,-1,-0.01,-1,-1,-0.01,-1,-1
99926009,2026-05-18 11:14:15+05:30,53097.2,0,0.0,0,0.0,0.0,53282.15,53308.4,52783.45,53710.35,0,0.0,0.0,0.0,0.0,-0.01,-1,-1,-0.01,-1,-1,-0.01,-1,-1,-0.01,-1,-1,-0.01,-1,-1,-0.01,-1,-1,-0.01,-1,-1,-0.01,-1,-1,-0.01,-1,-1,-0.01,-1,-1
99926009,2026-05-18 11:14:16+05:30,53097.6,0,0.0,0,0.0,0.0,53282.15,53308.4,52783.45,53710.35,0,0.0,0.0,0.0,0.0,-0.01,-1,-1,-0.01,-1,-1,-0.01,-1,-1,-0.01,-1,-1,-0.01,-1,-1,-0.01,-1,-1,-0.01,-1,-1,-0.01,-1,-1,-0.01,-1,-1,-0.01,-1,-1
99926009,2026-05-18 11:14:16+05:30,53097.6,0,0.0,0,0.0,0.0,53282.15,53308.4,52783.45,53710.35,0,0.0,0.0,0.0,0.0,-0.01,-1,-1,-0.01,-1,-1,-0.01,-1,-1,-0.01,-1,-1,-0.01,-1,-1,-0.01,-1,-1,-0.01,-1,-1,-0.01,-1,-1,-0.01,-1,-1,-0.01,-1,-1
99926009,2026-05-18 11:14:17+05:30,53096.5,0,0.0,0,0.0,0.0,53282.15,53308.4,52783.45,53710.35,0,0.0,0.0,0.0,0.0,-0.01,-1,-1,-0.01,-1,-1,-0.01,-1,-1,-0.01,-1,-1,-0.01,-1,-1,-0.01,-1,-1,-0.01,-1,-1,-0.01,-1,-1,-0.01,-1,-1,-0.01,-1,-1
99926009,2026-05-18 11:14:17+05:30,53095.75,0,0.0,0,0.0,0.0,53282.15,53308.4,52783.45,53710.35,0,0.0,0.0,0.0,0.0,-0.01,-1,-1,-0.01,-1,-1,-0.01,-1,-1,-0.01,-1,-1,-0.01,-1,-1,-0.01,-1,-1,-0.01,-1,-1,-0.01,-1,-1,-0.01,-1,-1,-0.01,-1,-1
99926009,2026-05-18 11:14:18+05:30,53095.75,0,0.0,0,0.0,0.0,53282.15,53308.4,52783.45,53710.35,0,0.0,0.0,0.0,0.0,-0.01,-1,-1,-0.01,-1,-1,-0.01,-1,-1,-0.01,-1,-1,-0.01,-1,-1,-0.01,-1,-1,-0.01,-1,-1,-0.01,-1,-1,-0.01,-1,-1,-0.01,-1,-1
99926009,2026-05-18 11:14:18+05:30,53094.95,0,0.0,0,0.0,0.0,53282.15,53308.4,52783.45,53710.35,0,0.0,0.0,0.0,0.0,-0.01,-1,-1,-0.01,-1,-1,-0.01,-1,-1,-0.01,-1,-1,-0.01,-1,-1,-0.01,-1,-1,-0.01,-1,-1,-0.01,-1,-1,-0.01,-1,-1,-0.01,-1,-1
99926009,2026-05-18 11:14:19+05:30,53094.3,0,0.0,0,0.0,0.0,53282.15,53308.4,52783.45,53710.35,0,0.0,0.0,0.0,0.0,-0.01,-1,-1,-0.01,-1,-1,-0.01,-1,-1,-0.01,-1,-1,-0.01,-1,-1,-0.01,-1,-1,-0.01,-1,-1,-0.01,-1,-1,-0.01,-1,-1,-0.01,-1,-1
99926009,2026-05-18 11:14:19+05:30,53096.05,0,0.0,0,0.0,0.0,53282.15,53308.4,52783.45,53710.35,0,0.0,0.0,0.0,0.0,-0.01,-1,-1,-0.01,-1,-1,-0.01,-1,-1,-0.01,-1,-1,-0.01,-1,-1,-0.01,-1,-1,-0.01,-1,-1,-0.01,-1,-1,-0.01,-1,-1,-0.01,-1,-1
99926009,2026-05-18 11:14:20+05:30,53094.85,0,0.0,0,0.0,0.0,53282.15,53308.4,52783.45,53710.35,0,0.0,0.0,0.0,0.0,-0.01,-1,-1,-0.01,-1,-1,-0.01,-1,-1,-0.01,-1,-1,-0.01,-1,-1,-0.01,-1,-1,-0.01,-1,-1,-0.01,-1,-1,-0.01,-1,-1,-0.01,-1,-1
99926009,2026-05-18 11:14:20+05:30,53094.05,0,0.0,0,0.0,0.0,53282.15,53308.4,52783.45,53710.35,0,0.0,0.0,0.0,0.0,-0.01,-1,-1,-0.01,-1,-1,-0.01,-1,-1,-0.01,-1,-1,-0.01,-1,-1,-0.01,-1,-1,-0.01,-1,-1,-0.01,-1,-1,-0.01,-1,-1,-0.01,-1,-1
99926009,2026-05-18 11:14:21+05:30,53094.0,0,0.0,0,0.0,0.0,53282.15,53308.4,52783.45,53710.35,0,0.0,0.0,0.0,0.0,-0.01,-1,-1,-0.01,-1,-1,-0.01,-1,-1,-0.01,-1,-1,-0.01,-1,-1,-0.01,-1,-1,-0.01,-1,-1,-0.01,-1,-1,-0.01,-1,-1,-0.01,-1,-1
99926009,2026-05-18 11:14:21+05:30,53095.1,0,0.0,0,0.0,0.0,53282.15,53308.4,52783.45,53710.35,0,0.0,0.0,0.0,0.0,-0.01,-1,-1,-0.01,-1,-1,-0.01,-1,-1,-0.01,-1,-1,-0.01,-1,-1,-0.01,-1,-1,-0.01,-1,-1,-0.01,-1,-1,-0.01,-1,-1,-0.01,-1,-1
99926009,2026-05-18 11:14:22+05:30,53093.15,0,0.0,0,0.0,0.0,53282.15,53308.4,52783.45,53710.35,0,0.0,0.0,0.0,0.0,-0.01,-1,-1,-0.01,-1,-1,-0.01,-1,-1,-0.01,-1,-1,-0.01,-1,-1,-0.01,-1,-1,-0.01,-1,-1,-0.01,-1,-1,-0.01,-1,-1,-0.01,-1,-1
99926009,2026-05-18 11:14:22+05:30,53092.55,0,0.0,0,0.0,0.0,53282.15,53308.4,52783.45,53710.35,0,0.0,0.0,0.0,0.0,-0.01,-1,-1,-0.01,-1,-1,-0.01,-1,-1,-0.01,-1,-1,-0.01,-1,-1,-0.01,-1,-1,-0.01,-1,-1,-0.01,-1,-1,-0.01,-1,-1,-0.01,-1,-1
99926009,2026-05-18 11:14:23+05:30,53093.45,0,0.0,0,0.0,0.0,53282.15,53308.4,52783.45,53710.35,0,0.0,0.0,0.0,0.0,-0.01,-1,-1,-0.01,-1,-1,-0.01,-1,-1,-0.01,-1,-1,-0.01,-1,-1,-0.01,-1,-1,-0.01,-1,-1,-0.01,-1,-1,-0.01,-1,-1,-0.01,-1,-1
99926009,2026-05-18 11:14:23+05:30,53093.45,0,0.0,0,0.0,0.0,53282.15,53308.4,52783.45,53710.35,0,0.0,0.0,0.0,0.0,-0.01,-1,-1,-0.01,-1,-1,-0.01,-1,-1,-0.01,-1,-1,-0.01,-1,-1,-0.01,-1,-1,-0.01,-1,-1,-0.01,-1,-1,-0.01,-1,-1,-0.01,-1,-1
99926009,2026-05-18 11:14:24+05:30,53094.15,0,0.0,0,0.0,0.0,53282.15,53308.4,52783.45,53710.35,0,0.0,0.0,0.0,0.0,-0.01,-1,-1,-0.01,-1,-1,-0.01,-1,-1,-0.01,-1,-1,-0.01,-1,-1,-0.01,-1,-1,-0.01,-1,-1,-0.01,-1,-1,-0.01,-1,-1,-0.01,-1,-1
99926009,2026-05-18 11:14:24+05:30,53094.55,0,0.0,0,0.0,0.0,53282.15,53308.4,52783.45,53710.35,0,0.0,0.0,0.0,0.0,-0.01,-1,-1,-0.01,-1,-1,-0.01,-1,-1,-0.01,-1,-1,-0.01,-1,-1,-0.01,-1,-1,-0.01,-1,-1,-0.01,-1,-1,-0.01,-1,-1,-0.01,-1,-1
99926009,2026-05-18 11:14:25+05:30,53094.45,0,0.0,0,0.0,0.0,53282.15,53308.4,52783.45,53710.35,0,0.0,0.0,0.0,0.0,-0.01,-1,-1,-0.01,-1,-1,-0.01,-1,-1,-0.01,-1,-1,-0.01,-1,-1,-0.01,-1,-1,-0.01,-1,-1,-0.01,-1,-1,-0.01,-1,-1,-0.01,-1,-1
99926009,2026-05-18 11:14:25+05:30,53096.2,0,0.0,0,0.0,0.0,53282.15,53308.4,52783.45,53710.35,0,0.0,0.0,0.0,0.0,-0.01,-1,-1,-0.01,-1,-1,-0.01,-1,-1,-0.01,-1,-1,-0.01,-1,-1,-0.01,-1,-1,-0.01,-1,-1,-0.01,-1,-1,-0.01,-1,-1,-0.01,-1,-1
99926009,2026-05-18 11:14:26+05:30,53091.05,0,0.0,0,0.0,0.0,53282.15,53308.4,52783.45,53710.35,0,0.0,0.0,0.0,0.0,-0.01,-1,-1,-0.01,-1,-1,-0.01,-1,-1,-0.01,-1,-1,-0.01,-1,-1,-0.01,-1,-1,-0.01,-1,-1,-0.01,-1,-1,-0.01,-1,-1,-0.01,-1,-1
99926009,2026-05-18 11:14:26+05:30,53089.45,0,0.0,0,0.0,0.0,53282.15,53308.4,52783.45,53710.35,0,0.0,0.0,0.0,0.0,-0.01,-1,-1,-0.01,-1,-1,-0.01,-1,-1,-0.01,-1,-1,-0.01,-1,-1,-0.01,-1,-1,-0.01,-1,-1,-0.01,-1,-1,-0.01,-1,-1,-0.01,-1,-1
99926009,2026-05-18 11:14:27+05:30,53090.15,0,0.0,0,0.0,0.0,53282.15,53308.4,52783.45,53710.35,0,0.0,0.0,0.0,0.0,-0.01,-1,-1,-0.01,-1,-1,-0.01,-1,-1,-0.01,-1,-1,-0.01,-1,-1,-0.01,-1,-1,-0.01,-1,-1,-0.01,-1,-1,-0.01,-1,-1,-0.01,-1,-1
99926009,2026-05-18 11:14:27+05:30,53089.65,0,0.0,0,0.0,0.0,53282.15,53308.4,52783.45,53710.35,0,0.0,0.0,0.0,0.0,-0.01,-1,-1,-0.01,-1,-1,-0.01,-1,-1,-0.01,-1,-1,-0.01,-1,-1,-0.01,-1,-1,-0.01,-1,-1,-0.01,-1,-1,-0.01,-1,-1,-0.01,-1,-1
99926009,2026-05-18 11:14:28+05:30,53089.65,0,0.0,0,0.0,0.0,53282.15,53308.4,52783.45,53710.35,0,0.0,0.0,0.0,0.0,-0.01,-1,-1,-0.01,-1,-1,-0.01,-1,-1,-0.01,-1,-1,-0.01,-1,-1,-0.01,-1,-1,-0.01,-1,-1,-0.01,-1,-1,-0.01,-1,-1,-0.01,-1,-1
99926009,2026-05-18 11:14:28+05:30,53089.1,0,0.0,0,0.0,0.0,53282.15,53308.4,52783.45,53710.35,0,0.0,0.0,0.0,0.0,-0.01,-1,-1,-0.01,-1,-1,-0.01,-1,-1,-0.01,-1,-1,-0.01,-1,-1,-0.01,-1,-1,-0.01,-1,-1,-0.01,-1,-1,-0.01,-1,-1,-0.01,-1,-1
99926009,2026-05-18 11:14:29+05:30,53086.25,0,0.0,0,0.0,0.0,53282.15,53308.4,52783.45,53710.35,0,0.0,0.0,0.0,0.0,-0.01,-1,-1,-0.01,-1,-1,-0.01,-1,-1,-0.01,-1,-1,-0.01,-1,-1,-0.01,-1,-1,-0.01,-1,-1,-0.01,-1,-1,-0.01,-1,-1,-0.01,-1,-1
99926009,2026-05-18 11:14:29+05:30,53086.8,0,0.0,0,0.0,0.0,53282.15,53308.4,52783.45,53710.35,0,0.0,0.0,0.0,0.0,-0.01,-1,-1,-0.01,-1,-1,-0.01,-1,-1,-0.01,-1,-1,-0.01,-1,-1,-0.01,-1,-1,-0.01,-1,-1,-0.01,-1,-1,-0.01,-1,-1,-0.01,-1,-1
99926009,2026-05-18 11:14:30+05:30,53087.0,0,0.0,0,0.0,0.0,53282.15,53308.4,52783.45,53710.35,0,0.0,0.0,0.0,0.0,-0.01,-1,-1,-0.01,-1,-1,-0.01,-1,-1,-0.01,-1,-1,-0.01,-1,-1,-0.01,-1,-1,-0.01,-1,-1,-0.01,-1,-1,-0.01,-1,-1,-0.01,-1,-1
99926009,2026-05-18 11:14:30+05:30,53090.95,0,0.0,0,0.0,0.0,53282.15,53308.4,52783.45,53710.35,0,0.0,0.0,0.0,0.0,-0.01,-1,-1,-0.01,-1,-1,-0.01,-1,-1,-0.01,-1,-1,-0.01,-1,-1,-0.01,-1,-1,-0.01,-1,-1,-0.01,-1,-1,-0.01,-1,-1,-0.01,-1,-1
99926009,2026-05-18 11:14:31+05:30,53090.9,0,0.0,0,0.0,0.0,53282.15,53308.4,52783.45,53710.35,0,0.0,0.0,0.0,0.0,-0.01,-1,-1,-0.01,-1,-1,-0.01,-1,-1,-0.01,-1,-1,-0.01,-1,-1,-0.01,-1,-1,-0.01,-1,-1,-0.01,-1,-1,-0.01,-1,-1,-0.01,-1,-1
99926009,2026-05-18 11:14:31+05:30,53089.5,0,0.0,0,0.0,0.0,53282.15,53308.4,52783.45,53710.35,0,0.0,0.0,0.0,0.0,-0.01,-1,-1,-0.01,-1,-1,-0.01,-1,-1,-0.01,-1,-1,-0.01,-1,-1,-0.01,-1,-1,-0.01,-1,-1,-0.01,-1,-1,-0.01,-1,-1,-0.01,-1,-1
99926009,2026-05-18 11:14:32+05:30,53085.45,0,0.0,0,0.0,0.0,53282.15,53308.4,52783.45,53710.35,0,0.0,0.0,0.0,0.0,-0.01,-1,-1,-0.01,-1,-1,-0.01,-1,-1,-0.01,-1,-1,-0.01,-1,-1,-0.01,-1,-1,-0.01,-1,-1,-0.01,-1,-1,-0.01,-1,-1,-0.01,-1,-1
99926009,2026-05-18 11:14:32+05:30,53081.5,0,0.0,0,0.0,0.0,53282.15,53308.4,52783.45,53710.35,0,0.0,0.0,0.0,0.0,-0.01,-1,-1,-0.01,-1,-1,-0.01,-1,-1,-0.01,-1,-1,-0.01,-1,-1,-0.01,-1,-1,-0.01,-1,-1,-0.01,-1,-1,-0.01,-1,-1,-0.01,-1,-1
99926009,2026-05-18 11:14:33+05:30,53078.45,0,0.0,0,0.0,0.0,53282.15,53308.4,52783.45,53710.35,0,0.0,0.0,0.0,0.0,-0.01,-1,-1,-0.01,-1,-1,-0.01,-1,-1,-0.01,-1,-1,-0.01,-1,-1,-0.01,-1,-1,-0.01,-1,-1,-0.01,-1,-1,-0.01,-1,-1,-0.01,-1,-1
99926009,2026-05-18 11:14:33+05:30,53073.2,0,0.0,0,0.0,0.0,53282.15,53308.4,52783.45,53710.35,0,0.0,0.0,0.0,0.0,-0.01,-1,-1,-0.01,-1,-1,-0.01,-1,-1,-0.01,-1,-1,-0.01,-1,-1,-0.01,-1,-1,-0.01,-1,-1,-0.01,-1,-1,-0.01,-1,-1,-0.01,-1,-1
99926009,2026-05-18 11:14:34+05:30,53075.85,0,0.0,0,0.0,0.0,53282.15,53308.4,52783.45,53710.35,0,0.0,0.0,0.0,0.0,-0.01,-1,-1,-0.01,-1,-1,-0.01,-1,-1,-0.01,-1,-1,-0.01,-1,-1,-0.01,-1,-1,-0.01,-1,-1,-0.01,-1,-1,-0.01,-1,-1,-0.01,-1,-1
99926009,2026-05-18 11:14:34+05:30,53073.8,0,0.0,0,0.0,0.0,53282.15,53308.4,52783.45,53710.35,0,0.0,0.0,0.0,0.0,-0.01,-1,-1,-0.01,-1,-1,-0.01,-1,-1,-0.01,-1,-1,-0.01,-1,-1,-0.01,-1,-1,-0.01,-1,-1,-0.01,-1,-1,-0.01,-1,-1,-0.01,-1,-1
99926009,2026-05-18 11:14:35+05:30,53072.45,0,0.0,0,0.0,0.0,53282.15,53308.4,52783.45,53710.35,0,0.0,0.0,0.0,0.0,-0.01,-1,-1,-0.01,-1,-1,-0.01,-1,-1,-0.01,-1,-1,-0.01,-1,-1,-0.01,-1,-1,-0.01,-1,-1,-0.01,-1,-1,-0.01,-1,-1,-0.01,-1,-1
99926009,2026-05-18 11:14:35+05:30,53077.4,0,0.0,0,0.0,0.0,53282.15,53308.4,52783.45,53710.35,0,0.0,0.0,0.0,0.0,-0.01,-1,-1,-0.01,-1,-1,-0.01,-1,-1,-0.01,-1,-1,-0.01,-1,-1,-0.01,-1,-1,-0.01,-1,-1,-0.01,-1,-1,-0.01,-1,-1,-0.01,-1,-1
99926009,2026-05-18 11:14:36+05:30,53076.65,0,0.0,0,0.0,0.0,53282.15,53308.4,52783.45,53710.35,0,0.0,0.0,0.0,0.0,-0.01,-1,-1,-0.01,-1,-1,-0.01,-1,-1,-0.01,-1,-1,-0.01,-1,-1,-0.01,-1,-1,-0.01,-1,-1,-0.01,-1,-1,-0.01,-1,-1,-0.01,-1,-1
99926009,2026-05-18 11:14:36+05:30,53073.75,0,0.0,0,0.0,0.0,53282.15,53308.4,52783.45,53710.35,0,0.0,0.0,0.0,0.0,-0.01,-1,-1,-0.01,-1,-1,-0.01,-1,-1,-0.01,-1,-1,-0.01,-1,-1,-0.01,-1,-1,-0.01,-1,-1,-0.01,-1,-1,-0.01,-1,-1,-0.01,-1,-1
99926009,2026-05-18 11:14:37+05:30,53073.7,0,0.0,0,0.0,0.0,53282.15,53308.4,52783.45,53710.35,0,0.0,0.0,0.0,0.0,-0.01,-1,-1,-0.01,-1,-1,-0.01,-1,-1,-0.01,-1,-1,-0.01,-1,-1,-0.01,-1,-1,-0.01,-1,-1,-0.01,-1,-1,-0.01,-1,-1,-0.01,-1,-1
99926009,2026-05-18 11:14:37+05:30,53074.65,0,0.0,0,0.0,0.0,53282.15,53308.4,52783.45,53710.35,0,0.0,0.0,0.0,0.0,-0.01,-1,-1,-0.01,-1,-1,-0.01,-1,-1,-0.01,-1,-1,-0.01,-1,-1,-0.01,-1,-1,-0.01,-1,-1,-0.01,-1,-1,-0.01,-1,-1,-0.01,-1,-1
99926009,2026-05-18 11:14:38+05:30,53073.65,0,0.0,0,0.0,0.0,53282.15,53308.4,52783.45,53710.35,0,0.0,0.0,0.0,0.0,-0.01,-1,-1,-0.01,-1,-1,-0.01,-1,-1,-0.01,-1,-1,-0.01,-1,-1,-0.01,-1,-1,-0.01,-1,-1,-0.01,-1,-1,-0.01,-1,-1,-0.01,-1,-1
99926009,2026-05-18 11:14:38+05:30,53074.55,0,0.0,0,0.0,0.0,53282.15,53308.4,52783.45,53710.35,0,0.0,0.0,0.0,0.0,-0.01,-1,-1,-0.01,-1,-1,-0.01,-1,-1,-0.01,-1,-1,-0.01,-1,-1,-0.01,-1,-1,-0.01,-1,-1,-0.01,-1,-1,-0.01,-1,-1,-0.01,-1,-1
99926009,2026-05-18 11:14:39+05:30,53074.3,0,0.0,0,0.0,0.0,53282.15,53308.4,52783.45,53710.35,0,0.0,0.0,0.0,0.0,-0.01,-1,-1,-0.01,-1,-1,-0.01,-1,-1,-0.01,-1,-1,-0.01,-1,-1,-0.01,-1,-1,-0.01,-1,-1,-0.01,-1,-1,-0.01,-1,-1,-0.01,-1,-1
99926009,2026-05-18 11:14:39+05:30,53076.2,0,0.0,0,0.0,0.0,53282.15,53308.4,52783.45,53710.35,0,0.0,0.0,0.0,0.0,-0.01,-1,-1,-0.01,-1,-1,-0.01,-1,-1,-0.01,-1,-1,-0.01,-1,-1,-0.01,-1,-1,-0.01,-1,-1,-0.01,-1,-1,-0.01,-1,-1,-0.01,-1,-1
99926009,2026-05-18 11:14:40+05:30,53071.4,0,0.0,0,0.0,0.0,53282.15,53308.4,52783.45,53710.35,0,0.0,0.0,0.0,0.0,-0.01,-1,-1,-0.01,-1,-1,-0.01,-1,-1,-0.01,-1,-1,-0.01,-1,-1,-0.01,-1,-1,-0.01,-1,-1,-0.01,-1,-1,-0.01,-1,-1,-0.01,-1,-1
99926009,2026-05-18 11:14:40+05:30,53074.55,0,0.0,0,0.0,0.0,53282.15,53308.4,52783.45,53710.35,0,0.0,0.0,0.0,0.0,-0.01,-1,-1,-0.01,-1,-1,-0.01,-1,-1,-0.01,-1,-1,-0.01,-1,-1,-0.01,-1,-1,-0.01,-1,-1,-0.01,-1,-1,-0.01,-1,-1,-0.01,-1,-1
99926009,2026-05-18 11:14:41+05:30,53075.3,0,0.0,0,0.0,0.0,53282.15,53308.4,52783.45,53710.35,0,0.0,0.0,0.0,0.0,-0.01,-1,-1,-0.01,-1,-1,-0.01,-1,-1,-0.01,-1,-1,-0.01,-1,-1,-0.01,-1,-1,-0.01,-1,-1,-0.01,-1,-1,-0.01,-1,-1,-0.01,-1,-1
99926009,2026-05-18 11:14:41+05:30,53076.6,0,0.0,0,0.0,0.0,53282.15,53308.4,52783.45,53710.35,0,0.0,0.0,0.0,0.0,-0.01,-1,-1,-0.01,-1,-1,-0.01,-1,-1,-0.01,-1,-1,-0.01,-1,-1,-0.01,-1,-1,-0.01,-1,-1,-0.01,-1,-1,-0.01,-1,-1,-0.01,-1,-1
99926009,2026-05-18 11:14:42+05:30,53075.95,0,0.0,0,0.0,0.0,53282.15,53308.4,52783.45,53710.35,0,0.0,0.0,0.0,0.0,-0.01,-1,-1,-0.01,-1,-1,-0.01,-1,-1,-0.01,-1,-1,-0.01,-1,-1,-0.01,-1,-1,-0.01,-1,-1,-0.01,-1,-1,-0.01,-1,-1,-0.01,-1,-1
99926009,2026-05-18 11:14:42+05:30,53076.6,0,0.0,0,0.0,0.0,53282.15,53308.4,52783.45,53710.35,0,0.0,0.0,0.0,0.0,-0.01,-1,-1,-0.01,-1,-1,-0.01,-1,-1,-0.01,-1,-1,-0.01,-1,-1,-0.01,-1,-1,-0.01,-1,-1,-0.01,-1,-1,-0.01,-1,-1,-0.01,-1,-1
99926009,2026-05-18 11:14:43+05:30,53075.4,0,0.0,0,0.0,0.0,53282.15,53308.4,52783.45,53710.35,0,0.0,0.0,0.0,0.0,-0.01,-1,-1,-0.01,-1,-1,-0.01,-1,-1,-0.01,-1,-1,-0.01,-1,-1,-0.01,-1,-1,-0.01,-1,-1,-0.01,-1,-1,-0.01,-1,-1,-0.01,-1,-1
99926009,2026-05-18 11:14:43+05:30,53073.05,0,0.0,0,0.0,0.0,53282.15,53308.4,52783.45,53710.35,0,0.0,0.0,0.0,0.0,-0.01,-1,-1,-0.01,-1,-1,-0.01,-1,-1,-0.01,-1,-1,-0.01,-1,-1,-0.01,-1,-1,-0.01,-1,-1,-0.01,-1,-1,-0.01,-1,-1,-0.01,-1,-1
99926009,2026-05-18 11:14:44+05:30,53073.2,0,0.0,0,0.0,0.0,53282.15,53308.4,52783.45,53710.35,0,0.0,0.0,0.0,0.0,-0.01,-1,-1,-0.01,-1,-1,-0.01,-1,-1,-0.01,-1,-1,-0.01,-1,-1,-0.01,-1,-1,-0.01,-1,-1,-0.01,-1,-1,-0.01,-1,-1,-0.01,-1,-1
99926009,2026-05-18 11:14:44+05:30,53071.8,0,0.0,0,0.0,0.0,53282.15,53308.4,52783.45,53710.35,0,0.0,0.0,0.0,0.0,-0.01,-1,-1,-0.01,-1,-1,-0.01,-1,-1,-0.01,-1,-1,-0.01,-1,-1,-0.01,-1,-1,-0.01,-1,-1,-0.01,-1,-1,-0.01,-1,-1,-0.01,-1,-1
99926009,2026-05-18 11:14:45+05:30,53074.9,0,0.0,0,0.0,0.0,53282.15,53308.4,52783.45,53710.35,0,0.0,0.0,0.0,0.0,-0.01,-1,-1,-0.01,-1,-1,-0.01,-1,-1,-0.01,-1,-1,-0.01,-1,-1,-0.01,-1,-1,-0.01,-1,-1,-0.01,-1,-1,-0.01,-1,-1,-0.01,-1,-1
99926009,2026-05-18 11:14:45+05:30,53076.5,0,0.0,0,0.0,0.0,53282.15,53308.4,52783.45,53710.35,0,0.0,0.0,0.0,0.0,-0.01,-1,-1,-0.01,-1,-1,-0.01,-1,-1,-0.01,-1,-1,-0.01,-1,-1,-0.01,-1,-1,-0.01,-1,-1,-0.01,-1,-1,-0.01,-1,-1,-0.01,-1,-1
99926009,2026-05-18 11:14:46+05:30,53075.55,0,0.0,0,0.0,0.0,53282.15,53308.4,52783.45,53710.35,0,0.0,0.0,0.0,0.0,-0.01,-1,-1,-0.01,-1,-1,-0.01,-1,-1,-0.01,-1,-1,-0.01,-1,-1,-0.01,-1,-1,-0.01,-1,-1,-0.01,-1,-1,-0.01,-1,-1,-0.01,-1,-1
99926009,2026-05-18 11:14:46+05:30,53076.8,0,0.0,0,0.0,0.0,53282.15,53308.4,52783.45,53710.35,0,0.0,0.0,0.0,0.0,-0.01,-1,-1,-0.01,-1,-1,-0.01,-1,-1,-0.01,-1,-1,-0.01,-1,-1,-0.01,-1,-1,-0.01,-1,-1,-0.01,-1,-1,-0.01,-1,-1,-0.01,-1,-1
99926009,2026-05-18 11:14:47+05:30,53077.95,0,0.0,0,0.0,0.0,53282.15,53308.4,52783.45,53710.35,0,0.0,0.0,0.0,0.0,-0.01,-1,-1,-0.01,-1,-1,-0.01,-1,-1,-0.01,-1,-1,-0.01,-1,-1,-0.01,-1,-1,-0.01,-1,-1,-0.01,-1,-1,-0.01,-1,-1,-0.01,-1,-1
99926009,2026-05-18 11:14:47+05:30,53076.55,0,0.0,0,0.0,0.0,53282.15,53308.4,52783.45,53710.35,0,0.0,0.0,0.0,0.0,-0.01,-1,-1,-0.01,-1,-1,-0.01,-1,-1,-0.01,-1,-1,-0.01,-1,-1,-0.01,-1,-1,-0.01,-1,-1,-0.01,-1,-1,-0.01,-1,-1,-0.01,-1,-1
99926009,2026-05-18 11:14:48+05:30,53075.95,0,0.0,0,0.0,0.0,53282.15,53308.4,52783.45,53710.35,0,0.0,0.0,0.0,0.0,-0.01,-1,-1,-0.01,-1,-1,-0.01,-1,-1,-0.01,-1,-1,-0.01,-1,-1,-0.01,-1,-1,-0.01,-1,-1,-0.01,-1,-1,-0.01,-1,-1,-0.01,-1,-1
99926009,2026-05-18 11:14:48+05:30,53078.7,0,0.0,0,0.0,0.0,53282.15,53308.4,52783.45,53710.35,0,0.0,0.0,0.0,0.0,-0.01,-1,-1,-0.01,-1,-1,-0.01,-1,-1,-0.01,-1,-1,-0.01,-1,-1,-0.01,-1,-1,-0.01,-1,-1,-0.01,-1,-1,-0.01,-1,-1,-0.01,-1,-1
99926009,2026-05-18 11:14:49+05:30,53076.15,0,0.0,0,0.0,0.0,53282.15,53308.4,52783.45,53710.35,0,0.0,0.0,0.0,0.0,-0.01,-1,-1,-0.01,-1,-1,-0.01,-1,-1,-0.01,-1,-1,-0.01,-1,-1,-0.01,-1,-1,-0.01,-1,-1,-0.01,-1,-1,-0.01,-1,-1,-0.01,-1,-1
99926009,2026-05-18 11:14:49+05:30,53076.3,0,0.0,0,0.0,0.0,53282.15,53308.4,52783.45,53710.35,0,0.0,0.0,0.0,0.0,-0.01,-1,-1,-0.01,-1,-1,-0.01,-1,-1,-0.01,-1,-1,-0.01,-1,-1,-0.01,-1,-1,-0.01,-1,-1,-0.01,-1,-1,-0.01,-1,-1,-0.01,-1,-1
99926009,2026-05-18 11:14:50+05:30,53076.75,0,0.0,0,0.0,0.0,53282.15,53308.4,52783.45,53710.35,0,0.0,0.0,0.0,0.0,-0.01,-1,-1,-0.01,-1,-1,-0.01,-1,-1,-0.01,-1,-1,-0.01,-1,-1,-0.01,-1,-1,-0.01,-1,-1,-0.01,-1,-1,-0.01,-1,-1,-0.01,-1,-1
99926009,2026-05-18 11:14:50+05:30,53079.8,0,0.0,0,0.0,0.0,53282.15,53308.4,52783.45,53710.35,0,0.0,0.0,0.0,0.0,-0.01,-1,-1,-0.01,-1,-1,-0.01,-1,-1,-0.01,-1,-1,-0.01,-1,-1,-0.01,-1,-1,-0.01,-1,-1,-0.01,-1,-1,-0.01,-1,-1,-0.01,-1,-1
99926009,2026-05-18 11:14:51+05:30,53079.6,0,0.0,0,0.0,0.0,53282.15,53308.4,52783.45,53710.35,0,0.0,0.0,0.0,0.0,-0.01,-1,-1,-0.01,-1,-1,-0.01,-1,-1,-0.01,-1,-1,-0.01,-1,-1,-0.01,-1,-1,-0.01,-1,-1,-0.01,-1,-1,-0.01,-1,-1,-0.01,-1,-1
99926009,2026-05-18 11:14:51+05:30,53083.3,0,0.0,0,0.0,0.0,53282.15,53308.4,52783.45,53710.35,0,0.0,0.0,0.0,0.0,-0.01,-1,-1,-0.01,-1,-1,-0.01,-1,-1,-0.01,-1,-1,-0.01,-1,-1,-0.01,-1,-1,-0.01,-1,-1,-0.01,-1,-1,-0.01,-1,-1,-0.01,-1,-1
99926009,2026-05-18 11:14:52+05:30,53082.1,0,0.0,0,0.0,0.0,53282.15,53308.4,52783.45,53710.35,0,0.0,0.0,0.0,0.0,-0.01,-1,-1,-0.01,-1,-1,-0.01,-1,-1,-0.01,-1,-1,-0.01,-1,-1,-0.01,-1,-1,-0.01,-1,-1,-0.01,-1,-1,-0.01,-1,-1,-0.01,-1,-1
99926009,2026-05-18 11:14:52+05:30,53082.6,0,0.0,0,0.0,0.0,53282.15,53308.4,52783.45,53710.35,0,0.0,0.0,0.0,0.0,-0.01,-1,-1,-0.01,-1,-1,-0.01,-1,-1,-0.01,-1,-1,-0.01,-1,-1,-0.01,-1,-1,-0.01,-1,-1,-0.01,-1,-1,-0.01,-1,-1,-0.01,-1,-1
99926009,2026-05-18 11:14:53+05:30,53080.4,0,0.0,0,0.0,0.0,53282.15,53308.4,52783.45,53710.35,0,0.0,0.0,0.0,0.0,-0.01,-1,-1,-0.01,-1,-1,-0.01,-1,-1,-0.01,-1,-1,-0.01,-1,-1,-0.01,-1,-1,-0.01,-1,-1,-0.01,-1,-1,-0.01,-1,-1,-0.01,-1,-1
99926009,2026-05-18 11:14:53+05:30,53079.2,0,0.0,0,0.0,0.0,53282.15,53308.4,52783.45,53710.35,0,0.0,0.0,0.0,0.0,-0.01,-1,-1,-0.01,-1,-1,-0.01,-1,-1,-0.01,-1,-1,-0.01,-1,-1,-0.01,-1,-1,-0.01,-1,-1,-0.01,-1,-1,-0.01,-1,-1,-0.01,-1,-1
99926009,2026-05-18 11:14:54+05:30,53076.2,0,0.0,0,0.0,0.0,53282.15,53308.4,52783.45,53710.35,0,0.0,0.0,0.0,0.0,-0.01,-1,-1,-0.01,-1,-1,-0.01,-1,-1,-0.01,-1,-1,-0.01,-1,-1,-0.01,-1,-1,-0.01,-1,-1,-0.01,-1,-1,-0.01,-1,-1,-0.01,-1,-1
99926009,2026-05-18 11:14:54+05:30,53076.25,0,0.0,0,0.0,0.0,53282.15,53308.4,52783.45,53710.35,0,0.0,0.0,0.0,0.0,-0.01,-1,-1,-0.01,-1,-1,-0.01,-1,-1,-0.01,-1,-1,-0.01,-1,-1,-0.01,-1,-1,-0.01,-1,-1,-0.01,-1,-1,-0.01,-1,-1,-0.01,-1,-1
99926009,2026-05-18 11:14:55+05:30,53078.9,0,0.0,0,0.0,0.0,53282.15,53308.4,52783.45,53710.35,0,0.0,0.0,0.0,0.0,-0.01,-1,-1,-0.01,-1,-1,-0.01,-1,-1,-0.01,-1,-1,-0.01,-1,-1,-0.01,-1,-1,-0.01,-1,-1,-0.01,-1,-1,-0.01,-1,-1,-0.01,-1,-1
99926009,2026-05-18 11:14:55+05:30,53079.95,0,0.0,0,0.0,0.0,53282.15,53308.4,52783.45,53710.35,0,0.0,0.0,0.0,0.0,-0.01,-1,-1,-0.01,-1,-1,-0.01,-1,-1,-0.01,-1,-1,-0.01,-1,-1,-0.01,-1,-1,-0.01,-1,-1,-0.01,-1,-1,-0.01,-1,-1,-0.01,-1,-1
99926009,2026-05-18 11:14:56+05:30,53078.15,0,0.0,0,0.0,0.0,53282.15,53308.4,52783.45,53710.35,0,0.0,0.0,0.0,0.0,-0.01,-1,-1,-0.01,-1,-1,-0.01,-1,-1,-0.01,-1,-1,-0.01,-1,-1,-0.01,-1,-1,-0.01,-1,-1,-0.01,-1,-1,-0.01,-1,-1,-0.01,-1,-1
99926009,2026-05-18 11:14:56+05:30,53077.6,0,0.0,0,0.0,0.0,53282.15,53308.4,52783.45,53710.35,0,0.0,0.0,0.0,0.0,-0.01,-1,-1,-0.01,-1,-1,-0.01,-1,-1,-0.01,-1,-1,-0.01,-1,-1,-0.01,-1,-1,-0.01,-1,-1,-0.01,-1,-1,-0.01,-1,-1,-0.01,-1,-1
99926009,2026-05-18 11:14:57+05:30,53079.15,0,0.0,0,0.0,0.0,53282.15,53308.4,52783.45,53710.35,0,0.0,0.0,0.0,0.0,-0.01,-1,-1,-0.01,-1,-1,-0.01,-1,-1,-0.01,-1,-1,-0.01,-1,-1,-0.01,-1,-1,-0.01,-1,-1,-0.01,-1,-1,-0.01,-1,-1,-0.01,-1,-1
99926009,2026-05-18 11:14:57+05:30,53080.55,0,0.0,0,0.0,0.0,53282.15,53308.4,52783.45,53710.35,0,0.0,0.0,0.0,0.0,-0.01,-1,-1,-0.01,-1,-1,-0.01,-1,-1,-0.01,-1,-1,-0.01,-1,-1,-0.01,-1,-1,-0.01,-1,-1,-0.01,-1,-1,-0.01,-1,-1,-0.01,-1,-1
99926009,2026-05-18 11:14:58+05:30,53082.7,0,0.0,0,0.0,0.0,53282.15,53308.4,52783.45,53710.35,0,0.0,0.0,0.0,0.0,-0.01,-1,-1,-0.01,-1,-1,-0.01,-1,-1,-0.01,-1,-1,-0.01,-1,-1,-0.01,-1,-1,-0.01,-1,-1,-0.01,-1,-1,-0.01,-1,-1,-0.01,-1,-1
99926009,2026-05-18 11:14:58+05:30,53083.2,0,0.0,0,0.0,0.0,53282.15,53308.4,52783.45,53710.35,0,0.0,0.0,0.0,0.0,-0.01,-1,-1,-0.01,-1,-1,-0.01,-1,-1,-0.01,-1,-1,-0.01,-1,-1,-0.01,-1,-1,-0.01,-1,-1,-0.01,-1,-1,-0.01,-1,-1,-0.01,-1,-1
99926009,2026-05-18 11:14:59+05:30,53082.0,0,0.0,0,0.0,0.0,53282.15,53308.4,52783.45,53710.35,0,0.0,0.0,0.0,0.0,-0.01,-1,-1,-0.01,-1,-1,-0.01,-1,-1,-0.01,-1,-1,-0.01,-1,-1,-0.01,-1,-1,-0.01,-1,-1,-0.01,-1,-1,-0.01,-1,-1,-0.01,-1,-1
99926009,2026-05-18 11:14:59+05:30,53082.8,0,0.0,0,0.0,0.0,53282.15,53308.4,52783.45,53710.35,0,0.0,0.0,0.0,0.0,-0.01,-1,-1,-0.01,-1,-1,-0.01,-1,-1,-0.01,-1,-1,-0.01,-1,-1,-0.01,-1,-1,-0.01,-1,-1,-0.01,-1,-1,-0.01,-1,-1,-0.01,-1,-1
99926009,2026-05-18 11:15:00+05:30,53082.15,0,0.0,0,0.0,0.0,53282.15,53308.4,52783.45,53710.35,0,0.0,0.0,0.0,0.0,-0.01,-1,-1,-0.01,-1,-1,-0.01,-1,-1,-0.01,-1,-1,-0.01,-1,-1,-0.01,-1,-1,-0.01,-1,-1,-0.01,-1,-1,-0.01,-1,-1,-0.01,-1,-1
99926009,2026-05-18 11:15:00+05:30,53084.65,0,0.0,0,0.0,0.0,53282.15,53308.4,52783.45,53710.35,0,0.0,0.0,0.0,0.0,-0.01,-1,-1,-0.01,-1,-1,-0.01,-1,-1,-0.01,-1,-1,-0.01,-1,-1,-0.01,-1,-1,-0.01,-1,-1,-0.01,-1,-1,-0.01,-1,-1,-0.01,-1,-1
99926009,2026-05-18 11:15:01+05:30,53087.0,0,0.0,0,0.0,0.0,53282.15,53308.4,52783.45,53710.35,0,0.0,0.0,0.0,0.0,-0.01,-1,-1,-0.01,-1,-1,-0.01,-1,-1,-0.01,-1,-1,-0.01,-1,-1,-0.01,-1,-1,-0.01,-1,-1,-0.01,-1,-1,-0.01,-1,-1,-0.01,-1,-1
99926009,2026-05-18 11:15:01+05:30,53084.1,0,0.0,0,0.0,0.0,53282.15,53308.4,52783.45,53710.35,0,0.0,0.0,0.0,0.0,-0.01,-1,-1,-0.01,-1,-1,-0.01,-1,-1,-0.01,-1,-1,-0.01,-1,-1,-0.01,-1,-1,-0.01,-1,-1,-0.01,-1,-1,-0.01,-1,-1,-0.01,-1,-1
99926009,2026-05-18 11:15:02+05:30,53083.05,0,0.0,0,0.0,0.0,53282.15,53308.4,52783.45,53710.35,0,0.0,0.0,0.0,0.0,-0.01,-1,-1,-0.01,-1,-1,-0.01,-1,-1,-0.01,-1,-1,-0.01,-1,-1,-0.01,-1,-1,-0.01,-1,-1,-0.01,-1,-1,-0.01,-1,-1,-0.01,-1,-1
99926009,2026-05-18 11:15:02+05:30,53082.05,0,0.0,0,0.0,0.0,53282.15,53308.4,52783.45,53710.35,0,0.0,0.0,0.0,0.0,-0.01,-1,-1,-0.01,-1,-1,-0.01,-1,-1,-0.01,-1,-1,-0.01,-1,-1,-0.01,-1,-1,-0.01,-1,-1,-0.01,-1,-1,-0.01,-1,-1,-0.01,-1,-1
99926009,2026-05-18 11:15:03+05:30,53084.8,0,0.0,0,0.0,0.0,53282.15,53308.4,52783.45,53710.35,0,0.0,0.0,0.0,0.0,-0.01,-1,-1,-0.01,-1,-1,-0.01,-1,-1,-0.01,-1,-1,-0.01,-1,-1,-0.01,-1,-1,-0.01,-1,-1,-0.01,-1,-1,-0.01,-1,-1,-0.01,-1,-1
99926009,2026-05-18 11:15:03+05:30,53080.0,0,0.0,0,0.0,0.0,53282.15,53308.4,52783.45,53710.35,0,0.0,0.0,0.0,0.0,-0.01,-1,-1,-0.01,-1,-1,-0.01,-1,-1,-0.01,-1,-1,-0.01,-1,-1,-0.01,-1,-1,-0.01,-1,-1,-0.01,-1,-1,-0.01,-1,-1,-0.01,-1,-1
99926009,2026-05-18 11:15:04+05:30,53082.7,0,0.0,0,0.0,0.0,53282.15,53308.4,52783.45,53710.35,0,0.0,0.0,0.0,0.0,-0.01,-1,-1,-0.01,-1,-1,-0.01,-1,-1,-0.01,-1,-1,-0.01,-1,-1,-0.01,-1,-1,-0.01,-1,-1,-0.01,-1,-1,-0.01,-1,-1,-0.01,-1,-1
99926009,2026-05-18 11:15:04+05:30,53077.8,0,0.0,0,0.0,0.0,53282.15,53308.4,52783.45,53710.35,0,0.0,0.0,0.0,0.0,-0.01,-1,-1,-0.01,-1,-1,-0.01,-1,-1,-0.01,-1,-1,-0.01,-1,-1,-0.01,-1,-1,-0.01,-1,-1,-0.01,-1,-1,-0.01,-1,-1,-0.01,-1,-1
99926009,2026-05-18 11:15:05+05:30,53075.3,0,0.0,0,0.0,0.0,53282.15,53308.4,52783.45,53710.35,0,0.0,0.0,0.0,0.0,-0.01,-1,-1,-0.01,-1,-1,-0.01,-1,-1,-0.01,-1,-1,-0.01,-1,-1,-0.01,-1,-1,-0.01,-1,-1,-0.01,-1,-1,-0.01,-1,-1,-0.01,-1,-1
99926009,2026-05-18 11:15:05+05:30,53075.5,0,0.0,0,0.0,0.0,53282.15,53308.4,52783.45,53710.35,0,0.0,0.0,0.0,0.0,-0.01,-1,-1,-0.01,-1,-1,-0.01,-1,-1,-0.01,-1,-1,-0.01,-1,-1,-0.01,-1,-1,-0.01,-1,-1,-0.01,-1,-1,-0.01,-1,-1,-0.01,-1,-1
99926009,2026-05-18 11:15:06+05:30,53073.8,0,0.0,0,0.0,0.0,53282.15,53308.4,52783.45,53710.35,0,0.0,0.0,0.0,0.0,-0.01,-1,-1,-0.01,-1,-1,-0.01,-1,-1,-0.01,-1,-1,-0.01,-1,-1,-0.01,-1,-1,-0.01,-1,-1,-0.01,-1,-1,-0.01,-1,-1,-0.01,-1,-1
99926009,2026-05-18 11:15:06+05:30,53076.3,0,0.0,0,0.0,0.0,53282.15,53308.4,52783.45,53710.35,0,0.0,0.0,0.0,0.0,-0.01,-1,-1,-0.01,-1,-1,-0.01,-1,-1,-0.01,-1,-1,-0.01,-1,-1,-0.01,-1,-1,-0.01,-1,-1,-0.01,-1,-1,-0.01,-1,-1,-0.01,-1,-1
99926009,2026-05-18 11:15:07+05:30,53076.1,0,0.0,0,0.0,0.0,53282.15,53308.4,52783.45,53710.35,0,0.0,0.0,0.0,0.0,-0.01,-1,-1,-0.01,-1,-1,-0.01,-1,-1,-0.01,-1,-1,-0.01,-1,-1,-0.01,-1,-1,-0.01,-1,-1,-0.01,-1,-1,-0.01,-1,-1,-0.01,-1,-1
99926009,2026-05-18 11:15:07+05:30,53073.6,0,0.0,0,0.0,0.0,53282.15,53308.4,52783.45,53710.35,0,0.0,0.0,0.0,0.0,-0.01,-1,-1,-0.01,-1,-1,-0.01,-1,-1,-0.01,-1,-1,-0.01,-1,-1,-0.01,-1,-1,-0.01,-1,-1,-0.01,-1,-1,-0.01,-1,-1,-0.01,-1,-1
99926009,2026-05-18 11:15:08+05:30,53073.35,0,0.0,0,0.0,0.0,53282.15,53308.4,52783.45,53710.35,0,0.0,0.0,0.0,0.0,-0.01,-1,-1,-0.01,-1,-1,-0.01,-1,-1,-0.01,-1,-1,-0.01,-1,-1,-0.01,-1,-1,-0.01,-1,-1,-0.01,-1,-1,-0.01,-1,-1,-0.01,-1,-1
99926009,2026-05-18 11:15:08+05:30,53072.0,0,0.0,0,0.0,0.0,53282.15,53308.4,52783.45,53710.35,0,0.0,0.0,0.0,0.0,-0.01,-1,-1,-0.01,-1,-1,-0.01,-1,-1,-0.01,-1,-1,-0.01,-1,-1,-0.01,-1,-1,-0.01,-1,-1,-0.01,-1,-1,-0.01,-1,-1,-0.01,-1,-1
99926009,2026-05-18 11:15:09+05:30,53072.8,0,0.0,0,0.0,0.0,53282.15,53308.4,52783.45,53710.35,0,0.0,0.0,0.0,0.0,-0.01,-1,-1,-0.01,-1,-1,-0.01,-1,-1,-0.01,-1,-1,-0.01,-1,-1,-0.01,-1,-1,-0.01,-1,-1,-0.01,-1,-1,-0.01,-1,-1,-0.01,-1,-1
99926009,2026-05-18 11:15:09+05:30,53075.95,0,0.0,0,0.0,0.0,53282.15,53308.4,52783.45,53710.35,0,0.0,0.0,0.0,0.0,-0.01,-1,-1,-0.01,-1,-1,-0.01,-1,-1,-0.01,-1,-1,-0.01,-1,-1,-0.01,-1,-1,-0.01,-1,-1,-0.01,-1,-1,-0.01,-1,-1,-0.01,-1,-1
99926009,2026-05-18 11:15:10+05:30,53074.95,0,0.0,0,0.0,0.0,53282.15,53308.4,52783.45,53710.35,0,0.0,0.0,0.0,0.0,-0.01,-1,-1,-0.01,-1,-1,-0.01,-1,-1,-0.01,-1,-1,-0.01,-1,-1,-0.01,-1,-1,-0.01,-1,-1,-0.01,-1,-1,-0.01,-1,-1,-0.01,-1,-1
99926009,2026-05-18 11:15:10+05:30,53076.55,0,0.0,0,0.0,0.0,53282.15,53308.4,52783.45,53710.35,0,0.0,0.0,0.0,0.0,-0.01,-1,-1,-0.01,-1,-1,-0.01,-1,-1,-0.01,-1,-1,-0.01,-1,-1,-0.01,-1,-1,-0.01,-1,-1,-0.01,-1,-1,-0.01,-1,-1,-0.01,-1,-1
99926009,2026-05-18 11:15:11+05:30,53075.4,0,0.0,0,0.0,0.0,53282.15,53308.4,52783.45,53710.35,0,0.0,0.0,0.0,0.0,-0.01,-1,-1,-0.01,-1,-1,-0.01,-1,-1,-0.01,-1,-1,-0.01,-1,-1,-0.01,-1,-1,-0.01,-1,-1,-0.01,-1,-1,-0.01,-1,-1,-0.01,-1,-1
99926009,2026-05-18 11:15:11+05:30,53075.9,0,0.0,0,0.0,0.0,53282.15,53308.4,52783.45,53710.35,0,0.0,0.0,0.0,0.0,-0.01,-1,-1,-0.01,-1,-1,-0.01,-1,-1,-0.01,-1,-1,-0.01,-1,-1,-0.01,-1,-1,-0.01,-1,-1,-0.01,-1,-1,-0.01,-1,-1,-0.01,-1,-1
99926009,2026-05-18 11:15:12+05:30,53076.45,0,0.0,0,0.0,0.0,53282.15,53308.4,52783.45,53710.35,0,0.0,0.0,0.0,0.0,-0.01,-1,-1,-0.01,-1,-1,-0.01,-1,-1,-0.01,-1,-1,-0.01,-1,-1,-0.01,-1,-1,-0.01,-1,-1,-0.01,-1,-1,-0.01,-1,-1,-0.01,-1,-1
99926009,2026-05-18 11:15:12+05:30,53076.35,0,0.0,0,0.0,0.0,53282.15,53308.4,52783.45,53710.35,0,0.0,0.0,0.0,0.0,-0.01,-1,-1,-0.01,-1,-1,-0.01,-1,-1,-0.01,-1,-1,-0.01,-1,-1,-0.01,-1,-1,-0.01,-1,-1,-0.01,-1,-1,-0.01,-1,-1,-0.01,-1,-1
99926009,2026-05-18 11:15:13+05:30,53075.05,0,0.0,0,0.0,0.0,53282.15,53308.4,52783.45,53710.35,0,0.0,0.0,0.0,0.0,-0.01,-1,-1,-0.01,-1,-1,-0.01,-1,-1,-0.01,-1,-1,-0.01,-1,-1,-0.01,-1,-1,-0.01,-1,-1,-0.01,-1,-1,-0.01,-1,-1,-0.01,-1,-1
99926009,2026-05-18 11:15:13+05:30,53077.2,0,0.0,0,0.0,0.0,53282.15,53308.4,52783.45,53710.35,0,0.0,0.0,0.0,0.0,-0.01,-1,-1,-0.01,-1,-1,-0.01,-1,-1,-0.01,-1,-1,-0.01,-1,-1,-0.01,-1,-1,-0.01,-1,-1,-0.01,-1,-1,-0.01,-1,-1,-0.01,-1,-1
99926009,2026-05-18 11:15:14+05:30,53077.0,0,0.0,0,0.0,0.0,53282.15,53308.4,52783.45,53710.35,0,0.0,0.0,0.0,0.0,-0.01,-1,-1,-0.01,-1,-1,-0.01,-1,-1,-0.01,-1,-1,-0.01,-1,-1,-0.01,-1,-1,-0.01,-1,-1,-0.01,-1,-1,-0.01,-1,-1,-0.01,-1,-1
99926009,2026-05-18 11:15:14+05:30,53073.15,0,0.0,0,0.0,0.0,53282.15,53308.4,52783.45,53710.35,0,0.0,0.0,0.0,0.0,-0.01,-1,-1,-0.01,-1,-1,-0.01,-1,-1,-0.01,-1,-1,-0.01,-1,-1,-0.01,-1,-1,-0.01,-1,-1,-0.01,-1,-1,-0.01,-1,-1,-0.01,-1,-1
99926009,2026-05-18 11:15:15+05:30,53075.7,0,0.0,0,0.0,0.0,53282.15,53308.4,52783.45,53710.35,0,0.0,0.0,0.0,0.0,-0.01,-1,-1,-0.01,-1,-1,-0.01,-1,-1,-0.01,-1,-1,-0.01,-1,-1,-0.01,-1,-1,-0.01,-1,-1,-0.01,-1,-1,-0.01,-1,-1,-0.01,-1,-1
99926009,2026-05-18 11:15:15+05:30,53077.0,0,0.0,0,0.0,0.0,53282.15,53308.4,52783.45,53710.35,0,0.0,0.0,0.0,0.0,-0.01,-1,-1,-0.01,-1,-1,-0.01,-1,-1,-0.01,-1,-1,-0.01,-1,-1,-0.01,-1,-1,-0.01,-1,-1,-0.01,-1,-1,-0.01,-1,-1,-0.01,-1,-1
99926009,2026-05-18 11:15:16+05:30,53074.45,0,0.0,0,0.0,0.0,53282.15,53308.4,52783.45,53710.35,0,0.0,0.0,0.0,0.0,-0.01,-1,-1,-0.01,-1,-1,-0.01,-1,-1,-0.01,-1,-1,-0.01,-1,-1,-0.01,-1,-1,-0.01,-1,-1,-0.01,-1,-1,-0.01,-1,-1,-0.01,-1,-1
99926009,2026-05-18 11:15:16+05:30,53077.4,0,0.0,0,0.0,0.0,53282.15,53308.4,52783.45,53710.35,0,0.0,0.0,0.0,0.0,-0.01,-1,-1,-0.01,-1,-1,-0.01,-1,-1,-0.01,-1,-1,-0.01,-1,-1,-0.01,-1,-1,-0.01,-1,-1,-0.01,-1,-1,-0.01,-1,-1,-0.01,-1,-1
99926009,2026-05-18 11:15:17+05:30,53076.55,0,0.0,0,0.0,0.0,53282.15,53308.4,52783.45,53710.35,0,0.0,0.0,0.0,0.0,-0.01,-1,-1,-0.01,-1,-1,-0.01,-1,-1,-0.01,-1,-1,-0.01,-1,-1,-0.01,-1,-1,-0.01,-1,-1,-0.01,-1,-1,-0.01,-1,-1,-0.01,-1,-1
99926009,2026-05-18 11:15:17+05:30,53078.95,0,0.0,0,0.0,0.0,53282.15,53308.4,52783.45,53710.35,0,0.0,0.0,0.0,0.0,-0.01,-1,-1,-0.01,-1,-1,-0.01,-1,-1,-0.01,-1,-1,-0.01,-1,-1,-0.01,-1,-1,-0.01,-1,-1,-0.01,-1,-1,-0.01,-1,-1,-0.01,-1,-1
99926009,2026-05-18 11:15:18+05:30,53074.95,0,0.0,0,0.0,0.0,53282.15,53308.4,52783.45,53710.35,0,0.0,0.0,0.0,0.0,-0.01,-1,-1,-0.01,-1,-1,-0.01,-1,-1,-0.01,-1,-1,-0.01,-1,-1,-0.01,-1,-1,-0.01,-1,-1,-0.01,-1,-1,-0.01,-1,-1,-0.01,-1,-1
99926009,2026-05-18 11:15:18+05:30,53076.05,0,0.0,0,0.0,0.0,53282.15,53308.4,52783.45,53710.35,0,0.0,0.0,0.0,0.0,-0.01,-1,-1,-0.01,-1,-1,-0.01,-1,-1,-0.01,-1,-1,-0.01,-1,-1,-0.01,-1,-1,-0.01,-1,-1,-0.01,-1,-1,-0.01,-1,-1,-0.01,-1,-1
99926009,2026-05-18 11:15:19+05:30,53076.05,0,0.0,0,0.0,0.0,53282.15,53308.4,52783.45,53710.35,0,0.0,0.0,0.0,0.0,-0.01,-1,-1,-0.01,-1,-1,-0.01,-1,-1,-0.01,-1,-1,-0.01,-1,-1,-0.01,-1,-1,-0.01,-1,-1,-0.01,-1,-1,-0.01,-1,-1,-0.01,-1,-1
99926009,2026-05-18 11:15:19+05:30,53076.45,0,0.0,0,0.0,0.0,53282.15,53308.4,52783.45,53710.35,0,0.0,0.0,0.0,0.0,-0.01,-1,-1,-0.01,-1,-1,-0.01,-1,-1,-0.01,-1,-1,-0.01,-1,-1,-0.01,-1,-1,-0.01,-1,-1,-0.01,-1,-1,-0.01,-1,-1,-0.01,-1,-1
99926009,2026-05-18 11:15:20+05:30,53078.0,0,0.0,0,0.0,0.0,53282.15,53308.4,52783.45,53710.35,0,0.0,0.0,0.0,0.0,-0.01,-1,-1,-0.01,-1,-1,-0.01,-1,-1,-0.01,-1,-1,-0.01,-1,-1,-0.01,-1,-1,-0.01,-1,-1,-0.01,-1,-1,-0.01,-1,-1,-0.01,-1,-1
99926009,2026-05-18 11:15:20+05:30,53080.65,0,0.0,0,0.0,0.0,53282.15,53308.4,52783.45,53710.35,0,0.0,0.0,0.0,0.0,-0.01,-1,-1,-0.01,-1,-1,-0.01,-1,-1,-0.01,-1,-1,-0.01,-1,-1,-0.01,-1,-1,-0.01,-1,-1,-0.01,-1,-1,-0.01,-1,-1,-0.01,-1,-1
99926009,2026-05-18 11:15:21+05:30,53082.2,0,0.0,0,0.0,0.0,53282.15,53308.4,52783.45,53710.35,0,0.0,0.0,0.0,0.0,-0.01,-1,-1,-0.01,-1,-1,-0.01,-1,-1,-0.01,-1,-1,-0.01,-1,-1,-0.01,-1,-1,-0.01,-1,-1,-0.01,-1,-1,-0.01,-1,-1,-0.01,-1,-1
99926009,2026-05-18 11:15:21+05:30,53086.55,0,0.0,0,0.0,0.0,53282.15,53308.4,52783.45,53710.35,0,0.0,0.0,0.0,0.0,-0.01,-1,-1,-0.01,-1,-1,-0.01,-1,-1,-0.01,-1,-1,-0.01,-1,-1,-0.01,-1,-1,-0.01,-1,-1,-0.01,-1,-1,-0.01,-1,-1,-0.01,-1,-1
99926009,2026-05-18 11:15:22+05:30,53085.9,0,0.0,0,0.0,0.0,53282.15,53308.4,52783.45,53710.35,0,0.0,0.0,0.0,0.0,-0.01,-1,-1,-0.01,-1,-1,-0.01,-1,-1,-0.01,-1,-1,-0.01,-1,-1,-0.01,-1,-1,-0.01,-1,-1,-0.01,-1,-1,-0.01,-1,-1,-0.01,-1,-1
99926009,2026-05-18 11:15:22+05:30,53085.15,0,0.0,0,0.0,0.0,53282.15,53308.4,52783.45,53710.35,0,0.0,0.0,0.0,0.0,-0.01,-1,-1,-0.01,-1,-1,-0.01,-1,-1,-0.01,-1,-1,-0.01,-1,-1,-0.01,-1,-1,-0.01,-1,-1,-0.01,-1,-1,-0.01,-1,-1,-0.01,-1,-1
99926009,2026-05-18 11:15:23+05:30,53085.0,0,0.0,0,0.0,0.0,53282.15,53308.4,52783.45,53710.35,0,0.0,0.0,0.0,0.0,-0.01,-1,-1,-0.01,-1,-1,-0.01,-1,-1,-0.01,-1,-1,-0.01,-1,-1,-0.01,-1,-1,-0.01,-1,-1,-0.01,-1,-1,-0.01,-1,-1,-0.01,-1,-1
99926009,2026-05-18 11:15:23+05:30,53083.6,0,0.0,0,0.0,0.0,53282.15,53308.4,52783.45,53710.35,0,0.0,0.0,0.0,0.0,-0.01,-1,-1,-0.01,-1,-1,-0.01,-1,-1,-0.01,-1,-1,-0.01,-1,-1,-0.01,-1,-1,-0.01,-1,-1,-0.01,-1,-1,-0.01,-1,-1,-0.01,-1,-1
99926009,2026-05-18 11:15:24+05:30,53085.0,0,0.0,0,0.0,0.0,53282.15,53308.4,52783.45,53710.35,0,0.0,0.0,0.0,0.0,-0.01,-1,-1,-0.01,-1,-1,-0.01,-1,-1,-0.01,-1,-1,-0.01,-1,-1,-0.01,-1,-1,-0.01,-1,-1,-0.01,-1,-1,-0.01,-1,-1,-0.01,-1,-1
99926009,2026-05-18 11:15:24+05:30,53084.7,0,0.0,0,0.0,0.0,53282.15,53308.4,52783.45,53710.35,0,0.0,0.0,0.0,0.0,-0.01,-1,-1,-0.01,-1,-1,-0.01,-1,-1,-0.01,-1,-1,-0.01,-1,-1,-0.01,-1,-1,-0.01,-1,-1,-0.01,-1,-1,-0.01,-1,-1,-0.01,-1,-1
99926009,2026-05-18 11:15:25+05:30,53085.7,0,0.0,0,0.0,0.0,53282.15,53308.4,52783.45,53710.35,0,0.0,0.0,0.0,0.0,-0.01,-1,-1,-0.01,-1,-1,-0.01,-1,-1,-0.01,-1,-1,-0.01,-1,-1,-0.01,-1,-1,-0.01,-1,-1,-0.01,-1,-1,-0.01,-1,-1,-0.01,-1,-1
99926009,2026-05-18 11:15:25+05:30,53084.75,0,0.0,0,0.0,0.0,53282.15,53308.4,52783.45,53710.35,0,0.0,0.0,0.0,0.0,-0.01,-1,-1,-0.01,-1,-1,-0.01,-1,-1,-0.01,-1,-1,-0.01,-1,-1,-0.01,-1,-1,-0.01,-1,-1,-0.01,-1,-1,-0.01,-1,-1,-0.01,-1,-1
99926009,2026-05-18 11:15:26+05:30,53083.6,0,0.0,0,0.0,0.0,53282.15,53308.4,52783.45,53710.35,0,0.0,0.0,0.0,0.0,-0.01,-1,-1,-0.01,-1,-1,-0.01,-1,-1,-0.01,-1,-1,-0.01,-1,-1,-0.01,-1,-1,-0.01,-1,-1,-0.01,-1,-1,-0.01,-1,-1,-0.01,-1,-1
99926009,2026-05-18 11:15:26+05:30,53084.5,0,0.0,0,0.0,0.0,53282.15,53308.4,52783.45,53710.35,0,0.0,0.0,0.0,0.0,-0.01,-1,-1,-0.01,-1,-1,-0.01,-1,-1,-0.01,-1,-1,-0.01,-1,-1,-0.01,-1,-1,-0.01,-1,-1,-0.01,-1,-1,-0.01,-1,-1,-0.01,-1,-1
99926009,2026-05-18 11:15:27+05:30,53085.05,0,0.0,0,0.0,0.0,53282.15,53308.4,52783.45,53710.35,0,0.0,0.0,0.0,0.0,-0.01,-1,-1,-0.01,-1,-1,-0.01,-1,-1,-0.01,-1,-1,-0.01,-1,-1,-0.01,-1,-1,-0.01,-1,-1,-0.01,-1,-1,-0.01,-1,-1,-0.01,-1,-1
99926009,2026-05-18 11:15:27+05:30,53087.0,0,0.0,0,0.0,0.0,53282.15,53308.4,52783.45,53710.35,0,0.0,0.0,0.0,0.0,-0.01,-1,-1,-0.01,-1,-1,-0.01,-1,-1,-0.01,-1,-1,-0.01,-1,-1,-0.01,-1,-1,-0.01,-1,-1,-0.01,-1,-1,-0.01,-1,-1,-0.01,-1,-1
99926009,2026-05-18 11:15:28+05:30,53086.6,0,0.0,0,0.0,0.0,53282.15,53308.4,52783.45,53710.35,0,0.0,0.0,0.0,0.0,-0.01,-1,-1,-0.01,-1,-1,-0.01,-1,-1,-0.01,-1,-1,-0.01,-1,-1,-0.01,-1,-1,-0.01,-1,-1,-0.01,-1,-1,-0.01,-1,-1,-0.01,-1,-1
99926009,2026-05-18 11:15:28+05:30,53085.45,0,0.0,0,0.0,0.0,53282.15,53308.4,52783.45,53710.35,0,0.0,0.0,0.0,0.0,-0.01,-1,-1,-0.01,-1,-1,-0.01,-1,-1,-0.01,-1,-1,-0.01,-1,-1,-0.01,-1,-1,-0.01,-1,-1,-0.01,-1,-1,-0.01,-1,-1,-0.01,-1,-1
99926009,2026-05-18 11:15:29+05:30,53085.5,0,0.0,0,0.0,0.0,53282.15,53308.4,52783.45,53710.35,0,0.0,0.0,0.0,0.0,-0.01,-1,-1,-0.01,-1,-1,-0.01,-1,-1,-0.01,-1,-1,-0.01,-1,-1,-0.01,-1,-1,-0.01,-1,-1,-0.01,-1,-1,-0.01,-1,-1,-0.01,-1,-1
99926009,2026-05-18 11:15:29+05:30,53082.65,0,0.0,0,0.0,0.0,53282.15,53308.4,52783.45,53710.35,0,0.0,0.0,0.0,0.0,-0.01,-1,-1,-0.01,-1,-1,-0.01,-1,-1,-0.01,-1,-1,-0.01,-1,-1,-0.01,-1,-1,-0.01,-1,-1,-0.01,-1,-1,-0.01,-1,-1,-0.01,-1,-1
99926009,2026-05-18 11:15:30+05:30,53080.95,0,0.0,0,0.0,0.0,53282.15,53308.4,52783.45,53710.35,0,0.0,0.0,0.0,0.0,-0.01,-1,-1,-0.01,-1,-1,-0.01,-1,-1,-0.01,-1,-1,-0.01,-1,-1,-0.01,-1,-1,-0.01,-1,-1,-0.01,-1,-1,-0.01,-1,-1,-0.01,-1,-1
99926009,2026-05-18 11:15:30+05:30,53081.25,0,0.0,0,0.0,0.0,53282.15,53308.4,52783.45,53710.35,0,0.0,0.0,0.0,0.0,-0.01,-1,-1,-0.01,-1,-1,-0.01,-1,-1,-0.01,-1,-1,-0.01,-1,-1,-0.01,-1,-1,-0.01,-1,-1,-0.01,-1,-1,-0.01,-1,-1,-0.01,-1,-1
99926009,2026-05-18 11:15:31+05:30,53084.9,0,0.0,0,0.0,0.0,53282.15,53308.4,52783.45,53710.35,0,0.0,0.0,0.0,0.0,-0.01,-1,-1,-0.01,-1,-1,-0.01,-1,-1,-0.01,-1,-1,-0.01,-1,-1,-0.01,-1,-1,-0.01,-1,-1,-0.01,-1,-1,-0.01,-1,-1,-0.01,-1,-1
99926009,2026-05-18 11:15:31+05:30,53082.4,0,0.0,0,0.0,0.0,53282.15,53308.4,52783.45,53710.35,0,0.0,0.0,0.0,0.0,-0.01,-1,-1,-0.01,-1,-1,-0.01,-1,-1,-0.01,-1,-1,-0.01,-1,-1,-0.01,-1,-1,-0.01,-1,-1,-0.01,-1,-1,-0.01,-1,-1,-0.01,-1,-1
99926009,2026-05-18 11:15:32+05:30,53084.2,0,0.0,0,0.0,0.0,53282.15,53308.4,52783.45,53710.35,0,0.0,0.0,0.0,0.0,-0.01,-1,-1,-0.01,-1,-1,-0.01,-1,-1,-0.01,-1,-1,-0.01,-1,-1,-0.01,-1,-1,-0.01,-1,-1,-0.01,-1,-1,-0.01,-1,-1,-0.01,-1,-1
99926009,2026-05-18 11:15:32+05:30,53081.85,0,0.0,0,0.0,0.0,53282.15,53308.4,52783.45,53710.35,0,0.0,0.0,0.0,0.0,-0.01,-1,-1,-0.01,-1,-1,-0.01,-1,-1,-0.01,-1,-1,-0.01,-1,-1,-0.01,-1,-1,-0.01,-1,-1,-0.01,-1,-1,-0.01,-1,-1,-0.01,-1,-1
99926009,2026-05-18 11:15:33+05:30,53083.8,0,0.0,0,0.0,0.0,53282.15,53308.4,52783.45,53710.35,0,0.0,0.0,0.0,0.0,-0.01,-1,-1,-0.01,-1,-1,-0.01,-1,-1,-0.01,-1,-1,-0.01,-1,-1,-0.01,-1,-1,-0.01,-1,-1,-0.01,-1,-1,-0.01,-1,-1,-0.01,-1,-1
99926009,2026-05-18 11:15:33+05:30,53085.1,0,0.0,0,0.0,0.0,53282.15,53308.4,52783.45,53710.35,0,0.0,0.0,0.0,0.0,-0.01,-1,-1,-0.01,-1,-1,-0.01,-1,-1,-0.01,-1,-1,-0.01,-1,-1,-0.01,-1,-1,-0.01,-1,-1,-0.01,-1,-1,-0.01,-1,-1,-0.01,-1,-1
99926009,2026-05-18 11:15:34+05:30,53084.15,0,0.0,0,0.0,0.0,53282.15,53308.4,52783.45,53710.35,0,0.0,0.0,0.0,0.0,-0.01,-1,-1,-0.01,-1,-1,-0.01,-1,-1,-0.01,-1,-1,-0.01,-1,-1,-0.01,-1,-1,-0.01,-1,-1,-0.01,-1,-1,-0.01,-1,-1,-0.01,-1,-1
99926009,2026-05-18 11:15:34+05:30,53084.3,0,0.0,0,0.0,0.0,53282.15,53308.4,52783.45,53710.35,0,0.0,0.0,0.0,0.0,-0.01,-1,-1,-0.01,-1,-1,-0.01,-1,-1,-0.01,-1,-1,-0.01,-1,-1,-0.01,-1,-1,-0.01,-1,-1,-0.01,-1,-1,-0.01,-1,-1,-0.01,-1,-1
99926009,2026-05-18 11:15:35+05:30,53084.0,0,0.0,0,0.0,0.0,53282.15,53308.4,52783.45,53710.35,0,0.0,0.0,0.0,0.0,-0.01,-1,-1,-0.01,-1,-1,-0.01,-1,-1,-0.01,-1,-1,-0.01,-1,-1,-0.01,-1,-1,-0.01,-1,-1,-0.01,-1,-1,-0.01,-1,-1,-0.01,-1,-1
99926009,2026-05-18 11:15:35+05:30,53082.0,0,0.0,0,0.0,0.0,53282.15,53308.4,52783.45,53710.35,0,0.0,0.0,0.0,0.0,-0.01,-1,-1,-0.01,-1,-1,-0.01,-1,-1,-0.01,-1,-1,-0.01,-1,-1,-0.01,-1,-1,-0.01,-1,-1,-0.01,-1,-1,-0.01,-1,-1,-0.01,-1,-1
99926009,2026-05-18 11:15:36+05:30,53083.45,0,0.0,0,0.0,0.0,53282.15,53308.4,52783.45,53710.35,0,0.0,0.0,0.0,0.0,-0.01,-1,-1,-0.01,-1,-1,-0.01,-1,-1,-0.01,-1,-1,-0.01,-1,-1,-0.01,-1,-1,-0.01,-1,-1,-0.01,-1,-1,-0.01,-1,-1,-0.01,-1,-1
99926009,2026-05-18 11:15:36+05:30,53084.55,0,0.0,0,0.0,0.0,53282.15,53308.4,52783.45,53710.35,0,0.0,0.0,0.0,0.0,-0.01,-1,-1,-0.01,-1,-1,-0.01,-1,-1,-0.01,-1,-1,-0.01,-1,-1,-0.01,-1,-1,-0.01,-1,-1,-0.01,-1,-1,-0.01,-1,-1,-0.01,-1,-1
99926009,2026-05-18 11:15:37+05:30,53084.0,0,0.0,0,0.0,0.0,53282.15,53308.4,52783.45,53710.35,0,0.0,0.0,0.0,0.0,-0.01,-1,-1,-0.01,-1,-1,-0.01,-1,-1,-0.01,-1,-1,-0.01,-1,-1,-0.01,-1,-1,-0.01,-1,-1,-0.01,-1,-1,-0.01,-1,-1,-0.01,-1,-1
99926009,2026-05-18 11:15:37+05:30,53086.3,0,0.0,0,0.0,0.0,53282.15,53308.4,52783.45,53710.35,0,0.0,0.0,0.0,0.0,-0.01,-1,-1,-0.01,-1,-1,-0.01,-1,-1,-0.01,-1,-1,-0.01,-1,-1,-0.01,-1,-1,-0.01,-1,-1,-0.01,-1,-1,-0.01,-1,-1,-0.01,-1,-1
99926009,2026-05-18 11:15:38+05:30,53086.1,0,0.0,0,0.0,0.0,53282.15,53308.4,52783.45,53710.35,0,0.0,0.0,0.0,0.0,-0.01,-1,-1,-0.01,-1,-1,-0.01,-1,-1,-0.01,-1,-1,-0.01,-1,-1,-0.01,-1,-1,-0.01,-1,-1,-0.01,-1,-1,-0.01,-1,-1,-0.01,-1,-1
99926009,2026-05-18 11:15:38+05:30,53085.25,0,0.0,0,0.0,0.0,53282.15,53308.4,52783.45,53710.35,0,0.0,0.0,0.0,0.0,-0.01,-1,-1,-0.01,-1,-1,-0.01,-1,-1,-0.01,-1,-1,-0.01,-1,-1,-0.01,-1,-1,-0.01,-1,-1,-0.01,-1,-1,-0.01,-1,-1,-0.01,-1,-1
99926009,2026-05-18 11:15:39+05:30,53087.3,0,0.0,0,0.0,0.0,53282.15,53308.4,52783.45,53710.35,0,0.0,0.0,0.0,0.0,-0.01,-1,-1,-0.01,-1,-1,-0.01,-1,-1,-0.01,-1,-1,-0.01,-1,-1,-0.01,-1,-1,-0.01,-1,-1,-0.01,-1,-1,-0.01,-1,-1,-0.01,-1,-1
99926009,2026-05-18 11:15:39+05:30,53084.85,0,0.0,0,0.0,0.0,53282.15,53308.4,52783.45,53710.35,0,0.0,0.0,0.0,0.0,-0.01,-1,-1,-0.01,-1,-1,-0.01,-1,-1,-0.01,-1,-1,-0.01,-1,-1,-0.01,-1,-1,-0.01,-1,-1,-0.01,-1,-1,-0.01,-1,-1,-0.01,-1,-1
99926009,2026-05-18 11:15:40+05:30,53084.55,0,0.0,0,0.0,0.0,53282.15,53308.4,52783.45,53710.35,0,0.0,0.0,0.0,0.0,-0.01,-1,-1,-0.01,-1,-1,-0.01,-1,-1,-0.01,-1,-1,-0.01,-1,-1,-0.01,-1,-1,-0.01,-1,-1,-0.01,-1,-1,-0.01,-1,-1,-0.01,-1,-1
99926009,2026-05-18 11:15:40+05:30,53084.1,0,0.0,0,0.0,0.0,53282.15,53308.4,52783.45,53710.35,0,0.0,0.0,0.0,0.0,-0.01,-1,-1,-0.01,-1,-1,-0.01,-1,-1,-0.01,-1,-1,-0.01,-1,-1,-0.01,-1,-1,-0.01,-1,-1,-0.01,-1,-1,-0.01,-1,-1,-0.01,-1,-1
99926009,2026-05-18 11:15:41+05:30,53085.45,0,0.0,0,0.0,0.0,53282.15,53308.4,52783.45,53710.35,0,0.0,0.0,0.0,0.0,-0.01,-1,-1,-0.01,-1,-1,-0.01,-1,-1,-0.01,-1,-1,-0.01,-1,-1,-0.01,-1,-1,-0.01,-1,-1,-0.01,-1,-1,-0.01,-1,-1,-0.01,-1,-1
99926009,2026-05-18 11:15:41+05:30,53085.6,0,0.0,0,0.0,0.0,53282.15,53308.4,52783.45,53710.35,0,0.0,0.0,0.0,0.0,-0.01,-1,-1,-0.01,-1,-1,-0.01,-1,-1,-0.01,-1,-1,-0.01,-1,-1,-0.01,-1,-1,-0.01,-1,-1,-0.01,-1,-1,-0.01,-1,-1,-0.01,-1,-1
99926009,2026-05-18 11:15:42+05:30,53084.65,0,0.0,0,0.0,0.0,53282.15,53308.4,52783.45,53710.35,0,0.0,0.0,0.0,0.0,-0.01,-1,-1,-0.01,-1,-1,-0.01,-1,-1,-0.01,-1,-1,-0.01,-1,-1,-0.01,-1,-1,-0.01,-1,-1,-0.01,-1,-1,-0.01,-1,-1,-0.01,-1,-1
99926009,2026-05-18 11:15:42+05:30,53082.7,0,0.0,0,0.0,0.0,53282.15,53308.4,52783.45,53710.35,0,0.0,0.0,0.0,0.0,-0.01,-1,-1,-0.01,-1,-1,-0.01,-1,-1,-0.01,-1,-1,-0.01,-1,-1,-0.01,-1,-1,-0.01,-1,-1,-0.01,-1,-1,-0.01,-1,-1,-0.01,-1,-1
99926009,2026-05-18 11:15:43+05:30,53083.0,0,0.0,0,0.0,0.0,53282.15,53308.4,52783.45,53710.35,0,0.0,0.0,0.0,0.0,-0.01,-1,-1,-0.01,-1,-1,-0.01,-1,-1,-0.01,-1,-1,-0.01,-1,-1,-0.01,-1,-1,-0.01,-1,-1,-0.01,-1,-1,-0.01,-1,-1,-0.01,-1,-1
99926009,2026-05-18 11:15:43+05:30,53085.0,0,0.0,0,0.0,0.0,53282.15,53308.4,52783.45,53710.35,0,0.0,0.0,0.0,0.0,-0.01,-1,-1,-0.01,-1,-1,-0.01,-1,-1,-0.01,-1,-1,-0.01,-1,-1,-0.01,-1,-1,-0.01,-1,-1,-0.01,-1,-1,-0.01,-1,-1,-0.01,-1,-1
99926009,2026-05-18 11:15:44+05:30,53088.65,0,0.0,0,0.0,0.0,53282.15,53308.4,52783.45,53710.35,0,0.0,0.0,0.0,0.0,-0.01,-1,-1,-0.01,-1,-1,-0.01,-1,-1,-0.01,-1,-1,-0.01,-1,-1,-0.01,-1,-1,-0.01,-1,-1,-0.01,-1,-1,-0.01,-1,-1,-0.01,-1,-1
99926009,2026-05-18 11:15:44+05:30,53088.5,0,0.0,0,0.0,0.0,53282.15,53308.4,52783.45,53710.35,0,0.0,0.0,0.0,0.0,-0.01,-1,-1,-0.01,-1,-1,-0.01,-1,-1,-0.01,-1,-1,-0.01,-1,-1,-0.01,-1,-1,-0.01,-1,-1,-0.01,-1,-1,-0.01,-1,-1,-0.01,-1,-1
99926009,2026-05-18 11:15:45+05:30,53087.4,0,0.0,0,0.0,0.0,53282.15,53308.4,52783.45,53710.35,0,0.0,0.0,0.0,0.0,-0.01,-1,-1,-0.01,-1,-1,-0.01,-1,-1,-0.01,-1,-1,-0.01,-1,-1,-0.01,-1,-1,-0.01,-1,-1,-0.01,-1,-1,-0.01,-1,-1,-0.01,-1,-1
99926009,2026-05-18 11:15:45+05:30,53089.3,0,0.0,0,0.0,0.0,53282.15,53308.4,52783.45,53710.35,0,0.0,0.0,0.0,0.0,-0.01,-1,-1,-0.01,-1,-1,-0.01,-1,-1,-0.01,-1,-1,-0.01,-1,-1,-0.01,-1,-1,-0.01,-1,-1,-0.01,-1,-1,-0.01,-1,-1,-0.01,-1,-1
99926009,2026-05-18 11:15:46+05:30,53090.25,0,0.0,0,0.0,0.0,53282.15,53308.4,52783.45,53710.35,0,0.0,0.0,0.0,0.0,-0.01,-1,-1,-0.01,-1,-1,-0.01,-1,-1,-0.01,-1,-1,-0.01,-1,-1,-0.01,-1,-1,-0.01,-1,-1,-0.01,-1,-1,-0.01,-1,-1,-0.01,-1,-1
99926009,2026-05-18 11:15:46+05:30,53091.4,0,0.0,0,0.0,0.0,53282.15,53308.4,52783.45,53710.35,0,0.0,0.0,0.0,0.0,-0.01,-1,-1,-0.01,-1,-1,-0.01,-1,-1,-0.01,-1,-1,-0.01,-1,-1,-0.01,-1,-1,-0.01,-1,-1,-0.01,-1,-1,-0.01,-1,-1,-0.01,-1,-1
99926009,2026-05-18 11:15:47+05:30,53088.4,0,0.0,0,0.0,0.0,53282.15,53308.4,52783.45,53710.35,0,0.0,0.0,0.0,0.0,-0.01,-1,-1,-0.01,-1,-1,-0.01,-1,-1,-0.01,-1,-1,-0.01,-1,-1,-0.01,-1,-1,-0.01,-1,-1,-0.01,-1,-1,-0.01,-1,-1,-0.01,-1,-1
99926009,2026-05-18 11:15:47+05:30,53088.15,0,0.0,0,0.0,0.0,53282.15,53308.4,52783.45,53710.35,0,0.0,0.0,0.0,0.0,-0.01,-1,-1,-0.01,-1,-1,-0.01,-1,-1,-0.01,-1,-1,-0.01,-1,-1,-0.01,-1,-1,-0.01,-1,-1,-0.01,-1,-1,-0.01,-1,-1,-0.01,-1,-1
99926009,2026-05-18 11:15:48+05:30,53086.5,0,0.0,0,0.0,0.0,53282.15,53308.4,52783.45,53710.35,0,0.0,0.0,0.0,0.0,-0.01,-1,-1,-0.01,-1,-1,-0.01,-1,-1,-0.01,-1,-1,-0.01,-1,-1,-0.01,-1,-1,-0.01,-1,-1,-0.01,-1,-1,-0.01,-1,-1,-0.01,-1,-1
99926009,2026-05-18 11:15:48+05:30,53086.8,0,0.0,0,0.0,0.0,53282.15,53308.4,52783.45,53710.35,0,0.0,0.0,0.0,0.0,-0.01,-1,-1,-0.01,-1,-1,-0.01,-1,-1,-0.01,-1,-1,-0.01,-1,-1,-0.01,-1,-1,-0.01,-1,-1,-0.01,-1,-1,-0.01,-1,-1,-0.01,-1,-1
99926009,2026-05-18 11:15:49+05:30,53085.7,0,0.0,0,0.0,0.0,53282.15,53308.4,52783.45,53710.35,0,0.0,0.0,0.0,0.0,-0.01,-1,-1,-0.01,-1,-1,-0.01,-1,-1,-0.01,-1,-1,-0.01,-1,-1,-0.01,-1,-1,-0.01,-1,-1,-0.01,-1,-1,-0.01,-1,-1,-0.01,-1,-1
99926009,2026-05-18 11:15:49+05:30,53085.7,0,0.0,0,0.0,0.0,53282.15,53308.4,52783.45,53710.35,0,0.0,0.0,0.0,0.0,-0.01,-1,-1,-0.01,-1,-1,-0.01,-1,-1,-0.01,-1,-1,-0.01,-1,-1,-0.01,-1,-1,-0.01,-1,-1,-0.01,-1,-1,-0.01,-1,-1,-0.01,-1,-1
99926009,2026-05-18 11:15:50+05:30,53087.1,0,0.0,0,0.0,0.0,53282.15,53308.4,52783.45,53710.35,0,0.0,0.0,0.0,0.0,-0.01,-1,-1,-0.01,-1,-1,-0.01,-1,-1,-0.01,-1,-1,-0.01,-1,-1,-0.01,-1,-1,-0.01,-1,-1,-0.01,-1,-1,-0.01,-1,-1,-0.01,-1,-1
99926009,2026-05-18 11:15:50+05:30,53087.45,0,0.0,0,0.0,0.0,53282.15,53308.4,52783.45,53710.35,0,0.0,0.0,0.0,0.0,-0.01,-1,-1,-0.01,-1,-1,-0.01,-1,-1,-0.01,-1,-1,-0.01,-1,-1,-0.01,-1,-1,-0.01,-1,-1,-0.01,-1,-1,-0.01,-1,-1,-0.01,-1,-1
99926009,2026-05-18 11:15:51+05:30,53084.0,0,0.0,0,0.0,0.0,53282.15,53308.4,52783.45,53710.35,0,0.0,0.0,0.0,0.0,-0.01,-1,-1,-0.01,-1,-1,-0.01,-1,-1,-0.01,-1,-1,-0.01,-1,-1,-0.01,-1,-1,-0.01,-1,-1,-0.01,-1,-1,-0.01,-1,-1,-0.01,-1,-1
99926009,2026-05-18 11:15:51+05:30,53087.35,0,0.0,0,0.0,0.0,53282.15,53308.4,52783.45,53710.35,0,0.0,0.0,0.0,0.0,-0.01,-1,-1,-0.01,-1,-1,-0.01,-1,-1,-0.01,-1,-1,-0.01,-1,-1,-0.01,-1,-1,-0.01,-1,-1,-0.01,-1,-1,-0.01,-1,-1,-0.01,-1,-1
99926009,2026-05-18 11:15:52+05:30,53087.5,0,0.0,0,0.0,0.0,53282.15,53308.4,52783.45,53710.35,0,0.0,0.0,0.0,0.0,-0.01,-1,-1,-0.01,-1,-1,-0.01,-1,-1,-0.01,-1,-1,-0.01,-1,-1,-0.01,-1,-1,-0.01,-1,-1,-0.01,-1,-1,-0.01,-1,-1,-0.01,-1,-1
99926009,2026-05-18 11:15:52+05:30,53087.95,0,0.0,0,0.0,0.0,53282.15,53308.4,52783.45,53710.35,0,0.0,0.0,0.0,0.0,-0.01,-1,-1,-0.01,-1,-1,-0.01,-1,-1,-0.01,-1,-1,-0.01,-1,-1,-0.01,-1,-1,-0.01,-1,-1,-0.01,-1,-1,-0.01,-1,-1,-0.01,-1,-1
99926009,2026-05-18 11:15:53+05:30,53090.5,0,0.0,0,0.0,0.0,53282.15,53308.4,52783.45,53710.35,0,0.0,0.0,0.0,0.0,-0.01,-1,-1,-0.01,-1,-1,-0.01,-1,-1,-0.01,-1,-1,-0.01,-1,-1,-0.01,-1,-1,-0.01,-1,-1,-0.01,-1,-1,-0.01,-1,-1,-0.01,-1,-1
99926009,2026-05-18 11:15:53+05:30,53091.7,0,0.0,0,0.0,0.0,53282.15,53308.4,52783.45,53710.35,0,0.0,0.0,0.0,0.0,-0.01,-1,-1,-0.01,-1,-1,-0.01,-1,-1,-0.01,-1,-1,-0.01,-1,-1,-0.01,-1,-1,-0.01,-1,-1,-0.01,-1,-1,-0.01,-1,-1,-0.01,-1,-1
99926009,2026-05-18 11:15:54+05:30,53093.15,0,0.0,0,0.0,0.0,53282.15,53308.4,52783.45,53710.35,0,0.0,0.0,0.0,0.0,-0.01,-1,-1,-0.01,-1,-1,-0.01,-1,-1,-0.01,-1,-1,-0.01,-1,-1,-0.01,-1,-1,-0.01,-1,-1,-0.01,-1,-1,-0.01,-1,-1,-0.01,-1,-1
99926009,2026-05-18 11:15:54+05:30,53092.3,0,0.0,0,0.0,0.0,53282.15,53308.4,52783.45,53710.35,0,0.0,0.0,0.0,0.0,-0.01,-1,-1,-0.01,-1,-1,-0.01,-1,-1,-0.01,-1,-1,-0.01,-1,-1,-0.01,-1,-1,-0.01,-1,-1,-0.01,-1,-1,-0.01,-1,-1,-0.01,-1,-1
99926009,2026-05-18 11:15:55+05:30,53090.35,0,0.0,0,0.0,0.0,53282.15,53308.4,52783.45,53710.35,0,0.0,0.0,0.0,0.0,-0.01,-1,-1,-0.01,-1,-1,-0.01,-1,-1,-0.01,-1,-1,-0.01,-1,-1,-0.01,-1,-1,-0.01,-1,-1,-0.01,-1,-1,-0.01,-1,-1,-0.01,-1,-1
99926009,2026-05-18 11:15:55+05:30,53093.45,0,0.0,0,0.0,0.0,53282.15,53308.4,52783.45,53710.35,0,0.0,0.0,0.0,0.0,-0.01,-1,-1,-0.01,-1,-1,-0.01,-1,-1,-0.01,-1,-1,-0.01,-1,-1,-0.01,-1,-1,-0.01,-1,-1,-0.01,-1,-1,-0.01,-1,-1,-0.01,-1,-1
99926009,2026-05-18 11:15:56+05:30,53090.5,0,0.0,0,0.0,0.0,53282.15,53308.4,52783.45,53710.35,0,0.0,0.0,0.0,0.0,-0.01,-1,-1,-0.01,-1,-1,-0.01,-1,-1,-0.01,-1,-1,-0.01,-1,-1,-0.01,-1,-1,-0.01,-1,-1,-0.01,-1,-1,-0.01,-1,-1,-0.01,-1,-1
99926009,2026-05-18 11:15:56+05:30,53092.3,0,0.0,0,0.0,0.0,53282.15,53308.4,52783.45,53710.35,0,0.0,0.0,0.0,0.0,-0.01,-1,-1,-0.01,-1,-1,-0.01,-1,-1,-0.01,-1,-1,-0.01,-1,-1,-0.01,-1,-1,-0.01,-1,-1,-0.01,-1,-1,-0.01,-1,-1,-0.01,-1,-1
99926009,2026-05-18 11:15:57+05:30,53087.6,0,0.0,0,0.0,0.0,53282.15,53308.4,52783.45,53710.35,0,0.0,0.0,0.0,0.0,-0.01,-1,-1,-0.01,-1,-1,-0.01,-1,-1,-0.01,-1,-1,-0.01,-1,-1,-0.01,-1,-1,-0.01,-1,-1,-0.01,-1,-1,-0.01,-1,-1,-0.01,-1,-1
99926009,2026-05-18 11:15:57+05:30,53083.85,0,0.0,0,0.0,0.0,53282.15,53308.4,52783.45,53710.35,0,0.0,0.0,0.0,0.0,-0.01,-1,-1,-0.01,-1,-1,-0.01,-1,-1,-0.01,-1,-1,-0.01,-1,-1,-0.01,-1,-1,-0.01,-1,-1,-0.01,-1,-1,-0.01,-1,-1,-0.01,-1,-1
99926009,2026-05-18 11:15:58+05:30,53084.15,0,0.0,0,0.0,0.0,53282.15,53308.4,52783.45,53710.35,0,0.0,0.0,0.0,0.0,-0.01,-1,-1,-0.01,-1,-1,-0.01,-1,-1,-0.01,-1,-1,-0.01,-1,-1,-0.01,-1,-1,-0.01,-1,-1,-0.01,-1,-1,-0.01,-1,-1,-0.01,-1,-1
99926009,2026-05-18 11:15:58+05:30,53084.65,0,0.0,0,0.0,0.0,53282.15,53308.4,52783.45,53710.35,0,0.0,0.0,0.0,0.0,-0.01,-1,-1,-0.01,-1,-1,-0.01,-1,-1,-0.01,-1,-1,-0.01,-1,-1,-0.01,-1,-1,-0.01,-1,-1,-0.01,-1,-1,-0.01,-1,-1,-0.01,-1,-1
99926009,2026-05-18 11:15:59+05:30,53087.5,0,0.0,0,0.0,0.0,53282.15,53308.4,52783.45,53710.35,0,0.0,0.0,0.0,0.0,-0.01,-1,-1,-0.01,-1,-1,-0.01,-1,-1,-0.01,-1,-1,-0.01,-1,-1,-0.01,-1,-1,-0.01,-1,-1,-0.01,-1,-1,-0.01,-1,-1,-0.01,-1,-1
99926009,2026-05-18 11:15:59+05:30,53088.95,0,0.0,0,0.0,0.0,53282.15,53308.4,52783.45,53710.35,0,0.0,0.0,0.0,0.0,-0.01,-1,-1,-0.01,-1,-1,-0.01,-1,-1,-0.01,-1,-1,-0.01,-1,-1,-0.01,-1,-1,-0.01,-1,-1,-0.01,-1,-1,-0.01,-1,-1,-0.01,-1,-1
99926009,2026-05-18 11:16:00+05:30,53088.95,0,0.0,0,0.0,0.0,53282.15,53308.4,52783.45,53710.35,0,0.0,0.0,0.0,0.0,-0.01,-1,-1,-0.01,-1,-1,-0.01,-1,-1,-0.01,-1,-1,-0.01,-1,-1,-0.01,-1,-1,-0.01,-1,-1,-0.01,-1,-1,-0.01,-1,-1,-0.01,-1,-1
99926009,2026-05-18 11:16:00+05:30,53089.15,0,0.0,0,0.0,0.0,53282.15,53308.4,52783.45,53710.35,0,0.0,0.0,0.0,0.0,-0.01,-1,-1,-0.01,-1,-1,-0.01,-1,-1,-0.01,-1,-1,-0.01,-1,-1,-0.01,-1,-1,-0.01,-1,-1,-0.01,-1,-1,-0.01,-1,-1,-0.01,-1,-1
99926009,2026-05-18 11:16:01+05:30,53095.05,0,0.0,0,0.0,0.0,53282.15,53308.4,52783.45,53710.35,0,0.0,0.0,0.0,0.0,-0.01,-1,-1,-0.01,-1,-1,-0.01,-1,-1,-0.01,-1,-1,-0.01,-1,-1,-0.01,-1,-1,-0.01,-1,-1,-0.01,-1,-1,-0.01,-1,-1,-0.01,-1,-1
99926009,2026-05-18 11:16:01+05:30,53104.55,0,0.0,0,0.0,0.0,53282.15,53308.4,52783.45,53710.35,0,0.0,0.0,0.0,0.0,-0.01,-1,-1,-0.01,-1,-1,-0.01,-1,-1,-0.01,-1,-1,-0.01,-1,-1,-0.01,-1,-1,-0.01,-1,-1,-0.01,-1,-1,-0.01,-1,-1,-0.01,-1,-1
99926009,2026-05-18 11:16:02+05:30,53105.75,0,0.0,0,0.0,0.0,53282.15,53308.4,52783.45,53710.35,0,0.0,0.0,0.0,0.0,-0.01,-1,-1,-0.01,-1,-1,-0.01,-1,-1,-0.01,-1,-1,-0.01,-1,-1,-0.01,-1,-1,-0.01,-1,-1,-0.01,-1,-1,-0.01,-1,-1,-0.01,-1,-1
99926009,2026-05-18 11:16:02+05:30,53104.5,0,0.0,0,0.0,0.0,53282.15,53308.4,52783.45,53710.35,0,0.0,0.0,0.0,0.0,-0.01,-1,-1,-0.01,-1,-1,-0.01,-1,-1,-0.01,-1,-1,-0.01,-1,-1,-0.01,-1,-1,-0.01,-1,-1,-0.01,-1,-1,-0.01,-1,-1,-0.01,-1,-1
99926009,2026-05-18 11:16:03+05:30,53107.45,0,0.0,0,0.0,0.0,53282.15,53308.4,52783.45,53710.35,0,0.0,0.0,0.0,0.0,-0.01,-1,-1,-0.01,-1,-1,-0.01,-1,-1,-0.01,-1,-1,-0.01,-1,-1,-0.01,-1,-1,-0.01,-1,-1,-0.01,-1,-1,-0.01,-1,-1,-0.01,-1,-1
99926009,2026-05-18 11:16:03+05:30,53105.75,0,0.0,0,0.0,0.0,53282.15,53308.4,52783.45,53710.35,0,0.0,0.0,0.0,0.0,-0.01,-1,-1,-0.01,-1,-1,-0.01,-1,-1,-0.01,-1,-1,-0.01,-1,-1,-0.01,-1,-1,-0.01,-1,-1,-0.01,-1,-1,-0.01,-1,-1,-0.01,-1,-1
99926009,2026-05-18 11:16:04+05:30,53104.7,0,0.0,0,0.0,0.0,53282.15,53308.4,52783.45,53710.35,0,0.0,0.0,0.0,0.0,-0.01,-1,-1,-0.01,-1,-1,-0.01,-1,-1,-0.01,-1,-1,-0.01,-1,-1,-0.01,-1,-1,-0.01,-1,-1,-0.01,-1,-1,-0.01,-1,-1,-0.01,-1,-1
99926009,2026-05-18 11:16:04+05:30,53104.25,0,0.0,0,0.0,0.0,53282.15,53308.4,52783.45,53710.35,0,0.0,0.0,0.0,0.0,-0.01,-1,-1,-0.01,-1,-1,-0.01,-1,-1,-0.01,-1,-1,-0.01,-1,-1,-0.01,-1,-1,-0.01,-1,-1,-0.01,-1,-1,-0.01,-1,-1,-0.01,-1,-1
99926009,2026-05-18 11:16:05+05:30,53103.6,0,0.0,0,0.0,0.0,53282.15,53308.4,52783.45,53710.35,0,0.0,0.0,0.0,0.0,-0.01,-1,-1,-0.01,-1,-1,-0.01,-1,-1,-0.01,-1,-1,-0.01,-1,-1,-0.01,-1,-1,-0.01,-1,-1,-0.01,-1,-1,-0.01,-1,-1,-0.01,-1,-1
99926009,2026-05-18 11:16:05+05:30,53103.45,0,0.0,0,0.0,0.0,53282.15,53308.4,52783.45,53710.35,0,0.0,0.0,0.0,0.0,-0.01,-1,-1,-0.01,-1,-1,-0.01,-1,-1,-0.01,-1,-1,-0.01,-1,-1,-0.01,-1,-1,-0.01,-1,-1,-0.01,-1,-1,-0.01,-1,-1,-0.01,-1,-1
99926009,2026-05-18 11:16:06+05:30,53102.8,0,0.0,0,0.0,0.0,53282.15,53308.4,52783.45,53710.35,0,0.0,0.0,0.0,0.0,-0.01,-1,-1,-0.01,-1,-1,-0.01,-1,-1,-0.01,-1,-1,-0.01,-1,-1,-0.01,-1,-1,-0.01,-1,-1,-0.01,-1,-1,-0.01,-1,-1,-0.01,-1,-1
99926009,2026-05-18 11:16:06+05:30,53109.35,0,0.0,0,0.0,0.0,53282.15,53308.4,52783.45,53710.35,0,0.0,0.0,0.0,0.0,-0.01,-1,-1,-0.01,-1,-1,-0.01,-1,-1,-0.01,-1,-1,-0.01,-1,-1,-0.01,-1,-1,-0.01,-1,-1,-0.01,-1,-1,-0.01,-1,-1,-0.01,-1,-1
99926009,2026-05-18 11:16:07+05:30,53104.6,0,0.0,0,0.0,0.0,53282.15,53308.4,52783.45,53710.35,0,0.0,0.0,0.0,0.0,-0.01,-1,-1,-0.01,-1,-1,-0.01,-1,-1,-0.01,-1,-1,-0.01,-1,-1,-0.01,-1,-1,-0.01,-1,-1,-0.01,-1,-1,-0.01,-1,-1,-0.01,-1,-1
99926009,2026-05-18 11:16:07+05:30,53102.95,0,0.0,0,0.0,0.0,53282.15,53308.4,52783.45,53710.35,0,0.0,0.0,0.0,0.0,-0.01,-1,-1,-0.01,-1,-1,-0.01,-1,-1,-0.01,-1,-1,-0.01,-1,-1,-0.01,-1,-1,-0.01,-1,-1,-0.01,-1,-1,-0.01,-1,-1,-0.01,-1,-1
99926009,2026-05-18 11:16:08+05:30,53103.7,0,0.0,0,0.0,0.0,53282.15,53308.4,52783.45,53710.35,0,0.0,0.0,0.0,0.0,-0.01,-1,-1,-0.01,-1,-1,-0.01,-1,-1,-0.01,-1,-1,-0.01,-1,-1,-0.01,-1,-1,-0.01,-1,-1,-0.01,-1,-1,-0.01,-1,-1,-0.01,-1,-1
99926009,2026-05-18 11:16:08+05:30,53107.0,0,0.0,0,0.0,0.0,53282.15,53308.4,52783.45,53710.35,0,0.0,0.0,0.0,0.0,-0.01,-1,-1,-0.01,-1,-1,-0.01,-1,-1,-0.01,-1,-1,-0.01,-1,-1,-0.01,-1,-1,-0.01,-1,-1,-0.01,-1,-1,-0.01,-1,-1,-0.01,-1,-1
99926009,2026-05-18 11:16:09+05:30,53106.4,0,0.0,0,0.0,0.0,53282.15,53308.4,52783.45,53710.35,0,0.0,0.0,0.0,0.0,-0.01,-1,-1,-0.01,-1,-1,-0.01,-1,-1,-0.01,-1,-1,-0.01,-1,-1,-0.01,-1,-1,-0.01,-1,-1,-0.01,-1,-1,-0.01,-1,-1,-0.01,-1,-1
99926009,2026-05-18 11:16:09+05:30,53110.3,0,0.0,0,0.0,0.0,53282.15,53308.4,52783.45,53710.35,0,0.0,0.0,0.0,0.0,-0.01,-1,-1,-0.01,-1,-1,-0.01,-1,-1,-0.01,-1,-1,-0.01,-1,-1,-0.01,-1,-1,-0.01,-1,-1,-0.01,-1,-1,-0.01,-1,-1,-0.01,-1,-1
99926009,2026-05-18 11:16:10+05:30,53108.8,0,0.0,0,0.0,0.0,53282.15,53308.4,52783.45,53710.35,0,0.0,0.0,0.0,0.0,-0.01,-1,-1,-0.01,-1,-1,-0.01,-1,-1,-0.01,-1,-1,-0.01,-1,-1,-0.01,-1,-1,-0.01,-1,-1,-0.01,-1,-1,-0.01,-1,-1,-0.01,-1,-1
99926009,2026-05-18 11:16:10+05:30,53112.25,0,0.0,0,0.0,0.0,53282.15,53308.4,52783.45,53710.35,0,0.0,0.0,0.0,0.0,-0.01,-1,-1,-0.01,-1,-1,-0.01,-1,-1,-0.01,-1,-1,-0.01,-1,-1,-0.01,-1,-1,-0.01,-1,-1,-0.01,-1,-1,-0.01,-1,-1,-0.01,-1,-1
99926009,2026-05-18 11:16:11+05:30,53107.15,0,0.0,0,0.0,0.0,53282.15,53308.4,52783.45,53710.35,0,0.0,0.0,0.0,0.0,-0.01,-1,-1,-0.01,-1,-1,-0.01,-1,-1,-0.01,-1,-1,-0.01,-1,-1,-0.01,-1,-1,-0.01,-1,-1,-0.01,-1,-1,-0.01,-1,-1,-0.01,-1,-1
99926009,2026-05-18 11:16:11+05:30,53111.35,0,0.0,0,0.0,0.0,53282.15,53308.4,52783.45,53710.35,0,0.0,0.0,0.0,0.0,-0.01,-1,-1,-0.01,-1,-1,-0.01,-1,-1,-0.01,-1,-1,-0.01,-1,-1,-0.01,-1,-1,-0.01,-1,-1,-0.01,-1,-1,-0.01,-1,-1,-0.01,-1,-1
99926009,2026-05-18 11:16:12+05:30,53109.95,0,0.0,0,0.0,0.0,53282.15,53308.4,52783.45,53710.35,0,0.0,0.0,0.0,0.0,-0.01,-1,-1,-0.01,-1,-1,-0.01,-1,-1,-0.01,-1,-1,-0.01,-1,-1,-0.01,-1,-1,-0.01,-1,-1,-0.01,-1,-1,-0.01,-1,-1,-0.01,-1,-1
99926009,2026-05-18 11:16:12+05:30,53108.6,0,0.0,0,0.0,0.0,53282.15,53308.4,52783.45,53710.35,0,0.0,0.0,0.0,0.0,-0.01,-1,-1,-0.01,-1,-1,-0.01,-1,-1,-0.01,-1,-1,-0.01,-1,-1,-0.01,-1,-1,-0.01,-1,-1,-0.01,-1,-1,-0.01,-1,-1,-0.01,-1,-1
99926009,2026-05-18 11:16:13+05:30,53107.85,0,0.0,0,0.0,0.0,53282.15,53308.4,52783.45,53710.35,0,0.0,0.0,0.0,0.0,-0.01,-1,-1,-0.01,-1,-1,-0.01,-1,-1,-0.01,-1,-1,-0.01,-1,-1,-0.01,-1,-1,-0.01,-1,-1,-0.01,-1,-1,-0.01,-1,-1,-0.01,-1,-1
99926009,2026-05-18 11:16:13+05:30,53109.4,0,0.0,0,0.0,0.0,53282.15,53308.4,52783.45,53710.35,0,0.0,0.0,0.0,0.0,-0.01,-1,-1,-0.01,-1,-1,-0.01,-1,-1,-0.01,-1,-1,-0.01,-1,-1,-0.01,-1,-1,-0.01,-1,-1,-0.01,-1,-1,-0.01,-1,-1,-0.01,-1,-1
99926009,2026-05-18 11:16:14+05:30,53109.4,0,0.0,0,0.0,0.0,53282.15,53308.4,52783.45,53710.35,0,0.0,0.0,0.0,0.0,-0.01,-1,-1,-0.01,-1,-1,-0.01,-1,-1,-0.01,-1,-1,-0.01,-1,-1,-0.01,-1,-1,-0.01,-1,-1,-0.01,-1,-1,-0.01,-1,-1,-0.01,-1,-1
99926009,2026-05-18 11:16:14+05:30,53108.2,0,0.0,0,0.0,0.0,53282.15,53308.4,52783.45,53710.35,0,0.0,0.0,0.0,0.0,-0.01,-1,-1,-0.01,-1,-1,-0.01,-1,-1,-0.01,-1,-1,-0.01,-1,-1,-0.01,-1,-1,-0.01,-1,-1,-0.01,-1,-1,-0.01,-1,-1,-0.01,-1,-1
99926009,2026-05-18 11:16:15+05:30,53107.25,0,0.0,0,0.0,0.0,53282.15,53308.4,52783.45,53710.35,0,0.0,0.0,0.0,0.0,-0.01,-1,-1,-0.01,-1,-1,-0.01,-1,-1,-0.01,-1,-1,-0.01,-1,-1,-0.01,-1,-1,-0.01,-1,-1,-0.01,-1,-1,-0.01,-1,-1,-0.01,-1,-1
99926009,2026-05-18 11:16:15+05:30,53109.15,0,0.0,0,0.0,0.0,53282.15,53308.4,52783.45,53710.35,0,0.0,0.0,0.0,0.0,-0.01,-1,-1,-0.01,-1,-1,-0.01,-1,-1,-0.01,-1,-1,-0.01,-1,-1,-0.01,-1,-1,-0.01,-1,-1,-0.01,-1,-1,-0.01,-1,-1,-0.01,-1,-1
99926009,2026-05-18 11:16:16+05:30,53109.2,0,0.0,0,0.0,0.0,53282.15,53308.4,52783.45,53710.35,0,0.0,0.0,0.0,0.0,-0.01,-1,-1,-0.01,-1,-1,-0.01,-1,-1,-0.01,-1,-1,-0.01,-1,-1,-0.01,-1,-1,-0.01,-1,-1,-0.01,-1,-1,-0.01,-1,-1,-0.01,-1,-1
99926009,2026-05-18 11:16:16+05:30,53109.15,0,0.0,0,0.0,0.0,53282.15,53308.4,52783.45,53710.35,0,0.0,0.0,0.0,0.0,-0.01,-1,-1,-0.01,-1,-1,-0.01,-1,-1,-0.01,-1,-1,-0.01,-1,-1,-0.01,-1,-1,-0.01,-1,-1,-0.01,-1,-1,-0.01,-1,-1,-0.01,-1,-1
99926009,2026-05-18 11:16:17+05:30,53108.3,0,0.0,0,0.0,0.0,53282.15,53308.4,52783.45,53710.35,0,0.0,0.0,0.0,0.0,-0.01,-1,-1,-0.01,-1,-1,-0.01,-1,-1,-0.01,-1,-1,-0.01,-1,-1,-0.01,-1,-1,-0.01,-1,-1,-0.01,-1,-1,-0.01,-1,-1,-0.01,-1,-1
99926009,2026-05-18 11:16:17+05:30,53108.75,0,0.0,0,0.0,0.0,53282.15,53308.4,52783.45,53710.35,0,0.0,0.0,0.0,0.0,-0.01,-1,-1,-0.01,-1,-1,-0.01,-1,-1,-0.01,-1,-1,-0.01,-1,-1,-0.01,-1,-1,-0.01,-1,-1,-0.01,-1,-1,-0.01,-1,-1,-0.01,-1,-1
99926009,2026-05-18 11:16:18+05:30,53109.45,0,0.0,0,0.0,0.0,53282.15,53308.4,52783.45,53710.35,0,0.0,0.0,0.0,0.0,-0.01,-1,-1,-0.01,-1,-1,-0.01,-1,-1,-0.01,-1,-1,-0.01,-1,-1,-0.01,-1,-1,-0.01,-1,-1,-0.01,-1,-1,-0.01,-1,-1,-0.01,-1,-1
99926009,2026-05-18 11:16:18+05:30,53106.6,0,0.0,0,0.0,0.0,53282.15,53308.4,52783.45,53710.35,0,0.0,0.0,0.0,0.0,-0.01,-1,-1,-0.01,-1,-1,-0.01,-1,-1,-0.01,-1,-1,-0.01,-1,-1,-0.01,-1,-1,-0.01,-1,-1,-0.01,-1,-1,-0.01,-1,-1,-0.01,-1,-1
99926009,2026-05-18 11:16:19+05:30,53107.75,0,0.0,0,0.0,0.0,53282.15,53308.4,52783.45,53710.35,0,0.0,0.0,0.0,0.0,-0.01,-1,-1,-0.01,-1,-1,-0.01,-1,-1,-0.01,-1,-1,-0.01,-1,-1,-0.01,-1,-1,-0.01,-1,-1,-0.01,-1,-1,-0.01,-1,-1,-0.01,-1,-1
99926009,2026-05-18 11:16:19+05:30,53109.4,0,0.0,0,0.0,0.0,53282.15,53308.4,52783.45,53710.35,0,0.0,0.0,0.0,0.0,-0.01,-1,-1,-0.01,-1,-1,-0.01,-1,-1,-0.01,-1,-1,-0.01,-1,-1,-0.01,-1,-1,-0.01,-1,-1,-0.01,-1,-1,-0.01,-1,-1,-0.01,-1,-1
99926009,2026-05-18 11:16:20+05:30,53108.7,0,0.0,0,0.0,0.0,53282.15,53308.4,52783.45,53710.35,0,0.0,0.0,0.0,0.0,-0.01,-1,-1,-0.01,-1,-1,-0.01,-1,-1,-0.01,-1,-1,-0.01,-1,-1,-0.01,-1,-1,-0.01,-1,-1,-0.01,-1,-1,-0.01,-1,-1,-0.01,-1,-1
99926009,2026-05-18 11:16:20+05:30,53111.35,0,0.0,0,0.0,0.0,53282.15,53308.4,52783.45,53710.35,0,0.0,0.0,0.0,0.0,-0.01,-1,-1,-0.01,-1,-1,-0.01,-1,-1,-0.01,-1,-1,-0.01,-1,-1,-0.01,-1,-1,-0.01,-1,-1,-0.01,-1,-1,-0.01,-1,-1,-0.01,-1,-1
99926009,2026-05-18 11:16:21+05:30,53110.45,0,0.0,0,0.0,0.0,53282.15,53308.4,52783.45,53710.35,0,0.0,0.0,0.0,0.0,-0.01,-1,-1,-0.01,-1,-1,-0.01,-1,-1,-0.01,-1,-1,-0.01,-1,-1,-0.01,-1,-1,-0.01,-1,-1,-0.01,-1,-1,-0.01,-1,-1,-0.01,-1,-1
99926009,2026-05-18 11:16:21+05:30,53110.7,0,0.0,0,0.0,0.0,53282.15,53308.4,52783.45,53710.35,0,0.0,0.0,0.0,0.0,-0.01,-1,-1,-0.01,-1,-1,-0.01,-1,-1,-0.01,-1,-1,-0.01,-1,-1,-0.01,-1,-1,-0.01,-1,-1,-0.01,-1,-1,-0.01,-1,-1,-0.01,-1,-1
99926009,2026-05-18 11:16:22+05:30,53110.2,0,0.0,0,0.0,0.0,53282.15,53308.4,52783.45,53710.35,0,0.0,0.0,0.0,0.0,-0.01,-1,-1,-0.01,-1,-1,-0.01,-1,-1,-0.01,-1,-1,-0.01,-1,-1,-0.01,-1,-1,-0.01,-1,-1,-0.01,-1,-1,-0.01,-1,-1,-0.01,-1,-1
99926009,2026-05-18 11:16:22+05:30,53109.0,0,0.0,0,0.0,0.0,53282.15,53308.4,52783.45,53710.35,0,0.0,0.0,0.0,0.0,-0.01,-1,-1,-0.01,-1,-1,-0.01,-1,-1,-0.01,-1,-1,-0.01,-1,-1,-0.01,-1,-1,-0.01,-1,-1,-0.01,-1,-1,-0.01,-1,-1,-0.01,-1,-1
99926009,2026-05-18 11:16:23+05:30,53110.05,0,0.0,0,0.0,0.0,53282.15,53308.4,52783.45,53710.35,0,0.0,0.0,0.0,0.0,-0.01,-1,-1,-0.01,-1,-1,-0.01,-1,-1,-0.01,-1,-1,-0.01,-1,-1,-0.01,-1,-1,-0.01,-1,-1,-0.01,-1,-1,-0.01,-1,-1,-0.01,-1,-1
99926009,2026-05-18 11:16:23+05:30,53110.05,0,0.0,0,0.0,0.0,53282.15,53308.4,52783.45,53710.35,0,0.0,0.0,0.0,0.0,-0.01,-1,-1,-0.01,-1,-1,-0.01,-1,-1,-0.01,-1,-1,-0.01,-1,-1,-0.01,-1,-1,-0.01,-1,-1,-0.01,-1,-1,-0.01,-1,-1,-0.01,-1,-1
99926009,2026-05-18 11:16:24+05:30,53110.2,0,0.0,0,0.0,0.0,53282.15,53308.4,52783.45,53710.35,0,0.0,0.0,0.0,0.0,-0.01,-1,-1,-0.01,-1,-1,-0.01,-1,-1,-0.01,-1,-1,-0.01,-1,-1,-0.01,-1,-1,-0.01,-1,-1,-0.01,-1,-1,-0.01,-1,-1,-0.01,-1,-1
99926009,2026-05-18 11:16:24+05:30,53109.85,0,0.0,0,0.0,0.0,53282.15,53308.4,52783.45,53710.35,0,0.0,0.0,0.0,0.0,-0.01,-1,-1,-0.01,-1,-1,-0.01,-1,-1,-0.01,-1,-1,-0.01,-1,-1,-0.01,-1,-1,-0.01,-1,-1,-0.01,-1,-1,-0.01,-1,-1,-0.01,-1,-1
99926009,2026-05-18 11:16:25+05:30,53109.7,0,0.0,0,0.0,0.0,53282.15,53308.4,52783.45,53710.35,0,0.0,0.0,0.0,0.0,-0.01,-1,-1,-0.01,-1,-1,-0.01,-1,-1,-0.01,-1,-1,-0.01,-1,-1,-0.01,-1,-1,-0.01,-1,-1,-0.01,-1,-1,-0.01,-1,-1,-0.01,-1,-1
99926009,2026-05-18 11:16:25+05:30,53109.2,0,0.0,0,0.0,0.0,53282.15,53308.4,52783.45,53710.35,0,0.0,0.0,0.0,0.0,-0.01,-1,-1,-0.01,-1,-1,-0.01,-1,-1,-0.01,-1,-1,-0.01,-1,-1,-0.01,-1,-1,-0.01,-1,-1,-0.01,-1,-1,-0.01,-1,-1,-0.01,-1,-1
99926009,2026-05-18 11:16:26+05:30,53113.45,0,0.0,0,0.0,0.0,53282.15,53308.4,52783.45,53710.35,0,0.0,0.0,0.0,0.0,-0.01,-1,-1,-0.01,-1,-1,-0.01,-1,-1,-0.01,-1,-1,-0.01,-1,-1,-0.01,-1,-1,-0.01,-1,-1,-0.01,-1,-1,-0.01,-1,-1,-0.01,-1,-1
99926009,2026-05-18 11:16:26+05:30,53113.9,0,0.0,0,0.0,0.0,53282.15,53308.4,52783.45,53710.35,0,0.0,0.0,0.0,0.0,-0.01,-1,-1,-0.01,-1,-1,-0.01,-1,-1,-0.01,-1,-1,-0.01,-1,-1,-0.01,-1,-1,-0.01,-1,-1,-0.01,-1,-1,-0.01,-1,-1,-0.01,-1,-1
99926009,2026-05-18 11:16:27+05:30,53111.6,0,0.0,0,0.0,0.0,53282.15,53308.4,52783.45,53710.35,0,0.0,0.0,0.0,0.0,-0.01,-1,-1,-0.01,-1,-1,-0.01,-1,-1,-0.01,-1,-1,-0.01,-1,-1,-0.01,-1,-1,-0.01,-1,-1,-0.01,-1,-1,-0.01,-1,-1,-0.01,-1,-1
99926009,2026-05-18 11:16:27+05:30,53111.5,0,0.0,0,0.0,0.0,53282.15,53308.4,52783.45,53710.35,0,0.0,0.0,0.0,0.0,-0.01,-1,-1,-0.01,-1,-1,-0.01,-1,-1,-0.01,-1,-1,-0.01,-1,-1,-0.01,-1,-1,-0.01,-1,-1,-0.01,-1,-1,-0.01,-1,-1,-0.01,-1,-1
99926009,2026-05-18 11:16:28+05:30,53112.0,0,0.0,0,0.0,0.0,53282.15,53308.4,52783.45,53710.35,0,0.0,0.0,0.0,0.0,-0.01,-1,-1,-0.01,-1,-1,-0.01,-1,-1,-0.01,-1,-1,-0.01,-1,-1,-0.01,-1,-1,-0.01,-1,-1,-0.01,-1,-1,-0.01,-1,-1,-0.01,-1,-1
99926009,2026-05-18 11:16:28+05:30,53113.55,0,0.0,0,0.0,0.0,53282.15,53308.4,52783.45,53710.35,0,0.0,0.0,0.0,0.0,-0.01,-1,-1,-0.01,-1,-1,-0.01,-1,-1,-0.01,-1,-1,-0.01,-1,-1,-0.01,-1,-1,-0.01,-1,-1,-0.01,-1,-1,-0.01,-1,-1,-0.01,-1,-1
99926009,2026-05-18 11:16:29+05:30,53115.35,0,0.0,0,0.0,0.0,53282.15,53308.4,52783.45,53710.35,0,0.0,0.0,0.0,0.0,-0.01,-1,-1,-0.01,-1,-1,-0.01,-1,-1,-0.01,-1,-1,-0.01,-1,-1,-0.01,-1,-1,-0.01,-1,-1,-0.01,-1,-1,-0.01,-1,-1,-0.01,-1,-1
99926009,2026-05-18 11:16:29+05:30,53115.8,0,0.0,0,0.0,0.0,53282.15,53308.4,52783.45,53710.35,0,0.0,0.0,0.0,0.0,-0.01,-1,-1,-0.01,-1,-1,-0.01,-1,-1,-0.01,-1,-1,-0.01,-1,-1,-0.01,-1,-1,-0.01,-1,-1,-0.01,-1,-1,-0.01,-1,-1,-0.01,-1,-1
99926009,2026-05-18 11:16:30+05:30,53115.7,0,0.0,0,0.0,0.0,53282.15,53308.4,52783.45,53710.35,0,0.0,0.0,0.0,0.0,-0.01,-1,-1,-0.01,-1,-1,-0.01,-1,-1,-0.01,-1,-1,-0.01,-1,-1,-0.01,-1,-1,-0.01,-1,-1,-0.01,-1,-1,-0.01,-1,-1,-0.01,-1,-1
99926009,2026-05-18 11:16:30+05:30,53114.65,0,0.0,0,0.0,0.0,53282.15,53308.4,52783.45,53710.35,0,0.0,0.0,0.0,0.0,-0.01,-1,-1,-0.01,-1,-1,-0.01,-1,-1,-0.01,-1,-1,-0.01,-1,-1,-0.01,-1,-1,-0.01,-1,-1,-0.01,-1,-1,-0.01,-1,-1,-0.01,-1,-1
99926009,2026-05-18 11:16:31+05:30,53115.65,0,0.0,0,0.0,0.0,53282.15,53308.4,52783.45,53710.35,0,0.0,0.0,0.0,0.0,-0.01,-1,-1,-0.01,-1,-1,-0.01,-1,-1,-0.01,-1,-1,-0.01,-1,-1,-0.01,-1,-1,-0.01,-1,-1,-0.01,-1,-1,-0.01,-1,-1,-0.01,-1,-1
99926009,2026-05-18 11:16:31+05:30,53115.2,0,0.0,0,0.0,0.0,53282.15,53308.4,52783.45,53710.35,0,0.0,0.0,0.0,0.0,-0.01,-1,-1,-0.01,-1,-1,-0.01,-1,-1,-0.01,-1,-1,-0.01,-1,-1,-0.01,-1,-1,-0.01,-1,-1,-0.01,-1,-1,-0.01,-1,-1,-0.01,-1,-1
99926009,2026-05-18 11:16:32+05:30,53112.35,0,0.0,0,0.0,0.0,53282.15,53308.4,52783.45,53710.35,0,0.0,0.0,0.0,0.0,-0.01,-1,-1,-0.01,-1,-1,-0.01,-1,-1,-0.01,-1,-1,-0.01,-1,-1,-0.01,-1,-1,-0.01,-1,-1,-0.01,-1,-1,-0.01,-1,-1,-0.01,-1,-1
99926009,2026-05-18 11:16:32+05:30,53112.65,0,0.0,0,0.0,0.0,53282.15,53308.4,52783.45,53710.35,0,0.0,0.0,0.0,0.0,-0.01,-1,-1,-0.01,-1,-1,-0.01,-1,-1,-0.01,-1,-1,-0.01,-1,-1,-0.01,-1,-1,-0.01,-1,-1,-0.01,-1,-1,-0.01,-1,-1,-0.01,-1,-1
99926009,2026-05-18 11:16:33+05:30,53112.3,0,0.0,0,0.0,0.0,53282.15,53308.4,52783.45,53710.35,0,0.0,0.0,0.0,0.0,-0.01,-1,-1,-0.01,-1,-1,-0.01,-1,-1,-0.01,-1,-1,-0.01,-1,-1,-0.01,-1,-1,-0.01,-1,-1,-0.01,-1,-1,-0.01,-1,-1,-0.01,-1,-1
99926009,2026-05-18 11:16:33+05:30,53109.2,0,0.0,0,0.0,0.0,53282.15,53308.4,52783.45,53710.35,0,0.0,0.0,0.0,0.0,-0.01,-1,-1,-0.01,-1,-1,-0.01,-1,-1,-0.01,-1,-1,-0.01,-1,-1,-0.01,-1,-1,-0.01,-1,-1,-0.01,-1,-1,-0.01,-1,-1,-0.01,-1,-1
99926009,2026-05-18 11:16:34+05:30,53109.05,0,0.0,0,0.0,0.0,53282.15,53308.4,52783.45,53710.35,0,0.0,0.0,0.0,0.0,-0.01,-1,-1,-0.01,-1,-1,-0.01,-1,-1,-0.01,-1,-1,-0.01,-1,-1,-0.01,-1,-1,-0.01,-1,-1,-0.01,-1,-1,-0.01,-1,-1,-0.01,-1,-1
99926009,2026-05-18 11:16:34+05:30,53108.95,0,0.0,0,0.0,0.0,53282.15,53308.4,52783.45,53710.35,0,0.0,0.0,0.0,0.0,-0.01,-1,-1,-0.01,-1,-1,-0.01,-1,-1,-0.01,-1,-1,-0.01,-1,-1,-0.01,-1,-1,-0.01,-1,-1,-0.01,-1,-1,-0.01,-1,-1,-0.01,-1,-1
99926009,2026-05-18 11:16:35+05:30,53112.2,0,0.0,0,0.0,0.0,53282.15,53308.4,52783.45,53710.35,0,0.0,0.0,0.0,0.0,-0.01,-1,-1,-0.01,-1,-1,-0.01,-1,-1,-0.01,-1,-1,-0.01,-1,-1,-0.01,-1,-1,-0.01,-1,-1,-0.01,-1,-1,-0.01,-1,-1,-0.01,-1,-1
99926009,2026-05-18 11:16:35+05:30,53111.6,0,0.0,0,0.0,0.0,53282.15,53308.4,52783.45,53710.35,0,0.0,0.0,0.0,0.0,-0.01,-1,-1,-0.01,-1,-1,-0.01,-1,-1,-0.01,-1,-1,-0.01,-1,-1,-0.01,-1,-1,-0.01,-1,-1,-0.01,-1,-1,-0.01,-1,-1,-0.01,-1,-1
99926009,2026-05-18 11:16:36+05:30,53112.0,0,0.0,0,0.0,0.0,53282.15,53308.4,52783.45,53710.35,0,0.0,0.0,0.0,0.0,-0.01,-1,-1,-0.01,-1,-1,-0.01,-1,-1,-0.01,-1,-1,-0.01,-1,-1,-0.01,-1,-1,-0.01,-1,-1,-0.01,-1,-1,-0.01,-1,-1,-0.01,-1,-1
99926009,2026-05-18 11:16:36+05:30,53113.1,0,0.0,0,0.0,0.0,53282.15,53308.4,52783.45,53710.35,0,0.0,0.0,0.0,0.0,-0.01,-1,-1,-0.01,-1,-1,-0.01,-1,-1,-0.01,-1,-1,-0.01,-1,-1,-0.01,-1,-1,-0.01,-1,-1,-0.01,-1,-1,-0.01,-1,-1,-0.01,-1,-1
99926009,2026-05-18 11:16:37+05:30,53115.15,0,0.0,0,0.0,0.0,53282.15,53308.4,52783.45,53710.35,0,0.0,0.0,0.0,0.0,-0.01,-1,-1,-0.01,-1,-1,-0.01,-1,-1,-0.01,-1,-1,-0.01,-1,-1,-0.01,-1,-1,-0.01,-1,-1,-0.01,-1,-1,-0.01,-1,-1,-0.01,-1,-1
99926009,2026-05-18 11:16:37+05:30,53115.05,0,0.0,0,0.0,0.0,53282.15,53308.4,52783.45,53710.35,0,0.0,0.0,0.0,0.0,-0.01,-1,-1,-0.01,-1,-1,-0.01,-1,-1,-0.01,-1,-1,-0.01,-1,-1,-0.01,-1,-1,-0.01,-1,-1,-0.01,-1,-1,-0.01,-1,-1,-0.01,-1,-1
99926009,2026-05-18 11:16:38+05:30,53115.2,0,0.0,0,0.0,0.0,53282.15,53308.4,52783.45,53710.35,0,0.0,0.0,0.0,0.0,-0.01,-1,-1,-0.01,-1,-1,-0.01,-1,-1,-0.01,-1,-1,-0.01,-1,-1,-0.01,-1,-1,-0.01,-1,-1,-0.01,-1,-1,-0.01,-1,-1,-0.01,-1,-1
99926009,2026-05-18 11:16:38+05:30,53115.95,0,0.0,0,0.0,0.0,53282.15,53308.4,52783.45,53710.35,0,0.0,0.0,0.0,0.0,-0.01,-1,-1,-0.01,-1,-1,-0.01,-1,-1,-0.01,-1,-1,-0.01,-1,-1,-0.01,-1,-1,-0.01,-1,-1,-0.01,-1,-1,-0.01,-1,-1,-0.01,-1,-1
99926009,2026-05-18 11:16:39+05:30,53113.95,0,0.0,0,0.0,0.0,53282.15,53308.4,52783.45,53710.35,0,0.0,0.0,0.0,0.0,-0.01,-1,-1,-0.01,-1,-1,-0.01,-1,-1,-0.01,-1,-1,-0.01,-1,-1,-0.01,-1,-1,-0.01,-1,-1,-0.01,-1,-1,-0.01,-1,-1,-0.01,-1,-1
99926009,2026-05-18 11:16:39+05:30,53116.65,0,0.0,0,0.0,0.0,53282.15,53308.4,52783.45,53710.35,0,0.0,0.0,0.0,0.0,-0.01,-1,-1,-0.01,-1,-1,-0.01,-1,-1,-0.01,-1,-1,-0.01,-1,-1,-0.01,-1,-1,-0.01,-1,-1,-0.01,-1,-1,-0.01,-1,-1,-0.01,-1,-1
99926009,2026-05-18 11:16:40+05:30,53116.3,0,0.0,0,0.0,0.0,53282.15,53308.4,52783.45,53710.35,0,0.0,0.0,0.0,0.0,-0.01,-1,-1,-0.01,-1,-1,-0.01,-1,-1,-0.01,-1,-1,-0.01,-1,-1,-0.01,-1,-1,-0.01,-1,-1,-0.01,-1,-1,-0.01,-1,-1,-0.01,-1,-1
99926009,2026-05-18 11:16:40+05:30,53115.15,0,0.0,0,0.0,0.0,53282.15,53308.4,52783.45,53710.35,0,0.0,0.0,0.0,0.0,-0.01,-1,-1,-0.01,-1,-1,-0.01,-1,-1,-0.01,-1,-1,-0.01,-1,-1,-0.01,-1,-1,-0.01,-1,-1,-0.01,-1,-1,-0.01,-1,-1,-0.01,-1,-1
99926009,2026-05-18 11:16:41+05:30,53113.05,0,0.0,0,0.0,0.0,53282.15,53308.4,52783.45,53710.35,0,0.0,0.0,0.0,0.0,-0.01,-1,-1,-0.01,-1,-1,-0.01,-1,-1,-0.01,-1,-1,-0.01,-1,-1,-0.01,-1,-1,-0.01,-1,-1,-0.01,-1,-1,-0.01,-1,-1,-0.01,-1,-1
99926009,2026-05-18 11:16:41+05:30,53113.75,0,0.0,0,0.0,0.0,53282.15,53308.4,52783.45,53710.35,0,0.0,0.0,0.0,0.0,-0.01,-1,-1,-0.01,-1,-1,-0.01,-1,-1,-0.01,-1,-1,-0.01,-1,-1,-0.01,-1,-1,-0.01,-1,-1,-0.01,-1,-1,-0.01,-1,-1,-0.01,-1,-1
99926009,2026-05-18 11:16:42+05:30,53113.25,0,0.0,0,0.0,0.0,53282.15,53308.4,52783.45,53710.35,0,0.0,0.0,0.0,0.0,-0.01,-1,-1,-0.01,-1,-1,-0.01,-1,-1,-0.01,-1,-1,-0.01,-1,-1,-0.01,-1,-1,-0.01,-1,-1,-0.01,-1,-1,-0.01,-1,-1,-0.01,-1,-1
99926009,2026-05-18 11:16:42+05:30,53113.85,0,0.0,0,0.0,0.0,53282.15,53308.4,52783.45,53710.35,0,0.0,0.0,0.0,0.0,-0.01,-1,-1,-0.01,-1,-1,-0.01,-1,-1,-0.01,-1,-1,-0.01,-1,-1,-0.01,-1,-1,-0.01,-1,-1,-0.01,-1,-1,-0.01,-1,-1,-0.01,-1,-1
99926009,2026-05-18 11:16:43+05:30,53114.5,0,0.0,0,0.0,0.0,53282.15,53308.4,52783.45,53710.35,0,0.0,0.0,0.0,0.0,-0.01,-1,-1,-0.01,-1,-1,-0.01,-1,-1,-0.01,-1,-1,-0.01,-1,-1,-0.01,-1,-1,-0.01,-1,-1,-0.01,-1,-1,-0.01,-1,-1,-0.01,-1,-1
99926009,2026-05-18 11:16:43+05:30,53115.2,0,0.0,0,0.0,0.0,53282.15,53308.4,52783.45,53710.35,0,0.0,0.0,0.0,0.0,-0.01,-1,-1,-0.01,-1,-1,-0.01,-1,-1,-0.01,-1,-1,-0.01,-1,-1,-0.01,-1,-1,-0.01,-1,-1,-0.01,-1,-1,-0.01,-1,-1,-0.01,-1,-1
99926009,2026-05-18 11:16:44+05:30,53113.1,0,0.0,0,0.0,0.0,53282.15,53308.4,52783.45,53710.35,0,0.0,0.0,0.0,0.0,-0.01,-1,-1,-0.01,-1,-1,-0.01,-1,-1,-0.01,-1,-1,-0.01,-1,-1,-0.01,-1,-1,-0.01,-1,-1,-0.01,-1,-1,-0.01,-1,-1,-0.01,-1,-1
99926009,2026-05-18 11:16:44+05:30,53112.3,0,0.0,0,0.0,0.0,53282.15,53308.4,52783.45,53710.35,0,0.0,0.0,0.0,0.0,-0.01,-1,-1,-0.01,-1,-1,-0.01,-1,-1,-0.01,-1,-1,-0.01,-1,-1,-0.01,-1,-1,-0.01,-1,-1,-0.01,-1,-1,-0.01,-1,-1,-0.01,-1,-1
99926009,2026-05-18 11:16:45+05:30,53112.8,0,0.0,0,0.0,0.0,53282.15,53308.4,52783.45,53710.35,0,0.0,0.0,0.0,0.0,-0.01,-1,-1,-0.01,-1,-1,-0.01,-1,-1,-0.01,-1,-1,-0.01,-1,-1,-0.01,-1,-1,-0.01,-1,-1,-0.01,-1,-1,-0.01,-1,-1,-0.01,-1,-1
99926009,2026-05-18 11:16:45+05:30,53113.65,0,0.0,0,0.0,0.0,53282.15,53308.4,52783.45,53710.35,0,0.0,0.0,0.0,0.0,-0.01,-1,-1,-0.01,-1,-1,-0.01,-1,-1,-0.01,-1,-1,-0.01,-1,-1,-0.01,-1,-1,-0.01,-1,-1,-0.01,-1,-1,-0.01,-1,-1,-0.01,-1,-1
99926009,2026-05-18 11:16:46+05:30,53114.15,0,0.0,0,0.0,0.0,53282.15,53308.4,52783.45,53710.35,0,0.0,0.0,0.0,0.0,-0.01,-1,-1,-0.01,-1,-1,-0.01,-1,-1,-0.01,-1,-1,-0.01,-1,-1,-0.01,-1,-1,-0.01,-1,-1,-0.01,-1,-1,-0.01,-1,-1,-0.01,-1,-1
99926009,2026-05-18 11:16:46+05:30,53114.3,0,0.0,0,0.0,0.0,53282.15,53308.4,52783.45,53710.35,0,0.0,0.0,0.0,0.0,-0.01,-1,-1,-0.01,-1,-1,-0.01,-1,-1,-0.01,-1,-1,-0.01,-1,-1,-0.01,-1,-1,-0.01,-1,-1,-0.01,-1,-1,-0.01,-1,-1,-0.01,-1,-1
99926009,2026-05-18 11:16:47+05:30,53113.4,0,0.0,0,0.0,0.0,53282.15,53308.4,52783.45,53710.35,0,0.0,0.0,0.0,0.0,-0.01,-1,-1,-0.01,-1,-1,-0.01,-1,-1,-0.01,-1,-1,-0.01,-1,-1,-0.01,-1,-1,-0.01,-1,-1,-0.01,-1,-1,-0.01,-1,-1,-0.01,-1,-1
99926009,2026-05-18 11:16:47+05:30,53114.7,0,0.0,0,0.0,0.0,53282.15,53308.4,52783.45,53710.35,0,0.0,0.0,0.0,0.0,-0.01,-1,-1,-0.01,-1,-1,-0.01,-1,-1,-0.01,-1,-1,-0.01,-1,-1,-0.01,-1,-1,-0.01,-1,-1,-0.01,-1,-1,-0.01,-1,-1,-0.01,-1,-1
99926009,2026-05-18 11:16:48+05:30,53115.15,0,0.0,0,0.0,0.0,53282.15,53308.4,52783.45,53710.35,0,0.0,0.0,0.0,0.0,-0.01,-1,-1,-0.01,-1,-1,-0.01,-1,-1,-0.01,-1,-1,-0.01,-1,-1,-0.01,-1,-1,-0.01,-1,-1,-0.01,-1,-1,-0.01,-1,-1,-0.01,-1,-1
99926009,2026-05-18 11:16:48+05:30,53114.95,0,0.0,0,0.0,0.0,53282.15,53308.4,52783.45,53710.35,0,0.0,0.0,0.0,0.0,-0.01,-1,-1,-0.01,-1,-1,-0.01,-1,-1,-0.01,-1,-1,-0.01,-1,-1,-0.01,-1,-1,-0.01,-1,-1,-0.01,-1,-1,-0.01,-1,-1,-0.01,-1,-1
99926009,2026-05-18 11:16:49+05:30,53115.3,0,0.0,0,0.0,0.0,53282.15,53308.4,52783.45,53710.35,0,0.0,0.0,0.0,0.0,-0.01,-1,-1,-0.01,-1,-1,-0.01,-1,-1,-0.01,-1,-1,-0.01,-1,-1,-0.01,-1,-1,-0.01,-1,-1,-0.01,-1,-1,-0.01,-1,-1,-0.01,-1,-1
99926009,2026-05-18 11:16:49+05:30,53115.95,0,0.0,0,0.0,0.0,53282.15,53308.4,52783.45,53710.35,0,0.0,0.0,0.0,0.0,-0.01,-1,-1,-0.01,-1,-1,-0.01,-1,-1,-0.01,-1,-1,-0.01,-1,-1,-0.01,-1,-1,-0.01,-1,-1,-0.01,-1,-1,-0.01,-1,-1,-0.01,-1,-1
99926009,2026-05-18 11:16:50+05:30,53115.0,0,0.0,0,0.0,0.0,53282.15,53308.4,52783.45,53710.35,0,0.0,0.0,0.0,0.0,-0.01,-1,-1,-0.01,-1,-1,-0.01,-1,-1,-0.01,-1,-1,-0.01,-1,-1,-0.01,-1,-1,-0.01,-1,-1,-0.01,-1,-1,-0.01,-1,-1,-0.01,-1,-1
99926009,2026-05-18 11:16:50+05:30,53116.6,0,0.0,0,0.0,0.0,53282.15,53308.4,52783.45,53710.35,0,0.0,0.0,0.0,0.0,-0.01,-1,-1,-0.01,-1,-1,-0.01,-1,-1,-0.01,-1,-1,-0.01,-1,-1,-0.01,-1,-1,-0.01,-1,-1,-0.01,-1,-1,-0.01,-1,-1,-0.01,-1,-1
99926009,2026-05-18 11:16:51+05:30,53115.15,0,0.0,0,0.0,0.0,53282.15,53308.4,52783.45,53710.35,0,0.0,0.0,0.0,0.0,-0.01,-1,-1,-0.01,-1,-1,-0.01,-1,-1,-0.01,-1,-1,-0.01,-1,-1,-0.01,-1,-1,-0.01,-1,-1,-0.01,-1,-1,-0.01,-1,-1,-0.01,-1,-1
99926009,2026-05-18 11:16:51+05:30,53116.75,0,0.0,0,0.0,0.0,53282.15,53308.4,52783.45,53710.35,0,0.0,0.0,0.0,0.0,-0.01,-1,-1,-0.01,-1,-1,-0.01,-1,-1,-0.01,-1,-1,-0.01,-1,-1,-0.01,-1,-1,-0.01,-1,-1,-0.01,-1,-1,-0.01,-1,-1,-0.01,-1,-1
99926009,2026-05-18 11:16:52+05:30,53116.55,0,0.0,0,0.0,0.0,53282.15,53308.4,52783.45,53710.35,0,0.0,0.0,0.0,0.0,-0.01,-1,-1,-0.01,-1,-1,-0.01,-1,-1,-0.01,-1,-1,-0.01,-1,-1,-0.01,-1,-1,-0.01,-1,-1,-0.01,-1,-1,-0.01,-1,-1,-0.01,-1,-1
99926009,2026-05-18 11:16:52+05:30,53116.6,0,0.0,0,0.0,0.0,53282.15,53308.4,52783.45,53710.35,0,0.0,0.0,0.0,0.0,-0.01,-1,-1,-0.01,-1,-1,-0.01,-1,-1,-0.01,-1,-1,-0.01,-1,-1,-0.01,-1,-1,-0.01,-1,-1,-0.01,-1,-1,-0.01,-1,-1,-0.01,-1,-1
99926009,2026-05-18 11:16:53+05:30,53115.95,0,0.0,0,0.0,0.0,53282.15,53308.4,52783.45,53710.35,0,0.0,0.0,0.0,0.0,-0.01,-1,-1,-0.01,-1,-1,-0.01,-1,-1,-0.01,-1,-1,-0.01,-1,-1,-0.01,-1,-1,-0.01,-1,-1,-0.01,-1,-1,-0.01,-1,-1,-0.01,-1,-1
99926009,2026-05-18 11:16:53+05:30,53117.55,0,0.0,0,0.0,0.0,53282.15,53308.4,52783.45,53710.35,0,0.0,0.0,0.0,0.0,-0.01,-1,-1,-0.01,-1,-1,-0.01,-1,-1,-0.01,-1,-1,-0.01,-1,-1,-0.01,-1,-1,-0.01,-1,-1,-0.01,-1,-1,-0.01,-1,-1,-0.01,-1,-1
99926009,2026-05-18 11:16:54+05:30,53118.2,0,0.0,0,0.0,0.0,53282.15,53308.4,52783.45,53710.35,0,0.0,0.0,0.0,0.0,-0.01,-1,-1,-0.01,-1,-1,-0.01,-1,-1,-0.01,-1,-1,-0.01,-1,-1,-0.01,-1,-1,-0.01,-1,-1,-0.01,-1,-1,-0.01,-1,-1,-0.01,-1,-1
99926009,2026-05-18 11:16:54+05:30,53117.75,0,0.0,0,0.0,0.0,53282.15,53308.4,52783.45,53710.35,0,0.0,0.0,0.0,0.0,-0.01,-1,-1,-0.01,-1,-1,-0.01,-1,-1,-0.01,-1,-1,-0.01,-1,-1,-0.01,-1,-1,-0.01,-1,-1,-0.01,-1,-1,-0.01,-1,-1,-0.01,-1,-1
99926009,2026-05-18 11:16:55+05:30,53118.4,0,0.0,0,0.0,0.0,53282.15,53308.4,52783.45,53710.35,0,0.0,0.0,0.0,0.0,-0.01,-1,-1,-0.01,-1,-1,-0.01,-1,-1,-0.01,-1,-1,-0.01,-1,-1,-0.01,-1,-1,-0.01,-1,-1,-0.01,-1,-1,-0.01,-1,-1,-0.01,-1,-1
99926009,2026-05-18 11:16:55+05:30,53116.2,0,0.0,0,0.0,0.0,53282.15,53308.4,52783.45,53710.35,0,0.0,0.0,0.0,0.0,-0.01,-1,-1,-0.01,-1,-1,-0.01,-1,-1,-0.01,-1,-1,-0.01,-1,-1,-0.01,-1,-1,-0.01,-1,-1,-0.01,-1,-1,-0.01,-1,-1,-0.01,-1,-1
99926009,2026-05-18 11:16:56+05:30,53113.9,0,0.0,0,0.0,0.0,53282.15,53308.4,52783.45,53710.35,0,0.0,0.0,0.0,0.0,-0.01,-1,-1,-0.01,-1,-1,-0.01,-1,-1,-0.01,-1,-1,-0.01,-1,-1,-0.01,-1,-1,-0.01,-1,-1,-0.01,-1,-1,-0.01,-1,-1,-0.01,-1,-1
99926009,2026-05-18 11:16:56+05:30,53117.9,0,0.0,0,0.0,0.0,53282.15,53308.4,52783.45,53710.35,0,0.0,0.0,0.0,0.0,-0.01,-1,-1,-0.01,-1,-1,-0.01,-1,-1,-0.01,-1,-1,-0.01,-1,-1,-0.01,-1,-1,-0.01,-1,-1,-0.01,-1,-1,-0.01,-1,-1,-0.01,-1,-1
99926009,2026-05-18 11:16:57+05:30,53116.3,0,0.0,0,0.0,0.0,53282.15,53308.4,52783.45,53710.35,0,0.0,0.0,0.0,0.0,-0.01,-1,-1,-0.01,-1,-1,-0.01,-1,-1,-0.01,-1,-1,-0.01,-1,-1,-0.01,-1,-1,-0.01,-1,-1,-0.01,-1,-1,-0.01,-1,-1,-0.01,-1,-1
99926009,2026-05-18 11:16:57+05:30,53117.45,0,0.0,0,0.0,0.0,53282.15,53308.4,52783.45,53710.35,0,0.0,0.0,0.0,0.0,-0.01,-1,-1,-0.01,-1,-1,-0.01,-1,-1,-0.01,-1,-1,-0.01,-1,-1,-0.01,-1,-1,-0.01,-1,-1,-0.01,-1,-1,-0.01,-1,-1,-0.01,-1,-1
99926009,2026-05-18 11:16:58+05:30,53115.35,0,0.0,0,0.0,0.0,53282.15,53308.4,52783.45,53710.35,0,0.0,0.0,0.0,0.0,-0.01,-1,-1,-0.01,-1,-1,-0.01,-1,-1,-0.01,-1,-1,-0.01,-1,-1,-0.01,-1,-1,-0.01,-1,-1,-0.01,-1,-1,-0.01,-1,-1,-0.01,-1,-1
99926009,2026-05-18 11:16:58+05:30,53117.25,0,0.0,0,0.0,0.0,53282.15,53308.4,52783.45,53710.35,0,0.0,0.0,0.0,0.0,-0.01,-1,-1,-0.01,-1,-1,-0.01,-1,-1,-0.01,-1,-1,-0.01,-1,-1,-0.01,-1,-1,-0.01,-1,-1,-0.01,-1,-1,-0.01,-1,-1,-0.01,-1,-1
99926009,2026-05-18 11:16:59+05:30,53116.1,0,0.0,0,0.0,0.0,53282.15,53308.4,52783.45,53710.35,0,0.0,0.0,0.0,0.0,-0.01,-1,-1,-0.01,-1,-1,-0.01,-1,-1,-0.01,-1,-1,-0.01,-1,-1,-0.01,-1,-1,-0.01,-1,-1,-0.01,-1,-1,-0.01,-1,-1,-0.01,-1,-1
99926009,2026-05-18 11:16:59+05:30,53112.1,0,0.0,0,0.0,0.0,53282.15,53308.4,52783.45,53710.35,0,0.0,0.0,0.0,0.0,-0.01,-1,-1,-0.01,-1,-1,-0.01,-1,-1,-0.01,-1,-1,-0.01,-1,-1,-0.01,-1,-1,-0.01,-1,-1,-0.01,-1,-1,-0.01,-1,-1,-0.01,-1,-1
99926009,2026-05-18 11:17:00+05:30,53112.8,0,0.0,0,0.0,0.0,53282.15,53308.4,52783.45,53710.35,0,0.0,0.0,0.0,0.0,-0.01,-1,-1,-0.01,-1,-1,-0.01,-1,-1,-0.01,-1,-1,-0.01,-1,-1,-0.01,-1,-1,-0.01,-1,-1,-0.01,-1,-1,-0.01,-1,-1,-0.01,-1,-1
99926009,2026-05-18 11:17:00+05:30,53112.95,0,0.0,0,0.0,0.0,53282.15,53308.4,52783.45,53710.35,0,0.0,0.0,0.0,0.0,-0.01,-1,-1,-0.01,-1,-1,-0.01,-1,-1,-0.01,-1,-1,-0.01,-1,-1,-0.01,-1,-1,-0.01,-1,-1,-0.01,-1,-1,-0.01,-1,-1,-0.01,-1,-1
99926009,2026-05-18 11:17:01+05:30,53112.7,0,0.0,0,0.0,0.0,53282.15,53308.4,52783.45,53710.35,0,0.0,0.0,0.0,0.0,-0.01,-1,-1,-0.01,-1,-1,-0.01,-1,-1,-0.01,-1,-1,-0.01,-1,-1,-0.01,-1,-1,-0.01,-1,-1,-0.01,-1,-1,-0.01,-1,-1,-0.01,-1,-1
99926009,2026-05-18 11:17:01+05:30,53111.5,0,0.0,0,0.0,0.0,53282.15,53308.4,52783.45,53710.35,0,0.0,0.0,0.0,0.0,-0.01,-1,-1,-0.01,-1,-1,-0.01,-1,-1,-0.01,-1,-1,-0.01,-1,-1,-0.01,-1,-1,-0.01,-1,-1,-0.01,-1,-1,-0.01,-1,-1,-0.01,-1,-1
99926009,2026-05-18 11:17:02+05:30,53112.35,0,0.0,0,0.0,0.0,53282.15,53308.4,52783.45,53710.35,0,0.0,0.0,0.0,0.0,-0.01,-1,-1,-0.01,-1,-1,-0.01,-1,-1,-0.01,-1,-1,-0.01,-1,-1,-0.01,-1,-1,-0.01,-1,-1,-0.01,-1,-1,-0.01,-1,-1,-0.01,-1,-1
99926009,2026-05-18 11:17:02+05:30,53108.35,0,0.0,0,0.0,0.0,53282.15,53308.4,52783.45,53710.35,0,0.0,0.0,0.0,0.0,-0.01,-1,-1,-0.01,-1,-1,-0.01,-1,-1,-0.01,-1,-1,-0.01,-1,-1,-0.01,-1,-1,-0.01,-1,-1,-0.01,-1,-1,-0.01,-1,-1,-0.01,-1,-1
99926009,2026-05-18 11:17:03+05:30,53109.2,0,0.0,0,0.0,0.0,53282.15,53308.4,52783.45,53710.35,0,0.0,0.0,0.0,0.0,-0.01,-1,-1,-0.01,-1,-1,-0.01,-1,-1,-0.01,-1,-1,-0.01,-1,-1,-0.01,-1,-1,-0.01,-1,-1,-0.01,-1,-1,-0.01,-1,-1,-0.01,-1,-1
99926009,2026-05-18 11:17:03+05:30,53108.7,0,0.0,0,0.0,0.0,53282.15,53308.4,52783.45,53710.35,0,0.0,0.0,0.0,0.0,-0.01,-1,-1,-0.01,-1,-1,-0.01,-1,-1,-0.01,-1,-1,-0.01,-1,-1,-0.01,-1,-1,-0.01,-1,-1,-0.01,-1,-1,-0.01,-1,-1,-0.01,-1,-1
99926009,2026-05-18 11:17:04+05:30,53109.85,0,0.0,0,0.0,0.0,53282.15,53308.4,52783.45,53710.35,0,0.0,0.0,0.0,0.0,-0.01,-1,-1,-0.01,-1,-1,-0.01,-1,-1,-0.01,-1,-1,-0.01,-1,-1,-0.01,-1,-1,-0.01,-1,-1,-0.01,-1,-1,-0.01,-1,-1,-0.01,-1,-1
99926009,2026-05-18 11:17:04+05:30,53111.75,0,0.0,0,0.0,0.0,53282.15,53308.4,52783.45,53710.35,0,0.0,0.0,0.0,0.0,-0.01,-1,-1,-0.01,-1,-1,-0.01,-1,-1,-0.01,-1,-1,-0.01,-1,-1,-0.01,-1,-1,-0.01,-1,-1,-0.01,-1,-1,-0.01,-1,-1,-0.01,-1,-1
99926009,2026-05-18 11:17:05+05:30,53106.65,0,0.0,0,0.0,0.0,53282.15,53308.4,52783.45,53710.35,0,0.0,0.0,0.0,0.0,-0.01,-1,-1,-0.01,-1,-1,-0.01,-1,-1,-0.01,-1,-1,-0.01,-1,-1,-0.01,-1,-1,-0.01,-1,-1,-0.01,-1,-1,-0.01,-1,-1,-0.01,-1,-1
99926009,2026-05-18 11:17:05+05:30,53111.4,0,0.0,0,0.0,0.0,53282.15,53308.4,52783.45,53710.35,0,0.0,0.0,0.0,0.0,-0.01,-1,-1,-0.01,-1,-1,-0.01,-1,-1,-0.01,-1,-1,-0.01,-1,-1,-0.01,-1,-1,-0.01,-1,-1,-0.01,-1,-1,-0.01,-1,-1,-0.01,-1,-1
99926009,2026-05-18 11:17:06+05:30,53110.25,0,0.0,0,0.0,0.0,53282.15,53308.4,52783.45,53710.35,0,0.0,0.0,0.0,0.0,-0.01,-1,-1,-0.01,-1,-1,-0.01,-1,-1,-0.01,-1,-1,-0.01,-1,-1,-0.01,-1,-1,-0.01,-1,-1,-0.01,-1,-1,-0.01,-1,-1,-0.01,-1,-1
99926009,2026-05-18 11:17:06+05:30,53114.1,0,0.0,0,0.0,0.0,53282.15,53308.4,52783.45,53710.35,0,0.0,0.0,0.0,0.0,-0.01,-1,-1,-0.01,-1,-1,-0.01,-1,-1,-0.01,-1,-1,-0.01,-1,-1,-0.01,-1,-1,-0.01,-1,-1,-0.01,-1,-1,-0.01,-1,-1,-0.01,-1,-1
99926009,2026-05-18 11:17:07+05:30,53110.45,0,0.0,0,0.0,0.0,53282.15,53308.4,52783.45,53710.35,0,0.0,0.0,0.0,0.0,-0.01,-1,-1,-0.01,-1,-1,-0.01,-1,-1,-0.01,-1,-1,-0.01,-1,-1,-0.01,-1,-1,-0.01,-1,-1,-0.01,-1,-1,-0.01,-1,-1,-0.01,-1,-1
99926009,2026-05-18 11:17:07+05:30,53105.9,0,0.0,0,0.0,0.0,53282.15,53308.4,52783.45,53710.35,0,0.0,0.0,0.0,0.0,-0.01,-1,-1,-0.01,-1,-1,-0.01,-1,-1,-0.01,-1,-1,-0.01,-1,-1,-0.01,-1,-1,-0.01,-1,-1,-0.01,-1,-1,-0.01,-1,-1,-0.01,-1,-1
99926009,2026-05-18 11:17:08+05:30,53108.15,0,0.0,0,0.0,0.0,53282.15,53308.4,52783.45,53710.35,0,0.0,0.0,0.0,0.0,-0.01,-1,-1,-0.01,-1,-1,-0.01,-1,-1,-0.01,-1,-1,-0.01,-1,-1,-0.01,-1,-1,-0.01,-1,-1,-0.01,-1,-1,-0.01,-1,-1,-0.01,-1,-1
99926009,2026-05-18 11:17:08+05:30,53107.3,0,0.0,0,0.0,0.0,53282.15,53308.4,52783.45,53710.35,0,0.0,0.0,0.0,0.0,-0.01,-1,-1,-0.01,-1,-1,-0.01,-1,-1,-0.01,-1,-1,-0.01,-1,-1,-0.01,-1,-1,-0.01,-1,-1,-0.01,-1,-1,-0.01,-1,-1,-0.01,-1,-1
99926009,2026-05-18 11:17:09+05:30,53105.7,0,0.0,0,0.0,0.0,53282.15,53308.4,52783.45,53710.35,0,0.0,0.0,0.0,0.0,-0.01,-1,-1,-0.01,-1,-1,-0.01,-1,-1,-0.01,-1,-1,-0.01,-1,-1,-0.01,-1,-1,-0.01,-1,-1,-0.01,-1,-1,-0.01,-1,-1,-0.01,-1,-1
99926009,2026-05-18 11:17:09+05:30,53108.75,0,0.0,0,0.0,0.0,53282.15,53308.4,52783.45,53710.35,0,0.0,0.0,0.0,0.0,-0.01,-1,-1,-0.01,-1,-1,-0.01,-1,-1,-0.01,-1,-1,-0.01,-1,-1,-0.01,-1,-1,-0.01,-1,-1,-0.01,-1,-1,-0.01,-1,-1,-0.01,-1,-1
99926009,2026-05-18 11:17:10+05:30,53106.75,0,0.0,0,0.0,0.0,53282.15,53308.4,52783.45,53710.35,0,0.0,0.0,0.0,0.0,-0.01,-1,-1,-0.01,-1,-1,-0.01,-1,-1,-0.01,-1,-1,-0.01,-1,-1,-0.01,-1,-1,-0.01,-1,-1,-0.01,-1,-1,-0.01,-1,-1,-0.01,-1,-1
99926009,2026-05-18 11:17:10+05:30,53104.45,0,0.0,0,0.0,0.0,53282.15,53308.4,52783.45,53710.35,0,0.0,0.0,0.0,0.0,-0.01,-1,-1,-0.01,-1,-1,-0.01,-1,-1,-0.01,-1,-1,-0.01,-1,-1,-0.01,-1,-1,-0.01,-1,-1,-0.01,-1,-1,-0.01,-1,-1,-0.01,-1,-1
99926009,2026-05-18 11:17:11+05:30,53112.3,0,0.0,0,0.0,0.0,53282.15,53308.4,52783.45,53710.35,0,0.0,0.0,0.0,0.0,-0.01,-1,-1,-0.01,-1,-1,-0.01,-1,-1,-0.01,-1,-1,-0.01,-1,-1,-0.01,-1,-1,-0.01,-1,-1,-0.01,-1,-1,-0.01,-1,-1,-0.01,-1,-1
99926009,2026-05-18 11:17:11+05:30,53116.9,0,0.0,0,0.0,0.0,53282.15,53308.4,52783.45,53710.35,0,0.0,0.0,0.0,0.0,-0.01,-1,-1,-0.01,-1,-1,-0.01,-1,-1,-0.01,-1,-1,-0.01,-1,-1,-0.01,-1,-1,-0.01,-1,-1,-0.01,-1,-1,-0.01,-1,-1,-0.01,-1,-1
99926009,2026-05-18 11:17:12+05:30,53118.6,0,0.0,0,0.0,0.0,53282.15,53308.4,52783.45,53710.35,0,0.0,0.0,0.0,0.0,-0.01,-1,-1,-0.01,-1,-1,-0.01,-1,-1,-0.01,-1,-1,-0.01,-1,-1,-0.01,-1,-1,-0.01,-1,-1,-0.01,-1,-1,-0.01,-1,-1,-0.01,-1,-1
99926009,2026-05-18 11:17:12+05:30,53119.95,0,0.0,0,0.0,0.0,53282.15,53308.4,52783.45,53710.35,0,0.0,0.0,0.0,0.0,-0.01,-1,-1,-0.01,-1,-1,-0.01,-1,-1,-0.01,-1,-1,-0.01,-1,-1,-0.01,-1,-1,-0.01,-1,-1,-0.01,-1,-1,-0.01,-1,-1,-0.01,-1,-1
99926009,2026-05-18 11:17:13+05:30,53121.6,0,0.0,0,0.0,0.0,53282.15,53308.4,52783.45,53710.35,0,0.0,0.0,0.0,0.0,-0.01,-1,-1,-0.01,-1,-1,-0.01,-1,-1,-0.01,-1,-1,-0.01,-1,-1,-0.01,-1,-1,-0.01,-1,-1,-0.01,-1,-1,-0.01,-1,-1,-0.01,-1,-1
99926009,2026-05-18 11:17:13+05:30,53118.9,0,0.0,0,0.0,0.0,53282.15,53308.4,52783.45,53710.35,0,0.0,0.0,0.0,0.0,-0.01,-1,-1,-0.01,-1,-1,-0.01,-1,-1,-0.01,-1,-1,-0.01,-1,-1,-0.01,-1,-1,-0.01,-1,-1,-0.01,-1,-1,-0.01,-1,-1,-0.01,-1,-1
99926009,2026-05-18 11:17:14+05:30,53114.3,0,0.0,0,0.0,0.0,53282.15,53308.4,52783.45,53710.35,0,0.0,0.0,0.0,0.0,-0.01,-1,-1,-0.01,-1,-1,-0.01,-1,-1,-0.01,-1,-1,-0.01,-1,-1,-0.01,-1,-1,-0.01,-1,-1,-0.01,-1,-1,-0.01,-1,-1,-0.01,-1,-1
99926009,2026-05-18 11:17:14+05:30,53120.45,0,0.0,0,0.0,0.0,53282.15,53308.4,52783.45,53710.35,0,0.0,0.0,0.0,0.0,-0.01,-1,-1,-0.01,-1,-1,-0.01,-1,-1,-0.01,-1,-1,-0.01,-1,-1,-0.01,-1,-1,-0.01,-1,-1,-0.01,-1,-1,-0.01,-1,-1,-0.01,-1,-1
99926009,2026-05-18 11:17:15+05:30,53121.6,0,0.0,0,0.0,0.0,53282.15,53308.4,52783.45,53710.35,0,0.0,0.0,0.0,0.0,-0.01,-1,-1,-0.01,-1,-1,-0.01,-1,-1,-0.01,-1,-1,-0.01,-1,-1,-0.01,-1,-1,-0.01,-1,-1,-0.01,-1,-1,-0.01,-1,-1,-0.01,-1,-1
99926009,2026-05-18 11:17:15+05:30,53125.15,0,0.0,0,0.0,0.0,53282.15,53308.4,52783.45,53710.35,0,0.0,0.0,0.0,0.0,-0.01,-1,-1,-0.01,-1,-1,-0.01,-1,-1,-0.01,-1,-1,-0.01,-1,-1,-0.01,-1,-1,-0.01,-1,-1,-0.01,-1,-1,-0.01,-1,-1,-0.01,-1,-1
99926009,2026-05-18 11:17:16+05:30,53120.8,0,0.0,0,0.0,0.0,53282.15,53308.4,52783.45,53710.35,0,0.0,0.0,0.0,0.0,-0.01,-1,-1,-0.01,-1,-1,-0.01,-1,-1,-0.01,-1,-1,-0.01,-1,-1,-0.01,-1,-1,-0.01,-1,-1,-0.01,-1,-1,-0.01,-1,-1,-0.01,-1,-1
99926009,2026-05-18 11:17:16+05:30,53120.75,0,0.0,0,0.0,0.0,53282.15,53308.4,52783.45,53710.35,0,0.0,0.0,0.0,0.0,-0.01,-1,-1,-0.01,-1,-1,-0.01,-1,-1,-0.01,-1,-1,-0.01,-1,-1,-0.01,-1,-1,-0.01,-1,-1,-0.01,-1,-1,-0.01,-1,-1,-0.01,-1,-1
99926009,2026-05-18 11:17:17+05:30,53120.95,0,0.0,0,0.0,0.0,53282.15,53308.4,52783.45,53710.35,0,0.0,0.0,0.0,0.0,-0.01,-1,-1,-0.01,-1,-1,-0.01,-1,-1,-0.01,-1,-1,-0.01,-1,-1,-0.01,-1,-1,-0.01,-1,-1,-0.01,-1,-1,-0.01,-1,-1,-0.01,-1,-1
99926009,2026-05-18 11:17:17+05:30,53119.05,0,0.0,0,0.0,0.0,53282.15,53308.4,52783.45,53710.35,0,0.0,0.0,0.0,0.0,-0.01,-1,-1,-0.01,-1,-1,-0.01,-1,-1,-0.01,-1,-1,-0.01,-1,-1,-0.01,-1,-1,-0.01,-1,-1,-0.01,-1,-1,-0.01,-1,-1,-0.01,-1,-1
99926009,2026-05-18 11:17:18+05:30,53121.55,0,0.0,0,0.0,0.0,53282.15,53308.4,52783.45,53710.35,0,0.0,0.0,0.0,0.0,-0.01,-1,-1,-0.01,-1,-1,-0.01,-1,-1,-0.01,-1,-1,-0.01,-1,-1,-0.01,-1,-1,-0.01,-1,-1,-0.01,-1,-1,-0.01,-1,-1,-0.01,-1,-1
99926009,2026-05-18 11:17:18+05:30,53118.95,0,0.0,0,0.0,0.0,53282.15,53308.4,52783.45,53710.35,0,0.0,0.0,0.0,0.0,-0.01,-1,-1,-0.01,-1,-1,-0.01,-1,-1,-0.01,-1,-1,-0.01,-1,-1,-0.01,-1,-1,-0.01,-1,-1,-0.01,-1,-1,-0.01,-1,-1,-0.01,-1,-1
99926009,2026-05-18 11:17:19+05:30,53120.25,0,0.0,0,0.0,0.0,53282.15,53308.4,52783.45,53710.35,0,0.0,0.0,0.0,0.0,-0.01,-1,-1,-0.01,-1,-1,-0.01,-1,-1,-0.01,-1,-1,-0.01,-1,-1,-0.01,-1,-1,-0.01,-1,-1,-0.01,-1,-1,-0.01,-1,-1,-0.01,-1,-1
99926009,2026-05-18 11:17:19+05:30,53119.6,0,0.0,0,0.0,0.0,53282.15,53308.4,52783.45,53710.35,0,0.0,0.0,0.0,0.0,-0.01,-1,-1,-0.01,-1,-1,-0.01,-1,-1,-0.01,-1,-1,-0.01,-1,-1,-0.01,-1,-1,-0.01,-1,-1,-0.01,-1,-1,-0.01,-1,-1,-0.01,-1,-1
99926009,2026-05-18 11:17:20+05:30,53116.9,0,0.0,0,0.0,0.0,53282.15,53308.4,52783.45,53710.35,0,0.0,0.0,0.0,0.0,-0.01,-1,-1,-0.01,-1,-1,-0.01,-1,-1,-0.01,-1,-1,-0.01,-1,-1,-0.01,-1,-1,-0.01,-1,-1,-0.01,-1,-1,-0.01,-1,-1,-0.01,-1,-1
99926009,2026-05-18 11:17:20+05:30,53118.2,0,0.0,0,0.0,0.0,53282.15,53308.4,52783.45,53710.35,0,0.0,0.0,0.0,0.0,-0.01,-1,-1,-0.01,-1,-1,-0.01,-1,-1,-0.01,-1,-1,-0.01,-1,-1,-0.01,-1,-1,-0.01,-1,-1,-0.01,-1,-1,-0.01,-1,-1,-0.01,-1,-1
99926009,2026-05-18 11:17:21+05:30,53114.15,0,0.0,0,0.0,0.0,53282.15,53308.4,52783.45,53710.35,0,0.0,0.0,0.0,0.0,-0.01,-1,-1,-0.01,-1,-1,-0.01,-1,-1,-0.01,-1,-1,-0.01,-1,-1,-0.01,-1,-1,-0.01,-1,-1,-0.01,-1,-1,-0.01,-1,-1,-0.01,-1,-1
99926009,2026-05-18 11:17:21+05:30,53118.9,0,0.0,0,0.0,0.0,53282.15,53308.4,52783.45,53710.35,0,0.0,0.0,0.0,0.0,-0.01,-1,-1,-0.01,-1,-1,-0.01,-1,-1,-0.01,-1,-1,-0.01,-1,-1,-0.01,-1,-1,-0.01,-1,-1,-0.01,-1,-1,-0.01,-1,-1,-0.01,-1,-1
99926009,2026-05-18 11:17:22+05:30,53118.5,0,0.0,0,0.0,0.0,53282.15,53308.4,52783.45,53710.35,0,0.0,0.0,0.0,0.0,-0.01,-1,-1,-0.01,-1,-1,-0.01,-1,-1,-0.01,-1,-1,-0.01,-1,-1,-0.01,-1,-1,-0.01,-1,-1,-0.01,-1,-1,-0.01,-1,-1,-0.01,-1,-1
99926009,2026-05-18 11:17:22+05:30,53118.5,0,0.0,0,0.0,0.0,53282.15,53308.4,52783.45,53710.35,0,0.0,0.0,0.0,0.0,-0.01,-1,-1,-0.01,-1,-1,-0.01,-1,-1,-0.01,-1,-1,-0.01,-1,-1,-0.01,-1,-1,-0.01,-1,-1,-0.01,-1,-1,-0.01,-1,-1,-0.01,-1,-1
99926009,2026-05-18 11:17:23+05:30,53116.15,0,0.0,0,0.0,0.0,53282.15,53308.4,52783.45,53710.35,0,0.0,0.0,0.0,0.0,-0.01,-1,-1,-0.01,-1,-1,-0.01,-1,-1,-0.01,-1,-1,-0.01,-1,-1,-0.01,-1,-1,-0.01,-1,-1,-0.01,-1,-1,-0.01,-1,-1,-0.01,-1,-1
99926009,2026-05-18 11:17:23+05:30,53118.95,0,0.0,0,0.0,0.0,53282.15,53308.4,52783.45,53710.35,0,0.0,0.0,0.0,0.0,-0.01,-1,-1,-0.01,-1,-1,-0.01,-1,-1,-0.01,-1,-1,-0.01,-1,-1,-0.01,-1,-1,-0.01,-1,-1,-0.01,-1,-1,-0.01,-1,-1,-0.01,-1,-1
99926009,2026-05-18 11:17:24+05:30,53116.8,0,0.0,0,0.0,0.0,53282.15,53308.4,52783.45,53710.35,0,0.0,0.0,0.0,0.0,-0.01,-1,-1,-0.01,-1,-1,-0.01,-1,-1,-0.01,-1,-1,-0.01,-1,-1,-0.01,-1,-1,-0.01,-1,-1,-0.01,-1,-1,-0.01,-1,-1,-0.01,-1,-1
99926009,2026-05-18 11:17:24+05:30,53119.7,0,0.0,0,0.0,0.0,53282.15,53308.4,52783.45,53710.35,0,0.0,0.0,0.0,0.0,-0.01,-1,-1,-0.01,-1,-1,-0.01,-1,-1,-0.01,-1,-1,-0.01,-1,-1,-0.01,-1,-1,-0.01,-1,-1,-0.01,-1,-1,-0.01,-1,-1,-0.01,-1,-1
99926009,2026-05-18 11:17:25+05:30,53118.85,0,0.0,0,0.0,0.0,53282.15,53308.4,52783.45,53710.35,0,0.0,0.0,0.0,0.0,-0.01,-1,-1,-0.01,-1,-1,-0.01,-1,-1,-0.01,-1,-1,-0.01,-1,-1,-0.01,-1,-1,-0.01,-1,-1,-0.01,-1,-1,-0.01,-1,-1,-0.01,-1,-1
99926009,2026-05-18 11:17:25+05:30,53119.9,0,0.0,0,0.0,0.0,53282.15,53308.4,52783.45,53710.35,0,0.0,0.0,0.0,0.0,-0.01,-1,-1,-0.01,-1,-1,-0.01,-1,-1,-0.01,-1,-1,-0.01,-1,-1,-0.01,-1,-1,-0.01,-1,-1,-0.01,-1,-1,-0.01,-1,-1,-0.01,-1,-1
99926009,2026-05-18 11:17:26+05:30,53120.4,0,0.0,0,0.0,0.0,53282.15,53308.4,52783.45,53710.35,0,0.0,0.0,0.0,0.0,-0.01,-1,-1,-0.01,-1,-1,-0.01,-1,-1,-0.01,-1,-1,-0.01,-1,-1,-0.01,-1,-1,-0.01,-1,-1,-0.01,-1,-1,-0.01,-1,-1,-0.01,-1,-1
99926009,2026-05-18 11:17:26+05:30,53121.3,0,0.0,0,0.0,0.0,53282.15,53308.4,52783.45,53710.35,0,0.0,0.0,0.0,0.0,-0.01,-1,-1,-0.01,-1,-1,-0.01,-1,-1,-0.01,-1,-1,-0.01,-1,-1,-0.01,-1,-1,-0.01,-1,-1,-0.01,-1,-1,-0.01,-1,-1,-0.01,-1,-1
99926009,2026-05-18 11:17:27+05:30,53122.5,0,0.0,0,0.0,0.0,53282.15,53308.4,52783.45,53710.35,0,0.0,0.0,0.0,0.0,-0.01,-1,-1,-0.01,-1,-1,-0.01,-1,-1,-0.01,-1,-1,-0.01,-1,-1,-0.01,-1,-1,-0.01,-1,-1,-0.01,-1,-1,-0.01,-1,-1,-0.01,-1,-1
99926009,2026-05-18 11:17:27+05:30,53121.65,0,0.0,0,0.0,0.0,53282.15,53308.4,52783.45,53710.35,0,0.0,0.0,0.0,0.0,-0.01,-1,-1,-0.01,-1,-1,-0.01,-1,-1,-0.01,-1,-1,-0.01,-1,-1,-0.01,-1,-1,-0.01,-1,-1,-0.01,-1,-1,-0.01,-1,-1,-0.01,-1,-1
99926009,2026-05-18 11:17:28+05:30,53119.85,0,0.0,0,0.0,0.0,53282.15,53308.4,52783.45,53710.35,0,0.0,0.0,0.0,0.0,-0.01,-1,-1,-0.01,-1,-1,-0.01,-1,-1,-0.01,-1,-1,-0.01,-1,-1,-0.01,-1,-1,-0.01,-1,-1,-0.01,-1,-1,-0.01,-1,-1,-0.01,-1,-1
99926009,2026-05-18 11:17:28+05:30,53117.1,0,0.0,0,0.0,0.0,53282.15,53308.4,52783.45,53710.35,0,0.0,0.0,0.0,0.0,-0.01,-1,-1,-0.01,-1,-1,-0.01,-1,-1,-0.01,-1,-1,-0.01,-1,-1,-0.01,-1,-1,-0.01,-1,-1,-0.01,-1,-1,-0.01,-1,-1,-0.01,-1,-1
99926009,2026-05-18 11:17:29+05:30,53117.85,0,0.0,0,0.0,0.0,53282.15,53308.4,52783.45,53710.35,0,0.0,0.0,0.0,0.0,-0.01,-1,-1,-0.01,-1,-1,-0.01,-1,-1,-0.01,-1,-1,-0.01,-1,-1,-0.01,-1,-1,-0.01,-1,-1,-0.01,-1,-1,-0.01,-1,-1,-0.01,-1,-1
99926009,2026-05-18 11:17:29+05:30,53118.05,0,0.0,0,0.0,0.0,53282.15,53308.4,52783.45,53710.35,0,0.0,0.0,0.0,0.0,-0.01,-1,-1,-0.01,-1,-1,-0.01,-1,-1,-0.01,-1,-1,-0.01,-1,-1,-0.01,-1,-1,-0.01,-1,-1,-0.01,-1,-1,-0.01,-1,-1,-0.01,-1,-1
99926009,2026-05-18 11:17:30+05:30,53122.4,0,0.0,0,0.0,0.0,53282.15,53308.4,52783.45,53710.35,0,0.0,0.0,0.0,0.0,-0.01,-1,-1,-0.01,-1,-1,-0.01,-1,-1,-0.01,-1,-1,-0.01,-1,-1,-0.01,-1,-1,-0.01,-1,-1,-0.01,-1,-1,-0.01,-1,-1,-0.01,-1,-1
99926009,2026-05-18 11:17:30+05:30,53120.45,0,0.0,0,0.0,0.0,53282.15,53308.4,52783.45,53710.35,0,0.0,0.0,0.0,0.0,-0.01,-1,-1,-0.01,-1,-1,-0.01,-1,-1,-0.01,-1,-1,-0.01,-1,-1,-0.01,-1,-1,-0.01,-1,-1,-0.01,-1,-1,-0.01,-1,-1,-0.01,-1,-1
99926009,2026-05-18 11:17:31+05:30,53125.2,0,0.0,0,0.0,0.0,53282.15,53308.4,52783.45,53710.35,0,0.0,0.0,0.0,0.0,-0.01,-1,-1,-0.01,-1,-1,-0.01,-1,-1,-0.01,-1,-1,-0.01,-1,-1,-0.01,-1,-1,-0.01,-1,-1,-0.01,-1,-1,-0.01,-1,-1,-0.01,-1,-1
99926009,2026-05-18 11:17:31+05:30,53124.6,0,0.0,0,0.0,0.0,53282.15,53308.4,52783.45,53710.35,0,0.0,0.0,0.0,0.0,-0.01,-1,-1,-0.01,-1,-1,-0.01,-1,-1,-0.01,-1,-1,-0.01,-1,-1,-0.01,-1,-1,-0.01,-1,-1,-0.01,-1,-1,-0.01,-1,-1,-0.01,-1,-1
99926009,2026-05-18 11:17:32+05:30,53124.45,0,0.0,0,0.0,0.0,53282.15,53308.4,52783.45,53710.35,0,0.0,0.0,0.0,0.0,-0.01,-1,-1,-0.01,-1,-1,-0.01,-1,-1,-0.01,-1,-1,-0.01,-1,-1,-0.01,-1,-1,-0.01,-1,-1,-0.01,-1,-1,-0.01,-1,-1,-0.01,-1,-1
99926009,2026-05-18 11:17:32+05:30,53124.9,0,0.0,0,0.0,0.0,53282.15,53308.4,52783.45,53710.35,0,0.0,0.0,0.0,0.0,-0.01,-1,-1,-0.01,-1,-1,-0.01,-1,-1,-0.01,-1,-1,-0.01,-1,-1,-0.01,-1,-1,-0.01,-1,-1,-0.01,-1,-1,-0.01,-1,-1,-0.01,-1,-1
99926009,2026-05-18 11:17:33+05:30,53124.0,0,0.0,0,0.0,0.0,53282.15,53308.4,52783.45,53710.35,0,0.0,0.0,0.0,0.0,-0.01,-1,-1,-0.01,-1,-1,-0.01,-1,-1,-0.01,-1,-1,-0.01,-1,-1,-0.01,-1,-1,-0.01,-1,-1,-0.01,-1,-1,-0.01,-1,-1,-0.01,-1,-1
99926009,2026-05-18 11:17:33+05:30,53124.85,0,0.0,0,0.0,0.0,53282.15,53308.4,52783.45,53710.35,0,0.0,0.0,0.0,0.0,-0.01,-1,-1,-0.01,-1,-1,-0.01,-1,-1,-0.01,-1,-1,-0.01,-1,-1,-0.01,-1,-1,-0.01,-1,-1,-0.01,-1,-1,-0.01,-1,-1,-0.01,-1,-1
99926009,2026-05-18 11:17:34+05:30,53125.35,0,0.0,0,0.0,0.0,53282.15,53308.4,52783.45,53710.35,0,0.0,0.0,0.0,0.0,-0.01,-1,-1,-0.01,-1,-1,-0.01,-1,-1,-0.01,-1,-1,-0.01,-1,-1,-0.01,-1,-1,-0.01,-1,-1,-0.01,-1,-1,-0.01,-1,-1,-0.01,-1,-1
99926009,2026-05-18 11:17:34+05:30,53123.6,0,0.0,0,0.0,0.0,53282.15,53308.4,52783.45,53710.35,0,0.0,0.0,0.0,0.0,-0.01,-1,-1,-0.01,-1,-1,-0.01,-1,-1,-0.01,-1,-1,-0.01,-1,-1,-0.01,-1,-1,-0.01,-1,-1,-0.01,-1,-1,-0.01,-1,-1,-0.01,-1,-1
99926009,2026-05-18 11:17:35+05:30,53124.65,0,0.0,0,0.0,0.0,53282.15,53308.4,52783.45,53710.35,0,0.0,0.0,0.0,0.0,-0.01,-1,-1,-0.01,-1,-1,-0.01,-1,-1,-0.01,-1,-1,-0.01,-1,-1,-0.01,-1,-1,-0.01,-1,-1,-0.01,-1,-1,-0.01,-1,-1,-0.01,-1,-1
99926009,2026-05-18 11:17:35+05:30,53126.95,0,0.0,0,0.0,0.0,53282.15,53308.4,52783.45,53710.35,0,0.0,0.0,0.0,0.0,-0.01,-1,-1,-0.01,-1,-1,-0.01,-1,-1,-0.01,-1,-1,-0.01,-1,-1,-0.01,-1,-1,-0.01,-1,-1,-0.01,-1,-1,-0.01,-1,-1,-0.01,-1,-1
99926009,2026-05-18 11:17:36+05:30,53126.65,0,0.0,0,0.0,0.0,53282.15,53308.4,52783.45,53710.35,0,0.0,0.0,0.0,0.0,-0.01,-1,-1,-0.01,-1,-1,-0.01,-1,-1,-0.01,-1,-1,-0.01,-1,-1,-0.01,-1,-1,-0.01,-1,-1,-0.01,-1,-1,-0.01,-1,-1,-0.01,-1,-1
99926009,2026-05-18 11:17:36+05:30,53126.65,0,0.0,0,0.0,0.0,53282.15,53308.4,52783.45,53710.35,0,0.0,0.0,0.0,0.0,-0.01,-1,-1,-0.01,-1,-1,-0.01,-1,-1,-0.01,-1,-1,-0.01,-1,-1,-0.01,-1,-1,-0.01,-1,-1,-0.01,-1,-1,-0.01,-1,-1,-0.01,-1,-1
99926009,2026-05-18 11:17:37+05:30,53125.2,0,0.0,0,0.0,0.0,53282.15,53308.4,52783.45,53710.35,0,0.0,0.0,0.0,0.0,-0.01,-1,-1,-0.01,-1,-1,-0.01,-1,-1,-0.01,-1,-1,-0.01,-1,-1,-0.01,-1,-1,-0.01,-1,-1,-0.01,-1,-1,-0.01,-1,-1,-0.01,-1,-1
99926009,2026-05-18 11:17:37+05:30,53124.3,0,0.0,0,0.0,0.0,53282.15,53308.4,52783.45,53710.35,0,0.0,0.0,0.0,0.0,-0.01,-1,-1,-0.01,-1,-1,-0.01,-1,-1,-0.01,-1,-1,-0.01,-1,-1,-0.01,-1,-1,-0.01,-1,-1,-0.01,-1,-1,-0.01,-1,-1,-0.01,-1,-1
99926009,2026-05-18 11:17:38+05:30,53124.15,0,0.0,0,0.0,0.0,53282.15,53308.4,52783.45,53710.35,0,0.0,0.0,0.0,0.0,-0.01,-1,-1,-0.01,-1,-1,-0.01,-1,-1,-0.01,-1,-1,-0.01,-1,-1,-0.01,-1,-1,-0.01,-1,-1,-0.01,-1,-1,-0.01,-1,-1,-0.01,-1,-1
99926009,2026-05-18 11:17:38+05:30,53123.0,0,0.0,0,0.0,0.0,53282.15,53308.4,52783.45,53710.35,0,0.0,0.0,0.0,0.0,-0.01,-1,-1,-0.01,-1,-1,-0.01,-1,-1,-0.01,-1,-1,-0.01,-1,-1,-0.01,-1,-1,-0.01,-1,-1,-0.01,-1,-1,-0.01,-1,-1,-0.01,-1,-1
99926009,2026-05-18 11:17:39+05:30,53126.1,0,0.0,0,0.0,0.0,53282.15,53308.4,52783.45,53710.35,0,0.0,0.0,0.0,0.0,-0.01,-1,-1,-0.01,-1,-1,-0.01,-1,-1,-0.01,-1,-1,-0.01,-1,-1,-0.01,-1,-1,-0.01,-1,-1,-0.01,-1,-1,-0.01,-1,-1,-0.01,-1,-1
99926009,2026-05-18 11:17:39+05:30,53125.15,0,0.0,0,0.0,0.0,53282.15,53308.4,52783.45,53710.35,0,0.0,0.0,0.0,0.0,-0.01,-1,-1,-0.01,-1,-1,-0.01,-1,-1,-0.01,-1,-1,-0.01,-1,-1,-0.01,-1,-1,-0.01,-1,-1,-0.01,-1,-1,-0.01,-1,-1,-0.01,-1,-1
99926009,2026-05-18 11:17:40+05:30,53126.25,0,0.0,0,0.0,0.0,53282.15,53308.4,52783.45,53710.35,0,0.0,0.0,0.0,0.0,-0.01,-1,-1,-0.01,-1,-1,-0.01,-1,-1,-0.01,-1,-1,-0.01,-1,-1,-0.01,-1,-1,-0.01,-1,-1,-0.01,-1,-1,-0.01,-1,-1,-0.01,-1,-1
99926009,2026-05-18 11:17:40+05:30,53125.65,0,0.0,0,0.0,0.0,53282.15,53308.4,52783.45,53710.35,0,0.0,0.0,0.0,0.0,-0.01,-1,-1,-0.01,-1,-1,-0.01,-1,-1,-0.01,-1,-1,-0.01,-1,-1,-0.01,-1,-1,-0.01,-1,-1,-0.01,-1,-1,-0.01,-1,-1,-0.01,-1,-1
99926009,2026-05-18 11:17:41+05:30,53120.6,0,0.0,0,0.0,0.0,53282.15,53308.4,52783.45,53710.35,0,0.0,0.0,0.0,0.0,-0.01,-1,-1,-0.01,-1,-1,-0.01,-1,-1,-0.01,-1,-1,-0.01,-1,-1,-0.01,-1,-1,-0.01,-1,-1,-0.01,-1,-1,-0.01,-1,-1,-0.01,-1,-1
99926009,2026-05-18 11:17:41+05:30,53123.5,0,0.0,0,0.0,0.0,53282.15,53308.4,52783.45,53710.35,0,0.0,0.0,0.0,0.0,-0.01,-1,-1,-0.01,-1,-1,-0.01,-1,-1,-0.01,-1,-1,-0.01,-1,-1,-0.01,-1,-1,-0.01,-1,-1,-0.01,-1,-1,-0.01,-1,-1,-0.01,-1,-1
99926009,2026-05-18 11:17:42+05:30,53124.55,0,0.0,0,0.0,0.0,53282.15,53308.4,52783.45,53710.35,0,0.0,0.0,0.0,0.0,-0.01,-1,-1,-0.01,-1,-1,-0.01,-1,-1,-0.01,-1,-1,-0.01,-1,-1,-0.01,-1,-1,-0.01,-1,-1,-0.01,-1,-1,-0.01,-1,-1,-0.01,-1,-1
99926009,2026-05-18 11:17:42+05:30,53122.25,0,0.0,0,0.0,0.0,53282.15,53308.4,52783.45,53710.35,0,0.0,0.0,0.0,0.0,-0.01,-1,-1,-0.01,-1,-1,-0.01,-1,-1,-0.01,-1,-1,-0.01,-1,-1,-0.01,-1,-1,-0.01,-1,-1,-0.01,-1,-1,-0.01,-1,-1,-0.01,-1,-1
99926009,2026-05-18 11:17:43+05:30,53124.45,0,0.0,0,0.0,0.0,53282.15,53308.4,52783.45,53710.35,0,0.0,0.0,0.0,0.0,-0.01,-1,-1,-0.01,-1,-1,-0.01,-1,-1,-0.01,-1,-1,-0.01,-1,-1,-0.01,-1,-1,-0.01,-1,-1,-0.01,-1,-1,-0.01,-1,-1,-0.01,-1,-1
99926009,2026-05-18 11:17:43+05:30,53124.35,0,0.0,0,0.0,0.0,53282.15,53308.4,52783.45,53710.35,0,0.0,0.0,0.0,0.0,-0.01,-1,-1,-0.01,-1,-1,-0.01,-1,-1,-0.01,-1,-1,-0.01,-1,-1,-0.01,-1,-1,-0.01,-1,-1,-0.01,-1,-1,-0.01,-1,-1,-0.01,-1,-1
99926009,2026-05-18 11:17:44+05:30,53122.2,0,0.0,0,0.0,0.0,53282.15,53308.4,52783.45,53710.35,0,0.0,0.0,0.0,0.0,-0.01,-1,-1,-0.01,-1,-1,-0.01,-1,-1,-0.01,-1,-1,-0.01,-1,-1,-0.01,-1,-1,-0.01,-1,-1,-0.01,-1,-1,-0.01,-1,-1,-0.01,-1,-1
99926009,2026-05-18 11:17:44+05:30,53119.4,0,0.0,0,0.0,0.0,53282.15,53308.4,52783.45,53710.35,0,0.0,0.0,0.0,0.0,-0.01,-1,-1,-0.01,-1,-1,-0.01,-1,-1,-0.01,-1,-1,-0.01,-1,-1,-0.01,-1,-1,-0.01,-1,-1,-0.01,-1,-1,-0.01,-1,-1,-0.01,-1,-1
99926009,2026-05-18 11:17:45+05:30,53122.2,0,0.0,0,0.0,0.0,53282.15,53308.4,52783.45,53710.35,0,0.0,0.0,0.0,0.0,-0.01,-1,-1,-0.01,-1,-1,-0.01,-1,-1,-0.01,-1,-1,-0.01,-1,-1,-0.01,-1,-1,-0.01,-1,-1,-0.01,-1,-1,-0.01,-1,-1,-0.01,-1,-1
99926009,2026-05-18 11:17:45+05:30,53123.0,0,0.0,0,0.0,0.0,53282.15,53308.4,52783.45,53710.35,0,0.0,0.0,0.0,0.0,-0.01,-1,-1,-0.01,-1,-1,-0.01,-1,-1,-0.01,-1,-1,-0.01,-1,-1,-0.01,-1,-1,-0.01,-1,-1,-0.01,-1,-1,-0.01,-1,-1,-0.01,-1,-1
99926009,2026-05-18 11:17:46+05:30,53122.0,0,0.0,0,0.0,0.0,53282.15,53308.4,52783.45,53710.35,0,0.0,0.0,0.0,0.0,-0.01,-1,-1,-0.01,-1,-1,-0.01,-1,-1,-0.01,-1,-1,-0.01,-1,-1,-0.01,-1,-1,-0.01,-1,-1,-0.01,-1,-1,-0.01,-1,-1,-0.01,-1,-1
99926009,2026-05-18 11:17:46+05:30,53119.65,0,0.0,0,0.0,0.0,53282.15,53308.4,52783.45,53710.35,0,0.0,0.0,0.0,0.0,-0.01,-1,-1,-0.01,-1,-1,-0.01,-1,-1,-0.01,-1,-1,-0.01,-1,-1,-0.01,-1,-1,-0.01,-1,-1,-0.01,-1,-1,-0.01,-1,-1,-0.01,-1,-1
99926009,2026-05-18 11:17:47+05:30,53120.05,0,0.0,0,0.0,0.0,53282.15,53308.4,52783.45,53710.35,0,0.0,0.0,0.0,0.0,-0.01,-1,-1,-0.01,-1,-1,-0.01,-1,-1,-0.01,-1,-1,-0.01,-1,-1,-0.01,-1,-1,-0.01,-1,-1,-0.01,-1,-1,-0.01,-1,-1,-0.01,-1,-1
99926009,2026-05-18 11:17:47+05:30,53116.5,0,0.0,0,0.0,0.0,53282.15,53308.4,52783.45,53710.35,0,0.0,0.0,0.0,0.0,-0.01,-1,-1,-0.01,-1,-1,-0.01,-1,-1,-0.01,-1,-1,-0.01,-1,-1,-0.01,-1,-1,-0.01,-1,-1,-0.01,-1,-1,-0.01,-1,-1,-0.01,-1,-1
99926009,2026-05-18 11:17:48+05:30,53117.6,0,0.0,0,0.0,0.0,53282.15,53308.4,52783.45,53710.35,0,0.0,0.0,0.0,0.0,-0.01,-1,-1,-0.01,-1,-1,-0.01,-1,-1,-0.01,-1,-1,-0.01,-1,-1,-0.01,-1,-1,-0.01,-1,-1,-0.01,-1,-1,-0.01,-1,-1,-0.01,-1,-1
99926009,2026-05-18 11:17:48+05:30,53117.1,0,0.0,0,0.0,0.0,53282.15,53308.4,52783.45,53710.35,0,0.0,0.0,0.0,0.0,-0.01,-1,-1,-0.01,-1,-1,-0.01,-1,-1,-0.01,-1,-1,-0.01,-1,-1,-0.01,-1,-1,-0.01,-1,-1,-0.01,-1,-1,-0.01,-1,-1,-0.01,-1,-1
99926009,2026-05-18 11:17:49+05:30,53117.3,0,0.0,0,0.0,0.0,53282.15,53308.4,52783.45,53710.35,0,0.0,0.0,0.0,0.0,-0.01,-1,-1,-0.01,-1,-1,-0.01,-1,-1,-0.01,-1,-1,-0.01,-1,-1,-0.01,-1,-1,-0.01,-1,-1,-0.01,-1,-1,-0.01,-1,-1,-0.01,-1,-1
99926009,2026-05-18 11:17:49+05:30,53117.1,0,0.0,0,0.0,0.0,53282.15,53308.4,52783.45,53710.35,0,0.0,0.0,0.0,0.0,-0.01,-1,-1,-0.01,-1,-1,-0.01,-1,-1,-0.01,-1,-1,-0.01,-1,-1,-0.01,-1,-1,-0.01,-1,-1,-0.01,-1,-1,-0.01,-1,-1,-0.01,-1,-1
99926009,2026-05-18 11:17:50+05:30,53116.35,0,0.0,0,0.0,0.0,53282.15,53308.4,52783.45,53710.35,0,0.0,0.0,0.0,0.0,-0.01,-1,-1,-0.01,-1,-1,-0.01,-1,-1,-0.01,-1,-1,-0.01,-1,-1,-0.01,-1,-1,-0.01,-1,-1,-0.01,-1,-1,-0.01,-1,-1,-0.01,-1,-1
99926009,2026-05-18 11:17:50+05:30,53116.95,0,0.0,0,0.0,0.0,53282.15,53308.4,52783.45,53710.35,0,0.0,0.0,0.0,0.0,-0.01,-1,-1,-0.01,-1,-1,-0.01,-1,-1,-0.01,-1,-1,-0.01,-1,-1,-0.01,-1,-1,-0.01,-1,-1,-0.01,-1,-1,-0.01,-1,-1,-0.01,-1,-1
99926009,2026-05-18 11:17:51+05:30,53115.1,0,0.0,0,0.0,0.0,53282.15,53308.4,52783.45,53710.35,0,0.0,0.0,0.0,0.0,-0.01,-1,-1,-0.01,-1,-1,-0.01,-1,-1,-0.01,-1,-1,-0.01,-1,-1,-0.01,-1,-1,-0.01,-1,-1,-0.01,-1,-1,-0.01,-1,-1,-0.01,-1,-1
99926009,2026-05-18 11:17:51+05:30,53118.15,0,0.0,0,0.0,0.0,53282.15,53308.4,52783.45,53710.35,0,0.0,0.0,0.0,0.0,-0.01,-1,-1,-0.01,-1,-1,-0.01,-1,-1,-0.01,-1,-1,-0.01,-1,-1,-0.01,-1,-1,-0.01,-1,-1,-0.01,-1,-1,-0.01,-1,-1,-0.01,-1,-1
99926009,2026-05-18 11:17:52+05:30,53115.8,0,0.0,0,0.0,0.0,53282.15,53308.4,52783.45,53710.35,0,0.0,0.0,0.0,0.0,-0.01,-1,-1,-0.01,-1,-1,-0.01,-1,-1,-0.01,-1,-1,-0.01,-1,-1,-0.01,-1,-1,-0.01,-1,-1,-0.01,-1,-1,-0.01,-1,-1,-0.01,-1,-1
99926009,2026-05-18 11:17:52+05:30,53113.6,0,0.0,0,0.0,0.0,53282.15,53308.4,52783.45,53710.35,0,0.0,0.0,0.0,0.0,-0.01,-1,-1,-0.01,-1,-1,-0.01,-1,-1,-0.01,-1,-1,-0.01,-1,-1,-0.01,-1,-1,-0.01,-1,-1,-0.01,-1,-1,-0.01,-1,-1,-0.01,-1,-1
99926009,2026-05-18 11:17:53+05:30,53113.85,0,0.0,0,0.0,0.0,53282.15,53308.4,52783.45,53710.35,0,0.0,0.0,0.0,0.0,-0.01,-1,-1,-0.01,-1,-1,-0.01,-1,-1,-0.01,-1,-1,-0.01,-1,-1,-0.01,-1,-1,-0.01,-1,-1,-0.01,-1,-1,-0.01,-1,-1,-0.01,-1,-1
99926009,2026-05-18 11:17:53+05:30,53113.05,0,0.0,0,0.0,0.0,53282.15,53308.4,52783.45,53710.35,0,0.0,0.0,0.0,0.0,-0.01,-1,-1,-0.01,-1,-1,-0.01,-1,-1,-0.01,-1,-1,-0.01,-1,-1,-0.01,-1,-1,-0.01,-1,-1,-0.01,-1,-1,-0.01,-1,-1,-0.01,-1,-1
99926009,2026-05-18 11:17:54+05:30,53110.6,0,0.0,0,0.0,0.0,53282.15,53308.4,52783.45,53710.35,0,0.0,0.0,0.0,0.0,-0.01,-1,-1,-0.01,-1,-1,-0.01,-1,-1,-0.01,-1,-1,-0.01,-1,-1,-0.01,-1,-1,-0.01,-1,-1,-0.01,-1,-1,-0.01,-1,-1,-0.01,-1,-1
99926009,2026-05-18 11:17:54+05:30,53112.2,0,0.0,0,0.0,0.0,53282.15,53308.4,52783.45,53710.35,0,0.0,0.0,0.0,0.0,-0.01,-1,-1,-0.01,-1,-1,-0.01,-1,-1,-0.01,-1,-1,-0.01,-1,-1,-0.01,-1,-1,-0.01,-1,-1,-0.01,-1,-1,-0.01,-1,-1,-0.01,-1,-1
99926009,2026-05-18 11:17:55+05:30,53114.45,0,0.0,0,0.0,0.0,53282.15,53308.4,52783.45,53710.35,0,0.0,0.0,0.0,0.0,-0.01,-1,-1,-0.01,-1,-1,-0.01,-1,-1,-0.01,-1,-1,-0.01,-1,-1,-0.01,-1,-1,-0.01,-1,-1,-0.01,-1,-1,-0.01,-1,-1,-0.01,-1,-1
99926009,2026-05-18 11:17:55+05:30,53115.95,0,0.0,0,0.0,0.0,53282.15,53308.4,52783.45,53710.35,0,0.0,0.0,0.0,0.0,-0.01,-1,-1,-0.01,-1,-1,-0.01,-1,-1,-0.01,-1,-1,-0.01,-1,-1,-0.01,-1,-1,-0.01,-1,-1,-0.01,-1,-1,-0.01,-1,-1,-0.01,-1,-1
99926009,2026-05-18 11:17:56+05:30,53115.2,0,0.0,0,0.0,0.0,53282.15,53308.4,52783.45,53710.35,0,0.0,0.0,0.0,0.0,-0.01,-1,-1,-0.01,-1,-1,-0.01,-1,-1,-0.01,-1,-1,-0.01,-1,-1,-0.01,-1,-1,-0.01,-1,-1,-0.01,-1,-1,-0.01,-1,-1,-0.01,-1,-1
99926009,2026-05-18 11:17:56+05:30,53112.15,0,0.0,0,0.0,0.0,53282.15,53308.4,52783.45,53710.35,0,0.0,0.0,0.0,0.0,-0.01,-1,-1,-0.01,-1,-1,-0.01,-1,-1,-0.01,-1,-1,-0.01,-1,-1,-0.01,-1,-1,-0.01,-1,-1,-0.01,-1,-1,-0.01,-1,-1,-0.01,-1,-1
99926009,2026-05-18 11:17:57+05:30,53113.0,0,0.0,0,0.0,0.0,53282.15,53308.4,52783.45,53710.35,0,0.0,0.0,0.0,0.0,-0.01,-1,-1,-0.01,-1,-1,-0.01,-1,-1,-0.01,-1,-1,-0.01,-1,-1,-0.01,-1,-1,-0.01,-1,-1,-0.01,-1,-1,-0.01,-1,-1,-0.01,-1,-1
99926009,2026-05-18 11:17:57+05:30,53115.85,0,0.0,0,0.0,0.0,53282.15,53308.4,52783.45,53710.35,0,0.0,0.0,0.0,0.0,-0.01,-1,-1,-0.01,-1,-1,-0.01,-1,-1,-0.01,-1,-1,-0.01,-1,-1,-0.01,-1,-1,-0.01,-1,-1,-0.01,-1,-1,-0.01,-1,-1,-0.01,-1,-1
99926009,2026-05-18 11:17:58+05:30,53112.1,0,0.0,0,0.0,0.0,53282.15,53308.4,52783.45,53710.35,0,0.0,0.0,0.0,0.0,-0.01,-1,-1,-0.01,-1,-1,-0.01,-1,-1,-0.01,-1,-1,-0.01,-1,-1,-0.01,-1,-1,-0.01,-1,-1,-0.01,-1,-1,-0.01,-1,-1,-0.01,-1,-1
99926009,2026-05-18 11:17:58+05:30,53109.5,0,0.0,0,0.0,0.0,53282.15,53308.4,52783.45,53710.35,0,0.0,0.0,0.0,0.0,-0.01,-1,-1,-0.01,-1,-1,-0.01,-1,-1,-0.01,-1,-1,-0.01,-1,-1,-0.01,-1,-1,-0.01,-1,-1,-0.01,-1,-1,-0.01,-1,-1,-0.01,-1,-1
99926009,2026-05-18 11:17:59+05:30,53110.0,0,0.0,0,0.0,0.0,53282.15,53308.4,52783.45,53710.35,0,0.0,0.0,0.0,0.0,-0.01,-1,-1,-0.01,-1,-1,-0.01,-1,-1,-0.01,-1,-1,-0.01,-1,-1,-0.01,-1,-1,-0.01,-1,-1,-0.01,-1,-1,-0.01,-1,-1,-0.01,-1,-1
99926009,2026-05-18 11:17:59+05:30,53109.15,0,0.0,0,0.0,0.0,53282.15,53308.4,52783.45,53710.35,0,0.0,0.0,0.0,0.0,-0.01,-1,-1,-0.01,-1,-1,-0.01,-1,-1,-0.01,-1,-1,-0.01,-1,-1,-0.01,-1,-1,-0.01,-1,-1,-0.01,-1,-1,-0.01,-1,-1,-0.01,-1,-1
99926009,2026-05-18 11:18:00+05:30,53104.75,0,0.0,0,0.0,0.0,53282.15,53308.4,52783.45,53710.35,0,0.0,0.0,0.0,0.0,-0.01,-1,-1,-0.01,-1,-1,-0.01,-1,-1,-0.01,-1,-1,-0.01,-1,-1,-0.01,-1,-1,-0.01,-1,-1,-0.01,-1,-1,-0.01,-1,-1,-0.01,-1,-1
99926009,2026-05-18 11:18:00+05:30,53111.2,0,0.0,0,0.0,0.0,53282.15,53308.4,52783.45,53710.35,0,0.0,0.0,0.0,0.0,-0.01,-1,-1,-0.01,-1,-1,-0.01,-1,-1,-0.01,-1,-1,-0.01,-1,-1,-0.01,-1,-1,-0.01,-1,-1,-0.01,-1,-1,-0.01,-1,-1,-0.01,-1,-1
99926009,2026-05-18 11:18:01+05:30,53109.45,0,0.0,0,0.0,0.0,53282.15,53308.4,52783.45,53710.35,0,0.0,0.0,0.0,0.0,-0.01,-1,-1,-0.01,-1,-1,-0.01,-1,-1,-0.01,-1,-1,-0.01,-1,-1,-0.01,-1,-1,-0.01,-1,-1,-0.01,-1,-1,-0.01,-1,-1,-0.01,-1,-1
99926009,2026-05-18 11:18:01+05:30,53109.3,0,0.0,0,0.0,0.0,53282.15,53308.4,52783.45,53710.35,0,0.0,0.0,0.0,0.0,-0.01,-1,-1,-0.01,-1,-1,-0.01,-1,-1,-0.01,-1,-1,-0.01,-1,-1,-0.01,-1,-1,-0.01,-1,-1,-0.01,-1,-1,-0.01,-1,-1,-0.01,-1,-1
99926009,2026-05-18 11:18:02+05:30,53106.9,0,0.0,0,0.0,0.0,53282.15,53308.4,52783.45,53710.35,0,0.0,0.0,0.0,0.0,-0.01,-1,-1,-0.01,-1,-1,-0.01,-1,-1,-0.01,-1,-1,-0.01,-1,-1,-0.01,-1,-1,-0.01,-1,-1,-0.01,-1,-1,-0.01,-1,-1,-0.01,-1,-1
99926009,2026-05-18 11:18:02+05:30,53108.15,0,0.0,0,0.0,0.0,53282.15,53308.4,52783.45,53710.35,0,0.0,0.0,0.0,0.0,-0.01,-1,-1,-0.01,-1,-1,-0.01,-1,-1,-0.01,-1,-1,-0.01,-1,-1,-0.01,-1,-1,-0.01,-1,-1,-0.01,-1,-1,-0.01,-1,-1,-0.01,-1,-1
99926009,2026-05-18 11:18:03+05:30,53108.65,0,0.0,0,0.0,0.0,53282.15,53308.4,52783.45,53710.35,0,0.0,0.0,0.0,0.0,-0.01,-1,-1,-0.01,-1,-1,-0.01,-1,-1,-0.01,-1,-1,-0.01,-1,-1,-0.01,-1,-1,-0.01,-1,-1,-0.01,-1,-1,-0.01,-1,-1,-0.01,-1,-1
99926009,2026-05-18 11:18:03+05:30,53110.3,0,0.0,0,0.0,0.0,53282.15,53308.4,52783.45,53710.35,0,0.0,0.0,0.0,0.0,-0.01,-1,-1,-0.01,-1,-1,-0.01,-1,-1,-0.01,-1,-1,-0.01,-1,-1,-0.01,-1,-1,-0.01,-1,-1,-0.01,-1,-1,-0.01,-1,-1,-0.01,-1,-1
99926009,2026-05-18 11:18:04+05:30,53109.75,0,0.0,0,0.0,0.0,53282.15,53308.4,52783.45,53710.35,0,0.0,0.0,0.0,0.0,-0.01,-1,-1,-0.01,-1,-1,-0.01,-1,-1,-0.01,-1,-1,-0.01,-1,-1,-0.01,-1,-1,-0.01,-1,-1,-0.01,-1,-1,-0.01,-1,-1,-0.01,-1,-1
99926009,2026-05-18 11:18:04+05:30,53108.15,0,0.0,0,0.0,0.0,53282.15,53308.4,52783.45,53710.35,0,0.0,0.0,0.0,0.0,-0.01,-1,-1,-0.01,-1,-1,-0.01,-1,-1,-0.01,-1,-1,-0.01,-1,-1,-0.01,-1,-1,-0.01,-1,-1,-0.01,-1,-1,-0.01,-1,-1,-0.01,-1,-1
99926009,2026-05-18 11:18:05+05:30,53111.8,0,0.0,0,0.0,0.0,53282.15,53308.4,52783.45,53710.35,0,0.0,0.0,0.0,0.0,-0.01,-1,-1,-0.01,-1,-1,-0.01,-1,-1,-0.01,-1,-1,-0.01,-1,-1,-0.01,-1,-1,-0.01,-1,-1,-0.01,-1,-1,-0.01,-1,-1,-0.01,-1,-1
99926009,2026-05-18 11:18:05+05:30,53110.35,0,0.0,0,0.0,0.0,53282.15,53308.4,52783.45,53710.35,0,0.0,0.0,0.0,0.0,-0.01,-1,-1,-0.01,-1,-1,-0.01,-1,-1,-0.01,-1,-1,-0.01,-1,-1,-0.01,-1,-1,-0.01,-1,-1,-0.01,-1,-1,-0.01,-1,-1,-0.01,-1,-1
99926009,2026-05-18 11:18:06+05:30,53109.5,0,0.0,0,0.0,0.0,53282.15,53308.4,52783.45,53710.35,0,0.0,0.0,0.0,0.0,-0.01,-1,-1,-0.01,-1,-1,-0.01,-1,-1,-0.01,-1,-1,-0.01,-1,-1,-0.01,-1,-1,-0.01,-1,-1,-0.01,-1,-1,-0.01,-1,-1,-0.01,-1,-1
99926009,2026-05-18 11:18:06+05:30,53114.05,0,0.0,0,0.0,0.0,53282.15,53308.4,52783.45,53710.35,0,0.0,0.0,0.0,0.0,-0.01,-1,-1,-0.01,-1,-1,-0.01,-1,-1,-0.01,-1,-1,-0.01,-1,-1,-0.01,-1,-1,-0.01,-1,-1,-0.01,-1,-1,-0.01,-1,-1,-0.01,-1,-1
99926009,2026-05-18 11:18:07+05:30,53113.05,0,0.0,0,0.0,0.0,53282.15,53308.4,52783.45,53710.35,0,0.0,0.0,0.0,0.0,-0.01,-1,-1,-0.01,-1,-1,-0.01,-1,-1,-0.01,-1,-1,-0.01,-1,-1,-0.01,-1,-1,-0.01,-1,-1,-0.01,-1,-1,-0.01,-1,-1,-0.01,-1,-1
99926009,2026-05-18 11:18:07+05:30,53115.1,0,0.0,0,0.0,0.0,53282.15,53308.4,52783.45,53710.35,0,0.0,0.0,0.0,0.0,-0.01,-1,-1,-0.01,-1,-1,-0.01,-1,-1,-0.01,-1,-1,-0.01,-1,-1,-0.01,-1,-1,-0.01,-1,-1,-0.01,-1,-1,-0.01,-1,-1,-0.01,-1,-1
99926009,2026-05-18 11:18:08+05:30,53114.75,0,0.0,0,0.0,0.0,53282.15,53308.4,52783.45,53710.35,0,0.0,0.0,0.0,0.0,-0.01,-1,-1,-0.01,-1,-1,-0.01,-1,-1,-0.01,-1,-1,-0.01,-1,-1,-0.01,-1,-1,-0.01,-1,-1,-0.01,-1,-1,-0.01,-1,-1,-0.01,-1,-1
99926009,2026-05-18 11:18:08+05:30,53118.0,0,0.0,0,0.0,0.0,53282.15,53308.4,52783.45,53710.35,0,0.0,0.0,0.0,0.0,-0.01,-1,-1,-0.01,-1,-1,-0.01,-1,-1,-0.01,-1,-1,-0.01,-1,-1,-0.01,-1,-1,-0.01,-1,-1,-0.01,-1,-1,-0.01,-1,-1,-0.01,-1,-1
99926009,2026-05-18 11:18:09+05:30,53112.45,0,0.0,0,0.0,0.0,53282.15,53308.4,52783.45,53710.35,0,0.0,0.0,0.0,0.0,-0.01,-1,-1,-0.01,-1,-1,-0.01,-1,-1,-0.01,-1,-1,-0.01,-1,-1,-0.01,-1,-1,-0.01,-1,-1,-0.01,-1,-1,-0.01,-1,-1,-0.01,-1,-1
99926009,2026-05-18 11:18:09+05:30,53116.65,0,0.0,0,0.0,0.0,53282.15,53308.4,52783.45,53710.35,0,0.0,0.0,0.0,0.0,-0.01,-1,-1,-0.01,-1,-1,-0.01,-1,-1,-0.01,-1,-1,-0.01,-1,-1,-0.01,-1,-1,-0.01,-1,-1,-0.01,-1,-1,-0.01,-1,-1,-0.01,-1,-1
99926009,2026-05-18 11:18:10+05:30,53116.85,0,0.0,0,0.0,0.0,53282.15,53308.4,52783.45,53710.35,0,0.0,0.0,0.0,0.0,-0.01,-1,-1,-0.01,-1,-1,-0.01,-1,-1,-0.01,-1,-1,-0.01,-1,-1,-0.01,-1,-1,-0.01,-1,-1,-0.01,-1,-1,-0.01,-1,-1,-0.01,-1,-1
99926009,2026-05-18 11:18:10+05:30,53114.1,0,0.0,0,0.0,0.0,53282.15,53308.4,52783.45,53710.35,0,0.0,0.0,0.0,0.0,-0.01,-1,-1,-0.01,-1,-1,-0.01,-1,-1,-0.01,-1,-1,-0.01,-1,-1,-0.01,-1,-1,-0.01,-1,-1,-0.01,-1,-1,-0.01,-1,-1,-0.01,-1,-1
99926009,2026-05-18 11:18:11+05:30,53113.1,0,0.0,0,0.0,0.0,53282.15,53308.4,52783.45,53710.35,0,0.0,0.0,0.0,0.0,-0.01,-1,-1,-0.01,-1,-1,-0.01,-1,-1,-0.01,-1,-1,-0.01,-1,-1,-0.01,-1,-1,-0.01,-1,-1,-0.01,-1,-1,-0.01,-1,-1,-0.01,-1,-1
99926009,2026-05-18 11:18:11+05:30,53117.45,0,0.0,0,0.0,0.0,53282.15,53308.4,52783.45,53710.35,0,0.0,0.0,0.0,0.0,-0.01,-1,-1,-0.01,-1,-1,-0.01,-1,-1,-0.01,-1,-1,-0.01,-1,-1,-0.01,-1,-1,-0.01,-1,-1,-0.01,-1,-1,-0.01,-1,-1,-0.01,-1,-1
99926009,2026-05-18 11:18:12+05:30,53119.8,0,0.0,0,0.0,0.0,53282.15,53308.4,52783.45,53710.35,0,0.0,0.0,0.0,0.0,-0.01,-1,-1,-0.01,-1,-1,-0.01,-1,-1,-0.01,-1,-1,-0.01,-1,-1,-0.01,-1,-1,-0.01,-1,-1,-0.01,-1,-1,-0.01,-1,-1,-0.01,-1,-1
99926009,2026-05-18 11:18:12+05:30,53119.45,0,0.0,0,0.0,0.0,53282.15,53308.4,52783.45,53710.35,0,0.0,0.0,0.0,0.0,-0.01,-1,-1,-0.01,-1,-1,-0.01,-1,-1,-0.01,-1,-1,-0.01,-1,-1,-0.01,-1,-1,-0.01,-1,-1,-0.01,-1,-1,-0.01,-1,-1,-0.01,-1,-1
99926009,2026-05-18 11:18:13+05:30,53118.65,0,0.0,0,0.0,0.0,53282.15,53308.4,52783.45,53710.35,0,0.0,0.0,0.0,0.0,-0.01,-1,-1,-0.01,-1,-1,-0.01,-1,-1,-0.01,-1,-1,-0.01,-1,-1,-0.01,-1,-1,-0.01,-1,-1,-0.01,-1,-1,-0.01,-1,-1,-0.01,-1,-1
99926009,2026-05-18 11:18:13+05:30,53121.1,0,0.0,0,0.0,0.0,53282.15,53308.4,52783.45,53710.35,0,0.0,0.0,0.0,0.0,-0.01,-1,-1,-0.01,-1,-1,-0.01,-1,-1,-0.01,-1,-1,-0.01,-1,-1,-0.01,-1,-1,-0.01,-1,-1,-0.01,-1,-1,-0.01,-1,-1,-0.01,-1,-1
99926009,2026-05-18 11:18:14+05:30,53119.8,0,0.0,0,0.0,0.0,53282.15,53308.4,52783.45,53710.35,0,0.0,0.0,0.0,0.0,-0.01,-1,-1,-0.01,-1,-1,-0.01,-1,-1,-0.01,-1,-1,-0.01,-1,-1,-0.01,-1,-1,-0.01,-1,-1,-0.01,-1,-1,-0.01,-1,-1,-0.01,-1,-1
99926009,2026-05-18 11:18:14+05:30,53116.9,0,0.0,0,0.0,0.0,53282.15,53308.4,52783.45,53710.35,0,0.0,0.0,0.0,0.0,-0.01,-1,-1,-0.01,-1,-1,-0.01,-1,-1,-0.01,-1,-1,-0.01,-1,-1,-0.01,-1,-1,-0.01,-1,-1,-0.01,-1,-1,-0.01,-1,-1,-0.01,-1,-1
99926009,2026-05-18 11:18:15+05:30,53122.25,0,0.0,0,0.0,0.0,53282.15,53308.4,52783.45,53710.35,0,0.0,0.0,0.0,0.0,-0.01,-1,-1,-0.01,-1,-1,-0.01,-1,-1,-0.01,-1,-1,-0.01,-1,-1,-0.01,-1,-1,-0.01,-1,-1,-0.01,-1,-1,-0.01,-1,-1,-0.01,-1,-1
99926009,2026-05-18 11:18:15+05:30,53122.95,0,0.0,0,0.0,0.0,53282.15,53308.4,52783.45,53710.35,0,0.0,0.0,0.0,0.0,-0.01,-1,-1,-0.01,-1,-1,-0.01,-1,-1,-0.01,-1,-1,-0.01,-1,-1,-0.01,-1,-1,-0.01,-1,-1,-0.01,-1,-1,-0.01,-1,-1,-0.01,-1,-1
99926009,2026-05-18 11:18:16+05:30,53124.5,0,0.0,0,0.0,0.0,53282.15,53308.4,52783.45,53710.35,0,0.0,0.0,0.0,0.0,-0.01,-1,-1,-0.01,-1,-1,-0.01,-1,-1,-0.01,-1,-1,-0.01,-1,-1,-0.01,-1,-1,-0.01,-1,-1,-0.01,-1,-1,-0.01,-1,-1,-0.01,-1,-1
99926009,2026-05-18 11:18:16+05:30,53124.8,0,0.0,0,0.0,0.0,53282.15,53308.4,52783.45,53710.35,0,0.0,0.0,0.0,0.0,-0.01,-1,-1,-0.01,-1,-1,-0.01,-1,-1,-0.01,-1,-1,-0.01,-1,-1,-0.01,-1,-1,-0.01,-1,-1,-0.01,-1,-1,-0.01,-1,-1,-0.01,-1,-1
99926009,2026-05-18 11:18:17+05:30,53122.7,0,0.0,0,0.0,0.0,53282.15,53308.4,52783.45,53710.35,0,0.0,0.0,0.0,0.0,-0.01,-1,-1,-0.01,-1,-1,-0.01,-1,-1,-0.01,-1,-1,-0.01,-1,-1,-0.01,-1,-1,-0.01,-1,-1,-0.01,-1,-1,-0.01,-1,-1,-0.01,-1,-1
99926009,2026-05-18 11:18:17+05:30,53119.95,0,0.0,0,0.0,0.0,53282.15,53308.4,52783.45,53710.35,0,0.0,0.0,0.0,0.0,-0.01,-1,-1,-0.01,-1,-1,-0.01,-1,-1,-0.01,-1,-1,-0.01,-1,-1,-0.01,-1,-1,-0.01,-1,-1,-0.01,-1,-1,-0.01,-1,-1,-0.01,-1,-1
99926009,2026-05-18 11:18:18+05:30,53121.1,0,0.0,0,0.0,0.0,53282.15,53308.4,52783.45,53710.35,0,0.0,0.0,0.0,0.0,-0.01,-1,-1,-0.01,-1,-1,-0.01,-1,-1,-0.01,-1,-1,-0.01,-1,-1,-0.01,-1,-1,-0.01,-1,-1,-0.01,-1,-1,-0.01,-1,-1,-0.01,-1,-1
99926009,2026-05-18 11:18:18+05:30,53126.0,0,0.0,0,0.0,0.0,53282.15,53308.4,52783.45,53710.35,0,0.0,0.0,0.0,0.0,-0.01,-1,-1,-0.01,-1,-1,-0.01,-1,-1,-0.01,-1,-1,-0.01,-1,-1,-0.01,-1,-1,-0.01,-1,-1,-0.01,-1,-1,-0.01,-1,-1,-0.01,-1,-1
99926009,2026-05-18 11:18:19+05:30,53123.1,0,0.0,0,0.0,0.0,53282.15,53308.4,52783.45,53710.35,0,0.0,0.0,0.0,0.0,-0.01,-1,-1,-0.01,-1,-1,-0.01,-1,-1,-0.01,-1,-1,-0.01,-1,-1,-0.01,-1,-1,-0.01,-1,-1,-0.01,-1,-1,-0.01,-1,-1,-0.01,-1,-1
99926009,2026-05-18 11:18:19+05:30,53123.95,0,0.0,0,0.0,0.0,53282.15,53308.4,52783.45,53710.35,0,0.0,0.0,0.0,0.0,-0.01,-1,-1,-0.01,-1,-1,-0.01,-1,-1,-0.01,-1,-1,-0.01,-1,-1,-0.01,-1,-1,-0.01,-1,-1,-0.01,-1,-1,-0.01,-1,-1,-0.01,-1,-1
99926009,2026-05-18 11:18:20+05:30,53120.05,0,0.0,0,0.0,0.0,53282.15,53308.4,52783.45,53710.35,0,0.0,0.0,0.0,0.0,-0.01,-1,-1,-0.01,-1,-1,-0.01,-1,-1,-0.01,-1,-1,-0.01,-1,-1,-0.01,-1,-1,-0.01,-1,-1,-0.01,-1,-1,-0.01,-1,-1,-0.01,-1,-1
99926009,2026-05-18 11:18:20+05:30,53119.35,0,0.0,0,0.0,0.0,53282.15,53308.4,52783.45,53710.35,0,0.0,0.0,0.0,0.0,-0.01,-1,-1,-0.01,-1,-1,-0.01,-1,-1,-0.01,-1,-1,-0.01,-1,-1,-0.01,-1,-1,-0.01,-1,-1,-0.01,-1,-1,-0.01,-1,-1,-0.01,-1,-1
99926009,2026-05-18 11:18:21+05:30,53118.45,0,0.0,0,0.0,0.0,53282.15,53308.4,52783.45,53710.35,0,0.0,0.0,0.0,0.0,-0.01,-1,-1,-0.01,-1,-1,-0.01,-1,-1,-0.01,-1,-1,-0.01,-1,-1,-0.01,-1,-1,-0.01,-1,-1,-0.01,-1,-1,-0.01,-1,-1,-0.01,-1,-1
99926009,2026-05-18 11:18:21+05:30,53120.15,0,0.0,0,0.0,0.0,53282.15,53308.4,52783.45,53710.35,0,0.0,0.0,0.0,0.0,-0.01,-1,-1,-0.01,-1,-1,-0.01,-1,-1,-0.01,-1,-1,-0.01,-1,-1,-0.01,-1,-1,-0.01,-1,-1,-0.01,-1,-1,-0.01,-1,-1,-0.01,-1,-1
99926009,2026-05-18 11:18:22+05:30,53118.75,0,0.0,0,0.0,0.0,53282.15,53308.4,52783.45,53710.35,0,0.0,0.0,0.0,0.0,-0.01,-1,-1,-0.01,-1,-1,-0.01,-1,-1,-0.01,-1,-1,-0.01,-1,-1,-0.01,-1,-1,-0.01,-1,-1,-0.01,-1,-1,-0.01,-1,-1,-0.01,-1,-1
99926009,2026-05-18 11:18:22+05:30,53120.4,0,0.0,0,0.0,0.0,53282.15,53308.4,52783.45,53710.35,0,0.0,0.0,0.0,0.0,-0.01,-1,-1,-0.01,-1,-1,-0.01,-1,-1,-0.01,-1,-1,-0.01,-1,-1,-0.01,-1,-1,-0.01,-1,-1,-0.01,-1,-1,-0.01,-1,-1,-0.01,-1,-1
99926009,2026-05-18 11:18:23+05:30,53122.1,0,0.0,0,0.0,0.0,53282.15,53308.4,52783.45,53710.35,0,0.0,0.0,0.0,0.0,-0.01,-1,-1,-0.01,-1,-1,-0.01,-1,-1,-0.01,-1,-1,-0.01,-1,-1,-0.01,-1,-1,-0.01,-1,-1,-0.01,-1,-1,-0.01,-1,-1,-0.01,-1,-1
99926009,2026-05-18 11:18:23+05:30,53117.65,0,0.0,0,0.0,0.0,53282.15,53308.4,52783.45,53710.35,0,0.0,0.0,0.0,0.0,-0.01,-1,-1,-0.01,-1,-1,-0.01,-1,-1,-0.01,-1,-1,-0.01,-1,-1,-0.01,-1,-1,-0.01,-1,-1,-0.01,-1,-1,-0.01,-1,-1,-0.01,-1,-1
99926009,2026-05-18 11:18:24+05:30,53118.4,0,0.0,0,0.0,0.0,53282.15,53308.4,52783.45,53710.35,0,0.0,0.0,0.0,0.0,-0.01,-1,-1,-0.01,-1,-1,-0.01,-1,-1,-0.01,-1,-1,-0.01,-1,-1,-0.01,-1,-1,-0.01,-1,-1,-0.01,-1,-1,-0.01,-1,-1,-0.01,-1,-1
99926009,2026-05-18 11:18:24+05:30,53118.2,0,0.0,0,0.0,0.0,53282.15,53308.4,52783.45,53710.35,0,0.0,0.0,0.0,0.0,-0.01,-1,-1,-0.01,-1,-1,-0.01,-1,-1,-0.01,-1,-1,-0.01,-1,-1,-0.01,-1,-1,-0.01,-1,-1,-0.01,-1,-1,-0.01,-1,-1,-0.01,-1,-1
99926009,2026-05-18 11:18:25+05:30,53116.05,0,0.0,0,0.0,0.0,53282.15,53308.4,52783.45,53710.35,0,0.0,0.0,0.0,0.0,-0.01,-1,-1,-0.01,-1,-1,-0.01,-1,-1,-0.01,-1,-1,-0.01,-1,-1,-0.01,-1,-1,-0.01,-1,-1,-0.01,-1,-1,-0.01,-1,-1,-0.01,-1,-1
99926009,2026-05-18 11:18:25+05:30,53119.35,0,0.0,0,0.0,0.0,53282.15,53308.4,52783.45,53710.35,0,0.0,0.0,0.0,0.0,-0.01,-1,-1,-0.01,-1,-1,-0.01,-1,-1,-0.01,-1,-1,-0.01,-1,-1,-0.01,-1,-1,-0.01,-1,-1,-0.01,-1,-1,-0.01,-1,-1,-0.01,-1,-1
99926009,2026-05-18 11:18:26+05:30,53120.3,0,0.0,0,0.0,0.0,53282.15,53308.4,52783.45,53710.35,0,0.0,0.0,0.0,0.0,-0.01,-1,-1,-0.01,-1,-1,-0.01,-1,-1,-0.01,-1,-1,-0.01,-1,-1,-0.01,-1,-1,-0.01,-1,-1,-0.01,-1,-1,-0.01,-1,-1,-0.01,-1,-1
99926009,2026-05-18 11:18:26+05:30,53121.05,0,0.0,0,0.0,0.0,53282.15,53308.4,52783.45,53710.35,0,0.0,0.0,0.0,0.0,-0.01,-1,-1,-0.01,-1,-1,-0.01,-1,-1,-0.01,-1,-1,-0.01,-1,-1,-0.01,-1,-1,-0.01,-1,-1,-0.01,-1,-1,-0.01,-1,-1,-0.01,-1,-1
99926009,2026-05-18 11:18:27+05:30,53119.7,0,0.0,0,0.0,0.0,53282.15,53308.4,52783.45,53710.35,0,0.0,0.0,0.0,0.0,-0.01,-1,-1,-0.01,-1,-1,-0.01,-1,-1,-0.01,-1,-1,-0.01,-1,-1,-0.01,-1,-1,-0.01,-1,-1,-0.01,-1,-1,-0.01,-1,-1,-0.01,-1,-1
99926009,2026-05-18 11:18:27+05:30,53121.3,0,0.0,0,0.0,0.0,53282.15,53308.4,52783.45,53710.35,0,0.0,0.0,0.0,0.0,-0.01,-1,-1,-0.01,-1,-1,-0.01,-1,-1,-0.01,-1,-1,-0.01,-1,-1,-0.01,-1,-1,-0.01,-1,-1,-0.01,-1,-1,-0.01,-1,-1,-0.01,-1,-1
99926009,2026-05-18 11:18:28+05:30,53121.25,0,0.0,0,0.0,0.0,53282.15,53308.4,52783.45,53710.35,0,0.0,0.0,0.0,0.0,-0.01,-1,-1,-0.01,-1,-1,-0.01,-1,-1,-0.01,-1,-1,-0.01,-1,-1,-0.01,-1,-1,-0.01,-1,-1,-0.01,-1,-1,-0.01,-1,-1,-0.01,-1,-1
99926009,2026-05-18 11:18:28+05:30,53120.5,0,0.0,0,0.0,0.0,53282.15,53308.4,52783.45,53710.35,0,0.0,0.0,0.0,0.0,-0.01,-1,-1,-0.01,-1,-1,-0.01,-1,-1,-0.01,-1,-1,-0.01,-1,-1,-0.01,-1,-1,-0.01,-1,-1,-0.01,-1,-1,-0.01,-1,-1,-0.01,-1,-1
99926009,2026-05-18 11:18:29+05:30,53119.65,0,0.0,0,0.0,0.0,53282.15,53308.4,52783.45,53710.35,0,0.0,0.0,0.0,0.0,-0.01,-1,-1,-0.01,-1,-1,-0.01,-1,-1,-0.01,-1,-1,-0.01,-1,-1,-0.01,-1,-1,-0.01,-1,-1,-0.01,-1,-1,-0.01,-1,-1,-0.01,-1,-1
99926009,2026-05-18 11:18:29+05:30,53116.75,0,0.0,0,0.0,0.0,53282.15,53308.4,52783.45,53710.35,0,0.0,0.0,0.0,0.0,-0.01,-1,-1,-0.01,-1,-1,-0.01,-1,-1,-0.01,-1,-1,-0.01,-1,-1,-0.01,-1,-1,-0.01,-1,-1,-0.01,-1,-1,-0.01,-1,-1,-0.01,-1,-1
99926009,2026-05-18 11:18:30+05:30,53120.8,0,0.0,0,0.0,0.0,53282.15,53308.4,52783.45,53710.35,0,0.0,0.0,0.0,0.0,-0.01,-1,-1,-0.01,-1,-1,-0.01,-1,-1,-0.01,-1,-1,-0.01,-1,-1,-0.01,-1,-1,-0.01,-1,-1,-0.01,-1,-1,-0.01,-1,-1,-0.01,-1,-1
99926009,2026-05-18 11:18:30+05:30,53120.65,0,0.0,0,0.0,0.0,53282.15,53308.4,52783.45,53710.35,0,0.0,0.0,0.0,0.0,-0.01,-1,-1,-0.01,-1,-1,-0.01,-1,-1,-0.01,-1,-1,-0.01,-1,-1,-0.01,-1,-1,-0.01,-1,-1,-0.01,-1,-1,-0.01,-1,-1,-0.01,-1,-1
99926009,2026-05-18 11:18:31+05:30,53120.95,0,0.0,0,0.0,0.0,53282.15,53308.4,52783.45,53710.35,0,0.0,0.0,0.0,0.0,-0.01,-1,-1,-0.01,-1,-1,-0.01,-1,-1,-0.01,-1,-1,-0.01,-1,-1,-0.01,-1,-1,-0.01,-1,-1,-0.01,-1,-1,-0.01,-1,-1,-0.01,-1,-1
99926009,2026-05-18 11:18:31+05:30,53121.4,0,0.0,0,0.0,0.0,53282.15,53308.4,52783.45,53710.35,0,0.0,0.0,0.0,0.0,-0.01,-1,-1,-0.01,-1,-1,-0.01,-1,-1,-0.01,-1,-1,-0.01,-1,-1,-0.01,-1,-1,-0.01,-1,-1,-0.01,-1,-1,-0.01,-1,-1,-0.01,-1,-1
99926009,2026-05-18 11:18:32+05:30,53121.8,0,0.0,0,0.0,0.0,53282.15,53308.4,52783.45,53710.35,0,0.0,0.0,0.0,0.0,-0.01,-1,-1,-0.01,-1,-1,-0.01,-1,-1,-0.01,-1,-1,-0.01,-1,-1,-0.01,-1,-1,-0.01,-1,-1,-0.01,-1,-1,-0.01,-1,-1,-0.01,-1,-1
99926009,2026-05-18 11:18:32+05:30,53121.6,0,0.0,0,0.0,0.0,53282.15,53308.4,52783.45,53710.35,0,0.0,0.0,0.0,0.0,-0.01,-1,-1,-0.01,-1,-1,-0.01,-1,-1,-0.01,-1,-1,-0.01,-1,-1,-0.01,-1,-1,-0.01,-1,-1,-0.01,-1,-1,-0.01,-1,-1,-0.01,-1,-1
99926009,2026-05-18 11:18:33+05:30,53119.9,0,0.0,0,0.0,0.0,53282.15,53308.4,52783.45,53710.35,0,0.0,0.0,0.0,0.0,-0.01,-1,-1,-0.01,-1,-1,-0.01,-1,-1,-0.01,-1,-1,-0.01,-1,-1,-0.01,-1,-1,-0.01,-1,-1,-0.01,-1,-1,-0.01,-1,-1,-0.01,-1,-1
99926009,2026-05-18 11:18:33+05:30,53120.15,0,0.0,0,0.0,0.0,53282.15,53308.4,52783.45,53710.35,0,0.0,0.0,0.0,0.0,-0.01,-1,-1,-0.01,-1,-1,-0.01,-1,-1,-0.01,-1,-1,-0.01,-1,-1,-0.01,-1,-1,-0.01,-1,-1,-0.01,-1,-1,-0.01,-1,-1,-0.01,-1,-1
99926009,2026-05-18 11:18:34+05:30,53119.25,0,0.0,0,0.0,0.0,53282.15,53308.4,52783.45,53710.35,0,0.0,0.0,0.0,0.0,-0.01,-1,-1,-0.01,-1,-1,-0.01,-1,-1,-0.01,-1,-1,-0.01,-1,-1,-0.01,-1,-1,-0.01,-1,-1,-0.01,-1,-1,-0.01,-1,-1,-0.01,-1,-1
99926009,2026-05-18 11:18:34+05:30,53120.2,0,0.0,0,0.0,0.0,53282.15,53308.4,52783.45,53710.35,0,0.0,0.0,0.0,0.0,-0.01,-1,-1,-0.01,-1,-1,-0.01,-1,-1,-0.01,-1,-1,-0.01,-1,-1,-0.01,-1,-1,-0.01,-1,-1,-0.01,-1,-1,-0.01,-1,-1,-0.01,-1,-1
99926009,2026-05-18 11:18:35+05:30,53117.45,0,0.0,0,0.0,0.0,53282.15,53308.4,52783.45,53710.35,0,0.0,0.0,0.0,0.0,-0.01,-1,-1,-0.01,-1,-1,-0.01,-1,-1,-0.01,-1,-1,-0.01,-1,-1,-0.01,-1,-1,-0.01,-1,-1,-0.01,-1,-1,-0.01,-1,-1,-0.01,-1,-1
99926009,2026-05-18 11:18:35+05:30,53116.85,0,0.0,0,0.0,0.0,53282.15,53308.4,52783.45,53710.35,0,0.0,0.0,0.0,0.0,-0.01,-1,-1,-0.01,-1,-1,-0.01,-1,-1,-0.01,-1,-1,-0.01,-1,-1,-0.01,-1,-1,-0.01,-1,-1,-0.01,-1,-1,-0.01,-1,-1,-0.01,-1,-1
99926009,2026-05-18 11:18:36+05:30,53115.75,0,0.0,0,0.0,0.0,53282.15,53308.4,52783.45,53710.35,0,0.0,0.0,0.0,0.0,-0.01,-1,-1,-0.01,-1,-1,-0.01,-1,-1,-0.01,-1,-1,-0.01,-1,-1,-0.01,-1,-1,-0.01,-1,-1,-0.01,-1,-1,-0.01,-1,-1,-0.01,-1,-1
99926009,2026-05-18 11:18:36+05:30,53118.9,0,0.0,0,0.0,0.0,53282.15,53308.4,52783.45,53710.35,0,0.0,0.0,0.0,0.0,-0.01,-1,-1,-0.01,-1,-1,-0.01,-1,-1,-0.01,-1,-1,-0.01,-1,-1,-0.01,-1,-1,-0.01,-1,-1,-0.01,-1,-1,-0.01,-1,-1,-0.01,-1,-1
99926009,2026-05-18 11:18:37+05:30,53115.85,0,0.0,0,0.0,0.0,53282.15,53308.4,52783.45,53710.35,0,0.0,0.0,0.0,0.0,-0.01,-1,-1,-0.01,-1,-1,-0.01,-1,-1,-0.01,-1,-1,-0.01,-1,-1,-0.01,-1,-1,-0.01,-1,-1,-0.01,-1,-1,-0.01,-1,-1,-0.01,-1,-1
99926009,2026-05-18 11:18:37+05:30,53116.9,0,0.0,0,0.0,0.0,53282.15,53308.4,52783.45,53710.35,0,0.0,0.0,0.0,0.0,-0.01,-1,-1,-0.01,-1,-1,-0.01,-1,-1,-0.01,-1,-1,-0.01,-1,-1,-0.01,-1,-1,-0.01,-1,-1,-0.01,-1,-1,-0.01,-1,-1,-0.01,-1,-1
99926009,2026-05-18 11:18:38+05:30,53117.8,0,0.0,0,0.0,0.0,53282.15,53308.4,52783.45,53710.35,0,0.0,0.0,0.0,0.0,-0.01,-1,-1,-0.01,-1,-1,-0.01,-1,-1,-0.01,-1,-1,-0.01,-1,-1,-0.01,-1,-1,-0.01,-1,-1,-0.01,-1,-1,-0.01,-1,-1,-0.01,-1,-1
99926009,2026-05-18 11:18:38+05:30,53114.55,0,0.0,0,0.0,0.0,53282.15,53308.4,52783.45,53710.35,0,0.0,0.0,0.0,0.0,-0.01,-1,-1,-0.01,-1,-1,-0.01,-1,-1,-0.01,-1,-1,-0.01,-1,-1,-0.01,-1,-1,-0.01,-1,-1,-0.01,-1,-1,-0.01,-1,-1,-0.01,-1,-1
99926009,2026-05-18 11:18:39+05:30,53115.95,0,0.0,0,0.0,0.0,53282.15,53308.4,52783.45,53710.35,0,0.0,0.0,0.0,0.0,-0.01,-1,-1,-0.01,-1,-1,-0.01,-1,-1,-0.01,-1,-1,-0.01,-1,-1,-0.01,-1,-1,-0.01,-1,-1,-0.01,-1,-1,-0.01,-1,-1,-0.01,-1,-1
99926009,2026-05-18 11:18:39+05:30,53116.25,0,0.0,0,0.0,0.0,53282.15,53308.4,52783.45,53710.35,0,0.0,0.0,0.0,0.0,-0.01,-1,-1,-0.01,-1,-1,-0.01,-1,-1,-0.01,-1,-1,-0.01,-1,-1,-0.01,-1,-1,-0.01,-1,-1,-0.01,-1,-1,-0.01,-1,-1,-0.01,-1,-1
99926009,2026-05-18 11:18:40+05:30,53117.15,0,0.0,0,0.0,0.0,53282.15,53308.4,52783.45,53710.35,0,0.0,0.0,0.0,0.0,-0.01,-1,-1,-0.01,-1,-1,-0.01,-1,-1,-0.01,-1,-1,-0.01,-1,-1,-0.01,-1,-1,-0.01,-1,-1,-0.01,-1,-1,-0.01,-1,-1,-0.01,-1,-1
99926009,2026-05-18 11:18:40+05:30,53115.3,0,0.0,0,0.0,0.0,53282.15,53308.4,52783.45,53710.35,0,0.0,0.0,0.0,0.0,-0.01,-1,-1,-0.01,-1,-1,-0.01,-1,-1,-0.01,-1,-1,-0.01,-1,-1,-0.01,-1,-1,-0.01,-1,-1,-0.01,-1,-1,-0.01,-1,-1,-0.01,-1,-1
99926009,2026-05-18 11:18:41+05:30,53119.1,0,0.0,0,0.0,0.0,53282.15,53308.4,52783.45,53710.35,0,0.0,0.0,0.0,0.0,-0.01,-1,-1,-0.01,-1,-1,-0.01,-1,-1,-0.01,-1,-1,-0.01,-1,-1,-0.01,-1,-1,-0.01,-1,-1,-0.01,-1,-1,-0.01,-1,-1,-0.01,-1,-1
99926009,2026-05-18 11:18:41+05:30,53117.2,0,0.0,0,0.0,0.0,53282.15,53308.4,52783.45,53710.35,0,0.0,0.0,0.0,0.0,-0.01,-1,-1,-0.01,-1,-1,-0.01,-1,-1,-0.01,-1,-1,-0.01,-1,-1,-0.01,-1,-1,-0.01,-1,-1,-0.01,-1,-1,-0.01,-1,-1,-0.01,-1,-1
99926009,2026-05-18 11:18:42+05:30,53116.6,0,0.0,0,0.0,0.0,53282.15,53308.4,52783.45,53710.35,0,0.0,0.0,0.0,0.0,-0.01,-1,-1,-0.01,-1,-1,-0.01,-1,-1,-0.01,-1,-1,-0.01,-1,-1,-0.01,-1,-1,-0.01,-1,-1,-0.01,-1,-1,-0.01,-1,-1,-0.01,-1,-1
99926009,2026-05-18 11:18:42+05:30,53115.15,0,0.0,0,0.0,0.0,53282.15,53308.4,52783.45,53710.35,0,0.0,0.0,0.0,0.0,-0.01,-1,-1,-0.01,-1,-1,-0.01,-1,-1,-0.01,-1,-1,-0.01,-1,-1,-0.01,-1,-1,-0.01,-1,-1,-0.01,-1,-1,-0.01,-1,-1,-0.01,-1,-1
99926009,2026-05-18 11:18:43+05:30,53116.0,0,0.0,0,0.0,0.0,53282.15,53308.4,52783.45,53710.35,0,0.0,0.0,0.0,0.0,-0.01,-1,-1,-0.01,-1,-1,-0.01,-1,-1,-0.01,-1,-1,-0.01,-1,-1,-0.01,-1,-1,-0.01,-1,-1,-0.01,-1,-1,-0.01,-1,-1,-0.01,-1,-1
99926009,2026-05-18 11:18:43+05:30,53116.7,0,0.0,0,0.0,0.0,53282.15,53308.4,52783.45,53710.35,0,0.0,0.0,0.0,0.0,-0.01,-1,-1,-0.01,-1,-1,-0.01,-1,-1,-0.01,-1,-1,-0.01,-1,-1,-0.01,-1,-1,-0.01,-1,-1,-0.01,-1,-1,-0.01,-1,-1,-0.01,-1,-1
99926009,2026-05-18 11:18:44+05:30,53115.4,0,0.0,0,0.0,0.0,53282.15,53308.4,52783.45,53710.35,0,0.0,0.0,0.0,0.0,-0.01,-1,-1,-0.01,-1,-1,-0.01,-1,-1,-0.01,-1,-1,-0.01,-1,-1,-0.01,-1,-1,-0.01,-1,-1,-0.01,-1,-1,-0.01,-1,-1,-0.01,-1,-1
99926009,2026-05-18 11:18:44+05:30,53114.3,0,0.0,0,0.0,0.0,53282.15,53308.4,52783.45,53710.35,0,0.0,0.0,0.0,0.0,-0.01,-1,-1,-0.01,-1,-1,-0.01,-1,-1,-0.01,-1,-1,-0.01,-1,-1,-0.01,-1,-1,-0.01,-1,-1,-0.01,-1,-1,-0.01,-1,-1,-0.01,-1,-1
99926009,2026-05-18 11:18:45+05:30,53112.25,0,0.0,0,0.0,0.0,53282.15,53308.4,52783.45,53710.35,0,0.0,0.0,0.0,0.0,-0.01,-1,-1,-0.01,-1,-1,-0.01,-1,-1,-0.01,-1,-1,-0.01,-1,-1,-0.01,-1,-1,-0.01,-1,-1,-0.01,-1,-1,-0.01,-1,-1,-0.01,-1,-1
99926009,2026-05-18 11:18:45+05:30,53112.9,0,0.0,0,0.0,0.0,53282.15,53308.4,52783.45,53710.35,0,0.0,0.0,0.0,0.0,-0.01,-1,-1,-0.01,-1,-1,-0.01,-1,-1,-0.01,-1,-1,-0.01,-1,-1,-0.01,-1,-1,-0.01,-1,-1,-0.01,-1,-1,-0.01,-1,-1,-0.01,-1,-1
99926009,2026-05-18 11:18:46+05:30,53114.7,0,0.0,0,0.0,0.0,53282.15,53308.4,52783.45,53710.35,0,0.0,0.0,0.0,0.0,-0.01,-1,-1,-0.01,-1,-1,-0.01,-1,-1,-0.01,-1,-1,-0.01,-1,-1,-0.01,-1,-1,-0.01,-1,-1,-0.01,-1,-1,-0.01,-1,-1,-0.01,-1,-1
99926009,2026-05-18 11:18:46+05:30,53114.6,0,0.0,0,0.0,0.0,53282.15,53308.4,52783.45,53710.35,0,0.0,0.0,0.0,0.0,-0.01,-1,-1,-0.01,-1,-1,-0.01,-1,-1,-0.01,-1,-1,-0.01,-1,-1,-0.01,-1,-1,-0.01,-1,-1,-0.01,-1,-1,-0.01,-1,-1,-0.01,-1,-1
99926009,2026-05-18 11:18:47+05:30,53111.5,0,0.0,0,0.0,0.0,53282.15,53308.4,52783.45,53710.35,0,0.0,0.0,0.0,0.0,-0.01,-1,-1,-0.01,-1,-1,-0.01,-1,-1,-0.01,-1,-1,-0.01,-1,-1,-0.01,-1,-1,-0.01,-1,-1,-0.01,-1,-1,-0.01,-1,-1,-0.01,-1,-1
99926009,2026-05-18 11:18:47+05:30,53110.8,0,0.0,0,0.0,0.0,53282.15,53308.4,52783.45,53710.35,0,0.0,0.0,0.0,0.0,-0.01,-1,-1,-0.01,-1,-1,-0.01,-1,-1,-0.01,-1,-1,-0.01,-1,-1,-0.01,-1,-1,-0.01,-1,-1,-0.01,-1,-1,-0.01,-1,-1,-0.01,-1,-1
99926009,2026-05-18 11:18:48+05:30,53110.65,0,0.0,0,0.0,0.0,53282.15,53308.4,52783.45,53710.35,0,0.0,0.0,0.0,0.0,-0.01,-1,-1,-0.01,-1,-1,-0.01,-1,-1,-0.01,-1,-1,-0.01,-1,-1,-0.01,-1,-1,-0.01,-1,-1,-0.01,-1,-1,-0.01,-1,-1,-0.01,-1,-1
99926009,2026-05-18 11:18:48+05:30,53109.8,0,0.0,0,0.0,0.0,53282.15,53308.4,52783.45,53710.35,0,0.0,0.0,0.0,0.0,-0.01,-1,-1,-0.01,-1,-1,-0.01,-1,-1,-0.01,-1,-1,-0.01,-1,-1,-0.01,-1,-1,-0.01,-1,-1,-0.01,-1,-1,-0.01,-1,-1,-0.01,-1,-1
99926009,2026-05-18 11:18:49+05:30,53108.55,0,0.0,0,0.0,0.0,53282.15,53308.4,52783.45,53710.35,0,0.0,0.0,0.0,0.0,-0.01,-1,-1,-0.01,-1,-1,-0.01,-1,-1,-0.01,-1,-1,-0.01,-1,-1,-0.01,-1,-1,-0.01,-1,-1,-0.01,-1,-1,-0.01,-1,-1,-0.01,-1,-1
99926009,2026-05-18 11:18:49+05:30,53109.45,0,0.0,0,0.0,0.0,53282.15,53308.4,52783.45,53710.35,0,0.0,0.0,0.0,0.0,-0.01,-1,-1,-0.01,-1,-1,-0.01,-1,-1,-0.01,-1,-1,-0.01,-1,-1,-0.01,-1,-1,-0.01,-1,-1,-0.01,-1,-1,-0.01,-1,-1,-0.01,-1,-1
99926009,2026-05-18 11:18:50+05:30,53105.4,0,0.0,0,0.0,0.0,53282.15,53308.4,52783.45,53710.35,0,0.0,0.0,0.0,0.0,-0.01,-1,-1,-0.01,-1,-1,-0.01,-1,-1,-0.01,-1,-1,-0.01,-1,-1,-0.01,-1,-1,-0.01,-1,-1,-0.01,-1,-1,-0.01,-1,-1,-0.01,-1,-1
99926009,2026-05-18 11:18:50+05:30,53104.2,0,0.0,0,0.0,0.0,53282.15,53308.4,52783.45,53710.35,0,0.0,0.0,0.0,0.0,-0.01,-1,-1,-0.01,-1,-1,-0.01,-1,-1,-0.01,-1,-1,-0.01,-1,-1,-0.01,-1,-1,-0.01,-1,-1,-0.01,-1,-1,-0.01,-1,-1,-0.01,-1,-1
99926009,2026-05-18 11:18:51+05:30,53104.15,0,0.0,0,0.0,0.0,53282.15,53308.4,52783.45,53710.35,0,0.0,0.0,0.0,0.0,-0.01,-1,-1,-0.01,-1,-1,-0.01,-1,-1,-0.01,-1,-1,-0.01,-1,-1,-0.01,-1,-1,-0.01,-1,-1,-0.01,-1,-1,-0.01,-1,-1,-0.01,-1,-1
99926009,2026-05-18 11:18:51+05:30,53103.65,0,0.0,0,0.0,0.0,53282.15,53308.4,52783.45,53710.35,0,0.0,0.0,0.0,0.0,-0.01,-1,-1,-0.01,-1,-1,-0.01,-1,-1,-0.01,-1,-1,-0.01,-1,-1,-0.01,-1,-1,-0.01,-1,-1,-0.01,-1,-1,-0.01,-1,-1,-0.01,-1,-1
99926009,2026-05-18 11:18:52+05:30,53102.9,0,0.0,0,0.0,0.0,53282.15,53308.4,52783.45,53710.35,0,0.0,0.0,0.0,0.0,-0.01,-1,-1,-0.01,-1,-1,-0.01,-1,-1,-0.01,-1,-1,-0.01,-1,-1,-0.01,-1,-1,-0.01,-1,-1,-0.01,-1,-1,-0.01,-1,-1,-0.01,-1,-1
99926009,2026-05-18 11:18:52+05:30,53104.6,0,0.0,0,0.0,0.0,53282.15,53308.4,52783.45,53710.35,0,0.0,0.0,0.0,0.0,-0.01,-1,-1,-0.01,-1,-1,-0.01,-1,-1,-0.01,-1,-1,-0.01,-1,-1,-0.01,-1,-1,-0.01,-1,-1,-0.01,-1,-1,-0.01,-1,-1,-0.01,-1,-1
99926009,2026-05-18 11:18:53+05:30,53105.1,0,0.0,0,0.0,0.0,53282.15,53308.4,52783.45,53710.35,0,0.0,0.0,0.0,0.0,-0.01,-1,-1,-0.01,-1,-1,-0.01,-1,-1,-0.01,-1,-1,-0.01,-1,-1,-0.01,-1,-1,-0.01,-1,-1,-0.01,-1,-1,-0.01,-1,-1,-0.01,-1,-1
99926009,2026-05-18 11:18:53+05:30,53107.6,0,0.0,0,0.0,0.0,53282.15,53308.4,52783.45,53710.35,0,0.0,0.0,0.0,0.0,-0.01,-1,-1,-0.01,-1,-1,-0.01,-1,-1,-0.01,-1,-1,-0.01,-1,-1,-0.01,-1,-1,-0.01,-1,-1,-0.01,-1,-1,-0.01,-1,-1,-0.01,-1,-1
99926009,2026-05-18 11:18:54+05:30,53105.85,0,0.0,0,0.0,0.0,53282.15,53308.4,52783.45,53710.35,0,0.0,0.0,0.0,0.0,-0.01,-1,-1,-0.01,-1,-1,-0.01,-1,-1,-0.01,-1,-1,-0.01,-1,-1,-0.01,-1,-1,-0.01,-1,-1,-0.01,-1,-1,-0.01,-1,-1,-0.01,-1,-1
99926009,2026-05-18 11:18:54+05:30,53109.75,0,0.0,0,0.0,0.0,53282.15,53308.4,52783.45,53710.35,0,0.0,0.0,0.0,0.0,-0.01,-1,-1,-0.01,-1,-1,-0.01,-1,-1,-0.01,-1,-1,-0.01,-1,-1,-0.01,-1,-1,-0.01,-1,-1,-0.01,-1,-1,-0.01,-1,-1,-0.01,-1,-1
99926009,2026-05-18 11:18:55+05:30,53107.6,0,0.0,0,0.0,0.0,53282.15,53308.4,52783.45,53710.35,0,0.0,0.0,0.0,0.0,-0.01,-1,-1,-0.01,-1,-1,-0.01,-1,-1,-0.01,-1,-1,-0.01,-1,-1,-0.01,-1,-1,-0.01,-1,-1,-0.01,-1,-1,-0.01,-1,-1,-0.01,-1,-1
99926009,2026-05-18 11:18:55+05:30,53111.9,0,0.0,0,0.0,0.0,53282.15,53308.4,52783.45,53710.35,0,0.0,0.0,0.0,0.0,-0.01,-1,-1,-0.01,-1,-1,-0.01,-1,-1,-0.01,-1,-1,-0.01,-1,-1,-0.01,-1,-1,-0.01,-1,-1,-0.01,-1,-1,-0.01,-1,-1,-0.01,-1,-1
99926009,2026-05-18 11:18:56+05:30,53113.8,0,0.0,0,0.0,0.0,53282.15,53308.4,52783.45,53710.35,0,0.0,0.0,0.0,0.0,-0.01,-1,-1,-0.01,-1,-1,-0.01,-1,-1,-0.01,-1,-1,-0.01,-1,-1,-0.01,-1,-1,-0.01,-1,-1,-0.01,-1,-1,-0.01,-1,-1,-0.01,-1,-1
99926009,2026-05-18 11:18:56+05:30,53111.1,0,0.0,0,0.0,0.0,53282.15,53308.4,52783.45,53710.35,0,0.0,0.0,0.0,0.0,-0.01,-1,-1,-0.01,-1,-1,-0.01,-1,-1,-0.01,-1,-1,-0.01,-1,-1,-0.01,-1,-1,-0.01,-1,-1,-0.01,-1,-1,-0.01,-1,-1,-0.01,-1,-1
99926009,2026-05-18 11:18:57+05:30,53110.4,0,0.0,0,0.0,0.0,53282.15,53308.4,52783.45,53710.35,0,0.0,0.0,0.0,0.0,-0.01,-1,-1,-0.01,-1,-1,-0.01,-1,-1,-0.01,-1,-1,-0.01,-1,-1,-0.01,-1,-1,-0.01,-1,-1,-0.01,-1,-1,-0.01,-1,-1,-0.01,-1,-1
99926009,2026-05-18 11:18:57+05:30,53109.9,0,0.0,0,0.0,0.0,53282.15,53308.4,52783.45,53710.35,0,0.0,0.0,0.0,0.0,-0.01,-1,-1,-0.01,-1,-1,-0.01,-1,-1,-0.01,-1,-1,-0.01,-1,-1,-0.01,-1,-1,-0.01,-1,-1,-0.01,-1,-1,-0.01,-1,-1,-0.01,-1,-1
99926009,2026-05-18 11:18:58+05:30,53109.9,0,0.0,0,0.0,0.0,53282.15,53308.4,52783.45,53710.35,0,0.0,0.0,0.0,0.0,-0.01,-1,-1,-0.01,-1,-1,-0.01,-1,-1,-0.01,-1,-1,-0.01,-1,-1,-0.01,-1,-1,-0.01,-1,-1,-0.01,-1,-1,-0.01,-1,-1,-0.01,-1,-1
99926009,2026-05-18 11:18:58+05:30,53109.65,0,0.0,0,0.0,0.0,53282.15,53308.4,52783.45,53710.35,0,0.0,0.0,0.0,0.0,-0.01,-1,-1,-0.01,-1,-1,-0.01,-1,-1,-0.01,-1,-1,-0.01,-1,-1,-0.01,-1,-1,-0.01,-1,-1,-0.01,-1,-1,-0.01,-1,-1,-0.01,-1,-1
99926009,2026-05-18 11:18:59+05:30,53110.0,0,0.0,0,0.0,0.0,53282.15,53308.4,52783.45,53710.35,0,0.0,0.0,0.0,0.0,-0.01,-1,-1,-0.01,-1,-1,-0.01,-1,-1,-0.01,-1,-1,-0.01,-1,-1,-0.01,-1,-1,-0.01,-1,-1,-0.01,-1,-1,-0.01,-1,-1,-0.01,-1,-1
99926009,2026-05-18 11:18:59+05:30,53106.9,0,0.0,0,0.0,0.0,53282.15,53308.4,52783.45,53710.35,0,0.0,0.0,0.0,0.0,-0.01,-1,-1,-0.01,-1,-1,-0.01,-1,-1,-0.01,-1,-1,-0.01,-1,-1,-0.01,-1,-1,-0.01,-1,-1,-0.01,-1,-1,-0.01,-1,-1,-0.01,-1,-1
99926009,2026-05-18 11:19:00+05:30,53105.05,0,0.0,0,0.0,0.0,53282.15,53308.4,52783.45,53710.35,0,0.0,0.0,0.0,0.0,-0.01,-1,-1,-0.01,-1,-1,-0.01,-1,-1,-0.01,-1,-1,-0.01,-1,-1,-0.01,-1,-1,-0.01,-1,-1,-0.01,-1,-1,-0.01,-1,-1,-0.01,-1,-1
99926009,2026-05-18 11:19:00+05:30,53104.25,0,0.0,0,0.0,0.0,53282.15,53308.4,52783.45,53710.35,0,0.0,0.0,0.0,0.0,-0.01,-1,-1,-0.01,-1,-1,-0.01,-1,-1,-0.01,-1,-1,-0.01,-1,-1,-0.01,-1,-1,-0.01,-1,-1,-0.01,-1,-1,-0.01,-1,-1,-0.01,-1,-1
99926009,2026-05-18 11:19:01+05:30,53104.85,0,0.0,0,0.0,0.0,53282.15,53308.4,52783.45,53710.35,0,0.0,0.0,0.0,0.0,-0.01,-1,-1,-0.01,-1,-1,-0.01,-1,-1,-0.01,-1,-1,-0.01,-1,-1,-0.01,-1,-1,-0.01,-1,-1,-0.01,-1,-1,-0.01,-1,-1,-0.01,-1,-1
99926009,2026-05-18 11:19:01+05:30,53102.4,0,0.0,0,0.0,0.0,53282.15,53308.4,52783.45,53710.35,0,0.0,0.0,0.0,0.0,-0.01,-1,-1,-0.01,-1,-1,-0.01,-1,-1,-0.01,-1,-1,-0.01,-1,-1,-0.01,-1,-1,-0.01,-1,-1,-0.01,-1,-1,-0.01,-1,-1,-0.01,-1,-1
99926009,2026-05-18 11:19:02+05:30,53101.9,0,0.0,0,0.0,0.0,53282.15,53308.4,52783.45,53710.35,0,0.0,0.0,0.0,0.0,-0.01,-1,-1,-0.01,-1,-1,-0.01,-1,-1,-0.01,-1,-1,-0.01,-1,-1,-0.01,-1,-1,-0.01,-1,-1,-0.01,-1,-1,-0.01,-1,-1,-0.01,-1,-1
99926009,2026-05-18 11:19:02+05:30,53099.05,0,0.0,0,0.0,0.0,53282.15,53308.4,52783.45,53710.35,0,0.0,0.0,0.0,0.0,-0.01,-1,-1,-0.01,-1,-1,-0.01,-1,-1,-0.01,-1,-1,-0.01,-1,-1,-0.01,-1,-1,-0.01,-1,-1,-0.01,-1,-1,-0.01,-1,-1,-0.01,-1,-1
99926009,2026-05-18 11:19:03+05:30,53100.95,0,0.0,0,0.0,0.0,53282.15,53308.4,52783.45,53710.35,0,0.0,0.0,0.0,0.0,-0.01,-1,-1,-0.01,-1,-1,-0.01,-1,-1,-0.01,-1,-1,-0.01,-1,-1,-0.01,-1,-1,-0.01,-1,-1,-0.01,-1,-1,-0.01,-1,-1,-0.01,-1,-1
99926009,2026-05-18 11:19:03+05:30,53097.95,0,0.0,0,0.0,0.0,53282.15,53308.4,52783.45,53710.35,0,0.0,0.0,0.0,0.0,-0.01,-1,-1,-0.01,-1,-1,-0.01,-1,-1,-0.01,-1,-1,-0.01,-1,-1,-0.01,-1,-1,-0.01,-1,-1,-0.01,-1,-1,-0.01,-1,-1,-0.01,-1,-1
99926009,2026-05-18 11:19:04+05:30,53100.4,0,0.0,0,0.0,0.0,53282.15,53308.4,52783.45,53710.35,0,0.0,0.0,0.0,0.0,-0.01,-1,-1,-0.01,-1,-1,-0.01,-1,-1,-0.01,-1,-1,-0.01,-1,-1,-0.01,-1,-1,-0.01,-1,-1,-0.01,-1,-1,-0.01,-1,-1,-0.01,-1,-1
99926009,2026-05-18 11:19:04+05:30,53102.45,0,0.0,0,0.0,0.0,53282.15,53308.4,52783.45,53710.35,0,0.0,0.0,0.0,0.0,-0.01,-1,-1,-0.01,-1,-1,-0.01,-1,-1,-0.01,-1,-1,-0.01,-1,-1,-0.01,-1,-1,-0.01,-1,-1,-0.01,-1,-1,-0.01,-1,-1,-0.01,-1,-1
99926009,2026-05-18 11:19:05+05:30,53099.6,0,0.0,0,0.0,0.0,53282.15,53308.4,52783.45,53710.35,0,0.0,0.0,0.0,0.0,-0.01,-1,-1,-0.01,-1,-1,-0.01,-1,-1,-0.01,-1,-1,-0.01,-1,-1,-0.01,-1,-1,-0.01,-1,-1,-0.01,-1,-1,-0.01,-1,-1,-0.01,-1,-1
99926009,2026-05-18 11:19:05+05:30,53100.6,0,0.0,0,0.0,0.0,53282.15,53308.4,52783.45,53710.35,0,0.0,0.0,0.0,0.0,-0.01,-1,-1,-0.01,-1,-1,-0.01,-1,-1,-0.01,-1,-1,-0.01,-1,-1,-0.01,-1,-1,-0.01,-1,-1,-0.01,-1,-1,-0.01,-1,-1,-0.01,-1,-1
99926009,2026-05-18 11:19:06+05:30,53100.0,0,0.0,0,0.0,0.0,53282.15,53308.4,52783.45,53710.35,0,0.0,0.0,0.0,0.0,-0.01,-1,-1,-0.01,-1,-1,-0.01,-1,-1,-0.01,-1,-1,-0.01,-1,-1,-0.01,-1,-1,-0.01,-1,-1,-0.01,-1,-1,-0.01,-1,-1,-0.01,-1,-1
99926009,2026-05-18 11:19:06+05:30,53102.05,0,0.0,0,0.0,0.0,53282.15,53308.4,52783.45,53710.35,0,0.0,0.0,0.0,0.0,-0.01,-1,-1,-0.01,-1,-1,-0.01,-1,-1,-0.01,-1,-1,-0.01,-1,-1,-0.01,-1,-1,-0.01,-1,-1,-0.01,-1,-1,-0.01,-1,-1,-0.01,-1,-1
99926009,2026-05-18 11:19:07+05:30,53103.05,0,0.0,0,0.0,0.0,53282.15,53308.4,52783.45,53710.35,0,0.0,0.0,0.0,0.0,-0.01,-1,-1,-0.01,-1,-1,-0.01,-1,-1,-0.01,-1,-1,-0.01,-1,-1,-0.01,-1,-1,-0.01,-1,-1,-0.01,-1,-1,-0.01,-1,-1,-0.01,-1,-1
99926009,2026-05-18 11:19:07+05:30,53102.75,0,0.0,0,0.0,0.0,53282.15,53308.4,52783.45,53710.35,0,0.0,0.0,0.0,0.0,-0.01,-1,-1,-0.01,-1,-1,-0.01,-1,-1,-0.01,-1,-1,-0.01,-1,-1,-0.01,-1,-1,-0.01,-1,-1,-0.01,-1,-1,-0.01,-1,-1,-0.01,-1,-1
99926009,2026-05-18 11:19:08+05:30,53102.3,0,0.0,0,0.0,0.0,53282.15,53308.4,52783.45,53710.35,0,0.0,0.0,0.0,0.0,-0.01,-1,-1,-0.01,-1,-1,-0.01,-1,-1,-0.01,-1,-1,-0.01,-1,-1,-0.01,-1,-1,-0.01,-1,-1,-0.01,-1,-1,-0.01,-1,-1,-0.01,-1,-1
99926009,2026-05-18 11:19:08+05:30,53097.05,0,0.0,0,0.0,0.0,53282.15,53308.4,52783.45,53710.35,0,0.0,0.0,0.0,0.0,-0.01,-1,-1,-0.01,-1,-1,-0.01,-1,-1,-0.01,-1,-1,-0.01,-1,-1,-0.01,-1,-1,-0.01,-1,-1,-0.01,-1,-1,-0.01,-1,-1,-0.01,-1,-1
99926009,2026-05-18 11:19:09+05:30,53094.25,0,0.0,0,0.0,0.0,53282.15,53308.4,52783.45,53710.35,0,0.0,0.0,0.0,0.0,-0.01,-1,-1,-0.01,-1,-1,-0.01,-1,-1,-0.01,-1,-1,-0.01,-1,-1,-0.01,-1,-1,-0.01,-1,-1,-0.01,-1,-1,-0.01,-1,-1,-0.01,-1,-1
99926009,2026-05-18 11:19:09+05:30,53097.5,0,0.0,0,0.0,0.0,53282.15,53308.4,52783.45,53710.35,0,0.0,0.0,0.0,0.0,-0.01,-1,-1,-0.01,-1,-1,-0.01,-1,-1,-0.01,-1,-1,-0.01,-1,-1,-0.01,-1,-1,-0.01,-1,-1,-0.01,-1,-1,-0.01,-1,-1,-0.01,-1,-1
99926009,2026-05-18 11:19:10+05:30,53099.35,0,0.0,0,0.0,0.0,53282.15,53308.4,52783.45,53710.35,0,0.0,0.0,0.0,0.0,-0.01,-1,-1,-0.01,-1,-1,-0.01,-1,-1,-0.01,-1,-1,-0.01,-1,-1,-0.01,-1,-1,-0.01,-1,-1,-0.01,-1,-1,-0.01,-1,-1,-0.01,-1,-1
99926009,2026-05-18 11:19:10+05:30,53101.25,0,0.0,0,0.0,0.0,53282.15,53308.4,52783.45,53710.35,0,0.0,0.0,0.0,0.0,-0.01,-1,-1,-0.01,-1,-1,-0.01,-1,-1,-0.01,-1,-1,-0.01,-1,-1,-0.01,-1,-1,-0.01,-1,-1,-0.01,-1,-1,-0.01,-1,-1,-0.01,-1,-1
99926009,2026-05-18 11:19:11+05:30,53099.8,0,0.0,0,0.0,0.0,53282.15,53308.4,52783.45,53710.35,0,0.0,0.0,0.0,0.0,-0.01,-1,-1,-0.01,-1,-1,-0.01,-1,-1,-0.01,-1,-1,-0.01,-1,-1,-0.01,-1,-1,-0.01,-1,-1,-0.01,-1,-1,-0.01,-1,-1,-0.01,-1,-1
99926009,2026-05-18 11:19:11+05:30,53098.3,0,0.0,0,0.0,0.0,53282.15,53308.4,52783.45,53710.35,0,0.0,0.0,0.0,0.0,-0.01,-1,-1,-0.01,-1,-1,-0.01,-1,-1,-0.01,-1,-1,-0.01,-1,-1,-0.01,-1,-1,-0.01,-1,-1,-0.01,-1,-1,-0.01,-1,-1,-0.01,-1,-1
99926009,2026-05-18 11:19:12+05:30,53097.0,0,0.0,0,0.0,0.0,53282.15,53308.4,52783.45,53710.35,0,0.0,0.0,0.0,0.0,-0.01,-1,-1,-0.01,-1,-1,-0.01,-1,-1,-0.01,-1,-1,-0.01,-1,-1,-0.01,-1,-1,-0.01,-1,-1,-0.01,-1,-1,-0.01,-1,-1,-0.01,-1,-1
99926009,2026-05-18 11:19:12+05:30,53098.85,0,0.0,0,0.0,0.0,53282.15,53308.4,52783.45,53710.35,0,0.0,0.0,0.0,0.0,-0.01,-1,-1,-0.01,-1,-1,-0.01,-1,-1,-0.01,-1,-1,-0.01,-1,-1,-0.01,-1,-1,-0.01,-1,-1,-0.01,-1,-1,-0.01,-1,-1,-0.01,-1,-1
99926009,2026-05-18 11:19:13+05:30,53097.5,0,0.0,0,0.0,0.0,53282.15,53308.4,52783.45,53710.35,0,0.0,0.0,0.0,0.0,-0.01,-1,-1,-0.01,-1,-1,-0.01,-1,-1,-0.01,-1,-1,-0.01,-1,-1,-0.01,-1,-1,-0.01,-1,-1,-0.01,-1,-1,-0.01,-1,-1,-0.01,-1,-1
99926009,2026-05-18 11:19:13+05:30,53097.9,0,0.0,0,0.0,0.0,53282.15,53308.4,52783.45,53710.35,0,0.0,0.0,0.0,0.0,-0.01,-1,-1,-0.01,-1,-1,-0.01,-1,-1,-0.01,-1,-1,-0.01,-1,-1,-0.01,-1,-1,-0.01,-1,-1,-0.01,-1,-1,-0.01,-1,-1,-0.01,-1,-1
99926009,2026-05-18 11:19:14+05:30,53097.3,0,0.0,0,0.0,0.0,53282.15,53308.4,52783.45,53710.35,0,0.0,0.0,0.0,0.0,-0.01,-1,-1,-0.01,-1,-1,-0.01,-1,-1,-0.01,-1,-1,-0.01,-1,-1,-0.01,-1,-1,-0.01,-1,-1,-0.01,-1,-1,-0.01,-1,-1,-0.01,-1,-1
99926009,2026-05-18 11:19:14+05:30,53095.85,0,0.0,0,0.0,0.0,53282.15,53308.4,52783.45,53710.35,0,0.0,0.0,0.0,0.0,-0.01,-1,-1,-0.01,-1,-1,-0.01,-1,-1,-0.01,-1,-1,-0.01,-1,-1,-0.01,-1,-1,-0.01,-1,-1,-0.01,-1,-1,-0.01,-1,-1,-0.01,-1,-1
99926009,2026-05-18 11:19:15+05:30,53098.85,0,0.0,0,0.0,0.0,53282.15,53308.4,52783.45,53710.35,0,0.0,0.0,0.0,0.0,-0.01,-1,-1,-0.01,-1,-1,-0.01,-1,-1,-0.01,-1,-1,-0.01,-1,-1,-0.01,-1,-1,-0.01,-1,-1,-0.01,-1,-1,-0.01,-1,-1,-0.01,-1,-1
99926009,2026-05-18 11:19:15+05:30,53098.8,0,0.0,0,0.0,0.0,53282.15,53308.4,52783.45,53710.35,0,0.0,0.0,0.0,0.0,-0.01,-1,-1,-0.01,-1,-1,-0.01,-1,-1,-0.01,-1,-1,-0.01,-1,-1,-0.01,-1,-1,-0.01,-1,-1,-0.01,-1,-1,-0.01,-1,-1,-0.01,-1,-1
99926009,2026-05-18 11:19:16+05:30,53097.9,0,0.0,0,0.0,0.0,53282.15,53308.4,52783.45,53710.35,0,0.0,0.0,0.0,0.0,-0.01,-1,-1,-0.01,-1,-1,-0.01,-1,-1,-0.01,-1,-1,-0.01,-1,-1,-0.01,-1,-1,-0.01,-1,-1,-0.01,-1,-1,-0.01,-1,-1,-0.01,-1,-1
99926009,2026-05-18 11:19:16+05:30,53097.0,0,0.0,0,0.0,0.0,53282.15,53308.4,52783.45,53710.35,0,0.0,0.0,0.0,0.0,-0.01,-1,-1,-0.01,-1,-1,-0.01,-1,-1,-0.01,-1,-1,-0.01,-1,-1,-0.01,-1,-1,-0.01,-1,-1,-0.01,-1,-1,-0.01,-1,-1,-0.01,-1,-1
99926009,2026-05-18 11:19:17+05:30,53099.95,0,0.0,0,0.0,0.0,53282.15,53308.4,52783.45,53710.35,0,0.0,0.0,0.0,0.0,-0.01,-1,-1,-0.01,-1,-1,-0.01,-1,-1,-0.01,-1,-1,-0.01,-1,-1,-0.01,-1,-1,-0.01,-1,-1,-0.01,-1,-1,-0.01,-1,-1,-0.01,-1,-1
99926009,2026-05-18 11:19:17+05:30,53096.15,0,0.0,0,0.0,0.0,53282.15,53308.4,52783.45,53710.35,0,0.0,0.0,0.0,0.0,-0.01,-1,-1,-0.01,-1,-1,-0.01,-1,-1,-0.01,-1,-1,-0.01,-1,-1,-0.01,-1,-1,-0.01,-1,-1,-0.01,-1,-1,-0.01,-1,-1,-0.01,-1,-1
99926009,2026-05-18 11:19:18+05:30,53102.7,0,0.0,0,0.0,0.0,53282.15,53308.4,52783.45,53710.35,0,0.0,0.0,0.0,0.0,-0.01,-1,-1,-0.01,-1,-1,-0.01,-1,-1,-0.01,-1,-1,-0.01,-1,-1,-0.01,-1,-1,-0.01,-1,-1,-0.01,-1,-1,-0.01,-1,-1,-0.01,-1,-1
99926009,2026-05-18 11:19:18+05:30,53100.35,0,0.0,0,0.0,0.0,53282.15,53308.4,52783.45,53710.35,0,0.0,0.0,0.0,0.0,-0.01,-1,-1,-0.01,-1,-1,-0.01,-1,-1,-0.01,-1,-1,-0.01,-1,-1,-0.01,-1,-1,-0.01,-1,-1,-0.01,-1,-1,-0.01,-1,-1,-0.01,-1,-1
99926009,2026-05-18 11:19:19+05:30,53094.6,0,0.0,0,0.0,0.0,53282.15,53308.4,52783.45,53710.35,0,0.0,0.0,0.0,0.0,-0.01,-1,-1,-0.01,-1,-1,-0.01,-1,-1,-0.01,-1,-1,-0.01,-1,-1,-0.01,-1,-1,-0.01,-1,-1,-0.01,-1,-1,-0.01,-1,-1,-0.01,-1,-1
99926009,2026-05-18 11:19:19+05:30,53095.65,0,0.0,0,0.0,0.0,53282.15,53308.4,52783.45,53710.35,0,0.0,0.0,0.0,0.0,-0.01,-1,-1,-0.01,-1,-1,-0.01,-1,-1,-0.01,-1,-1,-0.01,-1,-1,-0.01,-1,-1,-0.01,-1,-1,-0.01,-1,-1,-0.01,-1,-1,-0.01,-1,-1
99926009,2026-05-18 11:19:20+05:30,53099.7,0,0.0,0,0.0,0.0,53282.15,53308.4,52783.45,53710.35,0,0.0,0.0,0.0,0.0,-0.01,-1,-1,-0.01,-1,-1,-0.01,-1,-1,-0.01,-1,-1,-0.01,-1,-1,-0.01,-1,-1,-0.01,-1,-1,-0.01,-1,-1,-0.01,-1,-1,-0.01,-1,-1
99926009,2026-05-18 11:19:20+05:30,53097.2,0,0.0,0,0.0,0.0,53282.15,53308.4,52783.45,53710.35,0,0.0,0.0,0.0,0.0,-0.01,-1,-1,-0.01,-1,-1,-0.01,-1,-1,-0.01,-1,-1,-0.01,-1,-1,-0.01,-1,-1,-0.01,-1,-1,-0.01,-1,-1,-0.01,-1,-1,-0.01,-1,-1
99926009,2026-05-18 11:19:21+05:30,53100.7,0,0.0,0,0.0,0.0,53282.15,53308.4,52783.45,53710.35,0,0.0,0.0,0.0,0.0,-0.01,-1,-1,-0.01,-1,-1,-0.01,-1,-1,-0.01,-1,-1,-0.01,-1,-1,-0.01,-1,-1,-0.01,-1,-1,-0.01,-1,-1,-0.01,-1,-1,-0.01,-1,-1
99926009,2026-05-18 11:19:21+05:30,53102.9,0,0.0,0,0.0,0.0,53282.15,53308.4,52783.45,53710.35,0,0.0,0.0,0.0,0.0,-0.01,-1,-1,-0.01,-1,-1,-0.01,-1,-1,-0.01,-1,-1,-0.01,-1,-1,-0.01,-1,-1,-0.01,-1,-1,-0.01,-1,-1,-0.01,-1,-1,-0.01,-1,-1
99926009,2026-05-18 11:19:22+05:30,53100.2,0,0.0,0,0.0,0.0,53282.15,53308.4,52783.45,53710.35,0,0.0,0.0,0.0,0.0,-0.01,-1,-1,-0.01,-1,-1,-0.01,-1,-1,-0.01,-1,-1,-0.01,-1,-1,-0.01,-1,-1,-0.01,-1,-1,-0.01,-1,-1,-0.01,-1,-1,-0.01,-1,-1
99926009,2026-05-18 11:19:22+05:30,53100.2,0,0.0,0,0.0,0.0,53282.15,53308.4,52783.45,53710.35,0,0.0,0.0,0.0,0.0,-0.01,-1,-1,-0.01,-1,-1,-0.01,-1,-1,-0.01,-1,-1,-0.01,-1,-1,-0.01,-1,-1,-0.01,-1,-1,-0.01,-1,-1,-0.01,-1,-1,-0.01,-1,-1
99926009,2026-05-18 11:19:23+05:30,53102.15,0,0.0,0,0.0,0.0,53282.15,53308.4,52783.45,53710.35,0,0.0,0.0,0.0,0.0,-0.01,-1,-1,-0.01,-1,-1,-0.01,-1,-1,-0.01,-1,-1,-0.01,-1,-1,-0.01,-1,-1,-0.01,-1,-1,-0.01,-1,-1,-0.01,-1,-1,-0.01,-1,-1
99926009,2026-05-18 11:19:23+05:30,53096.75,0,0.0,0,0.0,0.0,53282.15,53308.4,52783.45,53710.35,0,0.0,0.0,0.0,0.0,-0.01,-1,-1,-0.01,-1,-1,-0.01,-1,-1,-0.01,-1,-1,-0.01,-1,-1,-0.01,-1,-1,-0.01,-1,-1,-0.01,-1,-1,-0.01,-1,-1,-0.01,-1,-1
99926009,2026-05-18 11:19:24+05:30,53098.3,0,0.0,0,0.0,0.0,53282.15,53308.4,52783.45,53710.35,0,0.0,0.0,0.0,0.0,-0.01,-1,-1,-0.01,-1,-1,-0.01,-1,-1,-0.01,-1,-1,-0.01,-1,-1,-0.01,-1,-1,-0.01,-1,-1,-0.01,-1,-1,-0.01,-1,-1,-0.01,-1,-1
99926009,2026-05-18 11:19:24+05:30,53101.55,0,0.0,0,0.0,0.0,53282.15,53308.4,52783.45,53710.35,0,0.0,0.0,0.0,0.0,-0.01,-1,-1,-0.01,-1,-1,-0.01,-1,-1,-0.01,-1,-1,-0.01,-1,-1,-0.01,-1,-1,-0.01,-1,-1,-0.01,-1,-1,-0.01,-1,-1,-0.01,-1,-1
99926009,2026-05-18 11:19:25+05:30,53099.8,0,0.0,0,0.0,0.0,53282.15,53308.4,52783.45,53710.35,0,0.0,0.0,0.0,0.0,-0.01,-1,-1,-0.01,-1,-1,-0.01,-1,-1,-0.01,-1,-1,-0.01,-1,-1,-0.01,-1,-1,-0.01,-1,-1,-0.01,-1,-1,-0.01,-1,-1,-0.01,-1,-1
99926009,2026-05-18 11:19:25+05:30,53099.45,0,0.0,0,0.0,0.0,53282.15,53308.4,52783.45,53710.35,0,0.0,0.0,0.0,0.0,-0.01,-1,-1,-0.01,-1,-1,-0.01,-1,-1,-0.01,-1,-1,-0.01,-1,-1,-0.01,-1,-1,-0.01,-1,-1,-0.01,-1,-1,-0.01,-1,-1,-0.01,-1,-1
99926009,2026-05-18 11:19:26+05:30,53100.45,0,0.0,0,0.0,0.0,53282.15,53308.4,52783.45,53710.35,0,0.0,0.0,0.0,0.0,-0.01,-1,-1,-0.01,-1,-1,-0.01,-1,-1,-0.01,-1,-1,-0.01,-1,-1,-0.01,-1,-1,-0.01,-1,-1,-0.01,-1,-1,-0.01,-1,-1,-0.01,-1,-1
99926009,2026-05-18 11:19:26+05:30,53097.3,0,0.0,0,0.0,0.0,53282.15,53308.4,52783.45,53710.35,0,0.0,0.0,0.0,0.0,-0.01,-1,-1,-0.01,-1,-1,-0.01,-1,-1,-0.01,-1,-1,-0.01,-1,-1,-0.01,-1,-1,-0.01,-1,-1,-0.01,-1,-1,-0.01,-1,-1,-0.01,-1,-1
99926009,2026-05-18 11:19:27+05:30,53098.1,0,0.0,0,0.0,0.0,53282.15,53308.4,52783.45,53710.35,0,0.0,0.0,0.0,0.0,-0.01,-1,-1,-0.01,-1,-1,-0.01,-1,-1,-0.01,-1,-1,-0.01,-1,-1,-0.01,-1,-1,-0.01,-1,-1,-0.01,-1,-1,-0.01,-1,-1,-0.01,-1,-1
99926009,2026-05-18 11:19:27+05:30,53097.05,0,0.0,0,0.0,0.0,53282.15,53308.4,52783.45,53710.35,0,0.0,0.0,0.0,0.0,-0.01,-1,-1,-0.01,-1,-1,-0.01,-1,-1,-0.01,-1,-1,-0.01,-1,-1,-0.01,-1,-1,-0.01,-1,-1,-0.01,-1,-1,-0.01,-1,-1,-0.01,-1,-1
99926009,2026-05-18 11:19:28+05:30,53097.5,0,0.0,0,0.0,0.0,53282.15,53308.4,52783.45,53710.35,0,0.0,0.0,0.0,0.0,-0.01,-1,-1,-0.01,-1,-1,-0.01,-1,-1,-0.01,-1,-1,-0.01,-1,-1,-0.01,-1,-1,-0.01,-1,-1,-0.01,-1,-1,-0.01,-1,-1,-0.01,-1,-1
99926009,2026-05-18 11:19:28+05:30,53096.0,0,0.0,0,0.0,0.0,53282.15,53308.4,52783.45,53710.35,0,0.0,0.0,0.0,0.0,-0.01,-1,-1,-0.01,-1,-1,-0.01,-1,-1,-0.01,-1,-1,-0.01,-1,-1,-0.01,-1,-1,-0.01,-1,-1,-0.01,-1,-1,-0.01,-1,-1,-0.01,-1,-1
99926009,2026-05-18 11:19:29+05:30,53098.2,0,0.0,0,0.0,0.0,53282.15,53308.4,52783.45,53710.35,0,0.0,0.0,0.0,0.0,-0.01,-1,-1,-0.01,-1,-1,-0.01,-1,-1,-0.01,-1,-1,-0.01,-1,-1,-0.01,-1,-1,-0.01,-1,-1,-0.01,-1,-1,-0.01,-1,-1,-0.01,-1,-1
99926009,2026-05-18 11:19:29+05:30,53096.2,0,0.0,0,0.0,0.0,53282.15,53308.4,52783.45,53710.35,0,0.0,0.0,0.0,0.0,-0.01,-1,-1,-0.01,-1,-1,-0.01,-1,-1,-0.01,-1,-1,-0.01,-1,-1,-0.01,-1,-1,-0.01,-1,-1,-0.01,-1,-1,-0.01,-1,-1,-0.01,-1,-1
99926009,2026-05-18 11:19:30+05:30,53099.15,0,0.0,0,0.0,0.0,53282.15,53308.4,52783.45,53710.35,0,0.0,0.0,0.0,0.0,-0.01,-1,-1,-0.01,-1,-1,-0.01,-1,-1,-0.01,-1,-1,-0.01,-1,-1,-0.01,-1,-1,-0.01,-1,-1,-0.01,-1,-1,-0.01,-1,-1,-0.01,-1,-1
99926009,2026-05-18 11:19:30+05:30,53099.95,0,0.0,0,0.0,0.0,53282.15,53308.4,52783.45,53710.35,0,0.0,0.0,0.0,0.0,-0.01,-1,-1,-0.01,-1,-1,-0.01,-1,-1,-0.01,-1,-1,-0.01,-1,-1,-0.01,-1,-1,-0.01,-1,-1,-0.01,-1,-1,-0.01,-1,-1,-0.01,-1,-1
99926009,2026-05-18 11:19:31+05:30,53100.05,0,0.0,0,0.0,0.0,53282.15,53308.4,52783.45,53710.35,0,0.0,0.0,0.0,0.0,-0.01,-1,-1,-0.01,-1,-1,-0.01,-1,-1,-0.01,-1,-1,-0.01,-1,-1,-0.01,-1,-1,-0.01,-1,-1,-0.01,-1,-1,-0.01,-1,-1,-0.01,-1,-1
99926009,2026-05-18 11:19:31+05:30,53100.15,0,0.0,0,0.0,0.0,53282.15,53308.4,52783.45,53710.35,0,0.0,0.0,0.0,0.0,-0.01,-1,-1,-0.01,-1,-1,-0.01,-1,-1,-0.01,-1,-1,-0.01,-1,-1,-0.01,-1,-1,-0.01,-1,-1,-0.01,-1,-1,-0.01,-1,-1,-0.01,-1,-1
99926009,2026-05-18 11:19:32+05:30,53098.8,0,0.0,0,0.0,0.0,53282.15,53308.4,52783.45,53710.35,0,0.0,0.0,0.0,0.0,-0.01,-1,-1,-0.01,-1,-1,-0.01,-1,-1,-0.01,-1,-1,-0.01,-1,-1,-0.01,-1,-1,-0.01,-1,-1,-0.01,-1,-1,-0.01,-1,-1,-0.01,-1,-1
99926009,2026-05-18 11:19:32+05:30,53100.75,0,0.0,0,0.0,0.0,53282.15,53308.4,52783.45,53710.35,0,0.0,0.0,0.0,0.0,-0.01,-1,-1,-0.01,-1,-1,-0.01,-1,-1,-0.01,-1,-1,-0.01,-1,-1,-0.01,-1,-1,-0.01,-1,-1,-0.01,-1,-1,-0.01,-1,-1,-0.01,-1,-1
99926009,2026-05-18 11:19:33+05:30,53104.55,0,0.0,0,0.0,0.0,53282.15,53308.4,52783.45,53710.35,0,0.0,0.0,0.0,0.0,-0.01,-1,-1,-0.01,-1,-1,-0.01,-1,-1,-0.01,-1,-1,-0.01,-1,-1,-0.01,-1,-1,-0.01,-1,-1,-0.01,-1,-1,-0.01,-1,-1,-0.01,-1,-1
99926009,2026-05-18 11:19:33+05:30,53105.8,0,0.0,0,0.0,0.0,53282.15,53308.4,52783.45,53710.35,0,0.0,0.0,0.0,0.0,-0.01,-1,-1,-0.01,-1,-1,-0.01,-1,-1,-0.01,-1,-1,-0.01,-1,-1,-0.01,-1,-1,-0.01,-1,-1,-0.01,-1,-1,-0.01,-1,-1,-0.01,-1,-1
99926009,2026-05-18 11:19:34+05:30,53103.75,0,0.0,0,0.0,0.0,53282.15,53308.4,52783.45,53710.35,0,0.0,0.0,0.0,0.0,-0.01,-1,-1,-0.01,-1,-1,-0.01,-1,-1,-0.01,-1,-1,-0.01,-1,-1,-0.01,-1,-1,-0.01,-1,-1,-0.01,-1,-1,-0.01,-1,-1,-0.01,-1,-1
99926009,2026-05-18 11:19:34+05:30,53101.65,0,0.0,0,0.0,0.0,53282.15,53308.4,52783.45,53710.35,0,0.0,0.0,0.0,0.0,-0.01,-1,-1,-0.01,-1,-1,-0.01,-1,-1,-0.01,-1,-1,-0.01,-1,-1,-0.01,-1,-1,-0.01,-1,-1,-0.01,-1,-1,-0.01,-1,-1,-0.01,-1,-1
99926009,2026-05-18 11:19:35+05:30,53104.4,0,0.0,0,0.0,0.0,53282.15,53308.4,52783.45,53710.35,0,0.0,0.0,0.0,0.0,-0.01,-1,-1,-0.01,-1,-1,-0.01,-1,-1,-0.01,-1,-1,-0.01,-1,-1,-0.01,-1,-1,-0.01,-1,-1,-0.01,-1,-1,-0.01,-1,-1,-0.01,-1,-1
99926009,2026-05-18 11:19:35+05:30,53105.45,0,0.0,0,0.0,0.0,53282.15,53308.4,52783.45,53710.35,0,0.0,0.0,0.0,0.0,-0.01,-1,-1,-0.01,-1,-1,-0.01,-1,-1,-0.01,-1,-1,-0.01,-1,-1,-0.01,-1,-1,-0.01,-1,-1,-0.01,-1,-1,-0.01,-1,-1,-0.01,-1,-1
99926009,2026-05-18 11:19:36+05:30,53106.45,0,0.0,0,0.0,0.0,53282.15,53308.4,52783.45,53710.35,0,0.0,0.0,0.0,0.0,-0.01,-1,-1,-0.01,-1,-1,-0.01,-1,-1,-0.01,-1,-1,-0.01,-1,-1,-0.01,-1,-1,-0.01,-1,-1,-0.01,-1,-1,-0.01,-1,-1,-0.01,-1,-1
99926009,2026-05-18 11:19:36+05:30,53109.85,0,0.0,0,0.0,0.0,53282.15,53308.4,52783.45,53710.35,0,0.0,0.0,0.0,0.0,-0.01,-1,-1,-0.01,-1,-1,-0.01,-1,-1,-0.01,-1,-1,-0.01,-1,-1,-0.01,-1,-1,-0.01,-1,-1,-0.01,-1,-1,-0.01,-1,-1,-0.01,-1,-1
99926009,2026-05-18 11:19:37+05:30,53106.05,0,0.0,0,0.0,0.0,53282.15,53308.4,52783.45,53710.35,0,0.0,0.0,0.0,0.0,-0.01,-1,-1,-0.01,-1,-1,-0.01,-1,-1,-0.01,-1,-1,-0.01,-1,-1,-0.01,-1,-1,-0.01,-1,-1,-0.01,-1,-1,-0.01,-1,-1,-0.01,-1,-1
99926009,2026-05-18 11:19:37+05:30,53108.95,0,0.0,0,0.0,0.0,53282.15,53308.4,52783.45,53710.35,0,0.0,0.0,0.0,0.0,-0.01,-1,-1,-0.01,-1,-1,-0.01,-1,-1,-0.01,-1,-1,-0.01,-1,-1,-0.01,-1,-1,-0.01,-1,-1,-0.01,-1,-1,-0.01,-1,-1,-0.01,-1,-1
99926009,2026-05-18 11:19:38+05:30,53109.05,0,0.0,0,0.0,0.0,53282.15,53308.4,52783.45,53710.35,0,0.0,0.0,0.0,0.0,-0.01,-1,-1,-0.01,-1,-1,-0.01,-1,-1,-0.01,-1,-1,-0.01,-1,-1,-0.01,-1,-1,-0.01,-1,-1,-0.01,-1,-1,-0.01,-1,-1,-0.01,-1,-1
99926009,2026-05-18 11:19:38+05:30,53109.1,0,0.0,0,0.0,0.0,53282.15,53308.4,52783.45,53710.35,0,0.0,0.0,0.0,0.0,-0.01,-1,-1,-0.01,-1,-1,-0.01,-1,-1,-0.01,-1,-1,-0.01,-1,-1,-0.01,-1,-1,-0.01,-1,-1,-0.01,-1,-1,-0.01,-1,-1,-0.01,-1,-1
99926009,2026-05-18 11:19:39+05:30,53108.85,0,0.0,0,0.0,0.0,53282.15,53308.4,52783.45,53710.35,0,0.0,0.0,0.0,0.0,-0.01,-1,-1,-0.01,-1,-1,-0.01,-1,-1,-0.01,-1,-1,-0.01,-1,-1,-0.01,-1,-1,-0.01,-1,-1,-0.01,-1,-1,-0.01,-1,-1,-0.01,-1,-1
99926009,2026-05-18 11:19:39+05:30,53109.0,0,0.0,0,0.0,0.0,53282.15,53308.4,52783.45,53710.35,0,0.0,0.0,0.0,0.0,-0.01,-1,-1,-0.01,-1,-1,-0.01,-1,-1,-0.01,-1,-1,-0.01,-1,-1,-0.01,-1,-1,-0.01,-1,-1,-0.01,-1,-1,-0.01,-1,-1,-0.01,-1,-1
99926009,2026-05-18 11:19:40+05:30,53106.3,0,0.0,0,0.0,0.0,53282.15,53308.4,52783.45,53710.35,0,0.0,0.0,0.0,0.0,-0.01,-1,-1,-0.01,-1,-1,-0.01,-1,-1,-0.01,-1,-1,-0.01,-1,-1,-0.01,-1,-1,-0.01,-1,-1,-0.01,-1,-1,-0.01,-1,-1,-0.01,-1,-1
99926009,2026-05-18 11:19:40+05:30,53110.35,0,0.0,0,0.0,0.0,53282.15,53308.4,52783.45,53710.35,0,0.0,0.0,0.0,0.0,-0.01,-1,-1,-0.01,-1,-1,-0.01,-1,-1,-0.01,-1,-1,-0.01,-1,-1,-0.01,-1,-1,-0.01,-1,-1,-0.01,-1,-1,-0.01,-1,-1,-0.01,-1,-1
99926009,2026-05-18 11:19:41+05:30,53105.25,0,0.0,0,0.0,0.0,53282.15,53308.4,52783.45,53710.35,0,0.0,0.0,0.0,0.0,-0.01,-1,-1,-0.01,-1,-1,-0.01,-1,-1,-0.01,-1,-1,-0.01,-1,-1,-0.01,-1,-1,-0.01,-1,-1,-0.01,-1,-1,-0.01,-1,-1,-0.01,-1,-1
99926009,2026-05-18 11:19:41+05:30,53109.35,0,0.0,0,0.0,0.0,53282.15,53308.4,52783.45,53710.35,0,0.0,0.0,0.0,0.0,-0.01,-1,-1,-0.01,-1,-1,-0.01,-1,-1,-0.01,-1,-1,-0.01,-1,-1,-0.01,-1,-1,-0.01,-1,-1,-0.01,-1,-1,-0.01,-1,-1,-0.01,-1,-1
99926009,2026-05-18 11:19:42+05:30,53109.35,0,0.0,0,0.0,0.0,53282.15,53308.4,52783.45,53710.35,0,0.0,0.0,0.0,0.0,-0.01,-1,-1,-0.01,-1,-1,-0.01,-1,-1,-0.01,-1,-1,-0.01,-1,-1,-0.01,-1,-1,-0.01,-1,-1,-0.01,-1,-1,-0.01,-1,-1,-0.01,-1,-1
99926009,2026-05-18 11:19:42+05:30,53110.35,0,0.0,0,0.0,0.0,53282.15,53308.4,52783.45,53710.35,0,0.0,0.0,0.0,0.0,-0.01,-1,-1,-0.01,-1,-1,-0.01,-1,-1,-0.01,-1,-1,-0.01,-1,-1,-0.01,-1,-1,-0.01,-1,-1,-0.01,-1,-1,-0.01,-1,-1,-0.01,-1,-1
99926009,2026-05-18 11:19:43+05:30,53109.95,0,0.0,0,0.0,0.0,53282.15,53308.4,52783.45,53710.35,0,0.0,0.0,0.0,0.0,-0.01,-1,-1,-0.01,-1,-1,-0.01,-1,-1,-0.01,-1,-1,-0.01,-1,-1,-0.01,-1,-1,-0.01,-1,-1,-0.01,-1,-1,-0.01,-1,-1,-0.01,-1,-1
99926009,2026-05-18 11:19:43+05:30,53111.0,0,0.0,0,0.0,0.0,53282.15,53308.4,52783.45,53710.35,0,0.0,0.0,0.0,0.0,-0.01,-1,-1,-0.01,-1,-1,-0.01,-1,-1,-0.01,-1,-1,-0.01,-1,-1,-0.01,-1,-1,-0.01,-1,-1,-0.01,-1,-1,-0.01,-1,-1,-0.01,-1,-1
99926009,2026-05-18 11:19:44+05:30,53109.8,0,0.0,0,0.0,0.0,53282.15,53308.4,52783.45,53710.35,0,0.0,0.0,0.0,0.0,-0.01,-1,-1,-0.01,-1,-1,-0.01,-1,-1,-0.01,-1,-1,-0.01,-1,-1,-0.01,-1,-1,-0.01,-1,-1,-0.01,-1,-1,-0.01,-1,-1,-0.01,-1,-1
99926009,2026-05-18 11:19:44+05:30,53108.2,0,0.0,0,0.0,0.0,53282.15,53308.4,52783.45,53710.35,0,0.0,0.0,0.0,0.0,-0.01,-1,-1,-0.01,-1,-1,-0.01,-1,-1,-0.01,-1,-1,-0.01,-1,-1,-0.01,-1,-1,-0.01,-1,-1,-0.01,-1,-1,-0.01,-1,-1,-0.01,-1,-1
99926009,2026-05-18 11:19:45+05:30,53110.7,0,0.0,0,0.0,0.0,53282.15,53308.4,52783.45,53710.35,0,0.0,0.0,0.0,0.0,-0.01,-1,-1,-0.01,-1,-1,-0.01,-1,-1,-0.01,-1,-1,-0.01,-1,-1,-0.01,-1,-1,-0.01,-1,-1,-0.01,-1,-1,-0.01,-1,-1,-0.01,-1,-1
99926009,2026-05-18 11:19:45+05:30,53110.7,0,0.0,0,0.0,0.0,53282.15,53308.4,52783.45,53710.35,0,0.0,0.0,0.0,0.0,-0.01,-1,-1,-0.01,-1,-1,-0.01,-1,-1,-0.01,-1,-1,-0.01,-1,-1,-0.01,-1,-1,-0.01,-1,-1,-0.01,-1,-1,-0.01,-1,-1,-0.01,-1,-1
99926009,2026-05-18 11:19:46+05:30,53110.75,0,0.0,0,0.0,0.0,53282.15,53308.4,52783.45,53710.35,0,0.0,0.0,0.0,0.0,-0.01,-1,-1,-0.01,-1,-1,-0.01,-1,-1,-0.01,-1,-1,-0.01,-1,-1,-0.01,-1,-1,-0.01,-1,-1,-0.01,-1,-1,-0.01,-1,-1,-0.01,-1,-1
99926009,2026-05-18 11:19:46+05:30,53115.3,0,0.0,0,0.0,0.0,53282.15,53308.4,52783.45,53710.35,0,0.0,0.0,0.0,0.0,-0.01,-1,-1,-0.01,-1,-1,-0.01,-1,-1,-0.01,-1,-1,-0.01,-1,-1,-0.01,-1,-1,-0.01,-1,-1,-0.01,-1,-1,-0.01,-1,-1,-0.01,-1,-1
99926009,2026-05-18 11:19:47+05:30,53115.95,0,0.0,0,0.0,0.0,53282.15,53308.4,52783.45,53710.35,0,0.0,0.0,0.0,0.0,-0.01,-1,-1,-0.01,-1,-1,-0.01,-1,-1,-0.01,-1,-1,-0.01,-1,-1,-0.01,-1,-1,-0.01,-1,-1,-0.01,-1,-1,-0.01,-1,-1,-0.01,-1,-1
99926009,2026-05-18 11:19:47+05:30,53114.0,0,0.0,0,0.0,0.0,53282.15,53308.4,52783.45,53710.35,0,0.0,0.0,0.0,0.0,-0.01,-1,-1,-0.01,-1,-1,-0.01,-1,-1,-0.01,-1,-1,-0.01,-1,-1,-0.01,-1,-1,-0.01,-1,-1,-0.01,-1,-1,-0.01,-1,-1,-0.01,-1,-1
99926009,2026-05-18 11:19:48+05:30,53114.15,0,0.0,0,0.0,0.0,53282.15,53308.4,52783.45,53710.35,0,0.0,0.0,0.0,0.0,-0.01,-1,-1,-0.01,-1,-1,-0.01,-1,-1,-0.01,-1,-1,-0.01,-1,-1,-0.01,-1,-1,-0.01,-1,-1,-0.01,-1,-1,-0.01,-1,-1,-0.01,-1,-1
99926009,2026-05-18 11:19:48+05:30,53114.85,0,0.0,0,0.0,0.0,53282.15,53308.4,52783.45,53710.35,0,0.0,0.0,0.0,0.0,-0.01,-1,-1,-0.01,-1,-1,-0.01,-1,-1,-0.01,-1,-1,-0.01,-1,-1,-0.01,-1,-1,-0.01,-1,-1,-0.01,-1,-1,-0.01,-1,-1,-0.01,-1,-1
99926009,2026-05-18 11:19:49+05:30,53115.85,0,0.0,0,0.0,0.0,53282.15,53308.4,52783.45,53710.35,0,0.0,0.0,0.0,0.0,-0.01,-1,-1,-0.01,-1,-1,-0.01,-1,-1,-0.01,-1,-1,-0.01,-1,-1,-0.01,-1,-1,-0.01,-1,-1,-0.01,-1,-1,-0.01,-1,-1,-0.01,-1,-1
99926009,2026-05-18 11:19:49+05:30,53111.15,0,0.0,0,0.0,0.0,53282.15,53308.4,52783.45,53710.35,0,0.0,0.0,0.0,0.0,-0.01,-1,-1,-0.01,-1,-1,-0.01,-1,-1,-0.01,-1,-1,-0.01,-1,-1,-0.01,-1,-1,-0.01,-1,-1,-0.01,-1,-1,-0.01,-1,-1,-0.01,-1,-1
99926009,2026-05-18 11:19:50+05:30,53113.2,0,0.0,0,0.0,0.0,53282.15,53308.4,52783.45,53710.35,0,0.0,0.0,0.0,0.0,-0.01,-1,-1,-0.01,-1,-1,-0.01,-1,-1,-0.01,-1,-1,-0.01,-1,-1,-0.01,-1,-1,-0.01,-1,-1,-0.01,-1,-1,-0.01,-1,-1,-0.01,-1,-1
99926009,2026-05-18 11:19:50+05:30,53112.8,0,0.0,0,0.0,0.0,53282.15,53308.4,52783.45,53710.35,0,0.0,0.0,0.0,0.0,-0.01,-1,-1,-0.01,-1,-1,-0.01,-1,-1,-0.01,-1,-1,-0.01,-1,-1,-0.01,-1,-1,-0.01,-1,-1,-0.01,-1,-1,-0.01,-1,-1,-0.01,-1,-1
99926009,2026-05-18 11:19:51+05:30,53113.4,0,0.0,0,0.0,0.0,53282.15,53308.4,52783.45,53710.35,0,0.0,0.0,0.0,0.0,-0.01,-1,-1,-0.01,-1,-1,-0.01,-1,-1,-0.01,-1,-1,-0.01,-1,-1,-0.01,-1,-1,-0.01,-1,-1,-0.01,-1,-1,-0.01,-1,-1,-0.01,-1,-1
99926009,2026-05-18 11:19:51+05:30,53110.25,0,0.0,0,0.0,0.0,53282.15,53308.4,52783.45,53710.35,0,0.0,0.0,0.0,0.0,-0.01,-1,-1,-0.01,-1,-1,-0.01,-1,-1,-0.01,-1,-1,-0.01,-1,-1,-0.01,-1,-1,-0.01,-1,-1,-0.01,-1,-1,-0.01,-1,-1,-0.01,-1,-1
99926009,2026-05-18 11:19:52+05:30,53113.1,0,0.0,0,0.0,0.0,53282.15,53308.4,52783.45,53710.35,0,0.0,0.0,0.0,0.0,-0.01,-1,-1,-0.01,-1,-1,-0.01,-1,-1,-0.01,-1,-1,-0.01,-1,-1,-0.01,-1,-1,-0.01,-1,-1,-0.01,-1,-1,-0.01,-1,-1,-0.01,-1,-1
99926009,2026-05-18 11:19:52+05:30,53111.65,0,0.0,0,0.0,0.0,53282.15,53308.4,52783.45,53710.35,0,0.0,0.0,0.0,0.0,-0.01,-1,-1,-0.01,-1,-1,-0.01,-1,-1,-0.01,-1,-1,-0.01,-1,-1,-0.01,-1,-1,-0.01,-1,-1,-0.01,-1,-1,-0.01,-1,-1,-0.01,-1,-1
99926009,2026-05-18 11:19:53+05:30,53109.55,0,0.0,0,0.0,0.0,53282.15,53308.4,52783.45,53710.35,0,0.0,0.0,0.0,0.0,-0.01,-1,-1,-0.01,-1,-1,-0.01,-1,-1,-0.01,-1,-1,-0.01,-1,-1,-0.01,-1,-1,-0.01,-1,-1,-0.01,-1,-1,-0.01,-1,-1,-0.01,-1,-1
99926009,2026-05-18 11:19:53+05:30,53109.8,0,0.0,0,0.0,0.0,53282.15,53308.4,52783.45,53710.35,0,0.0,0.0,0.0,0.0,-0.01,-1,-1,-0.01,-1,-1,-0.01,-1,-1,-0.01,-1,-1,-0.01,-1,-1,-0.01,-1,-1,-0.01,-1,-1,-0.01,-1,-1,-0.01,-1,-1,-0.01,-1,-1
99926009,2026-05-18 11:19:54+05:30,53108.9,0,0.0,0,0.0,0.0,53282.15,53308.4,52783.45,53710.35,0,0.0,0.0,0.0,0.0,-0.01,-1,-1,-0.01,-1,-1,-0.01,-1,-1,-0.01,-1,-1,-0.01,-1,-1,-0.01,-1,-1,-0.01,-1,-1,-0.01,-1,-1,-0.01,-1,-1,-0.01,-1,-1
99926009,2026-05-18 11:19:54+05:30,53110.0,0,0.0,0,0.0,0.0,53282.15,53308.4,52783.45,53710.35,0,0.0,0.0,0.0,0.0,-0.01,-1,-1,-0.01,-1,-1,-0.01,-1,-1,-0.01,-1,-1,-0.01,-1,-1,-0.01,-1,-1,-0.01,-1,-1,-0.01,-1,-1,-0.01,-1,-1,-0.01,-1,-1
99926009,2026-05-18 11:19:55+05:30,53111.3,0,0.0,0,0.0,0.0,53282.15,53308.4,52783.45,53710.35,0,0.0,0.0,0.0,0.0,-0.01,-1,-1,-0.01,-1,-1,-0.01,-1,-1,-0.01,-1,-1,-0.01,-1,-1,-0.01,-1,-1,-0.01,-1,-1,-0.01,-1,-1,-0.01,-1,-1,-0.01,-1,-1
99926009,2026-05-18 11:19:55+05:30,53110.4,0,0.0,0,0.0,0.0,53282.15,53308.4,52783.45,53710.35,0,0.0,0.0,0.0,0.0,-0.01,-1,-1,-0.01,-1,-1,-0.01,-1,-1,-0.01,-1,-1,-0.01,-1,-1,-0.01,-1,-1,-0.01,-1,-1,-0.01,-1,-1,-0.01,-1,-1,-0.01,-1,-1
99926009,2026-05-18 11:19:56+05:30,53109.85,0,0.0,0,0.0,0.0,53282.15,53308.4,52783.45,53710.35,0,0.0,0.0,0.0,0.0,-0.01,-1,-1,-0.01,-1,-1,-0.01,-1,-1,-0.01,-1,-1,-0.01,-1,-1,-0.01,-1,-1,-0.01,-1,-1,-0.01,-1,-1,-0.01,-1,-1,-0.01,-1,-1
99926009,2026-05-18 11:19:56+05:30,53113.15,0,0.0,0,0.0,0.0,53282.15,53308.4,52783.45,53710.35,0,0.0,0.0,0.0,0.0,-0.01,-1,-1,-0.01,-1,-1,-0.01,-1,-1,-0.01,-1,-1,-0.01,-1,-1,-0.01,-1,-1,-0.01,-1,-1,-0.01,-1,-1,-0.01,-1,-1,-0.01,-1,-1
99926009,2026-05-18 11:19:57+05:30,53109.7,0,0.0,0,0.0,0.0,53282.15,53308.4,52783.45,53710.35,0,0.0,0.0,0.0,0.0,-0.01,-1,-1,-0.01,-1,-1,-0.01,-1,-1,-0.01,-1,-1,-0.01,-1,-1,-0.01,-1,-1,-0.01,-1,-1,-0.01,-1,-1,-0.01,-1,-1,-0.01,-1,-1
99926009,2026-05-18 11:19:57+05:30,53116.65,0,0.0,0,0.0,0.0,53282.15,53308.4,52783.45,53710.35,0,0.0,0.0,0.0,0.0,-0.01,-1,-1,-0.01,-1,-1,-0.01,-1,-1,-0.01,-1,-1,-0.01,-1,-1,-0.01,-1,-1,-0.01,-1,-1,-0.01,-1,-1,-0.01,-1,-1,-0.01,-1,-1
99926009,2026-05-18 11:19:58+05:30,53112.35,0,0.0,0,0.0,0.0,53282.15,53308.4,52783.45,53710.35,0,0.0,0.0,0.0,0.0,-0.01,-1,-1,-0.01,-1,-1,-0.01,-1,-1,-0.01,-1,-1,-0.01,-1,-1,-0.01,-1,-1,-0.01,-1,-1,-0.01,-1,-1,-0.01,-1,-1,-0.01,-1,-1
99926009,2026-05-18 11:19:58+05:30,53113.65,0,0.0,0,0.0,0.0,53282.15,53308.4,52783.45,53710.35,0,0.0,0.0,0.0,0.0,-0.01,-1,-1,-0.01,-1,-1,-0.01,-1,-1,-0.01,-1,-1,-0.01,-1,-1,-0.01,-1,-1,-0.01,-1,-1,-0.01,-1,-1,-0.01,-1,-1,-0.01,-1,-1
99926009,2026-05-18 11:19:59+05:30,53109.55,0,0.0,0,0.0,0.0,53282.15,53308.4,52783.45,53710.35,0,0.0,0.0,0.0,0.0,-0.01,-1,-1,-0.01,-1,-1,-0.01,-1,-1,-0.01,-1,-1,-0.01,-1,-1,-0.01,-1,-1,-0.01,-1,-1,-0.01,-1,-1,-0.01,-1,-1,-0.01,-1,-1
99926009,2026-05-18 11:19:59+05:30,53112.65,0,0.0,0,0.0,0.0,53282.15,53308.4,52783.45,53710.35,0,0.0,0.0,0.0,0.0,-0.01,-1,-1,-0.01,-1,-1,-0.01,-1,-1,-0.01,-1,-1,-0.01,-1,-1,-0.01,-1,-1,-0.01,-1,-1,-0.01,-1,-1,-0.01,-1,-1,-0.01,-1,-1
99926009,2026-05-18 11:20:00+05:30,53112.75,0,0.0,0,0.0,0.0,53282.15,53308.4,52783.45,53710.35,0,0.0,0.0,0.0,0.0,-0.01,-1,-1,-0.01,-1,-1,-0.01,-1,-1,-0.01,-1,-1,-0.01,-1,-1,-0.01,-1,-1,-0.01,-1,-1,-0.01,-1,-1,-0.01,-1,-1,-0.01,-1,-1
99926009,2026-05-18 11:20:00+05:30,53113.75,0,0.0,0,0.0,0.0,53282.15,53308.4,52783.45,53710.35,0,0.0,0.0,0.0,0.0,-0.01,-1,-1,-0.01,-1,-1,-0.01,-1,-1,-0.01,-1,-1,-0.01,-1,-1,-0.01,-1,-1,-0.01,-1,-1,-0.01,-1,-1,-0.01,-1,-1,-0.01,-1,-1
99926009,2026-05-18 11:20:01+05:30,53114.05,0,0.0,0,0.0,0.0,53282.15,53308.4,52783.45,53710.35,0,0.0,0.0,0.0,0.0,-0.01,-1,-1,-0.01,-1,-1,-0.01,-1,-1,-0.01,-1,-1,-0.01,-1,-1,-0.01,-1,-1,-0.01,-1,-1,-0.01,-1,-1,-0.01,-1,-1,-0.01,-1,-1
99926009,2026-05-18 11:20:01+05:30,53108.85,0,0.0,0,0.0,0.0,53282.15,53308.4,52783.45,53710.35,0,0.0,0.0,0.0,0.0,-0.01,-1,-1,-0.01,-1,-1,-0.01,-1,-1,-0.01,-1,-1,-0.01,-1,-1,-0.01,-1,-1,-0.01,-1,-1,-0.01,-1,-1,-0.01,-1,-1,-0.01,-1,-1
99926009,2026-05-18 11:20:02+05:30,53109.85,0,0.0,0,0.0,0.0,53282.15,53308.4,52783.45,53710.35,0,0.0,0.0,0.0,0.0,-0.01,-1,-1,-0.01,-1,-1,-0.01,-1,-1,-0.01,-1,-1,-0.01,-1,-1,-0.01,-1,-1,-0.01,-1,-1,-0.01,-1,-1,-0.01,-1,-1,-0.01,-1,-1
99926009,2026-05-18 11:20:02+05:30,53105.55,0,0.0,0,0.0,0.0,53282.15,53308.4,52783.45,53710.35,0,0.0,0.0,0.0,0.0,-0.01,-1,-1,-0.01,-1,-1,-0.01,-1,-1,-0.01,-1,-1,-0.01,-1,-1,-0.01,-1,-1,-0.01,-1,-1,-0.01,-1,-1,-0.01,-1,-1,-0.01,-1,-1
99926009,2026-05-18 11:20:03+05:30,53105.8,0,0.0,0,0.0,0.0,53282.15,53308.4,52783.45,53710.35,0,0.0,0.0,0.0,0.0,-0.01,-1,-1,-0.01,-1,-1,-0.01,-1,-1,-0.01,-1,-1,-0.01,-1,-1,-0.01,-1,-1,-0.01,-1,-1,-0.01,-1,-1,-0.01,-1,-1,-0.01,-1,-1
99926009,2026-05-18 11:20:03+05:30,53105.65,0,0.0,0,0.0,0.0,53282.15,53308.4,52783.45,53710.35,0,0.0,0.0,0.0,0.0,-0.01,-1,-1,-0.01,-1,-1,-0.01,-1,-1,-0.01,-1,-1,-0.01,-1,-1,-0.01,-1,-1,-0.01,-1,-1,-0.01,-1,-1,-0.01,-1,-1,-0.01,-1,-1
99926009,2026-05-18 11:20:04+05:30,53105.5,0,0.0,0,0.0,0.0,53282.15,53308.4,52783.45,53710.35,0,0.0,0.0,0.0,0.0,-0.01,-1,-1,-0.01,-1,-1,-0.01,-1,-1,-0.01,-1,-1,-0.01,-1,-1,-0.01,-1,-1,-0.01,-1,-1,-0.01,-1,-1,-0.01,-1,-1,-0.01,-1,-1
99926009,2026-05-18 11:20:04+05:30,53105.0,0,0.0,0,0.0,0.0,53282.15,53308.4,52783.45,53710.35,0,0.0,0.0,0.0,0.0,-0.01,-1,-1,-0.01,-1,-1,-0.01,-1,-1,-0.01,-1,-1,-0.01,-1,-1,-0.01,-1,-1,-0.01,-1,-1,-0.01,-1,-1,-0.01,-1,-1,-0.01,-1,-1
99926009,2026-05-18 11:20:05+05:30,53104.6,0,0.0,0,0.0,0.0,53282.15,53308.4,52783.45,53710.35,0,0.0,0.0,0.0,0.0,-0.01,-1,-1,-0.01,-1,-1,-0.01,-1,-1,-0.01,-1,-1,-0.01,-1,-1,-0.01,-1,-1,-0.01,-1,-1,-0.01,-1,-1,-0.01,-1,-1,-0.01,-1,-1
99926009,2026-05-18 11:20:05+05:30,53104.3,0,0.0,0,0.0,0.0,53282.15,53308.4,52783.45,53710.35,0,0.0,0.0,0.0,0.0,-0.01,-1,-1,-0.01,-1,-1,-0.01,-1,-1,-0.01,-1,-1,-0.01,-1,-1,-0.01,-1,-1,-0.01,-1,-1,-0.01,-1,-1,-0.01,-1,-1,-0.01,-1,-1
99926009,2026-05-18 11:20:06+05:30,53105.0,0,0.0,0,0.0,0.0,53282.15,53308.4,52783.45,53710.35,0,0.0,0.0,0.0,0.0,-0.01,-1,-1,-0.01,-1,-1,-0.01,-1,-1,-0.01,-1,-1,-0.01,-1,-1,-0.01,-1,-1,-0.01,-1,-1,-0.01,-1,-1,-0.01,-1,-1,-0.01,-1,-1
99926009,2026-05-18 11:20:06+05:30,53103.05,0,0.0,0,0.0,0.0,53282.15,53308.4,52783.45,53710.35,0,0.0,0.0,0.0,0.0,-0.01,-1,-1,-0.01,-1,-1,-0.01,-1,-1,-0.01,-1,-1,-0.01,-1,-1,-0.01,-1,-1,-0.01,-1,-1,-0.01,-1,-1,-0.01,-1,-1,-0.01,-1,-1
99926009,2026-05-18 11:20:07+05:30,53101.7,0,0.0,0,0.0,0.0,53282.15,53308.4,52783.45,53710.35,0,0.0,0.0,0.0,0.0,-0.01,-1,-1,-0.01,-1,-1,-0.01,-1,-1,-0.01,-1,-1,-0.01,-1,-1,-0.01,-1,-1,-0.01,-1,-1,-0.01,-1,-1,-0.01,-1,-1,-0.01,-1,-1
99926009,2026-05-18 11:20:07+05:30,53101.15,0,0.0,0,0.0,0.0,53282.15,53308.4,52783.45,53710.35,0,0.0,0.0,0.0,0.0,-0.01,-1,-1,-0.01,-1,-1,-0.01,-1,-1,-0.01,-1,-1,-0.01,-1,-1,-0.01,-1,-1,-0.01,-1,-1,-0.01,-1,-1,-0.01,-1,-1,-0.01,-1,-1
99926009,2026-05-18 11:20:08+05:30,53102.0,0,0.0,0,0.0,0.0,53282.15,53308.4,52783.45,53710.35,0,0.0,0.0,0.0,0.0,-0.01,-1,-1,-0.01,-1,-1,-0.01,-1,-1,-0.01,-1,-1,-0.01,-1,-1,-0.01,-1,-1,-0.01,-1,-1,-0.01,-1,-1,-0.01,-1,-1,-0.01,-1,-1
99926009,2026-05-18 11:20:08+05:30,53099.25,0,0.0,0,0.0,0.0,53282.15,53308.4,52783.45,53710.35,0,0.0,0.0,0.0,0.0,-0.01,-1,-1,-0.01,-1,-1,-0.01,-1,-1,-0.01,-1,-1,-0.01,-1,-1,-0.01,-1,-1,-0.01,-1,-1,-0.01,-1,-1,-0.01,-1,-1,-0.01,-1,-1
99926009,2026-05-18 11:20:09+05:30,53100.4,0,0.0,0,0.0,0.0,53282.15,53308.4,52783.45,53710.35,0,0.0,0.0,0.0,0.0,-0.01,-1,-1,-0.01,-1,-1,-0.01,-1,-1,-0.01,-1,-1,-0.01,-1,-1,-0.01,-1,-1,-0.01,-1,-1,-0.01,-1,-1,-0.01,-1,-1,-0.01,-1,-1
99926009,2026-05-18 11:20:09+05:30,53103.15,0,0.0,0,0.0,0.0,53282.15,53308.4,52783.45,53710.35,0,0.0,0.0,0.0,0.0,-0.01,-1,-1,-0.01,-1,-1,-0.01,-1,-1,-0.01,-1,-1,-0.01,-1,-1,-0.01,-1,-1,-0.01,-1,-1,-0.01,-1,-1,-0.01,-1,-1,-0.01,-1,-1
99926009,2026-05-18 11:20:10+05:30,53102.3,0,0.0,0,0.0,0.0,53282.15,53308.4,52783.45,53710.35,0,0.0,0.0,0.0,0.0,-0.01,-1,-1,-0.01,-1,-1,-0.01,-1,-1,-0.01,-1,-1,-0.01,-1,-1,-0.01,-1,-1,-0.01,-1,-1,-0.01,-1,-1,-0.01,-1,-1,-0.01,-1,-1
99926009,2026-05-18 11:20:10+05:30,53104.35,0,0.0,0,0.0,0.0,53282.15,53308.4,52783.45,53710.35,0,0.0,0.0,0.0,0.0,-0.01,-1,-1,-0.01,-1,-1,-0.01,-1,-1,-0.01,-1,-1,-0.01,-1,-1,-0.01,-1,-1,-0.01,-1,-1,-0.01,-1,-1,-0.01,-1,-1,-0.01,-1,-1
99926009,2026-05-18 11:20:11+05:30,53104.35,0,0.0,0,0.0,0.0,53282.15,53308.4,52783.45,53710.35,0,0.0,0.0,0.0,0.0,-0.01,-1,-1,-0.01,-1,-1,-0.01,-1,-1,-0.01,-1,-1,-0.01,-1,-1,-0.01,-1,-1,-0.01,-1,-1,-0.01,-1,-1,-0.01,-1,-1,-0.01,-1,-1
99926009,2026-05-18 11:20:11+05:30,53103.85,0,0.0,0,0.0,0.0,53282.15,53308.4,52783.45,53710.35,0,0.0,0.0,0.0,0.0,-0.01,-1,-1,-0.01,-1,-1,-0.01,-1,-1,-0.01,-1,-1,-0.01,-1,-1,-0.01,-1,-1,-0.01,-1,-1,-0.01,-1,-1,-0.01,-1,-1,-0.01,-1,-1
99926009,2026-05-18 11:20:12+05:30,53100.6,0,0.0,0,0.0,0.0,53282.15,53308.4,52783.45,53710.35,0,0.0,0.0,0.0,0.0,-0.01,-1,-1,-0.01,-1,-1,-0.01,-1,-1,-0.01,-1,-1,-0.01,-1,-1,-0.01,-1,-1,-0.01,-1,-1,-0.01,-1,-1,-0.01,-1,-1,-0.01,-1,-1
99926009,2026-05-18 11:20:12+05:30,53099.95,0,0.0,0,0.0,0.0,53282.15,53308.4,52783.45,53710.35,0,0.0,0.0,0.0,0.0,-0.01,-1,-1,-0.01,-1,-1,-0.01,-1,-1,-0.01,-1,-1,-0.01,-1,-1,-0.01,-1,-1,-0.01,-1,-1,-0.01,-1,-1,-0.01,-1,-1,-0.01,-1,-1
99926009,2026-05-18 11:20:13+05:30,53102.7,0,0.0,0,0.0,0.0,53282.15,53308.4,52783.45,53710.35,0,0.0,0.0,0.0,0.0,-0.01,-1,-1,-0.01,-1,-1,-0.01,-1,-1,-0.01,-1,-1,-0.01,-1,-1,-0.01,-1,-1,-0.01,-1,-1,-0.01,-1,-1,-0.01,-1,-1,-0.01,-1,-1
99926009,2026-05-18 11:20:13+05:30,53098.95,0,0.0,0,0.0,0.0,53282.15,53308.4,52783.45,53710.35,0,0.0,0.0,0.0,0.0,-0.01,-1,-1,-0.01,-1,-1,-0.01,-1,-1,-0.01,-1,-1,-0.01,-1,-1,-0.01,-1,-1,-0.01,-1,-1,-0.01,-1,-1,-0.01,-1,-1,-0.01,-1,-1
99926009,2026-05-18 11:20:14+05:30,53100.55,0,0.0,0,0.0,0.0,53282.15,53308.4,52783.45,53710.35,0,0.0,0.0,0.0,0.0,-0.01,-1,-1,-0.01,-1,-1,-0.01,-1,-1,-0.01,-1,-1,-0.01,-1,-1,-0.01,-1,-1,-0.01,-1,-1,-0.01,-1,-1,-0.01,-1,-1,-0.01,-1,-1
99926009,2026-05-18 11:20:14+05:30,53100.35,0,0.0,0,0.0,0.0,53282.15,53308.4,52783.45,53710.35,0,0.0,0.0,0.0,0.0,-0.01,-1,-1,-0.01,-1,-1,-0.01,-1,-1,-0.01,-1,-1,-0.01,-1,-1,-0.01,-1,-1,-0.01,-1,-1,-0.01,-1,-1,-0.01,-1,-1,-0.01,-1,-1
99926009,2026-05-18 11:20:15+05:30,53098.8,0,0.0,0,0.0,0.0,53282.15,53308.4,52783.45,53710.35,0,0.0,0.0,0.0,0.0,-0.01,-1,-1,-0.01,-1,-1,-0.01,-1,-1,-0.01,-1,-1,-0.01,-1,-1,-0.01,-1,-1,-0.01,-1,-1,-0.01,-1,-1,-0.01,-1,-1,-0.01,-1,-1
99926009,2026-05-18 11:20:15+05:30,53102.65,0,0.0,0,0.0,0.0,53282.15,53308.4,52783.45,53710.35,0,0.0,0.0,0.0,0.0,-0.01,-1,-1,-0.01,-1,-1,-0.01,-1,-1,-0.01,-1,-1,-0.01,-1,-1,-0.01,-1,-1,-0.01,-1,-1,-0.01,-1,-1,-0.01,-1,-1,-0.01,-1,-1
99926009,2026-05-18 11:20:16+05:30,53101.25,0,0.0,0,0.0,0.0,53282.15,53308.4,52783.45,53710.35,0,0.0,0.0,0.0,0.0,-0.01,-1,-1,-0.01,-1,-1,-0.01,-1,-1,-0.01,-1,-1,-0.01,-1,-1,-0.01,-1,-1,-0.01,-1,-1,-0.01,-1,-1,-0.01,-1,-1,-0.01,-1,-1
99926009,2026-05-18 11:20:16+05:30,53100.9,0,0.0,0,0.0,0.0,53282.15,53308.4,52783.45,53710.35,0,0.0,0.0,0.0,0.0,-0.01,-1,-1,-0.01,-1,-1,-0.01,-1,-1,-0.01,-1,-1,-0.01,-1,-1,-0.01,-1,-1,-0.01,-1,-1,-0.01,-1,-1,-0.01,-1,-1,-0.01,-1,-1
99926009,2026-05-18 11:20:17+05:30,53097.5,0,0.0,0,0.0,0.0,53282.15,53308.4,52783.45,53710.35,0,0.0,0.0,0.0,0.0,-0.01,-1,-1,-0.01,-1,-1,-0.01,-1,-1,-0.01,-1,-1,-0.01,-1,-1,-0.01,-1,-1,-0.01,-1,-1,-0.01,-1,-1,-0.01,-1,-1,-0.01,-1,-1
99926009,2026-05-18 11:20:17+05:30,53101.15,0,0.0,0,0.0,0.0,53282.15,53308.4,52783.45,53710.35,0,0.0,0.0,0.0,0.0,-0.01,-1,-1,-0.01,-1,-1,-0.01,-1,-1,-0.01,-1,-1,-0.01,-1,-1,-0.01,-1,-1,-0.01,-1,-1,-0.01,-1,-1,-0.01,-1,-1,-0.01,-1,-1
99926009,2026-05-18 11:20:18+05:30,53098.85,0,0.0,0,0.0,0.0,53282.15,53308.4,52783.45,53710.35,0,0.0,0.0,0.0,0.0,-0.01,-1,-1,-0.01,-1,-1,-0.01,-1,-1,-0.01,-1,-1,-0.01,-1,-1,-0.01,-1,-1,-0.01,-1,-1,-0.01,-1,-1,-0.01,-1,-1,-0.01,-1,-1
99926009,2026-05-18 11:20:18+05:30,53099.8,0,0.0,0,0.0,0.0,53282.15,53308.4,52783.45,53710.35,0,0.0,0.0,0.0,0.0,-0.01,-1,-1,-0.01,-1,-1,-0.01,-1,-1,-0.01,-1,-1,-0.01,-1,-1,-0.01,-1,-1,-0.01,-1,-1,-0.01,-1,-1,-0.01,-1,-1,-0.01,-1,-1
99926009,2026-05-18 11:20:19+05:30,53099.15,0,0.0,0,0.0,0.0,53282.15,53308.4,52783.45,53710.35,0,0.0,0.0,0.0,0.0,-0.01,-1,-1,-0.01,-1,-1,-0.01,-1,-1,-0.01,-1,-1,-0.01,-1,-1,-0.01,-1,-1,-0.01,-1,-1,-0.01,-1,-1,-0.01,-1,-1,-0.01,-1,-1
99926009,2026-05-18 11:20:19+05:30,53098.1,0,0.0,0,0.0,0.0,53282.15,53308.4,52783.45,53710.35,0,0.0,0.0,0.0,0.0,-0.01,-1,-1,-0.01,-1,-1,-0.01,-1,-1,-0.01,-1,-1,-0.01,-1,-1,-0.01,-1,-1,-0.01,-1,-1,-0.01,-1,-1,-0.01,-1,-1,-0.01,-1,-1
99926009,2026-05-18 11:20:20+05:30,53093.55,0,0.0,0,0.0,0.0,53282.15,53308.4,52783.45,53710.35,0,0.0,0.0,0.0,0.0,-0.01,-1,-1,-0.01,-1,-1,-0.01,-1,-1,-0.01,-1,-1,-0.01,-1,-1,-0.01,-1,-1,-0.01,-1,-1,-0.01,-1,-1,-0.01,-1,-1,-0.01,-1,-1
99926009,2026-05-18 11:20:20+05:30,53092.65,0,0.0,0,0.0,0.0,53282.15,53308.4,52783.45,53710.35,0,0.0,0.0,0.0,0.0,-0.01,-1,-1,-0.01,-1,-1,-0.01,-1,-1,-0.01,-1,-1,-0.01,-1,-1,-0.01,-1,-1,-0.01,-1,-1,-0.01,-1,-1,-0.01,-1,-1,-0.01,-1,-1
99926009,2026-05-18 11:20:21+05:30,53091.6,0,0.0,0,0.0,0.0,53282.15,53308.4,52783.45,53710.35,0,0.0,0.0,0.0,0.0,-0.01,-1,-1,-0.01,-1,-1,-0.01,-1,-1,-0.01,-1,-1,-0.01,-1,-1,-0.01,-1,-1,-0.01,-1,-1,-0.01,-1,-1,-0.01,-1,-1,-0.01,-1,-1
99926009,2026-05-18 11:20:21+05:30,53093.5,0,0.0,0,0.0,0.0,53282.15,53308.4,52783.45,53710.35,0,0.0,0.0,0.0,0.0,-0.01,-1,-1,-0.01,-1,-1,-0.01,-1,-1,-0.01,-1,-1,-0.01,-1,-1,-0.01,-1,-1,-0.01,-1,-1,-0.01,-1,-1,-0.01,-1,-1,-0.01,-1,-1
99926009,2026-05-18 11:20:22+05:30,53089.7,0,0.0,0,0.0,0.0,53282.15,53308.4,52783.45,53710.35,0,0.0,0.0,0.0,0.0,-0.01,-1,-1,-0.01,-1,-1,-0.01,-1,-1,-0.01,-1,-1,-0.01,-1,-1,-0.01,-1,-1,-0.01,-1,-1,-0.01,-1,-1,-0.01,-1,-1,-0.01,-1,-1
99926009,2026-05-18 11:20:22+05:30,53090.2,0,0.0,0,0.0,0.0,53282.15,53308.4,52783.45,53710.35,0,0.0,0.0,0.0,0.0,-0.01,-1,-1,-0.01,-1,-1,-0.01,-1,-1,-0.01,-1,-1,-0.01,-1,-1,-0.01,-1,-1,-0.01,-1,-1,-0.01,-1,-1,-0.01,-1,-1,-0.01,-1,-1
99926009,2026-05-18 11:20:23+05:30,53091.85,0,0.0,0,0.0,0.0,53282.15,53308.4,52783.45,53710.35,0,0.0,0.0,0.0,0.0,-0.01,-1,-1,-0.01,-1,-1,-0.01,-1,-1,-0.01,-1,-1,-0.01,-1,-1,-0.01,-1,-1,-0.01,-1,-1,-0.01,-1,-1,-0.01,-1,-1,-0.01,-1,-1
99926009,2026-05-18 11:20:23+05:30,53089.35,0,0.0,0,0.0,0.0,53282.15,53308.4,52783.45,53710.35,0,0.0,0.0,0.0,0.0,-0.01,-1,-1,-0.01,-1,-1,-0.01,-1,-1,-0.01,-1,-1,-0.01,-1,-1,-0.01,-1,-1,-0.01,-1,-1,-0.01,-1,-1,-0.01,-1,-1,-0.01,-1,-1
99926009,2026-05-18 11:20:24+05:30,53090.55,0,0.0,0,0.0,0.0,53282.15,53308.4,52783.45,53710.35,0,0.0,0.0,0.0,0.0,-0.01,-1,-1,-0.01,-1,-1,-0.01,-1,-1,-0.01,-1,-1,-0.01,-1,-1,-0.01,-1,-1,-0.01,-1,-1,-0.01,-1,-1,-0.01,-1,-1,-0.01,-1,-1
99926009,2026-05-18 11:20:24+05:30,53095.25,0,0.0,0,0.0,0.0,53282.15,53308.4,52783.45,53710.35,0,0.0,0.0,0.0,0.0,-0.01,-1,-1,-0.01,-1,-1,-0.01,-1,-1,-0.01,-1,-1,-0.01,-1,-1,-0.01,-1,-1,-0.01,-1,-1,-0.01,-1,-1,-0.01,-1,-1,-0.01,-1,-1
99926009,2026-05-18 11:20:25+05:30,53097.25,0,0.0,0,0.0,0.0,53282.15,53308.4,52783.45,53710.35,0,0.0,0.0,0.0,0.0,-0.01,-1,-1,-0.01,-1,-1,-0.01,-1,-1,-0.01,-1,-1,-0.01,-1,-1,-0.01,-1,-1,-0.01,-1,-1,-0.01,-1,-1,-0.01,-1,-1,-0.01,-1,-1
99926009,2026-05-18 11:20:25+05:30,53100.6,0,0.0,0,0.0,0.0,53282.15,53308.4,52783.45,53710.35,0,0.0,0.0,0.0,0.0,-0.01,-1,-1,-0.01,-1,-1,-0.01,-1,-1,-0.01,-1,-1,-0.01,-1,-1,-0.01,-1,-1,-0.01,-1,-1,-0.01,-1,-1,-0.01,-1,-1,-0.01,-1,-1
99926009,2026-05-18 11:20:26+05:30,53103.45,0,0.0,0,0.0,0.0,53282.15,53308.4,52783.45,53710.35,0,0.0,0.0,0.0,0.0,-0.01,-1,-1,-0.01,-1,-1,-0.01,-1,-1,-0.01,-1,-1,-0.01,-1,-1,-0.01,-1,-1,-0.01,-1,-1,-0.01,-1,-1,-0.01,-1,-1,-0.01,-1,-1
99926009,2026-05-18 11:20:26+05:30,53103.4,0,0.0,0,0.0,0.0,53282.15,53308.4,52783.45,53710.35,0,0.0,0.0,0.0,0.0,-0.01,-1,-1,-0.01,-1,-1,-0.01,-1,-1,-0.01,-1,-1,-0.01,-1,-1,-0.01,-1,-1,-0.01,-1,-1,-0.01,-1,-1,-0.01,-1,-1,-0.01,-1,-1
99926009,2026-05-18 11:20:27+05:30,53101.25,0,0.0,0,0.0,0.0,53282.15,53308.4,52783.45,53710.35,0,0.0,0.0,0.0,0.0,-0.01,-1,-1,-0.01,-1,-1,-0.01,-1,-1,-0.01,-1,-1,-0.01,-1,-1,-0.01,-1,-1,-0.01,-1,-1,-0.01,-1,-1,-0.01,-1,-1,-0.01,-1,-1
99926009,2026-05-18 11:20:27+05:30,53101.85,0,0.0,0,0.0,0.0,53282.15,53308.4,52783.45,53710.35,0,0.0,0.0,0.0,0.0,-0.01,-1,-1,-0.01,-1,-1,-0.01,-1,-1,-0.01,-1,-1,-0.01,-1,-1,-0.01,-1,-1,-0.01,-1,-1,-0.01,-1,-1,-0.01,-1,-1,-0.01,-1,-1
99926009,2026-05-18 11:20:28+05:30,53101.85,0,0.0,0,0.0,0.0,53282.15,53308.4,52783.45,53710.35,0,0.0,0.0,0.0,0.0,-0.01,-1,-1,-0.01,-1,-1,-0.01,-1,-1,-0.01,-1,-1,-0.01,-1,-1,-0.01,-1,-1,-0.01,-1,-1,-0.01,-1,-1,-0.01,-1,-1,-0.01,-1,-1
99926009,2026-05-18 11:20:28+05:30,53100.45,0,0.0,0,0.0,0.0,53282.15,53308.4,52783.45,53710.35,0,0.0,0.0,0.0,0.0,-0.01,-1,-1,-0.01,-1,-1,-0.01,-1,-1,-0.01,-1,-1,-0.01,-1,-1,-0.01,-1,-1,-0.01,-1,-1,-0.01,-1,-1,-0.01,-1,-1,-0.01,-1,-1
99926009,2026-05-18 11:20:29+05:30,53102.5,0,0.0,0,0.0,0.0,53282.15,53308.4,52783.45,53710.35,0,0.0,0.0,0.0,0.0,-0.01,-1,-1,-0.01,-1,-1,-0.01,-1,-1,-0.01,-1,-1,-0.01,-1,-1,-0.01,-1,-1,-0.01,-1,-1,-0.01,-1,-1,-0.01,-1,-1,-0.01,-1,-1
99926009,2026-05-18 11:20:29+05:30,53100.95,0,0.0,0,0.0,0.0,53282.15,53308.4,52783.45,53710.35,0,0.0,0.0,0.0,0.0,-0.01,-1,-1,-0.01,-1,-1,-0.01,-1,-1,-0.01,-1,-1,-0.01,-1,-1,-0.01,-1,-1,-0.01,-1,-1,-0.01,-1,-1,-0.01,-1,-1,-0.01,-1,-1
99926009,2026-05-18 11:20:30+05:30,53102.9,0,0.0,0,0.0,0.0,53282.15,53308.4,52783.45,53710.35,0,0.0,0.0,0.0,0.0,-0.01,-1,-1,-0.01,-1,-1,-0.01,-1,-1,-0.01,-1,-1,-0.01,-1,-1,-0.01,-1,-1,-0.01,-1,-1,-0.01,-1,-1,-0.01,-1,-1,-0.01,-1,-1
99926009,2026-05-18 11:20:30+05:30,53099.45,0,0.0,0,0.0,0.0,53282.15,53308.4,52783.45,53710.35,0,0.0,0.0,0.0,0.0,-0.01,-1,-1,-0.01,-1,-1,-0.01,-1,-1,-0.01,-1,-1,-0.01,-1,-1,-0.01,-1,-1,-0.01,-1,-1,-0.01,-1,-1,-0.01,-1,-1,-0.01,-1,-1
99926009,2026-05-18 11:20:31+05:30,53100.0,0,0.0,0,0.0,0.0,53282.15,53308.4,52783.45,53710.35,0,0.0,0.0,0.0,0.0,-0.01,-1,-1,-0.01,-1,-1,-0.01,-1,-1,-0.01,-1,-1,-0.01,-1,-1,-0.01,-1,-1,-0.01,-1,-1,-0.01,-1,-1,-0.01,-1,-1,-0.01,-1,-1
99926009,2026-05-18 11:20:31+05:30,53098.5,0,0.0,0,0.0,0.0,53282.15,53308.4,52783.45,53710.35,0,0.0,0.0,0.0,0.0,-0.01,-1,-1,-0.01,-1,-1,-0.01,-1,-1,-0.01,-1,-1,-0.01,-1,-1,-0.01,-1,-1,-0.01,-1,-1,-0.01,-1,-1,-0.01,-1,-1,-0.01,-1,-1
99926009,2026-05-18 11:20:32+05:30,53098.85,0,0.0,0,0.0,0.0,53282.15,53308.4,52783.45,53710.35,0,0.0,0.0,0.0,0.0,-0.01,-1,-1,-0.01,-1,-1,-0.01,-1,-1,-0.01,-1,-1,-0.01,-1,-1,-0.01,-1,-1,-0.01,-1,-1,-0.01,-1,-1,-0.01,-1,-1,-0.01,-1,-1
99926009,2026-05-18 11:20:32+05:30,53099.15,0,0.0,0,0.0,0.0,53282.15,53308.4,52783.45,53710.35,0,0.0,0.0,0.0,0.0,-0.01,-1,-1,-0.01,-1,-1,-0.01,-1,-1,-0.01,-1,-1,-0.01,-1,-1,-0.01,-1,-1,-0.01,-1,-1,-0.01,-1,-1,-0.01,-1,-1,-0.01,-1,-1
99926009,2026-05-18 11:20:33+05:30,53097.95,0,0.0,0,0.0,0.0,53282.15,53308.4,52783.45,53710.35,0,0.0,0.0,0.0,0.0,-0.01,-1,-1,-0.01,-1,-1,-0.01,-1,-1,-0.01,-1,-1,-0.01,-1,-1,-0.01,-1,-1,-0.01,-1,-1,-0.01,-1,-1,-0.01,-1,-1,-0.01,-1,-1
99926009,2026-05-18 11:20:33+05:30,53099.8,0,0.0,0,0.0,0.0,53282.15,53308.4,52783.45,53710.35,0,0.0,0.0,0.0,0.0,-0.01,-1,-1,-0.01,-1,-1,-0.01,-1,-1,-0.01,-1,-1,-0.01,-1,-1,-0.01,-1,-1,-0.01,-1,-1,-0.01,-1,-1,-0.01,-1,-1,-0.01,-1,-1
99926009,2026-05-18 11:20:34+05:30,53099.8,0,0.0,0,0.0,0.0,53282.15,53308.4,52783.45,53710.35,0,0.0,0.0,0.0,0.0,-0.01,-1,-1,-0.01,-1,-1,-0.01,-1,-1,-0.01,-1,-1,-0.01,-1,-1,-0.01,-1,-1,-0.01,-1,-1,-0.01,-1,-1,-0.01,-1,-1,-0.01,-1,-1
99926009,2026-05-18 11:20:34+05:30,53099.05,0,0.0,0,0.0,0.0,53282.15,53308.4,52783.45,53710.35,0,0.0,0.0,0.0,0.0,-0.01,-1,-1,-0.01,-1,-1,-0.01,-1,-1,-0.01,-1,-1,-0.01,-1,-1,-0.01,-1,-1,-0.01,-1,-1,-0.01,-1,-1,-0.01,-1,-1,-0.01,-1,-1
99926009,2026-05-18 11:20:35+05:30,53099.75,0,0.0,0,0.0,0.0,53282.15,53308.4,52783.45,53710.35,0,0.0,0.0,0.0,0.0,-0.01,-1,-1,-0.01,-1,-1,-0.01,-1,-1,-0.01,-1,-1,-0.01,-1,-1,-0.01,-1,-1,-0.01,-1,-1,-0.01,-1,-1,-0.01,-1,-1,-0.01,-1,-1
99926009,2026-05-18 11:20:35+05:30,53099.8,0,0.0,0,0.0,0.0,53282.15,53308.4,52783.45,53710.35,0,0.0,0.0,0.0,0.0,-0.01,-1,-1,-0.01,-1,-1,-0.01,-1,-1,-0.01,-1,-1,-0.01,-1,-1,-0.01,-1,-1,-0.01,-1,-1,-0.01,-1,-1,-0.01,-1,-1,-0.01,-1,-1
99926009,2026-05-18 11:20:36+05:30,53096.6,0,0.0,0,0.0,0.0,53282.15,53308.4,52783.45,53710.35,0,0.0,0.0,0.0,0.0,-0.01,-1,-1,-0.01,-1,-1,-0.01,-1,-1,-0.01,-1,-1,-0.01,-1,-1,-0.01,-1,-1,-0.01,-1,-1,-0.01,-1,-1,-0.01,-1,-1,-0.01,-1,-1
99926009,2026-05-18 11:20:36+05:30,53098.7,0,0.0,0,0.0,0.0,53282.15,53308.4,52783.45,53710.35,0,0.0,0.0,0.0,0.0,-0.01,-1,-1,-0.01,-1,-1,-0.01,-1,-1,-0.01,-1,-1,-0.01,-1,-1,-0.01,-1,-1,-0.01,-1,-1,-0.01,-1,-1,-0.01,-1,-1,-0.01,-1,-1
99926009,2026-05-18 11:20:37+05:30,53098.5,0,0.0,0,0.0,0.0,53282.15,53308.4,52783.45,53710.35,0,0.0,0.0,0.0,0.0,-0.01,-1,-1,-0.01,-1,-1,-0.01,-1,-1,-0.01,-1,-1,-0.01,-1,-1,-0.01,-1,-1,-0.01,-1,-1,-0.01,-1,-1,-0.01,-1,-1,-0.01,-1,-1
99926009,2026-05-18 11:20:37+05:30,53097.85,0,0.0,0,0.0,0.0,53282.15,53308.4,52783.45,53710.35,0,0.0,0.0,0.0,0.0,-0.01,-1,-1,-0.01,-1,-1,-0.01,-1,-1,-0.01,-1,-1,-0.01,-1,-1,-0.01,-1,-1,-0.01,-1,-1,-0.01,-1,-1,-0.01,-1,-1,-0.01,-1,-1
99926009,2026-05-18 11:20:38+05:30,53097.05,0,0.0,0,0.0,0.0,53282.15,53308.4,52783.45,53710.35,0,0.0,0.0,0.0,0.0,-0.01,-1,-1,-0.01,-1,-1,-0.01,-1,-1,-0.01,-1,-1,-0.01,-1,-1,-0.01,-1,-1,-0.01,-1,-1,-0.01,-1,-1,-0.01,-1,-1,-0.01,-1,-1
99926009,2026-05-18 11:20:38+05:30,53096.3,0,0.0,0,0.0,0.0,53282.15,53308.4,52783.45,53710.35,0,0.0,0.0,0.0,0.0,-0.01,-1,-1,-0.01,-1,-1,-0.01,-1,-1,-0.01,-1,-1,-0.01,-1,-1,-0.01,-1,-1,-0.01,-1,-1,-0.01,-1,-1,-0.01,-1,-1,-0.01,-1,-1
99926009,2026-05-18 11:20:39+05:30,53097.0,0,0.0,0,0.0,0.0,53282.15,53308.4,52783.45,53710.35,0,0.0,0.0,0.0,0.0,-0.01,-1,-1,-0.01,-1,-1,-0.01,-1,-1,-0.01,-1,-1,-0.01,-1,-1,-0.01,-1,-1,-0.01,-1,-1,-0.01,-1,-1,-0.01,-1,-1,-0.01,-1,-1
99926009,2026-05-18 11:20:39+05:30,53096.4,0,0.0,0,0.0,0.0,53282.15,53308.4,52783.45,53710.35,0,0.0,0.0,0.0,0.0,-0.01,-1,-1,-0.01,-1,-1,-0.01,-1,-1,-0.01,-1,-1,-0.01,-1,-1,-0.01,-1,-1,-0.01,-1,-1,-0.01,-1,-1,-0.01,-1,-1,-0.01,-1,-1
99926009,2026-05-18 11:20:40+05:30,53098.55,0,0.0,0,0.0,0.0,53282.15,53308.4,52783.45,53710.35,0,0.0,0.0,0.0,0.0,-0.01,-1,-1,-0.01,-1,-1,-0.01,-1,-1,-0.01,-1,-1,-0.01,-1,-1,-0.01,-1,-1,-0.01,-1,-1,-0.01,-1,-1,-0.01,-1,-1,-0.01,-1,-1
99926009,2026-05-18 11:20:40+05:30,53099.15,0,0.0,0,0.0,0.0,53282.15,53308.4,52783.45,53710.35,0,0.0,0.0,0.0,0.0,-0.01,-1,-1,-0.01,-1,-1,-0.01,-1,-1,-0.01,-1,-1,-0.01,-1,-1,-0.01,-1,-1,-0.01,-1,-1,-0.01,-1,-1,-0.01,-1,-1,-0.01,-1,-1
99926009,2026-05-18 11:20:41+05:30,53098.4,0,0.0,0,0.0,0.0,53282.15,53308.4,52783.45,53710.35,0,0.0,0.0,0.0,0.0,-0.01,-1,-1,-0.01,-1,-1,-0.01,-1,-1,-0.01,-1,-1,-0.01,-1,-1,-0.01,-1,-1,-0.01,-1,-1,-0.01,-1,-1,-0.01,-1,-1,-0.01,-1,-1
99926009,2026-05-18 11:20:41+05:30,53099.85,0,0.0,0,0.0,0.0,53282.15,53308.4,52783.45,53710.35,0,0.0,0.0,0.0,0.0,-0.01,-1,-1,-0.01,-1,-1,-0.01,-1,-1,-0.01,-1,-1,-0.01,-1,-1,-0.01,-1,-1,-0.01,-1,-1,-0.01,-1,-1,-0.01,-1,-1,-0.01,-1,-1
99926009,2026-05-18 11:20:42+05:30,53097.4,0,0.0,0,0.0,0.0,53282.15,53308.4,52783.45,53710.35,0,0.0,0.0,0.0,0.0,-0.01,-1,-1,-0.01,-1,-1,-0.01,-1,-1,-0.01,-1,-1,-0.01,-1,-1,-0.01,-1,-1,-0.01,-1,-1,-0.01,-1,-1,-0.01,-1,-1,-0.01,-1,-1
99926009,2026-05-18 11:20:42+05:30,53099.25,0,0.0,0,0.0,0.0,53282.15,53308.4,52783.45,53710.35,0,0.0,0.0,0.0,0.0,-0.01,-1,-1,-0.01,-1,-1,-0.01,-1,-1,-0.01,-1,-1,-0.01,-1,-1,-0.01,-1,-1,-0.01,-1,-1,-0.01,-1,-1,-0.01,-1,-1,-0.01,-1,-1
99926009,2026-05-18 11:20:43+05:30,53099.55,0,0.0,0,0.0,0.0,53282.15,53308.4,52783.45,53710.35,0,0.0,0.0,0.0,0.0,-0.01,-1,-1,-0.01,-1,-1,-0.01,-1,-1,-0.01,-1,-1,-0.01,-1,-1,-0.01,-1,-1,-0.01,-1,-1,-0.01,-1,-1,-0.01,-1,-1,-0.01,-1,-1
99926009,2026-05-18 11:20:43+05:30,53101.1,0,0.0,0,0.0,0.0,53282.15,53308.4,52783.45,53710.35,0,0.0,0.0,0.0,0.0,-0.01,-1,-1,-0.01,-1,-1,-0.01,-1,-1,-0.01,-1,-1,-0.01,-1,-1,-0.01,-1,-1,-0.01,-1,-1,-0.01,-1,-1,-0.01,-1,-1,-0.01,-1,-1
99926009,2026-05-18 11:20:44+05:30,53100.75,0,0.0,0,0.0,0.0,53282.15,53308.4,52783.45,53710.35,0,0.0,0.0,0.0,0.0,-0.01,-1,-1,-0.01,-1,-1,-0.01,-1,-1,-0.01,-1,-1,-0.01,-1,-1,-0.01,-1,-1,-0.01,-1,-1,-0.01,-1,-1,-0.01,-1,-1,-0.01,-1,-1
99926009,2026-05-18 11:20:44+05:30,53098.7,0,0.0,0,0.0,0.0,53282.15,53308.4,52783.45,53710.35,0,0.0,0.0,0.0,0.0,-0.01,-1,-1,-0.01,-1,-1,-0.01,-1,-1,-0.01,-1,-1,-0.01,-1,-1,-0.01,-1,-1,-0.01,-1,-1,-0.01,-1,-1,-0.01,-1,-1,-0.01,-1,-1
99926009,2026-05-18 11:20:45+05:30,53100.6,0,0.0,0,0.0,0.0,53282.15,53308.4,52783.45,53710.35,0,0.0,0.0,0.0,0.0,-0.01,-1,-1,-0.01,-1,-1,-0.01,-1,-1,-0.01,-1,-1,-0.01,-1,-1,-0.01,-1,-1,-0.01,-1,-1,-0.01,-1,-1,-0.01,-1,-1,-0.01,-1,-1
99926009,2026-05-18 11:20:45+05:30,53101.15,0,0.0,0,0.0,0.0,53282.15,53308.4,52783.45,53710.35,0,0.0,0.0,0.0,0.0,-0.01,-1,-1,-0.01,-1,-1,-0.01,-1,-1,-0.01,-1,-1,-0.01,-1,-1,-0.01,-1,-1,-0.01,-1,-1,-0.01,-1,-1,-0.01,-1,-1,-0.01,-1,-1
99926009,2026-05-18 11:20:46+05:30,53102.1,0,0.0,0,0.0,0.0,53282.15,53308.4,52783.45,53710.35,0,0.0,0.0,0.0,0.0,-0.01,-1,-1,-0.01,-1,-1,-0.01,-1,-1,-0.01,-1,-1,-0.01,-1,-1,-0.01,-1,-1,-0.01,-1,-1,-0.01,-1,-1,-0.01,-1,-1,-0.01,-1,-1
99926009,2026-05-18 11:20:46+05:30,53102.95,0,0.0,0,0.0,0.0,53282.15,53308.4,52783.45,53710.35,0,0.0,0.0,0.0,0.0,-0.01,-1,-1,-0.01,-1,-1,-0.01,-1,-1,-0.01,-1,-1,-0.01,-1,-1,-0.01,-1,-1,-0.01,-1,-1,-0.01,-1,-1,-0.01,-1,-1,-0.01,-1,-1
99926009,2026-05-18 11:20:47+05:30,53102.25,0,0.0,0,0.0,0.0,53282.15,53308.4,52783.45,53710.35,0,0.0,0.0,0.0,0.0,-0.01,-1,-1,-0.01,-1,-1,-0.01,-1,-1,-0.01,-1,-1,-0.01,-1,-1,-0.01,-1,-1,-0.01,-1,-1,-0.01,-1,-1,-0.01,-1,-1,-0.01,-1,-1
99926009,2026-05-18 11:20:47+05:30,53100.65,0,0.0,0,0.0,0.0,53282.15,53308.4,52783.45,53710.35,0,0.0,0.0,0.0,0.0,-0.01,-1,-1,-0.01,-1,-1,-0.01,-1,-1,-0.01,-1,-1,-0.01,-1,-1,-0.01,-1,-1,-0.01,-1,-1,-0.01,-1,-1,-0.01,-1,-1,-0.01,-1,-1
99926009,2026-05-18 11:20:48+05:30,53098.15,0,0.0,0,0.0,0.0,53282.15,53308.4,52783.45,53710.35,0,0.0,0.0,0.0,0.0,-0.01,-1,-1,-0.01,-1,-1,-0.01,-1,-1,-0.01,-1,-1,-0.01,-1,-1,-0.01,-1,-1,-0.01,-1,-1,-0.01,-1,-1,-0.01,-1,-1,-0.01,-1,-1
99926009,2026-05-18 11:20:48+05:30,53098.0,0,0.0,0,0.0,0.0,53282.15,53308.4,52783.45,53710.35,0,0.0,0.0,0.0,0.0,-0.01,-1,-1,-0.01,-1,-1,-0.01,-1,-1,-0.01,-1,-1,-0.01,-1,-1,-0.01,-1,-1,-0.01,-1,-1,-0.01,-1,-1,-0.01,-1,-1,-0.01,-1,-1
99926009,2026-05-18 11:20:49+05:30,53099.4,0,0.0,0,0.0,0.0,53282.15,53308.4,52783.45,53710.35,0,0.0,0.0,0.0,0.0,-0.01,-1,-1,-0.01,-1,-1,-0.01,-1,-1,-0.01,-1,-1,-0.01,-1,-1,-0.01,-1,-1,-0.01,-1,-1,-0.01,-1,-1,-0.01,-1,-1,-0.01,-1,-1
99926009,2026-05-18 11:20:49+05:30,53098.6,0,0.0,0,0.0,0.0,53282.15,53308.4,52783.45,53710.35,0,0.0,0.0,0.0,0.0,-0.01,-1,-1,-0.01,-1,-1,-0.01,-1,-1,-0.01,-1,-1,-0.01,-1,-1,-0.01,-1,-1,-0.01,-1,-1,-0.01,-1,-1,-0.01,-1,-1,-0.01,-1,-1
99926009,2026-05-18 11:20:50+05:30,53100.2,0,0.0,0,0.0,0.0,53282.15,53308.4,52783.45,53710.35,0,0.0,0.0,0.0,0.0,-0.01,-1,-1,-0.01,-1,-1,-0.01,-1,-1,-0.01,-1,-1,-0.01,-1,-1,-0.01,-1,-1,-0.01,-1,-1,-0.01,-1,-1,-0.01,-1,-1,-0.01,-1,-1
99926009,2026-05-18 11:20:50+05:30,53102.2,0,0.0,0,0.0,0.0,53282.15,53308.4,52783.45,53710.35,0,0.0,0.0,0.0,0.0,-0.01,-1,-1,-0.01,-1,-1,-0.01,-1,-1,-0.01,-1,-1,-0.01,-1,-1,-0.01,-1,-1,-0.01,-1,-1,-0.01,-1,-1,-0.01,-1,-1,-0.01,-1,-1
99926009,2026-05-18 11:20:51+05:30,53104.6,0,0.0,0,0.0,0.0,53282.15,53308.4,52783.45,53710.35,0,0.0,0.0,0.0,0.0,-0.01,-1,-1,-0.01,-1,-1,-0.01,-1,-1,-0.01,-1,-1,-0.01,-1,-1,-0.01,-1,-1,-0.01,-1,-1,-0.01,-1,-1,-0.01,-1,-1,-0.01,-1,-1
99926009,2026-05-18 11:20:51+05:30,53102.65,0,0.0,0,0.0,0.0,53282.15,53308.4,52783.45,53710.35,0,0.0,0.0,0.0,0.0,-0.01,-1,-1,-0.01,-1,-1,-0.01,-1,-1,-0.01,-1,-1,-0.01,-1,-1,-0.01,-1,-1,-0.01,-1,-1,-0.01,-1,-1,-0.01,-1,-1,-0.01,-1,-1
99926009,2026-05-18 11:20:52+05:30,53102.3,0,0.0,0,0.0,0.0,53282.15,53308.4,52783.45,53710.35,0,0.0,0.0,0.0,0.0,-0.01,-1,-1,-0.01,-1,-1,-0.01,-1,-1,-0.01,-1,-1,-0.01,-1,-1,-0.01,-1,-1,-0.01,-1,-1,-0.01,-1,-1,-0.01,-1,-1,-0.01,-1,-1
99926009,2026-05-18 11:20:52+05:30,53098.9,0,0.0,0,0.0,0.0,53282.15,53308.4,52783.45,53710.35,0,0.0,0.0,0.0,0.0,-0.01,-1,-1,-0.01,-1,-1,-0.01,-1,-1,-0.01,-1,-1,-0.01,-1,-1,-0.01,-1,-1,-0.01,-1,-1,-0.01,-1,-1,-0.01,-1,-1,-0.01,-1,-1
99926009,2026-05-18 11:20:53+05:30,53099.1,0,0.0,0,0.0,0.0,53282.15,53308.4,52783.45,53710.35,0,0.0,0.0,0.0,0.0,-0.01,-1,-1,-0.01,-1,-1,-0.01,-1,-1,-0.01,-1,-1,-0.01,-1,-1,-0.01,-1,-1,-0.01,-1,-1,-0.01,-1,-1,-0.01,-1,-1,-0.01,-1,-1
99926009,2026-05-18 11:20:53+05:30,53099.6,0,0.0,0,0.0,0.0,53282.15,53308.4,52783.45,53710.35,0,0.0,0.0,0.0,0.0,-0.01,-1,-1,-0.01,-1,-1,-0.01,-1,-1,-0.01,-1,-1,-0.01,-1,-1,-0.01,-1,-1,-0.01,-1,-1,-0.01,-1,-1,-0.01,-1,-1,-0.01,-1,-1
99926009,2026-05-18 11:20:54+05:30,53097.55,0,0.0,0,0.0,0.0,53282.15,53308.4,52783.45,53710.35,0,0.0,0.0,0.0,0.0,-0.01,-1,-1,-0.01,-1,-1,-0.01,-1,-1,-0.01,-1,-1,-0.01,-1,-1,-0.01,-1,-1,-0.01,-1,-1,-0.01,-1,-1,-0.01,-1,-1,-0.01,-1,-1
99926009,2026-05-18 11:20:54+05:30,53096.9,0,0.0,0,0.0,0.0,53282.15,53308.4,52783.45,53710.35,0,0.0,0.0,0.0,0.0,-0.01,-1,-1,-0.01,-1,-1,-0.01,-1,-1,-0.01,-1,-1,-0.01,-1,-1,-0.01,-1,-1,-0.01,-1,-1,-0.01,-1,-1,-0.01,-1,-1,-0.01,-1,-1
99926009,2026-05-18 11:20:55+05:30,53099.5,0,0.0,0,0.0,0.0,53282.15,53308.4,52783.45,53710.35,0,0.0,0.0,0.0,0.0,-0.01,-1,-1,-0.01,-1,-1,-0.01,-1,-1,-0.01,-1,-1,-0.01,-1,-1,-0.01,-1,-1,-0.01,-1,-1,-0.01,-1,-1,-0.01,-1,-1,-0.01,-1,-1
99926009,2026-05-18 11:20:55+05:30,53100.05,0,0.0,0,0.0,0.0,53282.15,53308.4,52783.45,53710.35,0,0.0,0.0,0.0,0.0,-0.01,-1,-1,-0.01,-1,-1,-0.01,-1,-1,-0.01,-1,-1,-0.01,-1,-1,-0.01,-1,-1,-0.01,-1,-1,-0.01,-1,-1,-0.01,-1,-1,-0.01,-1,-1
99926009,2026-05-18 11:20:56+05:30,53098.55,0,0.0,0,0.0,0.0,53282.15,53308.4,52783.45,53710.35,0,0.0,0.0,0.0,0.0,-0.01,-1,-1,-0.01,-1,-1,-0.01,-1,-1,-0.01,-1,-1,-0.01,-1,-1,-0.01,-1,-1,-0.01,-1,-1,-0.01,-1,-1,-0.01,-1,-1,-0.01,-1,-1
99926009,2026-05-18 11:20:56+05:30,53098.35,0,0.0,0,0.0,0.0,53282.15,53308.4,52783.45,53710.35,0,0.0,0.0,0.0,0.0,-0.01,-1,-1,-0.01,-1,-1,-0.01,-1,-1,-0.01,-1,-1,-0.01,-1,-1,-0.01,-1,-1,-0.01,-1,-1,-0.01,-1,-1,-0.01,-1,-1,-0.01,-1,-1
99926009,2026-05-18 11:20:57+05:30,53099.3,0,0.0,0,0.0,0.0,53282.15,53308.4,52783.45,53710.35,0,0.0,0.0,0.0,0.0,-0.01,-1,-1,-0.01,-1,-1,-0.01,-1,-1,-0.01,-1,-1,-0.01,-1,-1,-0.01,-1,-1,-0.01,-1,-1,-0.01,-1,-1,-0.01,-1,-1,-0.01,-1,-1
99926009,2026-05-18 11:20:57+05:30,53098.85,0,0.0,0,0.0,0.0,53282.15,53308.4,52783.45,53710.35,0,0.0,0.0,0.0,0.0,-0.01,-1,-1,-0.01,-1,-1,-0.01,-1,-1,-0.01,-1,-1,-0.01,-1,-1,-0.01,-1,-1,-0.01,-1,-1,-0.01,-1,-1,-0.01,-1,-1,-0.01,-1,-1
99926009,2026-05-18 11:20:58+05:30,53100.25,0,0.0,0,0.0,0.0,53282.15,53308.4,52783.45,53710.35,0,0.0,0.0,0.0,0.0,-0.01,-1,-1,-0.01,-1,-1,-0.01,-1,-1,-0.01,-1,-1,-0.01,-1,-1,-0.01,-1,-1,-0.01,-1,-1,-0.01,-1,-1,-0.01,-1,-1,-0.01,-1,-1
99926009,2026-05-18 11:20:58+05:30,53101.1,0,0.0,0,0.0,0.0,53282.15,53308.4,52783.45,53710.35,0,0.0,0.0,0.0,0.0,-0.01,-1,-1,-0.01,-1,-1,-0.01,-1,-1,-0.01,-1,-1,-0.01,-1,-1,-0.01,-1,-1,-0.01,-1,-1,-0.01,-1,-1,-0.01,-1,-1,-0.01,-1,-1
99926009,2026-05-18 11:20:59+05:30,53100.9,0,0.0,0,0.0,0.0,53282.15,53308.4,52783.45,53710.35,0,0.0,0.0,0.0,0.0,-0.01,-1,-1,-0.01,-1,-1,-0.01,-1,-1,-0.01,-1,-1,-0.01,-1,-1,-0.01,-1,-1,-0.01,-1,-1,-0.01,-1,-1,-0.01,-1,-1,-0.01,-1,-1
99926009,2026-05-18 11:20:59+05:30,53100.6,0,0.0,0,0.0,0.0,53282.15,53308.4,52783.45,53710.35,0,0.0,0.0,0.0,0.0,-0.01,-1,-1,-0.01,-1,-1,-0.01,-1,-1,-0.01,-1,-1,-0.01,-1,-1,-0.01,-1,-1,-0.01,-1,-1,-0.01,-1,-1,-0.01,-1,-1,-0.01,-1,-1
99926009,2026-05-18 11:21:00+05:30,53101.25,0,0.0,0,0.0,0.0,53282.15,53308.4,52783.45,53710.35,0,0.0,0.0,0.0,0.0,-0.01,-1,-1,-0.01,-1,-1,-0.01,-1,-1,-0.01,-1,-1,-0.01,-1,-1,-0.01,-1,-1,-0.01,-1,-1,-0.01,-1,-1,-0.01,-1,-1,-0.01,-1,-1
99926009,2026-05-18 11:21:00+05:30,53098.55,0,0.0,0,0.0,0.0,53282.15,53308.4,52783.45,53710.35,0,0.0,0.0,0.0,0.0,-0.01,-1,-1,-0.01,-1,-1,-0.01,-1,-1,-0.01,-1,-1,-0.01,-1,-1,-0.01,-1,-1,-0.01,-1,-1,-0.01,-1,-1,-0.01,-1,-1,-0.01,-1,-1
99926009,2026-05-18 11:21:01+05:30,53100.15,0,0.0,0,0.0,0.0,53282.15,53308.4,52783.45,53710.35,0,0.0,0.0,0.0,0.0,-0.01,-1,-1,-0.01,-1,-1,-0.01,-1,-1,-0.01,-1,-1,-0.01,-1,-1,-0.01,-1,-1,-0.01,-1,-1,-0.01,-1,-1,-0.01,-1,-1,-0.01,-1,-1
99926009,2026-05-18 11:21:01+05:30,53099.5,0,0.0,0,0.0,0.0,53282.15,53308.4,52783.45,53710.35,0,0.0,0.0,0.0,0.0,-0.01,-1,-1,-0.01,-1,-1,-0.01,-1,-1,-0.01,-1,-1,-0.01,-1,-1,-0.01,-1,-1,-0.01,-1,-1,-0.01,-1,-1,-0.01,-1,-1,-0.01,-1,-1
99926009,2026-05-18 11:21:02+05:30,53099.65,0,0.0,0,0.0,0.0,53282.15,53308.4,52783.45,53710.35,0,0.0,0.0,0.0,0.0,-0.01,-1,-1,-0.01,-1,-1,-0.01,-1,-1,-0.01,-1,-1,-0.01,-1,-1,-0.01,-1,-1,-0.01,-1,-1,-0.01,-1,-1,-0.01,-1,-1,-0.01,-1,-1
99926009,2026-05-18 11:21:02+05:30,53097.75,0,0.0,0,0.0,0.0,53282.15,53308.4,52783.45,53710.35,0,0.0,0.0,0.0,0.0,-0.01,-1,-1,-0.01,-1,-1,-0.01,-1,-1,-0.01,-1,-1,-0.01,-1,-1,-0.01,-1,-1,-0.01,-1,-1,-0.01,-1,-1,-0.01,-1,-1,-0.01,-1,-1
99926009,2026-05-18 11:21:03+05:30,53097.3,0,0.0,0,0.0,0.0,53282.15,53308.4,52783.45,53710.35,0,0.0,0.0,0.0,0.0,-0.01,-1,-1,-0.01,-1,-1,-0.01,-1,-1,-0.01,-1,-1,-0.01,-1,-1,-0.01,-1,-1,-0.01,-1,-1,-0.01,-1,-1,-0.01,-1,-1,-0.01,-1,-1
99926009,2026-05-18 11:21:03+05:30,53098.15,0,0.0,0,0.0,0.0,53282.15,53308.4,52783.45,53710.35,0,0.0,0.0,0.0,0.0,-0.01,-1,-1,-0.01,-1,-1,-0.01,-1,-1,-0.01,-1,-1,-0.01,-1,-1,-0.01,-1,-1,-0.01,-1,-1,-0.01,-1,-1,-0.01,-1,-1,-0.01,-1,-1
99926009,2026-05-18 11:21:04+05:30,53095.9,0,0.0,0,0.0,0.0,53282.15,53308.4,52783.45,53710.35,0,0.0,0.0,0.0,0.0,-0.01,-1,-1,-0.01,-1,-1,-0.01,-1,-1,-0.01,-1,-1,-0.01,-1,-1,-0.01,-1,-1,-0.01,-1,-1,-0.01,-1,-1,-0.01,-1,-1,-0.01,-1,-1
99926009,2026-05-18 11:21:04+05:30,53096.05,0,0.0,0,0.0,0.0,53282.15,53308.4,52783.45,53710.35,0,0.0,0.0,0.0,0.0,-0.01,-1,-1,-0.01,-1,-1,-0.01,-1,-1,-0.01,-1,-1,-0.01,-1,-1,-0.01,-1,-1,-0.01,-1,-1,-0.01,-1,-1,-0.01,-1,-1,-0.01,-1,-1
99926009,2026-05-18 11:21:05+05:30,53093.3,0,0.0,0,0.0,0.0,53282.15,53308.4,52783.45,53710.35,0,0.0,0.0,0.0,0.0,-0.01,-1,-1,-0.01,-1,-1,-0.01,-1,-1,-0.01,-1,-1,-0.01,-1,-1,-0.01,-1,-1,-0.01,-1,-1,-0.01,-1,-1,-0.01,-1,-1,-0.01,-1,-1
99926009,2026-05-18 11:21:05+05:30,53093.1,0,0.0,0,0.0,0.0,53282.15,53308.4,52783.45,53710.35,0,0.0,0.0,0.0,0.0,-0.01,-1,-1,-0.01,-1,-1,-0.01,-1,-1,-0.01,-1,-1,-0.01,-1,-1,-0.01,-1,-1,-0.01,-1,-1,-0.01,-1,-1,-0.01,-1,-1,-0.01,-1,-1
99926009,2026-05-18 11:21:06+05:30,53093.0,0,0.0,0,0.0,0.0,53282.15,53308.4,52783.45,53710.35,0,0.0,0.0,0.0,0.0,-0.01,-1,-1,-0.01,-1,-1,-0.01,-1,-1,-0.01,-1,-1,-0.01,-1,-1,-0.01,-1,-1,-0.01,-1,-1,-0.01,-1,-1,-0.01,-1,-1,-0.01,-1,-1
99926009,2026-05-18 11:21:06+05:30,53094.2,0,0.0,0,0.0,0.0,53282.15,53308.4,52783.45,53710.35,0,0.0,0.0,0.0,0.0,-0.01,-1,-1,-0.01,-1,-1,-0.01,-1,-1,-0.01,-1,-1,-0.01,-1,-1,-0.01,-1,-1,-0.01,-1,-1,-0.01,-1,-1,-0.01,-1,-1,-0.01,-1,-1
99926009,2026-05-18 11:21:07+05:30,53093.05,0,0.0,0,0.0,0.0,53282.15,53308.4,52783.45,53710.35,0,0.0,0.0,0.0,0.0,-0.01,-1,-1,-0.01,-1,-1,-0.01,-1,-1,-0.01,-1,-1,-0.01,-1,-1,-0.01,-1,-1,-0.01,-1,-1,-0.01,-1,-1,-0.01,-1,-1,-0.01,-1,-1
99926009,2026-05-18 11:21:07+05:30,53093.1,0,0.0,0,0.0,0.0,53282.15,53308.4,52783.45,53710.35,0,0.0,0.0,0.0,0.0,-0.01,-1,-1,-0.01,-1,-1,-0.01,-1,-1,-0.01,-1,-1,-0.01,-1,-1,-0.01,-1,-1,-0.01,-1,-1,-0.01,-1,-1,-0.01,-1,-1,-0.01,-1,-1
99926009,2026-05-18 11:21:08+05:30,53092.05,0,0.0,0,0.0,0.0,53282.15,53308.4,52783.45,53710.35,0,0.0,0.0,0.0,0.0,-0.01,-1,-1,-0.01,-1,-1,-0.01,-1,-1,-0.01,-1,-1,-0.01,-1,-1,-0.01,-1,-1,-0.01,-1,-1,-0.01,-1,-1,-0.01,-1,-1,-0.01,-1,-1
99926009,2026-05-18 11:21:08+05:30,53095.5,0,0.0,0,0.0,0.0,53282.15,53308.4,52783.45,53710.35,0,0.0,0.0,0.0,0.0,-0.01,-1,-1,-0.01,-1,-1,-0.01,-1,-1,-0.01,-1,-1,-0.01,-1,-1,-0.01,-1,-1,-0.01,-1,-1,-0.01,-1,-1,-0.01,-1,-1,-0.01,-1,-1
99926009,2026-05-18 11:21:09+05:30,53094.5,0,0.0,0,0.0,0.0,53282.15,53308.4,52783.45,53710.35,0,0.0,0.0,0.0,0.0,-0.01,-1,-1,-0.01,-1,-1,-0.01,-1,-1,-0.01,-1,-1,-0.01,-1,-1,-0.01,-1,-1,-0.01,-1,-1,-0.01,-1,-1,-0.01,-1,-1,-0.01,-1,-1
99926009,2026-05-18 11:21:09+05:30,53093.95,0,0.0,0,0.0,0.0,53282.15,53308.4,52783.45,53710.35,0,0.0,0.0,0.0,0.0,-0.01,-1,-1,-0.01,-1,-1,-0.01,-1,-1,-0.01,-1,-1,-0.01,-1,-1,-0.01,-1,-1,-0.01,-1,-1,-0.01,-1,-1,-0.01,-1,-1,-0.01,-1,-1
99926009,2026-05-18 11:21:10+05:30,53094.95,0,0.0,0,0.0,0.0,53282.15,53308.4,52783.45,53710.35,0,0.0,0.0,0.0,0.0,-0.01,-1,-1,-0.01,-1,-1,-0.01,-1,-1,-0.01,-1,-1,-0.01,-1,-1,-0.01,-1,-1,-0.01,-1,-1,-0.01,-1,-1,-0.01,-1,-1,-0.01,-1,-1
99926009,2026-05-18 11:21:10+05:30,53093.35,0,0.0,0,0.0,0.0,53282.15,53308.4,52783.45,53710.35,0,0.0,0.0,0.0,0.0,-0.01,-1,-1,-0.01,-1,-1,-0.01,-1,-1,-0.01,-1,-1,-0.01,-1,-1,-0.01,-1,-1,-0.01,-1,-1,-0.01,-1,-1,-0.01,-1,-1,-0.01,-1,-1
99926009,2026-05-18 11:21:11+05:30,53092.4,0,0.0,0,0.0,0.0,53282.15,53308.4,52783.45,53710.35,0,0.0,0.0,0.0,0.0,-0.01,-1,-1,-0.01,-1,-1,-0.01,-1,-1,-0.01,-1,-1,-0.01,-1,-1,-0.01,-1,-1,-0.01,-1,-1,-0.01,-1,-1,-0.01,-1,-1,-0.01,-1,-1
99926009,2026-05-18 11:21:11+05:30,53090.05,0,0.0,0,0.0,0.0,53282.15,53308.4,52783.45,53710.35,0,0.0,0.0,0.0,0.0,-0.01,-1,-1,-0.01,-1,-1,-0.01,-1,-1,-0.01,-1,-1,-0.01,-1,-1,-0.01,-1,-1,-0.01,-1,-1,-0.01,-1,-1,-0.01,-1,-1,-0.01,-1,-1
99926009,2026-05-18 11:21:12+05:30,53088.9,0,0.0,0,0.0,0.0,53282.15,53308.4,52783.45,53710.35,0,0.0,0.0,0.0,0.0,-0.01,-1,-1,-0.01,-1,-1,-0.01,-1,-1,-0.01,-1,-1,-0.01,-1,-1,-0.01,-1,-1,-0.01,-1,-1,-0.01,-1,-1,-0.01,-1,-1,-0.01,-1,-1
99926009,2026-05-18 11:21:12+05:30,53087.85,0,0.0,0,0.0,0.0,53282.15,53308.4,52783.45,53710.35,0,0.0,0.0,0.0,0.0,-0.01,-1,-1,-0.01,-1,-1,-0.01,-1,-1,-0.01,-1,-1,-0.01,-1,-1,-0.01,-1,-1,-0.01,-1,-1,-0.01,-1,-1,-0.01,-1,-1,-0.01,-1,-1
99926009,2026-05-18 11:21:13+05:30,53089.4,0,0.0,0,0.0,0.0,53282.15,53308.4,52783.45,53710.35,0,0.0,0.0,0.0,0.0,-0.01,-1,-1,-0.01,-1,-1,-0.01,-1,-1,-0.01,-1,-1,-0.01,-1,-1,-0.01,-1,-1,-0.01,-1,-1,-0.01,-1,-1,-0.01,-1,-1,-0.01,-1,-1
99926009,2026-05-18 11:21:13+05:30,53088.55,0,0.0,0,0.0,0.0,53282.15,53308.4,52783.45,53710.35,0,0.0,0.0,0.0,0.0,-0.01,-1,-1,-0.01,-1,-1,-0.01,-1,-1,-0.01,-1,-1,-0.01,-1,-1,-0.01,-1,-1,-0.01,-1,-1,-0.01,-1,-1,-0.01,-1,-1,-0.01,-1,-1
99926009,2026-05-18 11:21:14+05:30,53087.3,0,0.0,0,0.0,0.0,53282.15,53308.4,52783.45,53710.35,0,0.0,0.0,0.0,0.0,-0.01,-1,-1,-0.01,-1,-1,-0.01,-1,-1,-0.01,-1,-1,-0.01,-1,-1,-0.01,-1,-1,-0.01,-1,-1,-0.01,-1,-1,-0.01,-1,-1,-0.01,-1,-1
99926009,2026-05-18 11:21:14+05:30,53085.75,0,0.0,0,0.0,0.0,53282.15,53308.4,52783.45,53710.35,0,0.0,0.0,0.0,0.0,-0.01,-1,-1,-0.01,-1,-1,-0.01,-1,-1,-0.01,-1,-1,-0.01,-1,-1,-0.01,-1,-1,-0.01,-1,-1,-0.01,-1,-1,-0.01,-1,-1,-0.01,-1,-1
99926009,2026-05-18 11:21:15+05:30,53086.0,0,0.0,0,0.0,0.0,53282.15,53308.4,52783.45,53710.35,0,0.0,0.0,0.0,0.0,-0.01,-1,-1,-0.01,-1,-1,-0.01,-1,-1,-0.01,-1,-1,-0.01,-1,-1,-0.01,-1,-1,-0.01,-1,-1,-0.01,-1,-1,-0.01,-1,-1,-0.01,-1,-1
99926009,2026-05-18 11:21:15+05:30,53090.15,0,0.0,0,0.0,0.0,53282.15,53308.4,52783.45,53710.35,0,0.0,0.0,0.0,0.0,-0.01,-1,-1,-0.01,-1,-1,-0.01,-1,-1,-0.01,-1,-1,-0.01,-1,-1,-0.01,-1,-1,-0.01,-1,-1,-0.01,-1,-1,-0.01,-1,-1,-0.01,-1,-1
99926009,2026-05-18 11:21:16+05:30,53089.85,0,0.0,0,0.0,0.0,53282.15,53308.4,52783.45,53710.35,0,0.0,0.0,0.0,0.0,-0.01,-1,-1,-0.01,-1,-1,-0.01,-1,-1,-0.01,-1,-1,-0.01,-1,-1,-0.01,-1,-1,-0.01,-1,-1,-0.01,-1,-1,-0.01,-1,-1,-0.01,-1,-1
99926009,2026-05-18 11:21:16+05:30,53090.6,0,0.0,0,0.0,0.0,53282.15,53308.4,52783.45,53710.35,0,0.0,0.0,0.0,0.0,-0.01,-1,-1,-0.01,-1,-1,-0.01,-1,-1,-0.01,-1,-1,-0.01,-1,-1,-0.01,-1,-1,-0.01,-1,-1,-0.01,-1,-1,-0.01,-1,-1,-0.01,-1,-1
99926009,2026-05-18 11:21:17+05:30,53091.5,0,0.0,0,0.0,0.0,53282.15,53308.4,52783.45,53710.35,0,0.0,0.0,0.0,0.0,-0.01,-1,-1,-0.01,-1,-1,-0.01,-1,-1,-0.01,-1,-1,-0.01,-1,-1,-0.01,-1,-1,-0.01,-1,-1,-0.01,-1,-1,-0.01,-1,-1,-0.01,-1,-1
99926009,2026-05-18 11:21:17+05:30,53090.6,0,0.0,0,0.0,0.0,53282.15,53308.4,52783.45,53710.35,0,0.0,0.0,0.0,0.0,-0.01,-1,-1,-0.01,-1,-1,-0.01,-1,-1,-0.01,-1,-1,-0.01,-1,-1,-0.01,-1,-1,-0.01,-1,-1,-0.01,-1,-1,-0.01,-1,-1,-0.01,-1,-1
99926009,2026-05-18 11:21:18+05:30,53090.05,0,0.0,0,0.0,0.0,53282.15,53308.4,52783.45,53710.35,0,0.0,0.0,0.0,0.0,-0.01,-1,-1,-0.01,-1,-1,-0.01,-1,-1,-0.01,-1,-1,-0.01,-1,-1,-0.01,-1,-1,-0.01,-1,-1,-0.01,-1,-1,-0.01,-1,-1,-0.01,-1,-1
99926009,2026-05-18 11:21:18+05:30,53087.9,0,0.0,0,0.0,0.0,53282.15,53308.4,52783.45,53710.35,0,0.0,0.0,0.0,0.0,-0.01,-1,-1,-0.01,-1,-1,-0.01,-1,-1,-0.01,-1,-1,-0.01,-1,-1,-0.01,-1,-1,-0.01,-1,-1,-0.01,-1,-1,-0.01,-1,-1,-0.01,-1,-1
99926009,2026-05-18 11:21:19+05:30,53089.9,0,0.0,0,0.0,0.0,53282.15,53308.4,52783.45,53710.35,0,0.0,0.0,0.0,0.0,-0.01,-1,-1,-0.01,-1,-1,-0.01,-1,-1,-0.01,-1,-1,-0.01,-1,-1,-0.01,-1,-1,-0.01,-1,-1,-0.01,-1,-1,-0.01,-1,-1,-0.01,-1,-1
99926009,2026-05-18 11:21:19+05:30,53085.35,0,0.0,0,0.0,0.0,53282.15,53308.4,52783.45,53710.35,0,0.0,0.0,0.0,0.0,-0.01,-1,-1,-0.01,-1,-1,-0.01,-1,-1,-0.01,-1,-1,-0.01,-1,-1,-0.01,-1,-1,-0.01,-1,-1,-0.01,-1,-1,-0.01,-1,-1,-0.01,-1,-1
99926009,2026-05-18 11:21:20+05:30,53084.4,0,0.0,0,0.0,0.0,53282.15,53308.4,52783.45,53710.35,0,0.0,0.0,0.0,0.0,-0.01,-1,-1,-0.01,-1,-1,-0.01,-1,-1,-0.01,-1,-1,-0.01,-1,-1,-0.01,-1,-1,-0.01,-1,-1,-0.01,-1,-1,-0.01,-1,-1,-0.01,-1,-1
99926009,2026-05-18 11:21:20+05:30,53081.3,0,0.0,0,0.0,0.0,53282.15,53308.4,52783.45,53710.35,0,0.0,0.0,0.0,0.0,-0.01,-1,-1,-0.01,-1,-1,-0.01,-1,-1,-0.01,-1,-1,-0.01,-1,-1,-0.01,-1,-1,-0.01,-1,-1,-0.01,-1,-1,-0.01,-1,-1,-0.01,-1,-1
99926009,2026-05-18 11:21:21+05:30,53081.1,0,0.0,0,0.0,0.0,53282.15,53308.4,52783.45,53710.35,0,0.0,0.0,0.0,0.0,-0.01,-1,-1,-0.01,-1,-1,-0.01,-1,-1,-0.01,-1,-1,-0.01,-1,-1,-0.01,-1,-1,-0.01,-1,-1,-0.01,-1,-1,-0.01,-1,-1,-0.01,-1,-1
99926009,2026-05-18 11:21:21+05:30,53083.35,0,0.0,0,0.0,0.0,53282.15,53308.4,52783.45,53710.35,0,0.0,0.0,0.0,0.0,-0.01,-1,-1,-0.01,-1,-1,-0.01,-1,-1,-0.01,-1,-1,-0.01,-1,-1,-0.01,-1,-1,-0.01,-1,-1,-0.01,-1,-1,-0.01,-1,-1,-0.01,-1,-1
99926009,2026-05-18 11:21:22+05:30,53080.9,0,0.0,0,0.0,0.0,53282.15,53308.4,52783.45,53710.35,0,0.0,0.0,0.0,0.0,-0.01,-1,-1,-0.01,-1,-1,-0.01,-1,-1,-0.01,-1,-1,-0.01,-1,-1,-0.01,-1,-1,-0.01,-1,-1,-0.01,-1,-1,-0.01,-1,-1,-0.01,-1,-1
99926009,2026-05-18 11:21:22+05:30,53081.9,0,0.0,0,0.0,0.0,53282.15,53308.4,52783.45,53710.35,0,0.0,0.0,0.0,0.0,-0.01,-1,-1,-0.01,-1,-1,-0.01,-1,-1,-0.01,-1,-1,-0.01,-1,-1,-0.01,-1,-1,-0.01,-1,-1,-0.01,-1,-1,-0.01,-1,-1,-0.01,-1,-1
99926009,2026-05-18 11:21:23+05:30,53080.2,0,0.0,0,0.0,0.0,53282.15,53308.4,52783.45,53710.35,0,0.0,0.0,0.0,0.0,-0.01,-1,-1,-0.01,-1,-1,-0.01,-1,-1,-0.01,-1,-1,-0.01,-1,-1,-0.01,-1,-1,-0.01,-1,-1,-0.01,-1,-1,-0.01,-1,-1,-0.01,-1,-1
99926009,2026-05-18 11:21:23+05:30,53079.7,0,0.0,0,0.0,0.0,53282.15,53308.4,52783.45,53710.35,0,0.0,0.0,0.0,0.0,-0.01,-1,-1,-0.01,-1,-1,-0.01,-1,-1,-0.01,-1,-1,-0.01,-1,-1,-0.01,-1,-1,-0.01,-1,-1,-0.01,-1,-1,-0.01,-1,-1,-0.01,-1,-1
99926009,2026-05-18 11:21:24+05:30,53083.0,0,0.0,0,0.0,0.0,53282.15,53308.4,52783.45,53710.35,0,0.0,0.0,0.0,0.0,-0.01,-1,-1,-0.01,-1,-1,-0.01,-1,-1,-0.01,-1,-1,-0.01,-1,-1,-0.01,-1,-1,-0.01,-1,-1,-0.01,-1,-1,-0.01,-1,-1,-0.01,-1,-1
99926009,2026-05-18 11:21:24+05:30,53082.55,0,0.0,0,0.0,0.0,53282.15,53308.4,52783.45,53710.35,0,0.0,0.0,0.0,0.0,-0.01,-1,-1,-0.01,-1,-1,-0.01,-1,-1,-0.01,-1,-1,-0.01,-1,-1,-0.01,-1,-1,-0.01,-1,-1,-0.01,-1,-1,-0.01,-1,-1,-0.01,-1,-1
99926009,2026-05-18 11:21:25+05:30,53082.5,0,0.0,0,0.0,0.0,53282.15,53308.4,52783.45,53710.35,0,0.0,0.0,0.0,0.0,-0.01,-1,-1,-0.01,-1,-1,-0.01,-1,-1,-0.01,-1,-1,-0.01,-1,-1,-0.01,-1,-1,-0.01,-1,-1,-0.01,-1,-1,-0.01,-1,-1,-0.01,-1,-1
99926009,2026-05-18 11:21:25+05:30,53078.35,0,0.0,0,0.0,0.0,53282.15,53308.4,52783.45,53710.35,0,0.0,0.0,0.0,0.0,-0.01,-1,-1,-0.01,-1,-1,-0.01,-1,-1,-0.01,-1,-1,-0.01,-1,-1,-0.01,-1,-1,-0.01,-1,-1,-0.01,-1,-1,-0.01,-1,-1,-0.01,-1,-1
99926009,2026-05-18 11:21:26+05:30,53081.95,0,0.0,0,0.0,0.0,53282.15,53308.4,52783.45,53710.35,0,0.0,0.0,0.0,0.0,-0.01,-1,-1,-0.01,-1,-1,-0.01,-1,-1,-0.01,-1,-1,-0.01,-1,-1,-0.01,-1,-1,-0.01,-1,-1,-0.01,-1,-1,-0.01,-1,-1,-0.01,-1,-1
99926009,2026-05-18 11:21:26+05:30,53082.15,0,0.0,0,0.0,0.0,53282.15,53308.4,52783.45,53710.35,0,0.0,0.0,0.0,0.0,-0.01,-1,-1,-0.01,-1,-1,-0.01,-1,-1,-0.01,-1,-1,-0.01,-1,-1,-0.01,-1,-1,-0.01,-1,-1,-0.01,-1,-1,-0.01,-1,-1,-0.01,-1,-1
99926009,2026-05-18 11:21:27+05:30,53078.75,0,0.0,0,0.0,0.0,53282.15,53308.4,52783.45,53710.35,0,0.0,0.0,0.0,0.0,-0.01,-1,-1,-0.01,-1,-1,-0.01,-1,-1,-0.01,-1,-1,-0.01,-1,-1,-0.01,-1,-1,-0.01,-1,-1,-0.01,-1,-1,-0.01,-1,-1,-0.01,-1,-1
99926009,2026-05-18 11:21:27+05:30,53079.8,0,0.0,0,0.0,0.0,53282.15,53308.4,52783.45,53710.35,0,0.0,0.0,0.0,0.0,-0.01,-1,-1,-0.01,-1,-1,-0.01,-1,-1,-0.01,-1,-1,-0.01,-1,-1,-0.01,-1,-1,-0.01,-1,-1,-0.01,-1,-1,-0.01,-1,-1,-0.01,-1,-1
99926009,2026-05-18 11:21:28+05:30,53081.4,0,0.0,0,0.0,0.0,53282.15,53308.4,52783.45,53710.35,0,0.0,0.0,0.0,0.0,-0.01,-1,-1,-0.01,-1,-1,-0.01,-1,-1,-0.01,-1,-1,-0.01,-1,-1,-0.01,-1,-1,-0.01,-1,-1,-0.01,-1,-1,-0.01,-1,-1,-0.01,-1,-1
99926009,2026-05-18 11:21:28+05:30,53080.9,0,0.0,0,0.0,0.0,53282.15,53308.4,52783.45,53710.35,0,0.0,0.0,0.0,0.0,-0.01,-1,-1,-0.01,-1,-1,-0.01,-1,-1,-0.01,-1,-1,-0.01,-1,-1,-0.01,-1,-1,-0.01,-1,-1,-0.01,-1,-1,-0.01,-1,-1,-0.01,-1,-1
99926009,2026-05-18 11:21:29+05:30,53079.75,0,0.0,0,0.0,0.0,53282.15,53308.4,52783.45,53710.35,0,0.0,0.0,0.0,0.0,-0.01,-1,-1,-0.01,-1,-1,-0.01,-1,-1,-0.01,-1,-1,-0.01,-1,-1,-0.01,-1,-1,-0.01,-1,-1,-0.01,-1,-1,-0.01,-1,-1,-0.01,-1,-1
99926009,2026-05-18 11:21:29+05:30,53077.3,0,0.0,0,0.0,0.0,53282.15,53308.4,52783.45,53710.35,0,0.0,0.0,0.0,0.0,-0.01,-1,-1,-0.01,-1,-1,-0.01,-1,-1,-0.01,-1,-1,-0.01,-1,-1,-0.01,-1,-1,-0.01,-1,-1,-0.01,-1,-1,-0.01,-1,-1,-0.01,-1,-1
99926009,2026-05-18 11:21:30+05:30,53075.05,0,0.0,0,0.0,0.0,53282.15,53308.4,52783.45,53710.35,0,0.0,0.0,0.0,0.0,-0.01,-1,-1,-0.01,-1,-1,-0.01,-1,-1,-0.01,-1,-1,-0.01,-1,-1,-0.01,-1,-1,-0.01,-1,-1,-0.01,-1,-1,-0.01,-1,-1,-0.01,-1,-1
99926009,2026-05-18 11:21:30+05:30,53074.35,0,0.0,0,0.0,0.0,53282.15,53308.4,52783.45,53710.35,0,0.0,0.0,0.0,0.0,-0.01,-1,-1,-0.01,-1,-1,-0.01,-1,-1,-0.01,-1,-1,-0.01,-1,-1,-0.01,-1,-1,-0.01,-1,-1,-0.01,-1,-1,-0.01,-1,-1,-0.01,-1,-1
99926009,2026-05-18 11:21:31+05:30,53077.25,0,0.0,0,0.0,0.0,53282.15,53308.4,52783.45,53710.35,0,0.0,0.0,0.0,0.0,-0.01,-1,-1,-0.01,-1,-1,-0.01,-1,-1,-0.01,-1,-1,-0.01,-1,-1,-0.01,-1,-1,-0.01,-1,-1,-0.01,-1,-1,-0.01,-1,-1,-0.01,-1,-1
99926009,2026-05-18 11:21:31+05:30,53076.95,0,0.0,0,0.0,0.0,53282.15,53308.4,52783.45,53710.35,0,0.0,0.0,0.0,0.0,-0.01,-1,-1,-0.01,-1,-1,-0.01,-1,-1,-0.01,-1,-1,-0.01,-1,-1,-0.01,-1,-1,-0.01,-1,-1,-0.01,-1,-1,-0.01,-1,-1,-0.01,-1,-1
99926009,2026-05-18 11:21:32+05:30,53077.0,0,0.0,0,0.0,0.0,53282.15,53308.4,52783.45,53710.35,0,0.0,0.0,0.0,0.0,-0.01,-1,-1,-0.01,-1,-1,-0.01,-1,-1,-0.01,-1,-1,-0.01,-1,-1,-0.01,-1,-1,-0.01,-1,-1,-0.01,-1,-1,-0.01,-1,-1,-0.01,-1,-1
99926009,2026-05-18 11:21:32+05:30,53076.9,0,0.0,0,0.0,0.0,53282.15,53308.4,52783.45,53710.35,0,0.0,0.0,0.0,0.0,-0.01,-1,-1,-0.01,-1,-1,-0.01,-1,-1,-0.01,-1,-1,-0.01,-1,-1,-0.01,-1,-1,-0.01,-1,-1,-0.01,-1,-1,-0.01,-1,-1,-0.01,-1,-1
99926009,2026-05-18 11:21:33+05:30,53077.1,0,0.0,0,0.0,0.0,53282.15,53308.4,52783.45,53710.35,0,0.0,0.0,0.0,0.0,-0.01,-1,-1,-0.01,-1,-1,-0.01,-1,-1,-0.01,-1,-1,-0.01,-1,-1,-0.01,-1,-1,-0.01,-1,-1,-0.01,-1,-1,-0.01,-1,-1,-0.01,-1,-1
99926009,2026-05-18 11:21:33+05:30,53078.6,0,0.0,0,0.0,0.0,53282.15,53308.4,52783.45,53710.35,0,0.0,0.0,0.0,0.0,-0.01,-1,-1,-0.01,-1,-1,-0.01,-1,-1,-0.01,-1,-1,-0.01,-1,-1,-0.01,-1,-1,-0.01,-1,-1,-0.01,-1,-1,-0.01,-1,-1,-0.01,-1,-1
99926009,2026-05-18 11:21:34+05:30,53079.1,0,0.0,0,0.0,0.0,53282.15,53308.4,52783.45,53710.35,0,0.0,0.0,0.0,0.0,-0.01,-1,-1,-0.01,-1,-1,-0.01,-1,-1,-0.01,-1,-1,-0.01,-1,-1,-0.01,-1,-1,-0.01,-1,-1,-0.01,-1,-1,-0.01,-1,-1,-0.01,-1,-1
99926009,2026-05-18 11:21:34+05:30,53079.45,0,0.0,0,0.0,0.0,53282.15,53308.4,52783.45,53710.35,0,0.0,0.0,0.0,0.0,-0.01,-1,-1,-0.01,-1,-1,-0.01,-1,-1,-0.01,-1,-1,-0.01,-1,-1,-0.01,-1,-1,-0.01,-1,-1,-0.01,-1,-1,-0.01,-1,-1,-0.01,-1,-1
99926009,2026-05-18 11:21:35+05:30,53075.85,0,0.0,0,0.0,0.0,53282.15,53308.4,52783.45,53710.35,0,0.0,0.0,0.0,0.0,-0.01,-1,-1,-0.01,-1,-1,-0.01,-1,-1,-0.01,-1,-1,-0.01,-1,-1,-0.01,-1,-1,-0.01,-1,-1,-0.01,-1,-1,-0.01,-1,-1,-0.01,-1,-1
99926009,2026-05-18 11:21:35+05:30,53079.0,0,0.0,0,0.0,0.0,53282.15,53308.4,52783.45,53710.35,0,0.0,0.0,0.0,0.0,-0.01,-1,-1,-0.01,-1,-1,-0.01,-1,-1,-0.01,-1,-1,-0.01,-1,-1,-0.01,-1,-1,-0.01,-1,-1,-0.01,-1,-1,-0.01,-1,-1,-0.01,-1,-1
99926009,2026-05-18 11:21:36+05:30,53078.55,0,0.0,0,0.0,0.0,53282.15,53308.4,52783.45,53710.35,0,0.0,0.0,0.0,0.0,-0.01,-1,-1,-0.01,-1,-1,-0.01,-1,-1,-0.01,-1,-1,-0.01,-1,-1,-0.01,-1,-1,-0.01,-1,-1,-0.01,-1,-1,-0.01,-1,-1,-0.01,-1,-1
99926009,2026-05-18 11:21:36+05:30,53079.0,0,0.0,0,0.0,0.0,53282.15,53308.4,52783.45,53710.35,0,0.0,0.0,0.0,0.0,-0.01,-1,-1,-0.01,-1,-1,-0.01,-1,-1,-0.01,-1,-1,-0.01,-1,-1,-0.01,-1,-1,-0.01,-1,-1,-0.01,-1,-1,-0.01,-1,-1,-0.01,-1,-1
99926009,2026-05-18 11:21:37+05:30,53080.05,0,0.0,0,0.0,0.0,53282.15,53308.4,52783.45,53710.35,0,0.0,0.0,0.0,0.0,-0.01,-1,-1,-0.01,-1,-1,-0.01,-1,-1,-0.01,-1,-1,-0.01,-1,-1,-0.01,-1,-1,-0.01,-1,-1,-0.01,-1,-1,-0.01,-1,-1,-0.01,-1,-1
99926009,2026-05-18 11:21:37+05:30,53076.5,0,0.0,0,0.0,0.0,53282.15,53308.4,52783.45,53710.35,0,0.0,0.0,0.0,0.0,-0.01,-1,-1,-0.01,-1,-1,-0.01,-1,-1,-0.01,-1,-1,-0.01,-1,-1,-0.01,-1,-1,-0.01,-1,-1,-0.01,-1,-1,-0.01,-1,-1,-0.01,-1,-1
99926009,2026-05-18 11:21:38+05:30,53075.9,0,0.0,0,0.0,0.0,53282.15,53308.4,52783.45,53710.35,0,0.0,0.0,0.0,0.0,-0.01,-1,-1,-0.01,-1,-1,-0.01,-1,-1,-0.01,-1,-1,-0.01,-1,-1,-0.01,-1,-1,-0.01,-1,-1,-0.01,-1,-1,-0.01,-1,-1,-0.01,-1,-1
99926009,2026-05-18 11:21:38+05:30,53077.55,0,0.0,0,0.0,0.0,53282.15,53308.4,52783.45,53710.35,0,0.0,0.0,0.0,0.0,-0.01,-1,-1,-0.01,-1,-1,-0.01,-1,-1,-0.01,-1,-1,-0.01,-1,-1,-0.01,-1,-1,-0.01,-1,-1,-0.01,-1,-1,-0.01,-1,-1,-0.01,-1,-1
99926009,2026-05-18 11:21:39+05:30,53077.2,0,0.0,0,0.0,0.0,53282.15,53308.4,52783.45,53710.35,0,0.0,0.0,0.0,0.0,-0.01,-1,-1,-0.01,-1,-1,-0.01,-1,-1,-0.01,-1,-1,-0.01,-1,-1,-0.01,-1,-1,-0.01,-1,-1,-0.01,-1,-1,-0.01,-1,-1,-0.01,-1,-1
99926009,2026-05-18 11:21:39+05:30,53076.65,0,0.0,0,0.0,0.0,53282.15,53308.4,52783.45,53710.35,0,0.0,0.0,0.0,0.0,-0.01,-1,-1,-0.01,-1,-1,-0.01,-1,-1,-0.01,-1,-1,-0.01,-1,-1,-0.01,-1,-1,-0.01,-1,-1,-0.01,-1,-1,-0.01,-1,-1,-0.01,-1,-1
99926009,2026-05-18 11:21:40+05:30,53075.15,0,0.0,0,0.0,0.0,53282.15,53308.4,52783.45,53710.35,0,0.0,0.0,0.0,0.0,-0.01,-1,-1,-0.01,-1,-1,-0.01,-1,-1,-0.01,-1,-1,-0.01,-1,-1,-0.01,-1,-1,-0.01,-1,-1,-0.01,-1,-1,-0.01,-1,-1,-0.01,-1,-1
99926009,2026-05-18 11:21:40+05:30,53076.55,0,0.0,0,0.0,0.0,53282.15,53308.4,52783.45,53710.35,0,0.0,0.0,0.0,0.0,-0.01,-1,-1,-0.01,-1,-1,-0.01,-1,-1,-0.01,-1,-1,-0.01,-1,-1,-0.01,-1,-1,-0.01,-1,-1,-0.01,-1,-1,-0.01,-1,-1,-0.01,-1,-1
99926009,2026-05-18 11:21:41+05:30,53076.5,0,0.0,0,0.0,0.0,53282.15,53308.4,52783.45,53710.35,0,0.0,0.0,0.0,0.0,-0.01,-1,-1,-0.01,-1,-1,-0.01,-1,-1,-0.01,-1,-1,-0.01,-1,-1,-0.01,-1,-1,-0.01,-1,-1,-0.01,-1,-1,-0.01,-1,-1,-0.01,-1,-1
99926009,2026-05-18 11:21:41+05:30,53077.05,0,0.0,0,0.0,0.0,53282.15,53308.4,52783.45,53710.35,0,0.0,0.0,0.0,0.0,-0.01,-1,-1,-0.01,-1,-1,-0.01,-1,-1,-0.01,-1,-1,-0.01,-1,-1,-0.01,-1,-1,-0.01,-1,-1,-0.01,-1,-1,-0.01,-1,-1,-0.01,-1,-1
99926009,2026-05-18 11:21:42+05:30,53078.9,0,0.0,0,0.0,0.0,53282.15,53308.4,52783.45,53710.35,0,0.0,0.0,0.0,0.0,-0.01,-1,-1,-0.01,-1,-1,-0.01,-1,-1,-0.01,-1,-1,-0.01,-1,-1,-0.01,-1,-1,-0.01,-1,-1,-0.01,-1,-1,-0.01,-1,-1,-0.01,-1,-1
99926009,2026-05-18 11:21:42+05:30,53080.45,0,0.0,0,0.0,0.0,53282.15,53308.4,52783.45,53710.35,0,0.0,0.0,0.0,0.0,-0.01,-1,-1,-0.01,-1,-1,-0.01,-1,-1,-0.01,-1,-1,-0.01,-1,-1,-0.01,-1,-1,-0.01,-1,-1,-0.01,-1,-1,-0.01,-1,-1,-0.01,-1,-1
99926009,2026-05-18 11:21:43+05:30,53078.25,0,0.0,0,0.0,0.0,53282.15,53308.4,52783.45,53710.35,0,0.0,0.0,0.0,0.0,-0.01,-1,-1,-0.01,-1,-1,-0.01,-1,-1,-0.01,-1,-1,-0.01,-1,-1,-0.01,-1,-1,-0.01,-1,-1,-0.01,-1,-1,-0.01,-1,-1,-0.01,-1,-1
99926009,2026-05-18 11:21:43+05:30,53080.15,0,0.0,0,0.0,0.0,53282.15,53308.4,52783.45,53710.35,0,0.0,0.0,0.0,0.0,-0.01,-1,-1,-0.01,-1,-1,-0.01,-1,-1,-0.01,-1,-1,-0.01,-1,-1,-0.01,-1,-1,-0.01,-1,-1,-0.01,-1,-1,-0.01,-1,-1,-0.01,-1,-1
99926009,2026-05-18 11:21:44+05:30,53078.5,0,0.0,0,0.0,0.0,53282.15,53308.4,52783.45,53710.35,0,0.0,0.0,0.0,0.0,-0.01,-1,-1,-0.01,-1,-1,-0.01,-1,-1,-0.01,-1,-1,-0.01,-1,-1,-0.01,-1,-1,-0.01,-1,-1,-0.01,-1,-1,-0.01,-1,-1,-0.01,-1,-1
99926009,2026-05-18 11:21:44+05:30,53078.2,0,0.0,0,0.0,0.0,53282.15,53308.4,52783.45,53710.35,0,0.0,0.0,0.0,0.0,-0.01,-1,-1,-0.01,-1,-1,-0.01,-1,-1,-0.01,-1,-1,-0.01,-1,-1,-0.01,-1,-1,-0.01,-1,-1,-0.01,-1,-1,-0.01,-1,-1,-0.01,-1,-1
99926009,2026-05-18 11:21:45+05:30,53078.85,0,0.0,0,0.0,0.0,53282.15,53308.4,52783.45,53710.35,0,0.0,0.0,0.0,0.0,-0.01,-1,-1,-0.01,-1,-1,-0.01,-1,-1,-0.01,-1,-1,-0.01,-1,-1,-0.01,-1,-1,-0.01,-1,-1,-0.01,-1,-1,-0.01,-1,-1,-0.01,-1,-1
99926009,2026-05-18 11:21:45+05:30,53079.15,0,0.0,0,0.0,0.0,53282.15,53308.4,52783.45,53710.35,0,0.0,0.0,0.0,0.0,-0.01,-1,-1,-0.01,-1,-1,-0.01,-1,-1,-0.01,-1,-1,-0.01,-1,-1,-0.01,-1,-1,-0.01,-1,-1,-0.01,-1,-1,-0.01,-1,-1,-0.01,-1,-1
99926009,2026-05-18 11:21:46+05:30,53077.45,0,0.0,0,0.0,0.0,53282.15,53308.4,52783.45,53710.35,0,0.0,0.0,0.0,0.0,-0.01,-1,-1,-0.01,-1,-1,-0.01,-1,-1,-0.01,-1,-1,-0.01,-1,-1,-0.01,-1,-1,-0.01,-1,-1,-0.01,-1,-1,-0.01,-1,-1,-0.01,-1,-1
99926009,2026-05-18 11:21:46+05:30,53080.25,0,0.0,0,0.0,0.0,53282.15,53308.4,52783.45,53710.35,0,0.0,0.0,0.0,0.0,-0.01,-1,-1,-0.01,-1,-1,-0.01,-1,-1,-0.01,-1,-1,-0.01,-1,-1,-0.01,-1,-1,-0.01,-1,-1,-0.01,-1,-1,-0.01,-1,-1,-0.01,-1,-1
99926009,2026-05-18 11:21:47+05:30,53080.15,0,0.0,0,0.0,0.0,53282.15,53308.4,52783.45,53710.35,0,0.0,0.0,0.0,0.0,-0.01,-1,-1,-0.01,-1,-1,-0.01,-1,-1,-0.01,-1,-1,-0.01,-1,-1,-0.01,-1,-1,-0.01,-1,-1,-0.01,-1,-1,-0.01,-1,-1,-0.01,-1,-1
99926009,2026-05-18 11:21:47+05:30,53078.0,0,0.0,0,0.0,0.0,53282.15,53308.4,52783.45,53710.35,0,0.0,0.0,0.0,0.0,-0.01,-1,-1,-0.01,-1,-1,-0.01,-1,-1,-0.01,-1,-1,-0.01,-1,-1,-0.01,-1,-1,-0.01,-1,-1,-0.01,-1,-1,-0.01,-1,-1,-0.01,-1,-1
99926009,2026-05-18 11:21:48+05:30,53077.75,0,0.0,0,0.0,0.0,53282.15,53308.4,52783.45,53710.35,0,0.0,0.0,0.0,0.0,-0.01,-1,-1,-0.01,-1,-1,-0.01,-1,-1,-0.01,-1,-1,-0.01,-1,-1,-0.01,-1,-1,-0.01,-1,-1,-0.01,-1,-1,-0.01,-1,-1,-0.01,-1,-1
99926009,2026-05-18 11:21:48+05:30,53077.3,0,0.0,0,0.0,0.0,53282.15,53308.4,52783.45,53710.35,0,0.0,0.0,0.0,0.0,-0.01,-1,-1,-0.01,-1,-1,-0.01,-1,-1,-0.01,-1,-1,-0.01,-1,-1,-0.01,-1,-1,-0.01,-1,-1,-0.01,-1,-1,-0.01,-1,-1,-0.01,-1,-1
99926009,2026-05-18 11:21:49+05:30,53075.8,0,0.0,0,0.0,0.0,53282.15,53308.4,52783.45,53710.35,0,0.0,0.0,0.0,0.0,-0.01,-1,-1,-0.01,-1,-1,-0.01,-1,-1,-0.01,-1,-1,-0.01,-1,-1,-0.01,-1,-1,-0.01,-1,-1,-0.01,-1,-1,-0.01,-1,-1,-0.01,-1,-1
99926009,2026-05-18 11:21:49+05:30,53076.35,0,0.0,0,0.0,0.0,53282.15,53308.4,52783.45,53710.35,0,0.0,0.0,0.0,0.0,-0.01,-1,-1,-0.01,-1,-1,-0.01,-1,-1,-0.01,-1,-1,-0.01,-1,-1,-0.01,-1,-1,-0.01,-1,-1,-0.01,-1,-1,-0.01,-1,-1,-0.01,-1,-1
99926009,2026-05-18 11:21:50+05:30,53077.75,0,0.0,0,0.0,0.0,53282.15,53308.4,52783.45,53710.35,0,0.0,0.0,0.0,0.0,-0.01,-1,-1,-0.01,-1,-1,-0.01,-1,-1,-0.01,-1,-1,-0.01,-1,-1,-0.01,-1,-1,-0.01,-1,-1,-0.01,-1,-1,-0.01,-1,-1,-0.01,-1,-1
99926009,2026-05-18 11:21:50+05:30,53072.7,0,0.0,0,0.0,0.0,53282.15,53308.4,52783.45,53710.35,0,0.0,0.0,0.0,0.0,-0.01,-1,-1,-0.01,-1,-1,-0.01,-1,-1,-0.01,-1,-1,-0.01,-1,-1,-0.01,-1,-1,-0.01,-1,-1,-0.01,-1,-1,-0.01,-1,-1,-0.01,-1,-1
99926009,2026-05-18 11:21:51+05:30,53071.35,0,0.0,0,0.0,0.0,53282.15,53308.4,52783.45,53710.35,0,0.0,0.0,0.0,0.0,-0.01,-1,-1,-0.01,-1,-1,-0.01,-1,-1,-0.01,-1,-1,-0.01,-1,-1,-0.01,-1,-1,-0.01,-1,-1,-0.01,-1,-1,-0.01,-1,-1,-0.01,-1,-1
99926009,2026-05-18 11:21:51+05:30,53070.95,0,0.0,0,0.0,0.0,53282.15,53308.4,52783.45,53710.35,0,0.0,0.0,0.0,0.0,-0.01,-1,-1,-0.01,-1,-1,-0.01,-1,-1,-0.01,-1,-1,-0.01,-1,-1,-0.01,-1,-1,-0.01,-1,-1,-0.01,-1,-1,-0.01,-1,-1,-0.01,-1,-1
99926009,2026-05-18 11:21:52+05:30,53070.95,0,0.0,0,0.0,0.0,53282.15,53308.4,52783.45,53710.35,0,0.0,0.0,0.0,0.0,-0.01,-1,-1,-0.01,-1,-1,-0.01,-1,-1,-0.01,-1,-1,-0.01,-1,-1,-0.01,-1,-1,-0.01,-1,-1,-0.01,-1,-1,-0.01,-1,-1,-0.01,-1,-1
99926009,2026-05-18 11:21:52+05:30,53067.8,0,0.0,0,0.0,0.0,53282.15,53308.4,52783.45,53710.35,0,0.0,0.0,0.0,0.0,-0.01,-1,-1,-0.01,-1,-1,-0.01,-1,-1,-0.01,-1,-1,-0.01,-1,-1,-0.01,-1,-1,-0.01,-1,-1,-0.01,-1,-1,-0.01,-1,-1,-0.01,-1,-1
99926009,2026-05-18 11:21:53+05:30,53069.2,0,0.0,0,0.0,0.0,53282.15,53308.4,52783.45,53710.35,0,0.0,0.0,0.0,0.0,-0.01,-1,-1,-0.01,-1,-1,-0.01,-1,-1,-0.01,-1,-1,-0.01,-1,-1,-0.01,-1,-1,-0.01,-1,-1,-0.01,-1,-1,-0.01,-1,-1,-0.01,-1,-1
99926009,2026-05-18 11:21:53+05:30,53068.4,0,0.0,0,0.0,0.0,53282.15,53308.4,52783.45,53710.35,0,0.0,0.0,0.0,0.0,-0.01,-1,-1,-0.01,-1,-1,-0.01,-1,-1,-0.01,-1,-1,-0.01,-1,-1,-0.01,-1,-1,-0.01,-1,-1,-0.01,-1,-1,-0.01,-1,-1,-0.01,-1,-1
99926009,2026-05-18 11:21:54+05:30,53070.2,0,0.0,0,0.0,0.0,53282.15,53308.4,52783.45,53710.35,0,0.0,0.0,0.0,0.0,-0.01,-1,-1,-0.01,-1,-1,-0.01,-1,-1,-0.01,-1,-1,-0.01,-1,-1,-0.01,-1,-1,-0.01,-1,-1,-0.01,-1,-1,-0.01,-1,-1,-0.01,-1,-1
99926009,2026-05-18 11:21:54+05:30,53072.1,0,0.0,0,0.0,0.0,53282.15,53308.4,52783.45,53710.35,0,0.0,0.0,0.0,0.0,-0.01,-1,-1,-0.01,-1,-1,-0.01,-1,-1,-0.01,-1,-1,-0.01,-1,-1,-0.01,-1,-1,-0.01,-1,-1,-0.01,-1,-1,-0.01,-1,-1,-0.01,-1,-1
99926009,2026-05-18 11:21:55+05:30,53071.6,0,0.0,0,0.0,0.0,53282.15,53308.4,52783.45,53710.35,0,0.0,0.0,0.0,0.0,-0.01,-1,-1,-0.01,-1,-1,-0.01,-1,-1,-0.01,-1,-1,-0.01,-1,-1,-0.01,-1,-1,-0.01,-1,-1,-0.01,-1,-1,-0.01,-1,-1,-0.01,-1,-1
99926009,2026-05-18 11:21:55+05:30,53071.3,0,0.0,0,0.0,0.0,53282.15,53308.4,52783.45,53710.35,0,0.0,0.0,0.0,0.0,-0.01,-1,-1,-0.01,-1,-1,-0.01,-1,-1,-0.01,-1,-1,-0.01,-1,-1,-0.01,-1,-1,-0.01,-1,-1,-0.01,-1,-1,-0.01,-1,-1,-0.01,-1,-1
99926009,2026-05-18 11:21:56+05:30,53068.55,0,0.0,0,0.0,0.0,53282.15,53308.4,52783.45,53710.35,0,0.0,0.0,0.0,0.0,-0.01,-1,-1,-0.01,-1,-1,-0.01,-1,-1,-0.01,-1,-1,-0.01,-1,-1,-0.01,-1,-1,-0.01,-1,-1,-0.01,-1,-1,-0.01,-1,-1,-0.01,-1,-1
99926009,2026-05-18 11:21:56+05:30,53070.5,0,0.0,0,0.0,0.0,53282.15,53308.4,52783.45,53710.35,0,0.0,0.0,0.0,0.0,-0.01,-1,-1,-0.01,-1,-1,-0.01,-1,-1,-0.01,-1,-1,-0.01,-1,-1,-0.01,-1,-1,-0.01,-1,-1,-0.01,-1,-1,-0.01,-1,-1,-0.01,-1,-1
99926009,2026-05-18 11:21:57+05:30,53069.25,0,0.0,0,0.0,0.0,53282.15,53308.4,52783.45,53710.35,0,0.0,0.0,0.0,0.0,-0.01,-1,-1,-0.01,-1,-1,-0.01,-1,-1,-0.01,-1,-1,-0.01,-1,-1,-0.01,-1,-1,-0.01,-1,-1,-0.01,-1,-1,-0.01,-1,-1,-0.01,-1,-1
99926009,2026-05-18 11:21:57+05:30,53069.2,0,0.0,0,0.0,0.0,53282.15,53308.4,52783.45,53710.35,0,0.0,0.0,0.0,0.0,-0.01,-1,-1,-0.01,-1,-1,-0.01,-1,-1,-0.01,-1,-1,-0.01,-1,-1,-0.01,-1,-1,-0.01,-1,-1,-0.01,-1,-1,-0.01,-1,-1,-0.01,-1,-1
99926009,2026-05-18 11:21:58+05:30,53069.35,0,0.0,0,0.0,0.0,53282.15,53308.4,52783.45,53710.35,0,0.0,0.0,0.0,0.0,-0.01,-1,-1,-0.01,-1,-1,-0.01,-1,-1,-0.01,-1,-1,-0.01,-1,-1,-0.01,-1,-1,-0.01,-1,-1,-0.01,-1,-1,-0.01,-1,-1,-0.01,-1,-1
99926009,2026-05-18 11:21:58+05:30,53070.8,0,0.0,0,0.0,0.0,53282.15,53308.4,52783.45,53710.35,0,0.0,0.0,0.0,0.0,-0.01,-1,-1,-0.01,-1,-1,-0.01,-1,-1,-0.01,-1,-1,-0.01,-1,-1,-0.01,-1,-1,-0.01,-1,-1,-0.01,-1,-1,-0.01,-1,-1,-0.01,-1,-1
99926009,2026-05-18 11:21:59+05:30,53070.4,0,0.0,0,0.0,0.0,53282.15,53308.4,52783.45,53710.35,0,0.0,0.0,0.0,0.0,-0.01,-1,-1,-0.01,-1,-1,-0.01,-1,-1,-0.01,-1,-1,-0.01,-1,-1,-0.01,-1,-1,-0.01,-1,-1,-0.01,-1,-1,-0.01,-1,-1,-0.01,-1,-1
99926009,2026-05-18 11:21:59+05:30,53069.7,0,0.0,0,0.0,0.0,53282.15,53308.4,52783.45,53710.35,0,0.0,0.0,0.0,0.0,-0.01,-1,-1,-0.01,-1,-1,-0.01,-1,-1,-0.01,-1,-1,-0.01,-1,-1,-0.01,-1,-1,-0.01,-1,-1,-0.01,-1,-1,-0.01,-1,-1,-0.01,-1,-1
99926009,2026-05-18 11:22:00+05:30,53070.45,0,0.0,0,0.0,0.0,53282.15,53308.4,52783.45,53710.35,0,0.0,0.0,0.0,0.0,-0.01,-1,-1,-0.01,-1,-1,-0.01,-1,-1,-0.01,-1,-1,-0.01,-1,-1,-0.01,-1,-1,-0.01,-1,-1,-0.01,-1,-1,-0.01,-1,-1,-0.01,-1,-1
99926009,2026-05-18 11:22:00+05:30,53071.4,0,0.0,0,0.0,0.0,53282.15,53308.4,52783.45,53710.35,0,0.0,0.0,0.0,0.0,-0.01,-1,-1,-0.01,-1,-1,-0.01,-1,-1,-0.01,-1,-1,-0.01,-1,-1,-0.01,-1,-1,-0.01,-1,-1,-0.01,-1,-1,-0.01,-1,-1,-0.01,-1,-1
99926009,2026-05-18 11:22:01+05:30,53072.05,0,0.0,0,0.0,0.0,53282.15,53308.4,52783.45,53710.35,0,0.0,0.0,0.0,0.0,-0.01,-1,-1,-0.01,-1,-1,-0.01,-1,-1,-0.01,-1,-1,-0.01,-1,-1,-0.01,-1,-1,-0.01,-1,-1,-0.01,-1,-1,-0.01,-1,-1,-0.01,-1,-1
99926009,2026-05-18 11:22:01+05:30,53072.3,0,0.0,0,0.0,0.0,53282.15,53308.4,52783.45,53710.35,0,0.0,0.0,0.0,0.0,-0.01,-1,-1,-0.01,-1,-1,-0.01,-1,-1,-0.01,-1,-1,-0.01,-1,-1,-0.01,-1,-1,-0.01,-1,-1,-0.01,-1,-1,-0.01,-1,-1,-0.01,-1,-1
99926009,2026-05-18 11:22:02+05:30,53072.8,0,0.0,0,0.0,0.0,53282.15,53308.4,52783.45,53710.35,0,0.0,0.0,0.0,0.0,-0.01,-1,-1,-0.01,-1,-1,-0.01,-1,-1,-0.01,-1,-1,-0.01,-1,-1,-0.01,-1,-1,-0.01,-1,-1,-0.01,-1,-1,-0.01,-1,-1,-0.01,-1,-1
99926009,2026-05-18 11:22:02+05:30,53080.5,0,0.0,0,0.0,0.0,53282.15,53308.4,52783.45,53710.35,0,0.0,0.0,0.0,0.0,-0.01,-1,-1,-0.01,-1,-1,-0.01,-1,-1,-0.01,-1,-1,-0.01,-1,-1,-0.01,-1,-1,-0.01,-1,-1,-0.01,-1,-1,-0.01,-1,-1,-0.01,-1,-1
99926009,2026-05-18 11:22:03+05:30,53083.8,0,0.0,0,0.0,0.0,53282.15,53308.4,52783.45,53710.35,0,0.0,0.0,0.0,0.0,-0.01,-1,-1,-0.01,-1,-1,-0.01,-1,-1,-0.01,-1,-1,-0.01,-1,-1,-0.01,-1,-1,-0.01,-1,-1,-0.01,-1,-1,-0.01,-1,-1,-0.01,-1,-1
99926009,2026-05-18 11:22:03+05:30,53085.75,0,0.0,0,0.0,0.0,53282.15,53308.4,52783.45,53710.35,0,0.0,0.0,0.0,0.0,-0.01,-1,-1,-0.01,-1,-1,-0.01,-1,-1,-0.01,-1,-1,-0.01,-1,-1,-0.01,-1,-1,-0.01,-1,-1,-0.01,-1,-1,-0.01,-1,-1,-0.01,-1,-1
99926009,2026-05-18 11:22:04+05:30,53089.75,0,0.0,0,0.0,0.0,53282.15,53308.4,52783.45,53710.35,0,0.0,0.0,0.0,0.0,-0.01,-1,-1,-0.01,-1,-1,-0.01,-1,-1,-0.01,-1,-1,-0.01,-1,-1,-0.01,-1,-1,-0.01,-1,-1,-0.01,-1,-1,-0.01,-1,-1,-0.01,-1,-1
99926009,2026-05-18 11:22:04+05:30,53090.05,0,0.0,0,0.0,0.0,53282.15,53308.4,52783.45,53710.35,0,0.0,0.0,0.0,0.0,-0.01,-1,-1,-0.01,-1,-1,-0.01,-1,-1,-0.01,-1,-1,-0.01,-1,-1,-0.01,-1,-1,-0.01,-1,-1,-0.01,-1,-1,-0.01,-1,-1,-0.01,-1,-1
99926009,2026-05-18 11:22:05+05:30,53088.15,0,0.0,0,0.0,0.0,53282.15,53308.4,52783.45,53710.35,0,0.0,0.0,0.0,0.0,-0.01,-1,-1,-0.01,-1,-1,-0.01,-1,-1,-0.01,-1,-1,-0.01,-1,-1,-0.01,-1,-1,-0.01,-1,-1,-0.01,-1,-1,-0.01,-1,-1,-0.01,-1,-1
99926009,2026-05-18 11:22:05+05:30,53091.5,0,0.0,0,0.0,0.0,53282.15,53308.4,52783.45,53710.35,0,0.0,0.0,0.0,0.0,-0.01,-1,-1,-0.01,-1,-1,-0.01,-1,-1,-0.01,-1,-1,-0.01,-1,-1,-0.01,-1,-1,-0.01,-1,-1,-0.01,-1,-1,-0.01,-1,-1,-0.01,-1,-1
99926009,2026-05-18 11:22:06+05:30,53087.5,0,0.0,0,0.0,0.0,53282.15,53308.4,52783.45,53710.35,0,0.0,0.0,0.0,0.0,-0.01,-1,-1,-0.01,-1,-1,-0.01,-1,-1,-0.01,-1,-1,-0.01,-1,-1,-0.01,-1,-1,-0.01,-1,-1,-0.01,-1,-1,-0.01,-1,-1,-0.01,-1,-1
99926009,2026-05-18 11:22:06+05:30,53090.15,0,0.0,0,0.0,0.0,53282.15,53308.4,52783.45,53710.35,0,0.0,0.0,0.0,0.0,-0.01,-1,-1,-0.01,-1,-1,-0.01,-1,-1,-0.01,-1,-1,-0.01,-1,-1,-0.01,-1,-1,-0.01,-1,-1,-0.01,-1,-1,-0.01,-1,-1,-0.01,-1,-1
99926009,2026-05-18 11:22:07+05:30,53086.55,0,0.0,0,0.0,0.0,53282.15,53308.4,52783.45,53710.35,0,0.0,0.0,0.0,0.0,-0.01,-1,-1,-0.01,-1,-1,-0.01,-1,-1,-0.01,-1,-1,-0.01,-1,-1,-0.01,-1,-1,-0.01,-1,-1,-0.01,-1,-1,-0.01,-1,-1,-0.01,-1,-1
99926009,2026-05-18 11:22:07+05:30,53087.95,0,0.0,0,0.0,0.0,53282.15,53308.4,52783.45,53710.35,0,0.0,0.0,0.0,0.0,-0.01,-1,-1,-0.01,-1,-1,-0.01,-1,-1,-0.01,-1,-1,-0.01,-1,-1,-0.01,-1,-1,-0.01,-1,-1,-0.01,-1,-1,-0.01,-1,-1,-0.01,-1,-1
99926009,2026-05-18 11:22:08+05:30,53084.05,0,0.0,0,0.0,0.0,53282.15,53308.4,52783.45,53710.35,0,0.0,0.0,0.0,0.0,-0.01,-1,-1,-0.01,-1,-1,-0.01,-1,-1,-0.01,-1,-1,-0.01,-1,-1,-0.01,-1,-1,-0.01,-1,-1,-0.01,-1,-1,-0.01,-1,-1,-0.01,-1,-1
99926009,2026-05-18 11:22:08+05:30,53085.95,0,0.0,0,0.0,0.0,53282.15,53308.4,52783.45,53710.35,0,0.0,0.0,0.0,0.0,-0.01,-1,-1,-0.01,-1,-1,-0.01,-1,-1,-0.01,-1,-1,-0.01,-1,-1,-0.01,-1,-1,-0.01,-1,-1,-0.01,-1,-1,-0.01,-1,-1,-0.01,-1,-1
99926009,2026-05-18 11:22:09+05:30,53087.05,0,0.0,0,0.0,0.0,53282.15,53308.4,52783.45,53710.35,0,0.0,0.0,0.0,0.0,-0.01,-1,-1,-0.01,-1,-1,-0.01,-1,-1,-0.01,-1,-1,-0.01,-1,-1,-0.01,-1,-1,-0.01,-1,-1,-0.01,-1,-1,-0.01,-1,-1,-0.01,-1,-1
99926009,2026-05-18 11:22:09+05:30,53089.85,0,0.0,0,0.0,0.0,53282.15,53308.4,52783.45,53710.35,0,0.0,0.0,0.0,0.0,-0.01,-1,-1,-0.01,-1,-1,-0.01,-1,-1,-0.01,-1,-1,-0.01,-1,-1,-0.01,-1,-1,-0.01,-1,-1,-0.01,-1,-1,-0.01,-1,-1,-0.01,-1,-1
99926009,2026-05-18 11:22:10+05:30,53090.2,0,0.0,0,0.0,0.0,53282.15,53308.4,52783.45,53710.35,0,0.0,0.0,0.0,0.0,-0.01,-1,-1,-0.01,-1,-1,-0.01,-1,-1,-0.01,-1,-1,-0.01,-1,-1,-0.01,-1,-1,-0.01,-1,-1,-0.01,-1,-1,-0.01,-1,-1,-0.01,-1,-1
99926009,2026-05-18 11:22:10+05:30,53090.7,0,0.0,0,0.0,0.0,53282.15,53308.4,52783.45,53710.35,0,0.0,0.0,0.0,0.0,-0.01,-1,-1,-0.01,-1,-1,-0.01,-1,-1,-0.01,-1,-1,-0.01,-1,-1,-0.01,-1,-1,-0.01,-1,-1,-0.01,-1,-1,-0.01,-1,-1,-0.01,-1,-1
99926009,2026-05-18 11:22:11+05:30,53089.45,0,0.0,0,0.0,0.0,53282.15,53308.4,52783.45,53710.35,0,0.0,0.0,0.0,0.0,-0.01,-1,-1,-0.01,-1,-1,-0.01,-1,-1,-0.01,-1,-1,-0.01,-1,-1,-0.01,-1,-1,-0.01,-1,-1,-0.01,-1,-1,-0.01,-1,-1,-0.01,-1,-1
99926009,2026-05-18 11:22:11+05:30,53092.4,0,0.0,0,0.0,0.0,53282.15,53308.4,52783.45,53710.35,0,0.0,0.0,0.0,0.0,-0.01,-1,-1,-0.01,-1,-1,-0.01,-1,-1,-0.01,-1,-1,-0.01,-1,-1,-0.01,-1,-1,-0.01,-1,-1,-0.01,-1,-1,-0.01,-1,-1,-0.01,-1,-1
99926009,2026-05-18 11:22:12+05:30,53091.2,0,0.0,0,0.0,0.0,53282.15,53308.4,52783.45,53710.35,0,0.0,0.0,0.0,0.0,-0.01,-1,-1,-0.01,-1,-1,-0.01,-1,-1,-0.01,-1,-1,-0.01,-1,-1,-0.01,-1,-1,-0.01,-1,-1,-0.01,-1,-1,-0.01,-1,-1,-0.01,-1,-1
99926009,2026-05-18 11:22:12+05:30,53092.4,0,0.0,0,0.0,0.0,53282.15,53308.4,52783.45,53710.35,0,0.0,0.0,0.0,0.0,-0.01,-1,-1,-0.01,-1,-1,-0.01,-1,-1,-0.01,-1,-1,-0.01,-1,-1,-0.01,-1,-1,-0.01,-1,-1,-0.01,-1,-1,-0.01,-1,-1,-0.01,-1,-1
99926009,2026-05-18 11:22:13+05:30,53092.75,0,0.0,0,0.0,0.0,53282.15,53308.4,52783.45,53710.35,0,0.0,0.0,0.0,0.0,-0.01,-1,-1,-0.01,-1,-1,-0.01,-1,-1,-0.01,-1,-1,-0.01,-1,-1,-0.01,-1,-1,-0.01,-1,-1,-0.01,-1,-1,-0.01,-1,-1,-0.01,-1,-1
99926009,2026-05-18 11:22:13+05:30,53091.2,0,0.0,0,0.0,0.0,53282.15,53308.4,52783.45,53710.35,0,0.0,0.0,0.0,0.0,-0.01,-1,-1,-0.01,-1,-1,-0.01,-1,-1,-0.01,-1,-1,-0.01,-1,-1,-0.01,-1,-1,-0.01,-1,-1,-0.01,-1,-1,-0.01,-1,-1,-0.01,-1,-1
99926009,2026-05-18 11:22:14+05:30,53090.3,0,0.0,0,0.0,0.0,53282.15,53308.4,52783.45,53710.35,0,0.0,0.0,0.0,0.0,-0.01,-1,-1,-0.01,-1,-1,-0.01,-1,-1,-0.01,-1,-1,-0.01,-1,-1,-0.01,-1,-1,-0.01,-1,-1,-0.01,-1,-1,-0.01,-1,-1,-0.01,-1,-1
99926009,2026-05-18 11:22:14+05:30,53089.8,0,0.0,0,0.0,0.0,53282.15,53308.4,52783.45,53710.35,0,0.0,0.0,0.0,0.0,-0.01,-1,-1,-0.01,-1,-1,-0.01,-1,-1,-0.01,-1,-1,-0.01,-1,-1,-0.01,-1,-1,-0.01,-1,-1,-0.01,-1,-1,-0.01,-1,-1,-0.01,-1,-1
99926009,2026-05-18 11:22:15+05:30,53088.55,0,0.0,0,0.0,0.0,53282.15,53308.4,52783.45,53710.35,0,0.0,0.0,0.0,0.0,-0.01,-1,-1,-0.01,-1,-1,-0.01,-1,-1,-0.01,-1,-1,-0.01,-1,-1,-0.01,-1,-1,-0.01,-1,-1,-0.01,-1,-1,-0.01,-1,-1,-0.01,-1,-1
99926009,2026-05-18 11:22:15+05:30,53090.95,0,0.0,0,0.0,0.0,53282.15,53308.4,52783.45,53710.35,0,0.0,0.0,0.0,0.0,-0.01,-1,-1,-0.01,-1,-1,-0.01,-1,-1,-0.01,-1,-1,-0.01,-1,-1,-0.01,-1,-1,-0.01,-1,-1,-0.01,-1,-1,-0.01,-1,-1,-0.01,-1,-1
99926009,2026-05-18 11:22:16+05:30,53094.3,0,0.0,0,0.0,0.0,53282.15,53308.4,52783.45,53710.35,0,0.0,0.0,0.0,0.0,-0.01,-1,-1,-0.01,-1,-1,-0.01,-1,-1,-0.01,-1,-1,-0.01,-1,-1,-0.01,-1,-1,-0.01,-1,-1,-0.01,-1,-1,-0.01,-1,-1,-0.01,-1,-1
99926009,2026-05-18 11:22:16+05:30,53093.95,0,0.0,0,0.0,0.0,53282.15,53308.4,52783.45,53710.35,0,0.0,0.0,0.0,0.0,-0.01,-1,-1,-0.01,-1,-1,-0.01,-1,-1,-0.01,-1,-1,-0.01,-1,-1,-0.01,-1,-1,-0.01,-1,-1,-0.01,-1,-1,-0.01,-1,-1,-0.01,-1,-1
99926009,2026-05-18 11:22:17+05:30,53092.55,0,0.0,0,0.0,0.0,53282.15,53308.4,52783.45,53710.35,0,0.0,0.0,0.0,0.0,-0.01,-1,-1,-0.01,-1,-1,-0.01,-1,-1,-0.01,-1,-1,-0.01,-1,-1,-0.01,-1,-1,-0.01,-1,-1,-0.01,-1,-1,-0.01,-1,-1,-0.01,-1,-1
99926009,2026-05-18 11:22:17+05:30,53092.2,0,0.0,0,0.0,0.0,53282.15,53308.4,52783.45,53710.35,0,0.0,0.0,0.0,0.0,-0.01,-1,-1,-0.01,-1,-1,-0.01,-1,-1,-0.01,-1,-1,-0.01,-1,-1,-0.01,-1,-1,-0.01,-1,-1,-0.01,-1,-1,-0.01,-1,-1,-0.01,-1,-1
99926009,2026-05-18 11:22:18+05:30,53090.55,0,0.0,0,0.0,0.0,53282.15,53308.4,52783.45,53710.35,0,0.0,0.0,0.0,0.0,-0.01,-1,-1,-0.01,-1,-1,-0.01,-1,-1,-0.01,-1,-1,-0.01,-1,-1,-0.01,-1,-1,-0.01,-1,-1,-0.01,-1,-1,-0.01,-1,-1,-0.01,-1,-1
99926009,2026-05-18 11:22:18+05:30,53091.25,0,0.0,0,0.0,0.0,53282.15,53308.4,52783.45,53710.35,0,0.0,0.0,0.0,0.0,-0.01,-1,-1,-0.01,-1,-1,-0.01,-1,-1,-0.01,-1,-1,-0.01,-1,-1,-0.01,-1,-1,-0.01,-1,-1,-0.01,-1,-1,-0.01,-1,-1,-0.01,-1,-1
99926009,2026-05-18 11:22:19+05:30,53091.25,0,0.0,0,0.0,0.0,53282.15,53308.4,52783.45,53710.35,0,0.0,0.0,0.0,0.0,-0.01,-1,-1,-0.01,-1,-1,-0.01,-1,-1,-0.01,-1,-1,-0.01,-1,-1,-0.01,-1,-1,-0.01,-1,-1,-0.01,-1,-1,-0.01,-1,-1,-0.01,-1,-1
99926009,2026-05-18 11:22:19+05:30,53092.2,0,0.0,0,0.0,0.0,53282.15,53308.4,52783.45,53710.35,0,0.0,0.0,0.0,0.0,-0.01,-1,-1,-0.01,-1,-1,-0.01,-1,-1,-0.01,-1,-1,-0.01,-1,-1,-0.01,-1,-1,-0.01,-1,-1,-0.01,-1,-1,-0.01,-1,-1,-0.01,-1,-1
99926009,2026-05-18 11:22:20+05:30,53092.55,0,0.0,0,0.0,0.0,53282.15,53308.4,52783.45,53710.35,0,0.0,0.0,0.0,0.0,-0.01,-1,-1,-0.01,-1,-1,-0.01,-1,-1,-0.01,-1,-1,-0.01,-1,-1,-0.01,-1,-1,-0.01,-1,-1,-0.01,-1,-1,-0.01,-1,-1,-0.01,-1,-1
99926009,2026-05-18 11:22:20+05:30,53096.75,0,0.0,0,0.0,0.0,53282.15,53308.4,52783.45,53710.35,0,0.0,0.0,0.0,0.0,-0.01,-1,-1,-0.01,-1,-1,-0.01,-1,-1,-0.01,-1,-1,-0.01,-1,-1,-0.01,-1,-1,-0.01,-1,-1,-0.01,-1,-1,-0.01,-1,-1,-0.01,-1,-1
99926009,2026-05-18 11:22:21+05:30,53097.15,0,0.0,0,0.0,0.0,53282.15,53308.4,52783.45,53710.35,0,0.0,0.0,0.0,0.0,-0.01,-1,-1,-0.01,-1,-1,-0.01,-1,-1,-0.01,-1,-1,-0.01,-1,-1,-0.01,-1,-1,-0.01,-1,-1,-0.01,-1,-1,-0.01,-1,-1,-0.01,-1,-1
99926009,2026-05-18 11:22:21+05:30,53097.3,0,0.0,0,0.0,0.0,53282.15,53308.4,52783.45,53710.35,0,0.0,0.0,0.0,0.0,-0.01,-1,-1,-0.01,-1,-1,-0.01,-1,-1,-0.01,-1,-1,-0.01,-1,-1,-0.01,-1,-1,-0.01,-1,-1,-0.01,-1,-1,-0.01,-1,-1,-0.01,-1,-1
99926009,2026-05-18 11:22:22+05:30,53097.15,0,0.0,0,0.0,0.0,53282.15,53308.4,52783.45,53710.35,0,0.0,0.0,0.0,0.0,-0.01,-1,-1,-0.01,-1,-1,-0.01,-1,-1,-0.01,-1,-1,-0.01,-1,-1,-0.01,-1,-1,-0.01,-1,-1,-0.01,-1,-1,-0.01,-1,-1,-0.01,-1,-1
99926009,2026-05-18 11:22:22+05:30,53101.35,0,0.0,0,0.0,0.0,53282.15,53308.4,52783.45,53710.35,0,0.0,0.0,0.0,0.0,-0.01,-1,-1,-0.01,-1,-1,-0.01,-1,-1,-0.01,-1,-1,-0.01,-1,-1,-0.01,-1,-1,-0.01,-1,-1,-0.01,-1,-1,-0.01,-1,-1,-0.01,-1,-1
99926009,2026-05-18 11:22:23+05:30,53102.5,0,0.0,0,0.0,0.0,53282.15,53308.4,52783.45,53710.35,0,0.0,0.0,0.0,0.0,-0.01,-1,-1,-0.01,-1,-1,-0.01,-1,-1,-0.01,-1,-1,-0.01,-1,-1,-0.01,-1,-1,-0.01,-1,-1,-0.01,-1,-1,-0.01,-1,-1,-0.01,-1,-1
99926009,2026-05-18 11:22:23+05:30,53103.4,0,0.0,0,0.0,0.0,53282.15,53308.4,52783.45,53710.35,0,0.0,0.0,0.0,0.0,-0.01,-1,-1,-0.01,-1,-1,-0.01,-1,-1,-0.01,-1,-1,-0.01,-1,-1,-0.01,-1,-1,-0.01,-1,-1,-0.01,-1,-1,-0.01,-1,-1,-0.01,-1,-1
99926009,2026-05-18 11:22:24+05:30,53102.35,0,0.0,0,0.0,0.0,53282.15,53308.4,52783.45,53710.35,0,0.0,0.0,0.0,0.0,-0.01,-1,-1,-0.01,-1,-1,-0.01,-1,-1,-0.01,-1,-1,-0.01,-1,-1,-0.01,-1,-1,-0.01,-1,-1,-0.01,-1,-1,-0.01,-1,-1,-0.01,-1,-1
99926009,2026-05-18 11:22:24+05:30,53104.9,0,0.0,0,0.0,0.0,53282.15,53308.4,52783.45,53710.35,0,0.0,0.0,0.0,0.0,-0.01,-1,-1,-0.01,-1,-1,-0.01,-1,-1,-0.01,-1,-1,-0.01,-1,-1,-0.01,-1,-1,-0.01,-1,-1,-0.01,-1,-1,-0.01,-1,-1,-0.01,-1,-1
99926009,2026-05-18 11:22:25+05:30,53104.9,0,0.0,0,0.0,0.0,53282.15,53308.4,52783.45,53710.35,0,0.0,0.0,0.0,0.0,-0.01,-1,-1,-0.01,-1,-1,-0.01,-1,-1,-0.01,-1,-1,-0.01,-1,-1,-0.01,-1,-1,-0.01,-1,-1,-0.01,-1,-1,-0.01,-1,-1,-0.01,-1,-1
99926009,2026-05-18 11:22:25+05:30,53104.9,0,0.0,0,0.0,0.0,53282.15,53308.4,52783.45,53710.35,0,0.0,0.0,0.0,0.0,-0.01,-1,-1,-0.01,-1,-1,-0.01,-1,-1,-0.01,-1,-1,-0.01,-1,-1,-0.01,-1,-1,-0.01,-1,-1,-0.01,-1,-1,-0.01,-1,-1,-0.01,-1,-1
99926009,2026-05-18 11:22:26+05:30,53103.3,0,0.0,0,0.0,0.0,53282.15,53308.4,52783.45,53710.35,0,0.0,0.0,0.0,0.0,-0.01,-1,-1,-0.01,-1,-1,-0.01,-1,-1,-0.01,-1,-1,-0.01,-1,-1,-0.01,-1,-1,-0.01,-1,-1,-0.01,-1,-1,-0.01,-1,-1,-0.01,-1,-1
99926009,2026-05-18 11:22:26+05:30,53103.4,0,0.0,0,0.0,0.0,53282.15,53308.4,52783.45,53710.35,0,0.0,0.0,0.0,0.0,-0.01,-1,-1,-0.01,-1,-1,-0.01,-1,-1,-0.01,-1,-1,-0.01,-1,-1,-0.01,-1,-1,-0.01,-1,-1,-0.01,-1,-1,-0.01,-1,-1,-0.01,-1,-1
99926009,2026-05-18 11:22:27+05:30,53104.1,0,0.0,0,0.0,0.0,53282.15,53308.4,52783.45,53710.35,0,0.0,0.0,0.0,0.0,-0.01,-1,-1,-0.01,-1,-1,-0.01,-1,-1,-0.01,-1,-1,-0.01,-1,-1,-0.01,-1,-1,-0.01,-1,-1,-0.01,-1,-1,-0.01,-1,-1,-0.01,-1,-1
99926009,2026-05-18 11:22:27+05:30,53102.95,0,0.0,0,0.0,0.0,53282.15,53308.4,52783.45,53710.35,0,0.0,0.0,0.0,0.0,-0.01,-1,-1,-0.01,-1,-1,-0.01,-1,-1,-0.01,-1,-1,-0.01,-1,-1,-0.01,-1,-1,-0.01,-1,-1,-0.01,-1,-1,-0.01,-1,-1,-0.01,-1,-1
99926009,2026-05-18 11:22:28+05:30,53102.9,0,0.0,0,0.0,0.0,53282.15,53308.4,52783.45,53710.35,0,0.0,0.0,0.0,0.0,-0.01,-1,-1,-0.01,-1,-1,-0.01,-1,-1,-0.01,-1,-1,-0.01,-1,-1,-0.01,-1,-1,-0.01,-1,-1,-0.01,-1,-1,-0.01,-1,-1,-0.01,-1,-1
99926009,2026-05-18 11:22:28+05:30,53105.75,0,0.0,0,0.0,0.0,53282.15,53308.4,52783.45,53710.35,0,0.0,0.0,0.0,0.0,-0.01,-1,-1,-0.01,-1,-1,-0.01,-1,-1,-0.01,-1,-1,-0.01,-1,-1,-0.01,-1,-1,-0.01,-1,-1,-0.01,-1,-1,-0.01,-1,-1,-0.01,-1,-1
99926009,2026-05-18 11:22:29+05:30,53105.75,0,0.0,0,0.0,0.0,53282.15,53308.4,52783.45,53710.35,0,0.0,0.0,0.0,0.0,-0.01,-1,-1,-0.01,-1,-1,-0.01,-1,-1,-0.01,-1,-1,-0.01,-1,-1,-0.01,-1,-1,-0.01,-1,-1,-0.01,-1,-1,-0.01,-1,-1,-0.01,-1,-1
99926009,2026-05-18 11:22:29+05:30,53105.05,0,0.0,0,0.0,0.0,53282.15,53308.4,52783.45,53710.35,0,0.0,0.0,0.0,0.0,-0.01,-1,-1,-0.01,-1,-1,-0.01,-1,-1,-0.01,-1,-1,-0.01,-1,-1,-0.01,-1,-1,-0.01,-1,-1,-0.01,-1,-1,-0.01,-1,-1,-0.01,-1,-1
99926009,2026-05-18 11:22:30+05:30,53107.35,0,0.0,0,0.0,0.0,53282.15,53308.4,52783.45,53710.35,0,0.0,0.0,0.0,0.0,-0.01,-1,-1,-0.01,-1,-1,-0.01,-1,-1,-0.01,-1,-1,-0.01,-1,-1,-0.01,-1,-1,-0.01,-1,-1,-0.01,-1,-1,-0.01,-1,-1,-0.01,-1,-1
99926009,2026-05-18 11:22:30+05:30,53108.75,0,0.0,0,0.0,0.0,53282.15,53308.4,52783.45,53710.35,0,0.0,0.0,0.0,0.0,-0.01,-1,-1,-0.01,-1,-1,-0.01,-1,-1,-0.01,-1,-1,-0.01,-1,-1,-0.01,-1,-1,-0.01,-1,-1,-0.01,-1,-1,-0.01,-1,-1,-0.01,-1,-1
99926009,2026-05-18 11:22:31+05:30,53106.15,0,0.0,0,0.0,0.0,53282.15,53308.4,52783.45,53710.35,0,0.0,0.0,0.0,0.0,-0.01,-1,-1,-0.01,-1,-1,-0.01,-1,-1,-0.01,-1,-1,-0.01,-1,-1,-0.01,-1,-1,-0.01,-1,-1,-0.01,-1,-1,-0.01,-1,-1,-0.01,-1,-1
99926009,2026-05-18 11:22:31+05:30,53106.3,0,0.0,0,0.0,0.0,53282.15,53308.4,52783.45,53710.35,0,0.0,0.0,0.0,0.0,-0.01,-1,-1,-0.01,-1,-1,-0.01,-1,-1,-0.01,-1,-1,-0.01,-1,-1,-0.01,-1,-1,-0.01,-1,-1,-0.01,-1,-1,-0.01,-1,-1,-0.01,-1,-1
99926009,2026-05-18 11:22:32+05:30,53105.7,0,0.0,0,0.0,0.0,53282.15,53308.4,52783.45,53710.35,0,0.0,0.0,0.0,0.0,-0.01,-1,-1,-0.01,-1,-1,-0.01,-1,-1,-0.01,-1,-1,-0.01,-1,-1,-0.01,-1,-1,-0.01,-1,-1,-0.01,-1,-1,-0.01,-1,-1,-0.01,-1,-1
99926009,2026-05-18 11:22:32+05:30,53106.05,0,0.0,0,0.0,0.0,53282.15,53308.4,52783.45,53710.35,0,0.0,0.0,0.0,0.0,-0.01,-1,-1,-0.01,-1,-1,-0.01,-1,-1,-0.01,-1,-1,-0.01,-1,-1,-0.01,-1,-1,-0.01,-1,-1,-0.01,-1,-1,-0.01,-1,-1,-0.01,-1,-1
99926009,2026-05-18 11:22:33+05:30,53104.75,0,0.0,0,0.0,0.0,53282.15,53308.4,52783.45,53710.35,0,0.0,0.0,0.0,0.0,-0.01,-1,-1,-0.01,-1,-1,-0.01,-1,-1,-0.01,-1,-1,-0.01,-1,-1,-0.01,-1,-1,-0.01,-1,-1,-0.01,-1,-1,-0.01,-1,-1,-0.01,-1,-1
99926009,2026-05-18 11:22:33+05:30,53104.3,0,0.0,0,0.0,0.0,53282.15,53308.4,52783.45,53710.35,0,0.0,0.0,0.0,0.0,-0.01,-1,-1,-0.01,-1,-1,-0.01,-1,-1,-0.01,-1,-1,-0.01,-1,-1,-0.01,-1,-1,-0.01,-1,-1,-0.01,-1,-1,-0.01,-1,-1,-0.01,-1,-1
99926009,2026-05-18 11:22:34+05:30,53104.3,0,0.0,0,0.0,0.0,53282.15,53308.4,52783.45,53710.35,0,0.0,0.0,0.0,0.0,-0.01,-1,-1,-0.01,-1,-1,-0.01,-1,-1,-0.01,-1,-1,-0.01,-1,-1,-0.01,-1,-1,-0.01,-1,-1,-0.01,-1,-1,-0.01,-1,-1,-0.01,-1,-1
99926009,2026-05-18 11:22:34+05:30,53104.3,0,0.0,0,0.0,0.0,53282.15,53308.4,52783.45,53710.35,0,0.0,0.0,0.0,0.0,-0.01,-1,-1,-0.01,-1,-1,-0.01,-1,-1,-0.01,-1,-1,-0.01,-1,-1,-0.01,-1,-1,-0.01,-1,-1,-0.01,-1,-1,-0.01,-1,-1,-0.01,-1,-1
99926009,2026-05-18 11:22:35+05:30,53105.6,0,0.0,0,0.0,0.0,53282.15,53308.4,52783.45,53710.35,0,0.0,0.0,0.0,0.0,-0.01,-1,-1,-0.01,-1,-1,-0.01,-1,-1,-0.01,-1,-1,-0.01,-1,-1,-0.01,-1,-1,-0.01,-1,-1,-0.01,-1,-1,-0.01,-1,-1,-0.01,-1,-1
99926009,2026-05-18 11:22:35+05:30,53104.85,0,0.0,0,0.0,0.0,53282.15,53308.4,52783.45,53710.35,0,0.0,0.0,0.0,0.0,-0.01,-1,-1,-0.01,-1,-1,-0.01,-1,-1,-0.01,-1,-1,-0.01,-1,-1,-0.01,-1,-1,-0.01,-1,-1,-0.01,-1,-1,-0.01,-1,-1,-0.01,-1,-1
99926009,2026-05-18 11:22:36+05:30,53106.9,0,0.0,0,0.0,0.0,53282.15,53308.4,52783.45,53710.35,0,0.0,0.0,0.0,0.0,-0.01,-1,-1,-0.01,-1,-1,-0.01,-1,-1,-0.01,-1,-1,-0.01,-1,-1,-0.01,-1,-1,-0.01,-1,-1,-0.01,-1,-1,-0.01,-1,-1,-0.01,-1,-1
99926009,2026-05-18 11:22:36+05:30,53106.1,0,0.0,0,0.0,0.0,53282.15,53308.4,52783.45,53710.35,0,0.0,0.0,0.0,0.0,-0.01,-1,-1,-0.01,-1,-1,-0.01,-1,-1,-0.01,-1,-1,-0.01,-1,-1,-0.01,-1,-1,-0.01,-1,-1,-0.01,-1,-1,-0.01,-1,-1,-0.01,-1,-1
99926009,2026-05-18 11:22:37+05:30,53106.7,0,0.0,0,0.0,0.0,53282.15,53308.4,52783.45,53710.35,0,0.0,0.0,0.0,0.0,-0.01,-1,-1,-0.01,-1,-1,-0.01,-1,-1,-0.01,-1,-1,-0.01,-1,-1,-0.01,-1,-1,-0.01,-1,-1,-0.01,-1,-1,-0.01,-1,-1,-0.01,-1,-1
99926009,2026-05-18 11:22:37+05:30,53108.4,0,0.0,0,0.0,0.0,53282.15,53308.4,52783.45,53710.35,0,0.0,0.0,0.0,0.0,-0.01,-1,-1,-0.01,-1,-1,-0.01,-1,-1,-0.01,-1,-1,-0.01,-1,-1,-0.01,-1,-1,-0.01,-1,-1,-0.01,-1,-1,-0.01,-1,-1,-0.01,-1,-1
99926009,2026-05-18 11:22:38+05:30,53107.85,0,0.0,0,0.0,0.0,53282.15,53308.4,52783.45,53710.35,0,0.0,0.0,0.0,0.0,-0.01,-1,-1,-0.01,-1,-1,-0.01,-1,-1,-0.01,-1,-1,-0.01,-1,-1,-0.01,-1,-1,-0.01,-1,-1,-0.01,-1,-1,-0.01,-1,-1,-0.01,-1,-1
99926009,2026-05-18 11:22:38+05:30,53107.75,0,0.0,0,0.0,0.0,53282.15,53308.4,52783.45,53710.35,0,0.0,0.0,0.0,0.0,-0.01,-1,-1,-0.01,-1,-1,-0.01,-1,-1,-0.01,-1,-1,-0.01,-1,-1,-0.01,-1,-1,-0.01,-1,-1,-0.01,-1,-1,-0.01,-1,-1,-0.01,-1,-1
99926009,2026-05-18 11:22:39+05:30,53110.3,0,0.0,0,0.0,0.0,53282.15,53308.4,52783.45,53710.35,0,0.0,0.0,0.0,0.0,-0.01,-1,-1,-0.01,-1,-1,-0.01,-1,-1,-0.01,-1,-1,-0.01,-1,-1,-0.01,-1,-1,-0.01,-1,-1,-0.01,-1,-1,-0.01,-1,-1,-0.01,-1,-1
99926009,2026-05-18 11:22:39+05:30,53111.6,0,0.0,0,0.0,0.0,53282.15,53308.4,52783.45,53710.35,0,0.0,0.0,0.0,0.0,-0.01,-1,-1,-0.01,-1,-1,-0.01,-1,-1,-0.01,-1,-1,-0.01,-1,-1,-0.01,-1,-1,-0.01,-1,-1,-0.01,-1,-1,-0.01,-1,-1,-0.01,-1,-1
99926009,2026-05-18 11:22:40+05:30,53109.6,0,0.0,0,0.0,0.0,53282.15,53308.4,52783.45,53710.35,0,0.0,0.0,0.0,0.0,-0.01,-1,-1,-0.01,-1,-1,-0.01,-1,-1,-0.01,-1,-1,-0.01,-1,-1,-0.01,-1,-1,-0.01,-1,-1,-0.01,-1,-1,-0.01,-1,-1,-0.01,-1,-1
99926009,2026-05-18 11:22:40+05:30,53114.35,0,0.0,0,0.0,0.0,53282.15,53308.4,52783.45,53710.35,0,0.0,0.0,0.0,0.0,-0.01,-1,-1,-0.01,-1,-1,-0.01,-1,-1,-0.01,-1,-1,-0.01,-1,-1,-0.01,-1,-1,-0.01,-1,-1,-0.01,-1,-1,-0.01,-1,-1,-0.01,-1,-1
99926009,2026-05-18 11:22:41+05:30,53111.3,0,0.0,0,0.0,0.0,53282.15,53308.4,52783.45,53710.35,0,0.0,0.0,0.0,0.0,-0.01,-1,-1,-0.01,-1,-1,-0.01,-1,-1,-0.01,-1,-1,-0.01,-1,-1,-0.01,-1,-1,-0.01,-1,-1,-0.01,-1,-1,-0.01,-1,-1,-0.01,-1,-1
99926009,2026-05-18 11:22:41+05:30,53112.75,0,0.0,0,0.0,0.0,53282.15,53308.4,52783.45,53710.35,0,0.0,0.0,0.0,0.0,-0.01,-1,-1,-0.01,-1,-1,-0.01,-1,-1,-0.01,-1,-1,-0.01,-1,-1,-0.01,-1,-1,-0.01,-1,-1,-0.01,-1,-1,-0.01,-1,-1,-0.01,-1,-1
99926009,2026-05-18 11:22:42+05:30,53108.85,0,0.0,0,0.0,0.0,53282.15,53308.4,52783.45,53710.35,0,0.0,0.0,0.0,0.0,-0.01,-1,-1,-0.01,-1,-1,-0.01,-1,-1,-0.01,-1,-1,-0.01,-1,-1,-0.01,-1,-1,-0.01,-1,-1,-0.01,-1,-1,-0.01,-1,-1,-0.01,-1,-1
99926009,2026-05-18 11:22:42+05:30,53110.25,0,0.0,0,0.0,0.0,53282.15,53308.4,52783.45,53710.35,0,0.0,0.0,0.0,0.0,-0.01,-1,-1,-0.01,-1,-1,-0.01,-1,-1,-0.01,-1,-1,-0.01,-1,-1,-0.01,-1,-1,-0.01,-1,-1,-0.01,-1,-1,-0.01,-1,-1,-0.01,-1,-1
99926009,2026-05-18 11:22:43+05:30,53110.1,0,0.0,0,0.0,0.0,53282.15,53308.4,52783.45,53710.35,0,0.0,0.0,0.0,0.0,-0.01,-1,-1,-0.01,-1,-1,-0.01,-1,-1,-0.01,-1,-1,-0.01,-1,-1,-0.01,-1,-1,-0.01,-1,-1,-0.01,-1,-1,-0.01,-1,-1,-0.01,-1,-1
99926009,2026-05-18 11:22:43+05:30,53110.85,0,0.0,0,0.0,0.0,53282.15,53308.4,52783.45,53710.35,0,0.0,0.0,0.0,0.0,-0.01,-1,-1,-0.01,-1,-1,-0.01,-1,-1,-0.01,-1,-1,-0.01,-1,-1,-0.01,-1,-1,-0.01,-1,-1,-0.01,-1,-1,-0.01,-1,-1,-0.01,-1,-1
99926009,2026-05-18 11:22:44+05:30,53109.5,0,0.0,0,0.0,0.0,53282.15,53308.4,52783.45,53710.35,0,0.0,0.0,0.0,0.0,-0.01,-1,-1,-0.01,-1,-1,-0.01,-1,-1,-0.01,-1,-1,-0.01,-1,-1,-0.01,-1,-1,-0.01,-1,-1,-0.01,-1,-1,-0.01,-1,-1,-0.01,-1,-1
99926009,2026-05-18 11:22:44+05:30,53113.2,0,0.0,0,0.0,0.0,53282.15,53308.4,52783.45,53710.35,0,0.0,0.0,0.0,0.0,-0.01,-1,-1,-0.01,-1,-1,-0.01,-1,-1,-0.01,-1,-1,-0.01,-1,-1,-0.01,-1,-1,-0.01,-1,-1,-0.01,-1,-1,-0.01,-1,-1,-0.01,-1,-1
99926009,2026-05-18 11:22:45+05:30,53112.95,0,0.0,0,0.0,0.0,53282.15,53308.4,52783.45,53710.35,0,0.0,0.0,0.0,0.0,-0.01,-1,-1,-0.01,-1,-1,-0.01,-1,-1,-0.01,-1,-1,-0.01,-1,-1,-0.01,-1,-1,-0.01,-1,-1,-0.01,-1,-1,-0.01,-1,-1,-0.01,-1,-1
99926009,2026-05-18 11:22:45+05:30,53115.15,0,0.0,0,0.0,0.0,53282.15,53308.4,52783.45,53710.35,0,0.0,0.0,0.0,0.0,-0.01,-1,-1,-0.01,-1,-1,-0.01,-1,-1,-0.01,-1,-1,-0.01,-1,-1,-0.01,-1,-1,-0.01,-1,-1,-0.01,-1,-1,-0.01,-1,-1,-0.01,-1,-1
99926009,2026-05-18 11:22:46+05:30,53112.45,0,0.0,0,0.0,0.0,53282.15,53308.4,52783.45,53710.35,0,0.0,0.0,0.0,0.0,-0.01,-1,-1,-0.01,-1,-1,-0.01,-1,-1,-0.01,-1,-1,-0.01,-1,-1,-0.01,-1,-1,-0.01,-1,-1,-0.01,-1,-1,-0.01,-1,-1,-0.01,-1,-1
99926009,2026-05-18 11:22:46+05:30,53114.15,0,0.0,0,0.0,0.0,53282.15,53308.4,52783.45,53710.35,0,0.0,0.0,0.0,0.0,-0.01,-1,-1,-0.01,-1,-1,-0.01,-1,-1,-0.01,-1,-1,-0.01,-1,-1,-0.01,-1,-1,-0.01,-1,-1,-0.01,-1,-1,-0.01,-1,-1,-0.01,-1,-1
99926009,2026-05-18 11:22:47+05:30,53114.8,0,0.0,0,0.0,0.0,53282.15,53308.4,52783.45,53710.35,0,0.0,0.0,0.0,0.0,-0.01,-1,-1,-0.01,-1,-1,-0.01,-1,-1,-0.01,-1,-1,-0.01,-1,-1,-0.01,-1,-1,-0.01,-1,-1,-0.01,-1,-1,-0.01,-1,-1,-0.01,-1,-1
99926009,2026-05-18 11:22:47+05:30,53113.1,0,0.0,0,0.0,0.0,53282.15,53308.4,52783.45,53710.35,0,0.0,0.0,0.0,0.0,-0.01,-1,-1,-0.01,-1,-1,-0.01,-1,-1,-0.01,-1,-1,-0.01,-1,-1,-0.01,-1,-1,-0.01,-1,-1,-0.01,-1,-1,-0.01,-1,-1,-0.01,-1,-1
99926009,2026-05-18 11:22:48+05:30,53114.35,0,0.0,0,0.0,0.0,53282.15,53308.4,52783.45,53710.35,0,0.0,0.0,0.0,0.0,-0.01,-1,-1,-0.01,-1,-1,-0.01,-1,-1,-0.01,-1,-1,-0.01,-1,-1,-0.01,-1,-1,-0.01,-1,-1,-0.01,-1,-1,-0.01,-1,-1,-0.01,-1,-1
99926009,2026-05-18 11:22:48+05:30,53114.95,0,0.0,0,0.0,0.0,53282.15,53308.4,52783.45,53710.35,0,0.0,0.0,0.0,0.0,-0.01,-1,-1,-0.01,-1,-1,-0.01,-1,-1,-0.01,-1,-1,-0.01,-1,-1,-0.01,-1,-1,-0.01,-1,-1,-0.01,-1,-1,-0.01,-1,-1,-0.01,-1,-1
99926009,2026-05-18 11:22:49+05:30,53114.2,0,0.0,0,0.0,0.0,53282.15,53308.4,52783.45,53710.35,0,0.0,0.0,0.0,0.0,-0.01,-1,-1,-0.01,-1,-1,-0.01,-1,-1,-0.01,-1,-1,-0.01,-1,-1,-0.01,-1,-1,-0.01,-1,-1,-0.01,-1,-1,-0.01,-1,-1,-0.01,-1,-1
99926009,2026-05-18 11:22:49+05:30,53114.6,0,0.0,0,0.0,0.0,53282.15,53308.4,52783.45,53710.35,0,0.0,0.0,0.0,0.0,-0.01,-1,-1,-0.01,-1,-1,-0.01,-1,-1,-0.01,-1,-1,-0.01,-1,-1,-0.01,-1,-1,-0.01,-1,-1,-0.01,-1,-1,-0.01,-1,-1,-0.01,-1,-1
99926009,2026-05-18 11:22:50+05:30,53114.8,0,0.0,0,0.0,0.0,53282.15,53308.4,52783.45,53710.35,0,0.0,0.0,0.0,0.0,-0.01,-1,-1,-0.01,-1,-1,-0.01,-1,-1,-0.01,-1,-1,-0.01,-1,-1,-0.01,-1,-1,-0.01,-1,-1,-0.01,-1,-1,-0.01,-1,-1,-0.01,-1,-1
99926009,2026-05-18 11:22:50+05:30,53118.9,0,0.0,0,0.0,0.0,53282.15,53308.4,52783.45,53710.35,0,0.0,0.0,0.0,0.0,-0.01,-1,-1,-0.01,-1,-1,-0.01,-1,-1,-0.01,-1,-1,-0.01,-1,-1,-0.01,-1,-1,-0.01,-1,-1,-0.01,-1,-1,-0.01,-1,-1,-0.01,-1,-1
99926009,2026-05-18 11:22:51+05:30,53118.3,0,0.0,0,0.0,0.0,53282.15,53308.4,52783.45,53710.35,0,0.0,0.0,0.0,0.0,-0.01,-1,-1,-0.01,-1,-1,-0.01,-1,-1,-0.01,-1,-1,-0.01,-1,-1,-0.01,-1,-1,-0.01,-1,-1,-0.01,-1,-1,-0.01,-1,-1,-0.01,-1,-1
99926009,2026-05-18 11:22:51+05:30,53120.55,0,0.0,0,0.0,0.0,53282.15,53308.4,52783.45,53710.35,0,0.0,0.0,0.0,0.0,-0.01,-1,-1,-0.01,-1,-1,-0.01,-1,-1,-0.01,-1,-1,-0.01,-1,-1,-0.01,-1,-1,-0.01,-1,-1,-0.01,-1,-1,-0.01,-1,-1,-0.01,-1,-1
99926009,2026-05-18 11:22:52+05:30,53119.9,0,0.0,0,0.0,0.0,53282.15,53308.4,52783.45,53710.35,0,0.0,0.0,0.0,0.0,-0.01,-1,-1,-0.01,-1,-1,-0.01,-1,-1,-0.01,-1,-1,-0.01,-1,-1,-0.01,-1,-1,-0.01,-1,-1,-0.01,-1,-1,-0.01,-1,-1,-0.01,-1,-1
99926009,2026-05-18 11:22:52+05:30,53120.0,0,0.0,0,0.0,0.0,53282.15,53308.4,52783.45,53710.35,0,0.0,0.0,0.0,0.0,-0.01,-1,-1,-0.01,-1,-1,-0.01,-1,-1,-0.01,-1,-1,-0.01,-1,-1,-0.01,-1,-1,-0.01,-1,-1,-0.01,-1,-1,-0.01,-1,-1,-0.01,-1,-1
99926009,2026-05-18 11:22:53+05:30,53121.25,0,0.0,0,0.0,0.0,53282.15,53308.4,52783.45,53710.35,0,0.0,0.0,0.0,0.0,-0.01,-1,-1,-0.01,-1,-1,-0.01,-1,-1,-0.01,-1,-1,-0.01,-1,-1,-0.01,-1,-1,-0.01,-1,-1,-0.01,-1,-1,-0.01,-1,-1,-0.01,-1,-1
99926009,2026-05-18 11:22:53+05:30,53120.55,0,0.0,0,0.0,0.0,53282.15,53308.4,52783.45,53710.35,0,0.0,0.0,0.0,0.0,-0.01,-1,-1,-0.01,-1,-1,-0.01,-1,-1,-0.01,-1,-1,-0.01,-1,-1,-0.01,-1,-1,-0.01,-1,-1,-0.01,-1,-1,-0.01,-1,-1,-0.01,-1,-1
99926009,2026-05-18 11:22:54+05:30,53119.95,0,0.0,0,0.0,0.0,53282.15,53308.4,52783.45,53710.35,0,0.0,0.0,0.0,0.0,-0.01,-1,-1,-0.01,-1,-1,-0.01,-1,-1,-0.01,-1,-1,-0.01,-1,-1,-0.01,-1,-1,-0.01,-1,-1,-0.01,-1,-1,-0.01,-1,-1,-0.01,-1,-1
99926009,2026-05-18 11:22:54+05:30,53118.45,0,0.0,0,0.0,0.0,53282.15,53308.4,52783.45,53710.35,0,0.0,0.0,0.0,0.0,-0.01,-1,-1,-0.01,-1,-1,-0.01,-1,-1,-0.01,-1,-1,-0.01,-1,-1,-0.01,-1,-1,-0.01,-1,-1,-0.01,-1,-1,-0.01,-1,-1,-0.01,-1,-1
99926009,2026-05-18 11:22:55+05:30,53118.9,0,0.0,0,0.0,0.0,53282.15,53308.4,52783.45,53710.35,0,0.0,0.0,0.0,0.0,-0.01,-1,-1,-0.01,-1,-1,-0.01,-1,-1,-0.01,-1,-1,-0.01,-1,-1,-0.01,-1,-1,-0.01,-1,-1,-0.01,-1,-1,-0.01,-1,-1,-0.01,-1,-1
99926009,2026-05-18 11:22:55+05:30,53122.45,0,0.0,0,0.0,0.0,53282.15,53308.4,52783.45,53710.35,0,0.0,0.0,0.0,0.0,-0.01,-1,-1,-0.01,-1,-1,-0.01,-1,-1,-0.01,-1,-1,-0.01,-1,-1,-0.01,-1,-1,-0.01,-1,-1,-0.01,-1,-1,-0.01,-1,-1,-0.01,-1,-1
99926009,2026-05-18 11:22:56+05:30,53113.25,0,0.0,0,0.0,0.0,53282.15,53308.4,52783.45,53710.35,0,0.0,0.0,0.0,0.0,-0.01,-1,-1,-0.01,-1,-1,-0.01,-1,-1,-0.01,-1,-1,-0.01,-1,-1,-0.01,-1,-1,-0.01,-1,-1,-0.01,-1,-1,-0.01,-1,-1,-0.01,-1,-1
99926009,2026-05-18 11:22:56+05:30,53117.9,0,0.0,0,0.0,0.0,53282.15,53308.4,52783.45,53710.35,0,0.0,0.0,0.0,0.0,-0.01,-1,-1,-0.01,-1,-1,-0.01,-1,-1,-0.01,-1,-1,-0.01,-1,-1,-0.01,-1,-1,-0.01,-1,-1,-0.01,-1,-1,-0.01,-1,-1,-0.01,-1,-1
99926009,2026-05-18 11:22:57+05:30,53116.6,0,0.0,0,0.0,0.0,53282.15,53308.4,52783.45,53710.35,0,0.0,0.0,0.0,0.0,-0.01,-1,-1,-0.01,-1,-1,-0.01,-1,-1,-0.01,-1,-1,-0.01,-1,-1,-0.01,-1,-1,-0.01,-1,-1,-0.01,-1,-1,-0.01,-1,-1,-0.01,-1,-1
99926009,2026-05-18 11:22:57+05:30,53118.65,0,0.0,0,0.0,0.0,53282.15,53308.4,52783.45,53710.35,0,0.0,0.0,0.0,0.0,-0.01,-1,-1,-0.01,-1,-1,-0.01,-1,-1,-0.01,-1,-1,-0.01,-1,-1,-0.01,-1,-1,-0.01,-1,-1,-0.01,-1,-1,-0.01,-1,-1,-0.01,-1,-1
99926009,2026-05-18 11:22:58+05:30,53121.8,0,0.0,0,0.0,0.0,53282.15,53308.4,52783.45,53710.35,0,0.0,0.0,0.0,0.0,-0.01,-1,-1,-0.01,-1,-1,-0.01,-1,-1,-0.01,-1,-1,-0.01,-1,-1,-0.01,-1,-1,-0.01,-1,-1,-0.01,-1,-1,-0.01,-1,-1,-0.01,-1,-1
99926009,2026-05-18 11:22:58+05:30,53122.3,0,0.0,0,0.0,0.0,53282.15,53308.4,52783.45,53710.35,0,0.0,0.0,0.0,0.0,-0.01,-1,-1,-0.01,-1,-1,-0.01,-1,-1,-0.01,-1,-1,-0.01,-1,-1,-0.01,-1,-1,-0.01,-1,-1,-0.01,-1,-1,-0.01,-1,-1,-0.01,-1,-1
99926009,2026-05-18 11:22:59+05:30,53122.8,0,0.0,0,0.0,0.0,53282.15,53308.4,52783.45,53710.35,0,0.0,0.0,0.0,0.0,-0.01,-1,-1,-0.01,-1,-1,-0.01,-1,-1,-0.01,-1,-1,-0.01,-1,-1,-0.01,-1,-1,-0.01,-1,-1,-0.01,-1,-1,-0.01,-1,-1,-0.01,-1,-1
99926009,2026-05-18 11:22:59+05:30,53123.2,0,0.0,0,0.0,0.0,53282.15,53308.4,52783.45,53710.35,0,0.0,0.0,0.0,0.0,-0.01,-1,-1,-0.01,-1,-1,-0.01,-1,-1,-0.01,-1,-1,-0.01,-1,-1,-0.01,-1,-1,-0.01,-1,-1,-0.01,-1,-1,-0.01,-1,-1,-0.01,-1,-1
99926009,2026-05-18 11:23:00+05:30,53122.55,0,0.0,0,0.0,0.0,53282.15,53308.4,52783.45,53710.35,0,0.0,0.0,0.0,0.0,-0.01,-1,-1,-0.01,-1,-1,-0.01,-1,-1,-0.01,-1,-1,-0.01,-1,-1,-0.01,-1,-1,-0.01,-1,-1,-0.01,-1,-1,-0.01,-1,-1,-0.01,-1,-1
99926009,2026-05-18 11:23:00+05:30,53121.2,0,0.0,0,0.0,0.0,53282.15,53308.4,52783.45,53710.35,0,0.0,0.0,0.0,0.0,-0.01,-1,-1,-0.01,-1,-1,-0.01,-1,-1,-0.01,-1,-1,-0.01,-1,-1,-0.01,-1,-1,-0.01,-1,-1,-0.01,-1,-1,-0.01,-1,-1,-0.01,-1,-1
99926009,2026-05-18 11:23:01+05:30,53124.5,0,0.0,0,0.0,0.0,53282.15,53308.4,52783.45,53710.35,0,0.0,0.0,0.0,0.0,-0.01,-1,-1,-0.01,-1,-1,-0.01,-1,-1,-0.01,-1,-1,-0.01,-1,-1,-0.01,-1,-1,-0.01,-1,-1,-0.01,-1,-1,-0.01,-1,-1,-0.01,-1,-1
99926009,2026-05-18 11:23:01+05:30,53125.4,0,0.0,0,0.0,0.0,53282.15,53308.4,52783.45,53710.35,0,0.0,0.0,0.0,0.0,-0.01,-1,-1,-0.01,-1,-1,-0.01,-1,-1,-0.01,-1,-1,-0.01,-1,-1,-0.01,-1,-1,-0.01,-1,-1,-0.01,-1,-1,-0.01,-1,-1,-0.01,-1,-1
99926009,2026-05-18 11:23:02+05:30,53123.45,0,0.0,0,0.0,0.0,53282.15,53308.4,52783.45,53710.35,0,0.0,0.0,0.0,0.0,-0.01,-1,-1,-0.01,-1,-1,-0.01,-1,-1,-0.01,-1,-1,-0.01,-1,-1,-0.01,-1,-1,-0.01,-1,-1,-0.01,-1,-1,-0.01,-1,-1,-0.01,-1,-1
99926009,2026-05-18 11:23:02+05:30,53119.65,0,0.0,0,0.0,0.0,53282.15,53308.4,52783.45,53710.35,0,0.0,0.0,0.0,0.0,-0.01,-1,-1,-0.01,-1,-1,-0.01,-1,-1,-0.01,-1,-1,-0.01,-1,-1,-0.01,-1,-1,-0.01,-1,-1,-0.01,-1,-1,-0.01,-1,-1,-0.01,-1,-1
99926009,2026-05-18 11:23:03+05:30,53121.05,0,0.0,0,0.0,0.0,53282.15,53308.4,52783.45,53710.35,0,0.0,0.0,0.0,0.0,-0.01,-1,-1,-0.01,-1,-1,-0.01,-1,-1,-0.01,-1,-1,-0.01,-1,-1,-0.01,-1,-1,-0.01,-1,-1,-0.01,-1,-1,-0.01,-1,-1,-0.01,-1,-1
99926009,2026-05-18 11:23:03+05:30,53121.15,0,0.0,0,0.0,0.0,53282.15,53308.4,52783.45,53710.35,0,0.0,0.0,0.0,0.0,-0.01,-1,-1,-0.01,-1,-1,-0.01,-1,-1,-0.01,-1,-1,-0.01,-1,-1,-0.01,-1,-1,-0.01,-1,-1,-0.01,-1,-1,-0.01,-1,-1,-0.01,-1,-1
99926009,2026-05-18 11:23:04+05:30,53121.6,0,0.0,0,0.0,0.0,53282.15,53308.4,52783.45,53710.35,0,0.0,0.0,0.0,0.0,-0.01,-1,-1,-0.01,-1,-1,-0.01,-1,-1,-0.01,-1,-1,-0.01,-1,-1,-0.01,-1,-1,-0.01,-1,-1,-0.01,-1,-1,-0.01,-1,-1,-0.01,-1,-1
99926009,2026-05-18 11:23:04+05:30,53121.85,0,0.0,0,0.0,0.0,53282.15,53308.4,52783.45,53710.35,0,0.0,0.0,0.0,0.0,-0.01,-1,-1,-0.01,-1,-1,-0.01,-1,-1,-0.01,-1,-1,-0.01,-1,-1,-0.01,-1,-1,-0.01,-1,-1,-0.01,-1,-1,-0.01,-1,-1,-0.01,-1,-1
99926009,2026-05-18 11:23:05+05:30,53122.75,0,0.0,0,0.0,0.0,53282.15,53308.4,52783.45,53710.35,0,0.0,0.0,0.0,0.0,-0.01,-1,-1,-0.01,-1,-1,-0.01,-1,-1,-0.01,-1,-1,-0.01,-1,-1,-0.01,-1,-1,-0.01,-1,-1,-0.01,-1,-1,-0.01,-1,-1,-0.01,-1,-1
99926009,2026-05-18 11:23:05+05:30,53126.55,0,0.0,0,0.0,0.0,53282.15,53308.4,52783.45,53710.35,0,0.0,0.0,0.0,0.0,-0.01,-1,-1,-0.01,-1,-1,-0.01,-1,-1,-0.01,-1,-1,-0.01,-1,-1,-0.01,-1,-1,-0.01,-1,-1,-0.01,-1,-1,-0.01,-1,-1,-0.01,-1,-1
99926009,2026-05-18 11:23:06+05:30,53125.15,0,0.0,0,0.0,0.0,53282.15,53308.4,52783.45,53710.35,0,0.0,0.0,0.0,0.0,-0.01,-1,-1,-0.01,-1,-1,-0.01,-1,-1,-0.01,-1,-1,-0.01,-1,-1,-0.01,-1,-1,-0.01,-1,-1,-0.01,-1,-1,-0.01,-1,-1,-0.01,-1,-1
99926009,2026-05-18 11:23:06+05:30,53125.55,0,0.0,0,0.0,0.0,53282.15,53308.4,52783.45,53710.35,0,0.0,0.0,0.0,0.0,-0.01,-1,-1,-0.01,-1,-1,-0.01,-1,-1,-0.01,-1,-1,-0.01,-1,-1,-0.01,-1,-1,-0.01,-1,-1,-0.01,-1,-1,-0.01,-1,-1,-0.01,-1,-1
99926009,2026-05-18 11:23:07+05:30,53127.55,0,0.0,0,0.0,0.0,53282.15,53308.4,52783.45,53710.35,0,0.0,0.0,0.0,0.0,-0.01,-1,-1,-0.01,-1,-1,-0.01,-1,-1,-0.01,-1,-1,-0.01,-1,-1,-0.01,-1,-1,-0.01,-1,-1,-0.01,-1,-1,-0.01,-1,-1,-0.01,-1,-1
99926009,2026-05-18 11:23:07+05:30,53128.5,0,0.0,0,0.0,0.0,53282.15,53308.4,52783.45,53710.35,0,0.0,0.0,0.0,0.0,-0.01,-1,-1,-0.01,-1,-1,-0.01,-1,-1,-0.01,-1,-1,-0.01,-1,-1,-0.01,-1,-1,-0.01,-1,-1,-0.01,-1,-1,-0.01,-1,-1,-0.01,-1,-1
99926009,2026-05-18 11:23:08+05:30,53122.95,0,0.0,0,0.0,0.0,53282.15,53308.4,52783.45,53710.35,0,0.0,0.0,0.0,0.0,-0.01,-1,-1,-0.01,-1,-1,-0.01,-1,-1,-0.01,-1,-1,-0.01,-1,-1,-0.01,-1,-1,-0.01,-1,-1,-0.01,-1,-1,-0.01,-1,-1,-0.01,-1,-1
99926009,2026-05-18 11:23:08+05:30,53125.7,0,0.0,0,0.0,0.0,53282.15,53308.4,52783.45,53710.35,0,0.0,0.0,0.0,0.0,-0.01,-1,-1,-0.01,-1,-1,-0.01,-1,-1,-0.01,-1,-1,-0.01,-1,-1,-0.01,-1,-1,-0.01,-1,-1,-0.01,-1,-1,-0.01,-1,-1,-0.01,-1,-1
99926009,2026-05-18 11:23:09+05:30,53128.0,0,0.0,0,0.0,0.0,53282.15,53308.4,52783.45,53710.35,0,0.0,0.0,0.0,0.0,-0.01,-1,-1,-0.01,-1,-1,-0.01,-1,-1,-0.01,-1,-1,-0.01,-1,-1,-0.01,-1,-1,-0.01,-1,-1,-0.01,-1,-1,-0.01,-1,-1,-0.01,-1,-1
99926009,2026-05-18 11:23:09+05:30,53127.75,0,0.0,0,0.0,0.0,53282.15,53308.4,52783.45,53710.35,0,0.0,0.0,0.0,0.0,-0.01,-1,-1,-0.01,-1,-1,-0.01,-1,-1,-0.01,-1,-1,-0.01,-1,-1,-0.01,-1,-1,-0.01,-1,-1,-0.01,-1,-1,-0.01,-1,-1,-0.01,-1,-1
99926009,2026-05-18 11:23:10+05:30,53127.85,0,0.0,0,0.0,0.0,53282.15,53308.4,52783.45,53710.35,0,0.0,0.0,0.0,0.0,-0.01,-1,-1,-0.01,-1,-1,-0.01,-1,-1,-0.01,-1,-1,-0.01,-1,-1,-0.01,-1,-1,-0.01,-1,-1,-0.01,-1,-1,-0.01,-1,-1,-0.01,-1,-1
99926009,2026-05-18 11:23:10+05:30,53125.0,0,0.0,0,0.0,0.0,53282.15,53308.4,52783.45,53710.35,0,0.0,0.0,0.0,0.0,-0.01,-1,-1,-0.01,-1,-1,-0.01,-1,-1,-0.01,-1,-1,-0.01,-1,-1,-0.01,-1,-1,-0.01,-1,-1,-0.01,-1,-1,-0.01,-1,-1,-0.01,-1,-1
99926009,2026-05-18 11:23:11+05:30,53126.6,0,0.0,0,0.0,0.0,53282.15,53308.4,52783.45,53710.35,0,0.0,0.0,0.0,0.0,-0.01,-1,-1,-0.01,-1,-1,-0.01,-1,-1,-0.01,-1,-1,-0.01,-1,-1,-0.01,-1,-1,-0.01,-1,-1,-0.01,-1,-1,-0.01,-1,-1,-0.01,-1,-1
99926009,2026-05-18 11:23:11+05:30,53125.05,0,0.0,0,0.0,0.0,53282.15,53308.4,52783.45,53710.35,0,0.0,0.0,0.0,0.0,-0.01,-1,-1,-0.01,-1,-1,-0.01,-1,-1,-0.01,-1,-1,-0.01,-1,-1,-0.01,-1,-1,-0.01,-1,-1,-0.01,-1,-1,-0.01,-1,-1,-0.01,-1,-1
99926009,2026-05-18 11:23:12+05:30,53126.45,0,0.0,0,0.0,0.0,53282.15,53308.4,52783.45,53710.35,0,0.0,0.0,0.0,0.0,-0.01,-1,-1,-0.01,-1,-1,-0.01,-1,-1,-0.01,-1,-1,-0.01,-1,-1,-0.01,-1,-1,-0.01,-1,-1,-0.01,-1,-1,-0.01,-1,-1,-0.01,-1,-1
99926009,2026-05-18 11:23:12+05:30,53126.2,0,0.0,0,0.0,0.0,53282.15,53308.4,52783.45,53710.35,0,0.0,0.0,0.0,0.0,-0.01,-1,-1,-0.01,-1,-1,-0.01,-1,-1,-0.01,-1,-1,-0.01,-1,-1,-0.01,-1,-1,-0.01,-1,-1,-0.01,-1,-1,-0.01,-1,-1,-0.01,-1,-1
99926009,2026-05-18 11:23:13+05:30,53126.9,0,0.0,0,0.0,0.0,53282.15,53308.4,52783.45,53710.35,0,0.0,0.0,0.0,0.0,-0.01,-1,-1,-0.01,-1,-1,-0.01,-1,-1,-0.01,-1,-1,-0.01,-1,-1,-0.01,-1,-1,-0.01,-1,-1,-0.01,-1,-1,-0.01,-1,-1,-0.01,-1,-1
99926009,2026-05-18 11:23:13+05:30,53126.45,0,0.0,0,0.0,0.0,53282.15,53308.4,52783.45,53710.35,0,0.0,0.0,0.0,0.0,-0.01,-1,-1,-0.01,-1,-1,-0.01,-1,-1,-0.01,-1,-1,-0.01,-1,-1,-0.01,-1,-1,-0.01,-1,-1,-0.01,-1,-1,-0.01,-1,-1,-0.01,-1,-1
99926009,2026-05-18 11:23:14+05:30,53124.4,0,0.0,0,0.0,0.0,53282.15,53308.4,52783.45,53710.35,0,0.0,0.0,0.0,0.0,-0.01,-1,-1,-0.01,-1,-1,-0.01,-1,-1,-0.01,-1,-1,-0.01,-1,-1,-0.01,-1,-1,-0.01,-1,-1,-0.01,-1,-1,-0.01,-1,-1,-0.01,-1,-1
99926009,2026-05-18 11:23:14+05:30,53124.85,0,0.0,0,0.0,0.0,53282.15,53308.4,52783.45,53710.35,0,0.0,0.0,0.0,0.0,-0.01,-1,-1,-0.01,-1,-1,-0.01,-1,-1,-0.01,-1,-1,-0.01,-1,-1,-0.01,-1,-1,-0.01,-1,-1,-0.01,-1,-1,-0.01,-1,-1,-0.01,-1,-1
99926009,2026-05-18 11:23:15+05:30,53125.35,0,0.0,0,0.0,0.0,53282.15,53308.4,52783.45,53710.35,0,0.0,0.0,0.0,0.0,-0.01,-1,-1,-0.01,-1,-1,-0.01,-1,-1,-0.01,-1,-1,-0.01,-1,-1,-0.01,-1,-1,-0.01,-1,-1,-0.01,-1,-1,-0.01,-1,-1,-0.01,-1,-1
99926009,2026-05-18 11:23:15+05:30,53128.2,0,0.0,0,0.0,0.0,53282.15,53308.4,52783.45,53710.35,0,0.0,0.0,0.0,0.0,-0.01,-1,-1,-0.01,-1,-1,-0.01,-1,-1,-0.01,-1,-1,-0.01,-1,-1,-0.01,-1,-1,-0.01,-1,-1,-0.01,-1,-1,-0.01,-1,-1,-0.01,-1,-1
99926009,2026-05-18 11:23:16+05:30,53127.2,0,0.0,0,0.0,0.0,53282.15,53308.4,52783.45,53710.35,0,0.0,0.0,0.0,0.0,-0.01,-1,-1,-0.01,-1,-1,-0.01,-1,-1,-0.01,-1,-1,-0.01,-1,-1,-0.01,-1,-1,-0.01,-1,-1,-0.01,-1,-1,-0.01,-1,-1,-0.01,-1,-1
99926009,2026-05-18 11:23:16+05:30,53126.7,0,0.0,0,0.0,0.0,53282.15,53308.4,52783.45,53710.35,0,0.0,0.0,0.0,0.0,-0.01,-1,-1,-0.01,-1,-1,-0.01,-1,-1,-0.01,-1,-1,-0.01,-1,-1,-0.01,-1,-1,-0.01,-1,-1,-0.01,-1,-1,-0.01,-1,-1,-0.01,-1,-1
99926009,2026-05-18 11:23:17+05:30,53123.9,0,0.0,0,0.0,0.0,53282.15,53308.4,52783.45,53710.35,0,0.0,0.0,0.0,0.0,-0.01,-1,-1,-0.01,-1,-1,-0.01,-1,-1,-0.01,-1,-1,-0.01,-1,-1,-0.01,-1,-1,-0.01,-1,-1,-0.01,-1,-1,-0.01,-1,-1,-0.01,-1,-1
99926009,2026-05-18 11:23:17+05:30,53128.9,0,0.0,0,0.0,0.0,53282.15,53308.4,52783.45,53710.35,0,0.0,0.0,0.0,0.0,-0.01,-1,-1,-0.01,-1,-1,-0.01,-1,-1,-0.01,-1,-1,-0.01,-1,-1,-0.01,-1,-1,-0.01,-1,-1,-0.01,-1,-1,-0.01,-1,-1,-0.01,-1,-1
99926009,2026-05-18 11:23:18+05:30,53128.75,0,0.0,0,0.0,0.0,53282.15,53308.4,52783.45,53710.35,0,0.0,0.0,0.0,0.0,-0.01,-1,-1,-0.01,-1,-1,-0.01,-1,-1,-0.01,-1,-1,-0.01,-1,-1,-0.01,-1,-1,-0.01,-1,-1,-0.01,-1,-1,-0.01,-1,-1,-0.01,-1,-1
99926009,2026-05-18 11:23:18+05:30,53125.55,0,0.0,0,0.0,0.0,53282.15,53308.4,52783.45,53710.35,0,0.0,0.0,0.0,0.0,-0.01,-1,-1,-0.01,-1,-1,-0.01,-1,-1,-0.01,-1,-1,-0.01,-1,-1,-0.01,-1,-1,-0.01,-1,-1,-0.01,-1,-1,-0.01,-1,-1,-0.01,-1,-1
99926009,2026-05-18 11:23:19+05:30,53128.1,0,0.0,0,0.0,0.0,53282.15,53308.4,52783.45,53710.35,0,0.0,0.0,0.0,0.0,-0.01,-1,-1,-0.01,-1,-1,-0.01,-1,-1,-0.01,-1,-1,-0.01,-1,-1,-0.01,-1,-1,-0.01,-1,-1,-0.01,-1,-1,-0.01,-1,-1,-0.01,-1,-1
99926009,2026-05-18 11:23:19+05:30,53130.0,0,0.0,0,0.0,0.0,53282.15,53308.4,52783.45,53710.35,0,0.0,0.0,0.0,0.0,-0.01,-1,-1,-0.01,-1,-1,-0.01,-1,-1,-0.01,-1,-1,-0.01,-1,-1,-0.01,-1,-1,-0.01,-1,-1,-0.01,-1,-1,-0.01,-1,-1,-0.01,-1,-1
99926009,2026-05-18 11:23:20+05:30,53126.45,0,0.0,0,0.0,0.0,53282.15,53308.4,52783.45,53710.35,0,0.0,0.0,0.0,0.0,-0.01,-1,-1,-0.01,-1,-1,-0.01,-1,-1,-0.01,-1,-1,-0.01,-1,-1,-0.01,-1,-1,-0.01,-1,-1,-0.01,-1,-1,-0.01,-1,-1,-0.01,-1,-1
99926009,2026-05-18 11:23:20+05:30,53131.0,0,0.0,0,0.0,0.0,53282.15,53308.4,52783.45,53710.35,0,0.0,0.0,0.0,0.0,-0.01,-1,-1,-0.01,-1,-1,-0.01,-1,-1,-0.01,-1,-1,-0.01,-1,-1,-0.01,-1,-1,-0.01,-1,-1,-0.01,-1,-1,-0.01,-1,-1,-0.01,-1,-1
99926009,2026-05-18 11:23:21+05:30,53125.5,0,0.0,0,0.0,0.0,53282.15,53308.4,52783.45,53710.35,0,0.0,0.0,0.0,0.0,-0.01,-1,-1,-0.01,-1,-1,-0.01,-1,-1,-0.01,-1,-1,-0.01,-1,-1,-0.01,-1,-1,-0.01,-1,-1,-0.01,-1,-1,-0.01,-1,-1,-0.01,-1,-1
99926009,2026-05-18 11:23:21+05:30,53128.1,0,0.0,0,0.0,0.0,53282.15,53308.4,52783.45,53710.35,0,0.0,0.0,0.0,0.0,-0.01,-1,-1,-0.01,-1,-1,-0.01,-1,-1,-0.01,-1,-1,-0.01,-1,-1,-0.01,-1,-1,-0.01,-1,-1,-0.01,-1,-1,-0.01,-1,-1,-0.01,-1,-1
99926009,2026-05-18 11:23:22+05:30,53128.3,0,0.0,0,0.0,0.0,53282.15,53308.4,52783.45,53710.35,0,0.0,0.0,0.0,0.0,-0.01,-1,-1,-0.01,-1,-1,-0.01,-1,-1,-0.01,-1,-1,-0.01,-1,-1,-0.01,-1,-1,-0.01,-1,-1,-0.01,-1,-1,-0.01,-1,-1,-0.01,-1,-1
99926009,2026-05-18 11:23:22+05:30,53127.15,0,0.0,0,0.0,0.0,53282.15,53308.4,52783.45,53710.35,0,0.0,0.0,0.0,0.0,-0.01,-1,-1,-0.01,-1,-1,-0.01,-1,-1,-0.01,-1,-1,-0.01,-1,-1,-0.01,-1,-1,-0.01,-1,-1,-0.01,-1,-1,-0.01,-1,-1,-0.01,-1,-1
99926009,2026-05-18 11:23:23+05:30,53128.05,0,0.0,0,0.0,0.0,53282.15,53308.4,52783.45,53710.35,0,0.0,0.0,0.0,0.0,-0.01,-1,-1,-0.01,-1,-1,-0.01,-1,-1,-0.01,-1,-1,-0.01,-1,-1,-0.01,-1,-1,-0.01,-1,-1,-0.01,-1,-1,-0.01,-1,-1,-0.01,-1,-1
99926009,2026-05-18 11:23:23+05:30,53131.0,0,0.0,0,0.0,0.0,53282.15,53308.4,52783.45,53710.35,0,0.0,0.0,0.0,0.0,-0.01,-1,-1,-0.01,-1,-1,-0.01,-1,-1,-0.01,-1,-1,-0.01,-1,-1,-0.01,-1,-1,-0.01,-1,-1,-0.01,-1,-1,-0.01,-1,-1,-0.01,-1,-1
99926009,2026-05-18 11:23:24+05:30,53130.3,0,0.0,0,0.0,0.0,53282.15,53308.4,52783.45,53710.35,0,0.0,0.0,0.0,0.0,-0.01,-1,-1,-0.01,-1,-1,-0.01,-1,-1,-0.01,-1,-1,-0.01,-1,-1,-0.01,-1,-1,-0.01,-1,-1,-0.01,-1,-1,-0.01,-1,-1,-0.01,-1,-1
99926009,2026-05-18 11:23:24+05:30,53130.4,0,0.0,0,0.0,0.0,53282.15,53308.4,52783.45,53710.35,0,0.0,0.0,0.0,0.0,-0.01,-1,-1,-0.01,-1,-1,-0.01,-1,-1,-0.01,-1,-1,-0.01,-1,-1,-0.01,-1,-1,-0.01,-1,-1,-0.01,-1,-1,-0.01,-1,-1,-0.01,-1,-1
99926009,2026-05-18 11:23:25+05:30,53131.75,0,0.0,0,0.0,0.0,53282.15,53308.4,52783.45,53710.35,0,0.0,0.0,0.0,0.0,-0.01,-1,-1,-0.01,-1,-1,-0.01,-1,-1,-0.01,-1,-1,-0.01,-1,-1,-0.01,-1,-1,-0.01,-1,-1,-0.01,-1,-1,-0.01,-1,-1,-0.01,-1,-1
99926009,2026-05-18 11:23:25+05:30,53132.1,0,0.0,0,0.0,0.0,53282.15,53308.4,52783.45,53710.35,0,0.0,0.0,0.0,0.0,-0.01,-1,-1,-0.01,-1,-1,-0.01,-1,-1,-0.01,-1,-1,-0.01,-1,-1,-0.01,-1,-1,-0.01,-1,-1,-0.01,-1,-1,-0.01,-1,-1,-0.01,-1,-1
99926009,2026-05-18 11:23:26+05:30,53130.55,0,0.0,0,0.0,0.0,53282.15,53308.4,52783.45,53710.35,0,0.0,0.0,0.0,0.0,-0.01,-1,-1,-0.01,-1,-1,-0.01,-1,-1,-0.01,-1,-1,-0.01,-1,-1,-0.01,-1,-1,-0.01,-1,-1,-0.01,-1,-1,-0.01,-1,-1,-0.01,-1,-1
99926009,2026-05-18 11:23:26+05:30,53127.85,0,0.0,0,0.0,0.0,53282.15,53308.4,52783.45,53710.35,0,0.0,0.0,0.0,0.0,-0.01,-1,-1,-0.01,-1,-1,-0.01,-1,-1,-0.01,-1,-1,-0.01,-1,-1,-0.01,-1,-1,-0.01,-1,-1,-0.01,-1,-1,-0.01,-1,-1,-0.01,-1,-1
99926009,2026-05-18 11:23:27+05:30,53127.6,0,0.0,0,0.0,0.0,53282.15,53308.4,52783.45,53710.35,0,0.0,0.0,0.0,0.0,-0.01,-1,-1,-0.01,-1,-1,-0.01,-1,-1,-0.01,-1,-1,-0.01,-1,-1,-0.01,-1,-1,-0.01,-1,-1,-0.01,-1,-1,-0.01,-1,-1,-0.01,-1,-1
99926009,2026-05-18 11:23:27+05:30,53131.95,0,0.0,0,0.0,0.0,53282.15,53308.4,52783.45,53710.35,0,0.0,0.0,0.0,0.0,-0.01,-1,-1,-0.01,-1,-1,-0.01,-1,-1,-0.01,-1,-1,-0.01,-1,-1,-0.01,-1,-1,-0.01,-1,-1,-0.01,-1,-1,-0.01,-1,-1,-0.01,-1,-1
99926009,2026-05-18 11:23:28+05:30,53131.9,0,0.0,0,0.0,0.0,53282.15,53308.4,52783.45,53710.35,0,0.0,0.0,0.0,0.0,-0.01,-1,-1,-0.01,-1,-1,-0.01,-1,-1,-0.01,-1,-1,-0.01,-1,-1,-0.01,-1,-1,-0.01,-1,-1,-0.01,-1,-1,-0.01,-1,-1,-0.01,-1,-1
99926009,2026-05-18 11:23:28+05:30,53130.7,0,0.0,0,0.0,0.0,53282.15,53308.4,52783.45,53710.35,0,0.0,0.0,0.0,0.0,-0.01,-1,-1,-0.01,-1,-1,-0.01,-1,-1,-0.01,-1,-1,-0.01,-1,-1,-0.01,-1,-1,-0.01,-1,-1,-0.01,-1,-1,-0.01,-1,-1,-0.01,-1,-1
99926009,2026-05-18 11:23:29+05:30,53129.05,0,0.0,0,0.0,0.0,53282.15,53308.4,52783.45,53710.35,0,0.0,0.0,0.0,0.0,-0.01,-1,-1,-0.01,-1,-1,-0.01,-1,-1,-0.01,-1,-1,-0.01,-1,-1,-0.01,-1,-1,-0.01,-1,-1,-0.01,-1,-1,-0.01,-1,-1,-0.01,-1,-1
99926009,2026-05-18 11:23:29+05:30,53127.05,0,0.0,0,0.0,0.0,53282.15,53308.4,52783.45,53710.35,0,0.0,0.0,0.0,0.0,-0.01,-1,-1,-0.01,-1,-1,-0.01,-1,-1,-0.01,-1,-1,-0.01,-1,-1,-0.01,-1,-1,-0.01,-1,-1,-0.01,-1,-1,-0.01,-1,-1,-0.01,-1,-1
99926009,2026-05-18 11:23:30+05:30,53127.75,0,0.0,0,0.0,0.0,53282.15,53308.4,52783.45,53710.35,0,0.0,0.0,0.0,0.0,-0.01,-1,-1,-0.01,-1,-1,-0.01,-1,-1,-0.01,-1,-1,-0.01,-1,-1,-0.01,-1,-1,-0.01,-1,-1,-0.01,-1,-1,-0.01,-1,-1,-0.01,-1,-1
99926009,2026-05-18 11:23:30+05:30,53129.35,0,0.0,0,0.0,0.0,53282.15,53308.4,52783.45,53710.35,0,0.0,0.0,0.0,0.0,-0.01,-1,-1,-0.01,-1,-1,-0.01,-1,-1,-0.01,-1,-1,-0.01,-1,-1,-0.01,-1,-1,-0.01,-1,-1,-0.01,-1,-1,-0.01,-1,-1,-0.01,-1,-1
99926009,2026-05-18 11:23:31+05:30,53129.65,0,0.0,0,0.0,0.0,53282.15,53308.4,52783.45,53710.35,0,0.0,0.0,0.0,0.0,-0.01,-1,-1,-0.01,-1,-1,-0.01,-1,-1,-0.01,-1,-1,-0.01,-1,-1,-0.01,-1,-1,-0.01,-1,-1,-0.01,-1,-1,-0.01,-1,-1,-0.01,-1,-1
99926009,2026-05-18 11:23:31+05:30,53128.95,0,0.0,0,0.0,0.0,53282.15,53308.4,52783.45,53710.35,0,0.0,0.0,0.0,0.0,-0.01,-1,-1,-0.01,-1,-1,-0.01,-1,-1,-0.01,-1,-1,-0.01,-1,-1,-0.01,-1,-1,-0.01,-1,-1,-0.01,-1,-1,-0.01,-1,-1,-0.01,-1,-1
99926009,2026-05-18 11:23:32+05:30,53126.5,0,0.0,0,0.0,0.0,53282.15,53308.4,52783.45,53710.35,0,0.0,0.0,0.0,0.0,-0.01,-1,-1,-0.01,-1,-1,-0.01,-1,-1,-0.01,-1,-1,-0.01,-1,-1,-0.01,-1,-1,-0.01,-1,-1,-0.01,-1,-1,-0.01,-1,-1,-0.01,-1,-1
99926009,2026-05-18 11:23:32+05:30,53126.5,0,0.0,0,0.0,0.0,53282.15,53308.4,52783.45,53710.35,0,0.0,0.0,0.0,0.0,-0.01,-1,-1,-0.01,-1,-1,-0.01,-1,-1,-0.01,-1,-1,-0.01,-1,-1,-0.01,-1,-1,-0.01,-1,-1,-0.01,-1,-1,-0.01,-1,-1,-0.01,-1,-1
99926009,2026-05-18 11:23:33+05:30,53125.55,0,0.0,0,0.0,0.0,53282.15,53308.4,52783.45,53710.35,0,0.0,0.0,0.0,0.0,-0.01,-1,-1,-0.01,-1,-1,-0.01,-1,-1,-0.01,-1,-1,-0.01,-1,-1,-0.01,-1,-1,-0.01,-1,-1,-0.01,-1,-1,-0.01,-1,-1,-0.01,-1,-1
99926009,2026-05-18 11:23:33+05:30,53124.7,0,0.0,0,0.0,0.0,53282.15,53308.4,52783.45,53710.35,0,0.0,0.0,0.0,0.0,-0.01,-1,-1,-0.01,-1,-1,-0.01,-1,-1,-0.01,-1,-1,-0.01,-1,-1,-0.01,-1,-1,-0.01,-1,-1,-0.01,-1,-1,-0.01,-1,-1,-0.01,-1,-1
99926009,2026-05-18 11:23:34+05:30,53127.0,0,0.0,0,0.0,0.0,53282.15,53308.4,52783.45,53710.35,0,0.0,0.0,0.0,0.0,-0.01,-1,-1,-0.01,-1,-1,-0.01,-1,-1,-0.01,-1,-1,-0.01,-1,-1,-0.01,-1,-1,-0.01,-1,-1,-0.01,-1,-1,-0.01,-1,-1,-0.01,-1,-1
99926009,2026-05-18 11:23:34+05:30,53125.75,0,0.0,0,0.0,0.0,53282.15,53308.4,52783.45,53710.35,0,0.0,0.0,0.0,0.0,-0.01,-1,-1,-0.01,-1,-1,-0.01,-1,-1,-0.01,-1,-1,-0.01,-1,-1,-0.01,-1,-1,-0.01,-1,-1,-0.01,-1,-1,-0.01,-1,-1,-0.01,-1,-1
99926009,2026-05-18 11:23:35+05:30,53127.4,0,0.0,0,0.0,0.0,53282.15,53308.4,52783.45,53710.35,0,0.0,0.0,0.0,0.0,-0.01,-1,-1,-0.01,-1,-1,-0.01,-1,-1,-0.01,-1,-1,-0.01,-1,-1,-0.01,-1,-1,-0.01,-1,-1,-0.01,-1,-1,-0.01,-1,-1,-0.01,-1,-1
99926009,2026-05-18 11:23:35+05:30,53125.5,0,0.0,0,0.0,0.0,53282.15,53308.4,52783.45,53710.35,0,0.0,0.0,0.0,0.0,-0.01,-1,-1,-0.01,-1,-1,-0.01,-1,-1,-0.01,-1,-1,-0.01,-1,-1,-0.01,-1,-1,-0.01,-1,-1,-0.01,-1,-1,-0.01,-1,-1,-0.01,-1,-1
99926009,2026-05-18 11:23:36+05:30,53127.55,0,0.0,0,0.0,0.0,53282.15,53308.4,52783.45,53710.35,0,0.0,0.0,0.0,0.0,-0.01,-1,-1,-0.01,-1,-1,-0.01,-1,-1,-0.01,-1,-1,-0.01,-1,-1,-0.01,-1,-1,-0.01,-1,-1,-0.01,-1,-1,-0.01,-1,-1,-0.01,-1,-1
99926009,2026-05-18 11:23:36+05:30,53128.95,0,0.0,0,0.0,0.0,53282.15,53308.4,52783.45,53710.35,0,0.0,0.0,0.0,0.0,-0.01,-1,-1,-0.01,-1,-1,-0.01,-1,-1,-0.01,-1,-1,-0.01,-1,-1,-0.01,-1,-1,-0.01,-1,-1,-0.01,-1,-1,-0.01,-1,-1,-0.01,-1,-1
99926009,2026-05-18 11:23:37+05:30,53127.2,0,0.0,0,0.0,0.0,53282.15,53308.4,52783.45,53710.35,0,0.0,0.0,0.0,0.0,-0.01,-1,-1,-0.01,-1,-1,-0.01,-1,-1,-0.01,-1,-1,-0.01,-1,-1,-0.01,-1,-1,-0.01,-1,-1,-0.01,-1,-1,-0.01,-1,-1,-0.01,-1,-1
99926009,2026-05-18 11:23:37+05:30,53127.55,0,0.0,0,0.0,0.0,53282.15,53308.4,52783.45,53710.35,0,0.0,0.0,0.0,0.0,-0.01,-1,-1,-0.01,-1,-1,-0.01,-1,-1,-0.01,-1,-1,-0.01,-1,-1,-0.01,-1,-1,-0.01,-1,-1,-0.01,-1,-1,-0.01,-1,-1,-0.01,-1,-1
99926009,2026-05-18 11:23:38+05:30,53125.45,0,0.0,0,0.0,0.0,53282.15,53308.4,52783.45,53710.35,0,0.0,0.0,0.0,0.0,-0.01,-1,-1,-0.01,-1,-1,-0.01,-1,-1,-0.01,-1,-1,-0.01,-1,-1,-0.01,-1,-1,-0.01,-1,-1,-0.01,-1,-1,-0.01,-1,-1,-0.01,-1,-1
99926009,2026-05-18 11:23:38+05:30,53121.9,0,0.0,0,0.0,0.0,53282.15,53308.4,52783.45,53710.35,0,0.0,0.0,0.0,0.0,-0.01,-1,-1,-0.01,-1,-1,-0.01,-1,-1,-0.01,-1,-1,-0.01,-1,-1,-0.01,-1,-1,-0.01,-1,-1,-0.01,-1,-1,-0.01,-1,-1,-0.01,-1,-1
99926009,2026-05-18 11:23:39+05:30,53123.45,0,0.0,0,0.0,0.0,53282.15,53308.4,52783.45,53710.35,0,0.0,0.0,0.0,0.0,-0.01,-1,-1,-0.01,-1,-1,-0.01,-1,-1,-0.01,-1,-1,-0.01,-1,-1,-0.01,-1,-1,-0.01,-1,-1,-0.01,-1,-1,-0.01,-1,-1,-0.01,-1,-1
99926009,2026-05-18 11:23:39+05:30,53125.0,0,0.0,0,0.0,0.0,53282.15,53308.4,52783.45,53710.35,0,0.0,0.0,0.0,0.0,-0.01,-1,-1,-0.01,-1,-1,-0.01,-1,-1,-0.01,-1,-1,-0.01,-1,-1,-0.01,-1,-1,-0.01,-1,-1,-0.01,-1,-1,-0.01,-1,-1,-0.01,-1,-1
99926009,2026-05-18 11:23:40+05:30,53128.5,0,0.0,0,0.0,0.0,53282.15,53308.4,52783.45,53710.35,0,0.0,0.0,0.0,0.0,-0.01,-1,-1,-0.01,-1,-1,-0.01,-1,-1,-0.01,-1,-1,-0.01,-1,-1,-0.01,-1,-1,-0.01,-1,-1,-0.01,-1,-1,-0.01,-1,-1,-0.01,-1,-1
99926009,2026-05-18 11:23:40+05:30,53125.1,0,0.0,0,0.0,0.0,53282.15,53308.4,52783.45,53710.35,0,0.0,0.0,0.0,0.0,-0.01,-1,-1,-0.01,-1,-1,-0.01,-1,-1,-0.01,-1,-1,-0.01,-1,-1,-0.01,-1,-1,-0.01,-1,-1,-0.01,-1,-1,-0.01,-1,-1,-0.01,-1,-1
99926009,2026-05-18 11:23:41+05:30,53116.15,0,0.0,0,0.0,0.0,53282.15,53308.4,52783.45,53710.35,0,0.0,0.0,0.0,0.0,-0.01,-1,-1,-0.01,-1,-1,-0.01,-1,-1,-0.01,-1,-1,-0.01,-1,-1,-0.01,-1,-1,-0.01,-1,-1,-0.01,-1,-1,-0.01,-1,-1,-0.01,-1,-1
99926009,2026-05-18 11:23:41+05:30,53116.95,0,0.0,0,0.0,0.0,53282.15,53308.4,52783.45,53710.35,0,0.0,0.0,0.0,0.0,-0.01,-1,-1,-0.01,-1,-1,-0.01,-1,-1,-0.01,-1,-1,-0.01,-1,-1,-0.01,-1,-1,-0.01,-1,-1,-0.01,-1,-1,-0.01,-1,-1,-0.01,-1,-1
99926009,2026-05-18 11:23:42+05:30,53118.55,0,0.0,0,0.0,0.0,53282.15,53308.4,52783.45,53710.35,0,0.0,0.0,0.0,0.0,-0.01,-1,-1,-0.01,-1,-1,-0.01,-1,-1,-0.01,-1,-1,-0.01,-1,-1,-0.01,-1,-1,-0.01,-1,-1,-0.01,-1,-1,-0.01,-1,-1,-0.01,-1,-1
99926009,2026-05-18 11:23:42+05:30,53119.2,0,0.0,0,0.0,0.0,53282.15,53308.4,52783.45,53710.35,0,0.0,0.0,0.0,0.0,-0.01,-1,-1,-0.01,-1,-1,-0.01,-1,-1,-0.01,-1,-1,-0.01,-1,-1,-0.01,-1,-1,-0.01,-1,-1,-0.01,-1,-1,-0.01,-1,-1,-0.01,-1,-1
99926009,2026-05-18 11:23:43+05:30,53119.5,0,0.0,0,0.0,0.0,53282.15,53308.4,52783.45,53710.35,0,0.0,0.0,0.0,0.0,-0.01,-1,-1,-0.01,-1,-1,-0.01,-1,-1,-0.01,-1,-1,-0.01,-1,-1,-0.01,-1,-1,-0.01,-1,-1,-0.01,-1,-1,-0.01,-1,-1,-0.01,-1,-1
99926009,2026-05-18 11:23:43+05:30,53120.35,0,0.0,0,0.0,0.0,53282.15,53308.4,52783.45,53710.35,0,0.0,0.0,0.0,0.0,-0.01,-1,-1,-0.01,-1,-1,-0.01,-1,-1,-0.01,-1,-1,-0.01,-1,-1,-0.01,-1,-1,-0.01,-1,-1,-0.01,-1,-1,-0.01,-1,-1,-0.01,-1,-1
99926009,2026-05-18 11:23:44+05:30,53118.5,0,0.0,0,0.0,0.0,53282.15,53308.4,52783.45,53710.35,0,0.0,0.0,0.0,0.0,-0.01,-1,-1,-0.01,-1,-1,-0.01,-1,-1,-0.01,-1,-1,-0.01,-1,-1,-0.01,-1,-1,-0.01,-1,-1,-0.01,-1,-1,-0.01,-1,-1,-0.01,-1,-1
99926009,2026-05-18 11:23:44+05:30,53116.85,0,0.0,0,0.0,0.0,53282.15,53308.4,52783.45,53710.35,0,0.0,0.0,0.0,0.0,-0.01,-1,-1,-0.01,-1,-1,-0.01,-1,-1,-0.01,-1,-1,-0.01,-1,-1,-0.01,-1,-1,-0.01,-1,-1,-0.01,-1,-1,-0.01,-1,-1,-0.01,-1,-1
99926009,2026-05-18 11:23:45+05:30,53115.6,0,0.0,0,0.0,0.0,53282.15,53308.4,52783.45,53710.35,0,0.0,0.0,0.0,0.0,-0.01,-1,-1,-0.01,-1,-1,-0.01,-1,-1,-0.01,-1,-1,-0.01,-1,-1,-0.01,-1,-1,-0.01,-1,-1,-0.01,-1,-1,-0.01,-1,-1,-0.01,-1,-1
99926009,2026-05-18 11:23:45+05:30,53119.05,0,0.0,0,0.0,0.0,53282.15,53308.4,52783.45,53710.35,0,0.0,0.0,0.0,0.0,-0.01,-1,-1,-0.01,-1,-1,-0.01,-1,-1,-0.01,-1,-1,-0.01,-1,-1,-0.01,-1,-1,-0.01,-1,-1,-0.01,-1,-1,-0.01,-1,-1,-0.01,-1,-1
99926009,2026-05-18 11:23:46+05:30,53113.9,0,0.0,0,0.0,0.0,53282.15,53308.4,52783.45,53710.35,0,0.0,0.0,0.0,0.0,-0.01,-1,-1,-0.01,-1,-1,-0.01,-1,-1,-0.01,-1,-1,-0.01,-1,-1,-0.01,-1,-1,-0.01,-1,-1,-0.01,-1,-1,-0.01,-1,-1,-0.01,-1,-1
99926009,2026-05-18 11:23:46+05:30,53116.2,0,0.0,0,0.0,0.0,53282.15,53308.4,52783.45,53710.35,0,0.0,0.0,0.0,0.0,-0.01,-1,-1,-0.01,-1,-1,-0.01,-1,-1,-0.01,-1,-1,-0.01,-1,-1,-0.01,-1,-1,-0.01,-1,-1,-0.01,-1,-1,-0.01,-1,-1,-0.01,-1,-1
99926009,2026-05-18 11:23:47+05:30,53116.45,0,0.0,0,0.0,0.0,53282.15,53308.4,52783.45,53710.35,0,0.0,0.0,0.0,0.0,-0.01,-1,-1,-0.01,-1,-1,-0.01,-1,-1,-0.01,-1,-1,-0.01,-1,-1,-0.01,-1,-1,-0.01,-1,-1,-0.01,-1,-1,-0.01,-1,-1,-0.01,-1,-1
99926009,2026-05-18 11:23:47+05:30,53111.15,0,0.0,0,0.0,0.0,53282.15,53308.4,52783.45,53710.35,0,0.0,0.0,0.0,0.0,-0.01,-1,-1,-0.01,-1,-1,-0.01,-1,-1,-0.01,-1,-1,-0.01,-1,-1,-0.01,-1,-1,-0.01,-1,-1,-0.01,-1,-1,-0.01,-1,-1,-0.01,-1,-1
99926009,2026-05-18 11:23:48+05:30,53111.2,0,0.0,0,0.0,0.0,53282.15,53308.4,52783.45,53710.35,0,0.0,0.0,0.0,0.0,-0.01,-1,-1,-0.01,-1,-1,-0.01,-1,-1,-0.01,-1,-1,-0.01,-1,-1,-0.01,-1,-1,-0.01,-1,-1,-0.01,-1,-1,-0.01,-1,-1,-0.01,-1,-1
99926009,2026-05-18 11:23:48+05:30,53106.55,0,0.0,0,0.0,0.0,53282.15,53308.4,52783.45,53710.35,0,0.0,0.0,0.0,0.0,-0.01,-1,-1,-0.01,-1,-1,-0.01,-1,-1,-0.01,-1,-1,-0.01,-1,-1,-0.01,-1,-1,-0.01,-1,-1,-0.01,-1,-1,-0.01,-1,-1,-0.01,-1,-1
99926009,2026-05-18 11:23:49+05:30,53105.6,0,0.0,0,0.0,0.0,53282.15,53308.4,52783.45,53710.35,0,0.0,0.0,0.0,0.0,-0.01,-1,-1,-0.01,-1,-1,-0.01,-1,-1,-0.01,-1,-1,-0.01,-1,-1,-0.01,-1,-1,-0.01,-1,-1,-0.01,-1,-1,-0.01,-1,-1,-0.01,-1,-1
99926009,2026-05-18 11:23:50+05:30,53103.85,0,0.0,0,0.0,0.0,53282.15,53308.4,52783.45,53710.35,0,0.0,0.0,0.0,0.0,-0.01,-1,-1,-0.01,-1,-1,-0.01,-1,-1,-0.01,-1,-1,-0.01,-1,-1,-0.01,-1,-1,-0.01,-1,-1,-0.01,-1,-1,-0.01,-1,-1,-0.01,-1,-1
99926009,2026-05-18 11:23:50+05:30,53106.1,0,0.0,0,0.0,0.0,53282.15,53308.4,52783.45,53710.35,0,0.0,0.0,0.0,0.0,-0.01,-1,-1,-0.01,-1,-1,-0.01,-1,-1,-0.01,-1,-1,-0.01,-1,-1,-0.01,-1,-1,-0.01,-1,-1,-0.01,-1,-1,-0.01,-1,-1,-0.01,-1,-1
99926009,2026-05-18 11:23:51+05:30,53103.6,0,0.0,0,0.0,0.0,53282.15,53308.4,52783.45,53710.35,0,0.0,0.0,0.0,0.0,-0.01,-1,-1,-0.01,-1,-1,-0.01,-1,-1,-0.01,-1,-1,-0.01,-1,-1,-0.01,-1,-1,-0.01,-1,-1,-0.01,-1,-1,-0.01,-1,-1,-0.01,-1,-1
99926009,2026-05-18 11:23:51+05:30,53104.95,0,0.0,0,0.0,0.0,53282.15,53308.4,52783.45,53710.35,0,0.0,0.0,0.0,0.0,-0.01,-1,-1,-0.01,-1,-1,-0.01,-1,-1,-0.01,-1,-1,-0.01,-1,-1,-0.01,-1,-1,-0.01,-1,-1,-0.01,-1,-1,-0.01,-1,-1,-0.01,-1,-1
99926009,2026-05-18 11:23:52+05:30,53105.45,0,0.0,0,0.0,0.0,53282.15,53308.4,52783.45,53710.35,0,0.0,0.0,0.0,0.0,-0.01,-1,-1,-0.01,-1,-1,-0.01,-1,-1,-0.01,-1,-1,-0.01,-1,-1,-0.01,-1,-1,-0.01,-1,-1,-0.01,-1,-1,-0.01,-1,-1,-0.01,-1,-1
99926009,2026-05-18 11:23:52+05:30,53106.05,0,0.0,0,0.0,0.0,53282.15,53308.4,52783.45,53710.35,0,0.0,0.0,0.0,0.0,-0.01,-1,-1,-0.01,-1,-1,-0.01,-1,-1,-0.01,-1,-1,-0.01,-1,-1,-0.01,-1,-1,-0.01,-1,-1,-0.01,-1,-1,-0.01,-1,-1,-0.01,-1,-1
99926009,2026-05-18 11:23:53+05:30,53105.7,0,0.0,0,0.0,0.0,53282.15,53308.4,52783.45,53710.35,0,0.0,0.0,0.0,0.0,-0.01,-1,-1,-0.01,-1,-1,-0.01,-1,-1,-0.01,-1,-1,-0.01,-1,-1,-0.01,-1,-1,-0.01,-1,-1,-0.01,-1,-1,-0.01,-1,-1,-0.01,-1,-1
99926009,2026-05-18 11:23:53+05:30,53105.75,0,0.0,0,0.0,0.0,53282.15,53308.4,52783.45,53710.35,0,0.0,0.0,0.0,0.0,-0.01,-1,-1,-0.01,-1,-1,-0.01,-1,-1,-0.01,-1,-1,-0.01,-1,-1,-0.01,-1,-1,-0.01,-1,-1,-0.01,-1,-1,-0.01,-1,-1,-0.01,-1,-1
99926009,2026-05-18 11:23:54+05:30,53105.65,0,0.0,0,0.0,0.0,53282.15,53308.4,52783.45,53710.35,0,0.0,0.0,0.0,0.0,-0.01,-1,-1,-0.01,-1,-1,-0.01,-1,-1,-0.01,-1,-1,-0.01,-1,-1,-0.01,-1,-1,-0.01,-1,-1,-0.01,-1,-1,-0.01,-1,-1,-0.01,-1,-1
99926009,2026-05-18 11:23:54+05:30,53105.15,0,0.0,0,0.0,0.0,53282.15,53308.4,52783.45,53710.35,0,0.0,0.0,0.0,0.0,-0.01,-1,-1,-0.01,-1,-1,-0.01,-1,-1,-0.01,-1,-1,-0.01,-1,-1,-0.01,-1,-1,-0.01,-1,-1,-0.01,-1,-1,-0.01,-1,-1,-0.01,-1,-1
99926009,2026-05-18 11:23:55+05:30,53104.45,0,0.0,0,0.0,0.0,53282.15,53308.4,52783.45,53710.35,0,0.0,0.0,0.0,0.0,-0.01,-1,-1,-0.01,-1,-1,-0.01,-1,-1,-0.01,-1,-1,-0.01,-1,-1,-0.01,-1,-1,-0.01,-1,-1,-0.01,-1,-1,-0.01,-1,-1,-0.01,-1,-1
99926009,2026-05-18 11:23:55+05:30,53103.0,0,0.0,0,0.0,0.0,53282.15,53308.4,52783.45,53710.35,0,0.0,0.0,0.0,0.0,-0.01,-1,-1,-0.01,-1,-1,-0.01,-1,-1,-0.01,-1,-1,-0.01,-1,-1,-0.01,-1,-1,-0.01,-1,-1,-0.01,-1,-1,-0.01,-1,-1,-0.01,-1,-1
99926009,2026-05-18 11:23:56+05:30,53101.95,0,0.0,0,0.0,0.0,53282.15,53308.4,52783.45,53710.35,0,0.0,0.0,0.0,0.0,-0.01,-1,-1,-0.01,-1,-1,-0.01,-1,-1,-0.01,-1,-1,-0.01,-1,-1,-0.01,-1,-1,-0.01,-1,-1,-0.01,-1,-1,-0.01,-1,-1,-0.01,-1,-1
99926009,2026-05-18 11:23:56+05:30,53101.0,0,0.0,0,0.0,0.0,53282.15,53308.4,52783.45,53710.35,0,0.0,0.0,0.0,0.0,-0.01,-1,-1,-0.01,-1,-1,-0.01,-1,-1,-0.01,-1,-1,-0.01,-1,-1,-0.01,-1,-1,-0.01,-1,-1,-0.01,-1,-1,-0.01,-1,-1,-0.01,-1,-1
99926009,2026-05-18 11:23:57+05:30,53102.75,0,0.0,0,0.0,0.0,53282.15,53308.4,52783.45,53710.35,0,0.0,0.0,0.0,0.0,-0.01,-1,-1,-0.01,-1,-1,-0.01,-1,-1,-0.01,-1,-1,-0.01,-1,-1,-0.01,-1,-1,-0.01,-1,-1,-0.01,-1,-1,-0.01,-1,-1,-0.01,-1,-1
99926009,2026-05-18 11:23:57+05:30,53102.75,0,0.0,0,0.0,0.0,53282.15,53308.4,52783.45,53710.35,0,0.0,0.0,0.0,0.0,-0.01,-1,-1,-0.01,-1,-1,-0.01,-1,-1,-0.01,-1,-1,-0.01,-1,-1,-0.01,-1,-1,-0.01,-1,-1,-0.01,-1,-1,-0.01,-1,-1,-0.01,-1,-1
99926009,2026-05-18 11:23:58+05:30,53103.1,0,0.0,0,0.0,0.0,53282.15,53308.4,52783.45,53710.35,0,0.0,0.0,0.0,0.0,-0.01,-1,-1,-0.01,-1,-1,-0.01,-1,-1,-0.01,-1,-1,-0.01,-1,-1,-0.01,-1,-1,-0.01,-1,-1,-0.01,-1,-1,-0.01,-1,-1,-0.01,-1,-1
99926009,2026-05-18 11:23:58+05:30,53103.6,0,0.0,0,0.0,0.0,53282.15,53308.4,52783.45,53710.35,0,0.0,0.0,0.0,0.0,-0.01,-1,-1,-0.01,-1,-1,-0.01,-1,-1,-0.01,-1,-1,-0.01,-1,-1,-0.01,-1,-1,-0.01,-1,-1,-0.01,-1,-1,-0.01,-1,-1,-0.01,-1,-1
99926009,2026-05-18 11:23:59+05:30,53100.3,0,0.0,0,0.0,0.0,53282.15,53308.4,52783.45,53710.35,0,0.0,0.0,0.0,0.0,-0.01,-1,-1,-0.01,-1,-1,-0.01,-1,-1,-0.01,-1,-1,-0.01,-1,-1,-0.01,-1,-1,-0.01,-1,-1,-0.01,-1,-1,-0.01,-1,-1,-0.01,-1,-1
99926009,2026-05-18 11:23:59+05:30,53093.35,0,0.0,0,0.0,0.0,53282.15,53308.4,52783.45,53710.35,0,0.0,0.0,0.0,0.0,-0.01,-1,-1,-0.01,-1,-1,-0.01,-1,-1,-0.01,-1,-1,-0.01,-1,-1,-0.01,-1,-1,-0.01,-1,-1,-0.01,-1,-1,-0.01,-1,-1,-0.01,-1,-1
99926009,2026-05-18 11:24:00+05:30,53092.05,0,0.0,0,0.0,0.0,53282.15,53308.4,52783.45,53710.35,0,0.0,0.0,0.0,0.0,-0.01,-1,-1,-0.01,-1,-1,-0.01,-1,-1,-0.01,-1,-1,-0.01,-1,-1,-0.01,-1,-1,-0.01,-1,-1,-0.01,-1,-1,-0.01,-1,-1,-0.01,-1,-1
99926009,2026-05-18 11:24:00+05:30,53093.25,0,0.0,0,0.0,0.0,53282.15,53308.4,52783.45,53710.35,0,0.0,0.0,0.0,0.0,-0.01,-1,-1,-0.01,-1,-1,-0.01,-1,-1,-0.01,-1,-1,-0.01,-1,-1,-0.01,-1,-1,-0.01,-1,-1,-0.01,-1,-1,-0.01,-1,-1,-0.01,-1,-1
99926009,2026-05-18 11:24:01+05:30,53095.15,0,0.0,0,0.0,0.0,53282.15,53308.4,52783.45,53710.35,0,0.0,0.0,0.0,0.0,-0.01,-1,-1,-0.01,-1,-1,-0.01,-1,-1,-0.01,-1,-1,-0.01,-1,-1,-0.01,-1,-1,-0.01,-1,-1,-0.01,-1,-1,-0.01,-1,-1,-0.01,-1,-1
99926009,2026-05-18 11:24:01+05:30,53094.45,0,0.0,0,0.0,0.0,53282.15,53308.4,52783.45,53710.35,0,0.0,0.0,0.0,0.0,-0.01,-1,-1,-0.01,-1,-1,-0.01,-1,-1,-0.01,-1,-1,-0.01,-1,-1,-0.01,-1,-1,-0.01,-1,-1,-0.01,-1,-1,-0.01,-1,-1,-0.01,-1,-1
99926009,2026-05-18 11:24:02+05:30,53092.0,0,0.0,0,0.0,0.0,53282.15,53308.4,52783.45,53710.35,0,0.0,0.0,0.0,0.0,-0.01,-1,-1,-0.01,-1,-1,-0.01,-1,-1,-0.01,-1,-1,-0.01,-1,-1,-0.01,-1,-1,-0.01,-1,-1,-0.01,-1,-1,-0.01,-1,-1,-0.01,-1,-1
99926009,2026-05-18 11:24:02+05:30,53095.5,0,0.0,0,0.0,0.0,53282.15,53308.4,52783.45,53710.35,0,0.0,0.0,0.0,0.0,-0.01,-1,-1,-0.01,-1,-1,-0.01,-1,-1,-0.01,-1,-1,-0.01,-1,-1,-0.01,-1,-1,-0.01,-1,-1,-0.01,-1,-1,-0.01,-1,-1,-0.01,-1,-1
99926009,2026-05-18 11:24:03+05:30,53093.25,0,0.0,0,0.0,0.0,53282.15,53308.4,52783.45,53710.35,0,0.0,0.0,0.0,0.0,-0.01,-1,-1,-0.01,-1,-1,-0.01,-1,-1,-0.01,-1,-1,-0.01,-1,-1,-0.01,-1,-1,-0.01,-1,-1,-0.01,-1,-1,-0.01,-1,-1,-0.01,-1,-1
99926009,2026-05-18 11:24:03+05:30,53091.45,0,0.0,0,0.0,0.0,53282.15,53308.4,52783.45,53710.35,0,0.0,0.0,0.0,0.0,-0.01,-1,-1,-0.01,-1,-1,-0.01,-1,-1,-0.01,-1,-1,-0.01,-1,-1,-0.01,-1,-1,-0.01,-1,-1,-0.01,-1,-1,-0.01,-1,-1,-0.01,-1,-1
99926009,2026-05-18 11:24:04+05:30,53091.5,0,0.0,0,0.0,0.0,53282.15,53308.4,52783.45,53710.35,0,0.0,0.0,0.0,0.0,-0.01,-1,-1,-0.01,-1,-1,-0.01,-1,-1,-0.01,-1,-1,-0.01,-1,-1,-0.01,-1,-1,-0.01,-1,-1,-0.01,-1,-1,-0.01,-1,-1,-0.01,-1,-1
99926009,2026-05-18 11:24:04+05:30,53091.1,0,0.0,0,0.0,0.0,53282.15,53308.4,52783.45,53710.35,0,0.0,0.0,0.0,0.0,-0.01,-1,-1,-0.01,-1,-1,-0.01,-1,-1,-0.01,-1,-1,-0.01,-1,-1,-0.01,-1,-1,-0.01,-1,-1,-0.01,-1,-1,-0.01,-1,-1,-0.01,-1,-1
99926009,2026-05-18 11:24:05+05:30,53092.05,0,0.0,0,0.0,0.0,53282.15,53308.4,52783.45,53710.35,0,0.0,0.0,0.0,0.0,-0.01,-1,-1,-0.01,-1,-1,-0.01,-1,-1,-0.01,-1,-1,-0.01,-1,-1,-0.01,-1,-1,-0.01,-1,-1,-0.01,-1,-1,-0.01,-1,-1,-0.01,-1,-1
99926009,2026-05-18 11:24:05+05:30,53092.7,0,0.0,0,0.0,0.0,53282.15,53308.4,52783.45,53710.35,0,0.0,0.0,0.0,0.0,-0.01,-1,-1,-0.01,-1,-1,-0.01,-1,-1,-0.01,-1,-1,-0.01,-1,-1,-0.01,-1,-1,-0.01,-1,-1,-0.01,-1,-1,-0.01,-1,-1,-0.01,-1,-1
99926009,2026-05-18 11:24:06+05:30,53093.0,0,0.0,0,0.0,0.0,53282.15,53308.4,52783.45,53710.35,0,0.0,0.0,0.0,0.0,-0.01,-1,-1,-0.01,-1,-1,-0.01,-1,-1,-0.01,-1,-1,-0.01,-1,-1,-0.01,-1,-1,-0.01,-1,-1,-0.01,-1,-1,-0.01,-1,-1,-0.01,-1,-1
99926009,2026-05-18 11:24:06+05:30,53096.15,0,0.0,0,0.0,0.0,53282.15,53308.4,52783.45,53710.35,0,0.0,0.0,0.0,0.0,-0.01,-1,-1,-0.01,-1,-1,-0.01,-1,-1,-0.01,-1,-1,-0.01,-1,-1,-0.01,-1,-1,-0.01,-1,-1,-0.01,-1,-1,-0.01,-1,-1,-0.01,-1,-1
99926009,2026-05-18 11:24:07+05:30,53095.45,0,0.0,0,0.0,0.0,53282.15,53308.4,52783.45,53710.35,0,0.0,0.0,0.0,0.0,-0.01,-1,-1,-0.01,-1,-1,-0.01,-1,-1,-0.01,-1,-1,-0.01,-1,-1,-0.01,-1,-1,-0.01,-1,-1,-0.01,-1,-1,-0.01,-1,-1,-0.01,-1,-1
99926009,2026-05-18 11:24:07+05:30,53098.25,0,0.0,0,0.0,0.0,53282.15,53308.4,52783.45,53710.35,0,0.0,0.0,0.0,0.0,-0.01,-1,-1,-0.01,-1,-1,-0.01,-1,-1,-0.01,-1,-1,-0.01,-1,-1,-0.01,-1,-1,-0.01,-1,-1,-0.01,-1,-1,-0.01,-1,-1,-0.01,-1,-1
99926009,2026-05-18 11:24:08+05:30,53096.45,0,0.0,0,0.0,0.0,53282.15,53308.4,52783.45,53710.35,0,0.0,0.0,0.0,0.0,-0.01,-1,-1,-0.01,-1,-1,-0.01,-1,-1,-0.01,-1,-1,-0.01,-1,-1,-0.01,-1,-1,-0.01,-1,-1,-0.01,-1,-1,-0.01,-1,-1,-0.01,-1,-1
99926009,2026-05-18 11:24:08+05:30,53093.15,0,0.0,0,0.0,0.0,53282.15,53308.4,52783.45,53710.35,0,0.0,0.0,0.0,0.0,-0.01,-1,-1,-0.01,-1,-1,-0.01,-1,-1,-0.01,-1,-1,-0.01,-1,-1,-0.01,-1,-1,-0.01,-1,-1,-0.01,-1,-1,-0.01,-1,-1,-0.01,-1,-1
99926009,2026-05-18 11:24:09+05:30,53094.25,0,0.0,0,0.0,0.0,53282.15,53308.4,52783.45,53710.35,0,0.0,0.0,0.0,0.0,-0.01,-1,-1,-0.01,-1,-1,-0.01,-1,-1,-0.01,-1,-1,-0.01,-1,-1,-0.01,-1,-1,-0.01,-1,-1,-0.01,-1,-1,-0.01,-1,-1,-0.01,-1,-1
99926009,2026-05-18 11:24:09+05:30,53096.45,0,0.0,0,0.0,0.0,53282.15,53308.4,52783.45,53710.35,0,0.0,0.0,0.0,0.0,-0.01,-1,-1,-0.01,-1,-1,-0.01,-1,-1,-0.01,-1,-1,-0.01,-1,-1,-0.01,-1,-1,-0.01,-1,-1,-0.01,-1,-1,-0.01,-1,-1,-0.01,-1,-1
99926009,2026-05-18 11:24:10+05:30,53096.0,0,0.0,0,0.0,0.0,53282.15,53308.4,52783.45,53710.35,0,0.0,0.0,0.0,0.0,-0.01,-1,-1,-0.01,-1,-1,-0.01,-1,-1,-0.01,-1,-1,-0.01,-1,-1,-0.01,-1,-1,-0.01,-1,-1,-0.01,-1,-1,-0.01,-1,-1,-0.01,-1,-1
99926009,2026-05-18 11:24:10+05:30,53097.9,0,0.0,0,0.0,0.0,53282.15,53308.4,52783.45,53710.35,0,0.0,0.0,0.0,0.0,-0.01,-1,-1,-0.01,-1,-1,-0.01,-1,-1,-0.01,-1,-1,-0.01,-1,-1,-0.01,-1,-1,-0.01,-1,-1,-0.01,-1,-1,-0.01,-1,-1,-0.01,-1,-1
99926009,2026-05-18 11:24:11+05:30,53096.4,0,0.0,0,0.0,0.0,53282.15,53308.4,52783.45,53710.35,0,0.0,0.0,0.0,0.0,-0.01,-1,-1,-0.01,-1,-1,-0.01,-1,-1,-0.01,-1,-1,-0.01,-1,-1,-0.01,-1,-1,-0.01,-1,-1,-0.01,-1,-1,-0.01,-1,-1,-0.01,-1,-1
99926009,2026-05-18 11:24:11+05:30,53097.0,0,0.0,0,0.0,0.0,53282.15,53308.4,52783.45,53710.35,0,0.0,0.0,0.0,0.0,-0.01,-1,-1,-0.01,-1,-1,-0.01,-1,-1,-0.01,-1,-1,-0.01,-1,-1,-0.01,-1,-1,-0.01,-1,-1,-0.01,-1,-1,-0.01,-1,-1,-0.01,-1,-1
99926009,2026-05-18 11:24:12+05:30,53098.5,0,0.0,0,0.0,0.0,53282.15,53308.4,52783.45,53710.35,0,0.0,0.0,0.0,0.0,-0.01,-1,-1,-0.01,-1,-1,-0.01,-1,-1,-0.01,-1,-1,-0.01,-1,-1,-0.01,-1,-1,-0.01,-1,-1,-0.01,-1,-1,-0.01,-1,-1,-0.01,-1,-1
99926009,2026-05-18 11:24:12+05:30,53098.0,0,0.0,0,0.0,0.0,53282.15,53308.4,52783.45,53710.35,0,0.0,0.0,0.0,0.0,-0.01,-1,-1,-0.01,-1,-1,-0.01,-1,-1,-0.01,-1,-1,-0.01,-1,-1,-0.01,-1,-1,-0.01,-1,-1,-0.01,-1,-1,-0.01,-1,-1,-0.01,-1,-1
99926009,2026-05-18 11:24:13+05:30,53101.6,0,0.0,0,0.0,0.0,53282.15,53308.4,52783.45,53710.35,0,0.0,0.0,0.0,0.0,-0.01,-1,-1,-0.01,-1,-1,-0.01,-1,-1,-0.01,-1,-1,-0.01,-1,-1,-0.01,-1,-1,-0.01,-1,-1,-0.01,-1,-1,-0.01,-1,-1,-0.01,-1,-1
99926009,2026-05-18 11:24:13+05:30,53100.05,0,0.0,0,0.0,0.0,53282.15,53308.4,52783.45,53710.35,0,0.0,0.0,0.0,0.0,-0.01,-1,-1,-0.01,-1,-1,-0.01,-1,-1,-0.01,-1,-1,-0.01,-1,-1,-0.01,-1,-1,-0.01,-1,-1,-0.01,-1,-1,-0.01,-1,-1,-0.01,-1,-1
99926009,2026-05-18 11:24:14+05:30,53101.0,0,0.0,0,0.0,0.0,53282.15,53308.4,52783.45,53710.35,0,0.0,0.0,0.0,0.0,-0.01,-1,-1,-0.01,-1,-1,-0.01,-1,-1,-0.01,-1,-1,-0.01,-1,-1,-0.01,-1,-1,-0.01,-1,-1,-0.01,-1,-1,-0.01,-1,-1,-0.01,-1,-1
99926009,2026-05-18 11:24:14+05:30,53100.9,0,0.0,0,0.0,0.0,53282.15,53308.4,52783.45,53710.35,0,0.0,0.0,0.0,0.0,-0.01,-1,-1,-0.01,-1,-1,-0.01,-1,-1,-0.01,-1,-1,-0.01,-1,-1,-0.01,-1,-1,-0.01,-1,-1,-0.01,-1,-1,-0.01,-1,-1,-0.01,-1,-1
99926009,2026-05-18 11:24:15+05:30,53102.1,0,0.0,0,0.0,0.0,53282.15,53308.4,52783.45,53710.35,0,0.0,0.0,0.0,0.0,-0.01,-1,-1,-0.01,-1,-1,-0.01,-1,-1,-0.01,-1,-1,-0.01,-1,-1,-0.01,-1,-1,-0.01,-1,-1,-0.01,-1,-1,-0.01,-1,-1,-0.01,-1,-1
99926009,2026-05-18 11:24:15+05:30,53103.3,0,0.0,0,0.0,0.0,53282.15,53308.4,52783.45,53710.35,0,0.0,0.0,0.0,0.0,-0.01,-1,-1,-0.01,-1,-1,-0.01,-1,-1,-0.01,-1,-1,-0.01,-1,-1,-0.01,-1,-1,-0.01,-1,-1,-0.01,-1,-1,-0.01,-1,-1,-0.01,-1,-1
99926009,2026-05-18 11:24:16+05:30,53105.9,0,0.0,0,0.0,0.0,53282.15,53308.4,52783.45,53710.35,0,0.0,0.0,0.0,0.0,-0.01,-1,-1,-0.01,-1,-1,-0.01,-1,-1,-0.01,-1,-1,-0.01,-1,-1,-0.01,-1,-1,-0.01,-1,-1,-0.01,-1,-1,-0.01,-1,-1,-0.01,-1,-1
99926009,2026-05-18 11:24:16+05:30,53106.0,0,0.0,0,0.0,0.0,53282.15,53308.4,52783.45,53710.35,0,0.0,0.0,0.0,0.0,-0.01,-1,-1,-0.01,-1,-1,-0.01,-1,-1,-0.01,-1,-1,-0.01,-1,-1,-0.01,-1,-1,-0.01,-1,-1,-0.01,-1,-1,-0.01,-1,-1,-0.01,-1,-1
99926009,2026-05-18 11:24:17+05:30,53103.3,0,0.0,0,0.0,0.0,53282.15,53308.4,52783.45,53710.35,0,0.0,0.0,0.0,0.0,-0.01,-1,-1,-0.01,-1,-1,-0.01,-1,-1,-0.01,-1,-1,-0.01,-1,-1,-0.01,-1,-1,-0.01,-1,-1,-0.01,-1,-1,-0.01,-1,-1,-0.01,-1,-1
99926009,2026-05-18 11:24:17+05:30,53104.85,0,0.0,0,0.0,0.0,53282.15,53308.4,52783.45,53710.35,0,0.0,0.0,0.0,0.0,-0.01,-1,-1,-0.01,-1,-1,-0.01,-1,-1,-0.01,-1,-1,-0.01,-1,-1,-0.01,-1,-1,-0.01,-1,-1,-0.01,-1,-1,-0.01,-1,-1,-0.01,-1,-1
99926009,2026-05-18 11:24:18+05:30,53103.8,0,0.0,0,0.0,0.0,53282.15,53308.4,52783.45,53710.35,0,0.0,0.0,0.0,0.0,-0.01,-1,-1,-0.01,-1,-1,-0.01,-1,-1,-0.01,-1,-1,-0.01,-1,-1,-0.01,-1,-1,-0.01,-1,-1,-0.01,-1,-1,-0.01,-1,-1,-0.01,-1,-1
99926009,2026-05-18 11:24:18+05:30,53108.55,0,0.0,0,0.0,0.0,53282.15,53308.4,52783.45,53710.35,0,0.0,0.0,0.0,0.0,-0.01,-1,-1,-0.01,-1,-1,-0.01,-1,-1,-0.01,-1,-1,-0.01,-1,-1,-0.01,-1,-1,-0.01,-1,-1,-0.01,-1,-1,-0.01,-1,-1,-0.01,-1,-1
99926009,2026-05-18 11:24:19+05:30,53108.1,0,0.0,0,0.0,0.0,53282.15,53308.4,52783.45,53710.35,0,0.0,0.0,0.0,0.0,-0.01,-1,-1,-0.01,-1,-1,-0.01,-1,-1,-0.01,-1,-1,-0.01,-1,-1,-0.01,-1,-1,-0.01,-1,-1,-0.01,-1,-1,-0.01,-1,-1,-0.01,-1,-1
99926009,2026-05-18 11:24:19+05:30,53108.1,0,0.0,0,0.0,0.0,53282.15,53308.4,52783.45,53710.35,0,0.0,0.0,0.0,0.0,-0.01,-1,-1,-0.01,-1,-1,-0.01,-1,-1,-0.01,-1,-1,-0.01,-1,-1,-0.01,-1,-1,-0.01,-1,-1,-0.01,-1,-1,-0.01,-1,-1,-0.01,-1,-1
99926009,2026-05-18 11:24:20+05:30,53106.15,0,0.0,0,0.0,0.0,53282.15,53308.4,52783.45,53710.35,0,0.0,0.0,0.0,0.0,-0.01,-1,-1,-0.01,-1,-1,-0.01,-1,-1,-0.01,-1,-1,-0.01,-1,-1,-0.01,-1,-1,-0.01,-1,-1,-0.01,-1,-1,-0.01,-1,-1,-0.01,-1,-1
99926009,2026-05-18 11:24:20+05:30,53108.55,0,0.0,0,0.0,0.0,53282.15,53308.4,52783.45,53710.35,0,0.0,0.0,0.0,0.0,-0.01,-1,-1,-0.01,-1,-1,-0.01,-1,-1,-0.01,-1,-1,-0.01,-1,-1,-0.01,-1,-1,-0.01,-1,-1,-0.01,-1,-1,-0.01,-1,-1,-0.01,-1,-1
99926009,2026-05-18 11:24:21+05:30,53109.45,0,0.0,0,0.0,0.0,53282.15,53308.4,52783.45,53710.35,0,0.0,0.0,0.0,0.0,-0.01,-1,-1,-0.01,-1,-1,-0.01,-1,-1,-0.01,-1,-1,-0.01,-1,-1,-0.01,-1,-1,-0.01,-1,-1,-0.01,-1,-1,-0.01,-1,-1,-0.01,-1,-1
99926009,2026-05-18 11:24:21+05:30,53109.35,0,0.0,0,0.0,0.0,53282.15,53308.4,52783.45,53710.35,0,0.0,0.0,0.0,0.0,-0.01,-1,-1,-0.01,-1,-1,-0.01,-1,-1,-0.01,-1,-1,-0.01,-1,-1,-0.01,-1,-1,-0.01,-1,-1,-0.01,-1,-1,-0.01,-1,-1,-0.01,-1,-1
99926009,2026-05-18 11:24:22+05:30,53109.85,0,0.0,0,0.0,0.0,53282.15,53308.4,52783.45,53710.35,0,0.0,0.0,0.0,0.0,-0.01,-1,-1,-0.01,-1,-1,-0.01,-1,-1,-0.01,-1,-1,-0.01,-1,-1,-0.01,-1,-1,-0.01,-1,-1,-0.01,-1,-1,-0.01,-1,-1,-0.01,-1,-1
99926009,2026-05-18 11:24:22+05:30,53106.9,0,0.0,0,0.0,0.0,53282.15,53308.4,52783.45,53710.35,0,0.0,0.0,0.0,0.0,-0.01,-1,-1,-0.01,-1,-1,-0.01,-1,-1,-0.01,-1,-1,-0.01,-1,-1,-0.01,-1,-1,-0.01,-1,-1,-0.01,-1,-1,-0.01,-1,-1,-0.01,-1,-1
99926009,2026-05-18 11:24:23+05:30,53104.95,0,0.0,0,0.0,0.0,53282.15,53308.4,52783.45,53710.35,0,0.0,0.0,0.0,0.0,-0.01,-1,-1,-0.01,-1,-1,-0.01,-1,-1,-0.01,-1,-1,-0.01,-1,-1,-0.01,-1,-1,-0.01,-1,-1,-0.01,-1,-1,-0.01,-1,-1,-0.01,-1,-1
99926009,2026-05-18 11:24:23+05:30,53105.55,0,0.0,0,0.0,0.0,53282.15,53308.4,52783.45,53710.35,0,0.0,0.0,0.0,0.0,-0.01,-1,-1,-0.01,-1,-1,-0.01,-1,-1,-0.01,-1,-1,-0.01,-1,-1,-0.01,-1,-1,-0.01,-1,-1,-0.01,-1,-1,-0.01,-1,-1,-0.01,-1,-1
99926009,2026-05-18 11:24:24+05:30,53104.45,0,0.0,0,0.0,0.0,53282.15,53308.4,52783.45,53710.35,0,0.0,0.0,0.0,0.0,-0.01,-1,-1,-0.01,-1,-1,-0.01,-1,-1,-0.01,-1,-1,-0.01,-1,-1,-0.01,-1,-1,-0.01,-1,-1,-0.01,-1,-1,-0.01,-1,-1,-0.01,-1,-1
99926009,2026-05-18 11:24:24+05:30,53106.85,0,0.0,0,0.0,0.0,53282.15,53308.4,52783.45,53710.35,0,0.0,0.0,0.0,0.0,-0.01,-1,-1,-0.01,-1,-1,-0.01,-1,-1,-0.01,-1,-1,-0.01,-1,-1,-0.01,-1,-1,-0.01,-1,-1,-0.01,-1,-1,-0.01,-1,-1,-0.01,-1,-1
99926009,2026-05-18 11:24:25+05:30,53107.5,0,0.0,0,0.0,0.0,53282.15,53308.4,52783.45,53710.35,0,0.0,0.0,0.0,0.0,-0.01,-1,-1,-0.01,-1,-1,-0.01,-1,-1,-0.01,-1,-1,-0.01,-1,-1,-0.01,-1,-1,-0.01,-1,-1,-0.01,-1,-1,-0.01,-1,-1,-0.01,-1,-1
99926009,2026-05-18 11:24:25+05:30,53112.2,0,0.0,0,0.0,0.0,53282.15,53308.4,52783.45,53710.35,0,0.0,0.0,0.0,0.0,-0.01,-1,-1,-0.01,-1,-1,-0.01,-1,-1,-0.01,-1,-1,-0.01,-1,-1,-0.01,-1,-1,-0.01,-1,-1,-0.01,-1,-1,-0.01,-1,-1,-0.01,-1,-1
99926009,2026-05-18 11:24:26+05:30,53118.9,0,0.0,0,0.0,0.0,53282.15,53308.4,52783.45,53710.35,0,0.0,0.0,0.0,0.0,-0.01,-1,-1,-0.01,-1,-1,-0.01,-1,-1,-0.01,-1,-1,-0.01,-1,-1,-0.01,-1,-1,-0.01,-1,-1,-0.01,-1,-1,-0.01,-1,-1,-0.01,-1,-1
99926009,2026-05-18 11:24:26+05:30,53122.9,0,0.0,0,0.0,0.0,53282.15,53308.4,52783.45,53710.35,0,0.0,0.0,0.0,0.0,-0.01,-1,-1,-0.01,-1,-1,-0.01,-1,-1,-0.01,-1,-1,-0.01,-1,-1,-0.01,-1,-1,-0.01,-1,-1,-0.01,-1,-1,-0.01,-1,-1,-0.01,-1,-1
99926009,2026-05-18 11:24:27+05:30,53122.05,0,0.0,0,0.0,0.0,53282.15,53308.4,52783.45,53710.35,0,0.0,0.0,0.0,0.0,-0.01,-1,-1,-0.01,-1,-1,-0.01,-1,-1,-0.01,-1,-1,-0.01,-1,-1,-0.01,-1,-1,-0.01,-1,-1,-0.01,-1,-1,-0.01,-1,-1,-0.01,-1,-1
99926009,2026-05-18 11:24:27+05:30,53123.05,0,0.0,0,0.0,0.0,53282.15,53308.4,52783.45,53710.35,0,0.0,0.0,0.0,0.0,-0.01,-1,-1,-0.01,-1,-1,-0.01,-1,-1,-0.01,-1,-1,-0.01,-1,-1,-0.01,-1,-1,-0.01,-1,-1,-0.01,-1,-1,-0.01,-1,-1,-0.01,-1,-1
99926009,2026-05-18 11:24:28+05:30,53120.35,0,0.0,0,0.0,0.0,53282.15,53308.4,52783.45,53710.35,0,0.0,0.0,0.0,0.0,-0.01,-1,-1,-0.01,-1,-1,-0.01,-1,-1,-0.01,-1,-1,-0.01,-1,-1,-0.01,-1,-1,-0.01,-1,-1,-0.01,-1,-1,-0.01,-1,-1,-0.01,-1,-1
99926009,2026-05-18 11:24:28+05:30,53122.35,0,0.0,0,0.0,0.0,53282.15,53308.4,52783.45,53710.35,0,0.0,0.0,0.0,0.0,-0.01,-1,-1,-0.01,-1,-1,-0.01,-1,-1,-0.01,-1,-1,-0.01,-1,-1,-0.01,-1,-1,-0.01,-1,-1,-0.01,-1,-1,-0.01,-1,-1,-0.01,-1,-1
99926009,2026-05-18 11:24:29+05:30,53122.75,0,0.0,0,0.0,0.0,53282.15,53308.4,52783.45,53710.35,0,0.0,0.0,0.0,0.0,-0.01,-1,-1,-0.01,-1,-1,-0.01,-1,-1,-0.01,-1,-1,-0.01,-1,-1,-0.01,-1,-1,-0.01,-1,-1,-0.01,-1,-1,-0.01,-1,-1,-0.01,-1,-1
99926009,2026-05-18 11:24:29+05:30,53124.55,0,0.0,0,0.0,0.0,53282.15,53308.4,52783.45,53710.35,0,0.0,0.0,0.0,0.0,-0.01,-1,-1,-0.01,-1,-1,-0.01,-1,-1,-0.01,-1,-1,-0.01,-1,-1,-0.01,-1,-1,-0.01,-1,-1,-0.01,-1,-1,-0.01,-1,-1,-0.01,-1,-1
99926009,2026-05-18 11:24:30+05:30,53123.55,0,0.0,0,0.0,0.0,53282.15,53308.4,52783.45,53710.35,0,0.0,0.0,0.0,0.0,-0.01,-1,-1,-0.01,-1,-1,-0.01,-1,-1,-0.01,-1,-1,-0.01,-1,-1,-0.01,-1,-1,-0.01,-1,-1,-0.01,-1,-1,-0.01,-1,-1,-0.01,-1,-1
99926009,2026-05-18 11:24:30+05:30,53125.55,0,0.0,0,0.0,0.0,53282.15,53308.4,52783.45,53710.35,0,0.0,0.0,0.0,0.0,-0.01,-1,-1,-0.01,-1,-1,-0.01,-1,-1,-0.01,-1,-1,-0.01,-1,-1,-0.01,-1,-1,-0.01,-1,-1,-0.01,-1,-1,-0.01,-1,-1,-0.01,-1,-1
99926009,2026-05-18 11:24:31+05:30,53126.85,0,0.0,0,0.0,0.0,53282.15,53308.4,52783.45,53710.35,0,0.0,0.0,0.0,0.0,-0.01,-1,-1,-0.01,-1,-1,-0.01,-1,-1,-0.01,-1,-1,-0.01,-1,-1,-0.01,-1,-1,-0.01,-1,-1,-0.01,-1,-1,-0.01,-1,-1,-0.01,-1,-1
99926009,2026-05-18 11:24:31+05:30,53127.85,0,0.0,0,0.0,0.0,53282.15,53308.4,52783.45,53710.35,0,0.0,0.0,0.0,0.0,-0.01,-1,-1,-0.01,-1,-1,-0.01,-1,-1,-0.01,-1,-1,-0.01,-1,-1,-0.01,-1,-1,-0.01,-1,-1,-0.01,-1,-1,-0.01,-1,-1,-0.01,-1,-1
99926009,2026-05-18 11:24:32+05:30,53126.25,0,0.0,0,0.0,0.0,53282.15,53308.4,52783.45,53710.35,0,0.0,0.0,0.0,0.0,-0.01,-1,-1,-0.01,-1,-1,-0.01,-1,-1,-0.01,-1,-1,-0.01,-1,-1,-0.01,-1,-1,-0.01,-1,-1,-0.01,-1,-1,-0.01,-1,-1,-0.01,-1,-1
99926009,2026-05-18 11:24:32+05:30,53127.85,0,0.0,0,0.0,0.0,53282.15,53308.4,52783.45,53710.35,0,0.0,0.0,0.0,0.0,-0.01,-1,-1,-0.01,-1,-1,-0.01,-1,-1,-0.01,-1,-1,-0.01,-1,-1,-0.01,-1,-1,-0.01,-1,-1,-0.01,-1,-1,-0.01,-1,-1,-0.01,-1,-1
99926009,2026-05-18 11:24:33+05:30,53128.85,0,0.0,0,0.0,0.0,53282.15,53308.4,52783.45,53710.35,0,0.0,0.0,0.0,0.0,-0.01,-1,-1,-0.01,-1,-1,-0.01,-1,-1,-0.01,-1,-1,-0.01,-1,-1,-0.01,-1,-1,-0.01,-1,-1,-0.01,-1,-1,-0.01,-1,-1,-0.01,-1,-1
99926009,2026-05-18 11:24:33+05:30,53134.75,0,0.0,0,0.0,0.0,53282.15,53308.4,52783.45,53710.35,0,0.0,0.0,0.0,0.0,-0.01,-1,-1,-0.01,-1,-1,-0.01,-1,-1,-0.01,-1,-1,-0.01,-1,-1,-0.01,-1,-1,-0.01,-1,-1,-0.01,-1,-1,-0.01,-1,-1,-0.01,-1,-1
99926009,2026-05-18 11:24:34+05:30,53134.9,0,0.0,0,0.0,0.0,53282.15,53308.4,52783.45,53710.35,0,0.0,0.0,0.0,0.0,-0.01,-1,-1,-0.01,-1,-1,-0.01,-1,-1,-0.01,-1,-1,-0.01,-1,-1,-0.01,-1,-1,-0.01,-1,-1,-0.01,-1,-1,-0.01,-1,-1,-0.01,-1,-1
99926009,2026-05-18 11:24:34+05:30,53138.55,0,0.0,0,0.0,0.0,53282.15,53308.4,52783.45,53710.35,0,0.0,0.0,0.0,0.0,-0.01,-1,-1,-0.01,-1,-1,-0.01,-1,-1,-0.01,-1,-1,-0.01,-1,-1,-0.01,-1,-1,-0.01,-1,-1,-0.01,-1,-1,-0.01,-1,-1,-0.01,-1,-1
99926009,2026-05-18 11:24:35+05:30,53133.15,0,0.0,0,0.0,0.0,53282.15,53308.4,52783.45,53710.35,0,0.0,0.0,0.0,0.0,-0.01,-1,-1,-0.01,-1,-1,-0.01,-1,-1,-0.01,-1,-1,-0.01,-1,-1,-0.01,-1,-1,-0.01,-1,-1,-0.01,-1,-1,-0.01,-1,-1,-0.01,-1,-1
99926009,2026-05-18 11:24:35+05:30,53139.9,0,0.0,0,0.0,0.0,53282.15,53308.4,52783.45,53710.35,0,0.0,0.0,0.0,0.0,-0.01,-1,-1,-0.01,-1,-1,-0.01,-1,-1,-0.01,-1,-1,-0.01,-1,-1,-0.01,-1,-1,-0.01,-1,-1,-0.01,-1,-1,-0.01,-1,-1,-0.01,-1,-1
99926009,2026-05-18 11:24:36+05:30,53138.3,0,0.0,0,0.0,0.0,53282.15,53308.4,52783.45,53710.35,0,0.0,0.0,0.0,0.0,-0.01,-1,-1,-0.01,-1,-1,-0.01,-1,-1,-0.01,-1,-1,-0.01,-1,-1,-0.01,-1,-1,-0.01,-1,-1,-0.01,-1,-1,-0.01,-1,-1,-0.01,-1,-1
99926009,2026-05-18 11:24:36+05:30,53139.85,0,0.0,0,0.0,0.0,53282.15,53308.4,52783.45,53710.35,0,0.0,0.0,0.0,0.0,-0.01,-1,-1,-0.01,-1,-1,-0.01,-1,-1,-0.01,-1,-1,-0.01,-1,-1,-0.01,-1,-1,-0.01,-1,-1,-0.01,-1,-1,-0.01,-1,-1,-0.01,-1,-1
99926009,2026-05-18 11:24:37+05:30,53134.35,0,0.0,0,0.0,0.0,53282.15,53308.4,52783.45,53710.35,0,0.0,0.0,0.0,0.0,-0.01,-1,-1,-0.01,-1,-1,-0.01,-1,-1,-0.01,-1,-1,-0.01,-1,-1,-0.01,-1,-1,-0.01,-1,-1,-0.01,-1,-1,-0.01,-1,-1,-0.01,-1,-1
99926009,2026-05-18 11:24:37+05:30,53131.65,0,0.0,0,0.0,0.0,53282.15,53308.4,52783.45,53710.35,0,0.0,0.0,0.0,0.0,-0.01,-1,-1,-0.01,-1,-1,-0.01,-1,-1,-0.01,-1,-1,-0.01,-1,-1,-0.01,-1,-1,-0.01,-1,-1,-0.01,-1,-1,-0.01,-1,-1,-0.01,-1,-1
99926009,2026-05-18 11:24:38+05:30,53136.0,0,0.0,0,0.0,0.0,53282.15,53308.4,52783.45,53710.35,0,0.0,0.0,0.0,0.0,-0.01,-1,-1,-0.01,-1,-1,-0.01,-1,-1,-0.01,-1,-1,-0.01,-1,-1,-0.01,-1,-1,-0.01,-1,-1,-0.01,-1,-1,-0.01,-1,-1,-0.01,-1,-1
99926009,2026-05-18 11:24:38+05:30,53131.9,0,0.0,0,0.0,0.0,53282.15,53308.4,52783.45,53710.35,0,0.0,0.0,0.0,0.0,-0.01,-1,-1,-0.01,-1,-1,-0.01,-1,-1,-0.01,-1,-1,-0.01,-1,-1,-0.01,-1,-1,-0.01,-1,-1,-0.01,-1,-1,-0.01,-1,-1,-0.01,-1,-1
99926009,2026-05-18 11:24:39+05:30,53134.95,0,0.0,0,0.0,0.0,53282.15,53308.4,52783.45,53710.35,0,0.0,0.0,0.0,0.0,-0.01,-1,-1,-0.01,-1,-1,-0.01,-1,-1,-0.01,-1,-1,-0.01,-1,-1,-0.01,-1,-1,-0.01,-1,-1,-0.01,-1,-1,-0.01,-1,-1,-0.01,-1,-1
99926009,2026-05-18 11:24:39+05:30,53134.9,0,0.0,0,0.0,0.0,53282.15,53308.4,52783.45,53710.35,0,0.0,0.0,0.0,0.0,-0.01,-1,-1,-0.01,-1,-1,-0.01,-1,-1,-0.01,-1,-1,-0.01,-1,-1,-0.01,-1,-1,-0.01,-1,-1,-0.01,-1,-1,-0.01,-1,-1,-0.01,-1,-1
99926009,2026-05-18 11:24:40+05:30,53133.35,0,0.0,0,0.0,0.0,53282.15,53308.4,52783.45,53710.35,0,0.0,0.0,0.0,0.0,-0.01,-1,-1,-0.01,-1,-1,-0.01,-1,-1,-0.01,-1,-1,-0.01,-1,-1,-0.01,-1,-1,-0.01,-1,-1,-0.01,-1,-1,-0.01,-1,-1,-0.01,-1,-1
99926009,2026-05-18 11:24:40+05:30,53136.75,0,0.0,0,0.0,0.0,53282.15,53308.4,52783.45,53710.35,0,0.0,0.0,0.0,0.0,-0.01,-1,-1,-0.01,-1,-1,-0.01,-1,-1,-0.01,-1,-1,-0.01,-1,-1,-0.01,-1,-1,-0.01,-1,-1,-0.01,-1,-1,-0.01,-1,-1,-0.01,-1,-1
99926009,2026-05-18 11:24:41+05:30,53132.25,0,0.0,0,0.0,0.0,53282.15,53308.4,52783.45,53710.35,0,0.0,0.0,0.0,0.0,-0.01,-1,-1,-0.01,-1,-1,-0.01,-1,-1,-0.01,-1,-1,-0.01,-1,-1,-0.01,-1,-1,-0.01,-1,-1,-0.01,-1,-1,-0.01,-1,-1,-0.01,-1,-1
99926009,2026-05-18 11:24:41+05:30,53135.15,0,0.0,0,0.0,0.0,53282.15,53308.4,52783.45,53710.35,0,0.0,0.0,0.0,0.0,-0.01,-1,-1,-0.01,-1,-1,-0.01,-1,-1,-0.01,-1,-1,-0.01,-1,-1,-0.01,-1,-1,-0.01,-1,-1,-0.01,-1,-1,-0.01,-1,-1,-0.01,-1,-1
99926009,2026-05-18 11:24:42+05:30,53131.3,0,0.0,0,0.0,0.0,53282.15,53308.4,52783.45,53710.35,0,0.0,0.0,0.0,0.0,-0.01,-1,-1,-0.01,-1,-1,-0.01,-1,-1,-0.01,-1,-1,-0.01,-1,-1,-0.01,-1,-1,-0.01,-1,-1,-0.01,-1,-1,-0.01,-1,-1,-0.01,-1,-1
99926009,2026-05-18 11:24:42+05:30,53131.35,0,0.0,0,0.0,0.0,53282.15,53308.4,52783.45,53710.35,0,0.0,0.0,0.0,0.0,-0.01,-1,-1,-0.01,-1,-1,-0.01,-1,-1,-0.01,-1,-1,-0.01,-1,-1,-0.01,-1,-1,-0.01,-1,-1,-0.01,-1,-1,-0.01,-1,-1,-0.01,-1,-1
99926009,2026-05-18 11:24:43+05:30,53129.75,0,0.0,0,0.0,0.0,53282.15,53308.4,52783.45,53710.35,0,0.0,0.0,0.0,0.0,-0.01,-1,-1,-0.01,-1,-1,-0.01,-1,-1,-0.01,-1,-1,-0.01,-1,-1,-0.01,-1,-1,-0.01,-1,-1,-0.01,-1,-1,-0.01,-1,-1,-0.01,-1,-1
99926009,2026-05-18 11:24:43+05:30,53135.15,0,0.0,0,0.0,0.0,53282.15,53308.4,52783.45,53710.35,0,0.0,0.0,0.0,0.0,-0.01,-1,-1,-0.01,-1,-1,-0.01,-1,-1,-0.01,-1,-1,-0.01,-1,-1,-0.01,-1,-1,-0.01,-1,-1,-0.01,-1,-1,-0.01,-1,-1,-0.01,-1,-1
99926009,2026-05-18 11:24:44+05:30,53136.8,0,0.0,0,0.0,0.0,53282.15,53308.4,52783.45,53710.35,0,0.0,0.0,0.0,0.0,-0.01,-1,-1,-0.01,-1,-1,-0.01,-1,-1,-0.01,-1,-1,-0.01,-1,-1,-0.01,-1,-1,-0.01,-1,-1,-0.01,-1,-1,-0.01,-1,-1,-0.01,-1,-1
99926009,2026-05-18 11:24:44+05:30,53136.95,0,0.0,0,0.0,0.0,53282.15,53308.4,52783.45,53710.35,0,0.0,0.0,0.0,0.0,-0.01,-1,-1,-0.01,-1,-1,-0.01,-1,-1,-0.01,-1,-1,-0.01,-1,-1,-0.01,-1,-1,-0.01,-1,-1,-0.01,-1,-1,-0.01,-1,-1,-0.01,-1,-1
99926009,2026-05-18 11:24:45+05:30,53136.3,0,0.0,0,0.0,0.0,53282.15,53308.4,52783.45,53710.35,0,0.0,0.0,0.0,0.0,-0.01,-1,-1,-0.01,-1,-1,-0.01,-1,-1,-0.01,-1,-1,-0.01,-1,-1,-0.01,-1,-1,-0.01,-1,-1,-0.01,-1,-1,-0.01,-1,-1,-0.01,-1,-1
99926009,2026-05-18 11:24:45+05:30,53138.45,0,0.0,0,0.0,0.0,53282.15,53308.4,52783.45,53710.35,0,0.0,0.0,0.0,0.0,-0.01,-1,-1,-0.01,-1,-1,-0.01,-1,-1,-0.01,-1,-1,-0.01,-1,-1,-0.01,-1,-1,-0.01,-1,-1,-0.01,-1,-1,-0.01,-1,-1,-0.01,-1,-1
99926009,2026-05-18 11:24:46+05:30,53135.4,0,0.0,0,0.0,0.0,53282.15,53308.4,52783.45,53710.35,0,0.0,0.0,0.0,0.0,-0.01,-1,-1,-0.01,-1,-1,-0.01,-1,-1,-0.01,-1,-1,-0.01,-1,-1,-0.01,-1,-1,-0.01,-1,-1,-0.01,-1,-1,-0.01,-1,-1,-0.01,-1,-1
99926009,2026-05-18 11:24:46+05:30,53133.85,0,0.0,0,0.0,0.0,53282.15,53308.4,52783.45,53710.35,0,0.0,0.0,0.0,0.0,-0.01,-1,-1,-0.01,-1,-1,-0.01,-1,-1,-0.01,-1,-1,-0.01,-1,-1,-0.01,-1,-1,-0.01,-1,-1,-0.01,-1,-1,-0.01,-1,-1,-0.01,-1,-1
99926009,2026-05-18 11:24:47+05:30,53135.65,0,0.0,0,0.0,0.0,53282.15,53308.4,52783.45,53710.35,0,0.0,0.0,0.0,0.0,-0.01,-1,-1,-0.01,-1,-1,-0.01,-1,-1,-0.01,-1,-1,-0.01,-1,-1,-0.01,-1,-1,-0.01,-1,-1,-0.01,-1,-1,-0.01,-1,-1,-0.01,-1,-1
99926009,2026-05-18 11:24:47+05:30,53138.05,0,0.0,0,0.0,0.0,53282.15,53308.4,52783.45,53710.35,0,0.0,0.0,0.0,0.0,-0.01,-1,-1,-0.01,-1,-1,-0.01,-1,-1,-0.01,-1,-1,-0.01,-1,-1,-0.01,-1,-1,-0.01,-1,-1,-0.01,-1,-1,-0.01,-1,-1,-0.01,-1,-1
99926009,2026-05-18 11:24:48+05:30,53135.85,0,0.0,0,0.0,0.0,53282.15,53308.4,52783.45,53710.35,0,0.0,0.0,0.0,0.0,-0.01,-1,-1,-0.01,-1,-1,-0.01,-1,-1,-0.01,-1,-1,-0.01,-1,-1,-0.01,-1,-1,-0.01,-1,-1,-0.01,-1,-1,-0.01,-1,-1,-0.01,-1,-1
99926009,2026-05-18 11:24:48+05:30,53134.05,0,0.0,0,0.0,0.0,53282.15,53308.4,52783.45,53710.35,0,0.0,0.0,0.0,0.0,-0.01,-1,-1,-0.01,-1,-1,-0.01,-1,-1,-0.01,-1,-1,-0.01,-1,-1,-0.01,-1,-1,-0.01,-1,-1,-0.01,-1,-1,-0.01,-1,-1,-0.01,-1,-1
99926009,2026-05-18 11:24:49+05:30,53134.5,0,0.0,0,0.0,0.0,53282.15,53308.4,52783.45,53710.35,0,0.0,0.0,0.0,0.0,-0.01,-1,-1,-0.01,-1,-1,-0.01,-1,-1,-0.01,-1,-1,-0.01,-1,-1,-0.01,-1,-1,-0.01,-1,-1,-0.01,-1,-1,-0.01,-1,-1,-0.01,-1,-1
99926009,2026-05-18 11:24:49+05:30,53133.3,0,0.0,0,0.0,0.0,53282.15,53308.4,52783.45,53710.35,0,0.0,0.0,0.0,0.0,-0.01,-1,-1,-0.01,-1,-1,-0.01,-1,-1,-0.01,-1,-1,-0.01,-1,-1,-0.01,-1,-1,-0.01,-1,-1,-0.01,-1,-1,-0.01,-1,-1,-0.01,-1,-1
99926009,2026-05-18 11:24:50+05:30,53132.3,0,0.0,0,0.0,0.0,53282.15,53308.4,52783.45,53710.35,0,0.0,0.0,0.0,0.0,-0.01,-1,-1,-0.01,-1,-1,-0.01,-1,-1,-0.01,-1,-1,-0.01,-1,-1,-0.01,-1,-1,-0.01,-1,-1,-0.01,-1,-1,-0.01,-1,-1,-0.01,-1,-1
99926009,2026-05-18 11:24:50+05:30,53134.8,0,0.0,0,0.0,0.0,53282.15,53308.4,52783.45,53710.35,0,0.0,0.0,0.0,0.0,-0.01,-1,-1,-0.01,-1,-1,-0.01,-1,-1,-0.01,-1,-1,-0.01,-1,-1,-0.01,-1,-1,-0.01,-1,-1,-0.01,-1,-1,-0.01,-1,-1,-0.01,-1,-1
99926009,2026-05-18 11:24:51+05:30,53131.6,0,0.0,0,0.0,0.0,53282.15,53308.4,52783.45,53710.35,0,0.0,0.0,0.0,0.0,-0.01,-1,-1,-0.01,-1,-1,-0.01,-1,-1,-0.01,-1,-1,-0.01,-1,-1,-0.01,-1,-1,-0.01,-1,-1,-0.01,-1,-1,-0.01,-1,-1,-0.01,-1,-1
99926009,2026-05-18 11:24:51+05:30,53136.4,0,0.0,0,0.0,0.0,53282.15,53308.4,52783.45,53710.35,0,0.0,0.0,0.0,0.0,-0.01,-1,-1,-0.01,-1,-1,-0.01,-1,-1,-0.01,-1,-1,-0.01,-1,-1,-0.01,-1,-1,-0.01,-1,-1,-0.01,-1,-1,-0.01,-1,-1,-0.01,-1,-1
99926009,2026-05-18 11:24:52+05:30,53133.9,0,0.0,0,0.0,0.0,53282.15,53308.4,52783.45,53710.35,0,0.0,0.0,0.0,0.0,-0.01,-1,-1,-0.01,-1,-1,-0.01,-1,-1,-0.01,-1,-1,-0.01,-1,-1,-0.01,-1,-1,-0.01,-1,-1,-0.01,-1,-1,-0.01,-1,-1,-0.01,-1,-1
99926009,2026-05-18 11:24:52+05:30,53136.4,0,0.0,0,0.0,0.0,53282.15,53308.4,52783.45,53710.35,0,0.0,0.0,0.0,0.0,-0.01,-1,-1,-0.01,-1,-1,-0.01,-1,-1,-0.01,-1,-1,-0.01,-1,-1,-0.01,-1,-1,-0.01,-1,-1,-0.01,-1,-1,-0.01,-1,-1,-0.01,-1,-1
99926009,2026-05-18 11:24:53+05:30,53137.2,0,0.0,0,0.0,0.0,53282.15,53308.4,52783.45,53710.35,0,0.0,0.0,0.0,0.0,-0.01,-1,-1,-0.01,-1,-1,-0.01,-1,-1,-0.01,-1,-1,-0.01,-1,-1,-0.01,-1,-1,-0.01,-1,-1,-0.01,-1,-1,-0.01,-1,-1,-0.01,-1,-1
99926009,2026-05-18 11:24:53+05:30,53137.6,0,0.0,0,0.0,0.0,53282.15,53308.4,52783.45,53710.35,0,0.0,0.0,0.0,0.0,-0.01,-1,-1,-0.01,-1,-1,-0.01,-1,-1,-0.01,-1,-1,-0.01,-1,-1,-0.01,-1,-1,-0.01,-1,-1,-0.01,-1,-1,-0.01,-1,-1,-0.01,-1,-1
99926009,2026-05-18 11:24:54+05:30,53138.95,0,0.0,0,0.0,0.0,53282.15,53308.4,52783.45,53710.35,0,0.0,0.0,0.0,0.0,-0.01,-1,-1,-0.01,-1,-1,-0.01,-1,-1,-0.01,-1,-1,-0.01,-1,-1,-0.01,-1,-1,-0.01,-1,-1,-0.01,-1,-1,-0.01,-1,-1,-0.01,-1,-1
99926009,2026-05-18 11:24:54+05:30,53139.55,0,0.0,0,0.0,0.0,53282.15,53308.4,52783.45,53710.35,0,0.0,0.0,0.0,0.0,-0.01,-1,-1,-0.01,-1,-1,-0.01,-1,-1,-0.01,-1,-1,-0.01,-1,-1,-0.01,-1,-1,-0.01,-1,-1,-0.01,-1,-1,-0.01,-1,-1,-0.01,-1,-1
99926009,2026-05-18 11:24:55+05:30,53142.25,0,0.0,0,0.0,0.0,53282.15,53308.4,52783.45,53710.35,0,0.0,0.0,0.0,0.0,-0.01,-1,-1,-0.01,-1,-1,-0.01,-1,-1,-0.01,-1,-1,-0.01,-1,-1,-0.01,-1,-1,-0.01,-1,-1,-0.01,-1,-1,-0.01,-1,-1,-0.01,-1,-1
99926009,2026-05-18 11:24:55+05:30,53142.95,0,0.0,0,0.0,0.0,53282.15,53308.4,52783.45,53710.35,0,0.0,0.0,0.0,0.0,-0.01,-1,-1,-0.01,-1,-1,-0.01,-1,-1,-0.01,-1,-1,-0.01,-1,-1,-0.01,-1,-1,-0.01,-1,-1,-0.01,-1,-1,-0.01,-1,-1,-0.01,-1,-1
99926009,2026-05-18 11:24:56+05:30,53140.45,0,0.0,0,0.0,0.0,53282.15,53308.4,52783.45,53710.35,0,0.0,0.0,0.0,0.0,-0.01,-1,-1,-0.01,-1,-1,-0.01,-1,-1,-0.01,-1,-1,-0.01,-1,-1,-0.01,-1,-1,-0.01,-1,-1,-0.01,-1,-1,-0.01,-1,-1,-0.01,-1,-1
99926009,2026-05-18 11:24:56+05:30,53141.4,0,0.0,0,0.0,0.0,53282.15,53308.4,52783.45,53710.35,0,0.0,0.0,0.0,0.0,-0.01,-1,-1,-0.01,-1,-1,-0.01,-1,-1,-0.01,-1,-1,-0.01,-1,-1,-0.01,-1,-1,-0.01,-1,-1,-0.01,-1,-1,-0.01,-1,-1,-0.01,-1,-1
99926009,2026-05-18 11:24:57+05:30,53140.4,0,0.0,0,0.0,0.0,53282.15,53308.4,52783.45,53710.35,0,0.0,0.0,0.0,0.0,-0.01,-1,-1,-0.01,-1,-1,-0.01,-1,-1,-0.01,-1,-1,-0.01,-1,-1,-0.01,-1,-1,-0.01,-1,-1,-0.01,-1,-1,-0.01,-1,-1,-0.01,-1,-1
99926009,2026-05-18 11:24:57+05:30,53140.15,0,0.0,0,0.0,0.0,53282.15,53308.4,52783.45,53710.35,0,0.0,0.0,0.0,0.0,-0.01,-1,-1,-0.01,-1,-1,-0.01,-1,-1,-0.01,-1,-1,-0.01,-1,-1,-0.01,-1,-1,-0.01,-1,-1,-0.01,-1,-1,-0.01,-1,-1,-0.01,-1,-1
99926009,2026-05-18 11:24:58+05:30,53137.5,0,0.0,0,0.0,0.0,53282.15,53308.4,52783.45,53710.35,0,0.0,0.0,0.0,0.0,-0.01,-1,-1,-0.01,-1,-1,-0.01,-1,-1,-0.01,-1,-1,-0.01,-1,-1,-0.01,-1,-1,-0.01,-1,-1,-0.01,-1,-1,-0.01,-1,-1,-0.01,-1,-1
99926009,2026-05-18 11:24:58+05:30,53135.9,0,0.0,0,0.0,0.0,53282.15,53308.4,52783.45,53710.35,0,0.0,0.0,0.0,0.0,-0.01,-1,-1,-0.01,-1,-1,-0.01,-1,-1,-0.01,-1,-1,-0.01,-1,-1,-0.01,-1,-1,-0.01,-1,-1,-0.01,-1,-1,-0.01,-1,-1,-0.01,-1,-1
99926009,2026-05-18 11:24:59+05:30,53137.2,0,0.0,0,0.0,0.0,53282.15,53308.4,52783.45,53710.35,0,0.0,0.0,0.0,0.0,-0.01,-1,-1,-0.01,-1,-1,-0.01,-1,-1,-0.01,-1,-1,-0.01,-1,-1,-0.01,-1,-1,-0.01,-1,-1,-0.01,-1,-1,-0.01,-1,-1,-0.01,-1,-1
99926009,2026-05-18 11:24:59+05:30,53139.0,0,0.0,0,0.0,0.0,53282.15,53308.4,52783.45,53710.35,0,0.0,0.0,0.0,0.0,-0.01,-1,-1,-0.01,-1,-1,-0.01,-1,-1,-0.01,-1,-1,-0.01,-1,-1,-0.01,-1,-1,-0.01,-1,-1,-0.01,-1,-1,-0.01,-1,-1,-0.01,-1,-1
99926009,2026-05-18 11:25:00+05:30,53139.7,0,0.0,0,0.0,0.0,53282.15,53308.4,52783.45,53710.35,0,0.0,0.0,0.0,0.0,-0.01,-1,-1,-0.01,-1,-1,-0.01,-1,-1,-0.01,-1,-1,-0.01,-1,-1,-0.01,-1,-1,-0.01,-1,-1,-0.01,-1,-1,-0.01,-1,-1,-0.01,-1,-1
99926009,2026-05-18 11:25:00+05:30,53140.35,0,0.0,0,0.0,0.0,53282.15,53308.4,52783.45,53710.35,0,0.0,0.0,0.0,0.0,-0.01,-1,-1,-0.01,-1,-1,-0.01,-1,-1,-0.01,-1,-1,-0.01,-1,-1,-0.01,-1,-1,-0.01,-1,-1,-0.01,-1,-1,-0.01,-1,-1,-0.01,-1,-1
99926009,2026-05-18 11:25:01+05:30,53145.65,0,0.0,0,0.0,0.0,53282.15,53308.4,52783.45,53710.35,0,0.0,0.0,0.0,0.0,-0.01,-1,-1,-0.01,-1,-1,-0.01,-1,-1,-0.01,-1,-1,-0.01,-1,-1,-0.01,-1,-1,-0.01,-1,-1,-0.01,-1,-1,-0.01,-1,-1,-0.01,-1,-1
99926009,2026-05-18 11:25:01+05:30,53147.7,0,0.0,0,0.0,0.0,53282.15,53308.4,52783.45,53710.35,0,0.0,0.0,0.0,0.0,-0.01,-1,-1,-0.01,-1,-1,-0.01,-1,-1,-0.01,-1,-1,-0.01,-1,-1,-0.01,-1,-1,-0.01,-1,-1,-0.01,-1,-1,-0.01,-1,-1,-0.01,-1,-1
99926009,2026-05-18 11:25:02+05:30,53149.2,0,0.0,0,0.0,0.0,53282.15,53308.4,52783.45,53710.35,0,0.0,0.0,0.0,0.0,-0.01,-1,-1,-0.01,-1,-1,-0.01,-1,-1,-0.01,-1,-1,-0.01,-1,-1,-0.01,-1,-1,-0.01,-1,-1,-0.01,-1,-1,-0.01,-1,-1,-0.01,-1,-1
99926009,2026-05-18 11:25:02+05:30,53152.8,0,0.0,0,0.0,0.0,53282.15,53308.4,52783.45,53710.35,0,0.0,0.0,0.0,0.0,-0.01,-1,-1,-0.01,-1,-1,-0.01,-1,-1,-0.01,-1,-1,-0.01,-1,-1,-0.01,-1,-1,-0.01,-1,-1,-0.01,-1,-1,-0.01,-1,-1,-0.01,-1,-1
99926009,2026-05-18 11:25:03+05:30,53155.45,0,0.0,0,0.0,0.0,53282.15,53308.4,52783.45,53710.35,0,0.0,0.0,0.0,0.0,-0.01,-1,-1,-0.01,-1,-1,-0.01,-1,-1,-0.01,-1,-1,-0.01,-1,-1,-0.01,-1,-1,-0.01,-1,-1,-0.01,-1,-1,-0.01,-1,-1,-0.01,-1,-1
99926009,2026-05-18 11:25:03+05:30,53153.8,0,0.0,0,0.0,0.0,53282.15,53308.4,52783.45,53710.35,0,0.0,0.0,0.0,0.0,-0.01,-1,-1,-0.01,-1,-1,-0.01,-1,-1,-0.01,-1,-1,-0.01,-1,-1,-0.01,-1,-1,-0.01,-1,-1,-0.01,-1,-1,-0.01,-1,-1,-0.01,-1,-1
99926009,2026-05-18 11:25:04+05:30,53155.7,0,0.0,0,0.0,0.0,53282.15,53308.4,52783.45,53710.35,0,0.0,0.0,0.0,0.0,-0.01,-1,-1,-0.01,-1,-1,-0.01,-1,-1,-0.01,-1,-1,-0.01,-1,-1,-0.01,-1,-1,-0.01,-1,-1,-0.01,-1,-1,-0.01,-1,-1,-0.01,-1,-1
99926009,2026-05-18 11:25:04+05:30,53154.0,0,0.0,0,0.0,0.0,53282.15,53308.4,52783.45,53710.35,0,0.0,0.0,0.0,0.0,-0.01,-1,-1,-0.01,-1,-1,-0.01,-1,-1,-0.01,-1,-1,-0.01,-1,-1,-0.01,-1,-1,-0.01,-1,-1,-0.01,-1,-1,-0.01,-1,-1,-0.01,-1,-1
99926009,2026-05-18 11:25:05+05:30,53152.95,0,0.0,0,0.0,0.0,53282.15,53308.4,52783.45,53710.35,0,0.0,0.0,0.0,0.0,-0.01,-1,-1,-0.01,-1,-1,-0.01,-1,-1,-0.01,-1,-1,-0.01,-1,-1,-0.01,-1,-1,-0.01,-1,-1,-0.01,-1,-1,-0.01,-1,-1,-0.01,-1,-1
99926009,2026-05-18 11:25:05+05:30,53153.9,0,0.0,0,0.0,0.0,53282.15,53308.4,52783.45,53710.35,0,0.0,0.0,0.0,0.0,-0.01,-1,-1,-0.01,-1,-1,-0.01,-1,-1,-0.01,-1,-1,-0.01,-1,-1,-0.01,-1,-1,-0.01,-1,-1,-0.01,-1,-1,-0.01,-1,-1,-0.01,-1,-1
99926009,2026-05-18 11:25:06+05:30,53149.5,0,0.0,0,0.0,0.0,53282.15,53308.4,52783.45,53710.35,0,0.0,0.0,0.0,0.0,-0.01,-1,-1,-0.01,-1,-1,-0.01,-1,-1,-0.01,-1,-1,-0.01,-1,-1,-0.01,-1,-1,-0.01,-1,-1,-0.01,-1,-1,-0.01,-1,-1,-0.01,-1,-1
99926009,2026-05-18 11:25:06+05:30,53151.0,0,0.0,0,0.0,0.0,53282.15,53308.4,52783.45,53710.35,0,0.0,0.0,0.0,0.0,-0.01,-1,-1,-0.01,-1,-1,-0.01,-1,-1,-0.01,-1,-1,-0.01,-1,-1,-0.01,-1,-1,-0.01,-1,-1,-0.01,-1,-1,-0.01,-1,-1,-0.01,-1,-1
99926009,2026-05-18 11:25:07+05:30,53153.3,0,0.0,0,0.0,0.0,53282.15,53308.4,52783.45,53710.35,0,0.0,0.0,0.0,0.0,-0.01,-1,-1,-0.01,-1,-1,-0.01,-1,-1,-0.01,-1,-1,-0.01,-1,-1,-0.01,-1,-1,-0.01,-1,-1,-0.01,-1,-1,-0.01,-1,-1,-0.01,-1,-1
99926009,2026-05-18 11:25:07+05:30,53153.05,0,0.0,0,0.0,0.0,53282.15,53308.4,52783.45,53710.35,0,0.0,0.0,0.0,0.0,-0.01,-1,-1,-0.01,-1,-1,-0.01,-1,-1,-0.01,-1,-1,-0.01,-1,-1,-0.01,-1,-1,-0.01,-1,-1,-0.01,-1,-1,-0.01,-1,-1,-0.01,-1,-1
99926009,2026-05-18 11:25:08+05:30,53151.3,0,0.0,0,0.0,0.0,53282.15,53308.4,52783.45,53710.35,0,0.0,0.0,0.0,0.0,-0.01,-1,-1,-0.01,-1,-1,-0.01,-1,-1,-0.01,-1,-1,-0.01,-1,-1,-0.01,-1,-1,-0.01,-1,-1,-0.01,-1,-1,-0.01,-1,-1,-0.01,-1,-1
99926009,2026-05-18 11:25:08+05:30,53152.1,0,0.0,0,0.0,0.0,53282.15,53308.4,52783.45,53710.35,0,0.0,0.0,0.0,0.0,-0.01,-1,-1,-0.01,-1,-1,-0.01,-1,-1,-0.01,-1,-1,-0.01,-1,-1,-0.01,-1,-1,-0.01,-1,-1,-0.01,-1,-1,-0.01,-1,-1,-0.01,-1,-1
99926009,2026-05-18 11:25:09+05:30,53152.5,0,0.0,0,0.0,0.0,53282.15,53308.4,52783.45,53710.35,0,0.0,0.0,0.0,0.0,-0.01,-1,-1,-0.01,-1,-1,-0.01,-1,-1,-0.01,-1,-1,-0.01,-1,-1,-0.01,-1,-1,-0.01,-1,-1,-0.01,-1,-1,-0.01,-1,-1,-0.01,-1,-1
99926009,2026-05-18 11:25:09+05:30,53148.0,0,0.0,0,0.0,0.0,53282.15,53308.4,52783.45,53710.35,0,0.0,0.0,0.0,0.0,-0.01,-1,-1,-0.01,-1,-1,-0.01,-1,-1,-0.01,-1,-1,-0.01,-1,-1,-0.01,-1,-1,-0.01,-1,-1,-0.01,-1,-1,-0.01,-1,-1,-0.01,-1,-1
99926009,2026-05-18 11:25:10+05:30,53149.1,0,0.0,0,0.0,0.0,53282.15,53308.4,52783.45,53710.35,0,0.0,0.0,0.0,0.0,-0.01,-1,-1,-0.01,-1,-1,-0.01,-1,-1,-0.01,-1,-1,-0.01,-1,-1,-0.01,-1,-1,-0.01,-1,-1,-0.01,-1,-1,-0.01,-1,-1,-0.01,-1,-1
99926009,2026-05-18 11:25:10+05:30,53150.45,0,0.0,0,0.0,0.0,53282.15,53308.4,52783.45,53710.35,0,0.0,0.0,0.0,0.0,-0.01,-1,-1,-0.01,-1,-1,-0.01,-1,-1,-0.01,-1,-1,-0.01,-1,-1,-0.01,-1,-1,-0.01,-1,-1,-0.01,-1,-1,-0.01,-1,-1,-0.01,-1,-1
99926009,2026-05-18 11:25:11+05:30,53150.0,0,0.0,0,0.0,0.0,53282.15,53308.4,52783.45,53710.35,0,0.0,0.0,0.0,0.0,-0.01,-1,-1,-0.01,-1,-1,-0.01,-1,-1,-0.01,-1,-1,-0.01,-1,-1,-0.01,-1,-1,-0.01,-1,-1,-0.01,-1,-1,-0.01,-1,-1,-0.01,-1,-1
99926009,2026-05-18 11:25:11+05:30,53152.2,0,0.0,0,0.0,0.0,53282.15,53308.4,52783.45,53710.35,0,0.0,0.0,0.0,0.0,-0.01,-1,-1,-0.01,-1,-1,-0.01,-1,-1,-0.01,-1,-1,-0.01,-1,-1,-0.01,-1,-1,-0.01,-1,-1,-0.01,-1,-1,-0.01,-1,-1,-0.01,-1,-1
99926009,2026-05-18 11:25:12+05:30,53152.25,0,0.0,0,0.0,0.0,53282.15,53308.4,52783.45,53710.35,0,0.0,0.0,0.0,0.0,-0.01,-1,-1,-0.01,-1,-1,-0.01,-1,-1,-0.01,-1,-1,-0.01,-1,-1,-0.01,-1,-1,-0.01,-1,-1,-0.01,-1,-1,-0.01,-1,-1,-0.01,-1,-1
99926009,2026-05-18 11:25:12+05:30,53150.15,0,0.0,0,0.0,0.0,53282.15,53308.4,52783.45,53710.35,0,0.0,0.0,0.0,0.0,-0.01,-1,-1,-0.01,-1,-1,-0.01,-1,-1,-0.01,-1,-1,-0.01,-1,-1,-0.01,-1,-1,-0.01,-1,-1,-0.01,-1,-1,-0.01,-1,-1,-0.01,-1,-1
99926009,2026-05-18 11:25:13+05:30,53148.45,0,0.0,0,0.0,0.0,53282.15,53308.4,52783.45,53710.35,0,0.0,0.0,0.0,0.0,-0.01,-1,-1,-0.01,-1,-1,-0.01,-1,-1,-0.01,-1,-1,-0.01,-1,-1,-0.01,-1,-1,-0.01,-1,-1,-0.01,-1,-1,-0.01,-1,-1,-0.01,-1,-1
99926009,2026-05-18 11:25:13+05:30,53145.35,0,0.0,0,0.0,0.0,53282.15,53308.4,52783.45,53710.35,0,0.0,0.0,0.0,0.0,-0.01,-1,-1,-0.01,-1,-1,-0.01,-1,-1,-0.01,-1,-1,-0.01,-1,-1,-0.01,-1,-1,-0.01,-1,-1,-0.01,-1,-1,-0.01,-1,-1,-0.01,-1,-1
99926009,2026-05-18 11:25:14+05:30,53145.6,0,0.0,0,0.0,0.0,53282.15,53308.4,52783.45,53710.35,0,0.0,0.0,0.0,0.0,-0.01,-1,-1,-0.01,-1,-1,-0.01,-1,-1,-0.01,-1,-1,-0.01,-1,-1,-0.01,-1,-1,-0.01,-1,-1,-0.01,-1,-1,-0.01,-1,-1,-0.01,-1,-1
99926009,2026-05-18 11:25:14+05:30,53145.6,0,0.0,0,0.0,0.0,53282.15,53308.4,52783.45,53710.35,0,0.0,0.0,0.0,0.0,-0.01,-1,-1,-0.01,-1,-1,-0.01,-1,-1,-0.01,-1,-1,-0.01,-1,-1,-0.01,-1,-1,-0.01,-1,-1,-0.01,-1,-1,-0.01,-1,-1,-0.01,-1,-1
99926009,2026-05-18 11:25:15+05:30,53145.45,0,0.0,0,0.0,0.0,53282.15,53308.4,52783.45,53710.35,0,0.0,0.0,0.0,0.0,-0.01,-1,-1,-0.01,-1,-1,-0.01,-1,-1,-0.01,-1,-1,-0.01,-1,-1,-0.01,-1,-1,-0.01,-1,-1,-0.01,-1,-1,-0.01,-1,-1,-0.01,-1,-1
99926009,2026-05-18 11:25:15+05:30,53145.7,0,0.0,0,0.0,0.0,53282.15,53308.4,52783.45,53710.35,0,0.0,0.0,0.0,0.0,-0.01,-1,-1,-0.01,-1,-1,-0.01,-1,-1,-0.01,-1,-1,-0.01,-1,-1,-0.01,-1,-1,-0.01,-1,-1,-0.01,-1,-1,-0.01,-1,-1,-0.01,-1,-1
99926009,2026-05-18 11:25:16+05:30,53146.5,0,0.0,0,0.0,0.0,53282.15,53308.4,52783.45,53710.35,0,0.0,0.0,0.0,0.0,-0.01,-1,-1,-0.01,-1,-1,-0.01,-1,-1,-0.01,-1,-1,-0.01,-1,-1,-0.01,-1,-1,-0.01,-1,-1,-0.01,-1,-1,-0.01,-1,-1,-0.01,-1,-1
99926009,2026-05-18 11:25:16+05:30,53146.0,0,0.0,0,0.0,0.0,53282.15,53308.4,52783.45,53710.35,0,0.0,0.0,0.0,0.0,-0.01,-1,-1,-0.01,-1,-1,-0.01,-1,-1,-0.01,-1,-1,-0.01,-1,-1,-0.01,-1,-1,-0.01,-1,-1,-0.01,-1,-1,-0.01,-1,-1,-0.01,-1,-1
99926009,2026-05-18 11:25:17+05:30,53143.45,0,0.0,0,0.0,0.0,53282.15,53308.4,52783.45,53710.35,0,0.0,0.0,0.0,0.0,-0.01,-1,-1,-0.01,-1,-1,-0.01,-1,-1,-0.01,-1,-1,-0.01,-1,-1,-0.01,-1,-1,-0.01,-1,-1,-0.01,-1,-1,-0.01,-1,-1,-0.01,-1,-1
99926009,2026-05-18 11:25:17+05:30,53142.35,0,0.0,0,0.0,0.0,53282.15,53308.4,52783.45,53710.35,0,0.0,0.0,0.0,0.0,-0.01,-1,-1,-0.01,-1,-1,-0.01,-1,-1,-0.01,-1,-1,-0.01,-1,-1,-0.01,-1,-1,-0.01,-1,-1,-0.01,-1,-1,-0.01,-1,-1,-0.01,-1,-1
99926009,2026-05-18 11:25:18+05:30,53144.1,0,0.0,0,0.0,0.0,53282.15,53308.4,52783.45,53710.35,0,0.0,0.0,0.0,0.0,-0.01,-1,-1,-0.01,-1,-1,-0.01,-1,-1,-0.01,-1,-1,-0.01,-1,-1,-0.01,-1,-1,-0.01,-1,-1,-0.01,-1,-1,-0.01,-1,-1,-0.01,-1,-1
99926009,2026-05-18 11:25:18+05:30,53145.05,0,0.0,0,0.0,0.0,53282.15,53308.4,52783.45,53710.35,0,0.0,0.0,0.0,0.0,-0.01,-1,-1,-0.01,-1,-1,-0.01,-1,-1,-0.01,-1,-1,-0.01,-1,-1,-0.01,-1,-1,-0.01,-1,-1,-0.01,-1,-1,-0.01,-1,-1,-0.01,-1,-1
99926009,2026-05-18 11:25:19+05:30,53142.85,0,0.0,0,0.0,0.0,53282.15,53308.4,52783.45,53710.35,0,0.0,0.0,0.0,0.0,-0.01,-1,-1,-0.01,-1,-1,-0.01,-1,-1,-0.01,-1,-1,-0.01,-1,-1,-0.01,-1,-1,-0.01,-1,-1,-0.01,-1,-1,-0.01,-1,-1,-0.01,-1,-1
99926009,2026-05-18 11:25:19+05:30,53142.75,0,0.0,0,0.0,0.0,53282.15,53308.4,52783.45,53710.35,0,0.0,0.0,0.0,0.0,-0.01,-1,-1,-0.01,-1,-1,-0.01,-1,-1,-0.01,-1,-1,-0.01,-1,-1,-0.01,-1,-1,-0.01,-1,-1,-0.01,-1,-1,-0.01,-1,-1,-0.01,-1,-1
99926009,2026-05-18 11:25:20+05:30,53145.0,0,0.0,0,0.0,0.0,53282.15,53308.4,52783.45,53710.35,0,0.0,0.0,0.0,0.0,-0.01,-1,-1,-0.01,-1,-1,-0.01,-1,-1,-0.01,-1,-1,-0.01,-1,-1,-0.01,-1,-1,-0.01,-1,-1,-0.01,-1,-1,-0.01,-1,-1,-0.01,-1,-1
99926009,2026-05-18 11:25:20+05:30,53144.0,0,0.0,0,0.0,0.0,53282.15,53308.4,52783.45,53710.35,0,0.0,0.0,0.0,0.0,-0.01,-1,-1,-0.01,-1,-1,-0.01,-1,-1,-0.01,-1,-1,-0.01,-1,-1,-0.01,-1,-1,-0.01,-1,-1,-0.01,-1,-1,-0.01,-1,-1,-0.01,-1,-1
99926009,2026-05-18 11:25:21+05:30,53145.65,0,0.0,0,0.0,0.0,53282.15,53308.4,52783.45,53710.35,0,0.0,0.0,0.0,0.0,-0.01,-1,-1,-0.01,-1,-1,-0.01,-1,-1,-0.01,-1,-1,-0.01,-1,-1,-0.01,-1,-1,-0.01,-1,-1,-0.01,-1,-1,-0.01,-1,-1,-0.01,-1,-1
99926009,2026-05-18 11:25:21+05:30,53146.45,0,0.0,0,0.0,0.0,53282.15,53308.4,52783.45,53710.35,0,0.0,0.0,0.0,0.0,-0.01,-1,-1,-0.01,-1,-1,-0.01,-1,-1,-0.01,-1,-1,-0.01,-1,-1,-0.01,-1,-1,-0.01,-1,-1,-0.01,-1,-1,-0.01,-1,-1,-0.01,-1,-1
99926009,2026-05-18 11:25:22+05:30,53146.8,0,0.0,0,0.0,0.0,53282.15,53308.4,52783.45,53710.35,0,0.0,0.0,0.0,0.0,-0.01,-1,-1,-0.01,-1,-1,-0.01,-1,-1,-0.01,-1,-1,-0.01,-1,-1,-0.01,-1,-1,-0.01,-1,-1,-0.01,-1,-1,-0.01,-1,-1,-0.01,-1,-1
99926009,2026-05-18 11:25:22+05:30,53145.25,0,0.0,0,0.0,0.0,53282.15,53308.4,52783.45,53710.35,0,0.0,0.0,0.0,0.0,-0.01,-1,-1,-0.01,-1,-1,-0.01,-1,-1,-0.01,-1,-1,-0.01,-1,-1,-0.01,-1,-1,-0.01,-1,-1,-0.01,-1,-1,-0.01,-1,-1,-0.01,-1,-1
99926009,2026-05-18 11:25:23+05:30,53143.75,0,0.0,0,0.0,0.0,53282.15,53308.4,52783.45,53710.35,0,0.0,0.0,0.0,0.0,-0.01,-1,-1,-0.01,-1,-1,-0.01,-1,-1,-0.01,-1,-1,-0.01,-1,-1,-0.01,-1,-1,-0.01,-1,-1,-0.01,-1,-1,-0.01,-1,-1,-0.01,-1,-1
99926009,2026-05-18 11:25:23+05:30,53142.7,0,0.0,0,0.0,0.0,53282.15,53308.4,52783.45,53710.35,0,0.0,0.0,0.0,0.0,-0.01,-1,-1,-0.01,-1,-1,-0.01,-1,-1,-0.01,-1,-1,-0.01,-1,-1,-0.01,-1,-1,-0.01,-1,-1,-0.01,-1,-1,-0.01,-1,-1,-0.01,-1,-1
99926009,2026-05-18 11:25:24+05:30,53145.05,0,0.0,0,0.0,0.0,53282.15,53308.4,52783.45,53710.35,0,0.0,0.0,0.0,0.0,-0.01,-1,-1,-0.01,-1,-1,-0.01,-1,-1,-0.01,-1,-1,-0.01,-1,-1,-0.01,-1,-1,-0.01,-1,-1,-0.01,-1,-1,-0.01,-1,-1,-0.01,-1,-1
99926009,2026-05-18 11:25:24+05:30,53145.65,0,0.0,0,0.0,0.0,53282.15,53308.4,52783.45,53710.35,0,0.0,0.0,0.0,0.0,-0.01,-1,-1,-0.01,-1,-1,-0.01,-1,-1,-0.01,-1,-1,-0.01,-1,-1,-0.01,-1,-1,-0.01,-1,-1,-0.01,-1,-1,-0.01,-1,-1,-0.01,-1,-1
99926009,2026-05-18 11:25:25+05:30,53145.55,0,0.0,0,0.0,0.0,53282.15,53308.4,52783.45,53710.35,0,0.0,0.0,0.0,0.0,-0.01,-1,-1,-0.01,-1,-1,-0.01,-1,-1,-0.01,-1,-1,-0.01,-1,-1,-0.01,-1,-1,-0.01,-1,-1,-0.01,-1,-1,-0.01,-1,-1,-0.01,-1,-1
99926009,2026-05-18 11:25:25+05:30,53143.75,0,0.0,0,0.0,0.0,53282.15,53308.4,52783.45,53710.35,0,0.0,0.0,0.0,0.0,-0.01,-1,-1,-0.01,-1,-1,-0.01,-1,-1,-0.01,-1,-1,-0.01,-1,-1,-0.01,-1,-1,-0.01,-1,-1,-0.01,-1,-1,-0.01,-1,-1,-0.01,-1,-1
99926009,2026-05-18 11:25:26+05:30,53143.95,0,0.0,0,0.0,0.0,53282.15,53308.4,52783.45,53710.35,0,0.0,0.0,0.0,0.0,-0.01,-1,-1,-0.01,-1,-1,-0.01,-1,-1,-0.01,-1,-1,-0.01,-1,-1,-0.01,-1,-1,-0.01,-1,-1,-0.01,-1,-1,-0.01,-1,-1,-0.01,-1,-1
99926009,2026-05-18 11:25:26+05:30,53143.35,0,0.0,0,0.0,0.0,53282.15,53308.4,52783.45,53710.35,0,0.0,0.0,0.0,0.0,-0.01,-1,-1,-0.01,-1,-1,-0.01,-1,-1,-0.01,-1,-1,-0.01,-1,-1,-0.01,-1,-1,-0.01,-1,-1,-0.01,-1,-1,-0.01,-1,-1,-0.01,-1,-1
99926009,2026-05-18 11:25:27+05:30,53142.65,0,0.0,0,0.0,0.0,53282.15,53308.4,52783.45,53710.35,0,0.0,0.0,0.0,0.0,-0.01,-1,-1,-0.01,-1,-1,-0.01,-1,-1,-0.01,-1,-1,-0.01,-1,-1,-0.01,-1,-1,-0.01,-1,-1,-0.01,-1,-1,-0.01,-1,-1,-0.01,-1,-1
99926009,2026-05-18 11:25:27+05:30,53142.2,0,0.0,0,0.0,0.0,53282.15,53308.4,52783.45,53710.35,0,0.0,0.0,0.0,0.0,-0.01,-1,-1,-0.01,-1,-1,-0.01,-1,-1,-0.01,-1,-1,-0.01,-1,-1,-0.01,-1,-1,-0.01,-1,-1,-0.01,-1,-1,-0.01,-1,-1,-0.01,-1,-1
99926009,2026-05-18 11:25:28+05:30,53141.25,0,0.0,0,0.0,0.0,53282.15,53308.4,52783.45,53710.35,0,0.0,0.0,0.0,0.0,-0.01,-1,-1,-0.01,-1,-1,-0.01,-1,-1,-0.01,-1,-1,-0.01,-1,-1,-0.01,-1,-1,-0.01,-1,-1,-0.01,-1,-1,-0.01,-1,-1,-0.01,-1,-1
99926009,2026-05-18 11:25:28+05:30,53140.85,0,0.0,0,0.0,0.0,53282.15,53308.4,52783.45,53710.35,0,0.0,0.0,0.0,0.0,-0.01,-1,-1,-0.01,-1,-1,-0.01,-1,-1,-0.01,-1,-1,-0.01,-1,-1,-0.01,-1,-1,-0.01,-1,-1,-0.01,-1,-1,-0.01,-1,-1,-0.01,-1,-1
99926009,2026-05-18 11:25:29+05:30,53141.35,0,0.0,0,0.0,0.0,53282.15,53308.4,52783.45,53710.35,0,0.0,0.0,0.0,0.0,-0.01,-1,-1,-0.01,-1,-1,-0.01,-1,-1,-0.01,-1,-1,-0.01,-1,-1,-0.01,-1,-1,-0.01,-1,-1,-0.01,-1,-1,-0.01,-1,-1,-0.01,-1,-1
99926009,2026-05-18 11:25:29+05:30,53142.15,0,0.0,0,0.0,0.0,53282.15,53308.4,52783.45,53710.35,0,0.0,0.0,0.0,0.0,-0.01,-1,-1,-0.01,-1,-1,-0.01,-1,-1,-0.01,-1,-1,-0.01,-1,-1,-0.01,-1,-1,-0.01,-1,-1,-0.01,-1,-1,-0.01,-1,-1,-0.01,-1,-1
99926009,2026-05-18 11:25:30+05:30,53141.4,0,0.0,0,0.0,0.0,53282.15,53308.4,52783.45,53710.35,0,0.0,0.0,0.0,0.0,-0.01,-1,-1,-0.01,-1,-1,-0.01,-1,-1,-0.01,-1,-1,-0.01,-1,-1,-0.01,-1,-1,-0.01,-1,-1,-0.01,-1,-1,-0.01,-1,-1,-0.01,-1,-1
99926009,2026-05-18 11:25:30+05:30,53141.45,0,0.0,0,0.0,0.0,53282.15,53308.4,52783.45,53710.35,0,0.0,0.0,0.0,0.0,-0.01,-1,-1,-0.01,-1,-1,-0.01,-1,-1,-0.01,-1,-1,-0.01,-1,-1,-0.01,-1,-1,-0.01,-1,-1,-0.01,-1,-1,-0.01,-1,-1,-0.01,-1,-1
99926009,2026-05-18 11:25:31+05:30,53142.85,0,0.0,0,0.0,0.0,53282.15,53308.4,52783.45,53710.35,0,0.0,0.0,0.0,0.0,-0.01,-1,-1,-0.01,-1,-1,-0.01,-1,-1,-0.01,-1,-1,-0.01,-1,-1,-0.01,-1,-1,-0.01,-1,-1,-0.01,-1,-1,-0.01,-1,-1,-0.01,-1,-1
99926009,2026-05-18 11:25:31+05:30,53143.9,0,0.0,0,0.0,0.0,53282.15,53308.4,52783.45,53710.35,0,0.0,0.0,0.0,0.0,-0.01,-1,-1,-0.01,-1,-1,-0.01,-1,-1,-0.01,-1,-1,-0.01,-1,-1,-0.01,-1,-1,-0.01,-1,-1,-0.01,-1,-1,-0.01,-1,-1,-0.01,-1,-1
99926009,2026-05-18 11:25:32+05:30,53143.95,0,0.0,0,0.0,0.0,53282.15,53308.4,52783.45,53710.35,0,0.0,0.0,0.0,0.0,-0.01,-1,-1,-0.01,-1,-1,-0.01,-1,-1,-0.01,-1,-1,-0.01,-1,-1,-0.01,-1,-1,-0.01,-1,-1,-0.01,-1,-1,-0.01,-1,-1,-0.01,-1,-1
99926009,2026-05-18 11:25:32+05:30,53141.85,0,0.0,0,0.0,0.0,53282.15,53308.4,52783.45,53710.35,0,0.0,0.0,0.0,0.0,-0.01,-1,-1,-0.01,-1,-1,-0.01,-1,-1,-0.01,-1,-1,-0.01,-1,-1,-0.01,-1,-1,-0.01,-1,-1,-0.01,-1,-1,-0.01,-1,-1,-0.01,-1,-1
99926009,2026-05-18 11:25:33+05:30,53139.45,0,0.0,0,0.0,0.0,53282.15,53308.4,52783.45,53710.35,0,0.0,0.0,0.0,0.0,-0.01,-1,-1,-0.01,-1,-1,-0.01,-1,-1,-0.01,-1,-1,-0.01,-1,-1,-0.01,-1,-1,-0.01,-1,-1,-0.01,-1,-1,-0.01,-1,-1,-0.01,-1,-1
99926009,2026-05-18 11:25:33+05:30,53134.95,0,0.0,0,0.0,0.0,53282.15,53308.4,52783.45,53710.35,0,0.0,0.0,0.0,0.0,-0.01,-1,-1,-0.01,-1,-1,-0.01,-1,-1,-0.01,-1,-1,-0.01,-1,-1,-0.01,-1,-1,-0.01,-1,-1,-0.01,-1,-1,-0.01,-1,-1,-0.01,-1,-1
99926009,2026-05-18 11:25:34+05:30,53132.6,0,0.0,0,0.0,0.0,53282.15,53308.4,52783.45,53710.35,0,0.0,0.0,0.0,0.0,-0.01,-1,-1,-0.01,-1,-1,-0.01,-1,-1,-0.01,-1,-1,-0.01,-1,-1,-0.01,-1,-1,-0.01,-1,-1,-0.01,-1,-1,-0.01,-1,-1,-0.01,-1,-1
99926009,2026-05-18 11:25:34+05:30,53131.2,0,0.0,0,0.0,0.0,53282.15,53308.4,52783.45,53710.35,0,0.0,0.0,0.0,0.0,-0.01,-1,-1,-0.01,-1,-1,-0.01,-1,-1,-0.01,-1,-1,-0.01,-1,-1,-0.01,-1,-1,-0.01,-1,-1,-0.01,-1,-1,-0.01,-1,-1,-0.01,-1,-1
99926009,2026-05-18 11:25:35+05:30,53132.05,0,0.0,0,0.0,0.0,53282.15,53308.4,52783.45,53710.35,0,0.0,0.0,0.0,0.0,-0.01,-1,-1,-0.01,-1,-1,-0.01,-1,-1,-0.01,-1,-1,-0.01,-1,-1,-0.01,-1,-1,-0.01,-1,-1,-0.01,-1,-1,-0.01,-1,-1,-0.01,-1,-1
99926009,2026-05-18 11:25:35+05:30,53127.65,0,0.0,0,0.0,0.0,53282.15,53308.4,52783.45,53710.35,0,0.0,0.0,0.0,0.0,-0.01,-1,-1,-0.01,-1,-1,-0.01,-1,-1,-0.01,-1,-1,-0.01,-1,-1,-0.01,-1,-1,-0.01,-1,-1,-0.01,-1,-1,-0.01,-1,-1,-0.01,-1,-1
99926009,2026-05-18 11:25:36+05:30,53124.9,0,0.0,0,0.0,0.0,53282.15,53308.4,52783.45,53710.35,0,0.0,0.0,0.0,0.0,-0.01,-1,-1,-0.01,-1,-1,-0.01,-1,-1,-0.01,-1,-1,-0.01,-1,-1,-0.01,-1,-1,-0.01,-1,-1,-0.01,-1,-1,-0.01,-1,-1,-0.01,-1,-1
99926009,2026-05-18 11:25:36+05:30,53127.55,0,0.0,0,0.0,0.0,53282.15,53308.4,52783.45,53710.35,0,0.0,0.0,0.0,0.0,-0.01,-1,-1,-0.01,-1,-1,-0.01,-1,-1,-0.01,-1,-1,-0.01,-1,-1,-0.01,-1,-1,-0.01,-1,-1,-0.01,-1,-1,-0.01,-1,-1,-0.01,-1,-1
99926009,2026-05-18 11:25:37+05:30,53125.8,0,0.0,0,0.0,0.0,53282.15,53308.4,52783.45,53710.35,0,0.0,0.0,0.0,0.0,-0.01,-1,-1,-0.01,-1,-1,-0.01,-1,-1,-0.01,-1,-1,-0.01,-1,-1,-0.01,-1,-1,-0.01,-1,-1,-0.01,-1,-1,-0.01,-1,-1,-0.01,-1,-1
99926009,2026-05-18 11:25:37+05:30,53126.35,0,0.0,0,0.0,0.0,53282.15,53308.4,52783.45,53710.35,0,0.0,0.0,0.0,0.0,-0.01,-1,-1,-0.01,-1,-1,-0.01,-1,-1,-0.01,-1,-1,-0.01,-1,-1,-0.01,-1,-1,-0.01,-1,-1,-0.01,-1,-1,-0.01,-1,-1,-0.01,-1,-1
99926009,2026-05-18 11:25:38+05:30,53125.75,0,0.0,0,0.0,0.0,53282.15,53308.4,52783.45,53710.35,0,0.0,0.0,0.0,0.0,-0.01,-1,-1,-0.01,-1,-1,-0.01,-1,-1,-0.01,-1,-1,-0.01,-1,-1,-0.01,-1,-1,-0.01,-1,-1,-0.01,-1,-1,-0.01,-1,-1,-0.01,-1,-1
99926009,2026-05-18 11:25:38+05:30,53125.15,0,0.0,0,0.0,0.0,53282.15,53308.4,52783.45,53710.35,0,0.0,0.0,0.0,0.0,-0.01,-1,-1,-0.01,-1,-1,-0.01,-1,-1,-0.01,-1,-1,-0.01,-1,-1,-0.01,-1,-1,-0.01,-1,-1,-0.01,-1,-1,-0.01,-1,-1,-0.01,-1,-1
99926009,2026-05-18 11:25:39+05:30,53126.1,0,0.0,0,0.0,0.0,53282.15,53308.4,52783.45,53710.35,0,0.0,0.0,0.0,0.0,-0.01,-1,-1,-0.01,-1,-1,-0.01,-1,-1,-0.01,-1,-1,-0.01,-1,-1,-0.01,-1,-1,-0.01,-1,-1,-0.01,-1,-1,-0.01,-1,-1,-0.01,-1,-1
99926009,2026-05-18 11:25:39+05:30,53125.55,0,0.0,0,0.0,0.0,53282.15,53308.4,52783.45,53710.35,0,0.0,0.0,0.0,0.0,-0.01,-1,-1,-0.01,-1,-1,-0.01,-1,-1,-0.01,-1,-1,-0.01,-1,-1,-0.01,-1,-1,-0.01,-1,-1,-0.01,-1,-1,-0.01,-1,-1,-0.01,-1,-1
99926009,2026-05-18 11:25:40+05:30,53125.9,0,0.0,0,0.0,0.0,53282.15,53308.4,52783.45,53710.35,0,0.0,0.0,0.0,0.0,-0.01,-1,-1,-0.01,-1,-1,-0.01,-1,-1,-0.01,-1,-1,-0.01,-1,-1,-0.01,-1,-1,-0.01,-1,-1,-0.01,-1,-1,-0.01,-1,-1,-0.01,-1,-1
99926009,2026-05-18 11:25:40+05:30,53125.4,0,0.0,0,0.0,0.0,53282.15,53308.4,52783.45,53710.35,0,0.0,0.0,0.0,0.0,-0.01,-1,-1,-0.01,-1,-1,-0.01,-1,-1,-0.01,-1,-1,-0.01,-1,-1,-0.01,-1,-1,-0.01,-1,-1,-0.01,-1,-1,-0.01,-1,-1,-0.01,-1,-1
99926009,2026-05-18 11:25:41+05:30,53125.7,0,0.0,0,0.0,0.0,53282.15,53308.4,52783.45,53710.35,0,0.0,0.0,0.0,0.0,-0.01,-1,-1,-0.01,-1,-1,-0.01,-1,-1,-0.01,-1,-1,-0.01,-1,-1,-0.01,-1,-1,-0.01,-1,-1,-0.01,-1,-1,-0.01,-1,-1,-0.01,-1,-1
99926009,2026-05-18 11:25:41+05:30,53126.3,0,0.0,0,0.0,0.0,53282.15,53308.4,52783.45,53710.35,0,0.0,0.0,0.0,0.0,-0.01,-1,-1,-0.01,-1,-1,-0.01,-1,-1,-0.01,-1,-1,-0.01,-1,-1,-0.01,-1,-1,-0.01,-1,-1,-0.01,-1,-1,-0.01,-1,-1,-0.01,-1,-1
99926009,2026-05-18 11:25:42+05:30,53126.45,0,0.0,0,0.0,0.0,53282.15,53308.4,52783.45,53710.35,0,0.0,0.0,0.0,0.0,-0.01,-1,-1,-0.01,-1,-1,-0.01,-1,-1,-0.01,-1,-1,-0.01,-1,-1,-0.01,-1,-1,-0.01,-1,-1,-0.01,-1,-1,-0.01,-1,-1,-0.01,-1,-1
99926009,2026-05-18 11:25:42+05:30,53126.65,0,0.0,0,0.0,0.0,53282.15,53308.4,52783.45,53710.35,0,0.0,0.0,0.0,0.0,-0.01,-1,-1,-0.01,-1,-1,-0.01,-1,-1,-0.01,-1,-1,-0.01,-1,-1,-0.01,-1,-1,-0.01,-1,-1,-0.01,-1,-1,-0.01,-1,-1,-0.01,-1,-1
99926009,2026-05-18 11:25:43+05:30,53127.0,0,0.0,0,0.0,0.0,53282.15,53308.4,52783.45,53710.35,0,0.0,0.0,0.0,0.0,-0.01,-1,-1,-0.01,-1,-1,-0.01,-1,-1,-0.01,-1,-1,-0.01,-1,-1,-0.01,-1,-1,-0.01,-1,-1,-0.01,-1,-1,-0.01,-1,-1,-0.01,-1,-1
99926009,2026-05-18 11:25:43+05:30,53129.95,0,0.0,0,0.0,0.0,53282.15,53308.4,52783.45,53710.35,0,0.0,0.0,0.0,0.0,-0.01,-1,-1,-0.01,-1,-1,-0.01,-1,-1,-0.01,-1,-1,-0.01,-1,-1,-0.01,-1,-1,-0.01,-1,-1,-0.01,-1,-1,-0.01,-1,-1,-0.01,-1,-1
99926009,2026-05-18 11:25:44+05:30,53129.25,0,0.0,0,0.0,0.0,53282.15,53308.4,52783.45,53710.35,0,0.0,0.0,0.0,0.0,-0.01,-1,-1,-0.01,-1,-1,-0.01,-1,-1,-0.01,-1,-1,-0.01,-1,-1,-0.01,-1,-1,-0.01,-1,-1,-0.01,-1,-1,-0.01,-1,-1,-0.01,-1,-1
99926009,2026-05-18 11:25:44+05:30,53129.6,0,0.0,0,0.0,0.0,53282.15,53308.4,52783.45,53710.35,0,0.0,0.0,0.0,0.0,-0.01,-1,-1,-0.01,-1,-1,-0.01,-1,-1,-0.01,-1,-1,-0.01,-1,-1,-0.01,-1,-1,-0.01,-1,-1,-0.01,-1,-1,-0.01,-1,-1,-0.01,-1,-1
99926009,2026-05-18 11:25:45+05:30,53129.6,0,0.0,0,0.0,0.0,53282.15,53308.4,52783.45,53710.35,0,0.0,0.0,0.0,0.0,-0.01,-1,-1,-0.01,-1,-1,-0.01,-1,-1,-0.01,-1,-1,-0.01,-1,-1,-0.01,-1,-1,-0.01,-1,-1,-0.01,-1,-1,-0.01,-1,-1,-0.01,-1,-1
99926009,2026-05-18 11:25:45+05:30,53131.95,0,0.0,0,0.0,0.0,53282.15,53308.4,52783.45,53710.35,0,0.0,0.0,0.0,0.0,-0.01,-1,-1,-0.01,-1,-1,-0.01,-1,-1,-0.01,-1,-1,-0.01,-1,-1,-0.01,-1,-1,-0.01,-1,-1,-0.01,-1,-1,-0.01,-1,-1,-0.01,-1,-1
99926009,2026-05-18 11:25:46+05:30,53132.1,0,0.0,0,0.0,0.0,53282.15,53308.4,52783.45,53710.35,0,0.0,0.0,0.0,0.0,-0.01,-1,-1,-0.01,-1,-1,-0.01,-1,-1,-0.01,-1,-1,-0.01,-1,-1,-0.01,-1,-1,-0.01,-1,-1,-0.01,-1,-1,-0.01,-1,-1,-0.01,-1,-1
99926009,2026-05-18 11:25:46+05:30,53132.45,0,0.0,0,0.0,0.0,53282.15,53308.4,52783.45,53710.35,0,0.0,0.0,0.0,0.0,-0.01,-1,-1,-0.01,-1,-1,-0.01,-1,-1,-0.01,-1,-1,-0.01,-1,-1,-0.01,-1,-1,-0.01,-1,-1,-0.01,-1,-1,-0.01,-1,-1,-0.01,-1,-1
99926009,2026-05-18 11:25:47+05:30,53134.05,0,0.0,0,0.0,0.0,53282.15,53308.4,52783.45,53710.35,0,0.0,0.0,0.0,0.0,-0.01,-1,-1,-0.01,-1,-1,-0.01,-1,-1,-0.01,-1,-1,-0.01,-1,-1,-0.01,-1,-1,-0.01,-1,-1,-0.01,-1,-1,-0.01,-1,-1,-0.01,-1,-1
99926009,2026-05-18 11:25:47+05:30,53134.6,0,0.0,0,0.0,0.0,53282.15,53308.4,52783.45,53710.35,0,0.0,0.0,0.0,0.0,-0.01,-1,-1,-0.01,-1,-1,-0.01,-1,-1,-0.01,-1,-1,-0.01,-1,-1,-0.01,-1,-1,-0.01,-1,-1,-0.01,-1,-1,-0.01,-1,-1,-0.01,-1,-1
99926009,2026-05-18 11:25:48+05:30,53135.35,0,0.0,0,0.0,0.0,53282.15,53308.4,52783.45,53710.35,0,0.0,0.0,0.0,0.0,-0.01,-1,-1,-0.01,-1,-1,-0.01,-1,-1,-0.01,-1,-1,-0.01,-1,-1,-0.01,-1,-1,-0.01,-1,-1,-0.01,-1,-1,-0.01,-1,-1,-0.01,-1,-1
99926009,2026-05-18 11:25:48+05:30,53134.45,0,0.0,0,0.0,0.0,53282.15,53308.4,52783.45,53710.35,0,0.0,0.0,0.0,0.0,-0.01,-1,-1,-0.01,-1,-1,-0.01,-1,-1,-0.01,-1,-1,-0.01,-1,-1,-0.01,-1,-1,-0.01,-1,-1,-0.01,-1,-1,-0.01,-1,-1,-0.01,-1,-1
99926009,2026-05-18 11:25:49+05:30,53135.5,0,0.0,0,0.0,0.0,53282.15,53308.4,52783.45,53710.35,0,0.0,0.0,0.0,0.0,-0.01,-1,-1,-0.01,-1,-1,-0.01,-1,-1,-0.01,-1,-1,-0.01,-1,-1,-0.01,-1,-1,-0.01,-1,-1,-0.01,-1,-1,-0.01,-1,-1,-0.01,-1,-1
99926009,2026-05-18 11:25:49+05:30,53139.6,0,0.0,0,0.0,0.0,53282.15,53308.4,52783.45,53710.35,0,0.0,0.0,0.0,0.0,-0.01,-1,-1,-0.01,-1,-1,-0.01,-1,-1,-0.01,-1,-1,-0.01,-1,-1,-0.01,-1,-1,-0.01,-1,-1,-0.01,-1,-1,-0.01,-1,-1,-0.01,-1,-1
99926009,2026-05-18 11:25:50+05:30,53142.15,0,0.0,0,0.0,0.0,53282.15,53308.4,52783.45,53710.35,0,0.0,0.0,0.0,0.0,-0.01,-1,-1,-0.01,-1,-1,-0.01,-1,-1,-0.01,-1,-1,-0.01,-1,-1,-0.01,-1,-1,-0.01,-1,-1,-0.01,-1,-1,-0.01,-1,-1,-0.01,-1,-1
99926009,2026-05-18 11:25:50+05:30,53138.6,0,0.0,0,0.0,0.0,53282.15,53308.4,52783.45,53710.35,0,0.0,0.0,0.0,0.0,-0.01,-1,-1,-0.01,-1,-1,-0.01,-1,-1,-0.01,-1,-1,-0.01,-1,-1,-0.01,-1,-1,-0.01,-1,-1,-0.01,-1,-1,-0.01,-1,-1,-0.01,-1,-1
99926009,2026-05-18 11:25:51+05:30,53137.1,0,0.0,0,0.0,0.0,53282.15,53308.4,52783.45,53710.35,0,0.0,0.0,0.0,0.0,-0.01,-1,-1,-0.01,-1,-1,-0.01,-1,-1,-0.01,-1,-1,-0.01,-1,-1,-0.01,-1,-1,-0.01,-1,-1,-0.01,-1,-1,-0.01,-1,-1,-0.01,-1,-1
99926009,2026-05-18 11:25:51+05:30,53136.7,0,0.0,0,0.0,0.0,53282.15,53308.4,52783.45,53710.35,0,0.0,0.0,0.0,0.0,-0.01,-1,-1,-0.01,-1,-1,-0.01,-1,-1,-0.01,-1,-1,-0.01,-1,-1,-0.01,-1,-1,-0.01,-1,-1,-0.01,-1,-1,-0.01,-1,-1,-0.01,-1,-1
99926009,2026-05-18 11:25:52+05:30,53138.85,0,0.0,0,0.0,0.0,53282.15,53308.4,52783.45,53710.35,0,0.0,0.0,0.0,0.0,-0.01,-1,-1,-0.01,-1,-1,-0.01,-1,-1,-0.01,-1,-1,-0.01,-1,-1,-0.01,-1,-1,-0.01,-1,-1,-0.01,-1,-1,-0.01,-1,-1,-0.01,-1,-1
99926009,2026-05-18 11:25:52+05:30,53140.15,0,0.0,0,0.0,0.0,53282.15,53308.4,52783.45,53710.35,0,0.0,0.0,0.0,0.0,-0.01,-1,-1,-0.01,-1,-1,-0.01,-1,-1,-0.01,-1,-1,-0.01,-1,-1,-0.01,-1,-1,-0.01,-1,-1,-0.01,-1,-1,-0.01,-1,-1,-0.01,-1,-1
99926009,2026-05-18 11:25:53+05:30,53139.8,0,0.0,0,0.0,0.0,53282.15,53308.4,52783.45,53710.35,0,0.0,0.0,0.0,0.0,-0.01,-1,-1,-0.01,-1,-1,-0.01,-1,-1,-0.01,-1,-1,-0.01,-1,-1,-0.01,-1,-1,-0.01,-1,-1,-0.01,-1,-1,-0.01,-1,-1,-0.01,-1,-1
99926009,2026-05-18 11:25:53+05:30,53138.2,0,0.0,0,0.0,0.0,53282.15,53308.4,52783.45,53710.35,0,0.0,0.0,0.0,0.0,-0.01,-1,-1,-0.01,-1,-1,-0.01,-1,-1,-0.01,-1,-1,-0.01,-1,-1,-0.01,-1,-1,-0.01,-1,-1,-0.01,-1,-1,-0.01,-1,-1,-0.01,-1,-1
99926009,2026-05-18 11:25:54+05:30,53140.45,0,0.0,0,0.0,0.0,53282.15,53308.4,52783.45,53710.35,0,0.0,0.0,0.0,0.0,-0.01,-1,-1,-0.01,-1,-1,-0.01,-1,-1,-0.01,-1,-1,-0.01,-1,-1,-0.01,-1,-1,-0.01,-1,-1,-0.01,-1,-1,-0.01,-1,-1,-0.01,-1,-1
99926009,2026-05-18 11:25:54+05:30,53138.45,0,0.0,0,0.0,0.0,53282.15,53308.4,52783.45,53710.35,0,0.0,0.0,0.0,0.0,-0.01,-1,-1,-0.01,-1,-1,-0.01,-1,-1,-0.01,-1,-1,-0.01,-1,-1,-0.01,-1,-1,-0.01,-1,-1,-0.01,-1,-1,-0.01,-1,-1,-0.01,-1,-1
99926009,2026-05-18 11:25:55+05:30,53130.05,0,0.0,0,0.0,0.0,53282.15,53308.4,52783.45,53710.35,0,0.0,0.0,0.0,0.0,-0.01,-1,-1,-0.01,-1,-1,-0.01,-1,-1,-0.01,-1,-1,-0.01,-1,-1,-0.01,-1,-1,-0.01,-1,-1,-0.01,-1,-1,-0.01,-1,-1,-0.01,-1,-1
99926009,2026-05-18 11:25:55+05:30,53131.6,0,0.0,0,0.0,0.0,53282.15,53308.4,52783.45,53710.35,0,0.0,0.0,0.0,0.0,-0.01,-1,-1,-0.01,-1,-1,-0.01,-1,-1,-0.01,-1,-1,-0.01,-1,-1,-0.01,-1,-1,-0.01,-1,-1,-0.01,-1,-1,-0.01,-1,-1,-0.01,-1,-1
99926009,2026-05-18 11:25:56+05:30,53136.2,0,0.0,0,0.0,0.0,53282.15,53308.4,52783.45,53710.35,0,0.0,0.0,0.0,0.0,-0.01,-1,-1,-0.01,-1,-1,-0.01,-1,-1,-0.01,-1,-1,-0.01,-1,-1,-0.01,-1,-1,-0.01,-1,-1,-0.01,-1,-1,-0.01,-1,-1,-0.01,-1,-1
99926009,2026-05-18 11:25:56+05:30,53136.7,0,0.0,0,0.0,0.0,53282.15,53308.4,52783.45,53710.35,0,0.0,0.0,0.0,0.0,-0.01,-1,-1,-0.01,-1,-1,-0.01,-1,-1,-0.01,-1,-1,-0.01,-1,-1,-0.01,-1,-1,-0.01,-1,-1,-0.01,-1,-1,-0.01,-1,-1,-0.01,-1,-1
99926009,2026-05-18 11:25:57+05:30,53134.6,0,0.0,0,0.0,0.0,53282.15,53308.4,52783.45,53710.35,0,0.0,0.0,0.0,0.0,-0.01,-1,-1,-0.01,-1,-1,-0.01,-1,-1,-0.01,-1,-1,-0.01,-1,-1,-0.01,-1,-1,-0.01,-1,-1,-0.01,-1,-1,-0.01,-1,-1,-0.01,-1,-1
99926009,2026-05-18 11:25:57+05:30,53136.25,0,0.0,0,0.0,0.0,53282.15,53308.4,52783.45,53710.35,0,0.0,0.0,0.0,0.0,-0.01,-1,-1,-0.01,-1,-1,-0.01,-1,-1,-0.01,-1,-1,-0.01,-1,-1,-0.01,-1,-1,-0.01,-1,-1,-0.01,-1,-1,-0.01,-1,-1,-0.01,-1,-1
99926009,2026-05-18 11:25:58+05:30,53136.25,0,0.0,0,0.0,0.0,53282.15,53308.4,52783.45,53710.35,0,0.0,0.0,0.0,0.0,-0.01,-1,-1,-0.01,-1,-1,-0.01,-1,-1,-0.01,-1,-1,-0.01,-1,-1,-0.01,-1,-1,-0.01,-1,-1,-0.01,-1,-1,-0.01,-1,-1,-0.01,-1,-1
99926009,2026-05-18 11:25:58+05:30,53136.25,0,0.0,0,0.0,0.0,53282.15,53308.4,52783.45,53710.35,0,0.0,0.0,0.0,0.0,-0.01,-1,-1,-0.01,-1,-1,-0.01,-1,-1,-0.01,-1,-1,-0.01,-1,-1,-0.01,-1,-1,-0.01,-1,-1,-0.01,-1,-1,-0.01,-1,-1,-0.01,-1,-1
99926009,2026-05-18 11:25:59+05:30,53136.85,0,0.0,0,0.0,0.0,53282.15,53308.4,52783.45,53710.35,0,0.0,0.0,0.0,0.0,-0.01,-1,-1,-0.01,-1,-1,-0.01,-1,-1,-0.01,-1,-1,-0.01,-1,-1,-0.01,-1,-1,-0.01,-1,-1,-0.01,-1,-1,-0.01,-1,-1,-0.01,-1,-1
99926009,2026-05-18 11:25:59+05:30,53135.0,0,0.0,0,0.0,0.0,53282.15,53308.4,52783.45,53710.35,0,0.0,0.0,0.0,0.0,-0.01,-1,-1,-0.01,-1,-1,-0.01,-1,-1,-0.01,-1,-1,-0.01,-1,-1,-0.01,-1,-1,-0.01,-1,-1,-0.01,-1,-1,-0.01,-1,-1,-0.01,-1,-1
99926009,2026-05-18 11:26:00+05:30,53136.75,0,0.0,0,0.0,0.0,53282.15,53308.4,52783.45,53710.35,0,0.0,0.0,0.0,0.0,-0.01,-1,-1,-0.01,-1,-1,-0.01,-1,-1,-0.01,-1,-1,-0.01,-1,-1,-0.01,-1,-1,-0.01,-1,-1,-0.01,-1,-1,-0.01,-1,-1,-0.01,-1,-1
99926009,2026-05-18 11:26:00+05:30,53135.65,0,0.0,0,0.0,0.0,53282.15,53308.4,52783.45,53710.35,0,0.0,0.0,0.0,0.0,-0.01,-1,-1,-0.01,-1,-1,-0.01,-1,-1,-0.01,-1,-1,-0.01,-1,-1,-0.01,-1,-1,-0.01,-1,-1,-0.01,-1,-1,-0.01,-1,-1,-0.01,-1,-1
99926009,2026-05-18 11:26:01+05:30,53134.95,0,0.0,0,0.0,0.0,53282.15,53308.4,52783.45,53710.35,0,0.0,0.0,0.0,0.0,-0.01,-1,-1,-0.01,-1,-1,-0.01,-1,-1,-0.01,-1,-1,-0.01,-1,-1,-0.01,-1,-1,-0.01,-1,-1,-0.01,-1,-1,-0.01,-1,-1,-0.01,-1,-1
99926009,2026-05-18 11:26:01+05:30,53134.65,0,0.0,0,0.0,0.0,53282.15,53308.4,52783.45,53710.35,0,0.0,0.0,0.0,0.0,-0.01,-1,-1,-0.01,-1,-1,-0.01,-1,-1,-0.01,-1,-1,-0.01,-1,-1,-0.01,-1,-1,-0.01,-1,-1,-0.01,-1,-1,-0.01,-1,-1,-0.01,-1,-1
99926009,2026-05-18 11:26:02+05:30,53132.65,0,0.0,0,0.0,0.0,53282.15,53308.4,52783.45,53710.35,0,0.0,0.0,0.0,0.0,-0.01,-1,-1,-0.01,-1,-1,-0.01,-1,-1,-0.01,-1,-1,-0.01,-1,-1,-0.01,-1,-1,-0.01,-1,-1,-0.01,-1,-1,-0.01,-1,-1,-0.01,-1,-1
99926009,2026-05-18 11:26:02+05:30,53131.8,0,0.0,0,0.0,0.0,53282.15,53308.4,52783.45,53710.35,0,0.0,0.0,0.0,0.0,-0.01,-1,-1,-0.01,-1,-1,-0.01,-1,-1,-0.01,-1,-1,-0.01,-1,-1,-0.01,-1,-1,-0.01,-1,-1,-0.01,-1,-1,-0.01,-1,-1,-0.01,-1,-1
99926009,2026-05-18 11:26:03+05:30,53135.2,0,0.0,0,0.0,0.0,53282.15,53308.4,52783.45,53710.35,0,0.0,0.0,0.0,0.0,-0.01,-1,-1,-0.01,-1,-1,-0.01,-1,-1,-0.01,-1,-1,-0.01,-1,-1,-0.01,-1,-1,-0.01,-1,-1,-0.01,-1,-1,-0.01,-1,-1,-0.01,-1,-1
99926009,2026-05-18 11:26:03+05:30,53133.15,0,0.0,0,0.0,0.0,53282.15,53308.4,52783.45,53710.35,0,0.0,0.0,0.0,0.0,-0.01,-1,-1,-0.01,-1,-1,-0.01,-1,-1,-0.01,-1,-1,-0.01,-1,-1,-0.01,-1,-1,-0.01,-1,-1,-0.01,-1,-1,-0.01,-1,-1,-0.01,-1,-1
99926009,2026-05-18 11:26:04+05:30,53133.45,0,0.0,0,0.0,0.0,53282.15,53308.4,52783.45,53710.35,0,0.0,0.0,0.0,0.0,-0.01,-1,-1,-0.01,-1,-1,-0.01,-1,-1,-0.01,-1,-1,-0.01,-1,-1,-0.01,-1,-1,-0.01,-1,-1,-0.01,-1,-1,-0.01,-1,-1,-0.01,-1,-1
99926009,2026-05-18 11:26:04+05:30,53133.25,0,0.0,0,0.0,0.0,53282.15,53308.4,52783.45,53710.35,0,0.0,0.0,0.0,0.0,-0.01,-1,-1,-0.01,-1,-1,-0.01,-1,-1,-0.01,-1,-1,-0.01,-1,-1,-0.01,-1,-1,-0.01,-1,-1,-0.01,-1,-1,-0.01,-1,-1,-0.01,-1,-1
99926009,2026-05-18 11:26:05+05:30,53133.3,0,0.0,0,0.0,0.0,53282.15,53308.4,52783.45,53710.35,0,0.0,0.0,0.0,0.0,-0.01,-1,-1,-0.01,-1,-1,-0.01,-1,-1,-0.01,-1,-1,-0.01,-1,-1,-0.01,-1,-1,-0.01,-1,-1,-0.01,-1,-1,-0.01,-1,-1,-0.01,-1,-1
99926009,2026-05-18 11:26:05+05:30,53133.3,0,0.0,0,0.0,0.0,53282.15,53308.4,52783.45,53710.35,0,0.0,0.0,0.0,0.0,-0.01,-1,-1,-0.01,-1,-1,-0.01,-1,-1,-0.01,-1,-1,-0.01,-1,-1,-0.01,-1,-1,-0.01,-1,-1,-0.01,-1,-1,-0.01,-1,-1,-0.01,-1,-1
99926009,2026-05-18 11:26:06+05:30,53129.75,0,0.0,0,0.0,0.0,53282.15,53308.4,52783.45,53710.35,0,0.0,0.0,0.0,0.0,-0.01,-1,-1,-0.01,-1,-1,-0.01,-1,-1,-0.01,-1,-1,-0.01,-1,-1,-0.01,-1,-1,-0.01,-1,-1,-0.01,-1,-1,-0.01,-1,-1,-0.01,-1,-1
99926009,2026-05-18 11:26:06+05:30,53128.45,0,0.0,0,0.0,0.0,53282.15,53308.4,52783.45,53710.35,0,0.0,0.0,0.0,0.0,-0.01,-1,-1,-0.01,-1,-1,-0.01,-1,-1,-0.01,-1,-1,-0.01,-1,-1,-0.01,-1,-1,-0.01,-1,-1,-0.01,-1,-1,-0.01,-1,-1,-0.01,-1,-1
99926009,2026-05-18 11:26:07+05:30,53127.15,0,0.0,0,0.0,0.0,53282.15,53308.4,52783.45,53710.35,0,0.0,0.0,0.0,0.0,-0.01,-1,-1,-0.01,-1,-1,-0.01,-1,-1,-0.01,-1,-1,-0.01,-1,-1,-0.01,-1,-1,-0.01,-1,-1,-0.01,-1,-1,-0.01,-1,-1,-0.01,-1,-1
99926009,2026-05-18 11:26:07+05:30,53126.4,0,0.0,0,0.0,0.0,53282.15,53308.4,52783.45,53710.35,0,0.0,0.0,0.0,0.0,-0.01,-1,-1,-0.01,-1,-1,-0.01,-1,-1,-0.01,-1,-1,-0.01,-1,-1,-0.01,-1,-1,-0.01,-1,-1,-0.01,-1,-1,-0.01,-1,-1,-0.01,-1,-1
99926009,2026-05-18 11:26:08+05:30,53124.9,0,0.0,0,0.0,0.0,53282.15,53308.4,52783.45,53710.35,0,0.0,0.0,0.0,0.0,-0.01,-1,-1,-0.01,-1,-1,-0.01,-1,-1,-0.01,-1,-1,-0.01,-1,-1,-0.01,-1,-1,-0.01,-1,-1,-0.01,-1,-1,-0.01,-1,-1,-0.01,-1,-1
99926009,2026-05-18 11:26:08+05:30,53126.55,0,0.0,0,0.0,0.0,53282.15,53308.4,52783.45,53710.35,0,0.0,0.0,0.0,0.0,-0.01,-1,-1,-0.01,-1,-1,-0.01,-1,-1,-0.01,-1,-1,-0.01,-1,-1,-0.01,-1,-1,-0.01,-1,-1,-0.01,-1,-1,-0.01,-1,-1,-0.01,-1,-1
99926009,2026-05-18 11:26:09+05:30,53125.6,0,0.0,0,0.0,0.0,53282.15,53308.4,52783.45,53710.35,0,0.0,0.0,0.0,0.0,-0.01,-1,-1,-0.01,-1,-1,-0.01,-1,-1,-0.01,-1,-1,-0.01,-1,-1,-0.01,-1,-1,-0.01,-1,-1,-0.01,-1,-1,-0.01,-1,-1,-0.01,-1,-1
99926009,2026-05-18 11:26:09+05:30,53125.9,0,0.0,0,0.0,0.0,53282.15,53308.4,52783.45,53710.35,0,0.0,0.0,0.0,0.0,-0.01,-1,-1,-0.01,-1,-1,-0.01,-1,-1,-0.01,-1,-1,-0.01,-1,-1,-0.01,-1,-1,-0.01,-1,-1,-0.01,-1,-1,-0.01,-1,-1,-0.01,-1,-1
99926009,2026-05-18 11:26:10+05:30,53124.55,0,0.0,0,0.0,0.0,53282.15,53308.4,52783.45,53710.35,0,0.0,0.0,0.0,0.0,-0.01,-1,-1,-0.01,-1,-1,-0.01,-1,-1,-0.01,-1,-1,-0.01,-1,-1,-0.01,-1,-1,-0.01,-1,-1,-0.01,-1,-1,-0.01,-1,-1,-0.01,-1,-1
99926009,2026-05-18 11:26:10+05:30,53127.85,0,0.0,0,0.0,0.0,53282.15,53308.4,52783.45,53710.35,0,0.0,0.0,0.0,0.0,-0.01,-1,-1,-0.01,-1,-1,-0.01,-1,-1,-0.01,-1,-1,-0.01,-1,-1,-0.01,-1,-1,-0.01,-1,-1,-0.01,-1,-1,-0.01,-1,-1,-0.01,-1,-1
99926009,2026-05-18 11:26:11+05:30,53126.35,0,0.0,0,0.0,0.0,53282.15,53308.4,52783.45,53710.35,0,0.0,0.0,0.0,0.0,-0.01,-1,-1,-0.01,-1,-1,-0.01,-1,-1,-0.01,-1,-1,-0.01,-1,-1,-0.01,-1,-1,-0.01,-1,-1,-0.01,-1,-1,-0.01,-1,-1,-0.01,-1,-1
99926009,2026-05-18 11:26:11+05:30,53128.0,0,0.0,0,0.0,0.0,53282.15,53308.4,52783.45,53710.35,0,0.0,0.0,0.0,0.0,-0.01,-1,-1,-0.01,-1,-1,-0.01,-1,-1,-0.01,-1,-1,-0.01,-1,-1,-0.01,-1,-1,-0.01,-1,-1,-0.01,-1,-1,-0.01,-1,-1,-0.01,-1,-1
99926009,2026-05-18 11:26:12+05:30,53126.9,0,0.0,0,0.0,0.0,53282.15,53308.4,52783.45,53710.35,0,0.0,0.0,0.0,0.0,-0.01,-1,-1,-0.01,-1,-1,-0.01,-1,-1,-0.01,-1,-1,-0.01,-1,-1,-0.01,-1,-1,-0.01,-1,-1,-0.01,-1,-1,-0.01,-1,-1,-0.01,-1,-1
99926009,2026-05-18 11:26:12+05:30,53126.45,0,0.0,0,0.0,0.0,53282.15,53308.4,52783.45,53710.35,0,0.0,0.0,0.0,0.0,-0.01,-1,-1,-0.01,-1,-1,-0.01,-1,-1,-0.01,-1,-1,-0.01,-1,-1,-0.01,-1,-1,-0.01,-1,-1,-0.01,-1,-1,-0.01,-1,-1,-0.01,-1,-1
99926009,2026-05-18 11:26:13+05:30,53126.6,0,0.0,0,0.0,0.0,53282.15,53308.4,52783.45,53710.35,0,0.0,0.0,0.0,0.0,-0.01,-1,-1,-0.01,-1,-1,-0.01,-1,-1,-0.01,-1,-1,-0.01,-1,-1,-0.01,-1,-1,-0.01,-1,-1,-0.01,-1,-1,-0.01,-1,-1,-0.01,-1,-1
99926009,2026-05-18 11:26:13+05:30,53126.8,0,0.0,0,0.0,0.0,53282.15,53308.4,52783.45,53710.35,0,0.0,0.0,0.0,0.0,-0.01,-1,-1,-0.01,-1,-1,-0.01,-1,-1,-0.01,-1,-1,-0.01,-1,-1,-0.01,-1,-1,-0.01,-1,-1,-0.01,-1,-1,-0.01,-1,-1,-0.01,-1,-1
99926009,2026-05-18 11:26:14+05:30,53123.65,0,0.0,0,0.0,0.0,53282.15,53308.4,52783.45,53710.35,0,0.0,0.0,0.0,0.0,-0.01,-1,-1,-0.01,-1,-1,-0.01,-1,-1,-0.01,-1,-1,-0.01,-1,-1,-0.01,-1,-1,-0.01,-1,-1,-0.01,-1,-1,-0.01,-1,-1,-0.01,-1,-1
99926009,2026-05-18 11:26:15+05:30,53123.1,0,0.0,0,0.0,0.0,53282.15,53308.4,52783.45,53710.35,0,0.0,0.0,0.0,0.0,-0.01,-1,-1,-0.01,-1,-1,-0.01,-1,-1,-0.01,-1,-1,-0.01,-1,-1,-0.01,-1,-1,-0.01,-1,-1,-0.01,-1,-1,-0.01,-1,-1,-0.01,-1,-1
99926009,2026-05-18 11:26:15+05:30,53123.1,0,0.0,0,0.0,0.0,53282.15,53308.4,52783.45,53710.35,0,0.0,0.0,0.0,0.0,-0.01,-1,-1,-0.01,-1,-1,-0.01,-1,-1,-0.01,-1,-1,-0.01,-1,-1,-0.01,-1,-1,-0.01,-1,-1,-0.01,-1,-1,-0.01,-1,-1,-0.01,-1,-1
99926009,2026-05-18 11:26:16+05:30,53122.25,0,0.0,0,0.0,0.0,53282.15,53308.4,52783.45,53710.35,0,0.0,0.0,0.0,0.0,-0.01,-1,-1,-0.01,-1,-1,-0.01,-1,-1,-0.01,-1,-1,-0.01,-1,-1,-0.01,-1,-1,-0.01,-1,-1,-0.01,-1,-1,-0.01,-1,-1,-0.01,-1,-1
99926009,2026-05-18 11:26:16+05:30,53122.5,0,0.0,0,0.0,0.0,53282.15,53308.4,52783.45,53710.35,0,0.0,0.0,0.0,0.0,-0.01,-1,-1,-0.01,-1,-1,-0.01,-1,-1,-0.01,-1,-1,-0.01,-1,-1,-0.01,-1,-1,-0.01,-1,-1,-0.01,-1,-1,-0.01,-1,-1,-0.01,-1,-1
99926009,2026-05-18 11:26:17+05:30,53120.05,0,0.0,0,0.0,0.0,53282.15,53308.4,52783.45,53710.35,0,0.0,0.0,0.0,0.0,-0.01,-1,-1,-0.01,-1,-1,-0.01,-1,-1,-0.01,-1,-1,-0.01,-1,-1,-0.01,-1,-1,-0.01,-1,-1,-0.01,-1,-1,-0.01,-1,-1,-0.01,-1,-1
99926009,2026-05-18 11:26:17+05:30,53120.1,0,0.0,0,0.0,0.0,53282.15,53308.4,52783.45,53710.35,0,0.0,0.0,0.0,0.0,-0.01,-1,-1,-0.01,-1,-1,-0.01,-1,-1,-0.01,-1,-1,-0.01,-1,-1,-0.01,-1,-1,-0.01,-1,-1,-0.01,-1,-1,-0.01,-1,-1,-0.01,-1,-1
99926009,2026-05-18 11:26:18+05:30,53122.75,0,0.0,0,0.0,0.0,53282.15,53308.4,52783.45,53710.35,0,0.0,0.0,0.0,0.0,-0.01,-1,-1,-0.01,-1,-1,-0.01,-1,-1,-0.01,-1,-1,-0.01,-1,-1,-0.01,-1,-1,-0.01,-1,-1,-0.01,-1,-1,-0.01,-1,-1,-0.01,-1,-1
99926009,2026-05-18 11:26:18+05:30,53123.8,0,0.0,0,0.0,0.0,53282.15,53308.4,52783.45,53710.35,0,0.0,0.0,0.0,0.0,-0.01,-1,-1,-0.01,-1,-1,-0.01,-1,-1,-0.01,-1,-1,-0.01,-1,-1,-0.01,-1,-1,-0.01,-1,-1,-0.01,-1,-1,-0.01,-1,-1,-0.01,-1,-1
99926009,2026-05-18 11:26:19+05:30,53122.95,0,0.0,0,0.0,0.0,53282.15,53308.4,52783.45,53710.35,0,0.0,0.0,0.0,0.0,-0.01,-1,-1,-0.01,-1,-1,-0.01,-1,-1,-0.01,-1,-1,-0.01,-1,-1,-0.01,-1,-1,-0.01,-1,-1,-0.01,-1,-1,-0.01,-1,-1,-0.01,-1,-1
99926009,2026-05-18 11:26:19+05:30,53121.95,0,0.0,0,0.0,0.0,53282.15,53308.4,52783.45,53710.35,0,0.0,0.0,0.0,0.0,-0.01,-1,-1,-0.01,-1,-1,-0.01,-1,-1,-0.01,-1,-1,-0.01,-1,-1,-0.01,-1,-1,-0.01,-1,-1,-0.01,-1,-1,-0.01,-1,-1,-0.01,-1,-1
99926009,2026-05-18 11:26:20+05:30,53121.85,0,0.0,0,0.0,0.0,53282.15,53308.4,52783.45,53710.35,0,0.0,0.0,0.0,0.0,-0.01,-1,-1,-0.01,-1,-1,-0.01,-1,-1,-0.01,-1,-1,-0.01,-1,-1,-0.01,-1,-1,-0.01,-1,-1,-0.01,-1,-1,-0.01,-1,-1,-0.01,-1,-1
99926009,2026-05-18 11:26:20+05:30,53116.55,0,0.0,0,0.0,0.0,53282.15,53308.4,52783.45,53710.35,0,0.0,0.0,0.0,0.0,-0.01,-1,-1,-0.01,-1,-1,-0.01,-1,-1,-0.01,-1,-1,-0.01,-1,-1,-0.01,-1,-1,-0.01,-1,-1,-0.01,-1,-1,-0.01,-1,-1,-0.01,-1,-1
99926009,2026-05-18 11:26:21+05:30,53116.8,0,0.0,0,0.0,0.0,53282.15,53308.4,52783.45,53710.35,0,0.0,0.0,0.0,0.0,-0.01,-1,-1,-0.01,-1,-1,-0.01,-1,-1,-0.01,-1,-1,-0.01,-1,-1,-0.01,-1,-1,-0.01,-1,-1,-0.01,-1,-1,-0.01,-1,-1,-0.01,-1,-1
99926009,2026-05-18 11:26:21+05:30,53117.8,0,0.0,0,0.0,0.0,53282.15,53308.4,52783.45,53710.35,0,0.0,0.0,0.0,0.0,-0.01,-1,-1,-0.01,-1,-1,-0.01,-1,-1,-0.01,-1,-1,-0.01,-1,-1,-0.01,-1,-1,-0.01,-1,-1,-0.01,-1,-1,-0.01,-1,-1,-0.01,-1,-1
99926009,2026-05-18 11:26:22+05:30,53116.95,0,0.0,0,0.0,0.0,53282.15,53308.4,52783.45,53710.35,0,0.0,0.0,0.0,0.0,-0.01,-1,-1,-0.01,-1,-1,-0.01,-1,-1,-0.01,-1,-1,-0.01,-1,-1,-0.01,-1,-1,-0.01,-1,-1,-0.01,-1,-1,-0.01,-1,-1,-0.01,-1,-1
99926009,2026-05-18 11:26:22+05:30,53117.55,0,0.0,0,0.0,0.0,53282.15,53308.4,52783.45,53710.35,0,0.0,0.0,0.0,0.0,-0.01,-1,-1,-0.01,-1,-1,-0.01,-1,-1,-0.01,-1,-1,-0.01,-1,-1,-0.01,-1,-1,-0.01,-1,-1,-0.01,-1,-1,-0.01,-1,-1,-0.01,-1,-1
99926009,2026-05-18 11:26:23+05:30,53116.55,0,0.0,0,0.0,0.0,53282.15,53308.4,52783.45,53710.35,0,0.0,0.0,0.0,0.0,-0.01,-1,-1,-0.01,-1,-1,-0.01,-1,-1,-0.01,-1,-1,-0.01,-1,-1,-0.01,-1,-1,-0.01,-1,-1,-0.01,-1,-1,-0.01,-1,-1,-0.01,-1,-1
99926009,2026-05-18 11:26:23+05:30,53118.1,0,0.0,0,0.0,0.0,53282.15,53308.4,52783.45,53710.35,0,0.0,0.0,0.0,0.0,-0.01,-1,-1,-0.01,-1,-1,-0.01,-1,-1,-0.01,-1,-1,-0.01,-1,-1,-0.01,-1,-1,-0.01,-1,-1,-0.01,-1,-1,-0.01,-1,-1,-0.01,-1,-1
99926009,2026-05-18 11:26:24+05:30,53117.35,0,0.0,0,0.0,0.0,53282.15,53308.4,52783.45,53710.35,0,0.0,0.0,0.0,0.0,-0.01,-1,-1,-0.01,-1,-1,-0.01,-1,-1,-0.01,-1,-1,-0.01,-1,-1,-0.01,-1,-1,-0.01,-1,-1,-0.01,-1,-1,-0.01,-1,-1,-0.01,-1,-1
99926009,2026-05-18 11:26:24+05:30,53117.95,0,0.0,0,0.0,0.0,53282.15,53308.4,52783.45,53710.35,0,0.0,0.0,0.0,0.0,-0.01,-1,-1,-0.01,-1,-1,-0.01,-1,-1,-0.01,-1,-1,-0.01,-1,-1,-0.01,-1,-1,-0.01,-1,-1,-0.01,-1,-1,-0.01,-1,-1,-0.01,-1,-1
99926009,2026-05-18 11:26:25+05:30,53119.9,0,0.0,0,0.0,0.0,53282.15,53308.4,52783.45,53710.35,0,0.0,0.0,0.0,0.0,-0.01,-1,-1,-0.01,-1,-1,-0.01,-1,-1,-0.01,-1,-1,-0.01,-1,-1,-0.01,-1,-1,-0.01,-1,-1,-0.01,-1,-1,-0.01,-1,-1,-0.01,-1,-1
99926009,2026-05-18 11:26:25+05:30,53123.1,0,0.0,0,0.0,0.0,53282.15,53308.4,52783.45,53710.35,0,0.0,0.0,0.0,0.0,-0.01,-1,-1,-0.01,-1,-1,-0.01,-1,-1,-0.01,-1,-1,-0.01,-1,-1,-0.01,-1,-1,-0.01,-1,-1,-0.01,-1,-1,-0.01,-1,-1,-0.01,-1,-1
99926009,2026-05-18 11:26:26+05:30,53121.9,0,0.0,0,0.0,0.0,53282.15,53308.4,52783.45,53710.35,0,0.0,0.0,0.0,0.0,-0.01,-1,-1,-0.01,-1,-1,-0.01,-1,-1,-0.01,-1,-1,-0.01,-1,-1,-0.01,-1,-1,-0.01,-1,-1,-0.01,-1,-1,-0.01,-1,-1,-0.01,-1,-1
99926009,2026-05-18 11:26:26+05:30,53121.5,0,0.0,0,0.0,0.0,53282.15,53308.4,52783.45,53710.35,0,0.0,0.0,0.0,0.0,-0.01,-1,-1,-0.01,-1,-1,-0.01,-1,-1,-0.01,-1,-1,-0.01,-1,-1,-0.01,-1,-1,-0.01,-1,-1,-0.01,-1,-1,-0.01,-1,-1,-0.01,-1,-1
99926009,2026-05-18 11:26:27+05:30,53121.15,0,0.0,0,0.0,0.0,53282.15,53308.4,52783.45,53710.35,0,0.0,0.0,0.0,0.0,-0.01,-1,-1,-0.01,-1,-1,-0.01,-1,-1,-0.01,-1,-1,-0.01,-1,-1,-0.01,-1,-1,-0.01,-1,-1,-0.01,-1,-1,-0.01,-1,-1,-0.01,-1,-1
99926009,2026-05-18 11:26:27+05:30,53122.05,0,0.0,0,0.0,0.0,53282.15,53308.4,52783.45,53710.35,0,0.0,0.0,0.0,0.0,-0.01,-1,-1,-0.01,-1,-1,-0.01,-1,-1,-0.01,-1,-1,-0.01,-1,-1,-0.01,-1,-1,-0.01,-1,-1,-0.01,-1,-1,-0.01,-1,-1,-0.01,-1,-1
99926009,2026-05-18 11:26:28+05:30,53118.05,0,0.0,0,0.0,0.0,53282.15,53308.4,52783.45,53710.35,0,0.0,0.0,0.0,0.0,-0.01,-1,-1,-0.01,-1,-1,-0.01,-1,-1,-0.01,-1,-1,-0.01,-1,-1,-0.01,-1,-1,-0.01,-1,-1,-0.01,-1,-1,-0.01,-1,-1,-0.01,-1,-1
99926009,2026-05-18 11:26:28+05:30,53114.5,0,0.0,0,0.0,0.0,53282.15,53308.4,52783.45,53710.35,0,0.0,0.0,0.0,0.0,-0.01,-1,-1,-0.01,-1,-1,-0.01,-1,-1,-0.01,-1,-1,-0.01,-1,-1,-0.01,-1,-1,-0.01,-1,-1,-0.01,-1,-1,-0.01,-1,-1,-0.01,-1,-1
99926009,2026-05-18 11:26:29+05:30,53112.65,0,0.0,0,0.0,0.0,53282.15,53308.4,52783.45,53710.35,0,0.0,0.0,0.0,0.0,-0.01,-1,-1,-0.01,-1,-1,-0.01,-1,-1,-0.01,-1,-1,-0.01,-1,-1,-0.01,-1,-1,-0.01,-1,-1,-0.01,-1,-1,-0.01,-1,-1,-0.01,-1,-1
99926009,2026-05-18 11:26:29+05:30,53112.0,0,0.0,0,0.0,0.0,53282.15,53308.4,52783.45,53710.35,0,0.0,0.0,0.0,0.0,-0.01,-1,-1,-0.01,-1,-1,-0.01,-1,-1,-0.01,-1,-1,-0.01,-1,-1,-0.01,-1,-1,-0.01,-1,-1,-0.01,-1,-1,-0.01,-1,-1,-0.01,-1,-1
99926009,2026-05-18 11:26:30+05:30,53112.2,0,0.0,0,0.0,0.0,53282.15,53308.4,52783.45,53710.35,0,0.0,0.0,0.0,0.0,-0.01,-1,-1,-0.01,-1,-1,-0.01,-1,-1,-0.01,-1,-1,-0.01,-1,-1,-0.01,-1,-1,-0.01,-1,-1,-0.01,-1,-1,-0.01,-1,-1,-0.01,-1,-1
99926009,2026-05-18 11:26:30+05:30,53114.05,0,0.0,0,0.0,0.0,53282.15,53308.4,52783.45,53710.35,0,0.0,0.0,0.0,0.0,-0.01,-1,-1,-0.01,-1,-1,-0.01,-1,-1,-0.01,-1,-1,-0.01,-1,-1,-0.01,-1,-1,-0.01,-1,-1,-0.01,-1,-1,-0.01,-1,-1,-0.01,-1,-1
99926009,2026-05-18 11:26:31+05:30,53115.1,0,0.0,0,0.0,0.0,53282.15,53308.4,52783.45,53710.35,0,0.0,0.0,0.0,0.0,-0.01,-1,-1,-0.01,-1,-1,-0.01,-1,-1,-0.01,-1,-1,-0.01,-1,-1,-0.01,-1,-1,-0.01,-1,-1,-0.01,-1,-1,-0.01,-1,-1,-0.01,-1,-1
99926009,2026-05-18 11:26:31+05:30,53111.5,0,0.0,0,0.0,0.0,53282.15,53308.4,52783.45,53710.35,0,0.0,0.0,0.0,0.0,-0.01,-1,-1,-0.01,-1,-1,-0.01,-1,-1,-0.01,-1,-1,-0.01,-1,-1,-0.01,-1,-1,-0.01,-1,-1,-0.01,-1,-1,-0.01,-1,-1,-0.01,-1,-1
99926009,2026-05-18 11:26:32+05:30,53113.1,0,0.0,0,0.0,0.0,53282.15,53308.4,52783.45,53710.35,0,0.0,0.0,0.0,0.0,-0.01,-1,-1,-0.01,-1,-1,-0.01,-1,-1,-0.01,-1,-1,-0.01,-1,-1,-0.01,-1,-1,-0.01,-1,-1,-0.01,-1,-1,-0.01,-1,-1,-0.01,-1,-1
99926009,2026-05-18 11:26:32+05:30,53110.55,0,0.0,0,0.0,0.0,53282.15,53308.4,52783.45,53710.35,0,0.0,0.0,0.0,0.0,-0.01,-1,-1,-0.01,-1,-1,-0.01,-1,-1,-0.01,-1,-1,-0.01,-1,-1,-0.01,-1,-1,-0.01,-1,-1,-0.01,-1,-1,-0.01,-1,-1,-0.01,-1,-1
99926009,2026-05-18 11:26:33+05:30,53110.9,0,0.0,0,0.0,0.0,53282.15,53308.4,52783.45,53710.35,0,0.0,0.0,0.0,0.0,-0.01,-1,-1,-0.01,-1,-1,-0.01,-1,-1,-0.01,-1,-1,-0.01,-1,-1,-0.01,-1,-1,-0.01,-1,-1,-0.01,-1,-1,-0.01,-1,-1,-0.01,-1,-1
99926009,2026-05-18 11:26:33+05:30,53110.65,0,0.0,0,0.0,0.0,53282.15,53308.4,52783.45,53710.35,0,0.0,0.0,0.0,0.0,-0.01,-1,-1,-0.01,-1,-1,-0.01,-1,-1,-0.01,-1,-1,-0.01,-1,-1,-0.01,-1,-1,-0.01,-1,-1,-0.01,-1,-1,-0.01,-1,-1,-0.01,-1,-1
99926009,2026-05-18 11:26:34+05:30,53110.65,0,0.0,0,0.0,0.0,53282.15,53308.4,52783.45,53710.35,0,0.0,0.0,0.0,0.0,-0.01,-1,-1,-0.01,-1,-1,-0.01,-1,-1,-0.01,-1,-1,-0.01,-1,-1,-0.01,-1,-1,-0.01,-1,-1,-0.01,-1,-1,-0.01,-1,-1,-0.01,-1,-1
99926009,2026-05-18 11:26:34+05:30,53110.5,0,0.0,0,0.0,0.0,53282.15,53308.4,52783.45,53710.35,0,0.0,0.0,0.0,0.0,-0.01,-1,-1,-0.01,-1,-1,-0.01,-1,-1,-0.01,-1,-1,-0.01,-1,-1,-0.01,-1,-1,-0.01,-1,-1,-0.01,-1,-1,-0.01,-1,-1,-0.01,-1,-1
99926009,2026-05-18 11:26:35+05:30,53112.45,0,0.0,0,0.0,0.0,53282.15,53308.4,52783.45,53710.35,0,0.0,0.0,0.0,0.0,-0.01,-1,-1,-0.01,-1,-1,-0.01,-1,-1,-0.01,-1,-1,-0.01,-1,-1,-0.01,-1,-1,-0.01,-1,-1,-0.01,-1,-1,-0.01,-1,-1,-0.01,-1,-1
99926009,2026-05-18 11:26:35+05:30,53117.15,0,0.0,0,0.0,0.0,53282.15,53308.4,52783.45,53710.35,0,0.0,0.0,0.0,0.0,-0.01,-1,-1,-0.01,-1,-1,-0.01,-1,-1,-0.01,-1,-1,-0.01,-1,-1,-0.01,-1,-1,-0.01,-1,-1,-0.01,-1,-1,-0.01,-1,-1,-0.01,-1,-1
99926009,2026-05-18 11:26:36+05:30,53109.7,0,0.0,0,0.0,0.0,53282.15,53308.4,52783.45,53710.35,0,0.0,0.0,0.0,0.0,-0.01,-1,-1,-0.01,-1,-1,-0.01,-1,-1,-0.01,-1,-1,-0.01,-1,-1,-0.01,-1,-1,-0.01,-1,-1,-0.01,-1,-1,-0.01,-1,-1,-0.01,-1,-1
99926009,2026-05-18 11:26:36+05:30,53111.75,0,0.0,0,0.0,0.0,53282.15,53308.4,52783.45,53710.35,0,0.0,0.0,0.0,0.0,-0.01,-1,-1,-0.01,-1,-1,-0.01,-1,-1,-0.01,-1,-1,-0.01,-1,-1,-0.01,-1,-1,-0.01,-1,-1,-0.01,-1,-1,-0.01,-1,-1,-0.01,-1,-1
99926009,2026-05-18 11:26:37+05:30,53111.45,0,0.0,0,0.0,0.0,53282.15,53308.4,52783.45,53710.35,0,0.0,0.0,0.0,0.0,-0.01,-1,-1,-0.01,-1,-1,-0.01,-1,-1,-0.01,-1,-1,-0.01,-1,-1,-0.01,-1,-1,-0.01,-1,-1,-0.01,-1,-1,-0.01,-1,-1,-0.01,-1,-1
99926009,2026-05-18 11:26:37+05:30,53112.35,0,0.0,0,0.0,0.0,53282.15,53308.4,52783.45,53710.35,0,0.0,0.0,0.0,0.0,-0.01,-1,-1,-0.01,-1,-1,-0.01,-1,-1,-0.01,-1,-1,-0.01,-1,-1,-0.01,-1,-1,-0.01,-1,-1,-0.01,-1,-1,-0.01,-1,-1,-0.01,-1,-1
99926009,2026-05-18 11:26:38+05:30,53109.15,0,0.0,0,0.0,0.0,53282.15,53308.4,52783.45,53710.35,0,0.0,0.0,0.0,0.0,-0.01,-1,-1,-0.01,-1,-1,-0.01,-1,-1,-0.01,-1,-1,-0.01,-1,-1,-0.01,-1,-1,-0.01,-1,-1,-0.01,-1,-1,-0.01,-1,-1,-0.01,-1,-1
99926009,2026-05-18 11:26:38+05:30,53106.25,0,0.0,0,0.0,0.0,53282.15,53308.4,52783.45,53710.35,0,0.0,0.0,0.0,0.0,-0.01,-1,-1,-0.01,-1,-1,-0.01,-1,-1,-0.01,-1,-1,-0.01,-1,-1,-0.01,-1,-1,-0.01,-1,-1,-0.01,-1,-1,-0.01,-1,-1,-0.01,-1,-1
99926009,2026-05-18 11:26:39+05:30,53106.55,0,0.0,0,0.0,0.0,53282.15,53308.4,52783.45,53710.35,0,0.0,0.0,0.0,0.0,-0.01,-1,-1,-0.01,-1,-1,-0.01,-1,-1,-0.01,-1,-1,-0.01,-1,-1,-0.01,-1,-1,-0.01,-1,-1,-0.01,-1,-1,-0.01,-1,-1,-0.01,-1,-1
99926009,2026-05-18 11:26:39+05:30,53108.45,0,0.0,0,0.0,0.0,53282.15,53308.4,52783.45,53710.35,0,0.0,0.0,0.0,0.0,-0.01,-1,-1,-0.01,-1,-1,-0.01,-1,-1,-0.01,-1,-1,-0.01,-1,-1,-0.01,-1,-1,-0.01,-1,-1,-0.01,-1,-1,-0.01,-1,-1,-0.01,-1,-1
99926009,2026-05-18 11:26:40+05:30,53110.6,0,0.0,0,0.0,0.0,53282.15,53308.4,52783.45,53710.35,0,0.0,0.0,0.0,0.0,-0.01,-1,-1,-0.01,-1,-1,-0.01,-1,-1,-0.01,-1,-1,-0.01,-1,-1,-0.01,-1,-1,-0.01,-1,-1,-0.01,-1,-1,-0.01,-1,-1,-0.01,-1,-1
99926009,2026-05-18 11:26:40+05:30,53111.25,0,0.0,0,0.0,0.0,53282.15,53308.4,52783.45,53710.35,0,0.0,0.0,0.0,0.0,-0.01,-1,-1,-0.01,-1,-1,-0.01,-1,-1,-0.01,-1,-1,-0.01,-1,-1,-0.01,-1,-1,-0.01,-1,-1,-0.01,-1,-1,-0.01,-1,-1,-0.01,-1,-1
99926009,2026-05-18 11:26:41+05:30,53112.45,0,0.0,0,0.0,0.0,53282.15,53308.4,52783.45,53710.35,0,0.0,0.0,0.0,0.0,-0.01,-1,-1,-0.01,-1,-1,-0.01,-1,-1,-0.01,-1,-1,-0.01,-1,-1,-0.01,-1,-1,-0.01,-1,-1,-0.01,-1,-1,-0.01,-1,-1,-0.01,-1,-1
99926009,2026-05-18 11:26:41+05:30,53111.65,0,0.0,0,0.0,0.0,53282.15,53308.4,52783.45,53710.35,0,0.0,0.0,0.0,0.0,-0.01,-1,-1,-0.01,-1,-1,-0.01,-1,-1,-0.01,-1,-1,-0.01,-1,-1,-0.01,-1,-1,-0.01,-1,-1,-0.01,-1,-1,-0.01,-1,-1,-0.01,-1,-1
99926009,2026-05-18 11:26:42+05:30,53110.2,0,0.0,0,0.0,0.0,53282.15,53308.4,52783.45,53710.35,0,0.0,0.0,0.0,0.0,-0.01,-1,-1,-0.01,-1,-1,-0.01,-1,-1,-0.01,-1,-1,-0.01,-1,-1,-0.01,-1,-1,-0.01,-1,-1,-0.01,-1,-1,-0.01,-1,-1,-0.01,-1,-1
99926009,2026-05-18 11:26:42+05:30,53109.15,0,0.0,0,0.0,0.0,53282.15,53308.4,52783.45,53710.35,0,0.0,0.0,0.0,0.0,-0.01,-1,-1,-0.01,-1,-1,-0.01,-1,-1,-0.01,-1,-1,-0.01,-1,-1,-0.01,-1,-1,-0.01,-1,-1,-0.01,-1,-1,-0.01,-1,-1,-0.01,-1,-1
99926009,2026-05-18 11:26:43+05:30,53110.55,0,0.0,0,0.0,0.0,53282.15,53308.4,52783.45,53710.35,0,0.0,0.0,0.0,0.0,-0.01,-1,-1,-0.01,-1,-1,-0.01,-1,-1,-0.01,-1,-1,-0.01,-1,-1,-0.01,-1,-1,-0.01,-1,-1,-0.01,-1,-1,-0.01,-1,-1,-0.01,-1,-1
99926009,2026-05-18 11:26:43+05:30,53107.05,0,0.0,0,0.0,0.0,53282.15,53308.4,52783.45,53710.35,0,0.0,0.0,0.0,0.0,-0.01,-1,-1,-0.01,-1,-1,-0.01,-1,-1,-0.01,-1,-1,-0.01,-1,-1,-0.01,-1,-1,-0.01,-1,-1,-0.01,-1,-1,-0.01,-1,-1,-0.01,-1,-1
99926009,2026-05-18 11:26:44+05:30,53109.1,0,0.0,0,0.0,0.0,53282.15,53308.4,52783.45,53710.35,0,0.0,0.0,0.0,0.0,-0.01,-1,-1,-0.01,-1,-1,-0.01,-1,-1,-0.01,-1,-1,-0.01,-1,-1,-0.01,-1,-1,-0.01,-1,-1,-0.01,-1,-1,-0.01,-1,-1,-0.01,-1,-1
99926009,2026-05-18 11:26:44+05:30,53108.05,0,0.0,0,0.0,0.0,53282.15,53308.4,52783.45,53710.35,0,0.0,0.0,0.0,0.0,-0.01,-1,-1,-0.01,-1,-1,-0.01,-1,-1,-0.01,-1,-1,-0.01,-1,-1,-0.01,-1,-1,-0.01,-1,-1,-0.01,-1,-1,-0.01,-1,-1,-0.01,-1,-1
99926009,2026-05-18 11:26:45+05:30,53109.15,0,0.0,0,0.0,0.0,53282.15,53308.4,52783.45,53710.35,0,0.0,0.0,0.0,0.0,-0.01,-1,-1,-0.01,-1,-1,-0.01,-1,-1,-0.01,-1,-1,-0.01,-1,-1,-0.01,-1,-1,-0.01,-1,-1,-0.01,-1,-1,-0.01,-1,-1,-0.01,-1,-1
99926009,2026-05-18 11:26:45+05:30,53109.75,0,0.0,0,0.0,0.0,53282.15,53308.4,52783.45,53710.35,0,0.0,0.0,0.0,0.0,-0.01,-1,-1,-0.01,-1,-1,-0.01,-1,-1,-0.01,-1,-1,-0.01,-1,-1,-0.01,-1,-1,-0.01,-1,-1,-0.01,-1,-1,-0.01,-1,-1,-0.01,-1,-1
99926009,2026-05-18 11:26:46+05:30,53109.1,0,0.0,0,0.0,0.0,53282.15,53308.4,52783.45,53710.35,0,0.0,0.0,0.0,0.0,-0.01,-1,-1,-0.01,-1,-1,-0.01,-1,-1,-0.01,-1,-1,-0.01,-1,-1,-0.01,-1,-1,-0.01,-1,-1,-0.01,-1,-1,-0.01,-1,-1,-0.01,-1,-1
99926009,2026-05-18 11:26:46+05:30,53110.6,0,0.0,0,0.0,0.0,53282.15,53308.4,52783.45,53710.35,0,0.0,0.0,0.0,0.0,-0.01,-1,-1,-0.01,-1,-1,-0.01,-1,-1,-0.01,-1,-1,-0.01,-1,-1,-0.01,-1,-1,-0.01,-1,-1,-0.01,-1,-1,-0.01,-1,-1,-0.01,-1,-1
99926009,2026-05-18 11:26:47+05:30,53109.5,0,0.0,0,0.0,0.0,53282.15,53308.4,52783.45,53710.35,0,0.0,0.0,0.0,0.0,-0.01,-1,-1,-0.01,-1,-1,-0.01,-1,-1,-0.01,-1,-1,-0.01,-1,-1,-0.01,-1,-1,-0.01,-1,-1,-0.01,-1,-1,-0.01,-1,-1,-0.01,-1,-1
99926009,2026-05-18 11:26:47+05:30,53111.7,0,0.0,0,0.0,0.0,53282.15,53308.4,52783.45,53710.35,0,0.0,0.0,0.0,0.0,-0.01,-1,-1,-0.01,-1,-1,-0.01,-1,-1,-0.01,-1,-1,-0.01,-1,-1,-0.01,-1,-1,-0.01,-1,-1,-0.01,-1,-1,-0.01,-1,-1,-0.01,-1,-1
99926009,2026-05-18 11:26:48+05:30,53113.0,0,0.0,0,0.0,0.0,53282.15,53308.4,52783.45,53710.35,0,0.0,0.0,0.0,0.0,-0.01,-1,-1,-0.01,-1,-1,-0.01,-1,-1,-0.01,-1,-1,-0.01,-1,-1,-0.01,-1,-1,-0.01,-1,-1,-0.01,-1,-1,-0.01,-1,-1,-0.01,-1,-1
99926009,2026-05-18 11:26:48+05:30,53109.6,0,0.0,0,0.0,0.0,53282.15,53308.4,52783.45,53710.35,0,0.0,0.0,0.0,0.0,-0.01,-1,-1,-0.01,-1,-1,-0.01,-1,-1,-0.01,-1,-1,-0.01,-1,-1,-0.01,-1,-1,-0.01,-1,-1,-0.01,-1,-1,-0.01,-1,-1,-0.01,-1,-1
99926009,2026-05-18 11:26:49+05:30,53108.95,0,0.0,0,0.0,0.0,53282.15,53308.4,52783.45,53710.35,0,0.0,0.0,0.0,0.0,-0.01,-1,-1,-0.01,-1,-1,-0.01,-1,-1,-0.01,-1,-1,-0.01,-1,-1,-0.01,-1,-1,-0.01,-1,-1,-0.01,-1,-1,-0.01,-1,-1,-0.01,-1,-1
99926009,2026-05-18 11:26:49+05:30,53107.55,0,0.0,0,0.0,0.0,53282.15,53308.4,52783.45,53710.35,0,0.0,0.0,0.0,0.0,-0.01,-1,-1,-0.01,-1,-1,-0.01,-1,-1,-0.01,-1,-1,-0.01,-1,-1,-0.01,-1,-1,-0.01,-1,-1,-0.01,-1,-1,-0.01,-1,-1,-0.01,-1,-1
99926009,2026-05-18 11:26:50+05:30,53111.1,0,0.0,0,0.0,0.0,53282.15,53308.4,52783.45,53710.35,0,0.0,0.0,0.0,0.0,-0.01,-1,-1,-0.01,-1,-1,-0.01,-1,-1,-0.01,-1,-1,-0.01,-1,-1,-0.01,-1,-1,-0.01,-1,-1,-0.01,-1,-1,-0.01,-1,-1,-0.01,-1,-1
99926009,2026-05-18 11:26:50+05:30,53113.75,0,0.0,0,0.0,0.0,53282.15,53308.4,52783.45,53710.35,0,0.0,0.0,0.0,0.0,-0.01,-1,-1,-0.01,-1,-1,-0.01,-1,-1,-0.01,-1,-1,-0.01,-1,-1,-0.01,-1,-1,-0.01,-1,-1,-0.01,-1,-1,-0.01,-1,-1,-0.01,-1,-1
99926009,2026-05-18 11:26:51+05:30,53112.15,0,0.0,0,0.0,0.0,53282.15,53308.4,52783.45,53710.35,0,0.0,0.0,0.0,0.0,-0.01,-1,-1,-0.01,-1,-1,-0.01,-1,-1,-0.01,-1,-1,-0.01,-1,-1,-0.01,-1,-1,-0.01,-1,-1,-0.01,-1,-1,-0.01,-1,-1,-0.01,-1,-1
99926009,2026-05-18 11:26:51+05:30,53115.0,0,0.0,0,0.0,0.0,53282.15,53308.4,52783.45,53710.35,0,0.0,0.0,0.0,0.0,-0.01,-1,-1,-0.01,-1,-1,-0.01,-1,-1,-0.01,-1,-1,-0.01,-1,-1,-0.01,-1,-1,-0.01,-1,-1,-0.01,-1,-1,-0.01,-1,-1,-0.01,-1,-1
99926009,2026-05-18 11:26:52+05:30,53112.55,0,0.0,0,0.0,0.0,53282.15,53308.4,52783.45,53710.35,0,0.0,0.0,0.0,0.0,-0.01,-1,-1,-0.01,-1,-1,-0.01,-1,-1,-0.01,-1,-1,-0.01,-1,-1,-0.01,-1,-1,-0.01,-1,-1,-0.01,-1,-1,-0.01,-1,-1,-0.01,-1,-1
99926009,2026-05-18 11:26:52+05:30,53110.9,0,0.0,0,0.0,0.0,53282.15,53308.4,52783.45,53710.35,0,0.0,0.0,0.0,0.0,-0.01,-1,-1,-0.01,-1,-1,-0.01,-1,-1,-0.01,-1,-1,-0.01,-1,-1,-0.01,-1,-1,-0.01,-1,-1,-0.01,-1,-1,-0.01,-1,-1,-0.01,-1,-1
99926009,2026-05-18 11:26:53+05:30,53111.0,0,0.0,0,0.0,0.0,53282.15,53308.4,52783.45,53710.35,0,0.0,0.0,0.0,0.0,-0.01,-1,-1,-0.01,-1,-1,-0.01,-1,-1,-0.01,-1,-1,-0.01,-1,-1,-0.01,-1,-1,-0.01,-1,-1,-0.01,-1,-1,-0.01,-1,-1,-0.01,-1,-1
99926009,2026-05-18 11:26:53+05:30,53112.35,0,0.0,0,0.0,0.0,53282.15,53308.4,52783.45,53710.35,0,0.0,0.0,0.0,0.0,-0.01,-1,-1,-0.01,-1,-1,-0.01,-1,-1,-0.01,-1,-1,-0.01,-1,-1,-0.01,-1,-1,-0.01,-1,-1,-0.01,-1,-1,-0.01,-1,-1,-0.01,-1,-1
99926009,2026-05-18 11:26:54+05:30,53113.6,0,0.0,0,0.0,0.0,53282.15,53308.4,52783.45,53710.35,0,0.0,0.0,0.0,0.0,-0.01,-1,-1,-0.01,-1,-1,-0.01,-1,-1,-0.01,-1,-1,-0.01,-1,-1,-0.01,-1,-1,-0.01,-1,-1,-0.01,-1,-1,-0.01,-1,-1,-0.01,-1,-1
99926009,2026-05-18 11:26:54+05:30,53114.05,0,0.0,0,0.0,0.0,53282.15,53308.4,52783.45,53710.35,0,0.0,0.0,0.0,0.0,-0.01,-1,-1,-0.01,-1,-1,-0.01,-1,-1,-0.01,-1,-1,-0.01,-1,-1,-0.01,-1,-1,-0.01,-1,-1,-0.01,-1,-1,-0.01,-1,-1,-0.01,-1,-1
99926009,2026-05-18 11:26:55+05:30,53112.65,0,0.0,0,0.0,0.0,53282.15,53308.4,52783.45,53710.35,0,0.0,0.0,0.0,0.0,-0.01,-1,-1,-0.01,-1,-1,-0.01,-1,-1,-0.01,-1,-1,-0.01,-1,-1,-0.01,-1,-1,-0.01,-1,-1,-0.01,-1,-1,-0.01,-1,-1,-0.01,-1,-1
99926009,2026-05-18 11:26:55+05:30,53111.8,0,0.0,0,0.0,0.0,53282.15,53308.4,52783.45,53710.35,0,0.0,0.0,0.0,0.0,-0.01,-1,-1,-0.01,-1,-1,-0.01,-1,-1,-0.01,-1,-1,-0.01,-1,-1,-0.01,-1,-1,-0.01,-1,-1,-0.01,-1,-1,-0.01,-1,-1,-0.01,-1,-1
99926009,2026-05-18 11:26:56+05:30,53108.85,0,0.0,0,0.0,0.0,53282.15,53308.4,52783.45,53710.35,0,0.0,0.0,0.0,0.0,-0.01,-1,-1,-0.01,-1,-1,-0.01,-1,-1,-0.01,-1,-1,-0.01,-1,-1,-0.01,-1,-1,-0.01,-1,-1,-0.01,-1,-1,-0.01,-1,-1,-0.01,-1,-1
99926009,2026-05-18 11:26:56+05:30,53103.3,0,0.0,0,0.0,0.0,53282.15,53308.4,52783.45,53710.35,0,0.0,0.0,0.0,0.0,-0.01,-1,-1,-0.01,-1,-1,-0.01,-1,-1,-0.01,-1,-1,-0.01,-1,-1,-0.01,-1,-1,-0.01,-1,-1,-0.01,-1,-1,-0.01,-1,-1,-0.01,-1,-1
99926009,2026-05-18 11:26:57+05:30,53104.8,0,0.0,0,0.0,0.0,53282.15,53308.4,52783.45,53710.35,0,0.0,0.0,0.0,0.0,-0.01,-1,-1,-0.01,-1,-1,-0.01,-1,-1,-0.01,-1,-1,-0.01,-1,-1,-0.01,-1,-1,-0.01,-1,-1,-0.01,-1,-1,-0.01,-1,-1,-0.01,-1,-1
99926009,2026-05-18 11:26:57+05:30,53102.8,0,0.0,0,0.0,0.0,53282.15,53308.4,52783.45,53710.35,0,0.0,0.0,0.0,0.0,-0.01,-1,-1,-0.01,-1,-1,-0.01,-1,-1,-0.01,-1,-1,-0.01,-1,-1,-0.01,-1,-1,-0.01,-1,-1,-0.01,-1,-1,-0.01,-1,-1,-0.01,-1,-1
99926009,2026-05-18 11:26:58+05:30,53096.65,0,0.0,0,0.0,0.0,53282.15,53308.4,52783.45,53710.35,0,0.0,0.0,0.0,0.0,-0.01,-1,-1,-0.01,-1,-1,-0.01,-1,-1,-0.01,-1,-1,-0.01,-1,-1,-0.01,-1,-1,-0.01,-1,-1,-0.01,-1,-1,-0.01,-1,-1,-0.01,-1,-1
99926009,2026-05-18 11:26:58+05:30,53096.15,0,0.0,0,0.0,0.0,53282.15,53308.4,52783.45,53710.35,0,0.0,0.0,0.0,0.0,-0.01,-1,-1,-0.01,-1,-1,-0.01,-1,-1,-0.01,-1,-1,-0.01,-1,-1,-0.01,-1,-1,-0.01,-1,-1,-0.01,-1,-1,-0.01,-1,-1,-0.01,-1,-1
99926009,2026-05-18 11:26:59+05:30,53097.65,0,0.0,0,0.0,0.0,53282.15,53308.4,52783.45,53710.35,0,0.0,0.0,0.0,0.0,-0.01,-1,-1,-0.01,-1,-1,-0.01,-1,-1,-0.01,-1,-1,-0.01,-1,-1,-0.01,-1,-1,-0.01,-1,-1,-0.01,-1,-1,-0.01,-1,-1,-0.01,-1,-1
99926009,2026-05-18 11:26:59+05:30,53096.9,0,0.0,0,0.0,0.0,53282.15,53308.4,52783.45,53710.35,0,0.0,0.0,0.0,0.0,-0.01,-1,-1,-0.01,-1,-1,-0.01,-1,-1,-0.01,-1,-1,-0.01,-1,-1,-0.01,-1,-1,-0.01,-1,-1,-0.01,-1,-1,-0.01,-1,-1,-0.01,-1,-1
99926009,2026-05-18 11:27:00+05:30,53096.25,0,0.0,0,0.0,0.0,53282.15,53308.4,52783.45,53710.35,0,0.0,0.0,0.0,0.0,-0.01,-1,-1,-0.01,-1,-1,-0.01,-1,-1,-0.01,-1,-1,-0.01,-1,-1,-0.01,-1,-1,-0.01,-1,-1,-0.01,-1,-1,-0.01,-1,-1,-0.01,-1,-1
99926009,2026-05-18 11:27:00+05:30,53097.5,0,0.0,0,0.0,0.0,53282.15,53308.4,52783.45,53710.35,0,0.0,0.0,0.0,0.0,-0.01,-1,-1,-0.01,-1,-1,-0.01,-1,-1,-0.01,-1,-1,-0.01,-1,-1,-0.01,-1,-1,-0.01,-1,-1,-0.01,-1,-1,-0.01,-1,-1,-0.01,-1,-1
99926009,2026-05-18 11:27:01+05:30,53094.35,0,0.0,0,0.0,0.0,53282.15,53308.4,52783.45,53710.35,0,0.0,0.0,0.0,0.0,-0.01,-1,-1,-0.01,-1,-1,-0.01,-1,-1,-0.01,-1,-1,-0.01,-1,-1,-0.01,-1,-1,-0.01,-1,-1,-0.01,-1,-1,-0.01,-1,-1,-0.01,-1,-1
99926009,2026-05-18 11:27:01+05:30,53092.55,0,0.0,0,0.0,0.0,53282.15,53308.4,52783.45,53710.35,0,0.0,0.0,0.0,0.0,-0.01,-1,-1,-0.01,-1,-1,-0.01,-1,-1,-0.01,-1,-1,-0.01,-1,-1,-0.01,-1,-1,-0.01,-1,-1,-0.01,-1,-1,-0.01,-1,-1,-0.01,-1,-1
99926009,2026-05-18 11:27:02+05:30,53094.05,0,0.0,0,0.0,0.0,53282.15,53308.4,52783.45,53710.35,0,0.0,0.0,0.0,0.0,-0.01,-1,-1,-0.01,-1,-1,-0.01,-1,-1,-0.01,-1,-1,-0.01,-1,-1,-0.01,-1,-1,-0.01,-1,-1,-0.01,-1,-1,-0.01,-1,-1,-0.01,-1,-1
99926009,2026-05-18 11:27:02+05:30,53083.55,0,0.0,0,0.0,0.0,53282.15,53308.4,52783.45,53710.35,0,0.0,0.0,0.0,0.0,-0.01,-1,-1,-0.01,-1,-1,-0.01,-1,-1,-0.01,-1,-1,-0.01,-1,-1,-0.01,-1,-1,-0.01,-1,-1,-0.01,-1,-1,-0.01,-1,-1,-0.01,-1,-1
99926009,2026-05-18 11:27:03+05:30,53077.2,0,0.0,0,0.0,0.0,53282.15,53308.4,52783.45,53710.35,0,0.0,0.0,0.0,0.0,-0.01,-1,-1,-0.01,-1,-1,-0.01,-1,-1,-0.01,-1,-1,-0.01,-1,-1,-0.01,-1,-1,-0.01,-1,-1,-0.01,-1,-1,-0.01,-1,-1,-0.01,-1,-1
99926009,2026-05-18 11:27:03+05:30,53079.35,0,0.0,0,0.0,0.0,53282.15,53308.4,52783.45,53710.35,0,0.0,0.0,0.0,0.0,-0.01,-1,-1,-0.01,-1,-1,-0.01,-1,-1,-0.01,-1,-1,-0.01,-1,-1,-0.01,-1,-1,-0.01,-1,-1,-0.01,-1,-1,-0.01,-1,-1,-0.01,-1,-1
99926009,2026-05-18 11:27:04+05:30,53079.75,0,0.0,0,0.0,0.0,53282.15,53308.4,52783.45,53710.35,0,0.0,0.0,0.0,0.0,-0.01,-1,-1,-0.01,-1,-1,-0.01,-1,-1,-0.01,-1,-1,-0.01,-1,-1,-0.01,-1,-1,-0.01,-1,-1,-0.01,-1,-1,-0.01,-1,-1,-0.01,-1,-1
99926009,2026-05-18 11:27:04+05:30,53080.0,0,0.0,0,0.0,0.0,53282.15,53308.4,52783.45,53710.35,0,0.0,0.0,0.0,0.0,-0.01,-1,-1,-0.01,-1,-1,-0.01,-1,-1,-0.01,-1,-1,-0.01,-1,-1,-0.01,-1,-1,-0.01,-1,-1,-0.01,-1,-1,-0.01,-1,-1,-0.01,-1,-1
99926009,2026-05-18 11:27:05+05:30,53080.65,0,0.0,0,0.0,0.0,53282.15,53308.4,52783.45,53710.35,0,0.0,0.0,0.0,0.0,-0.01,-1,-1,-0.01,-1,-1,-0.01,-1,-1,-0.01,-1,-1,-0.01,-1,-1,-0.01,-1,-1,-0.01,-1,-1,-0.01,-1,-1,-0.01,-1,-1,-0.01,-1,-1
99926009,2026-05-18 11:27:05+05:30,53078.55,0,0.0,0,0.0,0.0,53282.15,53308.4,52783.45,53710.35,0,0.0,0.0,0.0,0.0,-0.01,-1,-1,-0.01,-1,-1,-0.01,-1,-1,-0.01,-1,-1,-0.01,-1,-1,-0.01,-1,-1,-0.01,-1,-1,-0.01,-1,-1,-0.01,-1,-1,-0.01,-1,-1
99926009,2026-05-18 11:27:06+05:30,53078.7,0,0.0,0,0.0,0.0,53282.15,53308.4,52783.45,53710.35,0,0.0,0.0,0.0,0.0,-0.01,-1,-1,-0.01,-1,-1,-0.01,-1,-1,-0.01,-1,-1,-0.01,-1,-1,-0.01,-1,-1,-0.01,-1,-1,-0.01,-1,-1,-0.01,-1,-1,-0.01,-1,-1
99926009,2026-05-18 11:27:06+05:30,53083.2,0,0.0,0,0.0,0.0,53282.15,53308.4,52783.45,53710.35,0,0.0,0.0,0.0,0.0,-0.01,-1,-1,-0.01,-1,-1,-0.01,-1,-1,-0.01,-1,-1,-0.01,-1,-1,-0.01,-1,-1,-0.01,-1,-1,-0.01,-1,-1,-0.01,-1,-1,-0.01,-1,-1
99926009,2026-05-18 11:27:07+05:30,53083.85,0,0.0,0,0.0,0.0,53282.15,53308.4,52783.45,53710.35,0,0.0,0.0,0.0,0.0,-0.01,-1,-1,-0.01,-1,-1,-0.01,-1,-1,-0.01,-1,-1,-0.01,-1,-1,-0.01,-1,-1,-0.01,-1,-1,-0.01,-1,-1,-0.01,-1,-1,-0.01,-1,-1
99926009,2026-05-18 11:27:07+05:30,53081.9,0,0.0,0,0.0,0.0,53282.15,53308.4,52783.45,53710.35,0,0.0,0.0,0.0,0.0,-0.01,-1,-1,-0.01,-1,-1,-0.01,-1,-1,-0.01,-1,-1,-0.01,-1,-1,-0.01,-1,-1,-0.01,-1,-1,-0.01,-1,-1,-0.01,-1,-1,-0.01,-1,-1
99926009,2026-05-18 11:27:08+05:30,53079.6,0,0.0,0,0.0,0.0,53282.15,53308.4,52783.45,53710.35,0,0.0,0.0,0.0,0.0,-0.01,-1,-1,-0.01,-1,-1,-0.01,-1,-1,-0.01,-1,-1,-0.01,-1,-1,-0.01,-1,-1,-0.01,-1,-1,-0.01,-1,-1,-0.01,-1,-1,-0.01,-1,-1
99926009,2026-05-18 11:27:08+05:30,53079.55,0,0.0,0,0.0,0.0,53282.15,53308.4,52783.45,53710.35,0,0.0,0.0,0.0,0.0,-0.01,-1,-1,-0.01,-1,-1,-0.01,-1,-1,-0.01,-1,-1,-0.01,-1,-1,-0.01,-1,-1,-0.01,-1,-1,-0.01,-1,-1,-0.01,-1,-1,-0.01,-1,-1
99926009,2026-05-18 11:27:09+05:30,53083.35,0,0.0,0,0.0,0.0,53282.15,53308.4,52783.45,53710.35,0,0.0,0.0,0.0,0.0,-0.01,-1,-1,-0.01,-1,-1,-0.01,-1,-1,-0.01,-1,-1,-0.01,-1,-1,-0.01,-1,-1,-0.01,-1,-1,-0.01,-1,-1,-0.01,-1,-1,-0.01,-1,-1
99926009,2026-05-18 11:27:09+05:30,53085.3,0,0.0,0,0.0,0.0,53282.15,53308.4,52783.45,53710.35,0,0.0,0.0,0.0,0.0,-0.01,-1,-1,-0.01,-1,-1,-0.01,-1,-1,-0.01,-1,-1,-0.01,-1,-1,-0.01,-1,-1,-0.01,-1,-1,-0.01,-1,-1,-0.01,-1,-1,-0.01,-1,-1
99926009,2026-05-18 11:27:10+05:30,53087.35,0,0.0,0,0.0,0.0,53282.15,53308.4,52783.45,53710.35,0,0.0,0.0,0.0,0.0,-0.01,-1,-1,-0.01,-1,-1,-0.01,-1,-1,-0.01,-1,-1,-0.01,-1,-1,-0.01,-1,-1,-0.01,-1,-1,-0.01,-1,-1,-0.01,-1,-1,-0.01,-1,-1
99926009,2026-05-18 11:27:10+05:30,53088.7,0,0.0,0,0.0,0.0,53282.15,53308.4,52783.45,53710.35,0,0.0,0.0,0.0,0.0,-0.01,-1,-1,-0.01,-1,-1,-0.01,-1,-1,-0.01,-1,-1,-0.01,-1,-1,-0.01,-1,-1,-0.01,-1,-1,-0.01,-1,-1,-0.01,-1,-1,-0.01,-1,-1
99926009,2026-05-18 11:27:11+05:30,53089.5,0,0.0,0,0.0,0.0,53282.15,53308.4,52783.45,53710.35,0,0.0,0.0,0.0,0.0,-0.01,-1,-1,-0.01,-1,-1,-0.01,-1,-1,-0.01,-1,-1,-0.01,-1,-1,-0.01,-1,-1,-0.01,-1,-1,-0.01,-1,-1,-0.01,-1,-1,-0.01,-1,-1
99926009,2026-05-18 11:27:11+05:30,53088.65,0,0.0,0,0.0,0.0,53282.15,53308.4,52783.45,53710.35,0,0.0,0.0,0.0,0.0,-0.01,-1,-1,-0.01,-1,-1,-0.01,-1,-1,-0.01,-1,-1,-0.01,-1,-1,-0.01,-1,-1,-0.01,-1,-1,-0.01,-1,-1,-0.01,-1,-1,-0.01,-1,-1
99926009,2026-05-18 11:27:12+05:30,53086.15,0,0.0,0,0.0,0.0,53282.15,53308.4,52783.45,53710.35,0,0.0,0.0,0.0,0.0,-0.01,-1,-1,-0.01,-1,-1,-0.01,-1,-1,-0.01,-1,-1,-0.01,-1,-1,-0.01,-1,-1,-0.01,-1,-1,-0.01,-1,-1,-0.01,-1,-1,-0.01,-1,-1
99926009,2026-05-18 11:27:12+05:30,53089.2,0,0.0,0,0.0,0.0,53282.15,53308.4,52783.45,53710.35,0,0.0,0.0,0.0,0.0,-0.01,-1,-1,-0.01,-1,-1,-0.01,-1,-1,-0.01,-1,-1,-0.01,-1,-1,-0.01,-1,-1,-0.01,-1,-1,-0.01,-1,-1,-0.01,-1,-1,-0.01,-1,-1
99926009,2026-05-18 11:27:13+05:30,53088.7,0,0.0,0,0.0,0.0,53282.15,53308.4,52783.45,53710.35,0,0.0,0.0,0.0,0.0,-0.01,-1,-1,-0.01,-1,-1,-0.01,-1,-1,-0.01,-1,-1,-0.01,-1,-1,-0.01,-1,-1,-0.01,-1,-1,-0.01,-1,-1,-0.01,-1,-1,-0.01,-1,-1
99926009,2026-05-18 11:27:13+05:30,53088.2,0,0.0,0,0.0,0.0,53282.15,53308.4,52783.45,53710.35,0,0.0,0.0,0.0,0.0,-0.01,-1,-1,-0.01,-1,-1,-0.01,-1,-1,-0.01,-1,-1,-0.01,-1,-1,-0.01,-1,-1,-0.01,-1,-1,-0.01,-1,-1,-0.01,-1,-1,-0.01,-1,-1
99926009,2026-05-18 11:27:14+05:30,53085.05,0,0.0,0,0.0,0.0,53282.15,53308.4,52783.45,53710.35,0,0.0,0.0,0.0,0.0,-0.01,-1,-1,-0.01,-1,-1,-0.01,-1,-1,-0.01,-1,-1,-0.01,-1,-1,-0.01,-1,-1,-0.01,-1,-1,-0.01,-1,-1,-0.01,-1,-1,-0.01,-1,-1
99926009,2026-05-18 11:27:14+05:30,53082.25,0,0.0,0,0.0,0.0,53282.15,53308.4,52783.45,53710.35,0,0.0,0.0,0.0,0.0,-0.01,-1,-1,-0.01,-1,-1,-0.01,-1,-1,-0.01,-1,-1,-0.01,-1,-1,-0.01,-1,-1,-0.01,-1,-1,-0.01,-1,-1,-0.01,-1,-1,-0.01,-1,-1
99926009,2026-05-18 11:27:15+05:30,53079.5,0,0.0,0,0.0,0.0,53282.15,53308.4,52783.45,53710.35,0,0.0,0.0,0.0,0.0,-0.01,-1,-1,-0.01,-1,-1,-0.01,-1,-1,-0.01,-1,-1,-0.01,-1,-1,-0.01,-1,-1,-0.01,-1,-1,-0.01,-1,-1,-0.01,-1,-1,-0.01,-1,-1
99926009,2026-05-18 11:27:15+05:30,53079.9,0,0.0,0,0.0,0.0,53282.15,53308.4,52783.45,53710.35,0,0.0,0.0,0.0,0.0,-0.01,-1,-1,-0.01,-1,-1,-0.01,-1,-1,-0.01,-1,-1,-0.01,-1,-1,-0.01,-1,-1,-0.01,-1,-1,-0.01,-1,-1,-0.01,-1,-1,-0.01,-1,-1
99926009,2026-05-18 11:27:16+05:30,53081.75,0,0.0,0,0.0,0.0,53282.15,53308.4,52783.45,53710.35,0,0.0,0.0,0.0,0.0,-0.01,-1,-1,-0.01,-1,-1,-0.01,-1,-1,-0.01,-1,-1,-0.01,-1,-1,-0.01,-1,-1,-0.01,-1,-1,-0.01,-1,-1,-0.01,-1,-1,-0.01,-1,-1
99926009,2026-05-18 11:27:16+05:30,53086.1,0,0.0,0,0.0,0.0,53282.15,53308.4,52783.45,53710.35,0,0.0,0.0,0.0,0.0,-0.01,-1,-1,-0.01,-1,-1,-0.01,-1,-1,-0.01,-1,-1,-0.01,-1,-1,-0.01,-1,-1,-0.01,-1,-1,-0.01,-1,-1,-0.01,-1,-1,-0.01,-1,-1
99926009,2026-05-18 11:27:17+05:30,53088.75,0,0.0,0,0.0,0.0,53282.15,53308.4,52783.45,53710.35,0,0.0,0.0,0.0,0.0,-0.01,-1,-1,-0.01,-1,-1,-0.01,-1,-1,-0.01,-1,-1,-0.01,-1,-1,-0.01,-1,-1,-0.01,-1,-1,-0.01,-1,-1,-0.01,-1,-1,-0.01,-1,-1
99926009,2026-05-18 11:27:17+05:30,53087.85,0,0.0,0,0.0,0.0,53282.15,53308.4,52783.45,53710.35,0,0.0,0.0,0.0,0.0,-0.01,-1,-1,-0.01,-1,-1,-0.01,-1,-1,-0.01,-1,-1,-0.01,-1,-1,-0.01,-1,-1,-0.01,-1,-1,-0.01,-1,-1,-0.01,-1,-1,-0.01,-1,-1
99926009,2026-05-18 11:27:18+05:30,53091.4,0,0.0,0,0.0,0.0,53282.15,53308.4,52783.45,53710.35,0,0.0,0.0,0.0,0.0,-0.01,-1,-1,-0.01,-1,-1,-0.01,-1,-1,-0.01,-1,-1,-0.01,-1,-1,-0.01,-1,-1,-0.01,-1,-1,-0.01,-1,-1,-0.01,-1,-1,-0.01,-1,-1
99926009,2026-05-18 11:27:18+05:30,53092.5,0,0.0,0,0.0,0.0,53282.15,53308.4,52783.45,53710.35,0,0.0,0.0,0.0,0.0,-0.01,-1,-1,-0.01,-1,-1,-0.01,-1,-1,-0.01,-1,-1,-0.01,-1,-1,-0.01,-1,-1,-0.01,-1,-1,-0.01,-1,-1,-0.01,-1,-1,-0.01,-1,-1
99926009,2026-05-18 11:27:19+05:30,53090.85,0,0.0,0,0.0,0.0,53282.15,53308.4,52783.45,53710.35,0,0.0,0.0,0.0,0.0,-0.01,-1,-1,-0.01,-1,-1,-0.01,-1,-1,-0.01,-1,-1,-0.01,-1,-1,-0.01,-1,-1,-0.01,-1,-1,-0.01,-1,-1,-0.01,-1,-1,-0.01,-1,-1
99926009,2026-05-18 11:27:19+05:30,53091.8,0,0.0,0,0.0,0.0,53282.15,53308.4,52783.45,53710.35,0,0.0,0.0,0.0,0.0,-0.01,-1,-1,-0.01,-1,-1,-0.01,-1,-1,-0.01,-1,-1,-0.01,-1,-1,-0.01,-1,-1,-0.01,-1,-1,-0.01,-1,-1,-0.01,-1,-1,-0.01,-1,-1
99926009,2026-05-18 11:27:20+05:30,53091.75,0,0.0,0,0.0,0.0,53282.15,53308.4,52783.45,53710.35,0,0.0,0.0,0.0,0.0,-0.01,-1,-1,-0.01,-1,-1,-0.01,-1,-1,-0.01,-1,-1,-0.01,-1,-1,-0.01,-1,-1,-0.01,-1,-1,-0.01,-1,-1,-0.01,-1,-1,-0.01,-1,-1
99926009,2026-05-18 11:27:20+05:30,53092.5,0,0.0,0,0.0,0.0,53282.15,53308.4,52783.45,53710.35,0,0.0,0.0,0.0,0.0,-0.01,-1,-1,-0.01,-1,-1,-0.01,-1,-1,-0.01,-1,-1,-0.01,-1,-1,-0.01,-1,-1,-0.01,-1,-1,-0.01,-1,-1,-0.01,-1,-1,-0.01,-1,-1
99926009,2026-05-18 11:27:21+05:30,53093.6,0,0.0,0,0.0,0.0,53282.15,53308.4,52783.45,53710.35,0,0.0,0.0,0.0,0.0,-0.01,-1,-1,-0.01,-1,-1,-0.01,-1,-1,-0.01,-1,-1,-0.01,-1,-1,-0.01,-1,-1,-0.01,-1,-1,-0.01,-1,-1,-0.01,-1,-1,-0.01,-1,-1
99926009,2026-05-18 11:27:21+05:30,53094.65,0,0.0,0,0.0,0.0,53282.15,53308.4,52783.45,53710.35,0,0.0,0.0,0.0,0.0,-0.01,-1,-1,-0.01,-1,-1,-0.01,-1,-1,-0.01,-1,-1,-0.01,-1,-1,-0.01,-1,-1,-0.01,-1,-1,-0.01,-1,-1,-0.01,-1,-1,-0.01,-1,-1
99926009,2026-05-18 11:27:22+05:30,53092.3,0,0.0,0,0.0,0.0,53282.15,53308.4,52783.45,53710.35,0,0.0,0.0,0.0,0.0,-0.01,-1,-1,-0.01,-1,-1,-0.01,-1,-1,-0.01,-1,-1,-0.01,-1,-1,-0.01,-1,-1,-0.01,-1,-1,-0.01,-1,-1,-0.01,-1,-1,-0.01,-1,-1
99926009,2026-05-18 11:27:22+05:30,53093.35,0,0.0,0,0.0,0.0,53282.15,53308.4,52783.45,53710.35,0,0.0,0.0,0.0,0.0,-0.01,-1,-1,-0.01,-1,-1,-0.01,-1,-1,-0.01,-1,-1,-0.01,-1,-1,-0.01,-1,-1,-0.01,-1,-1,-0.01,-1,-1,-0.01,-1,-1,-0.01,-1,-1
99926009,2026-05-18 11:27:23+05:30,53096.8,0,0.0,0,0.0,0.0,53282.15,53308.4,52783.45,53710.35,0,0.0,0.0,0.0,0.0,-0.01,-1,-1,-0.01,-1,-1,-0.01,-1,-1,-0.01,-1,-1,-0.01,-1,-1,-0.01,-1,-1,-0.01,-1,-1,-0.01,-1,-1,-0.01,-1,-1,-0.01,-1,-1
99926009,2026-05-18 11:27:23+05:30,53098.35,0,0.0,0,0.0,0.0,53282.15,53308.4,52783.45,53710.35,0,0.0,0.0,0.0,0.0,-0.01,-1,-1,-0.01,-1,-1,-0.01,-1,-1,-0.01,-1,-1,-0.01,-1,-1,-0.01,-1,-1,-0.01,-1,-1,-0.01,-1,-1,-0.01,-1,-1,-0.01,-1,-1
99926009,2026-05-18 11:27:24+05:30,53097.85,0,0.0,0,0.0,0.0,53282.15,53308.4,52783.45,53710.35,0,0.0,0.0,0.0,0.0,-0.01,-1,-1,-0.01,-1,-1,-0.01,-1,-1,-0.01,-1,-1,-0.01,-1,-1,-0.01,-1,-1,-0.01,-1,-1,-0.01,-1,-1,-0.01,-1,-1,-0.01,-1,-1
99926009,2026-05-18 11:27:24+05:30,53097.75,0,0.0,0,0.0,0.0,53282.15,53308.4,52783.45,53710.35,0,0.0,0.0,0.0,0.0,-0.01,-1,-1,-0.01,-1,-1,-0.01,-1,-1,-0.01,-1,-1,-0.01,-1,-1,-0.01,-1,-1,-0.01,-1,-1,-0.01,-1,-1,-0.01,-1,-1,-0.01,-1,-1
99926009,2026-05-18 11:27:25+05:30,53099.0,0,0.0,0,0.0,0.0,53282.15,53308.4,52783.45,53710.35,0,0.0,0.0,0.0,0.0,-0.01,-1,-1,-0.01,-1,-1,-0.01,-1,-1,-0.01,-1,-1,-0.01,-1,-1,-0.01,-1,-1,-0.01,-1,-1,-0.01,-1,-1,-0.01,-1,-1,-0.01,-1,-1
99926009,2026-05-18 11:27:25+05:30,53102.4,0,0.0,0,0.0,0.0,53282.15,53308.4,52783.45,53710.35,0,0.0,0.0,0.0,0.0,-0.01,-1,-1,-0.01,-1,-1,-0.01,-1,-1,-0.01,-1,-1,-0.01,-1,-1,-0.01,-1,-1,-0.01,-1,-1,-0.01,-1,-1,-0.01,-1,-1,-0.01,-1,-1
99926009,2026-05-18 11:27:26+05:30,53102.25,0,0.0,0,0.0,0.0,53282.15,53308.4,52783.45,53710.35,0,0.0,0.0,0.0,0.0,-0.01,-1,-1,-0.01,-1,-1,-0.01,-1,-1,-0.01,-1,-1,-0.01,-1,-1,-0.01,-1,-1,-0.01,-1,-1,-0.01,-1,-1,-0.01,-1,-1,-0.01,-1,-1
99926009,2026-05-18 11:27:26+05:30,53103.05,0,0.0,0,0.0,0.0,53282.15,53308.4,52783.45,53710.35,0,0.0,0.0,0.0,0.0,-0.01,-1,-1,-0.01,-1,-1,-0.01,-1,-1,-0.01,-1,-1,-0.01,-1,-1,-0.01,-1,-1,-0.01,-1,-1,-0.01,-1,-1,-0.01,-1,-1,-0.01,-1,-1
99926009,2026-05-18 11:27:27+05:30,53103.25,0,0.0,0,0.0,0.0,53282.15,53308.4,52783.45,53710.35,0,0.0,0.0,0.0,0.0,-0.01,-1,-1,-0.01,-1,-1,-0.01,-1,-1,-0.01,-1,-1,-0.01,-1,-1,-0.01,-1,-1,-0.01,-1,-1,-0.01,-1,-1,-0.01,-1,-1,-0.01,-1,-1
99926009,2026-05-18 11:27:27+05:30,53106.0,0,0.0,0,0.0,0.0,53282.15,53308.4,52783.45,53710.35,0,0.0,0.0,0.0,0.0,-0.01,-1,-1,-0.01,-1,-1,-0.01,-1,-1,-0.01,-1,-1,-0.01,-1,-1,-0.01,-1,-1,-0.01,-1,-1,-0.01,-1,-1,-0.01,-1,-1,-0.01,-1,-1
99926009,2026-05-18 11:27:28+05:30,53104.65,0,0.0,0,0.0,0.0,53282.15,53308.4,52783.45,53710.35,0,0.0,0.0,0.0,0.0,-0.01,-1,-1,-0.01,-1,-1,-0.01,-1,-1,-0.01,-1,-1,-0.01,-1,-1,-0.01,-1,-1,-0.01,-1,-1,-0.01,-1,-1,-0.01,-1,-1,-0.01,-1,-1
99926009,2026-05-18 11:27:28+05:30,53103.25,0,0.0,0,0.0,0.0,53282.15,53308.4,52783.45,53710.35,0,0.0,0.0,0.0,0.0,-0.01,-1,-1,-0.01,-1,-1,-0.01,-1,-1,-0.01,-1,-1,-0.01,-1,-1,-0.01,-1,-1,-0.01,-1,-1,-0.01,-1,-1,-0.01,-1,-1,-0.01,-1,-1
99926009,2026-05-18 11:27:29+05:30,53102.55,0,0.0,0,0.0,0.0,53282.15,53308.4,52783.45,53710.35,0,0.0,0.0,0.0,0.0,-0.01,-1,-1,-0.01,-1,-1,-0.01,-1,-1,-0.01,-1,-1,-0.01,-1,-1,-0.01,-1,-1,-0.01,-1,-1,-0.01,-1,-1,-0.01,-1,-1,-0.01,-1,-1
99926009,2026-05-18 11:27:29+05:30,53105.4,0,0.0,0,0.0,0.0,53282.15,53308.4,52783.45,53710.35,0,0.0,0.0,0.0,0.0,-0.01,-1,-1,-0.01,-1,-1,-0.01,-1,-1,-0.01,-1,-1,-0.01,-1,-1,-0.01,-1,-1,-0.01,-1,-1,-0.01,-1,-1,-0.01,-1,-1,-0.01,-1,-1
99926009,2026-05-18 11:27:30+05:30,53103.45,0,0.0,0,0.0,0.0,53282.15,53308.4,52783.45,53710.35,0,0.0,0.0,0.0,0.0,-0.01,-1,-1,-0.01,-1,-1,-0.01,-1,-1,-0.01,-1,-1,-0.01,-1,-1,-0.01,-1,-1,-0.01,-1,-1,-0.01,-1,-1,-0.01,-1,-1,-0.01,-1,-1
99926009,2026-05-18 11:27:30+05:30,53106.65,0,0.0,0,0.0,0.0,53282.15,53308.4,52783.45,53710.35,0,0.0,0.0,0.0,0.0,-0.01,-1,-1,-0.01,-1,-1,-0.01,-1,-1,-0.01,-1,-1,-0.01,-1,-1,-0.01,-1,-1,-0.01,-1,-1,-0.01,-1,-1,-0.01,-1,-1,-0.01,-1,-1
99926009,2026-05-18 11:27:31+05:30,53106.95,0,0.0,0,0.0,0.0,53282.15,53308.4,52783.45,53710.35,0,0.0,0.0,0.0,0.0,-0.01,-1,-1,-0.01,-1,-1,-0.01,-1,-1,-0.01,-1,-1,-0.01,-1,-1,-0.01,-1,-1,-0.01,-1,-1,-0.01,-1,-1,-0.01,-1,-1,-0.01,-1,-1
99926009,2026-05-18 11:27:31+05:30,53109.55,0,0.0,0,0.0,0.0,53282.15,53308.4,52783.45,53710.35,0,0.0,0.0,0.0,0.0,-0.01,-1,-1,-0.01,-1,-1,-0.01,-1,-1,-0.01,-1,-1,-0.01,-1,-1,-0.01,-1,-1,-0.01,-1,-1,-0.01,-1,-1,-0.01,-1,-1,-0.01,-1,-1
99926009,2026-05-18 11:27:32+05:30,53108.1,0,0.0,0,0.0,0.0,53282.15,53308.4,52783.45,53710.35,0,0.0,0.0,0.0,0.0,-0.01,-1,-1,-0.01,-1,-1,-0.01,-1,-1,-0.01,-1,-1,-0.01,-1,-1,-0.01,-1,-1,-0.01,-1,-1,-0.01,-1,-1,-0.01,-1,-1,-0.01,-1,-1
99926009,2026-05-18 11:27:32+05:30,53106.75,0,0.0,0,0.0,0.0,53282.15,53308.4,52783.45,53710.35,0,0.0,0.0,0.0,0.0,-0.01,-1,-1,-0.01,-1,-1,-0.01,-1,-1,-0.01,-1,-1,-0.01,-1,-1,-0.01,-1,-1,-0.01,-1,-1,-0.01,-1,-1,-0.01,-1,-1,-0.01,-1,-1
99926009,2026-05-18 11:27:33+05:30,53107.3,0,0.0,0,0.0,0.0,53282.15,53308.4,52783.45,53710.35,0,0.0,0.0,0.0,0.0,-0.01,-1,-1,-0.01,-1,-1,-0.01,-1,-1,-0.01,-1,-1,-0.01,-1,-1,-0.01,-1,-1,-0.01,-1,-1,-0.01,-1,-1,-0.01,-1,-1,-0.01,-1,-1
99926009,2026-05-18 11:27:33+05:30,53106.9,0,0.0,0,0.0,0.0,53282.15,53308.4,52783.45,53710.35,0,0.0,0.0,0.0,0.0,-0.01,-1,-1,-0.01,-1,-1,-0.01,-1,-1,-0.01,-1,-1,-0.01,-1,-1,-0.01,-1,-1,-0.01,-1,-1,-0.01,-1,-1,-0.01,-1,-1,-0.01,-1,-1
99926009,2026-05-18 11:27:34+05:30,53106.65,0,0.0,0,0.0,0.0,53282.15,53308.4,52783.45,53710.35,0,0.0,0.0,0.0,0.0,-0.01,-1,-1,-0.01,-1,-1,-0.01,-1,-1,-0.01,-1,-1,-0.01,-1,-1,-0.01,-1,-1,-0.01,-1,-1,-0.01,-1,-1,-0.01,-1,-1,-0.01,-1,-1
99926009,2026-05-18 11:27:34+05:30,53106.7,0,0.0,0,0.0,0.0,53282.15,53308.4,52783.45,53710.35,0,0.0,0.0,0.0,0.0,-0.01,-1,-1,-0.01,-1,-1,-0.01,-1,-1,-0.01,-1,-1,-0.01,-1,-1,-0.01,-1,-1,-0.01,-1,-1,-0.01,-1,-1,-0.01,-1,-1,-0.01,-1,-1
99926009,2026-05-18 11:27:35+05:30,53107.4,0,0.0,0,0.0,0.0,53282.15,53308.4,52783.45,53710.35,0,0.0,0.0,0.0,0.0,-0.01,-1,-1,-0.01,-1,-1,-0.01,-1,-1,-0.01,-1,-1,-0.01,-1,-1,-0.01,-1,-1,-0.01,-1,-1,-0.01,-1,-1,-0.01,-1,-1,-0.01,-1,-1
99926009,2026-05-18 11:27:35+05:30,53109.0,0,0.0,0,0.0,0.0,53282.15,53308.4,52783.45,53710.35,0,0.0,0.0,0.0,0.0,-0.01,-1,-1,-0.01,-1,-1,-0.01,-1,-1,-0.01,-1,-1,-0.01,-1,-1,-0.01,-1,-1,-0.01,-1,-1,-0.01,-1,-1,-0.01,-1,-1,-0.01,-1,-1
99926009,2026-05-18 11:27:36+05:30,53109.7,0,0.0,0,0.0,0.0,53282.15,53308.4,52783.45,53710.35,0,0.0,0.0,0.0,0.0,-0.01,-1,-1,-0.01,-1,-1,-0.01,-1,-1,-0.01,-1,-1,-0.01,-1,-1,-0.01,-1,-1,-0.01,-1,-1,-0.01,-1,-1,-0.01,-1,-1,-0.01,-1,-1
99926009,2026-05-18 11:27:36+05:30,53110.0,0,0.0,0,0.0,0.0,53282.15,53308.4,52783.45,53710.35,0,0.0,0.0,0.0,0.0,-0.01,-1,-1,-0.01,-1,-1,-0.01,-1,-1,-0.01,-1,-1,-0.01,-1,-1,-0.01,-1,-1,-0.01,-1,-1,-0.01,-1,-1,-0.01,-1,-1,-0.01,-1,-1
99926009,2026-05-18 11:27:37+05:30,53110.2,0,0.0,0,0.0,0.0,53282.15,53308.4,52783.45,53710.35,0,0.0,0.0,0.0,0.0,-0.01,-1,-1,-0.01,-1,-1,-0.01,-1,-1,-0.01,-1,-1,-0.01,-1,-1,-0.01,-1,-1,-0.01,-1,-1,-0.01,-1,-1,-0.01,-1,-1,-0.01,-1,-1
99926009,2026-05-18 11:27:37+05:30,53109.85,0,0.0,0,0.0,0.0,53282.15,53308.4,52783.45,53710.35,0,0.0,0.0,0.0,0.0,-0.01,-1,-1,-0.01,-1,-1,-0.01,-1,-1,-0.01,-1,-1,-0.01,-1,-1,-0.01,-1,-1,-0.01,-1,-1,-0.01,-1,-1,-0.01,-1,-1,-0.01,-1,-1
99926009,2026-05-18 11:27:38+05:30,53108.8,0,0.0,0,0.0,0.0,53282.15,53308.4,52783.45,53710.35,0,0.0,0.0,0.0,0.0,-0.01,-1,-1,-0.01,-1,-1,-0.01,-1,-1,-0.01,-1,-1,-0.01,-1,-1,-0.01,-1,-1,-0.01,-1,-1,-0.01,-1,-1,-0.01,-1,-1,-0.01,-1,-1
99926009,2026-05-18 11:27:38+05:30,53110.05,0,0.0,0,0.0,0.0,53282.15,53308.4,52783.45,53710.35,0,0.0,0.0,0.0,0.0,-0.01,-1,-1,-0.01,-1,-1,-0.01,-1,-1,-0.01,-1,-1,-0.01,-1,-1,-0.01,-1,-1,-0.01,-1,-1,-0.01,-1,-1,-0.01,-1,-1,-0.01,-1,-1
99926009,2026-05-18 11:27:39+05:30,53106.75,0,0.0,0,0.0,0.0,53282.15,53308.4,52783.45,53710.35,0,0.0,0.0,0.0,0.0,-0.01,-1,-1,-0.01,-1,-1,-0.01,-1,-1,-0.01,-1,-1,-0.01,-1,-1,-0.01,-1,-1,-0.01,-1,-1,-0.01,-1,-1,-0.01,-1,-1,-0.01,-1,-1
99926009,2026-05-18 11:27:39+05:30,53107.1,0,0.0,0,0.0,0.0,53282.15,53308.4,52783.45,53710.35,0,0.0,0.0,0.0,0.0,-0.01,-1,-1,-0.01,-1,-1,-0.01,-1,-1,-0.01,-1,-1,-0.01,-1,-1,-0.01,-1,-1,-0.01,-1,-1,-0.01,-1,-1,-0.01,-1,-1,-0.01,-1,-1
99926009,2026-05-18 11:27:40+05:30,53107.25,0,0.0,0,0.0,0.0,53282.15,53308.4,52783.45,53710.35,0,0.0,0.0,0.0,0.0,-0.01,-1,-1,-0.01,-1,-1,-0.01,-1,-1,-0.01,-1,-1,-0.01,-1,-1,-0.01,-1,-1,-0.01,-1,-1,-0.01,-1,-1,-0.01,-1,-1,-0.01,-1,-1
99926009,2026-05-18 11:27:40+05:30,53108.75,0,0.0,0,0.0,0.0,53282.15,53308.4,52783.45,53710.35,0,0.0,0.0,0.0,0.0,-0.01,-1,-1,-0.01,-1,-1,-0.01,-1,-1,-0.01,-1,-1,-0.01,-1,-1,-0.01,-1,-1,-0.01,-1,-1,-0.01,-1,-1,-0.01,-1,-1,-0.01,-1,-1
99926009,2026-05-18 11:27:41+05:30,53108.35,0,0.0,0,0.0,0.0,53282.15,53308.4,52783.45,53710.35,0,0.0,0.0,0.0,0.0,-0.01,-1,-1,-0.01,-1,-1,-0.01,-1,-1,-0.01,-1,-1,-0.01,-1,-1,-0.01,-1,-1,-0.01,-1,-1,-0.01,-1,-1,-0.01,-1,-1,-0.01,-1,-1
99926009,2026-05-18 11:27:41+05:30,53107.55,0,0.0,0,0.0,0.0,53282.15,53308.4,52783.45,53710.35,0,0.0,0.0,0.0,0.0,-0.01,-1,-1,-0.01,-1,-1,-0.01,-1,-1,-0.01,-1,-1,-0.01,-1,-1,-0.01,-1,-1,-0.01,-1,-1,-0.01,-1,-1,-0.01,-1,-1,-0.01,-1,-1
99926009,2026-05-18 11:27:42+05:30,53109.9,0,0.0,0,0.0,0.0,53282.15,53308.4,52783.45,53710.35,0,0.0,0.0,0.0,0.0,-0.01,-1,-1,-0.01,-1,-1,-0.01,-1,-1,-0.01,-1,-1,-0.01,-1,-1,-0.01,-1,-1,-0.01,-1,-1,-0.01,-1,-1,-0.01,-1,-1,-0.01,-1,-1
99926009,2026-05-18 11:27:42+05:30,53108.75,0,0.0,0,0.0,0.0,53282.15,53308.4,52783.45,53710.35,0,0.0,0.0,0.0,0.0,-0.01,-1,-1,-0.01,-1,-1,-0.01,-1,-1,-0.01,-1,-1,-0.01,-1,-1,-0.01,-1,-1,-0.01,-1,-1,-0.01,-1,-1,-0.01,-1,-1,-0.01,-1,-1
99926009,2026-05-18 11:27:43+05:30,53109.65,0,0.0,0,0.0,0.0,53282.15,53308.4,52783.45,53710.35,0,0.0,0.0,0.0,0.0,-0.01,-1,-1,-0.01,-1,-1,-0.01,-1,-1,-0.01,-1,-1,-0.01,-1,-1,-0.01,-1,-1,-0.01,-1,-1,-0.01,-1,-1,-0.01,-1,-1,-0.01,-1,-1
99926009,2026-05-18 11:27:43+05:30,53107.5,0,0.0,0,0.0,0.0,53282.15,53308.4,52783.45,53710.35,0,0.0,0.0,0.0,0.0,-0.01,-1,-1,-0.01,-1,-1,-0.01,-1,-1,-0.01,-1,-1,-0.01,-1,-1,-0.01,-1,-1,-0.01,-1,-1,-0.01,-1,-1,-0.01,-1,-1,-0.01,-1,-1
99926009,2026-05-18 11:27:44+05:30,53108.95,0,0.0,0,0.0,0.0,53282.15,53308.4,52783.45,53710.35,0,0.0,0.0,0.0,0.0,-0.01,-1,-1,-0.01,-1,-1,-0.01,-1,-1,-0.01,-1,-1,-0.01,-1,-1,-0.01,-1,-1,-0.01,-1,-1,-0.01,-1,-1,-0.01,-1,-1,-0.01,-1,-1
99926009,2026-05-18 11:27:44+05:30,53108.35,0,0.0,0,0.0,0.0,53282.15,53308.4,52783.45,53710.35,0,0.0,0.0,0.0,0.0,-0.01,-1,-1,-0.01,-1,-1,-0.01,-1,-1,-0.01,-1,-1,-0.01,-1,-1,-0.01,-1,-1,-0.01,-1,-1,-0.01,-1,-1,-0.01,-1,-1,-0.01,-1,-1
99926009,2026-05-18 11:27:45+05:30,53108.4,0,0.0,0,0.0,0.0,53282.15,53308.4,52783.45,53710.35,0,0.0,0.0,0.0,0.0,-0.01,-1,-1,-0.01,-1,-1,-0.01,-1,-1,-0.01,-1,-1,-0.01,-1,-1,-0.01,-1,-1,-0.01,-1,-1,-0.01,-1,-1,-0.01,-1,-1,-0.01,-1,-1
99926009,2026-05-18 11:27:45+05:30,53110.55,0,0.0,0,0.0,0.0,53282.15,53308.4,52783.45,53710.35,0,0.0,0.0,0.0,0.0,-0.01,-1,-1,-0.01,-1,-1,-0.01,-1,-1,-0.01,-1,-1,-0.01,-1,-1,-0.01,-1,-1,-0.01,-1,-1,-0.01,-1,-1,-0.01,-1,-1,-0.01,-1,-1
99926009,2026-05-18 11:27:46+05:30,53111.6,0,0.0,0,0.0,0.0,53282.15,53308.4,52783.45,53710.35,0,0.0,0.0,0.0,0.0,-0.01,-1,-1,-0.01,-1,-1,-0.01,-1,-1,-0.01,-1,-1,-0.01,-1,-1,-0.01,-1,-1,-0.01,-1,-1,-0.01,-1,-1,-0.01,-1,-1,-0.01,-1,-1
99926009,2026-05-18 11:27:46+05:30,53112.35,0,0.0,0,0.0,0.0,53282.15,53308.4,52783.45,53710.35,0,0.0,0.0,0.0,0.0,-0.01,-1,-1,-0.01,-1,-1,-0.01,-1,-1,-0.01,-1,-1,-0.01,-1,-1,-0.01,-1,-1,-0.01,-1,-1,-0.01,-1,-1,-0.01,-1,-1,-0.01,-1,-1
99926009,2026-05-18 11:27:47+05:30,53110.5,0,0.0,0,0.0,0.0,53282.15,53308.4,52783.45,53710.35,0,0.0,0.0,0.0,0.0,-0.01,-1,-1,-0.01,-1,-1,-0.01,-1,-1,-0.01,-1,-1,-0.01,-1,-1,-0.01,-1,-1,-0.01,-1,-1,-0.01,-1,-1,-0.01,-1,-1,-0.01,-1,-1
99926009,2026-05-18 11:27:47+05:30,53112.5,0,0.0,0,0.0,0.0,53282.15,53308.4,52783.45,53710.35,0,0.0,0.0,0.0,0.0,-0.01,-1,-1,-0.01,-1,-1,-0.01,-1,-1,-0.01,-1,-1,-0.01,-1,-1,-0.01,-1,-1,-0.01,-1,-1,-0.01,-1,-1,-0.01,-1,-1,-0.01,-1,-1
99926009,2026-05-18 11:27:48+05:30,53110.15,0,0.0,0,0.0,0.0,53282.15,53308.4,52783.45,53710.35,0,0.0,0.0,0.0,0.0,-0.01,-1,-1,-0.01,-1,-1,-0.01,-1,-1,-0.01,-1,-1,-0.01,-1,-1,-0.01,-1,-1,-0.01,-1,-1,-0.01,-1,-1,-0.01,-1,-1,-0.01,-1,-1
99926009,2026-05-18 11:27:48+05:30,53106.95,0,0.0,0,0.0,0.0,53282.15,53308.4,52783.45,53710.35,0,0.0,0.0,0.0,0.0,-0.01,-1,-1,-0.01,-1,-1,-0.01,-1,-1,-0.01,-1,-1,-0.01,-1,-1,-0.01,-1,-1,-0.01,-1,-1,-0.01,-1,-1,-0.01,-1,-1,-0.01,-1,-1
99926009,2026-05-18 11:27:49+05:30,53104.4,0,0.0,0,0.0,0.0,53282.15,53308.4,52783.45,53710.35,0,0.0,0.0,0.0,0.0,-0.01,-1,-1,-0.01,-1,-1,-0.01,-1,-1,-0.01,-1,-1,-0.01,-1,-1,-0.01,-1,-1,-0.01,-1,-1,-0.01,-1,-1,-0.01,-1,-1,-0.01,-1,-1
99926009,2026-05-18 11:27:49+05:30,53107.3,0,0.0,0,0.0,0.0,53282.15,53308.4,52783.45,53710.35,0,0.0,0.0,0.0,0.0,-0.01,-1,-1,-0.01,-1,-1,-0.01,-1,-1,-0.01,-1,-1,-0.01,-1,-1,-0.01,-1,-1,-0.01,-1,-1,-0.01,-1,-1,-0.01,-1,-1,-0.01,-1,-1
99926009,2026-05-18 11:27:50+05:30,53106.05,0,0.0,0,0.0,0.0,53282.15,53308.4,52783.45,53710.35,0,0.0,0.0,0.0,0.0,-0.01,-1,-1,-0.01,-1,-1,-0.01,-1,-1,-0.01,-1,-1,-0.01,-1,-1,-0.01,-1,-1,-0.01,-1,-1,-0.01,-1,-1,-0.01,-1,-1,-0.01,-1,-1
99926009,2026-05-18 11:27:50+05:30,53106.05,0,0.0,0,0.0,0.0,53282.15,53308.4,52783.45,53710.35,0,0.0,0.0,0.0,0.0,-0.01,-1,-1,-0.01,-1,-1,-0.01,-1,-1,-0.01,-1,-1,-0.01,-1,-1,-0.01,-1,-1,-0.01,-1,-1,-0.01,-1,-1,-0.01,-1,-1,-0.01,-1,-1
99926009,2026-05-18 11:27:51+05:30,53105.4,0,0.0,0,0.0,0.0,53282.15,53308.4,52783.45,53710.35,0,0.0,0.0,0.0,0.0,-0.01,-1,-1,-0.01,-1,-1,-0.01,-1,-1,-0.01,-1,-1,-0.01,-1,-1,-0.01,-1,-1,-0.01,-1,-1,-0.01,-1,-1,-0.01,-1,-1,-0.01,-1,-1
99926009,2026-05-18 11:27:51+05:30,53105.45,0,0.0,0,0.0,0.0,53282.15,53308.4,52783.45,53710.35,0,0.0,0.0,0.0,0.0,-0.01,-1,-1,-0.01,-1,-1,-0.01,-1,-1,-0.01,-1,-1,-0.01,-1,-1,-0.01,-1,-1,-0.01,-1,-1,-0.01,-1,-1,-0.01,-1,-1,-0.01,-1,-1
99926009,2026-05-18 11:27:52+05:30,53105.0,0,0.0,0,0.0,0.0,53282.15,53308.4,52783.45,53710.35,0,0.0,0.0,0.0,0.0,-0.01,-1,-1,-0.01,-1,-1,-0.01,-1,-1,-0.01,-1,-1,-0.01,-1,-1,-0.01,-1,-1,-0.01,-1,-1,-0.01,-1,-1,-0.01,-1,-1,-0.01,-1,-1
99926009,2026-05-18 11:27:52+05:30,53100.95,0,0.0,0,0.0,0.0,53282.15,53308.4,52783.45,53710.35,0,0.0,0.0,0.0,0.0,-0.01,-1,-1,-0.01,-1,-1,-0.01,-1,-1,-0.01,-1,-1,-0.01,-1,-1,-0.01,-1,-1,-0.01,-1,-1,-0.01,-1,-1,-0.01,-1,-1,-0.01,-1,-1
99926009,2026-05-18 11:27:53+05:30,53100.35,0,0.0,0,0.0,0.0,53282.15,53308.4,52783.45,53710.35,0,0.0,0.0,0.0,0.0,-0.01,-1,-1,-0.01,-1,-1,-0.01,-1,-1,-0.01,-1,-1,-0.01,-1,-1,-0.01,-1,-1,-0.01,-1,-1,-0.01,-1,-1,-0.01,-1,-1,-0.01,-1,-1
99926009,2026-05-18 11:27:53+05:30,53101.55,0,0.0,0,0.0,0.0,53282.15,53308.4,52783.45,53710.35,0,0.0,0.0,0.0,0.0,-0.01,-1,-1,-0.01,-1,-1,-0.01,-1,-1,-0.01,-1,-1,-0.01,-1,-1,-0.01,-1,-1,-0.01,-1,-1,-0.01,-1,-1,-0.01,-1,-1,-0.01,-1,-1
99926009,2026-05-18 11:27:54+05:30,53100.4,0,0.0,0,0.0,0.0,53282.15,53308.4,52783.45,53710.35,0,0.0,0.0,0.0,0.0,-0.01,-1,-1,-0.01,-1,-1,-0.01,-1,-1,-0.01,-1,-1,-0.01,-1,-1,-0.01,-1,-1,-0.01,-1,-1,-0.01,-1,-1,-0.01,-1,-1,-0.01,-1,-1
99926009,2026-05-18 11:27:54+05:30,53099.65,0,0.0,0,0.0,0.0,53282.15,53308.4,52783.45,53710.35,0,0.0,0.0,0.0,0.0,-0.01,-1,-1,-0.01,-1,-1,-0.01,-1,-1,-0.01,-1,-1,-0.01,-1,-1,-0.01,-1,-1,-0.01,-1,-1,-0.01,-1,-1,-0.01,-1,-1,-0.01,-1,-1
99926009,2026-05-18 11:27:55+05:30,53099.65,0,0.0,0,0.0,0.0,53282.15,53308.4,52783.45,53710.35,0,0.0,0.0,0.0,0.0,-0.01,-1,-1,-0.01,-1,-1,-0.01,-1,-1,-0.01,-1,-1,-0.01,-1,-1,-0.01,-1,-1,-0.01,-1,-1,-0.01,-1,-1,-0.01,-1,-1,-0.01,-1,-1
99926009,2026-05-18 11:27:55+05:30,53102.05,0,0.0,0,0.0,0.0,53282.15,53308.4,52783.45,53710.35,0,0.0,0.0,0.0,0.0,-0.01,-1,-1,-0.01,-1,-1,-0.01,-1,-1,-0.01,-1,-1,-0.01,-1,-1,-0.01,-1,-1,-0.01,-1,-1,-0.01,-1,-1,-0.01,-1,-1,-0.01,-1,-1
99926009,2026-05-18 11:27:56+05:30,53103.95,0,0.0,0,0.0,0.0,53282.15,53308.4,52783.45,53710.35,0,0.0,0.0,0.0,0.0,-0.01,-1,-1,-0.01,-1,-1,-0.01,-1,-1,-0.01,-1,-1,-0.01,-1,-1,-0.01,-1,-1,-0.01,-1,-1,-0.01,-1,-1,-0.01,-1,-1,-0.01,-1,-1
99926009,2026-05-18 11:27:56+05:30,53101.5,0,0.0,0,0.0,0.0,53282.15,53308.4,52783.45,53710.35,0,0.0,0.0,0.0,0.0,-0.01,-1,-1,-0.01,-1,-1,-0.01,-1,-1,-0.01,-1,-1,-0.01,-1,-1,-0.01,-1,-1,-0.01,-1,-1,-0.01,-1,-1,-0.01,-1,-1,-0.01,-1,-1
99926009,2026-05-18 11:27:57+05:30,53096.65,0,0.0,0,0.0,0.0,53282.15,53308.4,52783.45,53710.35,0,0.0,0.0,0.0,0.0,-0.01,-1,-1,-0.01,-1,-1,-0.01,-1,-1,-0.01,-1,-1,-0.01,-1,-1,-0.01,-1,-1,-0.01,-1,-1,-0.01,-1,-1,-0.01,-1,-1,-0.01,-1,-1
99926009,2026-05-18 11:27:57+05:30,53098.1,0,0.0,0,0.0,0.0,53282.15,53308.4,52783.45,53710.35,0,0.0,0.0,0.0,0.0,-0.01,-1,-1,-0.01,-1,-1,-0.01,-1,-1,-0.01,-1,-1,-0.01,-1,-1,-0.01,-1,-1,-0.01,-1,-1,-0.01,-1,-1,-0.01,-1,-1,-0.01,-1,-1
99926009,2026-05-18 11:27:58+05:30,53094.4,0,0.0,0,0.0,0.0,53282.15,53308.4,52783.45,53710.35,0,0.0,0.0,0.0,0.0,-0.01,-1,-1,-0.01,-1,-1,-0.01,-1,-1,-0.01,-1,-1,-0.01,-1,-1,-0.01,-1,-1,-0.01,-1,-1,-0.01,-1,-1,-0.01,-1,-1,-0.01,-1,-1
99926009,2026-05-18 11:27:58+05:30,53095.0,0,0.0,0,0.0,0.0,53282.15,53308.4,52783.45,53710.35,0,0.0,0.0,0.0,0.0,-0.01,-1,-1,-0.01,-1,-1,-0.01,-1,-1,-0.01,-1,-1,-0.01,-1,-1,-0.01,-1,-1,-0.01,-1,-1,-0.01,-1,-1,-0.01,-1,-1,-0.01,-1,-1
99926009,2026-05-18 11:27:59+05:30,53098.95,0,0.0,0,0.0,0.0,53282.15,53308.4,52783.45,53710.35,0,0.0,0.0,0.0,0.0,-0.01,-1,-1,-0.01,-1,-1,-0.01,-1,-1,-0.01,-1,-1,-0.01,-1,-1,-0.01,-1,-1,-0.01,-1,-1,-0.01,-1,-1,-0.01,-1,-1,-0.01,-1,-1
99926009,2026-05-18 11:27:59+05:30,53095.25,0,0.0,0,0.0,0.0,53282.15,53308.4,52783.45,53710.35,0,0.0,0.0,0.0,0.0,-0.01,-1,-1,-0.01,-1,-1,-0.01,-1,-1,-0.01,-1,-1,-0.01,-1,-1,-0.01,-1,-1,-0.01,-1,-1,-0.01,-1,-1,-0.01,-1,-1,-0.01,-1,-1
99926009,2026-05-18 11:28:00+05:30,53097.9,0,0.0,0,0.0,0.0,53282.15,53308.4,52783.45,53710.35,0,0.0,0.0,0.0,0.0,-0.01,-1,-1,-0.01,-1,-1,-0.01,-1,-1,-0.01,-1,-1,-0.01,-1,-1,-0.01,-1,-1,-0.01,-1,-1,-0.01,-1,-1,-0.01,-1,-1,-0.01,-1,-1
99926009,2026-05-18 11:28:00+05:30,53091.65,0,0.0,0,0.0,0.0,53282.15,53308.4,52783.45,53710.35,0,0.0,0.0,0.0,0.0,-0.01,-1,-1,-0.01,-1,-1,-0.01,-1,-1,-0.01,-1,-1,-0.01,-1,-1,-0.01,-1,-1,-0.01,-1,-1,-0.01,-1,-1,-0.01,-1,-1,-0.01,-1,-1
99926009,2026-05-18 11:28:01+05:30,53091.8,0,0.0,0,0.0,0.0,53282.15,53308.4,52783.45,53710.35,0,0.0,0.0,0.0,0.0,-0.01,-1,-1,-0.01,-1,-1,-0.01,-1,-1,-0.01,-1,-1,-0.01,-1,-1,-0.01,-1,-1,-0.01,-1,-1,-0.01,-1,-1,-0.01,-1,-1,-0.01,-1,-1
99926009,2026-05-18 11:28:01+05:30,53090.1,0,0.0,0,0.0,0.0,53282.15,53308.4,52783.45,53710.35,0,0.0,0.0,0.0,0.0,-0.01,-1,-1,-0.01,-1,-1,-0.01,-1,-1,-0.01,-1,-1,-0.01,-1,-1,-0.01,-1,-1,-0.01,-1,-1,-0.01,-1,-1,-0.01,-1,-1,-0.01,-1,-1
99926009,2026-05-18 11:28:02+05:30,53089.7,0,0.0,0,0.0,0.0,53282.15,53308.4,52783.45,53710.35,0,0.0,0.0,0.0,0.0,-0.01,-1,-1,-0.01,-1,-1,-0.01,-1,-1,-0.01,-1,-1,-0.01,-1,-1,-0.01,-1,-1,-0.01,-1,-1,-0.01,-1,-1,-0.01,-1,-1,-0.01,-1,-1
99926009,2026-05-18 11:28:02+05:30,53092.15,0,0.0,0,0.0,0.0,53282.15,53308.4,52783.45,53710.35,0,0.0,0.0,0.0,0.0,-0.01,-1,-1,-0.01,-1,-1,-0.01,-1,-1,-0.01,-1,-1,-0.01,-1,-1,-0.01,-1,-1,-0.01,-1,-1,-0.01,-1,-1,-0.01,-1,-1,-0.01,-1,-1
99926009,2026-05-18 11:28:03+05:30,53091.25,0,0.0,0,0.0,0.0,53282.15,53308.4,52783.45,53710.35,0,0.0,0.0,0.0,0.0,-0.01,-1,-1,-0.01,-1,-1,-0.01,-1,-1,-0.01,-1,-1,-0.01,-1,-1,-0.01,-1,-1,-0.01,-1,-1,-0.01,-1,-1,-0.01,-1,-1,-0.01,-1,-1
99926009,2026-05-18 11:28:03+05:30,53089.5,0,0.0,0,0.0,0.0,53282.15,53308.4,52783.45,53710.35,0,0.0,0.0,0.0,0.0,-0.01,-1,-1,-0.01,-1,-1,-0.01,-1,-1,-0.01,-1,-1,-0.01,-1,-1,-0.01,-1,-1,-0.01,-1,-1,-0.01,-1,-1,-0.01,-1,-1,-0.01,-1,-1
99926009,2026-05-18 11:28:04+05:30,53093.35,0,0.0,0,0.0,0.0,53282.15,53308.4,52783.45,53710.35,0,0.0,0.0,0.0,0.0,-0.01,-1,-1,-0.01,-1,-1,-0.01,-1,-1,-0.01,-1,-1,-0.01,-1,-1,-0.01,-1,-1,-0.01,-1,-1,-0.01,-1,-1,-0.01,-1,-1,-0.01,-1,-1
99926009,2026-05-18 11:28:04+05:30,53090.9,0,0.0,0,0.0,0.0,53282.15,53308.4,52783.45,53710.35,0,0.0,0.0,0.0,0.0,-0.01,-1,-1,-0.01,-1,-1,-0.01,-1,-1,-0.01,-1,-1,-0.01,-1,-1,-0.01,-1,-1,-0.01,-1,-1,-0.01,-1,-1,-0.01,-1,-1,-0.01,-1,-1
99926009,2026-05-18 11:28:05+05:30,53091.6,0,0.0,0,0.0,0.0,53282.15,53308.4,52783.45,53710.35,0,0.0,0.0,0.0,0.0,-0.01,-1,-1,-0.01,-1,-1,-0.01,-1,-1,-0.01,-1,-1,-0.01,-1,-1,-0.01,-1,-1,-0.01,-1,-1,-0.01,-1,-1,-0.01,-1,-1,-0.01,-1,-1
99926009,2026-05-18 11:28:05+05:30,53092.75,0,0.0,0,0.0,0.0,53282.15,53308.4,52783.45,53710.35,0,0.0,0.0,0.0,0.0,-0.01,-1,-1,-0.01,-1,-1,-0.01,-1,-1,-0.01,-1,-1,-0.01,-1,-1,-0.01,-1,-1,-0.01,-1,-1,-0.01,-1,-1,-0.01,-1,-1,-0.01,-1,-1
99926009,2026-05-18 11:28:06+05:30,53091.95,0,0.0,0,0.0,0.0,53282.15,53308.4,52783.45,53710.35,0,0.0,0.0,0.0,0.0,-0.01,-1,-1,-0.01,-1,-1,-0.01,-1,-1,-0.01,-1,-1,-0.01,-1,-1,-0.01,-1,-1,-0.01,-1,-1,-0.01,-1,-1,-0.01,-1,-1,-0.01,-1,-1
99926009,2026-05-18 11:28:06+05:30,53094.55,0,0.0,0,0.0,0.0,53282.15,53308.4,52783.45,53710.35,0,0.0,0.0,0.0,0.0,-0.01,-1,-1,-0.01,-1,-1,-0.01,-1,-1,-0.01,-1,-1,-0.01,-1,-1,-0.01,-1,-1,-0.01,-1,-1,-0.01,-1,-1,-0.01,-1,-1,-0.01,-1,-1
99926009,2026-05-18 11:28:07+05:30,53091.35,0,0.0,0,0.0,0.0,53282.15,53308.4,52783.45,53710.35,0,0.0,0.0,0.0,0.0,-0.01,-1,-1,-0.01,-1,-1,-0.01,-1,-1,-0.01,-1,-1,-0.01,-1,-1,-0.01,-1,-1,-0.01,-1,-1,-0.01,-1,-1,-0.01,-1,-1,-0.01,-1,-1
99926009,2026-05-18 11:28:07+05:30,53091.15,0,0.0,0,0.0,0.0,53282.15,53308.4,52783.45,53710.35,0,0.0,0.0,0.0,0.0,-0.01,-1,-1,-0.01,-1,-1,-0.01,-1,-1,-0.01,-1,-1,-0.01,-1,-1,-0.01,-1,-1,-0.01,-1,-1,-0.01,-1,-1,-0.01,-1,-1,-0.01,-1,-1
99926009,2026-05-18 11:28:08+05:30,53088.5,0,0.0,0,0.0,0.0,53282.15,53308.4,52783.45,53710.35,0,0.0,0.0,0.0,0.0,-0.01,-1,-1,-0.01,-1,-1,-0.01,-1,-1,-0.01,-1,-1,-0.01,-1,-1,-0.01,-1,-1,-0.01,-1,-1,-0.01,-1,-1,-0.01,-1,-1,-0.01,-1,-1
99926009,2026-05-18 11:28:08+05:30,53089.35,0,0.0,0,0.0,0.0,53282.15,53308.4,52783.45,53710.35,0,0.0,0.0,0.0,0.0,-0.01,-1,-1,-0.01,-1,-1,-0.01,-1,-1,-0.01,-1,-1,-0.01,-1,-1,-0.01,-1,-1,-0.01,-1,-1,-0.01,-1,-1,-0.01,-1,-1,-0.01,-1,-1
99926009,2026-05-18 11:28:09+05:30,53089.25,0,0.0,0,0.0,0.0,53282.15,53308.4,52783.45,53710.35,0,0.0,0.0,0.0,0.0,-0.01,-1,-1,-0.01,-1,-1,-0.01,-1,-1,-0.01,-1,-1,-0.01,-1,-1,-0.01,-1,-1,-0.01,-1,-1,-0.01,-1,-1,-0.01,-1,-1,-0.01,-1,-1
99926009,2026-05-18 11:28:09+05:30,53092.5,0,0.0,0,0.0,0.0,53282.15,53308.4,52783.45,53710.35,0,0.0,0.0,0.0,0.0,-0.01,-1,-1,-0.01,-1,-1,-0.01,-1,-1,-0.01,-1,-1,-0.01,-1,-1,-0.01,-1,-1,-0.01,-1,-1,-0.01,-1,-1,-0.01,-1,-1,-0.01,-1,-1
99926009,2026-05-18 11:28:10+05:30,53092.85,0,0.0,0,0.0,0.0,53282.15,53308.4,52783.45,53710.35,0,0.0,0.0,0.0,0.0,-0.01,-1,-1,-0.01,-1,-1,-0.01,-1,-1,-0.01,-1,-1,-0.01,-1,-1,-0.01,-1,-1,-0.01,-1,-1,-0.01,-1,-1,-0.01,-1,-1,-0.01,-1,-1
99926009,2026-05-18 11:28:10+05:30,53090.8,0,0.0,0,0.0,0.0,53282.15,53308.4,52783.45,53710.35,0,0.0,0.0,0.0,0.0,-0.01,-1,-1,-0.01,-1,-1,-0.01,-1,-1,-0.01,-1,-1,-0.01,-1,-1,-0.01,-1,-1,-0.01,-1,-1,-0.01,-1,-1,-0.01,-1,-1,-0.01,-1,-1
99926009,2026-05-18 11:28:11+05:30,53092.45,0,0.0,0,0.0,0.0,53282.15,53308.4,52783.45,53710.35,0,0.0,0.0,0.0,0.0,-0.01,-1,-1,-0.01,-1,-1,-0.01,-1,-1,-0.01,-1,-1,-0.01,-1,-1,-0.01,-1,-1,-0.01,-1,-1,-0.01,-1,-1,-0.01,-1,-1,-0.01,-1,-1
99926009,2026-05-18 11:28:11+05:30,53090.55,0,0.0,0,0.0,0.0,53282.15,53308.4,52783.45,53710.35,0,0.0,0.0,0.0,0.0,-0.01,-1,-1,-0.01,-1,-1,-0.01,-1,-1,-0.01,-1,-1,-0.01,-1,-1,-0.01,-1,-1,-0.01,-1,-1,-0.01,-1,-1,-0.01,-1,-1,-0.01,-1,-1
99926009,2026-05-18 11:28:12+05:30,53089.25,0,0.0,0,0.0,0.0,53282.15,53308.4,52783.45,53710.35,0,0.0,0.0,0.0,0.0,-0.01,-1,-1,-0.01,-1,-1,-0.01,-1,-1,-0.01,-1,-1,-0.01,-1,-1,-0.01,-1,-1,-0.01,-1,-1,-0.01,-1,-1,-0.01,-1,-1,-0.01,-1,-1
99926009,2026-05-18 11:28:12+05:30,53092.6,0,0.0,0,0.0,0.0,53282.15,53308.4,52783.45,53710.35,0,0.0,0.0,0.0,0.0,-0.01,-1,-1,-0.01,-1,-1,-0.01,-1,-1,-0.01,-1,-1,-0.01,-1,-1,-0.01,-1,-1,-0.01,-1,-1,-0.01,-1,-1,-0.01,-1,-1,-0.01,-1,-1
99926009,2026-05-18 11:28:13+05:30,53094.3,0,0.0,0,0.0,0.0,53282.15,53308.4,52783.45,53710.35,0,0.0,0.0,0.0,0.0,-0.01,-1,-1,-0.01,-1,-1,-0.01,-1,-1,-0.01,-1,-1,-0.01,-1,-1,-0.01,-1,-1,-0.01,-1,-1,-0.01,-1,-1,-0.01,-1,-1,-0.01,-1,-1
99926009,2026-05-18 11:28:13+05:30,53089.95,0,0.0,0,0.0,0.0,53282.15,53308.4,52783.45,53710.35,0,0.0,0.0,0.0,0.0,-0.01,-1,-1,-0.01,-1,-1,-0.01,-1,-1,-0.01,-1,-1,-0.01,-1,-1,-0.01,-1,-1,-0.01,-1,-1,-0.01,-1,-1,-0.01,-1,-1,-0.01,-1,-1
99926009,2026-05-18 11:28:14+05:30,53091.15,0,0.0,0,0.0,0.0,53282.15,53308.4,52783.45,53710.35,0,0.0,0.0,0.0,0.0,-0.01,-1,-1,-0.01,-1,-1,-0.01,-1,-1,-0.01,-1,-1,-0.01,-1,-1,-0.01,-1,-1,-0.01,-1,-1,-0.01,-1,-1,-0.01,-1,-1,-0.01,-1,-1
99926009,2026-05-18 11:28:14+05:30,53092.15,0,0.0,0,0.0,0.0,53282.15,53308.4,52783.45,53710.35,0,0.0,0.0,0.0,0.0,-0.01,-1,-1,-0.01,-1,-1,-0.01,-1,-1,-0.01,-1,-1,-0.01,-1,-1,-0.01,-1,-1,-0.01,-1,-1,-0.01,-1,-1,-0.01,-1,-1,-0.01,-1,-1
99926009,2026-05-18 11:28:15+05:30,53091.95,0,0.0,0,0.0,0.0,53282.15,53308.4,52783.45,53710.35,0,0.0,0.0,0.0,0.0,-0.01,-1,-1,-0.01,-1,-1,-0.01,-1,-1,-0.01,-1,-1,-0.01,-1,-1,-0.01,-1,-1,-0.01,-1,-1,-0.01,-1,-1,-0.01,-1,-1,-0.01,-1,-1
99926009,2026-05-18 11:28:15+05:30,53091.45,0,0.0,0,0.0,0.0,53282.15,53308.4,52783.45,53710.35,0,0.0,0.0,0.0,0.0,-0.01,-1,-1,-0.01,-1,-1,-0.01,-1,-1,-0.01,-1,-1,-0.01,-1,-1,-0.01,-1,-1,-0.01,-1,-1,-0.01,-1,-1,-0.01,-1,-1,-0.01,-1,-1
99926009,2026-05-18 11:28:16+05:30,53091.35,0,0.0,0,0.0,0.0,53282.15,53308.4,52783.45,53710.35,0,0.0,0.0,0.0,0.0,-0.01,-1,-1,-0.01,-1,-1,-0.01,-1,-1,-0.01,-1,-1,-0.01,-1,-1,-0.01,-1,-1,-0.01,-1,-1,-0.01,-1,-1,-0.01,-1,-1,-0.01,-1,-1
99926009,2026-05-18 11:28:16+05:30,53088.8,0,0.0,0,0.0,0.0,53282.15,53308.4,52783.45,53710.35,0,0.0,0.0,0.0,0.0,-0.01,-1,-1,-0.01,-1,-1,-0.01,-1,-1,-0.01,-1,-1,-0.01,-1,-1,-0.01,-1,-1,-0.01,-1,-1,-0.01,-1,-1,-0.01,-1,-1,-0.01,-1,-1
99926009,2026-05-18 11:28:17+05:30,53089.2,0,0.0,0,0.0,0.0,53282.15,53308.4,52783.45,53710.35,0,0.0,0.0,0.0,0.0,-0.01,-1,-1,-0.01,-1,-1,-0.01,-1,-1,-0.01,-1,-1,-0.01,-1,-1,-0.01,-1,-1,-0.01,-1,-1,-0.01,-1,-1,-0.01,-1,-1,-0.01,-1,-1
99926009,2026-05-18 11:28:17+05:30,53085.5,0,0.0,0,0.0,0.0,53282.15,53308.4,52783.45,53710.35,0,0.0,0.0,0.0,0.0,-0.01,-1,-1,-0.01,-1,-1,-0.01,-1,-1,-0.01,-1,-1,-0.01,-1,-1,-0.01,-1,-1,-0.01,-1,-1,-0.01,-1,-1,-0.01,-1,-1,-0.01,-1,-1
99926009,2026-05-18 11:28:18+05:30,53084.15,0,0.0,0,0.0,0.0,53282.15,53308.4,52783.45,53710.35,0,0.0,0.0,0.0,0.0,-0.01,-1,-1,-0.01,-1,-1,-0.01,-1,-1,-0.01,-1,-1,-0.01,-1,-1,-0.01,-1,-1,-0.01,-1,-1,-0.01,-1,-1,-0.01,-1,-1,-0.01,-1,-1
99926009,2026-05-18 11:28:18+05:30,53085.6,0,0.0,0,0.0,0.0,53282.15,53308.4,52783.45,53710.35,0,0.0,0.0,0.0,0.0,-0.01,-1,-1,-0.01,-1,-1,-0.01,-1,-1,-0.01,-1,-1,-0.01,-1,-1,-0.01,-1,-1,-0.01,-1,-1,-0.01,-1,-1,-0.01,-1,-1,-0.01,-1,-1
99926009,2026-05-18 11:28:19+05:30,53086.8,0,0.0,0,0.0,0.0,53282.15,53308.4,52783.45,53710.35,0,0.0,0.0,0.0,0.0,-0.01,-1,-1,-0.01,-1,-1,-0.01,-1,-1,-0.01,-1,-1,-0.01,-1,-1,-0.01,-1,-1,-0.01,-1,-1,-0.01,-1,-1,-0.01,-1,-1,-0.01,-1,-1
99926009,2026-05-18 11:28:19+05:30,53093.9,0,0.0,0,0.0,0.0,53282.15,53308.4,52783.45,53710.35,0,0.0,0.0,0.0,0.0,-0.01,-1,-1,-0.01,-1,-1,-0.01,-1,-1,-0.01,-1,-1,-0.01,-1,-1,-0.01,-1,-1,-0.01,-1,-1,-0.01,-1,-1,-0.01,-1,-1,-0.01,-1,-1
99926009,2026-05-18 11:28:20+05:30,53093.9,0,0.0,0,0.0,0.0,53282.15,53308.4,52783.45,53710.35,0,0.0,0.0,0.0,0.0,-0.01,-1,-1,-0.01,-1,-1,-0.01,-1,-1,-0.01,-1,-1,-0.01,-1,-1,-0.01,-1,-1,-0.01,-1,-1,-0.01,-1,-1,-0.01,-1,-1,-0.01,-1,-1
99926009,2026-05-18 11:28:20+05:30,53096.45,0,0.0,0,0.0,0.0,53282.15,53308.4,52783.45,53710.35,0,0.0,0.0,0.0,0.0,-0.01,-1,-1,-0.01,-1,-1,-0.01,-1,-1,-0.01,-1,-1,-0.01,-1,-1,-0.01,-1,-1,-0.01,-1,-1,-0.01,-1,-1,-0.01,-1,-1,-0.01,-1,-1
99926009,2026-05-18 11:28:21+05:30,53094.2,0,0.0,0,0.0,0.0,53282.15,53308.4,52783.45,53710.35,0,0.0,0.0,0.0,0.0,-0.01,-1,-1,-0.01,-1,-1,-0.01,-1,-1,-0.01,-1,-1,-0.01,-1,-1,-0.01,-1,-1,-0.01,-1,-1,-0.01,-1,-1,-0.01,-1,-1,-0.01,-1,-1
99926009,2026-05-18 11:28:21+05:30,53096.55,0,0.0,0,0.0,0.0,53282.15,53308.4,52783.45,53710.35,0,0.0,0.0,0.0,0.0,-0.01,-1,-1,-0.01,-1,-1,-0.01,-1,-1,-0.01,-1,-1,-0.01,-1,-1,-0.01,-1,-1,-0.01,-1,-1,-0.01,-1,-1,-0.01,-1,-1,-0.01,-1,-1
99926009,2026-05-18 11:28:22+05:30,53096.55,0,0.0,0,0.0,0.0,53282.15,53308.4,52783.45,53710.35,0,0.0,0.0,0.0,0.0,-0.01,-1,-1,-0.01,-1,-1,-0.01,-1,-1,-0.01,-1,-1,-0.01,-1,-1,-0.01,-1,-1,-0.01,-1,-1,-0.01,-1,-1,-0.01,-1,-1,-0.01,-1,-1
99926009,2026-05-18 11:28:22+05:30,53095.85,0,0.0,0,0.0,0.0,53282.15,53308.4,52783.45,53710.35,0,0.0,0.0,0.0,0.0,-0.01,-1,-1,-0.01,-1,-1,-0.01,-1,-1,-0.01,-1,-1,-0.01,-1,-1,-0.01,-1,-1,-0.01,-1,-1,-0.01,-1,-1,-0.01,-1,-1,-0.01,-1,-1
99926009,2026-05-18 11:28:23+05:30,53093.6,0,0.0,0,0.0,0.0,53282.15,53308.4,52783.45,53710.35,0,0.0,0.0,0.0,0.0,-0.01,-1,-1,-0.01,-1,-1,-0.01,-1,-1,-0.01,-1,-1,-0.01,-1,-1,-0.01,-1,-1,-0.01,-1,-1,-0.01,-1,-1,-0.01,-1,-1,-0.01,-1,-1
99926009,2026-05-18 11:28:23+05:30,53091.85,0,0.0,0,0.0,0.0,53282.15,53308.4,52783.45,53710.35,0,0.0,0.0,0.0,0.0,-0.01,-1,-1,-0.01,-1,-1,-0.01,-1,-1,-0.01,-1,-1,-0.01,-1,-1,-0.01,-1,-1,-0.01,-1,-1,-0.01,-1,-1,-0.01,-1,-1,-0.01,-1,-1
99926009,2026-05-18 11:28:24+05:30,53096.55,0,0.0,0,0.0,0.0,53282.15,53308.4,52783.45,53710.35,0,0.0,0.0,0.0,0.0,-0.01,-1,-1,-0.01,-1,-1,-0.01,-1,-1,-0.01,-1,-1,-0.01,-1,-1,-0.01,-1,-1,-0.01,-1,-1,-0.01,-1,-1,-0.01,-1,-1,-0.01,-1,-1
99926009,2026-05-18 11:28:24+05:30,53094.3,0,0.0,0,0.0,0.0,53282.15,53308.4,52783.45,53710.35,0,0.0,0.0,0.0,0.0,-0.01,-1,-1,-0.01,-1,-1,-0.01,-1,-1,-0.01,-1,-1,-0.01,-1,-1,-0.01,-1,-1,-0.01,-1,-1,-0.01,-1,-1,-0.01,-1,-1,-0.01,-1,-1
99926009,2026-05-18 11:28:25+05:30,53093.3,0,0.0,0,0.0,0.0,53282.15,53308.4,52783.45,53710.35,0,0.0,0.0,0.0,0.0,-0.01,-1,-1,-0.01,-1,-1,-0.01,-1,-1,-0.01,-1,-1,-0.01,-1,-1,-0.01,-1,-1,-0.01,-1,-1,-0.01,-1,-1,-0.01,-1,-1,-0.01,-1,-1
99926009,2026-05-18 11:28:25+05:30,53096.0,0,0.0,0,0.0,0.0,53282.15,53308.4,52783.45,53710.35,0,0.0,0.0,0.0,0.0,-0.01,-1,-1,-0.01,-1,-1,-0.01,-1,-1,-0.01,-1,-1,-0.01,-1,-1,-0.01,-1,-1,-0.01,-1,-1,-0.01,-1,-1,-0.01,-1,-1,-0.01,-1,-1
99926009,2026-05-18 11:28:26+05:30,53093.65,0,0.0,0,0.0,0.0,53282.15,53308.4,52783.45,53710.35,0,0.0,0.0,0.0,0.0,-0.01,-1,-1,-0.01,-1,-1,-0.01,-1,-1,-0.01,-1,-1,-0.01,-1,-1,-0.01,-1,-1,-0.01,-1,-1,-0.01,-1,-1,-0.01,-1,-1,-0.01,-1,-1
99926009,2026-05-18 11:28:26+05:30,53092.45,0,0.0,0,0.0,0.0,53282.15,53308.4,52783.45,53710.35,0,0.0,0.0,0.0,0.0,-0.01,-1,-1,-0.01,-1,-1,-0.01,-1,-1,-0.01,-1,-1,-0.01,-1,-1,-0.01,-1,-1,-0.01,-1,-1,-0.01,-1,-1,-0.01,-1,-1,-0.01,-1,-1
99926009,2026-05-18 11:28:27+05:30,53094.7,0,0.0,0,0.0,0.0,53282.15,53308.4,52783.45,53710.35,0,0.0,0.0,0.0,0.0,-0.01,-1,-1,-0.01,-1,-1,-0.01,-1,-1,-0.01,-1,-1,-0.01,-1,-1,-0.01,-1,-1,-0.01,-1,-1,-0.01,-1,-1,-0.01,-1,-1,-0.01,-1,-1
99926009,2026-05-18 11:28:27+05:30,53093.45,0,0.0,0,0.0,0.0,53282.15,53308.4,52783.45,53710.35,0,0.0,0.0,0.0,0.0,-0.01,-1,-1,-0.01,-1,-1,-0.01,-1,-1,-0.01,-1,-1,-0.01,-1,-1,-0.01,-1,-1,-0.01,-1,-1,-0.01,-1,-1,-0.01,-1,-1,-0.01,-1,-1
99926009,2026-05-18 11:28:28+05:30,53094.75,0,0.0,0,0.0,0.0,53282.15,53308.4,52783.45,53710.35,0,0.0,0.0,0.0,0.0,-0.01,-1,-1,-0.01,-1,-1,-0.01,-1,-1,-0.01,-1,-1,-0.01,-1,-1,-0.01,-1,-1,-0.01,-1,-1,-0.01,-1,-1,-0.01,-1,-1,-0.01,-1,-1
99926009,2026-05-18 11:28:28+05:30,53093.8,0,0.0,0,0.0,0.0,53282.15,53308.4,52783.45,53710.35,0,0.0,0.0,0.0,0.0,-0.01,-1,-1,-0.01,-1,-1,-0.01,-1,-1,-0.01,-1,-1,-0.01,-1,-1,-0.01,-1,-1,-0.01,-1,-1,-0.01,-1,-1,-0.01,-1,-1,-0.01,-1,-1
99926009,2026-05-18 11:28:29+05:30,53092.8,0,0.0,0,0.0,0.0,53282.15,53308.4,52783.45,53710.35,0,0.0,0.0,0.0,0.0,-0.01,-1,-1,-0.01,-1,-1,-0.01,-1,-1,-0.01,-1,-1,-0.01,-1,-1,-0.01,-1,-1,-0.01,-1,-1,-0.01,-1,-1,-0.01,-1,-1,-0.01,-1,-1
99926009,2026-05-18 11:28:29+05:30,53092.55,0,0.0,0,0.0,0.0,53282.15,53308.4,52783.45,53710.35,0,0.0,0.0,0.0,0.0,-0.01,-1,-1,-0.01,-1,-1,-0.01,-1,-1,-0.01,-1,-1,-0.01,-1,-1,-0.01,-1,-1,-0.01,-1,-1,-0.01,-1,-1,-0.01,-1,-1,-0.01,-1,-1
99926009,2026-05-18 11:28:30+05:30,53093.2,0,0.0,0,0.0,0.0,53282.15,53308.4,52783.45,53710.35,0,0.0,0.0,0.0,0.0,-0.01,-1,-1,-0.01,-1,-1,-0.01,-1,-1,-0.01,-1,-1,-0.01,-1,-1,-0.01,-1,-1,-0.01,-1,-1,-0.01,-1,-1,-0.01,-1,-1,-0.01,-1,-1
99926009,2026-05-18 11:28:30+05:30,53096.1,0,0.0,0,0.0,0.0,53282.15,53308.4,52783.45,53710.35,0,0.0,0.0,0.0,0.0,-0.01,-1,-1,-0.01,-1,-1,-0.01,-1,-1,-0.01,-1,-1,-0.01,-1,-1,-0.01,-1,-1,-0.01,-1,-1,-0.01,-1,-1,-0.01,-1,-1,-0.01,-1,-1
99926009,2026-05-18 11:28:31+05:30,53093.75,0,0.0,0,0.0,0.0,53282.15,53308.4,52783.45,53710.35,0,0.0,0.0,0.0,0.0,-0.01,-1,-1,-0.01,-1,-1,-0.01,-1,-1,-0.01,-1,-1,-0.01,-1,-1,-0.01,-1,-1,-0.01,-1,-1,-0.01,-1,-1,-0.01,-1,-1,-0.01,-1,-1
99926009,2026-05-18 11:28:31+05:30,53094.2,0,0.0,0,0.0,0.0,53282.15,53308.4,52783.45,53710.35,0,0.0,0.0,0.0,0.0,-0.01,-1,-1,-0.01,-1,-1,-0.01,-1,-1,-0.01,-1,-1,-0.01,-1,-1,-0.01,-1,-1,-0.01,-1,-1,-0.01,-1,-1,-0.01,-1,-1,-0.01,-1,-1
99926009,2026-05-18 11:28:32+05:30,53095.65,0,0.0,0,0.0,0.0,53282.15,53308.4,52783.45,53710.35,0,0.0,0.0,0.0,0.0,-0.01,-1,-1,-0.01,-1,-1,-0.01,-1,-1,-0.01,-1,-1,-0.01,-1,-1,-0.01,-1,-1,-0.01,-1,-1,-0.01,-1,-1,-0.01,-1,-1,-0.01,-1,-1
99926009,2026-05-18 11:28:32+05:30,53093.45,0,0.0,0,0.0,0.0,53282.15,53308.4,52783.45,53710.35,0,0.0,0.0,0.0,0.0,-0.01,-1,-1,-0.01,-1,-1,-0.01,-1,-1,-0.01,-1,-1,-0.01,-1,-1,-0.01,-1,-1,-0.01,-1,-1,-0.01,-1,-1,-0.01,-1,-1,-0.01,-1,-1
99926009,2026-05-18 11:28:33+05:30,53093.75,0,0.0,0,0.0,0.0,53282.15,53308.4,52783.45,53710.35,0,0.0,0.0,0.0,0.0,-0.01,-1,-1,-0.01,-1,-1,-0.01,-1,-1,-0.01,-1,-1,-0.01,-1,-1,-0.01,-1,-1,-0.01,-1,-1,-0.01,-1,-1,-0.01,-1,-1,-0.01,-1,-1
99926009,2026-05-18 11:28:33+05:30,53094.25,0,0.0,0,0.0,0.0,53282.15,53308.4,52783.45,53710.35,0,0.0,0.0,0.0,0.0,-0.01,-1,-1,-0.01,-1,-1,-0.01,-1,-1,-0.01,-1,-1,-0.01,-1,-1,-0.01,-1,-1,-0.01,-1,-1,-0.01,-1,-1,-0.01,-1,-1,-0.01,-1,-1
99926009,2026-05-18 11:28:34+05:30,53094.65,0,0.0,0,0.0,0.0,53282.15,53308.4,52783.45,53710.35,0,0.0,0.0,0.0,0.0,-0.01,-1,-1,-0.01,-1,-1,-0.01,-1,-1,-0.01,-1,-1,-0.01,-1,-1,-0.01,-1,-1,-0.01,-1,-1,-0.01,-1,-1,-0.01,-1,-1,-0.01,-1,-1
99926009,2026-05-18 11:28:34+05:30,53095.15,0,0.0,0,0.0,0.0,53282.15,53308.4,52783.45,53710.35,0,0.0,0.0,0.0,0.0,-0.01,-1,-1,-0.01,-1,-1,-0.01,-1,-1,-0.01,-1,-1,-0.01,-1,-1,-0.01,-1,-1,-0.01,-1,-1,-0.01,-1,-1,-0.01,-1,-1,-0.01,-1,-1
99926009,2026-05-18 11:28:35+05:30,53095.1,0,0.0,0,0.0,0.0,53282.15,53308.4,52783.45,53710.35,0,0.0,0.0,0.0,0.0,-0.01,-1,-1,-0.01,-1,-1,-0.01,-1,-1,-0.01,-1,-1,-0.01,-1,-1,-0.01,-1,-1,-0.01,-1,-1,-0.01,-1,-1,-0.01,-1,-1,-0.01,-1,-1
99926009,2026-05-18 11:28:35+05:30,53098.25,0,0.0,0,0.0,0.0,53282.15,53308.4,52783.45,53710.35,0,0.0,0.0,0.0,0.0,-0.01,-1,-1,-0.01,-1,-1,-0.01,-1,-1,-0.01,-1,-1,-0.01,-1,-1,-0.01,-1,-1,-0.01,-1,-1,-0.01,-1,-1,-0.01,-1,-1,-0.01,-1,-1
99926009,2026-05-18 11:28:36+05:30,53098.1,0,0.0,0,0.0,0.0,53282.15,53308.4,52783.45,53710.35,0,0.0,0.0,0.0,0.0,-0.01,-1,-1,-0.01,-1,-1,-0.01,-1,-1,-0.01,-1,-1,-0.01,-1,-1,-0.01,-1,-1,-0.01,-1,-1,-0.01,-1,-1,-0.01,-1,-1,-0.01,-1,-1
99926009,2026-05-18 11:28:36+05:30,53097.9,0,0.0,0,0.0,0.0,53282.15,53308.4,52783.45,53710.35,0,0.0,0.0,0.0,0.0,-0.01,-1,-1,-0.01,-1,-1,-0.01,-1,-1,-0.01,-1,-1,-0.01,-1,-1,-0.01,-1,-1,-0.01,-1,-1,-0.01,-1,-1,-0.01,-1,-1,-0.01,-1,-1
99926009,2026-05-18 11:28:37+05:30,53096.7,0,0.0,0,0.0,0.0,53282.15,53308.4,52783.45,53710.35,0,0.0,0.0,0.0,0.0,-0.01,-1,-1,-0.01,-1,-1,-0.01,-1,-1,-0.01,-1,-1,-0.01,-1,-1,-0.01,-1,-1,-0.01,-1,-1,-0.01,-1,-1,-0.01,-1,-1,-0.01,-1,-1
99926009,2026-05-18 11:28:37+05:30,53096.7,0,0.0,0,0.0,0.0,53282.15,53308.4,52783.45,53710.35,0,0.0,0.0,0.0,0.0,-0.01,-1,-1,-0.01,-1,-1,-0.01,-1,-1,-0.01,-1,-1,-0.01,-1,-1,-0.01,-1,-1,-0.01,-1,-1,-0.01,-1,-1,-0.01,-1,-1,-0.01,-1,-1
99926009,2026-05-18 11:28:38+05:30,53099.05,0,0.0,0,0.0,0.0,53282.15,53308.4,52783.45,53710.35,0,0.0,0.0,0.0,0.0,-0.01,-1,-1,-0.01,-1,-1,-0.01,-1,-1,-0.01,-1,-1,-0.01,-1,-1,-0.01,-1,-1,-0.01,-1,-1,-0.01,-1,-1,-0.01,-1,-1,-0.01,-1,-1
99926009,2026-05-18 11:28:38+05:30,53101.1,0,0.0,0,0.0,0.0,53282.15,53308.4,52783.45,53710.35,0,0.0,0.0,0.0,0.0,-0.01,-1,-1,-0.01,-1,-1,-0.01,-1,-1,-0.01,-1,-1,-0.01,-1,-1,-0.01,-1,-1,-0.01,-1,-1,-0.01,-1,-1,-0.01,-1,-1,-0.01,-1,-1
99926009,2026-05-18 11:28:39+05:30,53101.25,0,0.0,0,0.0,0.0,53282.15,53308.4,52783.45,53710.35,0,0.0,0.0,0.0,0.0,-0.01,-1,-1,-0.01,-1,-1,-0.01,-1,-1,-0.01,-1,-1,-0.01,-1,-1,-0.01,-1,-1,-0.01,-1,-1,-0.01,-1,-1,-0.01,-1,-1,-0.01,-1,-1
99926009,2026-05-18 11:28:39+05:30,53100.6,0,0.0,0,0.0,0.0,53282.15,53308.4,52783.45,53710.35,0,0.0,0.0,0.0,0.0,-0.01,-1,-1,-0.01,-1,-1,-0.01,-1,-1,-0.01,-1,-1,-0.01,-1,-1,-0.01,-1,-1,-0.01,-1,-1,-0.01,-1,-1,-0.01,-1,-1,-0.01,-1,-1
99926009,2026-05-18 11:28:40+05:30,53099.1,0,0.0,0,0.0,0.0,53282.15,53308.4,52783.45,53710.35,0,0.0,0.0,0.0,0.0,-0.01,-1,-1,-0.01,-1,-1,-0.01,-1,-1,-0.01,-1,-1,-0.01,-1,-1,-0.01,-1,-1,-0.01,-1,-1,-0.01,-1,-1,-0.01,-1,-1,-0.01,-1,-1
99926009,2026-05-18 11:28:40+05:30,53097.0,0,0.0,0,0.0,0.0,53282.15,53308.4,52783.45,53710.35,0,0.0,0.0,0.0,0.0,-0.01,-1,-1,-0.01,-1,-1,-0.01,-1,-1,-0.01,-1,-1,-0.01,-1,-1,-0.01,-1,-1,-0.01,-1,-1,-0.01,-1,-1,-0.01,-1,-1,-0.01,-1,-1
99926009,2026-05-18 11:28:41+05:30,53096.35,0,0.0,0,0.0,0.0,53282.15,53308.4,52783.45,53710.35,0,0.0,0.0,0.0,0.0,-0.01,-1,-1,-0.01,-1,-1,-0.01,-1,-1,-0.01,-1,-1,-0.01,-1,-1,-0.01,-1,-1,-0.01,-1,-1,-0.01,-1,-1,-0.01,-1,-1,-0.01,-1,-1
99926009,2026-05-18 11:28:41+05:30,53096.1,0,0.0,0,0.0,0.0,53282.15,53308.4,52783.45,53710.35,0,0.0,0.0,0.0,0.0,-0.01,-1,-1,-0.01,-1,-1,-0.01,-1,-1,-0.01,-1,-1,-0.01,-1,-1,-0.01,-1,-1,-0.01,-1,-1,-0.01,-1,-1,-0.01,-1,-1,-0.01,-1,-1
99926009,2026-05-18 11:28:42+05:30,53095.15,0,0.0,0,0.0,0.0,53282.15,53308.4,52783.45,53710.35,0,0.0,0.0,0.0,0.0,-0.01,-1,-1,-0.01,-1,-1,-0.01,-1,-1,-0.01,-1,-1,-0.01,-1,-1,-0.01,-1,-1,-0.01,-1,-1,-0.01,-1,-1,-0.01,-1,-1,-0.01,-1,-1
99926009,2026-05-18 11:28:42+05:30,53096.55,0,0.0,0,0.0,0.0,53282.15,53308.4,52783.45,53710.35,0,0.0,0.0,0.0,0.0,-0.01,-1,-1,-0.01,-1,-1,-0.01,-1,-1,-0.01,-1,-1,-0.01,-1,-1,-0.01,-1,-1,-0.01,-1,-1,-0.01,-1,-1,-0.01,-1,-1,-0.01,-1,-1
99926009,2026-05-18 11:28:43+05:30,53095.0,0,0.0,0,0.0,0.0,53282.15,53308.4,52783.45,53710.35,0,0.0,0.0,0.0,0.0,-0.01,-1,-1,-0.01,-1,-1,-0.01,-1,-1,-0.01,-1,-1,-0.01,-1,-1,-0.01,-1,-1,-0.01,-1,-1,-0.01,-1,-1,-0.01,-1,-1,-0.01,-1,-1
99926009,2026-05-18 11:28:43+05:30,53093.65,0,0.0,0,0.0,0.0,53282.15,53308.4,52783.45,53710.35,0,0.0,0.0,0.0,0.0,-0.01,-1,-1,-0.01,-1,-1,-0.01,-1,-1,-0.01,-1,-1,-0.01,-1,-1,-0.01,-1,-1,-0.01,-1,-1,-0.01,-1,-1,-0.01,-1,-1,-0.01,-1,-1
99926009,2026-05-18 11:28:44+05:30,53094.35,0,0.0,0,0.0,0.0,53282.15,53308.4,52783.45,53710.35,0,0.0,0.0,0.0,0.0,-0.01,-1,-1,-0.01,-1,-1,-0.01,-1,-1,-0.01,-1,-1,-0.01,-1,-1,-0.01,-1,-1,-0.01,-1,-1,-0.01,-1,-1,-0.01,-1,-1,-0.01,-1,-1
99926009,2026-05-18 11:28:44+05:30,53096.55,0,0.0,0,0.0,0.0,53282.15,53308.4,52783.45,53710.35,0,0.0,0.0,0.0,0.0,-0.01,-1,-1,-0.01,-1,-1,-0.01,-1,-1,-0.01,-1,-1,-0.01,-1,-1,-0.01,-1,-1,-0.01,-1,-1,-0.01,-1,-1,-0.01,-1,-1,-0.01,-1,-1
99926009,2026-05-18 11:28:45+05:30,53093.95,0,0.0,0,0.0,0.0,53282.15,53308.4,52783.45,53710.35,0,0.0,0.0,0.0,0.0,-0.01,-1,-1,-0.01,-1,-1,-0.01,-1,-1,-0.01,-1,-1,-0.01,-1,-1,-0.01,-1,-1,-0.01,-1,-1,-0.01,-1,-1,-0.01,-1,-1,-0.01,-1,-1
99926009,2026-05-18 11:28:45+05:30,53094.85,0,0.0,0,0.0,0.0,53282.15,53308.4,52783.45,53710.35,0,0.0,0.0,0.0,0.0,-0.01,-1,-1,-0.01,-1,-1,-0.01,-1,-1,-0.01,-1,-1,-0.01,-1,-1,-0.01,-1,-1,-0.01,-1,-1,-0.01,-1,-1,-0.01,-1,-1,-0.01,-1,-1
99926009,2026-05-18 11:28:46+05:30,53093.95,0,0.0,0,0.0,0.0,53282.15,53308.4,52783.45,53710.35,0,0.0,0.0,0.0,0.0,-0.01,-1,-1,-0.01,-1,-1,-0.01,-1,-1,-0.01,-1,-1,-0.01,-1,-1,-0.01,-1,-1,-0.01,-1,-1,-0.01,-1,-1,-0.01,-1,-1,-0.01,-1,-1
99926009,2026-05-18 11:28:46+05:30,53095.85,0,0.0,0,0.0,0.0,53282.15,53308.4,52783.45,53710.35,0,0.0,0.0,0.0,0.0,-0.01,-1,-1,-0.01,-1,-1,-0.01,-1,-1,-0.01,-1,-1,-0.01,-1,-1,-0.01,-1,-1,-0.01,-1,-1,-0.01,-1,-1,-0.01,-1,-1,-0.01,-1,-1
99926009,2026-05-18 11:28:47+05:30,53093.3,0,0.0,0,0.0,0.0,53282.15,53308.4,52783.45,53710.35,0,0.0,0.0,0.0,0.0,-0.01,-1,-1,-0.01,-1,-1,-0.01,-1,-1,-0.01,-1,-1,-0.01,-1,-1,-0.01,-1,-1,-0.01,-1,-1,-0.01,-1,-1,-0.01,-1,-1,-0.01,-1,-1
99926009,2026-05-18 11:28:47+05:30,53093.45,0,0.0,0,0.0,0.0,53282.15,53308.4,52783.45,53710.35,0,0.0,0.0,0.0,0.0,-0.01,-1,-1,-0.01,-1,-1,-0.01,-1,-1,-0.01,-1,-1,-0.01,-1,-1,-0.01,-1,-1,-0.01,-1,-1,-0.01,-1,-1,-0.01,-1,-1,-0.01,-1,-1
99926009,2026-05-18 11:28:48+05:30,53093.95,0,0.0,0,0.0,0.0,53282.15,53308.4,52783.45,53710.35,0,0.0,0.0,0.0,0.0,-0.01,-1,-1,-0.01,-1,-1,-0.01,-1,-1,-0.01,-1,-1,-0.01,-1,-1,-0.01,-1,-1,-0.01,-1,-1,-0.01,-1,-1,-0.01,-1,-1,-0.01,-1,-1
99926009,2026-05-18 11:28:48+05:30,53093.7,0,0.0,0,0.0,0.0,53282.15,53308.4,52783.45,53710.35,0,0.0,0.0,0.0,0.0,-0.01,-1,-1,-0.01,-1,-1,-0.01,-1,-1,-0.01,-1,-1,-0.01,-1,-1,-0.01,-1,-1,-0.01,-1,-1,-0.01,-1,-1,-0.01,-1,-1,-0.01,-1,-1
99926009,2026-05-18 11:28:49+05:30,53093.6,0,0.0,0,0.0,0.0,53282.15,53308.4,52783.45,53710.35,0,0.0,0.0,0.0,0.0,-0.01,-1,-1,-0.01,-1,-1,-0.01,-1,-1,-0.01,-1,-1,-0.01,-1,-1,-0.01,-1,-1,-0.01,-1,-1,-0.01,-1,-1,-0.01,-1,-1,-0.01,-1,-1
99926009,2026-05-18 11:28:49+05:30,53094.95,0,0.0,0,0.0,0.0,53282.15,53308.4,52783.45,53710.35,0,0.0,0.0,0.0,0.0,-0.01,-1,-1,-0.01,-1,-1,-0.01,-1,-1,-0.01,-1,-1,-0.01,-1,-1,-0.01,-1,-1,-0.01,-1,-1,-0.01,-1,-1,-0.01,-1,-1,-0.01,-1,-1
99926009,2026-05-18 11:28:50+05:30,53092.8,0,0.0,0,0.0,0.0,53282.15,53308.4,52783.45,53710.35,0,0.0,0.0,0.0,0.0,-0.01,-1,-1,-0.01,-1,-1,-0.01,-1,-1,-0.01,-1,-1,-0.01,-1,-1,-0.01,-1,-1,-0.01,-1,-1,-0.01,-1,-1,-0.01,-1,-1,-0.01,-1,-1
99926009,2026-05-18 11:28:50+05:30,53094.1,0,0.0,0,0.0,0.0,53282.15,53308.4,52783.45,53710.35,0,0.0,0.0,0.0,0.0,-0.01,-1,-1,-0.01,-1,-1,-0.01,-1,-1,-0.01,-1,-1,-0.01,-1,-1,-0.01,-1,-1,-0.01,-1,-1,-0.01,-1,-1,-0.01,-1,-1,-0.01,-1,-1
99926009,2026-05-18 11:28:51+05:30,53090.9,0,0.0,0,0.0,0.0,53282.15,53308.4,52783.45,53710.35,0,0.0,0.0,0.0,0.0,-0.01,-1,-1,-0.01,-1,-1,-0.01,-1,-1,-0.01,-1,-1,-0.01,-1,-1,-0.01,-1,-1,-0.01,-1,-1,-0.01,-1,-1,-0.01,-1,-1,-0.01,-1,-1
99926009,2026-05-18 11:28:51+05:30,53091.95,0,0.0,0,0.0,0.0,53282.15,53308.4,52783.45,53710.35,0,0.0,0.0,0.0,0.0,-0.01,-1,-1,-0.01,-1,-1,-0.01,-1,-1,-0.01,-1,-1,-0.01,-1,-1,-0.01,-1,-1,-0.01,-1,-1,-0.01,-1,-1,-0.01,-1,-1,-0.01,-1,-1
99926009,2026-05-18 11:28:52+05:30,53090.45,0,0.0,0,0.0,0.0,53282.15,53308.4,52783.45,53710.35,0,0.0,0.0,0.0,0.0,-0.01,-1,-1,-0.01,-1,-1,-0.01,-1,-1,-0.01,-1,-1,-0.01,-1,-1,-0.01,-1,-1,-0.01,-1,-1,-0.01,-1,-1,-0.01,-1,-1,-0.01,-1,-1
99926009,2026-05-18 11:28:52+05:30,53090.25,0,0.0,0,0.0,0.0,53282.15,53308.4,52783.45,53710.35,0,0.0,0.0,0.0,0.0,-0.01,-1,-1,-0.01,-1,-1,-0.01,-1,-1,-0.01,-1,-1,-0.01,-1,-1,-0.01,-1,-1,-0.01,-1,-1,-0.01,-1,-1,-0.01,-1,-1,-0.01,-1,-1
99926009,2026-05-18 11:28:53+05:30,53090.6,0,0.0,0,0.0,0.0,53282.15,53308.4,52783.45,53710.35,0,0.0,0.0,0.0,0.0,-0.01,-1,-1,-0.01,-1,-1,-0.01,-1,-1,-0.01,-1,-1,-0.01,-1,-1,-0.01,-1,-1,-0.01,-1,-1,-0.01,-1,-1,-0.01,-1,-1,-0.01,-1,-1
99926009,2026-05-18 11:28:53+05:30,53091.3,0,0.0,0,0.0,0.0,53282.15,53308.4,52783.45,53710.35,0,0.0,0.0,0.0,0.0,-0.01,-1,-1,-0.01,-1,-1,-0.01,-1,-1,-0.01,-1,-1,-0.01,-1,-1,-0.01,-1,-1,-0.01,-1,-1,-0.01,-1,-1,-0.01,-1,-1,-0.01,-1,-1
99926009,2026-05-18 11:28:54+05:30,53090.45,0,0.0,0,0.0,0.0,53282.15,53308.4,52783.45,53710.35,0,0.0,0.0,0.0,0.0,-0.01,-1,-1,-0.01,-1,-1,-0.01,-1,-1,-0.01,-1,-1,-0.01,-1,-1,-0.01,-1,-1,-0.01,-1,-1,-0.01,-1,-1,-0.01,-1,-1,-0.01,-1,-1
99926009,2026-05-18 11:28:54+05:30,53091.25,0,0.0,0,0.0,0.0,53282.15,53308.4,52783.45,53710.35,0,0.0,0.0,0.0,0.0,-0.01,-1,-1,-0.01,-1,-1,-0.01,-1,-1,-0.01,-1,-1,-0.01,-1,-1,-0.01,-1,-1,-0.01,-1,-1,-0.01,-1,-1,-0.01,-1,-1,-0.01,-1,-1
99926009,2026-05-18 11:28:55+05:30,53091.9,0,0.0,0,0.0,0.0,53282.15,53308.4,52783.45,53710.35,0,0.0,0.0,0.0,0.0,-0.01,-1,-1,-0.01,-1,-1,-0.01,-1,-1,-0.01,-1,-1,-0.01,-1,-1,-0.01,-1,-1,-0.01,-1,-1,-0.01,-1,-1,-0.01,-1,-1,-0.01,-1,-1
99926009,2026-05-18 11:28:55+05:30,53092.4,0,0.0,0,0.0,0.0,53282.15,53308.4,52783.45,53710.35,0,0.0,0.0,0.0,0.0,-0.01,-1,-1,-0.01,-1,-1,-0.01,-1,-1,-0.01,-1,-1,-0.01,-1,-1,-0.01,-1,-1,-0.01,-1,-1,-0.01,-1,-1,-0.01,-1,-1,-0.01,-1,-1
99926009,2026-05-18 11:28:56+05:30,53090.6,0,0.0,0,0.0,0.0,53282.15,53308.4,52783.45,53710.35,0,0.0,0.0,0.0,0.0,-0.01,-1,-1,-0.01,-1,-1,-0.01,-1,-1,-0.01,-1,-1,-0.01,-1,-1,-0.01,-1,-1,-0.01,-1,-1,-0.01,-1,-1,-0.01,-1,-1,-0.01,-1,-1
99926009,2026-05-18 11:28:56+05:30,53090.9,0,0.0,0,0.0,0.0,53282.15,53308.4,52783.45,53710.35,0,0.0,0.0,0.0,0.0,-0.01,-1,-1,-0.01,-1,-1,-0.01,-1,-1,-0.01,-1,-1,-0.01,-1,-1,-0.01,-1,-1,-0.01,-1,-1,-0.01,-1,-1,-0.01,-1,-1,-0.01,-1,-1
99926009,2026-05-18 11:28:57+05:30,53089.9,0,0.0,0,0.0,0.0,53282.15,53308.4,52783.45,53710.35,0,0.0,0.0,0.0,0.0,-0.01,-1,-1,-0.01,-1,-1,-0.01,-1,-1,-0.01,-1,-1,-0.01,-1,-1,-0.01,-1,-1,-0.01,-1,-1,-0.01,-1,-1,-0.01,-1,-1,-0.01,-1,-1
99926009,2026-05-18 11:28:57+05:30,53091.4,0,0.0,0,0.0,0.0,53282.15,53308.4,52783.45,53710.35,0,0.0,0.0,0.0,0.0,-0.01,-1,-1,-0.01,-1,-1,-0.01,-1,-1,-0.01,-1,-1,-0.01,-1,-1,-0.01,-1,-1,-0.01,-1,-1,-0.01,-1,-1,-0.01,-1,-1,-0.01,-1,-1
99926009,2026-05-18 11:28:58+05:30,53087.15,0,0.0,0,0.0,0.0,53282.15,53308.4,52783.45,53710.35,0,0.0,0.0,0.0,0.0,-0.01,-1,-1,-0.01,-1,-1,-0.01,-1,-1,-0.01,-1,-1,-0.01,-1,-1,-0.01,-1,-1,-0.01,-1,-1,-0.01,-1,-1,-0.01,-1,-1,-0.01,-1,-1
99926009,2026-05-18 11:28:58+05:30,53090.45,0,0.0,0,0.0,0.0,53282.15,53308.4,52783.45,53710.35,0,0.0,0.0,0.0,0.0,-0.01,-1,-1,-0.01,-1,-1,-0.01,-1,-1,-0.01,-1,-1,-0.01,-1,-1,-0.01,-1,-1,-0.01,-1,-1,-0.01,-1,-1,-0.01,-1,-1,-0.01,-1,-1
99926009,2026-05-18 11:28:59+05:30,53091.7,0,0.0,0,0.0,0.0,53282.15,53308.4,52783.45,53710.35,0,0.0,0.0,0.0,0.0,-0.01,-1,-1,-0.01,-1,-1,-0.01,-1,-1,-0.01,-1,-1,-0.01,-1,-1,-0.01,-1,-1,-0.01,-1,-1,-0.01,-1,-1,-0.01,-1,-1,-0.01,-1,-1
99926009,2026-05-18 11:28:59+05:30,53089.1,0,0.0,0,0.0,0.0,53282.15,53308.4,52783.45,53710.35,0,0.0,0.0,0.0,0.0,-0.01,-1,-1,-0.01,-1,-1,-0.01,-1,-1,-0.01,-1,-1,-0.01,-1,-1,-0.01,-1,-1,-0.01,-1,-1,-0.01,-1,-1,-0.01,-1,-1,-0.01,-1,-1
99926009,2026-05-18 11:29:00+05:30,53088.4,0,0.0,0,0.0,0.0,53282.15,53308.4,52783.45,53710.35,0,0.0,0.0,0.0,0.0,-0.01,-1,-1,-0.01,-1,-1,-0.01,-1,-1,-0.01,-1,-1,-0.01,-1,-1,-0.01,-1,-1,-0.01,-1,-1,-0.01,-1,-1,-0.01,-1,-1,-0.01,-1,-1
99926009,2026-05-18 11:29:00+05:30,53088.4,0,0.0,0,0.0,0.0,53282.15,53308.4,52783.45,53710.35,0,0.0,0.0,0.0,0.0,-0.01,-1,-1,-0.01,-1,-1,-0.01,-1,-1,-0.01,-1,-1,-0.01,-1,-1,-0.01,-1,-1,-0.01,-1,-1,-0.01,-1,-1,-0.01,-1,-1,-0.01,-1,-1
99926009,2026-05-18 11:29:01+05:30,53088.35,0,0.0,0,0.0,0.0,53282.15,53308.4,52783.45,53710.35,0,0.0,0.0,0.0,0.0,-0.01,-1,-1,-0.01,-1,-1,-0.01,-1,-1,-0.01,-1,-1,-0.01,-1,-1,-0.01,-1,-1,-0.01,-1,-1,-0.01,-1,-1,-0.01,-1,-1,-0.01,-1,-1
99926009,2026-05-18 11:29:01+05:30,53088.75,0,0.0,0,0.0,0.0,53282.15,53308.4,52783.45,53710.35,0,0.0,0.0,0.0,0.0,-0.01,-1,-1,-0.01,-1,-1,-0.01,-1,-1,-0.01,-1,-1,-0.01,-1,-1,-0.01,-1,-1,-0.01,-1,-1,-0.01,-1,-1,-0.01,-1,-1,-0.01,-1,-1
99926009,2026-05-18 11:29:02+05:30,53087.9,0,0.0,0,0.0,0.0,53282.15,53308.4,52783.45,53710.35,0,0.0,0.0,0.0,0.0,-0.01,-1,-1,-0.01,-1,-1,-0.01,-1,-1,-0.01,-1,-1,-0.01,-1,-1,-0.01,-1,-1,-0.01,-1,-1,-0.01,-1,-1,-0.01,-1,-1,-0.01,-1,-1
99926009,2026-05-18 11:29:02+05:30,53087.8,0,0.0,0,0.0,0.0,53282.15,53308.4,52783.45,53710.35,0,0.0,0.0,0.0,0.0,-0.01,-1,-1,-0.01,-1,-1,-0.01,-1,-1,-0.01,-1,-1,-0.01,-1,-1,-0.01,-1,-1,-0.01,-1,-1,-0.01,-1,-1,-0.01,-1,-1,-0.01,-1,-1
99926009,2026-05-18 11:29:03+05:30,53082.9,0,0.0,0,0.0,0.0,53282.15,53308.4,52783.45,53710.35,0,0.0,0.0,0.0,0.0,-0.01,-1,-1,-0.01,-1,-1,-0.01,-1,-1,-0.01,-1,-1,-0.01,-1,-1,-0.01,-1,-1,-0.01,-1,-1,-0.01,-1,-1,-0.01,-1,-1,-0.01,-1,-1
99926009,2026-05-18 11:29:03+05:30,53087.1,0,0.0,0,0.0,0.0,53282.15,53308.4,52783.45,53710.35,0,0.0,0.0,0.0,0.0,-0.01,-1,-1,-0.01,-1,-1,-0.01,-1,-1,-0.01,-1,-1,-0.01,-1,-1,-0.01,-1,-1,-0.01,-1,-1,-0.01,-1,-1,-0.01,-1,-1,-0.01,-1,-1
99926009,2026-05-18 11:29:04+05:30,53087.95,0,0.0,0,0.0,0.0,53282.15,53308.4,52783.45,53710.35,0,0.0,0.0,0.0,0.0,-0.01,-1,-1,-0.01,-1,-1,-0.01,-1,-1,-0.01,-1,-1,-0.01,-1,-1,-0.01,-1,-1,-0.01,-1,-1,-0.01,-1,-1,-0.01,-1,-1,-0.01,-1,-1
99926009,2026-05-18 11:29:04+05:30,53083.7,0,0.0,0,0.0,0.0,53282.15,53308.4,52783.45,53710.35,0,0.0,0.0,0.0,0.0,-0.01,-1,-1,-0.01,-1,-1,-0.01,-1,-1,-0.01,-1,-1,-0.01,-1,-1,-0.01,-1,-1,-0.01,-1,-1,-0.01,-1,-1,-0.01,-1,-1,-0.01,-1,-1
99926009,2026-05-18 11:29:05+05:30,53087.7,0,0.0,0,0.0,0.0,53282.15,53308.4,52783.45,53710.35,0,0.0,0.0,0.0,0.0,-0.01,-1,-1,-0.01,-1,-1,-0.01,-1,-1,-0.01,-1,-1,-0.01,-1,-1,-0.01,-1,-1,-0.01,-1,-1,-0.01,-1,-1,-0.01,-1,-1,-0.01,-1,-1
99926009,2026-05-18 11:29:05+05:30,53091.45,0,0.0,0,0.0,0.0,53282.15,53308.4,52783.45,53710.35,0,0.0,0.0,0.0,0.0,-0.01,-1,-1,-0.01,-1,-1,-0.01,-1,-1,-0.01,-1,-1,-0.01,-1,-1,-0.01,-1,-1,-0.01,-1,-1,-0.01,-1,-1,-0.01,-1,-1,-0.01,-1,-1
99926009,2026-05-18 11:29:06+05:30,53090.2,0,0.0,0,0.0,0.0,53282.15,53308.4,52783.45,53710.35,0,0.0,0.0,0.0,0.0,-0.01,-1,-1,-0.01,-1,-1,-0.01,-1,-1,-0.01,-1,-1,-0.01,-1,-1,-0.01,-1,-1,-0.01,-1,-1,-0.01,-1,-1,-0.01,-1,-1,-0.01,-1,-1
99926009,2026-05-18 11:29:06+05:30,53087.3,0,0.0,0,0.0,0.0,53282.15,53308.4,52783.45,53710.35,0,0.0,0.0,0.0,0.0,-0.01,-1,-1,-0.01,-1,-1,-0.01,-1,-1,-0.01,-1,-1,-0.01,-1,-1,-0.01,-1,-1,-0.01,-1,-1,-0.01,-1,-1,-0.01,-1,-1,-0.01,-1,-1
99926009,2026-05-18 11:29:07+05:30,53089.2,0,0.0,0,0.0,0.0,53282.15,53308.4,52783.45,53710.35,0,0.0,0.0,0.0,0.0,-0.01,-1,-1,-0.01,-1,-1,-0.01,-1,-1,-0.01,-1,-1,-0.01,-1,-1,-0.01,-1,-1,-0.01,-1,-1,-0.01,-1,-1,-0.01,-1,-1,-0.01,-1,-1
99926009,2026-05-18 11:29:07+05:30,53086.8,0,0.0,0,0.0,0.0,53282.15,53308.4,52783.45,53710.35,0,0.0,0.0,0.0,0.0,-0.01,-1,-1,-0.01,-1,-1,-0.01,-1,-1,-0.01,-1,-1,-0.01,-1,-1,-0.01,-1,-1,-0.01,-1,-1,-0.01,-1,-1,-0.01,-1,-1,-0.01,-1,-1
99926009,2026-05-18 11:29:08+05:30,53086.0,0,0.0,0,0.0,0.0,53282.15,53308.4,52783.45,53710.35,0,0.0,0.0,0.0,0.0,-0.01,-1,-1,-0.01,-1,-1,-0.01,-1,-1,-0.01,-1,-1,-0.01,-1,-1,-0.01,-1,-1,-0.01,-1,-1,-0.01,-1,-1,-0.01,-1,-1,-0.01,-1,-1
99926009,2026-05-18 11:29:08+05:30,53088.75,0,0.0,0,0.0,0.0,53282.15,53308.4,52783.45,53710.35,0,0.0,0.0,0.0,0.0,-0.01,-1,-1,-0.01,-1,-1,-0.01,-1,-1,-0.01,-1,-1,-0.01,-1,-1,-0.01,-1,-1,-0.01,-1,-1,-0.01,-1,-1,-0.01,-1,-1,-0.01,-1,-1
99926009,2026-05-18 11:29:09+05:30,53089.15,0,0.0,0,0.0,0.0,53282.15,53308.4,52783.45,53710.35,0,0.0,0.0,0.0,0.0,-0.01,-1,-1,-0.01,-1,-1,-0.01,-1,-1,-0.01,-1,-1,-0.01,-1,-1,-0.01,-1,-1,-0.01,-1,-1,-0.01,-1,-1,-0.01,-1,-1,-0.01,-1,-1
99926009,2026-05-18 11:29:09+05:30,53090.05,0,0.0,0,0.0,0.0,53282.15,53308.4,52783.45,53710.35,0,0.0,0.0,0.0,0.0,-0.01,-1,-1,-0.01,-1,-1,-0.01,-1,-1,-0.01,-1,-1,-0.01,-1,-1,-0.01,-1,-1,-0.01,-1,-1,-0.01,-1,-1,-0.01,-1,-1,-0.01,-1,-1
99926009,2026-05-18 11:29:10+05:30,53088.4,0,0.0,0,0.0,0.0,53282.15,53308.4,52783.45,53710.35,0,0.0,0.0,0.0,0.0,-0.01,-1,-1,-0.01,-1,-1,-0.01,-1,-1,-0.01,-1,-1,-0.01,-1,-1,-0.01,-1,-1,-0.01,-1,-1,-0.01,-1,-1,-0.01,-1,-1,-0.01,-1,-1
99926009,2026-05-18 11:29:10+05:30,53087.4,0,0.0,0,0.0,0.0,53282.15,53308.4,52783.45,53710.35,0,0.0,0.0,0.0,0.0,-0.01,-1,-1,-0.01,-1,-1,-0.01,-1,-1,-0.01,-1,-1,-0.01,-1,-1,-0.01,-1,-1,-0.01,-1,-1,-0.01,-1,-1,-0.01,-1,-1,-0.01,-1,-1
99926009,2026-05-18 11:29:11+05:30,53088.65,0,0.0,0,0.0,0.0,53282.15,53308.4,52783.45,53710.35,0,0.0,0.0,0.0,0.0,-0.01,-1,-1,-0.01,-1,-1,-0.01,-1,-1,-0.01,-1,-1,-0.01,-1,-1,-0.01,-1,-1,-0.01,-1,-1,-0.01,-1,-1,-0.01,-1,-1,-0.01,-1,-1
99926009,2026-05-18 11:29:11+05:30,53091.7,0,0.0,0,0.0,0.0,53282.15,53308.4,52783.45,53710.35,0,0.0,0.0,0.0,0.0,-0.01,-1,-1,-0.01,-1,-1,-0.01,-1,-1,-0.01,-1,-1,-0.01,-1,-1,-0.01,-1,-1,-0.01,-1,-1,-0.01,-1,-1,-0.01,-1,-1,-0.01,-1,-1
99926009,2026-05-18 11:29:12+05:30,53091.55,0,0.0,0,0.0,0.0,53282.15,53308.4,52783.45,53710.35,0,0.0,0.0,0.0,0.0,-0.01,-1,-1,-0.01,-1,-1,-0.01,-1,-1,-0.01,-1,-1,-0.01,-1,-1,-0.01,-1,-1,-0.01,-1,-1,-0.01,-1,-1,-0.01,-1,-1,-0.01,-1,-1
99926009,2026-05-18 11:29:12+05:30,53090.2,0,0.0,0,0.0,0.0,53282.15,53308.4,52783.45,53710.35,0,0.0,0.0,0.0,0.0,-0.01,-1,-1,-0.01,-1,-1,-0.01,-1,-1,-0.01,-1,-1,-0.01,-1,-1,-0.01,-1,-1,-0.01,-1,-1,-0.01,-1,-1,-0.01,-1,-1,-0.01,-1,-1
99926009,2026-05-18 11:29:13+05:30,53090.05,0,0.0,0,0.0,0.0,53282.15,53308.4,52783.45,53710.35,0,0.0,0.0,0.0,0.0,-0.01,-1,-1,-0.01,-1,-1,-0.01,-1,-1,-0.01,-1,-1,-0.01,-1,-1,-0.01,-1,-1,-0.01,-1,-1,-0.01,-1,-1,-0.01,-1,-1,-0.01,-1,-1
99926009,2026-05-18 11:29:13+05:30,53090.75,0,0.0,0,0.0,0.0,53282.15,53308.4,52783.45,53710.35,0,0.0,0.0,0.0,0.0,-0.01,-1,-1,-0.01,-1,-1,-0.01,-1,-1,-0.01,-1,-1,-0.01,-1,-1,-0.01,-1,-1,-0.01,-1,-1,-0.01,-1,-1,-0.01,-1,-1,-0.01,-1,-1
99926009,2026-05-18 11:29:14+05:30,53092.05,0,0.0,0,0.0,0.0,53282.15,53308.4,52783.45,53710.35,0,0.0,0.0,0.0,0.0,-0.01,-1,-1,-0.01,-1,-1,-0.01,-1,-1,-0.01,-1,-1,-0.01,-1,-1,-0.01,-1,-1,-0.01,-1,-1,-0.01,-1,-1,-0.01,-1,-1,-0.01,-1,-1
99926009,2026-05-18 11:29:14+05:30,53092.1,0,0.0,0,0.0,0.0,53282.15,53308.4,52783.45,53710.35,0,0.0,0.0,0.0,0.0,-0.01,-1,-1,-0.01,-1,-1,-0.01,-1,-1,-0.01,-1,-1,-0.01,-1,-1,-0.01,-1,-1,-0.01,-1,-1,-0.01,-1,-1,-0.01,-1,-1,-0.01,-1,-1
99926009,2026-05-18 11:29:15+05:30,53091.25,0,0.0,0,0.0,0.0,53282.15,53308.4,52783.45,53710.35,0,0.0,0.0,0.0,0.0,-0.01,-1,-1,-0.01,-1,-1,-0.01,-1,-1,-0.01,-1,-1,-0.01,-1,-1,-0.01,-1,-1,-0.01,-1,-1,-0.01,-1,-1,-0.01,-1,-1,-0.01,-1,-1
99926009,2026-05-18 11:29:15+05:30,53093.75,0,0.0,0,0.0,0.0,53282.15,53308.4,52783.45,53710.35,0,0.0,0.0,0.0,0.0,-0.01,-1,-1,-0.01,-1,-1,-0.01,-1,-1,-0.01,-1,-1,-0.01,-1,-1,-0.01,-1,-1,-0.01,-1,-1,-0.01,-1,-1,-0.01,-1,-1,-0.01,-1,-1
99926009,2026-05-18 11:29:16+05:30,53092.9,0,0.0,0,0.0,0.0,53282.15,53308.4,52783.45,53710.35,0,0.0,0.0,0.0,0.0,-0.01,-1,-1,-0.01,-1,-1,-0.01,-1,-1,-0.01,-1,-1,-0.01,-1,-1,-0.01,-1,-1,-0.01,-1,-1,-0.01,-1,-1,-0.01,-1,-1,-0.01,-1,-1
99926009,2026-05-18 11:29:16+05:30,53091.95,0,0.0,0,0.0,0.0,53282.15,53308.4,52783.45,53710.35,0,0.0,0.0,0.0,0.0,-0.01,-1,-1,-0.01,-1,-1,-0.01,-1,-1,-0.01,-1,-1,-0.01,-1,-1,-0.01,-1,-1,-0.01,-1,-1,-0.01,-1,-1,-0.01,-1,-1,-0.01,-1,-1
99926009,2026-05-18 11:29:17+05:30,53091.15,0,0.0,0,0.0,0.0,53282.15,53308.4,52783.45,53710.35,0,0.0,0.0,0.0,0.0,-0.01,-1,-1,-0.01,-1,-1,-0.01,-1,-1,-0.01,-1,-1,-0.01,-1,-1,-0.01,-1,-1,-0.01,-1,-1,-0.01,-1,-1,-0.01,-1,-1,-0.01,-1,-1
99926009,2026-05-18 11:29:17+05:30,53092.3,0,0.0,0,0.0,0.0,53282.15,53308.4,52783.45,53710.35,0,0.0,0.0,0.0,0.0,-0.01,-1,-1,-0.01,-1,-1,-0.01,-1,-1,-0.01,-1,-1,-0.01,-1,-1,-0.01,-1,-1,-0.01,-1,-1,-0.01,-1,-1,-0.01,-1,-1,-0.01,-1,-1
99926009,2026-05-18 11:29:18+05:30,53092.55,0,0.0,0,0.0,0.0,53282.15,53308.4,52783.45,53710.35,0,0.0,0.0,0.0,0.0,-0.01,-1,-1,-0.01,-1,-1,-0.01,-1,-1,-0.01,-1,-1,-0.01,-1,-1,-0.01,-1,-1,-0.01,-1,-1,-0.01,-1,-1,-0.01,-1,-1,-0.01,-1,-1
99926009,2026-05-18 11:29:18+05:30,53091.85,0,0.0,0,0.0,0.0,53282.15,53308.4,52783.45,53710.35,0,0.0,0.0,0.0,0.0,-0.01,-1,-1,-0.01,-1,-1,-0.01,-1,-1,-0.01,-1,-1,-0.01,-1,-1,-0.01,-1,-1,-0.01,-1,-1,-0.01,-1,-1,-0.01,-1,-1,-0.01,-1,-1
99926009,2026-05-18 11:29:19+05:30,53092.3,0,0.0,0,0.0,0.0,53282.15,53308.4,52783.45,53710.35,0,0.0,0.0,0.0,0.0,-0.01,-1,-1,-0.01,-1,-1,-0.01,-1,-1,-0.01,-1,-1,-0.01,-1,-1,-0.01,-1,-1,-0.01,-1,-1,-0.01,-1,-1,-0.01,-1,-1,-0.01,-1,-1
99926009,2026-05-18 11:29:19+05:30,53092.4,0,0.0,0,0.0,0.0,53282.15,53308.4,52783.45,53710.35,0,0.0,0.0,0.0,0.0,-0.01,-1,-1,-0.01,-1,-1,-0.01,-1,-1,-0.01,-1,-1,-0.01,-1,-1,-0.01,-1,-1,-0.01,-1,-1,-0.01,-1,-1,-0.01,-1,-1,-0.01,-1,-1
99926009,2026-05-18 11:29:20+05:30,53090.7,0,0.0,0,0.0,0.0,53282.15,53308.4,52783.45,53710.35,0,0.0,0.0,0.0,0.0,-0.01,-1,-1,-0.01,-1,-1,-0.01,-1,-1,-0.01,-1,-1,-0.01,-1,-1,-0.01,-1,-1,-0.01,-1,-1,-0.01,-1,-1,-0.01,-1,-1,-0.01,-1,-1
99926009,2026-05-18 11:29:20+05:30,53091.8,0,0.0,0,0.0,0.0,53282.15,53308.4,52783.45,53710.35,0,0.0,0.0,0.0,0.0,-0.01,-1,-1,-0.01,-1,-1,-0.01,-1,-1,-0.01,-1,-1,-0.01,-1,-1,-0.01,-1,-1,-0.01,-1,-1,-0.01,-1,-1,-0.01,-1,-1,-0.01,-1,-1
99926009,2026-05-18 11:29:21+05:30,53090.5,0,0.0,0,0.0,0.0,53282.15,53308.4,52783.45,53710.35,0,0.0,0.0,0.0,0.0,-0.01,-1,-1,-0.01,-1,-1,-0.01,-1,-1,-0.01,-1,-1,-0.01,-1,-1,-0.01,-1,-1,-0.01,-1,-1,-0.01,-1,-1,-0.01,-1,-1,-0.01,-1,-1
99926009,2026-05-18 11:29:21+05:30,53091.65,0,0.0,0,0.0,0.0,53282.15,53308.4,52783.45,53710.35,0,0.0,0.0,0.0,0.0,-0.01,-1,-1,-0.01,-1,-1,-0.01,-1,-1,-0.01,-1,-1,-0.01,-1,-1,-0.01,-1,-1,-0.01,-1,-1,-0.01,-1,-1,-0.01,-1,-1,-0.01,-1,-1
99926009,2026-05-18 11:29:22+05:30,53091.9,0,0.0,0,0.0,0.0,53282.15,53308.4,52783.45,53710.35,0,0.0,0.0,0.0,0.0,-0.01,-1,-1,-0.01,-1,-1,-0.01,-1,-1,-0.01,-1,-1,-0.01,-1,-1,-0.01,-1,-1,-0.01,-1,-1,-0.01,-1,-1,-0.01,-1,-1,-0.01,-1,-1
99926009,2026-05-18 11:29:22+05:30,53091.25,0,0.0,0,0.0,0.0,53282.15,53308.4,52783.45,53710.35,0,0.0,0.0,0.0,0.0,-0.01,-1,-1,-0.01,-1,-1,-0.01,-1,-1,-0.01,-1,-1,-0.01,-1,-1,-0.01,-1,-1,-0.01,-1,-1,-0.01,-1,-1,-0.01,-1,-1,-0.01,-1,-1
99926009,2026-05-18 11:29:23+05:30,53090.7,0,0.0,0,0.0,0.0,53282.15,53308.4,52783.45,53710.35,0,0.0,0.0,0.0,0.0,-0.01,-1,-1,-0.01,-1,-1,-0.01,-1,-1,-0.01,-1,-1,-0.01,-1,-1,-0.01,-1,-1,-0.01,-1,-1,-0.01,-1,-1,-0.01,-1,-1,-0.01,-1,-1
99926009,2026-05-18 11:29:23+05:30,53092.1,0,0.0,0,0.0,0.0,53282.15,53308.4,52783.45,53710.35,0,0.0,0.0,0.0,0.0,-0.01,-1,-1,-0.01,-1,-1,-0.01,-1,-1,-0.01,-1,-1,-0.01,-1,-1,-0.01,-1,-1,-0.01,-1,-1,-0.01,-1,-1,-0.01,-1,-1,-0.01,-1,-1
99926009,2026-05-18 11:29:24+05:30,53088.5,0,0.0,0,0.0,0.0,53282.15,53308.4,52783.45,53710.35,0,0.0,0.0,0.0,0.0,-0.01,-1,-1,-0.01,-1,-1,-0.01,-1,-1,-0.01,-1,-1,-0.01,-1,-1,-0.01,-1,-1,-0.01,-1,-1,-0.01,-1,-1,-0.01,-1,-1,-0.01,-1,-1
99926009,2026-05-18 11:29:24+05:30,53088.7,0,0.0,0,0.0,0.0,53282.15,53308.4,52783.45,53710.35,0,0.0,0.0,0.0,0.0,-0.01,-1,-1,-0.01,-1,-1,-0.01,-1,-1,-0.01,-1,-1,-0.01,-1,-1,-0.01,-1,-1,-0.01,-1,-1,-0.01,-1,-1,-0.01,-1,-1,-0.01,-1,-1
99926009,2026-05-18 11:29:25+05:30,53091.6,0,0.0,0,0.0,0.0,53282.15,53308.4,52783.45,53710.35,0,0.0,0.0,0.0,0.0,-0.01,-1,-1,-0.01,-1,-1,-0.01,-1,-1,-0.01,-1,-1,-0.01,-1,-1,-0.01,-1,-1,-0.01,-1,-1,-0.01,-1,-1,-0.01,-1,-1,-0.01,-1,-1
99926009,2026-05-18 11:29:25+05:30,53089.9,0,0.0,0,0.0,0.0,53282.15,53308.4,52783.45,53710.35,0,0.0,0.0,0.0,0.0,-0.01,-1,-1,-0.01,-1,-1,-0.01,-1,-1,-0.01,-1,-1,-0.01,-1,-1,-0.01,-1,-1,-0.01,-1,-1,-0.01,-1,-1,-0.01,-1,-1,-0.01,-1,-1
99926009,2026-05-18 11:29:26+05:30,53091.5,0,0.0,0,0.0,0.0,53282.15,53308.4,52783.45,53710.35,0,0.0,0.0,0.0,0.0,-0.01,-1,-1,-0.01,-1,-1,-0.01,-1,-1,-0.01,-1,-1,-0.01,-1,-1,-0.01,-1,-1,-0.01,-1,-1,-0.01,-1,-1,-0.01,-1,-1,-0.01,-1,-1
99926009,2026-05-18 11:29:26+05:30,53091.45,0,0.0,0,0.0,0.0,53282.15,53308.4,52783.45,53710.35,0,0.0,0.0,0.0,0.0,-0.01,-1,-1,-0.01,-1,-1,-0.01,-1,-1,-0.01,-1,-1,-0.01,-1,-1,-0.01,-1,-1,-0.01,-1,-1,-0.01,-1,-1,-0.01,-1,-1,-0.01,-1,-1
99926009,2026-05-18 11:29:27+05:30,53090.5,0,0.0,0,0.0,0.0,53282.15,53308.4,52783.45,53710.35,0,0.0,0.0,0.0,0.0,-0.01,-1,-1,-0.01,-1,-1,-0.01,-1,-1,-0.01,-1,-1,-0.01,-1,-1,-0.01,-1,-1,-0.01,-1,-1,-0.01,-1,-1,-0.01,-1,-1,-0.01,-1,-1
99926009,2026-05-18 11:29:27+05:30,53090.85,0,0.0,0,0.0,0.0,53282.15,53308.4,52783.45,53710.35,0,0.0,0.0,0.0,0.0,-0.01,-1,-1,-0.01,-1,-1,-0.01,-1,-1,-0.01,-1,-1,-0.01,-1,-1,-0.01,-1,-1,-0.01,-1,-1,-0.01,-1,-1,-0.01,-1,-1,-0.01,-1,-1
99926009,2026-05-18 11:29:28+05:30,53090.5,0,0.0,0,0.0,0.0,53282.15,53308.4,52783.45,53710.35,0,0.0,0.0,0.0,0.0,-0.01,-1,-1,-0.01,-1,-1,-0.01,-1,-1,-0.01,-1,-1,-0.01,-1,-1,-0.01,-1,-1,-0.01,-1,-1,-0.01,-1,-1,-0.01,-1,-1,-0.01,-1,-1
99926009,2026-05-18 11:29:28+05:30,53089.0,0,0.0,0,0.0,0.0,53282.15,53308.4,52783.45,53710.35,0,0.0,0.0,0.0,0.0,-0.01,-1,-1,-0.01,-1,-1,-0.01,-1,-1,-0.01,-1,-1,-0.01,-1,-1,-0.01,-1,-1,-0.01,-1,-1,-0.01,-1,-1,-0.01,-1,-1,-0.01,-1,-1
99926009,2026-05-18 11:29:29+05:30,53091.2,0,0.0,0,0.0,0.0,53282.15,53308.4,52783.45,53710.35,0,0.0,0.0,0.0,0.0,-0.01,-1,-1,-0.01,-1,-1,-0.01,-1,-1,-0.01,-1,-1,-0.01,-1,-1,-0.01,-1,-1,-0.01,-1,-1,-0.01,-1,-1,-0.01,-1,-1,-0.01,-1,-1
99926009,2026-05-18 11:29:29+05:30,53090.0,0,0.0,0,0.0,0.0,53282.15,53308.4,52783.45,53710.35,0,0.0,0.0,0.0,0.0,-0.01,-1,-1,-0.01,-1,-1,-0.01,-1,-1,-0.01,-1,-1,-0.01,-1,-1,-0.01,-1,-1,-0.01,-1,-1,-0.01,-1,-1,-0.01,-1,-1,-0.01,-1,-1
99926009,2026-05-18 11:29:30+05:30,53092.5,0,0.0,0,0.0,0.0,53282.15,53308.4,52783.45,53710.35,0,0.0,0.0,0.0,0.0,-0.01,-1,-1,-0.01,-1,-1,-0.01,-1,-1,-0.01,-1,-1,-0.01,-1,-1,-0.01,-1,-1,-0.01,-1,-1,-0.01,-1,-1,-0.01,-1,-1,-0.01,-1,-1
99926009,2026-05-18 11:29:30+05:30,53091.7,0,0.0,0,0.0,0.0,53282.15,53308.4,52783.45,53710.35,0,0.0,0.0,0.0,0.0,-0.01,-1,-1,-0.01,-1,-1,-0.01,-1,-1,-0.01,-1,-1,-0.01,-1,-1,-0.01,-1,-1,-0.01,-1,-1,-0.01,-1,-1,-0.01,-1,-1,-0.01,-1,-1
99926009,2026-05-18 11:29:31+05:30,53093.25,0,0.0,0,0.0,0.0,53282.15,53308.4,52783.45,53710.35,0,0.0,0.0,0.0,0.0,-0.01,-1,-1,-0.01,-1,-1,-0.01,-1,-1,-0.01,-1,-1,-0.01,-1,-1,-0.01,-1,-1,-0.01,-1,-1,-0.01,-1,-1,-0.01,-1,-1,-0.01,-1,-1
99926009,2026-05-18 11:29:31+05:30,53093.8,0,0.0,0,0.0,0.0,53282.15,53308.4,52783.45,53710.35,0,0.0,0.0,0.0,0.0,-0.01,-1,-1,-0.01,-1,-1,-0.01,-1,-1,-0.01,-1,-1,-0.01,-1,-1,-0.01,-1,-1,-0.01,-1,-1,-0.01,-1,-1,-0.01,-1,-1,-0.01,-1,-1
99926009,2026-05-18 11:29:32+05:30,53093.8,0,0.0,0,0.0,0.0,53282.15,53308.4,52783.45,53710.35,0,0.0,0.0,0.0,0.0,-0.01,-1,-1,-0.01,-1,-1,-0.01,-1,-1,-0.01,-1,-1,-0.01,-1,-1,-0.01,-1,-1,-0.01,-1,-1,-0.01,-1,-1,-0.01,-1,-1,-0.01,-1,-1
99926009,2026-05-18 11:29:32+05:30,53091.15,0,0.0,0,0.0,0.0,53282.15,53308.4,52783.45,53710.35,0,0.0,0.0,0.0,0.0,-0.01,-1,-1,-0.01,-1,-1,-0.01,-1,-1,-0.01,-1,-1,-0.01,-1,-1,-0.01,-1,-1,-0.01,-1,-1,-0.01,-1,-1,-0.01,-1,-1,-0.01,-1,-1
99926009,2026-05-18 11:29:33+05:30,53093.05,0,0.0,0,0.0,0.0,53282.15,53308.4,52783.45,53710.35,0,0.0,0.0,0.0,0.0,-0.01,-1,-1,-0.01,-1,-1,-0.01,-1,-1,-0.01,-1,-1,-0.01,-1,-1,-0.01,-1,-1,-0.01,-1,-1,-0.01,-1,-1,-0.01,-1,-1,-0.01,-1,-1
99926009,2026-05-18 11:29:33+05:30,53092.35,0,0.0,0,0.0,0.0,53282.15,53308.4,52783.45,53710.35,0,0.0,0.0,0.0,0.0,-0.01,-1,-1,-0.01,-1,-1,-0.01,-1,-1,-0.01,-1,-1,-0.01,-1,-1,-0.01,-1,-1,-0.01,-1,-1,-0.01,-1,-1,-0.01,-1,-1,-0.01,-1,-1
99926009,2026-05-18 11:29:34+05:30,53092.05,0,0.0,0,0.0,0.0,53282.15,53308.4,52783.45,53710.35,0,0.0,0.0,0.0,0.0,-0.01,-1,-1,-0.01,-1,-1,-0.01,-1,-1,-0.01,-1,-1,-0.01,-1,-1,-0.01,-1,-1,-0.01,-1,-1,-0.01,-1,-1,-0.01,-1,-1,-0.01,-1,-1
99926009,2026-05-18 11:29:34+05:30,53092.2,0,0.0,0,0.0,0.0,53282.15,53308.4,52783.45,53710.35,0,0.0,0.0,0.0,0.0,-0.01,-1,-1,-0.01,-1,-1,-0.01,-1,-1,-0.01,-1,-1,-0.01,-1,-1,-0.01,-1,-1,-0.01,-1,-1,-0.01,-1,-1,-0.01,-1,-1,-0.01,-1,-1
99926009,2026-05-18 11:29:35+05:30,53093.5,0,0.0,0,0.0,0.0,53282.15,53308.4,52783.45,53710.35,0,0.0,0.0,0.0,0.0,-0.01,-1,-1,-0.01,-1,-1,-0.01,-1,-1,-0.01,-1,-1,-0.01,-1,-1,-0.01,-1,-1,-0.01,-1,-1,-0.01,-1,-1,-0.01,-1,-1,-0.01,-1,-1
99926009,2026-05-18 11:29:35+05:30,53093.9,0,0.0,0,0.0,0.0,53282.15,53308.4,52783.45,53710.35,0,0.0,0.0,0.0,0.0,-0.01,-1,-1,-0.01,-1,-1,-0.01,-1,-1,-0.01,-1,-1,-0.01,-1,-1,-0.01,-1,-1,-0.01,-1,-1,-0.01,-1,-1,-0.01,-1,-1,-0.01,-1,-1
99926009,2026-05-18 11:29:36+05:30,53092.8,0,0.0,0,0.0,0.0,53282.15,53308.4,52783.45,53710.35,0,0.0,0.0,0.0,0.0,-0.01,-1,-1,-0.01,-1,-1,-0.01,-1,-1,-0.01,-1,-1,-0.01,-1,-1,-0.01,-1,-1,-0.01,-1,-1,-0.01,-1,-1,-0.01,-1,-1,-0.01,-1,-1
99926009,2026-05-18 11:29:36+05:30,53092.95,0,0.0,0,0.0,0.0,53282.15,53308.4,52783.45,53710.35,0,0.0,0.0,0.0,0.0,-0.01,-1,-1,-0.01,-1,-1,-0.01,-1,-1,-0.01,-1,-1,-0.01,-1,-1,-0.01,-1,-1,-0.01,-1,-1,-0.01,-1,-1,-0.01,-1,-1,-0.01,-1,-1
99926009,2026-05-18 11:29:37+05:30,53094.25,0,0.0,0,0.0,0.0,53282.15,53308.4,52783.45,53710.35,0,0.0,0.0,0.0,0.0,-0.01,-1,-1,-0.01,-1,-1,-0.01,-1,-1,-0.01,-1,-1,-0.01,-1,-1,-0.01,-1,-1,-0.01,-1,-1,-0.01,-1,-1,-0.01,-1,-1,-0.01,-1,-1
99926009,2026-05-18 11:29:37+05:30,53093.2,0,0.0,0,0.0,0.0,53282.15,53308.4,52783.45,53710.35,0,0.0,0.0,0.0,0.0,-0.01,-1,-1,-0.01,-1,-1,-0.01,-1,-1,-0.01,-1,-1,-0.01,-1,-1,-0.01,-1,-1,-0.01,-1,-1,-0.01,-1,-1,-0.01,-1,-1,-0.01,-1,-1
99926009,2026-05-18 11:29:38+05:30,53091.95,0,0.0,0,0.0,0.0,53282.15,53308.4,52783.45,53710.35,0,0.0,0.0,0.0,0.0,-0.01,-1,-1,-0.01,-1,-1,-0.01,-1,-1,-0.01,-1,-1,-0.01,-1,-1,-0.01,-1,-1,-0.01,-1,-1,-0.01,-1,-1,-0.01,-1,-1,-0.01,-1,-1
99926009,2026-05-18 11:29:38+05:30,53093.1,0,0.0,0,0.0,0.0,53282.15,53308.4,52783.45,53710.35,0,0.0,0.0,0.0,0.0,-0.01,-1,-1,-0.01,-1,-1,-0.01,-1,-1,-0.01,-1,-1,-0.01,-1,-1,-0.01,-1,-1,-0.01,-1,-1,-0.01,-1,-1,-0.01,-1,-1,-0.01,-1,-1
99926009,2026-05-18 11:29:39+05:30,53095.2,0,0.0,0,0.0,0.0,53282.15,53308.4,52783.45,53710.35,0,0.0,0.0,0.0,0.0,-0.01,-1,-1,-0.01,-1,-1,-0.01,-1,-1,-0.01,-1,-1,-0.01,-1,-1,-0.01,-1,-1,-0.01,-1,-1,-0.01,-1,-1,-0.01,-1,-1,-0.01,-1,-1
99926009,2026-05-18 11:29:39+05:30,53094.3,0,0.0,0,0.0,0.0,53282.15,53308.4,52783.45,53710.35,0,0.0,0.0,0.0,0.0,-0.01,-1,-1,-0.01,-1,-1,-0.01,-1,-1,-0.01,-1,-1,-0.01,-1,-1,-0.01,-1,-1,-0.01,-1,-1,-0.01,-1,-1,-0.01,-1,-1,-0.01,-1,-1
99926009,2026-05-18 11:29:40+05:30,53087.9,0,0.0,0,0.0,0.0,53282.15,53308.4,52783.45,53710.35,0,0.0,0.0,0.0,0.0,-0.01,-1,-1,-0.01,-1,-1,-0.01,-1,-1,-0.01,-1,-1,-0.01,-1,-1,-0.01,-1,-1,-0.01,-1,-1,-0.01,-1,-1,-0.01,-1,-1,-0.01,-1,-1
99926009,2026-05-18 11:29:40+05:30,53089.2,0,0.0,0,0.0,0.0,53282.15,53308.4,52783.45,53710.35,0,0.0,0.0,0.0,0.0,-0.01,-1,-1,-0.01,-1,-1,-0.01,-1,-1,-0.01,-1,-1,-0.01,-1,-1,-0.01,-1,-1,-0.01,-1,-1,-0.01,-1,-1,-0.01,-1,-1,-0.01,-1,-1
99926009,2026-05-18 11:29:41+05:30,53088.35,0,0.0,0,0.0,0.0,53282.15,53308.4,52783.45,53710.35,0,0.0,0.0,0.0,0.0,-0.01,-1,-1,-0.01,-1,-1,-0.01,-1,-1,-0.01,-1,-1,-0.01,-1,-1,-0.01,-1,-1,-0.01,-1,-1,-0.01,-1,-1,-0.01,-1,-1,-0.01,-1,-1
99926009,2026-05-18 11:29:41+05:30,53088.2,0,0.0,0,0.0,0.0,53282.15,53308.4,52783.45,53710.35,0,0.0,0.0,0.0,0.0,-0.01,-1,-1,-0.01,-1,-1,-0.01,-1,-1,-0.01,-1,-1,-0.01,-1,-1,-0.01,-1,-1,-0.01,-1,-1,-0.01,-1,-1,-0.01,-1,-1,-0.01,-1,-1
99926009,2026-05-18 11:29:42+05:30,53090.6,0,0.0,0,0.0,0.0,53282.15,53308.4,52783.45,53710.35,0,0.0,0.0,0.0,0.0,-0.01,-1,-1,-0.01,-1,-1,-0.01,-1,-1,-0.01,-1,-1,-0.01,-1,-1,-0.01,-1,-1,-0.01,-1,-1,-0.01,-1,-1,-0.01,-1,-1,-0.01,-1,-1
99926009,2026-05-18 11:29:42+05:30,53088.45,0,0.0,0,0.0,0.0,53282.15,53308.4,52783.45,53710.35,0,0.0,0.0,0.0,0.0,-0.01,-1,-1,-0.01,-1,-1,-0.01,-1,-1,-0.01,-1,-1,-0.01,-1,-1,-0.01,-1,-1,-0.01,-1,-1,-0.01,-1,-1,-0.01,-1,-1,-0.01,-1,-1
99926009,2026-05-18 11:29:43+05:30,53090.95,0,0.0,0,0.0,0.0,53282.15,53308.4,52783.45,53710.35,0,0.0,0.0,0.0,0.0,-0.01,-1,-1,-0.01,-1,-1,-0.01,-1,-1,-0.01,-1,-1,-0.01,-1,-1,-0.01,-1,-1,-0.01,-1,-1,-0.01,-1,-1,-0.01,-1,-1,-0.01,-1,-1
99926009,2026-05-18 11:29:43+05:30,53089.25,0,0.0,0,0.0,0.0,53282.15,53308.4,52783.45,53710.35,0,0.0,0.0,0.0,0.0,-0.01,-1,-1,-0.01,-1,-1,-0.01,-1,-1,-0.01,-1,-1,-0.01,-1,-1,-0.01,-1,-1,-0.01,-1,-1,-0.01,-1,-1,-0.01,-1,-1,-0.01,-1,-1
99926009,2026-05-18 11:29:44+05:30,53089.45,0,0.0,0,0.0,0.0,53282.15,53308.4,52783.45,53710.35,0,0.0,0.0,0.0,0.0,-0.01,-1,-1,-0.01,-1,-1,-0.01,-1,-1,-0.01,-1,-1,-0.01,-1,-1,-0.01,-1,-1,-0.01,-1,-1,-0.01,-1,-1,-0.01,-1,-1,-0.01,-1,-1
99926009,2026-05-18 11:29:44+05:30,53088.35,0,0.0,0,0.0,0.0,53282.15,53308.4,52783.45,53710.35,0,0.0,0.0,0.0,0.0,-0.01,-1,-1,-0.01,-1,-1,-0.01,-1,-1,-0.01,-1,-1,-0.01,-1,-1,-0.01,-1,-1,-0.01,-1,-1,-0.01,-1,-1,-0.01,-1,-1,-0.01,-1,-1
99926009,2026-05-18 11:29:45+05:30,53085.25,0,0.0,0,0.0,0.0,53282.15,53308.4,52783.45,53710.35,0,0.0,0.0,0.0,0.0,-0.01,-1,-1,-0.01,-1,-1,-0.01,-1,-1,-0.01,-1,-1,-0.01,-1,-1,-0.01,-1,-1,-0.01,-1,-1,-0.01,-1,-1,-0.01,-1,-1,-0.01,-1,-1
99926009,2026-05-18 11:29:45+05:30,53087.7,0,0.0,0,0.0,0.0,53282.15,53308.4,52783.45,53710.35,0,0.0,0.0,0.0,0.0,-0.01,-1,-1,-0.01,-1,-1,-0.01,-1,-1,-0.01,-1,-1,-0.01,-1,-1,-0.01,-1,-1,-0.01,-1,-1,-0.01,-1,-1,-0.01,-1,-1,-0.01,-1,-1
99926009,2026-05-18 11:29:46+05:30,53090.1,0,0.0,0,0.0,0.0,53282.15,53308.4,52783.45,53710.35,0,0.0,0.0,0.0,0.0,-0.01,-1,-1,-0.01,-1,-1,-0.01,-1,-1,-0.01,-1,-1,-0.01,-1,-1,-0.01,-1,-1,-0.01,-1,-1,-0.01,-1,-1,-0.01,-1,-1,-0.01,-1,-1
99926009,2026-05-18 11:29:46+05:30,53091.5,0,0.0,0,0.0,0.0,53282.15,53308.4,52783.45,53710.35,0,0.0,0.0,0.0,0.0,-0.01,-1,-1,-0.01,-1,-1,-0.01,-1,-1,-0.01,-1,-1,-0.01,-1,-1,-0.01,-1,-1,-0.01,-1,-1,-0.01,-1,-1,-0.01,-1,-1,-0.01,-1,-1
99926009,2026-05-18 11:29:47+05:30,53089.6,0,0.0,0,0.0,0.0,53282.15,53308.4,52783.45,53710.35,0,0.0,0.0,0.0,0.0,-0.01,-1,-1,-0.01,-1,-1,-0.01,-1,-1,-0.01,-1,-1,-0.01,-1,-1,-0.01,-1,-1,-0.01,-1,-1,-0.01,-1,-1,-0.01,-1,-1,-0.01,-1,-1
99926009,2026-05-18 11:29:47+05:30,53085.3,0,0.0,0,0.0,0.0,53282.15,53308.4,52783.45,53710.35,0,0.0,0.0,0.0,0.0,-0.01,-1,-1,-0.01,-1,-1,-0.01,-1,-1,-0.01,-1,-1,-0.01,-1,-1,-0.01,-1,-1,-0.01,-1,-1,-0.01,-1,-1,-0.01,-1,-1,-0.01,-1,-1
99926009,2026-05-18 11:29:48+05:30,53088.65,0,0.0,0,0.0,0.0,53282.15,53308.4,52783.45,53710.35,0,0.0,0.0,0.0,0.0,-0.01,-1,-1,-0.01,-1,-1,-0.01,-1,-1,-0.01,-1,-1,-0.01,-1,-1,-0.01,-1,-1,-0.01,-1,-1,-0.01,-1,-1,-0.01,-1,-1,-0.01,-1,-1
99926009,2026-05-18 11:29:48+05:30,53089.45,0,0.0,0,0.0,0.0,53282.15,53308.4,52783.45,53710.35,0,0.0,0.0,0.0,0.0,-0.01,-1,-1,-0.01,-1,-1,-0.01,-1,-1,-0.01,-1,-1,-0.01,-1,-1,-0.01,-1,-1,-0.01,-1,-1,-0.01,-1,-1,-0.01,-1,-1,-0.01,-1,-1
99926009,2026-05-18 11:29:49+05:30,53089.65,0,0.0,0,0.0,0.0,53282.15,53308.4,52783.45,53710.35,0,0.0,0.0,0.0,0.0,-0.01,-1,-1,-0.01,-1,-1,-0.01,-1,-1,-0.01,-1,-1,-0.01,-1,-1,-0.01,-1,-1,-0.01,-1,-1,-0.01,-1,-1,-0.01,-1,-1,-0.01,-1,-1
99926009,2026-05-18 11:29:49+05:30,53089.65,0,0.0,0,0.0,0.0,53282.15,53308.4,52783.45,53710.35,0,0.0,0.0,0.0,0.0,-0.01,-1,-1,-0.01,-1,-1,-0.01,-1,-1,-0.01,-1,-1,-0.01,-1,-1,-0.01,-1,-1,-0.01,-1,-1,-0.01,-1,-1,-0.01,-1,-1,-0.01,-1,-1
99926009,2026-05-18 11:29:50+05:30,53087.2,0,0.0,0,0.0,0.0,53282.15,53308.4,52783.45,53710.35,0,0.0,0.0,0.0,0.0,-0.01,-1,-1,-0.01,-1,-1,-0.01,-1,-1,-0.01,-1,-1,-0.01,-1,-1,-0.01,-1,-1,-0.01,-1,-1,-0.01,-1,-1,-0.01,-1,-1,-0.01,-1,-1
99926009,2026-05-18 11:29:50+05:30,53089.95,0,0.0,0,0.0,0.0,53282.15,53308.4,52783.45,53710.35,0,0.0,0.0,0.0,0.0,-0.01,-1,-1,-0.01,-1,-1,-0.01,-1,-1,-0.01,-1,-1,-0.01,-1,-1,-0.01,-1,-1,-0.01,-1,-1,-0.01,-1,-1,-0.01,-1,-1,-0.01,-1,-1
99926009,2026-05-18 11:29:51+05:30,53086.2,0,0.0,0,0.0,0.0,53282.15,53308.4,52783.45,53710.35,0,0.0,0.0,0.0,0.0,-0.01,-1,-1,-0.01,-1,-1,-0.01,-1,-1,-0.01,-1,-1,-0.01,-1,-1,-0.01,-1,-1,-0.01,-1,-1,-0.01,-1,-1,-0.01,-1,-1,-0.01,-1,-1
99926009,2026-05-18 11:29:51+05:30,53091.85,0,0.0,0,0.0,0.0,53282.15,53308.4,52783.45,53710.35,0,0.0,0.0,0.0,0.0,-0.01,-1,-1,-0.01,-1,-1,-0.01,-1,-1,-0.01,-1,-1,-0.01,-1,-1,-0.01,-1,-1,-0.01,-1,-1,-0.01,-1,-1,-0.01,-1,-1,-0.01,-1,-1
99926009,2026-05-18 11:29:52+05:30,53091.2,0,0.0,0,0.0,0.0,53282.15,53308.4,52783.45,53710.35,0,0.0,0.0,0.0,0.0,-0.01,-1,-1,-0.01,-1,-1,-0.01,-1,-1,-0.01,-1,-1,-0.01,-1,-1,-0.01,-1,-1,-0.01,-1,-1,-0.01,-1,-1,-0.01,-1,-1,-0.01,-1,-1
99926009,2026-05-18 11:29:52+05:30,53089.1,0,0.0,0,0.0,0.0,53282.15,53308.4,52783.45,53710.35,0,0.0,0.0,0.0,0.0,-0.01,-1,-1,-0.01,-1,-1,-0.01,-1,-1,-0.01,-1,-1,-0.01,-1,-1,-0.01,-1,-1,-0.01,-1,-1,-0.01,-1,-1,-0.01,-1,-1,-0.01,-1,-1
99926009,2026-05-18 11:29:53+05:30,53092.2,0,0.0,0,0.0,0.0,53282.15,53308.4,52783.45,53710.35,0,0.0,0.0,0.0,0.0,-0.01,-1,-1,-0.01,-1,-1,-0.01,-1,-1,-0.01,-1,-1,-0.01,-1,-1,-0.01,-1,-1,-0.01,-1,-1,-0.01,-1,-1,-0.01,-1,-1,-0.01,-1,-1
99926009,2026-05-18 11:29:53+05:30,53092.35,0,0.0,0,0.0,0.0,53282.15,53308.4,52783.45,53710.35,0,0.0,0.0,0.0,0.0,-0.01,-1,-1,-0.01,-1,-1,-0.01,-1,-1,-0.01,-1,-1,-0.01,-1,-1,-0.01,-1,-1,-0.01,-1,-1,-0.01,-1,-1,-0.01,-1,-1,-0.01,-1,-1
99926009,2026-05-18 11:29:54+05:30,53091.0,0,0.0,0,0.0,0.0,53282.15,53308.4,52783.45,53710.35,0,0.0,0.0,0.0,0.0,-0.01,-1,-1,-0.01,-1,-1,-0.01,-1,-1,-0.01,-1,-1,-0.01,-1,-1,-0.01,-1,-1,-0.01,-1,-1,-0.01,-1,-1,-0.01,-1,-1,-0.01,-1,-1
99926009,2026-05-18 11:29:54+05:30,53091.45,0,0.0,0,0.0,0.0,53282.15,53308.4,52783.45,53710.35,0,0.0,0.0,0.0,0.0,-0.01,-1,-1,-0.01,-1,-1,-0.01,-1,-1,-0.01,-1,-1,-0.01,-1,-1,-0.01,-1,-1,-0.01,-1,-1,-0.01,-1,-1,-0.01,-1,-1,-0.01,-1,-1
99926009,2026-05-18 11:29:55+05:30,53092.1,0,0.0,0,0.0,0.0,53282.15,53308.4,52783.45,53710.35,0,0.0,0.0,0.0,0.0,-0.01,-1,-1,-0.01,-1,-1,-0.01,-1,-1,-0.01,-1,-1,-0.01,-1,-1,-0.01,-1,-1,-0.01,-1,-1,-0.01,-1,-1,-0.01,-1,-1,-0.01,-1,-1
99926009,2026-05-18 11:29:55+05:30,53092.95,0,0.0,0,0.0,0.0,53282.15,53308.4,52783.45,53710.35,0,0.0,0.0,0.0,0.0,-0.01,-1,-1,-0.01,-1,-1,-0.01,-1,-1,-0.01,-1,-1,-0.01,-1,-1,-0.01,-1,-1,-0.01,-1,-1,-0.01,-1,-1,-0.01,-1,-1,-0.01,-1,-1
99926009,2026-05-18 11:29:56+05:30,53091.15,0,0.0,0,0.0,0.0,53282.15,53308.4,52783.45,53710.35,0,0.0,0.0,0.0,0.0,-0.01,-1,-1,-0.01,-1,-1,-0.01,-1,-1,-0.01,-1,-1,-0.01,-1,-1,-0.01,-1,-1,-0.01,-1,-1,-0.01,-1,-1,-0.01,-1,-1,-0.01,-1,-1
99926009,2026-05-18 11:29:56+05:30,53093.45,0,0.0,0,0.0,0.0,53282.15,53308.4,52783.45,53710.35,0,0.0,0.0,0.0,0.0,-0.01,-1,-1,-0.01,-1,-1,-0.01,-1,-1,-0.01,-1,-1,-0.01,-1,-1,-0.01,-1,-1,-0.01,-1,-1,-0.01,-1,-1,-0.01,-1,-1,-0.01,-1,-1
99926009,2026-05-18 11:29:57+05:30,53091.5,0,0.0,0,0.0,0.0,53282.15,53308.4,52783.45,53710.35,0,0.0,0.0,0.0,0.0,-0.01,-1,-1,-0.01,-1,-1,-0.01,-1,-1,-0.01,-1,-1,-0.01,-1,-1,-0.01,-1,-1,-0.01,-1,-1,-0.01,-1,-1,-0.01,-1,-1,-0.01,-1,-1
99926009,2026-05-18 11:29:57+05:30,53091.75,0,0.0,0,0.0,0.0,53282.15,53308.4,52783.45,53710.35,0,0.0,0.0,0.0,0.0,-0.01,-1,-1,-0.01,-1,-1,-0.01,-1,-1,-0.01,-1,-1,-0.01,-1,-1,-0.01,-1,-1,-0.01,-1,-1,-0.01,-1,-1,-0.01,-1,-1,-0.01,-1,-1
99926009,2026-05-18 11:29:58+05:30,53091.75,0,0.0,0,0.0,0.0,53282.15,53308.4,52783.45,53710.35,0,0.0,0.0,0.0,0.0,-0.01,-1,-1,-0.01,-1,-1,-0.01,-1,-1,-0.01,-1,-1,-0.01,-1,-1,-0.01,-1,-1,-0.01,-1,-1,-0.01,-1,-1,-0.01,-1,-1,-0.01,-1,-1
99926009,2026-05-18 11:29:58+05:30,53093.5,0,0.0,0,0.0,0.0,53282.15,53308.4,52783.45,53710.35,0,0.0,0.0,0.0,0.0,-0.01,-1,-1,-0.01,-1,-1,-0.01,-1,-1,-0.01,-1,-1,-0.01,-1,-1,-0.01,-1,-1,-0.01,-1,-1,-0.01,-1,-1,-0.01,-1,-1,-0.01,-1,-1
99926009,2026-05-18 11:29:59+05:30,53091.45,0,0.0,0,0.0,0.0,53282.15,53308.4,52783.45,53710.35,0,0.0,0.0,0.0,0.0,-0.01,-1,-1,-0.01,-1,-1,-0.01,-1,-1,-0.01,-1,-1,-0.01,-1,-1,-0.01,-1,-1,-0.01,-1,-1,-0.01,-1,-1,-0.01,-1,-1,-0.01,-1,-1
99926009,2026-05-18 11:29:59+05:30,53091.65,0,0.0,0,0.0,0.0,53282.15,53308.4,52783.45,53710.35,0,0.0,0.0,0.0,0.0,-0.01,-1,-1,-0.01,-1,-1,-0.01,-1,-1,-0.01,-1,-1,-0.01,-1,-1,-0.01,-1,-1,-0.01,-1,-1,-0.01,-1,-1,-0.01,-1,-1,-0.01,-1,-1
99926009,2026-05-18 11:30:00+05:30,53091.4,0,0.0,0,0.0,0.0,53282.15,53308.4,52783.45,53710.35,0,0.0,0.0,0.0,0.0,-0.01,-1,-1,-0.01,-1,-1,-0.01,-1,-1,-0.01,-1,-1,-0.01,-1,-1,-0.01,-1,-1,-0.01,-1,-1,-0.01,-1,-1,-0.01,-1,-1,-0.01,-1,-1
99926009,2026-05-18 11:30:00+05:30,53093.8,0,0.0,0,0.0,0.0,53282.15,53308.4,52783.45,53710.35,0,0.0,0.0,0.0,0.0,-0.01,-1,-1,-0.01,-1,-1,-0.01,-1,-1,-0.01,-1,-1,-0.01,-1,-1,-0.01,-1,-1,-0.01,-1,-1,-0.01,-1,-1,-0.01,-1,-1,-0.01,-1,-1
99926009,2026-05-18 11:30:01+05:30,53094.65,0,0.0,0,0.0,0.0,53282.15,53308.4,52783.45,53710.35,0,0.0,0.0,0.0,0.0,-0.01,-1,-1,-0.01,-1,-1,-0.01,-1,-1,-0.01,-1,-1,-0.01,-1,-1,-0.01,-1,-1,-0.01,-1,-1,-0.01,-1,-1,-0.01,-1,-1,-0.01,-1,-1
99926009,2026-05-18 11:30:01+05:30,53092.15,0,0.0,0,0.0,0.0,53282.15,53308.4,52783.45,53710.35,0,0.0,0.0,0.0,0.0,-0.01,-1,-1,-0.01,-1,-1,-0.01,-1,-1,-0.01,-1,-1,-0.01,-1,-1,-0.01,-1,-1,-0.01,-1,-1,-0.01,-1,-1,-0.01,-1,-1,-0.01,-1,-1
99926009,2026-05-18 11:30:02+05:30,53091.15,0,0.0,0,0.0,0.0,53282.15,53308.4,52783.45,53710.35,0,0.0,0.0,0.0,0.0,-0.01,-1,-1,-0.01,-1,-1,-0.01,-1,-1,-0.01,-1,-1,-0.01,-1,-1,-0.01,-1,-1,-0.01,-1,-1,-0.01,-1,-1,-0.01,-1,-1,-0.01,-1,-1
99926009,2026-05-18 11:30:02+05:30,53093.9,0,0.0,0,0.0,0.0,53282.15,53308.4,52783.45,53710.35,0,0.0,0.0,0.0,0.0,-0.01,-1,-1,-0.01,-1,-1,-0.01,-1,-1,-0.01,-1,-1,-0.01,-1,-1,-0.01,-1,-1,-0.01,-1,-1,-0.01,-1,-1,-0.01,-1,-1,-0.01,-1,-1
99926009,2026-05-18 11:30:03+05:30,53093.35,0,0.0,0,0.0,0.0,53282.15,53308.4,52783.45,53710.35,0,0.0,0.0,0.0,0.0,-0.01,-1,-1,-0.01,-1,-1,-0.01,-1,-1,-0.01,-1,-1,-0.01,-1,-1,-0.01,-1,-1,-0.01,-1,-1,-0.01,-1,-1,-0.01,-1,-1,-0.01,-1,-1
99926009,2026-05-18 11:30:03+05:30,53092.2,0,0.0,0,0.0,0.0,53282.15,53308.4,52783.45,53710.35,0,0.0,0.0,0.0,0.0,-0.01,-1,-1,-0.01,-1,-1,-0.01,-1,-1,-0.01,-1,-1,-0.01,-1,-1,-0.01,-1,-1,-0.01,-1,-1,-0.01,-1,-1,-0.01,-1,-1,-0.01,-1,-1
99926009,2026-05-18 11:30:04+05:30,53092.25,0,0.0,0,0.0,0.0,53282.15,53308.4,52783.45,53710.35,0,0.0,0.0,0.0,0.0,-0.01,-1,-1,-0.01,-1,-1,-0.01,-1,-1,-0.01,-1,-1,-0.01,-1,-1,-0.01,-1,-1,-0.01,-1,-1,-0.01,-1,-1,-0.01,-1,-1,-0.01,-1,-1
99926009,2026-05-18 11:30:04+05:30,53092.75,0,0.0,0,0.0,0.0,53282.15,53308.4,52783.45,53710.35,0,0.0,0.0,0.0,0.0,-0.01,-1,-1,-0.01,-1,-1,-0.01,-1,-1,-0.01,-1,-1,-0.01,-1,-1,-0.01,-1,-1,-0.01,-1,-1,-0.01,-1,-1,-0.01,-1,-1,-0.01,-1,-1
99926009,2026-05-18 11:30:05+05:30,53090.9,0,0.0,0,0.0,0.0,53282.15,53308.4,52783.45,53710.35,0,0.0,0.0,0.0,0.0,-0.01,-1,-1,-0.01,-1,-1,-0.01,-1,-1,-0.01,-1,-1,-0.01,-1,-1,-0.01,-1,-1,-0.01,-1,-1,-0.01,-1,-1,-0.01,-1,-1,-0.01,-1,-1
99926009,2026-05-18 11:30:05+05:30,53090.2,0,0.0,0,0.0,0.0,53282.15,53308.4,52783.45,53710.35,0,0.0,0.0,0.0,0.0,-0.01,-1,-1,-0.01,-1,-1,-0.01,-1,-1,-0.01,-1,-1,-0.01,-1,-1,-0.01,-1,-1,-0.01,-1,-1,-0.01,-1,-1,-0.01,-1,-1,-0.01,-1,-1
99926009,2026-05-18 11:30:06+05:30,53091.35,0,0.0,0,0.0,0.0,53282.15,53308.4,52783.45,53710.35,0,0.0,0.0,0.0,0.0,-0.01,-1,-1,-0.01,-1,-1,-0.01,-1,-1,-0.01,-1,-1,-0.01,-1,-1,-0.01,-1,-1,-0.01,-1,-1,-0.01,-1,-1,-0.01,-1,-1,-0.01,-1,-1
99926009,2026-05-18 11:30:06+05:30,53094.45,0,0.0,0,0.0,0.0,53282.15,53308.4,52783.45,53710.35,0,0.0,0.0,0.0,0.0,-0.01,-1,-1,-0.01,-1,-1,-0.01,-1,-1,-0.01,-1,-1,-0.01,-1,-1,-0.01,-1,-1,-0.01,-1,-1,-0.01,-1,-1,-0.01,-1,-1,-0.01,-1,-1
99926009,2026-05-18 11:30:07+05:30,53097.0,0,0.0,0,0.0,0.0,53282.15,53308.4,52783.45,53710.35,0,0.0,0.0,0.0,0.0,-0.01,-1,-1,-0.01,-1,-1,-0.01,-1,-1,-0.01,-1,-1,-0.01,-1,-1,-0.01,-1,-1,-0.01,-1,-1,-0.01,-1,-1,-0.01,-1,-1,-0.01,-1,-1
99926009,2026-05-18 11:30:07+05:30,53095.55,0,0.0,0,0.0,0.0,53282.15,53308.4,52783.45,53710.35,0,0.0,0.0,0.0,0.0,-0.01,-1,-1,-0.01,-1,-1,-0.01,-1,-1,-0.01,-1,-1,-0.01,-1,-1,-0.01,-1,-1,-0.01,-1,-1,-0.01,-1,-1,-0.01,-1,-1,-0.01,-1,-1
99926009,2026-05-18 11:30:08+05:30,53093.95,0,0.0,0,0.0,0.0,53282.15,53308.4,52783.45,53710.35,0,0.0,0.0,0.0,0.0,-0.01,-1,-1,-0.01,-1,-1,-0.01,-1,-1,-0.01,-1,-1,-0.01,-1,-1,-0.01,-1,-1,-0.01,-1,-1,-0.01,-1,-1,-0.01,-1,-1,-0.01,-1,-1
99926009,2026-05-18 11:30:08+05:30,53093.95,0,0.0,0,0.0,0.0,53282.15,53308.4,52783.45,53710.35,0,0.0,0.0,0.0,0.0,-0.01,-1,-1,-0.01,-1,-1,-0.01,-1,-1,-0.01,-1,-1,-0.01,-1,-1,-0.01,-1,-1,-0.01,-1,-1,-0.01,-1,-1,-0.01,-1,-1,-0.01,-1,-1
99926009,2026-05-18 11:30:09+05:30,53095.2,0,0.0,0,0.0,0.0,53282.15,53308.4,52783.45,53710.35,0,0.0,0.0,0.0,0.0,-0.01,-1,-1,-0.01,-1,-1,-0.01,-1,-1,-0.01,-1,-1,-0.01,-1,-1,-0.01,-1,-1,-0.01,-1,-1,-0.01,-1,-1,-0.01,-1,-1,-0.01,-1,-1
99926009,2026-05-18 11:30:09+05:30,53096.2,0,0.0,0,0.0,0.0,53282.15,53308.4,52783.45,53710.35,0,0.0,0.0,0.0,0.0,-0.01,-1,-1,-0.01,-1,-1,-0.01,-1,-1,-0.01,-1,-1,-0.01,-1,-1,-0.01,-1,-1,-0.01,-1,-1,-0.01,-1,-1,-0.01,-1,-1,-0.01,-1,-1
99926009,2026-05-18 11:30:10+05:30,53098.0,0,0.0,0,0.0,0.0,53282.15,53308.4,52783.45,53710.35,0,0.0,0.0,0.0,0.0,-0.01,-1,-1,-0.01,-1,-1,-0.01,-1,-1,-0.01,-1,-1,-0.01,-1,-1,-0.01,-1,-1,-0.01,-1,-1,-0.01,-1,-1,-0.01,-1,-1,-0.01,-1,-1
99926009,2026-05-18 11:30:10+05:30,53099.65,0,0.0,0,0.0,0.0,53282.15,53308.4,52783.45,53710.35,0,0.0,0.0,0.0,0.0,-0.01,-1,-1,-0.01,-1,-1,-0.01,-1,-1,-0.01,-1,-1,-0.01,-1,-1,-0.01,-1,-1,-0.01,-1,-1,-0.01,-1,-1,-0.01,-1,-1,-0.01,-1,-1
99926009,2026-05-18 11:30:11+05:30,53097.45,0,0.0,0,0.0,0.0,53282.15,53308.4,52783.45,53710.35,0,0.0,0.0,0.0,0.0,-0.01,-1,-1,-0.01,-1,-1,-0.01,-1,-1,-0.01,-1,-1,-0.01,-1,-1,-0.01,-1,-1,-0.01,-1,-1,-0.01,-1,-1,-0.01,-1,-1,-0.01,-1,-1
99926009,2026-05-18 11:30:11+05:30,53093.45,0,0.0,0,0.0,0.0,53282.15,53308.4,52783.45,53710.35,0,0.0,0.0,0.0,0.0,-0.01,-1,-1,-0.01,-1,-1,-0.01,-1,-1,-0.01,-1,-1,-0.01,-1,-1,-0.01,-1,-1,-0.01,-1,-1,-0.01,-1,-1,-0.01,-1,-1,-0.01,-1,-1
99926009,2026-05-18 11:30:12+05:30,53095.9,0,0.0,0,0.0,0.0,53282.15,53308.4,52783.45,53710.35,0,0.0,0.0,0.0,0.0,-0.01,-1,-1,-0.01,-1,-1,-0.01,-1,-1,-0.01,-1,-1,-0.01,-1,-1,-0.01,-1,-1,-0.01,-1,-1,-0.01,-1,-1,-0.01,-1,-1,-0.01,-1,-1
99926009,2026-05-18 11:30:12+05:30,53097.35,0,0.0,0,0.0,0.0,53282.15,53308.4,52783.45,53710.35,0,0.0,0.0,0.0,0.0,-0.01,-1,-1,-0.01,-1,-1,-0.01,-1,-1,-0.01,-1,-1,-0.01,-1,-1,-0.01,-1,-1,-0.01,-1,-1,-0.01,-1,-1,-0.01,-1,-1,-0.01,-1,-1
99926009,2026-05-18 11:30:13+05:30,53096.85,0,0.0,0,0.0,0.0,53282.15,53308.4,52783.45,53710.35,0,0.0,0.0,0.0,0.0,-0.01,-1,-1,-0.01,-1,-1,-0.01,-1,-1,-0.01,-1,-1,-0.01,-1,-1,-0.01,-1,-1,-0.01,-1,-1,-0.01,-1,-1,-0.01,-1,-1,-0.01,-1,-1
99926009,2026-05-18 11:30:13+05:30,53095.3,0,0.0,0,0.0,0.0,53282.15,53308.4,52783.45,53710.35,0,0.0,0.0,0.0,0.0,-0.01,-1,-1,-0.01,-1,-1,-0.01,-1,-1,-0.01,-1,-1,-0.01,-1,-1,-0.01,-1,-1,-0.01,-1,-1,-0.01,-1,-1,-0.01,-1,-1,-0.01,-1,-1
99926009,2026-05-18 11:30:14+05:30,53097.25,0,0.0,0,0.0,0.0,53282.15,53308.4,52783.45,53710.35,0,0.0,0.0,0.0,0.0,-0.01,-1,-1,-0.01,-1,-1,-0.01,-1,-1,-0.01,-1,-1,-0.01,-1,-1,-0.01,-1,-1,-0.01,-1,-1,-0.01,-1,-1,-0.01,-1,-1,-0.01,-1,-1
99926009,2026-05-18 11:30:14+05:30,53096.05,0,0.0,0,0.0,0.0,53282.15,53308.4,52783.45,53710.35,0,0.0,0.0,0.0,0.0,-0.01,-1,-1,-0.01,-1,-1,-0.01,-1,-1,-0.01,-1,-1,-0.01,-1,-1,-0.01,-1,-1,-0.01,-1,-1,-0.01,-1,-1,-0.01,-1,-1,-0.01,-1,-1
99926009,2026-05-18 11:30:15+05:30,53098.3,0,0.0,0,0.0,0.0,53282.15,53308.4,52783.45,53710.35,0,0.0,0.0,0.0,0.0,-0.01,-1,-1,-0.01,-1,-1,-0.01,-1,-1,-0.01,-1,-1,-0.01,-1,-1,-0.01,-1,-1,-0.01,-1,-1,-0.01,-1,-1,-0.01,-1,-1,-0.01,-1,-1
99926009,2026-05-18 11:30:15+05:30,53102.35,0,0.0,0,0.0,0.0,53282.15,53308.4,52783.45,53710.35,0,0.0,0.0,0.0,0.0,-0.01,-1,-1,-0.01,-1,-1,-0.01,-1,-1,-0.01,-1,-1,-0.01,-1,-1,-0.01,-1,-1,-0.01,-1,-1,-0.01,-1,-1,-0.01,-1,-1,-0.01,-1,-1
99926009,2026-05-18 11:30:16+05:30,53103.6,0,0.0,0,0.0,0.0,53282.15,53308.4,52783.45,53710.35,0,0.0,0.0,0.0,0.0,-0.01,-1,-1,-0.01,-1,-1,-0.01,-1,-1,-0.01,-1,-1,-0.01,-1,-1,-0.01,-1,-1,-0.01,-1,-1,-0.01,-1,-1,-0.01,-1,-1,-0.01,-1,-1
99926009,2026-05-18 11:30:16+05:30,53110.9,0,0.0,0,0.0,0.0,53282.15,53308.4,52783.45,53710.35,0,0.0,0.0,0.0,0.0,-0.01,-1,-1,-0.01,-1,-1,-0.01,-1,-1,-0.01,-1,-1,-0.01,-1,-1,-0.01,-1,-1,-0.01,-1,-1,-0.01,-1,-1,-0.01,-1,-1,-0.01,-1,-1
99926009,2026-05-18 11:30:17+05:30,53111.2,0,0.0,0,0.0,0.0,53282.15,53308.4,52783.45,53710.35,0,0.0,0.0,0.0,0.0,-0.01,-1,-1,-0.01,-1,-1,-0.01,-1,-1,-0.01,-1,-1,-0.01,-1,-1,-0.01,-1,-1,-0.01,-1,-1,-0.01,-1,-1,-0.01,-1,-1,-0.01,-1,-1
99926009,2026-05-18 11:30:17+05:30,53109.05,0,0.0,0,0.0,0.0,53282.15,53308.4,52783.45,53710.35,0,0.0,0.0,0.0,0.0,-0.01,-1,-1,-0.01,-1,-1,-0.01,-1,-1,-0.01,-1,-1,-0.01,-1,-1,-0.01,-1,-1,-0.01,-1,-1,-0.01,-1,-1,-0.01,-1,-1,-0.01,-1,-1
99926009,2026-05-18 11:30:18+05:30,53114.2,0,0.0,0,0.0,0.0,53282.15,53308.4,52783.45,53710.35,0,0.0,0.0,0.0,0.0,-0.01,-1,-1,-0.01,-1,-1,-0.01,-1,-1,-0.01,-1,-1,-0.01,-1,-1,-0.01,-1,-1,-0.01,-1,-1,-0.01,-1,-1,-0.01,-1,-1,-0.01,-1,-1
99926009,2026-05-18 11:30:18+05:30,53111.5,0,0.0,0,0.0,0.0,53282.15,53308.4,52783.45,53710.35,0,0.0,0.0,0.0,0.0,-0.01,-1,-1,-0.01,-1,-1,-0.01,-1,-1,-0.01,-1,-1,-0.01,-1,-1,-0.01,-1,-1,-0.01,-1,-1,-0.01,-1,-1,-0.01,-1,-1,-0.01,-1,-1
99926009,2026-05-18 11:30:19+05:30,53110.65,0,0.0,0,0.0,0.0,53282.15,53308.4,52783.45,53710.35,0,0.0,0.0,0.0,0.0,-0.01,-1,-1,-0.01,-1,-1,-0.01,-1,-1,-0.01,-1,-1,-0.01,-1,-1,-0.01,-1,-1,-0.01,-1,-1,-0.01,-1,-1,-0.01,-1,-1,-0.01,-1,-1
99926009,2026-05-18 11:30:19+05:30,53102.15,0,0.0,0,0.0,0.0,53282.15,53308.4,52783.45,53710.35,0,0.0,0.0,0.0,0.0,-0.01,-1,-1,-0.01,-1,-1,-0.01,-1,-1,-0.01,-1,-1,-0.01,-1,-1,-0.01,-1,-1,-0.01,-1,-1,-0.01,-1,-1,-0.01,-1,-1,-0.01,-1,-1
99926009,2026-05-18 11:30:20+05:30,53100.4,0,0.0,0,0.0,0.0,53282.15,53308.4,52783.45,53710.35,0,0.0,0.0,0.0,0.0,-0.01,-1,-1,-0.01,-1,-1,-0.01,-1,-1,-0.01,-1,-1,-0.01,-1,-1,-0.01,-1,-1,-0.01,-1,-1,-0.01,-1,-1,-0.01,-1,-1,-0.01,-1,-1
99926009,2026-05-18 11:30:20+05:30,53105.55,0,0.0,0,0.0,0.0,53282.15,53308.4,52783.45,53710.35,0,0.0,0.0,0.0,0.0,-0.01,-1,-1,-0.01,-1,-1,-0.01,-1,-1,-0.01,-1,-1,-0.01,-1,-1,-0.01,-1,-1,-0.01,-1,-1,-0.01,-1,-1,-0.01,-1,-1,-0.01,-1,-1
99926009,2026-05-18 11:30:21+05:30,53104.9,0,0.0,0,0.0,0.0,53282.15,53308.4,52783.45,53710.35,0,0.0,0.0,0.0,0.0,-0.01,-1,-1,-0.01,-1,-1,-0.01,-1,-1,-0.01,-1,-1,-0.01,-1,-1,-0.01,-1,-1,-0.01,-1,-1,-0.01,-1,-1,-0.01,-1,-1,-0.01,-1,-1
99926009,2026-05-18 11:30:21+05:30,53103.5,0,0.0,0,0.0,0.0,53282.15,53308.4,52783.45,53710.35,0,0.0,0.0,0.0,0.0,-0.01,-1,-1,-0.01,-1,-1,-0.01,-1,-1,-0.01,-1,-1,-0.01,-1,-1,-0.01,-1,-1,-0.01,-1,-1,-0.01,-1,-1,-0.01,-1,-1,-0.01,-1,-1
99926009,2026-05-18 11:30:22+05:30,53107.95,0,0.0,0,0.0,0.0,53282.15,53308.4,52783.45,53710.35,0,0.0,0.0,0.0,0.0,-0.01,-1,-1,-0.01,-1,-1,-0.01,-1,-1,-0.01,-1,-1,-0.01,-1,-1,-0.01,-1,-1,-0.01,-1,-1,-0.01,-1,-1,-0.01,-1,-1,-0.01,-1,-1
99926009,2026-05-18 11:30:22+05:30,53106.5,0,0.0,0,0.0,0.0,53282.15,53308.4,52783.45,53710.35,0,0.0,0.0,0.0,0.0,-0.01,-1,-1,-0.01,-1,-1,-0.01,-1,-1,-0.01,-1,-1,-0.01,-1,-1,-0.01,-1,-1,-0.01,-1,-1,-0.01,-1,-1,-0.01,-1,-1,-0.01,-1,-1
99926009,2026-05-18 11:30:23+05:30,53107.05,0,0.0,0,0.0,0.0,53282.15,53308.4,52783.45,53710.35,0,0.0,0.0,0.0,0.0,-0.01,-1,-1,-0.01,-1,-1,-0.01,-1,-1,-0.01,-1,-1,-0.01,-1,-1,-0.01,-1,-1,-0.01,-1,-1,-0.01,-1,-1,-0.01,-1,-1,-0.01,-1,-1
99926009,2026-05-18 11:30:23+05:30,53105.5,0,0.0,0,0.0,0.0,53282.15,53308.4,52783.45,53710.35,0,0.0,0.0,0.0,0.0,-0.01,-1,-1,-0.01,-1,-1,-0.01,-1,-1,-0.01,-1,-1,-0.01,-1,-1,-0.01,-1,-1,-0.01,-1,-1,-0.01,-1,-1,-0.01,-1,-1,-0.01,-1,-1
99926009,2026-05-18 11:30:24+05:30,53105.35,0,0.0,0,0.0,0.0,53282.15,53308.4,52783.45,53710.35,0,0.0,0.0,0.0,0.0,-0.01,-1,-1,-0.01,-1,-1,-0.01,-1,-1,-0.01,-1,-1,-0.01,-1,-1,-0.01,-1,-1,-0.01,-1,-1,-0.01,-1,-1,-0.01,-1,-1,-0.01,-1,-1
99926009,2026-05-18 11:30:24+05:30,53106.0,0,0.0,0,0.0,0.0,53282.15,53308.4,52783.45,53710.35,0,0.0,0.0,0.0,0.0,-0.01,-1,-1,-0.01,-1,-1,-0.01,-1,-1,-0.01,-1,-1,-0.01,-1,-1,-0.01,-1,-1,-0.01,-1,-1,-0.01,-1,-1,-0.01,-1,-1,-0.01,-1,-1
99926009,2026-05-18 11:30:25+05:30,53106.6,0,0.0,0,0.0,0.0,53282.15,53308.4,52783.45,53710.35,0,0.0,0.0,0.0,0.0,-0.01,-1,-1,-0.01,-1,-1,-0.01,-1,-1,-0.01,-1,-1,-0.01,-1,-1,-0.01,-1,-1,-0.01,-1,-1,-0.01,-1,-1,-0.01,-1,-1,-0.01,-1,-1
99926009,2026-05-18 11:30:25+05:30,53105.25,0,0.0,0,0.0,0.0,53282.15,53308.4,52783.45,53710.35,0,0.0,0.0,0.0,0.0,-0.01,-1,-1,-0.01,-1,-1,-0.01,-1,-1,-0.01,-1,-1,-0.01,-1,-1,-0.01,-1,-1,-0.01,-1,-1,-0.01,-1,-1,-0.01,-1,-1,-0.01,-1,-1
99926009,2026-05-18 11:30:26+05:30,53103.6,0,0.0,0,0.0,0.0,53282.15,53308.4,52783.45,53710.35,0,0.0,0.0,0.0,0.0,-0.01,-1,-1,-0.01,-1,-1,-0.01,-1,-1,-0.01,-1,-1,-0.01,-1,-1,-0.01,-1,-1,-0.01,-1,-1,-0.01,-1,-1,-0.01,-1,-1,-0.01,-1,-1
99926009,2026-05-18 11:30:26+05:30,53105.45,0,0.0,0,0.0,0.0,53282.15,53308.4,52783.45,53710.35,0,0.0,0.0,0.0,0.0,-0.01,-1,-1,-0.01,-1,-1,-0.01,-1,-1,-0.01,-1,-1,-0.01,-1,-1,-0.01,-1,-1,-0.01,-1,-1,-0.01,-1,-1,-0.01,-1,-1,-0.01,-1,-1
99926009,2026-05-18 11:30:27+05:30,53107.0,0,0.0,0,0.0,0.0,53282.15,53308.4,52783.45,53710.35,0,0.0,0.0,0.0,0.0,-0.01,-1,-1,-0.01,-1,-1,-0.01,-1,-1,-0.01,-1,-1,-0.01,-1,-1,-0.01,-1,-1,-0.01,-1,-1,-0.01,-1,-1,-0.01,-1,-1,-0.01,-1,-1
99926009,2026-05-18 11:30:27+05:30,53107.85,0,0.0,0,0.0,0.0,53282.15,53308.4,52783.45,53710.35,0,0.0,0.0,0.0,0.0,-0.01,-1,-1,-0.01,-1,-1,-0.01,-1,-1,-0.01,-1,-1,-0.01,-1,-1,-0.01,-1,-1,-0.01,-1,-1,-0.01,-1,-1,-0.01,-1,-1,-0.01,-1,-1
99926009,2026-05-18 11:30:28+05:30,53109.6,0,0.0,0,0.0,0.0,53282.15,53308.4,52783.45,53710.35,0,0.0,0.0,0.0,0.0,-0.01,-1,-1,-0.01,-1,-1,-0.01,-1,-1,-0.01,-1,-1,-0.01,-1,-1,-0.01,-1,-1,-0.01,-1,-1,-0.01,-1,-1,-0.01,-1,-1,-0.01,-1,-1
99926009,2026-05-18 11:30:28+05:30,53109.4,0,0.0,0,0.0,0.0,53282.15,53308.4,52783.45,53710.35,0,0.0,0.0,0.0,0.0,-0.01,-1,-1,-0.01,-1,-1,-0.01,-1,-1,-0.01,-1,-1,-0.01,-1,-1,-0.01,-1,-1,-0.01,-1,-1,-0.01,-1,-1,-0.01,-1,-1,-0.01,-1,-1
99926009,2026-05-18 11:30:29+05:30,53108.75,0,0.0,0,0.0,0.0,53282.15,53308.4,52783.45,53710.35,0,0.0,0.0,0.0,0.0,-0.01,-1,-1,-0.01,-1,-1,-0.01,-1,-1,-0.01,-1,-1,-0.01,-1,-1,-0.01,-1,-1,-0.01,-1,-1,-0.01,-1,-1,-0.01,-1,-1,-0.01,-1,-1
99926009,2026-05-18 11:30:29+05:30,53109.75,0,0.0,0,0.0,0.0,53282.15,53308.4,52783.45,53710.35,0,0.0,0.0,0.0,0.0,-0.01,-1,-1,-0.01,-1,-1,-0.01,-1,-1,-0.01,-1,-1,-0.01,-1,-1,-0.01,-1,-1,-0.01,-1,-1,-0.01,-1,-1,-0.01,-1,-1,-0.01,-1,-1
99926009,2026-05-18 11:30:30+05:30,53108.45,0,0.0,0,0.0,0.0,53282.15,53308.4,52783.45,53710.35,0,0.0,0.0,0.0,0.0,-0.01,-1,-1,-0.01,-1,-1,-0.01,-1,-1,-0.01,-1,-1,-0.01,-1,-1,-0.01,-1,-1,-0.01,-1,-1,-0.01,-1,-1,-0.01,-1,-1,-0.01,-1,-1
99926009,2026-05-18 11:30:30+05:30,53110.7,0,0.0,0,0.0,0.0,53282.15,53308.4,52783.45,53710.35,0,0.0,0.0,0.0,0.0,-0.01,-1,-1,-0.01,-1,-1,-0.01,-1,-1,-0.01,-1,-1,-0.01,-1,-1,-0.01,-1,-1,-0.01,-1,-1,-0.01,-1,-1,-0.01,-1,-1,-0.01,-1,-1
99926009,2026-05-18 11:30:31+05:30,53109.7,0,0.0,0,0.0,0.0,53282.15,53308.4,52783.45,53710.35,0,0.0,0.0,0.0,0.0,-0.01,-1,-1,-0.01,-1,-1,-0.01,-1,-1,-0.01,-1,-1,-0.01,-1,-1,-0.01,-1,-1,-0.01,-1,-1,-0.01,-1,-1,-0.01,-1,-1,-0.01,-1,-1
99926009,2026-05-18 11:30:31+05:30,53110.95,0,0.0,0,0.0,0.0,53282.15,53308.4,52783.45,53710.35,0,0.0,0.0,0.0,0.0,-0.01,-1,-1,-0.01,-1,-1,-0.01,-1,-1,-0.01,-1,-1,-0.01,-1,-1,-0.01,-1,-1,-0.01,-1,-1,-0.01,-1,-1,-0.01,-1,-1,-0.01,-1,-1
99926009,2026-05-18 11:30:32+05:30,53109.3,0,0.0,0,0.0,0.0,53282.15,53308.4,52783.45,53710.35,0,0.0,0.0,0.0,0.0,-0.01,-1,-1,-0.01,-1,-1,-0.01,-1,-1,-0.01,-1,-1,-0.01,-1,-1,-0.01,-1,-1,-0.01,-1,-1,-0.01,-1,-1,-0.01,-1,-1,-0.01,-1,-1
99926009,2026-05-18 11:30:32+05:30,53107.3,0,0.0,0,0.0,0.0,53282.15,53308.4,52783.45,53710.35,0,0.0,0.0,0.0,0.0,-0.01,-1,-1,-0.01,-1,-1,-0.01,-1,-1,-0.01,-1,-1,-0.01,-1,-1,-0.01,-1,-1,-0.01,-1,-1,-0.01,-1,-1,-0.01,-1,-1,-0.01,-1,-1
99926009,2026-05-18 11:30:33+05:30,53109.55,0,0.0,0,0.0,0.0,53282.15,53308.4,52783.45,53710.35,0,0.0,0.0,0.0,0.0,-0.01,-1,-1,-0.01,-1,-1,-0.01,-1,-1,-0.01,-1,-1,-0.01,-1,-1,-0.01,-1,-1,-0.01,-1,-1,-0.01,-1,-1,-0.01,-1,-1,-0.01,-1,-1
99926009,2026-05-18 11:30:33+05:30,53110.5,0,0.0,0,0.0,0.0,53282.15,53308.4,52783.45,53710.35,0,0.0,0.0,0.0,0.0,-0.01,-1,-1,-0.01,-1,-1,-0.01,-1,-1,-0.01,-1,-1,-0.01,-1,-1,-0.01,-1,-1,-0.01,-1,-1,-0.01,-1,-1,-0.01,-1,-1,-0.01,-1,-1
99926009,2026-05-18 11:30:34+05:30,53113.75,0,0.0,0,0.0,0.0,53282.15,53308.4,52783.45,53710.35,0,0.0,0.0,0.0,0.0,-0.01,-1,-1,-0.01,-1,-1,-0.01,-1,-1,-0.01,-1,-1,-0.01,-1,-1,-0.01,-1,-1,-0.01,-1,-1,-0.01,-1,-1,-0.01,-1,-1,-0.01,-1,-1
99926009,2026-05-18 11:30:34+05:30,53110.35,0,0.0,0,0.0,0.0,53282.15,53308.4,52783.45,53710.35,0,0.0,0.0,0.0,0.0,-0.01,-1,-1,-0.01,-1,-1,-0.01,-1,-1,-0.01,-1,-1,-0.01,-1,-1,-0.01,-1,-1,-0.01,-1,-1,-0.01,-1,-1,-0.01,-1,-1,-0.01,-1,-1
99926009,2026-05-18 11:30:35+05:30,53111.35,0,0.0,0,0.0,0.0,53282.15,53308.4,52783.45,53710.35,0,0.0,0.0,0.0,0.0,-0.01,-1,-1,-0.01,-1,-1,-0.01,-1,-1,-0.01,-1,-1,-0.01,-1,-1,-0.01,-1,-1,-0.01,-1,-1,-0.01,-1,-1,-0.01,-1,-1,-0.01,-1,-1
99926009,2026-05-18 11:30:35+05:30,53111.6,0,0.0,0,0.0,0.0,53282.15,53308.4,52783.45,53710.35,0,0.0,0.0,0.0,0.0,-0.01,-1,-1,-0.01,-1,-1,-0.01,-1,-1,-0.01,-1,-1,-0.01,-1,-1,-0.01,-1,-1,-0.01,-1,-1,-0.01,-1,-1,-0.01,-1,-1,-0.01,-1,-1
99926009,2026-05-18 11:30:36+05:30,53107.5,0,0.0,0,0.0,0.0,53282.15,53308.4,52783.45,53710.35,0,0.0,0.0,0.0,0.0,-0.01,-1,-1,-0.01,-1,-1,-0.01,-1,-1,-0.01,-1,-1,-0.01,-1,-1,-0.01,-1,-1,-0.01,-1,-1,-0.01,-1,-1,-0.01,-1,-1,-0.01,-1,-1
99926009,2026-05-18 11:30:36+05:30,53107.7,0,0.0,0,0.0,0.0,53282.15,53308.4,52783.45,53710.35,0,0.0,0.0,0.0,0.0,-0.01,-1,-1,-0.01,-1,-1,-0.01,-1,-1,-0.01,-1,-1,-0.01,-1,-1,-0.01,-1,-1,-0.01,-1,-1,-0.01,-1,-1,-0.01,-1,-1,-0.01,-1,-1
99926009,2026-05-18 11:30:37+05:30,53109.25,0,0.0,0,0.0,0.0,53282.15,53308.4,52783.45,53710.35,0,0.0,0.0,0.0,0.0,-0.01,-1,-1,-0.01,-1,-1,-0.01,-1,-1,-0.01,-1,-1,-0.01,-1,-1,-0.01,-1,-1,-0.01,-1,-1,-0.01,-1,-1,-0.01,-1,-1,-0.01,-1,-1
99926009,2026-05-18 11:30:37+05:30,53108.5,0,0.0,0,0.0,0.0,53282.15,53308.4,52783.45,53710.35,0,0.0,0.0,0.0,0.0,-0.01,-1,-1,-0.01,-1,-1,-0.01,-1,-1,-0.01,-1,-1,-0.01,-1,-1,-0.01,-1,-1,-0.01,-1,-1,-0.01,-1,-1,-0.01,-1,-1,-0.01,-1,-1
99926009,2026-05-18 11:30:38+05:30,53107.9,0,0.0,0,0.0,0.0,53282.15,53308.4,52783.45,53710.35,0,0.0,0.0,0.0,0.0,-0.01,-1,-1,-0.01,-1,-1,-0.01,-1,-1,-0.01,-1,-1,-0.01,-1,-1,-0.01,-1,-1,-0.01,-1,-1,-0.01,-1,-1,-0.01,-1,-1,-0.01,-1,-1
99926009,2026-05-18 11:30:38+05:30,53109.95,0,0.0,0,0.0,0.0,53282.15,53308.4,52783.45,53710.35,0,0.0,0.0,0.0,0.0,-0.01,-1,-1,-0.01,-1,-1,-0.01,-1,-1,-0.01,-1,-1,-0.01,-1,-1,-0.01,-1,-1,-0.01,-1,-1,-0.01,-1,-1,-0.01,-1,-1,-0.01,-1,-1
99926009,2026-05-18 11:30:39+05:30,53109.4,0,0.0,0,0.0,0.0,53282.15,53308.4,52783.45,53710.35,0,0.0,0.0,0.0,0.0,-0.01,-1,-1,-0.01,-1,-1,-0.01,-1,-1,-0.01,-1,-1,-0.01,-1,-1,-0.01,-1,-1,-0.01,-1,-1,-0.01,-1,-1,-0.01,-1,-1,-0.01,-1,-1
99926009,2026-05-18 11:30:39+05:30,53107.8,0,0.0,0,0.0,0.0,53282.15,53308.4,52783.45,53710.35,0,0.0,0.0,0.0,0.0,-0.01,-1,-1,-0.01,-1,-1,-0.01,-1,-1,-0.01,-1,-1,-0.01,-1,-1,-0.01,-1,-1,-0.01,-1,-1,-0.01,-1,-1,-0.01,-1,-1,-0.01,-1,-1
99926009,2026-05-18 11:30:40+05:30,53111.65,0,0.0,0,0.0,0.0,53282.15,53308.4,52783.45,53710.35,0,0.0,0.0,0.0,0.0,-0.01,-1,-1,-0.01,-1,-1,-0.01,-1,-1,-0.01,-1,-1,-0.01,-1,-1,-0.01,-1,-1,-0.01,-1,-1,-0.01,-1,-1,-0.01,-1,-1,-0.01,-1,-1
99926009,2026-05-18 11:30:40+05:30,53110.2,0,0.0,0,0.0,0.0,53282.15,53308.4,52783.45,53710.35,0,0.0,0.0,0.0,0.0,-0.01,-1,-1,-0.01,-1,-1,-0.01,-1,-1,-0.01,-1,-1,-0.01,-1,-1,-0.01,-1,-1,-0.01,-1,-1,-0.01,-1,-1,-0.01,-1,-1,-0.01,-1,-1
99926009,2026-05-18 11:30:41+05:30,53108.55,0,0.0,0,0.0,0.0,53282.15,53308.4,52783.45,53710.35,0,0.0,0.0,0.0,0.0,-0.01,-1,-1,-0.01,-1,-1,-0.01,-1,-1,-0.01,-1,-1,-0.01,-1,-1,-0.01,-1,-1,-0.01,-1,-1,-0.01,-1,-1,-0.01,-1,-1,-0.01,-1,-1
99926009,2026-05-18 11:30:41+05:30,53108.55,0,0.0,0,0.0,0.0,53282.15,53308.4,52783.45,53710.35,0,0.0,0.0,0.0,0.0,-0.01,-1,-1,-0.01,-1,-1,-0.01,-1,-1,-0.01,-1,-1,-0.01,-1,-1,-0.01,-1,-1,-0.01,-1,-1,-0.01,-1,-1,-0.01,-1,-1,-0.01,-1,-1
99926009,2026-05-18 11:30:42+05:30,53108.3,0,0.0,0,0.0,0.0,53282.15,53308.4,52783.45,53710.35,0,0.0,0.0,0.0,0.0,-0.01,-1,-1,-0.01,-1,-1,-0.01,-1,-1,-0.01,-1,-1,-0.01,-1,-1,-0.01,-1,-1,-0.01,-1,-1,-0.01,-1,-1,-0.01,-1,-1,-0.01,-1,-1
99926009,2026-05-18 11:30:42+05:30,53106.95,0,0.0,0,0.0,0.0,53282.15,53308.4,52783.45,53710.35,0,0.0,0.0,0.0,0.0,-0.01,-1,-1,-0.01,-1,-1,-0.01,-1,-1,-0.01,-1,-1,-0.01,-1,-1,-0.01,-1,-1,-0.01,-1,-1,-0.01,-1,-1,-0.01,-1,-1,-0.01,-1,-1
99926009,2026-05-18 11:30:43+05:30,53115.35,0,0.0,0,0.0,0.0,53282.15,53308.4,52783.45,53710.35,0,0.0,0.0,0.0,0.0,-0.01,-1,-1,-0.01,-1,-1,-0.01,-1,-1,-0.01,-1,-1,-0.01,-1,-1,-0.01,-1,-1,-0.01,-1,-1,-0.01,-1,-1,-0.01,-1,-1,-0.01,-1,-1
99926009,2026-05-18 11:30:43+05:30,53114.5,0,0.0,0,0.0,0.0,53282.15,53308.4,52783.45,53710.35,0,0.0,0.0,0.0,0.0,-0.01,-1,-1,-0.01,-1,-1,-0.01,-1,-1,-0.01,-1,-1,-0.01,-1,-1,-0.01,-1,-1,-0.01,-1,-1,-0.01,-1,-1,-0.01,-1,-1,-0.01,-1,-1
99926009,2026-05-18 11:30:44+05:30,53111.05,0,0.0,0,0.0,0.0,53282.15,53308.4,52783.45,53710.35,0,0.0,0.0,0.0,0.0,-0.01,-1,-1,-0.01,-1,-1,-0.01,-1,-1,-0.01,-1,-1,-0.01,-1,-1,-0.01,-1,-1,-0.01,-1,-1,-0.01,-1,-1,-0.01,-1,-1,-0.01,-1,-1
99926009,2026-05-18 11:30:44+05:30,53111.05,0,0.0,0,0.0,0.0,53282.15,53308.4,52783.45,53710.35,0,0.0,0.0,0.0,0.0,-0.01,-1,-1,-0.01,-1,-1,-0.01,-1,-1,-0.01,-1,-1,-0.01,-1,-1,-0.01,-1,-1,-0.01,-1,-1,-0.01,-1,-1,-0.01,-1,-1,-0.01,-1,-1
99926009,2026-05-18 11:30:45+05:30,53113.85,0,0.0,0,0.0,0.0,53282.15,53308.4,52783.45,53710.35,0,0.0,0.0,0.0,0.0,-0.01,-1,-1,-0.01,-1,-1,-0.01,-1,-1,-0.01,-1,-1,-0.01,-1,-1,-0.01,-1,-1,-0.01,-1,-1,-0.01,-1,-1,-0.01,-1,-1,-0.01,-1,-1
99926009,2026-05-18 11:30:45+05:30,53115.0,0,0.0,0,0.0,0.0,53282.15,53308.4,52783.45,53710.35,0,0.0,0.0,0.0,0.0,-0.01,-1,-1,-0.01,-1,-1,-0.01,-1,-1,-0.01,-1,-1,-0.01,-1,-1,-0.01,-1,-1,-0.01,-1,-1,-0.01,-1,-1,-0.01,-1,-1,-0.01,-1,-1
99926009,2026-05-18 11:30:46+05:30,53115.0,0,0.0,0,0.0,0.0,53282.15,53308.4,52783.45,53710.35,0,0.0,0.0,0.0,0.0,-0.01,-1,-1,-0.01,-1,-1,-0.01,-1,-1,-0.01,-1,-1,-0.01,-1,-1,-0.01,-1,-1,-0.01,-1,-1,-0.01,-1,-1,-0.01,-1,-1,-0.01,-1,-1
99926009,2026-05-18 11:30:46+05:30,53113.45,0,0.0,0,0.0,0.0,53282.15,53308.4,52783.45,53710.35,0,0.0,0.0,0.0,0.0,-0.01,-1,-1,-0.01,-1,-1,-0.01,-1,-1,-0.01,-1,-1,-0.01,-1,-1,-0.01,-1,-1,-0.01,-1,-1,-0.01,-1,-1,-0.01,-1,-1,-0.01,-1,-1
99926009,2026-05-18 11:30:47+05:30,53113.9,0,0.0,0,0.0,0.0,53282.15,53308.4,52783.45,53710.35,0,0.0,0.0,0.0,0.0,-0.01,-1,-1,-0.01,-1,-1,-0.01,-1,-1,-0.01,-1,-1,-0.01,-1,-1,-0.01,-1,-1,-0.01,-1,-1,-0.01,-1,-1,-0.01,-1,-1,-0.01,-1,-1
99926009,2026-05-18 11:30:47+05:30,53113.6,0,0.0,0,0.0,0.0,53282.15,53308.4,52783.45,53710.35,0,0.0,0.0,0.0,0.0,-0.01,-1,-1,-0.01,-1,-1,-0.01,-1,-1,-0.01,-1,-1,-0.01,-1,-1,-0.01,-1,-1,-0.01,-1,-1,-0.01,-1,-1,-0.01,-1,-1,-0.01,-1,-1
99926009,2026-05-18 11:30:48+05:30,53114.1,0,0.0,0,0.0,0.0,53282.15,53308.4,52783.45,53710.35,0,0.0,0.0,0.0,0.0,-0.01,-1,-1,-0.01,-1,-1,-0.01,-1,-1,-0.01,-1,-1,-0.01,-1,-1,-0.01,-1,-1,-0.01,-1,-1,-0.01,-1,-1,-0.01,-1,-1,-0.01,-1,-1
99926009,2026-05-18 11:30:48+05:30,53113.4,0,0.0,0,0.0,0.0,53282.15,53308.4,52783.45,53710.35,0,0.0,0.0,0.0,0.0,-0.01,-1,-1,-0.01,-1,-1,-0.01,-1,-1,-0.01,-1,-1,-0.01,-1,-1,-0.01,-1,-1,-0.01,-1,-1,-0.01,-1,-1,-0.01,-1,-1,-0.01,-1,-1
99926009,2026-05-18 11:30:49+05:30,53115.3,0,0.0,0,0.0,0.0,53282.15,53308.4,52783.45,53710.35,0,0.0,0.0,0.0,0.0,-0.01,-1,-1,-0.01,-1,-1,-0.01,-1,-1,-0.01,-1,-1,-0.01,-1,-1,-0.01,-1,-1,-0.01,-1,-1,-0.01,-1,-1,-0.01,-1,-1,-0.01,-1,-1
99926009,2026-05-18 11:30:49+05:30,53114.95,0,0.0,0,0.0,0.0,53282.15,53308.4,52783.45,53710.35,0,0.0,0.0,0.0,0.0,-0.01,-1,-1,-0.01,-1,-1,-0.01,-1,-1,-0.01,-1,-1,-0.01,-1,-1,-0.01,-1,-1,-0.01,-1,-1,-0.01,-1,-1,-0.01,-1,-1,-0.01,-1,-1
99926009,2026-05-18 11:30:50+05:30,53111.05,0,0.0,0,0.0,0.0,53282.15,53308.4,52783.45,53710.35,0,0.0,0.0,0.0,0.0,-0.01,-1,-1,-0.01,-1,-1,-0.01,-1,-1,-0.01,-1,-1,-0.01,-1,-1,-0.01,-1,-1,-0.01,-1,-1,-0.01,-1,-1,-0.01,-1,-1,-0.01,-1,-1
99926009,2026-05-18 11:30:50+05:30,53112.1,0,0.0,0,0.0,0.0,53282.15,53308.4,52783.45,53710.35,0,0.0,0.0,0.0,0.0,-0.01,-1,-1,-0.01,-1,-1,-0.01,-1,-1,-0.01,-1,-1,-0.01,-1,-1,-0.01,-1,-1,-0.01,-1,-1,-0.01,-1,-1,-0.01,-1,-1,-0.01,-1,-1
99926009,2026-05-18 11:30:51+05:30,53109.7,0,0.0,0,0.0,0.0,53282.15,53308.4,52783.45,53710.35,0,0.0,0.0,0.0,0.0,-0.01,-1,-1,-0.01,-1,-1,-0.01,-1,-1,-0.01,-1,-1,-0.01,-1,-1,-0.01,-1,-1,-0.01,-1,-1,-0.01,-1,-1,-0.01,-1,-1,-0.01,-1,-1
99926009,2026-05-18 11:30:51+05:30,53110.6,0,0.0,0,0.0,0.0,53282.15,53308.4,52783.45,53710.35,0,0.0,0.0,0.0,0.0,-0.01,-1,-1,-0.01,-1,-1,-0.01,-1,-1,-0.01,-1,-1,-0.01,-1,-1,-0.01,-1,-1,-0.01,-1,-1,-0.01,-1,-1,-0.01,-1,-1,-0.01,-1,-1
99926009,2026-05-18 11:30:52+05:30,53112.15,0,0.0,0,0.0,0.0,53282.15,53308.4,52783.45,53710.35,0,0.0,0.0,0.0,0.0,-0.01,-1,-1,-0.01,-1,-1,-0.01,-1,-1,-0.01,-1,-1,-0.01,-1,-1,-0.01,-1,-1,-0.01,-1,-1,-0.01,-1,-1,-0.01,-1,-1,-0.01,-1,-1
99926009,2026-05-18 11:30:52+05:30,53111.7,0,0.0,0,0.0,0.0,53282.15,53308.4,52783.45,53710.35,0,0.0,0.0,0.0,0.0,-0.01,-1,-1,-0.01,-1,-1,-0.01,-1,-1,-0.01,-1,-1,-0.01,-1,-1,-0.01,-1,-1,-0.01,-1,-1,-0.01,-1,-1,-0.01,-1,-1,-0.01,-1,-1
99926009,2026-05-18 11:30:53+05:30,53115.35,0,0.0,0,0.0,0.0,53282.15,53308.4,52783.45,53710.35,0,0.0,0.0,0.0,0.0,-0.01,-1,-1,-0.01,-1,-1,-0.01,-1,-1,-0.01,-1,-1,-0.01,-1,-1,-0.01,-1,-1,-0.01,-1,-1,-0.01,-1,-1,-0.01,-1,-1,-0.01,-1,-1
99926009,2026-05-18 11:30:53+05:30,53113.1,0,0.0,0,0.0,0.0,53282.15,53308.4,52783.45,53710.35,0,0.0,0.0,0.0,0.0,-0.01,-1,-1,-0.01,-1,-1,-0.01,-1,-1,-0.01,-1,-1,-0.01,-1,-1,-0.01,-1,-1,-0.01,-1,-1,-0.01,-1,-1,-0.01,-1,-1,-0.01,-1,-1
99926009,2026-05-18 11:30:54+05:30,53114.6,0,0.0,0,0.0,0.0,53282.15,53308.4,52783.45,53710.35,0,0.0,0.0,0.0,0.0,-0.01,-1,-1,-0.01,-1,-1,-0.01,-1,-1,-0.01,-1,-1,-0.01,-1,-1,-0.01,-1,-1,-0.01,-1,-1,-0.01,-1,-1,-0.01,-1,-1,-0.01,-1,-1
99926009,2026-05-18 11:30:54+05:30,53114.75,0,0.0,0,0.0,0.0,53282.15,53308.4,52783.45,53710.35,0,0.0,0.0,0.0,0.0,-0.01,-1,-1,-0.01,-1,-1,-0.01,-1,-1,-0.01,-1,-1,-0.01,-1,-1,-0.01,-1,-1,-0.01,-1,-1,-0.01,-1,-1,-0.01,-1,-1,-0.01,-1,-1
99926009,2026-05-18 11:30:55+05:30,53115.4,0,0.0,0,0.0,0.0,53282.15,53308.4,52783.45,53710.35,0,0.0,0.0,0.0,0.0,-0.01,-1,-1,-0.01,-1,-1,-0.01,-1,-1,-0.01,-1,-1,-0.01,-1,-1,-0.01,-1,-1,-0.01,-1,-1,-0.01,-1,-1,-0.01,-1,-1,-0.01,-1,-1
99926009,2026-05-18 11:30:55+05:30,53113.7,0,0.0,0,0.0,0.0,53282.15,53308.4,52783.45,53710.35,0,0.0,0.0,0.0,0.0,-0.01,-1,-1,-0.01,-1,-1,-0.01,-1,-1,-0.01,-1,-1,-0.01,-1,-1,-0.01,-1,-1,-0.01,-1,-1,-0.01,-1,-1,-0.01,-1,-1,-0.01,-1,-1
99926009,2026-05-18 11:30:56+05:30,53110.7,0,0.0,0,0.0,0.0,53282.15,53308.4,52783.45,53710.35,0,0.0,0.0,0.0,0.0,-0.01,-1,-1,-0.01,-1,-1,-0.01,-1,-1,-0.01,-1,-1,-0.01,-1,-1,-0.01,-1,-1,-0.01,-1,-1,-0.01,-1,-1,-0.01,-1,-1,-0.01,-1,-1
99926009,2026-05-18 11:30:56+05:30,53111.95,0,0.0,0,0.0,0.0,53282.15,53308.4,52783.45,53710.35,0,0.0,0.0,0.0,0.0,-0.01,-1,-1,-0.01,-1,-1,-0.01,-1,-1,-0.01,-1,-1,-0.01,-1,-1,-0.01,-1,-1,-0.01,-1,-1,-0.01,-1,-1,-0.01,-1,-1,-0.01,-1,-1
99926009,2026-05-18 11:30:57+05:30,53113.55,0,0.0,0,0.0,0.0,53282.15,53308.4,52783.45,53710.35,0,0.0,0.0,0.0,0.0,-0.01,-1,-1,-0.01,-1,-1,-0.01,-1,-1,-0.01,-1,-1,-0.01,-1,-1,-0.01,-1,-1,-0.01,-1,-1,-0.01,-1,-1,-0.01,-1,-1,-0.01,-1,-1
99926009,2026-05-18 11:30:57+05:30,53114.85,0,0.0,0,0.0,0.0,53282.15,53308.4,52783.45,53710.35,0,0.0,0.0,0.0,0.0,-0.01,-1,-1,-0.01,-1,-1,-0.01,-1,-1,-0.01,-1,-1,-0.01,-1,-1,-0.01,-1,-1,-0.01,-1,-1,-0.01,-1,-1,-0.01,-1,-1,-0.01,-1,-1
99926009,2026-05-18 11:30:58+05:30,53116.85,0,0.0,0,0.0,0.0,53282.15,53308.4,52783.45,53710.35,0,0.0,0.0,0.0,0.0,-0.01,-1,-1,-0.01,-1,-1,-0.01,-1,-1,-0.01,-1,-1,-0.01,-1,-1,-0.01,-1,-1,-0.01,-1,-1,-0.01,-1,-1,-0.01,-1,-1,-0.01,-1,-1
99926009,2026-05-18 11:30:58+05:30,53115.7,0,0.0,0,0.0,0.0,53282.15,53308.4,52783.45,53710.35,0,0.0,0.0,0.0,0.0,-0.01,-1,-1,-0.01,-1,-1,-0.01,-1,-1,-0.01,-1,-1,-0.01,-1,-1,-0.01,-1,-1,-0.01,-1,-1,-0.01,-1,-1,-0.01,-1,-1,-0.01,-1,-1
99926009,2026-05-18 11:30:59+05:30,53117.1,0,0.0,0,0.0,0.0,53282.15,53308.4,52783.45,53710.35,0,0.0,0.0,0.0,0.0,-0.01,-1,-1,-0.01,-1,-1,-0.01,-1,-1,-0.01,-1,-1,-0.01,-1,-1,-0.01,-1,-1,-0.01,-1,-1,-0.01,-1,-1,-0.01,-1,-1,-0.01,-1,-1
99926009,2026-05-18 11:30:59+05:30,53117.1,0,0.0,0,0.0,0.0,53282.15,53308.4,52783.45,53710.35,0,0.0,0.0,0.0,0.0,-0.01,-1,-1,-0.01,-1,-1,-0.01,-1,-1,-0.01,-1,-1,-0.01,-1,-1,-0.01,-1,-1,-0.01,-1,-1,-0.01,-1,-1,-0.01,-1,-1,-0.01,-1,-1
99926009,2026-05-18 11:31:00+05:30,53118.65,0,0.0,0,0.0,0.0,53282.15,53308.4,52783.45,53710.35,0,0.0,0.0,0.0,0.0,-0.01,-1,-1,-0.01,-1,-1,-0.01,-1,-1,-0.01,-1,-1,-0.01,-1,-1,-0.01,-1,-1,-0.01,-1,-1,-0.01,-1,-1,-0.01,-1,-1,-0.01,-1,-1
99926009,2026-05-18 11:31:00+05:30,53113.6,0,0.0,0,0.0,0.0,53282.15,53308.4,52783.45,53710.35,0,0.0,0.0,0.0,0.0,-0.01,-1,-1,-0.01,-1,-1,-0.01,-1,-1,-0.01,-1,-1,-0.01,-1,-1,-0.01,-1,-1,-0.01,-1,-1,-0.01,-1,-1,-0.01,-1,-1,-0.01,-1,-1
99926009,2026-05-18 11:31:01+05:30,53117.75,0,0.0,0,0.0,0.0,53282.15,53308.4,52783.45,53710.35,0,0.0,0.0,0.0,0.0,-0.01,-1,-1,-0.01,-1,-1,-0.01,-1,-1,-0.01,-1,-1,-0.01,-1,-1,-0.01,-1,-1,-0.01,-1,-1,-0.01,-1,-1,-0.01,-1,-1,-0.01,-1,-1
99926009,2026-05-18 11:31:01+05:30,53118.15,0,0.0,0,0.0,0.0,53282.15,53308.4,52783.45,53710.35,0,0.0,0.0,0.0,0.0,-0.01,-1,-1,-0.01,-1,-1,-0.01,-1,-1,-0.01,-1,-1,-0.01,-1,-1,-0.01,-1,-1,-0.01,-1,-1,-0.01,-1,-1,-0.01,-1,-1,-0.01,-1,-1
99926009,2026-05-18 11:31:02+05:30,53116.8,0,0.0,0,0.0,0.0,53282.15,53308.4,52783.45,53710.35,0,0.0,0.0,0.0,0.0,-0.01,-1,-1,-0.01,-1,-1,-0.01,-1,-1,-0.01,-1,-1,-0.01,-1,-1,-0.01,-1,-1,-0.01,-1,-1,-0.01,-1,-1,-0.01,-1,-1,-0.01,-1,-1
99926009,2026-05-18 11:31:02+05:30,53117.25,0,0.0,0,0.0,0.0,53282.15,53308.4,52783.45,53710.35,0,0.0,0.0,0.0,0.0,-0.01,-1,-1,-0.01,-1,-1,-0.01,-1,-1,-0.01,-1,-1,-0.01,-1,-1,-0.01,-1,-1,-0.01,-1,-1,-0.01,-1,-1,-0.01,-1,-1,-0.01,-1,-1
99926009,2026-05-18 11:31:03+05:30,53118.6,0,0.0,0,0.0,0.0,53282.15,53308.4,52783.45,53710.35,0,0.0,0.0,0.0,0.0,-0.01,-1,-1,-0.01,-1,-1,-0.01,-1,-1,-0.01,-1,-1,-0.01,-1,-1,-0.01,-1,-1,-0.01,-1,-1,-0.01,-1,-1,-0.01,-1,-1,-0.01,-1,-1
99926009,2026-05-18 11:31:03+05:30,53122.2,0,0.0,0,0.0,0.0,53282.15,53308.4,52783.45,53710.35,0,0.0,0.0,0.0,0.0,-0.01,-1,-1,-0.01,-1,-1,-0.01,-1,-1,-0.01,-1,-1,-0.01,-1,-1,-0.01,-1,-1,-0.01,-1,-1,-0.01,-1,-1,-0.01,-1,-1,-0.01,-1,-1
99926009,2026-05-18 11:31:04+05:30,53121.15,0,0.0,0,0.0,0.0,53282.15,53308.4,52783.45,53710.35,0,0.0,0.0,0.0,0.0,-0.01,-1,-1,-0.01,-1,-1,-0.01,-1,-1,-0.01,-1,-1,-0.01,-1,-1,-0.01,-1,-1,-0.01,-1,-1,-0.01,-1,-1,-0.01,-1,-1,-0.01,-1,-1
99926009,2026-05-18 11:31:04+05:30,53117.25,0,0.0,0,0.0,0.0,53282.15,53308.4,52783.45,53710.35,0,0.0,0.0,0.0,0.0,-0.01,-1,-1,-0.01,-1,-1,-0.01,-1,-1,-0.01,-1,-1,-0.01,-1,-1,-0.01,-1,-1,-0.01,-1,-1,-0.01,-1,-1,-0.01,-1,-1,-0.01,-1,-1
99926009,2026-05-18 11:31:05+05:30,53119.7,0,0.0,0,0.0,0.0,53282.15,53308.4,52783.45,53710.35,0,0.0,0.0,0.0,0.0,-0.01,-1,-1,-0.01,-1,-1,-0.01,-1,-1,-0.01,-1,-1,-0.01,-1,-1,-0.01,-1,-1,-0.01,-1,-1,-0.01,-1,-1,-0.01,-1,-1,-0.01,-1,-1
99926009,2026-05-18 11:31:05+05:30,53120.1,0,0.0,0,0.0,0.0,53282.15,53308.4,52783.45,53710.35,0,0.0,0.0,0.0,0.0,-0.01,-1,-1,-0.01,-1,-1,-0.01,-1,-1,-0.01,-1,-1,-0.01,-1,-1,-0.01,-1,-1,-0.01,-1,-1,-0.01,-1,-1,-0.01,-1,-1,-0.01,-1,-1
99926009,2026-05-18 11:31:06+05:30,53121.45,0,0.0,0,0.0,0.0,53282.15,53308.4,52783.45,53710.35,0,0.0,0.0,0.0,0.0,-0.01,-1,-1,-0.01,-1,-1,-0.01,-1,-1,-0.01,-1,-1,-0.01,-1,-1,-0.01,-1,-1,-0.01,-1,-1,-0.01,-1,-1,-0.01,-1,-1,-0.01,-1,-1
99926009,2026-05-18 11:31:06+05:30,53121.75,0,0.0,0,0.0,0.0,53282.15,53308.4,52783.45,53710.35,0,0.0,0.0,0.0,0.0,-0.01,-1,-1,-0.01,-1,-1,-0.01,-1,-1,-0.01,-1,-1,-0.01,-1,-1,-0.01,-1,-1,-0.01,-1,-1,-0.01,-1,-1,-0.01,-1,-1,-0.01,-1,-1
99926009,2026-05-18 11:31:07+05:30,53122.6,0,0.0,0,0.0,0.0,53282.15,53308.4,52783.45,53710.35,0,0.0,0.0,0.0,0.0,-0.01,-1,-1,-0.01,-1,-1,-0.01,-1,-1,-0.01,-1,-1,-0.01,-1,-1,-0.01,-1,-1,-0.01,-1,-1,-0.01,-1,-1,-0.01,-1,-1,-0.01,-1,-1
99926009,2026-05-18 11:31:07+05:30,53121.2,0,0.0,0,0.0,0.0,53282.15,53308.4,52783.45,53710.35,0,0.0,0.0,0.0,0.0,-0.01,-1,-1,-0.01,-1,-1,-0.01,-1,-1,-0.01,-1,-1,-0.01,-1,-1,-0.01,-1,-1,-0.01,-1,-1,-0.01,-1,-1,-0.01,-1,-1,-0.01,-1,-1
99926009,2026-05-18 11:31:08+05:30,53116.75,0,0.0,0,0.0,0.0,53282.15,53308.4,52783.45,53710.35,0,0.0,0.0,0.0,0.0,-0.01,-1,-1,-0.01,-1,-1,-0.01,-1,-1,-0.01,-1,-1,-0.01,-1,-1,-0.01,-1,-1,-0.01,-1,-1,-0.01,-1,-1,-0.01,-1,-1,-0.01,-1,-1
99926009,2026-05-18 11:31:08+05:30,53117.4,0,0.0,0,0.0,0.0,53282.15,53308.4,52783.45,53710.35,0,0.0,0.0,0.0,0.0,-0.01,-1,-1,-0.01,-1,-1,-0.01,-1,-1,-0.01,-1,-1,-0.01,-1,-1,-0.01,-1,-1,-0.01,-1,-1,-0.01,-1,-1,-0.01,-1,-1,-0.01,-1,-1
99926009,2026-05-18 11:31:09+05:30,53118.95,0,0.0,0,0.0,0.0,53282.15,53308.4,52783.45,53710.35,0,0.0,0.0,0.0,0.0,-0.01,-1,-1,-0.01,-1,-1,-0.01,-1,-1,-0.01,-1,-1,-0.01,-1,-1,-0.01,-1,-1,-0.01,-1,-1,-0.01,-1,-1,-0.01,-1,-1,-0.01,-1,-1
99926009,2026-05-18 11:31:09+05:30,53120.25,0,0.0,0,0.0,0.0,53282.15,53308.4,52783.45,53710.35,0,0.0,0.0,0.0,0.0,-0.01,-1,-1,-0.01,-1,-1,-0.01,-1,-1,-0.01,-1,-1,-0.01,-1,-1,-0.01,-1,-1,-0.01,-1,-1,-0.01,-1,-1,-0.01,-1,-1,-0.01,-1,-1
99926009,2026-05-18 11:31:10+05:30,53121.55,0,0.0,0,0.0,0.0,53282.15,53308.4,52783.45,53710.35,0,0.0,0.0,0.0,0.0,-0.01,-1,-1,-0.01,-1,-1,-0.01,-1,-1,-0.01,-1,-1,-0.01,-1,-1,-0.01,-1,-1,-0.01,-1,-1,-0.01,-1,-1,-0.01,-1,-1,-0.01,-1,-1
99926009,2026-05-18 11:31:10+05:30,53122.2,0,0.0,0,0.0,0.0,53282.15,53308.4,52783.45,53710.35,0,0.0,0.0,0.0,0.0,-0.01,-1,-1,-0.01,-1,-1,-0.01,-1,-1,-0.01,-1,-1,-0.01,-1,-1,-0.01,-1,-1,-0.01,-1,-1,-0.01,-1,-1,-0.01,-1,-1,-0.01,-1,-1
99926009,2026-05-18 11:31:11+05:30,53120.25,0,0.0,0,0.0,0.0,53282.15,53308.4,52783.45,53710.35,0,0.0,0.0,0.0,0.0,-0.01,-1,-1,-0.01,-1,-1,-0.01,-1,-1,-0.01,-1,-1,-0.01,-1,-1,-0.01,-1,-1,-0.01,-1,-1,-0.01,-1,-1,-0.01,-1,-1,-0.01,-1,-1
99926009,2026-05-18 11:31:11+05:30,53121.05,0,0.0,0,0.0,0.0,53282.15,53308.4,52783.45,53710.35,0,0.0,0.0,0.0,0.0,-0.01,-1,-1,-0.01,-1,-1,-0.01,-1,-1,-0.01,-1,-1,-0.01,-1,-1,-0.01,-1,-1,-0.01,-1,-1,-0.01,-1,-1,-0.01,-1,-1,-0.01,-1,-1
99926009,2026-05-18 11:31:12+05:30,53122.0,0,0.0,0,0.0,0.0,53282.15,53308.4,52783.45,53710.35,0,0.0,0.0,0.0,0.0,-0.01,-1,-1,-0.01,-1,-1,-0.01,-1,-1,-0.01,-1,-1,-0.01,-1,-1,-0.01,-1,-1,-0.01,-1,-1,-0.01,-1,-1,-0.01,-1,-1,-0.01,-1,-1
99926009,2026-05-18 11:31:12+05:30,53119.1,0,0.0,0,0.0,0.0,53282.15,53308.4,52783.45,53710.35,0,0.0,0.0,0.0,0.0,-0.01,-1,-1,-0.01,-1,-1,-0.01,-1,-1,-0.01,-1,-1,-0.01,-1,-1,-0.01,-1,-1,-0.01,-1,-1,-0.01,-1,-1,-0.01,-1,-1,-0.01,-1,-1
99926009,2026-05-18 11:31:13+05:30,53122.6,0,0.0,0,0.0,0.0,53282.15,53308.4,52783.45,53710.35,0,0.0,0.0,0.0,0.0,-0.01,-1,-1,-0.01,-1,-1,-0.01,-1,-1,-0.01,-1,-1,-0.01,-1,-1,-0.01,-1,-1,-0.01,-1,-1,-0.01,-1,-1,-0.01,-1,-1,-0.01,-1,-1
99926009,2026-05-18 11:31:13+05:30,53120.55,0,0.0,0,0.0,0.0,53282.15,53308.4,52783.45,53710.35,0,0.0,0.0,0.0,0.0,-0.01,-1,-1,-0.01,-1,-1,-0.01,-1,-1,-0.01,-1,-1,-0.01,-1,-1,-0.01,-1,-1,-0.01,-1,-1,-0.01,-1,-1,-0.01,-1,-1,-0.01,-1,-1
99926009,2026-05-18 11:31:14+05:30,53118.8,0,0.0,0,0.0,0.0,53282.15,53308.4,52783.45,53710.35,0,0.0,0.0,0.0,0.0,-0.01,-1,-1,-0.01,-1,-1,-0.01,-1,-1,-0.01,-1,-1,-0.01,-1,-1,-0.01,-1,-1,-0.01,-1,-1,-0.01,-1,-1,-0.01,-1,-1,-0.01,-1,-1
99926009,2026-05-18 11:31:14+05:30,53118.4,0,0.0,0,0.0,0.0,53282.15,53308.4,52783.45,53710.35,0,0.0,0.0,0.0,0.0,-0.01,-1,-1,-0.01,-1,-1,-0.01,-1,-1,-0.01,-1,-1,-0.01,-1,-1,-0.01,-1,-1,-0.01,-1,-1,-0.01,-1,-1,-0.01,-1,-1,-0.01,-1,-1
99926009,2026-05-18 11:31:15+05:30,53121.4,0,0.0,0,0.0,0.0,53282.15,53308.4,52783.45,53710.35,0,0.0,0.0,0.0,0.0,-0.01,-1,-1,-0.01,-1,-1,-0.01,-1,-1,-0.01,-1,-1,-0.01,-1,-1,-0.01,-1,-1,-0.01,-1,-1,-0.01,-1,-1,-0.01,-1,-1,-0.01,-1,-1
99926009,2026-05-18 11:31:15+05:30,53127.15,0,0.0,0,0.0,0.0,53282.15,53308.4,52783.45,53710.35,0,0.0,0.0,0.0,0.0,-0.01,-1,-1,-0.01,-1,-1,-0.01,-1,-1,-0.01,-1,-1,-0.01,-1,-1,-0.01,-1,-1,-0.01,-1,-1,-0.01,-1,-1,-0.01,-1,-1,-0.01,-1,-1
99926009,2026-05-18 11:31:16+05:30,53125.65,0,0.0,0,0.0,0.0,53282.15,53308.4,52783.45,53710.35,0,0.0,0.0,0.0,0.0,-0.01,-1,-1,-0.01,-1,-1,-0.01,-1,-1,-0.01,-1,-1,-0.01,-1,-1,-0.01,-1,-1,-0.01,-1,-1,-0.01,-1,-1,-0.01,-1,-1,-0.01,-1,-1
99926009,2026-05-18 11:31:16+05:30,53127.45,0,0.0,0,0.0,0.0,53282.15,53308.4,52783.45,53710.35,0,0.0,0.0,0.0,0.0,-0.01,-1,-1,-0.01,-1,-1,-0.01,-1,-1,-0.01,-1,-1,-0.01,-1,-1,-0.01,-1,-1,-0.01,-1,-1,-0.01,-1,-1,-0.01,-1,-1,-0.01,-1,-1
99926009,2026-05-18 11:31:17+05:30,53128.6,0,0.0,0,0.0,0.0,53282.15,53308.4,52783.45,53710.35,0,0.0,0.0,0.0,0.0,-0.01,-1,-1,-0.01,-1,-1,-0.01,-1,-1,-0.01,-1,-1,-0.01,-1,-1,-0.01,-1,-1,-0.01,-1,-1,-0.01,-1,-1,-0.01,-1,-1,-0.01,-1,-1
99926009,2026-05-18 11:31:17+05:30,53124.0,0,0.0,0,0.0,0.0,53282.15,53308.4,52783.45,53710.35,0,0.0,0.0,0.0,0.0,-0.01,-1,-1,-0.01,-1,-1,-0.01,-1,-1,-0.01,-1,-1,-0.01,-1,-1,-0.01,-1,-1,-0.01,-1,-1,-0.01,-1,-1,-0.01,-1,-1,-0.01,-1,-1
99926009,2026-05-18 11:31:18+05:30,53125.75,0,0.0,0,0.0,0.0,53282.15,53308.4,52783.45,53710.35,0,0.0,0.0,0.0,0.0,-0.01,-1,-1,-0.01,-1,-1,-0.01,-1,-1,-0.01,-1,-1,-0.01,-1,-1,-0.01,-1,-1,-0.01,-1,-1,-0.01,-1,-1,-0.01,-1,-1,-0.01,-1,-1
99926009,2026-05-18 11:31:18+05:30,53124.65,0,0.0,0,0.0,0.0,53282.15,53308.4,52783.45,53710.35,0,0.0,0.0,0.0,0.0,-0.01,-1,-1,-0.01,-1,-1,-0.01,-1,-1,-0.01,-1,-1,-0.01,-1,-1,-0.01,-1,-1,-0.01,-1,-1,-0.01,-1,-1,-0.01,-1,-1,-0.01,-1,-1
99926009,2026-05-18 11:31:19+05:30,53125.95,0,0.0,0,0.0,0.0,53282.15,53308.4,52783.45,53710.35,0,0.0,0.0,0.0,0.0,-0.01,-1,-1,-0.01,-1,-1,-0.01,-1,-1,-0.01,-1,-1,-0.01,-1,-1,-0.01,-1,-1,-0.01,-1,-1,-0.01,-1,-1,-0.01,-1,-1,-0.01,-1,-1
99926009,2026-05-18 11:31:19+05:30,53126.3,0,0.0,0,0.0,0.0,53282.15,53308.4,52783.45,53710.35,0,0.0,0.0,0.0,0.0,-0.01,-1,-1,-0.01,-1,-1,-0.01,-1,-1,-0.01,-1,-1,-0.01,-1,-1,-0.01,-1,-1,-0.01,-1,-1,-0.01,-1,-1,-0.01,-1,-1,-0.01,-1,-1
99926009,2026-05-18 11:31:20+05:30,53127.7,0,0.0,0,0.0,0.0,53282.15,53308.4,52783.45,53710.35,0,0.0,0.0,0.0,0.0,-0.01,-1,-1,-0.01,-1,-1,-0.01,-1,-1,-0.01,-1,-1,-0.01,-1,-1,-0.01,-1,-1,-0.01,-1,-1,-0.01,-1,-1,-0.01,-1,-1,-0.01,-1,-1
99926009,2026-05-18 11:31:20+05:30,53127.95,0,0.0,0,0.0,0.0,53282.15,53308.4,52783.45,53710.35,0,0.0,0.0,0.0,0.0,-0.01,-1,-1,-0.01,-1,-1,-0.01,-1,-1,-0.01,-1,-1,-0.01,-1,-1,-0.01,-1,-1,-0.01,-1,-1,-0.01,-1,-1,-0.01,-1,-1,-0.01,-1,-1
99926009,2026-05-18 11:31:21+05:30,53125.15,0,0.0,0,0.0,0.0,53282.15,53308.4,52783.45,53710.35,0,0.0,0.0,0.0,0.0,-0.01,-1,-1,-0.01,-1,-1,-0.01,-1,-1,-0.01,-1,-1,-0.01,-1,-1,-0.01,-1,-1,-0.01,-1,-1,-0.01,-1,-1,-0.01,-1,-1,-0.01,-1,-1
99926009,2026-05-18 11:31:21+05:30,53130.8,0,0.0,0,0.0,0.0,53282.15,53308.4,52783.45,53710.35,0,0.0,0.0,0.0,0.0,-0.01,-1,-1,-0.01,-1,-1,-0.01,-1,-1,-0.01,-1,-1,-0.01,-1,-1,-0.01,-1,-1,-0.01,-1,-1,-0.01,-1,-1,-0.01,-1,-1,-0.01,-1,-1
99926009,2026-05-18 11:31:22+05:30,53132.65,0,0.0,0,0.0,0.0,53282.15,53308.4,52783.45,53710.35,0,0.0,0.0,0.0,0.0,-0.01,-1,-1,-0.01,-1,-1,-0.01,-1,-1,-0.01,-1,-1,-0.01,-1,-1,-0.01,-1,-1,-0.01,-1,-1,-0.01,-1,-1,-0.01,-1,-1,-0.01,-1,-1
99926009,2026-05-18 11:31:22+05:30,53130.4,0,0.0,0,0.0,0.0,53282.15,53308.4,52783.45,53710.35,0,0.0,0.0,0.0,0.0,-0.01,-1,-1,-0.01,-1,-1,-0.01,-1,-1,-0.01,-1,-1,-0.01,-1,-1,-0.01,-1,-1,-0.01,-1,-1,-0.01,-1,-1,-0.01,-1,-1,-0.01,-1,-1
99926009,2026-05-18 11:31:23+05:30,53130.9,0,0.0,0,0.0,0.0,53282.15,53308.4,52783.45,53710.35,0,0.0,0.0,0.0,0.0,-0.01,-1,-1,-0.01,-1,-1,-0.01,-1,-1,-0.01,-1,-1,-0.01,-1,-1,-0.01,-1,-1,-0.01,-1,-1,-0.01,-1,-1,-0.01,-1,-1,-0.01,-1,-1
99926009,2026-05-18 11:31:23+05:30,53130.4,0,0.0,0,0.0,0.0,53282.15,53308.4,52783.45,53710.35,0,0.0,0.0,0.0,0.0,-0.01,-1,-1,-0.01,-1,-1,-0.01,-1,-1,-0.01,-1,-1,-0.01,-1,-1,-0.01,-1,-1,-0.01,-1,-1,-0.01,-1,-1,-0.01,-1,-1,-0.01,-1,-1
99926009,2026-05-18 11:31:24+05:30,53130.6,0,0.0,0,0.0,0.0,53282.15,53308.4,52783.45,53710.35,0,0.0,0.0,0.0,0.0,-0.01,-1,-1,-0.01,-1,-1,-0.01,-1,-1,-0.01,-1,-1,-0.01,-1,-1,-0.01,-1,-1,-0.01,-1,-1,-0.01,-1,-1,-0.01,-1,-1,-0.01,-1,-1
99926009,2026-05-18 11:31:24+05:30,53128.75,0,0.0,0,0.0,0.0,53282.15,53308.4,52783.45,53710.35,0,0.0,0.0,0.0,0.0,-0.01,-1,-1,-0.01,-1,-1,-0.01,-1,-1,-0.01,-1,-1,-0.01,-1,-1,-0.01,-1,-1,-0.01,-1,-1,-0.01,-1,-1,-0.01,-1,-1,-0.01,-1,-1
99926009,2026-05-18 11:31:25+05:30,53129.25,0,0.0,0,0.0,0.0,53282.15,53308.4,52783.45,53710.35,0,0.0,0.0,0.0,0.0,-0.01,-1,-1,-0.01,-1,-1,-0.01,-1,-1,-0.01,-1,-1,-0.01,-1,-1,-0.01,-1,-1,-0.01,-1,-1,-0.01,-1,-1,-0.01,-1,-1,-0.01,-1,-1
99926009,2026-05-18 11:31:25+05:30,53130.35,0,0.0,0,0.0,0.0,53282.15,53308.4,52783.45,53710.35,0,0.0,0.0,0.0,0.0,-0.01,-1,-1,-0.01,-1,-1,-0.01,-1,-1,-0.01,-1,-1,-0.01,-1,-1,-0.01,-1,-1,-0.01,-1,-1,-0.01,-1,-1,-0.01,-1,-1,-0.01,-1,-1
99926009,2026-05-18 11:31:26+05:30,53127.6,0,0.0,0,0.0,0.0,53282.15,53308.4,52783.45,53710.35,0,0.0,0.0,0.0,0.0,-0.01,-1,-1,-0.01,-1,-1,-0.01,-1,-1,-0.01,-1,-1,-0.01,-1,-1,-0.01,-1,-1,-0.01,-1,-1,-0.01,-1,-1,-0.01,-1,-1,-0.01,-1,-1
99926009,2026-05-18 11:31:26+05:30,53128.15,0,0.0,0,0.0,0.0,53282.15,53308.4,52783.45,53710.35,0,0.0,0.0,0.0,0.0,-0.01,-1,-1,-0.01,-1,-1,-0.01,-1,-1,-0.01,-1,-1,-0.01,-1,-1,-0.01,-1,-1,-0.01,-1,-1,-0.01,-1,-1,-0.01,-1,-1,-0.01,-1,-1
99926009,2026-05-18 11:31:27+05:30,53129.55,0,0.0,0,0.0,0.0,53282.15,53308.4,52783.45,53710.35,0,0.0,0.0,0.0,0.0,-0.01,-1,-1,-0.01,-1,-1,-0.01,-1,-1,-0.01,-1,-1,-0.01,-1,-1,-0.01,-1,-1,-0.01,-1,-1,-0.01,-1,-1,-0.01,-1,-1,-0.01,-1,-1
99926009,2026-05-18 11:31:27+05:30,53130.0,0,0.0,0,0.0,0.0,53282.15,53308.4,52783.45,53710.35,0,0.0,0.0,0.0,0.0,-0.01,-1,-1,-0.01,-1,-1,-0.01,-1,-1,-0.01,-1,-1,-0.01,-1,-1,-0.01,-1,-1,-0.01,-1,-1,-0.01,-1,-1,-0.01,-1,-1,-0.01,-1,-1
99926009,2026-05-18 11:31:28+05:30,53130.15,0,0.0,0,0.0,0.0,53282.15,53308.4,52783.45,53710.35,0,0.0,0.0,0.0,0.0,-0.01,-1,-1,-0.01,-1,-1,-0.01,-1,-1,-0.01,-1,-1,-0.01,-1,-1,-0.01,-1,-1,-0.01,-1,-1,-0.01,-1,-1,-0.01,-1,-1,-0.01,-1,-1
99926009,2026-05-18 11:31:28+05:30,53131.5,0,0.0,0,0.0,0.0,53282.15,53308.4,52783.45,53710.35,0,0.0,0.0,0.0,0.0,-0.01,-1,-1,-0.01,-1,-1,-0.01,-1,-1,-0.01,-1,-1,-0.01,-1,-1,-0.01,-1,-1,-0.01,-1,-1,-0.01,-1,-1,-0.01,-1,-1,-0.01,-1,-1
99926009,2026-05-18 11:31:29+05:30,53133.9,0,0.0,0,0.0,0.0,53282.15,53308.4,52783.45,53710.35,0,0.0,0.0,0.0,0.0,-0.01,-1,-1,-0.01,-1,-1,-0.01,-1,-1,-0.01,-1,-1,-0.01,-1,-1,-0.01,-1,-1,-0.01,-1,-1,-0.01,-1,-1,-0.01,-1,-1,-0.01,-1,-1
99926009,2026-05-18 11:31:29+05:30,53134.05,0,0.0,0,0.0,0.0,53282.15,53308.4,52783.45,53710.35,0,0.0,0.0,0.0,0.0,-0.01,-1,-1,-0.01,-1,-1,-0.01,-1,-1,-0.01,-1,-1,-0.01,-1,-1,-0.01,-1,-1,-0.01,-1,-1,-0.01,-1,-1,-0.01,-1,-1,-0.01,-1,-1
99926009,2026-05-18 11:31:30+05:30,53133.85,0,0.0,0,0.0,0.0,53282.15,53308.4,52783.45,53710.35,0,0.0,0.0,0.0,0.0,-0.01,-1,-1,-0.01,-1,-1,-0.01,-1,-1,-0.01,-1,-1,-0.01,-1,-1,-0.01,-1,-1,-0.01,-1,-1,-0.01,-1,-1,-0.01,-1,-1,-0.01,-1,-1
99926009,2026-05-18 11:31:30+05:30,53132.45,0,0.0,0,0.0,0.0,53282.15,53308.4,52783.45,53710.35,0,0.0,0.0,0.0,0.0,-0.01,-1,-1,-0.01,-1,-1,-0.01,-1,-1,-0.01,-1,-1,-0.01,-1,-1,-0.01,-1,-1,-0.01,-1,-1,-0.01,-1,-1,-0.01,-1,-1,-0.01,-1,-1
99926009,2026-05-18 11:31:31+05:30,53130.95,0,0.0,0,0.0,0.0,53282.15,53308.4,52783.45,53710.35,0,0.0,0.0,0.0,0.0,-0.01,-1,-1,-0.01,-1,-1,-0.01,-1,-1,-0.01,-1,-1,-0.01,-1,-1,-0.01,-1,-1,-0.01,-1,-1,-0.01,-1,-1,-0.01,-1,-1,-0.01,-1,-1
99926009,2026-05-18 11:31:31+05:30,53134.55,0,0.0,0,0.0,0.0,53282.15,53308.4,52783.45,53710.35,0,0.0,0.0,0.0,0.0,-0.01,-1,-1,-0.01,-1,-1,-0.01,-1,-1,-0.01,-1,-1,-0.01,-1,-1,-0.01,-1,-1,-0.01,-1,-1,-0.01,-1,-1,-0.01,-1,-1,-0.01,-1,-1
99926009,2026-05-18 11:31:32+05:30,53132.9,0,0.0,0,0.0,0.0,53282.15,53308.4,52783.45,53710.35,0,0.0,0.0,0.0,0.0,-0.01,-1,-1,-0.01,-1,-1,-0.01,-1,-1,-0.01,-1,-1,-0.01,-1,-1,-0.01,-1,-1,-0.01,-1,-1,-0.01,-1,-1,-0.01,-1,-1,-0.01,-1,-1
99926009,2026-05-18 11:31:32+05:30,53134.75,0,0.0,0,0.0,0.0,53282.15,53308.4,52783.45,53710.35,0,0.0,0.0,0.0,0.0,-0.01,-1,-1,-0.01,-1,-1,-0.01,-1,-1,-0.01,-1,-1,-0.01,-1,-1,-0.01,-1,-1,-0.01,-1,-1,-0.01,-1,-1,-0.01,-1,-1,-0.01,-1,-1
99926009,2026-05-18 11:31:33+05:30,53134.65,0,0.0,0,0.0,0.0,53282.15,53308.4,52783.45,53710.35,0,0.0,0.0,0.0,0.0,-0.01,-1,-1,-0.01,-1,-1,-0.01,-1,-1,-0.01,-1,-1,-0.01,-1,-1,-0.01,-1,-1,-0.01,-1,-1,-0.01,-1,-1,-0.01,-1,-1,-0.01,-1,-1
99926009,2026-05-18 11:31:33+05:30,53133.5,0,0.0,0,0.0,0.0,53282.15,53308.4,52783.45,53710.35,0,0.0,0.0,0.0,0.0,-0.01,-1,-1,-0.01,-1,-1,-0.01,-1,-1,-0.01,-1,-1,-0.01,-1,-1,-0.01,-1,-1,-0.01,-1,-1,-0.01,-1,-1,-0.01,-1,-1,-0.01,-1,-1
99926009,2026-05-18 11:31:34+05:30,53135.0,0,0.0,0,0.0,0.0,53282.15,53308.4,52783.45,53710.35,0,0.0,0.0,0.0,0.0,-0.01,-1,-1,-0.01,-1,-1,-0.01,-1,-1,-0.01,-1,-1,-0.01,-1,-1,-0.01,-1,-1,-0.01,-1,-1,-0.01,-1,-1,-0.01,-1,-1,-0.01,-1,-1
99926009,2026-05-18 11:31:34+05:30,53134.05,0,0.0,0,0.0,0.0,53282.15,53308.4,52783.45,53710.35,0,0.0,0.0,0.0,0.0,-0.01,-1,-1,-0.01,-1,-1,-0.01,-1,-1,-0.01,-1,-1,-0.01,-1,-1,-0.01,-1,-1,-0.01,-1,-1,-0.01,-1,-1,-0.01,-1,-1,-0.01,-1,-1
99926009,2026-05-18 11:31:35+05:30,53134.55,0,0.0,0,0.0,0.0,53282.15,53308.4,52783.45,53710.35,0,0.0,0.0,0.0,0.0,-0.01,-1,-1,-0.01,-1,-1,-0.01,-1,-1,-0.01,-1,-1,-0.01,-1,-1,-0.01,-1,-1,-0.01,-1,-1,-0.01,-1,-1,-0.01,-1,-1,-0.01,-1,-1
99926009,2026-05-18 11:31:35+05:30,53135.45,0,0.0,0,0.0,0.0,53282.15,53308.4,52783.45,53710.35,0,0.0,0.0,0.0,0.0,-0.01,-1,-1,-0.01,-1,-1,-0.01,-1,-1,-0.01,-1,-1,-0.01,-1,-1,-0.01,-1,-1,-0.01,-1,-1,-0.01,-1,-1,-0.01,-1,-1,-0.01,-1,-1
99926009,2026-05-18 11:31:36+05:30,53134.85,0,0.0,0,0.0,0.0,53282.15,53308.4,52783.45,53710.35,0,0.0,0.0,0.0,0.0,-0.01,-1,-1,-0.01,-1,-1,-0.01,-1,-1,-0.01,-1,-1,-0.01,-1,-1,-0.01,-1,-1,-0.01,-1,-1,-0.01,-1,-1,-0.01,-1,-1,-0.01,-1,-1
99926009,2026-05-18 11:31:36+05:30,53132.95,0,0.0,0,0.0,0.0,53282.15,53308.4,52783.45,53710.35,0,0.0,0.0,0.0,0.0,-0.01,-1,-1,-0.01,-1,-1,-0.01,-1,-1,-0.01,-1,-1,-0.01,-1,-1,-0.01,-1,-1,-0.01,-1,-1,-0.01,-1,-1,-0.01,-1,-1,-0.01,-1,-1
99926009,2026-05-18 11:31:37+05:30,53133.6,0,0.0,0,0.0,0.0,53282.15,53308.4,52783.45,53710.35,0,0.0,0.0,0.0,0.0,-0.01,-1,-1,-0.01,-1,-1,-0.01,-1,-1,-0.01,-1,-1,-0.01,-1,-1,-0.01,-1,-1,-0.01,-1,-1,-0.01,-1,-1,-0.01,-1,-1,-0.01,-1,-1
99926009,2026-05-18 11:31:37+05:30,53133.85,0,0.0,0,0.0,0.0,53282.15,53308.4,52783.45,53710.35,0,0.0,0.0,0.0,0.0,-0.01,-1,-1,-0.01,-1,-1,-0.01,-1,-1,-0.01,-1,-1,-0.01,-1,-1,-0.01,-1,-1,-0.01,-1,-1,-0.01,-1,-1,-0.01,-1,-1,-0.01,-1,-1
99926009,2026-05-18 11:31:38+05:30,53135.45,0,0.0,0,0.0,0.0,53282.15,53308.4,52783.45,53710.35,0,0.0,0.0,0.0,0.0,-0.01,-1,-1,-0.01,-1,-1,-0.01,-1,-1,-0.01,-1,-1,-0.01,-1,-1,-0.01,-1,-1,-0.01,-1,-1,-0.01,-1,-1,-0.01,-1,-1,-0.01,-1,-1
99926009,2026-05-18 11:31:38+05:30,53138.5,0,0.0,0,0.0,0.0,53282.15,53308.4,52783.45,53710.35,0,0.0,0.0,0.0,0.0,-0.01,-1,-1,-0.01,-1,-1,-0.01,-1,-1,-0.01,-1,-1,-0.01,-1,-1,-0.01,-1,-1,-0.01,-1,-1,-0.01,-1,-1,-0.01,-1,-1,-0.01,-1,-1
99926009,2026-05-18 11:31:39+05:30,53138.05,0,0.0,0,0.0,0.0,53282.15,53308.4,52783.45,53710.35,0,0.0,0.0,0.0,0.0,-0.01,-1,-1,-0.01,-1,-1,-0.01,-1,-1,-0.01,-1,-1,-0.01,-1,-1,-0.01,-1,-1,-0.01,-1,-1,-0.01,-1,-1,-0.01,-1,-1,-0.01,-1,-1
99926009,2026-05-18 11:31:39+05:30,53137.5,0,0.0,0,0.0,0.0,53282.15,53308.4,52783.45,53710.35,0,0.0,0.0,0.0,0.0,-0.01,-1,-1,-0.01,-1,-1,-0.01,-1,-1,-0.01,-1,-1,-0.01,-1,-1,-0.01,-1,-1,-0.01,-1,-1,-0.01,-1,-1,-0.01,-1,-1,-0.01,-1,-1
99926009,2026-05-18 11:31:40+05:30,53138.45,0,0.0,0,0.0,0.0,53282.15,53308.4,52783.45,53710.35,0,0.0,0.0,0.0,0.0,-0.01,-1,-1,-0.01,-1,-1,-0.01,-1,-1,-0.01,-1,-1,-0.01,-1,-1,-0.01,-1,-1,-0.01,-1,-1,-0.01,-1,-1,-0.01,-1,-1,-0.01,-1,-1
99926009,2026-05-18 11:31:40+05:30,53140.15,0,0.0,0,0.0,0.0,53282.15,53308.4,52783.45,53710.35,0,0.0,0.0,0.0,0.0,-0.01,-1,-1,-0.01,-1,-1,-0.01,-1,-1,-0.01,-1,-1,-0.01,-1,-1,-0.01,-1,-1,-0.01,-1,-1,-0.01,-1,-1,-0.01,-1,-1,-0.01,-1,-1
99926009,2026-05-18 11:31:41+05:30,53139.95,0,0.0,0,0.0,0.0,53282.15,53308.4,52783.45,53710.35,0,0.0,0.0,0.0,0.0,-0.01,-1,-1,-0.01,-1,-1,-0.01,-1,-1,-0.01,-1,-1,-0.01,-1,-1,-0.01,-1,-1,-0.01,-1,-1,-0.01,-1,-1,-0.01,-1,-1,-0.01,-1,-1
99926009,2026-05-18 11:31:41+05:30,53142.75,0,0.0,0,0.0,0.0,53282.15,53308.4,52783.45,53710.35,0,0.0,0.0,0.0,0.0,-0.01,-1,-1,-0.01,-1,-1,-0.01,-1,-1,-0.01,-1,-1,-0.01,-1,-1,-0.01,-1,-1,-0.01,-1,-1,-0.01,-1,-1,-0.01,-1,-1,-0.01,-1,-1
99926009,2026-05-18 11:31:42+05:30,53140.45,0,0.0,0,0.0,0.0,53282.15,53308.4,52783.45,53710.35,0,0.0,0.0,0.0,0.0,-0.01,-1,-1,-0.01,-1,-1,-0.01,-1,-1,-0.01,-1,-1,-0.01,-1,-1,-0.01,-1,-1,-0.01,-1,-1,-0.01,-1,-1,-0.01,-1,-1,-0.01,-1,-1
99926009,2026-05-18 11:31:42+05:30,53140.45,0,0.0,0,0.0,0.0,53282.15,53308.4,52783.45,53710.35,0,0.0,0.0,0.0,0.0,-0.01,-1,-1,-0.01,-1,-1,-0.01,-1,-1,-0.01,-1,-1,-0.01,-1,-1,-0.01,-1,-1,-0.01,-1,-1,-0.01,-1,-1,-0.01,-1,-1,-0.01,-1,-1
99926009,2026-05-18 11:31:43+05:30,53142.55,0,0.0,0,0.0,0.0,53282.15,53308.4,52783.45,53710.35,0,0.0,0.0,0.0,0.0,-0.01,-1,-1,-0.01,-1,-1,-0.01,-1,-1,-0.01,-1,-1,-0.01,-1,-1,-0.01,-1,-1,-0.01,-1,-1,-0.01,-1,-1,-0.01,-1,-1,-0.01,-1,-1
99926009,2026-05-18 11:31:43+05:30,53142.3,0,0.0,0,0.0,0.0,53282.15,53308.4,52783.45,53710.35,0,0.0,0.0,0.0,0.0,-0.01,-1,-1,-0.01,-1,-1,-0.01,-1,-1,-0.01,-1,-1,-0.01,-1,-1,-0.01,-1,-1,-0.01,-1,-1,-0.01,-1,-1,-0.01,-1,-1,-0.01,-1,-1
99926009,2026-05-18 11:31:44+05:30,53142.15,0,0.0,0,0.0,0.0,53282.15,53308.4,52783.45,53710.35,0,0.0,0.0,0.0,0.0,-0.01,-1,-1,-0.01,-1,-1,-0.01,-1,-1,-0.01,-1,-1,-0.01,-1,-1,-0.01,-1,-1,-0.01,-1,-1,-0.01,-1,-1,-0.01,-1,-1,-0.01,-1,-1
99926009,2026-05-18 11:31:44+05:30,53140.95,0,0.0,0,0.0,0.0,53282.15,53308.4,52783.45,53710.35,0,0.0,0.0,0.0,0.0,-0.01,-1,-1,-0.01,-1,-1,-0.01,-1,-1,-0.01,-1,-1,-0.01,-1,-1,-0.01,-1,-1,-0.01,-1,-1,-0.01,-1,-1,-0.01,-1,-1,-0.01,-1,-1
99926009,2026-05-18 11:31:45+05:30,53142.3,0,0.0,0,0.0,0.0,53282.15,53308.4,52783.45,53710.35,0,0.0,0.0,0.0,0.0,-0.01,-1,-1,-0.01,-1,-1,-0.01,-1,-1,-0.01,-1,-1,-0.01,-1,-1,-0.01,-1,-1,-0.01,-1,-1,-0.01,-1,-1,-0.01,-1,-1,-0.01,-1,-1
99926009,2026-05-18 11:31:45+05:30,53141.4,0,0.0,0,0.0,0.0,53282.15,53308.4,52783.45,53710.35,0,0.0,0.0,0.0,0.0,-0.01,-1,-1,-0.01,-1,-1,-0.01,-1,-1,-0.01,-1,-1,-0.01,-1,-1,-0.01,-1,-1,-0.01,-1,-1,-0.01,-1,-1,-0.01,-1,-1,-0.01,-1,-1
99926009,2026-05-18 11:31:46+05:30,53140.6,0,0.0,0,0.0,0.0,53282.15,53308.4,52783.45,53710.35,0,0.0,0.0,0.0,0.0,-0.01,-1,-1,-0.01,-1,-1,-0.01,-1,-1,-0.01,-1,-1,-0.01,-1,-1,-0.01,-1,-1,-0.01,-1,-1,-0.01,-1,-1,-0.01,-1,-1,-0.01,-1,-1
99926009,2026-05-18 11:31:46+05:30,53141.9,0,0.0,0,0.0,0.0,53282.15,53308.4,52783.45,53710.35,0,0.0,0.0,0.0,0.0,-0.01,-1,-1,-0.01,-1,-1,-0.01,-1,-1,-0.01,-1,-1,-0.01,-1,-1,-0.01,-1,-1,-0.01,-1,-1,-0.01,-1,-1,-0.01,-1,-1,-0.01,-1,-1
99926009,2026-05-18 11:31:47+05:30,53141.75,0,0.0,0,0.0,0.0,53282.15,53308.4,52783.45,53710.35,0,0.0,0.0,0.0,0.0,-0.01,-1,-1,-0.01,-1,-1,-0.01,-1,-1,-0.01,-1,-1,-0.01,-1,-1,-0.01,-1,-1,-0.01,-1,-1,-0.01,-1,-1,-0.01,-1,-1,-0.01,-1,-1
99926009,2026-05-18 11:31:47+05:30,53141.75,0,0.0,0,0.0,0.0,53282.15,53308.4,52783.45,53710.35,0,0.0,0.0,0.0,0.0,-0.01,-1,-1,-0.01,-1,-1,-0.01,-1,-1,-0.01,-1,-1,-0.01,-1,-1,-0.01,-1,-1,-0.01,-1,-1,-0.01,-1,-1,-0.01,-1,-1,-0.01,-1,-1
99926009,2026-05-18 11:31:48+05:30,53142.4,0,0.0,0,0.0,0.0,53282.15,53308.4,52783.45,53710.35,0,0.0,0.0,0.0,0.0,-0.01,-1,-1,-0.01,-1,-1,-0.01,-1,-1,-0.01,-1,-1,-0.01,-1,-1,-0.01,-1,-1,-0.01,-1,-1,-0.01,-1,-1,-0.01,-1,-1,-0.01,-1,-1
99926009,2026-05-18 11:31:48+05:30,53141.65,0,0.0,0,0.0,0.0,53282.15,53308.4,52783.45,53710.35,0,0.0,0.0,0.0,0.0,-0.01,-1,-1,-0.01,-1,-1,-0.01,-1,-1,-0.01,-1,-1,-0.01,-1,-1,-0.01,-1,-1,-0.01,-1,-1,-0.01,-1,-1,-0.01,-1,-1,-0.01,-1,-1
99926009,2026-05-18 11:31:49+05:30,53142.4,0,0.0,0,0.0,0.0,53282.15,53308.4,52783.45,53710.35,0,0.0,0.0,0.0,0.0,-0.01,-1,-1,-0.01,-1,-1,-0.01,-1,-1,-0.01,-1,-1,-0.01,-1,-1,-0.01,-1,-1,-0.01,-1,-1,-0.01,-1,-1,-0.01,-1,-1,-0.01,-1,-1
99926009,2026-05-18 11:31:49+05:30,53143.65,0,0.0,0,0.0,0.0,53282.15,53308.4,52783.45,53710.35,0,0.0,0.0,0.0,0.0,-0.01,-1,-1,-0.01,-1,-1,-0.01,-1,-1,-0.01,-1,-1,-0.01,-1,-1,-0.01,-1,-1,-0.01,-1,-1,-0.01,-1,-1,-0.01,-1,-1,-0.01,-1,-1
99926009,2026-05-18 11:31:50+05:30,53144.7,0,0.0,0,0.0,0.0,53282.15,53308.4,52783.45,53710.35,0,0.0,0.0,0.0,0.0,-0.01,-1,-1,-0.01,-1,-1,-0.01,-1,-1,-0.01,-1,-1,-0.01,-1,-1,-0.01,-1,-1,-0.01,-1,-1,-0.01,-1,-1,-0.01,-1,-1,-0.01,-1,-1
99926009,2026-05-18 11:31:50+05:30,53144.2,0,0.0,0,0.0,0.0,53282.15,53308.4,52783.45,53710.35,0,0.0,0.0,0.0,0.0,-0.01,-1,-1,-0.01,-1,-1,-0.01,-1,-1,-0.01,-1,-1,-0.01,-1,-1,-0.01,-1,-1,-0.01,-1,-1,-0.01,-1,-1,-0.01,-1,-1,-0.01,-1,-1
99926009,2026-05-18 11:31:51+05:30,53143.2,0,0.0,0,0.0,0.0,53282.15,53308.4,52783.45,53710.35,0,0.0,0.0,0.0,0.0,-0.01,-1,-1,-0.01,-1,-1,-0.01,-1,-1,-0.01,-1,-1,-0.01,-1,-1,-0.01,-1,-1,-0.01,-1,-1,-0.01,-1,-1,-0.01,-1,-1,-0.01,-1,-1
99926009,2026-05-18 11:31:51+05:30,53145.55,0,0.0,0,0.0,0.0,53282.15,53308.4,52783.45,53710.35,0,0.0,0.0,0.0,0.0,-0.01,-1,-1,-0.01,-1,-1,-0.01,-1,-1,-0.01,-1,-1,-0.01,-1,-1,-0.01,-1,-1,-0.01,-1,-1,-0.01,-1,-1,-0.01,-1,-1,-0.01,-1,-1
99926009,2026-05-18 11:31:52+05:30,53144.7,0,0.0,0,0.0,0.0,53282.15,53308.4,52783.45,53710.35,0,0.0,0.0,0.0,0.0,-0.01,-1,-1,-0.01,-1,-1,-0.01,-1,-1,-0.01,-1,-1,-0.01,-1,-1,-0.01,-1,-1,-0.01,-1,-1,-0.01,-1,-1,-0.01,-1,-1,-0.01,-1,-1
99926009,2026-05-18 11:31:52+05:30,53145.65,0,0.0,0,0.0,0.0,53282.15,53308.4,52783.45,53710.35,0,0.0,0.0,0.0,0.0,-0.01,-1,-1,-0.01,-1,-1,-0.01,-1,-1,-0.01,-1,-1,-0.01,-1,-1,-0.01,-1,-1,-0.01,-1,-1,-0.01,-1,-1,-0.01,-1,-1,-0.01,-1,-1
99926009,2026-05-18 11:31:53+05:30,53142.35,0,0.0,0,0.0,0.0,53282.15,53308.4,52783.45,53710.35,0,0.0,0.0,0.0,0.0,-0.01,-1,-1,-0.01,-1,-1,-0.01,-1,-1,-0.01,-1,-1,-0.01,-1,-1,-0.01,-1,-1,-0.01,-1,-1,-0.01,-1,-1,-0.01,-1,-1,-0.01,-1,-1
99926009,2026-05-18 11:31:53+05:30,53142.8,0,0.0,0,0.0,0.0,53282.15,53308.4,52783.45,53710.35,0,0.0,0.0,0.0,0.0,-0.01,-1,-1,-0.01,-1,-1,-0.01,-1,-1,-0.01,-1,-1,-0.01,-1,-1,-0.01,-1,-1,-0.01,-1,-1,-0.01,-1,-1,-0.01,-1,-1,-0.01,-1,-1
99926009,2026-05-18 11:31:54+05:30,53144.75,0,0.0,0,0.0,0.0,53282.15,53308.4,52783.45,53710.35,0,0.0,0.0,0.0,0.0,-0.01,-1,-1,-0.01,-1,-1,-0.01,-1,-1,-0.01,-1,-1,-0.01,-1,-1,-0.01,-1,-1,-0.01,-1,-1,-0.01,-1,-1,-0.01,-1,-1,-0.01,-1,-1
99926009,2026-05-18 11:31:54+05:30,53143.05,0,0.0,0,0.0,0.0,53282.15,53308.4,52783.45,53710.35,0,0.0,0.0,0.0,0.0,-0.01,-1,-1,-0.01,-1,-1,-0.01,-1,-1,-0.01,-1,-1,-0.01,-1,-1,-0.01,-1,-1,-0.01,-1,-1,-0.01,-1,-1,-0.01,-1,-1,-0.01,-1,-1
99926009,2026-05-18 11:31:55+05:30,53143.95,0,0.0,0,0.0,0.0,53282.15,53308.4,52783.45,53710.35,0,0.0,0.0,0.0,0.0,-0.01,-1,-1,-0.01,-1,-1,-0.01,-1,-1,-0.01,-1,-1,-0.01,-1,-1,-0.01,-1,-1,-0.01,-1,-1,-0.01,-1,-1,-0.01,-1,-1,-0.01,-1,-1
99926009,2026-05-18 11:31:55+05:30,53145.05,0,0.0,0,0.0,0.0,53282.15,53308.4,52783.45,53710.35,0,0.0,0.0,0.0,0.0,-0.01,-1,-1,-0.01,-1,-1,-0.01,-1,-1,-0.01,-1,-1,-0.01,-1,-1,-0.01,-1,-1,-0.01,-1,-1,-0.01,-1,-1,-0.01,-1,-1,-0.01,-1,-1
99926009,2026-05-18 11:31:56+05:30,53144.4,0,0.0,0,0.0,0.0,53282.15,53308.4,52783.45,53710.35,0,0.0,0.0,0.0,0.0,-0.01,-1,-1,-0.01,-1,-1,-0.01,-1,-1,-0.01,-1,-1,-0.01,-1,-1,-0.01,-1,-1,-0.01,-1,-1,-0.01,-1,-1,-0.01,-1,-1,-0.01,-1,-1
99926009,2026-05-18 11:31:56+05:30,53145.5,0,0.0,0,0.0,0.0,53282.15,53308.4,52783.45,53710.35,0,0.0,0.0,0.0,0.0,-0.01,-1,-1,-0.01,-1,-1,-0.01,-1,-1,-0.01,-1,-1,-0.01,-1,-1,-0.01,-1,-1,-0.01,-1,-1,-0.01,-1,-1,-0.01,-1,-1,-0.01,-1,-1
99926009,2026-05-18 11:31:57+05:30,53147.35,0,0.0,0,0.0,0.0,53282.15,53308.4,52783.45,53710.35,0,0.0,0.0,0.0,0.0,-0.01,-1,-1,-0.01,-1,-1,-0.01,-1,-1,-0.01,-1,-1,-0.01,-1,-1,-0.01,-1,-1,-0.01,-1,-1,-0.01,-1,-1,-0.01,-1,-1,-0.01,-1,-1
99926009,2026-05-18 11:31:57+05:30,53146.7,0,0.0,0,0.0,0.0,53282.15,53308.4,52783.45,53710.35,0,0.0,0.0,0.0,0.0,-0.01,-1,-1,-0.01,-1,-1,-0.01,-1,-1,-0.01,-1,-1,-0.01,-1,-1,-0.01,-1,-1,-0.01,-1,-1,-0.01,-1,-1,-0.01,-1,-1,-0.01,-1,-1
99926009,2026-05-18 11:31:58+05:30,53147.1,0,0.0,0,0.0,0.0,53282.15,53308.4,52783.45,53710.35,0,0.0,0.0,0.0,0.0,-0.01,-1,-1,-0.01,-1,-1,-0.01,-1,-1,-0.01,-1,-1,-0.01,-1,-1,-0.01,-1,-1,-0.01,-1,-1,-0.01,-1,-1,-0.01,-1,-1,-0.01,-1,-1
99926009,2026-05-18 11:31:58+05:30,53146.8,0,0.0,0,0.0,0.0,53282.15,53308.4,52783.45,53710.35,0,0.0,0.0,0.0,0.0,-0.01,-1,-1,-0.01,-1,-1,-0.01,-1,-1,-0.01,-1,-1,-0.01,-1,-1,-0.01,-1,-1,-0.01,-1,-1,-0.01,-1,-1,-0.01,-1,-1,-0.01,-1,-1
99926009,2026-05-18 11:31:59+05:30,53146.8,0,0.0,0,0.0,0.0,53282.15,53308.4,52783.45,53710.35,0,0.0,0.0,0.0,0.0,-0.01,-1,-1,-0.01,-1,-1,-0.01,-1,-1,-0.01,-1,-1,-0.01,-1,-1,-0.01,-1,-1,-0.01,-1,-1,-0.01,-1,-1,-0.01,-1,-1,-0.01,-1,-1
99926009,2026-05-18 11:31:59+05:30,53145.35,0,0.0,0,0.0,0.0,53282.15,53308.4,52783.45,53710.35,0,0.0,0.0,0.0,0.0,-0.01,-1,-1,-0.01,-1,-1,-0.01,-1,-1,-0.01,-1,-1,-0.01,-1,-1,-0.01,-1,-1,-0.01,-1,-1,-0.01,-1,-1,-0.01,-1,-1,-0.01,-1,-1
99926009,2026-05-18 11:32:00+05:30,53146.7,0,0.0,0,0.0,0.0,53282.15,53308.4,52783.45,53710.35,0,0.0,0.0,0.0,0.0,-0.01,-1,-1,-0.01,-1,-1,-0.01,-1,-1,-0.01,-1,-1,-0.01,-1,-1,-0.01,-1,-1,-0.01,-1,-1,-0.01,-1,-1,-0.01,-1,-1,-0.01,-1,-1
99926009,2026-05-18 11:32:00+05:30,53152.95,0,0.0,0,0.0,0.0,53282.15,53308.4,52783.45,53710.35,0,0.0,0.0,0.0,0.0,-0.01,-1,-1,-0.01,-1,-1,-0.01,-1,-1,-0.01,-1,-1,-0.01,-1,-1,-0.01,-1,-1,-0.01,-1,-1,-0.01,-1,-1,-0.01,-1,-1,-0.01,-1,-1
99926009,2026-05-18 11:32:01+05:30,53155.45,0,0.0,0,0.0,0.0,53282.15,53308.4,52783.45,53710.35,0,0.0,0.0,0.0,0.0,-0.01,-1,-1,-0.01,-1,-1,-0.01,-1,-1,-0.01,-1,-1,-0.01,-1,-1,-0.01,-1,-1,-0.01,-1,-1,-0.01,-1,-1,-0.01,-1,-1,-0.01,-1,-1
99926009,2026-05-18 11:32:01+05:30,53156.15,0,0.0,0,0.0,0.0,53282.15,53308.4,52783.45,53710.35,0,0.0,0.0,0.0,0.0,-0.01,-1,-1,-0.01,-1,-1,-0.01,-1,-1,-0.01,-1,-1,-0.01,-1,-1,-0.01,-1,-1,-0.01,-1,-1,-0.01,-1,-1,-0.01,-1,-1,-0.01,-1,-1
99926009,2026-05-18 11:32:02+05:30,53157.95,0,0.0,0,0.0,0.0,53282.15,53308.4,52783.45,53710.35,0,0.0,0.0,0.0,0.0,-0.01,-1,-1,-0.01,-1,-1,-0.01,-1,-1,-0.01,-1,-1,-0.01,-1,-1,-0.01,-1,-1,-0.01,-1,-1,-0.01,-1,-1,-0.01,-1,-1,-0.01,-1,-1
99926009,2026-05-18 11:32:02+05:30,53155.1,0,0.0,0,0.0,0.0,53282.15,53308.4,52783.45,53710.35,0,0.0,0.0,0.0,0.0,-0.01,-1,-1,-0.01,-1,-1,-0.01,-1,-1,-0.01,-1,-1,-0.01,-1,-1,-0.01,-1,-1,-0.01,-1,-1,-0.01,-1,-1,-0.01,-1,-1,-0.01,-1,-1
99926009,2026-05-18 11:32:03+05:30,53158.85,0,0.0,0,0.0,0.0,53282.15,53308.4,52783.45,53710.35,0,0.0,0.0,0.0,0.0,-0.01,-1,-1,-0.01,-1,-1,-0.01,-1,-1,-0.01,-1,-1,-0.01,-1,-1,-0.01,-1,-1,-0.01,-1,-1,-0.01,-1,-1,-0.01,-1,-1,-0.01,-1,-1
99926009,2026-05-18 11:32:03+05:30,53156.85,0,0.0,0,0.0,0.0,53282.15,53308.4,52783.45,53710.35,0,0.0,0.0,0.0,0.0,-0.01,-1,-1,-0.01,-1,-1,-0.01,-1,-1,-0.01,-1,-1,-0.01,-1,-1,-0.01,-1,-1,-0.01,-1,-1,-0.01,-1,-1,-0.01,-1,-1,-0.01,-1,-1
99926009,2026-05-18 11:32:04+05:30,53154.65,0,0.0,0,0.0,0.0,53282.15,53308.4,52783.45,53710.35,0,0.0,0.0,0.0,0.0,-0.01,-1,-1,-0.01,-1,-1,-0.01,-1,-1,-0.01,-1,-1,-0.01,-1,-1,-0.01,-1,-1,-0.01,-1,-1,-0.01,-1,-1,-0.01,-1,-1,-0.01,-1,-1
99926009,2026-05-18 11:32:04+05:30,53158.25,0,0.0,0,0.0,0.0,53282.15,53308.4,52783.45,53710.35,0,0.0,0.0,0.0,0.0,-0.01,-1,-1,-0.01,-1,-1,-0.01,-1,-1,-0.01,-1,-1,-0.01,-1,-1,-0.01,-1,-1,-0.01,-1,-1,-0.01,-1,-1,-0.01,-1,-1,-0.01,-1,-1
99926009,2026-05-18 11:32:05+05:30,53154.9,0,0.0,0,0.0,0.0,53282.15,53308.4,52783.45,53710.35,0,0.0,0.0,0.0,0.0,-0.01,-1,-1,-0.01,-1,-1,-0.01,-1,-1,-0.01,-1,-1,-0.01,-1,-1,-0.01,-1,-1,-0.01,-1,-1,-0.01,-1,-1,-0.01,-1,-1,-0.01,-1,-1
99926009,2026-05-18 11:32:05+05:30,53158.05,0,0.0,0,0.0,0.0,53282.15,53308.4,52783.45,53710.35,0,0.0,0.0,0.0,0.0,-0.01,-1,-1,-0.01,-1,-1,-0.01,-1,-1,-0.01,-1,-1,-0.01,-1,-1,-0.01,-1,-1,-0.01,-1,-1,-0.01,-1,-1,-0.01,-1,-1,-0.01,-1,-1
99926009,2026-05-18 11:32:06+05:30,53159.55,0,0.0,0,0.0,0.0,53282.15,53308.4,52783.45,53710.35,0,0.0,0.0,0.0,0.0,-0.01,-1,-1,-0.01,-1,-1,-0.01,-1,-1,-0.01,-1,-1,-0.01,-1,-1,-0.01,-1,-1,-0.01,-1,-1,-0.01,-1,-1,-0.01,-1,-1,-0.01,-1,-1
99926009,2026-05-18 11:32:06+05:30,53162.6,0,0.0,0,0.0,0.0,53282.15,53308.4,52783.45,53710.35,0,0.0,0.0,0.0,0.0,-0.01,-1,-1,-0.01,-1,-1,-0.01,-1,-1,-0.01,-1,-1,-0.01,-1,-1,-0.01,-1,-1,-0.01,-1,-1,-0.01,-1,-1,-0.01,-1,-1,-0.01,-1,-1
99926009,2026-05-18 11:32:07+05:30,53161.5,0,0.0,0,0.0,0.0,53282.15,53308.4,52783.45,53710.35,0,0.0,0.0,0.0,0.0,-0.01,-1,-1,-0.01,-1,-1,-0.01,-1,-1,-0.01,-1,-1,-0.01,-1,-1,-0.01,-1,-1,-0.01,-1,-1,-0.01,-1,-1,-0.01,-1,-1,-0.01,-1,-1
99926009,2026-05-18 11:32:07+05:30,53161.45,0,0.0,0,0.0,0.0,53282.15,53308.4,52783.45,53710.35,0,0.0,0.0,0.0,0.0,-0.01,-1,-1,-0.01,-1,-1,-0.01,-1,-1,-0.01,-1,-1,-0.01,-1,-1,-0.01,-1,-1,-0.01,-1,-1,-0.01,-1,-1,-0.01,-1,-1,-0.01,-1,-1
99926009,2026-05-18 11:32:08+05:30,53158.95,0,0.0,0,0.0,0.0,53282.15,53308.4,52783.45,53710.35,0,0.0,0.0,0.0,0.0,-0.01,-1,-1,-0.01,-1,-1,-0.01,-1,-1,-0.01,-1,-1,-0.01,-1,-1,-0.01,-1,-1,-0.01,-1,-1,-0.01,-1,-1,-0.01,-1,-1,-0.01,-1,-1
99926009,2026-05-18 11:32:08+05:30,53161.0,0,0.0,0,0.0,0.0,53282.15,53308.4,52783.45,53710.35,0,0.0,0.0,0.0,0.0,-0.01,-1,-1,-0.01,-1,-1,-0.01,-1,-1,-0.01,-1,-1,-0.01,-1,-1,-0.01,-1,-1,-0.01,-1,-1,-0.01,-1,-1,-0.01,-1,-1,-0.01,-1,-1
99926009,2026-05-18 11:32:09+05:30,53161.25,0,0.0,0,0.0,0.0,53282.15,53308.4,52783.45,53710.35,0,0.0,0.0,0.0,0.0,-0.01,-1,-1,-0.01,-1,-1,-0.01,-1,-1,-0.01,-1,-1,-0.01,-1,-1,-0.01,-1,-1,-0.01,-1,-1,-0.01,-1,-1,-0.01,-1,-1,-0.01,-1,-1
99926009,2026-05-18 11:32:09+05:30,53161.85,0,0.0,0,0.0,0.0,53282.15,53308.4,52783.45,53710.35,0,0.0,0.0,0.0,0.0,-0.01,-1,-1,-0.01,-1,-1,-0.01,-1,-1,-0.01,-1,-1,-0.01,-1,-1,-0.01,-1,-1,-0.01,-1,-1,-0.01,-1,-1,-0.01,-1,-1,-0.01,-1,-1
99926009,2026-05-18 11:32:10+05:30,53158.55,0,0.0,0,0.0,0.0,53282.15,53308.4,52783.45,53710.35,0,0.0,0.0,0.0,0.0,-0.01,-1,-1,-0.01,-1,-1,-0.01,-1,-1,-0.01,-1,-1,-0.01,-1,-1,-0.01,-1,-1,-0.01,-1,-1,-0.01,-1,-1,-0.01,-1,-1,-0.01,-1,-1
99926009,2026-05-18 11:32:10+05:30,53163.8,0,0.0,0,0.0,0.0,53282.15,53308.4,52783.45,53710.35,0,0.0,0.0,0.0,0.0,-0.01,-1,-1,-0.01,-1,-1,-0.01,-1,-1,-0.01,-1,-1,-0.01,-1,-1,-0.01,-1,-1,-0.01,-1,-1,-0.01,-1,-1,-0.01,-1,-1,-0.01,-1,-1
99926009,2026-05-18 11:32:11+05:30,53162.6,0,0.0,0,0.0,0.0,53282.15,53308.4,52783.45,53710.35,0,0.0,0.0,0.0,0.0,-0.01,-1,-1,-0.01,-1,-1,-0.01,-1,-1,-0.01,-1,-1,-0.01,-1,-1,-0.01,-1,-1,-0.01,-1,-1,-0.01,-1,-1,-0.01,-1,-1,-0.01,-1,-1
99926009,2026-05-18 11:32:11+05:30,53169.25,0,0.0,0,0.0,0.0,53282.15,53308.4,52783.45,53710.35,0,0.0,0.0,0.0,0.0,-0.01,-1,-1,-0.01,-1,-1,-0.01,-1,-1,-0.01,-1,-1,-0.01,-1,-1,-0.01,-1,-1,-0.01,-1,-1,-0.01,-1,-1,-0.01,-1,-1,-0.01,-1,-1
99926009,2026-05-18 11:32:12+05:30,53165.55,0,0.0,0,0.0,0.0,53282.15,53308.4,52783.45,53710.35,0,0.0,0.0,0.0,0.0,-0.01,-1,-1,-0.01,-1,-1,-0.01,-1,-1,-0.01,-1,-1,-0.01,-1,-1,-0.01,-1,-1,-0.01,-1,-1,-0.01,-1,-1,-0.01,-1,-1,-0.01,-1,-1
99926009,2026-05-18 11:32:12+05:30,53171.5,0,0.0,0,0.0,0.0,53282.15,53308.4,52783.45,53710.35,0,0.0,0.0,0.0,0.0,-0.01,-1,-1,-0.01,-1,-1,-0.01,-1,-1,-0.01,-1,-1,-0.01,-1,-1,-0.01,-1,-1,-0.01,-1,-1,-0.01,-1,-1,-0.01,-1,-1,-0.01,-1,-1
99926009,2026-05-18 11:32:13+05:30,53171.2,0,0.0,0,0.0,0.0,53282.15,53308.4,52783.45,53710.35,0,0.0,0.0,0.0,0.0,-0.01,-1,-1,-0.01,-1,-1,-0.01,-1,-1,-0.01,-1,-1,-0.01,-1,-1,-0.01,-1,-1,-0.01,-1,-1,-0.01,-1,-1,-0.01,-1,-1,-0.01,-1,-1
99926009,2026-05-18 11:32:13+05:30,53169.0,0,0.0,0,0.0,0.0,53282.15,53308.4,52783.45,53710.35,0,0.0,0.0,0.0,0.0,-0.01,-1,-1,-0.01,-1,-1,-0.01,-1,-1,-0.01,-1,-1,-0.01,-1,-1,-0.01,-1,-1,-0.01,-1,-1,-0.01,-1,-1,-0.01,-1,-1,-0.01,-1,-1
99926009,2026-05-18 11:32:14+05:30,53174.7,0,0.0,0,0.0,0.0,53282.15,53308.4,52783.45,53710.35,0,0.0,0.0,0.0,0.0,-0.01,-1,-1,-0.01,-1,-1,-0.01,-1,-1,-0.01,-1,-1,-0.01,-1,-1,-0.01,-1,-1,-0.01,-1,-1,-0.01,-1,-1,-0.01,-1,-1,-0.01,-1,-1
99926009,2026-05-18 11:32:14+05:30,53173.8,0,0.0,0,0.0,0.0,53282.15,53308.4,52783.45,53710.35,0,0.0,0.0,0.0,0.0,-0.01,-1,-1,-0.01,-1,-1,-0.01,-1,-1,-0.01,-1,-1,-0.01,-1,-1,-0.01,-1,-1,-0.01,-1,-1,-0.01,-1,-1,-0.01,-1,-1,-0.01,-1,-1
99926009,2026-05-18 11:32:15+05:30,53174.1,0,0.0,0,0.0,0.0,53282.15,53308.4,52783.45,53710.35,0,0.0,0.0,0.0,0.0,-0.01,-1,-1,-0.01,-1,-1,-0.01,-1,-1,-0.01,-1,-1,-0.01,-1,-1,-0.01,-1,-1,-0.01,-1,-1,-0.01,-1,-1,-0.01,-1,-1,-0.01,-1,-1
99926009,2026-05-18 11:32:15+05:30,53174.25,0,0.0,0,0.0,0.0,53282.15,53308.4,52783.45,53710.35,0,0.0,0.0,0.0,0.0,-0.01,-1,-1,-0.01,-1,-1,-0.01,-1,-1,-0.01,-1,-1,-0.01,-1,-1,-0.01,-1,-1,-0.01,-1,-1,-0.01,-1,-1,-0.01,-1,-1,-0.01,-1,-1
99926009,2026-05-18 11:32:16+05:30,53175.95,0,0.0,0,0.0,0.0,53282.15,53308.4,52783.45,53710.35,0,0.0,0.0,0.0,0.0,-0.01,-1,-1,-0.01,-1,-1,-0.01,-1,-1,-0.01,-1,-1,-0.01,-1,-1,-0.01,-1,-1,-0.01,-1,-1,-0.01,-1,-1,-0.01,-1,-1,-0.01,-1,-1
99926009,2026-05-18 11:32:16+05:30,53177.5,0,0.0,0,0.0,0.0,53282.15,53308.4,52783.45,53710.35,0,0.0,0.0,0.0,0.0,-0.01,-1,-1,-0.01,-1,-1,-0.01,-1,-1,-0.01,-1,-1,-0.01,-1,-1,-0.01,-1,-1,-0.01,-1,-1,-0.01,-1,-1,-0.01,-1,-1,-0.01,-1,-1
99926009,2026-05-18 11:32:17+05:30,53178.65,0,0.0,0,0.0,0.0,53282.15,53308.4,52783.45,53710.35,0,0.0,0.0,0.0,0.0,-0.01,-1,-1,-0.01,-1,-1,-0.01,-1,-1,-0.01,-1,-1,-0.01,-1,-1,-0.01,-1,-1,-0.01,-1,-1,-0.01,-1,-1,-0.01,-1,-1,-0.01,-1,-1
99926009,2026-05-18 11:32:17+05:30,53175.3,0,0.0,0,0.0,0.0,53282.15,53308.4,52783.45,53710.35,0,0.0,0.0,0.0,0.0,-0.01,-1,-1,-0.01,-1,-1,-0.01,-1,-1,-0.01,-1,-1,-0.01,-1,-1,-0.01,-1,-1,-0.01,-1,-1,-0.01,-1,-1,-0.01,-1,-1,-0.01,-1,-1
99926009,2026-05-18 11:32:18+05:30,53177.55,0,0.0,0,0.0,0.0,53282.15,53308.4,52783.45,53710.35,0,0.0,0.0,0.0,0.0,-0.01,-1,-1,-0.01,-1,-1,-0.01,-1,-1,-0.01,-1,-1,-0.01,-1,-1,-0.01,-1,-1,-0.01,-1,-1,-0.01,-1,-1,-0.01,-1,-1,-0.01,-1,-1
99926009,2026-05-18 11:32:18+05:30,53176.35,0,0.0,0,0.0,0.0,53282.15,53308.4,52783.45,53710.35,0,0.0,0.0,0.0,0.0,-0.01,-1,-1,-0.01,-1,-1,-0.01,-1,-1,-0.01,-1,-1,-0.01,-1,-1,-0.01,-1,-1,-0.01,-1,-1,-0.01,-1,-1,-0.01,-1,-1,-0.01,-1,-1
99926009,2026-05-18 11:32:19+05:30,53172.65,0,0.0,0,0.0,0.0,53282.15,53308.4,52783.45,53710.35,0,0.0,0.0,0.0,0.0,-0.01,-1,-1,-0.01,-1,-1,-0.01,-1,-1,-0.01,-1,-1,-0.01,-1,-1,-0.01,-1,-1,-0.01,-1,-1,-0.01,-1,-1,-0.01,-1,-1,-0.01,-1,-1
99926009,2026-05-18 11:32:19+05:30,53176.15,0,0.0,0,0.0,0.0,53282.15,53308.4,52783.45,53710.35,0,0.0,0.0,0.0,0.0,-0.01,-1,-1,-0.01,-1,-1,-0.01,-1,-1,-0.01,-1,-1,-0.01,-1,-1,-0.01,-1,-1,-0.01,-1,-1,-0.01,-1,-1,-0.01,-1,-1,-0.01,-1,-1
99926009,2026-05-18 11:32:20+05:30,53178.85,0,0.0,0,0.0,0.0,53282.15,53308.4,52783.45,53710.35,0,0.0,0.0,0.0,0.0,-0.01,-1,-1,-0.01,-1,-1,-0.01,-1,-1,-0.01,-1,-1,-0.01,-1,-1,-0.01,-1,-1,-0.01,-1,-1,-0.01,-1,-1,-0.01,-1,-1,-0.01,-1,-1
99926009,2026-05-18 11:32:20+05:30,53181.2,0,0.0,0,0.0,0.0,53282.15,53308.4,52783.45,53710.35,0,0.0,0.0,0.0,0.0,-0.01,-1,-1,-0.01,-1,-1,-0.01,-1,-1,-0.01,-1,-1,-0.01,-1,-1,-0.01,-1,-1,-0.01,-1,-1,-0.01,-1,-1,-0.01,-1,-1,-0.01,-1,-1
99926009,2026-05-18 11:32:21+05:30,53188.0,0,0.0,0,0.0,0.0,53282.15,53308.4,52783.45,53710.35,0,0.0,0.0,0.0,0.0,-0.01,-1,-1,-0.01,-1,-1,-0.01,-1,-1,-0.01,-1,-1,-0.01,-1,-1,-0.01,-1,-1,-0.01,-1,-1,-0.01,-1,-1,-0.01,-1,-1,-0.01,-1,-1
99926009,2026-05-18 11:32:21+05:30,53190.35,0,0.0,0,0.0,0.0,53282.15,53308.4,52783.45,53710.35,0,0.0,0.0,0.0,0.0,-0.01,-1,-1,-0.01,-1,-1,-0.01,-1,-1,-0.01,-1,-1,-0.01,-1,-1,-0.01,-1,-1,-0.01,-1,-1,-0.01,-1,-1,-0.01,-1,-1,-0.01,-1,-1
99926009,2026-05-18 11:32:22+05:30,53189.8,0,0.0,0,0.0,0.0,53282.15,53308.4,52783.45,53710.35,0,0.0,0.0,0.0,0.0,-0.01,-1,-1,-0.01,-1,-1,-0.01,-1,-1,-0.01,-1,-1,-0.01,-1,-1,-0.01,-1,-1,-0.01,-1,-1,-0.01,-1,-1,-0.01,-1,-1,-0.01,-1,-1
99926009,2026-05-18 11:32:22+05:30,53195.95,0,0.0,0,0.0,0.0,53282.15,53308.4,52783.45,53710.35,0,0.0,0.0,0.0,0.0,-0.01,-1,-1,-0.01,-1,-1,-0.01,-1,-1,-0.01,-1,-1,-0.01,-1,-1,-0.01,-1,-1,-0.01,-1,-1,-0.01,-1,-1,-0.01,-1,-1,-0.01,-1,-1
99926009,2026-05-18 11:32:23+05:30,53198.35,0,0.0,0,0.0,0.0,53282.15,53308.4,52783.45,53710.35,0,0.0,0.0,0.0,0.0,-0.01,-1,-1,-0.01,-1,-1,-0.01,-1,-1,-0.01,-1,-1,-0.01,-1,-1,-0.01,-1,-1,-0.01,-1,-1,-0.01,-1,-1,-0.01,-1,-1,-0.01,-1,-1
99926009,2026-05-18 11:32:23+05:30,53195.5,0,0.0,0,0.0,0.0,53282.15,53308.4,52783.45,53710.35,0,0.0,0.0,0.0,0.0,-0.01,-1,-1,-0.01,-1,-1,-0.01,-1,-1,-0.01,-1,-1,-0.01,-1,-1,-0.01,-1,-1,-0.01,-1,-1,-0.01,-1,-1,-0.01,-1,-1,-0.01,-1,-1
99926009,2026-05-18 11:32:24+05:30,53198.15,0,0.0,0,0.0,0.0,53282.15,53308.4,52783.45,53710.35,0,0.0,0.0,0.0,0.0,-0.01,-1,-1,-0.01,-1,-1,-0.01,-1,-1,-0.01,-1,-1,-0.01,-1,-1,-0.01,-1,-1,-0.01,-1,-1,-0.01,-1,-1,-0.01,-1,-1,-0.01,-1,-1
99926009,2026-05-18 11:32:24+05:30,53198.9,0,0.0,0,0.0,0.0,53282.15,53308.4,52783.45,53710.35,0,0.0,0.0,0.0,0.0,-0.01,-1,-1,-0.01,-1,-1,-0.01,-1,-1,-0.01,-1,-1,-0.01,-1,-1,-0.01,-1,-1,-0.01,-1,-1,-0.01,-1,-1,-0.01,-1,-1,-0.01,-1,-1
99926009,2026-05-18 11:32:25+05:30,53202.75,0,0.0,0,0.0,0.0,53282.15,53308.4,52783.45,53710.35,0,0.0,0.0,0.0,0.0,-0.01,-1,-1,-0.01,-1,-1,-0.01,-1,-1,-0.01,-1,-1,-0.01,-1,-1,-0.01,-1,-1,-0.01,-1,-1,-0.01,-1,-1,-0.01,-1,-1,-0.01,-1,-1
99926009,2026-05-18 11:32:25+05:30,53200.65,0,0.0,0,0.0,0.0,53282.15,53308.4,52783.45,53710.35,0,0.0,0.0,0.0,0.0,-0.01,-1,-1,-0.01,-1,-1,-0.01,-1,-1,-0.01,-1,-1,-0.01,-1,-1,-0.01,-1,-1,-0.01,-1,-1,-0.01,-1,-1,-0.01,-1,-1,-0.01,-1,-1
99926009,2026-05-18 11:32:26+05:30,53201.35,0,0.0,0,0.0,0.0,53282.15,53308.4,52783.45,53710.35,0,0.0,0.0,0.0,0.0,-0.01,-1,-1,-0.01,-1,-1,-0.01,-1,-1,-0.01,-1,-1,-0.01,-1,-1,-0.01,-1,-1,-0.01,-1,-1,-0.01,-1,-1,-0.01,-1,-1,-0.01,-1,-1
99926009,2026-05-18 11:32:26+05:30,53199.85,0,0.0,0,0.0,0.0,53282.15,53308.4,52783.45,53710.35,0,0.0,0.0,0.0,0.0,-0.01,-1,-1,-0.01,-1,-1,-0.01,-1,-1,-0.01,-1,-1,-0.01,-1,-1,-0.01,-1,-1,-0.01,-1,-1,-0.01,-1,-1,-0.01,-1,-1,-0.01,-1,-1
99926009,2026-05-18 11:32:27+05:30,53197.25,0,0.0,0,0.0,0.0,53282.15,53308.4,52783.45,53710.35,0,0.0,0.0,0.0,0.0,-0.01,-1,-1,-0.01,-1,-1,-0.01,-1,-1,-0.01,-1,-1,-0.01,-1,-1,-0.01,-1,-1,-0.01,-1,-1,-0.01,-1,-1,-0.01,-1,-1,-0.01,-1,-1
99926009,2026-05-18 11:32:27+05:30,53197.4,0,0.0,0,0.0,0.0,53282.15,53308.4,52783.45,53710.35,0,0.0,0.0,0.0,0.0,-0.01,-1,-1,-0.01,-1,-1,-0.01,-1,-1,-0.01,-1,-1,-0.01,-1,-1,-0.01,-1,-1,-0.01,-1,-1,-0.01,-1,-1,-0.01,-1,-1,-0.01,-1,-1
99926009,2026-05-18 11:32:28+05:30,53200.05,0,0.0,0,0.0,0.0,53282.15,53308.4,52783.45,53710.35,0,0.0,0.0,0.0,0.0,-0.01,-1,-1,-0.01,-1,-1,-0.01,-1,-1,-0.01,-1,-1,-0.01,-1,-1,-0.01,-1,-1,-0.01,-1,-1,-0.01,-1,-1,-0.01,-1,-1,-0.01,-1,-1
99926009,2026-05-18 11:32:28+05:30,53201.35,0,0.0,0,0.0,0.0,53282.15,53308.4,52783.45,53710.35,0,0.0,0.0,0.0,0.0,-0.01,-1,-1,-0.01,-1,-1,-0.01,-1,-1,-0.01,-1,-1,-0.01,-1,-1,-0.01,-1,-1,-0.01,-1,-1,-0.01,-1,-1,-0.01,-1,-1,-0.01,-1,-1
99926009,2026-05-18 11:32:29+05:30,53203.0,0,0.0,0,0.0,0.0,53282.15,53308.4,52783.45,53710.35,0,0.0,0.0,0.0,0.0,-0.01,-1,-1,-0.01,-1,-1,-0.01,-1,-1,-0.01,-1,-1,-0.01,-1,-1,-0.01,-1,-1,-0.01,-1,-1,-0.01,-1,-1,-0.01,-1,-1,-0.01,-1,-1
99926009,2026-05-18 11:32:29+05:30,53203.25,0,0.0,0,0.0,0.0,53282.15,53308.4,52783.45,53710.35,0,0.0,0.0,0.0,0.0,-0.01,-1,-1,-0.01,-1,-1,-0.01,-1,-1,-0.01,-1,-1,-0.01,-1,-1,-0.01,-1,-1,-0.01,-1,-1,-0.01,-1,-1,-0.01,-1,-1,-0.01,-1,-1
99926009,2026-05-18 11:32:30+05:30,53200.05,0,0.0,0,0.0,0.0,53282.15,53308.4,52783.45,53710.35,0,0.0,0.0,0.0,0.0,-0.01,-1,-1,-0.01,-1,-1,-0.01,-1,-1,-0.01,-1,-1,-0.01,-1,-1,-0.01,-1,-1,-0.01,-1,-1,-0.01,-1,-1,-0.01,-1,-1,-0.01,-1,-1
99926009,2026-05-18 11:32:30+05:30,53198.75,0,0.0,0,0.0,0.0,53282.15,53308.4,52783.45,53710.35,0,0.0,0.0,0.0,0.0,-0.01,-1,-1,-0.01,-1,-1,-0.01,-1,-1,-0.01,-1,-1,-0.01,-1,-1,-0.01,-1,-1,-0.01,-1,-1,-0.01,-1,-1,-0.01,-1,-1,-0.01,-1,-1
99926009,2026-05-18 11:32:31+05:30,53200.15,0,0.0,0,0.0,0.0,53282.15,53308.4,52783.45,53710.35,0,0.0,0.0,0.0,0.0,-0.01,-1,-1,-0.01,-1,-1,-0.01,-1,-1,-0.01,-1,-1,-0.01,-1,-1,-0.01,-1,-1,-0.01,-1,-1,-0.01,-1,-1,-0.01,-1,-1,-0.01,-1,-1
99926009,2026-05-18 11:32:31+05:30,53202.5,0,0.0,0,0.0,0.0,53282.15,53308.4,52783.45,53710.35,0,0.0,0.0,0.0,0.0,-0.01,-1,-1,-0.01,-1,-1,-0.01,-1,-1,-0.01,-1,-1,-0.01,-1,-1,-0.01,-1,-1,-0.01,-1,-1,-0.01,-1,-1,-0.01,-1,-1,-0.01,-1,-1
99926009,2026-05-18 11:32:32+05:30,53200.75,0,0.0,0,0.0,0.0,53282.15,53308.4,52783.45,53710.35,0,0.0,0.0,0.0,0.0,-0.01,-1,-1,-0.01,-1,-1,-0.01,-1,-1,-0.01,-1,-1,-0.01,-1,-1,-0.01,-1,-1,-0.01,-1,-1,-0.01,-1,-1,-0.01,-1,-1,-0.01,-1,-1
99926009,2026-05-18 11:32:32+05:30,53202.8,0,0.0,0,0.0,0.0,53282.15,53308.4,52783.45,53710.35,0,0.0,0.0,0.0,0.0,-0.01,-1,-1,-0.01,-1,-1,-0.01,-1,-1,-0.01,-1,-1,-0.01,-1,-1,-0.01,-1,-1,-0.01,-1,-1,-0.01,-1,-1,-0.01,-1,-1,-0.01,-1,-1
99926009,2026-05-18 11:32:33+05:30,53202.0,0,0.0,0,0.0,0.0,53282.15,53308.4,52783.45,53710.35,0,0.0,0.0,0.0,0.0,-0.01,-1,-1,-0.01,-1,-1,-0.01,-1,-1,-0.01,-1,-1,-0.01,-1,-1,-0.01,-1,-1,-0.01,-1,-1,-0.01,-1,-1,-0.01,-1,-1,-0.01,-1,-1
99926009,2026-05-18 11:32:33+05:30,53204.25,0,0.0,0,0.0,0.0,53282.15,53308.4,52783.45,53710.35,0,0.0,0.0,0.0,0.0,-0.01,-1,-1,-0.01,-1,-1,-0.01,-1,-1,-0.01,-1,-1,-0.01,-1,-1,-0.01,-1,-1,-0.01,-1,-1,-0.01,-1,-1,-0.01,-1,-1,-0.01,-1,-1
99926009,2026-05-18 11:32:34+05:30,53203.75,0,0.0,0,0.0,0.0,53282.15,53308.4,52783.45,53710.35,0,0.0,0.0,0.0,0.0,-0.01,-1,-1,-0.01,-1,-1,-0.01,-1,-1,-0.01,-1,-1,-0.01,-1,-1,-0.01,-1,-1,-0.01,-1,-1,-0.01,-1,-1,-0.01,-1,-1,-0.01,-1,-1
99926009,2026-05-18 11:32:34+05:30,53203.65,0,0.0,0,0.0,0.0,53282.15,53308.4,52783.45,53710.35,0,0.0,0.0,0.0,0.0,-0.01,-1,-1,-0.01,-1,-1,-0.01,-1,-1,-0.01,-1,-1,-0.01,-1,-1,-0.01,-1,-1,-0.01,-1,-1,-0.01,-1,-1,-0.01,-1,-1,-0.01,-1,-1
99926009,2026-05-18 11:32:35+05:30,53203.3,0,0.0,0,0.0,0.0,53282.15,53308.4,52783.45,53710.35,0,0.0,0.0,0.0,0.0,-0.01,-1,-1,-0.01,-1,-1,-0.01,-1,-1,-0.01,-1,-1,-0.01,-1,-1,-0.01,-1,-1,-0.01,-1,-1,-0.01,-1,-1,-0.01,-1,-1,-0.01,-1,-1
99926009,2026-05-18 11:32:35+05:30,53203.9,0,0.0,0,0.0,0.0,53282.15,53308.4,52783.45,53710.35,0,0.0,0.0,0.0,0.0,-0.01,-1,-1,-0.01,-1,-1,-0.01,-1,-1,-0.01,-1,-1,-0.01,-1,-1,-0.01,-1,-1,-0.01,-1,-1,-0.01,-1,-1,-0.01,-1,-1,-0.01,-1,-1
99926009,2026-05-18 11:32:36+05:30,53200.7,0,0.0,0,0.0,0.0,53282.15,53308.4,52783.45,53710.35,0,0.0,0.0,0.0,0.0,-0.01,-1,-1,-0.01,-1,-1,-0.01,-1,-1,-0.01,-1,-1,-0.01,-1,-1,-0.01,-1,-1,-0.01,-1,-1,-0.01,-1,-1,-0.01,-1,-1,-0.01,-1,-1
99926009,2026-05-18 11:32:36+05:30,53202.05,0,0.0,0,0.0,0.0,53282.15,53308.4,52783.45,53710.35,0,0.0,0.0,0.0,0.0,-0.01,-1,-1,-0.01,-1,-1,-0.01,-1,-1,-0.01,-1,-1,-0.01,-1,-1,-0.01,-1,-1,-0.01,-1,-1,-0.01,-1,-1,-0.01,-1,-1,-0.01,-1,-1
99926009,2026-05-18 11:32:37+05:30,53201.1,0,0.0,0,0.0,0.0,53282.15,53308.4,52783.45,53710.35,0,0.0,0.0,0.0,0.0,-0.01,-1,-1,-0.01,-1,-1,-0.01,-1,-1,-0.01,-1,-1,-0.01,-1,-1,-0.01,-1,-1,-0.01,-1,-1,-0.01,-1,-1,-0.01,-1,-1,-0.01,-1,-1
99926009,2026-05-18 11:32:37+05:30,53200.5,0,0.0,0,0.0,0.0,53282.15,53308.4,52783.45,53710.35,0,0.0,0.0,0.0,0.0,-0.01,-1,-1,-0.01,-1,-1,-0.01,-1,-1,-0.01,-1,-1,-0.01,-1,-1,-0.01,-1,-1,-0.01,-1,-1,-0.01,-1,-1,-0.01,-1,-1,-0.01,-1,-1
99926009,2026-05-18 11:32:38+05:30,53200.85,0,0.0,0,0.0,0.0,53282.15,53308.4,52783.45,53710.35,0,0.0,0.0,0.0,0.0,-0.01,-1,-1,-0.01,-1,-1,-0.01,-1,-1,-0.01,-1,-1,-0.01,-1,-1,-0.01,-1,-1,-0.01,-1,-1,-0.01,-1,-1,-0.01,-1,-1,-0.01,-1,-1
99926009,2026-05-18 11:32:38+05:30,53199.45,0,0.0,0,0.0,0.0,53282.15,53308.4,52783.45,53710.35,0,0.0,0.0,0.0,0.0,-0.01,-1,-1,-0.01,-1,-1,-0.01,-1,-1,-0.01,-1,-1,-0.01,-1,-1,-0.01,-1,-1,-0.01,-1,-1,-0.01,-1,-1,-0.01,-1,-1,-0.01,-1,-1
99926009,2026-05-18 11:32:39+05:30,53198.15,0,0.0,0,0.0,0.0,53282.15,53308.4,52783.45,53710.35,0,0.0,0.0,0.0,0.0,-0.01,-1,-1,-0.01,-1,-1,-0.01,-1,-1,-0.01,-1,-1,-0.01,-1,-1,-0.01,-1,-1,-0.01,-1,-1,-0.01,-1,-1,-0.01,-1,-1,-0.01,-1,-1
99926009,2026-05-18 11:32:39+05:30,53197.35,0,0.0,0,0.0,0.0,53282.15,53308.4,52783.45,53710.35,0,0.0,0.0,0.0,0.0,-0.01,-1,-1,-0.01,-1,-1,-0.01,-1,-1,-0.01,-1,-1,-0.01,-1,-1,-0.01,-1,-1,-0.01,-1,-1,-0.01,-1,-1,-0.01,-1,-1,-0.01,-1,-1
99926009,2026-05-18 11:32:40+05:30,53194.6,0,0.0,0,0.0,0.0,53282.15,53308.4,52783.45,53710.35,0,0.0,0.0,0.0,0.0,-0.01,-1,-1,-0.01,-1,-1,-0.01,-1,-1,-0.01,-1,-1,-0.01,-1,-1,-0.01,-1,-1,-0.01,-1,-1,-0.01,-1,-1,-0.01,-1,-1,-0.01,-1,-1
99926009,2026-05-18 11:32:40+05:30,53195.9,0,0.0,0,0.0,0.0,53282.15,53308.4,52783.45,53710.35,0,0.0,0.0,0.0,0.0,-0.01,-1,-1,-0.01,-1,-1,-0.01,-1,-1,-0.01,-1,-1,-0.01,-1,-1,-0.01,-1,-1,-0.01,-1,-1,-0.01,-1,-1,-0.01,-1,-1,-0.01,-1,-1
99926009,2026-05-18 11:32:41+05:30,53192.75,0,0.0,0,0.0,0.0,53282.15,53308.4,52783.45,53710.35,0,0.0,0.0,0.0,0.0,-0.01,-1,-1,-0.01,-1,-1,-0.01,-1,-1,-0.01,-1,-1,-0.01,-1,-1,-0.01,-1,-1,-0.01,-1,-1,-0.01,-1,-1,-0.01,-1,-1,-0.01,-1,-1
99926009,2026-05-18 11:32:41+05:30,53191.85,0,0.0,0,0.0,0.0,53282.15,53308.4,52783.45,53710.35,0,0.0,0.0,0.0,0.0,-0.01,-1,-1,-0.01,-1,-1,-0.01,-1,-1,-0.01,-1,-1,-0.01,-1,-1,-0.01,-1,-1,-0.01,-1,-1,-0.01,-1,-1,-0.01,-1,-1,-0.01,-1,-1
99926009,2026-05-18 11:32:42+05:30,53196.0,0,0.0,0,0.0,0.0,53282.15,53308.4,52783.45,53710.35,0,0.0,0.0,0.0,0.0,-0.01,-1,-1,-0.01,-1,-1,-0.01,-1,-1,-0.01,-1,-1,-0.01,-1,-1,-0.01,-1,-1,-0.01,-1,-1,-0.01,-1,-1,-0.01,-1,-1,-0.01,-1,-1
99926009,2026-05-18 11:32:42+05:30,53195.6,0,0.0,0,0.0,0.0,53282.15,53308.4,52783.45,53710.35,0,0.0,0.0,0.0,0.0,-0.01,-1,-1,-0.01,-1,-1,-0.01,-1,-1,-0.01,-1,-1,-0.01,-1,-1,-0.01,-1,-1,-0.01,-1,-1,-0.01,-1,-1,-0.01,-1,-1,-0.01,-1,-1
99926009,2026-05-18 11:32:43+05:30,53190.75,0,0.0,0,0.0,0.0,53282.15,53308.4,52783.45,53710.35,0,0.0,0.0,0.0,0.0,-0.01,-1,-1,-0.01,-1,-1,-0.01,-1,-1,-0.01,-1,-1,-0.01,-1,-1,-0.01,-1,-1,-0.01,-1,-1,-0.01,-1,-1,-0.01,-1,-1,-0.01,-1,-1
99926009,2026-05-18 11:32:43+05:30,53192.15,0,0.0,0,0.0,0.0,53282.15,53308.4,52783.45,53710.35,0,0.0,0.0,0.0,0.0,-0.01,-1,-1,-0.01,-1,-1,-0.01,-1,-1,-0.01,-1,-1,-0.01,-1,-1,-0.01,-1,-1,-0.01,-1,-1,-0.01,-1,-1,-0.01,-1,-1,-0.01,-1,-1
99926009,2026-05-18 11:32:44+05:30,53193.95,0,0.0,0,0.0,0.0,53282.15,53308.4,52783.45,53710.35,0,0.0,0.0,0.0,0.0,-0.01,-1,-1,-0.01,-1,-1,-0.01,-1,-1,-0.01,-1,-1,-0.01,-1,-1,-0.01,-1,-1,-0.01,-1,-1,-0.01,-1,-1,-0.01,-1,-1,-0.01,-1,-1
99926009,2026-05-18 11:32:44+05:30,53193.8,0,0.0,0,0.0,0.0,53282.15,53308.4,52783.45,53710.35,0,0.0,0.0,0.0,0.0,-0.01,-1,-1,-0.01,-1,-1,-0.01,-1,-1,-0.01,-1,-1,-0.01,-1,-1,-0.01,-1,-1,-0.01,-1,-1,-0.01,-1,-1,-0.01,-1,-1,-0.01,-1,-1
99926009,2026-05-18 11:32:45+05:30,53197.25,0,0.0,0,0.0,0.0,53282.15,53308.4,52783.45,53710.35,0,0.0,0.0,0.0,0.0,-0.01,-1,-1,-0.01,-1,-1,-0.01,-1,-1,-0.01,-1,-1,-0.01,-1,-1,-0.01,-1,-1,-0.01,-1,-1,-0.01,-1,-1,-0.01,-1,-1,-0.01,-1,-1
99926009,2026-05-18 11:32:45+05:30,53193.9,0,0.0,0,0.0,0.0,53282.15,53308.4,52783.45,53710.35,0,0.0,0.0,0.0,0.0,-0.01,-1,-1,-0.01,-1,-1,-0.01,-1,-1,-0.01,-1,-1,-0.01,-1,-1,-0.01,-1,-1,-0.01,-1,-1,-0.01,-1,-1,-0.01,-1,-1,-0.01,-1,-1
99926009,2026-05-18 11:32:46+05:30,53197.6,0,0.0,0,0.0,0.0,53282.15,53308.4,52783.45,53710.35,0,0.0,0.0,0.0,0.0,-0.01,-1,-1,-0.01,-1,-1,-0.01,-1,-1,-0.01,-1,-1,-0.01,-1,-1,-0.01,-1,-1,-0.01,-1,-1,-0.01,-1,-1,-0.01,-1,-1,-0.01,-1,-1
99926009,2026-05-18 11:32:46+05:30,53196.4,0,0.0,0,0.0,0.0,53282.15,53308.4,52783.45,53710.35,0,0.0,0.0,0.0,0.0,-0.01,-1,-1,-0.01,-1,-1,-0.01,-1,-1,-0.01,-1,-1,-0.01,-1,-1,-0.01,-1,-1,-0.01,-1,-1,-0.01,-1,-1,-0.01,-1,-1,-0.01,-1,-1
99926009,2026-05-18 11:32:47+05:30,53198.35,0,0.0,0,0.0,0.0,53282.15,53308.4,52783.45,53710.35,0,0.0,0.0,0.0,0.0,-0.01,-1,-1,-0.01,-1,-1,-0.01,-1,-1,-0.01,-1,-1,-0.01,-1,-1,-0.01,-1,-1,-0.01,-1,-1,-0.01,-1,-1,-0.01,-1,-1,-0.01,-1,-1
99926009,2026-05-18 11:32:47+05:30,53196.25,0,0.0,0,0.0,0.0,53282.15,53308.4,52783.45,53710.35,0,0.0,0.0,0.0,0.0,-0.01,-1,-1,-0.01,-1,-1,-0.01,-1,-1,-0.01,-1,-1,-0.01,-1,-1,-0.01,-1,-1,-0.01,-1,-1,-0.01,-1,-1,-0.01,-1,-1,-0.01,-1,-1
99926009,2026-05-18 11:32:48+05:30,53194.1,0,0.0,0,0.0,0.0,53282.15,53308.4,52783.45,53710.35,0,0.0,0.0,0.0,0.0,-0.01,-1,-1,-0.01,-1,-1,-0.01,-1,-1,-0.01,-1,-1,-0.01,-1,-1,-0.01,-1,-1,-0.01,-1,-1,-0.01,-1,-1,-0.01,-1,-1,-0.01,-1,-1
99926009,2026-05-18 11:32:48+05:30,53193.2,0,0.0,0,0.0,0.0,53282.15,53308.4,52783.45,53710.35,0,0.0,0.0,0.0,0.0,-0.01,-1,-1,-0.01,-1,-1,-0.01,-1,-1,-0.01,-1,-1,-0.01,-1,-1,-0.01,-1,-1,-0.01,-1,-1,-0.01,-1,-1,-0.01,-1,-1,-0.01,-1,-1
99926009,2026-05-18 11:32:49+05:30,53195.85,0,0.0,0,0.0,0.0,53282.15,53308.4,52783.45,53710.35,0,0.0,0.0,0.0,0.0,-0.01,-1,-1,-0.01,-1,-1,-0.01,-1,-1,-0.01,-1,-1,-0.01,-1,-1,-0.01,-1,-1,-0.01,-1,-1,-0.01,-1,-1,-0.01,-1,-1,-0.01,-1,-1
99926009,2026-05-18 11:32:49+05:30,53195.85,0,0.0,0,0.0,0.0,53282.15,53308.4,52783.45,53710.35,0,0.0,0.0,0.0,0.0,-0.01,-1,-1,-0.01,-1,-1,-0.01,-1,-1,-0.01,-1,-1,-0.01,-1,-1,-0.01,-1,-1,-0.01,-1,-1,-0.01,-1,-1,-0.01,-1,-1,-0.01,-1,-1
99926009,2026-05-18 11:32:50+05:30,53192.6,0,0.0,0,0.0,0.0,53282.15,53308.4,52783.45,53710.35,0,0.0,0.0,0.0,0.0,-0.01,-1,-1,-0.01,-1,-1,-0.01,-1,-1,-0.01,-1,-1,-0.01,-1,-1,-0.01,-1,-1,-0.01,-1,-1,-0.01,-1,-1,-0.01,-1,-1,-0.01,-1,-1
99926009,2026-05-18 11:32:50+05:30,53200.3,0,0.0,0,0.0,0.0,53282.15,53308.4,52783.45,53710.35,0,0.0,0.0,0.0,0.0,-0.01,-1,-1,-0.01,-1,-1,-0.01,-1,-1,-0.01,-1,-1,-0.01,-1,-1,-0.01,-1,-1,-0.01,-1,-1,-0.01,-1,-1,-0.01,-1,-1,-0.01,-1,-1
99926009,2026-05-18 11:32:51+05:30,53198.8,0,0.0,0,0.0,0.0,53282.15,53308.4,52783.45,53710.35,0,0.0,0.0,0.0,0.0,-0.01,-1,-1,-0.01,-1,-1,-0.01,-1,-1,-0.01,-1,-1,-0.01,-1,-1,-0.01,-1,-1,-0.01,-1,-1,-0.01,-1,-1,-0.01,-1,-1,-0.01,-1,-1
99926009,2026-05-18 11:32:51+05:30,53203.45,0,0.0,0,0.0,0.0,53282.15,53308.4,52783.45,53710.35,0,0.0,0.0,0.0,0.0,-0.01,-1,-1,-0.01,-1,-1,-0.01,-1,-1,-0.01,-1,-1,-0.01,-1,-1,-0.01,-1,-1,-0.01,-1,-1,-0.01,-1,-1,-0.01,-1,-1,-0.01,-1,-1
99926009,2026-05-18 11:32:52+05:30,53198.6,0,0.0,0,0.0,0.0,53282.15,53308.4,52783.45,53710.35,0,0.0,0.0,0.0,0.0,-0.01,-1,-1,-0.01,-1,-1,-0.01,-1,-1,-0.01,-1,-1,-0.01,-1,-1,-0.01,-1,-1,-0.01,-1,-1,-0.01,-1,-1,-0.01,-1,-1,-0.01,-1,-1
99926009,2026-05-18 11:32:52+05:30,53199.7,0,0.0,0,0.0,0.0,53282.15,53308.4,52783.45,53710.35,0,0.0,0.0,0.0,0.0,-0.01,-1,-1,-0.01,-1,-1,-0.01,-1,-1,-0.01,-1,-1,-0.01,-1,-1,-0.01,-1,-1,-0.01,-1,-1,-0.01,-1,-1,-0.01,-1,-1,-0.01,-1,-1
99926009,2026-05-18 11:32:53+05:30,53199.15,0,0.0,0,0.0,0.0,53282.15,53308.4,52783.45,53710.35,0,0.0,0.0,0.0,0.0,-0.01,-1,-1,-0.01,-1,-1,-0.01,-1,-1,-0.01,-1,-1,-0.01,-1,-1,-0.01,-1,-1,-0.01,-1,-1,-0.01,-1,-1,-0.01,-1,-1,-0.01,-1,-1
99926009,2026-05-18 11:32:53+05:30,53202.8,0,0.0,0,0.0,0.0,53282.15,53308.4,52783.45,53710.35,0,0.0,0.0,0.0,0.0,-0.01,-1,-1,-0.01,-1,-1,-0.01,-1,-1,-0.01,-1,-1,-0.01,-1,-1,-0.01,-1,-1,-0.01,-1,-1,-0.01,-1,-1,-0.01,-1,-1,-0.01,-1,-1
99926009,2026-05-18 11:32:54+05:30,53200.95,0,0.0,0,0.0,0.0,53282.15,53308.4,52783.45,53710.35,0,0.0,0.0,0.0,0.0,-0.01,-1,-1,-0.01,-1,-1,-0.01,-1,-1,-0.01,-1,-1,-0.01,-1,-1,-0.01,-1,-1,-0.01,-1,-1,-0.01,-1,-1,-0.01,-1,-1,-0.01,-1,-1
99926009,2026-05-18 11:32:54+05:30,53204.3,0,0.0,0,0.0,0.0,53282.15,53308.4,52783.45,53710.35,0,0.0,0.0,0.0,0.0,-0.01,-1,-1,-0.01,-1,-1,-0.01,-1,-1,-0.01,-1,-1,-0.01,-1,-1,-0.01,-1,-1,-0.01,-1,-1,-0.01,-1,-1,-0.01,-1,-1,-0.01,-1,-1
99926009,2026-05-18 11:32:55+05:30,53203.3,0,0.0,0,0.0,0.0,53282.15,53308.4,52783.45,53710.35,0,0.0,0.0,0.0,0.0,-0.01,-1,-1,-0.01,-1,-1,-0.01,-1,-1,-0.01,-1,-1,-0.01,-1,-1,-0.01,-1,-1,-0.01,-1,-1,-0.01,-1,-1,-0.01,-1,-1,-0.01,-1,-1
99926009,2026-05-18 11:32:55+05:30,53208.0,0,0.0,0,0.0,0.0,53282.15,53308.4,52783.45,53710.35,0,0.0,0.0,0.0,0.0,-0.01,-1,-1,-0.01,-1,-1,-0.01,-1,-1,-0.01,-1,-1,-0.01,-1,-1,-0.01,-1,-1,-0.01,-1,-1,-0.01,-1,-1,-0.01,-1,-1,-0.01,-1,-1
99926009,2026-05-18 11:32:56+05:30,53204.2,0,0.0,0,0.0,0.0,53282.15,53308.4,52783.45,53710.35,0,0.0,0.0,0.0,0.0,-0.01,-1,-1,-0.01,-1,-1,-0.01,-1,-1,-0.01,-1,-1,-0.01,-1,-1,-0.01,-1,-1,-0.01,-1,-1,-0.01,-1,-1,-0.01,-1,-1,-0.01,-1,-1
99926009,2026-05-18 11:32:56+05:30,53206.85,0,0.0,0,0.0,0.0,53282.15,53308.4,52783.45,53710.35,0,0.0,0.0,0.0,0.0,-0.01,-1,-1,-0.01,-1,-1,-0.01,-1,-1,-0.01,-1,-1,-0.01,-1,-1,-0.01,-1,-1,-0.01,-1,-1,-0.01,-1,-1,-0.01,-1,-1,-0.01,-1,-1
99926009,2026-05-18 11:32:57+05:30,53200.0,0,0.0,0,0.0,0.0,53282.15,53308.4,52783.45,53710.35,0,0.0,0.0,0.0,0.0,-0.01,-1,-1,-0.01,-1,-1,-0.01,-1,-1,-0.01,-1,-1,-0.01,-1,-1,-0.01,-1,-1,-0.01,-1,-1,-0.01,-1,-1,-0.01,-1,-1,-0.01,-1,-1
99926009,2026-05-18 11:32:57+05:30,53206.25,0,0.0,0,0.0,0.0,53282.15,53308.4,52783.45,53710.35,0,0.0,0.0,0.0,0.0,-0.01,-1,-1,-0.01,-1,-1,-0.01,-1,-1,-0.01,-1,-1,-0.01,-1,-1,-0.01,-1,-1,-0.01,-1,-1,-0.01,-1,-1,-0.01,-1,-1,-0.01,-1,-1
99926009,2026-05-18 11:32:58+05:30,53203.85,0,0.0,0,0.0,0.0,53282.15,53308.4,52783.45,53710.35,0,0.0,0.0,0.0,0.0,-0.01,-1,-1,-0.01,-1,-1,-0.01,-1,-1,-0.01,-1,-1,-0.01,-1,-1,-0.01,-1,-1,-0.01,-1,-1,-0.01,-1,-1,-0.01,-1,-1,-0.01,-1,-1
99926009,2026-05-18 11:32:58+05:30,53200.35,0,0.0,0,0.0,0.0,53282.15,53308.4,52783.45,53710.35,0,0.0,0.0,0.0,0.0,-0.01,-1,-1,-0.01,-1,-1,-0.01,-1,-1,-0.01,-1,-1,-0.01,-1,-1,-0.01,-1,-1,-0.01,-1,-1,-0.01,-1,-1,-0.01,-1,-1,-0.01,-1,-1
99926009,2026-05-18 11:32:59+05:30,53204.25,0,0.0,0,0.0,0.0,53282.15,53308.4,52783.45,53710.35,0,0.0,0.0,0.0,0.0,-0.01,-1,-1,-0.01,-1,-1,-0.01,-1,-1,-0.01,-1,-1,-0.01,-1,-1,-0.01,-1,-1,-0.01,-1,-1,-0.01,-1,-1,-0.01,-1,-1,-0.01,-1,-1
99926009,2026-05-18 11:32:59+05:30,53203.7,0,0.0,0,0.0,0.0,53282.15,53308.4,52783.45,53710.35,0,0.0,0.0,0.0,0.0,-0.01,-1,-1,-0.01,-1,-1,-0.01,-1,-1,-0.01,-1,-1,-0.01,-1,-1,-0.01,-1,-1,-0.01,-1,-1,-0.01,-1,-1,-0.01,-1,-1,-0.01,-1,-1
99926009,2026-05-18 11:33:00+05:30,53202.5,0,0.0,0,0.0,0.0,53282.15,53308.4,52783.45,53710.35,0,0.0,0.0,0.0,0.0,-0.01,-1,-1,-0.01,-1,-1,-0.01,-1,-1,-0.01,-1,-1,-0.01,-1,-1,-0.01,-1,-1,-0.01,-1,-1,-0.01,-1,-1,-0.01,-1,-1,-0.01,-1,-1
99926009,2026-05-18 11:33:00+05:30,53198.45,0,0.0,0,0.0,0.0,53282.15,53308.4,52783.45,53710.35,0,0.0,0.0,0.0,0.0,-0.01,-1,-1,-0.01,-1,-1,-0.01,-1,-1,-0.01,-1,-1,-0.01,-1,-1,-0.01,-1,-1,-0.01,-1,-1,-0.01,-1,-1,-0.01,-1,-1,-0.01,-1,-1
99926009,2026-05-18 11:33:01+05:30,53200.9,0,0.0,0,0.0,0.0,53282.15,53308.4,52783.45,53710.35,0,0.0,0.0,0.0,0.0,-0.01,-1,-1,-0.01,-1,-1,-0.01,-1,-1,-0.01,-1,-1,-0.01,-1,-1,-0.01,-1,-1,-0.01,-1,-1,-0.01,-1,-1,-0.01,-1,-1,-0.01,-1,-1
99926009,2026-05-18 11:33:01+05:30,53202.2,0,0.0,0,0.0,0.0,53282.15,53308.4,52783.45,53710.35,0,0.0,0.0,0.0,0.0,-0.01,-1,-1,-0.01,-1,-1,-0.01,-1,-1,-0.01,-1,-1,-0.01,-1,-1,-0.01,-1,-1,-0.01,-1,-1,-0.01,-1,-1,-0.01,-1,-1,-0.01,-1,-1
99926009,2026-05-18 11:33:02+05:30,53199.85,0,0.0,0,0.0,0.0,53282.15,53308.4,52783.45,53710.35,0,0.0,0.0,0.0,0.0,-0.01,-1,-1,-0.01,-1,-1,-0.01,-1,-1,-0.01,-1,-1,-0.01,-1,-1,-0.01,-1,-1,-0.01,-1,-1,-0.01,-1,-1,-0.01,-1,-1,-0.01,-1,-1
99926009,2026-05-18 11:33:02+05:30,53200.65,0,0.0,0,0.0,0.0,53282.15,53308.4,52783.45,53710.35,0,0.0,0.0,0.0,0.0,-0.01,-1,-1,-0.01,-1,-1,-0.01,-1,-1,-0.01,-1,-1,-0.01,-1,-1,-0.01,-1,-1,-0.01,-1,-1,-0.01,-1,-1,-0.01,-1,-1,-0.01,-1,-1
99926009,2026-05-18 11:33:03+05:30,53199.85,0,0.0,0,0.0,0.0,53282.15,53308.4,52783.45,53710.35,0,0.0,0.0,0.0,0.0,-0.01,-1,-1,-0.01,-1,-1,-0.01,-1,-1,-0.01,-1,-1,-0.01,-1,-1,-0.01,-1,-1,-0.01,-1,-1,-0.01,-1,-1,-0.01,-1,-1,-0.01,-1,-1
99926009,2026-05-18 11:33:03+05:30,53201.6,0,0.0,0,0.0,0.0,53282.15,53308.4,52783.45,53710.35,0,0.0,0.0,0.0,0.0,-0.01,-1,-1,-0.01,-1,-1,-0.01,-1,-1,-0.01,-1,-1,-0.01,-1,-1,-0.01,-1,-1,-0.01,-1,-1,-0.01,-1,-1,-0.01,-1,-1,-0.01,-1,-1
99926009,2026-05-18 11:33:04+05:30,53198.0,0,0.0,0,0.0,0.0,53282.15,53308.4,52783.45,53710.35,0,0.0,0.0,0.0,0.0,-0.01,-1,-1,-0.01,-1,-1,-0.01,-1,-1,-0.01,-1,-1,-0.01,-1,-1,-0.01,-1,-1,-0.01,-1,-1,-0.01,-1,-1,-0.01,-1,-1,-0.01,-1,-1
99926009,2026-05-18 11:33:04+05:30,53200.1,0,0.0,0,0.0,0.0,53282.15,53308.4,52783.45,53710.35,0,0.0,0.0,0.0,0.0,-0.01,-1,-1,-0.01,-1,-1,-0.01,-1,-1,-0.01,-1,-1,-0.01,-1,-1,-0.01,-1,-1,-0.01,-1,-1,-0.01,-1,-1,-0.01,-1,-1,-0.01,-1,-1
99926009,2026-05-18 11:33:05+05:30,53194.3,0,0.0,0,0.0,0.0,53282.15,53308.4,52783.45,53710.35,0,0.0,0.0,0.0,0.0,-0.01,-1,-1,-0.01,-1,-1,-0.01,-1,-1,-0.01,-1,-1,-0.01,-1,-1,-0.01,-1,-1,-0.01,-1,-1,-0.01,-1,-1,-0.01,-1,-1,-0.01,-1,-1
99926009,2026-05-18 11:33:05+05:30,53197.35,0,0.0,0,0.0,0.0,53282.15,53308.4,52783.45,53710.35,0,0.0,0.0,0.0,0.0,-0.01,-1,-1,-0.01,-1,-1,-0.01,-1,-1,-0.01,-1,-1,-0.01,-1,-1,-0.01,-1,-1,-0.01,-1,-1,-0.01,-1,-1,-0.01,-1,-1,-0.01,-1,-1
99926009,2026-05-18 11:33:06+05:30,53190.85,0,0.0,0,0.0,0.0,53282.15,53308.4,52783.45,53710.35,0,0.0,0.0,0.0,0.0,-0.01,-1,-1,-0.01,-1,-1,-0.01,-1,-1,-0.01,-1,-1,-0.01,-1,-1,-0.01,-1,-1,-0.01,-1,-1,-0.01,-1,-1,-0.01,-1,-1,-0.01,-1,-1
99926009,2026-05-18 11:33:06+05:30,53191.85,0,0.0,0,0.0,0.0,53282.15,53308.4,52783.45,53710.35,0,0.0,0.0,0.0,0.0,-0.01,-1,-1,-0.01,-1,-1,-0.01,-1,-1,-0.01,-1,-1,-0.01,-1,-1,-0.01,-1,-1,-0.01,-1,-1,-0.01,-1,-1,-0.01,-1,-1,-0.01,-1,-1
99926009,2026-05-18 11:33:07+05:30,53193.7,0,0.0,0,0.0,0.0,53282.15,53308.4,52783.45,53710.35,0,0.0,0.0,0.0,0.0,-0.01,-1,-1,-0.01,-1,-1,-0.01,-1,-1,-0.01,-1,-1,-0.01,-1,-1,-0.01,-1,-1,-0.01,-1,-1,-0.01,-1,-1,-0.01,-1,-1,-0.01,-1,-1
99926009,2026-05-18 11:33:07+05:30,53193.25,0,0.0,0,0.0,0.0,53282.15,53308.4,52783.45,53710.35,0,0.0,0.0,0.0,0.0,-0.01,-1,-1,-0.01,-1,-1,-0.01,-1,-1,-0.01,-1,-1,-0.01,-1,-1,-0.01,-1,-1,-0.01,-1,-1,-0.01,-1,-1,-0.01,-1,-1,-0.01,-1,-1
99926009,2026-05-18 11:33:08+05:30,53191.0,0,0.0,0,0.0,0.0,53282.15,53308.4,52783.45,53710.35,0,0.0,0.0,0.0,0.0,-0.01,-1,-1,-0.01,-1,-1,-0.01,-1,-1,-0.01,-1,-1,-0.01,-1,-1,-0.01,-1,-1,-0.01,-1,-1,-0.01,-1,-1,-0.01,-1,-1,-0.01,-1,-1
99926009,2026-05-18 11:33:08+05:30,53195.0,0,0.0,0,0.0,0.0,53282.15,53308.4,52783.45,53710.35,0,0.0,0.0,0.0,0.0,-0.01,-1,-1,-0.01,-1,-1,-0.01,-1,-1,-0.01,-1,-1,-0.01,-1,-1,-0.01,-1,-1,-0.01,-1,-1,-0.01,-1,-1,-0.01,-1,-1,-0.01,-1,-1
99926009,2026-05-18 11:33:09+05:30,53195.45,0,0.0,0,0.0,0.0,53282.15,53308.4,52783.45,53710.35,0,0.0,0.0,0.0,0.0,-0.01,-1,-1,-0.01,-1,-1,-0.01,-1,-1,-0.01,-1,-1,-0.01,-1,-1,-0.01,-1,-1,-0.01,-1,-1,-0.01,-1,-1,-0.01,-1,-1,-0.01,-1,-1
99926009,2026-05-18 11:33:09+05:30,53196.95,0,0.0,0,0.0,0.0,53282.15,53308.4,52783.45,53710.35,0,0.0,0.0,0.0,0.0,-0.01,-1,-1,-0.01,-1,-1,-0.01,-1,-1,-0.01,-1,-1,-0.01,-1,-1,-0.01,-1,-1,-0.01,-1,-1,-0.01,-1,-1,-0.01,-1,-1,-0.01,-1,-1
99926009,2026-05-18 11:33:10+05:30,53194.8,0,0.0,0,0.0,0.0,53282.15,53308.4,52783.45,53710.35,0,0.0,0.0,0.0,0.0,-0.01,-1,-1,-0.01,-1,-1,-0.01,-1,-1,-0.01,-1,-1,-0.01,-1,-1,-0.01,-1,-1,-0.01,-1,-1,-0.01,-1,-1,-0.01,-1,-1,-0.01,-1,-1
99926009,2026-05-18 11:33:10+05:30,53194.55,0,0.0,0,0.0,0.0,53282.15,53308.4,52783.45,53710.35,0,0.0,0.0,0.0,0.0,-0.01,-1,-1,-0.01,-1,-1,-0.01,-1,-1,-0.01,-1,-1,-0.01,-1,-1,-0.01,-1,-1,-0.01,-1,-1,-0.01,-1,-1,-0.01,-1,-1,-0.01,-1,-1
99926009,2026-05-18 11:33:11+05:30,53196.45,0,0.0,0,0.0,0.0,53282.15,53308.4,52783.45,53710.35,0,0.0,0.0,0.0,0.0,-0.01,-1,-1,-0.01,-1,-1,-0.01,-1,-1,-0.01,-1,-1,-0.01,-1,-1,-0.01,-1,-1,-0.01,-1,-1,-0.01,-1,-1,-0.01,-1,-1,-0.01,-1,-1
99926009,2026-05-18 11:33:11+05:30,53194.3,0,0.0,0,0.0,0.0,53282.15,53308.4,52783.45,53710.35,0,0.0,0.0,0.0,0.0,-0.01,-1,-1,-0.01,-1,-1,-0.01,-1,-1,-0.01,-1,-1,-0.01,-1,-1,-0.01,-1,-1,-0.01,-1,-1,-0.01,-1,-1,-0.01,-1,-1,-0.01,-1,-1
99926009,2026-05-18 11:33:12+05:30,53195.9,0,0.0,0,0.0,0.0,53282.15,53308.4,52783.45,53710.35,0,0.0,0.0,0.0,0.0,-0.01,-1,-1,-0.01,-1,-1,-0.01,-1,-1,-0.01,-1,-1,-0.01,-1,-1,-0.01,-1,-1,-0.01,-1,-1,-0.01,-1,-1,-0.01,-1,-1,-0.01,-1,-1
99926009,2026-05-18 11:33:12+05:30,53194.95,0,0.0,0,0.0,0.0,53282.15,53308.4,52783.45,53710.35,0,0.0,0.0,0.0,0.0,-0.01,-1,-1,-0.01,-1,-1,-0.01,-1,-1,-0.01,-1,-1,-0.01,-1,-1,-0.01,-1,-1,-0.01,-1,-1,-0.01,-1,-1,-0.01,-1,-1,-0.01,-1,-1
99926009,2026-05-18 11:33:13+05:30,53195.7,0,0.0,0,0.0,0.0,53282.15,53308.4,52783.45,53710.35,0,0.0,0.0,0.0,0.0,-0.01,-1,-1,-0.01,-1,-1,-0.01,-1,-1,-0.01,-1,-1,-0.01,-1,-1,-0.01,-1,-1,-0.01,-1,-1,-0.01,-1,-1,-0.01,-1,-1,-0.01,-1,-1
99926009,2026-05-18 11:33:13+05:30,53195.6,0,0.0,0,0.0,0.0,53282.15,53308.4,52783.45,53710.35,0,0.0,0.0,0.0,0.0,-0.01,-1,-1,-0.01,-1,-1,-0.01,-1,-1,-0.01,-1,-1,-0.01,-1,-1,-0.01,-1,-1,-0.01,-1,-1,-0.01,-1,-1,-0.01,-1,-1,-0.01,-1,-1
99926009,2026-05-18 11:33:14+05:30,53196.9,0,0.0,0,0.0,0.0,53282.15,53308.4,52783.45,53710.35,0,0.0,0.0,0.0,0.0,-0.01,-1,-1,-0.01,-1,-1,-0.01,-1,-1,-0.01,-1,-1,-0.01,-1,-1,-0.01,-1,-1,-0.01,-1,-1,-0.01,-1,-1,-0.01,-1,-1,-0.01,-1,-1
99926009,2026-05-18 11:33:14+05:30,53196.55,0,0.0,0,0.0,0.0,53282.15,53308.4,52783.45,53710.35,0,0.0,0.0,0.0,0.0,-0.01,-1,-1,-0.01,-1,-1,-0.01,-1,-1,-0.01,-1,-1,-0.01,-1,-1,-0.01,-1,-1,-0.01,-1,-1,-0.01,-1,-1,-0.01,-1,-1,-0.01,-1,-1
99926009,2026-05-18 11:33:15+05:30,53195.7,0,0.0,0,0.0,0.0,53282.15,53308.4,52783.45,53710.35,0,0.0,0.0,0.0,0.0,-0.01,-1,-1,-0.01,-1,-1,-0.01,-1,-1,-0.01,-1,-1,-0.01,-1,-1,-0.01,-1,-1,-0.01,-1,-1,-0.01,-1,-1,-0.01,-1,-1,-0.01,-1,-1
99926009,2026-05-18 11:33:15+05:30,53191.15,0,0.0,0,0.0,0.0,53282.15,53308.4,52783.45,53710.35,0,0.0,0.0,0.0,0.0,-0.01,-1,-1,-0.01,-1,-1,-0.01,-1,-1,-0.01,-1,-1,-0.01,-1,-1,-0.01,-1,-1,-0.01,-1,-1,-0.01,-1,-1,-0.01,-1,-1,-0.01,-1,-1
99926009,2026-05-18 11:33:16+05:30,53191.0,0,0.0,0,0.0,0.0,53282.15,53308.4,52783.45,53710.35,0,0.0,0.0,0.0,0.0,-0.01,-1,-1,-0.01,-1,-1,-0.01,-1,-1,-0.01,-1,-1,-0.01,-1,-1,-0.01,-1,-1,-0.01,-1,-1,-0.01,-1,-1,-0.01,-1,-1,-0.01,-1,-1
99926009,2026-05-18 11:33:16+05:30,53194.65,0,0.0,0,0.0,0.0,53282.15,53308.4,52783.45,53710.35,0,0.0,0.0,0.0,0.0,-0.01,-1,-1,-0.01,-1,-1,-0.01,-1,-1,-0.01,-1,-1,-0.01,-1,-1,-0.01,-1,-1,-0.01,-1,-1,-0.01,-1,-1,-0.01,-1,-1,-0.01,-1,-1
99926009,2026-05-18 11:33:17+05:30,53192.9,0,0.0,0,0.0,0.0,53282.15,53308.4,52783.45,53710.35,0,0.0,0.0,0.0,0.0,-0.01,-1,-1,-0.01,-1,-1,-0.01,-1,-1,-0.01,-1,-1,-0.01,-1,-1,-0.01,-1,-1,-0.01,-1,-1,-0.01,-1,-1,-0.01,-1,-1,-0.01,-1,-1
99926009,2026-05-18 11:33:17+05:30,53189.6,0,0.0,0,0.0,0.0,53282.15,53308.4,52783.45,53710.35,0,0.0,0.0,0.0,0.0,-0.01,-1,-1,-0.01,-1,-1,-0.01,-1,-1,-0.01,-1,-1,-0.01,-1,-1,-0.01,-1,-1,-0.01,-1,-1,-0.01,-1,-1,-0.01,-1,-1,-0.01,-1,-1
99926009,2026-05-18 11:33:18+05:30,53188.6,0,0.0,0,0.0,0.0,53282.15,53308.4,52783.45,53710.35,0,0.0,0.0,0.0,0.0,-0.01,-1,-1,-0.01,-1,-1,-0.01,-1,-1,-0.01,-1,-1,-0.01,-1,-1,-0.01,-1,-1,-0.01,-1,-1,-0.01,-1,-1,-0.01,-1,-1,-0.01,-1,-1
99926009,2026-05-18 11:33:18+05:30,53192.75,0,0.0,0,0.0,0.0,53282.15,53308.4,52783.45,53710.35,0,0.0,0.0,0.0,0.0,-0.01,-1,-1,-0.01,-1,-1,-0.01,-1,-1,-0.01,-1,-1,-0.01,-1,-1,-0.01,-1,-1,-0.01,-1,-1,-0.01,-1,-1,-0.01,-1,-1,-0.01,-1,-1
99926009,2026-05-18 11:33:19+05:30,53192.25,0,0.0,0,0.0,0.0,53282.15,53308.4,52783.45,53710.35,0,0.0,0.0,0.0,0.0,-0.01,-1,-1,-0.01,-1,-1,-0.01,-1,-1,-0.01,-1,-1,-0.01,-1,-1,-0.01,-1,-1,-0.01,-1,-1,-0.01,-1,-1,-0.01,-1,-1,-0.01,-1,-1
99926009,2026-05-18 11:33:19+05:30,53195.65,0,0.0,0,0.0,0.0,53282.15,53308.4,52783.45,53710.35,0,0.0,0.0,0.0,0.0,-0.01,-1,-1,-0.01,-1,-1,-0.01,-1,-1,-0.01,-1,-1,-0.01,-1,-1,-0.01,-1,-1,-0.01,-1,-1,-0.01,-1,-1,-0.01,-1,-1,-0.01,-1,-1
99926009,2026-05-18 11:33:20+05:30,53195.1,0,0.0,0,0.0,0.0,53282.15,53308.4,52783.45,53710.35,0,0.0,0.0,0.0,0.0,-0.01,-1,-1,-0.01,-1,-1,-0.01,-1,-1,-0.01,-1,-1,-0.01,-1,-1,-0.01,-1,-1,-0.01,-1,-1,-0.01,-1,-1,-0.01,-1,-1,-0.01,-1,-1
99926009,2026-05-18 11:33:20+05:30,53192.05,0,0.0,0,0.0,0.0,53282.15,53308.4,52783.45,53710.35,0,0.0,0.0,0.0,0.0,-0.01,-1,-1,-0.01,-1,-1,-0.01,-1,-1,-0.01,-1,-1,-0.01,-1,-1,-0.01,-1,-1,-0.01,-1,-1,-0.01,-1,-1,-0.01,-1,-1,-0.01,-1,-1
99926009,2026-05-18 11:33:21+05:30,53190.6,0,0.0,0,0.0,0.0,53282.15,53308.4,52783.45,53710.35,0,0.0,0.0,0.0,0.0,-0.01,-1,-1,-0.01,-1,-1,-0.01,-1,-1,-0.01,-1,-1,-0.01,-1,-1,-0.01,-1,-1,-0.01,-1,-1,-0.01,-1,-1,-0.01,-1,-1,-0.01,-1,-1
99926009,2026-05-18 11:33:21+05:30,53190.7,0,0.0,0,0.0,0.0,53282.15,53308.4,52783.45,53710.35,0,0.0,0.0,0.0,0.0,-0.01,-1,-1,-0.01,-1,-1,-0.01,-1,-1,-0.01,-1,-1,-0.01,-1,-1,-0.01,-1,-1,-0.01,-1,-1,-0.01,-1,-1,-0.01,-1,-1,-0.01,-1,-1
99926009,2026-05-18 11:33:22+05:30,53190.25,0,0.0,0,0.0,0.0,53282.15,53308.4,52783.45,53710.35,0,0.0,0.0,0.0,0.0,-0.01,-1,-1,-0.01,-1,-1,-0.01,-1,-1,-0.01,-1,-1,-0.01,-1,-1,-0.01,-1,-1,-0.01,-1,-1,-0.01,-1,-1,-0.01,-1,-1,-0.01,-1,-1
99926009,2026-05-18 11:33:22+05:30,53189.9,0,0.0,0,0.0,0.0,53282.15,53308.4,52783.45,53710.35,0,0.0,0.0,0.0,0.0,-0.01,-1,-1,-0.01,-1,-1,-0.01,-1,-1,-0.01,-1,-1,-0.01,-1,-1,-0.01,-1,-1,-0.01,-1,-1,-0.01,-1,-1,-0.01,-1,-1,-0.01,-1,-1
99926009,2026-05-18 11:33:23+05:30,53190.05,0,0.0,0,0.0,0.0,53282.15,53308.4,52783.45,53710.35,0,0.0,0.0,0.0,0.0,-0.01,-1,-1,-0.01,-1,-1,-0.01,-1,-1,-0.01,-1,-1,-0.01,-1,-1,-0.01,-1,-1,-0.01,-1,-1,-0.01,-1,-1,-0.01,-1,-1,-0.01,-1,-1
99926009,2026-05-18 11:33:23+05:30,53186.15,0,0.0,0,0.0,0.0,53282.15,53308.4,52783.45,53710.35,0,0.0,0.0,0.0,0.0,-0.01,-1,-1,-0.01,-1,-1,-0.01,-1,-1,-0.01,-1,-1,-0.01,-1,-1,-0.01,-1,-1,-0.01,-1,-1,-0.01,-1,-1,-0.01,-1,-1,-0.01,-1,-1
99926009,2026-05-18 11:33:24+05:30,53187.3,0,0.0,0,0.0,0.0,53282.15,53308.4,52783.45,53710.35,0,0.0,0.0,0.0,0.0,-0.01,-1,-1,-0.01,-1,-1,-0.01,-1,-1,-0.01,-1,-1,-0.01,-1,-1,-0.01,-1,-1,-0.01,-1,-1,-0.01,-1,-1,-0.01,-1,-1,-0.01,-1,-1
99926009,2026-05-18 11:33:24+05:30,53187.85,0,0.0,0,0.0,0.0,53282.15,53308.4,52783.45,53710.35,0,0.0,0.0,0.0,0.0,-0.01,-1,-1,-0.01,-1,-1,-0.01,-1,-1,-0.01,-1,-1,-0.01,-1,-1,-0.01,-1,-1,-0.01,-1,-1,-0.01,-1,-1,-0.01,-1,-1,-0.01,-1,-1
99926009,2026-05-18 11:33:25+05:30,53187.15,0,0.0,0,0.0,0.0,53282.15,53308.4,52783.45,53710.35,0,0.0,0.0,0.0,0.0,-0.01,-1,-1,-0.01,-1,-1,-0.01,-1,-1,-0.01,-1,-1,-0.01,-1,-1,-0.01,-1,-1,-0.01,-1,-1,-0.01,-1,-1,-0.01,-1,-1,-0.01,-1,-1
99926009,2026-05-18 11:33:25+05:30,53188.4,0,0.0,0,0.0,0.0,53282.15,53308.4,52783.45,53710.35,0,0.0,0.0,0.0,0.0,-0.01,-1,-1,-0.01,-1,-1,-0.01,-1,-1,-0.01,-1,-1,-0.01,-1,-1,-0.01,-1,-1,-0.01,-1,-1,-0.01,-1,-1,-0.01,-1,-1,-0.01,-1,-1
99926009,2026-05-18 11:33:26+05:30,53184.8,0,0.0,0,0.0,0.0,53282.15,53308.4,52783.45,53710.35,0,0.0,0.0,0.0,0.0,-0.01,-1,-1,-0.01,-1,-1,-0.01,-1,-1,-0.01,-1,-1,-0.01,-1,-1,-0.01,-1,-1,-0.01,-1,-1,-0.01,-1,-1,-0.01,-1,-1,-0.01,-1,-1
99926009,2026-05-18 11:33:26+05:30,53184.0,0,0.0,0,0.0,0.0,53282.15,53308.4,52783.45,53710.35,0,0.0,0.0,0.0,0.0,-0.01,-1,-1,-0.01,-1,-1,-0.01,-1,-1,-0.01,-1,-1,-0.01,-1,-1,-0.01,-1,-1,-0.01,-1,-1,-0.01,-1,-1,-0.01,-1,-1,-0.01,-1,-1
99926009,2026-05-18 11:33:27+05:30,53184.35,0,0.0,0,0.0,0.0,53282.15,53308.4,52783.45,53710.35,0,0.0,0.0,0.0,0.0,-0.01,-1,-1,-0.01,-1,-1,-0.01,-1,-1,-0.01,-1,-1,-0.01,-1,-1,-0.01,-1,-1,-0.01,-1,-1,-0.01,-1,-1,-0.01,-1,-1,-0.01,-1,-1
99926009,2026-05-18 11:33:27+05:30,53183.55,0,0.0,0,0.0,0.0,53282.15,53308.4,52783.45,53710.35,0,0.0,0.0,0.0,0.0,-0.01,-1,-1,-0.01,-1,-1,-0.01,-1,-1,-0.01,-1,-1,-0.01,-1,-1,-0.01,-1,-1,-0.01,-1,-1,-0.01,-1,-1,-0.01,-1,-1,-0.01,-1,-1
99926009,2026-05-18 11:33:28+05:30,53185.25,0,0.0,0,0.0,0.0,53282.15,53308.4,52783.45,53710.35,0,0.0,0.0,0.0,0.0,-0.01,-1,-1,-0.01,-1,-1,-0.01,-1,-1,-0.01,-1,-1,-0.01,-1,-1,-0.01,-1,-1,-0.01,-1,-1,-0.01,-1,-1,-0.01,-1,-1,-0.01,-1,-1
99926009,2026-05-18 11:33:28+05:30,53181.25,0,0.0,0,0.0,0.0,53282.15,53308.4,52783.45,53710.35,0,0.0,0.0,0.0,0.0,-0.01,-1,-1,-0.01,-1,-1,-0.01,-1,-1,-0.01,-1,-1,-0.01,-1,-1,-0.01,-1,-1,-0.01,-1,-1,-0.01,-1,-1,-0.01,-1,-1,-0.01,-1,-1
99926009,2026-05-18 11:33:29+05:30,53181.45,0,0.0,0,0.0,0.0,53282.15,53308.4,52783.45,53710.35,0,0.0,0.0,0.0,0.0,-0.01,-1,-1,-0.01,-1,-1,-0.01,-1,-1,-0.01,-1,-1,-0.01,-1,-1,-0.01,-1,-1,-0.01,-1,-1,-0.01,-1,-1,-0.01,-1,-1,-0.01,-1,-1
99926009,2026-05-18 11:33:29+05:30,53183.45,0,0.0,0,0.0,0.0,53282.15,53308.4,52783.45,53710.35,0,0.0,0.0,0.0,0.0,-0.01,-1,-1,-0.01,-1,-1,-0.01,-1,-1,-0.01,-1,-1,-0.01,-1,-1,-0.01,-1,-1,-0.01,-1,-1,-0.01,-1,-1,-0.01,-1,-1,-0.01,-1,-1
99926009,2026-05-18 11:33:30+05:30,53181.5,0,0.0,0,0.0,0.0,53282.15,53308.4,52783.45,53710.35,0,0.0,0.0,0.0,0.0,-0.01,-1,-1,-0.01,-1,-1,-0.01,-1,-1,-0.01,-1,-1,-0.01,-1,-1,-0.01,-1,-1,-0.01,-1,-1,-0.01,-1,-1,-0.01,-1,-1,-0.01,-1,-1
99926009,2026-05-18 11:33:30+05:30,53183.4,0,0.0,0,0.0,0.0,53282.15,53308.4,52783.45,53710.35,0,0.0,0.0,0.0,0.0,-0.01,-1,-1,-0.01,-1,-1,-0.01,-1,-1,-0.01,-1,-1,-0.01,-1,-1,-0.01,-1,-1,-0.01,-1,-1,-0.01,-1,-1,-0.01,-1,-1,-0.01,-1,-1
99926009,2026-05-18 11:33:31+05:30,53184.9,0,0.0,0,0.0,0.0,53282.15,53308.4,52783.45,53710.35,0,0.0,0.0,0.0,0.0,-0.01,-1,-1,-0.01,-1,-1,-0.01,-1,-1,-0.01,-1,-1,-0.01,-1,-1,-0.01,-1,-1,-0.01,-1,-1,-0.01,-1,-1,-0.01,-1,-1,-0.01,-1,-1
99926009,2026-05-18 11:33:31+05:30,53186.4,0,0.0,0,0.0,0.0,53282.15,53308.4,52783.45,53710.35,0,0.0,0.0,0.0,0.0,-0.01,-1,-1,-0.01,-1,-1,-0.01,-1,-1,-0.01,-1,-1,-0.01,-1,-1,-0.01,-1,-1,-0.01,-1,-1,-0.01,-1,-1,-0.01,-1,-1,-0.01,-1,-1
99926009,2026-05-18 11:33:32+05:30,53187.85,0,0.0,0,0.0,0.0,53282.15,53308.4,52783.45,53710.35,0,0.0,0.0,0.0,0.0,-0.01,-1,-1,-0.01,-1,-1,-0.01,-1,-1,-0.01,-1,-1,-0.01,-1,-1,-0.01,-1,-1,-0.01,-1,-1,-0.01,-1,-1,-0.01,-1,-1,-0.01,-1,-1
99926009,2026-05-18 11:33:32+05:30,53188.7,0,0.0,0,0.0,0.0,53282.15,53308.4,52783.45,53710.35,0,0.0,0.0,0.0,0.0,-0.01,-1,-1,-0.01,-1,-1,-0.01,-1,-1,-0.01,-1,-1,-0.01,-1,-1,-0.01,-1,-1,-0.01,-1,-1,-0.01,-1,-1,-0.01,-1,-1,-0.01,-1,-1
99926009,2026-05-18 11:33:33+05:30,53187.45,0,0.0,0,0.0,0.0,53282.15,53308.4,52783.45,53710.35,0,0.0,0.0,0.0,0.0,-0.01,-1,-1,-0.01,-1,-1,-0.01,-1,-1,-0.01,-1,-1,-0.01,-1,-1,-0.01,-1,-1,-0.01,-1,-1,-0.01,-1,-1,-0.01,-1,-1,-0.01,-1,-1
99926009,2026-05-18 11:33:33+05:30,53188.25,0,0.0,0,0.0,0.0,53282.15,53308.4,52783.45,53710.35,0,0.0,0.0,0.0,0.0,-0.01,-1,-1,-0.01,-1,-1,-0.01,-1,-1,-0.01,-1,-1,-0.01,-1,-1,-0.01,-1,-1,-0.01,-1,-1,-0.01,-1,-1,-0.01,-1,-1,-0.01,-1,-1
99926009,2026-05-18 11:33:34+05:30,53185.55,0,0.0,0,0.0,0.0,53282.15,53308.4,52783.45,53710.35,0,0.0,0.0,0.0,0.0,-0.01,-1,-1,-0.01,-1,-1,-0.01,-1,-1,-0.01,-1,-1,-0.01,-1,-1,-0.01,-1,-1,-0.01,-1,-1,-0.01,-1,-1,-0.01,-1,-1,-0.01,-1,-1
99926009,2026-05-18 11:33:34+05:30,53187.65,0,0.0,0,0.0,0.0,53282.15,53308.4,52783.45,53710.35,0,0.0,0.0,0.0,0.0,-0.01,-1,-1,-0.01,-1,-1,-0.01,-1,-1,-0.01,-1,-1,-0.01,-1,-1,-0.01,-1,-1,-0.01,-1,-1,-0.01,-1,-1,-0.01,-1,-1,-0.01,-1,-1
99926009,2026-05-18 11:33:35+05:30,53184.5,0,0.0,0,0.0,0.0,53282.15,53308.4,52783.45,53710.35,0,0.0,0.0,0.0,0.0,-0.01,-1,-1,-0.01,-1,-1,-0.01,-1,-1,-0.01,-1,-1,-0.01,-1,-1,-0.01,-1,-1,-0.01,-1,-1,-0.01,-1,-1,-0.01,-1,-1,-0.01,-1,-1
99926009,2026-05-18 11:33:35+05:30,53186.9,0,0.0,0,0.0,0.0,53282.15,53308.4,52783.45,53710.35,0,0.0,0.0,0.0,0.0,-0.01,-1,-1,-0.01,-1,-1,-0.01,-1,-1,-0.01,-1,-1,-0.01,-1,-1,-0.01,-1,-1,-0.01,-1,-1,-0.01,-1,-1,-0.01,-1,-1,-0.01,-1,-1
99926009,2026-05-18 11:33:36+05:30,53186.25,0,0.0,0,0.0,0.0,53282.15,53308.4,52783.45,53710.35,0,0.0,0.0,0.0,0.0,-0.01,-1,-1,-0.01,-1,-1,-0.01,-1,-1,-0.01,-1,-1,-0.01,-1,-1,-0.01,-1,-1,-0.01,-1,-1,-0.01,-1,-1,-0.01,-1,-1,-0.01,-1,-1
99926009,2026-05-18 11:33:36+05:30,53187.5,0,0.0,0,0.0,0.0,53282.15,53308.4,52783.45,53710.35,0,0.0,0.0,0.0,0.0,-0.01,-1,-1,-0.01,-1,-1,-0.01,-1,-1,-0.01,-1,-1,-0.01,-1,-1,-0.01,-1,-1,-0.01,-1,-1,-0.01,-1,-1,-0.01,-1,-1,-0.01,-1,-1
99926009,2026-05-18 11:33:37+05:30,53187.5,0,0.0,0,0.0,0.0,53282.15,53308.4,52783.45,53710.35,0,0.0,0.0,0.0,0.0,-0.01,-1,-1,-0.01,-1,-1,-0.01,-1,-1,-0.01,-1,-1,-0.01,-1,-1,-0.01,-1,-1,-0.01,-1,-1,-0.01,-1,-1,-0.01,-1,-1,-0.01,-1,-1
99926009,2026-05-18 11:33:37+05:30,53187.8,0,0.0,0,0.0,0.0,53282.15,53308.4,52783.45,53710.35,0,0.0,0.0,0.0,0.0,-0.01,-1,-1,-0.01,-1,-1,-0.01,-1,-1,-0.01,-1,-1,-0.01,-1,-1,-0.01,-1,-1,-0.01,-1,-1,-0.01,-1,-1,-0.01,-1,-1,-0.01,-1,-1
99926009,2026-05-18 11:33:38+05:30,53185.55,0,0.0,0,0.0,0.0,53282.15,53308.4,52783.45,53710.35,0,0.0,0.0,0.0,0.0,-0.01,-1,-1,-0.01,-1,-1,-0.01,-1,-1,-0.01,-1,-1,-0.01,-1,-1,-0.01,-1,-1,-0.01,-1,-1,-0.01,-1,-1,-0.01,-1,-1,-0.01,-1,-1
99926009,2026-05-18 11:33:38+05:30,53187.9,0,0.0,0,0.0,0.0,53282.15,53308.4,52783.45,53710.35,0,0.0,0.0,0.0,0.0,-0.01,-1,-1,-0.01,-1,-1,-0.01,-1,-1,-0.01,-1,-1,-0.01,-1,-1,-0.01,-1,-1,-0.01,-1,-1,-0.01,-1,-1,-0.01,-1,-1,-0.01,-1,-1
99926009,2026-05-18 11:33:39+05:30,53187.65,0,0.0,0,0.0,0.0,53282.15,53308.4,52783.45,53710.35,0,0.0,0.0,0.0,0.0,-0.01,-1,-1,-0.01,-1,-1,-0.01,-1,-1,-0.01,-1,-1,-0.01,-1,-1,-0.01,-1,-1,-0.01,-1,-1,-0.01,-1,-1,-0.01,-1,-1,-0.01,-1,-1
99926009,2026-05-18 11:33:39+05:30,53187.15,0,0.0,0,0.0,0.0,53282.15,53308.4,52783.45,53710.35,0,0.0,0.0,0.0,0.0,-0.01,-1,-1,-0.01,-1,-1,-0.01,-1,-1,-0.01,-1,-1,-0.01,-1,-1,-0.01,-1,-1,-0.01,-1,-1,-0.01,-1,-1,-0.01,-1,-1,-0.01,-1,-1
99926009,2026-05-18 11:33:40+05:30,53187.15,0,0.0,0,0.0,0.0,53282.15,53308.4,52783.45,53710.35,0,0.0,0.0,0.0,0.0,-0.01,-1,-1,-0.01,-1,-1,-0.01,-1,-1,-0.01,-1,-1,-0.01,-1,-1,-0.01,-1,-1,-0.01,-1,-1,-0.01,-1,-1,-0.01,-1,-1,-0.01,-1,-1
99926009,2026-05-18 11:33:40+05:30,53185.0,0,0.0,0,0.0,0.0,53282.15,53308.4,52783.45,53710.35,0,0.0,0.0,0.0,0.0,-0.01,-1,-1,-0.01,-1,-1,-0.01,-1,-1,-0.01,-1,-1,-0.01,-1,-1,-0.01,-1,-1,-0.01,-1,-1,-0.01,-1,-1,-0.01,-1,-1,-0.01,-1,-1
99926009,2026-05-18 11:33:41+05:30,53183.25,0,0.0,0,0.0,0.0,53282.15,53308.4,52783.45,53710.35,0,0.0,0.0,0.0,0.0,-0.01,-1,-1,-0.01,-1,-1,-0.01,-1,-1,-0.01,-1,-1,-0.01,-1,-1,-0.01,-1,-1,-0.01,-1,-1,-0.01,-1,-1,-0.01,-1,-1,-0.01,-1,-1
99926009,2026-05-18 11:33:41+05:30,53188.9,0,0.0,0,0.0,0.0,53282.15,53308.4,52783.45,53710.35,0,0.0,0.0,0.0,0.0,-0.01,-1,-1,-0.01,-1,-1,-0.01,-1,-1,-0.01,-1,-1,-0.01,-1,-1,-0.01,-1,-1,-0.01,-1,-1,-0.01,-1,-1,-0.01,-1,-1,-0.01,-1,-1
99926009,2026-05-18 11:33:42+05:30,53191.0,0,0.0,0,0.0,0.0,53282.15,53308.4,52783.45,53710.35,0,0.0,0.0,0.0,0.0,-0.01,-1,-1,-0.01,-1,-1,-0.01,-1,-1,-0.01,-1,-1,-0.01,-1,-1,-0.01,-1,-1,-0.01,-1,-1,-0.01,-1,-1,-0.01,-1,-1,-0.01,-1,-1
99926009,2026-05-18 11:33:42+05:30,53190.5,0,0.0,0,0.0,0.0,53282.15,53308.4,52783.45,53710.35,0,0.0,0.0,0.0,0.0,-0.01,-1,-1,-0.01,-1,-1,-0.01,-1,-1,-0.01,-1,-1,-0.01,-1,-1,-0.01,-1,-1,-0.01,-1,-1,-0.01,-1,-1,-0.01,-1,-1,-0.01,-1,-1
99926009,2026-05-18 11:33:43+05:30,53190.15,0,0.0,0,0.0,0.0,53282.15,53308.4,52783.45,53710.35,0,0.0,0.0,0.0,0.0,-0.01,-1,-1,-0.01,-1,-1,-0.01,-1,-1,-0.01,-1,-1,-0.01,-1,-1,-0.01,-1,-1,-0.01,-1,-1,-0.01,-1,-1,-0.01,-1,-1,-0.01,-1,-1
99926009,2026-05-18 11:33:43+05:30,53192.05,0,0.0,0,0.0,0.0,53282.15,53308.4,52783.45,53710.35,0,0.0,0.0,0.0,0.0,-0.01,-1,-1,-0.01,-1,-1,-0.01,-1,-1,-0.01,-1,-1,-0.01,-1,-1,-0.01,-1,-1,-0.01,-1,-1,-0.01,-1,-1,-0.01,-1,-1,-0.01,-1,-1
99926009,2026-05-18 11:33:44+05:30,53191.45,0,0.0,0,0.0,0.0,53282.15,53308.4,52783.45,53710.35,0,0.0,0.0,0.0,0.0,-0.01,-1,-1,-0.01,-1,-1,-0.01,-1,-1,-0.01,-1,-1,-0.01,-1,-1,-0.01,-1,-1,-0.01,-1,-1,-0.01,-1,-1,-0.01,-1,-1,-0.01,-1,-1
99926009,2026-05-18 11:33:44+05:30,53197.5,0,0.0,0,0.0,0.0,53282.15,53308.4,52783.45,53710.35,0,0.0,0.0,0.0,0.0,-0.01,-1,-1,-0.01,-1,-1,-0.01,-1,-1,-0.01,-1,-1,-0.01,-1,-1,-0.01,-1,-1,-0.01,-1,-1,-0.01,-1,-1,-0.01,-1,-1,-0.01,-1,-1
99926009,2026-05-18 11:33:45+05:30,53198.05,0,0.0,0,0.0,0.0,53282.15,53308.4,52783.45,53710.35,0,0.0,0.0,0.0,0.0,-0.01,-1,-1,-0.01,-1,-1,-0.01,-1,-1,-0.01,-1,-1,-0.01,-1,-1,-0.01,-1,-1,-0.01,-1,-1,-0.01,-1,-1,-0.01,-1,-1,-0.01,-1,-1
99926009,2026-05-18 11:33:45+05:30,53203.05,0,0.0,0,0.0,0.0,53282.15,53308.4,52783.45,53710.35,0,0.0,0.0,0.0,0.0,-0.01,-1,-1,-0.01,-1,-1,-0.01,-1,-1,-0.01,-1,-1,-0.01,-1,-1,-0.01,-1,-1,-0.01,-1,-1,-0.01,-1,-1,-0.01,-1,-1,-0.01,-1,-1
99926009,2026-05-18 11:33:46+05:30,53197.45,0,0.0,0,0.0,0.0,53282.15,53308.4,52783.45,53710.35,0,0.0,0.0,0.0,0.0,-0.01,-1,-1,-0.01,-1,-1,-0.01,-1,-1,-0.01,-1,-1,-0.01,-1,-1,-0.01,-1,-1,-0.01,-1,-1,-0.01,-1,-1,-0.01,-1,-1,-0.01,-1,-1
99926009,2026-05-18 11:33:46+05:30,53198.55,0,0.0,0,0.0,0.0,53282.15,53308.4,52783.45,53710.35,0,0.0,0.0,0.0,0.0,-0.01,-1,-1,-0.01,-1,-1,-0.01,-1,-1,-0.01,-1,-1,-0.01,-1,-1,-0.01,-1,-1,-0.01,-1,-1,-0.01,-1,-1,-0.01,-1,-1,-0.01,-1,-1
99926009,2026-05-18 11:33:47+05:30,53198.95,0,0.0,0,0.0,0.0,53282.15,53308.4,52783.45,53710.35,0,0.0,0.0,0.0,0.0,-0.01,-1,-1,-0.01,-1,-1,-0.01,-1,-1,-0.01,-1,-1,-0.01,-1,-1,-0.01,-1,-1,-0.01,-1,-1,-0.01,-1,-1,-0.01,-1,-1,-0.01,-1,-1
99926009,2026-05-18 11:33:47+05:30,53200.7,0,0.0,0,0.0,0.0,53282.15,53308.4,52783.45,53710.35,0,0.0,0.0,0.0,0.0,-0.01,-1,-1,-0.01,-1,-1,-0.01,-1,-1,-0.01,-1,-1,-0.01,-1,-1,-0.01,-1,-1,-0.01,-1,-1,-0.01,-1,-1,-0.01,-1,-1,-0.01,-1,-1
99926009,2026-05-18 11:33:48+05:30,53199.8,0,0.0,0,0.0,0.0,53282.15,53308.4,52783.45,53710.35,0,0.0,0.0,0.0,0.0,-0.01,-1,-1,-0.01,-1,-1,-0.01,-1,-1,-0.01,-1,-1,-0.01,-1,-1,-0.01,-1,-1,-0.01,-1,-1,-0.01,-1,-1,-0.01,-1,-1,-0.01,-1,-1
99926009,2026-05-18 11:33:48+05:30,53196.0,0,0.0,0,0.0,0.0,53282.15,53308.4,52783.45,53710.35,0,0.0,0.0,0.0,0.0,-0.01,-1,-1,-0.01,-1,-1,-0.01,-1,-1,-0.01,-1,-1,-0.01,-1,-1,-0.01,-1,-1,-0.01,-1,-1,-0.01,-1,-1,-0.01,-1,-1,-0.01,-1,-1
99926009,2026-05-18 11:33:49+05:30,53197.95,0,0.0,0,0.0,0.0,53282.15,53308.4,52783.45,53710.35,0,0.0,0.0,0.0,0.0,-0.01,-1,-1,-0.01,-1,-1,-0.01,-1,-1,-0.01,-1,-1,-0.01,-1,-1,-0.01,-1,-1,-0.01,-1,-1,-0.01,-1,-1,-0.01,-1,-1,-0.01,-1,-1
99926009,2026-05-18 11:33:49+05:30,53199.5,0,0.0,0,0.0,0.0,53282.15,53308.4,52783.45,53710.35,0,0.0,0.0,0.0,0.0,-0.01,-1,-1,-0.01,-1,-1,-0.01,-1,-1,-0.01,-1,-1,-0.01,-1,-1,-0.01,-1,-1,-0.01,-1,-1,-0.01,-1,-1,-0.01,-1,-1,-0.01,-1,-1
99926009,2026-05-18 11:33:50+05:30,53199.5,0,0.0,0,0.0,0.0,53282.15,53308.4,52783.45,53710.35,0,0.0,0.0,0.0,0.0,-0.01,-1,-1,-0.01,-1,-1,-0.01,-1,-1,-0.01,-1,-1,-0.01,-1,-1,-0.01,-1,-1,-0.01,-1,-1,-0.01,-1,-1,-0.01,-1,-1,-0.01,-1,-1
99926009,2026-05-18 11:33:50+05:30,53196.85,0,0.0,0,0.0,0.0,53282.15,53308.4,52783.45,53710.35,0,0.0,0.0,0.0,0.0,-0.01,-1,-1,-0.01,-1,-1,-0.01,-1,-1,-0.01,-1,-1,-0.01,-1,-1,-0.01,-1,-1,-0.01,-1,-1,-0.01,-1,-1,-0.01,-1,-1,-0.01,-1,-1
99926009,2026-05-18 11:33:51+05:30,53197.6,0,0.0,0,0.0,0.0,53282.15,53308.4,52783.45,53710.35,0,0.0,0.0,0.0,0.0,-0.01,-1,-1,-0.01,-1,-1,-0.01,-1,-1,-0.01,-1,-1,-0.01,-1,-1,-0.01,-1,-1,-0.01,-1,-1,-0.01,-1,-1,-0.01,-1,-1,-0.01,-1,-1
99926009,2026-05-18 11:33:51+05:30,53201.0,0,0.0,0,0.0,0.0,53282.15,53308.4,52783.45,53710.35,0,0.0,0.0,0.0,0.0,-0.01,-1,-1,-0.01,-1,-1,-0.01,-1,-1,-0.01,-1,-1,-0.01,-1,-1,-0.01,-1,-1,-0.01,-1,-1,-0.01,-1,-1,-0.01,-1,-1,-0.01,-1,-1
99926009,2026-05-18 11:33:52+05:30,53200.15,0,0.0,0,0.0,0.0,53282.15,53308.4,52783.45,53710.35,0,0.0,0.0,0.0,0.0,-0.01,-1,-1,-0.01,-1,-1,-0.01,-1,-1,-0.01,-1,-1,-0.01,-1,-1,-0.01,-1,-1,-0.01,-1,-1,-0.01,-1,-1,-0.01,-1,-1,-0.01,-1,-1
99926009,2026-05-18 11:33:52+05:30,53201.3,0,0.0,0,0.0,0.0,53282.15,53308.4,52783.45,53710.35,0,0.0,0.0,0.0,0.0,-0.01,-1,-1,-0.01,-1,-1,-0.01,-1,-1,-0.01,-1,-1,-0.01,-1,-1,-0.01,-1,-1,-0.01,-1,-1,-0.01,-1,-1,-0.01,-1,-1,-0.01,-1,-1
99926009,2026-05-18 11:33:53+05:30,53203.25,0,0.0,0,0.0,0.0,53282.15,53308.4,52783.45,53710.35,0,0.0,0.0,0.0,0.0,-0.01,-1,-1,-0.01,-1,-1,-0.01,-1,-1,-0.01,-1,-1,-0.01,-1,-1,-0.01,-1,-1,-0.01,-1,-1,-0.01,-1,-1,-0.01,-1,-1,-0.01,-1,-1
99926009,2026-05-18 11:33:53+05:30,53201.9,0,0.0,0,0.0,0.0,53282.15,53308.4,52783.45,53710.35,0,0.0,0.0,0.0,0.0,-0.01,-1,-1,-0.01,-1,-1,-0.01,-1,-1,-0.01,-1,-1,-0.01,-1,-1,-0.01,-1,-1,-0.01,-1,-1,-0.01,-1,-1,-0.01,-1,-1,-0.01,-1,-1
99926009,2026-05-18 11:33:54+05:30,53204.7,0,0.0,0,0.0,0.0,53282.15,53308.4,52783.45,53710.35,0,0.0,0.0,0.0,0.0,-0.01,-1,-1,-0.01,-1,-1,-0.01,-1,-1,-0.01,-1,-1,-0.01,-1,-1,-0.01,-1,-1,-0.01,-1,-1,-0.01,-1,-1,-0.01,-1,-1,-0.01,-1,-1
99926009,2026-05-18 11:33:54+05:30,53202.85,0,0.0,0,0.0,0.0,53282.15,53308.4,52783.45,53710.35,0,0.0,0.0,0.0,0.0,-0.01,-1,-1,-0.01,-1,-1,-0.01,-1,-1,-0.01,-1,-1,-0.01,-1,-1,-0.01,-1,-1,-0.01,-1,-1,-0.01,-1,-1,-0.01,-1,-1,-0.01,-1,-1
99926009,2026-05-18 11:33:55+05:30,53205.7,0,0.0,0,0.0,0.0,53282.15,53308.4,52783.45,53710.35,0,0.0,0.0,0.0,0.0,-0.01,-1,-1,-0.01,-1,-1,-0.01,-1,-1,-0.01,-1,-1,-0.01,-1,-1,-0.01,-1,-1,-0.01,-1,-1,-0.01,-1,-1,-0.01,-1,-1,-0.01,-1,-1
99926009,2026-05-18 11:33:55+05:30,53209.3,0,0.0,0,0.0,0.0,53282.15,53308.4,52783.45,53710.35,0,0.0,0.0,0.0,0.0,-0.01,-1,-1,-0.01,-1,-1,-0.01,-1,-1,-0.01,-1,-1,-0.01,-1,-1,-0.01,-1,-1,-0.01,-1,-1,-0.01,-1,-1,-0.01,-1,-1,-0.01,-1,-1
99926009,2026-05-18 11:33:56+05:30,53207.4,0,0.0,0,0.0,0.0,53282.15,53308.4,52783.45,53710.35,0,0.0,0.0,0.0,0.0,-0.01,-1,-1,-0.01,-1,-1,-0.01,-1,-1,-0.01,-1,-1,-0.01,-1,-1,-0.01,-1,-1,-0.01,-1,-1,-0.01,-1,-1,-0.01,-1,-1,-0.01,-1,-1
99926009,2026-05-18 11:33:56+05:30,53210.2,0,0.0,0,0.0,0.0,53282.15,53308.4,52783.45,53710.35,0,0.0,0.0,0.0,0.0,-0.01,-1,-1,-0.01,-1,-1,-0.01,-1,-1,-0.01,-1,-1,-0.01,-1,-1,-0.01,-1,-1,-0.01,-1,-1,-0.01,-1,-1,-0.01,-1,-1,-0.01,-1,-1
99926009,2026-05-18 11:33:57+05:30,53211.7,0,0.0,0,0.0,0.0,53282.15,53308.4,52783.45,53710.35,0,0.0,0.0,0.0,0.0,-0.01,-1,-1,-0.01,-1,-1,-0.01,-1,-1,-0.01,-1,-1,-0.01,-1,-1,-0.01,-1,-1,-0.01,-1,-1,-0.01,-1,-1,-0.01,-1,-1,-0.01,-1,-1
99926009,2026-05-18 11:33:57+05:30,53212.1,0,0.0,0,0.0,0.0,53282.15,53308.4,52783.45,53710.35,0,0.0,0.0,0.0,0.0,-0.01,-1,-1,-0.01,-1,-1,-0.01,-1,-1,-0.01,-1,-1,-0.01,-1,-1,-0.01,-1,-1,-0.01,-1,-1,-0.01,-1,-1,-0.01,-1,-1,-0.01,-1,-1
99926009,2026-05-18 11:33:58+05:30,53207.9,0,0.0,0,0.0,0.0,53282.15,53308.4,52783.45,53710.35,0,0.0,0.0,0.0,0.0,-0.01,-1,-1,-0.01,-1,-1,-0.01,-1,-1,-0.01,-1,-1,-0.01,-1,-1,-0.01,-1,-1,-0.01,-1,-1,-0.01,-1,-1,-0.01,-1,-1,-0.01,-1,-1
99926009,2026-05-18 11:33:58+05:30,53209.75,0,0.0,0,0.0,0.0,53282.15,53308.4,52783.45,53710.35,0,0.0,0.0,0.0,0.0,-0.01,-1,-1,-0.01,-1,-1,-0.01,-1,-1,-0.01,-1,-1,-0.01,-1,-1,-0.01,-1,-1,-0.01,-1,-1,-0.01,-1,-1,-0.01,-1,-1,-0.01,-1,-1
99926009,2026-05-18 11:33:59+05:30,53211.5,0,0.0,0,0.0,0.0,53282.15,53308.4,52783.45,53710.35,0,0.0,0.0,0.0,0.0,-0.01,-1,-1,-0.01,-1,-1,-0.01,-1,-1,-0.01,-1,-1,-0.01,-1,-1,-0.01,-1,-1,-0.01,-1,-1,-0.01,-1,-1,-0.01,-1,-1,-0.01,-1,-1
99926009,2026-05-18 11:33:59+05:30,53214.45,0,0.0,0,0.0,0.0,53282.15,53308.4,52783.45,53710.35,0,0.0,0.0,0.0,0.0,-0.01,-1,-1,-0.01,-1,-1,-0.01,-1,-1,-0.01,-1,-1,-0.01,-1,-1,-0.01,-1,-1,-0.01,-1,-1,-0.01,-1,-1,-0.01,-1,-1,-0.01,-1,-1
99926009,2026-05-18 11:34:00+05:30,53215.1,0,0.0,0,0.0,0.0,53282.15,53308.4,52783.45,53710.35,0,0.0,0.0,0.0,0.0,-0.01,-1,-1,-0.01,-1,-1,-0.01,-1,-1,-0.01,-1,-1,-0.01,-1,-1,-0.01,-1,-1,-0.01,-1,-1,-0.01,-1,-1,-0.01,-1,-1,-0.01,-1,-1
99926009,2026-05-18 11:34:00+05:30,53214.05,0,0.0,0,0.0,0.0,53282.15,53308.4,52783.45,53710.35,0,0.0,0.0,0.0,0.0,-0.01,-1,-1,-0.01,-1,-1,-0.01,-1,-1,-0.01,-1,-1,-0.01,-1,-1,-0.01,-1,-1,-0.01,-1,-1,-0.01,-1,-1,-0.01,-1,-1,-0.01,-1,-1
99926009,2026-05-18 11:34:01+05:30,53215.15,0,0.0,0,0.0,0.0,53282.15,53308.4,52783.45,53710.35,0,0.0,0.0,0.0,0.0,-0.01,-1,-1,-0.01,-1,-1,-0.01,-1,-1,-0.01,-1,-1,-0.01,-1,-1,-0.01,-1,-1,-0.01,-1,-1,-0.01,-1,-1,-0.01,-1,-1,-0.01,-1,-1
99926009,2026-05-18 11:34:01+05:30,53215.35,0,0.0,0,0.0,0.0,53282.15,53308.4,52783.45,53710.35,0,0.0,0.0,0.0,0.0,-0.01,-1,-1,-0.01,-1,-1,-0.01,-1,-1,-0.01,-1,-1,-0.01,-1,-1,-0.01,-1,-1,-0.01,-1,-1,-0.01,-1,-1,-0.01,-1,-1,-0.01,-1,-1
99926009,2026-05-18 11:34:02+05:30,53216.2,0,0.0,0,0.0,0.0,53282.15,53308.4,52783.45,53710.35,0,0.0,0.0,0.0,0.0,-0.01,-1,-1,-0.01,-1,-1,-0.01,-1,-1,-0.01,-1,-1,-0.01,-1,-1,-0.01,-1,-1,-0.01,-1,-1,-0.01,-1,-1,-0.01,-1,-1,-0.01,-1,-1
99926009,2026-05-18 11:34:02+05:30,53212.6,0,0.0,0,0.0,0.0,53282.15,53308.4,52783.45,53710.35,0,0.0,0.0,0.0,0.0,-0.01,-1,-1,-0.01,-1,-1,-0.01,-1,-1,-0.01,-1,-1,-0.01,-1,-1,-0.01,-1,-1,-0.01,-1,-1,-0.01,-1,-1,-0.01,-1,-1,-0.01,-1,-1
99926009,2026-05-18 11:34:03+05:30,53211.85,0,0.0,0,0.0,0.0,53282.15,53308.4,52783.45,53710.35,0,0.0,0.0,0.0,0.0,-0.01,-1,-1,-0.01,-1,-1,-0.01,-1,-1,-0.01,-1,-1,-0.01,-1,-1,-0.01,-1,-1,-0.01,-1,-1,-0.01,-1,-1,-0.01,-1,-1,-0.01,-1,-1
99926009,2026-05-18 11:34:03+05:30,53214.35,0,0.0,0,0.0,0.0,53282.15,53308.4,52783.45,53710.35,0,0.0,0.0,0.0,0.0,-0.01,-1,-1,-0.01,-1,-1,-0.01,-1,-1,-0.01,-1,-1,-0.01,-1,-1,-0.01,-1,-1,-0.01,-1,-1,-0.01,-1,-1,-0.01,-1,-1,-0.01,-1,-1
99926009,2026-05-18 11:34:04+05:30,53214.6,0,0.0,0,0.0,0.0,53282.15,53308.4,52783.45,53710.35,0,0.0,0.0,0.0,0.0,-0.01,-1,-1,-0.01,-1,-1,-0.01,-1,-1,-0.01,-1,-1,-0.01,-1,-1,-0.01,-1,-1,-0.01,-1,-1,-0.01,-1,-1,-0.01,-1,-1,-0.01,-1,-1
99926009,2026-05-18 11:34:04+05:30,53215.05,0,0.0,0,0.0,0.0,53282.15,53308.4,52783.45,53710.35,0,0.0,0.0,0.0,0.0,-0.01,-1,-1,-0.01,-1,-1,-0.01,-1,-1,-0.01,-1,-1,-0.01,-1,-1,-0.01,-1,-1,-0.01,-1,-1,-0.01,-1,-1,-0.01,-1,-1,-0.01,-1,-1
99926009,2026-05-18 11:34:05+05:30,53219.3,0,0.0,0,0.0,0.0,53282.15,53308.4,52783.45,53710.35,0,0.0,0.0,0.0,0.0,-0.01,-1,-1,-0.01,-1,-1,-0.01,-1,-1,-0.01,-1,-1,-0.01,-1,-1,-0.01,-1,-1,-0.01,-1,-1,-0.01,-1,-1,-0.01,-1,-1,-0.01,-1,-1
99926009,2026-05-18 11:34:05+05:30,53213.2,0,0.0,0,0.0,0.0,53282.15,53308.4,52783.45,53710.35,0,0.0,0.0,0.0,0.0,-0.01,-1,-1,-0.01,-1,-1,-0.01,-1,-1,-0.01,-1,-1,-0.01,-1,-1,-0.01,-1,-1,-0.01,-1,-1,-0.01,-1,-1,-0.01,-1,-1,-0.01,-1,-1
99926009,2026-05-18 11:34:06+05:30,53215.35,0,0.0,0,0.0,0.0,53282.15,53308.4,52783.45,53710.35,0,0.0,0.0,0.0,0.0,-0.01,-1,-1,-0.01,-1,-1,-0.01,-1,-1,-0.01,-1,-1,-0.01,-1,-1,-0.01,-1,-1,-0.01,-1,-1,-0.01,-1,-1,-0.01,-1,-1,-0.01,-1,-1
99926009,2026-05-18 11:34:06+05:30,53216.2,0,0.0,0,0.0,0.0,53282.15,53308.4,52783.45,53710.35,0,0.0,0.0,0.0,0.0,-0.01,-1,-1,-0.01,-1,-1,-0.01,-1,-1,-0.01,-1,-1,-0.01,-1,-1,-0.01,-1,-1,-0.01,-1,-1,-0.01,-1,-1,-0.01,-1,-1,-0.01,-1,-1
99926009,2026-05-18 11:34:07+05:30,53214.75,0,0.0,0,0.0,0.0,53282.15,53308.4,52783.45,53710.35,0,0.0,0.0,0.0,0.0,-0.01,-1,-1,-0.01,-1,-1,-0.01,-1,-1,-0.01,-1,-1,-0.01,-1,-1,-0.01,-1,-1,-0.01,-1,-1,-0.01,-1,-1,-0.01,-1,-1,-0.01,-1,-1
99926009,2026-05-18 11:34:07+05:30,53215.65,0,0.0,0,0.0,0.0,53282.15,53308.4,52783.45,53710.35,0,0.0,0.0,0.0,0.0,-0.01,-1,-1,-0.01,-1,-1,-0.01,-1,-1,-0.01,-1,-1,-0.01,-1,-1,-0.01,-1,-1,-0.01,-1,-1,-0.01,-1,-1,-0.01,-1,-1,-0.01,-1,-1
99926009,2026-05-18 11:34:08+05:30,53210.4,0,0.0,0,0.0,0.0,53282.15,53308.4,52783.45,53710.35,0,0.0,0.0,0.0,0.0,-0.01,-1,-1,-0.01,-1,-1,-0.01,-1,-1,-0.01,-1,-1,-0.01,-1,-1,-0.01,-1,-1,-0.01,-1,-1,-0.01,-1,-1,-0.01,-1,-1,-0.01,-1,-1
99926009,2026-05-18 11:34:08+05:30,53212.45,0,0.0,0,0.0,0.0,53282.15,53308.4,52783.45,53710.35,0,0.0,0.0,0.0,0.0,-0.01,-1,-1,-0.01,-1,-1,-0.01,-1,-1,-0.01,-1,-1,-0.01,-1,-1,-0.01,-1,-1,-0.01,-1,-1,-0.01,-1,-1,-0.01,-1,-1,-0.01,-1,-1
99926009,2026-05-18 11:34:09+05:30,53212.9,0,0.0,0,0.0,0.0,53282.15,53308.4,52783.45,53710.35,0,0.0,0.0,0.0,0.0,-0.01,-1,-1,-0.01,-1,-1,-0.01,-1,-1,-0.01,-1,-1,-0.01,-1,-1,-0.01,-1,-1,-0.01,-1,-1,-0.01,-1,-1,-0.01,-1,-1,-0.01,-1,-1
99926009,2026-05-18 11:34:09+05:30,53216.2,0,0.0,0,0.0,0.0,53282.15,53308.4,52783.45,53710.35,0,0.0,0.0,0.0,0.0,-0.01,-1,-1,-0.01,-1,-1,-0.01,-1,-1,-0.01,-1,-1,-0.01,-1,-1,-0.01,-1,-1,-0.01,-1,-1,-0.01,-1,-1,-0.01,-1,-1,-0.01,-1,-1
99926009,2026-05-18 11:34:10+05:30,53211.5,0,0.0,0,0.0,0.0,53282.15,53308.4,52783.45,53710.35,0,0.0,0.0,0.0,0.0,-0.01,-1,-1,-0.01,-1,-1,-0.01,-1,-1,-0.01,-1,-1,-0.01,-1,-1,-0.01,-1,-1,-0.01,-1,-1,-0.01,-1,-1,-0.01,-1,-1,-0.01,-1,-1
99926009,2026-05-18 11:34:10+05:30,53213.7,0,0.0,0,0.0,0.0,53282.15,53308.4,52783.45,53710.35,0,0.0,0.0,0.0,0.0,-0.01,-1,-1,-0.01,-1,-1,-0.01,-1,-1,-0.01,-1,-1,-0.01,-1,-1,-0.01,-1,-1,-0.01,-1,-1,-0.01,-1,-1,-0.01,-1,-1,-0.01,-1,-1
99926009,2026-05-18 11:34:11+05:30,53211.15,0,0.0,0,0.0,0.0,53282.15,53308.4,52783.45,53710.35,0,0.0,0.0,0.0,0.0,-0.01,-1,-1,-0.01,-1,-1,-0.01,-1,-1,-0.01,-1,-1,-0.01,-1,-1,-0.01,-1,-1,-0.01,-1,-1,-0.01,-1,-1,-0.01,-1,-1,-0.01,-1,-1
99926009,2026-05-18 11:34:11+05:30,53216.85,0,0.0,0,0.0,0.0,53282.15,53308.4,52783.45,53710.35,0,0.0,0.0,0.0,0.0,-0.01,-1,-1,-0.01,-1,-1,-0.01,-1,-1,-0.01,-1,-1,-0.01,-1,-1,-0.01,-1,-1,-0.01,-1,-1,-0.01,-1,-1,-0.01,-1,-1,-0.01,-1,-1
99926009,2026-05-18 11:34:12+05:30,53212.9,0,0.0,0,0.0,0.0,53282.15,53308.4,52783.45,53710.35,0,0.0,0.0,0.0,0.0,-0.01,-1,-1,-0.01,-1,-1,-0.01,-1,-1,-0.01,-1,-1,-0.01,-1,-1,-0.01,-1,-1,-0.01,-1,-1,-0.01,-1,-1,-0.01,-1,-1,-0.01,-1,-1
99926009,2026-05-18 11:34:12+05:30,53209.45,0,0.0,0,0.0,0.0,53282.15,53308.4,52783.45,53710.35,0,0.0,0.0,0.0,0.0,-0.01,-1,-1,-0.01,-1,-1,-0.01,-1,-1,-0.01,-1,-1,-0.01,-1,-1,-0.01,-1,-1,-0.01,-1,-1,-0.01,-1,-1,-0.01,-1,-1,-0.01,-1,-1
99926009,2026-05-18 11:34:13+05:30,53213.55,0,0.0,0,0.0,0.0,53282.15,53308.4,52783.45,53710.35,0,0.0,0.0,0.0,0.0,-0.01,-1,-1,-0.01,-1,-1,-0.01,-1,-1,-0.01,-1,-1,-0.01,-1,-1,-0.01,-1,-1,-0.01,-1,-1,-0.01,-1,-1,-0.01,-1,-1,-0.01,-1,-1
99926009,2026-05-18 11:34:13+05:30,53212.35,0,0.0,0,0.0,0.0,53282.15,53308.4,52783.45,53710.35,0,0.0,0.0,0.0,0.0,-0.01,-1,-1,-0.01,-1,-1,-0.01,-1,-1,-0.01,-1,-1,-0.01,-1,-1,-0.01,-1,-1,-0.01,-1,-1,-0.01,-1,-1,-0.01,-1,-1,-0.01,-1,-1
99926009,2026-05-18 11:34:14+05:30,53212.1,0,0.0,0,0.0,0.0,53282.15,53308.4,52783.45,53710.35,0,0.0,0.0,0.0,0.0,-0.01,-1,-1,-0.01,-1,-1,-0.01,-1,-1,-0.01,-1,-1,-0.01,-1,-1,-0.01,-1,-1,-0.01,-1,-1,-0.01,-1,-1,-0.01,-1,-1,-0.01,-1,-1
99926009,2026-05-18 11:34:14+05:30,53208.6,0,0.0,0,0.0,0.0,53282.15,53308.4,52783.45,53710.35,0,0.0,0.0,0.0,0.0,-0.01,-1,-1,-0.01,-1,-1,-0.01,-1,-1,-0.01,-1,-1,-0.01,-1,-1,-0.01,-1,-1,-0.01,-1,-1,-0.01,-1,-1,-0.01,-1,-1,-0.01,-1,-1
99926009,2026-05-18 11:34:15+05:30,53210.25,0,0.0,0,0.0,0.0,53282.15,53308.4,52783.45,53710.35,0,0.0,0.0,0.0,0.0,-0.01,-1,-1,-0.01,-1,-1,-0.01,-1,-1,-0.01,-1,-1,-0.01,-1,-1,-0.01,-1,-1,-0.01,-1,-1,-0.01,-1,-1,-0.01,-1,-1,-0.01,-1,-1
99926009,2026-05-18 11:34:15+05:30,53213.4,0,0.0,0,0.0,0.0,53282.15,53308.4,52783.45,53710.35,0,0.0,0.0,0.0,0.0,-0.01,-1,-1,-0.01,-1,-1,-0.01,-1,-1,-0.01,-1,-1,-0.01,-1,-1,-0.01,-1,-1,-0.01,-1,-1,-0.01,-1,-1,-0.01,-1,-1,-0.01,-1,-1
99926009,2026-05-18 11:34:16+05:30,53211.0,0,0.0,0,0.0,0.0,53282.15,53308.4,52783.45,53710.35,0,0.0,0.0,0.0,0.0,-0.01,-1,-1,-0.01,-1,-1,-0.01,-1,-1,-0.01,-1,-1,-0.01,-1,-1,-0.01,-1,-1,-0.01,-1,-1,-0.01,-1,-1,-0.01,-1,-1,-0.01,-1,-1
99926009,2026-05-18 11:34:16+05:30,53213.15,0,0.0,0,0.0,0.0,53282.15,53308.4,52783.45,53710.35,0,0.0,0.0,0.0,0.0,-0.01,-1,-1,-0.01,-1,-1,-0.01,-1,-1,-0.01,-1,-1,-0.01,-1,-1,-0.01,-1,-1,-0.01,-1,-1,-0.01,-1,-1,-0.01,-1,-1,-0.01,-1,-1
99926009,2026-05-18 11:34:17+05:30,53213.65,0,0.0,0,0.0,0.0,53282.15,53308.4,52783.45,53710.35,0,0.0,0.0,0.0,0.0,-0.01,-1,-1,-0.01,-1,-1,-0.01,-1,-1,-0.01,-1,-1,-0.01,-1,-1,-0.01,-1,-1,-0.01,-1,-1,-0.01,-1,-1,-0.01,-1,-1,-0.01,-1,-1
99926009,2026-05-18 11:34:17+05:30,53209.8,0,0.0,0,0.0,0.0,53282.15,53308.4,52783.45,53710.35,0,0.0,0.0,0.0,0.0,-0.01,-1,-1,-0.01,-1,-1,-0.01,-1,-1,-0.01,-1,-1,-0.01,-1,-1,-0.01,-1,-1,-0.01,-1,-1,-0.01,-1,-1,-0.01,-1,-1,-0.01,-1,-1
99926009,2026-05-18 11:34:18+05:30,53211.5,0,0.0,0,0.0,0.0,53282.15,53308.4,52783.45,53710.35,0,0.0,0.0,0.0,0.0,-0.01,-1,-1,-0.01,-1,-1,-0.01,-1,-1,-0.01,-1,-1,-0.01,-1,-1,-0.01,-1,-1,-0.01,-1,-1,-0.01,-1,-1,-0.01,-1,-1,-0.01,-1,-1
99926009,2026-05-18 11:34:18+05:30,53211.75,0,0.0,0,0.0,0.0,53282.15,53308.4,52783.45,53710.35,0,0.0,0.0,0.0,0.0,-0.01,-1,-1,-0.01,-1,-1,-0.01,-1,-1,-0.01,-1,-1,-0.01,-1,-1,-0.01,-1,-1,-0.01,-1,-1,-0.01,-1,-1,-0.01,-1,-1,-0.01,-1,-1
99926009,2026-05-18 11:34:19+05:30,53208.35,0,0.0,0,0.0,0.0,53282.15,53308.4,52783.45,53710.35,0,0.0,0.0,0.0,0.0,-0.01,-1,-1,-0.01,-1,-1,-0.01,-1,-1,-0.01,-1,-1,-0.01,-1,-1,-0.01,-1,-1,-0.01,-1,-1,-0.01,-1,-1,-0.01,-1,-1,-0.01,-1,-1
99926009,2026-05-18 11:34:19+05:30,53209.2,0,0.0,0,0.0,0.0,53282.15,53308.4,52783.45,53710.35,0,0.0,0.0,0.0,0.0,-0.01,-1,-1,-0.01,-1,-1,-0.01,-1,-1,-0.01,-1,-1,-0.01,-1,-1,-0.01,-1,-1,-0.01,-1,-1,-0.01,-1,-1,-0.01,-1,-1,-0.01,-1,-1
99926009,2026-05-18 11:34:20+05:30,53210.25,0,0.0,0,0.0,0.0,53282.15,53308.4,52783.45,53710.35,0,0.0,0.0,0.0,0.0,-0.01,-1,-1,-0.01,-1,-1,-0.01,-1,-1,-0.01,-1,-1,-0.01,-1,-1,-0.01,-1,-1,-0.01,-1,-1,-0.01,-1,-1,-0.01,-1,-1,-0.01,-1,-1
99926009,2026-05-18 11:34:20+05:30,53206.5,0,0.0,0,0.0,0.0,53282.15,53308.4,52783.45,53710.35,0,0.0,0.0,0.0,0.0,-0.01,-1,-1,-0.01,-1,-1,-0.01,-1,-1,-0.01,-1,-1,-0.01,-1,-1,-0.01,-1,-1,-0.01,-1,-1,-0.01,-1,-1,-0.01,-1,-1,-0.01,-1,-1
99926009,2026-05-18 11:34:21+05:30,53207.8,0,0.0,0,0.0,0.0,53282.15,53308.4,52783.45,53710.35,0,0.0,0.0,0.0,0.0,-0.01,-1,-1,-0.01,-1,-1,-0.01,-1,-1,-0.01,-1,-1,-0.01,-1,-1,-0.01,-1,-1,-0.01,-1,-1,-0.01,-1,-1,-0.01,-1,-1,-0.01,-1,-1
99926009,2026-05-18 11:34:21+05:30,53208.0,0,0.0,0,0.0,0.0,53282.15,53308.4,52783.45,53710.35,0,0.0,0.0,0.0,0.0,-0.01,-1,-1,-0.01,-1,-1,-0.01,-1,-1,-0.01,-1,-1,-0.01,-1,-1,-0.01,-1,-1,-0.01,-1,-1,-0.01,-1,-1,-0.01,-1,-1,-0.01,-1,-1
99926009,2026-05-18 11:34:22+05:30,53206.8,0,0.0,0,0.0,0.0,53282.15,53308.4,52783.45,53710.35,0,0.0,0.0,0.0,0.0,-0.01,-1,-1,-0.01,-1,-1,-0.01,-1,-1,-0.01,-1,-1,-0.01,-1,-1,-0.01,-1,-1,-0.01,-1,-1,-0.01,-1,-1,-0.01,-1,-1,-0.01,-1,-1
99926009,2026-05-18 11:34:22+05:30,53207.05,0,0.0,0,0.0,0.0,53282.15,53308.4,52783.45,53710.35,0,0.0,0.0,0.0,0.0,-0.01,-1,-1,-0.01,-1,-1,-0.01,-1,-1,-0.01,-1,-1,-0.01,-1,-1,-0.01,-1,-1,-0.01,-1,-1,-0.01,-1,-1,-0.01,-1,-1,-0.01,-1,-1
99926009,2026-05-18 11:34:23+05:30,53207.95,0,0.0,0,0.0,0.0,53282.15,53308.4,52783.45,53710.35,0,0.0,0.0,0.0,0.0,-0.01,-1,-1,-0.01,-1,-1,-0.01,-1,-1,-0.01,-1,-1,-0.01,-1,-1,-0.01,-1,-1,-0.01,-1,-1,-0.01,-1,-1,-0.01,-1,-1,-0.01,-1,-1
99926009,2026-05-18 11:34:23+05:30,53206.35,0,0.0,0,0.0,0.0,53282.15,53308.4,52783.45,53710.35,0,0.0,0.0,0.0,0.0,-0.01,-1,-1,-0.01,-1,-1,-0.01,-1,-1,-0.01,-1,-1,-0.01,-1,-1,-0.01,-1,-1,-0.01,-1,-1,-0.01,-1,-1,-0.01,-1,-1,-0.01,-1,-1
99926009,2026-05-18 11:34:24+05:30,53206.0,0,0.0,0,0.0,0.0,53282.15,53308.4,52783.45,53710.35,0,0.0,0.0,0.0,0.0,-0.01,-1,-1,-0.01,-1,-1,-0.01,-1,-1,-0.01,-1,-1,-0.01,-1,-1,-0.01,-1,-1,-0.01,-1,-1,-0.01,-1,-1,-0.01,-1,-1,-0.01,-1,-1
99926009,2026-05-18 11:34:24+05:30,53205.85,0,0.0,0,0.0,0.0,53282.15,53308.4,52783.45,53710.35,0,0.0,0.0,0.0,0.0,-0.01,-1,-1,-0.01,-1,-1,-0.01,-1,-1,-0.01,-1,-1,-0.01,-1,-1,-0.01,-1,-1,-0.01,-1,-1,-0.01,-1,-1,-0.01,-1,-1,-0.01,-1,-1
99926009,2026-05-18 11:34:25+05:30,53205.85,0,0.0,0,0.0,0.0,53282.15,53308.4,52783.45,53710.35,0,0.0,0.0,0.0,0.0,-0.01,-1,-1,-0.01,-1,-1,-0.01,-1,-1,-0.01,-1,-1,-0.01,-1,-1,-0.01,-1,-1,-0.01,-1,-1,-0.01,-1,-1,-0.01,-1,-1,-0.01,-1,-1
99926009,2026-05-18 11:34:25+05:30,53206.45,0,0.0,0,0.0,0.0,53282.15,53308.4,52783.45,53710.35,0,0.0,0.0,0.0,0.0,-0.01,-1,-1,-0.01,-1,-1,-0.01,-1,-1,-0.01,-1,-1,-0.01,-1,-1,-0.01,-1,-1,-0.01,-1,-1,-0.01,-1,-1,-0.01,-1,-1,-0.01,-1,-1
99926009,2026-05-18 11:34:26+05:30,53208.25,0,0.0,0,0.0,0.0,53282.15,53308.4,52783.45,53710.35,0,0.0,0.0,0.0,0.0,-0.01,-1,-1,-0.01,-1,-1,-0.01,-1,-1,-0.01,-1,-1,-0.01,-1,-1,-0.01,-1,-1,-0.01,-1,-1,-0.01,-1,-1,-0.01,-1,-1,-0.01,-1,-1
99926009,2026-05-18 11:34:26+05:30,53205.6,0,0.0,0,0.0,0.0,53282.15,53308.4,52783.45,53710.35,0,0.0,0.0,0.0,0.0,-0.01,-1,-1,-0.01,-1,-1,-0.01,-1,-1,-0.01,-1,-1,-0.01,-1,-1,-0.01,-1,-1,-0.01,-1,-1,-0.01,-1,-1,-0.01,-1,-1,-0.01,-1,-1
99926009,2026-05-18 11:34:27+05:30,53207.1,0,0.0,0,0.0,0.0,53282.15,53308.4,52783.45,53710.35,0,0.0,0.0,0.0,0.0,-0.01,-1,-1,-0.01,-1,-1,-0.01,-1,-1,-0.01,-1,-1,-0.01,-1,-1,-0.01,-1,-1,-0.01,-1,-1,-0.01,-1,-1,-0.01,-1,-1,-0.01,-1,-1
99926009,2026-05-18 11:34:27+05:30,53202.7,0,0.0,0,0.0,0.0,53282.15,53308.4,52783.45,53710.35,0,0.0,0.0,0.0,0.0,-0.01,-1,-1,-0.01,-1,-1,-0.01,-1,-1,-0.01,-1,-1,-0.01,-1,-1,-0.01,-1,-1,-0.01,-1,-1,-0.01,-1,-1,-0.01,-1,-1,-0.01,-1,-1
99926009,2026-05-18 11:34:28+05:30,53206.1,0,0.0,0,0.0,0.0,53282.15,53308.4,52783.45,53710.35,0,0.0,0.0,0.0,0.0,-0.01,-1,-1,-0.01,-1,-1,-0.01,-1,-1,-0.01,-1,-1,-0.01,-1,-1,-0.01,-1,-1,-0.01,-1,-1,-0.01,-1,-1,-0.01,-1,-1,-0.01,-1,-1
99926009,2026-05-18 11:34:28+05:30,53203.3,0,0.0,0,0.0,0.0,53282.15,53308.4,52783.45,53710.35,0,0.0,0.0,0.0,0.0,-0.01,-1,-1,-0.01,-1,-1,-0.01,-1,-1,-0.01,-1,-1,-0.01,-1,-1,-0.01,-1,-1,-0.01,-1,-1,-0.01,-1,-1,-0.01,-1,-1,-0.01,-1,-1
99926009,2026-05-18 11:34:29+05:30,53204.0,0,0.0,0,0.0,0.0,53282.15,53308.4,52783.45,53710.35,0,0.0,0.0,0.0,0.0,-0.01,-1,-1,-0.01,-1,-1,-0.01,-1,-1,-0.01,-1,-1,-0.01,-1,-1,-0.01,-1,-1,-0.01,-1,-1,-0.01,-1,-1,-0.01,-1,-1,-0.01,-1,-1
99926009,2026-05-18 11:34:29+05:30,53207.45,0,0.0,0,0.0,0.0,53282.15,53308.4,52783.45,53710.35,0,0.0,0.0,0.0,0.0,-0.01,-1,-1,-0.01,-1,-1,-0.01,-1,-1,-0.01,-1,-1,-0.01,-1,-1,-0.01,-1,-1,-0.01,-1,-1,-0.01,-1,-1,-0.01,-1,-1,-0.01,-1,-1
99926009,2026-05-18 11:34:30+05:30,53205.55,0,0.0,0,0.0,0.0,53282.15,53308.4,52783.45,53710.35,0,0.0,0.0,0.0,0.0,-0.01,-1,-1,-0.01,-1,-1,-0.01,-1,-1,-0.01,-1,-1,-0.01,-1,-1,-0.01,-1,-1,-0.01,-1,-1,-0.01,-1,-1,-0.01,-1,-1,-0.01,-1,-1
99926009,2026-05-18 11:34:30+05:30,53206.15,0,0.0,0,0.0,0.0,53282.15,53308.4,52783.45,53710.35,0,0.0,0.0,0.0,0.0,-0.01,-1,-1,-0.01,-1,-1,-0.01,-1,-1,-0.01,-1,-1,-0.01,-1,-1,-0.01,-1,-1,-0.01,-1,-1,-0.01,-1,-1,-0.01,-1,-1,-0.01,-1,-1
99926009,2026-05-18 11:34:31+05:30,53204.4,0,0.0,0,0.0,0.0,53282.15,53308.4,52783.45,53710.35,0,0.0,0.0,0.0,0.0,-0.01,-1,-1,-0.01,-1,-1,-0.01,-1,-1,-0.01,-1,-1,-0.01,-1,-1,-0.01,-1,-1,-0.01,-1,-1,-0.01,-1,-1,-0.01,-1,-1,-0.01,-1,-1
99926009,2026-05-18 11:34:31+05:30,53205.8,0,0.0,0,0.0,0.0,53282.15,53308.4,52783.45,53710.35,0,0.0,0.0,0.0,0.0,-0.01,-1,-1,-0.01,-1,-1,-0.01,-1,-1,-0.01,-1,-1,-0.01,-1,-1,-0.01,-1,-1,-0.01,-1,-1,-0.01,-1,-1,-0.01,-1,-1,-0.01,-1,-1
99926009,2026-05-18 11:34:32+05:30,53203.0,0,0.0,0,0.0,0.0,53282.15,53308.4,52783.45,53710.35,0,0.0,0.0,0.0,0.0,-0.01,-1,-1,-0.01,-1,-1,-0.01,-1,-1,-0.01,-1,-1,-0.01,-1,-1,-0.01,-1,-1,-0.01,-1,-1,-0.01,-1,-1,-0.01,-1,-1,-0.01,-1,-1
99926009,2026-05-18 11:34:32+05:30,53203.1,0,0.0,0,0.0,0.0,53282.15,53308.4,52783.45,53710.35,0,0.0,0.0,0.0,0.0,-0.01,-1,-1,-0.01,-1,-1,-0.01,-1,-1,-0.01,-1,-1,-0.01,-1,-1,-0.01,-1,-1,-0.01,-1,-1,-0.01,-1,-1,-0.01,-1,-1,-0.01,-1,-1
99926009,2026-05-18 11:34:33+05:30,53203.7,0,0.0,0,0.0,0.0,53282.15,53308.4,52783.45,53710.35,0,0.0,0.0,0.0,0.0,-0.01,-1,-1,-0.01,-1,-1,-0.01,-1,-1,-0.01,-1,-1,-0.01,-1,-1,-0.01,-1,-1,-0.01,-1,-1,-0.01,-1,-1,-0.01,-1,-1,-0.01,-1,-1
99926009,2026-05-18 11:34:33+05:30,53203.0,0,0.0,0,0.0,0.0,53282.15,53308.4,52783.45,53710.35,0,0.0,0.0,0.0,0.0,-0.01,-1,-1,-0.01,-1,-1,-0.01,-1,-1,-0.01,-1,-1,-0.01,-1,-1,-0.01,-1,-1,-0.01,-1,-1,-0.01,-1,-1,-0.01,-1,-1,-0.01,-1,-1
99926009,2026-05-18 11:34:34+05:30,53202.55,0,0.0,0,0.0,0.0,53282.15,53308.4,52783.45,53710.35,0,0.0,0.0,0.0,0.0,-0.01,-1,-1,-0.01,-1,-1,-0.01,-1,-1,-0.01,-1,-1,-0.01,-1,-1,-0.01,-1,-1,-0.01,-1,-1,-0.01,-1,-1,-0.01,-1,-1,-0.01,-1,-1
99926009,2026-05-18 11:34:34+05:30,53202.35,0,0.0,0,0.0,0.0,53282.15,53308.4,52783.45,53710.35,0,0.0,0.0,0.0,0.0,-0.01,-1,-1,-0.01,-1,-1,-0.01,-1,-1,-0.01,-1,-1,-0.01,-1,-1,-0.01,-1,-1,-0.01,-1,-1,-0.01,-1,-1,-0.01,-1,-1,-0.01,-1,-1
99926009,2026-05-18 11:34:35+05:30,53201.25,0,0.0,0,0.0,0.0,53282.15,53308.4,52783.45,53710.35,0,0.0,0.0,0.0,0.0,-0.01,-1,-1,-0.01,-1,-1,-0.01,-1,-1,-0.01,-1,-1,-0.01,-1,-1,-0.01,-1,-1,-0.01,-1,-1,-0.01,-1,-1,-0.01,-1,-1,-0.01,-1,-1
99926009,2026-05-18 11:34:35+05:30,53202.6,0,0.0,0,0.0,0.0,53282.15,53308.4,52783.45,53710.35,0,0.0,0.0,0.0,0.0,-0.01,-1,-1,-0.01,-1,-1,-0.01,-1,-1,-0.01,-1,-1,-0.01,-1,-1,-0.01,-1,-1,-0.01,-1,-1,-0.01,-1,-1,-0.01,-1,-1,-0.01,-1,-1
99926009,2026-05-18 11:34:36+05:30,53202.35,0,0.0,0,0.0,0.0,53282.15,53308.4,52783.45,53710.35,0,0.0,0.0,0.0,0.0,-0.01,-1,-1,-0.01,-1,-1,-0.01,-1,-1,-0.01,-1,-1,-0.01,-1,-1,-0.01,-1,-1,-0.01,-1,-1,-0.01,-1,-1,-0.01,-1,-1,-0.01,-1,-1
99926009,2026-05-18 11:34:36+05:30,53201.8,0,0.0,0,0.0,0.0,53282.15,53308.4,52783.45,53710.35,0,0.0,0.0,0.0,0.0,-0.01,-1,-1,-0.01,-1,-1,-0.01,-1,-1,-0.01,-1,-1,-0.01,-1,-1,-0.01,-1,-1,-0.01,-1,-1,-0.01,-1,-1,-0.01,-1,-1,-0.01,-1,-1
99926009,2026-05-18 11:34:37+05:30,53199.65,0,0.0,0,0.0,0.0,53282.15,53308.4,52783.45,53710.35,0,0.0,0.0,0.0,0.0,-0.01,-1,-1,-0.01,-1,-1,-0.01,-1,-1,-0.01,-1,-1,-0.01,-1,-1,-0.01,-1,-1,-0.01,-1,-1,-0.01,-1,-1,-0.01,-1,-1,-0.01,-1,-1
99926009,2026-05-18 11:34:37+05:30,53199.0,0,0.0,0,0.0,0.0,53282.15,53308.4,52783.45,53710.35,0,0.0,0.0,0.0,0.0,-0.01,-1,-1,-0.01,-1,-1,-0.01,-1,-1,-0.01,-1,-1,-0.01,-1,-1,-0.01,-1,-1,-0.01,-1,-1,-0.01,-1,-1,-0.01,-1,-1,-0.01,-1,-1
99926009,2026-05-18 11:34:38+05:30,53197.9,0,0.0,0,0.0,0.0,53282.15,53308.4,52783.45,53710.35,0,0.0,0.0,0.0,0.0,-0.01,-1,-1,-0.01,-1,-1,-0.01,-1,-1,-0.01,-1,-1,-0.01,-1,-1,-0.01,-1,-1,-0.01,-1,-1,-0.01,-1,-1,-0.01,-1,-1,-0.01,-1,-1
99926009,2026-05-18 11:34:38+05:30,53197.25,0,0.0,0,0.0,0.0,53282.15,53308.4,52783.45,53710.35,0,0.0,0.0,0.0,0.0,-0.01,-1,-1,-0.01,-1,-1,-0.01,-1,-1,-0.01,-1,-1,-0.01,-1,-1,-0.01,-1,-1,-0.01,-1,-1,-0.01,-1,-1,-0.01,-1,-1,-0.01,-1,-1
99926009,2026-05-18 11:34:39+05:30,53199.2,0,0.0,0,0.0,0.0,53282.15,53308.4,52783.45,53710.35,0,0.0,0.0,0.0,0.0,-0.01,-1,-1,-0.01,-1,-1,-0.01,-1,-1,-0.01,-1,-1,-0.01,-1,-1,-0.01,-1,-1,-0.01,-1,-1,-0.01,-1,-1,-0.01,-1,-1,-0.01,-1,-1
99926009,2026-05-18 11:34:39+05:30,53198.35,0,0.0,0,0.0,0.0,53282.15,53308.4,52783.45,53710.35,0,0.0,0.0,0.0,0.0,-0.01,-1,-1,-0.01,-1,-1,-0.01,-1,-1,-0.01,-1,-1,-0.01,-1,-1,-0.01,-1,-1,-0.01,-1,-1,-0.01,-1,-1,-0.01,-1,-1,-0.01,-1,-1
99926009,2026-05-18 11:34:40+05:30,53195.9,0,0.0,0,0.0,0.0,53282.15,53308.4,52783.45,53710.35,0,0.0,0.0,0.0,0.0,-0.01,-1,-1,-0.01,-1,-1,-0.01,-1,-1,-0.01,-1,-1,-0.01,-1,-1,-0.01,-1,-1,-0.01,-1,-1,-0.01,-1,-1,-0.01,-1,-1,-0.01,-1,-1
99926009,2026-05-18 11:34:40+05:30,53198.6,0,0.0,0,0.0,0.0,53282.15,53308.4,52783.45,53710.35,0,0.0,0.0,0.0,0.0,-0.01,-1,-1,-0.01,-1,-1,-0.01,-1,-1,-0.01,-1,-1,-0.01,-1,-1,-0.01,-1,-1,-0.01,-1,-1,-0.01,-1,-1,-0.01,-1,-1,-0.01,-1,-1
99926009,2026-05-18 11:34:41+05:30,53201.75,0,0.0,0,0.0,0.0,53282.15,53308.4,52783.45,53710.35,0,0.0,0.0,0.0,0.0,-0.01,-1,-1,-0.01,-1,-1,-0.01,-1,-1,-0.01,-1,-1,-0.01,-1,-1,-0.01,-1,-1,-0.01,-1,-1,-0.01,-1,-1,-0.01,-1,-1,-0.01,-1,-1
99926009,2026-05-18 11:34:41+05:30,53206.8,0,0.0,0,0.0,0.0,53282.15,53308.4,52783.45,53710.35,0,0.0,0.0,0.0,0.0,-0.01,-1,-1,-0.01,-1,-1,-0.01,-1,-1,-0.01,-1,-1,-0.01,-1,-1,-0.01,-1,-1,-0.01,-1,-1,-0.01,-1,-1,-0.01,-1,-1,-0.01,-1,-1
99926009,2026-05-18 11:34:42+05:30,53202.1,0,0.0,0,0.0,0.0,53282.15,53308.4,52783.45,53710.35,0,0.0,0.0,0.0,0.0,-0.01,-1,-1,-0.01,-1,-1,-0.01,-1,-1,-0.01,-1,-1,-0.01,-1,-1,-0.01,-1,-1,-0.01,-1,-1,-0.01,-1,-1,-0.01,-1,-1,-0.01,-1,-1
99926009,2026-05-18 11:34:42+05:30,53204.0,0,0.0,0,0.0,0.0,53282.15,53308.4,52783.45,53710.35,0,0.0,0.0,0.0,0.0,-0.01,-1,-1,-0.01,-1,-1,-0.01,-1,-1,-0.01,-1,-1,-0.01,-1,-1,-0.01,-1,-1,-0.01,-1,-1,-0.01,-1,-1,-0.01,-1,-1,-0.01,-1,-1
99926009,2026-05-18 11:34:43+05:30,53208.25,0,0.0,0,0.0,0.0,53282.15,53308.4,52783.45,53710.35,0,0.0,0.0,0.0,0.0,-0.01,-1,-1,-0.01,-1,-1,-0.01,-1,-1,-0.01,-1,-1,-0.01,-1,-1,-0.01,-1,-1,-0.01,-1,-1,-0.01,-1,-1,-0.01,-1,-1,-0.01,-1,-1
99926009,2026-05-18 11:34:43+05:30,53208.35,0,0.0,0,0.0,0.0,53282.15,53308.4,52783.45,53710.35,0,0.0,0.0,0.0,0.0,-0.01,-1,-1,-0.01,-1,-1,-0.01,-1,-1,-0.01,-1,-1,-0.01,-1,-1,-0.01,-1,-1,-0.01,-1,-1,-0.01,-1,-1,-0.01,-1,-1,-0.01,-1,-1
99926009,2026-05-18 11:34:44+05:30,53203.05,0,0.0,0,0.0,0.0,53282.15,53308.4,52783.45,53710.35,0,0.0,0.0,0.0,0.0,-0.01,-1,-1,-0.01,-1,-1,-0.01,-1,-1,-0.01,-1,-1,-0.01,-1,-1,-0.01,-1,-1,-0.01,-1,-1,-0.01,-1,-1,-0.01,-1,-1,-0.01,-1,-1
99926009,2026-05-18 11:34:44+05:30,53202.85,0,0.0,0,0.0,0.0,53282.15,53308.4,52783.45,53710.35,0,0.0,0.0,0.0,0.0,-0.01,-1,-1,-0.01,-1,-1,-0.01,-1,-1,-0.01,-1,-1,-0.01,-1,-1,-0.01,-1,-1,-0.01,-1,-1,-0.01,-1,-1,-0.01,-1,-1,-0.01,-1,-1
99926009,2026-05-18 11:34:45+05:30,53208.55,0,0.0,0,0.0,0.0,53282.15,53308.4,52783.45,53710.35,0,0.0,0.0,0.0,0.0,-0.01,-1,-1,-0.01,-1,-1,-0.01,-1,-1,-0.01,-1,-1,-0.01,-1,-1,-0.01,-1,-1,-0.01,-1,-1,-0.01,-1,-1,-0.01,-1,-1,-0.01,-1,-1
99926009,2026-05-18 11:34:45+05:30,53207.9,0,0.0,0,0.0,0.0,53282.15,53308.4,52783.45,53710.35,0,0.0,0.0,0.0,0.0,-0.01,-1,-1,-0.01,-1,-1,-0.01,-1,-1,-0.01,-1,-1,-0.01,-1,-1,-0.01,-1,-1,-0.01,-1,-1,-0.01,-1,-1,-0.01,-1,-1,-0.01,-1,-1
99926009,2026-05-18 11:34:46+05:30,53207.85,0,0.0,0,0.0,0.0,53282.15,53308.4,52783.45,53710.35,0,0.0,0.0,0.0,0.0,-0.01,-1,-1,-0.01,-1,-1,-0.01,-1,-1,-0.01,-1,-1,-0.01,-1,-1,-0.01,-1,-1,-0.01,-1,-1,-0.01,-1,-1,-0.01,-1,-1,-0.01,-1,-1
99926009,2026-05-18 11:34:46+05:30,53209.1,0,0.0,0,0.0,0.0,53282.15,53308.4,52783.45,53710.35,0,0.0,0.0,0.0,0.0,-0.01,-1,-1,-0.01,-1,-1,-0.01,-1,-1,-0.01,-1,-1,-0.01,-1,-1,-0.01,-1,-1,-0.01,-1,-1,-0.01,-1,-1,-0.01,-1,-1,-0.01,-1,-1
99926009,2026-05-18 11:34:47+05:30,53209.2,0,0.0,0,0.0,0.0,53282.15,53308.4,52783.45,53710.35,0,0.0,0.0,0.0,0.0,-0.01,-1,-1,-0.01,-1,-1,-0.01,-1,-1,-0.01,-1,-1,-0.01,-1,-1,-0.01,-1,-1,-0.01,-1,-1,-0.01,-1,-1,-0.01,-1,-1,-0.01,-1,-1
99926009,2026-05-18 11:34:47+05:30,53209.7,0,0.0,0,0.0,0.0,53282.15,53308.4,52783.45,53710.35,0,0.0,0.0,0.0,0.0,-0.01,-1,-1,-0.01,-1,-1,-0.01,-1,-1,-0.01,-1,-1,-0.01,-1,-1,-0.01,-1,-1,-0.01,-1,-1,-0.01,-1,-1,-0.01,-1,-1,-0.01,-1,-1
99926009,2026-05-18 11:34:48+05:30,53207.55,0,0.0,0,0.0,0.0,53282.15,53308.4,52783.45,53710.35,0,0.0,0.0,0.0,0.0,-0.01,-1,-1,-0.01,-1,-1,-0.01,-1,-1,-0.01,-1,-1,-0.01,-1,-1,-0.01,-1,-1,-0.01,-1,-1,-0.01,-1,-1,-0.01,-1,-1,-0.01,-1,-1
99926009,2026-05-18 11:34:48+05:30,53204.9,0,0.0,0,0.0,0.0,53282.15,53308.4,52783.45,53710.35,0,0.0,0.0,0.0,0.0,-0.01,-1,-1,-0.01,-1,-1,-0.01,-1,-1,-0.01,-1,-1,-0.01,-1,-1,-0.01,-1,-1,-0.01,-1,-1,-0.01,-1,-1,-0.01,-1,-1,-0.01,-1,-1
99926009,2026-05-18 11:34:49+05:30,53206.1,0,0.0,0,0.0,0.0,53282.15,53308.4,52783.45,53710.35,0,0.0,0.0,0.0,0.0,-0.01,-1,-1,-0.01,-1,-1,-0.01,-1,-1,-0.01,-1,-1,-0.01,-1,-1,-0.01,-1,-1,-0.01,-1,-1,-0.01,-1,-1,-0.01,-1,-1,-0.01,-1,-1
99926009,2026-05-18 11:34:49+05:30,53209.75,0,0.0,0,0.0,0.0,53282.15,53308.4,52783.45,53710.35,0,0.0,0.0,0.0,0.0,-0.01,-1,-1,-0.01,-1,-1,-0.01,-1,-1,-0.01,-1,-1,-0.01,-1,-1,-0.01,-1,-1,-0.01,-1,-1,-0.01,-1,-1,-0.01,-1,-1,-0.01,-1,-1
99926009,2026-05-18 11:34:50+05:30,53208.85,0,0.0,0,0.0,0.0,53282.15,53308.4,52783.45,53710.35,0,0.0,0.0,0.0,0.0,-0.01,-1,-1,-0.01,-1,-1,-0.01,-1,-1,-0.01,-1,-1,-0.01,-1,-1,-0.01,-1,-1,-0.01,-1,-1,-0.01,-1,-1,-0.01,-1,-1,-0.01,-1,-1
99926009,2026-05-18 11:34:50+05:30,53209.1,0,0.0,0,0.0,0.0,53282.15,53308.4,52783.45,53710.35,0,0.0,0.0,0.0,0.0,-0.01,-1,-1,-0.01,-1,-1,-0.01,-1,-1,-0.01,-1,-1,-0.01,-1,-1,-0.01,-1,-1,-0.01,-1,-1,-0.01,-1,-1,-0.01,-1,-1,-0.01,-1,-1
99926009,2026-05-18 11:34:51+05:30,53210.4,0,0.0,0,0.0,0.0,53282.15,53308.4,52783.45,53710.35,0,0.0,0.0,0.0,0.0,-0.01,-1,-1,-0.01,-1,-1,-0.01,-1,-1,-0.01,-1,-1,-0.01,-1,-1,-0.01,-1,-1,-0.01,-1,-1,-0.01,-1,-1,-0.01,-1,-1,-0.01,-1,-1
99926009,2026-05-18 11:34:51+05:30,53210.2,0,0.0,0,0.0,0.0,53282.15,53308.4,52783.45,53710.35,0,0.0,0.0,0.0,0.0,-0.01,-1,-1,-0.01,-1,-1,-0.01,-1,-1,-0.01,-1,-1,-0.01,-1,-1,-0.01,-1,-1,-0.01,-1,-1,-0.01,-1,-1,-0.01,-1,-1,-0.01,-1,-1
99926009,2026-05-18 11:34:52+05:30,53207.0,0,0.0,0,0.0,0.0,53282.15,53308.4,52783.45,53710.35,0,0.0,0.0,0.0,0.0,-0.01,-1,-1,-0.01,-1,-1,-0.01,-1,-1,-0.01,-1,-1,-0.01,-1,-1,-0.01,-1,-1,-0.01,-1,-1,-0.01,-1,-1,-0.01,-1,-1,-0.01,-1,-1
99926009,2026-05-18 11:34:52+05:30,53207.4,0,0.0,0,0.0,0.0,53282.15,53308.4,52783.45,53710.35,0,0.0,0.0,0.0,0.0,-0.01,-1,-1,-0.01,-1,-1,-0.01,-1,-1,-0.01,-1,-1,-0.01,-1,-1,-0.01,-1,-1,-0.01,-1,-1,-0.01,-1,-1,-0.01,-1,-1,-0.01,-1,-1
99926009,2026-05-18 11:34:53+05:30,53205.35,0,0.0,0,0.0,0.0,53282.15,53308.4,52783.45,53710.35,0,0.0,0.0,0.0,0.0,-0.01,-1,-1,-0.01,-1,-1,-0.01,-1,-1,-0.01,-1,-1,-0.01,-1,-1,-0.01,-1,-1,-0.01,-1,-1,-0.01,-1,-1,-0.01,-1,-1,-0.01,-1,-1
99926009,2026-05-18 11:34:53+05:30,53205.45,0,0.0,0,0.0,0.0,53282.15,53308.4,52783.45,53710.35,0,0.0,0.0,0.0,0.0,-0.01,-1,-1,-0.01,-1,-1,-0.01,-1,-1,-0.01,-1,-1,-0.01,-1,-1,-0.01,-1,-1,-0.01,-1,-1,-0.01,-1,-1,-0.01,-1,-1,-0.01,-1,-1
99926009,2026-05-18 11:34:54+05:30,53207.35,0,0.0,0,0.0,0.0,53282.15,53308.4,52783.45,53710.35,0,0.0,0.0,0.0,0.0,-0.01,-1,-1,-0.01,-1,-1,-0.01,-1,-1,-0.01,-1,-1,-0.01,-1,-1,-0.01,-1,-1,-0.01,-1,-1,-0.01,-1,-1,-0.01,-1,-1,-0.01,-1,-1
99926009,2026-05-18 11:34:54+05:30,53207.45,0,0.0,0,0.0,0.0,53282.15,53308.4,52783.45,53710.35,0,0.0,0.0,0.0,0.0,-0.01,-1,-1,-0.01,-1,-1,-0.01,-1,-1,-0.01,-1,-1,-0.01,-1,-1,-0.01,-1,-1,-0.01,-1,-1,-0.01,-1,-1,-0.01,-1,-1,-0.01,-1,-1
99926009,2026-05-18 11:34:55+05:30,53206.7,0,0.0,0,0.0,0.0,53282.15,53308.4,52783.45,53710.35,0,0.0,0.0,0.0,0.0,-0.01,-1,-1,-0.01,-1,-1,-0.01,-1,-1,-0.01,-1,-1,-0.01,-1,-1,-0.01,-1,-1,-0.01,-1,-1,-0.01,-1,-1,-0.01,-1,-1,-0.01,-1,-1
99926009,2026-05-18 11:34:55+05:30,53203.8,0,0.0,0,0.0,0.0,53282.15,53308.4,52783.45,53710.35,0,0.0,0.0,0.0,0.0,-0.01,-1,-1,-0.01,-1,-1,-0.01,-1,-1,-0.01,-1,-1,-0.01,-1,-1,-0.01,-1,-1,-0.01,-1,-1,-0.01,-1,-1,-0.01,-1,-1,-0.01,-1,-1
99926009,2026-05-18 11:34:56+05:30,53202.85,0,0.0,0,0.0,0.0,53282.15,53308.4,52783.45,53710.35,0,0.0,0.0,0.0,0.0,-0.01,-1,-1,-0.01,-1,-1,-0.01,-1,-1,-0.01,-1,-1,-0.01,-1,-1,-0.01,-1,-1,-0.01,-1,-1,-0.01,-1,-1,-0.01,-1,-1,-0.01,-1,-1
99926009,2026-05-18 11:34:56+05:30,53206.6,0,0.0,0,0.0,0.0,53282.15,53308.4,52783.45,53710.35,0,0.0,0.0,0.0,0.0,-0.01,-1,-1,-0.01,-1,-1,-0.01,-1,-1,-0.01,-1,-1,-0.01,-1,-1,-0.01,-1,-1,-0.01,-1,-1,-0.01,-1,-1,-0.01,-1,-1,-0.01,-1,-1
99926009,2026-05-18 11:34:57+05:30,53206.7,0,0.0,0,0.0,0.0,53282.15,53308.4,52783.45,53710.35,0,0.0,0.0,0.0,0.0,-0.01,-1,-1,-0.01,-1,-1,-0.01,-1,-1,-0.01,-1,-1,-0.01,-1,-1,-0.01,-1,-1,-0.01,-1,-1,-0.01,-1,-1,-0.01,-1,-1,-0.01,-1,-1
99926009,2026-05-18 11:34:57+05:30,53203.8,0,0.0,0,0.0,0.0,53282.15,53308.4,52783.45,53710.35,0,0.0,0.0,0.0,0.0,-0.01,-1,-1,-0.01,-1,-1,-0.01,-1,-1,-0.01,-1,-1,-0.01,-1,-1,-0.01,-1,-1,-0.01,-1,-1,-0.01,-1,-1,-0.01,-1,-1,-0.01,-1,-1
99926009,2026-05-18 11:34:58+05:30,53206.65,0,0.0,0,0.0,0.0,53282.15,53308.4,52783.45,53710.35,0,0.0,0.0,0.0,0.0,-0.01,-1,-1,-0.01,-1,-1,-0.01,-1,-1,-0.01,-1,-1,-0.01,-1,-1,-0.01,-1,-1,-0.01,-1,-1,-0.01,-1,-1,-0.01,-1,-1,-0.01,-1,-1
99926009,2026-05-18 11:34:58+05:30,53207.05,0,0.0,0,0.0,0.0,53282.15,53308.4,52783.45,53710.35,0,0.0,0.0,0.0,0.0,-0.01,-1,-1,-0.01,-1,-1,-0.01,-1,-1,-0.01,-1,-1,-0.01,-1,-1,-0.01,-1,-1,-0.01,-1,-1,-0.01,-1,-1,-0.01,-1,-1,-0.01,-1,-1
99926009,2026-05-18 11:34:59+05:30,53206.65,0,0.0,0,0.0,0.0,53282.15,53308.4,52783.45,53710.35,0,0.0,0.0,0.0,0.0,-0.01,-1,-1,-0.01,-1,-1,-0.01,-1,-1,-0.01,-1,-1,-0.01,-1,-1,-0.01,-1,-1,-0.01,-1,-1,-0.01,-1,-1,-0.01,-1,-1,-0.01,-1,-1
99926009,2026-05-18 11:34:59+05:30,53203.9,0,0.0,0,0.0,0.0,53282.15,53308.4,52783.45,53710.35,0,0.0,0.0,0.0,0.0,-0.01,-1,-1,-0.01,-1,-1,-0.01,-1,-1,-0.01,-1,-1,-0.01,-1,-1,-0.01,-1,-1,-0.01,-1,-1,-0.01,-1,-1,-0.01,-1,-1,-0.01,-1,-1
99926009,2026-05-18 11:35:00+05:30,53206.05,0,0.0,0,0.0,0.0,53282.15,53308.4,52783.45,53710.35,0,0.0,0.0,0.0,0.0,-0.01,-1,-1,-0.01,-1,-1,-0.01,-1,-1,-0.01,-1,-1,-0.01,-1,-1,-0.01,-1,-1,-0.01,-1,-1,-0.01,-1,-1,-0.01,-1,-1,-0.01,-1,-1
99926009,2026-05-18 11:35:00+05:30,53203.5,0,0.0,0,0.0,0.0,53282.15,53308.4,52783.45,53710.35,0,0.0,0.0,0.0,0.0,-0.01,-1,-1,-0.01,-1,-1,-0.01,-1,-1,-0.01,-1,-1,-0.01,-1,-1,-0.01,-1,-1,-0.01,-1,-1,-0.01,-1,-1,-0.01,-1,-1,-0.01,-1,-1
99926009,2026-05-18 11:35:01+05:30,53202.3,0,0.0,0,0.0,0.0,53282.15,53308.4,52783.45,53710.35,0,0.0,0.0,0.0,0.0,-0.01,-1,-1,-0.01,-1,-1,-0.01,-1,-1,-0.01,-1,-1,-0.01,-1,-1,-0.01,-1,-1,-0.01,-1,-1,-0.01,-1,-1,-0.01,-1,-1,-0.01,-1,-1
99926009,2026-05-18 11:35:01+05:30,53203.45,0,0.0,0,0.0,0.0,53282.15,53308.4,52783.45,53710.35,0,0.0,0.0,0.0,0.0,-0.01,-1,-1,-0.01,-1,-1,-0.01,-1,-1,-0.01,-1,-1,-0.01,-1,-1,-0.01,-1,-1,-0.01,-1,-1,-0.01,-1,-1,-0.01,-1,-1,-0.01,-1,-1
99926009,2026-05-18 11:35:02+05:30,53202.2,0,0.0,0,0.0,0.0,53282.15,53308.4,52783.45,53710.35,0,0.0,0.0,0.0,0.0,-0.01,-1,-1,-0.01,-1,-1,-0.01,-1,-1,-0.01,-1,-1,-0.01,-1,-1,-0.01,-1,-1,-0.01,-1,-1,-0.01,-1,-1,-0.01,-1,-1,-0.01,-1,-1
99926009,2026-05-18 11:35:02+05:30,53206.5,0,0.0,0,0.0,0.0,53282.15,53308.4,52783.45,53710.35,0,0.0,0.0,0.0,0.0,-0.01,-1,-1,-0.01,-1,-1,-0.01,-1,-1,-0.01,-1,-1,-0.01,-1,-1,-0.01,-1,-1,-0.01,-1,-1,-0.01,-1,-1,-0.01,-1,-1,-0.01,-1,-1
99926009,2026-05-18 11:35:03+05:30,53208.7,0,0.0,0,0.0,0.0,53282.15,53308.4,52783.45,53710.35,0,0.0,0.0,0.0,0.0,-0.01,-1,-1,-0.01,-1,-1,-0.01,-1,-1,-0.01,-1,-1,-0.01,-1,-1,-0.01,-1,-1,-0.01,-1,-1,-0.01,-1,-1,-0.01,-1,-1,-0.01,-1,-1
99926009,2026-05-18 11:35:03+05:30,53209.15,0,0.0,0,0.0,0.0,53282.15,53308.4,52783.45,53710.35,0,0.0,0.0,0.0,0.0,-0.01,-1,-1,-0.01,-1,-1,-0.01,-1,-1,-0.01,-1,-1,-0.01,-1,-1,-0.01,-1,-1,-0.01,-1,-1,-0.01,-1,-1,-0.01,-1,-1,-0.01,-1,-1
99926009,2026-05-18 11:35:04+05:30,53210.15,0,0.0,0,0.0,0.0,53282.15,53308.4,52783.45,53710.35,0,0.0,0.0,0.0,0.0,-0.01,-1,-1,-0.01,-1,-1,-0.01,-1,-1,-0.01,-1,-1,-0.01,-1,-1,-0.01,-1,-1,-0.01,-1,-1,-0.01,-1,-1,-0.01,-1,-1,-0.01,-1,-1
99926009,2026-05-18 11:35:04+05:30,53205.7,0,0.0,0,0.0,0.0,53282.15,53308.4,52783.45,53710.35,0,0.0,0.0,0.0,0.0,-0.01,-1,-1,-0.01,-1,-1,-0.01,-1,-1,-0.01,-1,-1,-0.01,-1,-1,-0.01,-1,-1,-0.01,-1,-1,-0.01,-1,-1,-0.01,-1,-1,-0.01,-1,-1
99926009,2026-05-18 11:35:05+05:30,53208.8,0,0.0,0,0.0,0.0,53282.15,53308.4,52783.45,53710.35,0,0.0,0.0,0.0,0.0,-0.01,-1,-1,-0.01,-1,-1,-0.01,-1,-1,-0.01,-1,-1,-0.01,-1,-1,-0.01,-1,-1,-0.01,-1,-1,-0.01,-1,-1,-0.01,-1,-1,-0.01,-1,-1
99926009,2026-05-18 11:35:05+05:30,53209.9,0,0.0,0,0.0,0.0,53282.15,53308.4,52783.45,53710.35,0,0.0,0.0,0.0,0.0,-0.01,-1,-1,-0.01,-1,-1,-0.01,-1,-1,-0.01,-1,-1,-0.01,-1,-1,-0.01,-1,-1,-0.01,-1,-1,-0.01,-1,-1,-0.01,-1,-1,-0.01,-1,-1
99926009,2026-05-18 11:35:06+05:30,53209.7,0,0.0,0,0.0,0.0,53282.15,53308.4,52783.45,53710.35,0,0.0,0.0,0.0,0.0,-0.01,-1,-1,-0.01,-1,-1,-0.01,-1,-1,-0.01,-1,-1,-0.01,-1,-1,-0.01,-1,-1,-0.01,-1,-1,-0.01,-1,-1,-0.01,-1,-1,-0.01,-1,-1
99926009,2026-05-18 11:35:06+05:30,53215.05,0,0.0,0,0.0,0.0,53282.15,53308.4,52783.45,53710.35,0,0.0,0.0,0.0,0.0,-0.01,-1,-1,-0.01,-1,-1,-0.01,-1,-1,-0.01,-1,-1,-0.01,-1,-1,-0.01,-1,-1,-0.01,-1,-1,-0.01,-1,-1,-0.01,-1,-1,-0.01,-1,-1
99926009,2026-05-18 11:35:07+05:30,53211.0,0,0.0,0,0.0,0.0,53282.15,53308.4,52783.45,53710.35,0,0.0,0.0,0.0,0.0,-0.01,-1,-1,-0.01,-1,-1,-0.01,-1,-1,-0.01,-1,-1,-0.01,-1,-1,-0.01,-1,-1,-0.01,-1,-1,-0.01,-1,-1,-0.01,-1,-1,-0.01,-1,-1
99926009,2026-05-18 11:35:07+05:30,53210.0,0,0.0,0,0.0,0.0,53282.15,53308.4,52783.45,53710.35,0,0.0,0.0,0.0,0.0,-0.01,-1,-1,-0.01,-1,-1,-0.01,-1,-1,-0.01,-1,-1,-0.01,-1,-1,-0.01,-1,-1,-0.01,-1,-1,-0.01,-1,-1,-0.01,-1,-1,-0.01,-1,-1
99926009,2026-05-18 11:35:08+05:30,53208.8,0,0.0,0,0.0,0.0,53282.15,53308.4,52783.45,53710.35,0,0.0,0.0,0.0,0.0,-0.01,-1,-1,-0.01,-1,-1,-0.01,-1,-1,-0.01,-1,-1,-0.01,-1,-1,-0.01,-1,-1,-0.01,-1,-1,-0.01,-1,-1,-0.01,-1,-1,-0.01,-1,-1
99926009,2026-05-18 11:35:08+05:30,53209.8,0,0.0,0,0.0,0.0,53282.15,53308.4,52783.45,53710.35,0,0.0,0.0,0.0,0.0,-0.01,-1,-1,-0.01,-1,-1,-0.01,-1,-1,-0.01,-1,-1,-0.01,-1,-1,-0.01,-1,-1,-0.01,-1,-1,-0.01,-1,-1,-0.01,-1,-1,-0.01,-1,-1
99926009,2026-05-18 11:35:09+05:30,53209.65,0,0.0,0,0.0,0.0,53282.15,53308.4,52783.45,53710.35,0,0.0,0.0,0.0,0.0,-0.01,-1,-1,-0.01,-1,-1,-0.01,-1,-1,-0.01,-1,-1,-0.01,-1,-1,-0.01,-1,-1,-0.01,-1,-1,-0.01,-1,-1,-0.01,-1,-1,-0.01,-1,-1
99926009,2026-05-18 11:35:09+05:30,53210.9,0,0.0,0,0.0,0.0,53282.15,53308.4,52783.45,53710.35,0,0.0,0.0,0.0,0.0,-0.01,-1,-1,-0.01,-1,-1,-0.01,-1,-1,-0.01,-1,-1,-0.01,-1,-1,-0.01,-1,-1,-0.01,-1,-1,-0.01,-1,-1,-0.01,-1,-1,-0.01,-1,-1
99926009,2026-05-18 11:35:10+05:30,53208.45,0,0.0,0,0.0,0.0,53282.15,53308.4,52783.45,53710.35,0,0.0,0.0,0.0,0.0,-0.01,-1,-1,-0.01,-1,-1,-0.01,-1,-1,-0.01,-1,-1,-0.01,-1,-1,-0.01,-1,-1,-0.01,-1,-1,-0.01,-1,-1,-0.01,-1,-1,-0.01,-1,-1
99926009,2026-05-18 11:35:10+05:30,53214.35,0,0.0,0,0.0,0.0,53282.15,53308.4,52783.45,53710.35,0,0.0,0.0,0.0,0.0,-0.01,-1,-1,-0.01,-1,-1,-0.01,-1,-1,-0.01,-1,-1,-0.01,-1,-1,-0.01,-1,-1,-0.01,-1,-1,-0.01,-1,-1,-0.01,-1,-1,-0.01,-1,-1
99926009,2026-05-18 11:35:11+05:30,53214.2,0,0.0,0,0.0,0.0,53282.15,53308.4,52783.45,53710.35,0,0.0,0.0,0.0,0.0,-0.01,-1,-1,-0.01,-1,-1,-0.01,-1,-1,-0.01,-1,-1,-0.01,-1,-1,-0.01,-1,-1,-0.01,-1,-1,-0.01,-1,-1,-0.01,-1,-1,-0.01,-1,-1
99926009,2026-05-18 11:35:11+05:30,53208.75,0,0.0,0,0.0,0.0,53282.15,53308.4,52783.45,53710.35,0,0.0,0.0,0.0,0.0,-0.01,-1,-1,-0.01,-1,-1,-0.01,-1,-1,-0.01,-1,-1,-0.01,-1,-1,-0.01,-1,-1,-0.01,-1,-1,-0.01,-1,-1,-0.01,-1,-1,-0.01,-1,-1
99926009,2026-05-18 11:35:12+05:30,53208.55,0,0.0,0,0.0,0.0,53282.15,53308.4,52783.45,53710.35,0,0.0,0.0,0.0,0.0,-0.01,-1,-1,-0.01,-1,-1,-0.01,-1,-1,-0.01,-1,-1,-0.01,-1,-1,-0.01,-1,-1,-0.01,-1,-1,-0.01,-1,-1,-0.01,-1,-1,-0.01,-1,-1
99926009,2026-05-18 11:35:12+05:30,53209.8,0,0.0,0,0.0,0.0,53282.15,53308.4,52783.45,53710.35,0,0.0,0.0,0.0,0.0,-0.01,-1,-1,-0.01,-1,-1,-0.01,-1,-1,-0.01,-1,-1,-0.01,-1,-1,-0.01,-1,-1,-0.01,-1,-1,-0.01,-1,-1,-0.01,-1,-1,-0.01,-1,-1
99926009,2026-05-18 11:35:13+05:30,53210.65,0,0.0,0,0.0,0.0,53282.15,53308.4,52783.45,53710.35,0,0.0,0.0,0.0,0.0,-0.01,-1,-1,-0.01,-1,-1,-0.01,-1,-1,-0.01,-1,-1,-0.01,-1,-1,-0.01,-1,-1,-0.01,-1,-1,-0.01,-1,-1,-0.01,-1,-1,-0.01,-1,-1
99926009,2026-05-18 11:35:13+05:30,53209.7,0,0.0,0,0.0,0.0,53282.15,53308.4,52783.45,53710.35,0,0.0,0.0,0.0,0.0,-0.01,-1,-1,-0.01,-1,-1,-0.01,-1,-1,-0.01,-1,-1,-0.01,-1,-1,-0.01,-1,-1,-0.01,-1,-1,-0.01,-1,-1,-0.01,-1,-1,-0.01,-1,-1
99926009,2026-05-18 11:35:14+05:30,53209.75,0,0.0,0,0.0,0.0,53282.15,53308.4,52783.45,53710.35,0,0.0,0.0,0.0,0.0,-0.01,-1,-1,-0.01,-1,-1,-0.01,-1,-1,-0.01,-1,-1,-0.01,-1,-1,-0.01,-1,-1,-0.01,-1,-1,-0.01,-1,-1,-0.01,-1,-1,-0.01,-1,-1
99926009,2026-05-18 11:35:14+05:30,53212.0,0,0.0,0,0.0,0.0,53282.15,53308.4,52783.45,53710.35,0,0.0,0.0,0.0,0.0,-0.01,-1,-1,-0.01,-1,-1,-0.01,-1,-1,-0.01,-1,-1,-0.01,-1,-1,-0.01,-1,-1,-0.01,-1,-1,-0.01,-1,-1,-0.01,-1,-1,-0.01,-1,-1
99926009,2026-05-18 11:35:15+05:30,53211.3,0,0.0,0,0.0,0.0,53282.15,53308.4,52783.45,53710.35,0,0.0,0.0,0.0,0.0,-0.01,-1,-1,-0.01,-1,-1,-0.01,-1,-1,-0.01,-1,-1,-0.01,-1,-1,-0.01,-1,-1,-0.01,-1,-1,-0.01,-1,-1,-0.01,-1,-1,-0.01,-1,-1
99926009,2026-05-18 11:35:15+05:30,53212.3,0,0.0,0,0.0,0.0,53282.15,53308.4,52783.45,53710.35,0,0.0,0.0,0.0,0.0,-0.01,-1,-1,-0.01,-1,-1,-0.01,-1,-1,-0.01,-1,-1,-0.01,-1,-1,-0.01,-1,-1,-0.01,-1,-1,-0.01,-1,-1,-0.01,-1,-1,-0.01,-1,-1
99926009,2026-05-18 11:35:16+05:30,53213.9,0,0.0,0,0.0,0.0,53282.15,53308.4,52783.45,53710.35,0,0.0,0.0,0.0,0.0,-0.01,-1,-1,-0.01,-1,-1,-0.01,-1,-1,-0.01,-1,-1,-0.01,-1,-1,-0.01,-1,-1,-0.01,-1,-1,-0.01,-1,-1,-0.01,-1,-1,-0.01,-1,-1
99926009,2026-05-18 11:35:16+05:30,53214.35,0,0.0,0,0.0,0.0,53282.15,53308.4,52783.45,53710.35,0,0.0,0.0,0.0,0.0,-0.01,-1,-1,-0.01,-1,-1,-0.01,-1,-1,-0.01,-1,-1,-0.01,-1,-1,-0.01,-1,-1,-0.01,-1,-1,-0.01,-1,-1,-0.01,-1,-1,-0.01,-1,-1
99926009,2026-05-18 11:35:17+05:30,53216.1,0,0.0,0,0.0,0.0,53282.15,53308.4,52783.45,53710.35,0,0.0,0.0,0.0,0.0,-0.01,-1,-1,-0.01,-1,-1,-0.01,-1,-1,-0.01,-1,-1,-0.01,-1,-1,-0.01,-1,-1,-0.01,-1,-1,-0.01,-1,-1,-0.01,-1,-1,-0.01,-1,-1
99926009,2026-05-18 11:35:17+05:30,53213.1,0,0.0,0,0.0,0.0,53282.15,53308.4,52783.45,53710.35,0,0.0,0.0,0.0,0.0,-0.01,-1,-1,-0.01,-1,-1,-0.01,-1,-1,-0.01,-1,-1,-0.01,-1,-1,-0.01,-1,-1,-0.01,-1,-1,-0.01,-1,-1,-0.01,-1,-1,-0.01,-1,-1
99926009,2026-05-18 11:35:18+05:30,53214.9,0,0.0,0,0.0,0.0,53282.15,53308.4,52783.45,53710.35,0,0.0,0.0,0.0,0.0,-0.01,-1,-1,-0.01,-1,-1,-0.01,-1,-1,-0.01,-1,-1,-0.01,-1,-1,-0.01,-1,-1,-0.01,-1,-1,-0.01,-1,-1,-0.01,-1,-1,-0.01,-1,-1
99926009,2026-05-18 11:35:18+05:30,53212.8,0,0.0,0,0.0,0.0,53282.15,53308.4,52783.45,53710.35,0,0.0,0.0,0.0,0.0,-0.01,-1,-1,-0.01,-1,-1,-0.01,-1,-1,-0.01,-1,-1,-0.01,-1,-1,-0.01,-1,-1,-0.01,-1,-1,-0.01,-1,-1,-0.01,-1,-1,-0.01,-1,-1
99926009,2026-05-18 11:35:19+05:30,53215.05,0,0.0,0,0.0,0.0,53282.15,53308.4,52783.45,53710.35,0,0.0,0.0,0.0,0.0,-0.01,-1,-1,-0.01,-1,-1,-0.01,-1,-1,-0.01,-1,-1,-0.01,-1,-1,-0.01,-1,-1,-0.01,-1,-1,-0.01,-1,-1,-0.01,-1,-1,-0.01,-1,-1
99926009,2026-05-18 11:35:19+05:30,53208.3,0,0.0,0,0.0,0.0,53282.15,53308.4,52783.45,53710.35,0,0.0,0.0,0.0,0.0,-0.01,-1,-1,-0.01,-1,-1,-0.01,-1,-1,-0.01,-1,-1,-0.01,-1,-1,-0.01,-1,-1,-0.01,-1,-1,-0.01,-1,-1,-0.01,-1,-1,-0.01,-1,-1
99926009,2026-05-18 11:35:20+05:30,53208.4,0,0.0,0,0.0,0.0,53282.15,53308.4,52783.45,53710.35,0,0.0,0.0,0.0,0.0,-0.01,-1,-1,-0.01,-1,-1,-0.01,-1,-1,-0.01,-1,-1,-0.01,-1,-1,-0.01,-1,-1,-0.01,-1,-1,-0.01,-1,-1,-0.01,-1,-1,-0.01,-1,-1
99926009,2026-05-18 11:35:20+05:30,53207.3,0,0.0,0,0.0,0.0,53282.15,53308.4,52783.45,53710.35,0,0.0,0.0,0.0,0.0,-0.01,-1,-1,-0.01,-1,-1,-0.01,-1,-1,-0.01,-1,-1,-0.01,-1,-1,-0.01,-1,-1,-0.01,-1,-1,-0.01,-1,-1,-0.01,-1,-1,-0.01,-1,-1
99926009,2026-05-18 11:35:21+05:30,53210.05,0,0.0,0,0.0,0.0,53282.15,53308.4,52783.45,53710.35,0,0.0,0.0,0.0,0.0,-0.01,-1,-1,-0.01,-1,-1,-0.01,-1,-1,-0.01,-1,-1,-0.01,-1,-1,-0.01,-1,-1,-0.01,-1,-1,-0.01,-1,-1,-0.01,-1,-1,-0.01,-1,-1
99926009,2026-05-18 11:35:21+05:30,53214.2,0,0.0,0,0.0,0.0,53282.15,53308.4,52783.45,53710.35,0,0.0,0.0,0.0,0.0,-0.01,-1,-1,-0.01,-1,-1,-0.01,-1,-1,-0.01,-1,-1,-0.01,-1,-1,-0.01,-1,-1,-0.01,-1,-1,-0.01,-1,-1,-0.01,-1,-1,-0.01,-1,-1
99926009,2026-05-18 11:35:22+05:30,53213.15,0,0.0,0,0.0,0.0,53282.15,53308.4,52783.45,53710.35,0,0.0,0.0,0.0,0.0,-0.01,-1,-1,-0.01,-1,-1,-0.01,-1,-1,-0.01,-1,-1,-0.01,-1,-1,-0.01,-1,-1,-0.01,-1,-1,-0.01,-1,-1,-0.01,-1,-1,-0.01,-1,-1
99926009,2026-05-18 11:35:22+05:30,53211.55,0,0.0,0,0.0,0.0,53282.15,53308.4,52783.45,53710.35,0,0.0,0.0,0.0,0.0,-0.01,-1,-1,-0.01,-1,-1,-0.01,-1,-1,-0.01,-1,-1,-0.01,-1,-1,-0.01,-1,-1,-0.01,-1,-1,-0.01,-1,-1,-0.01,-1,-1,-0.01,-1,-1
99926009,2026-05-18 11:35:23+05:30,53211.55,0,0.0,0,0.0,0.0,53282.15,53308.4,52783.45,53710.35,0,0.0,0.0,0.0,0.0,-0.01,-1,-1,-0.01,-1,-1,-0.01,-1,-1,-0.01,-1,-1,-0.01,-1,-1,-0.01,-1,-1,-0.01,-1,-1,-0.01,-1,-1,-0.01,-1,-1,-0.01,-1,-1
99926009,2026-05-18 11:35:23+05:30,53212.9,0,0.0,0,0.0,0.0,53282.15,53308.4,52783.45,53710.35,0,0.0,0.0,0.0,0.0,-0.01,-1,-1,-0.01,-1,-1,-0.01,-1,-1,-0.01,-1,-1,-0.01,-1,-1,-0.01,-1,-1,-0.01,-1,-1,-0.01,-1,-1,-0.01,-1,-1,-0.01,-1,-1
99926009,2026-05-18 11:35:24+05:30,53214.15,0,0.0,0,0.0,0.0,53282.15,53308.4,52783.45,53710.35,0,0.0,0.0,0.0,0.0,-0.01,-1,-1,-0.01,-1,-1,-0.01,-1,-1,-0.01,-1,-1,-0.01,-1,-1,-0.01,-1,-1,-0.01,-1,-1,-0.01,-1,-1,-0.01,-1,-1,-0.01,-1,-1
99926009,2026-05-18 11:35:24+05:30,53212.45,0,0.0,0,0.0,0.0,53282.15,53308.4,52783.45,53710.35,0,0.0,0.0,0.0,0.0,-0.01,-1,-1,-0.01,-1,-1,-0.01,-1,-1,-0.01,-1,-1,-0.01,-1,-1,-0.01,-1,-1,-0.01,-1,-1,-0.01,-1,-1,-0.01,-1,-1,-0.01,-1,-1
99926009,2026-05-18 11:35:25+05:30,53212.2,0,0.0,0,0.0,0.0,53282.15,53308.4,52783.45,53710.35,0,0.0,0.0,0.0,0.0,-0.01,-1,-1,-0.01,-1,-1,-0.01,-1,-1,-0.01,-1,-1,-0.01,-1,-1,-0.01,-1,-1,-0.01,-1,-1,-0.01,-1,-1,-0.01,-1,-1,-0.01,-1,-1
99926009,2026-05-18 11:35:25+05:30,53212.9,0,0.0,0,0.0,0.0,53282.15,53308.4,52783.45,53710.35,0,0.0,0.0,0.0,0.0,-0.01,-1,-1,-0.01,-1,-1,-0.01,-1,-1,-0.01,-1,-1,-0.01,-1,-1,-0.01,-1,-1,-0.01,-1,-1,-0.01,-1,-1,-0.01,-1,-1,-0.01,-1,-1
99926009,2026-05-18 11:35:26+05:30,53212.45,0,0.0,0,0.0,0.0,53282.15,53308.4,52783.45,53710.35,0,0.0,0.0,0.0,0.0,-0.01,-1,-1,-0.01,-1,-1,-0.01,-1,-1,-0.01,-1,-1,-0.01,-1,-1,-0.01,-1,-1,-0.01,-1,-1,-0.01,-1,-1,-0.01,-1,-1,-0.01,-1,-1
99926009,2026-05-18 11:35:26+05:30,53213.05,0,0.0,0,0.0,0.0,53282.15,53308.4,52783.45,53710.35,0,0.0,0.0,0.0,0.0,-0.01,-1,-1,-0.01,-1,-1,-0.01,-1,-1,-0.01,-1,-1,-0.01,-1,-1,-0.01,-1,-1,-0.01,-1,-1,-0.01,-1,-1,-0.01,-1,-1,-0.01,-1,-1
99926009,2026-05-18 11:35:27+05:30,53214.0,0,0.0,0,0.0,0.0,53282.15,53308.4,52783.45,53710.35,0,0.0,0.0,0.0,0.0,-0.01,-1,-1,-0.01,-1,-1,-0.01,-1,-1,-0.01,-1,-1,-0.01,-1,-1,-0.01,-1,-1,-0.01,-1,-1,-0.01,-1,-1,-0.01,-1,-1,-0.01,-1,-1
99926009,2026-05-18 11:35:27+05:30,53216.0,0,0.0,0,0.0,0.0,53282.15,53308.4,52783.45,53710.35,0,0.0,0.0,0.0,0.0,-0.01,-1,-1,-0.01,-1,-1,-0.01,-1,-1,-0.01,-1,-1,-0.01,-1,-1,-0.01,-1,-1,-0.01,-1,-1,-0.01,-1,-1,-0.01,-1,-1,-0.01,-1,-1
99926009,2026-05-18 11:35:28+05:30,53213.75,0,0.0,0,0.0,0.0,53282.15,53308.4,52783.45,53710.35,0,0.0,0.0,0.0,0.0,-0.01,-1,-1,-0.01,-1,-1,-0.01,-1,-1,-0.01,-1,-1,-0.01,-1,-1,-0.01,-1,-1,-0.01,-1,-1,-0.01,-1,-1,-0.01,-1,-1,-0.01,-1,-1
99926009,2026-05-18 11:35:28+05:30,53213.4,0,0.0,0,0.0,0.0,53282.15,53308.4,52783.45,53710.35,0,0.0,0.0,0.0,0.0,-0.01,-1,-1,-0.01,-1,-1,-0.01,-1,-1,-0.01,-1,-1,-0.01,-1,-1,-0.01,-1,-1,-0.01,-1,-1,-0.01,-1,-1,-0.01,-1,-1,-0.01,-1,-1
99926009,2026-05-18 11:35:29+05:30,53212.05,0,0.0,0,0.0,0.0,53282.15,53308.4,52783.45,53710.35,0,0.0,0.0,0.0,0.0,-0.01,-1,-1,-0.01,-1,-1,-0.01,-1,-1,-0.01,-1,-1,-0.01,-1,-1,-0.01,-1,-1,-0.01,-1,-1,-0.01,-1,-1,-0.01,-1,-1,-0.01,-1,-1
99926009,2026-05-18 11:35:29+05:30,53210.65,0,0.0,0,0.0,0.0,53282.15,53308.4,52783.45,53710.35,0,0.0,0.0,0.0,0.0,-0.01,-1,-1,-0.01,-1,-1,-0.01,-1,-1,-0.01,-1,-1,-0.01,-1,-1,-0.01,-1,-1,-0.01,-1,-1,-0.01,-1,-1,-0.01,-1,-1,-0.01,-1,-1
99926009,2026-05-18 11:35:30+05:30,53209.8,0,0.0,0,0.0,0.0,53282.15,53308.4,52783.45,53710.35,0,0.0,0.0,0.0,0.0,-0.01,-1,-1,-0.01,-1,-1,-0.01,-1,-1,-0.01,-1,-1,-0.01,-1,-1,-0.01,-1,-1,-0.01,-1,-1,-0.01,-1,-1,-0.01,-1,-1,-0.01,-1,-1
99926009,2026-05-18 11:35:30+05:30,53211.05,0,0.0,0,0.0,0.0,53282.15,53308.4,52783.45,53710.35,0,0.0,0.0,0.0,0.0,-0.01,-1,-1,-0.01,-1,-1,-0.01,-1,-1,-0.01,-1,-1,-0.01,-1,-1,-0.01,-1,-1,-0.01,-1,-1,-0.01,-1,-1,-0.01,-1,-1,-0.01,-1,-1
99926009,2026-05-18 11:35:31+05:30,53212.55,0,0.0,0,0.0,0.0,53282.15,53308.4,52783.45,53710.35,0,0.0,0.0,0.0,0.0,-0.01,-1,-1,-0.01,-1,-1,-0.01,-1,-1,-0.01,-1,-1,-0.01,-1,-1,-0.01,-1,-1,-0.01,-1,-1,-0.01,-1,-1,-0.01,-1,-1,-0.01,-1,-1
99926009,2026-05-18 11:35:31+05:30,53213.1,0,0.0,0,0.0,0.0,53282.15,53308.4,52783.45,53710.35,0,0.0,0.0,0.0,0.0,-0.01,-1,-1,-0.01,-1,-1,-0.01,-1,-1,-0.01,-1,-1,-0.01,-1,-1,-0.01,-1,-1,-0.01,-1,-1,-0.01,-1,-1,-0.01,-1,-1,-0.01,-1,-1
99926009,2026-05-18 11:35:32+05:30,53212.2,0,0.0,0,0.0,0.0,53282.15,53308.4,52783.45,53710.35,0,0.0,0.0,0.0,0.0,-0.01,-1,-1,-0.01,-1,-1,-0.01,-1,-1,-0.01,-1,-1,-0.01,-1,-1,-0.01,-1,-1,-0.01,-1,-1,-0.01,-1,-1,-0.01,-1,-1,-0.01,-1,-1
99926009,2026-05-18 11:35:32+05:30,53211.4,0,0.0,0,0.0,0.0,53282.15,53308.4,52783.45,53710.35,0,0.0,0.0,0.0,0.0,-0.01,-1,-1,-0.01,-1,-1,-0.01,-1,-1,-0.01,-1,-1,-0.01,-1,-1,-0.01,-1,-1,-0.01,-1,-1,-0.01,-1,-1,-0.01,-1,-1,-0.01,-1,-1
99926009,2026-05-18 11:35:33+05:30,53207.55,0,0.0,0,0.0,0.0,53282.15,53308.4,52783.45,53710.35,0,0.0,0.0,0.0,0.0,-0.01,-1,-1,-0.01,-1,-1,-0.01,-1,-1,-0.01,-1,-1,-0.01,-1,-1,-0.01,-1,-1,-0.01,-1,-1,-0.01,-1,-1,-0.01,-1,-1,-0.01,-1,-1
99926009,2026-05-18 11:35:33+05:30,53211.35,0,0.0,0,0.0,0.0,53282.15,53308.4,52783.45,53710.35,0,0.0,0.0,0.0,0.0,-0.01,-1,-1,-0.01,-1,-1,-0.01,-1,-1,-0.01,-1,-1,-0.01,-1,-1,-0.01,-1,-1,-0.01,-1,-1,-0.01,-1,-1,-0.01,-1,-1,-0.01,-1,-1
99926009,2026-05-18 11:35:34+05:30,53208.4,0,0.0,0,0.0,0.0,53282.15,53308.4,52783.45,53710.35,0,0.0,0.0,0.0,0.0,-0.01,-1,-1,-0.01,-1,-1,-0.01,-1,-1,-0.01,-1,-1,-0.01,-1,-1,-0.01,-1,-1,-0.01,-1,-1,-0.01,-1,-1,-0.01,-1,-1,-0.01,-1,-1
99926009,2026-05-18 11:35:34+05:30,53211.55,0,0.0,0,0.0,0.0,53282.15,53308.4,52783.45,53710.35,0,0.0,0.0,0.0,0.0,-0.01,-1,-1,-0.01,-1,-1,-0.01,-1,-1,-0.01,-1,-1,-0.01,-1,-1,-0.01,-1,-1,-0.01,-1,-1,-0.01,-1,-1,-0.01,-1,-1,-0.01,-1,-1
99926009,2026-05-18 11:35:35+05:30,53211.9,0,0.0,0,0.0,0.0,53282.15,53308.4,52783.45,53710.35,0,0.0,0.0,0.0,0.0,-0.01,-1,-1,-0.01,-1,-1,-0.01,-1,-1,-0.01,-1,-1,-0.01,-1,-1,-0.01,-1,-1,-0.01,-1,-1,-0.01,-1,-1,-0.01,-1,-1,-0.01,-1,-1
99926009,2026-05-18 11:35:35+05:30,53211.95,0,0.0,0,0.0,0.0,53282.15,53308.4,52783.45,53710.35,0,0.0,0.0,0.0,0.0,-0.01,-1,-1,-0.01,-1,-1,-0.01,-1,-1,-0.01,-1,-1,-0.01,-1,-1,-0.01,-1,-1,-0.01,-1,-1,-0.01,-1,-1,-0.01,-1,-1,-0.01,-1,-1
99926009,2026-05-18 11:35:36+05:30,53206.7,0,0.0,0,0.0,0.0,53282.15,53308.4,52783.45,53710.35,0,0.0,0.0,0.0,0.0,-0.01,-1,-1,-0.01,-1,-1,-0.01,-1,-1,-0.01,-1,-1,-0.01,-1,-1,-0.01,-1,-1,-0.01,-1,-1,-0.01,-1,-1,-0.01,-1,-1,-0.01,-1,-1
99926009,2026-05-18 11:35:36+05:30,53207.05,0,0.0,0,0.0,0.0,53282.15,53308.4,52783.45,53710.35,0,0.0,0.0,0.0,0.0,-0.01,-1,-1,-0.01,-1,-1,-0.01,-1,-1,-0.01,-1,-1,-0.01,-1,-1,-0.01,-1,-1,-0.01,-1,-1,-0.01,-1,-1,-0.01,-1,-1,-0.01,-1,-1
99926009,2026-05-18 11:35:37+05:30,53206.05,0,0.0,0,0.0,0.0,53282.15,53308.4,52783.45,53710.35,0,0.0,0.0,0.0,0.0,-0.01,-1,-1,-0.01,-1,-1,-0.01,-1,-1,-0.01,-1,-1,-0.01,-1,-1,-0.01,-1,-1,-0.01,-1,-1,-0.01,-1,-1,-0.01,-1,-1,-0.01,-1,-1
99926009,2026-05-18 11:35:37+05:30,53205.5,0,0.0,0,0.0,0.0,53282.15,53308.4,52783.45,53710.35,0,0.0,0.0,0.0,0.0,-0.01,-1,-1,-0.01,-1,-1,-0.01,-1,-1,-0.01,-1,-1,-0.01,-1,-1,-0.01,-1,-1,-0.01,-1,-1,-0.01,-1,-1,-0.01,-1,-1,-0.01,-1,-1
99926009,2026-05-18 11:35:38+05:30,53204.0,0,0.0,0,0.0,0.0,53282.15,53308.4,52783.45,53710.35,0,0.0,0.0,0.0,0.0,-0.01,-1,-1,-0.01,-1,-1,-0.01,-1,-1,-0.01,-1,-1,-0.01,-1,-1,-0.01,-1,-1,-0.01,-1,-1,-0.01,-1,-1,-0.01,-1,-1,-0.01,-1,-1
99926009,2026-05-18 11:35:38+05:30,53202.8,0,0.0,0,0.0,0.0,53282.15,53308.4,52783.45,53710.35,0,0.0,0.0,0.0,0.0,-0.01,-1,-1,-0.01,-1,-1,-0.01,-1,-1,-0.01,-1,-1,-0.01,-1,-1,-0.01,-1,-1,-0.01,-1,-1,-0.01,-1,-1,-0.01,-1,-1,-0.01,-1,-1
99926009,2026-05-18 11:35:39+05:30,53203.4,0,0.0,0,0.0,0.0,53282.15,53308.4,52783.45,53710.35,0,0.0,0.0,0.0,0.0,-0.01,-1,-1,-0.01,-1,-1,-0.01,-1,-1,-0.01,-1,-1,-0.01,-1,-1,-0.01,-1,-1,-0.01,-1,-1,-0.01,-1,-1,-0.01,-1,-1,-0.01,-1,-1
99926009,2026-05-18 11:35:39+05:30,53204.35,0,0.0,0,0.0,0.0,53282.15,53308.4,52783.45,53710.35,0,0.0,0.0,0.0,0.0,-0.01,-1,-1,-0.01,-1,-1,-0.01,-1,-1,-0.01,-1,-1,-0.01,-1,-1,-0.01,-1,-1,-0.01,-1,-1,-0.01,-1,-1,-0.01,-1,-1,-0.01,-1,-1
99926009,2026-05-18 11:35:40+05:30,53205.3,0,0.0,0,0.0,0.0,53282.15,53308.4,52783.45,53710.35,0,0.0,0.0,0.0,0.0,-0.01,-1,-1,-0.01,-1,-1,-0.01,-1,-1,-0.01,-1,-1,-0.01,-1,-1,-0.01,-1,-1,-0.01,-1,-1,-0.01,-1,-1,-0.01,-1,-1,-0.01,-1,-1
99926009,2026-05-18 11:35:40+05:30,53204.05,0,0.0,0,0.0,0.0,53282.15,53308.4,52783.45,53710.35,0,0.0,0.0,0.0,0.0,-0.01,-1,-1,-0.01,-1,-1,-0.01,-1,-1,-0.01,-1,-1,-0.01,-1,-1,-0.01,-1,-1,-0.01,-1,-1,-0.01,-1,-1,-0.01,-1,-1,-0.01,-1,-1
99926009,2026-05-18 11:35:41+05:30,53202.25,0,0.0,0,0.0,0.0,53282.15,53308.4,52783.45,53710.35,0,0.0,0.0,0.0,0.0,-0.01,-1,-1,-0.01,-1,-1,-0.01,-1,-1,-0.01,-1,-1,-0.01,-1,-1,-0.01,-1,-1,-0.01,-1,-1,-0.01,-1,-1,-0.01,-1,-1,-0.01,-1,-1
99926009,2026-05-18 11:35:41+05:30,53204.2,0,0.0,0,0.0,0.0,53282.15,53308.4,52783.45,53710.35,0,0.0,0.0,0.0,0.0,-0.01,-1,-1,-0.01,-1,-1,-0.01,-1,-1,-0.01,-1,-1,-0.01,-1,-1,-0.01,-1,-1,-0.01,-1,-1,-0.01,-1,-1,-0.01,-1,-1,-0.01,-1,-1
99926009,2026-05-18 11:35:42+05:30,53203.55,0,0.0,0,0.0,0.0,53282.15,53308.4,52783.45,53710.35,0,0.0,0.0,0.0,0.0,-0.01,-1,-1,-0.01,-1,-1,-0.01,-1,-1,-0.01,-1,-1,-0.01,-1,-1,-0.01,-1,-1,-0.01,-1,-1,-0.01,-1,-1,-0.01,-1,-1,-0.01,-1,-1
99926009,2026-05-18 11:35:42+05:30,53199.9,0,0.0,0,0.0,0.0,53282.15,53308.4,52783.45,53710.35,0,0.0,0.0,0.0,0.0,-0.01,-1,-1,-0.01,-1,-1,-0.01,-1,-1,-0.01,-1,-1,-0.01,-1,-1,-0.01,-1,-1,-0.01,-1,-1,-0.01,-1,-1,-0.01,-1,-1,-0.01,-1,-1
99926009,2026-05-18 11:35:43+05:30,53203.1,0,0.0,0,0.0,0.0,53282.15,53308.4,52783.45,53710.35,0,0.0,0.0,0.0,0.0,-0.01,-1,-1,-0.01,-1,-1,-0.01,-1,-1,-0.01,-1,-1,-0.01,-1,-1,-0.01,-1,-1,-0.01,-1,-1,-0.01,-1,-1,-0.01,-1,-1,-0.01,-1,-1
99926009,2026-05-18 11:35:43+05:30,53203.1,0,0.0,0,0.0,0.0,53282.15,53308.4,52783.45,53710.35,0,0.0,0.0,0.0,0.0,-0.01,-1,-1,-0.01,-1,-1,-0.01,-1,-1,-0.01,-1,-1,-0.01,-1,-1,-0.01,-1,-1,-0.01,-1,-1,-0.01,-1,-1,-0.01,-1,-1,-0.01,-1,-1
99926009,2026-05-18 11:35:44+05:30,53201.9,0,0.0,0,0.0,0.0,53282.15,53308.4,52783.45,53710.35,0,0.0,0.0,0.0,0.0,-0.01,-1,-1,-0.01,-1,-1,-0.01,-1,-1,-0.01,-1,-1,-0.01,-1,-1,-0.01,-1,-1,-0.01,-1,-1,-0.01,-1,-1,-0.01,-1,-1,-0.01,-1,-1
99926009,2026-05-18 11:35:44+05:30,53199.75,0,0.0,0,0.0,0.0,53282.15,53308.4,52783.45,53710.35,0,0.0,0.0,0.0,0.0,-0.01,-1,-1,-0.01,-1,-1,-0.01,-1,-1,-0.01,-1,-1,-0.01,-1,-1,-0.01,-1,-1,-0.01,-1,-1,-0.01,-1,-1,-0.01,-1,-1,-0.01,-1,-1
99926009,2026-05-18 11:35:45+05:30,53199.5,0,0.0,0,0.0,0.0,53282.15,53308.4,52783.45,53710.35,0,0.0,0.0,0.0,0.0,-0.01,-1,-1,-0.01,-1,-1,-0.01,-1,-1,-0.01,-1,-1,-0.01,-1,-1,-0.01,-1,-1,-0.01,-1,-1,-0.01,-1,-1,-0.01,-1,-1,-0.01,-1,-1
99926009,2026-05-18 11:35:45+05:30,53198.8,0,0.0,0,0.0,0.0,53282.15,53308.4,52783.45,53710.35,0,0.0,0.0,0.0,0.0,-0.01,-1,-1,-0.01,-1,-1,-0.01,-1,-1,-0.01,-1,-1,-0.01,-1,-1,-0.01,-1,-1,-0.01,-1,-1,-0.01,-1,-1,-0.01,-1,-1,-0.01,-1,-1
99926009,2026-05-18 11:35:46+05:30,53201.0,0,0.0,0,0.0,0.0,53282.15,53308.4,52783.45,53710.35,0,0.0,0.0,0.0,0.0,-0.01,-1,-1,-0.01,-1,-1,-0.01,-1,-1,-0.01,-1,-1,-0.01,-1,-1,-0.01,-1,-1,-0.01,-1,-1,-0.01,-1,-1,-0.01,-1,-1,-0.01,-1,-1
99926009,2026-05-18 11:35:46+05:30,53196.45,0,0.0,0,0.0,0.0,53282.15,53308.4,52783.45,53710.35,0,0.0,0.0,0.0,0.0,-0.01,-1,-1,-0.01,-1,-1,-0.01,-1,-1,-0.01,-1,-1,-0.01,-1,-1,-0.01,-1,-1,-0.01,-1,-1,-0.01,-1,-1,-0.01,-1,-1,-0.01,-1,-1
99926009,2026-05-18 11:35:47+05:30,53193.3,0,0.0,0,0.0,0.0,53282.15,53308.4,52783.45,53710.35,0,0.0,0.0,0.0,0.0,-0.01,-1,-1,-0.01,-1,-1,-0.01,-1,-1,-0.01,-1,-1,-0.01,-1,-1,-0.01,-1,-1,-0.01,-1,-1,-0.01,-1,-1,-0.01,-1,-1,-0.01,-1,-1
99926009,2026-05-18 11:35:47+05:30,53191.7,0,0.0,0,0.0,0.0,53282.15,53308.4,52783.45,53710.35,0,0.0,0.0,0.0,0.0,-0.01,-1,-1,-0.01,-1,-1,-0.01,-1,-1,-0.01,-1,-1,-0.01,-1,-1,-0.01,-1,-1,-0.01,-1,-1,-0.01,-1,-1,-0.01,-1,-1,-0.01,-1,-1
99926009,2026-05-18 11:35:48+05:30,53188.4,0,0.0,0,0.0,0.0,53282.15,53308.4,52783.45,53710.35,0,0.0,0.0,0.0,0.0,-0.01,-1,-1,-0.01,-1,-1,-0.01,-1,-1,-0.01,-1,-1,-0.01,-1,-1,-0.01,-1,-1,-0.01,-1,-1,-0.01,-1,-1,-0.01,-1,-1,-0.01,-1,-1
99926009,2026-05-18 11:35:48+05:30,53193.55,0,0.0,0,0.0,0.0,53282.15,53308.4,52783.45,53710.35,0,0.0,0.0,0.0,0.0,-0.01,-1,-1,-0.01,-1,-1,-0.01,-1,-1,-0.01,-1,-1,-0.01,-1,-1,-0.01,-1,-1,-0.01,-1,-1,-0.01,-1,-1,-0.01,-1,-1,-0.01,-1,-1
99926009,2026-05-18 11:35:49+05:30,53192.45,0,0.0,0,0.0,0.0,53282.15,53308.4,52783.45,53710.35,0,0.0,0.0,0.0,0.0,-0.01,-1,-1,-0.01,-1,-1,-0.01,-1,-1,-0.01,-1,-1,-0.01,-1,-1,-0.01,-1,-1,-0.01,-1,-1,-0.01,-1,-1,-0.01,-1,-1,-0.01,-1,-1
99926009,2026-05-18 11:35:49+05:30,53194.95,0,0.0,0,0.0,0.0,53282.15,53308.4,52783.45,53710.35,0,0.0,0.0,0.0,0.0,-0.01,-1,-1,-0.01,-1,-1,-0.01,-1,-1,-0.01,-1,-1,-0.01,-1,-1,-0.01,-1,-1,-0.01,-1,-1,-0.01,-1,-1,-0.01,-1,-1,-0.01,-1,-1
99926009,2026-05-18 11:35:50+05:30,53194.8,0,0.0,0,0.0,0.0,53282.15,53308.4,52783.45,53710.35,0,0.0,0.0,0.0,0.0,-0.01,-1,-1,-0.01,-1,-1,-0.01,-1,-1,-0.01,-1,-1,-0.01,-1,-1,-0.01,-1,-1,-0.01,-1,-1,-0.01,-1,-1,-0.01,-1,-1,-0.01,-1,-1
99926009,2026-05-18 11:35:50+05:30,53198.1,0,0.0,0,0.0,0.0,53282.15,53308.4,52783.45,53710.35,0,0.0,0.0,0.0,0.0,-0.01,-1,-1,-0.01,-1,-1,-0.01,-1,-1,-0.01,-1,-1,-0.01,-1,-1,-0.01,-1,-1,-0.01,-1,-1,-0.01,-1,-1,-0.01,-1,-1,-0.01,-1,-1
99926009,2026-05-18 11:35:51+05:30,53196.5,0,0.0,0,0.0,0.0,53282.15,53308.4,52783.45,53710.35,0,0.0,0.0,0.0,0.0,-0.01,-1,-1,-0.01,-1,-1,-0.01,-1,-1,-0.01,-1,-1,-0.01,-1,-1,-0.01,-1,-1,-0.01,-1,-1,-0.01,-1,-1,-0.01,-1,-1,-0.01,-1,-1
99926009,2026-05-18 11:35:51+05:30,53193.95,0,0.0,0,0.0,0.0,53282.15,53308.4,52783.45,53710.35,0,0.0,0.0,0.0,0.0,-0.01,-1,-1,-0.01,-1,-1,-0.01,-1,-1,-0.01,-1,-1,-0.01,-1,-1,-0.01,-1,-1,-0.01,-1,-1,-0.01,-1,-1,-0.01,-1,-1,-0.01,-1,-1
99926009,2026-05-18 11:35:52+05:30,53194.5,0,0.0,0,0.0,0.0,53282.15,53308.4,52783.45,53710.35,0,0.0,0.0,0.0,0.0,-0.01,-1,-1,-0.01,-1,-1,-0.01,-1,-1,-0.01,-1,-1,-0.01,-1,-1,-0.01,-1,-1,-0.01,-1,-1,-0.01,-1,-1,-0.01,-1,-1,-0.01,-1,-1
99926009,2026-05-18 11:35:52+05:30,53194.65,0,0.0,0,0.0,0.0,53282.15,53308.4,52783.45,53710.35,0,0.0,0.0,0.0,0.0,-0.01,-1,-1,-0.01,-1,-1,-0.01,-1,-1,-0.01,-1,-1,-0.01,-1,-1,-0.01,-1,-1,-0.01,-1,-1,-0.01,-1,-1,-0.01,-1,-1,-0.01,-1,-1
99926009,2026-05-18 11:35:53+05:30,53196.65,0,0.0,0,0.0,0.0,53282.15,53308.4,52783.45,53710.35,0,0.0,0.0,0.0,0.0,-0.01,-1,-1,-0.01,-1,-1,-0.01,-1,-1,-0.01,-1,-1,-0.01,-1,-1,-0.01,-1,-1,-0.01,-1,-1,-0.01,-1,-1,-0.01,-1,-1,-0.01,-1,-1
99926009,2026-05-18 11:35:53+05:30,53195.2,0,0.0,0,0.0,0.0,53282.15,53308.4,52783.45,53710.35,0,0.0,0.0,0.0,0.0,-0.01,-1,-1,-0.01,-1,-1,-0.01,-1,-1,-0.01,-1,-1,-0.01,-1,-1,-0.01,-1,-1,-0.01,-1,-1,-0.01,-1,-1,-0.01,-1,-1,-0.01,-1,-1
99926009,2026-05-18 11:35:54+05:30,53199.8,0,0.0,0,0.0,0.0,53282.15,53308.4,52783.45,53710.35,0,0.0,0.0,0.0,0.0,-0.01,-1,-1,-0.01,-1,-1,-0.01,-1,-1,-0.01,-1,-1,-0.01,-1,-1,-0.01,-1,-1,-0.01,-1,-1,-0.01,-1,-1,-0.01,-1,-1,-0.01,-1,-1
99926009,2026-05-18 11:35:54+05:30,53199.3,0,0.0,0,0.0,0.0,53282.15,53308.4,52783.45,53710.35,0,0.0,0.0,0.0,0.0,-0.01,-1,-1,-0.01,-1,-1,-0.01,-1,-1,-0.01,-1,-1,-0.01,-1,-1,-0.01,-1,-1,-0.01,-1,-1,-0.01,-1,-1,-0.01,-1,-1,-0.01,-1,-1
99926009,2026-05-18 11:35:55+05:30,53200.65,0,0.0,0,0.0,0.0,53282.15,53308.4,52783.45,53710.35,0,0.0,0.0,0.0,0.0,-0.01,-1,-1,-0.01,-1,-1,-0.01,-1,-1,-0.01,-1,-1,-0.01,-1,-1,-0.01,-1,-1,-0.01,-1,-1,-0.01,-1,-1,-0.01,-1,-1,-0.01,-1,-1
99926009,2026-05-18 11:35:55+05:30,53202.85,0,0.0,0,0.0,0.0,53282.15,53308.4,52783.45,53710.35,0,0.0,0.0,0.0,0.0,-0.01,-1,-1,-0.01,-1,-1,-0.01,-1,-1,-0.01,-1,-1,-0.01,-1,-1,-0.01,-1,-1,-0.01,-1,-1,-0.01,-1,-1,-0.01,-1,-1,-0.01,-1,-1
99926009,2026-05-18 11:35:56+05:30,53201.4,0,0.0,0,0.0,0.0,53282.15,53308.4,52783.45,53710.35,0,0.0,0.0,0.0,0.0,-0.01,-1,-1,-0.01,-1,-1,-0.01,-1,-1,-0.01,-1,-1,-0.01,-1,-1,-0.01,-1,-1,-0.01,-1,-1,-0.01,-1,-1,-0.01,-1,-1,-0.01,-1,-1
99926009,2026-05-18 11:35:56+05:30,53199.3,0,0.0,0,0.0,0.0,53282.15,53308.4,52783.45,53710.35,0,0.0,0.0,0.0,0.0,-0.01,-1,-1,-0.01,-1,-1,-0.01,-1,-1,-0.01,-1,-1,-0.01,-1,-1,-0.01,-1,-1,-0.01,-1,-1,-0.01,-1,-1,-0.01,-1,-1,-0.01,-1,-1
99926009,2026-05-18 11:35:57+05:30,53200.6,0,0.0,0,0.0,0.0,53282.15,53308.4,52783.45,53710.35,0,0.0,0.0,0.0,0.0,-0.01,-1,-1,-0.01,-1,-1,-0.01,-1,-1,-0.01,-1,-1,-0.01,-1,-1,-0.01,-1,-1,-0.01,-1,-1,-0.01,-1,-1,-0.01,-1,-1,-0.01,-1,-1
99926009,2026-05-18 11:35:57+05:30,53201.05,0,0.0,0,0.0,0.0,53282.15,53308.4,52783.45,53710.35,0,0.0,0.0,0.0,0.0,-0.01,-1,-1,-0.01,-1,-1,-0.01,-1,-1,-0.01,-1,-1,-0.01,-1,-1,-0.01,-1,-1,-0.01,-1,-1,-0.01,-1,-1,-0.01,-1,-1,-0.01,-1,-1
99926009,2026-05-18 11:35:58+05:30,53201.75,0,0.0,0,0.0,0.0,53282.15,53308.4,52783.45,53710.35,0,0.0,0.0,0.0,0.0,-0.01,-1,-1,-0.01,-1,-1,-0.01,-1,-1,-0.01,-1,-1,-0.01,-1,-1,-0.01,-1,-1,-0.01,-1,-1,-0.01,-1,-1,-0.01,-1,-1,-0.01,-1,-1
99926009,2026-05-18 11:35:58+05:30,53201.7,0,0.0,0,0.0,0.0,53282.15,53308.4,52783.45,53710.35,0,0.0,0.0,0.0,0.0,-0.01,-1,-1,-0.01,-1,-1,-0.01,-1,-1,-0.01,-1,-1,-0.01,-1,-1,-0.01,-1,-1,-0.01,-1,-1,-0.01,-1,-1,-0.01,-1,-1,-0.01,-1,-1
99926009,2026-05-18 11:35:59+05:30,53201.6,0,0.0,0,0.0,0.0,53282.15,53308.4,52783.45,53710.35,0,0.0,0.0,0.0,0.0,-0.01,-1,-1,-0.01,-1,-1,-0.01,-1,-1,-0.01,-1,-1,-0.01,-1,-1,-0.01,-1,-1,-0.01,-1,-1,-0.01,-1,-1,-0.01,-1,-1,-0.01,-1,-1
99926009,2026-05-18 11:35:59+05:30,53202.35,0,0.0,0,0.0,0.0,53282.15,53308.4,52783.45,53710.35,0,0.0,0.0,0.0,0.0,-0.01,-1,-1,-0.01,-1,-1,-0.01,-1,-1,-0.01,-1,-1,-0.01,-1,-1,-0.01,-1,-1,-0.01,-1,-1,-0.01,-1,-1,-0.01,-1,-1,-0.01,-1,-1
99926009,2026-05-18 11:36:00+05:30,53203.4,0,0.0,0,0.0,0.0,53282.15,53308.4,52783.45,53710.35,0,0.0,0.0,0.0,0.0,-0.01,-1,-1,-0.01,-1,-1,-0.01,-1,-1,-0.01,-1,-1,-0.01,-1,-1,-0.01,-1,-1,-0.01,-1,-1,-0.01,-1,-1,-0.01,-1,-1,-0.01,-1,-1
99926009,2026-05-18 11:36:00+05:30,53202.8,0,0.0,0,0.0,0.0,53282.15,53308.4,52783.45,53710.35,0,0.0,0.0,0.0,0.0,-0.01,-1,-1,-0.01,-1,-1,-0.01,-1,-1,-0.01,-1,-1,-0.01,-1,-1,-0.01,-1,-1,-0.01,-1,-1,-0.01,-1,-1,-0.01,-1,-1,-0.01,-1,-1
99926009,2026-05-18 11:36:01+05:30,53204.8,0,0.0,0,0.0,0.0,53282.15,53308.4,52783.45,53710.35,0,0.0,0.0,0.0,0.0,-0.01,-1,-1,-0.01,-1,-1,-0.01,-1,-1,-0.01,-1,-1,-0.01,-1,-1,-0.01,-1,-1,-0.01,-1,-1,-0.01,-1,-1,-0.01,-1,-1,-0.01,-1,-1
99926009,2026-05-18 11:36:01+05:30,53206.75,0,0.0,0,0.0,0.0,53282.15,53308.4,52783.45,53710.35,0,0.0,0.0,0.0,0.0,-0.01,-1,-1,-0.01,-1,-1,-0.01,-1,-1,-0.01,-1,-1,-0.01,-1,-1,-0.01,-1,-1,-0.01,-1,-1,-0.01,-1,-1,-0.01,-1,-1,-0.01,-1,-1
99926009,2026-05-18 11:36:02+05:30,53206.5,0,0.0,0,0.0,0.0,53282.15,53308.4,52783.45,53710.35,0,0.0,0.0,0.0,0.0,-0.01,-1,-1,-0.01,-1,-1,-0.01,-1,-1,-0.01,-1,-1,-0.01,-1,-1,-0.01,-1,-1,-0.01,-1,-1,-0.01,-1,-1,-0.01,-1,-1,-0.01,-1,-1
99926009,2026-05-18 11:36:02+05:30,53205.4,0,0.0,0,0.0,0.0,53282.15,53308.4,52783.45,53710.35,0,0.0,0.0,0.0,0.0,-0.01,-1,-1,-0.01,-1,-1,-0.01,-1,-1,-0.01,-1,-1,-0.01,-1,-1,-0.01,-1,-1,-0.01,-1,-1,-0.01,-1,-1,-0.01,-1,-1,-0.01,-1,-1
99926009,2026-05-18 11:36:03+05:30,53204.2,0,0.0,0,0.0,0.0,53282.15,53308.4,52783.45,53710.35,0,0.0,0.0,0.0,0.0,-0.01,-1,-1,-0.01,-1,-1,-0.01,-1,-1,-0.01,-1,-1,-0.01,-1,-1,-0.01,-1,-1,-0.01,-1,-1,-0.01,-1,-1,-0.01,-1,-1,-0.01,-1,-1
99926009,2026-05-18 11:36:03+05:30,53208.85,0,0.0,0,0.0,0.0,53282.15,53308.4,52783.45,53710.35,0,0.0,0.0,0.0,0.0,-0.01,-1,-1,-0.01,-1,-1,-0.01,-1,-1,-0.01,-1,-1,-0.01,-1,-1,-0.01,-1,-1,-0.01,-1,-1,-0.01,-1,-1,-0.01,-1,-1,-0.01,-1,-1
99926009,2026-05-18 11:36:04+05:30,53208.1,0,0.0,0,0.0,0.0,53282.15,53308.4,52783.45,53710.35,0,0.0,0.0,0.0,0.0,-0.01,-1,-1,-0.01,-1,-1,-0.01,-1,-1,-0.01,-1,-1,-0.01,-1,-1,-0.01,-1,-1,-0.01,-1,-1,-0.01,-1,-1,-0.01,-1,-1,-0.01,-1,-1
99926009,2026-05-18 11:36:04+05:30,53203.0,0,0.0,0,0.0,0.0,53282.15,53308.4,52783.45,53710.35,0,0.0,0.0,0.0,0.0,-0.01,-1,-1,-0.01,-1,-1,-0.01,-1,-1,-0.01,-1,-1,-0.01,-1,-1,-0.01,-1,-1,-0.01,-1,-1,-0.01,-1,-1,-0.01,-1,-1,-0.01,-1,-1
99926009,2026-05-18 11:36:05+05:30,53206.85,0,0.0,0,0.0,0.0,53282.15,53308.4,52783.45,53710.35,0,0.0,0.0,0.0,0.0,-0.01,-1,-1,-0.01,-1,-1,-0.01,-1,-1,-0.01,-1,-1,-0.01,-1,-1,-0.01,-1,-1,-0.01,-1,-1,-0.01,-1,-1,-0.01,-1,-1,-0.01,-1,-1
99926009,2026-05-18 11:36:05+05:30,53203.25,0,0.0,0,0.0,0.0,53282.15,53308.4,52783.45,53710.35,0,0.0,0.0,0.0,0.0,-0.01,-1,-1,-0.01,-1,-1,-0.01,-1,-1,-0.01,-1,-1,-0.01,-1,-1,-0.01,-1,-1,-0.01,-1,-1,-0.01,-1,-1,-0.01,-1,-1,-0.01,-1,-1
99926009,2026-05-18 11:36:06+05:30,53202.05,0,0.0,0,0.0,0.0,53282.15,53308.4,52783.45,53710.35,0,0.0,0.0,0.0,0.0,-0.01,-1,-1,-0.01,-1,-1,-0.01,-1,-1,-0.01,-1,-1,-0.01,-1,-1,-0.01,-1,-1,-0.01,-1,-1,-0.01,-1,-1,-0.01,-1,-1,-0.01,-1,-1
99926009,2026-05-18 11:36:06+05:30,53204.05,0,0.0,0,0.0,0.0,53282.15,53308.4,52783.45,53710.35,0,0.0,0.0,0.0,0.0,-0.01,-1,-1,-0.01,-1,-1,-0.01,-1,-1,-0.01,-1,-1,-0.01,-1,-1,-0.01,-1,-1,-0.01,-1,-1,-0.01,-1,-1,-0.01,-1,-1,-0.01,-1,-1
99926009,2026-05-18 11:36:07+05:30,53205.8,0,0.0,0,0.0,0.0,53282.15,53308.4,52783.45,53710.35,0,0.0,0.0,0.0,0.0,-0.01,-1,-1,-0.01,-1,-1,-0.01,-1,-1,-0.01,-1,-1,-0.01,-1,-1,-0.01,-1,-1,-0.01,-1,-1,-0.01,-1,-1,-0.01,-1,-1,-0.01,-1,-1
99926009,2026-05-18 11:36:07+05:30,53204.4,0,0.0,0,0.0,0.0,53282.15,53308.4,52783.45,53710.35,0,0.0,0.0,0.0,0.0,-0.01,-1,-1,-0.01,-1,-1,-0.01,-1,-1,-0.01,-1,-1,-0.01,-1,-1,-0.01,-1,-1,-0.01,-1,-1,-0.01,-1,-1,-0.01,-1,-1,-0.01,-1,-1
99926009,2026-05-18 11:36:08+05:30,53204.45,0,0.0,0,0.0,0.0,53282.15,53308.4,52783.45,53710.35,0,0.0,0.0,0.0,0.0,-0.01,-1,-1,-0.01,-1,-1,-0.01,-1,-1,-0.01,-1,-1,-0.01,-1,-1,-0.01,-1,-1,-0.01,-1,-1,-0.01,-1,-1,-0.01,-1,-1,-0.01,-1,-1
99926009,2026-05-18 11:36:08+05:30,53204.25,0,0.0,0,0.0,0.0,53282.15,53308.4,52783.45,53710.35,0,0.0,0.0,0.0,0.0,-0.01,-1,-1,-0.01,-1,-1,-0.01,-1,-1,-0.01,-1,-1,-0.01,-1,-1,-0.01,-1,-1,-0.01,-1,-1,-0.01,-1,-1,-0.01,-1,-1,-0.01,-1,-1
99926009,2026-05-18 11:36:09+05:30,53207.5,0,0.0,0,0.0,0.0,53282.15,53308.4,52783.45,53710.35,0,0.0,0.0,0.0,0.0,-0.01,-1,-1,-0.01,-1,-1,-0.01,-1,-1,-0.01,-1,-1,-0.01,-1,-1,-0.01,-1,-1,-0.01,-1,-1,-0.01,-1,-1,-0.01,-1,-1,-0.01,-1,-1
99926009,2026-05-18 11:36:09+05:30,53207.65,0,0.0,0,0.0,0.0,53282.15,53308.4,52783.45,53710.35,0,0.0,0.0,0.0,0.0,-0.01,-1,-1,-0.01,-1,-1,-0.01,-1,-1,-0.01,-1,-1,-0.01,-1,-1,-0.01,-1,-1,-0.01,-1,-1,-0.01,-1,-1,-0.01,-1,-1,-0.01,-1,-1
99926009,2026-05-18 11:36:10+05:30,53203.75,0,0.0,0,0.0,0.0,53282.15,53308.4,52783.45,53710.35,0,0.0,0.0,0.0,0.0,-0.01,-1,-1,-0.01,-1,-1,-0.01,-1,-1,-0.01,-1,-1,-0.01,-1,-1,-0.01,-1,-1,-0.01,-1,-1,-0.01,-1,-1,-0.01,-1,-1,-0.01,-1,-1
99926009,2026-05-18 11:36:10+05:30,53210.0,0,0.0,0,0.0,0.0,53282.15,53308.4,52783.45,53710.35,0,0.0,0.0,0.0,0.0,-0.01,-1,-1,-0.01,-1,-1,-0.01,-1,-1,-0.01,-1,-1,-0.01,-1,-1,-0.01,-1,-1,-0.01,-1,-1,-0.01,-1,-1,-0.01,-1,-1,-0.01,-1,-1
99926009,2026-05-18 11:36:11+05:30,53207.2,0,0.0,0,0.0,0.0,53282.15,53308.4,52783.45,53710.35,0,0.0,0.0,0.0,0.0,-0.01,-1,-1,-0.01,-1,-1,-0.01,-1,-1,-0.01,-1,-1,-0.01,-1,-1,-0.01,-1,-1,-0.01,-1,-1,-0.01,-1,-1,-0.01,-1,-1,-0.01,-1,-1
99926009,2026-05-18 11:36:11+05:30,53208.65,0,0.0,0,0.0,0.0,53282.15,53308.4,52783.45,53710.35,0,0.0,0.0,0.0,0.0,-0.01,-1,-1,-0.01,-1,-1,-0.01,-1,-1,-0.01,-1,-1,-0.01,-1,-1,-0.01,-1,-1,-0.01,-1,-1,-0.01,-1,-1,-0.01,-1,-1,-0.01,-1,-1
99926009,2026-05-18 11:36:12+05:30,53207.75,0,0.0,0,0.0,0.0,53282.15,53308.4,52783.45,53710.35,0,0.0,0.0,0.0,0.0,-0.01,-1,-1,-0.01,-1,-1,-0.01,-1,-1,-0.01,-1,-1,-0.01,-1,-1,-0.01,-1,-1,-0.01,-1,-1,-0.01,-1,-1,-0.01,-1,-1,-0.01,-1,-1
99926009,2026-05-18 11:36:12+05:30,53208.15,0,0.0,0,0.0,0.0,53282.15,53308.4,52783.45,53710.35,0,0.0,0.0,0.0,0.0,-0.01,-1,-1,-0.01,-1,-1,-0.01,-1,-1,-0.01,-1,-1,-0.01,-1,-1,-0.01,-1,-1,-0.01,-1,-1,-0.01,-1,-1,-0.01,-1,-1,-0.01,-1,-1
99926009,2026-05-18 11:36:13+05:30,53205.15,0,0.0,0,0.0,0.0,53282.15,53308.4,52783.45,53710.35,0,0.0,0.0,0.0,0.0,-0.01,-1,-1,-0.01,-1,-1,-0.01,-1,-1,-0.01,-1,-1,-0.01,-1,-1,-0.01,-1,-1,-0.01,-1,-1,-0.01,-1,-1,-0.01,-1,-1,-0.01,-1,-1
99926009,2026-05-18 11:36:13+05:30,53206.35,0,0.0,0,0.0,0.0,53282.15,53308.4,52783.45,53710.35,0,0.0,0.0,0.0,0.0,-0.01,-1,-1,-0.01,-1,-1,-0.01,-1,-1,-0.01,-1,-1,-0.01,-1,-1,-0.01,-1,-1,-0.01,-1,-1,-0.01,-1,-1,-0.01,-1,-1,-0.01,-1,-1
99926009,2026-05-18 11:36:14+05:30,53207.4,0,0.0,0,0.0,0.0,53282.15,53308.4,52783.45,53710.35,0,0.0,0.0,0.0,0.0,-0.01,-1,-1,-0.01,-1,-1,-0.01,-1,-1,-0.01,-1,-1,-0.01,-1,-1,-0.01,-1,-1,-0.01,-1,-1,-0.01,-1,-1,-0.01,-1,-1,-0.01,-1,-1
99926009,2026-05-18 11:36:14+05:30,53206.75,0,0.0,0,0.0,0.0,53282.15,53308.4,52783.45,53710.35,0,0.0,0.0,0.0,0.0,-0.01,-1,-1,-0.01,-1,-1,-0.01,-1,-1,-0.01,-1,-1,-0.01,-1,-1,-0.01,-1,-1,-0.01,-1,-1,-0.01,-1,-1,-0.01,-1,-1,-0.01,-1,-1
99926009,2026-05-18 11:36:15+05:30,53204.55,0,0.0,0,0.0,0.0,53282.15,53308.4,52783.45,53710.35,0,0.0,0.0,0.0,0.0,-0.01,-1,-1,-0.01,-1,-1,-0.01,-1,-1,-0.01,-1,-1,-0.01,-1,-1,-0.01,-1,-1,-0.01,-1,-1,-0.01,-1,-1,-0.01,-1,-1,-0.01,-1,-1
99926009,2026-05-18 11:36:15+05:30,53204.65,0,0.0,0,0.0,0.0,53282.15,53308.4,52783.45,53710.35,0,0.0,0.0,0.0,0.0,-0.01,-1,-1,-0.01,-1,-1,-0.01,-1,-1,-0.01,-1,-1,-0.01,-1,-1,-0.01,-1,-1,-0.01,-1,-1,-0.01,-1,-1,-0.01,-1,-1,-0.01,-1,-1
99926009,2026-05-18 11:36:16+05:30,53204.75,0,0.0,0,0.0,0.0,53282.15,53308.4,52783.45,53710.35,0,0.0,0.0,0.0,0.0,-0.01,-1,-1,-0.01,-1,-1,-0.01,-1,-1,-0.01,-1,-1,-0.01,-1,-1,-0.01,-1,-1,-0.01,-1,-1,-0.01,-1,-1,-0.01,-1,-1,-0.01,-1,-1
99926009,2026-05-18 11:36:16+05:30,53205.6,0,0.0,0,0.0,0.0,53282.15,53308.4,52783.45,53710.35,0,0.0,0.0,0.0,0.0,-0.01,-1,-1,-0.01,-1,-1,-0.01,-1,-1,-0.01,-1,-1,-0.01,-1,-1,-0.01,-1,-1,-0.01,-1,-1,-0.01,-1,-1,-0.01,-1,-1,-0.01,-1,-1
99926009,2026-05-18 11:36:17+05:30,53205.15,0,0.0,0,0.0,0.0,53282.15,53308.4,52783.45,53710.35,0,0.0,0.0,0.0,0.0,-0.01,-1,-1,-0.01,-1,-1,-0.01,-1,-1,-0.01,-1,-1,-0.01,-1,-1,-0.01,-1,-1,-0.01,-1,-1,-0.01,-1,-1,-0.01,-1,-1,-0.01,-1,-1
99926009,2026-05-18 11:36:17+05:30,53204.3,0,0.0,0,0.0,0.0,53282.15,53308.4,52783.45,53710.35,0,0.0,0.0,0.0,0.0,-0.01,-1,-1,-0.01,-1,-1,-0.01,-1,-1,-0.01,-1,-1,-0.01,-1,-1,-0.01,-1,-1,-0.01,-1,-1,-0.01,-1,-1,-0.01,-1,-1,-0.01,-1,-1
99926009,2026-05-18 11:36:18+05:30,53206.35,0,0.0,0,0.0,0.0,53282.15,53308.4,52783.45,53710.35,0,0.0,0.0,0.0,0.0,-0.01,-1,-1,-0.01,-1,-1,-0.01,-1,-1,-0.01,-1,-1,-0.01,-1,-1,-0.01,-1,-1,-0.01,-1,-1,-0.01,-1,-1,-0.01,-1,-1,-0.01,-1,-1
99926009,2026-05-18 11:36:18+05:30,53205.75,0,0.0,0,0.0,0.0,53282.15,53308.4,52783.45,53710.35,0,0.0,0.0,0.0,0.0,-0.01,-1,-1,-0.01,-1,-1,-0.01,-1,-1,-0.01,-1,-1,-0.01,-1,-1,-0.01,-1,-1,-0.01,-1,-1,-0.01,-1,-1,-0.01,-1,-1,-0.01,-1,-1
99926009,2026-05-18 11:36:19+05:30,53204.7,0,0.0,0,0.0,0.0,53282.15,53308.4,52783.45,53710.35,0,0.0,0.0,0.0,0.0,-0.01,-1,-1,-0.01,-1,-1,-0.01,-1,-1,-0.01,-1,-1,-0.01,-1,-1,-0.01,-1,-1,-0.01,-1,-1,-0.01,-1,-1,-0.01,-1,-1,-0.01,-1,-1
99926009,2026-05-18 11:36:19+05:30,53204.8,0,0.0,0,0.0,0.0,53282.15,53308.4,52783.45,53710.35,0,0.0,0.0,0.0,0.0,-0.01,-1,-1,-0.01,-1,-1,-0.01,-1,-1,-0.01,-1,-1,-0.01,-1,-1,-0.01,-1,-1,-0.01,-1,-1,-0.01,-1,-1,-0.01,-1,-1,-0.01,-1,-1
99926009,2026-05-18 11:36:20+05:30,53205.1,0,0.0,0,0.0,0.0,53282.15,53308.4,52783.45,53710.35,0,0.0,0.0,0.0,0.0,-0.01,-1,-1,-0.01,-1,-1,-0.01,-1,-1,-0.01,-1,-1,-0.01,-1,-1,-0.01,-1,-1,-0.01,-1,-1,-0.01,-1,-1,-0.01,-1,-1,-0.01,-1,-1
99926009,2026-05-18 11:36:20+05:30,53203.75,0,0.0,0,0.0,0.0,53282.15,53308.4,52783.45,53710.35,0,0.0,0.0,0.0,0.0,-0.01,-1,-1,-0.01,-1,-1,-0.01,-1,-1,-0.01,-1,-1,-0.01,-1,-1,-0.01,-1,-1,-0.01,-1,-1,-0.01,-1,-1,-0.01,-1,-1,-0.01,-1,-1
99926009,2026-05-18 11:36:21+05:30,53201.75,0,0.0,0,0.0,0.0,53282.15,53308.4,52783.45,53710.35,0,0.0,0.0,0.0,0.0,-0.01,-1,-1,-0.01,-1,-1,-0.01,-1,-1,-0.01,-1,-1,-0.01,-1,-1,-0.01,-1,-1,-0.01,-1,-1,-0.01,-1,-1,-0.01,-1,-1,-0.01,-1,-1
99926009,2026-05-18 11:36:21+05:30,53202.25,0,0.0,0,0.0,0.0,53282.15,53308.4,52783.45,53710.35,0,0.0,0.0,0.0,0.0,-0.01,-1,-1,-0.01,-1,-1,-0.01,-1,-1,-0.01,-1,-1,-0.01,-1,-1,-0.01,-1,-1,-0.01,-1,-1,-0.01,-1,-1,-0.01,-1,-1,-0.01,-1,-1
99926009,2026-05-18 11:36:22+05:30,53201.55,0,0.0,0,0.0,0.0,53282.15,53308.4,52783.45,53710.35,0,0.0,0.0,0.0,0.0,-0.01,-1,-1,-0.01,-1,-1,-0.01,-1,-1,-0.01,-1,-1,-0.01,-1,-1,-0.01,-1,-1,-0.01,-1,-1,-0.01,-1,-1,-0.01,-1,-1,-0.01,-1,-1
99926009,2026-05-18 11:36:22+05:30,53198.75,0,0.0,0,0.0,0.0,53282.15,53308.4,52783.45,53710.35,0,0.0,0.0,0.0,0.0,-0.01,-1,-1,-0.01,-1,-1,-0.01,-1,-1,-0.01,-1,-1,-0.01,-1,-1,-0.01,-1,-1,-0.01,-1,-1,-0.01,-1,-1,-0.01,-1,-1,-0.01,-1,-1
99926009,2026-05-18 11:36:23+05:30,53202.6,0,0.0,0,0.0,0.0,53282.15,53308.4,52783.45,53710.35,0,0.0,0.0,0.0,0.0,-0.01,-1,-1,-0.01,-1,-1,-0.01,-1,-1,-0.01,-1,-1,-0.01,-1,-1,-0.01,-1,-1,-0.01,-1,-1,-0.01,-1,-1,-0.01,-1,-1,-0.01,-1,-1
99926009,2026-05-18 11:36:23+05:30,53199.95,0,0.0,0,0.0,0.0,53282.15,53308.4,52783.45,53710.35,0,0.0,0.0,0.0,0.0,-0.01,-1,-1,-0.01,-1,-1,-0.01,-1,-1,-0.01,-1,-1,-0.01,-1,-1,-0.01,-1,-1,-0.01,-1,-1,-0.01,-1,-1,-0.01,-1,-1,-0.01,-1,-1
99926009,2026-05-18 11:36:24+05:30,53200.7,0,0.0,0,0.0,0.0,53282.15,53308.4,52783.45,53710.35,0,0.0,0.0,0.0,0.0,-0.01,-1,-1,-0.01,-1,-1,-0.01,-1,-1,-0.01,-1,-1,-0.01,-1,-1,-0.01,-1,-1,-0.01,-1,-1,-0.01,-1,-1,-0.01,-1,-1,-0.01,-1,-1
99926009,2026-05-18 11:36:24+05:30,53202.2,0,0.0,0,0.0,0.0,53282.15,53308.4,52783.45,53710.35,0,0.0,0.0,0.0,0.0,-0.01,-1,-1,-0.01,-1,-1,-0.01,-1,-1,-0.01,-1,-1,-0.01,-1,-1,-0.01,-1,-1,-0.01,-1,-1,-0.01,-1,-1,-0.01,-1,-1,-0.01,-1,-1
99926009,2026-05-18 11:36:25+05:30,53201.6,0,0.0,0,0.0,0.0,53282.15,53308.4,52783.45,53710.35,0,0.0,0.0,0.0,0.0,-0.01,-1,-1,-0.01,-1,-1,-0.01,-1,-1,-0.01,-1,-1,-0.01,-1,-1,-0.01,-1,-1,-0.01,-1,-1,-0.01,-1,-1,-0.01,-1,-1,-0.01,-1,-1
99926009,2026-05-18 11:36:25+05:30,53203.95,0,0.0,0,0.0,0.0,53282.15,53308.4,52783.45,53710.35,0,0.0,0.0,0.0,0.0,-0.01,-1,-1,-0.01,-1,-1,-0.01,-1,-1,-0.01,-1,-1,-0.01,-1,-1,-0.01,-1,-1,-0.01,-1,-1,-0.01,-1,-1,-0.01,-1,-1,-0.01,-1,-1
99926009,2026-05-18 11:36:26+05:30,53201.9,0,0.0,0,0.0,0.0,53282.15,53308.4,52783.45,53710.35,0,0.0,0.0,0.0,0.0,-0.01,-1,-1,-0.01,-1,-1,-0.01,-1,-1,-0.01,-1,-1,-0.01,-1,-1,-0.01,-1,-1,-0.01,-1,-1,-0.01,-1,-1,-0.01,-1,-1,-0.01,-1,-1
99926009,2026-05-18 11:36:26+05:30,53203.5,0,0.0,0,0.0,0.0,53282.15,53308.4,52783.45,53710.35,0,0.0,0.0,0.0,0.0,-0.01,-1,-1,-0.01,-1,-1,-0.01,-1,-1,-0.01,-1,-1,-0.01,-1,-1,-0.01,-1,-1,-0.01,-1,-1,-0.01,-1,-1,-0.01,-1,-1,-0.01,-1,-1
99926009,2026-05-18 11:36:27+05:30,53202.7,0,0.0,0,0.0,0.0,53282.15,53308.4,52783.45,53710.35,0,0.0,0.0,0.0,0.0,-0.01,-1,-1,-0.01,-1,-1,-0.01,-1,-1,-0.01,-1,-1,-0.01,-1,-1,-0.01,-1,-1,-0.01,-1,-1,-0.01,-1,-1,-0.01,-1,-1,-0.01,-1,-1
99926009,2026-05-18 11:36:27+05:30,53200.95,0,0.0,0,0.0,0.0,53282.15,53308.4,52783.45,53710.35,0,0.0,0.0,0.0,0.0,-0.01,-1,-1,-0.01,-1,-1,-0.01,-1,-1,-0.01,-1,-1,-0.01,-1,-1,-0.01,-1,-1,-0.01,-1,-1,-0.01,-1,-1,-0.01,-1,-1,-0.01,-1,-1
99926009,2026-05-18 11:36:28+05:30,53203.75,0,0.0,0,0.0,0.0,53282.15,53308.4,52783.45,53710.35,0,0.0,0.0,0.0,0.0,-0.01,-1,-1,-0.01,-1,-1,-0.01,-1,-1,-0.01,-1,-1,-0.01,-1,-1,-0.01,-1,-1,-0.01,-1,-1,-0.01,-1,-1,-0.01,-1,-1,-0.01,-1,-1
99926009,2026-05-18 11:36:28+05:30,53201.2,0,0.0,0,0.0,0.0,53282.15,53308.4,52783.45,53710.35,0,0.0,0.0,0.0,0.0,-0.01,-1,-1,-0.01,-1,-1,-0.01,-1,-1,-0.01,-1,-1,-0.01,-1,-1,-0.01,-1,-1,-0.01,-1,-1,-0.01,-1,-1,-0.01,-1,-1,-0.01,-1,-1
99926009,2026-05-18 11:36:29+05:30,53193.45,0,0.0,0,0.0,0.0,53282.15,53308.4,52783.45,53710.35,0,0.0,0.0,0.0,0.0,-0.01,-1,-1,-0.01,-1,-1,-0.01,-1,-1,-0.01,-1,-1,-0.01,-1,-1,-0.01,-1,-1,-0.01,-1,-1,-0.01,-1,-1,-0.01,-1,-1,-0.01,-1,-1
99926009,2026-05-18 11:36:29+05:30,53197.65,0,0.0,0,0.0,0.0,53282.15,53308.4,52783.45,53710.35,0,0.0,0.0,0.0,0.0,-0.01,-1,-1,-0.01,-1,-1,-0.01,-1,-1,-0.01,-1,-1,-0.01,-1,-1,-0.01,-1,-1,-0.01,-1,-1,-0.01,-1,-1,-0.01,-1,-1,-0.01,-1,-1
99926009,2026-05-18 11:36:30+05:30,53193.45,0,0.0,0,0.0,0.0,53282.15,53308.4,52783.45,53710.35,0,0.0,0.0,0.0,0.0,-0.01,-1,-1,-0.01,-1,-1,-0.01,-1,-1,-0.01,-1,-1,-0.01,-1,-1,-0.01,-1,-1,-0.01,-1,-1,-0.01,-1,-1,-0.01,-1,-1,-0.01,-1,-1
99926009,2026-05-18 11:36:30+05:30,53195.25,0,0.0,0,0.0,0.0,53282.15,53308.4,52783.45,53710.35,0,0.0,0.0,0.0,0.0,-0.01,-1,-1,-0.01,-1,-1,-0.01,-1,-1,-0.01,-1,-1,-0.01,-1,-1,-0.01,-1,-1,-0.01,-1,-1,-0.01,-1,-1,-0.01,-1,-1,-0.01,-1,-1
99926009,2026-05-18 11:36:31+05:30,53194.9,0,0.0,0,0.0,0.0,53282.15,53308.4,52783.45,53710.35,0,0.0,0.0,0.0,0.0,-0.01,-1,-1,-0.01,-1,-1,-0.01,-1,-1,-0.01,-1,-1,-0.01,-1,-1,-0.01,-1,-1,-0.01,-1,-1,-0.01,-1,-1,-0.01,-1,-1,-0.01,-1,-1
99926009,2026-05-18 11:36:31+05:30,53196.15,0,0.0,0,0.0,0.0,53282.15,53308.4,52783.45,53710.35,0,0.0,0.0,0.0,0.0,-0.01,-1,-1,-0.01,-1,-1,-0.01,-1,-1,-0.01,-1,-1,-0.01,-1,-1,-0.01,-1,-1,-0.01,-1,-1,-0.01,-1,-1,-0.01,-1,-1,-0.01,-1,-1
99926009,2026-05-18 11:36:32+05:30,53197.25,0,0.0,0,0.0,0.0,53282.15,53308.4,52783.45,53710.35,0,0.0,0.0,0.0,0.0,-0.01,-1,-1,-0.01,-1,-1,-0.01,-1,-1,-0.01,-1,-1,-0.01,-1,-1,-0.01,-1,-1,-0.01,-1,-1,-0.01,-1,-1,-0.01,-1,-1,-0.01,-1,-1
99926009,2026-05-18 11:36:32+05:30,53195.3,0,0.0,0,0.0,0.0,53282.15,53308.4,52783.45,53710.35,0,0.0,0.0,0.0,0.0,-0.01,-1,-1,-0.01,-1,-1,-0.01,-1,-1,-0.01,-1,-1,-0.01,-1,-1,-0.01,-1,-1,-0.01,-1,-1,-0.01,-1,-1,-0.01,-1,-1,-0.01,-1,-1
99926009,2026-05-18 11:36:33+05:30,53197.25,0,0.0,0,0.0,0.0,53282.15,53308.4,52783.45,53710.35,0,0.0,0.0,0.0,0.0,-0.01,-1,-1,-0.01,-1,-1,-0.01,-1,-1,-0.01,-1,-1,-0.01,-1,-1,-0.01,-1,-1,-0.01,-1,-1,-0.01,-1,-1,-0.01,-1,-1,-0.01,-1,-1
99926009,2026-05-18 11:36:33+05:30,53195.75,0,0.0,0,0.0,0.0,53282.15,53308.4,52783.45,53710.35,0,0.0,0.0,0.0,0.0,-0.01,-1,-1,-0.01,-1,-1,-0.01,-1,-1,-0.01,-1,-1,-0.01,-1,-1,-0.01,-1,-1,-0.01,-1,-1,-0.01,-1,-1,-0.01,-1,-1,-0.01,-1,-1
99926009,2026-05-18 11:36:34+05:30,53197.95,0,0.0,0,0.0,0.0,53282.15,53308.4,52783.45,53710.35,0,0.0,0.0,0.0,0.0,-0.01,-1,-1,-0.01,-1,-1,-0.01,-1,-1,-0.01,-1,-1,-0.01,-1,-1,-0.01,-1,-1,-0.01,-1,-1,-0.01,-1,-1,-0.01,-1,-1,-0.01,-1,-1
99926009,2026-05-18 11:36:34+05:30,53197.95,0,0.0,0,0.0,0.0,53282.15,53308.4,52783.45,53710.35,0,0.0,0.0,0.0,0.0,-0.01,-1,-1,-0.01,-1,-1,-0.01,-1,-1,-0.01,-1,-1,-0.01,-1,-1,-0.01,-1,-1,-0.01,-1,-1,-0.01,-1,-1,-0.01,-1,-1,-0.01,-1,-1
99926009,2026-05-18 11:36:35+05:30,53199.35,0,0.0,0,0.0,0.0,53282.15,53308.4,52783.45,53710.35,0,0.0,0.0,0.0,0.0,-0.01,-1,-1,-0.01,-1,-1,-0.01,-1,-1,-0.01,-1,-1,-0.01,-1,-1,-0.01,-1,-1,-0.01,-1,-1,-0.01,-1,-1,-0.01,-1,-1,-0.01,-1,-1
99926009,2026-05-18 11:36:35+05:30,53197.7,0,0.0,0,0.0,0.0,53282.15,53308.4,52783.45,53710.35,0,0.0,0.0,0.0,0.0,-0.01,-1,-1,-0.01,-1,-1,-0.01,-1,-1,-0.01,-1,-1,-0.01,-1,-1,-0.01,-1,-1,-0.01,-1,-1,-0.01,-1,-1,-0.01,-1,-1,-0.01,-1,-1
99926009,2026-05-18 11:36:36+05:30,53197.4,0,0.0,0,0.0,0.0,53282.15,53308.4,52783.45,53710.35,0,0.0,0.0,0.0,0.0,-0.01,-1,-1,-0.01,-1,-1,-0.01,-1,-1,-0.01,-1,-1,-0.01,-1,-1,-0.01,-1,-1,-0.01,-1,-1,-0.01,-1,-1,-0.01,-1,-1,-0.01,-1,-1
99926009,2026-05-18 11:36:36+05:30,53199.1,0,0.0,0,0.0,0.0,53282.15,53308.4,52783.45,53710.35,0,0.0,0.0,0.0,0.0,-0.01,-1,-1,-0.01,-1,-1,-0.01,-1,-1,-0.01,-1,-1,-0.01,-1,-1,-0.01,-1,-1,-0.01,-1,-1,-0.01,-1,-1,-0.01,-1,-1,-0.01,-1,-1
99926009,2026-05-18 11:36:37+05:30,53197.85,0,0.0,0,0.0,0.0,53282.15,53308.4,52783.45,53710.35,0,0.0,0.0,0.0,0.0,-0.01,-1,-1,-0.01,-1,-1,-0.01,-1,-1,-0.01,-1,-1,-0.01,-1,-1,-0.01,-1,-1,-0.01,-1,-1,-0.01,-1,-1,-0.01,-1,-1,-0.01,-1,-1
99926009,2026-05-18 11:36:37+05:30,53199.5,0,0.0,0,0.0,0.0,53282.15,53308.4,52783.45,53710.35,0,0.0,0.0,0.0,0.0,-0.01,-1,-1,-0.01,-1,-1,-0.01,-1,-1,-0.01,-1,-1,-0.01,-1,-1,-0.01,-1,-1,-0.01,-1,-1,-0.01,-1,-1,-0.01,-1,-1,-0.01,-1,-1
99926009,2026-05-18 11:36:38+05:30,53200.05,0,0.0,0,0.0,0.0,53282.15,53308.4,52783.45,53710.35,0,0.0,0.0,0.0,0.0,-0.01,-1,-1,-0.01,-1,-1,-0.01,-1,-1,-0.01,-1,-1,-0.01,-1,-1,-0.01,-1,-1,-0.01,-1,-1,-0.01,-1,-1,-0.01,-1,-1,-0.01,-1,-1
99926009,2026-05-18 11:36:38+05:30,53200.15,0,0.0,0,0.0,0.0,53282.15,53308.4,52783.45,53710.35,0,0.0,0.0,0.0,0.0,-0.01,-1,-1,-0.01,-1,-1,-0.01,-1,-1,-0.01,-1,-1,-0.01,-1,-1,-0.01,-1,-1,-0.01,-1,-1,-0.01,-1,-1,-0.01,-1,-1,-0.01,-1,-1
99926009,2026-05-18 11:36:39+05:30,53199.6,0,0.0,0,0.0,0.0,53282.15,53308.4,52783.45,53710.35,0,0.0,0.0,0.0,0.0,-0.01,-1,-1,-0.01,-1,-1,-0.01,-1,-1,-0.01,-1,-1,-0.01,-1,-1,-0.01,-1,-1,-0.01,-1,-1,-0.01,-1,-1,-0.01,-1,-1,-0.01,-1,-1
99926009,2026-05-18 11:36:39+05:30,53199.3,0,0.0,0,0.0,0.0,53282.15,53308.4,52783.45,53710.35,0,0.0,0.0,0.0,0.0,-0.01,-1,-1,-0.01,-1,-1,-0.01,-1,-1,-0.01,-1,-1,-0.01,-1,-1,-0.01,-1,-1,-0.01,-1,-1,-0.01,-1,-1,-0.01,-1,-1,-0.01,-1,-1
99926009,2026-05-18 11:36:40+05:30,53197.85,0,0.0,0,0.0,0.0,53282.15,53308.4,52783.45,53710.35,0,0.0,0.0,0.0,0.0,-0.01,-1,-1,-0.01,-1,-1,-0.01,-1,-1,-0.01,-1,-1,-0.01,-1,-1,-0.01,-1,-1,-0.01,-1,-1,-0.01,-1,-1,-0.01,-1,-1,-0.01,-1,-1
99926009,2026-05-18 11:36:40+05:30,53202.55,0,0.0,0,0.0,0.0,53282.15,53308.4,52783.45,53710.35,0,0.0,0.0,0.0,0.0,-0.01,-1,-1,-0.01,-1,-1,-0.01,-1,-1,-0.01,-1,-1,-0.01,-1,-1,-0.01,-1,-1,-0.01,-1,-1,-0.01,-1,-1,-0.01,-1,-1,-0.01,-1,-1
99926009,2026-05-18 11:36:41+05:30,53200.9,0,0.0,0,0.0,0.0,53282.15,53308.4,52783.45,53710.35,0,0.0,0.0,0.0,0.0,-0.01,-1,-1,-0.01,-1,-1,-0.01,-1,-1,-0.01,-1,-1,-0.01,-1,-1,-0.01,-1,-1,-0.01,-1,-1,-0.01,-1,-1,-0.01,-1,-1,-0.01,-1,-1
99926009,2026-05-18 11:36:41+05:30,53199.2,0,0.0,0,0.0,0.0,53282.15,53308.4,52783.45,53710.35,0,0.0,0.0,0.0,0.0,-0.01,-1,-1,-0.01,-1,-1,-0.01,-1,-1,-0.01,-1,-1,-0.01,-1,-1,-0.01,-1,-1,-0.01,-1,-1,-0.01,-1,-1,-0.01,-1,-1,-0.01,-1,-1
99926009,2026-05-18 11:36:42+05:30,53200.4,0,0.0,0,0.0,0.0,53282.15,53308.4,52783.45,53710.35,0,0.0,0.0,0.0,0.0,-0.01,-1,-1,-0.01,-1,-1,-0.01,-1,-1,-0.01,-1,-1,-0.01,-1,-1,-0.01,-1,-1,-0.01,-1,-1,-0.01,-1,-1,-0.01,-1,-1,-0.01,-1,-1
99926009,2026-05-18 11:36:42+05:30,53201.15,0,0.0,0,0.0,0.0,53282.15,53308.4,52783.45,53710.35,0,0.0,0.0,0.0,0.0,-0.01,-1,-1,-0.01,-1,-1,-0.01,-1,-1,-0.01,-1,-1,-0.01,-1,-1,-0.01,-1,-1,-0.01,-1,-1,-0.01,-1,-1,-0.01,-1,-1,-0.01,-1,-1
99926009,2026-05-18 11:36:43+05:30,53200.0,0,0.0,0,0.0,0.0,53282.15,53308.4,52783.45,53710.35,0,0.0,0.0,0.0,0.0,-0.01,-1,-1,-0.01,-1,-1,-0.01,-1,-1,-0.01,-1,-1,-0.01,-1,-1,-0.01,-1,-1,-0.01,-1,-1,-0.01,-1,-1,-0.01,-1,-1,-0.01,-1,-1
99926009,2026-05-18 11:36:43+05:30,53200.5,0,0.0,0,0.0,0.0,53282.15,53308.4,52783.45,53710.35,0,0.0,0.0,0.0,0.0,-0.01,-1,-1,-0.01,-1,-1,-0.01,-1,-1,-0.01,-1,-1,-0.01,-1,-1,-0.01,-1,-1,-0.01,-1,-1,-0.01,-1,-1,-0.01,-1,-1,-0.01,-1,-1
99926009,2026-05-18 11:36:44+05:30,53197.45,0,0.0,0,0.0,0.0,53282.15,53308.4,52783.45,53710.35,0,0.0,0.0,0.0,0.0,-0.01,-1,-1,-0.01,-1,-1,-0.01,-1,-1,-0.01,-1,-1,-0.01,-1,-1,-0.01,-1,-1,-0.01,-1,-1,-0.01,-1,-1,-0.01,-1,-1,-0.01,-1,-1
99926009,2026-05-18 11:36:44+05:30,53199.35,0,0.0,0,0.0,0.0,53282.15,53308.4,52783.45,53710.35,0,0.0,0.0,0.0,0.0,-0.01,-1,-1,-0.01,-1,-1,-0.01,-1,-1,-0.01,-1,-1,-0.01,-1,-1,-0.01,-1,-1,-0.01,-1,-1,-0.01,-1,-1,-0.01,-1,-1,-0.01,-1,-1
99926009,2026-05-18 11:36:45+05:30,53198.6,0,0.0,0,0.0,0.0,53282.15,53308.4,52783.45,53710.35,0,0.0,0.0,0.0,0.0,-0.01,-1,-1,-0.01,-1,-1,-0.01,-1,-1,-0.01,-1,-1,-0.01,-1,-1,-0.01,-1,-1,-0.01,-1,-1,-0.01,-1,-1,-0.01,-1,-1,-0.01,-1,-1
99926009,2026-05-18 11:36:45+05:30,53202.4,0,0.0,0,0.0,0.0,53282.15,53308.4,52783.45,53710.35,0,0.0,0.0,0.0,0.0,-0.01,-1,-1,-0.01,-1,-1,-0.01,-1,-1,-0.01,-1,-1,-0.01,-1,-1,-0.01,-1,-1,-0.01,-1,-1,-0.01,-1,-1,-0.01,-1,-1,-0.01,-1,-1
99926009,2026-05-18 11:36:46+05:30,53200.75,0,0.0,0,0.0,0.0,53282.15,53308.4,52783.45,53710.35,0,0.0,0.0,0.0,0.0,-0.01,-1,-1,-0.01,-1,-1,-0.01,-1,-1,-0.01,-1,-1,-0.01,-1,-1,-0.01,-1,-1,-0.01,-1,-1,-0.01,-1,-1,-0.01,-1,-1,-0.01,-1,-1
99926009,2026-05-18 11:36:46+05:30,53199.2,0,0.0,0,0.0,0.0,53282.15,53308.4,52783.45,53710.35,0,0.0,0.0,0.0,0.0,-0.01,-1,-1,-0.01,-1,-1,-0.01,-1,-1,-0.01,-1,-1,-0.01,-1,-1,-0.01,-1,-1,-0.01,-1,-1,-0.01,-1,-1,-0.01,-1,-1,-0.01,-1,-1
99926009,2026-05-18 11:36:47+05:30,53197.8,0,0.0,0,0.0,0.0,53282.15,53308.4,52783.45,53710.35,0,0.0,0.0,0.0,0.0,-0.01,-1,-1,-0.01,-1,-1,-0.01,-1,-1,-0.01,-1,-1,-0.01,-1,-1,-0.01,-1,-1,-0.01,-1,-1,-0.01,-1,-1,-0.01,-1,-1,-0.01,-1,-1
99926009,2026-05-18 11:36:47+05:30,53199.7,0,0.0,0,0.0,0.0,53282.15,53308.4,52783.45,53710.35,0,0.0,0.0,0.0,0.0,-0.01,-1,-1,-0.01,-1,-1,-0.01,-1,-1,-0.01,-1,-1,-0.01,-1,-1,-0.01,-1,-1,-0.01,-1,-1,-0.01,-1,-1,-0.01,-1,-1,-0.01,-1,-1
99926009,2026-05-18 11:36:48+05:30,53197.3,0,0.0,0,0.0,0.0,53282.15,53308.4,52783.45,53710.35,0,0.0,0.0,0.0,0.0,-0.01,-1,-1,-0.01,-1,-1,-0.01,-1,-1,-0.01,-1,-1,-0.01,-1,-1,-0.01,-1,-1,-0.01,-1,-1,-0.01,-1,-1,-0.01,-1,-1,-0.01,-1,-1
99926009,2026-05-18 11:36:48+05:30,53198.1,0,0.0,0,0.0,0.0,53282.15,53308.4,52783.45,53710.35,0,0.0,0.0,0.0,0.0,-0.01,-1,-1,-0.01,-1,-1,-0.01,-1,-1,-0.01,-1,-1,-0.01,-1,-1,-0.01,-1,-1,-0.01,-1,-1,-0.01,-1,-1,-0.01,-1,-1,-0.01,-1,-1
99926009,2026-05-18 11:36:49+05:30,53194.15,0,0.0,0,0.0,0.0,53282.15,53308.4,52783.45,53710.35,0,0.0,0.0,0.0,0.0,-0.01,-1,-1,-0.01,-1,-1,-0.01,-1,-1,-0.01,-1,-1,-0.01,-1,-1,-0.01,-1,-1,-0.01,-1,-1,-0.01,-1,-1,-0.01,-1,-1,-0.01,-1,-1
99926009,2026-05-18 11:36:49+05:30,53196.15,0,0.0,0,0.0,0.0,53282.15,53308.4,52783.45,53710.35,0,0.0,0.0,0.0,0.0,-0.01,-1,-1,-0.01,-1,-1,-0.01,-1,-1,-0.01,-1,-1,-0.01,-1,-1,-0.01,-1,-1,-0.01,-1,-1,-0.01,-1,-1,-0.01,-1,-1,-0.01,-1,-1
99926009,2026-05-18 11:36:50+05:30,53196.15,0,0.0,0,0.0,0.0,53282.15,53308.4,52783.45,53710.35,0,0.0,0.0,0.0,0.0,-0.01,-1,-1,-0.01,-1,-1,-0.01,-1,-1,-0.01,-1,-1,-0.01,-1,-1,-0.01,-1,-1,-0.01,-1,-1,-0.01,-1,-1,-0.01,-1,-1,-0.01,-1,-1
99926009,2026-05-18 11:36:50+05:30,53195.15,0,0.0,0,0.0,0.0,53282.15,53308.4,52783.45,53710.35,0,0.0,0.0,0.0,0.0,-0.01,-1,-1,-0.01,-1,-1,-0.01,-1,-1,-0.01,-1,-1,-0.01,-1,-1,-0.01,-1,-1,-0.01,-1,-1,-0.01,-1,-1,-0.01,-1,-1,-0.01,-1,-1
99926009,2026-05-18 11:36:51+05:30,53194.9,0,0.0,0,0.0,0.0,53282.15,53308.4,52783.45,53710.35,0,0.0,0.0,0.0,0.0,-0.01,-1,-1,-0.01,-1,-1,-0.01,-1,-1,-0.01,-1,-1,-0.01,-1,-1,-0.01,-1,-1,-0.01,-1,-1,-0.01,-1,-1,-0.01,-1,-1,-0.01,-1,-1
99926009,2026-05-18 11:36:51+05:30,53201.0,0,0.0,0,0.0,0.0,53282.15,53308.4,52783.45,53710.35,0,0.0,0.0,0.0,0.0,-0.01,-1,-1,-0.01,-1,-1,-0.01,-1,-1,-0.01,-1,-1,-0.01,-1,-1,-0.01,-1,-1,-0.01,-1,-1,-0.01,-1,-1,-0.01,-1,-1,-0.01,-1,-1
99926009,2026-05-18 11:36:52+05:30,53199.6,0,0.0,0,0.0,0.0,53282.15,53308.4,52783.45,53710.35,0,0.0,0.0,0.0,0.0,-0.01,-1,-1,-0.01,-1,-1,-0.01,-1,-1,-0.01,-1,-1,-0.01,-1,-1,-0.01,-1,-1,-0.01,-1,-1,-0.01,-1,-1,-0.01,-1,-1,-0.01,-1,-1
99926009,2026-05-18 11:36:52+05:30,53199.75,0,0.0,0,0.0,0.0,53282.15,53308.4,52783.45,53710.35,0,0.0,0.0,0.0,0.0,-0.01,-1,-1,-0.01,-1,-1,-0.01,-1,-1,-0.01,-1,-1,-0.01,-1,-1,-0.01,-1,-1,-0.01,-1,-1,-0.01,-1,-1,-0.01,-1,-1,-0.01,-1,-1
99926009,2026-05-18 11:36:53+05:30,53203.2,0,0.0,0,0.0,0.0,53282.15,53308.4,52783.45,53710.35,0,0.0,0.0,0.0,0.0,-0.01,-1,-1,-0.01,-1,-1,-0.01,-1,-1,-0.01,-1,-1,-0.01,-1,-1,-0.01,-1,-1,-0.01,-1,-1,-0.01,-1,-1,-0.01,-1,-1,-0.01,-1,-1
99926009,2026-05-18 11:36:53+05:30,53200.6,0,0.0,0,0.0,0.0,53282.15,53308.4,52783.45,53710.35,0,0.0,0.0,0.0,0.0,-0.01,-1,-1,-0.01,-1,-1,-0.01,-1,-1,-0.01,-1,-1,-0.01,-1,-1,-0.01,-1,-1,-0.01,-1,-1,-0.01,-1,-1,-0.01,-1,-1,-0.01,-1,-1
99926009,2026-05-18 11:36:54+05:30,53204.9,0,0.0,0,0.0,0.0,53282.15,53308.4,52783.45,53710.35,0,0.0,0.0,0.0,0.0,-0.01,-1,-1,-0.01,-1,-1,-0.01,-1,-1,-0.01,-1,-1,-0.01,-1,-1,-0.01,-1,-1,-0.01,-1,-1,-0.01,-1,-1,-0.01,-1,-1,-0.01,-1,-1
99926009,2026-05-18 11:36:54+05:30,53205.45,0,0.0,0,0.0,0.0,53282.15,53308.4,52783.45,53710.35,0,0.0,0.0,0.0,0.0,-0.01,-1,-1,-0.01,-1,-1,-0.01,-1,-1,-0.01,-1,-1,-0.01,-1,-1,-0.01,-1,-1,-0.01,-1,-1,-0.01,-1,-1,-0.01,-1,-1,-0.01,-1,-1
99926009,2026-05-18 11:36:55+05:30,53202.15,0,0.0,0,0.0,0.0,53282.15,53308.4,52783.45,53710.35,0,0.0,0.0,0.0,0.0,-0.01,-1,-1,-0.01,-1,-1,-0.01,-1,-1,-0.01,-1,-1,-0.01,-1,-1,-0.01,-1,-1,-0.01,-1,-1,-0.01,-1,-1,-0.01,-1,-1,-0.01,-1,-1
99926009,2026-05-18 11:36:55+05:30,53210.45,0,0.0,0,0.0,0.0,53282.15,53308.4,52783.45,53710.35,0,0.0,0.0,0.0,0.0,-0.01,-1,-1,-0.01,-1,-1,-0.01,-1,-1,-0.01,-1,-1,-0.01,-1,-1,-0.01,-1,-1,-0.01,-1,-1,-0.01,-1,-1,-0.01,-1,-1,-0.01,-1,-1
99926009,2026-05-18 11:36:56+05:30,53212.25,0,0.0,0,0.0,0.0,53282.15,53308.4,52783.45,53710.35,0,0.0,0.0,0.0,0.0,-0.01,-1,-1,-0.01,-1,-1,-0.01,-1,-1,-0.01,-1,-1,-0.01,-1,-1,-0.01,-1,-1,-0.01,-1,-1,-0.01,-1,-1,-0.01,-1,-1,-0.01,-1,-1
99926009,2026-05-18 11:36:56+05:30,53213.15,0,0.0,0,0.0,0.0,53282.15,53308.4,52783.45,53710.35,0,0.0,0.0,0.0,0.0,-0.01,-1,-1,-0.01,-1,-1,-0.01,-1,-1,-0.01,-1,-1,-0.01,-1,-1,-0.01,-1,-1,-0.01,-1,-1,-0.01,-1,-1,-0.01,-1,-1,-0.01,-1,-1
99926009,2026-05-18 11:36:57+05:30,53209.1,0,0.0,0,0.0,0.0,53282.15,53308.4,52783.45,53710.35,0,0.0,0.0,0.0,0.0,-0.01,-1,-1,-0.01,-1,-1,-0.01,-1,-1,-0.01,-1,-1,-0.01,-1,-1,-0.01,-1,-1,-0.01,-1,-1,-0.01,-1,-1,-0.01,-1,-1,-0.01,-1,-1
99926009,2026-05-18 11:36:57+05:30,53209.75,0,0.0,0,0.0,0.0,53282.15,53308.4,52783.45,53710.35,0,0.0,0.0,0.0,0.0,-0.01,-1,-1,-0.01,-1,-1,-0.01,-1,-1,-0.01,-1,-1,-0.01,-1,-1,-0.01,-1,-1,-0.01,-1,-1,-0.01,-1,-1,-0.01,-1,-1,-0.01,-1,-1
99926009,2026-05-18 11:36:58+05:30,53208.8,0,0.0,0,0.0,0.0,53282.15,53308.4,52783.45,53710.35,0,0.0,0.0,0.0,0.0,-0.01,-1,-1,-0.01,-1,-1,-0.01,-1,-1,-0.01,-1,-1,-0.01,-1,-1,-0.01,-1,-1,-0.01,-1,-1,-0.01,-1,-1,-0.01,-1,-1,-0.01,-1,-1
99926009,2026-05-18 11:36:58+05:30,53208.8,0,0.0,0,0.0,0.0,53282.15,53308.4,52783.45,53710.35,0,0.0,0.0,0.0,0.0,-0.01,-1,-1,-0.01,-1,-1,-0.01,-1,-1,-0.01,-1,-1,-0.01,-1,-1,-0.01,-1,-1,-0.01,-1,-1,-0.01,-1,-1,-0.01,-1,-1,-0.01,-1,-1
99926009,2026-05-18 11:36:59+05:30,53206.75,0,0.0,0,0.0,0.0,53282.15,53308.4,52783.45,53710.35,0,0.0,0.0,0.0,0.0,-0.01,-1,-1,-0.01,-1,-1,-0.01,-1,-1,-0.01,-1,-1,-0.01,-1,-1,-0.01,-1,-1,-0.01,-1,-1,-0.01,-1,-1,-0.01,-1,-1,-0.01,-1,-1
99926009,2026-05-18 11:36:59+05:30,53211.0,0,0.0,0,0.0,0.0,53282.15,53308.4,52783.45,53710.35,0,0.0,0.0,0.0,0.0,-0.01,-1,-1,-0.01,-1,-1,-0.01,-1,-1,-0.01,-1,-1,-0.01,-1,-1,-0.01,-1,-1,-0.01,-1,-1,-0.01,-1,-1,-0.01,-1,-1,-0.01,-1,-1
99926009,2026-05-18 11:37:00+05:30,53213.15,0,0.0,0,0.0,0.0,53282.15,53308.4,52783.45,53710.35,0,0.0,0.0,0.0,0.0,-0.01,-1,-1,-0.01,-1,-1,-0.01,-1,-1,-0.01,-1,-1,-0.01,-1,-1,-0.01,-1,-1,-0.01,-1,-1,-0.01,-1,-1,-0.01,-1,-1,-0.01,-1,-1
99926009,2026-05-18 11:37:00+05:30,53212.05,0,0.0,0,0.0,0.0,53282.15,53308.4,52783.45,53710.35,0,0.0,0.0,0.0,0.0,-0.01,-1,-1,-0.01,-1,-1,-0.01,-1,-1,-0.01,-1,-1,-0.01,-1,-1,-0.01,-1,-1,-0.01,-1,-1,-0.01,-1,-1,-0.01,-1,-1,-0.01,-1,-1
99926009,2026-05-18 11:37:01+05:30,53212.7,0,0.0,0,0.0,0.0,53282.15,53308.4,52783.45,53710.35,0,0.0,0.0,0.0,0.0,-0.01,-1,-1,-0.01,-1,-1,-0.01,-1,-1,-0.01,-1,-1,-0.01,-1,-1,-0.01,-1,-1,-0.01,-1,-1,-0.01,-1,-1,-0.01,-1,-1,-0.01,-1,-1
99926009,2026-05-18 11:37:01+05:30,53214.85,0,0.0,0,0.0,0.0,53282.15,53308.4,52783.45,53710.35,0,0.0,0.0,0.0,0.0,-0.01,-1,-1,-0.01,-1,-1,-0.01,-1,-1,-0.01,-1,-1,-0.01,-1,-1,-0.01,-1,-1,-0.01,-1,-1,-0.01,-1,-1,-0.01,-1,-1,-0.01,-1,-1
99926009,2026-05-18 11:37:02+05:30,53216.25,0,0.0,0,0.0,0.0,53282.15,53308.4,52783.45,53710.35,0,0.0,0.0,0.0,0.0,-0.01,-1,-1,-0.01,-1,-1,-0.01,-1,-1,-0.01,-1,-1,-0.01,-1,-1,-0.01,-1,-1,-0.01,-1,-1,-0.01,-1,-1,-0.01,-1,-1,-0.01,-1,-1
99926009,2026-05-18 11:37:02+05:30,53213.15,0,0.0,0,0.0,0.0,53282.15,53308.4,52783.45,53710.35,0,0.0,0.0,0.0,0.0,-0.01,-1,-1,-0.01,-1,-1,-0.01,-1,-1,-0.01,-1,-1,-0.01,-1,-1,-0.01,-1,-1,-0.01,-1,-1,-0.01,-1,-1,-0.01,-1,-1,-0.01,-1,-1
99926009,2026-05-18 11:37:03+05:30,53211.55,0,0.0,0,0.0,0.0,53282.15,53308.4,52783.45,53710.35,0,0.0,0.0,0.0,0.0,-0.01,-1,-1,-0.01,-1,-1,-0.01,-1,-1,-0.01,-1,-1,-0.01,-1,-1,-0.01,-1,-1,-0.01,-1,-1,-0.01,-1,-1,-0.01,-1,-1,-0.01,-1,-1
99926009,2026-05-18 11:37:03+05:30,53214.75,0,0.0,0,0.0,0.0,53282.15,53308.4,52783.45,53710.35,0,0.0,0.0,0.0,0.0,-0.01,-1,-1,-0.01,-1,-1,-0.01,-1,-1,-0.01,-1,-1,-0.01,-1,-1,-0.01,-1,-1,-0.01,-1,-1,-0.01,-1,-1,-0.01,-1,-1,-0.01,-1,-1
99926009,2026-05-18 11:37:04+05:30,53213.05,0,0.0,0,0.0,0.0,53282.15,53308.4,52783.45,53710.35,0,0.0,0.0,0.0,0.0,-0.01,-1,-1,-0.01,-1,-1,-0.01,-1,-1,-0.01,-1,-1,-0.01,-1,-1,-0.01,-1,-1,-0.01,-1,-1,-0.01,-1,-1,-0.01,-1,-1,-0.01,-1,-1
99926009,2026-05-18 11:37:04+05:30,53212.6,0,0.0,0,0.0,0.0,53282.15,53308.4,52783.45,53710.35,0,0.0,0.0,0.0,0.0,-0.01,-1,-1,-0.01,-1,-1,-0.01,-1,-1,-0.01,-1,-1,-0.01,-1,-1,-0.01,-1,-1,-0.01,-1,-1,-0.01,-1,-1,-0.01,-1,-1,-0.01,-1,-1
99926009,2026-05-18 11:37:05+05:30,53206.35,0,0.0,0,0.0,0.0,53282.15,53308.4,52783.45,53710.35,0,0.0,0.0,0.0,0.0,-0.01,-1,-1,-0.01,-1,-1,-0.01,-1,-1,-0.01,-1,-1,-0.01,-1,-1,-0.01,-1,-1,-0.01,-1,-1,-0.01,-1,-1,-0.01,-1,-1,-0.01,-1,-1
99926009,2026-05-18 11:37:05+05:30,53211.65,0,0.0,0,0.0,0.0,53282.15,53308.4,52783.45,53710.35,0,0.0,0.0,0.0,0.0,-0.01,-1,-1,-0.01,-1,-1,-0.01,-1,-1,-0.01,-1,-1,-0.01,-1,-1,-0.01,-1,-1,-0.01,-1,-1,-0.01,-1,-1,-0.01,-1,-1,-0.01,-1,-1
99926009,2026-05-18 11:37:06+05:30,53210.55,0,0.0,0,0.0,0.0,53282.15,53308.4,52783.45,53710.35,0,0.0,0.0,0.0,0.0,-0.01,-1,-1,-0.01,-1,-1,-0.01,-1,-1,-0.01,-1,-1,-0.01,-1,-1,-0.01,-1,-1,-0.01,-1,-1,-0.01,-1,-1,-0.01,-1,-1,-0.01,-1,-1
99926009,2026-05-18 11:37:06+05:30,53209.9,0,0.0,0,0.0,0.0,53282.15,53308.4,52783.45,53710.35,0,0.0,0.0,0.0,0.0,-0.01,-1,-1,-0.01,-1,-1,-0.01,-1,-1,-0.01,-1,-1,-0.01,-1,-1,-0.01,-1,-1,-0.01,-1,-1,-0.01,-1,-1,-0.01,-1,-1,-0.01,-1,-1
99926009,2026-05-18 11:37:07+05:30,53205.7,0,0.0,0,0.0,0.0,53282.15,53308.4,52783.45,53710.35,0,0.0,0.0,0.0,0.0,-0.01,-1,-1,-0.01,-1,-1,-0.01,-1,-1,-0.01,-1,-1,-0.01,-1,-1,-0.01,-1,-1,-0.01,-1,-1,-0.01,-1,-1,-0.01,-1,-1,-0.01,-1,-1
99926009,2026-05-18 11:37:07+05:30,53209.75,0,0.0,0,0.0,0.0,53282.15,53308.4,52783.45,53710.35,0,0.0,0.0,0.0,0.0,-0.01,-1,-1,-0.01,-1,-1,-0.01,-1,-1,-0.01,-1,-1,-0.01,-1,-1,-0.01,-1,-1,-0.01,-1,-1,-0.01,-1,-1,-0.01,-1,-1,-0.01,-1,-1
99926009,2026-05-18 11:37:08+05:30,53206.65,0,0.0,0,0.0,0.0,53282.15,53308.4,52783.45,53710.35,0,0.0,0.0,0.0,0.0,-0.01,-1,-1,-0.01,-1,-1,-0.01,-1,-1,-0.01,-1,-1,-0.01,-1,-1,-0.01,-1,-1,-0.01,-1,-1,-0.01,-1,-1,-0.01,-1,-1,-0.01,-1,-1
99926009,2026-05-18 11:37:08+05:30,53205.95,0,0.0,0,0.0,0.0,53282.15,53308.4,52783.45,53710.35,0,0.0,0.0,0.0,0.0,-0.01,-1,-1,-0.01,-1,-1,-0.01,-1,-1,-0.01,-1,-1,-0.01,-1,-1,-0.01,-1,-1,-0.01,-1,-1,-0.01,-1,-1,-0.01,-1,-1,-0.01,-1,-1
99926009,2026-05-18 11:37:09+05:30,53204.25,0,0.0,0,0.0,0.0,53282.15,53308.4,52783.45,53710.35,0,0.0,0.0,0.0,0.0,-0.01,-1,-1,-0.01,-1,-1,-0.01,-1,-1,-0.01,-1,-1,-0.01,-1,-1,-0.01,-1,-1,-0.01,-1,-1,-0.01,-1,-1,-0.01,-1,-1,-0.01,-1,-1
99926009,2026-05-18 11:37:09+05:30,53210.0,0,0.0,0,0.0,0.0,53282.15,53308.4,52783.45,53710.35,0,0.0,0.0,0.0,0.0,-0.01,-1,-1,-0.01,-1,-1,-0.01,-1,-1,-0.01,-1,-1,-0.01,-1,-1,-0.01,-1,-1,-0.01,-1,-1,-0.01,-1,-1,-0.01,-1,-1,-0.01,-1,-1
99926009,2026-05-18 11:37:10+05:30,53209.2,0,0.0,0,0.0,0.0,53282.15,53308.4,52783.45,53710.35,0,0.0,0.0,0.0,0.0,-0.01,-1,-1,-0.01,-1,-1,-0.01,-1,-1,-0.01,-1,-1,-0.01,-1,-1,-0.01,-1,-1,-0.01,-1,-1,-0.01,-1,-1,-0.01,-1,-1,-0.01,-1,-1
99926009,2026-05-18 11:37:10+05:30,53211.0,0,0.0,0,0.0,0.0,53282.15,53308.4,52783.45,53710.35,0,0.0,0.0,0.0,0.0,-0.01,-1,-1,-0.01,-1,-1,-0.01,-1,-1,-0.01,-1,-1,-0.01,-1,-1,-0.01,-1,-1,-0.01,-1,-1,-0.01,-1,-1,-0.01,-1,-1,-0.01,-1,-1
99926009,2026-05-18 11:37:11+05:30,53210.55,0,0.0,0,0.0,0.0,53282.15,53308.4,52783.45,53710.35,0,0.0,0.0,0.0,0.0,-0.01,-1,-1,-0.01,-1,-1,-0.01,-1,-1,-0.01,-1,-1,-0.01,-1,-1,-0.01,-1,-1,-0.01,-1,-1,-0.01,-1,-1,-0.01,-1,-1,-0.01,-1,-1
99926009,2026-05-18 11:37:11+05:30,53209.25,0,0.0,0,0.0,0.0,53282.15,53308.4,52783.45,53710.35,0,0.0,0.0,0.0,0.0,-0.01,-1,-1,-0.01,-1,-1,-0.01,-1,-1,-0.01,-1,-1,-0.01,-1,-1,-0.01,-1,-1,-0.01,-1,-1,-0.01,-1,-1,-0.01,-1,-1,-0.01,-1,-1
99926009,2026-05-18 11:37:12+05:30,53211.35,0,0.0,0,0.0,0.0,53282.15,53308.4,52783.45,53710.35,0,0.0,0.0,0.0,0.0,-0.01,-1,-1,-0.01,-1,-1,-0.01,-1,-1,-0.01,-1,-1,-0.01,-1,-1,-0.01,-1,-1,-0.01,-1,-1,-0.01,-1,-1,-0.01,-1,-1,-0.01,-1,-1
99926009,2026-05-18 11:37:12+05:30,53209.45,0,0.0,0,0.0,0.0,53282.15,53308.4,52783.45,53710.35,0,0.0,0.0,0.0,0.0,-0.01,-1,-1,-0.01,-1,-1,-0.01,-1,-1,-0.01,-1,-1,-0.01,-1,-1,-0.01,-1,-1,-0.01,-1,-1,-0.01,-1,-1,-0.01,-1,-1,-0.01,-1,-1
99926009,2026-05-18 11:37:13+05:30,53209.45,0,0.0,0,0.0,0.0,53282.15,53308.4,52783.45,53710.35,0,0.0,0.0,0.0,0.0,-0.01,-1,-1,-0.01,-1,-1,-0.01,-1,-1,-0.01,-1,-1,-0.01,-1,-1,-0.01,-1,-1,-0.01,-1,-1,-0.01,-1,-1,-0.01,-1,-1,-0.01,-1,-1
99926009,2026-05-18 11:37:13+05:30,53209.5,0,0.0,0,0.0,0.0,53282.15,53308.4,52783.45,53710.35,0,0.0,0.0,0.0,0.0,-0.01,-1,-1,-0.01,-1,-1,-0.01,-1,-1,-0.01,-1,-1,-0.01,-1,-1,-0.01,-1,-1,-0.01,-1,-1,-0.01,-1,-1,-0.01,-1,-1,-0.01,-1,-1
99926009,2026-05-18 11:37:14+05:30,53207.75,0,0.0,0,0.0,0.0,53282.15,53308.4,52783.45,53710.35,0,0.0,0.0,0.0,0.0,-0.01,-1,-1,-0.01,-1,-1,-0.01,-1,-1,-0.01,-1,-1,-0.01,-1,-1,-0.01,-1,-1,-0.01,-1,-1,-0.01,-1,-1,-0.01,-1,-1,-0.01,-1,-1
99926009,2026-05-18 11:37:14+05:30,53207.2,0,0.0,0,0.0,0.0,53282.15,53308.4,52783.45,53710.35,0,0.0,0.0,0.0,0.0,-0.01,-1,-1,-0.01,-1,-1,-0.01,-1,-1,-0.01,-1,-1,-0.01,-1,-1,-0.01,-1,-1,-0.01,-1,-1,-0.01,-1,-1,-0.01,-1,-1,-0.01,-1,-1
99926009,2026-05-18 11:37:15+05:30,53206.7,0,0.0,0,0.0,0.0,53282.15,53308.4,52783.45,53710.35,0,0.0,0.0,0.0,0.0,-0.01,-1,-1,-0.01,-1,-1,-0.01,-1,-1,-0.01,-1,-1,-0.01,-1,-1,-0.01,-1,-1,-0.01,-1,-1,-0.01,-1,-1,-0.01,-1,-1,-0.01,-1,-1
99926009,2026-05-18 11:37:15+05:30,53208.4,0,0.0,0,0.0,0.0,53282.15,53308.4,52783.45,53710.35,0,0.0,0.0,0.0,0.0,-0.01,-1,-1,-0.01,-1,-1,-0.01,-1,-1,-0.01,-1,-1,-0.01,-1,-1,-0.01,-1,-1,-0.01,-1,-1,-0.01,-1,-1,-0.01,-1,-1,-0.01,-1,-1
99926009,2026-05-18 11:37:16+05:30,53204.15,0,0.0,0,0.0,0.0,53282.15,53308.4,52783.45,53710.35,0,0.0,0.0,0.0,0.0,-0.01,-1,-1,-0.01,-1,-1,-0.01,-1,-1,-0.01,-1,-1,-0.01,-1,-1,-0.01,-1,-1,-0.01,-1,-1,-0.01,-1,-1,-0.01,-1,-1,-0.01,-1,-1
99926009,2026-05-18 11:37:16+05:30,53206.85,0,0.0,0,0.0,0.0,53282.15,53308.4,52783.45,53710.35,0,0.0,0.0,0.0,0.0,-0.01,-1,-1,-0.01,-1,-1,-0.01,-1,-1,-0.01,-1,-1,-0.01,-1,-1,-0.01,-1,-1,-0.01,-1,-1,-0.01,-1,-1,-0.01,-1,-1,-0.01,-1,-1
99926009,2026-05-18 11:37:17+05:30,53206.5,0,0.0,0,0.0,0.0,53282.15,53308.4,52783.45,53710.35,0,0.0,0.0,0.0,0.0,-0.01,-1,-1,-0.01,-1,-1,-0.01,-1,-1,-0.01,-1,-1,-0.01,-1,-1,-0.01,-1,-1,-0.01,-1,-1,-0.01,-1,-1,-0.01,-1,-1,-0.01,-1,-1
99926009,2026-05-18 11:37:17+05:30,53203.8,0,0.0,0,0.0,0.0,53282.15,53308.4,52783.45,53710.35,0,0.0,0.0,0.0,0.0,-0.01,-1,-1,-0.01,-1,-1,-0.01,-1,-1,-0.01,-1,-1,-0.01,-1,-1,-0.01,-1,-1,-0.01,-1,-1,-0.01,-1,-1,-0.01,-1,-1,-0.01,-1,-1
99926009,2026-05-18 11:37:18+05:30,53206.3,0,0.0,0,0.0,0.0,53282.15,53308.4,52783.45,53710.35,0,0.0,0.0,0.0,0.0,-0.01,-1,-1,-0.01,-1,-1,-0.01,-1,-1,-0.01,-1,-1,-0.01,-1,-1,-0.01,-1,-1,-0.01,-1,-1,-0.01,-1,-1,-0.01,-1,-1,-0.01,-1,-1
99926009,2026-05-18 11:37:18+05:30,53203.2,0,0.0,0,0.0,0.0,53282.15,53308.4,52783.45,53710.35,0,0.0,0.0,0.0,0.0,-0.01,-1,-1,-0.01,-1,-1,-0.01,-1,-1,-0.01,-1,-1,-0.01,-1,-1,-0.01,-1,-1,-0.01,-1,-1,-0.01,-1,-1,-0.01,-1,-1,-0.01,-1,-1
99926009,2026-05-18 11:37:19+05:30,53204.5,0,0.0,0,0.0,0.0,53282.15,53308.4,52783.45,53710.35,0,0.0,0.0,0.0,0.0,-0.01,-1,-1,-0.01,-1,-1,-0.01,-1,-1,-0.01,-1,-1,-0.01,-1,-1,-0.01,-1,-1,-0.01,-1,-1,-0.01,-1,-1,-0.01,-1,-1,-0.01,-1,-1
99926009,2026-05-18 11:37:19+05:30,53205.9,0,0.0,0,0.0,0.0,53282.15,53308.4,52783.45,53710.35,0,0.0,0.0,0.0,0.0,-0.01,-1,-1,-0.01,-1,-1,-0.01,-1,-1,-0.01,-1,-1,-0.01,-1,-1,-0.01,-1,-1,-0.01,-1,-1,-0.01,-1,-1,-0.01,-1,-1,-0.01,-1,-1
99926009,2026-05-18 11:37:20+05:30,53206.95,0,0.0,0,0.0,0.0,53282.15,53308.4,52783.45,53710.35,0,0.0,0.0,0.0,0.0,-0.01,-1,-1,-0.01,-1,-1,-0.01,-1,-1,-0.01,-1,-1,-0.01,-1,-1,-0.01,-1,-1,-0.01,-1,-1,-0.01,-1,-1,-0.01,-1,-1,-0.01,-1,-1
99926009,2026-05-18 11:37:20+05:30,53205.35,0,0.0,0,0.0,0.0,53282.15,53308.4,52783.45,53710.35,0,0.0,0.0,0.0,0.0,-0.01,-1,-1,-0.01,-1,-1,-0.01,-1,-1,-0.01,-1,-1,-0.01,-1,-1,-0.01,-1,-1,-0.01,-1,-1,-0.01,-1,-1,-0.01,-1,-1,-0.01,-1,-1
99926009,2026-05-18 11:37:21+05:30,53204.45,0,0.0,0,0.0,0.0,53282.15,53308.4,52783.45,53710.35,0,0.0,0.0,0.0,0.0,-0.01,-1,-1,-0.01,-1,-1,-0.01,-1,-1,-0.01,-1,-1,-0.01,-1,-1,-0.01,-1,-1,-0.01,-1,-1,-0.01,-1,-1,-0.01,-1,-1,-0.01,-1,-1
99926009,2026-05-18 11:37:21+05:30,53203.8,0,0.0,0,0.0,0.0,53282.15,53308.4,52783.45,53710.35,0,0.0,0.0,0.0,0.0,-0.01,-1,-1,-0.01,-1,-1,-0.01,-1,-1,-0.01,-1,-1,-0.01,-1,-1,-0.01,-1,-1,-0.01,-1,-1,-0.01,-1,-1,-0.01,-1,-1,-0.01,-1,-1
99926009,2026-05-18 11:37:22+05:30,53202.75,0,0.0,0,0.0,0.0,53282.15,53308.4,52783.45,53710.35,0,0.0,0.0,0.0,0.0,-0.01,-1,-1,-0.01,-1,-1,-0.01,-1,-1,-0.01,-1,-1,-0.01,-1,-1,-0.01,-1,-1,-0.01,-1,-1,-0.01,-1,-1,-0.01,-1,-1,-0.01,-1,-1
99926009,2026-05-18 11:37:22+05:30,53203.85,0,0.0,0,0.0,0.0,53282.15,53308.4,52783.45,53710.35,0,0.0,0.0,0.0,0.0,-0.01,-1,-1,-0.01,-1,-1,-0.01,-1,-1,-0.01,-1,-1,-0.01,-1,-1,-0.01,-1,-1,-0.01,-1,-1,-0.01,-1,-1,-0.01,-1,-1,-0.01,-1,-1
99926009,2026-05-18 11:37:23+05:30,53204.65,0,0.0,0,0.0,0.0,53282.15,53308.4,52783.45,53710.35,0,0.0,0.0,0.0,0.0,-0.01,-1,-1,-0.01,-1,-1,-0.01,-1,-1,-0.01,-1,-1,-0.01,-1,-1,-0.01,-1,-1,-0.01,-1,-1,-0.01,-1,-1,-0.01,-1,-1,-0.01,-1,-1
99926009,2026-05-18 11:37:23+05:30,53204.3,0,0.0,0,0.0,0.0,53282.15,53308.4,52783.45,53710.35,0,0.0,0.0,0.0,0.0,-0.01,-1,-1,-0.01,-1,-1,-0.01,-1,-1,-0.01,-1,-1,-0.01,-1,-1,-0.01,-1,-1,-0.01,-1,-1,-0.01,-1,-1,-0.01,-1,-1,-0.01,-1,-1
99926009,2026-05-18 11:37:24+05:30,53203.8,0,0.0,0,0.0,0.0,53282.15,53308.4,52783.45,53710.35,0,0.0,0.0,0.0,0.0,-0.01,-1,-1,-0.01,-1,-1,-0.01,-1,-1,-0.01,-1,-1,-0.01,-1,-1,-0.01,-1,-1,-0.01,-1,-1,-0.01,-1,-1,-0.01,-1,-1,-0.01,-1,-1
99926009,2026-05-18 11:37:24+05:30,53205.25,0,0.0,0,0.0,0.0,53282.15,53308.4,52783.45,53710.35,0,0.0,0.0,0.0,0.0,-0.01,-1,-1,-0.01,-1,-1,-0.01,-1,-1,-0.01,-1,-1,-0.01,-1,-1,-0.01,-1,-1,-0.01,-1,-1,-0.01,-1,-1,-0.01,-1,-1,-0.01,-1,-1
99926009,2026-05-18 11:37:25+05:30,53206.95,0,0.0,0,0.0,0.0,53282.15,53308.4,52783.45,53710.35,0,0.0,0.0,0.0,0.0,-0.01,-1,-1,-0.01,-1,-1,-0.01,-1,-1,-0.01,-1,-1,-0.01,-1,-1,-0.01,-1,-1,-0.01,-1,-1,-0.01,-1,-1,-0.01,-1,-1,-0.01,-1,-1
99926009,2026-05-18 11:37:25+05:30,53205.3,0,0.0,0,0.0,0.0,53282.15,53308.4,52783.45,53710.35,0,0.0,0.0,0.0,0.0,-0.01,-1,-1,-0.01,-1,-1,-0.01,-1,-1,-0.01,-1,-1,-0.01,-1,-1,-0.01,-1,-1,-0.01,-1,-1,-0.01,-1,-1,-0.01,-1,-1,-0.01,-1,-1
99926009,2026-05-18 11:37:26+05:30,53204.65,0,0.0,0,0.0,0.0,53282.15,53308.4,52783.45,53710.35,0,0.0,0.0,0.0,0.0,-0.01,-1,-1,-0.01,-1,-1,-0.01,-1,-1,-0.01,-1,-1,-0.01,-1,-1,-0.01,-1,-1,-0.01,-1,-1,-0.01,-1,-1,-0.01,-1,-1,-0.01,-1,-1
99926009,2026-05-18 11:37:26+05:30,53205.4,0,0.0,0,0.0,0.0,53282.15,53308.4,52783.45,53710.35,0,0.0,0.0,0.0,0.0,-0.01,-1,-1,-0.01,-1,-1,-0.01,-1,-1,-0.01,-1,-1,-0.01,-1,-1,-0.01,-1,-1,-0.01,-1,-1,-0.01,-1,-1,-0.01,-1,-1,-0.01,-1,-1
99926009,2026-05-18 11:37:27+05:30,53203.3,0,0.0,0,0.0,0.0,53282.15,53308.4,52783.45,53710.35,0,0.0,0.0,0.0,0.0,-0.01,-1,-1,-0.01,-1,-1,-0.01,-1,-1,-0.01,-1,-1,-0.01,-1,-1,-0.01,-1,-1,-0.01,-1,-1,-0.01,-1,-1,-0.01,-1,-1,-0.01,-1,-1
99926009,2026-05-18 11:37:27+05:30,53200.25,0,0.0,0,0.0,0.0,53282.15,53308.4,52783.45,53710.35,0,0.0,0.0,0.0,0.0,-0.01,-1,-1,-0.01,-1,-1,-0.01,-1,-1,-0.01,-1,-1,-0.01,-1,-1,-0.01,-1,-1,-0.01,-1,-1,-0.01,-1,-1,-0.01,-1,-1,-0.01,-1,-1
99926009,2026-05-18 11:37:28+05:30,53199.2,0,0.0,0,0.0,0.0,53282.15,53308.4,52783.45,53710.35,0,0.0,0.0,0.0,0.0,-0.01,-1,-1,-0.01,-1,-1,-0.01,-1,-1,-0.01,-1,-1,-0.01,-1,-1,-0.01,-1,-1,-0.01,-1,-1,-0.01,-1,-1,-0.01,-1,-1,-0.01,-1,-1
99926009,2026-05-18 11:37:28+05:30,53199.4,0,0.0,0,0.0,0.0,53282.15,53308.4,52783.45,53710.35,0,0.0,0.0,0.0,0.0,-0.01,-1,-1,-0.01,-1,-1,-0.01,-1,-1,-0.01,-1,-1,-0.01,-1,-1,-0.01,-1,-1,-0.01,-1,-1,-0.01,-1,-1,-0.01,-1,-1,-0.01,-1,-1
99926009,2026-05-18 11:37:29+05:30,53200.4,0,0.0,0,0.0,0.0,53282.15,53308.4,52783.45,53710.35,0,0.0,0.0,0.0,0.0,-0.01,-1,-1,-0.01,-1,-1,-0.01,-1,-1,-0.01,-1,-1,-0.01,-1,-1,-0.01,-1,-1,-0.01,-1,-1,-0.01,-1,-1,-0.01,-1,-1,-0.01,-1,-1
99926009,2026-05-18 11:37:29+05:30,53200.05,0,0.0,0,0.0,0.0,53282.15,53308.4,52783.45,53710.35,0,0.0,0.0,0.0,0.0,-0.01,-1,-1,-0.01,-1,-1,-0.01,-1,-1,-0.01,-1,-1,-0.01,-1,-1,-0.01,-1,-1,-0.01,-1,-1,-0.01,-1,-1,-0.01,-1,-1,-0.01,-1,-1
99926009,2026-05-18 11:37:30+05:30,53200.4,0,0.0,0,0.0,0.0,53282.15,53308.4,52783.45,53710.35,0,0.0,0.0,0.0,0.0,-0.01,-1,-1,-0.01,-1,-1,-0.01,-1,-1,-0.01,-1,-1,-0.01,-1,-1,-0.01,-1,-1,-0.01,-1,-1,-0.01,-1,-1,-0.01,-1,-1,-0.01,-1,-1
99926009,2026-05-18 11:37:30+05:30,53200.55,0,0.0,0,0.0,0.0,53282.15,53308.4,52783.45,53710.35,0,0.0,0.0,0.0,0.0,-0.01,-1,-1,-0.01,-1,-1,-0.01,-1,-1,-0.01,-1,-1,-0.01,-1,-1,-0.01,-1,-1,-0.01,-1,-1,-0.01,-1,-1,-0.01,-1,-1,-0.01,-1,-1
99926009,2026-05-18 11:37:31+05:30,53196.6,0,0.0,0,0.0,0.0,53282.15,53308.4,52783.45,53710.35,0,0.0,0.0,0.0,0.0,-0.01,-1,-1,-0.01,-1,-1,-0.01,-1,-1,-0.01,-1,-1,-0.01,-1,-1,-0.01,-1,-1,-0.01,-1,-1,-0.01,-1,-1,-0.01,-1,-1,-0.01,-1,-1
99926009,2026-05-18 11:37:31+05:30,53198.25,0,0.0,0,0.0,0.0,53282.15,53308.4,52783.45,53710.35,0,0.0,0.0,0.0,0.0,-0.01,-1,-1,-0.01,-1,-1,-0.01,-1,-1,-0.01,-1,-1,-0.01,-1,-1,-0.01,-1,-1,-0.01,-1,-1,-0.01,-1,-1,-0.01,-1,-1,-0.01,-1,-1
99926009,2026-05-18 11:37:32+05:30,53201.0,0,0.0,0,0.0,0.0,53282.15,53308.4,52783.45,53710.35,0,0.0,0.0,0.0,0.0,-0.01,-1,-1,-0.01,-1,-1,-0.01,-1,-1,-0.01,-1,-1,-0.01,-1,-1,-0.01,-1,-1,-0.01,-1,-1,-0.01,-1,-1,-0.01,-1,-1,-0.01,-1,-1
99926009,2026-05-18 11:37:32+05:30,53202.2,0,0.0,0,0.0,0.0,53282.15,53308.4,52783.45,53710.35,0,0.0,0.0,0.0,0.0,-0.01,-1,-1,-0.01,-1,-1,-0.01,-1,-1,-0.01,-1,-1,-0.01,-1,-1,-0.01,-1,-1,-0.01,-1,-1,-0.01,-1,-1,-0.01,-1,-1,-0.01,-1,-1
99926009,2026-05-18 11:37:33+05:30,53201.0,0,0.0,0,0.0,0.0,53282.15,53308.4,52783.45,53710.35,0,0.0,0.0,0.0,0.0,-0.01,-1,-1,-0.01,-1,-1,-0.01,-1,-1,-0.01,-1,-1,-0.01,-1,-1,-0.01,-1,-1,-0.01,-1,-1,-0.01,-1,-1,-0.01,-1,-1,-0.01,-1,-1
99926009,2026-05-18 11:37:33+05:30,53202.95,0,0.0,0,0.0,0.0,53282.15,53308.4,52783.45,53710.35,0,0.0,0.0,0.0,0.0,-0.01,-1,-1,-0.01,-1,-1,-0.01,-1,-1,-0.01,-1,-1,-0.01,-1,-1,-0.01,-1,-1,-0.01,-1,-1,-0.01,-1,-1,-0.01,-1,-1,-0.01,-1,-1
99926009,2026-05-18 11:37:34+05:30,53201.8,0,0.0,0,0.0,0.0,53282.15,53308.4,52783.45,53710.35,0,0.0,0.0,0.0,0.0,-0.01,-1,-1,-0.01,-1,-1,-0.01,-1,-1,-0.01,-1,-1,-0.01,-1,-1,-0.01,-1,-1,-0.01,-1,-1,-0.01,-1,-1,-0.01,-1,-1,-0.01,-1,-1
99926009,2026-05-18 11:37:34+05:30,53203.6,0,0.0,0,0.0,0.0,53282.15,53308.4,52783.45,53710.35,0,0.0,0.0,0.0,0.0,-0.01,-1,-1,-0.01,-1,-1,-0.01,-1,-1,-0.01,-1,-1,-0.01,-1,-1,-0.01,-1,-1,-0.01,-1,-1,-0.01,-1,-1,-0.01,-1,-1,-0.01,-1,-1
99926009,2026-05-18 11:37:35+05:30,53202.7,0,0.0,0,0.0,0.0,53282.15,53308.4,52783.45,53710.35,0,0.0,0.0,0.0,0.0,-0.01,-1,-1,-0.01,-1,-1,-0.01,-1,-1,-0.01,-1,-1,-0.01,-1,-1,-0.01,-1,-1,-0.01,-1,-1,-0.01,-1,-1,-0.01,-1,-1,-0.01,-1,-1
99926009,2026-05-18 11:37:35+05:30,53204.05,0,0.0,0,0.0,0.0,53282.15,53308.4,52783.45,53710.35,0,0.0,0.0,0.0,0.0,-0.01,-1,-1,-0.01,-1,-1,-0.01,-1,-1,-0.01,-1,-1,-0.01,-1,-1,-0.01,-1,-1,-0.01,-1,-1,-0.01,-1,-1,-0.01,-1,-1,-0.01,-1,-1
99926009,2026-05-18 11:37:36+05:30,53203.95,0,0.0,0,0.0,0.0,53282.15,53308.4,52783.45,53710.35,0,0.0,0.0,0.0,0.0,-0.01,-1,-1,-0.01,-1,-1,-0.01,-1,-1,-0.01,-1,-1,-0.01,-1,-1,-0.01,-1,-1,-0.01,-1,-1,-0.01,-1,-1,-0.01,-1,-1,-0.01,-1,-1
99926009,2026-05-18 11:37:36+05:30,53203.05,0,0.0,0,0.0,0.0,53282.15,53308.4,52783.45,53710.35,0,0.0,0.0,0.0,0.0,-0.01,-1,-1,-0.01,-1,-1,-0.01,-1,-1,-0.01,-1,-1,-0.01,-1,-1,-0.01,-1,-1,-0.01,-1,-1,-0.01,-1,-1,-0.01,-1,-1,-0.01,-1,-1
99926009,2026-05-18 11:37:37+05:30,53201.3,0,0.0,0,0.0,0.0,53282.15,53308.4,52783.45,53710.35,0,0.0,0.0,0.0,0.0,-0.01,-1,-1,-0.01,-1,-1,-0.01,-1,-1,-0.01,-1,-1,-0.01,-1,-1,-0.01,-1,-1,-0.01,-1,-1,-0.01,-1,-1,-0.01,-1,-1,-0.01,-1,-1
99926009,2026-05-18 11:37:37+05:30,53205.45,0,0.0,0,0.0,0.0,53282.15,53308.4,52783.45,53710.35,0,0.0,0.0,0.0,0.0,-0.01,-1,-1,-0.01,-1,-1,-0.01,-1,-1,-0.01,-1,-1,-0.01,-1,-1,-0.01,-1,-1,-0.01,-1,-1,-0.01,-1,-1,-0.01,-1,-1,-0.01,-1,-1
99926009,2026-05-18 11:37:38+05:30,53203.55,0,0.0,0,0.0,0.0,53282.15,53308.4,52783.45,53710.35,0,0.0,0.0,0.0,0.0,-0.01,-1,-1,-0.01,-1,-1,-0.01,-1,-1,-0.01,-1,-1,-0.01,-1,-1,-0.01,-1,-1,-0.01,-1,-1,-0.01,-1,-1,-0.01,-1,-1,-0.01,-1,-1
99926009,2026-05-18 11:37:38+05:30,53205.55,0,0.0,0,0.0,0.0,53282.15,53308.4,52783.45,53710.35,0,0.0,0.0,0.0,0.0,-0.01,-1,-1,-0.01,-1,-1,-0.01,-1,-1,-0.01,-1,-1,-0.01,-1,-1,-0.01,-1,-1,-0.01,-1,-1,-0.01,-1,-1,-0.01,-1,-1,-0.01,-1,-1
99926009,2026-05-18 11:37:39+05:30,53206.35,0,0.0,0,0.0,0.0,53282.15,53308.4,52783.45,53710.35,0,0.0,0.0,0.0,0.0,-0.01,-1,-1,-0.01,-1,-1,-0.01,-1,-1,-0.01,-1,-1,-0.01,-1,-1,-0.01,-1,-1,-0.01,-1,-1,-0.01,-1,-1,-0.01,-1,-1,-0.01,-1,-1
99926009,2026-05-18 11:37:39+05:30,53204.8,0,0.0,0,0.0,0.0,53282.15,53308.4,52783.45,53710.35,0,0.0,0.0,0.0,0.0,-0.01,-1,-1,-0.01,-1,-1,-0.01,-1,-1,-0.01,-1,-1,-0.01,-1,-1,-0.01,-1,-1,-0.01,-1,-1,-0.01,-1,-1,-0.01,-1,-1,-0.01,-1,-1
99926009,2026-05-18 11:37:40+05:30,53206.25,0,0.0,0,0.0,0.0,53282.15,53308.4,52783.45,53710.35,0,0.0,0.0,0.0,0.0,-0.01,-1,-1,-0.01,-1,-1,-0.01,-1,-1,-0.01,-1,-1,-0.01,-1,-1,-0.01,-1,-1,-0.01,-1,-1,-0.01,-1,-1,-0.01,-1,-1,-0.01,-1,-1
99926009,2026-05-18 11:37:40+05:30,53203.35,0,0.0,0,0.0,0.0,53282.15,53308.4,52783.45,53710.35,0,0.0,0.0,0.0,0.0,-0.01,-1,-1,-0.01,-1,-1,-0.01,-1,-1,-0.01,-1,-1,-0.01,-1,-1,-0.01,-1,-1,-0.01,-1,-1,-0.01,-1,-1,-0.01,-1,-1,-0.01,-1,-1
99926009,2026-05-18 11:37:41+05:30,53203.2,0,0.0,0,0.0,0.0,53282.15,53308.4,52783.45,53710.35,0,0.0,0.0,0.0,0.0,-0.01,-1,-1,-0.01,-1,-1,-0.01,-1,-1,-0.01,-1,-1,-0.01,-1,-1,-0.01,-1,-1,-0.01,-1,-1,-0.01,-1,-1,-0.01,-1,-1,-0.01,-1,-1
99926009,2026-05-18 11:37:41+05:30,53205.9,0,0.0,0,0.0,0.0,53282.15,53308.4,52783.45,53710.35,0,0.0,0.0,0.0,0.0,-0.01,-1,-1,-0.01,-1,-1,-0.01,-1,-1,-0.01,-1,-1,-0.01,-1,-1,-0.01,-1,-1,-0.01,-1,-1,-0.01,-1,-1,-0.01,-1,-1,-0.01,-1,-1
99926009,2026-05-18 11:37:42+05:30,53204.35,0,0.0,0,0.0,0.0,53282.15,53308.4,52783.45,53710.35,0,0.0,0.0,0.0,0.0,-0.01,-1,-1,-0.01,-1,-1,-0.01,-1,-1,-0.01,-1,-1,-0.01,-1,-1,-0.01,-1,-1,-0.01,-1,-1,-0.01,-1,-1,-0.01,-1,-1,-0.01,-1,-1
99926009,2026-05-18 11:37:42+05:30,53204.35,0,0.0,0,0.0,0.0,53282.15,53308.4,52783.45,53710.35,0,0.0,0.0,0.0,0.0,-0.01,-1,-1,-0.01,-1,-1,-0.01,-1,-1,-0.01,-1,-1,-0.01,-1,-1,-0.01,-1,-1,-0.01,-1,-1,-0.01,-1,-1,-0.01,-1,-1,-0.01,-1,-1
99926009,2026-05-18 11:37:43+05:30,53204.65,0,0.0,0,0.0,0.0,53282.15,53308.4,52783.45,53710.35,0,0.0,0.0,0.0,0.0,-0.01,-1,-1,-0.01,-1,-1,-0.01,-1,-1,-0.01,-1,-1,-0.01,-1,-1,-0.01,-1,-1,-0.01,-1,-1,-0.01,-1,-1,-0.01,-1,-1,-0.01,-1,-1
99926009,2026-05-18 11:37:43+05:30,53203.75,0,0.0,0,0.0,0.0,53282.15,53308.4,52783.45,53710.35,0,0.0,0.0,0.0,0.0,-0.01,-1,-1,-0.01,-1,-1,-0.01,-1,-1,-0.01,-1,-1,-0.01,-1,-1,-0.01,-1,-1,-0.01,-1,-1,-0.01,-1,-1,-0.01,-1,-1,-0.01,-1,-1
99926009,2026-05-18 11:37:44+05:30,53203.3,0,0.0,0,0.0,0.0,53282.15,53308.4,52783.45,53710.35,0,0.0,0.0,0.0,0.0,-0.01,-1,-1,-0.01,-1,-1,-0.01,-1,-1,-0.01,-1,-1,-0.01,-1,-1,-0.01,-1,-1,-0.01,-1,-1,-0.01,-1,-1,-0.01,-1,-1,-0.01,-1,-1
99926009,2026-05-18 11:37:44+05:30,53203.8,0,0.0,0,0.0,0.0,53282.15,53308.4,52783.45,53710.35,0,0.0,0.0,0.0,0.0,-0.01,-1,-1,-0.01,-1,-1,-0.01,-1,-1,-0.01,-1,-1,-0.01,-1,-1,-0.01,-1,-1,-0.01,-1,-1,-0.01,-1,-1,-0.01,-1,-1,-0.01,-1,-1
99926009,2026-05-18 11:37:45+05:30,53203.8,0,0.0,0,0.0,0.0,53282.15,53308.4,52783.45,53710.35,0,0.0,0.0,0.0,0.0,-0.01,-1,-1,-0.01,-1,-1,-0.01,-1,-1,-0.01,-1,-1,-0.01,-1,-1,-0.01,-1,-1,-0.01,-1,-1,-0.01,-1,-1,-0.01,-1,-1,-0.01,-1,-1
99926009,2026-05-18 11:37:45+05:30,53205.1,0,0.0,0,0.0,0.0,53282.15,53308.4,52783.45,53710.35,0,0.0,0.0,0.0,0.0,-0.01,-1,-1,-0.01,-1,-1,-0.01,-1,-1,-0.01,-1,-1,-0.01,-1,-1,-0.01,-1,-1,-0.01,-1,-1,-0.01,-1,-1,-0.01,-1,-1,-0.01,-1,-1
99926009,2026-05-18 11:37:46+05:30,53206.55,0,0.0,0,0.0,0.0,53282.15,53308.4,52783.45,53710.35,0,0.0,0.0,0.0,0.0,-0.01,-1,-1,-0.01,-1,-1,-0.01,-1,-1,-0.01,-1,-1,-0.01,-1,-1,-0.01,-1,-1,-0.01,-1,-1,-0.01,-1,-1,-0.01,-1,-1,-0.01,-1,-1
99926009,2026-05-18 11:37:46+05:30,53207.15,0,0.0,0,0.0,0.0,53282.15,53308.4,52783.45,53710.35,0,0.0,0.0,0.0,0.0,-0.01,-1,-1,-0.01,-1,-1,-0.01,-1,-1,-0.01,-1,-1,-0.01,-1,-1,-0.01,-1,-1,-0.01,-1,-1,-0.01,-1,-1,-0.01,-1,-1,-0.01,-1,-1
99926009,2026-05-18 11:37:47+05:30,53208.35,0,0.0,0,0.0,0.0,53282.15,53308.4,52783.45,53710.35,0,0.0,0.0,0.0,0.0,-0.01,-1,-1,-0.01,-1,-1,-0.01,-1,-1,-0.01,-1,-1,-0.01,-1,-1,-0.01,-1,-1,-0.01,-1,-1,-0.01,-1,-1,-0.01,-1,-1,-0.01,-1,-1
99926009,2026-05-18 11:37:47+05:30,53208.45,0,0.0,0,0.0,0.0,53282.15,53308.4,52783.45,53710.35,0,0.0,0.0,0.0,0.0,-0.01,-1,-1,-0.01,-1,-1,-0.01,-1,-1,-0.01,-1,-1,-0.01,-1,-1,-0.01,-1,-1,-0.01,-1,-1,-0.01,-1,-1,-0.01,-1,-1,-0.01,-1,-1
99926009,2026-05-18 11:37:48+05:30,53207.2,0,0.0,0,0.0,0.0,53282.15,53308.4,52783.45,53710.35,0,0.0,0.0,0.0,0.0,-0.01,-1,-1,-0.01,-1,-1,-0.01,-1,-1,-0.01,-1,-1,-0.01,-1,-1,-0.01,-1,-1,-0.01,-1,-1,-0.01,-1,-1,-0.01,-1,-1,-0.01,-1,-1
99926009,2026-05-18 11:37:48+05:30,53214.3,0,0.0,0,0.0,0.0,53282.15,53308.4,52783.45,53710.35,0,0.0,0.0,0.0,0.0,-0.01,-1,-1,-0.01,-1,-1,-0.01,-1,-1,-0.01,-1,-1,-0.01,-1,-1,-0.01,-1,-1,-0.01,-1,-1,-0.01,-1,-1,-0.01,-1,-1,-0.01,-1,-1
99926009,2026-05-18 11:37:49+05:30,53214.2,0,0.0,0,0.0,0.0,53282.15,53308.4,52783.45,53710.35,0,0.0,0.0,0.0,0.0,-0.01,-1,-1,-0.01,-1,-1,-0.01,-1,-1,-0.01,-1,-1,-0.01,-1,-1,-0.01,-1,-1,-0.01,-1,-1,-0.01,-1,-1,-0.01,-1,-1,-0.01,-1,-1
99926009,2026-05-18 11:37:49+05:30,53217.9,0,0.0,0,0.0,0.0,53282.15,53308.4,52783.45,53710.35,0,0.0,0.0,0.0,0.0,-0.01,-1,-1,-0.01,-1,-1,-0.01,-1,-1,-0.01,-1,-1,-0.01,-1,-1,-0.01,-1,-1,-0.01,-1,-1,-0.01,-1,-1,-0.01,-1,-1,-0.01,-1,-1
99926009,2026-05-18 11:37:50+05:30,53218.95,0,0.0,0,0.0,0.0,53282.15,53308.4,52783.45,53710.35,0,0.0,0.0,0.0,0.0,-0.01,-1,-1,-0.01,-1,-1,-0.01,-1,-1,-0.01,-1,-1,-0.01,-1,-1,-0.01,-1,-1,-0.01,-1,-1,-0.01,-1,-1,-0.01,-1,-1,-0.01,-1,-1
99926009,2026-05-18 11:37:50+05:30,53219.0,0,0.0,0,0.0,0.0,53282.15,53308.4,52783.45,53710.35,0,0.0,0.0,0.0,0.0,-0.01,-1,-1,-0.01,-1,-1,-0.01,-1,-1,-0.01,-1,-1,-0.01,-1,-1,-0.01,-1,-1,-0.01,-1,-1,-0.01,-1,-1,-0.01,-1,-1,-0.01,-1,-1
99926009,2026-05-18 11:37:51+05:30,53215.25,0,0.0,0,0.0,0.0,53282.15,53308.4,52783.45,53710.35,0,0.0,0.0,0.0,0.0,-0.01,-1,-1,-0.01,-1,-1,-0.01,-1,-1,-0.01,-1,-1,-0.01,-1,-1,-0.01,-1,-1,-0.01,-1,-1,-0.01,-1,-1,-0.01,-1,-1,-0.01,-1,-1
99926009,2026-05-18 11:37:51+05:30,53216.55,0,0.0,0,0.0,0.0,53282.15,53308.4,52783.45,53710.35,0,0.0,0.0,0.0,0.0,-0.01,-1,-1,-0.01,-1,-1,-0.01,-1,-1,-0.01,-1,-1,-0.01,-1,-1,-0.01,-1,-1,-0.01,-1,-1,-0.01,-1,-1,-0.01,-1,-1,-0.01,-1,-1
99926009,2026-05-18 11:37:52+05:30,53212.45,0,0.0,0,0.0,0.0,53282.15,53308.4,52783.45,53710.35,0,0.0,0.0,0.0,0.0,-0.01,-1,-1,-0.01,-1,-1,-0.01,-1,-1,-0.01,-1,-1,-0.01,-1,-1,-0.01,-1,-1,-0.01,-1,-1,-0.01,-1,-1,-0.01,-1,-1,-0.01,-1,-1
99926009,2026-05-18 11:37:52+05:30,53214.0,0,0.0,0,0.0,0.0,53282.15,53308.4,52783.45,53710.35,0,0.0,0.0,0.0,0.0,-0.01,-1,-1,-0.01,-1,-1,-0.01,-1,-1,-0.01,-1,-1,-0.01,-1,-1,-0.01,-1,-1,-0.01,-1,-1,-0.01,-1,-1,-0.01,-1,-1,-0.01,-1,-1
99926009,2026-05-18 11:37:53+05:30,53214.3,0,0.0,0,0.0,0.0,53282.15,53308.4,52783.45,53710.35,0,0.0,0.0,0.0,0.0,-0.01,-1,-1,-0.01,-1,-1,-0.01,-1,-1,-0.01,-1,-1,-0.01,-1,-1,-0.01,-1,-1,-0.01,-1,-1,-0.01,-1,-1,-0.01,-1,-1,-0.01,-1,-1
99926009,2026-05-18 11:37:53+05:30,53214.7,0,0.0,0,0.0,0.0,53282.15,53308.4,52783.45,53710.35,0,0.0,0.0,0.0,0.0,-0.01,-1,-1,-0.01,-1,-1,-0.01,-1,-1,-0.01,-1,-1,-0.01,-1,-1,-0.01,-1,-1,-0.01,-1,-1,-0.01,-1,-1,-0.01,-1,-1,-0.01,-1,-1
99926009,2026-05-18 11:37:54+05:30,53216.8,0,0.0,0,0.0,0.0,53282.15,53308.4,52783.45,53710.35,0,0.0,0.0,0.0,0.0,-0.01,-1,-1,-0.01,-1,-1,-0.01,-1,-1,-0.01,-1,-1,-0.01,-1,-1,-0.01,-1,-1,-0.01,-1,-1,-0.01,-1,-1,-0.01,-1,-1,-0.01,-1,-1
99926009,2026-05-18 11:37:54+05:30,53216.5,0,0.0,0,0.0,0.0,53282.15,53308.4,52783.45,53710.35,0,0.0,0.0,0.0,0.0,-0.01,-1,-1,-0.01,-1,-1,-0.01,-1,-1,-0.01,-1,-1,-0.01,-1,-1,-0.01,-1,-1,-0.01,-1,-1,-0.01,-1,-1,-0.01,-1,-1,-0.01,-1,-1
99926009,2026-05-18 11:37:55+05:30,53213.85,0,0.0,0,0.0,0.0,53282.15,53308.4,52783.45,53710.35,0,0.0,0.0,0.0,0.0,-0.01,-1,-1,-0.01,-1,-1,-0.01,-1,-1,-0.01,-1,-1,-0.01,-1,-1,-0.01,-1,-1,-0.01,-1,-1,-0.01,-1,-1,-0.01,-1,-1,-0.01,-1,-1
99926009,2026-05-18 11:37:55+05:30,53217.1,0,0.0,0,0.0,0.0,53282.15,53308.4,52783.45,53710.35,0,0.0,0.0,0.0,0.0,-0.01,-1,-1,-0.01,-1,-1,-0.01,-1,-1,-0.01,-1,-1,-0.01,-1,-1,-0.01,-1,-1,-0.01,-1,-1,-0.01,-1,-1,-0.01,-1,-1,-0.01,-1,-1
99926009,2026-05-18 11:37:56+05:30,53213.8,0,0.0,0,0.0,0.0,53282.15,53308.4,52783.45,53710.35,0,0.0,0.0,0.0,0.0,-0.01,-1,-1,-0.01,-1,-1,-0.01,-1,-1,-0.01,-1,-1,-0.01,-1,-1,-0.01,-1,-1,-0.01,-1,-1,-0.01,-1,-1,-0.01,-1,-1,-0.01,-1,-1
99926009,2026-05-18 11:37:56+05:30,53214.9,0,0.0,0,0.0,0.0,53282.15,53308.4,52783.45,53710.35,0,0.0,0.0,0.0,0.0,-0.01,-1,-1,-0.01,-1,-1,-0.01,-1,-1,-0.01,-1,-1,-0.01,-1,-1,-0.01,-1,-1,-0.01,-1,-1,-0.01,-1,-1,-0.01,-1,-1,-0.01,-1,-1
99926009,2026-05-18 11:37:57+05:30,53216.25,0,0.0,0,0.0,0.0,53282.15,53308.4,52783.45,53710.35,0,0.0,0.0,0.0,0.0,-0.01,-1,-1,-0.01,-1,-1,-0.01,-1,-1,-0.01,-1,-1,-0.01,-1,-1,-0.01,-1,-1,-0.01,-1,-1,-0.01,-1,-1,-0.01,-1,-1,-0.01,-1,-1
99926009,2026-05-18 11:37:57+05:30,53216.05,0,0.0,0,0.0,0.0,53282.15,53308.4,52783.45,53710.35,0,0.0,0.0,0.0,0.0,-0.01,-1,-1,-0.01,-1,-1,-0.01,-1,-1,-0.01,-1,-1,-0.01,-1,-1,-0.01,-1,-1,-0.01,-1,-1,-0.01,-1,-1,-0.01,-1,-1,-0.01,-1,-1
99926009,2026-05-18 11:37:58+05:30,53217.2,0,0.0,0,0.0,0.0,53282.15,53308.4,52783.45,53710.35,0,0.0,0.0,0.0,0.0,-0.01,-1,-1,-0.01,-1,-1,-0.01,-1,-1,-0.01,-1,-1,-0.01,-1,-1,-0.01,-1,-1,-0.01,-1,-1,-0.01,-1,-1,-0.01,-1,-1,-0.01,-1,-1
99926009,2026-05-18 11:37:58+05:30,53218.8,0,0.0,0,0.0,0.0,53282.15,53308.4,52783.45,53710.35,0,0.0,0.0,0.0,0.0,-0.01,-1,-1,-0.01,-1,-1,-0.01,-1,-1,-0.01,-1,-1,-0.01,-1,-1,-0.01,-1,-1,-0.01,-1,-1,-0.01,-1,-1,-0.01,-1,-1,-0.01,-1,-1
99926009,2026-05-18 11:37:59+05:30,53216.5,0,0.0,0,0.0,0.0,53282.15,53308.4,52783.45,53710.35,0,0.0,0.0,0.0,0.0,-0.01,-1,-1,-0.01,-1,-1,-0.01,-1,-1,-0.01,-1,-1,-0.01,-1,-1,-0.01,-1,-1,-0.01,-1,-1,-0.01,-1,-1,-0.01,-1,-1,-0.01,-1,-1
99926009,2026-05-18 11:37:59+05:30,53212.35,0,0.0,0,0.0,0.0,53282.15,53308.4,52783.45,53710.35,0,0.0,0.0,0.0,0.0,-0.01,-1,-1,-0.01,-1,-1,-0.01,-1,-1,-0.01,-1,-1,-0.01,-1,-1,-0.01,-1,-1,-0.01,-1,-1,-0.01,-1,-1,-0.01,-1,-1,-0.01,-1,-1
99926009,2026-05-18 11:38:00+05:30,53216.0,0,0.0,0,0.0,0.0,53282.15,53308.4,52783.45,53710.35,0,0.0,0.0,0.0,0.0,-0.01,-1,-1,-0.01,-1,-1,-0.01,-1,-1,-0.01,-1,-1,-0.01,-1,-1,-0.01,-1,-1,-0.01,-1,-1,-0.01,-1,-1,-0.01,-1,-1,-0.01,-1,-1
99926009,2026-05-18 11:38:00+05:30,53213.45,0,0.0,0,0.0,0.0,53282.15,53308.4,52783.45,53710.35,0,0.0,0.0,0.0,0.0,-0.01,-1,-1,-0.01,-1,-1,-0.01,-1,-1,-0.01,-1,-1,-0.01,-1,-1,-0.01,-1,-1,-0.01,-1,-1,-0.01,-1,-1,-0.01,-1,-1,-0.01,-1,-1
99926009,2026-05-18 11:38:01+05:30,53216.4,0,0.0,0,0.0,0.0,53282.15,53308.4,52783.45,53710.35,0,0.0,0.0,0.0,0.0,-0.01,-1,-1,-0.01,-1,-1,-0.01,-1,-1,-0.01,-1,-1,-0.01,-1,-1,-0.01,-1,-1,-0.01,-1,-1,-0.01,-1,-1,-0.01,-1,-1,-0.01,-1,-1
99926009,2026-05-18 11:38:01+05:30,53212.65,0,0.0,0,0.0,0.0,53282.15,53308.4,52783.45,53710.35,0,0.0,0.0,0.0,0.0,-0.01,-1,-1,-0.01,-1,-1,-0.01,-1,-1,-0.01,-1,-1,-0.01,-1,-1,-0.01,-1,-1,-0.01,-1,-1,-0.01,-1,-1,-0.01,-1,-1,-0.01,-1,-1
99926009,2026-05-18 11:38:02+05:30,53213.1,0,0.0,0,0.0,0.0,53282.15,53308.4,52783.45,53710.35,0,0.0,0.0,0.0,0.0,-0.01,-1,-1,-0.01,-1,-1,-0.01,-1,-1,-0.01,-1,-1,-0.01,-1,-1,-0.01,-1,-1,-0.01,-1,-1,-0.01,-1,-1,-0.01,-1,-1,-0.01,-1,-1
99926009,2026-05-18 11:38:02+05:30,53214.7,0,0.0,0,0.0,0.0,53282.15,53308.4,52783.45,53710.35,0,0.0,0.0,0.0,0.0,-0.01,-1,-1,-0.01,-1,-1,-0.01,-1,-1,-0.01,-1,-1,-0.01,-1,-1,-0.01,-1,-1,-0.01,-1,-1,-0.01,-1,-1,-0.01,-1,-1,-0.01,-1,-1
99926009,2026-05-18 11:38:03+05:30,53213.95,0,0.0,0,0.0,0.0,53282.15,53308.4,52783.45,53710.35,0,0.0,0.0,0.0,0.0,-0.01,-1,-1,-0.01,-1,-1,-0.01,-1,-1,-0.01,-1,-1,-0.01,-1,-1,-0.01,-1,-1,-0.01,-1,-1,-0.01,-1,-1,-0.01,-1,-1,-0.01,-1,-1
99926009,2026-05-18 11:38:03+05:30,53216.0,0,0.0,0,0.0,0.0,53282.15,53308.4,52783.45,53710.35,0,0.0,0.0,0.0,0.0,-0.01,-1,-1,-0.01,-1,-1,-0.01,-1,-1,-0.01,-1,-1,-0.01,-1,-1,-0.01,-1,-1,-0.01,-1,-1,-0.01,-1,-1,-0.01,-1,-1,-0.01,-1,-1
99926009,2026-05-18 11:38:04+05:30,53217.3,0,0.0,0,0.0,0.0,53282.15,53308.4,52783.45,53710.35,0,0.0,0.0,0.0,0.0,-0.01,-1,-1,-0.01,-1,-1,-0.01,-1,-1,-0.01,-1,-1,-0.01,-1,-1,-0.01,-1,-1,-0.01,-1,-1,-0.01,-1,-1,-0.01,-1,-1,-0.01,-1,-1
99926009,2026-05-18 11:38:04+05:30,53214.05,0,0.0,0,0.0,0.0,53282.15,53308.4,52783.45,53710.35,0,0.0,0.0,0.0,0.0,-0.01,-1,-1,-0.01,-1,-1,-0.01,-1,-1,-0.01,-1,-1,-0.01,-1,-1,-0.01,-1,-1,-0.01,-1,-1,-0.01,-1,-1,-0.01,-1,-1,-0.01,-1,-1
99926009,2026-05-18 11:38:05+05:30,53217.2,0,0.0,0,0.0,0.0,53282.15,53308.4,52783.45,53710.35,0,0.0,0.0,0.0,0.0,-0.01,-1,-1,-0.01,-1,-1,-0.01,-1,-1,-0.01,-1,-1,-0.01,-1,-1,-0.01,-1,-1,-0.01,-1,-1,-0.01,-1,-1,-0.01,-1,-1,-0.01,-1,-1
99926009,2026-05-18 11:38:05+05:30,53213.95,0,0.0,0,0.0,0.0,53282.15,53308.4,52783.45,53710.35,0,0.0,0.0,0.0,0.0,-0.01,-1,-1,-0.01,-1,-1,-0.01,-1,-1,-0.01,-1,-1,-0.01,-1,-1,-0.01,-1,-1,-0.01,-1,-1,-0.01,-1,-1,-0.01,-1,-1,-0.01,-1,-1
99926009,2026-05-18 11:38:06+05:30,53214.95,0,0.0,0,0.0,0.0,53282.15,53308.4,52783.45,53710.35,0,0.0,0.0,0.0,0.0,-0.01,-1,-1,-0.01,-1,-1,-0.01,-1,-1,-0.01,-1,-1,-0.01,-1,-1,-0.01,-1,-1,-0.01,-1,-1,-0.01,-1,-1,-0.01,-1,-1,-0.01,-1,-1
99926009,2026-05-18 11:38:06+05:30,53213.6,0,0.0,0,0.0,0.0,53282.15,53308.4,52783.45,53710.35,0,0.0,0.0,0.0,0.0,-0.01,-1,-1,-0.01,-1,-1,-0.01,-1,-1,-0.01,-1,-1,-0.01,-1,-1,-0.01,-1,-1,-0.01,-1,-1,-0.01,-1,-1,-0.01,-1,-1,-0.01,-1,-1
99926009,2026-05-18 11:38:07+05:30,53211.1,0,0.0,0,0.0,0.0,53282.15,53308.4,52783.45,53710.35,0,0.0,0.0,0.0,0.0,-0.01,-1,-1,-0.01,-1,-1,-0.01,-1,-1,-0.01,-1,-1,-0.01,-1,-1,-0.01,-1,-1,-0.01,-1,-1,-0.01,-1,-1,-0.01,-1,-1,-0.01,-1,-1
99926009,2026-05-18 11:38:07+05:30,53213.2,0,0.0,0,0.0,0.0,53282.15,53308.4,52783.45,53710.35,0,0.0,0.0,0.0,0.0,-0.01,-1,-1,-0.01,-1,-1,-0.01,-1,-1,-0.01,-1,-1,-0.01,-1,-1,-0.01,-1,-1,-0.01,-1,-1,-0.01,-1,-1,-0.01,-1,-1,-0.01,-1,-1
99926009,2026-05-18 11:38:08+05:30,53211.95,0,0.0,0,0.0,0.0,53282.15,53308.4,52783.45,53710.35,0,0.0,0.0,0.0,0.0,-0.01,-1,-1,-0.01,-1,-1,-0.01,-1,-1,-0.01,-1,-1,-0.01,-1,-1,-0.01,-1,-1,-0.01,-1,-1,-0.01,-1,-1,-0.01,-1,-1,-0.01,-1,-1
99926009,2026-05-18 11:38:08+05:30,53216.0,0,0.0,0,0.0,0.0,53282.15,53308.4,52783.45,53710.35,0,0.0,0.0,0.0,0.0,-0.01,-1,-1,-0.01,-1,-1,-0.01,-1,-1,-0.01,-1,-1,-0.01,-1,-1,-0.01,-1,-1,-0.01,-1,-1,-0.01,-1,-1,-0.01,-1,-1,-0.01,-1,-1
99926009,2026-05-18 11:38:09+05:30,53211.15,0,0.0,0,0.0,0.0,53282.15,53308.4,52783.45,53710.35,0,0.0,0.0,0.0,0.0,-0.01,-1,-1,-0.01,-1,-1,-0.01,-1,-1,-0.01,-1,-1,-0.01,-1,-1,-0.01,-1,-1,-0.01,-1,-1,-0.01,-1,-1,-0.01,-1,-1,-0.01,-1,-1
99926009,2026-05-18 11:38:09+05:30,53212.9,0,0.0,0,0.0,0.0,53282.15,53308.4,52783.45,53710.35,0,0.0,0.0,0.0,0.0,-0.01,-1,-1,-0.01,-1,-1,-0.01,-1,-1,-0.01,-1,-1,-0.01,-1,-1,-0.01,-1,-1,-0.01,-1,-1,-0.01,-1,-1,-0.01,-1,-1,-0.01,-1,-1
99926009,2026-05-18 11:38:10+05:30,53211.85,0,0.0,0,0.0,0.0,53282.15,53308.4,52783.45,53710.35,0,0.0,0.0,0.0,0.0,-0.01,-1,-1,-0.01,-1,-1,-0.01,-1,-1,-0.01,-1,-1,-0.01,-1,-1,-0.01,-1,-1,-0.01,-1,-1,-0.01,-1,-1,-0.01,-1,-1,-0.01,-1,-1
99926009,2026-05-18 11:38:10+05:30,53213.2,0,0.0,0,0.0,0.0,53282.15,53308.4,52783.45,53710.35,0,0.0,0.0,0.0,0.0,-0.01,-1,-1,-0.01,-1,-1,-0.01,-1,-1,-0.01,-1,-1,-0.01,-1,-1,-0.01,-1,-1,-0.01,-1,-1,-0.01,-1,-1,-0.01,-1,-1,-0.01,-1,-1
99926009,2026-05-18 11:38:11+05:30,53214.05,0,0.0,0,0.0,0.0,53282.15,53308.4,52783.45,53710.35,0,0.0,0.0,0.0,0.0,-0.01,-1,-1,-0.01,-1,-1,-0.01,-1,-1,-0.01,-1,-1,-0.01,-1,-1,-0.01,-1,-1,-0.01,-1,-1,-0.01,-1,-1,-0.01,-1,-1,-0.01,-1,-1
99926009,2026-05-18 11:38:11+05:30,53213.2,0,0.0,0,0.0,0.0,53282.15,53308.4,52783.45,53710.35,0,0.0,0.0,0.0,0.0,-0.01,-1,-1,-0.01,-1,-1,-0.01,-1,-1,-0.01,-1,-1,-0.01,-1,-1,-0.01,-1,-1,-0.01,-1,-1,-0.01,-1,-1,-0.01,-1,-1,-0.01,-1,-1
99926009,2026-05-18 11:38:12+05:30,53212.15,0,0.0,0,0.0,0.0,53282.15,53308.4,52783.45,53710.35,0,0.0,0.0,0.0,0.0,-0.01,-1,-1,-0.01,-1,-1,-0.01,-1,-1,-0.01,-1,-1,-0.01,-1,-1,-0.01,-1,-1,-0.01,-1,-1,-0.01,-1,-1,-0.01,-1,-1,-0.01,-1,-1
99926009,2026-05-18 11:38:12+05:30,53214.6,0,0.0,0,0.0,0.0,53282.15,53308.4,52783.45,53710.35,0,0.0,0.0,0.0,0.0,-0.01,-1,-1,-0.01,-1,-1,-0.01,-1,-1,-0.01,-1,-1,-0.01,-1,-1,-0.01,-1,-1,-0.01,-1,-1,-0.01,-1,-1,-0.01,-1,-1,-0.01,-1,-1
99926009,2026-05-18 11:38:13+05:30,53211.45,0,0.0,0,0.0,0.0,53282.15,53308.4,52783.45,53710.35,0,0.0,0.0,0.0,0.0,-0.01,-1,-1,-0.01,-1,-1,-0.01,-1,-1,-0.01,-1,-1,-0.01,-1,-1,-0.01,-1,-1,-0.01,-1,-1,-0.01,-1,-1,-0.01,-1,-1,-0.01,-1,-1
99926009,2026-05-18 11:38:13+05:30,53210.6,0,0.0,0,0.0,0.0,53282.15,53308.4,52783.45,53710.35,0,0.0,0.0,0.0,0.0,-0.01,-1,-1,-0.01,-1,-1,-0.01,-1,-1,-0.01,-1,-1,-0.01,-1,-1,-0.01,-1,-1,-0.01,-1,-1,-0.01,-1,-1,-0.01,-1,-1,-0.01,-1,-1
99926009,2026-05-18 11:38:14+05:30,53211.9,0,0.0,0,0.0,0.0,53282.15,53308.4,52783.45,53710.35,0,0.0,0.0,0.0,0.0,-0.01,-1,-1,-0.01,-1,-1,-0.01,-1,-1,-0.01,-1,-1,-0.01,-1,-1,-0.01,-1,-1,-0.01,-1,-1,-0.01,-1,-1,-0.01,-1,-1,-0.01,-1,-1
99926009,2026-05-18 11:38:14+05:30,53211.55,0,0.0,0,0.0,0.0,53282.15,53308.4,52783.45,53710.35,0,0.0,0.0,0.0,0.0,-0.01,-1,-1,-0.01,-1,-1,-0.01,-1,-1,-0.01,-1,-1,-0.01,-1,-1,-0.01,-1,-1,-0.01,-1,-1,-0.01,-1,-1,-0.01,-1,-1,-0.01,-1,-1
99926009,2026-05-18 11:38:15+05:30,53214.0,0,0.0,0,0.0,0.0,53282.15,53308.4,52783.45,53710.35,0,0.0,0.0,0.0,0.0,-0.01,-1,-1,-0.01,-1,-1,-0.01,-1,-1,-0.01,-1,-1,-0.01,-1,-1,-0.01,-1,-1,-0.01,-1,-1,-0.01,-1,-1,-0.01,-1,-1,-0.01,-1,-1
99926009,2026-05-18 11:38:15+05:30,53212.5,0,0.0,0,0.0,0.0,53282.15,53308.4,52783.45,53710.35,0,0.0,0.0,0.0,0.0,-0.01,-1,-1,-0.01,-1,-1,-0.01,-1,-1,-0.01,-1,-1,-0.01,-1,-1,-0.01,-1,-1,-0.01,-1,-1,-0.01,-1,-1,-0.01,-1,-1,-0.01,-1,-1
99926009,2026-05-18 11:38:16+05:30,53213.95,0,0.0,0,0.0,0.0,53282.15,53308.4,52783.45,53710.35,0,0.0,0.0,0.0,0.0,-0.01,-1,-1,-0.01,-1,-1,-0.01,-1,-1,-0.01,-1,-1,-0.01,-1,-1,-0.01,-1,-1,-0.01,-1,-1,-0.01,-1,-1,-0.01,-1,-1,-0.01,-1,-1
99926009,2026-05-18 11:38:16+05:30,53215.15,0,0.0,0,0.0,0.0,53282.15,53308.4,52783.45,53710.35,0,0.0,0.0,0.0,0.0,-0.01,-1,-1,-0.01,-1,-1,-0.01,-1,-1,-0.01,-1,-1,-0.01,-1,-1,-0.01,-1,-1,-0.01,-1,-1,-0.01,-1,-1,-0.01,-1,-1,-0.01,-1,-1
99926009,2026-05-18 11:38:17+05:30,53215.75,0,0.0,0,0.0,0.0,53282.15,53308.4,52783.45,53710.35,0,0.0,0.0,0.0,0.0,-0.01,-1,-1,-0.01,-1,-1,-0.01,-1,-1,-0.01,-1,-1,-0.01,-1,-1,-0.01,-1,-1,-0.01,-1,-1,-0.01,-1,-1,-0.01,-1,-1,-0.01,-1,-1
99926009,2026-05-18 11:38:17+05:30,53212.2,0,0.0,0,0.0,0.0,53282.15,53308.4,52783.45,53710.35,0,0.0,0.0,0.0,0.0,-0.01,-1,-1,-0.01,-1,-1,-0.01,-1,-1,-0.01,-1,-1,-0.01,-1,-1,-0.01,-1,-1,-0.01,-1,-1,-0.01,-1,-1,-0.01,-1,-1,-0.01,-1,-1
99926009,2026-05-18 11:38:18+05:30,53211.2,0,0.0,0,0.0,0.0,53282.15,53308.4,52783.45,53710.35,0,0.0,0.0,0.0,0.0,-0.01,-1,-1,-0.01,-1,-1,-0.01,-1,-1,-0.01,-1,-1,-0.01,-1,-1,-0.01,-1,-1,-0.01,-1,-1,-0.01,-1,-1,-0.01,-1,-1,-0.01,-1,-1
99926009,2026-05-18 11:38:18+05:30,53212.05,0,0.0,0,0.0,0.0,53282.15,53308.4,52783.45,53710.35,0,0.0,0.0,0.0,0.0,-0.01,-1,-1,-0.01,-1,-1,-0.01,-1,-1,-0.01,-1,-1,-0.01,-1,-1,-0.01,-1,-1,-0.01,-1,-1,-0.01,-1,-1,-0.01,-1,-1,-0.01,-1,-1
99926009,2026-05-18 11:38:19+05:30,53213.25,0,0.0,0,0.0,0.0,53282.15,53308.4,52783.45,53710.35,0,0.0,0.0,0.0,0.0,-0.01,-1,-1,-0.01,-1,-1,-0.01,-1,-1,-0.01,-1,-1,-0.01,-1,-1,-0.01,-1,-1,-0.01,-1,-1,-0.01,-1,-1,-0.01,-1,-1,-0.01,-1,-1
99926009,2026-05-18 11:38:19+05:30,53211.75,0,0.0,0,0.0,0.0,53282.15,53308.4,52783.45,53710.35,0,0.0,0.0,0.0,0.0,-0.01,-1,-1,-0.01,-1,-1,-0.01,-1,-1,-0.01,-1,-1,-0.01,-1,-1,-0.01,-1,-1,-0.01,-1,-1,-0.01,-1,-1,-0.01,-1,-1,-0.01,-1,-1
99926009,2026-05-18 11:38:20+05:30,53211.7,0,0.0,0,0.0,0.0,53282.15,53308.4,52783.45,53710.35,0,0.0,0.0,0.0,0.0,-0.01,-1,-1,-0.01,-1,-1,-0.01,-1,-1,-0.01,-1,-1,-0.01,-1,-1,-0.01,-1,-1,-0.01,-1,-1,-0.01,-1,-1,-0.01,-1,-1,-0.01,-1,-1
99926009,2026-05-18 11:38:20+05:30,53212.05,0,0.0,0,0.0,0.0,53282.15,53308.4,52783.45,53710.35,0,0.0,0.0,0.0,0.0,-0.01,-1,-1,-0.01,-1,-1,-0.01,-1,-1,-0.01,-1,-1,-0.01,-1,-1,-0.01,-1,-1,-0.01,-1,-1,-0.01,-1,-1,-0.01,-1,-1,-0.01,-1,-1
99926009,2026-05-18 11:38:21+05:30,53214.35,0,0.0,0,0.0,0.0,53282.15,53308.4,52783.45,53710.35,0,0.0,0.0,0.0,0.0,-0.01,-1,-1,-0.01,-1,-1,-0.01,-1,-1,-0.01,-1,-1,-0.01,-1,-1,-0.01,-1,-1,-0.01,-1,-1,-0.01,-1,-1,-0.01,-1,-1,-0.01,-1,-1
99926009,2026-05-18 11:38:21+05:30,53214.65,0,0.0,0,0.0,0.0,53282.15,53308.4,52783.45,53710.35,0,0.0,0.0,0.0,0.0,-0.01,-1,-1,-0.01,-1,-1,-0.01,-1,-1,-0.01,-1,-1,-0.01,-1,-1,-0.01,-1,-1,-0.01,-1,-1,-0.01,-1,-1,-0.01,-1,-1,-0.01,-1,-1
99926009,2026-05-18 11:38:22+05:30,53210.65,0,0.0,0,0.0,0.0,53282.15,53308.4,52783.45,53710.35,0,0.0,0.0,0.0,0.0,-0.01,-1,-1,-0.01,-1,-1,-0.01,-1,-1,-0.01,-1,-1,-0.01,-1,-1,-0.01,-1,-1,-0.01,-1,-1,-0.01,-1,-1,-0.01,-1,-1,-0.01,-1,-1
99926009,2026-05-18 11:38:22+05:30,53213.95,0,0.0,0,0.0,0.0,53282.15,53308.4,52783.45,53710.35,0,0.0,0.0,0.0,0.0,-0.01,-1,-1,-0.01,-1,-1,-0.01,-1,-1,-0.01,-1,-1,-0.01,-1,-1,-0.01,-1,-1,-0.01,-1,-1,-0.01,-1,-1,-0.01,-1,-1,-0.01,-1,-1
99926009,2026-05-18 11:38:23+05:30,53212.45,0,0.0,0,0.0,0.0,53282.15,53308.4,52783.45,53710.35,0,0.0,0.0,0.0,0.0,-0.01,-1,-1,-0.01,-1,-1,-0.01,-1,-1,-0.01,-1,-1,-0.01,-1,-1,-0.01,-1,-1,-0.01,-1,-1,-0.01,-1,-1,-0.01,-1,-1,-0.01,-1,-1
99926009,2026-05-18 11:38:23+05:30,53211.95,0,0.0,0,0.0,0.0,53282.15,53308.4,52783.45,53710.35,0,0.0,0.0,0.0,0.0,-0.01,-1,-1,-0.01,-1,-1,-0.01,-1,-1,-0.01,-1,-1,-0.01,-1,-1,-0.01,-1,-1,-0.01,-1,-1,-0.01,-1,-1,-0.01,-1,-1,-0.01,-1,-1
99926009,2026-05-18 11:38:24+05:30,53212.25,0,0.0,0,0.0,0.0,53282.15,53308.4,52783.45,53710.35,0,0.0,0.0,0.0,0.0,-0.01,-1,-1,-0.01,-1,-1,-0.01,-1,-1,-0.01,-1,-1,-0.01,-1,-1,-0.01,-1,-1,-0.01,-1,-1,-0.01,-1,-1,-0.01,-1,-1,-0.01,-1,-1
99926009,2026-05-18 11:38:24+05:30,53213.55,0,0.0,0,0.0,0.0,53282.15,53308.4,52783.45,53710.35,0,0.0,0.0,0.0,0.0,-0.01,-1,-1,-0.01,-1,-1,-0.01,-1,-1,-0.01,-1,-1,-0.01,-1,-1,-0.01,-1,-1,-0.01,-1,-1,-0.01,-1,-1,-0.01,-1,-1,-0.01,-1,-1
99926009,2026-05-18 11:38:25+05:30,53214.25,0,0.0,0,0.0,0.0,53282.15,53308.4,52783.45,53710.35,0,0.0,0.0,0.0,0.0,-0.01,-1,-1,-0.01,-1,-1,-0.01,-1,-1,-0.01,-1,-1,-0.01,-1,-1,-0.01,-1,-1,-0.01,-1,-1,-0.01,-1,-1,-0.01,-1,-1,-0.01,-1,-1
99926009,2026-05-18 11:38:25+05:30,53214.45,0,0.0,0,0.0,0.0,53282.15,53308.4,52783.45,53710.35,0,0.0,0.0,0.0,0.0,-0.01,-1,-1,-0.01,-1,-1,-0.01,-1,-1,-0.01,-1,-1,-0.01,-1,-1,-0.01,-1,-1,-0.01,-1,-1,-0.01,-1,-1,-0.01,-1,-1,-0.01,-1,-1
99926009,2026-05-18 11:38:26+05:30,53213.8,0,0.0,0,0.0,0.0,53282.15,53308.4,52783.45,53710.35,0,0.0,0.0,0.0,0.0,-0.01,-1,-1,-0.01,-1,-1,-0.01,-1,-1,-0.01,-1,-1,-0.01,-1,-1,-0.01,-1,-1,-0.01,-1,-1,-0.01,-1,-1,-0.01,-1,-1,-0.01,-1,-1
99926009,2026-05-18 11:38:26+05:30,53213.05,0,0.0,0,0.0,0.0,53282.15,53308.4,52783.45,53710.35,0,0.0,0.0,0.0,0.0,-0.01,-1,-1,-0.01,-1,-1,-0.01,-1,-1,-0.01,-1,-1,-0.01,-1,-1,-0.01,-1,-1,-0.01,-1,-1,-0.01,-1,-1,-0.01,-1,-1,-0.01,-1,-1
99926009,2026-05-18 11:38:27+05:30,53231.6,0,0.0,0,0.0,0.0,53282.15,53308.4,52783.45,53710.35,0,0.0,0.0,0.0,0.0,-0.01,-1,-1,-0.01,-1,-1,-0.01,-1,-1,-0.01,-1,-1,-0.01,-1,-1,-0.01,-1,-1,-0.01,-1,-1,-0.01,-1,-1,-0.01,-1,-1,-0.01,-1,-1
99926009,2026-05-18 11:38:27+05:30,53240.3,0,0.0,0,0.0,0.0,53282.15,53308.4,52783.45,53710.35,0,0.0,0.0,0.0,0.0,-0.01,-1,-1,-0.01,-1,-1,-0.01,-1,-1,-0.01,-1,-1,-0.01,-1,-1,-0.01,-1,-1,-0.01,-1,-1,-0.01,-1,-1,-0.01,-1,-1,-0.01,-1,-1
99926009,2026-05-18 11:38:28+05:30,53251.85,0,0.0,0,0.0,0.0,53282.15,53308.4,52783.45,53710.35,0,0.0,0.0,0.0,0.0,-0.01,-1,-1,-0.01,-1,-1,-0.01,-1,-1,-0.01,-1,-1,-0.01,-1,-1,-0.01,-1,-1,-0.01,-1,-1,-0.01,-1,-1,-0.01,-1,-1,-0.01,-1,-1
99926009,2026-05-18 11:38:28+05:30,53257.05,0,0.0,0,0.0,0.0,53282.15,53308.4,52783.45,53710.35,0,0.0,0.0,0.0,0.0,-0.01,-1,-1,-0.01,-1,-1,-0.01,-1,-1,-0.01,-1,-1,-0.01,-1,-1,-0.01,-1,-1,-0.01,-1,-1,-0.01,-1,-1,-0.01,-1,-1,-0.01,-1,-1
99926009,2026-05-18 11:38:29+05:30,53235.8,0,0.0,0,0.0,0.0,53282.15,53308.4,52783.45,53710.35,0,0.0,0.0,0.0,0.0,-0.01,-1,-1,-0.01,-1,-1,-0.01,-1,-1,-0.01,-1,-1,-0.01,-1,-1,-0.01,-1,-1,-0.01,-1,-1,-0.01,-1,-1,-0.01,-1,-1,-0.01,-1,-1
99926009,2026-05-18 11:38:29+05:30,53235.1,0,0.0,0,0.0,0.0,53282.15,53308.4,52783.45,53710.35,0,0.0,0.0,0.0,0.0,-0.01,-1,-1,-0.01,-1,-1,-0.01,-1,-1,-0.01,-1,-1,-0.01,-1,-1,-0.01,-1,-1,-0.01,-1,-1,-0.01,-1,-1,-0.01,-1,-1,-0.01,-1,-1
99926009,2026-05-18 11:38:30+05:30,53231.85,0,0.0,0,0.0,0.0,53282.15,53308.4,52783.45,53710.35,0,0.0,0.0,0.0,0.0,-0.01,-1,-1,-0.01,-1,-1,-0.01,-1,-1,-0.01,-1,-1,-0.01,-1,-1,-0.01,-1,-1,-0.01,-1,-1,-0.01,-1,-1,-0.01,-1,-1,-0.01,-1,-1
99926009,2026-05-18 11:38:30+05:30,53237.7,0,0.0,0,0.0,0.0,53282.15,53308.4,52783.45,53710.35,0,0.0,0.0,0.0,0.0,-0.01,-1,-1,-0.01,-1,-1,-0.01,-1,-1,-0.01,-1,-1,-0.01,-1,-1,-0.01,-1,-1,-0.01,-1,-1,-0.01,-1,-1,-0.01,-1,-1,-0.01,-1,-1
99926009,2026-05-18 11:38:31+05:30,53236.0,0,0.0,0,0.0,0.0,53282.15,53308.4,52783.45,53710.35,0,0.0,0.0,0.0,0.0,-0.01,-1,-1,-0.01,-1,-1,-0.01,-1,-1,-0.01,-1,-1,-0.01,-1,-1,-0.01,-1,-1,-0.01,-1,-1,-0.01,-1,-1,-0.01,-1,-1,-0.01,-1,-1
99926009,2026-05-18 11:38:31+05:30,53238.1,0,0.0,0,0.0,0.0,53282.15,53308.4,52783.45,53710.35,0,0.0,0.0,0.0,0.0,-0.01,-1,-1,-0.01,-1,-1,-0.01,-1,-1,-0.01,-1,-1,-0.01,-1,-1,-0.01,-1,-1,-0.01,-1,-1,-0.01,-1,-1,-0.01,-1,-1,-0.01,-1,-1
99926009,2026-05-18 11:38:32+05:30,53237.15,0,0.0,0,0.0,0.0,53282.15,53308.4,52783.45,53710.35,0,0.0,0.0,0.0,0.0,-0.01,-1,-1,-0.01,-1,-1,-0.01,-1,-1,-0.01,-1,-1,-0.01,-1,-1,-0.01,-1,-1,-0.01,-1,-1,-0.01,-1,-1,-0.01,-1,-1,-0.01,-1,-1
99926009,2026-05-18 11:38:32+05:30,53239.9,0,0.0,0,0.0,0.0,53282.15,53308.4,52783.45,53710.35,0,0.0,0.0,0.0,0.0,-0.01,-1,-1,-0.01,-1,-1,-0.01,-1,-1,-0.01,-1,-1,-0.01,-1,-1,-0.01,-1,-1,-0.01,-1,-1,-0.01,-1,-1,-0.01,-1,-1,-0.01,-1,-1
99926009,2026-05-18 11:38:33+05:30,53241.35,0,0.0,0,0.0,0.0,53282.15,53308.4,52783.45,53710.35,0,0.0,0.0,0.0,0.0,-0.01,-1,-1,-0.01,-1,-1,-0.01,-1,-1,-0.01,-1,-1,-0.01,-1,-1,-0.01,-1,-1,-0.01,-1,-1,-0.01,-1,-1,-0.01,-1,-1,-0.01,-1,-1
99926009,2026-05-18 11:38:33+05:30,53238.4,0,0.0,0,0.0,0.0,53282.15,53308.4,52783.45,53710.35,0,0.0,0.0,0.0,0.0,-0.01,-1,-1,-0.01,-1,-1,-0.01,-1,-1,-0.01,-1,-1,-0.01,-1,-1,-0.01,-1,-1,-0.01,-1,-1,-0.01,-1,-1,-0.01,-1,-1,-0.01,-1,-1
99926009,2026-05-18 11:38:34+05:30,53243.05,0,0.0,0,0.0,0.0,53282.15,53308.4,52783.45,53710.35,0,0.0,0.0,0.0,0.0,-0.01,-1,-1,-0.01,-1,-1,-0.01,-1,-1,-0.01,-1,-1,-0.01,-1,-1,-0.01,-1,-1,-0.01,-1,-1,-0.01,-1,-1,-0.01,-1,-1,-0.01,-1,-1
99926009,2026-05-18 11:38:34+05:30,53241.15,0,0.0,0,0.0,0.0,53282.15,53308.4,52783.45,53710.35,0,0.0,0.0,0.0,0.0,-0.01,-1,-1,-0.01,-1,-1,-0.01,-1,-1,-0.01,-1,-1,-0.01,-1,-1,-0.01,-1,-1,-0.01,-1,-1,-0.01,-1,-1,-0.01,-1,-1,-0.01,-1,-1
99926009,2026-05-18 11:38:35+05:30,53243.4,0,0.0,0,0.0,0.0,53282.15,53308.4,52783.45,53710.35,0,0.0,0.0,0.0,0.0,-0.01,-1,-1,-0.01,-1,-1,-0.01,-1,-1,-0.01,-1,-1,-0.01,-1,-1,-0.01,-1,-1,-0.01,-1,-1,-0.01,-1,-1,-0.01,-1,-1,-0.01,-1,-1
99926009,2026-05-18 11:38:35+05:30,53250.55,0,0.0,0,0.0,0.0,53282.15,53308.4,52783.45,53710.35,0,0.0,0.0,0.0,0.0,-0.01,-1,-1,-0.01,-1,-1,-0.01,-1,-1,-0.01,-1,-1,-0.01,-1,-1,-0.01,-1,-1,-0.01,-1,-1,-0.01,-1,-1,-0.01,-1,-1,-0.01,-1,-1
99926009,2026-05-18 11:38:36+05:30,53255.0,0,0.0,0,0.0,0.0,53282.15,53308.4,52783.45,53710.35,0,0.0,0.0,0.0,0.0,-0.01,-1,-1,-0.01,-1,-1,-0.01,-1,-1,-0.01,-1,-1,-0.01,-1,-1,-0.01,-1,-1,-0.01,-1,-1,-0.01,-1,-1,-0.01,-1,-1,-0.01,-1,-1
99926009,2026-05-18 11:38:36+05:30,53256.55,0,0.0,0,0.0,0.0,53282.15,53308.4,52783.45,53710.35,0,0.0,0.0,0.0,0.0,-0.01,-1,-1,-0.01,-1,-1,-0.01,-1,-1,-0.01,-1,-1,-0.01,-1,-1,-0.01,-1,-1,-0.01,-1,-1,-0.01,-1,-1,-0.01,-1,-1,-0.01,-1,-1
99926009,2026-05-18 11:38:37+05:30,53255.9,0,0.0,0,0.0,0.0,53282.15,53308.4,52783.45,53710.35,0,0.0,0.0,0.0,0.0,-0.01,-1,-1,-0.01,-1,-1,-0.01,-1,-1,-0.01,-1,-1,-0.01,-1,-1,-0.01,-1,-1,-0.01,-1,-1,-0.01,-1,-1,-0.01,-1,-1,-0.01,-1,-1
99926009,2026-05-18 11:38:37+05:30,53258.75,0,0.0,0,0.0,0.0,53282.15,53308.4,52783.45,53710.35,0,0.0,0.0,0.0,0.0,-0.01,-1,-1,-0.01,-1,-1,-0.01,-1,-1,-0.01,-1,-1,-0.01,-1,-1,-0.01,-1,-1,-0.01,-1,-1,-0.01,-1,-1,-0.01,-1,-1,-0.01,-1,-1
99926009,2026-05-18 11:38:38+05:30,53257.5,0,0.0,0,0.0,0.0,53282.15,53308.4,52783.45,53710.35,0,0.0,0.0,0.0,0.0,-0.01,-1,-1,-0.01,-1,-1,-0.01,-1,-1,-0.01,-1,-1,-0.01,-1,-1,-0.01,-1,-1,-0.01,-1,-1,-0.01,-1,-1,-0.01,-1,-1,-0.01,-1,-1
99926009,2026-05-18 11:38:38+05:30,53253.6,0,0.0,0,0.0,0.0,53282.15,53308.4,52783.45,53710.35,0,0.0,0.0,0.0,0.0,-0.01,-1,-1,-0.01,-1,-1,-0.01,-1,-1,-0.01,-1,-1,-0.01,-1,-1,-0.01,-1,-1,-0.01,-1,-1,-0.01,-1,-1,-0.01,-1,-1,-0.01,-1,-1
99926009,2026-05-18 11:38:39+05:30,53251.75,0,0.0,0,0.0,0.0,53282.15,53308.4,52783.45,53710.35,0,0.0,0.0,0.0,0.0,-0.01,-1,-1,-0.01,-1,-1,-0.01,-1,-1,-0.01,-1,-1,-0.01,-1,-1,-0.01,-1,-1,-0.01,-1,-1,-0.01,-1,-1,-0.01,-1,-1,-0.01,-1,-1
99926009,2026-05-18 11:38:39+05:30,53250.7,0,0.0,0,0.0,0.0,53282.15,53308.4,52783.45,53710.35,0,0.0,0.0,0.0,0.0,-0.01,-1,-1,-0.01,-1,-1,-0.01,-1,-1,-0.01,-1,-1,-0.01,-1,-1,-0.01,-1,-1,-0.01,-1,-1,-0.01,-1,-1,-0.01,-1,-1,-0.01,-1,-1
99926009,2026-05-18 11:38:40+05:30,53248.9,0,0.0,0,0.0,0.0,53282.15,53308.4,52783.45,53710.35,0,0.0,0.0,0.0,0.0,-0.01,-1,-1,-0.01,-1,-1,-0.01,-1,-1,-0.01,-1,-1,-0.01,-1,-1,-0.01,-1,-1,-0.01,-1,-1,-0.01,-1,-1,-0.01,-1,-1,-0.01,-1,-1
99926009,2026-05-18 11:38:40+05:30,53252.95,0,0.0,0,0.0,0.0,53282.15,53308.4,52783.45,53710.35,0,0.0,0.0,0.0,0.0,-0.01,-1,-1,-0.01,-1,-1,-0.01,-1,-1,-0.01,-1,-1,-0.01,-1,-1,-0.01,-1,-1,-0.01,-1,-1,-0.01,-1,-1,-0.01,-1,-1,-0.01,-1,-1
99926009,2026-05-18 11:38:41+05:30,53252.25,0,0.0,0,0.0,0.0,53282.15,53308.4,52783.45,53710.35,0,0.0,0.0,0.0,0.0,-0.01,-1,-1,-0.01,-1,-1,-0.01,-1,-1,-0.01,-1,-1,-0.01,-1,-1,-0.01,-1,-1,-0.01,-1,-1,-0.01,-1,-1,-0.01,-1,-1,-0.01,-1,-1
99926009,2026-05-18 11:38:41+05:30,53256.75,0,0.0,0,0.0,0.0,53282.15,53308.4,52783.45,53710.35,0,0.0,0.0,0.0,0.0,-0.01,-1,-1,-0.01,-1,-1,-0.01,-1,-1,-0.01,-1,-1,-0.01,-1,-1,-0.01,-1,-1,-0.01,-1,-1,-0.01,-1,-1,-0.01,-1,-1,-0.01,-1,-1
99926009,2026-05-18 11:38:42+05:30,53258.85,0,0.0,0,0.0,0.0,53282.15,53308.4,52783.45,53710.35,0,0.0,0.0,0.0,0.0,-0.01,-1,-1,-0.01,-1,-1,-0.01,-1,-1,-0.01,-1,-1,-0.01,-1,-1,-0.01,-1,-1,-0.01,-1,-1,-0.01,-1,-1,-0.01,-1,-1,-0.01,-1,-1
99926009,2026-05-18 11:38:42+05:30,53252.6,0,0.0,0,0.0,0.0,53282.15,53308.4,52783.45,53710.35,0,0.0,0.0,0.0,0.0,-0.01,-1,-1,-0.01,-1,-1,-0.01,-1,-1,-0.01,-1,-1,-0.01,-1,-1,-0.01,-1,-1,-0.01,-1,-1,-0.01,-1,-1,-0.01,-1,-1,-0.01,-1,-1
99926009,2026-05-18 11:38:43+05:30,53255.55,0,0.0,0,0.0,0.0,53282.15,53308.4,52783.45,53710.35,0,0.0,0.0,0.0,0.0,-0.01,-1,-1,-0.01,-1,-1,-0.01,-1,-1,-0.01,-1,-1,-0.01,-1,-1,-0.01,-1,-1,-0.01,-1,-1,-0.01,-1,-1,-0.01,-1,-1,-0.01,-1,-1
99926009,2026-05-18 11:38:43+05:30,53255.7,0,0.0,0,0.0,0.0,53282.15,53308.4,52783.45,53710.35,0,0.0,0.0,0.0,0.0,-0.01,-1,-1,-0.01,-1,-1,-0.01,-1,-1,-0.01,-1,-1,-0.01,-1,-1,-0.01,-1,-1,-0.01,-1,-1,-0.01,-1,-1,-0.01,-1,-1,-0.01,-1,-1
99926009,2026-05-18 11:38:44+05:30,53255.7,0,0.0,0,0.0,0.0,53282.15,53308.4,52783.45,53710.35,0,0.0,0.0,0.0,0.0,-0.01,-1,-1,-0.01,-1,-1,-0.01,-1,-1,-0.01,-1,-1,-0.01,-1,-1,-0.01,-1,-1,-0.01,-1,-1,-0.01,-1,-1,-0.01,-1,-1,-0.01,-1,-1
99926009,2026-05-18 11:38:44+05:30,53255.45,0,0.0,0,0.0,0.0,53282.15,53308.4,52783.45,53710.35,0,0.0,0.0,0.0,0.0,-0.01,-1,-1,-0.01,-1,-1,-0.01,-1,-1,-0.01,-1,-1,-0.01,-1,-1,-0.01,-1,-1,-0.01,-1,-1,-0.01,-1,-1,-0.01,-1,-1,-0.01,-1,-1
99926009,2026-05-18 11:38:45+05:30,53259.25,0,0.0,0,0.0,0.0,53282.15,53308.4,52783.45,53710.35,0,0.0,0.0,0.0,0.0,-0.01,-1,-1,-0.01,-1,-1,-0.01,-1,-1,-0.01,-1,-1,-0.01,-1,-1,-0.01,-1,-1,-0.01,-1,-1,-0.01,-1,-1,-0.01,-1,-1,-0.01,-1,-1
99926009,2026-05-18 11:38:45+05:30,53253.9,0,0.0,0,0.0,0.0,53282.15,53308.4,52783.45,53710.35,0,0.0,0.0,0.0,0.0,-0.01,-1,-1,-0.01,-1,-1,-0.01,-1,-1,-0.01,-1,-1,-0.01,-1,-1,-0.01,-1,-1,-0.01,-1,-1,-0.01,-1,-1,-0.01,-1,-1,-0.01,-1,-1
99926009,2026-05-18 11:38:46+05:30,53254.8,0,0.0,0,0.0,0.0,53282.15,53308.4,52783.45,53710.35,0,0.0,0.0,0.0,0.0,-0.01,-1,-1,-0.01,-1,-1,-0.01,-1,-1,-0.01,-1,-1,-0.01,-1,-1,-0.01,-1,-1,-0.01,-1,-1,-0.01,-1,-1,-0.01,-1,-1,-0.01,-1,-1
99926009,2026-05-18 11:38:46+05:30,53259.35,0,0.0,0,0.0,0.0,53282.15,53308.4,52783.45,53710.35,0,0.0,0.0,0.0,0.0,-0.01,-1,-1,-0.01,-1,-1,-0.01,-1,-1,-0.01,-1,-1,-0.01,-1,-1,-0.01,-1,-1,-0.01,-1,-1,-0.01,-1,-1,-0.01,-1,-1,-0.01,-1,-1
99926009,2026-05-18 11:38:47+05:30,53256.4,0,0.0,0,0.0,0.0,53282.15,53308.4,52783.45,53710.35,0,0.0,0.0,0.0,0.0,-0.01,-1,-1,-0.01,-1,-1,-0.01,-1,-1,-0.01,-1,-1,-0.01,-1,-1,-0.01,-1,-1,-0.01,-1,-1,-0.01,-1,-1,-0.01,-1,-1,-0.01,-1,-1
99926009,2026-05-18 11:38:47+05:30,53254.85,0,0.0,0,0.0,0.0,53282.15,53308.4,52783.45,53710.35,0,0.0,0.0,0.0,0.0,-0.01,-1,-1,-0.01,-1,-1,-0.01,-1,-1,-0.01,-1,-1,-0.01,-1,-1,-0.01,-1,-1,-0.01,-1,-1,-0.01,-1,-1,-0.01,-1,-1,-0.01,-1,-1
99926009,2026-05-18 11:38:48+05:30,53256.5,0,0.0,0,0.0,0.0,53282.15,53308.4,52783.45,53710.35,0,0.0,0.0,0.0,0.0,-0.01,-1,-1,-0.01,-1,-1,-0.01,-1,-1,-0.01,-1,-1,-0.01,-1,-1,-0.01,-1,-1,-0.01,-1,-1,-0.01,-1,-1,-0.01,-1,-1,-0.01,-1,-1
99926009,2026-05-18 11:38:48+05:30,53254.4,0,0.0,0,0.0,0.0,53282.15,53308.4,52783.45,53710.35,0,0.0,0.0,0.0,0.0,-0.01,-1,-1,-0.01,-1,-1,-0.01,-1,-1,-0.01,-1,-1,-0.01,-1,-1,-0.01,-1,-1,-0.01,-1,-1,-0.01,-1,-1,-0.01,-1,-1,-0.01,-1,-1
99926009,2026-05-18 11:38:49+05:30,53254.75,0,0.0,0,0.0,0.0,53282.15,53308.4,52783.45,53710.35,0,0.0,0.0,0.0,0.0,-0.01,-1,-1,-0.01,-1,-1,-0.01,-1,-1,-0.01,-1,-1,-0.01,-1,-1,-0.01,-1,-1,-0.01,-1,-1,-0.01,-1,-1,-0.01,-1,-1,-0.01,-1,-1
99926009,2026-05-18 11:38:49+05:30,53253.95,0,0.0,0,0.0,0.0,53282.15,53308.4,52783.45,53710.35,0,0.0,0.0,0.0,0.0,-0.01,-1,-1,-0.01,-1,-1,-0.01,-1,-1,-0.01,-1,-1,-0.01,-1,-1,-0.01,-1,-1,-0.01,-1,-1,-0.01,-1,-1,-0.01,-1,-1,-0.01,-1,-1
99926009,2026-05-18 11:38:50+05:30,53249.5,0,0.0,0,0.0,0.0,53282.15,53308.4,52783.45,53710.35,0,0.0,0.0,0.0,0.0,-0.01,-1,-1,-0.01,-1,-1,-0.01,-1,-1,-0.01,-1,-1,-0.01,-1,-1,-0.01,-1,-1,-0.01,-1,-1,-0.01,-1,-1,-0.01,-1,-1,-0.01,-1,-1
99926009,2026-05-18 11:38:50+05:30,53250.4,0,0.0,0,0.0,0.0,53282.15,53308.4,52783.45,53710.35,0,0.0,0.0,0.0,0.0,-0.01,-1,-1,-0.01,-1,-1,-0.01,-1,-1,-0.01,-1,-1,-0.01,-1,-1,-0.01,-1,-1,-0.01,-1,-1,-0.01,-1,-1,-0.01,-1,-1,-0.01,-1,-1
99926009,2026-05-18 11:38:51+05:30,53246.8,0,0.0,0,0.0,0.0,53282.15,53308.4,52783.45,53710.35,0,0.0,0.0,0.0,0.0,-0.01,-1,-1,-0.01,-1,-1,-0.01,-1,-1,-0.01,-1,-1,-0.01,-1,-1,-0.01,-1,-1,-0.01,-1,-1,-0.01,-1,-1,-0.01,-1,-1,-0.01,-1,-1
99926009,2026-05-18 11:38:51+05:30,53251.5,0,0.0,0,0.0,0.0,53282.15,53308.4,52783.45,53710.35,0,0.0,0.0,0.0,0.0,-0.01,-1,-1,-0.01,-1,-1,-0.01,-1,-1,-0.01,-1,-1,-0.01,-1,-1,-0.01,-1,-1,-0.01,-1,-1,-0.01,-1,-1,-0.01,-1,-1,-0.01,-1,-1
99926009,2026-05-18 11:38:52+05:30,53255.3,0,0.0,0,0.0,0.0,53282.15,53308.4,52783.45,53710.35,0,0.0,0.0,0.0,0.0,-0.01,-1,-1,-0.01,-1,-1,-0.01,-1,-1,-0.01,-1,-1,-0.01,-1,-1,-0.01,-1,-1,-0.01,-1,-1,-0.01,-1,-1,-0.01,-1,-1,-0.01,-1,-1
99926009,2026-05-18 11:38:52+05:30,53246.1,0,0.0,0,0.0,0.0,53282.15,53308.4,52783.45,53710.35,0,0.0,0.0,0.0,0.0,-0.01,-1,-1,-0.01,-1,-1,-0.01,-1,-1,-0.01,-1,-1,-0.01,-1,-1,-0.01,-1,-1,-0.01,-1,-1,-0.01,-1,-1,-0.01,-1,-1,-0.01,-1,-1
99926009,2026-05-18 11:38:53+05:30,53251.7,0,0.0,0,0.0,0.0,53282.15,53308.4,52783.45,53710.35,0,0.0,0.0,0.0,0.0,-0.01,-1,-1,-0.01,-1,-1,-0.01,-1,-1,-0.01,-1,-1,-0.01,-1,-1,-0.01,-1,-1,-0.01,-1,-1,-0.01,-1,-1,-0.01,-1,-1,-0.01,-1,-1
99926009,2026-05-18 11:38:53+05:30,53251.0,0,0.0,0,0.0,0.0,53282.15,53308.4,52783.45,53710.35,0,0.0,0.0,0.0,0.0,-0.01,-1,-1,-0.01,-1,-1,-0.01,-1,-1,-0.01,-1,-1,-0.01,-1,-1,-0.01,-1,-1,-0.01,-1,-1,-0.01,-1,-1,-0.01,-1,-1,-0.01,-1,-1
99926009,2026-05-18 11:38:54+05:30,53251.0,0,0.0,0,0.0,0.0,53282.15,53308.4,52783.45,53710.35,0,0.0,0.0,0.0,0.0,-0.01,-1,-1,-0.01,-1,-1,-0.01,-1,-1,-0.01,-1,-1,-0.01,-1,-1,-0.01,-1,-1,-0.01,-1,-1,-0.01,-1,-1,-0.01,-1,-1,-0.01,-1,-1
99926009,2026-05-18 11:38:54+05:30,53251.0,0,0.0,0,0.0,0.0,53282.15,53308.4,52783.45,53710.35,0,0.0,0.0,0.0,0.0,-0.01,-1,-1,-0.01,-1,-1,-0.01,-1,-1,-0.01,-1,-1,-0.01,-1,-1,-0.01,-1,-1,-0.01,-1,-1,-0.01,-1,-1,-0.01,-1,-1,-0.01,-1,-1
99926009,2026-05-18 11:38:55+05:30,53250.8,0,0.0,0,0.0,0.0,53282.15,53308.4,52783.45,53710.35,0,0.0,0.0,0.0,0.0,-0.01,-1,-1,-0.01,-1,-1,-0.01,-1,-1,-0.01,-1,-1,-0.01,-1,-1,-0.01,-1,-1,-0.01,-1,-1,-0.01,-1,-1,-0.01,-1,-1,-0.01,-1,-1
99926009,2026-05-18 11:38:55+05:30,53250.45,0,0.0,0,0.0,0.0,53282.15,53308.4,52783.45,53710.35,0,0.0,0.0,0.0,0.0,-0.01,-1,-1,-0.01,-1,-1,-0.01,-1,-1,-0.01,-1,-1,-0.01,-1,-1,-0.01,-1,-1,-0.01,-1,-1,-0.01,-1,-1,-0.01,-1,-1,-0.01,-1,-1
99926009,2026-05-18 11:38:56+05:30,53250.3,0,0.0,0,0.0,0.0,53282.15,53308.4,52783.45,53710.35,0,0.0,0.0,0.0,0.0,-0.01,-1,-1,-0.01,-1,-1,-0.01,-1,-1,-0.01,-1,-1,-0.01,-1,-1,-0.01,-1,-1,-0.01,-1,-1,-0.01,-1,-1,-0.01,-1,-1,-0.01,-1,-1
99926009,2026-05-18 11:38:56+05:30,53250.55,0,0.0,0,0.0,0.0,53282.15,53308.4,52783.45,53710.35,0,0.0,0.0,0.0,0.0,-0.01,-1,-1,-0.01,-1,-1,-0.01,-1,-1,-0.01,-1,-1,-0.01,-1,-1,-0.01,-1,-1,-0.01,-1,-1,-0.01,-1,-1,-0.01,-1,-1,-0.01,-1,-1
99926009,2026-05-18 11:38:57+05:30,53247.4,0,0.0,0,0.0,0.0,53282.15,53308.4,52783.45,53710.35,0,0.0,0.0,0.0,0.0,-0.01,-1,-1,-0.01,-1,-1,-0.01,-1,-1,-0.01,-1,-1,-0.01,-1,-1,-0.01,-1,-1,-0.01,-1,-1,-0.01,-1,-1,-0.01,-1,-1,-0.01,-1,-1
99926009,2026-05-18 11:38:57+05:30,53255.75,0,0.0,0,0.0,0.0,53282.15,53308.4,52783.45,53710.35,0,0.0,0.0,0.0,0.0,-0.01,-1,-1,-0.01,-1,-1,-0.01,-1,-1,-0.01,-1,-1,-0.01,-1,-1,-0.01,-1,-1,-0.01,-1,-1,-0.01,-1,-1,-0.01,-1,-1,-0.01,-1,-1
99926009,2026-05-18 11:38:58+05:30,53251.45,0,0.0,0,0.0,0.0,53282.15,53308.4,52783.45,53710.35,0,0.0,0.0,0.0,0.0,-0.01,-1,-1,-0.01,-1,-1,-0.01,-1,-1,-0.01,-1,-1,-0.01,-1,-1,-0.01,-1,-1,-0.01,-1,-1,-0.01,-1,-1,-0.01,-1,-1,-0.01,-1,-1
99926009,2026-05-18 11:38:58+05:30,53249.55,0,0.0,0,0.0,0.0,53282.15,53308.4,52783.45,53710.35,0,0.0,0.0,0.0,0.0,-0.01,-1,-1,-0.01,-1,-1,-0.01,-1,-1,-0.01,-1,-1,-0.01,-1,-1,-0.01,-1,-1,-0.01,-1,-1,-0.01,-1,-1,-0.01,-1,-1,-0.01,-1,-1
99926009,2026-05-18 11:38:59+05:30,53248.75,0,0.0,0,0.0,0.0,53282.15,53308.4,52783.45,53710.35,0,0.0,0.0,0.0,0.0,-0.01,-1,-1,-0.01,-1,-1,-0.01,-1,-1,-0.01,-1,-1,-0.01,-1,-1,-0.01,-1,-1,-0.01,-1,-1,-0.01,-1,-1,-0.01,-1,-1,-0.01,-1,-1
99926009,2026-05-18 11:38:59+05:30,53253.75,0,0.0,0,0.0,0.0,53282.15,53308.4,52783.45,53710.35,0,0.0,0.0,0.0,0.0,-0.01,-1,-1,-0.01,-1,-1,-0.01,-1,-1,-0.01,-1,-1,-0.01,-1,-1,-0.01,-1,-1,-0.01,-1,-1,-0.01,-1,-1,-0.01,-1,-1,-0.01,-1,-1
99926009,2026-05-18 11:39:00+05:30,53253.7,0,0.0,0,0.0,0.0,53282.15,53308.4,52783.45,53710.35,0,0.0,0.0,0.0,0.0,-0.01,-1,-1,-0.01,-1,-1,-0.01,-1,-1,-0.01,-1,-1,-0.01,-1,-1,-0.01,-1,-1,-0.01,-1,-1,-0.01,-1,-1,-0.01,-1,-1,-0.01,-1,-1
99926009,2026-05-18 11:39:00+05:30,53250.8,0,0.0,0,0.0,0.0,53282.15,53308.4,52783.45,53710.35,0,0.0,0.0,0.0,0.0,-0.01,-1,-1,-0.01,-1,-1,-0.01,-1,-1,-0.01,-1,-1,-0.01,-1,-1,-0.01,-1,-1,-0.01,-1,-1,-0.01,-1,-1,-0.01,-1,-1,-0.01,-1,-1
99926009,2026-05-18 11:39:01+05:30,53264.3,0,0.0,0,0.0,0.0,53282.15,53308.4,52783.45,53710.35,0,0.0,0.0,0.0,0.0,-0.01,-1,-1,-0.01,-1,-1,-0.01,-1,-1,-0.01,-1,-1,-0.01,-1,-1,-0.01,-1,-1,-0.01,-1,-1,-0.01,-1,-1,-0.01,-1,-1,-0.01,-1,-1
99926009,2026-05-18 11:39:01+05:30,53266.5,0,0.0,0,0.0,0.0,53282.15,53308.4,52783.45,53710.35,0,0.0,0.0,0.0,0.0,-0.01,-1,-1,-0.01,-1,-1,-0.01,-1,-1,-0.01,-1,-1,-0.01,-1,-1,-0.01,-1,-1,-0.01,-1,-1,-0.01,-1,-1,-0.01,-1,-1,-0.01,-1,-1
99926009,2026-05-18 11:39:02+05:30,53266.85,0,0.0,0,0.0,0.0,53282.15,53308.4,52783.45,53710.35,0,0.0,0.0,0.0,0.0,-0.01,-1,-1,-0.01,-1,-1,-0.01,-1,-1,-0.01,-1,-1,-0.01,-1,-1,-0.01,-1,-1,-0.01,-1,-1,-0.01,-1,-1,-0.01,-1,-1,-0.01,-1,-1
99926009,2026-05-18 11:39:02+05:30,53268.05,0,0.0,0,0.0,0.0,53282.15,53308.4,52783.45,53710.35,0,0.0,0.0,0.0,0.0,-0.01,-1,-1,-0.01,-1,-1,-0.01,-1,-1,-0.01,-1,-1,-0.01,-1,-1,-0.01,-1,-1,-0.01,-1,-1,-0.01,-1,-1,-0.01,-1,-1,-0.01,-1,-1
99926009,2026-05-18 11:39:03+05:30,53271.15,0,0.0,0,0.0,0.0,53282.15,53308.4,52783.45,53710.35,0,0.0,0.0,0.0,0.0,-0.01,-1,-1,-0.01,-1,-1,-0.01,-1,-1,-0.01,-1,-1,-0.01,-1,-1,-0.01,-1,-1,-0.01,-1,-1,-0.01,-1,-1,-0.01,-1,-1,-0.01,-1,-1
99926009,2026-05-18 11:39:03+05:30,53269.75,0,0.0,0,0.0,0.0,53282.15,53308.4,52783.45,53710.35,0,0.0,0.0,0.0,0.0,-0.01,-1,-1,-0.01,-1,-1,-0.01,-1,-1,-0.01,-1,-1,-0.01,-1,-1,-0.01,-1,-1,-0.01,-1,-1,-0.01,-1,-1,-0.01,-1,-1,-0.01,-1,-1
99926009,2026-05-18 11:39:04+05:30,53268.5,0,0.0,0,0.0,0.0,53282.15,53308.4,52783.45,53710.35,0,0.0,0.0,0.0,0.0,-0.01,-1,-1,-0.01,-1,-1,-0.01,-1,-1,-0.01,-1,-1,-0.01,-1,-1,-0.01,-1,-1,-0.01,-1,-1,-0.01,-1,-1,-0.01,-1,-1,-0.01,-1,-1
99926009,2026-05-18 11:39:04+05:30,53270.5,0,0.0,0,0.0,0.0,53282.15,53308.4,52783.45,53710.35,0,0.0,0.0,0.0,0.0,-0.01,-1,-1,-0.01,-1,-1,-0.01,-1,-1,-0.01,-1,-1,-0.01,-1,-1,-0.01,-1,-1,-0.01,-1,-1,-0.01,-1,-1,-0.01,-1,-1,-0.01,-1,-1
99926009,2026-05-18 11:39:05+05:30,53271.75,0,0.0,0,0.0,0.0,53282.15,53308.4,52783.45,53710.35,0,0.0,0.0,0.0,0.0,-0.01,-1,-1,-0.01,-1,-1,-0.01,-1,-1,-0.01,-1,-1,-0.01,-1,-1,-0.01,-1,-1,-0.01,-1,-1,-0.01,-1,-1,-0.01,-1,-1,-0.01,-1,-1
99926009,2026-05-18 11:39:05+05:30,53274.35,0,0.0,0,0.0,0.0,53282.15,53308.4,52783.45,53710.35,0,0.0,0.0,0.0,0.0,-0.01,-1,-1,-0.01,-1,-1,-0.01,-1,-1,-0.01,-1,-1,-0.01,-1,-1,-0.01,-1,-1,-0.01,-1,-1,-0.01,-1,-1,-0.01,-1,-1,-0.01,-1,-1
99926009,2026-05-18 11:39:06+05:30,53272.0,0,0.0,0,0.0,0.0,53282.15,53308.4,52783.45,53710.35,0,0.0,0.0,0.0,0.0,-0.01,-1,-1,-0.01,-1,-1,-0.01,-1,-1,-0.01,-1,-1,-0.01,-1,-1,-0.01,-1,-1,-0.01,-1,-1,-0.01,-1,-1,-0.01,-1,-1,-0.01,-1,-1
99926009,2026-05-18 11:39:06+05:30,53277.45,0,0.0,0,0.0,0.0,53282.15,53308.4,52783.45,53710.35,0,0.0,0.0,0.0,0.0,-0.01,-1,-1,-0.01,-1,-1,-0.01,-1,-1,-0.01,-1,-1,-0.01,-1,-1,-0.01,-1,-1,-0.01,-1,-1,-0.01,-1,-1,-0.01,-1,-1,-0.01,-1,-1
99926009,2026-05-18 11:39:07+05:30,53277.95,0,0.0,0,0.0,0.0,53282.15,53308.4,52783.45,53710.35,0,0.0,0.0,0.0,0.0,-0.01,-1,-1,-0.01,-1,-1,-0.01,-1,-1,-0.01,-1,-1,-0.01,-1,-1,-0.01,-1,-1,-0.01,-1,-1,-0.01,-1,-1,-0.01,-1,-1,-0.01,-1,-1
99926009,2026-05-18 11:39:07+05:30,53275.35,0,0.0,0,0.0,0.0,53282.15,53308.4,52783.45,53710.35,0,0.0,0.0,0.0,0.0,-0.01,-1,-1,-0.01,-1,-1,-0.01,-1,-1,-0.01,-1,-1,-0.01,-1,-1,-0.01,-1,-1,-0.01,-1,-1,-0.01,-1,-1,-0.01,-1,-1,-0.01,-1,-1
99926009,2026-05-18 11:39:08+05:30,53273.15,0,0.0,0,0.0,0.0,53282.15,53308.4,52783.45,53710.35,0,0.0,0.0,0.0,0.0,-0.01,-1,-1,-0.01,-1,-1,-0.01,-1,-1,-0.01,-1,-1,-0.01,-1,-1,-0.01,-1,-1,-0.01,-1,-1,-0.01,-1,-1,-0.01,-1,-1,-0.01,-1,-1
99926009,2026-05-18 11:39:08+05:30,53271.5,0,0.0,0,0.0,0.0,53282.15,53308.4,52783.45,53710.35,0,0.0,0.0,0.0,0.0,-0.01,-1,-1,-0.01,-1,-1,-0.01,-1,-1,-0.01,-1,-1,-0.01,-1,-1,-0.01,-1,-1,-0.01,-1,-1,-0.01,-1,-1,-0.01,-1,-1,-0.01,-1,-1
99926009,2026-05-18 11:39:09+05:30,53275.8,0,0.0,0,0.0,0.0,53282.15,53308.4,52783.45,53710.35,0,0.0,0.0,0.0,0.0,-0.01,-1,-1,-0.01,-1,-1,-0.01,-1,-1,-0.01,-1,-1,-0.01,-1,-1,-0.01,-1,-1,-0.01,-1,-1,-0.01,-1,-1,-0.01,-1,-1,-0.01,-1,-1
99926009,2026-05-18 11:39:09+05:30,53277.5,0,0.0,0,0.0,0.0,53282.15,53308.4,52783.45,53710.35,0,0.0,0.0,0.0,0.0,-0.01,-1,-1,-0.01,-1,-1,-0.01,-1,-1,-0.01,-1,-1,-0.01,-1,-1,-0.01,-1,-1,-0.01,-1,-1,-0.01,-1,-1,-0.01,-1,-1,-0.01,-1,-1
99926009,2026-05-18 11:39:10+05:30,53278.75,0,0.0,0,0.0,0.0,53282.15,53308.4,52783.45,53710.35,0,0.0,0.0,0.0,0.0,-0.01,-1,-1,-0.01,-1,-1,-0.01,-1,-1,-0.01,-1,-1,-0.01,-1,-1,-0.01,-1,-1,-0.01,-1,-1,-0.01,-1,-1,-0.01,-1,-1,-0.01,-1,-1
99926009,2026-05-18 11:39:10+05:30,53277.8,0,0.0,0,0.0,0.0,53282.15,53308.4,52783.45,53710.35,0,0.0,0.0,0.0,0.0,-0.01,-1,-1,-0.01,-1,-1,-0.01,-1,-1,-0.01,-1,-1,-0.01,-1,-1,-0.01,-1,-1,-0.01,-1,-1,-0.01,-1,-1,-0.01,-1,-1,-0.01,-1,-1
99926009,2026-05-18 11:39:11+05:30,53278.2,0,0.0,0,0.0,0.0,53282.15,53308.4,52783.45,53710.35,0,0.0,0.0,0.0,0.0,-0.01,-1,-1,-0.01,-1,-1,-0.01,-1,-1,-0.01,-1,-1,-0.01,-1,-1,-0.01,-1,-1,-0.01,-1,-1,-0.01,-1,-1,-0.01,-1,-1,-0.01,-1,-1
99926009,2026-05-18 11:39:11+05:30,53278.4,0,0.0,0,0.0,0.0,53282.15,53308.4,52783.45,53710.35,0,0.0,0.0,0.0,0.0,-0.01,-1,-1,-0.01,-1,-1,-0.01,-1,-1,-0.01,-1,-1,-0.01,-1,-1,-0.01,-1,-1,-0.01,-1,-1,-0.01,-1,-1,-0.01,-1,-1,-0.01,-1,-1
99926009,2026-05-18 11:39:12+05:30,53275.0,0,0.0,0,0.0,0.0,53282.15,53308.4,52783.45,53710.35,0,0.0,0.0,0.0,0.0,-0.01,-1,-1,-0.01,-1,-1,-0.01,-1,-1,-0.01,-1,-1,-0.01,-1,-1,-0.01,-1,-1,-0.01,-1,-1,-0.01,-1,-1,-0.01,-1,-1,-0.01,-1,-1
99926009,2026-05-18 11:39:12+05:30,53275.85,0,0.0,0,0.0,0.0,53282.15,53308.4,52783.45,53710.35,0,0.0,0.0,0.0,0.0,-0.01,-1,-1,-0.01,-1,-1,-0.01,-1,-1,-0.01,-1,-1,-0.01,-1,-1,-0.01,-1,-1,-0.01,-1,-1,-0.01,-1,-1,-0.01,-1,-1,-0.01,-1,-1
99926009,2026-05-18 11:39:13+05:30,53272.0,0,0.0,0,0.0,0.0,53282.15,53308.4,52783.45,53710.35,0,0.0,0.0,0.0,0.0,-0.01,-1,-1,-0.01,-1,-1,-0.01,-1,-1,-0.01,-1,-1,-0.01,-1,-1,-0.01,-1,-1,-0.01,-1,-1,-0.01,-1,-1,-0.01,-1,-1,-0.01,-1,-1
99926009,2026-05-18 11:39:13+05:30,53271.85,0,0.0,0,0.0,0.0,53282.15,53308.4,52783.45,53710.35,0,0.0,0.0,0.0,0.0,-0.01,-1,-1,-0.01,-1,-1,-0.01,-1,-1,-0.01,-1,-1,-0.01,-1,-1,-0.01,-1,-1,-0.01,-1,-1,-0.01,-1,-1,-0.01,-1,-1,-0.01,-1,-1
99926009,2026-05-18 11:39:14+05:30,53273.05,0,0.0,0,0.0,0.0,53282.15,53308.4,52783.45,53710.35,0,0.0,0.0,0.0,0.0,-0.01,-1,-1,-0.01,-1,-1,-0.01,-1,-1,-0.01,-1,-1,-0.01,-1,-1,-0.01,-1,-1,-0.01,-1,-1,-0.01,-1,-1,-0.01,-1,-1,-0.01,-1,-1
99926009,2026-05-18 11:39:14+05:30,53272.8,0,0.0,0,0.0,0.0,53282.15,53308.4,52783.45,53710.35,0,0.0,0.0,0.0,0.0,-0.01,-1,-1,-0.01,-1,-1,-0.01,-1,-1,-0.01,-1,-1,-0.01,-1,-1,-0.01,-1,-1,-0.01,-1,-1,-0.01,-1,-1,-0.01,-1,-1,-0.01,-1,-1
99926009,2026-05-18 11:39:15+05:30,53275.55,0,0.0,0,0.0,0.0,53282.15,53308.4,52783.45,53710.35,0,0.0,0.0,0.0,0.0,-0.01,-1,-1,-0.01,-1,-1,-0.01,-1,-1,-0.01,-1,-1,-0.01,-1,-1,-0.01,-1,-1,-0.01,-1,-1,-0.01,-1,-1,-0.01,-1,-1,-0.01,-1,-1
99926009,2026-05-18 11:39:15+05:30,53276.1,0,0.0,0,0.0,0.0,53282.15,53308.4,52783.45,53710.35,0,0.0,0.0,0.0,0.0,-0.01,-1,-1,-0.01,-1,-1,-0.01,-1,-1,-0.01,-1,-1,-0.01,-1,-1,-0.01,-1,-1,-0.01,-1,-1,-0.01,-1,-1,-0.01,-1,-1,-0.01,-1,-1
99926009,2026-05-18 11:39:16+05:30,53277.8,0,0.0,0,0.0,0.0,53282.15,53308.4,52783.45,53710.35,0,0.0,0.0,0.0,0.0,-0.01,-1,-1,-0.01,-1,-1,-0.01,-1,-1,-0.01,-1,-1,-0.01,-1,-1,-0.01,-1,-1,-0.01,-1,-1,-0.01,-1,-1,-0.01,-1,-1,-0.01,-1,-1
99926009,2026-05-18 11:39:16+05:30,53278.95,0,0.0,0,0.0,0.0,53282.15,53308.4,52783.45,53710.35,0,0.0,0.0,0.0,0.0,-0.01,-1,-1,-0.01,-1,-1,-0.01,-1,-1,-0.01,-1,-1,-0.01,-1,-1,-0.01,-1,-1,-0.01,-1,-1,-0.01,-1,-1,-0.01,-1,-1,-0.01,-1,-1
99926009,2026-05-18 11:39:17+05:30,53277.9,0,0.0,0,0.0,0.0,53282.15,53308.4,52783.45,53710.35,0,0.0,0.0,0.0,0.0,-0.01,-1,-1,-0.01,-1,-1,-0.01,-1,-1,-0.01,-1,-1,-0.01,-1,-1,-0.01,-1,-1,-0.01,-1,-1,-0.01,-1,-1,-0.01,-1,-1,-0.01,-1,-1
99926009,2026-05-18 11:39:17+05:30,53279.15,0,0.0,0,0.0,0.0,53282.15,53308.4,52783.45,53710.35,0,0.0,0.0,0.0,0.0,-0.01,-1,-1,-0.01,-1,-1,-0.01,-1,-1,-0.01,-1,-1,-0.01,-1,-1,-0.01,-1,-1,-0.01,-1,-1,-0.01,-1,-1,-0.01,-1,-1,-0.01,-1,-1
99926009,2026-05-18 11:39:18+05:30,53278.75,0,0.0,0,0.0,0.0,53282.15,53308.4,52783.45,53710.35,0,0.0,0.0,0.0,0.0,-0.01,-1,-1,-0.01,-1,-1,-0.01,-1,-1,-0.01,-1,-1,-0.01,-1,-1,-0.01,-1,-1,-0.01,-1,-1,-0.01,-1,-1,-0.01,-1,-1,-0.01,-1,-1
99926009,2026-05-18 11:39:18+05:30,53278.65,0,0.0,0,0.0,0.0,53282.15,53308.4,52783.45,53710.35,0,0.0,0.0,0.0,0.0,-0.01,-1,-1,-0.01,-1,-1,-0.01,-1,-1,-0.01,-1,-1,-0.01,-1,-1,-0.01,-1,-1,-0.01,-1,-1,-0.01,-1,-1,-0.01,-1,-1,-0.01,-1,-1
99926009,2026-05-18 11:39:19+05:30,53280.7,0,0.0,0,0.0,0.0,53282.15,53308.4,52783.45,53710.35,0,0.0,0.0,0.0,0.0,-0.01,-1,-1,-0.01,-1,-1,-0.01,-1,-1,-0.01,-1,-1,-0.01,-1,-1,-0.01,-1,-1,-0.01,-1,-1,-0.01,-1,-1,-0.01,-1,-1,-0.01,-1,-1
99926009,2026-05-18 11:39:19+05:30,53279.7,0,0.0,0,0.0,0.0,53282.15,53308.4,52783.45,53710.35,0,0.0,0.0,0.0,0.0,-0.01,-1,-1,-0.01,-1,-1,-0.01,-1,-1,-0.01,-1,-1,-0.01,-1,-1,-0.01,-1,-1,-0.01,-1,-1,-0.01,-1,-1,-0.01,-1,-1,-0.01,-1,-1
99926009,2026-05-18 11:39:20+05:30,53278.4,0,0.0,0,0.0,0.0,53282.15,53308.4,52783.45,53710.35,0,0.0,0.0,0.0,0.0,-0.01,-1,-1,-0.01,-1,-1,-0.01,-1,-1,-0.01,-1,-1,-0.01,-1,-1,-0.01,-1,-1,-0.01,-1,-1,-0.01,-1,-1,-0.01,-1,-1,-0.01,-1,-1
99926009,2026-05-18 11:39:20+05:30,53276.95,0,0.0,0,0.0,0.0,53282.15,53308.4,52783.45,53710.35,0,0.0,0.0,0.0,0.0,-0.01,-1,-1,-0.01,-1,-1,-0.01,-1,-1,-0.01,-1,-1,-0.01,-1,-1,-0.01,-1,-1,-0.01,-1,-1,-0.01,-1,-1,-0.01,-1,-1,-0.01,-1,-1
99926009,2026-05-18 11:39:21+05:30,53276.7,0,0.0,0,0.0,0.0,53282.15,53308.4,52783.45,53710.35,0,0.0,0.0,0.0,0.0,-0.01,-1,-1,-0.01,-1,-1,-0.01,-1,-1,-0.01,-1,-1,-0.01,-1,-1,-0.01,-1,-1,-0.01,-1,-1,-0.01,-1,-1,-0.01,-1,-1,-0.01,-1,-1
99926009,2026-05-18 11:39:21+05:30,53276.05,0,0.0,0,0.0,0.0,53282.15,53308.4,52783.45,53710.35,0,0.0,0.0,0.0,0.0,-0.01,-1,-1,-0.01,-1,-1,-0.01,-1,-1,-0.01,-1,-1,-0.01,-1,-1,-0.01,-1,-1,-0.01,-1,-1,-0.01,-1,-1,-0.01,-1,-1,-0.01,-1,-1
99926009,2026-05-18 11:39:22+05:30,53275.7,0,0.0,0,0.0,0.0,53282.15,53308.4,52783.45,53710.35,0,0.0,0.0,0.0,0.0,-0.01,-1,-1,-0.01,-1,-1,-0.01,-1,-1,-0.01,-1,-1,-0.01,-1,-1,-0.01,-1,-1,-0.01,-1,-1,-0.01,-1,-1,-0.01,-1,-1,-0.01,-1,-1
99926009,2026-05-18 11:39:22+05:30,53274.7,0,0.0,0,0.0,0.0,53282.15,53308.4,52783.45,53710.35,0,0.0,0.0,0.0,0.0,-0.01,-1,-1,-0.01,-1,-1,-0.01,-1,-1,-0.01,-1,-1,-0.01,-1,-1,-0.01,-1,-1,-0.01,-1,-1,-0.01,-1,-1,-0.01,-1,-1,-0.01,-1,-1
99926009,2026-05-18 11:39:23+05:30,53272.45,0,0.0,0,0.0,0.0,53282.15,53308.4,52783.45,53710.35,0,0.0,0.0,0.0,0.0,-0.01,-1,-1,-0.01,-1,-1,-0.01,-1,-1,-0.01,-1,-1,-0.01,-1,-1,-0.01,-1,-1,-0.01,-1,-1,-0.01,-1,-1,-0.01,-1,-1,-0.01,-1,-1
99926009,2026-05-18 11:39:23+05:30,53274.5,0,0.0,0,0.0,0.0,53282.15,53308.4,52783.45,53710.35,0,0.0,0.0,0.0,0.0,-0.01,-1,-1,-0.01,-1,-1,-0.01,-1,-1,-0.01,-1,-1,-0.01,-1,-1,-0.01,-1,-1,-0.01,-1,-1,-0.01,-1,-1,-0.01,-1,-1,-0.01,-1,-1
99926009,2026-05-18 11:39:24+05:30,53274.6,0,0.0,0,0.0,0.0,53282.15,53308.4,52783.45,53710.35,0,0.0,0.0,0.0,0.0,-0.01,-1,-1,-0.01,-1,-1,-0.01,-1,-1,-0.01,-1,-1,-0.01,-1,-1,-0.01,-1,-1,-0.01,-1,-1,-0.01,-1,-1,-0.01,-1,-1,-0.01,-1,-1
99926009,2026-05-18 11:39:24+05:30,53276.7,0,0.0,0,0.0,0.0,53282.15,53308.4,52783.45,53710.35,0,0.0,0.0,0.0,0.0,-0.01,-1,-1,-0.01,-1,-1,-0.01,-1,-1,-0.01,-1,-1,-0.01,-1,-1,-0.01,-1,-1,-0.01,-1,-1,-0.01,-1,-1,-0.01,-1,-1,-0.01,-1,-1
99926009,2026-05-18 11:39:25+05:30,53272.35,0,0.0,0,0.0,0.0,53282.15,53308.4,52783.45,53710.35,0,0.0,0.0,0.0,0.0,-0.01,-1,-1,-0.01,-1,-1,-0.01,-1,-1,-0.01,-1,-1,-0.01,-1,-1,-0.01,-1,-1,-0.01,-1,-1,-0.01,-1,-1,-0.01,-1,-1,-0.01,-1,-1
99926009,2026-05-18 11:39:25+05:30,53275.8,0,0.0,0,0.0,0.0,53282.15,53308.4,52783.45,53710.35,0,0.0,0.0,0.0,0.0,-0.01,-1,-1,-0.01,-1,-1,-0.01,-1,-1,-0.01,-1,-1,-0.01,-1,-1,-0.01,-1,-1,-0.01,-1,-1,-0.01,-1,-1,-0.01,-1,-1,-0.01,-1,-1
99926009,2026-05-18 11:39:26+05:30,53272.2,0,0.0,0,0.0,0.0,53282.15,53308.4,52783.45,53710.35,0,0.0,0.0,0.0,0.0,-0.01,-1,-1,-0.01,-1,-1,-0.01,-1,-1,-0.01,-1,-1,-0.01,-1,-1,-0.01,-1,-1,-0.01,-1,-1,-0.01,-1,-1,-0.01,-1,-1,-0.01,-1,-1
99926009,2026-05-18 11:39:26+05:30,53275.5,0,0.0,0,0.0,0.0,53282.15,53308.4,52783.45,53710.35,0,0.0,0.0,0.0,0.0,-0.01,-1,-1,-0.01,-1,-1,-0.01,-1,-1,-0.01,-1,-1,-0.01,-1,-1,-0.01,-1,-1,-0.01,-1,-1,-0.01,-1,-1,-0.01,-1,-1,-0.01,-1,-1
99926009,2026-05-18 11:39:27+05:30,53275.15,0,0.0,0,0.0,0.0,53282.15,53308.4,52783.45,53710.35,0,0.0,0.0,0.0,0.0,-0.01,-1,-1,-0.01,-1,-1,-0.01,-1,-1,-0.01,-1,-1,-0.01,-1,-1,-0.01,-1,-1,-0.01,-1,-1,-0.01,-1,-1,-0.01,-1,-1,-0.01,-1,-1
99926009,2026-05-18 11:39:27+05:30,53275.0,0,0.0,0,0.0,0.0,53282.15,53308.4,52783.45,53710.35,0,0.0,0.0,0.0,0.0,-0.01,-1,-1,-0.01,-1,-1,-0.01,-1,-1,-0.01,-1,-1,-0.01,-1,-1,-0.01,-1,-1,-0.01,-1,-1,-0.01,-1,-1,-0.01,-1,-1,-0.01,-1,-1
99926009,2026-05-18 11:39:28+05:30,53273.8,0,0.0,0,0.0,0.0,53282.15,53308.4,52783.45,53710.35,0,0.0,0.0,0.0,0.0,-0.01,-1,-1,-0.01,-1,-1,-0.01,-1,-1,-0.01,-1,-1,-0.01,-1,-1,-0.01,-1,-1,-0.01,-1,-1,-0.01,-1,-1,-0.01,-1,-1,-0.01,-1,-1
99926009,2026-05-18 11:39:28+05:30,53273.45,0,0.0,0,0.0,0.0,53282.15,53308.4,52783.45,53710.35,0,0.0,0.0,0.0,0.0,-0.01,-1,-1,-0.01,-1,-1,-0.01,-1,-1,-0.01,-1,-1,-0.01,-1,-1,-0.01,-1,-1,-0.01,-1,-1,-0.01,-1,-1,-0.01,-1,-1,-0.01,-1,-1
99926009,2026-05-18 11:39:29+05:30,53276.2,0,0.0,0,0.0,0.0,53282.15,53308.4,52783.45,53710.35,0,0.0,0.0,0.0,0.0,-0.01,-1,-1,-0.01,-1,-1,-0.01,-1,-1,-0.01,-1,-1,-0.01,-1,-1,-0.01,-1,-1,-0.01,-1,-1,-0.01,-1,-1,-0.01,-1,-1,-0.01,-1,-1
99926009,2026-05-18 11:39:29+05:30,53275.05,0,0.0,0,0.0,0.0,53282.15,53308.4,52783.45,53710.35,0,0.0,0.0,0.0,0.0,-0.01,-1,-1,-0.01,-1,-1,-0.01,-1,-1,-0.01,-1,-1,-0.01,-1,-1,-0.01,-1,-1,-0.01,-1,-1,-0.01,-1,-1,-0.01,-1,-1,-0.01,-1,-1
99926009,2026-05-18 11:39:30+05:30,53275.4,0,0.0,0,0.0,0.0,53282.15,53308.4,52783.45,53710.35,0,0.0,0.0,0.0,0.0,-0.01,-1,-1,-0.01,-1,-1,-0.01,-1,-1,-0.01,-1,-1,-0.01,-1,-1,-0.01,-1,-1,-0.01,-1,-1,-0.01,-1,-1,-0.01,-1,-1,-0.01,-1,-1
99926009,2026-05-18 11:39:30+05:30,53275.05,0,0.0,0,0.0,0.0,53282.15,53308.4,52783.45,53710.35,0,0.0,0.0,0.0,0.0,-0.01,-1,-1,-0.01,-1,-1,-0.01,-1,-1,-0.01,-1,-1,-0.01,-1,-1,-0.01,-1,-1,-0.01,-1,-1,-0.01,-1,-1,-0.01,-1,-1,-0.01,-1,-1
99926009,2026-05-18 11:39:31+05:30,53273.15,0,0.0,0,0.0,0.0,53282.15,53308.4,52783.45,53710.35,0,0.0,0.0,0.0,0.0,-0.01,-1,-1,-0.01,-1,-1,-0.01,-1,-1,-0.01,-1,-1,-0.01,-1,-1,-0.01,-1,-1,-0.01,-1,-1,-0.01,-1,-1,-0.01,-1,-1,-0.01,-1,-1
99926009,2026-05-18 11:39:31+05:30,53277.75,0,0.0,0,0.0,0.0,53282.15,53308.4,52783.45,53710.35,0,0.0,0.0,0.0,0.0,-0.01,-1,-1,-0.01,-1,-1,-0.01,-1,-1,-0.01,-1,-1,-0.01,-1,-1,-0.01,-1,-1,-0.01,-1,-1,-0.01,-1,-1,-0.01,-1,-1,-0.01,-1,-1
99926009,2026-05-18 11:39:32+05:30,53280.45,0,0.0,0,0.0,0.0,53282.15,53308.4,52783.45,53710.35,0,0.0,0.0,0.0,0.0,-0.01,-1,-1,-0.01,-1,-1,-0.01,-1,-1,-0.01,-1,-1,-0.01,-1,-1,-0.01,-1,-1,-0.01,-1,-1,-0.01,-1,-1,-0.01,-1,-1,-0.01,-1,-1
99926009,2026-05-18 11:39:32+05:30,53278.4,0,0.0,0,0.0,0.0,53282.15,53308.4,52783.45,53710.35,0,0.0,0.0,0.0,0.0,-0.01,-1,-1,-0.01,-1,-1,-0.01,-1,-1,-0.01,-1,-1,-0.01,-1,-1,-0.01,-1,-1,-0.01,-1,-1,-0.01,-1,-1,-0.01,-1,-1,-0.01,-1,-1
99926009,2026-05-18 11:39:33+05:30,53281.3,0,0.0,0,0.0,0.0,53282.15,53308.4,52783.45,53710.35,0,0.0,0.0,0.0,0.0,-0.01,-1,-1,-0.01,-1,-1,-0.01,-1,-1,-0.01,-1,-1,-0.01,-1,-1,-0.01,-1,-1,-0.01,-1,-1,-0.01,-1,-1,-0.01,-1,-1,-0.01,-1,-1
99926009,2026-05-18 11:39:33+05:30,53280.25,0,0.0,0,0.0,0.0,53282.15,53308.4,52783.45,53710.35,0,0.0,0.0,0.0,0.0,-0.01,-1,-1,-0.01,-1,-1,-0.01,-1,-1,-0.01,-1,-1,-0.01,-1,-1,-0.01,-1,-1,-0.01,-1,-1,-0.01,-1,-1,-0.01,-1,-1,-0.01,-1,-1
99926009,2026-05-18 11:39:34+05:30,53280.15,0,0.0,0,0.0,0.0,53282.15,53308.4,52783.45,53710.35,0,0.0,0.0,0.0,0.0,-0.01,-1,-1,-0.01,-1,-1,-0.01,-1,-1,-0.01,-1,-1,-0.01,-1,-1,-0.01,-1,-1,-0.01,-1,-1,-0.01,-1,-1,-0.01,-1,-1,-0.01,-1,-1
99926009,2026-05-18 11:39:34+05:30,53277.6,0,0.0,0,0.0,0.0,53282.15,53308.4,52783.45,53710.35,0,0.0,0.0,0.0,0.0,-0.01,-1,-1,-0.01,-1,-1,-0.01,-1,-1,-0.01,-1,-1,-0.01,-1,-1,-0.01,-1,-1,-0.01,-1,-1,-0.01,-1,-1,-0.01,-1,-1,-0.01,-1,-1
99926009,2026-05-18 11:39:35+05:30,53280.0,0,0.0,0,0.0,0.0,53282.15,53308.4,52783.45,53710.35,0,0.0,0.0,0.0,0.0,-0.01,-1,-1,-0.01,-1,-1,-0.01,-1,-1,-0.01,-1,-1,-0.01,-1,-1,-0.01,-1,-1,-0.01,-1,-1,-0.01,-1,-1,-0.01,-1,-1,-0.01,-1,-1
99926009,2026-05-18 11:39:35+05:30,53279.8,0,0.0,0,0.0,0.0,53282.15,53308.4,52783.45,53710.35,0,0.0,0.0,0.0,0.0,-0.01,-1,-1,-0.01,-1,-1,-0.01,-1,-1,-0.01,-1,-1,-0.01,-1,-1,-0.01,-1,-1,-0.01,-1,-1,-0.01,-1,-1,-0.01,-1,-1,-0.01,-1,-1
99926009,2026-05-18 11:39:36+05:30,53280.9,0,0.0,0,0.0,0.0,53282.15,53308.4,52783.45,53710.35,0,0.0,0.0,0.0,0.0,-0.01,-1,-1,-0.01,-1,-1,-0.01,-1,-1,-0.01,-1,-1,-0.01,-1,-1,-0.01,-1,-1,-0.01,-1,-1,-0.01,-1,-1,-0.01,-1,-1,-0.01,-1,-1
99926009,2026-05-18 11:39:36+05:30,53282.75,0,0.0,0,0.0,0.0,53282.15,53308.4,52783.45,53710.35,0,0.0,0.0,0.0,0.0,-0.01,-1,-1,-0.01,-1,-1,-0.01,-1,-1,-0.01,-1,-1,-0.01,-1,-1,-0.01,-1,-1,-0.01,-1,-1,-0.01,-1,-1,-0.01,-1,-1,-0.01,-1,-1
99926009,2026-05-18 11:39:37+05:30,53281.15,0,0.0,0,0.0,0.0,53282.15,53308.4,52783.45,53710.35,0,0.0,0.0,0.0,0.0,-0.01,-1,-1,-0.01,-1,-1,-0.01,-1,-1,-0.01,-1,-1,-0.01,-1,-1,-0.01,-1,-1,-0.01,-1,-1,-0.01,-1,-1,-0.01,-1,-1,-0.01,-1,-1
99926009,2026-05-18 11:39:37+05:30,53281.4,0,0.0,0,0.0,0.0,53282.15,53308.4,52783.45,53710.35,0,0.0,0.0,0.0,0.0,-0.01,-1,-1,-0.01,-1,-1,-0.01,-1,-1,-0.01,-1,-1,-0.01,-1,-1,-0.01,-1,-1,-0.01,-1,-1,-0.01,-1,-1,-0.01,-1,-1,-0.01,-1,-1
99926009,2026-05-18 11:39:38+05:30,53282.65,0,0.0,0,0.0,0.0,53282.15,53308.4,52783.45,53710.35,0,0.0,0.0,0.0,0.0,-0.01,-1,-1,-0.01,-1,-1,-0.01,-1,-1,-0.01,-1,-1,-0.01,-1,-1,-0.01,-1,-1,-0.01,-1,-1,-0.01,-1,-1,-0.01,-1,-1,-0.01,-1,-1
99926009,2026-05-18 11:39:39+05:30,53285.75,0,0.0,0,0.0,0.0,53282.15,53308.4,52783.45,53710.35,0,0.0,0.0,0.0,0.0,-0.01,-1,-1,-0.01,-1,-1,-0.01,-1,-1,-0.01,-1,-1,-0.01,-1,-1,-0.01,-1,-1,-0.01,-1,-1,-0.01,-1,-1,-0.01,-1,-1,-0.01,-1,-1
99926009,2026-05-18 11:39:39+05:30,53283.5,0,0.0,0,0.0,0.0,53282.15,53308.4,52783.45,53710.35,0,0.0,0.0,0.0,0.0,-0.01,-1,-1,-0.01,-1,-1,-0.01,-1,-1,-0.01,-1,-1,-0.01,-1,-1,-0.01,-1,-1,-0.01,-1,-1,-0.01,-1,-1,-0.01,-1,-1,-0.01,-1,-1
99926009,2026-05-18 11:39:40+05:30,53286.65,0,0.0,0,0.0,0.0,53282.15,53308.4,52783.45,53710.35,0,0.0,0.0,0.0,0.0,-0.01,-1,-1,-0.01,-1,-1,-0.01,-1,-1,-0.01,-1,-1,-0.01,-1,-1,-0.01,-1,-1,-0.01,-1,-1,-0.01,-1,-1,-0.01,-1,-1,-0.01,-1,-1
99926009,2026-05-18 11:39:40+05:30,53286.65,0,0.0,0,0.0,0.0,53282.15,53308.4,52783.45,53710.35,0,0.0,0.0,0.0,0.0,-0.01,-1,-1,-0.01,-1,-1,-0.01,-1,-1,-0.01,-1,-1,-0.01,-1,-1,-0.01,-1,-1,-0.01,-1,-1,-0.01,-1,-1,-0.01,-1,-1,-0.01,-1,-1
99926009,2026-05-18 11:39:41+05:30,53283.65,0,0.0,0,0.0,0.0,53282.15,53308.4,52783.45,53710.35,0,0.0,0.0,0.0,0.0,-0.01,-1,-1,-0.01,-1,-1,-0.01,-1,-1,-0.01,-1,-1,-0.01,-1,-1,-0.01,-1,-1,-0.01,-1,-1,-0.01,-1,-1,-0.01,-1,-1,-0.01,-1,-1
99926009,2026-05-18 11:39:41+05:30,53281.95,0,0.0,0,0.0,0.0,53282.15,53308.4,52783.45,53710.35,0,0.0,0.0,0.0,0.0,-0.01,-1,-1,-0.01,-1,-1,-0.01,-1,-1,-0.01,-1,-1,-0.01,-1,-1,-0.01,-1,-1,-0.01,-1,-1,-0.01,-1,-1,-0.01,-1,-1,-0.01,-1,-1
99926009,2026-05-18 11:39:42+05:30,53282.45,0,0.0,0,0.0,0.0,53282.15,53308.4,52783.45,53710.35,0,0.0,0.0,0.0,0.0,-0.01,-1,-1,-0.01,-1,-1,-0.01,-1,-1,-0.01,-1,-1,-0.01,-1,-1,-0.01,-1,-1,-0.01,-1,-1,-0.01,-1,-1,-0.01,-1,-1,-0.01,-1,-1
99926009,2026-05-18 11:39:42+05:30,53283.35,0,0.0,0,0.0,0.0,53282.15,53308.4,52783.45,53710.35,0,0.0,0.0,0.0,0.0,-0.01,-1,-1,-0.01,-1,-1,-0.01,-1,-1,-0.01,-1,-1,-0.01,-1,-1,-0.01,-1,-1,-0.01,-1,-1,-0.01,-1,-1,-0.01,-1,-1,-0.01,-1,-1
99926009,2026-05-18 11:39:43+05:30,53282.05,0,0.0,0,0.0,0.0,53282.15,53308.4,52783.45,53710.35,0,0.0,0.0,0.0,0.0,-0.01,-1,-1,-0.01,-1,-1,-0.01,-1,-1,-0.01,-1,-1,-0.01,-1,-1,-0.01,-1,-1,-0.01,-1,-1,-0.01,-1,-1,-0.01,-1,-1,-0.01,-1,-1
99926009,2026-05-18 11:39:43+05:30,53281.85,0,0.0,0,0.0,0.0,53282.15,53308.4,52783.45,53710.35,0,0.0,0.0,0.0,0.0,-0.01,-1,-1,-0.01,-1,-1,-0.01,-1,-1,-0.01,-1,-1,-0.01,-1,-1,-0.01,-1,-1,-0.01,-1,-1,-0.01,-1,-1,-0.01,-1,-1,-0.01,-1,-1
99926009,2026-05-18 11:39:44+05:30,53281.6,0,0.0,0,0.0,0.0,53282.15,53308.4,52783.45,53710.35,0,0.0,0.0,0.0,0.0,-0.01,-1,-1,-0.01,-1,-1,-0.01,-1,-1,-0.01,-1,-1,-0.01,-1,-1,-0.01,-1,-1,-0.01,-1,-1,-0.01,-1,-1,-0.01,-1,-1,-0.01,-1,-1
99926009,2026-05-18 11:39:44+05:30,53282.7,0,0.0,0,0.0,0.0,53282.15,53308.4,52783.45,53710.35,0,0.0,0.0,0.0,0.0,-0.01,-1,-1,-0.01,-1,-1,-0.01,-1,-1,-0.01,-1,-1,-0.01,-1,-1,-0.01,-1,-1,-0.01,-1,-1,-0.01,-1,-1,-0.01,-1,-1,-0.01,-1,-1
99926009,2026-05-18 11:39:45+05:30,53278.4,0,0.0,0,0.0,0.0,53282.15,53308.4,52783.45,53710.35,0,0.0,0.0,0.0,0.0,-0.01,-1,-1,-0.01,-1,-1,-0.01,-1,-1,-0.01,-1,-1,-0.01,-1,-1,-0.01,-1,-1,-0.01,-1,-1,-0.01,-1,-1,-0.01,-1,-1,-0.01,-1,-1
99926009,2026-05-18 11:39:45+05:30,53278.7,0,0.0,0,0.0,0.0,53282.15,53308.4,52783.45,53710.35,0,0.0,0.0,0.0,0.0,-0.01,-1,-1,-0.01,-1,-1,-0.01,-1,-1,-0.01,-1,-1,-0.01,-1,-1,-0.01,-1,-1,-0.01,-1,-1,-0.01,-1,-1,-0.01,-1,-1,-0.01,-1,-1
99926009,2026-05-18 11:39:46+05:30,53283.4,0,0.0,0,0.0,0.0,53282.15,53308.4,52783.45,53710.35,0,0.0,0.0,0.0,0.0,-0.01,-1,-1,-0.01,-1,-1,-0.01,-1,-1,-0.01,-1,-1,-0.01,-1,-1,-0.01,-1,-1,-0.01,-1,-1,-0.01,-1,-1,-0.01,-1,-1,-0.01,-1,-1
99926009,2026-05-18 11:39:46+05:30,53283.3,0,0.0,0,0.0,0.0,53282.15,53308.4,52783.45,53710.35,0,0.0,0.0,0.0,0.0,-0.01,-1,-1,-0.01,-1,-1,-0.01,-1,-1,-0.01,-1,-1,-0.01,-1,-1,-0.01,-1,-1,-0.01,-1,-1,-0.01,-1,-1,-0.01,-1,-1,-0.01,-1,-1
99926009,2026-05-18 11:39:47+05:30,53286.35,0,0.0,0,0.0,0.0,53282.15,53308.4,52783.45,53710.35,0,0.0,0.0,0.0,0.0,-0.01,-1,-1,-0.01,-1,-1,-0.01,-1,-1,-0.01,-1,-1,-0.01,-1,-1,-0.01,-1,-1,-0.01,-1,-1,-0.01,-1,-1,-0.01,-1,-1,-0.01,-1,-1
99926009,2026-05-18 11:39:47+05:30,53283.45,0,0.0,0,0.0,0.0,53282.15,53308.4,52783.45,53710.35,0,0.0,0.0,0.0,0.0,-0.01,-1,-1,-0.01,-1,-1,-0.01,-1,-1,-0.01,-1,-1,-0.01,-1,-1,-0.01,-1,-1,-0.01,-1,-1,-0.01,-1,-1,-0.01,-1,-1,-0.01,-1,-1
99926009,2026-05-18 11:39:48+05:30,53281.0,0,0.0,0,0.0,0.0,53282.15,53308.4,52783.45,53710.35,0,0.0,0.0,0.0,0.0,-0.01,-1,-1,-0.01,-1,-1,-0.01,-1,-1,-0.01,-1,-1,-0.01,-1,-1,-0.01,-1,-1,-0.01,-1,-1,-0.01,-1,-1,-0.01,-1,-1,-0.01,-1,-1
99926009,2026-05-18 11:39:48+05:30,53284.45,0,0.0,0,0.0,0.0,53282.15,53308.4,52783.45,53710.35,0,0.0,0.0,0.0,0.0,-0.01,-1,-1,-0.01,-1,-1,-0.01,-1,-1,-0.01,-1,-1,-0.01,-1,-1,-0.01,-1,-1,-0.01,-1,-1,-0.01,-1,-1,-0.01,-1,-1,-0.01,-1,-1
99926009,2026-05-18 11:39:49+05:30,53282.6,0,0.0,0,0.0,0.0,53282.15,53308.4,52783.45,53710.35,0,0.0,0.0,0.0,0.0,-0.01,-1,-1,-0.01,-1,-1,-0.01,-1,-1,-0.01,-1,-1,-0.01,-1,-1,-0.01,-1,-1,-0.01,-1,-1,-0.01,-1,-1,-0.01,-1,-1,-0.01,-1,-1
99926009,2026-05-18 11:39:49+05:30,53285.3,0,0.0,0,0.0,0.0,53282.15,53308.4,52783.45,53710.35,0,0.0,0.0,0.0,0.0,-0.01,-1,-1,-0.01,-1,-1,-0.01,-1,-1,-0.01,-1,-1,-0.01,-1,-1,-0.01,-1,-1,-0.01,-1,-1,-0.01,-1,-1,-0.01,-1,-1,-0.01,-1,-1
99926009,2026-05-18 11:39:50+05:30,53287.25,0,0.0,0,0.0,0.0,53282.15,53308.4,52783.45,53710.35,0,0.0,0.0,0.0,0.0,-0.01,-1,-1,-0.01,-1,-1,-0.01,-1,-1,-0.01,-1,-1,-0.01,-1,-1,-0.01,-1,-1,-0.01,-1,-1,-0.01,-1,-1,-0.01,-1,-1,-0.01,-1,-1
99926009,2026-05-18 11:39:50+05:30,53287.9,0,0.0,0,0.0,0.0,53282.15,53308.4,52783.45,53710.35,0,0.0,0.0,0.0,0.0,-0.01,-1,-1,-0.01,-1,-1,-0.01,-1,-1,-0.01,-1,-1,-0.01,-1,-1,-0.01,-1,-1,-0.01,-1,-1,-0.01,-1,-1,-0.01,-1,-1,-0.01,-1,-1
99926009,2026-05-18 11:39:51+05:30,53286.5,0,0.0,0,0.0,0.0,53282.15,53308.4,52783.45,53710.35,0,0.0,0.0,0.0,0.0,-0.01,-1,-1,-0.01,-1,-1,-0.01,-1,-1,-0.01,-1,-1,-0.01,-1,-1,-0.01,-1,-1,-0.01,-1,-1,-0.01,-1,-1,-0.01,-1,-1,-0.01,-1,-1
99926009,2026-05-18 11:39:51+05:30,53285.6,0,0.0,0,0.0,0.0,53282.15,53308.4,52783.45,53710.35,0,0.0,0.0,0.0,0.0,-0.01,-1,-1,-0.01,-1,-1,-0.01,-1,-1,-0.01,-1,-1,-0.01,-1,-1,-0.01,-1,-1,-0.01,-1,-1,-0.01,-1,-1,-0.01,-1,-1,-0.01,-1,-1
99926009,2026-05-18 11:39:52+05:30,53285.6,0,0.0,0,0.0,0.0,53282.15,53308.4,52783.45,53710.35,0,0.0,0.0,0.0,0.0,-0.01,-1,-1,-0.01,-1,-1,-0.01,-1,-1,-0.01,-1,-1,-0.01,-1,-1,-0.01,-1,-1,-0.01,-1,-1,-0.01,-1,-1,-0.01,-1,-1,-0.01,-1,-1
99926009,2026-05-18 11:39:52+05:30,53288.95,0,0.0,0,0.0,0.0,53282.15,53308.4,52783.45,53710.35,0,0.0,0.0,0.0,0.0,-0.01,-1,-1,-0.01,-1,-1,-0.01,-1,-1,-0.01,-1,-1,-0.01,-1,-1,-0.01,-1,-1,-0.01,-1,-1,-0.01,-1,-1,-0.01,-1,-1,-0.01,-1,-1
99926009,2026-05-18 11:39:53+05:30,53290.8,0,0.0,0,0.0,0.0,53282.15,53308.4,52783.45,53710.35,0,0.0,0.0,0.0,0.0,-0.01,-1,-1,-0.01,-1,-1,-0.01,-1,-1,-0.01,-1,-1,-0.01,-1,-1,-0.01,-1,-1,-0.01,-1,-1,-0.01,-1,-1,-0.01,-1,-1,-0.01,-1,-1
99926009,2026-05-18 11:39:53+05:30,53286.45,0,0.0,0,0.0,0.0,53282.15,53308.4,52783.45,53710.35,0,0.0,0.0,0.0,0.0,-0.01,-1,-1,-0.01,-1,-1,-0.01,-1,-1,-0.01,-1,-1,-0.01,-1,-1,-0.01,-1,-1,-0.01,-1,-1,-0.01,-1,-1,-0.01,-1,-1,-0.01,-1,-1
99926009,2026-05-18 11:39:54+05:30,53286.5,0,0.0,0,0.0,0.0,53282.15,53308.4,52783.45,53710.35,0,0.0,0.0,0.0,0.0,-0.01,-1,-1,-0.01,-1,-1,-0.01,-1,-1,-0.01,-1,-1,-0.01,-1,-1,-0.01,-1,-1,-0.01,-1,-1,-0.01,-1,-1,-0.01,-1,-1,-0.01,-1,-1
99926009,2026-05-18 11:39:54+05:30,53283.35,0,0.0,0,0.0,0.0,53282.15,53308.4,52783.45,53710.35,0,0.0,0.0,0.0,0.0,-0.01,-1,-1,-0.01,-1,-1,-0.01,-1,-1,-0.01,-1,-1,-0.01,-1,-1,-0.01,-1,-1,-0.01,-1,-1,-0.01,-1,-1,-0.01,-1,-1,-0.01,-1,-1
99926009,2026-05-18 11:39:55+05:30,53283.35,0,0.0,0,0.0,0.0,53282.15,53308.4,52783.45,53710.35,0,0.0,0.0,0.0,0.0,-0.01,-1,-1,-0.01,-1,-1,-0.01,-1,-1,-0.01,-1,-1,-0.01,-1,-1,-0.01,-1,-1,-0.01,-1,-1,-0.01,-1,-1,-0.01,-1,-1,-0.01,-1,-1
99926009,2026-05-18 11:39:55+05:30,53283.85,0,0.0,0,0.0,0.0,53282.15,53308.4,52783.45,53710.35,0,0.0,0.0,0.0,0.0,-0.01,-1,-1,-0.01,-1,-1,-0.01,-1,-1,-0.01,-1,-1,-0.01,-1,-1,-0.01,-1,-1,-0.01,-1,-1,-0.01,-1,-1,-0.01,-1,-1,-0.01,-1,-1
99926009,2026-05-18 11:39:56+05:30,53282.95,0,0.0,0,0.0,0.0,53282.15,53308.4,52783.45,53710.35,0,0.0,0.0,0.0,0.0,-0.01,-1,-1,-0.01,-1,-1,-0.01,-1,-1,-0.01,-1,-1,-0.01,-1,-1,-0.01,-1,-1,-0.01,-1,-1,-0.01,-1,-1,-0.01,-1,-1,-0.01,-1,-1
99926009,2026-05-18 11:39:56+05:30,53281.45,0,0.0,0,0.0,0.0,53282.15,53308.4,52783.45,53710.35,0,0.0,0.0,0.0,0.0,-0.01,-1,-1,-0.01,-1,-1,-0.01,-1,-1,-0.01,-1,-1,-0.01,-1,-1,-0.01,-1,-1,-0.01,-1,-1,-0.01,-1,-1,-0.01,-1,-1,-0.01,-1,-1
99926009,2026-05-18 11:39:57+05:30,53282.65,0,0.0,0,0.0,0.0,53282.15,53308.4,52783.45,53710.35,0,0.0,0.0,0.0,0.0,-0.01,-1,-1,-0.01,-1,-1,-0.01,-1,-1,-0.01,-1,-1,-0.01,-1,-1,-0.01,-1,-1,-0.01,-1,-1,-0.01,-1,-1,-0.01,-1,-1,-0.01,-1,-1
99926009,2026-05-18 11:39:57+05:30,53282.1,0,0.0,0,0.0,0.0,53282.15,53308.4,52783.45,53710.35,0,0.0,0.0,0.0,0.0,-0.01,-1,-1,-0.01,-1,-1,-0.01,-1,-1,-0.01,-1,-1,-0.01,-1,-1,-0.01,-1,-1,-0.01,-1,-1,-0.01,-1,-1,-0.01,-1,-1,-0.01,-1,-1
99926009,2026-05-18 11:39:58+05:30,53281.55,0,0.0,0,0.0,0.0,53282.15,53308.4,52783.45,53710.35,0,0.0,0.0,0.0,0.0,-0.01,-1,-1,-0.01,-1,-1,-0.01,-1,-1,-0.01,-1,-1,-0.01,-1,-1,-0.01,-1,-1,-0.01,-1,-1,-0.01,-1,-1,-0.01,-1,-1,-0.01,-1,-1
99926009,2026-05-18 11:39:58+05:30,53283.65,0,0.0,0,0.0,0.0,53282.15,53308.4,52783.45,53710.35,0,0.0,0.0,0.0,0.0,-0.01,-1,-1,-0.01,-1,-1,-0.01,-1,-1,-0.01,-1,-1,-0.01,-1,-1,-0.01,-1,-1,-0.01,-1,-1,-0.01,-1,-1,-0.01,-1,-1,-0.01,-1,-1
99926009,2026-05-18 11:39:59+05:30,53281.7,0,0.0,0,0.0,0.0,53282.15,53308.4,52783.45,53710.35,0,0.0,0.0,0.0,0.0,-0.01,-1,-1,-0.01,-1,-1,-0.01,-1,-1,-0.01,-1,-1,-0.01,-1,-1,-0.01,-1,-1,-0.01,-1,-1,-0.01,-1,-1,-0.01,-1,-1,-0.01,-1,-1
99926009,2026-05-18 11:39:59+05:30,53278.15,0,0.0,0,0.0,0.0,53282.15,53308.4,52783.45,53710.35,0,0.0,0.0,0.0,0.0,-0.01,-1,-1,-0.01,-1,-1,-0.01,-1,-1,-0.01,-1,-1,-0.01,-1,-1,-0.01,-1,-1,-0.01,-1,-1,-0.01,-1,-1,-0.01,-1,-1,-0.01,-1,-1
99926009,2026-05-18 11:40:00+05:30,53279.65,0,0.0,0,0.0,0.0,53282.15,53308.4,52783.45,53710.35,0,0.0,0.0,0.0,0.0,-0.01,-1,-1,-0.01,-1,-1,-0.01,-1,-1,-0.01,-1,-1,-0.01,-1,-1,-0.01,-1,-1,-0.01,-1,-1,-0.01,-1,-1,-0.01,-1,-1,-0.01,-1,-1
99926009,2026-05-18 11:40:00+05:30,53280.5,0,0.0,0,0.0,0.0,53282.15,53308.4,52783.45,53710.35,0,0.0,0.0,0.0,0.0,-0.01,-1,-1,-0.01,-1,-1,-0.01,-1,-1,-0.01,-1,-1,-0.01,-1,-1,-0.01,-1,-1,-0.01,-1,-1,-0.01,-1,-1,-0.01,-1,-1,-0.01,-1,-1
99926009,2026-05-18 11:40:01+05:30,53280.05,0,0.0,0,0.0,0.0,53282.15,53308.4,52783.45,53710.35,0,0.0,0.0,0.0,0.0,-0.01,-1,-1,-0.01,-1,-1,-0.01,-1,-1,-0.01,-1,-1,-0.01,-1,-1,-0.01,-1,-1,-0.01,-1,-1,-0.01,-1,-1,-0.01,-1,-1,-0.01,-1,-1
99926009,2026-05-18 11:40:01+05:30,53279.6,0,0.0,0,0.0,0.0,53282.15,53308.4,52783.45,53710.35,0,0.0,0.0,0.0,0.0,-0.01,-1,-1,-0.01,-1,-1,-0.01,-1,-1,-0.01,-1,-1,-0.01,-1,-1,-0.01,-1,-1,-0.01,-1,-1,-0.01,-1,-1,-0.01,-1,-1,-0.01,-1,-1
99926009,2026-05-18 11:40:02+05:30,53281.55,0,0.0,0,0.0,0.0,53282.15,53308.4,52783.45,53710.35,0,0.0,0.0,0.0,0.0,-0.01,-1,-1,-0.01,-1,-1,-0.01,-1,-1,-0.01,-1,-1,-0.01,-1,-1,-0.01,-1,-1,-0.01,-1,-1,-0.01,-1,-1,-0.01,-1,-1,-0.01,-1,-1
99926009,2026-05-18 11:40:02+05:30,53277.7,0,0.0,0,0.0,0.0,53282.15,53308.4,52783.45,53710.35,0,0.0,0.0,0.0,0.0,-0.01,-1,-1,-0.01,-1,-1,-0.01,-1,-1,-0.01,-1,-1,-0.01,-1,-1,-0.01,-1,-1,-0.01,-1,-1,-0.01,-1,-1,-0.01,-1,-1,-0.01,-1,-1
99926009,2026-05-18 11:40:03+05:30,53275.35,0,0.0,0,0.0,0.0,53282.15,53308.4,52783.45,53710.35,0,0.0,0.0,0.0,0.0,-0.01,-1,-1,-0.01,-1,-1,-0.01,-1,-1,-0.01,-1,-1,-0.01,-1,-1,-0.01,-1,-1,-0.01,-1,-1,-0.01,-1,-1,-0.01,-1,-1,-0.01,-1,-1
99926009,2026-05-18 11:40:03+05:30,53279.5,0,0.0,0,0.0,0.0,53282.15,53308.4,52783.45,53710.35,0,0.0,0.0,0.0,0.0,-0.01,-1,-1,-0.01,-1,-1,-0.01,-1,-1,-0.01,-1,-1,-0.01,-1,-1,-0.01,-1,-1,-0.01,-1,-1,-0.01,-1,-1,-0.01,-1,-1,-0.01,-1,-1
99926009,2026-05-18 11:40:04+05:30,53282.6,0,0.0,0,0.0,0.0,53282.15,53308.4,52783.45,53710.35,0,0.0,0.0,0.0,0.0,-0.01,-1,-1,-0.01,-1,-1,-0.01,-1,-1,-0.01,-1,-1,-0.01,-1,-1,-0.01,-1,-1,-0.01,-1,-1,-0.01,-1,-1,-0.01,-1,-1,-0.01,-1,-1
99926009,2026-05-18 11:40:04+05:30,53280.7,0,0.0,0,0.0,0.0,53282.15,53308.4,52783.45,53710.35,0,0.0,0.0,0.0,0.0,-0.01,-1,-1,-0.01,-1,-1,-0.01,-1,-1,-0.01,-1,-1,-0.01,-1,-1,-0.01,-1,-1,-0.01,-1,-1,-0.01,-1,-1,-0.01,-1,-1,-0.01,-1,-1
99926009,2026-05-18 11:40:05+05:30,53278.65,0,0.0,0,0.0,0.0,53282.15,53308.4,52783.45,53710.35,0,0.0,0.0,0.0,0.0,-0.01,-1,-1,-0.01,-1,-1,-0.01,-1,-1,-0.01,-1,-1,-0.01,-1,-1,-0.01,-1,-1,-0.01,-1,-1,-0.01,-1,-1,-0.01,-1,-1,-0.01,-1,-1
99926009,2026-05-18 11:40:05+05:30,53280.65,0,0.0,0,0.0,0.0,53282.15,53308.4,52783.45,53710.35,0,0.0,0.0,0.0,0.0,-0.01,-1,-1,-0.01,-1,-1,-0.01,-1,-1,-0.01,-1,-1,-0.01,-1,-1,-0.01,-1,-1,-0.01,-1,-1,-0.01,-1,-1,-0.01,-1,-1,-0.01,-1,-1
99926009,2026-05-18 11:40:06+05:30,53277.85,0,0.0,0,0.0,0.0,53282.15,53308.4,52783.45,53710.35,0,0.0,0.0,0.0,0.0,-0.01,-1,-1,-0.01,-1,-1,-0.01,-1,-1,-0.01,-1,-1,-0.01,-1,-1,-0.01,-1,-1,-0.01,-1,-1,-0.01,-1,-1,-0.01,-1,-1,-0.01,-1,-1
99926009,2026-05-18 11:40:06+05:30,53275.75,0,0.0,0,0.0,0.0,53282.15,53308.4,52783.45,53710.35,0,0.0,0.0,0.0,0.0,-0.01,-1,-1,-0.01,-1,-1,-0.01,-1,-1,-0.01,-1,-1,-0.01,-1,-1,-0.01,-1,-1,-0.01,-1,-1,-0.01,-1,-1,-0.01,-1,-1,-0.01,-1,-1
99926009,2026-05-18 11:40:07+05:30,53272.45,0,0.0,0,0.0,0.0,53282.15,53308.4,52783.45,53710.35,0,0.0,0.0,0.0,0.0,-0.01,-1,-1,-0.01,-1,-1,-0.01,-1,-1,-0.01,-1,-1,-0.01,-1,-1,-0.01,-1,-1,-0.01,-1,-1,-0.01,-1,-1,-0.01,-1,-1,-0.01,-1,-1
99926009,2026-05-18 11:40:07+05:30,53270.85,0,0.0,0,0.0,0.0,53282.15,53308.4,52783.45,53710.35,0,0.0,0.0,0.0,0.0,-0.01,-1,-1,-0.01,-1,-1,-0.01,-1,-1,-0.01,-1,-1,-0.01,-1,-1,-0.01,-1,-1,-0.01,-1,-1,-0.01,-1,-1,-0.01,-1,-1,-0.01,-1,-1
99926009,2026-05-18 11:40:08+05:30,53263.15,0,0.0,0,0.0,0.0,53282.15,53308.4,52783.45,53710.35,0,0.0,0.0,0.0,0.0,-0.01,-1,-1,-0.01,-1,-1,-0.01,-1,-1,-0.01,-1,-1,-0.01,-1,-1,-0.01,-1,-1,-0.01,-1,-1,-0.01,-1,-1,-0.01,-1,-1,-0.01,-1,-1
99926009,2026-05-18 11:40:08+05:30,53263.9,0,0.0,0,0.0,0.0,53282.15,53308.4,52783.45,53710.35,0,0.0,0.0,0.0,0.0,-0.01,-1,-1,-0.01,-1,-1,-0.01,-1,-1,-0.01,-1,-1,-0.01,-1,-1,-0.01,-1,-1,-0.01,-1,-1,-0.01,-1,-1,-0.01,-1,-1,-0.01,-1,-1
99926009,2026-05-18 11:40:09+05:30,53265.75,0,0.0,0,0.0,0.0,53282.15,53308.4,52783.45,53710.35,0,0.0,0.0,0.0,0.0,-0.01,-1,-1,-0.01,-1,-1,-0.01,-1,-1,-0.01,-1,-1,-0.01,-1,-1,-0.01,-1,-1,-0.01,-1,-1,-0.01,-1,-1,-0.01,-1,-1,-0.01,-1,-1
99926009,2026-05-18 11:40:09+05:30,53265.5,0,0.0,0,0.0,0.0,53282.15,53308.4,52783.45,53710.35,0,0.0,0.0,0.0,0.0,-0.01,-1,-1,-0.01,-1,-1,-0.01,-1,-1,-0.01,-1,-1,-0.01,-1,-1,-0.01,-1,-1,-0.01,-1,-1,-0.01,-1,-1,-0.01,-1,-1,-0.01,-1,-1
99926009,2026-05-18 11:40:10+05:30,53263.15,0,0.0,0,0.0,0.0,53282.15,53308.4,52783.45,53710.35,0,0.0,0.0,0.0,0.0,-0.01,-1,-1,-0.01,-1,-1,-0.01,-1,-1,-0.01,-1,-1,-0.01,-1,-1,-0.01,-1,-1,-0.01,-1,-1,-0.01,-1,-1,-0.01,-1,-1,-0.01,-1,-1
99926009,2026-05-18 11:40:10+05:30,53262.2,0,0.0,0,0.0,0.0,53282.15,53308.4,52783.45,53710.35,0,0.0,0.0,0.0,0.0,-0.01,-1,-1,-0.01,-1,-1,-0.01,-1,-1,-0.01,-1,-1,-0.01,-1,-1,-0.01,-1,-1,-0.01,-1,-1,-0.01,-1,-1,-0.01,-1,-1,-0.01,-1,-1
99926009,2026-05-18 11:40:11+05:30,53258.85,0,0.0,0,0.0,0.0,53282.15,53308.4,52783.45,53710.35,0,0.0,0.0,0.0,0.0,-0.01,-1,-1,-0.01,-1,-1,-0.01,-1,-1,-0.01,-1,-1,-0.01,-1,-1,-0.01,-1,-1,-0.01,-1,-1,-0.01,-1,-1,-0.01,-1,-1,-0.01,-1,-1
99926009,2026-05-18 11:40:11+05:30,53261.5,0,0.0,0,0.0,0.0,53282.15,53308.4,52783.45,53710.35,0,0.0,0.0,0.0,0.0,-0.01,-1,-1,-0.01,-1,-1,-0.01,-1,-1,-0.01,-1,-1,-0.01,-1,-1,-0.01,-1,-1,-0.01,-1,-1,-0.01,-1,-1,-0.01,-1,-1,-0.01,-1,-1
99926009,2026-05-18 11:40:12+05:30,53256.55,0,0.0,0,0.0,0.0,53282.15,53308.4,52783.45,53710.35,0,0.0,0.0,0.0,0.0,-0.01,-1,-1,-0.01,-1,-1,-0.01,-1,-1,-0.01,-1,-1,-0.01,-1,-1,-0.01,-1,-1,-0.01,-1,-1,-0.01,-1,-1,-0.01,-1,-1,-0.01,-1,-1
99926009,2026-05-18 11:40:12+05:30,53257.95,0,0.0,0,0.0,0.0,53282.15,53308.4,52783.45,53710.35,0,0.0,0.0,0.0,0.0,-0.01,-1,-1,-0.01,-1,-1,-0.01,-1,-1,-0.01,-1,-1,-0.01,-1,-1,-0.01,-1,-1,-0.01,-1,-1,-0.01,-1,-1,-0.01,-1,-1,-0.01,-1,-1
99926009,2026-05-18 11:40:13+05:30,53253.7,0,0.0,0,0.0,0.0,53282.15,53308.4,52783.45,53710.35,0,0.0,0.0,0.0,0.0,-0.01,-1,-1,-0.01,-1,-1,-0.01,-1,-1,-0.01,-1,-1,-0.01,-1,-1,-0.01,-1,-1,-0.01,-1,-1,-0.01,-1,-1,-0.01,-1,-1,-0.01,-1,-1
99926009,2026-05-18 11:40:13+05:30,53256.95,0,0.0,0,0.0,0.0,53282.15,53308.4,52783.45,53710.35,0,0.0,0.0,0.0,0.0,-0.01,-1,-1,-0.01,-1,-1,-0.01,-1,-1,-0.01,-1,-1,-0.01,-1,-1,-0.01,-1,-1,-0.01,-1,-1,-0.01,-1,-1,-0.01,-1,-1,-0.01,-1,-1
99926009,2026-05-18 11:40:14+05:30,53255.0,0,0.0,0,0.0,0.0,53282.15,53308.4,52783.45,53710.35,0,0.0,0.0,0.0,0.0,-0.01,-1,-1,-0.01,-1,-1,-0.01,-1,-1,-0.01,-1,-1,-0.01,-1,-1,-0.01,-1,-1,-0.01,-1,-1,-0.01,-1,-1,-0.01,-1,-1,-0.01,-1,-1
99926009,2026-05-18 11:40:14+05:30,53256.95,0,0.0,0,0.0,0.0,53282.15,53308.4,52783.45,53710.35,0,0.0,0.0,0.0,0.0,-0.01,-1,-1,-0.01,-1,-1,-0.01,-1,-1,-0.01,-1,-1,-0.01,-1,-1,-0.01,-1,-1,-0.01,-1,-1,-0.01,-1,-1,-0.01,-1,-1,-0.01,-1,-1
99926009,2026-05-18 11:40:15+05:30,53257.15,0,0.0,0,0.0,0.0,53282.15,53308.4,52783.45,53710.35,0,0.0,0.0,0.0,0.0,-0.01,-1,-1,-0.01,-1,-1,-0.01,-1,-1,-0.01,-1,-1,-0.01,-1,-1,-0.01,-1,-1,-0.01,-1,-1,-0.01,-1,-1,-0.01,-1,-1,-0.01,-1,-1
99926009,2026-05-18 11:40:15+05:30,53259.35,0,0.0,0,0.0,0.0,53282.15,53308.4,52783.45,53710.35,0,0.0,0.0,0.0,0.0,-0.01,-1,-1,-0.01,-1,-1,-0.01,-1,-1,-0.01,-1,-1,-0.01,-1,-1,-0.01,-1,-1,-0.01,-1,-1,-0.01,-1,-1,-0.01,-1,-1,-0.01,-1,-1
99926009,2026-05-18 11:40:16+05:30,53255.6,0,0.0,0,0.0,0.0,53282.15,53308.4,52783.45,53710.35,0,0.0,0.0,0.0,0.0,-0.01,-1,-1,-0.01,-1,-1,-0.01,-1,-1,-0.01,-1,-1,-0.01,-1,-1,-0.01,-1,-1,-0.01,-1,-1,-0.01,-1,-1,-0.01,-1,-1,-0.01,-1,-1
99926009,2026-05-18 11:40:16+05:30,53255.5,0,0.0,0,0.0,0.0,53282.15,53308.4,52783.45,53710.35,0,0.0,0.0,0.0,0.0,-0.01,-1,-1,-0.01,-1,-1,-0.01,-1,-1,-0.01,-1,-1,-0.01,-1,-1,-0.01,-1,-1,-0.01,-1,-1,-0.01,-1,-1,-0.01,-1,-1,-0.01,-1,-1
99926009,2026-05-18 11:40:17+05:30,53255.25,0,0.0,0,0.0,0.0,53282.15,53308.4,52783.45,53710.35,0,0.0,0.0,0.0,0.0,-0.01,-1,-1,-0.01,-1,-1,-0.01,-1,-1,-0.01,-1,-1,-0.01,-1,-1,-0.01,-1,-1,-0.01,-1,-1,-0.01,-1,-1,-0.01,-1,-1,-0.01,-1,-1
99926009,2026-05-18 11:40:17+05:30,53252.4,0,0.0,0,0.0,0.0,53282.15,53308.4,52783.45,53710.35,0,0.0,0.0,0.0,0.0,-0.01,-1,-1,-0.01,-1,-1,-0.01,-1,-1,-0.01,-1,-1,-0.01,-1,-1,-0.01,-1,-1,-0.01,-1,-1,-0.01,-1,-1,-0.01,-1,-1,-0.01,-1,-1
99926009,2026-05-18 11:40:18+05:30,53253.0,0,0.0,0,0.0,0.0,53282.15,53308.4,52783.45,53710.35,0,0.0,0.0,0.0,0.0,-0.01,-1,-1,-0.01,-1,-1,-0.01,-1,-1,-0.01,-1,-1,-0.01,-1,-1,-0.01,-1,-1,-0.01,-1,-1,-0.01,-1,-1,-0.01,-1,-1,-0.01,-1,-1
99926009,2026-05-18 11:40:18+05:30,53252.6,0,0.0,0,0.0,0.0,53282.15,53308.4,52783.45,53710.35,0,0.0,0.0,0.0,0.0,-0.01,-1,-1,-0.01,-1,-1,-0.01,-1,-1,-0.01,-1,-1,-0.01,-1,-1,-0.01,-1,-1,-0.01,-1,-1,-0.01,-1,-1,-0.01,-1,-1,-0.01,-1,-1
99926009,2026-05-18 11:40:19+05:30,53252.95,0,0.0,0,0.0,0.0,53282.15,53308.4,52783.45,53710.35,0,0.0,0.0,0.0,0.0,-0.01,-1,-1,-0.01,-1,-1,-0.01,-1,-1,-0.01,-1,-1,-0.01,-1,-1,-0.01,-1,-1,-0.01,-1,-1,-0.01,-1,-1,-0.01,-1,-1,-0.01,-1,-1
99926009,2026-05-18 11:40:19+05:30,53256.6,0,0.0,0,0.0,0.0,53282.15,53308.4,52783.45,53710.35,0,0.0,0.0,0.0,0.0,-0.01,-1,-1,-0.01,-1,-1,-0.01,-1,-1,-0.01,-1,-1,-0.01,-1,-1,-0.01,-1,-1,-0.01,-1,-1,-0.01,-1,-1,-0.01,-1,-1,-0.01,-1,-1
99926009,2026-05-18 11:40:20+05:30,53259.7,0,0.0,0,0.0,0.0,53282.15,53308.4,52783.45,53710.35,0,0.0,0.0,0.0,0.0,-0.01,-1,-1,-0.01,-1,-1,-0.01,-1,-1,-0.01,-1,-1,-0.01,-1,-1,-0.01,-1,-1,-0.01,-1,-1,-0.01,-1,-1,-0.01,-1,-1,-0.01,-1,-1
99926009,2026-05-18 11:40:20+05:30,53256.55,0,0.0,0,0.0,0.0,53282.15,53308.4,52783.45,53710.35,0,0.0,0.0,0.0,0.0,-0.01,-1,-1,-0.01,-1,-1,-0.01,-1,-1,-0.01,-1,-1,-0.01,-1,-1,-0.01,-1,-1,-0.01,-1,-1,-0.01,-1,-1,-0.01,-1,-1,-0.01,-1,-1
99926009,2026-05-18 11:40:21+05:30,53253.8,0,0.0,0,0.0,0.0,53282.15,53308.4,52783.45,53710.35,0,0.0,0.0,0.0,0.0,-0.01,-1,-1,-0.01,-1,-1,-0.01,-1,-1,-0.01,-1,-1,-0.01,-1,-1,-0.01,-1,-1,-0.01,-1,-1,-0.01,-1,-1,-0.01,-1,-1,-0.01,-1,-1
99926009,2026-05-18 11:40:21+05:30,53253.05,0,0.0,0,0.0,0.0,53282.15,53308.4,52783.45,53710.35,0,0.0,0.0,0.0,0.0,-0.01,-1,-1,-0.01,-1,-1,-0.01,-1,-1,-0.01,-1,-1,-0.01,-1,-1,-0.01,-1,-1,-0.01,-1,-1,-0.01,-1,-1,-0.01,-1,-1,-0.01,-1,-1
99926009,2026-05-18 11:40:22+05:30,53248.15,0,0.0,0,0.0,0.0,53282.15,53308.4,52783.45,53710.35,0,0.0,0.0,0.0,0.0,-0.01,-1,-1,-0.01,-1,-1,-0.01,-1,-1,-0.01,-1,-1,-0.01,-1,-1,-0.01,-1,-1,-0.01,-1,-1,-0.01,-1,-1,-0.01,-1,-1,-0.01,-1,-1
99926009,2026-05-18 11:40:22+05:30,53249.75,0,0.0,0,0.0,0.0,53282.15,53308.4,52783.45,53710.35,0,0.0,0.0,0.0,0.0,-0.01,-1,-1,-0.01,-1,-1,-0.01,-1,-1,-0.01,-1,-1,-0.01,-1,-1,-0.01,-1,-1,-0.01,-1,-1,-0.01,-1,-1,-0.01,-1,-1,-0.01,-1,-1
99926009,2026-05-18 11:40:23+05:30,53253.1,0,0.0,0,0.0,0.0,53282.15,53308.4,52783.45,53710.35,0,0.0,0.0,0.0,0.0,-0.01,-1,-1,-0.01,-1,-1,-0.01,-1,-1,-0.01,-1,-1,-0.01,-1,-1,-0.01,-1,-1,-0.01,-1,-1,-0.01,-1,-1,-0.01,-1,-1,-0.01,-1,-1
99926009,2026-05-18 11:40:23+05:30,53252.5,0,0.0,0,0.0,0.0,53282.15,53308.4,52783.45,53710.35,0,0.0,0.0,0.0,0.0,-0.01,-1,-1,-0.01,-1,-1,-0.01,-1,-1,-0.01,-1,-1,-0.01,-1,-1,-0.01,-1,-1,-0.01,-1,-1,-0.01,-1,-1,-0.01,-1,-1,-0.01,-1,-1
99926009,2026-05-18 11:40:24+05:30,53250.45,0,0.0,0,0.0,0.0,53282.15,53308.4,52783.45,53710.35,0,0.0,0.0,0.0,0.0,-0.01,-1,-1,-0.01,-1,-1,-0.01,-1,-1,-0.01,-1,-1,-0.01,-1,-1,-0.01,-1,-1,-0.01,-1,-1,-0.01,-1,-1,-0.01,-1,-1,-0.01,-1,-1
99926009,2026-05-18 11:40:24+05:30,53243.7,0,0.0,0,0.0,0.0,53282.15,53308.4,52783.45,53710.35,0,0.0,0.0,0.0,0.0,-0.01,-1,-1,-0.01,-1,-1,-0.01,-1,-1,-0.01,-1,-1,-0.01,-1,-1,-0.01,-1,-1,-0.01,-1,-1,-0.01,-1,-1,-0.01,-1,-1,-0.01,-1,-1
99926009,2026-05-18 11:40:25+05:30,53236.5,0,0.0,0,0.0,0.0,53282.15,53308.4,52783.45,53710.35,0,0.0,0.0,0.0,0.0,-0.01,-1,-1,-0.01,-1,-1,-0.01,-1,-1,-0.01,-1,-1,-0.01,-1,-1,-0.01,-1,-1,-0.01,-1,-1,-0.01,-1,-1,-0.01,-1,-1,-0.01,-1,-1
99926009,2026-05-18 11:40:25+05:30,53236.75,0,0.0,0,0.0,0.0,53282.15,53308.4,52783.45,53710.35,0,0.0,0.0,0.0,0.0,-0.01,-1,-1,-0.01,-1,-1,-0.01,-1,-1,-0.01,-1,-1,-0.01,-1,-1,-0.01,-1,-1,-0.01,-1,-1,-0.01,-1,-1,-0.01,-1,-1,-0.01,-1,-1
99926009,2026-05-18 11:40:26+05:30,53233.7,0,0.0,0,0.0,0.0,53282.15,53308.4,52783.45,53710.35,0,0.0,0.0,0.0,0.0,-0.01,-1,-1,-0.01,-1,-1,-0.01,-1,-1,-0.01,-1,-1,-0.01,-1,-1,-0.01,-1,-1,-0.01,-1,-1,-0.01,-1,-1,-0.01,-1,-1,-0.01,-1,-1
99926009,2026-05-18 11:40:26+05:30,53233.9,0,0.0,0,0.0,0.0,53282.15,53308.4,52783.45,53710.35,0,0.0,0.0,0.0,0.0,-0.01,-1,-1,-0.01,-1,-1,-0.01,-1,-1,-0.01,-1,-1,-0.01,-1,-1,-0.01,-1,-1,-0.01,-1,-1,-0.01,-1,-1,-0.01,-1,-1,-0.01,-1,-1
99926009,2026-05-18 11:40:27+05:30,53231.65,0,0.0,0,0.0,0.0,53282.15,53308.4,52783.45,53710.35,0,0.0,0.0,0.0,0.0,-0.01,-1,-1,-0.01,-1,-1,-0.01,-1,-1,-0.01,-1,-1,-0.01,-1,-1,-0.01,-1,-1,-0.01,-1,-1,-0.01,-1,-1,-0.01,-1,-1,-0.01,-1,-1
99926009,2026-05-18 11:40:27+05:30,53230.2,0,0.0,0,0.0,0.0,53282.15,53308.4,52783.45,53710.35,0,0.0,0.0,0.0,0.0,-0.01,-1,-1,-0.01,-1,-1,-0.01,-1,-1,-0.01,-1,-1,-0.01,-1,-1,-0.01,-1,-1,-0.01,-1,-1,-0.01,-1,-1,-0.01,-1,-1,-0.01,-1,-1
99926009,2026-05-18 11:40:28+05:30,53227.35,0,0.0,0,0.0,0.0,53282.15,53308.4,52783.45,53710.35,0,0.0,0.0,0.0,0.0,-0.01,-1,-1,-0.01,-1,-1,-0.01,-1,-1,-0.01,-1,-1,-0.01,-1,-1,-0.01,-1,-1,-0.01,-1,-1,-0.01,-1,-1,-0.01,-1,-1,-0.01,-1,-1
99926009,2026-05-18 11:40:28+05:30,53230.85,0,0.0,0,0.0,0.0,53282.15,53308.4,52783.45,53710.35,0,0.0,0.0,0.0,0.0,-0.01,-1,-1,-0.01,-1,-1,-0.01,-1,-1,-0.01,-1,-1,-0.01,-1,-1,-0.01,-1,-1,-0.01,-1,-1,-0.01,-1,-1,-0.01,-1,-1,-0.01,-1,-1
99926009,2026-05-18 11:40:29+05:30,53234.2,0,0.0,0,0.0,0.0,53282.15,53308.4,52783.45,53710.35,0,0.0,0.0,0.0,0.0,-0.01,-1,-1,-0.01,-1,-1,-0.01,-1,-1,-0.01,-1,-1,-0.01,-1,-1,-0.01,-1,-1,-0.01,-1,-1,-0.01,-1,-1,-0.01,-1,-1,-0.01,-1,-1
99926009,2026-05-18 11:40:29+05:30,53235.65,0,0.0,0,0.0,0.0,53282.15,53308.4,52783.45,53710.35,0,0.0,0.0,0.0,0.0,-0.01,-1,-1,-0.01,-1,-1,-0.01,-1,-1,-0.01,-1,-1,-0.01,-1,-1,-0.01,-1,-1,-0.01,-1,-1,-0.01,-1,-1,-0.01,-1,-1,-0.01,-1,-1
99926009,2026-05-18 11:40:30+05:30,53234.15,0,0.0,0,0.0,0.0,53282.15,53308.4,52783.45,53710.35,0,0.0,0.0,0.0,0.0,-0.01,-1,-1,-0.01,-1,-1,-0.01,-1,-1,-0.01,-1,-1,-0.01,-1,-1,-0.01,-1,-1,-0.01,-1,-1,-0.01,-1,-1,-0.01,-1,-1,-0.01,-1,-1
99926009,2026-05-18 11:40:30+05:30,53234.85,0,0.0,0,0.0,0.0,53282.15,53308.4,52783.45,53710.35,0,0.0,0.0,0.0,0.0,-0.01,-1,-1,-0.01,-1,-1,-0.01,-1,-1,-0.01,-1,-1,-0.01,-1,-1,-0.01,-1,-1,-0.01,-1,-1,-0.01,-1,-1,-0.01,-1,-1,-0.01,-1,-1
99926009,2026-05-18 11:40:31+05:30,53233.15,0,0.0,0,0.0,0.0,53282.15,53308.4,52783.45,53710.35,0,0.0,0.0,0.0,0.0,-0.01,-1,-1,-0.01,-1,-1,-0.01,-1,-1,-0.01,-1,-1,-0.01,-1,-1,-0.01,-1,-1,-0.01,-1,-1,-0.01,-1,-1,-0.01,-1,-1,-0.01,-1,-1
99926009,2026-05-18 11:40:31+05:30,53232.7,0,0.0,0,0.0,0.0,53282.15,53308.4,52783.45,53710.35,0,0.0,0.0,0.0,0.0,-0.01,-1,-1,-0.01,-1,-1,-0.01,-1,-1,-0.01,-1,-1,-0.01,-1,-1,-0.01,-1,-1,-0.01,-1,-1,-0.01,-1,-1,-0.01,-1,-1,-0.01,-1,-1
99926009,2026-05-18 11:40:32+05:30,53232.4,0,0.0,0,0.0,0.0,53282.15,53308.4,52783.45,53710.35,0,0.0,0.0,0.0,0.0,-0.01,-1,-1,-0.01,-1,-1,-0.01,-1,-1,-0.01,-1,-1,-0.01,-1,-1,-0.01,-1,-1,-0.01,-1,-1,-0.01,-1,-1,-0.01,-1,-1,-0.01,-1,-1
99926009,2026-05-18 11:40:32+05:30,53233.7,0,0.0,0,0.0,0.0,53282.15,53308.4,52783.45,53710.35,0,0.0,0.0,0.0,0.0,-0.01,-1,-1,-0.01,-1,-1,-0.01,-1,-1,-0.01,-1,-1,-0.01,-1,-1,-0.01,-1,-1,-0.01,-1,-1,-0.01,-1,-1,-0.01,-1,-1,-0.01,-1,-1
99926009,2026-05-18 11:40:33+05:30,53233.15,0,0.0,0,0.0,0.0,53282.15,53308.4,52783.45,53710.35,0,0.0,0.0,0.0,0.0,-0.01,-1,-1,-0.01,-1,-1,-0.01,-1,-1,-0.01,-1,-1,-0.01,-1,-1,-0.01,-1,-1,-0.01,-1,-1,-0.01,-1,-1,-0.01,-1,-1,-0.01,-1,-1
99926009,2026-05-18 11:40:33+05:30,53231.65,0,0.0,0,0.0,0.0,53282.15,53308.4,52783.45,53710.35,0,0.0,0.0,0.0,0.0,-0.01,-1,-1,-0.01,-1,-1,-0.01,-1,-1,-0.01,-1,-1,-0.01,-1,-1,-0.01,-1,-1,-0.01,-1,-1,-0.01,-1,-1,-0.01,-1,-1,-0.01,-1,-1
99926009,2026-05-18 11:40:34+05:30,53230.15,0,0.0,0,0.0,0.0,53282.15,53308.4,52783.45,53710.35,0,0.0,0.0,0.0,0.0,-0.01,-1,-1,-0.01,-1,-1,-0.01,-1,-1,-0.01,-1,-1,-0.01,-1,-1,-0.01,-1,-1,-0.01,-1,-1,-0.01,-1,-1,-0.01,-1,-1,-0.01,-1,-1
99926009,2026-05-18 11:40:34+05:30,53232.4,0,0.0,0,0.0,0.0,53282.15,53308.4,52783.45,53710.35,0,0.0,0.0,0.0,0.0,-0.01,-1,-1,-0.01,-1,-1,-0.01,-1,-1,-0.01,-1,-1,-0.01,-1,-1,-0.01,-1,-1,-0.01,-1,-1,-0.01,-1,-1,-0.01,-1,-1,-0.01,-1,-1
99926009,2026-05-18 11:40:35+05:30,53235.2,0,0.0,0,0.0,0.0,53282.15,53308.4,52783.45,53710.35,0,0.0,0.0,0.0,0.0,-0.01,-1,-1,-0.01,-1,-1,-0.01,-1,-1,-0.01,-1,-1,-0.01,-1,-1,-0.01,-1,-1,-0.01,-1,-1,-0.01,-1,-1,-0.01,-1,-1,-0.01,-1,-1
99926009,2026-05-18 11:40:35+05:30,53232.95,0,0.0,0,0.0,0.0,53282.15,53308.4,52783.45,53710.35,0,0.0,0.0,0.0,0.0,-0.01,-1,-1,-0.01,-1,-1,-0.01,-1,-1,-0.01,-1,-1,-0.01,-1,-1,-0.01,-1,-1,-0.01,-1,-1,-0.01,-1,-1,-0.01,-1,-1,-0.01,-1,-1
99926009,2026-05-18 11:40:36+05:30,53234.15,0,0.0,0,0.0,0.0,53282.15,53308.4,52783.45,53710.35,0,0.0,0.0,0.0,0.0,-0.01,-1,-1,-0.01,-1,-1,-0.01,-1,-1,-0.01,-1,-1,-0.01,-1,-1,-0.01,-1,-1,-0.01,-1,-1,-0.01,-1,-1,-0.01,-1,-1,-0.01,-1,-1
99926009,2026-05-18 11:40:36+05:30,53237.65,0,0.0,0,0.0,0.0,53282.15,53308.4,52783.45,53710.35,0,0.0,0.0,0.0,0.0,-0.01,-1,-1,-0.01,-1,-1,-0.01,-1,-1,-0.01,-1,-1,-0.01,-1,-1,-0.01,-1,-1,-0.01,-1,-1,-0.01,-1,-1,-0.01,-1,-1,-0.01,-1,-1
99926009,2026-05-18 11:40:37+05:30,53237.05,0,0.0,0,0.0,0.0,53282.15,53308.4,52783.45,53710.35,0,0.0,0.0,0.0,0.0,-0.01,-1,-1,-0.01,-1,-1,-0.01,-1,-1,-0.01,-1,-1,-0.01,-1,-1,-0.01,-1,-1,-0.01,-1,-1,-0.01,-1,-1,-0.01,-1,-1,-0.01,-1,-1
99926009,2026-05-18 11:40:37+05:30,53236.25,0,0.0,0,0.0,0.0,53282.15,53308.4,52783.45,53710.35,0,0.0,0.0,0.0,0.0,-0.01,-1,-1,-0.01,-1,-1,-0.01,-1,-1,-0.01,-1,-1,-0.01,-1,-1,-0.01,-1,-1,-0.01,-1,-1,-0.01,-1,-1,-0.01,-1,-1,-0.01,-1,-1
99926009,2026-05-18 11:40:38+05:30,53232.6,0,0.0,0,0.0,0.0,53282.15,53308.4,52783.45,53710.35,0,0.0,0.0,0.0,0.0,-0.01,-1,-1,-0.01,-1,-1,-0.01,-1,-1,-0.01,-1,-1,-0.01,-1,-1,-0.01,-1,-1,-0.01,-1,-1,-0.01,-1,-1,-0.01,-1,-1,-0.01,-1,-1
99926009,2026-05-18 11:40:38+05:30,53236.35,0,0.0,0,0.0,0.0,53282.15,53308.4,52783.45,53710.35,0,0.0,0.0,0.0,0.0,-0.01,-1,-1,-0.01,-1,-1,-0.01,-1,-1,-0.01,-1,-1,-0.01,-1,-1,-0.01,-1,-1,-0.01,-1,-1,-0.01,-1,-1,-0.01,-1,-1,-0.01,-1,-1
99926009,2026-05-18 11:40:39+05:30,53237.45,0,0.0,0,0.0,0.0,53282.15,53308.4,52783.45,53710.35,0,0.0,0.0,0.0,0.0,-0.01,-1,-1,-0.01,-1,-1,-0.01,-1,-1,-0.01,-1,-1,-0.01,-1,-1,-0.01,-1,-1,-0.01,-1,-1,-0.01,-1,-1,-0.01,-1,-1,-0.01,-1,-1
99926009,2026-05-18 11:40:39+05:30,53237.0,0,0.0,0,0.0,0.0,53282.15,53308.4,52783.45,53710.35,0,0.0,0.0,0.0,0.0,-0.01,-1,-1,-0.01,-1,-1,-0.01,-1,-1,-0.01,-1,-1,-0.01,-1,-1,-0.01,-1,-1,-0.01,-1,-1,-0.01,-1,-1,-0.01,-1,-1,-0.01,-1,-1
99926009,2026-05-18 11:40:40+05:30,53236.8,0,0.0,0,0.0,0.0,53282.15,53308.4,52783.45,53710.35,0,0.0,0.0,0.0,0.0,-0.01,-1,-1,-0.01,-1,-1,-0.01,-1,-1,-0.01,-1,-1,-0.01,-1,-1,-0.01,-1,-1,-0.01,-1,-1,-0.01,-1,-1,-0.01,-1,-1,-0.01,-1,-1
99926009,2026-05-18 11:40:40+05:30,53236.75,0,0.0,0,0.0,0.0,53282.15,53308.4,52783.45,53710.35,0,0.0,0.0,0.0,0.0,-0.01,-1,-1,-0.01,-1,-1,-0.01,-1,-1,-0.01,-1,-1,-0.01,-1,-1,-0.01,-1,-1,-0.01,-1,-1,-0.01,-1,-1,-0.01,-1,-1,-0.01,-1,-1
99926009,2026-05-18 11:40:41+05:30,53236.75,0,0.0,0,0.0,0.0,53282.15,53308.4,52783.45,53710.35,0,0.0,0.0,0.0,0.0,-0.01,-1,-1,-0.01,-1,-1,-0.01,-1,-1,-0.01,-1,-1,-0.01,-1,-1,-0.01,-1,-1,-0.01,-1,-1,-0.01,-1,-1,-0.01,-1,-1,-0.01,-1,-1
99926009,2026-05-18 11:40:41+05:30,53235.9,0,0.0,0,0.0,0.0,53282.15,53308.4,52783.45,53710.35,0,0.0,0.0,0.0,0.0,-0.01,-1,-1,-0.01,-1,-1,-0.01,-1,-1,-0.01,-1,-1,-0.01,-1,-1,-0.01,-1,-1,-0.01,-1,-1,-0.01,-1,-1,-0.01,-1,-1,-0.01,-1,-1
99926009,2026-05-18 11:40:42+05:30,53237.05,0,0.0,0,0.0,0.0,53282.15,53308.4,52783.45,53710.35,0,0.0,0.0,0.0,0.0,-0.01,-1,-1,-0.01,-1,-1,-0.01,-1,-1,-0.01,-1,-1,-0.01,-1,-1,-0.01,-1,-1,-0.01,-1,-1,-0.01,-1,-1,-0.01,-1,-1,-0.01,-1,-1
99926009,2026-05-18 11:40:42+05:30,53237.2,0,0.0,0,0.0,0.0,53282.15,53308.4,52783.45,53710.35,0,0.0,0.0,0.0,0.0,-0.01,-1,-1,-0.01,-1,-1,-0.01,-1,-1,-0.01,-1,-1,-0.01,-1,-1,-0.01,-1,-1,-0.01,-1,-1,-0.01,-1,-1,-0.01,-1,-1,-0.01,-1,-1
99926009,2026-05-18 11:40:43+05:30,53237.4,0,0.0,0,0.0,0.0,53282.15,53308.4,52783.45,53710.35,0,0.0,0.0,0.0,0.0,-0.01,-1,-1,-0.01,-1,-1,-0.01,-1,-1,-0.01,-1,-1,-0.01,-1,-1,-0.01,-1,-1,-0.01,-1,-1,-0.01,-1,-1,-0.01,-1,-1,-0.01,-1,-1
99926009,2026-05-18 11:40:43+05:30,53239.85,0,0.0,0,0.0,0.0,53282.15,53308.4,52783.45,53710.35,0,0.0,0.0,0.0,0.0,-0.01,-1,-1,-0.01,-1,-1,-0.01,-1,-1,-0.01,-1,-1,-0.01,-1,-1,-0.01,-1,-1,-0.01,-1,-1,-0.01,-1,-1,-0.01,-1,-1,-0.01,-1,-1
99926009,2026-05-18 11:40:44+05:30,53238.35,0,0.0,0,0.0,0.0,53282.15,53308.4,52783.45,53710.35,0,0.0,0.0,0.0,0.0,-0.01,-1,-1,-0.01,-1,-1,-0.01,-1,-1,-0.01,-1,-1,-0.01,-1,-1,-0.01,-1,-1,-0.01,-1,-1,-0.01,-1,-1,-0.01,-1,-1,-0.01,-1,-1
99926009,2026-05-18 11:40:44+05:30,53236.25,0,0.0,0,0.0,0.0,53282.15,53308.4,52783.45,53710.35,0,0.0,0.0,0.0,0.0,-0.01,-1,-1,-0.01,-1,-1,-0.01,-1,-1,-0.01,-1,-1,-0.01,-1,-1,-0.01,-1,-1,-0.01,-1,-1,-0.01,-1,-1,-0.01,-1,-1,-0.01,-1,-1
99926009,2026-05-18 11:40:45+05:30,53235.65,0,0.0,0,0.0,0.0,53282.15,53308.4,52783.45,53710.35,0,0.0,0.0,0.0,0.0,-0.01,-1,-1,-0.01,-1,-1,-0.01,-1,-1,-0.01,-1,-1,-0.01,-1,-1,-0.01,-1,-1,-0.01,-1,-1,-0.01,-1,-1,-0.01,-1,-1,-0.01,-1,-1
99926009,2026-05-18 11:40:45+05:30,53238.8,0,0.0,0,0.0,0.0,53282.15,53308.4,52783.45,53710.35,0,0.0,0.0,0.0,0.0,-0.01,-1,-1,-0.01,-1,-1,-0.01,-1,-1,-0.01,-1,-1,-0.01,-1,-1,-0.01,-1,-1,-0.01,-1,-1,-0.01,-1,-1,-0.01,-1,-1,-0.01,-1,-1
99926009,2026-05-18 11:40:46+05:30,53235.9,0,0.0,0,0.0,0.0,53282.15,53308.4,52783.45,53710.35,0,0.0,0.0,0.0,0.0,-0.01,-1,-1,-0.01,-1,-1,-0.01,-1,-1,-0.01,-1,-1,-0.01,-1,-1,-0.01,-1,-1,-0.01,-1,-1,-0.01,-1,-1,-0.01,-1,-1,-0.01,-1,-1
99926009,2026-05-18 11:40:46+05:30,53238.25,0,0.0,0,0.0,0.0,53282.15,53308.4,52783.45,53710.35,0,0.0,0.0,0.0,0.0,-0.01,-1,-1,-0.01,-1,-1,-0.01,-1,-1,-0.01,-1,-1,-0.01,-1,-1,-0.01,-1,-1,-0.01,-1,-1,-0.01,-1,-1,-0.01,-1,-1,-0.01,-1,-1
99926009,2026-05-18 11:40:47+05:30,53237.9,0,0.0,0,0.0,0.0,53282.15,53308.4,52783.45,53710.35,0,0.0,0.0,0.0,0.0,-0.01,-1,-1,-0.01,-1,-1,-0.01,-1,-1,-0.01,-1,-1,-0.01,-1,-1,-0.01,-1,-1,-0.01,-1,-1,-0.01,-1,-1,-0.01,-1,-1,-0.01,-1,-1
99926009,2026-05-18 11:40:47+05:30,53235.25,0,0.0,0,0.0,0.0,53282.15,53308.4,52783.45,53710.35,0,0.0,0.0,0.0,0.0,-0.01,-1,-1,-0.01,-1,-1,-0.01,-1,-1,-0.01,-1,-1,-0.01,-1,-1,-0.01,-1,-1,-0.01,-1,-1,-0.01,-1,-1,-0.01,-1,-1,-0.01,-1,-1
99926009,2026-05-18 11:40:48+05:30,53235.15,0,0.0,0,0.0,0.0,53282.15,53308.4,52783.45,53710.35,0,0.0,0.0,0.0,0.0,-0.01,-1,-1,-0.01,-1,-1,-0.01,-1,-1,-0.01,-1,-1,-0.01,-1,-1,-0.01,-1,-1,-0.01,-1,-1,-0.01,-1,-1,-0.01,-1,-1,-0.01,-1,-1
99926009,2026-05-18 11:40:48+05:30,53235.35,0,0.0,0,0.0,0.0,53282.15,53308.4,52783.45,53710.35,0,0.0,0.0,0.0,0.0,-0.01,-1,-1,-0.01,-1,-1,-0.01,-1,-1,-0.01,-1,-1,-0.01,-1,-1,-0.01,-1,-1,-0.01,-1,-1,-0.01,-1,-1,-0.01,-1,-1,-0.01,-1,-1
99926009,2026-05-18 11:40:49+05:30,53237.85,0,0.0,0,0.0,0.0,53282.15,53308.4,52783.45,53710.35,0,0.0,0.0,0.0,0.0,-0.01,-1,-1,-0.01,-1,-1,-0.01,-1,-1,-0.01,-1,-1,-0.01,-1,-1,-0.01,-1,-1,-0.01,-1,-1,-0.01,-1,-1,-0.01,-1,-1,-0.01,-1,-1
99926009,2026-05-18 11:40:49+05:30,53236.4,0,0.0,0,0.0,0.0,53282.15,53308.4,52783.45,53710.35,0,0.0,0.0,0.0,0.0,-0.01,-1,-1,-0.01,-1,-1,-0.01,-1,-1,-0.01,-1,-1,-0.01,-1,-1,-0.01,-1,-1,-0.01,-1,-1,-0.01,-1,-1,-0.01,-1,-1,-0.01,-1,-1
99926009,2026-05-18 11:40:50+05:30,53237.5,0,0.0,0,0.0,0.0,53282.15,53308.4,52783.45,53710.35,0,0.0,0.0,0.0,0.0,-0.01,-1,-1,-0.01,-1,-1,-0.01,-1,-1,-0.01,-1,-1,-0.01,-1,-1,-0.01,-1,-1,-0.01,-1,-1,-0.01,-1,-1,-0.01,-1,-1,-0.01,-1,-1
99926009,2026-05-18 11:40:50+05:30,53237.5,0,0.0,0,0.0,0.0,53282.15,53308.4,52783.45,53710.35,0,0.0,0.0,0.0,0.0,-0.01,-1,-1,-0.01,-1,-1,-0.01,-1,-1,-0.01,-1,-1,-0.01,-1,-1,-0.01,-1,-1,-0.01,-1,-1,-0.01,-1,-1,-0.01,-1,-1,-0.01,-1,-1
99926009,2026-05-18 11:40:51+05:30,53236.05,0,0.0,0,0.0,0.0,53282.15,53308.4,52783.45,53710.35,0,0.0,0.0,0.0,0.0,-0.01,-1,-1,-0.01,-1,-1,-0.01,-1,-1,-0.01,-1,-1,-0.01,-1,-1,-0.01,-1,-1,-0.01,-1,-1,-0.01,-1,-1,-0.01,-1,-1,-0.01,-1,-1
99926009,2026-05-18 11:40:51+05:30,53233.9,0,0.0,0,0.0,0.0,53282.15,53308.4,52783.45,53710.35,0,0.0,0.0,0.0,0.0,-0.01,-1,-1,-0.01,-1,-1,-0.01,-1,-1,-0.01,-1,-1,-0.01,-1,-1,-0.01,-1,-1,-0.01,-1,-1,-0.01,-1,-1,-0.01,-1,-1,-0.01,-1,-1
99926009,2026-05-18 11:40:52+05:30,53229.65,0,0.0,0,0.0,0.0,53282.15,53308.4,52783.45,53710.35,0,0.0,0.0,0.0,0.0,-0.01,-1,-1,-0.01,-1,-1,-0.01,-1,-1,-0.01,-1,-1,-0.01,-1,-1,-0.01,-1,-1,-0.01,-1,-1,-0.01,-1,-1,-0.01,-1,-1,-0.01,-1,-1
99926009,2026-05-18 11:40:52+05:30,53226.95,0,0.0,0,0.0,0.0,53282.15,53308.4,52783.45,53710.35,0,0.0,0.0,0.0,0.0,-0.01,-1,-1,-0.01,-1,-1,-0.01,-1,-1,-0.01,-1,-1,-0.01,-1,-1,-0.01,-1,-1,-0.01,-1,-1,-0.01,-1,-1,-0.01,-1,-1,-0.01,-1,-1
99926009,2026-05-18 11:40:53+05:30,53228.5,0,0.0,0,0.0,0.0,53282.15,53308.4,52783.45,53710.35,0,0.0,0.0,0.0,0.0,-0.01,-1,-1,-0.01,-1,-1,-0.01,-1,-1,-0.01,-1,-1,-0.01,-1,-1,-0.01,-1,-1,-0.01,-1,-1,-0.01,-1,-1,-0.01,-1,-1,-0.01,-1,-1
99926009,2026-05-18 11:40:53+05:30,53224.85,0,0.0,0,0.0,0.0,53282.15,53308.4,52783.45,53710.35,0,0.0,0.0,0.0,0.0,-0.01,-1,-1,-0.01,-1,-1,-0.01,-1,-1,-0.01,-1,-1,-0.01,-1,-1,-0.01,-1,-1,-0.01,-1,-1,-0.01,-1,-1,-0.01,-1,-1,-0.01,-1,-1
99926009,2026-05-18 11:40:54+05:30,53223.6,0,0.0,0,0.0,0.0,53282.15,53308.4,52783.45,53710.35,0,0.0,0.0,0.0,0.0,-0.01,-1,-1,-0.01,-1,-1,-0.01,-1,-1,-0.01,-1,-1,-0.01,-1,-1,-0.01,-1,-1,-0.01,-1,-1,-0.01,-1,-1,-0.01,-1,-1,-0.01,-1,-1
99926009,2026-05-18 11:40:54+05:30,53224.6,0,0.0,0,0.0,0.0,53282.15,53308.4,52783.45,53710.35,0,0.0,0.0,0.0,0.0,-0.01,-1,-1,-0.01,-1,-1,-0.01,-1,-1,-0.01,-1,-1,-0.01,-1,-1,-0.01,-1,-1,-0.01,-1,-1,-0.01,-1,-1,-0.01,-1,-1,-0.01,-1,-1
99926009,2026-05-18 11:40:55+05:30,53224.9,0,0.0,0,0.0,0.0,53282.15,53308.4,52783.45,53710.35,0,0.0,0.0,0.0,0.0,-0.01,-1,-1,-0.01,-1,-1,-0.01,-1,-1,-0.01,-1,-1,-0.01,-1,-1,-0.01,-1,-1,-0.01,-1,-1,-0.01,-1,-1,-0.01,-1,-1,-0.01,-1,-1
99926009,2026-05-18 11:40:55+05:30,53221.8,0,0.0,0,0.0,0.0,53282.15,53308.4,52783.45,53710.35,0,0.0,0.0,0.0,0.0,-0.01,-1,-1,-0.01,-1,-1,-0.01,-1,-1,-0.01,-1,-1,-0.01,-1,-1,-0.01,-1,-1,-0.01,-1,-1,-0.01,-1,-1,-0.01,-1,-1,-0.01,-1,-1
99926009,2026-05-18 11:40:56+05:30,53221.6,0,0.0,0,0.0,0.0,53282.15,53308.4,52783.45,53710.35,0,0.0,0.0,0.0,0.0,-0.01,-1,-1,-0.01,-1,-1,-0.01,-1,-1,-0.01,-1,-1,-0.01,-1,-1,-0.01,-1,-1,-0.01,-1,-1,-0.01,-1,-1,-0.01,-1,-1,-0.01,-1,-1
99926009,2026-05-18 11:40:56+05:30,53223.7,0,0.0,0,0.0,0.0,53282.15,53308.4,52783.45,53710.35,0,0.0,0.0,0.0,0.0,-0.01,-1,-1,-0.01,-1,-1,-0.01,-1,-1,-0.01,-1,-1,-0.01,-1,-1,-0.01,-1,-1,-0.01,-1,-1,-0.01,-1,-1,-0.01,-1,-1,-0.01,-1,-1
99926009,2026-05-18 11:40:57+05:30,53222.1,0,0.0,0,0.0,0.0,53282.15,53308.4,52783.45,53710.35,0,0.0,0.0,0.0,0.0,-0.01,-1,-1,-0.01,-1,-1,-0.01,-1,-1,-0.01,-1,-1,-0.01,-1,-1,-0.01,-1,-1,-0.01,-1,-1,-0.01,-1,-1,-0.01,-1,-1,-0.01,-1,-1
99926009,2026-05-18 11:40:57+05:30,53223.4,0,0.0,0,0.0,0.0,53282.15,53308.4,52783.45,53710.35,0,0.0,0.0,0.0,0.0,-0.01,-1,-1,-0.01,-1,-1,-0.01,-1,-1,-0.01,-1,-1,-0.01,-1,-1,-0.01,-1,-1,-0.01,-1,-1,-0.01,-1,-1,-0.01,-1,-1,-0.01,-1,-1
99926009,2026-05-18 11:40:58+05:30,53220.35,0,0.0,0,0.0,0.0,53282.15,53308.4,52783.45,53710.35,0,0.0,0.0,0.0,0.0,-0.01,-1,-1,-0.01,-1,-1,-0.01,-1,-1,-0.01,-1,-1,-0.01,-1,-1,-0.01,-1,-1,-0.01,-1,-1,-0.01,-1,-1,-0.01,-1,-1,-0.01,-1,-1
99926009,2026-05-18 11:40:58+05:30,53221.0,0,0.0,0,0.0,0.0,53282.15,53308.4,52783.45,53710.35,0,0.0,0.0,0.0,0.0,-0.01,-1,-1,-0.01,-1,-1,-0.01,-1,-1,-0.01,-1,-1,-0.01,-1,-1,-0.01,-1,-1,-0.01,-1,-1,-0.01,-1,-1,-0.01,-1,-1,-0.01,-1,-1
99926009,2026-05-18 11:40:59+05:30,53218.15,0,0.0,0,0.0,0.0,53282.15,53308.4,52783.45,53710.35,0,0.0,0.0,0.0,0.0,-0.01,-1,-1,-0.01,-1,-1,-0.01,-1,-1,-0.01,-1,-1,-0.01,-1,-1,-0.01,-1,-1,-0.01,-1,-1,-0.01,-1,-1,-0.01,-1,-1,-0.01,-1,-1
99926009,2026-05-18 11:40:59+05:30,53218.75,0,0.0,0,0.0,0.0,53282.15,53308.4,52783.45,53710.35,0,0.0,0.0,0.0,0.0,-0.01,-1,-1,-0.01,-1,-1,-0.01,-1,-1,-0.01,-1,-1,-0.01,-1,-1,-0.01,-1,-1,-0.01,-1,-1,-0.01,-1,-1,-0.01,-1,-1,-0.01,-1,-1
99926009,2026-05-18 11:41:00+05:30,53221.55,0,0.0,0,0.0,0.0,53282.15,53308.4,52783.45,53710.35,0,0.0,0.0,0.0,0.0,-0.01,-1,-1,-0.01,-1,-1,-0.01,-1,-1,-0.01,-1,-1,-0.01,-1,-1,-0.01,-1,-1,-0.01,-1,-1,-0.01,-1,-1,-0.01,-1,-1,-0.01,-1,-1
99926009,2026-05-18 11:41:00+05:30,53220.15,0,0.0,0,0.0,0.0,53282.15,53308.4,52783.45,53710.35,0,0.0,0.0,0.0,0.0,-0.01,-1,-1,-0.01,-1,-1,-0.01,-1,-1,-0.01,-1,-1,-0.01,-1,-1,-0.01,-1,-1,-0.01,-1,-1,-0.01,-1,-1,-0.01,-1,-1,-0.01,-1,-1
99926009,2026-05-18 11:41:01+05:30,53219.0,0,0.0,0,0.0,0.0,53282.15,53308.4,52783.45,53710.35,0,0.0,0.0,0.0,0.0,-0.01,-1,-1,-0.01,-1,-1,-0.01,-1,-1,-0.01,-1,-1,-0.01,-1,-1,-0.01,-1,-1,-0.01,-1,-1,-0.01,-1,-1,-0.01,-1,-1,-0.01,-1,-1
99926009,2026-05-18 11:41:01+05:30,53216.45,0,0.0,0,0.0,0.0,53282.15,53308.4,52783.45,53710.35,0,0.0,0.0,0.0,0.0,-0.01,-1,-1,-0.01,-1,-1,-0.01,-1,-1,-0.01,-1,-1,-0.01,-1,-1,-0.01,-1,-1,-0.01,-1,-1,-0.01,-1,-1,-0.01,-1,-1,-0.01,-1,-1
99926009,2026-05-18 11:41:02+05:30,53215.45,0,0.0,0,0.0,0.0,53282.15,53308.4,52783.45,53710.35,0,0.0,0.0,0.0,0.0,-0.01,-1,-1,-0.01,-1,-1,-0.01,-1,-1,-0.01,-1,-1,-0.01,-1,-1,-0.01,-1,-1,-0.01,-1,-1,-0.01,-1,-1,-0.01,-1,-1,-0.01,-1,-1
99926009,2026-05-18 11:41:02+05:30,53207.15,0,0.0,0,0.0,0.0,53282.15,53308.4,52783.45,53710.35,0,0.0,0.0,0.0,0.0,-0.01,-1,-1,-0.01,-1,-1,-0.01,-1,-1,-0.01,-1,-1,-0.01,-1,-1,-0.01,-1,-1,-0.01,-1,-1,-0.01,-1,-1,-0.01,-1,-1,-0.01,-1,-1
99926009,2026-05-18 11:41:03+05:30,53207.25,0,0.0,0,0.0,0.0,53282.15,53308.4,52783.45,53710.35,0,0.0,0.0,0.0,0.0,-0.01,-1,-1,-0.01,-1,-1,-0.01,-1,-1,-0.01,-1,-1,-0.01,-1,-1,-0.01,-1,-1,-0.01,-1,-1,-0.01,-1,-1,-0.01,-1,-1,-0.01,-1,-1
99926009,2026-05-18 11:41:03+05:30,53210.45,0,0.0,0,0.0,0.0,53282.15,53308.4,52783.45,53710.35,0,0.0,0.0,0.0,0.0,-0.01,-1,-1,-0.01,-1,-1,-0.01,-1,-1,-0.01,-1,-1,-0.01,-1,-1,-0.01,-1,-1,-0.01,-1,-1,-0.01,-1,-1,-0.01,-1,-1,-0.01,-1,-1
99926009,2026-05-18 11:41:04+05:30,53203.3,0,0.0,0,0.0,0.0,53282.15,53308.4,52783.45,53710.35,0,0.0,0.0,0.0,0.0,-0.01,-1,-1,-0.01,-1,-1,-0.01,-1,-1,-0.01,-1,-1,-0.01,-1,-1,-0.01,-1,-1,-0.01,-1,-1,-0.01,-1,-1,-0.01,-1,-1,-0.01,-1,-1
99926009,2026-05-18 11:41:04+05:30,53203.35,0,0.0,0,0.0,0.0,53282.15,53308.4,52783.45,53710.35,0,0.0,0.0,0.0,0.0,-0.01,-1,-1,-0.01,-1,-1,-0.01,-1,-1,-0.01,-1,-1,-0.01,-1,-1,-0.01,-1,-1,-0.01,-1,-1,-0.01,-1,-1,-0.01,-1,-1,-0.01,-1,-1
99926009,2026-05-18 11:41:05+05:30,53197.45,0,0.0,0,0.0,0.0,53282.15,53308.4,52783.45,53710.35,0,0.0,0.0,0.0,0.0,-0.01,-1,-1,-0.01,-1,-1,-0.01,-1,-1,-0.01,-1,-1,-0.01,-1,-1,-0.01,-1,-1,-0.01,-1,-1,-0.01,-1,-1,-0.01,-1,-1,-0.01,-1,-1
99926009,2026-05-18 11:41:05+05:30,53202.15,0,0.0,0,0.0,0.0,53282.15,53308.4,52783.45,53710.35,0,0.0,0.0,0.0,0.0,-0.01,-1,-1,-0.01,-1,-1,-0.01,-1,-1,-0.01,-1,-1,-0.01,-1,-1,-0.01,-1,-1,-0.01,-1,-1,-0.01,-1,-1,-0.01,-1,-1,-0.01,-1,-1
99926009,2026-05-18 11:41:06+05:30,53198.75,0,0.0,0,0.0,0.0,53282.15,53308.4,52783.45,53710.35,0,0.0,0.0,0.0,0.0,-0.01,-1,-1,-0.01,-1,-1,-0.01,-1,-1,-0.01,-1,-1,-0.01,-1,-1,-0.01,-1,-1,-0.01,-1,-1,-0.01,-1,-1,-0.01,-1,-1,-0.01,-1,-1
99926009,2026-05-18 11:41:06+05:30,53195.7,0,0.0,0,0.0,0.0,53282.15,53308.4,52783.45,53710.35,0,0.0,0.0,0.0,0.0,-0.01,-1,-1,-0.01,-1,-1,-0.01,-1,-1,-0.01,-1,-1,-0.01,-1,-1,-0.01,-1,-1,-0.01,-1,-1,-0.01,-1,-1,-0.01,-1,-1,-0.01,-1,-1
99926009,2026-05-18 11:41:07+05:30,53193.25,0,0.0,0,0.0,0.0,53282.15,53308.4,52783.45,53710.35,0,0.0,0.0,0.0,0.0,-0.01,-1,-1,-0.01,-1,-1,-0.01,-1,-1,-0.01,-1,-1,-0.01,-1,-1,-0.01,-1,-1,-0.01,-1,-1,-0.01,-1,-1,-0.01,-1,-1,-0.01,-1,-1
99926009,2026-05-18 11:41:07+05:30,53193.5,0,0.0,0,0.0,0.0,53282.15,53308.4,52783.45,53710.35,0,0.0,0.0,0.0,0.0,-0.01,-1,-1,-0.01,-1,-1,-0.01,-1,-1,-0.01,-1,-1,-0.01,-1,-1,-0.01,-1,-1,-0.01,-1,-1,-0.01,-1,-1,-0.01,-1,-1,-0.01,-1,-1
99926009,2026-05-18 11:41:08+05:30,53191.65,0,0.0,0,0.0,0.0,53282.15,53308.4,52783.45,53710.35,0,0.0,0.0,0.0,0.0,-0.01,-1,-1,-0.01,-1,-1,-0.01,-1,-1,-0.01,-1,-1,-0.01,-1,-1,-0.01,-1,-1,-0.01,-1,-1,-0.01,-1,-1,-0.01,-1,-1,-0.01,-1,-1
99926009,2026-05-18 11:41:08+05:30,53193.55,0,0.0,0,0.0,0.0,53282.15,53308.4,52783.45,53710.35,0,0.0,0.0,0.0,0.0,-0.01,-1,-1,-0.01,-1,-1,-0.01,-1,-1,-0.01,-1,-1,-0.01,-1,-1,-0.01,-1,-1,-0.01,-1,-1,-0.01,-1,-1,-0.01,-1,-1,-0.01,-1,-1
99926009,2026-05-18 11:41:09+05:30,53192.65,0,0.0,0,0.0,0.0,53282.15,53308.4,52783.45,53710.35,0,0.0,0.0,0.0,0.0,-0.01,-1,-1,-0.01,-1,-1,-0.01,-1,-1,-0.01,-1,-1,-0.01,-1,-1,-0.01,-1,-1,-0.01,-1,-1,-0.01,-1,-1,-0.01,-1,-1,-0.01,-1,-1
99926009,2026-05-18 11:41:09+05:30,53196.65,0,0.0,0,0.0,0.0,53282.15,53308.4,52783.45,53710.35,0,0.0,0.0,0.0,0.0,-0.01,-1,-1,-0.01,-1,-1,-0.01,-1,-1,-0.01,-1,-1,-0.01,-1,-1,-0.01,-1,-1,-0.01,-1,-1,-0.01,-1,-1,-0.01,-1,-1,-0.01,-1,-1
99926009,2026-05-18 11:41:10+05:30,53194.6,0,0.0,0,0.0,0.0,53282.15,53308.4,52783.45,53710.35,0,0.0,0.0,0.0,0.0,-0.01,-1,-1,-0.01,-1,-1,-0.01,-1,-1,-0.01,-1,-1,-0.01,-1,-1,-0.01,-1,-1,-0.01,-1,-1,-0.01,-1,-1,-0.01,-1,-1,-0.01,-1,-1
99926009,2026-05-18 11:41:10+05:30,53192.45,0,0.0,0,0.0,0.0,53282.15,53308.4,52783.45,53710.35,0,0.0,0.0,0.0,0.0,-0.01,-1,-1,-0.01,-1,-1,-0.01,-1,-1,-0.01,-1,-1,-0.01,-1,-1,-0.01,-1,-1,-0.01,-1,-1,-0.01,-1,-1,-0.01,-1,-1,-0.01,-1,-1
99926009,2026-05-18 11:41:11+05:30,53191.8,0,0.0,0,0.0,0.0,53282.15,53308.4,52783.45,53710.35,0,0.0,0.0,0.0,0.0,-0.01,-1,-1,-0.01,-1,-1,-0.01,-1,-1,-0.01,-1,-1,-0.01,-1,-1,-0.01,-1,-1,-0.01,-1,-1,-0.01,-1,-1,-0.01,-1,-1,-0.01,-1,-1
99926009,2026-05-18 11:41:11+05:30,53194.35,0,0.0,0,0.0,0.0,53282.15,53308.4,52783.45,53710.35,0,0.0,0.0,0.0,0.0,-0.01,-1,-1,-0.01,-1,-1,-0.01,-1,-1,-0.01,-1,-1,-0.01,-1,-1,-0.01,-1,-1,-0.01,-1,-1,-0.01,-1,-1,-0.01,-1,-1,-0.01,-1,-1
99926009,2026-05-18 11:41:12+05:30,53196.0,0,0.0,0,0.0,0.0,53282.15,53308.4,52783.45,53710.35,0,0.0,0.0,0.0,0.0,-0.01,-1,-1,-0.01,-1,-1,-0.01,-1,-1,-0.01,-1,-1,-0.01,-1,-1,-0.01,-1,-1,-0.01,-1,-1,-0.01,-1,-1,-0.01,-1,-1,-0.01,-1,-1
99926009,2026-05-18 11:41:12+05:30,53195.65,0,0.0,0,0.0,0.0,53282.15,53308.4,52783.45,53710.35,0,0.0,0.0,0.0,0.0,-0.01,-1,-1,-0.01,-1,-1,-0.01,-1,-1,-0.01,-1,-1,-0.01,-1,-1,-0.01,-1,-1,-0.01,-1,-1,-0.01,-1,-1,-0.01,-1,-1,-0.01,-1,-1
99926009,2026-05-18 11:41:13+05:30,53196.85,0,0.0,0,0.0,0.0,53282.15,53308.4,52783.45,53710.35,0,0.0,0.0,0.0,0.0,-0.01,-1,-1,-0.01,-1,-1,-0.01,-1,-1,-0.01,-1,-1,-0.01,-1,-1,-0.01,-1,-1,-0.01,-1,-1,-0.01,-1,-1,-0.01,-1,-1,-0.01,-1,-1
99926009,2026-05-18 11:41:13+05:30,53197.35,0,0.0,0,0.0,0.0,53282.15,53308.4,52783.45,53710.35,0,0.0,0.0,0.0,0.0,-0.01,-1,-1,-0.01,-1,-1,-0.01,-1,-1,-0.01,-1,-1,-0.01,-1,-1,-0.01,-1,-1,-0.01,-1,-1,-0.01,-1,-1,-0.01,-1,-1,-0.01,-1,-1
99926009,2026-05-18 11:41:14+05:30,53196.8,0,0.0,0,0.0,0.0,53282.15,53308.4,52783.45,53710.35,0,0.0,0.0,0.0,0.0,-0.01,-1,-1,-0.01,-1,-1,-0.01,-1,-1,-0.01,-1,-1,-0.01,-1,-1,-0.01,-1,-1,-0.01,-1,-1,-0.01,-1,-1,-0.01,-1,-1,-0.01,-1,-1
99926009,2026-05-18 11:41:14+05:30,53196.15,0,0.0,0,0.0,0.0,53282.15,53308.4,52783.45,53710.35,0,0.0,0.0,0.0,0.0,-0.01,-1,-1,-0.01,-1,-1,-0.01,-1,-1,-0.01,-1,-1,-0.01,-1,-1,-0.01,-1,-1,-0.01,-1,-1,-0.01,-1,-1,-0.01,-1,-1,-0.01,-1,-1
99926009,2026-05-18 11:41:15+05:30,53195.6,0,0.0,0,0.0,0.0,53282.15,53308.4,52783.45,53710.35,0,0.0,0.0,0.0,0.0,-0.01,-1,-1,-0.01,-1,-1,-0.01,-1,-1,-0.01,-1,-1,-0.01,-1,-1,-0.01,-1,-1,-0.01,-1,-1,-0.01,-1,-1,-0.01,-1,-1,-0.01,-1,-1
99926009,2026-05-18 11:41:15+05:30,53196.55,0,0.0,0,0.0,0.0,53282.15,53308.4,52783.45,53710.35,0,0.0,0.0,0.0,0.0,-0.01,-1,-1,-0.01,-1,-1,-0.01,-1,-1,-0.01,-1,-1,-0.01,-1,-1,-0.01,-1,-1,-0.01,-1,-1,-0.01,-1,-1,-0.01,-1,-1,-0.01,-1,-1
99926009,2026-05-18 11:41:16+05:30,53198.5,0,0.0,0,0.0,0.0,53282.15,53308.4,52783.45,53710.35,0,0.0,0.0,0.0,0.0,-0.01,-1,-1,-0.01,-1,-1,-0.01,-1,-1,-0.01,-1,-1,-0.01,-1,-1,-0.01,-1,-1,-0.01,-1,-1,-0.01,-1,-1,-0.01,-1,-1,-0.01,-1,-1
99926009,2026-05-18 11:41:16+05:30,53195.2,0,0.0,0,0.0,0.0,53282.15,53308.4,52783.45,53710.35,0,0.0,0.0,0.0,0.0,-0.01,-1,-1,-0.01,-1,-1,-0.01,-1,-1,-0.01,-1,-1,-0.01,-1,-1,-0.01,-1,-1,-0.01,-1,-1,-0.01,-1,-1,-0.01,-1,-1,-0.01,-1,-1
99926009,2026-05-18 11:41:17+05:30,53199.0,0,0.0,0,0.0,0.0,53282.15,53308.4,52783.45,53710.35,0,0.0,0.0,0.0,0.0,-0.01,-1,-1,-0.01,-1,-1,-0.01,-1,-1,-0.01,-1,-1,-0.01,-1,-1,-0.01,-1,-1,-0.01,-1,-1,-0.01,-1,-1,-0.01,-1,-1,-0.01,-1,-1
99926009,2026-05-18 11:41:17+05:30,53194.9,0,0.0,0,0.0,0.0,53282.15,53308.4,52783.45,53710.35,0,0.0,0.0,0.0,0.0,-0.01,-1,-1,-0.01,-1,-1,-0.01,-1,-1,-0.01,-1,-1,-0.01,-1,-1,-0.01,-1,-1,-0.01,-1,-1,-0.01,-1,-1,-0.01,-1,-1,-0.01,-1,-1
99926009,2026-05-18 11:41:18+05:30,53195.25,0,0.0,0,0.0,0.0,53282.15,53308.4,52783.45,53710.35,0,0.0,0.0,0.0,0.0,-0.01,-1,-1,-0.01,-1,-1,-0.01,-1,-1,-0.01,-1,-1,-0.01,-1,-1,-0.01,-1,-1,-0.01,-1,-1,-0.01,-1,-1,-0.01,-1,-1,-0.01,-1,-1
99926009,2026-05-18 11:41:18+05:30,53197.5,0,0.0,0,0.0,0.0,53282.15,53308.4,52783.45,53710.35,0,0.0,0.0,0.0,0.0,-0.01,-1,-1,-0.01,-1,-1,-0.01,-1,-1,-0.01,-1,-1,-0.01,-1,-1,-0.01,-1,-1,-0.01,-1,-1,-0.01,-1,-1,-0.01,-1,-1,-0.01,-1,-1
99926009,2026-05-18 11:41:19+05:30,53196.45,0,0.0,0,0.0,0.0,53282.15,53308.4,52783.45,53710.35,0,0.0,0.0,0.0,0.0,-0.01,-1,-1,-0.01,-1,-1,-0.01,-1,-1,-0.01,-1,-1,-0.01,-1,-1,-0.01,-1,-1,-0.01,-1,-1,-0.01,-1,-1,-0.01,-1,-1,-0.01,-1,-1
99926009,2026-05-18 11:41:19+05:30,53197.6,0,0.0,0,0.0,0.0,53282.15,53308.4,52783.45,53710.35,0,0.0,0.0,0.0,0.0,-0.01,-1,-1,-0.01,-1,-1,-0.01,-1,-1,-0.01,-1,-1,-0.01,-1,-1,-0.01,-1,-1,-0.01,-1,-1,-0.01,-1,-1,-0.01,-1,-1,-0.01,-1,-1
99926009,2026-05-18 11:41:20+05:30,53194.85,0,0.0,0,0.0,0.0,53282.15,53308.4,52783.45,53710.35,0,0.0,0.0,0.0,0.0,-0.01,-1,-1,-0.01,-1,-1,-0.01,-1,-1,-0.01,-1,-1,-0.01,-1,-1,-0.01,-1,-1,-0.01,-1,-1,-0.01,-1,-1,-0.01,-1,-1,-0.01,-1,-1
99926009,2026-05-18 11:41:20+05:30,53193.55,0,0.0,0,0.0,0.0,53282.15,53308.4,52783.45,53710.35,0,0.0,0.0,0.0,0.0,-0.01,-1,-1,-0.01,-1,-1,-0.01,-1,-1,-0.01,-1,-1,-0.01,-1,-1,-0.01,-1,-1,-0.01,-1,-1,-0.01,-1,-1,-0.01,-1,-1,-0.01,-1,-1
99926009,2026-05-18 11:41:21+05:30,53198.05,0,0.0,0,0.0,0.0,53282.15,53308.4,52783.45,53710.35,0,0.0,0.0,0.0,0.0,-0.01,-1,-1,-0.01,-1,-1,-0.01,-1,-1,-0.01,-1,-1,-0.01,-1,-1,-0.01,-1,-1,-0.01,-1,-1,-0.01,-1,-1,-0.01,-1,-1,-0.01,-1,-1
99926009,2026-05-18 11:41:21+05:30,53200.7,0,0.0,0,0.0,0.0,53282.15,53308.4,52783.45,53710.35,0,0.0,0.0,0.0,0.0,-0.01,-1,-1,-0.01,-1,-1,-0.01,-1,-1,-0.01,-1,-1,-0.01,-1,-1,-0.01,-1,-1,-0.01,-1,-1,-0.01,-1,-1,-0.01,-1,-1,-0.01,-1,-1
99926009,2026-05-18 11:41:22+05:30,53196.9,0,0.0,0,0.0,0.0,53282.15,53308.4,52783.45,53710.35,0,0.0,0.0,0.0,0.0,-0.01,-1,-1,-0.01,-1,-1,-0.01,-1,-1,-0.01,-1,-1,-0.01,-1,-1,-0.01,-1,-1,-0.01,-1,-1,-0.01,-1,-1,-0.01,-1,-1,-0.01,-1,-1
99926009,2026-05-18 11:41:22+05:30,53197.65,0,0.0,0,0.0,0.0,53282.15,53308.4,52783.45,53710.35,0,0.0,0.0,0.0,0.0,-0.01,-1,-1,-0.01,-1,-1,-0.01,-1,-1,-0.01,-1,-1,-0.01,-1,-1,-0.01,-1,-1,-0.01,-1,-1,-0.01,-1,-1,-0.01,-1,-1,-0.01,-1,-1
99926009,2026-05-18 11:41:23+05:30,53198.55,0,0.0,0,0.0,0.0,53282.15,53308.4,52783.45,53710.35,0,0.0,0.0,0.0,0.0,-0.01,-1,-1,-0.01,-1,-1,-0.01,-1,-1,-0.01,-1,-1,-0.01,-1,-1,-0.01,-1,-1,-0.01,-1,-1,-0.01,-1,-1,-0.01,-1,-1,-0.01,-1,-1
99926009,2026-05-18 11:41:23+05:30,53200.4,0,0.0,0,0.0,0.0,53282.15,53308.4,52783.45,53710.35,0,0.0,0.0,0.0,0.0,-0.01,-1,-1,-0.01,-1,-1,-0.01,-1,-1,-0.01,-1,-1,-0.01,-1,-1,-0.01,-1,-1,-0.01,-1,-1,-0.01,-1,-1,-0.01,-1,-1,-0.01,-1,-1
99926009,2026-05-18 11:41:24+05:30,53197.1,0,0.0,0,0.0,0.0,53282.15,53308.4,52783.45,53710.35,0,0.0,0.0,0.0,0.0,-0.01,-1,-1,-0.01,-1,-1,-0.01,-1,-1,-0.01,-1,-1,-0.01,-1,-1,-0.01,-1,-1,-0.01,-1,-1,-0.01,-1,-1,-0.01,-1,-1,-0.01,-1,-1
99926009,2026-05-18 11:41:24+05:30,53196.75,0,0.0,0,0.0,0.0,53282.15,53308.4,52783.45,53710.35,0,0.0,0.0,0.0,0.0,-0.01,-1,-1,-0.01,-1,-1,-0.01,-1,-1,-0.01,-1,-1,-0.01,-1,-1,-0.01,-1,-1,-0.01,-1,-1,-0.01,-1,-1,-0.01,-1,-1,-0.01,-1,-1
99926009,2026-05-18 11:41:25+05:30,53198.4,0,0.0,0,0.0,0.0,53282.15,53308.4,52783.45,53710.35,0,0.0,0.0,0.0,0.0,-0.01,-1,-1,-0.01,-1,-1,-0.01,-1,-1,-0.01,-1,-1,-0.01,-1,-1,-0.01,-1,-1,-0.01,-1,-1,-0.01,-1,-1,-0.01,-1,-1,-0.01,-1,-1
99926009,2026-05-18 11:41:25+05:30,53199.35,0,0.0,0,0.0,0.0,53282.15,53308.4,52783.45,53710.35,0,0.0,0.0,0.0,0.0,-0.01,-1,-1,-0.01,-1,-1,-0.01,-1,-1,-0.01,-1,-1,-0.01,-1,-1,-0.01,-1,-1,-0.01,-1,-1,-0.01,-1,-1,-0.01,-1,-1,-0.01,-1,-1
99926009,2026-05-18 11:41:26+05:30,53198.65,0,0.0,0,0.0,0.0,53282.15,53308.4,52783.45,53710.35,0,0.0,0.0,0.0,0.0,-0.01,-1,-1,-0.01,-1,-1,-0.01,-1,-1,-0.01,-1,-1,-0.01,-1,-1,-0.01,-1,-1,-0.01,-1,-1,-0.01,-1,-1,-0.01,-1,-1,-0.01,-1,-1
99926009,2026-05-18 11:41:26+05:30,53198.6,0,0.0,0,0.0,0.0,53282.15,53308.4,52783.45,53710.35,0,0.0,0.0,0.0,0.0,-0.01,-1,-1,-0.01,-1,-1,-0.01,-1,-1,-0.01,-1,-1,-0.01,-1,-1,-0.01,-1,-1,-0.01,-1,-1,-0.01,-1,-1,-0.01,-1,-1,-0.01,-1,-1
99926009,2026-05-18 11:41:27+05:30,53200.0,0,0.0,0,0.0,0.0,53282.15,53308.4,52783.45,53710.35,0,0.0,0.0,0.0,0.0,-0.01,-1,-1,-0.01,-1,-1,-0.01,-1,-1,-0.01,-1,-1,-0.01,-1,-1,-0.01,-1,-1,-0.01,-1,-1,-0.01,-1,-1,-0.01,-1,-1,-0.01,-1,-1
99926009,2026-05-18 11:41:27+05:30,53198.05,0,0.0,0,0.0,0.0,53282.15,53308.4,52783.45,53710.35,0,0.0,0.0,0.0,0.0,-0.01,-1,-1,-0.01,-1,-1,-0.01,-1,-1,-0.01,-1,-1,-0.01,-1,-1,-0.01,-1,-1,-0.01,-1,-1,-0.01,-1,-1,-0.01,-1,-1,-0.01,-1,-1
99926009,2026-05-18 11:41:28+05:30,53196.95,0,0.0,0,0.0,0.0,53282.15,53308.4,52783.45,53710.35,0,0.0,0.0,0.0,0.0,-0.01,-1,-1,-0.01,-1,-1,-0.01,-1,-1,-0.01,-1,-1,-0.01,-1,-1,-0.01,-1,-1,-0.01,-1,-1,-0.01,-1,-1,-0.01,-1,-1,-0.01,-1,-1
99926009,2026-05-18 11:41:28+05:30,53196.15,0,0.0,0,0.0,0.0,53282.15,53308.4,52783.45,53710.35,0,0.0,0.0,0.0,0.0,-0.01,-1,-1,-0.01,-1,-1,-0.01,-1,-1,-0.01,-1,-1,-0.01,-1,-1,-0.01,-1,-1,-0.01,-1,-1,-0.01,-1,-1,-0.01,-1,-1,-0.01,-1,-1
99926009,2026-05-18 11:41:29+05:30,53196.6,0,0.0,0,0.0,0.0,53282.15,53308.4,52783.45,53710.35,0,0.0,0.0,0.0,0.0,-0.01,-1,-1,-0.01,-1,-1,-0.01,-1,-1,-0.01,-1,-1,-0.01,-1,-1,-0.01,-1,-1,-0.01,-1,-1,-0.01,-1,-1,-0.01,-1,-1,-0.01,-1,-1
99926009,2026-05-18 11:41:29+05:30,53194.25,0,0.0,0,0.0,0.0,53282.15,53308.4,52783.45,53710.35,0,0.0,0.0,0.0,0.0,-0.01,-1,-1,-0.01,-1,-1,-0.01,-1,-1,-0.01,-1,-1,-0.01,-1,-1,-0.01,-1,-1,-0.01,-1,-1,-0.01,-1,-1,-0.01,-1,-1,-0.01,-1,-1
99926009,2026-05-18 11:41:30+05:30,53194.2,0,0.0,0,0.0,0.0,53282.15,53308.4,52783.45,53710.35,0,0.0,0.0,0.0,0.0,-0.01,-1,-1,-0.01,-1,-1,-0.01,-1,-1,-0.01,-1,-1,-0.01,-1,-1,-0.01,-1,-1,-0.01,-1,-1,-0.01,-1,-1,-0.01,-1,-1,-0.01,-1,-1
99926009,2026-05-18 11:41:30+05:30,53189.3,0,0.0,0,0.0,0.0,53282.15,53308.4,52783.45,53710.35,0,0.0,0.0,0.0,0.0,-0.01,-1,-1,-0.01,-1,-1,-0.01,-1,-1,-0.01,-1,-1,-0.01,-1,-1,-0.01,-1,-1,-0.01,-1,-1,-0.01,-1,-1,-0.01,-1,-1,-0.01,-1,-1
99926009,2026-05-18 11:41:31+05:30,53192.05,0,0.0,0,0.0,0.0,53282.15,53308.4,52783.45,53710.35,0,0.0,0.0,0.0,0.0,-0.01,-1,-1,-0.01,-1,-1,-0.01,-1,-1,-0.01,-1,-1,-0.01,-1,-1,-0.01,-1,-1,-0.01,-1,-1,-0.01,-1,-1,-0.01,-1,-1,-0.01,-1,-1
99926009,2026-05-18 11:41:31+05:30,53191.55,0,0.0,0,0.0,0.0,53282.15,53308.4,52783.45,53710.35,0,0.0,0.0,0.0,0.0,-0.01,-1,-1,-0.01,-1,-1,-0.01,-1,-1,-0.01,-1,-1,-0.01,-1,-1,-0.01,-1,-1,-0.01,-1,-1,-0.01,-1,-1,-0.01,-1,-1,-0.01,-1,-1
99926009,2026-05-18 11:41:32+05:30,53190.45,0,0.0,0,0.0,0.0,53282.15,53308.4,52783.45,53710.35,0,0.0,0.0,0.0,0.0,-0.01,-1,-1,-0.01,-1,-1,-0.01,-1,-1,-0.01,-1,-1,-0.01,-1,-1,-0.01,-1,-1,-0.01,-1,-1,-0.01,-1,-1,-0.01,-1,-1,-0.01,-1,-1
99926009,2026-05-18 11:41:32+05:30,53188.3,0,0.0,0,0.0,0.0,53282.15,53308.4,52783.45,53710.35,0,0.0,0.0,0.0,0.0,-0.01,-1,-1,-0.01,-1,-1,-0.01,-1,-1,-0.01,-1,-1,-0.01,-1,-1,-0.01,-1,-1,-0.01,-1,-1,-0.01,-1,-1,-0.01,-1,-1,-0.01,-1,-1
99926009,2026-05-18 11:41:33+05:30,53184.55,0,0.0,0,0.0,0.0,53282.15,53308.4,52783.45,53710.35,0,0.0,0.0,0.0,0.0,-0.01,-1,-1,-0.01,-1,-1,-0.01,-1,-1,-0.01,-1,-1,-0.01,-1,-1,-0.01,-1,-1,-0.01,-1,-1,-0.01,-1,-1,-0.01,-1,-1,-0.01,-1,-1
99926009,2026-05-18 11:41:33+05:30,53183.0,0,0.0,0,0.0,0.0,53282.15,53308.4,52783.45,53710.35,0,0.0,0.0,0.0,0.0,-0.01,-1,-1,-0.01,-1,-1,-0.01,-1,-1,-0.01,-1,-1,-0.01,-1,-1,-0.01,-1,-1,-0.01,-1,-1,-0.01,-1,-1,-0.01,-1,-1,-0.01,-1,-1
99926009,2026-05-18 11:41:34+05:30,53184.75,0,0.0,0,0.0,0.0,53282.15,53308.4,52783.45,53710.35,0,0.0,0.0,0.0,0.0,-0.01,-1,-1,-0.01,-1,-1,-0.01,-1,-1,-0.01,-1,-1,-0.01,-1,-1,-0.01,-1,-1,-0.01,-1,-1,-0.01,-1,-1,-0.01,-1,-1,-0.01,-1,-1
99926009,2026-05-18 11:41:34+05:30,53186.15,0,0.0,0,0.0,0.0,53282.15,53308.4,52783.45,53710.35,0,0.0,0.0,0.0,0.0,-0.01,-1,-1,-0.01,-1,-1,-0.01,-1,-1,-0.01,-1,-1,-0.01,-1,-1,-0.01,-1,-1,-0.01,-1,-1,-0.01,-1,-1,-0.01,-1,-1,-0.01,-1,-1
99926009,2026-05-18 11:41:35+05:30,53185.1,0,0.0,0,0.0,0.0,53282.15,53308.4,52783.45,53710.35,0,0.0,0.0,0.0,0.0,-0.01,-1,-1,-0.01,-1,-1,-0.01,-1,-1,-0.01,-1,-1,-0.01,-1,-1,-0.01,-1,-1,-0.01,-1,-1,-0.01,-1,-1,-0.01,-1,-1,-0.01,-1,-1
99926009,2026-05-18 11:41:35+05:30,53188.5,0,0.0,0,0.0,0.0,53282.15,53308.4,52783.45,53710.35,0,0.0,0.0,0.0,0.0,-0.01,-1,-1,-0.01,-1,-1,-0.01,-1,-1,-0.01,-1,-1,-0.01,-1,-1,-0.01,-1,-1,-0.01,-1,-1,-0.01,-1,-1,-0.01,-1,-1,-0.01,-1,-1
99926009,2026-05-18 11:41:36+05:30,53187.8,0,0.0,0,0.0,0.0,53282.15,53308.4,52783.45,53710.35,0,0.0,0.0,0.0,0.0,-0.01,-1,-1,-0.01,-1,-1,-0.01,-1,-1,-0.01,-1,-1,-0.01,-1,-1,-0.01,-1,-1,-0.01,-1,-1,-0.01,-1,-1,-0.01,-1,-1,-0.01,-1,-1
99926009,2026-05-18 11:41:36+05:30,53188.3,0,0.0,0,0.0,0.0,53282.15,53308.4,52783.45,53710.35,0,0.0,0.0,0.0,0.0,-0.01,-1,-1,-0.01,-1,-1,-0.01,-1,-1,-0.01,-1,-1,-0.01,-1,-1,-0.01,-1,-1,-0.01,-1,-1,-0.01,-1,-1,-0.01,-1,-1,-0.01,-1,-1
99926009,2026-05-18 11:41:37+05:30,53187.65,0,0.0,0,0.0,0.0,53282.15,53308.4,52783.45,53710.35,0,0.0,0.0,0.0,0.0,-0.01,-1,-1,-0.01,-1,-1,-0.01,-1,-1,-0.01,-1,-1,-0.01,-1,-1,-0.01,-1,-1,-0.01,-1,-1,-0.01,-1,-1,-0.01,-1,-1,-0.01,-1,-1
99926009,2026-05-18 11:41:37+05:30,53186.1,0,0.0,0,0.0,0.0,53282.15,53308.4,52783.45,53710.35,0,0.0,0.0,0.0,0.0,-0.01,-1,-1,-0.01,-1,-1,-0.01,-1,-1,-0.01,-1,-1,-0.01,-1,-1,-0.01,-1,-1,-0.01,-1,-1,-0.01,-1,-1,-0.01,-1,-1,-0.01,-1,-1
99926009,2026-05-18 11:41:38+05:30,53183.25,0,0.0,0,0.0,0.0,53282.15,53308.4,52783.45,53710.35,0,0.0,0.0,0.0,0.0,-0.01,-1,-1,-0.01,-1,-1,-0.01,-1,-1,-0.01,-1,-1,-0.01,-1,-1,-0.01,-1,-1,-0.01,-1,-1,-0.01,-1,-1,-0.01,-1,-1,-0.01,-1,-1
99926009,2026-05-18 11:41:38+05:30,53183.1,0,0.0,0,0.0,0.0,53282.15,53308.4,52783.45,53710.35,0,0.0,0.0,0.0,0.0,-0.01,-1,-1,-0.01,-1,-1,-0.01,-1,-1,-0.01,-1,-1,-0.01,-1,-1,-0.01,-1,-1,-0.01,-1,-1,-0.01,-1,-1,-0.01,-1,-1,-0.01,-1,-1
99926009,2026-05-18 11:41:39+05:30,53183.7,0,0.0,0,0.0,0.0,53282.15,53308.4,52783.45,53710.35,0,0.0,0.0,0.0,0.0,-0.01,-1,-1,-0.01,-1,-1,-0.01,-1,-1,-0.01,-1,-1,-0.01,-1,-1,-0.01,-1,-1,-0.01,-1,-1,-0.01,-1,-1,-0.01,-1,-1,-0.01,-1,-1
99926009,2026-05-18 11:41:39+05:30,53182.45,0,0.0,0,0.0,0.0,53282.15,53308.4,52783.45,53710.35,0,0.0,0.0,0.0,0.0,-0.01,-1,-1,-0.01,-1,-1,-0.01,-1,-1,-0.01,-1,-1,-0.01,-1,-1,-0.01,-1,-1,-0.01,-1,-1,-0.01,-1,-1,-0.01,-1,-1,-0.01,-1,-1
99926009,2026-05-18 11:41:40+05:30,53185.6,0,0.0,0,0.0,0.0,53282.15,53308.4,52783.45,53710.35,0,0.0,0.0,0.0,0.0,-0.01,-1,-1,-0.01,-1,-1,-0.01,-1,-1,-0.01,-1,-1,-0.01,-1,-1,-0.01,-1,-1,-0.01,-1,-1,-0.01,-1,-1,-0.01,-1,-1,-0.01,-1,-1
99926009,2026-05-18 11:41:40+05:30,53186.9,0,0.0,0,0.0,0.0,53282.15,53308.4,52783.45,53710.35,0,0.0,0.0,0.0,0.0,-0.01,-1,-1,-0.01,-1,-1,-0.01,-1,-1,-0.01,-1,-1,-0.01,-1,-1,-0.01,-1,-1,-0.01,-1,-1,-0.01,-1,-1,-0.01,-1,-1,-0.01,-1,-1
99926009,2026-05-18 11:41:41+05:30,53180.5,0,0.0,0,0.0,0.0,53282.15,53308.4,52783.45,53710.35,0,0.0,0.0,0.0,0.0,-0.01,-1,-1,-0.01,-1,-1,-0.01,-1,-1,-0.01,-1,-1,-0.01,-1,-1,-0.01,-1,-1,-0.01,-1,-1,-0.01,-1,-1,-0.01,-1,-1,-0.01,-1,-1
99926009,2026-05-18 11:41:41+05:30,53184.25,0,0.0,0,0.0,0.0,53282.15,53308.4,52783.45,53710.35,0,0.0,0.0,0.0,0.0,-0.01,-1,-1,-0.01,-1,-1,-0.01,-1,-1,-0.01,-1,-1,-0.01,-1,-1,-0.01,-1,-1,-0.01,-1,-1,-0.01,-1,-1,-0.01,-1,-1,-0.01,-1,-1
99926009,2026-05-18 11:41:42+05:30,53185.25,0,0.0,0,0.0,0.0,53282.15,53308.4,52783.45,53710.35,0,0.0,0.0,0.0,0.0,-0.01,-1,-1,-0.01,-1,-1,-0.01,-1,-1,-0.01,-1,-1,-0.01,-1,-1,-0.01,-1,-1,-0.01,-1,-1,-0.01,-1,-1,-0.01,-1,-1,-0.01,-1,-1
99926009,2026-05-18 11:41:42+05:30,53186.15,0,0.0,0,0.0,0.0,53282.15,53308.4,52783.45,53710.35,0,0.0,0.0,0.0,0.0,-0.01,-1,-1,-0.01,-1,-1,-0.01,-1,-1,-0.01,-1,-1,-0.01,-1,-1,-0.01,-1,-1,-0.01,-1,-1,-0.01,-1,-1,-0.01,-1,-1,-0.01,-1,-1
99926009,2026-05-18 11:41:43+05:30,53187.35,0,0.0,0,0.0,0.0,53282.15,53308.4,52783.45,53710.35,0,0.0,0.0,0.0,0.0,-0.01,-1,-1,-0.01,-1,-1,-0.01,-1,-1,-0.01,-1,-1,-0.01,-1,-1,-0.01,-1,-1,-0.01,-1,-1,-0.01,-1,-1,-0.01,-1,-1,-0.01,-1,-1
99926009,2026-05-18 11:41:43+05:30,53188.5,0,0.0,0,0.0,0.0,53282.15,53308.4,52783.45,53710.35,0,0.0,0.0,0.0,0.0,-0.01,-1,-1,-0.01,-1,-1,-0.01,-1,-1,-0.01,-1,-1,-0.01,-1,-1,-0.01,-1,-1,-0.01,-1,-1,-0.01,-1,-1,-0.01,-1,-1,-0.01,-1,-1
99926009,2026-05-18 11:41:44+05:30,53188.8,0,0.0,0,0.0,0.0,53282.15,53308.4,52783.45,53710.35,0,0.0,0.0,0.0,0.0,-0.01,-1,-1,-0.01,-1,-1,-0.01,-1,-1,-0.01,-1,-1,-0.01,-1,-1,-0.01,-1,-1,-0.01,-1,-1,-0.01,-1,-1,-0.01,-1,-1,-0.01,-1,-1
99926009,2026-05-18 11:41:44+05:30,53190.3,0,0.0,0,0.0,0.0,53282.15,53308.4,52783.45,53710.35,0,0.0,0.0,0.0,0.0,-0.01,-1,-1,-0.01,-1,-1,-0.01,-1,-1,-0.01,-1,-1,-0.01,-1,-1,-0.01,-1,-1,-0.01,-1,-1,-0.01,-1,-1,-0.01,-1,-1,-0.01,-1,-1
99926009,2026-05-18 11:41:45+05:30,53190.8,0,0.0,0,0.0,0.0,53282.15,53308.4,52783.45,53710.35,0,0.0,0.0,0.0,0.0,-0.01,-1,-1,-0.01,-1,-1,-0.01,-1,-1,-0.01,-1,-1,-0.01,-1,-1,-0.01,-1,-1,-0.01,-1,-1,-0.01,-1,-1,-0.01,-1,-1,-0.01,-1,-1
99926009,2026-05-18 11:41:45+05:30,53191.7,0,0.0,0,0.0,0.0,53282.15,53308.4,52783.45,53710.35,0,0.0,0.0,0.0,0.0,-0.01,-1,-1,-0.01,-1,-1,-0.01,-1,-1,-0.01,-1,-1,-0.01,-1,-1,-0.01,-1,-1,-0.01,-1,-1,-0.01,-1,-1,-0.01,-1,-1,-0.01,-1,-1
99926009,2026-05-18 11:41:46+05:30,53193.35,0,0.0,0,0.0,0.0,53282.15,53308.4,52783.45,53710.35,0,0.0,0.0,0.0,0.0,-0.01,-1,-1,-0.01,-1,-1,-0.01,-1,-1,-0.01,-1,-1,-0.01,-1,-1,-0.01,-1,-1,-0.01,-1,-1,-0.01,-1,-1,-0.01,-1,-1,-0.01,-1,-1
99926009,2026-05-18 11:41:46+05:30,53192.75,0,0.0,0,0.0,0.0,53282.15,53308.4,52783.45,53710.35,0,0.0,0.0,0.0,0.0,-0.01,-1,-1,-0.01,-1,-1,-0.01,-1,-1,-0.01,-1,-1,-0.01,-1,-1,-0.01,-1,-1,-0.01,-1,-1,-0.01,-1,-1,-0.01,-1,-1,-0.01,-1,-1
99926009,2026-05-18 11:41:47+05:30,53193.25,0,0.0,0,0.0,0.0,53282.15,53308.4,52783.45,53710.35,0,0.0,0.0,0.0,0.0,-0.01,-1,-1,-0.01,-1,-1,-0.01,-1,-1,-0.01,-1,-1,-0.01,-1,-1,-0.01,-1,-1,-0.01,-1,-1,-0.01,-1,-1,-0.01,-1,-1,-0.01,-1,-1
99926009,2026-05-18 11:41:47+05:30,53188.6,0,0.0,0,0.0,0.0,53282.15,53308.4,52783.45,53710.35,0,0.0,0.0,0.0,0.0,-0.01,-1,-1,-0.01,-1,-1,-0.01,-1,-1,-0.01,-1,-1,-0.01,-1,-1,-0.01,-1,-1,-0.01,-1,-1,-0.01,-1,-1,-0.01,-1,-1,-0.01,-1,-1
99926009,2026-05-18 11:41:48+05:30,53189.7,0,0.0,0,0.0,0.0,53282.15,53308.4,52783.45,53710.35,0,0.0,0.0,0.0,0.0,-0.01,-1,-1,-0.01,-1,-1,-0.01,-1,-1,-0.01,-1,-1,-0.01,-1,-1,-0.01,-1,-1,-0.01,-1,-1,-0.01,-1,-1,-0.01,-1,-1,-0.01,-1,-1
99926009,2026-05-18 11:41:48+05:30,53191.95,0,0.0,0,0.0,0.0,53282.15,53308.4,52783.45,53710.35,0,0.0,0.0,0.0,0.0,-0.01,-1,-1,-0.01,-1,-1,-0.01,-1,-1,-0.01,-1,-1,-0.01,-1,-1,-0.01,-1,-1,-0.01,-1,-1,-0.01,-1,-1,-0.01,-1,-1,-0.01,-1,-1
99926009,2026-05-18 11:41:49+05:30,53190.2,0,0.0,0,0.0,0.0,53282.15,53308.4,52783.45,53710.35,0,0.0,0.0,0.0,0.0,-0.01,-1,-1,-0.01,-1,-1,-0.01,-1,-1,-0.01,-1,-1,-0.01,-1,-1,-0.01,-1,-1,-0.01,-1,-1,-0.01,-1,-1,-0.01,-1,-1,-0.01,-1,-1
99926009,2026-05-18 11:41:49+05:30,53193.4,0,0.0,0,0.0,0.0,53282.15,53308.4,52783.45,53710.35,0,0.0,0.0,0.0,0.0,-0.01,-1,-1,-0.01,-1,-1,-0.01,-1,-1,-0.01,-1,-1,-0.01,-1,-1,-0.01,-1,-1,-0.01,-1,-1,-0.01,-1,-1,-0.01,-1,-1,-0.01,-1,-1
99926009,2026-05-18 11:41:50+05:30,53191.65,0,0.0,0,0.0,0.0,53282.15,53308.4,52783.45,53710.35,0,0.0,0.0,0.0,0.0,-0.01,-1,-1,-0.01,-1,-1,-0.01,-1,-1,-0.01,-1,-1,-0.01,-1,-1,-0.01,-1,-1,-0.01,-1,-1,-0.01,-1,-1,-0.01,-1,-1,-0.01,-1,-1
99926009,2026-05-18 11:41:50+05:30,53193.55,0,0.0,0,0.0,0.0,53282.15,53308.4,52783.45,53710.35,0,0.0,0.0,0.0,0.0,-0.01,-1,-1,-0.01,-1,-1,-0.01,-1,-1,-0.01,-1,-1,-0.01,-1,-1,-0.01,-1,-1,-0.01,-1,-1,-0.01,-1,-1,-0.01,-1,-1,-0.01,-1,-1
99926009,2026-05-18 11:41:51+05:30,53192.7,0,0.0,0,0.0,0.0,53282.15,53308.4,52783.45,53710.35,0,0.0,0.0,0.0,0.0,-0.01,-1,-1,-0.01,-1,-1,-0.01,-1,-1,-0.01,-1,-1,-0.01,-1,-1,-0.01,-1,-1,-0.01,-1,-1,-0.01,-1,-1,-0.01,-1,-1,-0.01,-1,-1
99926009,2026-05-18 11:41:51+05:30,53193.4,0,0.0,0,0.0,0.0,53282.15,53308.4,52783.45,53710.35,0,0.0,0.0,0.0,0.0,-0.01,-1,-1,-0.01,-1,-1,-0.01,-1,-1,-0.01,-1,-1,-0.01,-1,-1,-0.01,-1,-1,-0.01,-1,-1,-0.01,-1,-1,-0.01,-1,-1,-0.01,-1,-1
99926009,2026-05-18 11:41:52+05:30,53191.8,0,0.0,0,0.0,0.0,53282.15,53308.4,52783.45,53710.35,0,0.0,0.0,0.0,0.0,-0.01,-1,-1,-0.01,-1,-1,-0.01,-1,-1,-0.01,-1,-1,-0.01,-1,-1,-0.01,-1,-1,-0.01,-1,-1,-0.01,-1,-1,-0.01,-1,-1,-0.01,-1,-1
99926009,2026-05-18 11:41:52+05:30,53190.5,0,0.0,0,0.0,0.0,53282.15,53308.4,52783.45,53710.35,0,0.0,0.0,0.0,0.0,-0.01,-1,-1,-0.01,-1,-1,-0.01,-1,-1,-0.01,-1,-1,-0.01,-1,-1,-0.01,-1,-1,-0.01,-1,-1,-0.01,-1,-1,-0.01,-1,-1,-0.01,-1,-1
99926009,2026-05-18 11:41:53+05:30,53190.85,0,0.0,0,0.0,0.0,53282.15,53308.4,52783.45,53710.35,0,0.0,0.0,0.0,0.0,-0.01,-1,-1,-0.01,-1,-1,-0.01,-1,-1,-0.01,-1,-1,-0.01,-1,-1,-0.01,-1,-1,-0.01,-1,-1,-0.01,-1,-1,-0.01,-1,-1,-0.01,-1,-1
99926009,2026-05-18 11:41:53+05:30,53191.4,0,0.0,0,0.0,0.0,53282.15,53308.4,52783.45,53710.35,0,0.0,0.0,0.0,0.0,-0.01,-1,-1,-0.01,-1,-1,-0.01,-1,-1,-0.01,-1,-1,-0.01,-1,-1,-0.01,-1,-1,-0.01,-1,-1,-0.01,-1,-1,-0.01,-1,-1,-0.01,-1,-1
99926009,2026-05-18 11:41:54+05:30,53193.0,0,0.0,0,0.0,0.0,53282.15,53308.4,52783.45,53710.35,0,0.0,0.0,0.0,0.0,-0.01,-1,-1,-0.01,-1,-1,-0.01,-1,-1,-0.01,-1,-1,-0.01,-1,-1,-0.01,-1,-1,-0.01,-1,-1,-0.01,-1,-1,-0.01,-1,-1,-0.01,-1,-1
99926009,2026-05-18 11:41:54+05:30,53193.85,0,0.0,0,0.0,0.0,53282.15,53308.4,52783.45,53710.35,0,0.0,0.0,0.0,0.0,-0.01,-1,-1,-0.01,-1,-1,-0.01,-1,-1,-0.01,-1,-1,-0.01,-1,-1,-0.01,-1,-1,-0.01,-1,-1,-0.01,-1,-1,-0.01,-1,-1,-0.01,-1,-1
99926009,2026-05-18 11:41:55+05:30,53190.45,0,0.0,0,0.0,0.0,53282.15,53308.4,52783.45,53710.35,0,0.0,0.0,0.0,0.0,-0.01,-1,-1,-0.01,-1,-1,-0.01,-1,-1,-0.01,-1,-1,-0.01,-1,-1,-0.01,-1,-1,-0.01,-1,-1,-0.01,-1,-1,-0.01,-1,-1,-0.01,-1,-1
99926009,2026-05-18 11:41:55+05:30,53192.0,0,0.0,0,0.0,0.0,53282.15,53308.4,52783.45,53710.35,0,0.0,0.0,0.0,0.0,-0.01,-1,-1,-0.01,-1,-1,-0.01,-1,-1,-0.01,-1,-1,-0.01,-1,-1,-0.01,-1,-1,-0.01,-1,-1,-0.01,-1,-1,-0.01,-1,-1,-0.01,-1,-1
99926009,2026-05-18 11:41:56+05:30,53190.7,0,0.0,0,0.0,0.0,53282.15,53308.4,52783.45,53710.35,0,0.0,0.0,0.0,0.0,-0.01,-1,-1,-0.01,-1,-1,-0.01,-1,-1,-0.01,-1,-1,-0.01,-1,-1,-0.01,-1,-1,-0.01,-1,-1,-0.01,-1,-1,-0.01,-1,-1,-0.01,-1,-1
99926009,2026-05-18 11:41:56+05:30,53187.6,0,0.0,0,0.0,0.0,53282.15,53308.4,52783.45,53710.35,0,0.0,0.0,0.0,0.0,-0.01,-1,-1,-0.01,-1,-1,-0.01,-1,-1,-0.01,-1,-1,-0.01,-1,-1,-0.01,-1,-1,-0.01,-1,-1,-0.01,-1,-1,-0.01,-1,-1,-0.01,-1,-1
99926009,2026-05-18 11:41:57+05:30,53191.4,0,0.0,0,0.0,0.0,53282.15,53308.4,52783.45,53710.35,0,0.0,0.0,0.0,0.0,-0.01,-1,-1,-0.01,-1,-1,-0.01,-1,-1,-0.01,-1,-1,-0.01,-1,-1,-0.01,-1,-1,-0.01,-1,-1,-0.01,-1,-1,-0.01,-1,-1,-0.01,-1,-1
99926009,2026-05-18 11:41:57+05:30,53189.5,0,0.0,0,0.0,0.0,53282.15,53308.4,52783.45,53710.35,0,0.0,0.0,0.0,0.0,-0.01,-1,-1,-0.01,-1,-1,-0.01,-1,-1,-0.01,-1,-1,-0.01,-1,-1,-0.01,-1,-1,-0.01,-1,-1,-0.01,-1,-1,-0.01,-1,-1,-0.01,-1,-1
99926009,2026-05-18 11:41:58+05:30,53189.3,0,0.0,0,0.0,0.0,53282.15,53308.4,52783.45,53710.35,0,0.0,0.0,0.0,0.0,-0.01,-1,-1,-0.01,-1,-1,-0.01,-1,-1,-0.01,-1,-1,-0.01,-1,-1,-0.01,-1,-1,-0.01,-1,-1,-0.01,-1,-1,-0.01,-1,-1,-0.01,-1,-1
99926009,2026-05-18 11:41:58+05:30,53187.55,0,0.0,0,0.0,0.0,53282.15,53308.4,52783.45,53710.35,0,0.0,0.0,0.0,0.0,-0.01,-1,-1,-0.01,-1,-1,-0.01,-1,-1,-0.01,-1,-1,-0.01,-1,-1,-0.01,-1,-1,-0.01,-1,-1,-0.01,-1,-1,-0.01,-1,-1,-0.01,-1,-1
99926009,2026-05-18 11:41:59+05:30,53190.05,0,0.0,0,0.0,0.0,53282.15,53308.4,52783.45,53710.35,0,0.0,0.0,0.0,0.0,-0.01,-1,-1,-0.01,-1,-1,-0.01,-1,-1,-0.01,-1,-1,-0.01,-1,-1,-0.01,-1,-1,-0.01,-1,-1,-0.01,-1,-1,-0.01,-1,-1,-0.01,-1,-1
99926009,2026-05-18 11:41:59+05:30,53189.55,0,0.0,0,0.0,0.0,53282.15,53308.4,52783.45,53710.35,0,0.0,0.0,0.0,0.0,-0.01,-1,-1,-0.01,-1,-1,-0.01,-1,-1,-0.01,-1,-1,-0.01,-1,-1,-0.01,-1,-1,-0.01,-1,-1,-0.01,-1,-1,-0.01,-1,-1,-0.01,-1,-1
99926009,2026-05-18 11:42:00+05:30,53191.55,0,0.0,0,0.0,0.0,53282.15,53308.4,52783.45,53710.35,0,0.0,0.0,0.0,0.0,-0.01,-1,-1,-0.01,-1,-1,-0.01,-1,-1,-0.01,-1,-1,-0.01,-1,-1,-0.01,-1,-1,-0.01,-1,-1,-0.01,-1,-1,-0.01,-1,-1,-0.01,-1,-1
99926009,2026-05-18 11:42:00+05:30,53192.65,0,0.0,0,0.0,0.0,53282.15,53308.4,52783.45,53710.35,0,0.0,0.0,0.0,0.0,-0.01,-1,-1,-0.01,-1,-1,-0.01,-1,-1,-0.01,-1,-1,-0.01,-1,-1,-0.01,-1,-1,-0.01,-1,-1,-0.01,-1,-1,-0.01,-1,-1,-0.01,-1,-1
99926009,2026-05-18 11:42:01+05:30,53192.9,0,0.0,0,0.0,0.0,53282.15,53308.4,52783.45,53710.35,0,0.0,0.0,0.0,0.0,-0.01,-1,-1,-0.01,-1,-1,-0.01,-1,-1,-0.01,-1,-1,-0.01,-1,-1,-0.01,-1,-1,-0.01,-1,-1,-0.01,-1,-1,-0.01,-1,-1,-0.01,-1,-1
99926009,2026-05-18 11:42:01+05:30,53184.85,0,0.0,0,0.0,0.0,53282.15,53308.4,52783.45,53710.35,0,0.0,0.0,0.0,0.0,-0.01,-1,-1,-0.01,-1,-1,-0.01,-1,-1,-0.01,-1,-1,-0.01,-1,-1,-0.01,-1,-1,-0.01,-1,-1,-0.01,-1,-1,-0.01,-1,-1,-0.01,-1,-1
99926009,2026-05-18 11:42:02+05:30,53186.4,0,0.0,0,0.0,0.0,53282.15,53308.4,52783.45,53710.35,0,0.0,0.0,0.0,0.0,-0.01,-1,-1,-0.01,-1,-1,-0.01,-1,-1,-0.01,-1,-1,-0.01,-1,-1,-0.01,-1,-1,-0.01,-1,-1,-0.01,-1,-1,-0.01,-1,-1,-0.01,-1,-1
99926009,2026-05-18 11:42:02+05:30,53188.65,0,0.0,0,0.0,0.0,53282.15,53308.4,52783.45,53710.35,0,0.0,0.0,0.0,0.0,-0.01,-1,-1,-0.01,-1,-1,-0.01,-1,-1,-0.01,-1,-1,-0.01,-1,-1,-0.01,-1,-1,-0.01,-1,-1,-0.01,-1,-1,-0.01,-1,-1,-0.01,-1,-1
99926009,2026-05-18 11:42:03+05:30,53186.55,0,0.0,0,0.0,0.0,53282.15,53308.4,52783.45,53710.35,0,0.0,0.0,0.0,0.0,-0.01,-1,-1,-0.01,-1,-1,-0.01,-1,-1,-0.01,-1,-1,-0.01,-1,-1,-0.01,-1,-1,-0.01,-1,-1,-0.01,-1,-1,-0.01,-1,-1,-0.01,-1,-1
99926009,2026-05-18 11:42:03+05:30,53187.7,0,0.0,0,0.0,0.0,53282.15,53308.4,52783.45,53710.35,0,0.0,0.0,0.0,0.0,-0.01,-1,-1,-0.01,-1,-1,-0.01,-1,-1,-0.01,-1,-1,-0.01,-1,-1,-0.01,-1,-1,-0.01,-1,-1,-0.01,-1,-1,-0.01,-1,-1,-0.01,-1,-1
99926009,2026-05-18 11:42:04+05:30,53187.2,0,0.0,0,0.0,0.0,53282.15,53308.4,52783.45,53710.35,0,0.0,0.0,0.0,0.0,-0.01,-1,-1,-0.01,-1,-1,-0.01,-1,-1,-0.01,-1,-1,-0.01,-1,-1,-0.01,-1,-1,-0.01,-1,-1,-0.01,-1,-1,-0.01,-1,-1,-0.01,-1,-1
99926009,2026-05-18 11:42:04+05:30,53188.2,0,0.0,0,0.0,0.0,53282.15,53308.4,52783.45,53710.35,0,0.0,0.0,0.0,0.0,-0.01,-1,-1,-0.01,-1,-1,-0.01,-1,-1,-0.01,-1,-1,-0.01,-1,-1,-0.01,-1,-1,-0.01,-1,-1,-0.01,-1,-1,-0.01,-1,-1,-0.01,-1,-1
99926009,2026-05-18 11:42:05+05:30,53189.35,0,0.0,0,0.0,0.0,53282.15,53308.4,52783.45,53710.35,0,0.0,0.0,0.0,0.0,-0.01,-1,-1,-0.01,-1,-1,-0.01,-1,-1,-0.01,-1,-1,-0.01,-1,-1,-0.01,-1,-1,-0.01,-1,-1,-0.01,-1,-1,-0.01,-1,-1,-0.01,-1,-1
99926009,2026-05-18 11:42:05+05:30,53186.7,0,0.0,0,0.0,0.0,53282.15,53308.4,52783.45,53710.35,0,0.0,0.0,0.0,0.0,-0.01,-1,-1,-0.01,-1,-1,-0.01,-1,-1,-0.01,-1,-1,-0.01,-1,-1,-0.01,-1,-1,-0.01,-1,-1,-0.01,-1,-1,-0.01,-1,-1,-0.01,-1,-1
99926009,2026-05-18 11:42:06+05:30,53188.35,0,0.0,0,0.0,0.0,53282.15,53308.4,52783.45,53710.35,0,0.0,0.0,0.0,0.0,-0.01,-1,-1,-0.01,-1,-1,-0.01,-1,-1,-0.01,-1,-1,-0.01,-1,-1,-0.01,-1,-1,-0.01,-1,-1,-0.01,-1,-1,-0.01,-1,-1,-0.01,-1,-1
99926009,2026-05-18 11:42:06+05:30,53187.9,0,0.0,0,0.0,0.0,53282.15,53308.4,52783.45,53710.35,0,0.0,0.0,0.0,0.0,-0.01,-1,-1,-0.01,-1,-1,-0.01,-1,-1,-0.01,-1,-1,-0.01,-1,-1,-0.01,-1,-1,-0.01,-1,-1,-0.01,-1,-1,-0.01,-1,-1,-0.01,-1,-1
99926009,2026-05-18 11:42:07+05:30,53188.2,0,0.0,0,0.0,0.0,53282.15,53308.4,52783.45,53710.35,0,0.0,0.0,0.0,0.0,-0.01,-1,-1,-0.01,-1,-1,-0.01,-1,-1,-0.01,-1,-1,-0.01,-1,-1,-0.01,-1,-1,-0.01,-1,-1,-0.01,-1,-1,-0.01,-1,-1,-0.01,-1,-1
99926009,2026-05-18 11:42:07+05:30,53189.05,0,0.0,0,0.0,0.0,53282.15,53308.4,52783.45,53710.35,0,0.0,0.0,0.0,0.0,-0.01,-1,-1,-0.01,-1,-1,-0.01,-1,-1,-0.01,-1,-1,-0.01,-1,-1,-0.01,-1,-1,-0.01,-1,-1,-0.01,-1,-1,-0.01,-1,-1,-0.01,-1,-1
99926009,2026-05-18 11:42:08+05:30,53186.05,0,0.0,0,0.0,0.0,53282.15,53308.4,52783.45,53710.35,0,0.0,0.0,0.0,0.0,-0.01,-1,-1,-0.01,-1,-1,-0.01,-1,-1,-0.01,-1,-1,-0.01,-1,-1,-0.01,-1,-1,-0.01,-1,-1,-0.01,-1,-1,-0.01,-1,-1,-0.01,-1,-1
99926009,2026-05-18 11:42:08+05:30,53188.15,0,0.0,0,0.0,0.0,53282.15,53308.4,52783.45,53710.35,0,0.0,0.0,0.0,0.0,-0.01,-1,-1,-0.01,-1,-1,-0.01,-1,-1,-0.01,-1,-1,-0.01,-1,-1,-0.01,-1,-1,-0.01,-1,-1,-0.01,-1,-1,-0.01,-1,-1,-0.01,-1,-1
99926009,2026-05-18 11:42:09+05:30,53185.75,0,0.0,0,0.0,0.0,53282.15,53308.4,52783.45,53710.35,0,0.0,0.0,0.0,0.0,-0.01,-1,-1,-0.01,-1,-1,-0.01,-1,-1,-0.01,-1,-1,-0.01,-1,-1,-0.01,-1,-1,-0.01,-1,-1,-0.01,-1,-1,-0.01,-1,-1,-0.01,-1,-1
99926009,2026-05-18 11:42:09+05:30,53189.1,0,0.0,0,0.0,0.0,53282.15,53308.4,52783.45,53710.35,0,0.0,0.0,0.0,0.0,-0.01,-1,-1,-0.01,-1,-1,-0.01,-1,-1,-0.01,-1,-1,-0.01,-1,-1,-0.01,-1,-1,-0.01,-1,-1,-0.01,-1,-1,-0.01,-1,-1,-0.01,-1,-1
99926009,2026-05-18 11:42:10+05:30,53188.2,0,0.0,0,0.0,0.0,53282.15,53308.4,52783.45,53710.35,0,0.0,0.0,0.0,0.0,-0.01,-1,-1,-0.01,-1,-1,-0.01,-1,-1,-0.01,-1,-1,-0.01,-1,-1,-0.01,-1,-1,-0.01,-1,-1,-0.01,-1,-1,-0.01,-1,-1,-0.01,-1,-1
99926009,2026-05-18 11:42:10+05:30,53187.05,0,0.0,0,0.0,0.0,53282.15,53308.4,52783.45,53710.35,0,0.0,0.0,0.0,0.0,-0.01,-1,-1,-0.01,-1,-1,-0.01,-1,-1,-0.01,-1,-1,-0.01,-1,-1,-0.01,-1,-1,-0.01,-1,-1,-0.01,-1,-1,-0.01,-1,-1,-0.01,-1,-1
99926009,2026-05-18 11:42:11+05:30,53187.2,0,0.0,0,0.0,0.0,53282.15,53308.4,52783.45,53710.35,0,0.0,0.0,0.0,0.0,-0.01,-1,-1,-0.01,-1,-1,-0.01,-1,-1,-0.01,-1,-1,-0.01,-1,-1,-0.01,-1,-1,-0.01,-1,-1,-0.01,-1,-1,-0.01,-1,-1,-0.01,-1,-1
99926009,2026-05-18 11:42:11+05:30,53188.0,0,0.0,0,0.0,0.0,53282.15,53308.4,52783.45,53710.35,0,0.0,0.0,0.0,0.0,-0.01,-1,-1,-0.01,-1,-1,-0.01,-1,-1,-0.01,-1,-1,-0.01,-1,-1,-0.01,-1,-1,-0.01,-1,-1,-0.01,-1,-1,-0.01,-1,-1,-0.01,-1,-1
99926009,2026-05-18 11:42:12+05:30,53178.85,0,0.0,0,0.0,0.0,53282.15,53308.4,52783.45,53710.35,0,0.0,0.0,0.0,0.0,-0.01,-1,-1,-0.01,-1,-1,-0.01,-1,-1,-0.01,-1,-1,-0.01,-1,-1,-0.01,-1,-1,-0.01,-1,-1,-0.01,-1,-1,-0.01,-1,-1,-0.01,-1,-1
99926009,2026-05-18 11:42:12+05:30,53181.25,0,0.0,0,0.0,0.0,53282.15,53308.4,52783.45,53710.35,0,0.0,0.0,0.0,0.0,-0.01,-1,-1,-0.01,-1,-1,-0.01,-1,-1,-0.01,-1,-1,-0.01,-1,-1,-0.01,-1,-1,-0.01,-1,-1,-0.01,-1,-1,-0.01,-1,-1,-0.01,-1,-1
99926009,2026-05-18 11:42:13+05:30,53180.45,0,0.0,0,0.0,0.0,53282.15,53308.4,52783.45,53710.35,0,0.0,0.0,0.0,0.0,-0.01,-1,-1,-0.01,-1,-1,-0.01,-1,-1,-0.01,-1,-1,-0.01,-1,-1,-0.01,-1,-1,-0.01,-1,-1,-0.01,-1,-1,-0.01,-1,-1,-0.01,-1,-1
99926009,2026-05-18 11:42:13+05:30,53180.8,0,0.0,0,0.0,0.0,53282.15,53308.4,52783.45,53710.35,0,0.0,0.0,0.0,0.0,-0.01,-1,-1,-0.01,-1,-1,-0.01,-1,-1,-0.01,-1,-1,-0.01,-1,-1,-0.01,-1,-1,-0.01,-1,-1,-0.01,-1,-1,-0.01,-1,-1,-0.01,-1,-1
99926009,2026-05-18 11:42:14+05:30,53179.7,0,0.0,0,0.0,0.0,53282.15,53308.4,52783.45,53710.35,0,0.0,0.0,0.0,0.0,-0.01,-1,-1,-0.01,-1,-1,-0.01,-1,-1,-0.01,-1,-1,-0.01,-1,-1,-0.01,-1,-1,-0.01,-1,-1,-0.01,-1,-1,-0.01,-1,-1,-0.01,-1,-1
99926009,2026-05-18 11:42:14+05:30,53179.5,0,0.0,0,0.0,0.0,53282.15,53308.4,52783.45,53710.35,0,0.0,0.0,0.0,0.0,-0.01,-1,-1,-0.01,-1,-1,-0.01,-1,-1,-0.01,-1,-1,-0.01,-1,-1,-0.01,-1,-1,-0.01,-1,-1,-0.01,-1,-1,-0.01,-1,-1,-0.01,-1,-1
99926009,2026-05-18 11:42:15+05:30,53177.45,0,0.0,0,0.0,0.0,53282.15,53308.4,52783.45,53710.35,0,0.0,0.0,0.0,0.0,-0.01,-1,-1,-0.01,-1,-1,-0.01,-1,-1,-0.01,-1,-1,-0.01,-1,-1,-0.01,-1,-1,-0.01,-1,-1,-0.01,-1,-1,-0.01,-1,-1,-0.01,-1,-1
99926009,2026-05-18 11:42:15+05:30,53177.35,0,0.0,0,0.0,0.0,53282.15,53308.4,52783.45,53710.35,0,0.0,0.0,0.0,0.0,-0.01,-1,-1,-0.01,-1,-1,-0.01,-1,-1,-0.01,-1,-1,-0.01,-1,-1,-0.01,-1,-1,-0.01,-1,-1,-0.01,-1,-1,-0.01,-1,-1,-0.01,-1,-1
99926009,2026-05-18 11:42:16+05:30,53180.95,0,0.0,0,0.0,0.0,53282.15,53308.4,52783.45,53710.35,0,0.0,0.0,0.0,0.0,-0.01,-1,-1,-0.01,-1,-1,-0.01,-1,-1,-0.01,-1,-1,-0.01,-1,-1,-0.01,-1,-1,-0.01,-1,-1,-0.01,-1,-1,-0.01,-1,-1,-0.01,-1,-1
99926009,2026-05-18 11:42:16+05:30,53181.05,0,0.0,0,0.0,0.0,53282.15,53308.4,52783.45,53710.35,0,0.0,0.0,0.0,0.0,-0.01,-1,-1,-0.01,-1,-1,-0.01,-1,-1,-0.01,-1,-1,-0.01,-1,-1,-0.01,-1,-1,-0.01,-1,-1,-0.01,-1,-1,-0.01,-1,-1,-0.01,-1,-1
99926009,2026-05-18 11:42:17+05:30,53181.55,0,0.0,0,0.0,0.0,53282.15,53308.4,52783.45,53710.35,0,0.0,0.0,0.0,0.0,-0.01,-1,-1,-0.01,-1,-1,-0.01,-1,-1,-0.01,-1,-1,-0.01,-1,-1,-0.01,-1,-1,-0.01,-1,-1,-0.01,-1,-1,-0.01,-1,-1,-0.01,-1,-1
99926009,2026-05-18 11:42:17+05:30,53180.4,0,0.0,0,0.0,0.0,53282.15,53308.4,52783.45,53710.35,0,0.0,0.0,0.0,0.0,-0.01,-1,-1,-0.01,-1,-1,-0.01,-1,-1,-0.01,-1,-1,-0.01,-1,-1,-0.01,-1,-1,-0.01,-1,-1,-0.01,-1,-1,-0.01,-1,-1,-0.01,-1,-1
99926009,2026-05-18 11:42:18+05:30,53181.9,0,0.0,0,0.0,0.0,53282.15,53308.4,52783.45,53710.35,0,0.0,0.0,0.0,0.0,-0.01,-1,-1,-0.01,-1,-1,-0.01,-1,-1,-0.01,-1,-1,-0.01,-1,-1,-0.01,-1,-1,-0.01,-1,-1,-0.01,-1,-1,-0.01,-1,-1,-0.01,-1,-1
99926009,2026-05-18 11:42:18+05:30,53178.75,0,0.0,0,0.0,0.0,53282.15,53308.4,52783.45,53710.35,0,0.0,0.0,0.0,0.0,-0.01,-1,-1,-0.01,-1,-1,-0.01,-1,-1,-0.01,-1,-1,-0.01,-1,-1,-0.01,-1,-1,-0.01,-1,-1,-0.01,-1,-1,-0.01,-1,-1,-0.01,-1,-1
99926009,2026-05-18 11:42:19+05:30,53179.7,0,0.0,0,0.0,0.0,53282.15,53308.4,52783.45,53710.35,0,0.0,0.0,0.0,0.0,-0.01,-1,-1,-0.01,-1,-1,-0.01,-1,-1,-0.01,-1,-1,-0.01,-1,-1,-0.01,-1,-1,-0.01,-1,-1,-0.01,-1,-1,-0.01,-1,-1,-0.01,-1,-1
99926009,2026-05-18 11:42:19+05:30,53178.9,0,0.0,0,0.0,0.0,53282.15,53308.4,52783.45,53710.35,0,0.0,0.0,0.0,0.0,-0.01,-1,-1,-0.01,-1,-1,-0.01,-1,-1,-0.01,-1,-1,-0.01,-1,-1,-0.01,-1,-1,-0.01,-1,-1,-0.01,-1,-1,-0.01,-1,-1,-0.01,-1,-1
99926009,2026-05-18 11:42:20+05:30,53180.0,0,0.0,0,0.0,0.0,53282.15,53308.4,52783.45,53710.35,0,0.0,0.0,0.0,0.0,-0.01,-1,-1,-0.01,-1,-1,-0.01,-1,-1,-0.01,-1,-1,-0.01,-1,-1,-0.01,-1,-1,-0.01,-1,-1,-0.01,-1,-1,-0.01,-1,-1,-0.01,-1,-1
99926009,2026-05-18 11:42:20+05:30,53179.1,0,0.0,0,0.0,0.0,53282.15,53308.4,52783.45,53710.35,0,0.0,0.0,0.0,0.0,-0.01,-1,-1,-0.01,-1,-1,-0.01,-1,-1,-0.01,-1,-1,-0.01,-1,-1,-0.01,-1,-1,-0.01,-1,-1,-0.01,-1,-1,-0.01,-1,-1,-0.01,-1,-1
99926009,2026-05-18 11:42:21+05:30,53176.4,0,0.0,0,0.0,0.0,53282.15,53308.4,52783.45,53710.35,0,0.0,0.0,0.0,0.0,-0.01,-1,-1,-0.01,-1,-1,-0.01,-1,-1,-0.01,-1,-1,-0.01,-1,-1,-0.01,-1,-1,-0.01,-1,-1,-0.01,-1,-1,-0.01,-1,-1,-0.01,-1,-1
99926009,2026-05-18 11:42:21+05:30,53179.6,0,0.0,0,0.0,0.0,53282.15,53308.4,52783.45,53710.35,0,0.0,0.0,0.0,0.0,-0.01,-1,-1,-0.01,-1,-1,-0.01,-1,-1,-0.01,-1,-1,-0.01,-1,-1,-0.01,-1,-1,-0.01,-1,-1,-0.01,-1,-1,-0.01,-1,-1,-0.01,-1,-1
99926009,2026-05-18 11:42:22+05:30,53179.15,0,0.0,0,0.0,0.0,53282.15,53308.4,52783.45,53710.35,0,0.0,0.0,0.0,0.0,-0.01,-1,-1,-0.01,-1,-1,-0.01,-1,-1,-0.01,-1,-1,-0.01,-1,-1,-0.01,-1,-1,-0.01,-1,-1,-0.01,-1,-1,-0.01,-1,-1,-0.01,-1,-1
99926009,2026-05-18 11:42:22+05:30,53180.15,0,0.0,0,0.0,0.0,53282.15,53308.4,52783.45,53710.35,0,0.0,0.0,0.0,0.0,-0.01,-1,-1,-0.01,-1,-1,-0.01,-1,-1,-0.01,-1,-1,-0.01,-1,-1,-0.01,-1,-1,-0.01,-1,-1,-0.01,-1,-1,-0.01,-1,-1,-0.01,-1,-1
99926009,2026-05-18 11:42:23+05:30,53178.9,0,0.0,0,0.0,0.0,53282.15,53308.4,52783.45,53710.35,0,0.0,0.0,0.0,0.0,-0.01,-1,-1,-0.01,-1,-1,-0.01,-1,-1,-0.01,-1,-1,-0.01,-1,-1,-0.01,-1,-1,-0.01,-1,-1,-0.01,-1,-1,-0.01,-1,-1,-0.01,-1,-1
99926009,2026-05-18 11:42:23+05:30,53178.8,0,0.0,0,0.0,0.0,53282.15,53308.4,52783.45,53710.35,0,0.0,0.0,0.0,0.0,-0.01,-1,-1,-0.01,-1,-1,-0.01,-1,-1,-0.01,-1,-1,-0.01,-1,-1,-0.01,-1,-1,-0.01,-1,-1,-0.01,-1,-1,-0.01,-1,-1,-0.01,-1,-1
99926009,2026-05-18 11:42:24+05:30,53177.7,0,0.0,0,0.0,0.0,53282.15,53308.4,52783.45,53710.35,0,0.0,0.0,0.0,0.0,-0.01,-1,-1,-0.01,-1,-1,-0.01,-1,-1,-0.01,-1,-1,-0.01,-1,-1,-0.01,-1,-1,-0.01,-1,-1,-0.01,-1,-1,-0.01,-1,-1,-0.01,-1,-1
99926009,2026-05-18 11:42:24+05:30,53180.8,0,0.0,0,0.0,0.0,53282.15,53308.4,52783.45,53710.35,0,0.0,0.0,0.0,0.0,-0.01,-1,-1,-0.01,-1,-1,-0.01,-1,-1,-0.01,-1,-1,-0.01,-1,-1,-0.01,-1,-1,-0.01,-1,-1,-0.01,-1,-1,-0.01,-1,-1,-0.01,-1,-1
99926009,2026-05-18 11:42:25+05:30,53181.25,0,0.0,0,0.0,0.0,53282.15,53308.4,52783.45,53710.35,0,0.0,0.0,0.0,0.0,-0.01,-1,-1,-0.01,-1,-1,-0.01,-1,-1,-0.01,-1,-1,-0.01,-1,-1,-0.01,-1,-1,-0.01,-1,-1,-0.01,-1,-1,-0.01,-1,-1,-0.01,-1,-1
99926009,2026-05-18 11:42:25+05:30,53180.85,0,0.0,0,0.0,0.0,53282.15,53308.4,52783.45,53710.35,0,0.0,0.0,0.0,0.0,-0.01,-1,-1,-0.01,-1,-1,-0.01,-1,-1,-0.01,-1,-1,-0.01,-1,-1,-0.01,-1,-1,-0.01,-1,-1,-0.01,-1,-1,-0.01,-1,-1,-0.01,-1,-1
99926009,2026-05-18 11:42:26+05:30,53177.85,0,0.0,0,0.0,0.0,53282.15,53308.4,52783.45,53710.35,0,0.0,0.0,0.0,0.0,-0.01,-1,-1,-0.01,-1,-1,-0.01,-1,-1,-0.01,-1,-1,-0.01,-1,-1,-0.01,-1,-1,-0.01,-1,-1,-0.01,-1,-1,-0.01,-1,-1,-0.01,-1,-1
99926009,2026-05-18 11:42:26+05:30,53178.95,0,0.0,0,0.0,0.0,53282.15,53308.4,52783.45,53710.35,0,0.0,0.0,0.0,0.0,-0.01,-1,-1,-0.01,-1,-1,-0.01,-1,-1,-0.01,-1,-1,-0.01,-1,-1,-0.01,-1,-1,-0.01,-1,-1,-0.01,-1,-1,-0.01,-1,-1,-0.01,-1,-1
99926009,2026-05-18 11:42:27+05:30,53178.1,0,0.0,0,0.0,0.0,53282.15,53308.4,52783.45,53710.35,0,0.0,0.0,0.0,0.0,-0.01,-1,-1,-0.01,-1,-1,-0.01,-1,-1,-0.01,-1,-1,-0.01,-1,-1,-0.01,-1,-1,-0.01,-1,-1,-0.01,-1,-1,-0.01,-1,-1,-0.01,-1,-1
99926009,2026-05-18 11:42:27+05:30,53178.95,0,0.0,0,0.0,0.0,53282.15,53308.4,52783.45,53710.35,0,0.0,0.0,0.0,0.0,-0.01,-1,-1,-0.01,-1,-1,-0.01,-1,-1,-0.01,-1,-1,-0.01,-1,-1,-0.01,-1,-1,-0.01,-1,-1,-0.01,-1,-1,-0.01,-1,-1,-0.01,-1,-1
99926009,2026-05-18 11:42:28+05:30,53177.9,0,0.0,0,0.0,0.0,53282.15,53308.4,52783.45,53710.35,0,0.0,0.0,0.0,0.0,-0.01,-1,-1,-0.01,-1,-1,-0.01,-1,-1,-0.01,-1,-1,-0.01,-1,-1,-0.01,-1,-1,-0.01,-1,-1,-0.01,-1,-1,-0.01,-1,-1,-0.01,-1,-1
99926009,2026-05-18 11:42:28+05:30,53180.6,0,0.0,0,0.0,0.0,53282.15,53308.4,52783.45,53710.35,0,0.0,0.0,0.0,0.0,-0.01,-1,-1,-0.01,-1,-1,-0.01,-1,-1,-0.01,-1,-1,-0.01,-1,-1,-0.01,-1,-1,-0.01,-1,-1,-0.01,-1,-1,-0.01,-1,-1,-0.01,-1,-1
99926009,2026-05-18 11:42:29+05:30,53178.8,0,0.0,0,0.0,0.0,53282.15,53308.4,52783.45,53710.35,0,0.0,0.0,0.0,0.0,-0.01,-1,-1,-0.01,-1,-1,-0.01,-1,-1,-0.01,-1,-1,-0.01,-1,-1,-0.01,-1,-1,-0.01,-1,-1,-0.01,-1,-1,-0.01,-1,-1,-0.01,-1,-1
99926009,2026-05-18 11:42:29+05:30,53176.65,0,0.0,0,0.0,0.0,53282.15,53308.4,52783.45,53710.35,0,0.0,0.0,0.0,0.0,-0.01,-1,-1,-0.01,-1,-1,-0.01,-1,-1,-0.01,-1,-1,-0.01,-1,-1,-0.01,-1,-1,-0.01,-1,-1,-0.01,-1,-1,-0.01,-1,-1,-0.01,-1,-1
99926009,2026-05-18 11:42:30+05:30,53176.3,0,0.0,0,0.0,0.0,53282.15,53308.4,52783.45,53710.35,0,0.0,0.0,0.0,0.0,-0.01,-1,-1,-0.01,-1,-1,-0.01,-1,-1,-0.01,-1,-1,-0.01,-1,-1,-0.01,-1,-1,-0.01,-1,-1,-0.01,-1,-1,-0.01,-1,-1,-0.01,-1,-1
99926009,2026-05-18 11:42:30+05:30,53177.15,0,0.0,0,0.0,0.0,53282.15,53308.4,52783.45,53710.35,0,0.0,0.0,0.0,0.0,-0.01,-1,-1,-0.01,-1,-1,-0.01,-1,-1,-0.01,-1,-1,-0.01,-1,-1,-0.01,-1,-1,-0.01,-1,-1,-0.01,-1,-1,-0.01,-1,-1,-0.01,-1,-1
99926009,2026-05-18 11:42:31+05:30,53177.4,0,0.0,0,0.0,0.0,53282.15,53308.4,52783.45,53710.35,0,0.0,0.0,0.0,0.0,-0.01,-1,-1,-0.01,-1,-1,-0.01,-1,-1,-0.01,-1,-1,-0.01,-1,-1,-0.01,-1,-1,-0.01,-1,-1,-0.01,-1,-1,-0.01,-1,-1,-0.01,-1,-1
99926009,2026-05-18 11:42:31+05:30,53177.05,0,0.0,0,0.0,0.0,53282.15,53308.4,52783.45,53710.35,0,0.0,0.0,0.0,0.0,-0.01,-1,-1,-0.01,-1,-1,-0.01,-1,-1,-0.01,-1,-1,-0.01,-1,-1,-0.01,-1,-1,-0.01,-1,-1,-0.01,-1,-1,-0.01,-1,-1,-0.01,-1,-1
99926009,2026-05-18 11:42:32+05:30,53174.6,0,0.0,0,0.0,0.0,53282.15,53308.4,52783.45,53710.35,0,0.0,0.0,0.0,0.0,-0.01,-1,-1,-0.01,-1,-1,-0.01,-1,-1,-0.01,-1,-1,-0.01,-1,-1,-0.01,-1,-1,-0.01,-1,-1,-0.01,-1,-1,-0.01,-1,-1,-0.01,-1,-1
99926009,2026-05-18 11:42:32+05:30,53174.1,0,0.0,0,0.0,0.0,53282.15,53308.4,52783.45,53710.35,0,0.0,0.0,0.0,0.0,-0.01,-1,-1,-0.01,-1,-1,-0.01,-1,-1,-0.01,-1,-1,-0.01,-1,-1,-0.01,-1,-1,-0.01,-1,-1,-0.01,-1,-1,-0.01,-1,-1,-0.01,-1,-1
99926009,2026-05-18 11:42:33+05:30,53170.9,0,0.0,0,0.0,0.0,53282.15,53308.4,52783.45,53710.35,0,0.0,0.0,0.0,0.0,-0.01,-1,-1,-0.01,-1,-1,-0.01,-1,-1,-0.01,-1,-1,-0.01,-1,-1,-0.01,-1,-1,-0.01,-1,-1,-0.01,-1,-1,-0.01,-1,-1,-0.01,-1,-1
99926009,2026-05-18 11:42:33+05:30,53172.35,0,0.0,0,0.0,0.0,53282.15,53308.4,52783.45,53710.35,0,0.0,0.0,0.0,0.0,-0.01,-1,-1,-0.01,-1,-1,-0.01,-1,-1,-0.01,-1,-1,-0.01,-1,-1,-0.01,-1,-1,-0.01,-1,-1,-0.01,-1,-1,-0.01,-1,-1,-0.01,-1,-1
99926009,2026-05-18 11:42:34+05:30,53171.7,0,0.0,0,0.0,0.0,53282.15,53308.4,52783.45,53710.35,0,0.0,0.0,0.0,0.0,-0.01,-1,-1,-0.01,-1,-1,-0.01,-1,-1,-0.01,-1,-1,-0.01,-1,-1,-0.01,-1,-1,-0.01,-1,-1,-0.01,-1,-1,-0.01,-1,-1,-0.01,-1,-1
99926009,2026-05-18 11:42:34+05:30,53173.4,0,0.0,0,0.0,0.0,53282.15,53308.4,52783.45,53710.35,0,0.0,0.0,0.0,0.0,-0.01,-1,-1,-0.01,-1,-1,-0.01,-1,-1,-0.01,-1,-1,-0.01,-1,-1,-0.01,-1,-1,-0.01,-1,-1,-0.01,-1,-1,-0.01,-1,-1,-0.01,-1,-1
99926009,2026-05-18 11:42:35+05:30,53172.2,0,0.0,0,0.0,0.0,53282.15,53308.4,52783.45,53710.35,0,0.0,0.0,0.0,0.0,-0.01,-1,-1,-0.01,-1,-1,-0.01,-1,-1,-0.01,-1,-1,-0.01,-1,-1,-0.01,-1,-1,-0.01,-1,-1,-0.01,-1,-1,-0.01,-1,-1,-0.01,-1,-1
99926009,2026-05-18 11:42:35+05:30,53173.5,0,0.0,0,0.0,0.0,53282.15,53308.4,52783.45,53710.35,0,0.0,0.0,0.0,0.0,-0.01,-1,-1,-0.01,-1,-1,-0.01,-1,-1,-0.01,-1,-1,-0.01,-1,-1,-0.01,-1,-1,-0.01,-1,-1,-0.01,-1,-1,-0.01,-1,-1,-0.01,-1,-1
99926009,2026-05-18 11:42:36+05:30,53172.35,0,0.0,0,0.0,0.0,53282.15,53308.4,52783.45,53710.35,0,0.0,0.0,0.0,0.0,-0.01,-1,-1,-0.01,-1,-1,-0.01,-1,-1,-0.01,-1,-1,-0.01,-1,-1,-0.01,-1,-1,-0.01,-1,-1,-0.01,-1,-1,-0.01,-1,-1,-0.01,-1,-1
99926009,2026-05-18 11:42:36+05:30,53171.15,0,0.0,0,0.0,0.0,53282.15,53308.4,52783.45,53710.35,0,0.0,0.0,0.0,0.0,-0.01,-1,-1,-0.01,-1,-1,-0.01,-1,-1,-0.01,-1,-1,-0.01,-1,-1,-0.01,-1,-1,-0.01,-1,-1,-0.01,-1,-1,-0.01,-1,-1,-0.01,-1,-1
99926009,2026-05-18 11:42:37+05:30,53170.05,0,0.0,0,0.0,0.0,53282.15,53308.4,52783.45,53710.35,0,0.0,0.0,0.0,0.0,-0.01,-1,-1,-0.01,-1,-1,-0.01,-1,-1,-0.01,-1,-1,-0.01,-1,-1,-0.01,-1,-1,-0.01,-1,-1,-0.01,-1,-1,-0.01,-1,-1,-0.01,-1,-1
99926009,2026-05-18 11:42:37+05:30,53168.35,0,0.0,0,0.0,0.0,53282.15,53308.4,52783.45,53710.35,0,0.0,0.0,0.0,0.0,-0.01,-1,-1,-0.01,-1,-1,-0.01,-1,-1,-0.01,-1,-1,-0.01,-1,-1,-0.01,-1,-1,-0.01,-1,-1,-0.01,-1,-1,-0.01,-1,-1,-0.01,-1,-1
99926009,2026-05-18 11:42:38+05:30,53170.0,0,0.0,0,0.0,0.0,53282.15,53308.4,52783.45,53710.35,0,0.0,0.0,0.0,0.0,-0.01,-1,-1,-0.01,-1,-1,-0.01,-1,-1,-0.01,-1,-1,-0.01,-1,-1,-0.01,-1,-1,-0.01,-1,-1,-0.01,-1,-1,-0.01,-1,-1,-0.01,-1,-1
99926009,2026-05-18 11:42:38+05:30,53169.1,0,0.0,0,0.0,0.0,53282.15,53308.4,52783.45,53710.35,0,0.0,0.0,0.0,0.0,-0.01,-1,-1,-0.01,-1,-1,-0.01,-1,-1,-0.01,-1,-1,-0.01,-1,-1,-0.01,-1,-1,-0.01,-1,-1,-0.01,-1,-1,-0.01,-1,-1,-0.01,-1,-1
99926009,2026-05-18 11:42:39+05:30,53167.7,0,0.0,0,0.0,0.0,53282.15,53308.4,52783.45,53710.35,0,0.0,0.0,0.0,0.0,-0.01,-1,-1,-0.01,-1,-1,-0.01,-1,-1,-0.01,-1,-1,-0.01,-1,-1,-0.01,-1,-1,-0.01,-1,-1,-0.01,-1,-1,-0.01,-1,-1,-0.01,-1,-1
99926009,2026-05-18 11:42:39+05:30,53168.25,0,0.0,0,0.0,0.0,53282.15,53308.4,52783.45,53710.35,0,0.0,0.0,0.0,0.0,-0.01,-1,-1,-0.01,-1,-1,-0.01,-1,-1,-0.01,-1,-1,-0.01,-1,-1,-0.01,-1,-1,-0.01,-1,-1,-0.01,-1,-1,-0.01,-1,-1,-0.01,-1,-1
99926009,2026-05-18 11:42:40+05:30,53168.8,0,0.0,0,0.0,0.0,53282.15,53308.4,52783.45,53710.35,0,0.0,0.0,0.0,0.0,-0.01,-1,-1,-0.01,-1,-1,-0.01,-1,-1,-0.01,-1,-1,-0.01,-1,-1,-0.01,-1,-1,-0.01,-1,-1,-0.01,-1,-1,-0.01,-1,-1,-0.01,-1,-1
99926009,2026-05-18 11:42:40+05:30,53170.1,0,0.0,0,0.0,0.0,53282.15,53308.4,52783.45,53710.35,0,0.0,0.0,0.0,0.0,-0.01,-1,-1,-0.01,-1,-1,-0.01,-1,-1,-0.01,-1,-1,-0.01,-1,-1,-0.01,-1,-1,-0.01,-1,-1,-0.01,-1,-1,-0.01,-1,-1,-0.01,-1,-1
99926009,2026-05-18 11:42:41+05:30,53168.6,0,0.0,0,0.0,0.0,53282.15,53308.4,52783.45,53710.35,0,0.0,0.0,0.0,0.0,-0.01,-1,-1,-0.01,-1,-1,-0.01,-1,-1,-0.01,-1,-1,-0.01,-1,-1,-0.01,-1,-1,-0.01,-1,-1,-0.01,-1,-1,-0.01,-1,-1,-0.01,-1,-1
99926009,2026-05-18 11:42:41+05:30,53167.3,0,0.0,0,0.0,0.0,53282.15,53308.4,52783.45,53710.35,0,0.0,0.0,0.0,0.0,-0.01,-1,-1,-0.01,-1,-1,-0.01,-1,-1,-0.01,-1,-1,-0.01,-1,-1,-0.01,-1,-1,-0.01,-1,-1,-0.01,-1,-1,-0.01,-1,-1,-0.01,-1,-1
99926009,2026-05-18 11:42:42+05:30,53168.7,0,0.0,0,0.0,0.0,53282.15,53308.4,52783.45,53710.35,0,0.0,0.0,0.0,0.0,-0.01,-1,-1,-0.01,-1,-1,-0.01,-1,-1,-0.01,-1,-1,-0.01,-1,-1,-0.01,-1,-1,-0.01,-1,-1,-0.01,-1,-1,-0.01,-1,-1,-0.01,-1,-1
99926009,2026-05-18 11:42:42+05:30,53170.4,0,0.0,0,0.0,0.0,53282.15,53308.4,52783.45,53710.35,0,0.0,0.0,0.0,0.0,-0.01,-1,-1,-0.01,-1,-1,-0.01,-1,-1,-0.01,-1,-1,-0.01,-1,-1,-0.01,-1,-1,-0.01,-1,-1,-0.01,-1,-1,-0.01,-1,-1,-0.01,-1,-1
99926009,2026-05-18 11:42:43+05:30,53168.55,0,0.0,0,0.0,0.0,53282.15,53308.4,52783.45,53710.35,0,0.0,0.0,0.0,0.0,-0.01,-1,-1,-0.01,-1,-1,-0.01,-1,-1,-0.01,-1,-1,-0.01,-1,-1,-0.01,-1,-1,-0.01,-1,-1,-0.01,-1,-1,-0.01,-1,-1,-0.01,-1,-1
99926009,2026-05-18 11:42:43+05:30,53172.1,0,0.0,0,0.0,0.0,53282.15,53308.4,52783.45,53710.35,0,0.0,0.0,0.0,0.0,-0.01,-1,-1,-0.01,-1,-1,-0.01,-1,-1,-0.01,-1,-1,-0.01,-1,-1,-0.01,-1,-1,-0.01,-1,-1,-0.01,-1,-1,-0.01,-1,-1,-0.01,-1,-1
99926009,2026-05-18 11:42:44+05:30,53173.15,0,0.0,0,0.0,0.0,53282.15,53308.4,52783.45,53710.35,0,0.0,0.0,0.0,0.0,-0.01,-1,-1,-0.01,-1,-1,-0.01,-1,-1,-0.01,-1,-1,-0.01,-1,-1,-0.01,-1,-1,-0.01,-1,-1,-0.01,-1,-1,-0.01,-1,-1,-0.01,-1,-1
99926009,2026-05-18 11:42:44+05:30,53173.0,0,0.0,0,0.0,0.0,53282.15,53308.4,52783.45,53710.35,0,0.0,0.0,0.0,0.0,-0.01,-1,-1,-0.01,-1,-1,-0.01,-1,-1,-0.01,-1,-1,-0.01,-1,-1,-0.01,-1,-1,-0.01,-1,-1,-0.01,-1,-1,-0.01,-1,-1,-0.01,-1,-1
99926009,2026-05-18 11:42:45+05:30,53176.2,0,0.0,0,0.0,0.0,53282.15,53308.4,52783.45,53710.35,0,0.0,0.0,0.0,0.0,-0.01,-1,-1,-0.01,-1,-1,-0.01,-1,-1,-0.01,-1,-1,-0.01,-1,-1,-0.01,-1,-1,-0.01,-1,-1,-0.01,-1,-1,-0.01,-1,-1,-0.01,-1,-1
99926009,2026-05-18 11:42:45+05:30,53179.75,0,0.0,0,0.0,0.0,53282.15,53308.4,52783.45,53710.35,0,0.0,0.0,0.0,0.0,-0.01,-1,-1,-0.01,-1,-1,-0.01,-1,-1,-0.01,-1,-1,-0.01,-1,-1,-0.01,-1,-1,-0.01,-1,-1,-0.01,-1,-1,-0.01,-1,-1,-0.01,-1,-1
99926009,2026-05-18 11:42:46+05:30,53180.8,0,0.0,0,0.0,0.0,53282.15,53308.4,52783.45,53710.35,0,0.0,0.0,0.0,0.0,-0.01,-1,-1,-0.01,-1,-1,-0.01,-1,-1,-0.01,-1,-1,-0.01,-1,-1,-0.01,-1,-1,-0.01,-1,-1,-0.01,-1,-1,-0.01,-1,-1,-0.01,-1,-1
99926009,2026-05-18 11:42:46+05:30,53180.2,0,0.0,0,0.0,0.0,53282.15,53308.4,52783.45,53710.35,0,0.0,0.0,0.0,0.0,-0.01,-1,-1,-0.01,-1,-1,-0.01,-1,-1,-0.01,-1,-1,-0.01,-1,-1,-0.01,-1,-1,-0.01,-1,-1,-0.01,-1,-1,-0.01,-1,-1,-0.01,-1,-1
99926009,2026-05-18 11:42:47+05:30,53177.8,0,0.0,0,0.0,0.0,53282.15,53308.4,52783.45,53710.35,0,0.0,0.0,0.0,0.0,-0.01,-1,-1,-0.01,-1,-1,-0.01,-1,-1,-0.01,-1,-1,-0.01,-1,-1,-0.01,-1,-1,-0.01,-1,-1,-0.01,-1,-1,-0.01,-1,-1,-0.01,-1,-1
99926009,2026-05-18 11:42:47+05:30,53179.45,0,0.0,0,0.0,0.0,53282.15,53308.4,52783.45,53710.35,0,0.0,0.0,0.0,0.0,-0.01,-1,-1,-0.01,-1,-1,-0.01,-1,-1,-0.01,-1,-1,-0.01,-1,-1,-0.01,-1,-1,-0.01,-1,-1,-0.01,-1,-1,-0.01,-1,-1,-0.01,-1,-1
99926009,2026-05-18 11:42:48+05:30,53184.0,0,0.0,0,0.0,0.0,53282.15,53308.4,52783.45,53710.35,0,0.0,0.0,0.0,0.0,-0.01,-1,-1,-0.01,-1,-1,-0.01,-1,-1,-0.01,-1,-1,-0.01,-1,-1,-0.01,-1,-1,-0.01,-1,-1,-0.01,-1,-1,-0.01,-1,-1,-0.01,-1,-1
99926009,2026-05-18 11:42:48+05:30,53182.25,0,0.0,0,0.0,0.0,53282.15,53308.4,52783.45,53710.35,0,0.0,0.0,0.0,0.0,-0.01,-1,-1,-0.01,-1,-1,-0.01,-1,-1,-0.01,-1,-1,-0.01,-1,-1,-0.01,-1,-1,-0.01,-1,-1,-0.01,-1,-1,-0.01,-1,-1,-0.01,-1,-1
99926009,2026-05-18 11:42:49+05:30,53182.4,0,0.0,0,0.0,0.0,53282.15,53308.4,52783.45,53710.35,0,0.0,0.0,0.0,0.0,-0.01,-1,-1,-0.01,-1,-1,-0.01,-1,-1,-0.01,-1,-1,-0.01,-1,-1,-0.01,-1,-1,-0.01,-1,-1,-0.01,-1,-1,-0.01,-1,-1,-0.01,-1,-1
99926009,2026-05-18 11:42:49+05:30,53182.55,0,0.0,0,0.0,0.0,53282.15,53308.4,52783.45,53710.35,0,0.0,0.0,0.0,0.0,-0.01,-1,-1,-0.01,-1,-1,-0.01,-1,-1,-0.01,-1,-1,-0.01,-1,-1,-0.01,-1,-1,-0.01,-1,-1,-0.01,-1,-1,-0.01,-1,-1,-0.01,-1,-1
99926009,2026-05-18 11:42:50+05:30,53184.95,0,0.0,0,0.0,0.0,53282.15,53308.4,52783.45,53710.35,0,0.0,0.0,0.0,0.0,-0.01,-1,-1,-0.01,-1,-1,-0.01,-1,-1,-0.01,-1,-1,-0.01,-1,-1,-0.01,-1,-1,-0.01,-1,-1,-0.01,-1,-1,-0.01,-1,-1,-0.01,-1,-1
99926009,2026-05-18 11:42:50+05:30,53187.2,0,0.0,0,0.0,0.0,53282.15,53308.4,52783.45,53710.35,0,0.0,0.0,0.0,0.0,-0.01,-1,-1,-0.01,-1,-1,-0.01,-1,-1,-0.01,-1,-1,-0.01,-1,-1,-0.01,-1,-1,-0.01,-1,-1,-0.01,-1,-1,-0.01,-1,-1,-0.01,-1,-1
99926009,2026-05-18 11:42:51+05:30,53184.9,0,0.0,0,0.0,0.0,53282.15,53308.4,52783.45,53710.35,0,0.0,0.0,0.0,0.0,-0.01,-1,-1,-0.01,-1,-1,-0.01,-1,-1,-0.01,-1,-1,-0.01,-1,-1,-0.01,-1,-1,-0.01,-1,-1,-0.01,-1,-1,-0.01,-1,-1,-0.01,-1,-1
99926009,2026-05-18 11:42:51+05:30,53186.25,0,0.0,0,0.0,0.0,53282.15,53308.4,52783.45,53710.35,0,0.0,0.0,0.0,0.0,-0.01,-1,-1,-0.01,-1,-1,-0.01,-1,-1,-0.01,-1,-1,-0.01,-1,-1,-0.01,-1,-1,-0.01,-1,-1,-0.01,-1,-1,-0.01,-1,-1,-0.01,-1,-1
99926009,2026-05-18 11:42:52+05:30,53184.15,0,0.0,0,0.0,0.0,53282.15,53308.4,52783.45,53710.35,0,0.0,0.0,0.0,0.0,-0.01,-1,-1,-0.01,-1,-1,-0.01,-1,-1,-0.01,-1,-1,-0.01,-1,-1,-0.01,-1,-1,-0.01,-1,-1,-0.01,-1,-1,-0.01,-1,-1,-0.01,-1,-1
99926009,2026-05-18 11:42:52+05:30,53186.85,0,0.0,0,0.0,0.0,53282.15,53308.4,52783.45,53710.35,0,0.0,0.0,0.0,0.0,-0.01,-1,-1,-0.01,-1,-1,-0.01,-1,-1,-0.01,-1,-1,-0.01,-1,-1,-0.01,-1,-1,-0.01,-1,-1,-0.01,-1,-1,-0.01,-1,-1,-0.01,-1,-1
99926009,2026-05-18 11:42:53+05:30,53187.4,0,0.0,0,0.0,0.0,53282.15,53308.4,52783.45,53710.35,0,0.0,0.0,0.0,0.0,-0.01,-1,-1,-0.01,-1,-1,-0.01,-1,-1,-0.01,-1,-1,-0.01,-1,-1,-0.01,-1,-1,-0.01,-1,-1,-0.01,-1,-1,-0.01,-1,-1,-0.01,-1,-1
99926009,2026-05-18 11:42:53+05:30,53186.75,0,0.0,0,0.0,0.0,53282.15,53308.4,52783.45,53710.35,0,0.0,0.0,0.0,0.0,-0.01,-1,-1,-0.01,-1,-1,-0.01,-1,-1,-0.01,-1,-1,-0.01,-1,-1,-0.01,-1,-1,-0.01,-1,-1,-0.01,-1,-1,-0.01,-1,-1,-0.01,-1,-1
99926009,2026-05-18 11:42:54+05:30,53187.25,0,0.0,0,0.0,0.0,53282.15,53308.4,52783.45,53710.35,0,0.0,0.0,0.0,0.0,-0.01,-1,-1,-0.01,-1,-1,-0.01,-1,-1,-0.01,-1,-1,-0.01,-1,-1,-0.01,-1,-1,-0.01,-1,-1,-0.01,-1,-1,-0.01,-1,-1,-0.01,-1,-1
99926009,2026-05-18 11:42:54+05:30,53185.3,0,0.0,0,0.0,0.0,53282.15,53308.4,52783.45,53710.35,0,0.0,0.0,0.0,0.0,-0.01,-1,-1,-0.01,-1,-1,-0.01,-1,-1,-0.01,-1,-1,-0.01,-1,-1,-0.01,-1,-1,-0.01,-1,-1,-0.01,-1,-1,-0.01,-1,-1,-0.01,-1,-1
99926009,2026-05-18 11:42:55+05:30,53180.0,0,0.0,0,0.0,0.0,53282.15,53308.4,52783.45,53710.35,0,0.0,0.0,0.0,0.0,-0.01,-1,-1,-0.01,-1,-1,-0.01,-1,-1,-0.01,-1,-1,-0.01,-1,-1,-0.01,-1,-1,-0.01,-1,-1,-0.01,-1,-1,-0.01,-1,-1,-0.01,-1,-1
99926009,2026-05-18 11:42:55+05:30,53180.6,0,0.0,0,0.0,0.0,53282.15,53308.4,52783.45,53710.35,0,0.0,0.0,0.0,0.0,-0.01,-1,-1,-0.01,-1,-1,-0.01,-1,-1,-0.01,-1,-1,-0.01,-1,-1,-0.01,-1,-1,-0.01,-1,-1,-0.01,-1,-1,-0.01,-1,-1,-0.01,-1,-1
99926009,2026-05-18 11:42:56+05:30,53177.45,0,0.0,0,0.0,0.0,53282.15,53308.4,52783.45,53710.35,0,0.0,0.0,0.0,0.0,-0.01,-1,-1,-0.01,-1,-1,-0.01,-1,-1,-0.01,-1,-1,-0.01,-1,-1,-0.01,-1,-1,-0.01,-1,-1,-0.01,-1,-1,-0.01,-1,-1,-0.01,-1,-1
99926009,2026-05-18 11:42:56+05:30,53176.95,0,0.0,0,0.0,0.0,53282.15,53308.4,52783.45,53710.35,0,0.0,0.0,0.0,0.0,-0.01,-1,-1,-0.01,-1,-1,-0.01,-1,-1,-0.01,-1,-1,-0.01,-1,-1,-0.01,-1,-1,-0.01,-1,-1,-0.01,-1,-1,-0.01,-1,-1,-0.01,-1,-1
99926009,2026-05-18 11:42:57+05:30,53177.4,0,0.0,0,0.0,0.0,53282.15,53308.4,52783.45,53710.35,0,0.0,0.0,0.0,0.0,-0.01,-1,-1,-0.01,-1,-1,-0.01,-1,-1,-0.01,-1,-1,-0.01,-1,-1,-0.01,-1,-1,-0.01,-1,-1,-0.01,-1,-1,-0.01,-1,-1,-0.01,-1,-1
99926009,2026-05-18 11:42:57+05:30,53176.75,0,0.0,0,0.0,0.0,53282.15,53308.4,52783.45,53710.35,0,0.0,0.0,0.0,0.0,-0.01,-1,-1,-0.01,-1,-1,-0.01,-1,-1,-0.01,-1,-1,-0.01,-1,-1,-0.01,-1,-1,-0.01,-1,-1,-0.01,-1,-1,-0.01,-1,-1,-0.01,-1,-1
99926009,2026-05-18 11:42:58+05:30,53177.25,0,0.0,0,0.0,0.0,53282.15,53308.4,52783.45,53710.35,0,0.0,0.0,0.0,0.0,-0.01,-1,-1,-0.01,-1,-1,-0.01,-1,-1,-0.01,-1,-1,-0.01,-1,-1,-0.01,-1,-1,-0.01,-1,-1,-0.01,-1,-1,-0.01,-1,-1,-0.01,-1,-1
99926009,2026-05-18 11:42:58+05:30,53177.05,0,0.0,0,0.0,0.0,53282.15,53308.4,52783.45,53710.35,0,0.0,0.0,0.0,0.0,-0.01,-1,-1,-0.01,-1,-1,-0.01,-1,-1,-0.01,-1,-1,-0.01,-1,-1,-0.01,-1,-1,-0.01,-1,-1,-0.01,-1,-1,-0.01,-1,-1,-0.01,-1,-1
99926009,2026-05-18 11:42:59+05:30,53178.4,0,0.0,0,0.0,0.0,53282.15,53308.4,52783.45,53710.35,0,0.0,0.0,0.0,0.0,-0.01,-1,-1,-0.01,-1,-1,-0.01,-1,-1,-0.01,-1,-1,-0.01,-1,-1,-0.01,-1,-1,-0.01,-1,-1,-0.01,-1,-1,-0.01,-1,-1,-0.01,-1,-1
99926009,2026-05-18 11:42:59+05:30,53180.35,0,0.0,0,0.0,0.0,53282.15,53308.4,52783.45,53710.35,0,0.0,0.0,0.0,0.0,-0.01,-1,-1,-0.01,-1,-1,-0.01,-1,-1,-0.01,-1,-1,-0.01,-1,-1,-0.01,-1,-1,-0.01,-1,-1,-0.01,-1,-1,-0.01,-1,-1,-0.01,-1,-1
99926009,2026-05-18 11:43:00+05:30,53183.05,0,0.0,0,0.0,0.0,53282.15,53308.4,52783.45,53710.35,0,0.0,0.0,0.0,0.0,-0.01,-1,-1,-0.01,-1,-1,-0.01,-1,-1,-0.01,-1,-1,-0.01,-1,-1,-0.01,-1,-1,-0.01,-1,-1,-0.01,-1,-1,-0.01,-1,-1,-0.01,-1,-1
99926009,2026-05-18 11:43:00+05:30,53184.6,0,0.0,0,0.0,0.0,53282.15,53308.4,52783.45,53710.35,0,0.0,0.0,0.0,0.0,-0.01,-1,-1,-0.01,-1,-1,-0.01,-1,-1,-0.01,-1,-1,-0.01,-1,-1,-0.01,-1,-1,-0.01,-1,-1,-0.01,-1,-1,-0.01,-1,-1,-0.01,-1,-1
99926009,2026-05-18 11:43:01+05:30,53183.25,0,0.0,0,0.0,0.0,53282.15,53308.4,52783.45,53710.35,0,0.0,0.0,0.0,0.0,-0.01,-1,-1,-0.01,-1,-1,-0.01,-1,-1,-0.01,-1,-1,-0.01,-1,-1,-0.01,-1,-1,-0.01,-1,-1,-0.01,-1,-1,-0.01,-1,-1,-0.01,-1,-1
99926009,2026-05-18 11:43:01+05:30,53188.35,0,0.0,0,0.0,0.0,53282.15,53308.4,52783.45,53710.35,0,0.0,0.0,0.0,0.0,-0.01,-1,-1,-0.01,-1,-1,-0.01,-1,-1,-0.01,-1,-1,-0.01,-1,-1,-0.01,-1,-1,-0.01,-1,-1,-0.01,-1,-1,-0.01,-1,-1,-0.01,-1,-1
99926009,2026-05-18 11:43:02+05:30,53186.8,0,0.0,0,0.0,0.0,53282.15,53308.4,52783.45,53710.35,0,0.0,0.0,0.0,0.0,-0.01,-1,-1,-0.01,-1,-1,-0.01,-1,-1,-0.01,-1,-1,-0.01,-1,-1,-0.01,-1,-1,-0.01,-1,-1,-0.01,-1,-1,-0.01,-1,-1,-0.01,-1,-1
99926009,2026-05-18 11:43:02+05:30,53187.55,0,0.0,0,0.0,0.0,53282.15,53308.4,52783.45,53710.35,0,0.0,0.0,0.0,0.0,-0.01,-1,-1,-0.01,-1,-1,-0.01,-1,-1,-0.01,-1,-1,-0.01,-1,-1,-0.01,-1,-1,-0.01,-1,-1,-0.01,-1,-1,-0.01,-1,-1,-0.01,-1,-1
99926009,2026-05-18 11:43:03+05:30,53189.1,0,0.0,0,0.0,0.0,53282.15,53308.4,52783.45,53710.35,0,0.0,0.0,0.0,0.0,-0.01,-1,-1,-0.01,-1,-1,-0.01,-1,-1,-0.01,-1,-1,-0.01,-1,-1,-0.01,-1,-1,-0.01,-1,-1,-0.01,-1,-1,-0.01,-1,-1,-0.01,-1,-1
99926009,2026-05-18 11:43:03+05:30,53188.95,0,0.0,0,0.0,0.0,53282.15,53308.4,52783.45,53710.35,0,0.0,0.0,0.0,0.0,-0.01,-1,-1,-0.01,-1,-1,-0.01,-1,-1,-0.01,-1,-1,-0.01,-1,-1,-0.01,-1,-1,-0.01,-1,-1,-0.01,-1,-1,-0.01,-1,-1,-0.01,-1,-1
99926009,2026-05-18 11:43:04+05:30,53188.25,0,0.0,0,0.0,0.0,53282.15,53308.4,52783.45,53710.35,0,0.0,0.0,0.0,0.0,-0.01,-1,-1,-0.01,-1,-1,-0.01,-1,-1,-0.01,-1,-1,-0.01,-1,-1,-0.01,-1,-1,-0.01,-1,-1,-0.01,-1,-1,-0.01,-1,-1,-0.01,-1,-1
99926009,2026-05-18 11:43:04+05:30,53187.6,0,0.0,0,0.0,0.0,53282.15,53308.4,52783.45,53710.35,0,0.0,0.0,0.0,0.0,-0.01,-1,-1,-0.01,-1,-1,-0.01,-1,-1,-0.01,-1,-1,-0.01,-1,-1,-0.01,-1,-1,-0.01,-1,-1,-0.01,-1,-1,-0.01,-1,-1,-0.01,-1,-1
99926009,2026-05-18 11:43:05+05:30,53188.2,0,0.0,0,0.0,0.0,53282.15,53308.4,52783.45,53710.35,0,0.0,0.0,0.0,0.0,-0.01,-1,-1,-0.01,-1,-1,-0.01,-1,-1,-0.01,-1,-1,-0.01,-1,-1,-0.01,-1,-1,-0.01,-1,-1,-0.01,-1,-1,-0.01,-1,-1,-0.01,-1,-1
99926009,2026-05-18 11:43:05+05:30,53191.3,0,0.0,0,0.0,0.0,53282.15,53308.4,52783.45,53710.35,0,0.0,0.0,0.0,0.0,-0.01,-1,-1,-0.01,-1,-1,-0.01,-1,-1,-0.01,-1,-1,-0.01,-1,-1,-0.01,-1,-1,-0.01,-1,-1,-0.01,-1,-1,-0.01,-1,-1,-0.01,-1,-1
99926009,2026-05-18 11:43:06+05:30,53190.1,0,0.0,0,0.0,0.0,53282.15,53308.4,52783.45,53710.35,0,0.0,0.0,0.0,0.0,-0.01,-1,-1,-0.01,-1,-1,-0.01,-1,-1,-0.01,-1,-1,-0.01,-1,-1,-0.01,-1,-1,-0.01,-1,-1,-0.01,-1,-1,-0.01,-1,-1,-0.01,-1,-1
99926009,2026-05-18 11:43:06+05:30,53191.7,0,0.0,0,0.0,0.0,53282.15,53308.4,52783.45,53710.35,0,0.0,0.0,0.0,0.0,-0.01,-1,-1,-0.01,-1,-1,-0.01,-1,-1,-0.01,-1,-1,-0.01,-1,-1,-0.01,-1,-1,-0.01,-1,-1,-0.01,-1,-1,-0.01,-1,-1,-0.01,-1,-1
99926009,2026-05-18 11:43:07+05:30,53195.5,0,0.0,0,0.0,0.0,53282.15,53308.4,52783.45,53710.35,0,0.0,0.0,0.0,0.0,-0.01,-1,-1,-0.01,-1,-1,-0.01,-1,-1,-0.01,-1,-1,-0.01,-1,-1,-0.01,-1,-1,-0.01,-1,-1,-0.01,-1,-1,-0.01,-1,-1,-0.01,-1,-1
99926009,2026-05-18 11:43:07+05:30,53195.8,0,0.0,0,0.0,0.0,53282.15,53308.4,52783.45,53710.35,0,0.0,0.0,0.0,0.0,-0.01,-1,-1,-0.01,-1,-1,-0.01,-1,-1,-0.01,-1,-1,-0.01,-1,-1,-0.01,-1,-1,-0.01,-1,-1,-0.01,-1,-1,-0.01,-1,-1,-0.01,-1,-1
99926009,2026-05-18 11:43:08+05:30,53193.7,0,0.0,0,0.0,0.0,53282.15,53308.4,52783.45,53710.35,0,0.0,0.0,0.0,0.0,-0.01,-1,-1,-0.01,-1,-1,-0.01,-1,-1,-0.01,-1,-1,-0.01,-1,-1,-0.01,-1,-1,-0.01,-1,-1,-0.01,-1,-1,-0.01,-1,-1,-0.01,-1,-1
99926009,2026-05-18 11:43:08+05:30,53195.3,0,0.0,0,0.0,0.0,53282.15,53308.4,52783.45,53710.35,0,0.0,0.0,0.0,0.0,-0.01,-1,-1,-0.01,-1,-1,-0.01,-1,-1,-0.01,-1,-1,-0.01,-1,-1,-0.01,-1,-1,-0.01,-1,-1,-0.01,-1,-1,-0.01,-1,-1,-0.01,-1,-1
99926009,2026-05-18 11:43:09+05:30,53201.4,0,0.0,0,0.0,0.0,53282.15,53308.4,52783.45,53710.35,0,0.0,0.0,0.0,0.0,-0.01,-1,-1,-0.01,-1,-1,-0.01,-1,-1,-0.01,-1,-1,-0.01,-1,-1,-0.01,-1,-1,-0.01,-1,-1,-0.01,-1,-1,-0.01,-1,-1,-0.01,-1,-1
99926009,2026-05-18 11:43:09+05:30,53200.7,0,0.0,0,0.0,0.0,53282.15,53308.4,52783.45,53710.35,0,0.0,0.0,0.0,0.0,-0.01,-1,-1,-0.01,-1,-1,-0.01,-1,-1,-0.01,-1,-1,-0.01,-1,-1,-0.01,-1,-1,-0.01,-1,-1,-0.01,-1,-1,-0.01,-1,-1,-0.01,-1,-1
99926009,2026-05-18 11:43:10+05:30,53203.05,0,0.0,0,0.0,0.0,53282.15,53308.4,52783.45,53710.35,0,0.0,0.0,0.0,0.0,-0.01,-1,-1,-0.01,-1,-1,-0.01,-1,-1,-0.01,-1,-1,-0.01,-1,-1,-0.01,-1,-1,-0.01,-1,-1,-0.01,-1,-1,-0.01,-1,-1,-0.01,-1,-1
99926009,2026-05-18 11:43:10+05:30,53203.15,0,0.0,0,0.0,0.0,53282.15,53308.4,52783.45,53710.35,0,0.0,0.0,0.0,0.0,-0.01,-1,-1,-0.01,-1,-1,-0.01,-1,-1,-0.01,-1,-1,-0.01,-1,-1,-0.01,-1,-1,-0.01,-1,-1,-0.01,-1,-1,-0.01,-1,-1,-0.01,-1,-1
99926009,2026-05-18 11:43:11+05:30,53201.25,0,0.0,0,0.0,0.0,53282.15,53308.4,52783.45,53710.35,0,0.0,0.0,0.0,0.0,-0.01,-1,-1,-0.01,-1,-1,-0.01,-1,-1,-0.01,-1,-1,-0.01,-1,-1,-0.01,-1,-1,-0.01,-1,-1,-0.01,-1,-1,-0.01,-1,-1,-0.01,-1,-1
99926009,2026-05-18 11:43:11+05:30,53199.95,0,0.0,0,0.0,0.0,53282.15,53308.4,52783.45,53710.35,0,0.0,0.0,0.0,0.0,-0.01,-1,-1,-0.01,-1,-1,-0.01,-1,-1,-0.01,-1,-1,-0.01,-1,-1,-0.01,-1,-1,-0.01,-1,-1,-0.01,-1,-1,-0.01,-1,-1,-0.01,-1,-1
99926009,2026-05-18 11:43:12+05:30,53205.55,0,0.0,0,0.0,0.0,53282.15,53308.4,52783.45,53710.35,0,0.0,0.0,0.0,0.0,-0.01,-1,-1,-0.01,-1,-1,-0.01,-1,-1,-0.01,-1,-1,-0.01,-1,-1,-0.01,-1,-1,-0.01,-1,-1,-0.01,-1,-1,-0.01,-1,-1,-0.01,-1,-1
99926009,2026-05-18 11:43:12+05:30,53204.85,0,0.0,0,0.0,0.0,53282.15,53308.4,52783.45,53710.35,0,0.0,0.0,0.0,0.0,-0.01,-1,-1,-0.01,-1,-1,-0.01,-1,-1,-0.01,-1,-1,-0.01,-1,-1,-0.01,-1,-1,-0.01,-1,-1,-0.01,-1,-1,-0.01,-1,-1,-0.01,-1,-1
99926009,2026-05-18 11:43:13+05:30,53206.6,0,0.0,0,0.0,0.0,53282.15,53308.4,52783.45,53710.35,0,0.0,0.0,0.0,0.0,-0.01,-1,-1,-0.01,-1,-1,-0.01,-1,-1,-0.01,-1,-1,-0.01,-1,-1,-0.01,-1,-1,-0.01,-1,-1,-0.01,-1,-1,-0.01,-1,-1,-0.01,-1,-1
99926009,2026-05-18 11:43:13+05:30,53202.85,0,0.0,0,0.0,0.0,53282.15,53308.4,52783.45,53710.35,0,0.0,0.0,0.0,0.0,-0.01,-1,-1,-0.01,-1,-1,-0.01,-1,-1,-0.01,-1,-1,-0.01,-1,-1,-0.01,-1,-1,-0.01,-1,-1,-0.01,-1,-1,-0.01,-1,-1,-0.01,-1,-1
99926009,2026-05-18 11:43:14+05:30,53200.05,0,0.0,0,0.0,0.0,53282.15,53308.4,52783.45,53710.35,0,0.0,0.0,0.0,0.0,-0.01,-1,-1,-0.01,-1,-1,-0.01,-1,-1,-0.01,-1,-1,-0.01,-1,-1,-0.01,-1,-1,-0.01,-1,-1,-0.01,-1,-1,-0.01,-1,-1,-0.01,-1,-1
99926009,2026-05-18 11:43:14+05:30,53200.85,0,0.0,0,0.0,0.0,53282.15,53308.4,52783.45,53710.35,0,0.0,0.0,0.0,0.0,-0.01,-1,-1,-0.01,-1,-1,-0.01,-1,-1,-0.01,-1,-1,-0.01,-1,-1,-0.01,-1,-1,-0.01,-1,-1,-0.01,-1,-1,-0.01,-1,-1,-0.01,-1,-1
99926009,2026-05-18 11:43:15+05:30,53203.7,0,0.0,0,0.0,0.0,53282.15,53308.4,52783.45,53710.35,0,0.0,0.0,0.0,0.0,-0.01,-1,-1,-0.01,-1,-1,-0.01,-1,-1,-0.01,-1,-1,-0.01,-1,-1,-0.01,-1,-1,-0.01,-1,-1,-0.01,-1,-1,-0.01,-1,-1,-0.01,-1,-1
99926009,2026-05-18 11:43:15+05:30,53206.15,0,0.0,0,0.0,0.0,53282.15,53308.4,52783.45,53710.35,0,0.0,0.0,0.0,0.0,-0.01,-1,-1,-0.01,-1,-1,-0.01,-1,-1,-0.01,-1,-1,-0.01,-1,-1,-0.01,-1,-1,-0.01,-1,-1,-0.01,-1,-1,-0.01,-1,-1,-0.01,-1,-1
99926009,2026-05-18 11:43:16+05:30,53205.25,0,0.0,0,0.0,0.0,53282.15,53308.4,52783.45,53710.35,0,0.0,0.0,0.0,0.0,-0.01,-1,-1,-0.01,-1,-1,-0.01,-1,-1,-0.01,-1,-1,-0.01,-1,-1,-0.01,-1,-1,-0.01,-1,-1,-0.01,-1,-1,-0.01,-1,-1,-0.01,-1,-1
99926009,2026-05-18 11:43:16+05:30,53207.1,0,0.0,0,0.0,0.0,53282.15,53308.4,52783.45,53710.35,0,0.0,0.0,0.0,0.0,-0.01,-1,-1,-0.01,-1,-1,-0.01,-1,-1,-0.01,-1,-1,-0.01,-1,-1,-0.01,-1,-1,-0.01,-1,-1,-0.01,-1,-1,-0.01,-1,-1,-0.01,-1,-1
99926009,2026-05-18 11:43:17+05:30,53203.0,0,0.0,0,0.0,0.0,53282.15,53308.4,52783.45,53710.35,0,0.0,0.0,0.0,0.0,-0.01,-1,-1,-0.01,-1,-1,-0.01,-1,-1,-0.01,-1,-1,-0.01,-1,-1,-0.01,-1,-1,-0.01,-1,-1,-0.01,-1,-1,-0.01,-1,-1,-0.01,-1,-1
99926009,2026-05-18 11:43:17+05:30,53202.8,0,0.0,0,0.0,0.0,53282.15,53308.4,52783.45,53710.35,0,0.0,0.0,0.0,0.0,-0.01,-1,-1,-0.01,-1,-1,-0.01,-1,-1,-0.01,-1,-1,-0.01,-1,-1,-0.01,-1,-1,-0.01,-1,-1,-0.01,-1,-1,-0.01,-1,-1,-0.01,-1,-1
99926009,2026-05-18 11:43:18+05:30,53203.25,0,0.0,0,0.0,0.0,53282.15,53308.4,52783.45,53710.35,0,0.0,0.0,0.0,0.0,-0.01,-1,-1,-0.01,-1,-1,-0.01,-1,-1,-0.01,-1,-1,-0.01,-1,-1,-0.01,-1,-1,-0.01,-1,-1,-0.01,-1,-1,-0.01,-1,-1,-0.01,-1,-1
99926009,2026-05-18 11:43:18+05:30,53202.3,0,0.0,0,0.0,0.0,53282.15,53308.4,52783.45,53710.35,0,0.0,0.0,0.0,0.0,-0.01,-1,-1,-0.01,-1,-1,-0.01,-1,-1,-0.01,-1,-1,-0.01,-1,-1,-0.01,-1,-1,-0.01,-1,-1,-0.01,-1,-1,-0.01,-1,-1,-0.01,-1,-1
99926009,2026-05-18 11:43:19+05:30,53202.3,0,0.0,0,0.0,0.0,53282.15,53308.4,52783.45,53710.35,0,0.0,0.0,0.0,0.0,-0.01,-1,-1,-0.01,-1,-1,-0.01,-1,-1,-0.01,-1,-1,-0.01,-1,-1,-0.01,-1,-1,-0.01,-1,-1,-0.01,-1,-1,-0.01,-1,-1,-0.01,-1,-1
99926009,2026-05-18 11:43:19+05:30,53201.65,0,0.0,0,0.0,0.0,53282.15,53308.4,52783.45,53710.35,0,0.0,0.0,0.0,0.0,-0.01,-1,-1,-0.01,-1,-1,-0.01,-1,-1,-0.01,-1,-1,-0.01,-1,-1,-0.01,-1,-1,-0.01,-1,-1,-0.01,-1,-1,-0.01,-1,-1,-0.01,-1,-1
99926009,2026-05-18 11:43:20+05:30,53203.75,0,0.0,0,0.0,0.0,53282.15,53308.4,52783.45,53710.35,0,0.0,0.0,0.0,0.0,-0.01,-1,-1,-0.01,-1,-1,-0.01,-1,-1,-0.01,-1,-1,-0.01,-1,-1,-0.01,-1,-1,-0.01,-1,-1,-0.01,-1,-1,-0.01,-1,-1,-0.01,-1,-1
99926009,2026-05-18 11:43:20+05:30,53202.25,0,0.0,0,0.0,0.0,53282.15,53308.4,52783.45,53710.35,0,0.0,0.0,0.0,0.0,-0.01,-1,-1,-0.01,-1,-1,-0.01,-1,-1,-0.01,-1,-1,-0.01,-1,-1,-0.01,-1,-1,-0.01,-1,-1,-0.01,-1,-1,-0.01,-1,-1,-0.01,-1,-1
99926009,2026-05-18 11:43:21+05:30,53201.05,0,0.0,0,0.0,0.0,53282.15,53308.4,52783.45,53710.35,0,0.0,0.0,0.0,0.0,-0.01,-1,-1,-0.01,-1,-1,-0.01,-1,-1,-0.01,-1,-1,-0.01,-1,-1,-0.01,-1,-1,-0.01,-1,-1,-0.01,-1,-1,-0.01,-1,-1,-0.01,-1,-1
99926009,2026-05-18 11:43:21+05:30,53205.5,0,0.0,0,0.0,0.0,53282.15,53308.4,52783.45,53710.35,0,0.0,0.0,0.0,0.0,-0.01,-1,-1,-0.01,-1,-1,-0.01,-1,-1,-0.01,-1,-1,-0.01,-1,-1,-0.01,-1,-1,-0.01,-1,-1,-0.01,-1,-1,-0.01,-1,-1,-0.01,-1,-1
99926009,2026-05-18 11:43:22+05:30,53209.5,0,0.0,0,0.0,0.0,53282.15,53308.4,52783.45,53710.35,0,0.0,0.0,0.0,0.0,-0.01,-1,-1,-0.01,-1,-1,-0.01,-1,-1,-0.01,-1,-1,-0.01,-1,-1,-0.01,-1,-1,-0.01,-1,-1,-0.01,-1,-1,-0.01,-1,-1,-0.01,-1,-1
99926009,2026-05-18 11:43:22+05:30,53211.45,0,0.0,0,0.0,0.0,53282.15,53308.4,52783.45,53710.35,0,0.0,0.0,0.0,0.0,-0.01,-1,-1,-0.01,-1,-1,-0.01,-1,-1,-0.01,-1,-1,-0.01,-1,-1,-0.01,-1,-1,-0.01,-1,-1,-0.01,-1,-1,-0.01,-1,-1,-0.01,-1,-1
99926009,2026-05-18 11:43:23+05:30,53207.95,0,0.0,0,0.0,0.0,53282.15,53308.4,52783.45,53710.35,0,0.0,0.0,0.0,0.0,-0.01,-1,-1,-0.01,-1,-1,-0.01,-1,-1,-0.01,-1,-1,-0.01,-1,-1,-0.01,-1,-1,-0.01,-1,-1,-0.01,-1,-1,-0.01,-1,-1,-0.01,-1,-1
99926009,2026-05-18 11:43:23+05:30,53208.5,0,0.0,0,0.0,0.0,53282.15,53308.4,52783.45,53710.35,0,0.0,0.0,0.0,0.0,-0.01,-1,-1,-0.01,-1,-1,-0.01,-1,-1,-0.01,-1,-1,-0.01,-1,-1,-0.01,-1,-1,-0.01,-1,-1,-0.01,-1,-1,-0.01,-1,-1,-0.01,-1,-1
99926009,2026-05-18 11:43:24+05:30,53208.5,0,0.0,0,0.0,0.0,53282.15,53308.4,52783.45,53710.35,0,0.0,0.0,0.0,0.0,-0.01,-1,-1,-0.01,-1,-1,-0.01,-1,-1,-0.01,-1,-1,-0.01,-1,-1,-0.01,-1,-1,-0.01,-1,-1,-0.01,-1,-1,-0.01,-1,-1,-0.01,-1,-1
99926009,2026-05-18 11:43:24+05:30,53206.15,0,0.0,0,0.0,0.0,53282.15,53308.4,52783.45,53710.35,0,0.0,0.0,0.0,0.0,-0.01,-1,-1,-0.01,-1,-1,-0.01,-1,-1,-0.01,-1,-1,-0.01,-1,-1,-0.01,-1,-1,-0.01,-1,-1,-0.01,-1,-1,-0.01,-1,-1,-0.01,-1,-1
99926009,2026-05-18 11:43:25+05:30,53207.25,0,0.0,0,0.0,0.0,53282.15,53308.4,52783.45,53710.35,0,0.0,0.0,0.0,0.0,-0.01,-1,-1,-0.01,-1,-1,-0.01,-1,-1,-0.01,-1,-1,-0.01,-1,-1,-0.01,-1,-1,-0.01,-1,-1,-0.01,-1,-1,-0.01,-1,-1,-0.01,-1,-1
99926009,2026-05-18 11:43:25+05:30,53206.5,0,0.0,0,0.0,0.0,53282.15,53308.4,52783.45,53710.35,0,0.0,0.0,0.0,0.0,-0.01,-1,-1,-0.01,-1,-1,-0.01,-1,-1,-0.01,-1,-1,-0.01,-1,-1,-0.01,-1,-1,-0.01,-1,-1,-0.01,-1,-1,-0.01,-1,-1,-0.01,-1,-1
99926009,2026-05-18 11:43:26+05:30,53204.35,0,0.0,0,0.0,0.0,53282.15,53308.4,52783.45,53710.35,0,0.0,0.0,0.0,0.0,-0.01,-1,-1,-0.01,-1,-1,-0.01,-1,-1,-0.01,-1,-1,-0.01,-1,-1,-0.01,-1,-1,-0.01,-1,-1,-0.01,-1,-1,-0.01,-1,-1,-0.01,-1,-1
99926009,2026-05-18 11:43:26+05:30,53203.15,0,0.0,0,0.0,0.0,53282.15,53308.4,52783.45,53710.35,0,0.0,0.0,0.0,0.0,-0.01,-1,-1,-0.01,-1,-1,-0.01,-1,-1,-0.01,-1,-1,-0.01,-1,-1,-0.01,-1,-1,-0.01,-1,-1,-0.01,-1,-1,-0.01,-1,-1,-0.01,-1,-1
99926009,2026-05-18 11:43:27+05:30,53203.15,0,0.0,0,0.0,0.0,53282.15,53308.4,52783.45,53710.35,0,0.0,0.0,0.0,0.0,-0.01,-1,-1,-0.01,-1,-1,-0.01,-1,-1,-0.01,-1,-1,-0.01,-1,-1,-0.01,-1,-1,-0.01,-1,-1,-0.01,-1,-1,-0.01,-1,-1,-0.01,-1,-1
99926009,2026-05-18 11:43:27+05:30,53202.75,0,0.0,0,0.0,0.0,53282.15,53308.4,52783.45,53710.35,0,0.0,0.0,0.0,0.0,-0.01,-1,-1,-0.01,-1,-1,-0.01,-1,-1,-0.01,-1,-1,-0.01,-1,-1,-0.01,-1,-1,-0.01,-1,-1,-0.01,-1,-1,-0.01,-1,-1,-0.01,-1,-1
99926009,2026-05-18 11:43:28+05:30,53202.15,0,0.0,0,0.0,0.0,53282.15,53308.4,52783.45,53710.35,0,0.0,0.0,0.0,0.0,-0.01,-1,-1,-0.01,-1,-1,-0.01,-1,-1,-0.01,-1,-1,-0.01,-1,-1,-0.01,-1,-1,-0.01,-1,-1,-0.01,-1,-1,-0.01,-1,-1,-0.01,-1,-1
99926009,2026-05-18 11:43:28+05:30,53202.55,0,0.0,0,0.0,0.0,53282.15,53308.4,52783.45,53710.35,0,0.0,0.0,0.0,0.0,-0.01,-1,-1,-0.01,-1,-1,-0.01,-1,-1,-0.01,-1,-1,-0.01,-1,-1,-0.01,-1,-1,-0.01,-1,-1,-0.01,-1,-1,-0.01,-1,-1,-0.01,-1,-1
99926009,2026-05-18 11:43:29+05:30,53202.7,0,0.0,0,0.0,0.0,53282.15,53308.4,52783.45,53710.35,0,0.0,0.0,0.0,0.0,-0.01,-1,-1,-0.01,-1,-1,-0.01,-1,-1,-0.01,-1,-1,-0.01,-1,-1,-0.01,-1,-1,-0.01,-1,-1,-0.01,-1,-1,-0.01,-1,-1,-0.01,-1,-1
99926009,2026-05-18 11:43:29+05:30,53201.4,0,0.0,0,0.0,0.0,53282.15,53308.4,52783.45,53710.35,0,0.0,0.0,0.0,0.0,-0.01,-1,-1,-0.01,-1,-1,-0.01,-1,-1,-0.01,-1,-1,-0.01,-1,-1,-0.01,-1,-1,-0.01,-1,-1,-0.01,-1,-1,-0.01,-1,-1,-0.01,-1,-1
99926009,2026-05-18 11:43:30+05:30,53203.95,0,0.0,0,0.0,0.0,53282.15,53308.4,52783.45,53710.35,0,0.0,0.0,0.0,0.0,-0.01,-1,-1,-0.01,-1,-1,-0.01,-1,-1,-0.01,-1,-1,-0.01,-1,-1,-0.01,-1,-1,-0.01,-1,-1,-0.01,-1,-1,-0.01,-1,-1,-0.01,-1,-1
99926009,2026-05-18 11:43:30+05:30,53206.4,0,0.0,0,0.0,0.0,53282.15,53308.4,52783.45,53710.35,0,0.0,0.0,0.0,0.0,-0.01,-1,-1,-0.01,-1,-1,-0.01,-1,-1,-0.01,-1,-1,-0.01,-1,-1,-0.01,-1,-1,-0.01,-1,-1,-0.01,-1,-1,-0.01,-1,-1,-0.01,-1,-1
99926009,2026-05-18 11:43:31+05:30,53207.3,0,0.0,0,0.0,0.0,53282.15,53308.4,52783.45,53710.35,0,0.0,0.0,0.0,0.0,-0.01,-1,-1,-0.01,-1,-1,-0.01,-1,-1,-0.01,-1,-1,-0.01,-1,-1,-0.01,-1,-1,-0.01,-1,-1,-0.01,-1,-1,-0.01,-1,-1,-0.01,-1,-1
99926009,2026-05-18 11:43:31+05:30,53206.8,0,0.0,0,0.0,0.0,53282.15,53308.4,52783.45,53710.35,0,0.0,0.0,0.0,0.0,-0.01,-1,-1,-0.01,-1,-1,-0.01,-1,-1,-0.01,-1,-1,-0.01,-1,-1,-0.01,-1,-1,-0.01,-1,-1,-0.01,-1,-1,-0.01,-1,-1,-0.01,-1,-1
99926009,2026-05-18 11:43:32+05:30,53203.85,0,0.0,0,0.0,0.0,53282.15,53308.4,52783.45,53710.35,0,0.0,0.0,0.0,0.0,-0.01,-1,-1,-0.01,-1,-1,-0.01,-1,-1,-0.01,-1,-1,-0.01,-1,-1,-0.01,-1,-1,-0.01,-1,-1,-0.01,-1,-1,-0.01,-1,-1,-0.01,-1,-1
99926009,2026-05-18 11:43:32+05:30,53204.4,0,0.0,0,0.0,0.0,53282.15,53308.4,52783.45,53710.35,0,0.0,0.0,0.0,0.0,-0.01,-1,-1,-0.01,-1,-1,-0.01,-1,-1,-0.01,-1,-1,-0.01,-1,-1,-0.01,-1,-1,-0.01,-1,-1,-0.01,-1,-1,-0.01,-1,-1,-0.01,-1,-1
99926009,2026-05-18 11:43:33+05:30,53203.6,0,0.0,0,0.0,0.0,53282.15,53308.4,52783.45,53710.35,0,0.0,0.0,0.0,0.0,-0.01,-1,-1,-0.01,-1,-1,-0.01,-1,-1,-0.01,-1,-1,-0.01,-1,-1,-0.01,-1,-1,-0.01,-1,-1,-0.01,-1,-1,-0.01,-1,-1,-0.01,-1,-1
99926009,2026-05-18 11:43:33+05:30,53204.1,0,0.0,0,0.0,0.0,53282.15,53308.4,52783.45,53710.35,0,0.0,0.0,0.0,0.0,-0.01,-1,-1,-0.01,-1,-1,-0.01,-1,-1,-0.01,-1,-1,-0.01,-1,-1,-0.01,-1,-1,-0.01,-1,-1,-0.01,-1,-1,-0.01,-1,-1,-0.01,-1,-1
99926009,2026-05-18 11:43:34+05:30,53201.75,0,0.0,0,0.0,0.0,53282.15,53308.4,52783.45,53710.35,0,0.0,0.0,0.0,0.0,-0.01,-1,-1,-0.01,-1,-1,-0.01,-1,-1,-0.01,-1,-1,-0.01,-1,-1,-0.01,-1,-1,-0.01,-1,-1,-0.01,-1,-1,-0.01,-1,-1,-0.01,-1,-1
99926009,2026-05-18 11:43:34+05:30,53202.7,0,0.0,0,0.0,0.0,53282.15,53308.4,52783.45,53710.35,0,0.0,0.0,0.0,0.0,-0.01,-1,-1,-0.01,-1,-1,-0.01,-1,-1,-0.01,-1,-1,-0.01,-1,-1,-0.01,-1,-1,-0.01,-1,-1,-0.01,-1,-1,-0.01,-1,-1,-0.01,-1,-1
99926009,2026-05-18 11:43:35+05:30,53201.3,0,0.0,0,0.0,0.0,53282.15,53308.4,52783.45,53710.35,0,0.0,0.0,0.0,0.0,-0.01,-1,-1,-0.01,-1,-1,-0.01,-1,-1,-0.01,-1,-1,-0.01,-1,-1,-0.01,-1,-1,-0.01,-1,-1,-0.01,-1,-1,-0.01,-1,-1,-0.01,-1,-1
99926009,2026-05-18 11:43:35+05:30,53204.65,0,0.0,0,0.0,0.0,53282.15,53308.4,52783.45,53710.35,0,0.0,0.0,0.0,0.0,-0.01,-1,-1,-0.01,-1,-1,-0.01,-1,-1,-0.01,-1,-1,-0.01,-1,-1,-0.01,-1,-1,-0.01,-1,-1,-0.01,-1,-1,-0.01,-1,-1,-0.01,-1,-1
99926009,2026-05-18 11:43:36+05:30,53200.15,0,0.0,0,0.0,0.0,53282.15,53308.4,52783.45,53710.35,0,0.0,0.0,0.0,0.0,-0.01,-1,-1,-0.01,-1,-1,-0.01,-1,-1,-0.01,-1,-1,-0.01,-1,-1,-0.01,-1,-1,-0.01,-1,-1,-0.01,-1,-1,-0.01,-1,-1,-0.01,-1,-1
99926009,2026-05-18 11:43:36+05:30,53200.35,0,0.0,0,0.0,0.0,53282.15,53308.4,52783.45,53710.35,0,0.0,0.0,0.0,0.0,-0.01,-1,-1,-0.01,-1,-1,-0.01,-1,-1,-0.01,-1,-1,-0.01,-1,-1,-0.01,-1,-1,-0.01,-1,-1,-0.01,-1,-1,-0.01,-1,-1,-0.01,-1,-1
99926009,2026-05-18 11:43:37+05:30,53200.9,0,0.0,0,0.0,0.0,53282.15,53308.4,52783.45,53710.35,0,0.0,0.0,0.0,0.0,-0.01,-1,-1,-0.01,-1,-1,-0.01,-1,-1,-0.01,-1,-1,-0.01,-1,-1,-0.01,-1,-1,-0.01,-1,-1,-0.01,-1,-1,-0.01,-1,-1,-0.01,-1,-1
99926009,2026-05-18 11:43:37+05:30,53200.35,0,0.0,0,0.0,0.0,53282.15,53308.4,52783.45,53710.35,0,0.0,0.0,0.0,0.0,-0.01,-1,-1,-0.01,-1,-1,-0.01,-1,-1,-0.01,-1,-1,-0.01,-1,-1,-0.01,-1,-1,-0.01,-1,-1,-0.01,-1,-1,-0.01,-1,-1,-0.01,-1,-1
99926009,2026-05-18 11:43:38+05:30,53195.0,0,0.0,0,0.0,0.0,53282.15,53308.4,52783.45,53710.35,0,0.0,0.0,0.0,0.0,-0.01,-1,-1,-0.01,-1,-1,-0.01,-1,-1,-0.01,-1,-1,-0.01,-1,-1,-0.01,-1,-1,-0.01,-1,-1,-0.01,-1,-1,-0.01,-1,-1,-0.01,-1,-1
99926009,2026-05-18 11:43:38+05:30,53191.4,0,0.0,0,0.0,0.0,53282.15,53308.4,52783.45,53710.35,0,0.0,0.0,0.0,0.0,-0.01,-1,-1,-0.01,-1,-1,-0.01,-1,-1,-0.01,-1,-1,-0.01,-1,-1,-0.01,-1,-1,-0.01,-1,-1,-0.01,-1,-1,-0.01,-1,-1,-0.01,-1,-1
99926009,2026-05-18 11:43:39+05:30,53192.2,0,0.0,0,0.0,0.0,53282.15,53308.4,52783.45,53710.35,0,0.0,0.0,0.0,0.0,-0.01,-1,-1,-0.01,-1,-1,-0.01,-1,-1,-0.01,-1,-1,-0.01,-1,-1,-0.01,-1,-1,-0.01,-1,-1,-0.01,-1,-1,-0.01,-1,-1,-0.01,-1,-1
99926009,2026-05-18 11:43:39+05:30,53191.2,0,0.0,0,0.0,0.0,53282.15,53308.4,52783.45,53710.35,0,0.0,0.0,0.0,0.0,-0.01,-1,-1,-0.01,-1,-1,-0.01,-1,-1,-0.01,-1,-1,-0.01,-1,-1,-0.01,-1,-1,-0.01,-1,-1,-0.01,-1,-1,-0.01,-1,-1,-0.01,-1,-1
99926009,2026-05-18 11:43:40+05:30,53189.25,0,0.0,0,0.0,0.0,53282.15,53308.4,52783.45,53710.35,0,0.0,0.0,0.0,0.0,-0.01,-1,-1,-0.01,-1,-1,-0.01,-1,-1,-0.01,-1,-1,-0.01,-1,-1,-0.01,-1,-1,-0.01,-1,-1,-0.01,-1,-1,-0.01,-1,-1,-0.01,-1,-1
99926009,2026-05-18 11:43:40+05:30,53189.45,0,0.0,0,0.0,0.0,53282.15,53308.4,52783.45,53710.35,0,0.0,0.0,0.0,0.0,-0.01,-1,-1,-0.01,-1,-1,-0.01,-1,-1,-0.01,-1,-1,-0.01,-1,-1,-0.01,-1,-1,-0.01,-1,-1,-0.01,-1,-1,-0.01,-1,-1,-0.01,-1,-1
99926009,2026-05-18 11:43:41+05:30,53187.05,0,0.0,0,0.0,0.0,53282.15,53308.4,52783.45,53710.35,0,0.0,0.0,0.0,0.0,-0.01,-1,-1,-0.01,-1,-1,-0.01,-1,-1,-0.01,-1,-1,-0.01,-1,-1,-0.01,-1,-1,-0.01,-1,-1,-0.01,-1,-1,-0.01,-1,-1,-0.01,-1,-1
99926009,2026-05-18 11:43:41+05:30,53190.05,0,0.0,0,0.0,0.0,53282.15,53308.4,52783.45,53710.35,0,0.0,0.0,0.0,0.0,-0.01,-1,-1,-0.01,-1,-1,-0.01,-1,-1,-0.01,-1,-1,-0.01,-1,-1,-0.01,-1,-1,-0.01,-1,-1,-0.01,-1,-1,-0.01,-1,-1,-0.01,-1,-1
99926009,2026-05-18 11:43:42+05:30,53190.0,0,0.0,0,0.0,0.0,53282.15,53308.4,52783.45,53710.35,0,0.0,0.0,0.0,0.0,-0.01,-1,-1,-0.01,-1,-1,-0.01,-1,-1,-0.01,-1,-1,-0.01,-1,-1,-0.01,-1,-1,-0.01,-1,-1,-0.01,-1,-1,-0.01,-1,-1,-0.01,-1,-1
99926009,2026-05-18 11:43:42+05:30,53190.85,0,0.0,0,0.0,0.0,53282.15,53308.4,52783.45,53710.35,0,0.0,0.0,0.0,0.0,-0.01,-1,-1,-0.01,-1,-1,-0.01,-1,-1,-0.01,-1,-1,-0.01,-1,-1,-0.01,-1,-1,-0.01,-1,-1,-0.01,-1,-1,-0.01,-1,-1,-0.01,-1,-1
99926009,2026-05-18 11:43:43+05:30,53189.3,0,0.0,0,0.0,0.0,53282.15,53308.4,52783.45,53710.35,0,0.0,0.0,0.0,0.0,-0.01,-1,-1,-0.01,-1,-1,-0.01,-1,-1,-0.01,-1,-1,-0.01,-1,-1,-0.01,-1,-1,-0.01,-1,-1,-0.01,-1,-1,-0.01,-1,-1,-0.01,-1,-1
99926009,2026-05-18 11:43:43+05:30,53190.9,0,0.0,0,0.0,0.0,53282.15,53308.4,52783.45,53710.35,0,0.0,0.0,0.0,0.0,-0.01,-1,-1,-0.01,-1,-1,-0.01,-1,-1,-0.01,-1,-1,-0.01,-1,-1,-0.01,-1,-1,-0.01,-1,-1,-0.01,-1,-1,-0.01,-1,-1,-0.01,-1,-1
99926009,2026-05-18 11:43:44+05:30,53185.55,0,0.0,0,0.0,0.0,53282.15,53308.4,52783.45,53710.35,0,0.0,0.0,0.0,0.0,-0.01,-1,-1,-0.01,-1,-1,-0.01,-1,-1,-0.01,-1,-1,-0.01,-1,-1,-0.01,-1,-1,-0.01,-1,-1,-0.01,-1,-1,-0.01,-1,-1,-0.01,-1,-1
99926009,2026-05-18 11:43:44+05:30,53185.3,0,0.0,0,0.0,0.0,53282.15,53308.4,52783.45,53710.35,0,0.0,0.0,0.0,0.0,-0.01,-1,-1,-0.01,-1,-1,-0.01,-1,-1,-0.01,-1,-1,-0.01,-1,-1,-0.01,-1,-1,-0.01,-1,-1,-0.01,-1,-1,-0.01,-1,-1,-0.01,-1,-1
99926009,2026-05-18 11:43:45+05:30,53188.8,0,0.0,0,0.0,0.0,53282.15,53308.4,52783.45,53710.35,0,0.0,0.0,0.0,0.0,-0.01,-1,-1,-0.01,-1,-1,-0.01,-1,-1,-0.01,-1,-1,-0.01,-1,-1,-0.01,-1,-1,-0.01,-1,-1,-0.01,-1,-1,-0.01,-1,-1,-0.01,-1,-1
99926009,2026-05-18 11:43:45+05:30,53188.1,0,0.0,0,0.0,0.0,53282.15,53308.4,52783.45,53710.35,0,0.0,0.0,0.0,0.0,-0.01,-1,-1,-0.01,-1,-1,-0.01,-1,-1,-0.01,-1,-1,-0.01,-1,-1,-0.01,-1,-1,-0.01,-1,-1,-0.01,-1,-1,-0.01,-1,-1,-0.01,-1,-1
99926009,2026-05-18 11:43:46+05:30,53189.05,0,0.0,0,0.0,0.0,53282.15,53308.4,52783.45,53710.35,0,0.0,0.0,0.0,0.0,-0.01,-1,-1,-0.01,-1,-1,-0.01,-1,-1,-0.01,-1,-1,-0.01,-1,-1,-0.01,-1,-1,-0.01,-1,-1,-0.01,-1,-1,-0.01,-1,-1,-0.01,-1,-1
99926009,2026-05-18 11:43:46+05:30,53190.15,0,0.0,0,0.0,0.0,53282.15,53308.4,52783.45,53710.35,0,0.0,0.0,0.0,0.0,-0.01,-1,-1,-0.01,-1,-1,-0.01,-1,-1,-0.01,-1,-1,-0.01,-1,-1,-0.01,-1,-1,-0.01,-1,-1,-0.01,-1,-1,-0.01,-1,-1,-0.01,-1,-1
99926009,2026-05-18 11:43:47+05:30,53190.3,0,0.0,0,0.0,0.0,53282.15,53308.4,52783.45,53710.35,0,0.0,0.0,0.0,0.0,-0.01,-1,-1,-0.01,-1,-1,-0.01,-1,-1,-0.01,-1,-1,-0.01,-1,-1,-0.01,-1,-1,-0.01,-1,-1,-0.01,-1,-1,-0.01,-1,-1,-0.01,-1,-1
99926009,2026-05-18 11:43:47+05:30,53187.75,0,0.0,0,0.0,0.0,53282.15,53308.4,52783.45,53710.35,0,0.0,0.0,0.0,0.0,-0.01,-1,-1,-0.01,-1,-1,-0.01,-1,-1,-0.01,-1,-1,-0.01,-1,-1,-0.01,-1,-1,-0.01,-1,-1,-0.01,-1,-1,-0.01,-1,-1,-0.01,-1,-1
99926009,2026-05-18 11:43:48+05:30,53186.65,0,0.0,0,0.0,0.0,53282.15,53308.4,52783.45,53710.35,0,0.0,0.0,0.0,0.0,-0.01,-1,-1,-0.01,-1,-1,-0.01,-1,-1,-0.01,-1,-1,-0.01,-1,-1,-0.01,-1,-1,-0.01,-1,-1,-0.01,-1,-1,-0.01,-1,-1,-0.01,-1,-1
99926009,2026-05-18 11:43:48+05:30,53185.05,0,0.0,0,0.0,0.0,53282.15,53308.4,52783.45,53710.35,0,0.0,0.0,0.0,0.0,-0.01,-1,-1,-0.01,-1,-1,-0.01,-1,-1,-0.01,-1,-1,-0.01,-1,-1,-0.01,-1,-1,-0.01,-1,-1,-0.01,-1,-1,-0.01,-1,-1,-0.01,-1,-1
99926009,2026-05-18 11:43:49+05:30,53187.0,0,0.0,0,0.0,0.0,53282.15,53308.4,52783.45,53710.35,0,0.0,0.0,0.0,0.0,-0.01,-1,-1,-0.01,-1,-1,-0.01,-1,-1,-0.01,-1,-1,-0.01,-1,-1,-0.01,-1,-1,-0.01,-1,-1,-0.01,-1,-1,-0.01,-1,-1,-0.01,-1,-1
99926009,2026-05-18 11:43:49+05:30,53186.25,0,0.0,0,0.0,0.0,53282.15,53308.4,52783.45,53710.35,0,0.0,0.0,0.0,0.0,-0.01,-1,-1,-0.01,-1,-1,-0.01,-1,-1,-0.01,-1,-1,-0.01,-1,-1,-0.01,-1,-1,-0.01,-1,-1,-0.01,-1,-1,-0.01,-1,-1,-0.01,-1,-1
99926009,2026-05-18 11:43:50+05:30,53188.9,0,0.0,0,0.0,0.0,53282.15,53308.4,52783.45,53710.35,0,0.0,0.0,0.0,0.0,-0.01,-1,-1,-0.01,-1,-1,-0.01,-1,-1,-0.01,-1,-1,-0.01,-1,-1,-0.01,-1,-1,-0.01,-1,-1,-0.01,-1,-1,-0.01,-1,-1,-0.01,-1,-1
99926009,2026-05-18 11:43:50+05:30,53187.8,0,0.0,0,0.0,0.0,53282.15,53308.4,52783.45,53710.35,0,0.0,0.0,0.0,0.0,-0.01,-1,-1,-0.01,-1,-1,-0.01,-1,-1,-0.01,-1,-1,-0.01,-1,-1,-0.01,-1,-1,-0.01,-1,-1,-0.01,-1,-1,-0.01,-1,-1,-0.01,-1,-1
99926009,2026-05-18 11:43:51+05:30,53186.3,0,0.0,0,0.0,0.0,53282.15,53308.4,52783.45,53710.35,0,0.0,0.0,0.0,0.0,-0.01,-1,-1,-0.01,-1,-1,-0.01,-1,-1,-0.01,-1,-1,-0.01,-1,-1,-0.01,-1,-1,-0.01,-1,-1,-0.01,-1,-1,-0.01,-1,-1,-0.01,-1,-1
99926009,2026-05-18 11:43:51+05:30,53186.45,0,0.0,0,0.0,0.0,53282.15,53308.4,52783.45,53710.35,0,0.0,0.0,0.0,0.0,-0.01,-1,-1,-0.01,-1,-1,-0.01,-1,-1,-0.01,-1,-1,-0.01,-1,-1,-0.01,-1,-1,-0.01,-1,-1,-0.01,-1,-1,-0.01,-1,-1,-0.01,-1,-1
99926009,2026-05-18 11:43:52+05:30,53188.1,0,0.0,0,0.0,0.0,53282.15,53308.4,52783.45,53710.35,0,0.0,0.0,0.0,0.0,-0.01,-1,-1,-0.01,-1,-1,-0.01,-1,-1,-0.01,-1,-1,-0.01,-1,-1,-0.01,-1,-1,-0.01,-1,-1,-0.01,-1,-1,-0.01,-1,-1,-0.01,-1,-1
99926009,2026-05-18 11:43:52+05:30,53185.45,0,0.0,0,0.0,0.0,53282.15,53308.4,52783.45,53710.35,0,0.0,0.0,0.0,0.0,-0.01,-1,-1,-0.01,-1,-1,-0.01,-1,-1,-0.01,-1,-1,-0.01,-1,-1,-0.01,-1,-1,-0.01,-1,-1,-0.01,-1,-1,-0.01,-1,-1,-0.01,-1,-1
99926009,2026-05-18 11:43:53+05:30,53183.75,0,0.0,0,0.0,0.0,53282.15,53308.4,52783.45,53710.35,0,0.0,0.0,0.0,0.0,-0.01,-1,-1,-0.01,-1,-1,-0.01,-1,-1,-0.01,-1,-1,-0.01,-1,-1,-0.01,-1,-1,-0.01,-1,-1,-0.01,-1,-1,-0.01,-1,-1,-0.01,-1,-1
99926009,2026-05-18 11:43:53+05:30,53182.45,0,0.0,0,0.0,0.0,53282.15,53308.4,52783.45,53710.35,0,0.0,0.0,0.0,0.0,-0.01,-1,-1,-0.01,-1,-1,-0.01,-1,-1,-0.01,-1,-1,-0.01,-1,-1,-0.01,-1,-1,-0.01,-1,-1,-0.01,-1,-1,-0.01,-1,-1,-0.01,-1,-1
99926009,2026-05-18 11:43:54+05:30,53184.25,0,0.0,0,0.0,0.0,53282.15,53308.4,52783.45,53710.35,0,0.0,0.0,0.0,0.0,-0.01,-1,-1,-0.01,-1,-1,-0.01,-1,-1,-0.01,-1,-1,-0.01,-1,-1,-0.01,-1,-1,-0.01,-1,-1,-0.01,-1,-1,-0.01,-1,-1,-0.01,-1,-1
99926009,2026-05-18 11:43:54+05:30,53185.5,0,0.0,0,0.0,0.0,53282.15,53308.4,52783.45,53710.35,0,0.0,0.0,0.0,0.0,-0.01,-1,-1,-0.01,-1,-1,-0.01,-1,-1,-0.01,-1,-1,-0.01,-1,-1,-0.01,-1,-1,-0.01,-1,-1,-0.01,-1,-1,-0.01,-1,-1,-0.01,-1,-1
99926009,2026-05-18 11:43:55+05:30,53182.3,0,0.0,0,0.0,0.0,53282.15,53308.4,52783.45,53710.35,0,0.0,0.0,0.0,0.0,-0.01,-1,-1,-0.01,-1,-1,-0.01,-1,-1,-0.01,-1,-1,-0.01,-1,-1,-0.01,-1,-1,-0.01,-1,-1,-0.01,-1,-1,-0.01,-1,-1,-0.01,-1,-1
99926009,2026-05-18 11:43:55+05:30,53184.85,0,0.0,0,0.0,0.0,53282.15,53308.4,52783.45,53710.35,0,0.0,0.0,0.0,0.0,-0.01,-1,-1,-0.01,-1,-1,-0.01,-1,-1,-0.01,-1,-1,-0.01,-1,-1,-0.01,-1,-1,-0.01,-1,-1,-0.01,-1,-1,-0.01,-1,-1,-0.01,-1,-1
99926009,2026-05-18 11:43:56+05:30,53181.9,0,0.0,0,0.0,0.0,53282.15,53308.4,52783.45,53710.35,0,0.0,0.0,0.0,0.0,-0.01,-1,-1,-0.01,-1,-1,-0.01,-1,-1,-0.01,-1,-1,-0.01,-1,-1,-0.01,-1,-1,-0.01,-1,-1,-0.01,-1,-1,-0.01,-1,-1,-0.01,-1,-1
99926009,2026-05-18 11:43:56+05:30,53178.25,0,0.0,0,0.0,0.0,53282.15,53308.4,52783.45,53710.35,0,0.0,0.0,0.0,0.0,-0.01,-1,-1,-0.01,-1,-1,-0.01,-1,-1,-0.01,-1,-1,-0.01,-1,-1,-0.01,-1,-1,-0.01,-1,-1,-0.01,-1,-1,-0.01,-1,-1,-0.01,-1,-1
99926009,2026-05-18 11:43:57+05:30,53176.9,0,0.0,0,0.0,0.0,53282.15,53308.4,52783.45,53710.35,0,0.0,0.0,0.0,0.0,-0.01,-1,-1,-0.01,-1,-1,-0.01,-1,-1,-0.01,-1,-1,-0.01,-1,-1,-0.01,-1,-1,-0.01,-1,-1,-0.01,-1,-1,-0.01,-1,-1,-0.01,-1,-1
99926009,2026-05-18 11:43:57+05:30,53181.7,0,0.0,0,0.0,0.0,53282.15,53308.4,52783.45,53710.35,0,0.0,0.0,0.0,0.0,-0.01,-1,-1,-0.01,-1,-1,-0.01,-1,-1,-0.01,-1,-1,-0.01,-1,-1,-0.01,-1,-1,-0.01,-1,-1,-0.01,-1,-1,-0.01,-1,-1,-0.01,-1,-1
99926009,2026-05-18 11:43:58+05:30,53181.7,0,0.0,0,0.0,0.0,53282.15,53308.4,52783.45,53710.35,0,0.0,0.0,0.0,0.0,-0.01,-1,-1,-0.01,-1,-1,-0.01,-1,-1,-0.01,-1,-1,-0.01,-1,-1,-0.01,-1,-1,-0.01,-1,-1,-0.01,-1,-1,-0.01,-1,-1,-0.01,-1,-1
99926009,2026-05-18 11:43:58+05:30,53179.35,0,0.0,0,0.0,0.0,53282.15,53308.4,52783.45,53710.35,0,0.0,0.0,0.0,0.0,-0.01,-1,-1,-0.01,-1,-1,-0.01,-1,-1,-0.01,-1,-1,-0.01,-1,-1,-0.01,-1,-1,-0.01,-1,-1,-0.01,-1,-1,-0.01,-1,-1,-0.01,-1,-1
99926009,2026-05-18 11:43:59+05:30,53177.6,0,0.0,0,0.0,0.0,53282.15,53308.4,52783.45,53710.35,0,0.0,0.0,0.0,0.0,-0.01,-1,-1,-0.01,-1,-1,-0.01,-1,-1,-0.01,-1,-1,-0.01,-1,-1,-0.01,-1,-1,-0.01,-1,-1,-0.01,-1,-1,-0.01,-1,-1,-0.01,-1,-1
99926009,2026-05-18 11:43:59+05:30,53177.25,0,0.0,0,0.0,0.0,53282.15,53308.4,52783.45,53710.35,0,0.0,0.0,0.0,0.0,-0.01,-1,-1,-0.01,-1,-1,-0.01,-1,-1,-0.01,-1,-1,-0.01,-1,-1,-0.01,-1,-1,-0.01,-1,-1,-0.01,-1,-1,-0.01,-1,-1,-0.01,-1,-1
99926009,2026-05-18 11:44:00+05:30,53178.0,0,0.0,0,0.0,0.0,53282.15,53308.4,52783.45,53710.35,0,0.0,0.0,0.0,0.0,-0.01,-1,-1,-0.01,-1,-1,-0.01,-1,-1,-0.01,-1,-1,-0.01,-1,-1,-0.01,-1,-1,-0.01,-1,-1,-0.01,-1,-1,-0.01,-1,-1,-0.01,-1,-1
99926009,2026-05-18 11:44:00+05:30,53178.05,0,0.0,0,0.0,0.0,53282.15,53308.4,52783.45,53710.35,0,0.0,0.0,0.0,0.0,-0.01,-1,-1,-0.01,-1,-1,-0.01,-1,-1,-0.01,-1,-1,-0.01,-1,-1,-0.01,-1,-1,-0.01,-1,-1,-0.01,-1,-1,-0.01,-1,-1,-0.01,-1,-1
99926009,2026-05-18 11:44:01+05:30,53172.15,0,0.0,0,0.0,0.0,53282.15,53308.4,52783.45,53710.35,0,0.0,0.0,0.0,0.0,-0.01,-1,-1,-0.01,-1,-1,-0.01,-1,-1,-0.01,-1,-1,-0.01,-1,-1,-0.01,-1,-1,-0.01,-1,-1,-0.01,-1,-1,-0.01,-1,-1,-0.01,-1,-1
99926009,2026-05-18 11:44:01+05:30,53172.45,0,0.0,0,0.0,0.0,53282.15,53308.4,52783.45,53710.35,0,0.0,0.0,0.0,0.0,-0.01,-1,-1,-0.01,-1,-1,-0.01,-1,-1,-0.01,-1,-1,-0.01,-1,-1,-0.01,-1,-1,-0.01,-1,-1,-0.01,-1,-1,-0.01,-1,-1,-0.01,-1,-1
99926009,2026-05-18 11:44:02+05:30,53173.75,0,0.0,0,0.0,0.0,53282.15,53308.4,52783.45,53710.35,0,0.0,0.0,0.0,0.0,-0.01,-1,-1,-0.01,-1,-1,-0.01,-1,-1,-0.01,-1,-1,-0.01,-1,-1,-0.01,-1,-1,-0.01,-1,-1,-0.01,-1,-1,-0.01,-1,-1,-0.01,-1,-1
99926009,2026-05-18 11:44:02+05:30,53170.35,0,0.0,0,0.0,0.0,53282.15,53308.4,52783.45,53710.35,0,0.0,0.0,0.0,0.0,-0.01,-1,-1,-0.01,-1,-1,-0.01,-1,-1,-0.01,-1,-1,-0.01,-1,-1,-0.01,-1,-1,-0.01,-1,-1,-0.01,-1,-1,-0.01,-1,-1,-0.01,-1,-1
99926009,2026-05-18 11:44:03+05:30,53172.3,0,0.0,0,0.0,0.0,53282.15,53308.4,52783.45,53710.35,0,0.0,0.0,0.0,0.0,-0.01,-1,-1,-0.01,-1,-1,-0.01,-1,-1,-0.01,-1,-1,-0.01,-1,-1,-0.01,-1,-1,-0.01,-1,-1,-0.01,-1,-1,-0.01,-1,-1,-0.01,-1,-1
99926009,2026-05-18 11:44:03+05:30,53173.0,0,0.0,0,0.0,0.0,53282.15,53308.4,52783.45,53710.35,0,0.0,0.0,0.0,0.0,-0.01,-1,-1,-0.01,-1,-1,-0.01,-1,-1,-0.01,-1,-1,-0.01,-1,-1,-0.01,-1,-1,-0.01,-1,-1,-0.01,-1,-1,-0.01,-1,-1,-0.01,-1,-1
99926009,2026-05-18 11:44:04+05:30,53170.15,0,0.0,0,0.0,0.0,53282.15,53308.4,52783.45,53710.35,0,0.0,0.0,0.0,0.0,-0.01,-1,-1,-0.01,-1,-1,-0.01,-1,-1,-0.01,-1,-1,-0.01,-1,-1,-0.01,-1,-1,-0.01,-1,-1,-0.01,-1,-1,-0.01,-1,-1,-0.01,-1,-1
99926009,2026-05-18 11:44:04+05:30,53170.15,0,0.0,0,0.0,0.0,53282.15,53308.4,52783.45,53710.35,0,0.0,0.0,0.0,0.0,-0.01,-1,-1,-0.01,-1,-1,-0.01,-1,-1,-0.01,-1,-1,-0.01,-1,-1,-0.01,-1,-1,-0.01,-1,-1,-0.01,-1,-1,-0.01,-1,-1,-0.01,-1,-1
99926009,2026-05-18 11:44:05+05:30,53166.05,0,0.0,0,0.0,0.0,53282.15,53308.4,52783.45,53710.35,0,0.0,0.0,0.0,0.0,-0.01,-1,-1,-0.01,-1,-1,-0.01,-1,-1,-0.01,-1,-1,-0.01,-1,-1,-0.01,-1,-1,-0.01,-1,-1,-0.01,-1,-1,-0.01,-1,-1,-0.01,-1,-1
99926009,2026-05-18 11:44:05+05:30,53170.9,0,0.0,0,0.0,0.0,53282.15,53308.4,52783.45,53710.35,0,0.0,0.0,0.0,0.0,-0.01,-1,-1,-0.01,-1,-1,-0.01,-1,-1,-0.01,-1,-1,-0.01,-1,-1,-0.01,-1,-1,-0.01,-1,-1,-0.01,-1,-1,-0.01,-1,-1,-0.01,-1,-1
99926009,2026-05-18 11:44:06+05:30,53166.05,0,0.0,0,0.0,0.0,53282.15,53308.4,52783.45,53710.35,0,0.0,0.0,0.0,0.0,-0.01,-1,-1,-0.01,-1,-1,-0.01,-1,-1,-0.01,-1,-1,-0.01,-1,-1,-0.01,-1,-1,-0.01,-1,-1,-0.01,-1,-1,-0.01,-1,-1,-0.01,-1,-1
99926009,2026-05-18 11:44:06+05:30,53171.0,0,0.0,0,0.0,0.0,53282.15,53308.4,52783.45,53710.35,0,0.0,0.0,0.0,0.0,-0.01,-1,-1,-0.01,-1,-1,-0.01,-1,-1,-0.01,-1,-1,-0.01,-1,-1,-0.01,-1,-1,-0.01,-1,-1,-0.01,-1,-1,-0.01,-1,-1,-0.01,-1,-1
99926009,2026-05-18 11:44:07+05:30,53169.85,0,0.0,0,0.0,0.0,53282.15,53308.4,52783.45,53710.35,0,0.0,0.0,0.0,0.0,-0.01,-1,-1,-0.01,-1,-1,-0.01,-1,-1,-0.01,-1,-1,-0.01,-1,-1,-0.01,-1,-1,-0.01,-1,-1,-0.01,-1,-1,-0.01,-1,-1,-0.01,-1,-1
99926009,2026-05-18 11:44:07+05:30,53169.85,0,0.0,0,0.0,0.0,53282.15,53308.4,52783.45,53710.35,0,0.0,0.0,0.0,0.0,-0.01,-1,-1,-0.01,-1,-1,-0.01,-1,-1,-0.01,-1,-1,-0.01,-1,-1,-0.01,-1,-1,-0.01,-1,-1,-0.01,-1,-1,-0.01,-1,-1,-0.01,-1,-1
99926009,2026-05-18 11:44:08+05:30,53168.55,0,0.0,0,0.0,0.0,53282.15,53308.4,52783.45,53710.35,0,0.0,0.0,0.0,0.0,-0.01,-1,-1,-0.01,-1,-1,-0.01,-1,-1,-0.01,-1,-1,-0.01,-1,-1,-0.01,-1,-1,-0.01,-1,-1,-0.01,-1,-1,-0.01,-1,-1,-0.01,-1,-1
99926009,2026-05-18 11:44:08+05:30,53170.95,0,0.0,0,0.0,0.0,53282.15,53308.4,52783.45,53710.35,0,0.0,0.0,0.0,0.0,-0.01,-1,-1,-0.01,-1,-1,-0.01,-1,-1,-0.01,-1,-1,-0.01,-1,-1,-0.01,-1,-1,-0.01,-1,-1,-0.01,-1,-1,-0.01,-1,-1,-0.01,-1,-1
99926009,2026-05-18 11:44:09+05:30,53170.95,0,0.0,0,0.0,0.0,53282.15,53308.4,52783.45,53710.35,0,0.0,0.0,0.0,0.0,-0.01,-1,-1,-0.01,-1,-1,-0.01,-1,-1,-0.01,-1,-1,-0.01,-1,-1,-0.01,-1,-1,-0.01,-1,-1,-0.01,-1,-1,-0.01,-1,-1,-0.01,-1,-1
99926009,2026-05-18 11:44:09+05:30,53170.35,0,0.0,0,0.0,0.0,53282.15,53308.4,52783.45,53710.35,0,0.0,0.0,0.0,0.0,-0.01,-1,-1,-0.01,-1,-1,-0.01,-1,-1,-0.01,-1,-1,-0.01,-1,-1,-0.01,-1,-1,-0.01,-1,-1,-0.01,-1,-1,-0.01,-1,-1,-0.01,-1,-1
99926009,2026-05-18 11:44:10+05:30,53170.35,0,0.0,0,0.0,0.0,53282.15,53308.4,52783.45,53710.35,0,0.0,0.0,0.0,0.0,-0.01,-1,-1,-0.01,-1,-1,-0.01,-1,-1,-0.01,-1,-1,-0.01,-1,-1,-0.01,-1,-1,-0.01,-1,-1,-0.01,-1,-1,-0.01,-1,-1,-0.01,-1,-1
99926009,2026-05-18 11:44:10+05:30,53170.4,0,0.0,0,0.0,0.0,53282.15,53308.4,52783.45,53710.35,0,0.0,0.0,0.0,0.0,-0.01,-1,-1,-0.01,-1,-1,-0.01,-1,-1,-0.01,-1,-1,-0.01,-1,-1,-0.01,-1,-1,-0.01,-1,-1,-0.01,-1,-1,-0.01,-1,-1,-0.01,-1,-1
99926009,2026-05-18 11:44:11+05:30,53171.1,0,0.0,0,0.0,0.0,53282.15,53308.4,52783.45,53710.35,0,0.0,0.0,0.0,0.0,-0.01,-1,-1,-0.01,-1,-1,-0.01,-1,-1,-0.01,-1,-1,-0.01,-1,-1,-0.01,-1,-1,-0.01,-1,-1,-0.01,-1,-1,-0.01,-1,-1,-0.01,-1,-1
99926009,2026-05-18 11:44:11+05:30,53165.45,0,0.0,0,0.0,0.0,53282.15,53308.4,52783.45,53710.35,0,0.0,0.0,0.0,0.0,-0.01,-1,-1,-0.01,-1,-1,-0.01,-1,-1,-0.01,-1,-1,-0.01,-1,-1,-0.01,-1,-1,-0.01,-1,-1,-0.01,-1,-1,-0.01,-1,-1,-0.01,-1,-1
99926009,2026-05-18 11:44:12+05:30,53164.35,0,0.0,0,0.0,0.0,53282.15,53308.4,52783.45,53710.35,0,0.0,0.0,0.0,0.0,-0.01,-1,-1,-0.01,-1,-1,-0.01,-1,-1,-0.01,-1,-1,-0.01,-1,-1,-0.01,-1,-1,-0.01,-1,-1,-0.01,-1,-1,-0.01,-1,-1,-0.01,-1,-1
99926009,2026-05-18 11:44:12+05:30,53164.8,0,0.0,0,0.0,0.0,53282.15,53308.4,52783.45,53710.35,0,0.0,0.0,0.0,0.0,-0.01,-1,-1,-0.01,-1,-1,-0.01,-1,-1,-0.01,-1,-1,-0.01,-1,-1,-0.01,-1,-1,-0.01,-1,-1,-0.01,-1,-1,-0.01,-1,-1,-0.01,-1,-1
99926009,2026-05-18 11:44:13+05:30,53164.85,0,0.0,0,0.0,0.0,53282.15,53308.4,52783.45,53710.35,0,0.0,0.0,0.0,0.0,-0.01,-1,-1,-0.01,-1,-1,-0.01,-1,-1,-0.01,-1,-1,-0.01,-1,-1,-0.01,-1,-1,-0.01,-1,-1,-0.01,-1,-1,-0.01,-1,-1,-0.01,-1,-1
99926009,2026-05-18 11:44:13+05:30,53163.4,0,0.0,0,0.0,0.0,53282.15,53308.4,52783.45,53710.35,0,0.0,0.0,0.0,0.0,-0.01,-1,-1,-0.01,-1,-1,-0.01,-1,-1,-0.01,-1,-1,-0.01,-1,-1,-0.01,-1,-1,-0.01,-1,-1,-0.01,-1,-1,-0.01,-1,-1,-0.01,-1,-1
99926009,2026-05-18 11:44:14+05:30,53162.3,0,0.0,0,0.0,0.0,53282.15,53308.4,52783.45,53710.35,0,0.0,0.0,0.0,0.0,-0.01,-1,-1,-0.01,-1,-1,-0.01,-1,-1,-0.01,-1,-1,-0.01,-1,-1,-0.01,-1,-1,-0.01,-1,-1,-0.01,-1,-1,-0.01,-1,-1,-0.01,-1,-1
99926009,2026-05-18 11:44:14+05:30,53160.65,0,0.0,0,0.0,0.0,53282.15,53308.4,52783.45,53710.35,0,0.0,0.0,0.0,0.0,-0.01,-1,-1,-0.01,-1,-1,-0.01,-1,-1,-0.01,-1,-1,-0.01,-1,-1,-0.01,-1,-1,-0.01,-1,-1,-0.01,-1,-1,-0.01,-1,-1,-0.01,-1,-1
99926009,2026-05-18 11:44:15+05:30,53159.75,0,0.0,0,0.0,0.0,53282.15,53308.4,52783.45,53710.35,0,0.0,0.0,0.0,0.0,-0.01,-1,-1,-0.01,-1,-1,-0.01,-1,-1,-0.01,-1,-1,-0.01,-1,-1,-0.01,-1,-1,-0.01,-1,-1,-0.01,-1,-1,-0.01,-1,-1,-0.01,-1,-1
99926009,2026-05-18 11:44:15+05:30,53161.0,0,0.0,0,0.0,0.0,53282.15,53308.4,52783.45,53710.35,0,0.0,0.0,0.0,0.0,-0.01,-1,-1,-0.01,-1,-1,-0.01,-1,-1,-0.01,-1,-1,-0.01,-1,-1,-0.01,-1,-1,-0.01,-1,-1,-0.01,-1,-1,-0.01,-1,-1,-0.01,-1,-1
99926009,2026-05-18 11:44:16+05:30,53161.8,0,0.0,0,0.0,0.0,53282.15,53308.4,52783.45,53710.35,0,0.0,0.0,0.0,0.0,-0.01,-1,-1,-0.01,-1,-1,-0.01,-1,-1,-0.01,-1,-1,-0.01,-1,-1,-0.01,-1,-1,-0.01,-1,-1,-0.01,-1,-1,-0.01,-1,-1,-0.01,-1,-1
99926009,2026-05-18 11:44:16+05:30,53164.75,0,0.0,0,0.0,0.0,53282.15,53308.4,52783.45,53710.35,0,0.0,0.0,0.0,0.0,-0.01,-1,-1,-0.01,-1,-1,-0.01,-1,-1,-0.01,-1,-1,-0.01,-1,-1,-0.01,-1,-1,-0.01,-1,-1,-0.01,-1,-1,-0.01,-1,-1,-0.01,-1,-1
99926009,2026-05-18 11:44:17+05:30,53164.6,0,0.0,0,0.0,0.0,53282.15,53308.4,52783.45,53710.35,0,0.0,0.0,0.0,0.0,-0.01,-1,-1,-0.01,-1,-1,-0.01,-1,-1,-0.01,-1,-1,-0.01,-1,-1,-0.01,-1,-1,-0.01,-1,-1,-0.01,-1,-1,-0.01,-1,-1,-0.01,-1,-1
99926009,2026-05-18 11:44:17+05:30,53161.95,0,0.0,0,0.0,0.0,53282.15,53308.4,52783.45,53710.35,0,0.0,0.0,0.0,0.0,-0.01,-1,-1,-0.01,-1,-1,-0.01,-1,-1,-0.01,-1,-1,-0.01,-1,-1,-0.01,-1,-1,-0.01,-1,-1,-0.01,-1,-1,-0.01,-1,-1,-0.01,-1,-1
99926009,2026-05-18 11:44:18+05:30,53158.55,0,0.0,0,0.0,0.0,53282.15,53308.4,52783.45,53710.35,0,0.0,0.0,0.0,0.0,-0.01,-1,-1,-0.01,-1,-1,-0.01,-1,-1,-0.01,-1,-1,-0.01,-1,-1,-0.01,-1,-1,-0.01,-1,-1,-0.01,-1,-1,-0.01,-1,-1,-0.01,-1,-1
99926009,2026-05-18 11:44:18+05:30,53156.7,0,0.0,0,0.0,0.0,53282.15,53308.4,52783.45,53710.35,0,0.0,0.0,0.0,0.0,-0.01,-1,-1,-0.01,-1,-1,-0.01,-1,-1,-0.01,-1,-1,-0.01,-1,-1,-0.01,-1,-1,-0.01,-1,-1,-0.01,-1,-1,-0.01,-1,-1,-0.01,-1,-1
99926009,2026-05-18 11:44:19+05:30,53158.55,0,0.0,0,0.0,0.0,53282.15,53308.4,52783.45,53710.35,0,0.0,0.0,0.0,0.0,-0.01,-1,-1,-0.01,-1,-1,-0.01,-1,-1,-0.01,-1,-1,-0.01,-1,-1,-0.01,-1,-1,-0.01,-1,-1,-0.01,-1,-1,-0.01,-1,-1,-0.01,-1,-1
99926009,2026-05-18 11:44:19+05:30,53158.9,0,0.0,0,0.0,0.0,53282.15,53308.4,52783.45,53710.35,0,0.0,0.0,0.0,0.0,-0.01,-1,-1,-0.01,-1,-1,-0.01,-1,-1,-0.01,-1,-1,-0.01,-1,-1,-0.01,-1,-1,-0.01,-1,-1,-0.01,-1,-1,-0.01,-1,-1,-0.01,-1,-1
99926009,2026-05-18 11:44:20+05:30,53160.05,0,0.0,0,0.0,0.0,53282.15,53308.4,52783.45,53710.35,0,0.0,0.0,0.0,0.0,-0.01,-1,-1,-0.01,-1,-1,-0.01,-1,-1,-0.01,-1,-1,-0.01,-1,-1,-0.01,-1,-1,-0.01,-1,-1,-0.01,-1,-1,-0.01,-1,-1,-0.01,-1,-1
99926009,2026-05-18 11:44:20+05:30,53157.6,0,0.0,0,0.0,0.0,53282.15,53308.4,52783.45,53710.35,0,0.0,0.0,0.0,0.0,-0.01,-1,-1,-0.01,-1,-1,-0.01,-1,-1,-0.01,-1,-1,-0.01,-1,-1,-0.01,-1,-1,-0.01,-1,-1,-0.01,-1,-1,-0.01,-1,-1,-0.01,-1,-1
99926009,2026-05-18 11:44:21+05:30,53156.15,0,0.0,0,0.0,0.0,53282.15,53308.4,52783.45,53710.35,0,0.0,0.0,0.0,0.0,-0.01,-1,-1,-0.01,-1,-1,-0.01,-1,-1,-0.01,-1,-1,-0.01,-1,-1,-0.01,-1,-1,-0.01,-1,-1,-0.01,-1,-1,-0.01,-1,-1,-0.01,-1,-1
99926009,2026-05-18 11:44:21+05:30,53154.85,0,0.0,0,0.0,0.0,53282.15,53308.4,52783.45,53710.35,0,0.0,0.0,0.0,0.0,-0.01,-1,-1,-0.01,-1,-1,-0.01,-1,-1,-0.01,-1,-1,-0.01,-1,-1,-0.01,-1,-1,-0.01,-1,-1,-0.01,-1,-1,-0.01,-1,-1,-0.01,-1,-1
99926009,2026-05-18 11:44:22+05:30,53156.15,0,0.0,0,0.0,0.0,53282.15,53308.4,52783.45,53710.35,0,0.0,0.0,0.0,0.0,-0.01,-1,-1,-0.01,-1,-1,-0.01,-1,-1,-0.01,-1,-1,-0.01,-1,-1,-0.01,-1,-1,-0.01,-1,-1,-0.01,-1,-1,-0.01,-1,-1,-0.01,-1,-1
99926009,2026-05-18 11:44:22+05:30,53156.65,0,0.0,0,0.0,0.0,53282.15,53308.4,52783.45,53710.35,0,0.0,0.0,0.0,0.0,-0.01,-1,-1,-0.01,-1,-1,-0.01,-1,-1,-0.01,-1,-1,-0.01,-1,-1,-0.01,-1,-1,-0.01,-1,-1,-0.01,-1,-1,-0.01,-1,-1,-0.01,-1,-1
99926009,2026-05-18 11:44:23+05:30,53158.65,0,0.0,0,0.0,0.0,53282.15,53308.4,52783.45,53710.35,0,0.0,0.0,0.0,0.0,-0.01,-1,-1,-0.01,-1,-1,-0.01,-1,-1,-0.01,-1,-1,-0.01,-1,-1,-0.01,-1,-1,-0.01,-1,-1,-0.01,-1,-1,-0.01,-1,-1,-0.01,-1,-1
99926009,2026-05-18 11:44:23+05:30,53156.2,0,0.0,0,0.0,0.0,53282.15,53308.4,52783.45,53710.35,0,0.0,0.0,0.0,0.0,-0.01,-1,-1,-0.01,-1,-1,-0.01,-1,-1,-0.01,-1,-1,-0.01,-1,-1,-0.01,-1,-1,-0.01,-1,-1,-0.01,-1,-1,-0.01,-1,-1,-0.01,-1,-1
99926009,2026-05-18 11:44:24+05:30,53159.75,0,0.0,0,0.0,0.0,53282.15,53308.4,52783.45,53710.35,0,0.0,0.0,0.0,0.0,-0.01,-1,-1,-0.01,-1,-1,-0.01,-1,-1,-0.01,-1,-1,-0.01,-1,-1,-0.01,-1,-1,-0.01,-1,-1,-0.01,-1,-1,-0.01,-1,-1,-0.01,-1,-1
99926009,2026-05-18 11:44:24+05:30,53160.15,0,0.0,0,0.0,0.0,53282.15,53308.4,52783.45,53710.35,0,0.0,0.0,0.0,0.0,-0.01,-1,-1,-0.01,-1,-1,-0.01,-1,-1,-0.01,-1,-1,-0.01,-1,-1,-0.01,-1,-1,-0.01,-1,-1,-0.01,-1,-1,-0.01,-1,-1,-0.01,-1,-1
99926009,2026-05-18 11:44:25+05:30,53162.05,0,0.0,0,0.0,0.0,53282.15,53308.4,52783.45,53710.35,0,0.0,0.0,0.0,0.0,-0.01,-1,-1,-0.01,-1,-1,-0.01,-1,-1,-0.01,-1,-1,-0.01,-1,-1,-0.01,-1,-1,-0.01,-1,-1,-0.01,-1,-1,-0.01,-1,-1,-0.01,-1,-1
99926009,2026-05-18 11:44:25+05:30,53160.8,0,0.0,0,0.0,0.0,53282.15,53308.4,52783.45,53710.35,0,0.0,0.0,0.0,0.0,-0.01,-1,-1,-0.01,-1,-1,-0.01,-1,-1,-0.01,-1,-1,-0.01,-1,-1,-0.01,-1,-1,-0.01,-1,-1,-0.01,-1,-1,-0.01,-1,-1,-0.01,-1,-1
99926009,2026-05-18 11:44:26+05:30,53162.15,0,0.0,0,0.0,0.0,53282.15,53308.4,52783.45,53710.35,0,0.0,0.0,0.0,0.0,-0.01,-1,-1,-0.01,-1,-1,-0.01,-1,-1,-0.01,-1,-1,-0.01,-1,-1,-0.01,-1,-1,-0.01,-1,-1,-0.01,-1,-1,-0.01,-1,-1,-0.01,-1,-1
99926009,2026-05-18 11:44:26+05:30,53164.2,0,0.0,0,0.0,0.0,53282.15,53308.4,52783.45,53710.35,0,0.0,0.0,0.0,0.0,-0.01,-1,-1,-0.01,-1,-1,-0.01,-1,-1,-0.01,-1,-1,-0.01,-1,-1,-0.01,-1,-1,-0.01,-1,-1,-0.01,-1,-1,-0.01,-1,-1,-0.01,-1,-1
99926009,2026-05-18 11:44:27+05:30,53163.9,0,0.0,0,0.0,0.0,53282.15,53308.4,52783.45,53710.35,0,0.0,0.0,0.0,0.0,-0.01,-1,-1,-0.01,-1,-1,-0.01,-1,-1,-0.01,-1,-1,-0.01,-1,-1,-0.01,-1,-1,-0.01,-1,-1,-0.01,-1,-1,-0.01,-1,-1,-0.01,-1,-1
99926009,2026-05-18 11:44:27+05:30,53163.4,0,0.0,0,0.0,0.0,53282.15,53308.4,52783.45,53710.35,0,0.0,0.0,0.0,0.0,-0.01,-1,-1,-0.01,-1,-1,-0.01,-1,-1,-0.01,-1,-1,-0.01,-1,-1,-0.01,-1,-1,-0.01,-1,-1,-0.01,-1,-1,-0.01,-1,-1,-0.01,-1,-1
99926009,2026-05-18 11:44:28+05:30,53164.9,0,0.0,0,0.0,0.0,53282.15,53308.4,52783.45,53710.35,0,0.0,0.0,0.0,0.0,-0.01,-1,-1,-0.01,-1,-1,-0.01,-1,-1,-0.01,-1,-1,-0.01,-1,-1,-0.01,-1,-1,-0.01,-1,-1,-0.01,-1,-1,-0.01,-1,-1,-0.01,-1,-1
99926009,2026-05-18 11:44:28+05:30,53162.95,0,0.0,0,0.0,0.0,53282.15,53308.4,52783.45,53710.35,0,0.0,0.0,0.0,0.0,-0.01,-1,-1,-0.01,-1,-1,-0.01,-1,-1,-0.01,-1,-1,-0.01,-1,-1,-0.01,-1,-1,-0.01,-1,-1,-0.01,-1,-1,-0.01,-1,-1,-0.01,-1,-1
99926009,2026-05-18 11:44:29+05:30,53164.3,0,0.0,0,0.0,0.0,53282.15,53308.4,52783.45,53710.35,0,0.0,0.0,0.0,0.0,-0.01,-1,-1,-0.01,-1,-1,-0.01,-1,-1,-0.01,-1,-1,-0.01,-1,-1,-0.01,-1,-1,-0.01,-1,-1,-0.01,-1,-1,-0.01,-1,-1,-0.01,-1,-1
99926009,2026-05-18 11:44:29+05:30,53162.9,0,0.0,0,0.0,0.0,53282.15,53308.4,52783.45,53710.35,0,0.0,0.0,0.0,0.0,-0.01,-1,-1,-0.01,-1,-1,-0.01,-1,-1,-0.01,-1,-1,-0.01,-1,-1,-0.01,-1,-1,-0.01,-1,-1,-0.01,-1,-1,-0.01,-1,-1,-0.01,-1,-1
99926009,2026-05-18 11:44:30+05:30,53163.8,0,0.0,0,0.0,0.0,53282.15,53308.4,52783.45,53710.35,0,0.0,0.0,0.0,0.0,-0.01,-1,-1,-0.01,-1,-1,-0.01,-1,-1,-0.01,-1,-1,-0.01,-1,-1,-0.01,-1,-1,-0.01,-1,-1,-0.01,-1,-1,-0.01,-1,-1,-0.01,-1,-1
99926009,2026-05-18 11:44:30+05:30,53166.0,0,0.0,0,0.0,0.0,53282.15,53308.4,52783.45,53710.35,0,0.0,0.0,0.0,0.0,-0.01,-1,-1,-0.01,-1,-1,-0.01,-1,-1,-0.01,-1,-1,-0.01,-1,-1,-0.01,-1,-1,-0.01,-1,-1,-0.01,-1,-1,-0.01,-1,-1,-0.01,-1,-1
99926009,2026-05-18 11:44:31+05:30,53165.8,0,0.0,0,0.0,0.0,53282.15,53308.4,52783.45,53710.35,0,0.0,0.0,0.0,0.0,-0.01,-1,-1,-0.01,-1,-1,-0.01,-1,-1,-0.01,-1,-1,-0.01,-1,-1,-0.01,-1,-1,-0.01,-1,-1,-0.01,-1,-1,-0.01,-1,-1,-0.01,-1,-1
99926009,2026-05-18 11:44:31+05:30,53165.9,0,0.0,0,0.0,0.0,53282.15,53308.4,52783.45,53710.35,0,0.0,0.0,0.0,0.0,-0.01,-1,-1,-0.01,-1,-1,-0.01,-1,-1,-0.01,-1,-1,-0.01,-1,-1,-0.01,-1,-1,-0.01,-1,-1,-0.01,-1,-1,-0.01,-1,-1,-0.01,-1,-1
99926009,2026-05-18 11:44:32+05:30,53165.4,0,0.0,0,0.0,0.0,53282.15,53308.4,52783.45,53710.35,0,0.0,0.0,0.0,0.0,-0.01,-1,-1,-0.01,-1,-1,-0.01,-1,-1,-0.01,-1,-1,-0.01,-1,-1,-0.01,-1,-1,-0.01,-1,-1,-0.01,-1,-1,-0.01,-1,-1,-0.01,-1,-1
99926009,2026-05-18 11:44:32+05:30,53164.4,0,0.0,0,0.0,0.0,53282.15,53308.4,52783.45,53710.35,0,0.0,0.0,0.0,0.0,-0.01,-1,-1,-0.01,-1,-1,-0.01,-1,-1,-0.01,-1,-1,-0.01,-1,-1,-0.01,-1,-1,-0.01,-1,-1,-0.01,-1,-1,-0.01,-1,-1,-0.01,-1,-1
99926009,2026-05-18 11:44:33+05:30,53162.45,0,0.0,0,0.0,0.0,53282.15,53308.4,52783.45,53710.35,0,0.0,0.0,0.0,0.0,-0.01,-1,-1,-0.01,-1,-1,-0.01,-1,-1,-0.01,-1,-1,-0.01,-1,-1,-0.01,-1,-1,-0.01,-1,-1,-0.01,-1,-1,-0.01,-1,-1,-0.01,-1,-1
99926009,2026-05-18 11:44:33+05:30,53164.2,0,0.0,0,0.0,0.0,53282.15,53308.4,52783.45,53710.35,0,0.0,0.0,0.0,0.0,-0.01,-1,-1,-0.01,-1,-1,-0.01,-1,-1,-0.01,-1,-1,-0.01,-1,-1,-0.01,-1,-1,-0.01,-1,-1,-0.01,-1,-1,-0.01,-1,-1,-0.01,-1,-1
99926009,2026-05-18 11:44:34+05:30,53164.85,0,0.0,0,0.0,0.0,53282.15,53308.4,52783.45,53710.35,0,0.0,0.0,0.0,0.0,-0.01,-1,-1,-0.01,-1,-1,-0.01,-1,-1,-0.01,-1,-1,-0.01,-1,-1,-0.01,-1,-1,-0.01,-1,-1,-0.01,-1,-1,-0.01,-1,-1,-0.01,-1,-1
99926009,2026-05-18 11:44:34+05:30,53162.65,0,0.0,0,0.0,0.0,53282.15,53308.4,52783.45,53710.35,0,0.0,0.0,0.0,0.0,-0.01,-1,-1,-0.01,-1,-1,-0.01,-1,-1,-0.01,-1,-1,-0.01,-1,-1,-0.01,-1,-1,-0.01,-1,-1,-0.01,-1,-1,-0.01,-1,-1,-0.01,-1,-1
99926009,2026-05-18 11:44:35+05:30,53157.95,0,0.0,0,0.0,0.0,53282.15,53308.4,52783.45,53710.35,0,0.0,0.0,0.0,0.0,-0.01,-1,-1,-0.01,-1,-1,-0.01,-1,-1,-0.01,-1,-1,-0.01,-1,-1,-0.01,-1,-1,-0.01,-1,-1,-0.01,-1,-1,-0.01,-1,-1,-0.01,-1,-1
99926009,2026-05-18 11:44:35+05:30,53160.7,0,0.0,0,0.0,0.0,53282.15,53308.4,52783.45,53710.35,0,0.0,0.0,0.0,0.0,-0.01,-1,-1,-0.01,-1,-1,-0.01,-1,-1,-0.01,-1,-1,-0.01,-1,-1,-0.01,-1,-1,-0.01,-1,-1,-0.01,-1,-1,-0.01,-1,-1,-0.01,-1,-1
99926009,2026-05-18 11:44:36+05:30,53160.55,0,0.0,0,0.0,0.0,53282.15,53308.4,52783.45,53710.35,0,0.0,0.0,0.0,0.0,-0.01,-1,-1,-0.01,-1,-1,-0.01,-1,-1,-0.01,-1,-1,-0.01,-1,-1,-0.01,-1,-1,-0.01,-1,-1,-0.01,-1,-1,-0.01,-1,-1,-0.01,-1,-1
99926009,2026-05-18 11:44:36+05:30,53164.15,0,0.0,0,0.0,0.0,53282.15,53308.4,52783.45,53710.35,0,0.0,0.0,0.0,0.0,-0.01,-1,-1,-0.01,-1,-1,-0.01,-1,-1,-0.01,-1,-1,-0.01,-1,-1,-0.01,-1,-1,-0.01,-1,-1,-0.01,-1,-1,-0.01,-1,-1,-0.01,-1,-1
99926009,2026-05-18 11:44:37+05:30,53163.75,0,0.0,0,0.0,0.0,53282.15,53308.4,52783.45,53710.35,0,0.0,0.0,0.0,0.0,-0.01,-1,-1,-0.01,-1,-1,-0.01,-1,-1,-0.01,-1,-1,-0.01,-1,-1,-0.01,-1,-1,-0.01,-1,-1,-0.01,-1,-1,-0.01,-1,-1,-0.01,-1,-1
99926009,2026-05-18 11:44:37+05:30,53163.25,0,0.0,0,0.0,0.0,53282.15,53308.4,52783.45,53710.35,0,0.0,0.0,0.0,0.0,-0.01,-1,-1,-0.01,-1,-1,-0.01,-1,-1,-0.01,-1,-1,-0.01,-1,-1,-0.01,-1,-1,-0.01,-1,-1,-0.01,-1,-1,-0.01,-1,-1,-0.01,-1,-1
99926009,2026-05-18 11:44:38+05:30,53163.65,0,0.0,0,0.0,0.0,53282.15,53308.4,52783.45,53710.35,0,0.0,0.0,0.0,0.0,-0.01,-1,-1,-0.01,-1,-1,-0.01,-1,-1,-0.01,-1,-1,-0.01,-1,-1,-0.01,-1,-1,-0.01,-1,-1,-0.01,-1,-1,-0.01,-1,-1,-0.01,-1,-1
99926009,2026-05-18 11:44:38+05:30,53164.05,0,0.0,0,0.0,0.0,53282.15,53308.4,52783.45,53710.35,0,0.0,0.0,0.0,0.0,-0.01,-1,-1,-0.01,-1,-1,-0.01,-1,-1,-0.01,-1,-1,-0.01,-1,-1,-0.01,-1,-1,-0.01,-1,-1,-0.01,-1,-1,-0.01,-1,-1,-0.01,-1,-1
99926009,2026-05-18 11:44:39+05:30,53166.05,0,0.0,0,0.0,0.0,53282.15,53308.4,52783.45,53710.35,0,0.0,0.0,0.0,0.0,-0.01,-1,-1,-0.01,-1,-1,-0.01,-1,-1,-0.01,-1,-1,-0.01,-1,-1,-0.01,-1,-1,-0.01,-1,-1,-0.01,-1,-1,-0.01,-1,-1,-0.01,-1,-1
99926009,2026-05-18 11:44:39+05:30,53166.55,0,0.0,0,0.0,0.0,53282.15,53308.4,52783.45,53710.35,0,0.0,0.0,0.0,0.0,-0.01,-1,-1,-0.01,-1,-1,-0.01,-1,-1,-0.01,-1,-1,-0.01,-1,-1,-0.01,-1,-1,-0.01,-1,-1,-0.01,-1,-1,-0.01,-1,-1,-0.01,-1,-1
99926009,2026-05-18 11:44:40+05:30,53166.05,0,0.0,0,0.0,0.0,53282.15,53308.4,52783.45,53710.35,0,0.0,0.0,0.0,0.0,-0.01,-1,-1,-0.01,-1,-1,-0.01,-1,-1,-0.01,-1,-1,-0.01,-1,-1,-0.01,-1,-1,-0.01,-1,-1,-0.01,-1,-1,-0.01,-1,-1,-0.01,-1,-1
99926009,2026-05-18 11:44:40+05:30,53165.95,0,0.0,0,0.0,0.0,53282.15,53308.4,52783.45,53710.35,0,0.0,0.0,0.0,0.0,-0.01,-1,-1,-0.01,-1,-1,-0.01,-1,-1,-0.01,-1,-1,-0.01,-1,-1,-0.01,-1,-1,-0.01,-1,-1,-0.01,-1,-1,-0.01,-1,-1,-0.01,-1,-1
99926009,2026-05-18 11:44:41+05:30,53167.4,0,0.0,0,0.0,0.0,53282.15,53308.4,52783.45,53710.35,0,0.0,0.0,0.0,0.0,-0.01,-1,-1,-0.01,-1,-1,-0.01,-1,-1,-0.01,-1,-1,-0.01,-1,-1,-0.01,-1,-1,-0.01,-1,-1,-0.01,-1,-1,-0.01,-1,-1,-0.01,-1,-1
99926009,2026-05-18 11:44:41+05:30,53167.65,0,0.0,0,0.0,0.0,53282.15,53308.4,52783.45,53710.35,0,0.0,0.0,0.0,0.0,-0.01,-1,-1,-0.01,-1,-1,-0.01,-1,-1,-0.01,-1,-1,-0.01,-1,-1,-0.01,-1,-1,-0.01,-1,-1,-0.01,-1,-1,-0.01,-1,-1,-0.01,-1,-1
99926009,2026-05-18 11:44:42+05:30,53168.4,0,0.0,0,0.0,0.0,53282.15,53308.4,52783.45,53710.35,0,0.0,0.0,0.0,0.0,-0.01,-1,-1,-0.01,-1,-1,-0.01,-1,-1,-0.01,-1,-1,-0.01,-1,-1,-0.01,-1,-1,-0.01,-1,-1,-0.01,-1,-1,-0.01,-1,-1,-0.01,-1,-1
99926009,2026-05-18 11:44:42+05:30,53169.15,0,0.0,0,0.0,0.0,53282.15,53308.4,52783.45,53710.35,0,0.0,0.0,0.0,0.0,-0.01,-1,-1,-0.01,-1,-1,-0.01,-1,-1,-0.01,-1,-1,-0.01,-1,-1,-0.01,-1,-1,-0.01,-1,-1,-0.01,-1,-1,-0.01,-1,-1,-0.01,-1,-1
99926009,2026-05-18 11:44:43+05:30,53168.75,0,0.0,0,0.0,0.0,53282.15,53308.4,52783.45,53710.35,0,0.0,0.0,0.0,0.0,-0.01,-1,-1,-0.01,-1,-1,-0.01,-1,-1,-0.01,-1,-1,-0.01,-1,-1,-0.01,-1,-1,-0.01,-1,-1,-0.01,-1,-1,-0.01,-1,-1,-0.01,-1,-1
99926009,2026-05-18 11:44:43+05:30,53169.15,0,0.0,0,0.0,0.0,53282.15,53308.4,52783.45,53710.35,0,0.0,0.0,0.0,0.0,-0.01,-1,-1,-0.01,-1,-1,-0.01,-1,-1,-0.01,-1,-1,-0.01,-1,-1,-0.01,-1,-1,-0.01,-1,-1,-0.01,-1,-1,-0.01,-1,-1,-0.01,-1,-1
99926009,2026-05-18 11:44:44+05:30,53167.95,0,0.0,0,0.0,0.0,53282.15,53308.4,52783.45,53710.35,0,0.0,0.0,0.0,0.0,-0.01,-1,-1,-0.01,-1,-1,-0.01,-1,-1,-0.01,-1,-1,-0.01,-1,-1,-0.01,-1,-1,-0.01,-1,-1,-0.01,-1,-1,-0.01,-1,-1,-0.01,-1,-1
99926009,2026-05-18 11:44:44+05:30,53165.9,0,0.0,0,0.0,0.0,53282.15,53308.4,52783.45,53710.35,0,0.0,0.0,0.0,0.0,-0.01,-1,-1,-0.01,-1,-1,-0.01,-1,-1,-0.01,-1,-1,-0.01,-1,-1,-0.01,-1,-1,-0.01,-1,-1,-0.01,-1,-1,-0.01,-1,-1,-0.01,-1,-1
99926009,2026-05-18 11:44:45+05:30,53164.65,0,0.0,0,0.0,0.0,53282.15,53308.4,52783.45,53710.35,0,0.0,0.0,0.0,0.0,-0.01,-1,-1,-0.01,-1,-1,-0.01,-1,-1,-0.01,-1,-1,-0.01,-1,-1,-0.01,-1,-1,-0.01,-1,-1,-0.01,-1,-1,-0.01,-1,-1,-0.01,-1,-1
99926009,2026-05-18 11:44:45+05:30,53167.2,0,0.0,0,0.0,0.0,53282.15,53308.4,52783.45,53710.35,0,0.0,0.0,0.0,0.0,-0.01,-1,-1,-0.01,-1,-1,-0.01,-1,-1,-0.01,-1,-1,-0.01,-1,-1,-0.01,-1,-1,-0.01,-1,-1,-0.01,-1,-1,-0.01,-1,-1,-0.01,-1,-1
99926009,2026-05-18 11:44:46+05:30,53167.8,0,0.0,0,0.0,0.0,53282.15,53308.4,52783.45,53710.35,0,0.0,0.0,0.0,0.0,-0.01,-1,-1,-0.01,-1,-1,-0.01,-1,-1,-0.01,-1,-1,-0.01,-1,-1,-0.01,-1,-1,-0.01,-1,-1,-0.01,-1,-1,-0.01,-1,-1,-0.01,-1,-1
99926009,2026-05-18 11:44:46+05:30,53167.65,0,0.0,0,0.0,0.0,53282.15,53308.4,52783.45,53710.35,0,0.0,0.0,0.0,0.0,-0.01,-1,-1,-0.01,-1,-1,-0.01,-1,-1,-0.01,-1,-1,-0.01,-1,-1,-0.01,-1,-1,-0.01,-1,-1,-0.01,-1,-1,-0.01,-1,-1,-0.01,-1,-1
99926009,2026-05-18 11:44:47+05:30,53166.7,0,0.0,0,0.0,0.0,53282.15,53308.4,52783.45,53710.35,0,0.0,0.0,0.0,0.0,-0.01,-1,-1,-0.01,-1,-1,-0.01,-1,-1,-0.01,-1,-1,-0.01,-1,-1,-0.01,-1,-1,-0.01,-1,-1,-0.01,-1,-1,-0.01,-1,-1,-0.01,-1,-1
99926009,2026-05-18 11:44:47+05:30,53166.3,0,0.0,0,0.0,0.0,53282.15,53308.4,52783.45,53710.35,0,0.0,0.0,0.0,0.0,-0.01,-1,-1,-0.01,-1,-1,-0.01,-1,-1,-0.01,-1,-1,-0.01,-1,-1,-0.01,-1,-1,-0.01,-1,-1,-0.01,-1,-1,-0.01,-1,-1,-0.01,-1,-1
99926009,2026-05-18 11:44:48+05:30,53167.15,0,0.0,0,0.0,0.0,53282.15,53308.4,52783.45,53710.35,0,0.0,0.0,0.0,0.0,-0.01,-1,-1,-0.01,-1,-1,-0.01,-1,-1,-0.01,-1,-1,-0.01,-1,-1,-0.01,-1,-1,-0.01,-1,-1,-0.01,-1,-1,-0.01,-1,-1,-0.01,-1,-1
99926009,2026-05-18 11:44:48+05:30,53165.6,0,0.0,0,0.0,0.0,53282.15,53308.4,52783.45,53710.35,0,0.0,0.0,0.0,0.0,-0.01,-1,-1,-0.01,-1,-1,-0.01,-1,-1,-0.01,-1,-1,-0.01,-1,-1,-0.01,-1,-1,-0.01,-1,-1,-0.01,-1,-1,-0.01,-1,-1,-0.01,-1,-1
99926009,2026-05-18 11:44:49+05:30,53168.35,0,0.0,0,0.0,0.0,53282.15,53308.4,52783.45,53710.35,0,0.0,0.0,0.0,0.0,-0.01,-1,-1,-0.01,-1,-1,-0.01,-1,-1,-0.01,-1,-1,-0.01,-1,-1,-0.01,-1,-1,-0.01,-1,-1,-0.01,-1,-1,-0.01,-1,-1,-0.01,-1,-1
99926009,2026-05-18 11:44:49+05:30,53168.35,0,0.0,0,0.0,0.0,53282.15,53308.4,52783.45,53710.35,0,0.0,0.0,0.0,0.0,-0.01,-1,-1,-0.01,-1,-1,-0.01,-1,-1,-0.01,-1,-1,-0.01,-1,-1,-0.01,-1,-1,-0.01,-1,-1,-0.01,-1,-1,-0.01,-1,-1,-0.01,-1,-1
99926009,2026-05-18 11:44:50+05:30,53170.15,0,0.0,0,0.0,0.0,53282.15,53308.4,52783.45,53710.35,0,0.0,0.0,0.0,0.0,-0.01,-1,-1,-0.01,-1,-1,-0.01,-1,-1,-0.01,-1,-1,-0.01,-1,-1,-0.01,-1,-1,-0.01,-1,-1,-0.01,-1,-1,-0.01,-1,-1,-0.01,-1,-1
99926009,2026-05-18 11:44:50+05:30,53175.2,0,0.0,0,0.0,0.0,53282.15,53308.4,52783.45,53710.35,0,0.0,0.0,0.0,0.0,-0.01,-1,-1,-0.01,-1,-1,-0.01,-1,-1,-0.01,-1,-1,-0.01,-1,-1,-0.01,-1,-1,-0.01,-1,-1,-0.01,-1,-1,-0.01,-1,-1,-0.01,-1,-1
99926009,2026-05-18 11:44:51+05:30,53176.6,0,0.0,0,0.0,0.0,53282.15,53308.4,52783.45,53710.35,0,0.0,0.0,0.0,0.0,-0.01,-1,-1,-0.01,-1,-1,-0.01,-1,-1,-0.01,-1,-1,-0.01,-1,-1,-0.01,-1,-1,-0.01,-1,-1,-0.01,-1,-1,-0.01,-1,-1,-0.01,-1,-1
99926009,2026-05-18 11:44:51+05:30,53182.85,0,0.0,0,0.0,0.0,53282.15,53308.4,52783.45,53710.35,0,0.0,0.0,0.0,0.0,-0.01,-1,-1,-0.01,-1,-1,-0.01,-1,-1,-0.01,-1,-1,-0.01,-1,-1,-0.01,-1,-1,-0.01,-1,-1,-0.01,-1,-1,-0.01,-1,-1,-0.01,-1,-1
99926009,2026-05-18 11:44:52+05:30,53181.15,0,0.0,0,0.0,0.0,53282.15,53308.4,52783.45,53710.35,0,0.0,0.0,0.0,0.0,-0.01,-1,-1,-0.01,-1,-1,-0.01,-1,-1,-0.01,-1,-1,-0.01,-1,-1,-0.01,-1,-1,-0.01,-1,-1,-0.01,-1,-1,-0.01,-1,-1,-0.01,-1,-1
99926009,2026-05-18 11:44:52+05:30,53181.75,0,0.0,0,0.0,0.0,53282.15,53308.4,52783.45,53710.35,0,0.0,0.0,0.0,0.0,-0.01,-1,-1,-0.01,-1,-1,-0.01,-1,-1,-0.01,-1,-1,-0.01,-1,-1,-0.01,-1,-1,-0.01,-1,-1,-0.01,-1,-1,-0.01,-1,-1,-0.01,-1,-1
99926009,2026-05-18 11:44:53+05:30,53179.7,0,0.0,0,0.0,0.0,53282.15,53308.4,52783.45,53710.35,0,0.0,0.0,0.0,0.0,-0.01,-1,-1,-0.01,-1,-1,-0.01,-1,-1,-0.01,-1,-1,-0.01,-1,-1,-0.01,-1,-1,-0.01,-1,-1,-0.01,-1,-1,-0.01,-1,-1,-0.01,-1,-1
99926009,2026-05-18 11:44:53+05:30,53179.25,0,0.0,0,0.0,0.0,53282.15,53308.4,52783.45,53710.35,0,0.0,0.0,0.0,0.0,-0.01,-1,-1,-0.01,-1,-1,-0.01,-1,-1,-0.01,-1,-1,-0.01,-1,-1,-0.01,-1,-1,-0.01,-1,-1,-0.01,-1,-1,-0.01,-1,-1,-0.01,-1,-1
99926009,2026-05-18 11:44:54+05:30,53180.45,0,0.0,0,0.0,0.0,53282.15,53308.4,52783.45,53710.35,0,0.0,0.0,0.0,0.0,-0.01,-1,-1,-0.01,-1,-1,-0.01,-1,-1,-0.01,-1,-1,-0.01,-1,-1,-0.01,-1,-1,-0.01,-1,-1,-0.01,-1,-1,-0.01,-1,-1,-0.01,-1,-1
99926009,2026-05-18 11:44:54+05:30,53175.05,0,0.0,0,0.0,0.0,53282.15,53308.4,52783.45,53710.35,0,0.0,0.0,0.0,0.0,-0.01,-1,-1,-0.01,-1,-1,-0.01,-1,-1,-0.01,-1,-1,-0.01,-1,-1,-0.01,-1,-1,-0.01,-1,-1,-0.01,-1,-1,-0.01,-1,-1,-0.01,-1,-1
99926009,2026-05-18 11:44:55+05:30,53175.05,0,0.0,0,0.0,0.0,53282.15,53308.4,52783.45,53710.35,0,0.0,0.0,0.0,0.0,-0.01,-1,-1,-0.01,-1,-1,-0.01,-1,-1,-0.01,-1,-1,-0.01,-1,-1,-0.01,-1,-1,-0.01,-1,-1,-0.01,-1,-1,-0.01,-1,-1,-0.01,-1,-1
99926009,2026-05-18 11:44:55+05:30,53178.35,0,0.0,0,0.0,0.0,53282.15,53308.4,52783.45,53710.35,0,0.0,0.0,0.0,0.0,-0.01,-1,-1,-0.01,-1,-1,-0.01,-1,-1,-0.01,-1,-1,-0.01,-1,-1,-0.01,-1,-1,-0.01,-1,-1,-0.01,-1,-1,-0.01,-1,-1,-0.01,-1,-1
99926009,2026-05-18 11:44:56+05:30,53176.85,0,0.0,0,0.0,0.0,53282.15,53308.4,52783.45,53710.35,0,0.0,0.0,0.0,0.0,-0.01,-1,-1,-0.01,-1,-1,-0.01,-1,-1,-0.01,-1,-1,-0.01,-1,-1,-0.01,-1,-1,-0.01,-1,-1,-0.01,-1,-1,-0.01,-1,-1,-0.01,-1,-1
99926009,2026-05-18 11:44:56+05:30,53181.55,0,0.0,0,0.0,0.0,53282.15,53308.4,52783.45,53710.35,0,0.0,0.0,0.0,0.0,-0.01,-1,-1,-0.01,-1,-1,-0.01,-1,-1,-0.01,-1,-1,-0.01,-1,-1,-0.01,-1,-1,-0.01,-1,-1,-0.01,-1,-1,-0.01,-1,-1,-0.01,-1,-1
99926009,2026-05-18 11:44:57+05:30,53179.15,0,0.0,0,0.0,0.0,53282.15,53308.4,52783.45,53710.35,0,0.0,0.0,0.0,0.0,-0.01,-1,-1,-0.01,-1,-1,-0.01,-1,-1,-0.01,-1,-1,-0.01,-1,-1,-0.01,-1,-1,-0.01,-1,-1,-0.01,-1,-1,-0.01,-1,-1,-0.01,-1,-1
99926009,2026-05-18 11:44:57+05:30,53177.9,0,0.0,0,0.0,0.0,53282.15,53308.4,52783.45,53710.35,0,0.0,0.0,0.0,0.0,-0.01,-1,-1,-0.01,-1,-1,-0.01,-1,-1,-0.01,-1,-1,-0.01,-1,-1,-0.01,-1,-1,-0.01,-1,-1,-0.01,-1,-1,-0.01,-1,-1,-0.01,-1,-1
99926009,2026-05-18 11:44:58+05:30,53180.35,0,0.0,0,0.0,0.0,53282.15,53308.4,52783.45,53710.35,0,0.0,0.0,0.0,0.0,-0.01,-1,-1,-0.01,-1,-1,-0.01,-1,-1,-0.01,-1,-1,-0.01,-1,-1,-0.01,-1,-1,-0.01,-1,-1,-0.01,-1,-1,-0.01,-1,-1,-0.01,-1,-1
99926009,2026-05-18 11:44:58+05:30,53182.15,0,0.0,0,0.0,0.0,53282.15,53308.4,52783.45,53710.35,0,0.0,0.0,0.0,0.0,-0.01,-1,-1,-0.01,-1,-1,-0.01,-1,-1,-0.01,-1,-1,-0.01,-1,-1,-0.01,-1,-1,-0.01,-1,-1,-0.01,-1,-1,-0.01,-1,-1,-0.01,-1,-1
99926009,2026-05-18 11:44:59+05:30,53182.75,0,0.0,0,0.0,0.0,53282.15,53308.4,52783.45,53710.35,0,0.0,0.0,0.0,0.0,-0.01,-1,-1,-0.01,-1,-1,-0.01,-1,-1,-0.01,-1,-1,-0.01,-1,-1,-0.01,-1,-1,-0.01,-1,-1,-0.01,-1,-1,-0.01,-1,-1,-0.01,-1,-1
99926009,2026-05-18 11:44:59+05:30,53181.35,0,0.0,0,0.0,0.0,53282.15,53308.4,52783.45,53710.35,0,0.0,0.0,0.0,0.0,-0.01,-1,-1,-0.01,-1,-1,-0.01,-1,-1,-0.01,-1,-1,-0.01,-1,-1,-0.01,-1,-1,-0.01,-1,-1,-0.01,-1,-1,-0.01,-1,-1,-0.01,-1,-1
99926009,2026-05-18 11:45:00+05:30,53183.55,0,0.0,0,0.0,0.0,53282.15,53308.4,52783.45,53710.35,0,0.0,0.0,0.0,0.0,-0.01,-1,-1,-0.01,-1,-1,-0.01,-1,-1,-0.01,-1,-1,-0.01,-1,-1,-0.01,-1,-1,-0.01,-1,-1,-0.01,-1,-1,-0.01,-1,-1,-0.01,-1,-1
99926009,2026-05-18 11:45:00+05:30,53179.3,0,0.0,0,0.0,0.0,53282.15,53308.4,52783.45,53710.35,0,0.0,0.0,0.0,0.0,-0.01,-1,-1,-0.01,-1,-1,-0.01,-1,-1,-0.01,-1,-1,-0.01,-1,-1,-0.01,-1,-1,-0.01,-1,-1,-0.01,-1,-1,-0.01,-1,-1,-0.01,-1,-1
99926009,2026-05-18 11:45:01+05:30,53180.7,0,0.0,0,0.0,0.0,53282.15,53308.4,52783.45,53710.35,0,0.0,0.0,0.0,0.0,-0.01,-1,-1,-0.01,-1,-1,-0.01,-1,-1,-0.01,-1,-1,-0.01,-1,-1,-0.01,-1,-1,-0.01,-1,-1,-0.01,-1,-1,-0.01,-1,-1,-0.01,-1,-1
99926009,2026-05-18 11:45:01+05:30,53184.8,0,0.0,0,0.0,0.0,53282.15,53308.4,52783.45,53710.35,0,0.0,0.0,0.0,0.0,-0.01,-1,-1,-0.01,-1,-1,-0.01,-1,-1,-0.01,-1,-1,-0.01,-1,-1,-0.01,-1,-1,-0.01,-1,-1,-0.01,-1,-1,-0.01,-1,-1,-0.01,-1,-1
99926009,2026-05-18 11:45:02+05:30,53180.35,0,0.0,0,0.0,0.0,53282.15,53308.4,52783.45,53710.35,0,0.0,0.0,0.0,0.0,-0.01,-1,-1,-0.01,-1,-1,-0.01,-1,-1,-0.01,-1,-1,-0.01,-1,-1,-0.01,-1,-1,-0.01,-1,-1,-0.01,-1,-1,-0.01,-1,-1,-0.01,-1,-1
99926009,2026-05-18 11:45:02+05:30,53181.95,0,0.0,0,0.0,0.0,53282.15,53308.4,52783.45,53710.35,0,0.0,0.0,0.0,0.0,-0.01,-1,-1,-0.01,-1,-1,-0.01,-1,-1,-0.01,-1,-1,-0.01,-1,-1,-0.01,-1,-1,-0.01,-1,-1,-0.01,-1,-1,-0.01,-1,-1,-0.01,-1,-1
99926009,2026-05-18 11:45:03+05:30,53182.3,0,0.0,0,0.0,0.0,53282.15,53308.4,52783.45,53710.35,0,0.0,0.0,0.0,0.0,-0.01,-1,-1,-0.01,-1,-1,-0.01,-1,-1,-0.01,-1,-1,-0.01,-1,-1,-0.01,-1,-1,-0.01,-1,-1,-0.01,-1,-1,-0.01,-1,-1,-0.01,-1,-1
99926009,2026-05-18 11:45:03+05:30,53179.8,0,0.0,0,0.0,0.0,53282.15,53308.4,52783.45,53710.35,0,0.0,0.0,0.0,0.0,-0.01,-1,-1,-0.01,-1,-1,-0.01,-1,-1,-0.01,-1,-1,-0.01,-1,-1,-0.01,-1,-1,-0.01,-1,-1,-0.01,-1,-1,-0.01,-1,-1,-0.01,-1,-1
99926009,2026-05-18 11:45:04+05:30,53179.85,0,0.0,0,0.0,0.0,53282.15,53308.4,52783.45,53710.35,0,0.0,0.0,0.0,0.0,-0.01,-1,-1,-0.01,-1,-1,-0.01,-1,-1,-0.01,-1,-1,-0.01,-1,-1,-0.01,-1,-1,-0.01,-1,-1,-0.01,-1,-1,-0.01,-1,-1,-0.01,-1,-1
99926009,2026-05-18 11:45:04+05:30,53179.85,0,0.0,0,0.0,0.0,53282.15,53308.4,52783.45,53710.35,0,0.0,0.0,0.0,0.0,-0.01,-1,-1,-0.01,-1,-1,-0.01,-1,-1,-0.01,-1,-1,-0.01,-1,-1,-0.01,-1,-1,-0.01,-1,-1,-0.01,-1,-1,-0.01,-1,-1,-0.01,-1,-1
99926009,2026-05-18 11:45:05+05:30,53180.9,0,0.0,0,0.0,0.0,53282.15,53308.4,52783.45,53710.35,0,0.0,0.0,0.0,0.0,-0.01,-1,-1,-0.01,-1,-1,-0.01,-1,-1,-0.01,-1,-1,-0.01,-1,-1,-0.01,-1,-1,-0.01,-1,-1,-0.01,-1,-1,-0.01,-1,-1,-0.01,-1,-1
99926009,2026-05-18 11:45:05+05:30,53183.55,0,0.0,0,0.0,0.0,53282.15,53308.4,52783.45,53710.35,0,0.0,0.0,0.0,0.0,-0.01,-1,-1,-0.01,-1,-1,-0.01,-1,-1,-0.01,-1,-1,-0.01,-1,-1,-0.01,-1,-1,-0.01,-1,-1,-0.01,-1,-1,-0.01,-1,-1,-0.01,-1,-1
99926009,2026-05-18 11:45:06+05:30,53180.65,0,0.0,0,0.0,0.0,53282.15,53308.4,52783.45,53710.35,0,0.0,0.0,0.0,0.0,-0.01,-1,-1,-0.01,-1,-1,-0.01,-1,-1,-0.01,-1,-1,-0.01,-1,-1,-0.01,-1,-1,-0.01,-1,-1,-0.01,-1,-1,-0.01,-1,-1,-0.01,-1,-1
99926009,2026-05-18 11:45:06+05:30,53182.4,0,0.0,0,0.0,0.0,53282.15,53308.4,52783.45,53710.35,0,0.0,0.0,0.0,0.0,-0.01,-1,-1,-0.01,-1,-1,-0.01,-1,-1,-0.01,-1,-1,-0.01,-1,-1,-0.01,-1,-1,-0.01,-1,-1,-0.01,-1,-1,-0.01,-1,-1,-0.01,-1,-1
99926009,2026-05-18 11:45:07+05:30,53181.8,0,0.0,0,0.0,0.0,53282.15,53308.4,52783.45,53710.35,0,0.0,0.0,0.0,0.0,-0.01,-1,-1,-0.01,-1,-1,-0.01,-1,-1,-0.01,-1,-1,-0.01,-1,-1,-0.01,-1,-1,-0.01,-1,-1,-0.01,-1,-1,-0.01,-1,-1,-0.01,-1,-1
99926009,2026-05-18 11:45:07+05:30,53181.8,0,0.0,0,0.0,0.0,53282.15,53308.4,52783.45,53710.35,0,0.0,0.0,0.0,0.0,-0.01,-1,-1,-0.01,-1,-1,-0.01,-1,-1,-0.01,-1,-1,-0.01,-1,-1,-0.01,-1,-1,-0.01,-1,-1,-0.01,-1,-1,-0.01,-1,-1,-0.01,-1,-1
99926009,2026-05-18 11:45:08+05:30,53179.05,0,0.0,0,0.0,0.0,53282.15,53308.4,52783.45,53710.35,0,0.0,0.0,0.0,0.0,-0.01,-1,-1,-0.01,-1,-1,-0.01,-1,-1,-0.01,-1,-1,-0.01,-1,-1,-0.01,-1,-1,-0.01,-1,-1,-0.01,-1,-1,-0.01,-1,-1,-0.01,-1,-1
99926009,2026-05-18 11:45:08+05:30,53180.95,0,0.0,0,0.0,0.0,53282.15,53308.4,52783.45,53710.35,0,0.0,0.0,0.0,0.0,-0.01,-1,-1,-0.01,-1,-1,-0.01,-1,-1,-0.01,-1,-1,-0.01,-1,-1,-0.01,-1,-1,-0.01,-1,-1,-0.01,-1,-1,-0.01,-1,-1,-0.01,-1,-1
99926009,2026-05-18 11:45:09+05:30,53178.85,0,0.0,0,0.0,0.0,53282.15,53308.4,52783.45,53710.35,0,0.0,0.0,0.0,0.0,-0.01,-1,-1,-0.01,-1,-1,-0.01,-1,-1,-0.01,-1,-1,-0.01,-1,-1,-0.01,-1,-1,-0.01,-1,-1,-0.01,-1,-1,-0.01,-1,-1,-0.01,-1,-1
99926009,2026-05-18 11:45:09+05:30,53180.6,0,0.0,0,0.0,0.0,53282.15,53308.4,52783.45,53710.35,0,0.0,0.0,0.0,0.0,-0.01,-1,-1,-0.01,-1,-1,-0.01,-1,-1,-0.01,-1,-1,-0.01,-1,-1,-0.01,-1,-1,-0.01,-1,-1,-0.01,-1,-1,-0.01,-1,-1,-0.01,-1,-1
99926009,2026-05-18 11:45:10+05:30,53180.5,0,0.0,0,0.0,0.0,53282.15,53308.4,52783.45,53710.35,0,0.0,0.0,0.0,0.0,-0.01,-1,-1,-0.01,-1,-1,-0.01,-1,-1,-0.01,-1,-1,-0.01,-1,-1,-0.01,-1,-1,-0.01,-1,-1,-0.01,-1,-1,-0.01,-1,-1,-0.01,-1,-1
99926009,2026-05-18 11:45:10+05:30,53180.05,0,0.0,0,0.0,0.0,53282.15,53308.4,52783.45,53710.35,0,0.0,0.0,0.0,0.0,-0.01,-1,-1,-0.01,-1,-1,-0.01,-1,-1,-0.01,-1,-1,-0.01,-1,-1,-0.01,-1,-1,-0.01,-1,-1,-0.01,-1,-1,-0.01,-1,-1,-0.01,-1,-1
99926009,2026-05-18 11:45:11+05:30,53178.55,0,0.0,0,0.0,0.0,53282.15,53308.4,52783.45,53710.35,0,0.0,0.0,0.0,0.0,-0.01,-1,-1,-0.01,-1,-1,-0.01,-1,-1,-0.01,-1,-1,-0.01,-1,-1,-0.01,-1,-1,-0.01,-1,-1,-0.01,-1,-1,-0.01,-1,-1,-0.01,-1,-1
99926009,2026-05-18 11:45:11+05:30,53178.7,0,0.0,0,0.0,0.0,53282.15,53308.4,52783.45,53710.35,0,0.0,0.0,0.0,0.0,-0.01,-1,-1,-0.01,-1,-1,-0.01,-1,-1,-0.01,-1,-1,-0.01,-1,-1,-0.01,-1,-1,-0.01,-1,-1,-0.01,-1,-1,-0.01,-1,-1,-0.01,-1,-1
99926009,2026-05-18 11:45:12+05:30,53179.15,0,0.0,0,0.0,0.0,53282.15,53308.4,52783.45,53710.35,0,0.0,0.0,0.0,0.0,-0.01,-1,-1,-0.01,-1,-1,-0.01,-1,-1,-0.01,-1,-1,-0.01,-1,-1,-0.01,-1,-1,-0.01,-1,-1,-0.01,-1,-1,-0.01,-1,-1,-0.01,-1,-1
99926009,2026-05-18 11:45:12+05:30,53179.3,0,0.0,0,0.0,0.0,53282.15,53308.4,52783.45,53710.35,0,0.0,0.0,0.0,0.0,-0.01,-1,-1,-0.01,-1,-1,-0.01,-1,-1,-0.01,-1,-1,-0.01,-1,-1,-0.01,-1,-1,-0.01,-1,-1,-0.01,-1,-1,-0.01,-1,-1,-0.01,-1,-1
99926009,2026-05-18 11:45:13+05:30,53176.5,0,0.0,0,0.0,0.0,53282.15,53308.4,52783.45,53710.35,0,0.0,0.0,0.0,0.0,-0.01,-1,-1,-0.01,-1,-1,-0.01,-1,-1,-0.01,-1,-1,-0.01,-1,-1,-0.01,-1,-1,-0.01,-1,-1,-0.01,-1,-1,-0.01,-1,-1,-0.01,-1,-1
99926009,2026-05-18 11:45:13+05:30,53175.8,0,0.0,0,0.0,0.0,53282.15,53308.4,52783.45,53710.35,0,0.0,0.0,0.0,0.0,-0.01,-1,-1,-0.01,-1,-1,-0.01,-1,-1,-0.01,-1,-1,-0.01,-1,-1,-0.01,-1,-1,-0.01,-1,-1,-0.01,-1,-1,-0.01,-1,-1,-0.01,-1,-1
99926009,2026-05-18 11:45:14+05:30,53173.0,0,0.0,0,0.0,0.0,53282.15,53308.4,52783.45,53710.35,0,0.0,0.0,0.0,0.0,-0.01,-1,-1,-0.01,-1,-1,-0.01,-1,-1,-0.01,-1,-1,-0.01,-1,-1,-0.01,-1,-1,-0.01,-1,-1,-0.01,-1,-1,-0.01,-1,-1,-0.01,-1,-1
99926009,2026-05-18 11:45:14+05:30,53171.1,0,0.0,0,0.0,0.0,53282.15,53308.4,52783.45,53710.35,0,0.0,0.0,0.0,0.0,-0.01,-1,-1,-0.01,-1,-1,-0.01,-1,-1,-0.01,-1,-1,-0.01,-1,-1,-0.01,-1,-1,-0.01,-1,-1,-0.01,-1,-1,-0.01,-1,-1,-0.01,-1,-1
99926009,2026-05-18 11:45:15+05:30,53173.2,0,0.0,0,0.0,0.0,53282.15,53308.4,52783.45,53710.35,0,0.0,0.0,0.0,0.0,-0.01,-1,-1,-0.01,-1,-1,-0.01,-1,-1,-0.01,-1,-1,-0.01,-1,-1,-0.01,-1,-1,-0.01,-1,-1,-0.01,-1,-1,-0.01,-1,-1,-0.01,-1,-1
99926009,2026-05-18 11:45:15+05:30,53173.55,0,0.0,0,0.0,0.0,53282.15,53308.4,52783.45,53710.35,0,0.0,0.0,0.0,0.0,-0.01,-1,-1,-0.01,-1,-1,-0.01,-1,-1,-0.01,-1,-1,-0.01,-1,-1,-0.01,-1,-1,-0.01,-1,-1,-0.01,-1,-1,-0.01,-1,-1,-0.01,-1,-1
99926009,2026-05-18 11:45:16+05:30,53172.15,0,0.0,0,0.0,0.0,53282.15,53308.4,52783.45,53710.35,0,0.0,0.0,0.0,0.0,-0.01,-1,-1,-0.01,-1,-1,-0.01,-1,-1,-0.01,-1,-1,-0.01,-1,-1,-0.01,-1,-1,-0.01,-1,-1,-0.01,-1,-1,-0.01,-1,-1,-0.01,-1,-1
99926009,2026-05-18 11:45:16+05:30,53172.65,0,0.0,0,0.0,0.0,53282.15,53308.4,52783.45,53710.35,0,0.0,0.0,0.0,0.0,-0.01,-1,-1,-0.01,-1,-1,-0.01,-1,-1,-0.01,-1,-1,-0.01,-1,-1,-0.01,-1,-1,-0.01,-1,-1,-0.01,-1,-1,-0.01,-1,-1,-0.01,-1,-1
99926009,2026-05-18 11:45:17+05:30,53171.7,0,0.0,0,0.0,0.0,53282.15,53308.4,52783.45,53710.35,0,0.0,0.0,0.0,0.0,-0.01,-1,-1,-0.01,-1,-1,-0.01,-1,-1,-0.01,-1,-1,-0.01,-1,-1,-0.01,-1,-1,-0.01,-1,-1,-0.01,-1,-1,-0.01,-1,-1,-0.01,-1,-1
99926009,2026-05-18 11:45:17+05:30,53174.4,0,0.0,0,0.0,0.0,53282.15,53308.4,52783.45,53710.35,0,0.0,0.0,0.0,0.0,-0.01,-1,-1,-0.01,-1,-1,-0.01,-1,-1,-0.01,-1,-1,-0.01,-1,-1,-0.01,-1,-1,-0.01,-1,-1,-0.01,-1,-1,-0.01,-1,-1,-0.01,-1,-1
99926009,2026-05-18 11:45:18+05:30,53175.05,0,0.0,0,0.0,0.0,53282.15,53308.4,52783.45,53710.35,0,0.0,0.0,0.0,0.0,-0.01,-1,-1,-0.01,-1,-1,-0.01,-1,-1,-0.01,-1,-1,-0.01,-1,-1,-0.01,-1,-1,-0.01,-1,-1,-0.01,-1,-1,-0.01,-1,-1,-0.01,-1,-1
99926009,2026-05-18 11:45:18+05:30,53174.25,0,0.0,0,0.0,0.0,53282.15,53308.4,52783.45,53710.35,0,0.0,0.0,0.0,0.0,-0.01,-1,-1,-0.01,-1,-1,-0.01,-1,-1,-0.01,-1,-1,-0.01,-1,-1,-0.01,-1,-1,-0.01,-1,-1,-0.01,-1,-1,-0.01,-1,-1,-0.01,-1,-1
99926009,2026-05-18 11:45:19+05:30,53174.75,0,0.0,0,0.0,0.0,53282.15,53308.4,52783.45,53710.35,0,0.0,0.0,0.0,0.0,-0.01,-1,-1,-0.01,-1,-1,-0.01,-1,-1,-0.01,-1,-1,-0.01,-1,-1,-0.01,-1,-1,-0.01,-1,-1,-0.01,-1,-1,-0.01,-1,-1,-0.01,-1,-1
99926009,2026-05-18 11:45:19+05:30,53175.2,0,0.0,0,0.0,0.0,53282.15,53308.4,52783.45,53710.35,0,0.0,0.0,0.0,0.0,-0.01,-1,-1,-0.01,-1,-1,-0.01,-1,-1,-0.01,-1,-1,-0.01,-1,-1,-0.01,-1,-1,-0.01,-1,-1,-0.01,-1,-1,-0.01,-1,-1,-0.01,-1,-1
99926009,2026-05-18 11:45:20+05:30,53174.85,0,0.0,0,0.0,0.0,53282.15,53308.4,52783.45,53710.35,0,0.0,0.0,0.0,0.0,-0.01,-1,-1,-0.01,-1,-1,-0.01,-1,-1,-0.01,-1,-1,-0.01,-1,-1,-0.01,-1,-1,-0.01,-1,-1,-0.01,-1,-1,-0.01,-1,-1,-0.01,-1,-1
99926009,2026-05-18 11:45:20+05:30,53173.85,0,0.0,0,0.0,0.0,53282.15,53308.4,52783.45,53710.35,0,0.0,0.0,0.0,0.0,-0.01,-1,-1,-0.01,-1,-1,-0.01,-1,-1,-0.01,-1,-1,-0.01,-1,-1,-0.01,-1,-1,-0.01,-1,-1,-0.01,-1,-1,-0.01,-1,-1,-0.01,-1,-1
99926009,2026-05-18 11:45:21+05:30,53171.15,0,0.0,0,0.0,0.0,53282.15,53308.4,52783.45,53710.35,0,0.0,0.0,0.0,0.0,-0.01,-1,-1,-0.01,-1,-1,-0.01,-1,-1,-0.01,-1,-1,-0.01,-1,-1,-0.01,-1,-1,-0.01,-1,-1,-0.01,-1,-1,-0.01,-1,-1,-0.01,-1,-1
99926009,2026-05-18 11:45:21+05:30,53172.45,0,0.0,0,0.0,0.0,53282.15,53308.4,52783.45,53710.35,0,0.0,0.0,0.0,0.0,-0.01,-1,-1,-0.01,-1,-1,-0.01,-1,-1,-0.01,-1,-1,-0.01,-1,-1,-0.01,-1,-1,-0.01,-1,-1,-0.01,-1,-1,-0.01,-1,-1,-0.01,-1,-1
99926009,2026-05-18 11:45:22+05:30,53172.6,0,0.0,0,0.0,0.0,53282.15,53308.4,52783.45,53710.35,0,0.0,0.0,0.0,0.0,-0.01,-1,-1,-0.01,-1,-1,-0.01,-1,-1,-0.01,-1,-1,-0.01,-1,-1,-0.01,-1,-1,-0.01,-1,-1,-0.01,-1,-1,-0.01,-1,-1,-0.01,-1,-1
99926009,2026-05-18 11:45:22+05:30,53171.5,0,0.0,0,0.0,0.0,53282.15,53308.4,52783.45,53710.35,0,0.0,0.0,0.0,0.0,-0.01,-1,-1,-0.01,-1,-1,-0.01,-1,-1,-0.01,-1,-1,-0.01,-1,-1,-0.01,-1,-1,-0.01,-1,-1,-0.01,-1,-1,-0.01,-1,-1,-0.01,-1,-1
99926009,2026-05-18 11:45:23+05:30,53167.8,0,0.0,0,0.0,0.0,53282.15,53308.4,52783.45,53710.35,0,0.0,0.0,0.0,0.0,-0.01,-1,-1,-0.01,-1,-1,-0.01,-1,-1,-0.01,-1,-1,-0.01,-1,-1,-0.01,-1,-1,-0.01,-1,-1,-0.01,-1,-1,-0.01,-1,-1,-0.01,-1,-1
99926009,2026-05-18 11:45:23+05:30,53165.8,0,0.0,0,0.0,0.0,53282.15,53308.4,52783.45,53710.35,0,0.0,0.0,0.0,0.0,-0.01,-1,-1,-0.01,-1,-1,-0.01,-1,-1,-0.01,-1,-1,-0.01,-1,-1,-0.01,-1,-1,-0.01,-1,-1,-0.01,-1,-1,-0.01,-1,-1,-0.01,-1,-1
99926009,2026-05-18 11:45:24+05:30,53168.25,0,0.0,0,0.0,0.0,53282.15,53308.4,52783.45,53710.35,0,0.0,0.0,0.0,0.0,-0.01,-1,-1,-0.01,-1,-1,-0.01,-1,-1,-0.01,-1,-1,-0.01,-1,-1,-0.01,-1,-1,-0.01,-1,-1,-0.01,-1,-1,-0.01,-1,-1,-0.01,-1,-1
99926009,2026-05-18 11:45:24+05:30,53165.4,0,0.0,0,0.0,0.0,53282.15,53308.4,52783.45,53710.35,0,0.0,0.0,0.0,0.0,-0.01,-1,-1,-0.01,-1,-1,-0.01,-1,-1,-0.01,-1,-1,-0.01,-1,-1,-0.01,-1,-1,-0.01,-1,-1,-0.01,-1,-1,-0.01,-1,-1,-0.01,-1,-1
99926009,2026-05-18 11:45:25+05:30,53169.2,0,0.0,0,0.0,0.0,53282.15,53308.4,52783.45,53710.35,0,0.0,0.0,0.0,0.0,-0.01,-1,-1,-0.01,-1,-1,-0.01,-1,-1,-0.01,-1,-1,-0.01,-1,-1,-0.01,-1,-1,-0.01,-1,-1,-0.01,-1,-1,-0.01,-1,-1,-0.01,-1,-1
99926009,2026-05-18 11:45:25+05:30,53169.0,0,0.0,0,0.0,0.0,53282.15,53308.4,52783.45,53710.35,0,0.0,0.0,0.0,0.0,-0.01,-1,-1,-0.01,-1,-1,-0.01,-1,-1,-0.01,-1,-1,-0.01,-1,-1,-0.01,-1,-1,-0.01,-1,-1,-0.01,-1,-1,-0.01,-1,-1,-0.01,-1,-1
99926009,2026-05-18 11:45:26+05:30,53166.05,0,0.0,0,0.0,0.0,53282.15,53308.4,52783.45,53710.35,0,0.0,0.0,0.0,0.0,-0.01,-1,-1,-0.01,-1,-1,-0.01,-1,-1,-0.01,-1,-1,-0.01,-1,-1,-0.01,-1,-1,-0.01,-1,-1,-0.01,-1,-1,-0.01,-1,-1,-0.01,-1,-1
99926009,2026-05-18 11:45:26+05:30,53169.9,0,0.0,0,0.0,0.0,53282.15,53308.4,52783.45,53710.35,0,0.0,0.0,0.0,0.0,-0.01,-1,-1,-0.01,-1,-1,-0.01,-1,-1,-0.01,-1,-1,-0.01,-1,-1,-0.01,-1,-1,-0.01,-1,-1,-0.01,-1,-1,-0.01,-1,-1,-0.01,-1,-1
99926009,2026-05-18 11:45:27+05:30,53169.85,0,0.0,0,0.0,0.0,53282.15,53308.4,52783.45,53710.35,0,0.0,0.0,0.0,0.0,-0.01,-1,-1,-0.01,-1,-1,-0.01,-1,-1,-0.01,-1,-1,-0.01,-1,-1,-0.01,-1,-1,-0.01,-1,-1,-0.01,-1,-1,-0.01,-1,-1,-0.01,-1,-1
99926009,2026-05-18 11:45:27+05:30,53168.25,0,0.0,0,0.0,0.0,53282.15,53308.4,52783.45,53710.35,0,0.0,0.0,0.0,0.0,-0.01,-1,-1,-0.01,-1,-1,-0.01,-1,-1,-0.01,-1,-1,-0.01,-1,-1,-0.01,-1,-1,-0.01,-1,-1,-0.01,-1,-1,-0.01,-1,-1,-0.01,-1,-1
99926009,2026-05-18 11:45:28+05:30,53167.05,0,0.0,0,0.0,0.0,53282.15,53308.4,52783.45,53710.35,0,0.0,0.0,0.0,0.0,-0.01,-1,-1,-0.01,-1,-1,-0.01,-1,-1,-0.01,-1,-1,-0.01,-1,-1,-0.01,-1,-1,-0.01,-1,-1,-0.01,-1,-1,-0.01,-1,-1,-0.01,-1,-1
99926009,2026-05-18 11:45:28+05:30,53169.65,0,0.0,0,0.0,0.0,53282.15,53308.4,52783.45,53710.35,0,0.0,0.0,0.0,0.0,-0.01,-1,-1,-0.01,-1,-1,-0.01,-1,-1,-0.01,-1,-1,-0.01,-1,-1,-0.01,-1,-1,-0.01,-1,-1,-0.01,-1,-1,-0.01,-1,-1,-0.01,-1,-1
99926009,2026-05-18 11:45:29+05:30,53167.8,0,0.0,0,0.0,0.0,53282.15,53308.4,52783.45,53710.35,0,0.0,0.0,0.0,0.0,-0.01,-1,-1,-0.01,-1,-1,-0.01,-1,-1,-0.01,-1,-1,-0.01,-1,-1,-0.01,-1,-1,-0.01,-1,-1,-0.01,-1,-1,-0.01,-1,-1,-0.01,-1,-1
99926009,2026-05-18 11:45:29+05:30,53166.75,0,0.0,0,0.0,0.0,53282.15,53308.4,52783.45,53710.35,0,0.0,0.0,0.0,0.0,-0.01,-1,-1,-0.01,-1,-1,-0.01,-1,-1,-0.01,-1,-1,-0.01,-1,-1,-0.01,-1,-1,-0.01,-1,-1,-0.01,-1,-1,-0.01,-1,-1,-0.01,-1,-1
99926009,2026-05-18 11:45:30+05:30,53168.15,0,0.0,0,0.0,0.0,53282.15,53308.4,52783.45,53710.35,0,0.0,0.0,0.0,0.0,-0.01,-1,-1,-0.01,-1,-1,-0.01,-1,-1,-0.01,-1,-1,-0.01,-1,-1,-0.01,-1,-1,-0.01,-1,-1,-0.01,-1,-1,-0.01,-1,-1,-0.01,-1,-1
99926009,2026-05-18 11:45:30+05:30,53169.35,0,0.0,0,0.0,0.0,53282.15,53308.4,52783.45,53710.35,0,0.0,0.0,0.0,0.0,-0.01,-1,-1,-0.01,-1,-1,-0.01,-1,-1,-0.01,-1,-1,-0.01,-1,-1,-0.01,-1,-1,-0.01,-1,-1,-0.01,-1,-1,-0.01,-1,-1,-0.01,-1,-1
99926009,2026-05-18 11:45:31+05:30,53172.7,0,0.0,0,0.0,0.0,53282.15,53308.4,52783.45,53710.35,0,0.0,0.0,0.0,0.0,-0.01,-1,-1,-0.01,-1,-1,-0.01,-1,-1,-0.01,-1,-1,-0.01,-1,-1,-0.01,-1,-1,-0.01,-1,-1,-0.01,-1,-1,-0.01,-1,-1,-0.01,-1,-1
99926009,2026-05-18 11:45:31+05:30,53173.3,0,0.0,0,0.0,0.0,53282.15,53308.4,52783.45,53710.35,0,0.0,0.0,0.0,0.0,-0.01,-1,-1,-0.01,-1,-1,-0.01,-1,-1,-0.01,-1,-1,-0.01,-1,-1,-0.01,-1,-1,-0.01,-1,-1,-0.01,-1,-1,-0.01,-1,-1,-0.01,-1,-1
99926009,2026-05-18 11:45:32+05:30,53171.85,0,0.0,0,0.0,0.0,53282.15,53308.4,52783.45,53710.35,0,0.0,0.0,0.0,0.0,-0.01,-1,-1,-0.01,-1,-1,-0.01,-1,-1,-0.01,-1,-1,-0.01,-1,-1,-0.01,-1,-1,-0.01,-1,-1,-0.01,-1,-1,-0.01,-1,-1,-0.01,-1,-1
99926009,2026-05-18 11:45:32+05:30,53170.5,0,0.0,0,0.0,0.0,53282.15,53308.4,52783.45,53710.35,0,0.0,0.0,0.0,0.0,-0.01,-1,-1,-0.01,-1,-1,-0.01,-1,-1,-0.01,-1,-1,-0.01,-1,-1,-0.01,-1,-1,-0.01,-1,-1,-0.01,-1,-1,-0.01,-1,-1,-0.01,-1,-1
99926009,2026-05-18 11:45:33+05:30,53169.85,0,0.0,0,0.0,0.0,53282.15,53308.4,52783.45,53710.35,0,0.0,0.0,0.0,0.0,-0.01,-1,-1,-0.01,-1,-1,-0.01,-1,-1,-0.01,-1,-1,-0.01,-1,-1,-0.01,-1,-1,-0.01,-1,-1,-0.01,-1,-1,-0.01,-1,-1,-0.01,-1,-1
99926009,2026-05-18 11:45:33+05:30,53171.25,0,0.0,0,0.0,0.0,53282.15,53308.4,52783.45,53710.35,0,0.0,0.0,0.0,0.0,-0.01,-1,-1,-0.01,-1,-1,-0.01,-1,-1,-0.01,-1,-1,-0.01,-1,-1,-0.01,-1,-1,-0.01,-1,-1,-0.01,-1,-1,-0.01,-1,-1,-0.01,-1,-1
99926009,2026-05-18 11:45:34+05:30,53170.05,0,0.0,0,0.0,0.0,53282.15,53308.4,52783.45,53710.35,0,0.0,0.0,0.0,0.0,-0.01,-1,-1,-0.01,-1,-1,-0.01,-1,-1,-0.01,-1,-1,-0.01,-1,-1,-0.01,-1,-1,-0.01,-1,-1,-0.01,-1,-1,-0.01,-1,-1,-0.01,-1,-1
99926009,2026-05-18 11:45:34+05:30,53169.8,0,0.0,0,0.0,0.0,53282.15,53308.4,52783.45,53710.35,0,0.0,0.0,0.0,0.0,-0.01,-1,-1,-0.01,-1,-1,-0.01,-1,-1,-0.01,-1,-1,-0.01,-1,-1,-0.01,-1,-1,-0.01,-1,-1,-0.01,-1,-1,-0.01,-1,-1,-0.01,-1,-1
99926009,2026-05-18 11:45:35+05:30,53170.6,0,0.0,0,0.0,0.0,53282.15,53308.4,52783.45,53710.35,0,0.0,0.0,0.0,0.0,-0.01,-1,-1,-0.01,-1,-1,-0.01,-1,-1,-0.01,-1,-1,-0.01,-1,-1,-0.01,-1,-1,-0.01,-1,-1,-0.01,-1,-1,-0.01,-1,-1,-0.01,-1,-1
99926009,2026-05-18 11:45:35+05:30,53170.65,0,0.0,0,0.0,0.0,53282.15,53308.4,52783.45,53710.35,0,0.0,0.0,0.0,0.0,-0.01,-1,-1,-0.01,-1,-1,-0.01,-1,-1,-0.01,-1,-1,-0.01,-1,-1,-0.01,-1,-1,-0.01,-1,-1,-0.01,-1,-1,-0.01,-1,-1,-0.01,-1,-1
99926009,2026-05-18 11:45:36+05:30,53170.65,0,0.0,0,0.0,0.0,53282.15,53308.4,52783.45,53710.35,0,0.0,0.0,0.0,0.0,-0.01,-1,-1,-0.01,-1,-1,-0.01,-1,-1,-0.01,-1,-1,-0.01,-1,-1,-0.01,-1,-1,-0.01,-1,-1,-0.01,-1,-1,-0.01,-1,-1,-0.01,-1,-1
99926009,2026-05-18 11:45:36+05:30,53170.15,0,0.0,0,0.0,0.0,53282.15,53308.4,52783.45,53710.35,0,0.0,0.0,0.0,0.0,-0.01,-1,-1,-0.01,-1,-1,-0.01,-1,-1,-0.01,-1,-1,-0.01,-1,-1,-0.01,-1,-1,-0.01,-1,-1,-0.01,-1,-1,-0.01,-1,-1,-0.01,-1,-1
99926009,2026-05-18 11:45:37+05:30,53171.3,0,0.0,0,0.0,0.0,53282.15,53308.4,52783.45,53710.35,0,0.0,0.0,0.0,0.0,-0.01,-1,-1,-0.01,-1,-1,-0.01,-1,-1,-0.01,-1,-1,-0.01,-1,-1,-0.01,-1,-1,-0.01,-1,-1,-0.01,-1,-1,-0.01,-1,-1,-0.01,-1,-1
99926009,2026-05-18 11:45:37+05:30,53170.6,0,0.0,0,0.0,0.0,53282.15,53308.4,52783.45,53710.35,0,0.0,0.0,0.0,0.0,-0.01,-1,-1,-0.01,-1,-1,-0.01,-1,-1,-0.01,-1,-1,-0.01,-1,-1,-0.01,-1,-1,-0.01,-1,-1,-0.01,-1,-1,-0.01,-1,-1,-0.01,-1,-1
99926009,2026-05-18 11:45:38+05:30,53164.75,0,0.0,0,0.0,0.0,53282.15,53308.4,52783.45,53710.35,0,0.0,0.0,0.0,0.0,-0.01,-1,-1,-0.01,-1,-1,-0.01,-1,-1,-0.01,-1,-1,-0.01,-1,-1,-0.01,-1,-1,-0.01,-1,-1,-0.01,-1,-1,-0.01,-1,-1,-0.01,-1,-1
99926009,2026-05-18 11:45:38+05:30,53165.65,0,0.0,0,0.0,0.0,53282.15,53308.4,52783.45,53710.35,0,0.0,0.0,0.0,0.0,-0.01,-1,-1,-0.01,-1,-1,-0.01,-1,-1,-0.01,-1,-1,-0.01,-1,-1,-0.01,-1,-1,-0.01,-1,-1,-0.01,-1,-1,-0.01,-1,-1,-0.01,-1,-1
99926009,2026-05-18 11:45:39+05:30,53166.0,0,0.0,0,0.0,0.0,53282.15,53308.4,52783.45,53710.35,0,0.0,0.0,0.0,0.0,-0.01,-1,-1,-0.01,-1,-1,-0.01,-1,-1,-0.01,-1,-1,-0.01,-1,-1,-0.01,-1,-1,-0.01,-1,-1,-0.01,-1,-1,-0.01,-1,-1,-0.01,-1,-1
99926009,2026-05-18 11:45:39+05:30,53164.85,0,0.0,0,0.0,0.0,53282.15,53308.4,52783.45,53710.35,0,0.0,0.0,0.0,0.0,-0.01,-1,-1,-0.01,-1,-1,-0.01,-1,-1,-0.01,-1,-1,-0.01,-1,-1,-0.01,-1,-1,-0.01,-1,-1,-0.01,-1,-1,-0.01,-1,-1,-0.01,-1,-1
99926009,2026-05-18 11:45:40+05:30,53164.7,0,0.0,0,0.0,0.0,53282.15,53308.4,52783.45,53710.35,0,0.0,0.0,0.0,0.0,-0.01,-1,-1,-0.01,-1,-1,-0.01,-1,-1,-0.01,-1,-1,-0.01,-1,-1,-0.01,-1,-1,-0.01,-1,-1,-0.01,-1,-1,-0.01,-1,-1,-0.01,-1,-1
99926009,2026-05-18 11:45:40+05:30,53166.75,0,0.0,0,0.0,0.0,53282.15,53308.4,52783.45,53710.35,0,0.0,0.0,0.0,0.0,-0.01,-1,-1,-0.01,-1,-1,-0.01,-1,-1,-0.01,-1,-1,-0.01,-1,-1,-0.01,-1,-1,-0.01,-1,-1,-0.01,-1,-1,-0.01,-1,-1,-0.01,-1,-1
99926009,2026-05-18 11:45:41+05:30,53164.7,0,0.0,0,0.0,0.0,53282.15,53308.4,52783.45,53710.35,0,0.0,0.0,0.0,0.0,-0.01,-1,-1,-0.01,-1,-1,-0.01,-1,-1,-0.01,-1,-1,-0.01,-1,-1,-0.01,-1,-1,-0.01,-1,-1,-0.01,-1,-1,-0.01,-1,-1,-0.01,-1,-1
99926009,2026-05-18 11:45:41+05:30,53167.95,0,0.0,0,0.0,0.0,53282.15,53308.4,52783.45,53710.35,0,0.0,0.0,0.0,0.0,-0.01,-1,-1,-0.01,-1,-1,-0.01,-1,-1,-0.01,-1,-1,-0.01,-1,-1,-0.01,-1,-1,-0.01,-1,-1,-0.01,-1,-1,-0.01,-1,-1,-0.01,-1,-1
99926009,2026-05-18 11:45:42+05:30,53171.1,0,0.0,0,0.0,0.0,53282.15,53308.4,52783.45,53710.35,0,0.0,0.0,0.0,0.0,-0.01,-1,-1,-0.01,-1,-1,-0.01,-1,-1,-0.01,-1,-1,-0.01,-1,-1,-0.01,-1,-1,-0.01,-1,-1,-0.01,-1,-1,-0.01,-1,-1,-0.01,-1,-1
99926009,2026-05-18 11:45:42+05:30,53168.15,0,0.0,0,0.0,0.0,53282.15,53308.4,52783.45,53710.35,0,0.0,0.0,0.0,0.0,-0.01,-1,-1,-0.01,-1,-1,-0.01,-1,-1,-0.01,-1,-1,-0.01,-1,-1,-0.01,-1,-1,-0.01,-1,-1,-0.01,-1,-1,-0.01,-1,-1,-0.01,-1,-1
99926009,2026-05-18 11:45:43+05:30,53170.4,0,0.0,0,0.0,0.0,53282.15,53308.4,52783.45,53710.35,0,0.0,0.0,0.0,0.0,-0.01,-1,-1,-0.01,-1,-1,-0.01,-1,-1,-0.01,-1,-1,-0.01,-1,-1,-0.01,-1,-1,-0.01,-1,-1,-0.01,-1,-1,-0.01,-1,-1,-0.01,-1,-1
99926009,2026-05-18 11:45:43+05:30,53169.1,0,0.0,0,0.0,0.0,53282.15,53308.4,52783.45,53710.35,0,0.0,0.0,0.0,0.0,-0.01,-1,-1,-0.01,-1,-1,-0.01,-1,-1,-0.01,-1,-1,-0.01,-1,-1,-0.01,-1,-1,-0.01,-1,-1,-0.01,-1,-1,-0.01,-1,-1,-0.01,-1,-1
99926009,2026-05-18 11:45:44+05:30,53168.25,0,0.0,0,0.0,0.0,53282.15,53308.4,52783.45,53710.35,0,0.0,0.0,0.0,0.0,-0.01,-1,-1,-0.01,-1,-1,-0.01,-1,-1,-0.01,-1,-1,-0.01,-1,-1,-0.01,-1,-1,-0.01,-1,-1,-0.01,-1,-1,-0.01,-1,-1,-0.01,-1,-1
99926009,2026-05-18 11:45:44+05:30,53168.75,0,0.0,0,0.0,0.0,53282.15,53308.4,52783.45,53710.35,0,0.0,0.0,0.0,0.0,-0.01,-1,-1,-0.01,-1,-1,-0.01,-1,-1,-0.01,-1,-1,-0.01,-1,-1,-0.01,-1,-1,-0.01,-1,-1,-0.01,-1,-1,-0.01,-1,-1,-0.01,-1,-1
99926009,2026-05-18 11:45:45+05:30,53169.65,0,0.0,0,0.0,0.0,53282.15,53308.4,52783.45,53710.35,0,0.0,0.0,0.0,0.0,-0.01,-1,-1,-0.01,-1,-1,-0.01,-1,-1,-0.01,-1,-1,-0.01,-1,-1,-0.01,-1,-1,-0.01,-1,-1,-0.01,-1,-1,-0.01,-1,-1,-0.01,-1,-1
99926009,2026-05-18 11:45:45+05:30,53168.75,0,0.0,0,0.0,0.0,53282.15,53308.4,52783.45,53710.35,0,0.0,0.0,0.0,0.0,-0.01,-1,-1,-0.01,-1,-1,-0.01,-1,-1,-0.01,-1,-1,-0.01,-1,-1,-0.01,-1,-1,-0.01,-1,-1,-0.01,-1,-1,-0.01,-1,-1,-0.01,-1,-1
99926009,2026-05-18 11:45:46+05:30,53169.1,0,0.0,0,0.0,0.0,53282.15,53308.4,52783.45,53710.35,0,0.0,0.0,0.0,0.0,-0.01,-1,-1,-0.01,-1,-1,-0.01,-1,-1,-0.01,-1,-1,-0.01,-1,-1,-0.01,-1,-1,-0.01,-1,-1,-0.01,-1,-1,-0.01,-1,-1,-0.01,-1,-1
99926009,2026-05-18 11:45:46+05:30,53172.6,0,0.0,0,0.0,0.0,53282.15,53308.4,52783.45,53710.35,0,0.0,0.0,0.0,0.0,-0.01,-1,-1,-0.01,-1,-1,-0.01,-1,-1,-0.01,-1,-1,-0.01,-1,-1,-0.01,-1,-1,-0.01,-1,-1,-0.01,-1,-1,-0.01,-1,-1,-0.01,-1,-1
99926009,2026-05-18 11:45:47+05:30,53171.75,0,0.0,0,0.0,0.0,53282.15,53308.4,52783.45,53710.35,0,0.0,0.0,0.0,0.0,-0.01,-1,-1,-0.01,-1,-1,-0.01,-1,-1,-0.01,-1,-1,-0.01,-1,-1,-0.01,-1,-1,-0.01,-1,-1,-0.01,-1,-1,-0.01,-1,-1,-0.01,-1,-1
99926009,2026-05-18 11:45:47+05:30,53170.35,0,0.0,0,0.0,0.0,53282.15,53308.4,52783.45,53710.35,0,0.0,0.0,0.0,0.0,-0.01,-1,-1,-0.01,-1,-1,-0.01,-1,-1,-0.01,-1,-1,-0.01,-1,-1,-0.01,-1,-1,-0.01,-1,-1,-0.01,-1,-1,-0.01,-1,-1,-0.01,-1,-1
99926009,2026-05-18 11:45:48+05:30,53169.45,0,0.0,0,0.0,0.0,53282.15,53308.4,52783.45,53710.35,0,0.0,0.0,0.0,0.0,-0.01,-1,-1,-0.01,-1,-1,-0.01,-1,-1,-0.01,-1,-1,-0.01,-1,-1,-0.01,-1,-1,-0.01,-1,-1,-0.01,-1,-1,-0.01,-1,-1,-0.01,-1,-1
99926009,2026-05-18 11:45:48+05:30,53170.15,0,0.0,0,0.0,0.0,53282.15,53308.4,52783.45,53710.35,0,0.0,0.0,0.0,0.0,-0.01,-1,-1,-0.01,-1,-1,-0.01,-1,-1,-0.01,-1,-1,-0.01,-1,-1,-0.01,-1,-1,-0.01,-1,-1,-0.01,-1,-1,-0.01,-1,-1,-0.01,-1,-1
99926009,2026-05-18 11:45:49+05:30,53169.3,0,0.0,0,0.0,0.0,53282.15,53308.4,52783.45,53710.35,0,0.0,0.0,0.0,0.0,-0.01,-1,-1,-0.01,-1,-1,-0.01,-1,-1,-0.01,-1,-1,-0.01,-1,-1,-0.01,-1,-1,-0.01,-1,-1,-0.01,-1,-1,-0.01,-1,-1,-0.01,-1,-1
99926009,2026-05-18 11:45:49+05:30,53169.85,0,0.0,0,0.0,0.0,53282.15,53308.4,52783.45,53710.35,0,0.0,0.0,0.0,0.0,-0.01,-1,-1,-0.01,-1,-1,-0.01,-1,-1,-0.01,-1,-1,-0.01,-1,-1,-0.01,-1,-1,-0.01,-1,-1,-0.01,-1,-1,-0.01,-1,-1,-0.01,-1,-1
99926009,2026-05-18 11:45:50+05:30,53174.55,0,0.0,0,0.0,0.0,53282.15,53308.4,52783.45,53710.35,0,0.0,0.0,0.0,0.0,-0.01,-1,-1,-0.01,-1,-1,-0.01,-1,-1,-0.01,-1,-1,-0.01,-1,-1,-0.01,-1,-1,-0.01,-1,-1,-0.01,-1,-1,-0.01,-1,-1,-0.01,-1,-1
99926009,2026-05-18 11:45:50+05:30,53172.3,0,0.0,0,0.0,0.0,53282.15,53308.4,52783.45,53710.35,0,0.0,0.0,0.0,0.0,-0.01,-1,-1,-0.01,-1,-1,-0.01,-1,-1,-0.01,-1,-1,-0.01,-1,-1,-0.01,-1,-1,-0.01,-1,-1,-0.01,-1,-1,-0.01,-1,-1,-0.01,-1,-1
99926009,2026-05-18 11:45:51+05:30,53172.3,0,0.0,0,0.0,0.0,53282.15,53308.4,52783.45,53710.35,0,0.0,0.0,0.0,0.0,-0.01,-1,-1,-0.01,-1,-1,-0.01,-1,-1,-0.01,-1,-1,-0.01,-1,-1,-0.01,-1,-1,-0.01,-1,-1,-0.01,-1,-1,-0.01,-1,-1,-0.01,-1,-1
99926009,2026-05-18 11:45:51+05:30,53172.45,0,0.0,0,0.0,0.0,53282.15,53308.4,52783.45,53710.35,0,0.0,0.0,0.0,0.0,-0.01,-1,-1,-0.01,-1,-1,-0.01,-1,-1,-0.01,-1,-1,-0.01,-1,-1,-0.01,-1,-1,-0.01,-1,-1,-0.01,-1,-1,-0.01,-1,-1,-0.01,-1,-1
99926009,2026-05-18 11:45:52+05:30,53176.25,0,0.0,0,0.0,0.0,53282.15,53308.4,52783.45,53710.35,0,0.0,0.0,0.0,0.0,-0.01,-1,-1,-0.01,-1,-1,-0.01,-1,-1,-0.01,-1,-1,-0.01,-1,-1,-0.01,-1,-1,-0.01,-1,-1,-0.01,-1,-1,-0.01,-1,-1,-0.01,-1,-1
99926009,2026-05-18 11:45:52+05:30,53172.45,0,0.0,0,0.0,0.0,53282.15,53308.4,52783.45,53710.35,0,0.0,0.0,0.0,0.0,-0.01,-1,-1,-0.01,-1,-1,-0.01,-1,-1,-0.01,-1,-1,-0.01,-1,-1,-0.01,-1,-1,-0.01,-1,-1,-0.01,-1,-1,-0.01,-1,-1,-0.01,-1,-1
99926009,2026-05-18 11:45:53+05:30,53174.95,0,0.0,0,0.0,0.0,53282.15,53308.4,52783.45,53710.35,0,0.0,0.0,0.0,0.0,-0.01,-1,-1,-0.01,-1,-1,-0.01,-1,-1,-0.01,-1,-1,-0.01,-1,-1,-0.01,-1,-1,-0.01,-1,-1,-0.01,-1,-1,-0.01,-1,-1,-0.01,-1,-1
99926009,2026-05-18 11:45:53+05:30,53175.3,0,0.0,0,0.0,0.0,53282.15,53308.4,52783.45,53710.35,0,0.0,0.0,0.0,0.0,-0.01,-1,-1,-0.01,-1,-1,-0.01,-1,-1,-0.01,-1,-1,-0.01,-1,-1,-0.01,-1,-1,-0.01,-1,-1,-0.01,-1,-1,-0.01,-1,-1,-0.01,-1,-1
99926009,2026-05-18 11:45:54+05:30,53172.6,0,0.0,0,0.0,0.0,53282.15,53308.4,52783.45,53710.35,0,0.0,0.0,0.0,0.0,-0.01,-1,-1,-0.01,-1,-1,-0.01,-1,-1,-0.01,-1,-1,-0.01,-1,-1,-0.01,-1,-1,-0.01,-1,-1,-0.01,-1,-1,-0.01,-1,-1,-0.01,-1,-1
99926009,2026-05-18 11:45:54+05:30,53172.45,0,0.0,0,0.0,0.0,53282.15,53308.4,52783.45,53710.35,0,0.0,0.0,0.0,0.0,-0.01,-1,-1,-0.01,-1,-1,-0.01,-1,-1,-0.01,-1,-1,-0.01,-1,-1,-0.01,-1,-1,-0.01,-1,-1,-0.01,-1,-1,-0.01,-1,-1,-0.01,-1,-1
99926009,2026-05-18 11:45:55+05:30,53172.55,0,0.0,0,0.0,0.0,53282.15,53308.4,52783.45,53710.35,0,0.0,0.0,0.0,0.0,-0.01,-1,-1,-0.01,-1,-1,-0.01,-1,-1,-0.01,-1,-1,-0.01,-1,-1,-0.01,-1,-1,-0.01,-1,-1,-0.01,-1,-1,-0.01,-1,-1,-0.01,-1,-1
99926009,2026-05-18 11:45:55+05:30,53171.85,0,0.0,0,0.0,0.0,53282.15,53308.4,52783.45,53710.35,0,0.0,0.0,0.0,0.0,-0.01,-1,-1,-0.01,-1,-1,-0.01,-1,-1,-0.01,-1,-1,-0.01,-1,-1,-0.01,-1,-1,-0.01,-1,-1,-0.01,-1,-1,-0.01,-1,-1,-0.01,-1,-1
99926009,2026-05-18 11:45:56+05:30,53170.5,0,0.0,0,0.0,0.0,53282.15,53308.4,52783.45,53710.35,0,0.0,0.0,0.0,0.0,-0.01,-1,-1,-0.01,-1,-1,-0.01,-1,-1,-0.01,-1,-1,-0.01,-1,-1,-0.01,-1,-1,-0.01,-1,-1,-0.01,-1,-1,-0.01,-1,-1,-0.01,-1,-1
99926009,2026-05-18 11:45:56+05:30,53172.35,0,0.0,0,0.0,0.0,53282.15,53308.4,52783.45,53710.35,0,0.0,0.0,0.0,0.0,-0.01,-1,-1,-0.01,-1,-1,-0.01,-1,-1,-0.01,-1,-1,-0.01,-1,-1,-0.01,-1,-1,-0.01,-1,-1,-0.01,-1,-1,-0.01,-1,-1,-0.01,-1,-1
99926009,2026-05-18 11:45:57+05:30,53171.7,0,0.0,0,0.0,0.0,53282.15,53308.4,52783.45,53710.35,0,0.0,0.0,0.0,0.0,-0.01,-1,-1,-0.01,-1,-1,-0.01,-1,-1,-0.01,-1,-1,-0.01,-1,-1,-0.01,-1,-1,-0.01,-1,-1,-0.01,-1,-1,-0.01,-1,-1,-0.01,-1,-1
99926009,2026-05-18 11:45:57+05:30,53171.3,0,0.0,0,0.0,0.0,53282.15,53308.4,52783.45,53710.35,0,0.0,0.0,0.0,0.0,-0.01,-1,-1,-0.01,-1,-1,-0.01,-1,-1,-0.01,-1,-1,-0.01,-1,-1,-0.01,-1,-1,-0.01,-1,-1,-0.01,-1,-1,-0.01,-1,-1,-0.01,-1,-1
99926009,2026-05-18 11:45:58+05:30,53172.05,0,0.0,0,0.0,0.0,53282.15,53308.4,52783.45,53710.35,0,0.0,0.0,0.0,0.0,-0.01,-1,-1,-0.01,-1,-1,-0.01,-1,-1,-0.01,-1,-1,-0.01,-1,-1,-0.01,-1,-1,-0.01,-1,-1,-0.01,-1,-1,-0.01,-1,-1,-0.01,-1,-1
99926009,2026-05-18 11:45:58+05:30,53175.8,0,0.0,0,0.0,0.0,53282.15,53308.4,52783.45,53710.35,0,0.0,0.0,0.0,0.0,-0.01,-1,-1,-0.01,-1,-1,-0.01,-1,-1,-0.01,-1,-1,-0.01,-1,-1,-0.01,-1,-1,-0.01,-1,-1,-0.01,-1,-1,-0.01,-1,-1,-0.01,-1,-1
99926009,2026-05-18 11:45:59+05:30,53172.5,0,0.0,0,0.0,0.0,53282.15,53308.4,52783.45,53710.35,0,0.0,0.0,0.0,0.0,-0.01,-1,-1,-0.01,-1,-1,-0.01,-1,-1,-0.01,-1,-1,-0.01,-1,-1,-0.01,-1,-1,-0.01,-1,-1,-0.01,-1,-1,-0.01,-1,-1,-0.01,-1,-1
99926009,2026-05-18 11:45:59+05:30,53170.15,0,0.0,0,0.0,0.0,53282.15,53308.4,52783.45,53710.35,0,0.0,0.0,0.0,0.0,-0.01,-1,-1,-0.01,-1,-1,-0.01,-1,-1,-0.01,-1,-1,-0.01,-1,-1,-0.01,-1,-1,-0.01,-1,-1,-0.01,-1,-1,-0.01,-1,-1,-0.01,-1,-1
99926009,2026-05-18 11:46:00+05:30,53172.65,0,0.0,0,0.0,0.0,53282.15,53308.4,52783.45,53710.35,0,0.0,0.0,0.0,0.0,-0.01,-1,-1,-0.01,-1,-1,-0.01,-1,-1,-0.01,-1,-1,-0.01,-1,-1,-0.01,-1,-1,-0.01,-1,-1,-0.01,-1,-1,-0.01,-1,-1,-0.01,-1,-1
99926009,2026-05-18 11:46:00+05:30,53175.95,0,0.0,0,0.0,0.0,53282.15,53308.4,52783.45,53710.35,0,0.0,0.0,0.0,0.0,-0.01,-1,-1,-0.01,-1,-1,-0.01,-1,-1,-0.01,-1,-1,-0.01,-1,-1,-0.01,-1,-1,-0.01,-1,-1,-0.01,-1,-1,-0.01,-1,-1,-0.01,-1,-1
99926009,2026-05-18 11:46:01+05:30,53172.8,0,0.0,0,0.0,0.0,53282.15,53308.4,52783.45,53710.35,0,0.0,0.0,0.0,0.0,-0.01,-1,-1,-0.01,-1,-1,-0.01,-1,-1,-0.01,-1,-1,-0.01,-1,-1,-0.01,-1,-1,-0.01,-1,-1,-0.01,-1,-1,-0.01,-1,-1,-0.01,-1,-1
99926009,2026-05-18 11:46:01+05:30,53175.8,0,0.0,0,0.0,0.0,53282.15,53308.4,52783.45,53710.35,0,0.0,0.0,0.0,0.0,-0.01,-1,-1,-0.01,-1,-1,-0.01,-1,-1,-0.01,-1,-1,-0.01,-1,-1,-0.01,-1,-1,-0.01,-1,-1,-0.01,-1,-1,-0.01,-1,-1,-0.01,-1,-1
99926009,2026-05-18 11:46:02+05:30,53173.6,0,0.0,0,0.0,0.0,53282.15,53308.4,52783.45,53710.35,0,0.0,0.0,0.0,0.0,-0.01,-1,-1,-0.01,-1,-1,-0.01,-1,-1,-0.01,-1,-1,-0.01,-1,-1,-0.01,-1,-1,-0.01,-1,-1,-0.01,-1,-1,-0.01,-1,-1,-0.01,-1,-1
99926009,2026-05-18 11:46:02+05:30,53173.7,0,0.0,0,0.0,0.0,53282.15,53308.4,52783.45,53710.35,0,0.0,0.0,0.0,0.0,-0.01,-1,-1,-0.01,-1,-1,-0.01,-1,-1,-0.01,-1,-1,-0.01,-1,-1,-0.01,-1,-1,-0.01,-1,-1,-0.01,-1,-1,-0.01,-1,-1,-0.01,-1,-1
99926009,2026-05-18 11:46:03+05:30,53174.35,0,0.0,0,0.0,0.0,53282.15,53308.4,52783.45,53710.35,0,0.0,0.0,0.0,0.0,-0.01,-1,-1,-0.01,-1,-1,-0.01,-1,-1,-0.01,-1,-1,-0.01,-1,-1,-0.01,-1,-1,-0.01,-1,-1,-0.01,-1,-1,-0.01,-1,-1,-0.01,-1,-1
99926009,2026-05-18 11:46:03+05:30,53175.4,0,0.0,0,0.0,0.0,53282.15,53308.4,52783.45,53710.35,0,0.0,0.0,0.0,0.0,-0.01,-1,-1,-0.01,-1,-1,-0.01,-1,-1,-0.01,-1,-1,-0.01,-1,-1,-0.01,-1,-1,-0.01,-1,-1,-0.01,-1,-1,-0.01,-1,-1,-0.01,-1,-1
99926009,2026-05-18 11:46:04+05:30,53175.95,0,0.0,0,0.0,0.0,53282.15,53308.4,52783.45,53710.35,0,0.0,0.0,0.0,0.0,-0.01,-1,-1,-0.01,-1,-1,-0.01,-1,-1,-0.01,-1,-1,-0.01,-1,-1,-0.01,-1,-1,-0.01,-1,-1,-0.01,-1,-1,-0.01,-1,-1,-0.01,-1,-1
99926009,2026-05-18 11:46:04+05:30,53174.85,0,0.0,0,0.0,0.0,53282.15,53308.4,52783.45,53710.35,0,0.0,0.0,0.0,0.0,-0.01,-1,-1,-0.01,-1,-1,-0.01,-1,-1,-0.01,-1,-1,-0.01,-1,-1,-0.01,-1,-1,-0.01,-1,-1,-0.01,-1,-1,-0.01,-1,-1,-0.01,-1,-1
99926009,2026-05-18 11:46:05+05:30,53172.85,0,0.0,0,0.0,0.0,53282.15,53308.4,52783.45,53710.35,0,0.0,0.0,0.0,0.0,-0.01,-1,-1,-0.01,-1,-1,-0.01,-1,-1,-0.01,-1,-1,-0.01,-1,-1,-0.01,-1,-1,-0.01,-1,-1,-0.01,-1,-1,-0.01,-1,-1,-0.01,-1,-1
99926009,2026-05-18 11:46:05+05:30,53173.05,0,0.0,0,0.0,0.0,53282.15,53308.4,52783.45,53710.35,0,0.0,0.0,0.0,0.0,-0.01,-1,-1,-0.01,-1,-1,-0.01,-1,-1,-0.01,-1,-1,-0.01,-1,-1,-0.01,-1,-1,-0.01,-1,-1,-0.01,-1,-1,-0.01,-1,-1,-0.01,-1,-1
99926009,2026-05-18 11:46:06+05:30,53173.8,0,0.0,0,0.0,0.0,53282.15,53308.4,52783.45,53710.35,0,0.0,0.0,0.0,0.0,-0.01,-1,-1,-0.01,-1,-1,-0.01,-1,-1,-0.01,-1,-1,-0.01,-1,-1,-0.01,-1,-1,-0.01,-1,-1,-0.01,-1,-1,-0.01,-1,-1,-0.01,-1,-1
99926009,2026-05-18 11:46:06+05:30,53174.55,0,0.0,0,0.0,0.0,53282.15,53308.4,52783.45,53710.35,0,0.0,0.0,0.0,0.0,-0.01,-1,-1,-0.01,-1,-1,-0.01,-1,-1,-0.01,-1,-1,-0.01,-1,-1,-0.01,-1,-1,-0.01,-1,-1,-0.01,-1,-1,-0.01,-1,-1,-0.01,-1,-1
99926009,2026-05-18 11:46:07+05:30,53175.2,0,0.0,0,0.0,0.0,53282.15,53308.4,52783.45,53710.35,0,0.0,0.0,0.0,0.0,-0.01,-1,-1,-0.01,-1,-1,-0.01,-1,-1,-0.01,-1,-1,-0.01,-1,-1,-0.01,-1,-1,-0.01,-1,-1,-0.01,-1,-1,-0.01,-1,-1,-0.01,-1,-1
99926009,2026-05-18 11:46:07+05:30,53175.7,0,0.0,0,0.0,0.0,53282.15,53308.4,52783.45,53710.35,0,0.0,0.0,0.0,0.0,-0.01,-1,-1,-0.01,-1,-1,-0.01,-1,-1,-0.01,-1,-1,-0.01,-1,-1,-0.01,-1,-1,-0.01,-1,-1,-0.01,-1,-1,-0.01,-1,-1,-0.01,-1,-1
99926009,2026-05-18 11:46:08+05:30,53173.55,0,0.0,0,0.0,0.0,53282.15,53308.4,52783.45,53710.35,0,0.0,0.0,0.0,0.0,-0.01,-1,-1,-0.01,-1,-1,-0.01,-1,-1,-0.01,-1,-1,-0.01,-1,-1,-0.01,-1,-1,-0.01,-1,-1,-0.01,-1,-1,-0.01,-1,-1,-0.01,-1,-1
99926009,2026-05-18 11:46:08+05:30,53175.2,0,0.0,0,0.0,0.0,53282.15,53308.4,52783.45,53710.35,0,0.0,0.0,0.0,0.0,-0.01,-1,-1,-0.01,-1,-1,-0.01,-1,-1,-0.01,-1,-1,-0.01,-1,-1,-0.01,-1,-1,-0.01,-1,-1,-0.01,-1,-1,-0.01,-1,-1,-0.01,-1,-1
99926009,2026-05-18 11:46:09+05:30,53175.75,0,0.0,0,0.0,0.0,53282.15,53308.4,52783.45,53710.35,0,0.0,0.0,0.0,0.0,-0.01,-1,-1,-0.01,-1,-1,-0.01,-1,-1,-0.01,-1,-1,-0.01,-1,-1,-0.01,-1,-1,-0.01,-1,-1,-0.01,-1,-1,-0.01,-1,-1,-0.01,-1,-1
99926009,2026-05-18 11:46:09+05:30,53176.95,0,0.0,0,0.0,0.0,53282.15,53308.4,52783.45,53710.35,0,0.0,0.0,0.0,0.0,-0.01,-1,-1,-0.01,-1,-1,-0.01,-1,-1,-0.01,-1,-1,-0.01,-1,-1,-0.01,-1,-1,-0.01,-1,-1,-0.01,-1,-1,-0.01,-1,-1,-0.01,-1,-1
99926009,2026-05-18 11:46:10+05:30,53177.5,0,0.0,0,0.0,0.0,53282.15,53308.4,52783.45,53710.35,0,0.0,0.0,0.0,0.0,-0.01,-1,-1,-0.01,-1,-1,-0.01,-1,-1,-0.01,-1,-1,-0.01,-1,-1,-0.01,-1,-1,-0.01,-1,-1,-0.01,-1,-1,-0.01,-1,-1,-0.01,-1,-1
99926009,2026-05-18 11:46:10+05:30,53178.3,0,0.0,0,0.0,0.0,53282.15,53308.4,52783.45,53710.35,0,0.0,0.0,0.0,0.0,-0.01,-1,-1,-0.01,-1,-1,-0.01,-1,-1,-0.01,-1,-1,-0.01,-1,-1,-0.01,-1,-1,-0.01,-1,-1,-0.01,-1,-1,-0.01,-1,-1,-0.01,-1,-1
99926009,2026-05-18 11:46:11+05:30,53177.25,0,0.0,0,0.0,0.0,53282.15,53308.4,52783.45,53710.35,0,0.0,0.0,0.0,0.0,-0.01,-1,-1,-0.01,-1,-1,-0.01,-1,-1,-0.01,-1,-1,-0.01,-1,-1,-0.01,-1,-1,-0.01,-1,-1,-0.01,-1,-1,-0.01,-1,-1,-0.01,-1,-1
99926009,2026-05-18 11:46:11+05:30,53178.3,0,0.0,0,0.0,0.0,53282.15,53308.4,52783.45,53710.35,0,0.0,0.0,0.0,0.0,-0.01,-1,-1,-0.01,-1,-1,-0.01,-1,-1,-0.01,-1,-1,-0.01,-1,-1,-0.01,-1,-1,-0.01,-1,-1,-0.01,-1,-1,-0.01,-1,-1,-0.01,-1,-1
99926009,2026-05-18 11:46:12+05:30,53179.25,0,0.0,0,0.0,0.0,53282.15,53308.4,52783.45,53710.35,0,0.0,0.0,0.0,0.0,-0.01,-1,-1,-0.01,-1,-1,-0.01,-1,-1,-0.01,-1,-1,-0.01,-1,-1,-0.01,-1,-1,-0.01,-1,-1,-0.01,-1,-1,-0.01,-1,-1,-0.01,-1,-1
99926009,2026-05-18 11:46:12+05:30,53176.35,0,0.0,0,0.0,0.0,53282.15,53308.4,52783.45,53710.35,0,0.0,0.0,0.0,0.0,-0.01,-1,-1,-0.01,-1,-1,-0.01,-1,-1,-0.01,-1,-1,-0.01,-1,-1,-0.01,-1,-1,-0.01,-1,-1,-0.01,-1,-1,-0.01,-1,-1,-0.01,-1,-1
99926009,2026-05-18 11:46:13+05:30,53176.95,0,0.0,0,0.0,0.0,53282.15,53308.4,52783.45,53710.35,0,0.0,0.0,0.0,0.0,-0.01,-1,-1,-0.01,-1,-1,-0.01,-1,-1,-0.01,-1,-1,-0.01,-1,-1,-0.01,-1,-1,-0.01,-1,-1,-0.01,-1,-1,-0.01,-1,-1,-0.01,-1,-1
99926009,2026-05-18 11:46:13+05:30,53172.3,0,0.0,0,0.0,0.0,53282.15,53308.4,52783.45,53710.35,0,0.0,0.0,0.0,0.0,-0.01,-1,-1,-0.01,-1,-1,-0.01,-1,-1,-0.01,-1,-1,-0.01,-1,-1,-0.01,-1,-1,-0.01,-1,-1,-0.01,-1,-1,-0.01,-1,-1,-0.01,-1,-1
99926009,2026-05-18 11:46:14+05:30,53174.6,0,0.0,0,0.0,0.0,53282.15,53308.4,52783.45,53710.35,0,0.0,0.0,0.0,0.0,-0.01,-1,-1,-0.01,-1,-1,-0.01,-1,-1,-0.01,-1,-1,-0.01,-1,-1,-0.01,-1,-1,-0.01,-1,-1,-0.01,-1,-1,-0.01,-1,-1,-0.01,-1,-1
99926009,2026-05-18 11:46:14+05:30,53175.75,0,0.0,0,0.0,0.0,53282.15,53308.4,52783.45,53710.35,0,0.0,0.0,0.0,0.0,-0.01,-1,-1,-0.01,-1,-1,-0.01,-1,-1,-0.01,-1,-1,-0.01,-1,-1,-0.01,-1,-1,-0.01,-1,-1,-0.01,-1,-1,-0.01,-1,-1,-0.01,-1,-1
99926009,2026-05-18 11:46:15+05:30,53175.65,0,0.0,0,0.0,0.0,53282.15,53308.4,52783.45,53710.35,0,0.0,0.0,0.0,0.0,-0.01,-1,-1,-0.01,-1,-1,-0.01,-1,-1,-0.01,-1,-1,-0.01,-1,-1,-0.01,-1,-1,-0.01,-1,-1,-0.01,-1,-1,-0.01,-1,-1,-0.01,-1,-1
99926009,2026-05-18 11:46:15+05:30,53175.45,0,0.0,0,0.0,0.0,53282.15,53308.4,52783.45,53710.35,0,0.0,0.0,0.0,0.0,-0.01,-1,-1,-0.01,-1,-1,-0.01,-1,-1,-0.01,-1,-1,-0.01,-1,-1,-0.01,-1,-1,-0.01,-1,-1,-0.01,-1,-1,-0.01,-1,-1,-0.01,-1,-1
99926009,2026-05-18 11:46:16+05:30,53176.9,0,0.0,0,0.0,0.0,53282.15,53308.4,52783.45,53710.35,0,0.0,0.0,0.0,0.0,-0.01,-1,-1,-0.01,-1,-1,-0.01,-1,-1,-0.01,-1,-1,-0.01,-1,-1,-0.01,-1,-1,-0.01,-1,-1,-0.01,-1,-1,-0.01,-1,-1,-0.01,-1,-1
99926009,2026-05-18 11:46:16+05:30,53175.25,0,0.0,0,0.0,0.0,53282.15,53308.4,52783.45,53710.35,0,0.0,0.0,0.0,0.0,-0.01,-1,-1,-0.01,-1,-1,-0.01,-1,-1,-0.01,-1,-1,-0.01,-1,-1,-0.01,-1,-1,-0.01,-1,-1,-0.01,-1,-1,-0.01,-1,-1,-0.01,-1,-1
99926009,2026-05-18 11:46:17+05:30,53174.3,0,0.0,0,0.0,0.0,53282.15,53308.4,52783.45,53710.35,0,0.0,0.0,0.0,0.0,-0.01,-1,-1,-0.01,-1,-1,-0.01,-1,-1,-0.01,-1,-1,-0.01,-1,-1,-0.01,-1,-1,-0.01,-1,-1,-0.01,-1,-1,-0.01,-1,-1,-0.01,-1,-1
99926009,2026-05-18 11:46:17+05:30,53171.6,0,0.0,0,0.0,0.0,53282.15,53308.4,52783.45,53710.35,0,0.0,0.0,0.0,0.0,-0.01,-1,-1,-0.01,-1,-1,-0.01,-1,-1,-0.01,-1,-1,-0.01,-1,-1,-0.01,-1,-1,-0.01,-1,-1,-0.01,-1,-1,-0.01,-1,-1,-0.01,-1,-1
99926009,2026-05-18 11:46:18+05:30,53171.7,0,0.0,0,0.0,0.0,53282.15,53308.4,52783.45,53710.35,0,0.0,0.0,0.0,0.0,-0.01,-1,-1,-0.01,-1,-1,-0.01,-1,-1,-0.01,-1,-1,-0.01,-1,-1,-0.01,-1,-1,-0.01,-1,-1,-0.01,-1,-1,-0.01,-1,-1,-0.01,-1,-1
99926009,2026-05-18 11:46:18+05:30,53173.05,0,0.0,0,0.0,0.0,53282.15,53308.4,52783.45,53710.35,0,0.0,0.0,0.0,0.0,-0.01,-1,-1,-0.01,-1,-1,-0.01,-1,-1,-0.01,-1,-1,-0.01,-1,-1,-0.01,-1,-1,-0.01,-1,-1,-0.01,-1,-1,-0.01,-1,-1,-0.01,-1,-1
99926009,2026-05-18 11:46:19+05:30,53172.05,0,0.0,0,0.0,0.0,53282.15,53308.4,52783.45,53710.35,0,0.0,0.0,0.0,0.0,-0.01,-1,-1,-0.01,-1,-1,-0.01,-1,-1,-0.01,-1,-1,-0.01,-1,-1,-0.01,-1,-1,-0.01,-1,-1,-0.01,-1,-1,-0.01,-1,-1,-0.01,-1,-1
99926009,2026-05-18 11:46:19+05:30,53171.85,0,0.0,0,0.0,0.0,53282.15,53308.4,52783.45,53710.35,0,0.0,0.0,0.0,0.0,-0.01,-1,-1,-0.01,-1,-1,-0.01,-1,-1,-0.01,-1,-1,-0.01,-1,-1,-0.01,-1,-1,-0.01,-1,-1,-0.01,-1,-1,-0.01,-1,-1,-0.01,-1,-1
99926009,2026-05-18 11:46:20+05:30,53170.85,0,0.0,0,0.0,0.0,53282.15,53308.4,52783.45,53710.35,0,0.0,0.0,0.0,0.0,-0.01,-1,-1,-0.01,-1,-1,-0.01,-1,-1,-0.01,-1,-1,-0.01,-1,-1,-0.01,-1,-1,-0.01,-1,-1,-0.01,-1,-1,-0.01,-1,-1,-0.01,-1,-1
99926009,2026-05-18 11:46:20+05:30,53174.4,0,0.0,0,0.0,0.0,53282.15,53308.4,52783.45,53710.35,0,0.0,0.0,0.0,0.0,-0.01,-1,-1,-0.01,-1,-1,-0.01,-1,-1,-0.01,-1,-1,-0.01,-1,-1,-0.01,-1,-1,-0.01,-1,-1,-0.01,-1,-1,-0.01,-1,-1,-0.01,-1,-1
99926009,2026-05-18 11:46:21+05:30,53173.2,0,0.0,0,0.0,0.0,53282.15,53308.4,52783.45,53710.35,0,0.0,0.0,0.0,0.0,-0.01,-1,-1,-0.01,-1,-1,-0.01,-1,-1,-0.01,-1,-1,-0.01,-1,-1,-0.01,-1,-1,-0.01,-1,-1,-0.01,-1,-1,-0.01,-1,-1,-0.01,-1,-1
99926009,2026-05-18 11:46:21+05:30,53174.9,0,0.0,0,0.0,0.0,53282.15,53308.4,52783.45,53710.35,0,0.0,0.0,0.0,0.0,-0.01,-1,-1,-0.01,-1,-1,-0.01,-1,-1,-0.01,-1,-1,-0.01,-1,-1,-0.01,-1,-1,-0.01,-1,-1,-0.01,-1,-1,-0.01,-1,-1,-0.01,-1,-1
99926009,2026-05-18 11:46:22+05:30,53175.15,0,0.0,0,0.0,0.0,53282.15,53308.4,52783.45,53710.35,0,0.0,0.0,0.0,0.0,-0.01,-1,-1,-0.01,-1,-1,-0.01,-1,-1,-0.01,-1,-1,-0.01,-1,-1,-0.01,-1,-1,-0.01,-1,-1,-0.01,-1,-1,-0.01,-1,-1,-0.01,-1,-1
99926009,2026-05-18 11:46:22+05:30,53176.4,0,0.0,0,0.0,0.0,53282.15,53308.4,52783.45,53710.35,0,0.0,0.0,0.0,0.0,-0.01,-1,-1,-0.01,-1,-1,-0.01,-1,-1,-0.01,-1,-1,-0.01,-1,-1,-0.01,-1,-1,-0.01,-1,-1,-0.01,-1,-1,-0.01,-1,-1,-0.01,-1,-1
99926009,2026-05-18 11:46:23+05:30,53176.4,0,0.0,0,0.0,0.0,53282.15,53308.4,52783.45,53710.35,0,0.0,0.0,0.0,0.0,-0.01,-1,-1,-0.01,-1,-1,-0.01,-1,-1,-0.01,-1,-1,-0.01,-1,-1,-0.01,-1,-1,-0.01,-1,-1,-0.01,-1,-1,-0.01,-1,-1,-0.01,-1,-1
99926009,2026-05-18 11:46:23+05:30,53175.65,0,0.0,0,0.0,0.0,53282.15,53308.4,52783.45,53710.35,0,0.0,0.0,0.0,0.0,-0.01,-1,-1,-0.01,-1,-1,-0.01,-1,-1,-0.01,-1,-1,-0.01,-1,-1,-0.01,-1,-1,-0.01,-1,-1,-0.01,-1,-1,-0.01,-1,-1,-0.01,-1,-1
99926009,2026-05-18 11:46:24+05:30,53174.95,0,0.0,0,0.0,0.0,53282.15,53308.4,52783.45,53710.35,0,0.0,0.0,0.0,0.0,-0.01,-1,-1,-0.01,-1,-1,-0.01,-1,-1,-0.01,-1,-1,-0.01,-1,-1,-0.01,-1,-1,-0.01,-1,-1,-0.01,-1,-1,-0.01,-1,-1,-0.01,-1,-1
99926009,2026-05-18 11:46:24+05:30,53176.15,0,0.0,0,0.0,0.0,53282.15,53308.4,52783.45,53710.35,0,0.0,0.0,0.0,0.0,-0.01,-1,-1,-0.01,-1,-1,-0.01,-1,-1,-0.01,-1,-1,-0.01,-1,-1,-0.01,-1,-1,-0.01,-1,-1,-0.01,-1,-1,-0.01,-1,-1,-0.01,-1,-1
99926009,2026-05-18 11:46:25+05:30,53176.25,0,0.0,0,0.0,0.0,53282.15,53308.4,52783.45,53710.35,0,0.0,0.0,0.0,0.0,-0.01,-1,-1,-0.01,-1,-1,-0.01,-1,-1,-0.01,-1,-1,-0.01,-1,-1,-0.01,-1,-1,-0.01,-1,-1,-0.01,-1,-1,-0.01,-1,-1,-0.01,-1,-1
99926009,2026-05-18 11:46:25+05:30,53175.1,0,0.0,0,0.0,0.0,53282.15,53308.4,52783.45,53710.35,0,0.0,0.0,0.0,0.0,-0.01,-1,-1,-0.01,-1,-1,-0.01,-1,-1,-0.01,-1,-1,-0.01,-1,-1,-0.01,-1,-1,-0.01,-1,-1,-0.01,-1,-1,-0.01,-1,-1,-0.01,-1,-1
99926009,2026-05-18 11:46:26+05:30,53174.35,0,0.0,0,0.0,0.0,53282.15,53308.4,52783.45,53710.35,0,0.0,0.0,0.0,0.0,-0.01,-1,-1,-0.01,-1,-1,-0.01,-1,-1,-0.01,-1,-1,-0.01,-1,-1,-0.01,-1,-1,-0.01,-1,-1,-0.01,-1,-1,-0.01,-1,-1,-0.01,-1,-1
99926009,2026-05-18 11:46:26+05:30,53175.9,0,0.0,0,0.0,0.0,53282.15,53308.4,52783.45,53710.35,0,0.0,0.0,0.0,0.0,-0.01,-1,-1,-0.01,-1,-1,-0.01,-1,-1,-0.01,-1,-1,-0.01,-1,-1,-0.01,-1,-1,-0.01,-1,-1,-0.01,-1,-1,-0.01,-1,-1,-0.01,-1,-1
99926009,2026-05-18 11:46:27+05:30,53175.8,0,0.0,0,0.0,0.0,53282.15,53308.4,52783.45,53710.35,0,0.0,0.0,0.0,0.0,-0.01,-1,-1,-0.01,-1,-1,-0.01,-1,-1,-0.01,-1,-1,-0.01,-1,-1,-0.01,-1,-1,-0.01,-1,-1,-0.01,-1,-1,-0.01,-1,-1,-0.01,-1,-1
99926009,2026-05-18 11:46:27+05:30,53175.35,0,0.0,0,0.0,0.0,53282.15,53308.4,52783.45,53710.35,0,0.0,0.0,0.0,0.0,-0.01,-1,-1,-0.01,-1,-1,-0.01,-1,-1,-0.01,-1,-1,-0.01,-1,-1,-0.01,-1,-1,-0.01,-1,-1,-0.01,-1,-1,-0.01,-1,-1,-0.01,-1,-1
99926009,2026-05-18 11:46:28+05:30,53176.35,0,0.0,0,0.0,0.0,53282.15,53308.4,52783.45,53710.35,0,0.0,0.0,0.0,0.0,-0.01,-1,-1,-0.01,-1,-1,-0.01,-1,-1,-0.01,-1,-1,-0.01,-1,-1,-0.01,-1,-1,-0.01,-1,-1,-0.01,-1,-1,-0.01,-1,-1,-0.01,-1,-1
99926009,2026-05-18 11:46:28+05:30,53177.45,0,0.0,0,0.0,0.0,53282.15,53308.4,52783.45,53710.35,0,0.0,0.0,0.0,0.0,-0.01,-1,-1,-0.01,-1,-1,-0.01,-1,-1,-0.01,-1,-1,-0.01,-1,-1,-0.01,-1,-1,-0.01,-1,-1,-0.01,-1,-1,-0.01,-1,-1,-0.01,-1,-1
99926009,2026-05-18 11:46:29+05:30,53176.55,0,0.0,0,0.0,0.0,53282.15,53308.4,52783.45,53710.35,0,0.0,0.0,0.0,0.0,-0.01,-1,-1,-0.01,-1,-1,-0.01,-1,-1,-0.01,-1,-1,-0.01,-1,-1,-0.01,-1,-1,-0.01,-1,-1,-0.01,-1,-1,-0.01,-1,-1,-0.01,-1,-1
99926009,2026-05-18 11:46:29+05:30,53176.3,0,0.0,0,0.0,0.0,53282.15,53308.4,52783.45,53710.35,0,0.0,0.0,0.0,0.0,-0.01,-1,-1,-0.01,-1,-1,-0.01,-1,-1,-0.01,-1,-1,-0.01,-1,-1,-0.01,-1,-1,-0.01,-1,-1,-0.01,-1,-1,-0.01,-1,-1,-0.01,-1,-1
99926009,2026-05-18 11:46:30+05:30,53176.05,0,0.0,0,0.0,0.0,53282.15,53308.4,52783.45,53710.35,0,0.0,0.0,0.0,0.0,-0.01,-1,-1,-0.01,-1,-1,-0.01,-1,-1,-0.01,-1,-1,-0.01,-1,-1,-0.01,-1,-1,-0.01,-1,-1,-0.01,-1,-1,-0.01,-1,-1,-0.01,-1,-1
99926009,2026-05-18 11:46:30+05:30,53176.15,0,0.0,0,0.0,0.0,53282.15,53308.4,52783.45,53710.35,0,0.0,0.0,0.0,0.0,-0.01,-1,-1,-0.01,-1,-1,-0.01,-1,-1,-0.01,-1,-1,-0.01,-1,-1,-0.01,-1,-1,-0.01,-1,-1,-0.01,-1,-1,-0.01,-1,-1,-0.01,-1,-1
99926009,2026-05-18 11:46:31+05:30,53175.95,0,0.0,0,0.0,0.0,53282.15,53308.4,52783.45,53710.35,0,0.0,0.0,0.0,0.0,-0.01,-1,-1,-0.01,-1,-1,-0.01,-1,-1,-0.01,-1,-1,-0.01,-1,-1,-0.01,-1,-1,-0.01,-1,-1,-0.01,-1,-1,-0.01,-1,-1,-0.01,-1,-1
99926009,2026-05-18 11:46:31+05:30,53175.7,0,0.0,0,0.0,0.0,53282.15,53308.4,52783.45,53710.35,0,0.0,0.0,0.0,0.0,-0.01,-1,-1,-0.01,-1,-1,-0.01,-1,-1,-0.01,-1,-1,-0.01,-1,-1,-0.01,-1,-1,-0.01,-1,-1,-0.01,-1,-1,-0.01,-1,-1,-0.01,-1,-1
99926009,2026-05-18 11:46:32+05:30,53176.2,0,0.0,0,0.0,0.0,53282.15,53308.4,52783.45,53710.35,0,0.0,0.0,0.0,0.0,-0.01,-1,-1,-0.01,-1,-1,-0.01,-1,-1,-0.01,-1,-1,-0.01,-1,-1,-0.01,-1,-1,-0.01,-1,-1,-0.01,-1,-1,-0.01,-1,-1,-0.01,-1,-1
99926009,2026-05-18 11:46:32+05:30,53174.4,0,0.0,0,0.0,0.0,53282.15,53308.4,52783.45,53710.35,0,0.0,0.0,0.0,0.0,-0.01,-1,-1,-0.01,-1,-1,-0.01,-1,-1,-0.01,-1,-1,-0.01,-1,-1,-0.01,-1,-1,-0.01,-1,-1,-0.01,-1,-1,-0.01,-1,-1,-0.01,-1,-1
99926009,2026-05-18 11:46:33+05:30,53174.5,0,0.0,0,0.0,0.0,53282.15,53308.4,52783.45,53710.35,0,0.0,0.0,0.0,0.0,-0.01,-1,-1,-0.01,-1,-1,-0.01,-1,-1,-0.01,-1,-1,-0.01,-1,-1,-0.01,-1,-1,-0.01,-1,-1,-0.01,-1,-1,-0.01,-1,-1,-0.01,-1,-1
99926009,2026-05-18 11:46:33+05:30,53171.6,0,0.0,0,0.0,0.0,53282.15,53308.4,52783.45,53710.35,0,0.0,0.0,0.0,0.0,-0.01,-1,-1,-0.01,-1,-1,-0.01,-1,-1,-0.01,-1,-1,-0.01,-1,-1,-0.01,-1,-1,-0.01,-1,-1,-0.01,-1,-1,-0.01,-1,-1,-0.01,-1,-1
99926009,2026-05-18 11:46:34+05:30,53169.75,0,0.0,0,0.0,0.0,53282.15,53308.4,52783.45,53710.35,0,0.0,0.0,0.0,0.0,-0.01,-1,-1,-0.01,-1,-1,-0.01,-1,-1,-0.01,-1,-1,-0.01,-1,-1,-0.01,-1,-1,-0.01,-1,-1,-0.01,-1,-1,-0.01,-1,-1,-0.01,-1,-1
99926009,2026-05-18 11:46:34+05:30,53174.15,0,0.0,0,0.0,0.0,53282.15,53308.4,52783.45,53710.35,0,0.0,0.0,0.0,0.0,-0.01,-1,-1,-0.01,-1,-1,-0.01,-1,-1,-0.01,-1,-1,-0.01,-1,-1,-0.01,-1,-1,-0.01,-1,-1,-0.01,-1,-1,-0.01,-1,-1,-0.01,-1,-1
99926009,2026-05-18 11:46:35+05:30,53172.5,0,0.0,0,0.0,0.0,53282.15,53308.4,52783.45,53710.35,0,0.0,0.0,0.0,0.0,-0.01,-1,-1,-0.01,-1,-1,-0.01,-1,-1,-0.01,-1,-1,-0.01,-1,-1,-0.01,-1,-1,-0.01,-1,-1,-0.01,-1,-1,-0.01,-1,-1,-0.01,-1,-1
99926009,2026-05-18 11:46:35+05:30,53169.35,0,0.0,0,0.0,0.0,53282.15,53308.4,52783.45,53710.35,0,0.0,0.0,0.0,0.0,-0.01,-1,-1,-0.01,-1,-1,-0.01,-1,-1,-0.01,-1,-1,-0.01,-1,-1,-0.01,-1,-1,-0.01,-1,-1,-0.01,-1,-1,-0.01,-1,-1,-0.01,-1,-1
99926009,2026-05-18 11:46:36+05:30,53168.95,0,0.0,0,0.0,0.0,53282.15,53308.4,52783.45,53710.35,0,0.0,0.0,0.0,0.0,-0.01,-1,-1,-0.01,-1,-1,-0.01,-1,-1,-0.01,-1,-1,-0.01,-1,-1,-0.01,-1,-1,-0.01,-1,-1,-0.01,-1,-1,-0.01,-1,-1,-0.01,-1,-1
99926009,2026-05-18 11:46:36+05:30,53166.2,0,0.0,0,0.0,0.0,53282.15,53308.4,52783.45,53710.35,0,0.0,0.0,0.0,0.0,-0.01,-1,-1,-0.01,-1,-1,-0.01,-1,-1,-0.01,-1,-1,-0.01,-1,-1,-0.01,-1,-1,-0.01,-1,-1,-0.01,-1,-1,-0.01,-1,-1,-0.01,-1,-1
99926009,2026-05-18 11:46:37+05:30,53166.0,0,0.0,0,0.0,0.0,53282.15,53308.4,52783.45,53710.35,0,0.0,0.0,0.0,0.0,-0.01,-1,-1,-0.01,-1,-1,-0.01,-1,-1,-0.01,-1,-1,-0.01,-1,-1,-0.01,-1,-1,-0.01,-1,-1,-0.01,-1,-1,-0.01,-1,-1,-0.01,-1,-1
99926009,2026-05-18 11:46:37+05:30,53163.45,0,0.0,0,0.0,0.0,53282.15,53308.4,52783.45,53710.35,0,0.0,0.0,0.0,0.0,-0.01,-1,-1,-0.01,-1,-1,-0.01,-1,-1,-0.01,-1,-1,-0.01,-1,-1,-0.01,-1,-1,-0.01,-1,-1,-0.01,-1,-1,-0.01,-1,-1,-0.01,-1,-1
99926009,2026-05-18 11:46:38+05:30,53163.45,0,0.0,0,0.0,0.0,53282.15,53308.4,52783.45,53710.35,0,0.0,0.0,0.0,0.0,-0.01,-1,-1,-0.01,-1,-1,-0.01,-1,-1,-0.01,-1,-1,-0.01,-1,-1,-0.01,-1,-1,-0.01,-1,-1,-0.01,-1,-1,-0.01,-1,-1,-0.01,-1,-1
99926009,2026-05-18 11:46:38+05:30,53164.15,0,0.0,0,0.0,0.0,53282.15,53308.4,52783.45,53710.35,0,0.0,0.0,0.0,0.0,-0.01,-1,-1,-0.01,-1,-1,-0.01,-1,-1,-0.01,-1,-1,-0.01,-1,-1,-0.01,-1,-1,-0.01,-1,-1,-0.01,-1,-1,-0.01,-1,-1,-0.01,-1,-1
99926009,2026-05-18 11:46:39+05:30,53165.5,0,0.0,0,0.0,0.0,53282.15,53308.4,52783.45,53710.35,0,0.0,0.0,0.0,0.0,-0.01,-1,-1,-0.01,-1,-1,-0.01,-1,-1,-0.01,-1,-1,-0.01,-1,-1,-0.01,-1,-1,-0.01,-1,-1,-0.01,-1,-1,-0.01,-1,-1,-0.01,-1,-1
99926009,2026-05-18 11:46:39+05:30,53166.1,0,0.0,0,0.0,0.0,53282.15,53308.4,52783.45,53710.35,0,0.0,0.0,0.0,0.0,-0.01,-1,-1,-0.01,-1,-1,-0.01,-1,-1,-0.01,-1,-1,-0.01,-1,-1,-0.01,-1,-1,-0.01,-1,-1,-0.01,-1,-1,-0.01,-1,-1,-0.01,-1,-1
99926009,2026-05-18 11:46:40+05:30,53164.75,0,0.0,0,0.0,0.0,53282.15,53308.4,52783.45,53710.35,0,0.0,0.0,0.0,0.0,-0.01,-1,-1,-0.01,-1,-1,-0.01,-1,-1,-0.01,-1,-1,-0.01,-1,-1,-0.01,-1,-1,-0.01,-1,-1,-0.01,-1,-1,-0.01,-1,-1,-0.01,-1,-1
99926009,2026-05-18 11:46:40+05:30,53165.2,0,0.0,0,0.0,0.0,53282.15,53308.4,52783.45,53710.35,0,0.0,0.0,0.0,0.0,-0.01,-1,-1,-0.01,-1,-1,-0.01,-1,-1,-0.01,-1,-1,-0.01,-1,-1,-0.01,-1,-1,-0.01,-1,-1,-0.01,-1,-1,-0.01,-1,-1,-0.01,-1,-1
99926009,2026-05-18 11:46:41+05:30,53164.65,0,0.0,0,0.0,0.0,53282.15,53308.4,52783.45,53710.35,0,0.0,0.0,0.0,0.0,-0.01,-1,-1,-0.01,-1,-1,-0.01,-1,-1,-0.01,-1,-1,-0.01,-1,-1,-0.01,-1,-1,-0.01,-1,-1,-0.01,-1,-1,-0.01,-1,-1,-0.01,-1,-1
99926009,2026-05-18 11:46:41+05:30,53163.75,0,0.0,0,0.0,0.0,53282.15,53308.4,52783.45,53710.35,0,0.0,0.0,0.0,0.0,-0.01,-1,-1,-0.01,-1,-1,-0.01,-1,-1,-0.01,-1,-1,-0.01,-1,-1,-0.01,-1,-1,-0.01,-1,-1,-0.01,-1,-1,-0.01,-1,-1,-0.01,-1,-1
99926009,2026-05-18 11:46:42+05:30,53167.65,0,0.0,0,0.0,0.0,53282.15,53308.4,52783.45,53710.35,0,0.0,0.0,0.0,0.0,-0.01,-1,-1,-0.01,-1,-1,-0.01,-1,-1,-0.01,-1,-1,-0.01,-1,-1,-0.01,-1,-1,-0.01,-1,-1,-0.01,-1,-1,-0.01,-1,-1,-0.01,-1,-1
99926009,2026-05-18 11:46:42+05:30,53167.9,0,0.0,0,0.0,0.0,53282.15,53308.4,52783.45,53710.35,0,0.0,0.0,0.0,0.0,-0.01,-1,-1,-0.01,-1,-1,-0.01,-1,-1,-0.01,-1,-1,-0.01,-1,-1,-0.01,-1,-1,-0.01,-1,-1,-0.01,-1,-1,-0.01,-1,-1,-0.01,-1,-1
99926009,2026-05-18 11:46:43+05:30,53167.7,0,0.0,0,0.0,0.0,53282.15,53308.4,52783.45,53710.35,0,0.0,0.0,0.0,0.0,-0.01,-1,-1,-0.01,-1,-1,-0.01,-1,-1,-0.01,-1,-1,-0.01,-1,-1,-0.01,-1,-1,-0.01,-1,-1,-0.01,-1,-1,-0.01,-1,-1,-0.01,-1,-1
99926009,2026-05-18 11:46:43+05:30,53164.0,0,0.0,0,0.0,0.0,53282.15,53308.4,52783.45,53710.35,0,0.0,0.0,0.0,0.0,-0.01,-1,-1,-0.01,-1,-1,-0.01,-1,-1,-0.01,-1,-1,-0.01,-1,-1,-0.01,-1,-1,-0.01,-1,-1,-0.01,-1,-1,-0.01,-1,-1,-0.01,-1,-1
99926009,2026-05-18 11:46:44+05:30,53163.1,0,0.0,0,0.0,0.0,53282.15,53308.4,52783.45,53710.35,0,0.0,0.0,0.0,0.0,-0.01,-1,-1,-0.01,-1,-1,-0.01,-1,-1,-0.01,-1,-1,-0.01,-1,-1,-0.01,-1,-1,-0.01,-1,-1,-0.01,-1,-1,-0.01,-1,-1,-0.01,-1,-1
99926009,2026-05-18 11:46:44+05:30,53164.8,0,0.0,0,0.0,0.0,53282.15,53308.4,52783.45,53710.35,0,0.0,0.0,0.0,0.0,-0.01,-1,-1,-0.01,-1,-1,-0.01,-1,-1,-0.01,-1,-1,-0.01,-1,-1,-0.01,-1,-1,-0.01,-1,-1,-0.01,-1,-1,-0.01,-1,-1,-0.01,-1,-1
99926009,2026-05-18 11:46:45+05:30,53162.15,0,0.0,0,0.0,0.0,53282.15,53308.4,52783.45,53710.35,0,0.0,0.0,0.0,0.0,-0.01,-1,-1,-0.01,-1,-1,-0.01,-1,-1,-0.01,-1,-1,-0.01,-1,-1,-0.01,-1,-1,-0.01,-1,-1,-0.01,-1,-1,-0.01,-1,-1,-0.01,-1,-1
99926009,2026-05-18 11:46:45+05:30,53166.75,0,0.0,0,0.0,0.0,53282.15,53308.4,52783.45,53710.35,0,0.0,0.0,0.0,0.0,-0.01,-1,-1,-0.01,-1,-1,-0.01,-1,-1,-0.01,-1,-1,-0.01,-1,-1,-0.01,-1,-1,-0.01,-1,-1,-0.01,-1,-1,-0.01,-1,-1,-0.01,-1,-1
99926009,2026-05-18 11:46:46+05:30,53163.55,0,0.0,0,0.0,0.0,53282.15,53308.4,52783.45,53710.35,0,0.0,0.0,0.0,0.0,-0.01,-1,-1,-0.01,-1,-1,-0.01,-1,-1,-0.01,-1,-1,-0.01,-1,-1,-0.01,-1,-1,-0.01,-1,-1,-0.01,-1,-1,-0.01,-1,-1,-0.01,-1,-1
99926009,2026-05-18 11:46:46+05:30,53166.55,0,0.0,0,0.0,0.0,53282.15,53308.4,52783.45,53710.35,0,0.0,0.0,0.0,0.0,-0.01,-1,-1,-0.01,-1,-1,-0.01,-1,-1,-0.01,-1,-1,-0.01,-1,-1,-0.01,-1,-1,-0.01,-1,-1,-0.01,-1,-1,-0.01,-1,-1,-0.01,-1,-1
99926009,2026-05-18 11:46:47+05:30,53166.1,0,0.0,0,0.0,0.0,53282.15,53308.4,52783.45,53710.35,0,0.0,0.0,0.0,0.0,-0.01,-1,-1,-0.01,-1,-1,-0.01,-1,-1,-0.01,-1,-1,-0.01,-1,-1,-0.01,-1,-1,-0.01,-1,-1,-0.01,-1,-1,-0.01,-1,-1,-0.01,-1,-1
99926009,2026-05-18 11:46:47+05:30,53165.85,0,0.0,0,0.0,0.0,53282.15,53308.4,52783.45,53710.35,0,0.0,0.0,0.0,0.0,-0.01,-1,-1,-0.01,-1,-1,-0.01,-1,-1,-0.01,-1,-1,-0.01,-1,-1,-0.01,-1,-1,-0.01,-1,-1,-0.01,-1,-1,-0.01,-1,-1,-0.01,-1,-1
99926009,2026-05-18 11:46:48+05:30,53165.3,0,0.0,0,0.0,0.0,53282.15,53308.4,52783.45,53710.35,0,0.0,0.0,0.0,0.0,-0.01,-1,-1,-0.01,-1,-1,-0.01,-1,-1,-0.01,-1,-1,-0.01,-1,-1,-0.01,-1,-1,-0.01,-1,-1,-0.01,-1,-1,-0.01,-1,-1,-0.01,-1,-1
99926009,2026-05-18 11:46:48+05:30,53165.35,0,0.0,0,0.0,0.0,53282.15,53308.4,52783.45,53710.35,0,0.0,0.0,0.0,0.0,-0.01,-1,-1,-0.01,-1,-1,-0.01,-1,-1,-0.01,-1,-1,-0.01,-1,-1,-0.01,-1,-1,-0.01,-1,-1,-0.01,-1,-1,-0.01,-1,-1,-0.01,-1,-1
99926009,2026-05-18 11:46:49+05:30,53163.7,0,0.0,0,0.0,0.0,53282.15,53308.4,52783.45,53710.35,0,0.0,0.0,0.0,0.0,-0.01,-1,-1,-0.01,-1,-1,-0.01,-1,-1,-0.01,-1,-1,-0.01,-1,-1,-0.01,-1,-1,-0.01,-1,-1,-0.01,-1,-1,-0.01,-1,-1,-0.01,-1,-1
99926009,2026-05-18 11:46:49+05:30,53162.55,0,0.0,0,0.0,0.0,53282.15,53308.4,52783.45,53710.35,0,0.0,0.0,0.0,0.0,-0.01,-1,-1,-0.01,-1,-1,-0.01,-1,-1,-0.01,-1,-1,-0.01,-1,-1,-0.01,-1,-1,-0.01,-1,-1,-0.01,-1,-1,-0.01,-1,-1,-0.01,-1,-1
99926009,2026-05-18 11:46:50+05:30,53161.45,0,0.0,0,0.0,0.0,53282.15,53308.4,52783.45,53710.35,0,0.0,0.0,0.0,0.0,-0.01,-1,-1,-0.01,-1,-1,-0.01,-1,-1,-0.01,-1,-1,-0.01,-1,-1,-0.01,-1,-1,-0.01,-1,-1,-0.01,-1,-1,-0.01,-1,-1,-0.01,-1,-1
99926009,2026-05-18 11:46:50+05:30,53163.9,0,0.0,0,0.0,0.0,53282.15,53308.4,52783.45,53710.35,0,0.0,0.0,0.0,0.0,-0.01,-1,-1,-0.01,-1,-1,-0.01,-1,-1,-0.01,-1,-1,-0.01,-1,-1,-0.01,-1,-1,-0.01,-1,-1,-0.01,-1,-1,-0.01,-1,-1,-0.01,-1,-1
99926009,2026-05-18 11:46:51+05:30,53162.5,0,0.0,0,0.0,0.0,53282.15,53308.4,52783.45,53710.35,0,0.0,0.0,0.0,0.0,-0.01,-1,-1,-0.01,-1,-1,-0.01,-1,-1,-0.01,-1,-1,-0.01,-1,-1,-0.01,-1,-1,-0.01,-1,-1,-0.01,-1,-1,-0.01,-1,-1,-0.01,-1,-1
99926009,2026-05-18 11:46:51+05:30,53162.7,0,0.0,0,0.0,0.0,53282.15,53308.4,52783.45,53710.35,0,0.0,0.0,0.0,0.0,-0.01,-1,-1,-0.01,-1,-1,-0.01,-1,-1,-0.01,-1,-1,-0.01,-1,-1,-0.01,-1,-1,-0.01,-1,-1,-0.01,-1,-1,-0.01,-1,-1,-0.01,-1,-1
99926009,2026-05-18 11:46:52+05:30,53161.15,0,0.0,0,0.0,0.0,53282.15,53308.4,52783.45,53710.35,0,0.0,0.0,0.0,0.0,-0.01,-1,-1,-0.01,-1,-1,-0.01,-1,-1,-0.01,-1,-1,-0.01,-1,-1,-0.01,-1,-1,-0.01,-1,-1,-0.01,-1,-1,-0.01,-1,-1,-0.01,-1,-1
99926009,2026-05-18 11:46:52+05:30,53158.95,0,0.0,0,0.0,0.0,53282.15,53308.4,52783.45,53710.35,0,0.0,0.0,0.0,0.0,-0.01,-1,-1,-0.01,-1,-1,-0.01,-1,-1,-0.01,-1,-1,-0.01,-1,-1,-0.01,-1,-1,-0.01,-1,-1,-0.01,-1,-1,-0.01,-1,-1,-0.01,-1,-1
99926009,2026-05-18 11:46:53+05:30,53162.55,0,0.0,0,0.0,0.0,53282.15,53308.4,52783.45,53710.35,0,0.0,0.0,0.0,0.0,-0.01,-1,-1,-0.01,-1,-1,-0.01,-1,-1,-0.01,-1,-1,-0.01,-1,-1,-0.01,-1,-1,-0.01,-1,-1,-0.01,-1,-1,-0.01,-1,-1,-0.01,-1,-1
99926009,2026-05-18 11:46:53+05:30,53160.1,0,0.0,0,0.0,0.0,53282.15,53308.4,52783.45,53710.35,0,0.0,0.0,0.0,0.0,-0.01,-1,-1,-0.01,-1,-1,-0.01,-1,-1,-0.01,-1,-1,-0.01,-1,-1,-0.01,-1,-1,-0.01,-1,-1,-0.01,-1,-1,-0.01,-1,-1,-0.01,-1,-1
99926009,2026-05-18 11:46:54+05:30,53157.5,0,0.0,0,0.0,0.0,53282.15,53308.4,52783.45,53710.35,0,0.0,0.0,0.0,0.0,-0.01,-1,-1,-0.01,-1,-1,-0.01,-1,-1,-0.01,-1,-1,-0.01,-1,-1,-0.01,-1,-1,-0.01,-1,-1,-0.01,-1,-1,-0.01,-1,-1,-0.01,-1,-1
99926009,2026-05-18 11:46:54+05:30,53158.5,0,0.0,0,0.0,0.0,53282.15,53308.4,52783.45,53710.35,0,0.0,0.0,0.0,0.0,-0.01,-1,-1,-0.01,-1,-1,-0.01,-1,-1,-0.01,-1,-1,-0.01,-1,-1,-0.01,-1,-1,-0.01,-1,-1,-0.01,-1,-1,-0.01,-1,-1,-0.01,-1,-1
99926009,2026-05-18 11:46:55+05:30,53159.55,0,0.0,0,0.0,0.0,53282.15,53308.4,52783.45,53710.35,0,0.0,0.0,0.0,0.0,-0.01,-1,-1,-0.01,-1,-1,-0.01,-1,-1,-0.01,-1,-1,-0.01,-1,-1,-0.01,-1,-1,-0.01,-1,-1,-0.01,-1,-1,-0.01,-1,-1,-0.01,-1,-1
99926009,2026-05-18 11:46:55+05:30,53161.15,0,0.0,0,0.0,0.0,53282.15,53308.4,52783.45,53710.35,0,0.0,0.0,0.0,0.0,-0.01,-1,-1,-0.01,-1,-1,-0.01,-1,-1,-0.01,-1,-1,-0.01,-1,-1,-0.01,-1,-1,-0.01,-1,-1,-0.01,-1,-1,-0.01,-1,-1,-0.01,-1,-1
99926009,2026-05-18 11:46:56+05:30,53161.8,0,0.0,0,0.0,0.0,53282.15,53308.4,52783.45,53710.35,0,0.0,0.0,0.0,0.0,-0.01,-1,-1,-0.01,-1,-1,-0.01,-1,-1,-0.01,-1,-1,-0.01,-1,-1,-0.01,-1,-1,-0.01,-1,-1,-0.01,-1,-1,-0.01,-1,-1,-0.01,-1,-1
99926009,2026-05-18 11:46:56+05:30,53161.2,0,0.0,0,0.0,0.0,53282.15,53308.4,52783.45,53710.35,0,0.0,0.0,0.0,0.0,-0.01,-1,-1,-0.01,-1,-1,-0.01,-1,-1,-0.01,-1,-1,-0.01,-1,-1,-0.01,-1,-1,-0.01,-1,-1,-0.01,-1,-1,-0.01,-1,-1,-0.01,-1,-1
99926009,2026-05-18 11:46:57+05:30,53162.5,0,0.0,0,0.0,0.0,53282.15,53308.4,52783.45,53710.35,0,0.0,0.0,0.0,0.0,-0.01,-1,-1,-0.01,-1,-1,-0.01,-1,-1,-0.01,-1,-1,-0.01,-1,-1,-0.01,-1,-1,-0.01,-1,-1,-0.01,-1,-1,-0.01,-1,-1,-0.01,-1,-1
99926009,2026-05-18 11:46:57+05:30,53162.0,0,0.0,0,0.0,0.0,53282.15,53308.4,52783.45,53710.35,0,0.0,0.0,0.0,0.0,-0.01,-1,-1,-0.01,-1,-1,-0.01,-1,-1,-0.01,-1,-1,-0.01,-1,-1,-0.01,-1,-1,-0.01,-1,-1,-0.01,-1,-1,-0.01,-1,-1,-0.01,-1,-1
99926009,2026-05-18 11:46:58+05:30,53161.8,0,0.0,0,0.0,0.0,53282.15,53308.4,52783.45,53710.35,0,0.0,0.0,0.0,0.0,-0.01,-1,-1,-0.01,-1,-1,-0.01,-1,-1,-0.01,-1,-1,-0.01,-1,-1,-0.01,-1,-1,-0.01,-1,-1,-0.01,-1,-1,-0.01,-1,-1,-0.01,-1,-1
99926009,2026-05-18 11:46:58+05:30,53161.45,0,0.0,0,0.0,0.0,53282.15,53308.4,52783.45,53710.35,0,0.0,0.0,0.0,0.0,-0.01,-1,-1,-0.01,-1,-1,-0.01,-1,-1,-0.01,-1,-1,-0.01,-1,-1,-0.01,-1,-1,-0.01,-1,-1,-0.01,-1,-1,-0.01,-1,-1,-0.01,-1,-1
99926009,2026-05-18 11:46:59+05:30,53161.9,0,0.0,0,0.0,0.0,53282.15,53308.4,52783.45,53710.35,0,0.0,0.0,0.0,0.0,-0.01,-1,-1,-0.01,-1,-1,-0.01,-1,-1,-0.01,-1,-1,-0.01,-1,-1,-0.01,-1,-1,-0.01,-1,-1,-0.01,-1,-1,-0.01,-1,-1,-0.01,-1,-1
99926009,2026-05-18 11:46:59+05:30,53161.6,0,0.0,0,0.0,0.0,53282.15,53308.4,52783.45,53710.35,0,0.0,0.0,0.0,0.0,-0.01,-1,-1,-0.01,-1,-1,-0.01,-1,-1,-0.01,-1,-1,-0.01,-1,-1,-0.01,-1,-1,-0.01,-1,-1,-0.01,-1,-1,-0.01,-1,-1,-0.01,-1,-1
99926009,2026-05-18 11:47:00+05:30,53161.55,0,0.0,0,0.0,0.0,53282.15,53308.4,52783.45,53710.35,0,0.0,0.0,0.0,0.0,-0.01,-1,-1,-0.01,-1,-1,-0.01,-1,-1,-0.01,-1,-1,-0.01,-1,-1,-0.01,-1,-1,-0.01,-1,-1,-0.01,-1,-1,-0.01,-1,-1,-0.01,-1,-1
99926009,2026-05-18 11:47:00+05:30,53160.95,0,0.0,0,0.0,0.0,53282.15,53308.4,52783.45,53710.35,0,0.0,0.0,0.0,0.0,-0.01,-1,-1,-0.01,-1,-1,-0.01,-1,-1,-0.01,-1,-1,-0.01,-1,-1,-0.01,-1,-1,-0.01,-1,-1,-0.01,-1,-1,-0.01,-1,-1,-0.01,-1,-1
99926009,2026-05-18 11:47:01+05:30,53160.15,0,0.0,0,0.0,0.0,53282.15,53308.4,52783.45,53710.35,0,0.0,0.0,0.0,0.0,-0.01,-1,-1,-0.01,-1,-1,-0.01,-1,-1,-0.01,-1,-1,-0.01,-1,-1,-0.01,-1,-1,-0.01,-1,-1,-0.01,-1,-1,-0.01,-1,-1,-0.01,-1,-1
99926009,2026-05-18 11:47:01+05:30,53158.9,0,0.0,0,0.0,0.0,53282.15,53308.4,52783.45,53710.35,0,0.0,0.0,0.0,0.0,-0.01,-1,-1,-0.01,-1,-1,-0.01,-1,-1,-0.01,-1,-1,-0.01,-1,-1,-0.01,-1,-1,-0.01,-1,-1,-0.01,-1,-1,-0.01,-1,-1,-0.01,-1,-1
99926009,2026-05-18 11:47:02+05:30,53153.05,0,0.0,0,0.0,0.0,53282.15,53308.4,52783.45,53710.35,0,0.0,0.0,0.0,0.0,-0.01,-1,-1,-0.01,-1,-1,-0.01,-1,-1,-0.01,-1,-1,-0.01,-1,-1,-0.01,-1,-1,-0.01,-1,-1,-0.01,-1,-1,-0.01,-1,-1,-0.01,-1,-1
99926009,2026-05-18 11:47:02+05:30,53151.55,0,0.0,0,0.0,0.0,53282.15,53308.4,52783.45,53710.35,0,0.0,0.0,0.0,0.0,-0.01,-1,-1,-0.01,-1,-1,-0.01,-1,-1,-0.01,-1,-1,-0.01,-1,-1,-0.01,-1,-1,-0.01,-1,-1,-0.01,-1,-1,-0.01,-1,-1,-0.01,-1,-1
99926009,2026-05-18 11:47:03+05:30,53152.95,0,0.0,0,0.0,0.0,53282.15,53308.4,52783.45,53710.35,0,0.0,0.0,0.0,0.0,-0.01,-1,-1,-0.01,-1,-1,-0.01,-1,-1,-0.01,-1,-1,-0.01,-1,-1,-0.01,-1,-1,-0.01,-1,-1,-0.01,-1,-1,-0.01,-1,-1,-0.01,-1,-1
99926009,2026-05-18 11:47:03+05:30,53153.5,0,0.0,0,0.0,0.0,53282.15,53308.4,52783.45,53710.35,0,0.0,0.0,0.0,0.0,-0.01,-1,-1,-0.01,-1,-1,-0.01,-1,-1,-0.01,-1,-1,-0.01,-1,-1,-0.01,-1,-1,-0.01,-1,-1,-0.01,-1,-1,-0.01,-1,-1,-0.01,-1,-1
99926009,2026-05-18 11:47:04+05:30,53153.1,0,0.0,0,0.0,0.0,53282.15,53308.4,52783.45,53710.35,0,0.0,0.0,0.0,0.0,-0.01,-1,-1,-0.01,-1,-1,-0.01,-1,-1,-0.01,-1,-1,-0.01,-1,-1,-0.01,-1,-1,-0.01,-1,-1,-0.01,-1,-1,-0.01,-1,-1,-0.01,-1,-1
99926009,2026-05-18 11:47:04+05:30,53155.0,0,0.0,0,0.0,0.0,53282.15,53308.4,52783.45,53710.35,0,0.0,0.0,0.0,0.0,-0.01,-1,-1,-0.01,-1,-1,-0.01,-1,-1,-0.01,-1,-1,-0.01,-1,-1,-0.01,-1,-1,-0.01,-1,-1,-0.01,-1,-1,-0.01,-1,-1,-0.01,-1,-1
99926009,2026-05-18 11:47:05+05:30,53153.15,0,0.0,0,0.0,0.0,53282.15,53308.4,52783.45,53710.35,0,0.0,0.0,0.0,0.0,-0.01,-1,-1,-0.01,-1,-1,-0.01,-1,-1,-0.01,-1,-1,-0.01,-1,-1,-0.01,-1,-1,-0.01,-1,-1,-0.01,-1,-1,-0.01,-1,-1,-0.01,-1,-1
99926009,2026-05-18 11:47:05+05:30,53147.55,0,0.0,0,0.0,0.0,53282.15,53308.4,52783.45,53710.35,0,0.0,0.0,0.0,0.0,-0.01,-1,-1,-0.01,-1,-1,-0.01,-1,-1,-0.01,-1,-1,-0.01,-1,-1,-0.01,-1,-1,-0.01,-1,-1,-0.01,-1,-1,-0.01,-1,-1,-0.01,-1,-1
99926009,2026-05-18 11:47:06+05:30,53150.4,0,0.0,0,0.0,0.0,53282.15,53308.4,52783.45,53710.35,0,0.0,0.0,0.0,0.0,-0.01,-1,-1,-0.01,-1,-1,-0.01,-1,-1,-0.01,-1,-1,-0.01,-1,-1,-0.01,-1,-1,-0.01,-1,-1,-0.01,-1,-1,-0.01,-1,-1,-0.01,-1,-1
99926009,2026-05-18 11:47:06+05:30,53150.7,0,0.0,0,0.0,0.0,53282.15,53308.4,52783.45,53710.35,0,0.0,0.0,0.0,0.0,-0.01,-1,-1,-0.01,-1,-1,-0.01,-1,-1,-0.01,-1,-1,-0.01,-1,-1,-0.01,-1,-1,-0.01,-1,-1,-0.01,-1,-1,-0.01,-1,-1,-0.01,-1,-1
99926009,2026-05-18 11:47:07+05:30,53149.95,0,0.0,0,0.0,0.0,53282.15,53308.4,52783.45,53710.35,0,0.0,0.0,0.0,0.0,-0.01,-1,-1,-0.01,-1,-1,-0.01,-1,-1,-0.01,-1,-1,-0.01,-1,-1,-0.01,-1,-1,-0.01,-1,-1,-0.01,-1,-1,-0.01,-1,-1,-0.01,-1,-1
99926009,2026-05-18 11:47:07+05:30,53145.2,0,0.0,0,0.0,0.0,53282.15,53308.4,52783.45,53710.35,0,0.0,0.0,0.0,0.0,-0.01,-1,-1,-0.01,-1,-1,-0.01,-1,-1,-0.01,-1,-1,-0.01,-1,-1,-0.01,-1,-1,-0.01,-1,-1,-0.01,-1,-1,-0.01,-1,-1,-0.01,-1,-1
99926009,2026-05-18 11:47:08+05:30,53145.75,0,0.0,0,0.0,0.0,53282.15,53308.4,52783.45,53710.35,0,0.0,0.0,0.0,0.0,-0.01,-1,-1,-0.01,-1,-1,-0.01,-1,-1,-0.01,-1,-1,-0.01,-1,-1,-0.01,-1,-1,-0.01,-1,-1,-0.01,-1,-1,-0.01,-1,-1,-0.01,-1,-1
99926009,2026-05-18 11:47:08+05:30,53146.0,0,0.0,0,0.0,0.0,53282.15,53308.4,52783.45,53710.35,0,0.0,0.0,0.0,0.0,-0.01,-1,-1,-0.01,-1,-1,-0.01,-1,-1,-0.01,-1,-1,-0.01,-1,-1,-0.01,-1,-1,-0.01,-1,-1,-0.01,-1,-1,-0.01,-1,-1,-0.01,-1,-1
99926009,2026-05-18 11:47:09+05:30,53145.9,0,0.0,0,0.0,0.0,53282.15,53308.4,52783.45,53710.35,0,0.0,0.0,0.0,0.0,-0.01,-1,-1,-0.01,-1,-1,-0.01,-1,-1,-0.01,-1,-1,-0.01,-1,-1,-0.01,-1,-1,-0.01,-1,-1,-0.01,-1,-1,-0.01,-1,-1,-0.01,-1,-1
99926009,2026-05-18 11:47:09+05:30,53146.0,0,0.0,0,0.0,0.0,53282.15,53308.4,52783.45,53710.35,0,0.0,0.0,0.0,0.0,-0.01,-1,-1,-0.01,-1,-1,-0.01,-1,-1,-0.01,-1,-1,-0.01,-1,-1,-0.01,-1,-1,-0.01,-1,-1,-0.01,-1,-1,-0.01,-1,-1,-0.01,-1,-1
99926009,2026-05-18 11:47:10+05:30,53143.9,0,0.0,0,0.0,0.0,53282.15,53308.4,52783.45,53710.35,0,0.0,0.0,0.0,0.0,-0.01,-1,-1,-0.01,-1,-1,-0.01,-1,-1,-0.01,-1,-1,-0.01,-1,-1,-0.01,-1,-1,-0.01,-1,-1,-0.01,-1,-1,-0.01,-1,-1,-0.01,-1,-1
99926009,2026-05-18 11:47:10+05:30,53145.6,0,0.0,0,0.0,0.0,53282.15,53308.4,52783.45,53710.35,0,0.0,0.0,0.0,0.0,-0.01,-1,-1,-0.01,-1,-1,-0.01,-1,-1,-0.01,-1,-1,-0.01,-1,-1,-0.01,-1,-1,-0.01,-1,-1,-0.01,-1,-1,-0.01,-1,-1,-0.01,-1,-1
99926009,2026-05-18 11:47:11+05:30,53141.25,0,0.0,0,0.0,0.0,53282.15,53308.4,52783.45,53710.35,0,0.0,0.0,0.0,0.0,-0.01,-1,-1,-0.01,-1,-1,-0.01,-1,-1,-0.01,-1,-1,-0.01,-1,-1,-0.01,-1,-1,-0.01,-1,-1,-0.01,-1,-1,-0.01,-1,-1,-0.01,-1,-1
99926009,2026-05-18 11:47:11+05:30,53142.2,0,0.0,0,0.0,0.0,53282.15,53308.4,52783.45,53710.35,0,0.0,0.0,0.0,0.0,-0.01,-1,-1,-0.01,-1,-1,-0.01,-1,-1,-0.01,-1,-1,-0.01,-1,-1,-0.01,-1,-1,-0.01,-1,-1,-0.01,-1,-1,-0.01,-1,-1,-0.01,-1,-1
99926009,2026-05-18 11:47:12+05:30,53145.6,0,0.0,0,0.0,0.0,53282.15,53308.4,52783.45,53710.35,0,0.0,0.0,0.0,0.0,-0.01,-1,-1,-0.01,-1,-1,-0.01,-1,-1,-0.01,-1,-1,-0.01,-1,-1,-0.01,-1,-1,-0.01,-1,-1,-0.01,-1,-1,-0.01,-1,-1,-0.01,-1,-1
99926009,2026-05-18 11:47:12+05:30,53146.7,0,0.0,0,0.0,0.0,53282.15,53308.4,52783.45,53710.35,0,0.0,0.0,0.0,0.0,-0.01,-1,-1,-0.01,-1,-1,-0.01,-1,-1,-0.01,-1,-1,-0.01,-1,-1,-0.01,-1,-1,-0.01,-1,-1,-0.01,-1,-1,-0.01,-1,-1,-0.01,-1,-1
99926009,2026-05-18 11:47:13+05:30,53146.7,0,0.0,0,0.0,0.0,53282.15,53308.4,52783.45,53710.35,0,0.0,0.0,0.0,0.0,-0.01,-1,-1,-0.01,-1,-1,-0.01,-1,-1,-0.01,-1,-1,-0.01,-1,-1,-0.01,-1,-1,-0.01,-1,-1,-0.01,-1,-1,-0.01,-1,-1,-0.01,-1,-1
99926009,2026-05-18 11:47:13+05:30,53142.9,0,0.0,0,0.0,0.0,53282.15,53308.4,52783.45,53710.35,0,0.0,0.0,0.0,0.0,-0.01,-1,-1,-0.01,-1,-1,-0.01,-1,-1,-0.01,-1,-1,-0.01,-1,-1,-0.01,-1,-1,-0.01,-1,-1,-0.01,-1,-1,-0.01,-1,-1,-0.01,-1,-1
99926009,2026-05-18 11:47:14+05:30,53145.5,0,0.0,0,0.0,0.0,53282.15,53308.4,52783.45,53710.35,0,0.0,0.0,0.0,0.0,-0.01,-1,-1,-0.01,-1,-1,-0.01,-1,-1,-0.01,-1,-1,-0.01,-1,-1,-0.01,-1,-1,-0.01,-1,-1,-0.01,-1,-1,-0.01,-1,-1,-0.01,-1,-1
99926009,2026-05-18 11:47:14+05:30,53146.1,0,0.0,0,0.0,0.0,53282.15,53308.4,52783.45,53710.35,0,0.0,0.0,0.0,0.0,-0.01,-1,-1,-0.01,-1,-1,-0.01,-1,-1,-0.01,-1,-1,-0.01,-1,-1,-0.01,-1,-1,-0.01,-1,-1,-0.01,-1,-1,-0.01,-1,-1,-0.01,-1,-1
99926009,2026-05-18 11:47:15+05:30,53144.9,0,0.0,0,0.0,0.0,53282.15,53308.4,52783.45,53710.35,0,0.0,0.0,0.0,0.0,-0.01,-1,-1,-0.01,-1,-1,-0.01,-1,-1,-0.01,-1,-1,-0.01,-1,-1,-0.01,-1,-1,-0.01,-1,-1,-0.01,-1,-1,-0.01,-1,-1,-0.01,-1,-1
99926009,2026-05-18 11:47:15+05:30,53146.7,0,0.0,0,0.0,0.0,53282.15,53308.4,52783.45,53710.35,0,0.0,0.0,0.0,0.0,-0.01,-1,-1,-0.01,-1,-1,-0.01,-1,-1,-0.01,-1,-1,-0.01,-1,-1,-0.01,-1,-1,-0.01,-1,-1,-0.01,-1,-1,-0.01,-1,-1,-0.01,-1,-1
99926009,2026-05-18 11:47:16+05:30,53149.85,0,0.0,0,0.0,0.0,53282.15,53308.4,52783.45,53710.35,0,0.0,0.0,0.0,0.0,-0.01,-1,-1,-0.01,-1,-1,-0.01,-1,-1,-0.01,-1,-1,-0.01,-1,-1,-0.01,-1,-1,-0.01,-1,-1,-0.01,-1,-1,-0.01,-1,-1,-0.01,-1,-1
99926009,2026-05-18 11:47:16+05:30,53152.65,0,0.0,0,0.0,0.0,53282.15,53308.4,52783.45,53710.35,0,0.0,0.0,0.0,0.0,-0.01,-1,-1,-0.01,-1,-1,-0.01,-1,-1,-0.01,-1,-1,-0.01,-1,-1,-0.01,-1,-1,-0.01,-1,-1,-0.01,-1,-1,-0.01,-1,-1,-0.01,-1,-1
99926009,2026-05-18 11:47:17+05:30,53145.3,0,0.0,0,0.0,0.0,53282.15,53308.4,52783.45,53710.35,0,0.0,0.0,0.0,0.0,-0.01,-1,-1,-0.01,-1,-1,-0.01,-1,-1,-0.01,-1,-1,-0.01,-1,-1,-0.01,-1,-1,-0.01,-1,-1,-0.01,-1,-1,-0.01,-1,-1,-0.01,-1,-1
99926009,2026-05-18 11:47:17+05:30,53148.4,0,0.0,0,0.0,0.0,53282.15,53308.4,52783.45,53710.35,0,0.0,0.0,0.0,0.0,-0.01,-1,-1,-0.01,-1,-1,-0.01,-1,-1,-0.01,-1,-1,-0.01,-1,-1,-0.01,-1,-1,-0.01,-1,-1,-0.01,-1,-1,-0.01,-1,-1,-0.01,-1,-1
99926009,2026-05-18 11:47:18+05:30,53149.35,0,0.0,0,0.0,0.0,53282.15,53308.4,52783.45,53710.35,0,0.0,0.0,0.0,0.0,-0.01,-1,-1,-0.01,-1,-1,-0.01,-1,-1,-0.01,-1,-1,-0.01,-1,-1,-0.01,-1,-1,-0.01,-1,-1,-0.01,-1,-1,-0.01,-1,-1,-0.01,-1,-1
99926009,2026-05-18 11:47:18+05:30,53147.55,0,0.0,0,0.0,0.0,53282.15,53308.4,52783.45,53710.35,0,0.0,0.0,0.0,0.0,-0.01,-1,-1,-0.01,-1,-1,-0.01,-1,-1,-0.01,-1,-1,-0.01,-1,-1,-0.01,-1,-1,-0.01,-1,-1,-0.01,-1,-1,-0.01,-1,-1,-0.01,-1,-1
99926009,2026-05-18 11:47:19+05:30,53145.8,0,0.0,0,0.0,0.0,53282.15,53308.4,52783.45,53710.35,0,0.0,0.0,0.0,0.0,-0.01,-1,-1,-0.01,-1,-1,-0.01,-1,-1,-0.01,-1,-1,-0.01,-1,-1,-0.01,-1,-1,-0.01,-1,-1,-0.01,-1,-1,-0.01,-1,-1,-0.01,-1,-1
99926009,2026-05-18 11:47:19+05:30,53148.65,0,0.0,0,0.0,0.0,53282.15,53308.4,52783.45,53710.35,0,0.0,0.0,0.0,0.0,-0.01,-1,-1,-0.01,-1,-1,-0.01,-1,-1,-0.01,-1,-1,-0.01,-1,-1,-0.01,-1,-1,-0.01,-1,-1,-0.01,-1,-1,-0.01,-1,-1,-0.01,-1,-1
99926009,2026-05-18 11:47:20+05:30,53148.25,0,0.0,0,0.0,0.0,53282.15,53308.4,52783.45,53710.35,0,0.0,0.0,0.0,0.0,-0.01,-1,-1,-0.01,-1,-1,-0.01,-1,-1,-0.01,-1,-1,-0.01,-1,-1,-0.01,-1,-1,-0.01,-1,-1,-0.01,-1,-1,-0.01,-1,-1,-0.01,-1,-1
99926009,2026-05-18 11:47:20+05:30,53144.35,0,0.0,0,0.0,0.0,53282.15,53308.4,52783.45,53710.35,0,0.0,0.0,0.0,0.0,-0.01,-1,-1,-0.01,-1,-1,-0.01,-1,-1,-0.01,-1,-1,-0.01,-1,-1,-0.01,-1,-1,-0.01,-1,-1,-0.01,-1,-1,-0.01,-1,-1,-0.01,-1,-1
99926009,2026-05-18 11:47:21+05:30,53142.95,0,0.0,0,0.0,0.0,53282.15,53308.4,52783.45,53710.35,0,0.0,0.0,0.0,0.0,-0.01,-1,-1,-0.01,-1,-1,-0.01,-1,-1,-0.01,-1,-1,-0.01,-1,-1,-0.01,-1,-1,-0.01,-1,-1,-0.01,-1,-1,-0.01,-1,-1,-0.01,-1,-1
99926009,2026-05-18 11:47:21+05:30,53147.0,0,0.0,0,0.0,0.0,53282.15,53308.4,52783.45,53710.35,0,0.0,0.0,0.0,0.0,-0.01,-1,-1,-0.01,-1,-1,-0.01,-1,-1,-0.01,-1,-1,-0.01,-1,-1,-0.01,-1,-1,-0.01,-1,-1,-0.01,-1,-1,-0.01,-1,-1,-0.01,-1,-1
99926009,2026-05-18 11:47:22+05:30,53145.05,0,0.0,0,0.0,0.0,53282.15,53308.4,52783.45,53710.35,0,0.0,0.0,0.0,0.0,-0.01,-1,-1,-0.01,-1,-1,-0.01,-1,-1,-0.01,-1,-1,-0.01,-1,-1,-0.01,-1,-1,-0.01,-1,-1,-0.01,-1,-1,-0.01,-1,-1,-0.01,-1,-1
99926009,2026-05-18 11:47:22+05:30,53144.0,0,0.0,0,0.0,0.0,53282.15,53308.4,52783.45,53710.35,0,0.0,0.0,0.0,0.0,-0.01,-1,-1,-0.01,-1,-1,-0.01,-1,-1,-0.01,-1,-1,-0.01,-1,-1,-0.01,-1,-1,-0.01,-1,-1,-0.01,-1,-1,-0.01,-1,-1,-0.01,-1,-1
99926009,2026-05-18 11:47:23+05:30,53144.1,0,0.0,0,0.0,0.0,53282.15,53308.4,52783.45,53710.35,0,0.0,0.0,0.0,0.0,-0.01,-1,-1,-0.01,-1,-1,-0.01,-1,-1,-0.01,-1,-1,-0.01,-1,-1,-0.01,-1,-1,-0.01,-1,-1,-0.01,-1,-1,-0.01,-1,-1,-0.01,-1,-1
99926009,2026-05-18 11:47:23+05:30,53142.65,0,0.0,0,0.0,0.0,53282.15,53308.4,52783.45,53710.35,0,0.0,0.0,0.0,0.0,-0.01,-1,-1,-0.01,-1,-1,-0.01,-1,-1,-0.01,-1,-1,-0.01,-1,-1,-0.01,-1,-1,-0.01,-1,-1,-0.01,-1,-1,-0.01,-1,-1,-0.01,-1,-1
99926009,2026-05-18 11:47:24+05:30,53143.4,0,0.0,0,0.0,0.0,53282.15,53308.4,52783.45,53710.35,0,0.0,0.0,0.0,0.0,-0.01,-1,-1,-0.01,-1,-1,-0.01,-1,-1,-0.01,-1,-1,-0.01,-1,-1,-0.01,-1,-1,-0.01,-1,-1,-0.01,-1,-1,-0.01,-1,-1,-0.01,-1,-1
99926009,2026-05-18 11:47:24+05:30,53140.1,0,0.0,0,0.0,0.0,53282.15,53308.4,52783.45,53710.35,0,0.0,0.0,0.0,0.0,-0.01,-1,-1,-0.01,-1,-1,-0.01,-1,-1,-0.01,-1,-1,-0.01,-1,-1,-0.01,-1,-1,-0.01,-1,-1,-0.01,-1,-1,-0.01,-1,-1,-0.01,-1,-1
99926009,2026-05-18 11:47:25+05:30,53143.45,0,0.0,0,0.0,0.0,53282.15,53308.4,52783.45,53710.35,0,0.0,0.0,0.0,0.0,-0.01,-1,-1,-0.01,-1,-1,-0.01,-1,-1,-0.01,-1,-1,-0.01,-1,-1,-0.01,-1,-1,-0.01,-1,-1,-0.01,-1,-1,-0.01,-1,-1,-0.01,-1,-1
99926009,2026-05-18 11:47:25+05:30,53143.5,0,0.0,0,0.0,0.0,53282.15,53308.4,52783.45,53710.35,0,0.0,0.0,0.0,0.0,-0.01,-1,-1,-0.01,-1,-1,-0.01,-1,-1,-0.01,-1,-1,-0.01,-1,-1,-0.01,-1,-1,-0.01,-1,-1,-0.01,-1,-1,-0.01,-1,-1,-0.01,-1,-1
99926009,2026-05-18 11:47:26+05:30,53142.15,0,0.0,0,0.0,0.0,53282.15,53308.4,52783.45,53710.35,0,0.0,0.0,0.0,0.0,-0.01,-1,-1,-0.01,-1,-1,-0.01,-1,-1,-0.01,-1,-1,-0.01,-1,-1,-0.01,-1,-1,-0.01,-1,-1,-0.01,-1,-1,-0.01,-1,-1,-0.01,-1,-1
99926009,2026-05-18 11:47:26+05:30,53141.8,0,0.0,0,0.0,0.0,53282.15,53308.4,52783.45,53710.35,0,0.0,0.0,0.0,0.0,-0.01,-1,-1,-0.01,-1,-1,-0.01,-1,-1,-0.01,-1,-1,-0.01,-1,-1,-0.01,-1,-1,-0.01,-1,-1,-0.01,-1,-1,-0.01,-1,-1,-0.01,-1,-1
99926009,2026-05-18 11:47:27+05:30,53139.75,0,0.0,0,0.0,0.0,53282.15,53308.4,52783.45,53710.35,0,0.0,0.0,0.0,0.0,-0.01,-1,-1,-0.01,-1,-1,-0.01,-1,-1,-0.01,-1,-1,-0.01,-1,-1,-0.01,-1,-1,-0.01,-1,-1,-0.01,-1,-1,-0.01,-1,-1,-0.01,-1,-1
99926009,2026-05-18 11:47:27+05:30,53139.9,0,0.0,0,0.0,0.0,53282.15,53308.4,52783.45,53710.35,0,0.0,0.0,0.0,0.0,-0.01,-1,-1,-0.01,-1,-1,-0.01,-1,-1,-0.01,-1,-1,-0.01,-1,-1,-0.01,-1,-1,-0.01,-1,-1,-0.01,-1,-1,-0.01,-1,-1,-0.01,-1,-1
99926009,2026-05-18 11:47:28+05:30,53140.85,0,0.0,0,0.0,0.0,53282.15,53308.4,52783.45,53710.35,0,0.0,0.0,0.0,0.0,-0.01,-1,-1,-0.01,-1,-1,-0.01,-1,-1,-0.01,-1,-1,-0.01,-1,-1,-0.01,-1,-1,-0.01,-1,-1,-0.01,-1,-1,-0.01,-1,-1,-0.01,-1,-1
99926009,2026-05-18 11:47:28+05:30,53134.85,0,0.0,0,0.0,0.0,53282.15,53308.4,52783.45,53710.35,0,0.0,0.0,0.0,0.0,-0.01,-1,-1,-0.01,-1,-1,-0.01,-1,-1,-0.01,-1,-1,-0.01,-1,-1,-0.01,-1,-1,-0.01,-1,-1,-0.01,-1,-1,-0.01,-1,-1,-0.01,-1,-1
99926009,2026-05-18 11:47:29+05:30,53131.9,0,0.0,0,0.0,0.0,53282.15,53308.4,52783.45,53710.35,0,0.0,0.0,0.0,0.0,-0.01,-1,-1,-0.01,-1,-1,-0.01,-1,-1,-0.01,-1,-1,-0.01,-1,-1,-0.01,-1,-1,-0.01,-1,-1,-0.01,-1,-1,-0.01,-1,-1,-0.01,-1,-1
99926009,2026-05-18 11:47:29+05:30,53130.3,0,0.0,0,0.0,0.0,53282.15,53308.4,52783.45,53710.35,0,0.0,0.0,0.0,0.0,-0.01,-1,-1,-0.01,-1,-1,-0.01,-1,-1,-0.01,-1,-1,-0.01,-1,-1,-0.01,-1,-1,-0.01,-1,-1,-0.01,-1,-1,-0.01,-1,-1,-0.01,-1,-1
99926009,2026-05-18 11:47:30+05:30,53129.6,0,0.0,0,0.0,0.0,53282.15,53308.4,52783.45,53710.35,0,0.0,0.0,0.0,0.0,-0.01,-1,-1,-0.01,-1,-1,-0.01,-1,-1,-0.01,-1,-1,-0.01,-1,-1,-0.01,-1,-1,-0.01,-1,-1,-0.01,-1,-1,-0.01,-1,-1,-0.01,-1,-1
99926009,2026-05-18 11:47:30+05:30,53126.55,0,0.0,0,0.0,0.0,53282.15,53308.4,52783.45,53710.35,0,0.0,0.0,0.0,0.0,-0.01,-1,-1,-0.01,-1,-1,-0.01,-1,-1,-0.01,-1,-1,-0.01,-1,-1,-0.01,-1,-1,-0.01,-1,-1,-0.01,-1,-1,-0.01,-1,-1,-0.01,-1,-1
99926009,2026-05-18 11:47:31+05:30,53126.25,0,0.0,0,0.0,0.0,53282.15,53308.4,52783.45,53710.35,0,0.0,0.0,0.0,0.0,-0.01,-1,-1,-0.01,-1,-1,-0.01,-1,-1,-0.01,-1,-1,-0.01,-1,-1,-0.01,-1,-1,-0.01,-1,-1,-0.01,-1,-1,-0.01,-1,-1,-0.01,-1,-1
99926009,2026-05-18 11:47:31+05:30,53125.6,0,0.0,0,0.0,0.0,53282.15,53308.4,52783.45,53710.35,0,0.0,0.0,0.0,0.0,-0.01,-1,-1,-0.01,-1,-1,-0.01,-1,-1,-0.01,-1,-1,-0.01,-1,-1,-0.01,-1,-1,-0.01,-1,-1,-0.01,-1,-1,-0.01,-1,-1,-0.01,-1,-1
99926009,2026-05-18 11:47:32+05:30,53124.25,0,0.0,0,0.0,0.0,53282.15,53308.4,52783.45,53710.35,0,0.0,0.0,0.0,0.0,-0.01,-1,-1,-0.01,-1,-1,-0.01,-1,-1,-0.01,-1,-1,-0.01,-1,-1,-0.01,-1,-1,-0.01,-1,-1,-0.01,-1,-1,-0.01,-1,-1,-0.01,-1,-1
99926009,2026-05-18 11:47:32+05:30,53123.0,0,0.0,0,0.0,0.0,53282.15,53308.4,52783.45,53710.35,0,0.0,0.0,0.0,0.0,-0.01,-1,-1,-0.01,-1,-1,-0.01,-1,-1,-0.01,-1,-1,-0.01,-1,-1,-0.01,-1,-1,-0.01,-1,-1,-0.01,-1,-1,-0.01,-1,-1,-0.01,-1,-1
99926009,2026-05-18 11:47:33+05:30,53126.55,0,0.0,0,0.0,0.0,53282.15,53308.4,52783.45,53710.35,0,0.0,0.0,0.0,0.0,-0.01,-1,-1,-0.01,-1,-1,-0.01,-1,-1,-0.01,-1,-1,-0.01,-1,-1,-0.01,-1,-1,-0.01,-1,-1,-0.01,-1,-1,-0.01,-1,-1,-0.01,-1,-1
99926009,2026-05-18 11:47:33+05:30,53122.8,0,0.0,0,0.0,0.0,53282.15,53308.4,52783.45,53710.35,0,0.0,0.0,0.0,0.0,-0.01,-1,-1,-0.01,-1,-1,-0.01,-1,-1,-0.01,-1,-1,-0.01,-1,-1,-0.01,-1,-1,-0.01,-1,-1,-0.01,-1,-1,-0.01,-1,-1,-0.01,-1,-1
99926009,2026-05-18 11:47:34+05:30,53122.9,0,0.0,0,0.0,0.0,53282.15,53308.4,52783.45,53710.35,0,0.0,0.0,0.0,0.0,-0.01,-1,-1,-0.01,-1,-1,-0.01,-1,-1,-0.01,-1,-1,-0.01,-1,-1,-0.01,-1,-1,-0.01,-1,-1,-0.01,-1,-1,-0.01,-1,-1,-0.01,-1,-1
99926009,2026-05-18 11:47:34+05:30,53125.65,0,0.0,0,0.0,0.0,53282.15,53308.4,52783.45,53710.35,0,0.0,0.0,0.0,0.0,-0.01,-1,-1,-0.01,-1,-1,-0.01,-1,-1,-0.01,-1,-1,-0.01,-1,-1,-0.01,-1,-1,-0.01,-1,-1,-0.01,-1,-1,-0.01,-1,-1,-0.01,-1,-1
99926009,2026-05-18 11:47:35+05:30,53122.35,0,0.0,0,0.0,0.0,53282.15,53308.4,52783.45,53710.35,0,0.0,0.0,0.0,0.0,-0.01,-1,-1,-0.01,-1,-1,-0.01,-1,-1,-0.01,-1,-1,-0.01,-1,-1,-0.01,-1,-1,-0.01,-1,-1,-0.01,-1,-1,-0.01,-1,-1,-0.01,-1,-1
99926009,2026-05-18 11:47:35+05:30,53123.5,0,0.0,0,0.0,0.0,53282.15,53308.4,52783.45,53710.35,0,0.0,0.0,0.0,0.0,-0.01,-1,-1,-0.01,-1,-1,-0.01,-1,-1,-0.01,-1,-1,-0.01,-1,-1,-0.01,-1,-1,-0.01,-1,-1,-0.01,-1,-1,-0.01,-1,-1,-0.01,-1,-1
99926009,2026-05-18 11:47:36+05:30,53123.45,0,0.0,0,0.0,0.0,53282.15,53308.4,52783.45,53710.35,0,0.0,0.0,0.0,0.0,-0.01,-1,-1,-0.01,-1,-1,-0.01,-1,-1,-0.01,-1,-1,-0.01,-1,-1,-0.01,-1,-1,-0.01,-1,-1,-0.01,-1,-1,-0.01,-1,-1,-0.01,-1,-1
99926009,2026-05-18 11:47:36+05:30,53125.35,0,0.0,0,0.0,0.0,53282.15,53308.4,52783.45,53710.35,0,0.0,0.0,0.0,0.0,-0.01,-1,-1,-0.01,-1,-1,-0.01,-1,-1,-0.01,-1,-1,-0.01,-1,-1,-0.01,-1,-1,-0.01,-1,-1,-0.01,-1,-1,-0.01,-1,-1,-0.01,-1,-1
99926009,2026-05-18 11:47:37+05:30,53124.8,0,0.0,0,0.0,0.0,53282.15,53308.4,52783.45,53710.35,0,0.0,0.0,0.0,0.0,-0.01,-1,-1,-0.01,-1,-1,-0.01,-1,-1,-0.01,-1,-1,-0.01,-1,-1,-0.01,-1,-1,-0.01,-1,-1,-0.01,-1,-1,-0.01,-1,-1,-0.01,-1,-1
99926009,2026-05-18 11:47:37+05:30,53126.2,0,0.0,0,0.0,0.0,53282.15,53308.4,52783.45,53710.35,0,0.0,0.0,0.0,0.0,-0.01,-1,-1,-0.01,-1,-1,-0.01,-1,-1,-0.01,-1,-1,-0.01,-1,-1,-0.01,-1,-1,-0.01,-1,-1,-0.01,-1,-1,-0.01,-1,-1,-0.01,-1,-1
99926009,2026-05-18 11:47:38+05:30,53125.45,0,0.0,0,0.0,0.0,53282.15,53308.4,52783.45,53710.35,0,0.0,0.0,0.0,0.0,-0.01,-1,-1,-0.01,-1,-1,-0.01,-1,-1,-0.01,-1,-1,-0.01,-1,-1,-0.01,-1,-1,-0.01,-1,-1,-0.01,-1,-1,-0.01,-1,-1,-0.01,-1,-1
99926009,2026-05-18 11:47:38+05:30,53120.1,0,0.0,0,0.0,0.0,53282.15,53308.4,52783.45,53710.35,0,0.0,0.0,0.0,0.0,-0.01,-1,-1,-0.01,-1,-1,-0.01,-1,-1,-0.01,-1,-1,-0.01,-1,-1,-0.01,-1,-1,-0.01,-1,-1,-0.01,-1,-1,-0.01,-1,-1,-0.01,-1,-1
99926009,2026-05-18 11:47:39+05:30,53121.1,0,0.0,0,0.0,0.0,53282.15,53308.4,52783.45,53710.35,0,0.0,0.0,0.0,0.0,-0.01,-1,-1,-0.01,-1,-1,-0.01,-1,-1,-0.01,-1,-1,-0.01,-1,-1,-0.01,-1,-1,-0.01,-1,-1,-0.01,-1,-1,-0.01,-1,-1,-0.01,-1,-1
99926009,2026-05-18 11:47:39+05:30,53123.65,0,0.0,0,0.0,0.0,53282.15,53308.4,52783.45,53710.35,0,0.0,0.0,0.0,0.0,-0.01,-1,-1,-0.01,-1,-1,-0.01,-1,-1,-0.01,-1,-1,-0.01,-1,-1,-0.01,-1,-1,-0.01,-1,-1,-0.01,-1,-1,-0.01,-1,-1,-0.01,-1,-1
99926009,2026-05-18 11:47:40+05:30,53125.4,0,0.0,0,0.0,0.0,53282.15,53308.4,52783.45,53710.35,0,0.0,0.0,0.0,0.0,-0.01,-1,-1,-0.01,-1,-1,-0.01,-1,-1,-0.01,-1,-1,-0.01,-1,-1,-0.01,-1,-1,-0.01,-1,-1,-0.01,-1,-1,-0.01,-1,-1,-0.01,-1,-1
99926009,2026-05-18 11:47:40+05:30,53123.4,0,0.0,0,0.0,0.0,53282.15,53308.4,52783.45,53710.35,0,0.0,0.0,0.0,0.0,-0.01,-1,-1,-0.01,-1,-1,-0.01,-1,-1,-0.01,-1,-1,-0.01,-1,-1,-0.01,-1,-1,-0.01,-1,-1,-0.01,-1,-1,-0.01,-1,-1,-0.01,-1,-1
99926009,2026-05-18 11:47:41+05:30,53121.05,0,0.0,0,0.0,0.0,53282.15,53308.4,52783.45,53710.35,0,0.0,0.0,0.0,0.0,-0.01,-1,-1,-0.01,-1,-1,-0.01,-1,-1,-0.01,-1,-1,-0.01,-1,-1,-0.01,-1,-1,-0.01,-1,-1,-0.01,-1,-1,-0.01,-1,-1,-0.01,-1,-1
99926009,2026-05-18 11:47:41+05:30,53119.2,0,0.0,0,0.0,0.0,53282.15,53308.4,52783.45,53710.35,0,0.0,0.0,0.0,0.0,-0.01,-1,-1,-0.01,-1,-1,-0.01,-1,-1,-0.01,-1,-1,-0.01,-1,-1,-0.01,-1,-1,-0.01,-1,-1,-0.01,-1,-1,-0.01,-1,-1,-0.01,-1,-1
99926009,2026-05-18 11:47:42+05:30,53121.5,0,0.0,0,0.0,0.0,53282.15,53308.4,52783.45,53710.35,0,0.0,0.0,0.0,0.0,-0.01,-1,-1,-0.01,-1,-1,-0.01,-1,-1,-0.01,-1,-1,-0.01,-1,-1,-0.01,-1,-1,-0.01,-1,-1,-0.01,-1,-1,-0.01,-1,-1,-0.01,-1,-1
99926009,2026-05-18 11:47:42+05:30,53115.55,0,0.0,0,0.0,0.0,53282.15,53308.4,52783.45,53710.35,0,0.0,0.0,0.0,0.0,-0.01,-1,-1,-0.01,-1,-1,-0.01,-1,-1,-0.01,-1,-1,-0.01,-1,-1,-0.01,-1,-1,-0.01,-1,-1,-0.01,-1,-1,-0.01,-1,-1,-0.01,-1,-1
99926009,2026-05-18 11:47:43+05:30,53110.25,0,0.0,0,0.0,0.0,53282.15,53308.4,52783.45,53710.35,0,0.0,0.0,0.0,0.0,-0.01,-1,-1,-0.01,-1,-1,-0.01,-1,-1,-0.01,-1,-1,-0.01,-1,-1,-0.01,-1,-1,-0.01,-1,-1,-0.01,-1,-1,-0.01,-1,-1,-0.01,-1,-1
99926009,2026-05-18 11:47:43+05:30,53110.8,0,0.0,0,0.0,0.0,53282.15,53308.4,52783.45,53710.35,0,0.0,0.0,0.0,0.0,-0.01,-1,-1,-0.01,-1,-1,-0.01,-1,-1,-0.01,-1,-1,-0.01,-1,-1,-0.01,-1,-1,-0.01,-1,-1,-0.01,-1,-1,-0.01,-1,-1,-0.01,-1,-1
99926009,2026-05-18 11:47:44+05:30,53113.5,0,0.0,0,0.0,0.0,53282.15,53308.4,52783.45,53710.35,0,0.0,0.0,0.0,0.0,-0.01,-1,-1,-0.01,-1,-1,-0.01,-1,-1,-0.01,-1,-1,-0.01,-1,-1,-0.01,-1,-1,-0.01,-1,-1,-0.01,-1,-1,-0.01,-1,-1,-0.01,-1,-1
99926009,2026-05-18 11:47:44+05:30,53107.75,0,0.0,0,0.0,0.0,53282.15,53308.4,52783.45,53710.35,0,0.0,0.0,0.0,0.0,-0.01,-1,-1,-0.01,-1,-1,-0.01,-1,-1,-0.01,-1,-1,-0.01,-1,-1,-0.01,-1,-1,-0.01,-1,-1,-0.01,-1,-1,-0.01,-1,-1,-0.01,-1,-1
99926009,2026-05-18 11:47:45+05:30,53108.3,0,0.0,0,0.0,0.0,53282.15,53308.4,52783.45,53710.35,0,0.0,0.0,0.0,0.0,-0.01,-1,-1,-0.01,-1,-1,-0.01,-1,-1,-0.01,-1,-1,-0.01,-1,-1,-0.01,-1,-1,-0.01,-1,-1,-0.01,-1,-1,-0.01,-1,-1,-0.01,-1,-1
99926009,2026-05-18 11:47:45+05:30,53102.2,0,0.0,0,0.0,0.0,53282.15,53308.4,52783.45,53710.35,0,0.0,0.0,0.0,0.0,-0.01,-1,-1,-0.01,-1,-1,-0.01,-1,-1,-0.01,-1,-1,-0.01,-1,-1,-0.01,-1,-1,-0.01,-1,-1,-0.01,-1,-1,-0.01,-1,-1,-0.01,-1,-1
99926009,2026-05-18 11:47:46+05:30,53107.65,0,0.0,0,0.0,0.0,53282.15,53308.4,52783.45,53710.35,0,0.0,0.0,0.0,0.0,-0.01,-1,-1,-0.01,-1,-1,-0.01,-1,-1,-0.01,-1,-1,-0.01,-1,-1,-0.01,-1,-1,-0.01,-1,-1,-0.01,-1,-1,-0.01,-1,-1,-0.01,-1,-1
99926009,2026-05-18 11:47:46+05:30,53105.3,0,0.0,0,0.0,0.0,53282.15,53308.4,52783.45,53710.35,0,0.0,0.0,0.0,0.0,-0.01,-1,-1,-0.01,-1,-1,-0.01,-1,-1,-0.01,-1,-1,-0.01,-1,-1,-0.01,-1,-1,-0.01,-1,-1,-0.01,-1,-1,-0.01,-1,-1,-0.01,-1,-1
99926009,2026-05-18 11:47:47+05:30,53103.15,0,0.0,0,0.0,0.0,53282.15,53308.4,52783.45,53710.35,0,0.0,0.0,0.0,0.0,-0.01,-1,-1,-0.01,-1,-1,-0.01,-1,-1,-0.01,-1,-1,-0.01,-1,-1,-0.01,-1,-1,-0.01,-1,-1,-0.01,-1,-1,-0.01,-1,-1,-0.01,-1,-1
99926009,2026-05-18 11:47:47+05:30,53098.6,0,0.0,0,0.0,0.0,53282.15,53308.4,52783.45,53710.35,0,0.0,0.0,0.0,0.0,-0.01,-1,-1,-0.01,-1,-1,-0.01,-1,-1,-0.01,-1,-1,-0.01,-1,-1,-0.01,-1,-1,-0.01,-1,-1,-0.01,-1,-1,-0.01,-1,-1,-0.01,-1,-1
99926009,2026-05-18 11:47:48+05:30,53102.9,0,0.0,0,0.0,0.0,53282.15,53308.4,52783.45,53710.35,0,0.0,0.0,0.0,0.0,-0.01,-1,-1,-0.01,-1,-1,-0.01,-1,-1,-0.01,-1,-1,-0.01,-1,-1,-0.01,-1,-1,-0.01,-1,-1,-0.01,-1,-1,-0.01,-1,-1,-0.01,-1,-1
99926009,2026-05-18 11:47:48+05:30,53104.3,0,0.0,0,0.0,0.0,53282.15,53308.4,52783.45,53710.35,0,0.0,0.0,0.0,0.0,-0.01,-1,-1,-0.01,-1,-1,-0.01,-1,-1,-0.01,-1,-1,-0.01,-1,-1,-0.01,-1,-1,-0.01,-1,-1,-0.01,-1,-1,-0.01,-1,-1,-0.01,-1,-1
99926009,2026-05-18 11:47:49+05:30,53104.05,0,0.0,0,0.0,0.0,53282.15,53308.4,52783.45,53710.35,0,0.0,0.0,0.0,0.0,-0.01,-1,-1,-0.01,-1,-1,-0.01,-1,-1,-0.01,-1,-1,-0.01,-1,-1,-0.01,-1,-1,-0.01,-1,-1,-0.01,-1,-1,-0.01,-1,-1,-0.01,-1,-1
99926009,2026-05-18 11:47:49+05:30,53101.35,0,0.0,0,0.0,0.0,53282.15,53308.4,52783.45,53710.35,0,0.0,0.0,0.0,0.0,-0.01,-1,-1,-0.01,-1,-1,-0.01,-1,-1,-0.01,-1,-1,-0.01,-1,-1,-0.01,-1,-1,-0.01,-1,-1,-0.01,-1,-1,-0.01,-1,-1,-0.01,-1,-1
99926009,2026-05-18 11:47:50+05:30,53101.3,0,0.0,0,0.0,0.0,53282.15,53308.4,52783.45,53710.35,0,0.0,0.0,0.0,0.0,-0.01,-1,-1,-0.01,-1,-1,-0.01,-1,-1,-0.01,-1,-1,-0.01,-1,-1,-0.01,-1,-1,-0.01,-1,-1,-0.01,-1,-1,-0.01,-1,-1,-0.01,-1,-1
99926009,2026-05-18 11:47:50+05:30,53102.05,0,0.0,0,0.0,0.0,53282.15,53308.4,52783.45,53710.35,0,0.0,0.0,0.0,0.0,-0.01,-1,-1,-0.01,-1,-1,-0.01,-1,-1,-0.01,-1,-1,-0.01,-1,-1,-0.01,-1,-1,-0.01,-1,-1,-0.01,-1,-1,-0.01,-1,-1,-0.01,-1,-1
99926009,2026-05-18 11:47:51+05:30,53099.75,0,0.0,0,0.0,0.0,53282.15,53308.4,52783.45,53710.35,0,0.0,0.0,0.0,0.0,-0.01,-1,-1,-0.01,-1,-1,-0.01,-1,-1,-0.01,-1,-1,-0.01,-1,-1,-0.01,-1,-1,-0.01,-1,-1,-0.01,-1,-1,-0.01,-1,-1,-0.01,-1,-1
99926009,2026-05-18 11:47:51+05:30,53100.1,0,0.0,0,0.0,0.0,53282.15,53308.4,52783.45,53710.35,0,0.0,0.0,0.0,0.0,-0.01,-1,-1,-0.01,-1,-1,-0.01,-1,-1,-0.01,-1,-1,-0.01,-1,-1,-0.01,-1,-1,-0.01,-1,-1,-0.01,-1,-1,-0.01,-1,-1,-0.01,-1,-1
99926009,2026-05-18 11:47:52+05:30,53103.0,0,0.0,0,0.0,0.0,53282.15,53308.4,52783.45,53710.35,0,0.0,0.0,0.0,0.0,-0.01,-1,-1,-0.01,-1,-1,-0.01,-1,-1,-0.01,-1,-1,-0.01,-1,-1,-0.01,-1,-1,-0.01,-1,-1,-0.01,-1,-1,-0.01,-1,-1,-0.01,-1,-1
99926009,2026-05-18 11:47:52+05:30,53100.4,0,0.0,0,0.0,0.0,53282.15,53308.4,52783.45,53710.35,0,0.0,0.0,0.0,0.0,-0.01,-1,-1,-0.01,-1,-1,-0.01,-1,-1,-0.01,-1,-1,-0.01,-1,-1,-0.01,-1,-1,-0.01,-1,-1,-0.01,-1,-1,-0.01,-1,-1,-0.01,-1,-1
99926009,2026-05-18 11:47:53+05:30,53101.3,0,0.0,0,0.0,0.0,53282.15,53308.4,52783.45,53710.35,0,0.0,0.0,0.0,0.0,-0.01,-1,-1,-0.01,-1,-1,-0.01,-1,-1,-0.01,-1,-1,-0.01,-1,-1,-0.01,-1,-1,-0.01,-1,-1,-0.01,-1,-1,-0.01,-1,-1,-0.01,-1,-1
99926009,2026-05-18 11:47:53+05:30,53099.25,0,0.0,0,0.0,0.0,53282.15,53308.4,52783.45,53710.35,0,0.0,0.0,0.0,0.0,-0.01,-1,-1,-0.01,-1,-1,-0.01,-1,-1,-0.01,-1,-1,-0.01,-1,-1,-0.01,-1,-1,-0.01,-1,-1,-0.01,-1,-1,-0.01,-1,-1,-0.01,-1,-1
99926009,2026-05-18 11:47:54+05:30,53100.3,0,0.0,0,0.0,0.0,53282.15,53308.4,52783.45,53710.35,0,0.0,0.0,0.0,0.0,-0.01,-1,-1,-0.01,-1,-1,-0.01,-1,-1,-0.01,-1,-1,-0.01,-1,-1,-0.01,-1,-1,-0.01,-1,-1,-0.01,-1,-1,-0.01,-1,-1,-0.01,-1,-1
99926009,2026-05-18 11:47:54+05:30,53096.05,0,0.0,0,0.0,0.0,53282.15,53308.4,52783.45,53710.35,0,0.0,0.0,0.0,0.0,-0.01,-1,-1,-0.01,-1,-1,-0.01,-1,-1,-0.01,-1,-1,-0.01,-1,-1,-0.01,-1,-1,-0.01,-1,-1,-0.01,-1,-1,-0.01,-1,-1,-0.01,-1,-1
99926009,2026-05-18 11:47:55+05:30,53099.25,0,0.0,0,0.0,0.0,53282.15,53308.4,52783.45,53710.35,0,0.0,0.0,0.0,0.0,-0.01,-1,-1,-0.01,-1,-1,-0.01,-1,-1,-0.01,-1,-1,-0.01,-1,-1,-0.01,-1,-1,-0.01,-1,-1,-0.01,-1,-1,-0.01,-1,-1,-0.01,-1,-1
99926009,2026-05-18 11:47:55+05:30,53101.35,0,0.0,0,0.0,0.0,53282.15,53308.4,52783.45,53710.35,0,0.0,0.0,0.0,0.0,-0.01,-1,-1,-0.01,-1,-1,-0.01,-1,-1,-0.01,-1,-1,-0.01,-1,-1,-0.01,-1,-1,-0.01,-1,-1,-0.01,-1,-1,-0.01,-1,-1,-0.01,-1,-1
99926009,2026-05-18 11:47:56+05:30,53097.1,0,0.0,0,0.0,0.0,53282.15,53308.4,52783.45,53710.35,0,0.0,0.0,0.0,0.0,-0.01,-1,-1,-0.01,-1,-1,-0.01,-1,-1,-0.01,-1,-1,-0.01,-1,-1,-0.01,-1,-1,-0.01,-1,-1,-0.01,-1,-1,-0.01,-1,-1,-0.01,-1,-1
99926009,2026-05-18 11:47:56+05:30,53100.8,0,0.0,0,0.0,0.0,53282.15,53308.4,52783.45,53710.35,0,0.0,0.0,0.0,0.0,-0.01,-1,-1,-0.01,-1,-1,-0.01,-1,-1,-0.01,-1,-1,-0.01,-1,-1,-0.01,-1,-1,-0.01,-1,-1,-0.01,-1,-1,-0.01,-1,-1,-0.01,-1,-1
99926009,2026-05-18 11:47:57+05:30,53097.8,0,0.0,0,0.0,0.0,53282.15,53308.4,52783.45,53710.35,0,0.0,0.0,0.0,0.0,-0.01,-1,-1,-0.01,-1,-1,-0.01,-1,-1,-0.01,-1,-1,-0.01,-1,-1,-0.01,-1,-1,-0.01,-1,-1,-0.01,-1,-1,-0.01,-1,-1,-0.01,-1,-1
99926009,2026-05-18 11:47:57+05:30,53098.9,0,0.0,0,0.0,0.0,53282.15,53308.4,52783.45,53710.35,0,0.0,0.0,0.0,0.0,-0.01,-1,-1,-0.01,-1,-1,-0.01,-1,-1,-0.01,-1,-1,-0.01,-1,-1,-0.01,-1,-1,-0.01,-1,-1,-0.01,-1,-1,-0.01,-1,-1,-0.01,-1,-1
99926009,2026-05-18 11:47:58+05:30,53099.4,0,0.0,0,0.0,0.0,53282.15,53308.4,52783.45,53710.35,0,0.0,0.0,0.0,0.0,-0.01,-1,-1,-0.01,-1,-1,-0.01,-1,-1,-0.01,-1,-1,-0.01,-1,-1,-0.01,-1,-1,-0.01,-1,-1,-0.01,-1,-1,-0.01,-1,-1,-0.01,-1,-1
99926009,2026-05-18 11:47:58+05:30,53097.4,0,0.0,0,0.0,0.0,53282.15,53308.4,52783.45,53710.35,0,0.0,0.0,0.0,0.0,-0.01,-1,-1,-0.01,-1,-1,-0.01,-1,-1,-0.01,-1,-1,-0.01,-1,-1,-0.01,-1,-1,-0.01,-1,-1,-0.01,-1,-1,-0.01,-1,-1,-0.01,-1,-1
99926009,2026-05-18 11:47:59+05:30,53098.45,0,0.0,0,0.0,0.0,53282.15,53308.4,52783.45,53710.35,0,0.0,0.0,0.0,0.0,-0.01,-1,-1,-0.01,-1,-1,-0.01,-1,-1,-0.01,-1,-1,-0.01,-1,-1,-0.01,-1,-1,-0.01,-1,-1,-0.01,-1,-1,-0.01,-1,-1,-0.01,-1,-1
99926009,2026-05-18 11:47:59+05:30,53098.4,0,0.0,0,0.0,0.0,53282.15,53308.4,52783.45,53710.35,0,0.0,0.0,0.0,0.0,-0.01,-1,-1,-0.01,-1,-1,-0.01,-1,-1,-0.01,-1,-1,-0.01,-1,-1,-0.01,-1,-1,-0.01,-1,-1,-0.01,-1,-1,-0.01,-1,-1,-0.01,-1,-1
99926009,2026-05-18 11:48:00+05:30,53099.7,0,0.0,0,0.0,0.0,53282.15,53308.4,52783.45,53710.35,0,0.0,0.0,0.0,0.0,-0.01,-1,-1,-0.01,-1,-1,-0.01,-1,-1,-0.01,-1,-1,-0.01,-1,-1,-0.01,-1,-1,-0.01,-1,-1,-0.01,-1,-1,-0.01,-1,-1,-0.01,-1,-1
99926009,2026-05-18 11:48:00+05:30,53096.75,0,0.0,0,0.0,0.0,53282.15,53308.4,52783.45,53710.35,0,0.0,0.0,0.0,0.0,-0.01,-1,-1,-0.01,-1,-1,-0.01,-1,-1,-0.01,-1,-1,-0.01,-1,-1,-0.01,-1,-1,-0.01,-1,-1,-0.01,-1,-1,-0.01,-1,-1,-0.01,-1,-1
99926009,2026-05-18 11:48:01+05:30,53098.45,0,0.0,0,0.0,0.0,53282.15,53308.4,52783.45,53710.35,0,0.0,0.0,0.0,0.0,-0.01,-1,-1,-0.01,-1,-1,-0.01,-1,-1,-0.01,-1,-1,-0.01,-1,-1,-0.01,-1,-1,-0.01,-1,-1,-0.01,-1,-1,-0.01,-1,-1,-0.01,-1,-1
99926009,2026-05-18 11:48:01+05:30,53098.85,0,0.0,0,0.0,0.0,53282.15,53308.4,52783.45,53710.35,0,0.0,0.0,0.0,0.0,-0.01,-1,-1,-0.01,-1,-1,-0.01,-1,-1,-0.01,-1,-1,-0.01,-1,-1,-0.01,-1,-1,-0.01,-1,-1,-0.01,-1,-1,-0.01,-1,-1,-0.01,-1,-1
99926009,2026-05-18 11:48:02+05:30,53102.7,0,0.0,0,0.0,0.0,53282.15,53308.4,52783.45,53710.35,0,0.0,0.0,0.0,0.0,-0.01,-1,-1,-0.01,-1,-1,-0.01,-1,-1,-0.01,-1,-1,-0.01,-1,-1,-0.01,-1,-1,-0.01,-1,-1,-0.01,-1,-1,-0.01,-1,-1,-0.01,-1,-1
99926009,2026-05-18 11:48:02+05:30,53100.85,0,0.0,0,0.0,0.0,53282.15,53308.4,52783.45,53710.35,0,0.0,0.0,0.0,0.0,-0.01,-1,-1,-0.01,-1,-1,-0.01,-1,-1,-0.01,-1,-1,-0.01,-1,-1,-0.01,-1,-1,-0.01,-1,-1,-0.01,-1,-1,-0.01,-1,-1,-0.01,-1,-1
99926009,2026-05-18 11:48:03+05:30,53096.9,0,0.0,0,0.0,0.0,53282.15,53308.4,52783.45,53710.35,0,0.0,0.0,0.0,0.0,-0.01,-1,-1,-0.01,-1,-1,-0.01,-1,-1,-0.01,-1,-1,-0.01,-1,-1,-0.01,-1,-1,-0.01,-1,-1,-0.01,-1,-1,-0.01,-1,-1,-0.01,-1,-1
99926009,2026-05-18 11:48:03+05:30,53096.9,0,0.0,0,0.0,0.0,53282.15,53308.4,52783.45,53710.35,0,0.0,0.0,0.0,0.0,-0.01,-1,-1,-0.01,-1,-1,-0.01,-1,-1,-0.01,-1,-1,-0.01,-1,-1,-0.01,-1,-1,-0.01,-1,-1,-0.01,-1,-1,-0.01,-1,-1,-0.01,-1,-1
99926009,2026-05-18 11:48:04+05:30,53098.35,0,0.0,0,0.0,0.0,53282.15,53308.4,52783.45,53710.35,0,0.0,0.0,0.0,0.0,-0.01,-1,-1,-0.01,-1,-1,-0.01,-1,-1,-0.01,-1,-1,-0.01,-1,-1,-0.01,-1,-1,-0.01,-1,-1,-0.01,-1,-1,-0.01,-1,-1,-0.01,-1,-1
99926009,2026-05-18 11:48:04+05:30,53100.1,0,0.0,0,0.0,0.0,53282.15,53308.4,52783.45,53710.35,0,0.0,0.0,0.0,0.0,-0.01,-1,-1,-0.01,-1,-1,-0.01,-1,-1,-0.01,-1,-1,-0.01,-1,-1,-0.01,-1,-1,-0.01,-1,-1,-0.01,-1,-1,-0.01,-1,-1,-0.01,-1,-1
99926009,2026-05-18 11:48:05+05:30,53102.55,0,0.0,0,0.0,0.0,53282.15,53308.4,52783.45,53710.35,0,0.0,0.0,0.0,0.0,-0.01,-1,-1,-0.01,-1,-1,-0.01,-1,-1,-0.01,-1,-1,-0.01,-1,-1,-0.01,-1,-1,-0.01,-1,-1,-0.01,-1,-1,-0.01,-1,-1,-0.01,-1,-1
99926009,2026-05-18 11:48:05+05:30,53100.1,0,0.0,0,0.0,0.0,53282.15,53308.4,52783.45,53710.35,0,0.0,0.0,0.0,0.0,-0.01,-1,-1,-0.01,-1,-1,-0.01,-1,-1,-0.01,-1,-1,-0.01,-1,-1,-0.01,-1,-1,-0.01,-1,-1,-0.01,-1,-1,-0.01,-1,-1,-0.01,-1,-1
99926009,2026-05-18 11:48:06+05:30,53099.35,0,0.0,0,0.0,0.0,53282.15,53308.4,52783.45,53710.35,0,0.0,0.0,0.0,0.0,-0.01,-1,-1,-0.01,-1,-1,-0.01,-1,-1,-0.01,-1,-1,-0.01,-1,-1,-0.01,-1,-1,-0.01,-1,-1,-0.01,-1,-1,-0.01,-1,-1,-0.01,-1,-1
99926009,2026-05-18 11:48:06+05:30,53099.3,0,0.0,0,0.0,0.0,53282.15,53308.4,52783.45,53710.35,0,0.0,0.0,0.0,0.0,-0.01,-1,-1,-0.01,-1,-1,-0.01,-1,-1,-0.01,-1,-1,-0.01,-1,-1,-0.01,-1,-1,-0.01,-1,-1,-0.01,-1,-1,-0.01,-1,-1,-0.01,-1,-1
99926009,2026-05-18 11:48:07+05:30,53099.2,0,0.0,0,0.0,0.0,53282.15,53308.4,52783.45,53710.35,0,0.0,0.0,0.0,0.0,-0.01,-1,-1,-0.01,-1,-1,-0.01,-1,-1,-0.01,-1,-1,-0.01,-1,-1,-0.01,-1,-1,-0.01,-1,-1,-0.01,-1,-1,-0.01,-1,-1,-0.01,-1,-1
99926009,2026-05-18 11:48:07+05:30,53099.55,0,0.0,0,0.0,0.0,53282.15,53308.4,52783.45,53710.35,0,0.0,0.0,0.0,0.0,-0.01,-1,-1,-0.01,-1,-1,-0.01,-1,-1,-0.01,-1,-1,-0.01,-1,-1,-0.01,-1,-1,-0.01,-1,-1,-0.01,-1,-1,-0.01,-1,-1,-0.01,-1,-1
99926009,2026-05-18 11:48:08+05:30,53102.65,0,0.0,0,0.0,0.0,53282.15,53308.4,52783.45,53710.35,0,0.0,0.0,0.0,0.0,-0.01,-1,-1,-0.01,-1,-1,-0.01,-1,-1,-0.01,-1,-1,-0.01,-1,-1,-0.01,-1,-1,-0.01,-1,-1,-0.01,-1,-1,-0.01,-1,-1,-0.01,-1,-1
99926009,2026-05-18 11:48:08+05:30,53102.85,0,0.0,0,0.0,0.0,53282.15,53308.4,52783.45,53710.35,0,0.0,0.0,0.0,0.0,-0.01,-1,-1,-0.01,-1,-1,-0.01,-1,-1,-0.01,-1,-1,-0.01,-1,-1,-0.01,-1,-1,-0.01,-1,-1,-0.01,-1,-1,-0.01,-1,-1,-0.01,-1,-1
99926009,2026-05-18 11:48:09+05:30,53102.85,0,0.0,0,0.0,0.0,53282.15,53308.4,52783.45,53710.35,0,0.0,0.0,0.0,0.0,-0.01,-1,-1,-0.01,-1,-1,-0.01,-1,-1,-0.01,-1,-1,-0.01,-1,-1,-0.01,-1,-1,-0.01,-1,-1,-0.01,-1,-1,-0.01,-1,-1,-0.01,-1,-1
99926009,2026-05-18 11:48:09+05:30,53101.05,0,0.0,0,0.0,0.0,53282.15,53308.4,52783.45,53710.35,0,0.0,0.0,0.0,0.0,-0.01,-1,-1,-0.01,-1,-1,-0.01,-1,-1,-0.01,-1,-1,-0.01,-1,-1,-0.01,-1,-1,-0.01,-1,-1,-0.01,-1,-1,-0.01,-1,-1,-0.01,-1,-1
99926009,2026-05-18 11:48:10+05:30,53101.95,0,0.0,0,0.0,0.0,53282.15,53308.4,52783.45,53710.35,0,0.0,0.0,0.0,0.0,-0.01,-1,-1,-0.01,-1,-1,-0.01,-1,-1,-0.01,-1,-1,-0.01,-1,-1,-0.01,-1,-1,-0.01,-1,-1,-0.01,-1,-1,-0.01,-1,-1,-0.01,-1,-1
99926009,2026-05-18 11:48:10+05:30,53101.15,0,0.0,0,0.0,0.0,53282.15,53308.4,52783.45,53710.35,0,0.0,0.0,0.0,0.0,-0.01,-1,-1,-0.01,-1,-1,-0.01,-1,-1,-0.01,-1,-1,-0.01,-1,-1,-0.01,-1,-1,-0.01,-1,-1,-0.01,-1,-1,-0.01,-1,-1,-0.01,-1,-1
99926009,2026-05-18 11:48:11+05:30,53100.8,0,0.0,0,0.0,0.0,53282.15,53308.4,52783.45,53710.35,0,0.0,0.0,0.0,0.0,-0.01,-1,-1,-0.01,-1,-1,-0.01,-1,-1,-0.01,-1,-1,-0.01,-1,-1,-0.01,-1,-1,-0.01,-1,-1,-0.01,-1,-1,-0.01,-1,-1,-0.01,-1,-1
99926009,2026-05-18 11:48:11+05:30,53100.35,0,0.0,0,0.0,0.0,53282.15,53308.4,52783.45,53710.35,0,0.0,0.0,0.0,0.0,-0.01,-1,-1,-0.01,-1,-1,-0.01,-1,-1,-0.01,-1,-1,-0.01,-1,-1,-0.01,-1,-1,-0.01,-1,-1,-0.01,-1,-1,-0.01,-1,-1,-0.01,-1,-1
99926009,2026-05-18 11:48:12+05:30,53101.8,0,0.0,0,0.0,0.0,53282.15,53308.4,52783.45,53710.35,0,0.0,0.0,0.0,0.0,-0.01,-1,-1,-0.01,-1,-1,-0.01,-1,-1,-0.01,-1,-1,-0.01,-1,-1,-0.01,-1,-1,-0.01,-1,-1,-0.01,-1,-1,-0.01,-1,-1,-0.01,-1,-1
99926009,2026-05-18 11:48:12+05:30,53099.95,0,0.0,0,0.0,0.0,53282.15,53308.4,52783.45,53710.35,0,0.0,0.0,0.0,0.0,-0.01,-1,-1,-0.01,-1,-1,-0.01,-1,-1,-0.01,-1,-1,-0.01,-1,-1,-0.01,-1,-1,-0.01,-1,-1,-0.01,-1,-1,-0.01,-1,-1,-0.01,-1,-1
99926009,2026-05-18 11:48:13+05:30,53099.85,0,0.0,0,0.0,0.0,53282.15,53308.4,52783.45,53710.35,0,0.0,0.0,0.0,0.0,-0.01,-1,-1,-0.01,-1,-1,-0.01,-1,-1,-0.01,-1,-1,-0.01,-1,-1,-0.01,-1,-1,-0.01,-1,-1,-0.01,-1,-1,-0.01,-1,-1,-0.01,-1,-1
99926009,2026-05-18 11:48:13+05:30,53098.6,0,0.0,0,0.0,0.0,53282.15,53308.4,52783.45,53710.35,0,0.0,0.0,0.0,0.0,-0.01,-1,-1,-0.01,-1,-1,-0.01,-1,-1,-0.01,-1,-1,-0.01,-1,-1,-0.01,-1,-1,-0.01,-1,-1,-0.01,-1,-1,-0.01,-1,-1,-0.01,-1,-1
99926009,2026-05-18 11:48:14+05:30,53099.55,0,0.0,0,0.0,0.0,53282.15,53308.4,52783.45,53710.35,0,0.0,0.0,0.0,0.0,-0.01,-1,-1,-0.01,-1,-1,-0.01,-1,-1,-0.01,-1,-1,-0.01,-1,-1,-0.01,-1,-1,-0.01,-1,-1,-0.01,-1,-1,-0.01,-1,-1,-0.01,-1,-1
99926009,2026-05-18 11:48:14+05:30,53095.8,0,0.0,0,0.0,0.0,53282.15,53308.4,52783.45,53710.35,0,0.0,0.0,0.0,0.0,-0.01,-1,-1,-0.01,-1,-1,-0.01,-1,-1,-0.01,-1,-1,-0.01,-1,-1,-0.01,-1,-1,-0.01,-1,-1,-0.01,-1,-1,-0.01,-1,-1,-0.01,-1,-1
99926009,2026-05-18 11:48:15+05:30,53100.2,0,0.0,0,0.0,0.0,53282.15,53308.4,52783.45,53710.35,0,0.0,0.0,0.0,0.0,-0.01,-1,-1,-0.01,-1,-1,-0.01,-1,-1,-0.01,-1,-1,-0.01,-1,-1,-0.01,-1,-1,-0.01,-1,-1,-0.01,-1,-1,-0.01,-1,-1,-0.01,-1,-1
99926009,2026-05-18 11:48:15+05:30,53101.3,0,0.0,0,0.0,0.0,53282.15,53308.4,52783.45,53710.35,0,0.0,0.0,0.0,0.0,-0.01,-1,-1,-0.01,-1,-1,-0.01,-1,-1,-0.01,-1,-1,-0.01,-1,-1,-0.01,-1,-1,-0.01,-1,-1,-0.01,-1,-1,-0.01,-1,-1,-0.01,-1,-1
99926009,2026-05-18 11:48:16+05:30,53100.6,0,0.0,0,0.0,0.0,53282.15,53308.4,52783.45,53710.35,0,0.0,0.0,0.0,0.0,-0.01,-1,-1,-0.01,-1,-1,-0.01,-1,-1,-0.01,-1,-1,-0.01,-1,-1,-0.01,-1,-1,-0.01,-1,-1,-0.01,-1,-1,-0.01,-1,-1,-0.01,-1,-1
99926009,2026-05-18 11:48:16+05:30,53097.15,0,0.0,0,0.0,0.0,53282.15,53308.4,52783.45,53710.35,0,0.0,0.0,0.0,0.0,-0.01,-1,-1,-0.01,-1,-1,-0.01,-1,-1,-0.01,-1,-1,-0.01,-1,-1,-0.01,-1,-1,-0.01,-1,-1,-0.01,-1,-1,-0.01,-1,-1,-0.01,-1,-1
99926009,2026-05-18 11:48:17+05:30,53096.65,0,0.0,0,0.0,0.0,53282.15,53308.4,52783.45,53710.35,0,0.0,0.0,0.0,0.0,-0.01,-1,-1,-0.01,-1,-1,-0.01,-1,-1,-0.01,-1,-1,-0.01,-1,-1,-0.01,-1,-1,-0.01,-1,-1,-0.01,-1,-1,-0.01,-1,-1,-0.01,-1,-1
99926009,2026-05-18 11:48:17+05:30,53095.35,0,0.0,0,0.0,0.0,53282.15,53308.4,52783.45,53710.35,0,0.0,0.0,0.0,0.0,-0.01,-1,-1,-0.01,-1,-1,-0.01,-1,-1,-0.01,-1,-1,-0.01,-1,-1,-0.01,-1,-1,-0.01,-1,-1,-0.01,-1,-1,-0.01,-1,-1,-0.01,-1,-1
99926009,2026-05-18 11:48:18+05:30,53097.4,0,0.0,0,0.0,0.0,53282.15,53308.4,52783.45,53710.35,0,0.0,0.0,0.0,0.0,-0.01,-1,-1,-0.01,-1,-1,-0.01,-1,-1,-0.01,-1,-1,-0.01,-1,-1,-0.01,-1,-1,-0.01,-1,-1,-0.01,-1,-1,-0.01,-1,-1,-0.01,-1,-1
99926009,2026-05-18 11:48:18+05:30,53093.5,0,0.0,0,0.0,0.0,53282.15,53308.4,52783.45,53710.35,0,0.0,0.0,0.0,0.0,-0.01,-1,-1,-0.01,-1,-1,-0.01,-1,-1,-0.01,-1,-1,-0.01,-1,-1,-0.01,-1,-1,-0.01,-1,-1,-0.01,-1,-1,-0.01,-1,-1,-0.01,-1,-1
99926009,2026-05-18 11:48:19+05:30,53093.05,0,0.0,0,0.0,0.0,53282.15,53308.4,52783.45,53710.35,0,0.0,0.0,0.0,0.0,-0.01,-1,-1,-0.01,-1,-1,-0.01,-1,-1,-0.01,-1,-1,-0.01,-1,-1,-0.01,-1,-1,-0.01,-1,-1,-0.01,-1,-1,-0.01,-1,-1,-0.01,-1,-1
99926009,2026-05-18 11:48:19+05:30,53093.05,0,0.0,0,0.0,0.0,53282.15,53308.4,52783.45,53710.35,0,0.0,0.0,0.0,0.0,-0.01,-1,-1,-0.01,-1,-1,-0.01,-1,-1,-0.01,-1,-1,-0.01,-1,-1,-0.01,-1,-1,-0.01,-1,-1,-0.01,-1,-1,-0.01,-1,-1,-0.01,-1,-1
99926009,2026-05-18 11:48:20+05:30,53093.7,0,0.0,0,0.0,0.0,53282.15,53308.4,52783.45,53710.35,0,0.0,0.0,0.0,0.0,-0.01,-1,-1,-0.01,-1,-1,-0.01,-1,-1,-0.01,-1,-1,-0.01,-1,-1,-0.01,-1,-1,-0.01,-1,-1,-0.01,-1,-1,-0.01,-1,-1,-0.01,-1,-1
99926009,2026-05-18 11:48:20+05:30,53092.8,0,0.0,0,0.0,0.0,53282.15,53308.4,52783.45,53710.35,0,0.0,0.0,0.0,0.0,-0.01,-1,-1,-0.01,-1,-1,-0.01,-1,-1,-0.01,-1,-1,-0.01,-1,-1,-0.01,-1,-1,-0.01,-1,-1,-0.01,-1,-1,-0.01,-1,-1,-0.01,-1,-1
99926009,2026-05-18 11:48:21+05:30,53089.1,0,0.0,0,0.0,0.0,53282.15,53308.4,52783.45,53710.35,0,0.0,0.0,0.0,0.0,-0.01,-1,-1,-0.01,-1,-1,-0.01,-1,-1,-0.01,-1,-1,-0.01,-1,-1,-0.01,-1,-1,-0.01,-1,-1,-0.01,-1,-1,-0.01,-1,-1,-0.01,-1,-1
99926009,2026-05-18 11:48:21+05:30,53095.0,0,0.0,0,0.0,0.0,53282.15,53308.4,52783.45,53710.35,0,0.0,0.0,0.0,0.0,-0.01,-1,-1,-0.01,-1,-1,-0.01,-1,-1,-0.01,-1,-1,-0.01,-1,-1,-0.01,-1,-1,-0.01,-1,-1,-0.01,-1,-1,-0.01,-1,-1,-0.01,-1,-1
99926009,2026-05-18 11:48:22+05:30,53096.45,0,0.0,0,0.0,0.0,53282.15,53308.4,52783.45,53710.35,0,0.0,0.0,0.0,0.0,-0.01,-1,-1,-0.01,-1,-1,-0.01,-1,-1,-0.01,-1,-1,-0.01,-1,-1,-0.01,-1,-1,-0.01,-1,-1,-0.01,-1,-1,-0.01,-1,-1,-0.01,-1,-1
99926009,2026-05-18 11:48:22+05:30,53096.7,0,0.0,0,0.0,0.0,53282.15,53308.4,52783.45,53710.35,0,0.0,0.0,0.0,0.0,-0.01,-1,-1,-0.01,-1,-1,-0.01,-1,-1,-0.01,-1,-1,-0.01,-1,-1,-0.01,-1,-1,-0.01,-1,-1,-0.01,-1,-1,-0.01,-1,-1,-0.01,-1,-1
99926009,2026-05-18 11:48:23+05:30,53096.5,0,0.0,0,0.0,0.0,53282.15,53308.4,52783.45,53710.35,0,0.0,0.0,0.0,0.0,-0.01,-1,-1,-0.01,-1,-1,-0.01,-1,-1,-0.01,-1,-1,-0.01,-1,-1,-0.01,-1,-1,-0.01,-1,-1,-0.01,-1,-1,-0.01,-1,-1,-0.01,-1,-1
99926009,2026-05-18 11:48:23+05:30,53093.3,0,0.0,0,0.0,0.0,53282.15,53308.4,52783.45,53710.35,0,0.0,0.0,0.0,0.0,-0.01,-1,-1,-0.01,-1,-1,-0.01,-1,-1,-0.01,-1,-1,-0.01,-1,-1,-0.01,-1,-1,-0.01,-1,-1,-0.01,-1,-1,-0.01,-1,-1,-0.01,-1,-1
99926009,2026-05-18 11:48:24+05:30,53093.25,0,0.0,0,0.0,0.0,53282.15,53308.4,52783.45,53710.35,0,0.0,0.0,0.0,0.0,-0.01,-1,-1,-0.01,-1,-1,-0.01,-1,-1,-0.01,-1,-1,-0.01,-1,-1,-0.01,-1,-1,-0.01,-1,-1,-0.01,-1,-1,-0.01,-1,-1,-0.01,-1,-1
99926009,2026-05-18 11:48:24+05:30,53094.55,0,0.0,0,0.0,0.0,53282.15,53308.4,52783.45,53710.35,0,0.0,0.0,0.0,0.0,-0.01,-1,-1,-0.01,-1,-1,-0.01,-1,-1,-0.01,-1,-1,-0.01,-1,-1,-0.01,-1,-1,-0.01,-1,-1,-0.01,-1,-1,-0.01,-1,-1,-0.01,-1,-1
99926009,2026-05-18 11:48:25+05:30,53094.25,0,0.0,0,0.0,0.0,53282.15,53308.4,52783.45,53710.35,0,0.0,0.0,0.0,0.0,-0.01,-1,-1,-0.01,-1,-1,-0.01,-1,-1,-0.01,-1,-1,-0.01,-1,-1,-0.01,-1,-1,-0.01,-1,-1,-0.01,-1,-1,-0.01,-1,-1,-0.01,-1,-1
99926009,2026-05-18 11:48:25+05:30,53091.9,0,0.0,0,0.0,0.0,53282.15,53308.4,52783.45,53710.35,0,0.0,0.0,0.0,0.0,-0.01,-1,-1,-0.01,-1,-1,-0.01,-1,-1,-0.01,-1,-1,-0.01,-1,-1,-0.01,-1,-1,-0.01,-1,-1,-0.01,-1,-1,-0.01,-1,-1,-0.01,-1,-1
99926009,2026-05-18 11:48:26+05:30,53089.85,0,0.0,0,0.0,0.0,53282.15,53308.4,52783.45,53710.35,0,0.0,0.0,0.0,0.0,-0.01,-1,-1,-0.01,-1,-1,-0.01,-1,-1,-0.01,-1,-1,-0.01,-1,-1,-0.01,-1,-1,-0.01,-1,-1,-0.01,-1,-1,-0.01,-1,-1,-0.01,-1,-1
99926009,2026-05-18 11:48:26+05:30,53089.35,0,0.0,0,0.0,0.0,53282.15,53308.4,52783.45,53710.35,0,0.0,0.0,0.0,0.0,-0.01,-1,-1,-0.01,-1,-1,-0.01,-1,-1,-0.01,-1,-1,-0.01,-1,-1,-0.01,-1,-1,-0.01,-1,-1,-0.01,-1,-1,-0.01,-1,-1,-0.01,-1,-1
99926009,2026-05-18 11:48:27+05:30,53090.5,0,0.0,0,0.0,0.0,53282.15,53308.4,52783.45,53710.35,0,0.0,0.0,0.0,0.0,-0.01,-1,-1,-0.01,-1,-1,-0.01,-1,-1,-0.01,-1,-1,-0.01,-1,-1,-0.01,-1,-1,-0.01,-1,-1,-0.01,-1,-1,-0.01,-1,-1,-0.01,-1,-1
99926009,2026-05-18 11:48:27+05:30,53089.35,0,0.0,0,0.0,0.0,53282.15,53308.4,52783.45,53710.35,0,0.0,0.0,0.0,0.0,-0.01,-1,-1,-0.01,-1,-1,-0.01,-1,-1,-0.01,-1,-1,-0.01,-1,-1,-0.01,-1,-1,-0.01,-1,-1,-0.01,-1,-1,-0.01,-1,-1,-0.01,-1,-1
99926009,2026-05-18 11:48:28+05:30,53089.1,0,0.0,0,0.0,0.0,53282.15,53308.4,52783.45,53710.35,0,0.0,0.0,0.0,0.0,-0.01,-1,-1,-0.01,-1,-1,-0.01,-1,-1,-0.01,-1,-1,-0.01,-1,-1,-0.01,-1,-1,-0.01,-1,-1,-0.01,-1,-1,-0.01,-1,-1,-0.01,-1,-1
99926009,2026-05-18 11:48:28+05:30,53087.2,0,0.0,0,0.0,0.0,53282.15,53308.4,52783.45,53710.35,0,0.0,0.0,0.0,0.0,-0.01,-1,-1,-0.01,-1,-1,-0.01,-1,-1,-0.01,-1,-1,-0.01,-1,-1,-0.01,-1,-1,-0.01,-1,-1,-0.01,-1,-1,-0.01,-1,-1,-0.01,-1,-1
99926009,2026-05-18 11:48:29+05:30,53088.95,0,0.0,0,0.0,0.0,53282.15,53308.4,52783.45,53710.35,0,0.0,0.0,0.0,0.0,-0.01,-1,-1,-0.01,-1,-1,-0.01,-1,-1,-0.01,-1,-1,-0.01,-1,-1,-0.01,-1,-1,-0.01,-1,-1,-0.01,-1,-1,-0.01,-1,-1,-0.01,-1,-1
99926009,2026-05-18 11:48:29+05:30,53088.15,0,0.0,0,0.0,0.0,53282.15,53308.4,52783.45,53710.35,0,0.0,0.0,0.0,0.0,-0.01,-1,-1,-0.01,-1,-1,-0.01,-1,-1,-0.01,-1,-1,-0.01,-1,-1,-0.01,-1,-1,-0.01,-1,-1,-0.01,-1,-1,-0.01,-1,-1,-0.01,-1,-1
99926009,2026-05-18 11:48:30+05:30,53088.75,0,0.0,0,0.0,0.0,53282.15,53308.4,52783.45,53710.35,0,0.0,0.0,0.0,0.0,-0.01,-1,-1,-0.01,-1,-1,-0.01,-1,-1,-0.01,-1,-1,-0.01,-1,-1,-0.01,-1,-1,-0.01,-1,-1,-0.01,-1,-1,-0.01,-1,-1,-0.01,-1,-1
99926009,2026-05-18 11:48:30+05:30,53086.7,0,0.0,0,0.0,0.0,53282.15,53308.4,52783.45,53710.35,0,0.0,0.0,0.0,0.0,-0.01,-1,-1,-0.01,-1,-1,-0.01,-1,-1,-0.01,-1,-1,-0.01,-1,-1,-0.01,-1,-1,-0.01,-1,-1,-0.01,-1,-1,-0.01,-1,-1,-0.01,-1,-1
99926009,2026-05-18 11:48:31+05:30,53086.5,0,0.0,0,0.0,0.0,53282.15,53308.4,52783.45,53710.35,0,0.0,0.0,0.0,0.0,-0.01,-1,-1,-0.01,-1,-1,-0.01,-1,-1,-0.01,-1,-1,-0.01,-1,-1,-0.01,-1,-1,-0.01,-1,-1,-0.01,-1,-1,-0.01,-1,-1,-0.01,-1,-1
99926009,2026-05-18 11:48:31+05:30,53086.0,0,0.0,0,0.0,0.0,53282.15,53308.4,52783.45,53710.35,0,0.0,0.0,0.0,0.0,-0.01,-1,-1,-0.01,-1,-1,-0.01,-1,-1,-0.01,-1,-1,-0.01,-1,-1,-0.01,-1,-1,-0.01,-1,-1,-0.01,-1,-1,-0.01,-1,-1,-0.01,-1,-1
99926009,2026-05-18 11:48:32+05:30,53083.05,0,0.0,0,0.0,0.0,53282.15,53308.4,52783.45,53710.35,0,0.0,0.0,0.0,0.0,-0.01,-1,-1,-0.01,-1,-1,-0.01,-1,-1,-0.01,-1,-1,-0.01,-1,-1,-0.01,-1,-1,-0.01,-1,-1,-0.01,-1,-1,-0.01,-1,-1,-0.01,-1,-1
99926009,2026-05-18 11:48:32+05:30,53085.65,0,0.0,0,0.0,0.0,53282.15,53308.4,52783.45,53710.35,0,0.0,0.0,0.0,0.0,-0.01,-1,-1,-0.01,-1,-1,-0.01,-1,-1,-0.01,-1,-1,-0.01,-1,-1,-0.01,-1,-1,-0.01,-1,-1,-0.01,-1,-1,-0.01,-1,-1,-0.01,-1,-1
99926009,2026-05-18 11:48:33+05:30,53084.3,0,0.0,0,0.0,0.0,53282.15,53308.4,52783.45,53710.35,0,0.0,0.0,0.0,0.0,-0.01,-1,-1,-0.01,-1,-1,-0.01,-1,-1,-0.01,-1,-1,-0.01,-1,-1,-0.01,-1,-1,-0.01,-1,-1,-0.01,-1,-1,-0.01,-1,-1,-0.01,-1,-1
99926009,2026-05-18 11:48:33+05:30,53085.0,0,0.0,0,0.0,0.0,53282.15,53308.4,52783.45,53710.35,0,0.0,0.0,0.0,0.0,-0.01,-1,-1,-0.01,-1,-1,-0.01,-1,-1,-0.01,-1,-1,-0.01,-1,-1,-0.01,-1,-1,-0.01,-1,-1,-0.01,-1,-1,-0.01,-1,-1,-0.01,-1,-1
99926009,2026-05-18 11:48:34+05:30,53085.35,0,0.0,0,0.0,0.0,53282.15,53308.4,52783.45,53710.35,0,0.0,0.0,0.0,0.0,-0.01,-1,-1,-0.01,-1,-1,-0.01,-1,-1,-0.01,-1,-1,-0.01,-1,-1,-0.01,-1,-1,-0.01,-1,-1,-0.01,-1,-1,-0.01,-1,-1,-0.01,-1,-1
99926009,2026-05-18 11:48:34+05:30,53085.4,0,0.0,0,0.0,0.0,53282.15,53308.4,52783.45,53710.35,0,0.0,0.0,0.0,0.0,-0.01,-1,-1,-0.01,-1,-1,-0.01,-1,-1,-0.01,-1,-1,-0.01,-1,-1,-0.01,-1,-1,-0.01,-1,-1,-0.01,-1,-1,-0.01,-1,-1,-0.01,-1,-1
99926009,2026-05-18 11:48:35+05:30,53083.65,0,0.0,0,0.0,0.0,53282.15,53308.4,52783.45,53710.35,0,0.0,0.0,0.0,0.0,-0.01,-1,-1,-0.01,-1,-1,-0.01,-1,-1,-0.01,-1,-1,-0.01,-1,-1,-0.01,-1,-1,-0.01,-1,-1,-0.01,-1,-1,-0.01,-1,-1,-0.01,-1,-1
99926009,2026-05-18 11:48:35+05:30,53085.1,0,0.0,0,0.0,0.0,53282.15,53308.4,52783.45,53710.35,0,0.0,0.0,0.0,0.0,-0.01,-1,-1,-0.01,-1,-1,-0.01,-1,-1,-0.01,-1,-1,-0.01,-1,-1,-0.01,-1,-1,-0.01,-1,-1,-0.01,-1,-1,-0.01,-1,-1,-0.01,-1,-1
99926009,2026-05-18 11:48:36+05:30,53086.1,0,0.0,0,0.0,0.0,53282.15,53308.4,52783.45,53710.35,0,0.0,0.0,0.0,0.0,-0.01,-1,-1,-0.01,-1,-1,-0.01,-1,-1,-0.01,-1,-1,-0.01,-1,-1,-0.01,-1,-1,-0.01,-1,-1,-0.01,-1,-1,-0.01,-1,-1,-0.01,-1,-1
99926009,2026-05-18 11:48:36+05:30,53081.85,0,0.0,0,0.0,0.0,53282.15,53308.4,52783.45,53710.35,0,0.0,0.0,0.0,0.0,-0.01,-1,-1,-0.01,-1,-1,-0.01,-1,-1,-0.01,-1,-1,-0.01,-1,-1,-0.01,-1,-1,-0.01,-1,-1,-0.01,-1,-1,-0.01,-1,-1,-0.01,-1,-1
99926009,2026-05-18 11:48:37+05:30,53083.5,0,0.0,0,0.0,0.0,53282.15,53308.4,52783.45,53710.35,0,0.0,0.0,0.0,0.0,-0.01,-1,-1,-0.01,-1,-1,-0.01,-1,-1,-0.01,-1,-1,-0.01,-1,-1,-0.01,-1,-1,-0.01,-1,-1,-0.01,-1,-1,-0.01,-1,-1,-0.01,-1,-1
99926009,2026-05-18 11:48:37+05:30,53083.5,0,0.0,0,0.0,0.0,53282.15,53308.4,52783.45,53710.35,0,0.0,0.0,0.0,0.0,-0.01,-1,-1,-0.01,-1,-1,-0.01,-1,-1,-0.01,-1,-1,-0.01,-1,-1,-0.01,-1,-1,-0.01,-1,-1,-0.01,-1,-1,-0.01,-1,-1,-0.01,-1,-1
99926009,2026-05-18 11:48:38+05:30,53081.05,0,0.0,0,0.0,0.0,53282.15,53308.4,52783.45,53710.35,0,0.0,0.0,0.0,0.0,-0.01,-1,-1,-0.01,-1,-1,-0.01,-1,-1,-0.01,-1,-1,-0.01,-1,-1,-0.01,-1,-1,-0.01,-1,-1,-0.01,-1,-1,-0.01,-1,-1,-0.01,-1,-1
99926009,2026-05-18 11:48:38+05:30,53081.3,0,0.0,0,0.0,0.0,53282.15,53308.4,52783.45,53710.35,0,0.0,0.0,0.0,0.0,-0.01,-1,-1,-0.01,-1,-1,-0.01,-1,-1,-0.01,-1,-1,-0.01,-1,-1,-0.01,-1,-1,-0.01,-1,-1,-0.01,-1,-1,-0.01,-1,-1,-0.01,-1,-1
99926009,2026-05-18 11:48:39+05:30,53083.3,0,0.0,0,0.0,0.0,53282.15,53308.4,52783.45,53710.35,0,0.0,0.0,0.0,0.0,-0.01,-1,-1,-0.01,-1,-1,-0.01,-1,-1,-0.01,-1,-1,-0.01,-1,-1,-0.01,-1,-1,-0.01,-1,-1,-0.01,-1,-1,-0.01,-1,-1,-0.01,-1,-1
99926009,2026-05-18 11:48:39+05:30,53080.6,0,0.0,0,0.0,0.0,53282.15,53308.4,52783.45,53710.35,0,0.0,0.0,0.0,0.0,-0.01,-1,-1,-0.01,-1,-1,-0.01,-1,-1,-0.01,-1,-1,-0.01,-1,-1,-0.01,-1,-1,-0.01,-1,-1,-0.01,-1,-1,-0.01,-1,-1,-0.01,-1,-1
99926009,2026-05-18 11:48:40+05:30,53082.6,0,0.0,0,0.0,0.0,53282.15,53308.4,52783.45,53710.35,0,0.0,0.0,0.0,0.0,-0.01,-1,-1,-0.01,-1,-1,-0.01,-1,-1,-0.01,-1,-1,-0.01,-1,-1,-0.01,-1,-1,-0.01,-1,-1,-0.01,-1,-1,-0.01,-1,-1,-0.01,-1,-1
99926009,2026-05-18 11:48:40+05:30,53079.7,0,0.0,0,0.0,0.0,53282.15,53308.4,52783.45,53710.35,0,0.0,0.0,0.0,0.0,-0.01,-1,-1,-0.01,-1,-1,-0.01,-1,-1,-0.01,-1,-1,-0.01,-1,-1,-0.01,-1,-1,-0.01,-1,-1,-0.01,-1,-1,-0.01,-1,-1,-0.01,-1,-1
99926009,2026-05-18 11:48:41+05:30,53077.05,0,0.0,0,0.0,0.0,53282.15,53308.4,52783.45,53710.35,0,0.0,0.0,0.0,0.0,-0.01,-1,-1,-0.01,-1,-1,-0.01,-1,-1,-0.01,-1,-1,-0.01,-1,-1,-0.01,-1,-1,-0.01,-1,-1,-0.01,-1,-1,-0.01,-1,-1,-0.01,-1,-1
99926009,2026-05-18 11:48:41+05:30,53077.0,0,0.0,0,0.0,0.0,53282.15,53308.4,52783.45,53710.35,0,0.0,0.0,0.0,0.0,-0.01,-1,-1,-0.01,-1,-1,-0.01,-1,-1,-0.01,-1,-1,-0.01,-1,-1,-0.01,-1,-1,-0.01,-1,-1,-0.01,-1,-1,-0.01,-1,-1,-0.01,-1,-1
99926009,2026-05-18 11:48:42+05:30,53074.85,0,0.0,0,0.0,0.0,53282.15,53308.4,52783.45,53710.35,0,0.0,0.0,0.0,0.0,-0.01,-1,-1,-0.01,-1,-1,-0.01,-1,-1,-0.01,-1,-1,-0.01,-1,-1,-0.01,-1,-1,-0.01,-1,-1,-0.01,-1,-1,-0.01,-1,-1,-0.01,-1,-1
99926009,2026-05-18 11:48:42+05:30,53076.15,0,0.0,0,0.0,0.0,53282.15,53308.4,52783.45,53710.35,0,0.0,0.0,0.0,0.0,-0.01,-1,-1,-0.01,-1,-1,-0.01,-1,-1,-0.01,-1,-1,-0.01,-1,-1,-0.01,-1,-1,-0.01,-1,-1,-0.01,-1,-1,-0.01,-1,-1,-0.01,-1,-1
99926009,2026-05-18 11:48:43+05:30,53076.5,0,0.0,0,0.0,0.0,53282.15,53308.4,52783.45,53710.35,0,0.0,0.0,0.0,0.0,-0.01,-1,-1,-0.01,-1,-1,-0.01,-1,-1,-0.01,-1,-1,-0.01,-1,-1,-0.01,-1,-1,-0.01,-1,-1,-0.01,-1,-1,-0.01,-1,-1,-0.01,-1,-1
99926009,2026-05-18 11:48:43+05:30,53073.65,0,0.0,0,0.0,0.0,53282.15,53308.4,52783.45,53710.35,0,0.0,0.0,0.0,0.0,-0.01,-1,-1,-0.01,-1,-1,-0.01,-1,-1,-0.01,-1,-1,-0.01,-1,-1,-0.01,-1,-1,-0.01,-1,-1,-0.01,-1,-1,-0.01,-1,-1,-0.01,-1,-1
99926009,2026-05-18 11:48:44+05:30,53077.65,0,0.0,0,0.0,0.0,53282.15,53308.4,52783.45,53710.35,0,0.0,0.0,0.0,0.0,-0.01,-1,-1,-0.01,-1,-1,-0.01,-1,-1,-0.01,-1,-1,-0.01,-1,-1,-0.01,-1,-1,-0.01,-1,-1,-0.01,-1,-1,-0.01,-1,-1,-0.01,-1,-1
99926009,2026-05-18 11:48:44+05:30,53076.7,0,0.0,0,0.0,0.0,53282.15,53308.4,52783.45,53710.35,0,0.0,0.0,0.0,0.0,-0.01,-1,-1,-0.01,-1,-1,-0.01,-1,-1,-0.01,-1,-1,-0.01,-1,-1,-0.01,-1,-1,-0.01,-1,-1,-0.01,-1,-1,-0.01,-1,-1,-0.01,-1,-1
99926009,2026-05-18 11:48:45+05:30,53078.4,0,0.0,0,0.0,0.0,53282.15,53308.4,52783.45,53710.35,0,0.0,0.0,0.0,0.0,-0.01,-1,-1,-0.01,-1,-1,-0.01,-1,-1,-0.01,-1,-1,-0.01,-1,-1,-0.01,-1,-1,-0.01,-1,-1,-0.01,-1,-1,-0.01,-1,-1,-0.01,-1,-1
99926009,2026-05-18 11:48:45+05:30,53078.15,0,0.0,0,0.0,0.0,53282.15,53308.4,52783.45,53710.35,0,0.0,0.0,0.0,0.0,-0.01,-1,-1,-0.01,-1,-1,-0.01,-1,-1,-0.01,-1,-1,-0.01,-1,-1,-0.01,-1,-1,-0.01,-1,-1,-0.01,-1,-1,-0.01,-1,-1,-0.01,-1,-1
99926009,2026-05-18 11:48:46+05:30,53073.6,0,0.0,0,0.0,0.0,53282.15,53308.4,52783.45,53710.35,0,0.0,0.0,0.0,0.0,-0.01,-1,-1,-0.01,-1,-1,-0.01,-1,-1,-0.01,-1,-1,-0.01,-1,-1,-0.01,-1,-1,-0.01,-1,-1,-0.01,-1,-1,-0.01,-1,-1,-0.01,-1,-1
99926009,2026-05-18 11:48:46+05:30,53075.05,0,0.0,0,0.0,0.0,53282.15,53308.4,52783.45,53710.35,0,0.0,0.0,0.0,0.0,-0.01,-1,-1,-0.01,-1,-1,-0.01,-1,-1,-0.01,-1,-1,-0.01,-1,-1,-0.01,-1,-1,-0.01,-1,-1,-0.01,-1,-1,-0.01,-1,-1,-0.01,-1,-1
99926009,2026-05-18 11:48:47+05:30,53075.5,0,0.0,0,0.0,0.0,53282.15,53308.4,52783.45,53710.35,0,0.0,0.0,0.0,0.0,-0.01,-1,-1,-0.01,-1,-1,-0.01,-1,-1,-0.01,-1,-1,-0.01,-1,-1,-0.01,-1,-1,-0.01,-1,-1,-0.01,-1,-1,-0.01,-1,-1,-0.01,-1,-1
99926009,2026-05-18 11:48:47+05:30,53079.9,0,0.0,0,0.0,0.0,53282.15,53308.4,52783.45,53710.35,0,0.0,0.0,0.0,0.0,-0.01,-1,-1,-0.01,-1,-1,-0.01,-1,-1,-0.01,-1,-1,-0.01,-1,-1,-0.01,-1,-1,-0.01,-1,-1,-0.01,-1,-1,-0.01,-1,-1,-0.01,-1,-1
99926009,2026-05-18 11:48:48+05:30,53074.8,0,0.0,0,0.0,0.0,53282.15,53308.4,52783.45,53710.35,0,0.0,0.0,0.0,0.0,-0.01,-1,-1,-0.01,-1,-1,-0.01,-1,-1,-0.01,-1,-1,-0.01,-1,-1,-0.01,-1,-1,-0.01,-1,-1,-0.01,-1,-1,-0.01,-1,-1,-0.01,-1,-1
99926009,2026-05-18 11:48:48+05:30,53076.15,0,0.0,0,0.0,0.0,53282.15,53308.4,52783.45,53710.35,0,0.0,0.0,0.0,0.0,-0.01,-1,-1,-0.01,-1,-1,-0.01,-1,-1,-0.01,-1,-1,-0.01,-1,-1,-0.01,-1,-1,-0.01,-1,-1,-0.01,-1,-1,-0.01,-1,-1,-0.01,-1,-1
99926009,2026-05-18 11:48:49+05:30,53075.65,0,0.0,0,0.0,0.0,53282.15,53308.4,52783.45,53710.35,0,0.0,0.0,0.0,0.0,-0.01,-1,-1,-0.01,-1,-1,-0.01,-1,-1,-0.01,-1,-1,-0.01,-1,-1,-0.01,-1,-1,-0.01,-1,-1,-0.01,-1,-1,-0.01,-1,-1,-0.01,-1,-1
99926009,2026-05-18 11:48:49+05:30,53074.9,0,0.0,0,0.0,0.0,53282.15,53308.4,52783.45,53710.35,0,0.0,0.0,0.0,0.0,-0.01,-1,-1,-0.01,-1,-1,-0.01,-1,-1,-0.01,-1,-1,-0.01,-1,-1,-0.01,-1,-1,-0.01,-1,-1,-0.01,-1,-1,-0.01,-1,-1,-0.01,-1,-1
99926009,2026-05-18 11:48:50+05:30,53075.2,0,0.0,0,0.0,0.0,53282.15,53308.4,52783.45,53710.35,0,0.0,0.0,0.0,0.0,-0.01,-1,-1,-0.01,-1,-1,-0.01,-1,-1,-0.01,-1,-1,-0.01,-1,-1,-0.01,-1,-1,-0.01,-1,-1,-0.01,-1,-1,-0.01,-1,-1,-0.01,-1,-1
99926009,2026-05-18 11:48:50+05:30,53072.6,0,0.0,0,0.0,0.0,53282.15,53308.4,52783.45,53710.35,0,0.0,0.0,0.0,0.0,-0.01,-1,-1,-0.01,-1,-1,-0.01,-1,-1,-0.01,-1,-1,-0.01,-1,-1,-0.01,-1,-1,-0.01,-1,-1,-0.01,-1,-1,-0.01,-1,-1,-0.01,-1,-1
99926009,2026-05-18 11:48:51+05:30,53072.75,0,0.0,0,0.0,0.0,53282.15,53308.4,52783.45,53710.35,0,0.0,0.0,0.0,0.0,-0.01,-1,-1,-0.01,-1,-1,-0.01,-1,-1,-0.01,-1,-1,-0.01,-1,-1,-0.01,-1,-1,-0.01,-1,-1,-0.01,-1,-1,-0.01,-1,-1,-0.01,-1,-1
99926009,2026-05-18 11:48:51+05:30,53075.05,0,0.0,0,0.0,0.0,53282.15,53308.4,52783.45,53710.35,0,0.0,0.0,0.0,0.0,-0.01,-1,-1,-0.01,-1,-1,-0.01,-1,-1,-0.01,-1,-1,-0.01,-1,-1,-0.01,-1,-1,-0.01,-1,-1,-0.01,-1,-1,-0.01,-1,-1,-0.01,-1,-1
99926009,2026-05-18 11:48:52+05:30,53076.15,0,0.0,0,0.0,0.0,53282.15,53308.4,52783.45,53710.35,0,0.0,0.0,0.0,0.0,-0.01,-1,-1,-0.01,-1,-1,-0.01,-1,-1,-0.01,-1,-1,-0.01,-1,-1,-0.01,-1,-1,-0.01,-1,-1,-0.01,-1,-1,-0.01,-1,-1,-0.01,-1,-1
99926009,2026-05-18 11:48:52+05:30,53076.0,0,0.0,0,0.0,0.0,53282.15,53308.4,52783.45,53710.35,0,0.0,0.0,0.0,0.0,-0.01,-1,-1,-0.01,-1,-1,-0.01,-1,-1,-0.01,-1,-1,-0.01,-1,-1,-0.01,-1,-1,-0.01,-1,-1,-0.01,-1,-1,-0.01,-1,-1,-0.01,-1,-1
99926009,2026-05-18 11:48:53+05:30,53076.55,0,0.0,0,0.0,0.0,53282.15,53308.4,52783.45,53710.35,0,0.0,0.0,0.0,0.0,-0.01,-1,-1,-0.01,-1,-1,-0.01,-1,-1,-0.01,-1,-1,-0.01,-1,-1,-0.01,-1,-1,-0.01,-1,-1,-0.01,-1,-1,-0.01,-1,-1,-0.01,-1,-1
99926009,2026-05-18 11:48:53+05:30,53077.1,0,0.0,0,0.0,0.0,53282.15,53308.4,52783.45,53710.35,0,0.0,0.0,0.0,0.0,-0.01,-1,-1,-0.01,-1,-1,-0.01,-1,-1,-0.01,-1,-1,-0.01,-1,-1,-0.01,-1,-1,-0.01,-1,-1,-0.01,-1,-1,-0.01,-1,-1,-0.01,-1,-1
99926009,2026-05-18 11:48:54+05:30,53078.9,0,0.0,0,0.0,0.0,53282.15,53308.4,52783.45,53710.35,0,0.0,0.0,0.0,0.0,-0.01,-1,-1,-0.01,-1,-1,-0.01,-1,-1,-0.01,-1,-1,-0.01,-1,-1,-0.01,-1,-1,-0.01,-1,-1,-0.01,-1,-1,-0.01,-1,-1,-0.01,-1,-1
99926009,2026-05-18 11:48:54+05:30,53077.55,0,0.0,0,0.0,0.0,53282.15,53308.4,52783.45,53710.35,0,0.0,0.0,0.0,0.0,-0.01,-1,-1,-0.01,-1,-1,-0.01,-1,-1,-0.01,-1,-1,-0.01,-1,-1,-0.01,-1,-1,-0.01,-1,-1,-0.01,-1,-1,-0.01,-1,-1,-0.01,-1,-1
99926009,2026-05-18 11:48:55+05:30,53078.35,0,0.0,0,0.0,0.0,53282.15,53308.4,52783.45,53710.35,0,0.0,0.0,0.0,0.0,-0.01,-1,-1,-0.01,-1,-1,-0.01,-1,-1,-0.01,-1,-1,-0.01,-1,-1,-0.01,-1,-1,-0.01,-1,-1,-0.01,-1,-1,-0.01,-1,-1,-0.01,-1,-1
99926009,2026-05-18 11:48:55+05:30,53074.4,0,0.0,0,0.0,0.0,53282.15,53308.4,52783.45,53710.35,0,0.0,0.0,0.0,0.0,-0.01,-1,-1,-0.01,-1,-1,-0.01,-1,-1,-0.01,-1,-1,-0.01,-1,-1,-0.01,-1,-1,-0.01,-1,-1,-0.01,-1,-1,-0.01,-1,-1,-0.01,-1,-1
99926009,2026-05-18 11:48:56+05:30,53074.7,0,0.0,0,0.0,0.0,53282.15,53308.4,52783.45,53710.35,0,0.0,0.0,0.0,0.0,-0.01,-1,-1,-0.01,-1,-1,-0.01,-1,-1,-0.01,-1,-1,-0.01,-1,-1,-0.01,-1,-1,-0.01,-1,-1,-0.01,-1,-1,-0.01,-1,-1,-0.01,-1,-1
99926009,2026-05-18 11:48:56+05:30,53077.55,0,0.0,0,0.0,0.0,53282.15,53308.4,52783.45,53710.35,0,0.0,0.0,0.0,0.0,-0.01,-1,-1,-0.01,-1,-1,-0.01,-1,-1,-0.01,-1,-1,-0.01,-1,-1,-0.01,-1,-1,-0.01,-1,-1,-0.01,-1,-1,-0.01,-1,-1,-0.01,-1,-1
99926009,2026-05-18 11:48:57+05:30,53078.35,0,0.0,0,0.0,0.0,53282.15,53308.4,52783.45,53710.35,0,0.0,0.0,0.0,0.0,-0.01,-1,-1,-0.01,-1,-1,-0.01,-1,-1,-0.01,-1,-1,-0.01,-1,-1,-0.01,-1,-1,-0.01,-1,-1,-0.01,-1,-1,-0.01,-1,-1,-0.01,-1,-1
99926009,2026-05-18 11:48:57+05:30,53078.35,0,0.0,0,0.0,0.0,53282.15,53308.4,52783.45,53710.35,0,0.0,0.0,0.0,0.0,-0.01,-1,-1,-0.01,-1,-1,-0.01,-1,-1,-0.01,-1,-1,-0.01,-1,-1,-0.01,-1,-1,-0.01,-1,-1,-0.01,-1,-1,-0.01,-1,-1,-0.01,-1,-1
99926009,2026-05-18 11:48:58+05:30,53079.35,0,0.0,0,0.0,0.0,53282.15,53308.4,52783.45,53710.35,0,0.0,0.0,0.0,0.0,-0.01,-1,-1,-0.01,-1,-1,-0.01,-1,-1,-0.01,-1,-1,-0.01,-1,-1,-0.01,-1,-1,-0.01,-1,-1,-0.01,-1,-1,-0.01,-1,-1,-0.01,-1,-1
99926009,2026-05-18 11:48:58+05:30,53079.1,0,0.0,0,0.0,0.0,53282.15,53308.4,52783.45,53710.35,0,0.0,0.0,0.0,0.0,-0.01,-1,-1,-0.01,-1,-1,-0.01,-1,-1,-0.01,-1,-1,-0.01,-1,-1,-0.01,-1,-1,-0.01,-1,-1,-0.01,-1,-1,-0.01,-1,-1,-0.01,-1,-1
99926009,2026-05-18 11:48:59+05:30,53078.2,0,0.0,0,0.0,0.0,53282.15,53308.4,52783.45,53710.35,0,0.0,0.0,0.0,0.0,-0.01,-1,-1,-0.01,-1,-1,-0.01,-1,-1,-0.01,-1,-1,-0.01,-1,-1,-0.01,-1,-1,-0.01,-1,-1,-0.01,-1,-1,-0.01,-1,-1,-0.01,-1,-1
99926009,2026-05-18 11:48:59+05:30,53079.85,0,0.0,0,0.0,0.0,53282.15,53308.4,52783.45,53710.35,0,0.0,0.0,0.0,0.0,-0.01,-1,-1,-0.01,-1,-1,-0.01,-1,-1,-0.01,-1,-1,-0.01,-1,-1,-0.01,-1,-1,-0.01,-1,-1,-0.01,-1,-1,-0.01,-1,-1,-0.01,-1,-1
99926009,2026-05-18 11:49:00+05:30,53082.0,0,0.0,0,0.0,0.0,53282.15,53308.4,52783.45,53710.35,0,0.0,0.0,0.0,0.0,-0.01,-1,-1,-0.01,-1,-1,-0.01,-1,-1,-0.01,-1,-1,-0.01,-1,-1,-0.01,-1,-1,-0.01,-1,-1,-0.01,-1,-1,-0.01,-1,-1,-0.01,-1,-1
99926009,2026-05-18 11:49:00+05:30,53079.6,0,0.0,0,0.0,0.0,53282.15,53308.4,52783.45,53710.35,0,0.0,0.0,0.0,0.0,-0.01,-1,-1,-0.01,-1,-1,-0.01,-1,-1,-0.01,-1,-1,-0.01,-1,-1,-0.01,-1,-1,-0.01,-1,-1,-0.01,-1,-1,-0.01,-1,-1,-0.01,-1,-1
99926009,2026-05-18 11:49:01+05:30,53080.35,0,0.0,0,0.0,0.0,53282.15,53308.4,52783.45,53710.35,0,0.0,0.0,0.0,0.0,-0.01,-1,-1,-0.01,-1,-1,-0.01,-1,-1,-0.01,-1,-1,-0.01,-1,-1,-0.01,-1,-1,-0.01,-1,-1,-0.01,-1,-1,-0.01,-1,-1,-0.01,-1,-1
99926009,2026-05-18 11:49:01+05:30,53079.55,0,0.0,0,0.0,0.0,53282.15,53308.4,52783.45,53710.35,0,0.0,0.0,0.0,0.0,-0.01,-1,-1,-0.01,-1,-1,-0.01,-1,-1,-0.01,-1,-1,-0.01,-1,-1,-0.01,-1,-1,-0.01,-1,-1,-0.01,-1,-1,-0.01,-1,-1,-0.01,-1,-1
99926009,2026-05-18 11:49:02+05:30,53081.4,0,0.0,0,0.0,0.0,53282.15,53308.4,52783.45,53710.35,0,0.0,0.0,0.0,0.0,-0.01,-1,-1,-0.01,-1,-1,-0.01,-1,-1,-0.01,-1,-1,-0.01,-1,-1,-0.01,-1,-1,-0.01,-1,-1,-0.01,-1,-1,-0.01,-1,-1,-0.01,-1,-1
99926009,2026-05-18 11:49:02+05:30,53081.3,0,0.0,0,0.0,0.0,53282.15,53308.4,52783.45,53710.35,0,0.0,0.0,0.0,0.0,-0.01,-1,-1,-0.01,-1,-1,-0.01,-1,-1,-0.01,-1,-1,-0.01,-1,-1,-0.01,-1,-1,-0.01,-1,-1,-0.01,-1,-1,-0.01,-1,-1,-0.01,-1,-1
99926009,2026-05-18 11:49:03+05:30,53083.35,0,0.0,0,0.0,0.0,53282.15,53308.4,52783.45,53710.35,0,0.0,0.0,0.0,0.0,-0.01,-1,-1,-0.01,-1,-1,-0.01,-1,-1,-0.01,-1,-1,-0.01,-1,-1,-0.01,-1,-1,-0.01,-1,-1,-0.01,-1,-1,-0.01,-1,-1,-0.01,-1,-1
99926009,2026-05-18 11:49:03+05:30,53083.7,0,0.0,0,0.0,0.0,53282.15,53308.4,52783.45,53710.35,0,0.0,0.0,0.0,0.0,-0.01,-1,-1,-0.01,-1,-1,-0.01,-1,-1,-0.01,-1,-1,-0.01,-1,-1,-0.01,-1,-1,-0.01,-1,-1,-0.01,-1,-1,-0.01,-1,-1,-0.01,-1,-1
99926009,2026-05-18 11:49:04+05:30,53085.05,0,0.0,0,0.0,0.0,53282.15,53308.4,52783.45,53710.35,0,0.0,0.0,0.0,0.0,-0.01,-1,-1,-0.01,-1,-1,-0.01,-1,-1,-0.01,-1,-1,-0.01,-1,-1,-0.01,-1,-1,-0.01,-1,-1,-0.01,-1,-1,-0.01,-1,-1,-0.01,-1,-1
99926009,2026-05-18 11:49:04+05:30,53083.15,0,0.0,0,0.0,0.0,53282.15,53308.4,52783.45,53710.35,0,0.0,0.0,0.0,0.0,-0.01,-1,-1,-0.01,-1,-1,-0.01,-1,-1,-0.01,-1,-1,-0.01,-1,-1,-0.01,-1,-1,-0.01,-1,-1,-0.01,-1,-1,-0.01,-1,-1,-0.01,-1,-1
99926009,2026-05-18 11:49:05+05:30,53080.35,0,0.0,0,0.0,0.0,53282.15,53308.4,52783.45,53710.35,0,0.0,0.0,0.0,0.0,-0.01,-1,-1,-0.01,-1,-1,-0.01,-1,-1,-0.01,-1,-1,-0.01,-1,-1,-0.01,-1,-1,-0.01,-1,-1,-0.01,-1,-1,-0.01,-1,-1,-0.01,-1,-1
99926009,2026-05-18 11:49:05+05:30,53081.35,0,0.0,0,0.0,0.0,53282.15,53308.4,52783.45,53710.35,0,0.0,0.0,0.0,0.0,-0.01,-1,-1,-0.01,-1,-1,-0.01,-1,-1,-0.01,-1,-1,-0.01,-1,-1,-0.01,-1,-1,-0.01,-1,-1,-0.01,-1,-1,-0.01,-1,-1,-0.01,-1,-1
99926009,2026-05-18 11:49:06+05:30,53078.1,0,0.0,0,0.0,0.0,53282.15,53308.4,52783.45,53710.35,0,0.0,0.0,0.0,0.0,-0.01,-1,-1,-0.01,-1,-1,-0.01,-1,-1,-0.01,-1,-1,-0.01,-1,-1,-0.01,-1,-1,-0.01,-1,-1,-0.01,-1,-1,-0.01,-1,-1,-0.01,-1,-1
99926009,2026-05-18 11:49:06+05:30,53081.6,0,0.0,0,0.0,0.0,53282.15,53308.4,52783.45,53710.35,0,0.0,0.0,0.0,0.0,-0.01,-1,-1,-0.01,-1,-1,-0.01,-1,-1,-0.01,-1,-1,-0.01,-1,-1,-0.01,-1,-1,-0.01,-1,-1,-0.01,-1,-1,-0.01,-1,-1,-0.01,-1,-1
99926009,2026-05-18 11:49:07+05:30,53080.4,0,0.0,0,0.0,0.0,53282.15,53308.4,52783.45,53710.35,0,0.0,0.0,0.0,0.0,-0.01,-1,-1,-0.01,-1,-1,-0.01,-1,-1,-0.01,-1,-1,-0.01,-1,-1,-0.01,-1,-1,-0.01,-1,-1,-0.01,-1,-1,-0.01,-1,-1,-0.01,-1,-1
99926009,2026-05-18 11:49:07+05:30,53081.0,0,0.0,0,0.0,0.0,53282.15,53308.4,52783.45,53710.35,0,0.0,0.0,0.0,0.0,-0.01,-1,-1,-0.01,-1,-1,-0.01,-1,-1,-0.01,-1,-1,-0.01,-1,-1,-0.01,-1,-1,-0.01,-1,-1,-0.01,-1,-1,-0.01,-1,-1,-0.01,-1,-1
99926009,2026-05-18 11:49:08+05:30,53084.0,0,0.0,0,0.0,0.0,53282.15,53308.4,52783.45,53710.35,0,0.0,0.0,0.0,0.0,-0.01,-1,-1,-0.01,-1,-1,-0.01,-1,-1,-0.01,-1,-1,-0.01,-1,-1,-0.01,-1,-1,-0.01,-1,-1,-0.01,-1,-1,-0.01,-1,-1,-0.01,-1,-1
99926009,2026-05-18 11:49:08+05:30,53084.0,0,0.0,0,0.0,0.0,53282.15,53308.4,52783.45,53710.35,0,0.0,0.0,0.0,0.0,-0.01,-1,-1,-0.01,-1,-1,-0.01,-1,-1,-0.01,-1,-1,-0.01,-1,-1,-0.01,-1,-1,-0.01,-1,-1,-0.01,-1,-1,-0.01,-1,-1,-0.01,-1,-1
99926009,2026-05-18 11:49:09+05:30,53083.25,0,0.0,0,0.0,0.0,53282.15,53308.4,52783.45,53710.35,0,0.0,0.0,0.0,0.0,-0.01,-1,-1,-0.01,-1,-1,-0.01,-1,-1,-0.01,-1,-1,-0.01,-1,-1,-0.01,-1,-1,-0.01,-1,-1,-0.01,-1,-1,-0.01,-1,-1,-0.01,-1,-1
99926009,2026-05-18 11:49:09+05:30,53083.9,0,0.0,0,0.0,0.0,53282.15,53308.4,52783.45,53710.35,0,0.0,0.0,0.0,0.0,-0.01,-1,-1,-0.01,-1,-1,-0.01,-1,-1,-0.01,-1,-1,-0.01,-1,-1,-0.01,-1,-1,-0.01,-1,-1,-0.01,-1,-1,-0.01,-1,-1,-0.01,-1,-1
99926009,2026-05-18 11:49:10+05:30,53083.25,0,0.0,0,0.0,0.0,53282.15,53308.4,52783.45,53710.35,0,0.0,0.0,0.0,0.0,-0.01,-1,-1,-0.01,-1,-1,-0.01,-1,-1,-0.01,-1,-1,-0.01,-1,-1,-0.01,-1,-1,-0.01,-1,-1,-0.01,-1,-1,-0.01,-1,-1,-0.01,-1,-1
99926009,2026-05-18 11:49:10+05:30,53083.55,0,0.0,0,0.0,0.0,53282.15,53308.4,52783.45,53710.35,0,0.0,0.0,0.0,0.0,-0.01,-1,-1,-0.01,-1,-1,-0.01,-1,-1,-0.01,-1,-1,-0.01,-1,-1,-0.01,-1,-1,-0.01,-1,-1,-0.01,-1,-1,-0.01,-1,-1,-0.01,-1,-1
99926009,2026-05-18 11:49:11+05:30,53083.95,0,0.0,0,0.0,0.0,53282.15,53308.4,52783.45,53710.35,0,0.0,0.0,0.0,0.0,-0.01,-1,-1,-0.01,-1,-1,-0.01,-1,-1,-0.01,-1,-1,-0.01,-1,-1,-0.01,-1,-1,-0.01,-1,-1,-0.01,-1,-1,-0.01,-1,-1,-0.01,-1,-1
99926009,2026-05-18 11:49:11+05:30,53084.4,0,0.0,0,0.0,0.0,53282.15,53308.4,52783.45,53710.35,0,0.0,0.0,0.0,0.0,-0.01,-1,-1,-0.01,-1,-1,-0.01,-1,-1,-0.01,-1,-1,-0.01,-1,-1,-0.01,-1,-1,-0.01,-1,-1,-0.01,-1,-1,-0.01,-1,-1,-0.01,-1,-1
99926009,2026-05-18 11:49:12+05:30,53084.7,0,0.0,0,0.0,0.0,53282.15,53308.4,52783.45,53710.35,0,0.0,0.0,0.0,0.0,-0.01,-1,-1,-0.01,-1,-1,-0.01,-1,-1,-0.01,-1,-1,-0.01,-1,-1,-0.01,-1,-1,-0.01,-1,-1,-0.01,-1,-1,-0.01,-1,-1,-0.01,-1,-1
99926009,2026-05-18 11:49:12+05:30,53085.8,0,0.0,0,0.0,0.0,53282.15,53308.4,52783.45,53710.35,0,0.0,0.0,0.0,0.0,-0.01,-1,-1,-0.01,-1,-1,-0.01,-1,-1,-0.01,-1,-1,-0.01,-1,-1,-0.01,-1,-1,-0.01,-1,-1,-0.01,-1,-1,-0.01,-1,-1,-0.01,-1,-1
99926009,2026-05-18 11:49:13+05:30,53085.65,0,0.0,0,0.0,0.0,53282.15,53308.4,52783.45,53710.35,0,0.0,0.0,0.0,0.0,-0.01,-1,-1,-0.01,-1,-1,-0.01,-1,-1,-0.01,-1,-1,-0.01,-1,-1,-0.01,-1,-1,-0.01,-1,-1,-0.01,-1,-1,-0.01,-1,-1,-0.01,-1,-1
99926009,2026-05-18 11:49:13+05:30,53085.65,0,0.0,0,0.0,0.0,53282.15,53308.4,52783.45,53710.35,0,0.0,0.0,0.0,0.0,-0.01,-1,-1,-0.01,-1,-1,-0.01,-1,-1,-0.01,-1,-1,-0.01,-1,-1,-0.01,-1,-1,-0.01,-1,-1,-0.01,-1,-1,-0.01,-1,-1,-0.01,-1,-1
99926009,2026-05-18 11:49:14+05:30,53085.15,0,0.0,0,0.0,0.0,53282.15,53308.4,52783.45,53710.35,0,0.0,0.0,0.0,0.0,-0.01,-1,-1,-0.01,-1,-1,-0.01,-1,-1,-0.01,-1,-1,-0.01,-1,-1,-0.01,-1,-1,-0.01,-1,-1,-0.01,-1,-1,-0.01,-1,-1,-0.01,-1,-1
99926009,2026-05-18 11:49:14+05:30,53086.4,0,0.0,0,0.0,0.0,53282.15,53308.4,52783.45,53710.35,0,0.0,0.0,0.0,0.0,-0.01,-1,-1,-0.01,-1,-1,-0.01,-1,-1,-0.01,-1,-1,-0.01,-1,-1,-0.01,-1,-1,-0.01,-1,-1,-0.01,-1,-1,-0.01,-1,-1,-0.01,-1,-1
99926009,2026-05-18 11:49:15+05:30,53086.45,0,0.0,0,0.0,0.0,53282.15,53308.4,52783.45,53710.35,0,0.0,0.0,0.0,0.0,-0.01,-1,-1,-0.01,-1,-1,-0.01,-1,-1,-0.01,-1,-1,-0.01,-1,-1,-0.01,-1,-1,-0.01,-1,-1,-0.01,-1,-1,-0.01,-1,-1,-0.01,-1,-1
99926009,2026-05-18 11:49:15+05:30,53088.6,0,0.0,0,0.0,0.0,53282.15,53308.4,52783.45,53710.35,0,0.0,0.0,0.0,0.0,-0.01,-1,-1,-0.01,-1,-1,-0.01,-1,-1,-0.01,-1,-1,-0.01,-1,-1,-0.01,-1,-1,-0.01,-1,-1,-0.01,-1,-1,-0.01,-1,-1,-0.01,-1,-1
99926009,2026-05-18 11:49:16+05:30,53086.35,0,0.0,0,0.0,0.0,53282.15,53308.4,52783.45,53710.35,0,0.0,0.0,0.0,0.0,-0.01,-1,-1,-0.01,-1,-1,-0.01,-1,-1,-0.01,-1,-1,-0.01,-1,-1,-0.01,-1,-1,-0.01,-1,-1,-0.01,-1,-1,-0.01,-1,-1,-0.01,-1,-1
99926009,2026-05-18 11:49:16+05:30,53091.3,0,0.0,0,0.0,0.0,53282.15,53308.4,52783.45,53710.35,0,0.0,0.0,0.0,0.0,-0.01,-1,-1,-0.01,-1,-1,-0.01,-1,-1,-0.01,-1,-1,-0.01,-1,-1,-0.01,-1,-1,-0.01,-1,-1,-0.01,-1,-1,-0.01,-1,-1,-0.01,-1,-1
99926009,2026-05-18 11:49:17+05:30,53087.4,0,0.0,0,0.0,0.0,53282.15,53308.4,52783.45,53710.35,0,0.0,0.0,0.0,0.0,-0.01,-1,-1,-0.01,-1,-1,-0.01,-1,-1,-0.01,-1,-1,-0.01,-1,-1,-0.01,-1,-1,-0.01,-1,-1,-0.01,-1,-1,-0.01,-1,-1,-0.01,-1,-1
99926009,2026-05-18 11:49:17+05:30,53087.6,0,0.0,0,0.0,0.0,53282.15,53308.4,52783.45,53710.35,0,0.0,0.0,0.0,0.0,-0.01,-1,-1,-0.01,-1,-1,-0.01,-1,-1,-0.01,-1,-1,-0.01,-1,-1,-0.01,-1,-1,-0.01,-1,-1,-0.01,-1,-1,-0.01,-1,-1,-0.01,-1,-1
99926009,2026-05-18 11:49:18+05:30,53086.3,0,0.0,0,0.0,0.0,53282.15,53308.4,52783.45,53710.35,0,0.0,0.0,0.0,0.0,-0.01,-1,-1,-0.01,-1,-1,-0.01,-1,-1,-0.01,-1,-1,-0.01,-1,-1,-0.01,-1,-1,-0.01,-1,-1,-0.01,-1,-1,-0.01,-1,-1,-0.01,-1,-1
99926009,2026-05-18 11:49:18+05:30,53087.55,0,0.0,0,0.0,0.0,53282.15,53308.4,52783.45,53710.35,0,0.0,0.0,0.0,0.0,-0.01,-1,-1,-0.01,-1,-1,-0.01,-1,-1,-0.01,-1,-1,-0.01,-1,-1,-0.01,-1,-1,-0.01,-1,-1,-0.01,-1,-1,-0.01,-1,-1,-0.01,-1,-1
99926009,2026-05-18 11:49:19+05:30,53088.35,0,0.0,0,0.0,0.0,53282.15,53308.4,52783.45,53710.35,0,0.0,0.0,0.0,0.0,-0.01,-1,-1,-0.01,-1,-1,-0.01,-1,-1,-0.01,-1,-1,-0.01,-1,-1,-0.01,-1,-1,-0.01,-1,-1,-0.01,-1,-1,-0.01,-1,-1,-0.01,-1,-1
99926009,2026-05-18 11:49:19+05:30,53088.0,0,0.0,0,0.0,0.0,53282.15,53308.4,52783.45,53710.35,0,0.0,0.0,0.0,0.0,-0.01,-1,-1,-0.01,-1,-1,-0.01,-1,-1,-0.01,-1,-1,-0.01,-1,-1,-0.01,-1,-1,-0.01,-1,-1,-0.01,-1,-1,-0.01,-1,-1,-0.01,-1,-1
99926009,2026-05-18 11:49:20+05:30,53088.0,0,0.0,0,0.0,0.0,53282.15,53308.4,52783.45,53710.35,0,0.0,0.0,0.0,0.0,-0.01,-1,-1,-0.01,-1,-1,-0.01,-1,-1,-0.01,-1,-1,-0.01,-1,-1,-0.01,-1,-1,-0.01,-1,-1,-0.01,-1,-1,-0.01,-1,-1,-0.01,-1,-1
99926009,2026-05-18 11:49:20+05:30,53091.1,0,0.0,0,0.0,0.0,53282.15,53308.4,52783.45,53710.35,0,0.0,0.0,0.0,0.0,-0.01,-1,-1,-0.01,-1,-1,-0.01,-1,-1,-0.01,-1,-1,-0.01,-1,-1,-0.01,-1,-1,-0.01,-1,-1,-0.01,-1,-1,-0.01,-1,-1,-0.01,-1,-1
99926009,2026-05-18 11:49:21+05:30,53088.35,0,0.0,0,0.0,0.0,53282.15,53308.4,52783.45,53710.35,0,0.0,0.0,0.0,0.0,-0.01,-1,-1,-0.01,-1,-1,-0.01,-1,-1,-0.01,-1,-1,-0.01,-1,-1,-0.01,-1,-1,-0.01,-1,-1,-0.01,-1,-1,-0.01,-1,-1,-0.01,-1,-1
99926009,2026-05-18 11:49:21+05:30,53089.7,0,0.0,0,0.0,0.0,53282.15,53308.4,52783.45,53710.35,0,0.0,0.0,0.0,0.0,-0.01,-1,-1,-0.01,-1,-1,-0.01,-1,-1,-0.01,-1,-1,-0.01,-1,-1,-0.01,-1,-1,-0.01,-1,-1,-0.01,-1,-1,-0.01,-1,-1,-0.01,-1,-1
99926009,2026-05-18 11:49:22+05:30,53088.85,0,0.0,0,0.0,0.0,53282.15,53308.4,52783.45,53710.35,0,0.0,0.0,0.0,0.0,-0.01,-1,-1,-0.01,-1,-1,-0.01,-1,-1,-0.01,-1,-1,-0.01,-1,-1,-0.01,-1,-1,-0.01,-1,-1,-0.01,-1,-1,-0.01,-1,-1,-0.01,-1,-1
99926009,2026-05-18 11:49:22+05:30,53084.6,0,0.0,0,0.0,0.0,53282.15,53308.4,52783.45,53710.35,0,0.0,0.0,0.0,0.0,-0.01,-1,-1,-0.01,-1,-1,-0.01,-1,-1,-0.01,-1,-1,-0.01,-1,-1,-0.01,-1,-1,-0.01,-1,-1,-0.01,-1,-1,-0.01,-1,-1,-0.01,-1,-1
99926009,2026-05-18 11:49:23+05:30,53082.8,0,0.0,0,0.0,0.0,53282.15,53308.4,52783.45,53710.35,0,0.0,0.0,0.0,0.0,-0.01,-1,-1,-0.01,-1,-1,-0.01,-1,-1,-0.01,-1,-1,-0.01,-1,-1,-0.01,-1,-1,-0.01,-1,-1,-0.01,-1,-1,-0.01,-1,-1,-0.01,-1,-1
99926009,2026-05-18 11:49:23+05:30,53080.9,0,0.0,0,0.0,0.0,53282.15,53308.4,52783.45,53710.35,0,0.0,0.0,0.0,0.0,-0.01,-1,-1,-0.01,-1,-1,-0.01,-1,-1,-0.01,-1,-1,-0.01,-1,-1,-0.01,-1,-1,-0.01,-1,-1,-0.01,-1,-1,-0.01,-1,-1,-0.01,-1,-1
99926009,2026-05-18 11:49:24+05:30,53082.45,0,0.0,0,0.0,0.0,53282.15,53308.4,52783.45,53710.35,0,0.0,0.0,0.0,0.0,-0.01,-1,-1,-0.01,-1,-1,-0.01,-1,-1,-0.01,-1,-1,-0.01,-1,-1,-0.01,-1,-1,-0.01,-1,-1,-0.01,-1,-1,-0.01,-1,-1,-0.01,-1,-1
99926009,2026-05-18 11:49:24+05:30,53082.6,0,0.0,0,0.0,0.0,53282.15,53308.4,52783.45,53710.35,0,0.0,0.0,0.0,0.0,-0.01,-1,-1,-0.01,-1,-1,-0.01,-1,-1,-0.01,-1,-1,-0.01,-1,-1,-0.01,-1,-1,-0.01,-1,-1,-0.01,-1,-1,-0.01,-1,-1,-0.01,-1,-1
99926009,2026-05-18 11:49:25+05:30,53082.6,0,0.0,0,0.0,0.0,53282.15,53308.4,52783.45,53710.35,0,0.0,0.0,0.0,0.0,-0.01,-1,-1,-0.01,-1,-1,-0.01,-1,-1,-0.01,-1,-1,-0.01,-1,-1,-0.01,-1,-1,-0.01,-1,-1,-0.01,-1,-1,-0.01,-1,-1,-0.01,-1,-1
99926009,2026-05-18 11:49:25+05:30,53081.35,0,0.0,0,0.0,0.0,53282.15,53308.4,52783.45,53710.35,0,0.0,0.0,0.0,0.0,-0.01,-1,-1,-0.01,-1,-1,-0.01,-1,-1,-0.01,-1,-1,-0.01,-1,-1,-0.01,-1,-1,-0.01,-1,-1,-0.01,-1,-1,-0.01,-1,-1,-0.01,-1,-1
99926009,2026-05-18 11:49:26+05:30,53080.2,0,0.0,0,0.0,0.0,53282.15,53308.4,52783.45,53710.35,0,0.0,0.0,0.0,0.0,-0.01,-1,-1,-0.01,-1,-1,-0.01,-1,-1,-0.01,-1,-1,-0.01,-1,-1,-0.01,-1,-1,-0.01,-1,-1,-0.01,-1,-1,-0.01,-1,-1,-0.01,-1,-1
99926009,2026-05-18 11:49:26+05:30,53080.4,0,0.0,0,0.0,0.0,53282.15,53308.4,52783.45,53710.35,0,0.0,0.0,0.0,0.0,-0.01,-1,-1,-0.01,-1,-1,-0.01,-1,-1,-0.01,-1,-1,-0.01,-1,-1,-0.01,-1,-1,-0.01,-1,-1,-0.01,-1,-1,-0.01,-1,-1,-0.01,-1,-1
99926009,2026-05-18 11:49:27+05:30,53081.7,0,0.0,0,0.0,0.0,53282.15,53308.4,52783.45,53710.35,0,0.0,0.0,0.0,0.0,-0.01,-1,-1,-0.01,-1,-1,-0.01,-1,-1,-0.01,-1,-1,-0.01,-1,-1,-0.01,-1,-1,-0.01,-1,-1,-0.01,-1,-1,-0.01,-1,-1,-0.01,-1,-1
99926009,2026-05-18 11:49:27+05:30,53081.8,0,0.0,0,0.0,0.0,53282.15,53308.4,52783.45,53710.35,0,0.0,0.0,0.0,0.0,-0.01,-1,-1,-0.01,-1,-1,-0.01,-1,-1,-0.01,-1,-1,-0.01,-1,-1,-0.01,-1,-1,-0.01,-1,-1,-0.01,-1,-1,-0.01,-1,-1,-0.01,-1,-1
99926009,2026-05-18 11:49:28+05:30,53082.7,0,0.0,0,0.0,0.0,53282.15,53308.4,52783.45,53710.35,0,0.0,0.0,0.0,0.0,-0.01,-1,-1,-0.01,-1,-1,-0.01,-1,-1,-0.01,-1,-1,-0.01,-1,-1,-0.01,-1,-1,-0.01,-1,-1,-0.01,-1,-1,-0.01,-1,-1,-0.01,-1,-1
99926009,2026-05-18 11:49:28+05:30,53083.5,0,0.0,0,0.0,0.0,53282.15,53308.4,52783.45,53710.35,0,0.0,0.0,0.0,0.0,-0.01,-1,-1,-0.01,-1,-1,-0.01,-1,-1,-0.01,-1,-1,-0.01,-1,-1,-0.01,-1,-1,-0.01,-1,-1,-0.01,-1,-1,-0.01,-1,-1,-0.01,-1,-1
99926009,2026-05-18 11:49:29+05:30,53083.85,0,0.0,0,0.0,0.0,53282.15,53308.4,52783.45,53710.35,0,0.0,0.0,0.0,0.0,-0.01,-1,-1,-0.01,-1,-1,-0.01,-1,-1,-0.01,-1,-1,-0.01,-1,-1,-0.01,-1,-1,-0.01,-1,-1,-0.01,-1,-1,-0.01,-1,-1,-0.01,-1,-1
99926009,2026-05-18 11:49:29+05:30,53085.55,0,0.0,0,0.0,0.0,53282.15,53308.4,52783.45,53710.35,0,0.0,0.0,0.0,0.0,-0.01,-1,-1,-0.01,-1,-1,-0.01,-1,-1,-0.01,-1,-1,-0.01,-1,-1,-0.01,-1,-1,-0.01,-1,-1,-0.01,-1,-1,-0.01,-1,-1,-0.01,-1,-1
99926009,2026-05-18 11:49:30+05:30,53085.05,0,0.0,0,0.0,0.0,53282.15,53308.4,52783.45,53710.35,0,0.0,0.0,0.0,0.0,-0.01,-1,-1,-0.01,-1,-1,-0.01,-1,-1,-0.01,-1,-1,-0.01,-1,-1,-0.01,-1,-1,-0.01,-1,-1,-0.01,-1,-1,-0.01,-1,-1,-0.01,-1,-1
99926009,2026-05-18 11:49:30+05:30,53085.9,0,0.0,0,0.0,0.0,53282.15,53308.4,52783.45,53710.35,0,0.0,0.0,0.0,0.0,-0.01,-1,-1,-0.01,-1,-1,-0.01,-1,-1,-0.01,-1,-1,-0.01,-1,-1,-0.01,-1,-1,-0.01,-1,-1,-0.01,-1,-1,-0.01,-1,-1,-0.01,-1,-1
99926009,2026-05-18 11:49:31+05:30,53086.8,0,0.0,0,0.0,0.0,53282.15,53308.4,52783.45,53710.35,0,0.0,0.0,0.0,0.0,-0.01,-1,-1,-0.01,-1,-1,-0.01,-1,-1,-0.01,-1,-1,-0.01,-1,-1,-0.01,-1,-1,-0.01,-1,-1,-0.01,-1,-1,-0.01,-1,-1,-0.01,-1,-1
99926009,2026-05-18 11:49:31+05:30,53085.35,0,0.0,0,0.0,0.0,53282.15,53308.4,52783.45,53710.35,0,0.0,0.0,0.0,0.0,-0.01,-1,-1,-0.01,-1,-1,-0.01,-1,-1,-0.01,-1,-1,-0.01,-1,-1,-0.01,-1,-1,-0.01,-1,-1,-0.01,-1,-1,-0.01,-1,-1,-0.01,-1,-1
99926009,2026-05-18 11:49:32+05:30,53088.05,0,0.0,0,0.0,0.0,53282.15,53308.4,52783.45,53710.35,0,0.0,0.0,0.0,0.0,-0.01,-1,-1,-0.01,-1,-1,-0.01,-1,-1,-0.01,-1,-1,-0.01,-1,-1,-0.01,-1,-1,-0.01,-1,-1,-0.01,-1,-1,-0.01,-1,-1,-0.01,-1,-1
99926009,2026-05-18 11:49:32+05:30,53088.4,0,0.0,0,0.0,0.0,53282.15,53308.4,52783.45,53710.35,0,0.0,0.0,0.0,0.0,-0.01,-1,-1,-0.01,-1,-1,-0.01,-1,-1,-0.01,-1,-1,-0.01,-1,-1,-0.01,-1,-1,-0.01,-1,-1,-0.01,-1,-1,-0.01,-1,-1,-0.01,-1,-1
99926009,2026-05-18 11:49:33+05:30,53089.0,0,0.0,0,0.0,0.0,53282.15,53308.4,52783.45,53710.35,0,0.0,0.0,0.0,0.0,-0.01,-1,-1,-0.01,-1,-1,-0.01,-1,-1,-0.01,-1,-1,-0.01,-1,-1,-0.01,-1,-1,-0.01,-1,-1,-0.01,-1,-1,-0.01,-1,-1,-0.01,-1,-1
99926009,2026-05-18 11:49:33+05:30,53090.65,0,0.0,0,0.0,0.0,53282.15,53308.4,52783.45,53710.35,0,0.0,0.0,0.0,0.0,-0.01,-1,-1,-0.01,-1,-1,-0.01,-1,-1,-0.01,-1,-1,-0.01,-1,-1,-0.01,-1,-1,-0.01,-1,-1,-0.01,-1,-1,-0.01,-1,-1,-0.01,-1,-1
99926009,2026-05-18 11:49:34+05:30,53092.3,0,0.0,0,0.0,0.0,53282.15,53308.4,52783.45,53710.35,0,0.0,0.0,0.0,0.0,-0.01,-1,-1,-0.01,-1,-1,-0.01,-1,-1,-0.01,-1,-1,-0.01,-1,-1,-0.01,-1,-1,-0.01,-1,-1,-0.01,-1,-1,-0.01,-1,-1,-0.01,-1,-1
99926009,2026-05-18 11:49:34+05:30,53093.45,0,0.0,0,0.0,0.0,53282.15,53308.4,52783.45,53710.35,0,0.0,0.0,0.0,0.0,-0.01,-1,-1,-0.01,-1,-1,-0.01,-1,-1,-0.01,-1,-1,-0.01,-1,-1,-0.01,-1,-1,-0.01,-1,-1,-0.01,-1,-1,-0.01,-1,-1,-0.01,-1,-1
99926009,2026-05-18 11:49:35+05:30,53095.95,0,0.0,0,0.0,0.0,53282.15,53308.4,52783.45,53710.35,0,0.0,0.0,0.0,0.0,-0.01,-1,-1,-0.01,-1,-1,-0.01,-1,-1,-0.01,-1,-1,-0.01,-1,-1,-0.01,-1,-1,-0.01,-1,-1,-0.01,-1,-1,-0.01,-1,-1,-0.01,-1,-1
99926009,2026-05-18 11:49:35+05:30,53097.25,0,0.0,0,0.0,0.0,53282.15,53308.4,52783.45,53710.35,0,0.0,0.0,0.0,0.0,-0.01,-1,-1,-0.01,-1,-1,-0.01,-1,-1,-0.01,-1,-1,-0.01,-1,-1,-0.01,-1,-1,-0.01,-1,-1,-0.01,-1,-1,-0.01,-1,-1,-0.01,-1,-1
99926009,2026-05-18 11:49:36+05:30,53093.4,0,0.0,0,0.0,0.0,53282.15,53308.4,52783.45,53710.35,0,0.0,0.0,0.0,0.0,-0.01,-1,-1,-0.01,-1,-1,-0.01,-1,-1,-0.01,-1,-1,-0.01,-1,-1,-0.01,-1,-1,-0.01,-1,-1,-0.01,-1,-1,-0.01,-1,-1,-0.01,-1,-1
99926009,2026-05-18 11:49:36+05:30,53090.5,0,0.0,0,0.0,0.0,53282.15,53308.4,52783.45,53710.35,0,0.0,0.0,0.0,0.0,-0.01,-1,-1,-0.01,-1,-1,-0.01,-1,-1,-0.01,-1,-1,-0.01,-1,-1,-0.01,-1,-1,-0.01,-1,-1,-0.01,-1,-1,-0.01,-1,-1,-0.01,-1,-1
99926009,2026-05-18 11:49:37+05:30,53095.2,0,0.0,0,0.0,0.0,53282.15,53308.4,52783.45,53710.35,0,0.0,0.0,0.0,0.0,-0.01,-1,-1,-0.01,-1,-1,-0.01,-1,-1,-0.01,-1,-1,-0.01,-1,-1,-0.01,-1,-1,-0.01,-1,-1,-0.01,-1,-1,-0.01,-1,-1,-0.01,-1,-1
99926009,2026-05-18 11:49:37+05:30,53090.75,0,0.0,0,0.0,0.0,53282.15,53308.4,52783.45,53710.35,0,0.0,0.0,0.0,0.0,-0.01,-1,-1,-0.01,-1,-1,-0.01,-1,-1,-0.01,-1,-1,-0.01,-1,-1,-0.01,-1,-1,-0.01,-1,-1,-0.01,-1,-1,-0.01,-1,-1,-0.01,-1,-1
99926009,2026-05-18 11:49:38+05:30,53089.8,0,0.0,0,0.0,0.0,53282.15,53308.4,52783.45,53710.35,0,0.0,0.0,0.0,0.0,-0.01,-1,-1,-0.01,-1,-1,-0.01,-1,-1,-0.01,-1,-1,-0.01,-1,-1,-0.01,-1,-1,-0.01,-1,-1,-0.01,-1,-1,-0.01,-1,-1,-0.01,-1,-1
99926009,2026-05-18 11:49:38+05:30,53090.2,0,0.0,0,0.0,0.0,53282.15,53308.4,52783.45,53710.35,0,0.0,0.0,0.0,0.0,-0.01,-1,-1,-0.01,-1,-1,-0.01,-1,-1,-0.01,-1,-1,-0.01,-1,-1,-0.01,-1,-1,-0.01,-1,-1,-0.01,-1,-1,-0.01,-1,-1,-0.01,-1,-1
99926009,2026-05-18 11:49:39+05:30,53095.1,0,0.0,0,0.0,0.0,53282.15,53308.4,52783.45,53710.35,0,0.0,0.0,0.0,0.0,-0.01,-1,-1,-0.01,-1,-1,-0.01,-1,-1,-0.01,-1,-1,-0.01,-1,-1,-0.01,-1,-1,-0.01,-1,-1,-0.01,-1,-1,-0.01,-1,-1,-0.01,-1,-1
99926009,2026-05-18 11:49:39+05:30,53093.05,0,0.0,0,0.0,0.0,53282.15,53308.4,52783.45,53710.35,0,0.0,0.0,0.0,0.0,-0.01,-1,-1,-0.01,-1,-1,-0.01,-1,-1,-0.01,-1,-1,-0.01,-1,-1,-0.01,-1,-1,-0.01,-1,-1,-0.01,-1,-1,-0.01,-1,-1,-0.01,-1,-1
99926009,2026-05-18 11:49:40+05:30,53090.15,0,0.0,0,0.0,0.0,53282.15,53308.4,52783.45,53710.35,0,0.0,0.0,0.0,0.0,-0.01,-1,-1,-0.01,-1,-1,-0.01,-1,-1,-0.01,-1,-1,-0.01,-1,-1,-0.01,-1,-1,-0.01,-1,-1,-0.01,-1,-1,-0.01,-1,-1,-0.01,-1,-1
99926009,2026-05-18 11:49:40+05:30,53090.25,0,0.0,0,0.0,0.0,53282.15,53308.4,52783.45,53710.35,0,0.0,0.0,0.0,0.0,-0.01,-1,-1,-0.01,-1,-1,-0.01,-1,-1,-0.01,-1,-1,-0.01,-1,-1,-0.01,-1,-1,-0.01,-1,-1,-0.01,-1,-1,-0.01,-1,-1,-0.01,-1,-1
99926009,2026-05-18 11:49:41+05:30,53086.75,0,0.0,0,0.0,0.0,53282.15,53308.4,52783.45,53710.35,0,0.0,0.0,0.0,0.0,-0.01,-1,-1,-0.01,-1,-1,-0.01,-1,-1,-0.01,-1,-1,-0.01,-1,-1,-0.01,-1,-1,-0.01,-1,-1,-0.01,-1,-1,-0.01,-1,-1,-0.01,-1,-1
99926009,2026-05-18 11:49:41+05:30,53087.25,0,0.0,0,0.0,0.0,53282.15,53308.4,52783.45,53710.35,0,0.0,0.0,0.0,0.0,-0.01,-1,-1,-0.01,-1,-1,-0.01,-1,-1,-0.01,-1,-1,-0.01,-1,-1,-0.01,-1,-1,-0.01,-1,-1,-0.01,-1,-1,-0.01,-1,-1,-0.01,-1,-1
99926009,2026-05-18 11:49:42+05:30,53088.9,0,0.0,0,0.0,0.0,53282.15,53308.4,52783.45,53710.35,0,0.0,0.0,0.0,0.0,-0.01,-1,-1,-0.01,-1,-1,-0.01,-1,-1,-0.01,-1,-1,-0.01,-1,-1,-0.01,-1,-1,-0.01,-1,-1,-0.01,-1,-1,-0.01,-1,-1,-0.01,-1,-1
99926009,2026-05-18 11:49:42+05:30,53089.1,0,0.0,0,0.0,0.0,53282.15,53308.4,52783.45,53710.35,0,0.0,0.0,0.0,0.0,-0.01,-1,-1,-0.01,-1,-1,-0.01,-1,-1,-0.01,-1,-1,-0.01,-1,-1,-0.01,-1,-1,-0.01,-1,-1,-0.01,-1,-1,-0.01,-1,-1,-0.01,-1,-1
99926009,2026-05-18 11:49:43+05:30,53088.05,0,0.0,0,0.0,0.0,53282.15,53308.4,52783.45,53710.35,0,0.0,0.0,0.0,0.0,-0.01,-1,-1,-0.01,-1,-1,-0.01,-1,-1,-0.01,-1,-1,-0.01,-1,-1,-0.01,-1,-1,-0.01,-1,-1,-0.01,-1,-1,-0.01,-1,-1,-0.01,-1,-1
99926009,2026-05-18 11:49:43+05:30,53087.55,0,0.0,0,0.0,0.0,53282.15,53308.4,52783.45,53710.35,0,0.0,0.0,0.0,0.0,-0.01,-1,-1,-0.01,-1,-1,-0.01,-1,-1,-0.01,-1,-1,-0.01,-1,-1,-0.01,-1,-1,-0.01,-1,-1,-0.01,-1,-1,-0.01,-1,-1,-0.01,-1,-1
99926009,2026-05-18 11:49:44+05:30,53086.3,0,0.0,0,0.0,0.0,53282.15,53308.4,52783.45,53710.35,0,0.0,0.0,0.0,0.0,-0.01,-1,-1,-0.01,-1,-1,-0.01,-1,-1,-0.01,-1,-1,-0.01,-1,-1,-0.01,-1,-1,-0.01,-1,-1,-0.01,-1,-1,-0.01,-1,-1,-0.01,-1,-1
99926009,2026-05-18 11:49:44+05:30,53083.3,0,0.0,0,0.0,0.0,53282.15,53308.4,52783.45,53710.35,0,0.0,0.0,0.0,0.0,-0.01,-1,-1,-0.01,-1,-1,-0.01,-1,-1,-0.01,-1,-1,-0.01,-1,-1,-0.01,-1,-1,-0.01,-1,-1,-0.01,-1,-1,-0.01,-1,-1,-0.01,-1,-1
99926009,2026-05-18 11:49:45+05:30,53087.9,0,0.0,0,0.0,0.0,53282.15,53308.4,52783.45,53710.35,0,0.0,0.0,0.0,0.0,-0.01,-1,-1,-0.01,-1,-1,-0.01,-1,-1,-0.01,-1,-1,-0.01,-1,-1,-0.01,-1,-1,-0.01,-1,-1,-0.01,-1,-1,-0.01,-1,-1,-0.01,-1,-1
99926009,2026-05-18 11:49:45+05:30,53087.1,0,0.0,0,0.0,0.0,53282.15,53308.4,52783.45,53710.35,0,0.0,0.0,0.0,0.0,-0.01,-1,-1,-0.01,-1,-1,-0.01,-1,-1,-0.01,-1,-1,-0.01,-1,-1,-0.01,-1,-1,-0.01,-1,-1,-0.01,-1,-1,-0.01,-1,-1,-0.01,-1,-1
99926009,2026-05-18 11:49:46+05:30,53091.5,0,0.0,0,0.0,0.0,53282.15,53308.4,52783.45,53710.35,0,0.0,0.0,0.0,0.0,-0.01,-1,-1,-0.01,-1,-1,-0.01,-1,-1,-0.01,-1,-1,-0.01,-1,-1,-0.01,-1,-1,-0.01,-1,-1,-0.01,-1,-1,-0.01,-1,-1,-0.01,-1,-1
99926009,2026-05-18 11:49:46+05:30,53094.1,0,0.0,0,0.0,0.0,53282.15,53308.4,52783.45,53710.35,0,0.0,0.0,0.0,0.0,-0.01,-1,-1,-0.01,-1,-1,-0.01,-1,-1,-0.01,-1,-1,-0.01,-1,-1,-0.01,-1,-1,-0.01,-1,-1,-0.01,-1,-1,-0.01,-1,-1,-0.01,-1,-1
99926009,2026-05-18 11:49:47+05:30,53097.55,0,0.0,0,0.0,0.0,53282.15,53308.4,52783.45,53710.35,0,0.0,0.0,0.0,0.0,-0.01,-1,-1,-0.01,-1,-1,-0.01,-1,-1,-0.01,-1,-1,-0.01,-1,-1,-0.01,-1,-1,-0.01,-1,-1,-0.01,-1,-1,-0.01,-1,-1,-0.01,-1,-1
99926009,2026-05-18 11:49:47+05:30,53094.2,0,0.0,0,0.0,0.0,53282.15,53308.4,52783.45,53710.35,0,0.0,0.0,0.0,0.0,-0.01,-1,-1,-0.01,-1,-1,-0.01,-1,-1,-0.01,-1,-1,-0.01,-1,-1,-0.01,-1,-1,-0.01,-1,-1,-0.01,-1,-1,-0.01,-1,-1,-0.01,-1,-1
99926009,2026-05-18 11:49:48+05:30,53091.15,0,0.0,0,0.0,0.0,53282.15,53308.4,52783.45,53710.35,0,0.0,0.0,0.0,0.0,-0.01,-1,-1,-0.01,-1,-1,-0.01,-1,-1,-0.01,-1,-1,-0.01,-1,-1,-0.01,-1,-1,-0.01,-1,-1,-0.01,-1,-1,-0.01,-1,-1,-0.01,-1,-1
99926009,2026-05-18 11:49:48+05:30,53094.35,0,0.0,0,0.0,0.0,53282.15,53308.4,52783.45,53710.35,0,0.0,0.0,0.0,0.0,-0.01,-1,-1,-0.01,-1,-1,-0.01,-1,-1,-0.01,-1,-1,-0.01,-1,-1,-0.01,-1,-1,-0.01,-1,-1,-0.01,-1,-1,-0.01,-1,-1,-0.01,-1,-1
99926009,2026-05-18 11:49:49+05:30,53098.2,0,0.0,0,0.0,0.0,53282.15,53308.4,52783.45,53710.35,0,0.0,0.0,0.0,0.0,-0.01,-1,-1,-0.01,-1,-1,-0.01,-1,-1,-0.01,-1,-1,-0.01,-1,-1,-0.01,-1,-1,-0.01,-1,-1,-0.01,-1,-1,-0.01,-1,-1,-0.01,-1,-1
99926009,2026-05-18 11:49:49+05:30,53097.15,0,0.0,0,0.0,0.0,53282.15,53308.4,52783.45,53710.35,0,0.0,0.0,0.0,0.0,-0.01,-1,-1,-0.01,-1,-1,-0.01,-1,-1,-0.01,-1,-1,-0.01,-1,-1,-0.01,-1,-1,-0.01,-1,-1,-0.01,-1,-1,-0.01,-1,-1,-0.01,-1,-1
99926009,2026-05-18 11:49:50+05:30,53101.35,0,0.0,0,0.0,0.0,53282.15,53308.4,52783.45,53710.35,0,0.0,0.0,0.0,0.0,-0.01,-1,-1,-0.01,-1,-1,-0.01,-1,-1,-0.01,-1,-1,-0.01,-1,-1,-0.01,-1,-1,-0.01,-1,-1,-0.01,-1,-1,-0.01,-1,-1,-0.01,-1,-1
99926009,2026-05-18 11:49:50+05:30,53097.7,0,0.0,0,0.0,0.0,53282.15,53308.4,52783.45,53710.35,0,0.0,0.0,0.0,0.0,-0.01,-1,-1,-0.01,-1,-1,-0.01,-1,-1,-0.01,-1,-1,-0.01,-1,-1,-0.01,-1,-1,-0.01,-1,-1,-0.01,-1,-1,-0.01,-1,-1,-0.01,-1,-1
99926009,2026-05-18 11:49:51+05:30,53096.9,0,0.0,0,0.0,0.0,53282.15,53308.4,52783.45,53710.35,0,0.0,0.0,0.0,0.0,-0.01,-1,-1,-0.01,-1,-1,-0.01,-1,-1,-0.01,-1,-1,-0.01,-1,-1,-0.01,-1,-1,-0.01,-1,-1,-0.01,-1,-1,-0.01,-1,-1,-0.01,-1,-1
99926009,2026-05-18 11:49:51+05:30,53099.1,0,0.0,0,0.0,0.0,53282.15,53308.4,52783.45,53710.35,0,0.0,0.0,0.0,0.0,-0.01,-1,-1,-0.01,-1,-1,-0.01,-1,-1,-0.01,-1,-1,-0.01,-1,-1,-0.01,-1,-1,-0.01,-1,-1,-0.01,-1,-1,-0.01,-1,-1,-0.01,-1,-1
99926009,2026-05-18 11:49:52+05:30,53098.05,0,0.0,0,0.0,0.0,53282.15,53308.4,52783.45,53710.35,0,0.0,0.0,0.0,0.0,-0.01,-1,-1,-0.01,-1,-1,-0.01,-1,-1,-0.01,-1,-1,-0.01,-1,-1,-0.01,-1,-1,-0.01,-1,-1,-0.01,-1,-1,-0.01,-1,-1,-0.01,-1,-1
99926009,2026-05-18 11:49:52+05:30,53099.5,0,0.0,0,0.0,0.0,53282.15,53308.4,52783.45,53710.35,0,0.0,0.0,0.0,0.0,-0.01,-1,-1,-0.01,-1,-1,-0.01,-1,-1,-0.01,-1,-1,-0.01,-1,-1,-0.01,-1,-1,-0.01,-1,-1,-0.01,-1,-1,-0.01,-1,-1,-0.01,-1,-1
99926009,2026-05-18 11:49:53+05:30,53101.85,0,0.0,0,0.0,0.0,53282.15,53308.4,52783.45,53710.35,0,0.0,0.0,0.0,0.0,-0.01,-1,-1,-0.01,-1,-1,-0.01,-1,-1,-0.01,-1,-1,-0.01,-1,-1,-0.01,-1,-1,-0.01,-1,-1,-0.01,-1,-1,-0.01,-1,-1,-0.01,-1,-1
99926009,2026-05-18 11:49:53+05:30,53099.5,0,0.0,0,0.0,0.0,53282.15,53308.4,52783.45,53710.35,0,0.0,0.0,0.0,0.0,-0.01,-1,-1,-0.01,-1,-1,-0.01,-1,-1,-0.01,-1,-1,-0.01,-1,-1,-0.01,-1,-1,-0.01,-1,-1,-0.01,-1,-1,-0.01,-1,-1,-0.01,-1,-1
99926009,2026-05-18 11:49:54+05:30,53095.7,0,0.0,0,0.0,0.0,53282.15,53308.4,52783.45,53710.35,0,0.0,0.0,0.0,0.0,-0.01,-1,-1,-0.01,-1,-1,-0.01,-1,-1,-0.01,-1,-1,-0.01,-1,-1,-0.01,-1,-1,-0.01,-1,-1,-0.01,-1,-1,-0.01,-1,-1,-0.01,-1,-1
99926009,2026-05-18 11:49:54+05:30,53099.1,0,0.0,0,0.0,0.0,53282.15,53308.4,52783.45,53710.35,0,0.0,0.0,0.0,0.0,-0.01,-1,-1,-0.01,-1,-1,-0.01,-1,-1,-0.01,-1,-1,-0.01,-1,-1,-0.01,-1,-1,-0.01,-1,-1,-0.01,-1,-1,-0.01,-1,-1,-0.01,-1,-1
99926009,2026-05-18 11:49:55+05:30,53101.15,0,0.0,0,0.0,0.0,53282.15,53308.4,52783.45,53710.35,0,0.0,0.0,0.0,0.0,-0.01,-1,-1,-0.01,-1,-1,-0.01,-1,-1,-0.01,-1,-1,-0.01,-1,-1,-0.01,-1,-1,-0.01,-1,-1,-0.01,-1,-1,-0.01,-1,-1,-0.01,-1,-1
99926009,2026-05-18 11:49:55+05:30,53100.15,0,0.0,0,0.0,0.0,53282.15,53308.4,52783.45,53710.35,0,0.0,0.0,0.0,0.0,-0.01,-1,-1,-0.01,-1,-1,-0.01,-1,-1,-0.01,-1,-1,-0.01,-1,-1,-0.01,-1,-1,-0.01,-1,-1,-0.01,-1,-1,-0.01,-1,-1,-0.01,-1,-1
99926009,2026-05-18 11:49:56+05:30,53102.7,0,0.0,0,0.0,0.0,53282.15,53308.4,52783.45,53710.35,0,0.0,0.0,0.0,0.0,-0.01,-1,-1,-0.01,-1,-1,-0.01,-1,-1,-0.01,-1,-1,-0.01,-1,-1,-0.01,-1,-1,-0.01,-1,-1,-0.01,-1,-1,-0.01,-1,-1,-0.01,-1,-1
99926009,2026-05-18 11:49:56+05:30,53101.25,0,0.0,0,0.0,0.0,53282.15,53308.4,52783.45,53710.35,0,0.0,0.0,0.0,0.0,-0.01,-1,-1,-0.01,-1,-1,-0.01,-1,-1,-0.01,-1,-1,-0.01,-1,-1,-0.01,-1,-1,-0.01,-1,-1,-0.01,-1,-1,-0.01,-1,-1,-0.01,-1,-1
99926009,2026-05-18 11:49:57+05:30,53099.75,0,0.0,0,0.0,0.0,53282.15,53308.4,52783.45,53710.35,0,0.0,0.0,0.0,0.0,-0.01,-1,-1,-0.01,-1,-1,-0.01,-1,-1,-0.01,-1,-1,-0.01,-1,-1,-0.01,-1,-1,-0.01,-1,-1,-0.01,-1,-1,-0.01,-1,-1,-0.01,-1,-1
99926009,2026-05-18 11:49:57+05:30,53099.25,0,0.0,0,0.0,0.0,53282.15,53308.4,52783.45,53710.35,0,0.0,0.0,0.0,0.0,-0.01,-1,-1,-0.01,-1,-1,-0.01,-1,-1,-0.01,-1,-1,-0.01,-1,-1,-0.01,-1,-1,-0.01,-1,-1,-0.01,-1,-1,-0.01,-1,-1,-0.01,-1,-1
99926009,2026-05-18 11:49:58+05:30,53100.8,0,0.0,0,0.0,0.0,53282.15,53308.4,52783.45,53710.35,0,0.0,0.0,0.0,0.0,-0.01,-1,-1,-0.01,-1,-1,-0.01,-1,-1,-0.01,-1,-1,-0.01,-1,-1,-0.01,-1,-1,-0.01,-1,-1,-0.01,-1,-1,-0.01,-1,-1,-0.01,-1,-1
99926009,2026-05-18 11:49:58+05:30,53103.15,0,0.0,0,0.0,0.0,53282.15,53308.4,52783.45,53710.35,0,0.0,0.0,0.0,0.0,-0.01,-1,-1,-0.01,-1,-1,-0.01,-1,-1,-0.01,-1,-1,-0.01,-1,-1,-0.01,-1,-1,-0.01,-1,-1,-0.01,-1,-1,-0.01,-1,-1,-0.01,-1,-1
99926009,2026-05-18 11:49:59+05:30,53101.8,0,0.0,0,0.0,0.0,53282.15,53308.4,52783.45,53710.35,0,0.0,0.0,0.0,0.0,-0.01,-1,-1,-0.01,-1,-1,-0.01,-1,-1,-0.01,-1,-1,-0.01,-1,-1,-0.01,-1,-1,-0.01,-1,-1,-0.01,-1,-1,-0.01,-1,-1,-0.01,-1,-1
99926009,2026-05-18 11:49:59+05:30,53105.7,0,0.0,0,0.0,0.0,53282.15,53308.4,52783.45,53710.35,0,0.0,0.0,0.0,0.0,-0.01,-1,-1,-0.01,-1,-1,-0.01,-1,-1,-0.01,-1,-1,-0.01,-1,-1,-0.01,-1,-1,-0.01,-1,-1,-0.01,-1,-1,-0.01,-1,-1,-0.01,-1,-1
99926009,2026-05-18 11:50:00+05:30,53107.15,0,0.0,0,0.0,0.0,53282.15,53308.4,52783.45,53710.35,0,0.0,0.0,0.0,0.0,-0.01,-1,-1,-0.01,-1,-1,-0.01,-1,-1,-0.01,-1,-1,-0.01,-1,-1,-0.01,-1,-1,-0.01,-1,-1,-0.01,-1,-1,-0.01,-1,-1,-0.01,-1,-1
99926009,2026-05-18 11:50:00+05:30,53105.15,0,0.0,0,0.0,0.0,53282.15,53308.4,52783.45,53710.35,0,0.0,0.0,0.0,0.0,-0.01,-1,-1,-0.01,-1,-1,-0.01,-1,-1,-0.01,-1,-1,-0.01,-1,-1,-0.01,-1,-1,-0.01,-1,-1,-0.01,-1,-1,-0.01,-1,-1,-0.01,-1,-1
99926009,2026-05-18 11:50:01+05:30,53104.95,0,0.0,0,0.0,0.0,53282.15,53308.4,52783.45,53710.35,0,0.0,0.0,0.0,0.0,-0.01,-1,-1,-0.01,-1,-1,-0.01,-1,-1,-0.01,-1,-1,-0.01,-1,-1,-0.01,-1,-1,-0.01,-1,-1,-0.01,-1,-1,-0.01,-1,-1,-0.01,-1,-1
99926009,2026-05-18 11:50:01+05:30,53099.4,0,0.0,0,0.0,0.0,53282.15,53308.4,52783.45,53710.35,0,0.0,0.0,0.0,0.0,-0.01,-1,-1,-0.01,-1,-1,-0.01,-1,-1,-0.01,-1,-1,-0.01,-1,-1,-0.01,-1,-1,-0.01,-1,-1,-0.01,-1,-1,-0.01,-1,-1,-0.01,-1,-1
99926009,2026-05-18 11:50:02+05:30,53099.9,0,0.0,0,0.0,0.0,53282.15,53308.4,52783.45,53710.35,0,0.0,0.0,0.0,0.0,-0.01,-1,-1,-0.01,-1,-1,-0.01,-1,-1,-0.01,-1,-1,-0.01,-1,-1,-0.01,-1,-1,-0.01,-1,-1,-0.01,-1,-1,-0.01,-1,-1,-0.01,-1,-1
99926009,2026-05-18 11:50:02+05:30,53102.85,0,0.0,0,0.0,0.0,53282.15,53308.4,52783.45,53710.35,0,0.0,0.0,0.0,0.0,-0.01,-1,-1,-0.01,-1,-1,-0.01,-1,-1,-0.01,-1,-1,-0.01,-1,-1,-0.01,-1,-1,-0.01,-1,-1,-0.01,-1,-1,-0.01,-1,-1,-0.01,-1,-1
99926009,2026-05-18 11:50:03+05:30,53102.45,0,0.0,0,0.0,0.0,53282.15,53308.4,52783.45,53710.35,0,0.0,0.0,0.0,0.0,-0.01,-1,-1,-0.01,-1,-1,-0.01,-1,-1,-0.01,-1,-1,-0.01,-1,-1,-0.01,-1,-1,-0.01,-1,-1,-0.01,-1,-1,-0.01,-1,-1,-0.01,-1,-1
99926009,2026-05-18 11:50:03+05:30,53100.3,0,0.0,0,0.0,0.0,53282.15,53308.4,52783.45,53710.35,0,0.0,0.0,0.0,0.0,-0.01,-1,-1,-0.01,-1,-1,-0.01,-1,-1,-0.01,-1,-1,-0.01,-1,-1,-0.01,-1,-1,-0.01,-1,-1,-0.01,-1,-1,-0.01,-1,-1,-0.01,-1,-1
99926009,2026-05-18 11:50:04+05:30,53098.5,0,0.0,0,0.0,0.0,53282.15,53308.4,52783.45,53710.35,0,0.0,0.0,0.0,0.0,-0.01,-1,-1,-0.01,-1,-1,-0.01,-1,-1,-0.01,-1,-1,-0.01,-1,-1,-0.01,-1,-1,-0.01,-1,-1,-0.01,-1,-1,-0.01,-1,-1,-0.01,-1,-1
99926009,2026-05-18 11:50:04+05:30,53096.6,0,0.0,0,0.0,0.0,53282.15,53308.4,52783.45,53710.35,0,0.0,0.0,0.0,0.0,-0.01,-1,-1,-0.01,-1,-1,-0.01,-1,-1,-0.01,-1,-1,-0.01,-1,-1,-0.01,-1,-1,-0.01,-1,-1,-0.01,-1,-1,-0.01,-1,-1,-0.01,-1,-1
99926009,2026-05-18 11:50:05+05:30,53096.35,0,0.0,0,0.0,0.0,53282.15,53308.4,52783.45,53710.35,0,0.0,0.0,0.0,0.0,-0.01,-1,-1,-0.01,-1,-1,-0.01,-1,-1,-0.01,-1,-1,-0.01,-1,-1,-0.01,-1,-1,-0.01,-1,-1,-0.01,-1,-1,-0.01,-1,-1,-0.01,-1,-1
99926009,2026-05-18 11:50:05+05:30,53097.3,0,0.0,0,0.0,0.0,53282.15,53308.4,52783.45,53710.35,0,0.0,0.0,0.0,0.0,-0.01,-1,-1,-0.01,-1,-1,-0.01,-1,-1,-0.01,-1,-1,-0.01,-1,-1,-0.01,-1,-1,-0.01,-1,-1,-0.01,-1,-1,-0.01,-1,-1,-0.01,-1,-1
99926009,2026-05-18 11:50:06+05:30,53096.35,0,0.0,0,0.0,0.0,53282.15,53308.4,52783.45,53710.35,0,0.0,0.0,0.0,0.0,-0.01,-1,-1,-0.01,-1,-1,-0.01,-1,-1,-0.01,-1,-1,-0.01,-1,-1,-0.01,-1,-1,-0.01,-1,-1,-0.01,-1,-1,-0.01,-1,-1,-0.01,-1,-1
99926009,2026-05-18 11:50:06+05:30,53097.1,0,0.0,0,0.0,0.0,53282.15,53308.4,52783.45,53710.35,0,0.0,0.0,0.0,0.0,-0.01,-1,-1,-0.01,-1,-1,-0.01,-1,-1,-0.01,-1,-1,-0.01,-1,-1,-0.01,-1,-1,-0.01,-1,-1,-0.01,-1,-1,-0.01,-1,-1,-0.01,-1,-1
99926009,2026-05-18 11:50:07+05:30,53100.3,0,0.0,0,0.0,0.0,53282.15,53308.4,52783.45,53710.35,0,0.0,0.0,0.0,0.0,-0.01,-1,-1,-0.01,-1,-1,-0.01,-1,-1,-0.01,-1,-1,-0.01,-1,-1,-0.01,-1,-1,-0.01,-1,-1,-0.01,-1,-1,-0.01,-1,-1,-0.01,-1,-1
99926009,2026-05-18 11:50:07+05:30,53100.3,0,0.0,0,0.0,0.0,53282.15,53308.4,52783.45,53710.35,0,0.0,0.0,0.0,0.0,-0.01,-1,-1,-0.01,-1,-1,-0.01,-1,-1,-0.01,-1,-1,-0.01,-1,-1,-0.01,-1,-1,-0.01,-1,-1,-0.01,-1,-1,-0.01,-1,-1,-0.01,-1,-1
99926009,2026-05-18 11:50:08+05:30,53101.45,0,0.0,0,0.0,0.0,53282.15,53308.4,52783.45,53710.35,0,0.0,0.0,0.0,0.0,-0.01,-1,-1,-0.01,-1,-1,-0.01,-1,-1,-0.01,-1,-1,-0.01,-1,-1,-0.01,-1,-1,-0.01,-1,-1,-0.01,-1,-1,-0.01,-1,-1,-0.01,-1,-1
99926009,2026-05-18 11:50:08+05:30,53100.25,0,0.0,0,0.0,0.0,53282.15,53308.4,52783.45,53710.35,0,0.0,0.0,0.0,0.0,-0.01,-1,-1,-0.01,-1,-1,-0.01,-1,-1,-0.01,-1,-1,-0.01,-1,-1,-0.01,-1,-1,-0.01,-1,-1,-0.01,-1,-1,-0.01,-1,-1,-0.01,-1,-1
99926009,2026-05-18 11:50:09+05:30,53100.05,0,0.0,0,0.0,0.0,53282.15,53308.4,52783.45,53710.35,0,0.0,0.0,0.0,0.0,-0.01,-1,-1,-0.01,-1,-1,-0.01,-1,-1,-0.01,-1,-1,-0.01,-1,-1,-0.01,-1,-1,-0.01,-1,-1,-0.01,-1,-1,-0.01,-1,-1,-0.01,-1,-1
99926009,2026-05-18 11:50:09+05:30,53100.4,0,0.0,0,0.0,0.0,53282.15,53308.4,52783.45,53710.35,0,0.0,0.0,0.0,0.0,-0.01,-1,-1,-0.01,-1,-1,-0.01,-1,-1,-0.01,-1,-1,-0.01,-1,-1,-0.01,-1,-1,-0.01,-1,-1,-0.01,-1,-1,-0.01,-1,-1,-0.01,-1,-1
99926009,2026-05-18 11:50:10+05:30,53102.15,0,0.0,0,0.0,0.0,53282.15,53308.4,52783.45,53710.35,0,0.0,0.0,0.0,0.0,-0.01,-1,-1,-0.01,-1,-1,-0.01,-1,-1,-0.01,-1,-1,-0.01,-1,-1,-0.01,-1,-1,-0.01,-1,-1,-0.01,-1,-1,-0.01,-1,-1,-0.01,-1,-1
99926009,2026-05-18 11:50:10+05:30,53098.2,0,0.0,0,0.0,0.0,53282.15,53308.4,52783.45,53710.35,0,0.0,0.0,0.0,0.0,-0.01,-1,-1,-0.01,-1,-1,-0.01,-1,-1,-0.01,-1,-1,-0.01,-1,-1,-0.01,-1,-1,-0.01,-1,-1,-0.01,-1,-1,-0.01,-1,-1,-0.01,-1,-1
99926009,2026-05-18 11:50:11+05:30,53097.8,0,0.0,0,0.0,0.0,53282.15,53308.4,52783.45,53710.35,0,0.0,0.0,0.0,0.0,-0.01,-1,-1,-0.01,-1,-1,-0.01,-1,-1,-0.01,-1,-1,-0.01,-1,-1,-0.01,-1,-1,-0.01,-1,-1,-0.01,-1,-1,-0.01,-1,-1,-0.01,-1,-1
99926009,2026-05-18 11:50:11+05:30,53095.55,0,0.0,0,0.0,0.0,53282.15,53308.4,52783.45,53710.35,0,0.0,0.0,0.0,0.0,-0.01,-1,-1,-0.01,-1,-1,-0.01,-1,-1,-0.01,-1,-1,-0.01,-1,-1,-0.01,-1,-1,-0.01,-1,-1,-0.01,-1,-1,-0.01,-1,-1,-0.01,-1,-1
99926009,2026-05-18 11:50:12+05:30,53095.85,0,0.0,0,0.0,0.0,53282.15,53308.4,52783.45,53710.35,0,0.0,0.0,0.0,0.0,-0.01,-1,-1,-0.01,-1,-1,-0.01,-1,-1,-0.01,-1,-1,-0.01,-1,-1,-0.01,-1,-1,-0.01,-1,-1,-0.01,-1,-1,-0.01,-1,-1,-0.01,-1,-1
99926009,2026-05-18 11:50:12+05:30,53095.35,0,0.0,0,0.0,0.0,53282.15,53308.4,52783.45,53710.35,0,0.0,0.0,0.0,0.0,-0.01,-1,-1,-0.01,-1,-1,-0.01,-1,-1,-0.01,-1,-1,-0.01,-1,-1,-0.01,-1,-1,-0.01,-1,-1,-0.01,-1,-1,-0.01,-1,-1,-0.01,-1,-1
99926009,2026-05-18 11:50:13+05:30,53094.05,0,0.0,0,0.0,0.0,53282.15,53308.4,52783.45,53710.35,0,0.0,0.0,0.0,0.0,-0.01,-1,-1,-0.01,-1,-1,-0.01,-1,-1,-0.01,-1,-1,-0.01,-1,-1,-0.01,-1,-1,-0.01,-1,-1,-0.01,-1,-1,-0.01,-1,-1,-0.01,-1,-1
99926009,2026-05-18 11:50:13+05:30,53094.55,0,0.0,0,0.0,0.0,53282.15,53308.4,52783.45,53710.35,0,0.0,0.0,0.0,0.0,-0.01,-1,-1,-0.01,-1,-1,-0.01,-1,-1,-0.01,-1,-1,-0.01,-1,-1,-0.01,-1,-1,-0.01,-1,-1,-0.01,-1,-1,-0.01,-1,-1,-0.01,-1,-1
99926009,2026-05-18 11:50:14+05:30,53093.9,0,0.0,0,0.0,0.0,53282.15,53308.4,52783.45,53710.35,0,0.0,0.0,0.0,0.0,-0.01,-1,-1,-0.01,-1,-1,-0.01,-1,-1,-0.01,-1,-1,-0.01,-1,-1,-0.01,-1,-1,-0.01,-1,-1,-0.01,-1,-1,-0.01,-1,-1,-0.01,-1,-1
99926009,2026-05-18 11:50:14+05:30,53093.15,0,0.0,0,0.0,0.0,53282.15,53308.4,52783.45,53710.35,0,0.0,0.0,0.0,0.0,-0.01,-1,-1,-0.01,-1,-1,-0.01,-1,-1,-0.01,-1,-1,-0.01,-1,-1,-0.01,-1,-1,-0.01,-1,-1,-0.01,-1,-1,-0.01,-1,-1,-0.01,-1,-1
99926009,2026-05-18 11:50:15+05:30,53094.1,0,0.0,0,0.0,0.0,53282.15,53308.4,52783.45,53710.35,0,0.0,0.0,0.0,0.0,-0.01,-1,-1,-0.01,-1,-1,-0.01,-1,-1,-0.01,-1,-1,-0.01,-1,-1,-0.01,-1,-1,-0.01,-1,-1,-0.01,-1,-1,-0.01,-1,-1,-0.01,-1,-1
99926009,2026-05-18 11:50:15+05:30,53093.9,0,0.0,0,0.0,0.0,53282.15,53308.4,52783.45,53710.35,0,0.0,0.0,0.0,0.0,-0.01,-1,-1,-0.01,-1,-1,-0.01,-1,-1,-0.01,-1,-1,-0.01,-1,-1,-0.01,-1,-1,-0.01,-1,-1,-0.01,-1,-1,-0.01,-1,-1,-0.01,-1,-1
99926009,2026-05-18 11:50:16+05:30,53094.8,0,0.0,0,0.0,0.0,53282.15,53308.4,52783.45,53710.35,0,0.0,0.0,0.0,0.0,-0.01,-1,-1,-0.01,-1,-1,-0.01,-1,-1,-0.01,-1,-1,-0.01,-1,-1,-0.01,-1,-1,-0.01,-1,-1,-0.01,-1,-1,-0.01,-1,-1,-0.01,-1,-1
99926009,2026-05-18 11:50:16+05:30,53094.9,0,0.0,0,0.0,0.0,53282.15,53308.4,52783.45,53710.35,0,0.0,0.0,0.0,0.0,-0.01,-1,-1,-0.01,-1,-1,-0.01,-1,-1,-0.01,-1,-1,-0.01,-1,-1,-0.01,-1,-1,-0.01,-1,-1,-0.01,-1,-1,-0.01,-1,-1,-0.01,-1,-1
99926009,2026-05-18 11:50:17+05:30,53092.2,0,0.0,0,0.0,0.0,53282.15,53308.4,52783.45,53710.35,0,0.0,0.0,0.0,0.0,-0.01,-1,-1,-0.01,-1,-1,-0.01,-1,-1,-0.01,-1,-1,-0.01,-1,-1,-0.01,-1,-1,-0.01,-1,-1,-0.01,-1,-1,-0.01,-1,-1,-0.01,-1,-1
99926009,2026-05-18 11:50:17+05:30,53094.75,0,0.0,0,0.0,0.0,53282.15,53308.4,52783.45,53710.35,0,0.0,0.0,0.0,0.0,-0.01,-1,-1,-0.01,-1,-1,-0.01,-1,-1,-0.01,-1,-1,-0.01,-1,-1,-0.01,-1,-1,-0.01,-1,-1,-0.01,-1,-1,-0.01,-1,-1,-0.01,-1,-1
99926009,2026-05-18 11:50:18+05:30,53095.1,0,0.0,0,0.0,0.0,53282.15,53308.4,52783.45,53710.35,0,0.0,0.0,0.0,0.0,-0.01,-1,-1,-0.01,-1,-1,-0.01,-1,-1,-0.01,-1,-1,-0.01,-1,-1,-0.01,-1,-1,-0.01,-1,-1,-0.01,-1,-1,-0.01,-1,-1,-0.01,-1,-1
99926009,2026-05-18 11:50:18+05:30,53097.1,0,0.0,0,0.0,0.0,53282.15,53308.4,52783.45,53710.35,0,0.0,0.0,0.0,0.0,-0.01,-1,-1,-0.01,-1,-1,-0.01,-1,-1,-0.01,-1,-1,-0.01,-1,-1,-0.01,-1,-1,-0.01,-1,-1,-0.01,-1,-1,-0.01,-1,-1,-0.01,-1,-1
99926009,2026-05-18 11:50:19+05:30,53096.6,0,0.0,0,0.0,0.0,53282.15,53308.4,52783.45,53710.35,0,0.0,0.0,0.0,0.0,-0.01,-1,-1,-0.01,-1,-1,-0.01,-1,-1,-0.01,-1,-1,-0.01,-1,-1,-0.01,-1,-1,-0.01,-1,-1,-0.01,-1,-1,-0.01,-1,-1,-0.01,-1,-1
99926009,2026-05-18 11:50:19+05:30,53094.9,0,0.0,0,0.0,0.0,53282.15,53308.4,52783.45,53710.35,0,0.0,0.0,0.0,0.0,-0.01,-1,-1,-0.01,-1,-1,-0.01,-1,-1,-0.01,-1,-1,-0.01,-1,-1,-0.01,-1,-1,-0.01,-1,-1,-0.01,-1,-1,-0.01,-1,-1,-0.01,-1,-1
99926009,2026-05-18 11:50:20+05:30,53095.3,0,0.0,0,0.0,0.0,53282.15,53308.4,52783.45,53710.35,0,0.0,0.0,0.0,0.0,-0.01,-1,-1,-0.01,-1,-1,-0.01,-1,-1,-0.01,-1,-1,-0.01,-1,-1,-0.01,-1,-1,-0.01,-1,-1,-0.01,-1,-1,-0.01,-1,-1,-0.01,-1,-1
99926009,2026-05-18 11:50:20+05:30,53093.45,0,0.0,0,0.0,0.0,53282.15,53308.4,52783.45,53710.35,0,0.0,0.0,0.0,0.0,-0.01,-1,-1,-0.01,-1,-1,-0.01,-1,-1,-0.01,-1,-1,-0.01,-1,-1,-0.01,-1,-1,-0.01,-1,-1,-0.01,-1,-1,-0.01,-1,-1,-0.01,-1,-1
99926009,2026-05-18 11:50:21+05:30,53094.35,0,0.0,0,0.0,0.0,53282.15,53308.4,52783.45,53710.35,0,0.0,0.0,0.0,0.0,-0.01,-1,-1,-0.01,-1,-1,-0.01,-1,-1,-0.01,-1,-1,-0.01,-1,-1,-0.01,-1,-1,-0.01,-1,-1,-0.01,-1,-1,-0.01,-1,-1,-0.01,-1,-1
99926009,2026-05-18 11:50:21+05:30,53091.2,0,0.0,0,0.0,0.0,53282.15,53308.4,52783.45,53710.35,0,0.0,0.0,0.0,0.0,-0.01,-1,-1,-0.01,-1,-1,-0.01,-1,-1,-0.01,-1,-1,-0.01,-1,-1,-0.01,-1,-1,-0.01,-1,-1,-0.01,-1,-1,-0.01,-1,-1,-0.01,-1,-1
99926009,2026-05-18 11:50:22+05:30,53092.35,0,0.0,0,0.0,0.0,53282.15,53308.4,52783.45,53710.35,0,0.0,0.0,0.0,0.0,-0.01,-1,-1,-0.01,-1,-1,-0.01,-1,-1,-0.01,-1,-1,-0.01,-1,-1,-0.01,-1,-1,-0.01,-1,-1,-0.01,-1,-1,-0.01,-1,-1,-0.01,-1,-1
99926009,2026-05-18 11:50:22+05:30,53092.25,0,0.0,0,0.0,0.0,53282.15,53308.4,52783.45,53710.35,0,0.0,0.0,0.0,0.0,-0.01,-1,-1,-0.01,-1,-1,-0.01,-1,-1,-0.01,-1,-1,-0.01,-1,-1,-0.01,-1,-1,-0.01,-1,-1,-0.01,-1,-1,-0.01,-1,-1,-0.01,-1,-1
99926009,2026-05-18 11:50:23+05:30,53090.7,0,0.0,0,0.0,0.0,53282.15,53308.4,52783.45,53710.35,0,0.0,0.0,0.0,0.0,-0.01,-1,-1,-0.01,-1,-1,-0.01,-1,-1,-0.01,-1,-1,-0.01,-1,-1,-0.01,-1,-1,-0.01,-1,-1,-0.01,-1,-1,-0.01,-1,-1,-0.01,-1,-1
99926009,2026-05-18 11:50:23+05:30,53091.9,0,0.0,0,0.0,0.0,53282.15,53308.4,52783.45,53710.35,0,0.0,0.0,0.0,0.0,-0.01,-1,-1,-0.01,-1,-1,-0.01,-1,-1,-0.01,-1,-1,-0.01,-1,-1,-0.01,-1,-1,-0.01,-1,-1,-0.01,-1,-1,-0.01,-1,-1,-0.01,-1,-1
99926009,2026-05-18 11:50:24+05:30,53090.65,0,0.0,0,0.0,0.0,53282.15,53308.4,52783.45,53710.35,0,0.0,0.0,0.0,0.0,-0.01,-1,-1,-0.01,-1,-1,-0.01,-1,-1,-0.01,-1,-1,-0.01,-1,-1,-0.01,-1,-1,-0.01,-1,-1,-0.01,-1,-1,-0.01,-1,-1,-0.01,-1,-1
99926009,2026-05-18 11:50:24+05:30,53095.65,0,0.0,0,0.0,0.0,53282.15,53308.4,52783.45,53710.35,0,0.0,0.0,0.0,0.0,-0.01,-1,-1,-0.01,-1,-1,-0.01,-1,-1,-0.01,-1,-1,-0.01,-1,-1,-0.01,-1,-1,-0.01,-1,-1,-0.01,-1,-1,-0.01,-1,-1,-0.01,-1,-1
99926009,2026-05-18 11:50:25+05:30,53094.05,0,0.0,0,0.0,0.0,53282.15,53308.4,52783.45,53710.35,0,0.0,0.0,0.0,0.0,-0.01,-1,-1,-0.01,-1,-1,-0.01,-1,-1,-0.01,-1,-1,-0.01,-1,-1,-0.01,-1,-1,-0.01,-1,-1,-0.01,-1,-1,-0.01,-1,-1,-0.01,-1,-1
99926009,2026-05-18 11:50:25+05:30,53092.3,0,0.0,0,0.0,0.0,53282.15,53308.4,52783.45,53710.35,0,0.0,0.0,0.0,0.0,-0.01,-1,-1,-0.01,-1,-1,-0.01,-1,-1,-0.01,-1,-1,-0.01,-1,-1,-0.01,-1,-1,-0.01,-1,-1,-0.01,-1,-1,-0.01,-1,-1,-0.01,-1,-1
99926009,2026-05-18 11:50:26+05:30,53090.6,0,0.0,0,0.0,0.0,53282.15,53308.4,52783.45,53710.35,0,0.0,0.0,0.0,0.0,-0.01,-1,-1,-0.01,-1,-1,-0.01,-1,-1,-0.01,-1,-1,-0.01,-1,-1,-0.01,-1,-1,-0.01,-1,-1,-0.01,-1,-1,-0.01,-1,-1,-0.01,-1,-1
99926009,2026-05-18 11:50:26+05:30,53091.2,0,0.0,0,0.0,0.0,53282.15,53308.4,52783.45,53710.35,0,0.0,0.0,0.0,0.0,-0.01,-1,-1,-0.01,-1,-1,-0.01,-1,-1,-0.01,-1,-1,-0.01,-1,-1,-0.01,-1,-1,-0.01,-1,-1,-0.01,-1,-1,-0.01,-1,-1,-0.01,-1,-1
99926009,2026-05-18 11:50:27+05:30,53091.6,0,0.0,0,0.0,0.0,53282.15,53308.4,52783.45,53710.35,0,0.0,0.0,0.0,0.0,-0.01,-1,-1,-0.01,-1,-1,-0.01,-1,-1,-0.01,-1,-1,-0.01,-1,-1,-0.01,-1,-1,-0.01,-1,-1,-0.01,-1,-1,-0.01,-1,-1,-0.01,-1,-1
99926009,2026-05-18 11:50:27+05:30,53092.75,0,0.0,0,0.0,0.0,53282.15,53308.4,52783.45,53710.35,0,0.0,0.0,0.0,0.0,-0.01,-1,-1,-0.01,-1,-1,-0.01,-1,-1,-0.01,-1,-1,-0.01,-1,-1,-0.01,-1,-1,-0.01,-1,-1,-0.01,-1,-1,-0.01,-1,-1,-0.01,-1,-1
99926009,2026-05-18 11:50:28+05:30,53091.7,0,0.0,0,0.0,0.0,53282.15,53308.4,52783.45,53710.35,0,0.0,0.0,0.0,0.0,-0.01,-1,-1,-0.01,-1,-1,-0.01,-1,-1,-0.01,-1,-1,-0.01,-1,-1,-0.01,-1,-1,-0.01,-1,-1,-0.01,-1,-1,-0.01,-1,-1,-0.01,-1,-1
99926009,2026-05-18 11:50:28+05:30,53090.75,0,0.0,0,0.0,0.0,53282.15,53308.4,52783.45,53710.35,0,0.0,0.0,0.0,0.0,-0.01,-1,-1,-0.01,-1,-1,-0.01,-1,-1,-0.01,-1,-1,-0.01,-1,-1,-0.01,-1,-1,-0.01,-1,-1,-0.01,-1,-1,-0.01,-1,-1,-0.01,-1,-1
99926009,2026-05-18 11:50:29+05:30,53092.55,0,0.0,0,0.0,0.0,53282.15,53308.4,52783.45,53710.35,0,0.0,0.0,0.0,0.0,-0.01,-1,-1,-0.01,-1,-1,-0.01,-1,-1,-0.01,-1,-1,-0.01,-1,-1,-0.01,-1,-1,-0.01,-1,-1,-0.01,-1,-1,-0.01,-1,-1,-0.01,-1,-1
99926009,2026-05-18 11:50:29+05:30,53091.05,0,0.0,0,0.0,0.0,53282.15,53308.4,52783.45,53710.35,0,0.0,0.0,0.0,0.0,-0.01,-1,-1,-0.01,-1,-1,-0.01,-1,-1,-0.01,-1,-1,-0.01,-1,-1,-0.01,-1,-1,-0.01,-1,-1,-0.01,-1,-1,-0.01,-1,-1,-0.01,-1,-1
99926009,2026-05-18 11:50:30+05:30,53091.15,0,0.0,0,0.0,0.0,53282.15,53308.4,52783.45,53710.35,0,0.0,0.0,0.0,0.0,-0.01,-1,-1,-0.01,-1,-1,-0.01,-1,-1,-0.01,-1,-1,-0.01,-1,-1,-0.01,-1,-1,-0.01,-1,-1,-0.01,-1,-1,-0.01,-1,-1,-0.01,-1,-1
99926009,2026-05-18 11:50:30+05:30,53092.05,0,0.0,0,0.0,0.0,53282.15,53308.4,52783.45,53710.35,0,0.0,0.0,0.0,0.0,-0.01,-1,-1,-0.01,-1,-1,-0.01,-1,-1,-0.01,-1,-1,-0.01,-1,-1,-0.01,-1,-1,-0.01,-1,-1,-0.01,-1,-1,-0.01,-1,-1,-0.01,-1,-1
99926009,2026-05-18 11:50:31+05:30,53094.2,0,0.0,0,0.0,0.0,53282.15,53308.4,52783.45,53710.35,0,0.0,0.0,0.0,0.0,-0.01,-1,-1,-0.01,-1,-1,-0.01,-1,-1,-0.01,-1,-1,-0.01,-1,-1,-0.01,-1,-1,-0.01,-1,-1,-0.01,-1,-1,-0.01,-1,-1,-0.01,-1,-1
99926009,2026-05-18 11:50:31+05:30,53092.4,0,0.0,0,0.0,0.0,53282.15,53308.4,52783.45,53710.35,0,0.0,0.0,0.0,0.0,-0.01,-1,-1,-0.01,-1,-1,-0.01,-1,-1,-0.01,-1,-1,-0.01,-1,-1,-0.01,-1,-1,-0.01,-1,-1,-0.01,-1,-1,-0.01,-1,-1,-0.01,-1,-1
99926009,2026-05-18 11:50:32+05:30,53094.15,0,0.0,0,0.0,0.0,53282.15,53308.4,52783.45,53710.35,0,0.0,0.0,0.0,0.0,-0.01,-1,-1,-0.01,-1,-1,-0.01,-1,-1,-0.01,-1,-1,-0.01,-1,-1,-0.01,-1,-1,-0.01,-1,-1,-0.01,-1,-1,-0.01,-1,-1,-0.01,-1,-1
99926009,2026-05-18 11:50:32+05:30,53094.25,0,0.0,0,0.0,0.0,53282.15,53308.4,52783.45,53710.35,0,0.0,0.0,0.0,0.0,-0.01,-1,-1,-0.01,-1,-1,-0.01,-1,-1,-0.01,-1,-1,-0.01,-1,-1,-0.01,-1,-1,-0.01,-1,-1,-0.01,-1,-1,-0.01,-1,-1,-0.01,-1,-1
99926009,2026-05-18 11:50:33+05:30,53091.35,0,0.0,0,0.0,0.0,53282.15,53308.4,52783.45,53710.35,0,0.0,0.0,0.0,0.0,-0.01,-1,-1,-0.01,-1,-1,-0.01,-1,-1,-0.01,-1,-1,-0.01,-1,-1,-0.01,-1,-1,-0.01,-1,-1,-0.01,-1,-1,-0.01,-1,-1,-0.01,-1,-1
99926009,2026-05-18 11:50:33+05:30,53095.8,0,0.0,0,0.0,0.0,53282.15,53308.4,52783.45,53710.35,0,0.0,0.0,0.0,0.0,-0.01,-1,-1,-0.01,-1,-1,-0.01,-1,-1,-0.01,-1,-1,-0.01,-1,-1,-0.01,-1,-1,-0.01,-1,-1,-0.01,-1,-1,-0.01,-1,-1,-0.01,-1,-1
99926009,2026-05-18 11:50:34+05:30,53093.85,0,0.0,0,0.0,0.0,53282.15,53308.4,52783.45,53710.35,0,0.0,0.0,0.0,0.0,-0.01,-1,-1,-0.01,-1,-1,-0.01,-1,-1,-0.01,-1,-1,-0.01,-1,-1,-0.01,-1,-1,-0.01,-1,-1,-0.01,-1,-1,-0.01,-1,-1,-0.01,-1,-1
99926009,2026-05-18 11:50:34+05:30,53095.85,0,0.0,0,0.0,0.0,53282.15,53308.4,52783.45,53710.35,0,0.0,0.0,0.0,0.0,-0.01,-1,-1,-0.01,-1,-1,-0.01,-1,-1,-0.01,-1,-1,-0.01,-1,-1,-0.01,-1,-1,-0.01,-1,-1,-0.01,-1,-1,-0.01,-1,-1,-0.01,-1,-1
99926009,2026-05-18 11:50:35+05:30,53096.25,0,0.0,0,0.0,0.0,53282.15,53308.4,52783.45,53710.35,0,0.0,0.0,0.0,0.0,-0.01,-1,-1,-0.01,-1,-1,-0.01,-1,-1,-0.01,-1,-1,-0.01,-1,-1,-0.01,-1,-1,-0.01,-1,-1,-0.01,-1,-1,-0.01,-1,-1,-0.01,-1,-1
99926009,2026-05-18 11:50:35+05:30,53096.5,0,0.0,0,0.0,0.0,53282.15,53308.4,52783.45,53710.35,0,0.0,0.0,0.0,0.0,-0.01,-1,-1,-0.01,-1,-1,-0.01,-1,-1,-0.01,-1,-1,-0.01,-1,-1,-0.01,-1,-1,-0.01,-1,-1,-0.01,-1,-1,-0.01,-1,-1,-0.01,-1,-1
99926009,2026-05-18 11:50:36+05:30,53095.0,0,0.0,0,0.0,0.0,53282.15,53308.4,52783.45,53710.35,0,0.0,0.0,0.0,0.0,-0.01,-1,-1,-0.01,-1,-1,-0.01,-1,-1,-0.01,-1,-1,-0.01,-1,-1,-0.01,-1,-1,-0.01,-1,-1,-0.01,-1,-1,-0.01,-1,-1,-0.01,-1,-1
99926009,2026-05-18 11:50:36+05:30,53096.2,0,0.0,0,0.0,0.0,53282.15,53308.4,52783.45,53710.35,0,0.0,0.0,0.0,0.0,-0.01,-1,-1,-0.01,-1,-1,-0.01,-1,-1,-0.01,-1,-1,-0.01,-1,-1,-0.01,-1,-1,-0.01,-1,-1,-0.01,-1,-1,-0.01,-1,-1,-0.01,-1,-1
99926009,2026-05-18 11:50:37+05:30,53095.05,0,0.0,0,0.0,0.0,53282.15,53308.4,52783.45,53710.35,0,0.0,0.0,0.0,0.0,-0.01,-1,-1,-0.01,-1,-1,-0.01,-1,-1,-0.01,-1,-1,-0.01,-1,-1,-0.01,-1,-1,-0.01,-1,-1,-0.01,-1,-1,-0.01,-1,-1,-0.01,-1,-1
99926009,2026-05-18 11:50:37+05:30,53095.05,0,0.0,0,0.0,0.0,53282.15,53308.4,52783.45,53710.35,0,0.0,0.0,0.0,0.0,-0.01,-1,-1,-0.01,-1,-1,-0.01,-1,-1,-0.01,-1,-1,-0.01,-1,-1,-0.01,-1,-1,-0.01,-1,-1,-0.01,-1,-1,-0.01,-1,-1,-0.01,-1,-1
99926009,2026-05-18 11:50:38+05:30,53094.1,0,0.0,0,0.0,0.0,53282.15,53308.4,52783.45,53710.35,0,0.0,0.0,0.0,0.0,-0.01,-1,-1,-0.01,-1,-1,-0.01,-1,-1,-0.01,-1,-1,-0.01,-1,-1,-0.01,-1,-1,-0.01,-1,-1,-0.01,-1,-1,-0.01,-1,-1,-0.01,-1,-1
99926009,2026-05-18 11:50:38+05:30,53096.2,0,0.0,0,0.0,0.0,53282.15,53308.4,52783.45,53710.35,0,0.0,0.0,0.0,0.0,-0.01,-1,-1,-0.01,-1,-1,-0.01,-1,-1,-0.01,-1,-1,-0.01,-1,-1,-0.01,-1,-1,-0.01,-1,-1,-0.01,-1,-1,-0.01,-1,-1,-0.01,-1,-1
99926009,2026-05-18 11:50:39+05:30,53095.7,0,0.0,0,0.0,0.0,53282.15,53308.4,52783.45,53710.35,0,0.0,0.0,0.0,0.0,-0.01,-1,-1,-0.01,-1,-1,-0.01,-1,-1,-0.01,-1,-1,-0.01,-1,-1,-0.01,-1,-1,-0.01,-1,-1,-0.01,-1,-1,-0.01,-1,-1,-0.01,-1,-1
99926009,2026-05-18 11:50:39+05:30,53094.25,0,0.0,0,0.0,0.0,53282.15,53308.4,52783.45,53710.35,0,0.0,0.0,0.0,0.0,-0.01,-1,-1,-0.01,-1,-1,-0.01,-1,-1,-0.01,-1,-1,-0.01,-1,-1,-0.01,-1,-1,-0.01,-1,-1,-0.01,-1,-1,-0.01,-1,-1,-0.01,-1,-1
99926009,2026-05-18 11:50:40+05:30,53094.9,0,0.0,0,0.0,0.0,53282.15,53308.4,52783.45,53710.35,0,0.0,0.0,0.0,0.0,-0.01,-1,-1,-0.01,-1,-1,-0.01,-1,-1,-0.01,-1,-1,-0.01,-1,-1,-0.01,-1,-1,-0.01,-1,-1,-0.01,-1,-1,-0.01,-1,-1,-0.01,-1,-1
99926009,2026-05-18 11:50:40+05:30,53092.45,0,0.0,0,0.0,0.0,53282.15,53308.4,52783.45,53710.35,0,0.0,0.0,0.0,0.0,-0.01,-1,-1,-0.01,-1,-1,-0.01,-1,-1,-0.01,-1,-1,-0.01,-1,-1,-0.01,-1,-1,-0.01,-1,-1,-0.01,-1,-1,-0.01,-1,-1,-0.01,-1,-1
99926009,2026-05-18 11:50:41+05:30,53094.15,0,0.0,0,0.0,0.0,53282.15,53308.4,52783.45,53710.35,0,0.0,0.0,0.0,0.0,-0.01,-1,-1,-0.01,-1,-1,-0.01,-1,-1,-0.01,-1,-1,-0.01,-1,-1,-0.01,-1,-1,-0.01,-1,-1,-0.01,-1,-1,-0.01,-1,-1,-0.01,-1,-1
99926009,2026-05-18 11:50:41+05:30,53090.5,0,0.0,0,0.0,0.0,53282.15,53308.4,52783.45,53710.35,0,0.0,0.0,0.0,0.0,-0.01,-1,-1,-0.01,-1,-1,-0.01,-1,-1,-0.01,-1,-1,-0.01,-1,-1,-0.01,-1,-1,-0.01,-1,-1,-0.01,-1,-1,-0.01,-1,-1,-0.01,-1,-1
99926009,2026-05-18 11:50:42+05:30,53090.6,0,0.0,0,0.0,0.0,53282.15,53308.4,52783.45,53710.35,0,0.0,0.0,0.0,0.0,-0.01,-1,-1,-0.01,-1,-1,-0.01,-1,-1,-0.01,-1,-1,-0.01,-1,-1,-0.01,-1,-1,-0.01,-1,-1,-0.01,-1,-1,-0.01,-1,-1,-0.01,-1,-1
99926009,2026-05-18 11:50:42+05:30,53095.25,0,0.0,0,0.0,0.0,53282.15,53308.4,52783.45,53710.35,0,0.0,0.0,0.0,0.0,-0.01,-1,-1,-0.01,-1,-1,-0.01,-1,-1,-0.01,-1,-1,-0.01,-1,-1,-0.01,-1,-1,-0.01,-1,-1,-0.01,-1,-1,-0.01,-1,-1,-0.01,-1,-1
99926009,2026-05-18 11:50:43+05:30,53095.85,0,0.0,0,0.0,0.0,53282.15,53308.4,52783.45,53710.35,0,0.0,0.0,0.0,0.0,-0.01,-1,-1,-0.01,-1,-1,-0.01,-1,-1,-0.01,-1,-1,-0.01,-1,-1,-0.01,-1,-1,-0.01,-1,-1,-0.01,-1,-1,-0.01,-1,-1,-0.01,-1,-1
99926009,2026-05-18 11:50:43+05:30,53093.65,0,0.0,0,0.0,0.0,53282.15,53308.4,52783.45,53710.35,0,0.0,0.0,0.0,0.0,-0.01,-1,-1,-0.01,-1,-1,-0.01,-1,-1,-0.01,-1,-1,-0.01,-1,-1,-0.01,-1,-1,-0.01,-1,-1,-0.01,-1,-1,-0.01,-1,-1,-0.01,-1,-1
99926009,2026-05-18 11:50:44+05:30,53093.95,0,0.0,0,0.0,0.0,53282.15,53308.4,52783.45,53710.35,0,0.0,0.0,0.0,0.0,-0.01,-1,-1,-0.01,-1,-1,-0.01,-1,-1,-0.01,-1,-1,-0.01,-1,-1,-0.01,-1,-1,-0.01,-1,-1,-0.01,-1,-1,-0.01,-1,-1,-0.01,-1,-1
99926009,2026-05-18 11:50:44+05:30,53094.3,0,0.0,0,0.0,0.0,53282.15,53308.4,52783.45,53710.35,0,0.0,0.0,0.0,0.0,-0.01,-1,-1,-0.01,-1,-1,-0.01,-1,-1,-0.01,-1,-1,-0.01,-1,-1,-0.01,-1,-1,-0.01,-1,-1,-0.01,-1,-1,-0.01,-1,-1,-0.01,-1,-1
99926009,2026-05-18 11:50:45+05:30,53094.75,0,0.0,0,0.0,0.0,53282.15,53308.4,52783.45,53710.35,0,0.0,0.0,0.0,0.0,-0.01,-1,-1,-0.01,-1,-1,-0.01,-1,-1,-0.01,-1,-1,-0.01,-1,-1,-0.01,-1,-1,-0.01,-1,-1,-0.01,-1,-1,-0.01,-1,-1,-0.01,-1,-1
99926009,2026-05-18 11:50:45+05:30,53094.05,0,0.0,0,0.0,0.0,53282.15,53308.4,52783.45,53710.35,0,0.0,0.0,0.0,0.0,-0.01,-1,-1,-0.01,-1,-1,-0.01,-1,-1,-0.01,-1,-1,-0.01,-1,-1,-0.01,-1,-1,-0.01,-1,-1,-0.01,-1,-1,-0.01,-1,-1,-0.01,-1,-1
99926009,2026-05-18 11:50:46+05:30,53087.85,0,0.0,0,0.0,0.0,53282.15,53308.4,52783.45,53710.35,0,0.0,0.0,0.0,0.0,-0.01,-1,-1,-0.01,-1,-1,-0.01,-1,-1,-0.01,-1,-1,-0.01,-1,-1,-0.01,-1,-1,-0.01,-1,-1,-0.01,-1,-1,-0.01,-1,-1,-0.01,-1,-1
99926009,2026-05-18 11:50:46+05:30,53090.0,0,0.0,0,0.0,0.0,53282.15,53308.4,52783.45,53710.35,0,0.0,0.0,0.0,0.0,-0.01,-1,-1,-0.01,-1,-1,-0.01,-1,-1,-0.01,-1,-1,-0.01,-1,-1,-0.01,-1,-1,-0.01,-1,-1,-0.01,-1,-1,-0.01,-1,-1,-0.01,-1,-1
99926009,2026-05-18 11:50:47+05:30,53090.0,0,0.0,0,0.0,0.0,53282.15,53308.4,52783.45,53710.35,0,0.0,0.0,0.0,0.0,-0.01,-1,-1,-0.01,-1,-1,-0.01,-1,-1,-0.01,-1,-1,-0.01,-1,-1,-0.01,-1,-1,-0.01,-1,-1,-0.01,-1,-1,-0.01,-1,-1,-0.01,-1,-1
99926009,2026-05-18 11:50:47+05:30,53090.45,0,0.0,0,0.0,0.0,53282.15,53308.4,52783.45,53710.35,0,0.0,0.0,0.0,0.0,-0.01,-1,-1,-0.01,-1,-1,-0.01,-1,-1,-0.01,-1,-1,-0.01,-1,-1,-0.01,-1,-1,-0.01,-1,-1,-0.01,-1,-1,-0.01,-1,-1,-0.01,-1,-1
99926009,2026-05-18 11:50:48+05:30,53089.25,0,0.0,0,0.0,0.0,53282.15,53308.4,52783.45,53710.35,0,0.0,0.0,0.0,0.0,-0.01,-1,-1,-0.01,-1,-1,-0.01,-1,-1,-0.01,-1,-1,-0.01,-1,-1,-0.01,-1,-1,-0.01,-1,-1,-0.01,-1,-1,-0.01,-1,-1,-0.01,-1,-1
99926009,2026-05-18 11:50:48+05:30,53086.6,0,0.0,0,0.0,0.0,53282.15,53308.4,52783.45,53710.35,0,0.0,0.0,0.0,0.0,-0.01,-1,-1,-0.01,-1,-1,-0.01,-1,-1,-0.01,-1,-1,-0.01,-1,-1,-0.01,-1,-1,-0.01,-1,-1,-0.01,-1,-1,-0.01,-1,-1,-0.01,-1,-1
99926009,2026-05-18 11:50:49+05:30,53087.75,0,0.0,0,0.0,0.0,53282.15,53308.4,52783.45,53710.35,0,0.0,0.0,0.0,0.0,-0.01,-1,-1,-0.01,-1,-1,-0.01,-1,-1,-0.01,-1,-1,-0.01,-1,-1,-0.01,-1,-1,-0.01,-1,-1,-0.01,-1,-1,-0.01,-1,-1,-0.01,-1,-1
99926009,2026-05-18 11:50:49+05:30,53086.5,0,0.0,0,0.0,0.0,53282.15,53308.4,52783.45,53710.35,0,0.0,0.0,0.0,0.0,-0.01,-1,-1,-0.01,-1,-1,-0.01,-1,-1,-0.01,-1,-1,-0.01,-1,-1,-0.01,-1,-1,-0.01,-1,-1,-0.01,-1,-1,-0.01,-1,-1,-0.01,-1,-1
99926009,2026-05-18 11:50:50+05:30,53085.85,0,0.0,0,0.0,0.0,53282.15,53308.4,52783.45,53710.35,0,0.0,0.0,0.0,0.0,-0.01,-1,-1,-0.01,-1,-1,-0.01,-1,-1,-0.01,-1,-1,-0.01,-1,-1,-0.01,-1,-1,-0.01,-1,-1,-0.01,-1,-1,-0.01,-1,-1,-0.01,-1,-1
99926009,2026-05-18 11:50:50+05:30,53084.45,0,0.0,0,0.0,0.0,53282.15,53308.4,52783.45,53710.35,0,0.0,0.0,0.0,0.0,-0.01,-1,-1,-0.01,-1,-1,-0.01,-1,-1,-0.01,-1,-1,-0.01,-1,-1,-0.01,-1,-1,-0.01,-1,-1,-0.01,-1,-1,-0.01,-1,-1,-0.01,-1,-1
99926009,2026-05-18 11:50:51+05:30,53083.3,0,0.0,0,0.0,0.0,53282.15,53308.4,52783.45,53710.35,0,0.0,0.0,0.0,0.0,-0.01,-1,-1,-0.01,-1,-1,-0.01,-1,-1,-0.01,-1,-1,-0.01,-1,-1,-0.01,-1,-1,-0.01,-1,-1,-0.01,-1,-1,-0.01,-1,-1,-0.01,-1,-1
99926009,2026-05-18 11:50:51+05:30,53085.4,0,0.0,0,0.0,0.0,53282.15,53308.4,52783.45,53710.35,0,0.0,0.0,0.0,0.0,-0.01,-1,-1,-0.01,-1,-1,-0.01,-1,-1,-0.01,-1,-1,-0.01,-1,-1,-0.01,-1,-1,-0.01,-1,-1,-0.01,-1,-1,-0.01,-1,-1,-0.01,-1,-1
99926009,2026-05-18 11:50:52+05:30,53086.6,0,0.0,0,0.0,0.0,53282.15,53308.4,52783.45,53710.35,0,0.0,0.0,0.0,0.0,-0.01,-1,-1,-0.01,-1,-1,-0.01,-1,-1,-0.01,-1,-1,-0.01,-1,-1,-0.01,-1,-1,-0.01,-1,-1,-0.01,-1,-1,-0.01,-1,-1,-0.01,-1,-1
99926009,2026-05-18 11:50:52+05:30,53087.1,0,0.0,0,0.0,0.0,53282.15,53308.4,52783.45,53710.35,0,0.0,0.0,0.0,0.0,-0.01,-1,-1,-0.01,-1,-1,-0.01,-1,-1,-0.01,-1,-1,-0.01,-1,-1,-0.01,-1,-1,-0.01,-1,-1,-0.01,-1,-1,-0.01,-1,-1,-0.01,-1,-1
99926009,2026-05-18 11:50:53+05:30,53089.75,0,0.0,0,0.0,0.0,53282.15,53308.4,52783.45,53710.35,0,0.0,0.0,0.0,0.0,-0.01,-1,-1,-0.01,-1,-1,-0.01,-1,-1,-0.01,-1,-1,-0.01,-1,-1,-0.01,-1,-1,-0.01,-1,-1,-0.01,-1,-1,-0.01,-1,-1,-0.01,-1,-1
99926009,2026-05-18 11:50:53+05:30,53086.75,0,0.0,0,0.0,0.0,53282.15,53308.4,52783.45,53710.35,0,0.0,0.0,0.0,0.0,-0.01,-1,-1,-0.01,-1,-1,-0.01,-1,-1,-0.01,-1,-1,-0.01,-1,-1,-0.01,-1,-1,-0.01,-1,-1,-0.01,-1,-1,-0.01,-1,-1,-0.01,-1,-1
99926009,2026-05-18 11:50:54+05:30,53088.9,0,0.0,0,0.0,0.0,53282.15,53308.4,52783.45,53710.35,0,0.0,0.0,0.0,0.0,-0.01,-1,-1,-0.01,-1,-1,-0.01,-1,-1,-0.01,-1,-1,-0.01,-1,-1,-0.01,-1,-1,-0.01,-1,-1,-0.01,-1,-1,-0.01,-1,-1,-0.01,-1,-1
99926009,2026-05-18 11:50:54+05:30,53087.4,0,0.0,0,0.0,0.0,53282.15,53308.4,52783.45,53710.35,0,0.0,0.0,0.0,0.0,-0.01,-1,-1,-0.01,-1,-1,-0.01,-1,-1,-0.01,-1,-1,-0.01,-1,-1,-0.01,-1,-1,-0.01,-1,-1,-0.01,-1,-1,-0.01,-1,-1,-0.01,-1,-1
99926009,2026-05-18 11:50:55+05:30,53086.65,0,0.0,0,0.0,0.0,53282.15,53308.4,52783.45,53710.35,0,0.0,0.0,0.0,0.0,-0.01,-1,-1,-0.01,-1,-1,-0.01,-1,-1,-0.01,-1,-1,-0.01,-1,-1,-0.01,-1,-1,-0.01,-1,-1,-0.01,-1,-1,-0.01,-1,-1,-0.01,-1,-1
99926009,2026-05-18 11:50:55+05:30,53083.35,0,0.0,0,0.0,0.0,53282.15,53308.4,52783.45,53710.35,0,0.0,0.0,0.0,0.0,-0.01,-1,-1,-0.01,-1,-1,-0.01,-1,-1,-0.01,-1,-1,-0.01,-1,-1,-0.01,-1,-1,-0.01,-1,-1,-0.01,-1,-1,-0.01,-1,-1,-0.01,-1,-1
99926009,2026-05-18 11:50:56+05:30,53084.65,0,0.0,0,0.0,0.0,53282.15,53308.4,52783.45,53710.35,0,0.0,0.0,0.0,0.0,-0.01,-1,-1,-0.01,-1,-1,-0.01,-1,-1,-0.01,-1,-1,-0.01,-1,-1,-0.01,-1,-1,-0.01,-1,-1,-0.01,-1,-1,-0.01,-1,-1,-0.01,-1,-1
99926009,2026-05-18 11:50:56+05:30,53082.3,0,0.0,0,0.0,0.0,53282.15,53308.4,52783.45,53710.35,0,0.0,0.0,0.0,0.0,-0.01,-1,-1,-0.01,-1,-1,-0.01,-1,-1,-0.01,-1,-1,-0.01,-1,-1,-0.01,-1,-1,-0.01,-1,-1,-0.01,-1,-1,-0.01,-1,-1,-0.01,-1,-1
99926009,2026-05-18 11:50:57+05:30,53080.4,0,0.0,0,0.0,0.0,53282.15,53308.4,52783.45,53710.35,0,0.0,0.0,0.0,0.0,-0.01,-1,-1,-0.01,-1,-1,-0.01,-1,-1,-0.01,-1,-1,-0.01,-1,-1,-0.01,-1,-1,-0.01,-1,-1,-0.01,-1,-1,-0.01,-1,-1,-0.01,-1,-1
99926009,2026-05-18 11:50:57+05:30,53081.45,0,0.0,0,0.0,0.0,53282.15,53308.4,52783.45,53710.35,0,0.0,0.0,0.0,0.0,-0.01,-1,-1,-0.01,-1,-1,-0.01,-1,-1,-0.01,-1,-1,-0.01,-1,-1,-0.01,-1,-1,-0.01,-1,-1,-0.01,-1,-1,-0.01,-1,-1,-0.01,-1,-1
99926009,2026-05-18 11:50:58+05:30,53081.25,0,0.0,0,0.0,0.0,53282.15,53308.4,52783.45,53710.35,0,0.0,0.0,0.0,0.0,-0.01,-1,-1,-0.01,-1,-1,-0.01,-1,-1,-0.01,-1,-1,-0.01,-1,-1,-0.01,-1,-1,-0.01,-1,-1,-0.01,-1,-1,-0.01,-1,-1,-0.01,-1,-1
99926009,2026-05-18 11:50:58+05:30,53080.55,0,0.0,0,0.0,0.0,53282.15,53308.4,52783.45,53710.35,0,0.0,0.0,0.0,0.0,-0.01,-1,-1,-0.01,-1,-1,-0.01,-1,-1,-0.01,-1,-1,-0.01,-1,-1,-0.01,-1,-1,-0.01,-1,-1,-0.01,-1,-1,-0.01,-1,-1,-0.01,-1,-1
99926009,2026-05-18 11:50:59+05:30,53082.1,0,0.0,0,0.0,0.0,53282.15,53308.4,52783.45,53710.35,0,0.0,0.0,0.0,0.0,-0.01,-1,-1,-0.01,-1,-1,-0.01,-1,-1,-0.01,-1,-1,-0.01,-1,-1,-0.01,-1,-1,-0.01,-1,-1,-0.01,-1,-1,-0.01,-1,-1,-0.01,-1,-1
99926009,2026-05-18 11:50:59+05:30,53083.25,0,0.0,0,0.0,0.0,53282.15,53308.4,52783.45,53710.35,0,0.0,0.0,0.0,0.0,-0.01,-1,-1,-0.01,-1,-1,-0.01,-1,-1,-0.01,-1,-1,-0.01,-1,-1,-0.01,-1,-1,-0.01,-1,-1,-0.01,-1,-1,-0.01,-1,-1,-0.01,-1,-1
99926009,2026-05-18 11:51:00+05:30,53082.0,0,0.0,0,0.0,0.0,53282.15,53308.4,52783.45,53710.35,0,0.0,0.0,0.0,0.0,-0.01,-1,-1,-0.01,-1,-1,-0.01,-1,-1,-0.01,-1,-1,-0.01,-1,-1,-0.01,-1,-1,-0.01,-1,-1,-0.01,-1,-1,-0.01,-1,-1,-0.01,-1,-1
99926009,2026-05-18 11:51:00+05:30,53083.7,0,0.0,0,0.0,0.0,53282.15,53308.4,52783.45,53710.35,0,0.0,0.0,0.0,0.0,-0.01,-1,-1,-0.01,-1,-1,-0.01,-1,-1,-0.01,-1,-1,-0.01,-1,-1,-0.01,-1,-1,-0.01,-1,-1,-0.01,-1,-1,-0.01,-1,-1,-0.01,-1,-1
99926009,2026-05-18 11:51:01+05:30,53084.4,0,0.0,0,0.0,0.0,53282.15,53308.4,52783.45,53710.35,0,0.0,0.0,0.0,0.0,-0.01,-1,-1,-0.01,-1,-1,-0.01,-1,-1,-0.01,-1,-1,-0.01,-1,-1,-0.01,-1,-1,-0.01,-1,-1,-0.01,-1,-1,-0.01,-1,-1,-0.01,-1,-1
99926009,2026-05-18 11:51:01+05:30,53081.45,0,0.0,0,0.0,0.0,53282.15,53308.4,52783.45,53710.35,0,0.0,0.0,0.0,0.0,-0.01,-1,-1,-0.01,-1,-1,-0.01,-1,-1,-0.01,-1,-1,-0.01,-1,-1,-0.01,-1,-1,-0.01,-1,-1,-0.01,-1,-1,-0.01,-1,-1,-0.01,-1,-1
99926009,2026-05-18 11:51:02+05:30,53083.9,0,0.0,0,0.0,0.0,53282.15,53308.4,52783.45,53710.35,0,0.0,0.0,0.0,0.0,-0.01,-1,-1,-0.01,-1,-1,-0.01,-1,-1,-0.01,-1,-1,-0.01,-1,-1,-0.01,-1,-1,-0.01,-1,-1,-0.01,-1,-1,-0.01,-1,-1,-0.01,-1,-1
99926009,2026-05-18 11:51:02+05:30,53086.45,0,0.0,0,0.0,0.0,53282.15,53308.4,52783.45,53710.35,0,0.0,0.0,0.0,0.0,-0.01,-1,-1,-0.01,-1,-1,-0.01,-1,-1,-0.01,-1,-1,-0.01,-1,-1,-0.01,-1,-1,-0.01,-1,-1,-0.01,-1,-1,-0.01,-1,-1,-0.01,-1,-1
99926009,2026-05-18 11:51:03+05:30,53086.6,0,0.0,0,0.0,0.0,53282.15,53308.4,52783.45,53710.35,0,0.0,0.0,0.0,0.0,-0.01,-1,-1,-0.01,-1,-1,-0.01,-1,-1,-0.01,-1,-1,-0.01,-1,-1,-0.01,-1,-1,-0.01,-1,-1,-0.01,-1,-1,-0.01,-1,-1,-0.01,-1,-1
99926009,2026-05-18 11:51:03+05:30,53085.0,0,0.0,0,0.0,0.0,53282.15,53308.4,52783.45,53710.35,0,0.0,0.0,0.0,0.0,-0.01,-1,-1,-0.01,-1,-1,-0.01,-1,-1,-0.01,-1,-1,-0.01,-1,-1,-0.01,-1,-1,-0.01,-1,-1,-0.01,-1,-1,-0.01,-1,-1,-0.01,-1,-1
99926009,2026-05-18 11:51:04+05:30,53085.6,0,0.0,0,0.0,0.0,53282.15,53308.4,52783.45,53710.35,0,0.0,0.0,0.0,0.0,-0.01,-1,-1,-0.01,-1,-1,-0.01,-1,-1,-0.01,-1,-1,-0.01,-1,-1,-0.01,-1,-1,-0.01,-1,-1,-0.01,-1,-1,-0.01,-1,-1,-0.01,-1,-1
99926009,2026-05-18 11:51:04+05:30,53082.9,0,0.0,0,0.0,0.0,53282.15,53308.4,52783.45,53710.35,0,0.0,0.0,0.0,0.0,-0.01,-1,-1,-0.01,-1,-1,-0.01,-1,-1,-0.01,-1,-1,-0.01,-1,-1,-0.01,-1,-1,-0.01,-1,-1,-0.01,-1,-1,-0.01,-1,-1,-0.01,-1,-1
99926009,2026-05-18 11:51:05+05:30,53085.05,0,0.0,0,0.0,0.0,53282.15,53308.4,52783.45,53710.35,0,0.0,0.0,0.0,0.0,-0.01,-1,-1,-0.01,-1,-1,-0.01,-1,-1,-0.01,-1,-1,-0.01,-1,-1,-0.01,-1,-1,-0.01,-1,-1,-0.01,-1,-1,-0.01,-1,-1,-0.01,-1,-1
99926009,2026-05-18 11:51:05+05:30,53085.4,0,0.0,0,0.0,0.0,53282.15,53308.4,52783.45,53710.35,0,0.0,0.0,0.0,0.0,-0.01,-1,-1,-0.01,-1,-1,-0.01,-1,-1,-0.01,-1,-1,-0.01,-1,-1,-0.01,-1,-1,-0.01,-1,-1,-0.01,-1,-1,-0.01,-1,-1,-0.01,-1,-1
99926009,2026-05-18 11:51:06+05:30,53084.4,0,0.0,0,0.0,0.0,53282.15,53308.4,52783.45,53710.35,0,0.0,0.0,0.0,0.0,-0.01,-1,-1,-0.01,-1,-1,-0.01,-1,-1,-0.01,-1,-1,-0.01,-1,-1,-0.01,-1,-1,-0.01,-1,-1,-0.01,-1,-1,-0.01,-1,-1,-0.01,-1,-1
99926009,2026-05-18 11:51:06+05:30,53081.65,0,0.0,0,0.0,0.0,53282.15,53308.4,52783.45,53710.35,0,0.0,0.0,0.0,0.0,-0.01,-1,-1,-0.01,-1,-1,-0.01,-1,-1,-0.01,-1,-1,-0.01,-1,-1,-0.01,-1,-1,-0.01,-1,-1,-0.01,-1,-1,-0.01,-1,-1,-0.01,-1,-1
99926009,2026-05-18 11:51:07+05:30,53081.8,0,0.0,0,0.0,0.0,53282.15,53308.4,52783.45,53710.35,0,0.0,0.0,0.0,0.0,-0.01,-1,-1,-0.01,-1,-1,-0.01,-1,-1,-0.01,-1,-1,-0.01,-1,-1,-0.01,-1,-1,-0.01,-1,-1,-0.01,-1,-1,-0.01,-1,-1,-0.01,-1,-1
99926009,2026-05-18 11:51:07+05:30,53082.8,0,0.0,0,0.0,0.0,53282.15,53308.4,52783.45,53710.35,0,0.0,0.0,0.0,0.0,-0.01,-1,-1,-0.01,-1,-1,-0.01,-1,-1,-0.01,-1,-1,-0.01,-1,-1,-0.01,-1,-1,-0.01,-1,-1,-0.01,-1,-1,-0.01,-1,-1,-0.01,-1,-1
99926009,2026-05-18 11:51:08+05:30,53081.5,0,0.0,0,0.0,0.0,53282.15,53308.4,52783.45,53710.35,0,0.0,0.0,0.0,0.0,-0.01,-1,-1,-0.01,-1,-1,-0.01,-1,-1,-0.01,-1,-1,-0.01,-1,-1,-0.01,-1,-1,-0.01,-1,-1,-0.01,-1,-1,-0.01,-1,-1,-0.01,-1,-1
99926009,2026-05-18 11:51:08+05:30,53082.1,0,0.0,0,0.0,0.0,53282.15,53308.4,52783.45,53710.35,0,0.0,0.0,0.0,0.0,-0.01,-1,-1,-0.01,-1,-1,-0.01,-1,-1,-0.01,-1,-1,-0.01,-1,-1,-0.01,-1,-1,-0.01,-1,-1,-0.01,-1,-1,-0.01,-1,-1,-0.01,-1,-1
99926009,2026-05-18 11:51:09+05:30,53082.15,0,0.0,0,0.0,0.0,53282.15,53308.4,52783.45,53710.35,0,0.0,0.0,0.0,0.0,-0.01,-1,-1,-0.01,-1,-1,-0.01,-1,-1,-0.01,-1,-1,-0.01,-1,-1,-0.01,-1,-1,-0.01,-1,-1,-0.01,-1,-1,-0.01,-1,-1,-0.01,-1,-1
99926009,2026-05-18 11:51:09+05:30,53083.75,0,0.0,0,0.0,0.0,53282.15,53308.4,52783.45,53710.35,0,0.0,0.0,0.0,0.0,-0.01,-1,-1,-0.01,-1,-1,-0.01,-1,-1,-0.01,-1,-1,-0.01,-1,-1,-0.01,-1,-1,-0.01,-1,-1,-0.01,-1,-1,-0.01,-1,-1,-0.01,-1,-1
99926009,2026-05-18 11:51:10+05:30,53085.95,0,0.0,0,0.0,0.0,53282.15,53308.4,52783.45,53710.35,0,0.0,0.0,0.0,0.0,-0.01,-1,-1,-0.01,-1,-1,-0.01,-1,-1,-0.01,-1,-1,-0.01,-1,-1,-0.01,-1,-1,-0.01,-1,-1,-0.01,-1,-1,-0.01,-1,-1,-0.01,-1,-1
99926009,2026-05-18 11:51:10+05:30,53084.5,0,0.0,0,0.0,0.0,53282.15,53308.4,52783.45,53710.35,0,0.0,0.0,0.0,0.0,-0.01,-1,-1,-0.01,-1,-1,-0.01,-1,-1,-0.01,-1,-1,-0.01,-1,-1,-0.01,-1,-1,-0.01,-1,-1,-0.01,-1,-1,-0.01,-1,-1,-0.01,-1,-1
99926009,2026-05-18 11:51:11+05:30,53081.7,0,0.0,0,0.0,0.0,53282.15,53308.4,52783.45,53710.35,0,0.0,0.0,0.0,0.0,-0.01,-1,-1,-0.01,-1,-1,-0.01,-1,-1,-0.01,-1,-1,-0.01,-1,-1,-0.01,-1,-1,-0.01,-1,-1,-0.01,-1,-1,-0.01,-1,-1,-0.01,-1,-1
99926009,2026-05-18 11:51:11+05:30,53079.15,0,0.0,0,0.0,0.0,53282.15,53308.4,52783.45,53710.35,0,0.0,0.0,0.0,0.0,-0.01,-1,-1,-0.01,-1,-1,-0.01,-1,-1,-0.01,-1,-1,-0.01,-1,-1,-0.01,-1,-1,-0.01,-1,-1,-0.01,-1,-1,-0.01,-1,-1,-0.01,-1,-1
99926009,2026-05-18 11:51:12+05:30,53077.5,0,0.0,0,0.0,0.0,53282.15,53308.4,52783.45,53710.35,0,0.0,0.0,0.0,0.0,-0.01,-1,-1,-0.01,-1,-1,-0.01,-1,-1,-0.01,-1,-1,-0.01,-1,-1,-0.01,-1,-1,-0.01,-1,-1,-0.01,-1,-1,-0.01,-1,-1,-0.01,-1,-1
99926009,2026-05-18 11:51:12+05:30,53078.6,0,0.0,0,0.0,0.0,53282.15,53308.4,52783.45,53710.35,0,0.0,0.0,0.0,0.0,-0.01,-1,-1,-0.01,-1,-1,-0.01,-1,-1,-0.01,-1,-1,-0.01,-1,-1,-0.01,-1,-1,-0.01,-1,-1,-0.01,-1,-1,-0.01,-1,-1,-0.01,-1,-1
99926009,2026-05-18 11:51:13+05:30,53077.2,0,0.0,0,0.0,0.0,53282.15,53308.4,52783.45,53710.35,0,0.0,0.0,0.0,0.0,-0.01,-1,-1,-0.01,-1,-1,-0.01,-1,-1,-0.01,-1,-1,-0.01,-1,-1,-0.01,-1,-1,-0.01,-1,-1,-0.01,-1,-1,-0.01,-1,-1,-0.01,-1,-1
99926009,2026-05-18 11:51:13+05:30,53075.8,0,0.0,0,0.0,0.0,53282.15,53308.4,52783.45,53710.35,0,0.0,0.0,0.0,0.0,-0.01,-1,-1,-0.01,-1,-1,-0.01,-1,-1,-0.01,-1,-1,-0.01,-1,-1,-0.01,-1,-1,-0.01,-1,-1,-0.01,-1,-1,-0.01,-1,-1,-0.01,-1,-1
99926009,2026-05-18 11:51:14+05:30,53074.6,0,0.0,0,0.0,0.0,53282.15,53308.4,52783.45,53710.35,0,0.0,0.0,0.0,0.0,-0.01,-1,-1,-0.01,-1,-1,-0.01,-1,-1,-0.01,-1,-1,-0.01,-1,-1,-0.01,-1,-1,-0.01,-1,-1,-0.01,-1,-1,-0.01,-1,-1,-0.01,-1,-1
99926009,2026-05-18 11:51:14+05:30,53073.75,0,0.0,0,0.0,0.0,53282.15,53308.4,52783.45,53710.35,0,0.0,0.0,0.0,0.0,-0.01,-1,-1,-0.01,-1,-1,-0.01,-1,-1,-0.01,-1,-1,-0.01,-1,-1,-0.01,-1,-1,-0.01,-1,-1,-0.01,-1,-1,-0.01,-1,-1,-0.01,-1,-1
99926009,2026-05-18 11:51:15+05:30,53074.8,0,0.0,0,0.0,0.0,53282.15,53308.4,52783.45,53710.35,0,0.0,0.0,0.0,0.0,-0.01,-1,-1,-0.01,-1,-1,-0.01,-1,-1,-0.01,-1,-1,-0.01,-1,-1,-0.01,-1,-1,-0.01,-1,-1,-0.01,-1,-1,-0.01,-1,-1,-0.01,-1,-1
99926009,2026-05-18 11:51:15+05:30,53076.2,0,0.0,0,0.0,0.0,53282.15,53308.4,52783.45,53710.35,0,0.0,0.0,0.0,0.0,-0.01,-1,-1,-0.01,-1,-1,-0.01,-1,-1,-0.01,-1,-1,-0.01,-1,-1,-0.01,-1,-1,-0.01,-1,-1,-0.01,-1,-1,-0.01,-1,-1,-0.01,-1,-1
99926009,2026-05-18 11:51:16+05:30,53077.55,0,0.0,0,0.0,0.0,53282.15,53308.4,52783.45,53710.35,0,0.0,0.0,0.0,0.0,-0.01,-1,-1,-0.01,-1,-1,-0.01,-1,-1,-0.01,-1,-1,-0.01,-1,-1,-0.01,-1,-1,-0.01,-1,-1,-0.01,-1,-1,-0.01,-1,-1,-0.01,-1,-1
99926009,2026-05-18 11:51:16+05:30,53077.7,0,0.0,0,0.0,0.0,53282.15,53308.4,52783.45,53710.35,0,0.0,0.0,0.0,0.0,-0.01,-1,-1,-0.01,-1,-1,-0.01,-1,-1,-0.01,-1,-1,-0.01,-1,-1,-0.01,-1,-1,-0.01,-1,-1,-0.01,-1,-1,-0.01,-1,-1,-0.01,-1,-1
99926009,2026-05-18 11:51:17+05:30,53077.8,0,0.0,0,0.0,0.0,53282.15,53308.4,52783.45,53710.35,0,0.0,0.0,0.0,0.0,-0.01,-1,-1,-0.01,-1,-1,-0.01,-1,-1,-0.01,-1,-1,-0.01,-1,-1,-0.01,-1,-1,-0.01,-1,-1,-0.01,-1,-1,-0.01,-1,-1,-0.01,-1,-1
99926009,2026-05-18 11:51:17+05:30,53077.45,0,0.0,0,0.0,0.0,53282.15,53308.4,52783.45,53710.35,0,0.0,0.0,0.0,0.0,-0.01,-1,-1,-0.01,-1,-1,-0.01,-1,-1,-0.01,-1,-1,-0.01,-1,-1,-0.01,-1,-1,-0.01,-1,-1,-0.01,-1,-1,-0.01,-1,-1,-0.01,-1,-1
99926009,2026-05-18 11:51:18+05:30,53077.9,0,0.0,0,0.0,0.0,53282.15,53308.4,52783.45,53710.35,0,0.0,0.0,0.0,0.0,-0.01,-1,-1,-0.01,-1,-1,-0.01,-1,-1,-0.01,-1,-1,-0.01,-1,-1,-0.01,-1,-1,-0.01,-1,-1,-0.01,-1,-1,-0.01,-1,-1,-0.01,-1,-1
99926009,2026-05-18 11:51:18+05:30,53076.95,0,0.0,0,0.0,0.0,53282.15,53308.4,52783.45,53710.35,0,0.0,0.0,0.0,0.0,-0.01,-1,-1,-0.01,-1,-1,-0.01,-1,-1,-0.01,-1,-1,-0.01,-1,-1,-0.01,-1,-1,-0.01,-1,-1,-0.01,-1,-1,-0.01,-1,-1,-0.01,-1,-1
99926009,2026-05-18 11:51:19+05:30,53072.45,0,0.0,0,0.0,0.0,53282.15,53308.4,52783.45,53710.35,0,0.0,0.0,0.0,0.0,-0.01,-1,-1,-0.01,-1,-1,-0.01,-1,-1,-0.01,-1,-1,-0.01,-1,-1,-0.01,-1,-1,-0.01,-1,-1,-0.01,-1,-1,-0.01,-1,-1,-0.01,-1,-1
99926009,2026-05-18 11:51:19+05:30,53073.5,0,0.0,0,0.0,0.0,53282.15,53308.4,52783.45,53710.35,0,0.0,0.0,0.0,0.0,-0.01,-1,-1,-0.01,-1,-1,-0.01,-1,-1,-0.01,-1,-1,-0.01,-1,-1,-0.01,-1,-1,-0.01,-1,-1,-0.01,-1,-1,-0.01,-1,-1,-0.01,-1,-1
99926009,2026-05-18 11:51:20+05:30,53072.1,0,0.0,0,0.0,0.0,53282.15,53308.4,52783.45,53710.35,0,0.0,0.0,0.0,0.0,-0.01,-1,-1,-0.01,-1,-1,-0.01,-1,-1,-0.01,-1,-1,-0.01,-1,-1,-0.01,-1,-1,-0.01,-1,-1,-0.01,-1,-1,-0.01,-1,-1,-0.01,-1,-1
99926009,2026-05-18 11:51:20+05:30,53073.95,0,0.0,0,0.0,0.0,53282.15,53308.4,52783.45,53710.35,0,0.0,0.0,0.0,0.0,-0.01,-1,-1,-0.01,-1,-1,-0.01,-1,-1,-0.01,-1,-1,-0.01,-1,-1,-0.01,-1,-1,-0.01,-1,-1,-0.01,-1,-1,-0.01,-1,-1,-0.01,-1,-1
99926009,2026-05-18 11:51:21+05:30,53072.35,0,0.0,0,0.0,0.0,53282.15,53308.4,52783.45,53710.35,0,0.0,0.0,0.0,0.0,-0.01,-1,-1,-0.01,-1,-1,-0.01,-1,-1,-0.01,-1,-1,-0.01,-1,-1,-0.01,-1,-1,-0.01,-1,-1,-0.01,-1,-1,-0.01,-1,-1,-0.01,-1,-1
99926009,2026-05-18 11:51:21+05:30,53072.35,0,0.0,0,0.0,0.0,53282.15,53308.4,52783.45,53710.35,0,0.0,0.0,0.0,0.0,-0.01,-1,-1,-0.01,-1,-1,-0.01,-1,-1,-0.01,-1,-1,-0.01,-1,-1,-0.01,-1,-1,-0.01,-1,-1,-0.01,-1,-1,-0.01,-1,-1,-0.01,-1,-1
99926009,2026-05-18 11:51:22+05:30,53073.2,0,0.0,0,0.0,0.0,53282.15,53308.4,52783.45,53710.35,0,0.0,0.0,0.0,0.0,-0.01,-1,-1,-0.01,-1,-1,-0.01,-1,-1,-0.01,-1,-1,-0.01,-1,-1,-0.01,-1,-1,-0.01,-1,-1,-0.01,-1,-1,-0.01,-1,-1,-0.01,-1,-1
99926009,2026-05-18 11:51:22+05:30,53073.05,0,0.0,0,0.0,0.0,53282.15,53308.4,52783.45,53710.35,0,0.0,0.0,0.0,0.0,-0.01,-1,-1,-0.01,-1,-1,-0.01,-1,-1,-0.01,-1,-1,-0.01,-1,-1,-0.01,-1,-1,-0.01,-1,-1,-0.01,-1,-1,-0.01,-1,-1,-0.01,-1,-1
99926009,2026-05-18 11:51:23+05:30,53072.45,0,0.0,0,0.0,0.0,53282.15,53308.4,52783.45,53710.35,0,0.0,0.0,0.0,0.0,-0.01,-1,-1,-0.01,-1,-1,-0.01,-1,-1,-0.01,-1,-1,-0.01,-1,-1,-0.01,-1,-1,-0.01,-1,-1,-0.01,-1,-1,-0.01,-1,-1,-0.01,-1,-1
99926009,2026-05-18 11:51:23+05:30,53070.65,0,0.0,0,0.0,0.0,53282.15,53308.4,52783.45,53710.35,0,0.0,0.0,0.0,0.0,-0.01,-1,-1,-0.01,-1,-1,-0.01,-1,-1,-0.01,-1,-1,-0.01,-1,-1,-0.01,-1,-1,-0.01,-1,-1,-0.01,-1,-1,-0.01,-1,-1,-0.01,-1,-1
99926009,2026-05-18 11:51:24+05:30,53071.45,0,0.0,0,0.0,0.0,53282.15,53308.4,52783.45,53710.35,0,0.0,0.0,0.0,0.0,-0.01,-1,-1,-0.01,-1,-1,-0.01,-1,-1,-0.01,-1,-1,-0.01,-1,-1,-0.01,-1,-1,-0.01,-1,-1,-0.01,-1,-1,-0.01,-1,-1,-0.01,-1,-1
99926009,2026-05-18 11:51:24+05:30,53070.7,0,0.0,0,0.0,0.0,53282.15,53308.4,52783.45,53710.35,0,0.0,0.0,0.0,0.0,-0.01,-1,-1,-0.01,-1,-1,-0.01,-1,-1,-0.01,-1,-1,-0.01,-1,-1,-0.01,-1,-1,-0.01,-1,-1,-0.01,-1,-1,-0.01,-1,-1,-0.01,-1,-1
99926009,2026-05-18 11:51:25+05:30,53068.85,0,0.0,0,0.0,0.0,53282.15,53308.4,52783.45,53710.35,0,0.0,0.0,0.0,0.0,-0.01,-1,-1,-0.01,-1,-1,-0.01,-1,-1,-0.01,-1,-1,-0.01,-1,-1,-0.01,-1,-1,-0.01,-1,-1,-0.01,-1,-1,-0.01,-1,-1,-0.01,-1,-1
99926009,2026-05-18 11:51:25+05:30,53070.4,0,0.0,0,0.0,0.0,53282.15,53308.4,52783.45,53710.35,0,0.0,0.0,0.0,0.0,-0.01,-1,-1,-0.01,-1,-1,-0.01,-1,-1,-0.01,-1,-1,-0.01,-1,-1,-0.01,-1,-1,-0.01,-1,-1,-0.01,-1,-1,-0.01,-1,-1,-0.01,-1,-1
99926009,2026-05-18 11:51:26+05:30,53068.45,0,0.0,0,0.0,0.0,53282.15,53308.4,52783.45,53710.35,0,0.0,0.0,0.0,0.0,-0.01,-1,-1,-0.01,-1,-1,-0.01,-1,-1,-0.01,-1,-1,-0.01,-1,-1,-0.01,-1,-1,-0.01,-1,-1,-0.01,-1,-1,-0.01,-1,-1,-0.01,-1,-1
99926009,2026-05-18 11:51:26+05:30,53070.1,0,0.0,0,0.0,0.0,53282.15,53308.4,52783.45,53710.35,0,0.0,0.0,0.0,0.0,-0.01,-1,-1,-0.01,-1,-1,-0.01,-1,-1,-0.01,-1,-1,-0.01,-1,-1,-0.01,-1,-1,-0.01,-1,-1,-0.01,-1,-1,-0.01,-1,-1,-0.01,-1,-1
99926009,2026-05-18 11:51:27+05:30,53068.7,0,0.0,0,0.0,0.0,53282.15,53308.4,52783.45,53710.35,0,0.0,0.0,0.0,0.0,-0.01,-1,-1,-0.01,-1,-1,-0.01,-1,-1,-0.01,-1,-1,-0.01,-1,-1,-0.01,-1,-1,-0.01,-1,-1,-0.01,-1,-1,-0.01,-1,-1,-0.01,-1,-1
99926009,2026-05-18 11:51:27+05:30,53067.85,0,0.0,0,0.0,0.0,53282.15,53308.4,52783.45,53710.35,0,0.0,0.0,0.0,0.0,-0.01,-1,-1,-0.01,-1,-1,-0.01,-1,-1,-0.01,-1,-1,-0.01,-1,-1,-0.01,-1,-1,-0.01,-1,-1,-0.01,-1,-1,-0.01,-1,-1,-0.01,-1,-1
99926009,2026-05-18 11:51:28+05:30,53067.85,0,0.0,0,0.0,0.0,53282.15,53308.4,52783.45,53710.35,0,0.0,0.0,0.0,0.0,-0.01,-1,-1,-0.01,-1,-1,-0.01,-1,-1,-0.01,-1,-1,-0.01,-1,-1,-0.01,-1,-1,-0.01,-1,-1,-0.01,-1,-1,-0.01,-1,-1,-0.01,-1,-1
99926009,2026-05-18 11:51:28+05:30,53068.95,0,0.0,0,0.0,0.0,53282.15,53308.4,52783.45,53710.35,0,0.0,0.0,0.0,0.0,-0.01,-1,-1,-0.01,-1,-1,-0.01,-1,-1,-0.01,-1,-1,-0.01,-1,-1,-0.01,-1,-1,-0.01,-1,-1,-0.01,-1,-1,-0.01,-1,-1,-0.01,-1,-1
99926009,2026-05-18 11:51:29+05:30,53068.1,0,0.0,0,0.0,0.0,53282.15,53308.4,52783.45,53710.35,0,0.0,0.0,0.0,0.0,-0.01,-1,-1,-0.01,-1,-1,-0.01,-1,-1,-0.01,-1,-1,-0.01,-1,-1,-0.01,-1,-1,-0.01,-1,-1,-0.01,-1,-1,-0.01,-1,-1,-0.01,-1,-1
99926009,2026-05-18 11:51:29+05:30,53067.75,0,0.0,0,0.0,0.0,53282.15,53308.4,52783.45,53710.35,0,0.0,0.0,0.0,0.0,-0.01,-1,-1,-0.01,-1,-1,-0.01,-1,-1,-0.01,-1,-1,-0.01,-1,-1,-0.01,-1,-1,-0.01,-1,-1,-0.01,-1,-1,-0.01,-1,-1,-0.01,-1,-1
99926009,2026-05-18 11:51:30+05:30,53068.9,0,0.0,0,0.0,0.0,53282.15,53308.4,52783.45,53710.35,0,0.0,0.0,0.0,0.0,-0.01,-1,-1,-0.01,-1,-1,-0.01,-1,-1,-0.01,-1,-1,-0.01,-1,-1,-0.01,-1,-1,-0.01,-1,-1,-0.01,-1,-1,-0.01,-1,-1,-0.01,-1,-1
99926009,2026-05-18 11:51:30+05:30,53070.3,0,0.0,0,0.0,0.0,53282.15,53308.4,52783.45,53710.35,0,0.0,0.0,0.0,0.0,-0.01,-1,-1,-0.01,-1,-1,-0.01,-1,-1,-0.01,-1,-1,-0.01,-1,-1,-0.01,-1,-1,-0.01,-1,-1,-0.01,-1,-1,-0.01,-1,-1,-0.01,-1,-1
99926009,2026-05-18 11:51:31+05:30,53069.95,0,0.0,0,0.0,0.0,53282.15,53308.4,52783.45,53710.35,0,0.0,0.0,0.0,0.0,-0.01,-1,-1,-0.01,-1,-1,-0.01,-1,-1,-0.01,-1,-1,-0.01,-1,-1,-0.01,-1,-1,-0.01,-1,-1,-0.01,-1,-1,-0.01,-1,-1,-0.01,-1,-1
99926009,2026-05-18 11:51:31+05:30,53069.5,0,0.0,0,0.0,0.0,53282.15,53308.4,52783.45,53710.35,0,0.0,0.0,0.0,0.0,-0.01,-1,-1,-0.01,-1,-1,-0.01,-1,-1,-0.01,-1,-1,-0.01,-1,-1,-0.01,-1,-1,-0.01,-1,-1,-0.01,-1,-1,-0.01,-1,-1,-0.01,-1,-1
99926009,2026-05-18 11:51:32+05:30,53069.95,0,0.0,0,0.0,0.0,53282.15,53308.4,52783.45,53710.35,0,0.0,0.0,0.0,0.0,-0.01,-1,-1,-0.01,-1,-1,-0.01,-1,-1,-0.01,-1,-1,-0.01,-1,-1,-0.01,-1,-1,-0.01,-1,-1,-0.01,-1,-1,-0.01,-1,-1,-0.01,-1,-1
99926009,2026-05-18 11:51:32+05:30,53067.05,0,0.0,0,0.0,0.0,53282.15,53308.4,52783.45,53710.35,0,0.0,0.0,0.0,0.0,-0.01,-1,-1,-0.01,-1,-1,-0.01,-1,-1,-0.01,-1,-1,-0.01,-1,-1,-0.01,-1,-1,-0.01,-1,-1,-0.01,-1,-1,-0.01,-1,-1,-0.01,-1,-1
99926009,2026-05-18 11:51:33+05:30,53069.35,0,0.0,0,0.0,0.0,53282.15,53308.4,52783.45,53710.35,0,0.0,0.0,0.0,0.0,-0.01,-1,-1,-0.01,-1,-1,-0.01,-1,-1,-0.01,-1,-1,-0.01,-1,-1,-0.01,-1,-1,-0.01,-1,-1,-0.01,-1,-1,-0.01,-1,-1,-0.01,-1,-1
99926009,2026-05-18 11:51:33+05:30,53069.85,0,0.0,0,0.0,0.0,53282.15,53308.4,52783.45,53710.35,0,0.0,0.0,0.0,0.0,-0.01,-1,-1,-0.01,-1,-1,-0.01,-1,-1,-0.01,-1,-1,-0.01,-1,-1,-0.01,-1,-1,-0.01,-1,-1,-0.01,-1,-1,-0.01,-1,-1,-0.01,-1,-1
99926009,2026-05-18 11:51:34+05:30,53069.7,0,0.0,0,0.0,0.0,53282.15,53308.4,52783.45,53710.35,0,0.0,0.0,0.0,0.0,-0.01,-1,-1,-0.01,-1,-1,-0.01,-1,-1,-0.01,-1,-1,-0.01,-1,-1,-0.01,-1,-1,-0.01,-1,-1,-0.01,-1,-1,-0.01,-1,-1,-0.01,-1,-1
99926009,2026-05-18 11:51:34+05:30,53069.05,0,0.0,0,0.0,0.0,53282.15,53308.4,52783.45,53710.35,0,0.0,0.0,0.0,0.0,-0.01,-1,-1,-0.01,-1,-1,-0.01,-1,-1,-0.01,-1,-1,-0.01,-1,-1,-0.01,-1,-1,-0.01,-1,-1,-0.01,-1,-1,-0.01,-1,-1,-0.01,-1,-1
99926009,2026-05-18 11:51:35+05:30,53066.9,0,0.0,0,0.0,0.0,53282.15,53308.4,52783.45,53710.35,0,0.0,0.0,0.0,0.0,-0.01,-1,-1,-0.01,-1,-1,-0.01,-1,-1,-0.01,-1,-1,-0.01,-1,-1,-0.01,-1,-1,-0.01,-1,-1,-0.01,-1,-1,-0.01,-1,-1,-0.01,-1,-1
99926009,2026-05-18 11:51:35+05:30,53069.8,0,0.0,0,0.0,0.0,53282.15,53308.4,52783.45,53710.35,0,0.0,0.0,0.0,0.0,-0.01,-1,-1,-0.01,-1,-1,-0.01,-1,-1,-0.01,-1,-1,-0.01,-1,-1,-0.01,-1,-1,-0.01,-1,-1,-0.01,-1,-1,-0.01,-1,-1,-0.01,-1,-1
99926009,2026-05-18 11:51:36+05:30,53069.1,0,0.0,0,0.0,0.0,53282.15,53308.4,52783.45,53710.35,0,0.0,0.0,0.0,0.0,-0.01,-1,-1,-0.01,-1,-1,-0.01,-1,-1,-0.01,-1,-1,-0.01,-1,-1,-0.01,-1,-1,-0.01,-1,-1,-0.01,-1,-1,-0.01,-1,-1,-0.01,-1,-1
99926009,2026-05-18 11:51:36+05:30,53067.1,0,0.0,0,0.0,0.0,53282.15,53308.4,52783.45,53710.35,0,0.0,0.0,0.0,0.0,-0.01,-1,-1,-0.01,-1,-1,-0.01,-1,-1,-0.01,-1,-1,-0.01,-1,-1,-0.01,-1,-1,-0.01,-1,-1,-0.01,-1,-1,-0.01,-1,-1,-0.01,-1,-1
99926009,2026-05-18 11:51:37+05:30,53066.05,0,0.0,0,0.0,0.0,53282.15,53308.4,52783.45,53710.35,0,0.0,0.0,0.0,0.0,-0.01,-1,-1,-0.01,-1,-1,-0.01,-1,-1,-0.01,-1,-1,-0.01,-1,-1,-0.01,-1,-1,-0.01,-1,-1,-0.01,-1,-1,-0.01,-1,-1,-0.01,-1,-1
99926009,2026-05-18 11:51:37+05:30,53068.9,0,0.0,0,0.0,0.0,53282.15,53308.4,52783.45,53710.35,0,0.0,0.0,0.0,0.0,-0.01,-1,-1,-0.01,-1,-1,-0.01,-1,-1,-0.01,-1,-1,-0.01,-1,-1,-0.01,-1,-1,-0.01,-1,-1,-0.01,-1,-1,-0.01,-1,-1,-0.01,-1,-1
99926009,2026-05-18 11:51:38+05:30,53069.05,0,0.0,0,0.0,0.0,53282.15,53308.4,52783.45,53710.35,0,0.0,0.0,0.0,0.0,-0.01,-1,-1,-0.01,-1,-1,-0.01,-1,-1,-0.01,-1,-1,-0.01,-1,-1,-0.01,-1,-1,-0.01,-1,-1,-0.01,-1,-1,-0.01,-1,-1,-0.01,-1,-1
99926009,2026-05-18 11:51:38+05:30,53069.05,0,0.0,0,0.0,0.0,53282.15,53308.4,52783.45,53710.35,0,0.0,0.0,0.0,0.0,-0.01,-1,-1,-0.01,-1,-1,-0.01,-1,-1,-0.01,-1,-1,-0.01,-1,-1,-0.01,-1,-1,-0.01,-1,-1,-0.01,-1,-1,-0.01,-1,-1,-0.01,-1,-1
99926009,2026-05-18 11:51:39+05:30,53069.05,0,0.0,0,0.0,0.0,53282.15,53308.4,52783.45,53710.35,0,0.0,0.0,0.0,0.0,-0.01,-1,-1,-0.01,-1,-1,-0.01,-1,-1,-0.01,-1,-1,-0.01,-1,-1,-0.01,-1,-1,-0.01,-1,-1,-0.01,-1,-1,-0.01,-1,-1,-0.01,-1,-1
99926009,2026-05-18 11:51:39+05:30,53069.1,0,0.0,0,0.0,0.0,53282.15,53308.4,52783.45,53710.35,0,0.0,0.0,0.0,0.0,-0.01,-1,-1,-0.01,-1,-1,-0.01,-1,-1,-0.01,-1,-1,-0.01,-1,-1,-0.01,-1,-1,-0.01,-1,-1,-0.01,-1,-1,-0.01,-1,-1,-0.01,-1,-1
99926009,2026-05-18 11:51:40+05:30,53071.25,0,0.0,0,0.0,0.0,53282.15,53308.4,52783.45,53710.35,0,0.0,0.0,0.0,0.0,-0.01,-1,-1,-0.01,-1,-1,-0.01,-1,-1,-0.01,-1,-1,-0.01,-1,-1,-0.01,-1,-1,-0.01,-1,-1,-0.01,-1,-1,-0.01,-1,-1,-0.01,-1,-1
99926009,2026-05-18 11:51:40+05:30,53069.35,0,0.0,0,0.0,0.0,53282.15,53308.4,52783.45,53710.35,0,0.0,0.0,0.0,0.0,-0.01,-1,-1,-0.01,-1,-1,-0.01,-1,-1,-0.01,-1,-1,-0.01,-1,-1,-0.01,-1,-1,-0.01,-1,-1,-0.01,-1,-1,-0.01,-1,-1,-0.01,-1,-1
99926009,2026-05-18 11:51:41+05:30,53067.55,0,0.0,0,0.0,0.0,53282.15,53308.4,52783.45,53710.35,0,0.0,0.0,0.0,0.0,-0.01,-1,-1,-0.01,-1,-1,-0.01,-1,-1,-0.01,-1,-1,-0.01,-1,-1,-0.01,-1,-1,-0.01,-1,-1,-0.01,-1,-1,-0.01,-1,-1,-0.01,-1,-1
99926009,2026-05-18 11:51:41+05:30,53063.95,0,0.0,0,0.0,0.0,53282.15,53308.4,52783.45,53710.35,0,0.0,0.0,0.0,0.0,-0.01,-1,-1,-0.01,-1,-1,-0.01,-1,-1,-0.01,-1,-1,-0.01,-1,-1,-0.01,-1,-1,-0.01,-1,-1,-0.01,-1,-1,-0.01,-1,-1,-0.01,-1,-1
99926009,2026-05-18 11:51:42+05:30,53067.3,0,0.0,0,0.0,0.0,53282.15,53308.4,52783.45,53710.35,0,0.0,0.0,0.0,0.0,-0.01,-1,-1,-0.01,-1,-1,-0.01,-1,-1,-0.01,-1,-1,-0.01,-1,-1,-0.01,-1,-1,-0.01,-1,-1,-0.01,-1,-1,-0.01,-1,-1,-0.01,-1,-1
99926009,2026-05-18 11:51:42+05:30,53065.8,0,0.0,0,0.0,0.0,53282.15,53308.4,52783.45,53710.35,0,0.0,0.0,0.0,0.0,-0.01,-1,-1,-0.01,-1,-1,-0.01,-1,-1,-0.01,-1,-1,-0.01,-1,-1,-0.01,-1,-1,-0.01,-1,-1,-0.01,-1,-1,-0.01,-1,-1,-0.01,-1,-1
99926009,2026-05-18 11:51:43+05:30,53067.8,0,0.0,0,0.0,0.0,53282.15,53308.4,52783.45,53710.35,0,0.0,0.0,0.0,0.0,-0.01,-1,-1,-0.01,-1,-1,-0.01,-1,-1,-0.01,-1,-1,-0.01,-1,-1,-0.01,-1,-1,-0.01,-1,-1,-0.01,-1,-1,-0.01,-1,-1,-0.01,-1,-1
99926009,2026-05-18 11:51:43+05:30,53067.05,0,0.0,0,0.0,0.0,53282.15,53308.4,52783.45,53710.35,0,0.0,0.0,0.0,0.0,-0.01,-1,-1,-0.01,-1,-1,-0.01,-1,-1,-0.01,-1,-1,-0.01,-1,-1,-0.01,-1,-1,-0.01,-1,-1,-0.01,-1,-1,-0.01,-1,-1,-0.01,-1,-1
99926009,2026-05-18 11:51:44+05:30,53063.05,0,0.0,0,0.0,0.0,53282.15,53308.4,52783.45,53710.35,0,0.0,0.0,0.0,0.0,-0.01,-1,-1,-0.01,-1,-1,-0.01,-1,-1,-0.01,-1,-1,-0.01,-1,-1,-0.01,-1,-1,-0.01,-1,-1,-0.01,-1,-1,-0.01,-1,-1,-0.01,-1,-1
99926009,2026-05-18 11:51:44+05:30,53066.4,0,0.0,0,0.0,0.0,53282.15,53308.4,52783.45,53710.35,0,0.0,0.0,0.0,0.0,-0.01,-1,-1,-0.01,-1,-1,-0.01,-1,-1,-0.01,-1,-1,-0.01,-1,-1,-0.01,-1,-1,-0.01,-1,-1,-0.01,-1,-1,-0.01,-1,-1,-0.01,-1,-1
99926009,2026-05-18 11:51:45+05:30,53065.9,0,0.0,0,0.0,0.0,53282.15,53308.4,52783.45,53710.35,0,0.0,0.0,0.0,0.0,-0.01,-1,-1,-0.01,-1,-1,-0.01,-1,-1,-0.01,-1,-1,-0.01,-1,-1,-0.01,-1,-1,-0.01,-1,-1,-0.01,-1,-1,-0.01,-1,-1,-0.01,-1,-1
99926009,2026-05-18 11:51:45+05:30,53067.7,0,0.0,0,0.0,0.0,53282.15,53308.4,52783.45,53710.35,0,0.0,0.0,0.0,0.0,-0.01,-1,-1,-0.01,-1,-1,-0.01,-1,-1,-0.01,-1,-1,-0.01,-1,-1,-0.01,-1,-1,-0.01,-1,-1,-0.01,-1,-1,-0.01,-1,-1,-0.01,-1,-1
99926009,2026-05-18 11:51:46+05:30,53067.3,0,0.0,0,0.0,0.0,53282.15,53308.4,52783.45,53710.35,0,0.0,0.0,0.0,0.0,-0.01,-1,-1,-0.01,-1,-1,-0.01,-1,-1,-0.01,-1,-1,-0.01,-1,-1,-0.01,-1,-1,-0.01,-1,-1,-0.01,-1,-1,-0.01,-1,-1,-0.01,-1,-1
99926009,2026-05-18 11:51:46+05:30,53062.15,0,0.0,0,0.0,0.0,53282.15,53308.4,52783.45,53710.35,0,0.0,0.0,0.0,0.0,-0.01,-1,-1,-0.01,-1,-1,-0.01,-1,-1,-0.01,-1,-1,-0.01,-1,-1,-0.01,-1,-1,-0.01,-1,-1,-0.01,-1,-1,-0.01,-1,-1,-0.01,-1,-1
99926009,2026-05-18 11:51:47+05:30,53063.95,0,0.0,0,0.0,0.0,53282.15,53308.4,52783.45,53710.35,0,0.0,0.0,0.0,0.0,-0.01,-1,-1,-0.01,-1,-1,-0.01,-1,-1,-0.01,-1,-1,-0.01,-1,-1,-0.01,-1,-1,-0.01,-1,-1,-0.01,-1,-1,-0.01,-1,-1,-0.01,-1,-1
99926009,2026-05-18 11:51:47+05:30,53063.7,0,0.0,0,0.0,0.0,53282.15,53308.4,52783.45,53710.35,0,0.0,0.0,0.0,0.0,-0.01,-1,-1,-0.01,-1,-1,-0.01,-1,-1,-0.01,-1,-1,-0.01,-1,-1,-0.01,-1,-1,-0.01,-1,-1,-0.01,-1,-1,-0.01,-1,-1,-0.01,-1,-1
99926009,2026-05-18 11:51:48+05:30,53063.8,0,0.0,0,0.0,0.0,53282.15,53308.4,52783.45,53710.35,0,0.0,0.0,0.0,0.0,-0.01,-1,-1,-0.01,-1,-1,-0.01,-1,-1,-0.01,-1,-1,-0.01,-1,-1,-0.01,-1,-1,-0.01,-1,-1,-0.01,-1,-1,-0.01,-1,-1,-0.01,-1,-1
99926009,2026-05-18 11:51:48+05:30,53059.25,0,0.0,0,0.0,0.0,53282.15,53308.4,52783.45,53710.35,0,0.0,0.0,0.0,0.0,-0.01,-1,-1,-0.01,-1,-1,-0.01,-1,-1,-0.01,-1,-1,-0.01,-1,-1,-0.01,-1,-1,-0.01,-1,-1,-0.01,-1,-1,-0.01,-1,-1,-0.01,-1,-1
99926009,2026-05-18 11:51:49+05:30,53060.05,0,0.0,0,0.0,0.0,53282.15,53308.4,52783.45,53710.35,0,0.0,0.0,0.0,0.0,-0.01,-1,-1,-0.01,-1,-1,-0.01,-1,-1,-0.01,-1,-1,-0.01,-1,-1,-0.01,-1,-1,-0.01,-1,-1,-0.01,-1,-1,-0.01,-1,-1,-0.01,-1,-1
99926009,2026-05-18 11:51:49+05:30,53059.85,0,0.0,0,0.0,0.0,53282.15,53308.4,52783.45,53710.35,0,0.0,0.0,0.0,0.0,-0.01,-1,-1,-0.01,-1,-1,-0.01,-1,-1,-0.01,-1,-1,-0.01,-1,-1,-0.01,-1,-1,-0.01,-1,-1,-0.01,-1,-1,-0.01,-1,-1,-0.01,-1,-1
99926009,2026-05-18 11:51:50+05:30,53059.0,0,0.0,0,0.0,0.0,53282.15,53308.4,52783.45,53710.35,0,0.0,0.0,0.0,0.0,-0.01,-1,-1,-0.01,-1,-1,-0.01,-1,-1,-0.01,-1,-1,-0.01,-1,-1,-0.01,-1,-1,-0.01,-1,-1,-0.01,-1,-1,-0.01,-1,-1,-0.01,-1,-1
99926009,2026-05-18 11:51:50+05:30,53058.0,0,0.0,0,0.0,0.0,53282.15,53308.4,52783.45,53710.35,0,0.0,0.0,0.0,0.0,-0.01,-1,-1,-0.01,-1,-1,-0.01,-1,-1,-0.01,-1,-1,-0.01,-1,-1,-0.01,-1,-1,-0.01,-1,-1,-0.01,-1,-1,-0.01,-1,-1,-0.01,-1,-1
99926009,2026-05-18 11:51:51+05:30,53059.8,0,0.0,0,0.0,0.0,53282.15,53308.4,52783.45,53710.35,0,0.0,0.0,0.0,0.0,-0.01,-1,-1,-0.01,-1,-1,-0.01,-1,-1,-0.01,-1,-1,-0.01,-1,-1,-0.01,-1,-1,-0.01,-1,-1,-0.01,-1,-1,-0.01,-1,-1,-0.01,-1,-1
99926009,2026-05-18 11:51:51+05:30,53060.0,0,0.0,0,0.0,0.0,53282.15,53308.4,52783.45,53710.35,0,0.0,0.0,0.0,0.0,-0.01,-1,-1,-0.01,-1,-1,-0.01,-1,-1,-0.01,-1,-1,-0.01,-1,-1,-0.01,-1,-1,-0.01,-1,-1,-0.01,-1,-1,-0.01,-1,-1,-0.01,-1,-1
99926009,2026-05-18 11:51:52+05:30,53059.95,0,0.0,0,0.0,0.0,53282.15,53308.4,52783.45,53710.35,0,0.0,0.0,0.0,0.0,-0.01,-1,-1,-0.01,-1,-1,-0.01,-1,-1,-0.01,-1,-1,-0.01,-1,-1,-0.01,-1,-1,-0.01,-1,-1,-0.01,-1,-1,-0.01,-1,-1,-0.01,-1,-1
99926009,2026-05-18 11:51:52+05:30,53057.65,0,0.0,0,0.0,0.0,53282.15,53308.4,52783.45,53710.35,0,0.0,0.0,0.0,0.0,-0.01,-1,-1,-0.01,-1,-1,-0.01,-1,-1,-0.01,-1,-1,-0.01,-1,-1,-0.01,-1,-1,-0.01,-1,-1,-0.01,-1,-1,-0.01,-1,-1,-0.01,-1,-1
99926009,2026-05-18 11:51:53+05:30,53058.05,0,0.0,0,0.0,0.0,53282.15,53308.4,52783.45,53710.35,0,0.0,0.0,0.0,0.0,-0.01,-1,-1,-0.01,-1,-1,-0.01,-1,-1,-0.01,-1,-1,-0.01,-1,-1,-0.01,-1,-1,-0.01,-1,-1,-0.01,-1,-1,-0.01,-1,-1,-0.01,-1,-1
99926009,2026-05-18 11:51:53+05:30,53059.45,0,0.0,0,0.0,0.0,53282.15,53308.4,52783.45,53710.35,0,0.0,0.0,0.0,0.0,-0.01,-1,-1,-0.01,-1,-1,-0.01,-1,-1,-0.01,-1,-1,-0.01,-1,-1,-0.01,-1,-1,-0.01,-1,-1,-0.01,-1,-1,-0.01,-1,-1,-0.01,-1,-1
99926009,2026-05-18 11:51:54+05:30,53057.2,0,0.0,0,0.0,0.0,53282.15,53308.4,52783.45,53710.35,0,0.0,0.0,0.0,0.0,-0.01,-1,-1,-0.01,-1,-1,-0.01,-1,-1,-0.01,-1,-1,-0.01,-1,-1,-0.01,-1,-1,-0.01,-1,-1,-0.01,-1,-1,-0.01,-1,-1,-0.01,-1,-1
99926009,2026-05-18 11:51:54+05:30,53063.1,0,0.0,0,0.0,0.0,53282.15,53308.4,52783.45,53710.35,0,0.0,0.0,0.0,0.0,-0.01,-1,-1,-0.01,-1,-1,-0.01,-1,-1,-0.01,-1,-1,-0.01,-1,-1,-0.01,-1,-1,-0.01,-1,-1,-0.01,-1,-1,-0.01,-1,-1,-0.01,-1,-1
99926009,2026-05-18 11:51:55+05:30,53059.9,0,0.0,0,0.0,0.0,53282.15,53308.4,52783.45,53710.35,0,0.0,0.0,0.0,0.0,-0.01,-1,-1,-0.01,-1,-1,-0.01,-1,-1,-0.01,-1,-1,-0.01,-1,-1,-0.01,-1,-1,-0.01,-1,-1,-0.01,-1,-1,-0.01,-1,-1,-0.01,-1,-1
99926009,2026-05-18 11:51:55+05:30,53059.4,0,0.0,0,0.0,0.0,53282.15,53308.4,52783.45,53710.35,0,0.0,0.0,0.0,0.0,-0.01,-1,-1,-0.01,-1,-1,-0.01,-1,-1,-0.01,-1,-1,-0.01,-1,-1,-0.01,-1,-1,-0.01,-1,-1,-0.01,-1,-1,-0.01,-1,-1,-0.01,-1,-1
99926009,2026-05-18 11:51:56+05:30,53062.3,0,0.0,0,0.0,0.0,53282.15,53308.4,52783.45,53710.35,0,0.0,0.0,0.0,0.0,-0.01,-1,-1,-0.01,-1,-1,-0.01,-1,-1,-0.01,-1,-1,-0.01,-1,-1,-0.01,-1,-1,-0.01,-1,-1,-0.01,-1,-1,-0.01,-1,-1,-0.01,-1,-1
99926009,2026-05-18 11:51:56+05:30,53059.95,0,0.0,0,0.0,0.0,53282.15,53308.4,52783.45,53710.35,0,0.0,0.0,0.0,0.0,-0.01,-1,-1,-0.01,-1,-1,-0.01,-1,-1,-0.01,-1,-1,-0.01,-1,-1,-0.01,-1,-1,-0.01,-1,-1,-0.01,-1,-1,-0.01,-1,-1,-0.01,-1,-1
99926009,2026-05-18 11:51:57+05:30,53061.0,0,0.0,0,0.0,0.0,53282.15,53308.4,52783.45,53710.35,0,0.0,0.0,0.0,0.0,-0.01,-1,-1,-0.01,-1,-1,-0.01,-1,-1,-0.01,-1,-1,-0.01,-1,-1,-0.01,-1,-1,-0.01,-1,-1,-0.01,-1,-1,-0.01,-1,-1,-0.01,-1,-1
99926009,2026-05-18 11:51:57+05:30,53061.05,0,0.0,0,0.0,0.0,53282.15,53308.4,52783.45,53710.35,0,0.0,0.0,0.0,0.0,-0.01,-1,-1,-0.01,-1,-1,-0.01,-1,-1,-0.01,-1,-1,-0.01,-1,-1,-0.01,-1,-1,-0.01,-1,-1,-0.01,-1,-1,-0.01,-1,-1,-0.01,-1,-1
99926009,2026-05-18 11:51:58+05:30,53060.9,0,0.0,0,0.0,0.0,53282.15,53308.4,52783.45,53710.35,0,0.0,0.0,0.0,0.0,-0.01,-1,-1,-0.01,-1,-1,-0.01,-1,-1,-0.01,-1,-1,-0.01,-1,-1,-0.01,-1,-1,-0.01,-1,-1,-0.01,-1,-1,-0.01,-1,-1,-0.01,-1,-1
99926009,2026-05-18 11:51:58+05:30,53060.7,0,0.0,0,0.0,0.0,53282.15,53308.4,52783.45,53710.35,0,0.0,0.0,0.0,0.0,-0.01,-1,-1,-0.01,-1,-1,-0.01,-1,-1,-0.01,-1,-1,-0.01,-1,-1,-0.01,-1,-1,-0.01,-1,-1,-0.01,-1,-1,-0.01,-1,-1,-0.01,-1,-1
99926009,2026-05-18 11:51:59+05:30,53060.7,0,0.0,0,0.0,0.0,53282.15,53308.4,52783.45,53710.35,0,0.0,0.0,0.0,0.0,-0.01,-1,-1,-0.01,-1,-1,-0.01,-1,-1,-0.01,-1,-1,-0.01,-1,-1,-0.01,-1,-1,-0.01,-1,-1,-0.01,-1,-1,-0.01,-1,-1,-0.01,-1,-1
99926009,2026-05-18 11:51:59+05:30,53062.7,0,0.0,0,0.0,0.0,53282.15,53308.4,52783.45,53710.35,0,0.0,0.0,0.0,0.0,-0.01,-1,-1,-0.01,-1,-1,-0.01,-1,-1,-0.01,-1,-1,-0.01,-1,-1,-0.01,-1,-1,-0.01,-1,-1,-0.01,-1,-1,-0.01,-1,-1,-0.01,-1,-1
99926009,2026-05-18 11:52:00+05:30,53063.75,0,0.0,0,0.0,0.0,53282.15,53308.4,52783.45,53710.35,0,0.0,0.0,0.0,0.0,-0.01,-1,-1,-0.01,-1,-1,-0.01,-1,-1,-0.01,-1,-1,-0.01,-1,-1,-0.01,-1,-1,-0.01,-1,-1,-0.01,-1,-1,-0.01,-1,-1,-0.01,-1,-1
99926009,2026-05-18 11:52:00+05:30,53062.9,0,0.0,0,0.0,0.0,53282.15,53308.4,52783.45,53710.35,0,0.0,0.0,0.0,0.0,-0.01,-1,-1,-0.01,-1,-1,-0.01,-1,-1,-0.01,-1,-1,-0.01,-1,-1,-0.01,-1,-1,-0.01,-1,-1,-0.01,-1,-1,-0.01,-1,-1,-0.01,-1,-1
99926009,2026-05-18 11:52:01+05:30,53062.85,0,0.0,0,0.0,0.0,53282.15,53308.4,52783.45,53710.35,0,0.0,0.0,0.0,0.0,-0.01,-1,-1,-0.01,-1,-1,-0.01,-1,-1,-0.01,-1,-1,-0.01,-1,-1,-0.01,-1,-1,-0.01,-1,-1,-0.01,-1,-1,-0.01,-1,-1,-0.01,-1,-1
99926009,2026-05-18 11:52:01+05:30,53062.6,0,0.0,0,0.0,0.0,53282.15,53308.4,52783.45,53710.35,0,0.0,0.0,0.0,0.0,-0.01,-1,-1,-0.01,-1,-1,-0.01,-1,-1,-0.01,-1,-1,-0.01,-1,-1,-0.01,-1,-1,-0.01,-1,-1,-0.01,-1,-1,-0.01,-1,-1,-0.01,-1,-1
99926009,2026-05-18 11:52:02+05:30,53061.3,0,0.0,0,0.0,0.0,53282.15,53308.4,52783.45,53710.35,0,0.0,0.0,0.0,0.0,-0.01,-1,-1,-0.01,-1,-1,-0.01,-1,-1,-0.01,-1,-1,-0.01,-1,-1,-0.01,-1,-1,-0.01,-1,-1,-0.01,-1,-1,-0.01,-1,-1,-0.01,-1,-1
99926009,2026-05-18 11:52:02+05:30,53062.9,0,0.0,0,0.0,0.0,53282.15,53308.4,52783.45,53710.35,0,0.0,0.0,0.0,0.0,-0.01,-1,-1,-0.01,-1,-1,-0.01,-1,-1,-0.01,-1,-1,-0.01,-1,-1,-0.01,-1,-1,-0.01,-1,-1,-0.01,-1,-1,-0.01,-1,-1,-0.01,-1,-1
99926009,2026-05-18 11:52:03+05:30,53062.85,0,0.0,0,0.0,0.0,53282.15,53308.4,52783.45,53710.35,0,0.0,0.0,0.0,0.0,-0.01,-1,-1,-0.01,-1,-1,-0.01,-1,-1,-0.01,-1,-1,-0.01,-1,-1,-0.01,-1,-1,-0.01,-1,-1,-0.01,-1,-1,-0.01,-1,-1,-0.01,-1,-1
99926009,2026-05-18 11:52:03+05:30,53063.5,0,0.0,0,0.0,0.0,53282.15,53308.4,52783.45,53710.35,0,0.0,0.0,0.0,0.0,-0.01,-1,-1,-0.01,-1,-1,-0.01,-1,-1,-0.01,-1,-1,-0.01,-1,-1,-0.01,-1,-1,-0.01,-1,-1,-0.01,-1,-1,-0.01,-1,-1,-0.01,-1,-1
99926009,2026-05-18 11:52:04+05:30,53065.0,0,0.0,0,0.0,0.0,53282.15,53308.4,52783.45,53710.35,0,0.0,0.0,0.0,0.0,-0.01,-1,-1,-0.01,-1,-1,-0.01,-1,-1,-0.01,-1,-1,-0.01,-1,-1,-0.01,-1,-1,-0.01,-1,-1,-0.01,-1,-1,-0.01,-1,-1,-0.01,-1,-1
99926009,2026-05-18 11:52:04+05:30,53064.3,0,0.0,0,0.0,0.0,53282.15,53308.4,52783.45,53710.35,0,0.0,0.0,0.0,0.0,-0.01,-1,-1,-0.01,-1,-1,-0.01,-1,-1,-0.01,-1,-1,-0.01,-1,-1,-0.01,-1,-1,-0.01,-1,-1,-0.01,-1,-1,-0.01,-1,-1,-0.01,-1,-1
99926009,2026-05-18 11:52:05+05:30,53065.25,0,0.0,0,0.0,0.0,53282.15,53308.4,52783.45,53710.35,0,0.0,0.0,0.0,0.0,-0.01,-1,-1,-0.01,-1,-1,-0.01,-1,-1,-0.01,-1,-1,-0.01,-1,-1,-0.01,-1,-1,-0.01,-1,-1,-0.01,-1,-1,-0.01,-1,-1,-0.01,-1,-1
99926009,2026-05-18 11:52:05+05:30,53063.5,0,0.0,0,0.0,0.0,53282.15,53308.4,52783.45,53710.35,0,0.0,0.0,0.0,0.0,-0.01,-1,-1,-0.01,-1,-1,-0.01,-1,-1,-0.01,-1,-1,-0.01,-1,-1,-0.01,-1,-1,-0.01,-1,-1,-0.01,-1,-1,-0.01,-1,-1,-0.01,-1,-1
99926009,2026-05-18 11:52:06+05:30,53064.25,0,0.0,0,0.0,0.0,53282.15,53308.4,52783.45,53710.35,0,0.0,0.0,0.0,0.0,-0.01,-1,-1,-0.01,-1,-1,-0.01,-1,-1,-0.01,-1,-1,-0.01,-1,-1,-0.01,-1,-1,-0.01,-1,-1,-0.01,-1,-1,-0.01,-1,-1,-0.01,-1,-1
99926009,2026-05-18 11:52:06+05:30,53066.35,0,0.0,0,0.0,0.0,53282.15,53308.4,52783.45,53710.35,0,0.0,0.0,0.0,0.0,-0.01,-1,-1,-0.01,-1,-1,-0.01,-1,-1,-0.01,-1,-1,-0.01,-1,-1,-0.01,-1,-1,-0.01,-1,-1,-0.01,-1,-1,-0.01,-1,-1,-0.01,-1,-1
99926009,2026-05-18 11:52:07+05:30,53066.7,0,0.0,0,0.0,0.0,53282.15,53308.4,52783.45,53710.35,0,0.0,0.0,0.0,0.0,-0.01,-1,-1,-0.01,-1,-1,-0.01,-1,-1,-0.01,-1,-1,-0.01,-1,-1,-0.01,-1,-1,-0.01,-1,-1,-0.01,-1,-1,-0.01,-1,-1,-0.01,-1,-1
99926009,2026-05-18 11:52:07+05:30,53067.45,0,0.0,0,0.0,0.0,53282.15,53308.4,52783.45,53710.35,0,0.0,0.0,0.0,0.0,-0.01,-1,-1,-0.01,-1,-1,-0.01,-1,-1,-0.01,-1,-1,-0.01,-1,-1,-0.01,-1,-1,-0.01,-1,-1,-0.01,-1,-1,-0.01,-1,-1,-0.01,-1,-1
99926009,2026-05-18 11:52:08+05:30,53063.25,0,0.0,0,0.0,0.0,53282.15,53308.4,52783.45,53710.35,0,0.0,0.0,0.0,0.0,-0.01,-1,-1,-0.01,-1,-1,-0.01,-1,-1,-0.01,-1,-1,-0.01,-1,-1,-0.01,-1,-1,-0.01,-1,-1,-0.01,-1,-1,-0.01,-1,-1,-0.01,-1,-1
99926009,2026-05-18 11:52:08+05:30,53066.35,0,0.0,0,0.0,0.0,53282.15,53308.4,52783.45,53710.35,0,0.0,0.0,0.0,0.0,-0.01,-1,-1,-0.01,-1,-1,-0.01,-1,-1,-0.01,-1,-1,-0.01,-1,-1,-0.01,-1,-1,-0.01,-1,-1,-0.01,-1,-1,-0.01,-1,-1,-0.01,-1,-1
99926009,2026-05-18 11:52:09+05:30,53068.8,0,0.0,0,0.0,0.0,53282.15,53308.4,52783.45,53710.35,0,0.0,0.0,0.0,0.0,-0.01,-1,-1,-0.01,-1,-1,-0.01,-1,-1,-0.01,-1,-1,-0.01,-1,-1,-0.01,-1,-1,-0.01,-1,-1,-0.01,-1,-1,-0.01,-1,-1,-0.01,-1,-1
99926009,2026-05-18 11:52:09+05:30,53064.2,0,0.0,0,0.0,0.0,53282.15,53308.4,52783.45,53710.35,0,0.0,0.0,0.0,0.0,-0.01,-1,-1,-0.01,-1,-1,-0.01,-1,-1,-0.01,-1,-1,-0.01,-1,-1,-0.01,-1,-1,-0.01,-1,-1,-0.01,-1,-1,-0.01,-1,-1,-0.01,-1,-1
99926009,2026-05-18 11:52:10+05:30,53064.3,0,0.0,0,0.0,0.0,53282.15,53308.4,52783.45,53710.35,0,0.0,0.0,0.0,0.0,-0.01,-1,-1,-0.01,-1,-1,-0.01,-1,-1,-0.01,-1,-1,-0.01,-1,-1,-0.01,-1,-1,-0.01,-1,-1,-0.01,-1,-1,-0.01,-1,-1,-0.01,-1,-1
99926009,2026-05-18 11:52:10+05:30,53066.45,0,0.0,0,0.0,0.0,53282.15,53308.4,52783.45,53710.35,0,0.0,0.0,0.0,0.0,-0.01,-1,-1,-0.01,-1,-1,-0.01,-1,-1,-0.01,-1,-1,-0.01,-1,-1,-0.01,-1,-1,-0.01,-1,-1,-0.01,-1,-1,-0.01,-1,-1,-0.01,-1,-1
99926009,2026-05-18 11:52:11+05:30,53066.35,0,0.0,0,0.0,0.0,53282.15,53308.4,52783.45,53710.35,0,0.0,0.0,0.0,0.0,-0.01,-1,-1,-0.01,-1,-1,-0.01,-1,-1,-0.01,-1,-1,-0.01,-1,-1,-0.01,-1,-1,-0.01,-1,-1,-0.01,-1,-1,-0.01,-1,-1,-0.01,-1,-1
99926009,2026-05-18 11:52:11+05:30,53066.0,0,0.0,0,0.0,0.0,53282.15,53308.4,52783.45,53710.35,0,0.0,0.0,0.0,0.0,-0.01,-1,-1,-0.01,-1,-1,-0.01,-1,-1,-0.01,-1,-1,-0.01,-1,-1,-0.01,-1,-1,-0.01,-1,-1,-0.01,-1,-1,-0.01,-1,-1,-0.01,-1,-1
99926009,2026-05-18 11:52:12+05:30,53064.45,0,0.0,0,0.0,0.0,53282.15,53308.4,52783.45,53710.35,0,0.0,0.0,0.0,0.0,-0.01,-1,-1,-0.01,-1,-1,-0.01,-1,-1,-0.01,-1,-1,-0.01,-1,-1,-0.01,-1,-1,-0.01,-1,-1,-0.01,-1,-1,-0.01,-1,-1,-0.01,-1,-1
99926009,2026-05-18 11:52:12+05:30,53065.65,0,0.0,0,0.0,0.0,53282.15,53308.4,52783.45,53710.35,0,0.0,0.0,0.0,0.0,-0.01,-1,-1,-0.01,-1,-1,-0.01,-1,-1,-0.01,-1,-1,-0.01,-1,-1,-0.01,-1,-1,-0.01,-1,-1,-0.01,-1,-1,-0.01,-1,-1,-0.01,-1,-1
99926009,2026-05-18 11:52:13+05:30,53067.75,0,0.0,0,0.0,0.0,53282.15,53308.4,52783.45,53710.35,0,0.0,0.0,0.0,0.0,-0.01,-1,-1,-0.01,-1,-1,-0.01,-1,-1,-0.01,-1,-1,-0.01,-1,-1,-0.01,-1,-1,-0.01,-1,-1,-0.01,-1,-1,-0.01,-1,-1,-0.01,-1,-1
99926009,2026-05-18 11:52:13+05:30,53066.85,0,0.0,0,0.0,0.0,53282.15,53308.4,52783.45,53710.35,0,0.0,0.0,0.0,0.0,-0.01,-1,-1,-0.01,-1,-1,-0.01,-1,-1,-0.01,-1,-1,-0.01,-1,-1,-0.01,-1,-1,-0.01,-1,-1,-0.01,-1,-1,-0.01,-1,-1,-0.01,-1,-1
99926009,2026-05-18 11:52:14+05:30,53065.45,0,0.0,0,0.0,0.0,53282.15,53308.4,52783.45,53710.35,0,0.0,0.0,0.0,0.0,-0.01,-1,-1,-0.01,-1,-1,-0.01,-1,-1,-0.01,-1,-1,-0.01,-1,-1,-0.01,-1,-1,-0.01,-1,-1,-0.01,-1,-1,-0.01,-1,-1,-0.01,-1,-1
99926009,2026-05-18 11:52:14+05:30,53065.7,0,0.0,0,0.0,0.0,53282.15,53308.4,52783.45,53710.35,0,0.0,0.0,0.0,0.0,-0.01,-1,-1,-0.01,-1,-1,-0.01,-1,-1,-0.01,-1,-1,-0.01,-1,-1,-0.01,-1,-1,-0.01,-1,-1,-0.01,-1,-1,-0.01,-1,-1,-0.01,-1,-1
99926009,2026-05-18 11:52:15+05:30,53065.1,0,0.0,0,0.0,0.0,53282.15,53308.4,52783.45,53710.35,0,0.0,0.0,0.0,0.0,-0.01,-1,-1,-0.01,-1,-1,-0.01,-1,-1,-0.01,-1,-1,-0.01,-1,-1,-0.01,-1,-1,-0.01,-1,-1,-0.01,-1,-1,-0.01,-1,-1,-0.01,-1,-1
99926009,2026-05-18 11:52:15+05:30,53064.75,0,0.0,0,0.0,0.0,53282.15,53308.4,52783.45,53710.35,0,0.0,0.0,0.0,0.0,-0.01,-1,-1,-0.01,-1,-1,-0.01,-1,-1,-0.01,-1,-1,-0.01,-1,-1,-0.01,-1,-1,-0.01,-1,-1,-0.01,-1,-1,-0.01,-1,-1,-0.01,-1,-1
99926009,2026-05-18 11:52:16+05:30,53065.55,0,0.0,0,0.0,0.0,53282.15,53308.4,52783.45,53710.35,0,0.0,0.0,0.0,0.0,-0.01,-1,-1,-0.01,-1,-1,-0.01,-1,-1,-0.01,-1,-1,-0.01,-1,-1,-0.01,-1,-1,-0.01,-1,-1,-0.01,-1,-1,-0.01,-1,-1,-0.01,-1,-1
99926009,2026-05-18 11:52:16+05:30,53066.25,0,0.0,0,0.0,0.0,53282.15,53308.4,52783.45,53710.35,0,0.0,0.0,0.0,0.0,-0.01,-1,-1,-0.01,-1,-1,-0.01,-1,-1,-0.01,-1,-1,-0.01,-1,-1,-0.01,-1,-1,-0.01,-1,-1,-0.01,-1,-1,-0.01,-1,-1,-0.01,-1,-1
99926009,2026-05-18 11:52:17+05:30,53065.5,0,0.0,0,0.0,0.0,53282.15,53308.4,52783.45,53710.35,0,0.0,0.0,0.0,0.0,-0.01,-1,-1,-0.01,-1,-1,-0.01,-1,-1,-0.01,-1,-1,-0.01,-1,-1,-0.01,-1,-1,-0.01,-1,-1,-0.01,-1,-1,-0.01,-1,-1,-0.01,-1,-1
99926009,2026-05-18 11:52:17+05:30,53069.35,0,0.0,0,0.0,0.0,53282.15,53308.4,52783.45,53710.35,0,0.0,0.0,0.0,0.0,-0.01,-1,-1,-0.01,-1,-1,-0.01,-1,-1,-0.01,-1,-1,-0.01,-1,-1,-0.01,-1,-1,-0.01,-1,-1,-0.01,-1,-1,-0.01,-1,-1,-0.01,-1,-1
99926009,2026-05-18 11:52:18+05:30,53069.2,0,0.0,0,0.0,0.0,53282.15,53308.4,52783.45,53710.35,0,0.0,0.0,0.0,0.0,-0.01,-1,-1,-0.01,-1,-1,-0.01,-1,-1,-0.01,-1,-1,-0.01,-1,-1,-0.01,-1,-1,-0.01,-1,-1,-0.01,-1,-1,-0.01,-1,-1,-0.01,-1,-1
99926009,2026-05-18 11:52:18+05:30,53068.85,0,0.0,0,0.0,0.0,53282.15,53308.4,52783.45,53710.35,0,0.0,0.0,0.0,0.0,-0.01,-1,-1,-0.01,-1,-1,-0.01,-1,-1,-0.01,-1,-1,-0.01,-1,-1,-0.01,-1,-1,-0.01,-1,-1,-0.01,-1,-1,-0.01,-1,-1,-0.01,-1,-1
99926009,2026-05-18 11:52:19+05:30,53066.05,0,0.0,0,0.0,0.0,53282.15,53308.4,52783.45,53710.35,0,0.0,0.0,0.0,0.0,-0.01,-1,-1,-0.01,-1,-1,-0.01,-1,-1,-0.01,-1,-1,-0.01,-1,-1,-0.01,-1,-1,-0.01,-1,-1,-0.01,-1,-1,-0.01,-1,-1,-0.01,-1,-1
99926009,2026-05-18 11:52:19+05:30,53067.85,0,0.0,0,0.0,0.0,53282.15,53308.4,52783.45,53710.35,0,0.0,0.0,0.0,0.0,-0.01,-1,-1,-0.01,-1,-1,-0.01,-1,-1,-0.01,-1,-1,-0.01,-1,-1,-0.01,-1,-1,-0.01,-1,-1,-0.01,-1,-1,-0.01,-1,-1,-0.01,-1,-1
99926009,2026-05-18 11:52:20+05:30,53066.75,0,0.0,0,0.0,0.0,53282.15,53308.4,52783.45,53710.35,0,0.0,0.0,0.0,0.0,-0.01,-1,-1,-0.01,-1,-1,-0.01,-1,-1,-0.01,-1,-1,-0.01,-1,-1,-0.01,-1,-1,-0.01,-1,-1,-0.01,-1,-1,-0.01,-1,-1,-0.01,-1,-1
99926009,2026-05-18 11:52:20+05:30,53067.2,0,0.0,0,0.0,0.0,53282.15,53308.4,52783.45,53710.35,0,0.0,0.0,0.0,0.0,-0.01,-1,-1,-0.01,-1,-1,-0.01,-1,-1,-0.01,-1,-1,-0.01,-1,-1,-0.01,-1,-1,-0.01,-1,-1,-0.01,-1,-1,-0.01,-1,-1,-0.01,-1,-1
99926009,2026-05-18 11:52:21+05:30,53064.1,0,0.0,0,0.0,0.0,53282.15,53308.4,52783.45,53710.35,0,0.0,0.0,0.0,0.0,-0.01,-1,-1,-0.01,-1,-1,-0.01,-1,-1,-0.01,-1,-1,-0.01,-1,-1,-0.01,-1,-1,-0.01,-1,-1,-0.01,-1,-1,-0.01,-1,-1,-0.01,-1,-1
99926009,2026-05-18 11:52:21+05:30,53065.35,0,0.0,0,0.0,0.0,53282.15,53308.4,52783.45,53710.35,0,0.0,0.0,0.0,0.0,-0.01,-1,-1,-0.01,-1,-1,-0.01,-1,-1,-0.01,-1,-1,-0.01,-1,-1,-0.01,-1,-1,-0.01,-1,-1,-0.01,-1,-1,-0.01,-1,-1,-0.01,-1,-1
99926009,2026-05-18 11:52:22+05:30,53066.15,0,0.0,0,0.0,0.0,53282.15,53308.4,52783.45,53710.35,0,0.0,0.0,0.0,0.0,-0.01,-1,-1,-0.01,-1,-1,-0.01,-1,-1,-0.01,-1,-1,-0.01,-1,-1,-0.01,-1,-1,-0.01,-1,-1,-0.01,-1,-1,-0.01,-1,-1,-0.01,-1,-1
99926009,2026-05-18 11:52:22+05:30,53066.7,0,0.0,0,0.0,0.0,53282.15,53308.4,52783.45,53710.35,0,0.0,0.0,0.0,0.0,-0.01,-1,-1,-0.01,-1,-1,-0.01,-1,-1,-0.01,-1,-1,-0.01,-1,-1,-0.01,-1,-1,-0.01,-1,-1,-0.01,-1,-1,-0.01,-1,-1,-0.01,-1,-1
99926009,2026-05-18 11:52:23+05:30,53067.45,0,0.0,0,0.0,0.0,53282.15,53308.4,52783.45,53710.35,0,0.0,0.0,0.0,0.0,-0.01,-1,-1,-0.01,-1,-1,-0.01,-1,-1,-0.01,-1,-1,-0.01,-1,-1,-0.01,-1,-1,-0.01,-1,-1,-0.01,-1,-1,-0.01,-1,-1,-0.01,-1,-1
99926009,2026-05-18 11:52:23+05:30,53067.2,0,0.0,0,0.0,0.0,53282.15,53308.4,52783.45,53710.35,0,0.0,0.0,0.0,0.0,-0.01,-1,-1,-0.01,-1,-1,-0.01,-1,-1,-0.01,-1,-1,-0.01,-1,-1,-0.01,-1,-1,-0.01,-1,-1,-0.01,-1,-1,-0.01,-1,-1,-0.01,-1,-1
99926009,2026-05-18 11:52:24+05:30,53068.4,0,0.0,0,0.0,0.0,53282.15,53308.4,52783.45,53710.35,0,0.0,0.0,0.0,0.0,-0.01,-1,-1,-0.01,-1,-1,-0.01,-1,-1,-0.01,-1,-1,-0.01,-1,-1,-0.01,-1,-1,-0.01,-1,-1,-0.01,-1,-1,-0.01,-1,-1,-0.01,-1,-1
99926009,2026-05-18 11:52:24+05:30,53068.85,0,0.0,0,0.0,0.0,53282.15,53308.4,52783.45,53710.35,0,0.0,0.0,0.0,0.0,-0.01,-1,-1,-0.01,-1,-1,-0.01,-1,-1,-0.01,-1,-1,-0.01,-1,-1,-0.01,-1,-1,-0.01,-1,-1,-0.01,-1,-1,-0.01,-1,-1,-0.01,-1,-1
99926009,2026-05-18 11:52:25+05:30,53064.4,0,0.0,0,0.0,0.0,53282.15,53308.4,52783.45,53710.35,0,0.0,0.0,0.0,0.0,-0.01,-1,-1,-0.01,-1,-1,-0.01,-1,-1,-0.01,-1,-1,-0.01,-1,-1,-0.01,-1,-1,-0.01,-1,-1,-0.01,-1,-1,-0.01,-1,-1,-0.01,-1,-1
99926009,2026-05-18 11:52:25+05:30,53066.2,0,0.0,0,0.0,0.0,53282.15,53308.4,52783.45,53710.35,0,0.0,0.0,0.0,0.0,-0.01,-1,-1,-0.01,-1,-1,-0.01,-1,-1,-0.01,-1,-1,-0.01,-1,-1,-0.01,-1,-1,-0.01,-1,-1,-0.01,-1,-1,-0.01,-1,-1,-0.01,-1,-1
99926009,2026-05-18 11:52:26+05:30,53062.95,0,0.0,0,0.0,0.0,53282.15,53308.4,52783.45,53710.35,0,0.0,0.0,0.0,0.0,-0.01,-1,-1,-0.01,-1,-1,-0.01,-1,-1,-0.01,-1,-1,-0.01,-1,-1,-0.01,-1,-1,-0.01,-1,-1,-0.01,-1,-1,-0.01,-1,-1,-0.01,-1,-1
99926009,2026-05-18 11:52:26+05:30,53064.35,0,0.0,0,0.0,0.0,53282.15,53308.4,52783.45,53710.35,0,0.0,0.0,0.0,0.0,-0.01,-1,-1,-0.01,-1,-1,-0.01,-1,-1,-0.01,-1,-1,-0.01,-1,-1,-0.01,-1,-1,-0.01,-1,-1,-0.01,-1,-1,-0.01,-1,-1,-0.01,-1,-1
99926009,2026-05-18 11:52:27+05:30,53067.15,0,0.0,0,0.0,0.0,53282.15,53308.4,52783.45,53710.35,0,0.0,0.0,0.0,0.0,-0.01,-1,-1,-0.01,-1,-1,-0.01,-1,-1,-0.01,-1,-1,-0.01,-1,-1,-0.01,-1,-1,-0.01,-1,-1,-0.01,-1,-1,-0.01,-1,-1,-0.01,-1,-1
99926009,2026-05-18 11:52:27+05:30,53065.35,0,0.0,0,0.0,0.0,53282.15,53308.4,52783.45,53710.35,0,0.0,0.0,0.0,0.0,-0.01,-1,-1,-0.01,-1,-1,-0.01,-1,-1,-0.01,-1,-1,-0.01,-1,-1,-0.01,-1,-1,-0.01,-1,-1,-0.01,-1,-1,-0.01,-1,-1,-0.01,-1,-1
99926009,2026-05-18 11:52:28+05:30,53066.8,0,0.0,0,0.0,0.0,53282.15,53308.4,52783.45,53710.35,0,0.0,0.0,0.0,0.0,-0.01,-1,-1,-0.01,-1,-1,-0.01,-1,-1,-0.01,-1,-1,-0.01,-1,-1,-0.01,-1,-1,-0.01,-1,-1,-0.01,-1,-1,-0.01,-1,-1,-0.01,-1,-1
99926009,2026-05-18 11:52:28+05:30,53066.9,0,0.0,0,0.0,0.0,53282.15,53308.4,52783.45,53710.35,0,0.0,0.0,0.0,0.0,-0.01,-1,-1,-0.01,-1,-1,-0.01,-1,-1,-0.01,-1,-1,-0.01,-1,-1,-0.01,-1,-1,-0.01,-1,-1,-0.01,-1,-1,-0.01,-1,-1,-0.01,-1,-1
99926009,2026-05-18 11:52:29+05:30,53067.25,0,0.0,0,0.0,0.0,53282.15,53308.4,52783.45,53710.35,0,0.0,0.0,0.0,0.0,-0.01,-1,-1,-0.01,-1,-1,-0.01,-1,-1,-0.01,-1,-1,-0.01,-1,-1,-0.01,-1,-1,-0.01,-1,-1,-0.01,-1,-1,-0.01,-1,-1,-0.01,-1,-1
99926009,2026-05-18 11:52:29+05:30,53065.2,0,0.0,0,0.0,0.0,53282.15,53308.4,52783.45,53710.35,0,0.0,0.0,0.0,0.0,-0.01,-1,-1,-0.01,-1,-1,-0.01,-1,-1,-0.01,-1,-1,-0.01,-1,-1,-0.01,-1,-1,-0.01,-1,-1,-0.01,-1,-1,-0.01,-1,-1,-0.01,-1,-1
99926009,2026-05-18 11:52:30+05:30,53066.1,0,0.0,0,0.0,0.0,53282.15,53308.4,52783.45,53710.35,0,0.0,0.0,0.0,0.0,-0.01,-1,-1,-0.01,-1,-1,-0.01,-1,-1,-0.01,-1,-1,-0.01,-1,-1,-0.01,-1,-1,-0.01,-1,-1,-0.01,-1,-1,-0.01,-1,-1,-0.01,-1,-1
99926009,2026-05-18 11:52:30+05:30,53068.45,0,0.0,0,0.0,0.0,53282.15,53308.4,52783.45,53710.35,0,0.0,0.0,0.0,0.0,-0.01,-1,-1,-0.01,-1,-1,-0.01,-1,-1,-0.01,-1,-1,-0.01,-1,-1,-0.01,-1,-1,-0.01,-1,-1,-0.01,-1,-1,-0.01,-1,-1,-0.01,-1,-1
99926009,2026-05-18 11:52:31+05:30,53069.85,0,0.0,0,0.0,0.0,53282.15,53308.4,52783.45,53710.35,0,0.0,0.0,0.0,0.0,-0.01,-1,-1,-0.01,-1,-1,-0.01,-1,-1,-0.01,-1,-1,-0.01,-1,-1,-0.01,-1,-1,-0.01,-1,-1,-0.01,-1,-1,-0.01,-1,-1,-0.01,-1,-1
99926009,2026-05-18 11:52:31+05:30,53069.4,0,0.0,0,0.0,0.0,53282.15,53308.4,52783.45,53710.35,0,0.0,0.0,0.0,0.0,-0.01,-1,-1,-0.01,-1,-1,-0.01,-1,-1,-0.01,-1,-1,-0.01,-1,-1,-0.01,-1,-1,-0.01,-1,-1,-0.01,-1,-1,-0.01,-1,-1,-0.01,-1,-1
99926009,2026-05-18 11:52:32+05:30,53069.65,0,0.0,0,0.0,0.0,53282.15,53308.4,52783.45,53710.35,0,0.0,0.0,0.0,0.0,-0.01,-1,-1,-0.01,-1,-1,-0.01,-1,-1,-0.01,-1,-1,-0.01,-1,-1,-0.01,-1,-1,-0.01,-1,-1,-0.01,-1,-1,-0.01,-1,-1,-0.01,-1,-1
99926009,2026-05-18 11:52:32+05:30,53069.7,0,0.0,0,0.0,0.0,53282.15,53308.4,52783.45,53710.35,0,0.0,0.0,0.0,0.0,-0.01,-1,-1,-0.01,-1,-1,-0.01,-1,-1,-0.01,-1,-1,-0.01,-1,-1,-0.01,-1,-1,-0.01,-1,-1,-0.01,-1,-1,-0.01,-1,-1,-0.01,-1,-1
99926009,2026-05-18 11:52:33+05:30,53069.9,0,0.0,0,0.0,0.0,53282.15,53308.4,52783.45,53710.35,0,0.0,0.0,0.0,0.0,-0.01,-1,-1,-0.01,-1,-1,-0.01,-1,-1,-0.01,-1,-1,-0.01,-1,-1,-0.01,-1,-1,-0.01,-1,-1,-0.01,-1,-1,-0.01,-1,-1,-0.01,-1,-1
99926009,2026-05-18 11:52:33+05:30,53066.95,0,0.0,0,0.0,0.0,53282.15,53308.4,52783.45,53710.35,0,0.0,0.0,0.0,0.0,-0.01,-1,-1,-0.01,-1,-1,-0.01,-1,-1,-0.01,-1,-1,-0.01,-1,-1,-0.01,-1,-1,-0.01,-1,-1,-0.01,-1,-1,-0.01,-1,-1,-0.01,-1,-1
99926009,2026-05-18 11:52:34+05:30,53070.4,0,0.0,0,0.0,0.0,53282.15,53308.4,52783.45,53710.35,0,0.0,0.0,0.0,0.0,-0.01,-1,-1,-0.01,-1,-1,-0.01,-1,-1,-0.01,-1,-1,-0.01,-1,-1,-0.01,-1,-1,-0.01,-1,-1,-0.01,-1,-1,-0.01,-1,-1,-0.01,-1,-1
99926009,2026-05-18 11:52:34+05:30,53071.95,0,0.0,0,0.0,0.0,53282.15,53308.4,52783.45,53710.35,0,0.0,0.0,0.0,0.0,-0.01,-1,-1,-0.01,-1,-1,-0.01,-1,-1,-0.01,-1,-1,-0.01,-1,-1,-0.01,-1,-1,-0.01,-1,-1,-0.01,-1,-1,-0.01,-1,-1,-0.01,-1,-1
99926009,2026-05-18 11:52:35+05:30,53069.4,0,0.0,0,0.0,0.0,53282.15,53308.4,52783.45,53710.35,0,0.0,0.0,0.0,0.0,-0.01,-1,-1,-0.01,-1,-1,-0.01,-1,-1,-0.01,-1,-1,-0.01,-1,-1,-0.01,-1,-1,-0.01,-1,-1,-0.01,-1,-1,-0.01,-1,-1,-0.01,-1,-1
99926009,2026-05-18 11:52:35+05:30,53069.85,0,0.0,0,0.0,0.0,53282.15,53308.4,52783.45,53710.35,0,0.0,0.0,0.0,0.0,-0.01,-1,-1,-0.01,-1,-1,-0.01,-1,-1,-0.01,-1,-1,-0.01,-1,-1,-0.01,-1,-1,-0.01,-1,-1,-0.01,-1,-1,-0.01,-1,-1,-0.01,-1,-1
99926009,2026-05-18 11:52:36+05:30,53069.85,0,0.0,0,0.0,0.0,53282.15,53308.4,52783.45,53710.35,0,0.0,0.0,0.0,0.0,-0.01,-1,-1,-0.01,-1,-1,-0.01,-1,-1,-0.01,-1,-1,-0.01,-1,-1,-0.01,-1,-1,-0.01,-1,-1,-0.01,-1,-1,-0.01,-1,-1,-0.01,-1,-1
99926009,2026-05-18 11:52:36+05:30,53069.5,0,0.0,0,0.0,0.0,53282.15,53308.4,52783.45,53710.35,0,0.0,0.0,0.0,0.0,-0.01,-1,-1,-0.01,-1,-1,-0.01,-1,-1,-0.01,-1,-1,-0.01,-1,-1,-0.01,-1,-1,-0.01,-1,-1,-0.01,-1,-1,-0.01,-1,-1,-0.01,-1,-1
99926009,2026-05-18 11:52:37+05:30,53067.5,0,0.0,0,0.0,0.0,53282.15,53308.4,52783.45,53710.35,0,0.0,0.0,0.0,0.0,-0.01,-1,-1,-0.01,-1,-1,-0.01,-1,-1,-0.01,-1,-1,-0.01,-1,-1,-0.01,-1,-1,-0.01,-1,-1,-0.01,-1,-1,-0.01,-1,-1,-0.01,-1,-1
99926009,2026-05-18 11:52:37+05:30,53067.7,0,0.0,0,0.0,0.0,53282.15,53308.4,52783.45,53710.35,0,0.0,0.0,0.0,0.0,-0.01,-1,-1,-0.01,-1,-1,-0.01,-1,-1,-0.01,-1,-1,-0.01,-1,-1,-0.01,-1,-1,-0.01,-1,-1,-0.01,-1,-1,-0.01,-1,-1,-0.01,-1,-1
99926009,2026-05-18 11:52:38+05:30,53067.9,0,0.0,0,0.0,0.0,53282.15,53308.4,52783.45,53710.35,0,0.0,0.0,0.0,0.0,-0.01,-1,-1,-0.01,-1,-1,-0.01,-1,-1,-0.01,-1,-1,-0.01,-1,-1,-0.01,-1,-1,-0.01,-1,-1,-0.01,-1,-1,-0.01,-1,-1,-0.01,-1,-1
99926009,2026-05-18 11:52:38+05:30,53069.2,0,0.0,0,0.0,0.0,53282.15,53308.4,52783.45,53710.35,0,0.0,0.0,0.0,0.0,-0.01,-1,-1,-0.01,-1,-1,-0.01,-1,-1,-0.01,-1,-1,-0.01,-1,-1,-0.01,-1,-1,-0.01,-1,-1,-0.01,-1,-1,-0.01,-1,-1,-0.01,-1,-1
99926009,2026-05-18 11:52:39+05:30,53067.5,0,0.0,0,0.0,0.0,53282.15,53308.4,52783.45,53710.35,0,0.0,0.0,0.0,0.0,-0.01,-1,-1,-0.01,-1,-1,-0.01,-1,-1,-0.01,-1,-1,-0.01,-1,-1,-0.01,-1,-1,-0.01,-1,-1,-0.01,-1,-1,-0.01,-1,-1,-0.01,-1,-1
99926009,2026-05-18 11:52:39+05:30,53065.15,0,0.0,0,0.0,0.0,53282.15,53308.4,52783.45,53710.35,0,0.0,0.0,0.0,0.0,-0.01,-1,-1,-0.01,-1,-1,-0.01,-1,-1,-0.01,-1,-1,-0.01,-1,-1,-0.01,-1,-1,-0.01,-1,-1,-0.01,-1,-1,-0.01,-1,-1,-0.01,-1,-1
99926009,2026-05-18 11:52:40+05:30,53065.05,0,0.0,0,0.0,0.0,53282.15,53308.4,52783.45,53710.35,0,0.0,0.0,0.0,0.0,-0.01,-1,-1,-0.01,-1,-1,-0.01,-1,-1,-0.01,-1,-1,-0.01,-1,-1,-0.01,-1,-1,-0.01,-1,-1,-0.01,-1,-1,-0.01,-1,-1,-0.01,-1,-1
99926009,2026-05-18 11:52:40+05:30,53066.25,0,0.0,0,0.0,0.0,53282.15,53308.4,52783.45,53710.35,0,0.0,0.0,0.0,0.0,-0.01,-1,-1,-0.01,-1,-1,-0.01,-1,-1,-0.01,-1,-1,-0.01,-1,-1,-0.01,-1,-1,-0.01,-1,-1,-0.01,-1,-1,-0.01,-1,-1,-0.01,-1,-1
99926009,2026-05-18 11:52:41+05:30,53063.9,0,0.0,0,0.0,0.0,53282.15,53308.4,52783.45,53710.35,0,0.0,0.0,0.0,0.0,-0.01,-1,-1,-0.01,-1,-1,-0.01,-1,-1,-0.01,-1,-1,-0.01,-1,-1,-0.01,-1,-1,-0.01,-1,-1,-0.01,-1,-1,-0.01,-1,-1,-0.01,-1,-1
99926009,2026-05-18 11:52:41+05:30,53066.7,0,0.0,0,0.0,0.0,53282.15,53308.4,52783.45,53710.35,0,0.0,0.0,0.0,0.0,-0.01,-1,-1,-0.01,-1,-1,-0.01,-1,-1,-0.01,-1,-1,-0.01,-1,-1,-0.01,-1,-1,-0.01,-1,-1,-0.01,-1,-1,-0.01,-1,-1,-0.01,-1,-1
99926009,2026-05-18 11:52:42+05:30,53069.95,0,0.0,0,0.0,0.0,53282.15,53308.4,52783.45,53710.35,0,0.0,0.0,0.0,0.0,-0.01,-1,-1,-0.01,-1,-1,-0.01,-1,-1,-0.01,-1,-1,-0.01,-1,-1,-0.01,-1,-1,-0.01,-1,-1,-0.01,-1,-1,-0.01,-1,-1,-0.01,-1,-1
99926009,2026-05-18 11:52:42+05:30,53067.65,0,0.0,0,0.0,0.0,53282.15,53308.4,52783.45,53710.35,0,0.0,0.0,0.0,0.0,-0.01,-1,-1,-0.01,-1,-1,-0.01,-1,-1,-0.01,-1,-1,-0.01,-1,-1,-0.01,-1,-1,-0.01,-1,-1,-0.01,-1,-1,-0.01,-1,-1,-0.01,-1,-1
99926009,2026-05-18 11:52:43+05:30,53065.55,0,0.0,0,0.0,0.0,53282.15,53308.4,52783.45,53710.35,0,0.0,0.0,0.0,0.0,-0.01,-1,-1,-0.01,-1,-1,-0.01,-1,-1,-0.01,-1,-1,-0.01,-1,-1,-0.01,-1,-1,-0.01,-1,-1,-0.01,-1,-1,-0.01,-1,-1,-0.01,-1,-1
99926009,2026-05-18 11:52:43+05:30,53066.3,0,0.0,0,0.0,0.0,53282.15,53308.4,52783.45,53710.35,0,0.0,0.0,0.0,0.0,-0.01,-1,-1,-0.01,-1,-1,-0.01,-1,-1,-0.01,-1,-1,-0.01,-1,-1,-0.01,-1,-1,-0.01,-1,-1,-0.01,-1,-1,-0.01,-1,-1,-0.01,-1,-1
99926009,2026-05-18 11:52:44+05:30,53069.15,0,0.0,0,0.0,0.0,53282.15,53308.4,52783.45,53710.35,0,0.0,0.0,0.0,0.0,-0.01,-1,-1,-0.01,-1,-1,-0.01,-1,-1,-0.01,-1,-1,-0.01,-1,-1,-0.01,-1,-1,-0.01,-1,-1,-0.01,-1,-1,-0.01,-1,-1,-0.01,-1,-1
99926009,2026-05-18 11:52:44+05:30,53067.4,0,0.0,0,0.0,0.0,53282.15,53308.4,52783.45,53710.35,0,0.0,0.0,0.0,0.0,-0.01,-1,-1,-0.01,-1,-1,-0.01,-1,-1,-0.01,-1,-1,-0.01,-1,-1,-0.01,-1,-1,-0.01,-1,-1,-0.01,-1,-1,-0.01,-1,-1,-0.01,-1,-1
99926009,2026-05-18 11:52:45+05:30,53069.75,0,0.0,0,0.0,0.0,53282.15,53308.4,52783.45,53710.35,0,0.0,0.0,0.0,0.0,-0.01,-1,-1,-0.01,-1,-1,-0.01,-1,-1,-0.01,-1,-1,-0.01,-1,-1,-0.01,-1,-1,-0.01,-1,-1,-0.01,-1,-1,-0.01,-1,-1,-0.01,-1,-1
99926009,2026-05-18 11:52:45+05:30,53067.75,0,0.0,0,0.0,0.0,53282.15,53308.4,52783.45,53710.35,0,0.0,0.0,0.0,0.0,-0.01,-1,-1,-0.01,-1,-1,-0.01,-1,-1,-0.01,-1,-1,-0.01,-1,-1,-0.01,-1,-1,-0.01,-1,-1,-0.01,-1,-1,-0.01,-1,-1,-0.01,-1,-1
99926009,2026-05-18 11:52:46+05:30,53070.95,0,0.0,0,0.0,0.0,53282.15,53308.4,52783.45,53710.35,0,0.0,0.0,0.0,0.0,-0.01,-1,-1,-0.01,-1,-1,-0.01,-1,-1,-0.01,-1,-1,-0.01,-1,-1,-0.01,-1,-1,-0.01,-1,-1,-0.01,-1,-1,-0.01,-1,-1,-0.01,-1,-1
99926009,2026-05-18 11:52:46+05:30,53070.55,0,0.0,0,0.0,0.0,53282.15,53308.4,52783.45,53710.35,0,0.0,0.0,0.0,0.0,-0.01,-1,-1,-0.01,-1,-1,-0.01,-1,-1,-0.01,-1,-1,-0.01,-1,-1,-0.01,-1,-1,-0.01,-1,-1,-0.01,-1,-1,-0.01,-1,-1,-0.01,-1,-1
99926009,2026-05-18 11:52:47+05:30,53068.75,0,0.0,0,0.0,0.0,53282.15,53308.4,52783.45,53710.35,0,0.0,0.0,0.0,0.0,-0.01,-1,-1,-0.01,-1,-1,-0.01,-1,-1,-0.01,-1,-1,-0.01,-1,-1,-0.01,-1,-1,-0.01,-1,-1,-0.01,-1,-1,-0.01,-1,-1,-0.01,-1,-1
99926009,2026-05-18 11:52:47+05:30,53068.45,0,0.0,0,0.0,0.0,53282.15,53308.4,52783.45,53710.35,0,0.0,0.0,0.0,0.0,-0.01,-1,-1,-0.01,-1,-1,-0.01,-1,-1,-0.01,-1,-1,-0.01,-1,-1,-0.01,-1,-1,-0.01,-1,-1,-0.01,-1,-1,-0.01,-1,-1,-0.01,-1,-1
99926009,2026-05-18 11:52:48+05:30,53068.25,0,0.0,0,0.0,0.0,53282.15,53308.4,52783.45,53710.35,0,0.0,0.0,0.0,0.0,-0.01,-1,-1,-0.01,-1,-1,-0.01,-1,-1,-0.01,-1,-1,-0.01,-1,-1,-0.01,-1,-1,-0.01,-1,-1,-0.01,-1,-1,-0.01,-1,-1,-0.01,-1,-1
99926009,2026-05-18 11:52:48+05:30,53070.75,0,0.0,0,0.0,0.0,53282.15,53308.4,52783.45,53710.35,0,0.0,0.0,0.0,0.0,-0.01,-1,-1,-0.01,-1,-1,-0.01,-1,-1,-0.01,-1,-1,-0.01,-1,-1,-0.01,-1,-1,-0.01,-1,-1,-0.01,-1,-1,-0.01,-1,-1,-0.01,-1,-1
99926009,2026-05-18 11:52:49+05:30,53071.7,0,0.0,0,0.0,0.0,53282.15,53308.4,52783.45,53710.35,0,0.0,0.0,0.0,0.0,-0.01,-1,-1,-0.01,-1,-1,-0.01,-1,-1,-0.01,-1,-1,-0.01,-1,-1,-0.01,-1,-1,-0.01,-1,-1,-0.01,-1,-1,-0.01,-1,-1,-0.01,-1,-1
99926009,2026-05-18 11:52:49+05:30,53067.9,0,0.0,0,0.0,0.0,53282.15,53308.4,52783.45,53710.35,0,0.0,0.0,0.0,0.0,-0.01,-1,-1,-0.01,-1,-1,-0.01,-1,-1,-0.01,-1,-1,-0.01,-1,-1,-0.01,-1,-1,-0.01,-1,-1,-0.01,-1,-1,-0.01,-1,-1,-0.01,-1,-1
99926009,2026-05-18 11:52:50+05:30,53072.4,0,0.0,0,0.0,0.0,53282.15,53308.4,52783.45,53710.35,0,0.0,0.0,0.0,0.0,-0.01,-1,-1,-0.01,-1,-1,-0.01,-1,-1,-0.01,-1,-1,-0.01,-1,-1,-0.01,-1,-1,-0.01,-1,-1,-0.01,-1,-1,-0.01,-1,-1,-0.01,-1,-1
99926009,2026-05-18 11:52:50+05:30,53069.5,0,0.0,0,0.0,0.0,53282.15,53308.4,52783.45,53710.35,0,0.0,0.0,0.0,0.0,-0.01,-1,-1,-0.01,-1,-1,-0.01,-1,-1,-0.01,-1,-1,-0.01,-1,-1,-0.01,-1,-1,-0.01,-1,-1,-0.01,-1,-1,-0.01,-1,-1,-0.01,-1,-1
99926009,2026-05-18 11:52:51+05:30,53073.05,0,0.0,0,0.0,0.0,53282.15,53308.4,52783.45,53710.35,0,0.0,0.0,0.0,0.0,-0.01,-1,-1,-0.01,-1,-1,-0.01,-1,-1,-0.01,-1,-1,-0.01,-1,-1,-0.01,-1,-1,-0.01,-1,-1,-0.01,-1,-1,-0.01,-1,-1,-0.01,-1,-1
99926009,2026-05-18 11:52:51+05:30,53072.2,0,0.0,0,0.0,0.0,53282.15,53308.4,52783.45,53710.35,0,0.0,0.0,0.0,0.0,-0.01,-1,-1,-0.01,-1,-1,-0.01,-1,-1,-0.01,-1,-1,-0.01,-1,-1,-0.01,-1,-1,-0.01,-1,-1,-0.01,-1,-1,-0.01,-1,-1,-0.01,-1,-1
99926009,2026-05-18 11:52:52+05:30,53071.7,0,0.0,0,0.0,0.0,53282.15,53308.4,52783.45,53710.35,0,0.0,0.0,0.0,0.0,-0.01,-1,-1,-0.01,-1,-1,-0.01,-1,-1,-0.01,-1,-1,-0.01,-1,-1,-0.01,-1,-1,-0.01,-1,-1,-0.01,-1,-1,-0.01,-1,-1,-0.01,-1,-1
99926009,2026-05-18 11:52:52+05:30,53070.75,0,0.0,0,0.0,0.0,53282.15,53308.4,52783.45,53710.35,0,0.0,0.0,0.0,0.0,-0.01,-1,-1,-0.01,-1,-1,-0.01,-1,-1,-0.01,-1,-1,-0.01,-1,-1,-0.01,-1,-1,-0.01,-1,-1,-0.01,-1,-1,-0.01,-1,-1,-0.01,-1,-1
99926009,2026-05-18 11:52:53+05:30,53070.0,0,0.0,0,0.0,0.0,53282.15,53308.4,52783.45,53710.35,0,0.0,0.0,0.0,0.0,-0.01,-1,-1,-0.01,-1,-1,-0.01,-1,-1,-0.01,-1,-1,-0.01,-1,-1,-0.01,-1,-1,-0.01,-1,-1,-0.01,-1,-1,-0.01,-1,-1,-0.01,-1,-1
99926009,2026-05-18 11:52:53+05:30,53067.55,0,0.0,0,0.0,0.0,53282.15,53308.4,52783.45,53710.35,0,0.0,0.0,0.0,0.0,-0.01,-1,-1,-0.01,-1,-1,-0.01,-1,-1,-0.01,-1,-1,-0.01,-1,-1,-0.01,-1,-1,-0.01,-1,-1,-0.01,-1,-1,-0.01,-1,-1,-0.01,-1,-1
99926009,2026-05-18 11:52:54+05:30,53068.7,0,0.0,0,0.0,0.0,53282.15,53308.4,52783.45,53710.35,0,0.0,0.0,0.0,0.0,-0.01,-1,-1,-0.01,-1,-1,-0.01,-1,-1,-0.01,-1,-1,-0.01,-1,-1,-0.01,-1,-1,-0.01,-1,-1,-0.01,-1,-1,-0.01,-1,-1,-0.01,-1,-1
99926009,2026-05-18 11:52:54+05:30,53069.35,0,0.0,0,0.0,0.0,53282.15,53308.4,52783.45,53710.35,0,0.0,0.0,0.0,0.0,-0.01,-1,-1,-0.01,-1,-1,-0.01,-1,-1,-0.01,-1,-1,-0.01,-1,-1,-0.01,-1,-1,-0.01,-1,-1,-0.01,-1,-1,-0.01,-1,-1,-0.01,-1,-1
99926009,2026-05-18 11:52:55+05:30,53069.05,0,0.0,0,0.0,0.0,53282.15,53308.4,52783.45,53710.35,0,0.0,0.0,0.0,0.0,-0.01,-1,-1,-0.01,-1,-1,-0.01,-1,-1,-0.01,-1,-1,-0.01,-1,-1,-0.01,-1,-1,-0.01,-1,-1,-0.01,-1,-1,-0.01,-1,-1,-0.01,-1,-1
99926009,2026-05-18 11:52:55+05:30,53067.3,0,0.0,0,0.0,0.0,53282.15,53308.4,52783.45,53710.35,0,0.0,0.0,0.0,0.0,-0.01,-1,-1,-0.01,-1,-1,-0.01,-1,-1,-0.01,-1,-1,-0.01,-1,-1,-0.01,-1,-1,-0.01,-1,-1,-0.01,-1,-1,-0.01,-1,-1,-0.01,-1,-1
99926009,2026-05-18 11:52:56+05:30,53066.2,0,0.0,0,0.0,0.0,53282.15,53308.4,52783.45,53710.35,0,0.0,0.0,0.0,0.0,-0.01,-1,-1,-0.01,-1,-1,-0.01,-1,-1,-0.01,-1,-1,-0.01,-1,-1,-0.01,-1,-1,-0.01,-1,-1,-0.01,-1,-1,-0.01,-1,-1,-0.01,-1,-1
99926009,2026-05-18 11:52:56+05:30,53069.8,0,0.0,0,0.0,0.0,53282.15,53308.4,52783.45,53710.35,0,0.0,0.0,0.0,0.0,-0.01,-1,-1,-0.01,-1,-1,-0.01,-1,-1,-0.01,-1,-1,-0.01,-1,-1,-0.01,-1,-1,-0.01,-1,-1,-0.01,-1,-1,-0.01,-1,-1,-0.01,-1,-1
99926009,2026-05-18 11:52:57+05:30,53065.1,0,0.0,0,0.0,0.0,53282.15,53308.4,52783.45,53710.35,0,0.0,0.0,0.0,0.0,-0.01,-1,-1,-0.01,-1,-1,-0.01,-1,-1,-0.01,-1,-1,-0.01,-1,-1,-0.01,-1,-1,-0.01,-1,-1,-0.01,-1,-1,-0.01,-1,-1,-0.01,-1,-1
99926009,2026-05-18 11:52:57+05:30,53065.0,0,0.0,0,0.0,0.0,53282.15,53308.4,52783.45,53710.35,0,0.0,0.0,0.0,0.0,-0.01,-1,-1,-0.01,-1,-1,-0.01,-1,-1,-0.01,-1,-1,-0.01,-1,-1,-0.01,-1,-1,-0.01,-1,-1,-0.01,-1,-1,-0.01,-1,-1,-0.01,-1,-1
99926009,2026-05-18 11:52:58+05:30,53067.2,0,0.0,0,0.0,0.0,53282.15,53308.4,52783.45,53710.35,0,0.0,0.0,0.0,0.0,-0.01,-1,-1,-0.01,-1,-1,-0.01,-1,-1,-0.01,-1,-1,-0.01,-1,-1,-0.01,-1,-1,-0.01,-1,-1,-0.01,-1,-1,-0.01,-1,-1,-0.01,-1,-1
99926009,2026-05-18 11:52:58+05:30,53064.6,0,0.0,0,0.0,0.0,53282.15,53308.4,52783.45,53710.35,0,0.0,0.0,0.0,0.0,-0.01,-1,-1,-0.01,-1,-1,-0.01,-1,-1,-0.01,-1,-1,-0.01,-1,-1,-0.01,-1,-1,-0.01,-1,-1,-0.01,-1,-1,-0.01,-1,-1,-0.01,-1,-1
99926009,2026-05-18 11:52:59+05:30,53064.0,0,0.0,0,0.0,0.0,53282.15,53308.4,52783.45,53710.35,0,0.0,0.0,0.0,0.0,-0.01,-1,-1,-0.01,-1,-1,-0.01,-1,-1,-0.01,-1,-1,-0.01,-1,-1,-0.01,-1,-1,-0.01,-1,-1,-0.01,-1,-1,-0.01,-1,-1,-0.01,-1,-1
99926009,2026-05-18 11:52:59+05:30,53065.25,0,0.0,0,0.0,0.0,53282.15,53308.4,52783.45,53710.35,0,0.0,0.0,0.0,0.0,-0.01,-1,-1,-0.01,-1,-1,-0.01,-1,-1,-0.01,-1,-1,-0.01,-1,-1,-0.01,-1,-1,-0.01,-1,-1,-0.01,-1,-1,-0.01,-1,-1,-0.01,-1,-1
99926009,2026-05-18 11:53:00+05:30,53064.6,0,0.0,0,0.0,0.0,53282.15,53308.4,52783.45,53710.35,0,0.0,0.0,0.0,0.0,-0.01,-1,-1,-0.01,-1,-1,-0.01,-1,-1,-0.01,-1,-1,-0.01,-1,-1,-0.01,-1,-1,-0.01,-1,-1,-0.01,-1,-1,-0.01,-1,-1,-0.01,-1,-1
99926009,2026-05-18 11:53:00+05:30,53063.5,0,0.0,0,0.0,0.0,53282.15,53308.4,52783.45,53710.35,0,0.0,0.0,0.0,0.0,-0.01,-1,-1,-0.01,-1,-1,-0.01,-1,-1,-0.01,-1,-1,-0.01,-1,-1,-0.01,-1,-1,-0.01,-1,-1,-0.01,-1,-1,-0.01,-1,-1,-0.01,-1,-1
99926009,2026-05-18 11:53:01+05:30,53061.35,0,0.0,0,0.0,0.0,53282.15,53308.4,52783.45,53710.35,0,0.0,0.0,0.0,0.0,-0.01,-1,-1,-0.01,-1,-1,-0.01,-1,-1,-0.01,-1,-1,-0.01,-1,-1,-0.01,-1,-1,-0.01,-1,-1,-0.01,-1,-1,-0.01,-1,-1,-0.01,-1,-1
99926009,2026-05-18 11:53:01+05:30,53061.0,0,0.0,0,0.0,0.0,53282.15,53308.4,52783.45,53710.35,0,0.0,0.0,0.0,0.0,-0.01,-1,-1,-0.01,-1,-1,-0.01,-1,-1,-0.01,-1,-1,-0.01,-1,-1,-0.01,-1,-1,-0.01,-1,-1,-0.01,-1,-1,-0.01,-1,-1,-0.01,-1,-1
99926009,2026-05-18 11:53:02+05:30,53060.8,0,0.0,0,0.0,0.0,53282.15,53308.4,52783.45,53710.35,0,0.0,0.0,0.0,0.0,-0.01,-1,-1,-0.01,-1,-1,-0.01,-1,-1,-0.01,-1,-1,-0.01,-1,-1,-0.01,-1,-1,-0.01,-1,-1,-0.01,-1,-1,-0.01,-1,-1,-0.01,-1,-1
99926009,2026-05-18 11:53:02+05:30,53061.1,0,0.0,0,0.0,0.0,53282.15,53308.4,52783.45,53710.35,0,0.0,0.0,0.0,0.0,-0.01,-1,-1,-0.01,-1,-1,-0.01,-1,-1,-0.01,-1,-1,-0.01,-1,-1,-0.01,-1,-1,-0.01,-1,-1,-0.01,-1,-1,-0.01,-1,-1,-0.01,-1,-1
99926009,2026-05-18 11:53:03+05:30,53063.15,0,0.0,0,0.0,0.0,53282.15,53308.4,52783.45,53710.35,0,0.0,0.0,0.0,0.0,-0.01,-1,-1,-0.01,-1,-1,-0.01,-1,-1,-0.01,-1,-1,-0.01,-1,-1,-0.01,-1,-1,-0.01,-1,-1,-0.01,-1,-1,-0.01,-1,-1,-0.01,-1,-1
99926009,2026-05-18 11:53:03+05:30,53064.1,0,0.0,0,0.0,0.0,53282.15,53308.4,52783.45,53710.35,0,0.0,0.0,0.0,0.0,-0.01,-1,-1,-0.01,-1,-1,-0.01,-1,-1,-0.01,-1,-1,-0.01,-1,-1,-0.01,-1,-1,-0.01,-1,-1,-0.01,-1,-1,-0.01,-1,-1,-0.01,-1,-1
99926009,2026-05-18 11:53:04+05:30,53063.0,0,0.0,0,0.0,0.0,53282.15,53308.4,52783.45,53710.35,0,0.0,0.0,0.0,0.0,-0.01,-1,-1,-0.01,-1,-1,-0.01,-1,-1,-0.01,-1,-1,-0.01,-1,-1,-0.01,-1,-1,-0.01,-1,-1,-0.01,-1,-1,-0.01,-1,-1,-0.01,-1,-1
99926009,2026-05-18 11:53:04+05:30,53063.5,0,0.0,0,0.0,0.0,53282.15,53308.4,52783.45,53710.35,0,0.0,0.0,0.0,0.0,-0.01,-1,-1,-0.01,-1,-1,-0.01,-1,-1,-0.01,-1,-1,-0.01,-1,-1,-0.01,-1,-1,-0.01,-1,-1,-0.01,-1,-1,-0.01,-1,-1,-0.01,-1,-1
99926009,2026-05-18 11:53:05+05:30,53064.8,0,0.0,0,0.0,0.0,53282.15,53308.4,52783.45,53710.35,0,0.0,0.0,0.0,0.0,-0.01,-1,-1,-0.01,-1,-1,-0.01,-1,-1,-0.01,-1,-1,-0.01,-1,-1,-0.01,-1,-1,-0.01,-1,-1,-0.01,-1,-1,-0.01,-1,-1,-0.01,-1,-1
99926009,2026-05-18 11:53:05+05:30,53066.3,0,0.0,0,0.0,0.0,53282.15,53308.4,52783.45,53710.35,0,0.0,0.0,0.0,0.0,-0.01,-1,-1,-0.01,-1,-1,-0.01,-1,-1,-0.01,-1,-1,-0.01,-1,-1,-0.01,-1,-1,-0.01,-1,-1,-0.01,-1,-1,-0.01,-1,-1,-0.01,-1,-1
99926009,2026-05-18 11:53:06+05:30,53065.25,0,0.0,0,0.0,0.0,53282.15,53308.4,52783.45,53710.35,0,0.0,0.0,0.0,0.0,-0.01,-1,-1,-0.01,-1,-1,-0.01,-1,-1,-0.01,-1,-1,-0.01,-1,-1,-0.01,-1,-1,-0.01,-1,-1,-0.01,-1,-1,-0.01,-1,-1,-0.01,-1,-1
99926009,2026-05-18 11:53:06+05:30,53064.5,0,0.0,0,0.0,0.0,53282.15,53308.4,52783.45,53710.35,0,0.0,0.0,0.0,0.0,-0.01,-1,-1,-0.01,-1,-1,-0.01,-1,-1,-0.01,-1,-1,-0.01,-1,-1,-0.01,-1,-1,-0.01,-1,-1,-0.01,-1,-1,-0.01,-1,-1,-0.01,-1,-1
99926009,2026-05-18 11:53:07+05:30,53064.3,0,0.0,0,0.0,0.0,53282.15,53308.4,52783.45,53710.35,0,0.0,0.0,0.0,0.0,-0.01,-1,-1,-0.01,-1,-1,-0.01,-1,-1,-0.01,-1,-1,-0.01,-1,-1,-0.01,-1,-1,-0.01,-1,-1,-0.01,-1,-1,-0.01,-1,-1,-0.01,-1,-1
99926009,2026-05-18 11:53:07+05:30,53063.95,0,0.0,0,0.0,0.0,53282.15,53308.4,52783.45,53710.35,0,0.0,0.0,0.0,0.0,-0.01,-1,-1,-0.01,-1,-1,-0.01,-1,-1,-0.01,-1,-1,-0.01,-1,-1,-0.01,-1,-1,-0.01,-1,-1,-0.01,-1,-1,-0.01,-1,-1,-0.01,-1,-1
99926009,2026-05-18 11:53:08+05:30,53063.45,0,0.0,0,0.0,0.0,53282.15,53308.4,52783.45,53710.35,0,0.0,0.0,0.0,0.0,-0.01,-1,-1,-0.01,-1,-1,-0.01,-1,-1,-0.01,-1,-1,-0.01,-1,-1,-0.01,-1,-1,-0.01,-1,-1,-0.01,-1,-1,-0.01,-1,-1,-0.01,-1,-1
99926009,2026-05-18 11:53:08+05:30,53064.5,0,0.0,0,0.0,0.0,53282.15,53308.4,52783.45,53710.35,0,0.0,0.0,0.0,0.0,-0.01,-1,-1,-0.01,-1,-1,-0.01,-1,-1,-0.01,-1,-1,-0.01,-1,-1,-0.01,-1,-1,-0.01,-1,-1,-0.01,-1,-1,-0.01,-1,-1,-0.01,-1,-1
99926009,2026-05-18 11:53:09+05:30,53065.5,0,0.0,0,0.0,0.0,53282.15,53308.4,52783.45,53710.35,0,0.0,0.0,0.0,0.0,-0.01,-1,-1,-0.01,-1,-1,-0.01,-1,-1,-0.01,-1,-1,-0.01,-1,-1,-0.01,-1,-1,-0.01,-1,-1,-0.01,-1,-1,-0.01,-1,-1,-0.01,-1,-1
99926009,2026-05-18 11:53:09+05:30,53061.9,0,0.0,0,0.0,0.0,53282.15,53308.4,52783.45,53710.35,0,0.0,0.0,0.0,0.0,-0.01,-1,-1,-0.01,-1,-1,-0.01,-1,-1,-0.01,-1,-1,-0.01,-1,-1,-0.01,-1,-1,-0.01,-1,-1,-0.01,-1,-1,-0.01,-1,-1,-0.01,-1,-1
99926009,2026-05-18 11:53:10+05:30,53067.05,0,0.0,0,0.0,0.0,53282.15,53308.4,52783.45,53710.35,0,0.0,0.0,0.0,0.0,-0.01,-1,-1,-0.01,-1,-1,-0.01,-1,-1,-0.01,-1,-1,-0.01,-1,-1,-0.01,-1,-1,-0.01,-1,-1,-0.01,-1,-1,-0.01,-1,-1,-0.01,-1,-1
99926009,2026-05-18 11:53:10+05:30,53066.85,0,0.0,0,0.0,0.0,53282.15,53308.4,52783.45,53710.35,0,0.0,0.0,0.0,0.0,-0.01,-1,-1,-0.01,-1,-1,-0.01,-1,-1,-0.01,-1,-1,-0.01,-1,-1,-0.01,-1,-1,-0.01,-1,-1,-0.01,-1,-1,-0.01,-1,-1,-0.01,-1,-1
99926009,2026-05-18 11:53:11+05:30,53066.9,0,0.0,0,0.0,0.0,53282.15,53308.4,52783.45,53710.35,0,0.0,0.0,0.0,0.0,-0.01,-1,-1,-0.01,-1,-1,-0.01,-1,-1,-0.01,-1,-1,-0.01,-1,-1,-0.01,-1,-1,-0.01,-1,-1,-0.01,-1,-1,-0.01,-1,-1,-0.01,-1,-1
99926009,2026-05-18 11:53:11+05:30,53066.25,0,0.0,0,0.0,0.0,53282.15,53308.4,52783.45,53710.35,0,0.0,0.0,0.0,0.0,-0.01,-1,-1,-0.01,-1,-1,-0.01,-1,-1,-0.01,-1,-1,-0.01,-1,-1,-0.01,-1,-1,-0.01,-1,-1,-0.01,-1,-1,-0.01,-1,-1,-0.01,-1,-1
99926009,2026-05-18 11:53:12+05:30,53069.95,0,0.0,0,0.0,0.0,53282.15,53308.4,52783.45,53710.35,0,0.0,0.0,0.0,0.0,-0.01,-1,-1,-0.01,-1,-1,-0.01,-1,-1,-0.01,-1,-1,-0.01,-1,-1,-0.01,-1,-1,-0.01,-1,-1,-0.01,-1,-1,-0.01,-1,-1,-0.01,-1,-1
99926009,2026-05-18 11:53:12+05:30,53069.65,0,0.0,0,0.0,0.0,53282.15,53308.4,52783.45,53710.35,0,0.0,0.0,0.0,0.0,-0.01,-1,-1,-0.01,-1,-1,-0.01,-1,-1,-0.01,-1,-1,-0.01,-1,-1,-0.01,-1,-1,-0.01,-1,-1,-0.01,-1,-1,-0.01,-1,-1,-0.01,-1,-1
99926009,2026-05-18 11:53:13+05:30,53069.7,0,0.0,0,0.0,0.0,53282.15,53308.4,52783.45,53710.35,0,0.0,0.0,0.0,0.0,-0.01,-1,-1,-0.01,-1,-1,-0.01,-1,-1,-0.01,-1,-1,-0.01,-1,-1,-0.01,-1,-1,-0.01,-1,-1,-0.01,-1,-1,-0.01,-1,-1,-0.01,-1,-1
99926009,2026-05-18 11:53:13+05:30,53068.75,0,0.0,0,0.0,0.0,53282.15,53308.4,52783.45,53710.35,0,0.0,0.0,0.0,0.0,-0.01,-1,-1,-0.01,-1,-1,-0.01,-1,-1,-0.01,-1,-1,-0.01,-1,-1,-0.01,-1,-1,-0.01,-1,-1,-0.01,-1,-1,-0.01,-1,-1,-0.01,-1,-1
99926009,2026-05-18 11:53:14+05:30,53070.55,0,0.0,0,0.0,0.0,53282.15,53308.4,52783.45,53710.35,0,0.0,0.0,0.0,0.0,-0.01,-1,-1,-0.01,-1,-1,-0.01,-1,-1,-0.01,-1,-1,-0.01,-1,-1,-0.01,-1,-1,-0.01,-1,-1,-0.01,-1,-1,-0.01,-1,-1,-0.01,-1,-1
99926009,2026-05-18 11:53:14+05:30,53070.45,0,0.0,0,0.0,0.0,53282.15,53308.4,52783.45,53710.35,0,0.0,0.0,0.0,0.0,-0.01,-1,-1,-0.01,-1,-1,-0.01,-1,-1,-0.01,-1,-1,-0.01,-1,-1,-0.01,-1,-1,-0.01,-1,-1,-0.01,-1,-1,-0.01,-1,-1,-0.01,-1,-1
99926009,2026-05-18 11:53:15+05:30,53069.45,0,0.0,0,0.0,0.0,53282.15,53308.4,52783.45,53710.35,0,0.0,0.0,0.0,0.0,-0.01,-1,-1,-0.01,-1,-1,-0.01,-1,-1,-0.01,-1,-1,-0.01,-1,-1,-0.01,-1,-1,-0.01,-1,-1,-0.01,-1,-1,-0.01,-1,-1,-0.01,-1,-1
99926009,2026-05-18 11:53:15+05:30,53072.2,0,0.0,0,0.0,0.0,53282.15,53308.4,52783.45,53710.35,0,0.0,0.0,0.0,0.0,-0.01,-1,-1,-0.01,-1,-1,-0.01,-1,-1,-0.01,-1,-1,-0.01,-1,-1,-0.01,-1,-1,-0.01,-1,-1,-0.01,-1,-1,-0.01,-1,-1,-0.01,-1,-1
99926009,2026-05-18 11:53:16+05:30,53069.4,0,0.0,0,0.0,0.0,53282.15,53308.4,52783.45,53710.35,0,0.0,0.0,0.0,0.0,-0.01,-1,-1,-0.01,-1,-1,-0.01,-1,-1,-0.01,-1,-1,-0.01,-1,-1,-0.01,-1,-1,-0.01,-1,-1,-0.01,-1,-1,-0.01,-1,-1,-0.01,-1,-1
99926009,2026-05-18 11:53:16+05:30,53071.05,0,0.0,0,0.0,0.0,53282.15,53308.4,52783.45,53710.35,0,0.0,0.0,0.0,0.0,-0.01,-1,-1,-0.01,-1,-1,-0.01,-1,-1,-0.01,-1,-1,-0.01,-1,-1,-0.01,-1,-1,-0.01,-1,-1,-0.01,-1,-1,-0.01,-1,-1,-0.01,-1,-1
99926009,2026-05-18 11:53:17+05:30,53070.9,0,0.0,0,0.0,0.0,53282.15,53308.4,52783.45,53710.35,0,0.0,0.0,0.0,0.0,-0.01,-1,-1,-0.01,-1,-1,-0.01,-1,-1,-0.01,-1,-1,-0.01,-1,-1,-0.01,-1,-1,-0.01,-1,-1,-0.01,-1,-1,-0.01,-1,-1,-0.01,-1,-1
99926009,2026-05-18 11:53:17+05:30,53069.0,0,0.0,0,0.0,0.0,53282.15,53308.4,52783.45,53710.35,0,0.0,0.0,0.0,0.0,-0.01,-1,-1,-0.01,-1,-1,-0.01,-1,-1,-0.01,-1,-1,-0.01,-1,-1,-0.01,-1,-1,-0.01,-1,-1,-0.01,-1,-1,-0.01,-1,-1,-0.01,-1,-1
99926009,2026-05-18 11:53:18+05:30,53070.55,0,0.0,0,0.0,0.0,53282.15,53308.4,52783.45,53710.35,0,0.0,0.0,0.0,0.0,-0.01,-1,-1,-0.01,-1,-1,-0.01,-1,-1,-0.01,-1,-1,-0.01,-1,-1,-0.01,-1,-1,-0.01,-1,-1,-0.01,-1,-1,-0.01,-1,-1,-0.01,-1,-1
99926009,2026-05-18 11:53:18+05:30,53069.85,0,0.0,0,0.0,0.0,53282.15,53308.4,52783.45,53710.35,0,0.0,0.0,0.0,0.0,-0.01,-1,-1,-0.01,-1,-1,-0.01,-1,-1,-0.01,-1,-1,-0.01,-1,-1,-0.01,-1,-1,-0.01,-1,-1,-0.01,-1,-1,-0.01,-1,-1,-0.01,-1,-1
99926009,2026-05-18 11:53:19+05:30,53068.1,0,0.0,0,0.0,0.0,53282.15,53308.4,52783.45,53710.35,0,0.0,0.0,0.0,0.0,-0.01,-1,-1,-0.01,-1,-1,-0.01,-1,-1,-0.01,-1,-1,-0.01,-1,-1,-0.01,-1,-1,-0.01,-1,-1,-0.01,-1,-1,-0.01,-1,-1,-0.01,-1,-1
99926009,2026-05-18 11:53:19+05:30,53068.55,0,0.0,0,0.0,0.0,53282.15,53308.4,52783.45,53710.35,0,0.0,0.0,0.0,0.0,-0.01,-1,-1,-0.01,-1,-1,-0.01,-1,-1,-0.01,-1,-1,-0.01,-1,-1,-0.01,-1,-1,-0.01,-1,-1,-0.01,-1,-1,-0.01,-1,-1,-0.01,-1,-1
99926009,2026-05-18 11:53:20+05:30,53068.9,0,0.0,0,0.0,0.0,53282.15,53308.4,52783.45,53710.35,0,0.0,0.0,0.0,0.0,-0.01,-1,-1,-0.01,-1,-1,-0.01,-1,-1,-0.01,-1,-1,-0.01,-1,-1,-0.01,-1,-1,-0.01,-1,-1,-0.01,-1,-1,-0.01,-1,-1,-0.01,-1,-1
99926009,2026-05-18 11:53:20+05:30,53066.15,0,0.0,0,0.0,0.0,53282.15,53308.4,52783.45,53710.35,0,0.0,0.0,0.0,0.0,-0.01,-1,-1,-0.01,-1,-1,-0.01,-1,-1,-0.01,-1,-1,-0.01,-1,-1,-0.01,-1,-1,-0.01,-1,-1,-0.01,-1,-1,-0.01,-1,-1,-0.01,-1,-1
99926009,2026-05-18 11:53:21+05:30,53065.1,0,0.0,0,0.0,0.0,53282.15,53308.4,52783.45,53710.35,0,0.0,0.0,0.0,0.0,-0.01,-1,-1,-0.01,-1,-1,-0.01,-1,-1,-0.01,-1,-1,-0.01,-1,-1,-0.01,-1,-1,-0.01,-1,-1,-0.01,-1,-1,-0.01,-1,-1,-0.01,-1,-1
99926009,2026-05-18 11:53:21+05:30,53067.75,0,0.0,0,0.0,0.0,53282.15,53308.4,52783.45,53710.35,0,0.0,0.0,0.0,0.0,-0.01,-1,-1,-0.01,-1,-1,-0.01,-1,-1,-0.01,-1,-1,-0.01,-1,-1,-0.01,-1,-1,-0.01,-1,-1,-0.01,-1,-1,-0.01,-1,-1,-0.01,-1,-1
99926009,2026-05-18 11:53:22+05:30,53065.7,0,0.0,0,0.0,0.0,53282.15,53308.4,52783.45,53710.35,0,0.0,0.0,0.0,0.0,-0.01,-1,-1,-0.01,-1,-1,-0.01,-1,-1,-0.01,-1,-1,-0.01,-1,-1,-0.01,-1,-1,-0.01,-1,-1,-0.01,-1,-1,-0.01,-1,-1,-0.01,-1,-1
99926009,2026-05-18 11:53:22+05:30,53066.6,0,0.0,0,0.0,0.0,53282.15,53308.4,52783.45,53710.35,0,0.0,0.0,0.0,0.0,-0.01,-1,-1,-0.01,-1,-1,-0.01,-1,-1,-0.01,-1,-1,-0.01,-1,-1,-0.01,-1,-1,-0.01,-1,-1,-0.01,-1,-1,-0.01,-1,-1,-0.01,-1,-1
99926009,2026-05-18 11:53:23+05:30,53066.6,0,0.0,0,0.0,0.0,53282.15,53308.4,52783.45,53710.35,0,0.0,0.0,0.0,0.0,-0.01,-1,-1,-0.01,-1,-1,-0.01,-1,-1,-0.01,-1,-1,-0.01,-1,-1,-0.01,-1,-1,-0.01,-1,-1,-0.01,-1,-1,-0.01,-1,-1,-0.01,-1,-1
99926009,2026-05-18 11:53:23+05:30,53065.75,0,0.0,0,0.0,0.0,53282.15,53308.4,52783.45,53710.35,0,0.0,0.0,0.0,0.0,-0.01,-1,-1,-0.01,-1,-1,-0.01,-1,-1,-0.01,-1,-1,-0.01,-1,-1,-0.01,-1,-1,-0.01,-1,-1,-0.01,-1,-1,-0.01,-1,-1,-0.01,-1,-1
99926009,2026-05-18 11:53:24+05:30,53064.35,0,0.0,0,0.0,0.0,53282.15,53308.4,52783.45,53710.35,0,0.0,0.0,0.0,0.0,-0.01,-1,-1,-0.01,-1,-1,-0.01,-1,-1,-0.01,-1,-1,-0.01,-1,-1,-0.01,-1,-1,-0.01,-1,-1,-0.01,-1,-1,-0.01,-1,-1,-0.01,-1,-1
99926009,2026-05-18 11:53:24+05:30,53067.8,0,0.0,0,0.0,0.0,53282.15,53308.4,52783.45,53710.35,0,0.0,0.0,0.0,0.0,-0.01,-1,-1,-0.01,-1,-1,-0.01,-1,-1,-0.01,-1,-1,-0.01,-1,-1,-0.01,-1,-1,-0.01,-1,-1,-0.01,-1,-1,-0.01,-1,-1,-0.01,-1,-1
99926009,2026-05-18 11:53:25+05:30,53068.15,0,0.0,0,0.0,0.0,53282.15,53308.4,52783.45,53710.35,0,0.0,0.0,0.0,0.0,-0.01,-1,-1,-0.01,-1,-1,-0.01,-1,-1,-0.01,-1,-1,-0.01,-1,-1,-0.01,-1,-1,-0.01,-1,-1,-0.01,-1,-1,-0.01,-1,-1,-0.01,-1,-1
99926009,2026-05-18 11:53:25+05:30,53067.3,0,0.0,0,0.0,0.0,53282.15,53308.4,52783.45,53710.35,0,0.0,0.0,0.0,0.0,-0.01,-1,-1,-0.01,-1,-1,-0.01,-1,-1,-0.01,-1,-1,-0.01,-1,-1,-0.01,-1,-1,-0.01,-1,-1,-0.01,-1,-1,-0.01,-1,-1,-0.01,-1,-1
99926009,2026-05-18 11:53:26+05:30,53065.85,0,0.0,0,0.0,0.0,53282.15,53308.4,52783.45,53710.35,0,0.0,0.0,0.0,0.0,-0.01,-1,-1,-0.01,-1,-1,-0.01,-1,-1,-0.01,-1,-1,-0.01,-1,-1,-0.01,-1,-1,-0.01,-1,-1,-0.01,-1,-1,-0.01,-1,-1,-0.01,-1,-1
99926009,2026-05-18 11:53:26+05:30,53069.3,0,0.0,0,0.0,0.0,53282.15,53308.4,52783.45,53710.35,0,0.0,0.0,0.0,0.0,-0.01,-1,-1,-0.01,-1,-1,-0.01,-1,-1,-0.01,-1,-1,-0.01,-1,-1,-0.01,-1,-1,-0.01,-1,-1,-0.01,-1,-1,-0.01,-1,-1,-0.01,-1,-1
99926009,2026-05-18 11:53:27+05:30,53069.1,0,0.0,0,0.0,0.0,53282.15,53308.4,52783.45,53710.35,0,0.0,0.0,0.0,0.0,-0.01,-1,-1,-0.01,-1,-1,-0.01,-1,-1,-0.01,-1,-1,-0.01,-1,-1,-0.01,-1,-1,-0.01,-1,-1,-0.01,-1,-1,-0.01,-1,-1,-0.01,-1,-1
99926009,2026-05-18 11:53:27+05:30,53065.15,0,0.0,0,0.0,0.0,53282.15,53308.4,52783.45,53710.35,0,0.0,0.0,0.0,0.0,-0.01,-1,-1,-0.01,-1,-1,-0.01,-1,-1,-0.01,-1,-1,-0.01,-1,-1,-0.01,-1,-1,-0.01,-1,-1,-0.01,-1,-1,-0.01,-1,-1,-0.01,-1,-1
99926009,2026-05-18 11:53:28+05:30,53069.95,0,0.0,0,0.0,0.0,53282.15,53308.4,52783.45,53710.35,0,0.0,0.0,0.0,0.0,-0.01,-1,-1,-0.01,-1,-1,-0.01,-1,-1,-0.01,-1,-1,-0.01,-1,-1,-0.01,-1,-1,-0.01,-1,-1,-0.01,-1,-1,-0.01,-1,-1,-0.01,-1,-1
99926009,2026-05-18 11:53:28+05:30,53070.0,0,0.0,0,0.0,0.0,53282.15,53308.4,52783.45,53710.35,0,0.0,0.0,0.0,0.0,-0.01,-1,-1,-0.01,-1,-1,-0.01,-1,-1,-0.01,-1,-1,-0.01,-1,-1,-0.01,-1,-1,-0.01,-1,-1,-0.01,-1,-1,-0.01,-1,-1,-0.01,-1,-1
99926009,2026-05-18 11:53:29+05:30,53068.1,0,0.0,0,0.0,0.0,53282.15,53308.4,52783.45,53710.35,0,0.0,0.0,0.0,0.0,-0.01,-1,-1,-0.01,-1,-1,-0.01,-1,-1,-0.01,-1,-1,-0.01,-1,-1,-0.01,-1,-1,-0.01,-1,-1,-0.01,-1,-1,-0.01,-1,-1,-0.01,-1,-1
99926009,2026-05-18 11:53:29+05:30,53063.4,0,0.0,0,0.0,0.0,53282.15,53308.4,52783.45,53710.35,0,0.0,0.0,0.0,0.0,-0.01,-1,-1,-0.01,-1,-1,-0.01,-1,-1,-0.01,-1,-1,-0.01,-1,-1,-0.01,-1,-1,-0.01,-1,-1,-0.01,-1,-1,-0.01,-1,-1,-0.01,-1,-1
99926009,2026-05-18 11:53:30+05:30,53069.55,0,0.0,0,0.0,0.0,53282.15,53308.4,52783.45,53710.35,0,0.0,0.0,0.0,0.0,-0.01,-1,-1,-0.01,-1,-1,-0.01,-1,-1,-0.01,-1,-1,-0.01,-1,-1,-0.01,-1,-1,-0.01,-1,-1,-0.01,-1,-1,-0.01,-1,-1,-0.01,-1,-1
99926009,2026-05-18 11:53:30+05:30,53067.2,0,0.0,0,0.0,0.0,53282.15,53308.4,52783.45,53710.35,0,0.0,0.0,0.0,0.0,-0.01,-1,-1,-0.01,-1,-1,-0.01,-1,-1,-0.01,-1,-1,-0.01,-1,-1,-0.01,-1,-1,-0.01,-1,-1,-0.01,-1,-1,-0.01,-1,-1,-0.01,-1,-1
99926009,2026-05-18 11:53:31+05:30,53068.4,0,0.0,0,0.0,0.0,53282.15,53308.4,52783.45,53710.35,0,0.0,0.0,0.0,0.0,-0.01,-1,-1,-0.01,-1,-1,-0.01,-1,-1,-0.01,-1,-1,-0.01,-1,-1,-0.01,-1,-1,-0.01,-1,-1,-0.01,-1,-1,-0.01,-1,-1,-0.01,-1,-1
99926009,2026-05-18 11:53:31+05:30,53065.7,0,0.0,0,0.0,0.0,53282.15,53308.4,52783.45,53710.35,0,0.0,0.0,0.0,0.0,-0.01,-1,-1,-0.01,-1,-1,-0.01,-1,-1,-0.01,-1,-1,-0.01,-1,-1,-0.01,-1,-1,-0.01,-1,-1,-0.01,-1,-1,-0.01,-1,-1,-0.01,-1,-1
99926009,2026-05-18 11:53:32+05:30,53062.9,0,0.0,0,0.0,0.0,53282.15,53308.4,52783.45,53710.35,0,0.0,0.0,0.0,0.0,-0.01,-1,-1,-0.01,-1,-1,-0.01,-1,-1,-0.01,-1,-1,-0.01,-1,-1,-0.01,-1,-1,-0.01,-1,-1,-0.01,-1,-1,-0.01,-1,-1,-0.01,-1,-1
99926009,2026-05-18 11:53:32+05:30,53060.9,0,0.0,0,0.0,0.0,53282.15,53308.4,52783.45,53710.35,0,0.0,0.0,0.0,0.0,-0.01,-1,-1,-0.01,-1,-1,-0.01,-1,-1,-0.01,-1,-1,-0.01,-1,-1,-0.01,-1,-1,-0.01,-1,-1,-0.01,-1,-1,-0.01,-1,-1,-0.01,-1,-1
99926009,2026-05-18 11:53:33+05:30,53058.45,0,0.0,0,0.0,0.0,53282.15,53308.4,52783.45,53710.35,0,0.0,0.0,0.0,0.0,-0.01,-1,-1,-0.01,-1,-1,-0.01,-1,-1,-0.01,-1,-1,-0.01,-1,-1,-0.01,-1,-1,-0.01,-1,-1,-0.01,-1,-1,-0.01,-1,-1,-0.01,-1,-1
99926009,2026-05-18 11:53:33+05:30,53061.15,0,0.0,0,0.0,0.0,53282.15,53308.4,52783.45,53710.35,0,0.0,0.0,0.0,0.0,-0.01,-1,-1,-0.01,-1,-1,-0.01,-1,-1,-0.01,-1,-1,-0.01,-1,-1,-0.01,-1,-1,-0.01,-1,-1,-0.01,-1,-1,-0.01,-1,-1,-0.01,-1,-1
99926009,2026-05-18 11:53:34+05:30,53061.15,0,0.0,0,0.0,0.0,53282.15,53308.4,52783.45,53710.35,0,0.0,0.0,0.0,0.0,-0.01,-1,-1,-0.01,-1,-1,-0.01,-1,-1,-0.01,-1,-1,-0.01,-1,-1,-0.01,-1,-1,-0.01,-1,-1,-0.01,-1,-1,-0.01,-1,-1,-0.01,-1,-1
99926009,2026-05-18 11:53:34+05:30,53059.4,0,0.0,0,0.0,0.0,53282.15,53308.4,52783.45,53710.35,0,0.0,0.0,0.0,0.0,-0.01,-1,-1,-0.01,-1,-1,-0.01,-1,-1,-0.01,-1,-1,-0.01,-1,-1,-0.01,-1,-1,-0.01,-1,-1,-0.01,-1,-1,-0.01,-1,-1,-0.01,-1,-1
99926009,2026-05-18 11:53:35+05:30,53064.55,0,0.0,0,0.0,0.0,53282.15,53308.4,52783.45,53710.35,0,0.0,0.0,0.0,0.0,-0.01,-1,-1,-0.01,-1,-1,-0.01,-1,-1,-0.01,-1,-1,-0.01,-1,-1,-0.01,-1,-1,-0.01,-1,-1,-0.01,-1,-1,-0.01,-1,-1,-0.01,-1,-1
99926009,2026-05-18 11:53:35+05:30,53063.6,0,0.0,0,0.0,0.0,53282.15,53308.4,52783.45,53710.35,0,0.0,0.0,0.0,0.0,-0.01,-1,-1,-0.01,-1,-1,-0.01,-1,-1,-0.01,-1,-1,-0.01,-1,-1,-0.01,-1,-1,-0.01,-1,-1,-0.01,-1,-1,-0.01,-1,-1,-0.01,-1,-1
99926009,2026-05-18 11:53:36+05:30,53059.7,0,0.0,0,0.0,0.0,53282.15,53308.4,52783.45,53710.35,0,0.0,0.0,0.0,0.0,-0.01,-1,-1,-0.01,-1,-1,-0.01,-1,-1,-0.01,-1,-1,-0.01,-1,-1,-0.01,-1,-1,-0.01,-1,-1,-0.01,-1,-1,-0.01,-1,-1,-0.01,-1,-1
99926009,2026-05-18 11:53:36+05:30,53059.55,0,0.0,0,0.0,0.0,53282.15,53308.4,52783.45,53710.35,0,0.0,0.0,0.0,0.0,-0.01,-1,-1,-0.01,-1,-1,-0.01,-1,-1,-0.01,-1,-1,-0.01,-1,-1,-0.01,-1,-1,-0.01,-1,-1,-0.01,-1,-1,-0.01,-1,-1,-0.01,-1,-1
99926009,2026-05-18 11:53:37+05:30,53060.85,0,0.0,0,0.0,0.0,53282.15,53308.4,52783.45,53710.35,0,0.0,0.0,0.0,0.0,-0.01,-1,-1,-0.01,-1,-1,-0.01,-1,-1,-0.01,-1,-1,-0.01,-1,-1,-0.01,-1,-1,-0.01,-1,-1,-0.01,-1,-1,-0.01,-1,-1,-0.01,-1,-1
99926009,2026-05-18 11:53:37+05:30,53050.0,0,0.0,0,0.0,0.0,53282.15,53308.4,52783.45,53710.35,0,0.0,0.0,0.0,0.0,-0.01,-1,-1,-0.01,-1,-1,-0.01,-1,-1,-0.01,-1,-1,-0.01,-1,-1,-0.01,-1,-1,-0.01,-1,-1,-0.01,-1,-1,-0.01,-1,-1,-0.01,-1,-1
99926009,2026-05-18 11:53:38+05:30,53056.4,0,0.0,0,0.0,0.0,53282.15,53308.4,52783.45,53710.35,0,0.0,0.0,0.0,0.0,-0.01,-1,-1,-0.01,-1,-1,-0.01,-1,-1,-0.01,-1,-1,-0.01,-1,-1,-0.01,-1,-1,-0.01,-1,-1,-0.01,-1,-1,-0.01,-1,-1,-0.01,-1,-1
99926009,2026-05-18 11:53:38+05:30,53049.4,0,0.0,0,0.0,0.0,53282.15,53308.4,52783.45,53710.35,0,0.0,0.0,0.0,0.0,-0.01,-1,-1,-0.01,-1,-1,-0.01,-1,-1,-0.01,-1,-1,-0.01,-1,-1,-0.01,-1,-1,-0.01,-1,-1,-0.01,-1,-1,-0.01,-1,-1,-0.01,-1,-1
99926009,2026-05-18 11:53:39+05:30,53046.85,0,0.0,0,0.0,0.0,53282.15,53308.4,52783.45,53710.35,0,0.0,0.0,0.0,0.0,-0.01,-1,-1,-0.01,-1,-1,-0.01,-1,-1,-0.01,-1,-1,-0.01,-1,-1,-0.01,-1,-1,-0.01,-1,-1,-0.01,-1,-1,-0.01,-1,-1,-0.01,-1,-1
99926009,2026-05-18 11:53:39+05:30,53047.4,0,0.0,0,0.0,0.0,53282.15,53308.4,52783.45,53710.35,0,0.0,0.0,0.0,0.0,-0.01,-1,-1,-0.01,-1,-1,-0.01,-1,-1,-0.01,-1,-1,-0.01,-1,-1,-0.01,-1,-1,-0.01,-1,-1,-0.01,-1,-1,-0.01,-1,-1,-0.01,-1,-1
99926009,2026-05-18 11:53:40+05:30,53049.2,0,0.0,0,0.0,0.0,53282.15,53308.4,52783.45,53710.35,0,0.0,0.0,0.0,0.0,-0.01,-1,-1,-0.01,-1,-1,-0.01,-1,-1,-0.01,-1,-1,-0.01,-1,-1,-0.01,-1,-1,-0.01,-1,-1,-0.01,-1,-1,-0.01,-1,-1,-0.01,-1,-1
99926009,2026-05-18 11:53:40+05:30,53048.55,0,0.0,0,0.0,0.0,53282.15,53308.4,52783.45,53710.35,0,0.0,0.0,0.0,0.0,-0.01,-1,-1,-0.01,-1,-1,-0.01,-1,-1,-0.01,-1,-1,-0.01,-1,-1,-0.01,-1,-1,-0.01,-1,-1,-0.01,-1,-1,-0.01,-1,-1,-0.01,-1,-1
99926009,2026-05-18 11:53:41+05:30,53045.35,0,0.0,0,0.0,0.0,53282.15,53308.4,52783.45,53710.35,0,0.0,0.0,0.0,0.0,-0.01,-1,-1,-0.01,-1,-1,-0.01,-1,-1,-0.01,-1,-1,-0.01,-1,-1,-0.01,-1,-1,-0.01,-1,-1,-0.01,-1,-1,-0.01,-1,-1,-0.01,-1,-1
99926009,2026-05-18 11:53:41+05:30,53052.9,0,0.0,0,0.0,0.0,53282.15,53308.4,52783.45,53710.35,0,0.0,0.0,0.0,0.0,-0.01,-1,-1,-0.01,-1,-1,-0.01,-1,-1,-0.01,-1,-1,-0.01,-1,-1,-0.01,-1,-1,-0.01,-1,-1,-0.01,-1,-1,-0.01,-1,-1,-0.01,-1,-1
99926009,2026-05-18 11:53:42+05:30,53047.6,0,0.0,0,0.0,0.0,53282.15,53308.4,52783.45,53710.35,0,0.0,0.0,0.0,0.0,-0.01,-1,-1,-0.01,-1,-1,-0.01,-1,-1,-0.01,-1,-1,-0.01,-1,-1,-0.01,-1,-1,-0.01,-1,-1,-0.01,-1,-1,-0.01,-1,-1,-0.01,-1,-1
99926009,2026-05-18 11:53:42+05:30,53050.1,0,0.0,0,0.0,0.0,53282.15,53308.4,52783.45,53710.35,0,0.0,0.0,0.0,0.0,-0.01,-1,-1,-0.01,-1,-1,-0.01,-1,-1,-0.01,-1,-1,-0.01,-1,-1,-0.01,-1,-1,-0.01,-1,-1,-0.01,-1,-1,-0.01,-1,-1,-0.01,-1,-1
99926009,2026-05-18 11:53:43+05:30,53053.55,0,0.0,0,0.0,0.0,53282.15,53308.4,52783.45,53710.35,0,0.0,0.0,0.0,0.0,-0.01,-1,-1,-0.01,-1,-1,-0.01,-1,-1,-0.01,-1,-1,-0.01,-1,-1,-0.01,-1,-1,-0.01,-1,-1,-0.01,-1,-1,-0.01,-1,-1,-0.01,-1,-1
99926009,2026-05-18 11:53:43+05:30,53050.2,0,0.0,0,0.0,0.0,53282.15,53308.4,52783.45,53710.35,0,0.0,0.0,0.0,0.0,-0.01,-1,-1,-0.01,-1,-1,-0.01,-1,-1,-0.01,-1,-1,-0.01,-1,-1,-0.01,-1,-1,-0.01,-1,-1,-0.01,-1,-1,-0.01,-1,-1,-0.01,-1,-1
99926009,2026-05-18 11:53:44+05:30,53052.55,0,0.0,0,0.0,0.0,53282.15,53308.4,52783.45,53710.35,0,0.0,0.0,0.0,0.0,-0.01,-1,-1,-0.01,-1,-1,-0.01,-1,-1,-0.01,-1,-1,-0.01,-1,-1,-0.01,-1,-1,-0.01,-1,-1,-0.01,-1,-1,-0.01,-1,-1,-0.01,-1,-1
99926009,2026-05-18 11:53:44+05:30,53052.25,0,0.0,0,0.0,0.0,53282.15,53308.4,52783.45,53710.35,0,0.0,0.0,0.0,0.0,-0.01,-1,-1,-0.01,-1,-1,-0.01,-1,-1,-0.01,-1,-1,-0.01,-1,-1,-0.01,-1,-1,-0.01,-1,-1,-0.01,-1,-1,-0.01,-1,-1,-0.01,-1,-1
99926009,2026-05-18 11:53:45+05:30,53053.45,0,0.0,0,0.0,0.0,53282.15,53308.4,52783.45,53710.35,0,0.0,0.0,0.0,0.0,-0.01,-1,-1,-0.01,-1,-1,-0.01,-1,-1,-0.01,-1,-1,-0.01,-1,-1,-0.01,-1,-1,-0.01,-1,-1,-0.01,-1,-1,-0.01,-1,-1,-0.01,-1,-1
99926009,2026-05-18 11:53:45+05:30,53053.3,0,0.0,0,0.0,0.0,53282.15,53308.4,52783.45,53710.35,0,0.0,0.0,0.0,0.0,-0.01,-1,-1,-0.01,-1,-1,-0.01,-1,-1,-0.01,-1,-1,-0.01,-1,-1,-0.01,-1,-1,-0.01,-1,-1,-0.01,-1,-1,-0.01,-1,-1,-0.01,-1,-1
99926009,2026-05-18 11:53:46+05:30,53051.65,0,0.0,0,0.0,0.0,53282.15,53308.4,52783.45,53710.35,0,0.0,0.0,0.0,0.0,-0.01,-1,-1,-0.01,-1,-1,-0.01,-1,-1,-0.01,-1,-1,-0.01,-1,-1,-0.01,-1,-1,-0.01,-1,-1,-0.01,-1,-1,-0.01,-1,-1,-0.01,-1,-1
99926009,2026-05-18 11:53:46+05:30,53054.2,0,0.0,0,0.0,0.0,53282.15,53308.4,52783.45,53710.35,0,0.0,0.0,0.0,0.0,-0.01,-1,-1,-0.01,-1,-1,-0.01,-1,-1,-0.01,-1,-1,-0.01,-1,-1,-0.01,-1,-1,-0.01,-1,-1,-0.01,-1,-1,-0.01,-1,-1,-0.01,-1,-1
99926009,2026-05-18 11:53:47+05:30,53050.95,0,0.0,0,0.0,0.0,53282.15,53308.4,52783.45,53710.35,0,0.0,0.0,0.0,0.0,-0.01,-1,-1,-0.01,-1,-1,-0.01,-1,-1,-0.01,-1,-1,-0.01,-1,-1,-0.01,-1,-1,-0.01,-1,-1,-0.01,-1,-1,-0.01,-1,-1,-0.01,-1,-1
99926009,2026-05-18 11:53:47+05:30,53049.05,0,0.0,0,0.0,0.0,53282.15,53308.4,52783.45,53710.35,0,0.0,0.0,0.0,0.0,-0.01,-1,-1,-0.01,-1,-1,-0.01,-1,-1,-0.01,-1,-1,-0.01,-1,-1,-0.01,-1,-1,-0.01,-1,-1,-0.01,-1,-1,-0.01,-1,-1,-0.01,-1,-1
99926009,2026-05-18 11:53:48+05:30,53052.65,0,0.0,0,0.0,0.0,53282.15,53308.4,52783.45,53710.35,0,0.0,0.0,0.0,0.0,-0.01,-1,-1,-0.01,-1,-1,-0.01,-1,-1,-0.01,-1,-1,-0.01,-1,-1,-0.01,-1,-1,-0.01,-1,-1,-0.01,-1,-1,-0.01,-1,-1,-0.01,-1,-1
99926009,2026-05-18 11:53:48+05:30,53050.8,0,0.0,0,0.0,0.0,53282.15,53308.4,52783.45,53710.35,0,0.0,0.0,0.0,0.0,-0.01,-1,-1,-0.01,-1,-1,-0.01,-1,-1,-0.01,-1,-1,-0.01,-1,-1,-0.01,-1,-1,-0.01,-1,-1,-0.01,-1,-1,-0.01,-1,-1,-0.01,-1,-1
99926009,2026-05-18 11:53:49+05:30,53051.55,0,0.0,0,0.0,0.0,53282.15,53308.4,52783.45,53710.35,0,0.0,0.0,0.0,0.0,-0.01,-1,-1,-0.01,-1,-1,-0.01,-1,-1,-0.01,-1,-1,-0.01,-1,-1,-0.01,-1,-1,-0.01,-1,-1,-0.01,-1,-1,-0.01,-1,-1,-0.01,-1,-1
99926009,2026-05-18 11:53:49+05:30,53052.65,0,0.0,0,0.0,0.0,53282.15,53308.4,52783.45,53710.35,0,0.0,0.0,0.0,0.0,-0.01,-1,-1,-0.01,-1,-1,-0.01,-1,-1,-0.01,-1,-1,-0.01,-1,-1,-0.01,-1,-1,-0.01,-1,-1,-0.01,-1,-1,-0.01,-1,-1,-0.01,-1,-1
99926009,2026-05-18 11:53:50+05:30,53053.3,0,0.0,0,0.0,0.0,53282.15,53308.4,52783.45,53710.35,0,0.0,0.0,0.0,0.0,-0.01,-1,-1,-0.01,-1,-1,-0.01,-1,-1,-0.01,-1,-1,-0.01,-1,-1,-0.01,-1,-1,-0.01,-1,-1,-0.01,-1,-1,-0.01,-1,-1,-0.01,-1,-1
99926009,2026-05-18 11:53:50+05:30,53052.7,0,0.0,0,0.0,0.0,53282.15,53308.4,52783.45,53710.35,0,0.0,0.0,0.0,0.0,-0.01,-1,-1,-0.01,-1,-1,-0.01,-1,-1,-0.01,-1,-1,-0.01,-1,-1,-0.01,-1,-1,-0.01,-1,-1,-0.01,-1,-1,-0.01,-1,-1,-0.01,-1,-1
99926009,2026-05-18 11:53:51+05:30,53049.65,0,0.0,0,0.0,0.0,53282.15,53308.4,52783.45,53710.35,0,0.0,0.0,0.0,0.0,-0.01,-1,-1,-0.01,-1,-1,-0.01,-1,-1,-0.01,-1,-1,-0.01,-1,-1,-0.01,-1,-1,-0.01,-1,-1,-0.01,-1,-1,-0.01,-1,-1,-0.01,-1,-1
99926009,2026-05-18 11:53:51+05:30,53050.5,0,0.0,0,0.0,0.0,53282.15,53308.4,52783.45,53710.35,0,0.0,0.0,0.0,0.0,-0.01,-1,-1,-0.01,-1,-1,-0.01,-1,-1,-0.01,-1,-1,-0.01,-1,-1,-0.01,-1,-1,-0.01,-1,-1,-0.01,-1,-1,-0.01,-1,-1,-0.01,-1,-1
99926009,2026-05-18 11:53:52+05:30,53051.4,0,0.0,0,0.0,0.0,53282.15,53308.4,52783.45,53710.35,0,0.0,0.0,0.0,0.0,-0.01,-1,-1,-0.01,-1,-1,-0.01,-1,-1,-0.01,-1,-1,-0.01,-1,-1,-0.01,-1,-1,-0.01,-1,-1,-0.01,-1,-1,-0.01,-1,-1,-0.01,-1,-1
99926009,2026-05-18 11:53:52+05:30,53050.95,0,0.0,0,0.0,0.0,53282.15,53308.4,52783.45,53710.35,0,0.0,0.0,0.0,0.0,-0.01,-1,-1,-0.01,-1,-1,-0.01,-1,-1,-0.01,-1,-1,-0.01,-1,-1,-0.01,-1,-1,-0.01,-1,-1,-0.01,-1,-1,-0.01,-1,-1,-0.01,-1,-1
99926009,2026-05-18 11:53:53+05:30,53048.7,0,0.0,0,0.0,0.0,53282.15,53308.4,52783.45,53710.35,0,0.0,0.0,0.0,0.0,-0.01,-1,-1,-0.01,-1,-1,-0.01,-1,-1,-0.01,-1,-1,-0.01,-1,-1,-0.01,-1,-1,-0.01,-1,-1,-0.01,-1,-1,-0.01,-1,-1,-0.01,-1,-1
99926009,2026-05-18 11:53:53+05:30,53049.65,0,0.0,0,0.0,0.0,53282.15,53308.4,52783.45,53710.35,0,0.0,0.0,0.0,0.0,-0.01,-1,-1,-0.01,-1,-1,-0.01,-1,-1,-0.01,-1,-1,-0.01,-1,-1,-0.01,-1,-1,-0.01,-1,-1,-0.01,-1,-1,-0.01,-1,-1,-0.01,-1,-1
99926009,2026-05-18 11:53:54+05:30,53051.45,0,0.0,0,0.0,0.0,53282.15,53308.4,52783.45,53710.35,0,0.0,0.0,0.0,0.0,-0.01,-1,-1,-0.01,-1,-1,-0.01,-1,-1,-0.01,-1,-1,-0.01,-1,-1,-0.01,-1,-1,-0.01,-1,-1,-0.01,-1,-1,-0.01,-1,-1,-0.01,-1,-1
99926009,2026-05-18 11:53:54+05:30,53049.4,0,0.0,0,0.0,0.0,53282.15,53308.4,52783.45,53710.35,0,0.0,0.0,0.0,0.0,-0.01,-1,-1,-0.01,-1,-1,-0.01,-1,-1,-0.01,-1,-1,-0.01,-1,-1,-0.01,-1,-1,-0.01,-1,-1,-0.01,-1,-1,-0.01,-1,-1,-0.01,-1,-1
99926009,2026-05-18 11:53:55+05:30,53049.8,0,0.0,0,0.0,0.0,53282.15,53308.4,52783.45,53710.35,0,0.0,0.0,0.0,0.0,-0.01,-1,-1,-0.01,-1,-1,-0.01,-1,-1,-0.01,-1,-1,-0.01,-1,-1,-0.01,-1,-1,-0.01,-1,-1,-0.01,-1,-1,-0.01,-1,-1,-0.01,-1,-1
99926009,2026-05-18 11:53:55+05:30,53047.7,0,0.0,0,0.0,0.0,53282.15,53308.4,52783.45,53710.35,0,0.0,0.0,0.0,0.0,-0.01,-1,-1,-0.01,-1,-1,-0.01,-1,-1,-0.01,-1,-1,-0.01,-1,-1,-0.01,-1,-1,-0.01,-1,-1,-0.01,-1,-1,-0.01,-1,-1,-0.01,-1,-1
99926009,2026-05-18 11:53:56+05:30,53047.6,0,0.0,0,0.0,0.0,53282.15,53308.4,52783.45,53710.35,0,0.0,0.0,0.0,0.0,-0.01,-1,-1,-0.01,-1,-1,-0.01,-1,-1,-0.01,-1,-1,-0.01,-1,-1,-0.01,-1,-1,-0.01,-1,-1,-0.01,-1,-1,-0.01,-1,-1,-0.01,-1,-1
99926009,2026-05-18 11:53:56+05:30,53045.25,0,0.0,0,0.0,0.0,53282.15,53308.4,52783.45,53710.35,0,0.0,0.0,0.0,0.0,-0.01,-1,-1,-0.01,-1,-1,-0.01,-1,-1,-0.01,-1,-1,-0.01,-1,-1,-0.01,-1,-1,-0.01,-1,-1,-0.01,-1,-1,-0.01,-1,-1,-0.01,-1,-1
99926009,2026-05-18 11:53:57+05:30,53048.8,0,0.0,0,0.0,0.0,53282.15,53308.4,52783.45,53710.35,0,0.0,0.0,0.0,0.0,-0.01,-1,-1,-0.01,-1,-1,-0.01,-1,-1,-0.01,-1,-1,-0.01,-1,-1,-0.01,-1,-1,-0.01,-1,-1,-0.01,-1,-1,-0.01,-1,-1,-0.01,-1,-1
99926009,2026-05-18 11:53:57+05:30,53047.25,0,0.0,0,0.0,0.0,53282.15,53308.4,52783.45,53710.35,0,0.0,0.0,0.0,0.0,-0.01,-1,-1,-0.01,-1,-1,-0.01,-1,-1,-0.01,-1,-1,-0.01,-1,-1,-0.01,-1,-1,-0.01,-1,-1,-0.01,-1,-1,-0.01,-1,-1,-0.01,-1,-1
99926009,2026-05-18 11:53:58+05:30,53049.35,0,0.0,0,0.0,0.0,53282.15,53308.4,52783.45,53710.35,0,0.0,0.0,0.0,0.0,-0.01,-1,-1,-0.01,-1,-1,-0.01,-1,-1,-0.01,-1,-1,-0.01,-1,-1,-0.01,-1,-1,-0.01,-1,-1,-0.01,-1,-1,-0.01,-1,-1,-0.01,-1,-1
99926009,2026-05-18 11:53:58+05:30,53049.55,0,0.0,0,0.0,0.0,53282.15,53308.4,52783.45,53710.35,0,0.0,0.0,0.0,0.0,-0.01,-1,-1,-0.01,-1,-1,-0.01,-1,-1,-0.01,-1,-1,-0.01,-1,-1,-0.01,-1,-1,-0.01,-1,-1,-0.01,-1,-1,-0.01,-1,-1,-0.01,-1,-1
99926009,2026-05-18 11:53:59+05:30,53050.6,0,0.0,0,0.0,0.0,53282.15,53308.4,52783.45,53710.35,0,0.0,0.0,0.0,0.0,-0.01,-1,-1,-0.01,-1,-1,-0.01,-1,-1,-0.01,-1,-1,-0.01,-1,-1,-0.01,-1,-1,-0.01,-1,-1,-0.01,-1,-1,-0.01,-1,-1,-0.01,-1,-1
99926009,2026-05-18 11:53:59+05:30,53049.9,0,0.0,0,0.0,0.0,53282.15,53308.4,52783.45,53710.35,0,0.0,0.0,0.0,0.0,-0.01,-1,-1,-0.01,-1,-1,-0.01,-1,-1,-0.01,-1,-1,-0.01,-1,-1,-0.01,-1,-1,-0.01,-1,-1,-0.01,-1,-1,-0.01,-1,-1,-0.01,-1,-1
99926009,2026-05-18 11:54:00+05:30,53051.7,0,0.0,0,0.0,0.0,53282.15,53308.4,52783.45,53710.35,0,0.0,0.0,0.0,0.0,-0.01,-1,-1,-0.01,-1,-1,-0.01,-1,-1,-0.01,-1,-1,-0.01,-1,-1,-0.01,-1,-1,-0.01,-1,-1,-0.01,-1,-1,-0.01,-1,-1,-0.01,-1,-1
99926009,2026-05-18 11:54:00+05:30,53050.5,0,0.0,0,0.0,0.0,53282.15,53308.4,52783.45,53710.35,0,0.0,0.0,0.0,0.0,-0.01,-1,-1,-0.01,-1,-1,-0.01,-1,-1,-0.01,-1,-1,-0.01,-1,-1,-0.01,-1,-1,-0.01,-1,-1,-0.01,-1,-1,-0.01,-1,-1,-0.01,-1,-1
99926009,2026-05-18 11:54:01+05:30,53049.5,0,0.0,0,0.0,0.0,53282.15,53308.4,52783.45,53710.35,0,0.0,0.0,0.0,0.0,-0.01,-1,-1,-0.01,-1,-1,-0.01,-1,-1,-0.01,-1,-1,-0.01,-1,-1,-0.01,-1,-1,-0.01,-1,-1,-0.01,-1,-1,-0.01,-1,-1,-0.01,-1,-1
99926009,2026-05-18 11:54:01+05:30,53050.2,0,0.0,0,0.0,0.0,53282.15,53308.4,52783.45,53710.35,0,0.0,0.0,0.0,0.0,-0.01,-1,-1,-0.01,-1,-1,-0.01,-1,-1,-0.01,-1,-1,-0.01,-1,-1,-0.01,-1,-1,-0.01,-1,-1,-0.01,-1,-1,-0.01,-1,-1,-0.01,-1,-1
99926009,2026-05-18 11:54:02+05:30,53048.25,0,0.0,0,0.0,0.0,53282.15,53308.4,52783.45,53710.35,0,0.0,0.0,0.0,0.0,-0.01,-1,-1,-0.01,-1,-1,-0.01,-1,-1,-0.01,-1,-1,-0.01,-1,-1,-0.01,-1,-1,-0.01,-1,-1,-0.01,-1,-1,-0.01,-1,-1,-0.01,-1,-1
99926009,2026-05-18 11:54:02+05:30,53049.05,0,0.0,0,0.0,0.0,53282.15,53308.4,52783.45,53710.35,0,0.0,0.0,0.0,0.0,-0.01,-1,-1,-0.01,-1,-1,-0.01,-1,-1,-0.01,-1,-1,-0.01,-1,-1,-0.01,-1,-1,-0.01,-1,-1,-0.01,-1,-1,-0.01,-1,-1,-0.01,-1,-1
99926009,2026-05-18 11:54:03+05:30,53047.85,0,0.0,0,0.0,0.0,53282.15,53308.4,52783.45,53710.35,0,0.0,0.0,0.0,0.0,-0.01,-1,-1,-0.01,-1,-1,-0.01,-1,-1,-0.01,-1,-1,-0.01,-1,-1,-0.01,-1,-1,-0.01,-1,-1,-0.01,-1,-1,-0.01,-1,-1,-0.01,-1,-1
99926009,2026-05-18 11:54:03+05:30,53049.3,0,0.0,0,0.0,0.0,53282.15,53308.4,52783.45,53710.35,0,0.0,0.0,0.0,0.0,-0.01,-1,-1,-0.01,-1,-1,-0.01,-1,-1,-0.01,-1,-1,-0.01,-1,-1,-0.01,-1,-1,-0.01,-1,-1,-0.01,-1,-1,-0.01,-1,-1,-0.01,-1,-1
99926009,2026-05-18 11:54:04+05:30,53050.7,0,0.0,0,0.0,0.0,53282.15,53308.4,52783.45,53710.35,0,0.0,0.0,0.0,0.0,-0.01,-1,-1,-0.01,-1,-1,-0.01,-1,-1,-0.01,-1,-1,-0.01,-1,-1,-0.01,-1,-1,-0.01,-1,-1,-0.01,-1,-1,-0.01,-1,-1,-0.01,-1,-1
99926009,2026-05-18 11:54:04+05:30,53050.35,0,0.0,0,0.0,0.0,53282.15,53308.4,52783.45,53710.35,0,0.0,0.0,0.0,0.0,-0.01,-1,-1,-0.01,-1,-1,-0.01,-1,-1,-0.01,-1,-1,-0.01,-1,-1,-0.01,-1,-1,-0.01,-1,-1,-0.01,-1,-1,-0.01,-1,-1,-0.01,-1,-1
99926009,2026-05-18 11:54:05+05:30,53052.3,0,0.0,0,0.0,0.0,53282.15,53308.4,52783.45,53710.35,0,0.0,0.0,0.0,0.0,-0.01,-1,-1,-0.01,-1,-1,-0.01,-1,-1,-0.01,-1,-1,-0.01,-1,-1,-0.01,-1,-1,-0.01,-1,-1,-0.01,-1,-1,-0.01,-1,-1,-0.01,-1,-1
99926009,2026-05-18 11:54:05+05:30,53049.55,0,0.0,0,0.0,0.0,53282.15,53308.4,52783.45,53710.35,0,0.0,0.0,0.0,0.0,-0.01,-1,-1,-0.01,-1,-1,-0.01,-1,-1,-0.01,-1,-1,-0.01,-1,-1,-0.01,-1,-1,-0.01,-1,-1,-0.01,-1,-1,-0.01,-1,-1,-0.01,-1,-1
99926009,2026-05-18 11:54:06+05:30,53045.35,0,0.0,0,0.0,0.0,53282.15,53308.4,52783.45,53710.35,0,0.0,0.0,0.0,0.0,-0.01,-1,-1,-0.01,-1,-1,-0.01,-1,-1,-0.01,-1,-1,-0.01,-1,-1,-0.01,-1,-1,-0.01,-1,-1,-0.01,-1,-1,-0.01,-1,-1,-0.01,-1,-1
99926009,2026-05-18 11:54:06+05:30,53048.6,0,0.0,0,0.0,0.0,53282.15,53308.4,52783.45,53710.35,0,0.0,0.0,0.0,0.0,-0.01,-1,-1,-0.01,-1,-1,-0.01,-1,-1,-0.01,-1,-1,-0.01,-1,-1,-0.01,-1,-1,-0.01,-1,-1,-0.01,-1,-1,-0.01,-1,-1,-0.01,-1,-1
99926009,2026-05-18 11:54:07+05:30,53048.65,0,0.0,0,0.0,0.0,53282.15,53308.4,52783.45,53710.35,0,0.0,0.0,0.0,0.0,-0.01,-1,-1,-0.01,-1,-1,-0.01,-1,-1,-0.01,-1,-1,-0.01,-1,-1,-0.01,-1,-1,-0.01,-1,-1,-0.01,-1,-1,-0.01,-1,-1,-0.01,-1,-1
99926009,2026-05-18 11:54:07+05:30,53045.75,0,0.0,0,0.0,0.0,53282.15,53308.4,52783.45,53710.35,0,0.0,0.0,0.0,0.0,-0.01,-1,-1,-0.01,-1,-1,-0.01,-1,-1,-0.01,-1,-1,-0.01,-1,-1,-0.01,-1,-1,-0.01,-1,-1,-0.01,-1,-1,-0.01,-1,-1,-0.01,-1,-1
99926009,2026-05-18 11:54:08+05:30,53041.65,0,0.0,0,0.0,0.0,53282.15,53308.4,52783.45,53710.35,0,0.0,0.0,0.0,0.0,-0.01,-1,-1,-0.01,-1,-1,-0.01,-1,-1,-0.01,-1,-1,-0.01,-1,-1,-0.01,-1,-1,-0.01,-1,-1,-0.01,-1,-1,-0.01,-1,-1,-0.01,-1,-1
99926009,2026-05-18 11:54:08+05:30,53041.45,0,0.0,0,0.0,0.0,53282.15,53308.4,52783.45,53710.35,0,0.0,0.0,0.0,0.0,-0.01,-1,-1,-0.01,-1,-1,-0.01,-1,-1,-0.01,-1,-1,-0.01,-1,-1,-0.01,-1,-1,-0.01,-1,-1,-0.01,-1,-1,-0.01,-1,-1,-0.01,-1,-1
99926009,2026-05-18 11:54:09+05:30,53047.0,0,0.0,0,0.0,0.0,53282.15,53308.4,52783.45,53710.35,0,0.0,0.0,0.0,0.0,-0.01,-1,-1,-0.01,-1,-1,-0.01,-1,-1,-0.01,-1,-1,-0.01,-1,-1,-0.01,-1,-1,-0.01,-1,-1,-0.01,-1,-1,-0.01,-1,-1,-0.01,-1,-1
99926009,2026-05-18 11:54:09+05:30,53047.05,0,0.0,0,0.0,0.0,53282.15,53308.4,52783.45,53710.35,0,0.0,0.0,0.0,0.0,-0.01,-1,-1,-0.01,-1,-1,-0.01,-1,-1,-0.01,-1,-1,-0.01,-1,-1,-0.01,-1,-1,-0.01,-1,-1,-0.01,-1,-1,-0.01,-1,-1,-0.01,-1,-1
99926009,2026-05-18 11:54:10+05:30,53046.85,0,0.0,0,0.0,0.0,53282.15,53308.4,52783.45,53710.35,0,0.0,0.0,0.0,0.0,-0.01,-1,-1,-0.01,-1,-1,-0.01,-1,-1,-0.01,-1,-1,-0.01,-1,-1,-0.01,-1,-1,-0.01,-1,-1,-0.01,-1,-1,-0.01,-1,-1,-0.01,-1,-1
99926009,2026-05-18 11:54:10+05:30,53045.35,0,0.0,0,0.0,0.0,53282.15,53308.4,52783.45,53710.35,0,0.0,0.0,0.0,0.0,-0.01,-1,-1,-0.01,-1,-1,-0.01,-1,-1,-0.01,-1,-1,-0.01,-1,-1,-0.01,-1,-1,-0.01,-1,-1,-0.01,-1,-1,-0.01,-1,-1,-0.01,-1,-1
99926009,2026-05-18 11:54:11+05:30,53047.25,0,0.0,0,0.0,0.0,53282.15,53308.4,52783.45,53710.35,0,0.0,0.0,0.0,0.0,-0.01,-1,-1,-0.01,-1,-1,-0.01,-1,-1,-0.01,-1,-1,-0.01,-1,-1,-0.01,-1,-1,-0.01,-1,-1,-0.01,-1,-1,-0.01,-1,-1,-0.01,-1,-1
99926009,2026-05-18 11:54:11+05:30,53048.95,0,0.0,0,0.0,0.0,53282.15,53308.4,52783.45,53710.35,0,0.0,0.0,0.0,0.0,-0.01,-1,-1,-0.01,-1,-1,-0.01,-1,-1,-0.01,-1,-1,-0.01,-1,-1,-0.01,-1,-1,-0.01,-1,-1,-0.01,-1,-1,-0.01,-1,-1,-0.01,-1,-1
99926009,2026-05-18 11:54:12+05:30,53047.8,0,0.0,0,0.0,0.0,53282.15,53308.4,52783.45,53710.35,0,0.0,0.0,0.0,0.0,-0.01,-1,-1,-0.01,-1,-1,-0.01,-1,-1,-0.01,-1,-1,-0.01,-1,-1,-0.01,-1,-1,-0.01,-1,-1,-0.01,-1,-1,-0.01,-1,-1,-0.01,-1,-1
99926009,2026-05-18 11:54:12+05:30,53047.55,0,0.0,0,0.0,0.0,53282.15,53308.4,52783.45,53710.35,0,0.0,0.0,0.0,0.0,-0.01,-1,-1,-0.01,-1,-1,-0.01,-1,-1,-0.01,-1,-1,-0.01,-1,-1,-0.01,-1,-1,-0.01,-1,-1,-0.01,-1,-1,-0.01,-1,-1,-0.01,-1,-1
99926009,2026-05-18 11:54:13+05:30,53047.3,0,0.0,0,0.0,0.0,53282.15,53308.4,52783.45,53710.35,0,0.0,0.0,0.0,0.0,-0.01,-1,-1,-0.01,-1,-1,-0.01,-1,-1,-0.01,-1,-1,-0.01,-1,-1,-0.01,-1,-1,-0.01,-1,-1,-0.01,-1,-1,-0.01,-1,-1,-0.01,-1,-1
99926009,2026-05-18 11:54:13+05:30,53046.45,0,0.0,0,0.0,0.0,53282.15,53308.4,52783.45,53710.35,0,0.0,0.0,0.0,0.0,-0.01,-1,-1,-0.01,-1,-1,-0.01,-1,-1,-0.01,-1,-1,-0.01,-1,-1,-0.01,-1,-1,-0.01,-1,-1,-0.01,-1,-1,-0.01,-1,-1,-0.01,-1,-1
99926009,2026-05-18 11:54:14+05:30,53046.8,0,0.0,0,0.0,0.0,53282.15,53308.4,52783.45,53710.35,0,0.0,0.0,0.0,0.0,-0.01,-1,-1,-0.01,-1,-1,-0.01,-1,-1,-0.01,-1,-1,-0.01,-1,-1,-0.01,-1,-1,-0.01,-1,-1,-0.01,-1,-1,-0.01,-1,-1,-0.01,-1,-1
99926009,2026-05-18 11:54:14+05:30,53044.75,0,0.0,0,0.0,0.0,53282.15,53308.4,52783.45,53710.35,0,0.0,0.0,0.0,0.0,-0.01,-1,-1,-0.01,-1,-1,-0.01,-1,-1,-0.01,-1,-1,-0.01,-1,-1,-0.01,-1,-1,-0.01,-1,-1,-0.01,-1,-1,-0.01,-1,-1,-0.01,-1,-1
99926009,2026-05-18 11:54:15+05:30,53048.3,0,0.0,0,0.0,0.0,53282.15,53308.4,52783.45,53710.35,0,0.0,0.0,0.0,0.0,-0.01,-1,-1,-0.01,-1,-1,-0.01,-1,-1,-0.01,-1,-1,-0.01,-1,-1,-0.01,-1,-1,-0.01,-1,-1,-0.01,-1,-1,-0.01,-1,-1,-0.01,-1,-1
99926009,2026-05-18 11:54:15+05:30,53047.45,0,0.0,0,0.0,0.0,53282.15,53308.4,52783.45,53710.35,0,0.0,0.0,0.0,0.0,-0.01,-1,-1,-0.01,-1,-1,-0.01,-1,-1,-0.01,-1,-1,-0.01,-1,-1,-0.01,-1,-1,-0.01,-1,-1,-0.01,-1,-1,-0.01,-1,-1,-0.01,-1,-1
99926009,2026-05-18 11:54:16+05:30,53047.4,0,0.0,0,0.0,0.0,53282.15,53308.4,52783.45,53710.35,0,0.0,0.0,0.0,0.0,-0.01,-1,-1,-0.01,-1,-1,-0.01,-1,-1,-0.01,-1,-1,-0.01,-1,-1,-0.01,-1,-1,-0.01,-1,-1,-0.01,-1,-1,-0.01,-1,-1,-0.01,-1,-1
99926009,2026-05-18 11:54:16+05:30,53047.95,0,0.0,0,0.0,0.0,53282.15,53308.4,52783.45,53710.35,0,0.0,0.0,0.0,0.0,-0.01,-1,-1,-0.01,-1,-1,-0.01,-1,-1,-0.01,-1,-1,-0.01,-1,-1,-0.01,-1,-1,-0.01,-1,-1,-0.01,-1,-1,-0.01,-1,-1,-0.01,-1,-1
99926009,2026-05-18 11:54:17+05:30,53047.45,0,0.0,0,0.0,0.0,53282.15,53308.4,52783.45,53710.35,0,0.0,0.0,0.0,0.0,-0.01,-1,-1,-0.01,-1,-1,-0.01,-1,-1,-0.01,-1,-1,-0.01,-1,-1,-0.01,-1,-1,-0.01,-1,-1,-0.01,-1,-1,-0.01,-1,-1,-0.01,-1,-1
99926009,2026-05-18 11:54:17+05:30,53050.35,0,0.0,0,0.0,0.0,53282.15,53308.4,52783.45,53710.35,0,0.0,0.0,0.0,0.0,-0.01,-1,-1,-0.01,-1,-1,-0.01,-1,-1,-0.01,-1,-1,-0.01,-1,-1,-0.01,-1,-1,-0.01,-1,-1,-0.01,-1,-1,-0.01,-1,-1,-0.01,-1,-1
99926009,2026-05-18 11:54:18+05:30,53050.15,0,0.0,0,0.0,0.0,53282.15,53308.4,52783.45,53710.35,0,0.0,0.0,0.0,0.0,-0.01,-1,-1,-0.01,-1,-1,-0.01,-1,-1,-0.01,-1,-1,-0.01,-1,-1,-0.01,-1,-1,-0.01,-1,-1,-0.01,-1,-1,-0.01,-1,-1,-0.01,-1,-1
99926009,2026-05-18 11:54:18+05:30,53050.55,0,0.0,0,0.0,0.0,53282.15,53308.4,52783.45,53710.35,0,0.0,0.0,0.0,0.0,-0.01,-1,-1,-0.01,-1,-1,-0.01,-1,-1,-0.01,-1,-1,-0.01,-1,-1,-0.01,-1,-1,-0.01,-1,-1,-0.01,-1,-1,-0.01,-1,-1,-0.01,-1,-1
99926009,2026-05-18 11:54:19+05:30,53048.95,0,0.0,0,0.0,0.0,53282.15,53308.4,52783.45,53710.35,0,0.0,0.0,0.0,0.0,-0.01,-1,-1,-0.01,-1,-1,-0.01,-1,-1,-0.01,-1,-1,-0.01,-1,-1,-0.01,-1,-1,-0.01,-1,-1,-0.01,-1,-1,-0.01,-1,-1,-0.01,-1,-1
99926009,2026-05-18 11:54:19+05:30,53048.85,0,0.0,0,0.0,0.0,53282.15,53308.4,52783.45,53710.35,0,0.0,0.0,0.0,0.0,-0.01,-1,-1,-0.01,-1,-1,-0.01,-1,-1,-0.01,-1,-1,-0.01,-1,-1,-0.01,-1,-1,-0.01,-1,-1,-0.01,-1,-1,-0.01,-1,-1,-0.01,-1,-1
99926009,2026-05-18 11:54:20+05:30,53050.05,0,0.0,0,0.0,0.0,53282.15,53308.4,52783.45,53710.35,0,0.0,0.0,0.0,0.0,-0.01,-1,-1,-0.01,-1,-1,-0.01,-1,-1,-0.01,-1,-1,-0.01,-1,-1,-0.01,-1,-1,-0.01,-1,-1,-0.01,-1,-1,-0.01,-1,-1,-0.01,-1,-1
99926009,2026-05-18 11:54:20+05:30,53048.1,0,0.0,0,0.0,0.0,53282.15,53308.4,52783.45,53710.35,0,0.0,0.0,0.0,0.0,-0.01,-1,-1,-0.01,-1,-1,-0.01,-1,-1,-0.01,-1,-1,-0.01,-1,-1,-0.01,-1,-1,-0.01,-1,-1,-0.01,-1,-1,-0.01,-1,-1,-0.01,-1,-1
99926009,2026-05-18 11:54:21+05:30,53048.85,0,0.0,0,0.0,0.0,53282.15,53308.4,52783.45,53710.35,0,0.0,0.0,0.0,0.0,-0.01,-1,-1,-0.01,-1,-1,-0.01,-1,-1,-0.01,-1,-1,-0.01,-1,-1,-0.01,-1,-1,-0.01,-1,-1,-0.01,-1,-1,-0.01,-1,-1,-0.01,-1,-1
99926009,2026-05-18 11:54:21+05:30,53048.2,0,0.0,0,0.0,0.0,53282.15,53308.4,52783.45,53710.35,0,0.0,0.0,0.0,0.0,-0.01,-1,-1,-0.01,-1,-1,-0.01,-1,-1,-0.01,-1,-1,-0.01,-1,-1,-0.01,-1,-1,-0.01,-1,-1,-0.01,-1,-1,-0.01,-1,-1,-0.01,-1,-1
99926009,2026-05-18 11:54:22+05:30,53046.55,0,0.0,0,0.0,0.0,53282.15,53308.4,52783.45,53710.35,0,0.0,0.0,0.0,0.0,-0.01,-1,-1,-0.01,-1,-1,-0.01,-1,-1,-0.01,-1,-1,-0.01,-1,-1,-0.01,-1,-1,-0.01,-1,-1,-0.01,-1,-1,-0.01,-1,-1,-0.01,-1,-1
99926009,2026-05-18 11:54:22+05:30,53046.5,0,0.0,0,0.0,0.0,53282.15,53308.4,52783.45,53710.35,0,0.0,0.0,0.0,0.0,-0.01,-1,-1,-0.01,-1,-1,-0.01,-1,-1,-0.01,-1,-1,-0.01,-1,-1,-0.01,-1,-1,-0.01,-1,-1,-0.01,-1,-1,-0.01,-1,-1,-0.01,-1,-1
99926009,2026-05-18 11:54:23+05:30,53049.05,0,0.0,0,0.0,0.0,53282.15,53308.4,52783.45,53710.35,0,0.0,0.0,0.0,0.0,-0.01,-1,-1,-0.01,-1,-1,-0.01,-1,-1,-0.01,-1,-1,-0.01,-1,-1,-0.01,-1,-1,-0.01,-1,-1,-0.01,-1,-1,-0.01,-1,-1,-0.01,-1,-1
99926009,2026-05-18 11:54:23+05:30,53045.05,0,0.0,0,0.0,0.0,53282.15,53308.4,52783.45,53710.35,0,0.0,0.0,0.0,0.0,-0.01,-1,-1,-0.01,-1,-1,-0.01,-1,-1,-0.01,-1,-1,-0.01,-1,-1,-0.01,-1,-1,-0.01,-1,-1,-0.01,-1,-1,-0.01,-1,-1,-0.01,-1,-1
99926009,2026-05-18 11:54:24+05:30,53046.1,0,0.0,0,0.0,0.0,53282.15,53308.4,52783.45,53710.35,0,0.0,0.0,0.0,0.0,-0.01,-1,-1,-0.01,-1,-1,-0.01,-1,-1,-0.01,-1,-1,-0.01,-1,-1,-0.01,-1,-1,-0.01,-1,-1,-0.01,-1,-1,-0.01,-1,-1,-0.01,-1,-1
99926009,2026-05-18 11:54:24+05:30,53047.3,0,0.0,0,0.0,0.0,53282.15,53308.4,52783.45,53710.35,0,0.0,0.0,0.0,0.0,-0.01,-1,-1,-0.01,-1,-1,-0.01,-1,-1,-0.01,-1,-1,-0.01,-1,-1,-0.01,-1,-1,-0.01,-1,-1,-0.01,-1,-1,-0.01,-1,-1,-0.01,-1,-1
99926009,2026-05-18 11:54:25+05:30,53048.9,0,0.0,0,0.0,0.0,53282.15,53308.4,52783.45,53710.35,0,0.0,0.0,0.0,0.0,-0.01,-1,-1,-0.01,-1,-1,-0.01,-1,-1,-0.01,-1,-1,-0.01,-1,-1,-0.01,-1,-1,-0.01,-1,-1,-0.01,-1,-1,-0.01,-1,-1,-0.01,-1,-1
99926009,2026-05-18 11:54:25+05:30,53048.6,0,0.0,0,0.0,0.0,53282.15,53308.4,52783.45,53710.35,0,0.0,0.0,0.0,0.0,-0.01,-1,-1,-0.01,-1,-1,-0.01,-1,-1,-0.01,-1,-1,-0.01,-1,-1,-0.01,-1,-1,-0.01,-1,-1,-0.01,-1,-1,-0.01,-1,-1,-0.01,-1,-1
99926009,2026-05-18 11:54:26+05:30,53047.5,0,0.0,0,0.0,0.0,53282.15,53308.4,52783.45,53710.35,0,0.0,0.0,0.0,0.0,-0.01,-1,-1,-0.01,-1,-1,-0.01,-1,-1,-0.01,-1,-1,-0.01,-1,-1,-0.01,-1,-1,-0.01,-1,-1,-0.01,-1,-1,-0.01,-1,-1,-0.01,-1,-1
99926009,2026-05-18 11:54:26+05:30,53050.1,0,0.0,0,0.0,0.0,53282.15,53308.4,52783.45,53710.35,0,0.0,0.0,0.0,0.0,-0.01,-1,-1,-0.01,-1,-1,-0.01,-1,-1,-0.01,-1,-1,-0.01,-1,-1,-0.01,-1,-1,-0.01,-1,-1,-0.01,-1,-1,-0.01,-1,-1,-0.01,-1,-1
99926009,2026-05-18 11:54:27+05:30,53050.4,0,0.0,0,0.0,0.0,53282.15,53308.4,52783.45,53710.35,0,0.0,0.0,0.0,0.0,-0.01,-1,-1,-0.01,-1,-1,-0.01,-1,-1,-0.01,-1,-1,-0.01,-1,-1,-0.01,-1,-1,-0.01,-1,-1,-0.01,-1,-1,-0.01,-1,-1,-0.01,-1,-1
99926009,2026-05-18 11:54:27+05:30,53047.5,0,0.0,0,0.0,0.0,53282.15,53308.4,52783.45,53710.35,0,0.0,0.0,0.0,0.0,-0.01,-1,-1,-0.01,-1,-1,-0.01,-1,-1,-0.01,-1,-1,-0.01,-1,-1,-0.01,-1,-1,-0.01,-1,-1,-0.01,-1,-1,-0.01,-1,-1,-0.01,-1,-1
99926009,2026-05-18 11:54:28+05:30,53047.05,0,0.0,0,0.0,0.0,53282.15,53308.4,52783.45,53710.35,0,0.0,0.0,0.0,0.0,-0.01,-1,-1,-0.01,-1,-1,-0.01,-1,-1,-0.01,-1,-1,-0.01,-1,-1,-0.01,-1,-1,-0.01,-1,-1,-0.01,-1,-1,-0.01,-1,-1,-0.01,-1,-1
99926009,2026-05-18 11:54:28+05:30,53047.9,0,0.0,0,0.0,0.0,53282.15,53308.4,52783.45,53710.35,0,0.0,0.0,0.0,0.0,-0.01,-1,-1,-0.01,-1,-1,-0.01,-1,-1,-0.01,-1,-1,-0.01,-1,-1,-0.01,-1,-1,-0.01,-1,-1,-0.01,-1,-1,-0.01,-1,-1,-0.01,-1,-1
99926009,2026-05-18 11:54:29+05:30,53046.8,0,0.0,0,0.0,0.0,53282.15,53308.4,52783.45,53710.35,0,0.0,0.0,0.0,0.0,-0.01,-1,-1,-0.01,-1,-1,-0.01,-1,-1,-0.01,-1,-1,-0.01,-1,-1,-0.01,-1,-1,-0.01,-1,-1,-0.01,-1,-1,-0.01,-1,-1,-0.01,-1,-1
99926009,2026-05-18 11:54:29+05:30,53045.85,0,0.0,0,0.0,0.0,53282.15,53308.4,52783.45,53710.35,0,0.0,0.0,0.0,0.0,-0.01,-1,-1,-0.01,-1,-1,-0.01,-1,-1,-0.01,-1,-1,-0.01,-1,-1,-0.01,-1,-1,-0.01,-1,-1,-0.01,-1,-1,-0.01,-1,-1,-0.01,-1,-1
99926009,2026-05-18 11:54:30+05:30,53047.4,0,0.0,0,0.0,0.0,53282.15,53308.4,52783.45,53710.35,0,0.0,0.0,0.0,0.0,-0.01,-1,-1,-0.01,-1,-1,-0.01,-1,-1,-0.01,-1,-1,-0.01,-1,-1,-0.01,-1,-1,-0.01,-1,-1,-0.01,-1,-1,-0.01,-1,-1,-0.01,-1,-1
99926009,2026-05-18 11:54:30+05:30,53047.35,0,0.0,0,0.0,0.0,53282.15,53308.4,52783.45,53710.35,0,0.0,0.0,0.0,0.0,-0.01,-1,-1,-0.01,-1,-1,-0.01,-1,-1,-0.01,-1,-1,-0.01,-1,-1,-0.01,-1,-1,-0.01,-1,-1,-0.01,-1,-1,-0.01,-1,-1,-0.01,-1,-1
99926009,2026-05-18 11:54:31+05:30,53047.75,0,0.0,0,0.0,0.0,53282.15,53308.4,52783.45,53710.35,0,0.0,0.0,0.0,0.0,-0.01,-1,-1,-0.01,-1,-1,-0.01,-1,-1,-0.01,-1,-1,-0.01,-1,-1,-0.01,-1,-1,-0.01,-1,-1,-0.01,-1,-1,-0.01,-1,-1,-0.01,-1,-1
99926009,2026-05-18 11:54:31+05:30,53045.2,0,0.0,0,0.0,0.0,53282.15,53308.4,52783.45,53710.35,0,0.0,0.0,0.0,0.0,-0.01,-1,-1,-0.01,-1,-1,-0.01,-1,-1,-0.01,-1,-1,-0.01,-1,-1,-0.01,-1,-1,-0.01,-1,-1,-0.01,-1,-1,-0.01,-1,-1,-0.01,-1,-1
99926009,2026-05-18 11:54:32+05:30,53045.65,0,0.0,0,0.0,0.0,53282.15,53308.4,52783.45,53710.35,0,0.0,0.0,0.0,0.0,-0.01,-1,-1,-0.01,-1,-1,-0.01,-1,-1,-0.01,-1,-1,-0.01,-1,-1,-0.01,-1,-1,-0.01,-1,-1,-0.01,-1,-1,-0.01,-1,-1,-0.01,-1,-1
99926009,2026-05-18 11:54:32+05:30,53043.95,0,0.0,0,0.0,0.0,53282.15,53308.4,52783.45,53710.35,0,0.0,0.0,0.0,0.0,-0.01,-1,-1,-0.01,-1,-1,-0.01,-1,-1,-0.01,-1,-1,-0.01,-1,-1,-0.01,-1,-1,-0.01,-1,-1,-0.01,-1,-1,-0.01,-1,-1,-0.01,-1,-1
99926009,2026-05-18 11:54:33+05:30,53041.2,0,0.0,0,0.0,0.0,53282.15,53308.4,52783.45,53710.35,0,0.0,0.0,0.0,0.0,-0.01,-1,-1,-0.01,-1,-1,-0.01,-1,-1,-0.01,-1,-1,-0.01,-1,-1,-0.01,-1,-1,-0.01,-1,-1,-0.01,-1,-1,-0.01,-1,-1,-0.01,-1,-1
99926009,2026-05-18 11:54:33+05:30,53042.9,0,0.0,0,0.0,0.0,53282.15,53308.4,52783.45,53710.35,0,0.0,0.0,0.0,0.0,-0.01,-1,-1,-0.01,-1,-1,-0.01,-1,-1,-0.01,-1,-1,-0.01,-1,-1,-0.01,-1,-1,-0.01,-1,-1,-0.01,-1,-1,-0.01,-1,-1,-0.01,-1,-1
99926009,2026-05-18 11:54:34+05:30,53041.65,0,0.0,0,0.0,0.0,53282.15,53308.4,52783.45,53710.35,0,0.0,0.0,0.0,0.0,-0.01,-1,-1,-0.01,-1,-1,-0.01,-1,-1,-0.01,-1,-1,-0.01,-1,-1,-0.01,-1,-1,-0.01,-1,-1,-0.01,-1,-1,-0.01,-1,-1,-0.01,-1,-1
99926009,2026-05-18 11:54:34+05:30,53039.6,0,0.0,0,0.0,0.0,53282.15,53308.4,52783.45,53710.35,0,0.0,0.0,0.0,0.0,-0.01,-1,-1,-0.01,-1,-1,-0.01,-1,-1,-0.01,-1,-1,-0.01,-1,-1,-0.01,-1,-1,-0.01,-1,-1,-0.01,-1,-1,-0.01,-1,-1,-0.01,-1,-1
99926009,2026-05-18 11:54:35+05:30,53047.95,0,0.0,0,0.0,0.0,53282.15,53308.4,52783.45,53710.35,0,0.0,0.0,0.0,0.0,-0.01,-1,-1,-0.01,-1,-1,-0.01,-1,-1,-0.01,-1,-1,-0.01,-1,-1,-0.01,-1,-1,-0.01,-1,-1,-0.01,-1,-1,-0.01,-1,-1,-0.01,-1,-1
99926009,2026-05-18 11:54:35+05:30,53045.85,0,0.0,0,0.0,0.0,53282.15,53308.4,52783.45,53710.35,0,0.0,0.0,0.0,0.0,-0.01,-1,-1,-0.01,-1,-1,-0.01,-1,-1,-0.01,-1,-1,-0.01,-1,-1,-0.01,-1,-1,-0.01,-1,-1,-0.01,-1,-1,-0.01,-1,-1,-0.01,-1,-1
99926009,2026-05-18 11:54:36+05:30,53043.8,0,0.0,0,0.0,0.0,53282.15,53308.4,52783.45,53710.35,0,0.0,0.0,0.0,0.0,-0.01,-1,-1,-0.01,-1,-1,-0.01,-1,-1,-0.01,-1,-1,-0.01,-1,-1,-0.01,-1,-1,-0.01,-1,-1,-0.01,-1,-1,-0.01,-1,-1,-0.01,-1,-1
99926009,2026-05-18 11:54:36+05:30,53047.05,0,0.0,0,0.0,0.0,53282.15,53308.4,52783.45,53710.35,0,0.0,0.0,0.0,0.0,-0.01,-1,-1,-0.01,-1,-1,-0.01,-1,-1,-0.01,-1,-1,-0.01,-1,-1,-0.01,-1,-1,-0.01,-1,-1,-0.01,-1,-1,-0.01,-1,-1,-0.01,-1,-1
99926009,2026-05-18 11:54:37+05:30,53044.45,0,0.0,0,0.0,0.0,53282.15,53308.4,52783.45,53710.35,0,0.0,0.0,0.0,0.0,-0.01,-1,-1,-0.01,-1,-1,-0.01,-1,-1,-0.01,-1,-1,-0.01,-1,-1,-0.01,-1,-1,-0.01,-1,-1,-0.01,-1,-1,-0.01,-1,-1,-0.01,-1,-1
99926009,2026-05-18 11:54:37+05:30,53043.35,0,0.0,0,0.0,0.0,53282.15,53308.4,52783.45,53710.35,0,0.0,0.0,0.0,0.0,-0.01,-1,-1,-0.01,-1,-1,-0.01,-1,-1,-0.01,-1,-1,-0.01,-1,-1,-0.01,-1,-1,-0.01,-1,-1,-0.01,-1,-1,-0.01,-1,-1,-0.01,-1,-1
99926009,2026-05-18 11:54:38+05:30,53042.9,0,0.0,0,0.0,0.0,53282.15,53308.4,52783.45,53710.35,0,0.0,0.0,0.0,0.0,-0.01,-1,-1,-0.01,-1,-1,-0.01,-1,-1,-0.01,-1,-1,-0.01,-1,-1,-0.01,-1,-1,-0.01,-1,-1,-0.01,-1,-1,-0.01,-1,-1,-0.01,-1,-1
99926009,2026-05-18 11:54:38+05:30,53043.9,0,0.0,0,0.0,0.0,53282.15,53308.4,52783.45,53710.35,0,0.0,0.0,0.0,0.0,-0.01,-1,-1,-0.01,-1,-1,-0.01,-1,-1,-0.01,-1,-1,-0.01,-1,-1,-0.01,-1,-1,-0.01,-1,-1,-0.01,-1,-1,-0.01,-1,-1,-0.01,-1,-1
99926009,2026-05-18 11:54:39+05:30,53043.05,0,0.0,0,0.0,0.0,53282.15,53308.4,52783.45,53710.35,0,0.0,0.0,0.0,0.0,-0.01,-1,-1,-0.01,-1,-1,-0.01,-1,-1,-0.01,-1,-1,-0.01,-1,-1,-0.01,-1,-1,-0.01,-1,-1,-0.01,-1,-1,-0.01,-1,-1,-0.01,-1,-1
99926009,2026-05-18 11:54:39+05:30,53043.5,0,0.0,0,0.0,0.0,53282.15,53308.4,52783.45,53710.35,0,0.0,0.0,0.0,0.0,-0.01,-1,-1,-0.01,-1,-1,-0.01,-1,-1,-0.01,-1,-1,-0.01,-1,-1,-0.01,-1,-1,-0.01,-1,-1,-0.01,-1,-1,-0.01,-1,-1,-0.01,-1,-1
99926009,2026-05-18 11:54:40+05:30,53045.25,0,0.0,0,0.0,0.0,53282.15,53308.4,52783.45,53710.35,0,0.0,0.0,0.0,0.0,-0.01,-1,-1,-0.01,-1,-1,-0.01,-1,-1,-0.01,-1,-1,-0.01,-1,-1,-0.01,-1,-1,-0.01,-1,-1,-0.01,-1,-1,-0.01,-1,-1,-0.01,-1,-1
99926009,2026-05-18 11:54:40+05:30,53043.55,0,0.0,0,0.0,0.0,53282.15,53308.4,52783.45,53710.35,0,0.0,0.0,0.0,0.0,-0.01,-1,-1,-0.01,-1,-1,-0.01,-1,-1,-0.01,-1,-1,-0.01,-1,-1,-0.01,-1,-1,-0.01,-1,-1,-0.01,-1,-1,-0.01,-1,-1,-0.01,-1,-1
99926009,2026-05-18 11:54:41+05:30,53042.2,0,0.0,0,0.0,0.0,53282.15,53308.4,52783.45,53710.35,0,0.0,0.0,0.0,0.0,-0.01,-1,-1,-0.01,-1,-1,-0.01,-1,-1,-0.01,-1,-1,-0.01,-1,-1,-0.01,-1,-1,-0.01,-1,-1,-0.01,-1,-1,-0.01,-1,-1,-0.01,-1,-1
99926009,2026-05-18 11:54:41+05:30,53040.85,0,0.0,0,0.0,0.0,53282.15,53308.4,52783.45,53710.35,0,0.0,0.0,0.0,0.0,-0.01,-1,-1,-0.01,-1,-1,-0.01,-1,-1,-0.01,-1,-1,-0.01,-1,-1,-0.01,-1,-1,-0.01,-1,-1,-0.01,-1,-1,-0.01,-1,-1,-0.01,-1,-1
99926009,2026-05-18 11:54:42+05:30,53044.25,0,0.0,0,0.0,0.0,53282.15,53308.4,52783.45,53710.35,0,0.0,0.0,0.0,0.0,-0.01,-1,-1,-0.01,-1,-1,-0.01,-1,-1,-0.01,-1,-1,-0.01,-1,-1,-0.01,-1,-1,-0.01,-1,-1,-0.01,-1,-1,-0.01,-1,-1,-0.01,-1,-1
99926009,2026-05-18 11:54:42+05:30,53044.75,0,0.0,0,0.0,0.0,53282.15,53308.4,52783.45,53710.35,0,0.0,0.0,0.0,0.0,-0.01,-1,-1,-0.01,-1,-1,-0.01,-1,-1,-0.01,-1,-1,-0.01,-1,-1,-0.01,-1,-1,-0.01,-1,-1,-0.01,-1,-1,-0.01,-1,-1,-0.01,-1,-1
99926009,2026-05-18 11:54:43+05:30,53044.4,0,0.0,0,0.0,0.0,53282.15,53308.4,52783.45,53710.35,0,0.0,0.0,0.0,0.0,-0.01,-1,-1,-0.01,-1,-1,-0.01,-1,-1,-0.01,-1,-1,-0.01,-1,-1,-0.01,-1,-1,-0.01,-1,-1,-0.01,-1,-1,-0.01,-1,-1,-0.01,-1,-1
99926009,2026-05-18 11:54:43+05:30,53048.3,0,0.0,0,0.0,0.0,53282.15,53308.4,52783.45,53710.35,0,0.0,0.0,0.0,0.0,-0.01,-1,-1,-0.01,-1,-1,-0.01,-1,-1,-0.01,-1,-1,-0.01,-1,-1,-0.01,-1,-1,-0.01,-1,-1,-0.01,-1,-1,-0.01,-1,-1,-0.01,-1,-1
99926009,2026-05-18 11:54:44+05:30,53047.15,0,0.0,0,0.0,0.0,53282.15,53308.4,52783.45,53710.35,0,0.0,0.0,0.0,0.0,-0.01,-1,-1,-0.01,-1,-1,-0.01,-1,-1,-0.01,-1,-1,-0.01,-1,-1,-0.01,-1,-1,-0.01,-1,-1,-0.01,-1,-1,-0.01,-1,-1,-0.01,-1,-1
99926009,2026-05-18 11:54:44+05:30,53048.55,0,0.0,0,0.0,0.0,53282.15,53308.4,52783.45,53710.35,0,0.0,0.0,0.0,0.0,-0.01,-1,-1,-0.01,-1,-1,-0.01,-1,-1,-0.01,-1,-1,-0.01,-1,-1,-0.01,-1,-1,-0.01,-1,-1,-0.01,-1,-1,-0.01,-1,-1,-0.01,-1,-1
99926009,2026-05-18 11:54:45+05:30,53048.85,0,0.0,0,0.0,0.0,53282.15,53308.4,52783.45,53710.35,0,0.0,0.0,0.0,0.0,-0.01,-1,-1,-0.01,-1,-1,-0.01,-1,-1,-0.01,-1,-1,-0.01,-1,-1,-0.01,-1,-1,-0.01,-1,-1,-0.01,-1,-1,-0.01,-1,-1,-0.01,-1,-1
99926009,2026-05-18 11:54:45+05:30,53049.4,0,0.0,0,0.0,0.0,53282.15,53308.4,52783.45,53710.35,0,0.0,0.0,0.0,0.0,-0.01,-1,-1,-0.01,-1,-1,-0.01,-1,-1,-0.01,-1,-1,-0.01,-1,-1,-0.01,-1,-1,-0.01,-1,-1,-0.01,-1,-1,-0.01,-1,-1,-0.01,-1,-1
99926009,2026-05-18 11:54:46+05:30,53050.25,0,0.0,0,0.0,0.0,53282.15,53308.4,52783.45,53710.35,0,0.0,0.0,0.0,0.0,-0.01,-1,-1,-0.01,-1,-1,-0.01,-1,-1,-0.01,-1,-1,-0.01,-1,-1,-0.01,-1,-1,-0.01,-1,-1,-0.01,-1,-1,-0.01,-1,-1,-0.01,-1,-1
99926009,2026-05-18 11:54:46+05:30,53050.4,0,0.0,0,0.0,0.0,53282.15,53308.4,52783.45,53710.35,0,0.0,0.0,0.0,0.0,-0.01,-1,-1,-0.01,-1,-1,-0.01,-1,-1,-0.01,-1,-1,-0.01,-1,-1,-0.01,-1,-1,-0.01,-1,-1,-0.01,-1,-1,-0.01,-1,-1,-0.01,-1,-1
99926009,2026-05-18 11:54:47+05:30,53049.45,0,0.0,0,0.0,0.0,53282.15,53308.4,52783.45,53710.35,0,0.0,0.0,0.0,0.0,-0.01,-1,-1,-0.01,-1,-1,-0.01,-1,-1,-0.01,-1,-1,-0.01,-1,-1,-0.01,-1,-1,-0.01,-1,-1,-0.01,-1,-1,-0.01,-1,-1,-0.01,-1,-1
99926009,2026-05-18 11:54:47+05:30,53047.2,0,0.0,0,0.0,0.0,53282.15,53308.4,52783.45,53710.35,0,0.0,0.0,0.0,0.0,-0.01,-1,-1,-0.01,-1,-1,-0.01,-1,-1,-0.01,-1,-1,-0.01,-1,-1,-0.01,-1,-1,-0.01,-1,-1,-0.01,-1,-1,-0.01,-1,-1,-0.01,-1,-1
99926009,2026-05-18 11:54:48+05:30,53046.3,0,0.0,0,0.0,0.0,53282.15,53308.4,52783.45,53710.35,0,0.0,0.0,0.0,0.0,-0.01,-1,-1,-0.01,-1,-1,-0.01,-1,-1,-0.01,-1,-1,-0.01,-1,-1,-0.01,-1,-1,-0.01,-1,-1,-0.01,-1,-1,-0.01,-1,-1,-0.01,-1,-1
99926009,2026-05-18 11:54:48+05:30,53044.55,0,0.0,0,0.0,0.0,53282.15,53308.4,52783.45,53710.35,0,0.0,0.0,0.0,0.0,-0.01,-1,-1,-0.01,-1,-1,-0.01,-1,-1,-0.01,-1,-1,-0.01,-1,-1,-0.01,-1,-1,-0.01,-1,-1,-0.01,-1,-1,-0.01,-1,-1,-0.01,-1,-1
99926009,2026-05-18 11:54:49+05:30,53046.35,0,0.0,0,0.0,0.0,53282.15,53308.4,52783.45,53710.35,0,0.0,0.0,0.0,0.0,-0.01,-1,-1,-0.01,-1,-1,-0.01,-1,-1,-0.01,-1,-1,-0.01,-1,-1,-0.01,-1,-1,-0.01,-1,-1,-0.01,-1,-1,-0.01,-1,-1,-0.01,-1,-1
99926009,2026-05-18 11:54:49+05:30,53046.7,0,0.0,0,0.0,0.0,53282.15,53308.4,52783.45,53710.35,0,0.0,0.0,0.0,0.0,-0.01,-1,-1,-0.01,-1,-1,-0.01,-1,-1,-0.01,-1,-1,-0.01,-1,-1,-0.01,-1,-1,-0.01,-1,-1,-0.01,-1,-1,-0.01,-1,-1,-0.01,-1,-1
99926009,2026-05-18 11:54:50+05:30,53047.15,0,0.0,0,0.0,0.0,53282.15,53308.4,52783.45,53710.35,0,0.0,0.0,0.0,0.0,-0.01,-1,-1,-0.01,-1,-1,-0.01,-1,-1,-0.01,-1,-1,-0.01,-1,-1,-0.01,-1,-1,-0.01,-1,-1,-0.01,-1,-1,-0.01,-1,-1,-0.01,-1,-1
99926009,2026-05-18 11:54:50+05:30,53044.55,0,0.0,0,0.0,0.0,53282.15,53308.4,52783.45,53710.35,0,0.0,0.0,0.0,0.0,-0.01,-1,-1,-0.01,-1,-1,-0.01,-1,-1,-0.01,-1,-1,-0.01,-1,-1,-0.01,-1,-1,-0.01,-1,-1,-0.01,-1,-1,-0.01,-1,-1,-0.01,-1,-1
99926009,2026-05-18 11:54:51+05:30,53046.25,0,0.0,0,0.0,0.0,53282.15,53308.4,52783.45,53710.35,0,0.0,0.0,0.0,0.0,-0.01,-1,-1,-0.01,-1,-1,-0.01,-1,-1,-0.01,-1,-1,-0.01,-1,-1,-0.01,-1,-1,-0.01,-1,-1,-0.01,-1,-1,-0.01,-1,-1,-0.01,-1,-1
99926009,2026-05-18 11:54:51+05:30,53044.75,0,0.0,0,0.0,0.0,53282.15,53308.4,52783.45,53710.35,0,0.0,0.0,0.0,0.0,-0.01,-1,-1,-0.01,-1,-1,-0.01,-1,-1,-0.01,-1,-1,-0.01,-1,-1,-0.01,-1,-1,-0.01,-1,-1,-0.01,-1,-1,-0.01,-1,-1,-0.01,-1,-1
99926009,2026-05-18 11:54:52+05:30,53043.6,0,0.0,0,0.0,0.0,53282.15,53308.4,52783.45,53710.35,0,0.0,0.0,0.0,0.0,-0.01,-1,-1,-0.01,-1,-1,-0.01,-1,-1,-0.01,-1,-1,-0.01,-1,-1,-0.01,-1,-1,-0.01,-1,-1,-0.01,-1,-1,-0.01,-1,-1,-0.01,-1,-1
99926009,2026-05-18 11:54:52+05:30,53045.6,0,0.0,0,0.0,0.0,53282.15,53308.4,52783.45,53710.35,0,0.0,0.0,0.0,0.0,-0.01,-1,-1,-0.01,-1,-1,-0.01,-1,-1,-0.01,-1,-1,-0.01,-1,-1,-0.01,-1,-1,-0.01,-1,-1,-0.01,-1,-1,-0.01,-1,-1,-0.01,-1,-1
99926009,2026-05-18 11:54:53+05:30,53045.65,0,0.0,0,0.0,0.0,53282.15,53308.4,52783.45,53710.35,0,0.0,0.0,0.0,0.0,-0.01,-1,-1,-0.01,-1,-1,-0.01,-1,-1,-0.01,-1,-1,-0.01,-1,-1,-0.01,-1,-1,-0.01,-1,-1,-0.01,-1,-1,-0.01,-1,-1,-0.01,-1,-1
99926009,2026-05-18 11:54:53+05:30,53043.6,0,0.0,0,0.0,0.0,53282.15,53308.4,52783.45,53710.35,0,0.0,0.0,0.0,0.0,-0.01,-1,-1,-0.01,-1,-1,-0.01,-1,-1,-0.01,-1,-1,-0.01,-1,-1,-0.01,-1,-1,-0.01,-1,-1,-0.01,-1,-1,-0.01,-1,-1,-0.01,-1,-1
99926009,2026-05-18 11:54:54+05:30,53043.25,0,0.0,0,0.0,0.0,53282.15,53308.4,52783.45,53710.35,0,0.0,0.0,0.0,0.0,-0.01,-1,-1,-0.01,-1,-1,-0.01,-1,-1,-0.01,-1,-1,-0.01,-1,-1,-0.01,-1,-1,-0.01,-1,-1,-0.01,-1,-1,-0.01,-1,-1,-0.01,-1,-1
99926009,2026-05-18 11:54:54+05:30,53045.65,0,0.0,0,0.0,0.0,53282.15,53308.4,52783.45,53710.35,0,0.0,0.0,0.0,0.0,-0.01,-1,-1,-0.01,-1,-1,-0.01,-1,-1,-0.01,-1,-1,-0.01,-1,-1,-0.01,-1,-1,-0.01,-1,-1,-0.01,-1,-1,-0.01,-1,-1,-0.01,-1,-1
99926009,2026-05-18 11:54:55+05:30,53049.25,0,0.0,0,0.0,0.0,53282.15,53308.4,52783.45,53710.35,0,0.0,0.0,0.0,0.0,-0.01,-1,-1,-0.01,-1,-1,-0.01,-1,-1,-0.01,-1,-1,-0.01,-1,-1,-0.01,-1,-1,-0.01,-1,-1,-0.01,-1,-1,-0.01,-1,-1,-0.01,-1,-1
99926009,2026-05-18 11:54:55+05:30,53047.5,0,0.0,0,0.0,0.0,53282.15,53308.4,52783.45,53710.35,0,0.0,0.0,0.0,0.0,-0.01,-1,-1,-0.01,-1,-1,-0.01,-1,-1,-0.01,-1,-1,-0.01,-1,-1,-0.01,-1,-1,-0.01,-1,-1,-0.01,-1,-1,-0.01,-1,-1,-0.01,-1,-1
99926009,2026-05-18 11:54:56+05:30,53046.1,0,0.0,0,0.0,0.0,53282.15,53308.4,52783.45,53710.35,0,0.0,0.0,0.0,0.0,-0.01,-1,-1,-0.01,-1,-1,-0.01,-1,-1,-0.01,-1,-1,-0.01,-1,-1,-0.01,-1,-1,-0.01,-1,-1,-0.01,-1,-1,-0.01,-1,-1,-0.01,-1,-1
99926009,2026-05-18 11:54:56+05:30,53046.7,0,0.0,0,0.0,0.0,53282.15,53308.4,52783.45,53710.35,0,0.0,0.0,0.0,0.0,-0.01,-1,-1,-0.01,-1,-1,-0.01,-1,-1,-0.01,-1,-1,-0.01,-1,-1,-0.01,-1,-1,-0.01,-1,-1,-0.01,-1,-1,-0.01,-1,-1,-0.01,-1,-1
99926009,2026-05-18 11:54:57+05:30,53046.6,0,0.0,0,0.0,0.0,53282.15,53308.4,52783.45,53710.35,0,0.0,0.0,0.0,0.0,-0.01,-1,-1,-0.01,-1,-1,-0.01,-1,-1,-0.01,-1,-1,-0.01,-1,-1,-0.01,-1,-1,-0.01,-1,-1,-0.01,-1,-1,-0.01,-1,-1,-0.01,-1,-1
99926009,2026-05-18 11:54:57+05:30,53046.6,0,0.0,0,0.0,0.0,53282.15,53308.4,52783.45,53710.35,0,0.0,0.0,0.0,0.0,-0.01,-1,-1,-0.01,-1,-1,-0.01,-1,-1,-0.01,-1,-1,-0.01,-1,-1,-0.01,-1,-1,-0.01,-1,-1,-0.01,-1,-1,-0.01,-1,-1,-0.01,-1,-1
99926009,2026-05-18 11:54:58+05:30,53044.6,0,0.0,0,0.0,0.0,53282.15,53308.4,52783.45,53710.35,0,0.0,0.0,0.0,0.0,-0.01,-1,-1,-0.01,-1,-1,-0.01,-1,-1,-0.01,-1,-1,-0.01,-1,-1,-0.01,-1,-1,-0.01,-1,-1,-0.01,-1,-1,-0.01,-1,-1,-0.01,-1,-1
99926009,2026-05-18 11:54:58+05:30,53046.35,0,0.0,0,0.0,0.0,53282.15,53308.4,52783.45,53710.35,0,0.0,0.0,0.0,0.0,-0.01,-1,-1,-0.01,-1,-1,-0.01,-1,-1,-0.01,-1,-1,-0.01,-1,-1,-0.01,-1,-1,-0.01,-1,-1,-0.01,-1,-1,-0.01,-1,-1,-0.01,-1,-1
99926009,2026-05-18 11:54:59+05:30,53046.5,0,0.0,0,0.0,0.0,53282.15,53308.4,52783.45,53710.35,0,0.0,0.0,0.0,0.0,-0.01,-1,-1,-0.01,-1,-1,-0.01,-1,-1,-0.01,-1,-1,-0.01,-1,-1,-0.01,-1,-1,-0.01,-1,-1,-0.01,-1,-1,-0.01,-1,-1,-0.01,-1,-1
99926009,2026-05-18 11:54:59+05:30,53045.3,0,0.0,0,0.0,0.0,53282.15,53308.4,52783.45,53710.35,0,0.0,0.0,0.0,0.0,-0.01,-1,-1,-0.01,-1,-1,-0.01,-1,-1,-0.01,-1,-1,-0.01,-1,-1,-0.01,-1,-1,-0.01,-1,-1,-0.01,-1,-1,-0.01,-1,-1,-0.01,-1,-1
99926009,2026-05-18 11:55:00+05:30,53048.4,0,0.0,0,0.0,0.0,53282.15,53308.4,52783.45,53710.35,0,0.0,0.0,0.0,0.0,-0.01,-1,-1,-0.01,-1,-1,-0.01,-1,-1,-0.01,-1,-1,-0.01,-1,-1,-0.01,-1,-1,-0.01,-1,-1,-0.01,-1,-1,-0.01,-1,-1,-0.01,-1,-1
99926009,2026-05-18 11:55:00+05:30,53046.45,0,0.0,0,0.0,0.0,53282.15,53308.4,52783.45,53710.35,0,0.0,0.0,0.0,0.0,-0.01,-1,-1,-0.01,-1,-1,-0.01,-1,-1,-0.01,-1,-1,-0.01,-1,-1,-0.01,-1,-1,-0.01,-1,-1,-0.01,-1,-1,-0.01,-1,-1,-0.01,-1,-1
99926009,2026-05-18 11:55:01+05:30,53046.55,0,0.0,0,0.0,0.0,53282.15,53308.4,52783.45,53710.35,0,0.0,0.0,0.0,0.0,-0.01,-1,-1,-0.01,-1,-1,-0.01,-1,-1,-0.01,-1,-1,-0.01,-1,-1,-0.01,-1,-1,-0.01,-1,-1,-0.01,-1,-1,-0.01,-1,-1,-0.01,-1,-1
99926009,2026-05-18 11:55:01+05:30,53048.05,0,0.0,0,0.0,0.0,53282.15,53308.4,52783.45,53710.35,0,0.0,0.0,0.0,0.0,-0.01,-1,-1,-0.01,-1,-1,-0.01,-1,-1,-0.01,-1,-1,-0.01,-1,-1,-0.01,-1,-1,-0.01,-1,-1,-0.01,-1,-1,-0.01,-1,-1,-0.01,-1,-1
99926009,2026-05-18 11:55:02+05:30,53050.7,0,0.0,0,0.0,0.0,53282.15,53308.4,52783.45,53710.35,0,0.0,0.0,0.0,0.0,-0.01,-1,-1,-0.01,-1,-1,-0.01,-1,-1,-0.01,-1,-1,-0.01,-1,-1,-0.01,-1,-1,-0.01,-1,-1,-0.01,-1,-1,-0.01,-1,-1,-0.01,-1,-1
99926009,2026-05-18 11:55:02+05:30,53049.3,0,0.0,0,0.0,0.0,53282.15,53308.4,52783.45,53710.35,0,0.0,0.0,0.0,0.0,-0.01,-1,-1,-0.01,-1,-1,-0.01,-1,-1,-0.01,-1,-1,-0.01,-1,-1,-0.01,-1,-1,-0.01,-1,-1,-0.01,-1,-1,-0.01,-1,-1,-0.01,-1,-1
99926009,2026-05-18 11:55:03+05:30,53043.15,0,0.0,0,0.0,0.0,53282.15,53308.4,52783.45,53710.35,0,0.0,0.0,0.0,0.0,-0.01,-1,-1,-0.01,-1,-1,-0.01,-1,-1,-0.01,-1,-1,-0.01,-1,-1,-0.01,-1,-1,-0.01,-1,-1,-0.01,-1,-1,-0.01,-1,-1,-0.01,-1,-1
99926009,2026-05-18 11:55:03+05:30,53044.85,0,0.0,0,0.0,0.0,53282.15,53308.4,52783.45,53710.35,0,0.0,0.0,0.0,0.0,-0.01,-1,-1,-0.01,-1,-1,-0.01,-1,-1,-0.01,-1,-1,-0.01,-1,-1,-0.01,-1,-1,-0.01,-1,-1,-0.01,-1,-1,-0.01,-1,-1,-0.01,-1,-1
99926009,2026-05-18 11:55:04+05:30,53045.4,0,0.0,0,0.0,0.0,53282.15,53308.4,52783.45,53710.35,0,0.0,0.0,0.0,0.0,-0.01,-1,-1,-0.01,-1,-1,-0.01,-1,-1,-0.01,-1,-1,-0.01,-1,-1,-0.01,-1,-1,-0.01,-1,-1,-0.01,-1,-1,-0.01,-1,-1,-0.01,-1,-1
99926009,2026-05-18 11:55:04+05:30,53040.25,0,0.0,0,0.0,0.0,53282.15,53308.4,52783.45,53710.35,0,0.0,0.0,0.0,0.0,-0.01,-1,-1,-0.01,-1,-1,-0.01,-1,-1,-0.01,-1,-1,-0.01,-1,-1,-0.01,-1,-1,-0.01,-1,-1,-0.01,-1,-1,-0.01,-1,-1,-0.01,-1,-1
99926009,2026-05-18 11:55:05+05:30,53046.25,0,0.0,0,0.0,0.0,53282.15,53308.4,52783.45,53710.35,0,0.0,0.0,0.0,0.0,-0.01,-1,-1,-0.01,-1,-1,-0.01,-1,-1,-0.01,-1,-1,-0.01,-1,-1,-0.01,-1,-1,-0.01,-1,-1,-0.01,-1,-1,-0.01,-1,-1,-0.01,-1,-1
99926009,2026-05-18 11:55:05+05:30,53044.6,0,0.0,0,0.0,0.0,53282.15,53308.4,52783.45,53710.35,0,0.0,0.0,0.0,0.0,-0.01,-1,-1,-0.01,-1,-1,-0.01,-1,-1,-0.01,-1,-1,-0.01,-1,-1,-0.01,-1,-1,-0.01,-1,-1,-0.01,-1,-1,-0.01,-1,-1,-0.01,-1,-1
99926009,2026-05-18 11:55:06+05:30,53042.85,0,0.0,0,0.0,0.0,53282.15,53308.4,52783.45,53710.35,0,0.0,0.0,0.0,0.0,-0.01,-1,-1,-0.01,-1,-1,-0.01,-1,-1,-0.01,-1,-1,-0.01,-1,-1,-0.01,-1,-1,-0.01,-1,-1,-0.01,-1,-1,-0.01,-1,-1,-0.01,-1,-1
99926009,2026-05-18 11:55:06+05:30,53045.25,0,0.0,0,0.0,0.0,53282.15,53308.4,52783.45,53710.35,0,0.0,0.0,0.0,0.0,-0.01,-1,-1,-0.01,-1,-1,-0.01,-1,-1,-0.01,-1,-1,-0.01,-1,-1,-0.01,-1,-1,-0.01,-1,-1,-0.01,-1,-1,-0.01,-1,-1,-0.01,-1,-1
99926009,2026-05-18 11:55:07+05:30,53042.85,0,0.0,0,0.0,0.0,53282.15,53308.4,52783.45,53710.35,0,0.0,0.0,0.0,0.0,-0.01,-1,-1,-0.01,-1,-1,-0.01,-1,-1,-0.01,-1,-1,-0.01,-1,-1,-0.01,-1,-1,-0.01,-1,-1,-0.01,-1,-1,-0.01,-1,-1,-0.01,-1,-1
99926009,2026-05-18 11:55:07+05:30,53043.0,0,0.0,0,0.0,0.0,53282.15,53308.4,52783.45,53710.35,0,0.0,0.0,0.0,0.0,-0.01,-1,-1,-0.01,-1,-1,-0.01,-1,-1,-0.01,-1,-1,-0.01,-1,-1,-0.01,-1,-1,-0.01,-1,-1,-0.01,-1,-1,-0.01,-1,-1,-0.01,-1,-1
99926009,2026-05-18 11:55:08+05:30,53041.5,0,0.0,0,0.0,0.0,53282.15,53308.4,52783.45,53710.35,0,0.0,0.0,0.0,0.0,-0.01,-1,-1,-0.01,-1,-1,-0.01,-1,-1,-0.01,-1,-1,-0.01,-1,-1,-0.01,-1,-1,-0.01,-1,-1,-0.01,-1,-1,-0.01,-1,-1,-0.01,-1,-1
99926009,2026-05-18 11:55:08+05:30,53040.65,0,0.0,0,0.0,0.0,53282.15,53308.4,52783.45,53710.35,0,0.0,0.0,0.0,0.0,-0.01,-1,-1,-0.01,-1,-1,-0.01,-1,-1,-0.01,-1,-1,-0.01,-1,-1,-0.01,-1,-1,-0.01,-1,-1,-0.01,-1,-1,-0.01,-1,-1,-0.01,-1,-1
99926009,2026-05-18 11:55:09+05:30,53042.8,0,0.0,0,0.0,0.0,53282.15,53308.4,52783.45,53710.35,0,0.0,0.0,0.0,0.0,-0.01,-1,-1,-0.01,-1,-1,-0.01,-1,-1,-0.01,-1,-1,-0.01,-1,-1,-0.01,-1,-1,-0.01,-1,-1,-0.01,-1,-1,-0.01,-1,-1,-0.01,-1,-1
99926009,2026-05-18 11:55:09+05:30,53042.0,0,0.0,0,0.0,0.0,53282.15,53308.4,52783.45,53710.35,0,0.0,0.0,0.0,0.0,-0.01,-1,-1,-0.01,-1,-1,-0.01,-1,-1,-0.01,-1,-1,-0.01,-1,-1,-0.01,-1,-1,-0.01,-1,-1,-0.01,-1,-1,-0.01,-1,-1,-0.01,-1,-1
99926009,2026-05-18 11:55:10+05:30,53046.75,0,0.0,0,0.0,0.0,53282.15,53308.4,52783.45,53710.35,0,0.0,0.0,0.0,0.0,-0.01,-1,-1,-0.01,-1,-1,-0.01,-1,-1,-0.01,-1,-1,-0.01,-1,-1,-0.01,-1,-1,-0.01,-1,-1,-0.01,-1,-1,-0.01,-1,-1,-0.01,-1,-1
99926009,2026-05-18 11:55:10+05:30,53049.8,0,0.0,0,0.0,0.0,53282.15,53308.4,52783.45,53710.35,0,0.0,0.0,0.0,0.0,-0.01,-1,-1,-0.01,-1,-1,-0.01,-1,-1,-0.01,-1,-1,-0.01,-1,-1,-0.01,-1,-1,-0.01,-1,-1,-0.01,-1,-1,-0.01,-1,-1,-0.01,-1,-1
99926009,2026-05-18 11:55:11+05:30,53051.25,0,0.0,0,0.0,0.0,53282.15,53308.4,52783.45,53710.35,0,0.0,0.0,0.0,0.0,-0.01,-1,-1,-0.01,-1,-1,-0.01,-1,-1,-0.01,-1,-1,-0.01,-1,-1,-0.01,-1,-1,-0.01,-1,-1,-0.01,-1,-1,-0.01,-1,-1,-0.01,-1,-1
99926009,2026-05-18 11:55:11+05:30,53058.05,0,0.0,0,0.0,0.0,53282.15,53308.4,52783.45,53710.35,0,0.0,0.0,0.0,0.0,-0.01,-1,-1,-0.01,-1,-1,-0.01,-1,-1,-0.01,-1,-1,-0.01,-1,-1,-0.01,-1,-1,-0.01,-1,-1,-0.01,-1,-1,-0.01,-1,-1,-0.01,-1,-1
99926009,2026-05-18 11:55:12+05:30,53055.85,0,0.0,0,0.0,0.0,53282.15,53308.4,52783.45,53710.35,0,0.0,0.0,0.0,0.0,-0.01,-1,-1,-0.01,-1,-1,-0.01,-1,-1,-0.01,-1,-1,-0.01,-1,-1,-0.01,-1,-1,-0.01,-1,-1,-0.01,-1,-1,-0.01,-1,-1,-0.01,-1,-1
99926009,2026-05-18 11:55:12+05:30,53063.0,0,0.0,0,0.0,0.0,53282.15,53308.4,52783.45,53710.35,0,0.0,0.0,0.0,0.0,-0.01,-1,-1,-0.01,-1,-1,-0.01,-1,-1,-0.01,-1,-1,-0.01,-1,-1,-0.01,-1,-1,-0.01,-1,-1,-0.01,-1,-1,-0.01,-1,-1,-0.01,-1,-1
99926009,2026-05-18 11:55:13+05:30,53064.7,0,0.0,0,0.0,0.0,53282.15,53308.4,52783.45,53710.35,0,0.0,0.0,0.0,0.0,-0.01,-1,-1,-0.01,-1,-1,-0.01,-1,-1,-0.01,-1,-1,-0.01,-1,-1,-0.01,-1,-1,-0.01,-1,-1,-0.01,-1,-1,-0.01,-1,-1,-0.01,-1,-1
99926009,2026-05-18 11:55:13+05:30,53064.1,0,0.0,0,0.0,0.0,53282.15,53308.4,52783.45,53710.35,0,0.0,0.0,0.0,0.0,-0.01,-1,-1,-0.01,-1,-1,-0.01,-1,-1,-0.01,-1,-1,-0.01,-1,-1,-0.01,-1,-1,-0.01,-1,-1,-0.01,-1,-1,-0.01,-1,-1,-0.01,-1,-1
99926009,2026-05-18 11:55:14+05:30,53066.7,0,0.0,0,0.0,0.0,53282.15,53308.4,52783.45,53710.35,0,0.0,0.0,0.0,0.0,-0.01,-1,-1,-0.01,-1,-1,-0.01,-1,-1,-0.01,-1,-1,-0.01,-1,-1,-0.01,-1,-1,-0.01,-1,-1,-0.01,-1,-1,-0.01,-1,-1,-0.01,-1,-1
99926009,2026-05-18 11:55:14+05:30,53067.35,0,0.0,0,0.0,0.0,53282.15,53308.4,52783.45,53710.35,0,0.0,0.0,0.0,0.0,-0.01,-1,-1,-0.01,-1,-1,-0.01,-1,-1,-0.01,-1,-1,-0.01,-1,-1,-0.01,-1,-1,-0.01,-1,-1,-0.01,-1,-1,-0.01,-1,-1,-0.01,-1,-1
99926009,2026-05-18 11:55:15+05:30,53070.0,0,0.0,0,0.0,0.0,53282.15,53308.4,52783.45,53710.35,0,0.0,0.0,0.0,0.0,-0.01,-1,-1,-0.01,-1,-1,-0.01,-1,-1,-0.01,-1,-1,-0.01,-1,-1,-0.01,-1,-1,-0.01,-1,-1,-0.01,-1,-1,-0.01,-1,-1,-0.01,-1,-1
99926009,2026-05-18 11:55:15+05:30,53065.35,0,0.0,0,0.0,0.0,53282.15,53308.4,52783.45,53710.35,0,0.0,0.0,0.0,0.0,-0.01,-1,-1,-0.01,-1,-1,-0.01,-1,-1,-0.01,-1,-1,-0.01,-1,-1,-0.01,-1,-1,-0.01,-1,-1,-0.01,-1,-1,-0.01,-1,-1,-0.01,-1,-1
99926009,2026-05-18 11:55:16+05:30,53066.05,0,0.0,0,0.0,0.0,53282.15,53308.4,52783.45,53710.35,0,0.0,0.0,0.0,0.0,-0.01,-1,-1,-0.01,-1,-1,-0.01,-1,-1,-0.01,-1,-1,-0.01,-1,-1,-0.01,-1,-1,-0.01,-1,-1,-0.01,-1,-1,-0.01,-1,-1,-0.01,-1,-1
99926009,2026-05-18 11:55:16+05:30,53067.6,0,0.0,0,0.0,0.0,53282.15,53308.4,52783.45,53710.35,0,0.0,0.0,0.0,0.0,-0.01,-1,-1,-0.01,-1,-1,-0.01,-1,-1,-0.01,-1,-1,-0.01,-1,-1,-0.01,-1,-1,-0.01,-1,-1,-0.01,-1,-1,-0.01,-1,-1,-0.01,-1,-1
99926009,2026-05-18 11:55:17+05:30,53068.55,0,0.0,0,0.0,0.0,53282.15,53308.4,52783.45,53710.35,0,0.0,0.0,0.0,0.0,-0.01,-1,-1,-0.01,-1,-1,-0.01,-1,-1,-0.01,-1,-1,-0.01,-1,-1,-0.01,-1,-1,-0.01,-1,-1,-0.01,-1,-1,-0.01,-1,-1,-0.01,-1,-1
99926009,2026-05-18 11:55:17+05:30,53067.65,0,0.0,0,0.0,0.0,53282.15,53308.4,52783.45,53710.35,0,0.0,0.0,0.0,0.0,-0.01,-1,-1,-0.01,-1,-1,-0.01,-1,-1,-0.01,-1,-1,-0.01,-1,-1,-0.01,-1,-1,-0.01,-1,-1,-0.01,-1,-1,-0.01,-1,-1,-0.01,-1,-1
99926009,2026-05-18 11:55:18+05:30,53068.7,0,0.0,0,0.0,0.0,53282.15,53308.4,52783.45,53710.35,0,0.0,0.0,0.0,0.0,-0.01,-1,-1,-0.01,-1,-1,-0.01,-1,-1,-0.01,-1,-1,-0.01,-1,-1,-0.01,-1,-1,-0.01,-1,-1,-0.01,-1,-1,-0.01,-1,-1,-0.01,-1,-1
99926009,2026-05-18 11:55:18+05:30,53070.75,0,0.0,0,0.0,0.0,53282.15,53308.4,52783.45,53710.35,0,0.0,0.0,0.0,0.0,-0.01,-1,-1,-0.01,-1,-1,-0.01,-1,-1,-0.01,-1,-1,-0.01,-1,-1,-0.01,-1,-1,-0.01,-1,-1,-0.01,-1,-1,-0.01,-1,-1,-0.01,-1,-1
99926009,2026-05-18 11:55:19+05:30,53072.6,0,0.0,0,0.0,0.0,53282.15,53308.4,52783.45,53710.35,0,0.0,0.0,0.0,0.0,-0.01,-1,-1,-0.01,-1,-1,-0.01,-1,-1,-0.01,-1,-1,-0.01,-1,-1,-0.01,-1,-1,-0.01,-1,-1,-0.01,-1,-1,-0.01,-1,-1,-0.01,-1,-1
99926009,2026-05-18 11:55:19+05:30,53071.8,0,0.0,0,0.0,0.0,53282.15,53308.4,52783.45,53710.35,0,0.0,0.0,0.0,0.0,-0.01,-1,-1,-0.01,-1,-1,-0.01,-1,-1,-0.01,-1,-1,-0.01,-1,-1,-0.01,-1,-1,-0.01,-1,-1,-0.01,-1,-1,-0.01,-1,-1,-0.01,-1,-1
99926009,2026-05-18 11:55:20+05:30,53072.7,0,0.0,0,0.0,0.0,53282.15,53308.4,52783.45,53710.35,0,0.0,0.0,0.0,0.0,-0.01,-1,-1,-0.01,-1,-1,-0.01,-1,-1,-0.01,-1,-1,-0.01,-1,-1,-0.01,-1,-1,-0.01,-1,-1,-0.01,-1,-1,-0.01,-1,-1,-0.01,-1,-1
99926009,2026-05-18 11:55:20+05:30,53071.15,0,0.0,0,0.0,0.0,53282.15,53308.4,52783.45,53710.35,0,0.0,0.0,0.0,0.0,-0.01,-1,-1,-0.01,-1,-1,-0.01,-1,-1,-0.01,-1,-1,-0.01,-1,-1,-0.01,-1,-1,-0.01,-1,-1,-0.01,-1,-1,-0.01,-1,-1,-0.01,-1,-1
99926009,2026-05-18 11:55:21+05:30,53070.5,0,0.0,0,0.0,0.0,53282.15,53308.4,52783.45,53710.35,0,0.0,0.0,0.0,0.0,-0.01,-1,-1,-0.01,-1,-1,-0.01,-1,-1,-0.01,-1,-1,-0.01,-1,-1,-0.01,-1,-1,-0.01,-1,-1,-0.01,-1,-1,-0.01,-1,-1,-0.01,-1,-1
99926009,2026-05-18 11:55:21+05:30,53073.25,0,0.0,0,0.0,0.0,53282.15,53308.4,52783.45,53710.35,0,0.0,0.0,0.0,0.0,-0.01,-1,-1,-0.01,-1,-1,-0.01,-1,-1,-0.01,-1,-1,-0.01,-1,-1,-0.01,-1,-1,-0.01,-1,-1,-0.01,-1,-1,-0.01,-1,-1,-0.01,-1,-1
99926009,2026-05-18 11:55:22+05:30,53071.6,0,0.0,0,0.0,0.0,53282.15,53308.4,52783.45,53710.35,0,0.0,0.0,0.0,0.0,-0.01,-1,-1,-0.01,-1,-1,-0.01,-1,-1,-0.01,-1,-1,-0.01,-1,-1,-0.01,-1,-1,-0.01,-1,-1,-0.01,-1,-1,-0.01,-1,-1,-0.01,-1,-1
99926009,2026-05-18 11:55:22+05:30,53070.55,0,0.0,0,0.0,0.0,53282.15,53308.4,52783.45,53710.35,0,0.0,0.0,0.0,0.0,-0.01,-1,-1,-0.01,-1,-1,-0.01,-1,-1,-0.01,-1,-1,-0.01,-1,-1,-0.01,-1,-1,-0.01,-1,-1,-0.01,-1,-1,-0.01,-1,-1,-0.01,-1,-1
99926009,2026-05-18 11:55:23+05:30,53072.35,0,0.0,0,0.0,0.0,53282.15,53308.4,52783.45,53710.35,0,0.0,0.0,0.0,0.0,-0.01,-1,-1,-0.01,-1,-1,-0.01,-1,-1,-0.01,-1,-1,-0.01,-1,-1,-0.01,-1,-1,-0.01,-1,-1,-0.01,-1,-1,-0.01,-1,-1,-0.01,-1,-1
99926009,2026-05-18 11:55:23+05:30,53072.85,0,0.0,0,0.0,0.0,53282.15,53308.4,52783.45,53710.35,0,0.0,0.0,0.0,0.0,-0.01,-1,-1,-0.01,-1,-1,-0.01,-1,-1,-0.01,-1,-1,-0.01,-1,-1,-0.01,-1,-1,-0.01,-1,-1,-0.01,-1,-1,-0.01,-1,-1,-0.01,-1,-1
99926009,2026-05-18 11:55:24+05:30,53071.95,0,0.0,0,0.0,0.0,53282.15,53308.4,52783.45,53710.35,0,0.0,0.0,0.0,0.0,-0.01,-1,-1,-0.01,-1,-1,-0.01,-1,-1,-0.01,-1,-1,-0.01,-1,-1,-0.01,-1,-1,-0.01,-1,-1,-0.01,-1,-1,-0.01,-1,-1,-0.01,-1,-1
99926009,2026-05-18 11:55:24+05:30,53072.75,0,0.0,0,0.0,0.0,53282.15,53308.4,52783.45,53710.35,0,0.0,0.0,0.0,0.0,-0.01,-1,-1,-0.01,-1,-1,-0.01,-1,-1,-0.01,-1,-1,-0.01,-1,-1,-0.01,-1,-1,-0.01,-1,-1,-0.01,-1,-1,-0.01,-1,-1,-0.01,-1,-1
99926009,2026-05-18 11:55:25+05:30,53074.5,0,0.0,0,0.0,0.0,53282.15,53308.4,52783.45,53710.35,0,0.0,0.0,0.0,0.0,-0.01,-1,-1,-0.01,-1,-1,-0.01,-1,-1,-0.01,-1,-1,-0.01,-1,-1,-0.01,-1,-1,-0.01,-1,-1,-0.01,-1,-1,-0.01,-1,-1,-0.01,-1,-1
99926009,2026-05-18 11:55:25+05:30,53073.5,0,0.0,0,0.0,0.0,53282.15,53308.4,52783.45,53710.35,0,0.0,0.0,0.0,0.0,-0.01,-1,-1,-0.01,-1,-1,-0.01,-1,-1,-0.01,-1,-1,-0.01,-1,-1,-0.01,-1,-1,-0.01,-1,-1,-0.01,-1,-1,-0.01,-1,-1,-0.01,-1,-1
99926009,2026-05-18 11:55:26+05:30,53069.4,0,0.0,0,0.0,0.0,53282.15,53308.4,52783.45,53710.35,0,0.0,0.0,0.0,0.0,-0.01,-1,-1,-0.01,-1,-1,-0.01,-1,-1,-0.01,-1,-1,-0.01,-1,-1,-0.01,-1,-1,-0.01,-1,-1,-0.01,-1,-1,-0.01,-1,-1,-0.01,-1,-1
99926009,2026-05-18 11:55:26+05:30,53065.65,0,0.0,0,0.0,0.0,53282.15,53308.4,52783.45,53710.35,0,0.0,0.0,0.0,0.0,-0.01,-1,-1,-0.01,-1,-1,-0.01,-1,-1,-0.01,-1,-1,-0.01,-1,-1,-0.01,-1,-1,-0.01,-1,-1,-0.01,-1,-1,-0.01,-1,-1,-0.01,-1,-1
99926009,2026-05-18 11:55:27+05:30,53061.45,0,0.0,0,0.0,0.0,53282.15,53308.4,52783.45,53710.35,0,0.0,0.0,0.0,0.0,-0.01,-1,-1,-0.01,-1,-1,-0.01,-1,-1,-0.01,-1,-1,-0.01,-1,-1,-0.01,-1,-1,-0.01,-1,-1,-0.01,-1,-1,-0.01,-1,-1,-0.01,-1,-1
99926009,2026-05-18 11:55:27+05:30,53063.9,0,0.0,0,0.0,0.0,53282.15,53308.4,52783.45,53710.35,0,0.0,0.0,0.0,0.0,-0.01,-1,-1,-0.01,-1,-1,-0.01,-1,-1,-0.01,-1,-1,-0.01,-1,-1,-0.01,-1,-1,-0.01,-1,-1,-0.01,-1,-1,-0.01,-1,-1,-0.01,-1,-1
99926009,2026-05-18 11:55:28+05:30,53065.15,0,0.0,0,0.0,0.0,53282.15,53308.4,52783.45,53710.35,0,0.0,0.0,0.0,0.0,-0.01,-1,-1,-0.01,-1,-1,-0.01,-1,-1,-0.01,-1,-1,-0.01,-1,-1,-0.01,-1,-1,-0.01,-1,-1,-0.01,-1,-1,-0.01,-1,-1,-0.01,-1,-1
99926009,2026-05-18 11:55:28+05:30,53063.55,0,0.0,0,0.0,0.0,53282.15,53308.4,52783.45,53710.35,0,0.0,0.0,0.0,0.0,-0.01,-1,-1,-0.01,-1,-1,-0.01,-1,-1,-0.01,-1,-1,-0.01,-1,-1,-0.01,-1,-1,-0.01,-1,-1,-0.01,-1,-1,-0.01,-1,-1,-0.01,-1,-1
99926009,2026-05-18 11:55:29+05:30,53064.45,0,0.0,0,0.0,0.0,53282.15,53308.4,52783.45,53710.35,0,0.0,0.0,0.0,0.0,-0.01,-1,-1,-0.01,-1,-1,-0.01,-1,-1,-0.01,-1,-1,-0.01,-1,-1,-0.01,-1,-1,-0.01,-1,-1,-0.01,-1,-1,-0.01,-1,-1,-0.01,-1,-1
99926009,2026-05-18 11:55:29+05:30,53062.65,0,0.0,0,0.0,0.0,53282.15,53308.4,52783.45,53710.35,0,0.0,0.0,0.0,0.0,-0.01,-1,-1,-0.01,-1,-1,-0.01,-1,-1,-0.01,-1,-1,-0.01,-1,-1,-0.01,-1,-1,-0.01,-1,-1,-0.01,-1,-1,-0.01,-1,-1,-0.01,-1,-1
99926009,2026-05-18 11:55:30+05:30,53064.9,0,0.0,0,0.0,0.0,53282.15,53308.4,52783.45,53710.35,0,0.0,0.0,0.0,0.0,-0.01,-1,-1,-0.01,-1,-1,-0.01,-1,-1,-0.01,-1,-1,-0.01,-1,-1,-0.01,-1,-1,-0.01,-1,-1,-0.01,-1,-1,-0.01,-1,-1,-0.01,-1,-1
99926009,2026-05-18 11:55:30+05:30,53062.8,0,0.0,0,0.0,0.0,53282.15,53308.4,52783.45,53710.35,0,0.0,0.0,0.0,0.0,-0.01,-1,-1,-0.01,-1,-1,-0.01,-1,-1,-0.01,-1,-1,-0.01,-1,-1,-0.01,-1,-1,-0.01,-1,-1,-0.01,-1,-1,-0.01,-1,-1,-0.01,-1,-1
99926009,2026-05-18 11:55:31+05:30,53065.85,0,0.0,0,0.0,0.0,53282.15,53308.4,52783.45,53710.35,0,0.0,0.0,0.0,0.0,-0.01,-1,-1,-0.01,-1,-1,-0.01,-1,-1,-0.01,-1,-1,-0.01,-1,-1,-0.01,-1,-1,-0.01,-1,-1,-0.01,-1,-1,-0.01,-1,-1,-0.01,-1,-1
99926009,2026-05-18 11:55:31+05:30,53065.7,0,0.0,0,0.0,0.0,53282.15,53308.4,52783.45,53710.35,0,0.0,0.0,0.0,0.0,-0.01,-1,-1,-0.01,-1,-1,-0.01,-1,-1,-0.01,-1,-1,-0.01,-1,-1,-0.01,-1,-1,-0.01,-1,-1,-0.01,-1,-1,-0.01,-1,-1,-0.01,-1,-1
99926009,2026-05-18 11:55:32+05:30,53065.75,0,0.0,0,0.0,0.0,53282.15,53308.4,52783.45,53710.35,0,0.0,0.0,0.0,0.0,-0.01,-1,-1,-0.01,-1,-1,-0.01,-1,-1,-0.01,-1,-1,-0.01,-1,-1,-0.01,-1,-1,-0.01,-1,-1,-0.01,-1,-1,-0.01,-1,-1,-0.01,-1,-1
99926009,2026-05-18 11:55:32+05:30,53067.4,0,0.0,0,0.0,0.0,53282.15,53308.4,52783.45,53710.35,0,0.0,0.0,0.0,0.0,-0.01,-1,-1,-0.01,-1,-1,-0.01,-1,-1,-0.01,-1,-1,-0.01,-1,-1,-0.01,-1,-1,-0.01,-1,-1,-0.01,-1,-1,-0.01,-1,-1,-0.01,-1,-1
99926009,2026-05-18 11:55:33+05:30,53066.8,0,0.0,0,0.0,0.0,53282.15,53308.4,52783.45,53710.35,0,0.0,0.0,0.0,0.0,-0.01,-1,-1,-0.01,-1,-1,-0.01,-1,-1,-0.01,-1,-1,-0.01,-1,-1,-0.01,-1,-1,-0.01,-1,-1,-0.01,-1,-1,-0.01,-1,-1,-0.01,-1,-1
99926009,2026-05-18 11:55:33+05:30,53067.25,0,0.0,0,0.0,0.0,53282.15,53308.4,52783.45,53710.35,0,0.0,0.0,0.0,0.0,-0.01,-1,-1,-0.01,-1,-1,-0.01,-1,-1,-0.01,-1,-1,-0.01,-1,-1,-0.01,-1,-1,-0.01,-1,-1,-0.01,-1,-1,-0.01,-1,-1,-0.01,-1,-1
99926009,2026-05-18 11:55:34+05:30,53065.25,0,0.0,0,0.0,0.0,53282.15,53308.4,52783.45,53710.35,0,0.0,0.0,0.0,0.0,-0.01,-1,-1,-0.01,-1,-1,-0.01,-1,-1,-0.01,-1,-1,-0.01,-1,-1,-0.01,-1,-1,-0.01,-1,-1,-0.01,-1,-1,-0.01,-1,-1,-0.01,-1,-1
99926009,2026-05-18 11:55:34+05:30,53065.7,0,0.0,0,0.0,0.0,53282.15,53308.4,52783.45,53710.35,0,0.0,0.0,0.0,0.0,-0.01,-1,-1,-0.01,-1,-1,-0.01,-1,-1,-0.01,-1,-1,-0.01,-1,-1,-0.01,-1,-1,-0.01,-1,-1,-0.01,-1,-1,-0.01,-1,-1,-0.01,-1,-1
99926009,2026-05-18 11:55:35+05:30,53066.8,0,0.0,0,0.0,0.0,53282.15,53308.4,52783.45,53710.35,0,0.0,0.0,0.0,0.0,-0.01,-1,-1,-0.01,-1,-1,-0.01,-1,-1,-0.01,-1,-1,-0.01,-1,-1,-0.01,-1,-1,-0.01,-1,-1,-0.01,-1,-1,-0.01,-1,-1,-0.01,-1,-1
99926009,2026-05-18 11:55:35+05:30,53065.6,0,0.0,0,0.0,0.0,53282.15,53308.4,52783.45,53710.35,0,0.0,0.0,0.0,0.0,-0.01,-1,-1,-0.01,-1,-1,-0.01,-1,-1,-0.01,-1,-1,-0.01,-1,-1,-0.01,-1,-1,-0.01,-1,-1,-0.01,-1,-1,-0.01,-1,-1,-0.01,-1,-1
99926009,2026-05-18 11:55:36+05:30,53061.1,0,0.0,0,0.0,0.0,53282.15,53308.4,52783.45,53710.35,0,0.0,0.0,0.0,0.0,-0.01,-1,-1,-0.01,-1,-1,-0.01,-1,-1,-0.01,-1,-1,-0.01,-1,-1,-0.01,-1,-1,-0.01,-1,-1,-0.01,-1,-1,-0.01,-1,-1,-0.01,-1,-1
99926009,2026-05-18 11:55:36+05:30,53062.6,0,0.0,0,0.0,0.0,53282.15,53308.4,52783.45,53710.35,0,0.0,0.0,0.0,0.0,-0.01,-1,-1,-0.01,-1,-1,-0.01,-1,-1,-0.01,-1,-1,-0.01,-1,-1,-0.01,-1,-1,-0.01,-1,-1,-0.01,-1,-1,-0.01,-1,-1,-0.01,-1,-1
99926009,2026-05-18 11:55:37+05:30,53062.25,0,0.0,0,0.0,0.0,53282.15,53308.4,52783.45,53710.35,0,0.0,0.0,0.0,0.0,-0.01,-1,-1,-0.01,-1,-1,-0.01,-1,-1,-0.01,-1,-1,-0.01,-1,-1,-0.01,-1,-1,-0.01,-1,-1,-0.01,-1,-1,-0.01,-1,-1,-0.01,-1,-1
99926009,2026-05-18 11:55:37+05:30,53061.8,0,0.0,0,0.0,0.0,53282.15,53308.4,52783.45,53710.35,0,0.0,0.0,0.0,0.0,-0.01,-1,-1,-0.01,-1,-1,-0.01,-1,-1,-0.01,-1,-1,-0.01,-1,-1,-0.01,-1,-1,-0.01,-1,-1,-0.01,-1,-1,-0.01,-1,-1,-0.01,-1,-1
99926009,2026-05-18 11:55:38+05:30,53063.25,0,0.0,0,0.0,0.0,53282.15,53308.4,52783.45,53710.35,0,0.0,0.0,0.0,0.0,-0.01,-1,-1,-0.01,-1,-1,-0.01,-1,-1,-0.01,-1,-1,-0.01,-1,-1,-0.01,-1,-1,-0.01,-1,-1,-0.01,-1,-1,-0.01,-1,-1,-0.01,-1,-1
99926009,2026-05-18 11:55:38+05:30,53062.1,0,0.0,0,0.0,0.0,53282.15,53308.4,52783.45,53710.35,0,0.0,0.0,0.0,0.0,-0.01,-1,-1,-0.01,-1,-1,-0.01,-1,-1,-0.01,-1,-1,-0.01,-1,-1,-0.01,-1,-1,-0.01,-1,-1,-0.01,-1,-1,-0.01,-1,-1,-0.01,-1,-1
99926009,2026-05-18 11:55:39+05:30,53062.0,0,0.0,0,0.0,0.0,53282.15,53308.4,52783.45,53710.35,0,0.0,0.0,0.0,0.0,-0.01,-1,-1,-0.01,-1,-1,-0.01,-1,-1,-0.01,-1,-1,-0.01,-1,-1,-0.01,-1,-1,-0.01,-1,-1,-0.01,-1,-1,-0.01,-1,-1,-0.01,-1,-1
99926009,2026-05-18 11:55:39+05:30,53060.25,0,0.0,0,0.0,0.0,53282.15,53308.4,52783.45,53710.35,0,0.0,0.0,0.0,0.0,-0.01,-1,-1,-0.01,-1,-1,-0.01,-1,-1,-0.01,-1,-1,-0.01,-1,-1,-0.01,-1,-1,-0.01,-1,-1,-0.01,-1,-1,-0.01,-1,-1,-0.01,-1,-1
99926009,2026-05-18 11:55:40+05:30,53062.4,0,0.0,0,0.0,0.0,53282.15,53308.4,52783.45,53710.35,0,0.0,0.0,0.0,0.0,-0.01,-1,-1,-0.01,-1,-1,-0.01,-1,-1,-0.01,-1,-1,-0.01,-1,-1,-0.01,-1,-1,-0.01,-1,-1,-0.01,-1,-1,-0.01,-1,-1,-0.01,-1,-1
99926009,2026-05-18 11:55:40+05:30,53061.5,0,0.0,0,0.0,0.0,53282.15,53308.4,52783.45,53710.35,0,0.0,0.0,0.0,0.0,-0.01,-1,-1,-0.01,-1,-1,-0.01,-1,-1,-0.01,-1,-1,-0.01,-1,-1,-0.01,-1,-1,-0.01,-1,-1,-0.01,-1,-1,-0.01,-1,-1,-0.01,-1,-1
99926009,2026-05-18 11:55:41+05:30,53057.4,0,0.0,0,0.0,0.0,53282.15,53308.4,52783.45,53710.35,0,0.0,0.0,0.0,0.0,-0.01,-1,-1,-0.01,-1,-1,-0.01,-1,-1,-0.01,-1,-1,-0.01,-1,-1,-0.01,-1,-1,-0.01,-1,-1,-0.01,-1,-1,-0.01,-1,-1,-0.01,-1,-1
99926009,2026-05-18 11:55:41+05:30,53060.1,0,0.0,0,0.0,0.0,53282.15,53308.4,52783.45,53710.35,0,0.0,0.0,0.0,0.0,-0.01,-1,-1,-0.01,-1,-1,-0.01,-1,-1,-0.01,-1,-1,-0.01,-1,-1,-0.01,-1,-1,-0.01,-1,-1,-0.01,-1,-1,-0.01,-1,-1,-0.01,-1,-1
99926009,2026-05-18 11:55:42+05:30,53059.65,0,0.0,0,0.0,0.0,53282.15,53308.4,52783.45,53710.35,0,0.0,0.0,0.0,0.0,-0.01,-1,-1,-0.01,-1,-1,-0.01,-1,-1,-0.01,-1,-1,-0.01,-1,-1,-0.01,-1,-1,-0.01,-1,-1,-0.01,-1,-1,-0.01,-1,-1,-0.01,-1,-1
99926009,2026-05-18 11:55:42+05:30,53058.25,0,0.0,0,0.0,0.0,53282.15,53308.4,52783.45,53710.35,0,0.0,0.0,0.0,0.0,-0.01,-1,-1,-0.01,-1,-1,-0.01,-1,-1,-0.01,-1,-1,-0.01,-1,-1,-0.01,-1,-1,-0.01,-1,-1,-0.01,-1,-1,-0.01,-1,-1,-0.01,-1,-1
99926009,2026-05-18 11:55:43+05:30,53061.6,0,0.0,0,0.0,0.0,53282.15,53308.4,52783.45,53710.35,0,0.0,0.0,0.0,0.0,-0.01,-1,-1,-0.01,-1,-1,-0.01,-1,-1,-0.01,-1,-1,-0.01,-1,-1,-0.01,-1,-1,-0.01,-1,-1,-0.01,-1,-1,-0.01,-1,-1,-0.01,-1,-1
99926009,2026-05-18 11:55:43+05:30,53055.95,0,0.0,0,0.0,0.0,53282.15,53308.4,52783.45,53710.35,0,0.0,0.0,0.0,0.0,-0.01,-1,-1,-0.01,-1,-1,-0.01,-1,-1,-0.01,-1,-1,-0.01,-1,-1,-0.01,-1,-1,-0.01,-1,-1,-0.01,-1,-1,-0.01,-1,-1,-0.01,-1,-1
99926009,2026-05-18 11:55:44+05:30,53059.05,0,0.0,0,0.0,0.0,53282.15,53308.4,52783.45,53710.35,0,0.0,0.0,0.0,0.0,-0.01,-1,-1,-0.01,-1,-1,-0.01,-1,-1,-0.01,-1,-1,-0.01,-1,-1,-0.01,-1,-1,-0.01,-1,-1,-0.01,-1,-1,-0.01,-1,-1,-0.01,-1,-1
99926009,2026-05-18 11:55:44+05:30,53055.85,0,0.0,0,0.0,0.0,53282.15,53308.4,52783.45,53710.35,0,0.0,0.0,0.0,0.0,-0.01,-1,-1,-0.01,-1,-1,-0.01,-1,-1,-0.01,-1,-1,-0.01,-1,-1,-0.01,-1,-1,-0.01,-1,-1,-0.01,-1,-1,-0.01,-1,-1,-0.01,-1,-1
99926009,2026-05-18 11:55:45+05:30,53060.05,0,0.0,0,0.0,0.0,53282.15,53308.4,52783.45,53710.35,0,0.0,0.0,0.0,0.0,-0.01,-1,-1,-0.01,-1,-1,-0.01,-1,-1,-0.01,-1,-1,-0.01,-1,-1,-0.01,-1,-1,-0.01,-1,-1,-0.01,-1,-1,-0.01,-1,-1,-0.01,-1,-1
99926009,2026-05-18 11:55:45+05:30,53055.9,0,0.0,0,0.0,0.0,53282.15,53308.4,52783.45,53710.35,0,0.0,0.0,0.0,0.0,-0.01,-1,-1,-0.01,-1,-1,-0.01,-1,-1,-0.01,-1,-1,-0.01,-1,-1,-0.01,-1,-1,-0.01,-1,-1,-0.01,-1,-1,-0.01,-1,-1,-0.01,-1,-1
99926009,2026-05-18 11:55:46+05:30,53058.5,0,0.0,0,0.0,0.0,53282.15,53308.4,52783.45,53710.35,0,0.0,0.0,0.0,0.0,-0.01,-1,-1,-0.01,-1,-1,-0.01,-1,-1,-0.01,-1,-1,-0.01,-1,-1,-0.01,-1,-1,-0.01,-1,-1,-0.01,-1,-1,-0.01,-1,-1,-0.01,-1,-1
99926009,2026-05-18 11:55:46+05:30,53059.5,0,0.0,0,0.0,0.0,53282.15,53308.4,52783.45,53710.35,0,0.0,0.0,0.0,0.0,-0.01,-1,-1,-0.01,-1,-1,-0.01,-1,-1,-0.01,-1,-1,-0.01,-1,-1,-0.01,-1,-1,-0.01,-1,-1,-0.01,-1,-1,-0.01,-1,-1,-0.01,-1,-1
99926009,2026-05-18 11:55:47+05:30,53058.4,0,0.0,0,0.0,0.0,53282.15,53308.4,52783.45,53710.35,0,0.0,0.0,0.0,0.0,-0.01,-1,-1,-0.01,-1,-1,-0.01,-1,-1,-0.01,-1,-1,-0.01,-1,-1,-0.01,-1,-1,-0.01,-1,-1,-0.01,-1,-1,-0.01,-1,-1,-0.01,-1,-1
99926009,2026-05-18 11:55:47+05:30,53059.05,0,0.0,0,0.0,0.0,53282.15,53308.4,52783.45,53710.35,0,0.0,0.0,0.0,0.0,-0.01,-1,-1,-0.01,-1,-1,-0.01,-1,-1,-0.01,-1,-1,-0.01,-1,-1,-0.01,-1,-1,-0.01,-1,-1,-0.01,-1,-1,-0.01,-1,-1,-0.01,-1,-1
99926009,2026-05-18 11:55:48+05:30,53055.4,0,0.0,0,0.0,0.0,53282.15,53308.4,52783.45,53710.35,0,0.0,0.0,0.0,0.0,-0.01,-1,-1,-0.01,-1,-1,-0.01,-1,-1,-0.01,-1,-1,-0.01,-1,-1,-0.01,-1,-1,-0.01,-1,-1,-0.01,-1,-1,-0.01,-1,-1,-0.01,-1,-1
99926009,2026-05-18 11:55:48+05:30,53055.7,0,0.0,0,0.0,0.0,53282.15,53308.4,52783.45,53710.35,0,0.0,0.0,0.0,0.0,-0.01,-1,-1,-0.01,-1,-1,-0.01,-1,-1,-0.01,-1,-1,-0.01,-1,-1,-0.01,-1,-1,-0.01,-1,-1,-0.01,-1,-1,-0.01,-1,-1,-0.01,-1,-1
99926009,2026-05-18 11:55:49+05:30,53056.5,0,0.0,0,0.0,0.0,53282.15,53308.4,52783.45,53710.35,0,0.0,0.0,0.0,0.0,-0.01,-1,-1,-0.01,-1,-1,-0.01,-1,-1,-0.01,-1,-1,-0.01,-1,-1,-0.01,-1,-1,-0.01,-1,-1,-0.01,-1,-1,-0.01,-1,-1,-0.01,-1,-1
99926009,2026-05-18 11:55:49+05:30,53055.15,0,0.0,0,0.0,0.0,53282.15,53308.4,52783.45,53710.35,0,0.0,0.0,0.0,0.0,-0.01,-1,-1,-0.01,-1,-1,-0.01,-1,-1,-0.01,-1,-1,-0.01,-1,-1,-0.01,-1,-1,-0.01,-1,-1,-0.01,-1,-1,-0.01,-1,-1,-0.01,-1,-1
99926009,2026-05-18 11:55:50+05:30,53055.1,0,0.0,0,0.0,0.0,53282.15,53308.4,52783.45,53710.35,0,0.0,0.0,0.0,0.0,-0.01,-1,-1,-0.01,-1,-1,-0.01,-1,-1,-0.01,-1,-1,-0.01,-1,-1,-0.01,-1,-1,-0.01,-1,-1,-0.01,-1,-1,-0.01,-1,-1,-0.01,-1,-1
99926009,2026-05-18 11:55:50+05:30,53052.45,0,0.0,0,0.0,0.0,53282.15,53308.4,52783.45,53710.35,0,0.0,0.0,0.0,0.0,-0.01,-1,-1,-0.01,-1,-1,-0.01,-1,-1,-0.01,-1,-1,-0.01,-1,-1,-0.01,-1,-1,-0.01,-1,-1,-0.01,-1,-1,-0.01,-1,-1,-0.01,-1,-1
99926009,2026-05-18 11:55:51+05:30,53053.3,0,0.0,0,0.0,0.0,53282.15,53308.4,52783.45,53710.35,0,0.0,0.0,0.0,0.0,-0.01,-1,-1,-0.01,-1,-1,-0.01,-1,-1,-0.01,-1,-1,-0.01,-1,-1,-0.01,-1,-1,-0.01,-1,-1,-0.01,-1,-1,-0.01,-1,-1,-0.01,-1,-1
99926009,2026-05-18 11:55:51+05:30,53053.4,0,0.0,0,0.0,0.0,53282.15,53308.4,52783.45,53710.35,0,0.0,0.0,0.0,0.0,-0.01,-1,-1,-0.01,-1,-1,-0.01,-1,-1,-0.01,-1,-1,-0.01,-1,-1,-0.01,-1,-1,-0.01,-1,-1,-0.01,-1,-1,-0.01,-1,-1,-0.01,-1,-1
99926009,2026-05-18 11:55:52+05:30,53050.1,0,0.0,0,0.0,0.0,53282.15,53308.4,52783.45,53710.35,0,0.0,0.0,0.0,0.0,-0.01,-1,-1,-0.01,-1,-1,-0.01,-1,-1,-0.01,-1,-1,-0.01,-1,-1,-0.01,-1,-1,-0.01,-1,-1,-0.01,-1,-1,-0.01,-1,-1,-0.01,-1,-1
99926009,2026-05-18 11:55:52+05:30,53048.0,0,0.0,0,0.0,0.0,53282.15,53308.4,52783.45,53710.35,0,0.0,0.0,0.0,0.0,-0.01,-1,-1,-0.01,-1,-1,-0.01,-1,-1,-0.01,-1,-1,-0.01,-1,-1,-0.01,-1,-1,-0.01,-1,-1,-0.01,-1,-1,-0.01,-1,-1,-0.01,-1,-1
99926009,2026-05-18 11:55:53+05:30,53052.2,0,0.0,0,0.0,0.0,53282.15,53308.4,52783.45,53710.35,0,0.0,0.0,0.0,0.0,-0.01,-1,-1,-0.01,-1,-1,-0.01,-1,-1,-0.01,-1,-1,-0.01,-1,-1,-0.01,-1,-1,-0.01,-1,-1,-0.01,-1,-1,-0.01,-1,-1,-0.01,-1,-1
99926009,2026-05-18 11:55:53+05:30,53048.7,0,0.0,0,0.0,0.0,53282.15,53308.4,52783.45,53710.35,0,0.0,0.0,0.0,0.0,-0.01,-1,-1,-0.01,-1,-1,-0.01,-1,-1,-0.01,-1,-1,-0.01,-1,-1,-0.01,-1,-1,-0.01,-1,-1,-0.01,-1,-1,-0.01,-1,-1,-0.01,-1,-1
99926009,2026-05-18 11:55:54+05:30,53049.6,0,0.0,0,0.0,0.0,53282.15,53308.4,52783.45,53710.35,0,0.0,0.0,0.0,0.0,-0.01,-1,-1,-0.01,-1,-1,-0.01,-1,-1,-0.01,-1,-1,-0.01,-1,-1,-0.01,-1,-1,-0.01,-1,-1,-0.01,-1,-1,-0.01,-1,-1,-0.01,-1,-1
99926009,2026-05-18 11:55:54+05:30,53049.8,0,0.0,0,0.0,0.0,53282.15,53308.4,52783.45,53710.35,0,0.0,0.0,0.0,0.0,-0.01,-1,-1,-0.01,-1,-1,-0.01,-1,-1,-0.01,-1,-1,-0.01,-1,-1,-0.01,-1,-1,-0.01,-1,-1,-0.01,-1,-1,-0.01,-1,-1,-0.01,-1,-1
99926009,2026-05-18 11:55:55+05:30,53053.25,0,0.0,0,0.0,0.0,53282.15,53308.4,52783.45,53710.35,0,0.0,0.0,0.0,0.0,-0.01,-1,-1,-0.01,-1,-1,-0.01,-1,-1,-0.01,-1,-1,-0.01,-1,-1,-0.01,-1,-1,-0.01,-1,-1,-0.01,-1,-1,-0.01,-1,-1,-0.01,-1,-1
99926009,2026-05-18 11:55:55+05:30,53051.9,0,0.0,0,0.0,0.0,53282.15,53308.4,52783.45,53710.35,0,0.0,0.0,0.0,0.0,-0.01,-1,-1,-0.01,-1,-1,-0.01,-1,-1,-0.01,-1,-1,-0.01,-1,-1,-0.01,-1,-1,-0.01,-1,-1,-0.01,-1,-1,-0.01,-1,-1,-0.01,-1,-1
99926009,2026-05-18 11:55:56+05:30,53050.6,0,0.0,0,0.0,0.0,53282.15,53308.4,52783.45,53710.35,0,0.0,0.0,0.0,0.0,-0.01,-1,-1,-0.01,-1,-1,-0.01,-1,-1,-0.01,-1,-1,-0.01,-1,-1,-0.01,-1,-1,-0.01,-1,-1,-0.01,-1,-1,-0.01,-1,-1,-0.01,-1,-1
99926009,2026-05-18 11:55:56+05:30,53054.0,0,0.0,0,0.0,0.0,53282.15,53308.4,52783.45,53710.35,0,0.0,0.0,0.0,0.0,-0.01,-1,-1,-0.01,-1,-1,-0.01,-1,-1,-0.01,-1,-1,-0.01,-1,-1,-0.01,-1,-1,-0.01,-1,-1,-0.01,-1,-1,-0.01,-1,-1,-0.01,-1,-1
99926009,2026-05-18 11:55:57+05:30,53053.3,0,0.0,0,0.0,0.0,53282.15,53308.4,52783.45,53710.35,0,0.0,0.0,0.0,0.0,-0.01,-1,-1,-0.01,-1,-1,-0.01,-1,-1,-0.01,-1,-1,-0.01,-1,-1,-0.01,-1,-1,-0.01,-1,-1,-0.01,-1,-1,-0.01,-1,-1,-0.01,-1,-1
99926009,2026-05-18 11:55:57+05:30,53051.35,0,0.0,0,0.0,0.0,53282.15,53308.4,52783.45,53710.35,0,0.0,0.0,0.0,0.0,-0.01,-1,-1,-0.01,-1,-1,-0.01,-1,-1,-0.01,-1,-1,-0.01,-1,-1,-0.01,-1,-1,-0.01,-1,-1,-0.01,-1,-1,-0.01,-1,-1,-0.01,-1,-1
99926009,2026-05-18 11:55:58+05:30,53052.1,0,0.0,0,0.0,0.0,53282.15,53308.4,52783.45,53710.35,0,0.0,0.0,0.0,0.0,-0.01,-1,-1,-0.01,-1,-1,-0.01,-1,-1,-0.01,-1,-1,-0.01,-1,-1,-0.01,-1,-1,-0.01,-1,-1,-0.01,-1,-1,-0.01,-1,-1,-0.01,-1,-1
99926009,2026-05-18 11:55:58+05:30,53051.4,0,0.0,0,0.0,0.0,53282.15,53308.4,52783.45,53710.35,0,0.0,0.0,0.0,0.0,-0.01,-1,-1,-0.01,-1,-1,-0.01,-1,-1,-0.01,-1,-1,-0.01,-1,-1,-0.01,-1,-1,-0.01,-1,-1,-0.01,-1,-1,-0.01,-1,-1,-0.01,-1,-1
99926009,2026-05-18 11:55:59+05:30,53051.9,0,0.0,0,0.0,0.0,53282.15,53308.4,52783.45,53710.35,0,0.0,0.0,0.0,0.0,-0.01,-1,-1,-0.01,-1,-1,-0.01,-1,-1,-0.01,-1,-1,-0.01,-1,-1,-0.01,-1,-1,-0.01,-1,-1,-0.01,-1,-1,-0.01,-1,-1,-0.01,-1,-1
99926009,2026-05-18 11:55:59+05:30,53049.5,0,0.0,0,0.0,0.0,53282.15,53308.4,52783.45,53710.35,0,0.0,0.0,0.0,0.0,-0.01,-1,-1,-0.01,-1,-1,-0.01,-1,-1,-0.01,-1,-1,-0.01,-1,-1,-0.01,-1,-1,-0.01,-1,-1,-0.01,-1,-1,-0.01,-1,-1,-0.01,-1,-1
99926009,2026-05-18 11:56:00+05:30,53052.15,0,0.0,0,0.0,0.0,53282.15,53308.4,52783.45,53710.35,0,0.0,0.0,0.0,0.0,-0.01,-1,-1,-0.01,-1,-1,-0.01,-1,-1,-0.01,-1,-1,-0.01,-1,-1,-0.01,-1,-1,-0.01,-1,-1,-0.01,-1,-1,-0.01,-1,-1,-0.01,-1,-1
99926009,2026-05-18 11:56:00+05:30,53048.15,0,0.0,0,0.0,0.0,53282.15,53308.4,52783.45,53710.35,0,0.0,0.0,0.0,0.0,-0.01,-1,-1,-0.01,-1,-1,-0.01,-1,-1,-0.01,-1,-1,-0.01,-1,-1,-0.01,-1,-1,-0.01,-1,-1,-0.01,-1,-1,-0.01,-1,-1,-0.01,-1,-1
99926009,2026-05-18 11:56:01+05:30,53051.3,0,0.0,0,0.0,0.0,53282.15,53308.4,52783.45,53710.35,0,0.0,0.0,0.0,0.0,-0.01,-1,-1,-0.01,-1,-1,-0.01,-1,-1,-0.01,-1,-1,-0.01,-1,-1,-0.01,-1,-1,-0.01,-1,-1,-0.01,-1,-1,-0.01,-1,-1,-0.01,-1,-1
99926009,2026-05-18 11:56:01+05:30,53050.65,0,0.0,0,0.0,0.0,53282.15,53308.4,52783.45,53710.35,0,0.0,0.0,0.0,0.0,-0.01,-1,-1,-0.01,-1,-1,-0.01,-1,-1,-0.01,-1,-1,-0.01,-1,-1,-0.01,-1,-1,-0.01,-1,-1,-0.01,-1,-1,-0.01,-1,-1,-0.01,-1,-1
99926009,2026-05-18 11:56:02+05:30,53049.7,0,0.0,0,0.0,0.0,53282.15,53308.4,52783.45,53710.35,0,0.0,0.0,0.0,0.0,-0.01,-1,-1,-0.01,-1,-1,-0.01,-1,-1,-0.01,-1,-1,-0.01,-1,-1,-0.01,-1,-1,-0.01,-1,-1,-0.01,-1,-1,-0.01,-1,-1,-0.01,-1,-1
99926009,2026-05-18 11:56:02+05:30,53047.15,0,0.0,0,0.0,0.0,53282.15,53308.4,52783.45,53710.35,0,0.0,0.0,0.0,0.0,-0.01,-1,-1,-0.01,-1,-1,-0.01,-1,-1,-0.01,-1,-1,-0.01,-1,-1,-0.01,-1,-1,-0.01,-1,-1,-0.01,-1,-1,-0.01,-1,-1,-0.01,-1,-1
99926009,2026-05-18 11:56:03+05:30,53046.15,0,0.0,0,0.0,0.0,53282.15,53308.4,52783.45,53710.35,0,0.0,0.0,0.0,0.0,-0.01,-1,-1,-0.01,-1,-1,-0.01,-1,-1,-0.01,-1,-1,-0.01,-1,-1,-0.01,-1,-1,-0.01,-1,-1,-0.01,-1,-1,-0.01,-1,-1,-0.01,-1,-1
99926009,2026-05-18 11:56:03+05:30,53046.4,0,0.0,0,0.0,0.0,53282.15,53308.4,52783.45,53710.35,0,0.0,0.0,0.0,0.0,-0.01,-1,-1,-0.01,-1,-1,-0.01,-1,-1,-0.01,-1,-1,-0.01,-1,-1,-0.01,-1,-1,-0.01,-1,-1,-0.01,-1,-1,-0.01,-1,-1,-0.01,-1,-1
99926009,2026-05-18 11:56:04+05:30,53042.85,0,0.0,0,0.0,0.0,53282.15,53308.4,52783.45,53710.35,0,0.0,0.0,0.0,0.0,-0.01,-1,-1,-0.01,-1,-1,-0.01,-1,-1,-0.01,-1,-1,-0.01,-1,-1,-0.01,-1,-1,-0.01,-1,-1,-0.01,-1,-1,-0.01,-1,-1,-0.01,-1,-1
99926009,2026-05-18 11:56:04+05:30,53043.75,0,0.0,0,0.0,0.0,53282.15,53308.4,52783.45,53710.35,0,0.0,0.0,0.0,0.0,-0.01,-1,-1,-0.01,-1,-1,-0.01,-1,-1,-0.01,-1,-1,-0.01,-1,-1,-0.01,-1,-1,-0.01,-1,-1,-0.01,-1,-1,-0.01,-1,-1,-0.01,-1,-1
99926009,2026-05-18 11:56:05+05:30,53045.85,0,0.0,0,0.0,0.0,53282.15,53308.4,52783.45,53710.35,0,0.0,0.0,0.0,0.0,-0.01,-1,-1,-0.01,-1,-1,-0.01,-1,-1,-0.01,-1,-1,-0.01,-1,-1,-0.01,-1,-1,-0.01,-1,-1,-0.01,-1,-1,-0.01,-1,-1,-0.01,-1,-1
99926009,2026-05-18 11:56:05+05:30,53046.05,0,0.0,0,0.0,0.0,53282.15,53308.4,52783.45,53710.35,0,0.0,0.0,0.0,0.0,-0.01,-1,-1,-0.01,-1,-1,-0.01,-1,-1,-0.01,-1,-1,-0.01,-1,-1,-0.01,-1,-1,-0.01,-1,-1,-0.01,-1,-1,-0.01,-1,-1,-0.01,-1,-1
99926009,2026-05-18 11:56:06+05:30,53044.2,0,0.0,0,0.0,0.0,53282.15,53308.4,52783.45,53710.35,0,0.0,0.0,0.0,0.0,-0.01,-1,-1,-0.01,-1,-1,-0.01,-1,-1,-0.01,-1,-1,-0.01,-1,-1,-0.01,-1,-1,-0.01,-1,-1,-0.01,-1,-1,-0.01,-1,-1,-0.01,-1,-1
99926009,2026-05-18 11:56:06+05:30,53042.55,0,0.0,0,0.0,0.0,53282.15,53308.4,52783.45,53710.35,0,0.0,0.0,0.0,0.0,-0.01,-1,-1,-0.01,-1,-1,-0.01,-1,-1,-0.01,-1,-1,-0.01,-1,-1,-0.01,-1,-1,-0.01,-1,-1,-0.01,-1,-1,-0.01,-1,-1,-0.01,-1,-1
99926009,2026-05-18 11:56:07+05:30,53046.15,0,0.0,0,0.0,0.0,53282.15,53308.4,52783.45,53710.35,0,0.0,0.0,0.0,0.0,-0.01,-1,-1,-0.01,-1,-1,-0.01,-1,-1,-0.01,-1,-1,-0.01,-1,-1,-0.01,-1,-1,-0.01,-1,-1,-0.01,-1,-1,-0.01,-1,-1,-0.01,-1,-1
99926009,2026-05-18 11:56:07+05:30,53044.2,0,0.0,0,0.0,0.0,53282.15,53308.4,52783.45,53710.35,0,0.0,0.0,0.0,0.0,-0.01,-1,-1,-0.01,-1,-1,-0.01,-1,-1,-0.01,-1,-1,-0.01,-1,-1,-0.01,-1,-1,-0.01,-1,-1,-0.01,-1,-1,-0.01,-1,-1,-0.01,-1,-1
99926009,2026-05-18 11:56:08+05:30,53045.4,0,0.0,0,0.0,0.0,53282.15,53308.4,52783.45,53710.35,0,0.0,0.0,0.0,0.0,-0.01,-1,-1,-0.01,-1,-1,-0.01,-1,-1,-0.01,-1,-1,-0.01,-1,-1,-0.01,-1,-1,-0.01,-1,-1,-0.01,-1,-1,-0.01,-1,-1,-0.01,-1,-1
99926009,2026-05-18 11:56:08+05:30,53043.15,0,0.0,0,0.0,0.0,53282.15,53308.4,52783.45,53710.35,0,0.0,0.0,0.0,0.0,-0.01,-1,-1,-0.01,-1,-1,-0.01,-1,-1,-0.01,-1,-1,-0.01,-1,-1,-0.01,-1,-1,-0.01,-1,-1,-0.01,-1,-1,-0.01,-1,-1,-0.01,-1,-1
99926009,2026-05-18 11:56:09+05:30,53044.05,0,0.0,0,0.0,0.0,53282.15,53308.4,52783.45,53710.35,0,0.0,0.0,0.0,0.0,-0.01,-1,-1,-0.01,-1,-1,-0.01,-1,-1,-0.01,-1,-1,-0.01,-1,-1,-0.01,-1,-1,-0.01,-1,-1,-0.01,-1,-1,-0.01,-1,-1,-0.01,-1,-1
99926009,2026-05-18 11:56:09+05:30,53047.35,0,0.0,0,0.0,0.0,53282.15,53308.4,52783.45,53710.35,0,0.0,0.0,0.0,0.0,-0.01,-1,-1,-0.01,-1,-1,-0.01,-1,-1,-0.01,-1,-1,-0.01,-1,-1,-0.01,-1,-1,-0.01,-1,-1,-0.01,-1,-1,-0.01,-1,-1,-0.01,-1,-1
99926009,2026-05-18 11:56:10+05:30,53047.6,0,0.0,0,0.0,0.0,53282.15,53308.4,52783.45,53710.35,0,0.0,0.0,0.0,0.0,-0.01,-1,-1,-0.01,-1,-1,-0.01,-1,-1,-0.01,-1,-1,-0.01,-1,-1,-0.01,-1,-1,-0.01,-1,-1,-0.01,-1,-1,-0.01,-1,-1,-0.01,-1,-1
99926009,2026-05-18 11:56:10+05:30,53047.9,0,0.0,0,0.0,0.0,53282.15,53308.4,52783.45,53710.35,0,0.0,0.0,0.0,0.0,-0.01,-1,-1,-0.01,-1,-1,-0.01,-1,-1,-0.01,-1,-1,-0.01,-1,-1,-0.01,-1,-1,-0.01,-1,-1,-0.01,-1,-1,-0.01,-1,-1,-0.01,-1,-1
99926009,2026-05-18 11:56:11+05:30,53047.5,0,0.0,0,0.0,0.0,53282.15,53308.4,52783.45,53710.35,0,0.0,0.0,0.0,0.0,-0.01,-1,-1,-0.01,-1,-1,-0.01,-1,-1,-0.01,-1,-1,-0.01,-1,-1,-0.01,-1,-1,-0.01,-1,-1,-0.01,-1,-1,-0.01,-1,-1,-0.01,-1,-1
99926009,2026-05-18 11:56:11+05:30,53047.0,0,0.0,0,0.0,0.0,53282.15,53308.4,52783.45,53710.35,0,0.0,0.0,0.0,0.0,-0.01,-1,-1,-0.01,-1,-1,-0.01,-1,-1,-0.01,-1,-1,-0.01,-1,-1,-0.01,-1,-1,-0.01,-1,-1,-0.01,-1,-1,-0.01,-1,-1,-0.01,-1,-1
99926009,2026-05-18 11:56:12+05:30,53047.6,0,0.0,0,0.0,0.0,53282.15,53308.4,52783.45,53710.35,0,0.0,0.0,0.0,0.0,-0.01,-1,-1,-0.01,-1,-1,-0.01,-1,-1,-0.01,-1,-1,-0.01,-1,-1,-0.01,-1,-1,-0.01,-1,-1,-0.01,-1,-1,-0.01,-1,-1,-0.01,-1,-1
99926009,2026-05-18 11:56:12+05:30,53049.4,0,0.0,0,0.0,0.0,53282.15,53308.4,52783.45,53710.35,0,0.0,0.0,0.0,0.0,-0.01,-1,-1,-0.01,-1,-1,-0.01,-1,-1,-0.01,-1,-1,-0.01,-1,-1,-0.01,-1,-1,-0.01,-1,-1,-0.01,-1,-1,-0.01,-1,-1,-0.01,-1,-1
99926009,2026-05-18 11:56:13+05:30,53051.25,0,0.0,0,0.0,0.0,53282.15,53308.4,52783.45,53710.35,0,0.0,0.0,0.0,0.0,-0.01,-1,-1,-0.01,-1,-1,-0.01,-1,-1,-0.01,-1,-1,-0.01,-1,-1,-0.01,-1,-1,-0.01,-1,-1,-0.01,-1,-1,-0.01,-1,-1,-0.01,-1,-1
99926009,2026-05-18 11:56:13+05:30,53049.65,0,0.0,0,0.0,0.0,53282.15,53308.4,52783.45,53710.35,0,0.0,0.0,0.0,0.0,-0.01,-1,-1,-0.01,-1,-1,-0.01,-1,-1,-0.01,-1,-1,-0.01,-1,-1,-0.01,-1,-1,-0.01,-1,-1,-0.01,-1,-1,-0.01,-1,-1,-0.01,-1,-1
99926009,2026-05-18 11:56:14+05:30,53045.3,0,0.0,0,0.0,0.0,53282.15,53308.4,52783.45,53710.35,0,0.0,0.0,0.0,0.0,-0.01,-1,-1,-0.01,-1,-1,-0.01,-1,-1,-0.01,-1,-1,-0.01,-1,-1,-0.01,-1,-1,-0.01,-1,-1,-0.01,-1,-1,-0.01,-1,-1,-0.01,-1,-1
99926009,2026-05-18 11:56:14+05:30,53045.15,0,0.0,0,0.0,0.0,53282.15,53308.4,52783.45,53710.35,0,0.0,0.0,0.0,0.0,-0.01,-1,-1,-0.01,-1,-1,-0.01,-1,-1,-0.01,-1,-1,-0.01,-1,-1,-0.01,-1,-1,-0.01,-1,-1,-0.01,-1,-1,-0.01,-1,-1,-0.01,-1,-1
99926009,2026-05-18 11:56:15+05:30,53045.1,0,0.0,0,0.0,0.0,53282.15,53308.4,52783.45,53710.35,0,0.0,0.0,0.0,0.0,-0.01,-1,-1,-0.01,-1,-1,-0.01,-1,-1,-0.01,-1,-1,-0.01,-1,-1,-0.01,-1,-1,-0.01,-1,-1,-0.01,-1,-1,-0.01,-1,-1,-0.01,-1,-1
99926009,2026-05-18 11:56:15+05:30,53046.45,0,0.0,0,0.0,0.0,53282.15,53308.4,52783.45,53710.35,0,0.0,0.0,0.0,0.0,-0.01,-1,-1,-0.01,-1,-1,-0.01,-1,-1,-0.01,-1,-1,-0.01,-1,-1,-0.01,-1,-1,-0.01,-1,-1,-0.01,-1,-1,-0.01,-1,-1,-0.01,-1,-1
99926009,2026-05-18 11:56:16+05:30,53050.6,0,0.0,0,0.0,0.0,53282.15,53308.4,52783.45,53710.35,0,0.0,0.0,0.0,0.0,-0.01,-1,-1,-0.01,-1,-1,-0.01,-1,-1,-0.01,-1,-1,-0.01,-1,-1,-0.01,-1,-1,-0.01,-1,-1,-0.01,-1,-1,-0.01,-1,-1,-0.01,-1,-1
99926009,2026-05-18 11:56:16+05:30,53049.25,0,0.0,0,0.0,0.0,53282.15,53308.4,52783.45,53710.35,0,0.0,0.0,0.0,0.0,-0.01,-1,-1,-0.01,-1,-1,-0.01,-1,-1,-0.01,-1,-1,-0.01,-1,-1,-0.01,-1,-1,-0.01,-1,-1,-0.01,-1,-1,-0.01,-1,-1,-0.01,-1,-1
99926009,2026-05-18 11:56:17+05:30,53049.4,0,0.0,0,0.0,0.0,53282.15,53308.4,52783.45,53710.35,0,0.0,0.0,0.0,0.0,-0.01,-1,-1,-0.01,-1,-1,-0.01,-1,-1,-0.01,-1,-1,-0.01,-1,-1,-0.01,-1,-1,-0.01,-1,-1,-0.01,-1,-1,-0.01,-1,-1,-0.01,-1,-1
99926009,2026-05-18 11:56:17+05:30,53050.2,0,0.0,0,0.0,0.0,53282.15,53308.4,52783.45,53710.35,0,0.0,0.0,0.0,0.0,-0.01,-1,-1,-0.01,-1,-1,-0.01,-1,-1,-0.01,-1,-1,-0.01,-1,-1,-0.01,-1,-1,-0.01,-1,-1,-0.01,-1,-1,-0.01,-1,-1,-0.01,-1,-1
99926009,2026-05-18 11:56:18+05:30,53051.15,0,0.0,0,0.0,0.0,53282.15,53308.4,52783.45,53710.35,0,0.0,0.0,0.0,0.0,-0.01,-1,-1,-0.01,-1,-1,-0.01,-1,-1,-0.01,-1,-1,-0.01,-1,-1,-0.01,-1,-1,-0.01,-1,-1,-0.01,-1,-1,-0.01,-1,-1,-0.01,-1,-1
99926009,2026-05-18 11:56:18+05:30,53047.65,0,0.0,0,0.0,0.0,53282.15,53308.4,52783.45,53710.35,0,0.0,0.0,0.0,0.0,-0.01,-1,-1,-0.01,-1,-1,-0.01,-1,-1,-0.01,-1,-1,-0.01,-1,-1,-0.01,-1,-1,-0.01,-1,-1,-0.01,-1,-1,-0.01,-1,-1,-0.01,-1,-1
99926009,2026-05-18 11:56:19+05:30,53044.95,0,0.0,0,0.0,0.0,53282.15,53308.4,52783.45,53710.35,0,0.0,0.0,0.0,0.0,-0.01,-1,-1,-0.01,-1,-1,-0.01,-1,-1,-0.01,-1,-1,-0.01,-1,-1,-0.01,-1,-1,-0.01,-1,-1,-0.01,-1,-1,-0.01,-1,-1,-0.01,-1,-1
99926009,2026-05-18 11:56:19+05:30,53046.0,0,0.0,0,0.0,0.0,53282.15,53308.4,52783.45,53710.35,0,0.0,0.0,0.0,0.0,-0.01,-1,-1,-0.01,-1,-1,-0.01,-1,-1,-0.01,-1,-1,-0.01,-1,-1,-0.01,-1,-1,-0.01,-1,-1,-0.01,-1,-1,-0.01,-1,-1,-0.01,-1,-1
99926009,2026-05-18 11:56:20+05:30,53047.6,0,0.0,0,0.0,0.0,53282.15,53308.4,52783.45,53710.35,0,0.0,0.0,0.0,0.0,-0.01,-1,-1,-0.01,-1,-1,-0.01,-1,-1,-0.01,-1,-1,-0.01,-1,-1,-0.01,-1,-1,-0.01,-1,-1,-0.01,-1,-1,-0.01,-1,-1,-0.01,-1,-1
99926009,2026-05-18 11:56:20+05:30,53043.4,0,0.0,0,0.0,0.0,53282.15,53308.4,52783.45,53710.35,0,0.0,0.0,0.0,0.0,-0.01,-1,-1,-0.01,-1,-1,-0.01,-1,-1,-0.01,-1,-1,-0.01,-1,-1,-0.01,-1,-1,-0.01,-1,-1,-0.01,-1,-1,-0.01,-1,-1,-0.01,-1,-1
99926009,2026-05-18 11:56:21+05:30,53045.0,0,0.0,0,0.0,0.0,53282.15,53308.4,52783.45,53710.35,0,0.0,0.0,0.0,0.0,-0.01,-1,-1,-0.01,-1,-1,-0.01,-1,-1,-0.01,-1,-1,-0.01,-1,-1,-0.01,-1,-1,-0.01,-1,-1,-0.01,-1,-1,-0.01,-1,-1,-0.01,-1,-1
99926009,2026-05-18 11:56:21+05:30,53045.2,0,0.0,0,0.0,0.0,53282.15,53308.4,52783.45,53710.35,0,0.0,0.0,0.0,0.0,-0.01,-1,-1,-0.01,-1,-1,-0.01,-1,-1,-0.01,-1,-1,-0.01,-1,-1,-0.01,-1,-1,-0.01,-1,-1,-0.01,-1,-1,-0.01,-1,-1,-0.01,-1,-1
99926009,2026-05-18 11:56:22+05:30,53045.2,0,0.0,0,0.0,0.0,53282.15,53308.4,52783.45,53710.35,0,0.0,0.0,0.0,0.0,-0.01,-1,-1,-0.01,-1,-1,-0.01,-1,-1,-0.01,-1,-1,-0.01,-1,-1,-0.01,-1,-1,-0.01,-1,-1,-0.01,-1,-1,-0.01,-1,-1,-0.01,-1,-1
99926009,2026-05-18 11:56:22+05:30,53045.45,0,0.0,0,0.0,0.0,53282.15,53308.4,52783.45,53710.35,0,0.0,0.0,0.0,0.0,-0.01,-1,-1,-0.01,-1,-1,-0.01,-1,-1,-0.01,-1,-1,-0.01,-1,-1,-0.01,-1,-1,-0.01,-1,-1,-0.01,-1,-1,-0.01,-1,-1,-0.01,-1,-1
99926009,2026-05-18 11:56:23+05:30,53044.8,0,0.0,0,0.0,0.0,53282.15,53308.4,52783.45,53710.35,0,0.0,0.0,0.0,0.0,-0.01,-1,-1,-0.01,-1,-1,-0.01,-1,-1,-0.01,-1,-1,-0.01,-1,-1,-0.01,-1,-1,-0.01,-1,-1,-0.01,-1,-1,-0.01,-1,-1,-0.01,-1,-1
99926009,2026-05-18 11:56:23+05:30,53041.15,0,0.0,0,0.0,0.0,53282.15,53308.4,52783.45,53710.35,0,0.0,0.0,0.0,0.0,-0.01,-1,-1,-0.01,-1,-1,-0.01,-1,-1,-0.01,-1,-1,-0.01,-1,-1,-0.01,-1,-1,-0.01,-1,-1,-0.01,-1,-1,-0.01,-1,-1,-0.01,-1,-1
99926009,2026-05-18 11:56:24+05:30,53044.7,0,0.0,0,0.0,0.0,53282.15,53308.4,52783.45,53710.35,0,0.0,0.0,0.0,0.0,-0.01,-1,-1,-0.01,-1,-1,-0.01,-1,-1,-0.01,-1,-1,-0.01,-1,-1,-0.01,-1,-1,-0.01,-1,-1,-0.01,-1,-1,-0.01,-1,-1,-0.01,-1,-1
99926009,2026-05-18 11:56:24+05:30,53043.65,0,0.0,0,0.0,0.0,53282.15,53308.4,52783.45,53710.35,0,0.0,0.0,0.0,0.0,-0.01,-1,-1,-0.01,-1,-1,-0.01,-1,-1,-0.01,-1,-1,-0.01,-1,-1,-0.01,-1,-1,-0.01,-1,-1,-0.01,-1,-1,-0.01,-1,-1,-0.01,-1,-1
99926009,2026-05-18 11:56:25+05:30,53045.55,0,0.0,0,0.0,0.0,53282.15,53308.4,52783.45,53710.35,0,0.0,0.0,0.0,0.0,-0.01,-1,-1,-0.01,-1,-1,-0.01,-1,-1,-0.01,-1,-1,-0.01,-1,-1,-0.01,-1,-1,-0.01,-1,-1,-0.01,-1,-1,-0.01,-1,-1,-0.01,-1,-1
99926009,2026-05-18 11:56:25+05:30,53043.8,0,0.0,0,0.0,0.0,53282.15,53308.4,52783.45,53710.35,0,0.0,0.0,0.0,0.0,-0.01,-1,-1,-0.01,-1,-1,-0.01,-1,-1,-0.01,-1,-1,-0.01,-1,-1,-0.01,-1,-1,-0.01,-1,-1,-0.01,-1,-1,-0.01,-1,-1,-0.01,-1,-1
99926009,2026-05-18 11:56:26+05:30,53040.35,0,0.0,0,0.0,0.0,53282.15,53308.4,52783.45,53710.35,0,0.0,0.0,0.0,0.0,-0.01,-1,-1,-0.01,-1,-1,-0.01,-1,-1,-0.01,-1,-1,-0.01,-1,-1,-0.01,-1,-1,-0.01,-1,-1,-0.01,-1,-1,-0.01,-1,-1,-0.01,-1,-1
99926009,2026-05-18 11:56:26+05:30,53042.15,0,0.0,0,0.0,0.0,53282.15,53308.4,52783.45,53710.35,0,0.0,0.0,0.0,0.0,-0.01,-1,-1,-0.01,-1,-1,-0.01,-1,-1,-0.01,-1,-1,-0.01,-1,-1,-0.01,-1,-1,-0.01,-1,-1,-0.01,-1,-1,-0.01,-1,-1,-0.01,-1,-1
99926009,2026-05-18 11:56:27+05:30,53040.25,0,0.0,0,0.0,0.0,53282.15,53308.4,52783.45,53710.35,0,0.0,0.0,0.0,0.0,-0.01,-1,-1,-0.01,-1,-1,-0.01,-1,-1,-0.01,-1,-1,-0.01,-1,-1,-0.01,-1,-1,-0.01,-1,-1,-0.01,-1,-1,-0.01,-1,-1,-0.01,-1,-1
99926009,2026-05-18 11:56:27+05:30,53040.2,0,0.0,0,0.0,0.0,53282.15,53308.4,52783.45,53710.35,0,0.0,0.0,0.0,0.0,-0.01,-1,-1,-0.01,-1,-1,-0.01,-1,-1,-0.01,-1,-1,-0.01,-1,-1,-0.01,-1,-1,-0.01,-1,-1,-0.01,-1,-1,-0.01,-1,-1,-0.01,-1,-1
99926009,2026-05-18 11:56:28+05:30,53040.9,0,0.0,0,0.0,0.0,53282.15,53308.4,52783.45,53710.35,0,0.0,0.0,0.0,0.0,-0.01,-1,-1,-0.01,-1,-1,-0.01,-1,-1,-0.01,-1,-1,-0.01,-1,-1,-0.01,-1,-1,-0.01,-1,-1,-0.01,-1,-1,-0.01,-1,-1,-0.01,-1,-1
99926009,2026-05-18 11:56:28+05:30,53040.5,0,0.0,0,0.0,0.0,53282.15,53308.4,52783.45,53710.35,0,0.0,0.0,0.0,0.0,-0.01,-1,-1,-0.01,-1,-1,-0.01,-1,-1,-0.01,-1,-1,-0.01,-1,-1,-0.01,-1,-1,-0.01,-1,-1,-0.01,-1,-1,-0.01,-1,-1,-0.01,-1,-1
99926009,2026-05-18 11:56:29+05:30,53043.55,0,0.0,0,0.0,0.0,53282.15,53308.4,52783.45,53710.35,0,0.0,0.0,0.0,0.0,-0.01,-1,-1,-0.01,-1,-1,-0.01,-1,-1,-0.01,-1,-1,-0.01,-1,-1,-0.01,-1,-1,-0.01,-1,-1,-0.01,-1,-1,-0.01,-1,-1,-0.01,-1,-1
99926009,2026-05-18 11:56:29+05:30,53043.0,0,0.0,0,0.0,0.0,53282.15,53308.4,52783.45,53710.35,0,0.0,0.0,0.0,0.0,-0.01,-1,-1,-0.01,-1,-1,-0.01,-1,-1,-0.01,-1,-1,-0.01,-1,-1,-0.01,-1,-1,-0.01,-1,-1,-0.01,-1,-1,-0.01,-1,-1,-0.01,-1,-1
99926009,2026-05-18 11:56:30+05:30,53046.5,0,0.0,0,0.0,0.0,53282.15,53308.4,52783.45,53710.35,0,0.0,0.0,0.0,0.0,-0.01,-1,-1,-0.01,-1,-1,-0.01,-1,-1,-0.01,-1,-1,-0.01,-1,-1,-0.01,-1,-1,-0.01,-1,-1,-0.01,-1,-1,-0.01,-1,-1,-0.01,-1,-1
99926009,2026-05-18 11:56:31+05:30,53044.05,0,0.0,0,0.0,0.0,53282.15,53308.4,52783.45,53710.35,0,0.0,0.0,0.0,0.0,-0.01,-1,-1,-0.01,-1,-1,-0.01,-1,-1,-0.01,-1,-1,-0.01,-1,-1,-0.01,-1,-1,-0.01,-1,-1,-0.01,-1,-1,-0.01,-1,-1,-0.01,-1,-1
99926009,2026-05-18 11:56:31+05:30,53044.9,0,0.0,0,0.0,0.0,53282.15,53308.4,52783.45,53710.35,0,0.0,0.0,0.0,0.0,-0.01,-1,-1,-0.01,-1,-1,-0.01,-1,-1,-0.01,-1,-1,-0.01,-1,-1,-0.01,-1,-1,-0.01,-1,-1,-0.01,-1,-1,-0.01,-1,-1,-0.01,-1,-1
99926009,2026-05-18 11:56:32+05:30,53047.5,0,0.0,0,0.0,0.0,53282.15,53308.4,52783.45,53710.35,0,0.0,0.0,0.0,0.0,-0.01,-1,-1,-0.01,-1,-1,-0.01,-1,-1,-0.01,-1,-1,-0.01,-1,-1,-0.01,-1,-1,-0.01,-1,-1,-0.01,-1,-1,-0.01,-1,-1,-0.01,-1,-1
99926009,2026-05-18 11:56:32+05:30,53047.2,0,0.0,0,0.0,0.0,53282.15,53308.4,52783.45,53710.35,0,0.0,0.0,0.0,0.0,-0.01,-1,-1,-0.01,-1,-1,-0.01,-1,-1,-0.01,-1,-1,-0.01,-1,-1,-0.01,-1,-1,-0.01,-1,-1,-0.01,-1,-1,-0.01,-1,-1,-0.01,-1,-1
99926009,2026-05-18 11:56:33+05:30,53050.5,0,0.0,0,0.0,0.0,53282.15,53308.4,52783.45,53710.35,0,0.0,0.0,0.0,0.0,-0.01,-1,-1,-0.01,-1,-1,-0.01,-1,-1,-0.01,-1,-1,-0.01,-1,-1,-0.01,-1,-1,-0.01,-1,-1,-0.01,-1,-1,-0.01,-1,-1,-0.01,-1,-1
99926009,2026-05-18 11:56:33+05:30,53051.7,0,0.0,0,0.0,0.0,53282.15,53308.4,52783.45,53710.35,0,0.0,0.0,0.0,0.0,-0.01,-1,-1,-0.01,-1,-1,-0.01,-1,-1,-0.01,-1,-1,-0.01,-1,-1,-0.01,-1,-1,-0.01,-1,-1,-0.01,-1,-1,-0.01,-1,-1,-0.01,-1,-1
99926009,2026-05-18 11:56:34+05:30,53052.25,0,0.0,0,0.0,0.0,53282.15,53308.4,52783.45,53710.35,0,0.0,0.0,0.0,0.0,-0.01,-1,-1,-0.01,-1,-1,-0.01,-1,-1,-0.01,-1,-1,-0.01,-1,-1,-0.01,-1,-1,-0.01,-1,-1,-0.01,-1,-1,-0.01,-1,-1,-0.01,-1,-1
99926009,2026-05-18 11:56:34+05:30,53051.8,0,0.0,0,0.0,0.0,53282.15,53308.4,52783.45,53710.35,0,0.0,0.0,0.0,0.0,-0.01,-1,-1,-0.01,-1,-1,-0.01,-1,-1,-0.01,-1,-1,-0.01,-1,-1,-0.01,-1,-1,-0.01,-1,-1,-0.01,-1,-1,-0.01,-1,-1,-0.01,-1,-1
99926009,2026-05-18 11:56:35+05:30,53051.05,0,0.0,0,0.0,0.0,53282.15,53308.4,52783.45,53710.35,0,0.0,0.0,0.0,0.0,-0.01,-1,-1,-0.01,-1,-1,-0.01,-1,-1,-0.01,-1,-1,-0.01,-1,-1,-0.01,-1,-1,-0.01,-1,-1,-0.01,-1,-1,-0.01,-1,-1,-0.01,-1,-1
99926009,2026-05-18 11:56:35+05:30,53051.6,0,0.0,0,0.0,0.0,53282.15,53308.4,52783.45,53710.35,0,0.0,0.0,0.0,0.0,-0.01,-1,-1,-0.01,-1,-1,-0.01,-1,-1,-0.01,-1,-1,-0.01,-1,-1,-0.01,-1,-1,-0.01,-1,-1,-0.01,-1,-1,-0.01,-1,-1,-0.01,-1,-1
99926009,2026-05-18 11:56:36+05:30,53050.5,0,0.0,0,0.0,0.0,53282.15,53308.4,52783.45,53710.35,0,0.0,0.0,0.0,0.0,-0.01,-1,-1,-0.01,-1,-1,-0.01,-1,-1,-0.01,-1,-1,-0.01,-1,-1,-0.01,-1,-1,-0.01,-1,-1,-0.01,-1,-1,-0.01,-1,-1,-0.01,-1,-1
99926009,2026-05-18 11:56:36+05:30,53050.45,0,0.0,0,0.0,0.0,53282.15,53308.4,52783.45,53710.35,0,0.0,0.0,0.0,0.0,-0.01,-1,-1,-0.01,-1,-1,-0.01,-1,-1,-0.01,-1,-1,-0.01,-1,-1,-0.01,-1,-1,-0.01,-1,-1,-0.01,-1,-1,-0.01,-1,-1,-0.01,-1,-1
99926009,2026-05-18 11:56:37+05:30,53051.25,0,0.0,0,0.0,0.0,53282.15,53308.4,52783.45,53710.35,0,0.0,0.0,0.0,0.0,-0.01,-1,-1,-0.01,-1,-1,-0.01,-1,-1,-0.01,-1,-1,-0.01,-1,-1,-0.01,-1,-1,-0.01,-1,-1,-0.01,-1,-1,-0.01,-1,-1,-0.01,-1,-1
99926009,2026-05-18 11:56:37+05:30,53051.55,0,0.0,0,0.0,0.0,53282.15,53308.4,52783.45,53710.35,0,0.0,0.0,0.0,0.0,-0.01,-1,-1,-0.01,-1,-1,-0.01,-1,-1,-0.01,-1,-1,-0.01,-1,-1,-0.01,-1,-1,-0.01,-1,-1,-0.01,-1,-1,-0.01,-1,-1,-0.01,-1,-1
99926009,2026-05-18 11:56:38+05:30,53053.5,0,0.0,0,0.0,0.0,53282.15,53308.4,52783.45,53710.35,0,0.0,0.0,0.0,0.0,-0.01,-1,-1,-0.01,-1,-1,-0.01,-1,-1,-0.01,-1,-1,-0.01,-1,-1,-0.01,-1,-1,-0.01,-1,-1,-0.01,-1,-1,-0.01,-1,-1,-0.01,-1,-1
99926009,2026-05-18 11:56:38+05:30,53049.65,0,0.0,0,0.0,0.0,53282.15,53308.4,52783.45,53710.35,0,0.0,0.0,0.0,0.0,-0.01,-1,-1,-0.01,-1,-1,-0.01,-1,-1,-0.01,-1,-1,-0.01,-1,-1,-0.01,-1,-1,-0.01,-1,-1,-0.01,-1,-1,-0.01,-1,-1,-0.01,-1,-1
99926009,2026-05-18 11:56:39+05:30,53052.55,0,0.0,0,0.0,0.0,53282.15,53308.4,52783.45,53710.35,0,0.0,0.0,0.0,0.0,-0.01,-1,-1,-0.01,-1,-1,-0.01,-1,-1,-0.01,-1,-1,-0.01,-1,-1,-0.01,-1,-1,-0.01,-1,-1,-0.01,-1,-1,-0.01,-1,-1,-0.01,-1,-1
99926009,2026-05-18 11:56:39+05:30,53051.75,0,0.0,0,0.0,0.0,53282.15,53308.4,52783.45,53710.35,0,0.0,0.0,0.0,0.0,-0.01,-1,-1,-0.01,-1,-1,-0.01,-1,-1,-0.01,-1,-1,-0.01,-1,-1,-0.01,-1,-1,-0.01,-1,-1,-0.01,-1,-1,-0.01,-1,-1,-0.01,-1,-1
99926009,2026-05-18 11:56:40+05:30,53052.6,0,0.0,0,0.0,0.0,53282.15,53308.4,52783.45,53710.35,0,0.0,0.0,0.0,0.0,-0.01,-1,-1,-0.01,-1,-1,-0.01,-1,-1,-0.01,-1,-1,-0.01,-1,-1,-0.01,-1,-1,-0.01,-1,-1,-0.01,-1,-1,-0.01,-1,-1,-0.01,-1,-1
99926009,2026-05-18 11:56:40+05:30,53052.55,0,0.0,0,0.0,0.0,53282.15,53308.4,52783.45,53710.35,0,0.0,0.0,0.0,0.0,-0.01,-1,-1,-0.01,-1,-1,-0.01,-1,-1,-0.01,-1,-1,-0.01,-1,-1,-0.01,-1,-1,-0.01,-1,-1,-0.01,-1,-1,-0.01,-1,-1,-0.01,-1,-1
99926009,2026-05-18 11:56:41+05:30,53052.6,0,0.0,0,0.0,0.0,53282.15,53308.4,52783.45,53710.35,0,0.0,0.0,0.0,0.0,-0.01,-1,-1,-0.01,-1,-1,-0.01,-1,-1,-0.01,-1,-1,-0.01,-1,-1,-0.01,-1,-1,-0.01,-1,-1,-0.01,-1,-1,-0.01,-1,-1,-0.01,-1,-1
99926009,2026-05-18 11:56:41+05:30,53054.7,0,0.0,0,0.0,0.0,53282.15,53308.4,52783.45,53710.35,0,0.0,0.0,0.0,0.0,-0.01,-1,-1,-0.01,-1,-1,-0.01,-1,-1,-0.01,-1,-1,-0.01,-1,-1,-0.01,-1,-1,-0.01,-1,-1,-0.01,-1,-1,-0.01,-1,-1,-0.01,-1,-1
99926009,2026-05-18 11:56:42+05:30,53050.65,0,0.0,0,0.0,0.0,53282.15,53308.4,52783.45,53710.35,0,0.0,0.0,0.0,0.0,-0.01,-1,-1,-0.01,-1,-1,-0.01,-1,-1,-0.01,-1,-1,-0.01,-1,-1,-0.01,-1,-1,-0.01,-1,-1,-0.01,-1,-1,-0.01,-1,-1,-0.01,-1,-1
99926009,2026-05-18 11:56:42+05:30,53050.1,0,0.0,0,0.0,0.0,53282.15,53308.4,52783.45,53710.35,0,0.0,0.0,0.0,0.0,-0.01,-1,-1,-0.01,-1,-1,-0.01,-1,-1,-0.01,-1,-1,-0.01,-1,-1,-0.01,-1,-1,-0.01,-1,-1,-0.01,-1,-1,-0.01,-1,-1,-0.01,-1,-1
99926009,2026-05-18 11:56:43+05:30,53052.55,0,0.0,0,0.0,0.0,53282.15,53308.4,52783.45,53710.35,0,0.0,0.0,0.0,0.0,-0.01,-1,-1,-0.01,-1,-1,-0.01,-1,-1,-0.01,-1,-1,-0.01,-1,-1,-0.01,-1,-1,-0.01,-1,-1,-0.01,-1,-1,-0.01,-1,-1,-0.01,-1,-1
99926009,2026-05-18 11:56:43+05:30,53049.95,0,0.0,0,0.0,0.0,53282.15,53308.4,52783.45,53710.35,0,0.0,0.0,0.0,0.0,-0.01,-1,-1,-0.01,-1,-1,-0.01,-1,-1,-0.01,-1,-1,-0.01,-1,-1,-0.01,-1,-1,-0.01,-1,-1,-0.01,-1,-1,-0.01,-1,-1,-0.01,-1,-1
99926009,2026-05-18 11:56:44+05:30,53051.0,0,0.0,0,0.0,0.0,53282.15,53308.4,52783.45,53710.35,0,0.0,0.0,0.0,0.0,-0.01,-1,-1,-0.01,-1,-1,-0.01,-1,-1,-0.01,-1,-1,-0.01,-1,-1,-0.01,-1,-1,-0.01,-1,-1,-0.01,-1,-1,-0.01,-1,-1,-0.01,-1,-1
99926009,2026-05-18 11:56:44+05:30,53049.5,0,0.0,0,0.0,0.0,53282.15,53308.4,52783.45,53710.35,0,0.0,0.0,0.0,0.0,-0.01,-1,-1,-0.01,-1,-1,-0.01,-1,-1,-0.01,-1,-1,-0.01,-1,-1,-0.01,-1,-1,-0.01,-1,-1,-0.01,-1,-1,-0.01,-1,-1,-0.01,-1,-1
99926009,2026-05-18 11:56:45+05:30,53051.05,0,0.0,0,0.0,0.0,53282.15,53308.4,52783.45,53710.35,0,0.0,0.0,0.0,0.0,-0.01,-1,-1,-0.01,-1,-1,-0.01,-1,-1,-0.01,-1,-1,-0.01,-1,-1,-0.01,-1,-1,-0.01,-1,-1,-0.01,-1,-1,-0.01,-1,-1,-0.01,-1,-1
99926009,2026-05-18 11:56:45+05:30,53049.95,0,0.0,0,0.0,0.0,53282.15,53308.4,52783.45,53710.35,0,0.0,0.0,0.0,0.0,-0.01,-1,-1,-0.01,-1,-1,-0.01,-1,-1,-0.01,-1,-1,-0.01,-1,-1,-0.01,-1,-1,-0.01,-1,-1,-0.01,-1,-1,-0.01,-1,-1,-0.01,-1,-1
99926009,2026-05-18 11:56:46+05:30,53050.6,0,0.0,0,0.0,0.0,53282.15,53308.4,52783.45,53710.35,0,0.0,0.0,0.0,0.0,-0.01,-1,-1,-0.01,-1,-1,-0.01,-1,-1,-0.01,-1,-1,-0.01,-1,-1,-0.01,-1,-1,-0.01,-1,-1,-0.01,-1,-1,-0.01,-1,-1,-0.01,-1,-1
99926009,2026-05-18 11:56:46+05:30,53048.1,0,0.0,0,0.0,0.0,53282.15,53308.4,52783.45,53710.35,0,0.0,0.0,0.0,0.0,-0.01,-1,-1,-0.01,-1,-1,-0.01,-1,-1,-0.01,-1,-1,-0.01,-1,-1,-0.01,-1,-1,-0.01,-1,-1,-0.01,-1,-1,-0.01,-1,-1,-0.01,-1,-1
99926009,2026-05-18 11:56:47+05:30,53051.95,0,0.0,0,0.0,0.0,53282.15,53308.4,52783.45,53710.35,0,0.0,0.0,0.0,0.0,-0.01,-1,-1,-0.01,-1,-1,-0.01,-1,-1,-0.01,-1,-1,-0.01,-1,-1,-0.01,-1,-1,-0.01,-1,-1,-0.01,-1,-1,-0.01,-1,-1,-0.01,-1,-1
99926009,2026-05-18 11:56:47+05:30,53045.05,0,0.0,0,0.0,0.0,53282.15,53308.4,52783.45,53710.35,0,0.0,0.0,0.0,0.0,-0.01,-1,-1,-0.01,-1,-1,-0.01,-1,-1,-0.01,-1,-1,-0.01,-1,-1,-0.01,-1,-1,-0.01,-1,-1,-0.01,-1,-1,-0.01,-1,-1,-0.01,-1,-1
99926009,2026-05-18 11:56:48+05:30,53047.7,0,0.0,0,0.0,0.0,53282.15,53308.4,52783.45,53710.35,0,0.0,0.0,0.0,0.0,-0.01,-1,-1,-0.01,-1,-1,-0.01,-1,-1,-0.01,-1,-1,-0.01,-1,-1,-0.01,-1,-1,-0.01,-1,-1,-0.01,-1,-1,-0.01,-1,-1,-0.01,-1,-1
99926009,2026-05-18 11:56:48+05:30,53050.1,0,0.0,0,0.0,0.0,53282.15,53308.4,52783.45,53710.35,0,0.0,0.0,0.0,0.0,-0.01,-1,-1,-0.01,-1,-1,-0.01,-1,-1,-0.01,-1,-1,-0.01,-1,-1,-0.01,-1,-1,-0.01,-1,-1,-0.01,-1,-1,-0.01,-1,-1,-0.01,-1,-1
99926009,2026-05-18 11:56:49+05:30,53046.7,0,0.0,0,0.0,0.0,53282.15,53308.4,52783.45,53710.35,0,0.0,0.0,0.0,0.0,-0.01,-1,-1,-0.01,-1,-1,-0.01,-1,-1,-0.01,-1,-1,-0.01,-1,-1,-0.01,-1,-1,-0.01,-1,-1,-0.01,-1,-1,-0.01,-1,-1,-0.01,-1,-1
99926009,2026-05-18 11:56:49+05:30,53046.5,0,0.0,0,0.0,0.0,53282.15,53308.4,52783.45,53710.35,0,0.0,0.0,0.0,0.0,-0.01,-1,-1,-0.01,-1,-1,-0.01,-1,-1,-0.01,-1,-1,-0.01,-1,-1,-0.01,-1,-1,-0.01,-1,-1,-0.01,-1,-1,-0.01,-1,-1,-0.01,-1,-1
99926009,2026-05-18 11:56:50+05:30,53050.0,0,0.0,0,0.0,0.0,53282.15,53308.4,52783.45,53710.35,0,0.0,0.0,0.0,0.0,-0.01,-1,-1,-0.01,-1,-1,-0.01,-1,-1,-0.01,-1,-1,-0.01,-1,-1,-0.01,-1,-1,-0.01,-1,-1,-0.01,-1,-1,-0.01,-1,-1,-0.01,-1,-1
99926009,2026-05-18 11:56:50+05:30,53049.8,0,0.0,0,0.0,0.0,53282.15,53308.4,52783.45,53710.35,0,0.0,0.0,0.0,0.0,-0.01,-1,-1,-0.01,-1,-1,-0.01,-1,-1,-0.01,-1,-1,-0.01,-1,-1,-0.01,-1,-1,-0.01,-1,-1,-0.01,-1,-1,-0.01,-1,-1,-0.01,-1,-1
99926009,2026-05-18 11:56:51+05:30,53050.35,0,0.0,0,0.0,0.0,53282.15,53308.4,52783.45,53710.35,0,0.0,0.0,0.0,0.0,-0.01,-1,-1,-0.01,-1,-1,-0.01,-1,-1,-0.01,-1,-1,-0.01,-1,-1,-0.01,-1,-1,-0.01,-1,-1,-0.01,-1,-1,-0.01,-1,-1,-0.01,-1,-1
99926009,2026-05-18 11:56:51+05:30,53051.85,0,0.0,0,0.0,0.0,53282.15,53308.4,52783.45,53710.35,0,0.0,0.0,0.0,0.0,-0.01,-1,-1,-0.01,-1,-1,-0.01,-1,-1,-0.01,-1,-1,-0.01,-1,-1,-0.01,-1,-1,-0.01,-1,-1,-0.01,-1,-1,-0.01,-1,-1,-0.01,-1,-1
99926009,2026-05-18 11:56:52+05:30,53050.45,0,0.0,0,0.0,0.0,53282.15,53308.4,52783.45,53710.35,0,0.0,0.0,0.0,0.0,-0.01,-1,-1,-0.01,-1,-1,-0.01,-1,-1,-0.01,-1,-1,-0.01,-1,-1,-0.01,-1,-1,-0.01,-1,-1,-0.01,-1,-1,-0.01,-1,-1,-0.01,-1,-1
99926009,2026-05-18 11:56:52+05:30,53053.75,0,0.0,0,0.0,0.0,53282.15,53308.4,52783.45,53710.35,0,0.0,0.0,0.0,0.0,-0.01,-1,-1,-0.01,-1,-1,-0.01,-1,-1,-0.01,-1,-1,-0.01,-1,-1,-0.01,-1,-1,-0.01,-1,-1,-0.01,-1,-1,-0.01,-1,-1,-0.01,-1,-1
99926009,2026-05-18 11:56:53+05:30,53054.8,0,0.0,0,0.0,0.0,53282.15,53308.4,52783.45,53710.35,0,0.0,0.0,0.0,0.0,-0.01,-1,-1,-0.01,-1,-1,-0.01,-1,-1,-0.01,-1,-1,-0.01,-1,-1,-0.01,-1,-1,-0.01,-1,-1,-0.01,-1,-1,-0.01,-1,-1,-0.01,-1,-1
99926009,2026-05-18 11:56:53+05:30,53052.2,0,0.0,0,0.0,0.0,53282.15,53308.4,52783.45,53710.35,0,0.0,0.0,0.0,0.0,-0.01,-1,-1,-0.01,-1,-1,-0.01,-1,-1,-0.01,-1,-1,-0.01,-1,-1,-0.01,-1,-1,-0.01,-1,-1,-0.01,-1,-1,-0.01,-1,-1,-0.01,-1,-1
99926009,2026-05-18 11:56:54+05:30,53051.55,0,0.0,0,0.0,0.0,53282.15,53308.4,52783.45,53710.35,0,0.0,0.0,0.0,0.0,-0.01,-1,-1,-0.01,-1,-1,-0.01,-1,-1,-0.01,-1,-1,-0.01,-1,-1,-0.01,-1,-1,-0.01,-1,-1,-0.01,-1,-1,-0.01,-1,-1,-0.01,-1,-1
99926009,2026-05-18 11:56:54+05:30,53051.5,0,0.0,0,0.0,0.0,53282.15,53308.4,52783.45,53710.35,0,0.0,0.0,0.0,0.0,-0.01,-1,-1,-0.01,-1,-1,-0.01,-1,-1,-0.01,-1,-1,-0.01,-1,-1,-0.01,-1,-1,-0.01,-1,-1,-0.01,-1,-1,-0.01,-1,-1,-0.01,-1,-1
99926009,2026-05-18 11:56:55+05:30,53054.3,0,0.0,0,0.0,0.0,53282.15,53308.4,52783.45,53710.35,0,0.0,0.0,0.0,0.0,-0.01,-1,-1,-0.01,-1,-1,-0.01,-1,-1,-0.01,-1,-1,-0.01,-1,-1,-0.01,-1,-1,-0.01,-1,-1,-0.01,-1,-1,-0.01,-1,-1,-0.01,-1,-1
99926009,2026-05-18 11:56:55+05:30,53053.45,0,0.0,0,0.0,0.0,53282.15,53308.4,52783.45,53710.35,0,0.0,0.0,0.0,0.0,-0.01,-1,-1,-0.01,-1,-1,-0.01,-1,-1,-0.01,-1,-1,-0.01,-1,-1,-0.01,-1,-1,-0.01,-1,-1,-0.01,-1,-1,-0.01,-1,-1,-0.01,-1,-1
99926009,2026-05-18 11:56:56+05:30,53051.85,0,0.0,0,0.0,0.0,53282.15,53308.4,52783.45,53710.35,0,0.0,0.0,0.0,0.0,-0.01,-1,-1,-0.01,-1,-1,-0.01,-1,-1,-0.01,-1,-1,-0.01,-1,-1,-0.01,-1,-1,-0.01,-1,-1,-0.01,-1,-1,-0.01,-1,-1,-0.01,-1,-1
99926009,2026-05-18 11:56:56+05:30,53056.6,0,0.0,0,0.0,0.0,53282.15,53308.4,52783.45,53710.35,0,0.0,0.0,0.0,0.0,-0.01,-1,-1,-0.01,-1,-1,-0.01,-1,-1,-0.01,-1,-1,-0.01,-1,-1,-0.01,-1,-1,-0.01,-1,-1,-0.01,-1,-1,-0.01,-1,-1,-0.01,-1,-1
99926009,2026-05-18 11:56:57+05:30,53056.9,0,0.0,0,0.0,0.0,53282.15,53308.4,52783.45,53710.35,0,0.0,0.0,0.0,0.0,-0.01,-1,-1,-0.01,-1,-1,-0.01,-1,-1,-0.01,-1,-1,-0.01,-1,-1,-0.01,-1,-1,-0.01,-1,-1,-0.01,-1,-1,-0.01,-1,-1,-0.01,-1,-1
99926009,2026-05-18 11:56:57+05:30,53056.25,0,0.0,0,0.0,0.0,53282.15,53308.4,52783.45,53710.35,0,0.0,0.0,0.0,0.0,-0.01,-1,-1,-0.01,-1,-1,-0.01,-1,-1,-0.01,-1,-1,-0.01,-1,-1,-0.01,-1,-1,-0.01,-1,-1,-0.01,-1,-1,-0.01,-1,-1,-0.01,-1,-1
99926009,2026-05-18 11:56:58+05:30,53056.55,0,0.0,0,0.0,0.0,53282.15,53308.4,52783.45,53710.35,0,0.0,0.0,0.0,0.0,-0.01,-1,-1,-0.01,-1,-1,-0.01,-1,-1,-0.01,-1,-1,-0.01,-1,-1,-0.01,-1,-1,-0.01,-1,-1,-0.01,-1,-1,-0.01,-1,-1,-0.01,-1,-1
99926009,2026-05-18 11:56:58+05:30,53052.3,0,0.0,0,0.0,0.0,53282.15,53308.4,52783.45,53710.35,0,0.0,0.0,0.0,0.0,-0.01,-1,-1,-0.01,-1,-1,-0.01,-1,-1,-0.01,-1,-1,-0.01,-1,-1,-0.01,-1,-1,-0.01,-1,-1,-0.01,-1,-1,-0.01,-1,-1,-0.01,-1,-1
99926009,2026-05-18 11:56:59+05:30,53055.65,0,0.0,0,0.0,0.0,53282.15,53308.4,52783.45,53710.35,0,0.0,0.0,0.0,0.0,-0.01,-1,-1,-0.01,-1,-1,-0.01,-1,-1,-0.01,-1,-1,-0.01,-1,-1,-0.01,-1,-1,-0.01,-1,-1,-0.01,-1,-1,-0.01,-1,-1,-0.01,-1,-1
99926009,2026-05-18 11:56:59+05:30,53056.05,0,0.0,0,0.0,0.0,53282.15,53308.4,52783.45,53710.35,0,0.0,0.0,0.0,0.0,-0.01,-1,-1,-0.01,-1,-1,-0.01,-1,-1,-0.01,-1,-1,-0.01,-1,-1,-0.01,-1,-1,-0.01,-1,-1,-0.01,-1,-1,-0.01,-1,-1,-0.01,-1,-1
99926009,2026-05-18 11:57:00+05:30,53056.4,0,0.0,0,0.0,0.0,53282.15,53308.4,52783.45,53710.35,0,0.0,0.0,0.0,0.0,-0.01,-1,-1,-0.01,-1,-1,-0.01,-1,-1,-0.01,-1,-1,-0.01,-1,-1,-0.01,-1,-1,-0.01,-1,-1,-0.01,-1,-1,-0.01,-1,-1,-0.01,-1,-1
99926009,2026-05-18 11:57:00+05:30,53055.65,0,0.0,0,0.0,0.0,53282.15,53308.4,52783.45,53710.35,0,0.0,0.0,0.0,0.0,-0.01,-1,-1,-0.01,-1,-1,-0.01,-1,-1,-0.01,-1,-1,-0.01,-1,-1,-0.01,-1,-1,-0.01,-1,-1,-0.01,-1,-1,-0.01,-1,-1,-0.01,-1,-1
99926009,2026-05-18 11:57:01+05:30,53057.1,0,0.0,0,0.0,0.0,53282.15,53308.4,52783.45,53710.35,0,0.0,0.0,0.0,0.0,-0.01,-1,-1,-0.01,-1,-1,-0.01,-1,-1,-0.01,-1,-1,-0.01,-1,-1,-0.01,-1,-1,-0.01,-1,-1,-0.01,-1,-1,-0.01,-1,-1,-0.01,-1,-1
99926009,2026-05-18 11:57:01+05:30,53056.4,0,0.0,0,0.0,0.0,53282.15,53308.4,52783.45,53710.35,0,0.0,0.0,0.0,0.0,-0.01,-1,-1,-0.01,-1,-1,-0.01,-1,-1,-0.01,-1,-1,-0.01,-1,-1,-0.01,-1,-1,-0.01,-1,-1,-0.01,-1,-1,-0.01,-1,-1,-0.01,-1,-1
99926009,2026-05-18 11:57:02+05:30,53057.05,0,0.0,0,0.0,0.0,53282.15,53308.4,52783.45,53710.35,0,0.0,0.0,0.0,0.0,-0.01,-1,-1,-0.01,-1,-1,-0.01,-1,-1,-0.01,-1,-1,-0.01,-1,-1,-0.01,-1,-1,-0.01,-1,-1,-0.01,-1,-1,-0.01,-1,-1,-0.01,-1,-1
99926009,2026-05-18 11:57:02+05:30,53057.65,0,0.0,0,0.0,0.0,53282.15,53308.4,52783.45,53710.35,0,0.0,0.0,0.0,0.0,-0.01,-1,-1,-0.01,-1,-1,-0.01,-1,-1,-0.01,-1,-1,-0.01,-1,-1,-0.01,-1,-1,-0.01,-1,-1,-0.01,-1,-1,-0.01,-1,-1,-0.01,-1,-1
99926009,2026-05-18 11:57:03+05:30,53055.25,0,0.0,0,0.0,0.0,53282.15,53308.4,52783.45,53710.35,0,0.0,0.0,0.0,0.0,-0.01,-1,-1,-0.01,-1,-1,-0.01,-1,-1,-0.01,-1,-1,-0.01,-1,-1,-0.01,-1,-1,-0.01,-1,-1,-0.01,-1,-1,-0.01,-1,-1,-0.01,-1,-1
99926009,2026-05-18 11:57:03+05:30,53053.6,0,0.0,0,0.0,0.0,53282.15,53308.4,52783.45,53710.35,0,0.0,0.0,0.0,0.0,-0.01,-1,-1,-0.01,-1,-1,-0.01,-1,-1,-0.01,-1,-1,-0.01,-1,-1,-0.01,-1,-1,-0.01,-1,-1,-0.01,-1,-1,-0.01,-1,-1,-0.01,-1,-1
99926009,2026-05-18 11:57:04+05:30,53055.75,0,0.0,0,0.0,0.0,53282.15,53308.4,52783.45,53710.35,0,0.0,0.0,0.0,0.0,-0.01,-1,-1,-0.01,-1,-1,-0.01,-1,-1,-0.01,-1,-1,-0.01,-1,-1,-0.01,-1,-1,-0.01,-1,-1,-0.01,-1,-1,-0.01,-1,-1,-0.01,-1,-1
99926009,2026-05-18 11:57:04+05:30,53056.55,0,0.0,0,0.0,0.0,53282.15,53308.4,52783.45,53710.35,0,0.0,0.0,0.0,0.0,-0.01,-1,-1,-0.01,-1,-1,-0.01,-1,-1,-0.01,-1,-1,-0.01,-1,-1,-0.01,-1,-1,-0.01,-1,-1,-0.01,-1,-1,-0.01,-1,-1,-0.01,-1,-1
99926009,2026-05-18 11:57:05+05:30,53058.6,0,0.0,0,0.0,0.0,53282.15,53308.4,52783.45,53710.35,0,0.0,0.0,0.0,0.0,-0.01,-1,-1,-0.01,-1,-1,-0.01,-1,-1,-0.01,-1,-1,-0.01,-1,-1,-0.01,-1,-1,-0.01,-1,-1,-0.01,-1,-1,-0.01,-1,-1,-0.01,-1,-1
99926009,2026-05-18 11:57:05+05:30,53058.4,0,0.0,0,0.0,0.0,53282.15,53308.4,52783.45,53710.35,0,0.0,0.0,0.0,0.0,-0.01,-1,-1,-0.01,-1,-1,-0.01,-1,-1,-0.01,-1,-1,-0.01,-1,-1,-0.01,-1,-1,-0.01,-1,-1,-0.01,-1,-1,-0.01,-1,-1,-0.01,-1,-1
99926009,2026-05-18 11:57:06+05:30,53056.15,0,0.0,0,0.0,0.0,53282.15,53308.4,52783.45,53710.35,0,0.0,0.0,0.0,0.0,-0.01,-1,-1,-0.01,-1,-1,-0.01,-1,-1,-0.01,-1,-1,-0.01,-1,-1,-0.01,-1,-1,-0.01,-1,-1,-0.01,-1,-1,-0.01,-1,-1,-0.01,-1,-1
99926009,2026-05-18 11:57:06+05:30,53057.7,0,0.0,0,0.0,0.0,53282.15,53308.4,52783.45,53710.35,0,0.0,0.0,0.0,0.0,-0.01,-1,-1,-0.01,-1,-1,-0.01,-1,-1,-0.01,-1,-1,-0.01,-1,-1,-0.01,-1,-1,-0.01,-1,-1,-0.01,-1,-1,-0.01,-1,-1,-0.01,-1,-1
99926009,2026-05-18 11:57:07+05:30,53058.7,0,0.0,0,0.0,0.0,53282.15,53308.4,52783.45,53710.35,0,0.0,0.0,0.0,0.0,-0.01,-1,-1,-0.01,-1,-1,-0.01,-1,-1,-0.01,-1,-1,-0.01,-1,-1,-0.01,-1,-1,-0.01,-1,-1,-0.01,-1,-1,-0.01,-1,-1,-0.01,-1,-1
99926009,2026-05-18 11:57:07+05:30,53057.95,0,0.0,0,0.0,0.0,53282.15,53308.4,52783.45,53710.35,0,0.0,0.0,0.0,0.0,-0.01,-1,-1,-0.01,-1,-1,-0.01,-1,-1,-0.01,-1,-1,-0.01,-1,-1,-0.01,-1,-1,-0.01,-1,-1,-0.01,-1,-1,-0.01,-1,-1,-0.01,-1,-1
99926009,2026-05-18 11:57:08+05:30,53056.5,0,0.0,0,0.0,0.0,53282.15,53308.4,52783.45,53710.35,0,0.0,0.0,0.0,0.0,-0.01,-1,-1,-0.01,-1,-1,-0.01,-1,-1,-0.01,-1,-1,-0.01,-1,-1,-0.01,-1,-1,-0.01,-1,-1,-0.01,-1,-1,-0.01,-1,-1,-0.01,-1,-1
99926009,2026-05-18 11:57:08+05:30,53059.0,0,0.0,0,0.0,0.0,53282.15,53308.4,52783.45,53710.35,0,0.0,0.0,0.0,0.0,-0.01,-1,-1,-0.01,-1,-1,-0.01,-1,-1,-0.01,-1,-1,-0.01,-1,-1,-0.01,-1,-1,-0.01,-1,-1,-0.01,-1,-1,-0.01,-1,-1,-0.01,-1,-1
99926009,2026-05-18 11:57:09+05:30,53059.0,0,0.0,0,0.0,0.0,53282.15,53308.4,52783.45,53710.35,0,0.0,0.0,0.0,0.0,-0.01,-1,-1,-0.01,-1,-1,-0.01,-1,-1,-0.01,-1,-1,-0.01,-1,-1,-0.01,-1,-1,-0.01,-1,-1,-0.01,-1,-1,-0.01,-1,-1,-0.01,-1,-1
99926009,2026-05-18 11:57:09+05:30,53064.6,0,0.0,0,0.0,0.0,53282.15,53308.4,52783.45,53710.35,0,0.0,0.0,0.0,0.0,-0.01,-1,-1,-0.01,-1,-1,-0.01,-1,-1,-0.01,-1,-1,-0.01,-1,-1,-0.01,-1,-1,-0.01,-1,-1,-0.01,-1,-1,-0.01,-1,-1,-0.01,-1,-1
99926009,2026-05-18 11:57:10+05:30,53062.1,0,0.0,0,0.0,0.0,53282.15,53308.4,52783.45,53710.35,0,0.0,0.0,0.0,0.0,-0.01,-1,-1,-0.01,-1,-1,-0.01,-1,-1,-0.01,-1,-1,-0.01,-1,-1,-0.01,-1,-1,-0.01,-1,-1,-0.01,-1,-1,-0.01,-1,-1,-0.01,-1,-1
99926009,2026-05-18 11:57:10+05:30,53059.25,0,0.0,0,0.0,0.0,53282.15,53308.4,52783.45,53710.35,0,0.0,0.0,0.0,0.0,-0.01,-1,-1,-0.01,-1,-1,-0.01,-1,-1,-0.01,-1,-1,-0.01,-1,-1,-0.01,-1,-1,-0.01,-1,-1,-0.01,-1,-1,-0.01,-1,-1,-0.01,-1,-1
99926009,2026-05-18 11:57:11+05:30,53057.2,0,0.0,0,0.0,0.0,53282.15,53308.4,52783.45,53710.35,0,0.0,0.0,0.0,0.0,-0.01,-1,-1,-0.01,-1,-1,-0.01,-1,-1,-0.01,-1,-1,-0.01,-1,-1,-0.01,-1,-1,-0.01,-1,-1,-0.01,-1,-1,-0.01,-1,-1,-0.01,-1,-1
99926009,2026-05-18 11:57:11+05:30,53058.95,0,0.0,0,0.0,0.0,53282.15,53308.4,52783.45,53710.35,0,0.0,0.0,0.0,0.0,-0.01,-1,-1,-0.01,-1,-1,-0.01,-1,-1,-0.01,-1,-1,-0.01,-1,-1,-0.01,-1,-1,-0.01,-1,-1,-0.01,-1,-1,-0.01,-1,-1,-0.01,-1,-1
99926009,2026-05-18 11:57:12+05:30,53055.6,0,0.0,0,0.0,0.0,53282.15,53308.4,52783.45,53710.35,0,0.0,0.0,0.0,0.0,-0.01,-1,-1,-0.01,-1,-1,-0.01,-1,-1,-0.01,-1,-1,-0.01,-1,-1,-0.01,-1,-1,-0.01,-1,-1,-0.01,-1,-1,-0.01,-1,-1,-0.01,-1,-1
99926009,2026-05-18 11:57:12+05:30,53056.1,0,0.0,0,0.0,0.0,53282.15,53308.4,52783.45,53710.35,0,0.0,0.0,0.0,0.0,-0.01,-1,-1,-0.01,-1,-1,-0.01,-1,-1,-0.01,-1,-1,-0.01,-1,-1,-0.01,-1,-1,-0.01,-1,-1,-0.01,-1,-1,-0.01,-1,-1,-0.01,-1,-1
99926009,2026-05-18 11:57:13+05:30,53057.9,0,0.0,0,0.0,0.0,53282.15,53308.4,52783.45,53710.35,0,0.0,0.0,0.0,0.0,-0.01,-1,-1,-0.01,-1,-1,-0.01,-1,-1,-0.01,-1,-1,-0.01,-1,-1,-0.01,-1,-1,-0.01,-1,-1,-0.01,-1,-1,-0.01,-1,-1,-0.01,-1,-1
99926009,2026-05-18 11:57:13+05:30,53057.6,0,0.0,0,0.0,0.0,53282.15,53308.4,52783.45,53710.35,0,0.0,0.0,0.0,0.0,-0.01,-1,-1,-0.01,-1,-1,-0.01,-1,-1,-0.01,-1,-1,-0.01,-1,-1,-0.01,-1,-1,-0.01,-1,-1,-0.01,-1,-1,-0.01,-1,-1,-0.01,-1,-1
99926009,2026-05-18 11:57:14+05:30,53057.1,0,0.0,0,0.0,0.0,53282.15,53308.4,52783.45,53710.35,0,0.0,0.0,0.0,0.0,-0.01,-1,-1,-0.01,-1,-1,-0.01,-1,-1,-0.01,-1,-1,-0.01,-1,-1,-0.01,-1,-1,-0.01,-1,-1,-0.01,-1,-1,-0.01,-1,-1,-0.01,-1,-1
99926009,2026-05-18 11:57:14+05:30,53055.45,0,0.0,0,0.0,0.0,53282.15,53308.4,52783.45,53710.35,0,0.0,0.0,0.0,0.0,-0.01,-1,-1,-0.01,-1,-1,-0.01,-1,-1,-0.01,-1,-1,-0.01,-1,-1,-0.01,-1,-1,-0.01,-1,-1,-0.01,-1,-1,-0.01,-1,-1,-0.01,-1,-1
99926009,2026-05-18 11:57:15+05:30,53058.15,0,0.0,0,0.0,0.0,53282.15,53308.4,52783.45,53710.35,0,0.0,0.0,0.0,0.0,-0.01,-1,-1,-0.01,-1,-1,-0.01,-1,-1,-0.01,-1,-1,-0.01,-1,-1,-0.01,-1,-1,-0.01,-1,-1,-0.01,-1,-1,-0.01,-1,-1,-0.01,-1,-1
99926009,2026-05-18 11:57:15+05:30,53057.5,0,0.0,0,0.0,0.0,53282.15,53308.4,52783.45,53710.35,0,0.0,0.0,0.0,0.0,-0.01,-1,-1,-0.01,-1,-1,-0.01,-1,-1,-0.01,-1,-1,-0.01,-1,-1,-0.01,-1,-1,-0.01,-1,-1,-0.01,-1,-1,-0.01,-1,-1,-0.01,-1,-1
99926009,2026-05-18 11:57:16+05:30,53057.05,0,0.0,0,0.0,0.0,53282.15,53308.4,52783.45,53710.35,0,0.0,0.0,0.0,0.0,-0.01,-1,-1,-0.01,-1,-1,-0.01,-1,-1,-0.01,-1,-1,-0.01,-1,-1,-0.01,-1,-1,-0.01,-1,-1,-0.01,-1,-1,-0.01,-1,-1,-0.01,-1,-1
99926009,2026-05-18 11:57:16+05:30,53058.9,0,0.0,0,0.0,0.0,53282.15,53308.4,52783.45,53710.35,0,0.0,0.0,0.0,0.0,-0.01,-1,-1,-0.01,-1,-1,-0.01,-1,-1,-0.01,-1,-1,-0.01,-1,-1,-0.01,-1,-1,-0.01,-1,-1,-0.01,-1,-1,-0.01,-1,-1,-0.01,-1,-1
99926009,2026-05-18 11:57:17+05:30,53058.1,0,0.0,0,0.0,0.0,53282.15,53308.4,52783.45,53710.35,0,0.0,0.0,0.0,0.0,-0.01,-1,-1,-0.01,-1,-1,-0.01,-1,-1,-0.01,-1,-1,-0.01,-1,-1,-0.01,-1,-1,-0.01,-1,-1,-0.01,-1,-1,-0.01,-1,-1,-0.01,-1,-1
99926009,2026-05-18 11:57:17+05:30,53058.85,0,0.0,0,0.0,0.0,53282.15,53308.4,52783.45,53710.35,0,0.0,0.0,0.0,0.0,-0.01,-1,-1,-0.01,-1,-1,-0.01,-1,-1,-0.01,-1,-1,-0.01,-1,-1,-0.01,-1,-1,-0.01,-1,-1,-0.01,-1,-1,-0.01,-1,-1,-0.01,-1,-1
99926009,2026-05-18 11:57:18+05:30,53060.2,0,0.0,0,0.0,0.0,53282.15,53308.4,52783.45,53710.35,0,0.0,0.0,0.0,0.0,-0.01,-1,-1,-0.01,-1,-1,-0.01,-1,-1,-0.01,-1,-1,-0.01,-1,-1,-0.01,-1,-1,-0.01,-1,-1,-0.01,-1,-1,-0.01,-1,-1,-0.01,-1,-1
99926009,2026-05-18 11:57:18+05:30,53059.7,0,0.0,0,0.0,0.0,53282.15,53308.4,52783.45,53710.35,0,0.0,0.0,0.0,0.0,-0.01,-1,-1,-0.01,-1,-1,-0.01,-1,-1,-0.01,-1,-1,-0.01,-1,-1,-0.01,-1,-1,-0.01,-1,-1,-0.01,-1,-1,-0.01,-1,-1,-0.01,-1,-1
99926009,2026-05-18 11:57:19+05:30,53055.85,0,0.0,0,0.0,0.0,53282.15,53308.4,52783.45,53710.35,0,0.0,0.0,0.0,0.0,-0.01,-1,-1,-0.01,-1,-1,-0.01,-1,-1,-0.01,-1,-1,-0.01,-1,-1,-0.01,-1,-1,-0.01,-1,-1,-0.01,-1,-1,-0.01,-1,-1,-0.01,-1,-1
99926009,2026-05-18 11:57:19+05:30,53056.35,0,0.0,0,0.0,0.0,53282.15,53308.4,52783.45,53710.35,0,0.0,0.0,0.0,0.0,-0.01,-1,-1,-0.01,-1,-1,-0.01,-1,-1,-0.01,-1,-1,-0.01,-1,-1,-0.01,-1,-1,-0.01,-1,-1,-0.01,-1,-1,-0.01,-1,-1,-0.01,-1,-1
99926009,2026-05-18 11:57:20+05:30,53058.65,0,0.0,0,0.0,0.0,53282.15,53308.4,52783.45,53710.35,0,0.0,0.0,0.0,0.0,-0.01,-1,-1,-0.01,-1,-1,-0.01,-1,-1,-0.01,-1,-1,-0.01,-1,-1,-0.01,-1,-1,-0.01,-1,-1,-0.01,-1,-1,-0.01,-1,-1,-0.01,-1,-1
99926009,2026-05-18 11:57:20+05:30,53054.6,0,0.0,0,0.0,0.0,53282.15,53308.4,52783.45,53710.35,0,0.0,0.0,0.0,0.0,-0.01,-1,-1,-0.01,-1,-1,-0.01,-1,-1,-0.01,-1,-1,-0.01,-1,-1,-0.01,-1,-1,-0.01,-1,-1,-0.01,-1,-1,-0.01,-1,-1,-0.01,-1,-1
99926009,2026-05-18 11:57:21+05:30,53057.15,0,0.0,0,0.0,0.0,53282.15,53308.4,52783.45,53710.35,0,0.0,0.0,0.0,0.0,-0.01,-1,-1,-0.01,-1,-1,-0.01,-1,-1,-0.01,-1,-1,-0.01,-1,-1,-0.01,-1,-1,-0.01,-1,-1,-0.01,-1,-1,-0.01,-1,-1,-0.01,-1,-1
99926009,2026-05-18 11:57:21+05:30,53058.6,0,0.0,0,0.0,0.0,53282.15,53308.4,52783.45,53710.35,0,0.0,0.0,0.0,0.0,-0.01,-1,-1,-0.01,-1,-1,-0.01,-1,-1,-0.01,-1,-1,-0.01,-1,-1,-0.01,-1,-1,-0.01,-1,-1,-0.01,-1,-1,-0.01,-1,-1,-0.01,-1,-1
99926009,2026-05-18 11:57:22+05:30,53058.5,0,0.0,0,0.0,0.0,53282.15,53308.4,52783.45,53710.35,0,0.0,0.0,0.0,0.0,-0.01,-1,-1,-0.01,-1,-1,-0.01,-1,-1,-0.01,-1,-1,-0.01,-1,-1,-0.01,-1,-1,-0.01,-1,-1,-0.01,-1,-1,-0.01,-1,-1,-0.01,-1,-1
99926009,2026-05-18 11:57:22+05:30,53058.5,0,0.0,0,0.0,0.0,53282.15,53308.4,52783.45,53710.35,0,0.0,0.0,0.0,0.0,-0.01,-1,-1,-0.01,-1,-1,-0.01,-1,-1,-0.01,-1,-1,-0.01,-1,-1,-0.01,-1,-1,-0.01,-1,-1,-0.01,-1,-1,-0.01,-1,-1,-0.01,-1,-1
99926009,2026-05-18 11:57:23+05:30,53056.8,0,0.0,0,0.0,0.0,53282.15,53308.4,52783.45,53710.35,0,0.0,0.0,0.0,0.0,-0.01,-1,-1,-0.01,-1,-1,-0.01,-1,-1,-0.01,-1,-1,-0.01,-1,-1,-0.01,-1,-1,-0.01,-1,-1,-0.01,-1,-1,-0.01,-1,-1,-0.01,-1,-1
99926009,2026-05-18 11:57:23+05:30,53055.7,0,0.0,0,0.0,0.0,53282.15,53308.4,52783.45,53710.35,0,0.0,0.0,0.0,0.0,-0.01,-1,-1,-0.01,-1,-1,-0.01,-1,-1,-0.01,-1,-1,-0.01,-1,-1,-0.01,-1,-1,-0.01,-1,-1,-0.01,-1,-1,-0.01,-1,-1,-0.01,-1,-1
99926009,2026-05-18 11:57:24+05:30,53056.35,0,0.0,0,0.0,0.0,53282.15,53308.4,52783.45,53710.35,0,0.0,0.0,0.0,0.0,-0.01,-1,-1,-0.01,-1,-1,-0.01,-1,-1,-0.01,-1,-1,-0.01,-1,-1,-0.01,-1,-1,-0.01,-1,-1,-0.01,-1,-1,-0.01,-1,-1,-0.01,-1,-1
99926009,2026-05-18 11:57:24+05:30,53055.05,0,0.0,0,0.0,0.0,53282.15,53308.4,52783.45,53710.35,0,0.0,0.0,0.0,0.0,-0.01,-1,-1,-0.01,-1,-1,-0.01,-1,-1,-0.01,-1,-1,-0.01,-1,-1,-0.01,-1,-1,-0.01,-1,-1,-0.01,-1,-1,-0.01,-1,-1,-0.01,-1,-1
99926009,2026-05-18 11:57:25+05:30,53058.35,0,0.0,0,0.0,0.0,53282.15,53308.4,52783.45,53710.35,0,0.0,0.0,0.0,0.0,-0.01,-1,-1,-0.01,-1,-1,-0.01,-1,-1,-0.01,-1,-1,-0.01,-1,-1,-0.01,-1,-1,-0.01,-1,-1,-0.01,-1,-1,-0.01,-1,-1,-0.01,-1,-1
99926009,2026-05-18 11:57:25+05:30,53056.15,0,0.0,0,0.0,0.0,53282.15,53308.4,52783.45,53710.35,0,0.0,0.0,0.0,0.0,-0.01,-1,-1,-0.01,-1,-1,-0.01,-1,-1,-0.01,-1,-1,-0.01,-1,-1,-0.01,-1,-1,-0.01,-1,-1,-0.01,-1,-1,-0.01,-1,-1,-0.01,-1,-1
99926009,2026-05-18 11:57:26+05:30,53055.0,0,0.0,0,0.0,0.0,53282.15,53308.4,52783.45,53710.35,0,0.0,0.0,0.0,0.0,-0.01,-1,-1,-0.01,-1,-1,-0.01,-1,-1,-0.01,-1,-1,-0.01,-1,-1,-0.01,-1,-1,-0.01,-1,-1,-0.01,-1,-1,-0.01,-1,-1,-0.01,-1,-1
99926009,2026-05-18 11:57:26+05:30,53059.85,0,0.0,0,0.0,0.0,53282.15,53308.4,52783.45,53710.35,0,0.0,0.0,0.0,0.0,-0.01,-1,-1,-0.01,-1,-1,-0.01,-1,-1,-0.01,-1,-1,-0.01,-1,-1,-0.01,-1,-1,-0.01,-1,-1,-0.01,-1,-1,-0.01,-1,-1,-0.01,-1,-1
99926009,2026-05-18 11:57:27+05:30,53059.95,0,0.0,0,0.0,0.0,53282.15,53308.4,52783.45,53710.35,0,0.0,0.0,0.0,0.0,-0.01,-1,-1,-0.01,-1,-1,-0.01,-1,-1,-0.01,-1,-1,-0.01,-1,-1,-0.01,-1,-1,-0.01,-1,-1,-0.01,-1,-1,-0.01,-1,-1,-0.01,-1,-1
99926009,2026-05-18 11:57:27+05:30,53058.85,0,0.0,0,0.0,0.0,53282.15,53308.4,52783.45,53710.35,0,0.0,0.0,0.0,0.0,-0.01,-1,-1,-0.01,-1,-1,-0.01,-1,-1,-0.01,-1,-1,-0.01,-1,-1,-0.01,-1,-1,-0.01,-1,-1,-0.01,-1,-1,-0.01,-1,-1,-0.01,-1,-1
99926009,2026-05-18 11:57:28+05:30,53058.85,0,0.0,0,0.0,0.0,53282.15,53308.4,52783.45,53710.35,0,0.0,0.0,0.0,0.0,-0.01,-1,-1,-0.01,-1,-1,-0.01,-1,-1,-0.01,-1,-1,-0.01,-1,-1,-0.01,-1,-1,-0.01,-1,-1,-0.01,-1,-1,-0.01,-1,-1,-0.01,-1,-1
99926009,2026-05-18 11:57:28+05:30,53057.35,0,0.0,0,0.0,0.0,53282.15,53308.4,52783.45,53710.35,0,0.0,0.0,0.0,0.0,-0.01,-1,-1,-0.01,-1,-1,-0.01,-1,-1,-0.01,-1,-1,-0.01,-1,-1,-0.01,-1,-1,-0.01,-1,-1,-0.01,-1,-1,-0.01,-1,-1,-0.01,-1,-1
99926009,2026-05-18 11:57:29+05:30,53057.05,0,0.0,0,0.0,0.0,53282.15,53308.4,52783.45,53710.35,0,0.0,0.0,0.0,0.0,-0.01,-1,-1,-0.01,-1,-1,-0.01,-1,-1,-0.01,-1,-1,-0.01,-1,-1,-0.01,-1,-1,-0.01,-1,-1,-0.01,-1,-1,-0.01,-1,-1,-0.01,-1,-1
99926009,2026-05-18 11:57:29+05:30,53058.0,0,0.0,0,0.0,0.0,53282.15,53308.4,52783.45,53710.35,0,0.0,0.0,0.0,0.0,-0.01,-1,-1,-0.01,-1,-1,-0.01,-1,-1,-0.01,-1,-1,-0.01,-1,-1,-0.01,-1,-1,-0.01,-1,-1,-0.01,-1,-1,-0.01,-1,-1,-0.01,-1,-1
99926009,2026-05-18 11:57:30+05:30,53060.75,0,0.0,0,0.0,0.0,53282.15,53308.4,52783.45,53710.35,0,0.0,0.0,0.0,0.0,-0.01,-1,-1,-0.01,-1,-1,-0.01,-1,-1,-0.01,-1,-1,-0.01,-1,-1,-0.01,-1,-1,-0.01,-1,-1,-0.01,-1,-1,-0.01,-1,-1,-0.01,-1,-1
99926009,2026-05-18 11:57:30+05:30,53060.8,0,0.0,0,0.0,0.0,53282.15,53308.4,52783.45,53710.35,0,0.0,0.0,0.0,0.0,-0.01,-1,-1,-0.01,-1,-1,-0.01,-1,-1,-0.01,-1,-1,-0.01,-1,-1,-0.01,-1,-1,-0.01,-1,-1,-0.01,-1,-1,-0.01,-1,-1,-0.01,-1,-1
99926009,2026-05-18 11:57:31+05:30,53061.9,0,0.0,0,0.0,0.0,53282.15,53308.4,52783.45,53710.35,0,0.0,0.0,0.0,0.0,-0.01,-1,-1,-0.01,-1,-1,-0.01,-1,-1,-0.01,-1,-1,-0.01,-1,-1,-0.01,-1,-1,-0.01,-1,-1,-0.01,-1,-1,-0.01,-1,-1,-0.01,-1,-1
99926009,2026-05-18 11:57:31+05:30,53060.2,0,0.0,0,0.0,0.0,53282.15,53308.4,52783.45,53710.35,0,0.0,0.0,0.0,0.0,-0.01,-1,-1,-0.01,-1,-1,-0.01,-1,-1,-0.01,-1,-1,-0.01,-1,-1,-0.01,-1,-1,-0.01,-1,-1,-0.01,-1,-1,-0.01,-1,-1,-0.01,-1,-1
99926009,2026-05-18 11:57:32+05:30,53057.85,0,0.0,0,0.0,0.0,53282.15,53308.4,52783.45,53710.35,0,0.0,0.0,0.0,0.0,-0.01,-1,-1,-0.01,-1,-1,-0.01,-1,-1,-0.01,-1,-1,-0.01,-1,-1,-0.01,-1,-1,-0.01,-1,-1,-0.01,-1,-1,-0.01,-1,-1,-0.01,-1,-1
99926009,2026-05-18 11:57:32+05:30,53059.9,0,0.0,0,0.0,0.0,53282.15,53308.4,52783.45,53710.35,0,0.0,0.0,0.0,0.0,-0.01,-1,-1,-0.01,-1,-1,-0.01,-1,-1,-0.01,-1,-1,-0.01,-1,-1,-0.01,-1,-1,-0.01,-1,-1,-0.01,-1,-1,-0.01,-1,-1,-0.01,-1,-1
99926009,2026-05-18 11:57:33+05:30,53061.4,0,0.0,0,0.0,0.0,53282.15,53308.4,52783.45,53710.35,0,0.0,0.0,0.0,0.0,-0.01,-1,-1,-0.01,-1,-1,-0.01,-1,-1,-0.01,-1,-1,-0.01,-1,-1,-0.01,-1,-1,-0.01,-1,-1,-0.01,-1,-1,-0.01,-1,-1,-0.01,-1,-1
99926009,2026-05-18 11:57:33+05:30,53061.1,0,0.0,0,0.0,0.0,53282.15,53308.4,52783.45,53710.35,0,0.0,0.0,0.0,0.0,-0.01,-1,-1,-0.01,-1,-1,-0.01,-1,-1,-0.01,-1,-1,-0.01,-1,-1,-0.01,-1,-1,-0.01,-1,-1,-0.01,-1,-1,-0.01,-1,-1,-0.01,-1,-1
99926009,2026-05-18 11:57:34+05:30,53061.5,0,0.0,0,0.0,0.0,53282.15,53308.4,52783.45,53710.35,0,0.0,0.0,0.0,0.0,-0.01,-1,-1,-0.01,-1,-1,-0.01,-1,-1,-0.01,-1,-1,-0.01,-1,-1,-0.01,-1,-1,-0.01,-1,-1,-0.01,-1,-1,-0.01,-1,-1,-0.01,-1,-1
99926009,2026-05-18 11:57:34+05:30,53060.3,0,0.0,0,0.0,0.0,53282.15,53308.4,52783.45,53710.35,0,0.0,0.0,0.0,0.0,-0.01,-1,-1,-0.01,-1,-1,-0.01,-1,-1,-0.01,-1,-1,-0.01,-1,-1,-0.01,-1,-1,-0.01,-1,-1,-0.01,-1,-1,-0.01,-1,-1,-0.01,-1,-1
99926009,2026-05-18 11:57:35+05:30,53058.0,0,0.0,0,0.0,0.0,53282.15,53308.4,52783.45,53710.35,0,0.0,0.0,0.0,0.0,-0.01,-1,-1,-0.01,-1,-1,-0.01,-1,-1,-0.01,-1,-1,-0.01,-1,-1,-0.01,-1,-1,-0.01,-1,-1,-0.01,-1,-1,-0.01,-1,-1,-0.01,-1,-1
99926009,2026-05-18 11:57:35+05:30,53057.6,0,0.0,0,0.0,0.0,53282.15,53308.4,52783.45,53710.35,0,0.0,0.0,0.0,0.0,-0.01,-1,-1,-0.01,-1,-1,-0.01,-1,-1,-0.01,-1,-1,-0.01,-1,-1,-0.01,-1,-1,-0.01,-1,-1,-0.01,-1,-1,-0.01,-1,-1,-0.01,-1,-1
99926009,2026-05-18 11:57:36+05:30,53055.25,0,0.0,0,0.0,0.0,53282.15,53308.4,52783.45,53710.35,0,0.0,0.0,0.0,0.0,-0.01,-1,-1,-0.01,-1,-1,-0.01,-1,-1,-0.01,-1,-1,-0.01,-1,-1,-0.01,-1,-1,-0.01,-1,-1,-0.01,-1,-1,-0.01,-1,-1,-0.01,-1,-1
99926009,2026-05-18 11:57:36+05:30,53060.0,0,0.0,0,0.0,0.0,53282.15,53308.4,52783.45,53710.35,0,0.0,0.0,0.0,0.0,-0.01,-1,-1,-0.01,-1,-1,-0.01,-1,-1,-0.01,-1,-1,-0.01,-1,-1,-0.01,-1,-1,-0.01,-1,-1,-0.01,-1,-1,-0.01,-1,-1,-0.01,-1,-1
99926009,2026-05-18 11:57:37+05:30,53059.55,0,0.0,0,0.0,0.0,53282.15,53308.4,52783.45,53710.35,0,0.0,0.0,0.0,0.0,-0.01,-1,-1,-0.01,-1,-1,-0.01,-1,-1,-0.01,-1,-1,-0.01,-1,-1,-0.01,-1,-1,-0.01,-1,-1,-0.01,-1,-1,-0.01,-1,-1,-0.01,-1,-1
99926009,2026-05-18 11:57:37+05:30,53056.15,0,0.0,0,0.0,0.0,53282.15,53308.4,52783.45,53710.35,0,0.0,0.0,0.0,0.0,-0.01,-1,-1,-0.01,-1,-1,-0.01,-1,-1,-0.01,-1,-1,-0.01,-1,-1,-0.01,-1,-1,-0.01,-1,-1,-0.01,-1,-1,-0.01,-1,-1,-0.01,-1,-1
99926009,2026-05-18 11:57:38+05:30,53055.5,0,0.0,0,0.0,0.0,53282.15,53308.4,52783.45,53710.35,0,0.0,0.0,0.0,0.0,-0.01,-1,-1,-0.01,-1,-1,-0.01,-1,-1,-0.01,-1,-1,-0.01,-1,-1,-0.01,-1,-1,-0.01,-1,-1,-0.01,-1,-1,-0.01,-1,-1,-0.01,-1,-1
99926009,2026-05-18 11:57:38+05:30,53056.15,0,0.0,0,0.0,0.0,53282.15,53308.4,52783.45,53710.35,0,0.0,0.0,0.0,0.0,-0.01,-1,-1,-0.01,-1,-1,-0.01,-1,-1,-0.01,-1,-1,-0.01,-1,-1,-0.01,-1,-1,-0.01,-1,-1,-0.01,-1,-1,-0.01,-1,-1,-0.01,-1,-1
99926009,2026-05-18 11:57:39+05:30,53054.8,0,0.0,0,0.0,0.0,53282.15,53308.4,52783.45,53710.35,0,0.0,0.0,0.0,0.0,-0.01,-1,-1,-0.01,-1,-1,-0.01,-1,-1,-0.01,-1,-1,-0.01,-1,-1,-0.01,-1,-1,-0.01,-1,-1,-0.01,-1,-1,-0.01,-1,-1,-0.01,-1,-1
99926009,2026-05-18 11:57:39+05:30,53052.2,0,0.0,0,0.0,0.0,53282.15,53308.4,52783.45,53710.35,0,0.0,0.0,0.0,0.0,-0.01,-1,-1,-0.01,-1,-1,-0.01,-1,-1,-0.01,-1,-1,-0.01,-1,-1,-0.01,-1,-1,-0.01,-1,-1,-0.01,-1,-1,-0.01,-1,-1,-0.01,-1,-1
99926009,2026-05-18 11:57:40+05:30,53056.3,0,0.0,0,0.0,0.0,53282.15,53308.4,52783.45,53710.35,0,0.0,0.0,0.0,0.0,-0.01,-1,-1,-0.01,-1,-1,-0.01,-1,-1,-0.01,-1,-1,-0.01,-1,-1,-0.01,-1,-1,-0.01,-1,-1,-0.01,-1,-1,-0.01,-1,-1,-0.01,-1,-1
99926009,2026-05-18 11:57:40+05:30,53057.05,0,0.0,0,0.0,0.0,53282.15,53308.4,52783.45,53710.35,0,0.0,0.0,0.0,0.0,-0.01,-1,-1,-0.01,-1,-1,-0.01,-1,-1,-0.01,-1,-1,-0.01,-1,-1,-0.01,-1,-1,-0.01,-1,-1,-0.01,-1,-1,-0.01,-1,-1,-0.01,-1,-1
99926009,2026-05-18 11:57:41+05:30,53056.4,0,0.0,0,0.0,0.0,53282.15,53308.4,52783.45,53710.35,0,0.0,0.0,0.0,0.0,-0.01,-1,-1,-0.01,-1,-1,-0.01,-1,-1,-0.01,-1,-1,-0.01,-1,-1,-0.01,-1,-1,-0.01,-1,-1,-0.01,-1,-1,-0.01,-1,-1,-0.01,-1,-1
99926009,2026-05-18 11:57:41+05:30,53058.2,0,0.0,0,0.0,0.0,53282.15,53308.4,52783.45,53710.35,0,0.0,0.0,0.0,0.0,-0.01,-1,-1,-0.01,-1,-1,-0.01,-1,-1,-0.01,-1,-1,-0.01,-1,-1,-0.01,-1,-1,-0.01,-1,-1,-0.01,-1,-1,-0.01,-1,-1,-0.01,-1,-1
99926009,2026-05-18 11:57:42+05:30,53056.4,0,0.0,0,0.0,0.0,53282.15,53308.4,52783.45,53710.35,0,0.0,0.0,0.0,0.0,-0.01,-1,-1,-0.01,-1,-1,-0.01,-1,-1,-0.01,-1,-1,-0.01,-1,-1,-0.01,-1,-1,-0.01,-1,-1,-0.01,-1,-1,-0.01,-1,-1,-0.01,-1,-1
99926009,2026-05-18 11:57:42+05:30,53055.0,0,0.0,0,0.0,0.0,53282.15,53308.4,52783.45,53710.35,0,0.0,0.0,0.0,0.0,-0.01,-1,-1,-0.01,-1,-1,-0.01,-1,-1,-0.01,-1,-1,-0.01,-1,-1,-0.01,-1,-1,-0.01,-1,-1,-0.01,-1,-1,-0.01,-1,-1,-0.01,-1,-1
99926009,2026-05-18 11:57:43+05:30,53058.85,0,0.0,0,0.0,0.0,53282.15,53308.4,52783.45,53710.35,0,0.0,0.0,0.0,0.0,-0.01,-1,-1,-0.01,-1,-1,-0.01,-1,-1,-0.01,-1,-1,-0.01,-1,-1,-0.01,-1,-1,-0.01,-1,-1,-0.01,-1,-1,-0.01,-1,-1,-0.01,-1,-1
99926009,2026-05-18 11:57:43+05:30,53058.6,0,0.0,0,0.0,0.0,53282.15,53308.4,52783.45,53710.35,0,0.0,0.0,0.0,0.0,-0.01,-1,-1,-0.01,-1,-1,-0.01,-1,-1,-0.01,-1,-1,-0.01,-1,-1,-0.01,-1,-1,-0.01,-1,-1,-0.01,-1,-1,-0.01,-1,-1,-0.01,-1,-1
99926009,2026-05-18 11:57:44+05:30,53055.25,0,0.0,0,0.0,0.0,53282.15,53308.4,52783.45,53710.35,0,0.0,0.0,0.0,0.0,-0.01,-1,-1,-0.01,-1,-1,-0.01,-1,-1,-0.01,-1,-1,-0.01,-1,-1,-0.01,-1,-1,-0.01,-1,-1,-0.01,-1,-1,-0.01,-1,-1,-0.01,-1,-1
99926009,2026-05-18 11:57:44+05:30,53053.85,0,0.0,0,0.0,0.0,53282.15,53308.4,52783.45,53710.35,0,0.0,0.0,0.0,0.0,-0.01,-1,-1,-0.01,-1,-1,-0.01,-1,-1,-0.01,-1,-1,-0.01,-1,-1,-0.01,-1,-1,-0.01,-1,-1,-0.01,-1,-1,-0.01,-1,-1,-0.01,-1,-1
99926009,2026-05-18 11:57:45+05:30,53052.5,0,0.0,0,0.0,0.0,53282.15,53308.4,52783.45,53710.35,0,0.0,0.0,0.0,0.0,-0.01,-1,-1,-0.01,-1,-1,-0.01,-1,-1,-0.01,-1,-1,-0.01,-1,-1,-0.01,-1,-1,-0.01,-1,-1,-0.01,-1,-1,-0.01,-1,-1,-0.01,-1,-1
99926009,2026-05-18 11:57:45+05:30,53054.95,0,0.0,0,0.0,0.0,53282.15,53308.4,52783.45,53710.35,0,0.0,0.0,0.0,0.0,-0.01,-1,-1,-0.01,-1,-1,-0.01,-1,-1,-0.01,-1,-1,-0.01,-1,-1,-0.01,-1,-1,-0.01,-1,-1,-0.01,-1,-1,-0.01,-1,-1,-0.01,-1,-1
99926009,2026-05-18 11:57:46+05:30,53057.45,0,0.0,0,0.0,0.0,53282.15,53308.4,52783.45,53710.35,0,0.0,0.0,0.0,0.0,-0.01,-1,-1,-0.01,-1,-1,-0.01,-1,-1,-0.01,-1,-1,-0.01,-1,-1,-0.01,-1,-1,-0.01,-1,-1,-0.01,-1,-1,-0.01,-1,-1,-0.01,-1,-1
99926009,2026-05-18 11:57:46+05:30,53055.4,0,0.0,0,0.0,0.0,53282.15,53308.4,52783.45,53710.35,0,0.0,0.0,0.0,0.0,-0.01,-1,-1,-0.01,-1,-1,-0.01,-1,-1,-0.01,-1,-1,-0.01,-1,-1,-0.01,-1,-1,-0.01,-1,-1,-0.01,-1,-1,-0.01,-1,-1,-0.01,-1,-1
99926009,2026-05-18 11:57:47+05:30,53055.75,0,0.0,0,0.0,0.0,53282.15,53308.4,52783.45,53710.35,0,0.0,0.0,0.0,0.0,-0.01,-1,-1,-0.01,-1,-1,-0.01,-1,-1,-0.01,-1,-1,-0.01,-1,-1,-0.01,-1,-1,-0.01,-1,-1,-0.01,-1,-1,-0.01,-1,-1,-0.01,-1,-1
99926009,2026-05-18 11:57:47+05:30,53055.5,0,0.0,0,0.0,0.0,53282.15,53308.4,52783.45,53710.35,0,0.0,0.0,0.0,0.0,-0.01,-1,-1,-0.01,-1,-1,-0.01,-1,-1,-0.01,-1,-1,-0.01,-1,-1,-0.01,-1,-1,-0.01,-1,-1,-0.01,-1,-1,-0.01,-1,-1,-0.01,-1,-1
99926009,2026-05-18 11:57:48+05:30,53056.15,0,0.0,0,0.0,0.0,53282.15,53308.4,52783.45,53710.35,0,0.0,0.0,0.0,0.0,-0.01,-1,-1,-0.01,-1,-1,-0.01,-1,-1,-0.01,-1,-1,-0.01,-1,-1,-0.01,-1,-1,-0.01,-1,-1,-0.01,-1,-1,-0.01,-1,-1,-0.01,-1,-1
99926009,2026-05-18 11:57:48+05:30,53057.95,0,0.0,0,0.0,0.0,53282.15,53308.4,52783.45,53710.35,0,0.0,0.0,0.0,0.0,-0.01,-1,-1,-0.01,-1,-1,-0.01,-1,-1,-0.01,-1,-1,-0.01,-1,-1,-0.01,-1,-1,-0.01,-1,-1,-0.01,-1,-1,-0.01,-1,-1,-0.01,-1,-1
99926009,2026-05-18 11:57:49+05:30,53058.45,0,0.0,0,0.0,0.0,53282.15,53308.4,52783.45,53710.35,0,0.0,0.0,0.0,0.0,-0.01,-1,-1,-0.01,-1,-1,-0.01,-1,-1,-0.01,-1,-1,-0.01,-1,-1,-0.01,-1,-1,-0.01,-1,-1,-0.01,-1,-1,-0.01,-1,-1,-0.01,-1,-1
99926009,2026-05-18 11:57:49+05:30,53056.05,0,0.0,0,0.0,0.0,53282.15,53308.4,52783.45,53710.35,0,0.0,0.0,0.0,0.0,-0.01,-1,-1,-0.01,-1,-1,-0.01,-1,-1,-0.01,-1,-1,-0.01,-1,-1,-0.01,-1,-1,-0.01,-1,-1,-0.01,-1,-1,-0.01,-1,-1,-0.01,-1,-1
99926009,2026-05-18 11:57:50+05:30,53061.65,0,0.0,0,0.0,0.0,53282.15,53308.4,52783.45,53710.35,0,0.0,0.0,0.0,0.0,-0.01,-1,-1,-0.01,-1,-1,-0.01,-1,-1,-0.01,-1,-1,-0.01,-1,-1,-0.01,-1,-1,-0.01,-1,-1,-0.01,-1,-1,-0.01,-1,-1,-0.01,-1,-1
99926009,2026-05-18 11:57:50+05:30,53059.95,0,0.0,0,0.0,0.0,53282.15,53308.4,52783.45,53710.35,0,0.0,0.0,0.0,0.0,-0.01,-1,-1,-0.01,-1,-1,-0.01,-1,-1,-0.01,-1,-1,-0.01,-1,-1,-0.01,-1,-1,-0.01,-1,-1,-0.01,-1,-1,-0.01,-1,-1,-0.01,-1,-1
99926009,2026-05-18 11:57:51+05:30,53059.6,0,0.0,0,0.0,0.0,53282.15,53308.4,52783.45,53710.35,0,0.0,0.0,0.0,0.0,-0.01,-1,-1,-0.01,-1,-1,-0.01,-1,-1,-0.01,-1,-1,-0.01,-1,-1,-0.01,-1,-1,-0.01,-1,-1,-0.01,-1,-1,-0.01,-1,-1,-0.01,-1,-1
99926009,2026-05-18 11:57:51+05:30,53057.0,0,0.0,0,0.0,0.0,53282.15,53308.4,52783.45,53710.35,0,0.0,0.0,0.0,0.0,-0.01,-1,-1,-0.01,-1,-1,-0.01,-1,-1,-0.01,-1,-1,-0.01,-1,-1,-0.01,-1,-1,-0.01,-1,-1,-0.01,-1,-1,-0.01,-1,-1,-0.01,-1,-1
99926009,2026-05-18 11:57:52+05:30,53059.75,0,0.0,0,0.0,0.0,53282.15,53308.4,52783.45,53710.35,0,0.0,0.0,0.0,0.0,-0.01,-1,-1,-0.01,-1,-1,-0.01,-1,-1,-0.01,-1,-1,-0.01,-1,-1,-0.01,-1,-1,-0.01,-1,-1,-0.01,-1,-1,-0.01,-1,-1,-0.01,-1,-1
99926009,2026-05-18 11:57:52+05:30,53056.95,0,0.0,0,0.0,0.0,53282.15,53308.4,52783.45,53710.35,0,0.0,0.0,0.0,0.0,-0.01,-1,-1,-0.01,-1,-1,-0.01,-1,-1,-0.01,-1,-1,-0.01,-1,-1,-0.01,-1,-1,-0.01,-1,-1,-0.01,-1,-1,-0.01,-1,-1,-0.01,-1,-1
99926009,2026-05-18 11:57:53+05:30,53058.8,0,0.0,0,0.0,0.0,53282.15,53308.4,52783.45,53710.35,0,0.0,0.0,0.0,0.0,-0.01,-1,-1,-0.01,-1,-1,-0.01,-1,-1,-0.01,-1,-1,-0.01,-1,-1,-0.01,-1,-1,-0.01,-1,-1,-0.01,-1,-1,-0.01,-1,-1,-0.01,-1,-1
99926009,2026-05-18 11:57:53+05:30,53057.25,0,0.0,0,0.0,0.0,53282.15,53308.4,52783.45,53710.35,0,0.0,0.0,0.0,0.0,-0.01,-1,-1,-0.01,-1,-1,-0.01,-1,-1,-0.01,-1,-1,-0.01,-1,-1,-0.01,-1,-1,-0.01,-1,-1,-0.01,-1,-1,-0.01,-1,-1,-0.01,-1,-1
99926009,2026-05-18 11:57:54+05:30,53055.9,0,0.0,0,0.0,0.0,53282.15,53308.4,52783.45,53710.35,0,0.0,0.0,0.0,0.0,-0.01,-1,-1,-0.01,-1,-1,-0.01,-1,-1,-0.01,-1,-1,-0.01,-1,-1,-0.01,-1,-1,-0.01,-1,-1,-0.01,-1,-1,-0.01,-1,-1,-0.01,-1,-1
99926009,2026-05-18 11:57:54+05:30,53058.3,0,0.0,0,0.0,0.0,53282.15,53308.4,52783.45,53710.35,0,0.0,0.0,0.0,0.0,-0.01,-1,-1,-0.01,-1,-1,-0.01,-1,-1,-0.01,-1,-1,-0.01,-1,-1,-0.01,-1,-1,-0.01,-1,-1,-0.01,-1,-1,-0.01,-1,-1,-0.01,-1,-1
99926009,2026-05-18 11:57:55+05:30,53060.2,0,0.0,0,0.0,0.0,53282.15,53308.4,52783.45,53710.35,0,0.0,0.0,0.0,0.0,-0.01,-1,-1,-0.01,-1,-1,-0.01,-1,-1,-0.01,-1,-1,-0.01,-1,-1,-0.01,-1,-1,-0.01,-1,-1,-0.01,-1,-1,-0.01,-1,-1,-0.01,-1,-1
99926009,2026-05-18 11:57:55+05:30,53059.2,0,0.0,0,0.0,0.0,53282.15,53308.4,52783.45,53710.35,0,0.0,0.0,0.0,0.0,-0.01,-1,-1,-0.01,-1,-1,-0.01,-1,-1,-0.01,-1,-1,-0.01,-1,-1,-0.01,-1,-1,-0.01,-1,-1,-0.01,-1,-1,-0.01,-1,-1,-0.01,-1,-1
99926009,2026-05-18 11:57:56+05:30,53056.8,0,0.0,0,0.0,0.0,53282.15,53308.4,52783.45,53710.35,0,0.0,0.0,0.0,0.0,-0.01,-1,-1,-0.01,-1,-1,-0.01,-1,-1,-0.01,-1,-1,-0.01,-1,-1,-0.01,-1,-1,-0.01,-1,-1,-0.01,-1,-1,-0.01,-1,-1,-0.01,-1,-1
99926009,2026-05-18 11:57:56+05:30,53056.25,0,0.0,0,0.0,0.0,53282.15,53308.4,52783.45,53710.35,0,0.0,0.0,0.0,0.0,-0.01,-1,-1,-0.01,-1,-1,-0.01,-1,-1,-0.01,-1,-1,-0.01,-1,-1,-0.01,-1,-1,-0.01,-1,-1,-0.01,-1,-1,-0.01,-1,-1,-0.01,-1,-1
99926009,2026-05-18 11:57:57+05:30,53055.7,0,0.0,0,0.0,0.0,53282.15,53308.4,52783.45,53710.35,0,0.0,0.0,0.0,0.0,-0.01,-1,-1,-0.01,-1,-1,-0.01,-1,-1,-0.01,-1,-1,-0.01,-1,-1,-0.01,-1,-1,-0.01,-1,-1,-0.01,-1,-1,-0.01,-1,-1,-0.01,-1,-1
99926009,2026-05-18 11:57:57+05:30,53059.2,0,0.0,0,0.0,0.0,53282.15,53308.4,52783.45,53710.35,0,0.0,0.0,0.0,0.0,-0.01,-1,-1,-0.01,-1,-1,-0.01,-1,-1,-0.01,-1,-1,-0.01,-1,-1,-0.01,-1,-1,-0.01,-1,-1,-0.01,-1,-1,-0.01,-1,-1,-0.01,-1,-1
99926009,2026-05-18 11:57:58+05:30,53055.5,0,0.0,0,0.0,0.0,53282.15,53308.4,52783.45,53710.35,0,0.0,0.0,0.0,0.0,-0.01,-1,-1,-0.01,-1,-1,-0.01,-1,-1,-0.01,-1,-1,-0.01,-1,-1,-0.01,-1,-1,-0.01,-1,-1,-0.01,-1,-1,-0.01,-1,-1,-0.01,-1,-1
99926009,2026-05-18 11:57:58+05:30,53056.45,0,0.0,0,0.0,0.0,53282.15,53308.4,52783.45,53710.35,0,0.0,0.0,0.0,0.0,-0.01,-1,-1,-0.01,-1,-1,-0.01,-1,-1,-0.01,-1,-1,-0.01,-1,-1,-0.01,-1,-1,-0.01,-1,-1,-0.01,-1,-1,-0.01,-1,-1,-0.01,-1,-1
99926009,2026-05-18 11:57:59+05:30,53058.05,0,0.0,0,0.0,0.0,53282.15,53308.4,52783.45,53710.35,0,0.0,0.0,0.0,0.0,-0.01,-1,-1,-0.01,-1,-1,-0.01,-1,-1,-0.01,-1,-1,-0.01,-1,-1,-0.01,-1,-1,-0.01,-1,-1,-0.01,-1,-1,-0.01,-1,-1,-0.01,-1,-1
99926009,2026-05-18 11:57:59+05:30,53056.25,0,0.0,0,0.0,0.0,53282.15,53308.4,52783.45,53710.35,0,0.0,0.0,0.0,0.0,-0.01,-1,-1,-0.01,-1,-1,-0.01,-1,-1,-0.01,-1,-1,-0.01,-1,-1,-0.01,-1,-1,-0.01,-1,-1,-0.01,-1,-1,-0.01,-1,-1,-0.01,-1,-1
99926009,2026-05-18 11:58:00+05:30,53055.25,0,0.0,0,0.0,0.0,53282.15,53308.4,52783.45,53710.35,0,0.0,0.0,0.0,0.0,-0.01,-1,-1,-0.01,-1,-1,-0.01,-1,-1,-0.01,-1,-1,-0.01,-1,-1,-0.01,-1,-1,-0.01,-1,-1,-0.01,-1,-1,-0.01,-1,-1,-0.01,-1,-1
99926009,2026-05-18 11:58:00+05:30,53053.6,0,0.0,0,0.0,0.0,53282.15,53308.4,52783.45,53710.35,0,0.0,0.0,0.0,0.0,-0.01,-1,-1,-0.01,-1,-1,-0.01,-1,-1,-0.01,-1,-1,-0.01,-1,-1,-0.01,-1,-1,-0.01,-1,-1,-0.01,-1,-1,-0.01,-1,-1,-0.01,-1,-1
99926009,2026-05-18 11:58:01+05:30,53056.6,0,0.0,0,0.0,0.0,53282.15,53308.4,52783.45,53710.35,0,0.0,0.0,0.0,0.0,-0.01,-1,-1,-0.01,-1,-1,-0.01,-1,-1,-0.01,-1,-1,-0.01,-1,-1,-0.01,-1,-1,-0.01,-1,-1,-0.01,-1,-1,-0.01,-1,-1,-0.01,-1,-1
99926009,2026-05-18 11:58:01+05:30,53057.4,0,0.0,0,0.0,0.0,53282.15,53308.4,52783.45,53710.35,0,0.0,0.0,0.0,0.0,-0.01,-1,-1,-0.01,-1,-1,-0.01,-1,-1,-0.01,-1,-1,-0.01,-1,-1,-0.01,-1,-1,-0.01,-1,-1,-0.01,-1,-1,-0.01,-1,-1,-0.01,-1,-1
99926009,2026-05-18 11:58:02+05:30,53058.3,0,0.0,0,0.0,0.0,53282.15,53308.4,52783.45,53710.35,0,0.0,0.0,0.0,0.0,-0.01,-1,-1,-0.01,-1,-1,-0.01,-1,-1,-0.01,-1,-1,-0.01,-1,-1,-0.01,-1,-1,-0.01,-1,-1,-0.01,-1,-1,-0.01,-1,-1,-0.01,-1,-1
99926009,2026-05-18 11:58:02+05:30,53055.15,0,0.0,0,0.0,0.0,53282.15,53308.4,52783.45,53710.35,0,0.0,0.0,0.0,0.0,-0.01,-1,-1,-0.01,-1,-1,-0.01,-1,-1,-0.01,-1,-1,-0.01,-1,-1,-0.01,-1,-1,-0.01,-1,-1,-0.01,-1,-1,-0.01,-1,-1,-0.01,-1,-1
99926009,2026-05-18 11:58:03+05:30,53057.2,0,0.0,0,0.0,0.0,53282.15,53308.4,52783.45,53710.35,0,0.0,0.0,0.0,0.0,-0.01,-1,-1,-0.01,-1,-1,-0.01,-1,-1,-0.01,-1,-1,-0.01,-1,-1,-0.01,-1,-1,-0.01,-1,-1,-0.01,-1,-1,-0.01,-1,-1,-0.01,-1,-1
99926009,2026-05-18 11:58:03+05:30,53058.1,0,0.0,0,0.0,0.0,53282.15,53308.4,52783.45,53710.35,0,0.0,0.0,0.0,0.0,-0.01,-1,-1,-0.01,-1,-1,-0.01,-1,-1,-0.01,-1,-1,-0.01,-1,-1,-0.01,-1,-1,-0.01,-1,-1,-0.01,-1,-1,-0.01,-1,-1,-0.01,-1,-1
99926009,2026-05-18 11:58:04+05:30,53058.9,0,0.0,0,0.0,0.0,53282.15,53308.4,52783.45,53710.35,0,0.0,0.0,0.0,0.0,-0.01,-1,-1,-0.01,-1,-1,-0.01,-1,-1,-0.01,-1,-1,-0.01,-1,-1,-0.01,-1,-1,-0.01,-1,-1,-0.01,-1,-1,-0.01,-1,-1,-0.01,-1,-1
99926009,2026-05-18 11:58:04+05:30,53058.55,0,0.0,0,0.0,0.0,53282.15,53308.4,52783.45,53710.35,0,0.0,0.0,0.0,0.0,-0.01,-1,-1,-0.01,-1,-1,-0.01,-1,-1,-0.01,-1,-1,-0.01,-1,-1,-0.01,-1,-1,-0.01,-1,-1,-0.01,-1,-1,-0.01,-1,-1,-0.01,-1,-1
99926009,2026-05-18 11:58:05+05:30,53060.35,0,0.0,0,0.0,0.0,53282.15,53308.4,52783.45,53710.35,0,0.0,0.0,0.0,0.0,-0.01,-1,-1,-0.01,-1,-1,-0.01,-1,-1,-0.01,-1,-1,-0.01,-1,-1,-0.01,-1,-1,-0.01,-1,-1,-0.01,-1,-1,-0.01,-1,-1,-0.01,-1,-1
99926009,2026-05-18 11:58:05+05:30,53055.4,0,0.0,0,0.0,0.0,53282.15,53308.4,52783.45,53710.35,0,0.0,0.0,0.0,0.0,-0.01,-1,-1,-0.01,-1,-1,-0.01,-1,-1,-0.01,-1,-1,-0.01,-1,-1,-0.01,-1,-1,-0.01,-1,-1,-0.01,-1,-1,-0.01,-1,-1,-0.01,-1,-1
99926009,2026-05-18 11:58:06+05:30,53056.55,0,0.0,0,0.0,0.0,53282.15,53308.4,52783.45,53710.35,0,0.0,0.0,0.0,0.0,-0.01,-1,-1,-0.01,-1,-1,-0.01,-1,-1,-0.01,-1,-1,-0.01,-1,-1,-0.01,-1,-1,-0.01,-1,-1,-0.01,-1,-1,-0.01,-1,-1,-0.01,-1,-1
99926009,2026-05-18 11:58:06+05:30,53060.5,0,0.0,0,0.0,0.0,53282.15,53308.4,52783.45,53710.35,0,0.0,0.0,0.0,0.0,-0.01,-1,-1,-0.01,-1,-1,-0.01,-1,-1,-0.01,-1,-1,-0.01,-1,-1,-0.01,-1,-1,-0.01,-1,-1,-0.01,-1,-1,-0.01,-1,-1,-0.01,-1,-1
99926009,2026-05-18 11:58:07+05:30,53057.95,0,0.0,0,0.0,0.0,53282.15,53308.4,52783.45,53710.35,0,0.0,0.0,0.0,0.0,-0.01,-1,-1,-0.01,-1,-1,-0.01,-1,-1,-0.01,-1,-1,-0.01,-1,-1,-0.01,-1,-1,-0.01,-1,-1,-0.01,-1,-1,-0.01,-1,-1,-0.01,-1,-1
99926009,2026-05-18 11:58:07+05:30,53057.7,0,0.0,0,0.0,0.0,53282.15,53308.4,52783.45,53710.35,0,0.0,0.0,0.0,0.0,-0.01,-1,-1,-0.01,-1,-1,-0.01,-1,-1,-0.01,-1,-1,-0.01,-1,-1,-0.01,-1,-1,-0.01,-1,-1,-0.01,-1,-1,-0.01,-1,-1,-0.01,-1,-1
99926009,2026-05-18 11:58:08+05:30,53058.75,0,0.0,0,0.0,0.0,53282.15,53308.4,52783.45,53710.35,0,0.0,0.0,0.0,0.0,-0.01,-1,-1,-0.01,-1,-1,-0.01,-1,-1,-0.01,-1,-1,-0.01,-1,-1,-0.01,-1,-1,-0.01,-1,-1,-0.01,-1,-1,-0.01,-1,-1,-0.01,-1,-1
99926009,2026-05-18 11:58:08+05:30,53057.3,0,0.0,0,0.0,0.0,53282.15,53308.4,52783.45,53710.35,0,0.0,0.0,0.0,0.0,-0.01,-1,-1,-0.01,-1,-1,-0.01,-1,-1,-0.01,-1,-1,-0.01,-1,-1,-0.01,-1,-1,-0.01,-1,-1,-0.01,-1,-1,-0.01,-1,-1,-0.01,-1,-1
99926009,2026-05-18 11:58:09+05:30,53059.9,0,0.0,0,0.0,0.0,53282.15,53308.4,52783.45,53710.35,0,0.0,0.0,0.0,0.0,-0.01,-1,-1,-0.01,-1,-1,-0.01,-1,-1,-0.01,-1,-1,-0.01,-1,-1,-0.01,-1,-1,-0.01,-1,-1,-0.01,-1,-1,-0.01,-1,-1,-0.01,-1,-1
99926009,2026-05-18 11:58:09+05:30,53056.15,0,0.0,0,0.0,0.0,53282.15,53308.4,52783.45,53710.35,0,0.0,0.0,0.0,0.0,-0.01,-1,-1,-0.01,-1,-1,-0.01,-1,-1,-0.01,-1,-1,-0.01,-1,-1,-0.01,-1,-1,-0.01,-1,-1,-0.01,-1,-1,-0.01,-1,-1,-0.01,-1,-1
99926009,2026-05-18 11:58:10+05:30,53056.95,0,0.0,0,0.0,0.0,53282.15,53308.4,52783.45,53710.35,0,0.0,0.0,0.0,0.0,-0.01,-1,-1,-0.01,-1,-1,-0.01,-1,-1,-0.01,-1,-1,-0.01,-1,-1,-0.01,-1,-1,-0.01,-1,-1,-0.01,-1,-1,-0.01,-1,-1,-0.01,-1,-1
99926009,2026-05-18 11:58:10+05:30,53054.1,0,0.0,0,0.0,0.0,53282.15,53308.4,52783.45,53710.35,0,0.0,0.0,0.0,0.0,-0.01,-1,-1,-0.01,-1,-1,-0.01,-1,-1,-0.01,-1,-1,-0.01,-1,-1,-0.01,-1,-1,-0.01,-1,-1,-0.01,-1,-1,-0.01,-1,-1,-0.01,-1,-1
99926009,2026-05-18 11:58:11+05:30,53052.25,0,0.0,0,0.0,0.0,53282.15,53308.4,52783.45,53710.35,0,0.0,0.0,0.0,0.0,-0.01,-1,-1,-0.01,-1,-1,-0.01,-1,-1,-0.01,-1,-1,-0.01,-1,-1,-0.01,-1,-1,-0.01,-1,-1,-0.01,-1,-1,-0.01,-1,-1,-0.01,-1,-1
99926009,2026-05-18 11:58:11+05:30,53057.8,0,0.0,0,0.0,0.0,53282.15,53308.4,52783.45,53710.35,0,0.0,0.0,0.0,0.0,-0.01,-1,-1,-0.01,-1,-1,-0.01,-1,-1,-0.01,-1,-1,-0.01,-1,-1,-0.01,-1,-1,-0.01,-1,-1,-0.01,-1,-1,-0.01,-1,-1,-0.01,-1,-1
99926009,2026-05-18 11:58:12+05:30,53055.25,0,0.0,0,0.0,0.0,53282.15,53308.4,52783.45,53710.35,0,0.0,0.0,0.0,0.0,-0.01,-1,-1,-0.01,-1,-1,-0.01,-1,-1,-0.01,-1,-1,-0.01,-1,-1,-0.01,-1,-1,-0.01,-1,-1,-0.01,-1,-1,-0.01,-1,-1,-0.01,-1,-1
99926009,2026-05-18 11:58:12+05:30,53055.5,0,0.0,0,0.0,0.0,53282.15,53308.4,52783.45,53710.35,0,0.0,0.0,0.0,0.0,-0.01,-1,-1,-0.01,-1,-1,-0.01,-1,-1,-0.01,-1,-1,-0.01,-1,-1,-0.01,-1,-1,-0.01,-1,-1,-0.01,-1,-1,-0.01,-1,-1,-0.01,-1,-1
99926009,2026-05-18 11:58:13+05:30,53056.85,0,0.0,0,0.0,0.0,53282.15,53308.4,52783.45,53710.35,0,0.0,0.0,0.0,0.0,-0.01,-1,-1,-0.01,-1,-1,-0.01,-1,-1,-0.01,-1,-1,-0.01,-1,-1,-0.01,-1,-1,-0.01,-1,-1,-0.01,-1,-1,-0.01,-1,-1,-0.01,-1,-1
99926009,2026-05-18 11:58:13+05:30,53056.1,0,0.0,0,0.0,0.0,53282.15,53308.4,52783.45,53710.35,0,0.0,0.0,0.0,0.0,-0.01,-1,-1,-0.01,-1,-1,-0.01,-1,-1,-0.01,-1,-1,-0.01,-1,-1,-0.01,-1,-1,-0.01,-1,-1,-0.01,-1,-1,-0.01,-1,-1,-0.01,-1,-1
99926009,2026-05-18 11:58:14+05:30,53053.8,0,0.0,0,0.0,0.0,53282.15,53308.4,52783.45,53710.35,0,0.0,0.0,0.0,0.0,-0.01,-1,-1,-0.01,-1,-1,-0.01,-1,-1,-0.01,-1,-1,-0.01,-1,-1,-0.01,-1,-1,-0.01,-1,-1,-0.01,-1,-1,-0.01,-1,-1,-0.01,-1,-1
99926009,2026-05-18 11:58:14+05:30,53053.25,0,0.0,0,0.0,0.0,53282.15,53308.4,52783.45,53710.35,0,0.0,0.0,0.0,0.0,-0.01,-1,-1,-0.01,-1,-1,-0.01,-1,-1,-0.01,-1,-1,-0.01,-1,-1,-0.01,-1,-1,-0.01,-1,-1,-0.01,-1,-1,-0.01,-1,-1,-0.01,-1,-1
99926009,2026-05-18 11:58:15+05:30,53056.7,0,0.0,0,0.0,0.0,53282.15,53308.4,52783.45,53710.35,0,0.0,0.0,0.0,0.0,-0.01,-1,-1,-0.01,-1,-1,-0.01,-1,-1,-0.01,-1,-1,-0.01,-1,-1,-0.01,-1,-1,-0.01,-1,-1,-0.01,-1,-1,-0.01,-1,-1,-0.01,-1,-1
99926009,2026-05-18 11:58:15+05:30,53054.75,0,0.0,0,0.0,0.0,53282.15,53308.4,52783.45,53710.35,0,0.0,0.0,0.0,0.0,-0.01,-1,-1,-0.01,-1,-1,-0.01,-1,-1,-0.01,-1,-1,-0.01,-1,-1,-0.01,-1,-1,-0.01,-1,-1,-0.01,-1,-1,-0.01,-1,-1,-0.01,-1,-1
99926009,2026-05-18 11:58:16+05:30,53050.35,0,0.0,0,0.0,0.0,53282.15,53308.4,52783.45,53710.35,0,0.0,0.0,0.0,0.0,-0.01,-1,-1,-0.01,-1,-1,-0.01,-1,-1,-0.01,-1,-1,-0.01,-1,-1,-0.01,-1,-1,-0.01,-1,-1,-0.01,-1,-1,-0.01,-1,-1,-0.01,-1,-1
99926009,2026-05-18 11:58:16+05:30,53052.7,0,0.0,0,0.0,0.0,53282.15,53308.4,52783.45,53710.35,0,0.0,0.0,0.0,0.0,-0.01,-1,-1,-0.01,-1,-1,-0.01,-1,-1,-0.01,-1,-1,-0.01,-1,-1,-0.01,-1,-1,-0.01,-1,-1,-0.01,-1,-1,-0.01,-1,-1,-0.01,-1,-1
99926009,2026-05-18 11:58:17+05:30,53051.25,0,0.0,0,0.0,0.0,53282.15,53308.4,52783.45,53710.35,0,0.0,0.0,0.0,0.0,-0.01,-1,-1,-0.01,-1,-1,-0.01,-1,-1,-0.01,-1,-1,-0.01,-1,-1,-0.01,-1,-1,-0.01,-1,-1,-0.01,-1,-1,-0.01,-1,-1,-0.01,-1,-1
99926009,2026-05-18 11:58:17+05:30,53046.8,0,0.0,0,0.0,0.0,53282.15,53308.4,52783.45,53710.35,0,0.0,0.0,0.0,0.0,-0.01,-1,-1,-0.01,-1,-1,-0.01,-1,-1,-0.01,-1,-1,-0.01,-1,-1,-0.01,-1,-1,-0.01,-1,-1,-0.01,-1,-1,-0.01,-1,-1,-0.01,-1,-1
99926009,2026-05-18 11:58:18+05:30,53049.7,0,0.0,0,0.0,0.0,53282.15,53308.4,52783.45,53710.35,0,0.0,0.0,0.0,0.0,-0.01,-1,-1,-0.01,-1,-1,-0.01,-1,-1,-0.01,-1,-1,-0.01,-1,-1,-0.01,-1,-1,-0.01,-1,-1,-0.01,-1,-1,-0.01,-1,-1,-0.01,-1,-1
99926009,2026-05-18 11:58:18+05:30,53046.7,0,0.0,0,0.0,0.0,53282.15,53308.4,52783.45,53710.35,0,0.0,0.0,0.0,0.0,-0.01,-1,-1,-0.01,-1,-1,-0.01,-1,-1,-0.01,-1,-1,-0.01,-1,-1,-0.01,-1,-1,-0.01,-1,-1,-0.01,-1,-1,-0.01,-1,-1,-0.01,-1,-1
99926009,2026-05-18 11:58:19+05:30,53047.75,0,0.0,0,0.0,0.0,53282.15,53308.4,52783.45,53710.35,0,0.0,0.0,0.0,0.0,-0.01,-1,-1,-0.01,-1,-1,-0.01,-1,-1,-0.01,-1,-1,-0.01,-1,-1,-0.01,-1,-1,-0.01,-1,-1,-0.01,-1,-1,-0.01,-1,-1,-0.01,-1,-1
99926009,2026-05-18 11:58:19+05:30,53045.1,0,0.0,0,0.0,0.0,53282.15,53308.4,52783.45,53710.35,0,0.0,0.0,0.0,0.0,-0.01,-1,-1,-0.01,-1,-1,-0.01,-1,-1,-0.01,-1,-1,-0.01,-1,-1,-0.01,-1,-1,-0.01,-1,-1,-0.01,-1,-1,-0.01,-1,-1,-0.01,-1,-1
99926009,2026-05-18 11:58:20+05:30,53048.75,0,0.0,0,0.0,0.0,53282.15,53308.4,52783.45,53710.35,0,0.0,0.0,0.0,0.0,-0.01,-1,-1,-0.01,-1,-1,-0.01,-1,-1,-0.01,-1,-1,-0.01,-1,-1,-0.01,-1,-1,-0.01,-1,-1,-0.01,-1,-1,-0.01,-1,-1,-0.01,-1,-1
99926009,2026-05-18 11:58:20+05:30,53046.45,0,0.0,0,0.0,0.0,53282.15,53308.4,52783.45,53710.35,0,0.0,0.0,0.0,0.0,-0.01,-1,-1,-0.01,-1,-1,-0.01,-1,-1,-0.01,-1,-1,-0.01,-1,-1,-0.01,-1,-1,-0.01,-1,-1,-0.01,-1,-1,-0.01,-1,-1,-0.01,-1,-1
99926009,2026-05-18 11:58:21+05:30,53046.9,0,0.0,0,0.0,0.0,53282.15,53308.4,52783.45,53710.35,0,0.0,0.0,0.0,0.0,-0.01,-1,-1,-0.01,-1,-1,-0.01,-1,-1,-0.01,-1,-1,-0.01,-1,-1,-0.01,-1,-1,-0.01,-1,-1,-0.01,-1,-1,-0.01,-1,-1,-0.01,-1,-1
99926009,2026-05-18 11:58:21+05:30,53045.25,0,0.0,0,0.0,0.0,53282.15,53308.4,52783.45,53710.35,0,0.0,0.0,0.0,0.0,-0.01,-1,-1,-0.01,-1,-1,-0.01,-1,-1,-0.01,-1,-1,-0.01,-1,-1,-0.01,-1,-1,-0.01,-1,-1,-0.01,-1,-1,-0.01,-1,-1,-0.01,-1,-1
99926009,2026-05-18 11:58:22+05:30,53045.8,0,0.0,0,0.0,0.0,53282.15,53308.4,52783.45,53710.35,0,0.0,0.0,0.0,0.0,-0.01,-1,-1,-0.01,-1,-1,-0.01,-1,-1,-0.01,-1,-1,-0.01,-1,-1,-0.01,-1,-1,-0.01,-1,-1,-0.01,-1,-1,-0.01,-1,-1,-0.01,-1,-1
99926009,2026-05-18 11:58:22+05:30,53045.75,0,0.0,0,0.0,0.0,53282.15,53308.4,52783.45,53710.35,0,0.0,0.0,0.0,0.0,-0.01,-1,-1,-0.01,-1,-1,-0.01,-1,-1,-0.01,-1,-1,-0.01,-1,-1,-0.01,-1,-1,-0.01,-1,-1,-0.01,-1,-1,-0.01,-1,-1,-0.01,-1,-1
99926009,2026-05-18 11:58:23+05:30,53042.4,0,0.0,0,0.0,0.0,53282.15,53308.4,52783.45,53710.35,0,0.0,0.0,0.0,0.0,-0.01,-1,-1,-0.01,-1,-1,-0.01,-1,-1,-0.01,-1,-1,-0.01,-1,-1,-0.01,-1,-1,-0.01,-1,-1,-0.01,-1,-1,-0.01,-1,-1,-0.01,-1,-1
99926009,2026-05-18 11:58:23+05:30,53042.7,0,0.0,0,0.0,0.0,53282.15,53308.4,52783.45,53710.35,0,0.0,0.0,0.0,0.0,-0.01,-1,-1,-0.01,-1,-1,-0.01,-1,-1,-0.01,-1,-1,-0.01,-1,-1,-0.01,-1,-1,-0.01,-1,-1,-0.01,-1,-1,-0.01,-1,-1,-0.01,-1,-1
99926009,2026-05-18 11:58:24+05:30,53043.3,0,0.0,0,0.0,0.0,53282.15,53308.4,52783.45,53710.35,0,0.0,0.0,0.0,0.0,-0.01,-1,-1,-0.01,-1,-1,-0.01,-1,-1,-0.01,-1,-1,-0.01,-1,-1,-0.01,-1,-1,-0.01,-1,-1,-0.01,-1,-1,-0.01,-1,-1,-0.01,-1,-1
99926009,2026-05-18 11:58:24+05:30,53041.55,0,0.0,0,0.0,0.0,53282.15,53308.4,52783.45,53710.35,0,0.0,0.0,0.0,0.0,-0.01,-1,-1,-0.01,-1,-1,-0.01,-1,-1,-0.01,-1,-1,-0.01,-1,-1,-0.01,-1,-1,-0.01,-1,-1,-0.01,-1,-1,-0.01,-1,-1,-0.01,-1,-1
99926009,2026-05-18 11:58:25+05:30,53045.15,0,0.0,0,0.0,0.0,53282.15,53308.4,52783.45,53710.35,0,0.0,0.0,0.0,0.0,-0.01,-1,-1,-0.01,-1,-1,-0.01,-1,-1,-0.01,-1,-1,-0.01,-1,-1,-0.01,-1,-1,-0.01,-1,-1,-0.01,-1,-1,-0.01,-1,-1,-0.01,-1,-1
99926009,2026-05-18 11:58:25+05:30,53043.55,0,0.0,0,0.0,0.0,53282.15,53308.4,52783.45,53710.35,0,0.0,0.0,0.0,0.0,-0.01,-1,-1,-0.01,-1,-1,-0.01,-1,-1,-0.01,-1,-1,-0.01,-1,-1,-0.01,-1,-1,-0.01,-1,-1,-0.01,-1,-1,-0.01,-1,-1,-0.01,-1,-1
99926009,2026-05-18 11:58:26+05:30,53041.6,0,0.0,0,0.0,0.0,53282.15,53308.4,52783.45,53710.35,0,0.0,0.0,0.0,0.0,-0.01,-1,-1,-0.01,-1,-1,-0.01,-1,-1,-0.01,-1,-1,-0.01,-1,-1,-0.01,-1,-1,-0.01,-1,-1,-0.01,-1,-1,-0.01,-1,-1,-0.01,-1,-1
99926009,2026-05-18 11:58:26+05:30,53044.5,0,0.0,0,0.0,0.0,53282.15,53308.4,52783.45,53710.35,0,0.0,0.0,0.0,0.0,-0.01,-1,-1,-0.01,-1,-1,-0.01,-1,-1,-0.01,-1,-1,-0.01,-1,-1,-0.01,-1,-1,-0.01,-1,-1,-0.01,-1,-1,-0.01,-1,-1,-0.01,-1,-1
99926009,2026-05-18 11:58:27+05:30,53045.7,0,0.0,0,0.0,0.0,53282.15,53308.4,52783.45,53710.35,0,0.0,0.0,0.0,0.0,-0.01,-1,-1,-0.01,-1,-1,-0.01,-1,-1,-0.01,-1,-1,-0.01,-1,-1,-0.01,-1,-1,-0.01,-1,-1,-0.01,-1,-1,-0.01,-1,-1,-0.01,-1,-1
99926009,2026-05-18 11:58:27+05:30,53046.05,0,0.0,0,0.0,0.0,53282.15,53308.4,52783.45,53710.35,0,0.0,0.0,0.0,0.0,-0.01,-1,-1,-0.01,-1,-1,-0.01,-1,-1,-0.01,-1,-1,-0.01,-1,-1,-0.01,-1,-1,-0.01,-1,-1,-0.01,-1,-1,-0.01,-1,-1,-0.01,-1,-1
99926009,2026-05-18 11:58:28+05:30,53044.4,0,0.0,0,0.0,0.0,53282.15,53308.4,52783.45,53710.35,0,0.0,0.0,0.0,0.0,-0.01,-1,-1,-0.01,-1,-1,-0.01,-1,-1,-0.01,-1,-1,-0.01,-1,-1,-0.01,-1,-1,-0.01,-1,-1,-0.01,-1,-1,-0.01,-1,-1,-0.01,-1,-1
99926009,2026-05-18 11:58:28+05:30,53042.0,0,0.0,0,0.0,0.0,53282.15,53308.4,52783.45,53710.35,0,0.0,0.0,0.0,0.0,-0.01,-1,-1,-0.01,-1,-1,-0.01,-1,-1,-0.01,-1,-1,-0.01,-1,-1,-0.01,-1,-1,-0.01,-1,-1,-0.01,-1,-1,-0.01,-1,-1,-0.01,-1,-1
99926009,2026-05-18 11:58:29+05:30,53039.9,0,0.0,0,0.0,0.0,53282.15,53308.4,52783.45,53710.35,0,0.0,0.0,0.0,0.0,-0.01,-1,-1,-0.01,-1,-1,-0.01,-1,-1,-0.01,-1,-1,-0.01,-1,-1,-0.01,-1,-1,-0.01,-1,-1,-0.01,-1,-1,-0.01,-1,-1,-0.01,-1,-1
99926009,2026-05-18 11:58:29+05:30,53040.65,0,0.0,0,0.0,0.0,53282.15,53308.4,52783.45,53710.35,0,0.0,0.0,0.0,0.0,-0.01,-1,-1,-0.01,-1,-1,-0.01,-1,-1,-0.01,-1,-1,-0.01,-1,-1,-0.01,-1,-1,-0.01,-1,-1,-0.01,-1,-1,-0.01,-1,-1,-0.01,-1,-1
99926009,2026-05-18 11:58:30+05:30,53040.55,0,0.0,0,0.0,0.0,53282.15,53308.4,52783.45,53710.35,0,0.0,0.0,0.0,0.0,-0.01,-1,-1,-0.01,-1,-1,-0.01,-1,-1,-0.01,-1,-1,-0.01,-1,-1,-0.01,-1,-1,-0.01,-1,-1,-0.01,-1,-1,-0.01,-1,-1,-0.01,-1,-1
99926009,2026-05-18 11:58:30+05:30,53040.75,0,0.0,0,0.0,0.0,53282.15,53308.4,52783.45,53710.35,0,0.0,0.0,0.0,0.0,-0.01,-1,-1,-0.01,-1,-1,-0.01,-1,-1,-0.01,-1,-1,-0.01,-1,-1,-0.01,-1,-1,-0.01,-1,-1,-0.01,-1,-1,-0.01,-1,-1,-0.01,-1,-1
99926009,2026-05-18 11:58:31+05:30,53038.05,0,0.0,0,0.0,0.0,53282.15,53308.4,52783.45,53710.35,0,0.0,0.0,0.0,0.0,-0.01,-1,-1,-0.01,-1,-1,-0.01,-1,-1,-0.01,-1,-1,-0.01,-1,-1,-0.01,-1,-1,-0.01,-1,-1,-0.01,-1,-1,-0.01,-1,-1,-0.01,-1,-1
99926009,2026-05-18 11:58:31+05:30,53039.0,0,0.0,0,0.0,0.0,53282.15,53308.4,52783.45,53710.35,0,0.0,0.0,0.0,0.0,-0.01,-1,-1,-0.01,-1,-1,-0.01,-1,-1,-0.01,-1,-1,-0.01,-1,-1,-0.01,-1,-1,-0.01,-1,-1,-0.01,-1,-1,-0.01,-1,-1,-0.01,-1,-1
99926009,2026-05-18 11:58:32+05:30,53036.8,0,0.0,0,0.0,0.0,53282.15,53308.4,52783.45,53710.35,0,0.0,0.0,0.0,0.0,-0.01,-1,-1,-0.01,-1,-1,-0.01,-1,-1,-0.01,-1,-1,-0.01,-1,-1,-0.01,-1,-1,-0.01,-1,-1,-0.01,-1,-1,-0.01,-1,-1,-0.01,-1,-1
99926009,2026-05-18 11:58:32+05:30,53038.1,0,0.0,0,0.0,0.0,53282.15,53308.4,52783.45,53710.35,0,0.0,0.0,0.0,0.0,-0.01,-1,-1,-0.01,-1,-1,-0.01,-1,-1,-0.01,-1,-1,-0.01,-1,-1,-0.01,-1,-1,-0.01,-1,-1,-0.01,-1,-1,-0.01,-1,-1,-0.01,-1,-1
99926009,2026-05-18 11:58:33+05:30,53036.2,0,0.0,0,0.0,0.0,53282.15,53308.4,52783.45,53710.35,0,0.0,0.0,0.0,0.0,-0.01,-1,-1,-0.01,-1,-1,-0.01,-1,-1,-0.01,-1,-1,-0.01,-1,-1,-0.01,-1,-1,-0.01,-1,-1,-0.01,-1,-1,-0.01,-1,-1,-0.01,-1,-1
99926009,2026-05-18 11:58:33+05:30,53034.9,0,0.0,0,0.0,0.0,53282.15,53308.4,52783.45,53710.35,0,0.0,0.0,0.0,0.0,-0.01,-1,-1,-0.01,-1,-1,-0.01,-1,-1,-0.01,-1,-1,-0.01,-1,-1,-0.01,-1,-1,-0.01,-1,-1,-0.01,-1,-1,-0.01,-1,-1,-0.01,-1,-1
99926009,2026-05-18 11:58:34+05:30,53035.25,0,0.0,0,0.0,0.0,53282.15,53308.4,52783.45,53710.35,0,0.0,0.0,0.0,0.0,-0.01,-1,-1,-0.01,-1,-1,-0.01,-1,-1,-0.01,-1,-1,-0.01,-1,-1,-0.01,-1,-1,-0.01,-1,-1,-0.01,-1,-1,-0.01,-1,-1,-0.01,-1,-1
99926009,2026-05-18 11:58:34+05:30,53033.2,0,0.0,0,0.0,0.0,53282.15,53308.4,52783.45,53710.35,0,0.0,0.0,0.0,0.0,-0.01,-1,-1,-0.01,-1,-1,-0.01,-1,-1,-0.01,-1,-1,-0.01,-1,-1,-0.01,-1,-1,-0.01,-1,-1,-0.01,-1,-1,-0.01,-1,-1,-0.01,-1,-1
99926009,2026-05-18 11:58:35+05:30,53035.9,0,0.0,0,0.0,0.0,53282.15,53308.4,52783.45,53710.35,0,0.0,0.0,0.0,0.0,-0.01,-1,-1,-0.01,-1,-1,-0.01,-1,-1,-0.01,-1,-1,-0.01,-1,-1,-0.01,-1,-1,-0.01,-1,-1,-0.01,-1,-1,-0.01,-1,-1,-0.01,-1,-1
99926009,2026-05-18 11:58:35+05:30,53035.0,0,0.0,0,0.0,0.0,53282.15,53308.4,52783.45,53710.35,0,0.0,0.0,0.0,0.0,-0.01,-1,-1,-0.01,-1,-1,-0.01,-1,-1,-0.01,-1,-1,-0.01,-1,-1,-0.01,-1,-1,-0.01,-1,-1,-0.01,-1,-1,-0.01,-1,-1,-0.01,-1,-1
99926009,2026-05-18 11:58:36+05:30,53037.8,0,0.0,0,0.0,0.0,53282.15,53308.4,52783.45,53710.35,0,0.0,0.0,0.0,0.0,-0.01,-1,-1,-0.01,-1,-1,-0.01,-1,-1,-0.01,-1,-1,-0.01,-1,-1,-0.01,-1,-1,-0.01,-1,-1,-0.01,-1,-1,-0.01,-1,-1,-0.01,-1,-1
99926009,2026-05-18 11:58:36+05:30,53037.7,0,0.0,0,0.0,0.0,53282.15,53308.4,52783.45,53710.35,0,0.0,0.0,0.0,0.0,-0.01,-1,-1,-0.01,-1,-1,-0.01,-1,-1,-0.01,-1,-1,-0.01,-1,-1,-0.01,-1,-1,-0.01,-1,-1,-0.01,-1,-1,-0.01,-1,-1,-0.01,-1,-1
99926009,2026-05-18 11:58:37+05:30,53036.9,0,0.0,0,0.0,0.0,53282.15,53308.4,52783.45,53710.35,0,0.0,0.0,0.0,0.0,-0.01,-1,-1,-0.01,-1,-1,-0.01,-1,-1,-0.01,-1,-1,-0.01,-1,-1,-0.01,-1,-1,-0.01,-1,-1,-0.01,-1,-1,-0.01,-1,-1,-0.01,-1,-1
99926009,2026-05-18 11:58:37+05:30,53030.9,0,0.0,0,0.0,0.0,53282.15,53308.4,52783.45,53710.35,0,0.0,0.0,0.0,0.0,-0.01,-1,-1,-0.01,-1,-1,-0.01,-1,-1,-0.01,-1,-1,-0.01,-1,-1,-0.01,-1,-1,-0.01,-1,-1,-0.01,-1,-1,-0.01,-1,-1,-0.01,-1,-1
99926009,2026-05-18 11:58:38+05:30,53032.2,0,0.0,0,0.0,0.0,53282.15,53308.4,52783.45,53710.35,0,0.0,0.0,0.0,0.0,-0.01,-1,-1,-0.01,-1,-1,-0.01,-1,-1,-0.01,-1,-1,-0.01,-1,-1,-0.01,-1,-1,-0.01,-1,-1,-0.01,-1,-1,-0.01,-1,-1,-0.01,-1,-1
99926009,2026-05-18 11:58:38+05:30,53029.4,0,0.0,0,0.0,0.0,53282.15,53308.4,52783.45,53710.35,0,0.0,0.0,0.0,0.0,-0.01,-1,-1,-0.01,-1,-1,-0.01,-1,-1,-0.01,-1,-1,-0.01,-1,-1,-0.01,-1,-1,-0.01,-1,-1,-0.01,-1,-1,-0.01,-1,-1,-0.01,-1,-1
99926009,2026-05-18 11:58:39+05:30,53032.0,0,0.0,0,0.0,0.0,53282.15,53308.4,52783.45,53710.35,0,0.0,0.0,0.0,0.0,-0.01,-1,-1,-0.01,-1,-1,-0.01,-1,-1,-0.01,-1,-1,-0.01,-1,-1,-0.01,-1,-1,-0.01,-1,-1,-0.01,-1,-1,-0.01,-1,-1,-0.01,-1,-1
99926009,2026-05-18 11:58:39+05:30,53032.45,0,0.0,0,0.0,0.0,53282.15,53308.4,52783.45,53710.35,0,0.0,0.0,0.0,0.0,-0.01,-1,-1,-0.01,-1,-1,-0.01,-1,-1,-0.01,-1,-1,-0.01,-1,-1,-0.01,-1,-1,-0.01,-1,-1,-0.01,-1,-1,-0.01,-1,-1,-0.01,-1,-1
99926009,2026-05-18 11:58:40+05:30,53032.0,0,0.0,0,0.0,0.0,53282.15,53308.4,52783.45,53710.35,0,0.0,0.0,0.0,0.0,-0.01,-1,-1,-0.01,-1,-1,-0.01,-1,-1,-0.01,-1,-1,-0.01,-1,-1,-0.01,-1,-1,-0.01,-1,-1,-0.01,-1,-1,-0.01,-1,-1,-0.01,-1,-1
99926009,2026-05-18 11:58:40+05:30,53031.2,0,0.0,0,0.0,0.0,53282.15,53308.4,52783.45,53710.35,0,0.0,0.0,0.0,0.0,-0.01,-1,-1,-0.01,-1,-1,-0.01,-1,-1,-0.01,-1,-1,-0.01,-1,-1,-0.01,-1,-1,-0.01,-1,-1,-0.01,-1,-1,-0.01,-1,-1,-0.01,-1,-1
99926009,2026-05-18 11:58:41+05:30,53032.2,0,0.0,0,0.0,0.0,53282.15,53308.4,52783.45,53710.35,0,0.0,0.0,0.0,0.0,-0.01,-1,-1,-0.01,-1,-1,-0.01,-1,-1,-0.01,-1,-1,-0.01,-1,-1,-0.01,-1,-1,-0.01,-1,-1,-0.01,-1,-1,-0.01,-1,-1,-0.01,-1,-1
99926009,2026-05-18 11:58:41+05:30,53031.9,0,0.0,0,0.0,0.0,53282.15,53308.4,52783.45,53710.35,0,0.0,0.0,0.0,0.0,-0.01,-1,-1,-0.01,-1,-1,-0.01,-1,-1,-0.01,-1,-1,-0.01,-1,-1,-0.01,-1,-1,-0.01,-1,-1,-0.01,-1,-1,-0.01,-1,-1,-0.01,-1,-1
99926009,2026-05-18 11:58:42+05:30,53033.55,0,0.0,0,0.0,0.0,53282.15,53308.4,52783.45,53710.35,0,0.0,0.0,0.0,0.0,-0.01,-1,-1,-0.01,-1,-1,-0.01,-1,-1,-0.01,-1,-1,-0.01,-1,-1,-0.01,-1,-1,-0.01,-1,-1,-0.01,-1,-1,-0.01,-1,-1,-0.01,-1,-1
99926009,2026-05-18 11:58:42+05:30,53033.7,0,0.0,0,0.0,0.0,53282.15,53308.4,52783.45,53710.35,0,0.0,0.0,0.0,0.0,-0.01,-1,-1,-0.01,-1,-1,-0.01,-1,-1,-0.01,-1,-1,-0.01,-1,-1,-0.01,-1,-1,-0.01,-1,-1,-0.01,-1,-1,-0.01,-1,-1,-0.01,-1,-1
99926009,2026-05-18 11:58:43+05:30,53034.65,0,0.0,0,0.0,0.0,53282.15,53308.4,52783.45,53710.35,0,0.0,0.0,0.0,0.0,-0.01,-1,-1,-0.01,-1,-1,-0.01,-1,-1,-0.01,-1,-1,-0.01,-1,-1,-0.01,-1,-1,-0.01,-1,-1,-0.01,-1,-1,-0.01,-1,-1,-0.01,-1,-1
99926009,2026-05-18 11:58:43+05:30,53029.9,0,0.0,0,0.0,0.0,53282.15,53308.4,52783.45,53710.35,0,0.0,0.0,0.0,0.0,-0.01,-1,-1,-0.01,-1,-1,-0.01,-1,-1,-0.01,-1,-1,-0.01,-1,-1,-0.01,-1,-1,-0.01,-1,-1,-0.01,-1,-1,-0.01,-1,-1,-0.01,-1,-1
99926009,2026-05-18 11:58:44+05:30,53033.35,0,0.0,0,0.0,0.0,53282.15,53308.4,52783.45,53710.35,0,0.0,0.0,0.0,0.0,-0.01,-1,-1,-0.01,-1,-1,-0.01,-1,-1,-0.01,-1,-1,-0.01,-1,-1,-0.01,-1,-1,-0.01,-1,-1,-0.01,-1,-1,-0.01,-1,-1,-0.01,-1,-1
99926009,2026-05-18 11:58:44+05:30,53030.7,0,0.0,0,0.0,0.0,53282.15,53308.4,52783.45,53710.35,0,0.0,0.0,0.0,0.0,-0.01,-1,-1,-0.01,-1,-1,-0.01,-1,-1,-0.01,-1,-1,-0.01,-1,-1,-0.01,-1,-1,-0.01,-1,-1,-0.01,-1,-1,-0.01,-1,-1,-0.01,-1,-1
99926009,2026-05-18 11:58:45+05:30,53033.05,0,0.0,0,0.0,0.0,53282.15,53308.4,52783.45,53710.35,0,0.0,0.0,0.0,0.0,-0.01,-1,-1,-0.01,-1,-1,-0.01,-1,-1,-0.01,-1,-1,-0.01,-1,-1,-0.01,-1,-1,-0.01,-1,-1,-0.01,-1,-1,-0.01,-1,-1,-0.01,-1,-1
99926009,2026-05-18 11:58:45+05:30,53032.2,0,0.0,0,0.0,0.0,53282.15,53308.4,52783.45,53710.35,0,0.0,0.0,0.0,0.0,-0.01,-1,-1,-0.01,-1,-1,-0.01,-1,-1,-0.01,-1,-1,-0.01,-1,-1,-0.01,-1,-1,-0.01,-1,-1,-0.01,-1,-1,-0.01,-1,-1,-0.01,-1,-1
99926009,2026-05-18 11:58:46+05:30,53030.25,0,0.0,0,0.0,0.0,53282.15,53308.4,52783.45,53710.35,0,0.0,0.0,0.0,0.0,-0.01,-1,-1,-0.01,-1,-1,-0.01,-1,-1,-0.01,-1,-1,-0.01,-1,-1,-0.01,-1,-1,-0.01,-1,-1,-0.01,-1,-1,-0.01,-1,-1,-0.01,-1,-1
99926009,2026-05-18 11:58:46+05:30,53032.25,0,0.0,0,0.0,0.0,53282.15,53308.4,52783.45,53710.35,0,0.0,0.0,0.0,0.0,-0.01,-1,-1,-0.01,-1,-1,-0.01,-1,-1,-0.01,-1,-1,-0.01,-1,-1,-0.01,-1,-1,-0.01,-1,-1,-0.01,-1,-1,-0.01,-1,-1,-0.01,-1,-1
99926009,2026-05-18 11:58:47+05:30,53032.45,0,0.0,0,0.0,0.0,53282.15,53308.4,52783.45,53710.35,0,0.0,0.0,0.0,0.0,-0.01,-1,-1,-0.01,-1,-1,-0.01,-1,-1,-0.01,-1,-1,-0.01,-1,-1,-0.01,-1,-1,-0.01,-1,-1,-0.01,-1,-1,-0.01,-1,-1,-0.01,-1,-1
99926009,2026-05-18 11:58:47+05:30,53032.65,0,0.0,0,0.0,0.0,53282.15,53308.4,52783.45,53710.35,0,0.0,0.0,0.0,0.0,-0.01,-1,-1,-0.01,-1,-1,-0.01,-1,-1,-0.01,-1,-1,-0.01,-1,-1,-0.01,-1,-1,-0.01,-1,-1,-0.01,-1,-1,-0.01,-1,-1,-0.01,-1,-1
99926009,2026-05-18 11:58:48+05:30,53030.2,0,0.0,0,0.0,0.0,53282.15,53308.4,52783.45,53710.35,0,0.0,0.0,0.0,0.0,-0.01,-1,-1,-0.01,-1,-1,-0.01,-1,-1,-0.01,-1,-1,-0.01,-1,-1,-0.01,-1,-1,-0.01,-1,-1,-0.01,-1,-1,-0.01,-1,-1,-0.01,-1,-1
99926009,2026-05-18 11:58:48+05:30,53031.45,0,0.0,0,0.0,0.0,53282.15,53308.4,52783.45,53710.35,0,0.0,0.0,0.0,0.0,-0.01,-1,-1,-0.01,-1,-1,-0.01,-1,-1,-0.01,-1,-1,-0.01,-1,-1,-0.01,-1,-1,-0.01,-1,-1,-0.01,-1,-1,-0.01,-1,-1,-0.01,-1,-1
99926009,2026-05-18 11:58:49+05:30,53030.35,0,0.0,0,0.0,0.0,53282.15,53308.4,52783.45,53710.35,0,0.0,0.0,0.0,0.0,-0.01,-1,-1,-0.01,-1,-1,-0.01,-1,-1,-0.01,-1,-1,-0.01,-1,-1,-0.01,-1,-1,-0.01,-1,-1,-0.01,-1,-1,-0.01,-1,-1,-0.01,-1,-1
99926009,2026-05-18 11:58:49+05:30,53029.4,0,0.0,0,0.0,0.0,53282.15,53308.4,52783.45,53710.35,0,0.0,0.0,0.0,0.0,-0.01,-1,-1,-0.01,-1,-1,-0.01,-1,-1,-0.01,-1,-1,-0.01,-1,-1,-0.01,-1,-1,-0.01,-1,-1,-0.01,-1,-1,-0.01,-1,-1,-0.01,-1,-1
99926009,2026-05-18 11:58:50+05:30,53032.8,0,0.0,0,0.0,0.0,53282.15,53308.4,52783.45,53710.35,0,0.0,0.0,0.0,0.0,-0.01,-1,-1,-0.01,-1,-1,-0.01,-1,-1,-0.01,-1,-1,-0.01,-1,-1,-0.01,-1,-1,-0.01,-1,-1,-0.01,-1,-1,-0.01,-1,-1,-0.01,-1,-1
99926009,2026-05-18 11:58:50+05:30,53030.05,0,0.0,0,0.0,0.0,53282.15,53308.4,52783.45,53710.35,0,0.0,0.0,0.0,0.0,-0.01,-1,-1,-0.01,-1,-1,-0.01,-1,-1,-0.01,-1,-1,-0.01,-1,-1,-0.01,-1,-1,-0.01,-1,-1,-0.01,-1,-1,-0.01,-1,-1,-0.01,-1,-1
99926009,2026-05-18 11:58:51+05:30,53028.8,0,0.0,0,0.0,0.0,53282.15,53308.4,52783.45,53710.35,0,0.0,0.0,0.0,0.0,-0.01,-1,-1,-0.01,-1,-1,-0.01,-1,-1,-0.01,-1,-1,-0.01,-1,-1,-0.01,-1,-1,-0.01,-1,-1,-0.01,-1,-1,-0.01,-1,-1,-0.01,-1,-1
99926009,2026-05-18 11:58:51+05:30,53030.9,0,0.0,0,0.0,0.0,53282.15,53308.4,52783.45,53710.35,0,0.0,0.0,0.0,0.0,-0.01,-1,-1,-0.01,-1,-1,-0.01,-1,-1,-0.01,-1,-1,-0.01,-1,-1,-0.01,-1,-1,-0.01,-1,-1,-0.01,-1,-1,-0.01,-1,-1,-0.01,-1,-1
99926009,2026-05-18 11:58:52+05:30,53031.15,0,0.0,0,0.0,0.0,53282.15,53308.4,52783.45,53710.35,0,0.0,0.0,0.0,0.0,-0.01,-1,-1,-0.01,-1,-1,-0.01,-1,-1,-0.01,-1,-1,-0.01,-1,-1,-0.01,-1,-1,-0.01,-1,-1,-0.01,-1,-1,-0.01,-1,-1,-0.01,-1,-1
99926009,2026-05-18 11:58:52+05:30,53029.95,0,0.0,0,0.0,0.0,53282.15,53308.4,52783.45,53710.35,0,0.0,0.0,0.0,0.0,-0.01,-1,-1,-0.01,-1,-1,-0.01,-1,-1,-0.01,-1,-1,-0.01,-1,-1,-0.01,-1,-1,-0.01,-1,-1,-0.01,-1,-1,-0.01,-1,-1,-0.01,-1,-1
99926009,2026-05-18 11:58:53+05:30,53031.35,0,0.0,0,0.0,0.0,53282.15,53308.4,52783.45,53710.35,0,0.0,0.0,0.0,0.0,-0.01,-1,-1,-0.01,-1,-1,-0.01,-1,-1,-0.01,-1,-1,-0.01,-1,-1,-0.01,-1,-1,-0.01,-1,-1,-0.01,-1,-1,-0.01,-1,-1,-0.01,-1,-1
99926009,2026-05-18 11:58:53+05:30,53027.7,0,0.0,0,0.0,0.0,53282.15,53308.4,52783.45,53710.35,0,0.0,0.0,0.0,0.0,-0.01,-1,-1,-0.01,-1,-1,-0.01,-1,-1,-0.01,-1,-1,-0.01,-1,-1,-0.01,-1,-1,-0.01,-1,-1,-0.01,-1,-1,-0.01,-1,-1,-0.01,-1,-1
99926009,2026-05-18 11:58:54+05:30,53029.85,0,0.0,0,0.0,0.0,53282.15,53308.4,52783.45,53710.35,0,0.0,0.0,0.0,0.0,-0.01,-1,-1,-0.01,-1,-1,-0.01,-1,-1,-0.01,-1,-1,-0.01,-1,-1,-0.01,-1,-1,-0.01,-1,-1,-0.01,-1,-1,-0.01,-1,-1,-0.01,-1,-1
99926009,2026-05-18 11:58:54+05:30,53030.8,0,0.0,0,0.0,0.0,53282.15,53308.4,52783.45,53710.35,0,0.0,0.0,0.0,0.0,-0.01,-1,-1,-0.01,-1,-1,-0.01,-1,-1,-0.01,-1,-1,-0.01,-1,-1,-0.01,-1,-1,-0.01,-1,-1,-0.01,-1,-1,-0.01,-1,-1,-0.01,-1,-1
99926009,2026-05-18 11:58:55+05:30,53031.3,0,0.0,0,0.0,0.0,53282.15,53308.4,52783.45,53710.35,0,0.0,0.0,0.0,0.0,-0.01,-1,-1,-0.01,-1,-1,-0.01,-1,-1,-0.01,-1,-1,-0.01,-1,-1,-0.01,-1,-1,-0.01,-1,-1,-0.01,-1,-1,-0.01,-1,-1,-0.01,-1,-1
99926009,2026-05-18 11:58:55+05:30,53028.35,0,0.0,0,0.0,0.0,53282.15,53308.4,52783.45,53710.35,0,0.0,0.0,0.0,0.0,-0.01,-1,-1,-0.01,-1,-1,-0.01,-1,-1,-0.01,-1,-1,-0.01,-1,-1,-0.01,-1,-1,-0.01,-1,-1,-0.01,-1,-1,-0.01,-1,-1,-0.01,-1,-1
99926009,2026-05-18 11:58:56+05:30,53029.75,0,0.0,0,0.0,0.0,53282.15,53308.4,52783.45,53710.35,0,0.0,0.0,0.0,0.0,-0.01,-1,-1,-0.01,-1,-1,-0.01,-1,-1,-0.01,-1,-1,-0.01,-1,-1,-0.01,-1,-1,-0.01,-1,-1,-0.01,-1,-1,-0.01,-1,-1,-0.01,-1,-1
99926009,2026-05-18 11:58:56+05:30,53029.75,0,0.0,0,0.0,0.0,53282.15,53308.4,52783.45,53710.35,0,0.0,0.0,0.0,0.0,-0.01,-1,-1,-0.01,-1,-1,-0.01,-1,-1,-0.01,-1,-1,-0.01,-1,-1,-0.01,-1,-1,-0.01,-1,-1,-0.01,-1,-1,-0.01,-1,-1,-0.01,-1,-1
99926009,2026-05-18 11:58:57+05:30,53030.1,0,0.0,0,0.0,0.0,53282.15,53308.4,52783.45,53710.35,0,0.0,0.0,0.0,0.0,-0.01,-1,-1,-0.01,-1,-1,-0.01,-1,-1,-0.01,-1,-1,-0.01,-1,-1,-0.01,-1,-1,-0.01,-1,-1,-0.01,-1,-1,-0.01,-1,-1,-0.01,-1,-1
99926009,2026-05-18 11:58:57+05:30,53030.65,0,0.0,0,0.0,0.0,53282.15,53308.4,52783.45,53710.35,0,0.0,0.0,0.0,0.0,-0.01,-1,-1,-0.01,-1,-1,-0.01,-1,-1,-0.01,-1,-1,-0.01,-1,-1,-0.01,-1,-1,-0.01,-1,-1,-0.01,-1,-1,-0.01,-1,-1,-0.01,-1,-1
99926009,2026-05-18 11:58:58+05:30,53032.4,0,0.0,0,0.0,0.0,53282.15,53308.4,52783.45,53710.35,0,0.0,0.0,0.0,0.0,-0.01,-1,-1,-0.01,-1,-1,-0.01,-1,-1,-0.01,-1,-1,-0.01,-1,-1,-0.01,-1,-1,-0.01,-1,-1,-0.01,-1,-1,-0.01,-1,-1,-0.01,-1,-1
99926009,2026-05-18 11:58:58+05:30,53030.35,0,0.0,0,0.0,0.0,53282.15,53308.4,52783.45,53710.35,0,0.0,0.0,0.0,0.0,-0.01,-1,-1,-0.01,-1,-1,-0.01,-1,-1,-0.01,-1,-1,-0.01,-1,-1,-0.01,-1,-1,-0.01,-1,-1,-0.01,-1,-1,-0.01,-1,-1,-0.01,-1,-1
99926009,2026-05-18 11:58:59+05:30,53030.55,0,0.0,0,0.0,0.0,53282.15,53308.4,52783.45,53710.35,0,0.0,0.0,0.0,0.0,-0.01,-1,-1,-0.01,-1,-1,-0.01,-1,-1,-0.01,-1,-1,-0.01,-1,-1,-0.01,-1,-1,-0.01,-1,-1,-0.01,-1,-1,-0.01,-1,-1,-0.01,-1,-1
99926009,2026-05-18 11:58:59+05:30,53029.2,0,0.0,0,0.0,0.0,53282.15,53308.4,52783.45,53710.35,0,0.0,0.0,0.0,0.0,-0.01,-1,-1,-0.01,-1,-1,-0.01,-1,-1,-0.01,-1,-1,-0.01,-1,-1,-0.01,-1,-1,-0.01,-1,-1,-0.01,-1,-1,-0.01,-1,-1,-0.01,-1,-1
99926009,2026-05-18 11:59:00+05:30,53030.85,0,0.0,0,0.0,0.0,53282.15,53308.4,52783.45,53710.35,0,0.0,0.0,0.0,0.0,-0.01,-1,-1,-0.01,-1,-1,-0.01,-1,-1,-0.01,-1,-1,-0.01,-1,-1,-0.01,-1,-1,-0.01,-1,-1,-0.01,-1,-1,-0.01,-1,-1,-0.01,-1,-1
99926009,2026-05-18 11:59:00+05:30,53027.35,0,0.0,0,0.0,0.0,53282.15,53308.4,52783.45,53710.35,0,0.0,0.0,0.0,0.0,-0.01,-1,-1,-0.01,-1,-1,-0.01,-1,-1,-0.01,-1,-1,-0.01,-1,-1,-0.01,-1,-1,-0.01,-1,-1,-0.01,-1,-1,-0.01,-1,-1,-0.01,-1,-1
99926009,2026-05-18 11:59:01+05:30,53027.95,0,0.0,0,0.0,0.0,53282.15,53308.4,52783.45,53710.35,0,0.0,0.0,0.0,0.0,-0.01,-1,-1,-0.01,-1,-1,-0.01,-1,-1,-0.01,-1,-1,-0.01,-1,-1,-0.01,-1,-1,-0.01,-1,-1,-0.01,-1,-1,-0.01,-1,-1,-0.01,-1,-1
99926009,2026-05-18 11:59:01+05:30,53024.05,0,0.0,0,0.0,0.0,53282.15,53308.4,52783.45,53710.35,0,0.0,0.0,0.0,0.0,-0.01,-1,-1,-0.01,-1,-1,-0.01,-1,-1,-0.01,-1,-1,-0.01,-1,-1,-0.01,-1,-1,-0.01,-1,-1,-0.01,-1,-1,-0.01,-1,-1,-0.01,-1,-1
99926009,2026-05-18 11:59:02+05:30,53018.45,0,0.0,0,0.0,0.0,53282.15,53308.4,52783.45,53710.35,0,0.0,0.0,0.0,0.0,-0.01,-1,-1,-0.01,-1,-1,-0.01,-1,-1,-0.01,-1,-1,-0.01,-1,-1,-0.01,-1,-1,-0.01,-1,-1,-0.01,-1,-1,-0.01,-1,-1,-0.01,-1,-1
99926009,2026-05-18 11:59:02+05:30,53017.95,0,0.0,0,0.0,0.0,53282.15,53308.4,52783.45,53710.35,0,0.0,0.0,0.0,0.0,-0.01,-1,-1,-0.01,-1,-1,-0.01,-1,-1,-0.01,-1,-1,-0.01,-1,-1,-0.01,-1,-1,-0.01,-1,-1,-0.01,-1,-1,-0.01,-1,-1,-0.01,-1,-1
99926009,2026-05-18 11:59:03+05:30,53018.6,0,0.0,0,0.0,0.0,53282.15,53308.4,52783.45,53710.35,0,0.0,0.0,0.0,0.0,-0.01,-1,-1,-0.01,-1,-1,-0.01,-1,-1,-0.01,-1,-1,-0.01,-1,-1,-0.01,-1,-1,-0.01,-1,-1,-0.01,-1,-1,-0.01,-1,-1,-0.01,-1,-1
99926009,2026-05-18 11:59:03+05:30,53021.2,0,0.0,0,0.0,0.0,53282.15,53308.4,52783.45,53710.35,0,0.0,0.0,0.0,0.0,-0.01,-1,-1,-0.01,-1,-1,-0.01,-1,-1,-0.01,-1,-1,-0.01,-1,-1,-0.01,-1,-1,-0.01,-1,-1,-0.01,-1,-1,-0.01,-1,-1,-0.01,-1,-1
99926009,2026-05-18 11:59:04+05:30,53019.4,0,0.0,0,0.0,0.0,53282.15,53308.4,52783.45,53710.35,0,0.0,0.0,0.0,0.0,-0.01,-1,-1,-0.01,-1,-1,-0.01,-1,-1,-0.01,-1,-1,-0.01,-1,-1,-0.01,-1,-1,-0.01,-1,-1,-0.01,-1,-1,-0.01,-1,-1,-0.01,-1,-1
99926009,2026-05-18 11:59:04+05:30,53015.65,0,0.0,0,0.0,0.0,53282.15,53308.4,52783.45,53710.35,0,0.0,0.0,0.0,0.0,-0.01,-1,-1,-0.01,-1,-1,-0.01,-1,-1,-0.01,-1,-1,-0.01,-1,-1,-0.01,-1,-1,-0.01,-1,-1,-0.01,-1,-1,-0.01,-1,-1,-0.01,-1,-1
99926009,2026-05-18 11:59:05+05:30,53021.1,0,0.0,0,0.0,0.0,53282.15,53308.4,52783.45,53710.35,0,0.0,0.0,0.0,0.0,-0.01,-1,-1,-0.01,-1,-1,-0.01,-1,-1,-0.01,-1,-1,-0.01,-1,-1,-0.01,-1,-1,-0.01,-1,-1,-0.01,-1,-1,-0.01,-1,-1,-0.01,-1,-1
99926009,2026-05-18 11:59:05+05:30,53021.05,0,0.0,0,0.0,0.0,53282.15,53308.4,52783.45,53710.35,0,0.0,0.0,0.0,0.0,-0.01,-1,-1,-0.01,-1,-1,-0.01,-1,-1,-0.01,-1,-1,-0.01,-1,-1,-0.01,-1,-1,-0.01,-1,-1,-0.01,-1,-1,-0.01,-1,-1,-0.01,-1,-1
99926009,2026-05-18 11:59:06+05:30,53020.15,0,0.0,0,0.0,0.0,53282.15,53308.4,52783.45,53710.35,0,0.0,0.0,0.0,0.0,-0.01,-1,-1,-0.01,-1,-1,-0.01,-1,-1,-0.01,-1,-1,-0.01,-1,-1,-0.01,-1,-1,-0.01,-1,-1,-0.01,-1,-1,-0.01,-1,-1,-0.01,-1,-1
99926009,2026-05-18 11:59:06+05:30,53021.45,0,0.0,0,0.0,0.0,53282.15,53308.4,52783.45,53710.35,0,0.0,0.0,0.0,0.0,-0.01,-1,-1,-0.01,-1,-1,-0.01,-1,-1,-0.01,-1,-1,-0.01,-1,-1,-0.01,-1,-1,-0.01,-1,-1,-0.01,-1,-1,-0.01,-1,-1,-0.01,-1,-1
99926009,2026-05-18 11:59:07+05:30,53017.05,0,0.0,0,0.0,0.0,53282.15,53308.4,52783.45,53710.35,0,0.0,0.0,0.0,0.0,-0.01,-1,-1,-0.01,-1,-1,-0.01,-1,-1,-0.01,-1,-1,-0.01,-1,-1,-0.01,-1,-1,-0.01,-1,-1,-0.01,-1,-1,-0.01,-1,-1,-0.01,-1,-1
99926009,2026-05-18 11:59:07+05:30,53017.25,0,0.0,0,0.0,0.0,53282.15,53308.4,52783.45,53710.35,0,0.0,0.0,0.0,0.0,-0.01,-1,-1,-0.01,-1,-1,-0.01,-1,-1,-0.01,-1,-1,-0.01,-1,-1,-0.01,-1,-1,-0.01,-1,-1,-0.01,-1,-1,-0.01,-1,-1,-0.01,-1,-1
99926009,2026-05-18 11:59:08+05:30,53018.1,0,0.0,0,0.0,0.0,53282.15,53308.4,52783.45,53710.35,0,0.0,0.0,0.0,0.0,-0.01,-1,-1,-0.01,-1,-1,-0.01,-1,-1,-0.01,-1,-1,-0.01,-1,-1,-0.01,-1,-1,-0.01,-1,-1,-0.01,-1,-1,-0.01,-1,-1,-0.01,-1,-1
99926009,2026-05-18 11:59:08+05:30,53016.0,0,0.0,0,0.0,0.0,53282.15,53308.4,52783.45,53710.35,0,0.0,0.0,0.0,0.0,-0.01,-1,-1,-0.01,-1,-1,-0.01,-1,-1,-0.01,-1,-1,-0.01,-1,-1,-0.01,-1,-1,-0.01,-1,-1,-0.01,-1,-1,-0.01,-1,-1,-0.01,-1,-1
99926009,2026-05-18 11:59:09+05:30,53014.25,0,0.0,0,0.0,0.0,53282.15,53308.4,52783.45,53710.35,0,0.0,0.0,0.0,0.0,-0.01,-1,-1,-0.01,-1,-1,-0.01,-1,-1,-0.01,-1,-1,-0.01,-1,-1,-0.01,-1,-1,-0.01,-1,-1,-0.01,-1,-1,-0.01,-1,-1,-0.01,-1,-1
99926009,2026-05-18 11:59:09+05:30,53014.35,0,0.0,0,0.0,0.0,53282.15,53308.4,52783.45,53710.35,0,0.0,0.0,0.0,0.0,-0.01,-1,-1,-0.01,-1,-1,-0.01,-1,-1,-0.01,-1,-1,-0.01,-1,-1,-0.01,-1,-1,-0.01,-1,-1,-0.01,-1,-1,-0.01,-1,-1,-0.01,-1,-1
99926009,2026-05-18 11:59:10+05:30,53010.9,0,0.0,0,0.0,0.0,53282.15,53308.4,52783.45,53710.35,0,0.0,0.0,0.0,0.0,-0.01,-1,-1,-0.01,-1,-1,-0.01,-1,-1,-0.01,-1,-1,-0.01,-1,-1,-0.01,-1,-1,-0.01,-1,-1,-0.01,-1,-1,-0.01,-1,-1,-0.01,-1,-1
99926009,2026-05-18 11:59:10+05:30,53008.8,0,0.0,0,0.0,0.0,53282.15,53308.4,52783.45,53710.35,0,0.0,0.0,0.0,0.0,-0.01,-1,-1,-0.01,-1,-1,-0.01,-1,-1,-0.01,-1,-1,-0.01,-1,-1,-0.01,-1,-1,-0.01,-1,-1,-0.01,-1,-1,-0.01,-1,-1,-0.01,-1,-1
99926009,2026-05-18 11:59:11+05:30,53008.15,0,0.0,0,0.0,0.0,53282.15,53308.4,52783.45,53710.35,0,0.0,0.0,0.0,0.0,-0.01,-1,-1,-0.01,-1,-1,-0.01,-1,-1,-0.01,-1,-1,-0.01,-1,-1,-0.01,-1,-1,-0.01,-1,-1,-0.01,-1,-1,-0.01,-1,-1,-0.01,-1,-1
99926009,2026-05-18 11:59:11+05:30,53008.05,0,0.0,0,0.0,0.0,53282.15,53308.4,52783.45,53710.35,0,0.0,0.0,0.0,0.0,-0.01,-1,-1,-0.01,-1,-1,-0.01,-1,-1,-0.01,-1,-1,-0.01,-1,-1,-0.01,-1,-1,-0.01,-1,-1,-0.01,-1,-1,-0.01,-1,-1,-0.01,-1,-1
99926009,2026-05-18 11:59:12+05:30,53008.75,0,0.0,0,0.0,0.0,53282.15,53308.4,52783.45,53710.35,0,0.0,0.0,0.0,0.0,-0.01,-1,-1,-0.01,-1,-1,-0.01,-1,-1,-0.01,-1,-1,-0.01,-1,-1,-0.01,-1,-1,-0.01,-1,-1,-0.01,-1,-1,-0.01,-1,-1,-0.01,-1,-1
99926009,2026-05-18 11:59:12+05:30,53009.0,0,0.0,0,0.0,0.0,53282.15,53308.4,52783.45,53710.35,0,0.0,0.0,0.0,0.0,-0.01,-1,-1,-0.01,-1,-1,-0.01,-1,-1,-0.01,-1,-1,-0.01,-1,-1,-0.01,-1,-1,-0.01,-1,-1,-0.01,-1,-1,-0.01,-1,-1,-0.01,-1,-1
99926009,2026-05-18 11:59:13+05:30,53008.35,0,0.0,0,0.0,0.0,53282.15,53308.4,52783.45,53710.35,0,0.0,0.0,0.0,0.0,-0.01,-1,-1,-0.01,-1,-1,-0.01,-1,-1,-0.01,-1,-1,-0.01,-1,-1,-0.01,-1,-1,-0.01,-1,-1,-0.01,-1,-1,-0.01,-1,-1,-0.01,-1,-1
99926009,2026-05-18 11:59:13+05:30,53006.7,0,0.0,0,0.0,0.0,53282.15,53308.4,52783.45,53710.35,0,0.0,0.0,0.0,0.0,-0.01,-1,-1,-0.01,-1,-1,-0.01,-1,-1,-0.01,-1,-1,-0.01,-1,-1,-0.01,-1,-1,-0.01,-1,-1,-0.01,-1,-1,-0.01,-1,-1,-0.01,-1,-1
99926009,2026-05-18 11:59:14+05:30,53004.35,0,0.0,0,0.0,0.0,53282.15,53308.4,52783.45,53710.35,0,0.0,0.0,0.0,0.0,-0.01,-1,-1,-0.01,-1,-1,-0.01,-1,-1,-0.01,-1,-1,-0.01,-1,-1,-0.01,-1,-1,-0.01,-1,-1,-0.01,-1,-1,-0.01,-1,-1,-0.01,-1,-1
99926009,2026-05-18 11:59:14+05:30,53004.6,0,0.0,0,0.0,0.0,53282.15,53308.4,52783.45,53710.35,0,0.0,0.0,0.0,0.0,-0.01,-1,-1,-0.01,-1,-1,-0.01,-1,-1,-0.01,-1,-1,-0.01,-1,-1,-0.01,-1,-1,-0.01,-1,-1,-0.01,-1,-1,-0.01,-1,-1,-0.01,-1,-1
99926009,2026-05-18 11:59:15+05:30,53007.35,0,0.0,0,0.0,0.0,53282.15,53308.4,52783.45,53710.35,0,0.0,0.0,0.0,0.0,-0.01,-1,-1,-0.01,-1,-1,-0.01,-1,-1,-0.01,-1,-1,-0.01,-1,-1,-0.01,-1,-1,-0.01,-1,-1,-0.01,-1,-1,-0.01,-1,-1,-0.01,-1,-1
99926009,2026-05-18 11:59:15+05:30,53004.6,0,0.0,0,0.0,0.0,53282.15,53308.4,52783.45,53710.35,0,0.0,0.0,0.0,0.0,-0.01,-1,-1,-0.01,-1,-1,-0.01,-1,-1,-0.01,-1,-1,-0.01,-1,-1,-0.01,-1,-1,-0.01,-1,-1,-0.01,-1,-1,-0.01,-1,-1,-0.01,-1,-1
99926009,2026-05-18 11:59:16+05:30,53007.7,0,0.0,0,0.0,0.0,53282.15,53308.4,52783.45,53710.35,0,0.0,0.0,0.0,0.0,-0.01,-1,-1,-0.01,-1,-1,-0.01,-1,-1,-0.01,-1,-1,-0.01,-1,-1,-0.01,-1,-1,-0.01,-1,-1,-0.01,-1,-1,-0.01,-1,-1,-0.01,-1,-1
99926009,2026-05-18 11:59:16+05:30,53006.05,0,0.0,0,0.0,0.0,53282.15,53308.4,52783.45,53710.35,0,0.0,0.0,0.0,0.0,-0.01,-1,-1,-0.01,-1,-1,-0.01,-1,-1,-0.01,-1,-1,-0.01,-1,-1,-0.01,-1,-1,-0.01,-1,-1,-0.01,-1,-1,-0.01,-1,-1,-0.01,-1,-1
99926009,2026-05-18 11:59:17+05:30,53004.5,0,0.0,0,0.0,0.0,53282.15,53308.4,52783.45,53710.35,0,0.0,0.0,0.0,0.0,-0.01,-1,-1,-0.01,-1,-1,-0.01,-1,-1,-0.01,-1,-1,-0.01,-1,-1,-0.01,-1,-1,-0.01,-1,-1,-0.01,-1,-1,-0.01,-1,-1,-0.01,-1,-1
99926009,2026-05-18 11:59:17+05:30,53002.65,0,0.0,0,0.0,0.0,53282.15,53308.4,52783.45,53710.35,0,0.0,0.0,0.0,0.0,-0.01,-1,-1,-0.01,-1,-1,-0.01,-1,-1,-0.01,-1,-1,-0.01,-1,-1,-0.01,-1,-1,-0.01,-1,-1,-0.01,-1,-1,-0.01,-1,-1,-0.01,-1,-1
99926009,2026-05-18 11:59:18+05:30,53002.6,0,0.0,0,0.0,0.0,53282.15,53308.4,52783.45,53710.35,0,0.0,0.0,0.0,0.0,-0.01,-1,-1,-0.01,-1,-1,-0.01,-1,-1,-0.01,-1,-1,-0.01,-1,-1,-0.01,-1,-1,-0.01,-1,-1,-0.01,-1,-1,-0.01,-1,-1,-0.01,-1,-1
99926009,2026-05-18 11:59:18+05:30,53002.7,0,0.0,0,0.0,0.0,53282.15,53308.4,52783.45,53710.35,0,0.0,0.0,0.0,0.0,-0.01,-1,-1,-0.01,-1,-1,-0.01,-1,-1,-0.01,-1,-1,-0.01,-1,-1,-0.01,-1,-1,-0.01,-1,-1,-0.01,-1,-1,-0.01,-1,-1,-0.01,-1,-1
99926009,2026-05-18 11:59:19+05:30,53001.9,0,0.0,0,0.0,0.0,53282.15,53308.4,52783.45,53710.35,0,0.0,0.0,0.0,0.0,-0.01,-1,-1,-0.01,-1,-1,-0.01,-1,-1,-0.01,-1,-1,-0.01,-1,-1,-0.01,-1,-1,-0.01,-1,-1,-0.01,-1,-1,-0.01,-1,-1,-0.01,-1,-1
99926009,2026-05-18 11:59:19+05:30,53001.2,0,0.0,0,0.0,0.0,53282.15,53308.4,52783.45,53710.35,0,0.0,0.0,0.0,0.0,-0.01,-1,-1,-0.01,-1,-1,-0.01,-1,-1,-0.01,-1,-1,-0.01,-1,-1,-0.01,-1,-1,-0.01,-1,-1,-0.01,-1,-1,-0.01,-1,-1,-0.01,-1,-1
99926009,2026-05-18 11:59:20+05:30,53004.5,0,0.0,0,0.0,0.0,53282.15,53308.4,52783.45,53710.35,0,0.0,0.0,0.0,0.0,-0.01,-1,-1,-0.01,-1,-1,-0.01,-1,-1,-0.01,-1,-1,-0.01,-1,-1,-0.01,-1,-1,-0.01,-1,-1,-0.01,-1,-1,-0.01,-1,-1,-0.01,-1,-1
99926009,2026-05-18 11:59:20+05:30,53005.0,0,0.0,0,0.0,0.0,53282.15,53308.4,52783.45,53710.35,0,0.0,0.0,0.0,0.0,-0.01,-1,-1,-0.01,-1,-1,-0.01,-1,-1,-0.01,-1,-1,-0.01,-1,-1,-0.01,-1,-1,-0.01,-1,-1,-0.01,-1,-1,-0.01,-1,-1,-0.01,-1,-1
99926009,2026-05-18 11:59:21+05:30,53002.8,0,0.0,0,0.0,0.0,53282.15,53308.4,52783.45,53710.35,0,0.0,0.0,0.0,0.0,-0.01,-1,-1,-0.01,-1,-1,-0.01,-1,-1,-0.01,-1,-1,-0.01,-1,-1,-0.01,-1,-1,-0.01,-1,-1,-0.01,-1,-1,-0.01,-1,-1,-0.01,-1,-1
99926009,2026-05-18 11:59:21+05:30,53005.55,0,0.0,0,0.0,0.0,53282.15,53308.4,52783.45,53710.35,0,0.0,0.0,0.0,0.0,-0.01,-1,-1,-0.01,-1,-1,-0.01,-1,-1,-0.01,-1,-1,-0.01,-1,-1,-0.01,-1,-1,-0.01,-1,-1,-0.01,-1,-1,-0.01,-1,-1,-0.01,-1,-1
99926009,2026-05-18 11:59:22+05:30,53005.4,0,0.0,0,0.0,0.0,53282.15,53308.4,52783.45,53710.35,0,0.0,0.0,0.0,0.0,-0.01,-1,-1,-0.01,-1,-1,-0.01,-1,-1,-0.01,-1,-1,-0.01,-1,-1,-0.01,-1,-1,-0.01,-1,-1,-0.01,-1,-1,-0.01,-1,-1,-0.01,-1,-1
99926009,2026-05-18 11:59:22+05:30,53005.85,0,0.0,0,0.0,0.0,53282.15,53308.4,52783.45,53710.35,0,0.0,0.0,0.0,0.0,-0.01,-1,-1,-0.01,-1,-1,-0.01,-1,-1,-0.01,-1,-1,-0.01,-1,-1,-0.01,-1,-1,-0.01,-1,-1,-0.01,-1,-1,-0.01,-1,-1,-0.01,-1,-1
99926009,2026-05-18 11:59:23+05:30,53006.0,0,0.0,0,0.0,0.0,53282.15,53308.4,52783.45,53710.35,0,0.0,0.0,0.0,0.0,-0.01,-1,-1,-0.01,-1,-1,-0.01,-1,-1,-0.01,-1,-1,-0.01,-1,-1,-0.01,-1,-1,-0.01,-1,-1,-0.01,-1,-1,-0.01,-1,-1,-0.01,-1,-1
99926009,2026-05-18 11:59:23+05:30,53004.7,0,0.0,0,0.0,0.0,53282.15,53308.4,52783.45,53710.35,0,0.0,0.0,0.0,0.0,-0.01,-1,-1,-0.01,-1,-1,-0.01,-1,-1,-0.01,-1,-1,-0.01,-1,-1,-0.01,-1,-1,-0.01,-1,-1,-0.01,-1,-1,-0.01,-1,-1,-0.01,-1,-1
99926009,2026-05-18 11:59:24+05:30,53003.75,0,0.0,0,0.0,0.0,53282.15,53308.4,52783.45,53710.35,0,0.0,0.0,0.0,0.0,-0.01,-1,-1,-0.01,-1,-1,-0.01,-1,-1,-0.01,-1,-1,-0.01,-1,-1,-0.01,-1,-1,-0.01,-1,-1,-0.01,-1,-1,-0.01,-1,-1,-0.01,-1,-1
99926009,2026-05-18 11:59:24+05:30,53004.15,0,0.0,0,0.0,0.0,53282.15,53308.4,52783.45,53710.35,0,0.0,0.0,0.0,0.0,-0.01,-1,-1,-0.01,-1,-1,-0.01,-1,-1,-0.01,-1,-1,-0.01,-1,-1,-0.01,-1,-1,-0.01,-1,-1,-0.01,-1,-1,-0.01,-1,-1,-0.01,-1,-1
99926009,2026-05-18 11:59:25+05:30,53006.15,0,0.0,0,0.0,0.0,53282.15,53308.4,52783.45,53710.35,0,0.0,0.0,0.0,0.0,-0.01,-1,-1,-0.01,-1,-1,-0.01,-1,-1,-0.01,-1,-1,-0.01,-1,-1,-0.01,-1,-1,-0.01,-1,-1,-0.01,-1,-1,-0.01,-1,-1,-0.01,-1,-1
99926009,2026-05-18 11:59:25+05:30,53004.6,0,0.0,0,0.0,0.0,53282.15,53308.4,52783.45,53710.35,0,0.0,0.0,0.0,0.0,-0.01,-1,-1,-0.01,-1,-1,-0.01,-1,-1,-0.01,-1,-1,-0.01,-1,-1,-0.01,-1,-1,-0.01,-1,-1,-0.01,-1,-1,-0.01,-1,-1,-0.01,-1,-1
99926009,2026-05-18 11:59:26+05:30,53002.4,0,0.0,0,0.0,0.0,53282.15,53308.4,52783.45,53710.35,0,0.0,0.0,0.0,0.0,-0.01,-1,-1,-0.01,-1,-1,-0.01,-1,-1,-0.01,-1,-1,-0.01,-1,-1,-0.01,-1,-1,-0.01,-1,-1,-0.01,-1,-1,-0.01,-1,-1,-0.01,-1,-1
99926009,2026-05-18 11:59:26+05:30,53002.75,0,0.0,0,0.0,0.0,53282.15,53308.4,52783.45,53710.35,0,0.0,0.0,0.0,0.0,-0.01,-1,-1,-0.01,-1,-1,-0.01,-1,-1,-0.01,-1,-1,-0.01,-1,-1,-0.01,-1,-1,-0.01,-1,-1,-0.01,-1,-1,-0.01,-1,-1,-0.01,-1,-1
99926009,2026-05-18 11:59:27+05:30,53001.95,0,0.0,0,0.0,0.0,53282.15,53308.4,52783.45,53710.35,0,0.0,0.0,0.0,0.0,-0.01,-1,-1,-0.01,-1,-1,-0.01,-1,-1,-0.01,-1,-1,-0.01,-1,-1,-0.01,-1,-1,-0.01,-1,-1,-0.01,-1,-1,-0.01,-1,-1,-0.01,-1,-1
99926009,2026-05-18 11:59:27+05:30,53002.7,0,0.0,0,0.0,0.0,53282.15,53308.4,52783.45,53710.35,0,0.0,0.0,0.0,0.0,-0.01,-1,-1,-0.01,-1,-1,-0.01,-1,-1,-0.01,-1,-1,-0.01,-1,-1,-0.01,-1,-1,-0.01,-1,-1,-0.01,-1,-1,-0.01,-1,-1,-0.01,-1,-1
99926009,2026-05-18 11:59:28+05:30,53002.7,0,0.0,0,0.0,0.0,53282.15,53308.4,52783.45,53710.35,0,0.0,0.0,0.0,0.0,-0.01,-1,-1,-0.01,-1,-1,-0.01,-1,-1,-0.01,-1,-1,-0.01,-1,-1,-0.01,-1,-1,-0.01,-1,-1,-0.01,-1,-1,-0.01,-1,-1,-0.01,-1,-1
99926009,2026-05-18 11:59:28+05:30,53003.2,0,0.0,0,0.0,0.0,53282.15,53308.4,52783.45,53710.35,0,0.0,0.0,0.0,0.0,-0.01,-1,-1,-0.01,-1,-1,-0.01,-1,-1,-0.01,-1,-1,-0.01,-1,-1,-0.01,-1,-1,-0.01,-1,-1,-0.01,-1,-1,-0.01,-1,-1,-0.01,-1,-1
99926009,2026-05-18 11:59:29+05:30,53000.8,0,0.0,0,0.0,0.0,53282.15,53308.4,52783.45,53710.35,0,0.0,0.0,0.0,0.0,-0.01,-1,-1,-0.01,-1,-1,-0.01,-1,-1,-0.01,-1,-1,-0.01,-1,-1,-0.01,-1,-1,-0.01,-1,-1,-0.01,-1,-1,-0.01,-1,-1,-0.01,-1,-1
99926009,2026-05-18 11:59:29+05:30,53003.1,0,0.0,0,0.0,0.0,53282.15,53308.4,52783.45,53710.35,0,0.0,0.0,0.0,0.0,-0.01,-1,-1,-0.01,-1,-1,-0.01,-1,-1,-0.01,-1,-1,-0.01,-1,-1,-0.01,-1,-1,-0.01,-1,-1,-0.01,-1,-1,-0.01,-1,-1,-0.01,-1,-1
99926009,2026-05-18 11:59:30+05:30,53007.1,0,0.0,0,0.0,0.0,53282.15,53308.4,52783.45,53710.35,0,0.0,0.0,0.0,0.0,-0.01,-1,-1,-0.01,-1,-1,-0.01,-1,-1,-0.01,-1,-1,-0.01,-1,-1,-0.01,-1,-1,-0.01,-1,-1,-0.01,-1,-1,-0.01,-1,-1,-0.01,-1,-1
99926009,2026-05-18 11:59:30+05:30,53000.7,0,0.0,0,0.0,0.0,53282.15,53308.4,52783.45,53710.35,0,0.0,0.0,0.0,0.0,-0.01,-1,-1,-0.01,-1,-1,-0.01,-1,-1,-0.01,-1,-1,-0.01,-1,-1,-0.01,-1,-1,-0.01,-1,-1,-0.01,-1,-1,-0.01,-1,-1,-0.01,-1,-1
99926009,2026-05-18 11:59:31+05:30,53004.55,0,0.0,0,0.0,0.0,53282.15,53308.4,52783.45,53710.35,0,0.0,0.0,0.0,0.0,-0.01,-1,-1,-0.01,-1,-1,-0.01,-1,-1,-0.01,-1,-1,-0.01,-1,-1,-0.01,-1,-1,-0.01,-1,-1,-0.01,-1,-1,-0.01,-1,-1,-0.01,-1,-1
99926009,2026-05-18 11:59:31+05:30,53000.2,0,0.0,0,0.0,0.0,53282.15,53308.4,52783.45,53710.35,0,0.0,0.0,0.0,0.0,-0.01,-1,-1,-0.01,-1,-1,-0.01,-1,-1,-0.01,-1,-1,-0.01,-1,-1,-0.01,-1,-1,-0.01,-1,-1,-0.01,-1,-1,-0.01,-1,-1,-0.01,-1,-1
99926009,2026-05-18 11:59:32+05:30,53003.7,0,0.0,0,0.0,0.0,53282.15,53308.4,52783.45,53710.35,0,0.0,0.0,0.0,0.0,-0.01,-1,-1,-0.01,-1,-1,-0.01,-1,-1,-0.01,-1,-1,-0.01,-1,-1,-0.01,-1,-1,-0.01,-1,-1,-0.01,-1,-1,-0.01,-1,-1,-0.01,-1,-1
99926009,2026-05-18 11:59:32+05:30,53004.55,0,0.0,0,0.0,0.0,53282.15,53308.4,52783.45,53710.35,0,0.0,0.0,0.0,0.0,-0.01,-1,-1,-0.01,-1,-1,-0.01,-1,-1,-0.01,-1,-1,-0.01,-1,-1,-0.01,-1,-1,-0.01,-1,-1,-0.01,-1,-1,-0.01,-1,-1,-0.01,-1,-1
99926009,2026-05-18 11:59:33+05:30,53002.8,0,0.0,0,0.0,0.0,53282.15,53308.4,52783.45,53710.35,0,0.0,0.0,0.0,0.0,-0.01,-1,-1,-0.01,-1,-1,-0.01,-1,-1,-0.01,-1,-1,-0.01,-1,-1,-0.01,-1,-1,-0.01,-1,-1,-0.01,-1,-1,-0.01,-1,-1,-0.01,-1,-1
99926009,2026-05-18 11:59:33+05:30,52998.55,0,0.0,0,0.0,0.0,53282.15,53308.4,52783.45,53710.35,0,0.0,0.0,0.0,0.0,-0.01,-1,-1,-0.01,-1,-1,-0.01,-1,-1,-0.01,-1,-1,-0.01,-1,-1,-0.01,-1,-1,-0.01,-1,-1,-0.01,-1,-1,-0.01,-1,-1,-0.01,-1,-1
99926009,2026-05-18 11:59:34+05:30,53002.5,0,0.0,0,0.0,0.0,53282.15,53308.4,52783.45,53710.35,0,0.0,0.0,0.0,0.0,-0.01,-1,-1,-0.01,-1,-1,-0.01,-1,-1,-0.01,-1,-1,-0.01,-1,-1,-0.01,-1,-1,-0.01,-1,-1,-0.01,-1,-1,-0.01,-1,-1,-0.01,-1,-1
99926009,2026-05-18 11:59:34+05:30,53002.6,0,0.0,0,0.0,0.0,53282.15,53308.4,52783.45,53710.35,0,0.0,0.0,0.0,0.0,-0.01,-1,-1,-0.01,-1,-1,-0.01,-1,-1,-0.01,-1,-1,-0.01,-1,-1,-0.01,-1,-1,-0.01,-1,-1,-0.01,-1,-1,-0.01,-1,-1,-0.01,-1,-1
99926009,2026-05-18 11:59:35+05:30,53005.5,0,0.0,0,0.0,0.0,53282.15,53308.4,52783.45,53710.35,0,0.0,0.0,0.0,0.0,-0.01,-1,-1,-0.01,-1,-1,-0.01,-1,-1,-0.01,-1,-1,-0.01,-1,-1,-0.01,-1,-1,-0.01,-1,-1,-0.01,-1,-1,-0.01,-1,-1,-0.01,-1,-1
99926009,2026-05-18 11:59:35+05:30,53004.2,0,0.0,0,0.0,0.0,53282.15,53308.4,52783.45,53710.35,0,0.0,0.0,0.0,0.0,-0.01,-1,-1,-0.01,-1,-1,-0.01,-1,-1,-0.01,-1,-1,-0.01,-1,-1,-0.01,-1,-1,-0.01,-1,-1,-0.01,-1,-1,-0.01,-1,-1,-0.01,-1,-1
99926009,2026-05-18 11:59:36+05:30,52999.75,0,0.0,0,0.0,0.0,53282.15,53308.4,52783.45,53710.35,0,0.0,0.0,0.0,0.0,-0.01,-1,-1,-0.01,-1,-1,-0.01,-1,-1,-0.01,-1,-1,-0.01,-1,-1,-0.01,-1,-1,-0.01,-1,-1,-0.01,-1,-1,-0.01,-1,-1,-0.01,-1,-1
99926009,2026-05-18 11:59:36+05:30,52999.65,0,0.0,0,0.0,0.0,53282.15,53308.4,52783.45,53710.35,0,0.0,0.0,0.0,0.0,-0.01,-1,-1,-0.01,-1,-1,-0.01,-1,-1,-0.01,-1,-1,-0.01,-1,-1,-0.01,-1,-1,-0.01,-1,-1,-0.01,-1,-1,-0.01,-1,-1,-0.01,-1,-1
99926009,2026-05-18 11:59:37+05:30,52999.85,0,0.0,0,0.0,0.0,53282.15,53308.4,52783.45,53710.35,0,0.0,0.0,0.0,0.0,-0.01,-1,-1,-0.01,-1,-1,-0.01,-1,-1,-0.01,-1,-1,-0.01,-1,-1,-0.01,-1,-1,-0.01,-1,-1,-0.01,-1,-1,-0.01,-1,-1,-0.01,-1,-1
99926009,2026-05-18 11:59:37+05:30,53000.5,0,0.0,0,0.0,0.0,53282.15,53308.4,52783.45,53710.35,0,0.0,0.0,0.0,0.0,-0.01,-1,-1,-0.01,-1,-1,-0.01,-1,-1,-0.01,-1,-1,-0.01,-1,-1,-0.01,-1,-1,-0.01,-1,-1,-0.01,-1,-1,-0.01,-1,-1,-0.01,-1,-1
99926009,2026-05-18 11:59:38+05:30,53001.9,0,0.0,0,0.0,0.0,53282.15,53308.4,52783.45,53710.35,0,0.0,0.0,0.0,0.0,-0.01,-1,-1,-0.01,-1,-1,-0.01,-1,-1,-0.01,-1,-1,-0.01,-1,-1,-0.01,-1,-1,-0.01,-1,-1,-0.01,-1,-1,-0.01,-1,-1,-0.01,-1,-1
99926009,2026-05-18 11:59:38+05:30,52998.5,0,0.0,0,0.0,0.0,53282.15,53308.4,52783.45,53710.35,0,0.0,0.0,0.0,0.0,-0.01,-1,-1,-0.01,-1,-1,-0.01,-1,-1,-0.01,-1,-1,-0.01,-1,-1,-0.01,-1,-1,-0.01,-1,-1,-0.01,-1,-1,-0.01,-1,-1,-0.01,-1,-1
99926009,2026-05-18 11:59:39+05:30,52998.35,0,0.0,0,0.0,0.0,53282.15,53308.4,52783.45,53710.35,0,0.0,0.0,0.0,0.0,-0.01,-1,-1,-0.01,-1,-1,-0.01,-1,-1,-0.01,-1,-1,-0.01,-1,-1,-0.01,-1,-1,-0.01,-1,-1,-0.01,-1,-1,-0.01,-1,-1,-0.01,-1,-1
99926009,2026-05-18 11:59:39+05:30,52998.75,0,0.0,0,0.0,0.0,53282.15,53308.4,52783.45,53710.35,0,0.0,0.0,0.0,0.0,-0.01,-1,-1,-0.01,-1,-1,-0.01,-1,-1,-0.01,-1,-1,-0.01,-1,-1,-0.01,-1,-1,-0.01,-1,-1,-0.01,-1,-1,-0.01,-1,-1,-0.01,-1,-1
99926009,2026-05-18 11:59:40+05:30,53000.95,0,0.0,0,0.0,0.0,53282.15,53308.4,52783.45,53710.35,0,0.0,0.0,0.0,0.0,-0.01,-1,-1,-0.01,-1,-1,-0.01,-1,-1,-0.01,-1,-1,-0.01,-1,-1,-0.01,-1,-1,-0.01,-1,-1,-0.01,-1,-1,-0.01,-1,-1,-0.01,-1,-1
99926009,2026-05-18 11:59:40+05:30,52998.0,0,0.0,0,0.0,0.0,53282.15,53308.4,52783.45,53710.35,0,0.0,0.0,0.0,0.0,-0.01,-1,-1,-0.01,-1,-1,-0.01,-1,-1,-0.01,-1,-1,-0.01,-1,-1,-0.01,-1,-1,-0.01,-1,-1,-0.01,-1,-1,-0.01,-1,-1,-0.01,-1,-1
99926009,2026-05-18 11:59:41+05:30,52997.45,0,0.0,0,0.0,0.0,53282.15,53308.4,52783.45,53710.35,0,0.0,0.0,0.0,0.0,-0.01,-1,-1,-0.01,-1,-1,-0.01,-1,-1,-0.01,-1,-1,-0.01,-1,-1,-0.01,-1,-1,-0.01,-1,-1,-0.01,-1,-1,-0.01,-1,-1,-0.01,-1,-1
99926009,2026-05-18 11:59:41+05:30,52997.75,0,0.0,0,0.0,0.0,53282.15,53308.4,52783.45,53710.35,0,0.0,0.0,0.0,0.0,-0.01,-1,-1,-0.01,-1,-1,-0.01,-1,-1,-0.01,-1,-1,-0.01,-1,-1,-0.01,-1,-1,-0.01,-1,-1,-0.01,-1,-1,-0.01,-1,-1,-0.01,-1,-1
99926009,2026-05-18 11:59:42+05:30,52997.35,0,0.0,0,0.0,0.0,53282.15,53308.4,52783.45,53710.35,0,0.0,0.0,0.0,0.0,-0.01,-1,-1,-0.01,-1,-1,-0.01,-1,-1,-0.01,-1,-1,-0.01,-1,-1,-0.01,-1,-1,-0.01,-1,-1,-0.01,-1,-1,-0.01,-1,-1,-0.01,-1,-1
99926009,2026-05-18 11:59:42+05:30,52994.2,0,0.0,0,0.0,0.0,53282.15,53308.4,52783.45,53710.35,0,0.0,0.0,0.0,0.0,-0.01,-1,-1,-0.01,-1,-1,-0.01,-1,-1,-0.01,-1,-1,-0.01,-1,-1,-0.01,-1,-1,-0.01,-1,-1,-0.01,-1,-1,-0.01,-1,-1,-0.01,-1,-1
99926009,2026-05-18 11:59:43+05:30,52995.5,0,0.0,0,0.0,0.0,53282.15,53308.4,52783.45,53710.35,0,0.0,0.0,0.0,0.0,-0.01,-1,-1,-0.01,-1,-1,-0.01,-1,-1,-0.01,-1,-1,-0.01,-1,-1,-0.01,-1,-1,-0.01,-1,-1,-0.01,-1,-1,-0.01,-1,-1,-0.01,-1,-1
99926009,2026-05-18 11:59:43+05:30,52991.4,0,0.0,0,0.0,0.0,53282.15,53308.4,52783.45,53710.35,0,0.0,0.0,0.0,0.0,-0.01,-1,-1,-0.01,-1,-1,-0.01,-1,-1,-0.01,-1,-1,-0.01,-1,-1,-0.01,-1,-1,-0.01,-1,-1,-0.01,-1,-1,-0.01,-1,-1,-0.01,-1,-1
99926009,2026-05-18 11:59:44+05:30,52993.2,0,0.0,0,0.0,0.0,53282.15,53308.4,52783.45,53710.35,0,0.0,0.0,0.0,0.0,-0.01,-1,-1,-0.01,-1,-1,-0.01,-1,-1,-0.01,-1,-1,-0.01,-1,-1,-0.01,-1,-1,-0.01,-1,-1,-0.01,-1,-1,-0.01,-1,-1,-0.01,-1,-1
99926009,2026-05-18 11:59:44+05:30,52992.5,0,0.0,0,0.0,0.0,53282.15,53308.4,52783.45,53710.35,0,0.0,0.0,0.0,0.0,-0.01,-1,-1,-0.01,-1,-1,-0.01,-1,-1,-0.01,-1,-1,-0.01,-1,-1,-0.01,-1,-1,-0.01,-1,-1,-0.01,-1,-1,-0.01,-1,-1,-0.01,-1,-1
99926009,2026-05-18 11:59:45+05:30,52993.55,0,0.0,0,0.0,0.0,53282.15,53308.4,52783.45,53710.35,0,0.0,0.0,0.0,0.0,-0.01,-1,-1,-0.01,-1,-1,-0.01,-1,-1,-0.01,-1,-1,-0.01,-1,-1,-0.01,-1,-1,-0.01,-1,-1,-0.01,-1,-1,-0.01,-1,-1,-0.01,-1,-1
99926009,2026-05-18 11:59:45+05:30,52993.85,0,0.0,0,0.0,0.0,53282.15,53308.4,52783.45,53710.35,0,0.0,0.0,0.0,0.0,-0.01,-1,-1,-0.01,-1,-1,-0.01,-1,-1,-0.01,-1,-1,-0.01,-1,-1,-0.01,-1,-1,-0.01,-1,-1,-0.01,-1,-1,-0.01,-1,-1,-0.01,-1,-1
99926009,2026-05-18 11:59:46+05:30,52995.4,0,0.0,0,0.0,0.0,53282.15,53308.4,52783.45,53710.35,0,0.0,0.0,0.0,0.0,-0.01,-1,-1,-0.01,-1,-1,-0.01,-1,-1,-0.01,-1,-1,-0.01,-1,-1,-0.01,-1,-1,-0.01,-1,-1,-0.01,-1,-1,-0.01,-1,-1,-0.01,-1,-1
99926009,2026-05-18 11:59:46+05:30,52992.6,0,0.0,0,0.0,0.0,53282.15,53308.4,52783.45,53710.35,0,0.0,0.0,0.0,0.0,-0.01,-1,-1,-0.01,-1,-1,-0.01,-1,-1,-0.01,-1,-1,-0.01,-1,-1,-0.01,-1,-1,-0.01,-1,-1,-0.01,-1,-1,-0.01,-1,-1,-0.01,-1,-1
99926009,2026-05-18 11:59:47+05:30,52991.15,0,0.0,0,0.0,0.0,53282.15,53308.4,52783.45,53710.35,0,0.0,0.0,0.0,0.0,-0.01,-1,-1,-0.01,-1,-1,-0.01,-1,-1,-0.01,-1,-1,-0.01,-1,-1,-0.01,-1,-1,-0.01,-1,-1,-0.01,-1,-1,-0.01,-1,-1,-0.01,-1,-1
99926009,2026-05-18 11:59:47+05:30,52991.65,0,0.0,0,0.0,0.0,53282.15,53308.4,52783.45,53710.35,0,0.0,0.0,0.0,0.0,-0.01,-1,-1,-0.01,-1,-1,-0.01,-1,-1,-0.01,-1,-1,-0.01,-1,-1,-0.01,-1,-1,-0.01,-1,-1,-0.01,-1,-1,-0.01,-1,-1,-0.01,-1,-1
99926009,2026-05-18 11:59:48+05:30,52990.0,0,0.0,0,0.0,0.0,53282.15,53308.4,52783.45,53710.35,0,0.0,0.0,0.0,0.0,-0.01,-1,-1,-0.01,-1,-1,-0.01,-1,-1,-0.01,-1,-1,-0.01,-1,-1,-0.01,-1,-1,-0.01,-1,-1,-0.01,-1,-1,-0.01,-1,-1,-0.01,-1,-1
99926009,2026-05-18 11:59:48+05:30,52990.4,0,0.0,0,0.0,0.0,53282.15,53308.4,52783.45,53710.35,0,0.0,0.0,0.0,0.0,-0.01,-1,-1,-0.01,-1,-1,-0.01,-1,-1,-0.01,-1,-1,-0.01,-1,-1,-0.01,-1,-1,-0.01,-1,-1,-0.01,-1,-1,-0.01,-1,-1,-0.01,-1,-1
99926009,2026-05-18 11:59:49+05:30,52990.15,0,0.0,0,0.0,0.0,53282.15,53308.4,52783.45,53710.35,0,0.0,0.0,0.0,0.0,-0.01,-1,-1,-0.01,-1,-1,-0.01,-1,-1,-0.01,-1,-1,-0.01,-1,-1,-0.01,-1,-1,-0.01,-1,-1,-0.01,-1,-1,-0.01,-1,-1,-0.01,-1,-1
99926009,2026-05-18 11:59:49+05:30,52991.2,0,0.0,0,0.0,0.0,53282.15,53308.4,52783.45,53710.35,0,0.0,0.0,0.0,0.0,-0.01,-1,-1,-0.01,-1,-1,-0.01,-1,-1,-0.01,-1,-1,-0.01,-1,-1,-0.01,-1,-1,-0.01,-1,-1,-0.01,-1,-1,-0.01,-1,-1,-0.01,-1,-1
99926009,2026-05-18 11:59:50+05:30,52991.1,0,0.0,0,0.0,0.0,53282.15,53308.4,52783.45,53710.35,0,0.0,0.0,0.0,0.0,-0.01,-1,-1,-0.01,-1,-1,-0.01,-1,-1,-0.01,-1,-1,-0.01,-1,-1,-0.01,-1,-1,-0.01,-1,-1,-0.01,-1,-1,-0.01,-1,-1,-0.01,-1,-1
99926009,2026-05-18 11:59:50+05:30,52988.45,0,0.0,0,0.0,0.0,53282.15,53308.4,52783.45,53710.35,0,0.0,0.0,0.0,0.0,-0.01,-1,-1,-0.01,-1,-1,-0.01,-1,-1,-0.01,-1,-1,-0.01,-1,-1,-0.01,-1,-1,-0.01,-1,-1,-0.01,-1,-1,-0.01,-1,-1,-0.01,-1,-1
99926009,2026-05-18 11:59:51+05:30,52987.0,0,0.0,0,0.0,0.0,53282.15,53308.4,52783.45,53710.35,0,0.0,0.0,0.0,0.0,-0.01,-1,-1,-0.01,-1,-1,-0.01,-1,-1,-0.01,-1,-1,-0.01,-1,-1,-0.01,-1,-1,-0.01,-1,-1,-0.01,-1,-1,-0.01,-1,-1,-0.01,-1,-1
99926009,2026-05-18 11:59:51+05:30,52980.7,0,0.0,0,0.0,0.0,53282.15,53308.4,52783.45,53710.35,0,0.0,0.0,0.0,0.0,-0.01,-1,-1,-0.01,-1,-1,-0.01,-1,-1,-0.01,-1,-1,-0.01,-1,-1,-0.01,-1,-1,-0.01,-1,-1,-0.01,-1,-1,-0.01,-1,-1,-0.01,-1,-1
99926009,2026-05-18 11:59:52+05:30,52980.0,0,0.0,0,0.0,0.0,53282.15,53308.4,52783.45,53710.35,0,0.0,0.0,0.0,0.0,-0.01,-1,-1,-0.01,-1,-1,-0.01,-1,-1,-0.01,-1,-1,-0.01,-1,-1,-0.01,-1,-1,-0.01,-1,-1,-0.01,-1,-1,-0.01,-1,-1,-0.01,-1,-1
99926009,2026-05-18 11:59:52+05:30,52979.3,0,0.0,0,0.0,0.0,53282.15,53308.4,52783.45,53710.35,0,0.0,0.0,0.0,0.0,-0.01,-1,-1,-0.01,-1,-1,-0.01,-1,-1,-0.01,-1,-1,-0.01,-1,-1,-0.01,-1,-1,-0.01,-1,-1,-0.01,-1,-1,-0.01,-1,-1,-0.01,-1,-1
99926009,2026-05-18 11:59:53+05:30,52980.3,0,0.0,0,0.0,0.0,53282.15,53308.4,52783.45,53710.35,0,0.0,0.0,0.0,0.0,-0.01,-1,-1,-0.01,-1,-1,-0.01,-1,-1,-0.01,-1,-1,-0.01,-1,-1,-0.01,-1,-1,-0.01,-1,-1,-0.01,-1,-1,-0.01,-1,-1,-0.01,-1,-1
99926009,2026-05-18 11:59:53+05:30,52974.7,0,0.0,0,0.0,0.0,53282.15,53308.4,52783.45,53710.35,0,0.0,0.0,0.0,0.0,-0.01,-1,-1,-0.01,-1,-1,-0.01,-1,-1,-0.01,-1,-1,-0.01,-1,-1,-0.01,-1,-1,-0.01,-1,-1,-0.01,-1,-1,-0.01,-1,-1,-0.01,-1,-1
99926009,2026-05-18 11:59:54+05:30,52977.15,0,0.0,0,0.0,0.0,53282.15,53308.4,52783.45,53710.35,0,0.0,0.0,0.0,0.0,-0.01,-1,-1,-0.01,-1,-1,-0.01,-1,-1,-0.01,-1,-1,-0.01,-1,-1,-0.01,-1,-1,-0.01,-1,-1,-0.01,-1,-1,-0.01,-1,-1,-0.01,-1,-1
99926009,2026-05-18 11:59:54+05:30,52977.75,0,0.0,0,0.0,0.0,53282.15,53308.4,52783.45,53710.35,0,0.0,0.0,0.0,0.0,-0.01,-1,-1,-0.01,-1,-1,-0.01,-1,-1,-0.01,-1,-1,-0.01,-1,-1,-0.01,-1,-1,-0.01,-1,-1,-0.01,-1,-1,-0.01,-1,-1,-0.01,-1,-1
99926009,2026-05-18 11:59:55+05:30,52979.0,0,0.0,0,0.0,0.0,53282.15,53308.4,52783.45,53710.35,0,0.0,0.0,0.0,0.0,-0.01,-1,-1,-0.01,-1,-1,-0.01,-1,-1,-0.01,-1,-1,-0.01,-1,-1,-0.01,-1,-1,-0.01,-1,-1,-0.01,-1,-1,-0.01,-1,-1,-0.01,-1,-1
99926009,2026-05-18 11:59:55+05:30,52979.45,0,0.0,0,0.0,0.0,53282.15,53308.4,52783.45,53710.35,0,0.0,0.0,0.0,0.0,-0.01,-1,-1,-0.01,-1,-1,-0.01,-1,-1,-0.01,-1,-1,-0.01,-1,-1,-0.01,-1,-1,-0.01,-1,-1,-0.01,-1,-1,-0.01,-1,-1,-0.01,-1,-1
99926009,2026-05-18 11:59:56+05:30,52978.6,0,0.0,0,0.0,0.0,53282.15,53308.4,52783.45,53710.35,0,0.0,0.0,0.0,0.0,-0.01,-1,-1,-0.01,-1,-1,-0.01,-1,-1,-0.01,-1,-1,-0.01,-1,-1,-0.01,-1,-1,-0.01,-1,-1,-0.01,-1,-1,-0.01,-1,-1,-0.01,-1,-1
99926009,2026-05-18 11:59:56+05:30,52980.7,0,0.0,0,0.0,0.0,53282.15,53308.4,52783.45,53710.35,0,0.0,0.0,0.0,0.0,-0.01,-1,-1,-0.01,-1,-1,-0.01,-1,-1,-0.01,-1,-1,-0.01,-1,-1,-0.01,-1,-1,-0.01,-1,-1,-0.01,-1,-1,-0.01,-1,-1,-0.01,-1,-1
99926009,2026-05-18 11:59:57+05:30,52981.65,0,0.0,0,0.0,0.0,53282.15,53308.4,52783.45,53710.35,0,0.0,0.0,0.0,0.0,-0.01,-1,-1,-0.01,-1,-1,-0.01,-1,-1,-0.01,-1,-1,-0.01,-1,-1,-0.01,-1,-1,-0.01,-1,-1,-0.01,-1,-1,-0.01,-1,-1,-0.01,-1,-1
99926009,2026-05-18 11:59:57+05:30,52981.0,0,0.0,0,0.0,0.0,53282.15,53308.4,52783.45,53710.35,0,0.0,0.0,0.0,0.0,-0.01,-1,-1,-0.01,-1,-1,-0.01,-1,-1,-0.01,-1,-1,-0.01,-1,-1,-0.01,-1,-1,-0.01,-1,-1,-0.01,-1,-1,-0.01,-1,-1,-0.01,-1,-1
99926009,2026-05-18 11:59:58+05:30,52980.3,0,0.0,0,0.0,0.0,53282.15,53308.4,52783.45,53710.35,0,0.0,0.0,0.0,0.0,-0.01,-1,-1,-0.01,-1,-1,-0.01,-1,-1,-0.01,-1,-1,-0.01,-1,-1,-0.01,-1,-1,-0.01,-1,-1,-0.01,-1,-1,-0.01,-1,-1,-0.01,-1,-1
99926009,2026-05-18 11:59:58+05:30,52978.05,0,0.0,0,0.0,0.0,53282.15,53308.4,52783.45,53710.35,0,0.0,0.0,0.0,0.0,-0.01,-1,-1,-0.01,-1,-1,-0.01,-1,-1,-0.01,-1,-1,-0.01,-1,-1,-0.01,-1,-1,-0.01,-1,-1,-0.01,-1,-1,-0.01,-1,-1,-0.01,-1,-1
99926009,2026-05-18 11:59:59+05:30,52974.2,0,0.0,0,0.0,0.0,53282.15,53308.4,52783.45,53710.35,0,0.0,0.0,0.0,0.0,-0.01,-1,-1,-0.01,-1,-1,-0.01,-1,-1,-0.01,-1,-1,-0.01,-1,-1,-0.01,-1,-1,-0.01,-1,-1,-0.01,-1,-1,-0.01,-1,-1,-0.01,-1,-1
99926009,2026-05-18 11:59:59+05:30,52975.6,0,0.0,0,0.0,0.0,53282.15,53308.4,52783.45,53710.35,0,0.0,0.0,0.0,0.0,-0.01,-1,-1,-0.01,-1,-1,-0.01,-1,-1,-0.01,-1,-1,-0.01,-1,-1,-0.01,-1,-1,-0.01,-1,-1,-0.01,-1,-1,-0.01,-1,-1,-0.01,-1,-1
99926009,2026-05-18 12:00:00+05:30,52979.9,0,0.0,0,0.0,0.0,53282.15,53308.4,52783.45,53710.35,0,0.0,0.0,0.0,0.0,-0.01,-1,-1,-0.01,-1,-1,-0.01,-1,-1,-0.01,-1,-1,-0.01,-1,-1,-0.01,-1,-1,-0.01,-1,-1,-0.01,-1,-1,-0.01,-1,-1,-0.01,-1,-1
99926009,2026-05-18 12:00:00+05:30,52980.45,0,0.0,0,0.0,0.0,53282.15,53308.4,52783.45,53710.35,0,0.0,0.0,0.0,0.0,-0.01,-1,-1,-0.01,-1,-1,-0.01,-1,-1,-0.01,-1,-1,-0.01,-1,-1,-0.01,-1,-1,-0.01,-1,-1,-0.01,-1,-1,-0.01,-1,-1,-0.01,-1,-1
99926009,2026-05-18 12:00:01+05:30,52980.6,0,0.0,0,0.0,0.0,53282.15,53308.4,52783.45,53710.35,0,0.0,0.0,0.0,0.0,-0.01,-1,-1,-0.01,-1,-1,-0.01,-1,-1,-0.01,-1,-1,-0.01,-1,-1,-0.01,-1,-1,-0.01,-1,-1,-0.01,-1,-1,-0.01,-1,-1,-0.01,-1,-1
99926009,2026-05-18 12:00:01+05:30,52979.35,0,0.0,0,0.0,0.0,53282.15,53308.4,52783.45,53710.35,0,0.0,0.0,0.0,0.0,-0.01,-1,-1,-0.01,-1,-1,-0.01,-1,-1,-0.01,-1,-1,-0.01,-1,-1,-0.01,-1,-1,-0.01,-1,-1,-0.01,-1,-1,-0.01,-1,-1,-0.01,-1,-1
99926009,2026-05-18 12:00:02+05:30,52978.85,0,0.0,0,0.0,0.0,53282.15,53308.4,52783.45,53710.35,0,0.0,0.0,0.0,0.0,-0.01,-1,-1,-0.01,-1,-1,-0.01,-1,-1,-0.01,-1,-1,-0.01,-1,-1,-0.01,-1,-1,-0.01,-1,-1,-0.01,-1,-1,-0.01,-1,-1,-0.01,-1,-1
99926009,2026-05-18 12:00:02+05:30,52977.05,0,0.0,0,0.0,0.0,53282.15,53308.4,52783.45,53710.35,0,0.0,0.0,0.0,0.0,-0.01,-1,-1,-0.01,-1,-1,-0.01,-1,-1,-0.01,-1,-1,-0.01,-1,-1,-0.01,-1,-1,-0.01,-1,-1,-0.01,-1,-1,-0.01,-1,-1,-0.01,-1,-1
99926009,2026-05-18 12:00:03+05:30,52979.05,0,0.0,0,0.0,0.0,53282.15,53308.4,52783.45,53710.35,0,0.0,0.0,0.0,0.0,-0.01,-1,-1,-0.01,-1,-1,-0.01,-1,-1,-0.01,-1,-1,-0.01,-1,-1,-0.01,-1,-1,-0.01,-1,-1,-0.01,-1,-1,-0.01,-1,-1,-0.01,-1,-1
99926009,2026-05-18 12:00:03+05:30,52978.4,0,0.0,0,0.0,0.0,53282.15,53308.4,52783.45,53710.35,0,0.0,0.0,0.0,0.0,-0.01,-1,-1,-0.01,-1,-1,-0.01,-1,-1,-0.01,-1,-1,-0.01,-1,-1,-0.01,-1,-1,-0.01,-1,-1,-0.01,-1,-1,-0.01,-1,-1,-0.01,-1,-1
99926009,2026-05-18 12:00:04+05:30,52976.4,0,0.0,0,0.0,0.0,53282.15,53308.4,52783.45,53710.35,0,0.0,0.0,0.0,0.0,-0.01,-1,-1,-0.01,-1,-1,-0.01,-1,-1,-0.01,-1,-1,-0.01,-1,-1,-0.01,-1,-1,-0.01,-1,-1,-0.01,-1,-1,-0.01,-1,-1,-0.01,-1,-1
99926009,2026-05-18 12:00:04+05:30,52977.0,0,0.0,0,0.0,0.0,53282.15,53308.4,52783.45,53710.35,0,0.0,0.0,0.0,0.0,-0.01,-1,-1,-0.01,-1,-1,-0.01,-1,-1,-0.01,-1,-1,-0.01,-1,-1,-0.01,-1,-1,-0.01,-1,-1,-0.01,-1,-1,-0.01,-1,-1,-0.01,-1,-1
99926009,2026-05-18 12:00:05+05:30,52977.7,0,0.0,0,0.0,0.0,53282.15,53308.4,52783.45,53710.35,0,0.0,0.0,0.0,0.0,-0.01,-1,-1,-0.01,-1,-1,-0.01,-1,-1,-0.01,-1,-1,-0.01,-1,-1,-0.01,-1,-1,-0.01,-1,-1,-0.01,-1,-1,-0.01,-1,-1,-0.01,-1,-1
99926009,2026-05-18 12:00:05+05:30,52977.15,0,0.0,0,0.0,0.0,53282.15,53308.4,52783.45,53710.35,0,0.0,0.0,0.0,0.0,-0.01,-1,-1,-0.01,-1,-1,-0.01,-1,-1,-0.01,-1,-1,-0.01,-1,-1,-0.01,-1,-1,-0.01,-1,-1,-0.01,-1,-1,-0.01,-1,-1,-0.01,-1,-1
99926009,2026-05-18 12:00:06+05:30,52976.85,0,0.0,0,0.0,0.0,53282.15,53308.4,52783.45,53710.35,0,0.0,0.0,0.0,0.0,-0.01,-1,-1,-0.01,-1,-1,-0.01,-1,-1,-0.01,-1,-1,-0.01,-1,-1,-0.01,-1,-1,-0.01,-1,-1,-0.01,-1,-1,-0.01,-1,-1,-0.01,-1,-1
99926009,2026-05-18 12:00:06+05:30,52978.35,0,0.0,0,0.0,0.0,53282.15,53308.4,52783.45,53710.35,0,0.0,0.0,0.0,0.0,-0.01,-1,-1,-0.01,-1,-1,-0.01,-1,-1,-0.01,-1,-1,-0.01,-1,-1,-0.01,-1,-1,-0.01,-1,-1,-0.01,-1,-1,-0.01,-1,-1,-0.01,-1,-1
99926009,2026-05-18 12:00:07+05:30,52974.35,0,0.0,0,0.0,0.0,53282.15,53308.4,52783.45,53710.35,0,0.0,0.0,0.0,0.0,-0.01,-1,-1,-0.01,-1,-1,-0.01,-1,-1,-0.01,-1,-1,-0.01,-1,-1,-0.01,-1,-1,-0.01,-1,-1,-0.01,-1,-1,-0.01,-1,-1,-0.01,-1,-1
99926009,2026-05-18 12:00:07+05:30,52975.7,0,0.0,0,0.0,0.0,53282.15,53308.4,52783.45,53710.35,0,0.0,0.0,0.0,0.0,-0.01,-1,-1,-0.01,-1,-1,-0.01,-1,-1,-0.01,-1,-1,-0.01,-1,-1,-0.01,-1,-1,-0.01,-1,-1,-0.01,-1,-1,-0.01,-1,-1,-0.01,-1,-1
99926009,2026-05-18 12:00:08+05:30,52978.2,0,0.0,0,0.0,0.0,53282.15,53308.4,52783.45,53710.35,0,0.0,0.0,0.0,0.0,-0.01,-1,-1,-0.01,-1,-1,-0.01,-1,-1,-0.01,-1,-1,-0.01,-1,-1,-0.01,-1,-1,-0.01,-1,-1,-0.01,-1,-1,-0.01,-1,-1,-0.01,-1,-1
99926009,2026-05-18 12:00:08+05:30,52975.3,0,0.0,0,0.0,0.0,53282.15,53308.4,52783.45,53710.35,0,0.0,0.0,0.0,0.0,-0.01,-1,-1,-0.01,-1,-1,-0.01,-1,-1,-0.01,-1,-1,-0.01,-1,-1,-0.01,-1,-1,-0.01,-1,-1,-0.01,-1,-1,-0.01,-1,-1,-0.01,-1,-1
99926009,2026-05-18 12:00:09+05:30,52976.6,0,0.0,0,0.0,0.0,53282.15,53308.4,52783.45,53710.35,0,0.0,0.0,0.0,0.0,-0.01,-1,-1,-0.01,-1,-1,-0.01,-1,-1,-0.01,-1,-1,-0.01,-1,-1,-0.01,-1,-1,-0.01,-1,-1,-0.01,-1,-1,-0.01,-1,-1,-0.01,-1,-1
99926009,2026-05-18 12:00:09+05:30,52977.3,0,0.0,0,0.0,0.0,53282.15,53308.4,52783.45,53710.35,0,0.0,0.0,0.0,0.0,-0.01,-1,-1,-0.01,-1,-1,-0.01,-1,-1,-0.01,-1,-1,-0.01,-1,-1,-0.01,-1,-1,-0.01,-1,-1,-0.01,-1,-1,-0.01,-1,-1,-0.01,-1,-1
99926009,2026-05-18 12:00:10+05:30,52978.6,0,0.0,0,0.0,0.0,53282.15,53308.4,52783.45,53710.35,0,0.0,0.0,0.0,0.0,-0.01,-1,-1,-0.01,-1,-1,-0.01,-1,-1,-0.01,-1,-1,-0.01,-1,-1,-0.01,-1,-1,-0.01,-1,-1,-0.01,-1,-1,-0.01,-1,-1,-0.01,-1,-1
99926009,2026-05-18 12:00:10+05:30,52976.5,0,0.0,0,0.0,0.0,53282.15,53308.4,52783.45,53710.35,0,0.0,0.0,0.0,0.0,-0.01,-1,-1,-0.01,-1,-1,-0.01,-1,-1,-0.01,-1,-1,-0.01,-1,-1,-0.01,-1,-1,-0.01,-1,-1,-0.01,-1,-1,-0.01,-1,-1,-0.01,-1,-1
99926009,2026-05-18 12:00:11+05:30,52976.45,0,0.0,0,0.0,0.0,53282.15,53308.4,52783.45,53710.35,0,0.0,0.0,0.0,0.0,-0.01,-1,-1,-0.01,-1,-1,-0.01,-1,-1,-0.01,-1,-1,-0.01,-1,-1,-0.01,-1,-1,-0.01,-1,-1,-0.01,-1,-1,-0.01,-1,-1,-0.01,-1,-1
99926009,2026-05-18 12:00:11+05:30,52977.35,0,0.0,0,0.0,0.0,53282.15,53308.4,52783.45,53710.35,0,0.0,0.0,0.0,0.0,-0.01,-1,-1,-0.01,-1,-1,-0.01,-1,-1,-0.01,-1,-1,-0.01,-1,-1,-0.01,-1,-1,-0.01,-1,-1,-0.01,-1,-1,-0.01,-1,-1,-0.01,-1,-1
99926009,2026-05-18 12:00:12+05:30,52979.85,0,0.0,0,0.0,0.0,53282.15,53308.4,52783.45,53710.35,0,0.0,0.0,0.0,0.0,-0.01,-1,-1,-0.01,-1,-1,-0.01,-1,-1,-0.01,-1,-1,-0.01,-1,-1,-0.01,-1,-1,-0.01,-1,-1,-0.01,-1,-1,-0.01,-1,-1,-0.01,-1,-1
99926009,2026-05-18 12:00:12+05:30,52980.45,0,0.0,0,0.0,0.0,53282.15,53308.4,52783.45,53710.35,0,0.0,0.0,0.0,0.0,-0.01,-1,-1,-0.01,-1,-1,-0.01,-1,-1,-0.01,-1,-1,-0.01,-1,-1,-0.01,-1,-1,-0.01,-1,-1,-0.01,-1,-1,-0.01,-1,-1,-0.01,-1,-1
99926009,2026-05-18 12:00:13+05:30,52980.95,0,0.0,0,0.0,0.0,53282.15,53308.4,52783.45,53710.35,0,0.0,0.0,0.0,0.0,-0.01,-1,-1,-0.01,-1,-1,-0.01,-1,-1,-0.01,-1,-1,-0.01,-1,-1,-0.01,-1,-1,-0.01,-1,-1,-0.01,-1,-1,-0.01,-1,-1,-0.01,-1,-1
99926009,2026-05-18 12:00:13+05:30,52976.2,0,0.0,0,0.0,0.0,53282.15,53308.4,52783.45,53710.35,0,0.0,0.0,0.0,0.0,-0.01,-1,-1,-0.01,-1,-1,-0.01,-1,-1,-0.01,-1,-1,-0.01,-1,-1,-0.01,-1,-1,-0.01,-1,-1,-0.01,-1,-1,-0.01,-1,-1,-0.01,-1,-1
99926009,2026-05-18 12:00:14+05:30,52973.65,0,0.0,0,0.0,0.0,53282.15,53308.4,52783.45,53710.35,0,0.0,0.0,0.0,0.0,-0.01,-1,-1,-0.01,-1,-1,-0.01,-1,-1,-0.01,-1,-1,-0.01,-1,-1,-0.01,-1,-1,-0.01,-1,-1,-0.01,-1,-1,-0.01,-1,-1,-0.01,-1,-1
99926009,2026-05-18 12:00:14+05:30,52978.0,0,0.0,0,0.0,0.0,53282.15,53308.4,52783.45,53710.35,0,0.0,0.0,0.0,0.0,-0.01,-1,-1,-0.01,-1,-1,-0.01,-1,-1,-0.01,-1,-1,-0.01,-1,-1,-0.01,-1,-1,-0.01,-1,-1,-0.01,-1,-1,-0.01,-1,-1,-0.01,-1,-1
99926009,2026-05-18 12:00:15+05:30,52978.0,0,0.0,0,0.0,0.0,53282.15,53308.4,52783.45,53710.35,0,0.0,0.0,0.0,0.0,-0.01,-1,-1,-0.01,-1,-1,-0.01,-1,-1,-0.01,-1,-1,-0.01,-1,-1,-0.01,-1,-1,-0.01,-1,-1,-0.01,-1,-1,-0.01,-1,-1,-0.01,-1,-1
99926009,2026-05-18 12:00:15+05:30,52978.35,0,0.0,0,0.0,0.0,53282.15,53308.4,52783.45,53710.35,0,0.0,0.0,0.0,0.0,-0.01,-1,-1,-0.01,-1,-1,-0.01,-1,-1,-0.01,-1,-1,-0.01,-1,-1,-0.01,-1,-1,-0.01,-1,-1,-0.01,-1,-1,-0.01,-1,-1,-0.01,-1,-1
99926009,2026-05-18 12:00:16+05:30,52975.75,0,0.0,0,0.0,0.0,53282.15,53308.4,52783.45,53710.35,0,0.0,0.0,0.0,0.0,-0.01,-1,-1,-0.01,-1,-1,-0.01,-1,-1,-0.01,-1,-1,-0.01,-1,-1,-0.01,-1,-1,-0.01,-1,-1,-0.01,-1,-1,-0.01,-1,-1,-0.01,-1,-1
99926009,2026-05-18 12:00:16+05:30,52975.0,0,0.0,0,0.0,0.0,53282.15,53308.4,52783.45,53710.35,0,0.0,0.0,0.0,0.0,-0.01,-1,-1,-0.01,-1,-1,-0.01,-1,-1,-0.01,-1,-1,-0.01,-1,-1,-0.01,-1,-1,-0.01,-1,-1,-0.01,-1,-1,-0.01,-1,-1,-0.01,-1,-1
99926009,2026-05-18 12:00:17+05:30,52971.0,0,0.0,0,0.0,0.0,53282.15,53308.4,52783.45,53710.35,0,0.0,0.0,0.0,0.0,-0.01,-1,-1,-0.01,-1,-1,-0.01,-1,-1,-0.01,-1,-1,-0.01,-1,-1,-0.01,-1,-1,-0.01,-1,-1,-0.01,-1,-1,-0.01,-1,-1,-0.01,-1,-1
99926009,2026-05-18 12:00:17+05:30,52968.55,0,0.0,0,0.0,0.0,53282.15,53308.4,52783.45,53710.35,0,0.0,0.0,0.0,0.0,-0.01,-1,-1,-0.01,-1,-1,-0.01,-1,-1,-0.01,-1,-1,-0.01,-1,-1,-0.01,-1,-1,-0.01,-1,-1,-0.01,-1,-1,-0.01,-1,-1,-0.01,-1,-1
99926009,2026-05-18 12:00:18+05:30,52970.45,0,0.0,0,0.0,0.0,53282.15,53308.4,52783.45,53710.35,0,0.0,0.0,0.0,0.0,-0.01,-1,-1,-0.01,-1,-1,-0.01,-1,-1,-0.01,-1,-1,-0.01,-1,-1,-0.01,-1,-1,-0.01,-1,-1,-0.01,-1,-1,-0.01,-1,-1,-0.01,-1,-1
99926009,2026-05-18 12:00:18+05:30,52968.3,0,0.0,0,0.0,0.0,53282.15,53308.4,52783.45,53710.35,0,0.0,0.0,0.0,0.0,-0.01,-1,-1,-0.01,-1,-1,-0.01,-1,-1,-0.01,-1,-1,-0.01,-1,-1,-0.01,-1,-1,-0.01,-1,-1,-0.01,-1,-1,-0.01,-1,-1,-0.01,-1,-1
99926009,2026-05-18 12:00:19+05:30,52966.6,0,0.0,0,0.0,0.0,53282.15,53308.4,52783.45,53710.35,0,0.0,0.0,0.0,0.0,-0.01,-1,-1,-0.01,-1,-1,-0.01,-1,-1,-0.01,-1,-1,-0.01,-1,-1,-0.01,-1,-1,-0.01,-1,-1,-0.01,-1,-1,-0.01,-1,-1,-0.01,-1,-1
99926009,2026-05-18 12:00:19+05:30,52963.25,0,0.0,0,0.0,0.0,53282.15,53308.4,52783.45,53710.35,0,0.0,0.0,0.0,0.0,-0.01,-1,-1,-0.01,-1,-1,-0.01,-1,-1,-0.01,-1,-1,-0.01,-1,-1,-0.01,-1,-1,-0.01,-1,-1,-0.01,-1,-1,-0.01,-1,-1,-0.01,-1,-1
99926009,2026-05-18 12:00:20+05:30,52965.9,0,0.0,0,0.0,0.0,53282.15,53308.4,52783.45,53710.35,0,0.0,0.0,0.0,0.0,-0.01,-1,-1,-0.01,-1,-1,-0.01,-1,-1,-0.01,-1,-1,-0.01,-1,-1,-0.01,-1,-1,-0.01,-1,-1,-0.01,-1,-1,-0.01,-1,-1,-0.01,-1,-1
99926009,2026-05-18 12:00:20+05:30,52963.8,0,0.0,0,0.0,0.0,53282.15,53308.4,52783.45,53710.35,0,0.0,0.0,0.0,0.0,-0.01,-1,-1,-0.01,-1,-1,-0.01,-1,-1,-0.01,-1,-1,-0.01,-1,-1,-0.01,-1,-1,-0.01,-1,-1,-0.01,-1,-1,-0.01,-1,-1,-0.01,-1,-1
99926009,2026-05-18 12:00:21+05:30,52961.95,0,0.0,0,0.0,0.0,53282.15,53308.4,52783.45,53710.35,0,0.0,0.0,0.0,0.0,-0.01,-1,-1,-0.01,-1,-1,-0.01,-1,-1,-0.01,-1,-1,-0.01,-1,-1,-0.01,-1,-1,-0.01,-1,-1,-0.01,-1,-1,-0.01,-1,-1,-0.01,-1,-1
99926009,2026-05-18 12:00:21+05:30,52956.7,0,0.0,0,0.0,0.0,53282.15,53308.4,52783.45,53710.35,0,0.0,0.0,0.0,0.0,-0.01,-1,-1,-0.01,-1,-1,-0.01,-1,-1,-0.01,-1,-1,-0.01,-1,-1,-0.01,-1,-1,-0.01,-1,-1,-0.01,-1,-1,-0.01,-1,-1,-0.01,-1,-1
99926009,2026-05-18 12:00:22+05:30,52957.85,0,0.0,0,0.0,0.0,53282.15,53308.4,52783.45,53710.35,0,0.0,0.0,0.0,0.0,-0.01,-1,-1,-0.01,-1,-1,-0.01,-1,-1,-0.01,-1,-1,-0.01,-1,-1,-0.01,-1,-1,-0.01,-1,-1,-0.01,-1,-1,-0.01,-1,-1,-0.01,-1,-1
99926009,2026-05-18 12:00:22+05:30,52961.35,0,0.0,0,0.0,0.0,53282.15,53308.4,52783.45,53710.35,0,0.0,0.0,0.0,0.0,-0.01,-1,-1,-0.01,-1,-1,-0.01,-1,-1,-0.01,-1,-1,-0.01,-1,-1,-0.01,-1,-1,-0.01,-1,-1,-0.01,-1,-1,-0.01,-1,-1,-0.01,-1,-1
99926009,2026-05-18 12:00:23+05:30,52961.35,0,0.0,0,0.0,0.0,53282.15,53308.4,52783.45,53710.35,0,0.0,0.0,0.0,0.0,-0.01,-1,-1,-0.01,-1,-1,-0.01,-1,-1,-0.01,-1,-1,-0.01,-1,-1,-0.01,-1,-1,-0.01,-1,-1,-0.01,-1,-1,-0.01,-1,-1,-0.01,-1,-1
99926009,2026-05-18 12:00:23+05:30,52957.9,0,0.0,0,0.0,0.0,53282.15,53308.4,52783.45,53710.35,0,0.0,0.0,0.0,0.0,-0.01,-1,-1,-0.01,-1,-1,-0.01,-1,-1,-0.01,-1,-1,-0.01,-1,-1,-0.01,-1,-1,-0.01,-1,-1,-0.01,-1,-1,-0.01,-1,-1,-0.01,-1,-1
99926009,2026-05-18 12:00:24+05:30,52958.3,0,0.0,0,0.0,0.0,53282.15,53308.4,52783.45,53710.35,0,0.0,0.0,0.0,0.0,-0.01,-1,-1,-0.01,-1,-1,-0.01,-1,-1,-0.01,-1,-1,-0.01,-1,-1,-0.01,-1,-1,-0.01,-1,-1,-0.01,-1,-1,-0.01,-1,-1,-0.01,-1,-1
99926009,2026-05-18 12:00:24+05:30,52957.55,0,0.0,0,0.0,0.0,53282.15,53308.4,52783.45,53710.35,0,0.0,0.0,0.0,0.0,-0.01,-1,-1,-0.01,-1,-1,-0.01,-1,-1,-0.01,-1,-1,-0.01,-1,-1,-0.01,-1,-1,-0.01,-1,-1,-0.01,-1,-1,-0.01,-1,-1,-0.01,-1,-1
99926009,2026-05-18 12:00:25+05:30,52960.85,0,0.0,0,0.0,0.0,53282.15,53308.4,52783.45,53710.35,0,0.0,0.0,0.0,0.0,-0.01,-1,-1,-0.01,-1,-1,-0.01,-1,-1,-0.01,-1,-1,-0.01,-1,-1,-0.01,-1,-1,-0.01,-1,-1,-0.01,-1,-1,-0.01,-1,-1,-0.01,-1,-1
99926009,2026-05-18 12:00:25+05:30,52962.7,0,0.0,0,0.0,0.0,53282.15,53308.4,52783.45,53710.35,0,0.0,0.0,0.0,0.0,-0.01,-1,-1,-0.01,-1,-1,-0.01,-1,-1,-0.01,-1,-1,-0.01,-1,-1,-0.01,-1,-1,-0.01,-1,-1,-0.01,-1,-1,-0.01,-1,-1,-0.01,-1,-1
99926009,2026-05-18 12:00:26+05:30,52961.5,0,0.0,0,0.0,0.0,53282.15,53308.4,52783.45,53710.35,0,0.0,0.0,0.0,0.0,-0.01,-1,-1,-0.01,-1,-1,-0.01,-1,-1,-0.01,-1,-1,-0.01,-1,-1,-0.01,-1,-1,-0.01,-1,-1,-0.01,-1,-1,-0.01,-1,-1,-0.01,-1,-1
99926009,2026-05-18 12:00:26+05:30,52963.3,0,0.0,0,0.0,0.0,53282.15,53308.4,52783.45,53710.35,0,0.0,0.0,0.0,0.0,-0.01,-1,-1,-0.01,-1,-1,-0.01,-1,-1,-0.01,-1,-1,-0.01,-1,-1,-0.01,-1,-1,-0.01,-1,-1,-0.01,-1,-1,-0.01,-1,-1,-0.01,-1,-1
99926009,2026-05-18 12:00:27+05:30,52961.45,0,0.0,0,0.0,0.0,53282.15,53308.4,52783.45,53710.35,0,0.0,0.0,0.0,0.0,-0.01,-1,-1,-0.01,-1,-1,-0.01,-1,-1,-0.01,-1,-1,-0.01,-1,-1,-0.01,-1,-1,-0.01,-1,-1,-0.01,-1,-1,-0.01,-1,-1,-0.01,-1,-1
99926009,2026-05-18 12:00:27+05:30,52961.65,0,0.0,0,0.0,0.0,53282.15,53308.4,52783.45,53710.35,0,0.0,0.0,0.0,0.0,-0.01,-1,-1,-0.01,-1,-1,-0.01,-1,-1,-0.01,-1,-1,-0.01,-1,-1,-0.01,-1,-1,-0.01,-1,-1,-0.01,-1,-1,-0.01,-1,-1,-0.01,-1,-1
99926009,2026-05-18 12:00:28+05:30,52962.2,0,0.0,0,0.0,0.0,53282.15,53308.4,52783.45,53710.35,0,0.0,0.0,0.0,0.0,-0.01,-1,-1,-0.01,-1,-1,-0.01,-1,-1,-0.01,-1,-1,-0.01,-1,-1,-0.01,-1,-1,-0.01,-1,-1,-0.01,-1,-1,-0.01,-1,-1,-0.01,-1,-1
99926009,2026-05-18 12:00:28+05:30,52962.7,0,0.0,0,0.0,0.0,53282.15,53308.4,52783.45,53710.35,0,0.0,0.0,0.0,0.0,-0.01,-1,-1,-0.01,-1,-1,-0.01,-1,-1,-0.01,-1,-1,-0.01,-1,-1,-0.01,-1,-1,-0.01,-1,-1,-0.01,-1,-1,-0.01,-1,-1,-0.01,-1,-1
99926009,2026-05-18 12:00:29+05:30,52960.55,0,0.0,0,0.0,0.0,53282.15,53308.4,52783.45,53710.35,0,0.0,0.0,0.0,0.0,-0.01,-1,-1,-0.01,-1,-1,-0.01,-1,-1,-0.01,-1,-1,-0.01,-1,-1,-0.01,-1,-1,-0.01,-1,-1,-0.01,-1,-1,-0.01,-1,-1,-0.01,-1,-1
99926009,2026-05-18 12:00:29+05:30,52960.85,0,0.0,0,0.0,0.0,53282.15,53308.4,52783.45,53710.35,0,0.0,0.0,0.0,0.0,-0.01,-1,-1,-0.01,-1,-1,-0.01,-1,-1,-0.01,-1,-1,-0.01,-1,-1,-0.01,-1,-1,-0.01,-1,-1,-0.01,-1,-1,-0.01,-1,-1,-0.01,-1,-1
99926009,2026-05-18 12:00:30+05:30,52964.55,0,0.0,0,0.0,0.0,53282.15,53308.4,52783.45,53710.35,0,0.0,0.0,0.0,0.0,-0.01,-1,-1,-0.01,-1,-1,-0.01,-1,-1,-0.01,-1,-1,-0.01,-1,-1,-0.01,-1,-1,-0.01,-1,-1,-0.01,-1,-1,-0.01,-1,-1,-0.01,-1,-1
99926009,2026-05-18 12:00:30+05:30,52962.65,0,0.0,0,0.0,0.0,53282.15,53308.4,52783.45,53710.35,0,0.0,0.0,0.0,0.0,-0.01,-1,-1,-0.01,-1,-1,-0.01,-1,-1,-0.01,-1,-1,-0.01,-1,-1,-0.01,-1,-1,-0.01,-1,-1,-0.01,-1,-1,-0.01,-1,-1,-0.01,-1,-1
99926009,2026-05-18 12:00:31+05:30,52958.85,0,0.0,0,0.0,0.0,53282.15,53308.4,52783.45,53710.35,0,0.0,0.0,0.0,0.0,-0.01,-1,-1,-0.01,-1,-1,-0.01,-1,-1,-0.01,-1,-1,-0.01,-1,-1,-0.01,-1,-1,-0.01,-1,-1,-0.01,-1,-1,-0.01,-1,-1,-0.01,-1,-1
99926009,2026-05-18 12:00:31+05:30,52963.8,0,0.0,0,0.0,0.0,53282.15,53308.4,52783.45,53710.35,0,0.0,0.0,0.0,0.0,-0.01,-1,-1,-0.01,-1,-1,-0.01,-1,-1,-0.01,-1,-1,-0.01,-1,-1,-0.01,-1,-1,-0.01,-1,-1,-0.01,-1,-1,-0.01,-1,-1,-0.01,-1,-1
99926009,2026-05-18 12:00:32+05:30,52962.65,0,0.0,0,0.0,0.0,53282.15,53308.4,52783.45,53710.35,0,0.0,0.0,0.0,0.0,-0.01,-1,-1,-0.01,-1,-1,-0.01,-1,-1,-0.01,-1,-1,-0.01,-1,-1,-0.01,-1,-1,-0.01,-1,-1,-0.01,-1,-1,-0.01,-1,-1,-0.01,-1,-1
99926009,2026-05-18 12:00:32+05:30,52966.05,0,0.0,0,0.0,0.0,53282.15,53308.4,52783.45,53710.35,0,0.0,0.0,0.0,0.0,-0.01,-1,-1,-0.01,-1,-1,-0.01,-1,-1,-0.01,-1,-1,-0.01,-1,-1,-0.01,-1,-1,-0.01,-1,-1,-0.01,-1,-1,-0.01,-1,-1,-0.01,-1,-1
99926009,2026-05-18 12:00:33+05:30,52964.8,0,0.0,0,0.0,0.0,53282.15,53308.4,52783.45,53710.35,0,0.0,0.0,0.0,0.0,-0.01,-1,-1,-0.01,-1,-1,-0.01,-1,-1,-0.01,-1,-1,-0.01,-1,-1,-0.01,-1,-1,-0.01,-1,-1,-0.01,-1,-1,-0.01,-1,-1,-0.01,-1,-1
99926009,2026-05-18 12:00:33+05:30,52963.45,0,0.0,0,0.0,0.0,53282.15,53308.4,52783.45,53710.35,0,0.0,0.0,0.0,0.0,-0.01,-1,-1,-0.01,-1,-1,-0.01,-1,-1,-0.01,-1,-1,-0.01,-1,-1,-0.01,-1,-1,-0.01,-1,-1,-0.01,-1,-1,-0.01,-1,-1,-0.01,-1,-1
99926009,2026-05-18 12:00:34+05:30,52967.2,0,0.0,0,0.0,0.0,53282.15,53308.4,52783.45,53710.35,0,0.0,0.0,0.0,0.0,-0.01,-1,-1,-0.01,-1,-1,-0.01,-1,-1,-0.01,-1,-1,-0.01,-1,-1,-0.01,-1,-1,-0.01,-1,-1,-0.01,-1,-1,-0.01,-1,-1,-0.01,-1,-1
99926009,2026-05-18 12:00:34+05:30,52964.75,0,0.0,0,0.0,0.0,53282.15,53308.4,52783.45,53710.35,0,0.0,0.0,0.0,0.0,-0.01,-1,-1,-0.01,-1,-1,-0.01,-1,-1,-0.01,-1,-1,-0.01,-1,-1,-0.01,-1,-1,-0.01,-1,-1,-0.01,-1,-1,-0.01,-1,-1,-0.01,-1,-1
99926009,2026-05-18 12:00:35+05:30,52968.85,0,0.0,0,0.0,0.0,53282.15,53308.4,52783.45,53710.35,0,0.0,0.0,0.0,0.0,-0.01,-1,-1,-0.01,-1,-1,-0.01,-1,-1,-0.01,-1,-1,-0.01,-1,-1,-0.01,-1,-1,-0.01,-1,-1,-0.01,-1,-1,-0.01,-1,-1,-0.01,-1,-1
99926009,2026-05-18 12:00:35+05:30,52967.15,0,0.0,0,0.0,0.0,53282.15,53308.4,52783.45,53710.35,0,0.0,0.0,0.0,0.0,-0.01,-1,-1,-0.01,-1,-1,-0.01,-1,-1,-0.01,-1,-1,-0.01,-1,-1,-0.01,-1,-1,-0.01,-1,-1,-0.01,-1,-1,-0.01,-1,-1,-0.01,-1,-1
99926009,2026-05-18 12:00:36+05:30,52968.35,0,0.0,0,0.0,0.0,53282.15,53308.4,52783.45,53710.35,0,0.0,0.0,0.0,0.0,-0.01,-1,-1,-0.01,-1,-1,-0.01,-1,-1,-0.01,-1,-1,-0.01,-1,-1,-0.01,-1,-1,-0.01,-1,-1,-0.01,-1,-1,-0.01,-1,-1,-0.01,-1,-1
99926009,2026-05-18 12:00:36+05:30,52964.0,0,0.0,0,0.0,0.0,53282.15,53308.4,52783.45,53710.35,0,0.0,0.0,0.0,0.0,-0.01,-1,-1,-0.01,-1,-1,-0.01,-1,-1,-0.01,-1,-1,-0.01,-1,-1,-0.01,-1,-1,-0.01,-1,-1,-0.01,-1,-1,-0.01,-1,-1,-0.01,-1,-1
99926009,2026-05-18 12:00:37+05:30,52969.85,0,0.0,0,0.0,0.0,53282.15,53308.4,52783.45,53710.35,0,0.0,0.0,0.0,0.0,-0.01,-1,-1,-0.01,-1,-1,-0.01,-1,-1,-0.01,-1,-1,-0.01,-1,-1,-0.01,-1,-1,-0.01,-1,-1,-0.01,-1,-1,-0.01,-1,-1,-0.01,-1,-1
99926009,2026-05-18 12:00:37+05:30,52965.85,0,0.0,0,0.0,0.0,53282.15,53308.4,52783.45,53710.35,0,0.0,0.0,0.0,0.0,-0.01,-1,-1,-0.01,-1,-1,-0.01,-1,-1,-0.01,-1,-1,-0.01,-1,-1,-0.01,-1,-1,-0.01,-1,-1,-0.01,-1,-1,-0.01,-1,-1,-0.01,-1,-1
99926009,2026-05-18 12:00:38+05:30,52969.25,0,0.0,0,0.0,0.0,53282.15,53308.4,52783.45,53710.35,0,0.0,0.0,0.0,0.0,-0.01,-1,-1,-0.01,-1,-1,-0.01,-1,-1,-0.01,-1,-1,-0.01,-1,-1,-0.01,-1,-1,-0.01,-1,-1,-0.01,-1,-1,-0.01,-1,-1,-0.01,-1,-1
99926009,2026-05-18 12:00:38+05:30,52965.85,0,0.0,0,0.0,0.0,53282.15,53308.4,52783.45,53710.35,0,0.0,0.0,0.0,0.0,-0.01,-1,-1,-0.01,-1,-1,-0.01,-1,-1,-0.01,-1,-1,-0.01,-1,-1,-0.01,-1,-1,-0.01,-1,-1,-0.01,-1,-1,-0.01,-1,-1,-0.01,-1,-1
99926009,2026-05-18 12:00:39+05:30,52966.75,0,0.0,0,0.0,0.0,53282.15,53308.4,52783.45,53710.35,0,0.0,0.0,0.0,0.0,-0.01,-1,-1,-0.01,-1,-1,-0.01,-1,-1,-0.01,-1,-1,-0.01,-1,-1,-0.01,-1,-1,-0.01,-1,-1,-0.01,-1,-1,-0.01,-1,-1,-0.01,-1,-1
99926009,2026-05-18 12:00:39+05:30,52966.85,0,0.0,0,0.0,0.0,53282.15,53308.4,52783.45,53710.35,0,0.0,0.0,0.0,0.0,-0.01,-1,-1,-0.01,-1,-1,-0.01,-1,-1,-0.01,-1,-1,-0.01,-1,-1,-0.01,-1,-1,-0.01,-1,-1,-0.01,-1,-1,-0.01,-1,-1,-0.01,-1,-1
99926009,2026-05-18 12:00:40+05:30,52969.7,0,0.0,0,0.0,0.0,53282.15,53308.4,52783.45,53710.35,0,0.0,0.0,0.0,0.0,-0.01,-1,-1,-0.01,-1,-1,-0.01,-1,-1,-0.01,-1,-1,-0.01,-1,-1,-0.01,-1,-1,-0.01,-1,-1,-0.01,-1,-1,-0.01,-1,-1,-0.01,-1,-1
99926009,2026-05-18 12:00:40+05:30,52966.9,0,0.0,0,0.0,0.0,53282.15,53308.4,52783.45,53710.35,0,0.0,0.0,0.0,0.0,-0.01,-1,-1,-0.01,-1,-1,-0.01,-1,-1,-0.01,-1,-1,-0.01,-1,-1,-0.01,-1,-1,-0.01,-1,-1,-0.01,-1,-1,-0.01,-1,-1,-0.01,-1,-1
99926009,2026-05-18 12:00:41+05:30,52966.9,0,0.0,0,0.0,0.0,53282.15,53308.4,52783.45,53710.35,0,0.0,0.0,0.0,0.0,-0.01,-1,-1,-0.01,-1,-1,-0.01,-1,-1,-0.01,-1,-1,-0.01,-1,-1,-0.01,-1,-1,-0.01,-1,-1,-0.01,-1,-1,-0.01,-1,-1,-0.01,-1,-1
99926009,2026-05-18 12:00:41+05:30,52967.0,0,0.0,0,0.0,0.0,53282.15,53308.4,52783.45,53710.35,0,0.0,0.0,0.0,0.0,-0.01,-1,-1,-0.01,-1,-1,-0.01,-1,-1,-0.01,-1,-1,-0.01,-1,-1,-0.01,-1,-1,-0.01,-1,-1,-0.01,-1,-1,-0.01,-1,-1,-0.01,-1,-1
99926009,2026-05-18 12:00:42+05:30,52967.65,0,0.0,0,0.0,0.0,53282.15,53308.4,52783.45,53710.35,0,0.0,0.0,0.0,0.0,-0.01,-1,-1,-0.01,-1,-1,-0.01,-1,-1,-0.01,-1,-1,-0.01,-1,-1,-0.01,-1,-1,-0.01,-1,-1,-0.01,-1,-1,-0.01,-1,-1,-0.01,-1,-1
99926009,2026-05-18 12:00:42+05:30,52966.8,0,0.0,0,0.0,0.0,53282.15,53308.4,52783.45,53710.35,0,0.0,0.0,0.0,0.0,-0.01,-1,-1,-0.01,-1,-1,-0.01,-1,-1,-0.01,-1,-1,-0.01,-1,-1,-0.01,-1,-1,-0.01,-1,-1,-0.01,-1,-1,-0.01,-1,-1,-0.01,-1,-1
99926009,2026-05-18 12:00:43+05:30,52969.55,0,0.0,0,0.0,0.0,53282.15,53308.4,52783.45,53710.35,0,0.0,0.0,0.0,0.0,-0.01,-1,-1,-0.01,-1,-1,-0.01,-1,-1,-0.01,-1,-1,-0.01,-1,-1,-0.01,-1,-1,-0.01,-1,-1,-0.01,-1,-1,-0.01,-1,-1,-0.01,-1,-1
99926009,2026-05-18 12:00:43+05:30,52970.2,0,0.0,0,0.0,0.0,53282.15,53308.4,52783.45,53710.35,0,0.0,0.0,0.0,0.0,-0.01,-1,-1,-0.01,-1,-1,-0.01,-1,-1,-0.01,-1,-1,-0.01,-1,-1,-0.01,-1,-1,-0.01,-1,-1,-0.01,-1,-1,-0.01,-1,-1,-0.01,-1,-1
99926009,2026-05-18 12:00:44+05:30,52966.1,0,0.0,0,0.0,0.0,53282.15,53308.4,52783.45,53710.35,0,0.0,0.0,0.0,0.0,-0.01,-1,-1,-0.01,-1,-1,-0.01,-1,-1,-0.01,-1,-1,-0.01,-1,-1,-0.01,-1,-1,-0.01,-1,-1,-0.01,-1,-1,-0.01,-1,-1,-0.01,-1,-1
99926009,2026-05-18 12:00:44+05:30,52965.6,0,0.0,0,0.0,0.0,53282.15,53308.4,52783.45,53710.35,0,0.0,0.0,0.0,0.0,-0.01,-1,-1,-0.01,-1,-1,-0.01,-1,-1,-0.01,-1,-1,-0.01,-1,-1,-0.01,-1,-1,-0.01,-1,-1,-0.01,-1,-1,-0.01,-1,-1,-0.01,-1,-1
99926009,2026-05-18 12:00:45+05:30,52968.85,0,0.0,0,0.0,0.0,53282.15,53308.4,52783.45,53710.35,0,0.0,0.0,0.0,0.0,-0.01,-1,-1,-0.01,-1,-1,-0.01,-1,-1,-0.01,-1,-1,-0.01,-1,-1,-0.01,-1,-1,-0.01,-1,-1,-0.01,-1,-1,-0.01,-1,-1,-0.01,-1,-1
99926009,2026-05-18 12:00:45+05:30,52971.6,0,0.0,0,0.0,0.0,53282.15,53308.4,52783.45,53710.35,0,0.0,0.0,0.0,0.0,-0.01,-1,-1,-0.01,-1,-1,-0.01,-1,-1,-0.01,-1,-1,-0.01,-1,-1,-0.01,-1,-1,-0.01,-1,-1,-0.01,-1,-1,-0.01,-1,-1,-0.01,-1,-1
99926009,2026-05-18 12:00:46+05:30,52970.3,0,0.0,0,0.0,0.0,53282.15,53308.4,52783.45,53710.35,0,0.0,0.0,0.0,0.0,-0.01,-1,-1,-0.01,-1,-1,-0.01,-1,-1,-0.01,-1,-1,-0.01,-1,-1,-0.01,-1,-1,-0.01,-1,-1,-0.01,-1,-1,-0.01,-1,-1,-0.01,-1,-1
99926009,2026-05-18 12:00:46+05:30,52967.2,0,0.0,0,0.0,0.0,53282.15,53308.4,52783.45,53710.35,0,0.0,0.0,0.0,0.0,-0.01,-1,-1,-0.01,-1,-1,-0.01,-1,-1,-0.01,-1,-1,-0.01,-1,-1,-0.01,-1,-1,-0.01,-1,-1,-0.01,-1,-1,-0.01,-1,-1,-0.01,-1,-1
99926009,2026-05-18 12:00:47+05:30,52970.9,0,0.0,0,0.0,0.0,53282.15,53308.4,52783.45,53710.35,0,0.0,0.0,0.0,0.0,-0.01,-1,-1,-0.01,-1,-1,-0.01,-1,-1,-0.01,-1,-1,-0.01,-1,-1,-0.01,-1,-1,-0.01,-1,-1,-0.01,-1,-1,-0.01,-1,-1,-0.01,-1,-1
99926009,2026-05-18 12:00:47+05:30,52968.35,0,0.0,0,0.0,0.0,53282.15,53308.4,52783.45,53710.35,0,0.0,0.0,0.0,0.0,-0.01,-1,-1,-0.01,-1,-1,-0.01,-1,-1,-0.01,-1,-1,-0.01,-1,-1,-0.01,-1,-1,-0.01,-1,-1,-0.01,-1,-1,-0.01,-1,-1,-0.01,-1,-1
99926009,2026-05-18 12:00:48+05:30,52969.65,0,0.0,0,0.0,0.0,53282.15,53308.4,52783.45,53710.35,0,0.0,0.0,0.0,0.0,-0.01,-1,-1,-0.01,-1,-1,-0.01,-1,-1,-0.01,-1,-1,-0.01,-1,-1,-0.01,-1,-1,-0.01,-1,-1,-0.01,-1,-1,-0.01,-1,-1,-0.01,-1,-1
99926009,2026-05-18 12:00:48+05:30,52969.8,0,0.0,0,0.0,0.0,53282.15,53308.4,52783.45,53710.35,0,0.0,0.0,0.0,0.0,-0.01,-1,-1,-0.01,-1,-1,-0.01,-1,-1,-0.01,-1,-1,-0.01,-1,-1,-0.01,-1,-1,-0.01,-1,-1,-0.01,-1,-1,-0.01,-1,-1,-0.01,-1,-1
99926009,2026-05-18 12:00:49+05:30,52969.95,0,0.0,0,0.0,0.0,53282.15,53308.4,52783.45,53710.35,0,0.0,0.0,0.0,0.0,-0.01,-1,-1,-0.01,-1,-1,-0.01,-1,-1,-0.01,-1,-1,-0.01,-1,-1,-0.01,-1,-1,-0.01,-1,-1,-0.01,-1,-1,-0.01,-1,-1,-0.01,-1,-1
99926009,2026-05-18 12:00:49+05:30,52968.05,0,0.0,0,0.0,0.0,53282.15,53308.4,52783.45,53710.35,0,0.0,0.0,0.0,0.0,-0.01,-1,-1,-0.01,-1,-1,-0.01,-1,-1,-0.01,-1,-1,-0.01,-1,-1,-0.01,-1,-1,-0.01,-1,-1,-0.01,-1,-1,-0.01,-1,-1,-0.01,-1,-1
99926009,2026-05-18 12:00:50+05:30,52972.2,0,0.0,0,0.0,0.0,53282.15,53308.4,52783.45,53710.35,0,0.0,0.0,0.0,0.0,-0.01,-1,-1,-0.01,-1,-1,-0.01,-1,-1,-0.01,-1,-1,-0.01,-1,-1,-0.01,-1,-1,-0.01,-1,-1,-0.01,-1,-1,-0.01,-1,-1,-0.01,-1,-1
99926009,2026-05-18 12:00:50+05:30,52971.7,0,0.0,0,0.0,0.0,53282.15,53308.4,52783.45,53710.35,0,0.0,0.0,0.0,0.0,-0.01,-1,-1,-0.01,-1,-1,-0.01,-1,-1,-0.01,-1,-1,-0.01,-1,-1,-0.01,-1,-1,-0.01,-1,-1,-0.01,-1,-1,-0.01,-1,-1,-0.01,-1,-1
99926009,2026-05-18 12:00:51+05:30,52968.4,0,0.0,0,0.0,0.0,53282.15,53308.4,52783.45,53710.35,0,0.0,0.0,0.0,0.0,-0.01,-1,-1,-0.01,-1,-1,-0.01,-1,-1,-0.01,-1,-1,-0.01,-1,-1,-0.01,-1,-1,-0.01,-1,-1,-0.01,-1,-1,-0.01,-1,-1,-0.01,-1,-1
99926009,2026-05-18 12:00:51+05:30,52970.55,0,0.0,0,0.0,0.0,53282.15,53308.4,52783.45,53710.35,0,0.0,0.0,0.0,0.0,-0.01,-1,-1,-0.01,-1,-1,-0.01,-1,-1,-0.01,-1,-1,-0.01,-1,-1,-0.01,-1,-1,-0.01,-1,-1,-0.01,-1,-1,-0.01,-1,-1,-0.01,-1,-1
99926009,2026-05-18 12:00:52+05:30,52969.95,0,0.0,0,0.0,0.0,53282.15,53308.4,52783.45,53710.35,0,0.0,0.0,0.0,0.0,-0.01,-1,-1,-0.01,-1,-1,-0.01,-1,-1,-0.01,-1,-1,-0.01,-1,-1,-0.01,-1,-1,-0.01,-1,-1,-0.01,-1,-1,-0.01,-1,-1,-0.01,-1,-1
99926009,2026-05-18 12:00:52+05:30,52972.1,0,0.0,0,0.0,0.0,53282.15,53308.4,52783.45,53710.35,0,0.0,0.0,0.0,0.0,-0.01,-1,-1,-0.01,-1,-1,-0.01,-1,-1,-0.01,-1,-1,-0.01,-1,-1,-0.01,-1,-1,-0.01,-1,-1,-0.01,-1,-1,-0.01,-1,-1,-0.01,-1,-1
99926009,2026-05-18 12:00:53+05:30,52973.35,0,0.0,0,0.0,0.0,53282.15,53308.4,52783.45,53710.35,0,0.0,0.0,0.0,0.0,-0.01,-1,-1,-0.01,-1,-1,-0.01,-1,-1,-0.01,-1,-1,-0.01,-1,-1,-0.01,-1,-1,-0.01,-1,-1,-0.01,-1,-1,-0.01,-1,-1,-0.01,-1,-1
99926009,2026-05-18 12:00:53+05:30,52971.9,0,0.0,0,0.0,0.0,53282.15,53308.4,52783.45,53710.35,0,0.0,0.0,0.0,0.0,-0.01,-1,-1,-0.01,-1,-1,-0.01,-1,-1,-0.01,-1,-1,-0.01,-1,-1,-0.01,-1,-1,-0.01,-1,-1,-0.01,-1,-1,-0.01,-1,-1,-0.01,-1,-1
99926009,2026-05-18 12:00:54+05:30,52971.9,0,0.0,0,0.0,0.0,53282.15,53308.4,52783.45,53710.35,0,0.0,0.0,0.0,0.0,-0.01,-1,-1,-0.01,-1,-1,-0.01,-1,-1,-0.01,-1,-1,-0.01,-1,-1,-0.01,-1,-1,-0.01,-1,-1,-0.01,-1,-1,-0.01,-1,-1,-0.01,-1,-1
99926009,2026-05-18 12:00:54+05:30,52969.95,0,0.0,0,0.0,0.0,53282.15,53308.4,52783.45,53710.35,0,0.0,0.0,0.0,0.0,-0.01,-1,-1,-0.01,-1,-1,-0.01,-1,-1,-0.01,-1,-1,-0.01,-1,-1,-0.01,-1,-1,-0.01,-1,-1,-0.01,-1,-1,-0.01,-1,-1,-0.01,-1,-1
99926009,2026-05-18 12:00:55+05:30,52969.65,0,0.0,0,0.0,0.0,53282.15,53308.4,52783.45,53710.35,0,0.0,0.0,0.0,0.0,-0.01,-1,-1,-0.01,-1,-1,-0.01,-1,-1,-0.01,-1,-1,-0.01,-1,-1,-0.01,-1,-1,-0.01,-1,-1,-0.01,-1,-1,-0.01,-1,-1,-0.01,-1,-1
99926009,2026-05-18 12:00:55+05:30,52968.45,0,0.0,0,0.0,0.0,53282.15,53308.4,52783.45,53710.35,0,0.0,0.0,0.0,0.0,-0.01,-1,-1,-0.01,-1,-1,-0.01,-1,-1,-0.01,-1,-1,-0.01,-1,-1,-0.01,-1,-1,-0.01,-1,-1,-0.01,-1,-1,-0.01,-1,-1,-0.01,-1,-1
99926009,2026-05-18 12:00:56+05:30,52967.9,0,0.0,0,0.0,0.0,53282.15,53308.4,52783.45,53710.35,0,0.0,0.0,0.0,0.0,-0.01,-1,-1,-0.01,-1,-1,-0.01,-1,-1,-0.01,-1,-1,-0.01,-1,-1,-0.01,-1,-1,-0.01,-1,-1,-0.01,-1,-1,-0.01,-1,-1,-0.01,-1,-1
99926009,2026-05-18 12:00:56+05:30,52969.25,0,0.0,0,0.0,0.0,53282.15,53308.4,52783.45,53710.35,0,0.0,0.0,0.0,0.0,-0.01,-1,-1,-0.01,-1,-1,-0.01,-1,-1,-0.01,-1,-1,-0.01,-1,-1,-0.01,-1,-1,-0.01,-1,-1,-0.01,-1,-1,-0.01,-1,-1,-0.01,-1,-1
99926009,2026-05-18 12:00:57+05:30,52966.4,0,0.0,0,0.0,0.0,53282.15,53308.4,52783.45,53710.35,0,0.0,0.0,0.0,0.0,-0.01,-1,-1,-0.01,-1,-1,-0.01,-1,-1,-0.01,-1,-1,-0.01,-1,-1,-0.01,-1,-1,-0.01,-1,-1,-0.01,-1,-1,-0.01,-1,-1,-0.01,-1,-1
99926009,2026-05-18 12:00:57+05:30,52967.6,0,0.0,0,0.0,0.0,53282.15,53308.4,52783.45,53710.35,0,0.0,0.0,0.0,0.0,-0.01,-1,-1,-0.01,-1,-1,-0.01,-1,-1,-0.01,-1,-1,-0.01,-1,-1,-0.01,-1,-1,-0.01,-1,-1,-0.01,-1,-1,-0.01,-1,-1,-0.01,-1,-1
99926009,2026-05-18 12:00:58+05:30,52967.4,0,0.0,0,0.0,0.0,53282.15,53308.4,52783.45,53710.35,0,0.0,0.0,0.0,0.0,-0.01,-1,-1,-0.01,-1,-1,-0.01,-1,-1,-0.01,-1,-1,-0.01,-1,-1,-0.01,-1,-1,-0.01,-1,-1,-0.01,-1,-1,-0.01,-1,-1,-0.01,-1,-1
99926009,2026-05-18 12:00:58+05:30,52965.35,0,0.0,0,0.0,0.0,53282.15,53308.4,52783.45,53710.35,0,0.0,0.0,0.0,0.0,-0.01,-1,-1,-0.01,-1,-1,-0.01,-1,-1,-0.01,-1,-1,-0.01,-1,-1,-0.01,-1,-1,-0.01,-1,-1,-0.01,-1,-1,-0.01,-1,-1,-0.01,-1,-1
99926009,2026-05-18 12:00:59+05:30,52965.2,0,0.0,0,0.0,0.0,53282.15,53308.4,52783.45,53710.35,0,0.0,0.0,0.0,0.0,-0.01,-1,-1,-0.01,-1,-1,-0.01,-1,-1,-0.01,-1,-1,-0.01,-1,-1,-0.01,-1,-1,-0.01,-1,-1,-0.01,-1,-1,-0.01,-1,-1,-0.01,-1,-1
99926009,2026-05-18 12:00:59+05:30,52964.6,0,0.0,0,0.0,0.0,53282.15,53308.4,52783.45,53710.35,0,0.0,0.0,0.0,0.0,-0.01,-1,-1,-0.01,-1,-1,-0.01,-1,-1,-0.01,-1,-1,-0.01,-1,-1,-0.01,-1,-1,-0.01,-1,-1,-0.01,-1,-1,-0.01,-1,-1,-0.01,-1,-1
99926009,2026-05-18 12:01:00+05:30,52967.9,0,0.0,0,0.0,0.0,53282.15,53308.4,52783.45,53710.35,0,0.0,0.0,0.0,0.0,-0.01,-1,-1,-0.01,-1,-1,-0.01,-1,-1,-0.01,-1,-1,-0.01,-1,-1,-0.01,-1,-1,-0.01,-1,-1,-0.01,-1,-1,-0.01,-1,-1,-0.01,-1,-1
99926009,2026-05-18 12:01:00+05:30,52967.4,0,0.0,0,0.0,0.0,53282.15,53308.4,52783.45,53710.35,0,0.0,0.0,0.0,0.0,-0.01,-1,-1,-0.01,-1,-1,-0.01,-1,-1,-0.01,-1,-1,-0.01,-1,-1,-0.01,-1,-1,-0.01,-1,-1,-0.01,-1,-1,-0.01,-1,-1,-0.01,-1,-1
99926009,2026-05-18 12:01:01+05:30,52966.25,0,0.0,0,0.0,0.0,53282.15,53308.4,52783.45,53710.35,0,0.0,0.0,0.0,0.0,-0.01,-1,-1,-0.01,-1,-1,-0.01,-1,-1,-0.01,-1,-1,-0.01,-1,-1,-0.01,-1,-1,-0.01,-1,-1,-0.01,-1,-1,-0.01,-1,-1,-0.01,-1,-1
99926009,2026-05-18 12:01:01+05:30,52967.75,0,0.0,0,0.0,0.0,53282.15,53308.4,52783.45,53710.35,0,0.0,0.0,0.0,0.0,-0.01,-1,-1,-0.01,-1,-1,-0.01,-1,-1,-0.01,-1,-1,-0.01,-1,-1,-0.01,-1,-1,-0.01,-1,-1,-0.01,-1,-1,-0.01,-1,-1,-0.01,-1,-1
99926009,2026-05-18 12:01:02+05:30,52967.1,0,0.0,0,0.0,0.0,53282.15,53308.4,52783.45,53710.35,0,0.0,0.0,0.0,0.0,-0.01,-1,-1,-0.01,-1,-1,-0.01,-1,-1,-0.01,-1,-1,-0.01,-1,-1,-0.01,-1,-1,-0.01,-1,-1,-0.01,-1,-1,-0.01,-1,-1,-0.01,-1,-1
99926009,2026-05-18 12:01:02+05:30,52966.95,0,0.0,0,0.0,0.0,53282.15,53308.4,52783.45,53710.35,0,0.0,0.0,0.0,0.0,-0.01,-1,-1,-0.01,-1,-1,-0.01,-1,-1,-0.01,-1,-1,-0.01,-1,-1,-0.01,-1,-1,-0.01,-1,-1,-0.01,-1,-1,-0.01,-1,-1,-0.01,-1,-1
99926009,2026-05-18 12:01:03+05:30,52967.2,0,0.0,0,0.0,0.0,53282.15,53308.4,52783.45,53710.35,0,0.0,0.0,0.0,0.0,-0.01,-1,-1,-0.01,-1,-1,-0.01,-1,-1,-0.01,-1,-1,-0.01,-1,-1,-0.01,-1,-1,-0.01,-1,-1,-0.01,-1,-1,-0.01,-1,-1,-0.01,-1,-1
99926009,2026-05-18 12:01:03+05:30,52966.15,0,0.0,0,0.0,0.0,53282.15,53308.4,52783.45,53710.35,0,0.0,0.0,0.0,0.0,-0.01,-1,-1,-0.01,-1,-1,-0.01,-1,-1,-0.01,-1,-1,-0.01,-1,-1,-0.01,-1,-1,-0.01,-1,-1,-0.01,-1,-1,-0.01,-1,-1,-0.01,-1,-1
99926009,2026-05-18 12:01:04+05:30,52967.7,0,0.0,0,0.0,0.0,53282.15,53308.4,52783.45,53710.35,0,0.0,0.0,0.0,0.0,-0.01,-1,-1,-0.01,-1,-1,-0.01,-1,-1,-0.01,-1,-1,-0.01,-1,-1,-0.01,-1,-1,-0.01,-1,-1,-0.01,-1,-1,-0.01,-1,-1,-0.01,-1,-1
99926009,2026-05-18 12:01:04+05:30,52968.7,0,0.0,0,0.0,0.0,53282.15,53308.4,52783.45,53710.35,0,0.0,0.0,0.0,0.0,-0.01,-1,-1,-0.01,-1,-1,-0.01,-1,-1,-0.01,-1,-1,-0.01,-1,-1,-0.01,-1,-1,-0.01,-1,-1,-0.01,-1,-1,-0.01,-1,-1,-0.01,-1,-1
99926009,2026-05-18 12:01:05+05:30,52968.5,0,0.0,0,0.0,0.0,53282.15,53308.4,52783.45,53710.35,0,0.0,0.0,0.0,0.0,-0.01,-1,-1,-0.01,-1,-1,-0.01,-1,-1,-0.01,-1,-1,-0.01,-1,-1,-0.01,-1,-1,-0.01,-1,-1,-0.01,-1,-1,-0.01,-1,-1,-0.01,-1,-1
99926009,2026-05-18 12:01:05+05:30,52962.05,0,0.0,0,0.0,0.0,53282.15,53308.4,52783.45,53710.35,0,0.0,0.0,0.0,0.0,-0.01,-1,-1,-0.01,-1,-1,-0.01,-1,-1,-0.01,-1,-1,-0.01,-1,-1,-0.01,-1,-1,-0.01,-1,-1,-0.01,-1,-1,-0.01,-1,-1,-0.01,-1,-1
99926009,2026-05-18 12:01:06+05:30,52962.35,0,0.0,0,0.0,0.0,53282.15,53308.4,52783.45,53710.35,0,0.0,0.0,0.0,0.0,-0.01,-1,-1,-0.01,-1,-1,-0.01,-1,-1,-0.01,-1,-1,-0.01,-1,-1,-0.01,-1,-1,-0.01,-1,-1,-0.01,-1,-1,-0.01,-1,-1,-0.01,-1,-1
99926009,2026-05-18 12:01:06+05:30,52962.05,0,0.0,0,0.0,0.0,53282.15,53308.4,52783.45,53710.35,0,0.0,0.0,0.0,0.0,-0.01,-1,-1,-0.01,-1,-1,-0.01,-1,-1,-0.01,-1,-1,-0.01,-1,-1,-0.01,-1,-1,-0.01,-1,-1,-0.01,-1,-1,-0.01,-1,-1,-0.01,-1,-1
99926009,2026-05-18 12:01:07+05:30,52959.25,0,0.0,0,0.0,0.0,53282.15,53308.4,52783.45,53710.35,0,0.0,0.0,0.0,0.0,-0.01,-1,-1,-0.01,-1,-1,-0.01,-1,-1,-0.01,-1,-1,-0.01,-1,-1,-0.01,-1,-1,-0.01,-1,-1,-0.01,-1,-1,-0.01,-1,-1,-0.01,-1,-1
99926009,2026-05-18 12:01:07+05:30,52965.05,0,0.0,0,0.0,0.0,53282.15,53308.4,52783.45,53710.35,0,0.0,0.0,0.0,0.0,-0.01,-1,-1,-0.01,-1,-1,-0.01,-1,-1,-0.01,-1,-1,-0.01,-1,-1,-0.01,-1,-1,-0.01,-1,-1,-0.01,-1,-1,-0.01,-1,-1,-0.01,-1,-1
99926009,2026-05-18 12:01:08+05:30,52966.8,0,0.0,0,0.0,0.0,53282.15,53308.4,52783.45,53710.35,0,0.0,0.0,0.0,0.0,-0.01,-1,-1,-0.01,-1,-1,-0.01,-1,-1,-0.01,-1,-1,-0.01,-1,-1,-0.01,-1,-1,-0.01,-1,-1,-0.01,-1,-1,-0.01,-1,-1,-0.01,-1,-1
99926009,2026-05-18 12:01:08+05:30,52975.05,0,0.0,0,0.0,0.0,53282.15,53308.4,52783.45,53710.35,0,0.0,0.0,0.0,0.0,-0.01,-1,-1,-0.01,-1,-1,-0.01,-1,-1,-0.01,-1,-1,-0.01,-1,-1,-0.01,-1,-1,-0.01,-1,-1,-0.01,-1,-1,-0.01,-1,-1,-0.01,-1,-1
99926009,2026-05-18 12:01:09+05:30,52978.95,0,0.0,0,0.0,0.0,53282.15,53308.4,52783.45,53710.35,0,0.0,0.0,0.0,0.0,-0.01,-1,-1,-0.01,-1,-1,-0.01,-1,-1,-0.01,-1,-1,-0.01,-1,-1,-0.01,-1,-1,-0.01,-1,-1,-0.01,-1,-1,-0.01,-1,-1,-0.01,-1,-1
99926009,2026-05-18 12:01:09+05:30,52978.2,0,0.0,0,0.0,0.0,53282.15,53308.4,52783.45,53710.35,0,0.0,0.0,0.0,0.0,-0.01,-1,-1,-0.01,-1,-1,-0.01,-1,-1,-0.01,-1,-1,-0.01,-1,-1,-0.01,-1,-1,-0.01,-1,-1,-0.01,-1,-1,-0.01,-1,-1,-0.01,-1,-1
99926009,2026-05-18 12:01:10+05:30,52977.15,0,0.0,0,0.0,0.0,53282.15,53308.4,52783.45,53710.35,0,0.0,0.0,0.0,0.0,-0.01,-1,-1,-0.01,-1,-1,-0.01,-1,-1,-0.01,-1,-1,-0.01,-1,-1,-0.01,-1,-1,-0.01,-1,-1,-0.01,-1,-1,-0.01,-1,-1,-0.01,-1,-1
99926009,2026-05-18 12:01:10+05:30,52976.25,0,0.0,0,0.0,0.0,53282.15,53308.4,52783.45,53710.35,0,0.0,0.0,0.0,0.0,-0.01,-1,-1,-0.01,-1,-1,-0.01,-1,-1,-0.01,-1,-1,-0.01,-1,-1,-0.01,-1,-1,-0.01,-1,-1,-0.01,-1,-1,-0.01,-1,-1,-0.01,-1,-1
99926009,2026-05-18 12:01:11+05:30,52975.6,0,0.0,0,0.0,0.0,53282.15,53308.4,52783.45,53710.35,0,0.0,0.0,0.0,0.0,-0.01,-1,-1,-0.01,-1,-1,-0.01,-1,-1,-0.01,-1,-1,-0.01,-1,-1,-0.01,-1,-1,-0.01,-1,-1,-0.01,-1,-1,-0.01,-1,-1,-0.01,-1,-1
99926009,2026-05-18 12:01:11+05:30,52974.95,0,0.0,0,0.0,0.0,53282.15,53308.4,52783.45,53710.35,0,0.0,0.0,0.0,0.0,-0.01,-1,-1,-0.01,-1,-1,-0.01,-1,-1,-0.01,-1,-1,-0.01,-1,-1,-0.01,-1,-1,-0.01,-1,-1,-0.01,-1,-1,-0.01,-1,-1,-0.01,-1,-1
99926009,2026-05-18 12:01:12+05:30,52973.95,0,0.0,0,0.0,0.0,53282.15,53308.4,52783.45,53710.35,0,0.0,0.0,0.0,0.0,-0.01,-1,-1,-0.01,-1,-1,-0.01,-1,-1,-0.01,-1,-1,-0.01,-1,-1,-0.01,-1,-1,-0.01,-1,-1,-0.01,-1,-1,-0.01,-1,-1,-0.01,-1,-1
99926009,2026-05-18 12:01:12+05:30,52975.2,0,0.0,0,0.0,0.0,53282.15,53308.4,52783.45,53710.35,0,0.0,0.0,0.0,0.0,-0.01,-1,-1,-0.01,-1,-1,-0.01,-1,-1,-0.01,-1,-1,-0.01,-1,-1,-0.01,-1,-1,-0.01,-1,-1,-0.01,-1,-1,-0.01,-1,-1,-0.01,-1,-1
99926009,2026-05-18 12:01:13+05:30,52975.9,0,0.0,0,0.0,0.0,53282.15,53308.4,52783.45,53710.35,0,0.0,0.0,0.0,0.0,-0.01,-1,-1,-0.01,-1,-1,-0.01,-1,-1,-0.01,-1,-1,-0.01,-1,-1,-0.01,-1,-1,-0.01,-1,-1,-0.01,-1,-1,-0.01,-1,-1,-0.01,-1,-1
99926009,2026-05-18 12:01:13+05:30,52974.15,0,0.0,0,0.0,0.0,53282.15,53308.4,52783.45,53710.35,0,0.0,0.0,0.0,0.0,-0.01,-1,-1,-0.01,-1,-1,-0.01,-1,-1,-0.01,-1,-1,-0.01,-1,-1,-0.01,-1,-1,-0.01,-1,-1,-0.01,-1,-1,-0.01,-1,-1,-0.01,-1,-1
99926009,2026-05-18 12:01:14+05:30,52975.3,0,0.0,0,0.0,0.0,53282.15,53308.4,52783.45,53710.35,0,0.0,0.0,0.0,0.0,-0.01,-1,-1,-0.01,-1,-1,-0.01,-1,-1,-0.01,-1,-1,-0.01,-1,-1,-0.01,-1,-1,-0.01,-1,-1,-0.01,-1,-1,-0.01,-1,-1,-0.01,-1,-1
99926009,2026-05-18 12:01:14+05:30,52976.5,0,0.0,0,0.0,0.0,53282.15,53308.4,52783.45,53710.35,0,0.0,0.0,0.0,0.0,-0.01,-1,-1,-0.01,-1,-1,-0.01,-1,-1,-0.01,-1,-1,-0.01,-1,-1,-0.01,-1,-1,-0.01,-1,-1,-0.01,-1,-1,-0.01,-1,-1,-0.01,-1,-1
99926009,2026-05-18 12:01:15+05:30,52979.05,0,0.0,0,0.0,0.0,53282.15,53308.4,52783.45,53710.35,0,0.0,0.0,0.0,0.0,-0.01,-1,-1,-0.01,-1,-1,-0.01,-1,-1,-0.01,-1,-1,-0.01,-1,-1,-0.01,-1,-1,-0.01,-1,-1,-0.01,-1,-1,-0.01,-1,-1,-0.01,-1,-1
99926009,2026-05-18 12:01:15+05:30,52978.25,0,0.0,0,0.0,0.0,53282.15,53308.4,52783.45,53710.35,0,0.0,0.0,0.0,0.0,-0.01,-1,-1,-0.01,-1,-1,-0.01,-1,-1,-0.01,-1,-1,-0.01,-1,-1,-0.01,-1,-1,-0.01,-1,-1,-0.01,-1,-1,-0.01,-1,-1,-0.01,-1,-1
99926009,2026-05-18 12:01:16+05:30,52980.45,0,0.0,0,0.0,0.0,53282.15,53308.4,52783.45,53710.35,0,0.0,0.0,0.0,0.0,-0.01,-1,-1,-0.01,-1,-1,-0.01,-1,-1,-0.01,-1,-1,-0.01,-1,-1,-0.01,-1,-1,-0.01,-1,-1,-0.01,-1,-1,-0.01,-1,-1,-0.01,-1,-1
99926009,2026-05-18 12:01:16+05:30,52981.65,0,0.0,0,0.0,0.0,53282.15,53308.4,52783.45,53710.35,0,0.0,0.0,0.0,0.0,-0.01,-1,-1,-0.01,-1,-1,-0.01,-1,-1,-0.01,-1,-1,-0.01,-1,-1,-0.01,-1,-1,-0.01,-1,-1,-0.01,-1,-1,-0.01,-1,-1,-0.01,-1,-1
99926009,2026-05-18 12:01:17+05:30,52980.1,0,0.0,0,0.0,0.0,53282.15,53308.4,52783.45,53710.35,0,0.0,0.0,0.0,0.0,-0.01,-1,-1,-0.01,-1,-1,-0.01,-1,-1,-0.01,-1,-1,-0.01,-1,-1,-0.01,-1,-1,-0.01,-1,-1,-0.01,-1,-1,-0.01,-1,-1,-0.01,-1,-1
99926009,2026-05-18 12:01:17+05:30,52978.35,0,0.0,0,0.0,0.0,53282.15,53308.4,52783.45,53710.35,0,0.0,0.0,0.0,0.0,-0.01,-1,-1,-0.01,-1,-1,-0.01,-1,-1,-0.01,-1,-1,-0.01,-1,-1,-0.01,-1,-1,-0.01,-1,-1,-0.01,-1,-1,-0.01,-1,-1,-0.01,-1,-1
99926009,2026-05-18 12:01:18+05:30,52980.95,0,0.0,0,0.0,0.0,53282.15,53308.4,52783.45,53710.35,0,0.0,0.0,0.0,0.0,-0.01,-1,-1,-0.01,-1,-1,-0.01,-1,-1,-0.01,-1,-1,-0.01,-1,-1,-0.01,-1,-1,-0.01,-1,-1,-0.01,-1,-1,-0.01,-1,-1,-0.01,-1,-1
99926009,2026-05-18 12:01:18+05:30,52980.15,0,0.0,0,0.0,0.0,53282.15,53308.4,52783.45,53710.35,0,0.0,0.0,0.0,0.0,-0.01,-1,-1,-0.01,-1,-1,-0.01,-1,-1,-0.01,-1,-1,-0.01,-1,-1,-0.01,-1,-1,-0.01,-1,-1,-0.01,-1,-1,-0.01,-1,-1,-0.01,-1,-1
99926009,2026-05-18 12:01:19+05:30,52977.35,0,0.0,0,0.0,0.0,53282.15,53308.4,52783.45,53710.35,0,0.0,0.0,0.0,0.0,-0.01,-1,-1,-0.01,-1,-1,-0.01,-1,-1,-0.01,-1,-1,-0.01,-1,-1,-0.01,-1,-1,-0.01,-1,-1,-0.01,-1,-1,-0.01,-1,-1,-0.01,-1,-1
99926009,2026-05-18 12:01:19+05:30,52978.0,0,0.0,0,0.0,0.0,53282.15,53308.4,52783.45,53710.35,0,0.0,0.0,0.0,0.0,-0.01,-1,-1,-0.01,-1,-1,-0.01,-1,-1,-0.01,-1,-1,-0.01,-1,-1,-0.01,-1,-1,-0.01,-1,-1,-0.01,-1,-1,-0.01,-1,-1,-0.01,-1,-1
99926009,2026-05-18 12:01:20+05:30,52977.7,0,0.0,0,0.0,0.0,53282.15,53308.4,52783.45,53710.35,0,0.0,0.0,0.0,0.0,-0.01,-1,-1,-0.01,-1,-1,-0.01,-1,-1,-0.01,-1,-1,-0.01,-1,-1,-0.01,-1,-1,-0.01,-1,-1,-0.01,-1,-1,-0.01,-1,-1,-0.01,-1,-1
99926009,2026-05-18 12:01:20+05:30,52975.4,0,0.0,0,0.0,0.0,53282.15,53308.4,52783.45,53710.35,0,0.0,0.0,0.0,0.0,-0.01,-1,-1,-0.01,-1,-1,-0.01,-1,-1,-0.01,-1,-1,-0.01,-1,-1,-0.01,-1,-1,-0.01,-1,-1,-0.01,-1,-1,-0.01,-1,-1,-0.01,-1,-1
99926009,2026-05-18 12:01:21+05:30,52973.7,0,0.0,0,0.0,0.0,53282.15,53308.4,52783.45,53710.35,0,0.0,0.0,0.0,0.0,-0.01,-1,-1,-0.01,-1,-1,-0.01,-1,-1,-0.01,-1,-1,-0.01,-1,-1,-0.01,-1,-1,-0.01,-1,-1,-0.01,-1,-1,-0.01,-1,-1,-0.01,-1,-1
99926009,2026-05-18 12:01:21+05:30,52972.15,0,0.0,0,0.0,0.0,53282.15,53308.4,52783.45,53710.35,0,0.0,0.0,0.0,0.0,-0.01,-1,-1,-0.01,-1,-1,-0.01,-1,-1,-0.01,-1,-1,-0.01,-1,-1,-0.01,-1,-1,-0.01,-1,-1,-0.01,-1,-1,-0.01,-1,-1,-0.01,-1,-1
99926009,2026-05-18 12:01:22+05:30,52973.1,0,0.0,0,0.0,0.0,53282.15,53308.4,52783.45,53710.35,0,0.0,0.0,0.0,0.0,-0.01,-1,-1,-0.01,-1,-1,-0.01,-1,-1,-0.01,-1,-1,-0.01,-1,-1,-0.01,-1,-1,-0.01,-1,-1,-0.01,-1,-1,-0.01,-1,-1,-0.01,-1,-1
99926009,2026-05-18 12:01:22+05:30,52973.3,0,0.0,0,0.0,0.0,53282.15,53308.4,52783.45,53710.35,0,0.0,0.0,0.0,0.0,-0.01,-1,-1,-0.01,-1,-1,-0.01,-1,-1,-0.01,-1,-1,-0.01,-1,-1,-0.01,-1,-1,-0.01,-1,-1,-0.01,-1,-1,-0.01,-1,-1,-0.01,-1,-1
99926009,2026-05-18 12:01:23+05:30,52973.5,0,0.0,0,0.0,0.0,53282.15,53308.4,52783.45,53710.35,0,0.0,0.0,0.0,0.0,-0.01,-1,-1,-0.01,-1,-1,-0.01,-1,-1,-0.01,-1,-1,-0.01,-1,-1,-0.01,-1,-1,-0.01,-1,-1,-0.01,-1,-1,-0.01,-1,-1,-0.01,-1,-1
99926009,2026-05-18 12:01:23+05:30,52972.85,0,0.0,0,0.0,0.0,53282.15,53308.4,52783.45,53710.35,0,0.0,0.0,0.0,0.0,-0.01,-1,-1,-0.01,-1,-1,-0.01,-1,-1,-0.01,-1,-1,-0.01,-1,-1,-0.01,-1,-1,-0.01,-1,-1,-0.01,-1,-1,-0.01,-1,-1,-0.01,-1,-1
99926009,2026-05-18 12:01:24+05:30,52972.3,0,0.0,0,0.0,0.0,53282.15,53308.4,52783.45,53710.35,0,0.0,0.0,0.0,0.0,-0.01,-1,-1,-0.01,-1,-1,-0.01,-1,-1,-0.01,-1,-1,-0.01,-1,-1,-0.01,-1,-1,-0.01,-1,-1,-0.01,-1,-1,-0.01,-1,-1,-0.01,-1,-1
99926009,2026-05-18 12:01:24+05:30,52972.6,0,0.0,0,0.0,0.0,53282.15,53308.4,52783.45,53710.35,0,0.0,0.0,0.0,0.0,-0.01,-1,-1,-0.01,-1,-1,-0.01,-1,-1,-0.01,-1,-1,-0.01,-1,-1,-0.01,-1,-1,-0.01,-1,-1,-0.01,-1,-1,-0.01,-1,-1,-0.01,-1,-1
99926009,2026-05-18 12:01:25+05:30,52975.2,0,0.0,0,0.0,0.0,53282.15,53308.4,52783.45,53710.35,0,0.0,0.0,0.0,0.0,-0.01,-1,-1,-0.01,-1,-1,-0.01,-1,-1,-0.01,-1,-1,-0.01,-1,-1,-0.01,-1,-1,-0.01,-1,-1,-0.01,-1,-1,-0.01,-1,-1,-0.01,-1,-1
99926009,2026-05-18 12:01:25+05:30,52974.0,0,0.0,0,0.0,0.0,53282.15,53308.4,52783.45,53710.35,0,0.0,0.0,0.0,0.0,-0.01,-1,-1,-0.01,-1,-1,-0.01,-1,-1,-0.01,-1,-1,-0.01,-1,-1,-0.01,-1,-1,-0.01,-1,-1,-0.01,-1,-1,-0.01,-1,-1,-0.01,-1,-1
99926009,2026-05-18 12:01:26+05:30,52969.75,0,0.0,0,0.0,0.0,53282.15,53308.4,52783.45,53710.35,0,0.0,0.0,0.0,0.0,-0.01,-1,-1,-0.01,-1,-1,-0.01,-1,-1,-0.01,-1,-1,-0.01,-1,-1,-0.01,-1,-1,-0.01,-1,-1,-0.01,-1,-1,-0.01,-1,-1,-0.01,-1,-1
99926009,2026-05-18 12:01:26+05:30,52969.25,0,0.0,0,0.0,0.0,53282.15,53308.4,52783.45,53710.35,0,0.0,0.0,0.0,0.0,-0.01,-1,-1,-0.01,-1,-1,-0.01,-1,-1,-0.01,-1,-1,-0.01,-1,-1,-0.01,-1,-1,-0.01,-1,-1,-0.01,-1,-1,-0.01,-1,-1,-0.01,-1,-1
99926009,2026-05-18 12:01:27+05:30,52964.75,0,0.0,0,0.0,0.0,53282.15,53308.4,52783.45,53710.35,0,0.0,0.0,0.0,0.0,-0.01,-1,-1,-0.01,-1,-1,-0.01,-1,-1,-0.01,-1,-1,-0.01,-1,-1,-0.01,-1,-1,-0.01,-1,-1,-0.01,-1,-1,-0.01,-1,-1,-0.01,-1,-1
99926009,2026-05-18 12:01:27+05:30,52965.7,0,0.0,0,0.0,0.0,53282.15,53308.4,52783.45,53710.35,0,0.0,0.0,0.0,0.0,-0.01,-1,-1,-0.01,-1,-1,-0.01,-1,-1,-0.01,-1,-1,-0.01,-1,-1,-0.01,-1,-1,-0.01,-1,-1,-0.01,-1,-1,-0.01,-1,-1,-0.01,-1,-1
99926009,2026-05-18 12:01:28+05:30,52967.95,0,0.0,0,0.0,0.0,53282.15,53308.4,52783.45,53710.35,0,0.0,0.0,0.0,0.0,-0.01,-1,-1,-0.01,-1,-1,-0.01,-1,-1,-0.01,-1,-1,-0.01,-1,-1,-0.01,-1,-1,-0.01,-1,-1,-0.01,-1,-1,-0.01,-1,-1,-0.01,-1,-1
99926009,2026-05-18 12:01:28+05:30,52968.65,0,0.0,0,0.0,0.0,53282.15,53308.4,52783.45,53710.35,0,0.0,0.0,0.0,0.0,-0.01,-1,-1,-0.01,-1,-1,-0.01,-1,-1,-0.01,-1,-1,-0.01,-1,-1,-0.01,-1,-1,-0.01,-1,-1,-0.01,-1,-1,-0.01,-1,-1,-0.01,-1,-1
99926009,2026-05-18 12:01:29+05:30,52966.8,0,0.0,0,0.0,0.0,53282.15,53308.4,52783.45,53710.35,0,0.0,0.0,0.0,0.0,-0.01,-1,-1,-0.01,-1,-1,-0.01,-1,-1,-0.01,-1,-1,-0.01,-1,-1,-0.01,-1,-1,-0.01,-1,-1,-0.01,-1,-1,-0.01,-1,-1,-0.01,-1,-1
99926009,2026-05-18 12:01:29+05:30,52967.8,0,0.0,0,0.0,0.0,53282.15,53308.4,52783.45,53710.35,0,0.0,0.0,0.0,0.0,-0.01,-1,-1,-0.01,-1,-1,-0.01,-1,-1,-0.01,-1,-1,-0.01,-1,-1,-0.01,-1,-1,-0.01,-1,-1,-0.01,-1,-1,-0.01,-1,-1,-0.01,-1,-1
99926009,2026-05-18 12:01:30+05:30,52968.35,0,0.0,0,0.0,0.0,53282.15,53308.4,52783.45,53710.35,0,0.0,0.0,0.0,0.0,-0.01,-1,-1,-0.01,-1,-1,-0.01,-1,-1,-0.01,-1,-1,-0.01,-1,-1,-0.01,-1,-1,-0.01,-1,-1,-0.01,-1,-1,-0.01,-1,-1,-0.01,-1,-1
99926009,2026-05-18 12:01:30+05:30,52967.65,0,0.0,0,0.0,0.0,53282.15,53308.4,52783.45,53710.35,0,0.0,0.0,0.0,0.0,-0.01,-1,-1,-0.01,-1,-1,-0.01,-1,-1,-0.01,-1,-1,-0.01,-1,-1,-0.01,-1,-1,-0.01,-1,-1,-0.01,-1,-1,-0.01,-1,-1,-0.01,-1,-1
99926009,2026-05-18 12:01:31+05:30,52968.35,0,0.0,0,0.0,0.0,53282.15,53308.4,52783.45,53710.35,0,0.0,0.0,0.0,0.0,-0.01,-1,-1,-0.01,-1,-1,-0.01,-1,-1,-0.01,-1,-1,-0.01,-1,-1,-0.01,-1,-1,-0.01,-1,-1,-0.01,-1,-1,-0.01,-1,-1,-0.01,-1,-1
99926009,2026-05-18 12:01:31+05:30,52970.0,0,0.0,0,0.0,0.0,53282.15,53308.4,52783.45,53710.35,0,0.0,0.0,0.0,0.0,-0.01,-1,-1,-0.01,-1,-1,-0.01,-1,-1,-0.01,-1,-1,-0.01,-1,-1,-0.01,-1,-1,-0.01,-1,-1,-0.01,-1,-1,-0.01,-1,-1,-0.01,-1,-1
99926009,2026-05-18 12:01:32+05:30,52971.9,0,0.0,0,0.0,0.0,53282.15,53308.4,52783.45,53710.35,0,0.0,0.0,0.0,0.0,-0.01,-1,-1,-0.01,-1,-1,-0.01,-1,-1,-0.01,-1,-1,-0.01,-1,-1,-0.01,-1,-1,-0.01,-1,-1,-0.01,-1,-1,-0.01,-1,-1,-0.01,-1,-1
99926009,2026-05-18 12:01:32+05:30,52966.95,0,0.0,0,0.0,0.0,53282.15,53308.4,52783.45,53710.35,0,0.0,0.0,0.0,0.0,-0.01,-1,-1,-0.01,-1,-1,-0.01,-1,-1,-0.01,-1,-1,-0.01,-1,-1,-0.01,-1,-1,-0.01,-1,-1,-0.01,-1,-1,-0.01,-1,-1,-0.01,-1,-1
99926009,2026-05-18 12:01:33+05:30,52969.05,0,0.0,0,0.0,0.0,53282.15,53308.4,52783.45,53710.35,0,0.0,0.0,0.0,0.0,-0.01,-1,-1,-0.01,-1,-1,-0.01,-1,-1,-0.01,-1,-1,-0.01,-1,-1,-0.01,-1,-1,-0.01,-1,-1,-0.01,-1,-1,-0.01,-1,-1,-0.01,-1,-1
99926009,2026-05-18 12:01:33+05:30,52967.85,0,0.0,0,0.0,0.0,53282.15,53308.4,52783.45,53710.35,0,0.0,0.0,0.0,0.0,-0.01,-1,-1,-0.01,-1,-1,-0.01,-1,-1,-0.01,-1,-1,-0.01,-1,-1,-0.01,-1,-1,-0.01,-1,-1,-0.01,-1,-1,-0.01,-1,-1,-0.01,-1,-1
99926009,2026-05-18 12:01:34+05:30,52968.65,0,0.0,0,0.0,0.0,53282.15,53308.4,52783.45,53710.35,0,0.0,0.0,0.0,0.0,-0.01,-1,-1,-0.01,-1,-1,-0.01,-1,-1,-0.01,-1,-1,-0.01,-1,-1,-0.01,-1,-1,-0.01,-1,-1,-0.01,-1,-1,-0.01,-1,-1,-0.01,-1,-1
99926009,2026-05-18 12:01:34+05:30,52969.65,0,0.0,0,0.0,0.0,53282.15,53308.4,52783.45,53710.35,0,0.0,0.0,0.0,0.0,-0.01,-1,-1,-0.01,-1,-1,-0.01,-1,-1,-0.01,-1,-1,-0.01,-1,-1,-0.01,-1,-1,-0.01,-1,-1,-0.01,-1,-1,-0.01,-1,-1,-0.01,-1,-1
99926009,2026-05-18 12:01:35+05:30,52973.15,0,0.0,0,0.0,0.0,53282.15,53308.4,52783.45,53710.35,0,0.0,0.0,0.0,0.0,-0.01,-1,-1,-0.01,-1,-1,-0.01,-1,-1,-0.01,-1,-1,-0.01,-1,-1,-0.01,-1,-1,-0.01,-1,-1,-0.01,-1,-1,-0.01,-1,-1,-0.01,-1,-1
99926009,2026-05-18 12:01:35+05:30,52972.1,0,0.0,0,0.0,0.0,53282.15,53308.4,52783.45,53710.35,0,0.0,0.0,0.0,0.0,-0.01,-1,-1,-0.01,-1,-1,-0.01,-1,-1,-0.01,-1,-1,-0.01,-1,-1,-0.01,-1,-1,-0.01,-1,-1,-0.01,-1,-1,-0.01,-1,-1,-0.01,-1,-1
99926009,2026-05-18 12:01:36+05:30,52973.85,0,0.0,0,0.0,0.0,53282.15,53308.4,52783.45,53710.35,0,0.0,0.0,0.0,0.0,-0.01,-1,-1,-0.01,-1,-1,-0.01,-1,-1,-0.01,-1,-1,-0.01,-1,-1,-0.01,-1,-1,-0.01,-1,-1,-0.01,-1,-1,-0.01,-1,-1,-0.01,-1,-1
99926009,2026-05-18 12:01:36+05:30,52970.65,0,0.0,0,0.0,0.0,53282.15,53308.4,52783.45,53710.35,0,0.0,0.0,0.0,0.0,-0.01,-1,-1,-0.01,-1,-1,-0.01,-1,-1,-0.01,-1,-1,-0.01,-1,-1,-0.01,-1,-1,-0.01,-1,-1,-0.01,-1,-1,-0.01,-1,-1,-0.01,-1,-1
99926009,2026-05-18 12:01:37+05:30,52970.7,0,0.0,0,0.0,0.0,53282.15,53308.4,52783.45,53710.35,0,0.0,0.0,0.0,0.0,-0.01,-1,-1,-0.01,-1,-1,-0.01,-1,-1,-0.01,-1,-1,-0.01,-1,-1,-0.01,-1,-1,-0.01,-1,-1,-0.01,-1,-1,-0.01,-1,-1,-0.01,-1,-1
99926009,2026-05-18 12:01:37+05:30,52970.55,0,0.0,0,0.0,0.0,53282.15,53308.4,52783.45,53710.35,0,0.0,0.0,0.0,0.0,-0.01,-1,-1,-0.01,-1,-1,-0.01,-1,-1,-0.01,-1,-1,-0.01,-1,-1,-0.01,-1,-1,-0.01,-1,-1,-0.01,-1,-1,-0.01,-1,-1,-0.01,-1,-1
99926009,2026-05-18 12:01:38+05:30,52970.7,0,0.0,0,0.0,0.0,53282.15,53308.4,52783.45,53710.35,0,0.0,0.0,0.0,0.0,-0.01,-1,-1,-0.01,-1,-1,-0.01,-1,-1,-0.01,-1,-1,-0.01,-1,-1,-0.01,-1,-1,-0.01,-1,-1,-0.01,-1,-1,-0.01,-1,-1,-0.01,-1,-1
99926009,2026-05-18 12:01:38+05:30,52973.75,0,0.0,0,0.0,0.0,53282.15,53308.4,52783.45,53710.35,0,0.0,0.0,0.0,0.0,-0.01,-1,-1,-0.01,-1,-1,-0.01,-1,-1,-0.01,-1,-1,-0.01,-1,-1,-0.01,-1,-1,-0.01,-1,-1,-0.01,-1,-1,-0.01,-1,-1,-0.01,-1,-1
99926009,2026-05-18 12:01:39+05:30,52972.6,0,0.0,0,0.0,0.0,53282.15,53308.4,52783.45,53710.35,0,0.0,0.0,0.0,0.0,-0.01,-1,-1,-0.01,-1,-1,-0.01,-1,-1,-0.01,-1,-1,-0.01,-1,-1,-0.01,-1,-1,-0.01,-1,-1,-0.01,-1,-1,-0.01,-1,-1,-0.01,-1,-1
99926009,2026-05-18 12:01:39+05:30,52971.65,0,0.0,0,0.0,0.0,53282.15,53308.4,52783.45,53710.35,0,0.0,0.0,0.0,0.0,-0.01,-1,-1,-0.01,-1,-1,-0.01,-1,-1,-0.01,-1,-1,-0.01,-1,-1,-0.01,-1,-1,-0.01,-1,-1,-0.01,-1,-1,-0.01,-1,-1,-0.01,-1,-1
99926009,2026-05-18 12:01:40+05:30,52972.7,0,0.0,0,0.0,0.0,53282.15,53308.4,52783.45,53710.35,0,0.0,0.0,0.0,0.0,-0.01,-1,-1,-0.01,-1,-1,-0.01,-1,-1,-0.01,-1,-1,-0.01,-1,-1,-0.01,-1,-1,-0.01,-1,-1,-0.01,-1,-1,-0.01,-1,-1,-0.01,-1,-1
99926009,2026-05-18 12:01:40+05:30,52970.5,0,0.0,0,0.0,0.0,53282.15,53308.4,52783.45,53710.35,0,0.0,0.0,0.0,0.0,-0.01,-1,-1,-0.01,-1,-1,-0.01,-1,-1,-0.01,-1,-1,-0.01,-1,-1,-0.01,-1,-1,-0.01,-1,-1,-0.01,-1,-1,-0.01,-1,-1,-0.01,-1,-1
99926009,2026-05-18 12:01:41+05:30,52969.2,0,0.0,0,0.0,0.0,53282.15,53308.4,52783.45,53710.35,0,0.0,0.0,0.0,0.0,-0.01,-1,-1,-0.01,-1,-1,-0.01,-1,-1,-0.01,-1,-1,-0.01,-1,-1,-0.01,-1,-1,-0.01,-1,-1,-0.01,-1,-1,-0.01,-1,-1,-0.01,-1,-1
99926009,2026-05-18 12:01:41+05:30,52970.0,0,0.0,0,0.0,0.0,53282.15,53308.4,52783.45,53710.35,0,0.0,0.0,0.0,0.0,-0.01,-1,-1,-0.01,-1,-1,-0.01,-1,-1,-0.01,-1,-1,-0.01,-1,-1,-0.01,-1,-1,-0.01,-1,-1,-0.01,-1,-1,-0.01,-1,-1,-0.01,-1,-1
99926009,2026-05-18 12:01:42+05:30,52972.05,0,0.0,0,0.0,0.0,53282.15,53308.4,52783.45,53710.35,0,0.0,0.0,0.0,0.0,-0.01,-1,-1,-0.01,-1,-1,-0.01,-1,-1,-0.01,-1,-1,-0.01,-1,-1,-0.01,-1,-1,-0.01,-1,-1,-0.01,-1,-1,-0.01,-1,-1,-0.01,-1,-1
99926009,2026-05-18 12:01:42+05:30,52971.5,0,0.0,0,0.0,0.0,53282.15,53308.4,52783.45,53710.35,0,0.0,0.0,0.0,0.0,-0.01,-1,-1,-0.01,-1,-1,-0.01,-1,-1,-0.01,-1,-1,-0.01,-1,-1,-0.01,-1,-1,-0.01,-1,-1,-0.01,-1,-1,-0.01,-1,-1,-0.01,-1,-1
99926009,2026-05-18 12:01:43+05:30,52971.25,0,0.0,0,0.0,0.0,53282.15,53308.4,52783.45,53710.35,0,0.0,0.0,0.0,0.0,-0.01,-1,-1,-0.01,-1,-1,-0.01,-1,-1,-0.01,-1,-1,-0.01,-1,-1,-0.01,-1,-1,-0.01,-1,-1,-0.01,-1,-1,-0.01,-1,-1,-0.01,-1,-1
99926009,2026-05-18 12:01:43+05:30,52972.95,0,0.0,0,0.0,0.0,53282.15,53308.4,52783.45,53710.35,0,0.0,0.0,0.0,0.0,-0.01,-1,-1,-0.01,-1,-1,-0.01,-1,-1,-0.01,-1,-1,-0.01,-1,-1,-0.01,-1,-1,-0.01,-1,-1,-0.01,-1,-1,-0.01,-1,-1,-0.01,-1,-1
99926009,2026-05-18 12:01:44+05:30,52971.15,0,0.0,0,0.0,0.0,53282.15,53308.4,52783.45,53710.35,0,0.0,0.0,0.0,0.0,-0.01,-1,-1,-0.01,-1,-1,-0.01,-1,-1,-0.01,-1,-1,-0.01,-1,-1,-0.01,-1,-1,-0.01,-1,-1,-0.01,-1,-1,-0.01,-1,-1,-0.01,-1,-1
99926009,2026-05-18 12:01:44+05:30,52971.0,0,0.0,0,0.0,0.0,53282.15,53308.4,52783.45,53710.35,0,0.0,0.0,0.0,0.0,-0.01,-1,-1,-0.01,-1,-1,-0.01,-1,-1,-0.01,-1,-1,-0.01,-1,-1,-0.01,-1,-1,-0.01,-1,-1,-0.01,-1,-1,-0.01,-1,-1,-0.01,-1,-1
99926009,2026-05-18 12:01:45+05:30,52973.4,0,0.0,0,0.0,0.0,53282.15,53308.4,52783.45,53710.35,0,0.0,0.0,0.0,0.0,-0.01,-1,-1,-0.01,-1,-1,-0.01,-1,-1,-0.01,-1,-1,-0.01,-1,-1,-0.01,-1,-1,-0.01,-1,-1,-0.01,-1,-1,-0.01,-1,-1,-0.01,-1,-1
99926009,2026-05-18 12:01:45+05:30,52973.65,0,0.0,0,0.0,0.0,53282.15,53308.4,52783.45,53710.35,0,0.0,0.0,0.0,0.0,-0.01,-1,-1,-0.01,-1,-1,-0.01,-1,-1,-0.01,-1,-1,-0.01,-1,-1,-0.01,-1,-1,-0.01,-1,-1,-0.01,-1,-1,-0.01,-1,-1,-0.01,-1,-1
99926009,2026-05-18 12:01:46+05:30,52975.95,0,0.0,0,0.0,0.0,53282.15,53308.4,52783.45,53710.35,0,0.0,0.0,0.0,0.0,-0.01,-1,-1,-0.01,-1,-1,-0.01,-1,-1,-0.01,-1,-1,-0.01,-1,-1,-0.01,-1,-1,-0.01,-1,-1,-0.01,-1,-1,-0.01,-1,-1,-0.01,-1,-1
99926009,2026-05-18 12:01:46+05:30,52973.3,0,0.0,0,0.0,0.0,53282.15,53308.4,52783.45,53710.35,0,0.0,0.0,0.0,0.0,-0.01,-1,-1,-0.01,-1,-1,-0.01,-1,-1,-0.01,-1,-1,-0.01,-1,-1,-0.01,-1,-1,-0.01,-1,-1,-0.01,-1,-1,-0.01,-1,-1,-0.01,-1,-1
99926009,2026-05-18 12:01:47+05:30,52972.95,0,0.0,0,0.0,0.0,53282.15,53308.4,52783.45,53710.35,0,0.0,0.0,0.0,0.0,-0.01,-1,-1,-0.01,-1,-1,-0.01,-1,-1,-0.01,-1,-1,-0.01,-1,-1,-0.01,-1,-1,-0.01,-1,-1,-0.01,-1,-1,-0.01,-1,-1,-0.01,-1,-1
99926009,2026-05-18 12:01:47+05:30,52973.6,0,0.0,0,0.0,0.0,53282.15,53308.4,52783.45,53710.35,0,0.0,0.0,0.0,0.0,-0.01,-1,-1,-0.01,-1,-1,-0.01,-1,-1,-0.01,-1,-1,-0.01,-1,-1,-0.01,-1,-1,-0.01,-1,-1,-0.01,-1,-1,-0.01,-1,-1,-0.01,-1,-1
99926009,2026-05-18 12:01:48+05:30,52976.85,0,0.0,0,0.0,0.0,53282.15,53308.4,52783.45,53710.35,0,0.0,0.0,0.0,0.0,-0.01,-1,-1,-0.01,-1,-1,-0.01,-1,-1,-0.01,-1,-1,-0.01,-1,-1,-0.01,-1,-1,-0.01,-1,-1,-0.01,-1,-1,-0.01,-1,-1,-0.01,-1,-1
99926009,2026-05-18 12:01:48+05:30,52976.7,0,0.0,0,0.0,0.0,53282.15,53308.4,52783.45,53710.35,0,0.0,0.0,0.0,0.0,-0.01,-1,-1,-0.01,-1,-1,-0.01,-1,-1,-0.01,-1,-1,-0.01,-1,-1,-0.01,-1,-1,-0.01,-1,-1,-0.01,-1,-1,-0.01,-1,-1,-0.01,-1,-1
99926009,2026-05-18 12:01:49+05:30,52974.35,0,0.0,0,0.0,0.0,53282.15,53308.4,52783.45,53710.35,0,0.0,0.0,0.0,0.0,-0.01,-1,-1,-0.01,-1,-1,-0.01,-1,-1,-0.01,-1,-1,-0.01,-1,-1,-0.01,-1,-1,-0.01,-1,-1,-0.01,-1,-1,-0.01,-1,-1,-0.01,-1,-1
99926009,2026-05-18 12:01:49+05:30,52975.6,0,0.0,0,0.0,0.0,53282.15,53308.4,52783.45,53710.35,0,0.0,0.0,0.0,0.0,-0.01,-1,-1,-0.01,-1,-1,-0.01,-1,-1,-0.01,-1,-1,-0.01,-1,-1,-0.01,-1,-1,-0.01,-1,-1,-0.01,-1,-1,-0.01,-1,-1,-0.01,-1,-1
99926009,2026-05-18 12:01:50+05:30,52977.25,0,0.0,0,0.0,0.0,53282.15,53308.4,52783.45,53710.35,0,0.0,0.0,0.0,0.0,-0.01,-1,-1,-0.01,-1,-1,-0.01,-1,-1,-0.01,-1,-1,-0.01,-1,-1,-0.01,-1,-1,-0.01,-1,-1,-0.01,-1,-1,-0.01,-1,-1,-0.01,-1,-1
99926009,2026-05-18 12:01:50+05:30,52978.55,0,0.0,0,0.0,0.0,53282.15,53308.4,52783.45,53710.35,0,0.0,0.0,0.0,0.0,-0.01,-1,-1,-0.01,-1,-1,-0.01,-1,-1,-0.01,-1,-1,-0.01,-1,-1,-0.01,-1,-1,-0.01,-1,-1,-0.01,-1,-1,-0.01,-1,-1,-0.01,-1,-1
99926009,2026-05-18 12:01:51+05:30,52978.55,0,0.0,0,0.0,0.0,53282.15,53308.4,52783.45,53710.35,0,0.0,0.0,0.0,0.0,-0.01,-1,-1,-0.01,-1,-1,-0.01,-1,-1,-0.01,-1,-1,-0.01,-1,-1,-0.01,-1,-1,-0.01,-1,-1,-0.01,-1,-1,-0.01,-1,-1,-0.01,-1,-1
99926009,2026-05-18 12:01:51+05:30,52979.0,0,0.0,0,0.0,0.0,53282.15,53308.4,52783.45,53710.35,0,0.0,0.0,0.0,0.0,-0.01,-1,-1,-0.01,-1,-1,-0.01,-1,-1,-0.01,-1,-1,-0.01,-1,-1,-0.01,-1,-1,-0.01,-1,-1,-0.01,-1,-1,-0.01,-1,-1,-0.01,-1,-1
99926009,2026-05-18 12:01:52+05:30,52978.2,0,0.0,0,0.0,0.0,53282.15,53308.4,52783.45,53710.35,0,0.0,0.0,0.0,0.0,-0.01,-1,-1,-0.01,-1,-1,-0.01,-1,-1,-0.01,-1,-1,-0.01,-1,-1,-0.01,-1,-1,-0.01,-1,-1,-0.01,-1,-1,-0.01,-1,-1,-0.01,-1,-1
99926009,2026-05-18 12:01:52+05:30,52978.05,0,0.0,0,0.0,0.0,53282.15,53308.4,52783.45,53710.35,0,0.0,0.0,0.0,0.0,-0.01,-1,-1,-0.01,-1,-1,-0.01,-1,-1,-0.01,-1,-1,-0.01,-1,-1,-0.01,-1,-1,-0.01,-1,-1,-0.01,-1,-1,-0.01,-1,-1,-0.01,-1,-1
99926009,2026-05-18 12:01:53+05:30,52980.0,0,0.0,0,0.0,0.0,53282.15,53308.4,52783.45,53710.35,0,0.0,0.0,0.0,0.0,-0.01,-1,-1,-0.01,-1,-1,-0.01,-1,-1,-0.01,-1,-1,-0.01,-1,-1,-0.01,-1,-1,-0.01,-1,-1,-0.01,-1,-1,-0.01,-1,-1,-0.01,-1,-1
99926009,2026-05-18 12:01:53+05:30,52977.95,0,0.0,0,0.0,0.0,53282.15,53308.4,52783.45,53710.35,0,0.0,0.0,0.0,0.0,-0.01,-1,-1,-0.01,-1,-1,-0.01,-1,-1,-0.01,-1,-1,-0.01,-1,-1,-0.01,-1,-1,-0.01,-1,-1,-0.01,-1,-1,-0.01,-1,-1,-0.01,-1,-1
99926009,2026-05-18 12:01:54+05:30,52979.9,0,0.0,0,0.0,0.0,53282.15,53308.4,52783.45,53710.35,0,0.0,0.0,0.0,0.0,-0.01,-1,-1,-0.01,-1,-1,-0.01,-1,-1,-0.01,-1,-1,-0.01,-1,-1,-0.01,-1,-1,-0.01,-1,-1,-0.01,-1,-1,-0.01,-1,-1,-0.01,-1,-1
99926009,2026-05-18 12:01:54+05:30,52980.8,0,0.0,0,0.0,0.0,53282.15,53308.4,52783.45,53710.35,0,0.0,0.0,0.0,0.0,-0.01,-1,-1,-0.01,-1,-1,-0.01,-1,-1,-0.01,-1,-1,-0.01,-1,-1,-0.01,-1,-1,-0.01,-1,-1,-0.01,-1,-1,-0.01,-1,-1,-0.01,-1,-1
99926009,2026-05-18 12:01:55+05:30,52981.7,0,0.0,0,0.0,0.0,53282.15,53308.4,52783.45,53710.35,0,0.0,0.0,0.0,0.0,-0.01,-1,-1,-0.01,-1,-1,-0.01,-1,-1,-0.01,-1,-1,-0.01,-1,-1,-0.01,-1,-1,-0.01,-1,-1,-0.01,-1,-1,-0.01,-1,-1,-0.01,-1,-1
99926009,2026-05-18 12:01:55+05:30,52980.2,0,0.0,0,0.0,0.0,53282.15,53308.4,52783.45,53710.35,0,0.0,0.0,0.0,0.0,-0.01,-1,-1,-0.01,-1,-1,-0.01,-1,-1,-0.01,-1,-1,-0.01,-1,-1,-0.01,-1,-1,-0.01,-1,-1,-0.01,-1,-1,-0.01,-1,-1,-0.01,-1,-1
99926009,2026-05-18 12:01:56+05:30,52981.25,0,0.0,0,0.0,0.0,53282.15,53308.4,52783.45,53710.35,0,0.0,0.0,0.0,0.0,-0.01,-1,-1,-0.01,-1,-1,-0.01,-1,-1,-0.01,-1,-1,-0.01,-1,-1,-0.01,-1,-1,-0.01,-1,-1,-0.01,-1,-1,-0.01,-1,-1,-0.01,-1,-1
99926009,2026-05-18 12:01:56+05:30,52987.65,0,0.0,0,0.0,0.0,53282.15,53308.4,52783.45,53710.35,0,0.0,0.0,0.0,0.0,-0.01,-1,-1,-0.01,-1,-1,-0.01,-1,-1,-0.01,-1,-1,-0.01,-1,-1,-0.01,-1,-1,-0.01,-1,-1,-0.01,-1,-1,-0.01,-1,-1,-0.01,-1,-1
99926009,2026-05-18 12:01:57+05:30,52987.3,0,0.0,0,0.0,0.0,53282.15,53308.4,52783.45,53710.35,0,0.0,0.0,0.0,0.0,-0.01,-1,-1,-0.01,-1,-1,-0.01,-1,-1,-0.01,-1,-1,-0.01,-1,-1,-0.01,-1,-1,-0.01,-1,-1,-0.01,-1,-1,-0.01,-1,-1,-0.01,-1,-1
99926009,2026-05-18 12:01:57+05:30,52985.65,0,0.0,0,0.0,0.0,53282.15,53308.4,52783.45,53710.35,0,0.0,0.0,0.0,0.0,-0.01,-1,-1,-0.01,-1,-1,-0.01,-1,-1,-0.01,-1,-1,-0.01,-1,-1,-0.01,-1,-1,-0.01,-1,-1,-0.01,-1,-1,-0.01,-1,-1,-0.01,-1,-1
99926009,2026-05-18 12:01:58+05:30,52986.55,0,0.0,0,0.0,0.0,53282.15,53308.4,52783.45,53710.35,0,0.0,0.0,0.0,0.0,-0.01,-1,-1,-0.01,-1,-1,-0.01,-1,-1,-0.01,-1,-1,-0.01,-1,-1,-0.01,-1,-1,-0.01,-1,-1,-0.01,-1,-1,-0.01,-1,-1,-0.01,-1,-1
99926009,2026-05-18 12:01:58+05:30,52984.2,0,0.0,0,0.0,0.0,53282.15,53308.4,52783.45,53710.35,0,0.0,0.0,0.0,0.0,-0.01,-1,-1,-0.01,-1,-1,-0.01,-1,-1,-0.01,-1,-1,-0.01,-1,-1,-0.01,-1,-1,-0.01,-1,-1,-0.01,-1,-1,-0.01,-1,-1,-0.01,-1,-1
99926009,2026-05-18 12:01:59+05:30,52985.1,0,0.0,0,0.0,0.0,53282.15,53308.4,52783.45,53710.35,0,0.0,0.0,0.0,0.0,-0.01,-1,-1,-0.01,-1,-1,-0.01,-1,-1,-0.01,-1,-1,-0.01,-1,-1,-0.01,-1,-1,-0.01,-1,-1,-0.01,-1,-1,-0.01,-1,-1,-0.01,-1,-1
99926009,2026-05-18 12:01:59+05:30,52983.85,0,0.0,0,0.0,0.0,53282.15,53308.4,52783.45,53710.35,0,0.0,0.0,0.0,0.0,-0.01,-1,-1,-0.01,-1,-1,-0.01,-1,-1,-0.01,-1,-1,-0.01,-1,-1,-0.01,-1,-1,-0.01,-1,-1,-0.01,-1,-1,-0.01,-1,-1,-0.01,-1,-1
99926009,2026-05-18 12:02:00+05:30,52986.85,0,0.0,0,0.0,0.0,53282.15,53308.4,52783.45,53710.35,0,0.0,0.0,0.0,0.0,-0.01,-1,-1,-0.01,-1,-1,-0.01,-1,-1,-0.01,-1,-1,-0.01,-1,-1,-0.01,-1,-1,-0.01,-1,-1,-0.01,-1,-1,-0.01,-1,-1,-0.01,-1,-1
99926009,2026-05-18 12:02:00+05:30,52986.8,0,0.0,0,0.0,0.0,53282.15,53308.4,52783.45,53710.35,0,0.0,0.0,0.0,0.0,-0.01,-1,-1,-0.01,-1,-1,-0.01,-1,-1,-0.01,-1,-1,-0.01,-1,-1,-0.01,-1,-1,-0.01,-1,-1,-0.01,-1,-1,-0.01,-1,-1,-0.01,-1,-1
99926009,2026-05-18 12:02:01+05:30,52987.15,0,0.0,0,0.0,0.0,53282.15,53308.4,52783.45,53710.35,0,0.0,0.0,0.0,0.0,-0.01,-1,-1,-0.01,-1,-1,-0.01,-1,-1,-0.01,-1,-1,-0.01,-1,-1,-0.01,-1,-1,-0.01,-1,-1,-0.01,-1,-1,-0.01,-1,-1,-0.01,-1,-1
99926009,2026-05-18 12:02:01+05:30,52989.95,0,0.0,0,0.0,0.0,53282.15,53308.4,52783.45,53710.35,0,0.0,0.0,0.0,0.0,-0.01,-1,-1,-0.01,-1,-1,-0.01,-1,-1,-0.01,-1,-1,-0.01,-1,-1,-0.01,-1,-1,-0.01,-1,-1,-0.01,-1,-1,-0.01,-1,-1,-0.01,-1,-1
99926009,2026-05-18 12:02:02+05:30,52989.45,0,0.0,0,0.0,0.0,53282.15,53308.4,52783.45,53710.35,0,0.0,0.0,0.0,0.0,-0.01,-1,-1,-0.01,-1,-1,-0.01,-1,-1,-0.01,-1,-1,-0.01,-1,-1,-0.01,-1,-1,-0.01,-1,-1,-0.01,-1,-1,-0.01,-1,-1,-0.01,-1,-1
99926009,2026-05-18 12:02:02+05:30,52989.9,0,0.0,0,0.0,0.0,53282.15,53308.4,52783.45,53710.35,0,0.0,0.0,0.0,0.0,-0.01,-1,-1,-0.01,-1,-1,-0.01,-1,-1,-0.01,-1,-1,-0.01,-1,-1,-0.01,-1,-1,-0.01,-1,-1,-0.01,-1,-1,-0.01,-1,-1,-0.01,-1,-1
99926009,2026-05-18 12:02:03+05:30,52988.0,0,0.0,0,0.0,0.0,53282.15,53308.4,52783.45,53710.35,0,0.0,0.0,0.0,0.0,-0.01,-1,-1,-0.01,-1,-1,-0.01,-1,-1,-0.01,-1,-1,-0.01,-1,-1,-0.01,-1,-1,-0.01,-1,-1,-0.01,-1,-1,-0.01,-1,-1,-0.01,-1,-1
99926009,2026-05-18 12:02:03+05:30,52986.55,0,0.0,0,0.0,0.0,53282.15,53308.4,52783.45,53710.35,0,0.0,0.0,0.0,0.0,-0.01,-1,-1,-0.01,-1,-1,-0.01,-1,-1,-0.01,-1,-1,-0.01,-1,-1,-0.01,-1,-1,-0.01,-1,-1,-0.01,-1,-1,-0.01,-1,-1,-0.01,-1,-1
99926009,2026-05-18 12:02:04+05:30,52988.15,0,0.0,0,0.0,0.0,53282.15,53308.4,52783.45,53710.35,0,0.0,0.0,0.0,0.0,-0.01,-1,-1,-0.01,-1,-1,-0.01,-1,-1,-0.01,-1,-1,-0.01,-1,-1,-0.01,-1,-1,-0.01,-1,-1,-0.01,-1,-1,-0.01,-1,-1,-0.01,-1,-1
99926009,2026-05-18 12:02:04+05:30,52988.95,0,0.0,0,0.0,0.0,53282.15,53308.4,52783.45,53710.35,0,0.0,0.0,0.0,0.0,-0.01,-1,-1,-0.01,-1,-1,-0.01,-1,-1,-0.01,-1,-1,-0.01,-1,-1,-0.01,-1,-1,-0.01,-1,-1,-0.01,-1,-1,-0.01,-1,-1,-0.01,-1,-1
99926009,2026-05-18 12:02:05+05:30,52988.85,0,0.0,0,0.0,0.0,53282.15,53308.4,52783.45,53710.35,0,0.0,0.0,0.0,0.0,-0.01,-1,-1,-0.01,-1,-1,-0.01,-1,-1,-0.01,-1,-1,-0.01,-1,-1,-0.01,-1,-1,-0.01,-1,-1,-0.01,-1,-1,-0.01,-1,-1,-0.01,-1,-1
99926009,2026-05-18 12:02:05+05:30,52989.7,0,0.0,0,0.0,0.0,53282.15,53308.4,52783.45,53710.35,0,0.0,0.0,0.0,0.0,-0.01,-1,-1,-0.01,-1,-1,-0.01,-1,-1,-0.01,-1,-1,-0.01,-1,-1,-0.01,-1,-1,-0.01,-1,-1,-0.01,-1,-1,-0.01,-1,-1,-0.01,-1,-1
99926009,2026-05-18 12:02:06+05:30,52989.9,0,0.0,0,0.0,0.0,53282.15,53308.4,52783.45,53710.35,0,0.0,0.0,0.0,0.0,-0.01,-1,-1,-0.01,-1,-1,-0.01,-1,-1,-0.01,-1,-1,-0.01,-1,-1,-0.01,-1,-1,-0.01,-1,-1,-0.01,-1,-1,-0.01,-1,-1,-0.01,-1,-1
99926009,2026-05-18 12:02:06+05:30,52990.6,0,0.0,0,0.0,0.0,53282.15,53308.4,52783.45,53710.35,0,0.0,0.0,0.0,0.0,-0.01,-1,-1,-0.01,-1,-1,-0.01,-1,-1,-0.01,-1,-1,-0.01,-1,-1,-0.01,-1,-1,-0.01,-1,-1,-0.01,-1,-1,-0.01,-1,-1,-0.01,-1,-1
99926009,2026-05-18 12:02:07+05:30,52991.45,0,0.0,0,0.0,0.0,53282.15,53308.4,52783.45,53710.35,0,0.0,0.0,0.0,0.0,-0.01,-1,-1,-0.01,-1,-1,-0.01,-1,-1,-0.01,-1,-1,-0.01,-1,-1,-0.01,-1,-1,-0.01,-1,-1,-0.01,-1,-1,-0.01,-1,-1,-0.01,-1,-1
99926009,2026-05-18 12:02:07+05:30,52991.15,0,0.0,0,0.0,0.0,53282.15,53308.4,52783.45,53710.35,0,0.0,0.0,0.0,0.0,-0.01,-1,-1,-0.01,-1,-1,-0.01,-1,-1,-0.01,-1,-1,-0.01,-1,-1,-0.01,-1,-1,-0.01,-1,-1,-0.01,-1,-1,-0.01,-1,-1,-0.01,-1,-1
99926009,2026-05-18 12:02:08+05:30,52990.5,0,0.0,0,0.0,0.0,53282.15,53308.4,52783.45,53710.35,0,0.0,0.0,0.0,0.0,-0.01,-1,-1,-0.01,-1,-1,-0.01,-1,-1,-0.01,-1,-1,-0.01,-1,-1,-0.01,-1,-1,-0.01,-1,-1,-0.01,-1,-1,-0.01,-1,-1,-0.01,-1,-1
99926009,2026-05-18 12:02:08+05:30,52989.85,0,0.0,0,0.0,0.0,53282.15,53308.4,52783.45,53710.35,0,0.0,0.0,0.0,0.0,-0.01,-1,-1,-0.01,-1,-1,-0.01,-1,-1,-0.01,-1,-1,-0.01,-1,-1,-0.01,-1,-1,-0.01,-1,-1,-0.01,-1,-1,-0.01,-1,-1,-0.01,-1,-1
99926009,2026-05-18 12:02:09+05:30,52989.3,0,0.0,0,0.0,0.0,53282.15,53308.4,52783.45,53710.35,0,0.0,0.0,0.0,0.0,-0.01,-1,-1,-0.01,-1,-1,-0.01,-1,-1,-0.01,-1,-1,-0.01,-1,-1,-0.01,-1,-1,-0.01,-1,-1,-0.01,-1,-1,-0.01,-1,-1,-0.01,-1,-1
99926009,2026-05-18 12:02:09+05:30,52990.5,0,0.0,0,0.0,0.0,53282.15,53308.4,52783.45,53710.35,0,0.0,0.0,0.0,0.0,-0.01,-1,-1,-0.01,-1,-1,-0.01,-1,-1,-0.01,-1,-1,-0.01,-1,-1,-0.01,-1,-1,-0.01,-1,-1,-0.01,-1,-1,-0.01,-1,-1,-0.01,-1,-1
99926009,2026-05-18 12:02:10+05:30,52991.8,0,0.0,0,0.0,0.0,53282.15,53308.4,52783.45,53710.35,0,0.0,0.0,0.0,0.0,-0.01,-1,-1,-0.01,-1,-1,-0.01,-1,-1,-0.01,-1,-1,-0.01,-1,-1,-0.01,-1,-1,-0.01,-1,-1,-0.01,-1,-1,-0.01,-1,-1,-0.01,-1,-1
99926009,2026-05-18 12:02:10+05:30,52989.05,0,0.0,0,0.0,0.0,53282.15,53308.4,52783.45,53710.35,0,0.0,0.0,0.0,0.0,-0.01,-1,-1,-0.01,-1,-1,-0.01,-1,-1,-0.01,-1,-1,-0.01,-1,-1,-0.01,-1,-1,-0.01,-1,-1,-0.01,-1,-1,-0.01,-1,-1,-0.01,-1,-1
99926009,2026-05-18 12:02:11+05:30,52985.3,0,0.0,0,0.0,0.0,53282.15,53308.4,52783.45,53710.35,0,0.0,0.0,0.0,0.0,-0.01,-1,-1,-0.01,-1,-1,-0.01,-1,-1,-0.01,-1,-1,-0.01,-1,-1,-0.01,-1,-1,-0.01,-1,-1,-0.01,-1,-1,-0.01,-1,-1,-0.01,-1,-1
99926009,2026-05-18 12:02:11+05:30,52987.5,0,0.0,0,0.0,0.0,53282.15,53308.4,52783.45,53710.35,0,0.0,0.0,0.0,0.0,-0.01,-1,-1,-0.01,-1,-1,-0.01,-1,-1,-0.01,-1,-1,-0.01,-1,-1,-0.01,-1,-1,-0.01,-1,-1,-0.01,-1,-1,-0.01,-1,-1,-0.01,-1,-1
99926009,2026-05-18 12:02:12+05:30,52987.2,0,0.0,0,0.0,0.0,53282.15,53308.4,52783.45,53710.35,0,0.0,0.0,0.0,0.0,-0.01,-1,-1,-0.01,-1,-1,-0.01,-1,-1,-0.01,-1,-1,-0.01,-1,-1,-0.01,-1,-1,-0.01,-1,-1,-0.01,-1,-1,-0.01,-1,-1,-0.01,-1,-1
99926009,2026-05-18 12:02:12+05:30,52985.85,0,0.0,0,0.0,0.0,53282.15,53308.4,52783.45,53710.35,0,0.0,0.0,0.0,0.0,-0.01,-1,-1,-0.01,-1,-1,-0.01,-1,-1,-0.01,-1,-1,-0.01,-1,-1,-0.01,-1,-1,-0.01,-1,-1,-0.01,-1,-1,-0.01,-1,-1,-0.01,-1,-1
99926009,2026-05-18 12:02:13+05:30,52987.5,0,0.0,0,0.0,0.0,53282.15,53308.4,52783.45,53710.35,0,0.0,0.0,0.0,0.0,-0.01,-1,-1,-0.01,-1,-1,-0.01,-1,-1,-0.01,-1,-1,-0.01,-1,-1,-0.01,-1,-1,-0.01,-1,-1,-0.01,-1,-1,-0.01,-1,-1,-0.01,-1,-1
99926009,2026-05-18 12:02:13+05:30,52986.3,0,0.0,0,0.0,0.0,53282.15,53308.4,52783.45,53710.35,0,0.0,0.0,0.0,0.0,-0.01,-1,-1,-0.01,-1,-1,-0.01,-1,-1,-0.01,-1,-1,-0.01,-1,-1,-0.01,-1,-1,-0.01,-1,-1,-0.01,-1,-1,-0.01,-1,-1,-0.01,-1,-1
99926009,2026-05-18 12:02:14+05:30,52983.95,0,0.0,0,0.0,0.0,53282.15,53308.4,52783.45,53710.35,0,0.0,0.0,0.0,0.0,-0.01,-1,-1,-0.01,-1,-1,-0.01,-1,-1,-0.01,-1,-1,-0.01,-1,-1,-0.01,-1,-1,-0.01,-1,-1,-0.01,-1,-1,-0.01,-1,-1,-0.01,-1,-1
99926009,2026-05-18 12:02:14+05:30,52985.55,0,0.0,0,0.0,0.0,53282.15,53308.4,52783.45,53710.35,0,0.0,0.0,0.0,0.0,-0.01,-1,-1,-0.01,-1,-1,-0.01,-1,-1,-0.01,-1,-1,-0.01,-1,-1,-0.01,-1,-1,-0.01,-1,-1,-0.01,-1,-1,-0.01,-1,-1,-0.01,-1,-1
99926009,2026-05-18 12:02:15+05:30,52987.45,0,0.0,0,0.0,0.0,53282.15,53308.4,52783.45,53710.35,0,0.0,0.0,0.0,0.0,-0.01,-1,-1,-0.01,-1,-1,-0.01,-1,-1,-0.01,-1,-1,-0.01,-1,-1,-0.01,-1,-1,-0.01,-1,-1,-0.01,-1,-1,-0.01,-1,-1,-0.01,-1,-1
99926009,2026-05-18 12:02:15+05:30,52985.45,0,0.0,0,0.0,0.0,53282.15,53308.4,52783.45,53710.35,0,0.0,0.0,0.0,0.0,-0.01,-1,-1,-0.01,-1,-1,-0.01,-1,-1,-0.01,-1,-1,-0.01,-1,-1,-0.01,-1,-1,-0.01,-1,-1,-0.01,-1,-1,-0.01,-1,-1,-0.01,-1,-1
99926009,2026-05-18 12:02:16+05:30,52986.45,0,0.0,0,0.0,0.0,53282.15,53308.4,52783.45,53710.35,0,0.0,0.0,0.0,0.0,-0.01,-1,-1,-0.01,-1,-1,-0.01,-1,-1,-0.01,-1,-1,-0.01,-1,-1,-0.01,-1,-1,-0.01,-1,-1,-0.01,-1,-1,-0.01,-1,-1,-0.01,-1,-1
99926009,2026-05-18 12:02:16+05:30,52985.05,0,0.0,0,0.0,0.0,53282.15,53308.4,52783.45,53710.35,0,0.0,0.0,0.0,0.0,-0.01,-1,-1,-0.01,-1,-1,-0.01,-1,-1,-0.01,-1,-1,-0.01,-1,-1,-0.01,-1,-1,-0.01,-1,-1,-0.01,-1,-1,-0.01,-1,-1,-0.01,-1,-1
99926009,2026-05-18 12:02:17+05:30,52984.3,0,0.0,0,0.0,0.0,53282.15,53308.4,52783.45,53710.35,0,0.0,0.0,0.0,0.0,-0.01,-1,-1,-0.01,-1,-1,-0.01,-1,-1,-0.01,-1,-1,-0.01,-1,-1,-0.01,-1,-1,-0.01,-1,-1,-0.01,-1,-1,-0.01,-1,-1,-0.01,-1,-1
99926009,2026-05-18 12:02:17+05:30,52984.15,0,0.0,0,0.0,0.0,53282.15,53308.4,52783.45,53710.35,0,0.0,0.0,0.0,0.0,-0.01,-1,-1,-0.01,-1,-1,-0.01,-1,-1,-0.01,-1,-1,-0.01,-1,-1,-0.01,-1,-1,-0.01,-1,-1,-0.01,-1,-1,-0.01,-1,-1,-0.01,-1,-1
99926009,2026-05-18 12:02:18+05:30,52987.2,0,0.0,0,0.0,0.0,53282.15,53308.4,52783.45,53710.35,0,0.0,0.0,0.0,0.0,-0.01,-1,-1,-0.01,-1,-1,-0.01,-1,-1,-0.01,-1,-1,-0.01,-1,-1,-0.01,-1,-1,-0.01,-1,-1,-0.01,-1,-1,-0.01,-1,-1,-0.01,-1,-1
99926009,2026-05-18 12:02:18+05:30,52986.05,0,0.0,0,0.0,0.0,53282.15,53308.4,52783.45,53710.35,0,0.0,0.0,0.0,0.0,-0.01,-1,-1,-0.01,-1,-1,-0.01,-1,-1,-0.01,-1,-1,-0.01,-1,-1,-0.01,-1,-1,-0.01,-1,-1,-0.01,-1,-1,-0.01,-1,-1,-0.01,-1,-1
99926009,2026-05-18 12:02:19+05:30,52985.45,0,0.0,0,0.0,0.0,53282.15,53308.4,52783.45,53710.35,0,0.0,0.0,0.0,0.0,-0.01,-1,-1,-0.01,-1,-1,-0.01,-1,-1,-0.01,-1,-1,-0.01,-1,-1,-0.01,-1,-1,-0.01,-1,-1,-0.01,-1,-1,-0.01,-1,-1,-0.01,-1,-1
99926009,2026-05-18 12:02:19+05:30,52985.05,0,0.0,0,0.0,0.0,53282.15,53308.4,52783.45,53710.35,0,0.0,0.0,0.0,0.0,-0.01,-1,-1,-0.01,-1,-1,-0.01,-1,-1,-0.01,-1,-1,-0.01,-1,-1,-0.01,-1,-1,-0.01,-1,-1,-0.01,-1,-1,-0.01,-1,-1,-0.01,-1,-1
99926009,2026-05-18 12:02:20+05:30,52985.4,0,0.0,0,0.0,0.0,53282.15,53308.4,52783.45,53710.35,0,0.0,0.0,0.0,0.0,-0.01,-1,-1,-0.01,-1,-1,-0.01,-1,-1,-0.01,-1,-1,-0.01,-1,-1,-0.01,-1,-1,-0.01,-1,-1,-0.01,-1,-1,-0.01,-1,-1,-0.01,-1,-1
99926009,2026-05-18 12:02:20+05:30,52979.05,0,0.0,0,0.0,0.0,53282.15,53308.4,52783.45,53710.35,0,0.0,0.0,0.0,0.0,-0.01,-1,-1,-0.01,-1,-1,-0.01,-1,-1,-0.01,-1,-1,-0.01,-1,-1,-0.01,-1,-1,-0.01,-1,-1,-0.01,-1,-1,-0.01,-1,-1,-0.01,-1,-1
99926009,2026-05-18 12:02:21+05:30,52979.5,0,0.0,0,0.0,0.0,53282.15,53308.4,52783.45,53710.35,0,0.0,0.0,0.0,0.0,-0.01,-1,-1,-0.01,-1,-1,-0.01,-1,-1,-0.01,-1,-1,-0.01,-1,-1,-0.01,-1,-1,-0.01,-1,-1,-0.01,-1,-1,-0.01,-1,-1,-0.01,-1,-1
99926009,2026-05-18 12:02:21+05:30,52979.3,0,0.0,0,0.0,0.0,53282.15,53308.4,52783.45,53710.35,0,0.0,0.0,0.0,0.0,-0.01,-1,-1,-0.01,-1,-1,-0.01,-1,-1,-0.01,-1,-1,-0.01,-1,-1,-0.01,-1,-1,-0.01,-1,-1,-0.01,-1,-1,-0.01,-1,-1,-0.01,-1,-1
99926009,2026-05-18 12:02:22+05:30,52979.85,0,0.0,0,0.0,0.0,53282.15,53308.4,52783.45,53710.35,0,0.0,0.0,0.0,0.0,-0.01,-1,-1,-0.01,-1,-1,-0.01,-1,-1,-0.01,-1,-1,-0.01,-1,-1,-0.01,-1,-1,-0.01,-1,-1,-0.01,-1,-1,-0.01,-1,-1,-0.01,-1,-1
99926009,2026-05-18 12:02:22+05:30,52978.65,0,0.0,0,0.0,0.0,53282.15,53308.4,52783.45,53710.35,0,0.0,0.0,0.0,0.0,-0.01,-1,-1,-0.01,-1,-1,-0.01,-1,-1,-0.01,-1,-1,-0.01,-1,-1,-0.01,-1,-1,-0.01,-1,-1,-0.01,-1,-1,-0.01,-1,-1,-0.01,-1,-1
99926009,2026-05-18 12:02:23+05:30,52975.9,0,0.0,0,0.0,0.0,53282.15,53308.4,52783.45,53710.35,0,0.0,0.0,0.0,0.0,-0.01,-1,-1,-0.01,-1,-1,-0.01,-1,-1,-0.01,-1,-1,-0.01,-1,-1,-0.01,-1,-1,-0.01,-1,-1,-0.01,-1,-1,-0.01,-1,-1,-0.01,-1,-1
99926009,2026-05-18 12:02:23+05:30,52973.85,0,0.0,0,0.0,0.0,53282.15,53308.4,52783.45,53710.35,0,0.0,0.0,0.0,0.0,-0.01,-1,-1,-0.01,-1,-1,-0.01,-1,-1,-0.01,-1,-1,-0.01,-1,-1,-0.01,-1,-1,-0.01,-1,-1,-0.01,-1,-1,-0.01,-1,-1,-0.01,-1,-1
99926009,2026-05-18 12:02:24+05:30,52973.75,0,0.0,0,0.0,0.0,53282.15,53308.4,52783.45,53710.35,0,0.0,0.0,0.0,0.0,-0.01,-1,-1,-0.01,-1,-1,-0.01,-1,-1,-0.01,-1,-1,-0.01,-1,-1,-0.01,-1,-1,-0.01,-1,-1,-0.01,-1,-1,-0.01,-1,-1,-0.01,-1,-1
99926009,2026-05-18 12:02:24+05:30,52973.55,0,0.0,0,0.0,0.0,53282.15,53308.4,52783.45,53710.35,0,0.0,0.0,0.0,0.0,-0.01,-1,-1,-0.01,-1,-1,-0.01,-1,-1,-0.01,-1,-1,-0.01,-1,-1,-0.01,-1,-1,-0.01,-1,-1,-0.01,-1,-1,-0.01,-1,-1,-0.01,-1,-1
99926009,2026-05-18 12:02:25+05:30,52974.75,0,0.0,0,0.0,0.0,53282.15,53308.4,52783.45,53710.35,0,0.0,0.0,0.0,0.0,-0.01,-1,-1,-0.01,-1,-1,-0.01,-1,-1,-0.01,-1,-1,-0.01,-1,-1,-0.01,-1,-1,-0.01,-1,-1,-0.01,-1,-1,-0.01,-1,-1,-0.01,-1,-1
99926009,2026-05-18 12:02:25+05:30,52975.3,0,0.0,0,0.0,0.0,53282.15,53308.4,52783.45,53710.35,0,0.0,0.0,0.0,0.0,-0.01,-1,-1,-0.01,-1,-1,-0.01,-1,-1,-0.01,-1,-1,-0.01,-1,-1,-0.01,-1,-1,-0.01,-1,-1,-0.01,-1,-1,-0.01,-1,-1,-0.01,-1,-1
99926009,2026-05-18 12:02:26+05:30,52976.5,0,0.0,0,0.0,0.0,53282.15,53308.4,52783.45,53710.35,0,0.0,0.0,0.0,0.0,-0.01,-1,-1,-0.01,-1,-1,-0.01,-1,-1,-0.01,-1,-1,-0.01,-1,-1,-0.01,-1,-1,-0.01,-1,-1,-0.01,-1,-1,-0.01,-1,-1,-0.01,-1,-1
99926009,2026-05-18 12:02:26+05:30,52975.2,0,0.0,0,0.0,0.0,53282.15,53308.4,52783.45,53710.35,0,0.0,0.0,0.0,0.0,-0.01,-1,-1,-0.01,-1,-1,-0.01,-1,-1,-0.01,-1,-1,-0.01,-1,-1,-0.01,-1,-1,-0.01,-1,-1,-0.01,-1,-1,-0.01,-1,-1,-0.01,-1,-1
99926009,2026-05-18 12:02:27+05:30,52974.15,0,0.0,0,0.0,0.0,53282.15,53308.4,52783.45,53710.35,0,0.0,0.0,0.0,0.0,-0.01,-1,-1,-0.01,-1,-1,-0.01,-1,-1,-0.01,-1,-1,-0.01,-1,-1,-0.01,-1,-1,-0.01,-1,-1,-0.01,-1,-1,-0.01,-1,-1,-0.01,-1,-1
99926009,2026-05-18 12:02:27+05:30,52975.55,0,0.0,0,0.0,0.0,53282.15,53308.4,52783.45,53710.35,0,0.0,0.0,0.0,0.0,-0.01,-1,-1,-0.01,-1,-1,-0.01,-1,-1,-0.01,-1,-1,-0.01,-1,-1,-0.01,-1,-1,-0.01,-1,-1,-0.01,-1,-1,-0.01,-1,-1,-0.01,-1,-1
99926009,2026-05-18 12:02:28+05:30,52976.75,0,0.0,0,0.0,0.0,53282.15,53308.4,52783.45,53710.35,0,0.0,0.0,0.0,0.0,-0.01,-1,-1,-0.01,-1,-1,-0.01,-1,-1,-0.01,-1,-1,-0.01,-1,-1,-0.01,-1,-1,-0.01,-1,-1,-0.01,-1,-1,-0.01,-1,-1,-0.01,-1,-1
99926009,2026-05-18 12:02:28+05:30,52975.5,0,0.0,0,0.0,0.0,53282.15,53308.4,52783.45,53710.35,0,0.0,0.0,0.0,0.0,-0.01,-1,-1,-0.01,-1,-1,-0.01,-1,-1,-0.01,-1,-1,-0.01,-1,-1,-0.01,-1,-1,-0.01,-1,-1,-0.01,-1,-1,-0.01,-1,-1,-0.01,-1,-1
99926009,2026-05-18 12:02:29+05:30,52975.7,0,0.0,0,0.0,0.0,53282.15,53308.4,52783.45,53710.35,0,0.0,0.0,0.0,0.0,-0.01,-1,-1,-0.01,-1,-1,-0.01,-1,-1,-0.01,-1,-1,-0.01,-1,-1,-0.01,-1,-1,-0.01,-1,-1,-0.01,-1,-1,-0.01,-1,-1,-0.01,-1,-1
99926009,2026-05-18 12:02:29+05:30,52975.45,0,0.0,0,0.0,0.0,53282.15,53308.4,52783.45,53710.35,0,0.0,0.0,0.0,0.0,-0.01,-1,-1,-0.01,-1,-1,-0.01,-1,-1,-0.01,-1,-1,-0.01,-1,-1,-0.01,-1,-1,-0.01,-1,-1,-0.01,-1,-1,-0.01,-1,-1,-0.01,-1,-1
99926009,2026-05-18 12:02:30+05:30,52976.85,0,0.0,0,0.0,0.0,53282.15,53308.4,52783.45,53710.35,0,0.0,0.0,0.0,0.0,-0.01,-1,-1,-0.01,-1,-1,-0.01,-1,-1,-0.01,-1,-1,-0.01,-1,-1,-0.01,-1,-1,-0.01,-1,-1,-0.01,-1,-1,-0.01,-1,-1,-0.01,-1,-1
99926009,2026-05-18 12:02:30+05:30,52980.1,0,0.0,0,0.0,0.0,53282.15,53308.4,52783.45,53710.35,0,0.0,0.0,0.0,0.0,-0.01,-1,-1,-0.01,-1,-1,-0.01,-1,-1,-0.01,-1,-1,-0.01,-1,-1,-0.01,-1,-1,-0.01,-1,-1,-0.01,-1,-1,-0.01,-1,-1,-0.01,-1,-1
99926009,2026-05-18 12:02:31+05:30,52978.25,0,0.0,0,0.0,0.0,53282.15,53308.4,52783.45,53710.35,0,0.0,0.0,0.0,0.0,-0.01,-1,-1,-0.01,-1,-1,-0.01,-1,-1,-0.01,-1,-1,-0.01,-1,-1,-0.01,-1,-1,-0.01,-1,-1,-0.01,-1,-1,-0.01,-1,-1,-0.01,-1,-1
99926009,2026-05-18 12:02:31+05:30,52981.4,0,0.0,0,0.0,0.0,53282.15,53308.4,52783.45,53710.35,0,0.0,0.0,0.0,0.0,-0.01,-1,-1,-0.01,-1,-1,-0.01,-1,-1,-0.01,-1,-1,-0.01,-1,-1,-0.01,-1,-1,-0.01,-1,-1,-0.01,-1,-1,-0.01,-1,-1,-0.01,-1,-1
99926009,2026-05-18 12:02:32+05:30,52982.4,0,0.0,0,0.0,0.0,53282.15,53308.4,52783.45,53710.35,0,0.0,0.0,0.0,0.0,-0.01,-1,-1,-0.01,-1,-1,-0.01,-1,-1,-0.01,-1,-1,-0.01,-1,-1,-0.01,-1,-1,-0.01,-1,-1,-0.01,-1,-1,-0.01,-1,-1,-0.01,-1,-1
99926009,2026-05-18 12:02:32+05:30,52983.05,0,0.0,0,0.0,0.0,53282.15,53308.4,52783.45,53710.35,0,0.0,0.0,0.0,0.0,-0.01,-1,-1,-0.01,-1,-1,-0.01,-1,-1,-0.01,-1,-1,-0.01,-1,-1,-0.01,-1,-1,-0.01,-1,-1,-0.01,-1,-1,-0.01,-1,-1,-0.01,-1,-1
99926009,2026-05-18 12:02:33+05:30,52979.2,0,0.0,0,0.0,0.0,53282.15,53308.4,52783.45,53710.35,0,0.0,0.0,0.0,0.0,-0.01,-1,-1,-0.01,-1,-1,-0.01,-1,-1,-0.01,-1,-1,-0.01,-1,-1,-0.01,-1,-1,-0.01,-1,-1,-0.01,-1,-1,-0.01,-1,-1,-0.01,-1,-1
99926009,2026-05-18 12:02:33+05:30,52980.75,0,0.0,0,0.0,0.0,53282.15,53308.4,52783.45,53710.35,0,0.0,0.0,0.0,0.0,-0.01,-1,-1,-0.01,-1,-1,-0.01,-1,-1,-0.01,-1,-1,-0.01,-1,-1,-0.01,-1,-1,-0.01,-1,-1,-0.01,-1,-1,-0.01,-1,-1,-0.01,-1,-1
99926009,2026-05-18 12:02:34+05:30,52981.35,0,0.0,0,0.0,0.0,53282.15,53308.4,52783.45,53710.35,0,0.0,0.0,0.0,0.0,-0.01,-1,-1,-0.01,-1,-1,-0.01,-1,-1,-0.01,-1,-1,-0.01,-1,-1,-0.01,-1,-1,-0.01,-1,-1,-0.01,-1,-1,-0.01,-1,-1,-0.01,-1,-1
99926009,2026-05-18 12:02:34+05:30,52983.3,0,0.0,0,0.0,0.0,53282.15,53308.4,52783.45,53710.35,0,0.0,0.0,0.0,0.0,-0.01,-1,-1,-0.01,-1,-1,-0.01,-1,-1,-0.01,-1,-1,-0.01,-1,-1,-0.01,-1,-1,-0.01,-1,-1,-0.01,-1,-1,-0.01,-1,-1,-0.01,-1,-1
99926009,2026-05-18 12:02:35+05:30,52984.25,0,0.0,0,0.0,0.0,53282.15,53308.4,52783.45,53710.35,0,0.0,0.0,0.0,0.0,-0.01,-1,-1,-0.01,-1,-1,-0.01,-1,-1,-0.01,-1,-1,-0.01,-1,-1,-0.01,-1,-1,-0.01,-1,-1,-0.01,-1,-1,-0.01,-1,-1,-0.01,-1,-1
99926009,2026-05-18 12:02:35+05:30,52979.2,0,0.0,0,0.0,0.0,53282.15,53308.4,52783.45,53710.35,0,0.0,0.0,0.0,0.0,-0.01,-1,-1,-0.01,-1,-1,-0.01,-1,-1,-0.01,-1,-1,-0.01,-1,-1,-0.01,-1,-1,-0.01,-1,-1,-0.01,-1,-1,-0.01,-1,-1,-0.01,-1,-1
99926009,2026-05-18 12:02:36+05:30,52981.15,0,0.0,0,0.0,0.0,53282.15,53308.4,52783.45,53710.35,0,0.0,0.0,0.0,0.0,-0.01,-1,-1,-0.01,-1,-1,-0.01,-1,-1,-0.01,-1,-1,-0.01,-1,-1,-0.01,-1,-1,-0.01,-1,-1,-0.01,-1,-1,-0.01,-1,-1,-0.01,-1,-1
99926009,2026-05-18 12:02:36+05:30,52981.2,0,0.0,0,0.0,0.0,53282.15,53308.4,52783.45,53710.35,0,0.0,0.0,0.0,0.0,-0.01,-1,-1,-0.01,-1,-1,-0.01,-1,-1,-0.01,-1,-1,-0.01,-1,-1,-0.01,-1,-1,-0.01,-1,-1,-0.01,-1,-1,-0.01,-1,-1,-0.01,-1,-1
99926009,2026-05-18 12:02:37+05:30,52981.0,0,0.0,0,0.0,0.0,53282.15,53308.4,52783.45,53710.35,0,0.0,0.0,0.0,0.0,-0.01,-1,-1,-0.01,-1,-1,-0.01,-1,-1,-0.01,-1,-1,-0.01,-1,-1,-0.01,-1,-1,-0.01,-1,-1,-0.01,-1,-1,-0.01,-1,-1,-0.01,-1,-1
99926009,2026-05-18 12:02:37+05:30,52979.55,0,0.0,0,0.0,0.0,53282.15,53308.4,52783.45,53710.35,0,0.0,0.0,0.0,0.0,-0.01,-1,-1,-0.01,-1,-1,-0.01,-1,-1,-0.01,-1,-1,-0.01,-1,-1,-0.01,-1,-1,-0.01,-1,-1,-0.01,-1,-1,-0.01,-1,-1,-0.01,-1,-1
99926009,2026-05-18 12:02:38+05:30,52979.7,0,0.0,0,0.0,0.0,53282.15,53308.4,52783.45,53710.35,0,0.0,0.0,0.0,0.0,-0.01,-1,-1,-0.01,-1,-1,-0.01,-1,-1,-0.01,-1,-1,-0.01,-1,-1,-0.01,-1,-1,-0.01,-1,-1,-0.01,-1,-1,-0.01,-1,-1,-0.01,-1,-1
99926009,2026-05-18 12:02:38+05:30,52980.0,0,0.0,0,0.0,0.0,53282.15,53308.4,52783.45,53710.35,0,0.0,0.0,0.0,0.0,-0.01,-1,-1,-0.01,-1,-1,-0.01,-1,-1,-0.01,-1,-1,-0.01,-1,-1,-0.01,-1,-1,-0.01,-1,-1,-0.01,-1,-1,-0.01,-1,-1,-0.01,-1,-1
99926009,2026-05-18 12:02:39+05:30,52977.9,0,0.0,0,0.0,0.0,53282.15,53308.4,52783.45,53710.35,0,0.0,0.0,0.0,0.0,-0.01,-1,-1,-0.01,-1,-1,-0.01,-1,-1,-0.01,-1,-1,-0.01,-1,-1,-0.01,-1,-1,-0.01,-1,-1,-0.01,-1,-1,-0.01,-1,-1,-0.01,-1,-1
99926009,2026-05-18 12:02:39+05:30,52981.25,0,0.0,0,0.0,0.0,53282.15,53308.4,52783.45,53710.35,0,0.0,0.0,0.0,0.0,-0.01,-1,-1,-0.01,-1,-1,-0.01,-1,-1,-0.01,-1,-1,-0.01,-1,-1,-0.01,-1,-1,-0.01,-1,-1,-0.01,-1,-1,-0.01,-1,-1,-0.01,-1,-1
99926009,2026-05-18 12:02:40+05:30,52982.65,0,0.0,0,0.0,0.0,53282.15,53308.4,52783.45,53710.35,0,0.0,0.0,0.0,0.0,-0.01,-1,-1,-0.01,-1,-1,-0.01,-1,-1,-0.01,-1,-1,-0.01,-1,-1,-0.01,-1,-1,-0.01,-1,-1,-0.01,-1,-1,-0.01,-1,-1,-0.01,-1,-1
99926009,2026-05-18 12:02:40+05:30,52981.7,0,0.0,0,0.0,0.0,53282.15,53308.4,52783.45,53710.35,0,0.0,0.0,0.0,0.0,-0.01,-1,-1,-0.01,-1,-1,-0.01,-1,-1,-0.01,-1,-1,-0.01,-1,-1,-0.01,-1,-1,-0.01,-1,-1,-0.01,-1,-1,-0.01,-1,-1,-0.01,-1,-1
99926009,2026-05-18 12:02:41+05:30,52981.95,0,0.0,0,0.0,0.0,53282.15,53308.4,52783.45,53710.35,0,0.0,0.0,0.0,0.0,-0.01,-1,-1,-0.01,-1,-1,-0.01,-1,-1,-0.01,-1,-1,-0.01,-1,-1,-0.01,-1,-1,-0.01,-1,-1,-0.01,-1,-1,-0.01,-1,-1,-0.01,-1,-1
99926009,2026-05-18 12:02:41+05:30,52979.3,0,0.0,0,0.0,0.0,53282.15,53308.4,52783.45,53710.35,0,0.0,0.0,0.0,0.0,-0.01,-1,-1,-0.01,-1,-1,-0.01,-1,-1,-0.01,-1,-1,-0.01,-1,-1,-0.01,-1,-1,-0.01,-1,-1,-0.01,-1,-1,-0.01,-1,-1,-0.01,-1,-1
99926009,2026-05-18 12:02:42+05:30,52980.15,0,0.0,0,0.0,0.0,53282.15,53308.4,52783.45,53710.35,0,0.0,0.0,0.0,0.0,-0.01,-1,-1,-0.01,-1,-1,-0.01,-1,-1,-0.01,-1,-1,-0.01,-1,-1,-0.01,-1,-1,-0.01,-1,-1,-0.01,-1,-1,-0.01,-1,-1,-0.01,-1,-1
99926009,2026-05-18 12:02:42+05:30,52980.6,0,0.0,0,0.0,0.0,53282.15,53308.4,52783.45,53710.35,0,0.0,0.0,0.0,0.0,-0.01,-1,-1,-0.01,-1,-1,-0.01,-1,-1,-0.01,-1,-1,-0.01,-1,-1,-0.01,-1,-1,-0.01,-1,-1,-0.01,-1,-1,-0.01,-1,-1,-0.01,-1,-1
99926009,2026-05-18 12:02:43+05:30,52982.5,0,0.0,0,0.0,0.0,53282.15,53308.4,52783.45,53710.35,0,0.0,0.0,0.0,0.0,-0.01,-1,-1,-0.01,-1,-1,-0.01,-1,-1,-0.01,-1,-1,-0.01,-1,-1,-0.01,-1,-1,-0.01,-1,-1,-0.01,-1,-1,-0.01,-1,-1,-0.01,-1,-1
99926009,2026-05-18 12:02:43+05:30,52981.8,0,0.0,0,0.0,0.0,53282.15,53308.4,52783.45,53710.35,0,0.0,0.0,0.0,0.0,-0.01,-1,-1,-0.01,-1,-1,-0.01,-1,-1,-0.01,-1,-1,-0.01,-1,-1,-0.01,-1,-1,-0.01,-1,-1,-0.01,-1,-1,-0.01,-1,-1,-0.01,-1,-1
99926009,2026-05-18 12:02:44+05:30,52982.95,0,0.0,0,0.0,0.0,53282.15,53308.4,52783.45,53710.35,0,0.0,0.0,0.0,0.0,-0.01,-1,-1,-0.01,-1,-1,-0.01,-1,-1,-0.01,-1,-1,-0.01,-1,-1,-0.01,-1,-1,-0.01,-1,-1,-0.01,-1,-1,-0.01,-1,-1,-0.01,-1,-1
99926009,2026-05-18 12:02:44+05:30,52982.0,0,0.0,0,0.0,0.0,53282.15,53308.4,52783.45,53710.35,0,0.0,0.0,0.0,0.0,-0.01,-1,-1,-0.01,-1,-1,-0.01,-1,-1,-0.01,-1,-1,-0.01,-1,-1,-0.01,-1,-1,-0.01,-1,-1,-0.01,-1,-1,-0.01,-1,-1,-0.01,-1,-1
99926009,2026-05-18 12:02:45+05:30,52983.65,0,0.0,0,0.0,0.0,53282.15,53308.4,52783.45,53710.35,0,0.0,0.0,0.0,0.0,-0.01,-1,-1,-0.01,-1,-1,-0.01,-1,-1,-0.01,-1,-1,-0.01,-1,-1,-0.01,-1,-1,-0.01,-1,-1,-0.01,-1,-1,-0.01,-1,-1,-0.01,-1,-1
99926009,2026-05-18 12:02:45+05:30,52981.9,0,0.0,0,0.0,0.0,53282.15,53308.4,52783.45,53710.35,0,0.0,0.0,0.0,0.0,-0.01,-1,-1,-0.01,-1,-1,-0.01,-1,-1,-0.01,-1,-1,-0.01,-1,-1,-0.01,-1,-1,-0.01,-1,-1,-0.01,-1,-1,-0.01,-1,-1,-0.01,-1,-1
99926009,2026-05-18 12:02:46+05:30,52980.2,0,0.0,0,0.0,0.0,53282.15,53308.4,52783.45,53710.35,0,0.0,0.0,0.0,0.0,-0.01,-1,-1,-0.01,-1,-1,-0.01,-1,-1,-0.01,-1,-1,-0.01,-1,-1,-0.01,-1,-1,-0.01,-1,-1,-0.01,-1,-1,-0.01,-1,-1,-0.01,-1,-1
99926009,2026-05-18 12:02:46+05:30,52983.2,0,0.0,0,0.0,0.0,53282.15,53308.4,52783.45,53710.35,0,0.0,0.0,0.0,0.0,-0.01,-1,-1,-0.01,-1,-1,-0.01,-1,-1,-0.01,-1,-1,-0.01,-1,-1,-0.01,-1,-1,-0.01,-1,-1,-0.01,-1,-1,-0.01,-1,-1,-0.01,-1,-1
99926009,2026-05-18 12:02:47+05:30,52984.0,0,0.0,0,0.0,0.0,53282.15,53308.4,52783.45,53710.35,0,0.0,0.0,0.0,0.0,-0.01,-1,-1,-0.01,-1,-1,-0.01,-1,-1,-0.01,-1,-1,-0.01,-1,-1,-0.01,-1,-1,-0.01,-1,-1,-0.01,-1,-1,-0.01,-1,-1,-0.01,-1,-1
99926009,2026-05-18 12:02:47+05:30,52984.3,0,0.0,0,0.0,0.0,53282.15,53308.4,52783.45,53710.35,0,0.0,0.0,0.0,0.0,-0.01,-1,-1,-0.01,-1,-1,-0.01,-1,-1,-0.01,-1,-1,-0.01,-1,-1,-0.01,-1,-1,-0.01,-1,-1,-0.01,-1,-1,-0.01,-1,-1,-0.01,-1,-1
99926009,2026-05-18 12:02:48+05:30,52984.2,0,0.0,0,0.0,0.0,53282.15,53308.4,52783.45,53710.35,0,0.0,0.0,0.0,0.0,-0.01,-1,-1,-0.01,-1,-1,-0.01,-1,-1,-0.01,-1,-1,-0.01,-1,-1,-0.01,-1,-1,-0.01,-1,-1,-0.01,-1,-1,-0.01,-1,-1,-0.01,-1,-1
99926009,2026-05-18 12:02:48+05:30,52988.5,0,0.0,0,0.0,0.0,53282.15,53308.4,52783.45,53710.35,0,0.0,0.0,0.0,0.0,-0.01,-1,-1,-0.01,-1,-1,-0.01,-1,-1,-0.01,-1,-1,-0.01,-1,-1,-0.01,-1,-1,-0.01,-1,-1,-0.01,-1,-1,-0.01,-1,-1,-0.01,-1,-1
99926009,2026-05-18 12:02:49+05:30,52991.35,0,0.0,0,0.0,0.0,53282.15,53308.4,52783.45,53710.35,0,0.0,0.0,0.0,0.0,-0.01,-1,-1,-0.01,-1,-1,-0.01,-1,-1,-0.01,-1,-1,-0.01,-1,-1,-0.01,-1,-1,-0.01,-1,-1,-0.01,-1,-1,-0.01,-1,-1,-0.01,-1,-1
99926009,2026-05-18 12:02:49+05:30,52991.4,0,0.0,0,0.0,0.0,53282.15,53308.4,52783.45,53710.35,0,0.0,0.0,0.0,0.0,-0.01,-1,-1,-0.01,-1,-1,-0.01,-1,-1,-0.01,-1,-1,-0.01,-1,-1,-0.01,-1,-1,-0.01,-1,-1,-0.01,-1,-1,-0.01,-1,-1,-0.01,-1,-1
99926009,2026-05-18 12:02:50+05:30,52991.9,0,0.0,0,0.0,0.0,53282.15,53308.4,52783.45,53710.35,0,0.0,0.0,0.0,0.0,-0.01,-1,-1,-0.01,-1,-1,-0.01,-1,-1,-0.01,-1,-1,-0.01,-1,-1,-0.01,-1,-1,-0.01,-1,-1,-0.01,-1,-1,-0.01,-1,-1,-0.01,-1,-1
99926009,2026-05-18 12:02:50+05:30,52990.15,0,0.0,0,0.0,0.0,53282.15,53308.4,52783.45,53710.35,0,0.0,0.0,0.0,0.0,-0.01,-1,-1,-0.01,-1,-1,-0.01,-1,-1,-0.01,-1,-1,-0.01,-1,-1,-0.01,-1,-1,-0.01,-1,-1,-0.01,-1,-1,-0.01,-1,-1,-0.01,-1,-1
99926009,2026-05-18 12:02:51+05:30,52988.3,0,0.0,0,0.0,0.0,53282.15,53308.4,52783.45,53710.35,0,0.0,0.0,0.0,0.0,-0.01,-1,-1,-0.01,-1,-1,-0.01,-1,-1,-0.01,-1,-1,-0.01,-1,-1,-0.01,-1,-1,-0.01,-1,-1,-0.01,-1,-1,-0.01,-1,-1,-0.01,-1,-1
99926009,2026-05-18 12:02:51+05:30,52990.6,0,0.0,0,0.0,0.0,53282.15,53308.4,52783.45,53710.35,0,0.0,0.0,0.0,0.0,-0.01,-1,-1,-0.01,-1,-1,-0.01,-1,-1,-0.01,-1,-1,-0.01,-1,-1,-0.01,-1,-1,-0.01,-1,-1,-0.01,-1,-1,-0.01,-1,-1,-0.01,-1,-1
99926009,2026-05-18 12:02:52+05:30,52987.9,0,0.0,0,0.0,0.0,53282.15,53308.4,52783.45,53710.35,0,0.0,0.0,0.0,0.0,-0.01,-1,-1,-0.01,-1,-1,-0.01,-1,-1,-0.01,-1,-1,-0.01,-1,-1,-0.01,-1,-1,-0.01,-1,-1,-0.01,-1,-1,-0.01,-1,-1,-0.01,-1,-1
99926009,2026-05-18 12:02:52+05:30,52986.15,0,0.0,0,0.0,0.0,53282.15,53308.4,52783.45,53710.35,0,0.0,0.0,0.0,0.0,-0.01,-1,-1,-0.01,-1,-1,-0.01,-1,-1,-0.01,-1,-1,-0.01,-1,-1,-0.01,-1,-1,-0.01,-1,-1,-0.01,-1,-1,-0.01,-1,-1,-0.01,-1,-1
99926009,2026-05-18 12:02:53+05:30,52989.5,0,0.0,0,0.0,0.0,53282.15,53308.4,52783.45,53710.35,0,0.0,0.0,0.0,0.0,-0.01,-1,-1,-0.01,-1,-1,-0.01,-1,-1,-0.01,-1,-1,-0.01,-1,-1,-0.01,-1,-1,-0.01,-1,-1,-0.01,-1,-1,-0.01,-1,-1,-0.01,-1,-1
99926009,2026-05-18 12:02:53+05:30,52989.85,0,0.0,0,0.0,0.0,53282.15,53308.4,52783.45,53710.35,0,0.0,0.0,0.0,0.0,-0.01,-1,-1,-0.01,-1,-1,-0.01,-1,-1,-0.01,-1,-1,-0.01,-1,-1,-0.01,-1,-1,-0.01,-1,-1,-0.01,-1,-1,-0.01,-1,-1,-0.01,-1,-1
99926009,2026-05-18 12:02:54+05:30,52989.25,0,0.0,0,0.0,0.0,53282.15,53308.4,52783.45,53710.35,0,0.0,0.0,0.0,0.0,-0.01,-1,-1,-0.01,-1,-1,-0.01,-1,-1,-0.01,-1,-1,-0.01,-1,-1,-0.01,-1,-1,-0.01,-1,-1,-0.01,-1,-1,-0.01,-1,-1,-0.01,-1,-1
99926009,2026-05-18 12:02:54+05:30,52989.05,0,0.0,0,0.0,0.0,53282.15,53308.4,52783.45,53710.35,0,0.0,0.0,0.0,0.0,-0.01,-1,-1,-0.01,-1,-1,-0.01,-1,-1,-0.01,-1,-1,-0.01,-1,-1,-0.01,-1,-1,-0.01,-1,-1,-0.01,-1,-1,-0.01,-1,-1,-0.01,-1,-1
99926009,2026-05-18 12:02:55+05:30,52991.25,0,0.0,0,0.0,0.0,53282.15,53308.4,52783.45,53710.35,0,0.0,0.0,0.0,0.0,-0.01,-1,-1,-0.01,-1,-1,-0.01,-1,-1,-0.01,-1,-1,-0.01,-1,-1,-0.01,-1,-1,-0.01,-1,-1,-0.01,-1,-1,-0.01,-1,-1,-0.01,-1,-1
99926009,2026-05-18 12:02:55+05:30,52990.9,0,0.0,0,0.0,0.0,53282.15,53308.4,52783.45,53710.35,0,0.0,0.0,0.0,0.0,-0.01,-1,-1,-0.01,-1,-1,-0.01,-1,-1,-0.01,-1,-1,-0.01,-1,-1,-0.01,-1,-1,-0.01,-1,-1,-0.01,-1,-1,-0.01,-1,-1,-0.01,-1,-1
99926009,2026-05-18 12:02:56+05:30,52986.65,0,0.0,0,0.0,0.0,53282.15,53308.4,52783.45,53710.35,0,0.0,0.0,0.0,0.0,-0.01,-1,-1,-0.01,-1,-1,-0.01,-1,-1,-0.01,-1,-1,-0.01,-1,-1,-0.01,-1,-1,-0.01,-1,-1,-0.01,-1,-1,-0.01,-1,-1,-0.01,-1,-1
99926009,2026-05-18 12:02:56+05:30,52995.55,0,0.0,0,0.0,0.0,53282.15,53308.4,52783.45,53710.35,0,0.0,0.0,0.0,0.0,-0.01,-1,-1,-0.01,-1,-1,-0.01,-1,-1,-0.01,-1,-1,-0.01,-1,-1,-0.01,-1,-1,-0.01,-1,-1,-0.01,-1,-1,-0.01,-1,-1,-0.01,-1,-1
99926009,2026-05-18 12:02:57+05:30,52994.15,0,0.0,0,0.0,0.0,53282.15,53308.4,52783.45,53710.35,0,0.0,0.0,0.0,0.0,-0.01,-1,-1,-0.01,-1,-1,-0.01,-1,-1,-0.01,-1,-1,-0.01,-1,-1,-0.01,-1,-1,-0.01,-1,-1,-0.01,-1,-1,-0.01,-1,-1,-0.01,-1,-1
99926009,2026-05-18 12:02:57+05:30,52993.9,0,0.0,0,0.0,0.0,53282.15,53308.4,52783.45,53710.35,0,0.0,0.0,0.0,0.0,-0.01,-1,-1,-0.01,-1,-1,-0.01,-1,-1,-0.01,-1,-1,-0.01,-1,-1,-0.01,-1,-1,-0.01,-1,-1,-0.01,-1,-1,-0.01,-1,-1,-0.01,-1,-1
99926009,2026-05-18 12:02:58+05:30,52993.4,0,0.0,0,0.0,0.0,53282.15,53308.4,52783.45,53710.35,0,0.0,0.0,0.0,0.0,-0.01,-1,-1,-0.01,-1,-1,-0.01,-1,-1,-0.01,-1,-1,-0.01,-1,-1,-0.01,-1,-1,-0.01,-1,-1,-0.01,-1,-1,-0.01,-1,-1,-0.01,-1,-1
99926009,2026-05-18 12:02:58+05:30,52990.2,0,0.0,0,0.0,0.0,53282.15,53308.4,52783.45,53710.35,0,0.0,0.0,0.0,0.0,-0.01,-1,-1,-0.01,-1,-1,-0.01,-1,-1,-0.01,-1,-1,-0.01,-1,-1,-0.01,-1,-1,-0.01,-1,-1,-0.01,-1,-1,-0.01,-1,-1,-0.01,-1,-1
99926009,2026-05-18 12:02:59+05:30,52992.7,0,0.0,0,0.0,0.0,53282.15,53308.4,52783.45,53710.35,0,0.0,0.0,0.0,0.0,-0.01,-1,-1,-0.01,-1,-1,-0.01,-1,-1,-0.01,-1,-1,-0.01,-1,-1,-0.01,-1,-1,-0.01,-1,-1,-0.01,-1,-1,-0.01,-1,-1,-0.01,-1,-1
99926009,2026-05-18 12:02:59+05:30,52991.7,0,0.0,0,0.0,0.0,53282.15,53308.4,52783.45,53710.35,0,0.0,0.0,0.0,0.0,-0.01,-1,-1,-0.01,-1,-1,-0.01,-1,-1,-0.01,-1,-1,-0.01,-1,-1,-0.01,-1,-1,-0.01,-1,-1,-0.01,-1,-1,-0.01,-1,-1,-0.01,-1,-1
99926009,2026-05-18 12:03:00+05:30,52993.2,0,0.0,0,0.0,0.0,53282.15,53308.4,52783.45,53710.35,0,0.0,0.0,0.0,0.0,-0.01,-1,-1,-0.01,-1,-1,-0.01,-1,-1,-0.01,-1,-1,-0.01,-1,-1,-0.01,-1,-1,-0.01,-1,-1,-0.01,-1,-1,-0.01,-1,-1,-0.01,-1,-1
99926009,2026-05-18 12:03:00+05:30,52993.35,0,0.0,0,0.0,0.0,53282.15,53308.4,52783.45,53710.35,0,0.0,0.0,0.0,0.0,-0.01,-1,-1,-0.01,-1,-1,-0.01,-1,-1,-0.01,-1,-1,-0.01,-1,-1,-0.01,-1,-1,-0.01,-1,-1,-0.01,-1,-1,-0.01,-1,-1,-0.01,-1,-1
99926009,2026-05-18 12:03:01+05:30,52994.25,0,0.0,0,0.0,0.0,53282.15,53308.4,52783.45,53710.35,0,0.0,0.0,0.0,0.0,-0.01,-1,-1,-0.01,-1,-1,-0.01,-1,-1,-0.01,-1,-1,-0.01,-1,-1,-0.01,-1,-1,-0.01,-1,-1,-0.01,-1,-1,-0.01,-1,-1,-0.01,-1,-1
99926009,2026-05-18 12:03:01+05:30,52995.15,0,0.0,0,0.0,0.0,53282.15,53308.4,52783.45,53710.35,0,0.0,0.0,0.0,0.0,-0.01,-1,-1,-0.01,-1,-1,-0.01,-1,-1,-0.01,-1,-1,-0.01,-1,-1,-0.01,-1,-1,-0.01,-1,-1,-0.01,-1,-1,-0.01,-1,-1,-0.01,-1,-1
99926009,2026-05-18 12:03:02+05:30,52995.85,0,0.0,0,0.0,0.0,53282.15,53308.4,52783.45,53710.35,0,0.0,0.0,0.0,0.0,-0.01,-1,-1,-0.01,-1,-1,-0.01,-1,-1,-0.01,-1,-1,-0.01,-1,-1,-0.01,-1,-1,-0.01,-1,-1,-0.01,-1,-1,-0.01,-1,-1,-0.01,-1,-1
99926009,2026-05-18 12:03:02+05:30,52995.95,0,0.0,0,0.0,0.0,53282.15,53308.4,52783.45,53710.35,0,0.0,0.0,0.0,0.0,-0.01,-1,-1,-0.01,-1,-1,-0.01,-1,-1,-0.01,-1,-1,-0.01,-1,-1,-0.01,-1,-1,-0.01,-1,-1,-0.01,-1,-1,-0.01,-1,-1,-0.01,-1,-1
99926009,2026-05-18 12:03:03+05:30,52993.7,0,0.0,0,0.0,0.0,53282.15,53308.4,52783.45,53710.35,0,0.0,0.0,0.0,0.0,-0.01,-1,-1,-0.01,-1,-1,-0.01,-1,-1,-0.01,-1,-1,-0.01,-1,-1,-0.01,-1,-1,-0.01,-1,-1,-0.01,-1,-1,-0.01,-1,-1,-0.01,-1,-1
99926009,2026-05-18 12:03:03+05:30,52992.9,0,0.0,0,0.0,0.0,53282.15,53308.4,52783.45,53710.35,0,0.0,0.0,0.0,0.0,-0.01,-1,-1,-0.01,-1,-1,-0.01,-1,-1,-0.01,-1,-1,-0.01,-1,-1,-0.01,-1,-1,-0.01,-1,-1,-0.01,-1,-1,-0.01,-1,-1,-0.01,-1,-1
99926009,2026-05-18 12:03:04+05:30,52994.1,0,0.0,0,0.0,0.0,53282.15,53308.4,52783.45,53710.35,0,0.0,0.0,0.0,0.0,-0.01,-1,-1,-0.01,-1,-1,-0.01,-1,-1,-0.01,-1,-1,-0.01,-1,-1,-0.01,-1,-1,-0.01,-1,-1,-0.01,-1,-1,-0.01,-1,-1,-0.01,-1,-1
99926009,2026-05-18 12:03:04+05:30,52992.1,0,0.0,0,0.0,0.0,53282.15,53308.4,52783.45,53710.35,0,0.0,0.0,0.0,0.0,-0.01,-1,-1,-0.01,-1,-1,-0.01,-1,-1,-0.01,-1,-1,-0.01,-1,-1,-0.01,-1,-1,-0.01,-1,-1,-0.01,-1,-1,-0.01,-1,-1,-0.01,-1,-1
99926009,2026-05-18 12:03:05+05:30,52995.55,0,0.0,0,0.0,0.0,53282.15,53308.4,52783.45,53710.35,0,0.0,0.0,0.0,0.0,-0.01,-1,-1,-0.01,-1,-1,-0.01,-1,-1,-0.01,-1,-1,-0.01,-1,-1,-0.01,-1,-1,-0.01,-1,-1,-0.01,-1,-1,-0.01,-1,-1,-0.01,-1,-1
99926009,2026-05-18 12:03:05+05:30,52992.5,0,0.0,0,0.0,0.0,53282.15,53308.4,52783.45,53710.35,0,0.0,0.0,0.0,0.0,-0.01,-1,-1,-0.01,-1,-1,-0.01,-1,-1,-0.01,-1,-1,-0.01,-1,-1,-0.01,-1,-1,-0.01,-1,-1,-0.01,-1,-1,-0.01,-1,-1,-0.01,-1,-1
99926009,2026-05-18 12:03:06+05:30,52994.95,0,0.0,0,0.0,0.0,53282.15,53308.4,52783.45,53710.35,0,0.0,0.0,0.0,0.0,-0.01,-1,-1,-0.01,-1,-1,-0.01,-1,-1,-0.01,-1,-1,-0.01,-1,-1,-0.01,-1,-1,-0.01,-1,-1,-0.01,-1,-1,-0.01,-1,-1,-0.01,-1,-1
99926009,2026-05-18 12:03:06+05:30,52994.95,0,0.0,0,0.0,0.0,53282.15,53308.4,52783.45,53710.35,0,0.0,0.0,0.0,0.0,-0.01,-1,-1,-0.01,-1,-1,-0.01,-1,-1,-0.01,-1,-1,-0.01,-1,-1,-0.01,-1,-1,-0.01,-1,-1,-0.01,-1,-1,-0.01,-1,-1,-0.01,-1,-1
99926009,2026-05-18 12:03:07+05:30,52991.35,0,0.0,0,0.0,0.0,53282.15,53308.4,52783.45,53710.35,0,0.0,0.0,0.0,0.0,-0.01,-1,-1,-0.01,-1,-1,-0.01,-1,-1,-0.01,-1,-1,-0.01,-1,-1,-0.01,-1,-1,-0.01,-1,-1,-0.01,-1,-1,-0.01,-1,-1,-0.01,-1,-1
99926009,2026-05-18 12:03:07+05:30,52994.9,0,0.0,0,0.0,0.0,53282.15,53308.4,52783.45,53710.35,0,0.0,0.0,0.0,0.0,-0.01,-1,-1,-0.01,-1,-1,-0.01,-1,-1,-0.01,-1,-1,-0.01,-1,-1,-0.01,-1,-1,-0.01,-1,-1,-0.01,-1,-1,-0.01,-1,-1,-0.01,-1,-1
99926009,2026-05-18 12:03:08+05:30,52993.25,0,0.0,0,0.0,0.0,53282.15,53308.4,52783.45,53710.35,0,0.0,0.0,0.0,0.0,-0.01,-1,-1,-0.01,-1,-1,-0.01,-1,-1,-0.01,-1,-1,-0.01,-1,-1,-0.01,-1,-1,-0.01,-1,-1,-0.01,-1,-1,-0.01,-1,-1,-0.01,-1,-1
99926009,2026-05-18 12:03:08+05:30,52993.35,0,0.0,0,0.0,0.0,53282.15,53308.4,52783.45,53710.35,0,0.0,0.0,0.0,0.0,-0.01,-1,-1,-0.01,-1,-1,-0.01,-1,-1,-0.01,-1,-1,-0.01,-1,-1,-0.01,-1,-1,-0.01,-1,-1,-0.01,-1,-1,-0.01,-1,-1,-0.01,-1,-1
99926009,2026-05-18 12:03:09+05:30,52993.05,0,0.0,0,0.0,0.0,53282.15,53308.4,52783.45,53710.35,0,0.0,0.0,0.0,0.0,-0.01,-1,-1,-0.01,-1,-1,-0.01,-1,-1,-0.01,-1,-1,-0.01,-1,-1,-0.01,-1,-1,-0.01,-1,-1,-0.01,-1,-1,-0.01,-1,-1,-0.01,-1,-1
99926009,2026-05-18 12:03:09+05:30,52995.6,0,0.0,0,0.0,0.0,53282.15,53308.4,52783.45,53710.35,0,0.0,0.0,0.0,0.0,-0.01,-1,-1,-0.01,-1,-1,-0.01,-1,-1,-0.01,-1,-1,-0.01,-1,-1,-0.01,-1,-1,-0.01,-1,-1,-0.01,-1,-1,-0.01,-1,-1,-0.01,-1,-1
99926009,2026-05-18 12:03:10+05:30,52998.3,0,0.0,0,0.0,0.0,53282.15,53308.4,52783.45,53710.35,0,0.0,0.0,0.0,0.0,-0.01,-1,-1,-0.01,-1,-1,-0.01,-1,-1,-0.01,-1,-1,-0.01,-1,-1,-0.01,-1,-1,-0.01,-1,-1,-0.01,-1,-1,-0.01,-1,-1,-0.01,-1,-1
99926009,2026-05-18 12:03:10+05:30,52996.55,0,0.0,0,0.0,0.0,53282.15,53308.4,52783.45,53710.35,0,0.0,0.0,0.0,0.0,-0.01,-1,-1,-0.01,-1,-1,-0.01,-1,-1,-0.01,-1,-1,-0.01,-1,-1,-0.01,-1,-1,-0.01,-1,-1,-0.01,-1,-1,-0.01,-1,-1,-0.01,-1,-1
99926009,2026-05-18 12:03:11+05:30,52994.85,0,0.0,0,0.0,0.0,53282.15,53308.4,52783.45,53710.35,0,0.0,0.0,0.0,0.0,-0.01,-1,-1,-0.01,-1,-1,-0.01,-1,-1,-0.01,-1,-1,-0.01,-1,-1,-0.01,-1,-1,-0.01,-1,-1,-0.01,-1,-1,-0.01,-1,-1,-0.01,-1,-1
99926009,2026-05-18 12:03:11+05:30,52995.8,0,0.0,0,0.0,0.0,53282.15,53308.4,52783.45,53710.35,0,0.0,0.0,0.0,0.0,-0.01,-1,-1,-0.01,-1,-1,-0.01,-1,-1,-0.01,-1,-1,-0.01,-1,-1,-0.01,-1,-1,-0.01,-1,-1,-0.01,-1,-1,-0.01,-1,-1,-0.01,-1,-1
99926009,2026-05-18 12:03:12+05:30,52993.2,0,0.0,0,0.0,0.0,53282.15,53308.4,52783.45,53710.35,0,0.0,0.0,0.0,0.0,-0.01,-1,-1,-0.01,-1,-1,-0.01,-1,-1,-0.01,-1,-1,-0.01,-1,-1,-0.01,-1,-1,-0.01,-1,-1,-0.01,-1,-1,-0.01,-1,-1,-0.01,-1,-1
99926009,2026-05-18 12:03:12+05:30,52993.55,0,0.0,0,0.0,0.0,53282.15,53308.4,52783.45,53710.35,0,0.0,0.0,0.0,0.0,-0.01,-1,-1,-0.01,-1,-1,-0.01,-1,-1,-0.01,-1,-1,-0.01,-1,-1,-0.01,-1,-1,-0.01,-1,-1,-0.01,-1,-1,-0.01,-1,-1,-0.01,-1,-1
99926009,2026-05-18 12:03:13+05:30,52995.75,0,0.0,0,0.0,0.0,53282.15,53308.4,52783.45,53710.35,0,0.0,0.0,0.0,0.0,-0.01,-1,-1,-0.01,-1,-1,-0.01,-1,-1,-0.01,-1,-1,-0.01,-1,-1,-0.01,-1,-1,-0.01,-1,-1,-0.01,-1,-1,-0.01,-1,-1,-0.01,-1,-1
99926009,2026-05-18 12:03:13+05:30,52992.1,0,0.0,0,0.0,0.0,53282.15,53308.4,52783.45,53710.35,0,0.0,0.0,0.0,0.0,-0.01,-1,-1,-0.01,-1,-1,-0.01,-1,-1,-0.01,-1,-1,-0.01,-1,-1,-0.01,-1,-1,-0.01,-1,-1,-0.01,-1,-1,-0.01,-1,-1,-0.01,-1,-1
99926009,2026-05-18 12:03:14+05:30,52992.1,0,0.0,0,0.0,0.0,53282.15,53308.4,52783.45,53710.35,0,0.0,0.0,0.0,0.0,-0.01,-1,-1,-0.01,-1,-1,-0.01,-1,-1,-0.01,-1,-1,-0.01,-1,-1,-0.01,-1,-1,-0.01,-1,-1,-0.01,-1,-1,-0.01,-1,-1,-0.01,-1,-1
99926009,2026-05-18 12:03:14+05:30,52992.45,0,0.0,0,0.0,0.0,53282.15,53308.4,52783.45,53710.35,0,0.0,0.0,0.0,0.0,-0.01,-1,-1,-0.01,-1,-1,-0.01,-1,-1,-0.01,-1,-1,-0.01,-1,-1,-0.01,-1,-1,-0.01,-1,-1,-0.01,-1,-1,-0.01,-1,-1,-0.01,-1,-1
99926009,2026-05-18 12:03:15+05:30,52997.3,0,0.0,0,0.0,0.0,53282.15,53308.4,52783.45,53710.35,0,0.0,0.0,0.0,0.0,-0.01,-1,-1,-0.01,-1,-1,-0.01,-1,-1,-0.01,-1,-1,-0.01,-1,-1,-0.01,-1,-1,-0.01,-1,-1,-0.01,-1,-1,-0.01,-1,-1,-0.01,-1,-1
99926009,2026-05-18 12:03:15+05:30,52995.15,0,0.0,0,0.0,0.0,53282.15,53308.4,52783.45,53710.35,0,0.0,0.0,0.0,0.0,-0.01,-1,-1,-0.01,-1,-1,-0.01,-1,-1,-0.01,-1,-1,-0.01,-1,-1,-0.01,-1,-1,-0.01,-1,-1,-0.01,-1,-1,-0.01,-1,-1,-0.01,-1,-1
99926009,2026-05-18 12:03:16+05:30,52995.55,0,0.0,0,0.0,0.0,53282.15,53308.4,52783.45,53710.35,0,0.0,0.0,0.0,0.0,-0.01,-1,-1,-0.01,-1,-1,-0.01,-1,-1,-0.01,-1,-1,-0.01,-1,-1,-0.01,-1,-1,-0.01,-1,-1,-0.01,-1,-1,-0.01,-1,-1,-0.01,-1,-1
99926009,2026-05-18 12:03:16+05:30,52998.0,0,0.0,0,0.0,0.0,53282.15,53308.4,52783.45,53710.35,0,0.0,0.0,0.0,0.0,-0.01,-1,-1,-0.01,-1,-1,-0.01,-1,-1,-0.01,-1,-1,-0.01,-1,-1,-0.01,-1,-1,-0.01,-1,-1,-0.01,-1,-1,-0.01,-1,-1,-0.01,-1,-1
99926009,2026-05-18 12:03:17+05:30,53000.3,0,0.0,0,0.0,0.0,53282.15,53308.4,52783.45,53710.35,0,0.0,0.0,0.0,0.0,-0.01,-1,-1,-0.01,-1,-1,-0.01,-1,-1,-0.01,-1,-1,-0.01,-1,-1,-0.01,-1,-1,-0.01,-1,-1,-0.01,-1,-1,-0.01,-1,-1,-0.01,-1,-1
99926009,2026-05-18 12:03:17+05:30,53000.15,0,0.0,0,0.0,0.0,53282.15,53308.4,52783.45,53710.35,0,0.0,0.0,0.0,0.0,-0.01,-1,-1,-0.01,-1,-1,-0.01,-1,-1,-0.01,-1,-1,-0.01,-1,-1,-0.01,-1,-1,-0.01,-1,-1,-0.01,-1,-1,-0.01,-1,-1,-0.01,-1,-1
99926009,2026-05-18 12:03:18+05:30,53000.8,0,0.0,0,0.0,0.0,53282.15,53308.4,52783.45,53710.35,0,0.0,0.0,0.0,0.0,-0.01,-1,-1,-0.01,-1,-1,-0.01,-1,-1,-0.01,-1,-1,-0.01,-1,-1,-0.01,-1,-1,-0.01,-1,-1,-0.01,-1,-1,-0.01,-1,-1,-0.01,-1,-1
99926009,2026-05-18 12:03:18+05:30,53001.0,0,0.0,0,0.0,0.0,53282.15,53308.4,52783.45,53710.35,0,0.0,0.0,0.0,0.0,-0.01,-1,-1,-0.01,-1,-1,-0.01,-1,-1,-0.01,-1,-1,-0.01,-1,-1,-0.01,-1,-1,-0.01,-1,-1,-0.01,-1,-1,-0.01,-1,-1,-0.01,-1,-1
99926009,2026-05-18 12:03:19+05:30,53000.4,0,0.0,0,0.0,0.0,53282.15,53308.4,52783.45,53710.35,0,0.0,0.0,0.0,0.0,-0.01,-1,-1,-0.01,-1,-1,-0.01,-1,-1,-0.01,-1,-1,-0.01,-1,-1,-0.01,-1,-1,-0.01,-1,-1,-0.01,-1,-1,-0.01,-1,-1,-0.01,-1,-1
99926009,2026-05-18 12:03:19+05:30,52998.85,0,0.0,0,0.0,0.0,53282.15,53308.4,52783.45,53710.35,0,0.0,0.0,0.0,0.0,-0.01,-1,-1,-0.01,-1,-1,-0.01,-1,-1,-0.01,-1,-1,-0.01,-1,-1,-0.01,-1,-1,-0.01,-1,-1,-0.01,-1,-1,-0.01,-1,-1,-0.01,-1,-1
99926009,2026-05-18 12:03:20+05:30,53000.45,0,0.0,0,0.0,0.0,53282.15,53308.4,52783.45,53710.35,0,0.0,0.0,0.0,0.0,-0.01,-1,-1,-0.01,-1,-1,-0.01,-1,-1,-0.01,-1,-1,-0.01,-1,-1,-0.01,-1,-1,-0.01,-1,-1,-0.01,-1,-1,-0.01,-1,-1,-0.01,-1,-1
99926009,2026-05-18 12:03:20+05:30,52999.3,0,0.0,0,0.0,0.0,53282.15,53308.4,52783.45,53710.35,0,0.0,0.0,0.0,0.0,-0.01,-1,-1,-0.01,-1,-1,-0.01,-1,-1,-0.01,-1,-1,-0.01,-1,-1,-0.01,-1,-1,-0.01,-1,-1,-0.01,-1,-1,-0.01,-1,-1,-0.01,-1,-1
99926009,2026-05-18 12:03:21+05:30,52999.5,0,0.0,0,0.0,0.0,53282.15,53308.4,52783.45,53710.35,0,0.0,0.0,0.0,0.0,-0.01,-1,-1,-0.01,-1,-1,-0.01,-1,-1,-0.01,-1,-1,-0.01,-1,-1,-0.01,-1,-1,-0.01,-1,-1,-0.01,-1,-1,-0.01,-1,-1,-0.01,-1,-1
99926009,2026-05-18 12:03:21+05:30,52997.8,0,0.0,0,0.0,0.0,53282.15,53308.4,52783.45,53710.35,0,0.0,0.0,0.0,0.0,-0.01,-1,-1,-0.01,-1,-1,-0.01,-1,-1,-0.01,-1,-1,-0.01,-1,-1,-0.01,-1,-1,-0.01,-1,-1,-0.01,-1,-1,-0.01,-1,-1,-0.01,-1,-1
99926009,2026-05-18 12:03:22+05:30,52998.65,0,0.0,0,0.0,0.0,53282.15,53308.4,52783.45,53710.35,0,0.0,0.0,0.0,0.0,-0.01,-1,-1,-0.01,-1,-1,-0.01,-1,-1,-0.01,-1,-1,-0.01,-1,-1,-0.01,-1,-1,-0.01,-1,-1,-0.01,-1,-1,-0.01,-1,-1,-0.01,-1,-1
99926009,2026-05-18 12:03:22+05:30,52998.6,0,0.0,0,0.0,0.0,53282.15,53308.4,52783.45,53710.35,0,0.0,0.0,0.0,0.0,-0.01,-1,-1,-0.01,-1,-1,-0.01,-1,-1,-0.01,-1,-1,-0.01,-1,-1,-0.01,-1,-1,-0.01,-1,-1,-0.01,-1,-1,-0.01,-1,-1,-0.01,-1,-1
99926009,2026-05-18 12:03:23+05:30,52998.25,0,0.0,0,0.0,0.0,53282.15,53308.4,52783.45,53710.35,0,0.0,0.0,0.0,0.0,-0.01,-1,-1,-0.01,-1,-1,-0.01,-1,-1,-0.01,-1,-1,-0.01,-1,-1,-0.01,-1,-1,-0.01,-1,-1,-0.01,-1,-1,-0.01,-1,-1,-0.01,-1,-1
99926009,2026-05-18 12:03:23+05:30,52996.85,0,0.0,0,0.0,0.0,53282.15,53308.4,52783.45,53710.35,0,0.0,0.0,0.0,0.0,-0.01,-1,-1,-0.01,-1,-1,-0.01,-1,-1,-0.01,-1,-1,-0.01,-1,-1,-0.01,-1,-1,-0.01,-1,-1,-0.01,-1,-1,-0.01,-1,-1,-0.01,-1,-1
99926009,2026-05-18 12:03:24+05:30,52996.1,0,0.0,0,0.0,0.0,53282.15,53308.4,52783.45,53710.35,0,0.0,0.0,0.0,0.0,-0.01,-1,-1,-0.01,-1,-1,-0.01,-1,-1,-0.01,-1,-1,-0.01,-1,-1,-0.01,-1,-1,-0.01,-1,-1,-0.01,-1,-1,-0.01,-1,-1,-0.01,-1,-1
99926009,2026-05-18 12:03:24+05:30,52995.25,0,0.0,0,0.0,0.0,53282.15,53308.4,52783.45,53710.35,0,0.0,0.0,0.0,0.0,-0.01,-1,-1,-0.01,-1,-1,-0.01,-1,-1,-0.01,-1,-1,-0.01,-1,-1,-0.01,-1,-1,-0.01,-1,-1,-0.01,-1,-1,-0.01,-1,-1,-0.01,-1,-1
99926009,2026-05-18 12:03:25+05:30,52999.15,0,0.0,0,0.0,0.0,53282.15,53308.4,52783.45,53710.35,0,0.0,0.0,0.0,0.0,-0.01,-1,-1,-0.01,-1,-1,-0.01,-1,-1,-0.01,-1,-1,-0.01,-1,-1,-0.01,-1,-1,-0.01,-1,-1,-0.01,-1,-1,-0.01,-1,-1,-0.01,-1,-1
99926009,2026-05-18 12:03:25+05:30,52998.05,0,0.0,0,0.0,0.0,53282.15,53308.4,52783.45,53710.35,0,0.0,0.0,0.0,0.0,-0.01,-1,-1,-0.01,-1,-1,-0.01,-1,-1,-0.01,-1,-1,-0.01,-1,-1,-0.01,-1,-1,-0.01,-1,-1,-0.01,-1,-1,-0.01,-1,-1,-0.01,-1,-1
99926009,2026-05-18 12:03:26+05:30,52995.35,0,0.0,0,0.0,0.0,53282.15,53308.4,52783.45,53710.35,0,0.0,0.0,0.0,0.0,-0.01,-1,-1,-0.01,-1,-1,-0.01,-1,-1,-0.01,-1,-1,-0.01,-1,-1,-0.01,-1,-1,-0.01,-1,-1,-0.01,-1,-1,-0.01,-1,-1,-0.01,-1,-1
99926009,2026-05-18 12:03:26+05:30,53001.3,0,0.0,0,0.0,0.0,53282.15,53308.4,52783.45,53710.35,0,0.0,0.0,0.0,0.0,-0.01,-1,-1,-0.01,-1,-1,-0.01,-1,-1,-0.01,-1,-1,-0.01,-1,-1,-0.01,-1,-1,-0.01,-1,-1,-0.01,-1,-1,-0.01,-1,-1,-0.01,-1,-1
99926009,2026-05-18 12:03:27+05:30,53000.85,0,0.0,0,0.0,0.0,53282.15,53308.4,52783.45,53710.35,0,0.0,0.0,0.0,0.0,-0.01,-1,-1,-0.01,-1,-1,-0.01,-1,-1,-0.01,-1,-1,-0.01,-1,-1,-0.01,-1,-1,-0.01,-1,-1,-0.01,-1,-1,-0.01,-1,-1,-0.01,-1,-1
99926009,2026-05-18 12:03:27+05:30,53005.4,0,0.0,0,0.0,0.0,53282.15,53308.4,52783.45,53710.35,0,0.0,0.0,0.0,0.0,-0.01,-1,-1,-0.01,-1,-1,-0.01,-1,-1,-0.01,-1,-1,-0.01,-1,-1,-0.01,-1,-1,-0.01,-1,-1,-0.01,-1,-1,-0.01,-1,-1,-0.01,-1,-1
99926009,2026-05-18 12:03:28+05:30,53008.9,0,0.0,0,0.0,0.0,53282.15,53308.4,52783.45,53710.35,0,0.0,0.0,0.0,0.0,-0.01,-1,-1,-0.01,-1,-1,-0.01,-1,-1,-0.01,-1,-1,-0.01,-1,-1,-0.01,-1,-1,-0.01,-1,-1,-0.01,-1,-1,-0.01,-1,-1,-0.01,-1,-1
99926009,2026-05-18 12:03:28+05:30,53005.35,0,0.0,0,0.0,0.0,53282.15,53308.4,52783.45,53710.35,0,0.0,0.0,0.0,0.0,-0.01,-1,-1,-0.01,-1,-1,-0.01,-1,-1,-0.01,-1,-1,-0.01,-1,-1,-0.01,-1,-1,-0.01,-1,-1,-0.01,-1,-1,-0.01,-1,-1,-0.01,-1,-1
99926009,2026-05-18 12:03:29+05:30,53005.1,0,0.0,0,0.0,0.0,53282.15,53308.4,52783.45,53710.35,0,0.0,0.0,0.0,0.0,-0.01,-1,-1,-0.01,-1,-1,-0.01,-1,-1,-0.01,-1,-1,-0.01,-1,-1,-0.01,-1,-1,-0.01,-1,-1,-0.01,-1,-1,-0.01,-1,-1,-0.01,-1,-1
99926009,2026-05-18 12:03:29+05:30,53007.2,0,0.0,0,0.0,0.0,53282.15,53308.4,52783.45,53710.35,0,0.0,0.0,0.0,0.0,-0.01,-1,-1,-0.01,-1,-1,-0.01,-1,-1,-0.01,-1,-1,-0.01,-1,-1,-0.01,-1,-1,-0.01,-1,-1,-0.01,-1,-1,-0.01,-1,-1,-0.01,-1,-1
99926009,2026-05-18 12:03:30+05:30,53011.0,0,0.0,0,0.0,0.0,53282.15,53308.4,52783.45,53710.35,0,0.0,0.0,0.0,0.0,-0.01,-1,-1,-0.01,-1,-1,-0.01,-1,-1,-0.01,-1,-1,-0.01,-1,-1,-0.01,-1,-1,-0.01,-1,-1,-0.01,-1,-1,-0.01,-1,-1,-0.01,-1,-1
99926009,2026-05-18 12:03:30+05:30,53010.25,0,0.0,0,0.0,0.0,53282.15,53308.4,52783.45,53710.35,0,0.0,0.0,0.0,0.0,-0.01,-1,-1,-0.01,-1,-1,-0.01,-1,-1,-0.01,-1,-1,-0.01,-1,-1,-0.01,-1,-1,-0.01,-1,-1,-0.01,-1,-1,-0.01,-1,-1,-0.01,-1,-1
99926009,2026-05-18 12:03:31+05:30,53008.7,0,0.0,0,0.0,0.0,53282.15,53308.4,52783.45,53710.35,0,0.0,0.0,0.0,0.0,-0.01,-1,-1,-0.01,-1,-1,-0.01,-1,-1,-0.01,-1,-1,-0.01,-1,-1,-0.01,-1,-1,-0.01,-1,-1,-0.01,-1,-1,-0.01,-1,-1,-0.01,-1,-1
99926009,2026-05-18 12:03:31+05:30,53008.2,0,0.0,0,0.0,0.0,53282.15,53308.4,52783.45,53710.35,0,0.0,0.0,0.0,0.0,-0.01,-1,-1,-0.01,-1,-1,-0.01,-1,-1,-0.01,-1,-1,-0.01,-1,-1,-0.01,-1,-1,-0.01,-1,-1,-0.01,-1,-1,-0.01,-1,-1,-0.01,-1,-1
99926009,2026-05-18 12:03:32+05:30,53007.65,0,0.0,0,0.0,0.0,53282.15,53308.4,52783.45,53710.35,0,0.0,0.0,0.0,0.0,-0.01,-1,-1,-0.01,-1,-1,-0.01,-1,-1,-0.01,-1,-1,-0.01,-1,-1,-0.01,-1,-1,-0.01,-1,-1,-0.01,-1,-1,-0.01,-1,-1,-0.01,-1,-1
99926009,2026-05-18 12:03:32+05:30,53006.1,0,0.0,0,0.0,0.0,53282.15,53308.4,52783.45,53710.35,0,0.0,0.0,0.0,0.0,-0.01,-1,-1,-0.01,-1,-1,-0.01,-1,-1,-0.01,-1,-1,-0.01,-1,-1,-0.01,-1,-1,-0.01,-1,-1,-0.01,-1,-1,-0.01,-1,-1,-0.01,-1,-1
99926009,2026-05-18 12:03:33+05:30,53005.65,0,0.0,0,0.0,0.0,53282.15,53308.4,52783.45,53710.35,0,0.0,0.0,0.0,0.0,-0.01,-1,-1,-0.01,-1,-1,-0.01,-1,-1,-0.01,-1,-1,-0.01,-1,-1,-0.01,-1,-1,-0.01,-1,-1,-0.01,-1,-1,-0.01,-1,-1,-0.01,-1,-1
99926009,2026-05-18 12:03:33+05:30,53004.95,0,0.0,0,0.0,0.0,53282.15,53308.4,52783.45,53710.35,0,0.0,0.0,0.0,0.0,-0.01,-1,-1,-0.01,-1,-1,-0.01,-1,-1,-0.01,-1,-1,-0.01,-1,-1,-0.01,-1,-1,-0.01,-1,-1,-0.01,-1,-1,-0.01,-1,-1,-0.01,-1,-1
99926009,2026-05-18 12:03:34+05:30,53003.9,0,0.0,0,0.0,0.0,53282.15,53308.4,52783.45,53710.35,0,0.0,0.0,0.0,0.0,-0.01,-1,-1,-0.01,-1,-1,-0.01,-1,-1,-0.01,-1,-1,-0.01,-1,-1,-0.01,-1,-1,-0.01,-1,-1,-0.01,-1,-1,-0.01,-1,-1,-0.01,-1,-1
99926009,2026-05-18 12:03:34+05:30,53003.8,0,0.0,0,0.0,0.0,53282.15,53308.4,52783.45,53710.35,0,0.0,0.0,0.0,0.0,-0.01,-1,-1,-0.01,-1,-1,-0.01,-1,-1,-0.01,-1,-1,-0.01,-1,-1,-0.01,-1,-1,-0.01,-1,-1,-0.01,-1,-1,-0.01,-1,-1,-0.01,-1,-1
99926009,2026-05-18 12:03:35+05:30,53004.9,0,0.0,0,0.0,0.0,53282.15,53308.4,52783.45,53710.35,0,0.0,0.0,0.0,0.0,-0.01,-1,-1,-0.01,-1,-1,-0.01,-1,-1,-0.01,-1,-1,-0.01,-1,-1,-0.01,-1,-1,-0.01,-1,-1,-0.01,-1,-1,-0.01,-1,-1,-0.01,-1,-1
99926009,2026-05-18 12:03:36+05:30,53003.7,0,0.0,0,0.0,0.0,53282.15,53308.4,52783.45,53710.35,0,0.0,0.0,0.0,0.0,-0.01,-1,-1,-0.01,-1,-1,-0.01,-1,-1,-0.01,-1,-1,-0.01,-1,-1,-0.01,-1,-1,-0.01,-1,-1,-0.01,-1,-1,-0.01,-1,-1,-0.01,-1,-1
99926009,2026-05-18 12:03:36+05:30,52999.2,0,0.0,0,0.0,0.0,53282.15,53308.4,52783.45,53710.35,0,0.0,0.0,0.0,0.0,-0.01,-1,-1,-0.01,-1,-1,-0.01,-1,-1,-0.01,-1,-1,-0.01,-1,-1,-0.01,-1,-1,-0.01,-1,-1,-0.01,-1,-1,-0.01,-1,-1,-0.01,-1,-1
99926009,2026-05-18 12:03:37+05:30,52999.65,0,0.0,0,0.0,0.0,53282.15,53308.4,52783.45,53710.35,0,0.0,0.0,0.0,0.0,-0.01,-1,-1,-0.01,-1,-1,-0.01,-1,-1,-0.01,-1,-1,-0.01,-1,-1,-0.01,-1,-1,-0.01,-1,-1,-0.01,-1,-1,-0.01,-1,-1,-0.01,-1,-1
99926009,2026-05-18 12:03:37+05:30,53001.25,0,0.0,0,0.0,0.0,53282.15,53308.4,52783.45,53710.35,0,0.0,0.0,0.0,0.0,-0.01,-1,-1,-0.01,-1,-1,-0.01,-1,-1,-0.01,-1,-1,-0.01,-1,-1,-0.01,-1,-1,-0.01,-1,-1,-0.01,-1,-1,-0.01,-1,-1,-0.01,-1,-1
99926009,2026-05-18 12:03:38+05:30,53000.3,0,0.0,0,0.0,0.0,53282.15,53308.4,52783.45,53710.35,0,0.0,0.0,0.0,0.0,-0.01,-1,-1,-0.01,-1,-1,-0.01,-1,-1,-0.01,-1,-1,-0.01,-1,-1,-0.01,-1,-1,-0.01,-1,-1,-0.01,-1,-1,-0.01,-1,-1,-0.01,-1,-1
99926009,2026-05-18 12:03:38+05:30,53001.55,0,0.0,0,0.0,0.0,53282.15,53308.4,52783.45,53710.35,0,0.0,0.0,0.0,0.0,-0.01,-1,-1,-0.01,-1,-1,-0.01,-1,-1,-0.01,-1,-1,-0.01,-1,-1,-0.01,-1,-1,-0.01,-1,-1,-0.01,-1,-1,-0.01,-1,-1,-0.01,-1,-1
99926009,2026-05-18 12:03:39+05:30,53002.65,0,0.0,0,0.0,0.0,53282.15,53308.4,52783.45,53710.35,0,0.0,0.0,0.0,0.0,-0.01,-1,-1,-0.01,-1,-1,-0.01,-1,-1,-0.01,-1,-1,-0.01,-1,-1,-0.01,-1,-1,-0.01,-1,-1,-0.01,-1,-1,-0.01,-1,-1,-0.01,-1,-1
99926009,2026-05-18 12:03:39+05:30,53001.55,0,0.0,0,0.0,0.0,53282.15,53308.4,52783.45,53710.35,0,0.0,0.0,0.0,0.0,-0.01,-1,-1,-0.01,-1,-1,-0.01,-1,-1,-0.01,-1,-1,-0.01,-1,-1,-0.01,-1,-1,-0.01,-1,-1,-0.01,-1,-1,-0.01,-1,-1,-0.01,-1,-1
99926009,2026-05-18 12:03:40+05:30,53003.45,0,0.0,0,0.0,0.0,53282.15,53308.4,52783.45,53710.35,0,0.0,0.0,0.0,0.0,-0.01,-1,-1,-0.01,-1,-1,-0.01,-1,-1,-0.01,-1,-1,-0.01,-1,-1,-0.01,-1,-1,-0.01,-1,-1,-0.01,-1,-1,-0.01,-1,-1,-0.01,-1,-1
99926009,2026-05-18 12:03:40+05:30,53000.0,0,0.0,0,0.0,0.0,53282.15,53308.4,52783.45,53710.35,0,0.0,0.0,0.0,0.0,-0.01,-1,-1,-0.01,-1,-1,-0.01,-1,-1,-0.01,-1,-1,-0.01,-1,-1,-0.01,-1,-1,-0.01,-1,-1,-0.01,-1,-1,-0.01,-1,-1,-0.01,-1,-1
99926009,2026-05-18 12:03:41+05:30,53003.35,0,0.0,0,0.0,0.0,53282.15,53308.4,52783.45,53710.35,0,0.0,0.0,0.0,0.0,-0.01,-1,-1,-0.01,-1,-1,-0.01,-1,-1,-0.01,-1,-1,-0.01,-1,-1,-0.01,-1,-1,-0.01,-1,-1,-0.01,-1,-1,-0.01,-1,-1,-0.01,-1,-1
99926009,2026-05-18 12:03:41+05:30,53002.0,0,0.0,0,0.0,0.0,53282.15,53308.4,52783.45,53710.35,0,0.0,0.0,0.0,0.0,-0.01,-1,-1,-0.01,-1,-1,-0.01,-1,-1,-0.01,-1,-1,-0.01,-1,-1,-0.01,-1,-1,-0.01,-1,-1,-0.01,-1,-1,-0.01,-1,-1,-0.01,-1,-1
99926009,2026-05-18 12:03:42+05:30,53003.95,0,0.0,0,0.0,0.0,53282.15,53308.4,52783.45,53710.35,0,0.0,0.0,0.0,0.0,-0.01,-1,-1,-0.01,-1,-1,-0.01,-1,-1,-0.01,-1,-1,-0.01,-1,-1,-0.01,-1,-1,-0.01,-1,-1,-0.01,-1,-1,-0.01,-1,-1,-0.01,-1,-1
99926009,2026-05-18 12:03:42+05:30,53005.9,0,0.0,0,0.0,0.0,53282.15,53308.4,52783.45,53710.35,0,0.0,0.0,0.0,0.0,-0.01,-1,-1,-0.01,-1,-1,-0.01,-1,-1,-0.01,-1,-1,-0.01,-1,-1,-0.01,-1,-1,-0.01,-1,-1,-0.01,-1,-1,-0.01,-1,-1,-0.01,-1,-1
99926009,2026-05-18 12:03:43+05:30,53005.4,0,0.0,0,0.0,0.0,53282.15,53308.4,52783.45,53710.35,0,0.0,0.0,0.0,0.0,-0.01,-1,-1,-0.01,-1,-1,-0.01,-1,-1,-0.01,-1,-1,-0.01,-1,-1,-0.01,-1,-1,-0.01,-1,-1,-0.01,-1,-1,-0.01,-1,-1,-0.01,-1,-1
99926009,2026-05-18 12:03:43+05:30,53006.55,0,0.0,0,0.0,0.0,53282.15,53308.4,52783.45,53710.35,0,0.0,0.0,0.0,0.0,-0.01,-1,-1,-0.01,-1,-1,-0.01,-1,-1,-0.01,-1,-1,-0.01,-1,-1,-0.01,-1,-1,-0.01,-1,-1,-0.01,-1,-1,-0.01,-1,-1,-0.01,-1,-1
99926009,2026-05-18 12:03:44+05:30,53005.8,0,0.0,0,0.0,0.0,53282.15,53308.4,52783.45,53710.35,0,0.0,0.0,0.0,0.0,-0.01,-1,-1,-0.01,-1,-1,-0.01,-1,-1,-0.01,-1,-1,-0.01,-1,-1,-0.01,-1,-1,-0.01,-1,-1,-0.01,-1,-1,-0.01,-1,-1,-0.01,-1,-1
99926009,2026-05-18 12:03:44+05:30,53005.75,0,0.0,0,0.0,0.0,53282.15,53308.4,52783.45,53710.35,0,0.0,0.0,0.0,0.0,-0.01,-1,-1,-0.01,-1,-1,-0.01,-1,-1,-0.01,-1,-1,-0.01,-1,-1,-0.01,-1,-1,-0.01,-1,-1,-0.01,-1,-1,-0.01,-1,-1,-0.01,-1,-1
99926009,2026-05-18 12:03:45+05:30,53007.6,0,0.0,0,0.0,0.0,53282.15,53308.4,52783.45,53710.35,0,0.0,0.0,0.0,0.0,-0.01,-1,-1,-0.01,-1,-1,-0.01,-1,-1,-0.01,-1,-1,-0.01,-1,-1,-0.01,-1,-1,-0.01,-1,-1,-0.01,-1,-1,-0.01,-1,-1,-0.01,-1,-1
99926009,2026-05-18 12:03:45+05:30,53006.3,0,0.0,0,0.0,0.0,53282.15,53308.4,52783.45,53710.35,0,0.0,0.0,0.0,0.0,-0.01,-1,-1,-0.01,-1,-1,-0.01,-1,-1,-0.01,-1,-1,-0.01,-1,-1,-0.01,-1,-1,-0.01,-1,-1,-0.01,-1,-1,-0.01,-1,-1,-0.01,-1,-1
99926009,2026-05-18 12:03:46+05:30,53007.0,0,0.0,0,0.0,0.0,53282.15,53308.4,52783.45,53710.35,0,0.0,0.0,0.0,0.0,-0.01,-1,-1,-0.01,-1,-1,-0.01,-1,-1,-0.01,-1,-1,-0.01,-1,-1,-0.01,-1,-1,-0.01,-1,-1,-0.01,-1,-1,-0.01,-1,-1,-0.01,-1,-1
99926009,2026-05-18 12:03:46+05:30,53009.65,0,0.0,0,0.0,0.0,53282.15,53308.4,52783.45,53710.35,0,0.0,0.0,0.0,0.0,-0.01,-1,-1,-0.01,-1,-1,-0.01,-1,-1,-0.01,-1,-1,-0.01,-1,-1,-0.01,-1,-1,-0.01,-1,-1,-0.01,-1,-1,-0.01,-1,-1,-0.01,-1,-1
99926009,2026-05-18 12:03:47+05:30,53007.1,0,0.0,0,0.0,0.0,53282.15,53308.4,52783.45,53710.35,0,0.0,0.0,0.0,0.0,-0.01,-1,-1,-0.01,-1,-1,-0.01,-1,-1,-0.01,-1,-1,-0.01,-1,-1,-0.01,-1,-1,-0.01,-1,-1,-0.01,-1,-1,-0.01,-1,-1,-0.01,-1,-1
99926009,2026-05-18 12:03:47+05:30,53006.05,0,0.0,0,0.0,0.0,53282.15,53308.4,52783.45,53710.35,0,0.0,0.0,0.0,0.0,-0.01,-1,-1,-0.01,-1,-1,-0.01,-1,-1,-0.01,-1,-1,-0.01,-1,-1,-0.01,-1,-1,-0.01,-1,-1,-0.01,-1,-1,-0.01,-1,-1,-0.01,-1,-1
99926009,2026-05-18 12:03:48+05:30,53008.1,0,0.0,0,0.0,0.0,53282.15,53308.4,52783.45,53710.35,0,0.0,0.0,0.0,0.0,-0.01,-1,-1,-0.01,-1,-1,-0.01,-1,-1,-0.01,-1,-1,-0.01,-1,-1,-0.01,-1,-1,-0.01,-1,-1,-0.01,-1,-1,-0.01,-1,-1,-0.01,-1,-1
99926009,2026-05-18 12:03:48+05:30,53007.45,0,0.0,0,0.0,0.0,53282.15,53308.4,52783.45,53710.35,0,0.0,0.0,0.0,0.0,-0.01,-1,-1,-0.01,-1,-1,-0.01,-1,-1,-0.01,-1,-1,-0.01,-1,-1,-0.01,-1,-1,-0.01,-1,-1,-0.01,-1,-1,-0.01,-1,-1,-0.01,-1,-1
99926009,2026-05-18 12:03:49+05:30,53007.45,0,0.0,0,0.0,0.0,53282.15,53308.4,52783.45,53710.35,0,0.0,0.0,0.0,0.0,-0.01,-1,-1,-0.01,-1,-1,-0.01,-1,-1,-0.01,-1,-1,-0.01,-1,-1,-0.01,-1,-1,-0.01,-1,-1,-0.01,-1,-1,-0.01,-1,-1,-0.01,-1,-1
99926009,2026-05-18 12:03:49+05:30,53007.55,0,0.0,0,0.0,0.0,53282.15,53308.4,52783.45,53710.35,0,0.0,0.0,0.0,0.0,-0.01,-1,-1,-0.01,-1,-1,-0.01,-1,-1,-0.01,-1,-1,-0.01,-1,-1,-0.01,-1,-1,-0.01,-1,-1,-0.01,-1,-1,-0.01,-1,-1,-0.01,-1,-1
99926009,2026-05-18 12:03:50+05:30,53006.4,0,0.0,0,0.0,0.0,53282.15,53308.4,52783.45,53710.35,0,0.0,0.0,0.0,0.0,-0.01,-1,-1,-0.01,-1,-1,-0.01,-1,-1,-0.01,-1,-1,-0.01,-1,-1,-0.01,-1,-1,-0.01,-1,-1,-0.01,-1,-1,-0.01,-1,-1,-0.01,-1,-1
99926009,2026-05-18 12:03:50+05:30,53004.6,0,0.0,0,0.0,0.0,53282.15,53308.4,52783.45,53710.35,0,0.0,0.0,0.0,0.0,-0.01,-1,-1,-0.01,-1,-1,-0.01,-1,-1,-0.01,-1,-1,-0.01,-1,-1,-0.01,-1,-1,-0.01,-1,-1,-0.01,-1,-1,-0.01,-1,-1,-0.01,-1,-1
99926009,2026-05-18 12:03:51+05:30,53006.1,0,0.0,0,0.0,0.0,53282.15,53308.4,52783.45,53710.35,0,0.0,0.0,0.0,0.0,-0.01,-1,-1,-0.01,-1,-1,-0.01,-1,-1,-0.01,-1,-1,-0.01,-1,-1,-0.01,-1,-1,-0.01,-1,-1,-0.01,-1,-1,-0.01,-1,-1,-0.01,-1,-1
99926009,2026-05-18 12:03:51+05:30,53004.75,0,0.0,0,0.0,0.0,53282.15,53308.4,52783.45,53710.35,0,0.0,0.0,0.0,0.0,-0.01,-1,-1,-0.01,-1,-1,-0.01,-1,-1,-0.01,-1,-1,-0.01,-1,-1,-0.01,-1,-1,-0.01,-1,-1,-0.01,-1,-1,-0.01,-1,-1,-0.01,-1,-1
99926009,2026-05-18 12:03:52+05:30,53005.4,0,0.0,0,0.0,0.0,53282.15,53308.4,52783.45,53710.35,0,0.0,0.0,0.0,0.0,-0.01,-1,-1,-0.01,-1,-1,-0.01,-1,-1,-0.01,-1,-1,-0.01,-1,-1,-0.01,-1,-1,-0.01,-1,-1,-0.01,-1,-1,-0.01,-1,-1,-0.01,-1,-1
99926009,2026-05-18 12:03:52+05:30,53004.85,0,0.0,0,0.0,0.0,53282.15,53308.4,52783.45,53710.35,0,0.0,0.0,0.0,0.0,-0.01,-1,-1,-0.01,-1,-1,-0.01,-1,-1,-0.01,-1,-1,-0.01,-1,-1,-0.01,-1,-1,-0.01,-1,-1,-0.01,-1,-1,-0.01,-1,-1,-0.01,-1,-1
99926009,2026-05-18 12:03:53+05:30,53005.95,0,0.0,0,0.0,0.0,53282.15,53308.4,52783.45,53710.35,0,0.0,0.0,0.0,0.0,-0.01,-1,-1,-0.01,-1,-1,-0.01,-1,-1,-0.01,-1,-1,-0.01,-1,-1,-0.01,-1,-1,-0.01,-1,-1,-0.01,-1,-1,-0.01,-1,-1,-0.01,-1,-1
99926009,2026-05-18 12:03:53+05:30,53003.8,0,0.0,0,0.0,0.0,53282.15,53308.4,52783.45,53710.35,0,0.0,0.0,0.0,0.0,-0.01,-1,-1,-0.01,-1,-1,-0.01,-1,-1,-0.01,-1,-1,-0.01,-1,-1,-0.01,-1,-1,-0.01,-1,-1,-0.01,-1,-1,-0.01,-1,-1,-0.01,-1,-1
99926009,2026-05-18 12:03:54+05:30,53002.9,0,0.0,0,0.0,0.0,53282.15,53308.4,52783.45,53710.35,0,0.0,0.0,0.0,0.0,-0.01,-1,-1,-0.01,-1,-1,-0.01,-1,-1,-0.01,-1,-1,-0.01,-1,-1,-0.01,-1,-1,-0.01,-1,-1,-0.01,-1,-1,-0.01,-1,-1,-0.01,-1,-1
99926009,2026-05-18 12:03:54+05:30,53001.65,0,0.0,0,0.0,0.0,53282.15,53308.4,52783.45,53710.35,0,0.0,0.0,0.0,0.0,-0.01,-1,-1,-0.01,-1,-1,-0.01,-1,-1,-0.01,-1,-1,-0.01,-1,-1,-0.01,-1,-1,-0.01,-1,-1,-0.01,-1,-1,-0.01,-1,-1,-0.01,-1,-1
99926009,2026-05-18 12:03:55+05:30,53003.2,0,0.0,0,0.0,0.0,53282.15,53308.4,52783.45,53710.35,0,0.0,0.0,0.0,0.0,-0.01,-1,-1,-0.01,-1,-1,-0.01,-1,-1,-0.01,-1,-1,-0.01,-1,-1,-0.01,-1,-1,-0.01,-1,-1,-0.01,-1,-1,-0.01,-1,-1,-0.01,-1,-1
99926009,2026-05-18 12:03:55+05:30,53003.2,0,0.0,0,0.0,0.0,53282.15,53308.4,52783.45,53710.35,0,0.0,0.0,0.0,0.0,-0.01,-1,-1,-0.01,-1,-1,-0.01,-1,-1,-0.01,-1,-1,-0.01,-1,-1,-0.01,-1,-1,-0.01,-1,-1,-0.01,-1,-1,-0.01,-1,-1,-0.01,-1,-1
99926009,2026-05-18 12:03:56+05:30,53000.65,0,0.0,0,0.0,0.0,53282.15,53308.4,52783.45,53710.35,0,0.0,0.0,0.0,0.0,-0.01,-1,-1,-0.01,-1,-1,-0.01,-1,-1,-0.01,-1,-1,-0.01,-1,-1,-0.01,-1,-1,-0.01,-1,-1,-0.01,-1,-1,-0.01,-1,-1,-0.01,-1,-1
99926009,2026-05-18 12:03:56+05:30,53002.05,0,0.0,0,0.0,0.0,53282.15,53308.4,52783.45,53710.35,0,0.0,0.0,0.0,0.0,-0.01,-1,-1,-0.01,-1,-1,-0.01,-1,-1,-0.01,-1,-1,-0.01,-1,-1,-0.01,-1,-1,-0.01,-1,-1,-0.01,-1,-1,-0.01,-1,-1,-0.01,-1,-1
99926009,2026-05-18 12:03:57+05:30,53001.8,0,0.0,0,0.0,0.0,53282.15,53308.4,52783.45,53710.35,0,0.0,0.0,0.0,0.0,-0.01,-1,-1,-0.01,-1,-1,-0.01,-1,-1,-0.01,-1,-1,-0.01,-1,-1,-0.01,-1,-1,-0.01,-1,-1,-0.01,-1,-1,-0.01,-1,-1,-0.01,-1,-1
99926009,2026-05-18 12:03:57+05:30,53002.65,0,0.0,0,0.0,0.0,53282.15,53308.4,52783.45,53710.35,0,0.0,0.0,0.0,0.0,-0.01,-1,-1,-0.01,-1,-1,-0.01,-1,-1,-0.01,-1,-1,-0.01,-1,-1,-0.01,-1,-1,-0.01,-1,-1,-0.01,-1,-1,-0.01,-1,-1,-0.01,-1,-1
99926009,2026-05-18 12:03:58+05:30,53001.75,0,0.0,0,0.0,0.0,53282.15,53308.4,52783.45,53710.35,0,0.0,0.0,0.0,0.0,-0.01,-1,-1,-0.01,-1,-1,-0.01,-1,-1,-0.01,-1,-1,-0.01,-1,-1,-0.01,-1,-1,-0.01,-1,-1,-0.01,-1,-1,-0.01,-1,-1,-0.01,-1,-1
99926009,2026-05-18 12:03:58+05:30,53002.8,0,0.0,0,0.0,0.0,53282.15,53308.4,52783.45,53710.35,0,0.0,0.0,0.0,0.0,-0.01,-1,-1,-0.01,-1,-1,-0.01,-1,-1,-0.01,-1,-1,-0.01,-1,-1,-0.01,-1,-1,-0.01,-1,-1,-0.01,-1,-1,-0.01,-1,-1,-0.01,-1,-1
99926009,2026-05-18 12:03:59+05:30,53002.15,0,0.0,0,0.0,0.0,53282.15,53308.4,52783.45,53710.35,0,0.0,0.0,0.0,0.0,-0.01,-1,-1,-0.01,-1,-1,-0.01,-1,-1,-0.01,-1,-1,-0.01,-1,-1,-0.01,-1,-1,-0.01,-1,-1,-0.01,-1,-1,-0.01,-1,-1,-0.01,-1,-1
99926009,2026-05-18 12:03:59+05:30,53005.0,0,0.0,0,0.0,0.0,53282.15,53308.4,52783.45,53710.35,0,0.0,0.0,0.0,0.0,-0.01,-1,-1,-0.01,-1,-1,-0.01,-1,-1,-0.01,-1,-1,-0.01,-1,-1,-0.01,-1,-1,-0.01,-1,-1,-0.01,-1,-1,-0.01,-1,-1,-0.01,-1,-1
99926009,2026-05-18 12:04:00+05:30,53005.4,0,0.0,0,0.0,0.0,53282.15,53308.4,52783.45,53710.35,0,0.0,0.0,0.0,0.0,-0.01,-1,-1,-0.01,-1,-1,-0.01,-1,-1,-0.01,-1,-1,-0.01,-1,-1,-0.01,-1,-1,-0.01,-1,-1,-0.01,-1,-1,-0.01,-1,-1,-0.01,-1,-1
99926009,2026-05-18 12:04:00+05:30,53005.9,0,0.0,0,0.0,0.0,53282.15,53308.4,52783.45,53710.35,0,0.0,0.0,0.0,0.0,-0.01,-1,-1,-0.01,-1,-1,-0.01,-1,-1,-0.01,-1,-1,-0.01,-1,-1,-0.01,-1,-1,-0.01,-1,-1,-0.01,-1,-1,-0.01,-1,-1,-0.01,-1,-1
99926009,2026-05-18 12:04:01+05:30,53009.85,0,0.0,0,0.0,0.0,53282.15,53308.4,52783.45,53710.35,0,0.0,0.0,0.0,0.0,-0.01,-1,-1,-0.01,-1,-1,-0.01,-1,-1,-0.01,-1,-1,-0.01,-1,-1,-0.01,-1,-1,-0.01,-1,-1,-0.01,-1,-1,-0.01,-1,-1,-0.01,-1,-1
99926009,2026-05-18 12:04:01+05:30,53010.95,0,0.0,0,0.0,0.0,53282.15,53308.4,52783.45,53710.35,0,0.0,0.0,0.0,0.0,-0.01,-1,-1,-0.01,-1,-1,-0.01,-1,-1,-0.01,-1,-1,-0.01,-1,-1,-0.01,-1,-1,-0.01,-1,-1,-0.01,-1,-1,-0.01,-1,-1,-0.01,-1,-1
99926009,2026-05-18 12:04:02+05:30,53011.95,0,0.0,0,0.0,0.0,53282.15,53308.4,52783.45,53710.35,0,0.0,0.0,0.0,0.0,-0.01,-1,-1,-0.01,-1,-1,-0.01,-1,-1,-0.01,-1,-1,-0.01,-1,-1,-0.01,-1,-1,-0.01,-1,-1,-0.01,-1,-1,-0.01,-1,-1,-0.01,-1,-1
99926009,2026-05-18 12:04:02+05:30,53011.05,0,0.0,0,0.0,0.0,53282.15,53308.4,52783.45,53710.35,0,0.0,0.0,0.0,0.0,-0.01,-1,-1,-0.01,-1,-1,-0.01,-1,-1,-0.01,-1,-1,-0.01,-1,-1,-0.01,-1,-1,-0.01,-1,-1,-0.01,-1,-1,-0.01,-1,-1,-0.01,-1,-1
99926009,2026-05-18 12:04:03+05:30,53009.75,0,0.0,0,0.0,0.0,53282.15,53308.4,52783.45,53710.35,0,0.0,0.0,0.0,0.0,-0.01,-1,-1,-0.01,-1,-1,-0.01,-1,-1,-0.01,-1,-1,-0.01,-1,-1,-0.01,-1,-1,-0.01,-1,-1,-0.01,-1,-1,-0.01,-1,-1,-0.01,-1,-1
99926009,2026-05-18 12:04:03+05:30,53011.15,0,0.0,0,0.0,0.0,53282.15,53308.4,52783.45,53710.35,0,0.0,0.0,0.0,0.0,-0.01,-1,-1,-0.01,-1,-1,-0.01,-1,-1,-0.01,-1,-1,-0.01,-1,-1,-0.01,-1,-1,-0.01,-1,-1,-0.01,-1,-1,-0.01,-1,-1,-0.01,-1,-1
99926009,2026-05-18 12:04:04+05:30,53011.3,0,0.0,0,0.0,0.0,53282.15,53308.4,52783.45,53710.35,0,0.0,0.0,0.0,0.0,-0.01,-1,-1,-0.01,-1,-1,-0.01,-1,-1,-0.01,-1,-1,-0.01,-1,-1,-0.01,-1,-1,-0.01,-1,-1,-0.01,-1,-1,-0.01,-1,-1,-0.01,-1,-1
99926009,2026-05-18 12:04:04+05:30,53010.55,0,0.0,0,0.0,0.0,53282.15,53308.4,52783.45,53710.35,0,0.0,0.0,0.0,0.0,-0.01,-1,-1,-0.01,-1,-1,-0.01,-1,-1,-0.01,-1,-1,-0.01,-1,-1,-0.01,-1,-1,-0.01,-1,-1,-0.01,-1,-1,-0.01,-1,-1,-0.01,-1,-1
99926009,2026-05-18 12:04:05+05:30,53014.7,0,0.0,0,0.0,0.0,53282.15,53308.4,52783.45,53710.35,0,0.0,0.0,0.0,0.0,-0.01,-1,-1,-0.01,-1,-1,-0.01,-1,-1,-0.01,-1,-1,-0.01,-1,-1,-0.01,-1,-1,-0.01,-1,-1,-0.01,-1,-1,-0.01,-1,-1,-0.01,-1,-1
99926009,2026-05-18 12:04:05+05:30,53015.25,0,0.0,0,0.0,0.0,53282.15,53308.4,52783.45,53710.35,0,0.0,0.0,0.0,0.0,-0.01,-1,-1,-0.01,-1,-1,-0.01,-1,-1,-0.01,-1,-1,-0.01,-1,-1,-0.01,-1,-1,-0.01,-1,-1,-0.01,-1,-1,-0.01,-1,-1,-0.01,-1,-1
99926009,2026-05-18 12:04:06+05:30,53014.1,0,0.0,0,0.0,0.0,53282.15,53308.4,52783.45,53710.35,0,0.0,0.0,0.0,0.0,-0.01,-1,-1,-0.01,-1,-1,-0.01,-1,-1,-0.01,-1,-1,-0.01,-1,-1,-0.01,-1,-1,-0.01,-1,-1,-0.01,-1,-1,-0.01,-1,-1,-0.01,-1,-1
99926009,2026-05-18 12:04:06+05:30,53014.6,0,0.0,0,0.0,0.0,53282.15,53308.4,52783.45,53710.35,0,0.0,0.0,0.0,0.0,-0.01,-1,-1,-0.01,-1,-1,-0.01,-1,-1,-0.01,-1,-1,-0.01,-1,-1,-0.01,-1,-1,-0.01,-1,-1,-0.01,-1,-1,-0.01,-1,-1,-0.01,-1,-1
99926009,2026-05-18 12:04:07+05:30,53014.1,0,0.0,0,0.0,0.0,53282.15,53308.4,52783.45,53710.35,0,0.0,0.0,0.0,0.0,-0.01,-1,-1,-0.01,-1,-1,-0.01,-1,-1,-0.01,-1,-1,-0.01,-1,-1,-0.01,-1,-1,-0.01,-1,-1,-0.01,-1,-1,-0.01,-1,-1,-0.01,-1,-1
99926009,2026-05-18 12:04:07+05:30,53011.45,0,0.0,0,0.0,0.0,53282.15,53308.4,52783.45,53710.35,0,0.0,0.0,0.0,0.0,-0.01,-1,-1,-0.01,-1,-1,-0.01,-1,-1,-0.01,-1,-1,-0.01,-1,-1,-0.01,-1,-1,-0.01,-1,-1,-0.01,-1,-1,-0.01,-1,-1,-0.01,-1,-1
99926009,2026-05-18 12:04:08+05:30,53010.6,0,0.0,0,0.0,0.0,53282.15,53308.4,52783.45,53710.35,0,0.0,0.0,0.0,0.0,-0.01,-1,-1,-0.01,-1,-1,-0.01,-1,-1,-0.01,-1,-1,-0.01,-1,-1,-0.01,-1,-1,-0.01,-1,-1,-0.01,-1,-1,-0.01,-1,-1,-0.01,-1,-1
99926009,2026-05-18 12:04:08+05:30,53008.5,0,0.0,0,0.0,0.0,53282.15,53308.4,52783.45,53710.35,0,0.0,0.0,0.0,0.0,-0.01,-1,-1,-0.01,-1,-1,-0.01,-1,-1,-0.01,-1,-1,-0.01,-1,-1,-0.01,-1,-1,-0.01,-1,-1,-0.01,-1,-1,-0.01,-1,-1,-0.01,-1,-1
99926009,2026-05-18 12:04:09+05:30,53010.1,0,0.0,0,0.0,0.0,53282.15,53308.4,52783.45,53710.35,0,0.0,0.0,0.0,0.0,-0.01,-1,-1,-0.01,-1,-1,-0.01,-1,-1,-0.01,-1,-1,-0.01,-1,-1,-0.01,-1,-1,-0.01,-1,-1,-0.01,-1,-1,-0.01,-1,-1,-0.01,-1,-1
99926009,2026-05-18 12:04:09+05:30,53010.8,0,0.0,0,0.0,0.0,53282.15,53308.4,52783.45,53710.35,0,0.0,0.0,0.0,0.0,-0.01,-1,-1,-0.01,-1,-1,-0.01,-1,-1,-0.01,-1,-1,-0.01,-1,-1,-0.01,-1,-1,-0.01,-1,-1,-0.01,-1,-1,-0.01,-1,-1,-0.01,-1,-1
99926009,2026-05-18 12:04:10+05:30,53010.55,0,0.0,0,0.0,0.0,53282.15,53308.4,52783.45,53710.35,0,0.0,0.0,0.0,0.0,-0.01,-1,-1,-0.01,-1,-1,-0.01,-1,-1,-0.01,-1,-1,-0.01,-1,-1,-0.01,-1,-1,-0.01,-1,-1,-0.01,-1,-1,-0.01,-1,-1,-0.01,-1,-1
99926009,2026-05-18 12:04:10+05:30,53010.35,0,0.0,0,0.0,0.0,53282.15,53308.4,52783.45,53710.35,0,0.0,0.0,0.0,0.0,-0.01,-1,-1,-0.01,-1,-1,-0.01,-1,-1,-0.01,-1,-1,-0.01,-1,-1,-0.01,-1,-1,-0.01,-1,-1,-0.01,-1,-1,-0.01,-1,-1,-0.01,-1,-1
99926009,2026-05-18 12:04:11+05:30,53011.25,0,0.0,0,0.0,0.0,53282.15,53308.4,52783.45,53710.35,0,0.0,0.0,0.0,0.0,-0.01,-1,-1,-0.01,-1,-1,-0.01,-1,-1,-0.01,-1,-1,-0.01,-1,-1,-0.01,-1,-1,-0.01,-1,-1,-0.01,-1,-1,-0.01,-1,-1,-0.01,-1,-1
99926009,2026-05-18 12:04:11+05:30,53014.1,0,0.0,0,0.0,0.0,53282.15,53308.4,52783.45,53710.35,0,0.0,0.0,0.0,0.0,-0.01,-1,-1,-0.01,-1,-1,-0.01,-1,-1,-0.01,-1,-1,-0.01,-1,-1,-0.01,-1,-1,-0.01,-1,-1,-0.01,-1,-1,-0.01,-1,-1,-0.01,-1,-1
99926009,2026-05-18 12:04:12+05:30,53012.7,0,0.0,0,0.0,0.0,53282.15,53308.4,52783.45,53710.35,0,0.0,0.0,0.0,0.0,-0.01,-1,-1,-0.01,-1,-1,-0.01,-1,-1,-0.01,-1,-1,-0.01,-1,-1,-0.01,-1,-1,-0.01,-1,-1,-0.01,-1,-1,-0.01,-1,-1,-0.01,-1,-1
99926009,2026-05-18 12:04:12+05:30,53012.3,0,0.0,0,0.0,0.0,53282.15,53308.4,52783.45,53710.35,0,0.0,0.0,0.0,0.0,-0.01,-1,-1,-0.01,-1,-1,-0.01,-1,-1,-0.01,-1,-1,-0.01,-1,-1,-0.01,-1,-1,-0.01,-1,-1,-0.01,-1,-1,-0.01,-1,-1,-0.01,-1,-1
99926009,2026-05-18 12:04:13+05:30,53012.6,0,0.0,0,0.0,0.0,53282.15,53308.4,52783.45,53710.35,0,0.0,0.0,0.0,0.0,-0.01,-1,-1,-0.01,-1,-1,-0.01,-1,-1,-0.01,-1,-1,-0.01,-1,-1,-0.01,-1,-1,-0.01,-1,-1,-0.01,-1,-1,-0.01,-1,-1,-0.01,-1,-1
99926009,2026-05-18 12:04:13+05:30,53011.05,0,0.0,0,0.0,0.0,53282.15,53308.4,52783.45,53710.35,0,0.0,0.0,0.0,0.0,-0.01,-1,-1,-0.01,-1,-1,-0.01,-1,-1,-0.01,-1,-1,-0.01,-1,-1,-0.01,-1,-1,-0.01,-1,-1,-0.01,-1,-1,-0.01,-1,-1,-0.01,-1,-1
99926009,2026-05-18 12:04:14+05:30,53008.65,0,0.0,0,0.0,0.0,53282.15,53308.4,52783.45,53710.35,0,0.0,0.0,0.0,0.0,-0.01,-1,-1,-0.01,-1,-1,-0.01,-1,-1,-0.01,-1,-1,-0.01,-1,-1,-0.01,-1,-1,-0.01,-1,-1,-0.01,-1,-1,-0.01,-1,-1,-0.01,-1,-1
99926009,2026-05-18 12:04:14+05:30,53010.95,0,0.0,0,0.0,0.0,53282.15,53308.4,52783.45,53710.35,0,0.0,0.0,0.0,0.0,-0.01,-1,-1,-0.01,-1,-1,-0.01,-1,-1,-0.01,-1,-1,-0.01,-1,-1,-0.01,-1,-1,-0.01,-1,-1,-0.01,-1,-1,-0.01,-1,-1,-0.01,-1,-1
99926009,2026-05-18 12:04:15+05:30,53010.55,0,0.0,0,0.0,0.0,53282.15,53308.4,52783.45,53710.35,0,0.0,0.0,0.0,0.0,-0.01,-1,-1,-0.01,-1,-1,-0.01,-1,-1,-0.01,-1,-1,-0.01,-1,-1,-0.01,-1,-1,-0.01,-1,-1,-0.01,-1,-1,-0.01,-1,-1,-0.01,-1,-1
99926009,2026-05-18 12:04:15+05:30,53012.35,0,0.0,0,0.0,0.0,53282.15,53308.4,52783.45,53710.35,0,0.0,0.0,0.0,0.0,-0.01,-1,-1,-0.01,-1,-1,-0.01,-1,-1,-0.01,-1,-1,-0.01,-1,-1,-0.01,-1,-1,-0.01,-1,-1,-0.01,-1,-1,-0.01,-1,-1,-0.01,-1,-1
99926009,2026-05-18 12:04:16+05:30,53011.2,0,0.0,0,0.0,0.0,53282.15,53308.4,52783.45,53710.35,0,0.0,0.0,0.0,0.0,-0.01,-1,-1,-0.01,-1,-1,-0.01,-1,-1,-0.01,-1,-1,-0.01,-1,-1,-0.01,-1,-1,-0.01,-1,-1,-0.01,-1,-1,-0.01,-1,-1,-0.01,-1,-1
99926009,2026-05-18 12:04:16+05:30,53012.65,0,0.0,0,0.0,0.0,53282.15,53308.4,52783.45,53710.35,0,0.0,0.0,0.0,0.0,-0.01,-1,-1,-0.01,-1,-1,-0.01,-1,-1,-0.01,-1,-1,-0.01,-1,-1,-0.01,-1,-1,-0.01,-1,-1,-0.01,-1,-1,-0.01,-1,-1,-0.01,-1,-1
99926009,2026-05-18 12:04:17+05:30,53011.95,0,0.0,0,0.0,0.0,53282.15,53308.4,52783.45,53710.35,0,0.0,0.0,0.0,0.0,-0.01,-1,-1,-0.01,-1,-1,-0.01,-1,-1,-0.01,-1,-1,-0.01,-1,-1,-0.01,-1,-1,-0.01,-1,-1,-0.01,-1,-1,-0.01,-1,-1,-0.01,-1,-1
99926009,2026-05-18 12:04:17+05:30,53011.4,0,0.0,0,0.0,0.0,53282.15,53308.4,52783.45,53710.35,0,0.0,0.0,0.0,0.0,-0.01,-1,-1,-0.01,-1,-1,-0.01,-1,-1,-0.01,-1,-1,-0.01,-1,-1,-0.01,-1,-1,-0.01,-1,-1,-0.01,-1,-1,-0.01,-1,-1,-0.01,-1,-1
99926009,2026-05-18 12:04:18+05:30,53011.7,0,0.0,0,0.0,0.0,53282.15,53308.4,52783.45,53710.35,0,0.0,0.0,0.0,0.0,-0.01,-1,-1,-0.01,-1,-1,-0.01,-1,-1,-0.01,-1,-1,-0.01,-1,-1,-0.01,-1,-1,-0.01,-1,-1,-0.01,-1,-1,-0.01,-1,-1,-0.01,-1,-1
99926009,2026-05-18 12:04:18+05:30,53008.85,0,0.0,0,0.0,0.0,53282.15,53308.4,52783.45,53710.35,0,0.0,0.0,0.0,0.0,-0.01,-1,-1,-0.01,-1,-1,-0.01,-1,-1,-0.01,-1,-1,-0.01,-1,-1,-0.01,-1,-1,-0.01,-1,-1,-0.01,-1,-1,-0.01,-1,-1,-0.01,-1,-1
99926009,2026-05-18 12:04:19+05:30,53009.65,0,0.0,0,0.0,0.0,53282.15,53308.4,52783.45,53710.35,0,0.0,0.0,0.0,0.0,-0.01,-1,-1,-0.01,-1,-1,-0.01,-1,-1,-0.01,-1,-1,-0.01,-1,-1,-0.01,-1,-1,-0.01,-1,-1,-0.01,-1,-1,-0.01,-1,-1,-0.01,-1,-1
99926009,2026-05-18 12:04:19+05:30,53009.0,0,0.0,0,0.0,0.0,53282.15,53308.4,52783.45,53710.35,0,0.0,0.0,0.0,0.0,-0.01,-1,-1,-0.01,-1,-1,-0.01,-1,-1,-0.01,-1,-1,-0.01,-1,-1,-0.01,-1,-1,-0.01,-1,-1,-0.01,-1,-1,-0.01,-1,-1,-0.01,-1,-1
99926009,2026-05-18 12:04:20+05:30,53012.55,0,0.0,0,0.0,0.0,53282.15,53308.4,52783.45,53710.35,0,0.0,0.0,0.0,0.0,-0.01,-1,-1,-0.01,-1,-1,-0.01,-1,-1,-0.01,-1,-1,-0.01,-1,-1,-0.01,-1,-1,-0.01,-1,-1,-0.01,-1,-1,-0.01,-1,-1,-0.01,-1,-1
99926009,2026-05-18 12:04:20+05:30,53010.95,0,0.0,0,0.0,0.0,53282.15,53308.4,52783.45,53710.35,0,0.0,0.0,0.0,0.0,-0.01,-1,-1,-0.01,-1,-1,-0.01,-1,-1,-0.01,-1,-1,-0.01,-1,-1,-0.01,-1,-1,-0.01,-1,-1,-0.01,-1,-1,-0.01,-1,-1,-0.01,-1,-1
99926009,2026-05-18 12:04:21+05:30,53014.45,0,0.0,0,0.0,0.0,53282.15,53308.4,52783.45,53710.35,0,0.0,0.0,0.0,0.0,-0.01,-1,-1,-0.01,-1,-1,-0.01,-1,-1,-0.01,-1,-1,-0.01,-1,-1,-0.01,-1,-1,-0.01,-1,-1,-0.01,-1,-1,-0.01,-1,-1,-0.01,-1,-1
99926009,2026-05-18 12:04:21+05:30,53013.9,0,0.0,0,0.0,0.0,53282.15,53308.4,52783.45,53710.35,0,0.0,0.0,0.0,0.0,-0.01,-1,-1,-0.01,-1,-1,-0.01,-1,-1,-0.01,-1,-1,-0.01,-1,-1,-0.01,-1,-1,-0.01,-1,-1,-0.01,-1,-1,-0.01,-1,-1,-0.01,-1,-1
99926009,2026-05-18 12:04:22+05:30,53013.95,0,0.0,0,0.0,0.0,53282.15,53308.4,52783.45,53710.35,0,0.0,0.0,0.0,0.0,-0.01,-1,-1,-0.01,-1,-1,-0.01,-1,-1,-0.01,-1,-1,-0.01,-1,-1,-0.01,-1,-1,-0.01,-1,-1,-0.01,-1,-1,-0.01,-1,-1,-0.01,-1,-1
99926009,2026-05-18 12:04:22+05:30,53012.85,0,0.0,0,0.0,0.0,53282.15,53308.4,52783.45,53710.35,0,0.0,0.0,0.0,0.0,-0.01,-1,-1,-0.01,-1,-1,-0.01,-1,-1,-0.01,-1,-1,-0.01,-1,-1,-0.01,-1,-1,-0.01,-1,-1,-0.01,-1,-1,-0.01,-1,-1,-0.01,-1,-1
99926009,2026-05-18 12:04:23+05:30,53011.4,0,0.0,0,0.0,0.0,53282.15,53308.4,52783.45,53710.35,0,0.0,0.0,0.0,0.0,-0.01,-1,-1,-0.01,-1,-1,-0.01,-1,-1,-0.01,-1,-1,-0.01,-1,-1,-0.01,-1,-1,-0.01,-1,-1,-0.01,-1,-1,-0.01,-1,-1,-0.01,-1,-1
99926009,2026-05-18 12:04:23+05:30,53012.05,0,0.0,0,0.0,0.0,53282.15,53308.4,52783.45,53710.35,0,0.0,0.0,0.0,0.0,-0.01,-1,-1,-0.01,-1,-1,-0.01,-1,-1,-0.01,-1,-1,-0.01,-1,-1,-0.01,-1,-1,-0.01,-1,-1,-0.01,-1,-1,-0.01,-1,-1,-0.01,-1,-1
99926009,2026-05-18 12:04:24+05:30,53013.55,0,0.0,0,0.0,0.0,53282.15,53308.4,52783.45,53710.35,0,0.0,0.0,0.0,0.0,-0.01,-1,-1,-0.01,-1,-1,-0.01,-1,-1,-0.01,-1,-1,-0.01,-1,-1,-0.01,-1,-1,-0.01,-1,-1,-0.01,-1,-1,-0.01,-1,-1,-0.01,-1,-1
99926009,2026-05-18 12:04:24+05:30,53012.45,0,0.0,0,0.0,0.0,53282.15,53308.4,52783.45,53710.35,0,0.0,0.0,0.0,0.0,-0.01,-1,-1,-0.01,-1,-1,-0.01,-1,-1,-0.01,-1,-1,-0.01,-1,-1,-0.01,-1,-1,-0.01,-1,-1,-0.01,-1,-1,-0.01,-1,-1,-0.01,-1,-1
99926009,2026-05-18 12:04:25+05:30,53017.6,0,0.0,0,0.0,0.0,53282.15,53308.4,52783.45,53710.35,0,0.0,0.0,0.0,0.0,-0.01,-1,-1,-0.01,-1,-1,-0.01,-1,-1,-0.01,-1,-1,-0.01,-1,-1,-0.01,-1,-1,-0.01,-1,-1,-0.01,-1,-1,-0.01,-1,-1,-0.01,-1,-1
99926009,2026-05-18 12:04:25+05:30,53017.25,0,0.0,0,0.0,0.0,53282.15,53308.4,52783.45,53710.35,0,0.0,0.0,0.0,0.0,-0.01,-1,-1,-0.01,-1,-1,-0.01,-1,-1,-0.01,-1,-1,-0.01,-1,-1,-0.01,-1,-1,-0.01,-1,-1,-0.01,-1,-1,-0.01,-1,-1,-0.01,-1,-1
99926009,2026-05-18 12:04:26+05:30,53014.45,0,0.0,0,0.0,0.0,53282.15,53308.4,52783.45,53710.35,0,0.0,0.0,0.0,0.0,-0.01,-1,-1,-0.01,-1,-1,-0.01,-1,-1,-0.01,-1,-1,-0.01,-1,-1,-0.01,-1,-1,-0.01,-1,-1,-0.01,-1,-1,-0.01,-1,-1,-0.01,-1,-1
99926009,2026-05-18 12:04:26+05:30,53017.25,0,0.0,0,0.0,0.0,53282.15,53308.4,52783.45,53710.35,0,0.0,0.0,0.0,0.0,-0.01,-1,-1,-0.01,-1,-1,-0.01,-1,-1,-0.01,-1,-1,-0.01,-1,-1,-0.01,-1,-1,-0.01,-1,-1,-0.01,-1,-1,-0.01,-1,-1,-0.01,-1,-1
99926009,2026-05-18 12:04:27+05:30,53015.55,0,0.0,0,0.0,0.0,53282.15,53308.4,52783.45,53710.35,0,0.0,0.0,0.0,0.0,-0.01,-1,-1,-0.01,-1,-1,-0.01,-1,-1,-0.01,-1,-1,-0.01,-1,-1,-0.01,-1,-1,-0.01,-1,-1,-0.01,-1,-1,-0.01,-1,-1,-0.01,-1,-1
99926009,2026-05-18 12:04:27+05:30,53016.2,0,0.0,0,0.0,0.0,53282.15,53308.4,52783.45,53710.35,0,0.0,0.0,0.0,0.0,-0.01,-1,-1,-0.01,-1,-1,-0.01,-1,-1,-0.01,-1,-1,-0.01,-1,-1,-0.01,-1,-1,-0.01,-1,-1,-0.01,-1,-1,-0.01,-1,-1,-0.01,-1,-1
99926009,2026-05-18 12:04:28+05:30,53015.3,0,0.0,0,0.0,0.0,53282.15,53308.4,52783.45,53710.35,0,0.0,0.0,0.0,0.0,-0.01,-1,-1,-0.01,-1,-1,-0.01,-1,-1,-0.01,-1,-1,-0.01,-1,-1,-0.01,-1,-1,-0.01,-1,-1,-0.01,-1,-1,-0.01,-1,-1,-0.01,-1,-1
99926009,2026-05-18 12:04:28+05:30,53016.4,0,0.0,0,0.0,0.0,53282.15,53308.4,52783.45,53710.35,0,0.0,0.0,0.0,0.0,-0.01,-1,-1,-0.01,-1,-1,-0.01,-1,-1,-0.01,-1,-1,-0.01,-1,-1,-0.01,-1,-1,-0.01,-1,-1,-0.01,-1,-1,-0.01,-1,-1,-0.01,-1,-1
99926009,2026-05-18 12:04:29+05:30,53017.7,0,0.0,0,0.0,0.0,53282.15,53308.4,52783.45,53710.35,0,0.0,0.0,0.0,0.0,-0.01,-1,-1,-0.01,-1,-1,-0.01,-1,-1,-0.01,-1,-1,-0.01,-1,-1,-0.01,-1,-1,-0.01,-1,-1,-0.01,-1,-1,-0.01,-1,-1,-0.01,-1,-1
99926009,2026-05-18 12:04:29+05:30,53019.15,0,0.0,0,0.0,0.0,53282.15,53308.4,52783.45,53710.35,0,0.0,0.0,0.0,0.0,-0.01,-1,-1,-0.01,-1,-1,-0.01,-1,-1,-0.01,-1,-1,-0.01,-1,-1,-0.01,-1,-1,-0.01,-1,-1,-0.01,-1,-1,-0.01,-1,-1,-0.01,-1,-1
99926009,2026-05-18 12:04:30+05:30,53020.1,0,0.0,0,0.0,0.0,53282.15,53308.4,52783.45,53710.35,0,0.0,0.0,0.0,0.0,-0.01,-1,-1,-0.01,-1,-1,-0.01,-1,-1,-0.01,-1,-1,-0.01,-1,-1,-0.01,-1,-1,-0.01,-1,-1,-0.01,-1,-1,-0.01,-1,-1,-0.01,-1,-1
99926009,2026-05-18 12:04:30+05:30,53020.05,0,0.0,0,0.0,0.0,53282.15,53308.4,52783.45,53710.35,0,0.0,0.0,0.0,0.0,-0.01,-1,-1,-0.01,-1,-1,-0.01,-1,-1,-0.01,-1,-1,-0.01,-1,-1,-0.01,-1,-1,-0.01,-1,-1,-0.01,-1,-1,-0.01,-1,-1,-0.01,-1,-1
99926009,2026-05-18 12:04:31+05:30,53022.65,0,0.0,0,0.0,0.0,53282.15,53308.4,52783.45,53710.35,0,0.0,0.0,0.0,0.0,-0.01,-1,-1,-0.01,-1,-1,-0.01,-1,-1,-0.01,-1,-1,-0.01,-1,-1,-0.01,-1,-1,-0.01,-1,-1,-0.01,-1,-1,-0.01,-1,-1,-0.01,-1,-1
99926009,2026-05-18 12:04:31+05:30,53023.6,0,0.0,0,0.0,0.0,53282.15,53308.4,52783.45,53710.35,0,0.0,0.0,0.0,0.0,-0.01,-1,-1,-0.01,-1,-1,-0.01,-1,-1,-0.01,-1,-1,-0.01,-1,-1,-0.01,-1,-1,-0.01,-1,-1,-0.01,-1,-1,-0.01,-1,-1,-0.01,-1,-1
99926009,2026-05-18 12:04:32+05:30,53022.95,0,0.0,0,0.0,0.0,53282.15,53308.4,52783.45,53710.35,0,0.0,0.0,0.0,0.0,-0.01,-1,-1,-0.01,-1,-1,-0.01,-1,-1,-0.01,-1,-1,-0.01,-1,-1,-0.01,-1,-1,-0.01,-1,-1,-0.01,-1,-1,-0.01,-1,-1,-0.01,-1,-1
99926009,2026-05-18 12:04:32+05:30,53022.2,0,0.0,0,0.0,0.0,53282.15,53308.4,52783.45,53710.35,0,0.0,0.0,0.0,0.0,-0.01,-1,-1,-0.01,-1,-1,-0.01,-1,-1,-0.01,-1,-1,-0.01,-1,-1,-0.01,-1,-1,-0.01,-1,-1,-0.01,-1,-1,-0.01,-1,-1,-0.01,-1,-1
99926009,2026-05-18 12:04:33+05:30,53021.5,0,0.0,0,0.0,0.0,53282.15,53308.4,52783.45,53710.35,0,0.0,0.0,0.0,0.0,-0.01,-1,-1,-0.01,-1,-1,-0.01,-1,-1,-0.01,-1,-1,-0.01,-1,-1,-0.01,-1,-1,-0.01,-1,-1,-0.01,-1,-1,-0.01,-1,-1,-0.01,-1,-1
99926009,2026-05-18 12:04:33+05:30,53023.35,0,0.0,0,0.0,0.0,53282.15,53308.4,52783.45,53710.35,0,0.0,0.0,0.0,0.0,-0.01,-1,-1,-0.01,-1,-1,-0.01,-1,-1,-0.01,-1,-1,-0.01,-1,-1,-0.01,-1,-1,-0.01,-1,-1,-0.01,-1,-1,-0.01,-1,-1,-0.01,-1,-1
99926009,2026-05-18 12:04:34+05:30,53021.05,0,0.0,0,0.0,0.0,53282.15,53308.4,52783.45,53710.35,0,0.0,0.0,0.0,0.0,-0.01,-1,-1,-0.01,-1,-1,-0.01,-1,-1,-0.01,-1,-1,-0.01,-1,-1,-0.01,-1,-1,-0.01,-1,-1,-0.01,-1,-1,-0.01,-1,-1,-0.01,-1,-1
99926009,2026-05-18 12:04:34+05:30,53022.0,0,0.0,0,0.0,0.0,53282.15,53308.4,52783.45,53710.35,0,0.0,0.0,0.0,0.0,-0.01,-1,-1,-0.01,-1,-1,-0.01,-1,-1,-0.01,-1,-1,-0.01,-1,-1,-0.01,-1,-1,-0.01,-1,-1,-0.01,-1,-1,-0.01,-1,-1,-0.01,-1,-1
99926009,2026-05-18 12:04:35+05:30,53023.0,0,0.0,0,0.0,0.0,53282.15,53308.4,52783.45,53710.35,0,0.0,0.0,0.0,0.0,-0.01,-1,-1,-0.01,-1,-1,-0.01,-1,-1,-0.01,-1,-1,-0.01,-1,-1,-0.01,-1,-1,-0.01,-1,-1,-0.01,-1,-1,-0.01,-1,-1,-0.01,-1,-1
99926009,2026-05-18 12:04:35+05:30,53020.0,0,0.0,0,0.0,0.0,53282.15,53308.4,52783.45,53710.35,0,0.0,0.0,0.0,0.0,-0.01,-1,-1,-0.01,-1,-1,-0.01,-1,-1,-0.01,-1,-1,-0.01,-1,-1,-0.01,-1,-1,-0.01,-1,-1,-0.01,-1,-1,-0.01,-1,-1,-0.01,-1,-1
99926009,2026-05-18 12:04:36+05:30,53020.55,0,0.0,0,0.0,0.0,53282.15,53308.4,52783.45,53710.35,0,0.0,0.0,0.0,0.0,-0.01,-1,-1,-0.01,-1,-1,-0.01,-1,-1,-0.01,-1,-1,-0.01,-1,-1,-0.01,-1,-1,-0.01,-1,-1,-0.01,-1,-1,-0.01,-1,-1,-0.01,-1,-1
99926009,2026-05-18 12:04:36+05:30,53021.4,0,0.0,0,0.0,0.0,53282.15,53308.4,52783.45,53710.35,0,0.0,0.0,0.0,0.0,-0.01,-1,-1,-0.01,-1,-1,-0.01,-1,-1,-0.01,-1,-1,-0.01,-1,-1,-0.01,-1,-1,-0.01,-1,-1,-0.01,-1,-1,-0.01,-1,-1,-0.01,-1,-1
99926009,2026-05-18 12:04:37+05:30,53020.05,0,0.0,0,0.0,0.0,53282.15,53308.4,52783.45,53710.35,0,0.0,0.0,0.0,0.0,-0.01,-1,-1,-0.01,-1,-1,-0.01,-1,-1,-0.01,-1,-1,-0.01,-1,-1,-0.01,-1,-1,-0.01,-1,-1,-0.01,-1,-1,-0.01,-1,-1,-0.01,-1,-1
99926009,2026-05-18 12:04:37+05:30,53018.25,0,0.0,0,0.0,0.0,53282.15,53308.4,52783.45,53710.35,0,0.0,0.0,0.0,0.0,-0.01,-1,-1,-0.01,-1,-1,-0.01,-1,-1,-0.01,-1,-1,-0.01,-1,-1,-0.01,-1,-1,-0.01,-1,-1,-0.01,-1,-1,-0.01,-1,-1,-0.01,-1,-1
99926009,2026-05-18 12:04:38+05:30,53020.05,0,0.0,0,0.0,0.0,53282.15,53308.4,52783.45,53710.35,0,0.0,0.0,0.0,0.0,-0.01,-1,-1,-0.01,-1,-1,-0.01,-1,-1,-0.01,-1,-1,-0.01,-1,-1,-0.01,-1,-1,-0.01,-1,-1,-0.01,-1,-1,-0.01,-1,-1,-0.01,-1,-1
99926009,2026-05-18 12:04:38+05:30,53022.1,0,0.0,0,0.0,0.0,53282.15,53308.4,52783.45,53710.35,0,0.0,0.0,0.0,0.0,-0.01,-1,-1,-0.01,-1,-1,-0.01,-1,-1,-0.01,-1,-1,-0.01,-1,-1,-0.01,-1,-1,-0.01,-1,-1,-0.01,-1,-1,-0.01,-1,-1,-0.01,-1,-1
99926009,2026-05-18 12:04:39+05:30,53021.5,0,0.0,0,0.0,0.0,53282.15,53308.4,52783.45,53710.35,0,0.0,0.0,0.0,0.0,-0.01,-1,-1,-0.01,-1,-1,-0.01,-1,-1,-0.01,-1,-1,-0.01,-1,-1,-0.01,-1,-1,-0.01,-1,-1,-0.01,-1,-1,-0.01,-1,-1,-0.01,-1,-1
99926009,2026-05-18 12:04:39+05:30,53021.45,0,0.0,0,0.0,0.0,53282.15,53308.4,52783.45,53710.35,0,0.0,0.0,0.0,0.0,-0.01,-1,-1,-0.01,-1,-1,-0.01,-1,-1,-0.01,-1,-1,-0.01,-1,-1,-0.01,-1,-1,-0.01,-1,-1,-0.01,-1,-1,-0.01,-1,-1,-0.01,-1,-1
99926009,2026-05-18 12:04:40+05:30,53022.65,0,0.0,0,0.0,0.0,53282.15,53308.4,52783.45,53710.35,0,0.0,0.0,0.0,0.0,-0.01,-1,-1,-0.01,-1,-1,-0.01,-1,-1,-0.01,-1,-1,-0.01,-1,-1,-0.01,-1,-1,-0.01,-1,-1,-0.01,-1,-1,-0.01,-1,-1,-0.01,-1,-1
99926009,2026-05-18 12:04:40+05:30,53019.85,0,0.0,0,0.0,0.0,53282.15,53308.4,52783.45,53710.35,0,0.0,0.0,0.0,0.0,-0.01,-1,-1,-0.01,-1,-1,-0.01,-1,-1,-0.01,-1,-1,-0.01,-1,-1,-0.01,-1,-1,-0.01,-1,-1,-0.01,-1,-1,-0.01,-1,-1,-0.01,-1,-1
99926009,2026-05-18 12:04:41+05:30,53019.4,0,0.0,0,0.0,0.0,53282.15,53308.4,52783.45,53710.35,0,0.0,0.0,0.0,0.0,-0.01,-1,-1,-0.01,-1,-1,-0.01,-1,-1,-0.01,-1,-1,-0.01,-1,-1,-0.01,-1,-1,-0.01,-1,-1,-0.01,-1,-1,-0.01,-1,-1,-0.01,-1,-1
99926009,2026-05-18 12:04:41+05:30,53021.1,0,0.0,0,0.0,0.0,53282.15,53308.4,52783.45,53710.35,0,0.0,0.0,0.0,0.0,-0.01,-1,-1,-0.01,-1,-1,-0.01,-1,-1,-0.01,-1,-1,-0.01,-1,-1,-0.01,-1,-1,-0.01,-1,-1,-0.01,-1,-1,-0.01,-1,-1,-0.01,-1,-1
99926009,2026-05-18 12:04:42+05:30,53022.65,0,0.0,0,0.0,0.0,53282.15,53308.4,52783.45,53710.35,0,0.0,0.0,0.0,0.0,-0.01,-1,-1,-0.01,-1,-1,-0.01,-1,-1,-0.01,-1,-1,-0.01,-1,-1,-0.01,-1,-1,-0.01,-1,-1,-0.01,-1,-1,-0.01,-1,-1,-0.01,-1,-1
99926009,2026-05-18 12:04:42+05:30,53024.15,0,0.0,0,0.0,0.0,53282.15,53308.4,52783.45,53710.35,0,0.0,0.0,0.0,0.0,-0.01,-1,-1,-0.01,-1,-1,-0.01,-1,-1,-0.01,-1,-1,-0.01,-1,-1,-0.01,-1,-1,-0.01,-1,-1,-0.01,-1,-1,-0.01,-1,-1,-0.01,-1,-1
99926009,2026-05-18 12:04:43+05:30,53020.45,0,0.0,0,0.0,0.0,53282.15,53308.4,52783.45,53710.35,0,0.0,0.0,0.0,0.0,-0.01,-1,-1,-0.01,-1,-1,-0.01,-1,-1,-0.01,-1,-1,-0.01,-1,-1,-0.01,-1,-1,-0.01,-1,-1,-0.01,-1,-1,-0.01,-1,-1,-0.01,-1,-1
99926009,2026-05-18 12:04:43+05:30,53018.85,0,0.0,0,0.0,0.0,53282.15,53308.4,52783.45,53710.35,0,0.0,0.0,0.0,0.0,-0.01,-1,-1,-0.01,-1,-1,-0.01,-1,-1,-0.01,-1,-1,-0.01,-1,-1,-0.01,-1,-1,-0.01,-1,-1,-0.01,-1,-1,-0.01,-1,-1,-0.01,-1,-1
99926009,2026-05-18 12:04:44+05:30,53018.55,0,0.0,0,0.0,0.0,53282.15,53308.4,52783.45,53710.35,0,0.0,0.0,0.0,0.0,-0.01,-1,-1,-0.01,-1,-1,-0.01,-1,-1,-0.01,-1,-1,-0.01,-1,-1,-0.01,-1,-1,-0.01,-1,-1,-0.01,-1,-1,-0.01,-1,-1,-0.01,-1,-1
99926009,2026-05-18 12:04:44+05:30,53018.25,0,0.0,0,0.0,0.0,53282.15,53308.4,52783.45,53710.35,0,0.0,0.0,0.0,0.0,-0.01,-1,-1,-0.01,-1,-1,-0.01,-1,-1,-0.01,-1,-1,-0.01,-1,-1,-0.01,-1,-1,-0.01,-1,-1,-0.01,-1,-1,-0.01,-1,-1,-0.01,-1,-1
99926009,2026-05-18 12:04:45+05:30,53020.9,0,0.0,0,0.0,0.0,53282.15,53308.4,52783.45,53710.35,0,0.0,0.0,0.0,0.0,-0.01,-1,-1,-0.01,-1,-1,-0.01,-1,-1,-0.01,-1,-1,-0.01,-1,-1,-0.01,-1,-1,-0.01,-1,-1,-0.01,-1,-1,-0.01,-1,-1,-0.01,-1,-1
99926009,2026-05-18 12:04:45+05:30,53017.0,0,0.0,0,0.0,0.0,53282.15,53308.4,52783.45,53710.35,0,0.0,0.0,0.0,0.0,-0.01,-1,-1,-0.01,-1,-1,-0.01,-1,-1,-0.01,-1,-1,-0.01,-1,-1,-0.01,-1,-1,-0.01,-1,-1,-0.01,-1,-1,-0.01,-1,-1,-0.01,-1,-1
99926009,2026-05-18 12:04:46+05:30,53015.8,0,0.0,0,0.0,0.0,53282.15,53308.4,52783.45,53710.35,0,0.0,0.0,0.0,0.0,-0.01,-1,-1,-0.01,-1,-1,-0.01,-1,-1,-0.01,-1,-1,-0.01,-1,-1,-0.01,-1,-1,-0.01,-1,-1,-0.01,-1,-1,-0.01,-1,-1,-0.01,-1,-1
99926009,2026-05-18 12:04:46+05:30,53016.45,0,0.0,0,0.0,0.0,53282.15,53308.4,52783.45,53710.35,0,0.0,0.0,0.0,0.0,-0.01,-1,-1,-0.01,-1,-1,-0.01,-1,-1,-0.01,-1,-1,-0.01,-1,-1,-0.01,-1,-1,-0.01,-1,-1,-0.01,-1,-1,-0.01,-1,-1,-0.01,-1,-1
99926009,2026-05-18 12:04:47+05:30,53013.5,0,0.0,0,0.0,0.0,53282.15,53308.4,52783.45,53710.35,0,0.0,0.0,0.0,0.0,-0.01,-1,-1,-0.01,-1,-1,-0.01,-1,-1,-0.01,-1,-1,-0.01,-1,-1,-0.01,-1,-1,-0.01,-1,-1,-0.01,-1,-1,-0.01,-1,-1,-0.01,-1,-1
99926009,2026-05-18 12:04:47+05:30,53007.6,0,0.0,0,0.0,0.0,53282.15,53308.4,52783.45,53710.35,0,0.0,0.0,0.0,0.0,-0.01,-1,-1,-0.01,-1,-1,-0.01,-1,-1,-0.01,-1,-1,-0.01,-1,-1,-0.01,-1,-1,-0.01,-1,-1,-0.01,-1,-1,-0.01,-1,-1,-0.01,-1,-1
99926009,2026-05-18 12:04:48+05:30,53006.15,0,0.0,0,0.0,0.0,53282.15,53308.4,52783.45,53710.35,0,0.0,0.0,0.0,0.0,-0.01,-1,-1,-0.01,-1,-1,-0.01,-1,-1,-0.01,-1,-1,-0.01,-1,-1,-0.01,-1,-1,-0.01,-1,-1,-0.01,-1,-1,-0.01,-1,-1,-0.01,-1,-1
99926009,2026-05-18 12:04:48+05:30,53008.05,0,0.0,0,0.0,0.0,53282.15,53308.4,52783.45,53710.35,0,0.0,0.0,0.0,0.0,-0.01,-1,-1,-0.01,-1,-1,-0.01,-1,-1,-0.01,-1,-1,-0.01,-1,-1,-0.01,-1,-1,-0.01,-1,-1,-0.01,-1,-1,-0.01,-1,-1,-0.01,-1,-1
99926009,2026-05-18 12:04:49+05:30,53007.3,0,0.0,0,0.0,0.0,53282.15,53308.4,52783.45,53710.35,0,0.0,0.0,0.0,0.0,-0.01,-1,-1,-0.01,-1,-1,-0.01,-1,-1,-0.01,-1,-1,-0.01,-1,-1,-0.01,-1,-1,-0.01,-1,-1,-0.01,-1,-1,-0.01,-1,-1,-0.01,-1,-1
99926009,2026-05-18 12:04:49+05:30,53008.15,0,0.0,0,0.0,0.0,53282.15,53308.4,52783.45,53710.35,0,0.0,0.0,0.0,0.0,-0.01,-1,-1,-0.01,-1,-1,-0.01,-1,-1,-0.01,-1,-1,-0.01,-1,-1,-0.01,-1,-1,-0.01,-1,-1,-0.01,-1,-1,-0.01,-1,-1,-0.01,-1,-1
99926009,2026-05-18 12:04:50+05:30,53008.6,0,0.0,0,0.0,0.0,53282.15,53308.4,52783.45,53710.35,0,0.0,0.0,0.0,0.0,-0.01,-1,-1,-0.01,-1,-1,-0.01,-1,-1,-0.01,-1,-1,-0.01,-1,-1,-0.01,-1,-1,-0.01,-1,-1,-0.01,-1,-1,-0.01,-1,-1,-0.01,-1,-1
99926009,2026-05-18 12:04:50+05:30,53007.1,0,0.0,0,0.0,0.0,53282.15,53308.4,52783.45,53710.35,0,0.0,0.0,0.0,0.0,-0.01,-1,-1,-0.01,-1,-1,-0.01,-1,-1,-0.01,-1,-1,-0.01,-1,-1,-0.01,-1,-1,-0.01,-1,-1,-0.01,-1,-1,-0.01,-1,-1,-0.01,-1,-1
99926009,2026-05-18 12:04:51+05:30,53008.25,0,0.0,0,0.0,0.0,53282.15,53308.4,52783.45,53710.35,0,0.0,0.0,0.0,0.0,-0.01,-1,-1,-0.01,-1,-1,-0.01,-1,-1,-0.01,-1,-1,-0.01,-1,-1,-0.01,-1,-1,-0.01,-1,-1,-0.01,-1,-1,-0.01,-1,-1,-0.01,-1,-1
99926009,2026-05-18 12:04:51+05:30,53008.6,0,0.0,0,0.0,0.0,53282.15,53308.4,52783.45,53710.35,0,0.0,0.0,0.0,0.0,-0.01,-1,-1,-0.01,-1,-1,-0.01,-1,-1,-0.01,-1,-1,-0.01,-1,-1,-0.01,-1,-1,-0.01,-1,-1,-0.01,-1,-1,-0.01,-1,-1,-0.01,-1,-1
99926009,2026-05-18 12:04:52+05:30,53007.95,0,0.0,0,0.0,0.0,53282.15,53308.4,52783.45,53710.35,0,0.0,0.0,0.0,0.0,-0.01,-1,-1,-0.01,-1,-1,-0.01,-1,-1,-0.01,-1,-1,-0.01,-1,-1,-0.01,-1,-1,-0.01,-1,-1,-0.01,-1,-1,-0.01,-1,-1,-0.01,-1,-1
99926009,2026-05-18 12:04:52+05:30,53008.75,0,0.0,0,0.0,0.0,53282.15,53308.4,52783.45,53710.35,0,0.0,0.0,0.0,0.0,-0.01,-1,-1,-0.01,-1,-1,-0.01,-1,-1,-0.01,-1,-1,-0.01,-1,-1,-0.01,-1,-1,-0.01,-1,-1,-0.01,-1,-1,-0.01,-1,-1,-0.01,-1,-1
99926009,2026-05-18 12:04:53+05:30,53007.15,0,0.0,0,0.0,0.0,53282.15,53308.4,52783.45,53710.35,0,0.0,0.0,0.0,0.0,-0.01,-1,-1,-0.01,-1,-1,-0.01,-1,-1,-0.01,-1,-1,-0.01,-1,-1,-0.01,-1,-1,-0.01,-1,-1,-0.01,-1,-1,-0.01,-1,-1,-0.01,-1,-1
99926009,2026-05-18 12:04:53+05:30,53006.1,0,0.0,0,0.0,0.0,53282.15,53308.4,52783.45,53710.35,0,0.0,0.0,0.0,0.0,-0.01,-1,-1,-0.01,-1,-1,-0.01,-1,-1,-0.01,-1,-1,-0.01,-1,-1,-0.01,-1,-1,-0.01,-1,-1,-0.01,-1,-1,-0.01,-1,-1,-0.01,-1,-1
99926009,2026-05-18 12:04:54+05:30,53006.95,0,0.0,0,0.0,0.0,53282.15,53308.4,52783.45,53710.35,0,0.0,0.0,0.0,0.0,-0.01,-1,-1,-0.01,-1,-1,-0.01,-1,-1,-0.01,-1,-1,-0.01,-1,-1,-0.01,-1,-1,-0.01,-1,-1,-0.01,-1,-1,-0.01,-1,-1,-0.01,-1,-1
99926009,2026-05-18 12:04:54+05:30,53005.95,0,0.0,0,0.0,0.0,53282.15,53308.4,52783.45,53710.35,0,0.0,0.0,0.0,0.0,-0.01,-1,-1,-0.01,-1,-1,-0.01,-1,-1,-0.01,-1,-1,-0.01,-1,-1,-0.01,-1,-1,-0.01,-1,-1,-0.01,-1,-1,-0.01,-1,-1,-0.01,-1,-1
99926009,2026-05-18 12:04:55+05:30,53008.5,0,0.0,0,0.0,0.0,53282.15,53308.4,52783.45,53710.35,0,0.0,0.0,0.0,0.0,-0.01,-1,-1,-0.01,-1,-1,-0.01,-1,-1,-0.01,-1,-1,-0.01,-1,-1,-0.01,-1,-1,-0.01,-1,-1,-0.01,-1,-1,-0.01,-1,-1,-0.01,-1,-1
99926009,2026-05-18 12:04:55+05:30,53007.85,0,0.0,0,0.0,0.0,53282.15,53308.4,52783.45,53710.35,0,0.0,0.0,0.0,0.0,-0.01,-1,-1,-0.01,-1,-1,-0.01,-1,-1,-0.01,-1,-1,-0.01,-1,-1,-0.01,-1,-1,-0.01,-1,-1,-0.01,-1,-1,-0.01,-1,-1,-0.01,-1,-1
99926009,2026-05-18 12:04:56+05:30,53008.05,0,0.0,0,0.0,0.0,53282.15,53308.4,52783.45,53710.35,0,0.0,0.0,0.0,0.0,-0.01,-1,-1,-0.01,-1,-1,-0.01,-1,-1,-0.01,-1,-1,-0.01,-1,-1,-0.01,-1,-1,-0.01,-1,-1,-0.01,-1,-1,-0.01,-1,-1,-0.01,-1,-1
99926009,2026-05-18 12:04:56+05:30,53009.3,0,0.0,0,0.0,0.0,53282.15,53308.4,52783.45,53710.35,0,0.0,0.0,0.0,0.0,-0.01,-1,-1,-0.01,-1,-1,-0.01,-1,-1,-0.01,-1,-1,-0.01,-1,-1,-0.01,-1,-1,-0.01,-1,-1,-0.01,-1,-1,-0.01,-1,-1,-0.01,-1,-1
99926009,2026-05-18 12:04:57+05:30,53007.6,0,0.0,0,0.0,0.0,53282.15,53308.4,52783.45,53710.35,0,0.0,0.0,0.0,0.0,-0.01,-1,-1,-0.01,-1,-1,-0.01,-1,-1,-0.01,-1,-1,-0.01,-1,-1,-0.01,-1,-1,-0.01,-1,-1,-0.01,-1,-1,-0.01,-1,-1,-0.01,-1,-1
99926009,2026-05-18 12:04:57+05:30,53008.95,0,0.0,0,0.0,0.0,53282.15,53308.4,52783.45,53710.35,0,0.0,0.0,0.0,0.0,-0.01,-1,-1,-0.01,-1,-1,-0.01,-1,-1,-0.01,-1,-1,-0.01,-1,-1,-0.01,-1,-1,-0.01,-1,-1,-0.01,-1,-1,-0.01,-1,-1,-0.01,-1,-1
99926009,2026-05-18 12:04:58+05:30,53009.15,0,0.0,0,0.0,0.0,53282.15,53308.4,52783.45,53710.35,0,0.0,0.0,0.0,0.0,-0.01,-1,-1,-0.01,-1,-1,-0.01,-1,-1,-0.01,-1,-1,-0.01,-1,-1,-0.01,-1,-1,-0.01,-1,-1,-0.01,-1,-1,-0.01,-1,-1,-0.01,-1,-1
99926009,2026-05-18 12:04:58+05:30,53005.2,0,0.0,0,0.0,0.0,53282.15,53308.4,52783.45,53710.35,0,0.0,0.0,0.0,0.0,-0.01,-1,-1,-0.01,-1,-1,-0.01,-1,-1,-0.01,-1,-1,-0.01,-1,-1,-0.01,-1,-1,-0.01,-1,-1,-0.01,-1,-1,-0.01,-1,-1,-0.01,-1,-1
99926009,2026-05-18 12:04:59+05:30,53006.0,0,0.0,0,0.0,0.0,53282.15,53308.4,52783.45,53710.35,0,0.0,0.0,0.0,0.0,-0.01,-1,-1,-0.01,-1,-1,-0.01,-1,-1,-0.01,-1,-1,-0.01,-1,-1,-0.01,-1,-1,-0.01,-1,-1,-0.01,-1,-1,-0.01,-1,-1,-0.01,-1,-1
99926009,2026-05-18 12:04:59+05:30,53003.5,0,0.0,0,0.0,0.0,53282.15,53308.4,52783.45,53710.35,0,0.0,0.0,0.0,0.0,-0.01,-1,-1,-0.01,-1,-1,-0.01,-1,-1,-0.01,-1,-1,-0.01,-1,-1,-0.01,-1,-1,-0.01,-1,-1,-0.01,-1,-1,-0.01,-1,-1,-0.01,-1,-1
99926009,2026-05-18 12:05:00+05:30,53007.2,0,0.0,0,0.0,0.0,53282.15,53308.4,52783.45,53710.35,0,0.0,0.0,0.0,0.0,-0.01,-1,-1,-0.01,-1,-1,-0.01,-1,-1,-0.01,-1,-1,-0.01,-1,-1,-0.01,-1,-1,-0.01,-1,-1,-0.01,-1,-1,-0.01,-1,-1,-0.01,-1,-1
99926009,2026-05-18 12:05:00+05:30,53005.05,0,0.0,0,0.0,0.0,53282.15,53308.4,52783.45,53710.35,0,0.0,0.0,0.0,0.0,-0.01,-1,-1,-0.01,-1,-1,-0.01,-1,-1,-0.01,-1,-1,-0.01,-1,-1,-0.01,-1,-1,-0.01,-1,-1,-0.01,-1,-1,-0.01,-1,-1,-0.01,-1,-1
99926009,2026-05-18 12:05:01+05:30,53005.95,0,0.0,0,0.0,0.0,53282.15,53308.4,52783.45,53710.35,0,0.0,0.0,0.0,0.0,-0.01,-1,-1,-0.01,-1,-1,-0.01,-1,-1,-0.01,-1,-1,-0.01,-1,-1,-0.01,-1,-1,-0.01,-1,-1,-0.01,-1,-1,-0.01,-1,-1,-0.01,-1,-1
99926009,2026-05-18 12:05:01+05:30,53008.9,0,0.0,0,0.0,0.0,53282.15,53308.4,52783.45,53710.35,0,0.0,0.0,0.0,0.0,-0.01,-1,-1,-0.01,-1,-1,-0.01,-1,-1,-0.01,-1,-1,-0.01,-1,-1,-0.01,-1,-1,-0.01,-1,-1,-0.01,-1,-1,-0.01,-1,-1,-0.01,-1,-1
99926009,2026-05-18 12:05:02+05:30,53007.1,0,0.0,0,0.0,0.0,53282.15,53308.4,52783.45,53710.35,0,0.0,0.0,0.0,0.0,-0.01,-1,-1,-0.01,-1,-1,-0.01,-1,-1,-0.01,-1,-1,-0.01,-1,-1,-0.01,-1,-1,-0.01,-1,-1,-0.01,-1,-1,-0.01,-1,-1,-0.01,-1,-1
99926009,2026-05-18 12:05:02+05:30,53007.6,0,0.0,0,0.0,0.0,53282.15,53308.4,52783.45,53710.35,0,0.0,0.0,0.0,0.0,-0.01,-1,-1,-0.01,-1,-1,-0.01,-1,-1,-0.01,-1,-1,-0.01,-1,-1,-0.01,-1,-1,-0.01,-1,-1,-0.01,-1,-1,-0.01,-1,-1,-0.01,-1,-1
99926009,2026-05-18 12:05:03+05:30,53008.2,0,0.0,0,0.0,0.0,53282.15,53308.4,52783.45,53710.35,0,0.0,0.0,0.0,0.0,-0.01,-1,-1,-0.01,-1,-1,-0.01,-1,-1,-0.01,-1,-1,-0.01,-1,-1,-0.01,-1,-1,-0.01,-1,-1,-0.01,-1,-1,-0.01,-1,-1,-0.01,-1,-1
99926009,2026-05-18 12:05:03+05:30,53006.5,0,0.0,0,0.0,0.0,53282.15,53308.4,52783.45,53710.35,0,0.0,0.0,0.0,0.0,-0.01,-1,-1,-0.01,-1,-1,-0.01,-1,-1,-0.01,-1,-1,-0.01,-1,-1,-0.01,-1,-1,-0.01,-1,-1,-0.01,-1,-1,-0.01,-1,-1,-0.01,-1,-1
99926009,2026-05-18 12:05:04+05:30,53005.85,0,0.0,0,0.0,0.0,53282.15,53308.4,52783.45,53710.35,0,0.0,0.0,0.0,0.0,-0.01,-1,-1,-0.01,-1,-1,-0.01,-1,-1,-0.01,-1,-1,-0.01,-1,-1,-0.01,-1,-1,-0.01,-1,-1,-0.01,-1,-1,-0.01,-1,-1,-0.01,-1,-1
99926009,2026-05-18 12:05:04+05:30,53007.45,0,0.0,0,0.0,0.0,53282.15,53308.4,52783.45,53710.35,0,0.0,0.0,0.0,0.0,-0.01,-1,-1,-0.01,-1,-1,-0.01,-1,-1,-0.01,-1,-1,-0.01,-1,-1,-0.01,-1,-1,-0.01,-1,-1,-0.01,-1,-1,-0.01,-1,-1,-0.01,-1,-1
99926009,2026-05-18 12:05:05+05:30,53013.9,0,0.0,0,0.0,0.0,53282.15,53308.4,52783.45,53710.35,0,0.0,0.0,0.0,0.0,-0.01,-1,-1,-0.01,-1,-1,-0.01,-1,-1,-0.01,-1,-1,-0.01,-1,-1,-0.01,-1,-1,-0.01,-1,-1,-0.01,-1,-1,-0.01,-1,-1,-0.01,-1,-1
99926009,2026-05-18 12:05:05+05:30,53012.35,0,0.0,0,0.0,0.0,53282.15,53308.4,52783.45,53710.35,0,0.0,0.0,0.0,0.0,-0.01,-1,-1,-0.01,-1,-1,-0.01,-1,-1,-0.01,-1,-1,-0.01,-1,-1,-0.01,-1,-1,-0.01,-1,-1,-0.01,-1,-1,-0.01,-1,-1,-0.01,-1,-1
99926009,2026-05-18 12:05:06+05:30,53011.3,0,0.0,0,0.0,0.0,53282.15,53308.4,52783.45,53710.35,0,0.0,0.0,0.0,0.0,-0.01,-1,-1,-0.01,-1,-1,-0.01,-1,-1,-0.01,-1,-1,-0.01,-1,-1,-0.01,-1,-1,-0.01,-1,-1,-0.01,-1,-1,-0.01,-1,-1,-0.01,-1,-1
99926009,2026-05-18 12:05:06+05:30,53013.05,0,0.0,0,0.0,0.0,53282.15,53308.4,52783.45,53710.35,0,0.0,0.0,0.0,0.0,-0.01,-1,-1,-0.01,-1,-1,-0.01,-1,-1,-0.01,-1,-1,-0.01,-1,-1,-0.01,-1,-1,-0.01,-1,-1,-0.01,-1,-1,-0.01,-1,-1,-0.01,-1,-1
99926009,2026-05-18 12:05:07+05:30,53012.3,0,0.0,0,0.0,0.0,53282.15,53308.4,52783.45,53710.35,0,0.0,0.0,0.0,0.0,-0.01,-1,-1,-0.01,-1,-1,-0.01,-1,-1,-0.01,-1,-1,-0.01,-1,-1,-0.01,-1,-1,-0.01,-1,-1,-0.01,-1,-1,-0.01,-1,-1,-0.01,-1,-1
99926009,2026-05-18 12:05:07+05:30,53012.0,0,0.0,0,0.0,0.0,53282.15,53308.4,52783.45,53710.35,0,0.0,0.0,0.0,0.0,-0.01,-1,-1,-0.01,-1,-1,-0.01,-1,-1,-0.01,-1,-1,-0.01,-1,-1,-0.01,-1,-1,-0.01,-1,-1,-0.01,-1,-1,-0.01,-1,-1,-0.01,-1,-1
99926009,2026-05-18 12:05:08+05:30,53014.6,0,0.0,0,0.0,0.0,53282.15,53308.4,52783.45,53710.35,0,0.0,0.0,0.0,0.0,-0.01,-1,-1,-0.01,-1,-1,-0.01,-1,-1,-0.01,-1,-1,-0.01,-1,-1,-0.01,-1,-1,-0.01,-1,-1,-0.01,-1,-1,-0.01,-1,-1,-0.01,-1,-1
99926009,2026-05-18 12:05:08+05:30,53014.5,0,0.0,0,0.0,0.0,53282.15,53308.4,52783.45,53710.35,0,0.0,0.0,0.0,0.0,-0.01,-1,-1,-0.01,-1,-1,-0.01,-1,-1,-0.01,-1,-1,-0.01,-1,-1,-0.01,-1,-1,-0.01,-1,-1,-0.01,-1,-1,-0.01,-1,-1,-0.01,-1,-1
99926009,2026-05-18 12:05:09+05:30,53015.15,0,0.0,0,0.0,0.0,53282.15,53308.4,52783.45,53710.35,0,0.0,0.0,0.0,0.0,-0.01,-1,-1,-0.01,-1,-1,-0.01,-1,-1,-0.01,-1,-1,-0.01,-1,-1,-0.01,-1,-1,-0.01,-1,-1,-0.01,-1,-1,-0.01,-1,-1,-0.01,-1,-1
99926009,2026-05-18 12:05:09+05:30,53014.0,0,0.0,0,0.0,0.0,53282.15,53308.4,52783.45,53710.35,0,0.0,0.0,0.0,0.0,-0.01,-1,-1,-0.01,-1,-1,-0.01,-1,-1,-0.01,-1,-1,-0.01,-1,-1,-0.01,-1,-1,-0.01,-1,-1,-0.01,-1,-1,-0.01,-1,-1,-0.01,-1,-1
99926009,2026-05-18 12:05:10+05:30,53013.8,0,0.0,0,0.0,0.0,53282.15,53308.4,52783.45,53710.35,0,0.0,0.0,0.0,0.0,-0.01,-1,-1,-0.01,-1,-1,-0.01,-1,-1,-0.01,-1,-1,-0.01,-1,-1,-0.01,-1,-1,-0.01,-1,-1,-0.01,-1,-1,-0.01,-1,-1,-0.01,-1,-1
99926009,2026-05-18 12:05:10+05:30,53012.95,0,0.0,0,0.0,0.0,53282.15,53308.4,52783.45,53710.35,0,0.0,0.0,0.0,0.0,-0.01,-1,-1,-0.01,-1,-1,-0.01,-1,-1,-0.01,-1,-1,-0.01,-1,-1,-0.01,-1,-1,-0.01,-1,-1,-0.01,-1,-1,-0.01,-1,-1,-0.01,-1,-1
99926009,2026-05-18 12:05:11+05:30,53011.9,0,0.0,0,0.0,0.0,53282.15,53308.4,52783.45,53710.35,0,0.0,0.0,0.0,0.0,-0.01,-1,-1,-0.01,-1,-1,-0.01,-1,-1,-0.01,-1,-1,-0.01,-1,-1,-0.01,-1,-1,-0.01,-1,-1,-0.01,-1,-1,-0.01,-1,-1,-0.01,-1,-1
99926009,2026-05-18 12:05:11+05:30,53010.85,0,0.0,0,0.0,0.0,53282.15,53308.4,52783.45,53710.35,0,0.0,0.0,0.0,0.0,-0.01,-1,-1,-0.01,-1,-1,-0.01,-1,-1,-0.01,-1,-1,-0.01,-1,-1,-0.01,-1,-1,-0.01,-1,-1,-0.01,-1,-1,-0.01,-1,-1,-0.01,-1,-1
99926009,2026-05-18 12:05:12+05:30,53012.35,0,0.0,0,0.0,0.0,53282.15,53308.4,52783.45,53710.35,0,0.0,0.0,0.0,0.0,-0.01,-1,-1,-0.01,-1,-1,-0.01,-1,-1,-0.01,-1,-1,-0.01,-1,-1,-0.01,-1,-1,-0.01,-1,-1,-0.01,-1,-1,-0.01,-1,-1,-0.01,-1,-1
99926009,2026-05-18 12:05:12+05:30,53013.35,0,0.0,0,0.0,0.0,53282.15,53308.4,52783.45,53710.35,0,0.0,0.0,0.0,0.0,-0.01,-1,-1,-0.01,-1,-1,-0.01,-1,-1,-0.01,-1,-1,-0.01,-1,-1,-0.01,-1,-1,-0.01,-1,-1,-0.01,-1,-1,-0.01,-1,-1,-0.01,-1,-1
99926009,2026-05-18 12:05:13+05:30,53012.9,0,0.0,0,0.0,0.0,53282.15,53308.4,52783.45,53710.35,0,0.0,0.0,0.0,0.0,-0.01,-1,-1,-0.01,-1,-1,-0.01,-1,-1,-0.01,-1,-1,-0.01,-1,-1,-0.01,-1,-1,-0.01,-1,-1,-0.01,-1,-1,-0.01,-1,-1,-0.01,-1,-1
99926009,2026-05-18 12:05:13+05:30,53011.25,0,0.0,0,0.0,0.0,53282.15,53308.4,52783.45,53710.35,0,0.0,0.0,0.0,0.0,-0.01,-1,-1,-0.01,-1,-1,-0.01,-1,-1,-0.01,-1,-1,-0.01,-1,-1,-0.01,-1,-1,-0.01,-1,-1,-0.01,-1,-1,-0.01,-1,-1,-0.01,-1,-1
99926009,2026-05-18 12:05:14+05:30,53010.65,0,0.0,0,0.0,0.0,53282.15,53308.4,52783.45,53710.35,0,0.0,0.0,0.0,0.0,-0.01,-1,-1,-0.01,-1,-1,-0.01,-1,-1,-0.01,-1,-1,-0.01,-1,-1,-0.01,-1,-1,-0.01,-1,-1,-0.01,-1,-1,-0.01,-1,-1,-0.01,-1,-1
99926009,2026-05-18 12:05:14+05:30,53009.4,0,0.0,0,0.0,0.0,53282.15,53308.4,52783.45,53710.35,0,0.0,0.0,0.0,0.0,-0.01,-1,-1,-0.01,-1,-1,-0.01,-1,-1,-0.01,-1,-1,-0.01,-1,-1,-0.01,-1,-1,-0.01,-1,-1,-0.01,-1,-1,-0.01,-1,-1,-0.01,-1,-1
99926009,2026-05-18 12:05:15+05:30,53011.85,0,0.0,0,0.0,0.0,53282.15,53308.4,52783.45,53710.35,0,0.0,0.0,0.0,0.0,-0.01,-1,-1,-0.01,-1,-1,-0.01,-1,-1,-0.01,-1,-1,-0.01,-1,-1,-0.01,-1,-1,-0.01,-1,-1,-0.01,-1,-1,-0.01,-1,-1,-0.01,-1,-1
99926009,2026-05-18 12:05:15+05:30,53011.5,0,0.0,0,0.0,0.0,53282.15,53308.4,52783.45,53710.35,0,0.0,0.0,0.0,0.0,-0.01,-1,-1,-0.01,-1,-1,-0.01,-1,-1,-0.01,-1,-1,-0.01,-1,-1,-0.01,-1,-1,-0.01,-1,-1,-0.01,-1,-1,-0.01,-1,-1,-0.01,-1,-1
99926009,2026-05-18 12:05:16+05:30,53008.3,0,0.0,0,0.0,0.0,53282.15,53308.4,52783.45,53710.35,0,0.0,0.0,0.0,0.0,-0.01,-1,-1,-0.01,-1,-1,-0.01,-1,-1,-0.01,-1,-1,-0.01,-1,-1,-0.01,-1,-1,-0.01,-1,-1,-0.01,-1,-1,-0.01,-1,-1,-0.01,-1,-1
99926009,2026-05-18 12:05:16+05:30,53011.4,0,0.0,0,0.0,0.0,53282.15,53308.4,52783.45,53710.35,0,0.0,0.0,0.0,0.0,-0.01,-1,-1,-0.01,-1,-1,-0.01,-1,-1,-0.01,-1,-1,-0.01,-1,-1,-0.01,-1,-1,-0.01,-1,-1,-0.01,-1,-1,-0.01,-1,-1,-0.01,-1,-1
99926009,2026-05-18 12:05:17+05:30,53011.45,0,0.0,0,0.0,0.0,53282.15,53308.4,52783.45,53710.35,0,0.0,0.0,0.0,0.0,-0.01,-1,-1,-0.01,-1,-1,-0.01,-1,-1,-0.01,-1,-1,-0.01,-1,-1,-0.01,-1,-1,-0.01,-1,-1,-0.01,-1,-1,-0.01,-1,-1,-0.01,-1,-1
99926009,2026-05-18 12:05:17+05:30,53011.35,0,0.0,0,0.0,0.0,53282.15,53308.4,52783.45,53710.35,0,0.0,0.0,0.0,0.0,-0.01,-1,-1,-0.01,-1,-1,-0.01,-1,-1,-0.01,-1,-1,-0.01,-1,-1,-0.01,-1,-1,-0.01,-1,-1,-0.01,-1,-1,-0.01,-1,-1,-0.01,-1,-1
99926009,2026-05-18 12:05:18+05:30,53011.35,0,0.0,0,0.0,0.0,53282.15,53308.4,52783.45,53710.35,0,0.0,0.0,0.0,0.0,-0.01,-1,-1,-0.01,-1,-1,-0.01,-1,-1,-0.01,-1,-1,-0.01,-1,-1,-0.01,-1,-1,-0.01,-1,-1,-0.01,-1,-1,-0.01,-1,-1,-0.01,-1,-1
99926009,2026-05-18 12:05:18+05:30,53009.25,0,0.0,0,0.0,0.0,53282.15,53308.4,52783.45,53710.35,0,0.0,0.0,0.0,0.0,-0.01,-1,-1,-0.01,-1,-1,-0.01,-1,-1,-0.01,-1,-1,-0.01,-1,-1,-0.01,-1,-1,-0.01,-1,-1,-0.01,-1,-1,-0.01,-1,-1,-0.01,-1,-1
99926009,2026-05-18 12:05:19+05:30,53007.95,0,0.0,0,0.0,0.0,53282.15,53308.4,52783.45,53710.35,0,0.0,0.0,0.0,0.0,-0.01,-1,-1,-0.01,-1,-1,-0.01,-1,-1,-0.01,-1,-1,-0.01,-1,-1,-0.01,-1,-1,-0.01,-1,-1,-0.01,-1,-1,-0.01,-1,-1,-0.01,-1,-1
99926009,2026-05-18 12:05:19+05:30,53008.3,0,0.0,0,0.0,0.0,53282.15,53308.4,52783.45,53710.35,0,0.0,0.0,0.0,0.0,-0.01,-1,-1,-0.01,-1,-1,-0.01,-1,-1,-0.01,-1,-1,-0.01,-1,-1,-0.01,-1,-1,-0.01,-1,-1,-0.01,-1,-1,-0.01,-1,-1,-0.01,-1,-1
99926009,2026-05-18 12:05:20+05:30,53010.15,0,0.0,0,0.0,0.0,53282.15,53308.4,52783.45,53710.35,0,0.0,0.0,0.0,0.0,-0.01,-1,-1,-0.01,-1,-1,-0.01,-1,-1,-0.01,-1,-1,-0.01,-1,-1,-0.01,-1,-1,-0.01,-1,-1,-0.01,-1,-1,-0.01,-1,-1,-0.01,-1,-1
99926009,2026-05-18 12:05:20+05:30,53008.5,0,0.0,0,0.0,0.0,53282.15,53308.4,52783.45,53710.35,0,0.0,0.0,0.0,0.0,-0.01,-1,-1,-0.01,-1,-1,-0.01,-1,-1,-0.01,-1,-1,-0.01,-1,-1,-0.01,-1,-1,-0.01,-1,-1,-0.01,-1,-1,-0.01,-1,-1,-0.01,-1,-1
99926009,2026-05-18 12:05:21+05:30,53009.5,0,0.0,0,0.0,0.0,53282.15,53308.4,52783.45,53710.35,0,0.0,0.0,0.0,0.0,-0.01,-1,-1,-0.01,-1,-1,-0.01,-1,-1,-0.01,-1,-1,-0.01,-1,-1,-0.01,-1,-1,-0.01,-1,-1,-0.01,-1,-1,-0.01,-1,-1,-0.01,-1,-1
99926009,2026-05-18 12:05:21+05:30,53010.15,0,0.0,0,0.0,0.0,53282.15,53308.4,52783.45,53710.35,0,0.0,0.0,0.0,0.0,-0.01,-1,-1,-0.01,-1,-1,-0.01,-1,-1,-0.01,-1,-1,-0.01,-1,-1,-0.01,-1,-1,-0.01,-1,-1,-0.01,-1,-1,-0.01,-1,-1,-0.01,-1,-1
99926009,2026-05-18 12:05:22+05:30,53011.3,0,0.0,0,0.0,0.0,53282.15,53308.4,52783.45,53710.35,0,0.0,0.0,0.0,0.0,-0.01,-1,-1,-0.01,-1,-1,-0.01,-1,-1,-0.01,-1,-1,-0.01,-1,-1,-0.01,-1,-1,-0.01,-1,-1,-0.01,-1,-1,-0.01,-1,-1,-0.01,-1,-1
99926009,2026-05-18 12:05:22+05:30,53011.25,0,0.0,0,0.0,0.0,53282.15,53308.4,52783.45,53710.35,0,0.0,0.0,0.0,0.0,-0.01,-1,-1,-0.01,-1,-1,-0.01,-1,-1,-0.01,-1,-1,-0.01,-1,-1,-0.01,-1,-1,-0.01,-1,-1,-0.01,-1,-1,-0.01,-1,-1,-0.01,-1,-1
99926009,2026-05-18 12:05:23+05:30,53010.0,0,0.0,0,0.0,0.0,53282.15,53308.4,52783.45,53710.35,0,0.0,0.0,0.0,0.0,-0.01,-1,-1,-0.01,-1,-1,-0.01,-1,-1,-0.01,-1,-1,-0.01,-1,-1,-0.01,-1,-1,-0.01,-1,-1,-0.01,-1,-1,-0.01,-1,-1,-0.01,-1,-1
99926009,2026-05-18 12:05:23+05:30,53008.65,0,0.0,0,0.0,0.0,53282.15,53308.4,52783.45,53710.35,0,0.0,0.0,0.0,0.0,-0.01,-1,-1,-0.01,-1,-1,-0.01,-1,-1,-0.01,-1,-1,-0.01,-1,-1,-0.01,-1,-1,-0.01,-1,-1,-0.01,-1,-1,-0.01,-1,-1,-0.01,-1,-1
99926009,2026-05-18 12:05:24+05:30,53009.65,0,0.0,0,0.0,0.0,53282.15,53308.4,52783.45,53710.35,0,0.0,0.0,0.0,0.0,-0.01,-1,-1,-0.01,-1,-1,-0.01,-1,-1,-0.01,-1,-1,-0.01,-1,-1,-0.01,-1,-1,-0.01,-1,-1,-0.01,-1,-1,-0.01,-1,-1,-0.01,-1,-1
99926009,2026-05-18 12:05:24+05:30,53011.95,0,0.0,0,0.0,0.0,53282.15,53308.4,52783.45,53710.35,0,0.0,0.0,0.0,0.0,-0.01,-1,-1,-0.01,-1,-1,-0.01,-1,-1,-0.01,-1,-1,-0.01,-1,-1,-0.01,-1,-1,-0.01,-1,-1,-0.01,-1,-1,-0.01,-1,-1,-0.01,-1,-1
99926009,2026-05-18 12:05:25+05:30,53013.55,0,0.0,0,0.0,0.0,53282.15,53308.4,52783.45,53710.35,0,0.0,0.0,0.0,0.0,-0.01,-1,-1,-0.01,-1,-1,-0.01,-1,-1,-0.01,-1,-1,-0.01,-1,-1,-0.01,-1,-1,-0.01,-1,-1,-0.01,-1,-1,-0.01,-1,-1,-0.01,-1,-1
99926009,2026-05-18 12:05:25+05:30,53013.15,0,0.0,0,0.0,0.0,53282.15,53308.4,52783.45,53710.35,0,0.0,0.0,0.0,0.0,-0.01,-1,-1,-0.01,-1,-1,-0.01,-1,-1,-0.01,-1,-1,-0.01,-1,-1,-0.01,-1,-1,-0.01,-1,-1,-0.01,-1,-1,-0.01,-1,-1,-0.01,-1,-1
99926009,2026-05-18 12:05:26+05:30,53010.2,0,0.0,0,0.0,0.0,53282.15,53308.4,52783.45,53710.35,0,0.0,0.0,0.0,0.0,-0.01,-1,-1,-0.01,-1,-1,-0.01,-1,-1,-0.01,-1,-1,-0.01,-1,-1,-0.01,-1,-1,-0.01,-1,-1,-0.01,-1,-1,-0.01,-1,-1,-0.01,-1,-1
99926009,2026-05-18 12:05:26+05:30,53011.75,0,0.0,0,0.0,0.0,53282.15,53308.4,52783.45,53710.35,0,0.0,0.0,0.0,0.0,-0.01,-1,-1,-0.01,-1,-1,-0.01,-1,-1,-0.01,-1,-1,-0.01,-1,-1,-0.01,-1,-1,-0.01,-1,-1,-0.01,-1,-1,-0.01,-1,-1,-0.01,-1,-1
99926009,2026-05-18 12:05:27+05:30,53010.85,0,0.0,0,0.0,0.0,53282.15,53308.4,52783.45,53710.35,0,0.0,0.0,0.0,0.0,-0.01,-1,-1,-0.01,-1,-1,-0.01,-1,-1,-0.01,-1,-1,-0.01,-1,-1,-0.01,-1,-1,-0.01,-1,-1,-0.01,-1,-1,-0.01,-1,-1,-0.01,-1,-1
99926009,2026-05-18 12:05:27+05:30,53008.85,0,0.0,0,0.0,0.0,53282.15,53308.4,52783.45,53710.35,0,0.0,0.0,0.0,0.0,-0.01,-1,-1,-0.01,-1,-1,-0.01,-1,-1,-0.01,-1,-1,-0.01,-1,-1,-0.01,-1,-1,-0.01,-1,-1,-0.01,-1,-1,-0.01,-1,-1,-0.01,-1,-1
99926009,2026-05-18 12:05:28+05:30,53010.45,0,0.0,0,0.0,0.0,53282.15,53308.4,52783.45,53710.35,0,0.0,0.0,0.0,0.0,-0.01,-1,-1,-0.01,-1,-1,-0.01,-1,-1,-0.01,-1,-1,-0.01,-1,-1,-0.01,-1,-1,-0.01,-1,-1,-0.01,-1,-1,-0.01,-1,-1,-0.01,-1,-1
99926009,2026-05-18 12:05:28+05:30,53010.55,0,0.0,0,0.0,0.0,53282.15,53308.4,52783.45,53710.35,0,0.0,0.0,0.0,0.0,-0.01,-1,-1,-0.01,-1,-1,-0.01,-1,-1,-0.01,-1,-1,-0.01,-1,-1,-0.01,-1,-1,-0.01,-1,-1,-0.01,-1,-1,-0.01,-1,-1,-0.01,-1,-1
99926009,2026-05-18 12:05:29+05:30,53011.35,0,0.0,0,0.0,0.0,53282.15,53308.4,52783.45,53710.35,0,0.0,0.0,0.0,0.0,-0.01,-1,-1,-0.01,-1,-1,-0.01,-1,-1,-0.01,-1,-1,-0.01,-1,-1,-0.01,-1,-1,-0.01,-1,-1,-0.01,-1,-1,-0.01,-1,-1,-0.01,-1,-1
99926009,2026-05-18 12:05:29+05:30,53009.35,0,0.0,0,0.0,0.0,53282.15,53308.4,52783.45,53710.35,0,0.0,0.0,0.0,0.0,-0.01,-1,-1,-0.01,-1,-1,-0.01,-1,-1,-0.01,-1,-1,-0.01,-1,-1,-0.01,-1,-1,-0.01,-1,-1,-0.01,-1,-1,-0.01,-1,-1,-0.01,-1,-1
99926009,2026-05-18 12:05:30+05:30,53008.65,0,0.0,0,0.0,0.0,53282.15,53308.4,52783.45,53710.35,0,0.0,0.0,0.0,0.0,-0.01,-1,-1,-0.01,-1,-1,-0.01,-1,-1,-0.01,-1,-1,-0.01,-1,-1,-0.01,-1,-1,-0.01,-1,-1,-0.01,-1,-1,-0.01,-1,-1,-0.01,-1,-1
99926009,2026-05-18 12:05:30+05:30,53009.35,0,0.0,0,0.0,0.0,53282.15,53308.4,52783.45,53710.35,0,0.0,0.0,0.0,0.0,-0.01,-1,-1,-0.01,-1,-1,-0.01,-1,-1,-0.01,-1,-1,-0.01,-1,-1,-0.01,-1,-1,-0.01,-1,-1,-0.01,-1,-1,-0.01,-1,-1,-0.01,-1,-1
99926009,2026-05-18 12:05:31+05:30,53011.45,0,0.0,0,0.0,0.0,53282.15,53308.4,52783.45,53710.35,0,0.0,0.0,0.0,0.0,-0.01,-1,-1,-0.01,-1,-1,-0.01,-1,-1,-0.01,-1,-1,-0.01,-1,-1,-0.01,-1,-1,-0.01,-1,-1,-0.01,-1,-1,-0.01,-1,-1,-0.01,-1,-1
99926009,2026-05-18 12:05:31+05:30,53012.25,0,0.0,0,0.0,0.0,53282.15,53308.4,52783.45,53710.35,0,0.0,0.0,0.0,0.0,-0.01,-1,-1,-0.01,-1,-1,-0.01,-1,-1,-0.01,-1,-1,-0.01,-1,-1,-0.01,-1,-1,-0.01,-1,-1,-0.01,-1,-1,-0.01,-1,-1,-0.01,-1,-1
99926009,2026-05-18 12:05:32+05:30,53012.9,0,0.0,0,0.0,0.0,53282.15,53308.4,52783.45,53710.35,0,0.0,0.0,0.0,0.0,-0.01,-1,-1,-0.01,-1,-1,-0.01,-1,-1,-0.01,-1,-1,-0.01,-1,-1,-0.01,-1,-1,-0.01,-1,-1,-0.01,-1,-1,-0.01,-1,-1,-0.01,-1,-1
99926009,2026-05-18 12:05:32+05:30,53012.9,0,0.0,0,0.0,0.0,53282.15,53308.4,52783.45,53710.35,0,0.0,0.0,0.0,0.0,-0.01,-1,-1,-0.01,-1,-1,-0.01,-1,-1,-0.01,-1,-1,-0.01,-1,-1,-0.01,-1,-1,-0.01,-1,-1,-0.01,-1,-1,-0.01,-1,-1,-0.01,-1,-1
99926009,2026-05-18 12:05:33+05:30,53015.45,0,0.0,0,0.0,0.0,53282.15,53308.4,52783.45,53710.35,0,0.0,0.0,0.0,0.0,-0.01,-1,-1,-0.01,-1,-1,-0.01,-1,-1,-0.01,-1,-1,-0.01,-1,-1,-0.01,-1,-1,-0.01,-1,-1,-0.01,-1,-1,-0.01,-1,-1,-0.01,-1,-1
99926009,2026-05-18 12:05:33+05:30,53012.4,0,0.0,0,0.0,0.0,53282.15,53308.4,52783.45,53710.35,0,0.0,0.0,0.0,0.0,-0.01,-1,-1,-0.01,-1,-1,-0.01,-1,-1,-0.01,-1,-1,-0.01,-1,-1,-0.01,-1,-1,-0.01,-1,-1,-0.01,-1,-1,-0.01,-1,-1,-0.01,-1,-1
99926009,2026-05-18 12:05:34+05:30,53015.0,0,0.0,0,0.0,0.0,53282.15,53308.4,52783.45,53710.35,0,0.0,0.0,0.0,0.0,-0.01,-1,-1,-0.01,-1,-1,-0.01,-1,-1,-0.01,-1,-1,-0.01,-1,-1,-0.01,-1,-1,-0.01,-1,-1,-0.01,-1,-1,-0.01,-1,-1,-0.01,-1,-1
99926009,2026-05-18 12:05:34+05:30,53014.3,0,0.0,0,0.0,0.0,53282.15,53308.4,52783.45,53710.35,0,0.0,0.0,0.0,0.0,-0.01,-1,-1,-0.01,-1,-1,-0.01,-1,-1,-0.01,-1,-1,-0.01,-1,-1,-0.01,-1,-1,-0.01,-1,-1,-0.01,-1,-1,-0.01,-1,-1,-0.01,-1,-1
99926009,2026-05-18 12:05:35+05:30,53015.4,0,0.0,0,0.0,0.0,53282.15,53308.4,52783.45,53710.35,0,0.0,0.0,0.0,0.0,-0.01,-1,-1,-0.01,-1,-1,-0.01,-1,-1,-0.01,-1,-1,-0.01,-1,-1,-0.01,-1,-1,-0.01,-1,-1,-0.01,-1,-1,-0.01,-1,-1,-0.01,-1,-1
99926009,2026-05-18 12:05:35+05:30,53015.45,0,0.0,0,0.0,0.0,53282.15,53308.4,52783.45,53710.35,0,0.0,0.0,0.0,0.0,-0.01,-1,-1,-0.01,-1,-1,-0.01,-1,-1,-0.01,-1,-1,-0.01,-1,-1,-0.01,-1,-1,-0.01,-1,-1,-0.01,-1,-1,-0.01,-1,-1,-0.01,-1,-1
99926009,2026-05-18 12:05:36+05:30,53013.9,0,0.0,0,0.0,0.0,53282.15,53308.4,52783.45,53710.35,0,0.0,0.0,0.0,0.0,-0.01,-1,-1,-0.01,-1,-1,-0.01,-1,-1,-0.01,-1,-1,-0.01,-1,-1,-0.01,-1,-1,-0.01,-1,-1,-0.01,-1,-1,-0.01,-1,-1,-0.01,-1,-1
99926009,2026-05-18 12:05:36+05:30,53013.6,0,0.0,0,0.0,0.0,53282.15,53308.4,52783.45,53710.35,0,0.0,0.0,0.0,0.0,-0.01,-1,-1,-0.01,-1,-1,-0.01,-1,-1,-0.01,-1,-1,-0.01,-1,-1,-0.01,-1,-1,-0.01,-1,-1,-0.01,-1,-1,-0.01,-1,-1,-0.01,-1,-1
99926009,2026-05-18 12:05:37+05:30,53014.85,0,0.0,0,0.0,0.0,53282.15,53308.4,52783.45,53710.35,0,0.0,0.0,0.0,0.0,-0.01,-1,-1,-0.01,-1,-1,-0.01,-1,-1,-0.01,-1,-1,-0.01,-1,-1,-0.01,-1,-1,-0.01,-1,-1,-0.01,-1,-1,-0.01,-1,-1,-0.01,-1,-1
99926009,2026-05-18 12:05:37+05:30,53014.55,0,0.0,0,0.0,0.0,53282.15,53308.4,52783.45,53710.35,0,0.0,0.0,0.0,0.0,-0.01,-1,-1,-0.01,-1,-1,-0.01,-1,-1,-0.01,-1,-1,-0.01,-1,-1,-0.01,-1,-1,-0.01,-1,-1,-0.01,-1,-1,-0.01,-1,-1,-0.01,-1,-1
99926009,2026-05-18 12:05:38+05:30,53014.1,0,0.0,0,0.0,0.0,53282.15,53308.4,52783.45,53710.35,0,0.0,0.0,0.0,0.0,-0.01,-1,-1,-0.01,-1,-1,-0.01,-1,-1,-0.01,-1,-1,-0.01,-1,-1,-0.01,-1,-1,-0.01,-1,-1,-0.01,-1,-1,-0.01,-1,-1,-0.01,-1,-1
99926009,2026-05-18 12:05:38+05:30,53013.55,0,0.0,0,0.0,0.0,53282.15,53308.4,52783.45,53710.35,0,0.0,0.0,0.0,0.0,-0.01,-1,-1,-0.01,-1,-1,-0.01,-1,-1,-0.01,-1,-1,-0.01,-1,-1,-0.01,-1,-1,-0.01,-1,-1,-0.01,-1,-1,-0.01,-1,-1,-0.01,-1,-1
99926009,2026-05-18 12:05:39+05:30,53014.6,0,0.0,0,0.0,0.0,53282.15,53308.4,52783.45,53710.35,0,0.0,0.0,0.0,0.0,-0.01,-1,-1,-0.01,-1,-1,-0.01,-1,-1,-0.01,-1,-1,-0.01,-1,-1,-0.01,-1,-1,-0.01,-1,-1,-0.01,-1,-1,-0.01,-1,-1,-0.01,-1,-1
99926009,2026-05-18 12:05:39+05:30,53013.65,0,0.0,0,0.0,0.0,53282.15,53308.4,52783.45,53710.35,0,0.0,0.0,0.0,0.0,-0.01,-1,-1,-0.01,-1,-1,-0.01,-1,-1,-0.01,-1,-1,-0.01,-1,-1,-0.01,-1,-1,-0.01,-1,-1,-0.01,-1,-1,-0.01,-1,-1,-0.01,-1,-1
99926009,2026-05-18 12:05:40+05:30,53014.7,0,0.0,0,0.0,0.0,53282.15,53308.4,52783.45,53710.35,0,0.0,0.0,0.0,0.0,-0.01,-1,-1,-0.01,-1,-1,-0.01,-1,-1,-0.01,-1,-1,-0.01,-1,-1,-0.01,-1,-1,-0.01,-1,-1,-0.01,-1,-1,-0.01,-1,-1,-0.01,-1,-1
99926009,2026-05-18 12:05:40+05:30,53011.55,0,0.0,0,0.0,0.0,53282.15,53308.4,52783.45,53710.35,0,0.0,0.0,0.0,0.0,-0.01,-1,-1,-0.01,-1,-1,-0.01,-1,-1,-0.01,-1,-1,-0.01,-1,-1,-0.01,-1,-1,-0.01,-1,-1,-0.01,-1,-1,-0.01,-1,-1,-0.01,-1,-1
99926009,2026-05-18 12:05:41+05:30,53011.35,0,0.0,0,0.0,0.0,53282.15,53308.4,52783.45,53710.35,0,0.0,0.0,0.0,0.0,-0.01,-1,-1,-0.01,-1,-1,-0.01,-1,-1,-0.01,-1,-1,-0.01,-1,-1,-0.01,-1,-1,-0.01,-1,-1,-0.01,-1,-1,-0.01,-1,-1,-0.01,-1,-1
99926009,2026-05-18 12:05:41+05:30,53010.8,0,0.0,0,0.0,0.0,53282.15,53308.4,52783.45,53710.35,0,0.0,0.0,0.0,0.0,-0.01,-1,-1,-0.01,-1,-1,-0.01,-1,-1,-0.01,-1,-1,-0.01,-1,-1,-0.01,-1,-1,-0.01,-1,-1,-0.01,-1,-1,-0.01,-1,-1,-0.01,-1,-1
99926009,2026-05-18 12:05:42+05:30,53007.6,0,0.0,0,0.0,0.0,53282.15,53308.4,52783.45,53710.35,0,0.0,0.0,0.0,0.0,-0.01,-1,-1,-0.01,-1,-1,-0.01,-1,-1,-0.01,-1,-1,-0.01,-1,-1,-0.01,-1,-1,-0.01,-1,-1,-0.01,-1,-1,-0.01,-1,-1,-0.01,-1,-1
99926009,2026-05-18 12:05:42+05:30,53009.9,0,0.0,0,0.0,0.0,53282.15,53308.4,52783.45,53710.35,0,0.0,0.0,0.0,0.0,-0.01,-1,-1,-0.01,-1,-1,-0.01,-1,-1,-0.01,-1,-1,-0.01,-1,-1,-0.01,-1,-1,-0.01,-1,-1,-0.01,-1,-1,-0.01,-1,-1,-0.01,-1,-1
99926009,2026-05-18 12:05:43+05:30,53008.7,0,0.0,0,0.0,0.0,53282.15,53308.4,52783.45,53710.35,0,0.0,0.0,0.0,0.0,-0.01,-1,-1,-0.01,-1,-1,-0.01,-1,-1,-0.01,-1,-1,-0.01,-1,-1,-0.01,-1,-1,-0.01,-1,-1,-0.01,-1,-1,-0.01,-1,-1,-0.01,-1,-1
99926009,2026-05-18 12:05:43+05:30,53007.05,0,0.0,0,0.0,0.0,53282.15,53308.4,52783.45,53710.35,0,0.0,0.0,0.0,0.0,-0.01,-1,-1,-0.01,-1,-1,-0.01,-1,-1,-0.01,-1,-1,-0.01,-1,-1,-0.01,-1,-1,-0.01,-1,-1,-0.01,-1,-1,-0.01,-1,-1,-0.01,-1,-1
99926009,2026-05-18 12:05:44+05:30,53005.85,0,0.0,0,0.0,0.0,53282.15,53308.4,52783.45,53710.35,0,0.0,0.0,0.0,0.0,-0.01,-1,-1,-0.01,-1,-1,-0.01,-1,-1,-0.01,-1,-1,-0.01,-1,-1,-0.01,-1,-1,-0.01,-1,-1,-0.01,-1,-1,-0.01,-1,-1,-0.01,-1,-1
99926009,2026-05-18 12:05:44+05:30,53004.9,0,0.0,0,0.0,0.0,53282.15,53308.4,52783.45,53710.35,0,0.0,0.0,0.0,0.0,-0.01,-1,-1,-0.01,-1,-1,-0.01,-1,-1,-0.01,-1,-1,-0.01,-1,-1,-0.01,-1,-1,-0.01,-1,-1,-0.01,-1,-1,-0.01,-1,-1,-0.01,-1,-1
99926009,2026-05-18 12:05:45+05:30,53006.5,0,0.0,0,0.0,0.0,53282.15,53308.4,52783.45,53710.35,0,0.0,0.0,0.0,0.0,-0.01,-1,-1,-0.01,-1,-1,-0.01,-1,-1,-0.01,-1,-1,-0.01,-1,-1,-0.01,-1,-1,-0.01,-1,-1,-0.01,-1,-1,-0.01,-1,-1,-0.01,-1,-1
99926009,2026-05-18 12:05:45+05:30,53006.55,0,0.0,0,0.0,0.0,53282.15,53308.4,52783.45,53710.35,0,0.0,0.0,0.0,0.0,-0.01,-1,-1,-0.01,-1,-1,-0.01,-1,-1,-0.01,-1,-1,-0.01,-1,-1,-0.01,-1,-1,-0.01,-1,-1,-0.01,-1,-1,-0.01,-1,-1,-0.01,-1,-1
99926009,2026-05-18 12:05:46+05:30,53006.9,0,0.0,0,0.0,0.0,53282.15,53308.4,52783.45,53710.35,0,0.0,0.0,0.0,0.0,-0.01,-1,-1,-0.01,-1,-1,-0.01,-1,-1,-0.01,-1,-1,-0.01,-1,-1,-0.01,-1,-1,-0.01,-1,-1,-0.01,-1,-1,-0.01,-1,-1,-0.01,-1,-1
99926009,2026-05-18 12:05:46+05:30,53008.35,0,0.0,0,0.0,0.0,53282.15,53308.4,52783.45,53710.35,0,0.0,0.0,0.0,0.0,-0.01,-1,-1,-0.01,-1,-1,-0.01,-1,-1,-0.01,-1,-1,-0.01,-1,-1,-0.01,-1,-1,-0.01,-1,-1,-0.01,-1,-1,-0.01,-1,-1,-0.01,-1,-1
99926009,2026-05-18 12:05:47+05:30,53003.45,0,0.0,0,0.0,0.0,53282.15,53308.4,52783.45,53710.35,0,0.0,0.0,0.0,0.0,-0.01,-1,-1,-0.01,-1,-1,-0.01,-1,-1,-0.01,-1,-1,-0.01,-1,-1,-0.01,-1,-1,-0.01,-1,-1,-0.01,-1,-1,-0.01,-1,-1,-0.01,-1,-1
99926009,2026-05-18 12:05:47+05:30,53000.4,0,0.0,0,0.0,0.0,53282.15,53308.4,52783.45,53710.35,0,0.0,0.0,0.0,0.0,-0.01,-1,-1,-0.01,-1,-1,-0.01,-1,-1,-0.01,-1,-1,-0.01,-1,-1,-0.01,-1,-1,-0.01,-1,-1,-0.01,-1,-1,-0.01,-1,-1,-0.01,-1,-1
99926009,2026-05-18 12:05:48+05:30,53000.25,0,0.0,0,0.0,0.0,53282.15,53308.4,52783.45,53710.35,0,0.0,0.0,0.0,0.0,-0.01,-1,-1,-0.01,-1,-1,-0.01,-1,-1,-0.01,-1,-1,-0.01,-1,-1,-0.01,-1,-1,-0.01,-1,-1,-0.01,-1,-1,-0.01,-1,-1,-0.01,-1,-1
99926009,2026-05-18 12:05:48+05:30,53002.7,0,0.0,0,0.0,0.0,53282.15,53308.4,52783.45,53710.35,0,0.0,0.0,0.0,0.0,-0.01,-1,-1,-0.01,-1,-1,-0.01,-1,-1,-0.01,-1,-1,-0.01,-1,-1,-0.01,-1,-1,-0.01,-1,-1,-0.01,-1,-1,-0.01,-1,-1,-0.01,-1,-1
99926009,2026-05-18 12:05:49+05:30,53003.25,0,0.0,0,0.0,0.0,53282.15,53308.4,52783.45,53710.35,0,0.0,0.0,0.0,0.0,-0.01,-1,-1,-0.01,-1,-1,-0.01,-1,-1,-0.01,-1,-1,-0.01,-1,-1,-0.01,-1,-1,-0.01,-1,-1,-0.01,-1,-1,-0.01,-1,-1,-0.01,-1,-1
99926009,2026-05-18 12:05:49+05:30,53003.05,0,0.0,0,0.0,0.0,53282.15,53308.4,52783.45,53710.35,0,0.0,0.0,0.0,0.0,-0.01,-1,-1,-0.01,-1,-1,-0.01,-1,-1,-0.01,-1,-1,-0.01,-1,-1,-0.01,-1,-1,-0.01,-1,-1,-0.01,-1,-1,-0.01,-1,-1,-0.01,-1,-1
99926009,2026-05-18 12:05:50+05:30,53005.8,0,0.0,0,0.0,0.0,53282.15,53308.4,52783.45,53710.35,0,0.0,0.0,0.0,0.0,-0.01,-1,-1,-0.01,-1,-1,-0.01,-1,-1,-0.01,-1,-1,-0.01,-1,-1,-0.01,-1,-1,-0.01,-1,-1,-0.01,-1,-1,-0.01,-1,-1,-0.01,-1,-1
99926009,2026-05-18 12:05:50+05:30,53003.6,0,0.0,0,0.0,0.0,53282.15,53308.4,52783.45,53710.35,0,0.0,0.0,0.0,0.0,-0.01,-1,-1,-0.01,-1,-1,-0.01,-1,-1,-0.01,-1,-1,-0.01,-1,-1,-0.01,-1,-1,-0.01,-1,-1,-0.01,-1,-1,-0.01,-1,-1,-0.01,-1,-1
99926009,2026-05-18 12:05:51+05:30,53003.75,0,0.0,0,0.0,0.0,53282.15,53308.4,52783.45,53710.35,0,0.0,0.0,0.0,0.0,-0.01,-1,-1,-0.01,-1,-1,-0.01,-1,-1,-0.01,-1,-1,-0.01,-1,-1,-0.01,-1,-1,-0.01,-1,-1,-0.01,-1,-1,-0.01,-1,-1,-0.01,-1,-1
99926009,2026-05-18 12:05:51+05:30,53004.2,0,0.0,0,0.0,0.0,53282.15,53308.4,52783.45,53710.35,0,0.0,0.0,0.0,0.0,-0.01,-1,-1,-0.01,-1,-1,-0.01,-1,-1,-0.01,-1,-1,-0.01,-1,-1,-0.01,-1,-1,-0.01,-1,-1,-0.01,-1,-1,-0.01,-1,-1,-0.01,-1,-1
99926009,2026-05-18 12:05:52+05:30,53001.65,0,0.0,0,0.0,0.0,53282.15,53308.4,52783.45,53710.35,0,0.0,0.0,0.0,0.0,-0.01,-1,-1,-0.01,-1,-1,-0.01,-1,-1,-0.01,-1,-1,-0.01,-1,-1,-0.01,-1,-1,-0.01,-1,-1,-0.01,-1,-1,-0.01,-1,-1,-0.01,-1,-1
99926009,2026-05-18 12:05:52+05:30,53002.35,0,0.0,0,0.0,0.0,53282.15,53308.4,52783.45,53710.35,0,0.0,0.0,0.0,0.0,-0.01,-1,-1,-0.01,-1,-1,-0.01,-1,-1,-0.01,-1,-1,-0.01,-1,-1,-0.01,-1,-1,-0.01,-1,-1,-0.01,-1,-1,-0.01,-1,-1,-0.01,-1,-1
99926009,2026-05-18 12:05:53+05:30,53004.4,0,0.0,0,0.0,0.0,53282.15,53308.4,52783.45,53710.35,0,0.0,0.0,0.0,0.0,-0.01,-1,-1,-0.01,-1,-1,-0.01,-1,-1,-0.01,-1,-1,-0.01,-1,-1,-0.01,-1,-1,-0.01,-1,-1,-0.01,-1,-1,-0.01,-1,-1,-0.01,-1,-1
99926009,2026-05-18 12:05:53+05:30,53006.35,0,0.0,0,0.0,0.0,53282.15,53308.4,52783.45,53710.35,0,0.0,0.0,0.0,0.0,-0.01,-1,-1,-0.01,-1,-1,-0.01,-1,-1,-0.01,-1,-1,-0.01,-1,-1,-0.01,-1,-1,-0.01,-1,-1,-0.01,-1,-1,-0.01,-1,-1,-0.01,-1,-1
99926009,2026-05-18 12:05:54+05:30,53005.3,0,0.0,0,0.0,0.0,53282.15,53308.4,52783.45,53710.35,0,0.0,0.0,0.0,0.0,-0.01,-1,-1,-0.01,-1,-1,-0.01,-1,-1,-0.01,-1,-1,-0.01,-1,-1,-0.01,-1,-1,-0.01,-1,-1,-0.01,-1,-1,-0.01,-1,-1,-0.01,-1,-1
99926009,2026-05-18 12:05:54+05:30,53007.4,0,0.0,0,0.0,0.0,53282.15,53308.4,52783.45,53710.35,0,0.0,0.0,0.0,0.0,-0.01,-1,-1,-0.01,-1,-1,-0.01,-1,-1,-0.01,-1,-1,-0.01,-1,-1,-0.01,-1,-1,-0.01,-1,-1,-0.01,-1,-1,-0.01,-1,-1,-0.01,-1,-1
99926009,2026-05-18 12:05:55+05:30,53008.6,0,0.0,0,0.0,0.0,53282.15,53308.4,52783.45,53710.35,0,0.0,0.0,0.0,0.0,-0.01,-1,-1,-0.01,-1,-1,-0.01,-1,-1,-0.01,-1,-1,-0.01,-1,-1,-0.01,-1,-1,-0.01,-1,-1,-0.01,-1,-1,-0.01,-1,-1,-0.01,-1,-1
99926009,2026-05-18 12:05:55+05:30,53007.95,0,0.0,0,0.0,0.0,53282.15,53308.4,52783.45,53710.35,0,0.0,0.0,0.0,0.0,-0.01,-1,-1,-0.01,-1,-1,-0.01,-1,-1,-0.01,-1,-1,-0.01,-1,-1,-0.01,-1,-1,-0.01,-1,-1,-0.01,-1,-1,-0.01,-1,-1,-0.01,-1,-1
99926009,2026-05-18 12:05:56+05:30,53006.8,0,0.0,0,0.0,0.0,53282.15,53308.4,52783.45,53710.35,0,0.0,0.0,0.0,0.0,-0.01,-1,-1,-0.01,-1,-1,-0.01,-1,-1,-0.01,-1,-1,-0.01,-1,-1,-0.01,-1,-1,-0.01,-1,-1,-0.01,-1,-1,-0.01,-1,-1,-0.01,-1,-1
99926009,2026-05-18 12:05:56+05:30,53004.1,0,0.0,0,0.0,0.0,53282.15,53308.4,52783.45,53710.35,0,0.0,0.0,0.0,0.0,-0.01,-1,-1,-0.01,-1,-1,-0.01,-1,-1,-0.01,-1,-1,-0.01,-1,-1,-0.01,-1,-1,-0.01,-1,-1,-0.01,-1,-1,-0.01,-1,-1,-0.01,-1,-1
99926009,2026-05-18 12:05:57+05:30,53008.0,0,0.0,0,0.0,0.0,53282.15,53308.4,52783.45,53710.35,0,0.0,0.0,0.0,0.0,-0.01,-1,-1,-0.01,-1,-1,-0.01,-1,-1,-0.01,-1,-1,-0.01,-1,-1,-0.01,-1,-1,-0.01,-1,-1,-0.01,-1,-1,-0.01,-1,-1,-0.01,-1,-1
99926009,2026-05-18 12:05:57+05:30,53002.75,0,0.0,0,0.0,0.0,53282.15,53308.4,52783.45,53710.35,0,0.0,0.0,0.0,0.0,-0.01,-1,-1,-0.01,-1,-1,-0.01,-1,-1,-0.01,-1,-1,-0.01,-1,-1,-0.01,-1,-1,-0.01,-1,-1,-0.01,-1,-1,-0.01,-1,-1,-0.01,-1,-1
99926009,2026-05-18 12:05:58+05:30,53004.6,0,0.0,0,0.0,0.0,53282.15,53308.4,52783.45,53710.35,0,0.0,0.0,0.0,0.0,-0.01,-1,-1,-0.01,-1,-1,-0.01,-1,-1,-0.01,-1,-1,-0.01,-1,-1,-0.01,-1,-1,-0.01,-1,-1,-0.01,-1,-1,-0.01,-1,-1,-0.01,-1,-1
99926009,2026-05-18 12:05:58+05:30,53005.55,0,0.0,0,0.0,0.0,53282.15,53308.4,52783.45,53710.35,0,0.0,0.0,0.0,0.0,-0.01,-1,-1,-0.01,-1,-1,-0.01,-1,-1,-0.01,-1,-1,-0.01,-1,-1,-0.01,-1,-1,-0.01,-1,-1,-0.01,-1,-1,-0.01,-1,-1,-0.01,-1,-1
99926009,2026-05-18 12:05:59+05:30,53000.65,0,0.0,0,0.0,0.0,53282.15,53308.4,52783.45,53710.35,0,0.0,0.0,0.0,0.0,-0.01,-1,-1,-0.01,-1,-1,-0.01,-1,-1,-0.01,-1,-1,-0.01,-1,-1,-0.01,-1,-1,-0.01,-1,-1,-0.01,-1,-1,-0.01,-1,-1,-0.01,-1,-1
99926009,2026-05-18 12:05:59+05:30,53003.4,0,0.0,0,0.0,0.0,53282.15,53308.4,52783.45,53710.35,0,0.0,0.0,0.0,0.0,-0.01,-1,-1,-0.01,-1,-1,-0.01,-1,-1,-0.01,-1,-1,-0.01,-1,-1,-0.01,-1,-1,-0.01,-1,-1,-0.01,-1,-1,-0.01,-1,-1,-0.01,-1,-1
99926009,2026-05-18 12:06:00+05:30,53002.75,0,0.0,0,0.0,0.0,53282.15,53308.4,52783.45,53710.35,0,0.0,0.0,0.0,0.0,-0.01,-1,-1,-0.01,-1,-1,-0.01,-1,-1,-0.01,-1,-1,-0.01,-1,-1,-0.01,-1,-1,-0.01,-1,-1,-0.01,-1,-1,-0.01,-1,-1,-0.01,-1,-1
99926009,2026-05-18 12:06:00+05:30,53000.0,0,0.0,0,0.0,0.0,53282.15,53308.4,52783.45,53710.35,0,0.0,0.0,0.0,0.0,-0.01,-1,-1,-0.01,-1,-1,-0.01,-1,-1,-0.01,-1,-1,-0.01,-1,-1,-0.01,-1,-1,-0.01,-1,-1,-0.01,-1,-1,-0.01,-1,-1,-0.01,-1,-1
99926009,2026-05-18 12:06:01+05:30,53000.65,0,0.0,0,0.0,0.0,53282.15,53308.4,52783.45,53710.35,0,0.0,0.0,0.0,0.0,-0.01,-1,-1,-0.01,-1,-1,-0.01,-1,-1,-0.01,-1,-1,-0.01,-1,-1,-0.01,-1,-1,-0.01,-1,-1,-0.01,-1,-1,-0.01,-1,-1,-0.01,-1,-1
99926009,2026-05-18 12:06:01+05:30,53002.75,0,0.0,0,0.0,0.0,53282.15,53308.4,52783.45,53710.35,0,0.0,0.0,0.0,0.0,-0.01,-1,-1,-0.01,-1,-1,-0.01,-1,-1,-0.01,-1,-1,-0.01,-1,-1,-0.01,-1,-1,-0.01,-1,-1,-0.01,-1,-1,-0.01,-1,-1,-0.01,-1,-1
99926009,2026-05-18 12:06:02+05:30,53000.65,0,0.0,0,0.0,0.0,53282.15,53308.4,52783.45,53710.35,0,0.0,0.0,0.0,0.0,-0.01,-1,-1,-0.01,-1,-1,-0.01,-1,-1,-0.01,-1,-1,-0.01,-1,-1,-0.01,-1,-1,-0.01,-1,-1,-0.01,-1,-1,-0.01,-1,-1,-0.01,-1,-1
99926009,2026-05-18 12:06:02+05:30,53002.05,0,0.0,0,0.0,0.0,53282.15,53308.4,52783.45,53710.35,0,0.0,0.0,0.0,0.0,-0.01,-1,-1,-0.01,-1,-1,-0.01,-1,-1,-0.01,-1,-1,-0.01,-1,-1,-0.01,-1,-1,-0.01,-1,-1,-0.01,-1,-1,-0.01,-1,-1,-0.01,-1,-1
99926009,2026-05-18 12:06:03+05:30,53003.15,0,0.0,0,0.0,0.0,53282.15,53308.4,52783.45,53710.35,0,0.0,0.0,0.0,0.0,-0.01,-1,-1,-0.01,-1,-1,-0.01,-1,-1,-0.01,-1,-1,-0.01,-1,-1,-0.01,-1,-1,-0.01,-1,-1,-0.01,-1,-1,-0.01,-1,-1,-0.01,-1,-1
99926009,2026-05-18 12:06:03+05:30,53001.05,0,0.0,0,0.0,0.0,53282.15,53308.4,52783.45,53710.35,0,0.0,0.0,0.0,0.0,-0.01,-1,-1,-0.01,-1,-1,-0.01,-1,-1,-0.01,-1,-1,-0.01,-1,-1,-0.01,-1,-1,-0.01,-1,-1,-0.01,-1,-1,-0.01,-1,-1,-0.01,-1,-1
99926009,2026-05-18 12:06:04+05:30,53002.45,0,0.0,0,0.0,0.0,53282.15,53308.4,52783.45,53710.35,0,0.0,0.0,0.0,0.0,-0.01,-1,-1,-0.01,-1,-1,-0.01,-1,-1,-0.01,-1,-1,-0.01,-1,-1,-0.01,-1,-1,-0.01,-1,-1,-0.01,-1,-1,-0.01,-1,-1,-0.01,-1,-1
99926009,2026-05-18 12:06:04+05:30,53002.8,0,0.0,0,0.0,0.0,53282.15,53308.4,52783.45,53710.35,0,0.0,0.0,0.0,0.0,-0.01,-1,-1,-0.01,-1,-1,-0.01,-1,-1,-0.01,-1,-1,-0.01,-1,-1,-0.01,-1,-1,-0.01,-1,-1,-0.01,-1,-1,-0.01,-1,-1,-0.01,-1,-1
99926009,2026-05-18 12:06:05+05:30,53002.85,0,0.0,0,0.0,0.0,53282.15,53308.4,52783.45,53710.35,0,0.0,0.0,0.0,0.0,-0.01,-1,-1,-0.01,-1,-1,-0.01,-1,-1,-0.01,-1,-1,-0.01,-1,-1,-0.01,-1,-1,-0.01,-1,-1,-0.01,-1,-1,-0.01,-1,-1,-0.01,-1,-1
99926009,2026-05-18 12:06:05+05:30,53002.0,0,0.0,0,0.0,0.0,53282.15,53308.4,52783.45,53710.35,0,0.0,0.0,0.0,0.0,-0.01,-1,-1,-0.01,-1,-1,-0.01,-1,-1,-0.01,-1,-1,-0.01,-1,-1,-0.01,-1,-1,-0.01,-1,-1,-0.01,-1,-1,-0.01,-1,-1,-0.01,-1,-1
99926009,2026-05-18 12:06:06+05:30,53004.7,0,0.0,0,0.0,0.0,53282.15,53308.4,52783.45,53710.35,0,0.0,0.0,0.0,0.0,-0.01,-1,-1,-0.01,-1,-1,-0.01,-1,-1,-0.01,-1,-1,-0.01,-1,-1,-0.01,-1,-1,-0.01,-1,-1,-0.01,-1,-1,-0.01,-1,-1,-0.01,-1,-1
99926009,2026-05-18 12:06:06+05:30,53002.25,0,0.0,0,0.0,0.0,53282.15,53308.4,52783.45,53710.35,0,0.0,0.0,0.0,0.0,-0.01,-1,-1,-0.01,-1,-1,-0.01,-1,-1,-0.01,-1,-1,-0.01,-1,-1,-0.01,-1,-1,-0.01,-1,-1,-0.01,-1,-1,-0.01,-1,-1,-0.01,-1,-1
99926009,2026-05-18 12:06:07+05:30,53001.35,0,0.0,0,0.0,0.0,53282.15,53308.4,52783.45,53710.35,0,0.0,0.0,0.0,0.0,-0.01,-1,-1,-0.01,-1,-1,-0.01,-1,-1,-0.01,-1,-1,-0.01,-1,-1,-0.01,-1,-1,-0.01,-1,-1,-0.01,-1,-1,-0.01,-1,-1,-0.01,-1,-1
99926009,2026-05-18 12:06:07+05:30,52999.8,0,0.0,0,0.0,0.0,53282.15,53308.4,52783.45,53710.35,0,0.0,0.0,0.0,0.0,-0.01,-1,-1,-0.01,-1,-1,-0.01,-1,-1,-0.01,-1,-1,-0.01,-1,-1,-0.01,-1,-1,-0.01,-1,-1,-0.01,-1,-1,-0.01,-1,-1,-0.01,-1,-1
99926009,2026-05-18 12:06:08+05:30,53003.4,0,0.0,0,0.0,0.0,53282.15,53308.4,52783.45,53710.35,0,0.0,0.0,0.0,0.0,-0.01,-1,-1,-0.01,-1,-1,-0.01,-1,-1,-0.01,-1,-1,-0.01,-1,-1,-0.01,-1,-1,-0.01,-1,-1,-0.01,-1,-1,-0.01,-1,-1,-0.01,-1,-1
99926009,2026-05-18 12:06:08+05:30,53002.2,0,0.0,0,0.0,0.0,53282.15,53308.4,52783.45,53710.35,0,0.0,0.0,0.0,0.0,-0.01,-1,-1,-0.01,-1,-1,-0.01,-1,-1,-0.01,-1,-1,-0.01,-1,-1,-0.01,-1,-1,-0.01,-1,-1,-0.01,-1,-1,-0.01,-1,-1,-0.01,-1,-1
99926009,2026-05-18 12:06:09+05:30,53002.45,0,0.0,0,0.0,0.0,53282.15,53308.4,52783.45,53710.35,0,0.0,0.0,0.0,0.0,-0.01,-1,-1,-0.01,-1,-1,-0.01,-1,-1,-0.01,-1,-1,-0.01,-1,-1,-0.01,-1,-1,-0.01,-1,-1,-0.01,-1,-1,-0.01,-1,-1,-0.01,-1,-1
99926009,2026-05-18 12:06:09+05:30,53002.6,0,0.0,0,0.0,0.0,53282.15,53308.4,52783.45,53710.35,0,0.0,0.0,0.0,0.0,-0.01,-1,-1,-0.01,-1,-1,-0.01,-1,-1,-0.01,-1,-1,-0.01,-1,-1,-0.01,-1,-1,-0.01,-1,-1,-0.01,-1,-1,-0.01,-1,-1,-0.01,-1,-1
99926009,2026-05-18 12:06:10+05:30,53003.95,0,0.0,0,0.0,0.0,53282.15,53308.4,52783.45,53710.35,0,0.0,0.0,0.0,0.0,-0.01,-1,-1,-0.01,-1,-1,-0.01,-1,-1,-0.01,-1,-1,-0.01,-1,-1,-0.01,-1,-1,-0.01,-1,-1,-0.01,-1,-1,-0.01,-1,-1,-0.01,-1,-1
99926009,2026-05-18 12:06:10+05:30,53000.4,0,0.0,0,0.0,0.0,53282.15,53308.4,52783.45,53710.35,0,0.0,0.0,0.0,0.0,-0.01,-1,-1,-0.01,-1,-1,-0.01,-1,-1,-0.01,-1,-1,-0.01,-1,-1,-0.01,-1,-1,-0.01,-1,-1,-0.01,-1,-1,-0.01,-1,-1,-0.01,-1,-1
99926009,2026-05-18 12:06:11+05:30,53000.6,0,0.0,0,0.0,0.0,53282.15,53308.4,52783.45,53710.35,0,0.0,0.0,0.0,0.0,-0.01,-1,-1,-0.01,-1,-1,-0.01,-1,-1,-0.01,-1,-1,-0.01,-1,-1,-0.01,-1,-1,-0.01,-1,-1,-0.01,-1,-1,-0.01,-1,-1,-0.01,-1,-1
99926009,2026-05-18 12:06:11+05:30,53001.5,0,0.0,0,0.0,0.0,53282.15,53308.4,52783.45,53710.35,0,0.0,0.0,0.0,0.0,-0.01,-1,-1,-0.01,-1,-1,-0.01,-1,-1,-0.01,-1,-1,-0.01,-1,-1,-0.01,-1,-1,-0.01,-1,-1,-0.01,-1,-1,-0.01,-1,-1,-0.01,-1,-1
99926009,2026-05-18 12:06:12+05:30,52998.4,0,0.0,0,0.0,0.0,53282.15,53308.4,52783.45,53710.35,0,0.0,0.0,0.0,0.0,-0.01,-1,-1,-0.01,-1,-1,-0.01,-1,-1,-0.01,-1,-1,-0.01,-1,-1,-0.01,-1,-1,-0.01,-1,-1,-0.01,-1,-1,-0.01,-1,-1,-0.01,-1,-1
99926009,2026-05-18 12:06:12+05:30,53000.9,0,0.0,0,0.0,0.0,53282.15,53308.4,52783.45,53710.35,0,0.0,0.0,0.0,0.0,-0.01,-1,-1,-0.01,-1,-1,-0.01,-1,-1,-0.01,-1,-1,-0.01,-1,-1,-0.01,-1,-1,-0.01,-1,-1,-0.01,-1,-1,-0.01,-1,-1,-0.01,-1,-1
99926009,2026-05-18 12:06:13+05:30,53001.3,0,0.0,0,0.0,0.0,53282.15,53308.4,52783.45,53710.35,0,0.0,0.0,0.0,0.0,-0.01,-1,-1,-0.01,-1,-1,-0.01,-1,-1,-0.01,-1,-1,-0.01,-1,-1,-0.01,-1,-1,-0.01,-1,-1,-0.01,-1,-1,-0.01,-1,-1,-0.01,-1,-1
99926009,2026-05-18 12:06:13+05:30,52999.25,0,0.0,0,0.0,0.0,53282.15,53308.4,52783.45,53710.35,0,0.0,0.0,0.0,0.0,-0.01,-1,-1,-0.01,-1,-1,-0.01,-1,-1,-0.01,-1,-1,-0.01,-1,-1,-0.01,-1,-1,-0.01,-1,-1,-0.01,-1,-1,-0.01,-1,-1,-0.01,-1,-1
99926009,2026-05-18 12:06:14+05:30,52998.45,0,0.0,0,0.0,0.0,53282.15,53308.4,52783.45,53710.35,0,0.0,0.0,0.0,0.0,-0.01,-1,-1,-0.01,-1,-1,-0.01,-1,-1,-0.01,-1,-1,-0.01,-1,-1,-0.01,-1,-1,-0.01,-1,-1,-0.01,-1,-1,-0.01,-1,-1,-0.01,-1,-1
99926009,2026-05-18 12:06:14+05:30,52998.7,0,0.0,0,0.0,0.0,53282.15,53308.4,52783.45,53710.35,0,0.0,0.0,0.0,0.0,-0.01,-1,-1,-0.01,-1,-1,-0.01,-1,-1,-0.01,-1,-1,-0.01,-1,-1,-0.01,-1,-1,-0.01,-1,-1,-0.01,-1,-1,-0.01,-1,-1,-0.01,-1,-1
99926009,2026-05-18 12:06:15+05:30,53000.85,0,0.0,0,0.0,0.0,53282.15,53308.4,52783.45,53710.35,0,0.0,0.0,0.0,0.0,-0.01,-1,-1,-0.01,-1,-1,-0.01,-1,-1,-0.01,-1,-1,-0.01,-1,-1,-0.01,-1,-1,-0.01,-1,-1,-0.01,-1,-1,-0.01,-1,-1,-0.01,-1,-1
99926009,2026-05-18 12:06:15+05:30,53002.7,0,0.0,0,0.0,0.0,53282.15,53308.4,52783.45,53710.35,0,0.0,0.0,0.0,0.0,-0.01,-1,-1,-0.01,-1,-1,-0.01,-1,-1,-0.01,-1,-1,-0.01,-1,-1,-0.01,-1,-1,-0.01,-1,-1,-0.01,-1,-1,-0.01,-1,-1,-0.01,-1,-1
99926009,2026-05-18 12:06:16+05:30,53000.8,0,0.0,0,0.0,0.0,53282.15,53308.4,52783.45,53710.35,0,0.0,0.0,0.0,0.0,-0.01,-1,-1,-0.01,-1,-1,-0.01,-1,-1,-0.01,-1,-1,-0.01,-1,-1,-0.01,-1,-1,-0.01,-1,-1,-0.01,-1,-1,-0.01,-1,-1,-0.01,-1,-1
99926009,2026-05-18 12:06:16+05:30,53004.55,0,0.0,0,0.0,0.0,53282.15,53308.4,52783.45,53710.35,0,0.0,0.0,0.0,0.0,-0.01,-1,-1,-0.01,-1,-1,-0.01,-1,-1,-0.01,-1,-1,-0.01,-1,-1,-0.01,-1,-1,-0.01,-1,-1,-0.01,-1,-1,-0.01,-1,-1,-0.01,-1,-1
99926009,2026-05-18 12:06:17+05:30,53005.05,0,0.0,0,0.0,0.0,53282.15,53308.4,52783.45,53710.35,0,0.0,0.0,0.0,0.0,-0.01,-1,-1,-0.01,-1,-1,-0.01,-1,-1,-0.01,-1,-1,-0.01,-1,-1,-0.01,-1,-1,-0.01,-1,-1,-0.01,-1,-1,-0.01,-1,-1,-0.01,-1,-1
99926009,2026-05-18 12:06:17+05:30,53002.55,0,0.0,0,0.0,0.0,53282.15,53308.4,52783.45,53710.35,0,0.0,0.0,0.0,0.0,-0.01,-1,-1,-0.01,-1,-1,-0.01,-1,-1,-0.01,-1,-1,-0.01,-1,-1,-0.01,-1,-1,-0.01,-1,-1,-0.01,-1,-1,-0.01,-1,-1,-0.01,-1,-1
99926009,2026-05-18 12:06:18+05:30,53002.9,0,0.0,0,0.0,0.0,53282.15,53308.4,52783.45,53710.35,0,0.0,0.0,0.0,0.0,-0.01,-1,-1,-0.01,-1,-1,-0.01,-1,-1,-0.01,-1,-1,-0.01,-1,-1,-0.01,-1,-1,-0.01,-1,-1,-0.01,-1,-1,-0.01,-1,-1,-0.01,-1,-1
99926009,2026-05-18 12:06:18+05:30,53002.65,0,0.0,0,0.0,0.0,53282.15,53308.4,52783.45,53710.35,0,0.0,0.0,0.0,0.0,-0.01,-1,-1,-0.01,-1,-1,-0.01,-1,-1,-0.01,-1,-1,-0.01,-1,-1,-0.01,-1,-1,-0.01,-1,-1,-0.01,-1,-1,-0.01,-1,-1,-0.01,-1,-1
99926009,2026-05-18 12:06:19+05:30,53002.1,0,0.0,0,0.0,0.0,53282.15,53308.4,52783.45,53710.35,0,0.0,0.0,0.0,0.0,-0.01,-1,-1,-0.01,-1,-1,-0.01,-1,-1,-0.01,-1,-1,-0.01,-1,-1,-0.01,-1,-1,-0.01,-1,-1,-0.01,-1,-1,-0.01,-1,-1,-0.01,-1,-1
99926009,2026-05-18 12:06:19+05:30,53002.75,0,0.0,0,0.0,0.0,53282.15,53308.4,52783.45,53710.35,0,0.0,0.0,0.0,0.0,-0.01,-1,-1,-0.01,-1,-1,-0.01,-1,-1,-0.01,-1,-1,-0.01,-1,-1,-0.01,-1,-1,-0.01,-1,-1,-0.01,-1,-1,-0.01,-1,-1,-0.01,-1,-1
99926009,2026-05-18 12:06:20+05:30,53007.65,0,0.0,0,0.0,0.0,53282.15,53308.4,52783.45,53710.35,0,0.0,0.0,0.0,0.0,-0.01,-1,-1,-0.01,-1,-1,-0.01,-1,-1,-0.01,-1,-1,-0.01,-1,-1,-0.01,-1,-1,-0.01,-1,-1,-0.01,-1,-1,-0.01,-1,-1,-0.01,-1,-1
99926009,2026-05-18 12:06:20+05:30,53003.4,0,0.0,0,0.0,0.0,53282.15,53308.4,52783.45,53710.35,0,0.0,0.0,0.0,0.0,-0.01,-1,-1,-0.01,-1,-1,-0.01,-1,-1,-0.01,-1,-1,-0.01,-1,-1,-0.01,-1,-1,-0.01,-1,-1,-0.01,-1,-1,-0.01,-1,-1,-0.01,-1,-1
99926009,2026-05-18 12:06:21+05:30,52999.35,0,0.0,0,0.0,0.0,53282.15,53308.4,52783.45,53710.35,0,0.0,0.0,0.0,0.0,-0.01,-1,-1,-0.01,-1,-1,-0.01,-1,-1,-0.01,-1,-1,-0.01,-1,-1,-0.01,-1,-1,-0.01,-1,-1,-0.01,-1,-1,-0.01,-1,-1,-0.01,-1,-1
99926009,2026-05-18 12:06:21+05:30,53002.3,0,0.0,0,0.0,0.0,53282.15,53308.4,52783.45,53710.35,0,0.0,0.0,0.0,0.0,-0.01,-1,-1,-0.01,-1,-1,-0.01,-1,-1,-0.01,-1,-1,-0.01,-1,-1,-0.01,-1,-1,-0.01,-1,-1,-0.01,-1,-1,-0.01,-1,-1,-0.01,-1,-1
99926009,2026-05-18 12:06:22+05:30,53002.45,0,0.0,0,0.0,0.0,53282.15,53308.4,52783.45,53710.35,0,0.0,0.0,0.0,0.0,-0.01,-1,-1,-0.01,-1,-1,-0.01,-1,-1,-0.01,-1,-1,-0.01,-1,-1,-0.01,-1,-1,-0.01,-1,-1,-0.01,-1,-1,-0.01,-1,-1,-0.01,-1,-1
99926009,2026-05-18 12:06:22+05:30,53003.05,0,0.0,0,0.0,0.0,53282.15,53308.4,52783.45,53710.35,0,0.0,0.0,0.0,0.0,-0.01,-1,-1,-0.01,-1,-1,-0.01,-1,-1,-0.01,-1,-1,-0.01,-1,-1,-0.01,-1,-1,-0.01,-1,-1,-0.01,-1,-1,-0.01,-1,-1,-0.01,-1,-1
99926009,2026-05-18 12:06:23+05:30,53002.6,0,0.0,0,0.0,0.0,53282.15,53308.4,52783.45,53710.35,0,0.0,0.0,0.0,0.0,-0.01,-1,-1,-0.01,-1,-1,-0.01,-1,-1,-0.01,-1,-1,-0.01,-1,-1,-0.01,-1,-1,-0.01,-1,-1,-0.01,-1,-1,-0.01,-1,-1,-0.01,-1,-1
99926009,2026-05-18 12:06:23+05:30,53003.65,0,0.0,0,0.0,0.0,53282.15,53308.4,52783.45,53710.35,0,0.0,0.0,0.0,0.0,-0.01,-1,-1,-0.01,-1,-1,-0.01,-1,-1,-0.01,-1,-1,-0.01,-1,-1,-0.01,-1,-1,-0.01,-1,-1,-0.01,-1,-1,-0.01,-1,-1,-0.01,-1,-1
99926009,2026-05-18 12:06:24+05:30,53002.65,0,0.0,0,0.0,0.0,53282.15,53308.4,52783.45,53710.35,0,0.0,0.0,0.0,0.0,-0.01,-1,-1,-0.01,-1,-1,-0.01,-1,-1,-0.01,-1,-1,-0.01,-1,-1,-0.01,-1,-1,-0.01,-1,-1,-0.01,-1,-1,-0.01,-1,-1,-0.01,-1,-1
99926009,2026-05-18 12:06:24+05:30,53001.4,0,0.0,0,0.0,0.0,53282.15,53308.4,52783.45,53710.35,0,0.0,0.0,0.0,0.0,-0.01,-1,-1,-0.01,-1,-1,-0.01,-1,-1,-0.01,-1,-1,-0.01,-1,-1,-0.01,-1,-1,-0.01,-1,-1,-0.01,-1,-1,-0.01,-1,-1,-0.01,-1,-1
99926009,2026-05-18 12:06:25+05:30,53004.2,0,0.0,0,0.0,0.0,53282.15,53308.4,52783.45,53710.35,0,0.0,0.0,0.0,0.0,-0.01,-1,-1,-0.01,-1,-1,-0.01,-1,-1,-0.01,-1,-1,-0.01,-1,-1,-0.01,-1,-1,-0.01,-1,-1,-0.01,-1,-1,-0.01,-1,-1,-0.01,-1,-1
99926009,2026-05-18 12:06:25+05:30,53002.05,0,0.0,0,0.0,0.0,53282.15,53308.4,52783.45,53710.35,0,0.0,0.0,0.0,0.0,-0.01,-1,-1,-0.01,-1,-1,-0.01,-1,-1,-0.01,-1,-1,-0.01,-1,-1,-0.01,-1,-1,-0.01,-1,-1,-0.01,-1,-1,-0.01,-1,-1,-0.01,-1,-1
99926009,2026-05-18 12:06:26+05:30,53002.6,0,0.0,0,0.0,0.0,53282.15,53308.4,52783.45,53710.35,0,0.0,0.0,0.0,0.0,-0.01,-1,-1,-0.01,-1,-1,-0.01,-1,-1,-0.01,-1,-1,-0.01,-1,-1,-0.01,-1,-1,-0.01,-1,-1,-0.01,-1,-1,-0.01,-1,-1,-0.01,-1,-1
99926009,2026-05-18 12:06:26+05:30,53002.3,0,0.0,0,0.0,0.0,53282.15,53308.4,52783.45,53710.35,0,0.0,0.0,0.0,0.0,-0.01,-1,-1,-0.01,-1,-1,-0.01,-1,-1,-0.01,-1,-1,-0.01,-1,-1,-0.01,-1,-1,-0.01,-1,-1,-0.01,-1,-1,-0.01,-1,-1,-0.01,-1,-1
99926009,2026-05-18 12:06:27+05:30,53003.0,0,0.0,0,0.0,0.0,53282.15,53308.4,52783.45,53710.35,0,0.0,0.0,0.0,0.0,-0.01,-1,-1,-0.01,-1,-1,-0.01,-1,-1,-0.01,-1,-1,-0.01,-1,-1,-0.01,-1,-1,-0.01,-1,-1,-0.01,-1,-1,-0.01,-1,-1,-0.01,-1,-1
99926009,2026-05-18 12:06:27+05:30,53000.65,0,0.0,0,0.0,0.0,53282.15,53308.4,52783.45,53710.35,0,0.0,0.0,0.0,0.0,-0.01,-1,-1,-0.01,-1,-1,-0.01,-1,-1,-0.01,-1,-1,-0.01,-1,-1,-0.01,-1,-1,-0.01,-1,-1,-0.01,-1,-1,-0.01,-1,-1,-0.01,-1,-1
99926009,2026-05-18 12:06:28+05:30,53002.5,0,0.0,0,0.0,0.0,53282.15,53308.4,52783.45,53710.35,0,0.0,0.0,0.0,0.0,-0.01,-1,-1,-0.01,-1,-1,-0.01,-1,-1,-0.01,-1,-1,-0.01,-1,-1,-0.01,-1,-1,-0.01,-1,-1,-0.01,-1,-1,-0.01,-1,-1,-0.01,-1,-1
99926009,2026-05-18 12:06:28+05:30,53003.5,0,0.0,0,0.0,0.0,53282.15,53308.4,52783.45,53710.35,0,0.0,0.0,0.0,0.0,-0.01,-1,-1,-0.01,-1,-1,-0.01,-1,-1,-0.01,-1,-1,-0.01,-1,-1,-0.01,-1,-1,-0.01,-1,-1,-0.01,-1,-1,-0.01,-1,-1,-0.01,-1,-1
99926009,2026-05-18 12:06:29+05:30,53003.5,0,0.0,0,0.0,0.0,53282.15,53308.4,52783.45,53710.35,0,0.0,0.0,0.0,0.0,-0.01,-1,-1,-0.01,-1,-1,-0.01,-1,-1,-0.01,-1,-1,-0.01,-1,-1,-0.01,-1,-1,-0.01,-1,-1,-0.01,-1,-1,-0.01,-1,-1,-0.01,-1,-1
99926009,2026-05-18 12:06:29+05:30,53003.65,0,0.0,0,0.0,0.0,53282.15,53308.4,52783.45,53710.35,0,0.0,0.0,0.0,0.0,-0.01,-1,-1,-0.01,-1,-1,-0.01,-1,-1,-0.01,-1,-1,-0.01,-1,-1,-0.01,-1,-1,-0.01,-1,-1,-0.01,-1,-1,-0.01,-1,-1,-0.01,-1,-1
99926009,2026-05-18 12:06:30+05:30,53004.9,0,0.0,0,0.0,0.0,53282.15,53308.4,52783.45,53710.35,0,0.0,0.0,0.0,0.0,-0.01,-1,-1,-0.01,-1,-1,-0.01,-1,-1,-0.01,-1,-1,-0.01,-1,-1,-0.01,-1,-1,-0.01,-1,-1,-0.01,-1,-1,-0.01,-1,-1,-0.01,-1,-1
99926009,2026-05-18 12:06:30+05:30,53004.55,0,0.0,0,0.0,0.0,53282.15,53308.4,52783.45,53710.35,0,0.0,0.0,0.0,0.0,-0.01,-1,-1,-0.01,-1,-1,-0.01,-1,-1,-0.01,-1,-1,-0.01,-1,-1,-0.01,-1,-1,-0.01,-1,-1,-0.01,-1,-1,-0.01,-1,-1,-0.01,-1,-1
99926009,2026-05-18 12:06:31+05:30,53006.65,0,0.0,0,0.0,0.0,53282.15,53308.4,52783.45,53710.35,0,0.0,0.0,0.0,0.0,-0.01,-1,-1,-0.01,-1,-1,-0.01,-1,-1,-0.01,-1,-1,-0.01,-1,-1,-0.01,-1,-1,-0.01,-1,-1,-0.01,-1,-1,-0.01,-1,-1,-0.01,-1,-1
99926009,2026-05-18 12:06:31+05:30,53006.4,0,0.0,0,0.0,0.0,53282.15,53308.4,52783.45,53710.35,0,0.0,0.0,0.0,0.0,-0.01,-1,-1,-0.01,-1,-1,-0.01,-1,-1,-0.01,-1,-1,-0.01,-1,-1,-0.01,-1,-1,-0.01,-1,-1,-0.01,-1,-1,-0.01,-1,-1,-0.01,-1,-1
99926009,2026-05-18 12:06:32+05:30,53005.95,0,0.0,0,0.0,0.0,53282.15,53308.4,52783.45,53710.35,0,0.0,0.0,0.0,0.0,-0.01,-1,-1,-0.01,-1,-1,-0.01,-1,-1,-0.01,-1,-1,-0.01,-1,-1,-0.01,-1,-1,-0.01,-1,-1,-0.01,-1,-1,-0.01,-1,-1,-0.01,-1,-1
99926009,2026-05-18 12:06:32+05:30,53002.9,0,0.0,0,0.0,0.0,53282.15,53308.4,52783.45,53710.35,0,0.0,0.0,0.0,0.0,-0.01,-1,-1,-0.01,-1,-1,-0.01,-1,-1,-0.01,-1,-1,-0.01,-1,-1,-0.01,-1,-1,-0.01,-1,-1,-0.01,-1,-1,-0.01,-1,-1,-0.01,-1,-1
99926009,2026-05-18 12:06:33+05:30,53006.75,0,0.0,0,0.0,0.0,53282.15,53308.4,52783.45,53710.35,0,0.0,0.0,0.0,0.0,-0.01,-1,-1,-0.01,-1,-1,-0.01,-1,-1,-0.01,-1,-1,-0.01,-1,-1,-0.01,-1,-1,-0.01,-1,-1,-0.01,-1,-1,-0.01,-1,-1,-0.01,-1,-1
99926009,2026-05-18 12:06:33+05:30,53005.7,0,0.0,0,0.0,0.0,53282.15,53308.4,52783.45,53710.35,0,0.0,0.0,0.0,0.0,-0.01,-1,-1,-0.01,-1,-1,-0.01,-1,-1,-0.01,-1,-1,-0.01,-1,-1,-0.01,-1,-1,-0.01,-1,-1,-0.01,-1,-1,-0.01,-1,-1,-0.01,-1,-1
99926009,2026-05-18 12:06:34+05:30,53007.55,0,0.0,0,0.0,0.0,53282.15,53308.4,52783.45,53710.35,0,0.0,0.0,0.0,0.0,-0.01,-1,-1,-0.01,-1,-1,-0.01,-1,-1,-0.01,-1,-1,-0.01,-1,-1,-0.01,-1,-1,-0.01,-1,-1,-0.01,-1,-1,-0.01,-1,-1,-0.01,-1,-1
99926009,2026-05-18 12:06:34+05:30,53007.25,0,0.0,0,0.0,0.0,53282.15,53308.4,52783.45,53710.35,0,0.0,0.0,0.0,0.0,-0.01,-1,-1,-0.01,-1,-1,-0.01,-1,-1,-0.01,-1,-1,-0.01,-1,-1,-0.01,-1,-1,-0.01,-1,-1,-0.01,-1,-1,-0.01,-1,-1,-0.01,-1,-1
99926009,2026-05-18 12:06:35+05:30,53006.3,0,0.0,0,0.0,0.0,53282.15,53308.4,52783.45,53710.35,0,0.0,0.0,0.0,0.0,-0.01,-1,-1,-0.01,-1,-1,-0.01,-1,-1,-0.01,-1,-1,-0.01,-1,-1,-0.01,-1,-1,-0.01,-1,-1,-0.01,-1,-1,-0.01,-1,-1,-0.01,-1,-1
99926009,2026-05-18 12:06:35+05:30,53004.65,0,0.0,0,0.0,0.0,53282.15,53308.4,52783.45,53710.35,0,0.0,0.0,0.0,0.0,-0.01,-1,-1,-0.01,-1,-1,-0.01,-1,-1,-0.01,-1,-1,-0.01,-1,-1,-0.01,-1,-1,-0.01,-1,-1,-0.01,-1,-1,-0.01,-1,-1,-0.01,-1,-1
99926009,2026-05-18 12:06:36+05:30,53005.6,0,0.0,0,0.0,0.0,53282.15,53308.4,52783.45,53710.35,0,0.0,0.0,0.0,0.0,-0.01,-1,-1,-0.01,-1,-1,-0.01,-1,-1,-0.01,-1,-1,-0.01,-1,-1,-0.01,-1,-1,-0.01,-1,-1,-0.01,-1,-1,-0.01,-1,-1,-0.01,-1,-1
99926009,2026-05-18 12:06:36+05:30,53006.35,0,0.0,0,0.0,0.0,53282.15,53308.4,52783.45,53710.35,0,0.0,0.0,0.0,0.0,-0.01,-1,-1,-0.01,-1,-1,-0.01,-1,-1,-0.01,-1,-1,-0.01,-1,-1,-0.01,-1,-1,-0.01,-1,-1,-0.01,-1,-1,-0.01,-1,-1,-0.01,-1,-1
99926009,2026-05-18 12:06:37+05:30,53006.25,0,0.0,0,0.0,0.0,53282.15,53308.4,52783.45,53710.35,0,0.0,0.0,0.0,0.0,-0.01,-1,-1,-0.01,-1,-1,-0.01,-1,-1,-0.01,-1,-1,-0.01,-1,-1,-0.01,-1,-1,-0.01,-1,-1,-0.01,-1,-1,-0.01,-1,-1,-0.01,-1,-1
99926009,2026-05-18 12:06:37+05:30,53005.5,0,0.0,0,0.0,0.0,53282.15,53308.4,52783.45,53710.35,0,0.0,0.0,0.0,0.0,-0.01,-1,-1,-0.01,-1,-1,-0.01,-1,-1,-0.01,-1,-1,-0.01,-1,-1,-0.01,-1,-1,-0.01,-1,-1,-0.01,-1,-1,-0.01,-1,-1,-0.01,-1,-1
99926009,2026-05-18 12:06:38+05:30,53003.55,0,0.0,0,0.0,0.0,53282.15,53308.4,52783.45,53710.35,0,0.0,0.0,0.0,0.0,-0.01,-1,-1,-0.01,-1,-1,-0.01,-1,-1,-0.01,-1,-1,-0.01,-1,-1,-0.01,-1,-1,-0.01,-1,-1,-0.01,-1,-1,-0.01,-1,-1,-0.01,-1,-1
99926009,2026-05-18 12:06:38+05:30,53004.2,0,0.0,0,0.0,0.0,53282.15,53308.4,52783.45,53710.35,0,0.0,0.0,0.0,0.0,-0.01,-1,-1,-0.01,-1,-1,-0.01,-1,-1,-0.01,-1,-1,-0.01,-1,-1,-0.01,-1,-1,-0.01,-1,-1,-0.01,-1,-1,-0.01,-1,-1,-0.01,-1,-1
99926009,2026-05-18 12:06:39+05:30,53002.05,0,0.0,0,0.0,0.0,53282.15,53308.4,52783.45,53710.35,0,0.0,0.0,0.0,0.0,-0.01,-1,-1,-0.01,-1,-1,-0.01,-1,-1,-0.01,-1,-1,-0.01,-1,-1,-0.01,-1,-1,-0.01,-1,-1,-0.01,-1,-1,-0.01,-1,-1,-0.01,-1,-1
99926009,2026-05-18 12:06:39+05:30,53005.3,0,0.0,0,0.0,0.0,53282.15,53308.4,52783.45,53710.35,0,0.0,0.0,0.0,0.0,-0.01,-1,-1,-0.01,-1,-1,-0.01,-1,-1,-0.01,-1,-1,-0.01,-1,-1,-0.01,-1,-1,-0.01,-1,-1,-0.01,-1,-1,-0.01,-1,-1,-0.01,-1,-1
99926009,2026-05-18 12:06:40+05:30,53005.2,0,0.0,0,0.0,0.0,53282.15,53308.4,52783.45,53710.35,0,0.0,0.0,0.0,0.0,-0.01,-1,-1,-0.01,-1,-1,-0.01,-1,-1,-0.01,-1,-1,-0.01,-1,-1,-0.01,-1,-1,-0.01,-1,-1,-0.01,-1,-1,-0.01,-1,-1,-0.01,-1,-1
99926009,2026-05-18 12:06:40+05:30,53005.2,0,0.0,0,0.0,0.0,53282.15,53308.4,52783.45,53710.35,0,0.0,0.0,0.0,0.0,-0.01,-1,-1,-0.01,-1,-1,-0.01,-1,-1,-0.01,-1,-1,-0.01,-1,-1,-0.01,-1,-1,-0.01,-1,-1,-0.01,-1,-1,-0.01,-1,-1,-0.01,-1,-1
99926009,2026-05-18 12:06:41+05:30,53006.0,0,0.0,0,0.0,0.0,53282.15,53308.4,52783.45,53710.35,0,0.0,0.0,0.0,0.0,-0.01,-1,-1,-0.01,-1,-1,-0.01,-1,-1,-0.01,-1,-1,-0.01,-1,-1,-0.01,-1,-1,-0.01,-1,-1,-0.01,-1,-1,-0.01,-1,-1,-0.01,-1,-1
99926009,2026-05-18 12:06:41+05:30,53004.8,0,0.0,0,0.0,0.0,53282.15,53308.4,52783.45,53710.35,0,0.0,0.0,0.0,0.0,-0.01,-1,-1,-0.01,-1,-1,-0.01,-1,-1,-0.01,-1,-1,-0.01,-1,-1,-0.01,-1,-1,-0.01,-1,-1,-0.01,-1,-1,-0.01,-1,-1,-0.01,-1,-1
99926009,2026-05-18 12:06:42+05:30,53006.05,0,0.0,0,0.0,0.0,53282.15,53308.4,52783.45,53710.35,0,0.0,0.0,0.0,0.0,-0.01,-1,-1,-0.01,-1,-1,-0.01,-1,-1,-0.01,-1,-1,-0.01,-1,-1,-0.01,-1,-1,-0.01,-1,-1,-0.01,-1,-1,-0.01,-1,-1,-0.01,-1,-1
99926009,2026-05-18 12:06:42+05:30,53007.8,0,0.0,0,0.0,0.0,53282.15,53308.4,52783.45,53710.35,0,0.0,0.0,0.0,0.0,-0.01,-1,-1,-0.01,-1,-1,-0.01,-1,-1,-0.01,-1,-1,-0.01,-1,-1,-0.01,-1,-1,-0.01,-1,-1,-0.01,-1,-1,-0.01,-1,-1,-0.01,-1,-1
99926009,2026-05-18 12:06:43+05:30,53006.1,0,0.0,0,0.0,0.0,53282.15,53308.4,52783.45,53710.35,0,0.0,0.0,0.0,0.0,-0.01,-1,-1,-0.01,-1,-1,-0.01,-1,-1,-0.01,-1,-1,-0.01,-1,-1,-0.01,-1,-1,-0.01,-1,-1,-0.01,-1,-1,-0.01,-1,-1,-0.01,-1,-1
99926009,2026-05-18 12:06:43+05:30,53006.15,0,0.0,0,0.0,0.0,53282.15,53308.4,52783.45,53710.35,0,0.0,0.0,0.0,0.0,-0.01,-1,-1,-0.01,-1,-1,-0.01,-1,-1,-0.01,-1,-1,-0.01,-1,-1,-0.01,-1,-1,-0.01,-1,-1,-0.01,-1,-1,-0.01,-1,-1,-0.01,-1,-1
99926009,2026-05-18 12:06:44+05:30,53005.65,0,0.0,0,0.0,0.0,53282.15,53308.4,52783.45,53710.35,0,0.0,0.0,0.0,0.0,-0.01,-1,-1,-0.01,-1,-1,-0.01,-1,-1,-0.01,-1,-1,-0.01,-1,-1,-0.01,-1,-1,-0.01,-1,-1,-0.01,-1,-1,-0.01,-1,-1,-0.01,-1,-1
99926009,2026-05-18 12:06:44+05:30,53005.45,0,0.0,0,0.0,0.0,53282.15,53308.4,52783.45,53710.35,0,0.0,0.0,0.0,0.0,-0.01,-1,-1,-0.01,-1,-1,-0.01,-1,-1,-0.01,-1,-1,-0.01,-1,-1,-0.01,-1,-1,-0.01,-1,-1,-0.01,-1,-1,-0.01,-1,-1,-0.01,-1,-1
99926009,2026-05-18 12:06:45+05:30,53006.65,0,0.0,0,0.0,0.0,53282.15,53308.4,52783.45,53710.35,0,0.0,0.0,0.0,0.0,-0.01,-1,-1,-0.01,-1,-1,-0.01,-1,-1,-0.01,-1,-1,-0.01,-1,-1,-0.01,-1,-1,-0.01,-1,-1,-0.01,-1,-1,-0.01,-1,-1,-0.01,-1,-1
99926009,2026-05-18 12:06:45+05:30,53006.85,0,0.0,0,0.0,0.0,53282.15,53308.4,52783.45,53710.35,0,0.0,0.0,0.0,0.0,-0.01,-1,-1,-0.01,-1,-1,-0.01,-1,-1,-0.01,-1,-1,-0.01,-1,-1,-0.01,-1,-1,-0.01,-1,-1,-0.01,-1,-1,-0.01,-1,-1,-0.01,-1,-1
99926009,2026-05-18 12:06:46+05:30,53006.85,0,0.0,0,0.0,0.0,53282.15,53308.4,52783.45,53710.35,0,0.0,0.0,0.0,0.0,-0.01,-1,-1,-0.01,-1,-1,-0.01,-1,-1,-0.01,-1,-1,-0.01,-1,-1,-0.01,-1,-1,-0.01,-1,-1,-0.01,-1,-1,-0.01,-1,-1,-0.01,-1,-1
99926009,2026-05-18 12:06:46+05:30,53006.3,0,0.0,0,0.0,0.0,53282.15,53308.4,52783.45,53710.35,0,0.0,0.0,0.0,0.0,-0.01,-1,-1,-0.01,-1,-1,-0.01,-1,-1,-0.01,-1,-1,-0.01,-1,-1,-0.01,-1,-1,-0.01,-1,-1,-0.01,-1,-1,-0.01,-1,-1,-0.01,-1,-1
99926009,2026-05-18 12:06:47+05:30,53006.9,0,0.0,0,0.0,0.0,53282.15,53308.4,52783.45,53710.35,0,0.0,0.0,0.0,0.0,-0.01,-1,-1,-0.01,-1,-1,-0.01,-1,-1,-0.01,-1,-1,-0.01,-1,-1,-0.01,-1,-1,-0.01,-1,-1,-0.01,-1,-1,-0.01,-1,-1,-0.01,-1,-1
99926009,2026-05-18 12:06:47+05:30,53007.7,0,0.0,0,0.0,0.0,53282.15,53308.4,52783.45,53710.35,0,0.0,0.0,0.0,0.0,-0.01,-1,-1,-0.01,-1,-1,-0.01,-1,-1,-0.01,-1,-1,-0.01,-1,-1,-0.01,-1,-1,-0.01,-1,-1,-0.01,-1,-1,-0.01,-1,-1,-0.01,-1,-1
99926009,2026-05-18 12:06:48+05:30,53007.2,0,0.0,0,0.0,0.0,53282.15,53308.4,52783.45,53710.35,0,0.0,0.0,0.0,0.0,-0.01,-1,-1,-0.01,-1,-1,-0.01,-1,-1,-0.01,-1,-1,-0.01,-1,-1,-0.01,-1,-1,-0.01,-1,-1,-0.01,-1,-1,-0.01,-1,-1,-0.01,-1,-1
99926009,2026-05-18 12:06:48+05:30,53007.35,0,0.0,0,0.0,0.0,53282.15,53308.4,52783.45,53710.35,0,0.0,0.0,0.0,0.0,-0.01,-1,-1,-0.01,-1,-1,-0.01,-1,-1,-0.01,-1,-1,-0.01,-1,-1,-0.01,-1,-1,-0.01,-1,-1,-0.01,-1,-1,-0.01,-1,-1,-0.01,-1,-1
99926009,2026-05-18 12:06:49+05:30,53006.15,0,0.0,0,0.0,0.0,53282.15,53308.4,52783.45,53710.35,0,0.0,0.0,0.0,0.0,-0.01,-1,-1,-0.01,-1,-1,-0.01,-1,-1,-0.01,-1,-1,-0.01,-1,-1,-0.01,-1,-1,-0.01,-1,-1,-0.01,-1,-1,-0.01,-1,-1,-0.01,-1,-1
99926009,2026-05-18 12:06:49+05:30,53006.3,0,0.0,0,0.0,0.0,53282.15,53308.4,52783.45,53710.35,0,0.0,0.0,0.0,0.0,-0.01,-1,-1,-0.01,-1,-1,-0.01,-1,-1,-0.01,-1,-1,-0.01,-1,-1,-0.01,-1,-1,-0.01,-1,-1,-0.01,-1,-1,-0.01,-1,-1,-0.01,-1,-1
99926009,2026-05-18 12:06:50+05:30,53006.0,0,0.0,0,0.0,0.0,53282.15,53308.4,52783.45,53710.35,0,0.0,0.0,0.0,0.0,-0.01,-1,-1,-0.01,-1,-1,-0.01,-1,-1,-0.01,-1,-1,-0.01,-1,-1,-0.01,-1,-1,-0.01,-1,-1,-0.01,-1,-1,-0.01,-1,-1,-0.01,-1,-1
99926009,2026-05-18 12:06:50+05:30,53002.15,0,0.0,0,0.0,0.0,53282.15,53308.4,52783.45,53710.35,0,0.0,0.0,0.0,0.0,-0.01,-1,-1,-0.01,-1,-1,-0.01,-1,-1,-0.01,-1,-1,-0.01,-1,-1,-0.01,-1,-1,-0.01,-1,-1,-0.01,-1,-1,-0.01,-1,-1,-0.01,-1,-1
99926009,2026-05-18 12:06:51+05:30,53003.05,0,0.0,0,0.0,0.0,53282.15,53308.4,52783.45,53710.35,0,0.0,0.0,0.0,0.0,-0.01,-1,-1,-0.01,-1,-1,-0.01,-1,-1,-0.01,-1,-1,-0.01,-1,-1,-0.01,-1,-1,-0.01,-1,-1,-0.01,-1,-1,-0.01,-1,-1,-0.01,-1,-1
99926009,2026-05-18 12:06:51+05:30,53003.65,0,0.0,0,0.0,0.0,53282.15,53308.4,52783.45,53710.35,0,0.0,0.0,0.0,0.0,-0.01,-1,-1,-0.01,-1,-1,-0.01,-1,-1,-0.01,-1,-1,-0.01,-1,-1,-0.01,-1,-1,-0.01,-1,-1,-0.01,-1,-1,-0.01,-1,-1,-0.01,-1,-1
99926009,2026-05-18 12:06:52+05:30,53003.15,0,0.0,0,0.0,0.0,53282.15,53308.4,52783.45,53710.35,0,0.0,0.0,0.0,0.0,-0.01,-1,-1,-0.01,-1,-1,-0.01,-1,-1,-0.01,-1,-1,-0.01,-1,-1,-0.01,-1,-1,-0.01,-1,-1,-0.01,-1,-1,-0.01,-1,-1,-0.01,-1,-1
99926009,2026-05-18 12:06:52+05:30,53004.65,0,0.0,0,0.0,0.0,53282.15,53308.4,52783.45,53710.35,0,0.0,0.0,0.0,0.0,-0.01,-1,-1,-0.01,-1,-1,-0.01,-1,-1,-0.01,-1,-1,-0.01,-1,-1,-0.01,-1,-1,-0.01,-1,-1,-0.01,-1,-1,-0.01,-1,-1,-0.01,-1,-1
99926009,2026-05-18 12:06:53+05:30,53001.7,0,0.0,0,0.0,0.0,53282.15,53308.4,52783.45,53710.35,0,0.0,0.0,0.0,0.0,-0.01,-1,-1,-0.01,-1,-1,-0.01,-1,-1,-0.01,-1,-1,-0.01,-1,-1,-0.01,-1,-1,-0.01,-1,-1,-0.01,-1,-1,-0.01,-1,-1,-0.01,-1,-1
99926009,2026-05-18 12:06:53+05:30,53000.1,0,0.0,0,0.0,0.0,53282.15,53308.4,52783.45,53710.35,0,0.0,0.0,0.0,0.0,-0.01,-1,-1,-0.01,-1,-1,-0.01,-1,-1,-0.01,-1,-1,-0.01,-1,-1,-0.01,-1,-1,-0.01,-1,-1,-0.01,-1,-1,-0.01,-1,-1,-0.01,-1,-1
99926009,2026-05-18 12:06:54+05:30,53001.75,0,0.0,0,0.0,0.0,53282.15,53308.4,52783.45,53710.35,0,0.0,0.0,0.0,0.0,-0.01,-1,-1,-0.01,-1,-1,-0.01,-1,-1,-0.01,-1,-1,-0.01,-1,-1,-0.01,-1,-1,-0.01,-1,-1,-0.01,-1,-1,-0.01,-1,-1,-0.01,-1,-1
99926009,2026-05-18 12:06:54+05:30,53003.4,0,0.0,0,0.0,0.0,53282.15,53308.4,52783.45,53710.35,0,0.0,0.0,0.0,0.0,-0.01,-1,-1,-0.01,-1,-1,-0.01,-1,-1,-0.01,-1,-1,-0.01,-1,-1,-0.01,-1,-1,-0.01,-1,-1,-0.01,-1,-1,-0.01,-1,-1,-0.01,-1,-1
99926009,2026-05-18 12:06:55+05:30,53001.35,0,0.0,0,0.0,0.0,53282.15,53308.4,52783.45,53710.35,0,0.0,0.0,0.0,0.0,-0.01,-1,-1,-0.01,-1,-1,-0.01,-1,-1,-0.01,-1,-1,-0.01,-1,-1,-0.01,-1,-1,-0.01,-1,-1,-0.01,-1,-1,-0.01,-1,-1,-0.01,-1,-1
99926009,2026-05-18 12:06:55+05:30,53001.8,0,0.0,0,0.0,0.0,53282.15,53308.4,52783.45,53710.35,0,0.0,0.0,0.0,0.0,-0.01,-1,-1,-0.01,-1,-1,-0.01,-1,-1,-0.01,-1,-1,-0.01,-1,-1,-0.01,-1,-1,-0.01,-1,-1,-0.01,-1,-1,-0.01,-1,-1,-0.01,-1,-1
99926009,2026-05-18 12:06:56+05:30,53000.4,0,0.0,0,0.0,0.0,53282.15,53308.4,52783.45,53710.35,0,0.0,0.0,0.0,0.0,-0.01,-1,-1,-0.01,-1,-1,-0.01,-1,-1,-0.01,-1,-1,-0.01,-1,-1,-0.01,-1,-1,-0.01,-1,-1,-0.01,-1,-1,-0.01,-1,-1,-0.01,-1,-1
99926009,2026-05-18 12:06:56+05:30,53003.05,0,0.0,0,0.0,0.0,53282.15,53308.4,52783.45,53710.35,0,0.0,0.0,0.0,0.0,-0.01,-1,-1,-0.01,-1,-1,-0.01,-1,-1,-0.01,-1,-1,-0.01,-1,-1,-0.01,-1,-1,-0.01,-1,-1,-0.01,-1,-1,-0.01,-1,-1,-0.01,-1,-1
99926009,2026-05-18 12:06:57+05:30,53000.9,0,0.0,0,0.0,0.0,53282.15,53308.4,52783.45,53710.35,0,0.0,0.0,0.0,0.0,-0.01,-1,-1,-0.01,-1,-1,-0.01,-1,-1,-0.01,-1,-1,-0.01,-1,-1,-0.01,-1,-1,-0.01,-1,-1,-0.01,-1,-1,-0.01,-1,-1,-0.01,-1,-1
99926009,2026-05-18 12:06:57+05:30,52998.75,0,0.0,0,0.0,0.0,53282.15,53308.4,52783.45,53710.35,0,0.0,0.0,0.0,0.0,-0.01,-1,-1,-0.01,-1,-1,-0.01,-1,-1,-0.01,-1,-1,-0.01,-1,-1,-0.01,-1,-1,-0.01,-1,-1,-0.01,-1,-1,-0.01,-1,-1,-0.01,-1,-1
99926009,2026-05-18 12:06:58+05:30,52998.75,0,0.0,0,0.0,0.0,53282.15,53308.4,52783.45,53710.35,0,0.0,0.0,0.0,0.0,-0.01,-1,-1,-0.01,-1,-1,-0.01,-1,-1,-0.01,-1,-1,-0.01,-1,-1,-0.01,-1,-1,-0.01,-1,-1,-0.01,-1,-1,-0.01,-1,-1,-0.01,-1,-1
99926009,2026-05-18 12:06:58+05:30,52996.6,0,0.0,0,0.0,0.0,53282.15,53308.4,52783.45,53710.35,0,0.0,0.0,0.0,0.0,-0.01,-1,-1,-0.01,-1,-1,-0.01,-1,-1,-0.01,-1,-1,-0.01,-1,-1,-0.01,-1,-1,-0.01,-1,-1,-0.01,-1,-1,-0.01,-1,-1,-0.01,-1,-1
99926009,2026-05-18 12:06:59+05:30,53000.8,0,0.0,0,0.0,0.0,53282.15,53308.4,52783.45,53710.35,0,0.0,0.0,0.0,0.0,-0.01,-1,-1,-0.01,-1,-1,-0.01,-1,-1,-0.01,-1,-1,-0.01,-1,-1,-0.01,-1,-1,-0.01,-1,-1,-0.01,-1,-1,-0.01,-1,-1,-0.01,-1,-1
99926009,2026-05-18 12:06:59+05:30,52997.5,0,0.0,0,0.0,0.0,53282.15,53308.4,52783.45,53710.35,0,0.0,0.0,0.0,0.0,-0.01,-1,-1,-0.01,-1,-1,-0.01,-1,-1,-0.01,-1,-1,-0.01,-1,-1,-0.01,-1,-1,-0.01,-1,-1,-0.01,-1,-1,-0.01,-1,-1,-0.01,-1,-1
99926009,2026-05-18 12:07:00+05:30,53001.05,0,0.0,0,0.0,0.0,53282.15,53308.4,52783.45,53710.35,0,0.0,0.0,0.0,0.0,-0.01,-1,-1,-0.01,-1,-1,-0.01,-1,-1,-0.01,-1,-1,-0.01,-1,-1,-0.01,-1,-1,-0.01,-1,-1,-0.01,-1,-1,-0.01,-1,-1,-0.01,-1,-1
99926009,2026-05-18 12:07:00+05:30,53001.3,0,0.0,0,0.0,0.0,53282.15,53308.4,52783.45,53710.35,0,0.0,0.0,0.0,0.0,-0.01,-1,-1,-0.01,-1,-1,-0.01,-1,-1,-0.01,-1,-1,-0.01,-1,-1,-0.01,-1,-1,-0.01,-1,-1,-0.01,-1,-1,-0.01,-1,-1,-0.01,-1,-1
99926009,2026-05-18 12:07:01+05:30,52999.95,0,0.0,0,0.0,0.0,53282.15,53308.4,52783.45,53710.35,0,0.0,0.0,0.0,0.0,-0.01,-1,-1,-0.01,-1,-1,-0.01,-1,-1,-0.01,-1,-1,-0.01,-1,-1,-0.01,-1,-1,-0.01,-1,-1,-0.01,-1,-1,-0.01,-1,-1,-0.01,-1,-1
99926009,2026-05-18 12:07:01+05:30,53002.1,0,0.0,0,0.0,0.0,53282.15,53308.4,52783.45,53710.35,0,0.0,0.0,0.0,0.0,-0.01,-1,-1,-0.01,-1,-1,-0.01,-1,-1,-0.01,-1,-1,-0.01,-1,-1,-0.01,-1,-1,-0.01,-1,-1,-0.01,-1,-1,-0.01,-1,-1,-0.01,-1,-1
99926009,2026-05-18 12:07:02+05:30,53001.75,0,0.0,0,0.0,0.0,53282.15,53308.4,52783.45,53710.35,0,0.0,0.0,0.0,0.0,-0.01,-1,-1,-0.01,-1,-1,-0.01,-1,-1,-0.01,-1,-1,-0.01,-1,-1,-0.01,-1,-1,-0.01,-1,-1,-0.01,-1,-1,-0.01,-1,-1,-0.01,-1,-1
99926009,2026-05-18 12:07:02+05:30,53000.65,0,0.0,0,0.0,0.0,53282.15,53308.4,52783.45,53710.35,0,0.0,0.0,0.0,0.0,-0.01,-1,-1,-0.01,-1,-1,-0.01,-1,-1,-0.01,-1,-1,-0.01,-1,-1,-0.01,-1,-1,-0.01,-1,-1,-0.01,-1,-1,-0.01,-1,-1,-0.01,-1,-1
99926009,2026-05-18 12:07:03+05:30,53000.65,0,0.0,0,0.0,0.0,53282.15,53308.4,52783.45,53710.35,0,0.0,0.0,0.0,0.0,-0.01,-1,-1,-0.01,-1,-1,-0.01,-1,-1,-0.01,-1,-1,-0.01,-1,-1,-0.01,-1,-1,-0.01,-1,-1,-0.01,-1,-1,-0.01,-1,-1,-0.01,-1,-1
99926009,2026-05-18 12:07:03+05:30,53001.35,0,0.0,0,0.0,0.0,53282.15,53308.4,52783.45,53710.35,0,0.0,0.0,0.0,0.0,-0.01,-1,-1,-0.01,-1,-1,-0.01,-1,-1,-0.01,-1,-1,-0.01,-1,-1,-0.01,-1,-1,-0.01,-1,-1,-0.01,-1,-1,-0.01,-1,-1,-0.01,-1,-1
99926009,2026-05-18 12:07:04+05:30,53004.75,0,0.0,0,0.0,0.0,53282.15,53308.4,52783.45,53710.35,0,0.0,0.0,0.0,0.0,-0.01,-1,-1,-0.01,-1,-1,-0.01,-1,-1,-0.01,-1,-1,-0.01,-1,-1,-0.01,-1,-1,-0.01,-1,-1,-0.01,-1,-1,-0.01,-1,-1,-0.01,-1,-1
99926009,2026-05-18 12:07:04+05:30,53003.15,0,0.0,0,0.0,0.0,53282.15,53308.4,52783.45,53710.35,0,0.0,0.0,0.0,0.0,-0.01,-1,-1,-0.01,-1,-1,-0.01,-1,-1,-0.01,-1,-1,-0.01,-1,-1,-0.01,-1,-1,-0.01,-1,-1,-0.01,-1,-1,-0.01,-1,-1,-0.01,-1,-1
99926009,2026-05-18 12:07:05+05:30,53003.75,0,0.0,0,0.0,0.0,53282.15,53308.4,52783.45,53710.35,0,0.0,0.0,0.0,0.0,-0.01,-1,-1,-0.01,-1,-1,-0.01,-1,-1,-0.01,-1,-1,-0.01,-1,-1,-0.01,-1,-1,-0.01,-1,-1,-0.01,-1,-1,-0.01,-1,-1,-0.01,-1,-1
99926009,2026-05-18 12:07:05+05:30,53002.9,0,0.0,0,0.0,0.0,53282.15,53308.4,52783.45,53710.35,0,0.0,0.0,0.0,0.0,-0.01,-1,-1,-0.01,-1,-1,-0.01,-1,-1,-0.01,-1,-1,-0.01,-1,-1,-0.01,-1,-1,-0.01,-1,-1,-0.01,-1,-1,-0.01,-1,-1,-0.01,-1,-1
99926009,2026-05-18 12:07:06+05:30,53000.95,0,0.0,0,0.0,0.0,53282.15,53308.4,52783.45,53710.35,0,0.0,0.0,0.0,0.0,-0.01,-1,-1,-0.01,-1,-1,-0.01,-1,-1,-0.01,-1,-1,-0.01,-1,-1,-0.01,-1,-1,-0.01,-1,-1,-0.01,-1,-1,-0.01,-1,-1,-0.01,-1,-1
99926009,2026-05-18 12:07:06+05:30,53005.0,0,0.0,0,0.0,0.0,53282.15,53308.4,52783.45,53710.35,0,0.0,0.0,0.0,0.0,-0.01,-1,-1,-0.01,-1,-1,-0.01,-1,-1,-0.01,-1,-1,-0.01,-1,-1,-0.01,-1,-1,-0.01,-1,-1,-0.01,-1,-1,-0.01,-1,-1,-0.01,-1,-1
99926009,2026-05-18 12:07:07+05:30,53001.5,0,0.0,0,0.0,0.0,53282.15,53308.4,52783.45,53710.35,0,0.0,0.0,0.0,0.0,-0.01,-1,-1,-0.01,-1,-1,-0.01,-1,-1,-0.01,-1,-1,-0.01,-1,-1,-0.01,-1,-1,-0.01,-1,-1,-0.01,-1,-1,-0.01,-1,-1,-0.01,-1,-1
99926009,2026-05-18 12:07:07+05:30,53002.0,0,0.0,0,0.0,0.0,53282.15,53308.4,52783.45,53710.35,0,0.0,0.0,0.0,0.0,-0.01,-1,-1,-0.01,-1,-1,-0.01,-1,-1,-0.01,-1,-1,-0.01,-1,-1,-0.01,-1,-1,-0.01,-1,-1,-0.01,-1,-1,-0.01,-1,-1,-0.01,-1,-1
99926009,2026-05-18 12:07:08+05:30,53006.15,0,0.0,0,0.0,0.0,53282.15,53308.4,52783.45,53710.35,0,0.0,0.0,0.0,0.0,-0.01,-1,-1,-0.01,-1,-1,-0.01,-1,-1,-0.01,-1,-1,-0.01,-1,-1,-0.01,-1,-1,-0.01,-1,-1,-0.01,-1,-1,-0.01,-1,-1,-0.01,-1,-1
99926009,2026-05-18 12:07:08+05:30,53007.5,0,0.0,0,0.0,0.0,53282.15,53308.4,52783.45,53710.35,0,0.0,0.0,0.0,0.0,-0.01,-1,-1,-0.01,-1,-1,-0.01,-1,-1,-0.01,-1,-1,-0.01,-1,-1,-0.01,-1,-1,-0.01,-1,-1,-0.01,-1,-1,-0.01,-1,-1,-0.01,-1,-1
99926009,2026-05-18 12:07:09+05:30,53004.9,0,0.0,0,0.0,0.0,53282.15,53308.4,52783.45,53710.35,0,0.0,0.0,0.0,0.0,-0.01,-1,-1,-0.01,-1,-1,-0.01,-1,-1,-0.01,-1,-1,-0.01,-1,-1,-0.01,-1,-1,-0.01,-1,-1,-0.01,-1,-1,-0.01,-1,-1,-0.01,-1,-1
99926009,2026-05-18 12:07:09+05:30,53004.8,0,0.0,0,0.0,0.0,53282.15,53308.4,52783.45,53710.35,0,0.0,0.0,0.0,0.0,-0.01,-1,-1,-0.01,-1,-1,-0.01,-1,-1,-0.01,-1,-1,-0.01,-1,-1,-0.01,-1,-1,-0.01,-1,-1,-0.01,-1,-1,-0.01,-1,-1,-0.01,-1,-1
99926009,2026-05-18 12:07:10+05:30,53007.65,0,0.0,0,0.0,0.0,53282.15,53308.4,52783.45,53710.35,0,0.0,0.0,0.0,0.0,-0.01,-1,-1,-0.01,-1,-1,-0.01,-1,-1,-0.01,-1,-1,-0.01,-1,-1,-0.01,-1,-1,-0.01,-1,-1,-0.01,-1,-1,-0.01,-1,-1,-0.01,-1,-1
99926009,2026-05-18 12:07:10+05:30,53007.8,0,0.0,0,0.0,0.0,53282.15,53308.4,52783.45,53710.35,0,0.0,0.0,0.0,0.0,-0.01,-1,-1,-0.01,-1,-1,-0.01,-1,-1,-0.01,-1,-1,-0.01,-1,-1,-0.01,-1,-1,-0.01,-1,-1,-0.01,-1,-1,-0.01,-1,-1,-0.01,-1,-1
99926009,2026-05-18 12:07:11+05:30,53007.9,0,0.0,0,0.0,0.0,53282.15,53308.4,52783.45,53710.35,0,0.0,0.0,0.0,0.0,-0.01,-1,-1,-0.01,-1,-1,-0.01,-1,-1,-0.01,-1,-1,-0.01,-1,-1,-0.01,-1,-1,-0.01,-1,-1,-0.01,-1,-1,-0.01,-1,-1,-0.01,-1,-1
99926009,2026-05-18 12:07:11+05:30,53003.95,0,0.0,0,0.0,0.0,53282.15,53308.4,52783.45,53710.35,0,0.0,0.0,0.0,0.0,-0.01,-1,-1,-0.01,-1,-1,-0.01,-1,-1,-0.01,-1,-1,-0.01,-1,-1,-0.01,-1,-1,-0.01,-1,-1,-0.01,-1,-1,-0.01,-1,-1,-0.01,-1,-1
99926009,2026-05-18 12:07:12+05:30,53004.95,0,0.0,0,0.0,0.0,53282.15,53308.4,52783.45,53710.35,0,0.0,0.0,0.0,0.0,-0.01,-1,-1,-0.01,-1,-1,-0.01,-1,-1,-0.01,-1,-1,-0.01,-1,-1,-0.01,-1,-1,-0.01,-1,-1,-0.01,-1,-1,-0.01,-1,-1,-0.01,-1,-1
99926009,2026-05-18 12:07:12+05:30,53007.45,0,0.0,0,0.0,0.0,53282.15,53308.4,52783.45,53710.35,0,0.0,0.0,0.0,0.0,-0.01,-1,-1,-0.01,-1,-1,-0.01,-1,-1,-0.01,-1,-1,-0.01,-1,-1,-0.01,-1,-1,-0.01,-1,-1,-0.01,-1,-1,-0.01,-1,-1,-0.01,-1,-1
99926009,2026-05-18 12:07:13+05:30,53006.6,0,0.0,0,0.0,0.0,53282.15,53308.4,52783.45,53710.35,0,0.0,0.0,0.0,0.0,-0.01,-1,-1,-0.01,-1,-1,-0.01,-1,-1,-0.01,-1,-1,-0.01,-1,-1,-0.01,-1,-1,-0.01,-1,-1,-0.01,-1,-1,-0.01,-1,-1,-0.01,-1,-1
99926009,2026-05-18 12:07:13+05:30,53007.7,0,0.0,0,0.0,0.0,53282.15,53308.4,52783.45,53710.35,0,0.0,0.0,0.0,0.0,-0.01,-1,-1,-0.01,-1,-1,-0.01,-1,-1,-0.01,-1,-1,-0.01,-1,-1,-0.01,-1,-1,-0.01,-1,-1,-0.01,-1,-1,-0.01,-1,-1,-0.01,-1,-1
99926009,2026-05-18 12:07:14+05:30,53006.65,0,0.0,0,0.0,0.0,53282.15,53308.4,52783.45,53710.35,0,0.0,0.0,0.0,0.0,-0.01,-1,-1,-0.01,-1,-1,-0.01,-1,-1,-0.01,-1,-1,-0.01,-1,-1,-0.01,-1,-1,-0.01,-1,-1,-0.01,-1,-1,-0.01,-1,-1,-0.01,-1,-1
99926009,2026-05-18 12:07:14+05:30,53006.6,0,0.0,0,0.0,0.0,53282.15,53308.4,52783.45,53710.35,0,0.0,0.0,0.0,0.0,-0.01,-1,-1,-0.01,-1,-1,-0.01,-1,-1,-0.01,-1,-1,-0.01,-1,-1,-0.01,-1,-1,-0.01,-1,-1,-0.01,-1,-1,-0.01,-1,-1,-0.01,-1,-1
99926009,2026-05-18 12:07:15+05:30,53004.05,0,0.0,0,0.0,0.0,53282.15,53308.4,52783.45,53710.35,0,0.0,0.0,0.0,0.0,-0.01,-1,-1,-0.01,-1,-1,-0.01,-1,-1,-0.01,-1,-1,-0.01,-1,-1,-0.01,-1,-1,-0.01,-1,-1,-0.01,-1,-1,-0.01,-1,-1,-0.01,-1,-1
99926009,2026-05-18 12:07:15+05:30,53005.25,0,0.0,0,0.0,0.0,53282.15,53308.4,52783.45,53710.35,0,0.0,0.0,0.0,0.0,-0.01,-1,-1,-0.01,-1,-1,-0.01,-1,-1,-0.01,-1,-1,-0.01,-1,-1,-0.01,-1,-1,-0.01,-1,-1,-0.01,-1,-1,-0.01,-1,-1,-0.01,-1,-1
99926009,2026-05-18 12:07:16+05:30,53003.5,0,0.0,0,0.0,0.0,53282.15,53308.4,52783.45,53710.35,0,0.0,0.0,0.0,0.0,-0.01,-1,-1,-0.01,-1,-1,-0.01,-1,-1,-0.01,-1,-1,-0.01,-1,-1,-0.01,-1,-1,-0.01,-1,-1,-0.01,-1,-1,-0.01,-1,-1,-0.01,-1,-1
99926009,2026-05-18 12:07:16+05:30,53002.95,0,0.0,0,0.0,0.0,53282.15,53308.4,52783.45,53710.35,0,0.0,0.0,0.0,0.0,-0.01,-1,-1,-0.01,-1,-1,-0.01,-1,-1,-0.01,-1,-1,-0.01,-1,-1,-0.01,-1,-1,-0.01,-1,-1,-0.01,-1,-1,-0.01,-1,-1,-0.01,-1,-1
99926009,2026-05-18 12:07:17+05:30,53003.8,0,0.0,0,0.0,0.0,53282.15,53308.4,52783.45,53710.35,0,0.0,0.0,0.0,0.0,-0.01,-1,-1,-0.01,-1,-1,-0.01,-1,-1,-0.01,-1,-1,-0.01,-1,-1,-0.01,-1,-1,-0.01,-1,-1,-0.01,-1,-1,-0.01,-1,-1,-0.01,-1,-1
99926009,2026-05-18 12:07:17+05:30,53001.25,0,0.0,0,0.0,0.0,53282.15,53308.4,52783.45,53710.35,0,0.0,0.0,0.0,0.0,-0.01,-1,-1,-0.01,-1,-1,-0.01,-1,-1,-0.01,-1,-1,-0.01,-1,-1,-0.01,-1,-1,-0.01,-1,-1,-0.01,-1,-1,-0.01,-1,-1,-0.01,-1,-1
99926009,2026-05-18 12:07:18+05:30,52999.1,0,0.0,0,0.0,0.0,53282.15,53308.4,52783.45,53710.35,0,0.0,0.0,0.0,0.0,-0.01,-1,-1,-0.01,-1,-1,-0.01,-1,-1,-0.01,-1,-1,-0.01,-1,-1,-0.01,-1,-1,-0.01,-1,-1,-0.01,-1,-1,-0.01,-1,-1,-0.01,-1,-1
99926009,2026-05-18 12:07:18+05:30,52997.45,0,0.0,0,0.0,0.0,53282.15,53308.4,52783.45,53710.35,0,0.0,0.0,0.0,0.0,-0.01,-1,-1,-0.01,-1,-1,-0.01,-1,-1,-0.01,-1,-1,-0.01,-1,-1,-0.01,-1,-1,-0.01,-1,-1,-0.01,-1,-1,-0.01,-1,-1,-0.01,-1,-1
99926009,2026-05-18 12:07:19+05:30,52998.1,0,0.0,0,0.0,0.0,53282.15,53308.4,52783.45,53710.35,0,0.0,0.0,0.0,0.0,-0.01,-1,-1,-0.01,-1,-1,-0.01,-1,-1,-0.01,-1,-1,-0.01,-1,-1,-0.01,-1,-1,-0.01,-1,-1,-0.01,-1,-1,-0.01,-1,-1,-0.01,-1,-1
99926009,2026-05-18 12:07:19+05:30,52998.95,0,0.0,0,0.0,0.0,53282.15,53308.4,52783.45,53710.35,0,0.0,0.0,0.0,0.0,-0.01,-1,-1,-0.01,-1,-1,-0.01,-1,-1,-0.01,-1,-1,-0.01,-1,-1,-0.01,-1,-1,-0.01,-1,-1,-0.01,-1,-1,-0.01,-1,-1,-0.01,-1,-1
99926009,2026-05-18 12:07:20+05:30,53000.75,0,0.0,0,0.0,0.0,53282.15,53308.4,52783.45,53710.35,0,0.0,0.0,0.0,0.0,-0.01,-1,-1,-0.01,-1,-1,-0.01,-1,-1,-0.01,-1,-1,-0.01,-1,-1,-0.01,-1,-1,-0.01,-1,-1,-0.01,-1,-1,-0.01,-1,-1,-0.01,-1,-1
99926009,2026-05-18 12:07:20+05:30,53000.25,0,0.0,0,0.0,0.0,53282.15,53308.4,52783.45,53710.35,0,0.0,0.0,0.0,0.0,-0.01,-1,-1,-0.01,-1,-1,-0.01,-1,-1,-0.01,-1,-1,-0.01,-1,-1,-0.01,-1,-1,-0.01,-1,-1,-0.01,-1,-1,-0.01,-1,-1,-0.01,-1,-1
99926009,2026-05-18 12:07:21+05:30,53000.0,0,0.0,0,0.0,0.0,53282.15,53308.4,52783.45,53710.35,0,0.0,0.0,0.0,0.0,-0.01,-1,-1,-0.01,-1,-1,-0.01,-1,-1,-0.01,-1,-1,-0.01,-1,-1,-0.01,-1,-1,-0.01,-1,-1,-0.01,-1,-1,-0.01,-1,-1,-0.01,-1,-1
99926009,2026-05-18 12:07:21+05:30,52998.6,0,0.0,0,0.0,0.0,53282.15,53308.4,52783.45,53710.35,0,0.0,0.0,0.0,0.0,-0.01,-1,-1,-0.01,-1,-1,-0.01,-1,-1,-0.01,-1,-1,-0.01,-1,-1,-0.01,-1,-1,-0.01,-1,-1,-0.01,-1,-1,-0.01,-1,-1,-0.01,-1,-1
99926009,2026-05-18 12:07:22+05:30,52997.35,0,0.0,0,0.0,0.0,53282.15,53308.4,52783.45,53710.35,0,0.0,0.0,0.0,0.0,-0.01,-1,-1,-0.01,-1,-1,-0.01,-1,-1,-0.01,-1,-1,-0.01,-1,-1,-0.01,-1,-1,-0.01,-1,-1,-0.01,-1,-1,-0.01,-1,-1,-0.01,-1,-1
99926009,2026-05-18 12:07:22+05:30,52996.7,0,0.0,0,0.0,0.0,53282.15,53308.4,52783.45,53710.35,0,0.0,0.0,0.0,0.0,-0.01,-1,-1,-0.01,-1,-1,-0.01,-1,-1,-0.01,-1,-1,-0.01,-1,-1,-0.01,-1,-1,-0.01,-1,-1,-0.01,-1,-1,-0.01,-1,-1,-0.01,-1,-1
99926009,2026-05-18 12:07:23+05:30,52995.35,0,0.0,0,0.0,0.0,53282.15,53308.4,52783.45,53710.35,0,0.0,0.0,0.0,0.0,-0.01,-1,-1,-0.01,-1,-1,-0.01,-1,-1,-0.01,-1,-1,-0.01,-1,-1,-0.01,-1,-1,-0.01,-1,-1,-0.01,-1,-1,-0.01,-1,-1,-0.01,-1,-1
99926009,2026-05-18 12:07:23+05:30,52995.55,0,0.0,0,0.0,0.0,53282.15,53308.4,52783.45,53710.35,0,0.0,0.0,0.0,0.0,-0.01,-1,-1,-0.01,-1,-1,-0.01,-1,-1,-0.01,-1,-1,-0.01,-1,-1,-0.01,-1,-1,-0.01,-1,-1,-0.01,-1,-1,-0.01,-1,-1,-0.01,-1,-1
99926009,2026-05-18 12:07:24+05:30,52995.4,0,0.0,0,0.0,0.0,53282.15,53308.4,52783.45,53710.35,0,0.0,0.0,0.0,0.0,-0.01,-1,-1,-0.01,-1,-1,-0.01,-1,-1,-0.01,-1,-1,-0.01,-1,-1,-0.01,-1,-1,-0.01,-1,-1,-0.01,-1,-1,-0.01,-1,-1,-0.01,-1,-1
99926009,2026-05-18 12:07:24+05:30,52996.1,0,0.0,0,0.0,0.0,53282.15,53308.4,52783.45,53710.35,0,0.0,0.0,0.0,0.0,-0.01,-1,-1,-0.01,-1,-1,-0.01,-1,-1,-0.01,-1,-1,-0.01,-1,-1,-0.01,-1,-1,-0.01,-1,-1,-0.01,-1,-1,-0.01,-1,-1,-0.01,-1,-1
99926009,2026-05-18 12:07:25+05:30,52999.45,0,0.0,0,0.0,0.0,53282.15,53308.4,52783.45,53710.35,0,0.0,0.0,0.0,0.0,-0.01,-1,-1,-0.01,-1,-1,-0.01,-1,-1,-0.01,-1,-1,-0.01,-1,-1,-0.01,-1,-1,-0.01,-1,-1,-0.01,-1,-1,-0.01,-1,-1,-0.01,-1,-1
99926009,2026-05-18 12:07:25+05:30,52999.6,0,0.0,0,0.0,0.0,53282.15,53308.4,52783.45,53710.35,0,0.0,0.0,0.0,0.0,-0.01,-1,-1,-0.01,-1,-1,-0.01,-1,-1,-0.01,-1,-1,-0.01,-1,-1,-0.01,-1,-1,-0.01,-1,-1,-0.01,-1,-1,-0.01,-1,-1,-0.01,-1,-1
99926009,2026-05-18 12:07:26+05:30,52999.6,0,0.0,0,0.0,0.0,53282.15,53308.4,52783.45,53710.35,0,0.0,0.0,0.0,0.0,-0.01,-1,-1,-0.01,-1,-1,-0.01,-1,-1,-0.01,-1,-1,-0.01,-1,-1,-0.01,-1,-1,-0.01,-1,-1,-0.01,-1,-1,-0.01,-1,-1,-0.01,-1,-1
99926009,2026-05-18 12:07:26+05:30,52995.3,0,0.0,0,0.0,0.0,53282.15,53308.4,52783.45,53710.35,0,0.0,0.0,0.0,0.0,-0.01,-1,-1,-0.01,-1,-1,-0.01,-1,-1,-0.01,-1,-1,-0.01,-1,-1,-0.01,-1,-1,-0.01,-1,-1,-0.01,-1,-1,-0.01,-1,-1,-0.01,-1,-1
99926009,2026-05-18 12:07:27+05:30,52996.0,0,0.0,0,0.0,0.0,53282.15,53308.4,52783.45,53710.35,0,0.0,0.0,0.0,0.0,-0.01,-1,-1,-0.01,-1,-1,-0.01,-1,-1,-0.01,-1,-1,-0.01,-1,-1,-0.01,-1,-1,-0.01,-1,-1,-0.01,-1,-1,-0.01,-1,-1,-0.01,-1,-1
99926009,2026-05-18 12:07:27+05:30,52995.55,0,0.0,0,0.0,0.0,53282.15,53308.4,52783.45,53710.35,0,0.0,0.0,0.0,0.0,-0.01,-1,-1,-0.01,-1,-1,-0.01,-1,-1,-0.01,-1,-1,-0.01,-1,-1,-0.01,-1,-1,-0.01,-1,-1,-0.01,-1,-1,-0.01,-1,-1,-0.01,-1,-1
99926009,2026-05-18 12:07:28+05:30,52995.85,0,0.0,0,0.0,0.0,53282.15,53308.4,52783.45,53710.35,0,0.0,0.0,0.0,0.0,-0.01,-1,-1,-0.01,-1,-1,-0.01,-1,-1,-0.01,-1,-1,-0.01,-1,-1,-0.01,-1,-1,-0.01,-1,-1,-0.01,-1,-1,-0.01,-1,-1,-0.01,-1,-1
99926009,2026-05-18 12:07:28+05:30,52997.1,0,0.0,0,0.0,0.0,53282.15,53308.4,52783.45,53710.35,0,0.0,0.0,0.0,0.0,-0.01,-1,-1,-0.01,-1,-1,-0.01,-1,-1,-0.01,-1,-1,-0.01,-1,-1,-0.01,-1,-1,-0.01,-1,-1,-0.01,-1,-1,-0.01,-1,-1,-0.01,-1,-1
99926009,2026-05-18 12:07:29+05:30,52996.05,0,0.0,0,0.0,0.0,53282.15,53308.4,52783.45,53710.35,0,0.0,0.0,0.0,0.0,-0.01,-1,-1,-0.01,-1,-1,-0.01,-1,-1,-0.01,-1,-1,-0.01,-1,-1,-0.01,-1,-1,-0.01,-1,-1,-0.01,-1,-1,-0.01,-1,-1,-0.01,-1,-1
99926009,2026-05-18 12:07:29+05:30,52997.4,0,0.0,0,0.0,0.0,53282.15,53308.4,52783.45,53710.35,0,0.0,0.0,0.0,0.0,-0.01,-1,-1,-0.01,-1,-1,-0.01,-1,-1,-0.01,-1,-1,-0.01,-1,-1,-0.01,-1,-1,-0.01,-1,-1,-0.01,-1,-1,-0.01,-1,-1,-0.01,-1,-1
99926009,2026-05-18 12:07:30+05:30,52998.5,0,0.0,0,0.0,0.0,53282.15,53308.4,52783.45,53710.35,0,0.0,0.0,0.0,0.0,-0.01,-1,-1,-0.01,-1,-1,-0.01,-1,-1,-0.01,-1,-1,-0.01,-1,-1,-0.01,-1,-1,-0.01,-1,-1,-0.01,-1,-1,-0.01,-1,-1,-0.01,-1,-1
99926009,2026-05-18 12:07:30+05:30,52998.1,0,0.0,0,0.0,0.0,53282.15,53308.4,52783.45,53710.35,0,0.0,0.0,0.0,0.0,-0.01,-1,-1,-0.01,-1,-1,-0.01,-1,-1,-0.01,-1,-1,-0.01,-1,-1,-0.01,-1,-1,-0.01,-1,-1,-0.01,-1,-1,-0.01,-1,-1,-0.01,-1,-1
99926009,2026-05-18 12:07:31+05:30,52999.1,0,0.0,0,0.0,0.0,53282.15,53308.4,52783.45,53710.35,0,0.0,0.0,0.0,0.0,-0.01,-1,-1,-0.01,-1,-1,-0.01,-1,-1,-0.01,-1,-1,-0.01,-1,-1,-0.01,-1,-1,-0.01,-1,-1,-0.01,-1,-1,-0.01,-1,-1,-0.01,-1,-1
99926009,2026-05-18 12:07:31+05:30,52996.25,0,0.0,0,0.0,0.0,53282.15,53308.4,52783.45,53710.35,0,0.0,0.0,0.0,0.0,-0.01,-1,-1,-0.01,-1,-1,-0.01,-1,-1,-0.01,-1,-1,-0.01,-1,-1,-0.01,-1,-1,-0.01,-1,-1,-0.01,-1,-1,-0.01,-1,-1,-0.01,-1,-1
99926009,2026-05-18 12:07:32+05:30,52995.65,0,0.0,0,0.0,0.0,53282.15,53308.4,52783.45,53710.35,0,0.0,0.0,0.0,0.0,-0.01,-1,-1,-0.01,-1,-1,-0.01,-1,-1,-0.01,-1,-1,-0.01,-1,-1,-0.01,-1,-1,-0.01,-1,-1,-0.01,-1,-1,-0.01,-1,-1,-0.01,-1,-1
99926009,2026-05-18 12:07:32+05:30,52994.85,0,0.0,0,0.0,0.0,53282.15,53308.4,52783.45,53710.35,0,0.0,0.0,0.0,0.0,-0.01,-1,-1,-0.01,-1,-1,-0.01,-1,-1,-0.01,-1,-1,-0.01,-1,-1,-0.01,-1,-1,-0.01,-1,-1,-0.01,-1,-1,-0.01,-1,-1,-0.01,-1,-1
99926009,2026-05-18 12:07:33+05:30,52995.0,0,0.0,0,0.0,0.0,53282.15,53308.4,52783.45,53710.35,0,0.0,0.0,0.0,0.0,-0.01,-1,-1,-0.01,-1,-1,-0.01,-1,-1,-0.01,-1,-1,-0.01,-1,-1,-0.01,-1,-1,-0.01,-1,-1,-0.01,-1,-1,-0.01,-1,-1,-0.01,-1,-1
99926009,2026-05-18 12:07:33+05:30,52992.65,0,0.0,0,0.0,0.0,53282.15,53308.4,52783.45,53710.35,0,0.0,0.0,0.0,0.0,-0.01,-1,-1,-0.01,-1,-1,-0.01,-1,-1,-0.01,-1,-1,-0.01,-1,-1,-0.01,-1,-1,-0.01,-1,-1,-0.01,-1,-1,-0.01,-1,-1,-0.01,-1,-1
99926009,2026-05-18 12:07:34+05:30,52993.15,0,0.0,0,0.0,0.0,53282.15,53308.4,52783.45,53710.35,0,0.0,0.0,0.0,0.0,-0.01,-1,-1,-0.01,-1,-1,-0.01,-1,-1,-0.01,-1,-1,-0.01,-1,-1,-0.01,-1,-1,-0.01,-1,-1,-0.01,-1,-1,-0.01,-1,-1,-0.01,-1,-1
99926009,2026-05-18 12:07:34+05:30,52992.4,0,0.0,0,0.0,0.0,53282.15,53308.4,52783.45,53710.35,0,0.0,0.0,0.0,0.0,-0.01,-1,-1,-0.01,-1,-1,-0.01,-1,-1,-0.01,-1,-1,-0.01,-1,-1,-0.01,-1,-1,-0.01,-1,-1,-0.01,-1,-1,-0.01,-1,-1,-0.01,-1,-1
99926009,2026-05-18 12:07:35+05:30,52994.45,0,0.0,0,0.0,0.0,53282.15,53308.4,52783.45,53710.35,0,0.0,0.0,0.0,0.0,-0.01,-1,-1,-0.01,-1,-1,-0.01,-1,-1,-0.01,-1,-1,-0.01,-1,-1,-0.01,-1,-1,-0.01,-1,-1,-0.01,-1,-1,-0.01,-1,-1,-0.01,-1,-1
99926009,2026-05-18 12:07:35+05:30,52994.55,0,0.0,0,0.0,0.0,53282.15,53308.4,52783.45,53710.35,0,0.0,0.0,0.0,0.0,-0.01,-1,-1,-0.01,-1,-1,-0.01,-1,-1,-0.01,-1,-1,-0.01,-1,-1,-0.01,-1,-1,-0.01,-1,-1,-0.01,-1,-1,-0.01,-1,-1,-0.01,-1,-1
99926009,2026-05-18 12:07:36+05:30,52996.4,0,0.0,0,0.0,0.0,53282.15,53308.4,52783.45,53710.35,0,0.0,0.0,0.0,0.0,-0.01,-1,-1,-0.01,-1,-1,-0.01,-1,-1,-0.01,-1,-1,-0.01,-1,-1,-0.01,-1,-1,-0.01,-1,-1,-0.01,-1,-1,-0.01,-1,-1,-0.01,-1,-1
99926009,2026-05-18 12:07:36+05:30,52995.8,0,0.0,0,0.0,0.0,53282.15,53308.4,52783.45,53710.35,0,0.0,0.0,0.0,0.0,-0.01,-1,-1,-0.01,-1,-1,-0.01,-1,-1,-0.01,-1,-1,-0.01,-1,-1,-0.01,-1,-1,-0.01,-1,-1,-0.01,-1,-1,-0.01,-1,-1,-0.01,-1,-1
99926009,2026-05-18 12:07:37+05:30,52994.2,0,0.0,0,0.0,0.0,53282.15,53308.4,52783.45,53710.35,0,0.0,0.0,0.0,0.0,-0.01,-1,-1,-0.01,-1,-1,-0.01,-1,-1,-0.01,-1,-1,-0.01,-1,-1,-0.01,-1,-1,-0.01,-1,-1,-0.01,-1,-1,-0.01,-1,-1,-0.01,-1,-1
99926009,2026-05-18 12:07:37+05:30,52993.5,0,0.0,0,0.0,0.0,53282.15,53308.4,52783.45,53710.35,0,0.0,0.0,0.0,0.0,-0.01,-1,-1,-0.01,-1,-1,-0.01,-1,-1,-0.01,-1,-1,-0.01,-1,-1,-0.01,-1,-1,-0.01,-1,-1,-0.01,-1,-1,-0.01,-1,-1,-0.01,-1,-1
99926009,2026-05-18 12:07:38+05:30,52993.35,0,0.0,0,0.0,0.0,53282.15,53308.4,52783.45,53710.35,0,0.0,0.0,0.0,0.0,-0.01,-1,-1,-0.01,-1,-1,-0.01,-1,-1,-0.01,-1,-1,-0.01,-1,-1,-0.01,-1,-1,-0.01,-1,-1,-0.01,-1,-1,-0.01,-1,-1,-0.01,-1,-1
99926009,2026-05-18 12:07:38+05:30,52993.75,0,0.0,0,0.0,0.0,53282.15,53308.4,52783.45,53710.35,0,0.0,0.0,0.0,0.0,-0.01,-1,-1,-0.01,-1,-1,-0.01,-1,-1,-0.01,-1,-1,-0.01,-1,-1,-0.01,-1,-1,-0.01,-1,-1,-0.01,-1,-1,-0.01,-1,-1,-0.01,-1,-1
99926009,2026-05-18 12:07:39+05:30,52994.4,0,0.0,0,0.0,0.0,53282.15,53308.4,52783.45,53710.35,0,0.0,0.0,0.0,0.0,-0.01,-1,-1,-0.01,-1,-1,-0.01,-1,-1,-0.01,-1,-1,-0.01,-1,-1,-0.01,-1,-1,-0.01,-1,-1,-0.01,-1,-1,-0.01,-1,-1,-0.01,-1,-1
99926009,2026-05-18 12:07:39+05:30,52993.2,0,0.0,0,0.0,0.0,53282.15,53308.4,52783.45,53710.35,0,0.0,0.0,0.0,0.0,-0.01,-1,-1,-0.01,-1,-1,-0.01,-1,-1,-0.01,-1,-1,-0.01,-1,-1,-0.01,-1,-1,-0.01,-1,-1,-0.01,-1,-1,-0.01,-1,-1,-0.01,-1,-1
99926009,2026-05-18 12:07:40+05:30,52995.5,0,0.0,0,0.0,0.0,53282.15,53308.4,52783.45,53710.35,0,0.0,0.0,0.0,0.0,-0.01,-1,-1,-0.01,-1,-1,-0.01,-1,-1,-0.01,-1,-1,-0.01,-1,-1,-0.01,-1,-1,-0.01,-1,-1,-0.01,-1,-1,-0.01,-1,-1,-0.01,-1,-1
99926009,2026-05-18 12:07:40+05:30,52994.4,0,0.0,0,0.0,0.0,53282.15,53308.4,52783.45,53710.35,0,0.0,0.0,0.0,0.0,-0.01,-1,-1,-0.01,-1,-1,-0.01,-1,-1,-0.01,-1,-1,-0.01,-1,-1,-0.01,-1,-1,-0.01,-1,-1,-0.01,-1,-1,-0.01,-1,-1,-0.01,-1,-1
99926009,2026-05-18 12:07:41+05:30,52995.2,0,0.0,0,0.0,0.0,53282.15,53308.4,52783.45,53710.35,0,0.0,0.0,0.0,0.0,-0.01,-1,-1,-0.01,-1,-1,-0.01,-1,-1,-0.01,-1,-1,-0.01,-1,-1,-0.01,-1,-1,-0.01,-1,-1,-0.01,-1,-1,-0.01,-1,-1,-0.01,-1,-1
99926009,2026-05-18 12:07:41+05:30,52994.55,0,0.0,0,0.0,0.0,53282.15,53308.4,52783.45,53710.35,0,0.0,0.0,0.0,0.0,-0.01,-1,-1,-0.01,-1,-1,-0.01,-1,-1,-0.01,-1,-1,-0.01,-1,-1,-0.01,-1,-1,-0.01,-1,-1,-0.01,-1,-1,-0.01,-1,-1,-0.01,-1,-1
99926009,2026-05-18 12:07:42+05:30,52994.4,0,0.0,0,0.0,0.0,53282.15,53308.4,52783.45,53710.35,0,0.0,0.0,0.0,0.0,-0.01,-1,-1,-0.01,-1,-1,-0.01,-1,-1,-0.01,-1,-1,-0.01,-1,-1,-0.01,-1,-1,-0.01,-1,-1,-0.01,-1,-1,-0.01,-1,-1,-0.01,-1,-1
99926009,2026-05-18 12:07:42+05:30,52992.95,0,0.0,0,0.0,0.0,53282.15,53308.4,52783.45,53710.35,0,0.0,0.0,0.0,0.0,-0.01,-1,-1,-0.01,-1,-1,-0.01,-1,-1,-0.01,-1,-1,-0.01,-1,-1,-0.01,-1,-1,-0.01,-1,-1,-0.01,-1,-1,-0.01,-1,-1,-0.01,-1,-1
99926009,2026-05-18 12:07:43+05:30,52994.65,0,0.0,0,0.0,0.0,53282.15,53308.4,52783.45,53710.35,0,0.0,0.0,0.0,0.0,-0.01,-1,-1,-0.01,-1,-1,-0.01,-1,-1,-0.01,-1,-1,-0.01,-1,-1,-0.01,-1,-1,-0.01,-1,-1,-0.01,-1,-1,-0.01,-1,-1,-0.01,-1,-1
99926009,2026-05-18 12:07:43+05:30,52993.7,0,0.0,0,0.0,0.0,53282.15,53308.4,52783.45,53710.35,0,0.0,0.0,0.0,0.0,-0.01,-1,-1,-0.01,-1,-1,-0.01,-1,-1,-0.01,-1,-1,-0.01,-1,-1,-0.01,-1,-1,-0.01,-1,-1,-0.01,-1,-1,-0.01,-1,-1,-0.01,-1,-1
99926009,2026-05-18 12:07:44+05:30,52995.45,0,0.0,0,0.0,0.0,53282.15,53308.4,52783.45,53710.35,0,0.0,0.0,0.0,0.0,-0.01,-1,-1,-0.01,-1,-1,-0.01,-1,-1,-0.01,-1,-1,-0.01,-1,-1,-0.01,-1,-1,-0.01,-1,-1,-0.01,-1,-1,-0.01,-1,-1,-0.01,-1,-1
99926009,2026-05-18 12:07:44+05:30,52993.7,0,0.0,0,0.0,0.0,53282.15,53308.4,52783.45,53710.35,0,0.0,0.0,0.0,0.0,-0.01,-1,-1,-0.01,-1,-1,-0.01,-1,-1,-0.01,-1,-1,-0.01,-1,-1,-0.01,-1,-1,-0.01,-1,-1,-0.01,-1,-1,-0.01,-1,-1,-0.01,-1,-1
99926009,2026-05-18 12:07:45+05:30,52995.6,0,0.0,0,0.0,0.0,53282.15,53308.4,52783.45,53710.35,0,0.0,0.0,0.0,0.0,-0.01,-1,-1,-0.01,-1,-1,-0.01,-1,-1,-0.01,-1,-1,-0.01,-1,-1,-0.01,-1,-1,-0.01,-1,-1,-0.01,-1,-1,-0.01,-1,-1,-0.01,-1,-1
99926009,2026-05-18 12:07:45+05:30,52994.5,0,0.0,0,0.0,0.0,53282.15,53308.4,52783.45,53710.35,0,0.0,0.0,0.0,0.0,-0.01,-1,-1,-0.01,-1,-1,-0.01,-1,-1,-0.01,-1,-1,-0.01,-1,-1,-0.01,-1,-1,-0.01,-1,-1,-0.01,-1,-1,-0.01,-1,-1,-0.01,-1,-1
99926009,2026-05-18 12:07:46+05:30,52995.45,0,0.0,0,0.0,0.0,53282.15,53308.4,52783.45,53710.35,0,0.0,0.0,0.0,0.0,-0.01,-1,-1,-0.01,-1,-1,-0.01,-1,-1,-0.01,-1,-1,-0.01,-1,-1,-0.01,-1,-1,-0.01,-1,-1,-0.01,-1,-1,-0.01,-1,-1,-0.01,-1,-1
99926009,2026-05-18 12:07:46+05:30,52994.6,0,0.0,0,0.0,0.0,53282.15,53308.4,52783.45,53710.35,0,0.0,0.0,0.0,0.0,-0.01,-1,-1,-0.01,-1,-1,-0.01,-1,-1,-0.01,-1,-1,-0.01,-1,-1,-0.01,-1,-1,-0.01,-1,-1,-0.01,-1,-1,-0.01,-1,-1,-0.01,-1,-1
99926009,2026-05-18 12:07:47+05:30,52993.5,0,0.0,0,0.0,0.0,53282.15,53308.4,52783.45,53710.35,0,0.0,0.0,0.0,0.0,-0.01,-1,-1,-0.01,-1,-1,-0.01,-1,-1,-0.01,-1,-1,-0.01,-1,-1,-0.01,-1,-1,-0.01,-1,-1,-0.01,-1,-1,-0.01,-1,-1,-0.01,-1,-1
99926009,2026-05-18 12:07:47+05:30,52993.5,0,0.0,0,0.0,0.0,53282.15,53308.4,52783.45,53710.35,0,0.0,0.0,0.0,0.0,-0.01,-1,-1,-0.01,-1,-1,-0.01,-1,-1,-0.01,-1,-1,-0.01,-1,-1,-0.01,-1,-1,-0.01,-1,-1,-0.01,-1,-1,-0.01,-1,-1,-0.01,-1,-1
99926009,2026-05-18 12:07:48+05:30,52994.95,0,0.0,0,0.0,0.0,53282.15,53308.4,52783.45,53710.35,0,0.0,0.0,0.0,0.0,-0.01,-1,-1,-0.01,-1,-1,-0.01,-1,-1,-0.01,-1,-1,-0.01,-1,-1,-0.01,-1,-1,-0.01,-1,-1,-0.01,-1,-1,-0.01,-1,-1,-0.01,-1,-1
99926009,2026-05-18 12:07:48+05:30,52993.45,0,0.0,0,0.0,0.0,53282.15,53308.4,52783.45,53710.35,0,0.0,0.0,0.0,0.0,-0.01,-1,-1,-0.01,-1,-1,-0.01,-1,-1,-0.01,-1,-1,-0.01,-1,-1,-0.01,-1,-1,-0.01,-1,-1,-0.01,-1,-1,-0.01,-1,-1,-0.01,-1,-1
99926009,2026-05-18 12:07:49+05:30,52996.8,0,0.0,0,0.0,0.0,53282.15,53308.4,52783.45,53710.35,0,0.0,0.0,0.0,0.0,-0.01,-1,-1,-0.01,-1,-1,-0.01,-1,-1,-0.01,-1,-1,-0.01,-1,-1,-0.01,-1,-1,-0.01,-1,-1,-0.01,-1,-1,-0.01,-1,-1,-0.01,-1,-1
99926009,2026-05-18 12:07:49+05:30,52995.3,0,0.0,0,0.0,0.0,53282.15,53308.4,52783.45,53710.35,0,0.0,0.0,0.0,0.0,-0.01,-1,-1,-0.01,-1,-1,-0.01,-1,-1,-0.01,-1,-1,-0.01,-1,-1,-0.01,-1,-1,-0.01,-1,-1,-0.01,-1,-1,-0.01,-1,-1,-0.01,-1,-1
99926009,2026-05-18 12:07:50+05:30,52997.45,0,0.0,0,0.0,0.0,53282.15,53308.4,52783.45,53710.35,0,0.0,0.0,0.0,0.0,-0.01,-1,-1,-0.01,-1,-1,-0.01,-1,-1,-0.01,-1,-1,-0.01,-1,-1,-0.01,-1,-1,-0.01,-1,-1,-0.01,-1,-1,-0.01,-1,-1,-0.01,-1,-1
99926009,2026-05-18 12:07:50+05:30,52996.8,0,0.0,0,0.0,0.0,53282.15,53308.4,52783.45,53710.35,0,0.0,0.0,0.0,0.0,-0.01,-1,-1,-0.01,-1,-1,-0.01,-1,-1,-0.01,-1,-1,-0.01,-1,-1,-0.01,-1,-1,-0.01,-1,-1,-0.01,-1,-1,-0.01,-1,-1,-0.01,-1,-1
99926009,2026-05-18 12:07:51+05:30,52996.55,0,0.0,0,0.0,0.0,53282.15,53308.4,52783.45,53710.35,0,0.0,0.0,0.0,0.0,-0.01,-1,-1,-0.01,-1,-1,-0.01,-1,-1,-0.01,-1,-1,-0.01,-1,-1,-0.01,-1,-1,-0.01,-1,-1,-0.01,-1,-1,-0.01,-1,-1,-0.01,-1,-1
99926009,2026-05-18 12:07:51+05:30,52997.3,0,0.0,0,0.0,0.0,53282.15,53308.4,52783.45,53710.35,0,0.0,0.0,0.0,0.0,-0.01,-1,-1,-0.01,-1,-1,-0.01,-1,-1,-0.01,-1,-1,-0.01,-1,-1,-0.01,-1,-1,-0.01,-1,-1,-0.01,-1,-1,-0.01,-1,-1,-0.01,-1,-1
99926009,2026-05-18 12:07:52+05:30,52997.75,0,0.0,0,0.0,0.0,53282.15,53308.4,52783.45,53710.35,0,0.0,0.0,0.0,0.0,-0.01,-1,-1,-0.01,-1,-1,-0.01,-1,-1,-0.01,-1,-1,-0.01,-1,-1,-0.01,-1,-1,-0.01,-1,-1,-0.01,-1,-1,-0.01,-1,-1,-0.01,-1,-1
99926009,2026-05-18 12:07:52+05:30,53000.35,0,0.0,0,0.0,0.0,53282.15,53308.4,52783.45,53710.35,0,0.0,0.0,0.0,0.0,-0.01,-1,-1,-0.01,-1,-1,-0.01,-1,-1,-0.01,-1,-1,-0.01,-1,-1,-0.01,-1,-1,-0.01,-1,-1,-0.01,-1,-1,-0.01,-1,-1,-0.01,-1,-1
99926009,2026-05-18 12:07:53+05:30,53002.05,0,0.0,0,0.0,0.0,53282.15,53308.4,52783.45,53710.35,0,0.0,0.0,0.0,0.0,-0.01,-1,-1,-0.01,-1,-1,-0.01,-1,-1,-0.01,-1,-1,-0.01,-1,-1,-0.01,-1,-1,-0.01,-1,-1,-0.01,-1,-1,-0.01,-1,-1,-0.01,-1,-1
99926009,2026-05-18 12:07:53+05:30,53001.6,0,0.0,0,0.0,0.0,53282.15,53308.4,52783.45,53710.35,0,0.0,0.0,0.0,0.0,-0.01,-1,-1,-0.01,-1,-1,-0.01,-1,-1,-0.01,-1,-1,-0.01,-1,-1,-0.01,-1,-1,-0.01,-1,-1,-0.01,-1,-1,-0.01,-1,-1,-0.01,-1,-1
99926009,2026-05-18 12:07:54+05:30,53002.25,0,0.0,0,0.0,0.0,53282.15,53308.4,52783.45,53710.35,0,0.0,0.0,0.0,0.0,-0.01,-1,-1,-0.01,-1,-1,-0.01,-1,-1,-0.01,-1,-1,-0.01,-1,-1,-0.01,-1,-1,-0.01,-1,-1,-0.01,-1,-1,-0.01,-1,-1,-0.01,-1,-1
99926009,2026-05-18 12:07:54+05:30,53006.0,0,0.0,0,0.0,0.0,53282.15,53308.4,52783.45,53710.35,0,0.0,0.0,0.0,0.0,-0.01,-1,-1,-0.01,-1,-1,-0.01,-1,-1,-0.01,-1,-1,-0.01,-1,-1,-0.01,-1,-1,-0.01,-1,-1,-0.01,-1,-1,-0.01,-1,-1,-0.01,-1,-1
99926009,2026-05-18 12:07:55+05:30,53010.9,0,0.0,0,0.0,0.0,53282.15,53308.4,52783.45,53710.35,0,0.0,0.0,0.0,0.0,-0.01,-1,-1,-0.01,-1,-1,-0.01,-1,-1,-0.01,-1,-1,-0.01,-1,-1,-0.01,-1,-1,-0.01,-1,-1,-0.01,-1,-1,-0.01,-1,-1,-0.01,-1,-1
99926009,2026-05-18 12:07:55+05:30,53008.0,0,0.0,0,0.0,0.0,53282.15,53308.4,52783.45,53710.35,0,0.0,0.0,0.0,0.0,-0.01,-1,-1,-0.01,-1,-1,-0.01,-1,-1,-0.01,-1,-1,-0.01,-1,-1,-0.01,-1,-1,-0.01,-1,-1,-0.01,-1,-1,-0.01,-1,-1,-0.01,-1,-1
99926009,2026-05-18 12:07:56+05:30,53008.05,0,0.0,0,0.0,0.0,53282.15,53308.4,52783.45,53710.35,0,0.0,0.0,0.0,0.0,-0.01,-1,-1,-0.01,-1,-1,-0.01,-1,-1,-0.01,-1,-1,-0.01,-1,-1,-0.01,-1,-1,-0.01,-1,-1,-0.01,-1,-1,-0.01,-1,-1,-0.01,-1,-1
99926009,2026-05-18 12:07:56+05:30,53006.55,0,0.0,0,0.0,0.0,53282.15,53308.4,52783.45,53710.35,0,0.0,0.0,0.0,0.0,-0.01,-1,-1,-0.01,-1,-1,-0.01,-1,-1,-0.01,-1,-1,-0.01,-1,-1,-0.01,-1,-1,-0.01,-1,-1,-0.01,-1,-1,-0.01,-1,-1,-0.01,-1,-1
99926009,2026-05-18 12:07:57+05:30,53008.15,0,0.0,0,0.0,0.0,53282.15,53308.4,52783.45,53710.35,0,0.0,0.0,0.0,0.0,-0.01,-1,-1,-0.01,-1,-1,-0.01,-1,-1,-0.01,-1,-1,-0.01,-1,-1,-0.01,-1,-1,-0.01,-1,-1,-0.01,-1,-1,-0.01,-1,-1,-0.01,-1,-1
99926009,2026-05-18 12:07:57+05:30,53009.9,0,0.0,0,0.0,0.0,53282.15,53308.4,52783.45,53710.35,0,0.0,0.0,0.0,0.0,-0.01,-1,-1,-0.01,-1,-1,-0.01,-1,-1,-0.01,-1,-1,-0.01,-1,-1,-0.01,-1,-1,-0.01,-1,-1,-0.01,-1,-1,-0.01,-1,-1,-0.01,-1,-1
99926009,2026-05-18 12:07:58+05:30,53006.4,0,0.0,0,0.0,0.0,53282.15,53308.4,52783.45,53710.35,0,0.0,0.0,0.0,0.0,-0.01,-1,-1,-0.01,-1,-1,-0.01,-1,-1,-0.01,-1,-1,-0.01,-1,-1,-0.01,-1,-1,-0.01,-1,-1,-0.01,-1,-1,-0.01,-1,-1,-0.01,-1,-1
99926009,2026-05-18 12:07:58+05:30,53007.9,0,0.0,0,0.0,0.0,53282.15,53308.4,52783.45,53710.35,0,0.0,0.0,0.0,0.0,-0.01,-1,-1,-0.01,-1,-1,-0.01,-1,-1,-0.01,-1,-1,-0.01,-1,-1,-0.01,-1,-1,-0.01,-1,-1,-0.01,-1,-1,-0.01,-1,-1,-0.01,-1,-1
99926009,2026-05-18 12:07:59+05:30,53008.0,0,0.0,0,0.0,0.0,53282.15,53308.4,52783.45,53710.35,0,0.0,0.0,0.0,0.0,-0.01,-1,-1,-0.01,-1,-1,-0.01,-1,-1,-0.01,-1,-1,-0.01,-1,-1,-0.01,-1,-1,-0.01,-1,-1,-0.01,-1,-1,-0.01,-1,-1,-0.01,-1,-1
99926009,2026-05-18 12:07:59+05:30,53004.5,0,0.0,0,0.0,0.0,53282.15,53308.4,52783.45,53710.35,0,0.0,0.0,0.0,0.0,-0.01,-1,-1,-0.01,-1,-1,-0.01,-1,-1,-0.01,-1,-1,-0.01,-1,-1,-0.01,-1,-1,-0.01,-1,-1,-0.01,-1,-1,-0.01,-1,-1,-0.01,-1,-1
99926009,2026-05-18 12:08:00+05:30,53008.5,0,0.0,0,0.0,0.0,53282.15,53308.4,52783.45,53710.35,0,0.0,0.0,0.0,0.0,-0.01,-1,-1,-0.01,-1,-1,-0.01,-1,-1,-0.01,-1,-1,-0.01,-1,-1,-0.01,-1,-1,-0.01,-1,-1,-0.01,-1,-1,-0.01,-1,-1,-0.01,-1,-1
99926009,2026-05-18 12:08:00+05:30,53009.5,0,0.0,0,0.0,0.0,53282.15,53308.4,52783.45,53710.35,0,0.0,0.0,0.0,0.0,-0.01,-1,-1,-0.01,-1,-1,-0.01,-1,-1,-0.01,-1,-1,-0.01,-1,-1,-0.01,-1,-1,-0.01,-1,-1,-0.01,-1,-1,-0.01,-1,-1,-0.01,-1,-1
99926009,2026-05-18 12:08:01+05:30,53010.1,0,0.0,0,0.0,0.0,53282.15,53308.4,52783.45,53710.35,0,0.0,0.0,0.0,0.0,-0.01,-1,-1,-0.01,-1,-1,-0.01,-1,-1,-0.01,-1,-1,-0.01,-1,-1,-0.01,-1,-1,-0.01,-1,-1,-0.01,-1,-1,-0.01,-1,-1,-0.01,-1,-1
99926009,2026-05-18 12:08:01+05:30,53008.9,0,0.0,0,0.0,0.0,53282.15,53308.4,52783.45,53710.35,0,0.0,0.0,0.0,0.0,-0.01,-1,-1,-0.01,-1,-1,-0.01,-1,-1,-0.01,-1,-1,-0.01,-1,-1,-0.01,-1,-1,-0.01,-1,-1,-0.01,-1,-1,-0.01,-1,-1,-0.01,-1,-1
99926009,2026-05-18 12:08:02+05:30,53007.9,0,0.0,0,0.0,0.0,53282.15,53308.4,52783.45,53710.35,0,0.0,0.0,0.0,0.0,-0.01,-1,-1,-0.01,-1,-1,-0.01,-1,-1,-0.01,-1,-1,-0.01,-1,-1,-0.01,-1,-1,-0.01,-1,-1,-0.01,-1,-1,-0.01,-1,-1,-0.01,-1,-1
99926009,2026-05-18 12:08:02+05:30,53009.0,0,0.0,0,0.0,0.0,53282.15,53308.4,52783.45,53710.35,0,0.0,0.0,0.0,0.0,-0.01,-1,-1,-0.01,-1,-1,-0.01,-1,-1,-0.01,-1,-1,-0.01,-1,-1,-0.01,-1,-1,-0.01,-1,-1,-0.01,-1,-1,-0.01,-1,-1,-0.01,-1,-1
99926009,2026-05-18 12:08:03+05:30,53009.7,0,0.0,0,0.0,0.0,53282.15,53308.4,52783.45,53710.35,0,0.0,0.0,0.0,0.0,-0.01,-1,-1,-0.01,-1,-1,-0.01,-1,-1,-0.01,-1,-1,-0.01,-1,-1,-0.01,-1,-1,-0.01,-1,-1,-0.01,-1,-1,-0.01,-1,-1,-0.01,-1,-1
99926009,2026-05-18 12:08:03+05:30,53008.3,0,0.0,0,0.0,0.0,53282.15,53308.4,52783.45,53710.35,0,0.0,0.0,0.0,0.0,-0.01,-1,-1,-0.01,-1,-1,-0.01,-1,-1,-0.01,-1,-1,-0.01,-1,-1,-0.01,-1,-1,-0.01,-1,-1,-0.01,-1,-1,-0.01,-1,-1,-0.01,-1,-1
99926009,2026-05-18 12:08:04+05:30,53006.7,0,0.0,0,0.0,0.0,53282.15,53308.4,52783.45,53710.35,0,0.0,0.0,0.0,0.0,-0.01,-1,-1,-0.01,-1,-1,-0.01,-1,-1,-0.01,-1,-1,-0.01,-1,-1,-0.01,-1,-1,-0.01,-1,-1,-0.01,-1,-1,-0.01,-1,-1,-0.01,-1,-1
99926009,2026-05-18 12:08:04+05:30,53007.55,0,0.0,0,0.0,0.0,53282.15,53308.4,52783.45,53710.35,0,0.0,0.0,0.0,0.0,-0.01,-1,-1,-0.01,-1,-1,-0.01,-1,-1,-0.01,-1,-1,-0.01,-1,-1,-0.01,-1,-1,-0.01,-1,-1,-0.01,-1,-1,-0.01,-1,-1,-0.01,-1,-1
99926009,2026-05-18 12:08:05+05:30,53009.95,0,0.0,0,0.0,0.0,53282.15,53308.4,52783.45,53710.35,0,0.0,0.0,0.0,0.0,-0.01,-1,-1,-0.01,-1,-1,-0.01,-1,-1,-0.01,-1,-1,-0.01,-1,-1,-0.01,-1,-1,-0.01,-1,-1,-0.01,-1,-1,-0.01,-1,-1,-0.01,-1,-1
99926009,2026-05-18 12:08:05+05:30,53010.45,0,0.0,0,0.0,0.0,53282.15,53308.4,52783.45,53710.35,0,0.0,0.0,0.0,0.0,-0.01,-1,-1,-0.01,-1,-1,-0.01,-1,-1,-0.01,-1,-1,-0.01,-1,-1,-0.01,-1,-1,-0.01,-1,-1,-0.01,-1,-1,-0.01,-1,-1,-0.01,-1,-1
99926009,2026-05-18 12:08:06+05:30,53010.55,0,0.0,0,0.0,0.0,53282.15,53308.4,52783.45,53710.35,0,0.0,0.0,0.0,0.0,-0.01,-1,-1,-0.01,-1,-1,-0.01,-1,-1,-0.01,-1,-1,-0.01,-1,-1,-0.01,-1,-1,-0.01,-1,-1,-0.01,-1,-1,-0.01,-1,-1,-0.01,-1,-1
99926009,2026-05-18 12:08:06+05:30,53010.0,0,0.0,0,0.0,0.0,53282.15,53308.4,52783.45,53710.35,0,0.0,0.0,0.0,0.0,-0.01,-1,-1,-0.01,-1,-1,-0.01,-1,-1,-0.01,-1,-1,-0.01,-1,-1,-0.01,-1,-1,-0.01,-1,-1,-0.01,-1,-1,-0.01,-1,-1,-0.01,-1,-1
99926009,2026-05-18 12:08:07+05:30,53009.2,0,0.0,0,0.0,0.0,53282.15,53308.4,52783.45,53710.35,0,0.0,0.0,0.0,0.0,-0.01,-1,-1,-0.01,-1,-1,-0.01,-1,-1,-0.01,-1,-1,-0.01,-1,-1,-0.01,-1,-1,-0.01,-1,-1,-0.01,-1,-1,-0.01,-1,-1,-0.01,-1,-1
99926009,2026-05-18 12:08:07+05:30,53006.0,0,0.0,0,0.0,0.0,53282.15,53308.4,52783.45,53710.35,0,0.0,0.0,0.0,0.0,-0.01,-1,-1,-0.01,-1,-1,-0.01,-1,-1,-0.01,-1,-1,-0.01,-1,-1,-0.01,-1,-1,-0.01,-1,-1,-0.01,-1,-1,-0.01,-1,-1,-0.01,-1,-1
99926009,2026-05-18 12:08:08+05:30,53004.65,0,0.0,0,0.0,0.0,53282.15,53308.4,52783.45,53710.35,0,0.0,0.0,0.0,0.0,-0.01,-1,-1,-0.01,-1,-1,-0.01,-1,-1,-0.01,-1,-1,-0.01,-1,-1,-0.01,-1,-1,-0.01,-1,-1,-0.01,-1,-1,-0.01,-1,-1,-0.01,-1,-1
99926009,2026-05-18 12:08:08+05:30,53005.65,0,0.0,0,0.0,0.0,53282.15,53308.4,52783.45,53710.35,0,0.0,0.0,0.0,0.0,-0.01,-1,-1,-0.01,-1,-1,-0.01,-1,-1,-0.01,-1,-1,-0.01,-1,-1,-0.01,-1,-1,-0.01,-1,-1,-0.01,-1,-1,-0.01,-1,-1,-0.01,-1,-1
99926009,2026-05-18 12:08:09+05:30,53005.65,0,0.0,0,0.0,0.0,53282.15,53308.4,52783.45,53710.35,0,0.0,0.0,0.0,0.0,-0.01,-1,-1,-0.01,-1,-1,-0.01,-1,-1,-0.01,-1,-1,-0.01,-1,-1,-0.01,-1,-1,-0.01,-1,-1,-0.01,-1,-1,-0.01,-1,-1,-0.01,-1,-1
99926009,2026-05-18 12:08:09+05:30,53006.7,0,0.0,0,0.0,0.0,53282.15,53308.4,52783.45,53710.35,0,0.0,0.0,0.0,0.0,-0.01,-1,-1,-0.01,-1,-1,-0.01,-1,-1,-0.01,-1,-1,-0.01,-1,-1,-0.01,-1,-1,-0.01,-1,-1,-0.01,-1,-1,-0.01,-1,-1,-0.01,-1,-1
99926009,2026-05-18 12:08:10+05:30,53008.4,0,0.0,0,0.0,0.0,53282.15,53308.4,52783.45,53710.35,0,0.0,0.0,0.0,0.0,-0.01,-1,-1,-0.01,-1,-1,-0.01,-1,-1,-0.01,-1,-1,-0.01,-1,-1,-0.01,-1,-1,-0.01,-1,-1,-0.01,-1,-1,-0.01,-1,-1,-0.01,-1,-1
99926009,2026-05-18 12:08:10+05:30,53007.3,0,0.0,0,0.0,0.0,53282.15,53308.4,52783.45,53710.35,0,0.0,0.0,0.0,0.0,-0.01,-1,-1,-0.01,-1,-1,-0.01,-1,-1,-0.01,-1,-1,-0.01,-1,-1,-0.01,-1,-1,-0.01,-1,-1,-0.01,-1,-1,-0.01,-1,-1,-0.01,-1,-1
99926009,2026-05-18 12:08:11+05:30,53008.85,0,0.0,0,0.0,0.0,53282.15,53308.4,52783.45,53710.35,0,0.0,0.0,0.0,0.0,-0.01,-1,-1,-0.01,-1,-1,-0.01,-1,-1,-0.01,-1,-1,-0.01,-1,-1,-0.01,-1,-1,-0.01,-1,-1,-0.01,-1,-1,-0.01,-1,-1,-0.01,-1,-1
99926009,2026-05-18 12:08:11+05:30,53009.85,0,0.0,0,0.0,0.0,53282.15,53308.4,52783.45,53710.35,0,0.0,0.0,0.0,0.0,-0.01,-1,-1,-0.01,-1,-1,-0.01,-1,-1,-0.01,-1,-1,-0.01,-1,-1,-0.01,-1,-1,-0.01,-1,-1,-0.01,-1,-1,-0.01,-1,-1,-0.01,-1,-1
99926009,2026-05-18 12:08:12+05:30,53008.35,0,0.0,0,0.0,0.0,53282.15,53308.4,52783.45,53710.35,0,0.0,0.0,0.0,0.0,-0.01,-1,-1,-0.01,-1,-1,-0.01,-1,-1,-0.01,-1,-1,-0.01,-1,-1,-0.01,-1,-1,-0.01,-1,-1,-0.01,-1,-1,-0.01,-1,-1,-0.01,-1,-1
99926009,2026-05-18 12:08:12+05:30,53008.7,0,0.0,0,0.0,0.0,53282.15,53308.4,52783.45,53710.35,0,0.0,0.0,0.0,0.0,-0.01,-1,-1,-0.01,-1,-1,-0.01,-1,-1,-0.01,-1,-1,-0.01,-1,-1,-0.01,-1,-1,-0.01,-1,-1,-0.01,-1,-1,-0.01,-1,-1,-0.01,-1,-1
99926009,2026-05-18 12:08:13+05:30,53011.05,0,0.0,0,0.0,0.0,53282.15,53308.4,52783.45,53710.35,0,0.0,0.0,0.0,0.0,-0.01,-1,-1,-0.01,-1,-1,-0.01,-1,-1,-0.01,-1,-1,-0.01,-1,-1,-0.01,-1,-1,-0.01,-1,-1,-0.01,-1,-1,-0.01,-1,-1,-0.01,-1,-1
99926009,2026-05-18 12:08:13+05:30,53009.6,0,0.0,0,0.0,0.0,53282.15,53308.4,52783.45,53710.35,0,0.0,0.0,0.0,0.0,-0.01,-1,-1,-0.01,-1,-1,-0.01,-1,-1,-0.01,-1,-1,-0.01,-1,-1,-0.01,-1,-1,-0.01,-1,-1,-0.01,-1,-1,-0.01,-1,-1,-0.01,-1,-1
99926009,2026-05-18 12:08:14+05:30,53009.85,0,0.0,0,0.0,0.0,53282.15,53308.4,52783.45,53710.35,0,0.0,0.0,0.0,0.0,-0.01,-1,-1,-0.01,-1,-1,-0.01,-1,-1,-0.01,-1,-1,-0.01,-1,-1,-0.01,-1,-1,-0.01,-1,-1,-0.01,-1,-1,-0.01,-1,-1,-0.01,-1,-1
99926009,2026-05-18 12:08:14+05:30,53008.8,0,0.0,0,0.0,0.0,53282.15,53308.4,52783.45,53710.35,0,0.0,0.0,0.0,0.0,-0.01,-1,-1,-0.01,-1,-1,-0.01,-1,-1,-0.01,-1,-1,-0.01,-1,-1,-0.01,-1,-1,-0.01,-1,-1,-0.01,-1,-1,-0.01,-1,-1,-0.01,-1,-1
99926009,2026-05-18 12:08:15+05:30,53012.0,0,0.0,0,0.0,0.0,53282.15,53308.4,52783.45,53710.35,0,0.0,0.0,0.0,0.0,-0.01,-1,-1,-0.01,-1,-1,-0.01,-1,-1,-0.01,-1,-1,-0.01,-1,-1,-0.01,-1,-1,-0.01,-1,-1,-0.01,-1,-1,-0.01,-1,-1,-0.01,-1,-1
99926009,2026-05-18 12:08:15+05:30,53010.2,0,0.0,0,0.0,0.0,53282.15,53308.4,52783.45,53710.35,0,0.0,0.0,0.0,0.0,-0.01,-1,-1,-0.01,-1,-1,-0.01,-1,-1,-0.01,-1,-1,-0.01,-1,-1,-0.01,-1,-1,-0.01,-1,-1,-0.01,-1,-1,-0.01,-1,-1,-0.01,-1,-1
99926009,2026-05-18 12:08:16+05:30,53012.05,0,0.0,0,0.0,0.0,53282.15,53308.4,52783.45,53710.35,0,0.0,0.0,0.0,0.0,-0.01,-1,-1,-0.01,-1,-1,-0.01,-1,-1,-0.01,-1,-1,-0.01,-1,-1,-0.01,-1,-1,-0.01,-1,-1,-0.01,-1,-1,-0.01,-1,-1,-0.01,-1,-1
99926009,2026-05-18 12:08:16+05:30,53010.85,0,0.0,0,0.0,0.0,53282.15,53308.4,52783.45,53710.35,0,0.0,0.0,0.0,0.0,-0.01,-1,-1,-0.01,-1,-1,-0.01,-1,-1,-0.01,-1,-1,-0.01,-1,-1,-0.01,-1,-1,-0.01,-1,-1,-0.01,-1,-1,-0.01,-1,-1,-0.01,-1,-1
99926009,2026-05-18 12:08:17+05:30,53006.55,0,0.0,0,0.0,0.0,53282.15,53308.4,52783.45,53710.35,0,0.0,0.0,0.0,0.0,-0.01,-1,-1,-0.01,-1,-1,-0.01,-1,-1,-0.01,-1,-1,-0.01,-1,-1,-0.01,-1,-1,-0.01,-1,-1,-0.01,-1,-1,-0.01,-1,-1,-0.01,-1,-1
99926009,2026-05-18 12:08:17+05:30,53007.85,0,0.0,0,0.0,0.0,53282.15,53308.4,52783.45,53710.35,0,0.0,0.0,0.0,0.0,-0.01,-1,-1,-0.01,-1,-1,-0.01,-1,-1,-0.01,-1,-1,-0.01,-1,-1,-0.01,-1,-1,-0.01,-1,-1,-0.01,-1,-1,-0.01,-1,-1,-0.01,-1,-1
99926009,2026-05-18 12:08:18+05:30,53010.4,0,0.0,0,0.0,0.0,53282.15,53308.4,52783.45,53710.35,0,0.0,0.0,0.0,0.0,-0.01,-1,-1,-0.01,-1,-1,-0.01,-1,-1,-0.01,-1,-1,-0.01,-1,-1,-0.01,-1,-1,-0.01,-1,-1,-0.01,-1,-1,-0.01,-1,-1,-0.01,-1,-1
99926009,2026-05-18 12:08:18+05:30,53010.35,0,0.0,0,0.0,0.0,53282.15,53308.4,52783.45,53710.35,0,0.0,0.0,0.0,0.0,-0.01,-1,-1,-0.01,-1,-1,-0.01,-1,-1,-0.01,-1,-1,-0.01,-1,-1,-0.01,-1,-1,-0.01,-1,-1,-0.01,-1,-1,-0.01,-1,-1,-0.01,-1,-1
99926009,2026-05-18 12:08:19+05:30,53009.45,0,0.0,0,0.0,0.0,53282.15,53308.4,52783.45,53710.35,0,0.0,0.0,0.0,0.0,-0.01,-1,-1,-0.01,-1,-1,-0.01,-1,-1,-0.01,-1,-1,-0.01,-1,-1,-0.01,-1,-1,-0.01,-1,-1,-0.01,-1,-1,-0.01,-1,-1,-0.01,-1,-1
99926009,2026-05-18 12:08:19+05:30,53010.85,0,0.0,0,0.0,0.0,53282.15,53308.4,52783.45,53710.35,0,0.0,0.0,0.0,0.0,-0.01,-1,-1,-0.01,-1,-1,-0.01,-1,-1,-0.01,-1,-1,-0.01,-1,-1,-0.01,-1,-1,-0.01,-1,-1,-0.01,-1,-1,-0.01,-1,-1,-0.01,-1,-1
99926009,2026-05-18 12:08:20+05:30,53011.25,0,0.0,0,0.0,0.0,53282.15,53308.4,52783.45,53710.35,0,0.0,0.0,0.0,0.0,-0.01,-1,-1,-0.01,-1,-1,-0.01,-1,-1,-0.01,-1,-1,-0.01,-1,-1,-0.01,-1,-1,-0.01,-1,-1,-0.01,-1,-1,-0.01,-1,-1,-0.01,-1,-1
99926009,2026-05-18 12:08:20+05:30,53010.1,0,0.0,0,0.0,0.0,53282.15,53308.4,52783.45,53710.35,0,0.0,0.0,0.0,0.0,-0.01,-1,-1,-0.01,-1,-1,-0.01,-1,-1,-0.01,-1,-1,-0.01,-1,-1,-0.01,-1,-1,-0.01,-1,-1,-0.01,-1,-1,-0.01,-1,-1,-0.01,-1,-1
99926009,2026-05-18 12:08:21+05:30,53014.4,0,0.0,0,0.0,0.0,53282.15,53308.4,52783.45,53710.35,0,0.0,0.0,0.0,0.0,-0.01,-1,-1,-0.01,-1,-1,-0.01,-1,-1,-0.01,-1,-1,-0.01,-1,-1,-0.01,-1,-1,-0.01,-1,-1,-0.01,-1,-1,-0.01,-1,-1,-0.01,-1,-1
99926009,2026-05-18 12:08:21+05:30,53013.3,0,0.0,0,0.0,0.0,53282.15,53308.4,52783.45,53710.35,0,0.0,0.0,0.0,0.0,-0.01,-1,-1,-0.01,-1,-1,-0.01,-1,-1,-0.01,-1,-1,-0.01,-1,-1,-0.01,-1,-1,-0.01,-1,-1,-0.01,-1,-1,-0.01,-1,-1,-0.01,-1,-1
99926009,2026-05-18 12:08:22+05:30,53014.25,0,0.0,0,0.0,0.0,53282.15,53308.4,52783.45,53710.35,0,0.0,0.0,0.0,0.0,-0.01,-1,-1,-0.01,-1,-1,-0.01,-1,-1,-0.01,-1,-1,-0.01,-1,-1,-0.01,-1,-1,-0.01,-1,-1,-0.01,-1,-1,-0.01,-1,-1,-0.01,-1,-1
99926009,2026-05-18 12:08:22+05:30,53015.15,0,0.0,0,0.0,0.0,53282.15,53308.4,52783.45,53710.35,0,0.0,0.0,0.0,0.0,-0.01,-1,-1,-0.01,-1,-1,-0.01,-1,-1,-0.01,-1,-1,-0.01,-1,-1,-0.01,-1,-1,-0.01,-1,-1,-0.01,-1,-1,-0.01,-1,-1,-0.01,-1,-1
99926009,2026-05-18 12:08:23+05:30,53015.2,0,0.0,0,0.0,0.0,53282.15,53308.4,52783.45,53710.35,0,0.0,0.0,0.0,0.0,-0.01,-1,-1,-0.01,-1,-1,-0.01,-1,-1,-0.01,-1,-1,-0.01,-1,-1,-0.01,-1,-1,-0.01,-1,-1,-0.01,-1,-1,-0.01,-1,-1,-0.01,-1,-1
99926009,2026-05-18 12:08:23+05:30,53014.3,0,0.0,0,0.0,0.0,53282.15,53308.4,52783.45,53710.35,0,0.0,0.0,0.0,0.0,-0.01,-1,-1,-0.01,-1,-1,-0.01,-1,-1,-0.01,-1,-1,-0.01,-1,-1,-0.01,-1,-1,-0.01,-1,-1,-0.01,-1,-1,-0.01,-1,-1,-0.01,-1,-1
99926009,2026-05-18 12:08:24+05:30,53014.8,0,0.0,0,0.0,0.0,53282.15,53308.4,52783.45,53710.35,0,0.0,0.0,0.0,0.0,-0.01,-1,-1,-0.01,-1,-1,-0.01,-1,-1,-0.01,-1,-1,-0.01,-1,-1,-0.01,-1,-1,-0.01,-1,-1,-0.01,-1,-1,-0.01,-1,-1,-0.01,-1,-1
99926009,2026-05-18 12:08:24+05:30,53014.75,0,0.0,0,0.0,0.0,53282.15,53308.4,52783.45,53710.35,0,0.0,0.0,0.0,0.0,-0.01,-1,-1,-0.01,-1,-1,-0.01,-1,-1,-0.01,-1,-1,-0.01,-1,-1,-0.01,-1,-1,-0.01,-1,-1,-0.01,-1,-1,-0.01,-1,-1,-0.01,-1,-1
99926009,2026-05-18 12:08:25+05:30,53015.85,0,0.0,0,0.0,0.0,53282.15,53308.4,52783.45,53710.35,0,0.0,0.0,0.0,0.0,-0.01,-1,-1,-0.01,-1,-1,-0.01,-1,-1,-0.01,-1,-1,-0.01,-1,-1,-0.01,-1,-1,-0.01,-1,-1,-0.01,-1,-1,-0.01,-1,-1,-0.01,-1,-1
99926009,2026-05-18 12:08:25+05:30,53015.7,0,0.0,0,0.0,0.0,53282.15,53308.4,52783.45,53710.35,0,0.0,0.0,0.0,0.0,-0.01,-1,-1,-0.01,-1,-1,-0.01,-1,-1,-0.01,-1,-1,-0.01,-1,-1,-0.01,-1,-1,-0.01,-1,-1,-0.01,-1,-1,-0.01,-1,-1,-0.01,-1,-1
99926009,2026-05-18 12:08:26+05:30,53016.15,0,0.0,0,0.0,0.0,53282.15,53308.4,52783.45,53710.35,0,0.0,0.0,0.0,0.0,-0.01,-1,-1,-0.01,-1,-1,-0.01,-1,-1,-0.01,-1,-1,-0.01,-1,-1,-0.01,-1,-1,-0.01,-1,-1,-0.01,-1,-1,-0.01,-1,-1,-0.01,-1,-1
99926009,2026-05-18 12:08:26+05:30,53016.35,0,0.0,0,0.0,0.0,53282.15,53308.4,52783.45,53710.35,0,0.0,0.0,0.0,0.0,-0.01,-1,-1,-0.01,-1,-1,-0.01,-1,-1,-0.01,-1,-1,-0.01,-1,-1,-0.01,-1,-1,-0.01,-1,-1,-0.01,-1,-1,-0.01,-1,-1,-0.01,-1,-1
99926009,2026-05-18 12:08:27+05:30,53014.95,0,0.0,0,0.0,0.0,53282.15,53308.4,52783.45,53710.35,0,0.0,0.0,0.0,0.0,-0.01,-1,-1,-0.01,-1,-1,-0.01,-1,-1,-0.01,-1,-1,-0.01,-1,-1,-0.01,-1,-1,-0.01,-1,-1,-0.01,-1,-1,-0.01,-1,-1,-0.01,-1,-1
99926009,2026-05-18 12:08:27+05:30,53013.9,0,0.0,0,0.0,0.0,53282.15,53308.4,52783.45,53710.35,0,0.0,0.0,0.0,0.0,-0.01,-1,-1,-0.01,-1,-1,-0.01,-1,-1,-0.01,-1,-1,-0.01,-1,-1,-0.01,-1,-1,-0.01,-1,-1,-0.01,-1,-1,-0.01,-1,-1,-0.01,-1,-1
99926009,2026-05-18 12:08:28+05:30,53017.3,0,0.0,0,0.0,0.0,53282.15,53308.4,52783.45,53710.35,0,0.0,0.0,0.0,0.0,-0.01,-1,-1,-0.01,-1,-1,-0.01,-1,-1,-0.01,-1,-1,-0.01,-1,-1,-0.01,-1,-1,-0.01,-1,-1,-0.01,-1,-1,-0.01,-1,-1,-0.01,-1,-1
99926009,2026-05-18 12:08:28+05:30,53014.7,0,0.0,0,0.0,0.0,53282.15,53308.4,52783.45,53710.35,0,0.0,0.0,0.0,0.0,-0.01,-1,-1,-0.01,-1,-1,-0.01,-1,-1,-0.01,-1,-1,-0.01,-1,-1,-0.01,-1,-1,-0.01,-1,-1,-0.01,-1,-1,-0.01,-1,-1,-0.01,-1,-1
99926009,2026-05-18 12:08:29+05:30,53015.2,0,0.0,0,0.0,0.0,53282.15,53308.4,52783.45,53710.35,0,0.0,0.0,0.0,0.0,-0.01,-1,-1,-0.01,-1,-1,-0.01,-1,-1,-0.01,-1,-1,-0.01,-1,-1,-0.01,-1,-1,-0.01,-1,-1,-0.01,-1,-1,-0.01,-1,-1,-0.01,-1,-1
99926009,2026-05-18 12:08:29+05:30,53015.5,0,0.0,0,0.0,0.0,53282.15,53308.4,52783.45,53710.35,0,0.0,0.0,0.0,0.0,-0.01,-1,-1,-0.01,-1,-1,-0.01,-1,-1,-0.01,-1,-1,-0.01,-1,-1,-0.01,-1,-1,-0.01,-1,-1,-0.01,-1,-1,-0.01,-1,-1,-0.01,-1,-1
99926009,2026-05-18 12:08:30+05:30,53017.9,0,0.0,0,0.0,0.0,53282.15,53308.4,52783.45,53710.35,0,0.0,0.0,0.0,0.0,-0.01,-1,-1,-0.01,-1,-1,-0.01,-1,-1,-0.01,-1,-1,-0.01,-1,-1,-0.01,-1,-1,-0.01,-1,-1,-0.01,-1,-1,-0.01,-1,-1,-0.01,-1,-1
99926009,2026-05-18 12:08:30+05:30,53012.3,0,0.0,0,0.0,0.0,53282.15,53308.4,52783.45,53710.35,0,0.0,0.0,0.0,0.0,-0.01,-1,-1,-0.01,-1,-1,-0.01,-1,-1,-0.01,-1,-1,-0.01,-1,-1,-0.01,-1,-1,-0.01,-1,-1,-0.01,-1,-1,-0.01,-1,-1,-0.01,-1,-1
99926009,2026-05-18 12:08:31+05:30,53013.7,0,0.0,0,0.0,0.0,53282.15,53308.4,52783.45,53710.35,0,0.0,0.0,0.0,0.0,-0.01,-1,-1,-0.01,-1,-1,-0.01,-1,-1,-0.01,-1,-1,-0.01,-1,-1,-0.01,-1,-1,-0.01,-1,-1,-0.01,-1,-1,-0.01,-1,-1,-0.01,-1,-1
99926009,2026-05-18 12:08:31+05:30,53012.35,0,0.0,0,0.0,0.0,53282.15,53308.4,52783.45,53710.35,0,0.0,0.0,0.0,0.0,-0.01,-1,-1,-0.01,-1,-1,-0.01,-1,-1,-0.01,-1,-1,-0.01,-1,-1,-0.01,-1,-1,-0.01,-1,-1,-0.01,-1,-1,-0.01,-1,-1,-0.01,-1,-1
99926009,2026-05-18 12:08:32+05:30,53011.7,0,0.0,0,0.0,0.0,53282.15,53308.4,52783.45,53710.35,0,0.0,0.0,0.0,0.0,-0.01,-1,-1,-0.01,-1,-1,-0.01,-1,-1,-0.01,-1,-1,-0.01,-1,-1,-0.01,-1,-1,-0.01,-1,-1,-0.01,-1,-1,-0.01,-1,-1,-0.01,-1,-1
99926009,2026-05-18 12:08:32+05:30,53011.95,0,0.0,0,0.0,0.0,53282.15,53308.4,52783.45,53710.35,0,0.0,0.0,0.0,0.0,-0.01,-1,-1,-0.01,-1,-1,-0.01,-1,-1,-0.01,-1,-1,-0.01,-1,-1,-0.01,-1,-1,-0.01,-1,-1,-0.01,-1,-1,-0.01,-1,-1,-0.01,-1,-1
99926009,2026-05-18 12:08:33+05:30,53013.2,0,0.0,0,0.0,0.0,53282.15,53308.4,52783.45,53710.35,0,0.0,0.0,0.0,0.0,-0.01,-1,-1,-0.01,-1,-1,-0.01,-1,-1,-0.01,-1,-1,-0.01,-1,-1,-0.01,-1,-1,-0.01,-1,-1,-0.01,-1,-1,-0.01,-1,-1,-0.01,-1,-1
99926009,2026-05-18 12:08:33+05:30,53011.7,0,0.0,0,0.0,0.0,53282.15,53308.4,52783.45,53710.35,0,0.0,0.0,0.0,0.0,-0.01,-1,-1,-0.01,-1,-1,-0.01,-1,-1,-0.01,-1,-1,-0.01,-1,-1,-0.01,-1,-1,-0.01,-1,-1,-0.01,-1,-1,-0.01,-1,-1,-0.01,-1,-1
99926009,2026-05-18 12:08:34+05:30,53011.5,0,0.0,0,0.0,0.0,53282.15,53308.4,52783.45,53710.35,0,0.0,0.0,0.0,0.0,-0.01,-1,-1,-0.01,-1,-1,-0.01,-1,-1,-0.01,-1,-1,-0.01,-1,-1,-0.01,-1,-1,-0.01,-1,-1,-0.01,-1,-1,-0.01,-1,-1,-0.01,-1,-1
99926009,2026-05-18 12:08:34+05:30,53013.6,0,0.0,0,0.0,0.0,53282.15,53308.4,52783.45,53710.35,0,0.0,0.0,0.0,0.0,-0.01,-1,-1,-0.01,-1,-1,-0.01,-1,-1,-0.01,-1,-1,-0.01,-1,-1,-0.01,-1,-1,-0.01,-1,-1,-0.01,-1,-1,-0.01,-1,-1,-0.01,-1,-1
99926009,2026-05-18 12:08:35+05:30,53012.7,0,0.0,0,0.0,0.0,53282.15,53308.4,52783.45,53710.35,0,0.0,0.0,0.0,0.0,-0.01,-1,-1,-0.01,-1,-1,-0.01,-1,-1,-0.01,-1,-1,-0.01,-1,-1,-0.01,-1,-1,-0.01,-1,-1,-0.01,-1,-1,-0.01,-1,-1,-0.01,-1,-1
99926009,2026-05-18 12:08:35+05:30,53013.25,0,0.0,0,0.0,0.0,53282.15,53308.4,52783.45,53710.35,0,0.0,0.0,0.0,0.0,-0.01,-1,-1,-0.01,-1,-1,-0.01,-1,-1,-0.01,-1,-1,-0.01,-1,-1,-0.01,-1,-1,-0.01,-1,-1,-0.01,-1,-1,-0.01,-1,-1,-0.01,-1,-1
99926009,2026-05-18 12:08:36+05:30,53013.9,0,0.0,0,0.0,0.0,53282.15,53308.4,52783.45,53710.35,0,0.0,0.0,0.0,0.0,-0.01,-1,-1,-0.01,-1,-1,-0.01,-1,-1,-0.01,-1,-1,-0.01,-1,-1,-0.01,-1,-1,-0.01,-1,-1,-0.01,-1,-1,-0.01,-1,-1,-0.01,-1,-1
99926009,2026-05-18 12:08:36+05:30,53012.95,0,0.0,0,0.0,0.0,53282.15,53308.4,52783.45,53710.35,0,0.0,0.0,0.0,0.0,-0.01,-1,-1,-0.01,-1,-1,-0.01,-1,-1,-0.01,-1,-1,-0.01,-1,-1,-0.01,-1,-1,-0.01,-1,-1,-0.01,-1,-1,-0.01,-1,-1,-0.01,-1,-1
99926009,2026-05-18 12:08:37+05:30,53013.65,0,0.0,0,0.0,0.0,53282.15,53308.4,52783.45,53710.35,0,0.0,0.0,0.0,0.0,-0.01,-1,-1,-0.01,-1,-1,-0.01,-1,-1,-0.01,-1,-1,-0.01,-1,-1,-0.01,-1,-1,-0.01,-1,-1,-0.01,-1,-1,-0.01,-1,-1,-0.01,-1,-1
99926009,2026-05-18 12:08:37+05:30,53013.75,0,0.0,0,0.0,0.0,53282.15,53308.4,52783.45,53710.35,0,0.0,0.0,0.0,0.0,-0.01,-1,-1,-0.01,-1,-1,-0.01,-1,-1,-0.01,-1,-1,-0.01,-1,-1,-0.01,-1,-1,-0.01,-1,-1,-0.01,-1,-1,-0.01,-1,-1,-0.01,-1,-1
99926009,2026-05-18 12:08:38+05:30,53012.35,0,0.0,0,0.0,0.0,53282.15,53308.4,52783.45,53710.35,0,0.0,0.0,0.0,0.0,-0.01,-1,-1,-0.01,-1,-1,-0.01,-1,-1,-0.01,-1,-1,-0.01,-1,-1,-0.01,-1,-1,-0.01,-1,-1,-0.01,-1,-1,-0.01,-1,-1,-0.01,-1,-1
99926009,2026-05-18 12:08:38+05:30,53012.0,0,0.0,0,0.0,0.0,53282.15,53308.4,52783.45,53710.35,0,0.0,0.0,0.0,0.0,-0.01,-1,-1,-0.01,-1,-1,-0.01,-1,-1,-0.01,-1,-1,-0.01,-1,-1,-0.01,-1,-1,-0.01,-1,-1,-0.01,-1,-1,-0.01,-1,-1,-0.01,-1,-1
99926009,2026-05-18 12:08:39+05:30,53016.75,0,0.0,0,0.0,0.0,53282.15,53308.4,52783.45,53710.35,0,0.0,0.0,0.0,0.0,-0.01,-1,-1,-0.01,-1,-1,-0.01,-1,-1,-0.01,-1,-1,-0.01,-1,-1,-0.01,-1,-1,-0.01,-1,-1,-0.01,-1,-1,-0.01,-1,-1,-0.01,-1,-1
99926009,2026-05-18 12:08:39+05:30,53016.05,0,0.0,0,0.0,0.0,53282.15,53308.4,52783.45,53710.35,0,0.0,0.0,0.0,0.0,-0.01,-1,-1,-0.01,-1,-1,-0.01,-1,-1,-0.01,-1,-1,-0.01,-1,-1,-0.01,-1,-1,-0.01,-1,-1,-0.01,-1,-1,-0.01,-1,-1,-0.01,-1,-1
99926009,2026-05-18 12:08:40+05:30,53015.45,0,0.0,0,0.0,0.0,53282.15,53308.4,52783.45,53710.35,0,0.0,0.0,0.0,0.0,-0.01,-1,-1,-0.01,-1,-1,-0.01,-1,-1,-0.01,-1,-1,-0.01,-1,-1,-0.01,-1,-1,-0.01,-1,-1,-0.01,-1,-1,-0.01,-1,-1,-0.01,-1,-1
99926009,2026-05-18 12:08:40+05:30,53014.9,0,0.0,0,0.0,0.0,53282.15,53308.4,52783.45,53710.35,0,0.0,0.0,0.0,0.0,-0.01,-1,-1,-0.01,-1,-1,-0.01,-1,-1,-0.01,-1,-1,-0.01,-1,-1,-0.01,-1,-1,-0.01,-1,-1,-0.01,-1,-1,-0.01,-1,-1,-0.01,-1,-1
99926009,2026-05-18 12:08:41+05:30,53014.6,0,0.0,0,0.0,0.0,53282.15,53308.4,52783.45,53710.35,0,0.0,0.0,0.0,0.0,-0.01,-1,-1,-0.01,-1,-1,-0.01,-1,-1,-0.01,-1,-1,-0.01,-1,-1,-0.01,-1,-1,-0.01,-1,-1,-0.01,-1,-1,-0.01,-1,-1,-0.01,-1,-1
99926009,2026-05-18 12:08:41+05:30,53014.45,0,0.0,0,0.0,0.0,53282.15,53308.4,52783.45,53710.35,0,0.0,0.0,0.0,0.0,-0.01,-1,-1,-0.01,-1,-1,-0.01,-1,-1,-0.01,-1,-1,-0.01,-1,-1,-0.01,-1,-1,-0.01,-1,-1,-0.01,-1,-1,-0.01,-1,-1,-0.01,-1,-1
99926009,2026-05-18 12:08:42+05:30,53016.85,0,0.0,0,0.0,0.0,53282.15,53308.4,52783.45,53710.35,0,0.0,0.0,0.0,0.0,-0.01,-1,-1,-0.01,-1,-1,-0.01,-1,-1,-0.01,-1,-1,-0.01,-1,-1,-0.01,-1,-1,-0.01,-1,-1,-0.01,-1,-1,-0.01,-1,-1,-0.01,-1,-1
99926009,2026-05-18 12:08:42+05:30,53017.6,0,0.0,0,0.0,0.0,53282.15,53308.4,52783.45,53710.35,0,0.0,0.0,0.0,0.0,-0.01,-1,-1,-0.01,-1,-1,-0.01,-1,-1,-0.01,-1,-1,-0.01,-1,-1,-0.01,-1,-1,-0.01,-1,-1,-0.01,-1,-1,-0.01,-1,-1,-0.01,-1,-1
99926009,2026-05-18 12:08:43+05:30,53017.6,0,0.0,0,0.0,0.0,53282.15,53308.4,52783.45,53710.35,0,0.0,0.0,0.0,0.0,-0.01,-1,-1,-0.01,-1,-1,-0.01,-1,-1,-0.01,-1,-1,-0.01,-1,-1,-0.01,-1,-1,-0.01,-1,-1,-0.01,-1,-1,-0.01,-1,-1,-0.01,-1,-1
99926009,2026-05-18 12:08:43+05:30,53017.55,0,0.0,0,0.0,0.0,53282.15,53308.4,52783.45,53710.35,0,0.0,0.0,0.0,0.0,-0.01,-1,-1,-0.01,-1,-1,-0.01,-1,-1,-0.01,-1,-1,-0.01,-1,-1,-0.01,-1,-1,-0.01,-1,-1,-0.01,-1,-1,-0.01,-1,-1,-0.01,-1,-1
99926009,2026-05-18 12:08:44+05:30,53018.6,0,0.0,0,0.0,0.0,53282.15,53308.4,52783.45,53710.35,0,0.0,0.0,0.0,0.0,-0.01,-1,-1,-0.01,-1,-1,-0.01,-1,-1,-0.01,-1,-1,-0.01,-1,-1,-0.01,-1,-1,-0.01,-1,-1,-0.01,-1,-1,-0.01,-1,-1,-0.01,-1,-1
99926009,2026-05-18 12:08:44+05:30,53018.7,0,0.0,0,0.0,0.0,53282.15,53308.4,52783.45,53710.35,0,0.0,0.0,0.0,0.0,-0.01,-1,-1,-0.01,-1,-1,-0.01,-1,-1,-0.01,-1,-1,-0.01,-1,-1,-0.01,-1,-1,-0.01,-1,-1,-0.01,-1,-1,-0.01,-1,-1,-0.01,-1,-1
99926009,2026-05-18 12:08:45+05:30,53019.7,0,0.0,0,0.0,0.0,53282.15,53308.4,52783.45,53710.35,0,0.0,0.0,0.0,0.0,-0.01,-1,-1,-0.01,-1,-1,-0.01,-1,-1,-0.01,-1,-1,-0.01,-1,-1,-0.01,-1,-1,-0.01,-1,-1,-0.01,-1,-1,-0.01,-1,-1,-0.01,-1,-1
99926009,2026-05-18 12:08:45+05:30,53021.4,0,0.0,0,0.0,0.0,53282.15,53308.4,52783.45,53710.35,0,0.0,0.0,0.0,0.0,-0.01,-1,-1,-0.01,-1,-1,-0.01,-1,-1,-0.01,-1,-1,-0.01,-1,-1,-0.01,-1,-1,-0.01,-1,-1,-0.01,-1,-1,-0.01,-1,-1,-0.01,-1,-1
99926009,2026-05-18 12:08:46+05:30,53029.45,0,0.0,0,0.0,0.0,53282.15,53308.4,52783.45,53710.35,0,0.0,0.0,0.0,0.0,-0.01,-1,-1,-0.01,-1,-1,-0.01,-1,-1,-0.01,-1,-1,-0.01,-1,-1,-0.01,-1,-1,-0.01,-1,-1,-0.01,-1,-1,-0.01,-1,-1,-0.01,-1,-1
99926009,2026-05-18 12:08:46+05:30,53032.2,0,0.0,0,0.0,0.0,53282.15,53308.4,52783.45,53710.35,0,0.0,0.0,0.0,0.0,-0.01,-1,-1,-0.01,-1,-1,-0.01,-1,-1,-0.01,-1,-1,-0.01,-1,-1,-0.01,-1,-1,-0.01,-1,-1,-0.01,-1,-1,-0.01,-1,-1,-0.01,-1,-1
99926009,2026-05-18 12:08:47+05:30,53032.85,0,0.0,0,0.0,0.0,53282.15,53308.4,52783.45,53710.35,0,0.0,0.0,0.0,0.0,-0.01,-1,-1,-0.01,-1,-1,-0.01,-1,-1,-0.01,-1,-1,-0.01,-1,-1,-0.01,-1,-1,-0.01,-1,-1,-0.01,-1,-1,-0.01,-1,-1,-0.01,-1,-1
99926009,2026-05-18 12:08:47+05:30,53033.95,0,0.0,0,0.0,0.0,53282.15,53308.4,52783.45,53710.35,0,0.0,0.0,0.0,0.0,-0.01,-1,-1,-0.01,-1,-1,-0.01,-1,-1,-0.01,-1,-1,-0.01,-1,-1,-0.01,-1,-1,-0.01,-1,-1,-0.01,-1,-1,-0.01,-1,-1,-0.01,-1,-1
99926009,2026-05-18 12:08:48+05:30,53034.4,0,0.0,0,0.0,0.0,53282.15,53308.4,52783.45,53710.35,0,0.0,0.0,0.0,0.0,-0.01,-1,-1,-0.01,-1,-1,-0.01,-1,-1,-0.01,-1,-1,-0.01,-1,-1,-0.01,-1,-1,-0.01,-1,-1,-0.01,-1,-1,-0.01,-1,-1,-0.01,-1,-1
99926009,2026-05-18 12:08:48+05:30,53033.5,0,0.0,0,0.0,0.0,53282.15,53308.4,52783.45,53710.35,0,0.0,0.0,0.0,0.0,-0.01,-1,-1,-0.01,-1,-1,-0.01,-1,-1,-0.01,-1,-1,-0.01,-1,-1,-0.01,-1,-1,-0.01,-1,-1,-0.01,-1,-1,-0.01,-1,-1,-0.01,-1,-1
99926009,2026-05-18 12:08:49+05:30,53033.65,0,0.0,0,0.0,0.0,53282.15,53308.4,52783.45,53710.35,0,0.0,0.0,0.0,0.0,-0.01,-1,-1,-0.01,-1,-1,-0.01,-1,-1,-0.01,-1,-1,-0.01,-1,-1,-0.01,-1,-1,-0.01,-1,-1,-0.01,-1,-1,-0.01,-1,-1,-0.01,-1,-1
99926009,2026-05-18 12:08:49+05:30,53033.15,0,0.0,0,0.0,0.0,53282.15,53308.4,52783.45,53710.35,0,0.0,0.0,0.0,0.0,-0.01,-1,-1,-0.01,-1,-1,-0.01,-1,-1,-0.01,-1,-1,-0.01,-1,-1,-0.01,-1,-1,-0.01,-1,-1,-0.01,-1,-1,-0.01,-1,-1,-0.01,-1,-1
99926009,2026-05-18 12:08:50+05:30,53029.65,0,0.0,0,0.0,0.0,53282.15,53308.4,52783.45,53710.35,0,0.0,0.0,0.0,0.0,-0.01,-1,-1,-0.01,-1,-1,-0.01,-1,-1,-0.01,-1,-1,-0.01,-1,-1,-0.01,-1,-1,-0.01,-1,-1,-0.01,-1,-1,-0.01,-1,-1,-0.01,-1,-1
99926009,2026-05-18 12:08:50+05:30,53027.8,0,0.0,0,0.0,0.0,53282.15,53308.4,52783.45,53710.35,0,0.0,0.0,0.0,0.0,-0.01,-1,-1,-0.01,-1,-1,-0.01,-1,-1,-0.01,-1,-1,-0.01,-1,-1,-0.01,-1,-1,-0.01,-1,-1,-0.01,-1,-1,-0.01,-1,-1,-0.01,-1,-1
99926009,2026-05-18 12:08:51+05:30,53029.4,0,0.0,0,0.0,0.0,53282.15,53308.4,52783.45,53710.35,0,0.0,0.0,0.0,0.0,-0.01,-1,-1,-0.01,-1,-1,-0.01,-1,-1,-0.01,-1,-1,-0.01,-1,-1,-0.01,-1,-1,-0.01,-1,-1,-0.01,-1,-1,-0.01,-1,-1,-0.01,-1,-1
99926009,2026-05-18 12:08:51+05:30,53025.5,0,0.0,0,0.0,0.0,53282.15,53308.4,52783.45,53710.35,0,0.0,0.0,0.0,0.0,-0.01,-1,-1,-0.01,-1,-1,-0.01,-1,-1,-0.01,-1,-1,-0.01,-1,-1,-0.01,-1,-1,-0.01,-1,-1,-0.01,-1,-1,-0.01,-1,-1,-0.01,-1,-1
99926009,2026-05-18 12:08:52+05:30,53026.1,0,0.0,0,0.0,0.0,53282.15,53308.4,52783.45,53710.35,0,0.0,0.0,0.0,0.0,-0.01,-1,-1,-0.01,-1,-1,-0.01,-1,-1,-0.01,-1,-1,-0.01,-1,-1,-0.01,-1,-1,-0.01,-1,-1,-0.01,-1,-1,-0.01,-1,-1,-0.01,-1,-1
99926009,2026-05-18 12:08:52+05:30,53026.85,0,0.0,0,0.0,0.0,53282.15,53308.4,52783.45,53710.35,0,0.0,0.0,0.0,0.0,-0.01,-1,-1,-0.01,-1,-1,-0.01,-1,-1,-0.01,-1,-1,-0.01,-1,-1,-0.01,-1,-1,-0.01,-1,-1,-0.01,-1,-1,-0.01,-1,-1,-0.01,-1,-1
99926009,2026-05-18 12:08:53+05:30,53026.75,0,0.0,0,0.0,0.0,53282.15,53308.4,52783.45,53710.35,0,0.0,0.0,0.0,0.0,-0.01,-1,-1,-0.01,-1,-1,-0.01,-1,-1,-0.01,-1,-1,-0.01,-1,-1,-0.01,-1,-1,-0.01,-1,-1,-0.01,-1,-1,-0.01,-1,-1,-0.01,-1,-1
99926009,2026-05-18 12:08:53+05:30,53023.05,0,0.0,0,0.0,0.0,53282.15,53308.4,52783.45,53710.35,0,0.0,0.0,0.0,0.0,-0.01,-1,-1,-0.01,-1,-1,-0.01,-1,-1,-0.01,-1,-1,-0.01,-1,-1,-0.01,-1,-1,-0.01,-1,-1,-0.01,-1,-1,-0.01,-1,-1,-0.01,-1,-1
99926009,2026-05-18 12:08:54+05:30,53020.65,0,0.0,0,0.0,0.0,53282.15,53308.4,52783.45,53710.35,0,0.0,0.0,0.0,0.0,-0.01,-1,-1,-0.01,-1,-1,-0.01,-1,-1,-0.01,-1,-1,-0.01,-1,-1,-0.01,-1,-1,-0.01,-1,-1,-0.01,-1,-1,-0.01,-1,-1,-0.01,-1,-1
99926009,2026-05-18 12:08:54+05:30,53018.75,0,0.0,0,0.0,0.0,53282.15,53308.4,52783.45,53710.35,0,0.0,0.0,0.0,0.0,-0.01,-1,-1,-0.01,-1,-1,-0.01,-1,-1,-0.01,-1,-1,-0.01,-1,-1,-0.01,-1,-1,-0.01,-1,-1,-0.01,-1,-1,-0.01,-1,-1,-0.01,-1,-1
99926009,2026-05-18 12:08:55+05:30,53018.75,0,0.0,0,0.0,0.0,53282.15,53308.4,52783.45,53710.35,0,0.0,0.0,0.0,0.0,-0.01,-1,-1,-0.01,-1,-1,-0.01,-1,-1,-0.01,-1,-1,-0.01,-1,-1,-0.01,-1,-1,-0.01,-1,-1,-0.01,-1,-1,-0.01,-1,-1,-0.01,-1,-1
99926009,2026-05-18 12:08:55+05:30,53017.5,0,0.0,0,0.0,0.0,53282.15,53308.4,52783.45,53710.35,0,0.0,0.0,0.0,0.0,-0.01,-1,-1,-0.01,-1,-1,-0.01,-1,-1,-0.01,-1,-1,-0.01,-1,-1,-0.01,-1,-1,-0.01,-1,-1,-0.01,-1,-1,-0.01,-1,-1,-0.01,-1,-1
99926009,2026-05-18 12:08:56+05:30,53021.75,0,0.0,0,0.0,0.0,53282.15,53308.4,52783.45,53710.35,0,0.0,0.0,0.0,0.0,-0.01,-1,-1,-0.01,-1,-1,-0.01,-1,-1,-0.01,-1,-1,-0.01,-1,-1,-0.01,-1,-1,-0.01,-1,-1,-0.01,-1,-1,-0.01,-1,-1,-0.01,-1,-1
99926009,2026-05-18 12:08:56+05:30,53021.0,0,0.0,0,0.0,0.0,53282.15,53308.4,52783.45,53710.35,0,0.0,0.0,0.0,0.0,-0.01,-1,-1,-0.01,-1,-1,-0.01,-1,-1,-0.01,-1,-1,-0.01,-1,-1,-0.01,-1,-1,-0.01,-1,-1,-0.01,-1,-1,-0.01,-1,-1,-0.01,-1,-1
99926009,2026-05-18 12:08:57+05:30,53019.75,0,0.0,0,0.0,0.0,53282.15,53308.4,52783.45,53710.35,0,0.0,0.0,0.0,0.0,-0.01,-1,-1,-0.01,-1,-1,-0.01,-1,-1,-0.01,-1,-1,-0.01,-1,-1,-0.01,-1,-1,-0.01,-1,-1,-0.01,-1,-1,-0.01,-1,-1,-0.01,-1,-1
99926009,2026-05-18 12:08:57+05:30,53020.25,0,0.0,0,0.0,0.0,53282.15,53308.4,52783.45,53710.35,0,0.0,0.0,0.0,0.0,-0.01,-1,-1,-0.01,-1,-1,-0.01,-1,-1,-0.01,-1,-1,-0.01,-1,-1,-0.01,-1,-1,-0.01,-1,-1,-0.01,-1,-1,-0.01,-1,-1,-0.01,-1,-1
99926009,2026-05-18 12:08:58+05:30,53020.05,0,0.0,0,0.0,0.0,53282.15,53308.4,52783.45,53710.35,0,0.0,0.0,0.0,0.0,-0.01,-1,-1,-0.01,-1,-1,-0.01,-1,-1,-0.01,-1,-1,-0.01,-1,-1,-0.01,-1,-1,-0.01,-1,-1,-0.01,-1,-1,-0.01,-1,-1,-0.01,-1,-1
99926009,2026-05-18 12:08:58+05:30,53018.55,0,0.0,0,0.0,0.0,53282.15,53308.4,52783.45,53710.35,0,0.0,0.0,0.0,0.0,-0.01,-1,-1,-0.01,-1,-1,-0.01,-1,-1,-0.01,-1,-1,-0.01,-1,-1,-0.01,-1,-1,-0.01,-1,-1,-0.01,-1,-1,-0.01,-1,-1,-0.01,-1,-1
99926009,2026-05-18 12:08:59+05:30,53020.85,0,0.0,0,0.0,0.0,53282.15,53308.4,52783.45,53710.35,0,0.0,0.0,0.0,0.0,-0.01,-1,-1,-0.01,-1,-1,-0.01,-1,-1,-0.01,-1,-1,-0.01,-1,-1,-0.01,-1,-1,-0.01,-1,-1,-0.01,-1,-1,-0.01,-1,-1,-0.01,-1,-1
99926009,2026-05-18 12:08:59+05:30,53023.4,0,0.0,0,0.0,0.0,53282.15,53308.4,52783.45,53710.35,0,0.0,0.0,0.0,0.0,-0.01,-1,-1,-0.01,-1,-1,-0.01,-1,-1,-0.01,-1,-1,-0.01,-1,-1,-0.01,-1,-1,-0.01,-1,-1,-0.01,-1,-1,-0.01,-1,-1,-0.01,-1,-1
99926009,2026-05-18 12:09:00+05:30,53027.5,0,0.0,0,0.0,0.0,53282.15,53308.4,52783.45,53710.35,0,0.0,0.0,0.0,0.0,-0.01,-1,-1,-0.01,-1,-1,-0.01,-1,-1,-0.01,-1,-1,-0.01,-1,-1,-0.01,-1,-1,-0.01,-1,-1,-0.01,-1,-1,-0.01,-1,-1,-0.01,-1,-1
99926009,2026-05-18 12:09:00+05:30,53023.15,0,0.0,0,0.0,0.0,53282.15,53308.4,52783.45,53710.35,0,0.0,0.0,0.0,0.0,-0.01,-1,-1,-0.01,-1,-1,-0.01,-1,-1,-0.01,-1,-1,-0.01,-1,-1,-0.01,-1,-1,-0.01,-1,-1,-0.01,-1,-1,-0.01,-1,-1,-0.01,-1,-1
99926009,2026-05-18 12:09:01+05:30,53028.6,0,0.0,0,0.0,0.0,53282.15,53308.4,52783.45,53710.35,0,0.0,0.0,0.0,0.0,-0.01,-1,-1,-0.01,-1,-1,-0.01,-1,-1,-0.01,-1,-1,-0.01,-1,-1,-0.01,-1,-1,-0.01,-1,-1,-0.01,-1,-1,-0.01,-1,-1,-0.01,-1,-1
99926009,2026-05-18 12:09:01+05:30,53024.2,0,0.0,0,0.0,0.0,53282.15,53308.4,52783.45,53710.35,0,0.0,0.0,0.0,0.0,-0.01,-1,-1,-0.01,-1,-1,-0.01,-1,-1,-0.01,-1,-1,-0.01,-1,-1,-0.01,-1,-1,-0.01,-1,-1,-0.01,-1,-1,-0.01,-1,-1,-0.01,-1,-1
99926009,2026-05-18 12:09:02+05:30,53028.9,0,0.0,0,0.0,0.0,53282.15,53308.4,52783.45,53710.35,0,0.0,0.0,0.0,0.0,-0.01,-1,-1,-0.01,-1,-1,-0.01,-1,-1,-0.01,-1,-1,-0.01,-1,-1,-0.01,-1,-1,-0.01,-1,-1,-0.01,-1,-1,-0.01,-1,-1,-0.01,-1,-1
99926009,2026-05-18 12:09:02+05:30,53024.85,0,0.0,0,0.0,0.0,53282.15,53308.4,52783.45,53710.35,0,0.0,0.0,0.0,0.0,-0.01,-1,-1,-0.01,-1,-1,-0.01,-1,-1,-0.01,-1,-1,-0.01,-1,-1,-0.01,-1,-1,-0.01,-1,-1,-0.01,-1,-1,-0.01,-1,-1,-0.01,-1,-1
99926009,2026-05-18 12:09:03+05:30,53024.85,0,0.0,0,0.0,0.0,53282.15,53308.4,52783.45,53710.35,0,0.0,0.0,0.0,0.0,-0.01,-1,-1,-0.01,-1,-1,-0.01,-1,-1,-0.01,-1,-1,-0.01,-1,-1,-0.01,-1,-1,-0.01,-1,-1,-0.01,-1,-1,-0.01,-1,-1,-0.01,-1,-1
99926009,2026-05-18 12:09:03+05:30,53022.4,0,0.0,0,0.0,0.0,53282.15,53308.4,52783.45,53710.35,0,0.0,0.0,0.0,0.0,-0.01,-1,-1,-0.01,-1,-1,-0.01,-1,-1,-0.01,-1,-1,-0.01,-1,-1,-0.01,-1,-1,-0.01,-1,-1,-0.01,-1,-1,-0.01,-1,-1,-0.01,-1,-1
99926009,2026-05-18 12:09:04+05:30,53022.05,0,0.0,0,0.0,0.0,53282.15,53308.4,52783.45,53710.35,0,0.0,0.0,0.0,0.0,-0.01,-1,-1,-0.01,-1,-1,-0.01,-1,-1,-0.01,-1,-1,-0.01,-1,-1,-0.01,-1,-1,-0.01,-1,-1,-0.01,-1,-1,-0.01,-1,-1,-0.01,-1,-1
99926009,2026-05-18 12:09:04+05:30,53022.8,0,0.0,0,0.0,0.0,53282.15,53308.4,52783.45,53710.35,0,0.0,0.0,0.0,0.0,-0.01,-1,-1,-0.01,-1,-1,-0.01,-1,-1,-0.01,-1,-1,-0.01,-1,-1,-0.01,-1,-1,-0.01,-1,-1,-0.01,-1,-1,-0.01,-1,-1,-0.01,-1,-1
99926009,2026-05-18 12:09:05+05:30,53032.55,0,0.0,0,0.0,0.0,53282.15,53308.4,52783.45,53710.35,0,0.0,0.0,0.0,0.0,-0.01,-1,-1,-0.01,-1,-1,-0.01,-1,-1,-0.01,-1,-1,-0.01,-1,-1,-0.01,-1,-1,-0.01,-1,-1,-0.01,-1,-1,-0.01,-1,-1,-0.01,-1,-1
99926009,2026-05-18 12:09:05+05:30,53032.9,0,0.0,0,0.0,0.0,53282.15,53308.4,52783.45,53710.35,0,0.0,0.0,0.0,0.0,-0.01,-1,-1,-0.01,-1,-1,-0.01,-1,-1,-0.01,-1,-1,-0.01,-1,-1,-0.01,-1,-1,-0.01,-1,-1,-0.01,-1,-1,-0.01,-1,-1,-0.01,-1,-1
99926009,2026-05-18 12:09:06+05:30,53033.25,0,0.0,0,0.0,0.0,53282.15,53308.4,52783.45,53710.35,0,0.0,0.0,0.0,0.0,-0.01,-1,-1,-0.01,-1,-1,-0.01,-1,-1,-0.01,-1,-1,-0.01,-1,-1,-0.01,-1,-1,-0.01,-1,-1,-0.01,-1,-1,-0.01,-1,-1,-0.01,-1,-1
99926009,2026-05-18 12:09:06+05:30,53031.4,0,0.0,0,0.0,0.0,53282.15,53308.4,52783.45,53710.35,0,0.0,0.0,0.0,0.0,-0.01,-1,-1,-0.01,-1,-1,-0.01,-1,-1,-0.01,-1,-1,-0.01,-1,-1,-0.01,-1,-1,-0.01,-1,-1,-0.01,-1,-1,-0.01,-1,-1,-0.01,-1,-1
99926009,2026-05-18 12:09:07+05:30,53033.25,0,0.0,0,0.0,0.0,53282.15,53308.4,52783.45,53710.35,0,0.0,0.0,0.0,0.0,-0.01,-1,-1,-0.01,-1,-1,-0.01,-1,-1,-0.01,-1,-1,-0.01,-1,-1,-0.01,-1,-1,-0.01,-1,-1,-0.01,-1,-1,-0.01,-1,-1,-0.01,-1,-1
99926009,2026-05-18 12:09:07+05:30,53029.4,0,0.0,0,0.0,0.0,53282.15,53308.4,52783.45,53710.35,0,0.0,0.0,0.0,0.0,-0.01,-1,-1,-0.01,-1,-1,-0.01,-1,-1,-0.01,-1,-1,-0.01,-1,-1,-0.01,-1,-1,-0.01,-1,-1,-0.01,-1,-1,-0.01,-1,-1,-0.01,-1,-1
99926009,2026-05-18 12:09:08+05:30,53028.5,0,0.0,0,0.0,0.0,53282.15,53308.4,52783.45,53710.35,0,0.0,0.0,0.0,0.0,-0.01,-1,-1,-0.01,-1,-1,-0.01,-1,-1,-0.01,-1,-1,-0.01,-1,-1,-0.01,-1,-1,-0.01,-1,-1,-0.01,-1,-1,-0.01,-1,-1,-0.01,-1,-1
99926009,2026-05-18 12:09:08+05:30,53024.75,0,0.0,0,0.0,0.0,53282.15,53308.4,52783.45,53710.35,0,0.0,0.0,0.0,0.0,-0.01,-1,-1,-0.01,-1,-1,-0.01,-1,-1,-0.01,-1,-1,-0.01,-1,-1,-0.01,-1,-1,-0.01,-1,-1,-0.01,-1,-1,-0.01,-1,-1,-0.01,-1,-1
99926009,2026-05-18 12:09:09+05:30,53024.1,0,0.0,0,0.0,0.0,53282.15,53308.4,52783.45,53710.35,0,0.0,0.0,0.0,0.0,-0.01,-1,-1,-0.01,-1,-1,-0.01,-1,-1,-0.01,-1,-1,-0.01,-1,-1,-0.01,-1,-1,-0.01,-1,-1,-0.01,-1,-1,-0.01,-1,-1,-0.01,-1,-1
99926009,2026-05-18 12:09:09+05:30,53026.0,0,0.0,0,0.0,0.0,53282.15,53308.4,52783.45,53710.35,0,0.0,0.0,0.0,0.0,-0.01,-1,-1,-0.01,-1,-1,-0.01,-1,-1,-0.01,-1,-1,-0.01,-1,-1,-0.01,-1,-1,-0.01,-1,-1,-0.01,-1,-1,-0.01,-1,-1,-0.01,-1,-1
99926009,2026-05-18 12:09:10+05:30,53026.25,0,0.0,0,0.0,0.0,53282.15,53308.4,52783.45,53710.35,0,0.0,0.0,0.0,0.0,-0.01,-1,-1,-0.01,-1,-1,-0.01,-1,-1,-0.01,-1,-1,-0.01,-1,-1,-0.01,-1,-1,-0.01,-1,-1,-0.01,-1,-1,-0.01,-1,-1,-0.01,-1,-1
99926009,2026-05-18 12:09:10+05:30,53025.3,0,0.0,0,0.0,0.0,53282.15,53308.4,52783.45,53710.35,0,0.0,0.0,0.0,0.0,-0.01,-1,-1,-0.01,-1,-1,-0.01,-1,-1,-0.01,-1,-1,-0.01,-1,-1,-0.01,-1,-1,-0.01,-1,-1,-0.01,-1,-1,-0.01,-1,-1,-0.01,-1,-1
99926009,2026-05-18 12:09:11+05:30,53027.85,0,0.0,0,0.0,0.0,53282.15,53308.4,52783.45,53710.35,0,0.0,0.0,0.0,0.0,-0.01,-1,-1,-0.01,-1,-1,-0.01,-1,-1,-0.01,-1,-1,-0.01,-1,-1,-0.01,-1,-1,-0.01,-1,-1,-0.01,-1,-1,-0.01,-1,-1,-0.01,-1,-1
99926009,2026-05-18 12:09:11+05:30,53027.7,0,0.0,0,0.0,0.0,53282.15,53308.4,52783.45,53710.35,0,0.0,0.0,0.0,0.0,-0.01,-1,-1,-0.01,-1,-1,-0.01,-1,-1,-0.01,-1,-1,-0.01,-1,-1,-0.01,-1,-1,-0.01,-1,-1,-0.01,-1,-1,-0.01,-1,-1,-0.01,-1,-1
99926009,2026-05-18 12:09:12+05:30,53028.25,0,0.0,0,0.0,0.0,53282.15,53308.4,52783.45,53710.35,0,0.0,0.0,0.0,0.0,-0.01,-1,-1,-0.01,-1,-1,-0.01,-1,-1,-0.01,-1,-1,-0.01,-1,-1,-0.01,-1,-1,-0.01,-1,-1,-0.01,-1,-1,-0.01,-1,-1,-0.01,-1,-1
99926009,2026-05-18 12:09:12+05:30,53025.75,0,0.0,0,0.0,0.0,53282.15,53308.4,52783.45,53710.35,0,0.0,0.0,0.0,0.0,-0.01,-1,-1,-0.01,-1,-1,-0.01,-1,-1,-0.01,-1,-1,-0.01,-1,-1,-0.01,-1,-1,-0.01,-1,-1,-0.01,-1,-1,-0.01,-1,-1,-0.01,-1,-1
99926009,2026-05-18 12:09:13+05:30,53028.65,0,0.0,0,0.0,0.0,53282.15,53308.4,52783.45,53710.35,0,0.0,0.0,0.0,0.0,-0.01,-1,-1,-0.01,-1,-1,-0.01,-1,-1,-0.01,-1,-1,-0.01,-1,-1,-0.01,-1,-1,-0.01,-1,-1,-0.01,-1,-1,-0.01,-1,-1,-0.01,-1,-1
99926009,2026-05-18 12:09:13+05:30,53028.25,0,0.0,0,0.0,0.0,53282.15,53308.4,52783.45,53710.35,0,0.0,0.0,0.0,0.0,-0.01,-1,-1,-0.01,-1,-1,-0.01,-1,-1,-0.01,-1,-1,-0.01,-1,-1,-0.01,-1,-1,-0.01,-1,-1,-0.01,-1,-1,-0.01,-1,-1,-0.01,-1,-1
99926009,2026-05-18 12:09:14+05:30,53028.0,0,0.0,0,0.0,0.0,53282.15,53308.4,52783.45,53710.35,0,0.0,0.0,0.0,0.0,-0.01,-1,-1,-0.01,-1,-1,-0.01,-1,-1,-0.01,-1,-1,-0.01,-1,-1,-0.01,-1,-1,-0.01,-1,-1,-0.01,-1,-1,-0.01,-1,-1,-0.01,-1,-1
99926009,2026-05-18 12:09:14+05:30,53026.8,0,0.0,0,0.0,0.0,53282.15,53308.4,52783.45,53710.35,0,0.0,0.0,0.0,0.0,-0.01,-1,-1,-0.01,-1,-1,-0.01,-1,-1,-0.01,-1,-1,-0.01,-1,-1,-0.01,-1,-1,-0.01,-1,-1,-0.01,-1,-1,-0.01,-1,-1,-0.01,-1,-1
99926009,2026-05-18 12:09:15+05:30,53029.3,0,0.0,0,0.0,0.0,53282.15,53308.4,52783.45,53710.35,0,0.0,0.0,0.0,0.0,-0.01,-1,-1,-0.01,-1,-1,-0.01,-1,-1,-0.01,-1,-1,-0.01,-1,-1,-0.01,-1,-1,-0.01,-1,-1,-0.01,-1,-1,-0.01,-1,-1,-0.01,-1,-1
99926009,2026-05-18 12:09:15+05:30,53026.05,0,0.0,0,0.0,0.0,53282.15,53308.4,52783.45,53710.35,0,0.0,0.0,0.0,0.0,-0.01,-1,-1,-0.01,-1,-1,-0.01,-1,-1,-0.01,-1,-1,-0.01,-1,-1,-0.01,-1,-1,-0.01,-1,-1,-0.01,-1,-1,-0.01,-1,-1,-0.01,-1,-1
99926009,2026-05-18 12:09:16+05:30,53029.05,0,0.0,0,0.0,0.0,53282.15,53308.4,52783.45,53710.35,0,0.0,0.0,0.0,0.0,-0.01,-1,-1,-0.01,-1,-1,-0.01,-1,-1,-0.01,-1,-1,-0.01,-1,-1,-0.01,-1,-1,-0.01,-1,-1,-0.01,-1,-1,-0.01,-1,-1,-0.01,-1,-1
99926009,2026-05-18 12:09:16+05:30,53027.25,0,0.0,0,0.0,0.0,53282.15,53308.4,52783.45,53710.35,0,0.0,0.0,0.0,0.0,-0.01,-1,-1,-0.01,-1,-1,-0.01,-1,-1,-0.01,-1,-1,-0.01,-1,-1,-0.01,-1,-1,-0.01,-1,-1,-0.01,-1,-1,-0.01,-1,-1,-0.01,-1,-1
99926009,2026-05-18 12:09:17+05:30,53026.1,0,0.0,0,0.0,0.0,53282.15,53308.4,52783.45,53710.35,0,0.0,0.0,0.0,0.0,-0.01,-1,-1,-0.01,-1,-1,-0.01,-1,-1,-0.01,-1,-1,-0.01,-1,-1,-0.01,-1,-1,-0.01,-1,-1,-0.01,-1,-1,-0.01,-1,-1,-0.01,-1,-1
99926009,2026-05-18 12:09:18+05:30,53025.25,0,0.0,0,0.0,0.0,53282.15,53308.4,52783.45,53710.35,0,0.0,0.0,0.0,0.0,-0.01,-1,-1,-0.01,-1,-1,-0.01,-1,-1,-0.01,-1,-1,-0.01,-1,-1,-0.01,-1,-1,-0.01,-1,-1,-0.01,-1,-1,-0.01,-1,-1,-0.01,-1,-1
99926009,2026-05-18 12:09:18+05:30,53024.95,0,0.0,0,0.0,0.0,53282.15,53308.4,52783.45,53710.35,0,0.0,0.0,0.0,0.0,-0.01,-1,-1,-0.01,-1,-1,-0.01,-1,-1,-0.01,-1,-1,-0.01,-1,-1,-0.01,-1,-1,-0.01,-1,-1,-0.01,-1,-1,-0.01,-1,-1,-0.01,-1,-1
99926009,2026-05-18 12:09:19+05:30,53026.2,0,0.0,0,0.0,0.0,53282.15,53308.4,52783.45,53710.35,0,0.0,0.0,0.0,0.0,-0.01,-1,-1,-0.01,-1,-1,-0.01,-1,-1,-0.01,-1,-1,-0.01,-1,-1,-0.01,-1,-1,-0.01,-1,-1,-0.01,-1,-1,-0.01,-1,-1,-0.01,-1,-1
99926009,2026-05-18 12:09:19+05:30,53026.7,0,0.0,0,0.0,0.0,53282.15,53308.4,52783.45,53710.35,0,0.0,0.0,0.0,0.0,-0.01,-1,-1,-0.01,-1,-1,-0.01,-1,-1,-0.01,-1,-1,-0.01,-1,-1,-0.01,-1,-1,-0.01,-1,-1,-0.01,-1,-1,-0.01,-1,-1,-0.01,-1,-1
99926009,2026-05-18 12:09:20+05:30,53029.7,0,0.0,0,0.0,0.0,53282.15,53308.4,52783.45,53710.35,0,0.0,0.0,0.0,0.0,-0.01,-1,-1,-0.01,-1,-1,-0.01,-1,-1,-0.01,-1,-1,-0.01,-1,-1,-0.01,-1,-1,-0.01,-1,-1,-0.01,-1,-1,-0.01,-1,-1,-0.01,-1,-1
99926009,2026-05-18 12:09:20+05:30,53029.7,0,0.0,0,0.0,0.0,53282.15,53308.4,52783.45,53710.35,0,0.0,0.0,0.0,0.0,-0.01,-1,-1,-0.01,-1,-1,-0.01,-1,-1,-0.01,-1,-1,-0.01,-1,-1,-0.01,-1,-1,-0.01,-1,-1,-0.01,-1,-1,-0.01,-1,-1,-0.01,-1,-1
99926009,2026-05-18 12:09:21+05:30,53029.9,0,0.0,0,0.0,0.0,53282.15,53308.4,52783.45,53710.35,0,0.0,0.0,0.0,0.0,-0.01,-1,-1,-0.01,-1,-1,-0.01,-1,-1,-0.01,-1,-1,-0.01,-1,-1,-0.01,-1,-1,-0.01,-1,-1,-0.01,-1,-1,-0.01,-1,-1,-0.01,-1,-1
99926009,2026-05-18 12:09:21+05:30,53030.6,0,0.0,0,0.0,0.0,53282.15,53308.4,52783.45,53710.35,0,0.0,0.0,0.0,0.0,-0.01,-1,-1,-0.01,-1,-1,-0.01,-1,-1,-0.01,-1,-1,-0.01,-1,-1,-0.01,-1,-1,-0.01,-1,-1,-0.01,-1,-1,-0.01,-1,-1,-0.01,-1,-1
99926009,2026-05-18 12:09:22+05:30,53028.95,0,0.0,0,0.0,0.0,53282.15,53308.4,52783.45,53710.35,0,0.0,0.0,0.0,0.0,-0.01,-1,-1,-0.01,-1,-1,-0.01,-1,-1,-0.01,-1,-1,-0.01,-1,-1,-0.01,-1,-1,-0.01,-1,-1,-0.01,-1,-1,-0.01,-1,-1,-0.01,-1,-1
99926009,2026-05-18 12:09:22+05:30,53030.05,0,0.0,0,0.0,0.0,53282.15,53308.4,52783.45,53710.35,0,0.0,0.0,0.0,0.0,-0.01,-1,-1,-0.01,-1,-1,-0.01,-1,-1,-0.01,-1,-1,-0.01,-1,-1,-0.01,-1,-1,-0.01,-1,-1,-0.01,-1,-1,-0.01,-1,-1,-0.01,-1,-1
99926009,2026-05-18 12:09:23+05:30,53030.05,0,0.0,0,0.0,0.0,53282.15,53308.4,52783.45,53710.35,0,0.0,0.0,0.0,0.0,-0.01,-1,-1,-0.01,-1,-1,-0.01,-1,-1,-0.01,-1,-1,-0.01,-1,-1,-0.01,-1,-1,-0.01,-1,-1,-0.01,-1,-1,-0.01,-1,-1,-0.01,-1,-1
99926009,2026-05-18 12:09:23+05:30,53025.9,0,0.0,0,0.0,0.0,53282.15,53308.4,52783.45,53710.35,0,0.0,0.0,0.0,0.0,-0.01,-1,-1,-0.01,-1,-1,-0.01,-1,-1,-0.01,-1,-1,-0.01,-1,-1,-0.01,-1,-1,-0.01,-1,-1,-0.01,-1,-1,-0.01,-1,-1,-0.01,-1,-1
99926009,2026-05-18 12:09:24+05:30,53024.35,0,0.0,0,0.0,0.0,53282.15,53308.4,52783.45,53710.35,0,0.0,0.0,0.0,0.0,-0.01,-1,-1,-0.01,-1,-1,-0.01,-1,-1,-0.01,-1,-1,-0.01,-1,-1,-0.01,-1,-1,-0.01,-1,-1,-0.01,-1,-1,-0.01,-1,-1,-0.01,-1,-1
99926009,2026-05-18 12:09:24+05:30,53024.85,0,0.0,0,0.0,0.0,53282.15,53308.4,52783.45,53710.35,0,0.0,0.0,0.0,0.0,-0.01,-1,-1,-0.01,-1,-1,-0.01,-1,-1,-0.01,-1,-1,-0.01,-1,-1,-0.01,-1,-1,-0.01,-1,-1,-0.01,-1,-1,-0.01,-1,-1,-0.01,-1,-1
99926009,2026-05-18 12:09:25+05:30,53028.8,0,0.0,0,0.0,0.0,53282.15,53308.4,52783.45,53710.35,0,0.0,0.0,0.0,0.0,-0.01,-1,-1,-0.01,-1,-1,-0.01,-1,-1,-0.01,-1,-1,-0.01,-1,-1,-0.01,-1,-1,-0.01,-1,-1,-0.01,-1,-1,-0.01,-1,-1,-0.01,-1,-1
99926009,2026-05-18 12:09:25+05:30,53028.8,0,0.0,0,0.0,0.0,53282.15,53308.4,52783.45,53710.35,0,0.0,0.0,0.0,0.0,-0.01,-1,-1,-0.01,-1,-1,-0.01,-1,-1,-0.01,-1,-1,-0.01,-1,-1,-0.01,-1,-1,-0.01,-1,-1,-0.01,-1,-1,-0.01,-1,-1,-0.01,-1,-1
99926009,2026-05-18 12:09:26+05:30,53029.2,0,0.0,0,0.0,0.0,53282.15,53308.4,52783.45,53710.35,0,0.0,0.0,0.0,0.0,-0.01,-1,-1,-0.01,-1,-1,-0.01,-1,-1,-0.01,-1,-1,-0.01,-1,-1,-0.01,-1,-1,-0.01,-1,-1,-0.01,-1,-1,-0.01,-1,-1,-0.01,-1,-1
99926009,2026-05-18 12:09:26+05:30,53027.25,0,0.0,0,0.0,0.0,53282.15,53308.4,52783.45,53710.35,0,0.0,0.0,0.0,0.0,-0.01,-1,-1,-0.01,-1,-1,-0.01,-1,-1,-0.01,-1,-1,-0.01,-1,-1,-0.01,-1,-1,-0.01,-1,-1,-0.01,-1,-1,-0.01,-1,-1,-0.01,-1,-1
99926009,2026-05-18 12:09:27+05:30,53025.0,0,0.0,0,0.0,0.0,53282.15,53308.4,52783.45,53710.35,0,0.0,0.0,0.0,0.0,-0.01,-1,-1,-0.01,-1,-1,-0.01,-1,-1,-0.01,-1,-1,-0.01,-1,-1,-0.01,-1,-1,-0.01,-1,-1,-0.01,-1,-1,-0.01,-1,-1,-0.01,-1,-1
99926009,2026-05-18 12:09:27+05:30,53025.15,0,0.0,0,0.0,0.0,53282.15,53308.4,52783.45,53710.35,0,0.0,0.0,0.0,0.0,-0.01,-1,-1,-0.01,-1,-1,-0.01,-1,-1,-0.01,-1,-1,-0.01,-1,-1,-0.01,-1,-1,-0.01,-1,-1,-0.01,-1,-1,-0.01,-1,-1,-0.01,-1,-1
99926009,2026-05-18 12:09:28+05:30,53024.85,0,0.0,0,0.0,0.0,53282.15,53308.4,52783.45,53710.35,0,0.0,0.0,0.0,0.0,-0.01,-1,-1,-0.01,-1,-1,-0.01,-1,-1,-0.01,-1,-1,-0.01,-1,-1,-0.01,-1,-1,-0.01,-1,-1,-0.01,-1,-1,-0.01,-1,-1,-0.01,-1,-1
99926009,2026-05-18 12:09:28+05:30,53024.3,0,0.0,0,0.0,0.0,53282.15,53308.4,52783.45,53710.35,0,0.0,0.0,0.0,0.0,-0.01,-1,-1,-0.01,-1,-1,-0.01,-1,-1,-0.01,-1,-1,-0.01,-1,-1,-0.01,-1,-1,-0.01,-1,-1,-0.01,-1,-1,-0.01,-1,-1,-0.01,-1,-1
99926009,2026-05-18 12:09:29+05:30,53026.3,0,0.0,0,0.0,0.0,53282.15,53308.4,52783.45,53710.35,0,0.0,0.0,0.0,0.0,-0.01,-1,-1,-0.01,-1,-1,-0.01,-1,-1,-0.01,-1,-1,-0.01,-1,-1,-0.01,-1,-1,-0.01,-1,-1,-0.01,-1,-1,-0.01,-1,-1,-0.01,-1,-1
99926009,2026-05-18 12:09:29+05:30,53025.25,0,0.0,0,0.0,0.0,53282.15,53308.4,52783.45,53710.35,0,0.0,0.0,0.0,0.0,-0.01,-1,-1,-0.01,-1,-1,-0.01,-1,-1,-0.01,-1,-1,-0.01,-1,-1,-0.01,-1,-1,-0.01,-1,-1,-0.01,-1,-1,-0.01,-1,-1,-0.01,-1,-1
99926009,2026-05-18 12:09:30+05:30,53027.35,0,0.0,0,0.0,0.0,53282.15,53308.4,52783.45,53710.35,0,0.0,0.0,0.0,0.0,-0.01,-1,-1,-0.01,-1,-1,-0.01,-1,-1,-0.01,-1,-1,-0.01,-1,-1,-0.01,-1,-1,-0.01,-1,-1,-0.01,-1,-1,-0.01,-1,-1,-0.01,-1,-1
99926009,2026-05-18 12:09:30+05:30,53026.4,0,0.0,0,0.0,0.0,53282.15,53308.4,52783.45,53710.35,0,0.0,0.0,0.0,0.0,-0.01,-1,-1,-0.01,-1,-1,-0.01,-1,-1,-0.01,-1,-1,-0.01,-1,-1,-0.01,-1,-1,-0.01,-1,-1,-0.01,-1,-1,-0.01,-1,-1,-0.01,-1,-1
99926009,2026-05-18 12:09:31+05:30,53027.35,0,0.0,0,0.0,0.0,53282.15,53308.4,52783.45,53710.35,0,0.0,0.0,0.0,0.0,-0.01,-1,-1,-0.01,-1,-1,-0.01,-1,-1,-0.01,-1,-1,-0.01,-1,-1,-0.01,-1,-1,-0.01,-1,-1,-0.01,-1,-1,-0.01,-1,-1,-0.01,-1,-1
99926009,2026-05-18 12:09:31+05:30,53025.25,0,0.0,0,0.0,0.0,53282.15,53308.4,52783.45,53710.35,0,0.0,0.0,0.0,0.0,-0.01,-1,-1,-0.01,-1,-1,-0.01,-1,-1,-0.01,-1,-1,-0.01,-1,-1,-0.01,-1,-1,-0.01,-1,-1,-0.01,-1,-1,-0.01,-1,-1,-0.01,-1,-1
99926009,2026-05-18 12:09:32+05:30,53026.45,0,0.0,0,0.0,0.0,53282.15,53308.4,52783.45,53710.35,0,0.0,0.0,0.0,0.0,-0.01,-1,-1,-0.01,-1,-1,-0.01,-1,-1,-0.01,-1,-1,-0.01,-1,-1,-0.01,-1,-1,-0.01,-1,-1,-0.01,-1,-1,-0.01,-1,-1,-0.01,-1,-1
99926009,2026-05-18 12:09:32+05:30,53028.4,0,0.0,0,0.0,0.0,53282.15,53308.4,52783.45,53710.35,0,0.0,0.0,0.0,0.0,-0.01,-1,-1,-0.01,-1,-1,-0.01,-1,-1,-0.01,-1,-1,-0.01,-1,-1,-0.01,-1,-1,-0.01,-1,-1,-0.01,-1,-1,-0.01,-1,-1,-0.01,-1,-1
99926009,2026-05-18 12:09:33+05:30,53027.25,0,0.0,0,0.0,0.0,53282.15,53308.4,52783.45,53710.35,0,0.0,0.0,0.0,0.0,-0.01,-1,-1,-0.01,-1,-1,-0.01,-1,-1,-0.01,-1,-1,-0.01,-1,-1,-0.01,-1,-1,-0.01,-1,-1,-0.01,-1,-1,-0.01,-1,-1,-0.01,-1,-1
99926009,2026-05-18 12:09:33+05:30,53028.4,0,0.0,0,0.0,0.0,53282.15,53308.4,52783.45,53710.35,0,0.0,0.0,0.0,0.0,-0.01,-1,-1,-0.01,-1,-1,-0.01,-1,-1,-0.01,-1,-1,-0.01,-1,-1,-0.01,-1,-1,-0.01,-1,-1,-0.01,-1,-1,-0.01,-1,-1,-0.01,-1,-1
99926009,2026-05-18 12:09:34+05:30,53028.2,0,0.0,0,0.0,0.0,53282.15,53308.4,52783.45,53710.35,0,0.0,0.0,0.0,0.0,-0.01,-1,-1,-0.01,-1,-1,-0.01,-1,-1,-0.01,-1,-1,-0.01,-1,-1,-0.01,-1,-1,-0.01,-1,-1,-0.01,-1,-1,-0.01,-1,-1,-0.01,-1,-1
99926009,2026-05-18 12:09:34+05:30,53029.2,0,0.0,0,0.0,0.0,53282.15,53308.4,52783.45,53710.35,0,0.0,0.0,0.0,0.0,-0.01,-1,-1,-0.01,-1,-1,-0.01,-1,-1,-0.01,-1,-1,-0.01,-1,-1,-0.01,-1,-1,-0.01,-1,-1,-0.01,-1,-1,-0.01,-1,-1,-0.01,-1,-1
99926009,2026-05-18 12:09:35+05:30,53028.45,0,0.0,0,0.0,0.0,53282.15,53308.4,52783.45,53710.35,0,0.0,0.0,0.0,0.0,-0.01,-1,-1,-0.01,-1,-1,-0.01,-1,-1,-0.01,-1,-1,-0.01,-1,-1,-0.01,-1,-1,-0.01,-1,-1,-0.01,-1,-1,-0.01,-1,-1,-0.01,-1,-1
99926009,2026-05-18 12:09:35+05:30,53026.8,0,0.0,0,0.0,0.0,53282.15,53308.4,52783.45,53710.35,0,0.0,0.0,0.0,0.0,-0.01,-1,-1,-0.01,-1,-1,-0.01,-1,-1,-0.01,-1,-1,-0.01,-1,-1,-0.01,-1,-1,-0.01,-1,-1,-0.01,-1,-1,-0.01,-1,-1,-0.01,-1,-1
99926009,2026-05-18 12:09:36+05:30,53028.8,0,0.0,0,0.0,0.0,53282.15,53308.4,52783.45,53710.35,0,0.0,0.0,0.0,0.0,-0.01,-1,-1,-0.01,-1,-1,-0.01,-1,-1,-0.01,-1,-1,-0.01,-1,-1,-0.01,-1,-1,-0.01,-1,-1,-0.01,-1,-1,-0.01,-1,-1,-0.01,-1,-1
99926009,2026-05-18 12:09:36+05:30,53029.45,0,0.0,0,0.0,0.0,53282.15,53308.4,52783.45,53710.35,0,0.0,0.0,0.0,0.0,-0.01,-1,-1,-0.01,-1,-1,-0.01,-1,-1,-0.01,-1,-1,-0.01,-1,-1,-0.01,-1,-1,-0.01,-1,-1,-0.01,-1,-1,-0.01,-1,-1,-0.01,-1,-1
99926009,2026-05-18 12:09:37+05:30,53029.4,0,0.0,0,0.0,0.0,53282.15,53308.4,52783.45,53710.35,0,0.0,0.0,0.0,0.0,-0.01,-1,-1,-0.01,-1,-1,-0.01,-1,-1,-0.01,-1,-1,-0.01,-1,-1,-0.01,-1,-1,-0.01,-1,-1,-0.01,-1,-1,-0.01,-1,-1,-0.01,-1,-1
99926009,2026-05-18 12:09:38+05:30,53026.55,0,0.0,0,0.0,0.0,53282.15,53308.4,52783.45,53710.35,0,0.0,0.0,0.0,0.0,-0.01,-1,-1,-0.01,-1,-1,-0.01,-1,-1,-0.01,-1,-1,-0.01,-1,-1,-0.01,-1,-1,-0.01,-1,-1,-0.01,-1,-1,-0.01,-1,-1,-0.01,-1,-1
99926009,2026-05-18 12:09:38+05:30,53029.65,0,0.0,0,0.0,0.0,53282.15,53308.4,52783.45,53710.35,0,0.0,0.0,0.0,0.0,-0.01,-1,-1,-0.01,-1,-1,-0.01,-1,-1,-0.01,-1,-1,-0.01,-1,-1,-0.01,-1,-1,-0.01,-1,-1,-0.01,-1,-1,-0.01,-1,-1,-0.01,-1,-1
99926009,2026-05-18 12:09:39+05:30,53029.55,0,0.0,0,0.0,0.0,53282.15,53308.4,52783.45,53710.35,0,0.0,0.0,0.0,0.0,-0.01,-1,-1,-0.01,-1,-1,-0.01,-1,-1,-0.01,-1,-1,-0.01,-1,-1,-0.01,-1,-1,-0.01,-1,-1,-0.01,-1,-1,-0.01,-1,-1,-0.01,-1,-1
99926009,2026-05-18 12:09:39+05:30,53029.3,0,0.0,0,0.0,0.0,53282.15,53308.4,52783.45,53710.35,0,0.0,0.0,0.0,0.0,-0.01,-1,-1,-0.01,-1,-1,-0.01,-1,-1,-0.01,-1,-1,-0.01,-1,-1,-0.01,-1,-1,-0.01,-1,-1,-0.01,-1,-1,-0.01,-1,-1,-0.01,-1,-1
99926009,2026-05-18 12:09:40+05:30,53030.9,0,0.0,0,0.0,0.0,53282.15,53308.4,52783.45,53710.35,0,0.0,0.0,0.0,0.0,-0.01,-1,-1,-0.01,-1,-1,-0.01,-1,-1,-0.01,-1,-1,-0.01,-1,-1,-0.01,-1,-1,-0.01,-1,-1,-0.01,-1,-1,-0.01,-1,-1,-0.01,-1,-1
99926009,2026-05-18 12:09:40+05:30,53029.65,0,0.0,0,0.0,0.0,53282.15,53308.4,52783.45,53710.35,0,0.0,0.0,0.0,0.0,-0.01,-1,-1,-0.01,-1,-1,-0.01,-1,-1,-0.01,-1,-1,-0.01,-1,-1,-0.01,-1,-1,-0.01,-1,-1,-0.01,-1,-1,-0.01,-1,-1,-0.01,-1,-1
99926009,2026-05-18 12:09:41+05:30,53030.75,0,0.0,0,0.0,0.0,53282.15,53308.4,52783.45,53710.35,0,0.0,0.0,0.0,0.0,-0.01,-1,-1,-0.01,-1,-1,-0.01,-1,-1,-0.01,-1,-1,-0.01,-1,-1,-0.01,-1,-1,-0.01,-1,-1,-0.01,-1,-1,-0.01,-1,-1,-0.01,-1,-1
99926009,2026-05-18 12:09:41+05:30,53026.35,0,0.0,0,0.0,0.0,53282.15,53308.4,52783.45,53710.35,0,0.0,0.0,0.0,0.0,-0.01,-1,-1,-0.01,-1,-1,-0.01,-1,-1,-0.01,-1,-1,-0.01,-1,-1,-0.01,-1,-1,-0.01,-1,-1,-0.01,-1,-1,-0.01,-1,-1,-0.01,-1,-1
99926009,2026-05-18 12:09:42+05:30,53028.7,0,0.0,0,0.0,0.0,53282.15,53308.4,52783.45,53710.35,0,0.0,0.0,0.0,0.0,-0.01,-1,-1,-0.01,-1,-1,-0.01,-1,-1,-0.01,-1,-1,-0.01,-1,-1,-0.01,-1,-1,-0.01,-1,-1,-0.01,-1,-1,-0.01,-1,-1,-0.01,-1,-1
99926009,2026-05-18 12:09:42+05:30,53026.45,0,0.0,0,0.0,0.0,53282.15,53308.4,52783.45,53710.35,0,0.0,0.0,0.0,0.0,-0.01,-1,-1,-0.01,-1,-1,-0.01,-1,-1,-0.01,-1,-1,-0.01,-1,-1,-0.01,-1,-1,-0.01,-1,-1,-0.01,-1,-1,-0.01,-1,-1,-0.01,-1,-1
99926009,2026-05-18 12:09:43+05:30,53028.4,0,0.0,0,0.0,0.0,53282.15,53308.4,52783.45,53710.35,0,0.0,0.0,0.0,0.0,-0.01,-1,-1,-0.01,-1,-1,-0.01,-1,-1,-0.01,-1,-1,-0.01,-1,-1,-0.01,-1,-1,-0.01,-1,-1,-0.01,-1,-1,-0.01,-1,-1,-0.01,-1,-1
99926009,2026-05-18 12:09:43+05:30,53026.6,0,0.0,0,0.0,0.0,53282.15,53308.4,52783.45,53710.35,0,0.0,0.0,0.0,0.0,-0.01,-1,-1,-0.01,-1,-1,-0.01,-1,-1,-0.01,-1,-1,-0.01,-1,-1,-0.01,-1,-1,-0.01,-1,-1,-0.01,-1,-1,-0.01,-1,-1,-0.01,-1,-1
99926009,2026-05-18 12:09:44+05:30,53027.65,0,0.0,0,0.0,0.0,53282.15,53308.4,52783.45,53710.35,0,0.0,0.0,0.0,0.0,-0.01,-1,-1,-0.01,-1,-1,-0.01,-1,-1,-0.01,-1,-1,-0.01,-1,-1,-0.01,-1,-1,-0.01,-1,-1,-0.01,-1,-1,-0.01,-1,-1,-0.01,-1,-1
99926009,2026-05-18 12:09:44+05:30,53028.5,0,0.0,0,0.0,0.0,53282.15,53308.4,52783.45,53710.35,0,0.0,0.0,0.0,0.0,-0.01,-1,-1,-0.01,-1,-1,-0.01,-1,-1,-0.01,-1,-1,-0.01,-1,-1,-0.01,-1,-1,-0.01,-1,-1,-0.01,-1,-1,-0.01,-1,-1,-0.01,-1,-1
99926009,2026-05-18 12:09:45+05:30,53027.25,0,0.0,0,0.0,0.0,53282.15,53308.4,52783.45,53710.35,0,0.0,0.0,0.0,0.0,-0.01,-1,-1,-0.01,-1,-1,-0.01,-1,-1,-0.01,-1,-1,-0.01,-1,-1,-0.01,-1,-1,-0.01,-1,-1,-0.01,-1,-1,-0.01,-1,-1,-0.01,-1,-1
99926009,2026-05-18 12:09:45+05:30,53027.15,0,0.0,0,0.0,0.0,53282.15,53308.4,52783.45,53710.35,0,0.0,0.0,0.0,0.0,-0.01,-1,-1,-0.01,-1,-1,-0.01,-1,-1,-0.01,-1,-1,-0.01,-1,-1,-0.01,-1,-1,-0.01,-1,-1,-0.01,-1,-1,-0.01,-1,-1,-0.01,-1,-1
99926009,2026-05-18 12:09:46+05:30,53030.1,0,0.0,0,0.0,0.0,53282.15,53308.4,52783.45,53710.35,0,0.0,0.0,0.0,0.0,-0.01,-1,-1,-0.01,-1,-1,-0.01,-1,-1,-0.01,-1,-1,-0.01,-1,-1,-0.01,-1,-1,-0.01,-1,-1,-0.01,-1,-1,-0.01,-1,-1,-0.01,-1,-1
99926009,2026-05-18 12:09:46+05:30,53029.25,0,0.0,0,0.0,0.0,53282.15,53308.4,52783.45,53710.35,0,0.0,0.0,0.0,0.0,-0.01,-1,-1,-0.01,-1,-1,-0.01,-1,-1,-0.01,-1,-1,-0.01,-1,-1,-0.01,-1,-1,-0.01,-1,-1,-0.01,-1,-1,-0.01,-1,-1,-0.01,-1,-1
99926009,2026-05-18 12:09:47+05:30,53028.5,0,0.0,0,0.0,0.0,53282.15,53308.4,52783.45,53710.35,0,0.0,0.0,0.0,0.0,-0.01,-1,-1,-0.01,-1,-1,-0.01,-1,-1,-0.01,-1,-1,-0.01,-1,-1,-0.01,-1,-1,-0.01,-1,-1,-0.01,-1,-1,-0.01,-1,-1,-0.01,-1,-1
99926009,2026-05-18 12:09:47+05:30,53028.65,0,0.0,0,0.0,0.0,53282.15,53308.4,52783.45,53710.35,0,0.0,0.0,0.0,0.0,-0.01,-1,-1,-0.01,-1,-1,-0.01,-1,-1,-0.01,-1,-1,-0.01,-1,-1,-0.01,-1,-1,-0.01,-1,-1,-0.01,-1,-1,-0.01,-1,-1,-0.01,-1,-1
99926009,2026-05-18 12:09:48+05:30,53028.35,0,0.0,0,0.0,0.0,53282.15,53308.4,52783.45,53710.35,0,0.0,0.0,0.0,0.0,-0.01,-1,-1,-0.01,-1,-1,-0.01,-1,-1,-0.01,-1,-1,-0.01,-1,-1,-0.01,-1,-1,-0.01,-1,-1,-0.01,-1,-1,-0.01,-1,-1,-0.01,-1,-1
99926009,2026-05-18 12:09:48+05:30,53026.75,0,0.0,0,0.0,0.0,53282.15,53308.4,52783.45,53710.35,0,0.0,0.0,0.0,0.0,-0.01,-1,-1,-0.01,-1,-1,-0.01,-1,-1,-0.01,-1,-1,-0.01,-1,-1,-0.01,-1,-1,-0.01,-1,-1,-0.01,-1,-1,-0.01,-1,-1,-0.01,-1,-1
99926009,2026-05-18 12:09:49+05:30,53024.15,0,0.0,0,0.0,0.0,53282.15,53308.4,52783.45,53710.35,0,0.0,0.0,0.0,0.0,-0.01,-1,-1,-0.01,-1,-1,-0.01,-1,-1,-0.01,-1,-1,-0.01,-1,-1,-0.01,-1,-1,-0.01,-1,-1,-0.01,-1,-1,-0.01,-1,-1,-0.01,-1,-1
99926009,2026-05-18 12:09:49+05:30,53027.15,0,0.0,0,0.0,0.0,53282.15,53308.4,52783.45,53710.35,0,0.0,0.0,0.0,0.0,-0.01,-1,-1,-0.01,-1,-1,-0.01,-1,-1,-0.01,-1,-1,-0.01,-1,-1,-0.01,-1,-1,-0.01,-1,-1,-0.01,-1,-1,-0.01,-1,-1,-0.01,-1,-1
99926009,2026-05-18 12:09:50+05:30,53024.9,0,0.0,0,0.0,0.0,53282.15,53308.4,52783.45,53710.35,0,0.0,0.0,0.0,0.0,-0.01,-1,-1,-0.01,-1,-1,-0.01,-1,-1,-0.01,-1,-1,-0.01,-1,-1,-0.01,-1,-1,-0.01,-1,-1,-0.01,-1,-1,-0.01,-1,-1,-0.01,-1,-1
99926009,2026-05-18 12:09:50+05:30,53022.6,0,0.0,0,0.0,0.0,53282.15,53308.4,52783.45,53710.35,0,0.0,0.0,0.0,0.0,-0.01,-1,-1,-0.01,-1,-1,-0.01,-1,-1,-0.01,-1,-1,-0.01,-1,-1,-0.01,-1,-1,-0.01,-1,-1,-0.01,-1,-1,-0.01,-1,-1,-0.01,-1,-1
99926009,2026-05-18 12:09:51+05:30,53022.25,0,0.0,0,0.0,0.0,53282.15,53308.4,52783.45,53710.35,0,0.0,0.0,0.0,0.0,-0.01,-1,-1,-0.01,-1,-1,-0.01,-1,-1,-0.01,-1,-1,-0.01,-1,-1,-0.01,-1,-1,-0.01,-1,-1,-0.01,-1,-1,-0.01,-1,-1,-0.01,-1,-1
99926009,2026-05-18 12:09:51+05:30,53021.75,0,0.0,0,0.0,0.0,53282.15,53308.4,52783.45,53710.35,0,0.0,0.0,0.0,0.0,-0.01,-1,-1,-0.01,-1,-1,-0.01,-1,-1,-0.01,-1,-1,-0.01,-1,-1,-0.01,-1,-1,-0.01,-1,-1,-0.01,-1,-1,-0.01,-1,-1,-0.01,-1,-1
99926009,2026-05-18 12:09:52+05:30,53021.5,0,0.0,0,0.0,0.0,53282.15,53308.4,52783.45,53710.35,0,0.0,0.0,0.0,0.0,-0.01,-1,-1,-0.01,-1,-1,-0.01,-1,-1,-0.01,-1,-1,-0.01,-1,-1,-0.01,-1,-1,-0.01,-1,-1,-0.01,-1,-1,-0.01,-1,-1,-0.01,-1,-1
99926009,2026-05-18 12:09:52+05:30,53019.55,0,0.0,0,0.0,0.0,53282.15,53308.4,52783.45,53710.35,0,0.0,0.0,0.0,0.0,-0.01,-1,-1,-0.01,-1,-1,-0.01,-1,-1,-0.01,-1,-1,-0.01,-1,-1,-0.01,-1,-1,-0.01,-1,-1,-0.01,-1,-1,-0.01,-1,-1,-0.01,-1,-1
99926009,2026-05-18 12:09:53+05:30,53018.5,0,0.0,0,0.0,0.0,53282.15,53308.4,52783.45,53710.35,0,0.0,0.0,0.0,0.0,-0.01,-1,-1,-0.01,-1,-1,-0.01,-1,-1,-0.01,-1,-1,-0.01,-1,-1,-0.01,-1,-1,-0.01,-1,-1,-0.01,-1,-1,-0.01,-1,-1,-0.01,-1,-1
99926009,2026-05-18 12:09:53+05:30,53020.65,0,0.0,0,0.0,0.0,53282.15,53308.4,52783.45,53710.35,0,0.0,0.0,0.0,0.0,-0.01,-1,-1,-0.01,-1,-1,-0.01,-1,-1,-0.01,-1,-1,-0.01,-1,-1,-0.01,-1,-1,-0.01,-1,-1,-0.01,-1,-1,-0.01,-1,-1,-0.01,-1,-1
99926009,2026-05-18 12:09:54+05:30,53020.45,0,0.0,0,0.0,0.0,53282.15,53308.4,52783.45,53710.35,0,0.0,0.0,0.0,0.0,-0.01,-1,-1,-0.01,-1,-1,-0.01,-1,-1,-0.01,-1,-1,-0.01,-1,-1,-0.01,-1,-1,-0.01,-1,-1,-0.01,-1,-1,-0.01,-1,-1,-0.01,-1,-1
99926009,2026-05-18 12:09:54+05:30,53018.0,0,0.0,0,0.0,0.0,53282.15,53308.4,52783.45,53710.35,0,0.0,0.0,0.0,0.0,-0.01,-1,-1,-0.01,-1,-1,-0.01,-1,-1,-0.01,-1,-1,-0.01,-1,-1,-0.01,-1,-1,-0.01,-1,-1,-0.01,-1,-1,-0.01,-1,-1,-0.01,-1,-1
99926009,2026-05-18 12:09:55+05:30,53011.45,0,0.0,0,0.0,0.0,53282.15,53308.4,52783.45,53710.35,0,0.0,0.0,0.0,0.0,-0.01,-1,-1,-0.01,-1,-1,-0.01,-1,-1,-0.01,-1,-1,-0.01,-1,-1,-0.01,-1,-1,-0.01,-1,-1,-0.01,-1,-1,-0.01,-1,-1,-0.01,-1,-1
99926009,2026-05-18 12:09:55+05:30,53007.9,0,0.0,0,0.0,0.0,53282.15,53308.4,52783.45,53710.35,0,0.0,0.0,0.0,0.0,-0.01,-1,-1,-0.01,-1,-1,-0.01,-1,-1,-0.01,-1,-1,-0.01,-1,-1,-0.01,-1,-1,-0.01,-1,-1,-0.01,-1,-1,-0.01,-1,-1,-0.01,-1,-1
99926009,2026-05-18 12:09:56+05:30,53006.8,0,0.0,0,0.0,0.0,53282.15,53308.4,52783.45,53710.35,0,0.0,0.0,0.0,0.0,-0.01,-1,-1,-0.01,-1,-1,-0.01,-1,-1,-0.01,-1,-1,-0.01,-1,-1,-0.01,-1,-1,-0.01,-1,-1,-0.01,-1,-1,-0.01,-1,-1,-0.01,-1,-1
99926009,2026-05-18 12:09:56+05:30,53006.0,0,0.0,0,0.0,0.0,53282.15,53308.4,52783.45,53710.35,0,0.0,0.0,0.0,0.0,-0.01,-1,-1,-0.01,-1,-1,-0.01,-1,-1,-0.01,-1,-1,-0.01,-1,-1,-0.01,-1,-1,-0.01,-1,-1,-0.01,-1,-1,-0.01,-1,-1,-0.01,-1,-1
99926009,2026-05-18 12:09:57+05:30,53004.8,0,0.0,0,0.0,0.0,53282.15,53308.4,52783.45,53710.35,0,0.0,0.0,0.0,0.0,-0.01,-1,-1,-0.01,-1,-1,-0.01,-1,-1,-0.01,-1,-1,-0.01,-1,-1,-0.01,-1,-1,-0.01,-1,-1,-0.01,-1,-1,-0.01,-1,-1,-0.01,-1,-1
99926009,2026-05-18 12:09:57+05:30,53009.0,0,0.0,0,0.0,0.0,53282.15,53308.4,52783.45,53710.35,0,0.0,0.0,0.0,0.0,-0.01,-1,-1,-0.01,-1,-1,-0.01,-1,-1,-0.01,-1,-1,-0.01,-1,-1,-0.01,-1,-1,-0.01,-1,-1,-0.01,-1,-1,-0.01,-1,-1,-0.01,-1,-1
99926009,2026-05-18 12:09:58+05:30,53006.25,0,0.0,0,0.0,0.0,53282.15,53308.4,52783.45,53710.35,0,0.0,0.0,0.0,0.0,-0.01,-1,-1,-0.01,-1,-1,-0.01,-1,-1,-0.01,-1,-1,-0.01,-1,-1,-0.01,-1,-1,-0.01,-1,-1,-0.01,-1,-1,-0.01,-1,-1,-0.01,-1,-1
99926009,2026-05-18 12:09:58+05:30,53007.85,0,0.0,0,0.0,0.0,53282.15,53308.4,52783.45,53710.35,0,0.0,0.0,0.0,0.0,-0.01,-1,-1,-0.01,-1,-1,-0.01,-1,-1,-0.01,-1,-1,-0.01,-1,-1,-0.01,-1,-1,-0.01,-1,-1,-0.01,-1,-1,-0.01,-1,-1,-0.01,-1,-1
99926009,2026-05-18 12:09:59+05:30,53007.55,0,0.0,0,0.0,0.0,53282.15,53308.4,52783.45,53710.35,0,0.0,0.0,0.0,0.0,-0.01,-1,-1,-0.01,-1,-1,-0.01,-1,-1,-0.01,-1,-1,-0.01,-1,-1,-0.01,-1,-1,-0.01,-1,-1,-0.01,-1,-1,-0.01,-1,-1,-0.01,-1,-1
99926009,2026-05-18 12:09:59+05:30,53006.9,0,0.0,0,0.0,0.0,53282.15,53308.4,52783.45,53710.35,0,0.0,0.0,0.0,0.0,-0.01,-1,-1,-0.01,-1,-1,-0.01,-1,-1,-0.01,-1,-1,-0.01,-1,-1,-0.01,-1,-1,-0.01,-1,-1,-0.01,-1,-1,-0.01,-1,-1,-0.01,-1,-1
99926009,2026-05-18 12:10:00+05:30,53008.7,0,0.0,0,0.0,0.0,53282.15,53308.4,52783.45,53710.35,0,0.0,0.0,0.0,0.0,-0.01,-1,-1,-0.01,-1,-1,-0.01,-1,-1,-0.01,-1,-1,-0.01,-1,-1,-0.01,-1,-1,-0.01,-1,-1,-0.01,-1,-1,-0.01,-1,-1,-0.01,-1,-1
99926009,2026-05-18 12:10:00+05:30,53011.0,0,0.0,0,0.0,0.0,53282.15,53308.4,52783.45,53710.35,0,0.0,0.0,0.0,0.0,-0.01,-1,-1,-0.01,-1,-1,-0.01,-1,-1,-0.01,-1,-1,-0.01,-1,-1,-0.01,-1,-1,-0.01,-1,-1,-0.01,-1,-1,-0.01,-1,-1,-0.01,-1,-1
99926009,2026-05-18 12:10:01+05:30,53011.05,0,0.0,0,0.0,0.0,53282.15,53308.4,52783.45,53710.35,0,0.0,0.0,0.0,0.0,-0.01,-1,-1,-0.01,-1,-1,-0.01,-1,-1,-0.01,-1,-1,-0.01,-1,-1,-0.01,-1,-1,-0.01,-1,-1,-0.01,-1,-1,-0.01,-1,-1,-0.01,-1,-1
99926009,2026-05-18 12:10:01+05:30,53010.55,0,0.0,0,0.0,0.0,53282.15,53308.4,52783.45,53710.35,0,0.0,0.0,0.0,0.0,-0.01,-1,-1,-0.01,-1,-1,-0.01,-1,-1,-0.01,-1,-1,-0.01,-1,-1,-0.01,-1,-1,-0.01,-1,-1,-0.01,-1,-1,-0.01,-1,-1,-0.01,-1,-1
99926009,2026-05-18 12:10:02+05:30,53010.8,0,0.0,0,0.0,0.0,53282.15,53308.4,52783.45,53710.35,0,0.0,0.0,0.0,0.0,-0.01,-1,-1,-0.01,-1,-1,-0.01,-1,-1,-0.01,-1,-1,-0.01,-1,-1,-0.01,-1,-1,-0.01,-1,-1,-0.01,-1,-1,-0.01,-1,-1,-0.01,-1,-1
99926009,2026-05-18 12:10:02+05:30,53008.25,0,0.0,0,0.0,0.0,53282.15,53308.4,52783.45,53710.35,0,0.0,0.0,0.0,0.0,-0.01,-1,-1,-0.01,-1,-1,-0.01,-1,-1,-0.01,-1,-1,-0.01,-1,-1,-0.01,-1,-1,-0.01,-1,-1,-0.01,-1,-1,-0.01,-1,-1,-0.01,-1,-1
99926009,2026-05-18 12:10:03+05:30,53008.8,0,0.0,0,0.0,0.0,53282.15,53308.4,52783.45,53710.35,0,0.0,0.0,0.0,0.0,-0.01,-1,-1,-0.01,-1,-1,-0.01,-1,-1,-0.01,-1,-1,-0.01,-1,-1,-0.01,-1,-1,-0.01,-1,-1,-0.01,-1,-1,-0.01,-1,-1,-0.01,-1,-1
99926009,2026-05-18 12:10:03+05:30,53008.75,0,0.0,0,0.0,0.0,53282.15,53308.4,52783.45,53710.35,0,0.0,0.0,0.0,0.0,-0.01,-1,-1,-0.01,-1,-1,-0.01,-1,-1,-0.01,-1,-1,-0.01,-1,-1,-0.01,-1,-1,-0.01,-1,-1,-0.01,-1,-1,-0.01,-1,-1,-0.01,-1,-1
99926009,2026-05-18 12:10:04+05:30,53008.45,0,0.0,0,0.0,0.0,53282.15,53308.4,52783.45,53710.35,0,0.0,0.0,0.0,0.0,-0.01,-1,-1,-0.01,-1,-1,-0.01,-1,-1,-0.01,-1,-1,-0.01,-1,-1,-0.01,-1,-1,-0.01,-1,-1,-0.01,-1,-1,-0.01,-1,-1,-0.01,-1,-1
99926009,2026-05-18 12:10:04+05:30,53008.55,0,0.0,0,0.0,0.0,53282.15,53308.4,52783.45,53710.35,0,0.0,0.0,0.0,0.0,-0.01,-1,-1,-0.01,-1,-1,-0.01,-1,-1,-0.01,-1,-1,-0.01,-1,-1,-0.01,-1,-1,-0.01,-1,-1,-0.01,-1,-1,-0.01,-1,-1,-0.01,-1,-1
99926009,2026-05-18 12:10:05+05:30,53007.8,0,0.0,0,0.0,0.0,53282.15,53308.4,52783.45,53710.35,0,0.0,0.0,0.0,0.0,-0.01,-1,-1,-0.01,-1,-1,-0.01,-1,-1,-0.01,-1,-1,-0.01,-1,-1,-0.01,-1,-1,-0.01,-1,-1,-0.01,-1,-1,-0.01,-1,-1,-0.01,-1,-1
99926009,2026-05-18 12:10:05+05:30,53008.85,0,0.0,0,0.0,0.0,53282.15,53308.4,52783.45,53710.35,0,0.0,0.0,0.0,0.0,-0.01,-1,-1,-0.01,-1,-1,-0.01,-1,-1,-0.01,-1,-1,-0.01,-1,-1,-0.01,-1,-1,-0.01,-1,-1,-0.01,-1,-1,-0.01,-1,-1,-0.01,-1,-1
99926009,2026-05-18 12:10:06+05:30,53012.8,0,0.0,0,0.0,0.0,53282.15,53308.4,52783.45,53710.35,0,0.0,0.0,0.0,0.0,-0.01,-1,-1,-0.01,-1,-1,-0.01,-1,-1,-0.01,-1,-1,-0.01,-1,-1,-0.01,-1,-1,-0.01,-1,-1,-0.01,-1,-1,-0.01,-1,-1,-0.01,-1,-1
99926009,2026-05-18 12:10:06+05:30,53013.0,0,0.0,0,0.0,0.0,53282.15,53308.4,52783.45,53710.35,0,0.0,0.0,0.0,0.0,-0.01,-1,-1,-0.01,-1,-1,-0.01,-1,-1,-0.01,-1,-1,-0.01,-1,-1,-0.01,-1,-1,-0.01,-1,-1,-0.01,-1,-1,-0.01,-1,-1,-0.01,-1,-1
99926009,2026-05-18 12:10:07+05:30,53013.8,0,0.0,0,0.0,0.0,53282.15,53308.4,52783.45,53710.35,0,0.0,0.0,0.0,0.0,-0.01,-1,-1,-0.01,-1,-1,-0.01,-1,-1,-0.01,-1,-1,-0.01,-1,-1,-0.01,-1,-1,-0.01,-1,-1,-0.01,-1,-1,-0.01,-1,-1,-0.01,-1,-1
99926009,2026-05-18 12:10:08+05:30,53014.75,0,0.0,0,0.0,0.0,53282.15,53308.4,52783.45,53710.35,0,0.0,0.0,0.0,0.0,-0.01,-1,-1,-0.01,-1,-1,-0.01,-1,-1,-0.01,-1,-1,-0.01,-1,-1,-0.01,-1,-1,-0.01,-1,-1,-0.01,-1,-1,-0.01,-1,-1,-0.01,-1,-1
99926009,2026-05-18 12:10:08+05:30,53014.6,0,0.0,0,0.0,0.0,53282.15,53308.4,52783.45,53710.35,0,0.0,0.0,0.0,0.0,-0.01,-1,-1,-0.01,-1,-1,-0.01,-1,-1,-0.01,-1,-1,-0.01,-1,-1,-0.01,-1,-1,-0.01,-1,-1,-0.01,-1,-1,-0.01,-1,-1,-0.01,-1,-1
99926009,2026-05-18 12:10:09+05:30,53012.3,0,0.0,0,0.0,0.0,53282.15,53308.4,52783.45,53710.35,0,0.0,0.0,0.0,0.0,-0.01,-1,-1,-0.01,-1,-1,-0.01,-1,-1,-0.01,-1,-1,-0.01,-1,-1,-0.01,-1,-1,-0.01,-1,-1,-0.01,-1,-1,-0.01,-1,-1,-0.01,-1,-1
99926009,2026-05-18 12:10:09+05:30,53015.65,0,0.0,0,0.0,0.0,53282.15,53308.4,52783.45,53710.35,0,0.0,0.0,0.0,0.0,-0.01,-1,-1,-0.01,-1,-1,-0.01,-1,-1,-0.01,-1,-1,-0.01,-1,-1,-0.01,-1,-1,-0.01,-1,-1,-0.01,-1,-1,-0.01,-1,-1,-0.01,-1,-1
99926009,2026-05-18 12:10:10+05:30,53017.65,0,0.0,0,0.0,0.0,53282.15,53308.4,52783.45,53710.35,0,0.0,0.0,0.0,0.0,-0.01,-1,-1,-0.01,-1,-1,-0.01,-1,-1,-0.01,-1,-1,-0.01,-1,-1,-0.01,-1,-1,-0.01,-1,-1,-0.01,-1,-1,-0.01,-1,-1,-0.01,-1,-1
99926009,2026-05-18 12:10:10+05:30,53019.15,0,0.0,0,0.0,0.0,53282.15,53308.4,52783.45,53710.35,0,0.0,0.0,0.0,0.0,-0.01,-1,-1,-0.01,-1,-1,-0.01,-1,-1,-0.01,-1,-1,-0.01,-1,-1,-0.01,-1,-1,-0.01,-1,-1,-0.01,-1,-1,-0.01,-1,-1,-0.01,-1,-1
99926009,2026-05-18 12:10:11+05:30,53018.6,0,0.0,0,0.0,0.0,53282.15,53308.4,52783.45,53710.35,0,0.0,0.0,0.0,0.0,-0.01,-1,-1,-0.01,-1,-1,-0.01,-1,-1,-0.01,-1,-1,-0.01,-1,-1,-0.01,-1,-1,-0.01,-1,-1,-0.01,-1,-1,-0.01,-1,-1,-0.01,-1,-1
99926009,2026-05-18 12:10:11+05:30,53013.1,0,0.0,0,0.0,0.0,53282.15,53308.4,52783.45,53710.35,0,0.0,0.0,0.0,0.0,-0.01,-1,-1,-0.01,-1,-1,-0.01,-1,-1,-0.01,-1,-1,-0.01,-1,-1,-0.01,-1,-1,-0.01,-1,-1,-0.01,-1,-1,-0.01,-1,-1,-0.01,-1,-1
99926009,2026-05-18 12:10:12+05:30,53013.4,0,0.0,0,0.0,0.0,53282.15,53308.4,52783.45,53710.35,0,0.0,0.0,0.0,0.0,-0.01,-1,-1,-0.01,-1,-1,-0.01,-1,-1,-0.01,-1,-1,-0.01,-1,-1,-0.01,-1,-1,-0.01,-1,-1,-0.01,-1,-1,-0.01,-1,-1,-0.01,-1,-1
99926009,2026-05-18 12:10:12+05:30,53014.25,0,0.0,0,0.0,0.0,53282.15,53308.4,52783.45,53710.35,0,0.0,0.0,0.0,0.0,-0.01,-1,-1,-0.01,-1,-1,-0.01,-1,-1,-0.01,-1,-1,-0.01,-1,-1,-0.01,-1,-1,-0.01,-1,-1,-0.01,-1,-1,-0.01,-1,-1,-0.01,-1,-1
99926009,2026-05-18 12:10:13+05:30,53014.9,0,0.0,0,0.0,0.0,53282.15,53308.4,52783.45,53710.35,0,0.0,0.0,0.0,0.0,-0.01,-1,-1,-0.01,-1,-1,-0.01,-1,-1,-0.01,-1,-1,-0.01,-1,-1,-0.01,-1,-1,-0.01,-1,-1,-0.01,-1,-1,-0.01,-1,-1,-0.01,-1,-1
99926009,2026-05-18 12:10:13+05:30,53014.7,0,0.0,0,0.0,0.0,53282.15,53308.4,52783.45,53710.35,0,0.0,0.0,0.0,0.0,-0.01,-1,-1,-0.01,-1,-1,-0.01,-1,-1,-0.01,-1,-1,-0.01,-1,-1,-0.01,-1,-1,-0.01,-1,-1,-0.01,-1,-1,-0.01,-1,-1,-0.01,-1,-1
99926009,2026-05-18 12:10:14+05:30,53014.5,0,0.0,0,0.0,0.0,53282.15,53308.4,52783.45,53710.35,0,0.0,0.0,0.0,0.0,-0.01,-1,-1,-0.01,-1,-1,-0.01,-1,-1,-0.01,-1,-1,-0.01,-1,-1,-0.01,-1,-1,-0.01,-1,-1,-0.01,-1,-1,-0.01,-1,-1,-0.01,-1,-1
99926009,2026-05-18 12:10:14+05:30,53015.9,0,0.0,0,0.0,0.0,53282.15,53308.4,52783.45,53710.35,0,0.0,0.0,0.0,0.0,-0.01,-1,-1,-0.01,-1,-1,-0.01,-1,-1,-0.01,-1,-1,-0.01,-1,-1,-0.01,-1,-1,-0.01,-1,-1,-0.01,-1,-1,-0.01,-1,-1,-0.01,-1,-1
99926009,2026-05-18 12:10:15+05:30,53019.9,0,0.0,0,0.0,0.0,53282.15,53308.4,52783.45,53710.35,0,0.0,0.0,0.0,0.0,-0.01,-1,-1,-0.01,-1,-1,-0.01,-1,-1,-0.01,-1,-1,-0.01,-1,-1,-0.01,-1,-1,-0.01,-1,-1,-0.01,-1,-1,-0.01,-1,-1,-0.01,-1,-1
99926009,2026-05-18 12:10:15+05:30,53020.15,0,0.0,0,0.0,0.0,53282.15,53308.4,52783.45,53710.35,0,0.0,0.0,0.0,0.0,-0.01,-1,-1,-0.01,-1,-1,-0.01,-1,-1,-0.01,-1,-1,-0.01,-1,-1,-0.01,-1,-1,-0.01,-1,-1,-0.01,-1,-1,-0.01,-1,-1,-0.01,-1,-1
99926009,2026-05-18 12:10:16+05:30,53019.2,0,0.0,0,0.0,0.0,53282.15,53308.4,52783.45,53710.35,0,0.0,0.0,0.0,0.0,-0.01,-1,-1,-0.01,-1,-1,-0.01,-1,-1,-0.01,-1,-1,-0.01,-1,-1,-0.01,-1,-1,-0.01,-1,-1,-0.01,-1,-1,-0.01,-1,-1,-0.01,-1,-1
99926009,2026-05-18 12:10:16+05:30,53018.25,0,0.0,0,0.0,0.0,53282.15,53308.4,52783.45,53710.35,0,0.0,0.0,0.0,0.0,-0.01,-1,-1,-0.01,-1,-1,-0.01,-1,-1,-0.01,-1,-1,-0.01,-1,-1,-0.01,-1,-1,-0.01,-1,-1,-0.01,-1,-1,-0.01,-1,-1,-0.01,-1,-1
99926009,2026-05-18 12:10:17+05:30,53020.15,0,0.0,0,0.0,0.0,53282.15,53308.4,52783.45,53710.35,0,0.0,0.0,0.0,0.0,-0.01,-1,-1,-0.01,-1,-1,-0.01,-1,-1,-0.01,-1,-1,-0.01,-1,-1,-0.01,-1,-1,-0.01,-1,-1,-0.01,-1,-1,-0.01,-1,-1,-0.01,-1,-1
99926009,2026-05-18 12:10:17+05:30,53019.7,0,0.0,0,0.0,0.0,53282.15,53308.4,52783.45,53710.35,0,0.0,0.0,0.0,0.0,-0.01,-1,-1,-0.01,-1,-1,-0.01,-1,-1,-0.01,-1,-1,-0.01,-1,-1,-0.01,-1,-1,-0.01,-1,-1,-0.01,-1,-1,-0.01,-1,-1,-0.01,-1,-1
99926009,2026-05-18 12:10:18+05:30,53019.5,0,0.0,0,0.0,0.0,53282.15,53308.4,52783.45,53710.35,0,0.0,0.0,0.0,0.0,-0.01,-1,-1,-0.01,-1,-1,-0.01,-1,-1,-0.01,-1,-1,-0.01,-1,-1,-0.01,-1,-1,-0.01,-1,-1,-0.01,-1,-1,-0.01,-1,-1,-0.01,-1,-1
99926009,2026-05-18 12:10:18+05:30,53018.65,0,0.0,0,0.0,0.0,53282.15,53308.4,52783.45,53710.35,0,0.0,0.0,0.0,0.0,-0.01,-1,-1,-0.01,-1,-1,-0.01,-1,-1,-0.01,-1,-1,-0.01,-1,-1,-0.01,-1,-1,-0.01,-1,-1,-0.01,-1,-1,-0.01,-1,-1,-0.01,-1,-1
99926009,2026-05-18 12:10:19+05:30,53018.4,0,0.0,0,0.0,0.0,53282.15,53308.4,52783.45,53710.35,0,0.0,0.0,0.0,0.0,-0.01,-1,-1,-0.01,-1,-1,-0.01,-1,-1,-0.01,-1,-1,-0.01,-1,-1,-0.01,-1,-1,-0.01,-1,-1,-0.01,-1,-1,-0.01,-1,-1,-0.01,-1,-1
99926009,2026-05-18 12:10:19+05:30,53016.95,0,0.0,0,0.0,0.0,53282.15,53308.4,52783.45,53710.35,0,0.0,0.0,0.0,0.0,-0.01,-1,-1,-0.01,-1,-1,-0.01,-1,-1,-0.01,-1,-1,-0.01,-1,-1,-0.01,-1,-1,-0.01,-1,-1,-0.01,-1,-1,-0.01,-1,-1,-0.01,-1,-1
99926009,2026-05-18 12:10:20+05:30,53018.05,0,0.0,0,0.0,0.0,53282.15,53308.4,52783.45,53710.35,0,0.0,0.0,0.0,0.0,-0.01,-1,-1,-0.01,-1,-1,-0.01,-1,-1,-0.01,-1,-1,-0.01,-1,-1,-0.01,-1,-1,-0.01,-1,-1,-0.01,-1,-1,-0.01,-1,-1,-0.01,-1,-1
99926009,2026-05-18 12:10:20+05:30,53016.75,0,0.0,0,0.0,0.0,53282.15,53308.4,52783.45,53710.35,0,0.0,0.0,0.0,0.0,-0.01,-1,-1,-0.01,-1,-1,-0.01,-1,-1,-0.01,-1,-1,-0.01,-1,-1,-0.01,-1,-1,-0.01,-1,-1,-0.01,-1,-1,-0.01,-1,-1,-0.01,-1,-1
99926009,2026-05-18 12:10:21+05:30,53018.6,0,0.0,0,0.0,0.0,53282.15,53308.4,52783.45,53710.35,0,0.0,0.0,0.0,0.0,-0.01,-1,-1,-0.01,-1,-1,-0.01,-1,-1,-0.01,-1,-1,-0.01,-1,-1,-0.01,-1,-1,-0.01,-1,-1,-0.01,-1,-1,-0.01,-1,-1,-0.01,-1,-1
99926009,2026-05-18 12:10:21+05:30,53016.05,0,0.0,0,0.0,0.0,53282.15,53308.4,52783.45,53710.35,0,0.0,0.0,0.0,0.0,-0.01,-1,-1,-0.01,-1,-1,-0.01,-1,-1,-0.01,-1,-1,-0.01,-1,-1,-0.01,-1,-1,-0.01,-1,-1,-0.01,-1,-1,-0.01,-1,-1,-0.01,-1,-1
99926009,2026-05-18 12:10:22+05:30,53017.6,0,0.0,0,0.0,0.0,53282.15,53308.4,52783.45,53710.35,0,0.0,0.0,0.0,0.0,-0.01,-1,-1,-0.01,-1,-1,-0.01,-1,-1,-0.01,-1,-1,-0.01,-1,-1,-0.01,-1,-1,-0.01,-1,-1,-0.01,-1,-1,-0.01,-1,-1,-0.01,-1,-1
99926009,2026-05-18 12:10:22+05:30,53015.35,0,0.0,0,0.0,0.0,53282.15,53308.4,52783.45,53710.35,0,0.0,0.0,0.0,0.0,-0.01,-1,-1,-0.01,-1,-1,-0.01,-1,-1,-0.01,-1,-1,-0.01,-1,-1,-0.01,-1,-1,-0.01,-1,-1,-0.01,-1,-1,-0.01,-1,-1,-0.01,-1,-1
99926009,2026-05-18 12:10:23+05:30,53017.05,0,0.0,0,0.0,0.0,53282.15,53308.4,52783.45,53710.35,0,0.0,0.0,0.0,0.0,-0.01,-1,-1,-0.01,-1,-1,-0.01,-1,-1,-0.01,-1,-1,-0.01,-1,-1,-0.01,-1,-1,-0.01,-1,-1,-0.01,-1,-1,-0.01,-1,-1,-0.01,-1,-1
99926009,2026-05-18 12:10:23+05:30,53017.75,0,0.0,0,0.0,0.0,53282.15,53308.4,52783.45,53710.35,0,0.0,0.0,0.0,0.0,-0.01,-1,-1,-0.01,-1,-1,-0.01,-1,-1,-0.01,-1,-1,-0.01,-1,-1,-0.01,-1,-1,-0.01,-1,-1,-0.01,-1,-1,-0.01,-1,-1,-0.01,-1,-1
99926009,2026-05-18 12:10:24+05:30,53017.4,0,0.0,0,0.0,0.0,53282.15,53308.4,52783.45,53710.35,0,0.0,0.0,0.0,0.0,-0.01,-1,-1,-0.01,-1,-1,-0.01,-1,-1,-0.01,-1,-1,-0.01,-1,-1,-0.01,-1,-1,-0.01,-1,-1,-0.01,-1,-1,-0.01,-1,-1,-0.01,-1,-1
99926009,2026-05-18 12:10:24+05:30,53016.1,0,0.0,0,0.0,0.0,53282.15,53308.4,52783.45,53710.35,0,0.0,0.0,0.0,0.0,-0.01,-1,-1,-0.01,-1,-1,-0.01,-1,-1,-0.01,-1,-1,-0.01,-1,-1,-0.01,-1,-1,-0.01,-1,-1,-0.01,-1,-1,-0.01,-1,-1,-0.01,-1,-1
99926009,2026-05-18 12:10:25+05:30,53019.4,0,0.0,0,0.0,0.0,53282.15,53308.4,52783.45,53710.35,0,0.0,0.0,0.0,0.0,-0.01,-1,-1,-0.01,-1,-1,-0.01,-1,-1,-0.01,-1,-1,-0.01,-1,-1,-0.01,-1,-1,-0.01,-1,-1,-0.01,-1,-1,-0.01,-1,-1,-0.01,-1,-1
99926009,2026-05-18 12:10:25+05:30,53018.75,0,0.0,0,0.0,0.0,53282.15,53308.4,52783.45,53710.35,0,0.0,0.0,0.0,0.0,-0.01,-1,-1,-0.01,-1,-1,-0.01,-1,-1,-0.01,-1,-1,-0.01,-1,-1,-0.01,-1,-1,-0.01,-1,-1,-0.01,-1,-1,-0.01,-1,-1,-0.01,-1,-1
99926009,2026-05-18 12:10:26+05:30,53020.0,0,0.0,0,0.0,0.0,53282.15,53308.4,52783.45,53710.35,0,0.0,0.0,0.0,0.0,-0.01,-1,-1,-0.01,-1,-1,-0.01,-1,-1,-0.01,-1,-1,-0.01,-1,-1,-0.01,-1,-1,-0.01,-1,-1,-0.01,-1,-1,-0.01,-1,-1,-0.01,-1,-1
99926009,2026-05-18 12:10:26+05:30,53020.0,0,0.0,0,0.0,0.0,53282.15,53308.4,52783.45,53710.35,0,0.0,0.0,0.0,0.0,-0.01,-1,-1,-0.01,-1,-1,-0.01,-1,-1,-0.01,-1,-1,-0.01,-1,-1,-0.01,-1,-1,-0.01,-1,-1,-0.01,-1,-1,-0.01,-1,-1,-0.01,-1,-1
99926009,2026-05-18 12:10:27+05:30,53016.9,0,0.0,0,0.0,0.0,53282.15,53308.4,52783.45,53710.35,0,0.0,0.0,0.0,0.0,-0.01,-1,-1,-0.01,-1,-1,-0.01,-1,-1,-0.01,-1,-1,-0.01,-1,-1,-0.01,-1,-1,-0.01,-1,-1,-0.01,-1,-1,-0.01,-1,-1,-0.01,-1,-1
99926009,2026-05-18 12:10:27+05:30,53017.15,0,0.0,0,0.0,0.0,53282.15,53308.4,52783.45,53710.35,0,0.0,0.0,0.0,0.0,-0.01,-1,-1,-0.01,-1,-1,-0.01,-1,-1,-0.01,-1,-1,-0.01,-1,-1,-0.01,-1,-1,-0.01,-1,-1,-0.01,-1,-1,-0.01,-1,-1,-0.01,-1,-1
99926009,2026-05-18 12:10:28+05:30,53020.8,0,0.0,0,0.0,0.0,53282.15,53308.4,52783.45,53710.35,0,0.0,0.0,0.0,0.0,-0.01,-1,-1,-0.01,-1,-1,-0.01,-1,-1,-0.01,-1,-1,-0.01,-1,-1,-0.01,-1,-1,-0.01,-1,-1,-0.01,-1,-1,-0.01,-1,-1,-0.01,-1,-1
99926009,2026-05-18 12:10:28+05:30,53019.6,0,0.0,0,0.0,0.0,53282.15,53308.4,52783.45,53710.35,0,0.0,0.0,0.0,0.0,-0.01,-1,-1,-0.01,-1,-1,-0.01,-1,-1,-0.01,-1,-1,-0.01,-1,-1,-0.01,-1,-1,-0.01,-1,-1,-0.01,-1,-1,-0.01,-1,-1,-0.01,-1,-1
99926009,2026-05-18 12:10:29+05:30,53020.25,0,0.0,0,0.0,0.0,53282.15,53308.4,52783.45,53710.35,0,0.0,0.0,0.0,0.0,-0.01,-1,-1,-0.01,-1,-1,-0.01,-1,-1,-0.01,-1,-1,-0.01,-1,-1,-0.01,-1,-1,-0.01,-1,-1,-0.01,-1,-1,-0.01,-1,-1,-0.01,-1,-1
99926009,2026-05-18 12:10:29+05:30,53021.25,0,0.0,0,0.0,0.0,53282.15,53308.4,52783.45,53710.35,0,0.0,0.0,0.0,0.0,-0.01,-1,-1,-0.01,-1,-1,-0.01,-1,-1,-0.01,-1,-1,-0.01,-1,-1,-0.01,-1,-1,-0.01,-1,-1,-0.01,-1,-1,-0.01,-1,-1,-0.01,-1,-1
99926009,2026-05-18 12:10:30+05:30,53021.2,0,0.0,0,0.0,0.0,53282.15,53308.4,52783.45,53710.35,0,0.0,0.0,0.0,0.0,-0.01,-1,-1,-0.01,-1,-1,-0.01,-1,-1,-0.01,-1,-1,-0.01,-1,-1,-0.01,-1,-1,-0.01,-1,-1,-0.01,-1,-1,-0.01,-1,-1,-0.01,-1,-1
99926009,2026-05-18 12:10:30+05:30,53020.45,0,0.0,0,0.0,0.0,53282.15,53308.4,52783.45,53710.35,0,0.0,0.0,0.0,0.0,-0.01,-1,-1,-0.01,-1,-1,-0.01,-1,-1,-0.01,-1,-1,-0.01,-1,-1,-0.01,-1,-1,-0.01,-1,-1,-0.01,-1,-1,-0.01,-1,-1,-0.01,-1,-1
99926009,2026-05-18 12:10:31+05:30,53021.1,0,0.0,0,0.0,0.0,53282.15,53308.4,52783.45,53710.35,0,0.0,0.0,0.0,0.0,-0.01,-1,-1,-0.01,-1,-1,-0.01,-1,-1,-0.01,-1,-1,-0.01,-1,-1,-0.01,-1,-1,-0.01,-1,-1,-0.01,-1,-1,-0.01,-1,-1,-0.01,-1,-1
99926009,2026-05-18 12:10:31+05:30,53019.65,0,0.0,0,0.0,0.0,53282.15,53308.4,52783.45,53710.35,0,0.0,0.0,0.0,0.0,-0.01,-1,-1,-0.01,-1,-1,-0.01,-1,-1,-0.01,-1,-1,-0.01,-1,-1,-0.01,-1,-1,-0.01,-1,-1,-0.01,-1,-1,-0.01,-1,-1,-0.01,-1,-1
99926009,2026-05-18 12:10:32+05:30,53020.1,0,0.0,0,0.0,0.0,53282.15,53308.4,52783.45,53710.35,0,0.0,0.0,0.0,0.0,-0.01,-1,-1,-0.01,-1,-1,-0.01,-1,-1,-0.01,-1,-1,-0.01,-1,-1,-0.01,-1,-1,-0.01,-1,-1,-0.01,-1,-1,-0.01,-1,-1,-0.01,-1,-1
99926009,2026-05-18 12:10:32+05:30,53020.1,0,0.0,0,0.0,0.0,53282.15,53308.4,52783.45,53710.35,0,0.0,0.0,0.0,0.0,-0.01,-1,-1,-0.01,-1,-1,-0.01,-1,-1,-0.01,-1,-1,-0.01,-1,-1,-0.01,-1,-1,-0.01,-1,-1,-0.01,-1,-1,-0.01,-1,-1,-0.01,-1,-1
99926009,2026-05-18 12:10:33+05:30,53020.75,0,0.0,0,0.0,0.0,53282.15,53308.4,52783.45,53710.35,0,0.0,0.0,0.0,0.0,-0.01,-1,-1,-0.01,-1,-1,-0.01,-1,-1,-0.01,-1,-1,-0.01,-1,-1,-0.01,-1,-1,-0.01,-1,-1,-0.01,-1,-1,-0.01,-1,-1,-0.01,-1,-1
99926009,2026-05-18 12:10:33+05:30,53023.7,0,0.0,0,0.0,0.0,53282.15,53308.4,52783.45,53710.35,0,0.0,0.0,0.0,0.0,-0.01,-1,-1,-0.01,-1,-1,-0.01,-1,-1,-0.01,-1,-1,-0.01,-1,-1,-0.01,-1,-1,-0.01,-1,-1,-0.01,-1,-1,-0.01,-1,-1,-0.01,-1,-1
99926009,2026-05-18 12:10:34+05:30,53022.9,0,0.0,0,0.0,0.0,53282.15,53308.4,52783.45,53710.35,0,0.0,0.0,0.0,0.0,-0.01,-1,-1,-0.01,-1,-1,-0.01,-1,-1,-0.01,-1,-1,-0.01,-1,-1,-0.01,-1,-1,-0.01,-1,-1,-0.01,-1,-1,-0.01,-1,-1,-0.01,-1,-1
99926009,2026-05-18 12:10:34+05:30,53022.65,0,0.0,0,0.0,0.0,53282.15,53308.4,52783.45,53710.35,0,0.0,0.0,0.0,0.0,-0.01,-1,-1,-0.01,-1,-1,-0.01,-1,-1,-0.01,-1,-1,-0.01,-1,-1,-0.01,-1,-1,-0.01,-1,-1,-0.01,-1,-1,-0.01,-1,-1,-0.01,-1,-1
99926009,2026-05-18 12:10:35+05:30,53022.05,0,0.0,0,0.0,0.0,53282.15,53308.4,52783.45,53710.35,0,0.0,0.0,0.0,0.0,-0.01,-1,-1,-0.01,-1,-1,-0.01,-1,-1,-0.01,-1,-1,-0.01,-1,-1,-0.01,-1,-1,-0.01,-1,-1,-0.01,-1,-1,-0.01,-1,-1,-0.01,-1,-1
99926009,2026-05-18 12:10:35+05:30,53021.15,0,0.0,0,0.0,0.0,53282.15,53308.4,52783.45,53710.35,0,0.0,0.0,0.0,0.0,-0.01,-1,-1,-0.01,-1,-1,-0.01,-1,-1,-0.01,-1,-1,-0.01,-1,-1,-0.01,-1,-1,-0.01,-1,-1,-0.01,-1,-1,-0.01,-1,-1,-0.01,-1,-1
99926009,2026-05-18 12:10:36+05:30,53022.25,0,0.0,0,0.0,0.0,53282.15,53308.4,52783.45,53710.35,0,0.0,0.0,0.0,0.0,-0.01,-1,-1,-0.01,-1,-1,-0.01,-1,-1,-0.01,-1,-1,-0.01,-1,-1,-0.01,-1,-1,-0.01,-1,-1,-0.01,-1,-1,-0.01,-1,-1,-0.01,-1,-1
99926009,2026-05-18 12:10:36+05:30,53021.65,0,0.0,0,0.0,0.0,53282.15,53308.4,52783.45,53710.35,0,0.0,0.0,0.0,0.0,-0.01,-1,-1,-0.01,-1,-1,-0.01,-1,-1,-0.01,-1,-1,-0.01,-1,-1,-0.01,-1,-1,-0.01,-1,-1,-0.01,-1,-1,-0.01,-1,-1,-0.01,-1,-1
99926009,2026-05-18 12:10:37+05:30,53020.85,0,0.0,0,0.0,0.0,53282.15,53308.4,52783.45,53710.35,0,0.0,0.0,0.0,0.0,-0.01,-1,-1,-0.01,-1,-1,-0.01,-1,-1,-0.01,-1,-1,-0.01,-1,-1,-0.01,-1,-1,-0.01,-1,-1,-0.01,-1,-1,-0.01,-1,-1,-0.01,-1,-1
99926009,2026-05-18 12:10:37+05:30,53021.55,0,0.0,0,0.0,0.0,53282.15,53308.4,52783.45,53710.35,0,0.0,0.0,0.0,0.0,-0.01,-1,-1,-0.01,-1,-1,-0.01,-1,-1,-0.01,-1,-1,-0.01,-1,-1,-0.01,-1,-1,-0.01,-1,-1,-0.01,-1,-1,-0.01,-1,-1,-0.01,-1,-1
99926009,2026-05-18 12:10:38+05:30,53023.8,0,0.0,0,0.0,0.0,53282.15,53308.4,52783.45,53710.35,0,0.0,0.0,0.0,0.0,-0.01,-1,-1,-0.01,-1,-1,-0.01,-1,-1,-0.01,-1,-1,-0.01,-1,-1,-0.01,-1,-1,-0.01,-1,-1,-0.01,-1,-1,-0.01,-1,-1,-0.01,-1,-1
99926009,2026-05-18 12:10:38+05:30,53021.6,0,0.0,0,0.0,0.0,53282.15,53308.4,52783.45,53710.35,0,0.0,0.0,0.0,0.0,-0.01,-1,-1,-0.01,-1,-1,-0.01,-1,-1,-0.01,-1,-1,-0.01,-1,-1,-0.01,-1,-1,-0.01,-1,-1,-0.01,-1,-1,-0.01,-1,-1,-0.01,-1,-1
99926009,2026-05-18 12:10:39+05:30,53022.35,0,0.0,0,0.0,0.0,53282.15,53308.4,52783.45,53710.35,0,0.0,0.0,0.0,0.0,-0.01,-1,-1,-0.01,-1,-1,-0.01,-1,-1,-0.01,-1,-1,-0.01,-1,-1,-0.01,-1,-1,-0.01,-1,-1,-0.01,-1,-1,-0.01,-1,-1,-0.01,-1,-1
99926009,2026-05-18 12:10:39+05:30,53022.65,0,0.0,0,0.0,0.0,53282.15,53308.4,52783.45,53710.35,0,0.0,0.0,0.0,0.0,-0.01,-1,-1,-0.01,-1,-1,-0.01,-1,-1,-0.01,-1,-1,-0.01,-1,-1,-0.01,-1,-1,-0.01,-1,-1,-0.01,-1,-1,-0.01,-1,-1,-0.01,-1,-1
99926009,2026-05-18 12:10:40+05:30,53025.8,0,0.0,0,0.0,0.0,53282.15,53308.4,52783.45,53710.35,0,0.0,0.0,0.0,0.0,-0.01,-1,-1,-0.01,-1,-1,-0.01,-1,-1,-0.01,-1,-1,-0.01,-1,-1,-0.01,-1,-1,-0.01,-1,-1,-0.01,-1,-1,-0.01,-1,-1,-0.01,-1,-1
99926009,2026-05-18 12:10:40+05:30,53025.55,0,0.0,0,0.0,0.0,53282.15,53308.4,52783.45,53710.35,0,0.0,0.0,0.0,0.0,-0.01,-1,-1,-0.01,-1,-1,-0.01,-1,-1,-0.01,-1,-1,-0.01,-1,-1,-0.01,-1,-1,-0.01,-1,-1,-0.01,-1,-1,-0.01,-1,-1,-0.01,-1,-1
99926009,2026-05-18 12:10:41+05:30,53027.7,0,0.0,0,0.0,0.0,53282.15,53308.4,52783.45,53710.35,0,0.0,0.0,0.0,0.0,-0.01,-1,-1,-0.01,-1,-1,-0.01,-1,-1,-0.01,-1,-1,-0.01,-1,-1,-0.01,-1,-1,-0.01,-1,-1,-0.01,-1,-1,-0.01,-1,-1,-0.01,-1,-1
99926009,2026-05-18 12:10:41+05:30,53026.2,0,0.0,0,0.0,0.0,53282.15,53308.4,52783.45,53710.35,0,0.0,0.0,0.0,0.0,-0.01,-1,-1,-0.01,-1,-1,-0.01,-1,-1,-0.01,-1,-1,-0.01,-1,-1,-0.01,-1,-1,-0.01,-1,-1,-0.01,-1,-1,-0.01,-1,-1,-0.01,-1,-1
99926009,2026-05-18 12:10:42+05:30,53025.05,0,0.0,0,0.0,0.0,53282.15,53308.4,52783.45,53710.35,0,0.0,0.0,0.0,0.0,-0.01,-1,-1,-0.01,-1,-1,-0.01,-1,-1,-0.01,-1,-1,-0.01,-1,-1,-0.01,-1,-1,-0.01,-1,-1,-0.01,-1,-1,-0.01,-1,-1,-0.01,-1,-1
99926009,2026-05-18 12:10:42+05:30,53026.6,0,0.0,0,0.0,0.0,53282.15,53308.4,52783.45,53710.35,0,0.0,0.0,0.0,0.0,-0.01,-1,-1,-0.01,-1,-1,-0.01,-1,-1,-0.01,-1,-1,-0.01,-1,-1,-0.01,-1,-1,-0.01,-1,-1,-0.01,-1,-1,-0.01,-1,-1,-0.01,-1,-1
99926009,2026-05-18 12:10:43+05:30,53028.45,0,0.0,0,0.0,0.0,53282.15,53308.4,52783.45,53710.35,0,0.0,0.0,0.0,0.0,-0.01,-1,-1,-0.01,-1,-1,-0.01,-1,-1,-0.01,-1,-1,-0.01,-1,-1,-0.01,-1,-1,-0.01,-1,-1,-0.01,-1,-1,-0.01,-1,-1,-0.01,-1,-1
99926009,2026-05-18 12:10:43+05:30,53029.05,0,0.0,0,0.0,0.0,53282.15,53308.4,52783.45,53710.35,0,0.0,0.0,0.0,0.0,-0.01,-1,-1,-0.01,-1,-1,-0.01,-1,-1,-0.01,-1,-1,-0.01,-1,-1,-0.01,-1,-1,-0.01,-1,-1,-0.01,-1,-1,-0.01,-1,-1,-0.01,-1,-1
99926009,2026-05-18 12:10:44+05:30,53027.65,0,0.0,0,0.0,0.0,53282.15,53308.4,52783.45,53710.35,0,0.0,0.0,0.0,0.0,-0.01,-1,-1,-0.01,-1,-1,-0.01,-1,-1,-0.01,-1,-1,-0.01,-1,-1,-0.01,-1,-1,-0.01,-1,-1,-0.01,-1,-1,-0.01,-1,-1,-0.01,-1,-1
99926009,2026-05-18 12:10:44+05:30,53027.5,0,0.0,0,0.0,0.0,53282.15,53308.4,52783.45,53710.35,0,0.0,0.0,0.0,0.0,-0.01,-1,-1,-0.01,-1,-1,-0.01,-1,-1,-0.01,-1,-1,-0.01,-1,-1,-0.01,-1,-1,-0.01,-1,-1,-0.01,-1,-1,-0.01,-1,-1,-0.01,-1,-1
99926009,2026-05-18 12:10:45+05:30,53029.25,0,0.0,0,0.0,0.0,53282.15,53308.4,52783.45,53710.35,0,0.0,0.0,0.0,0.0,-0.01,-1,-1,-0.01,-1,-1,-0.01,-1,-1,-0.01,-1,-1,-0.01,-1,-1,-0.01,-1,-1,-0.01,-1,-1,-0.01,-1,-1,-0.01,-1,-1,-0.01,-1,-1
99926009,2026-05-18 12:10:45+05:30,53029.75,0,0.0,0,0.0,0.0,53282.15,53308.4,52783.45,53710.35,0,0.0,0.0,0.0,0.0,-0.01,-1,-1,-0.01,-1,-1,-0.01,-1,-1,-0.01,-1,-1,-0.01,-1,-1,-0.01,-1,-1,-0.01,-1,-1,-0.01,-1,-1,-0.01,-1,-1,-0.01,-1,-1
99926009,2026-05-18 12:10:46+05:30,53031.5,0,0.0,0,0.0,0.0,53282.15,53308.4,52783.45,53710.35,0,0.0,0.0,0.0,0.0,-0.01,-1,-1,-0.01,-1,-1,-0.01,-1,-1,-0.01,-1,-1,-0.01,-1,-1,-0.01,-1,-1,-0.01,-1,-1,-0.01,-1,-1,-0.01,-1,-1,-0.01,-1,-1
99926009,2026-05-18 12:10:46+05:30,53032.15,0,0.0,0,0.0,0.0,53282.15,53308.4,52783.45,53710.35,0,0.0,0.0,0.0,0.0,-0.01,-1,-1,-0.01,-1,-1,-0.01,-1,-1,-0.01,-1,-1,-0.01,-1,-1,-0.01,-1,-1,-0.01,-1,-1,-0.01,-1,-1,-0.01,-1,-1,-0.01,-1,-1
99926009,2026-05-18 12:10:47+05:30,53032.05,0,0.0,0,0.0,0.0,53282.15,53308.4,52783.45,53710.35,0,0.0,0.0,0.0,0.0,-0.01,-1,-1,-0.01,-1,-1,-0.01,-1,-1,-0.01,-1,-1,-0.01,-1,-1,-0.01,-1,-1,-0.01,-1,-1,-0.01,-1,-1,-0.01,-1,-1,-0.01,-1,-1
99926009,2026-05-18 12:10:47+05:30,53034.55,0,0.0,0,0.0,0.0,53282.15,53308.4,52783.45,53710.35,0,0.0,0.0,0.0,0.0,-0.01,-1,-1,-0.01,-1,-1,-0.01,-1,-1,-0.01,-1,-1,-0.01,-1,-1,-0.01,-1,-1,-0.01,-1,-1,-0.01,-1,-1,-0.01,-1,-1,-0.01,-1,-1
99926009,2026-05-18 12:10:48+05:30,53033.45,0,0.0,0,0.0,0.0,53282.15,53308.4,52783.45,53710.35,0,0.0,0.0,0.0,0.0,-0.01,-1,-1,-0.01,-1,-1,-0.01,-1,-1,-0.01,-1,-1,-0.01,-1,-1,-0.01,-1,-1,-0.01,-1,-1,-0.01,-1,-1,-0.01,-1,-1,-0.01,-1,-1
99926009,2026-05-18 12:10:48+05:30,53031.35,0,0.0,0,0.0,0.0,53282.15,53308.4,52783.45,53710.35,0,0.0,0.0,0.0,0.0,-0.01,-1,-1,-0.01,-1,-1,-0.01,-1,-1,-0.01,-1,-1,-0.01,-1,-1,-0.01,-1,-1,-0.01,-1,-1,-0.01,-1,-1,-0.01,-1,-1,-0.01,-1,-1
99926009,2026-05-18 12:10:49+05:30,53030.7,0,0.0,0,0.0,0.0,53282.15,53308.4,52783.45,53710.35,0,0.0,0.0,0.0,0.0,-0.01,-1,-1,-0.01,-1,-1,-0.01,-1,-1,-0.01,-1,-1,-0.01,-1,-1,-0.01,-1,-1,-0.01,-1,-1,-0.01,-1,-1,-0.01,-1,-1,-0.01,-1,-1
99926009,2026-05-18 12:10:49+05:30,53031.8,0,0.0,0,0.0,0.0,53282.15,53308.4,52783.45,53710.35,0,0.0,0.0,0.0,0.0,-0.01,-1,-1,-0.01,-1,-1,-0.01,-1,-1,-0.01,-1,-1,-0.01,-1,-1,-0.01,-1,-1,-0.01,-1,-1,-0.01,-1,-1,-0.01,-1,-1,-0.01,-1,-1
99926009,2026-05-18 12:10:50+05:30,53034.75,0,0.0,0,0.0,0.0,53282.15,53308.4,52783.45,53710.35,0,0.0,0.0,0.0,0.0,-0.01,-1,-1,-0.01,-1,-1,-0.01,-1,-1,-0.01,-1,-1,-0.01,-1,-1,-0.01,-1,-1,-0.01,-1,-1,-0.01,-1,-1,-0.01,-1,-1,-0.01,-1,-1
99926009,2026-05-18 12:10:50+05:30,53033.15,0,0.0,0,0.0,0.0,53282.15,53308.4,52783.45,53710.35,0,0.0,0.0,0.0,0.0,-0.01,-1,-1,-0.01,-1,-1,-0.01,-1,-1,-0.01,-1,-1,-0.01,-1,-1,-0.01,-1,-1,-0.01,-1,-1,-0.01,-1,-1,-0.01,-1,-1,-0.01,-1,-1
99926009,2026-05-18 12:10:51+05:30,53036.9,0,0.0,0,0.0,0.0,53282.15,53308.4,52783.45,53710.35,0,0.0,0.0,0.0,0.0,-0.01,-1,-1,-0.01,-1,-1,-0.01,-1,-1,-0.01,-1,-1,-0.01,-1,-1,-0.01,-1,-1,-0.01,-1,-1,-0.01,-1,-1,-0.01,-1,-1,-0.01,-1,-1
99926009,2026-05-18 12:10:51+05:30,53037.05,0,0.0,0,0.0,0.0,53282.15,53308.4,52783.45,53710.35,0,0.0,0.0,0.0,0.0,-0.01,-1,-1,-0.01,-1,-1,-0.01,-1,-1,-0.01,-1,-1,-0.01,-1,-1,-0.01,-1,-1,-0.01,-1,-1,-0.01,-1,-1,-0.01,-1,-1,-0.01,-1,-1
99926009,2026-05-18 12:10:52+05:30,53036.25,0,0.0,0,0.0,0.0,53282.15,53308.4,52783.45,53710.35,0,0.0,0.0,0.0,0.0,-0.01,-1,-1,-0.01,-1,-1,-0.01,-1,-1,-0.01,-1,-1,-0.01,-1,-1,-0.01,-1,-1,-0.01,-1,-1,-0.01,-1,-1,-0.01,-1,-1,-0.01,-1,-1
99926009,2026-05-18 12:10:52+05:30,53035.4,0,0.0,0,0.0,0.0,53282.15,53308.4,52783.45,53710.35,0,0.0,0.0,0.0,0.0,-0.01,-1,-1,-0.01,-1,-1,-0.01,-1,-1,-0.01,-1,-1,-0.01,-1,-1,-0.01,-1,-1,-0.01,-1,-1,-0.01,-1,-1,-0.01,-1,-1,-0.01,-1,-1
99926009,2026-05-18 12:10:53+05:30,53036.1,0,0.0,0,0.0,0.0,53282.15,53308.4,52783.45,53710.35,0,0.0,0.0,0.0,0.0,-0.01,-1,-1,-0.01,-1,-1,-0.01,-1,-1,-0.01,-1,-1,-0.01,-1,-1,-0.01,-1,-1,-0.01,-1,-1,-0.01,-1,-1,-0.01,-1,-1,-0.01,-1,-1
99926009,2026-05-18 12:10:53+05:30,53035.15,0,0.0,0,0.0,0.0,53282.15,53308.4,52783.45,53710.35,0,0.0,0.0,0.0,0.0,-0.01,-1,-1,-0.01,-1,-1,-0.01,-1,-1,-0.01,-1,-1,-0.01,-1,-1,-0.01,-1,-1,-0.01,-1,-1,-0.01,-1,-1,-0.01,-1,-1,-0.01,-1,-1
99926009,2026-05-18 12:10:54+05:30,53036.95,0,0.0,0,0.0,0.0,53282.15,53308.4,52783.45,53710.35,0,0.0,0.0,0.0,0.0,-0.01,-1,-1,-0.01,-1,-1,-0.01,-1,-1,-0.01,-1,-1,-0.01,-1,-1,-0.01,-1,-1,-0.01,-1,-1,-0.01,-1,-1,-0.01,-1,-1,-0.01,-1,-1
99926009,2026-05-18 12:10:54+05:30,53036.25,0,0.0,0,0.0,0.0,53282.15,53308.4,52783.45,53710.35,0,0.0,0.0,0.0,0.0,-0.01,-1,-1,-0.01,-1,-1,-0.01,-1,-1,-0.01,-1,-1,-0.01,-1,-1,-0.01,-1,-1,-0.01,-1,-1,-0.01,-1,-1,-0.01,-1,-1,-0.01,-1,-1
99926009,2026-05-18 12:10:55+05:30,53038.4,0,0.0,0,0.0,0.0,53282.15,53308.4,52783.45,53710.35,0,0.0,0.0,0.0,0.0,-0.01,-1,-1,-0.01,-1,-1,-0.01,-1,-1,-0.01,-1,-1,-0.01,-1,-1,-0.01,-1,-1,-0.01,-1,-1,-0.01,-1,-1,-0.01,-1,-1,-0.01,-1,-1
99926009,2026-05-18 12:10:55+05:30,53037.75,0,0.0,0,0.0,0.0,53282.15,53308.4,52783.45,53710.35,0,0.0,0.0,0.0,0.0,-0.01,-1,-1,-0.01,-1,-1,-0.01,-1,-1,-0.01,-1,-1,-0.01,-1,-1,-0.01,-1,-1,-0.01,-1,-1,-0.01,-1,-1,-0.01,-1,-1,-0.01,-1,-1
99926009,2026-05-18 12:10:56+05:30,53036.7,0,0.0,0,0.0,0.0,53282.15,53308.4,52783.45,53710.35,0,0.0,0.0,0.0,0.0,-0.01,-1,-1,-0.01,-1,-1,-0.01,-1,-1,-0.01,-1,-1,-0.01,-1,-1,-0.01,-1,-1,-0.01,-1,-1,-0.01,-1,-1,-0.01,-1,-1,-0.01,-1,-1
99926009,2026-05-18 12:10:56+05:30,53046.75,0,0.0,0,0.0,0.0,53282.15,53308.4,52783.45,53710.35,0,0.0,0.0,0.0,0.0,-0.01,-1,-1,-0.01,-1,-1,-0.01,-1,-1,-0.01,-1,-1,-0.01,-1,-1,-0.01,-1,-1,-0.01,-1,-1,-0.01,-1,-1,-0.01,-1,-1,-0.01,-1,-1
99926009,2026-05-18 12:10:57+05:30,53045.1,0,0.0,0,0.0,0.0,53282.15,53308.4,52783.45,53710.35,0,0.0,0.0,0.0,0.0,-0.01,-1,-1,-0.01,-1,-1,-0.01,-1,-1,-0.01,-1,-1,-0.01,-1,-1,-0.01,-1,-1,-0.01,-1,-1,-0.01,-1,-1,-0.01,-1,-1,-0.01,-1,-1
99926009,2026-05-18 12:10:57+05:30,53046.65,0,0.0,0,0.0,0.0,53282.15,53308.4,52783.45,53710.35,0,0.0,0.0,0.0,0.0,-0.01,-1,-1,-0.01,-1,-1,-0.01,-1,-1,-0.01,-1,-1,-0.01,-1,-1,-0.01,-1,-1,-0.01,-1,-1,-0.01,-1,-1,-0.01,-1,-1,-0.01,-1,-1
99926009,2026-05-18 12:10:58+05:30,53048.9,0,0.0,0,0.0,0.0,53282.15,53308.4,52783.45,53710.35,0,0.0,0.0,0.0,0.0,-0.01,-1,-1,-0.01,-1,-1,-0.01,-1,-1,-0.01,-1,-1,-0.01,-1,-1,-0.01,-1,-1,-0.01,-1,-1,-0.01,-1,-1,-0.01,-1,-1,-0.01,-1,-1
99926009,2026-05-18 12:10:58+05:30,53052.0,0,0.0,0,0.0,0.0,53282.15,53308.4,52783.45,53710.35,0,0.0,0.0,0.0,0.0,-0.01,-1,-1,-0.01,-1,-1,-0.01,-1,-1,-0.01,-1,-1,-0.01,-1,-1,-0.01,-1,-1,-0.01,-1,-1,-0.01,-1,-1,-0.01,-1,-1,-0.01,-1,-1
99926009,2026-05-18 12:10:59+05:30,53051.75,0,0.0,0,0.0,0.0,53282.15,53308.4,52783.45,53710.35,0,0.0,0.0,0.0,0.0,-0.01,-1,-1,-0.01,-1,-1,-0.01,-1,-1,-0.01,-1,-1,-0.01,-1,-1,-0.01,-1,-1,-0.01,-1,-1,-0.01,-1,-1,-0.01,-1,-1,-0.01,-1,-1
99926009,2026-05-18 12:10:59+05:30,53058.75,0,0.0,0,0.0,0.0,53282.15,53308.4,52783.45,53710.35,0,0.0,0.0,0.0,0.0,-0.01,-1,-1,-0.01,-1,-1,-0.01,-1,-1,-0.01,-1,-1,-0.01,-1,-1,-0.01,-1,-1,-0.01,-1,-1,-0.01,-1,-1,-0.01,-1,-1,-0.01,-1,-1
99926009,2026-05-18 12:11:00+05:30,53061.75,0,0.0,0,0.0,0.0,53282.15,53308.4,52783.45,53710.35,0,0.0,0.0,0.0,0.0,-0.01,-1,-1,-0.01,-1,-1,-0.01,-1,-1,-0.01,-1,-1,-0.01,-1,-1,-0.01,-1,-1,-0.01,-1,-1,-0.01,-1,-1,-0.01,-1,-1,-0.01,-1,-1
99926009,2026-05-18 12:11:00+05:30,53062.2,0,0.0,0,0.0,0.0,53282.15,53308.4,52783.45,53710.35,0,0.0,0.0,0.0,0.0,-0.01,-1,-1,-0.01,-1,-1,-0.01,-1,-1,-0.01,-1,-1,-0.01,-1,-1,-0.01,-1,-1,-0.01,-1,-1,-0.01,-1,-1,-0.01,-1,-1,-0.01,-1,-1
99926009,2026-05-18 12:11:01+05:30,53063.1,0,0.0,0,0.0,0.0,53282.15,53308.4,52783.45,53710.35,0,0.0,0.0,0.0,0.0,-0.01,-1,-1,-0.01,-1,-1,-0.01,-1,-1,-0.01,-1,-1,-0.01,-1,-1,-0.01,-1,-1,-0.01,-1,-1,-0.01,-1,-1,-0.01,-1,-1,-0.01,-1,-1
99926009,2026-05-18 12:11:01+05:30,53062.4,0,0.0,0,0.0,0.0,53282.15,53308.4,52783.45,53710.35,0,0.0,0.0,0.0,0.0,-0.01,-1,-1,-0.01,-1,-1,-0.01,-1,-1,-0.01,-1,-1,-0.01,-1,-1,-0.01,-1,-1,-0.01,-1,-1,-0.01,-1,-1,-0.01,-1,-1,-0.01,-1,-1
99926009,2026-05-18 12:11:02+05:30,53061.8,0,0.0,0,0.0,0.0,53282.15,53308.4,52783.45,53710.35,0,0.0,0.0,0.0,0.0,-0.01,-1,-1,-0.01,-1,-1,-0.01,-1,-1,-0.01,-1,-1,-0.01,-1,-1,-0.01,-1,-1,-0.01,-1,-1,-0.01,-1,-1,-0.01,-1,-1,-0.01,-1,-1
99926009,2026-05-18 12:11:02+05:30,53061.1,0,0.0,0,0.0,0.0,53282.15,53308.4,52783.45,53710.35,0,0.0,0.0,0.0,0.0,-0.01,-1,-1,-0.01,-1,-1,-0.01,-1,-1,-0.01,-1,-1,-0.01,-1,-1,-0.01,-1,-1,-0.01,-1,-1,-0.01,-1,-1,-0.01,-1,-1,-0.01,-1,-1
99926009,2026-05-18 12:11:03+05:30,53059.1,0,0.0,0,0.0,0.0,53282.15,53308.4,52783.45,53710.35,0,0.0,0.0,0.0,0.0,-0.01,-1,-1,-0.01,-1,-1,-0.01,-1,-1,-0.01,-1,-1,-0.01,-1,-1,-0.01,-1,-1,-0.01,-1,-1,-0.01,-1,-1,-0.01,-1,-1,-0.01,-1,-1
99926009,2026-05-18 12:11:03+05:30,53060.5,0,0.0,0,0.0,0.0,53282.15,53308.4,52783.45,53710.35,0,0.0,0.0,0.0,0.0,-0.01,-1,-1,-0.01,-1,-1,-0.01,-1,-1,-0.01,-1,-1,-0.01,-1,-1,-0.01,-1,-1,-0.01,-1,-1,-0.01,-1,-1,-0.01,-1,-1,-0.01,-1,-1
99926009,2026-05-18 12:11:04+05:30,53059.35,0,0.0,0,0.0,0.0,53282.15,53308.4,52783.45,53710.35,0,0.0,0.0,0.0,0.0,-0.01,-1,-1,-0.01,-1,-1,-0.01,-1,-1,-0.01,-1,-1,-0.01,-1,-1,-0.01,-1,-1,-0.01,-1,-1,-0.01,-1,-1,-0.01,-1,-1,-0.01,-1,-1
99926009,2026-05-18 12:11:04+05:30,53061.05,0,0.0,0,0.0,0.0,53282.15,53308.4,52783.45,53710.35,0,0.0,0.0,0.0,0.0,-0.01,-1,-1,-0.01,-1,-1,-0.01,-1,-1,-0.01,-1,-1,-0.01,-1,-1,-0.01,-1,-1,-0.01,-1,-1,-0.01,-1,-1,-0.01,-1,-1,-0.01,-1,-1
99926009,2026-05-18 12:11:05+05:30,53063.65,0,0.0,0,0.0,0.0,53282.15,53308.4,52783.45,53710.35,0,0.0,0.0,0.0,0.0,-0.01,-1,-1,-0.01,-1,-1,-0.01,-1,-1,-0.01,-1,-1,-0.01,-1,-1,-0.01,-1,-1,-0.01,-1,-1,-0.01,-1,-1,-0.01,-1,-1,-0.01,-1,-1
99926009,2026-05-18 12:11:05+05:30,53064.85,0,0.0,0,0.0,0.0,53282.15,53308.4,52783.45,53710.35,0,0.0,0.0,0.0,0.0,-0.01,-1,-1,-0.01,-1,-1,-0.01,-1,-1,-0.01,-1,-1,-0.01,-1,-1,-0.01,-1,-1,-0.01,-1,-1,-0.01,-1,-1,-0.01,-1,-1,-0.01,-1,-1
99926009,2026-05-18 12:11:06+05:30,53072.3,0,0.0,0,0.0,0.0,53282.15,53308.4,52783.45,53710.35,0,0.0,0.0,0.0,0.0,-0.01,-1,-1,-0.01,-1,-1,-0.01,-1,-1,-0.01,-1,-1,-0.01,-1,-1,-0.01,-1,-1,-0.01,-1,-1,-0.01,-1,-1,-0.01,-1,-1,-0.01,-1,-1
99926009,2026-05-18 12:11:06+05:30,53070.35,0,0.0,0,0.0,0.0,53282.15,53308.4,52783.45,53710.35,0,0.0,0.0,0.0,0.0,-0.01,-1,-1,-0.01,-1,-1,-0.01,-1,-1,-0.01,-1,-1,-0.01,-1,-1,-0.01,-1,-1,-0.01,-1,-1,-0.01,-1,-1,-0.01,-1,-1,-0.01,-1,-1
99926009,2026-05-18 12:11:07+05:30,53074.15,0,0.0,0,0.0,0.0,53282.15,53308.4,52783.45,53710.35,0,0.0,0.0,0.0,0.0,-0.01,-1,-1,-0.01,-1,-1,-0.01,-1,-1,-0.01,-1,-1,-0.01,-1,-1,-0.01,-1,-1,-0.01,-1,-1,-0.01,-1,-1,-0.01,-1,-1,-0.01,-1,-1
99926009,2026-05-18 12:11:07+05:30,53074.55,0,0.0,0,0.0,0.0,53282.15,53308.4,52783.45,53710.35,0,0.0,0.0,0.0,0.0,-0.01,-1,-1,-0.01,-1,-1,-0.01,-1,-1,-0.01,-1,-1,-0.01,-1,-1,-0.01,-1,-1,-0.01,-1,-1,-0.01,-1,-1,-0.01,-1,-1,-0.01,-1,-1
99926009,2026-05-18 12:11:08+05:30,53073.5,0,0.0,0,0.0,0.0,53282.15,53308.4,52783.45,53710.35,0,0.0,0.0,0.0,0.0,-0.01,-1,-1,-0.01,-1,-1,-0.01,-1,-1,-0.01,-1,-1,-0.01,-1,-1,-0.01,-1,-1,-0.01,-1,-1,-0.01,-1,-1,-0.01,-1,-1,-0.01,-1,-1
99926009,2026-05-18 12:11:08+05:30,53071.95,0,0.0,0,0.0,0.0,53282.15,53308.4,52783.45,53710.35,0,0.0,0.0,0.0,0.0,-0.01,-1,-1,-0.01,-1,-1,-0.01,-1,-1,-0.01,-1,-1,-0.01,-1,-1,-0.01,-1,-1,-0.01,-1,-1,-0.01,-1,-1,-0.01,-1,-1,-0.01,-1,-1
99926009,2026-05-18 12:11:09+05:30,53069.6,0,0.0,0,0.0,0.0,53282.15,53308.4,52783.45,53710.35,0,0.0,0.0,0.0,0.0,-0.01,-1,-1,-0.01,-1,-1,-0.01,-1,-1,-0.01,-1,-1,-0.01,-1,-1,-0.01,-1,-1,-0.01,-1,-1,-0.01,-1,-1,-0.01,-1,-1,-0.01,-1,-1
99926009,2026-05-18 12:11:09+05:30,53072.4,0,0.0,0,0.0,0.0,53282.15,53308.4,52783.45,53710.35,0,0.0,0.0,0.0,0.0,-0.01,-1,-1,-0.01,-1,-1,-0.01,-1,-1,-0.01,-1,-1,-0.01,-1,-1,-0.01,-1,-1,-0.01,-1,-1,-0.01,-1,-1,-0.01,-1,-1,-0.01,-1,-1
99926009,2026-05-18 12:11:10+05:30,53072.9,0,0.0,0,0.0,0.0,53282.15,53308.4,52783.45,53710.35,0,0.0,0.0,0.0,0.0,-0.01,-1,-1,-0.01,-1,-1,-0.01,-1,-1,-0.01,-1,-1,-0.01,-1,-1,-0.01,-1,-1,-0.01,-1,-1,-0.01,-1,-1,-0.01,-1,-1,-0.01,-1,-1
99926009,2026-05-18 12:11:10+05:30,53072.4,0,0.0,0,0.0,0.0,53282.15,53308.4,52783.45,53710.35,0,0.0,0.0,0.0,0.0,-0.01,-1,-1,-0.01,-1,-1,-0.01,-1,-1,-0.01,-1,-1,-0.01,-1,-1,-0.01,-1,-1,-0.01,-1,-1,-0.01,-1,-1,-0.01,-1,-1,-0.01,-1,-1
99926009,2026-05-18 12:11:11+05:30,53074.9,0,0.0,0,0.0,0.0,53282.15,53308.4,52783.45,53710.35,0,0.0,0.0,0.0,0.0,-0.01,-1,-1,-0.01,-1,-1,-0.01,-1,-1,-0.01,-1,-1,-0.01,-1,-1,-0.01,-1,-1,-0.01,-1,-1,-0.01,-1,-1,-0.01,-1,-1,-0.01,-1,-1
99926009,2026-05-18 12:11:11+05:30,53073.55,0,0.0,0,0.0,0.0,53282.15,53308.4,52783.45,53710.35,0,0.0,0.0,0.0,0.0,-0.01,-1,-1,-0.01,-1,-1,-0.01,-1,-1,-0.01,-1,-1,-0.01,-1,-1,-0.01,-1,-1,-0.01,-1,-1,-0.01,-1,-1,-0.01,-1,-1,-0.01,-1,-1
99926009,2026-05-18 12:11:12+05:30,53067.75,0,0.0,0,0.0,0.0,53282.15,53308.4,52783.45,53710.35,0,0.0,0.0,0.0,0.0,-0.01,-1,-1,-0.01,-1,-1,-0.01,-1,-1,-0.01,-1,-1,-0.01,-1,-1,-0.01,-1,-1,-0.01,-1,-1,-0.01,-1,-1,-0.01,-1,-1,-0.01,-1,-1
99926009,2026-05-18 12:11:12+05:30,53070.75,0,0.0,0,0.0,0.0,53282.15,53308.4,52783.45,53710.35,0,0.0,0.0,0.0,0.0,-0.01,-1,-1,-0.01,-1,-1,-0.01,-1,-1,-0.01,-1,-1,-0.01,-1,-1,-0.01,-1,-1,-0.01,-1,-1,-0.01,-1,-1,-0.01,-1,-1,-0.01,-1,-1
99926009,2026-05-18 12:11:13+05:30,53070.35,0,0.0,0,0.0,0.0,53282.15,53308.4,52783.45,53710.35,0,0.0,0.0,0.0,0.0,-0.01,-1,-1,-0.01,-1,-1,-0.01,-1,-1,-0.01,-1,-1,-0.01,-1,-1,-0.01,-1,-1,-0.01,-1,-1,-0.01,-1,-1,-0.01,-1,-1,-0.01,-1,-1
99926009,2026-05-18 12:11:13+05:30,53070.65,0,0.0,0,0.0,0.0,53282.15,53308.4,52783.45,53710.35,0,0.0,0.0,0.0,0.0,-0.01,-1,-1,-0.01,-1,-1,-0.01,-1,-1,-0.01,-1,-1,-0.01,-1,-1,-0.01,-1,-1,-0.01,-1,-1,-0.01,-1,-1,-0.01,-1,-1,-0.01,-1,-1
99926009,2026-05-18 12:11:14+05:30,53070.05,0,0.0,0,0.0,0.0,53282.15,53308.4,52783.45,53710.35,0,0.0,0.0,0.0,0.0,-0.01,-1,-1,-0.01,-1,-1,-0.01,-1,-1,-0.01,-1,-1,-0.01,-1,-1,-0.01,-1,-1,-0.01,-1,-1,-0.01,-1,-1,-0.01,-1,-1,-0.01,-1,-1
99926009,2026-05-18 12:11:14+05:30,53071.15,0,0.0,0,0.0,0.0,53282.15,53308.4,52783.45,53710.35,0,0.0,0.0,0.0,0.0,-0.01,-1,-1,-0.01,-1,-1,-0.01,-1,-1,-0.01,-1,-1,-0.01,-1,-1,-0.01,-1,-1,-0.01,-1,-1,-0.01,-1,-1,-0.01,-1,-1,-0.01,-1,-1
99926009,2026-05-18 12:11:15+05:30,53068.95,0,0.0,0,0.0,0.0,53282.15,53308.4,52783.45,53710.35,0,0.0,0.0,0.0,0.0,-0.01,-1,-1,-0.01,-1,-1,-0.01,-1,-1,-0.01,-1,-1,-0.01,-1,-1,-0.01,-1,-1,-0.01,-1,-1,-0.01,-1,-1,-0.01,-1,-1,-0.01,-1,-1
99926009,2026-05-18 12:11:15+05:30,53067.05,0,0.0,0,0.0,0.0,53282.15,53308.4,52783.45,53710.35,0,0.0,0.0,0.0,0.0,-0.01,-1,-1,-0.01,-1,-1,-0.01,-1,-1,-0.01,-1,-1,-0.01,-1,-1,-0.01,-1,-1,-0.01,-1,-1,-0.01,-1,-1,-0.01,-1,-1,-0.01,-1,-1
99926009,2026-05-18 12:11:16+05:30,53070.35,0,0.0,0,0.0,0.0,53282.15,53308.4,52783.45,53710.35,0,0.0,0.0,0.0,0.0,-0.01,-1,-1,-0.01,-1,-1,-0.01,-1,-1,-0.01,-1,-1,-0.01,-1,-1,-0.01,-1,-1,-0.01,-1,-1,-0.01,-1,-1,-0.01,-1,-1,-0.01,-1,-1
99926009,2026-05-18 12:11:16+05:30,53070.6,0,0.0,0,0.0,0.0,53282.15,53308.4,52783.45,53710.35,0,0.0,0.0,0.0,0.0,-0.01,-1,-1,-0.01,-1,-1,-0.01,-1,-1,-0.01,-1,-1,-0.01,-1,-1,-0.01,-1,-1,-0.01,-1,-1,-0.01,-1,-1,-0.01,-1,-1,-0.01,-1,-1
99926009,2026-05-18 12:11:17+05:30,53071.55,0,0.0,0,0.0,0.0,53282.15,53308.4,52783.45,53710.35,0,0.0,0.0,0.0,0.0,-0.01,-1,-1,-0.01,-1,-1,-0.01,-1,-1,-0.01,-1,-1,-0.01,-1,-1,-0.01,-1,-1,-0.01,-1,-1,-0.01,-1,-1,-0.01,-1,-1,-0.01,-1,-1
99926009,2026-05-18 12:11:17+05:30,53071.15,0,0.0,0,0.0,0.0,53282.15,53308.4,52783.45,53710.35,0,0.0,0.0,0.0,0.0,-0.01,-1,-1,-0.01,-1,-1,-0.01,-1,-1,-0.01,-1,-1,-0.01,-1,-1,-0.01,-1,-1,-0.01,-1,-1,-0.01,-1,-1,-0.01,-1,-1,-0.01,-1,-1
99926009,2026-05-18 12:11:18+05:30,53070.2,0,0.0,0,0.0,0.0,53282.15,53308.4,52783.45,53710.35,0,0.0,0.0,0.0,0.0,-0.01,-1,-1,-0.01,-1,-1,-0.01,-1,-1,-0.01,-1,-1,-0.01,-1,-1,-0.01,-1,-1,-0.01,-1,-1,-0.01,-1,-1,-0.01,-1,-1,-0.01,-1,-1
99926009,2026-05-18 12:11:18+05:30,53070.2,0,0.0,0,0.0,0.0,53282.15,53308.4,52783.45,53710.35,0,0.0,0.0,0.0,0.0,-0.01,-1,-1,-0.01,-1,-1,-0.01,-1,-1,-0.01,-1,-1,-0.01,-1,-1,-0.01,-1,-1,-0.01,-1,-1,-0.01,-1,-1,-0.01,-1,-1,-0.01,-1,-1
99926009,2026-05-18 12:11:19+05:30,53071.4,0,0.0,0,0.0,0.0,53282.15,53308.4,52783.45,53710.35,0,0.0,0.0,0.0,0.0,-0.01,-1,-1,-0.01,-1,-1,-0.01,-1,-1,-0.01,-1,-1,-0.01,-1,-1,-0.01,-1,-1,-0.01,-1,-1,-0.01,-1,-1,-0.01,-1,-1,-0.01,-1,-1
99926009,2026-05-18 12:11:19+05:30,53073.65,0,0.0,0,0.0,0.0,53282.15,53308.4,52783.45,53710.35,0,0.0,0.0,0.0,0.0,-0.01,-1,-1,-0.01,-1,-1,-0.01,-1,-1,-0.01,-1,-1,-0.01,-1,-1,-0.01,-1,-1,-0.01,-1,-1,-0.01,-1,-1,-0.01,-1,-1,-0.01,-1,-1
99926009,2026-05-18 12:11:20+05:30,53071.75,0,0.0,0,0.0,0.0,53282.15,53308.4,52783.45,53710.35,0,0.0,0.0,0.0,0.0,-0.01,-1,-1,-0.01,-1,-1,-0.01,-1,-1,-0.01,-1,-1,-0.01,-1,-1,-0.01,-1,-1,-0.01,-1,-1,-0.01,-1,-1,-0.01,-1,-1,-0.01,-1,-1
99926009,2026-05-18 12:11:20+05:30,53067.65,0,0.0,0,0.0,0.0,53282.15,53308.4,52783.45,53710.35,0,0.0,0.0,0.0,0.0,-0.01,-1,-1,-0.01,-1,-1,-0.01,-1,-1,-0.01,-1,-1,-0.01,-1,-1,-0.01,-1,-1,-0.01,-1,-1,-0.01,-1,-1,-0.01,-1,-1,-0.01,-1,-1
99926009,2026-05-18 12:11:21+05:30,53068.8,0,0.0,0,0.0,0.0,53282.15,53308.4,52783.45,53710.35,0,0.0,0.0,0.0,0.0,-0.01,-1,-1,-0.01,-1,-1,-0.01,-1,-1,-0.01,-1,-1,-0.01,-1,-1,-0.01,-1,-1,-0.01,-1,-1,-0.01,-1,-1,-0.01,-1,-1,-0.01,-1,-1
99926009,2026-05-18 12:11:21+05:30,53068.65,0,0.0,0,0.0,0.0,53282.15,53308.4,52783.45,53710.35,0,0.0,0.0,0.0,0.0,-0.01,-1,-1,-0.01,-1,-1,-0.01,-1,-1,-0.01,-1,-1,-0.01,-1,-1,-0.01,-1,-1,-0.01,-1,-1,-0.01,-1,-1,-0.01,-1,-1,-0.01,-1,-1
99926009,2026-05-18 12:11:22+05:30,53067.4,0,0.0,0,0.0,0.0,53282.15,53308.4,52783.45,53710.35,0,0.0,0.0,0.0,0.0,-0.01,-1,-1,-0.01,-1,-1,-0.01,-1,-1,-0.01,-1,-1,-0.01,-1,-1,-0.01,-1,-1,-0.01,-1,-1,-0.01,-1,-1,-0.01,-1,-1,-0.01,-1,-1
99926009,2026-05-18 12:11:22+05:30,53071.6,0,0.0,0,0.0,0.0,53282.15,53308.4,52783.45,53710.35,0,0.0,0.0,0.0,0.0,-0.01,-1,-1,-0.01,-1,-1,-0.01,-1,-1,-0.01,-1,-1,-0.01,-1,-1,-0.01,-1,-1,-0.01,-1,-1,-0.01,-1,-1,-0.01,-1,-1,-0.01,-1,-1
99926009,2026-05-18 12:11:23+05:30,53069.2,0,0.0,0,0.0,0.0,53282.15,53308.4,52783.45,53710.35,0,0.0,0.0,0.0,0.0,-0.01,-1,-1,-0.01,-1,-1,-0.01,-1,-1,-0.01,-1,-1,-0.01,-1,-1,-0.01,-1,-1,-0.01,-1,-1,-0.01,-1,-1,-0.01,-1,-1,-0.01,-1,-1
99926009,2026-05-18 12:11:23+05:30,53072.9,0,0.0,0,0.0,0.0,53282.15,53308.4,52783.45,53710.35,0,0.0,0.0,0.0,0.0,-0.01,-1,-1,-0.01,-1,-1,-0.01,-1,-1,-0.01,-1,-1,-0.01,-1,-1,-0.01,-1,-1,-0.01,-1,-1,-0.01,-1,-1,-0.01,-1,-1,-0.01,-1,-1
99926009,2026-05-18 12:11:24+05:30,53069.7,0,0.0,0,0.0,0.0,53282.15,53308.4,52783.45,53710.35,0,0.0,0.0,0.0,0.0,-0.01,-1,-1,-0.01,-1,-1,-0.01,-1,-1,-0.01,-1,-1,-0.01,-1,-1,-0.01,-1,-1,-0.01,-1,-1,-0.01,-1,-1,-0.01,-1,-1,-0.01,-1,-1
99926009,2026-05-18 12:11:24+05:30,53072.1,0,0.0,0,0.0,0.0,53282.15,53308.4,52783.45,53710.35,0,0.0,0.0,0.0,0.0,-0.01,-1,-1,-0.01,-1,-1,-0.01,-1,-1,-0.01,-1,-1,-0.01,-1,-1,-0.01,-1,-1,-0.01,-1,-1,-0.01,-1,-1,-0.01,-1,-1,-0.01,-1,-1
99926009,2026-05-18 12:11:25+05:30,53073.4,0,0.0,0,0.0,0.0,53282.15,53308.4,52783.45,53710.35,0,0.0,0.0,0.0,0.0,-0.01,-1,-1,-0.01,-1,-1,-0.01,-1,-1,-0.01,-1,-1,-0.01,-1,-1,-0.01,-1,-1,-0.01,-1,-1,-0.01,-1,-1,-0.01,-1,-1,-0.01,-1,-1
99926009,2026-05-18 12:11:25+05:30,53074.4,0,0.0,0,0.0,0.0,53282.15,53308.4,52783.45,53710.35,0,0.0,0.0,0.0,0.0,-0.01,-1,-1,-0.01,-1,-1,-0.01,-1,-1,-0.01,-1,-1,-0.01,-1,-1,-0.01,-1,-1,-0.01,-1,-1,-0.01,-1,-1,-0.01,-1,-1,-0.01,-1,-1
99926009,2026-05-18 12:11:26+05:30,53073.85,0,0.0,0,0.0,0.0,53282.15,53308.4,52783.45,53710.35,0,0.0,0.0,0.0,0.0,-0.01,-1,-1,-0.01,-1,-1,-0.01,-1,-1,-0.01,-1,-1,-0.01,-1,-1,-0.01,-1,-1,-0.01,-1,-1,-0.01,-1,-1,-0.01,-1,-1,-0.01,-1,-1
99926009,2026-05-18 12:11:26+05:30,53074.65,0,0.0,0,0.0,0.0,53282.15,53308.4,52783.45,53710.35,0,0.0,0.0,0.0,0.0,-0.01,-1,-1,-0.01,-1,-1,-0.01,-1,-1,-0.01,-1,-1,-0.01,-1,-1,-0.01,-1,-1,-0.01,-1,-1,-0.01,-1,-1,-0.01,-1,-1,-0.01,-1,-1
99926009,2026-05-18 12:11:27+05:30,53071.8,0,0.0,0,0.0,0.0,53282.15,53308.4,52783.45,53710.35,0,0.0,0.0,0.0,0.0,-0.01,-1,-1,-0.01,-1,-1,-0.01,-1,-1,-0.01,-1,-1,-0.01,-1,-1,-0.01,-1,-1,-0.01,-1,-1,-0.01,-1,-1,-0.01,-1,-1,-0.01,-1,-1
99926009,2026-05-18 12:11:27+05:30,53073.0,0,0.0,0,0.0,0.0,53282.15,53308.4,52783.45,53710.35,0,0.0,0.0,0.0,0.0,-0.01,-1,-1,-0.01,-1,-1,-0.01,-1,-1,-0.01,-1,-1,-0.01,-1,-1,-0.01,-1,-1,-0.01,-1,-1,-0.01,-1,-1,-0.01,-1,-1,-0.01,-1,-1
99926009,2026-05-18 12:11:28+05:30,53072.05,0,0.0,0,0.0,0.0,53282.15,53308.4,52783.45,53710.35,0,0.0,0.0,0.0,0.0,-0.01,-1,-1,-0.01,-1,-1,-0.01,-1,-1,-0.01,-1,-1,-0.01,-1,-1,-0.01,-1,-1,-0.01,-1,-1,-0.01,-1,-1,-0.01,-1,-1,-0.01,-1,-1
99926009,2026-05-18 12:11:28+05:30,53073.45,0,0.0,0,0.0,0.0,53282.15,53308.4,52783.45,53710.35,0,0.0,0.0,0.0,0.0,-0.01,-1,-1,-0.01,-1,-1,-0.01,-1,-1,-0.01,-1,-1,-0.01,-1,-1,-0.01,-1,-1,-0.01,-1,-1,-0.01,-1,-1,-0.01,-1,-1,-0.01,-1,-1
99926009,2026-05-18 12:11:29+05:30,53066.75,0,0.0,0,0.0,0.0,53282.15,53308.4,52783.45,53710.35,0,0.0,0.0,0.0,0.0,-0.01,-1,-1,-0.01,-1,-1,-0.01,-1,-1,-0.01,-1,-1,-0.01,-1,-1,-0.01,-1,-1,-0.01,-1,-1,-0.01,-1,-1,-0.01,-1,-1,-0.01,-1,-1
99926009,2026-05-18 12:11:29+05:30,53067.05,0,0.0,0,0.0,0.0,53282.15,53308.4,52783.45,53710.35,0,0.0,0.0,0.0,0.0,-0.01,-1,-1,-0.01,-1,-1,-0.01,-1,-1,-0.01,-1,-1,-0.01,-1,-1,-0.01,-1,-1,-0.01,-1,-1,-0.01,-1,-1,-0.01,-1,-1,-0.01,-1,-1
99926009,2026-05-18 12:11:30+05:30,53068.8,0,0.0,0,0.0,0.0,53282.15,53308.4,52783.45,53710.35,0,0.0,0.0,0.0,0.0,-0.01,-1,-1,-0.01,-1,-1,-0.01,-1,-1,-0.01,-1,-1,-0.01,-1,-1,-0.01,-1,-1,-0.01,-1,-1,-0.01,-1,-1,-0.01,-1,-1,-0.01,-1,-1
99926009,2026-05-18 12:11:30+05:30,53068.75,0,0.0,0,0.0,0.0,53282.15,53308.4,52783.45,53710.35,0,0.0,0.0,0.0,0.0,-0.01,-1,-1,-0.01,-1,-1,-0.01,-1,-1,-0.01,-1,-1,-0.01,-1,-1,-0.01,-1,-1,-0.01,-1,-1,-0.01,-1,-1,-0.01,-1,-1,-0.01,-1,-1
99926009,2026-05-18 12:11:31+05:30,53071.05,0,0.0,0,0.0,0.0,53282.15,53308.4,52783.45,53710.35,0,0.0,0.0,0.0,0.0,-0.01,-1,-1,-0.01,-1,-1,-0.01,-1,-1,-0.01,-1,-1,-0.01,-1,-1,-0.01,-1,-1,-0.01,-1,-1,-0.01,-1,-1,-0.01,-1,-1,-0.01,-1,-1
99926009,2026-05-18 12:11:31+05:30,53074.45,0,0.0,0,0.0,0.0,53282.15,53308.4,52783.45,53710.35,0,0.0,0.0,0.0,0.0,-0.01,-1,-1,-0.01,-1,-1,-0.01,-1,-1,-0.01,-1,-1,-0.01,-1,-1,-0.01,-1,-1,-0.01,-1,-1,-0.01,-1,-1,-0.01,-1,-1,-0.01,-1,-1
99926009,2026-05-18 12:11:32+05:30,53075.6,0,0.0,0,0.0,0.0,53282.15,53308.4,52783.45,53710.35,0,0.0,0.0,0.0,0.0,-0.01,-1,-1,-0.01,-1,-1,-0.01,-1,-1,-0.01,-1,-1,-0.01,-1,-1,-0.01,-1,-1,-0.01,-1,-1,-0.01,-1,-1,-0.01,-1,-1,-0.01,-1,-1
99926009,2026-05-18 12:11:32+05:30,53073.5,0,0.0,0,0.0,0.0,53282.15,53308.4,52783.45,53710.35,0,0.0,0.0,0.0,0.0,-0.01,-1,-1,-0.01,-1,-1,-0.01,-1,-1,-0.01,-1,-1,-0.01,-1,-1,-0.01,-1,-1,-0.01,-1,-1,-0.01,-1,-1,-0.01,-1,-1,-0.01,-1,-1
99926009,2026-05-18 12:11:33+05:30,53073.1,0,0.0,0,0.0,0.0,53282.15,53308.4,52783.45,53710.35,0,0.0,0.0,0.0,0.0,-0.01,-1,-1,-0.01,-1,-1,-0.01,-1,-1,-0.01,-1,-1,-0.01,-1,-1,-0.01,-1,-1,-0.01,-1,-1,-0.01,-1,-1,-0.01,-1,-1,-0.01,-1,-1
99926009,2026-05-18 12:11:33+05:30,53072.7,0,0.0,0,0.0,0.0,53282.15,53308.4,52783.45,53710.35,0,0.0,0.0,0.0,0.0,-0.01,-1,-1,-0.01,-1,-1,-0.01,-1,-1,-0.01,-1,-1,-0.01,-1,-1,-0.01,-1,-1,-0.01,-1,-1,-0.01,-1,-1,-0.01,-1,-1,-0.01,-1,-1
99926009,2026-05-18 12:11:34+05:30,53072.95,0,0.0,0,0.0,0.0,53282.15,53308.4,52783.45,53710.35,0,0.0,0.0,0.0,0.0,-0.01,-1,-1,-0.01,-1,-1,-0.01,-1,-1,-0.01,-1,-1,-0.01,-1,-1,-0.01,-1,-1,-0.01,-1,-1,-0.01,-1,-1,-0.01,-1,-1,-0.01,-1,-1
99926009,2026-05-18 12:11:34+05:30,53074.15,0,0.0,0,0.0,0.0,53282.15,53308.4,52783.45,53710.35,0,0.0,0.0,0.0,0.0,-0.01,-1,-1,-0.01,-1,-1,-0.01,-1,-1,-0.01,-1,-1,-0.01,-1,-1,-0.01,-1,-1,-0.01,-1,-1,-0.01,-1,-1,-0.01,-1,-1,-0.01,-1,-1
99926009,2026-05-18 12:11:35+05:30,53076.2,0,0.0,0,0.0,0.0,53282.15,53308.4,52783.45,53710.35,0,0.0,0.0,0.0,0.0,-0.01,-1,-1,-0.01,-1,-1,-0.01,-1,-1,-0.01,-1,-1,-0.01,-1,-1,-0.01,-1,-1,-0.01,-1,-1,-0.01,-1,-1,-0.01,-1,-1,-0.01,-1,-1
99926009,2026-05-18 12:11:35+05:30,53075.85,0,0.0,0,0.0,0.0,53282.15,53308.4,52783.45,53710.35,0,0.0,0.0,0.0,0.0,-0.01,-1,-1,-0.01,-1,-1,-0.01,-1,-1,-0.01,-1,-1,-0.01,-1,-1,-0.01,-1,-1,-0.01,-1,-1,-0.01,-1,-1,-0.01,-1,-1,-0.01,-1,-1
99926009,2026-05-18 12:11:36+05:30,53077.7,0,0.0,0,0.0,0.0,53282.15,53308.4,52783.45,53710.35,0,0.0,0.0,0.0,0.0,-0.01,-1,-1,-0.01,-1,-1,-0.01,-1,-1,-0.01,-1,-1,-0.01,-1,-1,-0.01,-1,-1,-0.01,-1,-1,-0.01,-1,-1,-0.01,-1,-1,-0.01,-1,-1
99926009,2026-05-18 12:11:36+05:30,53074.45,0,0.0,0,0.0,0.0,53282.15,53308.4,52783.45,53710.35,0,0.0,0.0,0.0,0.0,-0.01,-1,-1,-0.01,-1,-1,-0.01,-1,-1,-0.01,-1,-1,-0.01,-1,-1,-0.01,-1,-1,-0.01,-1,-1,-0.01,-1,-1,-0.01,-1,-1,-0.01,-1,-1
99926009,2026-05-18 12:11:37+05:30,53078.6,0,0.0,0,0.0,0.0,53282.15,53308.4,52783.45,53710.35,0,0.0,0.0,0.0,0.0,-0.01,-1,-1,-0.01,-1,-1,-0.01,-1,-1,-0.01,-1,-1,-0.01,-1,-1,-0.01,-1,-1,-0.01,-1,-1,-0.01,-1,-1,-0.01,-1,-1,-0.01,-1,-1
99926009,2026-05-18 12:11:37+05:30,53075.35,0,0.0,0,0.0,0.0,53282.15,53308.4,52783.45,53710.35,0,0.0,0.0,0.0,0.0,-0.01,-1,-1,-0.01,-1,-1,-0.01,-1,-1,-0.01,-1,-1,-0.01,-1,-1,-0.01,-1,-1,-0.01,-1,-1,-0.01,-1,-1,-0.01,-1,-1,-0.01,-1,-1
99926009,2026-05-18 12:11:38+05:30,53070.25,0,0.0,0,0.0,0.0,53282.15,53308.4,52783.45,53710.35,0,0.0,0.0,0.0,0.0,-0.01,-1,-1,-0.01,-1,-1,-0.01,-1,-1,-0.01,-1,-1,-0.01,-1,-1,-0.01,-1,-1,-0.01,-1,-1,-0.01,-1,-1,-0.01,-1,-1,-0.01,-1,-1
99926009,2026-05-18 12:11:38+05:30,53069.95,0,0.0,0,0.0,0.0,53282.15,53308.4,52783.45,53710.35,0,0.0,0.0,0.0,0.0,-0.01,-1,-1,-0.01,-1,-1,-0.01,-1,-1,-0.01,-1,-1,-0.01,-1,-1,-0.01,-1,-1,-0.01,-1,-1,-0.01,-1,-1,-0.01,-1,-1,-0.01,-1,-1
99926009,2026-05-18 12:11:39+05:30,53069.35,0,0.0,0,0.0,0.0,53282.15,53308.4,52783.45,53710.35,0,0.0,0.0,0.0,0.0,-0.01,-1,-1,-0.01,-1,-1,-0.01,-1,-1,-0.01,-1,-1,-0.01,-1,-1,-0.01,-1,-1,-0.01,-1,-1,-0.01,-1,-1,-0.01,-1,-1,-0.01,-1,-1
99926009,2026-05-18 12:11:39+05:30,53069.4,0,0.0,0,0.0,0.0,53282.15,53308.4,52783.45,53710.35,0,0.0,0.0,0.0,0.0,-0.01,-1,-1,-0.01,-1,-1,-0.01,-1,-1,-0.01,-1,-1,-0.01,-1,-1,-0.01,-1,-1,-0.01,-1,-1,-0.01,-1,-1,-0.01,-1,-1,-0.01,-1,-1
99926009,2026-05-18 12:11:40+05:30,53070.3,0,0.0,0,0.0,0.0,53282.15,53308.4,52783.45,53710.35,0,0.0,0.0,0.0,0.0,-0.01,-1,-1,-0.01,-1,-1,-0.01,-1,-1,-0.01,-1,-1,-0.01,-1,-1,-0.01,-1,-1,-0.01,-1,-1,-0.01,-1,-1,-0.01,-1,-1,-0.01,-1,-1
99926009,2026-05-18 12:11:40+05:30,53066.7,0,0.0,0,0.0,0.0,53282.15,53308.4,52783.45,53710.35,0,0.0,0.0,0.0,0.0,-0.01,-1,-1,-0.01,-1,-1,-0.01,-1,-1,-0.01,-1,-1,-0.01,-1,-1,-0.01,-1,-1,-0.01,-1,-1,-0.01,-1,-1,-0.01,-1,-1,-0.01,-1,-1
99926009,2026-05-18 12:11:41+05:30,53066.7,0,0.0,0,0.0,0.0,53282.15,53308.4,52783.45,53710.35,0,0.0,0.0,0.0,0.0,-0.01,-1,-1,-0.01,-1,-1,-0.01,-1,-1,-0.01,-1,-1,-0.01,-1,-1,-0.01,-1,-1,-0.01,-1,-1,-0.01,-1,-1,-0.01,-1,-1,-0.01,-1,-1
99926009,2026-05-18 12:11:41+05:30,53066.2,0,0.0,0,0.0,0.0,53282.15,53308.4,52783.45,53710.35,0,0.0,0.0,0.0,0.0,-0.01,-1,-1,-0.01,-1,-1,-0.01,-1,-1,-0.01,-1,-1,-0.01,-1,-1,-0.01,-1,-1,-0.01,-1,-1,-0.01,-1,-1,-0.01,-1,-1,-0.01,-1,-1
99926009,2026-05-18 12:11:42+05:30,53064.05,0,0.0,0,0.0,0.0,53282.15,53308.4,52783.45,53710.35,0,0.0,0.0,0.0,0.0,-0.01,-1,-1,-0.01,-1,-1,-0.01,-1,-1,-0.01,-1,-1,-0.01,-1,-1,-0.01,-1,-1,-0.01,-1,-1,-0.01,-1,-1,-0.01,-1,-1,-0.01,-1,-1
99926009,2026-05-18 12:11:42+05:30,53065.8,0,0.0,0,0.0,0.0,53282.15,53308.4,52783.45,53710.35,0,0.0,0.0,0.0,0.0,-0.01,-1,-1,-0.01,-1,-1,-0.01,-1,-1,-0.01,-1,-1,-0.01,-1,-1,-0.01,-1,-1,-0.01,-1,-1,-0.01,-1,-1,-0.01,-1,-1,-0.01,-1,-1
99926009,2026-05-18 12:11:43+05:30,53064.2,0,0.0,0,0.0,0.0,53282.15,53308.4,52783.45,53710.35,0,0.0,0.0,0.0,0.0,-0.01,-1,-1,-0.01,-1,-1,-0.01,-1,-1,-0.01,-1,-1,-0.01,-1,-1,-0.01,-1,-1,-0.01,-1,-1,-0.01,-1,-1,-0.01,-1,-1,-0.01,-1,-1
99926009,2026-05-18 12:11:43+05:30,53065.5,0,0.0,0,0.0,0.0,53282.15,53308.4,52783.45,53710.35,0,0.0,0.0,0.0,0.0,-0.01,-1,-1,-0.01,-1,-1,-0.01,-1,-1,-0.01,-1,-1,-0.01,-1,-1,-0.01,-1,-1,-0.01,-1,-1,-0.01,-1,-1,-0.01,-1,-1,-0.01,-1,-1
99926009,2026-05-18 12:11:44+05:30,53066.6,0,0.0,0,0.0,0.0,53282.15,53308.4,52783.45,53710.35,0,0.0,0.0,0.0,0.0,-0.01,-1,-1,-0.01,-1,-1,-0.01,-1,-1,-0.01,-1,-1,-0.01,-1,-1,-0.01,-1,-1,-0.01,-1,-1,-0.01,-1,-1,-0.01,-1,-1,-0.01,-1,-1
99926009,2026-05-18 12:11:44+05:30,53068.95,0,0.0,0,0.0,0.0,53282.15,53308.4,52783.45,53710.35,0,0.0,0.0,0.0,0.0,-0.01,-1,-1,-0.01,-1,-1,-0.01,-1,-1,-0.01,-1,-1,-0.01,-1,-1,-0.01,-1,-1,-0.01,-1,-1,-0.01,-1,-1,-0.01,-1,-1,-0.01,-1,-1
99926009,2026-05-18 12:11:45+05:30,53069.5,0,0.0,0,0.0,0.0,53282.15,53308.4,52783.45,53710.35,0,0.0,0.0,0.0,0.0,-0.01,-1,-1,-0.01,-1,-1,-0.01,-1,-1,-0.01,-1,-1,-0.01,-1,-1,-0.01,-1,-1,-0.01,-1,-1,-0.01,-1,-1,-0.01,-1,-1,-0.01,-1,-1
99926009,2026-05-18 12:11:45+05:30,53069.85,0,0.0,0,0.0,0.0,53282.15,53308.4,52783.45,53710.35,0,0.0,0.0,0.0,0.0,-0.01,-1,-1,-0.01,-1,-1,-0.01,-1,-1,-0.01,-1,-1,-0.01,-1,-1,-0.01,-1,-1,-0.01,-1,-1,-0.01,-1,-1,-0.01,-1,-1,-0.01,-1,-1
99926009,2026-05-18 12:11:46+05:30,53071.95,0,0.0,0,0.0,0.0,53282.15,53308.4,52783.45,53710.35,0,0.0,0.0,0.0,0.0,-0.01,-1,-1,-0.01,-1,-1,-0.01,-1,-1,-0.01,-1,-1,-0.01,-1,-1,-0.01,-1,-1,-0.01,-1,-1,-0.01,-1,-1,-0.01,-1,-1,-0.01,-1,-1
99926009,2026-05-18 12:11:46+05:30,53070.35,0,0.0,0,0.0,0.0,53282.15,53308.4,52783.45,53710.35,0,0.0,0.0,0.0,0.0,-0.01,-1,-1,-0.01,-1,-1,-0.01,-1,-1,-0.01,-1,-1,-0.01,-1,-1,-0.01,-1,-1,-0.01,-1,-1,-0.01,-1,-1,-0.01,-1,-1,-0.01,-1,-1
99926009,2026-05-18 12:11:47+05:30,53072.65,0,0.0,0,0.0,0.0,53282.15,53308.4,52783.45,53710.35,0,0.0,0.0,0.0,0.0,-0.01,-1,-1,-0.01,-1,-1,-0.01,-1,-1,-0.01,-1,-1,-0.01,-1,-1,-0.01,-1,-1,-0.01,-1,-1,-0.01,-1,-1,-0.01,-1,-1,-0.01,-1,-1
99926009,2026-05-18 12:11:47+05:30,53070.25,0,0.0,0,0.0,0.0,53282.15,53308.4,52783.45,53710.35,0,0.0,0.0,0.0,0.0,-0.01,-1,-1,-0.01,-1,-1,-0.01,-1,-1,-0.01,-1,-1,-0.01,-1,-1,-0.01,-1,-1,-0.01,-1,-1,-0.01,-1,-1,-0.01,-1,-1,-0.01,-1,-1
99926009,2026-05-18 12:11:48+05:30,53070.55,0,0.0,0,0.0,0.0,53282.15,53308.4,52783.45,53710.35,0,0.0,0.0,0.0,0.0,-0.01,-1,-1,-0.01,-1,-1,-0.01,-1,-1,-0.01,-1,-1,-0.01,-1,-1,-0.01,-1,-1,-0.01,-1,-1,-0.01,-1,-1,-0.01,-1,-1,-0.01,-1,-1
99926009,2026-05-18 12:11:48+05:30,53069.7,0,0.0,0,0.0,0.0,53282.15,53308.4,52783.45,53710.35,0,0.0,0.0,0.0,0.0,-0.01,-1,-1,-0.01,-1,-1,-0.01,-1,-1,-0.01,-1,-1,-0.01,-1,-1,-0.01,-1,-1,-0.01,-1,-1,-0.01,-1,-1,-0.01,-1,-1,-0.01,-1,-1
99926009,2026-05-18 12:11:49+05:30,53074.25,0,0.0,0,0.0,0.0,53282.15,53308.4,52783.45,53710.35,0,0.0,0.0,0.0,0.0,-0.01,-1,-1,-0.01,-1,-1,-0.01,-1,-1,-0.01,-1,-1,-0.01,-1,-1,-0.01,-1,-1,-0.01,-1,-1,-0.01,-1,-1,-0.01,-1,-1,-0.01,-1,-1
99926009,2026-05-18 12:11:49+05:30,53073.55,0,0.0,0,0.0,0.0,53282.15,53308.4,52783.45,53710.35,0,0.0,0.0,0.0,0.0,-0.01,-1,-1,-0.01,-1,-1,-0.01,-1,-1,-0.01,-1,-1,-0.01,-1,-1,-0.01,-1,-1,-0.01,-1,-1,-0.01,-1,-1,-0.01,-1,-1,-0.01,-1,-1
99926009,2026-05-18 12:11:50+05:30,53072.75,0,0.0,0,0.0,0.0,53282.15,53308.4,52783.45,53710.35,0,0.0,0.0,0.0,0.0,-0.01,-1,-1,-0.01,-1,-1,-0.01,-1,-1,-0.01,-1,-1,-0.01,-1,-1,-0.01,-1,-1,-0.01,-1,-1,-0.01,-1,-1,-0.01,-1,-1,-0.01,-1,-1
99926009,2026-05-18 12:11:50+05:30,53072.4,0,0.0,0,0.0,0.0,53282.15,53308.4,52783.45,53710.35,0,0.0,0.0,0.0,0.0,-0.01,-1,-1,-0.01,-1,-1,-0.01,-1,-1,-0.01,-1,-1,-0.01,-1,-1,-0.01,-1,-1,-0.01,-1,-1,-0.01,-1,-1,-0.01,-1,-1,-0.01,-1,-1
99926009,2026-05-18 12:11:51+05:30,53072.95,0,0.0,0,0.0,0.0,53282.15,53308.4,52783.45,53710.35,0,0.0,0.0,0.0,0.0,-0.01,-1,-1,-0.01,-1,-1,-0.01,-1,-1,-0.01,-1,-1,-0.01,-1,-1,-0.01,-1,-1,-0.01,-1,-1,-0.01,-1,-1,-0.01,-1,-1,-0.01,-1,-1
99926009,2026-05-18 12:11:51+05:30,53070.15,0,0.0,0,0.0,0.0,53282.15,53308.4,52783.45,53710.35,0,0.0,0.0,0.0,0.0,-0.01,-1,-1,-0.01,-1,-1,-0.01,-1,-1,-0.01,-1,-1,-0.01,-1,-1,-0.01,-1,-1,-0.01,-1,-1,-0.01,-1,-1,-0.01,-1,-1,-0.01,-1,-1
99926009,2026-05-18 12:11:52+05:30,53073.55,0,0.0,0,0.0,0.0,53282.15,53308.4,52783.45,53710.35,0,0.0,0.0,0.0,0.0,-0.01,-1,-1,-0.01,-1,-1,-0.01,-1,-1,-0.01,-1,-1,-0.01,-1,-1,-0.01,-1,-1,-0.01,-1,-1,-0.01,-1,-1,-0.01,-1,-1,-0.01,-1,-1
99926009,2026-05-18 12:11:52+05:30,53072.5,0,0.0,0,0.0,0.0,53282.15,53308.4,52783.45,53710.35,0,0.0,0.0,0.0,0.0,-0.01,-1,-1,-0.01,-1,-1,-0.01,-1,-1,-0.01,-1,-1,-0.01,-1,-1,-0.01,-1,-1,-0.01,-1,-1,-0.01,-1,-1,-0.01,-1,-1,-0.01,-1,-1
99926009,2026-05-18 12:11:53+05:30,53071.05,0,0.0,0,0.0,0.0,53282.15,53308.4,52783.45,53710.35,0,0.0,0.0,0.0,0.0,-0.01,-1,-1,-0.01,-1,-1,-0.01,-1,-1,-0.01,-1,-1,-0.01,-1,-1,-0.01,-1,-1,-0.01,-1,-1,-0.01,-1,-1,-0.01,-1,-1,-0.01,-1,-1
99926009,2026-05-18 12:11:53+05:30,53071.6,0,0.0,0,0.0,0.0,53282.15,53308.4,52783.45,53710.35,0,0.0,0.0,0.0,0.0,-0.01,-1,-1,-0.01,-1,-1,-0.01,-1,-1,-0.01,-1,-1,-0.01,-1,-1,-0.01,-1,-1,-0.01,-1,-1,-0.01,-1,-1,-0.01,-1,-1,-0.01,-1,-1
99926009,2026-05-18 12:11:54+05:30,53072.3,0,0.0,0,0.0,0.0,53282.15,53308.4,52783.45,53710.35,0,0.0,0.0,0.0,0.0,-0.01,-1,-1,-0.01,-1,-1,-0.01,-1,-1,-0.01,-1,-1,-0.01,-1,-1,-0.01,-1,-1,-0.01,-1,-1,-0.01,-1,-1,-0.01,-1,-1,-0.01,-1,-1
99926009,2026-05-18 12:11:54+05:30,53071.95,0,0.0,0,0.0,0.0,53282.15,53308.4,52783.45,53710.35,0,0.0,0.0,0.0,0.0,-0.01,-1,-1,-0.01,-1,-1,-0.01,-1,-1,-0.01,-1,-1,-0.01,-1,-1,-0.01,-1,-1,-0.01,-1,-1,-0.01,-1,-1,-0.01,-1,-1,-0.01,-1,-1
99926009,2026-05-18 12:11:55+05:30,53070.95,0,0.0,0,0.0,0.0,53282.15,53308.4,52783.45,53710.35,0,0.0,0.0,0.0,0.0,-0.01,-1,-1,-0.01,-1,-1,-0.01,-1,-1,-0.01,-1,-1,-0.01,-1,-1,-0.01,-1,-1,-0.01,-1,-1,-0.01,-1,-1,-0.01,-1,-1,-0.01,-1,-1
99926009,2026-05-18 12:11:55+05:30,53072.8,0,0.0,0,0.0,0.0,53282.15,53308.4,52783.45,53710.35,0,0.0,0.0,0.0,0.0,-0.01,-1,-1,-0.01,-1,-1,-0.01,-1,-1,-0.01,-1,-1,-0.01,-1,-1,-0.01,-1,-1,-0.01,-1,-1,-0.01,-1,-1,-0.01,-1,-1,-0.01,-1,-1
99926009,2026-05-18 12:11:56+05:30,53075.1,0,0.0,0,0.0,0.0,53282.15,53308.4,52783.45,53710.35,0,0.0,0.0,0.0,0.0,-0.01,-1,-1,-0.01,-1,-1,-0.01,-1,-1,-0.01,-1,-1,-0.01,-1,-1,-0.01,-1,-1,-0.01,-1,-1,-0.01,-1,-1,-0.01,-1,-1,-0.01,-1,-1
99926009,2026-05-18 12:11:56+05:30,53072.2,0,0.0,0,0.0,0.0,53282.15,53308.4,52783.45,53710.35,0,0.0,0.0,0.0,0.0,-0.01,-1,-1,-0.01,-1,-1,-0.01,-1,-1,-0.01,-1,-1,-0.01,-1,-1,-0.01,-1,-1,-0.01,-1,-1,-0.01,-1,-1,-0.01,-1,-1,-0.01,-1,-1
99926009,2026-05-18 12:11:57+05:30,53077.75,0,0.0,0,0.0,0.0,53282.15,53308.4,52783.45,53710.35,0,0.0,0.0,0.0,0.0,-0.01,-1,-1,-0.01,-1,-1,-0.01,-1,-1,-0.01,-1,-1,-0.01,-1,-1,-0.01,-1,-1,-0.01,-1,-1,-0.01,-1,-1,-0.01,-1,-1,-0.01,-1,-1
99926009,2026-05-18 12:11:57+05:30,53076.1,0,0.0,0,0.0,0.0,53282.15,53308.4,52783.45,53710.35,0,0.0,0.0,0.0,0.0,-0.01,-1,-1,-0.01,-1,-1,-0.01,-1,-1,-0.01,-1,-1,-0.01,-1,-1,-0.01,-1,-1,-0.01,-1,-1,-0.01,-1,-1,-0.01,-1,-1,-0.01,-1,-1
99926009,2026-05-18 12:11:58+05:30,53076.75,0,0.0,0,0.0,0.0,53282.15,53308.4,52783.45,53710.35,0,0.0,0.0,0.0,0.0,-0.01,-1,-1,-0.01,-1,-1,-0.01,-1,-1,-0.01,-1,-1,-0.01,-1,-1,-0.01,-1,-1,-0.01,-1,-1,-0.01,-1,-1,-0.01,-1,-1,-0.01,-1,-1
99926009,2026-05-18 12:11:58+05:30,53076.0,0,0.0,0,0.0,0.0,53282.15,53308.4,52783.45,53710.35,0,0.0,0.0,0.0,0.0,-0.01,-1,-1,-0.01,-1,-1,-0.01,-1,-1,-0.01,-1,-1,-0.01,-1,-1,-0.01,-1,-1,-0.01,-1,-1,-0.01,-1,-1,-0.01,-1,-1,-0.01,-1,-1
99926009,2026-05-18 12:11:59+05:30,53076.15,0,0.0,0,0.0,0.0,53282.15,53308.4,52783.45,53710.35,0,0.0,0.0,0.0,0.0,-0.01,-1,-1,-0.01,-1,-1,-0.01,-1,-1,-0.01,-1,-1,-0.01,-1,-1,-0.01,-1,-1,-0.01,-1,-1,-0.01,-1,-1,-0.01,-1,-1,-0.01,-1,-1
99926009,2026-05-18 12:11:59+05:30,53075.7,0,0.0,0,0.0,0.0,53282.15,53308.4,52783.45,53710.35,0,0.0,0.0,0.0,0.0,-0.01,-1,-1,-0.01,-1,-1,-0.01,-1,-1,-0.01,-1,-1,-0.01,-1,-1,-0.01,-1,-1,-0.01,-1,-1,-0.01,-1,-1,-0.01,-1,-1,-0.01,-1,-1
99926009,2026-05-18 12:12:00+05:30,53075.45,0,0.0,0,0.0,0.0,53282.15,53308.4,52783.45,53710.35,0,0.0,0.0,0.0,0.0,-0.01,-1,-1,-0.01,-1,-1,-0.01,-1,-1,-0.01,-1,-1,-0.01,-1,-1,-0.01,-1,-1,-0.01,-1,-1,-0.01,-1,-1,-0.01,-1,-1,-0.01,-1,-1
99926009,2026-05-18 12:12:00+05:30,53073.3,0,0.0,0,0.0,0.0,53282.15,53308.4,52783.45,53710.35,0,0.0,0.0,0.0,0.0,-0.01,-1,-1,-0.01,-1,-1,-0.01,-1,-1,-0.01,-1,-1,-0.01,-1,-1,-0.01,-1,-1,-0.01,-1,-1,-0.01,-1,-1,-0.01,-1,-1,-0.01,-1,-1
99926009,2026-05-18 12:12:01+05:30,53074.15,0,0.0,0,0.0,0.0,53282.15,53308.4,52783.45,53710.35,0,0.0,0.0,0.0,0.0,-0.01,-1,-1,-0.01,-1,-1,-0.01,-1,-1,-0.01,-1,-1,-0.01,-1,-1,-0.01,-1,-1,-0.01,-1,-1,-0.01,-1,-1,-0.01,-1,-1,-0.01,-1,-1
99926009,2026-05-18 12:12:01+05:30,53071.6,0,0.0,0,0.0,0.0,53282.15,53308.4,52783.45,53710.35,0,0.0,0.0,0.0,0.0,-0.01,-1,-1,-0.01,-1,-1,-0.01,-1,-1,-0.01,-1,-1,-0.01,-1,-1,-0.01,-1,-1,-0.01,-1,-1,-0.01,-1,-1,-0.01,-1,-1,-0.01,-1,-1
99926009,2026-05-18 12:12:02+05:30,53071.85,0,0.0,0,0.0,0.0,53282.15,53308.4,52783.45,53710.35,0,0.0,0.0,0.0,0.0,-0.01,-1,-1,-0.01,-1,-1,-0.01,-1,-1,-0.01,-1,-1,-0.01,-1,-1,-0.01,-1,-1,-0.01,-1,-1,-0.01,-1,-1,-0.01,-1,-1,-0.01,-1,-1
99926009,2026-05-18 12:12:02+05:30,53073.45,0,0.0,0,0.0,0.0,53282.15,53308.4,52783.45,53710.35,0,0.0,0.0,0.0,0.0,-0.01,-1,-1,-0.01,-1,-1,-0.01,-1,-1,-0.01,-1,-1,-0.01,-1,-1,-0.01,-1,-1,-0.01,-1,-1,-0.01,-1,-1,-0.01,-1,-1,-0.01,-1,-1
99926009,2026-05-18 12:12:03+05:30,53074.65,0,0.0,0,0.0,0.0,53282.15,53308.4,52783.45,53710.35,0,0.0,0.0,0.0,0.0,-0.01,-1,-1,-0.01,-1,-1,-0.01,-1,-1,-0.01,-1,-1,-0.01,-1,-1,-0.01,-1,-1,-0.01,-1,-1,-0.01,-1,-1,-0.01,-1,-1,-0.01,-1,-1
99926009,2026-05-18 12:12:03+05:30,53071.85,0,0.0,0,0.0,0.0,53282.15,53308.4,52783.45,53710.35,0,0.0,0.0,0.0,0.0,-0.01,-1,-1,-0.01,-1,-1,-0.01,-1,-1,-0.01,-1,-1,-0.01,-1,-1,-0.01,-1,-1,-0.01,-1,-1,-0.01,-1,-1,-0.01,-1,-1,-0.01,-1,-1
99926009,2026-05-18 12:12:04+05:30,53071.05,0,0.0,0,0.0,0.0,53282.15,53308.4,52783.45,53710.35,0,0.0,0.0,0.0,0.0,-0.01,-1,-1,-0.01,-1,-1,-0.01,-1,-1,-0.01,-1,-1,-0.01,-1,-1,-0.01,-1,-1,-0.01,-1,-1,-0.01,-1,-1,-0.01,-1,-1,-0.01,-1,-1
99926009,2026-05-18 12:12:04+05:30,53072.45,0,0.0,0,0.0,0.0,53282.15,53308.4,52783.45,53710.35,0,0.0,0.0,0.0,0.0,-0.01,-1,-1,-0.01,-1,-1,-0.01,-1,-1,-0.01,-1,-1,-0.01,-1,-1,-0.01,-1,-1,-0.01,-1,-1,-0.01,-1,-1,-0.01,-1,-1,-0.01,-1,-1
99926009,2026-05-18 12:12:05+05:30,53074.9,0,0.0,0,0.0,0.0,53282.15,53308.4,52783.45,53710.35,0,0.0,0.0,0.0,0.0,-0.01,-1,-1,-0.01,-1,-1,-0.01,-1,-1,-0.01,-1,-1,-0.01,-1,-1,-0.01,-1,-1,-0.01,-1,-1,-0.01,-1,-1,-0.01,-1,-1,-0.01,-1,-1
99926009,2026-05-18 12:12:05+05:30,53070.55,0,0.0,0,0.0,0.0,53282.15,53308.4,52783.45,53710.35,0,0.0,0.0,0.0,0.0,-0.01,-1,-1,-0.01,-1,-1,-0.01,-1,-1,-0.01,-1,-1,-0.01,-1,-1,-0.01,-1,-1,-0.01,-1,-1,-0.01,-1,-1,-0.01,-1,-1,-0.01,-1,-1
99926009,2026-05-18 12:12:06+05:30,53076.05,0,0.0,0,0.0,0.0,53282.15,53308.4,52783.45,53710.35,0,0.0,0.0,0.0,0.0,-0.01,-1,-1,-0.01,-1,-1,-0.01,-1,-1,-0.01,-1,-1,-0.01,-1,-1,-0.01,-1,-1,-0.01,-1,-1,-0.01,-1,-1,-0.01,-1,-1,-0.01,-1,-1
99926009,2026-05-18 12:12:06+05:30,53073.35,0,0.0,0,0.0,0.0,53282.15,53308.4,52783.45,53710.35,0,0.0,0.0,0.0,0.0,-0.01,-1,-1,-0.01,-1,-1,-0.01,-1,-1,-0.01,-1,-1,-0.01,-1,-1,-0.01,-1,-1,-0.01,-1,-1,-0.01,-1,-1,-0.01,-1,-1,-0.01,-1,-1
99926009,2026-05-18 12:12:07+05:30,53077.1,0,0.0,0,0.0,0.0,53282.15,53308.4,52783.45,53710.35,0,0.0,0.0,0.0,0.0,-0.01,-1,-1,-0.01,-1,-1,-0.01,-1,-1,-0.01,-1,-1,-0.01,-1,-1,-0.01,-1,-1,-0.01,-1,-1,-0.01,-1,-1,-0.01,-1,-1,-0.01,-1,-1
99926009,2026-05-18 12:12:07+05:30,53075.7,0,0.0,0,0.0,0.0,53282.15,53308.4,52783.45,53710.35,0,0.0,0.0,0.0,0.0,-0.01,-1,-1,-0.01,-1,-1,-0.01,-1,-1,-0.01,-1,-1,-0.01,-1,-1,-0.01,-1,-1,-0.01,-1,-1,-0.01,-1,-1,-0.01,-1,-1,-0.01,-1,-1
99926009,2026-05-18 12:12:08+05:30,53078.0,0,0.0,0,0.0,0.0,53282.15,53308.4,52783.45,53710.35,0,0.0,0.0,0.0,0.0,-0.01,-1,-1,-0.01,-1,-1,-0.01,-1,-1,-0.01,-1,-1,-0.01,-1,-1,-0.01,-1,-1,-0.01,-1,-1,-0.01,-1,-1,-0.01,-1,-1,-0.01,-1,-1
99926009,2026-05-18 12:12:08+05:30,53076.7,0,0.0,0,0.0,0.0,53282.15,53308.4,52783.45,53710.35,0,0.0,0.0,0.0,0.0,-0.01,-1,-1,-0.01,-1,-1,-0.01,-1,-1,-0.01,-1,-1,-0.01,-1,-1,-0.01,-1,-1,-0.01,-1,-1,-0.01,-1,-1,-0.01,-1,-1,-0.01,-1,-1
99926009,2026-05-18 12:12:09+05:30,53077.15,0,0.0,0,0.0,0.0,53282.15,53308.4,52783.45,53710.35,0,0.0,0.0,0.0,0.0,-0.01,-1,-1,-0.01,-1,-1,-0.01,-1,-1,-0.01,-1,-1,-0.01,-1,-1,-0.01,-1,-1,-0.01,-1,-1,-0.01,-1,-1,-0.01,-1,-1,-0.01,-1,-1
99926009,2026-05-18 12:12:09+05:30,53075.95,0,0.0,0,0.0,0.0,53282.15,53308.4,52783.45,53710.35,0,0.0,0.0,0.0,0.0,-0.01,-1,-1,-0.01,-1,-1,-0.01,-1,-1,-0.01,-1,-1,-0.01,-1,-1,-0.01,-1,-1,-0.01,-1,-1,-0.01,-1,-1,-0.01,-1,-1,-0.01,-1,-1
99926009,2026-05-18 12:12:10+05:30,53075.95,0,0.0,0,0.0,0.0,53282.15,53308.4,52783.45,53710.35,0,0.0,0.0,0.0,0.0,-0.01,-1,-1,-0.01,-1,-1,-0.01,-1,-1,-0.01,-1,-1,-0.01,-1,-1,-0.01,-1,-1,-0.01,-1,-1,-0.01,-1,-1,-0.01,-1,-1,-0.01,-1,-1
99926009,2026-05-18 12:12:10+05:30,53075.35,0,0.0,0,0.0,0.0,53282.15,53308.4,52783.45,53710.35,0,0.0,0.0,0.0,0.0,-0.01,-1,-1,-0.01,-1,-1,-0.01,-1,-1,-0.01,-1,-1,-0.01,-1,-1,-0.01,-1,-1,-0.01,-1,-1,-0.01,-1,-1,-0.01,-1,-1,-0.01,-1,-1
99926009,2026-05-18 12:12:11+05:30,53074.95,0,0.0,0,0.0,0.0,53282.15,53308.4,52783.45,53710.35,0,0.0,0.0,0.0,0.0,-0.01,-1,-1,-0.01,-1,-1,-0.01,-1,-1,-0.01,-1,-1,-0.01,-1,-1,-0.01,-1,-1,-0.01,-1,-1,-0.01,-1,-1,-0.01,-1,-1,-0.01,-1,-1
99926009,2026-05-18 12:12:11+05:30,53069.55,0,0.0,0,0.0,0.0,53282.15,53308.4,52783.45,53710.35,0,0.0,0.0,0.0,0.0,-0.01,-1,-1,-0.01,-1,-1,-0.01,-1,-1,-0.01,-1,-1,-0.01,-1,-1,-0.01,-1,-1,-0.01,-1,-1,-0.01,-1,-1,-0.01,-1,-1,-0.01,-1,-1
99926009,2026-05-18 12:12:12+05:30,53067.35,0,0.0,0,0.0,0.0,53282.15,53308.4,52783.45,53710.35,0,0.0,0.0,0.0,0.0,-0.01,-1,-1,-0.01,-1,-1,-0.01,-1,-1,-0.01,-1,-1,-0.01,-1,-1,-0.01,-1,-1,-0.01,-1,-1,-0.01,-1,-1,-0.01,-1,-1,-0.01,-1,-1
99926009,2026-05-18 12:12:12+05:30,53068.95,0,0.0,0,0.0,0.0,53282.15,53308.4,52783.45,53710.35,0,0.0,0.0,0.0,0.0,-0.01,-1,-1,-0.01,-1,-1,-0.01,-1,-1,-0.01,-1,-1,-0.01,-1,-1,-0.01,-1,-1,-0.01,-1,-1,-0.01,-1,-1,-0.01,-1,-1,-0.01,-1,-1
99926009,2026-05-18 12:12:13+05:30,53067.5,0,0.0,0,0.0,0.0,53282.15,53308.4,52783.45,53710.35,0,0.0,0.0,0.0,0.0,-0.01,-1,-1,-0.01,-1,-1,-0.01,-1,-1,-0.01,-1,-1,-0.01,-1,-1,-0.01,-1,-1,-0.01,-1,-1,-0.01,-1,-1,-0.01,-1,-1,-0.01,-1,-1
99926009,2026-05-18 12:12:13+05:30,53061.55,0,0.0,0,0.0,0.0,53282.15,53308.4,52783.45,53710.35,0,0.0,0.0,0.0,0.0,-0.01,-1,-1,-0.01,-1,-1,-0.01,-1,-1,-0.01,-1,-1,-0.01,-1,-1,-0.01,-1,-1,-0.01,-1,-1,-0.01,-1,-1,-0.01,-1,-1,-0.01,-1,-1
99926009,2026-05-18 12:12:14+05:30,53067.7,0,0.0,0,0.0,0.0,53282.15,53308.4,52783.45,53710.35,0,0.0,0.0,0.0,0.0,-0.01,-1,-1,-0.01,-1,-1,-0.01,-1,-1,-0.01,-1,-1,-0.01,-1,-1,-0.01,-1,-1,-0.01,-1,-1,-0.01,-1,-1,-0.01,-1,-1,-0.01,-1,-1
99926009,2026-05-18 12:12:14+05:30,53067.05,0,0.0,0,0.0,0.0,53282.15,53308.4,52783.45,53710.35,0,0.0,0.0,0.0,0.0,-0.01,-1,-1,-0.01,-1,-1,-0.01,-1,-1,-0.01,-1,-1,-0.01,-1,-1,-0.01,-1,-1,-0.01,-1,-1,-0.01,-1,-1,-0.01,-1,-1,-0.01,-1,-1
99926009,2026-05-18 12:12:15+05:30,53066.0,0,0.0,0,0.0,0.0,53282.15,53308.4,52783.45,53710.35,0,0.0,0.0,0.0,0.0,-0.01,-1,-1,-0.01,-1,-1,-0.01,-1,-1,-0.01,-1,-1,-0.01,-1,-1,-0.01,-1,-1,-0.01,-1,-1,-0.01,-1,-1,-0.01,-1,-1,-0.01,-1,-1
99926009,2026-05-18 12:12:15+05:30,53065.9,0,0.0,0,0.0,0.0,53282.15,53308.4,52783.45,53710.35,0,0.0,0.0,0.0,0.0,-0.01,-1,-1,-0.01,-1,-1,-0.01,-1,-1,-0.01,-1,-1,-0.01,-1,-1,-0.01,-1,-1,-0.01,-1,-1,-0.01,-1,-1,-0.01,-1,-1,-0.01,-1,-1
99926009,2026-05-18 12:12:16+05:30,53066.35,0,0.0,0,0.0,0.0,53282.15,53308.4,52783.45,53710.35,0,0.0,0.0,0.0,0.0,-0.01,-1,-1,-0.01,-1,-1,-0.01,-1,-1,-0.01,-1,-1,-0.01,-1,-1,-0.01,-1,-1,-0.01,-1,-1,-0.01,-1,-1,-0.01,-1,-1,-0.01,-1,-1
99926009,2026-05-18 12:12:16+05:30,53067.55,0,0.0,0,0.0,0.0,53282.15,53308.4,52783.45,53710.35,0,0.0,0.0,0.0,0.0,-0.01,-1,-1,-0.01,-1,-1,-0.01,-1,-1,-0.01,-1,-1,-0.01,-1,-1,-0.01,-1,-1,-0.01,-1,-1,-0.01,-1,-1,-0.01,-1,-1,-0.01,-1,-1
99926009,2026-05-18 12:12:17+05:30,53069.25,0,0.0,0,0.0,0.0,53282.15,53308.4,52783.45,53710.35,0,0.0,0.0,0.0,0.0,-0.01,-1,-1,-0.01,-1,-1,-0.01,-1,-1,-0.01,-1,-1,-0.01,-1,-1,-0.01,-1,-1,-0.01,-1,-1,-0.01,-1,-1,-0.01,-1,-1,-0.01,-1,-1
99926009,2026-05-18 12:12:17+05:30,53067.75,0,0.0,0,0.0,0.0,53282.15,53308.4,52783.45,53710.35,0,0.0,0.0,0.0,0.0,-0.01,-1,-1,-0.01,-1,-1,-0.01,-1,-1,-0.01,-1,-1,-0.01,-1,-1,-0.01,-1,-1,-0.01,-1,-1,-0.01,-1,-1,-0.01,-1,-1,-0.01,-1,-1
99926009,2026-05-18 12:12:18+05:30,53067.3,0,0.0,0,0.0,0.0,53282.15,53308.4,52783.45,53710.35,0,0.0,0.0,0.0,0.0,-0.01,-1,-1,-0.01,-1,-1,-0.01,-1,-1,-0.01,-1,-1,-0.01,-1,-1,-0.01,-1,-1,-0.01,-1,-1,-0.01,-1,-1,-0.01,-1,-1,-0.01,-1,-1
99926009,2026-05-18 12:12:18+05:30,53067.15,0,0.0,0,0.0,0.0,53282.15,53308.4,52783.45,53710.35,0,0.0,0.0,0.0,0.0,-0.01,-1,-1,-0.01,-1,-1,-0.01,-1,-1,-0.01,-1,-1,-0.01,-1,-1,-0.01,-1,-1,-0.01,-1,-1,-0.01,-1,-1,-0.01,-1,-1,-0.01,-1,-1
99926009,2026-05-18 12:12:19+05:30,53060.15,0,0.0,0,0.0,0.0,53282.15,53308.4,52783.45,53710.35,0,0.0,0.0,0.0,0.0,-0.01,-1,-1,-0.01,-1,-1,-0.01,-1,-1,-0.01,-1,-1,-0.01,-1,-1,-0.01,-1,-1,-0.01,-1,-1,-0.01,-1,-1,-0.01,-1,-1,-0.01,-1,-1
99926009,2026-05-18 12:12:19+05:30,53062.25,0,0.0,0,0.0,0.0,53282.15,53308.4,52783.45,53710.35,0,0.0,0.0,0.0,0.0,-0.01,-1,-1,-0.01,-1,-1,-0.01,-1,-1,-0.01,-1,-1,-0.01,-1,-1,-0.01,-1,-1,-0.01,-1,-1,-0.01,-1,-1,-0.01,-1,-1,-0.01,-1,-1
99926009,2026-05-18 12:12:20+05:30,53065.25,0,0.0,0,0.0,0.0,53282.15,53308.4,52783.45,53710.35,0,0.0,0.0,0.0,0.0,-0.01,-1,-1,-0.01,-1,-1,-0.01,-1,-1,-0.01,-1,-1,-0.01,-1,-1,-0.01,-1,-1,-0.01,-1,-1,-0.01,-1,-1,-0.01,-1,-1,-0.01,-1,-1
99926009,2026-05-18 12:12:20+05:30,53064.0,0,0.0,0,0.0,0.0,53282.15,53308.4,52783.45,53710.35,0,0.0,0.0,0.0,0.0,-0.01,-1,-1,-0.01,-1,-1,-0.01,-1,-1,-0.01,-1,-1,-0.01,-1,-1,-0.01,-1,-1,-0.01,-1,-1,-0.01,-1,-1,-0.01,-1,-1,-0.01,-1,-1
99926009,2026-05-18 12:12:21+05:30,53066.15,0,0.0,0,0.0,0.0,53282.15,53308.4,52783.45,53710.35,0,0.0,0.0,0.0,0.0,-0.01,-1,-1,-0.01,-1,-1,-0.01,-1,-1,-0.01,-1,-1,-0.01,-1,-1,-0.01,-1,-1,-0.01,-1,-1,-0.01,-1,-1,-0.01,-1,-1,-0.01,-1,-1
99926009,2026-05-18 12:12:21+05:30,53066.45,0,0.0,0,0.0,0.0,53282.15,53308.4,52783.45,53710.35,0,0.0,0.0,0.0,0.0,-0.01,-1,-1,-0.01,-1,-1,-0.01,-1,-1,-0.01,-1,-1,-0.01,-1,-1,-0.01,-1,-1,-0.01,-1,-1,-0.01,-1,-1,-0.01,-1,-1,-0.01,-1,-1
99926009,2026-05-18 12:12:22+05:30,53065.35,0,0.0,0,0.0,0.0,53282.15,53308.4,52783.45,53710.35,0,0.0,0.0,0.0,0.0,-0.01,-1,-1,-0.01,-1,-1,-0.01,-1,-1,-0.01,-1,-1,-0.01,-1,-1,-0.01,-1,-1,-0.01,-1,-1,-0.01,-1,-1,-0.01,-1,-1,-0.01,-1,-1
99926009,2026-05-18 12:12:22+05:30,53064.0,0,0.0,0,0.0,0.0,53282.15,53308.4,52783.45,53710.35,0,0.0,0.0,0.0,0.0,-0.01,-1,-1,-0.01,-1,-1,-0.01,-1,-1,-0.01,-1,-1,-0.01,-1,-1,-0.01,-1,-1,-0.01,-1,-1,-0.01,-1,-1,-0.01,-1,-1,-0.01,-1,-1
99926009,2026-05-18 12:12:23+05:30,53065.45,0,0.0,0,0.0,0.0,53282.15,53308.4,52783.45,53710.35,0,0.0,0.0,0.0,0.0,-0.01,-1,-1,-0.01,-1,-1,-0.01,-1,-1,-0.01,-1,-1,-0.01,-1,-1,-0.01,-1,-1,-0.01,-1,-1,-0.01,-1,-1,-0.01,-1,-1,-0.01,-1,-1
99926009,2026-05-18 12:12:23+05:30,53063.75,0,0.0,0,0.0,0.0,53282.15,53308.4,52783.45,53710.35,0,0.0,0.0,0.0,0.0,-0.01,-1,-1,-0.01,-1,-1,-0.01,-1,-1,-0.01,-1,-1,-0.01,-1,-1,-0.01,-1,-1,-0.01,-1,-1,-0.01,-1,-1,-0.01,-1,-1,-0.01,-1,-1
99926009,2026-05-18 12:12:24+05:30,53064.95,0,0.0,0,0.0,0.0,53282.15,53308.4,52783.45,53710.35,0,0.0,0.0,0.0,0.0,-0.01,-1,-1,-0.01,-1,-1,-0.01,-1,-1,-0.01,-1,-1,-0.01,-1,-1,-0.01,-1,-1,-0.01,-1,-1,-0.01,-1,-1,-0.01,-1,-1,-0.01,-1,-1
99926009,2026-05-18 12:12:24+05:30,53067.45,0,0.0,0,0.0,0.0,53282.15,53308.4,52783.45,53710.35,0,0.0,0.0,0.0,0.0,-0.01,-1,-1,-0.01,-1,-1,-0.01,-1,-1,-0.01,-1,-1,-0.01,-1,-1,-0.01,-1,-1,-0.01,-1,-1,-0.01,-1,-1,-0.01,-1,-1,-0.01,-1,-1
99926009,2026-05-18 12:12:25+05:30,53070.8,0,0.0,0,0.0,0.0,53282.15,53308.4,52783.45,53710.35,0,0.0,0.0,0.0,0.0,-0.01,-1,-1,-0.01,-1,-1,-0.01,-1,-1,-0.01,-1,-1,-0.01,-1,-1,-0.01,-1,-1,-0.01,-1,-1,-0.01,-1,-1,-0.01,-1,-1,-0.01,-1,-1
99926009,2026-05-18 12:12:25+05:30,53069.5,0,0.0,0,0.0,0.0,53282.15,53308.4,52783.45,53710.35,0,0.0,0.0,0.0,0.0,-0.01,-1,-1,-0.01,-1,-1,-0.01,-1,-1,-0.01,-1,-1,-0.01,-1,-1,-0.01,-1,-1,-0.01,-1,-1,-0.01,-1,-1,-0.01,-1,-1,-0.01,-1,-1
99926009,2026-05-18 12:12:26+05:30,53069.55,0,0.0,0,0.0,0.0,53282.15,53308.4,52783.45,53710.35,0,0.0,0.0,0.0,0.0,-0.01,-1,-1,-0.01,-1,-1,-0.01,-1,-1,-0.01,-1,-1,-0.01,-1,-1,-0.01,-1,-1,-0.01,-1,-1,-0.01,-1,-1,-0.01,-1,-1,-0.01,-1,-1
99926009,2026-05-18 12:12:26+05:30,53062.2,0,0.0,0,0.0,0.0,53282.15,53308.4,52783.45,53710.35,0,0.0,0.0,0.0,0.0,-0.01,-1,-1,-0.01,-1,-1,-0.01,-1,-1,-0.01,-1,-1,-0.01,-1,-1,-0.01,-1,-1,-0.01,-1,-1,-0.01,-1,-1,-0.01,-1,-1,-0.01,-1,-1
99926009,2026-05-18 12:12:27+05:30,53065.85,0,0.0,0,0.0,0.0,53282.15,53308.4,52783.45,53710.35,0,0.0,0.0,0.0,0.0,-0.01,-1,-1,-0.01,-1,-1,-0.01,-1,-1,-0.01,-1,-1,-0.01,-1,-1,-0.01,-1,-1,-0.01,-1,-1,-0.01,-1,-1,-0.01,-1,-1,-0.01,-1,-1
99926009,2026-05-18 12:12:27+05:30,53067.05,0,0.0,0,0.0,0.0,53282.15,53308.4,52783.45,53710.35,0,0.0,0.0,0.0,0.0,-0.01,-1,-1,-0.01,-1,-1,-0.01,-1,-1,-0.01,-1,-1,-0.01,-1,-1,-0.01,-1,-1,-0.01,-1,-1,-0.01,-1,-1,-0.01,-1,-1,-0.01,-1,-1
99926009,2026-05-18 12:12:28+05:30,53067.75,0,0.0,0,0.0,0.0,53282.15,53308.4,52783.45,53710.35,0,0.0,0.0,0.0,0.0,-0.01,-1,-1,-0.01,-1,-1,-0.01,-1,-1,-0.01,-1,-1,-0.01,-1,-1,-0.01,-1,-1,-0.01,-1,-1,-0.01,-1,-1,-0.01,-1,-1,-0.01,-1,-1
99926009,2026-05-18 12:12:28+05:30,53067.65,0,0.0,0,0.0,0.0,53282.15,53308.4,52783.45,53710.35,0,0.0,0.0,0.0,0.0,-0.01,-1,-1,-0.01,-1,-1,-0.01,-1,-1,-0.01,-1,-1,-0.01,-1,-1,-0.01,-1,-1,-0.01,-1,-1,-0.01,-1,-1,-0.01,-1,-1,-0.01,-1,-1
99926009,2026-05-18 12:12:29+05:30,53069.05,0,0.0,0,0.0,0.0,53282.15,53308.4,52783.45,53710.35,0,0.0,0.0,0.0,0.0,-0.01,-1,-1,-0.01,-1,-1,-0.01,-1,-1,-0.01,-1,-1,-0.01,-1,-1,-0.01,-1,-1,-0.01,-1,-1,-0.01,-1,-1,-0.01,-1,-1,-0.01,-1,-1
99926009,2026-05-18 12:12:29+05:30,53068.75,0,0.0,0,0.0,0.0,53282.15,53308.4,52783.45,53710.35,0,0.0,0.0,0.0,0.0,-0.01,-1,-1,-0.01,-1,-1,-0.01,-1,-1,-0.01,-1,-1,-0.01,-1,-1,-0.01,-1,-1,-0.01,-1,-1,-0.01,-1,-1,-0.01,-1,-1,-0.01,-1,-1
99926009,2026-05-18 12:12:30+05:30,53069.7,0,0.0,0,0.0,0.0,53282.15,53308.4,52783.45,53710.35,0,0.0,0.0,0.0,0.0,-0.01,-1,-1,-0.01,-1,-1,-0.01,-1,-1,-0.01,-1,-1,-0.01,-1,-1,-0.01,-1,-1,-0.01,-1,-1,-0.01,-1,-1,-0.01,-1,-1,-0.01,-1,-1
99926009,2026-05-18 12:12:30+05:30,53069.4,0,0.0,0,0.0,0.0,53282.15,53308.4,52783.45,53710.35,0,0.0,0.0,0.0,0.0,-0.01,-1,-1,-0.01,-1,-1,-0.01,-1,-1,-0.01,-1,-1,-0.01,-1,-1,-0.01,-1,-1,-0.01,-1,-1,-0.01,-1,-1,-0.01,-1,-1,-0.01,-1,-1
99926009,2026-05-18 12:12:31+05:30,53068.75,0,0.0,0,0.0,0.0,53282.15,53308.4,52783.45,53710.35,0,0.0,0.0,0.0,0.0,-0.01,-1,-1,-0.01,-1,-1,-0.01,-1,-1,-0.01,-1,-1,-0.01,-1,-1,-0.01,-1,-1,-0.01,-1,-1,-0.01,-1,-1,-0.01,-1,-1,-0.01,-1,-1
99926009,2026-05-18 12:12:31+05:30,53067.4,0,0.0,0,0.0,0.0,53282.15,53308.4,52783.45,53710.35,0,0.0,0.0,0.0,0.0,-0.01,-1,-1,-0.01,-1,-1,-0.01,-1,-1,-0.01,-1,-1,-0.01,-1,-1,-0.01,-1,-1,-0.01,-1,-1,-0.01,-1,-1,-0.01,-1,-1,-0.01,-1,-1
99926009,2026-05-18 12:12:32+05:30,53073.5,0,0.0,0,0.0,0.0,53282.15,53308.4,52783.45,53710.35,0,0.0,0.0,0.0,0.0,-0.01,-1,-1,-0.01,-1,-1,-0.01,-1,-1,-0.01,-1,-1,-0.01,-1,-1,-0.01,-1,-1,-0.01,-1,-1,-0.01,-1,-1,-0.01,-1,-1,-0.01,-1,-1
99926009,2026-05-18 12:12:32+05:30,53071.65,0,0.0,0,0.0,0.0,53282.15,53308.4,52783.45,53710.35,0,0.0,0.0,0.0,0.0,-0.01,-1,-1,-0.01,-1,-1,-0.01,-1,-1,-0.01,-1,-1,-0.01,-1,-1,-0.01,-1,-1,-0.01,-1,-1,-0.01,-1,-1,-0.01,-1,-1,-0.01,-1,-1
99926009,2026-05-18 12:12:33+05:30,53069.55,0,0.0,0,0.0,0.0,53282.15,53308.4,52783.45,53710.35,0,0.0,0.0,0.0,0.0,-0.01,-1,-1,-0.01,-1,-1,-0.01,-1,-1,-0.01,-1,-1,-0.01,-1,-1,-0.01,-1,-1,-0.01,-1,-1,-0.01,-1,-1,-0.01,-1,-1,-0.01,-1,-1
99926009,2026-05-18 12:12:33+05:30,53074.1,0,0.0,0,0.0,0.0,53282.15,53308.4,52783.45,53710.35,0,0.0,0.0,0.0,0.0,-0.01,-1,-1,-0.01,-1,-1,-0.01,-1,-1,-0.01,-1,-1,-0.01,-1,-1,-0.01,-1,-1,-0.01,-1,-1,-0.01,-1,-1,-0.01,-1,-1,-0.01,-1,-1
99926009,2026-05-18 12:12:34+05:30,53072.85,0,0.0,0,0.0,0.0,53282.15,53308.4,52783.45,53710.35,0,0.0,0.0,0.0,0.0,-0.01,-1,-1,-0.01,-1,-1,-0.01,-1,-1,-0.01,-1,-1,-0.01,-1,-1,-0.01,-1,-1,-0.01,-1,-1,-0.01,-1,-1,-0.01,-1,-1,-0.01,-1,-1
99926009,2026-05-18 12:12:34+05:30,53076.55,0,0.0,0,0.0,0.0,53282.15,53308.4,52783.45,53710.35,0,0.0,0.0,0.0,0.0,-0.01,-1,-1,-0.01,-1,-1,-0.01,-1,-1,-0.01,-1,-1,-0.01,-1,-1,-0.01,-1,-1,-0.01,-1,-1,-0.01,-1,-1,-0.01,-1,-1,-0.01,-1,-1
99926009,2026-05-18 12:12:35+05:30,53075.85,0,0.0,0,0.0,0.0,53282.15,53308.4,52783.45,53710.35,0,0.0,0.0,0.0,0.0,-0.01,-1,-1,-0.01,-1,-1,-0.01,-1,-1,-0.01,-1,-1,-0.01,-1,-1,-0.01,-1,-1,-0.01,-1,-1,-0.01,-1,-1,-0.01,-1,-1,-0.01,-1,-1
99926009,2026-05-18 12:12:35+05:30,53074.85,0,0.0,0,0.0,0.0,53282.15,53308.4,52783.45,53710.35,0,0.0,0.0,0.0,0.0,-0.01,-1,-1,-0.01,-1,-1,-0.01,-1,-1,-0.01,-1,-1,-0.01,-1,-1,-0.01,-1,-1,-0.01,-1,-1,-0.01,-1,-1,-0.01,-1,-1,-0.01,-1,-1
99926009,2026-05-18 12:12:36+05:30,53076.8,0,0.0,0,0.0,0.0,53282.15,53308.4,52783.45,53710.35,0,0.0,0.0,0.0,0.0,-0.01,-1,-1,-0.01,-1,-1,-0.01,-1,-1,-0.01,-1,-1,-0.01,-1,-1,-0.01,-1,-1,-0.01,-1,-1,-0.01,-1,-1,-0.01,-1,-1,-0.01,-1,-1
99926009,2026-05-18 12:12:36+05:30,53073.65,0,0.0,0,0.0,0.0,53282.15,53308.4,52783.45,53710.35,0,0.0,0.0,0.0,0.0,-0.01,-1,-1,-0.01,-1,-1,-0.01,-1,-1,-0.01,-1,-1,-0.01,-1,-1,-0.01,-1,-1,-0.01,-1,-1,-0.01,-1,-1,-0.01,-1,-1,-0.01,-1,-1
99926009,2026-05-18 12:12:37+05:30,53076.45,0,0.0,0,0.0,0.0,53282.15,53308.4,52783.45,53710.35,0,0.0,0.0,0.0,0.0,-0.01,-1,-1,-0.01,-1,-1,-0.01,-1,-1,-0.01,-1,-1,-0.01,-1,-1,-0.01,-1,-1,-0.01,-1,-1,-0.01,-1,-1,-0.01,-1,-1,-0.01,-1,-1
99926009,2026-05-18 12:12:37+05:30,53075.05,0,0.0,0,0.0,0.0,53282.15,53308.4,52783.45,53710.35,0,0.0,0.0,0.0,0.0,-0.01,-1,-1,-0.01,-1,-1,-0.01,-1,-1,-0.01,-1,-1,-0.01,-1,-1,-0.01,-1,-1,-0.01,-1,-1,-0.01,-1,-1,-0.01,-1,-1,-0.01,-1,-1
99926009,2026-05-18 12:12:38+05:30,53074.0,0,0.0,0,0.0,0.0,53282.15,53308.4,52783.45,53710.35,0,0.0,0.0,0.0,0.0,-0.01,-1,-1,-0.01,-1,-1,-0.01,-1,-1,-0.01,-1,-1,-0.01,-1,-1,-0.01,-1,-1,-0.01,-1,-1,-0.01,-1,-1,-0.01,-1,-1,-0.01,-1,-1
99926009,2026-05-18 12:12:38+05:30,53072.7,0,0.0,0,0.0,0.0,53282.15,53308.4,52783.45,53710.35,0,0.0,0.0,0.0,0.0,-0.01,-1,-1,-0.01,-1,-1,-0.01,-1,-1,-0.01,-1,-1,-0.01,-1,-1,-0.01,-1,-1,-0.01,-1,-1,-0.01,-1,-1,-0.01,-1,-1,-0.01,-1,-1
99926009,2026-05-18 12:12:39+05:30,53073.2,0,0.0,0,0.0,0.0,53282.15,53308.4,52783.45,53710.35,0,0.0,0.0,0.0,0.0,-0.01,-1,-1,-0.01,-1,-1,-0.01,-1,-1,-0.01,-1,-1,-0.01,-1,-1,-0.01,-1,-1,-0.01,-1,-1,-0.01,-1,-1,-0.01,-1,-1,-0.01,-1,-1
99926009,2026-05-18 12:12:39+05:30,53073.15,0,0.0,0,0.0,0.0,53282.15,53308.4,52783.45,53710.35,0,0.0,0.0,0.0,0.0,-0.01,-1,-1,-0.01,-1,-1,-0.01,-1,-1,-0.01,-1,-1,-0.01,-1,-1,-0.01,-1,-1,-0.01,-1,-1,-0.01,-1,-1,-0.01,-1,-1,-0.01,-1,-1
99926009,2026-05-18 12:12:40+05:30,53076.5,0,0.0,0,0.0,0.0,53282.15,53308.4,52783.45,53710.35,0,0.0,0.0,0.0,0.0,-0.01,-1,-1,-0.01,-1,-1,-0.01,-1,-1,-0.01,-1,-1,-0.01,-1,-1,-0.01,-1,-1,-0.01,-1,-1,-0.01,-1,-1,-0.01,-1,-1,-0.01,-1,-1
99926009,2026-05-18 12:12:40+05:30,53074.9,0,0.0,0,0.0,0.0,53282.15,53308.4,52783.45,53710.35,0,0.0,0.0,0.0,0.0,-0.01,-1,-1,-0.01,-1,-1,-0.01,-1,-1,-0.01,-1,-1,-0.01,-1,-1,-0.01,-1,-1,-0.01,-1,-1,-0.01,-1,-1,-0.01,-1,-1,-0.01,-1,-1
99926009,2026-05-18 12:12:41+05:30,53079.35,0,0.0,0,0.0,0.0,53282.15,53308.4,52783.45,53710.35,0,0.0,0.0,0.0,0.0,-0.01,-1,-1,-0.01,-1,-1,-0.01,-1,-1,-0.01,-1,-1,-0.01,-1,-1,-0.01,-1,-1,-0.01,-1,-1,-0.01,-1,-1,-0.01,-1,-1,-0.01,-1,-1
99926009,2026-05-18 12:12:41+05:30,53082.75,0,0.0,0,0.0,0.0,53282.15,53308.4,52783.45,53710.35,0,0.0,0.0,0.0,0.0,-0.01,-1,-1,-0.01,-1,-1,-0.01,-1,-1,-0.01,-1,-1,-0.01,-1,-1,-0.01,-1,-1,-0.01,-1,-1,-0.01,-1,-1,-0.01,-1,-1,-0.01,-1,-1
99926009,2026-05-18 12:12:42+05:30,53084.05,0,0.0,0,0.0,0.0,53282.15,53308.4,52783.45,53710.35,0,0.0,0.0,0.0,0.0,-0.01,-1,-1,-0.01,-1,-1,-0.01,-1,-1,-0.01,-1,-1,-0.01,-1,-1,-0.01,-1,-1,-0.01,-1,-1,-0.01,-1,-1,-0.01,-1,-1,-0.01,-1,-1
99926009,2026-05-18 12:12:42+05:30,53083.95,0,0.0,0,0.0,0.0,53282.15,53308.4,52783.45,53710.35,0,0.0,0.0,0.0,0.0,-0.01,-1,-1,-0.01,-1,-1,-0.01,-1,-1,-0.01,-1,-1,-0.01,-1,-1,-0.01,-1,-1,-0.01,-1,-1,-0.01,-1,-1,-0.01,-1,-1,-0.01,-1,-1
99926009,2026-05-18 12:12:43+05:30,53083.45,0,0.0,0,0.0,0.0,53282.15,53308.4,52783.45,53710.35,0,0.0,0.0,0.0,0.0,-0.01,-1,-1,-0.01,-1,-1,-0.01,-1,-1,-0.01,-1,-1,-0.01,-1,-1,-0.01,-1,-1,-0.01,-1,-1,-0.01,-1,-1,-0.01,-1,-1,-0.01,-1,-1
99926009,2026-05-18 12:12:43+05:30,53083.85,0,0.0,0,0.0,0.0,53282.15,53308.4,52783.45,53710.35,0,0.0,0.0,0.0,0.0,-0.01,-1,-1,-0.01,-1,-1,-0.01,-1,-1,-0.01,-1,-1,-0.01,-1,-1,-0.01,-1,-1,-0.01,-1,-1,-0.01,-1,-1,-0.01,-1,-1,-0.01,-1,-1
99926009,2026-05-18 12:12:44+05:30,53083.5,0,0.0,0,0.0,0.0,53282.15,53308.4,52783.45,53710.35,0,0.0,0.0,0.0,0.0,-0.01,-1,-1,-0.01,-1,-1,-0.01,-1,-1,-0.01,-1,-1,-0.01,-1,-1,-0.01,-1,-1,-0.01,-1,-1,-0.01,-1,-1,-0.01,-1,-1,-0.01,-1,-1
99926009,2026-05-18 12:12:44+05:30,53084.4,0,0.0,0,0.0,0.0,53282.15,53308.4,52783.45,53710.35,0,0.0,0.0,0.0,0.0,-0.01,-1,-1,-0.01,-1,-1,-0.01,-1,-1,-0.01,-1,-1,-0.01,-1,-1,-0.01,-1,-1,-0.01,-1,-1,-0.01,-1,-1,-0.01,-1,-1,-0.01,-1,-1
99926009,2026-05-18 12:12:45+05:30,53087.2,0,0.0,0,0.0,0.0,53282.15,53308.4,52783.45,53710.35,0,0.0,0.0,0.0,0.0,-0.01,-1,-1,-0.01,-1,-1,-0.01,-1,-1,-0.01,-1,-1,-0.01,-1,-1,-0.01,-1,-1,-0.01,-1,-1,-0.01,-1,-1,-0.01,-1,-1,-0.01,-1,-1
99926009,2026-05-18 12:12:45+05:30,53085.9,0,0.0,0,0.0,0.0,53282.15,53308.4,52783.45,53710.35,0,0.0,0.0,0.0,0.0,-0.01,-1,-1,-0.01,-1,-1,-0.01,-1,-1,-0.01,-1,-1,-0.01,-1,-1,-0.01,-1,-1,-0.01,-1,-1,-0.01,-1,-1,-0.01,-1,-1,-0.01,-1,-1
99926009,2026-05-18 12:12:46+05:30,53089.75,0,0.0,0,0.0,0.0,53282.15,53308.4,52783.45,53710.35,0,0.0,0.0,0.0,0.0,-0.01,-1,-1,-0.01,-1,-1,-0.01,-1,-1,-0.01,-1,-1,-0.01,-1,-1,-0.01,-1,-1,-0.01,-1,-1,-0.01,-1,-1,-0.01,-1,-1,-0.01,-1,-1
99926009,2026-05-18 12:12:46+05:30,53083.25,0,0.0,0,0.0,0.0,53282.15,53308.4,52783.45,53710.35,0,0.0,0.0,0.0,0.0,-0.01,-1,-1,-0.01,-1,-1,-0.01,-1,-1,-0.01,-1,-1,-0.01,-1,-1,-0.01,-1,-1,-0.01,-1,-1,-0.01,-1,-1,-0.01,-1,-1,-0.01,-1,-1
99926009,2026-05-18 12:12:47+05:30,53082.95,0,0.0,0,0.0,0.0,53282.15,53308.4,52783.45,53710.35,0,0.0,0.0,0.0,0.0,-0.01,-1,-1,-0.01,-1,-1,-0.01,-1,-1,-0.01,-1,-1,-0.01,-1,-1,-0.01,-1,-1,-0.01,-1,-1,-0.01,-1,-1,-0.01,-1,-1,-0.01,-1,-1
99926009,2026-05-18 12:12:47+05:30,53084.4,0,0.0,0,0.0,0.0,53282.15,53308.4,52783.45,53710.35,0,0.0,0.0,0.0,0.0,-0.01,-1,-1,-0.01,-1,-1,-0.01,-1,-1,-0.01,-1,-1,-0.01,-1,-1,-0.01,-1,-1,-0.01,-1,-1,-0.01,-1,-1,-0.01,-1,-1,-0.01,-1,-1
99926009,2026-05-18 12:12:48+05:30,53082.7,0,0.0,0,0.0,0.0,53282.15,53308.4,52783.45,53710.35,0,0.0,0.0,0.0,0.0,-0.01,-1,-1,-0.01,-1,-1,-0.01,-1,-1,-0.01,-1,-1,-0.01,-1,-1,-0.01,-1,-1,-0.01,-1,-1,-0.01,-1,-1,-0.01,-1,-1,-0.01,-1,-1
99926009,2026-05-18 12:12:48+05:30,53083.15,0,0.0,0,0.0,0.0,53282.15,53308.4,52783.45,53710.35,0,0.0,0.0,0.0,0.0,-0.01,-1,-1,-0.01,-1,-1,-0.01,-1,-1,-0.01,-1,-1,-0.01,-1,-1,-0.01,-1,-1,-0.01,-1,-1,-0.01,-1,-1,-0.01,-1,-1,-0.01,-1,-1
99926009,2026-05-18 12:12:49+05:30,53082.6,0,0.0,0,0.0,0.0,53282.15,53308.4,52783.45,53710.35,0,0.0,0.0,0.0,0.0,-0.01,-1,-1,-0.01,-1,-1,-0.01,-1,-1,-0.01,-1,-1,-0.01,-1,-1,-0.01,-1,-1,-0.01,-1,-1,-0.01,-1,-1,-0.01,-1,-1,-0.01,-1,-1
99926009,2026-05-18 12:12:49+05:30,53086.8,0,0.0,0,0.0,0.0,53282.15,53308.4,52783.45,53710.35,0,0.0,0.0,0.0,0.0,-0.01,-1,-1,-0.01,-1,-1,-0.01,-1,-1,-0.01,-1,-1,-0.01,-1,-1,-0.01,-1,-1,-0.01,-1,-1,-0.01,-1,-1,-0.01,-1,-1,-0.01,-1,-1
99926009,2026-05-18 12:12:50+05:30,53090.9,0,0.0,0,0.0,0.0,53282.15,53308.4,52783.45,53710.35,0,0.0,0.0,0.0,0.0,-0.01,-1,-1,-0.01,-1,-1,-0.01,-1,-1,-0.01,-1,-1,-0.01,-1,-1,-0.01,-1,-1,-0.01,-1,-1,-0.01,-1,-1,-0.01,-1,-1,-0.01,-1,-1
99926009,2026-05-18 12:12:50+05:30,53087.35,0,0.0,0,0.0,0.0,53282.15,53308.4,52783.45,53710.35,0,0.0,0.0,0.0,0.0,-0.01,-1,-1,-0.01,-1,-1,-0.01,-1,-1,-0.01,-1,-1,-0.01,-1,-1,-0.01,-1,-1,-0.01,-1,-1,-0.01,-1,-1,-0.01,-1,-1,-0.01,-1,-1
99926009,2026-05-18 12:12:51+05:30,53090.3,0,0.0,0,0.0,0.0,53282.15,53308.4,52783.45,53710.35,0,0.0,0.0,0.0,0.0,-0.01,-1,-1,-0.01,-1,-1,-0.01,-1,-1,-0.01,-1,-1,-0.01,-1,-1,-0.01,-1,-1,-0.01,-1,-1,-0.01,-1,-1,-0.01,-1,-1,-0.01,-1,-1
99926009,2026-05-18 12:12:51+05:30,53088.55,0,0.0,0,0.0,0.0,53282.15,53308.4,52783.45,53710.35,0,0.0,0.0,0.0,0.0,-0.01,-1,-1,-0.01,-1,-1,-0.01,-1,-1,-0.01,-1,-1,-0.01,-1,-1,-0.01,-1,-1,-0.01,-1,-1,-0.01,-1,-1,-0.01,-1,-1,-0.01,-1,-1
99926009,2026-05-18 12:12:52+05:30,53090.25,0,0.0,0,0.0,0.0,53282.15,53308.4,52783.45,53710.35,0,0.0,0.0,0.0,0.0,-0.01,-1,-1,-0.01,-1,-1,-0.01,-1,-1,-0.01,-1,-1,-0.01,-1,-1,-0.01,-1,-1,-0.01,-1,-1,-0.01,-1,-1,-0.01,-1,-1,-0.01,-1,-1
99926009,2026-05-18 12:12:52+05:30,53091.45,0,0.0,0,0.0,0.0,53282.15,53308.4,52783.45,53710.35,0,0.0,0.0,0.0,0.0,-0.01,-1,-1,-0.01,-1,-1,-0.01,-1,-1,-0.01,-1,-1,-0.01,-1,-1,-0.01,-1,-1,-0.01,-1,-1,-0.01,-1,-1,-0.01,-1,-1,-0.01,-1,-1
99926009,2026-05-18 12:12:53+05:30,53089.85,0,0.0,0,0.0,0.0,53282.15,53308.4,52783.45,53710.35,0,0.0,0.0,0.0,0.0,-0.01,-1,-1,-0.01,-1,-1,-0.01,-1,-1,-0.01,-1,-1,-0.01,-1,-1,-0.01,-1,-1,-0.01,-1,-1,-0.01,-1,-1,-0.01,-1,-1,-0.01,-1,-1
99926009,2026-05-18 12:12:53+05:30,53091.1,0,0.0,0,0.0,0.0,53282.15,53308.4,52783.45,53710.35,0,0.0,0.0,0.0,0.0,-0.01,-1,-1,-0.01,-1,-1,-0.01,-1,-1,-0.01,-1,-1,-0.01,-1,-1,-0.01,-1,-1,-0.01,-1,-1,-0.01,-1,-1,-0.01,-1,-1,-0.01,-1,-1
99926009,2026-05-18 12:12:54+05:30,53090.5,0,0.0,0,0.0,0.0,53282.15,53308.4,52783.45,53710.35,0,0.0,0.0,0.0,0.0,-0.01,-1,-1,-0.01,-1,-1,-0.01,-1,-1,-0.01,-1,-1,-0.01,-1,-1,-0.01,-1,-1,-0.01,-1,-1,-0.01,-1,-1,-0.01,-1,-1,-0.01,-1,-1
99926009,2026-05-18 12:12:54+05:30,53089.95,0,0.0,0,0.0,0.0,53282.15,53308.4,52783.45,53710.35,0,0.0,0.0,0.0,0.0,-0.01,-1,-1,-0.01,-1,-1,-0.01,-1,-1,-0.01,-1,-1,-0.01,-1,-1,-0.01,-1,-1,-0.01,-1,-1,-0.01,-1,-1,-0.01,-1,-1,-0.01,-1,-1
99926009,2026-05-18 12:12:55+05:30,53090.8,0,0.0,0,0.0,0.0,53282.15,53308.4,52783.45,53710.35,0,0.0,0.0,0.0,0.0,-0.01,-1,-1,-0.01,-1,-1,-0.01,-1,-1,-0.01,-1,-1,-0.01,-1,-1,-0.01,-1,-1,-0.01,-1,-1,-0.01,-1,-1,-0.01,-1,-1,-0.01,-1,-1
99926009,2026-05-18 12:12:55+05:30,53090.8,0,0.0,0,0.0,0.0,53282.15,53308.4,52783.45,53710.35,0,0.0,0.0,0.0,0.0,-0.01,-1,-1,-0.01,-1,-1,-0.01,-1,-1,-0.01,-1,-1,-0.01,-1,-1,-0.01,-1,-1,-0.01,-1,-1,-0.01,-1,-1,-0.01,-1,-1,-0.01,-1,-1
99926009,2026-05-18 12:12:56+05:30,53088.65,0,0.0,0,0.0,0.0,53282.15,53308.4,52783.45,53710.35,0,0.0,0.0,0.0,0.0,-0.01,-1,-1,-0.01,-1,-1,-0.01,-1,-1,-0.01,-1,-1,-0.01,-1,-1,-0.01,-1,-1,-0.01,-1,-1,-0.01,-1,-1,-0.01,-1,-1,-0.01,-1,-1
99926009,2026-05-18 12:12:56+05:30,53087.35,0,0.0,0,0.0,0.0,53282.15,53308.4,52783.45,53710.35,0,0.0,0.0,0.0,0.0,-0.01,-1,-1,-0.01,-1,-1,-0.01,-1,-1,-0.01,-1,-1,-0.01,-1,-1,-0.01,-1,-1,-0.01,-1,-1,-0.01,-1,-1,-0.01,-1,-1,-0.01,-1,-1
99926009,2026-05-18 12:12:57+05:30,53087.35,0,0.0,0,0.0,0.0,53282.15,53308.4,52783.45,53710.35,0,0.0,0.0,0.0,0.0,-0.01,-1,-1,-0.01,-1,-1,-0.01,-1,-1,-0.01,-1,-1,-0.01,-1,-1,-0.01,-1,-1,-0.01,-1,-1,-0.01,-1,-1,-0.01,-1,-1,-0.01,-1,-1
99926009,2026-05-18 12:12:57+05:30,53083.55,0,0.0,0,0.0,0.0,53282.15,53308.4,52783.45,53710.35,0,0.0,0.0,0.0,0.0,-0.01,-1,-1,-0.01,-1,-1,-0.01,-1,-1,-0.01,-1,-1,-0.01,-1,-1,-0.01,-1,-1,-0.01,-1,-1,-0.01,-1,-1,-0.01,-1,-1,-0.01,-1,-1
99926009,2026-05-18 12:12:58+05:30,53085.7,0,0.0,0,0.0,0.0,53282.15,53308.4,52783.45,53710.35,0,0.0,0.0,0.0,0.0,-0.01,-1,-1,-0.01,-1,-1,-0.01,-1,-1,-0.01,-1,-1,-0.01,-1,-1,-0.01,-1,-1,-0.01,-1,-1,-0.01,-1,-1,-0.01,-1,-1,-0.01,-1,-1
99926009,2026-05-18 12:12:58+05:30,53084.55,0,0.0,0,0.0,0.0,53282.15,53308.4,52783.45,53710.35,0,0.0,0.0,0.0,0.0,-0.01,-1,-1,-0.01,-1,-1,-0.01,-1,-1,-0.01,-1,-1,-0.01,-1,-1,-0.01,-1,-1,-0.01,-1,-1,-0.01,-1,-1,-0.01,-1,-1,-0.01,-1,-1
99926009,2026-05-18 12:12:59+05:30,53086.8,0,0.0,0,0.0,0.0,53282.15,53308.4,52783.45,53710.35,0,0.0,0.0,0.0,0.0,-0.01,-1,-1,-0.01,-1,-1,-0.01,-1,-1,-0.01,-1,-1,-0.01,-1,-1,-0.01,-1,-1,-0.01,-1,-1,-0.01,-1,-1,-0.01,-1,-1,-0.01,-1,-1
99926009,2026-05-18 12:12:59+05:30,53089.5,0,0.0,0,0.0,0.0,53282.15,53308.4,52783.45,53710.35,0,0.0,0.0,0.0,0.0,-0.01,-1,-1,-0.01,-1,-1,-0.01,-1,-1,-0.01,-1,-1,-0.01,-1,-1,-0.01,-1,-1,-0.01,-1,-1,-0.01,-1,-1,-0.01,-1,-1,-0.01,-1,-1
99926009,2026-05-18 12:13:00+05:30,53088.6,0,0.0,0,0.0,0.0,53282.15,53308.4,52783.45,53710.35,0,0.0,0.0,0.0,0.0,-0.01,-1,-1,-0.01,-1,-1,-0.01,-1,-1,-0.01,-1,-1,-0.01,-1,-1,-0.01,-1,-1,-0.01,-1,-1,-0.01,-1,-1,-0.01,-1,-1,-0.01,-1,-1
99926009,2026-05-18 12:13:00+05:30,53088.3,0,0.0,0,0.0,0.0,53282.15,53308.4,52783.45,53710.35,0,0.0,0.0,0.0,0.0,-0.01,-1,-1,-0.01,-1,-1,-0.01,-1,-1,-0.01,-1,-1,-0.01,-1,-1,-0.01,-1,-1,-0.01,-1,-1,-0.01,-1,-1,-0.01,-1,-1,-0.01,-1,-1
99926009,2026-05-18 12:13:01+05:30,53091.7,0,0.0,0,0.0,0.0,53282.15,53308.4,52783.45,53710.35,0,0.0,0.0,0.0,0.0,-0.01,-1,-1,-0.01,-1,-1,-0.01,-1,-1,-0.01,-1,-1,-0.01,-1,-1,-0.01,-1,-1,-0.01,-1,-1,-0.01,-1,-1,-0.01,-1,-1,-0.01,-1,-1
99926009,2026-05-18 12:13:01+05:30,53091.85,0,0.0,0,0.0,0.0,53282.15,53308.4,52783.45,53710.35,0,0.0,0.0,0.0,0.0,-0.01,-1,-1,-0.01,-1,-1,-0.01,-1,-1,-0.01,-1,-1,-0.01,-1,-1,-0.01,-1,-1,-0.01,-1,-1,-0.01,-1,-1,-0.01,-1,-1,-0.01,-1,-1
99926009,2026-05-18 12:13:02+05:30,53091.65,0,0.0,0,0.0,0.0,53282.15,53308.4,52783.45,53710.35,0,0.0,0.0,0.0,0.0,-0.01,-1,-1,-0.01,-1,-1,-0.01,-1,-1,-0.01,-1,-1,-0.01,-1,-1,-0.01,-1,-1,-0.01,-1,-1,-0.01,-1,-1,-0.01,-1,-1,-0.01,-1,-1
99926009,2026-05-18 12:13:02+05:30,53094.8,0,0.0,0,0.0,0.0,53282.15,53308.4,52783.45,53710.35,0,0.0,0.0,0.0,0.0,-0.01,-1,-1,-0.01,-1,-1,-0.01,-1,-1,-0.01,-1,-1,-0.01,-1,-1,-0.01,-1,-1,-0.01,-1,-1,-0.01,-1,-1,-0.01,-1,-1,-0.01,-1,-1
99926009,2026-05-18 12:13:03+05:30,53094.65,0,0.0,0,0.0,0.0,53282.15,53308.4,52783.45,53710.35,0,0.0,0.0,0.0,0.0,-0.01,-1,-1,-0.01,-1,-1,-0.01,-1,-1,-0.01,-1,-1,-0.01,-1,-1,-0.01,-1,-1,-0.01,-1,-1,-0.01,-1,-1,-0.01,-1,-1,-0.01,-1,-1
99926009,2026-05-18 12:13:03+05:30,53095.45,0,0.0,0,0.0,0.0,53282.15,53308.4,52783.45,53710.35,0,0.0,0.0,0.0,0.0,-0.01,-1,-1,-0.01,-1,-1,-0.01,-1,-1,-0.01,-1,-1,-0.01,-1,-1,-0.01,-1,-1,-0.01,-1,-1,-0.01,-1,-1,-0.01,-1,-1,-0.01,-1,-1
99926009,2026-05-18 12:13:04+05:30,53095.65,0,0.0,0,0.0,0.0,53282.15,53308.4,52783.45,53710.35,0,0.0,0.0,0.0,0.0,-0.01,-1,-1,-0.01,-1,-1,-0.01,-1,-1,-0.01,-1,-1,-0.01,-1,-1,-0.01,-1,-1,-0.01,-1,-1,-0.01,-1,-1,-0.01,-1,-1,-0.01,-1,-1
99926009,2026-05-18 12:13:04+05:30,53098.1,0,0.0,0,0.0,0.0,53282.15,53308.4,52783.45,53710.35,0,0.0,0.0,0.0,0.0,-0.01,-1,-1,-0.01,-1,-1,-0.01,-1,-1,-0.01,-1,-1,-0.01,-1,-1,-0.01,-1,-1,-0.01,-1,-1,-0.01,-1,-1,-0.01,-1,-1,-0.01,-1,-1
99926009,2026-05-18 12:13:05+05:30,53098.0,0,0.0,0,0.0,0.0,53282.15,53308.4,52783.45,53710.35,0,0.0,0.0,0.0,0.0,-0.01,-1,-1,-0.01,-1,-1,-0.01,-1,-1,-0.01,-1,-1,-0.01,-1,-1,-0.01,-1,-1,-0.01,-1,-1,-0.01,-1,-1,-0.01,-1,-1,-0.01,-1,-1
99926009,2026-05-18 12:13:05+05:30,53096.25,0,0.0,0,0.0,0.0,53282.15,53308.4,52783.45,53710.35,0,0.0,0.0,0.0,0.0,-0.01,-1,-1,-0.01,-1,-1,-0.01,-1,-1,-0.01,-1,-1,-0.01,-1,-1,-0.01,-1,-1,-0.01,-1,-1,-0.01,-1,-1,-0.01,-1,-1,-0.01,-1,-1
99926009,2026-05-18 12:13:06+05:30,53096.3,0,0.0,0,0.0,0.0,53282.15,53308.4,52783.45,53710.35,0,0.0,0.0,0.0,0.0,-0.01,-1,-1,-0.01,-1,-1,-0.01,-1,-1,-0.01,-1,-1,-0.01,-1,-1,-0.01,-1,-1,-0.01,-1,-1,-0.01,-1,-1,-0.01,-1,-1,-0.01,-1,-1
99926009,2026-05-18 12:13:06+05:30,53092.05,0,0.0,0,0.0,0.0,53282.15,53308.4,52783.45,53710.35,0,0.0,0.0,0.0,0.0,-0.01,-1,-1,-0.01,-1,-1,-0.01,-1,-1,-0.01,-1,-1,-0.01,-1,-1,-0.01,-1,-1,-0.01,-1,-1,-0.01,-1,-1,-0.01,-1,-1,-0.01,-1,-1
99926009,2026-05-18 12:13:07+05:30,53097.9,0,0.0,0,0.0,0.0,53282.15,53308.4,52783.45,53710.35,0,0.0,0.0,0.0,0.0,-0.01,-1,-1,-0.01,-1,-1,-0.01,-1,-1,-0.01,-1,-1,-0.01,-1,-1,-0.01,-1,-1,-0.01,-1,-1,-0.01,-1,-1,-0.01,-1,-1,-0.01,-1,-1
99926009,2026-05-18 12:13:07+05:30,53097.8,0,0.0,0,0.0,0.0,53282.15,53308.4,52783.45,53710.35,0,0.0,0.0,0.0,0.0,-0.01,-1,-1,-0.01,-1,-1,-0.01,-1,-1,-0.01,-1,-1,-0.01,-1,-1,-0.01,-1,-1,-0.01,-1,-1,-0.01,-1,-1,-0.01,-1,-1,-0.01,-1,-1
99926009,2026-05-18 12:13:08+05:30,53095.7,0,0.0,0,0.0,0.0,53282.15,53308.4,52783.45,53710.35,0,0.0,0.0,0.0,0.0,-0.01,-1,-1,-0.01,-1,-1,-0.01,-1,-1,-0.01,-1,-1,-0.01,-1,-1,-0.01,-1,-1,-0.01,-1,-1,-0.01,-1,-1,-0.01,-1,-1,-0.01,-1,-1
99926009,2026-05-18 12:13:08+05:30,53095.25,0,0.0,0,0.0,0.0,53282.15,53308.4,52783.45,53710.35,0,0.0,0.0,0.0,0.0,-0.01,-1,-1,-0.01,-1,-1,-0.01,-1,-1,-0.01,-1,-1,-0.01,-1,-1,-0.01,-1,-1,-0.01,-1,-1,-0.01,-1,-1,-0.01,-1,-1,-0.01,-1,-1
99926009,2026-05-18 12:13:09+05:30,53098.95,0,0.0,0,0.0,0.0,53282.15,53308.4,52783.45,53710.35,0,0.0,0.0,0.0,0.0,-0.01,-1,-1,-0.01,-1,-1,-0.01,-1,-1,-0.01,-1,-1,-0.01,-1,-1,-0.01,-1,-1,-0.01,-1,-1,-0.01,-1,-1,-0.01,-1,-1,-0.01,-1,-1
99926009,2026-05-18 12:13:09+05:30,53100.25,0,0.0,0,0.0,0.0,53282.15,53308.4,52783.45,53710.35,0,0.0,0.0,0.0,0.0,-0.01,-1,-1,-0.01,-1,-1,-0.01,-1,-1,-0.01,-1,-1,-0.01,-1,-1,-0.01,-1,-1,-0.01,-1,-1,-0.01,-1,-1,-0.01,-1,-1,-0.01,-1,-1
99926009,2026-05-18 12:13:10+05:30,53099.05,0,0.0,0,0.0,0.0,53282.15,53308.4,52783.45,53710.35,0,0.0,0.0,0.0,0.0,-0.01,-1,-1,-0.01,-1,-1,-0.01,-1,-1,-0.01,-1,-1,-0.01,-1,-1,-0.01,-1,-1,-0.01,-1,-1,-0.01,-1,-1,-0.01,-1,-1,-0.01,-1,-1
99926009,2026-05-18 12:13:10+05:30,53098.1,0,0.0,0,0.0,0.0,53282.15,53308.4,52783.45,53710.35,0,0.0,0.0,0.0,0.0,-0.01,-1,-1,-0.01,-1,-1,-0.01,-1,-1,-0.01,-1,-1,-0.01,-1,-1,-0.01,-1,-1,-0.01,-1,-1,-0.01,-1,-1,-0.01,-1,-1,-0.01,-1,-1
99926009,2026-05-18 12:13:11+05:30,53099.45,0,0.0,0,0.0,0.0,53282.15,53308.4,52783.45,53710.35,0,0.0,0.0,0.0,0.0,-0.01,-1,-1,-0.01,-1,-1,-0.01,-1,-1,-0.01,-1,-1,-0.01,-1,-1,-0.01,-1,-1,-0.01,-1,-1,-0.01,-1,-1,-0.01,-1,-1,-0.01,-1,-1
99926009,2026-05-18 12:13:11+05:30,53096.15,0,0.0,0,0.0,0.0,53282.15,53308.4,52783.45,53710.35,0,0.0,0.0,0.0,0.0,-0.01,-1,-1,-0.01,-1,-1,-0.01,-1,-1,-0.01,-1,-1,-0.01,-1,-1,-0.01,-1,-1,-0.01,-1,-1,-0.01,-1,-1,-0.01,-1,-1,-0.01,-1,-1
99926009,2026-05-18 12:13:12+05:30,53096.5,0,0.0,0,0.0,0.0,53282.15,53308.4,52783.45,53710.35,0,0.0,0.0,0.0,0.0,-0.01,-1,-1,-0.01,-1,-1,-0.01,-1,-1,-0.01,-1,-1,-0.01,-1,-1,-0.01,-1,-1,-0.01,-1,-1,-0.01,-1,-1,-0.01,-1,-1,-0.01,-1,-1
99926009,2026-05-18 12:13:12+05:30,53096.05,0,0.0,0,0.0,0.0,53282.15,53308.4,52783.45,53710.35,0,0.0,0.0,0.0,0.0,-0.01,-1,-1,-0.01,-1,-1,-0.01,-1,-1,-0.01,-1,-1,-0.01,-1,-1,-0.01,-1,-1,-0.01,-1,-1,-0.01,-1,-1,-0.01,-1,-1,-0.01,-1,-1
99926009,2026-05-18 12:13:13+05:30,53096.75,0,0.0,0,0.0,0.0,53282.15,53308.4,52783.45,53710.35,0,0.0,0.0,0.0,0.0,-0.01,-1,-1,-0.01,-1,-1,-0.01,-1,-1,-0.01,-1,-1,-0.01,-1,-1,-0.01,-1,-1,-0.01,-1,-1,-0.01,-1,-1,-0.01,-1,-1,-0.01,-1,-1
99926009,2026-05-18 12:13:13+05:30,53094.6,0,0.0,0,0.0,0.0,53282.15,53308.4,52783.45,53710.35,0,0.0,0.0,0.0,0.0,-0.01,-1,-1,-0.01,-1,-1,-0.01,-1,-1,-0.01,-1,-1,-0.01,-1,-1,-0.01,-1,-1,-0.01,-1,-1,-0.01,-1,-1,-0.01,-1,-1,-0.01,-1,-1
99926009,2026-05-18 12:13:14+05:30,53094.6,0,0.0,0,0.0,0.0,53282.15,53308.4,52783.45,53710.35,0,0.0,0.0,0.0,0.0,-0.01,-1,-1,-0.01,-1,-1,-0.01,-1,-1,-0.01,-1,-1,-0.01,-1,-1,-0.01,-1,-1,-0.01,-1,-1,-0.01,-1,-1,-0.01,-1,-1,-0.01,-1,-1
99926009,2026-05-18 12:13:14+05:30,53095.5,0,0.0,0,0.0,0.0,53282.15,53308.4,52783.45,53710.35,0,0.0,0.0,0.0,0.0,-0.01,-1,-1,-0.01,-1,-1,-0.01,-1,-1,-0.01,-1,-1,-0.01,-1,-1,-0.01,-1,-1,-0.01,-1,-1,-0.01,-1,-1,-0.01,-1,-1,-0.01,-1,-1
99926009,2026-05-18 12:13:15+05:30,53100.15,0,0.0,0,0.0,0.0,53282.15,53308.4,52783.45,53710.35,0,0.0,0.0,0.0,0.0,-0.01,-1,-1,-0.01,-1,-1,-0.01,-1,-1,-0.01,-1,-1,-0.01,-1,-1,-0.01,-1,-1,-0.01,-1,-1,-0.01,-1,-1,-0.01,-1,-1,-0.01,-1,-1
99926009,2026-05-18 12:13:15+05:30,53098.35,0,0.0,0,0.0,0.0,53282.15,53308.4,52783.45,53710.35,0,0.0,0.0,0.0,0.0,-0.01,-1,-1,-0.01,-1,-1,-0.01,-1,-1,-0.01,-1,-1,-0.01,-1,-1,-0.01,-1,-1,-0.01,-1,-1,-0.01,-1,-1,-0.01,-1,-1,-0.01,-1,-1
99926009,2026-05-18 12:13:16+05:30,53101.2,0,0.0,0,0.0,0.0,53282.15,53308.4,52783.45,53710.35,0,0.0,0.0,0.0,0.0,-0.01,-1,-1,-0.01,-1,-1,-0.01,-1,-1,-0.01,-1,-1,-0.01,-1,-1,-0.01,-1,-1,-0.01,-1,-1,-0.01,-1,-1,-0.01,-1,-1,-0.01,-1,-1
99926009,2026-05-18 12:13:16+05:30,53098.8,0,0.0,0,0.0,0.0,53282.15,53308.4,52783.45,53710.35,0,0.0,0.0,0.0,0.0,-0.01,-1,-1,-0.01,-1,-1,-0.01,-1,-1,-0.01,-1,-1,-0.01,-1,-1,-0.01,-1,-1,-0.01,-1,-1,-0.01,-1,-1,-0.01,-1,-1,-0.01,-1,-1
99926009,2026-05-18 12:13:17+05:30,53099.5,0,0.0,0,0.0,0.0,53282.15,53308.4,52783.45,53710.35,0,0.0,0.0,0.0,0.0,-0.01,-1,-1,-0.01,-1,-1,-0.01,-1,-1,-0.01,-1,-1,-0.01,-1,-1,-0.01,-1,-1,-0.01,-1,-1,-0.01,-1,-1,-0.01,-1,-1,-0.01,-1,-1
99926009,2026-05-18 12:13:17+05:30,53094.85,0,0.0,0,0.0,0.0,53282.15,53308.4,52783.45,53710.35,0,0.0,0.0,0.0,0.0,-0.01,-1,-1,-0.01,-1,-1,-0.01,-1,-1,-0.01,-1,-1,-0.01,-1,-1,-0.01,-1,-1,-0.01,-1,-1,-0.01,-1,-1,-0.01,-1,-1,-0.01,-1,-1
99926009,2026-05-18 12:13:18+05:30,53091.9,0,0.0,0,0.0,0.0,53282.15,53308.4,52783.45,53710.35,0,0.0,0.0,0.0,0.0,-0.01,-1,-1,-0.01,-1,-1,-0.01,-1,-1,-0.01,-1,-1,-0.01,-1,-1,-0.01,-1,-1,-0.01,-1,-1,-0.01,-1,-1,-0.01,-1,-1,-0.01,-1,-1
99926009,2026-05-18 12:13:18+05:30,53089.15,0,0.0,0,0.0,0.0,53282.15,53308.4,52783.45,53710.35,0,0.0,0.0,0.0,0.0,-0.01,-1,-1,-0.01,-1,-1,-0.01,-1,-1,-0.01,-1,-1,-0.01,-1,-1,-0.01,-1,-1,-0.01,-1,-1,-0.01,-1,-1,-0.01,-1,-1,-0.01,-1,-1
99926009,2026-05-18 12:13:19+05:30,53090.4,0,0.0,0,0.0,0.0,53282.15,53308.4,52783.45,53710.35,0,0.0,0.0,0.0,0.0,-0.01,-1,-1,-0.01,-1,-1,-0.01,-1,-1,-0.01,-1,-1,-0.01,-1,-1,-0.01,-1,-1,-0.01,-1,-1,-0.01,-1,-1,-0.01,-1,-1,-0.01,-1,-1
99926009,2026-05-18 12:13:19+05:30,53091.3,0,0.0,0,0.0,0.0,53282.15,53308.4,52783.45,53710.35,0,0.0,0.0,0.0,0.0,-0.01,-1,-1,-0.01,-1,-1,-0.01,-1,-1,-0.01,-1,-1,-0.01,-1,-1,-0.01,-1,-1,-0.01,-1,-1,-0.01,-1,-1,-0.01,-1,-1,-0.01,-1,-1
99926009,2026-05-18 12:13:20+05:30,53094.1,0,0.0,0,0.0,0.0,53282.15,53308.4,52783.45,53710.35,0,0.0,0.0,0.0,0.0,-0.01,-1,-1,-0.01,-1,-1,-0.01,-1,-1,-0.01,-1,-1,-0.01,-1,-1,-0.01,-1,-1,-0.01,-1,-1,-0.01,-1,-1,-0.01,-1,-1,-0.01,-1,-1
99926009,2026-05-18 12:13:20+05:30,53093.3,0,0.0,0,0.0,0.0,53282.15,53308.4,52783.45,53710.35,0,0.0,0.0,0.0,0.0,-0.01,-1,-1,-0.01,-1,-1,-0.01,-1,-1,-0.01,-1,-1,-0.01,-1,-1,-0.01,-1,-1,-0.01,-1,-1,-0.01,-1,-1,-0.01,-1,-1,-0.01,-1,-1
99926009,2026-05-18 12:13:21+05:30,53093.7,0,0.0,0,0.0,0.0,53282.15,53308.4,52783.45,53710.35,0,0.0,0.0,0.0,0.0,-0.01,-1,-1,-0.01,-1,-1,-0.01,-1,-1,-0.01,-1,-1,-0.01,-1,-1,-0.01,-1,-1,-0.01,-1,-1,-0.01,-1,-1,-0.01,-1,-1,-0.01,-1,-1
99926009,2026-05-18 12:13:21+05:30,53092.45,0,0.0,0,0.0,0.0,53282.15,53308.4,52783.45,53710.35,0,0.0,0.0,0.0,0.0,-0.01,-1,-1,-0.01,-1,-1,-0.01,-1,-1,-0.01,-1,-1,-0.01,-1,-1,-0.01,-1,-1,-0.01,-1,-1,-0.01,-1,-1,-0.01,-1,-1,-0.01,-1,-1
99926009,2026-05-18 12:13:22+05:30,53092.6,0,0.0,0,0.0,0.0,53282.15,53308.4,52783.45,53710.35,0,0.0,0.0,0.0,0.0,-0.01,-1,-1,-0.01,-1,-1,-0.01,-1,-1,-0.01,-1,-1,-0.01,-1,-1,-0.01,-1,-1,-0.01,-1,-1,-0.01,-1,-1,-0.01,-1,-1,-0.01,-1,-1
99926009,2026-05-18 12:13:22+05:30,53093.1,0,0.0,0,0.0,0.0,53282.15,53308.4,52783.45,53710.35,0,0.0,0.0,0.0,0.0,-0.01,-1,-1,-0.01,-1,-1,-0.01,-1,-1,-0.01,-1,-1,-0.01,-1,-1,-0.01,-1,-1,-0.01,-1,-1,-0.01,-1,-1,-0.01,-1,-1,-0.01,-1,-1
99926009,2026-05-18 12:13:23+05:30,53091.85,0,0.0,0,0.0,0.0,53282.15,53308.4,52783.45,53710.35,0,0.0,0.0,0.0,0.0,-0.01,-1,-1,-0.01,-1,-1,-0.01,-1,-1,-0.01,-1,-1,-0.01,-1,-1,-0.01,-1,-1,-0.01,-1,-1,-0.01,-1,-1,-0.01,-1,-1,-0.01,-1,-1
99926009,2026-05-18 12:13:23+05:30,53091.9,0,0.0,0,0.0,0.0,53282.15,53308.4,52783.45,53710.35,0,0.0,0.0,0.0,0.0,-0.01,-1,-1,-0.01,-1,-1,-0.01,-1,-1,-0.01,-1,-1,-0.01,-1,-1,-0.01,-1,-1,-0.01,-1,-1,-0.01,-1,-1,-0.01,-1,-1,-0.01,-1,-1
99926009,2026-05-18 12:13:24+05:30,53093.1,0,0.0,0,0.0,0.0,53282.15,53308.4,52783.45,53710.35,0,0.0,0.0,0.0,0.0,-0.01,-1,-1,-0.01,-1,-1,-0.01,-1,-1,-0.01,-1,-1,-0.01,-1,-1,-0.01,-1,-1,-0.01,-1,-1,-0.01,-1,-1,-0.01,-1,-1,-0.01,-1,-1
99926009,2026-05-18 12:13:24+05:30,53093.3,0,0.0,0,0.0,0.0,53282.15,53308.4,52783.45,53710.35,0,0.0,0.0,0.0,0.0,-0.01,-1,-1,-0.01,-1,-1,-0.01,-1,-1,-0.01,-1,-1,-0.01,-1,-1,-0.01,-1,-1,-0.01,-1,-1,-0.01,-1,-1,-0.01,-1,-1,-0.01,-1,-1
99926009,2026-05-18 12:13:25+05:30,53093.05,0,0.0,0,0.0,0.0,53282.15,53308.4,52783.45,53710.35,0,0.0,0.0,0.0,0.0,-0.01,-1,-1,-0.01,-1,-1,-0.01,-1,-1,-0.01,-1,-1,-0.01,-1,-1,-0.01,-1,-1,-0.01,-1,-1,-0.01,-1,-1,-0.01,-1,-1,-0.01,-1,-1
99926009,2026-05-18 12:13:25+05:30,53093.75,0,0.0,0,0.0,0.0,53282.15,53308.4,52783.45,53710.35,0,0.0,0.0,0.0,0.0,-0.01,-1,-1,-0.01,-1,-1,-0.01,-1,-1,-0.01,-1,-1,-0.01,-1,-1,-0.01,-1,-1,-0.01,-1,-1,-0.01,-1,-1,-0.01,-1,-1,-0.01,-1,-1
99926009,2026-05-18 12:13:26+05:30,53093.75,0,0.0,0,0.0,0.0,53282.15,53308.4,52783.45,53710.35,0,0.0,0.0,0.0,0.0,-0.01,-1,-1,-0.01,-1,-1,-0.01,-1,-1,-0.01,-1,-1,-0.01,-1,-1,-0.01,-1,-1,-0.01,-1,-1,-0.01,-1,-1,-0.01,-1,-1,-0.01,-1,-1
99926009,2026-05-18 12:13:26+05:30,53092.25,0,0.0,0,0.0,0.0,53282.15,53308.4,52783.45,53710.35,0,0.0,0.0,0.0,0.0,-0.01,-1,-1,-0.01,-1,-1,-0.01,-1,-1,-0.01,-1,-1,-0.01,-1,-1,-0.01,-1,-1,-0.01,-1,-1,-0.01,-1,-1,-0.01,-1,-1,-0.01,-1,-1
99926009,2026-05-18 12:13:27+05:30,53090.7,0,0.0,0,0.0,0.0,53282.15,53308.4,52783.45,53710.35,0,0.0,0.0,0.0,0.0,-0.01,-1,-1,-0.01,-1,-1,-0.01,-1,-1,-0.01,-1,-1,-0.01,-1,-1,-0.01,-1,-1,-0.01,-1,-1,-0.01,-1,-1,-0.01,-1,-1,-0.01,-1,-1
99926009,2026-05-18 12:13:27+05:30,53092.0,0,0.0,0,0.0,0.0,53282.15,53308.4,52783.45,53710.35,0,0.0,0.0,0.0,0.0,-0.01,-1,-1,-0.01,-1,-1,-0.01,-1,-1,-0.01,-1,-1,-0.01,-1,-1,-0.01,-1,-1,-0.01,-1,-1,-0.01,-1,-1,-0.01,-1,-1,-0.01,-1,-1
99926009,2026-05-18 12:13:28+05:30,53091.8,0,0.0,0,0.0,0.0,53282.15,53308.4,52783.45,53710.35,0,0.0,0.0,0.0,0.0,-0.01,-1,-1,-0.01,-1,-1,-0.01,-1,-1,-0.01,-1,-1,-0.01,-1,-1,-0.01,-1,-1,-0.01,-1,-1,-0.01,-1,-1,-0.01,-1,-1,-0.01,-1,-1
99926009,2026-05-18 12:13:28+05:30,53089.55,0,0.0,0,0.0,0.0,53282.15,53308.4,52783.45,53710.35,0,0.0,0.0,0.0,0.0,-0.01,-1,-1,-0.01,-1,-1,-0.01,-1,-1,-0.01,-1,-1,-0.01,-1,-1,-0.01,-1,-1,-0.01,-1,-1,-0.01,-1,-1,-0.01,-1,-1,-0.01,-1,-1
99926009,2026-05-18 12:13:29+05:30,53087.7,0,0.0,0,0.0,0.0,53282.15,53308.4,52783.45,53710.35,0,0.0,0.0,0.0,0.0,-0.01,-1,-1,-0.01,-1,-1,-0.01,-1,-1,-0.01,-1,-1,-0.01,-1,-1,-0.01,-1,-1,-0.01,-1,-1,-0.01,-1,-1,-0.01,-1,-1,-0.01,-1,-1
99926009,2026-05-18 12:13:29+05:30,53091.3,0,0.0,0,0.0,0.0,53282.15,53308.4,52783.45,53710.35,0,0.0,0.0,0.0,0.0,-0.01,-1,-1,-0.01,-1,-1,-0.01,-1,-1,-0.01,-1,-1,-0.01,-1,-1,-0.01,-1,-1,-0.01,-1,-1,-0.01,-1,-1,-0.01,-1,-1,-0.01,-1,-1
99926009,2026-05-18 12:13:30+05:30,53091.65,0,0.0,0,0.0,0.0,53282.15,53308.4,52783.45,53710.35,0,0.0,0.0,0.0,0.0,-0.01,-1,-1,-0.01,-1,-1,-0.01,-1,-1,-0.01,-1,-1,-0.01,-1,-1,-0.01,-1,-1,-0.01,-1,-1,-0.01,-1,-1,-0.01,-1,-1,-0.01,-1,-1
99926009,2026-05-18 12:13:30+05:30,53092.05,0,0.0,0,0.0,0.0,53282.15,53308.4,52783.45,53710.35,0,0.0,0.0,0.0,0.0,-0.01,-1,-1,-0.01,-1,-1,-0.01,-1,-1,-0.01,-1,-1,-0.01,-1,-1,-0.01,-1,-1,-0.01,-1,-1,-0.01,-1,-1,-0.01,-1,-1,-0.01,-1,-1
99926009,2026-05-18 12:13:31+05:30,53093.65,0,0.0,0,0.0,0.0,53282.15,53308.4,52783.45,53710.35,0,0.0,0.0,0.0,0.0,-0.01,-1,-1,-0.01,-1,-1,-0.01,-1,-1,-0.01,-1,-1,-0.01,-1,-1,-0.01,-1,-1,-0.01,-1,-1,-0.01,-1,-1,-0.01,-1,-1,-0.01,-1,-1
99926009,2026-05-18 12:13:31+05:30,53093.15,0,0.0,0,0.0,0.0,53282.15,53308.4,52783.45,53710.35,0,0.0,0.0,0.0,0.0,-0.01,-1,-1,-0.01,-1,-1,-0.01,-1,-1,-0.01,-1,-1,-0.01,-1,-1,-0.01,-1,-1,-0.01,-1,-1,-0.01,-1,-1,-0.01,-1,-1,-0.01,-1,-1
99926009,2026-05-18 12:13:32+05:30,53092.1,0,0.0,0,0.0,0.0,53282.15,53308.4,52783.45,53710.35,0,0.0,0.0,0.0,0.0,-0.01,-1,-1,-0.01,-1,-1,-0.01,-1,-1,-0.01,-1,-1,-0.01,-1,-1,-0.01,-1,-1,-0.01,-1,-1,-0.01,-1,-1,-0.01,-1,-1,-0.01,-1,-1
99926009,2026-05-18 12:13:32+05:30,53092.5,0,0.0,0,0.0,0.0,53282.15,53308.4,52783.45,53710.35,0,0.0,0.0,0.0,0.0,-0.01,-1,-1,-0.01,-1,-1,-0.01,-1,-1,-0.01,-1,-1,-0.01,-1,-1,-0.01,-1,-1,-0.01,-1,-1,-0.01,-1,-1,-0.01,-1,-1,-0.01,-1,-1
99926009,2026-05-18 12:13:33+05:30,53093.0,0,0.0,0,0.0,0.0,53282.15,53308.4,52783.45,53710.35,0,0.0,0.0,0.0,0.0,-0.01,-1,-1,-0.01,-1,-1,-0.01,-1,-1,-0.01,-1,-1,-0.01,-1,-1,-0.01,-1,-1,-0.01,-1,-1,-0.01,-1,-1,-0.01,-1,-1,-0.01,-1,-1
99926009,2026-05-18 12:13:33+05:30,53092.25,0,0.0,0,0.0,0.0,53282.15,53308.4,52783.45,53710.35,0,0.0,0.0,0.0,0.0,-0.01,-1,-1,-0.01,-1,-1,-0.01,-1,-1,-0.01,-1,-1,-0.01,-1,-1,-0.01,-1,-1,-0.01,-1,-1,-0.01,-1,-1,-0.01,-1,-1,-0.01,-1,-1
99926009,2026-05-18 12:13:34+05:30,53094.65,0,0.0,0,0.0,0.0,53282.15,53308.4,52783.45,53710.35,0,0.0,0.0,0.0,0.0,-0.01,-1,-1,-0.01,-1,-1,-0.01,-1,-1,-0.01,-1,-1,-0.01,-1,-1,-0.01,-1,-1,-0.01,-1,-1,-0.01,-1,-1,-0.01,-1,-1,-0.01,-1,-1
99926009,2026-05-18 12:13:34+05:30,53092.0,0,0.0,0,0.0,0.0,53282.15,53308.4,52783.45,53710.35,0,0.0,0.0,0.0,0.0,-0.01,-1,-1,-0.01,-1,-1,-0.01,-1,-1,-0.01,-1,-1,-0.01,-1,-1,-0.01,-1,-1,-0.01,-1,-1,-0.01,-1,-1,-0.01,-1,-1,-0.01,-1,-1
99926009,2026-05-18 12:13:35+05:30,53097.45,0,0.0,0,0.0,0.0,53282.15,53308.4,52783.45,53710.35,0,0.0,0.0,0.0,0.0,-0.01,-1,-1,-0.01,-1,-1,-0.01,-1,-1,-0.01,-1,-1,-0.01,-1,-1,-0.01,-1,-1,-0.01,-1,-1,-0.01,-1,-1,-0.01,-1,-1,-0.01,-1,-1
99926009,2026-05-18 12:13:35+05:30,53096.25,0,0.0,0,0.0,0.0,53282.15,53308.4,52783.45,53710.35,0,0.0,0.0,0.0,0.0,-0.01,-1,-1,-0.01,-1,-1,-0.01,-1,-1,-0.01,-1,-1,-0.01,-1,-1,-0.01,-1,-1,-0.01,-1,-1,-0.01,-1,-1,-0.01,-1,-1,-0.01,-1,-1
99926009,2026-05-18 12:13:36+05:30,53097.8,0,0.0,0,0.0,0.0,53282.15,53308.4,52783.45,53710.35,0,0.0,0.0,0.0,0.0,-0.01,-1,-1,-0.01,-1,-1,-0.01,-1,-1,-0.01,-1,-1,-0.01,-1,-1,-0.01,-1,-1,-0.01,-1,-1,-0.01,-1,-1,-0.01,-1,-1,-0.01,-1,-1
99926009,2026-05-18 12:13:36+05:30,53095.3,0,0.0,0,0.0,0.0,53282.15,53308.4,52783.45,53710.35,0,0.0,0.0,0.0,0.0,-0.01,-1,-1,-0.01,-1,-1,-0.01,-1,-1,-0.01,-1,-1,-0.01,-1,-1,-0.01,-1,-1,-0.01,-1,-1,-0.01,-1,-1,-0.01,-1,-1,-0.01,-1,-1
99926009,2026-05-18 12:13:37+05:30,53098.2,0,0.0,0,0.0,0.0,53282.15,53308.4,52783.45,53710.35,0,0.0,0.0,0.0,0.0,-0.01,-1,-1,-0.01,-1,-1,-0.01,-1,-1,-0.01,-1,-1,-0.01,-1,-1,-0.01,-1,-1,-0.01,-1,-1,-0.01,-1,-1,-0.01,-1,-1,-0.01,-1,-1
99926009,2026-05-18 12:13:37+05:30,53098.45,0,0.0,0,0.0,0.0,53282.15,53308.4,52783.45,53710.35,0,0.0,0.0,0.0,0.0,-0.01,-1,-1,-0.01,-1,-1,-0.01,-1,-1,-0.01,-1,-1,-0.01,-1,-1,-0.01,-1,-1,-0.01,-1,-1,-0.01,-1,-1,-0.01,-1,-1,-0.01,-1,-1
99926009,2026-05-18 12:13:38+05:30,53096.35,0,0.0,0,0.0,0.0,53282.15,53308.4,52783.45,53710.35,0,0.0,0.0,0.0,0.0,-0.01,-1,-1,-0.01,-1,-1,-0.01,-1,-1,-0.01,-1,-1,-0.01,-1,-1,-0.01,-1,-1,-0.01,-1,-1,-0.01,-1,-1,-0.01,-1,-1,-0.01,-1,-1
99926009,2026-05-18 12:13:38+05:30,53095.95,0,0.0,0,0.0,0.0,53282.15,53308.4,52783.45,53710.35,0,0.0,0.0,0.0,0.0,-0.01,-1,-1,-0.01,-1,-1,-0.01,-1,-1,-0.01,-1,-1,-0.01,-1,-1,-0.01,-1,-1,-0.01,-1,-1,-0.01,-1,-1,-0.01,-1,-1,-0.01,-1,-1
99926009,2026-05-18 12:13:39+05:30,53097.15,0,0.0,0,0.0,0.0,53282.15,53308.4,52783.45,53710.35,0,0.0,0.0,0.0,0.0,-0.01,-1,-1,-0.01,-1,-1,-0.01,-1,-1,-0.01,-1,-1,-0.01,-1,-1,-0.01,-1,-1,-0.01,-1,-1,-0.01,-1,-1,-0.01,-1,-1,-0.01,-1,-1
99926009,2026-05-18 12:13:39+05:30,53097.8,0,0.0,0,0.0,0.0,53282.15,53308.4,52783.45,53710.35,0,0.0,0.0,0.0,0.0,-0.01,-1,-1,-0.01,-1,-1,-0.01,-1,-1,-0.01,-1,-1,-0.01,-1,-1,-0.01,-1,-1,-0.01,-1,-1,-0.01,-1,-1,-0.01,-1,-1,-0.01,-1,-1
99926009,2026-05-18 12:13:40+05:30,53098.55,0,0.0,0,0.0,0.0,53282.15,53308.4,52783.45,53710.35,0,0.0,0.0,0.0,0.0,-0.01,-1,-1,-0.01,-1,-1,-0.01,-1,-1,-0.01,-1,-1,-0.01,-1,-1,-0.01,-1,-1,-0.01,-1,-1,-0.01,-1,-1,-0.01,-1,-1,-0.01,-1,-1
99926009,2026-05-18 12:13:40+05:30,53090.75,0,0.0,0,0.0,0.0,53282.15,53308.4,52783.45,53710.35,0,0.0,0.0,0.0,0.0,-0.01,-1,-1,-0.01,-1,-1,-0.01,-1,-1,-0.01,-1,-1,-0.01,-1,-1,-0.01,-1,-1,-0.01,-1,-1,-0.01,-1,-1,-0.01,-1,-1,-0.01,-1,-1
99926009,2026-05-18 12:13:41+05:30,53094.2,0,0.0,0,0.0,0.0,53282.15,53308.4,52783.45,53710.35,0,0.0,0.0,0.0,0.0,-0.01,-1,-1,-0.01,-1,-1,-0.01,-1,-1,-0.01,-1,-1,-0.01,-1,-1,-0.01,-1,-1,-0.01,-1,-1,-0.01,-1,-1,-0.01,-1,-1,-0.01,-1,-1
99926009,2026-05-18 12:13:41+05:30,53093.65,0,0.0,0,0.0,0.0,53282.15,53308.4,52783.45,53710.35,0,0.0,0.0,0.0,0.0,-0.01,-1,-1,-0.01,-1,-1,-0.01,-1,-1,-0.01,-1,-1,-0.01,-1,-1,-0.01,-1,-1,-0.01,-1,-1,-0.01,-1,-1,-0.01,-1,-1,-0.01,-1,-1
99926009,2026-05-18 12:13:42+05:30,53094.0,0,0.0,0,0.0,0.0,53282.15,53308.4,52783.45,53710.35,0,0.0,0.0,0.0,0.0,-0.01,-1,-1,-0.01,-1,-1,-0.01,-1,-1,-0.01,-1,-1,-0.01,-1,-1,-0.01,-1,-1,-0.01,-1,-1,-0.01,-1,-1,-0.01,-1,-1,-0.01,-1,-1
99926009,2026-05-18 12:13:42+05:30,53091.25,0,0.0,0,0.0,0.0,53282.15,53308.4,52783.45,53710.35,0,0.0,0.0,0.0,0.0,-0.01,-1,-1,-0.01,-1,-1,-0.01,-1,-1,-0.01,-1,-1,-0.01,-1,-1,-0.01,-1,-1,-0.01,-1,-1,-0.01,-1,-1,-0.01,-1,-1,-0.01,-1,-1
99926009,2026-05-18 12:13:43+05:30,53093.1,0,0.0,0,0.0,0.0,53282.15,53308.4,52783.45,53710.35,0,0.0,0.0,0.0,0.0,-0.01,-1,-1,-0.01,-1,-1,-0.01,-1,-1,-0.01,-1,-1,-0.01,-1,-1,-0.01,-1,-1,-0.01,-1,-1,-0.01,-1,-1,-0.01,-1,-1,-0.01,-1,-1
99926009,2026-05-18 12:13:43+05:30,53091.95,0,0.0,0,0.0,0.0,53282.15,53308.4,52783.45,53710.35,0,0.0,0.0,0.0,0.0,-0.01,-1,-1,-0.01,-1,-1,-0.01,-1,-1,-0.01,-1,-1,-0.01,-1,-1,-0.01,-1,-1,-0.01,-1,-1,-0.01,-1,-1,-0.01,-1,-1,-0.01,-1,-1
99926009,2026-05-18 12:13:44+05:30,53091.1,0,0.0,0,0.0,0.0,53282.15,53308.4,52783.45,53710.35,0,0.0,0.0,0.0,0.0,-0.01,-1,-1,-0.01,-1,-1,-0.01,-1,-1,-0.01,-1,-1,-0.01,-1,-1,-0.01,-1,-1,-0.01,-1,-1,-0.01,-1,-1,-0.01,-1,-1,-0.01,-1,-1
99926009,2026-05-18 12:13:44+05:30,53088.65,0,0.0,0,0.0,0.0,53282.15,53308.4,52783.45,53710.35,0,0.0,0.0,0.0,0.0,-0.01,-1,-1,-0.01,-1,-1,-0.01,-1,-1,-0.01,-1,-1,-0.01,-1,-1,-0.01,-1,-1,-0.01,-1,-1,-0.01,-1,-1,-0.01,-1,-1,-0.01,-1,-1
99926009,2026-05-18 12:13:45+05:30,53087.85,0,0.0,0,0.0,0.0,53282.15,53308.4,52783.45,53710.35,0,0.0,0.0,0.0,0.0,-0.01,-1,-1,-0.01,-1,-1,-0.01,-1,-1,-0.01,-1,-1,-0.01,-1,-1,-0.01,-1,-1,-0.01,-1,-1,-0.01,-1,-1,-0.01,-1,-1,-0.01,-1,-1
99926009,2026-05-18 12:13:45+05:30,53087.1,0,0.0,0,0.0,0.0,53282.15,53308.4,52783.45,53710.35,0,0.0,0.0,0.0,0.0,-0.01,-1,-1,-0.01,-1,-1,-0.01,-1,-1,-0.01,-1,-1,-0.01,-1,-1,-0.01,-1,-1,-0.01,-1,-1,-0.01,-1,-1,-0.01,-1,-1,-0.01,-1,-1
99926009,2026-05-18 12:13:46+05:30,53091.55,0,0.0,0,0.0,0.0,53282.15,53308.4,52783.45,53710.35,0,0.0,0.0,0.0,0.0,-0.01,-1,-1,-0.01,-1,-1,-0.01,-1,-1,-0.01,-1,-1,-0.01,-1,-1,-0.01,-1,-1,-0.01,-1,-1,-0.01,-1,-1,-0.01,-1,-1,-0.01,-1,-1
99926009,2026-05-18 12:13:46+05:30,53089.55,0,0.0,0,0.0,0.0,53282.15,53308.4,52783.45,53710.35,0,0.0,0.0,0.0,0.0,-0.01,-1,-1,-0.01,-1,-1,-0.01,-1,-1,-0.01,-1,-1,-0.01,-1,-1,-0.01,-1,-1,-0.01,-1,-1,-0.01,-1,-1,-0.01,-1,-1,-0.01,-1,-1
99926009,2026-05-18 12:13:47+05:30,53090.9,0,0.0,0,0.0,0.0,53282.15,53308.4,52783.45,53710.35,0,0.0,0.0,0.0,0.0,-0.01,-1,-1,-0.01,-1,-1,-0.01,-1,-1,-0.01,-1,-1,-0.01,-1,-1,-0.01,-1,-1,-0.01,-1,-1,-0.01,-1,-1,-0.01,-1,-1,-0.01,-1,-1
99926009,2026-05-18 12:13:47+05:30,53088.65,0,0.0,0,0.0,0.0,53282.15,53308.4,52783.45,53710.35,0,0.0,0.0,0.0,0.0,-0.01,-1,-1,-0.01,-1,-1,-0.01,-1,-1,-0.01,-1,-1,-0.01,-1,-1,-0.01,-1,-1,-0.01,-1,-1,-0.01,-1,-1,-0.01,-1,-1,-0.01,-1,-1
99926009,2026-05-18 12:13:48+05:30,53091.25,0,0.0,0,0.0,0.0,53282.15,53308.4,52783.45,53710.35,0,0.0,0.0,0.0,0.0,-0.01,-1,-1,-0.01,-1,-1,-0.01,-1,-1,-0.01,-1,-1,-0.01,-1,-1,-0.01,-1,-1,-0.01,-1,-1,-0.01,-1,-1,-0.01,-1,-1,-0.01,-1,-1
99926009,2026-05-18 12:13:48+05:30,53090.15,0,0.0,0,0.0,0.0,53282.15,53308.4,52783.45,53710.35,0,0.0,0.0,0.0,0.0,-0.01,-1,-1,-0.01,-1,-1,-0.01,-1,-1,-0.01,-1,-1,-0.01,-1,-1,-0.01,-1,-1,-0.01,-1,-1,-0.01,-1,-1,-0.01,-1,-1,-0.01,-1,-1
99926009,2026-05-18 12:13:49+05:30,53090.0,0,0.0,0,0.0,0.0,53282.15,53308.4,52783.45,53710.35,0,0.0,0.0,0.0,0.0,-0.01,-1,-1,-0.01,-1,-1,-0.01,-1,-1,-0.01,-1,-1,-0.01,-1,-1,-0.01,-1,-1,-0.01,-1,-1,-0.01,-1,-1,-0.01,-1,-1,-0.01,-1,-1
99926009,2026-05-18 12:13:49+05:30,53092.05,0,0.0,0,0.0,0.0,53282.15,53308.4,52783.45,53710.35,0,0.0,0.0,0.0,0.0,-0.01,-1,-1,-0.01,-1,-1,-0.01,-1,-1,-0.01,-1,-1,-0.01,-1,-1,-0.01,-1,-1,-0.01,-1,-1,-0.01,-1,-1,-0.01,-1,-1,-0.01,-1,-1
99926009,2026-05-18 12:13:50+05:30,53092.1,0,0.0,0,0.0,0.0,53282.15,53308.4,52783.45,53710.35,0,0.0,0.0,0.0,0.0,-0.01,-1,-1,-0.01,-1,-1,-0.01,-1,-1,-0.01,-1,-1,-0.01,-1,-1,-0.01,-1,-1,-0.01,-1,-1,-0.01,-1,-1,-0.01,-1,-1,-0.01,-1,-1
99926009,2026-05-18 12:13:50+05:30,53088.7,0,0.0,0,0.0,0.0,53282.15,53308.4,52783.45,53710.35,0,0.0,0.0,0.0,0.0,-0.01,-1,-1,-0.01,-1,-1,-0.01,-1,-1,-0.01,-1,-1,-0.01,-1,-1,-0.01,-1,-1,-0.01,-1,-1,-0.01,-1,-1,-0.01,-1,-1,-0.01,-1,-1
99926009,2026-05-18 12:13:51+05:30,53091.35,0,0.0,0,0.0,0.0,53282.15,53308.4,52783.45,53710.35,0,0.0,0.0,0.0,0.0,-0.01,-1,-1,-0.01,-1,-1,-0.01,-1,-1,-0.01,-1,-1,-0.01,-1,-1,-0.01,-1,-1,-0.01,-1,-1,-0.01,-1,-1,-0.01,-1,-1,-0.01,-1,-1
99926009,2026-05-18 12:13:51+05:30,53083.55,0,0.0,0,0.0,0.0,53282.15,53308.4,52783.45,53710.35,0,0.0,0.0,0.0,0.0,-0.01,-1,-1,-0.01,-1,-1,-0.01,-1,-1,-0.01,-1,-1,-0.01,-1,-1,-0.01,-1,-1,-0.01,-1,-1,-0.01,-1,-1,-0.01,-1,-1,-0.01,-1,-1
99926009,2026-05-18 12:13:52+05:30,53085.15,0,0.0,0,0.0,0.0,53282.15,53308.4,52783.45,53710.35,0,0.0,0.0,0.0,0.0,-0.01,-1,-1,-0.01,-1,-1,-0.01,-1,-1,-0.01,-1,-1,-0.01,-1,-1,-0.01,-1,-1,-0.01,-1,-1,-0.01,-1,-1,-0.01,-1,-1,-0.01,-1,-1
99926009,2026-05-18 12:13:52+05:30,53086.25,0,0.0,0,0.0,0.0,53282.15,53308.4,52783.45,53710.35,0,0.0,0.0,0.0,0.0,-0.01,-1,-1,-0.01,-1,-1,-0.01,-1,-1,-0.01,-1,-1,-0.01,-1,-1,-0.01,-1,-1,-0.01,-1,-1,-0.01,-1,-1,-0.01,-1,-1,-0.01,-1,-1
99926009,2026-05-18 12:13:53+05:30,53087.3,0,0.0,0,0.0,0.0,53282.15,53308.4,52783.45,53710.35,0,0.0,0.0,0.0,0.0,-0.01,-1,-1,-0.01,-1,-1,-0.01,-1,-1,-0.01,-1,-1,-0.01,-1,-1,-0.01,-1,-1,-0.01,-1,-1,-0.01,-1,-1,-0.01,-1,-1,-0.01,-1,-1
99926009,2026-05-18 12:13:53+05:30,53083.6,0,0.0,0,0.0,0.0,53282.15,53308.4,52783.45,53710.35,0,0.0,0.0,0.0,0.0,-0.01,-1,-1,-0.01,-1,-1,-0.01,-1,-1,-0.01,-1,-1,-0.01,-1,-1,-0.01,-1,-1,-0.01,-1,-1,-0.01,-1,-1,-0.01,-1,-1,-0.01,-1,-1
99926009,2026-05-18 12:13:54+05:30,53080.9,0,0.0,0,0.0,0.0,53282.15,53308.4,52783.45,53710.35,0,0.0,0.0,0.0,0.0,-0.01,-1,-1,-0.01,-1,-1,-0.01,-1,-1,-0.01,-1,-1,-0.01,-1,-1,-0.01,-1,-1,-0.01,-1,-1,-0.01,-1,-1,-0.01,-1,-1,-0.01,-1,-1
99926009,2026-05-18 12:13:54+05:30,53082.4,0,0.0,0,0.0,0.0,53282.15,53308.4,52783.45,53710.35,0,0.0,0.0,0.0,0.0,-0.01,-1,-1,-0.01,-1,-1,-0.01,-1,-1,-0.01,-1,-1,-0.01,-1,-1,-0.01,-1,-1,-0.01,-1,-1,-0.01,-1,-1,-0.01,-1,-1,-0.01,-1,-1
99926009,2026-05-18 12:13:55+05:30,53080.75,0,0.0,0,0.0,0.0,53282.15,53308.4,52783.45,53710.35,0,0.0,0.0,0.0,0.0,-0.01,-1,-1,-0.01,-1,-1,-0.01,-1,-1,-0.01,-1,-1,-0.01,-1,-1,-0.01,-1,-1,-0.01,-1,-1,-0.01,-1,-1,-0.01,-1,-1,-0.01,-1,-1
99926009,2026-05-18 12:13:55+05:30,53079.25,0,0.0,0,0.0,0.0,53282.15,53308.4,52783.45,53710.35,0,0.0,0.0,0.0,0.0,-0.01,-1,-1,-0.01,-1,-1,-0.01,-1,-1,-0.01,-1,-1,-0.01,-1,-1,-0.01,-1,-1,-0.01,-1,-1,-0.01,-1,-1,-0.01,-1,-1,-0.01,-1,-1
99926009,2026-05-18 12:13:56+05:30,53081.05,0,0.0,0,0.0,0.0,53282.15,53308.4,52783.45,53710.35,0,0.0,0.0,0.0,0.0,-0.01,-1,-1,-0.01,-1,-1,-0.01,-1,-1,-0.01,-1,-1,-0.01,-1,-1,-0.01,-1,-1,-0.01,-1,-1,-0.01,-1,-1,-0.01,-1,-1,-0.01,-1,-1
99926009,2026-05-18 12:13:56+05:30,53076.6,0,0.0,0,0.0,0.0,53282.15,53308.4,52783.45,53710.35,0,0.0,0.0,0.0,0.0,-0.01,-1,-1,-0.01,-1,-1,-0.01,-1,-1,-0.01,-1,-1,-0.01,-1,-1,-0.01,-1,-1,-0.01,-1,-1,-0.01,-1,-1,-0.01,-1,-1,-0.01,-1,-1
99926009,2026-05-18 12:13:57+05:30,53074.7,0,0.0,0,0.0,0.0,53282.15,53308.4,52783.45,53710.35,0,0.0,0.0,0.0,0.0,-0.01,-1,-1,-0.01,-1,-1,-0.01,-1,-1,-0.01,-1,-1,-0.01,-1,-1,-0.01,-1,-1,-0.01,-1,-1,-0.01,-1,-1,-0.01,-1,-1,-0.01,-1,-1
99926009,2026-05-18 12:13:57+05:30,53079.8,0,0.0,0,0.0,0.0,53282.15,53308.4,52783.45,53710.35,0,0.0,0.0,0.0,0.0,-0.01,-1,-1,-0.01,-1,-1,-0.01,-1,-1,-0.01,-1,-1,-0.01,-1,-1,-0.01,-1,-1,-0.01,-1,-1,-0.01,-1,-1,-0.01,-1,-1,-0.01,-1,-1
99926009,2026-05-18 12:13:58+05:30,53082.45,0,0.0,0,0.0,0.0,53282.15,53308.4,52783.45,53710.35,0,0.0,0.0,0.0,0.0,-0.01,-1,-1,-0.01,-1,-1,-0.01,-1,-1,-0.01,-1,-1,-0.01,-1,-1,-0.01,-1,-1,-0.01,-1,-1,-0.01,-1,-1,-0.01,-1,-1,-0.01,-1,-1
99926009,2026-05-18 12:13:58+05:30,53081.9,0,0.0,0,0.0,0.0,53282.15,53308.4,52783.45,53710.35,0,0.0,0.0,0.0,0.0,-0.01,-1,-1,-0.01,-1,-1,-0.01,-1,-1,-0.01,-1,-1,-0.01,-1,-1,-0.01,-1,-1,-0.01,-1,-1,-0.01,-1,-1,-0.01,-1,-1,-0.01,-1,-1
99926009,2026-05-18 12:13:59+05:30,53082.9,0,0.0,0,0.0,0.0,53282.15,53308.4,52783.45,53710.35,0,0.0,0.0,0.0,0.0,-0.01,-1,-1,-0.01,-1,-1,-0.01,-1,-1,-0.01,-1,-1,-0.01,-1,-1,-0.01,-1,-1,-0.01,-1,-1,-0.01,-1,-1,-0.01,-1,-1,-0.01,-1,-1
99926009,2026-05-18 12:13:59+05:30,53077.4,0,0.0,0,0.0,0.0,53282.15,53308.4,52783.45,53710.35,0,0.0,0.0,0.0,0.0,-0.01,-1,-1,-0.01,-1,-1,-0.01,-1,-1,-0.01,-1,-1,-0.01,-1,-1,-0.01,-1,-1,-0.01,-1,-1,-0.01,-1,-1,-0.01,-1,-1,-0.01,-1,-1
99926009,2026-05-18 12:14:00+05:30,53084.4,0,0.0,0,0.0,0.0,53282.15,53308.4,52783.45,53710.35,0,0.0,0.0,0.0,0.0,-0.01,-1,-1,-0.01,-1,-1,-0.01,-1,-1,-0.01,-1,-1,-0.01,-1,-1,-0.01,-1,-1,-0.01,-1,-1,-0.01,-1,-1,-0.01,-1,-1,-0.01,-1,-1
99926009,2026-05-18 12:14:00+05:30,53084.15,0,0.0,0,0.0,0.0,53282.15,53308.4,52783.45,53710.35,0,0.0,0.0,0.0,0.0,-0.01,-1,-1,-0.01,-1,-1,-0.01,-1,-1,-0.01,-1,-1,-0.01,-1,-1,-0.01,-1,-1,-0.01,-1,-1,-0.01,-1,-1,-0.01,-1,-1,-0.01,-1,-1
99926009,2026-05-18 12:14:01+05:30,53084.35,0,0.0,0,0.0,0.0,53282.15,53308.4,52783.45,53710.35,0,0.0,0.0,0.0,0.0,-0.01,-1,-1,-0.01,-1,-1,-0.01,-1,-1,-0.01,-1,-1,-0.01,-1,-1,-0.01,-1,-1,-0.01,-1,-1,-0.01,-1,-1,-0.01,-1,-1,-0.01,-1,-1
99926009,2026-05-18 12:14:01+05:30,53083.0,0,0.0,0,0.0,0.0,53282.15,53308.4,52783.45,53710.35,0,0.0,0.0,0.0,0.0,-0.01,-1,-1,-0.01,-1,-1,-0.01,-1,-1,-0.01,-1,-1,-0.01,-1,-1,-0.01,-1,-1,-0.01,-1,-1,-0.01,-1,-1,-0.01,-1,-1,-0.01,-1,-1
99926009,2026-05-18 12:14:02+05:30,53082.35,0,0.0,0,0.0,0.0,53282.15,53308.4,52783.45,53710.35,0,0.0,0.0,0.0,0.0,-0.01,-1,-1,-0.01,-1,-1,-0.01,-1,-1,-0.01,-1,-1,-0.01,-1,-1,-0.01,-1,-1,-0.01,-1,-1,-0.01,-1,-1,-0.01,-1,-1,-0.01,-1,-1
99926009,2026-05-18 12:14:02+05:30,53079.6,0,0.0,0,0.0,0.0,53282.15,53308.4,52783.45,53710.35,0,0.0,0.0,0.0,0.0,-0.01,-1,-1,-0.01,-1,-1,-0.01,-1,-1,-0.01,-1,-1,-0.01,-1,-1,-0.01,-1,-1,-0.01,-1,-1,-0.01,-1,-1,-0.01,-1,-1,-0.01,-1,-1
99926009,2026-05-18 12:14:03+05:30,53082.6,0,0.0,0,0.0,0.0,53282.15,53308.4,52783.45,53710.35,0,0.0,0.0,0.0,0.0,-0.01,-1,-1,-0.01,-1,-1,-0.01,-1,-1,-0.01,-1,-1,-0.01,-1,-1,-0.01,-1,-1,-0.01,-1,-1,-0.01,-1,-1,-0.01,-1,-1,-0.01,-1,-1
99926009,2026-05-18 12:14:03+05:30,53076.75,0,0.0,0,0.0,0.0,53282.15,53308.4,52783.45,53710.35,0,0.0,0.0,0.0,0.0,-0.01,-1,-1,-0.01,-1,-1,-0.01,-1,-1,-0.01,-1,-1,-0.01,-1,-1,-0.01,-1,-1,-0.01,-1,-1,-0.01,-1,-1,-0.01,-1,-1,-0.01,-1,-1
99926009,2026-05-18 12:14:04+05:30,53079.4,0,0.0,0,0.0,0.0,53282.15,53308.4,52783.45,53710.35,0,0.0,0.0,0.0,0.0,-0.01,-1,-1,-0.01,-1,-1,-0.01,-1,-1,-0.01,-1,-1,-0.01,-1,-1,-0.01,-1,-1,-0.01,-1,-1,-0.01,-1,-1,-0.01,-1,-1,-0.01,-1,-1
99926009,2026-05-18 12:14:04+05:30,53078.85,0,0.0,0,0.0,0.0,53282.15,53308.4,52783.45,53710.35,0,0.0,0.0,0.0,0.0,-0.01,-1,-1,-0.01,-1,-1,-0.01,-1,-1,-0.01,-1,-1,-0.01,-1,-1,-0.01,-1,-1,-0.01,-1,-1,-0.01,-1,-1,-0.01,-1,-1,-0.01,-1,-1
99926009,2026-05-18 12:14:05+05:30,53080.3,0,0.0,0,0.0,0.0,53282.15,53308.4,52783.45,53710.35,0,0.0,0.0,0.0,0.0,-0.01,-1,-1,-0.01,-1,-1,-0.01,-1,-1,-0.01,-1,-1,-0.01,-1,-1,-0.01,-1,-1,-0.01,-1,-1,-0.01,-1,-1,-0.01,-1,-1,-0.01,-1,-1
99926009,2026-05-18 12:14:05+05:30,53079.05,0,0.0,0,0.0,0.0,53282.15,53308.4,52783.45,53710.35,0,0.0,0.0,0.0,0.0,-0.01,-1,-1,-0.01,-1,-1,-0.01,-1,-1,-0.01,-1,-1,-0.01,-1,-1,-0.01,-1,-1,-0.01,-1,-1,-0.01,-1,-1,-0.01,-1,-1,-0.01,-1,-1
99926009,2026-05-18 12:14:06+05:30,53082.0,0,0.0,0,0.0,0.0,53282.15,53308.4,52783.45,53710.35,0,0.0,0.0,0.0,0.0,-0.01,-1,-1,-0.01,-1,-1,-0.01,-1,-1,-0.01,-1,-1,-0.01,-1,-1,-0.01,-1,-1,-0.01,-1,-1,-0.01,-1,-1,-0.01,-1,-1,-0.01,-1,-1
99926009,2026-05-18 12:14:06+05:30,53080.65,0,0.0,0,0.0,0.0,53282.15,53308.4,52783.45,53710.35,0,0.0,0.0,0.0,0.0,-0.01,-1,-1,-0.01,-1,-1,-0.01,-1,-1,-0.01,-1,-1,-0.01,-1,-1,-0.01,-1,-1,-0.01,-1,-1,-0.01,-1,-1,-0.01,-1,-1,-0.01,-1,-1
99926009,2026-05-18 12:14:07+05:30,53082.8,0,0.0,0,0.0,0.0,53282.15,53308.4,52783.45,53710.35,0,0.0,0.0,0.0,0.0,-0.01,-1,-1,-0.01,-1,-1,-0.01,-1,-1,-0.01,-1,-1,-0.01,-1,-1,-0.01,-1,-1,-0.01,-1,-1,-0.01,-1,-1,-0.01,-1,-1,-0.01,-1,-1
99926009,2026-05-18 12:14:07+05:30,53081.25,0,0.0,0,0.0,0.0,53282.15,53308.4,52783.45,53710.35,0,0.0,0.0,0.0,0.0,-0.01,-1,-1,-0.01,-1,-1,-0.01,-1,-1,-0.01,-1,-1,-0.01,-1,-1,-0.01,-1,-1,-0.01,-1,-1,-0.01,-1,-1,-0.01,-1,-1,-0.01,-1,-1
99926009,2026-05-18 12:14:08+05:30,53081.05,0,0.0,0,0.0,0.0,53282.15,53308.4,52783.45,53710.35,0,0.0,0.0,0.0,0.0,-0.01,-1,-1,-0.01,-1,-1,-0.01,-1,-1,-0.01,-1,-1,-0.01,-1,-1,-0.01,-1,-1,-0.01,-1,-1,-0.01,-1,-1,-0.01,-1,-1,-0.01,-1,-1
99926009,2026-05-18 12:14:08+05:30,53077.1,0,0.0,0,0.0,0.0,53282.15,53308.4,52783.45,53710.35,0,0.0,0.0,0.0,0.0,-0.01,-1,-1,-0.01,-1,-1,-0.01,-1,-1,-0.01,-1,-1,-0.01,-1,-1,-0.01,-1,-1,-0.01,-1,-1,-0.01,-1,-1,-0.01,-1,-1,-0.01,-1,-1
99926009,2026-05-18 12:14:09+05:30,53081.55,0,0.0,0,0.0,0.0,53282.15,53308.4,52783.45,53710.35,0,0.0,0.0,0.0,0.0,-0.01,-1,-1,-0.01,-1,-1,-0.01,-1,-1,-0.01,-1,-1,-0.01,-1,-1,-0.01,-1,-1,-0.01,-1,-1,-0.01,-1,-1,-0.01,-1,-1,-0.01,-1,-1
99926009,2026-05-18 12:14:09+05:30,53077.45,0,0.0,0,0.0,0.0,53282.15,53308.4,52783.45,53710.35,0,0.0,0.0,0.0,0.0,-0.01,-1,-1,-0.01,-1,-1,-0.01,-1,-1,-0.01,-1,-1,-0.01,-1,-1,-0.01,-1,-1,-0.01,-1,-1,-0.01,-1,-1,-0.01,-1,-1,-0.01,-1,-1
99926009,2026-05-18 12:14:10+05:30,53081.1,0,0.0,0,0.0,0.0,53282.15,53308.4,52783.45,53710.35,0,0.0,0.0,0.0,0.0,-0.01,-1,-1,-0.01,-1,-1,-0.01,-1,-1,-0.01,-1,-1,-0.01,-1,-1,-0.01,-1,-1,-0.01,-1,-1,-0.01,-1,-1,-0.01,-1,-1,-0.01,-1,-1
99926009,2026-05-18 12:14:10+05:30,53079.3,0,0.0,0,0.0,0.0,53282.15,53308.4,52783.45,53710.35,0,0.0,0.0,0.0,0.0,-0.01,-1,-1,-0.01,-1,-1,-0.01,-1,-1,-0.01,-1,-1,-0.01,-1,-1,-0.01,-1,-1,-0.01,-1,-1,-0.01,-1,-1,-0.01,-1,-1,-0.01,-1,-1
99926009,2026-05-18 12:14:11+05:30,53082.55,0,0.0,0,0.0,0.0,53282.15,53308.4,52783.45,53710.35,0,0.0,0.0,0.0,0.0,-0.01,-1,-1,-0.01,-1,-1,-0.01,-1,-1,-0.01,-1,-1,-0.01,-1,-1,-0.01,-1,-1,-0.01,-1,-1,-0.01,-1,-1,-0.01,-1,-1,-0.01,-1,-1
99926009,2026-05-18 12:14:11+05:30,53082.15,0,0.0,0,0.0,0.0,53282.15,53308.4,52783.45,53710.35,0,0.0,0.0,0.0,0.0,-0.01,-1,-1,-0.01,-1,-1,-0.01,-1,-1,-0.01,-1,-1,-0.01,-1,-1,-0.01,-1,-1,-0.01,-1,-1,-0.01,-1,-1,-0.01,-1,-1,-0.01,-1,-1
99926009,2026-05-18 12:14:12+05:30,53079.8,0,0.0,0,0.0,0.0,53282.15,53308.4,52783.45,53710.35,0,0.0,0.0,0.0,0.0,-0.01,-1,-1,-0.01,-1,-1,-0.01,-1,-1,-0.01,-1,-1,-0.01,-1,-1,-0.01,-1,-1,-0.01,-1,-1,-0.01,-1,-1,-0.01,-1,-1,-0.01,-1,-1
99926009,2026-05-18 12:14:12+05:30,53079.35,0,0.0,0,0.0,0.0,53282.15,53308.4,52783.45,53710.35,0,0.0,0.0,0.0,0.0,-0.01,-1,-1,-0.01,-1,-1,-0.01,-1,-1,-0.01,-1,-1,-0.01,-1,-1,-0.01,-1,-1,-0.01,-1,-1,-0.01,-1,-1,-0.01,-1,-1,-0.01,-1,-1
99926009,2026-05-18 12:14:13+05:30,53078.4,0,0.0,0,0.0,0.0,53282.15,53308.4,52783.45,53710.35,0,0.0,0.0,0.0,0.0,-0.01,-1,-1,-0.01,-1,-1,-0.01,-1,-1,-0.01,-1,-1,-0.01,-1,-1,-0.01,-1,-1,-0.01,-1,-1,-0.01,-1,-1,-0.01,-1,-1,-0.01,-1,-1
99926009,2026-05-18 12:14:13+05:30,53078.5,0,0.0,0,0.0,0.0,53282.15,53308.4,52783.45,53710.35,0,0.0,0.0,0.0,0.0,-0.01,-1,-1,-0.01,-1,-1,-0.01,-1,-1,-0.01,-1,-1,-0.01,-1,-1,-0.01,-1,-1,-0.01,-1,-1,-0.01,-1,-1,-0.01,-1,-1,-0.01,-1,-1
99926009,2026-05-18 12:14:14+05:30,53080.3,0,0.0,0,0.0,0.0,53282.15,53308.4,52783.45,53710.35,0,0.0,0.0,0.0,0.0,-0.01,-1,-1,-0.01,-1,-1,-0.01,-1,-1,-0.01,-1,-1,-0.01,-1,-1,-0.01,-1,-1,-0.01,-1,-1,-0.01,-1,-1,-0.01,-1,-1,-0.01,-1,-1
99926009,2026-05-18 12:14:14+05:30,53077.95,0,0.0,0,0.0,0.0,53282.15,53308.4,52783.45,53710.35,0,0.0,0.0,0.0,0.0,-0.01,-1,-1,-0.01,-1,-1,-0.01,-1,-1,-0.01,-1,-1,-0.01,-1,-1,-0.01,-1,-1,-0.01,-1,-1,-0.01,-1,-1,-0.01,-1,-1,-0.01,-1,-1
99926009,2026-05-18 12:14:15+05:30,53082.1,0,0.0,0,0.0,0.0,53282.15,53308.4,52783.45,53710.35,0,0.0,0.0,0.0,0.0,-0.01,-1,-1,-0.01,-1,-1,-0.01,-1,-1,-0.01,-1,-1,-0.01,-1,-1,-0.01,-1,-1,-0.01,-1,-1,-0.01,-1,-1,-0.01,-1,-1,-0.01,-1,-1
99926009,2026-05-18 12:14:15+05:30,53080.55,0,0.0,0,0.0,0.0,53282.15,53308.4,52783.45,53710.35,0,0.0,0.0,0.0,0.0,-0.01,-1,-1,-0.01,-1,-1,-0.01,-1,-1,-0.01,-1,-1,-0.01,-1,-1,-0.01,-1,-1,-0.01,-1,-1,-0.01,-1,-1,-0.01,-1,-1,-0.01,-1,-1
99926009,2026-05-18 12:14:16+05:30,53083.1,0,0.0,0,0.0,0.0,53282.15,53308.4,52783.45,53710.35,0,0.0,0.0,0.0,0.0,-0.01,-1,-1,-0.01,-1,-1,-0.01,-1,-1,-0.01,-1,-1,-0.01,-1,-1,-0.01,-1,-1,-0.01,-1,-1,-0.01,-1,-1,-0.01,-1,-1,-0.01,-1,-1
99926009,2026-05-18 12:14:16+05:30,53083.1,0,0.0,0,0.0,0.0,53282.15,53308.4,52783.45,53710.35,0,0.0,0.0,0.0,0.0,-0.01,-1,-1,-0.01,-1,-1,-0.01,-1,-1,-0.01,-1,-1,-0.01,-1,-1,-0.01,-1,-1,-0.01,-1,-1,-0.01,-1,-1,-0.01,-1,-1,-0.01,-1,-1
99926009,2026-05-18 12:14:17+05:30,53082.9,0,0.0,0,0.0,0.0,53282.15,53308.4,52783.45,53710.35,0,0.0,0.0,0.0,0.0,-0.01,-1,-1,-0.01,-1,-1,-0.01,-1,-1,-0.01,-1,-1,-0.01,-1,-1,-0.01,-1,-1,-0.01,-1,-1,-0.01,-1,-1,-0.01,-1,-1,-0.01,-1,-1
99926009,2026-05-18 12:14:17+05:30,53079.2,0,0.0,0,0.0,0.0,53282.15,53308.4,52783.45,53710.35,0,0.0,0.0,0.0,0.0,-0.01,-1,-1,-0.01,-1,-1,-0.01,-1,-1,-0.01,-1,-1,-0.01,-1,-1,-0.01,-1,-1,-0.01,-1,-1,-0.01,-1,-1,-0.01,-1,-1,-0.01,-1,-1
99926009,2026-05-18 12:14:18+05:30,53081.5,0,0.0,0,0.0,0.0,53282.15,53308.4,52783.45,53710.35,0,0.0,0.0,0.0,0.0,-0.01,-1,-1,-0.01,-1,-1,-0.01,-1,-1,-0.01,-1,-1,-0.01,-1,-1,-0.01,-1,-1,-0.01,-1,-1,-0.01,-1,-1,-0.01,-1,-1,-0.01,-1,-1
99926009,2026-05-18 12:14:18+05:30,53081.2,0,0.0,0,0.0,0.0,53282.15,53308.4,52783.45,53710.35,0,0.0,0.0,0.0,0.0,-0.01,-1,-1,-0.01,-1,-1,-0.01,-1,-1,-0.01,-1,-1,-0.01,-1,-1,-0.01,-1,-1,-0.01,-1,-1,-0.01,-1,-1,-0.01,-1,-1,-0.01,-1,-1
99926009,2026-05-18 12:14:19+05:30,53081.85,0,0.0,0,0.0,0.0,53282.15,53308.4,52783.45,53710.35,0,0.0,0.0,0.0,0.0,-0.01,-1,-1,-0.01,-1,-1,-0.01,-1,-1,-0.01,-1,-1,-0.01,-1,-1,-0.01,-1,-1,-0.01,-1,-1,-0.01,-1,-1,-0.01,-1,-1,-0.01,-1,-1
99926009,2026-05-18 12:14:19+05:30,53080.35,0,0.0,0,0.0,0.0,53282.15,53308.4,52783.45,53710.35,0,0.0,0.0,0.0,0.0,-0.01,-1,-1,-0.01,-1,-1,-0.01,-1,-1,-0.01,-1,-1,-0.01,-1,-1,-0.01,-1,-1,-0.01,-1,-1,-0.01,-1,-1,-0.01,-1,-1,-0.01,-1,-1
99926009,2026-05-18 12:14:20+05:30,53084.55,0,0.0,0,0.0,0.0,53282.15,53308.4,52783.45,53710.35,0,0.0,0.0,0.0,0.0,-0.01,-1,-1,-0.01,-1,-1,-0.01,-1,-1,-0.01,-1,-1,-0.01,-1,-1,-0.01,-1,-1,-0.01,-1,-1,-0.01,-1,-1,-0.01,-1,-1,-0.01,-1,-1
99926009,2026-05-18 12:14:20+05:30,53083.25,0,0.0,0,0.0,0.0,53282.15,53308.4,52783.45,53710.35,0,0.0,0.0,0.0,0.0,-0.01,-1,-1,-0.01,-1,-1,-0.01,-1,-1,-0.01,-1,-1,-0.01,-1,-1,-0.01,-1,-1,-0.01,-1,-1,-0.01,-1,-1,-0.01,-1,-1,-0.01,-1,-1
99926009,2026-05-18 12:14:21+05:30,53083.75,0,0.0,0,0.0,0.0,53282.15,53308.4,52783.45,53710.35,0,0.0,0.0,0.0,0.0,-0.01,-1,-1,-0.01,-1,-1,-0.01,-1,-1,-0.01,-1,-1,-0.01,-1,-1,-0.01,-1,-1,-0.01,-1,-1,-0.01,-1,-1,-0.01,-1,-1,-0.01,-1,-1
99926009,2026-05-18 12:14:21+05:30,53082.5,0,0.0,0,0.0,0.0,53282.15,53308.4,52783.45,53710.35,0,0.0,0.0,0.0,0.0,-0.01,-1,-1,-0.01,-1,-1,-0.01,-1,-1,-0.01,-1,-1,-0.01,-1,-1,-0.01,-1,-1,-0.01,-1,-1,-0.01,-1,-1,-0.01,-1,-1,-0.01,-1,-1
99926009,2026-05-18 12:14:22+05:30,53080.05,0,0.0,0,0.0,0.0,53282.15,53308.4,52783.45,53710.35,0,0.0,0.0,0.0,0.0,-0.01,-1,-1,-0.01,-1,-1,-0.01,-1,-1,-0.01,-1,-1,-0.01,-1,-1,-0.01,-1,-1,-0.01,-1,-1,-0.01,-1,-1,-0.01,-1,-1,-0.01,-1,-1
99926009,2026-05-18 12:14:22+05:30,53078.95,0,0.0,0,0.0,0.0,53282.15,53308.4,52783.45,53710.35,0,0.0,0.0,0.0,0.0,-0.01,-1,-1,-0.01,-1,-1,-0.01,-1,-1,-0.01,-1,-1,-0.01,-1,-1,-0.01,-1,-1,-0.01,-1,-1,-0.01,-1,-1,-0.01,-1,-1,-0.01,-1,-1
99926009,2026-05-18 12:14:23+05:30,53080.15,0,0.0,0,0.0,0.0,53282.15,53308.4,52783.45,53710.35,0,0.0,0.0,0.0,0.0,-0.01,-1,-1,-0.01,-1,-1,-0.01,-1,-1,-0.01,-1,-1,-0.01,-1,-1,-0.01,-1,-1,-0.01,-1,-1,-0.01,-1,-1,-0.01,-1,-1,-0.01,-1,-1
99926009,2026-05-18 12:14:23+05:30,53079.8,0,0.0,0,0.0,0.0,53282.15,53308.4,52783.45,53710.35,0,0.0,0.0,0.0,0.0,-0.01,-1,-1,-0.01,-1,-1,-0.01,-1,-1,-0.01,-1,-1,-0.01,-1,-1,-0.01,-1,-1,-0.01,-1,-1,-0.01,-1,-1,-0.01,-1,-1,-0.01,-1,-1
99926009,2026-05-18 12:14:24+05:30,53078.8,0,0.0,0,0.0,0.0,53282.15,53308.4,52783.45,53710.35,0,0.0,0.0,0.0,0.0,-0.01,-1,-1,-0.01,-1,-1,-0.01,-1,-1,-0.01,-1,-1,-0.01,-1,-1,-0.01,-1,-1,-0.01,-1,-1,-0.01,-1,-1,-0.01,-1,-1,-0.01,-1,-1
99926009,2026-05-18 12:14:24+05:30,53080.25,0,0.0,0,0.0,0.0,53282.15,53308.4,52783.45,53710.35,0,0.0,0.0,0.0,0.0,-0.01,-1,-1,-0.01,-1,-1,-0.01,-1,-1,-0.01,-1,-1,-0.01,-1,-1,-0.01,-1,-1,-0.01,-1,-1,-0.01,-1,-1,-0.01,-1,-1,-0.01,-1,-1
99926009,2026-05-18 12:14:25+05:30,53085.75,0,0.0,0,0.0,0.0,53282.15,53308.4,52783.45,53710.35,0,0.0,0.0,0.0,0.0,-0.01,-1,-1,-0.01,-1,-1,-0.01,-1,-1,-0.01,-1,-1,-0.01,-1,-1,-0.01,-1,-1,-0.01,-1,-1,-0.01,-1,-1,-0.01,-1,-1,-0.01,-1,-1
99926009,2026-05-18 12:14:25+05:30,53082.7,0,0.0,0,0.0,0.0,53282.15,53308.4,52783.45,53710.35,0,0.0,0.0,0.0,0.0,-0.01,-1,-1,-0.01,-1,-1,-0.01,-1,-1,-0.01,-1,-1,-0.01,-1,-1,-0.01,-1,-1,-0.01,-1,-1,-0.01,-1,-1,-0.01,-1,-1,-0.01,-1,-1
99926009,2026-05-18 12:14:26+05:30,53087.1,0,0.0,0,0.0,0.0,53282.15,53308.4,52783.45,53710.35,0,0.0,0.0,0.0,0.0,-0.01,-1,-1,-0.01,-1,-1,-0.01,-1,-1,-0.01,-1,-1,-0.01,-1,-1,-0.01,-1,-1,-0.01,-1,-1,-0.01,-1,-1,-0.01,-1,-1,-0.01,-1,-1
99926009,2026-05-18 12:14:26+05:30,53084.55,0,0.0,0,0.0,0.0,53282.15,53308.4,52783.45,53710.35,0,0.0,0.0,0.0,0.0,-0.01,-1,-1,-0.01,-1,-1,-0.01,-1,-1,-0.01,-1,-1,-0.01,-1,-1,-0.01,-1,-1,-0.01,-1,-1,-0.01,-1,-1,-0.01,-1,-1,-0.01,-1,-1
99926009,2026-05-18 12:14:27+05:30,53080.2,0,0.0,0,0.0,0.0,53282.15,53308.4,52783.45,53710.35,0,0.0,0.0,0.0,0.0,-0.01,-1,-1,-0.01,-1,-1,-0.01,-1,-1,-0.01,-1,-1,-0.01,-1,-1,-0.01,-1,-1,-0.01,-1,-1,-0.01,-1,-1,-0.01,-1,-1,-0.01,-1,-1
99926009,2026-05-18 12:14:27+05:30,53084.85,0,0.0,0,0.0,0.0,53282.15,53308.4,52783.45,53710.35,0,0.0,0.0,0.0,0.0,-0.01,-1,-1,-0.01,-1,-1,-0.01,-1,-1,-0.01,-1,-1,-0.01,-1,-1,-0.01,-1,-1,-0.01,-1,-1,-0.01,-1,-1,-0.01,-1,-1,-0.01,-1,-1
99926009,2026-05-18 12:14:28+05:30,53083.8,0,0.0,0,0.0,0.0,53282.15,53308.4,52783.45,53710.35,0,0.0,0.0,0.0,0.0,-0.01,-1,-1,-0.01,-1,-1,-0.01,-1,-1,-0.01,-1,-1,-0.01,-1,-1,-0.01,-1,-1,-0.01,-1,-1,-0.01,-1,-1,-0.01,-1,-1,-0.01,-1,-1
99926009,2026-05-18 12:14:28+05:30,53080.9,0,0.0,0,0.0,0.0,53282.15,53308.4,52783.45,53710.35,0,0.0,0.0,0.0,0.0,-0.01,-1,-1,-0.01,-1,-1,-0.01,-1,-1,-0.01,-1,-1,-0.01,-1,-1,-0.01,-1,-1,-0.01,-1,-1,-0.01,-1,-1,-0.01,-1,-1,-0.01,-1,-1
99926009,2026-05-18 12:14:29+05:30,53080.9,0,0.0,0,0.0,0.0,53282.15,53308.4,52783.45,53710.35,0,0.0,0.0,0.0,0.0,-0.01,-1,-1,-0.01,-1,-1,-0.01,-1,-1,-0.01,-1,-1,-0.01,-1,-1,-0.01,-1,-1,-0.01,-1,-1,-0.01,-1,-1,-0.01,-1,-1,-0.01,-1,-1
99926009,2026-05-18 12:14:29+05:30,53081.25,0,0.0,0,0.0,0.0,53282.15,53308.4,52783.45,53710.35,0,0.0,0.0,0.0,0.0,-0.01,-1,-1,-0.01,-1,-1,-0.01,-1,-1,-0.01,-1,-1,-0.01,-1,-1,-0.01,-1,-1,-0.01,-1,-1,-0.01,-1,-1,-0.01,-1,-1,-0.01,-1,-1
99926009,2026-05-18 12:14:30+05:30,53081.9,0,0.0,0,0.0,0.0,53282.15,53308.4,52783.45,53710.35,0,0.0,0.0,0.0,0.0,-0.01,-1,-1,-0.01,-1,-1,-0.01,-1,-1,-0.01,-1,-1,-0.01,-1,-1,-0.01,-1,-1,-0.01,-1,-1,-0.01,-1,-1,-0.01,-1,-1,-0.01,-1,-1
99926009,2026-05-18 12:14:30+05:30,53081.4,0,0.0,0,0.0,0.0,53282.15,53308.4,52783.45,53710.35,0,0.0,0.0,0.0,0.0,-0.01,-1,-1,-0.01,-1,-1,-0.01,-1,-1,-0.01,-1,-1,-0.01,-1,-1,-0.01,-1,-1,-0.01,-1,-1,-0.01,-1,-1,-0.01,-1,-1,-0.01,-1,-1
99926009,2026-05-18 12:14:31+05:30,53082.6,0,0.0,0,0.0,0.0,53282.15,53308.4,52783.45,53710.35,0,0.0,0.0,0.0,0.0,-0.01,-1,-1,-0.01,-1,-1,-0.01,-1,-1,-0.01,-1,-1,-0.01,-1,-1,-0.01,-1,-1,-0.01,-1,-1,-0.01,-1,-1,-0.01,-1,-1,-0.01,-1,-1
99926009,2026-05-18 12:14:31+05:30,53081.65,0,0.0,0,0.0,0.0,53282.15,53308.4,52783.45,53710.35,0,0.0,0.0,0.0,0.0,-0.01,-1,-1,-0.01,-1,-1,-0.01,-1,-1,-0.01,-1,-1,-0.01,-1,-1,-0.01,-1,-1,-0.01,-1,-1,-0.01,-1,-1,-0.01,-1,-1,-0.01,-1,-1
99926009,2026-05-18 12:14:32+05:30,53080.9,0,0.0,0,0.0,0.0,53282.15,53308.4,52783.45,53710.35,0,0.0,0.0,0.0,0.0,-0.01,-1,-1,-0.01,-1,-1,-0.01,-1,-1,-0.01,-1,-1,-0.01,-1,-1,-0.01,-1,-1,-0.01,-1,-1,-0.01,-1,-1,-0.01,-1,-1,-0.01,-1,-1
99926009,2026-05-18 12:14:32+05:30,53080.75,0,0.0,0,0.0,0.0,53282.15,53308.4,52783.45,53710.35,0,0.0,0.0,0.0,0.0,-0.01,-1,-1,-0.01,-1,-1,-0.01,-1,-1,-0.01,-1,-1,-0.01,-1,-1,-0.01,-1,-1,-0.01,-1,-1,-0.01,-1,-1,-0.01,-1,-1,-0.01,-1,-1
99926009,2026-05-18 12:14:33+05:30,53083.35,0,0.0,0,0.0,0.0,53282.15,53308.4,52783.45,53710.35,0,0.0,0.0,0.0,0.0,-0.01,-1,-1,-0.01,-1,-1,-0.01,-1,-1,-0.01,-1,-1,-0.01,-1,-1,-0.01,-1,-1,-0.01,-1,-1,-0.01,-1,-1,-0.01,-1,-1,-0.01,-1,-1
99926009,2026-05-18 12:14:33+05:30,53084.55,0,0.0,0,0.0,0.0,53282.15,53308.4,52783.45,53710.35,0,0.0,0.0,0.0,0.0,-0.01,-1,-1,-0.01,-1,-1,-0.01,-1,-1,-0.01,-1,-1,-0.01,-1,-1,-0.01,-1,-1,-0.01,-1,-1,-0.01,-1,-1,-0.01,-1,-1,-0.01,-1,-1
99926009,2026-05-18 12:14:34+05:30,53085.35,0,0.0,0,0.0,0.0,53282.15,53308.4,52783.45,53710.35,0,0.0,0.0,0.0,0.0,-0.01,-1,-1,-0.01,-1,-1,-0.01,-1,-1,-0.01,-1,-1,-0.01,-1,-1,-0.01,-1,-1,-0.01,-1,-1,-0.01,-1,-1,-0.01,-1,-1,-0.01,-1,-1
99926009,2026-05-18 12:14:34+05:30,53082.75,0,0.0,0,0.0,0.0,53282.15,53308.4,52783.45,53710.35,0,0.0,0.0,0.0,0.0,-0.01,-1,-1,-0.01,-1,-1,-0.01,-1,-1,-0.01,-1,-1,-0.01,-1,-1,-0.01,-1,-1,-0.01,-1,-1,-0.01,-1,-1,-0.01,-1,-1,-0.01,-1,-1
99926009,2026-05-18 12:14:35+05:30,53085.55,0,0.0,0,0.0,0.0,53282.15,53308.4,52783.45,53710.35,0,0.0,0.0,0.0,0.0,-0.01,-1,-1,-0.01,-1,-1,-0.01,-1,-1,-0.01,-1,-1,-0.01,-1,-1,-0.01,-1,-1,-0.01,-1,-1,-0.01,-1,-1,-0.01,-1,-1,-0.01,-1,-1
99926009,2026-05-18 12:14:35+05:30,53086.85,0,0.0,0,0.0,0.0,53282.15,53308.4,52783.45,53710.35,0,0.0,0.0,0.0,0.0,-0.01,-1,-1,-0.01,-1,-1,-0.01,-1,-1,-0.01,-1,-1,-0.01,-1,-1,-0.01,-1,-1,-0.01,-1,-1,-0.01,-1,-1,-0.01,-1,-1,-0.01,-1,-1
99926009,2026-05-18 12:14:36+05:30,53087.15,0,0.0,0,0.0,0.0,53282.15,53308.4,52783.45,53710.35,0,0.0,0.0,0.0,0.0,-0.01,-1,-1,-0.01,-1,-1,-0.01,-1,-1,-0.01,-1,-1,-0.01,-1,-1,-0.01,-1,-1,-0.01,-1,-1,-0.01,-1,-1,-0.01,-1,-1,-0.01,-1,-1
99926009,2026-05-18 12:14:36+05:30,53080.95,0,0.0,0,0.0,0.0,53282.15,53308.4,52783.45,53710.35,0,0.0,0.0,0.0,0.0,-0.01,-1,-1,-0.01,-1,-1,-0.01,-1,-1,-0.01,-1,-1,-0.01,-1,-1,-0.01,-1,-1,-0.01,-1,-1,-0.01,-1,-1,-0.01,-1,-1,-0.01,-1,-1
99926009,2026-05-18 12:14:37+05:30,53082.55,0,0.0,0,0.0,0.0,53282.15,53308.4,52783.45,53710.35,0,0.0,0.0,0.0,0.0,-0.01,-1,-1,-0.01,-1,-1,-0.01,-1,-1,-0.01,-1,-1,-0.01,-1,-1,-0.01,-1,-1,-0.01,-1,-1,-0.01,-1,-1,-0.01,-1,-1,-0.01,-1,-1
99926009,2026-05-18 12:14:37+05:30,53083.15,0,0.0,0,0.0,0.0,53282.15,53308.4,52783.45,53710.35,0,0.0,0.0,0.0,0.0,-0.01,-1,-1,-0.01,-1,-1,-0.01,-1,-1,-0.01,-1,-1,-0.01,-1,-1,-0.01,-1,-1,-0.01,-1,-1,-0.01,-1,-1,-0.01,-1,-1,-0.01,-1,-1
99926009,2026-05-18 12:14:38+05:30,53080.8,0,0.0,0,0.0,0.0,53282.15,53308.4,52783.45,53710.35,0,0.0,0.0,0.0,0.0,-0.01,-1,-1,-0.01,-1,-1,-0.01,-1,-1,-0.01,-1,-1,-0.01,-1,-1,-0.01,-1,-1,-0.01,-1,-1,-0.01,-1,-1,-0.01,-1,-1,-0.01,-1,-1
99926009,2026-05-18 12:14:38+05:30,53082.3,0,0.0,0,0.0,0.0,53282.15,53308.4,52783.45,53710.35,0,0.0,0.0,0.0,0.0,-0.01,-1,-1,-0.01,-1,-1,-0.01,-1,-1,-0.01,-1,-1,-0.01,-1,-1,-0.01,-1,-1,-0.01,-1,-1,-0.01,-1,-1,-0.01,-1,-1,-0.01,-1,-1
99926009,2026-05-18 12:14:39+05:30,53083.85,0,0.0,0,0.0,0.0,53282.15,53308.4,52783.45,53710.35,0,0.0,0.0,0.0,0.0,-0.01,-1,-1,-0.01,-1,-1,-0.01,-1,-1,-0.01,-1,-1,-0.01,-1,-1,-0.01,-1,-1,-0.01,-1,-1,-0.01,-1,-1,-0.01,-1,-1,-0.01,-1,-1
99926009,2026-05-18 12:14:39+05:30,53082.0,0,0.0,0,0.0,0.0,53282.15,53308.4,52783.45,53710.35,0,0.0,0.0,0.0,0.0,-0.01,-1,-1,-0.01,-1,-1,-0.01,-1,-1,-0.01,-1,-1,-0.01,-1,-1,-0.01,-1,-1,-0.01,-1,-1,-0.01,-1,-1,-0.01,-1,-1,-0.01,-1,-1
99926009,2026-05-18 12:14:40+05:30,53084.95,0,0.0,0,0.0,0.0,53282.15,53308.4,52783.45,53710.35,0,0.0,0.0,0.0,0.0,-0.01,-1,-1,-0.01,-1,-1,-0.01,-1,-1,-0.01,-1,-1,-0.01,-1,-1,-0.01,-1,-1,-0.01,-1,-1,-0.01,-1,-1,-0.01,-1,-1,-0.01,-1,-1
99926009,2026-05-18 12:14:40+05:30,53082.9,0,0.0,0,0.0,0.0,53282.15,53308.4,52783.45,53710.35,0,0.0,0.0,0.0,0.0,-0.01,-1,-1,-0.01,-1,-1,-0.01,-1,-1,-0.01,-1,-1,-0.01,-1,-1,-0.01,-1,-1,-0.01,-1,-1,-0.01,-1,-1,-0.01,-1,-1,-0.01,-1,-1
99926009,2026-05-18 12:14:41+05:30,53087.35,0,0.0,0,0.0,0.0,53282.15,53308.4,52783.45,53710.35,0,0.0,0.0,0.0,0.0,-0.01,-1,-1,-0.01,-1,-1,-0.01,-1,-1,-0.01,-1,-1,-0.01,-1,-1,-0.01,-1,-1,-0.01,-1,-1,-0.01,-1,-1,-0.01,-1,-1,-0.01,-1,-1
99926009,2026-05-18 12:14:41+05:30,53085.7,0,0.0,0,0.0,0.0,53282.15,53308.4,52783.45,53710.35,0,0.0,0.0,0.0,0.0,-0.01,-1,-1,-0.01,-1,-1,-0.01,-1,-1,-0.01,-1,-1,-0.01,-1,-1,-0.01,-1,-1,-0.01,-1,-1,-0.01,-1,-1,-0.01,-1,-1,-0.01,-1,-1
99926009,2026-05-18 12:14:42+05:30,53083.05,0,0.0,0,0.0,0.0,53282.15,53308.4,52783.45,53710.35,0,0.0,0.0,0.0,0.0,-0.01,-1,-1,-0.01,-1,-1,-0.01,-1,-1,-0.01,-1,-1,-0.01,-1,-1,-0.01,-1,-1,-0.01,-1,-1,-0.01,-1,-1,-0.01,-1,-1,-0.01,-1,-1
99926009,2026-05-18 12:14:42+05:30,53087.7,0,0.0,0,0.0,0.0,53282.15,53308.4,52783.45,53710.35,0,0.0,0.0,0.0,0.0,-0.01,-1,-1,-0.01,-1,-1,-0.01,-1,-1,-0.01,-1,-1,-0.01,-1,-1,-0.01,-1,-1,-0.01,-1,-1,-0.01,-1,-1,-0.01,-1,-1,-0.01,-1,-1
99926009,2026-05-18 12:14:43+05:30,53086.5,0,0.0,0,0.0,0.0,53282.15,53308.4,52783.45,53710.35,0,0.0,0.0,0.0,0.0,-0.01,-1,-1,-0.01,-1,-1,-0.01,-1,-1,-0.01,-1,-1,-0.01,-1,-1,-0.01,-1,-1,-0.01,-1,-1,-0.01,-1,-1,-0.01,-1,-1,-0.01,-1,-1
99926009,2026-05-18 12:14:43+05:30,53085.55,0,0.0,0,0.0,0.0,53282.15,53308.4,52783.45,53710.35,0,0.0,0.0,0.0,0.0,-0.01,-1,-1,-0.01,-1,-1,-0.01,-1,-1,-0.01,-1,-1,-0.01,-1,-1,-0.01,-1,-1,-0.01,-1,-1,-0.01,-1,-1,-0.01,-1,-1,-0.01,-1,-1
99926009,2026-05-18 12:14:44+05:30,53086.5,0,0.0,0,0.0,0.0,53282.15,53308.4,52783.45,53710.35,0,0.0,0.0,0.0,0.0,-0.01,-1,-1,-0.01,-1,-1,-0.01,-1,-1,-0.01,-1,-1,-0.01,-1,-1,-0.01,-1,-1,-0.01,-1,-1,-0.01,-1,-1,-0.01,-1,-1,-0.01,-1,-1
99926009,2026-05-18 12:14:44+05:30,53086.45,0,0.0,0,0.0,0.0,53282.15,53308.4,52783.45,53710.35,0,0.0,0.0,0.0,0.0,-0.01,-1,-1,-0.01,-1,-1,-0.01,-1,-1,-0.01,-1,-1,-0.01,-1,-1,-0.01,-1,-1,-0.01,-1,-1,-0.01,-1,-1,-0.01,-1,-1,-0.01,-1,-1
99926009,2026-05-18 12:14:45+05:30,53086.65,0,0.0,0,0.0,0.0,53282.15,53308.4,52783.45,53710.35,0,0.0,0.0,0.0,0.0,-0.01,-1,-1,-0.01,-1,-1,-0.01,-1,-1,-0.01,-1,-1,-0.01,-1,-1,-0.01,-1,-1,-0.01,-1,-1,-0.01,-1,-1,-0.01,-1,-1,-0.01,-1,-1
99926009,2026-05-18 12:14:45+05:30,53088.2,0,0.0,0,0.0,0.0,53282.15,53308.4,52783.45,53710.35,0,0.0,0.0,0.0,0.0,-0.01,-1,-1,-0.01,-1,-1,-0.01,-1,-1,-0.01,-1,-1,-0.01,-1,-1,-0.01,-1,-1,-0.01,-1,-1,-0.01,-1,-1,-0.01,-1,-1,-0.01,-1,-1
99926009,2026-05-18 12:14:46+05:30,53090.4,0,0.0,0,0.0,0.0,53282.15,53308.4,52783.45,53710.35,0,0.0,0.0,0.0,0.0,-0.01,-1,-1,-0.01,-1,-1,-0.01,-1,-1,-0.01,-1,-1,-0.01,-1,-1,-0.01,-1,-1,-0.01,-1,-1,-0.01,-1,-1,-0.01,-1,-1,-0.01,-1,-1
99926009,2026-05-18 12:14:46+05:30,53088.4,0,0.0,0,0.0,0.0,53282.15,53308.4,52783.45,53710.35,0,0.0,0.0,0.0,0.0,-0.01,-1,-1,-0.01,-1,-1,-0.01,-1,-1,-0.01,-1,-1,-0.01,-1,-1,-0.01,-1,-1,-0.01,-1,-1,-0.01,-1,-1,-0.01,-1,-1,-0.01,-1,-1
99926009,2026-05-18 12:14:47+05:30,53089.85,0,0.0,0,0.0,0.0,53282.15,53308.4,52783.45,53710.35,0,0.0,0.0,0.0,0.0,-0.01,-1,-1,-0.01,-1,-1,-0.01,-1,-1,-0.01,-1,-1,-0.01,-1,-1,-0.01,-1,-1,-0.01,-1,-1,-0.01,-1,-1,-0.01,-1,-1,-0.01,-1,-1
99926009,2026-05-18 12:14:47+05:30,53088.4,0,0.0,0,0.0,0.0,53282.15,53308.4,52783.45,53710.35,0,0.0,0.0,0.0,0.0,-0.01,-1,-1,-0.01,-1,-1,-0.01,-1,-1,-0.01,-1,-1,-0.01,-1,-1,-0.01,-1,-1,-0.01,-1,-1,-0.01,-1,-1,-0.01,-1,-1,-0.01,-1,-1
99926009,2026-05-18 12:14:48+05:30,53091.0,0,0.0,0,0.0,0.0,53282.15,53308.4,52783.45,53710.35,0,0.0,0.0,0.0,0.0,-0.01,-1,-1,-0.01,-1,-1,-0.01,-1,-1,-0.01,-1,-1,-0.01,-1,-1,-0.01,-1,-1,-0.01,-1,-1,-0.01,-1,-1,-0.01,-1,-1,-0.01,-1,-1
99926009,2026-05-18 12:14:48+05:30,53089.75,0,0.0,0,0.0,0.0,53282.15,53308.4,52783.45,53710.35,0,0.0,0.0,0.0,0.0,-0.01,-1,-1,-0.01,-1,-1,-0.01,-1,-1,-0.01,-1,-1,-0.01,-1,-1,-0.01,-1,-1,-0.01,-1,-1,-0.01,-1,-1,-0.01,-1,-1,-0.01,-1,-1
99926009,2026-05-18 12:14:49+05:30,53099.6,0,0.0,0,0.0,0.0,53282.15,53308.4,52783.45,53710.35,0,0.0,0.0,0.0,0.0,-0.01,-1,-1,-0.01,-1,-1,-0.01,-1,-1,-0.01,-1,-1,-0.01,-1,-1,-0.01,-1,-1,-0.01,-1,-1,-0.01,-1,-1,-0.01,-1,-1,-0.01,-1,-1
99926009,2026-05-18 12:14:49+05:30,53098.5,0,0.0,0,0.0,0.0,53282.15,53308.4,52783.45,53710.35,0,0.0,0.0,0.0,0.0,-0.01,-1,-1,-0.01,-1,-1,-0.01,-1,-1,-0.01,-1,-1,-0.01,-1,-1,-0.01,-1,-1,-0.01,-1,-1,-0.01,-1,-1,-0.01,-1,-1,-0.01,-1,-1
99926009,2026-05-18 12:14:50+05:30,53104.6,0,0.0,0,0.0,0.0,53282.15,53308.4,52783.45,53710.35,0,0.0,0.0,0.0,0.0,-0.01,-1,-1,-0.01,-1,-1,-0.01,-1,-1,-0.01,-1,-1,-0.01,-1,-1,-0.01,-1,-1,-0.01,-1,-1,-0.01,-1,-1,-0.01,-1,-1,-0.01,-1,-1
99926009,2026-05-18 12:14:50+05:30,53104.4,0,0.0,0,0.0,0.0,53282.15,53308.4,52783.45,53710.35,0,0.0,0.0,0.0,0.0,-0.01,-1,-1,-0.01,-1,-1,-0.01,-1,-1,-0.01,-1,-1,-0.01,-1,-1,-0.01,-1,-1,-0.01,-1,-1,-0.01,-1,-1,-0.01,-1,-1,-0.01,-1,-1
99926009,2026-05-18 12:14:51+05:30,53104.25,0,0.0,0,0.0,0.0,53282.15,53308.4,52783.45,53710.35,0,0.0,0.0,0.0,0.0,-0.01,-1,-1,-0.01,-1,-1,-0.01,-1,-1,-0.01,-1,-1,-0.01,-1,-1,-0.01,-1,-1,-0.01,-1,-1,-0.01,-1,-1,-0.01,-1,-1,-0.01,-1,-1
99926009,2026-05-18 12:14:51+05:30,53103.9,0,0.0,0,0.0,0.0,53282.15,53308.4,52783.45,53710.35,0,0.0,0.0,0.0,0.0,-0.01,-1,-1,-0.01,-1,-1,-0.01,-1,-1,-0.01,-1,-1,-0.01,-1,-1,-0.01,-1,-1,-0.01,-1,-1,-0.01,-1,-1,-0.01,-1,-1,-0.01,-1,-1
99926009,2026-05-18 12:14:52+05:30,53105.1,0,0.0,0,0.0,0.0,53282.15,53308.4,52783.45,53710.35,0,0.0,0.0,0.0,0.0,-0.01,-1,-1,-0.01,-1,-1,-0.01,-1,-1,-0.01,-1,-1,-0.01,-1,-1,-0.01,-1,-1,-0.01,-1,-1,-0.01,-1,-1,-0.01,-1,-1,-0.01,-1,-1
99926009,2026-05-18 12:14:52+05:30,53105.3,0,0.0,0,0.0,0.0,53282.15,53308.4,52783.45,53710.35,0,0.0,0.0,0.0,0.0,-0.01,-1,-1,-0.01,-1,-1,-0.01,-1,-1,-0.01,-1,-1,-0.01,-1,-1,-0.01,-1,-1,-0.01,-1,-1,-0.01,-1,-1,-0.01,-1,-1,-0.01,-1,-1
99926009,2026-05-18 12:14:53+05:30,53106.85,0,0.0,0,0.0,0.0,53282.15,53308.4,52783.45,53710.35,0,0.0,0.0,0.0,0.0,-0.01,-1,-1,-0.01,-1,-1,-0.01,-1,-1,-0.01,-1,-1,-0.01,-1,-1,-0.01,-1,-1,-0.01,-1,-1,-0.01,-1,-1,-0.01,-1,-1,-0.01,-1,-1
99926009,2026-05-18 12:14:53+05:30,53107.35,0,0.0,0,0.0,0.0,53282.15,53308.4,52783.45,53710.35,0,0.0,0.0,0.0,0.0,-0.01,-1,-1,-0.01,-1,-1,-0.01,-1,-1,-0.01,-1,-1,-0.01,-1,-1,-0.01,-1,-1,-0.01,-1,-1,-0.01,-1,-1,-0.01,-1,-1,-0.01,-1,-1
99926009,2026-05-18 12:14:54+05:30,53109.5,0,0.0,0,0.0,0.0,53282.15,53308.4,52783.45,53710.35,0,0.0,0.0,0.0,0.0,-0.01,-1,-1,-0.01,-1,-1,-0.01,-1,-1,-0.01,-1,-1,-0.01,-1,-1,-0.01,-1,-1,-0.01,-1,-1,-0.01,-1,-1,-0.01,-1,-1,-0.01,-1,-1
99926009,2026-05-18 12:14:54+05:30,53111.25,0,0.0,0,0.0,0.0,53282.15,53308.4,52783.45,53710.35,0,0.0,0.0,0.0,0.0,-0.01,-1,-1,-0.01,-1,-1,-0.01,-1,-1,-0.01,-1,-1,-0.01,-1,-1,-0.01,-1,-1,-0.01,-1,-1,-0.01,-1,-1,-0.01,-1,-1,-0.01,-1,-1
99926009,2026-05-18 12:14:55+05:30,53111.65,0,0.0,0,0.0,0.0,53282.15,53308.4,52783.45,53710.35,0,0.0,0.0,0.0,0.0,-0.01,-1,-1,-0.01,-1,-1,-0.01,-1,-1,-0.01,-1,-1,-0.01,-1,-1,-0.01,-1,-1,-0.01,-1,-1,-0.01,-1,-1,-0.01,-1,-1,-0.01,-1,-1
99926009,2026-05-18 12:14:55+05:30,53110.1,0,0.0,0,0.0,0.0,53282.15,53308.4,52783.45,53710.35,0,0.0,0.0,0.0,0.0,-0.01,-1,-1,-0.01,-1,-1,-0.01,-1,-1,-0.01,-1,-1,-0.01,-1,-1,-0.01,-1,-1,-0.01,-1,-1,-0.01,-1,-1,-0.01,-1,-1,-0.01,-1,-1
99926009,2026-05-18 12:14:56+05:30,53113.8,0,0.0,0,0.0,0.0,53282.15,53308.4,52783.45,53710.35,0,0.0,0.0,0.0,0.0,-0.01,-1,-1,-0.01,-1,-1,-0.01,-1,-1,-0.01,-1,-1,-0.01,-1,-1,-0.01,-1,-1,-0.01,-1,-1,-0.01,-1,-1,-0.01,-1,-1,-0.01,-1,-1
99926009,2026-05-18 12:14:56+05:30,53113.2,0,0.0,0,0.0,0.0,53282.15,53308.4,52783.45,53710.35,0,0.0,0.0,0.0,0.0,-0.01,-1,-1,-0.01,-1,-1,-0.01,-1,-1,-0.01,-1,-1,-0.01,-1,-1,-0.01,-1,-1,-0.01,-1,-1,-0.01,-1,-1,-0.01,-1,-1,-0.01,-1,-1
99926009,2026-05-18 12:14:57+05:30,53113.0,0,0.0,0,0.0,0.0,53282.15,53308.4,52783.45,53710.35,0,0.0,0.0,0.0,0.0,-0.01,-1,-1,-0.01,-1,-1,-0.01,-1,-1,-0.01,-1,-1,-0.01,-1,-1,-0.01,-1,-1,-0.01,-1,-1,-0.01,-1,-1,-0.01,-1,-1,-0.01,-1,-1
99926009,2026-05-18 12:14:57+05:30,53115.4,0,0.0,0,0.0,0.0,53282.15,53308.4,52783.45,53710.35,0,0.0,0.0,0.0,0.0,-0.01,-1,-1,-0.01,-1,-1,-0.01,-1,-1,-0.01,-1,-1,-0.01,-1,-1,-0.01,-1,-1,-0.01,-1,-1,-0.01,-1,-1,-0.01,-1,-1,-0.01,-1,-1
99926009,2026-05-18 12:14:58+05:30,53114.6,0,0.0,0,0.0,0.0,53282.15,53308.4,52783.45,53710.35,0,0.0,0.0,0.0,0.0,-0.01,-1,-1,-0.01,-1,-1,-0.01,-1,-1,-0.01,-1,-1,-0.01,-1,-1,-0.01,-1,-1,-0.01,-1,-1,-0.01,-1,-1,-0.01,-1,-1,-0.01,-1,-1
99926009,2026-05-18 12:14:58+05:30,53114.75,0,0.0,0,0.0,0.0,53282.15,53308.4,52783.45,53710.35,0,0.0,0.0,0.0,0.0,-0.01,-1,-1,-0.01,-1,-1,-0.01,-1,-1,-0.01,-1,-1,-0.01,-1,-1,-0.01,-1,-1,-0.01,-1,-1,-0.01,-1,-1,-0.01,-1,-1,-0.01,-1,-1
99926009,2026-05-18 12:14:59+05:30,53111.65,0,0.0,0,0.0,0.0,53282.15,53308.4,52783.45,53710.35,0,0.0,0.0,0.0,0.0,-0.01,-1,-1,-0.01,-1,-1,-0.01,-1,-1,-0.01,-1,-1,-0.01,-1,-1,-0.01,-1,-1,-0.01,-1,-1,-0.01,-1,-1,-0.01,-1,-1,-0.01,-1,-1
99926009,2026-05-18 12:14:59+05:30,53111.45,0,0.0,0,0.0,0.0,53282.15,53308.4,52783.45,53710.35,0,0.0,0.0,0.0,0.0,-0.01,-1,-1,-0.01,-1,-1,-0.01,-1,-1,-0.01,-1,-1,-0.01,-1,-1,-0.01,-1,-1,-0.01,-1,-1,-0.01,-1,-1,-0.01,-1,-1,-0.01,-1,-1
99926009,2026-05-18 12:15:00+05:30,53113.65,0,0.0,0,0.0,0.0,53282.15,53308.4,52783.45,53710.35,0,0.0,0.0,0.0,0.0,-0.01,-1,-1,-0.01,-1,-1,-0.01,-1,-1,-0.01,-1,-1,-0.01,-1,-1,-0.01,-1,-1,-0.01,-1,-1,-0.01,-1,-1,-0.01,-1,-1,-0.01,-1,-1
99926009,2026-05-18 12:15:00+05:30,53112.85,0,0.0,0,0.0,0.0,53282.15,53308.4,52783.45,53710.35,0,0.0,0.0,0.0,0.0,-0.01,-1,-1,-0.01,-1,-1,-0.01,-1,-1,-0.01,-1,-1,-0.01,-1,-1,-0.01,-1,-1,-0.01,-1,-1,-0.01,-1,-1,-0.01,-1,-1,-0.01,-1,-1
99926009,2026-05-18 12:15:01+05:30,53115.35,0,0.0,0,0.0,0.0,53282.15,53308.4,52783.45,53710.35,0,0.0,0.0,0.0,0.0,-0.01,-1,-1,-0.01,-1,-1,-0.01,-1,-1,-0.01,-1,-1,-0.01,-1,-1,-0.01,-1,-1,-0.01,-1,-1,-0.01,-1,-1,-0.01,-1,-1,-0.01,-1,-1
99926009,2026-05-18 12:15:01+05:30,53116.8,0,0.0,0,0.0,0.0,53282.15,53308.4,52783.45,53710.35,0,0.0,0.0,0.0,0.0,-0.01,-1,-1,-0.01,-1,-1,-0.01,-1,-1,-0.01,-1,-1,-0.01,-1,-1,-0.01,-1,-1,-0.01,-1,-1,-0.01,-1,-1,-0.01,-1,-1,-0.01,-1,-1
99926009,2026-05-18 12:15:02+05:30,53118.55,0,0.0,0,0.0,0.0,53282.15,53308.4,52783.45,53710.35,0,0.0,0.0,0.0,0.0,-0.01,-1,-1,-0.01,-1,-1,-0.01,-1,-1,-0.01,-1,-1,-0.01,-1,-1,-0.01,-1,-1,-0.01,-1,-1,-0.01,-1,-1,-0.01,-1,-1,-0.01,-1,-1
99926009,2026-05-18 12:15:02+05:30,53118.65,0,0.0,0,0.0,0.0,53282.15,53308.4,52783.45,53710.35,0,0.0,0.0,0.0,0.0,-0.01,-1,-1,-0.01,-1,-1,-0.01,-1,-1,-0.01,-1,-1,-0.01,-1,-1,-0.01,-1,-1,-0.01,-1,-1,-0.01,-1,-1,-0.01,-1,-1,-0.01,-1,-1
99926009,2026-05-18 12:15:03+05:30,53119.0,0,0.0,0,0.0,0.0,53282.15,53308.4,52783.45,53710.35,0,0.0,0.0,0.0,0.0,-0.01,-1,-1,-0.01,-1,-1,-0.01,-1,-1,-0.01,-1,-1,-0.01,-1,-1,-0.01,-1,-1,-0.01,-1,-1,-0.01,-1,-1,-0.01,-1,-1,-0.01,-1,-1
99926009,2026-05-18 12:15:03+05:30,53121.25,0,0.0,0,0.0,0.0,53282.15,53308.4,52783.45,53710.35,0,0.0,0.0,0.0,0.0,-0.01,-1,-1,-0.01,-1,-1,-0.01,-1,-1,-0.01,-1,-1,-0.01,-1,-1,-0.01,-1,-1,-0.01,-1,-1,-0.01,-1,-1,-0.01,-1,-1,-0.01,-1,-1
99926009,2026-05-18 12:15:04+05:30,53121.15,0,0.0,0,0.0,0.0,53282.15,53308.4,52783.45,53710.35,0,0.0,0.0,0.0,0.0,-0.01,-1,-1,-0.01,-1,-1,-0.01,-1,-1,-0.01,-1,-1,-0.01,-1,-1,-0.01,-1,-1,-0.01,-1,-1,-0.01,-1,-1,-0.01,-1,-1,-0.01,-1,-1
99926009,2026-05-18 12:15:04+05:30,53120.2,0,0.0,0,0.0,0.0,53282.15,53308.4,52783.45,53710.35,0,0.0,0.0,0.0,0.0,-0.01,-1,-1,-0.01,-1,-1,-0.01,-1,-1,-0.01,-1,-1,-0.01,-1,-1,-0.01,-1,-1,-0.01,-1,-1,-0.01,-1,-1,-0.01,-1,-1,-0.01,-1,-1
99926009,2026-05-18 12:15:05+05:30,53125.2,0,0.0,0,0.0,0.0,53282.15,53308.4,52783.45,53710.35,0,0.0,0.0,0.0,0.0,-0.01,-1,-1,-0.01,-1,-1,-0.01,-1,-1,-0.01,-1,-1,-0.01,-1,-1,-0.01,-1,-1,-0.01,-1,-1,-0.01,-1,-1,-0.01,-1,-1,-0.01,-1,-1
99926009,2026-05-18 12:15:05+05:30,53121.35,0,0.0,0,0.0,0.0,53282.15,53308.4,52783.45,53710.35,0,0.0,0.0,0.0,0.0,-0.01,-1,-1,-0.01,-1,-1,-0.01,-1,-1,-0.01,-1,-1,-0.01,-1,-1,-0.01,-1,-1,-0.01,-1,-1,-0.01,-1,-1,-0.01,-1,-1,-0.01,-1,-1
99926009,2026-05-18 12:15:06+05:30,53124.95,0,0.0,0,0.0,0.0,53282.15,53308.4,52783.45,53710.35,0,0.0,0.0,0.0,0.0,-0.01,-1,-1,-0.01,-1,-1,-0.01,-1,-1,-0.01,-1,-1,-0.01,-1,-1,-0.01,-1,-1,-0.01,-1,-1,-0.01,-1,-1,-0.01,-1,-1,-0.01,-1,-1
99926009,2026-05-18 12:15:06+05:30,53123.2,0,0.0,0,0.0,0.0,53282.15,53308.4,52783.45,53710.35,0,0.0,0.0,0.0,0.0,-0.01,-1,-1,-0.01,-1,-1,-0.01,-1,-1,-0.01,-1,-1,-0.01,-1,-1,-0.01,-1,-1,-0.01,-1,-1,-0.01,-1,-1,-0.01,-1,-1,-0.01,-1,-1
99926009,2026-05-18 12:15:07+05:30,53125.15,0,0.0,0,0.0,0.0,53282.15,53308.4,52783.45,53710.35,0,0.0,0.0,0.0,0.0,-0.01,-1,-1,-0.01,-1,-1,-0.01,-1,-1,-0.01,-1,-1,-0.01,-1,-1,-0.01,-1,-1,-0.01,-1,-1,-0.01,-1,-1,-0.01,-1,-1,-0.01,-1,-1
99926009,2026-05-18 12:15:07+05:30,53126.25,0,0.0,0,0.0,0.0,53282.15,53308.4,52783.45,53710.35,0,0.0,0.0,0.0,0.0,-0.01,-1,-1,-0.01,-1,-1,-0.01,-1,-1,-0.01,-1,-1,-0.01,-1,-1,-0.01,-1,-1,-0.01,-1,-1,-0.01,-1,-1,-0.01,-1,-1,-0.01,-1,-1
99926009,2026-05-18 12:15:08+05:30,53125.2,0,0.0,0,0.0,0.0,53282.15,53308.4,52783.45,53710.35,0,0.0,0.0,0.0,0.0,-0.01,-1,-1,-0.01,-1,-1,-0.01,-1,-1,-0.01,-1,-1,-0.01,-1,-1,-0.01,-1,-1,-0.01,-1,-1,-0.01,-1,-1,-0.01,-1,-1,-0.01,-1,-1
99926009,2026-05-18 12:15:08+05:30,53123.85,0,0.0,0,0.0,0.0,53282.15,53308.4,52783.45,53710.35,0,0.0,0.0,0.0,0.0,-0.01,-1,-1,-0.01,-1,-1,-0.01,-1,-1,-0.01,-1,-1,-0.01,-1,-1,-0.01,-1,-1,-0.01,-1,-1,-0.01,-1,-1,-0.01,-1,-1,-0.01,-1,-1
99926009,2026-05-18 12:15:09+05:30,53123.9,0,0.0,0,0.0,0.0,53282.15,53308.4,52783.45,53710.35,0,0.0,0.0,0.0,0.0,-0.01,-1,-1,-0.01,-1,-1,-0.01,-1,-1,-0.01,-1,-1,-0.01,-1,-1,-0.01,-1,-1,-0.01,-1,-1,-0.01,-1,-1,-0.01,-1,-1,-0.01,-1,-1
99926009,2026-05-18 12:15:09+05:30,53123.25,0,0.0,0,0.0,0.0,53282.15,53308.4,52783.45,53710.35,0,0.0,0.0,0.0,0.0,-0.01,-1,-1,-0.01,-1,-1,-0.01,-1,-1,-0.01,-1,-1,-0.01,-1,-1,-0.01,-1,-1,-0.01,-1,-1,-0.01,-1,-1,-0.01,-1,-1,-0.01,-1,-1
99926009,2026-05-18 12:15:10+05:30,53123.45,0,0.0,0,0.0,0.0,53282.15,53308.4,52783.45,53710.35,0,0.0,0.0,0.0,0.0,-0.01,-1,-1,-0.01,-1,-1,-0.01,-1,-1,-0.01,-1,-1,-0.01,-1,-1,-0.01,-1,-1,-0.01,-1,-1,-0.01,-1,-1,-0.01,-1,-1,-0.01,-1,-1
99926009,2026-05-18 12:15:10+05:30,53120.8,0,0.0,0,0.0,0.0,53282.15,53308.4,52783.45,53710.35,0,0.0,0.0,0.0,0.0,-0.01,-1,-1,-0.01,-1,-1,-0.01,-1,-1,-0.01,-1,-1,-0.01,-1,-1,-0.01,-1,-1,-0.01,-1,-1,-0.01,-1,-1,-0.01,-1,-1,-0.01,-1,-1
99926009,2026-05-18 12:15:11+05:30,53121.15,0,0.0,0,0.0,0.0,53282.15,53308.4,52783.45,53710.35,0,0.0,0.0,0.0,0.0,-0.01,-1,-1,-0.01,-1,-1,-0.01,-1,-1,-0.01,-1,-1,-0.01,-1,-1,-0.01,-1,-1,-0.01,-1,-1,-0.01,-1,-1,-0.01,-1,-1,-0.01,-1,-1
99926009,2026-05-18 12:15:11+05:30,53119.75,0,0.0,0,0.0,0.0,53282.15,53308.4,52783.45,53710.35,0,0.0,0.0,0.0,0.0,-0.01,-1,-1,-0.01,-1,-1,-0.01,-1,-1,-0.01,-1,-1,-0.01,-1,-1,-0.01,-1,-1,-0.01,-1,-1,-0.01,-1,-1,-0.01,-1,-1,-0.01,-1,-1
99926009,2026-05-18 12:15:12+05:30,53121.6,0,0.0,0,0.0,0.0,53282.15,53308.4,52783.45,53710.35,0,0.0,0.0,0.0,0.0,-0.01,-1,-1,-0.01,-1,-1,-0.01,-1,-1,-0.01,-1,-1,-0.01,-1,-1,-0.01,-1,-1,-0.01,-1,-1,-0.01,-1,-1,-0.01,-1,-1,-0.01,-1,-1
99926009,2026-05-18 12:15:12+05:30,53122.1,0,0.0,0,0.0,0.0,53282.15,53308.4,52783.45,53710.35,0,0.0,0.0,0.0,0.0,-0.01,-1,-1,-0.01,-1,-1,-0.01,-1,-1,-0.01,-1,-1,-0.01,-1,-1,-0.01,-1,-1,-0.01,-1,-1,-0.01,-1,-1,-0.01,-1,-1,-0.01,-1,-1
99926009,2026-05-18 12:15:13+05:30,53122.05,0,0.0,0,0.0,0.0,53282.15,53308.4,52783.45,53710.35,0,0.0,0.0,0.0,0.0,-0.01,-1,-1,-0.01,-1,-1,-0.01,-1,-1,-0.01,-1,-1,-0.01,-1,-1,-0.01,-1,-1,-0.01,-1,-1,-0.01,-1,-1,-0.01,-1,-1,-0.01,-1,-1
99926009,2026-05-18 12:15:13+05:30,53119.5,0,0.0,0,0.0,0.0,53282.15,53308.4,52783.45,53710.35,0,0.0,0.0,0.0,0.0,-0.01,-1,-1,-0.01,-1,-1,-0.01,-1,-1,-0.01,-1,-1,-0.01,-1,-1,-0.01,-1,-1,-0.01,-1,-1,-0.01,-1,-1,-0.01,-1,-1,-0.01,-1,-1
99926009,2026-05-18 12:15:14+05:30,53121.7,0,0.0,0,0.0,0.0,53282.15,53308.4,52783.45,53710.35,0,0.0,0.0,0.0,0.0,-0.01,-1,-1,-0.01,-1,-1,-0.01,-1,-1,-0.01,-1,-1,-0.01,-1,-1,-0.01,-1,-1,-0.01,-1,-1,-0.01,-1,-1,-0.01,-1,-1,-0.01,-1,-1
99926009,2026-05-18 12:15:14+05:30,53117.65,0,0.0,0,0.0,0.0,53282.15,53308.4,52783.45,53710.35,0,0.0,0.0,0.0,0.0,-0.01,-1,-1,-0.01,-1,-1,-0.01,-1,-1,-0.01,-1,-1,-0.01,-1,-1,-0.01,-1,-1,-0.01,-1,-1,-0.01,-1,-1,-0.01,-1,-1,-0.01,-1,-1
99926009,2026-05-18 12:15:15+05:30,53122.95,0,0.0,0,0.0,0.0,53282.15,53308.4,52783.45,53710.35,0,0.0,0.0,0.0,0.0,-0.01,-1,-1,-0.01,-1,-1,-0.01,-1,-1,-0.01,-1,-1,-0.01,-1,-1,-0.01,-1,-1,-0.01,-1,-1,-0.01,-1,-1,-0.01,-1,-1,-0.01,-1,-1
99926009,2026-05-18 12:15:15+05:30,53123.3,0,0.0,0,0.0,0.0,53282.15,53308.4,52783.45,53710.35,0,0.0,0.0,0.0,0.0,-0.01,-1,-1,-0.01,-1,-1,-0.01,-1,-1,-0.01,-1,-1,-0.01,-1,-1,-0.01,-1,-1,-0.01,-1,-1,-0.01,-1,-1,-0.01,-1,-1,-0.01,-1,-1
99926009,2026-05-18 12:15:16+05:30,53124.35,0,0.0,0,0.0,0.0,53282.15,53308.4,52783.45,53710.35,0,0.0,0.0,0.0,0.0,-0.01,-1,-1,-0.01,-1,-1,-0.01,-1,-1,-0.01,-1,-1,-0.01,-1,-1,-0.01,-1,-1,-0.01,-1,-1,-0.01,-1,-1,-0.01,-1,-1,-0.01,-1,-1
99926009,2026-05-18 12:15:16+05:30,53122.35,0,0.0,0,0.0,0.0,53282.15,53308.4,52783.45,53710.35,0,0.0,0.0,0.0,0.0,-0.01,-1,-1,-0.01,-1,-1,-0.01,-1,-1,-0.01,-1,-1,-0.01,-1,-1,-0.01,-1,-1,-0.01,-1,-1,-0.01,-1,-1,-0.01,-1,-1,-0.01,-1,-1
99926009,2026-05-18 12:15:17+05:30,53122.85,0,0.0,0,0.0,0.0,53282.15,53308.4,52783.45,53710.35,0,0.0,0.0,0.0,0.0,-0.01,-1,-1,-0.01,-1,-1,-0.01,-1,-1,-0.01,-1,-1,-0.01,-1,-1,-0.01,-1,-1,-0.01,-1,-1,-0.01,-1,-1,-0.01,-1,-1,-0.01,-1,-1
99926009,2026-05-18 12:15:17+05:30,53125.5,0,0.0,0,0.0,0.0,53282.15,53308.4,52783.45,53710.35,0,0.0,0.0,0.0,0.0,-0.01,-1,-1,-0.01,-1,-1,-0.01,-1,-1,-0.01,-1,-1,-0.01,-1,-1,-0.01,-1,-1,-0.01,-1,-1,-0.01,-1,-1,-0.01,-1,-1,-0.01,-1,-1
99926009,2026-05-18 12:15:18+05:30,53127.0,0,0.0,0,0.0,0.0,53282.15,53308.4,52783.45,53710.35,0,0.0,0.0,0.0,0.0,-0.01,-1,-1,-0.01,-1,-1,-0.01,-1,-1,-0.01,-1,-1,-0.01,-1,-1,-0.01,-1,-1,-0.01,-1,-1,-0.01,-1,-1,-0.01,-1,-1,-0.01,-1,-1
99926009,2026-05-18 12:15:18+05:30,53121.1,0,0.0,0,0.0,0.0,53282.15,53308.4,52783.45,53710.35,0,0.0,0.0,0.0,0.0,-0.01,-1,-1,-0.01,-1,-1,-0.01,-1,-1,-0.01,-1,-1,-0.01,-1,-1,-0.01,-1,-1,-0.01,-1,-1,-0.01,-1,-1,-0.01,-1,-1,-0.01,-1,-1
99926009,2026-05-18 12:15:19+05:30,53122.7,0,0.0,0,0.0,0.0,53282.15,53308.4,52783.45,53710.35,0,0.0,0.0,0.0,0.0,-0.01,-1,-1,-0.01,-1,-1,-0.01,-1,-1,-0.01,-1,-1,-0.01,-1,-1,-0.01,-1,-1,-0.01,-1,-1,-0.01,-1,-1,-0.01,-1,-1,-0.01,-1,-1
99926009,2026-05-18 12:15:19+05:30,53123.5,0,0.0,0,0.0,0.0,53282.15,53308.4,52783.45,53710.35,0,0.0,0.0,0.0,0.0,-0.01,-1,-1,-0.01,-1,-1,-0.01,-1,-1,-0.01,-1,-1,-0.01,-1,-1,-0.01,-1,-1,-0.01,-1,-1,-0.01,-1,-1,-0.01,-1,-1,-0.01,-1,-1
99926009,2026-05-18 12:15:20+05:30,53121.65,0,0.0,0,0.0,0.0,53282.15,53308.4,52783.45,53710.35,0,0.0,0.0,0.0,0.0,-0.01,-1,-1,-0.01,-1,-1,-0.01,-1,-1,-0.01,-1,-1,-0.01,-1,-1,-0.01,-1,-1,-0.01,-1,-1,-0.01,-1,-1,-0.01,-1,-1,-0.01,-1,-1
99926009,2026-05-18 12:15:20+05:30,53119.95,0,0.0,0,0.0,0.0,53282.15,53308.4,52783.45,53710.35,0,0.0,0.0,0.0,0.0,-0.01,-1,-1,-0.01,-1,-1,-0.01,-1,-1,-0.01,-1,-1,-0.01,-1,-1,-0.01,-1,-1,-0.01,-1,-1,-0.01,-1,-1,-0.01,-1,-1,-0.01,-1,-1
99926009,2026-05-18 12:15:21+05:30,53123.1,0,0.0,0,0.0,0.0,53282.15,53308.4,52783.45,53710.35,0,0.0,0.0,0.0,0.0,-0.01,-1,-1,-0.01,-1,-1,-0.01,-1,-1,-0.01,-1,-1,-0.01,-1,-1,-0.01,-1,-1,-0.01,-1,-1,-0.01,-1,-1,-0.01,-1,-1,-0.01,-1,-1
99926009,2026-05-18 12:15:21+05:30,53125.9,0,0.0,0,0.0,0.0,53282.15,53308.4,52783.45,53710.35,0,0.0,0.0,0.0,0.0,-0.01,-1,-1,-0.01,-1,-1,-0.01,-1,-1,-0.01,-1,-1,-0.01,-1,-1,-0.01,-1,-1,-0.01,-1,-1,-0.01,-1,-1,-0.01,-1,-1,-0.01,-1,-1
99926009,2026-05-18 12:15:22+05:30,53125.1,0,0.0,0,0.0,0.0,53282.15,53308.4,52783.45,53710.35,0,0.0,0.0,0.0,0.0,-0.01,-1,-1,-0.01,-1,-1,-0.01,-1,-1,-0.01,-1,-1,-0.01,-1,-1,-0.01,-1,-1,-0.01,-1,-1,-0.01,-1,-1,-0.01,-1,-1,-0.01,-1,-1
99926009,2026-05-18 12:15:22+05:30,53126.35,0,0.0,0,0.0,0.0,53282.15,53308.4,52783.45,53710.35,0,0.0,0.0,0.0,0.0,-0.01,-1,-1,-0.01,-1,-1,-0.01,-1,-1,-0.01,-1,-1,-0.01,-1,-1,-0.01,-1,-1,-0.01,-1,-1,-0.01,-1,-1,-0.01,-1,-1,-0.01,-1,-1
99926009,2026-05-18 12:15:23+05:30,53126.5,0,0.0,0,0.0,0.0,53282.15,53308.4,52783.45,53710.35,0,0.0,0.0,0.0,0.0,-0.01,-1,-1,-0.01,-1,-1,-0.01,-1,-1,-0.01,-1,-1,-0.01,-1,-1,-0.01,-1,-1,-0.01,-1,-1,-0.01,-1,-1,-0.01,-1,-1,-0.01,-1,-1
99926009,2026-05-18 12:15:23+05:30,53124.2,0,0.0,0,0.0,0.0,53282.15,53308.4,52783.45,53710.35,0,0.0,0.0,0.0,0.0,-0.01,-1,-1,-0.01,-1,-1,-0.01,-1,-1,-0.01,-1,-1,-0.01,-1,-1,-0.01,-1,-1,-0.01,-1,-1,-0.01,-1,-1,-0.01,-1,-1,-0.01,-1,-1
99926009,2026-05-18 12:15:24+05:30,53124.55,0,0.0,0,0.0,0.0,53282.15,53308.4,52783.45,53710.35,0,0.0,0.0,0.0,0.0,-0.01,-1,-1,-0.01,-1,-1,-0.01,-1,-1,-0.01,-1,-1,-0.01,-1,-1,-0.01,-1,-1,-0.01,-1,-1,-0.01,-1,-1,-0.01,-1,-1,-0.01,-1,-1
99926009,2026-05-18 12:15:24+05:30,53124.75,0,0.0,0,0.0,0.0,53282.15,53308.4,52783.45,53710.35,0,0.0,0.0,0.0,0.0,-0.01,-1,-1,-0.01,-1,-1,-0.01,-1,-1,-0.01,-1,-1,-0.01,-1,-1,-0.01,-1,-1,-0.01,-1,-1,-0.01,-1,-1,-0.01,-1,-1,-0.01,-1,-1
99926009,2026-05-18 12:15:25+05:30,53126.4,0,0.0,0,0.0,0.0,53282.15,53308.4,52783.45,53710.35,0,0.0,0.0,0.0,0.0,-0.01,-1,-1,-0.01,-1,-1,-0.01,-1,-1,-0.01,-1,-1,-0.01,-1,-1,-0.01,-1,-1,-0.01,-1,-1,-0.01,-1,-1,-0.01,-1,-1,-0.01,-1,-1
99926009,2026-05-18 12:15:25+05:30,53126.45,0,0.0,0,0.0,0.0,53282.15,53308.4,52783.45,53710.35,0,0.0,0.0,0.0,0.0,-0.01,-1,-1,-0.01,-1,-1,-0.01,-1,-1,-0.01,-1,-1,-0.01,-1,-1,-0.01,-1,-1,-0.01,-1,-1,-0.01,-1,-1,-0.01,-1,-1,-0.01,-1,-1
99926009,2026-05-18 12:15:26+05:30,53127.1,0,0.0,0,0.0,0.0,53282.15,53308.4,52783.45,53710.35,0,0.0,0.0,0.0,0.0,-0.01,-1,-1,-0.01,-1,-1,-0.01,-1,-1,-0.01,-1,-1,-0.01,-1,-1,-0.01,-1,-1,-0.01,-1,-1,-0.01,-1,-1,-0.01,-1,-1,-0.01,-1,-1
99926009,2026-05-18 12:15:26+05:30,53127.55,0,0.0,0,0.0,0.0,53282.15,53308.4,52783.45,53710.35,0,0.0,0.0,0.0,0.0,-0.01,-1,-1,-0.01,-1,-1,-0.01,-1,-1,-0.01,-1,-1,-0.01,-1,-1,-0.01,-1,-1,-0.01,-1,-1,-0.01,-1,-1,-0.01,-1,-1,-0.01,-1,-1
99926009,2026-05-18 12:15:27+05:30,53127.6,0,0.0,0,0.0,0.0,53282.15,53308.4,52783.45,53710.35,0,0.0,0.0,0.0,0.0,-0.01,-1,-1,-0.01,-1,-1,-0.01,-1,-1,-0.01,-1,-1,-0.01,-1,-1,-0.01,-1,-1,-0.01,-1,-1,-0.01,-1,-1,-0.01,-1,-1,-0.01,-1,-1
99926009,2026-05-18 12:15:27+05:30,53129.05,0,0.0,0,0.0,0.0,53282.15,53308.4,52783.45,53710.35,0,0.0,0.0,0.0,0.0,-0.01,-1,-1,-0.01,-1,-1,-0.01,-1,-1,-0.01,-1,-1,-0.01,-1,-1,-0.01,-1,-1,-0.01,-1,-1,-0.01,-1,-1,-0.01,-1,-1,-0.01,-1,-1
99926009,2026-05-18 12:15:28+05:30,53131.1,0,0.0,0,0.0,0.0,53282.15,53308.4,52783.45,53710.35,0,0.0,0.0,0.0,0.0,-0.01,-1,-1,-0.01,-1,-1,-0.01,-1,-1,-0.01,-1,-1,-0.01,-1,-1,-0.01,-1,-1,-0.01,-1,-1,-0.01,-1,-1,-0.01,-1,-1,-0.01,-1,-1
99926009,2026-05-18 12:15:28+05:30,53131.8,0,0.0,0,0.0,0.0,53282.15,53308.4,52783.45,53710.35,0,0.0,0.0,0.0,0.0,-0.01,-1,-1,-0.01,-1,-1,-0.01,-1,-1,-0.01,-1,-1,-0.01,-1,-1,-0.01,-1,-1,-0.01,-1,-1,-0.01,-1,-1,-0.01,-1,-1,-0.01,-1,-1
99926009,2026-05-18 12:15:29+05:30,53130.65,0,0.0,0,0.0,0.0,53282.15,53308.4,52783.45,53710.35,0,0.0,0.0,0.0,0.0,-0.01,-1,-1,-0.01,-1,-1,-0.01,-1,-1,-0.01,-1,-1,-0.01,-1,-1,-0.01,-1,-1,-0.01,-1,-1,-0.01,-1,-1,-0.01,-1,-1,-0.01,-1,-1
99926009,2026-05-18 12:15:29+05:30,53131.05,0,0.0,0,0.0,0.0,53282.15,53308.4,52783.45,53710.35,0,0.0,0.0,0.0,0.0,-0.01,-1,-1,-0.01,-1,-1,-0.01,-1,-1,-0.01,-1,-1,-0.01,-1,-1,-0.01,-1,-1,-0.01,-1,-1,-0.01,-1,-1,-0.01,-1,-1,-0.01,-1,-1
99926009,2026-05-18 12:15:30+05:30,53130.0,0,0.0,0,0.0,0.0,53282.15,53308.4,52783.45,53710.35,0,0.0,0.0,0.0,0.0,-0.01,-1,-1,-0.01,-1,-1,-0.01,-1,-1,-0.01,-1,-1,-0.01,-1,-1,-0.01,-1,-1,-0.01,-1,-1,-0.01,-1,-1,-0.01,-1,-1,-0.01,-1,-1
99926009,2026-05-18 12:15:30+05:30,53129.85,0,0.0,0,0.0,0.0,53282.15,53308.4,52783.45,53710.35,0,0.0,0.0,0.0,0.0,-0.01,-1,-1,-0.01,-1,-1,-0.01,-1,-1,-0.01,-1,-1,-0.01,-1,-1,-0.01,-1,-1,-0.01,-1,-1,-0.01,-1,-1,-0.01,-1,-1,-0.01,-1,-1
99926009,2026-05-18 12:15:31+05:30,53133.1,0,0.0,0,0.0,0.0,53282.15,53308.4,52783.45,53710.35,0,0.0,0.0,0.0,0.0,-0.01,-1,-1,-0.01,-1,-1,-0.01,-1,-1,-0.01,-1,-1,-0.01,-1,-1,-0.01,-1,-1,-0.01,-1,-1,-0.01,-1,-1,-0.01,-1,-1,-0.01,-1,-1
99926009,2026-05-18 12:15:31+05:30,53132.75,0,0.0,0,0.0,0.0,53282.15,53308.4,52783.45,53710.35,0,0.0,0.0,0.0,0.0,-0.01,-1,-1,-0.01,-1,-1,-0.01,-1,-1,-0.01,-1,-1,-0.01,-1,-1,-0.01,-1,-1,-0.01,-1,-1,-0.01,-1,-1,-0.01,-1,-1,-0.01,-1,-1
99926009,2026-05-18 12:15:32+05:30,53133.05,0,0.0,0,0.0,0.0,53282.15,53308.4,52783.45,53710.35,0,0.0,0.0,0.0,0.0,-0.01,-1,-1,-0.01,-1,-1,-0.01,-1,-1,-0.01,-1,-1,-0.01,-1,-1,-0.01,-1,-1,-0.01,-1,-1,-0.01,-1,-1,-0.01,-1,-1,-0.01,-1,-1
99926009,2026-05-18 12:15:32+05:30,53130.45,0,0.0,0,0.0,0.0,53282.15,53308.4,52783.45,53710.35,0,0.0,0.0,0.0,0.0,-0.01,-1,-1,-0.01,-1,-1,-0.01,-1,-1,-0.01,-1,-1,-0.01,-1,-1,-0.01,-1,-1,-0.01,-1,-1,-0.01,-1,-1,-0.01,-1,-1,-0.01,-1,-1
99926009,2026-05-18 12:15:33+05:30,53131.25,0,0.0,0,0.0,0.0,53282.15,53308.4,52783.45,53710.35,0,0.0,0.0,0.0,0.0,-0.01,-1,-1,-0.01,-1,-1,-0.01,-1,-1,-0.01,-1,-1,-0.01,-1,-1,-0.01,-1,-1,-0.01,-1,-1,-0.01,-1,-1,-0.01,-1,-1,-0.01,-1,-1
99926009,2026-05-18 12:15:33+05:30,53131.85,0,0.0,0,0.0,0.0,53282.15,53308.4,52783.45,53710.35,0,0.0,0.0,0.0,0.0,-0.01,-1,-1,-0.01,-1,-1,-0.01,-1,-1,-0.01,-1,-1,-0.01,-1,-1,-0.01,-1,-1,-0.01,-1,-1,-0.01,-1,-1,-0.01,-1,-1,-0.01,-1,-1
99926009,2026-05-18 12:15:34+05:30,53134.05,0,0.0,0,0.0,0.0,53282.15,53308.4,52783.45,53710.35,0,0.0,0.0,0.0,0.0,-0.01,-1,-1,-0.01,-1,-1,-0.01,-1,-1,-0.01,-1,-1,-0.01,-1,-1,-0.01,-1,-1,-0.01,-1,-1,-0.01,-1,-1,-0.01,-1,-1,-0.01,-1,-1
99926009,2026-05-18 12:15:34+05:30,53131.7,0,0.0,0,0.0,0.0,53282.15,53308.4,52783.45,53710.35,0,0.0,0.0,0.0,0.0,-0.01,-1,-1,-0.01,-1,-1,-0.01,-1,-1,-0.01,-1,-1,-0.01,-1,-1,-0.01,-1,-1,-0.01,-1,-1,-0.01,-1,-1,-0.01,-1,-1,-0.01,-1,-1
99926009,2026-05-18 12:15:35+05:30,53137.6,0,0.0,0,0.0,0.0,53282.15,53308.4,52783.45,53710.35,0,0.0,0.0,0.0,0.0,-0.01,-1,-1,-0.01,-1,-1,-0.01,-1,-1,-0.01,-1,-1,-0.01,-1,-1,-0.01,-1,-1,-0.01,-1,-1,-0.01,-1,-1,-0.01,-1,-1,-0.01,-1,-1
99926009,2026-05-18 12:15:35+05:30,53137.25,0,0.0,0,0.0,0.0,53282.15,53308.4,52783.45,53710.35,0,0.0,0.0,0.0,0.0,-0.01,-1,-1,-0.01,-1,-1,-0.01,-1,-1,-0.01,-1,-1,-0.01,-1,-1,-0.01,-1,-1,-0.01,-1,-1,-0.01,-1,-1,-0.01,-1,-1,-0.01,-1,-1
99926009,2026-05-18 12:15:36+05:30,53140.15,0,0.0,0,0.0,0.0,53282.15,53308.4,52783.45,53710.35,0,0.0,0.0,0.0,0.0,-0.01,-1,-1,-0.01,-1,-1,-0.01,-1,-1,-0.01,-1,-1,-0.01,-1,-1,-0.01,-1,-1,-0.01,-1,-1,-0.01,-1,-1,-0.01,-1,-1,-0.01,-1,-1
99926009,2026-05-18 12:15:36+05:30,53139.85,0,0.0,0,0.0,0.0,53282.15,53308.4,52783.45,53710.35,0,0.0,0.0,0.0,0.0,-0.01,-1,-1,-0.01,-1,-1,-0.01,-1,-1,-0.01,-1,-1,-0.01,-1,-1,-0.01,-1,-1,-0.01,-1,-1,-0.01,-1,-1,-0.01,-1,-1,-0.01,-1,-1
99926009,2026-05-18 12:15:37+05:30,53138.65,0,0.0,0,0.0,0.0,53282.15,53308.4,52783.45,53710.35,0,0.0,0.0,0.0,0.0,-0.01,-1,-1,-0.01,-1,-1,-0.01,-1,-1,-0.01,-1,-1,-0.01,-1,-1,-0.01,-1,-1,-0.01,-1,-1,-0.01,-1,-1,-0.01,-1,-1,-0.01,-1,-1
99926009,2026-05-18 12:15:37+05:30,53139.7,0,0.0,0,0.0,0.0,53282.15,53308.4,52783.45,53710.35,0,0.0,0.0,0.0,0.0,-0.01,-1,-1,-0.01,-1,-1,-0.01,-1,-1,-0.01,-1,-1,-0.01,-1,-1,-0.01,-1,-1,-0.01,-1,-1,-0.01,-1,-1,-0.01,-1,-1,-0.01,-1,-1
99926009,2026-05-18 12:15:38+05:30,53138.5,0,0.0,0,0.0,0.0,53282.15,53308.4,52783.45,53710.35,0,0.0,0.0,0.0,0.0,-0.01,-1,-1,-0.01,-1,-1,-0.01,-1,-1,-0.01,-1,-1,-0.01,-1,-1,-0.01,-1,-1,-0.01,-1,-1,-0.01,-1,-1,-0.01,-1,-1,-0.01,-1,-1
99926009,2026-05-18 12:15:38+05:30,53134.95,0,0.0,0,0.0,0.0,53282.15,53308.4,52783.45,53710.35,0,0.0,0.0,0.0,0.0,-0.01,-1,-1,-0.01,-1,-1,-0.01,-1,-1,-0.01,-1,-1,-0.01,-1,-1,-0.01,-1,-1,-0.01,-1,-1,-0.01,-1,-1,-0.01,-1,-1,-0.01,-1,-1
99926009,2026-05-18 12:15:39+05:30,53137.3,0,0.0,0,0.0,0.0,53282.15,53308.4,52783.45,53710.35,0,0.0,0.0,0.0,0.0,-0.01,-1,-1,-0.01,-1,-1,-0.01,-1,-1,-0.01,-1,-1,-0.01,-1,-1,-0.01,-1,-1,-0.01,-1,-1,-0.01,-1,-1,-0.01,-1,-1,-0.01,-1,-1
99926009,2026-05-18 12:15:39+05:30,53138.6,0,0.0,0,0.0,0.0,53282.15,53308.4,52783.45,53710.35,0,0.0,0.0,0.0,0.0,-0.01,-1,-1,-0.01,-1,-1,-0.01,-1,-1,-0.01,-1,-1,-0.01,-1,-1,-0.01,-1,-1,-0.01,-1,-1,-0.01,-1,-1,-0.01,-1,-1,-0.01,-1,-1
99926009,2026-05-18 12:15:40+05:30,53139.85,0,0.0,0,0.0,0.0,53282.15,53308.4,52783.45,53710.35,0,0.0,0.0,0.0,0.0,-0.01,-1,-1,-0.01,-1,-1,-0.01,-1,-1,-0.01,-1,-1,-0.01,-1,-1,-0.01,-1,-1,-0.01,-1,-1,-0.01,-1,-1,-0.01,-1,-1,-0.01,-1,-1
99926009,2026-05-18 12:15:40+05:30,53136.25,0,0.0,0,0.0,0.0,53282.15,53308.4,52783.45,53710.35,0,0.0,0.0,0.0,0.0,-0.01,-1,-1,-0.01,-1,-1,-0.01,-1,-1,-0.01,-1,-1,-0.01,-1,-1,-0.01,-1,-1,-0.01,-1,-1,-0.01,-1,-1,-0.01,-1,-1,-0.01,-1,-1
99926009,2026-05-18 12:15:41+05:30,53138.85,0,0.0,0,0.0,0.0,53282.15,53308.4,52783.45,53710.35,0,0.0,0.0,0.0,0.0,-0.01,-1,-1,-0.01,-1,-1,-0.01,-1,-1,-0.01,-1,-1,-0.01,-1,-1,-0.01,-1,-1,-0.01,-1,-1,-0.01,-1,-1,-0.01,-1,-1,-0.01,-1,-1
99926009,2026-05-18 12:15:41+05:30,53136.9,0,0.0,0,0.0,0.0,53282.15,53308.4,52783.45,53710.35,0,0.0,0.0,0.0,0.0,-0.01,-1,-1,-0.01,-1,-1,-0.01,-1,-1,-0.01,-1,-1,-0.01,-1,-1,-0.01,-1,-1,-0.01,-1,-1,-0.01,-1,-1,-0.01,-1,-1,-0.01,-1,-1
99926009,2026-05-18 12:15:42+05:30,53136.6,0,0.0,0,0.0,0.0,53282.15,53308.4,52783.45,53710.35,0,0.0,0.0,0.0,0.0,-0.01,-1,-1,-0.01,-1,-1,-0.01,-1,-1,-0.01,-1,-1,-0.01,-1,-1,-0.01,-1,-1,-0.01,-1,-1,-0.01,-1,-1,-0.01,-1,-1,-0.01,-1,-1
99926009,2026-05-18 12:15:42+05:30,53136.9,0,0.0,0,0.0,0.0,53282.15,53308.4,52783.45,53710.35,0,0.0,0.0,0.0,0.0,-0.01,-1,-1,-0.01,-1,-1,-0.01,-1,-1,-0.01,-1,-1,-0.01,-1,-1,-0.01,-1,-1,-0.01,-1,-1,-0.01,-1,-1,-0.01,-1,-1,-0.01,-1,-1
99926009,2026-05-18 12:15:43+05:30,53136.85,0,0.0,0,0.0,0.0,53282.15,53308.4,52783.45,53710.35,0,0.0,0.0,0.0,0.0,-0.01,-1,-1,-0.01,-1,-1,-0.01,-1,-1,-0.01,-1,-1,-0.01,-1,-1,-0.01,-1,-1,-0.01,-1,-1,-0.01,-1,-1,-0.01,-1,-1,-0.01,-1,-1
99926009,2026-05-18 12:15:43+05:30,53138.35,0,0.0,0,0.0,0.0,53282.15,53308.4,52783.45,53710.35,0,0.0,0.0,0.0,0.0,-0.01,-1,-1,-0.01,-1,-1,-0.01,-1,-1,-0.01,-1,-1,-0.01,-1,-1,-0.01,-1,-1,-0.01,-1,-1,-0.01,-1,-1,-0.01,-1,-1,-0.01,-1,-1
99926009,2026-05-18 12:15:44+05:30,53135.55,0,0.0,0,0.0,0.0,53282.15,53308.4,52783.45,53710.35,0,0.0,0.0,0.0,0.0,-0.01,-1,-1,-0.01,-1,-1,-0.01,-1,-1,-0.01,-1,-1,-0.01,-1,-1,-0.01,-1,-1,-0.01,-1,-1,-0.01,-1,-1,-0.01,-1,-1,-0.01,-1,-1
99926009,2026-05-18 12:15:44+05:30,53137.9,0,0.0,0,0.0,0.0,53282.15,53308.4,52783.45,53710.35,0,0.0,0.0,0.0,0.0,-0.01,-1,-1,-0.01,-1,-1,-0.01,-1,-1,-0.01,-1,-1,-0.01,-1,-1,-0.01,-1,-1,-0.01,-1,-1,-0.01,-1,-1,-0.01,-1,-1,-0.01,-1,-1
99926009,2026-05-18 12:15:45+05:30,53138.15,0,0.0,0,0.0,0.0,53282.15,53308.4,52783.45,53710.35,0,0.0,0.0,0.0,0.0,-0.01,-1,-1,-0.01,-1,-1,-0.01,-1,-1,-0.01,-1,-1,-0.01,-1,-1,-0.01,-1,-1,-0.01,-1,-1,-0.01,-1,-1,-0.01,-1,-1,-0.01,-1,-1
99926009,2026-05-18 12:15:45+05:30,53138.1,0,0.0,0,0.0,0.0,53282.15,53308.4,52783.45,53710.35,0,0.0,0.0,0.0,0.0,-0.01,-1,-1,-0.01,-1,-1,-0.01,-1,-1,-0.01,-1,-1,-0.01,-1,-1,-0.01,-1,-1,-0.01,-1,-1,-0.01,-1,-1,-0.01,-1,-1,-0.01,-1,-1
99926009,2026-05-18 12:15:46+05:30,53142.15,0,0.0,0,0.0,0.0,53282.15,53308.4,52783.45,53710.35,0,0.0,0.0,0.0,0.0,-0.01,-1,-1,-0.01,-1,-1,-0.01,-1,-1,-0.01,-1,-1,-0.01,-1,-1,-0.01,-1,-1,-0.01,-1,-1,-0.01,-1,-1,-0.01,-1,-1,-0.01,-1,-1
99926009,2026-05-18 12:15:46+05:30,53140.75,0,0.0,0,0.0,0.0,53282.15,53308.4,52783.45,53710.35,0,0.0,0.0,0.0,0.0,-0.01,-1,-1,-0.01,-1,-1,-0.01,-1,-1,-0.01,-1,-1,-0.01,-1,-1,-0.01,-1,-1,-0.01,-1,-1,-0.01,-1,-1,-0.01,-1,-1,-0.01,-1,-1
99926009,2026-05-18 12:15:47+05:30,53139.15,0,0.0,0,0.0,0.0,53282.15,53308.4,52783.45,53710.35,0,0.0,0.0,0.0,0.0,-0.01,-1,-1,-0.01,-1,-1,-0.01,-1,-1,-0.01,-1,-1,-0.01,-1,-1,-0.01,-1,-1,-0.01,-1,-1,-0.01,-1,-1,-0.01,-1,-1,-0.01,-1,-1
99926009,2026-05-18 12:15:47+05:30,53137.95,0,0.0,0,0.0,0.0,53282.15,53308.4,52783.45,53710.35,0,0.0,0.0,0.0,0.0,-0.01,-1,-1,-0.01,-1,-1,-0.01,-1,-1,-0.01,-1,-1,-0.01,-1,-1,-0.01,-1,-1,-0.01,-1,-1,-0.01,-1,-1,-0.01,-1,-1,-0.01,-1,-1
99926009,2026-05-18 12:15:48+05:30,53138.9,0,0.0,0,0.0,0.0,53282.15,53308.4,52783.45,53710.35,0,0.0,0.0,0.0,0.0,-0.01,-1,-1,-0.01,-1,-1,-0.01,-1,-1,-0.01,-1,-1,-0.01,-1,-1,-0.01,-1,-1,-0.01,-1,-1,-0.01,-1,-1,-0.01,-1,-1,-0.01,-1,-1
99926009,2026-05-18 12:15:48+05:30,53139.25,0,0.0,0,0.0,0.0,53282.15,53308.4,52783.45,53710.35,0,0.0,0.0,0.0,0.0,-0.01,-1,-1,-0.01,-1,-1,-0.01,-1,-1,-0.01,-1,-1,-0.01,-1,-1,-0.01,-1,-1,-0.01,-1,-1,-0.01,-1,-1,-0.01,-1,-1,-0.01,-1,-1
99926009,2026-05-18 12:15:49+05:30,53137.35,0,0.0,0,0.0,0.0,53282.15,53308.4,52783.45,53710.35,0,0.0,0.0,0.0,0.0,-0.01,-1,-1,-0.01,-1,-1,-0.01,-1,-1,-0.01,-1,-1,-0.01,-1,-1,-0.01,-1,-1,-0.01,-1,-1,-0.01,-1,-1,-0.01,-1,-1,-0.01,-1,-1
99926009,2026-05-18 12:15:49+05:30,53138.45,0,0.0,0,0.0,0.0,53282.15,53308.4,52783.45,53710.35,0,0.0,0.0,0.0,0.0,-0.01,-1,-1,-0.01,-1,-1,-0.01,-1,-1,-0.01,-1,-1,-0.01,-1,-1,-0.01,-1,-1,-0.01,-1,-1,-0.01,-1,-1,-0.01,-1,-1,-0.01,-1,-1
99926009,2026-05-18 12:15:50+05:30,53137.7,0,0.0,0,0.0,0.0,53282.15,53308.4,52783.45,53710.35,0,0.0,0.0,0.0,0.0,-0.01,-1,-1,-0.01,-1,-1,-0.01,-1,-1,-0.01,-1,-1,-0.01,-1,-1,-0.01,-1,-1,-0.01,-1,-1,-0.01,-1,-1,-0.01,-1,-1,-0.01,-1,-1
99926009,2026-05-18 12:15:50+05:30,53135.05,0,0.0,0,0.0,0.0,53282.15,53308.4,52783.45,53710.35,0,0.0,0.0,0.0,0.0,-0.01,-1,-1,-0.01,-1,-1,-0.01,-1,-1,-0.01,-1,-1,-0.01,-1,-1,-0.01,-1,-1,-0.01,-1,-1,-0.01,-1,-1,-0.01,-1,-1,-0.01,-1,-1
99926009,2026-05-18 12:15:51+05:30,53137.85,0,0.0,0,0.0,0.0,53282.15,53308.4,52783.45,53710.35,0,0.0,0.0,0.0,0.0,-0.01,-1,-1,-0.01,-1,-1,-0.01,-1,-1,-0.01,-1,-1,-0.01,-1,-1,-0.01,-1,-1,-0.01,-1,-1,-0.01,-1,-1,-0.01,-1,-1,-0.01,-1,-1
99926009,2026-05-18 12:15:51+05:30,53135.95,0,0.0,0,0.0,0.0,53282.15,53308.4,52783.45,53710.35,0,0.0,0.0,0.0,0.0,-0.01,-1,-1,-0.01,-1,-1,-0.01,-1,-1,-0.01,-1,-1,-0.01,-1,-1,-0.01,-1,-1,-0.01,-1,-1,-0.01,-1,-1,-0.01,-1,-1,-0.01,-1,-1
99926009,2026-05-18 12:15:52+05:30,53138.6,0,0.0,0,0.0,0.0,53282.15,53308.4,52783.45,53710.35,0,0.0,0.0,0.0,0.0,-0.01,-1,-1,-0.01,-1,-1,-0.01,-1,-1,-0.01,-1,-1,-0.01,-1,-1,-0.01,-1,-1,-0.01,-1,-1,-0.01,-1,-1,-0.01,-1,-1,-0.01,-1,-1
99926009,2026-05-18 12:15:52+05:30,53139.0,0,0.0,0,0.0,0.0,53282.15,53308.4,52783.45,53710.35,0,0.0,0.0,0.0,0.0,-0.01,-1,-1,-0.01,-1,-1,-0.01,-1,-1,-0.01,-1,-1,-0.01,-1,-1,-0.01,-1,-1,-0.01,-1,-1,-0.01,-1,-1,-0.01,-1,-1,-0.01,-1,-1
99926009,2026-05-18 12:15:53+05:30,53136.95,0,0.0,0,0.0,0.0,53282.15,53308.4,52783.45,53710.35,0,0.0,0.0,0.0,0.0,-0.01,-1,-1,-0.01,-1,-1,-0.01,-1,-1,-0.01,-1,-1,-0.01,-1,-1,-0.01,-1,-1,-0.01,-1,-1,-0.01,-1,-1,-0.01,-1,-1,-0.01,-1,-1
99926009,2026-05-18 12:15:53+05:30,53135.85,0,0.0,0,0.0,0.0,53282.15,53308.4,52783.45,53710.35,0,0.0,0.0,0.0,0.0,-0.01,-1,-1,-0.01,-1,-1,-0.01,-1,-1,-0.01,-1,-1,-0.01,-1,-1,-0.01,-1,-1,-0.01,-1,-1,-0.01,-1,-1,-0.01,-1,-1,-0.01,-1,-1
99926009,2026-05-18 12:15:54+05:30,53133.3,0,0.0,0,0.0,0.0,53282.15,53308.4,52783.45,53710.35,0,0.0,0.0,0.0,0.0,-0.01,-1,-1,-0.01,-1,-1,-0.01,-1,-1,-0.01,-1,-1,-0.01,-1,-1,-0.01,-1,-1,-0.01,-1,-1,-0.01,-1,-1,-0.01,-1,-1,-0.01,-1,-1
99926009,2026-05-18 12:15:54+05:30,53134.7,0,0.0,0,0.0,0.0,53282.15,53308.4,52783.45,53710.35,0,0.0,0.0,0.0,0.0,-0.01,-1,-1,-0.01,-1,-1,-0.01,-1,-1,-0.01,-1,-1,-0.01,-1,-1,-0.01,-1,-1,-0.01,-1,-1,-0.01,-1,-1,-0.01,-1,-1,-0.01,-1,-1
99926009,2026-05-18 12:15:55+05:30,53135.3,0,0.0,0,0.0,0.0,53282.15,53308.4,52783.45,53710.35,0,0.0,0.0,0.0,0.0,-0.01,-1,-1,-0.01,-1,-1,-0.01,-1,-1,-0.01,-1,-1,-0.01,-1,-1,-0.01,-1,-1,-0.01,-1,-1,-0.01,-1,-1,-0.01,-1,-1,-0.01,-1,-1
99926009,2026-05-18 12:15:55+05:30,53135.4,0,0.0,0,0.0,0.0,53282.15,53308.4,52783.45,53710.35,0,0.0,0.0,0.0,0.0,-0.01,-1,-1,-0.01,-1,-1,-0.01,-1,-1,-0.01,-1,-1,-0.01,-1,-1,-0.01,-1,-1,-0.01,-1,-1,-0.01,-1,-1,-0.01,-1,-1,-0.01,-1,-1
99926009,2026-05-18 12:15:56+05:30,53133.6,0,0.0,0,0.0,0.0,53282.15,53308.4,52783.45,53710.35,0,0.0,0.0,0.0,0.0,-0.01,-1,-1,-0.01,-1,-1,-0.01,-1,-1,-0.01,-1,-1,-0.01,-1,-1,-0.01,-1,-1,-0.01,-1,-1,-0.01,-1,-1,-0.01,-1,-1,-0.01,-1,-1
99926009,2026-05-18 12:15:56+05:30,53134.6,0,0.0,0,0.0,0.0,53282.15,53308.4,52783.45,53710.35,0,0.0,0.0,0.0,0.0,-0.01,-1,-1,-0.01,-1,-1,-0.01,-1,-1,-0.01,-1,-1,-0.01,-1,-1,-0.01,-1,-1,-0.01,-1,-1,-0.01,-1,-1,-0.01,-1,-1,-0.01,-1,-1
99926009,2026-05-18 12:15:57+05:30,53135.3,0,0.0,0,0.0,0.0,53282.15,53308.4,52783.45,53710.35,0,0.0,0.0,0.0,0.0,-0.01,-1,-1,-0.01,-1,-1,-0.01,-1,-1,-0.01,-1,-1,-0.01,-1,-1,-0.01,-1,-1,-0.01,-1,-1,-0.01,-1,-1,-0.01,-1,-1,-0.01,-1,-1
99926009,2026-05-18 12:15:57+05:30,53132.95,0,0.0,0,0.0,0.0,53282.15,53308.4,52783.45,53710.35,0,0.0,0.0,0.0,0.0,-0.01,-1,-1,-0.01,-1,-1,-0.01,-1,-1,-0.01,-1,-1,-0.01,-1,-1,-0.01,-1,-1,-0.01,-1,-1,-0.01,-1,-1,-0.01,-1,-1,-0.01,-1,-1
99926009,2026-05-18 12:15:58+05:30,53133.6,0,0.0,0,0.0,0.0,53282.15,53308.4,52783.45,53710.35,0,0.0,0.0,0.0,0.0,-0.01,-1,-1,-0.01,-1,-1,-0.01,-1,-1,-0.01,-1,-1,-0.01,-1,-1,-0.01,-1,-1,-0.01,-1,-1,-0.01,-1,-1,-0.01,-1,-1,-0.01,-1,-1
99926009,2026-05-18 12:15:58+05:30,53132.45,0,0.0,0,0.0,0.0,53282.15,53308.4,52783.45,53710.35,0,0.0,0.0,0.0,0.0,-0.01,-1,-1,-0.01,-1,-1,-0.01,-1,-1,-0.01,-1,-1,-0.01,-1,-1,-0.01,-1,-1,-0.01,-1,-1,-0.01,-1,-1,-0.01,-1,-1,-0.01,-1,-1
99926009,2026-05-18 12:15:59+05:30,53135.15,0,0.0,0,0.0,0.0,53282.15,53308.4,52783.45,53710.35,0,0.0,0.0,0.0,0.0,-0.01,-1,-1,-0.01,-1,-1,-0.01,-1,-1,-0.01,-1,-1,-0.01,-1,-1,-0.01,-1,-1,-0.01,-1,-1,-0.01,-1,-1,-0.01,-1,-1,-0.01,-1,-1
99926009,2026-05-18 12:15:59+05:30,53133.6,0,0.0,0,0.0,0.0,53282.15,53308.4,52783.45,53710.35,0,0.0,0.0,0.0,0.0,-0.01,-1,-1,-0.01,-1,-1,-0.01,-1,-1,-0.01,-1,-1,-0.01,-1,-1,-0.01,-1,-1,-0.01,-1,-1,-0.01,-1,-1,-0.01,-1,-1,-0.01,-1,-1
99926009,2026-05-18 12:16:00+05:30,53135.1,0,0.0,0,0.0,0.0,53282.15,53308.4,52783.45,53710.35,0,0.0,0.0,0.0,0.0,-0.01,-1,-1,-0.01,-1,-1,-0.01,-1,-1,-0.01,-1,-1,-0.01,-1,-1,-0.01,-1,-1,-0.01,-1,-1,-0.01,-1,-1,-0.01,-1,-1,-0.01,-1,-1
99926009,2026-05-18 12:16:00+05:30,53134.6,0,0.0,0,0.0,0.0,53282.15,53308.4,52783.45,53710.35,0,0.0,0.0,0.0,0.0,-0.01,-1,-1,-0.01,-1,-1,-0.01,-1,-1,-0.01,-1,-1,-0.01,-1,-1,-0.01,-1,-1,-0.01,-1,-1,-0.01,-1,-1,-0.01,-1,-1,-0.01,-1,-1
99926009,2026-05-18 12:16:01+05:30,53134.1,0,0.0,0,0.0,0.0,53282.15,53308.4,52783.45,53710.35,0,0.0,0.0,0.0,0.0,-0.01,-1,-1,-0.01,-1,-1,-0.01,-1,-1,-0.01,-1,-1,-0.01,-1,-1,-0.01,-1,-1,-0.01,-1,-1,-0.01,-1,-1,-0.01,-1,-1,-0.01,-1,-1
99926009,2026-05-18 12:16:01+05:30,53132.25,0,0.0,0,0.0,0.0,53282.15,53308.4,52783.45,53710.35,0,0.0,0.0,0.0,0.0,-0.01,-1,-1,-0.01,-1,-1,-0.01,-1,-1,-0.01,-1,-1,-0.01,-1,-1,-0.01,-1,-1,-0.01,-1,-1,-0.01,-1,-1,-0.01,-1,-1,-0.01,-1,-1
99926009,2026-05-18 12:16:02+05:30,53135.9,0,0.0,0,0.0,0.0,53282.15,53308.4,52783.45,53710.35,0,0.0,0.0,0.0,0.0,-0.01,-1,-1,-0.01,-1,-1,-0.01,-1,-1,-0.01,-1,-1,-0.01,-1,-1,-0.01,-1,-1,-0.01,-1,-1,-0.01,-1,-1,-0.01,-1,-1,-0.01,-1,-1
99926009,2026-05-18 12:16:02+05:30,53138.15,0,0.0,0,0.0,0.0,53282.15,53308.4,52783.45,53710.35,0,0.0,0.0,0.0,0.0,-0.01,-1,-1,-0.01,-1,-1,-0.01,-1,-1,-0.01,-1,-1,-0.01,-1,-1,-0.01,-1,-1,-0.01,-1,-1,-0.01,-1,-1,-0.01,-1,-1,-0.01,-1,-1
99926009,2026-05-18 12:16:03+05:30,53137.7,0,0.0,0,0.0,0.0,53282.15,53308.4,52783.45,53710.35,0,0.0,0.0,0.0,0.0,-0.01,-1,-1,-0.01,-1,-1,-0.01,-1,-1,-0.01,-1,-1,-0.01,-1,-1,-0.01,-1,-1,-0.01,-1,-1,-0.01,-1,-1,-0.01,-1,-1,-0.01,-1,-1
99926009,2026-05-18 12:16:03+05:30,53140.7,0,0.0,0,0.0,0.0,53282.15,53308.4,52783.45,53710.35,0,0.0,0.0,0.0,0.0,-0.01,-1,-1,-0.01,-1,-1,-0.01,-1,-1,-0.01,-1,-1,-0.01,-1,-1,-0.01,-1,-1,-0.01,-1,-1,-0.01,-1,-1,-0.01,-1,-1,-0.01,-1,-1
99926009,2026-05-18 12:16:04+05:30,53140.25,0,0.0,0,0.0,0.0,53282.15,53308.4,52783.45,53710.35,0,0.0,0.0,0.0,0.0,-0.01,-1,-1,-0.01,-1,-1,-0.01,-1,-1,-0.01,-1,-1,-0.01,-1,-1,-0.01,-1,-1,-0.01,-1,-1,-0.01,-1,-1,-0.01,-1,-1,-0.01,-1,-1
99926009,2026-05-18 12:16:04+05:30,53141.7,0,0.0,0,0.0,0.0,53282.15,53308.4,52783.45,53710.35,0,0.0,0.0,0.0,0.0,-0.01,-1,-1,-0.01,-1,-1,-0.01,-1,-1,-0.01,-1,-1,-0.01,-1,-1,-0.01,-1,-1,-0.01,-1,-1,-0.01,-1,-1,-0.01,-1,-1,-0.01,-1,-1
99926009,2026-05-18 12:16:05+05:30,53139.65,0,0.0,0,0.0,0.0,53282.15,53308.4,52783.45,53710.35,0,0.0,0.0,0.0,0.0,-0.01,-1,-1,-0.01,-1,-1,-0.01,-1,-1,-0.01,-1,-1,-0.01,-1,-1,-0.01,-1,-1,-0.01,-1,-1,-0.01,-1,-1,-0.01,-1,-1,-0.01,-1,-1
99926009,2026-05-18 12:16:05+05:30,53138.15,0,0.0,0,0.0,0.0,53282.15,53308.4,52783.45,53710.35,0,0.0,0.0,0.0,0.0,-0.01,-1,-1,-0.01,-1,-1,-0.01,-1,-1,-0.01,-1,-1,-0.01,-1,-1,-0.01,-1,-1,-0.01,-1,-1,-0.01,-1,-1,-0.01,-1,-1,-0.01,-1,-1
99926009,2026-05-18 12:16:06+05:30,53137.6,0,0.0,0,0.0,0.0,53282.15,53308.4,52783.45,53710.35,0,0.0,0.0,0.0,0.0,-0.01,-1,-1,-0.01,-1,-1,-0.01,-1,-1,-0.01,-1,-1,-0.01,-1,-1,-0.01,-1,-1,-0.01,-1,-1,-0.01,-1,-1,-0.01,-1,-1,-0.01,-1,-1
99926009,2026-05-18 12:16:06+05:30,53140.35,0,0.0,0,0.0,0.0,53282.15,53308.4,52783.45,53710.35,0,0.0,0.0,0.0,0.0,-0.01,-1,-1,-0.01,-1,-1,-0.01,-1,-1,-0.01,-1,-1,-0.01,-1,-1,-0.01,-1,-1,-0.01,-1,-1,-0.01,-1,-1,-0.01,-1,-1,-0.01,-1,-1
99926009,2026-05-18 12:16:07+05:30,53137.15,0,0.0,0,0.0,0.0,53282.15,53308.4,52783.45,53710.35,0,0.0,0.0,0.0,0.0,-0.01,-1,-1,-0.01,-1,-1,-0.01,-1,-1,-0.01,-1,-1,-0.01,-1,-1,-0.01,-1,-1,-0.01,-1,-1,-0.01,-1,-1,-0.01,-1,-1,-0.01,-1,-1
99926009,2026-05-18 12:16:07+05:30,53142.95,0,0.0,0,0.0,0.0,53282.15,53308.4,52783.45,53710.35,0,0.0,0.0,0.0,0.0,-0.01,-1,-1,-0.01,-1,-1,-0.01,-1,-1,-0.01,-1,-1,-0.01,-1,-1,-0.01,-1,-1,-0.01,-1,-1,-0.01,-1,-1,-0.01,-1,-1,-0.01,-1,-1
99926009,2026-05-18 12:16:08+05:30,53139.65,0,0.0,0,0.0,0.0,53282.15,53308.4,52783.45,53710.35,0,0.0,0.0,0.0,0.0,-0.01,-1,-1,-0.01,-1,-1,-0.01,-1,-1,-0.01,-1,-1,-0.01,-1,-1,-0.01,-1,-1,-0.01,-1,-1,-0.01,-1,-1,-0.01,-1,-1,-0.01,-1,-1
99926009,2026-05-18 12:16:08+05:30,53136.0,0,0.0,0,0.0,0.0,53282.15,53308.4,52783.45,53710.35,0,0.0,0.0,0.0,0.0,-0.01,-1,-1,-0.01,-1,-1,-0.01,-1,-1,-0.01,-1,-1,-0.01,-1,-1,-0.01,-1,-1,-0.01,-1,-1,-0.01,-1,-1,-0.01,-1,-1,-0.01,-1,-1
99926009,2026-05-18 12:16:09+05:30,53136.65,0,0.0,0,0.0,0.0,53282.15,53308.4,52783.45,53710.35,0,0.0,0.0,0.0,0.0,-0.01,-1,-1,-0.01,-1,-1,-0.01,-1,-1,-0.01,-1,-1,-0.01,-1,-1,-0.01,-1,-1,-0.01,-1,-1,-0.01,-1,-1,-0.01,-1,-1,-0.01,-1,-1
99926009,2026-05-18 12:16:09+05:30,53135.9,0,0.0,0,0.0,0.0,53282.15,53308.4,52783.45,53710.35,0,0.0,0.0,0.0,0.0,-0.01,-1,-1,-0.01,-1,-1,-0.01,-1,-1,-0.01,-1,-1,-0.01,-1,-1,-0.01,-1,-1,-0.01,-1,-1,-0.01,-1,-1,-0.01,-1,-1,-0.01,-1,-1
99926009,2026-05-18 12:16:10+05:30,53135.15,0,0.0,0,0.0,0.0,53282.15,53308.4,52783.45,53710.35,0,0.0,0.0,0.0,0.0,-0.01,-1,-1,-0.01,-1,-1,-0.01,-1,-1,-0.01,-1,-1,-0.01,-1,-1,-0.01,-1,-1,-0.01,-1,-1,-0.01,-1,-1,-0.01,-1,-1,-0.01,-1,-1
99926009,2026-05-18 12:16:10+05:30,53133.1,0,0.0,0,0.0,0.0,53282.15,53308.4,52783.45,53710.35,0,0.0,0.0,0.0,0.0,-0.01,-1,-1,-0.01,-1,-1,-0.01,-1,-1,-0.01,-1,-1,-0.01,-1,-1,-0.01,-1,-1,-0.01,-1,-1,-0.01,-1,-1,-0.01,-1,-1,-0.01,-1,-1
99926009,2026-05-18 12:16:11+05:30,53135.5,0,0.0,0,0.0,0.0,53282.15,53308.4,52783.45,53710.35,0,0.0,0.0,0.0,0.0,-0.01,-1,-1,-0.01,-1,-1,-0.01,-1,-1,-0.01,-1,-1,-0.01,-1,-1,-0.01,-1,-1,-0.01,-1,-1,-0.01,-1,-1,-0.01,-1,-1,-0.01,-1,-1
99926009,2026-05-18 12:16:11+05:30,53133.2,0,0.0,0,0.0,0.0,53282.15,53308.4,52783.45,53710.35,0,0.0,0.0,0.0,0.0,-0.01,-1,-1,-0.01,-1,-1,-0.01,-1,-1,-0.01,-1,-1,-0.01,-1,-1,-0.01,-1,-1,-0.01,-1,-1,-0.01,-1,-1,-0.01,-1,-1,-0.01,-1,-1
99926009,2026-05-18 12:16:12+05:30,53132.6,0,0.0,0,0.0,0.0,53282.15,53308.4,52783.45,53710.35,0,0.0,0.0,0.0,0.0,-0.01,-1,-1,-0.01,-1,-1,-0.01,-1,-1,-0.01,-1,-1,-0.01,-1,-1,-0.01,-1,-1,-0.01,-1,-1,-0.01,-1,-1,-0.01,-1,-1,-0.01,-1,-1
99926009,2026-05-18 12:16:12+05:30,53130.55,0,0.0,0,0.0,0.0,53282.15,53308.4,52783.45,53710.35,0,0.0,0.0,0.0,0.0,-0.01,-1,-1,-0.01,-1,-1,-0.01,-1,-1,-0.01,-1,-1,-0.01,-1,-1,-0.01,-1,-1,-0.01,-1,-1,-0.01,-1,-1,-0.01,-1,-1,-0.01,-1,-1
99926009,2026-05-18 12:16:13+05:30,53133.85,0,0.0,0,0.0,0.0,53282.15,53308.4,52783.45,53710.35,0,0.0,0.0,0.0,0.0,-0.01,-1,-1,-0.01,-1,-1,-0.01,-1,-1,-0.01,-1,-1,-0.01,-1,-1,-0.01,-1,-1,-0.01,-1,-1,-0.01,-1,-1,-0.01,-1,-1,-0.01,-1,-1
99926009,2026-05-18 12:16:13+05:30,53132.7,0,0.0,0,0.0,0.0,53282.15,53308.4,52783.45,53710.35,0,0.0,0.0,0.0,0.0,-0.01,-1,-1,-0.01,-1,-1,-0.01,-1,-1,-0.01,-1,-1,-0.01,-1,-1,-0.01,-1,-1,-0.01,-1,-1,-0.01,-1,-1,-0.01,-1,-1,-0.01,-1,-1
99926009,2026-05-18 12:16:14+05:30,53132.45,0,0.0,0,0.0,0.0,53282.15,53308.4,52783.45,53710.35,0,0.0,0.0,0.0,0.0,-0.01,-1,-1,-0.01,-1,-1,-0.01,-1,-1,-0.01,-1,-1,-0.01,-1,-1,-0.01,-1,-1,-0.01,-1,-1,-0.01,-1,-1,-0.01,-1,-1,-0.01,-1,-1
99926009,2026-05-18 12:16:14+05:30,53132.55,0,0.0,0,0.0,0.0,53282.15,53308.4,52783.45,53710.35,0,0.0,0.0,0.0,0.0,-0.01,-1,-1,-0.01,-1,-1,-0.01,-1,-1,-0.01,-1,-1,-0.01,-1,-1,-0.01,-1,-1,-0.01,-1,-1,-0.01,-1,-1,-0.01,-1,-1,-0.01,-1,-1
99926009,2026-05-18 12:16:15+05:30,53131.05,0,0.0,0,0.0,0.0,53282.15,53308.4,52783.45,53710.35,0,0.0,0.0,0.0,0.0,-0.01,-1,-1,-0.01,-1,-1,-0.01,-1,-1,-0.01,-1,-1,-0.01,-1,-1,-0.01,-1,-1,-0.01,-1,-1,-0.01,-1,-1,-0.01,-1,-1,-0.01,-1,-1
99926009,2026-05-18 12:16:15+05:30,53132.9,0,0.0,0,0.0,0.0,53282.15,53308.4,52783.45,53710.35,0,0.0,0.0,0.0,0.0,-0.01,-1,-1,-0.01,-1,-1,-0.01,-1,-1,-0.01,-1,-1,-0.01,-1,-1,-0.01,-1,-1,-0.01,-1,-1,-0.01,-1,-1,-0.01,-1,-1,-0.01,-1,-1
99926009,2026-05-18 12:16:16+05:30,53131.85,0,0.0,0,0.0,0.0,53282.15,53308.4,52783.45,53710.35,0,0.0,0.0,0.0,0.0,-0.01,-1,-1,-0.01,-1,-1,-0.01,-1,-1,-0.01,-1,-1,-0.01,-1,-1,-0.01,-1,-1,-0.01,-1,-1,-0.01,-1,-1,-0.01,-1,-1,-0.01,-1,-1
99926009,2026-05-18 12:16:16+05:30,53131.85,0,0.0,0,0.0,0.0,53282.15,53308.4,52783.45,53710.35,0,0.0,0.0,0.0,0.0,-0.01,-1,-1,-0.01,-1,-1,-0.01,-1,-1,-0.01,-1,-1,-0.01,-1,-1,-0.01,-1,-1,-0.01,-1,-1,-0.01,-1,-1,-0.01,-1,-1,-0.01,-1,-1
99926009,2026-05-18 12:16:17+05:30,53130.9,0,0.0,0,0.0,0.0,53282.15,53308.4,52783.45,53710.35,0,0.0,0.0,0.0,0.0,-0.01,-1,-1,-0.01,-1,-1,-0.01,-1,-1,-0.01,-1,-1,-0.01,-1,-1,-0.01,-1,-1,-0.01,-1,-1,-0.01,-1,-1,-0.01,-1,-1,-0.01,-1,-1
99926009,2026-05-18 12:16:17+05:30,53135.4,0,0.0,0,0.0,0.0,53282.15,53308.4,52783.45,53710.35,0,0.0,0.0,0.0,0.0,-0.01,-1,-1,-0.01,-1,-1,-0.01,-1,-1,-0.01,-1,-1,-0.01,-1,-1,-0.01,-1,-1,-0.01,-1,-1,-0.01,-1,-1,-0.01,-1,-1,-0.01,-1,-1
99926009,2026-05-18 12:16:18+05:30,53129.7,0,0.0,0,0.0,0.0,53282.15,53308.4,52783.45,53710.35,0,0.0,0.0,0.0,0.0,-0.01,-1,-1,-0.01,-1,-1,-0.01,-1,-1,-0.01,-1,-1,-0.01,-1,-1,-0.01,-1,-1,-0.01,-1,-1,-0.01,-1,-1,-0.01,-1,-1,-0.01,-1,-1
99926009,2026-05-18 12:16:18+05:30,53130.75,0,0.0,0,0.0,0.0,53282.15,53308.4,52783.45,53710.35,0,0.0,0.0,0.0,0.0,-0.01,-1,-1,-0.01,-1,-1,-0.01,-1,-1,-0.01,-1,-1,-0.01,-1,-1,-0.01,-1,-1,-0.01,-1,-1,-0.01,-1,-1,-0.01,-1,-1,-0.01,-1,-1
99926009,2026-05-18 12:16:19+05:30,53133.25,0,0.0,0,0.0,0.0,53282.15,53308.4,52783.45,53710.35,0,0.0,0.0,0.0,0.0,-0.01,-1,-1,-0.01,-1,-1,-0.01,-1,-1,-0.01,-1,-1,-0.01,-1,-1,-0.01,-1,-1,-0.01,-1,-1,-0.01,-1,-1,-0.01,-1,-1,-0.01,-1,-1
99926009,2026-05-18 12:16:19+05:30,53133.95,0,0.0,0,0.0,0.0,53282.15,53308.4,52783.45,53710.35,0,0.0,0.0,0.0,0.0,-0.01,-1,-1,-0.01,-1,-1,-0.01,-1,-1,-0.01,-1,-1,-0.01,-1,-1,-0.01,-1,-1,-0.01,-1,-1,-0.01,-1,-1,-0.01,-1,-1,-0.01,-1,-1
99926009,2026-05-18 12:16:20+05:30,53133.55,0,0.0,0,0.0,0.0,53282.15,53308.4,52783.45,53710.35,0,0.0,0.0,0.0,0.0,-0.01,-1,-1,-0.01,-1,-1,-0.01,-1,-1,-0.01,-1,-1,-0.01,-1,-1,-0.01,-1,-1,-0.01,-1,-1,-0.01,-1,-1,-0.01,-1,-1,-0.01,-1,-1
99926009,2026-05-18 12:16:20+05:30,53134.1,0,0.0,0,0.0,0.0,53282.15,53308.4,52783.45,53710.35,0,0.0,0.0,0.0,0.0,-0.01,-1,-1,-0.01,-1,-1,-0.01,-1,-1,-0.01,-1,-1,-0.01,-1,-1,-0.01,-1,-1,-0.01,-1,-1,-0.01,-1,-1,-0.01,-1,-1,-0.01,-1,-1
99926009,2026-05-18 12:16:21+05:30,53134.3,0,0.0,0,0.0,0.0,53282.15,53308.4,52783.45,53710.35,0,0.0,0.0,0.0,0.0,-0.01,-1,-1,-0.01,-1,-1,-0.01,-1,-1,-0.01,-1,-1,-0.01,-1,-1,-0.01,-1,-1,-0.01,-1,-1,-0.01,-1,-1,-0.01,-1,-1,-0.01,-1,-1
99926009,2026-05-18 12:16:21+05:30,53133.8,0,0.0,0,0.0,0.0,53282.15,53308.4,52783.45,53710.35,0,0.0,0.0,0.0,0.0,-0.01,-1,-1,-0.01,-1,-1,-0.01,-1,-1,-0.01,-1,-1,-0.01,-1,-1,-0.01,-1,-1,-0.01,-1,-1,-0.01,-1,-1,-0.01,-1,-1,-0.01,-1,-1
99926009,2026-05-18 12:16:22+05:30,53134.5,0,0.0,0,0.0,0.0,53282.15,53308.4,52783.45,53710.35,0,0.0,0.0,0.0,0.0,-0.01,-1,-1,-0.01,-1,-1,-0.01,-1,-1,-0.01,-1,-1,-0.01,-1,-1,-0.01,-1,-1,-0.01,-1,-1,-0.01,-1,-1,-0.01,-1,-1,-0.01,-1,-1
99926009,2026-05-18 12:16:22+05:30,53135.35,0,0.0,0,0.0,0.0,53282.15,53308.4,52783.45,53710.35,0,0.0,0.0,0.0,0.0,-0.01,-1,-1,-0.01,-1,-1,-0.01,-1,-1,-0.01,-1,-1,-0.01,-1,-1,-0.01,-1,-1,-0.01,-1,-1,-0.01,-1,-1,-0.01,-1,-1,-0.01,-1,-1
99926009,2026-05-18 12:16:23+05:30,53133.75,0,0.0,0,0.0,0.0,53282.15,53308.4,52783.45,53710.35,0,0.0,0.0,0.0,0.0,-0.01,-1,-1,-0.01,-1,-1,-0.01,-1,-1,-0.01,-1,-1,-0.01,-1,-1,-0.01,-1,-1,-0.01,-1,-1,-0.01,-1,-1,-0.01,-1,-1,-0.01,-1,-1
99926009,2026-05-18 12:16:23+05:30,53128.1,0,0.0,0,0.0,0.0,53282.15,53308.4,52783.45,53710.35,0,0.0,0.0,0.0,0.0,-0.01,-1,-1,-0.01,-1,-1,-0.01,-1,-1,-0.01,-1,-1,-0.01,-1,-1,-0.01,-1,-1,-0.01,-1,-1,-0.01,-1,-1,-0.01,-1,-1,-0.01,-1,-1
99926009,2026-05-18 12:16:24+05:30,53132.35,0,0.0,0,0.0,0.0,53282.15,53308.4,52783.45,53710.35,0,0.0,0.0,0.0,0.0,-0.01,-1,-1,-0.01,-1,-1,-0.01,-1,-1,-0.01,-1,-1,-0.01,-1,-1,-0.01,-1,-1,-0.01,-1,-1,-0.01,-1,-1,-0.01,-1,-1,-0.01,-1,-1
99926009,2026-05-18 12:16:24+05:30,53130.55,0,0.0,0,0.0,0.0,53282.15,53308.4,52783.45,53710.35,0,0.0,0.0,0.0,0.0,-0.01,-1,-1,-0.01,-1,-1,-0.01,-1,-1,-0.01,-1,-1,-0.01,-1,-1,-0.01,-1,-1,-0.01,-1,-1,-0.01,-1,-1,-0.01,-1,-1,-0.01,-1,-1
99926009,2026-05-18 12:16:25+05:30,53131.45,0,0.0,0,0.0,0.0,53282.15,53308.4,52783.45,53710.35,0,0.0,0.0,0.0,0.0,-0.01,-1,-1,-0.01,-1,-1,-0.01,-1,-1,-0.01,-1,-1,-0.01,-1,-1,-0.01,-1,-1,-0.01,-1,-1,-0.01,-1,-1,-0.01,-1,-1,-0.01,-1,-1
99926009,2026-05-18 12:16:25+05:30,53132.35,0,0.0,0,0.0,0.0,53282.15,53308.4,52783.45,53710.35,0,0.0,0.0,0.0,0.0,-0.01,-1,-1,-0.01,-1,-1,-0.01,-1,-1,-0.01,-1,-1,-0.01,-1,-1,-0.01,-1,-1,-0.01,-1,-1,-0.01,-1,-1,-0.01,-1,-1,-0.01,-1,-1
99926009,2026-05-18 12:16:26+05:30,53133.05,0,0.0,0,0.0,0.0,53282.15,53308.4,52783.45,53710.35,0,0.0,0.0,0.0,0.0,-0.01,-1,-1,-0.01,-1,-1,-0.01,-1,-1,-0.01,-1,-1,-0.01,-1,-1,-0.01,-1,-1,-0.01,-1,-1,-0.01,-1,-1,-0.01,-1,-1,-0.01,-1,-1
99926009,2026-05-18 12:16:26+05:30,53132.9,0,0.0,0,0.0,0.0,53282.15,53308.4,52783.45,53710.35,0,0.0,0.0,0.0,0.0,-0.01,-1,-1,-0.01,-1,-1,-0.01,-1,-1,-0.01,-1,-1,-0.01,-1,-1,-0.01,-1,-1,-0.01,-1,-1,-0.01,-1,-1,-0.01,-1,-1,-0.01,-1,-1
99926009,2026-05-18 12:16:27+05:30,53133.85,0,0.0,0,0.0,0.0,53282.15,53308.4,52783.45,53710.35,0,0.0,0.0,0.0,0.0,-0.01,-1,-1,-0.01,-1,-1,-0.01,-1,-1,-0.01,-1,-1,-0.01,-1,-1,-0.01,-1,-1,-0.01,-1,-1,-0.01,-1,-1,-0.01,-1,-1,-0.01,-1,-1
99926009,2026-05-18 12:16:27+05:30,53134.05,0,0.0,0,0.0,0.0,53282.15,53308.4,52783.45,53710.35,0,0.0,0.0,0.0,0.0,-0.01,-1,-1,-0.01,-1,-1,-0.01,-1,-1,-0.01,-1,-1,-0.01,-1,-1,-0.01,-1,-1,-0.01,-1,-1,-0.01,-1,-1,-0.01,-1,-1,-0.01,-1,-1
99926009,2026-05-18 12:16:28+05:30,53136.9,0,0.0,0,0.0,0.0,53282.15,53308.4,52783.45,53710.35,0,0.0,0.0,0.0,0.0,-0.01,-1,-1,-0.01,-1,-1,-0.01,-1,-1,-0.01,-1,-1,-0.01,-1,-1,-0.01,-1,-1,-0.01,-1,-1,-0.01,-1,-1,-0.01,-1,-1,-0.01,-1,-1
99926009,2026-05-18 12:16:28+05:30,53138.45,0,0.0,0,0.0,0.0,53282.15,53308.4,52783.45,53710.35,0,0.0,0.0,0.0,0.0,-0.01,-1,-1,-0.01,-1,-1,-0.01,-1,-1,-0.01,-1,-1,-0.01,-1,-1,-0.01,-1,-1,-0.01,-1,-1,-0.01,-1,-1,-0.01,-1,-1,-0.01,-1,-1
99926009,2026-05-18 12:16:29+05:30,53138.85,0,0.0,0,0.0,0.0,53282.15,53308.4,52783.45,53710.35,0,0.0,0.0,0.0,0.0,-0.01,-1,-1,-0.01,-1,-1,-0.01,-1,-1,-0.01,-1,-1,-0.01,-1,-1,-0.01,-1,-1,-0.01,-1,-1,-0.01,-1,-1,-0.01,-1,-1,-0.01,-1,-1
99926009,2026-05-18 12:16:29+05:30,53140.7,0,0.0,0,0.0,0.0,53282.15,53308.4,52783.45,53710.35,0,0.0,0.0,0.0,0.0,-0.01,-1,-1,-0.01,-1,-1,-0.01,-1,-1,-0.01,-1,-1,-0.01,-1,-1,-0.01,-1,-1,-0.01,-1,-1,-0.01,-1,-1,-0.01,-1,-1,-0.01,-1,-1
99926009,2026-05-18 12:16:30+05:30,53140.55,0,0.0,0,0.0,0.0,53282.15,53308.4,52783.45,53710.35,0,0.0,0.0,0.0,0.0,-0.01,-1,-1,-0.01,-1,-1,-0.01,-1,-1,-0.01,-1,-1,-0.01,-1,-1,-0.01,-1,-1,-0.01,-1,-1,-0.01,-1,-1,-0.01,-1,-1,-0.01,-1,-1
99926009,2026-05-18 12:16:30+05:30,53140.4,0,0.0,0,0.0,0.0,53282.15,53308.4,52783.45,53710.35,0,0.0,0.0,0.0,0.0,-0.01,-1,-1,-0.01,-1,-1,-0.01,-1,-1,-0.01,-1,-1,-0.01,-1,-1,-0.01,-1,-1,-0.01,-1,-1,-0.01,-1,-1,-0.01,-1,-1,-0.01,-1,-1
99926009,2026-05-18 12:16:31+05:30,53142.6,0,0.0,0,0.0,0.0,53282.15,53308.4,52783.45,53710.35,0,0.0,0.0,0.0,0.0,-0.01,-1,-1,-0.01,-1,-1,-0.01,-1,-1,-0.01,-1,-1,-0.01,-1,-1,-0.01,-1,-1,-0.01,-1,-1,-0.01,-1,-1,-0.01,-1,-1,-0.01,-1,-1
99926009,2026-05-18 12:16:31+05:30,53140.55,0,0.0,0,0.0,0.0,53282.15,53308.4,52783.45,53710.35,0,0.0,0.0,0.0,0.0,-0.01,-1,-1,-0.01,-1,-1,-0.01,-1,-1,-0.01,-1,-1,-0.01,-1,-1,-0.01,-1,-1,-0.01,-1,-1,-0.01,-1,-1,-0.01,-1,-1,-0.01,-1,-1
99926009,2026-05-18 12:16:32+05:30,53139.6,0,0.0,0,0.0,0.0,53282.15,53308.4,52783.45,53710.35,0,0.0,0.0,0.0,0.0,-0.01,-1,-1,-0.01,-1,-1,-0.01,-1,-1,-0.01,-1,-1,-0.01,-1,-1,-0.01,-1,-1,-0.01,-1,-1,-0.01,-1,-1,-0.01,-1,-1,-0.01,-1,-1
99926009,2026-05-18 12:16:32+05:30,53139.35,0,0.0,0,0.0,0.0,53282.15,53308.4,52783.45,53710.35,0,0.0,0.0,0.0,0.0,-0.01,-1,-1,-0.01,-1,-1,-0.01,-1,-1,-0.01,-1,-1,-0.01,-1,-1,-0.01,-1,-1,-0.01,-1,-1,-0.01,-1,-1,-0.01,-1,-1,-0.01,-1,-1
99926009,2026-05-18 12:16:33+05:30,53139.75,0,0.0,0,0.0,0.0,53282.15,53308.4,52783.45,53710.35,0,0.0,0.0,0.0,0.0,-0.01,-1,-1,-0.01,-1,-1,-0.01,-1,-1,-0.01,-1,-1,-0.01,-1,-1,-0.01,-1,-1,-0.01,-1,-1,-0.01,-1,-1,-0.01,-1,-1,-0.01,-1,-1
99926009,2026-05-18 12:16:33+05:30,53140.65,0,0.0,0,0.0,0.0,53282.15,53308.4,52783.45,53710.35,0,0.0,0.0,0.0,0.0,-0.01,-1,-1,-0.01,-1,-1,-0.01,-1,-1,-0.01,-1,-1,-0.01,-1,-1,-0.01,-1,-1,-0.01,-1,-1,-0.01,-1,-1,-0.01,-1,-1,-0.01,-1,-1
99926009,2026-05-18 12:16:34+05:30,53137.95,0,0.0,0,0.0,0.0,53282.15,53308.4,52783.45,53710.35,0,0.0,0.0,0.0,0.0,-0.01,-1,-1,-0.01,-1,-1,-0.01,-1,-1,-0.01,-1,-1,-0.01,-1,-1,-0.01,-1,-1,-0.01,-1,-1,-0.01,-1,-1,-0.01,-1,-1,-0.01,-1,-1
99926009,2026-05-18 12:16:34+05:30,53137.35,0,0.0,0,0.0,0.0,53282.15,53308.4,52783.45,53710.35,0,0.0,0.0,0.0,0.0,-0.01,-1,-1,-0.01,-1,-1,-0.01,-1,-1,-0.01,-1,-1,-0.01,-1,-1,-0.01,-1,-1,-0.01,-1,-1,-0.01,-1,-1,-0.01,-1,-1,-0.01,-1,-1
99926009,2026-05-18 12:16:35+05:30,53136.95,0,0.0,0,0.0,0.0,53282.15,53308.4,52783.45,53710.35,0,0.0,0.0,0.0,0.0,-0.01,-1,-1,-0.01,-1,-1,-0.01,-1,-1,-0.01,-1,-1,-0.01,-1,-1,-0.01,-1,-1,-0.01,-1,-1,-0.01,-1,-1,-0.01,-1,-1,-0.01,-1,-1
99926009,2026-05-18 12:16:35+05:30,53130.4,0,0.0,0,0.0,0.0,53282.15,53308.4,52783.45,53710.35,0,0.0,0.0,0.0,0.0,-0.01,-1,-1,-0.01,-1,-1,-0.01,-1,-1,-0.01,-1,-1,-0.01,-1,-1,-0.01,-1,-1,-0.01,-1,-1,-0.01,-1,-1,-0.01,-1,-1,-0.01,-1,-1
99926009,2026-05-18 12:16:36+05:30,53135.0,0,0.0,0,0.0,0.0,53282.15,53308.4,52783.45,53710.35,0,0.0,0.0,0.0,0.0,-0.01,-1,-1,-0.01,-1,-1,-0.01,-1,-1,-0.01,-1,-1,-0.01,-1,-1,-0.01,-1,-1,-0.01,-1,-1,-0.01,-1,-1,-0.01,-1,-1,-0.01,-1,-1
99926009,2026-05-18 12:16:36+05:30,53133.3,0,0.0,0,0.0,0.0,53282.15,53308.4,52783.45,53710.35,0,0.0,0.0,0.0,0.0,-0.01,-1,-1,-0.01,-1,-1,-0.01,-1,-1,-0.01,-1,-1,-0.01,-1,-1,-0.01,-1,-1,-0.01,-1,-1,-0.01,-1,-1,-0.01,-1,-1,-0.01,-1,-1
99926009,2026-05-18 12:16:37+05:30,53135.55,0,0.0,0,0.0,0.0,53282.15,53308.4,52783.45,53710.35,0,0.0,0.0,0.0,0.0,-0.01,-1,-1,-0.01,-1,-1,-0.01,-1,-1,-0.01,-1,-1,-0.01,-1,-1,-0.01,-1,-1,-0.01,-1,-1,-0.01,-1,-1,-0.01,-1,-1,-0.01,-1,-1
99926009,2026-05-18 12:16:37+05:30,53137.05,0,0.0,0,0.0,0.0,53282.15,53308.4,52783.45,53710.35,0,0.0,0.0,0.0,0.0,-0.01,-1,-1,-0.01,-1,-1,-0.01,-1,-1,-0.01,-1,-1,-0.01,-1,-1,-0.01,-1,-1,-0.01,-1,-1,-0.01,-1,-1,-0.01,-1,-1,-0.01,-1,-1
99926009,2026-05-18 12:16:38+05:30,53135.8,0,0.0,0,0.0,0.0,53282.15,53308.4,52783.45,53710.35,0,0.0,0.0,0.0,0.0,-0.01,-1,-1,-0.01,-1,-1,-0.01,-1,-1,-0.01,-1,-1,-0.01,-1,-1,-0.01,-1,-1,-0.01,-1,-1,-0.01,-1,-1,-0.01,-1,-1,-0.01,-1,-1
99926009,2026-05-18 12:16:38+05:30,53135.05,0,0.0,0,0.0,0.0,53282.15,53308.4,52783.45,53710.35,0,0.0,0.0,0.0,0.0,-0.01,-1,-1,-0.01,-1,-1,-0.01,-1,-1,-0.01,-1,-1,-0.01,-1,-1,-0.01,-1,-1,-0.01,-1,-1,-0.01,-1,-1,-0.01,-1,-1,-0.01,-1,-1
99926009,2026-05-18 12:16:39+05:30,53135.25,0,0.0,0,0.0,0.0,53282.15,53308.4,52783.45,53710.35,0,0.0,0.0,0.0,0.0,-0.01,-1,-1,-0.01,-1,-1,-0.01,-1,-1,-0.01,-1,-1,-0.01,-1,-1,-0.01,-1,-1,-0.01,-1,-1,-0.01,-1,-1,-0.01,-1,-1,-0.01,-1,-1
99926009,2026-05-18 12:16:39+05:30,53137.7,0,0.0,0,0.0,0.0,53282.15,53308.4,52783.45,53710.35,0,0.0,0.0,0.0,0.0,-0.01,-1,-1,-0.01,-1,-1,-0.01,-1,-1,-0.01,-1,-1,-0.01,-1,-1,-0.01,-1,-1,-0.01,-1,-1,-0.01,-1,-1,-0.01,-1,-1,-0.01,-1,-1
99926009,2026-05-18 12:16:40+05:30,53135.45,0,0.0,0,0.0,0.0,53282.15,53308.4,52783.45,53710.35,0,0.0,0.0,0.0,0.0,-0.01,-1,-1,-0.01,-1,-1,-0.01,-1,-1,-0.01,-1,-1,-0.01,-1,-1,-0.01,-1,-1,-0.01,-1,-1,-0.01,-1,-1,-0.01,-1,-1,-0.01,-1,-1
99926009,2026-05-18 12:16:40+05:30,53132.05,0,0.0,0,0.0,0.0,53282.15,53308.4,52783.45,53710.35,0,0.0,0.0,0.0,0.0,-0.01,-1,-1,-0.01,-1,-1,-0.01,-1,-1,-0.01,-1,-1,-0.01,-1,-1,-0.01,-1,-1,-0.01,-1,-1,-0.01,-1,-1,-0.01,-1,-1,-0.01,-1,-1
99926009,2026-05-18 12:16:41+05:30,53134.5,0,0.0,0,0.0,0.0,53282.15,53308.4,52783.45,53710.35,0,0.0,0.0,0.0,0.0,-0.01,-1,-1,-0.01,-1,-1,-0.01,-1,-1,-0.01,-1,-1,-0.01,-1,-1,-0.01,-1,-1,-0.01,-1,-1,-0.01,-1,-1,-0.01,-1,-1,-0.01,-1,-1
99926009,2026-05-18 12:16:41+05:30,53132.85,0,0.0,0,0.0,0.0,53282.15,53308.4,52783.45,53710.35,0,0.0,0.0,0.0,0.0,-0.01,-1,-1,-0.01,-1,-1,-0.01,-1,-1,-0.01,-1,-1,-0.01,-1,-1,-0.01,-1,-1,-0.01,-1,-1,-0.01,-1,-1,-0.01,-1,-1,-0.01,-1,-1
99926009,2026-05-18 12:16:42+05:30,53132.0,0,0.0,0,0.0,0.0,53282.15,53308.4,52783.45,53710.35,0,0.0,0.0,0.0,0.0,-0.01,-1,-1,-0.01,-1,-1,-0.01,-1,-1,-0.01,-1,-1,-0.01,-1,-1,-0.01,-1,-1,-0.01,-1,-1,-0.01,-1,-1,-0.01,-1,-1,-0.01,-1,-1
99926009,2026-05-18 12:16:42+05:30,53132.0,0,0.0,0,0.0,0.0,53282.15,53308.4,52783.45,53710.35,0,0.0,0.0,0.0,0.0,-0.01,-1,-1,-0.01,-1,-1,-0.01,-1,-1,-0.01,-1,-1,-0.01,-1,-1,-0.01,-1,-1,-0.01,-1,-1,-0.01,-1,-1,-0.01,-1,-1,-0.01,-1,-1
99926009,2026-05-18 12:16:43+05:30,53130.95,0,0.0,0,0.0,0.0,53282.15,53308.4,52783.45,53710.35,0,0.0,0.0,0.0,0.0,-0.01,-1,-1,-0.01,-1,-1,-0.01,-1,-1,-0.01,-1,-1,-0.01,-1,-1,-0.01,-1,-1,-0.01,-1,-1,-0.01,-1,-1,-0.01,-1,-1,-0.01,-1,-1
99926009,2026-05-18 12:16:43+05:30,53130.15,0,0.0,0,0.0,0.0,53282.15,53308.4,52783.45,53710.35,0,0.0,0.0,0.0,0.0,-0.01,-1,-1,-0.01,-1,-1,-0.01,-1,-1,-0.01,-1,-1,-0.01,-1,-1,-0.01,-1,-1,-0.01,-1,-1,-0.01,-1,-1,-0.01,-1,-1,-0.01,-1,-1
99926009,2026-05-18 12:16:44+05:30,53129.0,0,0.0,0,0.0,0.0,53282.15,53308.4,52783.45,53710.35,0,0.0,0.0,0.0,0.0,-0.01,-1,-1,-0.01,-1,-1,-0.01,-1,-1,-0.01,-1,-1,-0.01,-1,-1,-0.01,-1,-1,-0.01,-1,-1,-0.01,-1,-1,-0.01,-1,-1,-0.01,-1,-1
99926009,2026-05-18 12:16:44+05:30,53129.35,0,0.0,0,0.0,0.0,53282.15,53308.4,52783.45,53710.35,0,0.0,0.0,0.0,0.0,-0.01,-1,-1,-0.01,-1,-1,-0.01,-1,-1,-0.01,-1,-1,-0.01,-1,-1,-0.01,-1,-1,-0.01,-1,-1,-0.01,-1,-1,-0.01,-1,-1,-0.01,-1,-1
99926009,2026-05-18 12:16:45+05:30,53130.25,0,0.0,0,0.0,0.0,53282.15,53308.4,52783.45,53710.35,0,0.0,0.0,0.0,0.0,-0.01,-1,-1,-0.01,-1,-1,-0.01,-1,-1,-0.01,-1,-1,-0.01,-1,-1,-0.01,-1,-1,-0.01,-1,-1,-0.01,-1,-1,-0.01,-1,-1,-0.01,-1,-1
99926009,2026-05-18 12:16:45+05:30,53129.55,0,0.0,0,0.0,0.0,53282.15,53308.4,52783.45,53710.35,0,0.0,0.0,0.0,0.0,-0.01,-1,-1,-0.01,-1,-1,-0.01,-1,-1,-0.01,-1,-1,-0.01,-1,-1,-0.01,-1,-1,-0.01,-1,-1,-0.01,-1,-1,-0.01,-1,-1,-0.01,-1,-1
99926009,2026-05-18 12:16:46+05:30,53128.55,0,0.0,0,0.0,0.0,53282.15,53308.4,52783.45,53710.35,0,0.0,0.0,0.0,0.0,-0.01,-1,-1,-0.01,-1,-1,-0.01,-1,-1,-0.01,-1,-1,-0.01,-1,-1,-0.01,-1,-1,-0.01,-1,-1,-0.01,-1,-1,-0.01,-1,-1,-0.01,-1,-1
99926009,2026-05-18 12:16:46+05:30,53128.0,0,0.0,0,0.0,0.0,53282.15,53308.4,52783.45,53710.35,0,0.0,0.0,0.0,0.0,-0.01,-1,-1,-0.01,-1,-1,-0.01,-1,-1,-0.01,-1,-1,-0.01,-1,-1,-0.01,-1,-1,-0.01,-1,-1,-0.01,-1,-1,-0.01,-1,-1,-0.01,-1,-1
99926009,2026-05-18 12:16:47+05:30,53130.45,0,0.0,0,0.0,0.0,53282.15,53308.4,52783.45,53710.35,0,0.0,0.0,0.0,0.0,-0.01,-1,-1,-0.01,-1,-1,-0.01,-1,-1,-0.01,-1,-1,-0.01,-1,-1,-0.01,-1,-1,-0.01,-1,-1,-0.01,-1,-1,-0.01,-1,-1,-0.01,-1,-1
99926009,2026-05-18 12:16:47+05:30,53130.05,0,0.0,0,0.0,0.0,53282.15,53308.4,52783.45,53710.35,0,0.0,0.0,0.0,0.0,-0.01,-1,-1,-0.01,-1,-1,-0.01,-1,-1,-0.01,-1,-1,-0.01,-1,-1,-0.01,-1,-1,-0.01,-1,-1,-0.01,-1,-1,-0.01,-1,-1,-0.01,-1,-1
99926009,2026-05-18 12:16:48+05:30,53127.2,0,0.0,0,0.0,0.0,53282.15,53308.4,52783.45,53710.35,0,0.0,0.0,0.0,0.0,-0.01,-1,-1,-0.01,-1,-1,-0.01,-1,-1,-0.01,-1,-1,-0.01,-1,-1,-0.01,-1,-1,-0.01,-1,-1,-0.01,-1,-1,-0.01,-1,-1,-0.01,-1,-1
99926009,2026-05-18 12:16:48+05:30,53127.2,0,0.0,0,0.0,0.0,53282.15,53308.4,52783.45,53710.35,0,0.0,0.0,0.0,0.0,-0.01,-1,-1,-0.01,-1,-1,-0.01,-1,-1,-0.01,-1,-1,-0.01,-1,-1,-0.01,-1,-1,-0.01,-1,-1,-0.01,-1,-1,-0.01,-1,-1,-0.01,-1,-1
99926009,2026-05-18 12:16:49+05:30,53129.1,0,0.0,0,0.0,0.0,53282.15,53308.4,52783.45,53710.35,0,0.0,0.0,0.0,0.0,-0.01,-1,-1,-0.01,-1,-1,-0.01,-1,-1,-0.01,-1,-1,-0.01,-1,-1,-0.01,-1,-1,-0.01,-1,-1,-0.01,-1,-1,-0.01,-1,-1,-0.01,-1,-1
99926009,2026-05-18 12:16:49+05:30,53131.25,0,0.0,0,0.0,0.0,53282.15,53308.4,52783.45,53710.35,0,0.0,0.0,0.0,0.0,-0.01,-1,-1,-0.01,-1,-1,-0.01,-1,-1,-0.01,-1,-1,-0.01,-1,-1,-0.01,-1,-1,-0.01,-1,-1,-0.01,-1,-1,-0.01,-1,-1,-0.01,-1,-1
99926009,2026-05-18 12:16:50+05:30,53131.3,0,0.0,0,0.0,0.0,53282.15,53308.4,52783.45,53710.35,0,0.0,0.0,0.0,0.0,-0.01,-1,-1,-0.01,-1,-1,-0.01,-1,-1,-0.01,-1,-1,-0.01,-1,-1,-0.01,-1,-1,-0.01,-1,-1,-0.01,-1,-1,-0.01,-1,-1,-0.01,-1,-1
99926009,2026-05-18 12:16:50+05:30,53131.35,0,0.0,0,0.0,0.0,53282.15,53308.4,52783.45,53710.35,0,0.0,0.0,0.0,0.0,-0.01,-1,-1,-0.01,-1,-1,-0.01,-1,-1,-0.01,-1,-1,-0.01,-1,-1,-0.01,-1,-1,-0.01,-1,-1,-0.01,-1,-1,-0.01,-1,-1,-0.01,-1,-1
99926009,2026-05-18 12:16:51+05:30,53131.55,0,0.0,0,0.0,0.0,53282.15,53308.4,52783.45,53710.35,0,0.0,0.0,0.0,0.0,-0.01,-1,-1,-0.01,-1,-1,-0.01,-1,-1,-0.01,-1,-1,-0.01,-1,-1,-0.01,-1,-1,-0.01,-1,-1,-0.01,-1,-1,-0.01,-1,-1,-0.01,-1,-1
99926009,2026-05-18 12:16:51+05:30,53129.7,0,0.0,0,0.0,0.0,53282.15,53308.4,52783.45,53710.35,0,0.0,0.0,0.0,0.0,-0.01,-1,-1,-0.01,-1,-1,-0.01,-1,-1,-0.01,-1,-1,-0.01,-1,-1,-0.01,-1,-1,-0.01,-1,-1,-0.01,-1,-1,-0.01,-1,-1,-0.01,-1,-1
99926009,2026-05-18 12:16:52+05:30,53128.9,0,0.0,0,0.0,0.0,53282.15,53308.4,52783.45,53710.35,0,0.0,0.0,0.0,0.0,-0.01,-1,-1,-0.01,-1,-1,-0.01,-1,-1,-0.01,-1,-1,-0.01,-1,-1,-0.01,-1,-1,-0.01,-1,-1,-0.01,-1,-1,-0.01,-1,-1,-0.01,-1,-1
99926009,2026-05-18 12:16:52+05:30,53127.0,0,0.0,0,0.0,0.0,53282.15,53308.4,52783.45,53710.35,0,0.0,0.0,0.0,0.0,-0.01,-1,-1,-0.01,-1,-1,-0.01,-1,-1,-0.01,-1,-1,-0.01,-1,-1,-0.01,-1,-1,-0.01,-1,-1,-0.01,-1,-1,-0.01,-1,-1,-0.01,-1,-1
99926009,2026-05-18 12:16:53+05:30,53125.3,0,0.0,0,0.0,0.0,53282.15,53308.4,52783.45,53710.35,0,0.0,0.0,0.0,0.0,-0.01,-1,-1,-0.01,-1,-1,-0.01,-1,-1,-0.01,-1,-1,-0.01,-1,-1,-0.01,-1,-1,-0.01,-1,-1,-0.01,-1,-1,-0.01,-1,-1,-0.01,-1,-1
99926009,2026-05-18 12:16:53+05:30,53127.15,0,0.0,0,0.0,0.0,53282.15,53308.4,52783.45,53710.35,0,0.0,0.0,0.0,0.0,-0.01,-1,-1,-0.01,-1,-1,-0.01,-1,-1,-0.01,-1,-1,-0.01,-1,-1,-0.01,-1,-1,-0.01,-1,-1,-0.01,-1,-1,-0.01,-1,-1,-0.01,-1,-1
99926009,2026-05-18 12:16:54+05:30,53126.8,0,0.0,0,0.0,0.0,53282.15,53308.4,52783.45,53710.35,0,0.0,0.0,0.0,0.0,-0.01,-1,-1,-0.01,-1,-1,-0.01,-1,-1,-0.01,-1,-1,-0.01,-1,-1,-0.01,-1,-1,-0.01,-1,-1,-0.01,-1,-1,-0.01,-1,-1,-0.01,-1,-1
99926009,2026-05-18 12:16:54+05:30,53127.3,0,0.0,0,0.0,0.0,53282.15,53308.4,52783.45,53710.35,0,0.0,0.0,0.0,0.0,-0.01,-1,-1,-0.01,-1,-1,-0.01,-1,-1,-0.01,-1,-1,-0.01,-1,-1,-0.01,-1,-1,-0.01,-1,-1,-0.01,-1,-1,-0.01,-1,-1,-0.01,-1,-1
99926009,2026-05-18 12:16:55+05:30,53129.5,0,0.0,0,0.0,0.0,53282.15,53308.4,52783.45,53710.35,0,0.0,0.0,0.0,0.0,-0.01,-1,-1,-0.01,-1,-1,-0.01,-1,-1,-0.01,-1,-1,-0.01,-1,-1,-0.01,-1,-1,-0.01,-1,-1,-0.01,-1,-1,-0.01,-1,-1,-0.01,-1,-1
99926009,2026-05-18 12:16:55+05:30,53129.1,0,0.0,0,0.0,0.0,53282.15,53308.4,52783.45,53710.35,0,0.0,0.0,0.0,0.0,-0.01,-1,-1,-0.01,-1,-1,-0.01,-1,-1,-0.01,-1,-1,-0.01,-1,-1,-0.01,-1,-1,-0.01,-1,-1,-0.01,-1,-1,-0.01,-1,-1,-0.01,-1,-1
99926009,2026-05-18 12:16:56+05:30,53130.25,0,0.0,0,0.0,0.0,53282.15,53308.4,52783.45,53710.35,0,0.0,0.0,0.0,0.0,-0.01,-1,-1,-0.01,-1,-1,-0.01,-1,-1,-0.01,-1,-1,-0.01,-1,-1,-0.01,-1,-1,-0.01,-1,-1,-0.01,-1,-1,-0.01,-1,-1,-0.01,-1,-1
99926009,2026-05-18 12:16:56+05:30,53131.05,0,0.0,0,0.0,0.0,53282.15,53308.4,52783.45,53710.35,0,0.0,0.0,0.0,0.0,-0.01,-1,-1,-0.01,-1,-1,-0.01,-1,-1,-0.01,-1,-1,-0.01,-1,-1,-0.01,-1,-1,-0.01,-1,-1,-0.01,-1,-1,-0.01,-1,-1,-0.01,-1,-1
99926009,2026-05-18 12:16:57+05:30,53130.35,0,0.0,0,0.0,0.0,53282.15,53308.4,52783.45,53710.35,0,0.0,0.0,0.0,0.0,-0.01,-1,-1,-0.01,-1,-1,-0.01,-1,-1,-0.01,-1,-1,-0.01,-1,-1,-0.01,-1,-1,-0.01,-1,-1,-0.01,-1,-1,-0.01,-1,-1,-0.01,-1,-1
99926009,2026-05-18 12:16:57+05:30,53128.8,0,0.0,0,0.0,0.0,53282.15,53308.4,52783.45,53710.35,0,0.0,0.0,0.0,0.0,-0.01,-1,-1,-0.01,-1,-1,-0.01,-1,-1,-0.01,-1,-1,-0.01,-1,-1,-0.01,-1,-1,-0.01,-1,-1,-0.01,-1,-1,-0.01,-1,-1,-0.01,-1,-1
99926009,2026-05-18 12:16:58+05:30,53131.8,0,0.0,0,0.0,0.0,53282.15,53308.4,52783.45,53710.35,0,0.0,0.0,0.0,0.0,-0.01,-1,-1,-0.01,-1,-1,-0.01,-1,-1,-0.01,-1,-1,-0.01,-1,-1,-0.01,-1,-1,-0.01,-1,-1,-0.01,-1,-1,-0.01,-1,-1,-0.01,-1,-1
99926009,2026-05-18 12:16:58+05:30,53128.5,0,0.0,0,0.0,0.0,53282.15,53308.4,52783.45,53710.35,0,0.0,0.0,0.0,0.0,-0.01,-1,-1,-0.01,-1,-1,-0.01,-1,-1,-0.01,-1,-1,-0.01,-1,-1,-0.01,-1,-1,-0.01,-1,-1,-0.01,-1,-1,-0.01,-1,-1,-0.01,-1,-1
99926009,2026-05-18 12:16:59+05:30,53127.3,0,0.0,0,0.0,0.0,53282.15,53308.4,52783.45,53710.35,0,0.0,0.0,0.0,0.0,-0.01,-1,-1,-0.01,-1,-1,-0.01,-1,-1,-0.01,-1,-1,-0.01,-1,-1,-0.01,-1,-1,-0.01,-1,-1,-0.01,-1,-1,-0.01,-1,-1,-0.01,-1,-1
99926009,2026-05-18 12:16:59+05:30,53128.35,0,0.0,0,0.0,0.0,53282.15,53308.4,52783.45,53710.35,0,0.0,0.0,0.0,0.0,-0.01,-1,-1,-0.01,-1,-1,-0.01,-1,-1,-0.01,-1,-1,-0.01,-1,-1,-0.01,-1,-1,-0.01,-1,-1,-0.01,-1,-1,-0.01,-1,-1,-0.01,-1,-1
99926009,2026-05-18 12:17:00+05:30,53125.2,0,0.0,0,0.0,0.0,53282.15,53308.4,52783.45,53710.35,0,0.0,0.0,0.0,0.0,-0.01,-1,-1,-0.01,-1,-1,-0.01,-1,-1,-0.01,-1,-1,-0.01,-1,-1,-0.01,-1,-1,-0.01,-1,-1,-0.01,-1,-1,-0.01,-1,-1,-0.01,-1,-1
99926009,2026-05-18 12:17:00+05:30,53121.25,0,0.0,0,0.0,0.0,53282.15,53308.4,52783.45,53710.35,0,0.0,0.0,0.0,0.0,-0.01,-1,-1,-0.01,-1,-1,-0.01,-1,-1,-0.01,-1,-1,-0.01,-1,-1,-0.01,-1,-1,-0.01,-1,-1,-0.01,-1,-1,-0.01,-1,-1,-0.01,-1,-1
99926009,2026-05-18 12:17:01+05:30,53123.1,0,0.0,0,0.0,0.0,53282.15,53308.4,52783.45,53710.35,0,0.0,0.0,0.0,0.0,-0.01,-1,-1,-0.01,-1,-1,-0.01,-1,-1,-0.01,-1,-1,-0.01,-1,-1,-0.01,-1,-1,-0.01,-1,-1,-0.01,-1,-1,-0.01,-1,-1,-0.01,-1,-1
99926009,2026-05-18 12:17:01+05:30,53121.5,0,0.0,0,0.0,0.0,53282.15,53308.4,52783.45,53710.35,0,0.0,0.0,0.0,0.0,-0.01,-1,-1,-0.01,-1,-1,-0.01,-1,-1,-0.01,-1,-1,-0.01,-1,-1,-0.01,-1,-1,-0.01,-1,-1,-0.01,-1,-1,-0.01,-1,-1,-0.01,-1,-1
99926009,2026-05-18 12:17:02+05:30,53118.75,0,0.0,0,0.0,0.0,53282.15,53308.4,52783.45,53710.35,0,0.0,0.0,0.0,0.0,-0.01,-1,-1,-0.01,-1,-1,-0.01,-1,-1,-0.01,-1,-1,-0.01,-1,-1,-0.01,-1,-1,-0.01,-1,-1,-0.01,-1,-1,-0.01,-1,-1,-0.01,-1,-1
99926009,2026-05-18 12:17:02+05:30,53116.75,0,0.0,0,0.0,0.0,53282.15,53308.4,52783.45,53710.35,0,0.0,0.0,0.0,0.0,-0.01,-1,-1,-0.01,-1,-1,-0.01,-1,-1,-0.01,-1,-1,-0.01,-1,-1,-0.01,-1,-1,-0.01,-1,-1,-0.01,-1,-1,-0.01,-1,-1,-0.01,-1,-1
99926009,2026-05-18 12:17:03+05:30,53121.35,0,0.0,0,0.0,0.0,53282.15,53308.4,52783.45,53710.35,0,0.0,0.0,0.0,0.0,-0.01,-1,-1,-0.01,-1,-1,-0.01,-1,-1,-0.01,-1,-1,-0.01,-1,-1,-0.01,-1,-1,-0.01,-1,-1,-0.01,-1,-1,-0.01,-1,-1,-0.01,-1,-1
99926009,2026-05-18 12:17:03+05:30,53122.15,0,0.0,0,0.0,0.0,53282.15,53308.4,52783.45,53710.35,0,0.0,0.0,0.0,0.0,-0.01,-1,-1,-0.01,-1,-1,-0.01,-1,-1,-0.01,-1,-1,-0.01,-1,-1,-0.01,-1,-1,-0.01,-1,-1,-0.01,-1,-1,-0.01,-1,-1,-0.01,-1,-1
99926009,2026-05-18 12:17:04+05:30,53117.9,0,0.0,0,0.0,0.0,53282.15,53308.4,52783.45,53710.35,0,0.0,0.0,0.0,0.0,-0.01,-1,-1,-0.01,-1,-1,-0.01,-1,-1,-0.01,-1,-1,-0.01,-1,-1,-0.01,-1,-1,-0.01,-1,-1,-0.01,-1,-1,-0.01,-1,-1,-0.01,-1,-1
99926009,2026-05-18 12:17:04+05:30,53122.65,0,0.0,0,0.0,0.0,53282.15,53308.4,52783.45,53710.35,0,0.0,0.0,0.0,0.0,-0.01,-1,-1,-0.01,-1,-1,-0.01,-1,-1,-0.01,-1,-1,-0.01,-1,-1,-0.01,-1,-1,-0.01,-1,-1,-0.01,-1,-1,-0.01,-1,-1,-0.01,-1,-1
99926009,2026-05-18 12:17:05+05:30,53124.05,0,0.0,0,0.0,0.0,53282.15,53308.4,52783.45,53710.35,0,0.0,0.0,0.0,0.0,-0.01,-1,-1,-0.01,-1,-1,-0.01,-1,-1,-0.01,-1,-1,-0.01,-1,-1,-0.01,-1,-1,-0.01,-1,-1,-0.01,-1,-1,-0.01,-1,-1,-0.01,-1,-1
99926009,2026-05-18 12:17:05+05:30,53124.35,0,0.0,0,0.0,0.0,53282.15,53308.4,52783.45,53710.35,0,0.0,0.0,0.0,0.0,-0.01,-1,-1,-0.01,-1,-1,-0.01,-1,-1,-0.01,-1,-1,-0.01,-1,-1,-0.01,-1,-1,-0.01,-1,-1,-0.01,-1,-1,-0.01,-1,-1,-0.01,-1,-1
99926009,2026-05-18 12:17:06+05:30,53125.45,0,0.0,0,0.0,0.0,53282.15,53308.4,52783.45,53710.35,0,0.0,0.0,0.0,0.0,-0.01,-1,-1,-0.01,-1,-1,-0.01,-1,-1,-0.01,-1,-1,-0.01,-1,-1,-0.01,-1,-1,-0.01,-1,-1,-0.01,-1,-1,-0.01,-1,-1,-0.01,-1,-1
99926009,2026-05-18 12:17:06+05:30,53121.45,0,0.0,0,0.0,0.0,53282.15,53308.4,52783.45,53710.35,0,0.0,0.0,0.0,0.0,-0.01,-1,-1,-0.01,-1,-1,-0.01,-1,-1,-0.01,-1,-1,-0.01,-1,-1,-0.01,-1,-1,-0.01,-1,-1,-0.01,-1,-1,-0.01,-1,-1,-0.01,-1,-1
99926009,2026-05-18 12:17:07+05:30,53125.6,0,0.0,0,0.0,0.0,53282.15,53308.4,52783.45,53710.35,0,0.0,0.0,0.0,0.0,-0.01,-1,-1,-0.01,-1,-1,-0.01,-1,-1,-0.01,-1,-1,-0.01,-1,-1,-0.01,-1,-1,-0.01,-1,-1,-0.01,-1,-1,-0.01,-1,-1,-0.01,-1,-1
99926009,2026-05-18 12:17:07+05:30,53123.25,0,0.0,0,0.0,0.0,53282.15,53308.4,52783.45,53710.35,0,0.0,0.0,0.0,0.0,-0.01,-1,-1,-0.01,-1,-1,-0.01,-1,-1,-0.01,-1,-1,-0.01,-1,-1,-0.01,-1,-1,-0.01,-1,-1,-0.01,-1,-1,-0.01,-1,-1,-0.01,-1,-1
99926009,2026-05-18 12:17:08+05:30,53123.25,0,0.0,0,0.0,0.0,53282.15,53308.4,52783.45,53710.35,0,0.0,0.0,0.0,0.0,-0.01,-1,-1,-0.01,-1,-1,-0.01,-1,-1,-0.01,-1,-1,-0.01,-1,-1,-0.01,-1,-1,-0.01,-1,-1,-0.01,-1,-1,-0.01,-1,-1,-0.01,-1,-1
99926009,2026-05-18 12:17:08+05:30,53123.8,0,0.0,0,0.0,0.0,53282.15,53308.4,52783.45,53710.35,0,0.0,0.0,0.0,0.0,-0.01,-1,-1,-0.01,-1,-1,-0.01,-1,-1,-0.01,-1,-1,-0.01,-1,-1,-0.01,-1,-1,-0.01,-1,-1,-0.01,-1,-1,-0.01,-1,-1,-0.01,-1,-1
99926009,2026-05-18 12:17:09+05:30,53122.9,0,0.0,0,0.0,0.0,53282.15,53308.4,52783.45,53710.35,0,0.0,0.0,0.0,0.0,-0.01,-1,-1,-0.01,-1,-1,-0.01,-1,-1,-0.01,-1,-1,-0.01,-1,-1,-0.01,-1,-1,-0.01,-1,-1,-0.01,-1,-1,-0.01,-1,-1,-0.01,-1,-1
99926009,2026-05-18 12:17:09+05:30,53121.8,0,0.0,0,0.0,0.0,53282.15,53308.4,52783.45,53710.35,0,0.0,0.0,0.0,0.0,-0.01,-1,-1,-0.01,-1,-1,-0.01,-1,-1,-0.01,-1,-1,-0.01,-1,-1,-0.01,-1,-1,-0.01,-1,-1,-0.01,-1,-1,-0.01,-1,-1,-0.01,-1,-1
99926009,2026-05-18 12:17:10+05:30,53122.1,0,0.0,0,0.0,0.0,53282.15,53308.4,52783.45,53710.35,0,0.0,0.0,0.0,0.0,-0.01,-1,-1,-0.01,-1,-1,-0.01,-1,-1,-0.01,-1,-1,-0.01,-1,-1,-0.01,-1,-1,-0.01,-1,-1,-0.01,-1,-1,-0.01,-1,-1,-0.01,-1,-1
99926009,2026-05-18 12:17:10+05:30,53119.85,0,0.0,0,0.0,0.0,53282.15,53308.4,52783.45,53710.35,0,0.0,0.0,0.0,0.0,-0.01,-1,-1,-0.01,-1,-1,-0.01,-1,-1,-0.01,-1,-1,-0.01,-1,-1,-0.01,-1,-1,-0.01,-1,-1,-0.01,-1,-1,-0.01,-1,-1,-0.01,-1,-1
99926009,2026-05-18 12:17:11+05:30,53120.5,0,0.0,0,0.0,0.0,53282.15,53308.4,52783.45,53710.35,0,0.0,0.0,0.0,0.0,-0.01,-1,-1,-0.01,-1,-1,-0.01,-1,-1,-0.01,-1,-1,-0.01,-1,-1,-0.01,-1,-1,-0.01,-1,-1,-0.01,-1,-1,-0.01,-1,-1,-0.01,-1,-1
99926009,2026-05-18 12:17:11+05:30,53117.7,0,0.0,0,0.0,0.0,53282.15,53308.4,52783.45,53710.35,0,0.0,0.0,0.0,0.0,-0.01,-1,-1,-0.01,-1,-1,-0.01,-1,-1,-0.01,-1,-1,-0.01,-1,-1,-0.01,-1,-1,-0.01,-1,-1,-0.01,-1,-1,-0.01,-1,-1,-0.01,-1,-1
99926009,2026-05-18 12:17:12+05:30,53120.15,0,0.0,0,0.0,0.0,53282.15,53308.4,52783.45,53710.35,0,0.0,0.0,0.0,0.0,-0.01,-1,-1,-0.01,-1,-1,-0.01,-1,-1,-0.01,-1,-1,-0.01,-1,-1,-0.01,-1,-1,-0.01,-1,-1,-0.01,-1,-1,-0.01,-1,-1,-0.01,-1,-1
99926009,2026-05-18 12:17:12+05:30,53120.0,0,0.0,0,0.0,0.0,53282.15,53308.4,52783.45,53710.35,0,0.0,0.0,0.0,0.0,-0.01,-1,-1,-0.01,-1,-1,-0.01,-1,-1,-0.01,-1,-1,-0.01,-1,-1,-0.01,-1,-1,-0.01,-1,-1,-0.01,-1,-1,-0.01,-1,-1,-0.01,-1,-1
99926009,2026-05-18 12:17:13+05:30,53119.3,0,0.0,0,0.0,0.0,53282.15,53308.4,52783.45,53710.35,0,0.0,0.0,0.0,0.0,-0.01,-1,-1,-0.01,-1,-1,-0.01,-1,-1,-0.01,-1,-1,-0.01,-1,-1,-0.01,-1,-1,-0.01,-1,-1,-0.01,-1,-1,-0.01,-1,-1,-0.01,-1,-1
99926009,2026-05-18 12:17:13+05:30,53119.75,0,0.0,0,0.0,0.0,53282.15,53308.4,52783.45,53710.35,0,0.0,0.0,0.0,0.0,-0.01,-1,-1,-0.01,-1,-1,-0.01,-1,-1,-0.01,-1,-1,-0.01,-1,-1,-0.01,-1,-1,-0.01,-1,-1,-0.01,-1,-1,-0.01,-1,-1,-0.01,-1,-1
99926009,2026-05-18 12:17:14+05:30,53117.2,0,0.0,0,0.0,0.0,53282.15,53308.4,52783.45,53710.35,0,0.0,0.0,0.0,0.0,-0.01,-1,-1,-0.01,-1,-1,-0.01,-1,-1,-0.01,-1,-1,-0.01,-1,-1,-0.01,-1,-1,-0.01,-1,-1,-0.01,-1,-1,-0.01,-1,-1,-0.01,-1,-1
99926009,2026-05-18 12:17:14+05:30,53115.65,0,0.0,0,0.0,0.0,53282.15,53308.4,52783.45,53710.35,0,0.0,0.0,0.0,0.0,-0.01,-1,-1,-0.01,-1,-1,-0.01,-1,-1,-0.01,-1,-1,-0.01,-1,-1,-0.01,-1,-1,-0.01,-1,-1,-0.01,-1,-1,-0.01,-1,-1,-0.01,-1,-1
99926009,2026-05-18 12:17:15+05:30,53116.25,0,0.0,0,0.0,0.0,53282.15,53308.4,52783.45,53710.35,0,0.0,0.0,0.0,0.0,-0.01,-1,-1,-0.01,-1,-1,-0.01,-1,-1,-0.01,-1,-1,-0.01,-1,-1,-0.01,-1,-1,-0.01,-1,-1,-0.01,-1,-1,-0.01,-1,-1,-0.01,-1,-1
99926009,2026-05-18 12:17:15+05:30,53110.2,0,0.0,0,0.0,0.0,53282.15,53308.4,52783.45,53710.35,0,0.0,0.0,0.0,0.0,-0.01,-1,-1,-0.01,-1,-1,-0.01,-1,-1,-0.01,-1,-1,-0.01,-1,-1,-0.01,-1,-1,-0.01,-1,-1,-0.01,-1,-1,-0.01,-1,-1,-0.01,-1,-1
99926009,2026-05-18 12:17:16+05:30,53112.65,0,0.0,0,0.0,0.0,53282.15,53308.4,52783.45,53710.35,0,0.0,0.0,0.0,0.0,-0.01,-1,-1,-0.01,-1,-1,-0.01,-1,-1,-0.01,-1,-1,-0.01,-1,-1,-0.01,-1,-1,-0.01,-1,-1,-0.01,-1,-1,-0.01,-1,-1,-0.01,-1,-1
99926009,2026-05-18 12:17:16+05:30,53111.8,0,0.0,0,0.0,0.0,53282.15,53308.4,52783.45,53710.35,0,0.0,0.0,0.0,0.0,-0.01,-1,-1,-0.01,-1,-1,-0.01,-1,-1,-0.01,-1,-1,-0.01,-1,-1,-0.01,-1,-1,-0.01,-1,-1,-0.01,-1,-1,-0.01,-1,-1,-0.01,-1,-1
99926009,2026-05-18 12:17:17+05:30,53109.75,0,0.0,0,0.0,0.0,53282.15,53308.4,52783.45,53710.35,0,0.0,0.0,0.0,0.0,-0.01,-1,-1,-0.01,-1,-1,-0.01,-1,-1,-0.01,-1,-1,-0.01,-1,-1,-0.01,-1,-1,-0.01,-1,-1,-0.01,-1,-1,-0.01,-1,-1,-0.01,-1,-1
99926009,2026-05-18 12:17:17+05:30,53111.75,0,0.0,0,0.0,0.0,53282.15,53308.4,52783.45,53710.35,0,0.0,0.0,0.0,0.0,-0.01,-1,-1,-0.01,-1,-1,-0.01,-1,-1,-0.01,-1,-1,-0.01,-1,-1,-0.01,-1,-1,-0.01,-1,-1,-0.01,-1,-1,-0.01,-1,-1,-0.01,-1,-1
99926009,2026-05-18 12:17:18+05:30,53108.4,0,0.0,0,0.0,0.0,53282.15,53308.4,52783.45,53710.35,0,0.0,0.0,0.0,0.0,-0.01,-1,-1,-0.01,-1,-1,-0.01,-1,-1,-0.01,-1,-1,-0.01,-1,-1,-0.01,-1,-1,-0.01,-1,-1,-0.01,-1,-1,-0.01,-1,-1,-0.01,-1,-1
99926009,2026-05-18 12:17:18+05:30,53106.55,0,0.0,0,0.0,0.0,53282.15,53308.4,52783.45,53710.35,0,0.0,0.0,0.0,0.0,-0.01,-1,-1,-0.01,-1,-1,-0.01,-1,-1,-0.01,-1,-1,-0.01,-1,-1,-0.01,-1,-1,-0.01,-1,-1,-0.01,-1,-1,-0.01,-1,-1,-0.01,-1,-1
99926009,2026-05-18 12:17:19+05:30,53108.2,0,0.0,0,0.0,0.0,53282.15,53308.4,52783.45,53710.35,0,0.0,0.0,0.0,0.0,-0.01,-1,-1,-0.01,-1,-1,-0.01,-1,-1,-0.01,-1,-1,-0.01,-1,-1,-0.01,-1,-1,-0.01,-1,-1,-0.01,-1,-1,-0.01,-1,-1,-0.01,-1,-1
99926009,2026-05-18 12:17:19+05:30,53107.35,0,0.0,0,0.0,0.0,53282.15,53308.4,52783.45,53710.35,0,0.0,0.0,0.0,0.0,-0.01,-1,-1,-0.01,-1,-1,-0.01,-1,-1,-0.01,-1,-1,-0.01,-1,-1,-0.01,-1,-1,-0.01,-1,-1,-0.01,-1,-1,-0.01,-1,-1,-0.01,-1,-1
99926009,2026-05-18 12:17:20+05:30,53109.05,0,0.0,0,0.0,0.0,53282.15,53308.4,52783.45,53710.35,0,0.0,0.0,0.0,0.0,-0.01,-1,-1,-0.01,-1,-1,-0.01,-1,-1,-0.01,-1,-1,-0.01,-1,-1,-0.01,-1,-1,-0.01,-1,-1,-0.01,-1,-1,-0.01,-1,-1,-0.01,-1,-1
99926009,2026-05-18 12:17:20+05:30,53106.6,0,0.0,0,0.0,0.0,53282.15,53308.4,52783.45,53710.35,0,0.0,0.0,0.0,0.0,-0.01,-1,-1,-0.01,-1,-1,-0.01,-1,-1,-0.01,-1,-1,-0.01,-1,-1,-0.01,-1,-1,-0.01,-1,-1,-0.01,-1,-1,-0.01,-1,-1,-0.01,-1,-1
99926009,2026-05-18 12:17:21+05:30,53104.3,0,0.0,0,0.0,0.0,53282.15,53308.4,52783.45,53710.35,0,0.0,0.0,0.0,0.0,-0.01,-1,-1,-0.01,-1,-1,-0.01,-1,-1,-0.01,-1,-1,-0.01,-1,-1,-0.01,-1,-1,-0.01,-1,-1,-0.01,-1,-1,-0.01,-1,-1,-0.01,-1,-1
99926009,2026-05-18 12:17:21+05:30,53101.15,0,0.0,0,0.0,0.0,53282.15,53308.4,52783.45,53710.35,0,0.0,0.0,0.0,0.0,-0.01,-1,-1,-0.01,-1,-1,-0.01,-1,-1,-0.01,-1,-1,-0.01,-1,-1,-0.01,-1,-1,-0.01,-1,-1,-0.01,-1,-1,-0.01,-1,-1,-0.01,-1,-1
99926009,2026-05-18 12:17:22+05:30,53106.55,0,0.0,0,0.0,0.0,53282.15,53308.4,52783.45,53710.35,0,0.0,0.0,0.0,0.0,-0.01,-1,-1,-0.01,-1,-1,-0.01,-1,-1,-0.01,-1,-1,-0.01,-1,-1,-0.01,-1,-1,-0.01,-1,-1,-0.01,-1,-1,-0.01,-1,-1,-0.01,-1,-1
99926009,2026-05-18 12:17:22+05:30,53106.15,0,0.0,0,0.0,0.0,53282.15,53308.4,52783.45,53710.35,0,0.0,0.0,0.0,0.0,-0.01,-1,-1,-0.01,-1,-1,-0.01,-1,-1,-0.01,-1,-1,-0.01,-1,-1,-0.01,-1,-1,-0.01,-1,-1,-0.01,-1,-1,-0.01,-1,-1,-0.01,-1,-1
99926009,2026-05-18 12:17:23+05:30,53108.4,0,0.0,0,0.0,0.0,53282.15,53308.4,52783.45,53710.35,0,0.0,0.0,0.0,0.0,-0.01,-1,-1,-0.01,-1,-1,-0.01,-1,-1,-0.01,-1,-1,-0.01,-1,-1,-0.01,-1,-1,-0.01,-1,-1,-0.01,-1,-1,-0.01,-1,-1,-0.01,-1,-1
99926009,2026-05-18 12:17:23+05:30,53104.4,0,0.0,0,0.0,0.0,53282.15,53308.4,52783.45,53710.35,0,0.0,0.0,0.0,0.0,-0.01,-1,-1,-0.01,-1,-1,-0.01,-1,-1,-0.01,-1,-1,-0.01,-1,-1,-0.01,-1,-1,-0.01,-1,-1,-0.01,-1,-1,-0.01,-1,-1,-0.01,-1,-1
99926009,2026-05-18 12:17:24+05:30,53103.25,0,0.0,0,0.0,0.0,53282.15,53308.4,52783.45,53710.35,0,0.0,0.0,0.0,0.0,-0.01,-1,-1,-0.01,-1,-1,-0.01,-1,-1,-0.01,-1,-1,-0.01,-1,-1,-0.01,-1,-1,-0.01,-1,-1,-0.01,-1,-1,-0.01,-1,-1,-0.01,-1,-1
99926009,2026-05-18 12:17:24+05:30,53102.95,0,0.0,0,0.0,0.0,53282.15,53308.4,52783.45,53710.35,0,0.0,0.0,0.0,0.0,-0.01,-1,-1,-0.01,-1,-1,-0.01,-1,-1,-0.01,-1,-1,-0.01,-1,-1,-0.01,-1,-1,-0.01,-1,-1,-0.01,-1,-1,-0.01,-1,-1,-0.01,-1,-1
99926009,2026-05-18 12:17:25+05:30,53106.95,0,0.0,0,0.0,0.0,53282.15,53308.4,52783.45,53710.35,0,0.0,0.0,0.0,0.0,-0.01,-1,-1,-0.01,-1,-1,-0.01,-1,-1,-0.01,-1,-1,-0.01,-1,-1,-0.01,-1,-1,-0.01,-1,-1,-0.01,-1,-1,-0.01,-1,-1,-0.01,-1,-1
99926009,2026-05-18 12:17:25+05:30,53102.4,0,0.0,0,0.0,0.0,53282.15,53308.4,52783.45,53710.35,0,0.0,0.0,0.0,0.0,-0.01,-1,-1,-0.01,-1,-1,-0.01,-1,-1,-0.01,-1,-1,-0.01,-1,-1,-0.01,-1,-1,-0.01,-1,-1,-0.01,-1,-1,-0.01,-1,-1,-0.01,-1,-1
99926009,2026-05-18 12:17:26+05:30,53107.45,0,0.0,0,0.0,0.0,53282.15,53308.4,52783.45,53710.35,0,0.0,0.0,0.0,0.0,-0.01,-1,-1,-0.01,-1,-1,-0.01,-1,-1,-0.01,-1,-1,-0.01,-1,-1,-0.01,-1,-1,-0.01,-1,-1,-0.01,-1,-1,-0.01,-1,-1,-0.01,-1,-1
99926009,2026-05-18 12:17:26+05:30,53102.2,0,0.0,0,0.0,0.0,53282.15,53308.4,52783.45,53710.35,0,0.0,0.0,0.0,0.0,-0.01,-1,-1,-0.01,-1,-1,-0.01,-1,-1,-0.01,-1,-1,-0.01,-1,-1,-0.01,-1,-1,-0.01,-1,-1,-0.01,-1,-1,-0.01,-1,-1,-0.01,-1,-1
99926009,2026-05-18 12:17:27+05:30,53097.8,0,0.0,0,0.0,0.0,53282.15,53308.4,52783.45,53710.35,0,0.0,0.0,0.0,0.0,-0.01,-1,-1,-0.01,-1,-1,-0.01,-1,-1,-0.01,-1,-1,-0.01,-1,-1,-0.01,-1,-1,-0.01,-1,-1,-0.01,-1,-1,-0.01,-1,-1,-0.01,-1,-1
99926009,2026-05-18 12:17:27+05:30,53099.35,0,0.0,0,0.0,0.0,53282.15,53308.4,52783.45,53710.35,0,0.0,0.0,0.0,0.0,-0.01,-1,-1,-0.01,-1,-1,-0.01,-1,-1,-0.01,-1,-1,-0.01,-1,-1,-0.01,-1,-1,-0.01,-1,-1,-0.01,-1,-1,-0.01,-1,-1,-0.01,-1,-1
99926009,2026-05-18 12:17:28+05:30,53097.9,0,0.0,0,0.0,0.0,53282.15,53308.4,52783.45,53710.35,0,0.0,0.0,0.0,0.0,-0.01,-1,-1,-0.01,-1,-1,-0.01,-1,-1,-0.01,-1,-1,-0.01,-1,-1,-0.01,-1,-1,-0.01,-1,-1,-0.01,-1,-1,-0.01,-1,-1,-0.01,-1,-1
99926009,2026-05-18 12:17:28+05:30,53097.75,0,0.0,0,0.0,0.0,53282.15,53308.4,52783.45,53710.35,0,0.0,0.0,0.0,0.0,-0.01,-1,-1,-0.01,-1,-1,-0.01,-1,-1,-0.01,-1,-1,-0.01,-1,-1,-0.01,-1,-1,-0.01,-1,-1,-0.01,-1,-1,-0.01,-1,-1,-0.01,-1,-1
99926009,2026-05-18 12:17:29+05:30,53097.75,0,0.0,0,0.0,0.0,53282.15,53308.4,52783.45,53710.35,0,0.0,0.0,0.0,0.0,-0.01,-1,-1,-0.01,-1,-1,-0.01,-1,-1,-0.01,-1,-1,-0.01,-1,-1,-0.01,-1,-1,-0.01,-1,-1,-0.01,-1,-1,-0.01,-1,-1,-0.01,-1,-1
99926009,2026-05-18 12:17:29+05:30,53092.75,0,0.0,0,0.0,0.0,53282.15,53308.4,52783.45,53710.35,0,0.0,0.0,0.0,0.0,-0.01,-1,-1,-0.01,-1,-1,-0.01,-1,-1,-0.01,-1,-1,-0.01,-1,-1,-0.01,-1,-1,-0.01,-1,-1,-0.01,-1,-1,-0.01,-1,-1,-0.01,-1,-1
99926009,2026-05-18 12:17:30+05:30,53096.6,0,0.0,0,0.0,0.0,53282.15,53308.4,52783.45,53710.35,0,0.0,0.0,0.0,0.0,-0.01,-1,-1,-0.01,-1,-1,-0.01,-1,-1,-0.01,-1,-1,-0.01,-1,-1,-0.01,-1,-1,-0.01,-1,-1,-0.01,-1,-1,-0.01,-1,-1,-0.01,-1,-1
99926009,2026-05-18 12:17:30+05:30,53094.8,0,0.0,0,0.0,0.0,53282.15,53308.4,52783.45,53710.35,0,0.0,0.0,0.0,0.0,-0.01,-1,-1,-0.01,-1,-1,-0.01,-1,-1,-0.01,-1,-1,-0.01,-1,-1,-0.01,-1,-1,-0.01,-1,-1,-0.01,-1,-1,-0.01,-1,-1,-0.01,-1,-1
99926009,2026-05-18 12:17:31+05:30,53098.0,0,0.0,0,0.0,0.0,53282.15,53308.4,52783.45,53710.35,0,0.0,0.0,0.0,0.0,-0.01,-1,-1,-0.01,-1,-1,-0.01,-1,-1,-0.01,-1,-1,-0.01,-1,-1,-0.01,-1,-1,-0.01,-1,-1,-0.01,-1,-1,-0.01,-1,-1,-0.01,-1,-1
99926009,2026-05-18 12:17:31+05:30,53096.1,0,0.0,0,0.0,0.0,53282.15,53308.4,52783.45,53710.35,0,0.0,0.0,0.0,0.0,-0.01,-1,-1,-0.01,-1,-1,-0.01,-1,-1,-0.01,-1,-1,-0.01,-1,-1,-0.01,-1,-1,-0.01,-1,-1,-0.01,-1,-1,-0.01,-1,-1,-0.01,-1,-1
99926009,2026-05-18 12:17:32+05:30,53091.6,0,0.0,0,0.0,0.0,53282.15,53308.4,52783.45,53710.35,0,0.0,0.0,0.0,0.0,-0.01,-1,-1,-0.01,-1,-1,-0.01,-1,-1,-0.01,-1,-1,-0.01,-1,-1,-0.01,-1,-1,-0.01,-1,-1,-0.01,-1,-1,-0.01,-1,-1,-0.01,-1,-1
99926009,2026-05-18 12:17:32+05:30,53088.65,0,0.0,0,0.0,0.0,53282.15,53308.4,52783.45,53710.35,0,0.0,0.0,0.0,0.0,-0.01,-1,-1,-0.01,-1,-1,-0.01,-1,-1,-0.01,-1,-1,-0.01,-1,-1,-0.01,-1,-1,-0.01,-1,-1,-0.01,-1,-1,-0.01,-1,-1,-0.01,-1,-1
99926009,2026-05-18 12:17:33+05:30,53084.3,0,0.0,0,0.0,0.0,53282.15,53308.4,52783.45,53710.35,0,0.0,0.0,0.0,0.0,-0.01,-1,-1,-0.01,-1,-1,-0.01,-1,-1,-0.01,-1,-1,-0.01,-1,-1,-0.01,-1,-1,-0.01,-1,-1,-0.01,-1,-1,-0.01,-1,-1,-0.01,-1,-1
99926009,2026-05-18 12:17:33+05:30,53087.5,0,0.0,0,0.0,0.0,53282.15,53308.4,52783.45,53710.35,0,0.0,0.0,0.0,0.0,-0.01,-1,-1,-0.01,-1,-1,-0.01,-1,-1,-0.01,-1,-1,-0.01,-1,-1,-0.01,-1,-1,-0.01,-1,-1,-0.01,-1,-1,-0.01,-1,-1,-0.01,-1,-1
99926009,2026-05-18 12:17:34+05:30,53083.65,0,0.0,0,0.0,0.0,53282.15,53308.4,52783.45,53710.35,0,0.0,0.0,0.0,0.0,-0.01,-1,-1,-0.01,-1,-1,-0.01,-1,-1,-0.01,-1,-1,-0.01,-1,-1,-0.01,-1,-1,-0.01,-1,-1,-0.01,-1,-1,-0.01,-1,-1,-0.01,-1,-1
99926009,2026-05-18 12:17:34+05:30,53085.5,0,0.0,0,0.0,0.0,53282.15,53308.4,52783.45,53710.35,0,0.0,0.0,0.0,0.0,-0.01,-1,-1,-0.01,-1,-1,-0.01,-1,-1,-0.01,-1,-1,-0.01,-1,-1,-0.01,-1,-1,-0.01,-1,-1,-0.01,-1,-1,-0.01,-1,-1,-0.01,-1,-1
99926009,2026-05-18 12:17:35+05:30,53087.4,0,0.0,0,0.0,0.0,53282.15,53308.4,52783.45,53710.35,0,0.0,0.0,0.0,0.0,-0.01,-1,-1,-0.01,-1,-1,-0.01,-1,-1,-0.01,-1,-1,-0.01,-1,-1,-0.01,-1,-1,-0.01,-1,-1,-0.01,-1,-1,-0.01,-1,-1,-0.01,-1,-1
99926009,2026-05-18 12:17:35+05:30,53083.85,0,0.0,0,0.0,0.0,53282.15,53308.4,52783.45,53710.35,0,0.0,0.0,0.0,0.0,-0.01,-1,-1,-0.01,-1,-1,-0.01,-1,-1,-0.01,-1,-1,-0.01,-1,-1,-0.01,-1,-1,-0.01,-1,-1,-0.01,-1,-1,-0.01,-1,-1,-0.01,-1,-1
99926009,2026-05-18 12:17:36+05:30,53087.1,0,0.0,0,0.0,0.0,53282.15,53308.4,52783.45,53710.35,0,0.0,0.0,0.0,0.0,-0.01,-1,-1,-0.01,-1,-1,-0.01,-1,-1,-0.01,-1,-1,-0.01,-1,-1,-0.01,-1,-1,-0.01,-1,-1,-0.01,-1,-1,-0.01,-1,-1,-0.01,-1,-1
99926009,2026-05-18 12:17:36+05:30,53084.8,0,0.0,0,0.0,0.0,53282.15,53308.4,52783.45,53710.35,0,0.0,0.0,0.0,0.0,-0.01,-1,-1,-0.01,-1,-1,-0.01,-1,-1,-0.01,-1,-1,-0.01,-1,-1,-0.01,-1,-1,-0.01,-1,-1,-0.01,-1,-1,-0.01,-1,-1,-0.01,-1,-1
99926009,2026-05-18 12:17:37+05:30,53080.25,0,0.0,0,0.0,0.0,53282.15,53308.4,52783.45,53710.35,0,0.0,0.0,0.0,0.0,-0.01,-1,-1,-0.01,-1,-1,-0.01,-1,-1,-0.01,-1,-1,-0.01,-1,-1,-0.01,-1,-1,-0.01,-1,-1,-0.01,-1,-1,-0.01,-1,-1,-0.01,-1,-1
99926009,2026-05-18 12:17:37+05:30,53079.65,0,0.0,0,0.0,0.0,53282.15,53308.4,52783.45,53710.35,0,0.0,0.0,0.0,0.0,-0.01,-1,-1,-0.01,-1,-1,-0.01,-1,-1,-0.01,-1,-1,-0.01,-1,-1,-0.01,-1,-1,-0.01,-1,-1,-0.01,-1,-1,-0.01,-1,-1,-0.01,-1,-1
99926009,2026-05-18 12:17:38+05:30,53083.3,0,0.0,0,0.0,0.0,53282.15,53308.4,52783.45,53710.35,0,0.0,0.0,0.0,0.0,-0.01,-1,-1,-0.01,-1,-1,-0.01,-1,-1,-0.01,-1,-1,-0.01,-1,-1,-0.01,-1,-1,-0.01,-1,-1,-0.01,-1,-1,-0.01,-1,-1,-0.01,-1,-1
99926009,2026-05-18 12:17:38+05:30,53081.15,0,0.0,0,0.0,0.0,53282.15,53308.4,52783.45,53710.35,0,0.0,0.0,0.0,0.0,-0.01,-1,-1,-0.01,-1,-1,-0.01,-1,-1,-0.01,-1,-1,-0.01,-1,-1,-0.01,-1,-1,-0.01,-1,-1,-0.01,-1,-1,-0.01,-1,-1,-0.01,-1,-1
99926009,2026-05-18 12:17:39+05:30,53084.8,0,0.0,0,0.0,0.0,53282.15,53308.4,52783.45,53710.35,0,0.0,0.0,0.0,0.0,-0.01,-1,-1,-0.01,-1,-1,-0.01,-1,-1,-0.01,-1,-1,-0.01,-1,-1,-0.01,-1,-1,-0.01,-1,-1,-0.01,-1,-1,-0.01,-1,-1,-0.01,-1,-1
99926009,2026-05-18 12:17:39+05:30,53083.4,0,0.0,0,0.0,0.0,53282.15,53308.4,52783.45,53710.35,0,0.0,0.0,0.0,0.0,-0.01,-1,-1,-0.01,-1,-1,-0.01,-1,-1,-0.01,-1,-1,-0.01,-1,-1,-0.01,-1,-1,-0.01,-1,-1,-0.01,-1,-1,-0.01,-1,-1,-0.01,-1,-1
99926009,2026-05-18 12:17:40+05:30,53085.1,0,0.0,0,0.0,0.0,53282.15,53308.4,52783.45,53710.35,0,0.0,0.0,0.0,0.0,-0.01,-1,-1,-0.01,-1,-1,-0.01,-1,-1,-0.01,-1,-1,-0.01,-1,-1,-0.01,-1,-1,-0.01,-1,-1,-0.01,-1,-1,-0.01,-1,-1,-0.01,-1,-1
99926009,2026-05-18 12:17:40+05:30,53083.25,0,0.0,0,0.0,0.0,53282.15,53308.4,52783.45,53710.35,0,0.0,0.0,0.0,0.0,-0.01,-1,-1,-0.01,-1,-1,-0.01,-1,-1,-0.01,-1,-1,-0.01,-1,-1,-0.01,-1,-1,-0.01,-1,-1,-0.01,-1,-1,-0.01,-1,-1,-0.01,-1,-1
99926009,2026-05-18 12:17:41+05:30,53087.75,0,0.0,0,0.0,0.0,53282.15,53308.4,52783.45,53710.35,0,0.0,0.0,0.0,0.0,-0.01,-1,-1,-0.01,-1,-1,-0.01,-1,-1,-0.01,-1,-1,-0.01,-1,-1,-0.01,-1,-1,-0.01,-1,-1,-0.01,-1,-1,-0.01,-1,-1,-0.01,-1,-1
99926009,2026-05-18 12:17:41+05:30,53084.35,0,0.0,0,0.0,0.0,53282.15,53308.4,52783.45,53710.35,0,0.0,0.0,0.0,0.0,-0.01,-1,-1,-0.01,-1,-1,-0.01,-1,-1,-0.01,-1,-1,-0.01,-1,-1,-0.01,-1,-1,-0.01,-1,-1,-0.01,-1,-1,-0.01,-1,-1,-0.01,-1,-1
99926009,2026-05-18 12:17:42+05:30,53085.8,0,0.0,0,0.0,0.0,53282.15,53308.4,52783.45,53710.35,0,0.0,0.0,0.0,0.0,-0.01,-1,-1,-0.01,-1,-1,-0.01,-1,-1,-0.01,-1,-1,-0.01,-1,-1,-0.01,-1,-1,-0.01,-1,-1,-0.01,-1,-1,-0.01,-1,-1,-0.01,-1,-1
99926009,2026-05-18 12:17:42+05:30,53084.55,0,0.0,0,0.0,0.0,53282.15,53308.4,52783.45,53710.35,0,0.0,0.0,0.0,0.0,-0.01,-1,-1,-0.01,-1,-1,-0.01,-1,-1,-0.01,-1,-1,-0.01,-1,-1,-0.01,-1,-1,-0.01,-1,-1,-0.01,-1,-1,-0.01,-1,-1,-0.01,-1,-1
99926009,2026-05-18 12:17:43+05:30,53084.3,0,0.0,0,0.0,0.0,53282.15,53308.4,52783.45,53710.35,0,0.0,0.0,0.0,0.0,-0.01,-1,-1,-0.01,-1,-1,-0.01,-1,-1,-0.01,-1,-1,-0.01,-1,-1,-0.01,-1,-1,-0.01,-1,-1,-0.01,-1,-1,-0.01,-1,-1,-0.01,-1,-1
99926009,2026-05-18 12:17:43+05:30,53085.25,0,0.0,0,0.0,0.0,53282.15,53308.4,52783.45,53710.35,0,0.0,0.0,0.0,0.0,-0.01,-1,-1,-0.01,-1,-1,-0.01,-1,-1,-0.01,-1,-1,-0.01,-1,-1,-0.01,-1,-1,-0.01,-1,-1,-0.01,-1,-1,-0.01,-1,-1,-0.01,-1,-1
99926009,2026-05-18 12:17:44+05:30,53087.55,0,0.0,0,0.0,0.0,53282.15,53308.4,52783.45,53710.35,0,0.0,0.0,0.0,0.0,-0.01,-1,-1,-0.01,-1,-1,-0.01,-1,-1,-0.01,-1,-1,-0.01,-1,-1,-0.01,-1,-1,-0.01,-1,-1,-0.01,-1,-1,-0.01,-1,-1,-0.01,-1,-1
99926009,2026-05-18 12:17:44+05:30,53085.35,0,0.0,0,0.0,0.0,53282.15,53308.4,52783.45,53710.35,0,0.0,0.0,0.0,0.0,-0.01,-1,-1,-0.01,-1,-1,-0.01,-1,-1,-0.01,-1,-1,-0.01,-1,-1,-0.01,-1,-1,-0.01,-1,-1,-0.01,-1,-1,-0.01,-1,-1,-0.01,-1,-1
99926009,2026-05-18 12:17:45+05:30,53085.9,0,0.0,0,0.0,0.0,53282.15,53308.4,52783.45,53710.35,0,0.0,0.0,0.0,0.0,-0.01,-1,-1,-0.01,-1,-1,-0.01,-1,-1,-0.01,-1,-1,-0.01,-1,-1,-0.01,-1,-1,-0.01,-1,-1,-0.01,-1,-1,-0.01,-1,-1,-0.01,-1,-1
99926009,2026-05-18 12:17:45+05:30,53085.65,0,0.0,0,0.0,0.0,53282.15,53308.4,52783.45,53710.35,0,0.0,0.0,0.0,0.0,-0.01,-1,-1,-0.01,-1,-1,-0.01,-1,-1,-0.01,-1,-1,-0.01,-1,-1,-0.01,-1,-1,-0.01,-1,-1,-0.01,-1,-1,-0.01,-1,-1,-0.01,-1,-1
99926009,2026-05-18 12:17:46+05:30,53090.4,0,0.0,0,0.0,0.0,53282.15,53308.4,52783.45,53710.35,0,0.0,0.0,0.0,0.0,-0.01,-1,-1,-0.01,-1,-1,-0.01,-1,-1,-0.01,-1,-1,-0.01,-1,-1,-0.01,-1,-1,-0.01,-1,-1,-0.01,-1,-1,-0.01,-1,-1,-0.01,-1,-1
99926009,2026-05-18 12:17:46+05:30,53088.9,0,0.0,0,0.0,0.0,53282.15,53308.4,52783.45,53710.35,0,0.0,0.0,0.0,0.0,-0.01,-1,-1,-0.01,-1,-1,-0.01,-1,-1,-0.01,-1,-1,-0.01,-1,-1,-0.01,-1,-1,-0.01,-1,-1,-0.01,-1,-1,-0.01,-1,-1,-0.01,-1,-1
99926009,2026-05-18 12:17:47+05:30,53091.05,0,0.0,0,0.0,0.0,53282.15,53308.4,52783.45,53710.35,0,0.0,0.0,0.0,0.0,-0.01,-1,-1,-0.01,-1,-1,-0.01,-1,-1,-0.01,-1,-1,-0.01,-1,-1,-0.01,-1,-1,-0.01,-1,-1,-0.01,-1,-1,-0.01,-1,-1,-0.01,-1,-1
99926009,2026-05-18 12:17:47+05:30,53093.85,0,0.0,0,0.0,0.0,53282.15,53308.4,52783.45,53710.35,0,0.0,0.0,0.0,0.0,-0.01,-1,-1,-0.01,-1,-1,-0.01,-1,-1,-0.01,-1,-1,-0.01,-1,-1,-0.01,-1,-1,-0.01,-1,-1,-0.01,-1,-1,-0.01,-1,-1,-0.01,-1,-1
99926009,2026-05-18 12:17:48+05:30,53096.0,0,0.0,0,0.0,0.0,53282.15,53308.4,52783.45,53710.35,0,0.0,0.0,0.0,0.0,-0.01,-1,-1,-0.01,-1,-1,-0.01,-1,-1,-0.01,-1,-1,-0.01,-1,-1,-0.01,-1,-1,-0.01,-1,-1,-0.01,-1,-1,-0.01,-1,-1,-0.01,-1,-1
99926009,2026-05-18 12:17:48+05:30,53095.4,0,0.0,0,0.0,0.0,53282.15,53308.4,52783.45,53710.35,0,0.0,0.0,0.0,0.0,-0.01,-1,-1,-0.01,-1,-1,-0.01,-1,-1,-0.01,-1,-1,-0.01,-1,-1,-0.01,-1,-1,-0.01,-1,-1,-0.01,-1,-1,-0.01,-1,-1,-0.01,-1,-1
99926009,2026-05-18 12:17:49+05:30,53094.55,0,0.0,0,0.0,0.0,53282.15,53308.4,52783.45,53710.35,0,0.0,0.0,0.0,0.0,-0.01,-1,-1,-0.01,-1,-1,-0.01,-1,-1,-0.01,-1,-1,-0.01,-1,-1,-0.01,-1,-1,-0.01,-1,-1,-0.01,-1,-1,-0.01,-1,-1,-0.01,-1,-1
99926009,2026-05-18 12:17:49+05:30,53094.2,0,0.0,0,0.0,0.0,53282.15,53308.4,52783.45,53710.35,0,0.0,0.0,0.0,0.0,-0.01,-1,-1,-0.01,-1,-1,-0.01,-1,-1,-0.01,-1,-1,-0.01,-1,-1,-0.01,-1,-1,-0.01,-1,-1,-0.01,-1,-1,-0.01,-1,-1,-0.01,-1,-1
99926009,2026-05-18 12:17:50+05:30,53100.05,0,0.0,0,0.0,0.0,53282.15,53308.4,52783.45,53710.35,0,0.0,0.0,0.0,0.0,-0.01,-1,-1,-0.01,-1,-1,-0.01,-1,-1,-0.01,-1,-1,-0.01,-1,-1,-0.01,-1,-1,-0.01,-1,-1,-0.01,-1,-1,-0.01,-1,-1,-0.01,-1,-1
99926009,2026-05-18 12:17:50+05:30,53100.3,0,0.0,0,0.0,0.0,53282.15,53308.4,52783.45,53710.35,0,0.0,0.0,0.0,0.0,-0.01,-1,-1,-0.01,-1,-1,-0.01,-1,-1,-0.01,-1,-1,-0.01,-1,-1,-0.01,-1,-1,-0.01,-1,-1,-0.01,-1,-1,-0.01,-1,-1,-0.01,-1,-1
99926009,2026-05-18 12:17:51+05:30,53100.25,0,0.0,0,0.0,0.0,53282.15,53308.4,52783.45,53710.35,0,0.0,0.0,0.0,0.0,-0.01,-1,-1,-0.01,-1,-1,-0.01,-1,-1,-0.01,-1,-1,-0.01,-1,-1,-0.01,-1,-1,-0.01,-1,-1,-0.01,-1,-1,-0.01,-1,-1,-0.01,-1,-1
99926009,2026-05-18 12:17:51+05:30,53098.0,0,0.0,0,0.0,0.0,53282.15,53308.4,52783.45,53710.35,0,0.0,0.0,0.0,0.0,-0.01,-1,-1,-0.01,-1,-1,-0.01,-1,-1,-0.01,-1,-1,-0.01,-1,-1,-0.01,-1,-1,-0.01,-1,-1,-0.01,-1,-1,-0.01,-1,-1,-0.01,-1,-1
99926009,2026-05-18 12:17:52+05:30,53104.4,0,0.0,0,0.0,0.0,53282.15,53308.4,52783.45,53710.35,0,0.0,0.0,0.0,0.0,-0.01,-1,-1,-0.01,-1,-1,-0.01,-1,-1,-0.01,-1,-1,-0.01,-1,-1,-0.01,-1,-1,-0.01,-1,-1,-0.01,-1,-1,-0.01,-1,-1,-0.01,-1,-1
99926009,2026-05-18 12:17:52+05:30,53101.3,0,0.0,0,0.0,0.0,53282.15,53308.4,52783.45,53710.35,0,0.0,0.0,0.0,0.0,-0.01,-1,-1,-0.01,-1,-1,-0.01,-1,-1,-0.01,-1,-1,-0.01,-1,-1,-0.01,-1,-1,-0.01,-1,-1,-0.01,-1,-1,-0.01,-1,-1,-0.01,-1,-1
99926009,2026-05-18 12:17:53+05:30,53098.05,0,0.0,0,0.0,0.0,53282.15,53308.4,52783.45,53710.35,0,0.0,0.0,0.0,0.0,-0.01,-1,-1,-0.01,-1,-1,-0.01,-1,-1,-0.01,-1,-1,-0.01,-1,-1,-0.01,-1,-1,-0.01,-1,-1,-0.01,-1,-1,-0.01,-1,-1,-0.01,-1,-1
99926009,2026-05-18 12:17:53+05:30,53099.15,0,0.0,0,0.0,0.0,53282.15,53308.4,52783.45,53710.35,0,0.0,0.0,0.0,0.0,-0.01,-1,-1,-0.01,-1,-1,-0.01,-1,-1,-0.01,-1,-1,-0.01,-1,-1,-0.01,-1,-1,-0.01,-1,-1,-0.01,-1,-1,-0.01,-1,-1,-0.01,-1,-1
99926009,2026-05-18 12:17:54+05:30,53097.8,0,0.0,0,0.0,0.0,53282.15,53308.4,52783.45,53710.35,0,0.0,0.0,0.0,0.0,-0.01,-1,-1,-0.01,-1,-1,-0.01,-1,-1,-0.01,-1,-1,-0.01,-1,-1,-0.01,-1,-1,-0.01,-1,-1,-0.01,-1,-1,-0.01,-1,-1,-0.01,-1,-1
99926009,2026-05-18 12:17:54+05:30,53099.9,0,0.0,0,0.0,0.0,53282.15,53308.4,52783.45,53710.35,0,0.0,0.0,0.0,0.0,-0.01,-1,-1,-0.01,-1,-1,-0.01,-1,-1,-0.01,-1,-1,-0.01,-1,-1,-0.01,-1,-1,-0.01,-1,-1,-0.01,-1,-1,-0.01,-1,-1,-0.01,-1,-1
99926009,2026-05-18 12:17:55+05:30,53102.4,0,0.0,0,0.0,0.0,53282.15,53308.4,52783.45,53710.35,0,0.0,0.0,0.0,0.0,-0.01,-1,-1,-0.01,-1,-1,-0.01,-1,-1,-0.01,-1,-1,-0.01,-1,-1,-0.01,-1,-1,-0.01,-1,-1,-0.01,-1,-1,-0.01,-1,-1,-0.01,-1,-1
99926009,2026-05-18 12:17:55+05:30,53101.45,0,0.0,0,0.0,0.0,53282.15,53308.4,52783.45,53710.35,0,0.0,0.0,0.0,0.0,-0.01,-1,-1,-0.01,-1,-1,-0.01,-1,-1,-0.01,-1,-1,-0.01,-1,-1,-0.01,-1,-1,-0.01,-1,-1,-0.01,-1,-1,-0.01,-1,-1,-0.01,-1,-1
99926009,2026-05-18 12:17:56+05:30,53100.7,0,0.0,0,0.0,0.0,53282.15,53308.4,52783.45,53710.35,0,0.0,0.0,0.0,0.0,-0.01,-1,-1,-0.01,-1,-1,-0.01,-1,-1,-0.01,-1,-1,-0.01,-1,-1,-0.01,-1,-1,-0.01,-1,-1,-0.01,-1,-1,-0.01,-1,-1,-0.01,-1,-1
99926009,2026-05-18 12:17:56+05:30,53098.45,0,0.0,0,0.0,0.0,53282.15,53308.4,52783.45,53710.35,0,0.0,0.0,0.0,0.0,-0.01,-1,-1,-0.01,-1,-1,-0.01,-1,-1,-0.01,-1,-1,-0.01,-1,-1,-0.01,-1,-1,-0.01,-1,-1,-0.01,-1,-1,-0.01,-1,-1,-0.01,-1,-1
99926009,2026-05-18 12:17:57+05:30,53097.4,0,0.0,0,0.0,0.0,53282.15,53308.4,52783.45,53710.35,0,0.0,0.0,0.0,0.0,-0.01,-1,-1,-0.01,-1,-1,-0.01,-1,-1,-0.01,-1,-1,-0.01,-1,-1,-0.01,-1,-1,-0.01,-1,-1,-0.01,-1,-1,-0.01,-1,-1,-0.01,-1,-1
99926009,2026-05-18 12:17:57+05:30,53094.75,0,0.0,0,0.0,0.0,53282.15,53308.4,52783.45,53710.35,0,0.0,0.0,0.0,0.0,-0.01,-1,-1,-0.01,-1,-1,-0.01,-1,-1,-0.01,-1,-1,-0.01,-1,-1,-0.01,-1,-1,-0.01,-1,-1,-0.01,-1,-1,-0.01,-1,-1,-0.01,-1,-1
99926009,2026-05-18 12:17:58+05:30,53096.3,0,0.0,0,0.0,0.0,53282.15,53308.4,52783.45,53710.35,0,0.0,0.0,0.0,0.0,-0.01,-1,-1,-0.01,-1,-1,-0.01,-1,-1,-0.01,-1,-1,-0.01,-1,-1,-0.01,-1,-1,-0.01,-1,-1,-0.01,-1,-1,-0.01,-1,-1,-0.01,-1,-1
99926009,2026-05-18 12:17:58+05:30,53096.55,0,0.0,0,0.0,0.0,53282.15,53308.4,52783.45,53710.35,0,0.0,0.0,0.0,0.0,-0.01,-1,-1,-0.01,-1,-1,-0.01,-1,-1,-0.01,-1,-1,-0.01,-1,-1,-0.01,-1,-1,-0.01,-1,-1,-0.01,-1,-1,-0.01,-1,-1,-0.01,-1,-1
99926009,2026-05-18 12:17:59+05:30,53097.3,0,0.0,0,0.0,0.0,53282.15,53308.4,52783.45,53710.35,0,0.0,0.0,0.0,0.0,-0.01,-1,-1,-0.01,-1,-1,-0.01,-1,-1,-0.01,-1,-1,-0.01,-1,-1,-0.01,-1,-1,-0.01,-1,-1,-0.01,-1,-1,-0.01,-1,-1,-0.01,-1,-1
99926009,2026-05-18 12:17:59+05:30,53096.4,0,0.0,0,0.0,0.0,53282.15,53308.4,52783.45,53710.35,0,0.0,0.0,0.0,0.0,-0.01,-1,-1,-0.01,-1,-1,-0.01,-1,-1,-0.01,-1,-1,-0.01,-1,-1,-0.01,-1,-1,-0.01,-1,-1,-0.01,-1,-1,-0.01,-1,-1,-0.01,-1,-1
99926009,2026-05-18 12:18:00+05:30,53096.6,0,0.0,0,0.0,0.0,53282.15,53308.4,52783.45,53710.35,0,0.0,0.0,0.0,0.0,-0.01,-1,-1,-0.01,-1,-1,-0.01,-1,-1,-0.01,-1,-1,-0.01,-1,-1,-0.01,-1,-1,-0.01,-1,-1,-0.01,-1,-1,-0.01,-1,-1,-0.01,-1,-1
99926009,2026-05-18 12:18:00+05:30,53094.75,0,0.0,0,0.0,0.0,53282.15,53308.4,52783.45,53710.35,0,0.0,0.0,0.0,0.0,-0.01,-1,-1,-0.01,-1,-1,-0.01,-1,-1,-0.01,-1,-1,-0.01,-1,-1,-0.01,-1,-1,-0.01,-1,-1,-0.01,-1,-1,-0.01,-1,-1,-0.01,-1,-1
99926009,2026-05-18 12:18:01+05:30,53096.3,0,0.0,0,0.0,0.0,53282.15,53308.4,52783.45,53710.35,0,0.0,0.0,0.0,0.0,-0.01,-1,-1,-0.01,-1,-1,-0.01,-1,-1,-0.01,-1,-1,-0.01,-1,-1,-0.01,-1,-1,-0.01,-1,-1,-0.01,-1,-1,-0.01,-1,-1,-0.01,-1,-1
99926009,2026-05-18 12:18:01+05:30,53097.6,0,0.0,0,0.0,0.0,53282.15,53308.4,52783.45,53710.35,0,0.0,0.0,0.0,0.0,-0.01,-1,-1,-0.01,-1,-1,-0.01,-1,-1,-0.01,-1,-1,-0.01,-1,-1,-0.01,-1,-1,-0.01,-1,-1,-0.01,-1,-1,-0.01,-1,-1,-0.01,-1,-1
99926009,2026-05-18 12:18:02+05:30,53099.85,0,0.0,0,0.0,0.0,53282.15,53308.4,52783.45,53710.35,0,0.0,0.0,0.0,0.0,-0.01,-1,-1,-0.01,-1,-1,-0.01,-1,-1,-0.01,-1,-1,-0.01,-1,-1,-0.01,-1,-1,-0.01,-1,-1,-0.01,-1,-1,-0.01,-1,-1,-0.01,-1,-1
99926009,2026-05-18 12:18:02+05:30,53100.9,0,0.0,0,0.0,0.0,53282.15,53308.4,52783.45,53710.35,0,0.0,0.0,0.0,0.0,-0.01,-1,-1,-0.01,-1,-1,-0.01,-1,-1,-0.01,-1,-1,-0.01,-1,-1,-0.01,-1,-1,-0.01,-1,-1,-0.01,-1,-1,-0.01,-1,-1,-0.01,-1,-1
99926009,2026-05-18 12:18:03+05:30,53098.55,0,0.0,0,0.0,0.0,53282.15,53308.4,52783.45,53710.35,0,0.0,0.0,0.0,0.0,-0.01,-1,-1,-0.01,-1,-1,-0.01,-1,-1,-0.01,-1,-1,-0.01,-1,-1,-0.01,-1,-1,-0.01,-1,-1,-0.01,-1,-1,-0.01,-1,-1,-0.01,-1,-1
99926009,2026-05-18 12:18:03+05:30,53102.4,0,0.0,0,0.0,0.0,53282.15,53308.4,52783.45,53710.35,0,0.0,0.0,0.0,0.0,-0.01,-1,-1,-0.01,-1,-1,-0.01,-1,-1,-0.01,-1,-1,-0.01,-1,-1,-0.01,-1,-1,-0.01,-1,-1,-0.01,-1,-1,-0.01,-1,-1,-0.01,-1,-1
99926009,2026-05-18 12:18:04+05:30,53101.1,0,0.0,0,0.0,0.0,53282.15,53308.4,52783.45,53710.35,0,0.0,0.0,0.0,0.0,-0.01,-1,-1,-0.01,-1,-1,-0.01,-1,-1,-0.01,-1,-1,-0.01,-1,-1,-0.01,-1,-1,-0.01,-1,-1,-0.01,-1,-1,-0.01,-1,-1,-0.01,-1,-1
99926009,2026-05-18 12:18:04+05:30,53101.65,0,0.0,0,0.0,0.0,53282.15,53308.4,52783.45,53710.35,0,0.0,0.0,0.0,0.0,-0.01,-1,-1,-0.01,-1,-1,-0.01,-1,-1,-0.01,-1,-1,-0.01,-1,-1,-0.01,-1,-1,-0.01,-1,-1,-0.01,-1,-1,-0.01,-1,-1,-0.01,-1,-1
99926009,2026-05-18 12:18:05+05:30,53097.85,0,0.0,0,0.0,0.0,53282.15,53308.4,52783.45,53710.35,0,0.0,0.0,0.0,0.0,-0.01,-1,-1,-0.01,-1,-1,-0.01,-1,-1,-0.01,-1,-1,-0.01,-1,-1,-0.01,-1,-1,-0.01,-1,-1,-0.01,-1,-1,-0.01,-1,-1,-0.01,-1,-1
99926009,2026-05-18 12:18:05+05:30,53099.95,0,0.0,0,0.0,0.0,53282.15,53308.4,52783.45,53710.35,0,0.0,0.0,0.0,0.0,-0.01,-1,-1,-0.01,-1,-1,-0.01,-1,-1,-0.01,-1,-1,-0.01,-1,-1,-0.01,-1,-1,-0.01,-1,-1,-0.01,-1,-1,-0.01,-1,-1,-0.01,-1,-1
99926009,2026-05-18 12:18:06+05:30,53099.25,0,0.0,0,0.0,0.0,53282.15,53308.4,52783.45,53710.35,0,0.0,0.0,0.0,0.0,-0.01,-1,-1,-0.01,-1,-1,-0.01,-1,-1,-0.01,-1,-1,-0.01,-1,-1,-0.01,-1,-1,-0.01,-1,-1,-0.01,-1,-1,-0.01,-1,-1,-0.01,-1,-1
99926009,2026-05-18 12:18:06+05:30,53096.55,0,0.0,0,0.0,0.0,53282.15,53308.4,52783.45,53710.35,0,0.0,0.0,0.0,0.0,-0.01,-1,-1,-0.01,-1,-1,-0.01,-1,-1,-0.01,-1,-1,-0.01,-1,-1,-0.01,-1,-1,-0.01,-1,-1,-0.01,-1,-1,-0.01,-1,-1,-0.01,-1,-1
99926009,2026-05-18 12:18:07+05:30,53101.8,0,0.0,0,0.0,0.0,53282.15,53308.4,52783.45,53710.35,0,0.0,0.0,0.0,0.0,-0.01,-1,-1,-0.01,-1,-1,-0.01,-1,-1,-0.01,-1,-1,-0.01,-1,-1,-0.01,-1,-1,-0.01,-1,-1,-0.01,-1,-1,-0.01,-1,-1,-0.01,-1,-1
99926009,2026-05-18 12:18:07+05:30,53098.65,0,0.0,0,0.0,0.0,53282.15,53308.4,52783.45,53710.35,0,0.0,0.0,0.0,0.0,-0.01,-1,-1,-0.01,-1,-1,-0.01,-1,-1,-0.01,-1,-1,-0.01,-1,-1,-0.01,-1,-1,-0.01,-1,-1,-0.01,-1,-1,-0.01,-1,-1,-0.01,-1,-1
99926009,2026-05-18 12:18:08+05:30,53100.65,0,0.0,0,0.0,0.0,53282.15,53308.4,52783.45,53710.35,0,0.0,0.0,0.0,0.0,-0.01,-1,-1,-0.01,-1,-1,-0.01,-1,-1,-0.01,-1,-1,-0.01,-1,-1,-0.01,-1,-1,-0.01,-1,-1,-0.01,-1,-1,-0.01,-1,-1,-0.01,-1,-1
99926009,2026-05-18 12:18:08+05:30,53100.8,0,0.0,0,0.0,0.0,53282.15,53308.4,52783.45,53710.35,0,0.0,0.0,0.0,0.0,-0.01,-1,-1,-0.01,-1,-1,-0.01,-1,-1,-0.01,-1,-1,-0.01,-1,-1,-0.01,-1,-1,-0.01,-1,-1,-0.01,-1,-1,-0.01,-1,-1,-0.01,-1,-1
99926009,2026-05-18 12:18:09+05:30,53100.4,0,0.0,0,0.0,0.0,53282.15,53308.4,52783.45,53710.35,0,0.0,0.0,0.0,0.0,-0.01,-1,-1,-0.01,-1,-1,-0.01,-1,-1,-0.01,-1,-1,-0.01,-1,-1,-0.01,-1,-1,-0.01,-1,-1,-0.01,-1,-1,-0.01,-1,-1,-0.01,-1,-1
99926009,2026-05-18 12:18:09+05:30,53100.4,0,0.0,0,0.0,0.0,53282.15,53308.4,52783.45,53710.35,0,0.0,0.0,0.0,0.0,-0.01,-1,-1,-0.01,-1,-1,-0.01,-1,-1,-0.01,-1,-1,-0.01,-1,-1,-0.01,-1,-1,-0.01,-1,-1,-0.01,-1,-1,-0.01,-1,-1,-0.01,-1,-1
99926009,2026-05-18 12:18:10+05:30,53101.5,0,0.0,0,0.0,0.0,53282.15,53308.4,52783.45,53710.35,0,0.0,0.0,0.0,0.0,-0.01,-1,-1,-0.01,-1,-1,-0.01,-1,-1,-0.01,-1,-1,-0.01,-1,-1,-0.01,-1,-1,-0.01,-1,-1,-0.01,-1,-1,-0.01,-1,-1,-0.01,-1,-1
99926009,2026-05-18 12:18:10+05:30,53102.75,0,0.0,0,0.0,0.0,53282.15,53308.4,52783.45,53710.35,0,0.0,0.0,0.0,0.0,-0.01,-1,-1,-0.01,-1,-1,-0.01,-1,-1,-0.01,-1,-1,-0.01,-1,-1,-0.01,-1,-1,-0.01,-1,-1,-0.01,-1,-1,-0.01,-1,-1,-0.01,-1,-1
99926009,2026-05-18 12:18:11+05:30,53104.8,0,0.0,0,0.0,0.0,53282.15,53308.4,52783.45,53710.35,0,0.0,0.0,0.0,0.0,-0.01,-1,-1,-0.01,-1,-1,-0.01,-1,-1,-0.01,-1,-1,-0.01,-1,-1,-0.01,-1,-1,-0.01,-1,-1,-0.01,-1,-1,-0.01,-1,-1,-0.01,-1,-1
99926009,2026-05-18 12:18:11+05:30,53102.35,0,0.0,0,0.0,0.0,53282.15,53308.4,52783.45,53710.35,0,0.0,0.0,0.0,0.0,-0.01,-1,-1,-0.01,-1,-1,-0.01,-1,-1,-0.01,-1,-1,-0.01,-1,-1,-0.01,-1,-1,-0.01,-1,-1,-0.01,-1,-1,-0.01,-1,-1,-0.01,-1,-1
99926009,2026-05-18 12:18:12+05:30,53102.35,0,0.0,0,0.0,0.0,53282.15,53308.4,52783.45,53710.35,0,0.0,0.0,0.0,0.0,-0.01,-1,-1,-0.01,-1,-1,-0.01,-1,-1,-0.01,-1,-1,-0.01,-1,-1,-0.01,-1,-1,-0.01,-1,-1,-0.01,-1,-1,-0.01,-1,-1,-0.01,-1,-1
99926009,2026-05-18 12:18:12+05:30,53100.65,0,0.0,0,0.0,0.0,53282.15,53308.4,52783.45,53710.35,0,0.0,0.0,0.0,0.0,-0.01,-1,-1,-0.01,-1,-1,-0.01,-1,-1,-0.01,-1,-1,-0.01,-1,-1,-0.01,-1,-1,-0.01,-1,-1,-0.01,-1,-1,-0.01,-1,-1,-0.01,-1,-1
99926009,2026-05-18 12:18:13+05:30,53101.25,0,0.0,0,0.0,0.0,53282.15,53308.4,52783.45,53710.35,0,0.0,0.0,0.0,0.0,-0.01,-1,-1,-0.01,-1,-1,-0.01,-1,-1,-0.01,-1,-1,-0.01,-1,-1,-0.01,-1,-1,-0.01,-1,-1,-0.01,-1,-1,-0.01,-1,-1,-0.01,-1,-1
99926009,2026-05-18 12:18:13+05:30,53102.15,0,0.0,0,0.0,0.0,53282.15,53308.4,52783.45,53710.35,0,0.0,0.0,0.0,0.0,-0.01,-1,-1,-0.01,-1,-1,-0.01,-1,-1,-0.01,-1,-1,-0.01,-1,-1,-0.01,-1,-1,-0.01,-1,-1,-0.01,-1,-1,-0.01,-1,-1,-0.01,-1,-1
99926009,2026-05-18 12:18:14+05:30,53103.45,0,0.0,0,0.0,0.0,53282.15,53308.4,52783.45,53710.35,0,0.0,0.0,0.0,0.0,-0.01,-1,-1,-0.01,-1,-1,-0.01,-1,-1,-0.01,-1,-1,-0.01,-1,-1,-0.01,-1,-1,-0.01,-1,-1,-0.01,-1,-1,-0.01,-1,-1,-0.01,-1,-1
99926009,2026-05-18 12:18:14+05:30,53099.9,0,0.0,0,0.0,0.0,53282.15,53308.4,52783.45,53710.35,0,0.0,0.0,0.0,0.0,-0.01,-1,-1,-0.01,-1,-1,-0.01,-1,-1,-0.01,-1,-1,-0.01,-1,-1,-0.01,-1,-1,-0.01,-1,-1,-0.01,-1,-1,-0.01,-1,-1,-0.01,-1,-1
99926009,2026-05-18 12:18:15+05:30,53101.25,0,0.0,0,0.0,0.0,53282.15,53308.4,52783.45,53710.35,0,0.0,0.0,0.0,0.0,-0.01,-1,-1,-0.01,-1,-1,-0.01,-1,-1,-0.01,-1,-1,-0.01,-1,-1,-0.01,-1,-1,-0.01,-1,-1,-0.01,-1,-1,-0.01,-1,-1,-0.01,-1,-1
99926009,2026-05-18 12:18:15+05:30,53097.7,0,0.0,0,0.0,0.0,53282.15,53308.4,52783.45,53710.35,0,0.0,0.0,0.0,0.0,-0.01,-1,-1,-0.01,-1,-1,-0.01,-1,-1,-0.01,-1,-1,-0.01,-1,-1,-0.01,-1,-1,-0.01,-1,-1,-0.01,-1,-1,-0.01,-1,-1,-0.01,-1,-1
99926009,2026-05-18 12:18:16+05:30,53098.75,0,0.0,0,0.0,0.0,53282.15,53308.4,52783.45,53710.35,0,0.0,0.0,0.0,0.0,-0.01,-1,-1,-0.01,-1,-1,-0.01,-1,-1,-0.01,-1,-1,-0.01,-1,-1,-0.01,-1,-1,-0.01,-1,-1,-0.01,-1,-1,-0.01,-1,-1,-0.01,-1,-1
99926009,2026-05-18 12:18:16+05:30,53095.65,0,0.0,0,0.0,0.0,53282.15,53308.4,52783.45,53710.35,0,0.0,0.0,0.0,0.0,-0.01,-1,-1,-0.01,-1,-1,-0.01,-1,-1,-0.01,-1,-1,-0.01,-1,-1,-0.01,-1,-1,-0.01,-1,-1,-0.01,-1,-1,-0.01,-1,-1,-0.01,-1,-1
99926009,2026-05-18 12:18:17+05:30,53096.95,0,0.0,0,0.0,0.0,53282.15,53308.4,52783.45,53710.35,0,0.0,0.0,0.0,0.0,-0.01,-1,-1,-0.01,-1,-1,-0.01,-1,-1,-0.01,-1,-1,-0.01,-1,-1,-0.01,-1,-1,-0.01,-1,-1,-0.01,-1,-1,-0.01,-1,-1,-0.01,-1,-1
99926009,2026-05-18 12:18:17+05:30,53094.75,0,0.0,0,0.0,0.0,53282.15,53308.4,52783.45,53710.35,0,0.0,0.0,0.0,0.0,-0.01,-1,-1,-0.01,-1,-1,-0.01,-1,-1,-0.01,-1,-1,-0.01,-1,-1,-0.01,-1,-1,-0.01,-1,-1,-0.01,-1,-1,-0.01,-1,-1,-0.01,-1,-1
99926009,2026-05-18 12:18:18+05:30,53094.25,0,0.0,0,0.0,0.0,53282.15,53308.4,52783.45,53710.35,0,0.0,0.0,0.0,0.0,-0.01,-1,-1,-0.01,-1,-1,-0.01,-1,-1,-0.01,-1,-1,-0.01,-1,-1,-0.01,-1,-1,-0.01,-1,-1,-0.01,-1,-1,-0.01,-1,-1,-0.01,-1,-1
99926009,2026-05-18 12:18:18+05:30,53094.25,0,0.0,0,0.0,0.0,53282.15,53308.4,52783.45,53710.35,0,0.0,0.0,0.0,0.0,-0.01,-1,-1,-0.01,-1,-1,-0.01,-1,-1,-0.01,-1,-1,-0.01,-1,-1,-0.01,-1,-1,-0.01,-1,-1,-0.01,-1,-1,-0.01,-1,-1,-0.01,-1,-1
99926009,2026-05-18 12:18:19+05:30,53093.15,0,0.0,0,0.0,0.0,53282.15,53308.4,52783.45,53710.35,0,0.0,0.0,0.0,0.0,-0.01,-1,-1,-0.01,-1,-1,-0.01,-1,-1,-0.01,-1,-1,-0.01,-1,-1,-0.01,-1,-1,-0.01,-1,-1,-0.01,-1,-1,-0.01,-1,-1,-0.01,-1,-1
99926009,2026-05-18 12:18:19+05:30,53093.45,0,0.0,0,0.0,0.0,53282.15,53308.4,52783.45,53710.35,0,0.0,0.0,0.0,0.0,-0.01,-1,-1,-0.01,-1,-1,-0.01,-1,-1,-0.01,-1,-1,-0.01,-1,-1,-0.01,-1,-1,-0.01,-1,-1,-0.01,-1,-1,-0.01,-1,-1,-0.01,-1,-1
99926009,2026-05-18 12:18:20+05:30,53096.45,0,0.0,0,0.0,0.0,53282.15,53308.4,52783.45,53710.35,0,0.0,0.0,0.0,0.0,-0.01,-1,-1,-0.01,-1,-1,-0.01,-1,-1,-0.01,-1,-1,-0.01,-1,-1,-0.01,-1,-1,-0.01,-1,-1,-0.01,-1,-1,-0.01,-1,-1,-0.01,-1,-1
99926009,2026-05-18 12:18:20+05:30,53093.55,0,0.0,0,0.0,0.0,53282.15,53308.4,52783.45,53710.35,0,0.0,0.0,0.0,0.0,-0.01,-1,-1,-0.01,-1,-1,-0.01,-1,-1,-0.01,-1,-1,-0.01,-1,-1,-0.01,-1,-1,-0.01,-1,-1,-0.01,-1,-1,-0.01,-1,-1,-0.01,-1,-1
99926009,2026-05-18 12:18:21+05:30,53094.85,0,0.0,0,0.0,0.0,53282.15,53308.4,52783.45,53710.35,0,0.0,0.0,0.0,0.0,-0.01,-1,-1,-0.01,-1,-1,-0.01,-1,-1,-0.01,-1,-1,-0.01,-1,-1,-0.01,-1,-1,-0.01,-1,-1,-0.01,-1,-1,-0.01,-1,-1,-0.01,-1,-1
99926009,2026-05-18 12:18:21+05:30,53094.2,0,0.0,0,0.0,0.0,53282.15,53308.4,52783.45,53710.35,0,0.0,0.0,0.0,0.0,-0.01,-1,-1,-0.01,-1,-1,-0.01,-1,-1,-0.01,-1,-1,-0.01,-1,-1,-0.01,-1,-1,-0.01,-1,-1,-0.01,-1,-1,-0.01,-1,-1,-0.01,-1,-1
99926009,2026-05-18 12:18:22+05:30,53095.5,0,0.0,0,0.0,0.0,53282.15,53308.4,52783.45,53710.35,0,0.0,0.0,0.0,0.0,-0.01,-1,-1,-0.01,-1,-1,-0.01,-1,-1,-0.01,-1,-1,-0.01,-1,-1,-0.01,-1,-1,-0.01,-1,-1,-0.01,-1,-1,-0.01,-1,-1,-0.01,-1,-1
99926009,2026-05-18 12:18:22+05:30,53095.05,0,0.0,0,0.0,0.0,53282.15,53308.4,52783.45,53710.35,0,0.0,0.0,0.0,0.0,-0.01,-1,-1,-0.01,-1,-1,-0.01,-1,-1,-0.01,-1,-1,-0.01,-1,-1,-0.01,-1,-1,-0.01,-1,-1,-0.01,-1,-1,-0.01,-1,-1,-0.01,-1,-1
99926009,2026-05-18 12:18:23+05:30,53094.55,0,0.0,0,0.0,0.0,53282.15,53308.4,52783.45,53710.35,0,0.0,0.0,0.0,0.0,-0.01,-1,-1,-0.01,-1,-1,-0.01,-1,-1,-0.01,-1,-1,-0.01,-1,-1,-0.01,-1,-1,-0.01,-1,-1,-0.01,-1,-1,-0.01,-1,-1,-0.01,-1,-1
99926009,2026-05-18 12:18:23+05:30,53092.4,0,0.0,0,0.0,0.0,53282.15,53308.4,52783.45,53710.35,0,0.0,0.0,0.0,0.0,-0.01,-1,-1,-0.01,-1,-1,-0.01,-1,-1,-0.01,-1,-1,-0.01,-1,-1,-0.01,-1,-1,-0.01,-1,-1,-0.01,-1,-1,-0.01,-1,-1,-0.01,-1,-1
99926009,2026-05-18 12:18:24+05:30,53091.4,0,0.0,0,0.0,0.0,53282.15,53308.4,52783.45,53710.35,0,0.0,0.0,0.0,0.0,-0.01,-1,-1,-0.01,-1,-1,-0.01,-1,-1,-0.01,-1,-1,-0.01,-1,-1,-0.01,-1,-1,-0.01,-1,-1,-0.01,-1,-1,-0.01,-1,-1,-0.01,-1,-1
99926009,2026-05-18 12:18:24+05:30,53091.2,0,0.0,0,0.0,0.0,53282.15,53308.4,52783.45,53710.35,0,0.0,0.0,0.0,0.0,-0.01,-1,-1,-0.01,-1,-1,-0.01,-1,-1,-0.01,-1,-1,-0.01,-1,-1,-0.01,-1,-1,-0.01,-1,-1,-0.01,-1,-1,-0.01,-1,-1,-0.01,-1,-1
99926009,2026-05-18 12:18:25+05:30,53093.4,0,0.0,0,0.0,0.0,53282.15,53308.4,52783.45,53710.35,0,0.0,0.0,0.0,0.0,-0.01,-1,-1,-0.01,-1,-1,-0.01,-1,-1,-0.01,-1,-1,-0.01,-1,-1,-0.01,-1,-1,-0.01,-1,-1,-0.01,-1,-1,-0.01,-1,-1,-0.01,-1,-1
99926009,2026-05-18 12:18:25+05:30,53092.5,0,0.0,0,0.0,0.0,53282.15,53308.4,52783.45,53710.35,0,0.0,0.0,0.0,0.0,-0.01,-1,-1,-0.01,-1,-1,-0.01,-1,-1,-0.01,-1,-1,-0.01,-1,-1,-0.01,-1,-1,-0.01,-1,-1,-0.01,-1,-1,-0.01,-1,-1,-0.01,-1,-1
99926009,2026-05-18 12:18:26+05:30,53092.9,0,0.0,0,0.0,0.0,53282.15,53308.4,52783.45,53710.35,0,0.0,0.0,0.0,0.0,-0.01,-1,-1,-0.01,-1,-1,-0.01,-1,-1,-0.01,-1,-1,-0.01,-1,-1,-0.01,-1,-1,-0.01,-1,-1,-0.01,-1,-1,-0.01,-1,-1,-0.01,-1,-1
99926009,2026-05-18 12:18:26+05:30,53090.65,0,0.0,0,0.0,0.0,53282.15,53308.4,52783.45,53710.35,0,0.0,0.0,0.0,0.0,-0.01,-1,-1,-0.01,-1,-1,-0.01,-1,-1,-0.01,-1,-1,-0.01,-1,-1,-0.01,-1,-1,-0.01,-1,-1,-0.01,-1,-1,-0.01,-1,-1,-0.01,-1,-1
99926009,2026-05-18 12:18:27+05:30,53090.5,0,0.0,0,0.0,0.0,53282.15,53308.4,52783.45,53710.35,0,0.0,0.0,0.0,0.0,-0.01,-1,-1,-0.01,-1,-1,-0.01,-1,-1,-0.01,-1,-1,-0.01,-1,-1,-0.01,-1,-1,-0.01,-1,-1,-0.01,-1,-1,-0.01,-1,-1,-0.01,-1,-1
99926009,2026-05-18 12:18:27+05:30,53091.7,0,0.0,0,0.0,0.0,53282.15,53308.4,52783.45,53710.35,0,0.0,0.0,0.0,0.0,-0.01,-1,-1,-0.01,-1,-1,-0.01,-1,-1,-0.01,-1,-1,-0.01,-1,-1,-0.01,-1,-1,-0.01,-1,-1,-0.01,-1,-1,-0.01,-1,-1,-0.01,-1,-1
99926009,2026-05-18 12:18:28+05:30,53091.7,0,0.0,0,0.0,0.0,53282.15,53308.4,52783.45,53710.35,0,0.0,0.0,0.0,0.0,-0.01,-1,-1,-0.01,-1,-1,-0.01,-1,-1,-0.01,-1,-1,-0.01,-1,-1,-0.01,-1,-1,-0.01,-1,-1,-0.01,-1,-1,-0.01,-1,-1,-0.01,-1,-1
99926009,2026-05-18 12:18:28+05:30,53093.85,0,0.0,0,0.0,0.0,53282.15,53308.4,52783.45,53710.35,0,0.0,0.0,0.0,0.0,-0.01,-1,-1,-0.01,-1,-1,-0.01,-1,-1,-0.01,-1,-1,-0.01,-1,-1,-0.01,-1,-1,-0.01,-1,-1,-0.01,-1,-1,-0.01,-1,-1,-0.01,-1,-1
99926009,2026-05-18 12:18:29+05:30,53092.65,0,0.0,0,0.0,0.0,53282.15,53308.4,52783.45,53710.35,0,0.0,0.0,0.0,0.0,-0.01,-1,-1,-0.01,-1,-1,-0.01,-1,-1,-0.01,-1,-1,-0.01,-1,-1,-0.01,-1,-1,-0.01,-1,-1,-0.01,-1,-1,-0.01,-1,-1,-0.01,-1,-1
99926009,2026-05-18 12:18:29+05:30,53095.4,0,0.0,0,0.0,0.0,53282.15,53308.4,52783.45,53710.35,0,0.0,0.0,0.0,0.0,-0.01,-1,-1,-0.01,-1,-1,-0.01,-1,-1,-0.01,-1,-1,-0.01,-1,-1,-0.01,-1,-1,-0.01,-1,-1,-0.01,-1,-1,-0.01,-1,-1,-0.01,-1,-1
99926009,2026-05-18 12:18:30+05:30,53096.6,0,0.0,0,0.0,0.0,53282.15,53308.4,52783.45,53710.35,0,0.0,0.0,0.0,0.0,-0.01,-1,-1,-0.01,-1,-1,-0.01,-1,-1,-0.01,-1,-1,-0.01,-1,-1,-0.01,-1,-1,-0.01,-1,-1,-0.01,-1,-1,-0.01,-1,-1,-0.01,-1,-1
99926009,2026-05-18 12:18:30+05:30,53095.65,0,0.0,0,0.0,0.0,53282.15,53308.4,52783.45,53710.35,0,0.0,0.0,0.0,0.0,-0.01,-1,-1,-0.01,-1,-1,-0.01,-1,-1,-0.01,-1,-1,-0.01,-1,-1,-0.01,-1,-1,-0.01,-1,-1,-0.01,-1,-1,-0.01,-1,-1,-0.01,-1,-1
99926009,2026-05-18 12:18:31+05:30,53097.25,0,0.0,0,0.0,0.0,53282.15,53308.4,52783.45,53710.35,0,0.0,0.0,0.0,0.0,-0.01,-1,-1,-0.01,-1,-1,-0.01,-1,-1,-0.01,-1,-1,-0.01,-1,-1,-0.01,-1,-1,-0.01,-1,-1,-0.01,-1,-1,-0.01,-1,-1,-0.01,-1,-1
99926009,2026-05-18 12:18:31+05:30,53098.25,0,0.0,0,0.0,0.0,53282.15,53308.4,52783.45,53710.35,0,0.0,0.0,0.0,0.0,-0.01,-1,-1,-0.01,-1,-1,-0.01,-1,-1,-0.01,-1,-1,-0.01,-1,-1,-0.01,-1,-1,-0.01,-1,-1,-0.01,-1,-1,-0.01,-1,-1,-0.01,-1,-1
99926009,2026-05-18 12:18:32+05:30,53098.25,0,0.0,0,0.0,0.0,53282.15,53308.4,52783.45,53710.35,0,0.0,0.0,0.0,0.0,-0.01,-1,-1,-0.01,-1,-1,-0.01,-1,-1,-0.01,-1,-1,-0.01,-1,-1,-0.01,-1,-1,-0.01,-1,-1,-0.01,-1,-1,-0.01,-1,-1,-0.01,-1,-1
99926009,2026-05-18 12:18:32+05:30,53096.2,0,0.0,0,0.0,0.0,53282.15,53308.4,52783.45,53710.35,0,0.0,0.0,0.0,0.0,-0.01,-1,-1,-0.01,-1,-1,-0.01,-1,-1,-0.01,-1,-1,-0.01,-1,-1,-0.01,-1,-1,-0.01,-1,-1,-0.01,-1,-1,-0.01,-1,-1,-0.01,-1,-1
99926009,2026-05-18 12:18:33+05:30,53100.5,0,0.0,0,0.0,0.0,53282.15,53308.4,52783.45,53710.35,0,0.0,0.0,0.0,0.0,-0.01,-1,-1,-0.01,-1,-1,-0.01,-1,-1,-0.01,-1,-1,-0.01,-1,-1,-0.01,-1,-1,-0.01,-1,-1,-0.01,-1,-1,-0.01,-1,-1,-0.01,-1,-1
99926009,2026-05-18 12:18:33+05:30,53099.95,0,0.0,0,0.0,0.0,53282.15,53308.4,52783.45,53710.35,0,0.0,0.0,0.0,0.0,-0.01,-1,-1,-0.01,-1,-1,-0.01,-1,-1,-0.01,-1,-1,-0.01,-1,-1,-0.01,-1,-1,-0.01,-1,-1,-0.01,-1,-1,-0.01,-1,-1,-0.01,-1,-1
99926009,2026-05-18 12:18:34+05:30,53100.1,0,0.0,0,0.0,0.0,53282.15,53308.4,52783.45,53710.35,0,0.0,0.0,0.0,0.0,-0.01,-1,-1,-0.01,-1,-1,-0.01,-1,-1,-0.01,-1,-1,-0.01,-1,-1,-0.01,-1,-1,-0.01,-1,-1,-0.01,-1,-1,-0.01,-1,-1,-0.01,-1,-1
99926009,2026-05-18 12:18:34+05:30,53099.35,0,0.0,0,0.0,0.0,53282.15,53308.4,52783.45,53710.35,0,0.0,0.0,0.0,0.0,-0.01,-1,-1,-0.01,-1,-1,-0.01,-1,-1,-0.01,-1,-1,-0.01,-1,-1,-0.01,-1,-1,-0.01,-1,-1,-0.01,-1,-1,-0.01,-1,-1,-0.01,-1,-1
99926009,2026-05-18 12:18:35+05:30,53102.65,0,0.0,0,0.0,0.0,53282.15,53308.4,52783.45,53710.35,0,0.0,0.0,0.0,0.0,-0.01,-1,-1,-0.01,-1,-1,-0.01,-1,-1,-0.01,-1,-1,-0.01,-1,-1,-0.01,-1,-1,-0.01,-1,-1,-0.01,-1,-1,-0.01,-1,-1,-0.01,-1,-1
99926009,2026-05-18 12:18:35+05:30,53102.2,0,0.0,0,0.0,0.0,53282.15,53308.4,52783.45,53710.35,0,0.0,0.0,0.0,0.0,-0.01,-1,-1,-0.01,-1,-1,-0.01,-1,-1,-0.01,-1,-1,-0.01,-1,-1,-0.01,-1,-1,-0.01,-1,-1,-0.01,-1,-1,-0.01,-1,-1,-0.01,-1,-1
99926009,2026-05-18 12:18:36+05:30,53102.8,0,0.0,0,0.0,0.0,53282.15,53308.4,52783.45,53710.35,0,0.0,0.0,0.0,0.0,-0.01,-1,-1,-0.01,-1,-1,-0.01,-1,-1,-0.01,-1,-1,-0.01,-1,-1,-0.01,-1,-1,-0.01,-1,-1,-0.01,-1,-1,-0.01,-1,-1,-0.01,-1,-1
99926009,2026-05-18 12:18:36+05:30,53101.7,0,0.0,0,0.0,0.0,53282.15,53308.4,52783.45,53710.35,0,0.0,0.0,0.0,0.0,-0.01,-1,-1,-0.01,-1,-1,-0.01,-1,-1,-0.01,-1,-1,-0.01,-1,-1,-0.01,-1,-1,-0.01,-1,-1,-0.01,-1,-1,-0.01,-1,-1,-0.01,-1,-1
99926009,2026-05-18 12:18:37+05:30,53102.6,0,0.0,0,0.0,0.0,53282.15,53308.4,52783.45,53710.35,0,0.0,0.0,0.0,0.0,-0.01,-1,-1,-0.01,-1,-1,-0.01,-1,-1,-0.01,-1,-1,-0.01,-1,-1,-0.01,-1,-1,-0.01,-1,-1,-0.01,-1,-1,-0.01,-1,-1,-0.01,-1,-1
99926009,2026-05-18 12:18:37+05:30,53103.35,0,0.0,0,0.0,0.0,53282.15,53308.4,52783.45,53710.35,0,0.0,0.0,0.0,0.0,-0.01,-1,-1,-0.01,-1,-1,-0.01,-1,-1,-0.01,-1,-1,-0.01,-1,-1,-0.01,-1,-1,-0.01,-1,-1,-0.01,-1,-1,-0.01,-1,-1,-0.01,-1,-1
99926009,2026-05-18 12:18:38+05:30,53101.5,0,0.0,0,0.0,0.0,53282.15,53308.4,52783.45,53710.35,0,0.0,0.0,0.0,0.0,-0.01,-1,-1,-0.01,-1,-1,-0.01,-1,-1,-0.01,-1,-1,-0.01,-1,-1,-0.01,-1,-1,-0.01,-1,-1,-0.01,-1,-1,-0.01,-1,-1,-0.01,-1,-1
99926009,2026-05-18 12:18:38+05:30,53103.05,0,0.0,0,0.0,0.0,53282.15,53308.4,52783.45,53710.35,0,0.0,0.0,0.0,0.0,-0.01,-1,-1,-0.01,-1,-1,-0.01,-1,-1,-0.01,-1,-1,-0.01,-1,-1,-0.01,-1,-1,-0.01,-1,-1,-0.01,-1,-1,-0.01,-1,-1,-0.01,-1,-1
99926009,2026-05-18 12:18:39+05:30,53104.6,0,0.0,0,0.0,0.0,53282.15,53308.4,52783.45,53710.35,0,0.0,0.0,0.0,0.0,-0.01,-1,-1,-0.01,-1,-1,-0.01,-1,-1,-0.01,-1,-1,-0.01,-1,-1,-0.01,-1,-1,-0.01,-1,-1,-0.01,-1,-1,-0.01,-1,-1,-0.01,-1,-1
99926009,2026-05-18 12:18:39+05:30,53108.1,0,0.0,0,0.0,0.0,53282.15,53308.4,52783.45,53710.35,0,0.0,0.0,0.0,0.0,-0.01,-1,-1,-0.01,-1,-1,-0.01,-1,-1,-0.01,-1,-1,-0.01,-1,-1,-0.01,-1,-1,-0.01,-1,-1,-0.01,-1,-1,-0.01,-1,-1,-0.01,-1,-1
99926009,2026-05-18 12:18:40+05:30,53109.1,0,0.0,0,0.0,0.0,53282.15,53308.4,52783.45,53710.35,0,0.0,0.0,0.0,0.0,-0.01,-1,-1,-0.01,-1,-1,-0.01,-1,-1,-0.01,-1,-1,-0.01,-1,-1,-0.01,-1,-1,-0.01,-1,-1,-0.01,-1,-1,-0.01,-1,-1,-0.01,-1,-1
99926009,2026-05-18 12:18:40+05:30,53105.85,0,0.0,0,0.0,0.0,53282.15,53308.4,52783.45,53710.35,0,0.0,0.0,0.0,0.0,-0.01,-1,-1,-0.01,-1,-1,-0.01,-1,-1,-0.01,-1,-1,-0.01,-1,-1,-0.01,-1,-1,-0.01,-1,-1,-0.01,-1,-1,-0.01,-1,-1,-0.01,-1,-1
99926009,2026-05-18 12:18:41+05:30,53106.8,0,0.0,0,0.0,0.0,53282.15,53308.4,52783.45,53710.35,0,0.0,0.0,0.0,0.0,-0.01,-1,-1,-0.01,-1,-1,-0.01,-1,-1,-0.01,-1,-1,-0.01,-1,-1,-0.01,-1,-1,-0.01,-1,-1,-0.01,-1,-1,-0.01,-1,-1,-0.01,-1,-1
99926009,2026-05-18 12:18:41+05:30,53104.25,0,0.0,0,0.0,0.0,53282.15,53308.4,52783.45,53710.35,0,0.0,0.0,0.0,0.0,-0.01,-1,-1,-0.01,-1,-1,-0.01,-1,-1,-0.01,-1,-1,-0.01,-1,-1,-0.01,-1,-1,-0.01,-1,-1,-0.01,-1,-1,-0.01,-1,-1,-0.01,-1,-1
99926009,2026-05-18 12:18:42+05:30,53104.05,0,0.0,0,0.0,0.0,53282.15,53308.4,52783.45,53710.35,0,0.0,0.0,0.0,0.0,-0.01,-1,-1,-0.01,-1,-1,-0.01,-1,-1,-0.01,-1,-1,-0.01,-1,-1,-0.01,-1,-1,-0.01,-1,-1,-0.01,-1,-1,-0.01,-1,-1,-0.01,-1,-1
99926009,2026-05-18 12:18:42+05:30,53105.4,0,0.0,0,0.0,0.0,53282.15,53308.4,52783.45,53710.35,0,0.0,0.0,0.0,0.0,-0.01,-1,-1,-0.01,-1,-1,-0.01,-1,-1,-0.01,-1,-1,-0.01,-1,-1,-0.01,-1,-1,-0.01,-1,-1,-0.01,-1,-1,-0.01,-1,-1,-0.01,-1,-1
99926009,2026-05-18 12:18:43+05:30,53107.5,0,0.0,0,0.0,0.0,53282.15,53308.4,52783.45,53710.35,0,0.0,0.0,0.0,0.0,-0.01,-1,-1,-0.01,-1,-1,-0.01,-1,-1,-0.01,-1,-1,-0.01,-1,-1,-0.01,-1,-1,-0.01,-1,-1,-0.01,-1,-1,-0.01,-1,-1,-0.01,-1,-1
99926009,2026-05-18 12:18:43+05:30,53104.55,0,0.0,0,0.0,0.0,53282.15,53308.4,52783.45,53710.35,0,0.0,0.0,0.0,0.0,-0.01,-1,-1,-0.01,-1,-1,-0.01,-1,-1,-0.01,-1,-1,-0.01,-1,-1,-0.01,-1,-1,-0.01,-1,-1,-0.01,-1,-1,-0.01,-1,-1,-0.01,-1,-1
99926009,2026-05-18 12:18:44+05:30,53104.1,0,0.0,0,0.0,0.0,53282.15,53308.4,52783.45,53710.35,0,0.0,0.0,0.0,0.0,-0.01,-1,-1,-0.01,-1,-1,-0.01,-1,-1,-0.01,-1,-1,-0.01,-1,-1,-0.01,-1,-1,-0.01,-1,-1,-0.01,-1,-1,-0.01,-1,-1,-0.01,-1,-1
99926009,2026-05-18 12:18:44+05:30,53106.7,0,0.0,0,0.0,0.0,53282.15,53308.4,52783.45,53710.35,0,0.0,0.0,0.0,0.0,-0.01,-1,-1,-0.01,-1,-1,-0.01,-1,-1,-0.01,-1,-1,-0.01,-1,-1,-0.01,-1,-1,-0.01,-1,-1,-0.01,-1,-1,-0.01,-1,-1,-0.01,-1,-1
99926009,2026-05-18 12:18:45+05:30,53106.7,0,0.0,0,0.0,0.0,53282.15,53308.4,52783.45,53710.35,0,0.0,0.0,0.0,0.0,-0.01,-1,-1,-0.01,-1,-1,-0.01,-1,-1,-0.01,-1,-1,-0.01,-1,-1,-0.01,-1,-1,-0.01,-1,-1,-0.01,-1,-1,-0.01,-1,-1,-0.01,-1,-1
99926009,2026-05-18 12:18:45+05:30,53106.8,0,0.0,0,0.0,0.0,53282.15,53308.4,52783.45,53710.35,0,0.0,0.0,0.0,0.0,-0.01,-1,-1,-0.01,-1,-1,-0.01,-1,-1,-0.01,-1,-1,-0.01,-1,-1,-0.01,-1,-1,-0.01,-1,-1,-0.01,-1,-1,-0.01,-1,-1,-0.01,-1,-1
99926009,2026-05-18 12:18:46+05:30,53105.5,0,0.0,0,0.0,0.0,53282.15,53308.4,52783.45,53710.35,0,0.0,0.0,0.0,0.0,-0.01,-1,-1,-0.01,-1,-1,-0.01,-1,-1,-0.01,-1,-1,-0.01,-1,-1,-0.01,-1,-1,-0.01,-1,-1,-0.01,-1,-1,-0.01,-1,-1,-0.01,-1,-1
99926009,2026-05-18 12:18:46+05:30,53104.3,0,0.0,0,0.0,0.0,53282.15,53308.4,52783.45,53710.35,0,0.0,0.0,0.0,0.0,-0.01,-1,-1,-0.01,-1,-1,-0.01,-1,-1,-0.01,-1,-1,-0.01,-1,-1,-0.01,-1,-1,-0.01,-1,-1,-0.01,-1,-1,-0.01,-1,-1,-0.01,-1,-1
99926009,2026-05-18 12:18:47+05:30,53104.45,0,0.0,0,0.0,0.0,53282.15,53308.4,52783.45,53710.35,0,0.0,0.0,0.0,0.0,-0.01,-1,-1,-0.01,-1,-1,-0.01,-1,-1,-0.01,-1,-1,-0.01,-1,-1,-0.01,-1,-1,-0.01,-1,-1,-0.01,-1,-1,-0.01,-1,-1,-0.01,-1,-1
99926009,2026-05-18 12:18:47+05:30,53104.3,0,0.0,0,0.0,0.0,53282.15,53308.4,52783.45,53710.35,0,0.0,0.0,0.0,0.0,-0.01,-1,-1,-0.01,-1,-1,-0.01,-1,-1,-0.01,-1,-1,-0.01,-1,-1,-0.01,-1,-1,-0.01,-1,-1,-0.01,-1,-1,-0.01,-1,-1,-0.01,-1,-1
99926009,2026-05-18 12:18:48+05:30,53106.5,0,0.0,0,0.0,0.0,53282.15,53308.4,52783.45,53710.35,0,0.0,0.0,0.0,0.0,-0.01,-1,-1,-0.01,-1,-1,-0.01,-1,-1,-0.01,-1,-1,-0.01,-1,-1,-0.01,-1,-1,-0.01,-1,-1,-0.01,-1,-1,-0.01,-1,-1,-0.01,-1,-1
99926009,2026-05-18 12:18:48+05:30,53107.35,0,0.0,0,0.0,0.0,53282.15,53308.4,52783.45,53710.35,0,0.0,0.0,0.0,0.0,-0.01,-1,-1,-0.01,-1,-1,-0.01,-1,-1,-0.01,-1,-1,-0.01,-1,-1,-0.01,-1,-1,-0.01,-1,-1,-0.01,-1,-1,-0.01,-1,-1,-0.01,-1,-1
99926009,2026-05-18 12:18:49+05:30,53108.05,0,0.0,0,0.0,0.0,53282.15,53308.4,52783.45,53710.35,0,0.0,0.0,0.0,0.0,-0.01,-1,-1,-0.01,-1,-1,-0.01,-1,-1,-0.01,-1,-1,-0.01,-1,-1,-0.01,-1,-1,-0.01,-1,-1,-0.01,-1,-1,-0.01,-1,-1,-0.01,-1,-1
99926009,2026-05-18 12:18:49+05:30,53106.95,0,0.0,0,0.0,0.0,53282.15,53308.4,52783.45,53710.35,0,0.0,0.0,0.0,0.0,-0.01,-1,-1,-0.01,-1,-1,-0.01,-1,-1,-0.01,-1,-1,-0.01,-1,-1,-0.01,-1,-1,-0.01,-1,-1,-0.01,-1,-1,-0.01,-1,-1,-0.01,-1,-1
99926009,2026-05-18 12:18:50+05:30,53108.65,0,0.0,0,0.0,0.0,53282.15,53308.4,52783.45,53710.35,0,0.0,0.0,0.0,0.0,-0.01,-1,-1,-0.01,-1,-1,-0.01,-1,-1,-0.01,-1,-1,-0.01,-1,-1,-0.01,-1,-1,-0.01,-1,-1,-0.01,-1,-1,-0.01,-1,-1,-0.01,-1,-1
99926009,2026-05-18 12:18:50+05:30,53109.35,0,0.0,0,0.0,0.0,53282.15,53308.4,52783.45,53710.35,0,0.0,0.0,0.0,0.0,-0.01,-1,-1,-0.01,-1,-1,-0.01,-1,-1,-0.01,-1,-1,-0.01,-1,-1,-0.01,-1,-1,-0.01,-1,-1,-0.01,-1,-1,-0.01,-1,-1,-0.01,-1,-1
99926009,2026-05-18 12:18:51+05:30,53111.2,0,0.0,0,0.0,0.0,53282.15,53308.4,52783.45,53710.35,0,0.0,0.0,0.0,0.0,-0.01,-1,-1,-0.01,-1,-1,-0.01,-1,-1,-0.01,-1,-1,-0.01,-1,-1,-0.01,-1,-1,-0.01,-1,-1,-0.01,-1,-1,-0.01,-1,-1,-0.01,-1,-1
99926009,2026-05-18 12:18:51+05:30,53106.65,0,0.0,0,0.0,0.0,53282.15,53308.4,52783.45,53710.35,0,0.0,0.0,0.0,0.0,-0.01,-1,-1,-0.01,-1,-1,-0.01,-1,-1,-0.01,-1,-1,-0.01,-1,-1,-0.01,-1,-1,-0.01,-1,-1,-0.01,-1,-1,-0.01,-1,-1,-0.01,-1,-1
99926009,2026-05-18 12:18:52+05:30,53106.45,0,0.0,0,0.0,0.0,53282.15,53308.4,52783.45,53710.35,0,0.0,0.0,0.0,0.0,-0.01,-1,-1,-0.01,-1,-1,-0.01,-1,-1,-0.01,-1,-1,-0.01,-1,-1,-0.01,-1,-1,-0.01,-1,-1,-0.01,-1,-1,-0.01,-1,-1,-0.01,-1,-1
99926009,2026-05-18 12:18:52+05:30,53105.75,0,0.0,0,0.0,0.0,53282.15,53308.4,52783.45,53710.35,0,0.0,0.0,0.0,0.0,-0.01,-1,-1,-0.01,-1,-1,-0.01,-1,-1,-0.01,-1,-1,-0.01,-1,-1,-0.01,-1,-1,-0.01,-1,-1,-0.01,-1,-1,-0.01,-1,-1,-0.01,-1,-1
99926009,2026-05-18 12:18:53+05:30,53108.6,0,0.0,0,0.0,0.0,53282.15,53308.4,52783.45,53710.35,0,0.0,0.0,0.0,0.0,-0.01,-1,-1,-0.01,-1,-1,-0.01,-1,-1,-0.01,-1,-1,-0.01,-1,-1,-0.01,-1,-1,-0.01,-1,-1,-0.01,-1,-1,-0.01,-1,-1,-0.01,-1,-1
99926009,2026-05-18 12:18:53+05:30,53106.45,0,0.0,0,0.0,0.0,53282.15,53308.4,52783.45,53710.35,0,0.0,0.0,0.0,0.0,-0.01,-1,-1,-0.01,-1,-1,-0.01,-1,-1,-0.01,-1,-1,-0.01,-1,-1,-0.01,-1,-1,-0.01,-1,-1,-0.01,-1,-1,-0.01,-1,-1,-0.01,-1,-1
99926009,2026-05-18 12:18:54+05:30,53105.2,0,0.0,0,0.0,0.0,53282.15,53308.4,52783.45,53710.35,0,0.0,0.0,0.0,0.0,-0.01,-1,-1,-0.01,-1,-1,-0.01,-1,-1,-0.01,-1,-1,-0.01,-1,-1,-0.01,-1,-1,-0.01,-1,-1,-0.01,-1,-1,-0.01,-1,-1,-0.01,-1,-1
99926009,2026-05-18 12:18:54+05:30,53109.55,0,0.0,0,0.0,0.0,53282.15,53308.4,52783.45,53710.35,0,0.0,0.0,0.0,0.0,-0.01,-1,-1,-0.01,-1,-1,-0.01,-1,-1,-0.01,-1,-1,-0.01,-1,-1,-0.01,-1,-1,-0.01,-1,-1,-0.01,-1,-1,-0.01,-1,-1,-0.01,-1,-1
99926009,2026-05-18 12:18:55+05:30,53108.15,0,0.0,0,0.0,0.0,53282.15,53308.4,52783.45,53710.35,0,0.0,0.0,0.0,0.0,-0.01,-1,-1,-0.01,-1,-1,-0.01,-1,-1,-0.01,-1,-1,-0.01,-1,-1,-0.01,-1,-1,-0.01,-1,-1,-0.01,-1,-1,-0.01,-1,-1,-0.01,-1,-1
99926009,2026-05-18 12:18:55+05:30,53107.6,0,0.0,0,0.0,0.0,53282.15,53308.4,52783.45,53710.35,0,0.0,0.0,0.0,0.0,-0.01,-1,-1,-0.01,-1,-1,-0.01,-1,-1,-0.01,-1,-1,-0.01,-1,-1,-0.01,-1,-1,-0.01,-1,-1,-0.01,-1,-1,-0.01,-1,-1,-0.01,-1,-1
99926009,2026-05-18 12:18:56+05:30,53109.5,0,0.0,0,0.0,0.0,53282.15,53308.4,52783.45,53710.35,0,0.0,0.0,0.0,0.0,-0.01,-1,-1,-0.01,-1,-1,-0.01,-1,-1,-0.01,-1,-1,-0.01,-1,-1,-0.01,-1,-1,-0.01,-1,-1,-0.01,-1,-1,-0.01,-1,-1,-0.01,-1,-1
99926009,2026-05-18 12:18:56+05:30,53108.55,0,0.0,0,0.0,0.0,53282.15,53308.4,52783.45,53710.35,0,0.0,0.0,0.0,0.0,-0.01,-1,-1,-0.01,-1,-1,-0.01,-1,-1,-0.01,-1,-1,-0.01,-1,-1,-0.01,-1,-1,-0.01,-1,-1,-0.01,-1,-1,-0.01,-1,-1,-0.01,-1,-1
99926009,2026-05-18 12:18:57+05:30,53109.9,0,0.0,0,0.0,0.0,53282.15,53308.4,52783.45,53710.35,0,0.0,0.0,0.0,0.0,-0.01,-1,-1,-0.01,-1,-1,-0.01,-1,-1,-0.01,-1,-1,-0.01,-1,-1,-0.01,-1,-1,-0.01,-1,-1,-0.01,-1,-1,-0.01,-1,-1,-0.01,-1,-1
99926009,2026-05-18 12:18:57+05:30,53107.1,0,0.0,0,0.0,0.0,53282.15,53308.4,52783.45,53710.35,0,0.0,0.0,0.0,0.0,-0.01,-1,-1,-0.01,-1,-1,-0.01,-1,-1,-0.01,-1,-1,-0.01,-1,-1,-0.01,-1,-1,-0.01,-1,-1,-0.01,-1,-1,-0.01,-1,-1,-0.01,-1,-1
99926009,2026-05-18 12:18:58+05:30,53102.75,0,0.0,0,0.0,0.0,53282.15,53308.4,52783.45,53710.35,0,0.0,0.0,0.0,0.0,-0.01,-1,-1,-0.01,-1,-1,-0.01,-1,-1,-0.01,-1,-1,-0.01,-1,-1,-0.01,-1,-1,-0.01,-1,-1,-0.01,-1,-1,-0.01,-1,-1,-0.01,-1,-1
99926009,2026-05-18 12:18:58+05:30,53101.25,0,0.0,0,0.0,0.0,53282.15,53308.4,52783.45,53710.35,0,0.0,0.0,0.0,0.0,-0.01,-1,-1,-0.01,-1,-1,-0.01,-1,-1,-0.01,-1,-1,-0.01,-1,-1,-0.01,-1,-1,-0.01,-1,-1,-0.01,-1,-1,-0.01,-1,-1,-0.01,-1,-1
99926009,2026-05-18 12:18:59+05:30,53101.8,0,0.0,0,0.0,0.0,53282.15,53308.4,52783.45,53710.35,0,0.0,0.0,0.0,0.0,-0.01,-1,-1,-0.01,-1,-1,-0.01,-1,-1,-0.01,-1,-1,-0.01,-1,-1,-0.01,-1,-1,-0.01,-1,-1,-0.01,-1,-1,-0.01,-1,-1,-0.01,-1,-1
99926009,2026-05-18 12:18:59+05:30,53101.35,0,0.0,0,0.0,0.0,53282.15,53308.4,52783.45,53710.35,0,0.0,0.0,0.0,0.0,-0.01,-1,-1,-0.01,-1,-1,-0.01,-1,-1,-0.01,-1,-1,-0.01,-1,-1,-0.01,-1,-1,-0.01,-1,-1,-0.01,-1,-1,-0.01,-1,-1,-0.01,-1,-1
99926009,2026-05-18 12:19:00+05:30,53102.95,0,0.0,0,0.0,0.0,53282.15,53308.4,52783.45,53710.35,0,0.0,0.0,0.0,0.0,-0.01,-1,-1,-0.01,-1,-1,-0.01,-1,-1,-0.01,-1,-1,-0.01,-1,-1,-0.01,-1,-1,-0.01,-1,-1,-0.01,-1,-1,-0.01,-1,-1,-0.01,-1,-1
99926009,2026-05-18 12:19:00+05:30,53101.7,0,0.0,0,0.0,0.0,53282.15,53308.4,52783.45,53710.35,0,0.0,0.0,0.0,0.0,-0.01,-1,-1,-0.01,-1,-1,-0.01,-1,-1,-0.01,-1,-1,-0.01,-1,-1,-0.01,-1,-1,-0.01,-1,-1,-0.01,-1,-1,-0.01,-1,-1,-0.01,-1,-1
99926009,2026-05-18 12:19:01+05:30,53103.25,0,0.0,0,0.0,0.0,53282.15,53308.4,52783.45,53710.35,0,0.0,0.0,0.0,0.0,-0.01,-1,-1,-0.01,-1,-1,-0.01,-1,-1,-0.01,-1,-1,-0.01,-1,-1,-0.01,-1,-1,-0.01,-1,-1,-0.01,-1,-1,-0.01,-1,-1,-0.01,-1,-1
99926009,2026-05-18 12:19:01+05:30,53104.15,0,0.0,0,0.0,0.0,53282.15,53308.4,52783.45,53710.35,0,0.0,0.0,0.0,0.0,-0.01,-1,-1,-0.01,-1,-1,-0.01,-1,-1,-0.01,-1,-1,-0.01,-1,-1,-0.01,-1,-1,-0.01,-1,-1,-0.01,-1,-1,-0.01,-1,-1,-0.01,-1,-1
99926009,2026-05-18 12:19:02+05:30,53103.8,0,0.0,0,0.0,0.0,53282.15,53308.4,52783.45,53710.35,0,0.0,0.0,0.0,0.0,-0.01,-1,-1,-0.01,-1,-1,-0.01,-1,-1,-0.01,-1,-1,-0.01,-1,-1,-0.01,-1,-1,-0.01,-1,-1,-0.01,-1,-1,-0.01,-1,-1,-0.01,-1,-1
99926009,2026-05-18 12:19:02+05:30,53103.35,0,0.0,0,0.0,0.0,53282.15,53308.4,52783.45,53710.35,0,0.0,0.0,0.0,0.0,-0.01,-1,-1,-0.01,-1,-1,-0.01,-1,-1,-0.01,-1,-1,-0.01,-1,-1,-0.01,-1,-1,-0.01,-1,-1,-0.01,-1,-1,-0.01,-1,-1,-0.01,-1,-1
99926009,2026-05-18 12:19:03+05:30,53100.6,0,0.0,0,0.0,0.0,53282.15,53308.4,52783.45,53710.35,0,0.0,0.0,0.0,0.0,-0.01,-1,-1,-0.01,-1,-1,-0.01,-1,-1,-0.01,-1,-1,-0.01,-1,-1,-0.01,-1,-1,-0.01,-1,-1,-0.01,-1,-1,-0.01,-1,-1,-0.01,-1,-1
99926009,2026-05-18 12:19:03+05:30,53099.7,0,0.0,0,0.0,0.0,53282.15,53308.4,52783.45,53710.35,0,0.0,0.0,0.0,0.0,-0.01,-1,-1,-0.01,-1,-1,-0.01,-1,-1,-0.01,-1,-1,-0.01,-1,-1,-0.01,-1,-1,-0.01,-1,-1,-0.01,-1,-1,-0.01,-1,-1,-0.01,-1,-1
99926009,2026-05-18 12:19:04+05:30,53098.6,0,0.0,0,0.0,0.0,53282.15,53308.4,52783.45,53710.35,0,0.0,0.0,0.0,0.0,-0.01,-1,-1,-0.01,-1,-1,-0.01,-1,-1,-0.01,-1,-1,-0.01,-1,-1,-0.01,-1,-1,-0.01,-1,-1,-0.01,-1,-1,-0.01,-1,-1,-0.01,-1,-1
99926009,2026-05-18 12:19:04+05:30,53098.45,0,0.0,0,0.0,0.0,53282.15,53308.4,52783.45,53710.35,0,0.0,0.0,0.0,0.0,-0.01,-1,-1,-0.01,-1,-1,-0.01,-1,-1,-0.01,-1,-1,-0.01,-1,-1,-0.01,-1,-1,-0.01,-1,-1,-0.01,-1,-1,-0.01,-1,-1,-0.01,-1,-1
99926009,2026-05-18 12:19:05+05:30,53100.4,0,0.0,0,0.0,0.0,53282.15,53308.4,52783.45,53710.35,0,0.0,0.0,0.0,0.0,-0.01,-1,-1,-0.01,-1,-1,-0.01,-1,-1,-0.01,-1,-1,-0.01,-1,-1,-0.01,-1,-1,-0.01,-1,-1,-0.01,-1,-1,-0.01,-1,-1,-0.01,-1,-1
99926009,2026-05-18 12:19:05+05:30,53099.5,0,0.0,0,0.0,0.0,53282.15,53308.4,52783.45,53710.35,0,0.0,0.0,0.0,0.0,-0.01,-1,-1,-0.01,-1,-1,-0.01,-1,-1,-0.01,-1,-1,-0.01,-1,-1,-0.01,-1,-1,-0.01,-1,-1,-0.01,-1,-1,-0.01,-1,-1,-0.01,-1,-1
99926009,2026-05-18 12:19:06+05:30,53100.25,0,0.0,0,0.0,0.0,53282.15,53308.4,52783.45,53710.35,0,0.0,0.0,0.0,0.0,-0.01,-1,-1,-0.01,-1,-1,-0.01,-1,-1,-0.01,-1,-1,-0.01,-1,-1,-0.01,-1,-1,-0.01,-1,-1,-0.01,-1,-1,-0.01,-1,-1,-0.01,-1,-1
99926009,2026-05-18 12:19:06+05:30,53098.4,0,0.0,0,0.0,0.0,53282.15,53308.4,52783.45,53710.35,0,0.0,0.0,0.0,0.0,-0.01,-1,-1,-0.01,-1,-1,-0.01,-1,-1,-0.01,-1,-1,-0.01,-1,-1,-0.01,-1,-1,-0.01,-1,-1,-0.01,-1,-1,-0.01,-1,-1,-0.01,-1,-1
99926009,2026-05-18 12:19:07+05:30,53100.65,0,0.0,0,0.0,0.0,53282.15,53308.4,52783.45,53710.35,0,0.0,0.0,0.0,0.0,-0.01,-1,-1,-0.01,-1,-1,-0.01,-1,-1,-0.01,-1,-1,-0.01,-1,-1,-0.01,-1,-1,-0.01,-1,-1,-0.01,-1,-1,-0.01,-1,-1,-0.01,-1,-1
99926009,2026-05-18 12:19:07+05:30,53100.45,0,0.0,0,0.0,0.0,53282.15,53308.4,52783.45,53710.35,0,0.0,0.0,0.0,0.0,-0.01,-1,-1,-0.01,-1,-1,-0.01,-1,-1,-0.01,-1,-1,-0.01,-1,-1,-0.01,-1,-1,-0.01,-1,-1,-0.01,-1,-1,-0.01,-1,-1,-0.01,-1,-1
99926009,2026-05-18 12:19:08+05:30,53100.9,0,0.0,0,0.0,0.0,53282.15,53308.4,52783.45,53710.35,0,0.0,0.0,0.0,0.0,-0.01,-1,-1,-0.01,-1,-1,-0.01,-1,-1,-0.01,-1,-1,-0.01,-1,-1,-0.01,-1,-1,-0.01,-1,-1,-0.01,-1,-1,-0.01,-1,-1,-0.01,-1,-1
99926009,2026-05-18 12:19:08+05:30,53097.95,0,0.0,0,0.0,0.0,53282.15,53308.4,52783.45,53710.35,0,0.0,0.0,0.0,0.0,-0.01,-1,-1,-0.01,-1,-1,-0.01,-1,-1,-0.01,-1,-1,-0.01,-1,-1,-0.01,-1,-1,-0.01,-1,-1,-0.01,-1,-1,-0.01,-1,-1,-0.01,-1,-1
99926009,2026-05-18 12:19:09+05:30,53099.85,0,0.0,0,0.0,0.0,53282.15,53308.4,52783.45,53710.35,0,0.0,0.0,0.0,0.0,-0.01,-1,-1,-0.01,-1,-1,-0.01,-1,-1,-0.01,-1,-1,-0.01,-1,-1,-0.01,-1,-1,-0.01,-1,-1,-0.01,-1,-1,-0.01,-1,-1,-0.01,-1,-1
99926009,2026-05-18 12:19:09+05:30,53096.75,0,0.0,0,0.0,0.0,53282.15,53308.4,52783.45,53710.35,0,0.0,0.0,0.0,0.0,-0.01,-1,-1,-0.01,-1,-1,-0.01,-1,-1,-0.01,-1,-1,-0.01,-1,-1,-0.01,-1,-1,-0.01,-1,-1,-0.01,-1,-1,-0.01,-1,-1,-0.01,-1,-1
99926009,2026-05-18 12:19:10+05:30,53099.6,0,0.0,0,0.0,0.0,53282.15,53308.4,52783.45,53710.35,0,0.0,0.0,0.0,0.0,-0.01,-1,-1,-0.01,-1,-1,-0.01,-1,-1,-0.01,-1,-1,-0.01,-1,-1,-0.01,-1,-1,-0.01,-1,-1,-0.01,-1,-1,-0.01,-1,-1,-0.01,-1,-1
99926009,2026-05-18 12:19:10+05:30,53095.75,0,0.0,0,0.0,0.0,53282.15,53308.4,52783.45,53710.35,0,0.0,0.0,0.0,0.0,-0.01,-1,-1,-0.01,-1,-1,-0.01,-1,-1,-0.01,-1,-1,-0.01,-1,-1,-0.01,-1,-1,-0.01,-1,-1,-0.01,-1,-1,-0.01,-1,-1,-0.01,-1,-1
99926009,2026-05-18 12:19:11+05:30,53099.0,0,0.0,0,0.0,0.0,53282.15,53308.4,52783.45,53710.35,0,0.0,0.0,0.0,0.0,-0.01,-1,-1,-0.01,-1,-1,-0.01,-1,-1,-0.01,-1,-1,-0.01,-1,-1,-0.01,-1,-1,-0.01,-1,-1,-0.01,-1,-1,-0.01,-1,-1,-0.01,-1,-1
99926009,2026-05-18 12:19:11+05:30,53099.3,0,0.0,0,0.0,0.0,53282.15,53308.4,52783.45,53710.35,0,0.0,0.0,0.0,0.0,-0.01,-1,-1,-0.01,-1,-1,-0.01,-1,-1,-0.01,-1,-1,-0.01,-1,-1,-0.01,-1,-1,-0.01,-1,-1,-0.01,-1,-1,-0.01,-1,-1,-0.01,-1,-1
99926009,2026-05-18 12:19:12+05:30,53097.35,0,0.0,0,0.0,0.0,53282.15,53308.4,52783.45,53710.35,0,0.0,0.0,0.0,0.0,-0.01,-1,-1,-0.01,-1,-1,-0.01,-1,-1,-0.01,-1,-1,-0.01,-1,-1,-0.01,-1,-1,-0.01,-1,-1,-0.01,-1,-1,-0.01,-1,-1,-0.01,-1,-1
99926009,2026-05-18 12:19:12+05:30,53098.75,0,0.0,0,0.0,0.0,53282.15,53308.4,52783.45,53710.35,0,0.0,0.0,0.0,0.0,-0.01,-1,-1,-0.01,-1,-1,-0.01,-1,-1,-0.01,-1,-1,-0.01,-1,-1,-0.01,-1,-1,-0.01,-1,-1,-0.01,-1,-1,-0.01,-1,-1,-0.01,-1,-1
99926009,2026-05-18 12:19:13+05:30,53097.95,0,0.0,0,0.0,0.0,53282.15,53308.4,52783.45,53710.35,0,0.0,0.0,0.0,0.0,-0.01,-1,-1,-0.01,-1,-1,-0.01,-1,-1,-0.01,-1,-1,-0.01,-1,-1,-0.01,-1,-1,-0.01,-1,-1,-0.01,-1,-1,-0.01,-1,-1,-0.01,-1,-1
99926009,2026-05-18 12:19:13+05:30,53097.35,0,0.0,0,0.0,0.0,53282.15,53308.4,52783.45,53710.35,0,0.0,0.0,0.0,0.0,-0.01,-1,-1,-0.01,-1,-1,-0.01,-1,-1,-0.01,-1,-1,-0.01,-1,-1,-0.01,-1,-1,-0.01,-1,-1,-0.01,-1,-1,-0.01,-1,-1,-0.01,-1,-1
99926009,2026-05-18 12:19:14+05:30,53098.85,0,0.0,0,0.0,0.0,53282.15,53308.4,52783.45,53710.35,0,0.0,0.0,0.0,0.0,-0.01,-1,-1,-0.01,-1,-1,-0.01,-1,-1,-0.01,-1,-1,-0.01,-1,-1,-0.01,-1,-1,-0.01,-1,-1,-0.01,-1,-1,-0.01,-1,-1,-0.01,-1,-1
99926009,2026-05-18 12:19:14+05:30,53098.25,0,0.0,0,0.0,0.0,53282.15,53308.4,52783.45,53710.35,0,0.0,0.0,0.0,0.0,-0.01,-1,-1,-0.01,-1,-1,-0.01,-1,-1,-0.01,-1,-1,-0.01,-1,-1,-0.01,-1,-1,-0.01,-1,-1,-0.01,-1,-1,-0.01,-1,-1,-0.01,-1,-1
99926009,2026-05-18 12:19:15+05:30,53097.5,0,0.0,0,0.0,0.0,53282.15,53308.4,52783.45,53710.35,0,0.0,0.0,0.0,0.0,-0.01,-1,-1,-0.01,-1,-1,-0.01,-1,-1,-0.01,-1,-1,-0.01,-1,-1,-0.01,-1,-1,-0.01,-1,-1,-0.01,-1,-1,-0.01,-1,-1,-0.01,-1,-1
99926009,2026-05-18 12:19:15+05:30,53091.45,0,0.0,0,0.0,0.0,53282.15,53308.4,52783.45,53710.35,0,0.0,0.0,0.0,0.0,-0.01,-1,-1,-0.01,-1,-1,-0.01,-1,-1,-0.01,-1,-1,-0.01,-1,-1,-0.01,-1,-1,-0.01,-1,-1,-0.01,-1,-1,-0.01,-1,-1,-0.01,-1,-1
99926009,2026-05-18 12:19:16+05:30,53091.85,0,0.0,0,0.0,0.0,53282.15,53308.4,52783.45,53710.35,0,0.0,0.0,0.0,0.0,-0.01,-1,-1,-0.01,-1,-1,-0.01,-1,-1,-0.01,-1,-1,-0.01,-1,-1,-0.01,-1,-1,-0.01,-1,-1,-0.01,-1,-1,-0.01,-1,-1,-0.01,-1,-1
99926009,2026-05-18 12:19:16+05:30,53089.55,0,0.0,0,0.0,0.0,53282.15,53308.4,52783.45,53710.35,0,0.0,0.0,0.0,0.0,-0.01,-1,-1,-0.01,-1,-1,-0.01,-1,-1,-0.01,-1,-1,-0.01,-1,-1,-0.01,-1,-1,-0.01,-1,-1,-0.01,-1,-1,-0.01,-1,-1,-0.01,-1,-1
99926009,2026-05-18 12:19:17+05:30,53089.8,0,0.0,0,0.0,0.0,53282.15,53308.4,52783.45,53710.35,0,0.0,0.0,0.0,0.0,-0.01,-1,-1,-0.01,-1,-1,-0.01,-1,-1,-0.01,-1,-1,-0.01,-1,-1,-0.01,-1,-1,-0.01,-1,-1,-0.01,-1,-1,-0.01,-1,-1,-0.01,-1,-1
99926009,2026-05-18 12:19:17+05:30,53087.4,0,0.0,0,0.0,0.0,53282.15,53308.4,52783.45,53710.35,0,0.0,0.0,0.0,0.0,-0.01,-1,-1,-0.01,-1,-1,-0.01,-1,-1,-0.01,-1,-1,-0.01,-1,-1,-0.01,-1,-1,-0.01,-1,-1,-0.01,-1,-1,-0.01,-1,-1,-0.01,-1,-1
99926009,2026-05-18 12:19:18+05:30,53083.4,0,0.0,0,0.0,0.0,53282.15,53308.4,52783.45,53710.35,0,0.0,0.0,0.0,0.0,-0.01,-1,-1,-0.01,-1,-1,-0.01,-1,-1,-0.01,-1,-1,-0.01,-1,-1,-0.01,-1,-1,-0.01,-1,-1,-0.01,-1,-1,-0.01,-1,-1,-0.01,-1,-1
99926009,2026-05-18 12:19:18+05:30,53085.8,0,0.0,0,0.0,0.0,53282.15,53308.4,52783.45,53710.35,0,0.0,0.0,0.0,0.0,-0.01,-1,-1,-0.01,-1,-1,-0.01,-1,-1,-0.01,-1,-1,-0.01,-1,-1,-0.01,-1,-1,-0.01,-1,-1,-0.01,-1,-1,-0.01,-1,-1,-0.01,-1,-1
99926009,2026-05-18 12:19:19+05:30,53082.45,0,0.0,0,0.0,0.0,53282.15,53308.4,52783.45,53710.35,0,0.0,0.0,0.0,0.0,-0.01,-1,-1,-0.01,-1,-1,-0.01,-1,-1,-0.01,-1,-1,-0.01,-1,-1,-0.01,-1,-1,-0.01,-1,-1,-0.01,-1,-1,-0.01,-1,-1,-0.01,-1,-1
99926009,2026-05-18 12:19:19+05:30,53082.55,0,0.0,0,0.0,0.0,53282.15,53308.4,52783.45,53710.35,0,0.0,0.0,0.0,0.0,-0.01,-1,-1,-0.01,-1,-1,-0.01,-1,-1,-0.01,-1,-1,-0.01,-1,-1,-0.01,-1,-1,-0.01,-1,-1,-0.01,-1,-1,-0.01,-1,-1,-0.01,-1,-1
99926009,2026-05-18 12:19:20+05:30,53085.6,0,0.0,0,0.0,0.0,53282.15,53308.4,52783.45,53710.35,0,0.0,0.0,0.0,0.0,-0.01,-1,-1,-0.01,-1,-1,-0.01,-1,-1,-0.01,-1,-1,-0.01,-1,-1,-0.01,-1,-1,-0.01,-1,-1,-0.01,-1,-1,-0.01,-1,-1,-0.01,-1,-1
99926009,2026-05-18 12:19:20+05:30,53086.95,0,0.0,0,0.0,0.0,53282.15,53308.4,52783.45,53710.35,0,0.0,0.0,0.0,0.0,-0.01,-1,-1,-0.01,-1,-1,-0.01,-1,-1,-0.01,-1,-1,-0.01,-1,-1,-0.01,-1,-1,-0.01,-1,-1,-0.01,-1,-1,-0.01,-1,-1,-0.01,-1,-1
99926009,2026-05-18 12:19:21+05:30,53086.45,0,0.0,0,0.0,0.0,53282.15,53308.4,52783.45,53710.35,0,0.0,0.0,0.0,0.0,-0.01,-1,-1,-0.01,-1,-1,-0.01,-1,-1,-0.01,-1,-1,-0.01,-1,-1,-0.01,-1,-1,-0.01,-1,-1,-0.01,-1,-1,-0.01,-1,-1,-0.01,-1,-1
99926009,2026-05-18 12:19:21+05:30,53084.35,0,0.0,0,0.0,0.0,53282.15,53308.4,52783.45,53710.35,0,0.0,0.0,0.0,0.0,-0.01,-1,-1,-0.01,-1,-1,-0.01,-1,-1,-0.01,-1,-1,-0.01,-1,-1,-0.01,-1,-1,-0.01,-1,-1,-0.01,-1,-1,-0.01,-1,-1,-0.01,-1,-1
99926009,2026-05-18 12:19:22+05:30,53081.8,0,0.0,0,0.0,0.0,53282.15,53308.4,52783.45,53710.35,0,0.0,0.0,0.0,0.0,-0.01,-1,-1,-0.01,-1,-1,-0.01,-1,-1,-0.01,-1,-1,-0.01,-1,-1,-0.01,-1,-1,-0.01,-1,-1,-0.01,-1,-1,-0.01,-1,-1,-0.01,-1,-1
99926009,2026-05-18 12:19:22+05:30,53084.65,0,0.0,0,0.0,0.0,53282.15,53308.4,52783.45,53710.35,0,0.0,0.0,0.0,0.0,-0.01,-1,-1,-0.01,-1,-1,-0.01,-1,-1,-0.01,-1,-1,-0.01,-1,-1,-0.01,-1,-1,-0.01,-1,-1,-0.01,-1,-1,-0.01,-1,-1,-0.01,-1,-1
99926009,2026-05-18 12:19:23+05:30,53081.9,0,0.0,0,0.0,0.0,53282.15,53308.4,52783.45,53710.35,0,0.0,0.0,0.0,0.0,-0.01,-1,-1,-0.01,-1,-1,-0.01,-1,-1,-0.01,-1,-1,-0.01,-1,-1,-0.01,-1,-1,-0.01,-1,-1,-0.01,-1,-1,-0.01,-1,-1,-0.01,-1,-1
99926009,2026-05-18 12:19:23+05:30,53081.9,0,0.0,0,0.0,0.0,53282.15,53308.4,52783.45,53710.35,0,0.0,0.0,0.0,0.0,-0.01,-1,-1,-0.01,-1,-1,-0.01,-1,-1,-0.01,-1,-1,-0.01,-1,-1,-0.01,-1,-1,-0.01,-1,-1,-0.01,-1,-1,-0.01,-1,-1,-0.01,-1,-1
99926009,2026-05-18 12:19:24+05:30,53076.8,0,0.0,0,0.0,0.0,53282.15,53308.4,52783.45,53710.35,0,0.0,0.0,0.0,0.0,-0.01,-1,-1,-0.01,-1,-1,-0.01,-1,-1,-0.01,-1,-1,-0.01,-1,-1,-0.01,-1,-1,-0.01,-1,-1,-0.01,-1,-1,-0.01,-1,-1,-0.01,-1,-1
99926009,2026-05-18 12:19:24+05:30,53077.85,0,0.0,0,0.0,0.0,53282.15,53308.4,52783.45,53710.35,0,0.0,0.0,0.0,0.0,-0.01,-1,-1,-0.01,-1,-1,-0.01,-1,-1,-0.01,-1,-1,-0.01,-1,-1,-0.01,-1,-1,-0.01,-1,-1,-0.01,-1,-1,-0.01,-1,-1,-0.01,-1,-1
99926009,2026-05-18 12:19:25+05:30,53078.9,0,0.0,0,0.0,0.0,53282.15,53308.4,52783.45,53710.35,0,0.0,0.0,0.0,0.0,-0.01,-1,-1,-0.01,-1,-1,-0.01,-1,-1,-0.01,-1,-1,-0.01,-1,-1,-0.01,-1,-1,-0.01,-1,-1,-0.01,-1,-1,-0.01,-1,-1,-0.01,-1,-1
99926009,2026-05-18 12:19:25+05:30,53082.8,0,0.0,0,0.0,0.0,53282.15,53308.4,52783.45,53710.35,0,0.0,0.0,0.0,0.0,-0.01,-1,-1,-0.01,-1,-1,-0.01,-1,-1,-0.01,-1,-1,-0.01,-1,-1,-0.01,-1,-1,-0.01,-1,-1,-0.01,-1,-1,-0.01,-1,-1,-0.01,-1,-1
99926009,2026-05-18 12:19:26+05:30,53082.1,0,0.0,0,0.0,0.0,53282.15,53308.4,52783.45,53710.35,0,0.0,0.0,0.0,0.0,-0.01,-1,-1,-0.01,-1,-1,-0.01,-1,-1,-0.01,-1,-1,-0.01,-1,-1,-0.01,-1,-1,-0.01,-1,-1,-0.01,-1,-1,-0.01,-1,-1,-0.01,-1,-1
99926009,2026-05-18 12:19:26+05:30,53076.45,0,0.0,0,0.0,0.0,53282.15,53308.4,52783.45,53710.35,0,0.0,0.0,0.0,0.0,-0.01,-1,-1,-0.01,-1,-1,-0.01,-1,-1,-0.01,-1,-1,-0.01,-1,-1,-0.01,-1,-1,-0.01,-1,-1,-0.01,-1,-1,-0.01,-1,-1,-0.01,-1,-1
99926009,2026-05-18 12:19:27+05:30,53080.8,0,0.0,0,0.0,0.0,53282.15,53308.4,52783.45,53710.35,0,0.0,0.0,0.0,0.0,-0.01,-1,-1,-0.01,-1,-1,-0.01,-1,-1,-0.01,-1,-1,-0.01,-1,-1,-0.01,-1,-1,-0.01,-1,-1,-0.01,-1,-1,-0.01,-1,-1,-0.01,-1,-1
99926009,2026-05-18 12:19:27+05:30,53080.55,0,0.0,0,0.0,0.0,53282.15,53308.4,52783.45,53710.35,0,0.0,0.0,0.0,0.0,-0.01,-1,-1,-0.01,-1,-1,-0.01,-1,-1,-0.01,-1,-1,-0.01,-1,-1,-0.01,-1,-1,-0.01,-1,-1,-0.01,-1,-1,-0.01,-1,-1,-0.01,-1,-1
99926009,2026-05-18 12:19:28+05:30,53080.9,0,0.0,0,0.0,0.0,53282.15,53308.4,52783.45,53710.35,0,0.0,0.0,0.0,0.0,-0.01,-1,-1,-0.01,-1,-1,-0.01,-1,-1,-0.01,-1,-1,-0.01,-1,-1,-0.01,-1,-1,-0.01,-1,-1,-0.01,-1,-1,-0.01,-1,-1,-0.01,-1,-1
99926009,2026-05-18 12:19:28+05:30,53080.25,0,0.0,0,0.0,0.0,53282.15,53308.4,52783.45,53710.35,0,0.0,0.0,0.0,0.0,-0.01,-1,-1,-0.01,-1,-1,-0.01,-1,-1,-0.01,-1,-1,-0.01,-1,-1,-0.01,-1,-1,-0.01,-1,-1,-0.01,-1,-1,-0.01,-1,-1,-0.01,-1,-1
99926009,2026-05-18 12:19:29+05:30,53080.0,0,0.0,0,0.0,0.0,53282.15,53308.4,52783.45,53710.35,0,0.0,0.0,0.0,0.0,-0.01,-1,-1,-0.01,-1,-1,-0.01,-1,-1,-0.01,-1,-1,-0.01,-1,-1,-0.01,-1,-1,-0.01,-1,-1,-0.01,-1,-1,-0.01,-1,-1,-0.01,-1,-1
99926009,2026-05-18 12:19:29+05:30,53083.05,0,0.0,0,0.0,0.0,53282.15,53308.4,52783.45,53710.35,0,0.0,0.0,0.0,0.0,-0.01,-1,-1,-0.01,-1,-1,-0.01,-1,-1,-0.01,-1,-1,-0.01,-1,-1,-0.01,-1,-1,-0.01,-1,-1,-0.01,-1,-1,-0.01,-1,-1,-0.01,-1,-1
99926009,2026-05-18 12:19:30+05:30,53082.1,0,0.0,0,0.0,0.0,53282.15,53308.4,52783.45,53710.35,0,0.0,0.0,0.0,0.0,-0.01,-1,-1,-0.01,-1,-1,-0.01,-1,-1,-0.01,-1,-1,-0.01,-1,-1,-0.01,-1,-1,-0.01,-1,-1,-0.01,-1,-1,-0.01,-1,-1,-0.01,-1,-1
99926009,2026-05-18 12:19:30+05:30,53084.45,0,0.0,0,0.0,0.0,53282.15,53308.4,52783.45,53710.35,0,0.0,0.0,0.0,0.0,-0.01,-1,-1,-0.01,-1,-1,-0.01,-1,-1,-0.01,-1,-1,-0.01,-1,-1,-0.01,-1,-1,-0.01,-1,-1,-0.01,-1,-1,-0.01,-1,-1,-0.01,-1,-1
99926009,2026-05-18 12:19:31+05:30,53085.7,0,0.0,0,0.0,0.0,53282.15,53308.4,52783.45,53710.35,0,0.0,0.0,0.0,0.0,-0.01,-1,-1,-0.01,-1,-1,-0.01,-1,-1,-0.01,-1,-1,-0.01,-1,-1,-0.01,-1,-1,-0.01,-1,-1,-0.01,-1,-1,-0.01,-1,-1,-0.01,-1,-1
99926009,2026-05-18 12:19:31+05:30,53086.2,0,0.0,0,0.0,0.0,53282.15,53308.4,52783.45,53710.35,0,0.0,0.0,0.0,0.0,-0.01,-1,-1,-0.01,-1,-1,-0.01,-1,-1,-0.01,-1,-1,-0.01,-1,-1,-0.01,-1,-1,-0.01,-1,-1,-0.01,-1,-1,-0.01,-1,-1,-0.01,-1,-1
99926009,2026-05-18 12:19:32+05:30,53083.55,0,0.0,0,0.0,0.0,53282.15,53308.4,52783.45,53710.35,0,0.0,0.0,0.0,0.0,-0.01,-1,-1,-0.01,-1,-1,-0.01,-1,-1,-0.01,-1,-1,-0.01,-1,-1,-0.01,-1,-1,-0.01,-1,-1,-0.01,-1,-1,-0.01,-1,-1,-0.01,-1,-1
99926009,2026-05-18 12:19:32+05:30,53085.6,0,0.0,0,0.0,0.0,53282.15,53308.4,52783.45,53710.35,0,0.0,0.0,0.0,0.0,-0.01,-1,-1,-0.01,-1,-1,-0.01,-1,-1,-0.01,-1,-1,-0.01,-1,-1,-0.01,-1,-1,-0.01,-1,-1,-0.01,-1,-1,-0.01,-1,-1,-0.01,-1,-1
99926009,2026-05-18 12:19:33+05:30,53084.3,0,0.0,0,0.0,0.0,53282.15,53308.4,52783.45,53710.35,0,0.0,0.0,0.0,0.0,-0.01,-1,-1,-0.01,-1,-1,-0.01,-1,-1,-0.01,-1,-1,-0.01,-1,-1,-0.01,-1,-1,-0.01,-1,-1,-0.01,-1,-1,-0.01,-1,-1,-0.01,-1,-1
99926009,2026-05-18 12:19:33+05:30,53084.9,0,0.0,0,0.0,0.0,53282.15,53308.4,52783.45,53710.35,0,0.0,0.0,0.0,0.0,-0.01,-1,-1,-0.01,-1,-1,-0.01,-1,-1,-0.01,-1,-1,-0.01,-1,-1,-0.01,-1,-1,-0.01,-1,-1,-0.01,-1,-1,-0.01,-1,-1,-0.01,-1,-1
99926009,2026-05-18 12:19:34+05:30,53084.7,0,0.0,0,0.0,0.0,53282.15,53308.4,52783.45,53710.35,0,0.0,0.0,0.0,0.0,-0.01,-1,-1,-0.01,-1,-1,-0.01,-1,-1,-0.01,-1,-1,-0.01,-1,-1,-0.01,-1,-1,-0.01,-1,-1,-0.01,-1,-1,-0.01,-1,-1,-0.01,-1,-1
99926009,2026-05-18 12:19:34+05:30,53087.5,0,0.0,0,0.0,0.0,53282.15,53308.4,52783.45,53710.35,0,0.0,0.0,0.0,0.0,-0.01,-1,-1,-0.01,-1,-1,-0.01,-1,-1,-0.01,-1,-1,-0.01,-1,-1,-0.01,-1,-1,-0.01,-1,-1,-0.01,-1,-1,-0.01,-1,-1,-0.01,-1,-1
99926009,2026-05-18 12:19:35+05:30,53088.8,0,0.0,0,0.0,0.0,53282.15,53308.4,52783.45,53710.35,0,0.0,0.0,0.0,0.0,-0.01,-1,-1,-0.01,-1,-1,-0.01,-1,-1,-0.01,-1,-1,-0.01,-1,-1,-0.01,-1,-1,-0.01,-1,-1,-0.01,-1,-1,-0.01,-1,-1,-0.01,-1,-1
99926009,2026-05-18 12:19:35+05:30,53086.8,0,0.0,0,0.0,0.0,53282.15,53308.4,52783.45,53710.35,0,0.0,0.0,0.0,0.0,-0.01,-1,-1,-0.01,-1,-1,-0.01,-1,-1,-0.01,-1,-1,-0.01,-1,-1,-0.01,-1,-1,-0.01,-1,-1,-0.01,-1,-1,-0.01,-1,-1,-0.01,-1,-1
99926009,2026-05-18 12:19:36+05:30,53086.85,0,0.0,0,0.0,0.0,53282.15,53308.4,52783.45,53710.35,0,0.0,0.0,0.0,0.0,-0.01,-1,-1,-0.01,-1,-1,-0.01,-1,-1,-0.01,-1,-1,-0.01,-1,-1,-0.01,-1,-1,-0.01,-1,-1,-0.01,-1,-1,-0.01,-1,-1,-0.01,-1,-1
99926009,2026-05-18 12:19:36+05:30,53082.35,0,0.0,0,0.0,0.0,53282.15,53308.4,52783.45,53710.35,0,0.0,0.0,0.0,0.0,-0.01,-1,-1,-0.01,-1,-1,-0.01,-1,-1,-0.01,-1,-1,-0.01,-1,-1,-0.01,-1,-1,-0.01,-1,-1,-0.01,-1,-1,-0.01,-1,-1,-0.01,-1,-1
99926009,2026-05-18 12:19:37+05:30,53083.8,0,0.0,0,0.0,0.0,53282.15,53308.4,52783.45,53710.35,0,0.0,0.0,0.0,0.0,-0.01,-1,-1,-0.01,-1,-1,-0.01,-1,-1,-0.01,-1,-1,-0.01,-1,-1,-0.01,-1,-1,-0.01,-1,-1,-0.01,-1,-1,-0.01,-1,-1,-0.01,-1,-1
99926009,2026-05-18 12:19:37+05:30,53082.75,0,0.0,0,0.0,0.0,53282.15,53308.4,52783.45,53710.35,0,0.0,0.0,0.0,0.0,-0.01,-1,-1,-0.01,-1,-1,-0.01,-1,-1,-0.01,-1,-1,-0.01,-1,-1,-0.01,-1,-1,-0.01,-1,-1,-0.01,-1,-1,-0.01,-1,-1,-0.01,-1,-1
99926009,2026-05-18 12:19:38+05:30,53083.2,0,0.0,0,0.0,0.0,53282.15,53308.4,52783.45,53710.35,0,0.0,0.0,0.0,0.0,-0.01,-1,-1,-0.01,-1,-1,-0.01,-1,-1,-0.01,-1,-1,-0.01,-1,-1,-0.01,-1,-1,-0.01,-1,-1,-0.01,-1,-1,-0.01,-1,-1,-0.01,-1,-1
99926009,2026-05-18 12:19:38+05:30,53083.55,0,0.0,0,0.0,0.0,53282.15,53308.4,52783.45,53710.35,0,0.0,0.0,0.0,0.0,-0.01,-1,-1,-0.01,-1,-1,-0.01,-1,-1,-0.01,-1,-1,-0.01,-1,-1,-0.01,-1,-1,-0.01,-1,-1,-0.01,-1,-1,-0.01,-1,-1,-0.01,-1,-1
99926009,2026-05-18 12:19:39+05:30,53085.4,0,0.0,0,0.0,0.0,53282.15,53308.4,52783.45,53710.35,0,0.0,0.0,0.0,0.0,-0.01,-1,-1,-0.01,-1,-1,-0.01,-1,-1,-0.01,-1,-1,-0.01,-1,-1,-0.01,-1,-1,-0.01,-1,-1,-0.01,-1,-1,-0.01,-1,-1,-0.01,-1,-1
99926009,2026-05-18 12:19:39+05:30,53086.2,0,0.0,0,0.0,0.0,53282.15,53308.4,52783.45,53710.35,0,0.0,0.0,0.0,0.0,-0.01,-1,-1,-0.01,-1,-1,-0.01,-1,-1,-0.01,-1,-1,-0.01,-1,-1,-0.01,-1,-1,-0.01,-1,-1,-0.01,-1,-1,-0.01,-1,-1,-0.01,-1,-1
99926009,2026-05-18 12:19:40+05:30,53087.8,0,0.0,0,0.0,0.0,53282.15,53308.4,52783.45,53710.35,0,0.0,0.0,0.0,0.0,-0.01,-1,-1,-0.01,-1,-1,-0.01,-1,-1,-0.01,-1,-1,-0.01,-1,-1,-0.01,-1,-1,-0.01,-1,-1,-0.01,-1,-1,-0.01,-1,-1,-0.01,-1,-1
99926009,2026-05-18 12:19:40+05:30,53086.55,0,0.0,0,0.0,0.0,53282.15,53308.4,52783.45,53710.35,0,0.0,0.0,0.0,0.0,-0.01,-1,-1,-0.01,-1,-1,-0.01,-1,-1,-0.01,-1,-1,-0.01,-1,-1,-0.01,-1,-1,-0.01,-1,-1,-0.01,-1,-1,-0.01,-1,-1,-0.01,-1,-1
99926009,2026-05-18 12:19:41+05:30,53084.9,0,0.0,0,0.0,0.0,53282.15,53308.4,52783.45,53710.35,0,0.0,0.0,0.0,0.0,-0.01,-1,-1,-0.01,-1,-1,-0.01,-1,-1,-0.01,-1,-1,-0.01,-1,-1,-0.01,-1,-1,-0.01,-1,-1,-0.01,-1,-1,-0.01,-1,-1,-0.01,-1,-1
99926009,2026-05-18 12:19:41+05:30,53085.6,0,0.0,0,0.0,0.0,53282.15,53308.4,52783.45,53710.35,0,0.0,0.0,0.0,0.0,-0.01,-1,-1,-0.01,-1,-1,-0.01,-1,-1,-0.01,-1,-1,-0.01,-1,-1,-0.01,-1,-1,-0.01,-1,-1,-0.01,-1,-1,-0.01,-1,-1,-0.01,-1,-1
99926009,2026-05-18 12:19:42+05:30,53085.6,0,0.0,0,0.0,0.0,53282.15,53308.4,52783.45,53710.35,0,0.0,0.0,0.0,0.0,-0.01,-1,-1,-0.01,-1,-1,-0.01,-1,-1,-0.01,-1,-1,-0.01,-1,-1,-0.01,-1,-1,-0.01,-1,-1,-0.01,-1,-1,-0.01,-1,-1,-0.01,-1,-1
99926009,2026-05-18 12:19:42+05:30,53085.55,0,0.0,0,0.0,0.0,53282.15,53308.4,52783.45,53710.35,0,0.0,0.0,0.0,0.0,-0.01,-1,-1,-0.01,-1,-1,-0.01,-1,-1,-0.01,-1,-1,-0.01,-1,-1,-0.01,-1,-1,-0.01,-1,-1,-0.01,-1,-1,-0.01,-1,-1,-0.01,-1,-1
99926009,2026-05-18 12:19:43+05:30,53085.1,0,0.0,0,0.0,0.0,53282.15,53308.4,52783.45,53710.35,0,0.0,0.0,0.0,0.0,-0.01,-1,-1,-0.01,-1,-1,-0.01,-1,-1,-0.01,-1,-1,-0.01,-1,-1,-0.01,-1,-1,-0.01,-1,-1,-0.01,-1,-1,-0.01,-1,-1,-0.01,-1,-1
99926009,2026-05-18 12:19:43+05:30,53084.95,0,0.0,0,0.0,0.0,53282.15,53308.4,52783.45,53710.35,0,0.0,0.0,0.0,0.0,-0.01,-1,-1,-0.01,-1,-1,-0.01,-1,-1,-0.01,-1,-1,-0.01,-1,-1,-0.01,-1,-1,-0.01,-1,-1,-0.01,-1,-1,-0.01,-1,-1,-0.01,-1,-1
99926009,2026-05-18 12:19:44+05:30,53084.4,0,0.0,0,0.0,0.0,53282.15,53308.4,52783.45,53710.35,0,0.0,0.0,0.0,0.0,-0.01,-1,-1,-0.01,-1,-1,-0.01,-1,-1,-0.01,-1,-1,-0.01,-1,-1,-0.01,-1,-1,-0.01,-1,-1,-0.01,-1,-1,-0.01,-1,-1,-0.01,-1,-1
99926009,2026-05-18 12:19:44+05:30,53082.85,0,0.0,0,0.0,0.0,53282.15,53308.4,52783.45,53710.35,0,0.0,0.0,0.0,0.0,-0.01,-1,-1,-0.01,-1,-1,-0.01,-1,-1,-0.01,-1,-1,-0.01,-1,-1,-0.01,-1,-1,-0.01,-1,-1,-0.01,-1,-1,-0.01,-1,-1,-0.01,-1,-1
99926009,2026-05-18 12:19:45+05:30,53085.6,0,0.0,0,0.0,0.0,53282.15,53308.4,52783.45,53710.35,0,0.0,0.0,0.0,0.0,-0.01,-1,-1,-0.01,-1,-1,-0.01,-1,-1,-0.01,-1,-1,-0.01,-1,-1,-0.01,-1,-1,-0.01,-1,-1,-0.01,-1,-1,-0.01,-1,-1,-0.01,-1,-1
99926009,2026-05-18 12:19:45+05:30,53087.65,0,0.0,0,0.0,0.0,53282.15,53308.4,52783.45,53710.35,0,0.0,0.0,0.0,0.0,-0.01,-1,-1,-0.01,-1,-1,-0.01,-1,-1,-0.01,-1,-1,-0.01,-1,-1,-0.01,-1,-1,-0.01,-1,-1,-0.01,-1,-1,-0.01,-1,-1,-0.01,-1,-1
99926009,2026-05-18 12:19:46+05:30,53086.75,0,0.0,0,0.0,0.0,53282.15,53308.4,52783.45,53710.35,0,0.0,0.0,0.0,0.0,-0.01,-1,-1,-0.01,-1,-1,-0.01,-1,-1,-0.01,-1,-1,-0.01,-1,-1,-0.01,-1,-1,-0.01,-1,-1,-0.01,-1,-1,-0.01,-1,-1,-0.01,-1,-1
99926009,2026-05-18 12:19:46+05:30,53084.3,0,0.0,0,0.0,0.0,53282.15,53308.4,52783.45,53710.35,0,0.0,0.0,0.0,0.0,-0.01,-1,-1,-0.01,-1,-1,-0.01,-1,-1,-0.01,-1,-1,-0.01,-1,-1,-0.01,-1,-1,-0.01,-1,-1,-0.01,-1,-1,-0.01,-1,-1,-0.01,-1,-1
99926009,2026-05-18 12:19:47+05:30,53085.15,0,0.0,0,0.0,0.0,53282.15,53308.4,52783.45,53710.35,0,0.0,0.0,0.0,0.0,-0.01,-1,-1,-0.01,-1,-1,-0.01,-1,-1,-0.01,-1,-1,-0.01,-1,-1,-0.01,-1,-1,-0.01,-1,-1,-0.01,-1,-1,-0.01,-1,-1,-0.01,-1,-1
99926009,2026-05-18 12:19:47+05:30,53086.65,0,0.0,0,0.0,0.0,53282.15,53308.4,52783.45,53710.35,0,0.0,0.0,0.0,0.0,-0.01,-1,-1,-0.01,-1,-1,-0.01,-1,-1,-0.01,-1,-1,-0.01,-1,-1,-0.01,-1,-1,-0.01,-1,-1,-0.01,-1,-1,-0.01,-1,-1,-0.01,-1,-1
99926009,2026-05-18 12:19:48+05:30,53087.95,0,0.0,0,0.0,0.0,53282.15,53308.4,52783.45,53710.35,0,0.0,0.0,0.0,0.0,-0.01,-1,-1,-0.01,-1,-1,-0.01,-1,-1,-0.01,-1,-1,-0.01,-1,-1,-0.01,-1,-1,-0.01,-1,-1,-0.01,-1,-1,-0.01,-1,-1,-0.01,-1,-1
99926009,2026-05-18 12:19:48+05:30,53089.9,0,0.0,0,0.0,0.0,53282.15,53308.4,52783.45,53710.35,0,0.0,0.0,0.0,0.0,-0.01,-1,-1,-0.01,-1,-1,-0.01,-1,-1,-0.01,-1,-1,-0.01,-1,-1,-0.01,-1,-1,-0.01,-1,-1,-0.01,-1,-1,-0.01,-1,-1,-0.01,-1,-1
99926009,2026-05-18 12:19:49+05:30,53089.4,0,0.0,0,0.0,0.0,53282.15,53308.4,52783.45,53710.35,0,0.0,0.0,0.0,0.0,-0.01,-1,-1,-0.01,-1,-1,-0.01,-1,-1,-0.01,-1,-1,-0.01,-1,-1,-0.01,-1,-1,-0.01,-1,-1,-0.01,-1,-1,-0.01,-1,-1,-0.01,-1,-1
99926009,2026-05-18 12:19:49+05:30,53090.05,0,0.0,0,0.0,0.0,53282.15,53308.4,52783.45,53710.35,0,0.0,0.0,0.0,0.0,-0.01,-1,-1,-0.01,-1,-1,-0.01,-1,-1,-0.01,-1,-1,-0.01,-1,-1,-0.01,-1,-1,-0.01,-1,-1,-0.01,-1,-1,-0.01,-1,-1,-0.01,-1,-1
99926009,2026-05-18 12:19:50+05:30,53088.95,0,0.0,0,0.0,0.0,53282.15,53308.4,52783.45,53710.35,0,0.0,0.0,0.0,0.0,-0.01,-1,-1,-0.01,-1,-1,-0.01,-1,-1,-0.01,-1,-1,-0.01,-1,-1,-0.01,-1,-1,-0.01,-1,-1,-0.01,-1,-1,-0.01,-1,-1,-0.01,-1,-1
99926009,2026-05-18 12:19:50+05:30,53088.05,0,0.0,0,0.0,0.0,53282.15,53308.4,52783.45,53710.35,0,0.0,0.0,0.0,0.0,-0.01,-1,-1,-0.01,-1,-1,-0.01,-1,-1,-0.01,-1,-1,-0.01,-1,-1,-0.01,-1,-1,-0.01,-1,-1,-0.01,-1,-1,-0.01,-1,-1,-0.01,-1,-1
99926009,2026-05-18 12:19:51+05:30,53089.45,0,0.0,0,0.0,0.0,53282.15,53308.4,52783.45,53710.35,0,0.0,0.0,0.0,0.0,-0.01,-1,-1,-0.01,-1,-1,-0.01,-1,-1,-0.01,-1,-1,-0.01,-1,-1,-0.01,-1,-1,-0.01,-1,-1,-0.01,-1,-1,-0.01,-1,-1,-0.01,-1,-1
99926009,2026-05-18 12:19:51+05:30,53089.1,0,0.0,0,0.0,0.0,53282.15,53308.4,52783.45,53710.35,0,0.0,0.0,0.0,0.0,-0.01,-1,-1,-0.01,-1,-1,-0.01,-1,-1,-0.01,-1,-1,-0.01,-1,-1,-0.01,-1,-1,-0.01,-1,-1,-0.01,-1,-1,-0.01,-1,-1,-0.01,-1,-1
99926009,2026-05-18 12:19:52+05:30,53088.3,0,0.0,0,0.0,0.0,53282.15,53308.4,52783.45,53710.35,0,0.0,0.0,0.0,0.0,-0.01,-1,-1,-0.01,-1,-1,-0.01,-1,-1,-0.01,-1,-1,-0.01,-1,-1,-0.01,-1,-1,-0.01,-1,-1,-0.01,-1,-1,-0.01,-1,-1,-0.01,-1,-1
99926009,2026-05-18 12:19:52+05:30,53088.35,0,0.0,0,0.0,0.0,53282.15,53308.4,52783.45,53710.35,0,0.0,0.0,0.0,0.0,-0.01,-1,-1,-0.01,-1,-1,-0.01,-1,-1,-0.01,-1,-1,-0.01,-1,-1,-0.01,-1,-1,-0.01,-1,-1,-0.01,-1,-1,-0.01,-1,-1,-0.01,-1,-1
99926009,2026-05-18 12:19:53+05:30,53087.6,0,0.0,0,0.0,0.0,53282.15,53308.4,52783.45,53710.35,0,0.0,0.0,0.0,0.0,-0.01,-1,-1,-0.01,-1,-1,-0.01,-1,-1,-0.01,-1,-1,-0.01,-1,-1,-0.01,-1,-1,-0.01,-1,-1,-0.01,-1,-1,-0.01,-1,-1,-0.01,-1,-1
99926009,2026-05-18 12:19:53+05:30,53089.95,0,0.0,0,0.0,0.0,53282.15,53308.4,52783.45,53710.35,0,0.0,0.0,0.0,0.0,-0.01,-1,-1,-0.01,-1,-1,-0.01,-1,-1,-0.01,-1,-1,-0.01,-1,-1,-0.01,-1,-1,-0.01,-1,-1,-0.01,-1,-1,-0.01,-1,-1,-0.01,-1,-1
99926009,2026-05-18 12:19:54+05:30,53085.0,0,0.0,0,0.0,0.0,53282.15,53308.4,52783.45,53710.35,0,0.0,0.0,0.0,0.0,-0.01,-1,-1,-0.01,-1,-1,-0.01,-1,-1,-0.01,-1,-1,-0.01,-1,-1,-0.01,-1,-1,-0.01,-1,-1,-0.01,-1,-1,-0.01,-1,-1,-0.01,-1,-1
99926009,2026-05-18 12:19:54+05:30,53086.3,0,0.0,0,0.0,0.0,53282.15,53308.4,52783.45,53710.35,0,0.0,0.0,0.0,0.0,-0.01,-1,-1,-0.01,-1,-1,-0.01,-1,-1,-0.01,-1,-1,-0.01,-1,-1,-0.01,-1,-1,-0.01,-1,-1,-0.01,-1,-1,-0.01,-1,-1,-0.01,-1,-1
99926009,2026-05-18 12:19:55+05:30,53090.4,0,0.0,0,0.0,0.0,53282.15,53308.4,52783.45,53710.35,0,0.0,0.0,0.0,0.0,-0.01,-1,-1,-0.01,-1,-1,-0.01,-1,-1,-0.01,-1,-1,-0.01,-1,-1,-0.01,-1,-1,-0.01,-1,-1,-0.01,-1,-1,-0.01,-1,-1,-0.01,-1,-1
99926009,2026-05-18 12:19:55+05:30,53088.4,0,0.0,0,0.0,0.0,53282.15,53308.4,52783.45,53710.35,0,0.0,0.0,0.0,0.0,-0.01,-1,-1,-0.01,-1,-1,-0.01,-1,-1,-0.01,-1,-1,-0.01,-1,-1,-0.01,-1,-1,-0.01,-1,-1,-0.01,-1,-1,-0.01,-1,-1,-0.01,-1,-1
99926009,2026-05-18 12:19:56+05:30,53090.3,0,0.0,0,0.0,0.0,53282.15,53308.4,52783.45,53710.35,0,0.0,0.0,0.0,0.0,-0.01,-1,-1,-0.01,-1,-1,-0.01,-1,-1,-0.01,-1,-1,-0.01,-1,-1,-0.01,-1,-1,-0.01,-1,-1,-0.01,-1,-1,-0.01,-1,-1,-0.01,-1,-1
99926009,2026-05-18 12:19:56+05:30,53086.9,0,0.0,0,0.0,0.0,53282.15,53308.4,52783.45,53710.35,0,0.0,0.0,0.0,0.0,-0.01,-1,-1,-0.01,-1,-1,-0.01,-1,-1,-0.01,-1,-1,-0.01,-1,-1,-0.01,-1,-1,-0.01,-1,-1,-0.01,-1,-1,-0.01,-1,-1,-0.01,-1,-1
99926009,2026-05-18 12:19:57+05:30,53086.35,0,0.0,0,0.0,0.0,53282.15,53308.4,52783.45,53710.35,0,0.0,0.0,0.0,0.0,-0.01,-1,-1,-0.01,-1,-1,-0.01,-1,-1,-0.01,-1,-1,-0.01,-1,-1,-0.01,-1,-1,-0.01,-1,-1,-0.01,-1,-1,-0.01,-1,-1,-0.01,-1,-1
99926009,2026-05-18 12:19:57+05:30,53087.45,0,0.0,0,0.0,0.0,53282.15,53308.4,52783.45,53710.35,0,0.0,0.0,0.0,0.0,-0.01,-1,-1,-0.01,-1,-1,-0.01,-1,-1,-0.01,-1,-1,-0.01,-1,-1,-0.01,-1,-1,-0.01,-1,-1,-0.01,-1,-1,-0.01,-1,-1,-0.01,-1,-1
99926009,2026-05-18 12:19:58+05:30,53088.45,0,0.0,0,0.0,0.0,53282.15,53308.4,52783.45,53710.35,0,0.0,0.0,0.0,0.0,-0.01,-1,-1,-0.01,-1,-1,-0.01,-1,-1,-0.01,-1,-1,-0.01,-1,-1,-0.01,-1,-1,-0.01,-1,-1,-0.01,-1,-1,-0.01,-1,-1,-0.01,-1,-1
99926009,2026-05-18 12:19:58+05:30,53086.5,0,0.0,0,0.0,0.0,53282.15,53308.4,52783.45,53710.35,0,0.0,0.0,0.0,0.0,-0.01,-1,-1,-0.01,-1,-1,-0.01,-1,-1,-0.01,-1,-1,-0.01,-1,-1,-0.01,-1,-1,-0.01,-1,-1,-0.01,-1,-1,-0.01,-1,-1,-0.01,-1,-1
99926009,2026-05-18 12:19:59+05:30,53086.85,0,0.0,0,0.0,0.0,53282.15,53308.4,52783.45,53710.35,0,0.0,0.0,0.0,0.0,-0.01,-1,-1,-0.01,-1,-1,-0.01,-1,-1,-0.01,-1,-1,-0.01,-1,-1,-0.01,-1,-1,-0.01,-1,-1,-0.01,-1,-1,-0.01,-1,-1,-0.01,-1,-1
99926009,2026-05-18 12:19:59+05:30,53087.15,0,0.0,0,0.0,0.0,53282.15,53308.4,52783.45,53710.35,0,0.0,0.0,0.0,0.0,-0.01,-1,-1,-0.01,-1,-1,-0.01,-1,-1,-0.01,-1,-1,-0.01,-1,-1,-0.01,-1,-1,-0.01,-1,-1,-0.01,-1,-1,-0.01,-1,-1,-0.01,-1,-1
99926009,2026-05-18 12:20:00+05:30,53083.8,0,0.0,0,0.0,0.0,53282.15,53308.4,52783.45,53710.35,0,0.0,0.0,0.0,0.0,-0.01,-1,-1,-0.01,-1,-1,-0.01,-1,-1,-0.01,-1,-1,-0.01,-1,-1,-0.01,-1,-1,-0.01,-1,-1,-0.01,-1,-1,-0.01,-1,-1,-0.01,-1,-1
99926009,2026-05-18 12:20:00+05:30,53083.1,0,0.0,0,0.0,0.0,53282.15,53308.4,52783.45,53710.35,0,0.0,0.0,0.0,0.0,-0.01,-1,-1,-0.01,-1,-1,-0.01,-1,-1,-0.01,-1,-1,-0.01,-1,-1,-0.01,-1,-1,-0.01,-1,-1,-0.01,-1,-1,-0.01,-1,-1,-0.01,-1,-1
99926009,2026-05-18 12:20:01+05:30,53086.8,0,0.0,0,0.0,0.0,53282.15,53308.4,52783.45,53710.35,0,0.0,0.0,0.0,0.0,-0.01,-1,-1,-0.01,-1,-1,-0.01,-1,-1,-0.01,-1,-1,-0.01,-1,-1,-0.01,-1,-1,-0.01,-1,-1,-0.01,-1,-1,-0.01,-1,-1,-0.01,-1,-1
99926009,2026-05-18 12:20:01+05:30,53085.5,0,0.0,0,0.0,0.0,53282.15,53308.4,52783.45,53710.35,0,0.0,0.0,0.0,0.0,-0.01,-1,-1,-0.01,-1,-1,-0.01,-1,-1,-0.01,-1,-1,-0.01,-1,-1,-0.01,-1,-1,-0.01,-1,-1,-0.01,-1,-1,-0.01,-1,-1,-0.01,-1,-1
99926009,2026-05-18 12:20:02+05:30,53083.1,0,0.0,0,0.0,0.0,53282.15,53308.4,52783.45,53710.35,0,0.0,0.0,0.0,0.0,-0.01,-1,-1,-0.01,-1,-1,-0.01,-1,-1,-0.01,-1,-1,-0.01,-1,-1,-0.01,-1,-1,-0.01,-1,-1,-0.01,-1,-1,-0.01,-1,-1,-0.01,-1,-1
99926009,2026-05-18 12:20:02+05:30,53083.65,0,0.0,0,0.0,0.0,53282.15,53308.4,52783.45,53710.35,0,0.0,0.0,0.0,0.0,-0.01,-1,-1,-0.01,-1,-1,-0.01,-1,-1,-0.01,-1,-1,-0.01,-1,-1,-0.01,-1,-1,-0.01,-1,-1,-0.01,-1,-1,-0.01,-1,-1,-0.01,-1,-1
99926009,2026-05-18 12:20:03+05:30,53081.9,0,0.0,0,0.0,0.0,53282.15,53308.4,52783.45,53710.35,0,0.0,0.0,0.0,0.0,-0.01,-1,-1,-0.01,-1,-1,-0.01,-1,-1,-0.01,-1,-1,-0.01,-1,-1,-0.01,-1,-1,-0.01,-1,-1,-0.01,-1,-1,-0.01,-1,-1,-0.01,-1,-1
99926009,2026-05-18 12:20:03+05:30,53081.75,0,0.0,0,0.0,0.0,53282.15,53308.4,52783.45,53710.35,0,0.0,0.0,0.0,0.0,-0.01,-1,-1,-0.01,-1,-1,-0.01,-1,-1,-0.01,-1,-1,-0.01,-1,-1,-0.01,-1,-1,-0.01,-1,-1,-0.01,-1,-1,-0.01,-1,-1,-0.01,-1,-1
99926009,2026-05-18 12:20:04+05:30,53081.7,0,0.0,0,0.0,0.0,53282.15,53308.4,52783.45,53710.35,0,0.0,0.0,0.0,0.0,-0.01,-1,-1,-0.01,-1,-1,-0.01,-1,-1,-0.01,-1,-1,-0.01,-1,-1,-0.01,-1,-1,-0.01,-1,-1,-0.01,-1,-1,-0.01,-1,-1,-0.01,-1,-1
99926009,2026-05-18 12:20:04+05:30,53082.25,0,0.0,0,0.0,0.0,53282.15,53308.4,52783.45,53710.35,0,0.0,0.0,0.0,0.0,-0.01,-1,-1,-0.01,-1,-1,-0.01,-1,-1,-0.01,-1,-1,-0.01,-1,-1,-0.01,-1,-1,-0.01,-1,-1,-0.01,-1,-1,-0.01,-1,-1,-0.01,-1,-1
99926009,2026-05-18 12:20:05+05:30,53084.6,0,0.0,0,0.0,0.0,53282.15,53308.4,52783.45,53710.35,0,0.0,0.0,0.0,0.0,-0.01,-1,-1,-0.01,-1,-1,-0.01,-1,-1,-0.01,-1,-1,-0.01,-1,-1,-0.01,-1,-1,-0.01,-1,-1,-0.01,-1,-1,-0.01,-1,-1,-0.01,-1,-1
99926009,2026-05-18 12:20:05+05:30,53080.85,0,0.0,0,0.0,0.0,53282.15,53308.4,52783.45,53710.35,0,0.0,0.0,0.0,0.0,-0.01,-1,-1,-0.01,-1,-1,-0.01,-1,-1,-0.01,-1,-1,-0.01,-1,-1,-0.01,-1,-1,-0.01,-1,-1,-0.01,-1,-1,-0.01,-1,-1,-0.01,-1,-1
99926009,2026-05-18 12:20:06+05:30,53082.55,0,0.0,0,0.0,0.0,53282.15,53308.4,52783.45,53710.35,0,0.0,0.0,0.0,0.0,-0.01,-1,-1,-0.01,-1,-1,-0.01,-1,-1,-0.01,-1,-1,-0.01,-1,-1,-0.01,-1,-1,-0.01,-1,-1,-0.01,-1,-1,-0.01,-1,-1,-0.01,-1,-1
99926009,2026-05-18 12:20:06+05:30,53085.55,0,0.0,0,0.0,0.0,53282.15,53308.4,52783.45,53710.35,0,0.0,0.0,0.0,0.0,-0.01,-1,-1,-0.01,-1,-1,-0.01,-1,-1,-0.01,-1,-1,-0.01,-1,-1,-0.01,-1,-1,-0.01,-1,-1,-0.01,-1,-1,-0.01,-1,-1,-0.01,-1,-1
99926009,2026-05-18 12:20:07+05:30,53078.55,0,0.0,0,0.0,0.0,53282.15,53308.4,52783.45,53710.35,0,0.0,0.0,0.0,0.0,-0.01,-1,-1,-0.01,-1,-1,-0.01,-1,-1,-0.01,-1,-1,-0.01,-1,-1,-0.01,-1,-1,-0.01,-1,-1,-0.01,-1,-1,-0.01,-1,-1,-0.01,-1,-1
99926009,2026-05-18 12:20:07+05:30,53080.4,0,0.0,0,0.0,0.0,53282.15,53308.4,52783.45,53710.35,0,0.0,0.0,0.0,0.0,-0.01,-1,-1,-0.01,-1,-1,-0.01,-1,-1,-0.01,-1,-1,-0.01,-1,-1,-0.01,-1,-1,-0.01,-1,-1,-0.01,-1,-1,-0.01,-1,-1,-0.01,-1,-1
99926009,2026-05-18 12:20:08+05:30,53077.05,0,0.0,0,0.0,0.0,53282.15,53308.4,52783.45,53710.35,0,0.0,0.0,0.0,0.0,-0.01,-1,-1,-0.01,-1,-1,-0.01,-1,-1,-0.01,-1,-1,-0.01,-1,-1,-0.01,-1,-1,-0.01,-1,-1,-0.01,-1,-1,-0.01,-1,-1,-0.01,-1,-1
99926009,2026-05-18 12:20:08+05:30,53079.7,0,0.0,0,0.0,0.0,53282.15,53308.4,52783.45,53710.35,0,0.0,0.0,0.0,0.0,-0.01,-1,-1,-0.01,-1,-1,-0.01,-1,-1,-0.01,-1,-1,-0.01,-1,-1,-0.01,-1,-1,-0.01,-1,-1,-0.01,-1,-1,-0.01,-1,-1,-0.01,-1,-1
99926009,2026-05-18 12:20:09+05:30,53080.55,0,0.0,0,0.0,0.0,53282.15,53308.4,52783.45,53710.35,0,0.0,0.0,0.0,0.0,-0.01,-1,-1,-0.01,-1,-1,-0.01,-1,-1,-0.01,-1,-1,-0.01,-1,-1,-0.01,-1,-1,-0.01,-1,-1,-0.01,-1,-1,-0.01,-1,-1,-0.01,-1,-1
99926009,2026-05-18 12:20:09+05:30,53081.9,0,0.0,0,0.0,0.0,53282.15,53308.4,52783.45,53710.35,0,0.0,0.0,0.0,0.0,-0.01,-1,-1,-0.01,-1,-1,-0.01,-1,-1,-0.01,-1,-1,-0.01,-1,-1,-0.01,-1,-1,-0.01,-1,-1,-0.01,-1,-1,-0.01,-1,-1,-0.01,-1,-1
99926009,2026-05-18 12:20:10+05:30,53084.65,0,0.0,0,0.0,0.0,53282.15,53308.4,52783.45,53710.35,0,0.0,0.0,0.0,0.0,-0.01,-1,-1,-0.01,-1,-1,-0.01,-1,-1,-0.01,-1,-1,-0.01,-1,-1,-0.01,-1,-1,-0.01,-1,-1,-0.01,-1,-1,-0.01,-1,-1,-0.01,-1,-1
99926009,2026-05-18 12:20:10+05:30,53083.5,0,0.0,0,0.0,0.0,53282.15,53308.4,52783.45,53710.35,0,0.0,0.0,0.0,0.0,-0.01,-1,-1,-0.01,-1,-1,-0.01,-1,-1,-0.01,-1,-1,-0.01,-1,-1,-0.01,-1,-1,-0.01,-1,-1,-0.01,-1,-1,-0.01,-1,-1,-0.01,-1,-1
99926009,2026-05-18 12:20:11+05:30,53088.55,0,0.0,0,0.0,0.0,53282.15,53308.4,52783.45,53710.35,0,0.0,0.0,0.0,0.0,-0.01,-1,-1,-0.01,-1,-1,-0.01,-1,-1,-0.01,-1,-1,-0.01,-1,-1,-0.01,-1,-1,-0.01,-1,-1,-0.01,-1,-1,-0.01,-1,-1,-0.01,-1,-1
99926009,2026-05-18 12:20:11+05:30,53086.7,0,0.0,0,0.0,0.0,53282.15,53308.4,52783.45,53710.35,0,0.0,0.0,0.0,0.0,-0.01,-1,-1,-0.01,-1,-1,-0.01,-1,-1,-0.01,-1,-1,-0.01,-1,-1,-0.01,-1,-1,-0.01,-1,-1,-0.01,-1,-1,-0.01,-1,-1,-0.01,-1,-1
99926009,2026-05-18 12:20:12+05:30,53088.7,0,0.0,0,0.0,0.0,53282.15,53308.4,52783.45,53710.35,0,0.0,0.0,0.0,0.0,-0.01,-1,-1,-0.01,-1,-1,-0.01,-1,-1,-0.01,-1,-1,-0.01,-1,-1,-0.01,-1,-1,-0.01,-1,-1,-0.01,-1,-1,-0.01,-1,-1,-0.01,-1,-1
99926009,2026-05-18 12:20:12+05:30,53088.2,0,0.0,0,0.0,0.0,53282.15,53308.4,52783.45,53710.35,0,0.0,0.0,0.0,0.0,-0.01,-1,-1,-0.01,-1,-1,-0.01,-1,-1,-0.01,-1,-1,-0.01,-1,-1,-0.01,-1,-1,-0.01,-1,-1,-0.01,-1,-1,-0.01,-1,-1,-0.01,-1,-1
99926009,2026-05-18 12:20:13+05:30,53087.05,0,0.0,0,0.0,0.0,53282.15,53308.4,52783.45,53710.35,0,0.0,0.0,0.0,0.0,-0.01,-1,-1,-0.01,-1,-1,-0.01,-1,-1,-0.01,-1,-1,-0.01,-1,-1,-0.01,-1,-1,-0.01,-1,-1,-0.01,-1,-1,-0.01,-1,-1,-0.01,-1,-1
99926009,2026-05-18 12:20:13+05:30,53087.15,0,0.0,0,0.0,0.0,53282.15,53308.4,52783.45,53710.35,0,0.0,0.0,0.0,0.0,-0.01,-1,-1,-0.01,-1,-1,-0.01,-1,-1,-0.01,-1,-1,-0.01,-1,-1,-0.01,-1,-1,-0.01,-1,-1,-0.01,-1,-1,-0.01,-1,-1,-0.01,-1,-1
99926009,2026-05-18 12:20:14+05:30,53089.6,0,0.0,0,0.0,0.0,53282.15,53308.4,52783.45,53710.35,0,0.0,0.0,0.0,0.0,-0.01,-1,-1,-0.01,-1,-1,-0.01,-1,-1,-0.01,-1,-1,-0.01,-1,-1,-0.01,-1,-1,-0.01,-1,-1,-0.01,-1,-1,-0.01,-1,-1,-0.01,-1,-1
99926009,2026-05-18 12:20:14+05:30,53087.95,0,0.0,0,0.0,0.0,53282.15,53308.4,52783.45,53710.35,0,0.0,0.0,0.0,0.0,-0.01,-1,-1,-0.01,-1,-1,-0.01,-1,-1,-0.01,-1,-1,-0.01,-1,-1,-0.01,-1,-1,-0.01,-1,-1,-0.01,-1,-1,-0.01,-1,-1,-0.01,-1,-1
99926009,2026-05-18 12:20:15+05:30,53087.1,0,0.0,0,0.0,0.0,53282.15,53308.4,52783.45,53710.35,0,0.0,0.0,0.0,0.0,-0.01,-1,-1,-0.01,-1,-1,-0.01,-1,-1,-0.01,-1,-1,-0.01,-1,-1,-0.01,-1,-1,-0.01,-1,-1,-0.01,-1,-1,-0.01,-1,-1,-0.01,-1,-1
99926009,2026-05-18 12:20:15+05:30,53087.15,0,0.0,0,0.0,0.0,53282.15,53308.4,52783.45,53710.35,0,0.0,0.0,0.0,0.0,-0.01,-1,-1,-0.01,-1,-1,-0.01,-1,-1,-0.01,-1,-1,-0.01,-1,-1,-0.01,-1,-1,-0.01,-1,-1,-0.01,-1,-1,-0.01,-1,-1,-0.01,-1,-1
99926009,2026-05-18 12:20:16+05:30,53090.05,0,0.0,0,0.0,0.0,53282.15,53308.4,52783.45,53710.35,0,0.0,0.0,0.0,0.0,-0.01,-1,-1,-0.01,-1,-1,-0.01,-1,-1,-0.01,-1,-1,-0.01,-1,-1,-0.01,-1,-1,-0.01,-1,-1,-0.01,-1,-1,-0.01,-1,-1,-0.01,-1,-1
99926009,2026-05-18 12:20:16+05:30,53087.25,0,0.0,0,0.0,0.0,53282.15,53308.4,52783.45,53710.35,0,0.0,0.0,0.0,0.0,-0.01,-1,-1,-0.01,-1,-1,-0.01,-1,-1,-0.01,-1,-1,-0.01,-1,-1,-0.01,-1,-1,-0.01,-1,-1,-0.01,-1,-1,-0.01,-1,-1,-0.01,-1,-1
99926009,2026-05-18 12:20:17+05:30,53086.05,0,0.0,0,0.0,0.0,53282.15,53308.4,52783.45,53710.35,0,0.0,0.0,0.0,0.0,-0.01,-1,-1,-0.01,-1,-1,-0.01,-1,-1,-0.01,-1,-1,-0.01,-1,-1,-0.01,-1,-1,-0.01,-1,-1,-0.01,-1,-1,-0.01,-1,-1,-0.01,-1,-1
99926009,2026-05-18 12:20:17+05:30,53084.25,0,0.0,0,0.0,0.0,53282.15,53308.4,52783.45,53710.35,0,0.0,0.0,0.0,0.0,-0.01,-1,-1,-0.01,-1,-1,-0.01,-1,-1,-0.01,-1,-1,-0.01,-1,-1,-0.01,-1,-1,-0.01,-1,-1,-0.01,-1,-1,-0.01,-1,-1,-0.01,-1,-1
99926009,2026-05-18 12:20:18+05:30,53083.95,0,0.0,0,0.0,0.0,53282.15,53308.4,52783.45,53710.35,0,0.0,0.0,0.0,0.0,-0.01,-1,-1,-0.01,-1,-1,-0.01,-1,-1,-0.01,-1,-1,-0.01,-1,-1,-0.01,-1,-1,-0.01,-1,-1,-0.01,-1,-1,-0.01,-1,-1,-0.01,-1,-1
99926009,2026-05-18 12:20:18+05:30,53083.0,0,0.0,0,0.0,0.0,53282.15,53308.4,52783.45,53710.35,0,0.0,0.0,0.0,0.0,-0.01,-1,-1,-0.01,-1,-1,-0.01,-1,-1,-0.01,-1,-1,-0.01,-1,-1,-0.01,-1,-1,-0.01,-1,-1,-0.01,-1,-1,-0.01,-1,-1,-0.01,-1,-1
99926009,2026-05-18 12:20:19+05:30,53083.65,0,0.0,0,0.0,0.0,53282.15,53308.4,52783.45,53710.35,0,0.0,0.0,0.0,0.0,-0.01,-1,-1,-0.01,-1,-1,-0.01,-1,-1,-0.01,-1,-1,-0.01,-1,-1,-0.01,-1,-1,-0.01,-1,-1,-0.01,-1,-1,-0.01,-1,-1,-0.01,-1,-1
99926009,2026-05-18 12:20:19+05:30,53082.45,0,0.0,0,0.0,0.0,53282.15,53308.4,52783.45,53710.35,0,0.0,0.0,0.0,0.0,-0.01,-1,-1,-0.01,-1,-1,-0.01,-1,-1,-0.01,-1,-1,-0.01,-1,-1,-0.01,-1,-1,-0.01,-1,-1,-0.01,-1,-1,-0.01,-1,-1,-0.01,-1,-1
99926009,2026-05-18 12:20:20+05:30,53084.95,0,0.0,0,0.0,0.0,53282.15,53308.4,52783.45,53710.35,0,0.0,0.0,0.0,0.0,-0.01,-1,-1,-0.01,-1,-1,-0.01,-1,-1,-0.01,-1,-1,-0.01,-1,-1,-0.01,-1,-1,-0.01,-1,-1,-0.01,-1,-1,-0.01,-1,-1,-0.01,-1,-1
99926009,2026-05-18 12:20:20+05:30,53085.05,0,0.0,0,0.0,0.0,53282.15,53308.4,52783.45,53710.35,0,0.0,0.0,0.0,0.0,-0.01,-1,-1,-0.01,-1,-1,-0.01,-1,-1,-0.01,-1,-1,-0.01,-1,-1,-0.01,-1,-1,-0.01,-1,-1,-0.01,-1,-1,-0.01,-1,-1,-0.01,-1,-1
99926009,2026-05-18 12:20:21+05:30,53085.8,0,0.0,0,0.0,0.0,53282.15,53308.4,52783.45,53710.35,0,0.0,0.0,0.0,0.0,-0.01,-1,-1,-0.01,-1,-1,-0.01,-1,-1,-0.01,-1,-1,-0.01,-1,-1,-0.01,-1,-1,-0.01,-1,-1,-0.01,-1,-1,-0.01,-1,-1,-0.01,-1,-1
99926009,2026-05-18 12:20:21+05:30,53085.3,0,0.0,0,0.0,0.0,53282.15,53308.4,52783.45,53710.35,0,0.0,0.0,0.0,0.0,-0.01,-1,-1,-0.01,-1,-1,-0.01,-1,-1,-0.01,-1,-1,-0.01,-1,-1,-0.01,-1,-1,-0.01,-1,-1,-0.01,-1,-1,-0.01,-1,-1,-0.01,-1,-1
99926009,2026-05-18 12:20:22+05:30,53085.9,0,0.0,0,0.0,0.0,53282.15,53308.4,52783.45,53710.35,0,0.0,0.0,0.0,0.0,-0.01,-1,-1,-0.01,-1,-1,-0.01,-1,-1,-0.01,-1,-1,-0.01,-1,-1,-0.01,-1,-1,-0.01,-1,-1,-0.01,-1,-1,-0.01,-1,-1,-0.01,-1,-1
99926009,2026-05-18 12:20:22+05:30,53084.7,0,0.0,0,0.0,0.0,53282.15,53308.4,52783.45,53710.35,0,0.0,0.0,0.0,0.0,-0.01,-1,-1,-0.01,-1,-1,-0.01,-1,-1,-0.01,-1,-1,-0.01,-1,-1,-0.01,-1,-1,-0.01,-1,-1,-0.01,-1,-1,-0.01,-1,-1,-0.01,-1,-1
99926009,2026-05-18 12:20:23+05:30,53085.05,0,0.0,0,0.0,0.0,53282.15,53308.4,52783.45,53710.35,0,0.0,0.0,0.0,0.0,-0.01,-1,-1,-0.01,-1,-1,-0.01,-1,-1,-0.01,-1,-1,-0.01,-1,-1,-0.01,-1,-1,-0.01,-1,-1,-0.01,-1,-1,-0.01,-1,-1,-0.01,-1,-1
99926009,2026-05-18 12:20:23+05:30,53080.7,0,0.0,0,0.0,0.0,53282.15,53308.4,52783.45,53710.35,0,0.0,0.0,0.0,0.0,-0.01,-1,-1,-0.01,-1,-1,-0.01,-1,-1,-0.01,-1,-1,-0.01,-1,-1,-0.01,-1,-1,-0.01,-1,-1,-0.01,-1,-1,-0.01,-1,-1,-0.01,-1,-1
99926009,2026-05-18 12:20:24+05:30,53080.95,0,0.0,0,0.0,0.0,53282.15,53308.4,52783.45,53710.35,0,0.0,0.0,0.0,0.0,-0.01,-1,-1,-0.01,-1,-1,-0.01,-1,-1,-0.01,-1,-1,-0.01,-1,-1,-0.01,-1,-1,-0.01,-1,-1,-0.01,-1,-1,-0.01,-1,-1,-0.01,-1,-1
99926009,2026-05-18 12:20:24+05:30,53082.55,0,0.0,0,0.0,0.0,53282.15,53308.4,52783.45,53710.35,0,0.0,0.0,0.0,0.0,-0.01,-1,-1,-0.01,-1,-1,-0.01,-1,-1,-0.01,-1,-1,-0.01,-1,-1,-0.01,-1,-1,-0.01,-1,-1,-0.01,-1,-1,-0.01,-1,-1,-0.01,-1,-1
99926009,2026-05-18 12:20:25+05:30,53084.5,0,0.0,0,0.0,0.0,53282.15,53308.4,52783.45,53710.35,0,0.0,0.0,0.0,0.0,-0.01,-1,-1,-0.01,-1,-1,-0.01,-1,-1,-0.01,-1,-1,-0.01,-1,-1,-0.01,-1,-1,-0.01,-1,-1,-0.01,-1,-1,-0.01,-1,-1,-0.01,-1,-1
99926009,2026-05-18 12:20:25+05:30,53084.7,0,0.0,0,0.0,0.0,53282.15,53308.4,52783.45,53710.35,0,0.0,0.0,0.0,0.0,-0.01,-1,-1,-0.01,-1,-1,-0.01,-1,-1,-0.01,-1,-1,-0.01,-1,-1,-0.01,-1,-1,-0.01,-1,-1,-0.01,-1,-1,-0.01,-1,-1,-0.01,-1,-1
99926009,2026-05-18 12:20:26+05:30,53083.3,0,0.0,0,0.0,0.0,53282.15,53308.4,52783.45,53710.35,0,0.0,0.0,0.0,0.0,-0.01,-1,-1,-0.01,-1,-1,-0.01,-1,-1,-0.01,-1,-1,-0.01,-1,-1,-0.01,-1,-1,-0.01,-1,-1,-0.01,-1,-1,-0.01,-1,-1,-0.01,-1,-1
99926009,2026-05-18 12:20:26+05:30,53082.9,0,0.0,0,0.0,0.0,53282.15,53308.4,52783.45,53710.35,0,0.0,0.0,0.0,0.0,-0.01,-1,-1,-0.01,-1,-1,-0.01,-1,-1,-0.01,-1,-1,-0.01,-1,-1,-0.01,-1,-1,-0.01,-1,-1,-0.01,-1,-1,-0.01,-1,-1,-0.01,-1,-1
99926009,2026-05-18 12:20:27+05:30,53082.95,0,0.0,0,0.0,0.0,53282.15,53308.4,52783.45,53710.35,0,0.0,0.0,0.0,0.0,-0.01,-1,-1,-0.01,-1,-1,-0.01,-1,-1,-0.01,-1,-1,-0.01,-1,-1,-0.01,-1,-1,-0.01,-1,-1,-0.01,-1,-1,-0.01,-1,-1,-0.01,-1,-1
99926009,2026-05-18 12:20:27+05:30,53081.45,0,0.0,0,0.0,0.0,53282.15,53308.4,52783.45,53710.35,0,0.0,0.0,0.0,0.0,-0.01,-1,-1,-0.01,-1,-1,-0.01,-1,-1,-0.01,-1,-1,-0.01,-1,-1,-0.01,-1,-1,-0.01,-1,-1,-0.01,-1,-1,-0.01,-1,-1,-0.01,-1,-1
99926009,2026-05-18 12:20:28+05:30,53081.55,0,0.0,0,0.0,0.0,53282.15,53308.4,52783.45,53710.35,0,0.0,0.0,0.0,0.0,-0.01,-1,-1,-0.01,-1,-1,-0.01,-1,-1,-0.01,-1,-1,-0.01,-1,-1,-0.01,-1,-1,-0.01,-1,-1,-0.01,-1,-1,-0.01,-1,-1,-0.01,-1,-1
99926009,2026-05-18 12:20:28+05:30,53081.6,0,0.0,0,0.0,0.0,53282.15,53308.4,52783.45,53710.35,0,0.0,0.0,0.0,0.0,-0.01,-1,-1,-0.01,-1,-1,-0.01,-1,-1,-0.01,-1,-1,-0.01,-1,-1,-0.01,-1,-1,-0.01,-1,-1,-0.01,-1,-1,-0.01,-1,-1,-0.01,-1,-1
99926009,2026-05-18 12:20:29+05:30,53082.05,0,0.0,0,0.0,0.0,53282.15,53308.4,52783.45,53710.35,0,0.0,0.0,0.0,0.0,-0.01,-1,-1,-0.01,-1,-1,-0.01,-1,-1,-0.01,-1,-1,-0.01,-1,-1,-0.01,-1,-1,-0.01,-1,-1,-0.01,-1,-1,-0.01,-1,-1,-0.01,-1,-1
99926009,2026-05-18 12:20:29+05:30,53078.9,0,0.0,0,0.0,0.0,53282.15,53308.4,52783.45,53710.35,0,0.0,0.0,0.0,0.0,-0.01,-1,-1,-0.01,-1,-1,-0.01,-1,-1,-0.01,-1,-1,-0.01,-1,-1,-0.01,-1,-1,-0.01,-1,-1,-0.01,-1,-1,-0.01,-1,-1,-0.01,-1,-1
99926009,2026-05-18 12:20:30+05:30,53080.45,0,0.0,0,0.0,0.0,53282.15,53308.4,52783.45,53710.35,0,0.0,0.0,0.0,0.0,-0.01,-1,-1,-0.01,-1,-1,-0.01,-1,-1,-0.01,-1,-1,-0.01,-1,-1,-0.01,-1,-1,-0.01,-1,-1,-0.01,-1,-1,-0.01,-1,-1,-0.01,-1,-1
99926009,2026-05-18 12:20:30+05:30,53078.25,0,0.0,0,0.0,0.0,53282.15,53308.4,52783.45,53710.35,0,0.0,0.0,0.0,0.0,-0.01,-1,-1,-0.01,-1,-1,-0.01,-1,-1,-0.01,-1,-1,-0.01,-1,-1,-0.01,-1,-1,-0.01,-1,-1,-0.01,-1,-1,-0.01,-1,-1,-0.01,-1,-1
99926009,2026-05-18 12:20:31+05:30,53079.35,0,0.0,0,0.0,0.0,53282.15,53308.4,52783.45,53710.35,0,0.0,0.0,0.0,0.0,-0.01,-1,-1,-0.01,-1,-1,-0.01,-1,-1,-0.01,-1,-1,-0.01,-1,-1,-0.01,-1,-1,-0.01,-1,-1,-0.01,-1,-1,-0.01,-1,-1,-0.01,-1,-1
99926009,2026-05-18 12:20:31+05:30,53080.6,0,0.0,0,0.0,0.0,53282.15,53308.4,52783.45,53710.35,0,0.0,0.0,0.0,0.0,-0.01,-1,-1,-0.01,-1,-1,-0.01,-1,-1,-0.01,-1,-1,-0.01,-1,-1,-0.01,-1,-1,-0.01,-1,-1,-0.01,-1,-1,-0.01,-1,-1,-0.01,-1,-1
99926009,2026-05-18 12:20:32+05:30,53080.25,0,0.0,0,0.0,0.0,53282.15,53308.4,52783.45,53710.35,0,0.0,0.0,0.0,0.0,-0.01,-1,-1,-0.01,-1,-1,-0.01,-1,-1,-0.01,-1,-1,-0.01,-1,-1,-0.01,-1,-1,-0.01,-1,-1,-0.01,-1,-1,-0.01,-1,-1,-0.01,-1,-1
99926009,2026-05-18 12:20:32+05:30,53081.15,0,0.0,0,0.0,0.0,53282.15,53308.4,52783.45,53710.35,0,0.0,0.0,0.0,0.0,-0.01,-1,-1,-0.01,-1,-1,-0.01,-1,-1,-0.01,-1,-1,-0.01,-1,-1,-0.01,-1,-1,-0.01,-1,-1,-0.01,-1,-1,-0.01,-1,-1,-0.01,-1,-1
99926009,2026-05-18 12:20:33+05:30,53085.3,0,0.0,0,0.0,0.0,53282.15,53308.4,52783.45,53710.35,0,0.0,0.0,0.0,0.0,-0.01,-1,-1,-0.01,-1,-1,-0.01,-1,-1,-0.01,-1,-1,-0.01,-1,-1,-0.01,-1,-1,-0.01,-1,-1,-0.01,-1,-1,-0.01,-1,-1,-0.01,-1,-1
99926009,2026-05-18 12:20:33+05:30,53083.95,0,0.0,0,0.0,0.0,53282.15,53308.4,52783.45,53710.35,0,0.0,0.0,0.0,0.0,-0.01,-1,-1,-0.01,-1,-1,-0.01,-1,-1,-0.01,-1,-1,-0.01,-1,-1,-0.01,-1,-1,-0.01,-1,-1,-0.01,-1,-1,-0.01,-1,-1,-0.01,-1,-1
99926009,2026-05-18 12:20:34+05:30,53082.8,0,0.0,0,0.0,0.0,53282.15,53308.4,52783.45,53710.35,0,0.0,0.0,0.0,0.0,-0.01,-1,-1,-0.01,-1,-1,-0.01,-1,-1,-0.01,-1,-1,-0.01,-1,-1,-0.01,-1,-1,-0.01,-1,-1,-0.01,-1,-1,-0.01,-1,-1,-0.01,-1,-1
99926009,2026-05-18 12:20:34+05:30,53083.4,0,0.0,0,0.0,0.0,53282.15,53308.4,52783.45,53710.35,0,0.0,0.0,0.0,0.0,-0.01,-1,-1,-0.01,-1,-1,-0.01,-1,-1,-0.01,-1,-1,-0.01,-1,-1,-0.01,-1,-1,-0.01,-1,-1,-0.01,-1,-1,-0.01,-1,-1,-0.01,-1,-1
99926009,2026-05-18 12:20:35+05:30,53083.6,0,0.0,0,0.0,0.0,53282.15,53308.4,52783.45,53710.35,0,0.0,0.0,0.0,0.0,-0.01,-1,-1,-0.01,-1,-1,-0.01,-1,-1,-0.01,-1,-1,-0.01,-1,-1,-0.01,-1,-1,-0.01,-1,-1,-0.01,-1,-1,-0.01,-1,-1,-0.01,-1,-1
99926009,2026-05-18 12:20:35+05:30,53082.85,0,0.0,0,0.0,0.0,53282.15,53308.4,52783.45,53710.35,0,0.0,0.0,0.0,0.0,-0.01,-1,-1,-0.01,-1,-1,-0.01,-1,-1,-0.01,-1,-1,-0.01,-1,-1,-0.01,-1,-1,-0.01,-1,-1,-0.01,-1,-1,-0.01,-1,-1,-0.01,-1,-1
99926009,2026-05-18 12:20:36+05:30,53083.45,0,0.0,0,0.0,0.0,53282.15,53308.4,52783.45,53710.35,0,0.0,0.0,0.0,0.0,-0.01,-1,-1,-0.01,-1,-1,-0.01,-1,-1,-0.01,-1,-1,-0.01,-1,-1,-0.01,-1,-1,-0.01,-1,-1,-0.01,-1,-1,-0.01,-1,-1,-0.01,-1,-1
99926009,2026-05-18 12:20:36+05:30,53082.85,0,0.0,0,0.0,0.0,53282.15,53308.4,52783.45,53710.35,0,0.0,0.0,0.0,0.0,-0.01,-1,-1,-0.01,-1,-1,-0.01,-1,-1,-0.01,-1,-1,-0.01,-1,-1,-0.01,-1,-1,-0.01,-1,-1,-0.01,-1,-1,-0.01,-1,-1,-0.01,-1,-1
99926009,2026-05-18 12:20:37+05:30,53079.9,0,0.0,0,0.0,0.0,53282.15,53308.4,52783.45,53710.35,0,0.0,0.0,0.0,0.0,-0.01,-1,-1,-0.01,-1,-1,-0.01,-1,-1,-0.01,-1,-1,-0.01,-1,-1,-0.01,-1,-1,-0.01,-1,-1,-0.01,-1,-1,-0.01,-1,-1,-0.01,-1,-1
99926009,2026-05-18 12:20:37+05:30,53080.15,0,0.0,0,0.0,0.0,53282.15,53308.4,52783.45,53710.35,0,0.0,0.0,0.0,0.0,-0.01,-1,-1,-0.01,-1,-1,-0.01,-1,-1,-0.01,-1,-1,-0.01,-1,-1,-0.01,-1,-1,-0.01,-1,-1,-0.01,-1,-1,-0.01,-1,-1,-0.01,-1,-1
99926009,2026-05-18 12:20:38+05:30,53077.95,0,0.0,0,0.0,0.0,53282.15,53308.4,52783.45,53710.35,0,0.0,0.0,0.0,0.0,-0.01,-1,-1,-0.01,-1,-1,-0.01,-1,-1,-0.01,-1,-1,-0.01,-1,-1,-0.01,-1,-1,-0.01,-1,-1,-0.01,-1,-1,-0.01,-1,-1,-0.01,-1,-1
99926009,2026-05-18 12:20:38+05:30,53078.35,0,0.0,0,0.0,0.0,53282.15,53308.4,52783.45,53710.35,0,0.0,0.0,0.0,0.0,-0.01,-1,-1,-0.01,-1,-1,-0.01,-1,-1,-0.01,-1,-1,-0.01,-1,-1,-0.01,-1,-1,-0.01,-1,-1,-0.01,-1,-1,-0.01,-1,-1,-0.01,-1,-1
99926009,2026-05-18 12:20:39+05:30,53076.95,0,0.0,0,0.0,0.0,53282.15,53308.4,52783.45,53710.35,0,0.0,0.0,0.0,0.0,-0.01,-1,-1,-0.01,-1,-1,-0.01,-1,-1,-0.01,-1,-1,-0.01,-1,-1,-0.01,-1,-1,-0.01,-1,-1,-0.01,-1,-1,-0.01,-1,-1,-0.01,-1,-1
99926009,2026-05-18 12:20:39+05:30,53075.55,0,0.0,0,0.0,0.0,53282.15,53308.4,52783.45,53710.35,0,0.0,0.0,0.0,0.0,-0.01,-1,-1,-0.01,-1,-1,-0.01,-1,-1,-0.01,-1,-1,-0.01,-1,-1,-0.01,-1,-1,-0.01,-1,-1,-0.01,-1,-1,-0.01,-1,-1,-0.01,-1,-1
99926009,2026-05-18 12:20:40+05:30,53077.25,0,0.0,0,0.0,0.0,53282.15,53308.4,52783.45,53710.35,0,0.0,0.0,0.0,0.0,-0.01,-1,-1,-0.01,-1,-1,-0.01,-1,-1,-0.01,-1,-1,-0.01,-1,-1,-0.01,-1,-1,-0.01,-1,-1,-0.01,-1,-1,-0.01,-1,-1,-0.01,-1,-1
99926009,2026-05-18 12:20:40+05:30,53076.15,0,0.0,0,0.0,0.0,53282.15,53308.4,52783.45,53710.35,0,0.0,0.0,0.0,0.0,-0.01,-1,-1,-0.01,-1,-1,-0.01,-1,-1,-0.01,-1,-1,-0.01,-1,-1,-0.01,-1,-1,-0.01,-1,-1,-0.01,-1,-1,-0.01,-1,-1,-0.01,-1,-1
99926009,2026-05-18 12:20:41+05:30,53076.8,0,0.0,0,0.0,0.0,53282.15,53308.4,52783.45,53710.35,0,0.0,0.0,0.0,0.0,-0.01,-1,-1,-0.01,-1,-1,-0.01,-1,-1,-0.01,-1,-1,-0.01,-1,-1,-0.01,-1,-1,-0.01,-1,-1,-0.01,-1,-1,-0.01,-1,-1,-0.01,-1,-1
99926009,2026-05-18 12:20:41+05:30,53079.9,0,0.0,0,0.0,0.0,53282.15,53308.4,52783.45,53710.35,0,0.0,0.0,0.0,0.0,-0.01,-1,-1,-0.01,-1,-1,-0.01,-1,-1,-0.01,-1,-1,-0.01,-1,-1,-0.01,-1,-1,-0.01,-1,-1,-0.01,-1,-1,-0.01,-1,-1,-0.01,-1,-1
99926009,2026-05-18 12:20:42+05:30,53079.4,0,0.0,0,0.0,0.0,53282.15,53308.4,52783.45,53710.35,0,0.0,0.0,0.0,0.0,-0.01,-1,-1,-0.01,-1,-1,-0.01,-1,-1,-0.01,-1,-1,-0.01,-1,-1,-0.01,-1,-1,-0.01,-1,-1,-0.01,-1,-1,-0.01,-1,-1,-0.01,-1,-1
99926009,2026-05-18 12:20:42+05:30,53078.75,0,0.0,0,0.0,0.0,53282.15,53308.4,52783.45,53710.35,0,0.0,0.0,0.0,0.0,-0.01,-1,-1,-0.01,-1,-1,-0.01,-1,-1,-0.01,-1,-1,-0.01,-1,-1,-0.01,-1,-1,-0.01,-1,-1,-0.01,-1,-1,-0.01,-1,-1,-0.01,-1,-1
99926009,2026-05-18 12:20:43+05:30,53075.25,0,0.0,0,0.0,0.0,53282.15,53308.4,52783.45,53710.35,0,0.0,0.0,0.0,0.0,-0.01,-1,-1,-0.01,-1,-1,-0.01,-1,-1,-0.01,-1,-1,-0.01,-1,-1,-0.01,-1,-1,-0.01,-1,-1,-0.01,-1,-1,-0.01,-1,-1,-0.01,-1,-1
99926009,2026-05-18 12:20:43+05:30,53075.7,0,0.0,0,0.0,0.0,53282.15,53308.4,52783.45,53710.35,0,0.0,0.0,0.0,0.0,-0.01,-1,-1,-0.01,-1,-1,-0.01,-1,-1,-0.01,-1,-1,-0.01,-1,-1,-0.01,-1,-1,-0.01,-1,-1,-0.01,-1,-1,-0.01,-1,-1,-0.01,-1,-1
99926009,2026-05-18 12:20:44+05:30,53074.75,0,0.0,0,0.0,0.0,53282.15,53308.4,52783.45,53710.35,0,0.0,0.0,0.0,0.0,-0.01,-1,-1,-0.01,-1,-1,-0.01,-1,-1,-0.01,-1,-1,-0.01,-1,-1,-0.01,-1,-1,-0.01,-1,-1,-0.01,-1,-1,-0.01,-1,-1,-0.01,-1,-1
99926009,2026-05-18 12:20:44+05:30,53075.6,0,0.0,0,0.0,0.0,53282.15,53308.4,52783.45,53710.35,0,0.0,0.0,0.0,0.0,-0.01,-1,-1,-0.01,-1,-1,-0.01,-1,-1,-0.01,-1,-1,-0.01,-1,-1,-0.01,-1,-1,-0.01,-1,-1,-0.01,-1,-1,-0.01,-1,-1,-0.01,-1,-1
99926009,2026-05-18 12:20:45+05:30,53079.1,0,0.0,0,0.0,0.0,53282.15,53308.4,52783.45,53710.35,0,0.0,0.0,0.0,0.0,-0.01,-1,-1,-0.01,-1,-1,-0.01,-1,-1,-0.01,-1,-1,-0.01,-1,-1,-0.01,-1,-1,-0.01,-1,-1,-0.01,-1,-1,-0.01,-1,-1,-0.01,-1,-1
99926009,2026-05-18 12:20:45+05:30,53078.15,0,0.0,0,0.0,0.0,53282.15,53308.4,52783.45,53710.35,0,0.0,0.0,0.0,0.0,-0.01,-1,-1,-0.01,-1,-1,-0.01,-1,-1,-0.01,-1,-1,-0.01,-1,-1,-0.01,-1,-1,-0.01,-1,-1,-0.01,-1,-1,-0.01,-1,-1,-0.01,-1,-1
99926009,2026-05-18 12:20:46+05:30,53076.95,0,0.0,0,0.0,0.0,53282.15,53308.4,52783.45,53710.35,0,0.0,0.0,0.0,0.0,-0.01,-1,-1,-0.01,-1,-1,-0.01,-1,-1,-0.01,-1,-1,-0.01,-1,-1,-0.01,-1,-1,-0.01,-1,-1,-0.01,-1,-1,-0.01,-1,-1,-0.01,-1,-1
99926009,2026-05-18 12:20:46+05:30,53074.0,0,0.0,0,0.0,0.0,53282.15,53308.4,52783.45,53710.35,0,0.0,0.0,0.0,0.0,-0.01,-1,-1,-0.01,-1,-1,-0.01,-1,-1,-0.01,-1,-1,-0.01,-1,-1,-0.01,-1,-1,-0.01,-1,-1,-0.01,-1,-1,-0.01,-1,-1,-0.01,-1,-1
99926009,2026-05-18 12:20:47+05:30,53075.0,0,0.0,0,0.0,0.0,53282.15,53308.4,52783.45,53710.35,0,0.0,0.0,0.0,0.0,-0.01,-1,-1,-0.01,-1,-1,-0.01,-1,-1,-0.01,-1,-1,-0.01,-1,-1,-0.01,-1,-1,-0.01,-1,-1,-0.01,-1,-1,-0.01,-1,-1,-0.01,-1,-1
99926009,2026-05-18 12:20:47+05:30,53073.55,0,0.0,0,0.0,0.0,53282.15,53308.4,52783.45,53710.35,0,0.0,0.0,0.0,0.0,-0.01,-1,-1,-0.01,-1,-1,-0.01,-1,-1,-0.01,-1,-1,-0.01,-1,-1,-0.01,-1,-1,-0.01,-1,-1,-0.01,-1,-1,-0.01,-1,-1,-0.01,-1,-1
99926009,2026-05-18 12:20:48+05:30,53074.7,0,0.0,0,0.0,0.0,53282.15,53308.4,52783.45,53710.35,0,0.0,0.0,0.0,0.0,-0.01,-1,-1,-0.01,-1,-1,-0.01,-1,-1,-0.01,-1,-1,-0.01,-1,-1,-0.01,-1,-1,-0.01,-1,-1,-0.01,-1,-1,-0.01,-1,-1,-0.01,-1,-1
99926009,2026-05-18 12:20:48+05:30,53074.25,0,0.0,0,0.0,0.0,53282.15,53308.4,52783.45,53710.35,0,0.0,0.0,0.0,0.0,-0.01,-1,-1,-0.01,-1,-1,-0.01,-1,-1,-0.01,-1,-1,-0.01,-1,-1,-0.01,-1,-1,-0.01,-1,-1,-0.01,-1,-1,-0.01,-1,-1,-0.01,-1,-1
99926009,2026-05-18 12:20:49+05:30,53073.45,0,0.0,0,0.0,0.0,53282.15,53308.4,52783.45,53710.35,0,0.0,0.0,0.0,0.0,-0.01,-1,-1,-0.01,-1,-1,-0.01,-1,-1,-0.01,-1,-1,-0.01,-1,-1,-0.01,-1,-1,-0.01,-1,-1,-0.01,-1,-1,-0.01,-1,-1,-0.01,-1,-1
99926009,2026-05-18 12:20:49+05:30,53074.75,0,0.0,0,0.0,0.0,53282.15,53308.4,52783.45,53710.35,0,0.0,0.0,0.0,0.0,-0.01,-1,-1,-0.01,-1,-1,-0.01,-1,-1,-0.01,-1,-1,-0.01,-1,-1,-0.01,-1,-1,-0.01,-1,-1,-0.01,-1,-1,-0.01,-1,-1,-0.01,-1,-1
99926009,2026-05-18 12:20:50+05:30,53077.4,0,0.0,0,0.0,0.0,53282.15,53308.4,52783.45,53710.35,0,0.0,0.0,0.0,0.0,-0.01,-1,-1,-0.01,-1,-1,-0.01,-1,-1,-0.01,-1,-1,-0.01,-1,-1,-0.01,-1,-1,-0.01,-1,-1,-0.01,-1,-1,-0.01,-1,-1,-0.01,-1,-1
99926009,2026-05-18 12:20:50+05:30,53074.5,0,0.0,0,0.0,0.0,53282.15,53308.4,52783.45,53710.35,0,0.0,0.0,0.0,0.0,-0.01,-1,-1,-0.01,-1,-1,-0.01,-1,-1,-0.01,-1,-1,-0.01,-1,-1,-0.01,-1,-1,-0.01,-1,-1,-0.01,-1,-1,-0.01,-1,-1,-0.01,-1,-1
99926009,2026-05-18 12:20:51+05:30,53076.1,0,0.0,0,0.0,0.0,53282.15,53308.4,52783.45,53710.35,0,0.0,0.0,0.0,0.0,-0.01,-1,-1,-0.01,-1,-1,-0.01,-1,-1,-0.01,-1,-1,-0.01,-1,-1,-0.01,-1,-1,-0.01,-1,-1,-0.01,-1,-1,-0.01,-1,-1,-0.01,-1,-1
99926009,2026-05-18 12:20:51+05:30,53076.05,0,0.0,0,0.0,0.0,53282.15,53308.4,52783.45,53710.35,0,0.0,0.0,0.0,0.0,-0.01,-1,-1,-0.01,-1,-1,-0.01,-1,-1,-0.01,-1,-1,-0.01,-1,-1,-0.01,-1,-1,-0.01,-1,-1,-0.01,-1,-1,-0.01,-1,-1,-0.01,-1,-1
99926009,2026-05-18 12:20:52+05:30,53075.4,0,0.0,0,0.0,0.0,53282.15,53308.4,52783.45,53710.35,0,0.0,0.0,0.0,0.0,-0.01,-1,-1,-0.01,-1,-1,-0.01,-1,-1,-0.01,-1,-1,-0.01,-1,-1,-0.01,-1,-1,-0.01,-1,-1,-0.01,-1,-1,-0.01,-1,-1,-0.01,-1,-1
99926009,2026-05-18 12:20:52+05:30,53072.85,0,0.0,0,0.0,0.0,53282.15,53308.4,52783.45,53710.35,0,0.0,0.0,0.0,0.0,-0.01,-1,-1,-0.01,-1,-1,-0.01,-1,-1,-0.01,-1,-1,-0.01,-1,-1,-0.01,-1,-1,-0.01,-1,-1,-0.01,-1,-1,-0.01,-1,-1,-0.01,-1,-1
99926009,2026-05-18 12:20:53+05:30,53071.55,0,0.0,0,0.0,0.0,53282.15,53308.4,52783.45,53710.35,0,0.0,0.0,0.0,0.0,-0.01,-1,-1,-0.01,-1,-1,-0.01,-1,-1,-0.01,-1,-1,-0.01,-1,-1,-0.01,-1,-1,-0.01,-1,-1,-0.01,-1,-1,-0.01,-1,-1,-0.01,-1,-1
99926009,2026-05-18 12:20:53+05:30,53072.75,0,0.0,0,0.0,0.0,53282.15,53308.4,52783.45,53710.35,0,0.0,0.0,0.0,0.0,-0.01,-1,-1,-0.01,-1,-1,-0.01,-1,-1,-0.01,-1,-1,-0.01,-1,-1,-0.01,-1,-1,-0.01,-1,-1,-0.01,-1,-1,-0.01,-1,-1,-0.01,-1,-1
99926009,2026-05-18 12:20:54+05:30,53070.6,0,0.0,0,0.0,0.0,53282.15,53308.4,52783.45,53710.35,0,0.0,0.0,0.0,0.0,-0.01,-1,-1,-0.01,-1,-1,-0.01,-1,-1,-0.01,-1,-1,-0.01,-1,-1,-0.01,-1,-1,-0.01,-1,-1,-0.01,-1,-1,-0.01,-1,-1,-0.01,-1,-1
99926009,2026-05-18 12:20:54+05:30,53070.5,0,0.0,0,0.0,0.0,53282.15,53308.4,52783.45,53710.35,0,0.0,0.0,0.0,0.0,-0.01,-1,-1,-0.01,-1,-1,-0.01,-1,-1,-0.01,-1,-1,-0.01,-1,-1,-0.01,-1,-1,-0.01,-1,-1,-0.01,-1,-1,-0.01,-1,-1,-0.01,-1,-1
99926009,2026-05-18 12:20:55+05:30,53074.15,0,0.0,0,0.0,0.0,53282.15,53308.4,52783.45,53710.35,0,0.0,0.0,0.0,0.0,-0.01,-1,-1,-0.01,-1,-1,-0.01,-1,-1,-0.01,-1,-1,-0.01,-1,-1,-0.01,-1,-1,-0.01,-1,-1,-0.01,-1,-1,-0.01,-1,-1,-0.01,-1,-1
99926009,2026-05-18 12:20:55+05:30,53074.05,0,0.0,0,0.0,0.0,53282.15,53308.4,52783.45,53710.35,0,0.0,0.0,0.0,0.0,-0.01,-1,-1,-0.01,-1,-1,-0.01,-1,-1,-0.01,-1,-1,-0.01,-1,-1,-0.01,-1,-1,-0.01,-1,-1,-0.01,-1,-1,-0.01,-1,-1,-0.01,-1,-1
99926009,2026-05-18 12:20:56+05:30,53074.05,0,0.0,0,0.0,0.0,53282.15,53308.4,52783.45,53710.35,0,0.0,0.0,0.0,0.0,-0.01,-1,-1,-0.01,-1,-1,-0.01,-1,-1,-0.01,-1,-1,-0.01,-1,-1,-0.01,-1,-1,-0.01,-1,-1,-0.01,-1,-1,-0.01,-1,-1,-0.01,-1,-1
99926009,2026-05-18 12:20:56+05:30,53072.4,0,0.0,0,0.0,0.0,53282.15,53308.4,52783.45,53710.35,0,0.0,0.0,0.0,0.0,-0.01,-1,-1,-0.01,-1,-1,-0.01,-1,-1,-0.01,-1,-1,-0.01,-1,-1,-0.01,-1,-1,-0.01,-1,-1,-0.01,-1,-1,-0.01,-1,-1,-0.01,-1,-1
99926009,2026-05-18 12:20:57+05:30,53072.55,0,0.0,0,0.0,0.0,53282.15,53308.4,52783.45,53710.35,0,0.0,0.0,0.0,0.0,-0.01,-1,-1,-0.01,-1,-1,-0.01,-1,-1,-0.01,-1,-1,-0.01,-1,-1,-0.01,-1,-1,-0.01,-1,-1,-0.01,-1,-1,-0.01,-1,-1,-0.01,-1,-1
99926009,2026-05-18 12:20:57+05:30,53072.25,0,0.0,0,0.0,0.0,53282.15,53308.4,52783.45,53710.35,0,0.0,0.0,0.0,0.0,-0.01,-1,-1,-0.01,-1,-1,-0.01,-1,-1,-0.01,-1,-1,-0.01,-1,-1,-0.01,-1,-1,-0.01,-1,-1,-0.01,-1,-1,-0.01,-1,-1,-0.01,-1,-1
99926009,2026-05-18 12:20:58+05:30,53071.5,0,0.0,0,0.0,0.0,53282.15,53308.4,52783.45,53710.35,0,0.0,0.0,0.0,0.0,-0.01,-1,-1,-0.01,-1,-1,-0.01,-1,-1,-0.01,-1,-1,-0.01,-1,-1,-0.01,-1,-1,-0.01,-1,-1,-0.01,-1,-1,-0.01,-1,-1,-0.01,-1,-1
99926009,2026-05-18 12:20:58+05:30,53069.5,0,0.0,0,0.0,0.0,53282.15,53308.4,52783.45,53710.35,0,0.0,0.0,0.0,0.0,-0.01,-1,-1,-0.01,-1,-1,-0.01,-1,-1,-0.01,-1,-1,-0.01,-1,-1,-0.01,-1,-1,-0.01,-1,-1,-0.01,-1,-1,-0.01,-1,-1,-0.01,-1,-1
99926009,2026-05-18 12:20:59+05:30,53072.6,0,0.0,0,0.0,0.0,53282.15,53308.4,52783.45,53710.35,0,0.0,0.0,0.0,0.0,-0.01,-1,-1,-0.01,-1,-1,-0.01,-1,-1,-0.01,-1,-1,-0.01,-1,-1,-0.01,-1,-1,-0.01,-1,-1,-0.01,-1,-1,-0.01,-1,-1,-0.01,-1,-1
99926009,2026-05-18 12:20:59+05:30,53071.9,0,0.0,0,0.0,0.0,53282.15,53308.4,52783.45,53710.35,0,0.0,0.0,0.0,0.0,-0.01,-1,-1,-0.01,-1,-1,-0.01,-1,-1,-0.01,-1,-1,-0.01,-1,-1,-0.01,-1,-1,-0.01,-1,-1,-0.01,-1,-1,-0.01,-1,-1,-0.01,-1,-1
99926009,2026-05-18 12:21:00+05:30,53071.5,0,0.0,0,0.0,0.0,53282.15,53308.4,52783.45,53710.35,0,0.0,0.0,0.0,0.0,-0.01,-1,-1,-0.01,-1,-1,-0.01,-1,-1,-0.01,-1,-1,-0.01,-1,-1,-0.01,-1,-1,-0.01,-1,-1,-0.01,-1,-1,-0.01,-1,-1,-0.01,-1,-1
99926009,2026-05-18 12:21:00+05:30,53073.35,0,0.0,0,0.0,0.0,53282.15,53308.4,52783.45,53710.35,0,0.0,0.0,0.0,0.0,-0.01,-1,-1,-0.01,-1,-1,-0.01,-1,-1,-0.01,-1,-1,-0.01,-1,-1,-0.01,-1,-1,-0.01,-1,-1,-0.01,-1,-1,-0.01,-1,-1,-0.01,-1,-1
99926009,2026-05-18 12:21:01+05:30,53075.85,0,0.0,0,0.0,0.0,53282.15,53308.4,52783.45,53710.35,0,0.0,0.0,0.0,0.0,-0.01,-1,-1,-0.01,-1,-1,-0.01,-1,-1,-0.01,-1,-1,-0.01,-1,-1,-0.01,-1,-1,-0.01,-1,-1,-0.01,-1,-1,-0.01,-1,-1,-0.01,-1,-1
99926009,2026-05-18 12:21:01+05:30,53073.7,0,0.0,0,0.0,0.0,53282.15,53308.4,52783.45,53710.35,0,0.0,0.0,0.0,0.0,-0.01,-1,-1,-0.01,-1,-1,-0.01,-1,-1,-0.01,-1,-1,-0.01,-1,-1,-0.01,-1,-1,-0.01,-1,-1,-0.01,-1,-1,-0.01,-1,-1,-0.01,-1,-1
99926009,2026-05-18 12:21:02+05:30,53072.8,0,0.0,0,0.0,0.0,53282.15,53308.4,52783.45,53710.35,0,0.0,0.0,0.0,0.0,-0.01,-1,-1,-0.01,-1,-1,-0.01,-1,-1,-0.01,-1,-1,-0.01,-1,-1,-0.01,-1,-1,-0.01,-1,-1,-0.01,-1,-1,-0.01,-1,-1,-0.01,-1,-1
99926009,2026-05-18 12:21:02+05:30,53072.2,0,0.0,0,0.0,0.0,53282.15,53308.4,52783.45,53710.35,0,0.0,0.0,0.0,0.0,-0.01,-1,-1,-0.01,-1,-1,-0.01,-1,-1,-0.01,-1,-1,-0.01,-1,-1,-0.01,-1,-1,-0.01,-1,-1,-0.01,-1,-1,-0.01,-1,-1,-0.01,-1,-1
99926009,2026-05-18 12:21:03+05:30,53071.1,0,0.0,0,0.0,0.0,53282.15,53308.4,52783.45,53710.35,0,0.0,0.0,0.0,0.0,-0.01,-1,-1,-0.01,-1,-1,-0.01,-1,-1,-0.01,-1,-1,-0.01,-1,-1,-0.01,-1,-1,-0.01,-1,-1,-0.01,-1,-1,-0.01,-1,-1,-0.01,-1,-1
99926009,2026-05-18 12:21:03+05:30,53070.6,0,0.0,0,0.0,0.0,53282.15,53308.4,52783.45,53710.35,0,0.0,0.0,0.0,0.0,-0.01,-1,-1,-0.01,-1,-1,-0.01,-1,-1,-0.01,-1,-1,-0.01,-1,-1,-0.01,-1,-1,-0.01,-1,-1,-0.01,-1,-1,-0.01,-1,-1,-0.01,-1,-1
99926009,2026-05-18 12:21:04+05:30,53070.75,0,0.0,0,0.0,0.0,53282.15,53308.4,52783.45,53710.35,0,0.0,0.0,0.0,0.0,-0.01,-1,-1,-0.01,-1,-1,-0.01,-1,-1,-0.01,-1,-1,-0.01,-1,-1,-0.01,-1,-1,-0.01,-1,-1,-0.01,-1,-1,-0.01,-1,-1,-0.01,-1,-1
99926009,2026-05-18 12:21:04+05:30,53072.2,0,0.0,0,0.0,0.0,53282.15,53308.4,52783.45,53710.35,0,0.0,0.0,0.0,0.0,-0.01,-1,-1,-0.01,-1,-1,-0.01,-1,-1,-0.01,-1,-1,-0.01,-1,-1,-0.01,-1,-1,-0.01,-1,-1,-0.01,-1,-1,-0.01,-1,-1,-0.01,-1,-1
99926009,2026-05-18 12:21:05+05:30,53073.75,0,0.0,0,0.0,0.0,53282.15,53308.4,52783.45,53710.35,0,0.0,0.0,0.0,0.0,-0.01,-1,-1,-0.01,-1,-1,-0.01,-1,-1,-0.01,-1,-1,-0.01,-1,-1,-0.01,-1,-1,-0.01,-1,-1,-0.01,-1,-1,-0.01,-1,-1,-0.01,-1,-1
99926009,2026-05-18 12:21:05+05:30,53070.6,0,0.0,0,0.0,0.0,53282.15,53308.4,52783.45,53710.35,0,0.0,0.0,0.0,0.0,-0.01,-1,-1,-0.01,-1,-1,-0.01,-1,-1,-0.01,-1,-1,-0.01,-1,-1,-0.01,-1,-1,-0.01,-1,-1,-0.01,-1,-1,-0.01,-1,-1,-0.01,-1,-1
99926009,2026-05-18 12:21:06+05:30,53073.15,0,0.0,0,0.0,0.0,53282.15,53308.4,52783.45,53710.35,0,0.0,0.0,0.0,0.0,-0.01,-1,-1,-0.01,-1,-1,-0.01,-1,-1,-0.01,-1,-1,-0.01,-1,-1,-0.01,-1,-1,-0.01,-1,-1,-0.01,-1,-1,-0.01,-1,-1,-0.01,-1,-1
99926009,2026-05-18 12:21:06+05:30,53070.75,0,0.0,0,0.0,0.0,53282.15,53308.4,52783.45,53710.35,0,0.0,0.0,0.0,0.0,-0.01,-1,-1,-0.01,-1,-1,-0.01,-1,-1,-0.01,-1,-1,-0.01,-1,-1,-0.01,-1,-1,-0.01,-1,-1,-0.01,-1,-1,-0.01,-1,-1,-0.01,-1,-1
99926009,2026-05-18 12:21:07+05:30,53072.3,0,0.0,0,0.0,0.0,53282.15,53308.4,52783.45,53710.35,0,0.0,0.0,0.0,0.0,-0.01,-1,-1,-0.01,-1,-1,-0.01,-1,-1,-0.01,-1,-1,-0.01,-1,-1,-0.01,-1,-1,-0.01,-1,-1,-0.01,-1,-1,-0.01,-1,-1,-0.01,-1,-1
99926009,2026-05-18 12:21:07+05:30,53070.5,0,0.0,0,0.0,0.0,53282.15,53308.4,52783.45,53710.35,0,0.0,0.0,0.0,0.0,-0.01,-1,-1,-0.01,-1,-1,-0.01,-1,-1,-0.01,-1,-1,-0.01,-1,-1,-0.01,-1,-1,-0.01,-1,-1,-0.01,-1,-1,-0.01,-1,-1,-0.01,-1,-1
99926009,2026-05-18 12:21:08+05:30,53071.3,0,0.0,0,0.0,0.0,53282.15,53308.4,52783.45,53710.35,0,0.0,0.0,0.0,0.0,-0.01,-1,-1,-0.01,-1,-1,-0.01,-1,-1,-0.01,-1,-1,-0.01,-1,-1,-0.01,-1,-1,-0.01,-1,-1,-0.01,-1,-1,-0.01,-1,-1,-0.01,-1,-1
99926009,2026-05-18 12:21:08+05:30,53075.25,0,0.0,0,0.0,0.0,53282.15,53308.4,52783.45,53710.35,0,0.0,0.0,0.0,0.0,-0.01,-1,-1,-0.01,-1,-1,-0.01,-1,-1,-0.01,-1,-1,-0.01,-1,-1,-0.01,-1,-1,-0.01,-1,-1,-0.01,-1,-1,-0.01,-1,-1,-0.01,-1,-1
99926009,2026-05-18 12:21:09+05:30,53075.65,0,0.0,0,0.0,0.0,53282.15,53308.4,52783.45,53710.35,0,0.0,0.0,0.0,0.0,-0.01,-1,-1,-0.01,-1,-1,-0.01,-1,-1,-0.01,-1,-1,-0.01,-1,-1,-0.01,-1,-1,-0.01,-1,-1,-0.01,-1,-1,-0.01,-1,-1,-0.01,-1,-1
99926009,2026-05-18 12:21:09+05:30,53082.75,0,0.0,0,0.0,0.0,53282.15,53308.4,52783.45,53710.35,0,0.0,0.0,0.0,0.0,-0.01,-1,-1,-0.01,-1,-1,-0.01,-1,-1,-0.01,-1,-1,-0.01,-1,-1,-0.01,-1,-1,-0.01,-1,-1,-0.01,-1,-1,-0.01,-1,-1,-0.01,-1,-1
99926009,2026-05-18 12:21:10+05:30,53082.2,0,0.0,0,0.0,0.0,53282.15,53308.4,52783.45,53710.35,0,0.0,0.0,0.0,0.0,-0.01,-1,-1,-0.01,-1,-1,-0.01,-1,-1,-0.01,-1,-1,-0.01,-1,-1,-0.01,-1,-1,-0.01,-1,-1,-0.01,-1,-1,-0.01,-1,-1,-0.01,-1,-1
99926009,2026-05-18 12:21:10+05:30,53076.5,0,0.0,0,0.0,0.0,53282.15,53308.4,52783.45,53710.35,0,0.0,0.0,0.0,0.0,-0.01,-1,-1,-0.01,-1,-1,-0.01,-1,-1,-0.01,-1,-1,-0.01,-1,-1,-0.01,-1,-1,-0.01,-1,-1,-0.01,-1,-1,-0.01,-1,-1,-0.01,-1,-1
99926009,2026-05-18 12:21:11+05:30,53077.3,0,0.0,0,0.0,0.0,53282.15,53308.4,52783.45,53710.35,0,0.0,0.0,0.0,0.0,-0.01,-1,-1,-0.01,-1,-1,-0.01,-1,-1,-0.01,-1,-1,-0.01,-1,-1,-0.01,-1,-1,-0.01,-1,-1,-0.01,-1,-1,-0.01,-1,-1,-0.01,-1,-1
99926009,2026-05-18 12:21:11+05:30,53076.5,0,0.0,0,0.0,0.0,53282.15,53308.4,52783.45,53710.35,0,0.0,0.0,0.0,0.0,-0.01,-1,-1,-0.01,-1,-1,-0.01,-1,-1,-0.01,-1,-1,-0.01,-1,-1,-0.01,-1,-1,-0.01,-1,-1,-0.01,-1,-1,-0.01,-1,-1,-0.01,-1,-1
99926009,2026-05-18 12:21:12+05:30,53076.75,0,0.0,0,0.0,0.0,53282.15,53308.4,52783.45,53710.35,0,0.0,0.0,0.0,0.0,-0.01,-1,-1,-0.01,-1,-1,-0.01,-1,-1,-0.01,-1,-1,-0.01,-1,-1,-0.01,-1,-1,-0.01,-1,-1,-0.01,-1,-1,-0.01,-1,-1,-0.01,-1,-1
99926009,2026-05-18 12:21:12+05:30,53079.55,0,0.0,0,0.0,0.0,53282.15,53308.4,52783.45,53710.35,0,0.0,0.0,0.0,0.0,-0.01,-1,-1,-0.01,-1,-1,-0.01,-1,-1,-0.01,-1,-1,-0.01,-1,-1,-0.01,-1,-1,-0.01,-1,-1,-0.01,-1,-1,-0.01,-1,-1,-0.01,-1,-1
99926009,2026-05-18 12:21:13+05:30,53079.45,0,0.0,0,0.0,0.0,53282.15,53308.4,52783.45,53710.35,0,0.0,0.0,0.0,0.0,-0.01,-1,-1,-0.01,-1,-1,-0.01,-1,-1,-0.01,-1,-1,-0.01,-1,-1,-0.01,-1,-1,-0.01,-1,-1,-0.01,-1,-1,-0.01,-1,-1,-0.01,-1,-1
99926009,2026-05-18 12:21:13+05:30,53077.8,0,0.0,0,0.0,0.0,53282.15,53308.4,52783.45,53710.35,0,0.0,0.0,0.0,0.0,-0.01,-1,-1,-0.01,-1,-1,-0.01,-1,-1,-0.01,-1,-1,-0.01,-1,-1,-0.01,-1,-1,-0.01,-1,-1,-0.01,-1,-1,-0.01,-1,-1,-0.01,-1,-1
99926009,2026-05-18 12:21:14+05:30,53078.4,0,0.0,0,0.0,0.0,53282.15,53308.4,52783.45,53710.35,0,0.0,0.0,0.0,0.0,-0.01,-1,-1,-0.01,-1,-1,-0.01,-1,-1,-0.01,-1,-1,-0.01,-1,-1,-0.01,-1,-1,-0.01,-1,-1,-0.01,-1,-1,-0.01,-1,-1,-0.01,-1,-1
99926009,2026-05-18 12:21:14+05:30,53078.6,0,0.0,0,0.0,0.0,53282.15,53308.4,52783.45,53710.35,0,0.0,0.0,0.0,0.0,-0.01,-1,-1,-0.01,-1,-1,-0.01,-1,-1,-0.01,-1,-1,-0.01,-1,-1,-0.01,-1,-1,-0.01,-1,-1,-0.01,-1,-1,-0.01,-1,-1,-0.01,-1,-1
99926009,2026-05-18 12:21:15+05:30,53081.1,0,0.0,0,0.0,0.0,53282.15,53308.4,52783.45,53710.35,0,0.0,0.0,0.0,0.0,-0.01,-1,-1,-0.01,-1,-1,-0.01,-1,-1,-0.01,-1,-1,-0.01,-1,-1,-0.01,-1,-1,-0.01,-1,-1,-0.01,-1,-1,-0.01,-1,-1,-0.01,-1,-1
99926009,2026-05-18 12:21:15+05:30,53081.85,0,0.0,0,0.0,0.0,53282.15,53308.4,52783.45,53710.35,0,0.0,0.0,0.0,0.0,-0.01,-1,-1,-0.01,-1,-1,-0.01,-1,-1,-0.01,-1,-1,-0.01,-1,-1,-0.01,-1,-1,-0.01,-1,-1,-0.01,-1,-1,-0.01,-1,-1,-0.01,-1,-1
99926009,2026-05-18 12:21:16+05:30,53082.8,0,0.0,0,0.0,0.0,53282.15,53308.4,52783.45,53710.35,0,0.0,0.0,0.0,0.0,-0.01,-1,-1,-0.01,-1,-1,-0.01,-1,-1,-0.01,-1,-1,-0.01,-1,-1,-0.01,-1,-1,-0.01,-1,-1,-0.01,-1,-1,-0.01,-1,-1,-0.01,-1,-1
99926009,2026-05-18 12:21:16+05:30,53080.85,0,0.0,0,0.0,0.0,53282.15,53308.4,52783.45,53710.35,0,0.0,0.0,0.0,0.0,-0.01,-1,-1,-0.01,-1,-1,-0.01,-1,-1,-0.01,-1,-1,-0.01,-1,-1,-0.01,-1,-1,-0.01,-1,-1,-0.01,-1,-1,-0.01,-1,-1,-0.01,-1,-1
99926009,2026-05-18 12:21:17+05:30,53081.0,0,0.0,0,0.0,0.0,53282.15,53308.4,52783.45,53710.35,0,0.0,0.0,0.0,0.0,-0.01,-1,-1,-0.01,-1,-1,-0.01,-1,-1,-0.01,-1,-1,-0.01,-1,-1,-0.01,-1,-1,-0.01,-1,-1,-0.01,-1,-1,-0.01,-1,-1,-0.01,-1,-1
99926009,2026-05-18 12:21:17+05:30,53081.0,0,0.0,0,0.0,0.0,53282.15,53308.4,52783.45,53710.35,0,0.0,0.0,0.0,0.0,-0.01,-1,-1,-0.01,-1,-1,-0.01,-1,-1,-0.01,-1,-1,-0.01,-1,-1,-0.01,-1,-1,-0.01,-1,-1,-0.01,-1,-1,-0.01,-1,-1,-0.01,-1,-1
99926009,2026-05-18 12:21:18+05:30,53080.8,0,0.0,0,0.0,0.0,53282.15,53308.4,52783.45,53710.35,0,0.0,0.0,0.0,0.0,-0.01,-1,-1,-0.01,-1,-1,-0.01,-1,-1,-0.01,-1,-1,-0.01,-1,-1,-0.01,-1,-1,-0.01,-1,-1,-0.01,-1,-1,-0.01,-1,-1,-0.01,-1,-1
99926009,2026-05-18 12:21:18+05:30,53081.6,0,0.0,0,0.0,0.0,53282.15,53308.4,52783.45,53710.35,0,0.0,0.0,0.0,0.0,-0.01,-1,-1,-0.01,-1,-1,-0.01,-1,-1,-0.01,-1,-1,-0.01,-1,-1,-0.01,-1,-1,-0.01,-1,-1,-0.01,-1,-1,-0.01,-1,-1,-0.01,-1,-1
99926009,2026-05-18 12:21:19+05:30,53079.95,0,0.0,0,0.0,0.0,53282.15,53308.4,52783.45,53710.35,0,0.0,0.0,0.0,0.0,-0.01,-1,-1,-0.01,-1,-1,-0.01,-1,-1,-0.01,-1,-1,-0.01,-1,-1,-0.01,-1,-1,-0.01,-1,-1,-0.01,-1,-1,-0.01,-1,-1,-0.01,-1,-1
99926009,2026-05-18 12:21:19+05:30,53081.25,0,0.0,0,0.0,0.0,53282.15,53308.4,52783.45,53710.35,0,0.0,0.0,0.0,0.0,-0.01,-1,-1,-0.01,-1,-1,-0.01,-1,-1,-0.01,-1,-1,-0.01,-1,-1,-0.01,-1,-1,-0.01,-1,-1,-0.01,-1,-1,-0.01,-1,-1,-0.01,-1,-1
99926009,2026-05-18 12:21:20+05:30,53081.85,0,0.0,0,0.0,0.0,53282.15,53308.4,52783.45,53710.35,0,0.0,0.0,0.0,0.0,-0.01,-1,-1,-0.01,-1,-1,-0.01,-1,-1,-0.01,-1,-1,-0.01,-1,-1,-0.01,-1,-1,-0.01,-1,-1,-0.01,-1,-1,-0.01,-1,-1,-0.01,-1,-1
99926009,2026-05-18 12:21:20+05:30,53081.4,0,0.0,0,0.0,0.0,53282.15,53308.4,52783.45,53710.35,0,0.0,0.0,0.0,0.0,-0.01,-1,-1,-0.01,-1,-1,-0.01,-1,-1,-0.01,-1,-1,-0.01,-1,-1,-0.01,-1,-1,-0.01,-1,-1,-0.01,-1,-1,-0.01,-1,-1,-0.01,-1,-1
99926009,2026-05-18 12:21:21+05:30,53084.75,0,0.0,0,0.0,0.0,53282.15,53308.4,52783.45,53710.35,0,0.0,0.0,0.0,0.0,-0.01,-1,-1,-0.01,-1,-1,-0.01,-1,-1,-0.01,-1,-1,-0.01,-1,-1,-0.01,-1,-1,-0.01,-1,-1,-0.01,-1,-1,-0.01,-1,-1,-0.01,-1,-1
99926009,2026-05-18 12:21:21+05:30,53084.65,0,0.0,0,0.0,0.0,53282.15,53308.4,52783.45,53710.35,0,0.0,0.0,0.0,0.0,-0.01,-1,-1,-0.01,-1,-1,-0.01,-1,-1,-0.01,-1,-1,-0.01,-1,-1,-0.01,-1,-1,-0.01,-1,-1,-0.01,-1,-1,-0.01,-1,-1,-0.01,-1,-1
99926009,2026-05-18 12:21:22+05:30,53083.2,0,0.0,0,0.0,0.0,53282.15,53308.4,52783.45,53710.35,0,0.0,0.0,0.0,0.0,-0.01,-1,-1,-0.01,-1,-1,-0.01,-1,-1,-0.01,-1,-1,-0.01,-1,-1,-0.01,-1,-1,-0.01,-1,-1,-0.01,-1,-1,-0.01,-1,-1,-0.01,-1,-1
99926009,2026-05-18 12:21:22+05:30,53083.65,0,0.0,0,0.0,0.0,53282.15,53308.4,52783.45,53710.35,0,0.0,0.0,0.0,0.0,-0.01,-1,-1,-0.01,-1,-1,-0.01,-1,-1,-0.01,-1,-1,-0.01,-1,-1,-0.01,-1,-1,-0.01,-1,-1,-0.01,-1,-1,-0.01,-1,-1,-0.01,-1,-1
99926009,2026-05-18 12:21:23+05:30,53084.1,0,0.0,0,0.0,0.0,53282.15,53308.4,52783.45,53710.35,0,0.0,0.0,0.0,0.0,-0.01,-1,-1,-0.01,-1,-1,-0.01,-1,-1,-0.01,-1,-1,-0.01,-1,-1,-0.01,-1,-1,-0.01,-1,-1,-0.01,-1,-1,-0.01,-1,-1,-0.01,-1,-1
99926009,2026-05-18 12:21:23+05:30,53082.75,0,0.0,0,0.0,0.0,53282.15,53308.4,52783.45,53710.35,0,0.0,0.0,0.0,0.0,-0.01,-1,-1,-0.01,-1,-1,-0.01,-1,-1,-0.01,-1,-1,-0.01,-1,-1,-0.01,-1,-1,-0.01,-1,-1,-0.01,-1,-1,-0.01,-1,-1,-0.01,-1,-1
99926009,2026-05-18 12:21:24+05:30,53081.9,0,0.0,0,0.0,0.0,53282.15,53308.4,52783.45,53710.35,0,0.0,0.0,0.0,0.0,-0.01,-1,-1,-0.01,-1,-1,-0.01,-1,-1,-0.01,-1,-1,-0.01,-1,-1,-0.01,-1,-1,-0.01,-1,-1,-0.01,-1,-1,-0.01,-1,-1,-0.01,-1,-1
99926009,2026-05-18 12:21:24+05:30,53084.25,0,0.0,0,0.0,0.0,53282.15,53308.4,52783.45,53710.35,0,0.0,0.0,0.0,0.0,-0.01,-1,-1,-0.01,-1,-1,-0.01,-1,-1,-0.01,-1,-1,-0.01,-1,-1,-0.01,-1,-1,-0.01,-1,-1,-0.01,-1,-1,-0.01,-1,-1,-0.01,-1,-1
99926009,2026-05-18 12:21:25+05:30,53086.5,0,0.0,0,0.0,0.0,53282.15,53308.4,52783.45,53710.35,0,0.0,0.0,0.0,0.0,-0.01,-1,-1,-0.01,-1,-1,-0.01,-1,-1,-0.01,-1,-1,-0.01,-1,-1,-0.01,-1,-1,-0.01,-1,-1,-0.01,-1,-1,-0.01,-1,-1,-0.01,-1,-1
99926009,2026-05-18 12:21:25+05:30,53087.35,0,0.0,0,0.0,0.0,53282.15,53308.4,52783.45,53710.35,0,0.0,0.0,0.0,0.0,-0.01,-1,-1,-0.01,-1,-1,-0.01,-1,-1,-0.01,-1,-1,-0.01,-1,-1,-0.01,-1,-1,-0.01,-1,-1,-0.01,-1,-1,-0.01,-1,-1,-0.01,-1,-1
99926009,2026-05-18 12:21:26+05:30,53086.55,0,0.0,0,0.0,0.0,53282.15,53308.4,52783.45,53710.35,0,0.0,0.0,0.0,0.0,-0.01,-1,-1,-0.01,-1,-1,-0.01,-1,-1,-0.01,-1,-1,-0.01,-1,-1,-0.01,-1,-1,-0.01,-1,-1,-0.01,-1,-1,-0.01,-1,-1,-0.01,-1,-1
99926009,2026-05-18 12:21:26+05:30,53085.15,0,0.0,0,0.0,0.0,53282.15,53308.4,52783.45,53710.35,0,0.0,0.0,0.0,0.0,-0.01,-1,-1,-0.01,-1,-1,-0.01,-1,-1,-0.01,-1,-1,-0.01,-1,-1,-0.01,-1,-1,-0.01,-1,-1,-0.01,-1,-1,-0.01,-1,-1,-0.01,-1,-1
99926009,2026-05-18 12:21:27+05:30,53085.6,0,0.0,0,0.0,0.0,53282.15,53308.4,52783.45,53710.35,0,0.0,0.0,0.0,0.0,-0.01,-1,-1,-0.01,-1,-1,-0.01,-1,-1,-0.01,-1,-1,-0.01,-1,-1,-0.01,-1,-1,-0.01,-1,-1,-0.01,-1,-1,-0.01,-1,-1,-0.01,-1,-1
99926009,2026-05-18 12:21:27+05:30,53084.2,0,0.0,0,0.0,0.0,53282.15,53308.4,52783.45,53710.35,0,0.0,0.0,0.0,0.0,-0.01,-1,-1,-0.01,-1,-1,-0.01,-1,-1,-0.01,-1,-1,-0.01,-1,-1,-0.01,-1,-1,-0.01,-1,-1,-0.01,-1,-1,-0.01,-1,-1,-0.01,-1,-1
99926009,2026-05-18 12:21:28+05:30,53083.35,0,0.0,0,0.0,0.0,53282.15,53308.4,52783.45,53710.35,0,0.0,0.0,0.0,0.0,-0.01,-1,-1,-0.01,-1,-1,-0.01,-1,-1,-0.01,-1,-1,-0.01,-1,-1,-0.01,-1,-1,-0.01,-1,-1,-0.01,-1,-1,-0.01,-1,-1,-0.01,-1,-1
99926009,2026-05-18 12:21:28+05:30,53083.35,0,0.0,0,0.0,0.0,53282.15,53308.4,52783.45,53710.35,0,0.0,0.0,0.0,0.0,-0.01,-1,-1,-0.01,-1,-1,-0.01,-1,-1,-0.01,-1,-1,-0.01,-1,-1,-0.01,-1,-1,-0.01,-1,-1,-0.01,-1,-1,-0.01,-1,-1,-0.01,-1,-1
99926009,2026-05-18 12:21:29+05:30,53082.75,0,0.0,0,0.0,0.0,53282.15,53308.4,52783.45,53710.35,0,0.0,0.0,0.0,0.0,-0.01,-1,-1,-0.01,-1,-1,-0.01,-1,-1,-0.01,-1,-1,-0.01,-1,-1,-0.01,-1,-1,-0.01,-1,-1,-0.01,-1,-1,-0.01,-1,-1,-0.01,-1,-1
99926009,2026-05-18 12:21:29+05:30,53083.7,0,0.0,0,0.0,0.0,53282.15,53308.4,52783.45,53710.35,0,0.0,0.0,0.0,0.0,-0.01,-1,-1,-0.01,-1,-1,-0.01,-1,-1,-0.01,-1,-1,-0.01,-1,-1,-0.01,-1,-1,-0.01,-1,-1,-0.01,-1,-1,-0.01,-1,-1,-0.01,-1,-1
99926009,2026-05-18 12:21:30+05:30,53084.0,0,0.0,0,0.0,0.0,53282.15,53308.4,52783.45,53710.35,0,0.0,0.0,0.0,0.0,-0.01,-1,-1,-0.01,-1,-1,-0.01,-1,-1,-0.01,-1,-1,-0.01,-1,-1,-0.01,-1,-1,-0.01,-1,-1,-0.01,-1,-1,-0.01,-1,-1,-0.01,-1,-1
99926009,2026-05-18 12:21:30+05:30,53086.15,0,0.0,0,0.0,0.0,53282.15,53308.4,52783.45,53710.35,0,0.0,0.0,0.0,0.0,-0.01,-1,-1,-0.01,-1,-1,-0.01,-1,-1,-0.01,-1,-1,-0.01,-1,-1,-0.01,-1,-1,-0.01,-1,-1,-0.01,-1,-1,-0.01,-1,-1,-0.01,-1,-1
99926009,2026-05-18 12:21:31+05:30,53085.7,0,0.0,0,0.0,0.0,53282.15,53308.4,52783.45,53710.35,0,0.0,0.0,0.0,0.0,-0.01,-1,-1,-0.01,-1,-1,-0.01,-1,-1,-0.01,-1,-1,-0.01,-1,-1,-0.01,-1,-1,-0.01,-1,-1,-0.01,-1,-1,-0.01,-1,-1,-0.01,-1,-1
99926009,2026-05-18 12:21:31+05:30,53086.05,0,0.0,0,0.0,0.0,53282.15,53308.4,52783.45,53710.35,0,0.0,0.0,0.0,0.0,-0.01,-1,-1,-0.01,-1,-1,-0.01,-1,-1,-0.01,-1,-1,-0.01,-1,-1,-0.01,-1,-1,-0.01,-1,-1,-0.01,-1,-1,-0.01,-1,-1,-0.01,-1,-1
99926009,2026-05-18 12:21:32+05:30,53085.25,0,0.0,0,0.0,0.0,53282.15,53308.4,52783.45,53710.35,0,0.0,0.0,0.0,0.0,-0.01,-1,-1,-0.01,-1,-1,-0.01,-1,-1,-0.01,-1,-1,-0.01,-1,-1,-0.01,-1,-1,-0.01,-1,-1,-0.01,-1,-1,-0.01,-1,-1,-0.01,-1,-1
99926009,2026-05-18 12:21:32+05:30,53082.9,0,0.0,0,0.0,0.0,53282.15,53308.4,52783.45,53710.35,0,0.0,0.0,0.0,0.0,-0.01,-1,-1,-0.01,-1,-1,-0.01,-1,-1,-0.01,-1,-1,-0.01,-1,-1,-0.01,-1,-1,-0.01,-1,-1,-0.01,-1,-1,-0.01,-1,-1,-0.01,-1,-1
99926009,2026-05-18 12:21:33+05:30,53084.1,0,0.0,0,0.0,0.0,53282.15,53308.4,52783.45,53710.35,0,0.0,0.0,0.0,0.0,-0.01,-1,-1,-0.01,-1,-1,-0.01,-1,-1,-0.01,-1,-1,-0.01,-1,-1,-0.01,-1,-1,-0.01,-1,-1,-0.01,-1,-1,-0.01,-1,-1,-0.01,-1,-1
99926009,2026-05-18 12:21:33+05:30,53084.15,0,0.0,0,0.0,0.0,53282.15,53308.4,52783.45,53710.35,0,0.0,0.0,0.0,0.0,-0.01,-1,-1,-0.01,-1,-1,-0.01,-1,-1,-0.01,-1,-1,-0.01,-1,-1,-0.01,-1,-1,-0.01,-1,-1,-0.01,-1,-1,-0.01,-1,-1,-0.01,-1,-1
99926009,2026-05-18 12:21:34+05:30,53083.65,0,0.0,0,0.0,0.0,53282.15,53308.4,52783.45,53710.35,0,0.0,0.0,0.0,0.0,-0.01,-1,-1,-0.01,-1,-1,-0.01,-1,-1,-0.01,-1,-1,-0.01,-1,-1,-0.01,-1,-1,-0.01,-1,-1,-0.01,-1,-1,-0.01,-1,-1,-0.01,-1,-1
99926009,2026-05-18 12:21:34+05:30,53083.1,0,0.0,0,0.0,0.0,53282.15,53308.4,52783.45,53710.35,0,0.0,0.0,0.0,0.0,-0.01,-1,-1,-0.01,-1,-1,-0.01,-1,-1,-0.01,-1,-1,-0.01,-1,-1,-0.01,-1,-1,-0.01,-1,-1,-0.01,-1,-1,-0.01,-1,-1,-0.01,-1,-1
99926009,2026-05-18 12:21:35+05:30,53085.2,0,0.0,0,0.0,0.0,53282.15,53308.4,52783.45,53710.35,0,0.0,0.0,0.0,0.0,-0.01,-1,-1,-0.01,-1,-1,-0.01,-1,-1,-0.01,-1,-1,-0.01,-1,-1,-0.01,-1,-1,-0.01,-1,-1,-0.01,-1,-1,-0.01,-1,-1,-0.01,-1,-1
99926009,2026-05-18 12:21:35+05:30,53084.55,0,0.0,0,0.0,0.0,53282.15,53308.4,52783.45,53710.35,0,0.0,0.0,0.0,0.0,-0.01,-1,-1,-0.01,-1,-1,-0.01,-1,-1,-0.01,-1,-1,-0.01,-1,-1,-0.01,-1,-1,-0.01,-1,-1,-0.01,-1,-1,-0.01,-1,-1,-0.01,-1,-1
99926009,2026-05-18 12:21:36+05:30,53084.4,0,0.0,0,0.0,0.0,53282.15,53308.4,52783.45,53710.35,0,0.0,0.0,0.0,0.0,-0.01,-1,-1,-0.01,-1,-1,-0.01,-1,-1,-0.01,-1,-1,-0.01,-1,-1,-0.01,-1,-1,-0.01,-1,-1,-0.01,-1,-1,-0.01,-1,-1,-0.01,-1,-1
99926009,2026-05-18 12:21:36+05:30,53085.45,0,0.0,0,0.0,0.0,53282.15,53308.4,52783.45,53710.35,0,0.0,0.0,0.0,0.0,-0.01,-1,-1,-0.01,-1,-1,-0.01,-1,-1,-0.01,-1,-1,-0.01,-1,-1,-0.01,-1,-1,-0.01,-1,-1,-0.01,-1,-1,-0.01,-1,-1,-0.01,-1,-1
99926009,2026-05-18 12:21:37+05:30,53085.45,0,0.0,0,0.0,0.0,53282.15,53308.4,52783.45,53710.35,0,0.0,0.0,0.0,0.0,-0.01,-1,-1,-0.01,-1,-1,-0.01,-1,-1,-0.01,-1,-1,-0.01,-1,-1,-0.01,-1,-1,-0.01,-1,-1,-0.01,-1,-1,-0.01,-1,-1,-0.01,-1,-1
99926009,2026-05-18 12:21:37+05:30,53083.65,0,0.0,0,0.0,0.0,53282.15,53308.4,52783.45,53710.35,0,0.0,0.0,0.0,0.0,-0.01,-1,-1,-0.01,-1,-1,-0.01,-1,-1,-0.01,-1,-1,-0.01,-1,-1,-0.01,-1,-1,-0.01,-1,-1,-0.01,-1,-1,-0.01,-1,-1,-0.01,-1,-1
99926009,2026-05-18 12:21:38+05:30,53080.65,0,0.0,0,0.0,0.0,53282.15,53308.4,52783.45,53710.35,0,0.0,0.0,0.0,0.0,-0.01,-1,-1,-0.01,-1,-1,-0.01,-1,-1,-0.01,-1,-1,-0.01,-1,-1,-0.01,-1,-1,-0.01,-1,-1,-0.01,-1,-1,-0.01,-1,-1,-0.01,-1,-1
99926009,2026-05-18 12:21:38+05:30,53082.0,0,0.0,0,0.0,0.0,53282.15,53308.4,52783.45,53710.35,0,0.0,0.0,0.0,0.0,-0.01,-1,-1,-0.01,-1,-1,-0.01,-1,-1,-0.01,-1,-1,-0.01,-1,-1,-0.01,-1,-1,-0.01,-1,-1,-0.01,-1,-1,-0.01,-1,-1,-0.01,-1,-1
99926009,2026-05-18 12:21:39+05:30,53082.5,0,0.0,0,0.0,0.0,53282.15,53308.4,52783.45,53710.35,0,0.0,0.0,0.0,0.0,-0.01,-1,-1,-0.01,-1,-1,-0.01,-1,-1,-0.01,-1,-1,-0.01,-1,-1,-0.01,-1,-1,-0.01,-1,-1,-0.01,-1,-1,-0.01,-1,-1,-0.01,-1,-1
99926009,2026-05-18 12:21:39+05:30,53081.05,0,0.0,0,0.0,0.0,53282.15,53308.4,52783.45,53710.35,0,0.0,0.0,0.0,0.0,-0.01,-1,-1,-0.01,-1,-1,-0.01,-1,-1,-0.01,-1,-1,-0.01,-1,-1,-0.01,-1,-1,-0.01,-1,-1,-0.01,-1,-1,-0.01,-1,-1,-0.01,-1,-1
99926009,2026-05-18 12:21:40+05:30,53081.7,0,0.0,0,0.0,0.0,53282.15,53308.4,52783.45,53710.35,0,0.0,0.0,0.0,0.0,-0.01,-1,-1,-0.01,-1,-1,-0.01,-1,-1,-0.01,-1,-1,-0.01,-1,-1,-0.01,-1,-1,-0.01,-1,-1,-0.01,-1,-1,-0.01,-1,-1,-0.01,-1,-1
99926009,2026-05-18 12:21:40+05:30,53080.9,0,0.0,0,0.0,0.0,53282.15,53308.4,52783.45,53710.35,0,0.0,0.0,0.0,0.0,-0.01,-1,-1,-0.01,-1,-1,-0.01,-1,-1,-0.01,-1,-1,-0.01,-1,-1,-0.01,-1,-1,-0.01,-1,-1,-0.01,-1,-1,-0.01,-1,-1,-0.01,-1,-1
99926009,2026-05-18 12:21:41+05:30,53082.25,0,0.0,0,0.0,0.0,53282.15,53308.4,52783.45,53710.35,0,0.0,0.0,0.0,0.0,-0.01,-1,-1,-0.01,-1,-1,-0.01,-1,-1,-0.01,-1,-1,-0.01,-1,-1,-0.01,-1,-1,-0.01,-1,-1,-0.01,-1,-1,-0.01,-1,-1,-0.01,-1,-1
99926009,2026-05-18 12:21:41+05:30,53084.45,0,0.0,0,0.0,0.0,53282.15,53308.4,52783.45,53710.35,0,0.0,0.0,0.0,0.0,-0.01,-1,-1,-0.01,-1,-1,-0.01,-1,-1,-0.01,-1,-1,-0.01,-1,-1,-0.01,-1,-1,-0.01,-1,-1,-0.01,-1,-1,-0.01,-1,-1,-0.01,-1,-1
99926009,2026-05-18 12:21:42+05:30,53086.1,0,0.0,0,0.0,0.0,53282.15,53308.4,52783.45,53710.35,0,0.0,0.0,0.0,0.0,-0.01,-1,-1,-0.01,-1,-1,-0.01,-1,-1,-0.01,-1,-1,-0.01,-1,-1,-0.01,-1,-1,-0.01,-1,-1,-0.01,-1,-1,-0.01,-1,-1,-0.01,-1,-1
99926009,2026-05-18 12:21:42+05:30,53084.3,0,0.0,0,0.0,0.0,53282.15,53308.4,52783.45,53710.35,0,0.0,0.0,0.0,0.0,-0.01,-1,-1,-0.01,-1,-1,-0.01,-1,-1,-0.01,-1,-1,-0.01,-1,-1,-0.01,-1,-1,-0.01,-1,-1,-0.01,-1,-1,-0.01,-1,-1,-0.01,-1,-1
99926009,2026-05-18 12:21:43+05:30,53087.3,0,0.0,0,0.0,0.0,53282.15,53308.4,52783.45,53710.35,0,0.0,0.0,0.0,0.0,-0.01,-1,-1,-0.01,-1,-1,-0.01,-1,-1,-0.01,-1,-1,-0.01,-1,-1,-0.01,-1,-1,-0.01,-1,-1,-0.01,-1,-1,-0.01,-1,-1,-0.01,-1,-1
99926009,2026-05-18 12:21:43+05:30,53087.5,0,0.0,0,0.0,0.0,53282.15,53308.4,52783.45,53710.35,0,0.0,0.0,0.0,0.0,-0.01,-1,-1,-0.01,-1,-1,-0.01,-1,-1,-0.01,-1,-1,-0.01,-1,-1,-0.01,-1,-1,-0.01,-1,-1,-0.01,-1,-1,-0.01,-1,-1,-0.01,-1,-1
99926009,2026-05-18 12:21:44+05:30,53087.85,0,0.0,0,0.0,0.0,53282.15,53308.4,52783.45,53710.35,0,0.0,0.0,0.0,0.0,-0.01,-1,-1,-0.01,-1,-1,-0.01,-1,-1,-0.01,-1,-1,-0.01,-1,-1,-0.01,-1,-1,-0.01,-1,-1,-0.01,-1,-1,-0.01,-1,-1,-0.01,-1,-1
99926009,2026-05-18 12:21:44+05:30,53088.1,0,0.0,0,0.0,0.0,53282.15,53308.4,52783.45,53710.35,0,0.0,0.0,0.0,0.0,-0.01,-1,-1,-0.01,-1,-1,-0.01,-1,-1,-0.01,-1,-1,-0.01,-1,-1,-0.01,-1,-1,-0.01,-1,-1,-0.01,-1,-1,-0.01,-1,-1,-0.01,-1,-1
99926009,2026-05-18 12:21:45+05:30,53088.55,0,0.0,0,0.0,0.0,53282.15,53308.4,52783.45,53710.35,0,0.0,0.0,0.0,0.0,-0.01,-1,-1,-0.01,-1,-1,-0.01,-1,-1,-0.01,-1,-1,-0.01,-1,-1,-0.01,-1,-1,-0.01,-1,-1,-0.01,-1,-1,-0.01,-1,-1,-0.01,-1,-1
99926009,2026-05-18 12:21:45+05:30,53087.95,0,0.0,0,0.0,0.0,53282.15,53308.4,52783.45,53710.35,0,0.0,0.0,0.0,0.0,-0.01,-1,-1,-0.01,-1,-1,-0.01,-1,-1,-0.01,-1,-1,-0.01,-1,-1,-0.01,-1,-1,-0.01,-1,-1,-0.01,-1,-1,-0.01,-1,-1,-0.01,-1,-1
99926009,2026-05-18 12:21:46+05:30,53088.35,0,0.0,0,0.0,0.0,53282.15,53308.4,52783.45,53710.35,0,0.0,0.0,0.0,0.0,-0.01,-1,-1,-0.01,-1,-1,-0.01,-1,-1,-0.01,-1,-1,-0.01,-1,-1,-0.01,-1,-1,-0.01,-1,-1,-0.01,-1,-1,-0.01,-1,-1,-0.01,-1,-1
99926009,2026-05-18 12:21:46+05:30,53088.6,0,0.0,0,0.0,0.0,53282.15,53308.4,52783.45,53710.35,0,0.0,0.0,0.0,0.0,-0.01,-1,-1,-0.01,-1,-1,-0.01,-1,-1,-0.01,-1,-1,-0.01,-1,-1,-0.01,-1,-1,-0.01,-1,-1,-0.01,-1,-1,-0.01,-1,-1,-0.01,-1,-1
99926009,2026-05-18 12:21:47+05:30,53087.1,0,0.0,0,0.0,0.0,53282.15,53308.4,52783.45,53710.35,0,0.0,0.0,0.0,0.0,-0.01,-1,-1,-0.01,-1,-1,-0.01,-1,-1,-0.01,-1,-1,-0.01,-1,-1,-0.01,-1,-1,-0.01,-1,-1,-0.01,-1,-1,-0.01,-1,-1,-0.01,-1,-1
99926009,2026-05-18 12:21:47+05:30,53088.05,0,0.0,0,0.0,0.0,53282.15,53308.4,52783.45,53710.35,0,0.0,0.0,0.0,0.0,-0.01,-1,-1,-0.01,-1,-1,-0.01,-1,-1,-0.01,-1,-1,-0.01,-1,-1,-0.01,-1,-1,-0.01,-1,-1,-0.01,-1,-1,-0.01,-1,-1,-0.01,-1,-1
99926009,2026-05-18 12:21:48+05:30,53086.95,0,0.0,0,0.0,0.0,53282.15,53308.4,52783.45,53710.35,0,0.0,0.0,0.0,0.0,-0.01,-1,-1,-0.01,-1,-1,-0.01,-1,-1,-0.01,-1,-1,-0.01,-1,-1,-0.01,-1,-1,-0.01,-1,-1,-0.01,-1,-1,-0.01,-1,-1,-0.01,-1,-1
99926009,2026-05-18 12:21:48+05:30,53087.65,0,0.0,0,0.0,0.0,53282.15,53308.4,52783.45,53710.35,0,0.0,0.0,0.0,0.0,-0.01,-1,-1,-0.01,-1,-1,-0.01,-1,-1,-0.01,-1,-1,-0.01,-1,-1,-0.01,-1,-1,-0.01,-1,-1,-0.01,-1,-1,-0.01,-1,-1,-0.01,-1,-1
99926009,2026-05-18 12:21:49+05:30,53088.25,0,0.0,0,0.0,0.0,53282.15,53308.4,52783.45,53710.35,0,0.0,0.0,0.0,0.0,-0.01,-1,-1,-0.01,-1,-1,-0.01,-1,-1,-0.01,-1,-1,-0.01,-1,-1,-0.01,-1,-1,-0.01,-1,-1,-0.01,-1,-1,-0.01,-1,-1,-0.01,-1,-1
99926009,2026-05-18 12:21:49+05:30,53087.95,0,0.0,0,0.0,0.0,53282.15,53308.4,52783.45,53710.35,0,0.0,0.0,0.0,0.0,-0.01,-1,-1,-0.01,-1,-1,-0.01,-1,-1,-0.01,-1,-1,-0.01,-1,-1,-0.01,-1,-1,-0.01,-1,-1,-0.01,-1,-1,-0.01,-1,-1,-0.01,-1,-1
99926009,2026-05-18 12:21:50+05:30,53087.7,0,0.0,0,0.0,0.0,53282.15,53308.4,52783.45,53710.35,0,0.0,0.0,0.0,0.0,-0.01,-1,-1,-0.01,-1,-1,-0.01,-1,-1,-0.01,-1,-1,-0.01,-1,-1,-0.01,-1,-1,-0.01,-1,-1,-0.01,-1,-1,-0.01,-1,-1,-0.01,-1,-1
99926009,2026-05-18 12:21:50+05:30,53086.7,0,0.0,0,0.0,0.0,53282.15,53308.4,52783.45,53710.35,0,0.0,0.0,0.0,0.0,-0.01,-1,-1,-0.01,-1,-1,-0.01,-1,-1,-0.01,-1,-1,-0.01,-1,-1,-0.01,-1,-1,-0.01,-1,-1,-0.01,-1,-1,-0.01,-1,-1,-0.01,-1,-1
99926009,2026-05-18 12:21:51+05:30,53087.35,0,0.0,0,0.0,0.0,53282.15,53308.4,52783.45,53710.35,0,0.0,0.0,0.0,0.0,-0.01,-1,-1,-0.01,-1,-1,-0.01,-1,-1,-0.01,-1,-1,-0.01,-1,-1,-0.01,-1,-1,-0.01,-1,-1,-0.01,-1,-1,-0.01,-1,-1,-0.01,-1,-1
99926009,2026-05-18 12:21:51+05:30,53089.65,0,0.0,0,0.0,0.0,53282.15,53308.4,52783.45,53710.35,0,0.0,0.0,0.0,0.0,-0.01,-1,-1,-0.01,-1,-1,-0.01,-1,-1,-0.01,-1,-1,-0.01,-1,-1,-0.01,-1,-1,-0.01,-1,-1,-0.01,-1,-1,-0.01,-1,-1,-0.01,-1,-1
99926009,2026-05-18 12:21:52+05:30,53089.0,0,0.0,0,0.0,0.0,53282.15,53308.4,52783.45,53710.35,0,0.0,0.0,0.0,0.0,-0.01,-1,-1,-0.01,-1,-1,-0.01,-1,-1,-0.01,-1,-1,-0.01,-1,-1,-0.01,-1,-1,-0.01,-1,-1,-0.01,-1,-1,-0.01,-1,-1,-0.01,-1,-1
99926009,2026-05-18 12:21:52+05:30,53085.95,0,0.0,0,0.0,0.0,53282.15,53308.4,52783.45,53710.35,0,0.0,0.0,0.0,0.0,-0.01,-1,-1,-0.01,-1,-1,-0.01,-1,-1,-0.01,-1,-1,-0.01,-1,-1,-0.01,-1,-1,-0.01,-1,-1,-0.01,-1,-1,-0.01,-1,-1,-0.01,-1,-1
99926009,2026-05-18 12:21:53+05:30,53085.85,0,0.0,0,0.0,0.0,53282.15,53308.4,52783.45,53710.35,0,0.0,0.0,0.0,0.0,-0.01,-1,-1,-0.01,-1,-1,-0.01,-1,-1,-0.01,-1,-1,-0.01,-1,-1,-0.01,-1,-1,-0.01,-1,-1,-0.01,-1,-1,-0.01,-1,-1,-0.01,-1,-1
99926009,2026-05-18 12:21:53+05:30,53084.3,0,0.0,0,0.0,0.0,53282.15,53308.4,52783.45,53710.35,0,0.0,0.0,0.0,0.0,-0.01,-1,-1,-0.01,-1,-1,-0.01,-1,-1,-0.01,-1,-1,-0.01,-1,-1,-0.01,-1,-1,-0.01,-1,-1,-0.01,-1,-1,-0.01,-1,-1,-0.01,-1,-1
99926009,2026-05-18 12:21:54+05:30,53083.65,0,0.0,0,0.0,0.0,53282.15,53308.4,52783.45,53710.35,0,0.0,0.0,0.0,0.0,-0.01,-1,-1,-0.01,-1,-1,-0.01,-1,-1,-0.01,-1,-1,-0.01,-1,-1,-0.01,-1,-1,-0.01,-1,-1,-0.01,-1,-1,-0.01,-1,-1,-0.01,-1,-1
99926009,2026-05-18 12:21:54+05:30,53085.8,0,0.0,0,0.0,0.0,53282.15,53308.4,52783.45,53710.35,0,0.0,0.0,0.0,0.0,-0.01,-1,-1,-0.01,-1,-1,-0.01,-1,-1,-0.01,-1,-1,-0.01,-1,-1,-0.01,-1,-1,-0.01,-1,-1,-0.01,-1,-1,-0.01,-1,-1,-0.01,-1,-1
99926009,2026-05-18 12:21:55+05:30,53086.1,0,0.0,0,0.0,0.0,53282.15,53308.4,52783.45,53710.35,0,0.0,0.0,0.0,0.0,-0.01,-1,-1,-0.01,-1,-1,-0.01,-1,-1,-0.01,-1,-1,-0.01,-1,-1,-0.01,-1,-1,-0.01,-1,-1,-0.01,-1,-1,-0.01,-1,-1,-0.01,-1,-1
99926009,2026-05-18 12:21:55+05:30,53082.15,0,0.0,0,0.0,0.0,53282.15,53308.4,52783.45,53710.35,0,0.0,0.0,0.0,0.0,-0.01,-1,-1,-0.01,-1,-1,-0.01,-1,-1,-0.01,-1,-1,-0.01,-1,-1,-0.01,-1,-1,-0.01,-1,-1,-0.01,-1,-1,-0.01,-1,-1,-0.01,-1,-1
99926009,2026-05-18 12:21:56+05:30,53083.5,0,0.0,0,0.0,0.0,53282.15,53308.4,52783.45,53710.35,0,0.0,0.0,0.0,0.0,-0.01,-1,-1,-0.01,-1,-1,-0.01,-1,-1,-0.01,-1,-1,-0.01,-1,-1,-0.01,-1,-1,-0.01,-1,-1,-0.01,-1,-1,-0.01,-1,-1,-0.01,-1,-1
99926009,2026-05-18 12:21:56+05:30,53081.7,0,0.0,0,0.0,0.0,53282.15,53308.4,52783.45,53710.35,0,0.0,0.0,0.0,0.0,-0.01,-1,-1,-0.01,-1,-1,-0.01,-1,-1,-0.01,-1,-1,-0.01,-1,-1,-0.01,-1,-1,-0.01,-1,-1,-0.01,-1,-1,-0.01,-1,-1,-0.01,-1,-1
99926009,2026-05-18 12:21:57+05:30,53082.3,0,0.0,0,0.0,0.0,53282.15,53308.4,52783.45,53710.35,0,0.0,0.0,0.0,0.0,-0.01,-1,-1,-0.01,-1,-1,-0.01,-1,-1,-0.01,-1,-1,-0.01,-1,-1,-0.01,-1,-1,-0.01,-1,-1,-0.01,-1,-1,-0.01,-1,-1,-0.01,-1,-1
99926009,2026-05-18 12:21:57+05:30,53084.5,0,0.0,0,0.0,0.0,53282.15,53308.4,52783.45,53710.35,0,0.0,0.0,0.0,0.0,-0.01,-1,-1,-0.01,-1,-1,-0.01,-1,-1,-0.01,-1,-1,-0.01,-1,-1,-0.01,-1,-1,-0.01,-1,-1,-0.01,-1,-1,-0.01,-1,-1,-0.01,-1,-1
99926009,2026-05-18 12:21:58+05:30,53081.05,0,0.0,0,0.0,0.0,53282.15,53308.4,52783.45,53710.35,0,0.0,0.0,0.0,0.0,-0.01,-1,-1,-0.01,-1,-1,-0.01,-1,-1,-0.01,-1,-1,-0.01,-1,-1,-0.01,-1,-1,-0.01,-1,-1,-0.01,-1,-1,-0.01,-1,-1,-0.01,-1,-1
99926009,2026-05-18 12:21:58+05:30,53081.15,0,0.0,0,0.0,0.0,53282.15,53308.4,52783.45,53710.35,0,0.0,0.0,0.0,0.0,-0.01,-1,-1,-0.01,-1,-1,-0.01,-1,-1,-0.01,-1,-1,-0.01,-1,-1,-0.01,-1,-1,-0.01,-1,-1,-0.01,-1,-1,-0.01,-1,-1,-0.01,-1,-1
99926009,2026-05-18 12:21:59+05:30,53082.3,0,0.0,0,0.0,0.0,53282.15,53308.4,52783.45,53710.35,0,0.0,0.0,0.0,0.0,-0.01,-1,-1,-0.01,-1,-1,-0.01,-1,-1,-0.01,-1,-1,-0.01,-1,-1,-0.01,-1,-1,-0.01,-1,-1,-0.01,-1,-1,-0.01,-1,-1,-0.01,-1,-1
99926009,2026-05-18 12:21:59+05:30,53079.4,0,0.0,0,0.0,0.0,53282.15,53308.4,52783.45,53710.35,0,0.0,0.0,0.0,0.0,-0.01,-1,-1,-0.01,-1,-1,-0.01,-1,-1,-0.01,-1,-1,-0.01,-1,-1,-0.01,-1,-1,-0.01,-1,-1,-0.01,-1,-1,-0.01,-1,-1,-0.01,-1,-1
99926009,2026-05-18 12:22:00+05:30,53080.55,0,0.0,0,0.0,0.0,53282.15,53308.4,52783.45,53710.35,0,0.0,0.0,0.0,0.0,-0.01,-1,-1,-0.01,-1,-1,-0.01,-1,-1,-0.01,-1,-1,-0.01,-1,-1,-0.01,-1,-1,-0.01,-1,-1,-0.01,-1,-1,-0.01,-1,-1,-0.01,-1,-1
99926009,2026-05-18 12:22:00+05:30,53081.2,0,0.0,0,0.0,0.0,53282.15,53308.4,52783.45,53710.35,0,0.0,0.0,0.0,0.0,-0.01,-1,-1,-0.01,-1,-1,-0.01,-1,-1,-0.01,-1,-1,-0.01,-1,-1,-0.01,-1,-1,-0.01,-1,-1,-0.01,-1,-1,-0.01,-1,-1,-0.01,-1,-1
99926009,2026-05-18 12:22:01+05:30,53081.95,0,0.0,0,0.0,0.0,53282.15,53308.4,52783.45,53710.35,0,0.0,0.0,0.0,0.0,-0.01,-1,-1,-0.01,-1,-1,-0.01,-1,-1,-0.01,-1,-1,-0.01,-1,-1,-0.01,-1,-1,-0.01,-1,-1,-0.01,-1,-1,-0.01,-1,-1,-0.01,-1,-1
99926009,2026-05-18 12:22:01+05:30,53083.2,0,0.0,0,0.0,0.0,53282.15,53308.4,52783.45,53710.35,0,0.0,0.0,0.0,0.0,-0.01,-1,-1,-0.01,-1,-1,-0.01,-1,-1,-0.01,-1,-1,-0.01,-1,-1,-0.01,-1,-1,-0.01,-1,-1,-0.01,-1,-1,-0.01,-1,-1,-0.01,-1,-1
99926009,2026-05-18 12:22:02+05:30,53081.5,0,0.0,0,0.0,0.0,53282.15,53308.4,52783.45,53710.35,0,0.0,0.0,0.0,0.0,-0.01,-1,-1,-0.01,-1,-1,-0.01,-1,-1,-0.01,-1,-1,-0.01,-1,-1,-0.01,-1,-1,-0.01,-1,-1,-0.01,-1,-1,-0.01,-1,-1,-0.01,-1,-1
99926009,2026-05-18 12:22:02+05:30,53080.2,0,0.0,0,0.0,0.0,53282.15,53308.4,52783.45,53710.35,0,0.0,0.0,0.0,0.0,-0.01,-1,-1,-0.01,-1,-1,-0.01,-1,-1,-0.01,-1,-1,-0.01,-1,-1,-0.01,-1,-1,-0.01,-1,-1,-0.01,-1,-1,-0.01,-1,-1,-0.01,-1,-1
99926009,2026-05-18 12:22:03+05:30,53081.2,0,0.0,0,0.0,0.0,53282.15,53308.4,52783.45,53710.35,0,0.0,0.0,0.0,0.0,-0.01,-1,-1,-0.01,-1,-1,-0.01,-1,-1,-0.01,-1,-1,-0.01,-1,-1,-0.01,-1,-1,-0.01,-1,-1,-0.01,-1,-1,-0.01,-1,-1,-0.01,-1,-1
99926009,2026-05-18 12:22:03+05:30,53082.2,0,0.0,0,0.0,0.0,53282.15,53308.4,52783.45,53710.35,0,0.0,0.0,0.0,0.0,-0.01,-1,-1,-0.01,-1,-1,-0.01,-1,-1,-0.01,-1,-1,-0.01,-1,-1,-0.01,-1,-1,-0.01,-1,-1,-0.01,-1,-1,-0.01,-1,-1,-0.01,-1,-1
99926009,2026-05-18 12:22:04+05:30,53083.6,0,0.0,0,0.0,0.0,53282.15,53308.4,52783.45,53710.35,0,0.0,0.0,0.0,0.0,-0.01,-1,-1,-0.01,-1,-1,-0.01,-1,-1,-0.01,-1,-1,-0.01,-1,-1,-0.01,-1,-1,-0.01,-1,-1,-0.01,-1,-1,-0.01,-1,-1,-0.01,-1,-1
99926009,2026-05-18 12:22:04+05:30,53082.6,0,0.0,0,0.0,0.0,53282.15,53308.4,52783.45,53710.35,0,0.0,0.0,0.0,0.0,-0.01,-1,-1,-0.01,-1,-1,-0.01,-1,-1,-0.01,-1,-1,-0.01,-1,-1,-0.01,-1,-1,-0.01,-1,-1,-0.01,-1,-1,-0.01,-1,-1,-0.01,-1,-1
99926009,2026-05-18 12:22:05+05:30,53084.55,0,0.0,0,0.0,0.0,53282.15,53308.4,52783.45,53710.35,0,0.0,0.0,0.0,0.0,-0.01,-1,-1,-0.01,-1,-1,-0.01,-1,-1,-0.01,-1,-1,-0.01,-1,-1,-0.01,-1,-1,-0.01,-1,-1,-0.01,-1,-1,-0.01,-1,-1,-0.01,-1,-1
99926009,2026-05-18 12:22:05+05:30,53083.5,0,0.0,0,0.0,0.0,53282.15,53308.4,52783.45,53710.35,0,0.0,0.0,0.0,0.0,-0.01,-1,-1,-0.01,-1,-1,-0.01,-1,-1,-0.01,-1,-1,-0.01,-1,-1,-0.01,-1,-1,-0.01,-1,-1,-0.01,-1,-1,-0.01,-1,-1,-0.01,-1,-1
99926009,2026-05-18 12:22:06+05:30,53085.2,0,0.0,0,0.0,0.0,53282.15,53308.4,52783.45,53710.35,0,0.0,0.0,0.0,0.0,-0.01,-1,-1,-0.01,-1,-1,-0.01,-1,-1,-0.01,-1,-1,-0.01,-1,-1,-0.01,-1,-1,-0.01,-1,-1,-0.01,-1,-1,-0.01,-1,-1,-0.01,-1,-1
99926009,2026-05-18 12:22:06+05:30,53086.05,0,0.0,0,0.0,0.0,53282.15,53308.4,52783.45,53710.35,0,0.0,0.0,0.0,0.0,-0.01,-1,-1,-0.01,-1,-1,-0.01,-1,-1,-0.01,-1,-1,-0.01,-1,-1,-0.01,-1,-1,-0.01,-1,-1,-0.01,-1,-1,-0.01,-1,-1,-0.01,-1,-1
99926009,2026-05-18 12:22:07+05:30,53084.3,0,0.0,0,0.0,0.0,53282.15,53308.4,52783.45,53710.35,0,0.0,0.0,0.0,0.0,-0.01,-1,-1,-0.01,-1,-1,-0.01,-1,-1,-0.01,-1,-1,-0.01,-1,-1,-0.01,-1,-1,-0.01,-1,-1,-0.01,-1,-1,-0.01,-1,-1,-0.01,-1,-1
99926009,2026-05-18 12:22:07+05:30,53085.8,0,0.0,0,0.0,0.0,53282.15,53308.4,52783.45,53710.35,0,0.0,0.0,0.0,0.0,-0.01,-1,-1,-0.01,-1,-1,-0.01,-1,-1,-0.01,-1,-1,-0.01,-1,-1,-0.01,-1,-1,-0.01,-1,-1,-0.01,-1,-1,-0.01,-1,-1,-0.01,-1,-1
99926009,2026-05-18 12:22:08+05:30,53084.4,0,0.0,0,0.0,0.0,53282.15,53308.4,52783.45,53710.35,0,0.0,0.0,0.0,0.0,-0.01,-1,-1,-0.01,-1,-1,-0.01,-1,-1,-0.01,-1,-1,-0.01,-1,-1,-0.01,-1,-1,-0.01,-1,-1,-0.01,-1,-1,-0.01,-1,-1,-0.01,-1,-1
99926009,2026-05-18 12:22:08+05:30,53082.5,0,0.0,0,0.0,0.0,53282.15,53308.4,52783.45,53710.35,0,0.0,0.0,0.0,0.0,-0.01,-1,-1,-0.01,-1,-1,-0.01,-1,-1,-0.01,-1,-1,-0.01,-1,-1,-0.01,-1,-1,-0.01,-1,-1,-0.01,-1,-1,-0.01,-1,-1,-0.01,-1,-1
99926009,2026-05-18 12:22:09+05:30,53083.0,0,0.0,0,0.0,0.0,53282.15,53308.4,52783.45,53710.35,0,0.0,0.0,0.0,0.0,-0.01,-1,-1,-0.01,-1,-1,-0.01,-1,-1,-0.01,-1,-1,-0.01,-1,-1,-0.01,-1,-1,-0.01,-1,-1,-0.01,-1,-1,-0.01,-1,-1,-0.01,-1,-1
99926009,2026-05-18 12:22:09+05:30,53083.35,0,0.0,0,0.0,0.0,53282.15,53308.4,52783.45,53710.35,0,0.0,0.0,0.0,0.0,-0.01,-1,-1,-0.01,-1,-1,-0.01,-1,-1,-0.01,-1,-1,-0.01,-1,-1,-0.01,-1,-1,-0.01,-1,-1,-0.01,-1,-1,-0.01,-1,-1,-0.01,-1,-1
99926009,2026-05-18 12:22:10+05:30,53085.8,0,0.0,0,0.0,0.0,53282.15,53308.4,52783.45,53710.35,0,0.0,0.0,0.0,0.0,-0.01,-1,-1,-0.01,-1,-1,-0.01,-1,-1,-0.01,-1,-1,-0.01,-1,-1,-0.01,-1,-1,-0.01,-1,-1,-0.01,-1,-1,-0.01,-1,-1,-0.01,-1,-1
99926009,2026-05-18 12:22:10+05:30,53084.45,0,0.0,0,0.0,0.0,53282.15,53308.4,52783.45,53710.35,0,0.0,0.0,0.0,0.0,-0.01,-1,-1,-0.01,-1,-1,-0.01,-1,-1,-0.01,-1,-1,-0.01,-1,-1,-0.01,-1,-1,-0.01,-1,-1,-0.01,-1,-1,-0.01,-1,-1,-0.01,-1,-1
99926009,2026-05-18 12:22:11+05:30,53087.25,0,0.0,0,0.0,0.0,53282.15,53308.4,52783.45,53710.35,0,0.0,0.0,0.0,0.0,-0.01,-1,-1,-0.01,-1,-1,-0.01,-1,-1,-0.01,-1,-1,-0.01,-1,-1,-0.01,-1,-1,-0.01,-1,-1,-0.01,-1,-1,-0.01,-1,-1,-0.01,-1,-1
99926009,2026-05-18 12:22:11+05:30,53087.25,0,0.0,0,0.0,0.0,53282.15,53308.4,52783.45,53710.35,0,0.0,0.0,0.0,0.0,-0.01,-1,-1,-0.01,-1,-1,-0.01,-1,-1,-0.01,-1,-1,-0.01,-1,-1,-0.01,-1,-1,-0.01,-1,-1,-0.01,-1,-1,-0.01,-1,-1,-0.01,-1,-1
99926009,2026-05-18 12:22:12+05:30,53089.95,0,0.0,0,0.0,0.0,53282.15,53308.4,52783.45,53710.35,0,0.0,0.0,0.0,0.0,-0.01,-1,-1,-0.01,-1,-1,-0.01,-1,-1,-0.01,-1,-1,-0.01,-1,-1,-0.01,-1,-1,-0.01,-1,-1,-0.01,-1,-1,-0.01,-1,-1,-0.01,-1,-1
99926009,2026-05-18 12:22:12+05:30,53090.2,0,0.0,0,0.0,0.0,53282.15,53308.4,52783.45,53710.35,0,0.0,0.0,0.0,0.0,-0.01,-1,-1,-0.01,-1,-1,-0.01,-1,-1,-0.01,-1,-1,-0.01,-1,-1,-0.01,-1,-1,-0.01,-1,-1,-0.01,-1,-1,-0.01,-1,-1,-0.01,-1,-1
99926009,2026-05-18 12:22:13+05:30,53095.45,0,0.0,0,0.0,0.0,53282.15,53308.4,52783.45,53710.35,0,0.0,0.0,0.0,0.0,-0.01,-1,-1,-0.01,-1,-1,-0.01,-1,-1,-0.01,-1,-1,-0.01,-1,-1,-0.01,-1,-1,-0.01,-1,-1,-0.01,-1,-1,-0.01,-1,-1,-0.01,-1,-1
99926009,2026-05-18 12:22:13+05:30,53096.2,0,0.0,0,0.0,0.0,53282.15,53308.4,52783.45,53710.35,0,0.0,0.0,0.0,0.0,-0.01,-1,-1,-0.01,-1,-1,-0.01,-1,-1,-0.01,-1,-1,-0.01,-1,-1,-0.01,-1,-1,-0.01,-1,-1,-0.01,-1,-1,-0.01,-1,-1,-0.01,-1,-1
99926009,2026-05-18 12:22:14+05:30,53098.2,0,0.0,0,0.0,0.0,53282.15,53308.4,52783.45,53710.35,0,0.0,0.0,0.0,0.0,-0.01,-1,-1,-0.01,-1,-1,-0.01,-1,-1,-0.01,-1,-1,-0.01,-1,-1,-0.01,-1,-1,-0.01,-1,-1,-0.01,-1,-1,-0.01,-1,-1,-0.01,-1,-1
99926009,2026-05-18 12:22:14+05:30,53098.85,0,0.0,0,0.0,0.0,53282.15,53308.4,52783.45,53710.35,0,0.0,0.0,0.0,0.0,-0.01,-1,-1,-0.01,-1,-1,-0.01,-1,-1,-0.01,-1,-1,-0.01,-1,-1,-0.01,-1,-1,-0.01,-1,-1,-0.01,-1,-1,-0.01,-1,-1,-0.01,-1,-1
99926009,2026-05-18 12:22:15+05:30,53098.65,0,0.0,0,0.0,0.0,53282.15,53308.4,52783.45,53710.35,0,0.0,0.0,0.0,0.0,-0.01,-1,-1,-0.01,-1,-1,-0.01,-1,-1,-0.01,-1,-1,-0.01,-1,-1,-0.01,-1,-1,-0.01,-1,-1,-0.01,-1,-1,-0.01,-1,-1,-0.01,-1,-1
99926009,2026-05-18 12:22:15+05:30,53098.85,0,0.0,0,0.0,0.0,53282.15,53308.4,52783.45,53710.35,0,0.0,0.0,0.0,0.0,-0.01,-1,-1,-0.01,-1,-1,-0.01,-1,-1,-0.01,-1,-1,-0.01,-1,-1,-0.01,-1,-1,-0.01,-1,-1,-0.01,-1,-1,-0.01,-1,-1,-0.01,-1,-1
99926009,2026-05-18 12:22:16+05:30,53097.95,0,0.0,0,0.0,0.0,53282.15,53308.4,52783.45,53710.35,0,0.0,0.0,0.0,0.0,-0.01,-1,-1,-0.01,-1,-1,-0.01,-1,-1,-0.01,-1,-1,-0.01,-1,-1,-0.01,-1,-1,-0.01,-1,-1,-0.01,-1,-1,-0.01,-1,-1,-0.01,-1,-1
99926009,2026-05-18 12:22:16+05:30,53097.5,0,0.0,0,0.0,0.0,53282.15,53308.4,52783.45,53710.35,0,0.0,0.0,0.0,0.0,-0.01,-1,-1,-0.01,-1,-1,-0.01,-1,-1,-0.01,-1,-1,-0.01,-1,-1,-0.01,-1,-1,-0.01,-1,-1,-0.01,-1,-1,-0.01,-1,-1,-0.01,-1,-1
99926009,2026-05-18 12:22:17+05:30,53099.75,0,0.0,0,0.0,0.0,53282.15,53308.4,52783.45,53710.35,0,0.0,0.0,0.0,0.0,-0.01,-1,-1,-0.01,-1,-1,-0.01,-1,-1,-0.01,-1,-1,-0.01,-1,-1,-0.01,-1,-1,-0.01,-1,-1,-0.01,-1,-1,-0.01,-1,-1,-0.01,-1,-1
99926009,2026-05-18 12:22:17+05:30,53097.8,0,0.0,0,0.0,0.0,53282.15,53308.4,52783.45,53710.35,0,0.0,0.0,0.0,0.0,-0.01,-1,-1,-0.01,-1,-1,-0.01,-1,-1,-0.01,-1,-1,-0.01,-1,-1,-0.01,-1,-1,-0.01,-1,-1,-0.01,-1,-1,-0.01,-1,-1,-0.01,-1,-1
99926009,2026-05-18 12:22:18+05:30,53096.95,0,0.0,0,0.0,0.0,53282.15,53308.4,52783.45,53710.35,0,0.0,0.0,0.0,0.0,-0.01,-1,-1,-0.01,-1,-1,-0.01,-1,-1,-0.01,-1,-1,-0.01,-1,-1,-0.01,-1,-1,-0.01,-1,-1,-0.01,-1,-1,-0.01,-1,-1,-0.01,-1,-1
99926009,2026-05-18 12:22:18+05:30,53097.85,0,0.0,0,0.0,0.0,53282.15,53308.4,52783.45,53710.35,0,0.0,0.0,0.0,0.0,-0.01,-1,-1,-0.01,-1,-1,-0.01,-1,-1,-0.01,-1,-1,-0.01,-1,-1,-0.01,-1,-1,-0.01,-1,-1,-0.01,-1,-1,-0.01,-1,-1,-0.01,-1,-1
99926009,2026-05-18 12:22:19+05:30,53097.4,0,0.0,0,0.0,0.0,53282.15,53308.4,52783.45,53710.35,0,0.0,0.0,0.0,0.0,-0.01,-1,-1,-0.01,-1,-1,-0.01,-1,-1,-0.01,-1,-1,-0.01,-1,-1,-0.01,-1,-1,-0.01,-1,-1,-0.01,-1,-1,-0.01,-1,-1,-0.01,-1,-1
99926009,2026-05-18 12:22:19+05:30,53096.85,0,0.0,0,0.0,0.0,53282.15,53308.4,52783.45,53710.35,0,0.0,0.0,0.0,0.0,-0.01,-1,-1,-0.01,-1,-1,-0.01,-1,-1,-0.01,-1,-1,-0.01,-1,-1,-0.01,-1,-1,-0.01,-1,-1,-0.01,-1,-1,-0.01,-1,-1,-0.01,-1,-1
99926009,2026-05-18 12:22:20+05:30,53100.4,0,0.0,0,0.0,0.0,53282.15,53308.4,52783.45,53710.35,0,0.0,0.0,0.0,0.0,-0.01,-1,-1,-0.01,-1,-1,-0.01,-1,-1,-0.01,-1,-1,-0.01,-1,-1,-0.01,-1,-1,-0.01,-1,-1,-0.01,-1,-1,-0.01,-1,-1,-0.01,-1,-1
99926009,2026-05-18 12:22:20+05:30,53097.3,0,0.0,0,0.0,0.0,53282.15,53308.4,52783.45,53710.35,0,0.0,0.0,0.0,0.0,-0.01,-1,-1,-0.01,-1,-1,-0.01,-1,-1,-0.01,-1,-1,-0.01,-1,-1,-0.01,-1,-1,-0.01,-1,-1,-0.01,-1,-1,-0.01,-1,-1,-0.01,-1,-1
99926009,2026-05-18 12:22:21+05:30,53099.85,0,0.0,0,0.0,0.0,53282.15,53308.4,52783.45,53710.35,0,0.0,0.0,0.0,0.0,-0.01,-1,-1,-0.01,-1,-1,-0.01,-1,-1,-0.01,-1,-1,-0.01,-1,-1,-0.01,-1,-1,-0.01,-1,-1,-0.01,-1,-1,-0.01,-1,-1,-0.01,-1,-1
99926009,2026-05-18 12:22:21+05:30,53100.4,0,0.0,0,0.0,0.0,53282.15,53308.4,52783.45,53710.35,0,0.0,0.0,0.0,0.0,-0.01,-1,-1,-0.01,-1,-1,-0.01,-1,-1,-0.01,-1,-1,-0.01,-1,-1,-0.01,-1,-1,-0.01,-1,-1,-0.01,-1,-1,-0.01,-1,-1,-0.01,-1,-1
99926009,2026-05-18 12:22:22+05:30,53100.1,0,0.0,0,0.0,0.0,53282.15,53308.4,52783.45,53710.35,0,0.0,0.0,0.0,0.0,-0.01,-1,-1,-0.01,-1,-1,-0.01,-1,-1,-0.01,-1,-1,-0.01,-1,-1,-0.01,-1,-1,-0.01,-1,-1,-0.01,-1,-1,-0.01,-1,-1,-0.01,-1,-1
99926009,2026-05-18 12:22:22+05:30,53096.7,0,0.0,0,0.0,0.0,53282.15,53308.4,52783.45,53710.35,0,0.0,0.0,0.0,0.0,-0.01,-1,-1,-0.01,-1,-1,-0.01,-1,-1,-0.01,-1,-1,-0.01,-1,-1,-0.01,-1,-1,-0.01,-1,-1,-0.01,-1,-1,-0.01,-1,-1,-0.01,-1,-1
99926009,2026-05-18 12:22:23+05:30,53098.95,0,0.0,0,0.0,0.0,53282.15,53308.4,52783.45,53710.35,0,0.0,0.0,0.0,0.0,-0.01,-1,-1,-0.01,-1,-1,-0.01,-1,-1,-0.01,-1,-1,-0.01,-1,-1,-0.01,-1,-1,-0.01,-1,-1,-0.01,-1,-1,-0.01,-1,-1,-0.01,-1,-1
99926009,2026-05-18 12:22:23+05:30,53097.95,0,0.0,0,0.0,0.0,53282.15,53308.4,52783.45,53710.35,0,0.0,0.0,0.0,0.0,-0.01,-1,-1,-0.01,-1,-1,-0.01,-1,-1,-0.01,-1,-1,-0.01,-1,-1,-0.01,-1,-1,-0.01,-1,-1,-0.01,-1,-1,-0.01,-1,-1,-0.01,-1,-1
99926009,2026-05-18 12:22:24+05:30,53093.95,0,0.0,0,0.0,0.0,53282.15,53308.4,52783.45,53710.35,0,0.0,0.0,0.0,0.0,-0.01,-1,-1,-0.01,-1,-1,-0.01,-1,-1,-0.01,-1,-1,-0.01,-1,-1,-0.01,-1,-1,-0.01,-1,-1,-0.01,-1,-1,-0.01,-1,-1,-0.01,-1,-1
99926009,2026-05-18 12:22:24+05:30,53096.6,0,0.0,0,0.0,0.0,53282.15,53308.4,52783.45,53710.35,0,0.0,0.0,0.0,0.0,-0.01,-1,-1,-0.01,-1,-1,-0.01,-1,-1,-0.01,-1,-1,-0.01,-1,-1,-0.01,-1,-1,-0.01,-1,-1,-0.01,-1,-1,-0.01,-1,-1,-0.01,-1,-1
99926009,2026-05-18 12:22:25+05:30,53099.25,0,0.0,0,0.0,0.0,53282.15,53308.4,52783.45,53710.35,0,0.0,0.0,0.0,0.0,-0.01,-1,-1,-0.01,-1,-1,-0.01,-1,-1,-0.01,-1,-1,-0.01,-1,-1,-0.01,-1,-1,-0.01,-1,-1,-0.01,-1,-1,-0.01,-1,-1,-0.01,-1,-1
99926009,2026-05-18 12:22:25+05:30,53102.05,0,0.0,0,0.0,0.0,53282.15,53308.4,52783.45,53710.35,0,0.0,0.0,0.0,0.0,-0.01,-1,-1,-0.01,-1,-1,-0.01,-1,-1,-0.01,-1,-1,-0.01,-1,-1,-0.01,-1,-1,-0.01,-1,-1,-0.01,-1,-1,-0.01,-1,-1,-0.01,-1,-1
99926009,2026-05-18 12:22:26+05:30,53102.05,0,0.0,0,0.0,0.0,53282.15,53308.4,52783.45,53710.35,0,0.0,0.0,0.0,0.0,-0.01,-1,-1,-0.01,-1,-1,-0.01,-1,-1,-0.01,-1,-1,-0.01,-1,-1,-0.01,-1,-1,-0.01,-1,-1,-0.01,-1,-1,-0.01,-1,-1,-0.01,-1,-1
99926009,2026-05-18 12:22:26+05:30,53101.45,0,0.0,0,0.0,0.0,53282.15,53308.4,52783.45,53710.35,0,0.0,0.0,0.0,0.0,-0.01,-1,-1,-0.01,-1,-1,-0.01,-1,-1,-0.01,-1,-1,-0.01,-1,-1,-0.01,-1,-1,-0.01,-1,-1,-0.01,-1,-1,-0.01,-1,-1,-0.01,-1,-1
99926009,2026-05-18 12:22:27+05:30,53099.95,0,0.0,0,0.0,0.0,53282.15,53308.4,52783.45,53710.35,0,0.0,0.0,0.0,0.0,-0.01,-1,-1,-0.01,-1,-1,-0.01,-1,-1,-0.01,-1,-1,-0.01,-1,-1,-0.01,-1,-1,-0.01,-1,-1,-0.01,-1,-1,-0.01,-1,-1,-0.01,-1,-1
99926009,2026-05-18 12:22:27+05:30,53098.55,0,0.0,0,0.0,0.0,53282.15,53308.4,52783.45,53710.35,0,0.0,0.0,0.0,0.0,-0.01,-1,-1,-0.01,-1,-1,-0.01,-1,-1,-0.01,-1,-1,-0.01,-1,-1,-0.01,-1,-1,-0.01,-1,-1,-0.01,-1,-1,-0.01,-1,-1,-0.01,-1,-1
99926009,2026-05-18 12:22:28+05:30,53099.15,0,0.0,0,0.0,0.0,53282.15,53308.4,52783.45,53710.35,0,0.0,0.0,0.0,0.0,-0.01,-1,-1,-0.01,-1,-1,-0.01,-1,-1,-0.01,-1,-1,-0.01,-1,-1,-0.01,-1,-1,-0.01,-1,-1,-0.01,-1,-1,-0.01,-1,-1,-0.01,-1,-1
99926009,2026-05-18 12:22:28+05:30,53097.9,0,0.0,0,0.0,0.0,53282.15,53308.4,52783.45,53710.35,0,0.0,0.0,0.0,0.0,-0.01,-1,-1,-0.01,-1,-1,-0.01,-1,-1,-0.01,-1,-1,-0.01,-1,-1,-0.01,-1,-1,-0.01,-1,-1,-0.01,-1,-1,-0.01,-1,-1,-0.01,-1,-1
99926009,2026-05-18 12:22:29+05:30,53096.5,0,0.0,0,0.0,0.0,53282.15,53308.4,52783.45,53710.35,0,0.0,0.0,0.0,0.0,-0.01,-1,-1,-0.01,-1,-1,-0.01,-1,-1,-0.01,-1,-1,-0.01,-1,-1,-0.01,-1,-1,-0.01,-1,-1,-0.01,-1,-1,-0.01,-1,-1,-0.01,-1,-1
99926009,2026-05-18 12:22:29+05:30,53095.0,0,0.0,0,0.0,0.0,53282.15,53308.4,52783.45,53710.35,0,0.0,0.0,0.0,0.0,-0.01,-1,-1,-0.01,-1,-1,-0.01,-1,-1,-0.01,-1,-1,-0.01,-1,-1,-0.01,-1,-1,-0.01,-1,-1,-0.01,-1,-1,-0.01,-1,-1,-0.01,-1,-1
99926009,2026-05-18 12:22:30+05:30,53098.65,0,0.0,0,0.0,0.0,53282.15,53308.4,52783.45,53710.35,0,0.0,0.0,0.0,0.0,-0.01,-1,-1,-0.01,-1,-1,-0.01,-1,-1,-0.01,-1,-1,-0.01,-1,-1,-0.01,-1,-1,-0.01,-1,-1,-0.01,-1,-1,-0.01,-1,-1,-0.01,-1,-1
99926009,2026-05-18 12:22:30+05:30,53095.3,0,0.0,0,0.0,0.0,53282.15,53308.4,52783.45,53710.35,0,0.0,0.0,0.0,0.0,-0.01,-1,-1,-0.01,-1,-1,-0.01,-1,-1,-0.01,-1,-1,-0.01,-1,-1,-0.01,-1,-1,-0.01,-1,-1,-0.01,-1,-1,-0.01,-1,-1,-0.01,-1,-1
99926009,2026-05-18 12:22:31+05:30,53096.45,0,0.0,0,0.0,0.0,53282.15,53308.4,52783.45,53710.35,0,0.0,0.0,0.0,0.0,-0.01,-1,-1,-0.01,-1,-1,-0.01,-1,-1,-0.01,-1,-1,-0.01,-1,-1,-0.01,-1,-1,-0.01,-1,-1,-0.01,-1,-1,-0.01,-1,-1,-0.01,-1,-1
99926009,2026-05-18 12:22:31+05:30,53096.6,0,0.0,0,0.0,0.0,53282.15,53308.4,52783.45,53710.35,0,0.0,0.0,0.0,0.0,-0.01,-1,-1,-0.01,-1,-1,-0.01,-1,-1,-0.01,-1,-1,-0.01,-1,-1,-0.01,-1,-1,-0.01,-1,-1,-0.01,-1,-1,-0.01,-1,-1,-0.01,-1,-1
99926009,2026-05-18 12:22:32+05:30,53095.55,0,0.0,0,0.0,0.0,53282.15,53308.4,52783.45,53710.35,0,0.0,0.0,0.0,0.0,-0.01,-1,-1,-0.01,-1,-1,-0.01,-1,-1,-0.01,-1,-1,-0.01,-1,-1,-0.01,-1,-1,-0.01,-1,-1,-0.01,-1,-1,-0.01,-1,-1,-0.01,-1,-1
99926009,2026-05-18 12:22:32+05:30,53095.9,0,0.0,0,0.0,0.0,53282.15,53308.4,52783.45,53710.35,0,0.0,0.0,0.0,0.0,-0.01,-1,-1,-0.01,-1,-1,-0.01,-1,-1,-0.01,-1,-1,-0.01,-1,-1,-0.01,-1,-1,-0.01,-1,-1,-0.01,-1,-1,-0.01,-1,-1,-0.01,-1,-1
99926009,2026-05-18 12:22:33+05:30,53096.7,0,0.0,0,0.0,0.0,53282.15,53308.4,52783.45,53710.35,0,0.0,0.0,0.0,0.0,-0.01,-1,-1,-0.01,-1,-1,-0.01,-1,-1,-0.01,-1,-1,-0.01,-1,-1,-0.01,-1,-1,-0.01,-1,-1,-0.01,-1,-1,-0.01,-1,-1,-0.01,-1,-1
99926009,2026-05-18 12:22:33+05:30,53096.25,0,0.0,0,0.0,0.0,53282.15,53308.4,52783.45,53710.35,0,0.0,0.0,0.0,0.0,-0.01,-1,-1,-0.01,-1,-1,-0.01,-1,-1,-0.01,-1,-1,-0.01,-1,-1,-0.01,-1,-1,-0.01,-1,-1,-0.01,-1,-1,-0.01,-1,-1,-0.01,-1,-1
99926009,2026-05-18 12:22:34+05:30,53097.6,0,0.0,0,0.0,0.0,53282.15,53308.4,52783.45,53710.35,0,0.0,0.0,0.0,0.0,-0.01,-1,-1,-0.01,-1,-1,-0.01,-1,-1,-0.01,-1,-1,-0.01,-1,-1,-0.01,-1,-1,-0.01,-1,-1,-0.01,-1,-1,-0.01,-1,-1,-0.01,-1,-1
99926009,2026-05-18 12:22:34+05:30,53096.5,0,0.0,0,0.0,0.0,53282.15,53308.4,52783.45,53710.35,0,0.0,0.0,0.0,0.0,-0.01,-1,-1,-0.01,-1,-1,-0.01,-1,-1,-0.01,-1,-1,-0.01,-1,-1,-0.01,-1,-1,-0.01,-1,-1,-0.01,-1,-1,-0.01,-1,-1,-0.01,-1,-1
99926009,2026-05-18 12:22:35+05:30,53097.9,0,0.0,0,0.0,0.0,53282.15,53308.4,52783.45,53710.35,0,0.0,0.0,0.0,0.0,-0.01,-1,-1,-0.01,-1,-1,-0.01,-1,-1,-0.01,-1,-1,-0.01,-1,-1,-0.01,-1,-1,-0.01,-1,-1,-0.01,-1,-1,-0.01,-1,-1,-0.01,-1,-1
99926009,2026-05-18 12:22:35+05:30,53099.6,0,0.0,0,0.0,0.0,53282.15,53308.4,52783.45,53710.35,0,0.0,0.0,0.0,0.0,-0.01,-1,-1,-0.01,-1,-1,-0.01,-1,-1,-0.01,-1,-1,-0.01,-1,-1,-0.01,-1,-1,-0.01,-1,-1,-0.01,-1,-1,-0.01,-1,-1,-0.01,-1,-1
99926009,2026-05-18 12:22:36+05:30,53099.55,0,0.0,0,0.0,0.0,53282.15,53308.4,52783.45,53710.35,0,0.0,0.0,0.0,0.0,-0.01,-1,-1,-0.01,-1,-1,-0.01,-1,-1,-0.01,-1,-1,-0.01,-1,-1,-0.01,-1,-1,-0.01,-1,-1,-0.01,-1,-1,-0.01,-1,-1,-0.01,-1,-1
99926009,2026-05-18 12:22:36+05:30,53099.45,0,0.0,0,0.0,0.0,53282.15,53308.4,52783.45,53710.35,0,0.0,0.0,0.0,0.0,-0.01,-1,-1,-0.01,-1,-1,-0.01,-1,-1,-0.01,-1,-1,-0.01,-1,-1,-0.01,-1,-1,-0.01,-1,-1,-0.01,-1,-1,-0.01,-1,-1,-0.01,-1,-1
99926009,2026-05-18 12:22:37+05:30,53099.85,0,0.0,0,0.0,0.0,53282.15,53308.4,52783.45,53710.35,0,0.0,0.0,0.0,0.0,-0.01,-1,-1,-0.01,-1,-1,-0.01,-1,-1,-0.01,-1,-1,-0.01,-1,-1,-0.01,-1,-1,-0.01,-1,-1,-0.01,-1,-1,-0.01,-1,-1,-0.01,-1,-1
99926009,2026-05-18 12:22:37+05:30,53099.9,0,0.0,0,0.0,0.0,53282.15,53308.4,52783.45,53710.35,0,0.0,0.0,0.0,0.0,-0.01,-1,-1,-0.01,-1,-1,-0.01,-1,-1,-0.01,-1,-1,-0.01,-1,-1,-0.01,-1,-1,-0.01,-1,-1,-0.01,-1,-1,-0.01,-1,-1,-0.01,-1,-1
99926009,2026-05-18 12:22:38+05:30,53097.95,0,0.0,0,0.0,0.0,53282.15,53308.4,52783.45,53710.35,0,0.0,0.0,0.0,0.0,-0.01,-1,-1,-0.01,-1,-1,-0.01,-1,-1,-0.01,-1,-1,-0.01,-1,-1,-0.01,-1,-1,-0.01,-1,-1,-0.01,-1,-1,-0.01,-1,-1,-0.01,-1,-1
99926009,2026-05-18 12:22:38+05:30,53098.75,0,0.0,0,0.0,0.0,53282.15,53308.4,52783.45,53710.35,0,0.0,0.0,0.0,0.0,-0.01,-1,-1,-0.01,-1,-1,-0.01,-1,-1,-0.01,-1,-1,-0.01,-1,-1,-0.01,-1,-1,-0.01,-1,-1,-0.01,-1,-1,-0.01,-1,-1,-0.01,-1,-1
99926009,2026-05-18 12:22:39+05:30,53099.55,0,0.0,0,0.0,0.0,53282.15,53308.4,52783.45,53710.35,0,0.0,0.0,0.0,0.0,-0.01,-1,-1,-0.01,-1,-1,-0.01,-1,-1,-0.01,-1,-1,-0.01,-1,-1,-0.01,-1,-1,-0.01,-1,-1,-0.01,-1,-1,-0.01,-1,-1,-0.01,-1,-1
99926009,2026-05-18 12:22:39+05:30,53098.4,0,0.0,0,0.0,0.0,53282.15,53308.4,52783.45,53710.35,0,0.0,0.0,0.0,0.0,-0.01,-1,-1,-0.01,-1,-1,-0.01,-1,-1,-0.01,-1,-1,-0.01,-1,-1,-0.01,-1,-1,-0.01,-1,-1,-0.01,-1,-1,-0.01,-1,-1,-0.01,-1,-1
99926009,2026-05-18 12:22:40+05:30,53098.25,0,0.0,0,0.0,0.0,53282.15,53308.4,52783.45,53710.35,0,0.0,0.0,0.0,0.0,-0.01,-1,-1,-0.01,-1,-1,-0.01,-1,-1,-0.01,-1,-1,-0.01,-1,-1,-0.01,-1,-1,-0.01,-1,-1,-0.01,-1,-1,-0.01,-1,-1,-0.01,-1,-1
99926009,2026-05-18 12:22:40+05:30,53098.95,0,0.0,0,0.0,0.0,53282.15,53308.4,52783.45,53710.35,0,0.0,0.0,0.0,0.0,-0.01,-1,-1,-0.01,-1,-1,-0.01,-1,-1,-0.01,-1,-1,-0.01,-1,-1,-0.01,-1,-1,-0.01,-1,-1,-0.01,-1,-1,-0.01,-1,-1,-0.01,-1,-1
99926009,2026-05-18 12:22:41+05:30,53098.6,0,0.0,0,0.0,0.0,53282.15,53308.4,52783.45,53710.35,0,0.0,0.0,0.0,0.0,-0.01,-1,-1,-0.01,-1,-1,-0.01,-1,-1,-0.01,-1,-1,-0.01,-1,-1,-0.01,-1,-1,-0.01,-1,-1,-0.01,-1,-1,-0.01,-1,-1,-0.01,-1,-1
99926009,2026-05-18 12:22:41+05:30,53099.1,0,0.0,0,0.0,0.0,53282.15,53308.4,52783.45,53710.35,0,0.0,0.0,0.0,0.0,-0.01,-1,-1,-0.01,-1,-1,-0.01,-1,-1,-0.01,-1,-1,-0.01,-1,-1,-0.01,-1,-1,-0.01,-1,-1,-0.01,-1,-1,-0.01,-1,-1,-0.01,-1,-1
99926009,2026-05-18 12:22:42+05:30,53097.05,0,0.0,0,0.0,0.0,53282.15,53308.4,52783.45,53710.35,0,0.0,0.0,0.0,0.0,-0.01,-1,-1,-0.01,-1,-1,-0.01,-1,-1,-0.01,-1,-1,-0.01,-1,-1,-0.01,-1,-1,-0.01,-1,-1,-0.01,-1,-1,-0.01,-1,-1,-0.01,-1,-1
99926009,2026-05-18 12:22:42+05:30,53097.15,0,0.0,0,0.0,0.0,53282.15,53308.4,52783.45,53710.35,0,0.0,0.0,0.0,0.0,-0.01,-1,-1,-0.01,-1,-1,-0.01,-1,-1,-0.01,-1,-1,-0.01,-1,-1,-0.01,-1,-1,-0.01,-1,-1,-0.01,-1,-1,-0.01,-1,-1,-0.01,-1,-1
99926009,2026-05-18 12:22:43+05:30,53096.3,0,0.0,0,0.0,0.0,53282.15,53308.4,52783.45,53710.35,0,0.0,0.0,0.0,0.0,-0.01,-1,-1,-0.01,-1,-1,-0.01,-1,-1,-0.01,-1,-1,-0.01,-1,-1,-0.01,-1,-1,-0.01,-1,-1,-0.01,-1,-1,-0.01,-1,-1,-0.01,-1,-1
99926009,2026-05-18 12:22:43+05:30,53097.15,0,0.0,0,0.0,0.0,53282.15,53308.4,52783.45,53710.35,0,0.0,0.0,0.0,0.0,-0.01,-1,-1,-0.01,-1,-1,-0.01,-1,-1,-0.01,-1,-1,-0.01,-1,-1,-0.01,-1,-1,-0.01,-1,-1,-0.01,-1,-1,-0.01,-1,-1,-0.01,-1,-1
99926009,2026-05-18 12:22:44+05:30,53098.9,0,0.0,0,0.0,0.0,53282.15,53308.4,52783.45,53710.35,0,0.0,0.0,0.0,0.0,-0.01,-1,-1,-0.01,-1,-1,-0.01,-1,-1,-0.01,-1,-1,-0.01,-1,-1,-0.01,-1,-1,-0.01,-1,-1,-0.01,-1,-1,-0.01,-1,-1,-0.01,-1,-1
99926009,2026-05-18 12:22:44+05:30,53096.2,0,0.0,0,0.0,0.0,53282.15,53308.4,52783.45,53710.35,0,0.0,0.0,0.0,0.0,-0.01,-1,-1,-0.01,-1,-1,-0.01,-1,-1,-0.01,-1,-1,-0.01,-1,-1,-0.01,-1,-1,-0.01,-1,-1,-0.01,-1,-1,-0.01,-1,-1,-0.01,-1,-1
99926009,2026-05-18 12:22:45+05:30,53098.9,0,0.0,0,0.0,0.0,53282.15,53308.4,52783.45,53710.35,0,0.0,0.0,0.0,0.0,-0.01,-1,-1,-0.01,-1,-1,-0.01,-1,-1,-0.01,-1,-1,-0.01,-1,-1,-0.01,-1,-1,-0.01,-1,-1,-0.01,-1,-1,-0.01,-1,-1,-0.01,-1,-1
99926009,2026-05-18 12:22:45+05:30,53095.75,0,0.0,0,0.0,0.0,53282.15,53308.4,52783.45,53710.35,0,0.0,0.0,0.0,0.0,-0.01,-1,-1,-0.01,-1,-1,-0.01,-1,-1,-0.01,-1,-1,-0.01,-1,-1,-0.01,-1,-1,-0.01,-1,-1,-0.01,-1,-1,-0.01,-1,-1,-0.01,-1,-1
99926009,2026-05-18 12:22:46+05:30,53098.05,0,0.0,0,0.0,0.0,53282.15,53308.4,52783.45,53710.35,0,0.0,0.0,0.0,0.0,-0.01,-1,-1,-0.01,-1,-1,-0.01,-1,-1,-0.01,-1,-1,-0.01,-1,-1,-0.01,-1,-1,-0.01,-1,-1,-0.01,-1,-1,-0.01,-1,-1,-0.01,-1,-1
99926009,2026-05-18 12:22:46+05:30,53097.35,0,0.0,0,0.0,0.0,53282.15,53308.4,52783.45,53710.35,0,0.0,0.0,0.0,0.0,-0.01,-1,-1,-0.01,-1,-1,-0.01,-1,-1,-0.01,-1,-1,-0.01,-1,-1,-0.01,-1,-1,-0.01,-1,-1,-0.01,-1,-1,-0.01,-1,-1,-0.01,-1,-1
99926009,2026-05-18 12:22:47+05:30,53096.65,0,0.0,0,0.0,0.0,53282.15,53308.4,52783.45,53710.35,0,0.0,0.0,0.0,0.0,-0.01,-1,-1,-0.01,-1,-1,-0.01,-1,-1,-0.01,-1,-1,-0.01,-1,-1,-0.01,-1,-1,-0.01,-1,-1,-0.01,-1,-1,-0.01,-1,-1,-0.01,-1,-1
99926009,2026-05-18 12:22:47+05:30,53094.5,0,0.0,0,0.0,0.0,53282.15,53308.4,52783.45,53710.35,0,0.0,0.0,0.0,0.0,-0.01,-1,-1,-0.01,-1,-1,-0.01,-1,-1,-0.01,-1,-1,-0.01,-1,-1,-0.01,-1,-1,-0.01,-1,-1,-0.01,-1,-1,-0.01,-1,-1,-0.01,-1,-1
99926009,2026-05-18 12:22:48+05:30,53099.1,0,0.0,0,0.0,0.0,53282.15,53308.4,52783.45,53710.35,0,0.0,0.0,0.0,0.0,-0.01,-1,-1,-0.01,-1,-1,-0.01,-1,-1,-0.01,-1,-1,-0.01,-1,-1,-0.01,-1,-1,-0.01,-1,-1,-0.01,-1,-1,-0.01,-1,-1,-0.01,-1,-1
99926009,2026-05-18 12:22:48+05:30,53096.25,0,0.0,0,0.0,0.0,53282.15,53308.4,52783.45,53710.35,0,0.0,0.0,0.0,0.0,-0.01,-1,-1,-0.01,-1,-1,-0.01,-1,-1,-0.01,-1,-1,-0.01,-1,-1,-0.01,-1,-1,-0.01,-1,-1,-0.01,-1,-1,-0.01,-1,-1,-0.01,-1,-1
99926009,2026-05-18 12:22:49+05:30,53096.05,0,0.0,0,0.0,0.0,53282.15,53308.4,52783.45,53710.35,0,0.0,0.0,0.0,0.0,-0.01,-1,-1,-0.01,-1,-1,-0.01,-1,-1,-0.01,-1,-1,-0.01,-1,-1,-0.01,-1,-1,-0.01,-1,-1,-0.01,-1,-1,-0.01,-1,-1,-0.01,-1,-1
99926009,2026-05-18 12:22:49+05:30,53095.7,0,0.0,0,0.0,0.0,53282.15,53308.4,52783.45,53710.35,0,0.0,0.0,0.0,0.0,-0.01,-1,-1,-0.01,-1,-1,-0.01,-1,-1,-0.01,-1,-1,-0.01,-1,-1,-0.01,-1,-1,-0.01,-1,-1,-0.01,-1,-1,-0.01,-1,-1,-0.01,-1,-1
99926009,2026-05-18 12:22:50+05:30,53097.55,0,0.0,0,0.0,0.0,53282.15,53308.4,52783.45,53710.35,0,0.0,0.0,0.0,0.0,-0.01,-1,-1,-0.01,-1,-1,-0.01,-1,-1,-0.01,-1,-1,-0.01,-1,-1,-0.01,-1,-1,-0.01,-1,-1,-0.01,-1,-1,-0.01,-1,-1,-0.01,-1,-1
99926009,2026-05-18 12:22:50+05:30,53097.4,0,0.0,0,0.0,0.0,53282.15,53308.4,52783.45,53710.35,0,0.0,0.0,0.0,0.0,-0.01,-1,-1,-0.01,-1,-1,-0.01,-1,-1,-0.01,-1,-1,-0.01,-1,-1,-0.01,-1,-1,-0.01,-1,-1,-0.01,-1,-1,-0.01,-1,-1,-0.01,-1,-1
99926009,2026-05-18 12:22:51+05:30,53097.4,0,0.0,0,0.0,0.0,53282.15,53308.4,52783.45,53710.35,0,0.0,0.0,0.0,0.0,-0.01,-1,-1,-0.01,-1,-1,-0.01,-1,-1,-0.01,-1,-1,-0.01,-1,-1,-0.01,-1,-1,-0.01,-1,-1,-0.01,-1,-1,-0.01,-1,-1,-0.01,-1,-1
99926009,2026-05-18 12:22:51+05:30,53097.9,0,0.0,0,0.0,0.0,53282.15,53308.4,52783.45,53710.35,0,0.0,0.0,0.0,0.0,-0.01,-1,-1,-0.01,-1,-1,-0.01,-1,-1,-0.01,-1,-1,-0.01,-1,-1,-0.01,-1,-1,-0.01,-1,-1,-0.01,-1,-1,-0.01,-1,-1,-0.01,-1,-1
99926009,2026-05-18 12:22:52+05:30,53097.65,0,0.0,0,0.0,0.0,53282.15,53308.4,52783.45,53710.35,0,0.0,0.0,0.0,0.0,-0.01,-1,-1,-0.01,-1,-1,-0.01,-1,-1,-0.01,-1,-1,-0.01,-1,-1,-0.01,-1,-1,-0.01,-1,-1,-0.01,-1,-1,-0.01,-1,-1,-0.01,-1,-1
99926009,2026-05-18 12:22:52+05:30,53098.4,0,0.0,0,0.0,0.0,53282.15,53308.4,52783.45,53710.35,0,0.0,0.0,0.0,0.0,-0.01,-1,-1,-0.01,-1,-1,-0.01,-1,-1,-0.01,-1,-1,-0.01,-1,-1,-0.01,-1,-1,-0.01,-1,-1,-0.01,-1,-1,-0.01,-1,-1,-0.01,-1,-1
99926009,2026-05-18 12:22:53+05:30,53098.4,0,0.0,0,0.0,0.0,53282.15,53308.4,52783.45,53710.35,0,0.0,0.0,0.0,0.0,-0.01,-1,-1,-0.01,-1,-1,-0.01,-1,-1,-0.01,-1,-1,-0.01,-1,-1,-0.01,-1,-1,-0.01,-1,-1,-0.01,-1,-1,-0.01,-1,-1,-0.01,-1,-1
99926009,2026-05-18 12:22:53+05:30,53098.15,0,0.0,0,0.0,0.0,53282.15,53308.4,52783.45,53710.35,0,0.0,0.0,0.0,0.0,-0.01,-1,-1,-0.01,-1,-1,-0.01,-1,-1,-0.01,-1,-1,-0.01,-1,-1,-0.01,-1,-1,-0.01,-1,-1,-0.01,-1,-1,-0.01,-1,-1,-0.01,-1,-1
99926009,2026-05-18 12:22:54+05:30,53096.8,0,0.0,0,0.0,0.0,53282.15,53308.4,52783.45,53710.35,0,0.0,0.0,0.0,0.0,-0.01,-1,-1,-0.01,-1,-1,-0.01,-1,-1,-0.01,-1,-1,-0.01,-1,-1,-0.01,-1,-1,-0.01,-1,-1,-0.01,-1,-1,-0.01,-1,-1,-0.01,-1,-1
99926009,2026-05-18 12:22:54+05:30,53099.85,0,0.0,0,0.0,0.0,53282.15,53308.4,52783.45,53710.35,0,0.0,0.0,0.0,0.0,-0.01,-1,-1,-0.01,-1,-1,-0.01,-1,-1,-0.01,-1,-1,-0.01,-1,-1,-0.01,-1,-1,-0.01,-1,-1,-0.01,-1,-1,-0.01,-1,-1,-0.01,-1,-1
99926009,2026-05-18 12:22:55+05:30,53099.0,0,0.0,0,0.0,0.0,53282.15,53308.4,52783.45,53710.35,0,0.0,0.0,0.0,0.0,-0.01,-1,-1,-0.01,-1,-1,-0.01,-1,-1,-0.01,-1,-1,-0.01,-1,-1,-0.01,-1,-1,-0.01,-1,-1,-0.01,-1,-1,-0.01,-1,-1,-0.01,-1,-1
99926009,2026-05-18 12:22:55+05:30,53099.15,0,0.0,0,0.0,0.0,53282.15,53308.4,52783.45,53710.35,0,0.0,0.0,0.0,0.0,-0.01,-1,-1,-0.01,-1,-1,-0.01,-1,-1,-0.01,-1,-1,-0.01,-1,-1,-0.01,-1,-1,-0.01,-1,-1,-0.01,-1,-1,-0.01,-1,-1,-0.01,-1,-1
99926009,2026-05-18 12:22:56+05:30,53101.05,0,0.0,0,0.0,0.0,53282.15,53308.4,52783.45,53710.35,0,0.0,0.0,0.0,0.0,-0.01,-1,-1,-0.01,-1,-1,-0.01,-1,-1,-0.01,-1,-1,-0.01,-1,-1,-0.01,-1,-1,-0.01,-1,-1,-0.01,-1,-1,-0.01,-1,-1,-0.01,-1,-1
99926009,2026-05-18 12:22:56+05:30,53100.2,0,0.0,0,0.0,0.0,53282.15,53308.4,52783.45,53710.35,0,0.0,0.0,0.0,0.0,-0.01,-1,-1,-0.01,-1,-1,-0.01,-1,-1,-0.01,-1,-1,-0.01,-1,-1,-0.01,-1,-1,-0.01,-1,-1,-0.01,-1,-1,-0.01,-1,-1,-0.01,-1,-1
99926009,2026-05-18 12:22:57+05:30,53101.5,0,0.0,0,0.0,0.0,53282.15,53308.4,52783.45,53710.35,0,0.0,0.0,0.0,0.0,-0.01,-1,-1,-0.01,-1,-1,-0.01,-1,-1,-0.01,-1,-1,-0.01,-1,-1,-0.01,-1,-1,-0.01,-1,-1,-0.01,-1,-1,-0.01,-1,-1,-0.01,-1,-1
99926009,2026-05-18 12:22:57+05:30,53101.25,0,0.0,0,0.0,0.0,53282.15,53308.4,52783.45,53710.35,0,0.0,0.0,0.0,0.0,-0.01,-1,-1,-0.01,-1,-1,-0.01,-1,-1,-0.01,-1,-1,-0.01,-1,-1,-0.01,-1,-1,-0.01,-1,-1,-0.01,-1,-1,-0.01,-1,-1,-0.01,-1,-1
99926009,2026-05-18 12:22:58+05:30,53100.55,0,0.0,0,0.0,0.0,53282.15,53308.4,52783.45,53710.35,0,0.0,0.0,0.0,0.0,-0.01,-1,-1,-0.01,-1,-1,-0.01,-1,-1,-0.01,-1,-1,-0.01,-1,-1,-0.01,-1,-1,-0.01,-1,-1,-0.01,-1,-1,-0.01,-1,-1,-0.01,-1,-1
99926009,2026-05-18 12:22:58+05:30,53098.0,0,0.0,0,0.0,0.0,53282.15,53308.4,52783.45,53710.35,0,0.0,0.0,0.0,0.0,-0.01,-1,-1,-0.01,-1,-1,-0.01,-1,-1,-0.01,-1,-1,-0.01,-1,-1,-0.01,-1,-1,-0.01,-1,-1,-0.01,-1,-1,-0.01,-1,-1,-0.01,-1,-1
99926009,2026-05-18 12:22:59+05:30,53099.05,0,0.0,0,0.0,0.0,53282.15,53308.4,52783.45,53710.35,0,0.0,0.0,0.0,0.0,-0.01,-1,-1,-0.01,-1,-1,-0.01,-1,-1,-0.01,-1,-1,-0.01,-1,-1,-0.01,-1,-1,-0.01,-1,-1,-0.01,-1,-1,-0.01,-1,-1,-0.01,-1,-1
99926009,2026-05-18 12:22:59+05:30,53096.4,0,0.0,0,0.0,0.0,53282.15,53308.4,52783.45,53710.35,0,0.0,0.0,0.0,0.0,-0.01,-1,-1,-0.01,-1,-1,-0.01,-1,-1,-0.01,-1,-1,-0.01,-1,-1,-0.01,-1,-1,-0.01,-1,-1,-0.01,-1,-1,-0.01,-1,-1,-0.01,-1,-1
99926009,2026-05-18 12:23:00+05:30,53098.45,0,0.0,0,0.0,0.0,53282.15,53308.4,52783.45,53710.35,0,0.0,0.0,0.0,0.0,-0.01,-1,-1,-0.01,-1,-1,-0.01,-1,-1,-0.01,-1,-1,-0.01,-1,-1,-0.01,-1,-1,-0.01,-1,-1,-0.01,-1,-1,-0.01,-1,-1,-0.01,-1,-1
99926009,2026-05-18 12:23:00+05:30,53096.25,0,0.0,0,0.0,0.0,53282.15,53308.4,52783.45,53710.35,0,0.0,0.0,0.0,0.0,-0.01,-1,-1,-0.01,-1,-1,-0.01,-1,-1,-0.01,-1,-1,-0.01,-1,-1,-0.01,-1,-1,-0.01,-1,-1,-0.01,-1,-1,-0.01,-1,-1,-0.01,-1,-1
99926009,2026-05-18 12:23:01+05:30,53098.65,0,0.0,0,0.0,0.0,53282.15,53308.4,52783.45,53710.35,0,0.0,0.0,0.0,0.0,-0.01,-1,-1,-0.01,-1,-1,-0.01,-1,-1,-0.01,-1,-1,-0.01,-1,-1,-0.01,-1,-1,-0.01,-1,-1,-0.01,-1,-1,-0.01,-1,-1,-0.01,-1,-1
99926009,2026-05-18 12:23:01+05:30,53095.25,0,0.0,0,0.0,0.0,53282.15,53308.4,52783.45,53710.35,0,0.0,0.0,0.0,0.0,-0.01,-1,-1,-0.01,-1,-1,-0.01,-1,-1,-0.01,-1,-1,-0.01,-1,-1,-0.01,-1,-1,-0.01,-1,-1,-0.01,-1,-1,-0.01,-1,-1,-0.01,-1,-1
99926009,2026-05-18 12:23:02+05:30,53095.75,0,0.0,0,0.0,0.0,53282.15,53308.4,52783.45,53710.35,0,0.0,0.0,0.0,0.0,-0.01,-1,-1,-0.01,-1,-1,-0.01,-1,-1,-0.01,-1,-1,-0.01,-1,-1,-0.01,-1,-1,-0.01,-1,-1,-0.01,-1,-1,-0.01,-1,-1,-0.01,-1,-1
99926009,2026-05-18 12:23:02+05:30,53095.85,0,0.0,0,0.0,0.0,53282.15,53308.4,52783.45,53710.35,0,0.0,0.0,0.0,0.0,-0.01,-1,-1,-0.01,-1,-1,-0.01,-1,-1,-0.01,-1,-1,-0.01,-1,-1,-0.01,-1,-1,-0.01,-1,-1,-0.01,-1,-1,-0.01,-1,-1,-0.01,-1,-1
99926009,2026-05-18 12:23:03+05:30,53095.55,0,0.0,0,0.0,0.0,53282.15,53308.4,52783.45,53710.35,0,0.0,0.0,0.0,0.0,-0.01,-1,-1,-0.01,-1,-1,-0.01,-1,-1,-0.01,-1,-1,-0.01,-1,-1,-0.01,-1,-1,-0.01,-1,-1,-0.01,-1,-1,-0.01,-1,-1,-0.01,-1,-1
99926009,2026-05-18 12:23:03+05:30,53093.05,0,0.0,0,0.0,0.0,53282.15,53308.4,52783.45,53710.35,0,0.0,0.0,0.0,0.0,-0.01,-1,-1,-0.01,-1,-1,-0.01,-1,-1,-0.01,-1,-1,-0.01,-1,-1,-0.01,-1,-1,-0.01,-1,-1,-0.01,-1,-1,-0.01,-1,-1,-0.01,-1,-1
99926009,2026-05-18 12:23:04+05:30,53093.9,0,0.0,0,0.0,0.0,53282.15,53308.4,52783.45,53710.35,0,0.0,0.0,0.0,0.0,-0.01,-1,-1,-0.01,-1,-1,-0.01,-1,-1,-0.01,-1,-1,-0.01,-1,-1,-0.01,-1,-1,-0.01,-1,-1,-0.01,-1,-1,-0.01,-1,-1,-0.01,-1,-1
99926009,2026-05-18 12:23:04+05:30,53092.95,0,0.0,0,0.0,0.0,53282.15,53308.4,52783.45,53710.35,0,0.0,0.0,0.0,0.0,-0.01,-1,-1,-0.01,-1,-1,-0.01,-1,-1,-0.01,-1,-1,-0.01,-1,-1,-0.01,-1,-1,-0.01,-1,-1,-0.01,-1,-1,-0.01,-1,-1,-0.01,-1,-1
99926009,2026-05-18 12:23:05+05:30,53096.25,0,0.0,0,0.0,0.0,53282.15,53308.4,52783.45,53710.35,0,0.0,0.0,0.0,0.0,-0.01,-1,-1,-0.01,-1,-1,-0.01,-1,-1,-0.01,-1,-1,-0.01,-1,-1,-0.01,-1,-1,-0.01,-1,-1,-0.01,-1,-1,-0.01,-1,-1,-0.01,-1,-1
99926009,2026-05-18 12:23:05+05:30,53095.6,0,0.0,0,0.0,0.0,53282.15,53308.4,52783.45,53710.35,0,0.0,0.0,0.0,0.0,-0.01,-1,-1,-0.01,-1,-1,-0.01,-1,-1,-0.01,-1,-1,-0.01,-1,-1,-0.01,-1,-1,-0.01,-1,-1,-0.01,-1,-1,-0.01,-1,-1,-0.01,-1,-1
99926009,2026-05-18 12:23:06+05:30,53096.95,0,0.0,0,0.0,0.0,53282.15,53308.4,52783.45,53710.35,0,0.0,0.0,0.0,0.0,-0.01,-1,-1,-0.01,-1,-1,-0.01,-1,-1,-0.01,-1,-1,-0.01,-1,-1,-0.01,-1,-1,-0.01,-1,-1,-0.01,-1,-1,-0.01,-1,-1,-0.01,-1,-1
99926009,2026-05-18 12:23:06+05:30,53097.75,0,0.0,0,0.0,0.0,53282.15,53308.4,52783.45,53710.35,0,0.0,0.0,0.0,0.0,-0.01,-1,-1,-0.01,-1,-1,-0.01,-1,-1,-0.01,-1,-1,-0.01,-1,-1,-0.01,-1,-1,-0.01,-1,-1,-0.01,-1,-1,-0.01,-1,-1,-0.01,-1,-1
99926009,2026-05-18 12:23:07+05:30,53097.35,0,0.0,0,0.0,0.0,53282.15,53308.4,52783.45,53710.35,0,0.0,0.0,0.0,0.0,-0.01,-1,-1,-0.01,-1,-1,-0.01,-1,-1,-0.01,-1,-1,-0.01,-1,-1,-0.01,-1,-1,-0.01,-1,-1,-0.01,-1,-1,-0.01,-1,-1,-0.01,-1,-1
99926009,2026-05-18 12:23:07+05:30,53096.0,0,0.0,0,0.0,0.0,53282.15,53308.4,52783.45,53710.35,0,0.0,0.0,0.0,0.0,-0.01,-1,-1,-0.01,-1,-1,-0.01,-1,-1,-0.01,-1,-1,-0.01,-1,-1,-0.01,-1,-1,-0.01,-1,-1,-0.01,-1,-1,-0.01,-1,-1,-0.01,-1,-1
99926009,2026-05-18 12:23:08+05:30,53098.1,0,0.0,0,0.0,0.0,53282.15,53308.4,52783.45,53710.35,0,0.0,0.0,0.0,0.0,-0.01,-1,-1,-0.01,-1,-1,-0.01,-1,-1,-0.01,-1,-1,-0.01,-1,-1,-0.01,-1,-1,-0.01,-1,-1,-0.01,-1,-1,-0.01,-1,-1,-0.01,-1,-1
99926009,2026-05-18 12:23:08+05:30,53094.5,0,0.0,0,0.0,0.0,53282.15,53308.4,52783.45,53710.35,0,0.0,0.0,0.0,0.0,-0.01,-1,-1,-0.01,-1,-1,-0.01,-1,-1,-0.01,-1,-1,-0.01,-1,-1,-0.01,-1,-1,-0.01,-1,-1,-0.01,-1,-1,-0.01,-1,-1,-0.01,-1,-1
99926009,2026-05-18 12:23:09+05:30,53098.0,0,0.0,0,0.0,0.0,53282.15,53308.4,52783.45,53710.35,0,0.0,0.0,0.0,0.0,-0.01,-1,-1,-0.01,-1,-1,-0.01,-1,-1,-0.01,-1,-1,-0.01,-1,-1,-0.01,-1,-1,-0.01,-1,-1,-0.01,-1,-1,-0.01,-1,-1,-0.01,-1,-1
99926009,2026-05-18 12:23:09+05:30,53097.4,0,0.0,0,0.0,0.0,53282.15,53308.4,52783.45,53710.35,0,0.0,0.0,0.0,0.0,-0.01,-1,-1,-0.01,-1,-1,-0.01,-1,-1,-0.01,-1,-1,-0.01,-1,-1,-0.01,-1,-1,-0.01,-1,-1,-0.01,-1,-1,-0.01,-1,-1,-0.01,-1,-1
99926009,2026-05-18 12:23:10+05:30,53099.05,0,0.0,0,0.0,0.0,53282.15,53308.4,52783.45,53710.35,0,0.0,0.0,0.0,0.0,-0.01,-1,-1,-0.01,-1,-1,-0.01,-1,-1,-0.01,-1,-1,-0.01,-1,-1,-0.01,-1,-1,-0.01,-1,-1,-0.01,-1,-1,-0.01,-1,-1,-0.01,-1,-1
99926009,2026-05-18 12:23:10+05:30,53096.75,0,0.0,0,0.0,0.0,53282.15,53308.4,52783.45,53710.35,0,0.0,0.0,0.0,0.0,-0.01,-1,-1,-0.01,-1,-1,-0.01,-1,-1,-0.01,-1,-1,-0.01,-1,-1,-0.01,-1,-1,-0.01,-1,-1,-0.01,-1,-1,-0.01,-1,-1,-0.01,-1,-1
99926009,2026-05-18 12:23:11+05:30,53097.7,0,0.0,0,0.0,0.0,53282.15,53308.4,52783.45,53710.35,0,0.0,0.0,0.0,0.0,-0.01,-1,-1,-0.01,-1,-1,-0.01,-1,-1,-0.01,-1,-1,-0.01,-1,-1,-0.01,-1,-1,-0.01,-1,-1,-0.01,-1,-1,-0.01,-1,-1,-0.01,-1,-1
99926009,2026-05-18 12:23:11+05:30,53095.9,0,0.0,0,0.0,0.0,53282.15,53308.4,52783.45,53710.35,0,0.0,0.0,0.0,0.0,-0.01,-1,-1,-0.01,-1,-1,-0.01,-1,-1,-0.01,-1,-1,-0.01,-1,-1,-0.01,-1,-1,-0.01,-1,-1,-0.01,-1,-1,-0.01,-1,-1,-0.01,-1,-1
99926009,2026-05-18 12:23:12+05:30,53095.8,0,0.0,0,0.0,0.0,53282.15,53308.4,52783.45,53710.35,0,0.0,0.0,0.0,0.0,-0.01,-1,-1,-0.01,-1,-1,-0.01,-1,-1,-0.01,-1,-1,-0.01,-1,-1,-0.01,-1,-1,-0.01,-1,-1,-0.01,-1,-1,-0.01,-1,-1,-0.01,-1,-1
99926009,2026-05-18 12:23:12+05:30,53095.95,0,0.0,0,0.0,0.0,53282.15,53308.4,52783.45,53710.35,0,0.0,0.0,0.0,0.0,-0.01,-1,-1,-0.01,-1,-1,-0.01,-1,-1,-0.01,-1,-1,-0.01,-1,-1,-0.01,-1,-1,-0.01,-1,-1,-0.01,-1,-1,-0.01,-1,-1,-0.01,-1,-1
99926009,2026-05-18 12:23:13+05:30,53097.15,0,0.0,0,0.0,0.0,53282.15,53308.4,52783.45,53710.35,0,0.0,0.0,0.0,0.0,-0.01,-1,-1,-0.01,-1,-1,-0.01,-1,-1,-0.01,-1,-1,-0.01,-1,-1,-0.01,-1,-1,-0.01,-1,-1,-0.01,-1,-1,-0.01,-1,-1,-0.01,-1,-1
99926009,2026-05-18 12:23:13+05:30,53095.2,0,0.0,0,0.0,0.0,53282.15,53308.4,52783.45,53710.35,0,0.0,0.0,0.0,0.0,-0.01,-1,-1,-0.01,-1,-1,-0.01,-1,-1,-0.01,-1,-1,-0.01,-1,-1,-0.01,-1,-1,-0.01,-1,-1,-0.01,-1,-1,-0.01,-1,-1,-0.01,-1,-1
99926009,2026-05-18 12:23:14+05:30,53093.65,0,0.0,0,0.0,0.0,53282.15,53308.4,52783.45,53710.35,0,0.0,0.0,0.0,0.0,-0.01,-1,-1,-0.01,-1,-1,-0.01,-1,-1,-0.01,-1,-1,-0.01,-1,-1,-0.01,-1,-1,-0.01,-1,-1,-0.01,-1,-1,-0.01,-1,-1,-0.01,-1,-1
99926009,2026-05-18 12:23:14+05:30,53094.8,0,0.0,0,0.0,0.0,53282.15,53308.4,52783.45,53710.35,0,0.0,0.0,0.0,0.0,-0.01,-1,-1,-0.01,-1,-1,-0.01,-1,-1,-0.01,-1,-1,-0.01,-1,-1,-0.01,-1,-1,-0.01,-1,-1,-0.01,-1,-1,-0.01,-1,-1,-0.01,-1,-1
99926009,2026-05-18 12:23:15+05:30,53096.05,0,0.0,0,0.0,0.0,53282.15,53308.4,52783.45,53710.35,0,0.0,0.0,0.0,0.0,-0.01,-1,-1,-0.01,-1,-1,-0.01,-1,-1,-0.01,-1,-1,-0.01,-1,-1,-0.01,-1,-1,-0.01,-1,-1,-0.01,-1,-1,-0.01,-1,-1,-0.01,-1,-1
99926009,2026-05-18 12:23:15+05:30,53095.6,0,0.0,0,0.0,0.0,53282.15,53308.4,52783.45,53710.35,0,0.0,0.0,0.0,0.0,-0.01,-1,-1,-0.01,-1,-1,-0.01,-1,-1,-0.01,-1,-1,-0.01,-1,-1,-0.01,-1,-1,-0.01,-1,-1,-0.01,-1,-1,-0.01,-1,-1,-0.01,-1,-1
99926009,2026-05-18 12:23:16+05:30,53092.75,0,0.0,0,0.0,0.0,53282.15,53308.4,52783.45,53710.35,0,0.0,0.0,0.0,0.0,-0.01,-1,-1,-0.01,-1,-1,-0.01,-1,-1,-0.01,-1,-1,-0.01,-1,-1,-0.01,-1,-1,-0.01,-1,-1,-0.01,-1,-1,-0.01,-1,-1,-0.01,-1,-1
99926009,2026-05-18 12:23:16+05:30,53090.4,0,0.0,0,0.0,0.0,53282.15,53308.4,52783.45,53710.35,0,0.0,0.0,0.0,0.0,-0.01,-1,-1,-0.01,-1,-1,-0.01,-1,-1,-0.01,-1,-1,-0.01,-1,-1,-0.01,-1,-1,-0.01,-1,-1,-0.01,-1,-1,-0.01,-1,-1,-0.01,-1,-1
99926009,2026-05-18 12:23:17+05:30,53093.05,0,0.0,0,0.0,0.0,53282.15,53308.4,52783.45,53710.35,0,0.0,0.0,0.0,0.0,-0.01,-1,-1,-0.01,-1,-1,-0.01,-1,-1,-0.01,-1,-1,-0.01,-1,-1,-0.01,-1,-1,-0.01,-1,-1,-0.01,-1,-1,-0.01,-1,-1,-0.01,-1,-1
99926009,2026-05-18 12:23:17+05:30,53091.15,0,0.0,0,0.0,0.0,53282.15,53308.4,52783.45,53710.35,0,0.0,0.0,0.0,0.0,-0.01,-1,-1,-0.01,-1,-1,-0.01,-1,-1,-0.01,-1,-1,-0.01,-1,-1,-0.01,-1,-1,-0.01,-1,-1,-0.01,-1,-1,-0.01,-1,-1,-0.01,-1,-1
99926009,2026-05-18 12:23:18+05:30,53085.95,0,0.0,0,0.0,0.0,53282.15,53308.4,52783.45,53710.35,0,0.0,0.0,0.0,0.0,-0.01,-1,-1,-0.01,-1,-1,-0.01,-1,-1,-0.01,-1,-1,-0.01,-1,-1,-0.01,-1,-1,-0.01,-1,-1,-0.01,-1,-1,-0.01,-1,-1,-0.01,-1,-1
99926009,2026-05-18 12:23:18+05:30,53086.9,0,0.0,0,0.0,0.0,53282.15,53308.4,52783.45,53710.35,0,0.0,0.0,0.0,0.0,-0.01,-1,-1,-0.01,-1,-1,-0.01,-1,-1,-0.01,-1,-1,-0.01,-1,-1,-0.01,-1,-1,-0.01,-1,-1,-0.01,-1,-1,-0.01,-1,-1,-0.01,-1,-1
99926009,2026-05-18 12:23:19+05:30,53090.7,0,0.0,0,0.0,0.0,53282.15,53308.4,52783.45,53710.35,0,0.0,0.0,0.0,0.0,-0.01,-1,-1,-0.01,-1,-1,-0.01,-1,-1,-0.01,-1,-1,-0.01,-1,-1,-0.01,-1,-1,-0.01,-1,-1,-0.01,-1,-1,-0.01,-1,-1,-0.01,-1,-1
99926009,2026-05-18 12:23:19+05:30,53089.8,0,0.0,0,0.0,0.0,53282.15,53308.4,52783.45,53710.35,0,0.0,0.0,0.0,0.0,-0.01,-1,-1,-0.01,-1,-1,-0.01,-1,-1,-0.01,-1,-1,-0.01,-1,-1,-0.01,-1,-1,-0.01,-1,-1,-0.01,-1,-1,-0.01,-1,-1,-0.01,-1,-1
99926009,2026-05-18 12:23:20+05:30,53087.3,0,0.0,0,0.0,0.0,53282.15,53308.4,52783.45,53710.35,0,0.0,0.0,0.0,0.0,-0.01,-1,-1,-0.01,-1,-1,-0.01,-1,-1,-0.01,-1,-1,-0.01,-1,-1,-0.01,-1,-1,-0.01,-1,-1,-0.01,-1,-1,-0.01,-1,-1,-0.01,-1,-1
99926009,2026-05-18 12:23:20+05:30,53088.9,0,0.0,0,0.0,0.0,53282.15,53308.4,52783.45,53710.35,0,0.0,0.0,0.0,0.0,-0.01,-1,-1,-0.01,-1,-1,-0.01,-1,-1,-0.01,-1,-1,-0.01,-1,-1,-0.01,-1,-1,-0.01,-1,-1,-0.01,-1,-1,-0.01,-1,-1,-0.01,-1,-1
99926009,2026-05-18 12:23:21+05:30,53087.5,0,0.0,0,0.0,0.0,53282.15,53308.4,52783.45,53710.35,0,0.0,0.0,0.0,0.0,-0.01,-1,-1,-0.01,-1,-1,-0.01,-1,-1,-0.01,-1,-1,-0.01,-1,-1,-0.01,-1,-1,-0.01,-1,-1,-0.01,-1,-1,-0.01,-1,-1,-0.01,-1,-1
99926009,2026-05-18 12:23:21+05:30,53089.15,0,0.0,0,0.0,0.0,53282.15,53308.4,52783.45,53710.35,0,0.0,0.0,0.0,0.0,-0.01,-1,-1,-0.01,-1,-1,-0.01,-1,-1,-0.01,-1,-1,-0.01,-1,-1,-0.01,-1,-1,-0.01,-1,-1,-0.01,-1,-1,-0.01,-1,-1,-0.01,-1,-1
99926009,2026-05-18 12:23:22+05:30,53084.75,0,0.0,0,0.0,0.0,53282.15,53308.4,52783.45,53710.35,0,0.0,0.0,0.0,0.0,-0.01,-1,-1,-0.01,-1,-1,-0.01,-1,-1,-0.01,-1,-1,-0.01,-1,-1,-0.01,-1,-1,-0.01,-1,-1,-0.01,-1,-1,-0.01,-1,-1,-0.01,-1,-1
99926009,2026-05-18 12:23:22+05:30,53083.8,0,0.0,0,0.0,0.0,53282.15,53308.4,52783.45,53710.35,0,0.0,0.0,0.0,0.0,-0.01,-1,-1,-0.01,-1,-1,-0.01,-1,-1,-0.01,-1,-1,-0.01,-1,-1,-0.01,-1,-1,-0.01,-1,-1,-0.01,-1,-1,-0.01,-1,-1,-0.01,-1,-1
99926009,2026-05-18 12:23:23+05:30,53082.7,0,0.0,0,0.0,0.0,53282.15,53308.4,52783.45,53710.35,0,0.0,0.0,0.0,0.0,-0.01,-1,-1,-0.01,-1,-1,-0.01,-1,-1,-0.01,-1,-1,-0.01,-1,-1,-0.01,-1,-1,-0.01,-1,-1,-0.01,-1,-1,-0.01,-1,-1,-0.01,-1,-1
99926009,2026-05-18 12:23:23+05:30,53082.1,0,0.0,0,0.0,0.0,53282.15,53308.4,52783.45,53710.35,0,0.0,0.0,0.0,0.0,-0.01,-1,-1,-0.01,-1,-1,-0.01,-1,-1,-0.01,-1,-1,-0.01,-1,-1,-0.01,-1,-1,-0.01,-1,-1,-0.01,-1,-1,-0.01,-1,-1,-0.01,-1,-1
99926009,2026-05-18 12:23:24+05:30,53084.1,0,0.0,0,0.0,0.0,53282.15,53308.4,52783.45,53710.35,0,0.0,0.0,0.0,0.0,-0.01,-1,-1,-0.01,-1,-1,-0.01,-1,-1,-0.01,-1,-1,-0.01,-1,-1,-0.01,-1,-1,-0.01,-1,-1,-0.01,-1,-1,-0.01,-1,-1,-0.01,-1,-1
99926009,2026-05-18 12:23:24+05:30,53082.9,0,0.0,0,0.0,0.0,53282.15,53308.4,52783.45,53710.35,0,0.0,0.0,0.0,0.0,-0.01,-1,-1,-0.01,-1,-1,-0.01,-1,-1,-0.01,-1,-1,-0.01,-1,-1,-0.01,-1,-1,-0.01,-1,-1,-0.01,-1,-1,-0.01,-1,-1,-0.01,-1,-1
99926009,2026-05-18 12:23:25+05:30,53083.0,0,0.0,0,0.0,0.0,53282.15,53308.4,52783.45,53710.35,0,0.0,0.0,0.0,0.0,-0.01,-1,-1,-0.01,-1,-1,-0.01,-1,-1,-0.01,-1,-1,-0.01,-1,-1,-0.01,-1,-1,-0.01,-1,-1,-0.01,-1,-1,-0.01,-1,-1,-0.01,-1,-1
99926009,2026-05-18 12:23:25+05:30,53083.0,0,0.0,0,0.0,0.0,53282.15,53308.4,52783.45,53710.35,0,0.0,0.0,0.0,0.0,-0.01,-1,-1,-0.01,-1,-1,-0.01,-1,-1,-0.01,-1,-1,-0.01,-1,-1,-0.01,-1,-1,-0.01,-1,-1,-0.01,-1,-1,-0.01,-1,-1,-0.01,-1,-1
99926009,2026-05-18 12:23:26+05:30,53084.45,0,0.0,0,0.0,0.0,53282.15,53308.4,52783.45,53710.35,0,0.0,0.0,0.0,0.0,-0.01,-1,-1,-0.01,-1,-1,-0.01,-1,-1,-0.01,-1,-1,-0.01,-1,-1,-0.01,-1,-1,-0.01,-1,-1,-0.01,-1,-1,-0.01,-1,-1,-0.01,-1,-1
99926009,2026-05-18 12:23:26+05:30,53084.1,0,0.0,0,0.0,0.0,53282.15,53308.4,52783.45,53710.35,0,0.0,0.0,0.0,0.0,-0.01,-1,-1,-0.01,-1,-1,-0.01,-1,-1,-0.01,-1,-1,-0.01,-1,-1,-0.01,-1,-1,-0.01,-1,-1,-0.01,-1,-1,-0.01,-1,-1,-0.01,-1,-1
99926009,2026-05-18 12:23:27+05:30,53084.7,0,0.0,0,0.0,0.0,53282.15,53308.4,52783.45,53710.35,0,0.0,0.0,0.0,0.0,-0.01,-1,-1,-0.01,-1,-1,-0.01,-1,-1,-0.01,-1,-1,-0.01,-1,-1,-0.01,-1,-1,-0.01,-1,-1,-0.01,-1,-1,-0.01,-1,-1,-0.01,-1,-1
99926009,2026-05-18 12:23:27+05:30,53084.55,0,0.0,0,0.0,0.0,53282.15,53308.4,52783.45,53710.35,0,0.0,0.0,0.0,0.0,-0.01,-1,-1,-0.01,-1,-1,-0.01,-1,-1,-0.01,-1,-1,-0.01,-1,-1,-0.01,-1,-1,-0.01,-1,-1,-0.01,-1,-1,-0.01,-1,-1,-0.01,-1,-1
99926009,2026-05-18 12:23:28+05:30,53084.6,0,0.0,0,0.0,0.0,53282.15,53308.4,52783.45,53710.35,0,0.0,0.0,0.0,0.0,-0.01,-1,-1,-0.01,-1,-1,-0.01,-1,-1,-0.01,-1,-1,-0.01,-1,-1,-0.01,-1,-1,-0.01,-1,-1,-0.01,-1,-1,-0.01,-1,-1,-0.01,-1,-1
99926009,2026-05-18 12:23:28+05:30,53084.5,0,0.0,0,0.0,0.0,53282.15,53308.4,52783.45,53710.35,0,0.0,0.0,0.0,0.0,-0.01,-1,-1,-0.01,-1,-1,-0.01,-1,-1,-0.01,-1,-1,-0.01,-1,-1,-0.01,-1,-1,-0.01,-1,-1,-0.01,-1,-1,-0.01,-1,-1,-0.01,-1,-1
99926009,2026-05-18 12:23:29+05:30,53085.75,0,0.0,0,0.0,0.0,53282.15,53308.4,52783.45,53710.35,0,0.0,0.0,0.0,0.0,-0.01,-1,-1,-0.01,-1,-1,-0.01,-1,-1,-0.01,-1,-1,-0.01,-1,-1,-0.01,-1,-1,-0.01,-1,-1,-0.01,-1,-1,-0.01,-1,-1,-0.01,-1,-1
99926009,2026-05-18 12:23:29+05:30,53084.75,0,0.0,0,0.0,0.0,53282.15,53308.4,52783.45,53710.35,0,0.0,0.0,0.0,0.0,-0.01,-1,-1,-0.01,-1,-1,-0.01,-1,-1,-0.01,-1,-1,-0.01,-1,-1,-0.01,-1,-1,-0.01,-1,-1,-0.01,-1,-1,-0.01,-1,-1,-0.01,-1,-1
99926009,2026-05-18 12:23:30+05:30,53085.25,0,0.0,0,0.0,0.0,53282.15,53308.4,52783.45,53710.35,0,0.0,0.0,0.0,0.0,-0.01,-1,-1,-0.01,-1,-1,-0.01,-1,-1,-0.01,-1,-1,-0.01,-1,-1,-0.01,-1,-1,-0.01,-1,-1,-0.01,-1,-1,-0.01,-1,-1,-0.01,-1,-1
99926009,2026-05-18 12:23:30+05:30,53085.15,0,0.0,0,0.0,0.0,53282.15,53308.4,52783.45,53710.35,0,0.0,0.0,0.0,0.0,-0.01,-1,-1,-0.01,-1,-1,-0.01,-1,-1,-0.01,-1,-1,-0.01,-1,-1,-0.01,-1,-1,-0.01,-1,-1,-0.01,-1,-1,-0.01,-1,-1,-0.01,-1,-1
99926009,2026-05-18 12:23:31+05:30,53086.4,0,0.0,0,0.0,0.0,53282.15,53308.4,52783.45,53710.35,0,0.0,0.0,0.0,0.0,-0.01,-1,-1,-0.01,-1,-1,-0.01,-1,-1,-0.01,-1,-1,-0.01,-1,-1,-0.01,-1,-1,-0.01,-1,-1,-0.01,-1,-1,-0.01,-1,-1,-0.01,-1,-1
99926009,2026-05-18 12:23:31+05:30,53085.35,0,0.0,0,0.0,0.0,53282.15,53308.4,52783.45,53710.35,0,0.0,0.0,0.0,0.0,-0.01,-1,-1,-0.01,-1,-1,-0.01,-1,-1,-0.01,-1,-1,-0.01,-1,-1,-0.01,-1,-1,-0.01,-1,-1,-0.01,-1,-1,-0.01,-1,-1,-0.01,-1,-1
99926009,2026-05-18 12:23:32+05:30,53084.3,0,0.0,0,0.0,0.0,53282.15,53308.4,52783.45,53710.35,0,0.0,0.0,0.0,0.0,-0.01,-1,-1,-0.01,-1,-1,-0.01,-1,-1,-0.01,-1,-1,-0.01,-1,-1,-0.01,-1,-1,-0.01,-1,-1,-0.01,-1,-1,-0.01,-1,-1,-0.01,-1,-1
99926009,2026-05-18 12:23:32+05:30,53084.9,0,0.0,0,0.0,0.0,53282.15,53308.4,52783.45,53710.35,0,0.0,0.0,0.0,0.0,-0.01,-1,-1,-0.01,-1,-1,-0.01,-1,-1,-0.01,-1,-1,-0.01,-1,-1,-0.01,-1,-1,-0.01,-1,-1,-0.01,-1,-1,-0.01,-1,-1,-0.01,-1,-1
99926009,2026-05-18 12:23:33+05:30,53085.4,0,0.0,0,0.0,0.0,53282.15,53308.4,52783.45,53710.35,0,0.0,0.0,0.0,0.0,-0.01,-1,-1,-0.01,-1,-1,-0.01,-1,-1,-0.01,-1,-1,-0.01,-1,-1,-0.01,-1,-1,-0.01,-1,-1,-0.01,-1,-1,-0.01,-1,-1,-0.01,-1,-1
99926009,2026-05-18 12:23:33+05:30,53084.65,0,0.0,0,0.0,0.0,53282.15,53308.4,52783.45,53710.35,0,0.0,0.0,0.0,0.0,-0.01,-1,-1,-0.01,-1,-1,-0.01,-1,-1,-0.01,-1,-1,-0.01,-1,-1,-0.01,-1,-1,-0.01,-1,-1,-0.01,-1,-1,-0.01,-1,-1,-0.01,-1,-1
99926009,2026-05-18 12:23:34+05:30,53082.25,0,0.0,0,0.0,0.0,53282.15,53308.4,52783.45,53710.35,0,0.0,0.0,0.0,0.0,-0.01,-1,-1,-0.01,-1,-1,-0.01,-1,-1,-0.01,-1,-1,-0.01,-1,-1,-0.01,-1,-1,-0.01,-1,-1,-0.01,-1,-1,-0.01,-1,-1,-0.01,-1,-1
99926009,2026-05-18 12:23:34+05:30,53082.65,0,0.0,0,0.0,0.0,53282.15,53308.4,52783.45,53710.35,0,0.0,0.0,0.0,0.0,-0.01,-1,-1,-0.01,-1,-1,-0.01,-1,-1,-0.01,-1,-1,-0.01,-1,-1,-0.01,-1,-1,-0.01,-1,-1,-0.01,-1,-1,-0.01,-1,-1,-0.01,-1,-1
99926009,2026-05-18 12:23:35+05:30,53085.1,0,0.0,0,0.0,0.0,53282.15,53308.4,52783.45,53710.35,0,0.0,0.0,0.0,0.0,-0.01,-1,-1,-0.01,-1,-1,-0.01,-1,-1,-0.01,-1,-1,-0.01,-1,-1,-0.01,-1,-1,-0.01,-1,-1,-0.01,-1,-1,-0.01,-1,-1,-0.01,-1,-1
99926009,2026-05-18 12:23:35+05:30,53088.25,0,0.0,0,0.0,0.0,53282.15,53308.4,52783.45,53710.35,0,0.0,0.0,0.0,0.0,-0.01,-1,-1,-0.01,-1,-1,-0.01,-1,-1,-0.01,-1,-1,-0.01,-1,-1,-0.01,-1,-1,-0.01,-1,-1,-0.01,-1,-1,-0.01,-1,-1,-0.01,-1,-1
99926009,2026-05-18 12:23:36+05:30,53088.25,0,0.0,0,0.0,0.0,53282.15,53308.4,52783.45,53710.35,0,0.0,0.0,0.0,0.0,-0.01,-1,-1,-0.01,-1,-1,-0.01,-1,-1,-0.01,-1,-1,-0.01,-1,-1,-0.01,-1,-1,-0.01,-1,-1,-0.01,-1,-1,-0.01,-1,-1,-0.01,-1,-1
99926009,2026-05-18 12:23:36+05:30,53086.7,0,0.0,0,0.0,0.0,53282.15,53308.4,52783.45,53710.35,0,0.0,0.0,0.0,0.0,-0.01,-1,-1,-0.01,-1,-1,-0.01,-1,-1,-0.01,-1,-1,-0.01,-1,-1,-0.01,-1,-1,-0.01,-1,-1,-0.01,-1,-1,-0.01,-1,-1,-0.01,-1,-1
99926009,2026-05-18 12:23:37+05:30,53085.6,0,0.0,0,0.0,0.0,53282.15,53308.4,52783.45,53710.35,0,0.0,0.0,0.0,0.0,-0.01,-1,-1,-0.01,-1,-1,-0.01,-1,-1,-0.01,-1,-1,-0.01,-1,-1,-0.01,-1,-1,-0.01,-1,-1,-0.01,-1,-1,-0.01,-1,-1,-0.01,-1,-1
99926009,2026-05-18 12:23:37+05:30,53086.9,0,0.0,0,0.0,0.0,53282.15,53308.4,52783.45,53710.35,0,0.0,0.0,0.0,0.0,-0.01,-1,-1,-0.01,-1,-1,-0.01,-1,-1,-0.01,-1,-1,-0.01,-1,-1,-0.01,-1,-1,-0.01,-1,-1,-0.01,-1,-1,-0.01,-1,-1,-0.01,-1,-1
99926009,2026-05-18 12:23:38+05:30,53086.15,0,0.0,0,0.0,0.0,53282.15,53308.4,52783.45,53710.35,0,0.0,0.0,0.0,0.0,-0.01,-1,-1,-0.01,-1,-1,-0.01,-1,-1,-0.01,-1,-1,-0.01,-1,-1,-0.01,-1,-1,-0.01,-1,-1,-0.01,-1,-1,-0.01,-1,-1,-0.01,-1,-1
99926009,2026-05-18 12:23:38+05:30,53086.8,0,0.0,0,0.0,0.0,53282.15,53308.4,52783.45,53710.35,0,0.0,0.0,0.0,0.0,-0.01,-1,-1,-0.01,-1,-1,-0.01,-1,-1,-0.01,-1,-1,-0.01,-1,-1,-0.01,-1,-1,-0.01,-1,-1,-0.01,-1,-1,-0.01,-1,-1,-0.01,-1,-1
99926009,2026-05-18 12:23:39+05:30,53085.2,0,0.0,0,0.0,0.0,53282.15,53308.4,52783.45,53710.35,0,0.0,0.0,0.0,0.0,-0.01,-1,-1,-0.01,-1,-1,-0.01,-1,-1,-0.01,-1,-1,-0.01,-1,-1,-0.01,-1,-1,-0.01,-1,-1,-0.01,-1,-1,-0.01,-1,-1,-0.01,-1,-1
99926009,2026-05-18 12:23:39+05:30,53084.55,0,0.0,0,0.0,0.0,53282.15,53308.4,52783.45,53710.35,0,0.0,0.0,0.0,0.0,-0.01,-1,-1,-0.01,-1,-1,-0.01,-1,-1,-0.01,-1,-1,-0.01,-1,-1,-0.01,-1,-1,-0.01,-1,-1,-0.01,-1,-1,-0.01,-1,-1,-0.01,-1,-1
99926009,2026-05-18 12:23:40+05:30,53084.9,0,0.0,0,0.0,0.0,53282.15,53308.4,52783.45,53710.35,0,0.0,0.0,0.0,0.0,-0.01,-1,-1,-0.01,-1,-1,-0.01,-1,-1,-0.01,-1,-1,-0.01,-1,-1,-0.01,-1,-1,-0.01,-1,-1,-0.01,-1,-1,-0.01,-1,-1,-0.01,-1,-1
99926009,2026-05-18 12:23:40+05:30,53086.2,0,0.0,0,0.0,0.0,53282.15,53308.4,52783.45,53710.35,0,0.0,0.0,0.0,0.0,-0.01,-1,-1,-0.01,-1,-1,-0.01,-1,-1,-0.01,-1,-1,-0.01,-1,-1,-0.01,-1,-1,-0.01,-1,-1,-0.01,-1,-1,-0.01,-1,-1,-0.01,-1,-1
99926009,2026-05-18 12:23:41+05:30,53086.3,0,0.0,0,0.0,0.0,53282.15,53308.4,52783.45,53710.35,0,0.0,0.0,0.0,0.0,-0.01,-1,-1,-0.01,-1,-1,-0.01,-1,-1,-0.01,-1,-1,-0.01,-1,-1,-0.01,-1,-1,-0.01,-1,-1,-0.01,-1,-1,-0.01,-1,-1,-0.01,-1,-1
99926009,2026-05-18 12:23:41+05:30,53085.9,0,0.0,0,0.0,0.0,53282.15,53308.4,52783.45,53710.35,0,0.0,0.0,0.0,0.0,-0.01,-1,-1,-0.01,-1,-1,-0.01,-1,-1,-0.01,-1,-1,-0.01,-1,-1,-0.01,-1,-1,-0.01,-1,-1,-0.01,-1,-1,-0.01,-1,-1,-0.01,-1,-1
99926009,2026-05-18 12:23:42+05:30,53085.95,0,0.0,0,0.0,0.0,53282.15,53308.4,52783.45,53710.35,0,0.0,0.0,0.0,0.0,-0.01,-1,-1,-0.01,-1,-1,-0.01,-1,-1,-0.01,-1,-1,-0.01,-1,-1,-0.01,-1,-1,-0.01,-1,-1,-0.01,-1,-1,-0.01,-1,-1,-0.01,-1,-1
99926009,2026-05-18 12:23:42+05:30,53085.9,0,0.0,0,0.0,0.0,53282.15,53308.4,52783.45,53710.35,0,0.0,0.0,0.0,0.0,-0.01,-1,-1,-0.01,-1,-1,-0.01,-1,-1,-0.01,-1,-1,-0.01,-1,-1,-0.01,-1,-1,-0.01,-1,-1,-0.01,-1,-1,-0.01,-1,-1,-0.01,-1,-1
99926009,2026-05-18 12:23:43+05:30,53085.55,0,0.0,0,0.0,0.0,53282.15,53308.4,52783.45,53710.35,0,0.0,0.0,0.0,0.0,-0.01,-1,-1,-0.01,-1,-1,-0.01,-1,-1,-0.01,-1,-1,-0.01,-1,-1,-0.01,-1,-1,-0.01,-1,-1,-0.01,-1,-1,-0.01,-1,-1,-0.01,-1,-1
99926009,2026-05-18 12:23:43+05:30,53083.3,0,0.0,0,0.0,0.0,53282.15,53308.4,52783.45,53710.35,0,0.0,0.0,0.0,0.0,-0.01,-1,-1,-0.01,-1,-1,-0.01,-1,-1,-0.01,-1,-1,-0.01,-1,-1,-0.01,-1,-1,-0.01,-1,-1,-0.01,-1,-1,-0.01,-1,-1,-0.01,-1,-1
99926009,2026-05-18 12:23:44+05:30,53085.9,0,0.0,0,0.0,0.0,53282.15,53308.4,52783.45,53710.35,0,0.0,0.0,0.0,0.0,-0.01,-1,-1,-0.01,-1,-1,-0.01,-1,-1,-0.01,-1,-1,-0.01,-1,-1,-0.01,-1,-1,-0.01,-1,-1,-0.01,-1,-1,-0.01,-1,-1,-0.01,-1,-1
99926009,2026-05-18 12:23:44+05:30,53087.05,0,0.0,0,0.0,0.0,53282.15,53308.4,52783.45,53710.35,0,0.0,0.0,0.0,0.0,-0.01,-1,-1,-0.01,-1,-1,-0.01,-1,-1,-0.01,-1,-1,-0.01,-1,-1,-0.01,-1,-1,-0.01,-1,-1,-0.01,-1,-1,-0.01,-1,-1,-0.01,-1,-1
99926009,2026-05-18 12:23:45+05:30,53088.25,0,0.0,0,0.0,0.0,53282.15,53308.4,52783.45,53710.35,0,0.0,0.0,0.0,0.0,-0.01,-1,-1,-0.01,-1,-1,-0.01,-1,-1,-0.01,-1,-1,-0.01,-1,-1,-0.01,-1,-1,-0.01,-1,-1,-0.01,-1,-1,-0.01,-1,-1,-0.01,-1,-1
99926009,2026-05-18 12:23:45+05:30,53088.15,0,0.0,0,0.0,0.0,53282.15,53308.4,52783.45,53710.35,0,0.0,0.0,0.0,0.0,-0.01,-1,-1,-0.01,-1,-1,-0.01,-1,-1,-0.01,-1,-1,-0.01,-1,-1,-0.01,-1,-1,-0.01,-1,-1,-0.01,-1,-1,-0.01,-1,-1,-0.01,-1,-1
99926009,2026-05-18 12:23:46+05:30,53087.9,0,0.0,0,0.0,0.0,53282.15,53308.4,52783.45,53710.35,0,0.0,0.0,0.0,0.0,-0.01,-1,-1,-0.01,-1,-1,-0.01,-1,-1,-0.01,-1,-1,-0.01,-1,-1,-0.01,-1,-1,-0.01,-1,-1,-0.01,-1,-1,-0.01,-1,-1,-0.01,-1,-1
99926009,2026-05-18 12:23:46+05:30,53086.8,0,0.0,0,0.0,0.0,53282.15,53308.4,52783.45,53710.35,0,0.0,0.0,0.0,0.0,-0.01,-1,-1,-0.01,-1,-1,-0.01,-1,-1,-0.01,-1,-1,-0.01,-1,-1,-0.01,-1,-1,-0.01,-1,-1,-0.01,-1,-1,-0.01,-1,-1,-0.01,-1,-1
99926009,2026-05-18 12:23:47+05:30,53085.8,0,0.0,0,0.0,0.0,53282.15,53308.4,52783.45,53710.35,0,0.0,0.0,0.0,0.0,-0.01,-1,-1,-0.01,-1,-1,-0.01,-1,-1,-0.01,-1,-1,-0.01,-1,-1,-0.01,-1,-1,-0.01,-1,-1,-0.01,-1,-1,-0.01,-1,-1,-0.01,-1,-1
99926009,2026-05-18 12:23:47+05:30,53085.95,0,0.0,0,0.0,0.0,53282.15,53308.4,52783.45,53710.35,0,0.0,0.0,0.0,0.0,-0.01,-1,-1,-0.01,-1,-1,-0.01,-1,-1,-0.01,-1,-1,-0.01,-1,-1,-0.01,-1,-1,-0.01,-1,-1,-0.01,-1,-1,-0.01,-1,-1,-0.01,-1,-1
99926009,2026-05-18 12:23:48+05:30,53084.9,0,0.0,0,0.0,0.0,53282.15,53308.4,52783.45,53710.35,0,0.0,0.0,0.0,0.0,-0.01,-1,-1,-0.01,-1,-1,-0.01,-1,-1,-0.01,-1,-1,-0.01,-1,-1,-0.01,-1,-1,-0.01,-1,-1,-0.01,-1,-1,-0.01,-1,-1,-0.01,-1,-1
99926009,2026-05-18 12:23:48+05:30,53085.15,0,0.0,0,0.0,0.0,53282.15,53308.4,52783.45,53710.35,0,0.0,0.0,0.0,0.0,-0.01,-1,-1,-0.01,-1,-1,-0.01,-1,-1,-0.01,-1,-1,-0.01,-1,-1,-0.01,-1,-1,-0.01,-1,-1,-0.01,-1,-1,-0.01,-1,-1,-0.01,-1,-1
99926009,2026-05-18 12:23:49+05:30,53086.35,0,0.0,0,0.0,0.0,53282.15,53308.4,52783.45,53710.35,0,0.0,0.0,0.0,0.0,-0.01,-1,-1,-0.01,-1,-1,-0.01,-1,-1,-0.01,-1,-1,-0.01,-1,-1,-0.01,-1,-1,-0.01,-1,-1,-0.01,-1,-1,-0.01,-1,-1,-0.01,-1,-1
99926009,2026-05-18 12:23:49+05:30,53082.75,0,0.0,0,0.0,0.0,53282.15,53308.4,52783.45,53710.35,0,0.0,0.0,0.0,0.0,-0.01,-1,-1,-0.01,-1,-1,-0.01,-1,-1,-0.01,-1,-1,-0.01,-1,-1,-0.01,-1,-1,-0.01,-1,-1,-0.01,-1,-1,-0.01,-1,-1,-0.01,-1,-1
99926009,2026-05-18 12:23:50+05:30,53083.95,0,0.0,0,0.0,0.0,53282.15,53308.4,52783.45,53710.35,0,0.0,0.0,0.0,0.0,-0.01,-1,-1,-0.01,-1,-1,-0.01,-1,-1,-0.01,-1,-1,-0.01,-1,-1,-0.01,-1,-1,-0.01,-1,-1,-0.01,-1,-1,-0.01,-1,-1,-0.01,-1,-1
99926009,2026-05-18 12:23:50+05:30,53083.6,0,0.0,0,0.0,0.0,53282.15,53308.4,52783.45,53710.35,0,0.0,0.0,0.0,0.0,-0.01,-1,-1,-0.01,-1,-1,-0.01,-1,-1,-0.01,-1,-1,-0.01,-1,-1,-0.01,-1,-1,-0.01,-1,-1,-0.01,-1,-1,-0.01,-1,-1,-0.01,-1,-1
99926009,2026-05-18 12:23:51+05:30,53083.2,0,0.0,0,0.0,0.0,53282.15,53308.4,52783.45,53710.35,0,0.0,0.0,0.0,0.0,-0.01,-1,-1,-0.01,-1,-1,-0.01,-1,-1,-0.01,-1,-1,-0.01,-1,-1,-0.01,-1,-1,-0.01,-1,-1,-0.01,-1,-1,-0.01,-1,-1,-0.01,-1,-1
99926009,2026-05-18 12:23:51+05:30,53085.95,0,0.0,0,0.0,0.0,53282.15,53308.4,52783.45,53710.35,0,0.0,0.0,0.0,0.0,-0.01,-1,-1,-0.01,-1,-1,-0.01,-1,-1,-0.01,-1,-1,-0.01,-1,-1,-0.01,-1,-1,-0.01,-1,-1,-0.01,-1,-1,-0.01,-1,-1,-0.01,-1,-1
99926009,2026-05-18 12:23:52+05:30,53085.15,0,0.0,0,0.0,0.0,53282.15,53308.4,52783.45,53710.35,0,0.0,0.0,0.0,0.0,-0.01,-1,-1,-0.01,-1,-1,-0.01,-1,-1,-0.01,-1,-1,-0.01,-1,-1,-0.01,-1,-1,-0.01,-1,-1,-0.01,-1,-1,-0.01,-1,-1,-0.01,-1,-1
99926009,2026-05-18 12:23:52+05:30,53082.6,0,0.0,0,0.0,0.0,53282.15,53308.4,52783.45,53710.35,0,0.0,0.0,0.0,0.0,-0.01,-1,-1,-0.01,-1,-1,-0.01,-1,-1,-0.01,-1,-1,-0.01,-1,-1,-0.01,-1,-1,-0.01,-1,-1,-0.01,-1,-1,-0.01,-1,-1,-0.01,-1,-1
99926009,2026-05-18 12:23:53+05:30,53082.85,0,0.0,0,0.0,0.0,53282.15,53308.4,52783.45,53710.35,0,0.0,0.0,0.0,0.0,-0.01,-1,-1,-0.01,-1,-1,-0.01,-1,-1,-0.01,-1,-1,-0.01,-1,-1,-0.01,-1,-1,-0.01,-1,-1,-0.01,-1,-1,-0.01,-1,-1,-0.01,-1,-1
99926009,2026-05-18 12:23:53+05:30,53080.7,0,0.0,0,0.0,0.0,53282.15,53308.4,52783.45,53710.35,0,0.0,0.0,0.0,0.0,-0.01,-1,-1,-0.01,-1,-1,-0.01,-1,-1,-0.01,-1,-1,-0.01,-1,-1,-0.01,-1,-1,-0.01,-1,-1,-0.01,-1,-1,-0.01,-1,-1,-0.01,-1,-1
99926009,2026-05-18 12:23:54+05:30,53082.5,0,0.0,0,0.0,0.0,53282.15,53308.4,52783.45,53710.35,0,0.0,0.0,0.0,0.0,-0.01,-1,-1,-0.01,-1,-1,-0.01,-1,-1,-0.01,-1,-1,-0.01,-1,-1,-0.01,-1,-1,-0.01,-1,-1,-0.01,-1,-1,-0.01,-1,-1,-0.01,-1,-1
99926009,2026-05-18 12:23:54+05:30,53082.9,0,0.0,0,0.0,0.0,53282.15,53308.4,52783.45,53710.35,0,0.0,0.0,0.0,0.0,-0.01,-1,-1,-0.01,-1,-1,-0.01,-1,-1,-0.01,-1,-1,-0.01,-1,-1,-0.01,-1,-1,-0.01,-1,-1,-0.01,-1,-1,-0.01,-1,-1,-0.01,-1,-1
99926009,2026-05-18 12:23:55+05:30,53083.75,0,0.0,0,0.0,0.0,53282.15,53308.4,52783.45,53710.35,0,0.0,0.0,0.0,0.0,-0.01,-1,-1,-0.01,-1,-1,-0.01,-1,-1,-0.01,-1,-1,-0.01,-1,-1,-0.01,-1,-1,-0.01,-1,-1,-0.01,-1,-1,-0.01,-1,-1,-0.01,-1,-1
99926009,2026-05-18 12:23:55+05:30,53082.4,0,0.0,0,0.0,0.0,53282.15,53308.4,52783.45,53710.35,0,0.0,0.0,0.0,0.0,-0.01,-1,-1,-0.01,-1,-1,-0.01,-1,-1,-0.01,-1,-1,-0.01,-1,-1,-0.01,-1,-1,-0.01,-1,-1,-0.01,-1,-1,-0.01,-1,-1,-0.01,-1,-1
99926009,2026-05-18 12:23:56+05:30,53084.25,0,0.0,0,0.0,0.0,53282.15,53308.4,52783.45,53710.35,0,0.0,0.0,0.0,0.0,-0.01,-1,-1,-0.01,-1,-1,-0.01,-1,-1,-0.01,-1,-1,-0.01,-1,-1,-0.01,-1,-1,-0.01,-1,-1,-0.01,-1,-1,-0.01,-1,-1,-0.01,-1,-1
99926009,2026-05-18 12:23:56+05:30,53083.15,0,0.0,0,0.0,0.0,53282.15,53308.4,52783.45,53710.35,0,0.0,0.0,0.0,0.0,-0.01,-1,-1,-0.01,-1,-1,-0.01,-1,-1,-0.01,-1,-1,-0.01,-1,-1,-0.01,-1,-1,-0.01,-1,-1,-0.01,-1,-1,-0.01,-1,-1,-0.01,-1,-1
99926009,2026-05-18 12:23:57+05:30,53082.55,0,0.0,0,0.0,0.0,53282.15,53308.4,52783.45,53710.35,0,0.0,0.0,0.0,0.0,-0.01,-1,-1,-0.01,-1,-1,-0.01,-1,-1,-0.01,-1,-1,-0.01,-1,-1,-0.01,-1,-1,-0.01,-1,-1,-0.01,-1,-1,-0.01,-1,-1,-0.01,-1,-1
99926009,2026-05-18 12:23:57+05:30,53083.55,0,0.0,0,0.0,0.0,53282.15,53308.4,52783.45,53710.35,0,0.0,0.0,0.0,0.0,-0.01,-1,-1,-0.01,-1,-1,-0.01,-1,-1,-0.01,-1,-1,-0.01,-1,-1,-0.01,-1,-1,-0.01,-1,-1,-0.01,-1,-1,-0.01,-1,-1,-0.01,-1,-1
99926009,2026-05-18 12:23:58+05:30,53082.7,0,0.0,0,0.0,0.0,53282.15,53308.4,52783.45,53710.35,0,0.0,0.0,0.0,0.0,-0.01,-1,-1,-0.01,-1,-1,-0.01,-1,-1,-0.01,-1,-1,-0.01,-1,-1,-0.01,-1,-1,-0.01,-1,-1,-0.01,-1,-1,-0.01,-1,-1,-0.01,-1,-1
99926009,2026-05-18 12:23:58+05:30,53083.45,0,0.0,0,0.0,0.0,53282.15,53308.4,52783.45,53710.35,0,0.0,0.0,0.0,0.0,-0.01,-1,-1,-0.01,-1,-1,-0.01,-1,-1,-0.01,-1,-1,-0.01,-1,-1,-0.01,-1,-1,-0.01,-1,-1,-0.01,-1,-1,-0.01,-1,-1,-0.01,-1,-1
99926009,2026-05-18 12:23:59+05:30,53084.65,0,0.0,0,0.0,0.0,53282.15,53308.4,52783.45,53710.35,0,0.0,0.0,0.0,0.0,-0.01,-1,-1,-0.01,-1,-1,-0.01,-1,-1,-0.01,-1,-1,-0.01,-1,-1,-0.01,-1,-1,-0.01,-1,-1,-0.01,-1,-1,-0.01,-1,-1,-0.01,-1,-1
99926009,2026-05-18 12:23:59+05:30,53086.6,0,0.0,0,0.0,0.0,53282.15,53308.4,52783.45,53710.35,0,0.0,0.0,0.0,0.0,-0.01,-1,-1,-0.01,-1,-1,-0.01,-1,-1,-0.01,-1,-1,-0.01,-1,-1,-0.01,-1,-1,-0.01,-1,-1,-0.01,-1,-1,-0.01,-1,-1,-0.01,-1,-1
99926009,2026-05-18 12:24:00+05:30,53088.4,0,0.0,0,0.0,0.0,53282.15,53308.4,52783.45,53710.35,0,0.0,0.0,0.0,0.0,-0.01,-1,-1,-0.01,-1,-1,-0.01,-1,-1,-0.01,-1,-1,-0.01,-1,-1,-0.01,-1,-1,-0.01,-1,-1,-0.01,-1,-1,-0.01,-1,-1,-0.01,-1,-1
99926009,2026-05-18 12:24:00+05:30,53083.75,0,0.0,0,0.0,0.0,53282.15,53308.4,52783.45,53710.35,0,0.0,0.0,0.0,0.0,-0.01,-1,-1,-0.01,-1,-1,-0.01,-1,-1,-0.01,-1,-1,-0.01,-1,-1,-0.01,-1,-1,-0.01,-1,-1,-0.01,-1,-1,-0.01,-1,-1,-0.01,-1,-1
99926009,2026-05-18 12:24:01+05:30,53085.95,0,0.0,0,0.0,0.0,53282.15,53308.4,52783.45,53710.35,0,0.0,0.0,0.0,0.0,-0.01,-1,-1,-0.01,-1,-1,-0.01,-1,-1,-0.01,-1,-1,-0.01,-1,-1,-0.01,-1,-1,-0.01,-1,-1,-0.01,-1,-1,-0.01,-1,-1,-0.01,-1,-1
99926009,2026-05-18 12:24:01+05:30,53084.85,0,0.0,0,0.0,0.0,53282.15,53308.4,52783.45,53710.35,0,0.0,0.0,0.0,0.0,-0.01,-1,-1,-0.01,-1,-1,-0.01,-1,-1,-0.01,-1,-1,-0.01,-1,-1,-0.01,-1,-1,-0.01,-1,-1,-0.01,-1,-1,-0.01,-1,-1,-0.01,-1,-1
99926009,2026-05-18 12:24:02+05:30,53084.45,0,0.0,0,0.0,0.0,53282.15,53308.4,52783.45,53710.35,0,0.0,0.0,0.0,0.0,-0.01,-1,-1,-0.01,-1,-1,-0.01,-1,-1,-0.01,-1,-1,-0.01,-1,-1,-0.01,-1,-1,-0.01,-1,-1,-0.01,-1,-1,-0.01,-1,-1,-0.01,-1,-1
99926009,2026-05-18 12:24:02+05:30,53083.9,0,0.0,0,0.0,0.0,53282.15,53308.4,52783.45,53710.35,0,0.0,0.0,0.0,0.0,-0.01,-1,-1,-0.01,-1,-1,-0.01,-1,-1,-0.01,-1,-1,-0.01,-1,-1,-0.01,-1,-1,-0.01,-1,-1,-0.01,-1,-1,-0.01,-1,-1,-0.01,-1,-1
99926009,2026-05-18 12:24:03+05:30,53084.15,0,0.0,0,0.0,0.0,53282.15,53308.4,52783.45,53710.35,0,0.0,0.0,0.0,0.0,-0.01,-1,-1,-0.01,-1,-1,-0.01,-1,-1,-0.01,-1,-1,-0.01,-1,-1,-0.01,-1,-1,-0.01,-1,-1,-0.01,-1,-1,-0.01,-1,-1,-0.01,-1,-1
99926009,2026-05-18 12:24:03+05:30,53082.9,0,0.0,0,0.0,0.0,53282.15,53308.4,52783.45,53710.35,0,0.0,0.0,0.0,0.0,-0.01,-1,-1,-0.01,-1,-1,-0.01,-1,-1,-0.01,-1,-1,-0.01,-1,-1,-0.01,-1,-1,-0.01,-1,-1,-0.01,-1,-1,-0.01,-1,-1,-0.01,-1,-1
99926009,2026-05-18 12:24:04+05:30,53083.35,0,0.0,0,0.0,0.0,53282.15,53308.4,52783.45,53710.35,0,0.0,0.0,0.0,0.0,-0.01,-1,-1,-0.01,-1,-1,-0.01,-1,-1,-0.01,-1,-1,-0.01,-1,-1,-0.01,-1,-1,-0.01,-1,-1,-0.01,-1,-1,-0.01,-1,-1,-0.01,-1,-1
99926009,2026-05-18 12:24:04+05:30,53082.9,0,0.0,0,0.0,0.0,53282.15,53308.4,52783.45,53710.35,0,0.0,0.0,0.0,0.0,-0.01,-1,-1,-0.01,-1,-1,-0.01,-1,-1,-0.01,-1,-1,-0.01,-1,-1,-0.01,-1,-1,-0.01,-1,-1,-0.01,-1,-1,-0.01,-1,-1,-0.01,-1,-1
99926009,2026-05-18 12:24:05+05:30,53084.9,0,0.0,0,0.0,0.0,53282.15,53308.4,52783.45,53710.35,0,0.0,0.0,0.0,0.0,-0.01,-1,-1,-0.01,-1,-1,-0.01,-1,-1,-0.01,-1,-1,-0.01,-1,-1,-0.01,-1,-1,-0.01,-1,-1,-0.01,-1,-1,-0.01,-1,-1,-0.01,-1,-1
99926009,2026-05-18 12:24:05+05:30,53086.3,0,0.0,0,0.0,0.0,53282.15,53308.4,52783.45,53710.35,0,0.0,0.0,0.0,0.0,-0.01,-1,-1,-0.01,-1,-1,-0.01,-1,-1,-0.01,-1,-1,-0.01,-1,-1,-0.01,-1,-1,-0.01,-1,-1,-0.01,-1,-1,-0.01,-1,-1,-0.01,-1,-1
99926009,2026-05-18 12:24:06+05:30,53086.0,0,0.0,0,0.0,0.0,53282.15,53308.4,52783.45,53710.35,0,0.0,0.0,0.0,0.0,-0.01,-1,-1,-0.01,-1,-1,-0.01,-1,-1,-0.01,-1,-1,-0.01,-1,-1,-0.01,-1,-1,-0.01,-1,-1,-0.01,-1,-1,-0.01,-1,-1,-0.01,-1,-1
99926009,2026-05-18 12:24:06+05:30,53086.25,0,0.0,0,0.0,0.0,53282.15,53308.4,52783.45,53710.35,0,0.0,0.0,0.0,0.0,-0.01,-1,-1,-0.01,-1,-1,-0.01,-1,-1,-0.01,-1,-1,-0.01,-1,-1,-0.01,-1,-1,-0.01,-1,-1,-0.01,-1,-1,-0.01,-1,-1,-0.01,-1,-1
99926009,2026-05-18 12:24:07+05:30,53083.35,0,0.0,0,0.0,0.0,53282.15,53308.4,52783.45,53710.35,0,0.0,0.0,0.0,0.0,-0.01,-1,-1,-0.01,-1,-1,-0.01,-1,-1,-0.01,-1,-1,-0.01,-1,-1,-0.01,-1,-1,-0.01,-1,-1,-0.01,-1,-1,-0.01,-1,-1,-0.01,-1,-1
99926009,2026-05-18 12:24:07+05:30,53084.35,0,0.0,0,0.0,0.0,53282.15,53308.4,52783.45,53710.35,0,0.0,0.0,0.0,0.0,-0.01,-1,-1,-0.01,-1,-1,-0.01,-1,-1,-0.01,-1,-1,-0.01,-1,-1,-0.01,-1,-1,-0.01,-1,-1,-0.01,-1,-1,-0.01,-1,-1,-0.01,-1,-1
99926009,2026-05-18 12:24:08+05:30,53084.1,0,0.0,0,0.0,0.0,53282.15,53308.4,52783.45,53710.35,0,0.0,0.0,0.0,0.0,-0.01,-1,-1,-0.01,-1,-1,-0.01,-1,-1,-0.01,-1,-1,-0.01,-1,-1,-0.01,-1,-1,-0.01,-1,-1,-0.01,-1,-1,-0.01,-1,-1,-0.01,-1,-1
99926009,2026-05-18 12:24:08+05:30,53085.2,0,0.0,0,0.0,0.0,53282.15,53308.4,52783.45,53710.35,0,0.0,0.0,0.0,0.0,-0.01,-1,-1,-0.01,-1,-1,-0.01,-1,-1,-0.01,-1,-1,-0.01,-1,-1,-0.01,-1,-1,-0.01,-1,-1,-0.01,-1,-1,-0.01,-1,-1,-0.01,-1,-1
99926009,2026-05-18 12:24:09+05:30,53086.3,0,0.0,0,0.0,0.0,53282.15,53308.4,52783.45,53710.35,0,0.0,0.0,0.0,0.0,-0.01,-1,-1,-0.01,-1,-1,-0.01,-1,-1,-0.01,-1,-1,-0.01,-1,-1,-0.01,-1,-1,-0.01,-1,-1,-0.01,-1,-1,-0.01,-1,-1,-0.01,-1,-1
99926009,2026-05-18 12:24:09+05:30,53084.45,0,0.0,0,0.0,0.0,53282.15,53308.4,52783.45,53710.35,0,0.0,0.0,0.0,0.0,-0.01,-1,-1,-0.01,-1,-1,-0.01,-1,-1,-0.01,-1,-1,-0.01,-1,-1,-0.01,-1,-1,-0.01,-1,-1,-0.01,-1,-1,-0.01,-1,-1,-0.01,-1,-1
99926009,2026-05-18 12:24:10+05:30,53086.1,0,0.0,0,0.0,0.0,53282.15,53308.4,52783.45,53710.35,0,0.0,0.0,0.0,0.0,-0.01,-1,-1,-0.01,-1,-1,-0.01,-1,-1,-0.01,-1,-1,-0.01,-1,-1,-0.01,-1,-1,-0.01,-1,-1,-0.01,-1,-1,-0.01,-1,-1,-0.01,-1,-1
99926009,2026-05-18 12:24:10+05:30,53082.95,0,0.0,0,0.0,0.0,53282.15,53308.4,52783.45,53710.35,0,0.0,0.0,0.0,0.0,-0.01,-1,-1,-0.01,-1,-1,-0.01,-1,-1,-0.01,-1,-1,-0.01,-1,-1,-0.01,-1,-1,-0.01,-1,-1,-0.01,-1,-1,-0.01,-1,-1,-0.01,-1,-1
99926009,2026-05-18 12:24:11+05:30,53085.9,0,0.0,0,0.0,0.0,53282.15,53308.4,52783.45,53710.35,0,0.0,0.0,0.0,0.0,-0.01,-1,-1,-0.01,-1,-1,-0.01,-1,-1,-0.01,-1,-1,-0.01,-1,-1,-0.01,-1,-1,-0.01,-1,-1,-0.01,-1,-1,-0.01,-1,-1,-0.01,-1,-1
99926009,2026-05-18 12:24:11+05:30,53083.9,0,0.0,0,0.0,0.0,53282.15,53308.4,52783.45,53710.35,0,0.0,0.0,0.0,0.0,-0.01,-1,-1,-0.01,-1,-1,-0.01,-1,-1,-0.01,-1,-1,-0.01,-1,-1,-0.01,-1,-1,-0.01,-1,-1,-0.01,-1,-1,-0.01,-1,-1,-0.01,-1,-1
99926009,2026-05-18 12:24:12+05:30,53086.75,0,0.0,0,0.0,0.0,53282.15,53308.4,52783.45,53710.35,0,0.0,0.0,0.0,0.0,-0.01,-1,-1,-0.01,-1,-1,-0.01,-1,-1,-0.01,-1,-1,-0.01,-1,-1,-0.01,-1,-1,-0.01,-1,-1,-0.01,-1,-1,-0.01,-1,-1,-0.01,-1,-1
99926009,2026-05-18 12:24:12+05:30,53084.7,0,0.0,0,0.0,0.0,53282.15,53308.4,52783.45,53710.35,0,0.0,0.0,0.0,0.0,-0.01,-1,-1,-0.01,-1,-1,-0.01,-1,-1,-0.01,-1,-1,-0.01,-1,-1,-0.01,-1,-1,-0.01,-1,-1,-0.01,-1,-1,-0.01,-1,-1,-0.01,-1,-1
99926009,2026-05-18 12:24:13+05:30,53086.9,0,0.0,0,0.0,0.0,53282.15,53308.4,52783.45,53710.35,0,0.0,0.0,0.0,0.0,-0.01,-1,-1,-0.01,-1,-1,-0.01,-1,-1,-0.01,-1,-1,-0.01,-1,-1,-0.01,-1,-1,-0.01,-1,-1,-0.01,-1,-1,-0.01,-1,-1,-0.01,-1,-1
99926009,2026-05-18 12:24:13+05:30,53087.95,0,0.0,0,0.0,0.0,53282.15,53308.4,52783.45,53710.35,0,0.0,0.0,0.0,0.0,-0.01,-1,-1,-0.01,-1,-1,-0.01,-1,-1,-0.01,-1,-1,-0.01,-1,-1,-0.01,-1,-1,-0.01,-1,-1,-0.01,-1,-1,-0.01,-1,-1,-0.01,-1,-1
99926009,2026-05-18 12:24:14+05:30,53091.1,0,0.0,0,0.0,0.0,53282.15,53308.4,52783.45,53710.35,0,0.0,0.0,0.0,0.0,-0.01,-1,-1,-0.01,-1,-1,-0.01,-1,-1,-0.01,-1,-1,-0.01,-1,-1,-0.01,-1,-1,-0.01,-1,-1,-0.01,-1,-1,-0.01,-1,-1,-0.01,-1,-1
99926009,2026-05-18 12:24:14+05:30,53089.5,0,0.0,0,0.0,0.0,53282.15,53308.4,52783.45,53710.35,0,0.0,0.0,0.0,0.0,-0.01,-1,-1,-0.01,-1,-1,-0.01,-1,-1,-0.01,-1,-1,-0.01,-1,-1,-0.01,-1,-1,-0.01,-1,-1,-0.01,-1,-1,-0.01,-1,-1,-0.01,-1,-1
99926009,2026-05-18 12:24:15+05:30,53093.45,0,0.0,0,0.0,0.0,53282.15,53308.4,52783.45,53710.35,0,0.0,0.0,0.0,0.0,-0.01,-1,-1,-0.01,-1,-1,-0.01,-1,-1,-0.01,-1,-1,-0.01,-1,-1,-0.01,-1,-1,-0.01,-1,-1,-0.01,-1,-1,-0.01,-1,-1,-0.01,-1,-1
99926009,2026-05-18 12:24:15+05:30,53092.2,0,0.0,0,0.0,0.0,53282.15,53308.4,52783.45,53710.35,0,0.0,0.0,0.0,0.0,-0.01,-1,-1,-0.01,-1,-1,-0.01,-1,-1,-0.01,-1,-1,-0.01,-1,-1,-0.01,-1,-1,-0.01,-1,-1,-0.01,-1,-1,-0.01,-1,-1,-0.01,-1,-1
99926009,2026-05-18 12:24:16+05:30,53092.8,0,0.0,0,0.0,0.0,53282.15,53308.4,52783.45,53710.35,0,0.0,0.0,0.0,0.0,-0.01,-1,-1,-0.01,-1,-1,-0.01,-1,-1,-0.01,-1,-1,-0.01,-1,-1,-0.01,-1,-1,-0.01,-1,-1,-0.01,-1,-1,-0.01,-1,-1,-0.01,-1,-1
99926009,2026-05-18 12:24:16+05:30,53090.85,0,0.0,0,0.0,0.0,53282.15,53308.4,52783.45,53710.35,0,0.0,0.0,0.0,0.0,-0.01,-1,-1,-0.01,-1,-1,-0.01,-1,-1,-0.01,-1,-1,-0.01,-1,-1,-0.01,-1,-1,-0.01,-1,-1,-0.01,-1,-1,-0.01,-1,-1,-0.01,-1,-1
99926009,2026-05-18 12:24:17+05:30,53095.6,0,0.0,0,0.0,0.0,53282.15,53308.4,52783.45,53710.35,0,0.0,0.0,0.0,0.0,-0.01,-1,-1,-0.01,-1,-1,-0.01,-1,-1,-0.01,-1,-1,-0.01,-1,-1,-0.01,-1,-1,-0.01,-1,-1,-0.01,-1,-1,-0.01,-1,-1,-0.01,-1,-1
99926009,2026-05-18 12:24:17+05:30,53095.3,0,0.0,0,0.0,0.0,53282.15,53308.4,52783.45,53710.35,0,0.0,0.0,0.0,0.0,-0.01,-1,-1,-0.01,-1,-1,-0.01,-1,-1,-0.01,-1,-1,-0.01,-1,-1,-0.01,-1,-1,-0.01,-1,-1,-0.01,-1,-1,-0.01,-1,-1,-0.01,-1,-1
99926009,2026-05-18 12:24:18+05:30,53097.25,0,0.0,0,0.0,0.0,53282.15,53308.4,52783.45,53710.35,0,0.0,0.0,0.0,0.0,-0.01,-1,-1,-0.01,-1,-1,-0.01,-1,-1,-0.01,-1,-1,-0.01,-1,-1,-0.01,-1,-1,-0.01,-1,-1,-0.01,-1,-1,-0.01,-1,-1,-0.01,-1,-1
99926009,2026-05-18 12:24:18+05:30,53096.1,0,0.0,0,0.0,0.0,53282.15,53308.4,52783.45,53710.35,0,0.0,0.0,0.0,0.0,-0.01,-1,-1,-0.01,-1,-1,-0.01,-1,-1,-0.01,-1,-1,-0.01,-1,-1,-0.01,-1,-1,-0.01,-1,-1,-0.01,-1,-1,-0.01,-1,-1,-0.01,-1,-1
99926009,2026-05-18 12:24:19+05:30,53096.6,0,0.0,0,0.0,0.0,53282.15,53308.4,52783.45,53710.35,0,0.0,0.0,0.0,0.0,-0.01,-1,-1,-0.01,-1,-1,-0.01,-1,-1,-0.01,-1,-1,-0.01,-1,-1,-0.01,-1,-1,-0.01,-1,-1,-0.01,-1,-1,-0.01,-1,-1,-0.01,-1,-1
99926009,2026-05-18 12:24:19+05:30,53096.55,0,0.0,0,0.0,0.0,53282.15,53308.4,52783.45,53710.35,0,0.0,0.0,0.0,0.0,-0.01,-1,-1,-0.01,-1,-1,-0.01,-1,-1,-0.01,-1,-1,-0.01,-1,-1,-0.01,-1,-1,-0.01,-1,-1,-0.01,-1,-1,-0.01,-1,-1,-0.01,-1,-1
99926009,2026-05-18 12:24:20+05:30,53096.25,0,0.0,0,0.0,0.0,53282.15,53308.4,52783.45,53710.35,0,0.0,0.0,0.0,0.0,-0.01,-1,-1,-0.01,-1,-1,-0.01,-1,-1,-0.01,-1,-1,-0.01,-1,-1,-0.01,-1,-1,-0.01,-1,-1,-0.01,-1,-1,-0.01,-1,-1,-0.01,-1,-1
99926009,2026-05-18 12:24:20+05:30,53096.6,0,0.0,0,0.0,0.0,53282.15,53308.4,52783.45,53710.35,0,0.0,0.0,0.0,0.0,-0.01,-1,-1,-0.01,-1,-1,-0.01,-1,-1,-0.01,-1,-1,-0.01,-1,-1,-0.01,-1,-1,-0.01,-1,-1,-0.01,-1,-1,-0.01,-1,-1,-0.01,-1,-1
99926009,2026-05-18 12:24:21+05:30,53097.85,0,0.0,0,0.0,0.0,53282.15,53308.4,52783.45,53710.35,0,0.0,0.0,0.0,0.0,-0.01,-1,-1,-0.01,-1,-1,-0.01,-1,-1,-0.01,-1,-1,-0.01,-1,-1,-0.01,-1,-1,-0.01,-1,-1,-0.01,-1,-1,-0.01,-1,-1,-0.01,-1,-1
99926009,2026-05-18 12:24:21+05:30,53099.0,0,0.0,0,0.0,0.0,53282.15,53308.4,52783.45,53710.35,0,0.0,0.0,0.0,0.0,-0.01,-1,-1,-0.01,-1,-1,-0.01,-1,-1,-0.01,-1,-1,-0.01,-1,-1,-0.01,-1,-1,-0.01,-1,-1,-0.01,-1,-1,-0.01,-1,-1,-0.01,-1,-1
99926009,2026-05-18 12:24:22+05:30,53099.8,0,0.0,0,0.0,0.0,53282.15,53308.4,52783.45,53710.35,0,0.0,0.0,0.0,0.0,-0.01,-1,-1,-0.01,-1,-1,-0.01,-1,-1,-0.01,-1,-1,-0.01,-1,-1,-0.01,-1,-1,-0.01,-1,-1,-0.01,-1,-1,-0.01,-1,-1,-0.01,-1,-1
99926009,2026-05-18 12:24:22+05:30,53101.6,0,0.0,0,0.0,0.0,53282.15,53308.4,52783.45,53710.35,0,0.0,0.0,0.0,0.0,-0.01,-1,-1,-0.01,-1,-1,-0.01,-1,-1,-0.01,-1,-1,-0.01,-1,-1,-0.01,-1,-1,-0.01,-1,-1,-0.01,-1,-1,-0.01,-1,-1,-0.01,-1,-1
99926009,2026-05-18 12:24:23+05:30,53101.35,0,0.0,0,0.0,0.0,53282.15,53308.4,52783.45,53710.35,0,0.0,0.0,0.0,0.0,-0.01,-1,-1,-0.01,-1,-1,-0.01,-1,-1,-0.01,-1,-1,-0.01,-1,-1,-0.01,-1,-1,-0.01,-1,-1,-0.01,-1,-1,-0.01,-1,-1,-0.01,-1,-1
99926009,2026-05-18 12:24:23+05:30,53106.95,0,0.0,0,0.0,0.0,53282.15,53308.4,52783.45,53710.35,0,0.0,0.0,0.0,0.0,-0.01,-1,-1,-0.01,-1,-1,-0.01,-1,-1,-0.01,-1,-1,-0.01,-1,-1,-0.01,-1,-1,-0.01,-1,-1,-0.01,-1,-1,-0.01,-1,-1,-0.01,-1,-1
99926009,2026-05-18 12:24:24+05:30,53105.25,0,0.0,0,0.0,0.0,53282.15,53308.4,52783.45,53710.35,0,0.0,0.0,0.0,0.0,-0.01,-1,-1,-0.01,-1,-1,-0.01,-1,-1,-0.01,-1,-1,-0.01,-1,-1,-0.01,-1,-1,-0.01,-1,-1,-0.01,-1,-1,-0.01,-1,-1,-0.01,-1,-1
99926009,2026-05-18 12:24:24+05:30,53103.25,0,0.0,0,0.0,0.0,53282.15,53308.4,52783.45,53710.35,0,0.0,0.0,0.0,0.0,-0.01,-1,-1,-0.01,-1,-1,-0.01,-1,-1,-0.01,-1,-1,-0.01,-1,-1,-0.01,-1,-1,-0.01,-1,-1,-0.01,-1,-1,-0.01,-1,-1,-0.01,-1,-1
99926009,2026-05-18 12:24:25+05:30,53109.5,0,0.0,0,0.0,0.0,53282.15,53308.4,52783.45,53710.35,0,0.0,0.0,0.0,0.0,-0.01,-1,-1,-0.01,-1,-1,-0.01,-1,-1,-0.01,-1,-1,-0.01,-1,-1,-0.01,-1,-1,-0.01,-1,-1,-0.01,-1,-1,-0.01,-1,-1,-0.01,-1,-1
99926009,2026-05-18 12:24:25+05:30,53106.2,0,0.0,0,0.0,0.0,53282.15,53308.4,52783.45,53710.35,0,0.0,0.0,0.0,0.0,-0.01,-1,-1,-0.01,-1,-1,-0.01,-1,-1,-0.01,-1,-1,-0.01,-1,-1,-0.01,-1,-1,-0.01,-1,-1,-0.01,-1,-1,-0.01,-1,-1,-0.01,-1,-1
99926009,2026-05-18 12:24:26+05:30,53110.65,0,0.0,0,0.0,0.0,53282.15,53308.4,52783.45,53710.35,0,0.0,0.0,0.0,0.0,-0.01,-1,-1,-0.01,-1,-1,-0.01,-1,-1,-0.01,-1,-1,-0.01,-1,-1,-0.01,-1,-1,-0.01,-1,-1,-0.01,-1,-1,-0.01,-1,-1,-0.01,-1,-1
99926009,2026-05-18 12:24:26+05:30,53109.2,0,0.0,0,0.0,0.0,53282.15,53308.4,52783.45,53710.35,0,0.0,0.0,0.0,0.0,-0.01,-1,-1,-0.01,-1,-1,-0.01,-1,-1,-0.01,-1,-1,-0.01,-1,-1,-0.01,-1,-1,-0.01,-1,-1,-0.01,-1,-1,-0.01,-1,-1,-0.01,-1,-1
99926009,2026-05-18 12:24:27+05:30,53113.3,0,0.0,0,0.0,0.0,53282.15,53308.4,52783.45,53710.35,0,0.0,0.0,0.0,0.0,-0.01,-1,-1,-0.01,-1,-1,-0.01,-1,-1,-0.01,-1,-1,-0.01,-1,-1,-0.01,-1,-1,-0.01,-1,-1,-0.01,-1,-1,-0.01,-1,-1,-0.01,-1,-1
99926009,2026-05-18 12:24:27+05:30,53111.05,0,0.0,0,0.0,0.0,53282.15,53308.4,52783.45,53710.35,0,0.0,0.0,0.0,0.0,-0.01,-1,-1,-0.01,-1,-1,-0.01,-1,-1,-0.01,-1,-1,-0.01,-1,-1,-0.01,-1,-1,-0.01,-1,-1,-0.01,-1,-1,-0.01,-1,-1,-0.01,-1,-1
99926009,2026-05-18 12:24:28+05:30,53110.6,0,0.0,0,0.0,0.0,53282.15,53308.4,52783.45,53710.35,0,0.0,0.0,0.0,0.0,-0.01,-1,-1,-0.01,-1,-1,-0.01,-1,-1,-0.01,-1,-1,-0.01,-1,-1,-0.01,-1,-1,-0.01,-1,-1,-0.01,-1,-1,-0.01,-1,-1,-0.01,-1,-1
99926009,2026-05-18 12:24:28+05:30,53108.45,0,0.0,0,0.0,0.0,53282.15,53308.4,52783.45,53710.35,0,0.0,0.0,0.0,0.0,-0.01,-1,-1,-0.01,-1,-1,-0.01,-1,-1,-0.01,-1,-1,-0.01,-1,-1,-0.01,-1,-1,-0.01,-1,-1,-0.01,-1,-1,-0.01,-1,-1,-0.01,-1,-1
99926009,2026-05-18 12:24:29+05:30,53109.3,0,0.0,0,0.0,0.0,53282.15,53308.4,52783.45,53710.35,0,0.0,0.0,0.0,0.0,-0.01,-1,-1,-0.01,-1,-1,-0.01,-1,-1,-0.01,-1,-1,-0.01,-1,-1,-0.01,-1,-1,-0.01,-1,-1,-0.01,-1,-1,-0.01,-1,-1,-0.01,-1,-1
99926009,2026-05-18 12:24:29+05:30,53109.2,0,0.0,0,0.0,0.0,53282.15,53308.4,52783.45,53710.35,0,0.0,0.0,0.0,0.0,-0.01,-1,-1,-0.01,-1,-1,-0.01,-1,-1,-0.01,-1,-1,-0.01,-1,-1,-0.01,-1,-1,-0.01,-1,-1,-0.01,-1,-1,-0.01,-1,-1,-0.01,-1,-1
99926009,2026-05-18 12:24:30+05:30,53106.1,0,0.0,0,0.0,0.0,53282.15,53308.4,52783.45,53710.35,0,0.0,0.0,0.0,0.0,-0.01,-1,-1,-0.01,-1,-1,-0.01,-1,-1,-0.01,-1,-1,-0.01,-1,-1,-0.01,-1,-1,-0.01,-1,-1,-0.01,-1,-1,-0.01,-1,-1,-0.01,-1,-1
99926009,2026-05-18 12:24:30+05:30,53105.45,0,0.0,0,0.0,0.0,53282.15,53308.4,52783.45,53710.35,0,0.0,0.0,0.0,0.0,-0.01,-1,-1,-0.01,-1,-1,-0.01,-1,-1,-0.01,-1,-1,-0.01,-1,-1,-0.01,-1,-1,-0.01,-1,-1,-0.01,-1,-1,-0.01,-1,-1,-0.01,-1,-1
99926009,2026-05-18 12:24:31+05:30,53112.95,0,0.0,0,0.0,0.0,53282.15,53308.4,52783.45,53710.35,0,0.0,0.0,0.0,0.0,-0.01,-1,-1,-0.01,-1,-1,-0.01,-1,-1,-0.01,-1,-1,-0.01,-1,-1,-0.01,-1,-1,-0.01,-1,-1,-0.01,-1,-1,-0.01,-1,-1,-0.01,-1,-1
99926009,2026-05-18 12:24:31+05:30,53112.05,0,0.0,0,0.0,0.0,53282.15,53308.4,52783.45,53710.35,0,0.0,0.0,0.0,0.0,-0.01,-1,-1,-0.01,-1,-1,-0.01,-1,-1,-0.01,-1,-1,-0.01,-1,-1,-0.01,-1,-1,-0.01,-1,-1,-0.01,-1,-1,-0.01,-1,-1,-0.01,-1,-1
99926009,2026-05-18 12:24:32+05:30,53110.7,0,0.0,0,0.0,0.0,53282.15,53308.4,52783.45,53710.35,0,0.0,0.0,0.0,0.0,-0.01,-1,-1,-0.01,-1,-1,-0.01,-1,-1,-0.01,-1,-1,-0.01,-1,-1,-0.01,-1,-1,-0.01,-1,-1,-0.01,-1,-1,-0.01,-1,-1,-0.01,-1,-1
99926009,2026-05-18 12:24:32+05:30,53110.6,0,0.0,0,0.0,0.0,53282.15,53308.4,52783.45,53710.35,0,0.0,0.0,0.0,0.0,-0.01,-1,-1,-0.01,-1,-1,-0.01,-1,-1,-0.01,-1,-1,-0.01,-1,-1,-0.01,-1,-1,-0.01,-1,-1,-0.01,-1,-1,-0.01,-1,-1,-0.01,-1,-1
99926009,2026-05-18 12:24:33+05:30,53107.85,0,0.0,0,0.0,0.0,53282.15,53308.4,52783.45,53710.35,0,0.0,0.0,0.0,0.0,-0.01,-1,-1,-0.01,-1,-1,-0.01,-1,-1,-0.01,-1,-1,-0.01,-1,-1,-0.01,-1,-1,-0.01,-1,-1,-0.01,-1,-1,-0.01,-1,-1,-0.01,-1,-1
99926009,2026-05-18 12:24:33+05:30,53107.8,0,0.0,0,0.0,0.0,53282.15,53308.4,52783.45,53710.35,0,0.0,0.0,0.0,0.0,-0.01,-1,-1,-0.01,-1,-1,-0.01,-1,-1,-0.01,-1,-1,-0.01,-1,-1,-0.01,-1,-1,-0.01,-1,-1,-0.01,-1,-1,-0.01,-1,-1,-0.01,-1,-1
99926009,2026-05-18 12:24:34+05:30,53109.65,0,0.0,0,0.0,0.0,53282.15,53308.4,52783.45,53710.35,0,0.0,0.0,0.0,0.0,-0.01,-1,-1,-0.01,-1,-1,-0.01,-1,-1,-0.01,-1,-1,-0.01,-1,-1,-0.01,-1,-1,-0.01,-1,-1,-0.01,-1,-1,-0.01,-1,-1,-0.01,-1,-1
99926009,2026-05-18 12:24:34+05:30,53109.15,0,0.0,0,0.0,0.0,53282.15,53308.4,52783.45,53710.35,0,0.0,0.0,0.0,0.0,-0.01,-1,-1,-0.01,-1,-1,-0.01,-1,-1,-0.01,-1,-1,-0.01,-1,-1,-0.01,-1,-1,-0.01,-1,-1,-0.01,-1,-1,-0.01,-1,-1,-0.01,-1,-1
99926009,2026-05-18 12:24:35+05:30,53111.5,0,0.0,0,0.0,0.0,53282.15,53308.4,52783.45,53710.35,0,0.0,0.0,0.0,0.0,-0.01,-1,-1,-0.01,-1,-1,-0.01,-1,-1,-0.01,-1,-1,-0.01,-1,-1,-0.01,-1,-1,-0.01,-1,-1,-0.01,-1,-1,-0.01,-1,-1,-0.01,-1,-1
99926009,2026-05-18 12:24:35+05:30,53110.8,0,0.0,0,0.0,0.0,53282.15,53308.4,52783.45,53710.35,0,0.0,0.0,0.0,0.0,-0.01,-1,-1,-0.01,-1,-1,-0.01,-1,-1,-0.01,-1,-1,-0.01,-1,-1,-0.01,-1,-1,-0.01,-1,-1,-0.01,-1,-1,-0.01,-1,-1,-0.01,-1,-1
99926009,2026-05-18 12:24:36+05:30,53111.9,0,0.0,0,0.0,0.0,53282.15,53308.4,52783.45,53710.35,0,0.0,0.0,0.0,0.0,-0.01,-1,-1,-0.01,-1,-1,-0.01,-1,-1,-0.01,-1,-1,-0.01,-1,-1,-0.01,-1,-1,-0.01,-1,-1,-0.01,-1,-1,-0.01,-1,-1,-0.01,-1,-1
99926009,2026-05-18 12:24:36+05:30,53112.0,0,0.0,0,0.0,0.0,53282.15,53308.4,52783.45,53710.35,0,0.0,0.0,0.0,0.0,-0.01,-1,-1,-0.01,-1,-1,-0.01,-1,-1,-0.01,-1,-1,-0.01,-1,-1,-0.01,-1,-1,-0.01,-1,-1,-0.01,-1,-1,-0.01,-1,-1,-0.01,-1,-1
99926009,2026-05-18 12:24:37+05:30,53110.25,0,0.0,0,0.0,0.0,53282.15,53308.4,52783.45,53710.35,0,0.0,0.0,0.0,0.0,-0.01,-1,-1,-0.01,-1,-1,-0.01,-1,-1,-0.01,-1,-1,-0.01,-1,-1,-0.01,-1,-1,-0.01,-1,-1,-0.01,-1,-1,-0.01,-1,-1,-0.01,-1,-1
99926009,2026-05-18 12:24:37+05:30,53109.6,0,0.0,0,0.0,0.0,53282.15,53308.4,52783.45,53710.35,0,0.0,0.0,0.0,0.0,-0.01,-1,-1,-0.01,-1,-1,-0.01,-1,-1,-0.01,-1,-1,-0.01,-1,-1,-0.01,-1,-1,-0.01,-1,-1,-0.01,-1,-1,-0.01,-1,-1,-0.01,-1,-1
99926009,2026-05-18 12:24:38+05:30,53108.45,0,0.0,0,0.0,0.0,53282.15,53308.4,52783.45,53710.35,0,0.0,0.0,0.0,0.0,-0.01,-1,-1,-0.01,-1,-1,-0.01,-1,-1,-0.01,-1,-1,-0.01,-1,-1,-0.01,-1,-1,-0.01,-1,-1,-0.01,-1,-1,-0.01,-1,-1,-0.01,-1,-1
99926009,2026-05-18 12:24:38+05:30,53107.9,0,0.0,0,0.0,0.0,53282.15,53308.4,52783.45,53710.35,0,0.0,0.0,0.0,0.0,-0.01,-1,-1,-0.01,-1,-1,-0.01,-1,-1,-0.01,-1,-1,-0.01,-1,-1,-0.01,-1,-1,-0.01,-1,-1,-0.01,-1,-1,-0.01,-1,-1,-0.01,-1,-1
99926009,2026-05-18 12:24:39+05:30,53107.7,0,0.0,0,0.0,0.0,53282.15,53308.4,52783.45,53710.35,0,0.0,0.0,0.0,0.0,-0.01,-1,-1,-0.01,-1,-1,-0.01,-1,-1,-0.01,-1,-1,-0.01,-1,-1,-0.01,-1,-1,-0.01,-1,-1,-0.01,-1,-1,-0.01,-1,-1,-0.01,-1,-1
99926009,2026-05-18 12:24:39+05:30,53104.65,0,0.0,0,0.0,0.0,53282.15,53308.4,52783.45,53710.35,0,0.0,0.0,0.0,0.0,-0.01,-1,-1,-0.01,-1,-1,-0.01,-1,-1,-0.01,-1,-1,-0.01,-1,-1,-0.01,-1,-1,-0.01,-1,-1,-0.01,-1,-1,-0.01,-1,-1,-0.01,-1,-1
99926009,2026-05-18 12:24:40+05:30,53110.85,0,0.0,0,0.0,0.0,53282.15,53308.4,52783.45,53710.35,0,0.0,0.0,0.0,0.0,-0.01,-1,-1,-0.01,-1,-1,-0.01,-1,-1,-0.01,-1,-1,-0.01,-1,-1,-0.01,-1,-1,-0.01,-1,-1,-0.01,-1,-1,-0.01,-1,-1,-0.01,-1,-1
99926009,2026-05-18 12:24:40+05:30,53108.35,0,0.0,0,0.0,0.0,53282.15,53308.4,52783.45,53710.35,0,0.0,0.0,0.0,0.0,-0.01,-1,-1,-0.01,-1,-1,-0.01,-1,-1,-0.01,-1,-1,-0.01,-1,-1,-0.01,-1,-1,-0.01,-1,-1,-0.01,-1,-1,-0.01,-1,-1,-0.01,-1,-1
99926009,2026-05-18 12:24:41+05:30,53109.0,0,0.0,0,0.0,0.0,53282.15,53308.4,52783.45,53710.35,0,0.0,0.0,0.0,0.0,-0.01,-1,-1,-0.01,-1,-1,-0.01,-1,-1,-0.01,-1,-1,-0.01,-1,-1,-0.01,-1,-1,-0.01,-1,-1,-0.01,-1,-1,-0.01,-1,-1,-0.01,-1,-1
99926009,2026-05-18 12:24:41+05:30,53108.4,0,0.0,0,0.0,0.0,53282.15,53308.4,52783.45,53710.35,0,0.0,0.0,0.0,0.0,-0.01,-1,-1,-0.01,-1,-1,-0.01,-1,-1,-0.01,-1,-1,-0.01,-1,-1,-0.01,-1,-1,-0.01,-1,-1,-0.01,-1,-1,-0.01,-1,-1,-0.01,-1,-1
99926009,2026-05-18 12:24:42+05:30,53106.55,0,0.0,0,0.0,0.0,53282.15,53308.4,52783.45,53710.35,0,0.0,0.0,0.0,0.0,-0.01,-1,-1,-0.01,-1,-1,-0.01,-1,-1,-0.01,-1,-1,-0.01,-1,-1,-0.01,-1,-1,-0.01,-1,-1,-0.01,-1,-1,-0.01,-1,-1,-0.01,-1,-1
99926009,2026-05-18 12:24:42+05:30,53108.15,0,0.0,0,0.0,0.0,53282.15,53308.4,52783.45,53710.35,0,0.0,0.0,0.0,0.0,-0.01,-1,-1,-0.01,-1,-1,-0.01,-1,-1,-0.01,-1,-1,-0.01,-1,-1,-0.01,-1,-1,-0.01,-1,-1,-0.01,-1,-1,-0.01,-1,-1,-0.01,-1,-1
99926009,2026-05-18 12:24:43+05:30,53108.25,0,0.0,0,0.0,0.0,53282.15,53308.4,52783.45,53710.35,0,0.0,0.0,0.0,0.0,-0.01,-1,-1,-0.01,-1,-1,-0.01,-1,-1,-0.01,-1,-1,-0.01,-1,-1,-0.01,-1,-1,-0.01,-1,-1,-0.01,-1,-1,-0.01,-1,-1,-0.01,-1,-1
99926009,2026-05-18 12:24:43+05:30,53108.45,0,0.0,0,0.0,0.0,53282.15,53308.4,52783.45,53710.35,0,0.0,0.0,0.0,0.0,-0.01,-1,-1,-0.01,-1,-1,-0.01,-1,-1,-0.01,-1,-1,-0.01,-1,-1,-0.01,-1,-1,-0.01,-1,-1,-0.01,-1,-1,-0.01,-1,-1,-0.01,-1,-1
99926009,2026-05-18 12:24:44+05:30,53107.8,0,0.0,0,0.0,0.0,53282.15,53308.4,52783.45,53710.35,0,0.0,0.0,0.0,0.0,-0.01,-1,-1,-0.01,-1,-1,-0.01,-1,-1,-0.01,-1,-1,-0.01,-1,-1,-0.01,-1,-1,-0.01,-1,-1,-0.01,-1,-1,-0.01,-1,-1,-0.01,-1,-1
99926009,2026-05-18 12:24:44+05:30,53108.55,0,0.0,0,0.0,0.0,53282.15,53308.4,52783.45,53710.35,0,0.0,0.0,0.0,0.0,-0.01,-1,-1,-0.01,-1,-1,-0.01,-1,-1,-0.01,-1,-1,-0.01,-1,-1,-0.01,-1,-1,-0.01,-1,-1,-0.01,-1,-1,-0.01,-1,-1,-0.01,-1,-1
99926009,2026-05-18 12:24:45+05:30,53112.35,0,0.0,0,0.0,0.0,53282.15,53308.4,52783.45,53710.35,0,0.0,0.0,0.0,0.0,-0.01,-1,-1,-0.01,-1,-1,-0.01,-1,-1,-0.01,-1,-1,-0.01,-1,-1,-0.01,-1,-1,-0.01,-1,-1,-0.01,-1,-1,-0.01,-1,-1,-0.01,-1,-1
99926009,2026-05-18 12:24:45+05:30,53111.4,0,0.0,0,0.0,0.0,53282.15,53308.4,52783.45,53710.35,0,0.0,0.0,0.0,0.0,-0.01,-1,-1,-0.01,-1,-1,-0.01,-1,-1,-0.01,-1,-1,-0.01,-1,-1,-0.01,-1,-1,-0.01,-1,-1,-0.01,-1,-1,-0.01,-1,-1,-0.01,-1,-1
99926009,2026-05-18 12:24:46+05:30,53112.55,0,0.0,0,0.0,0.0,53282.15,53308.4,52783.45,53710.35,0,0.0,0.0,0.0,0.0,-0.01,-1,-1,-0.01,-1,-1,-0.01,-1,-1,-0.01,-1,-1,-0.01,-1,-1,-0.01,-1,-1,-0.01,-1,-1,-0.01,-1,-1,-0.01,-1,-1,-0.01,-1,-1
99926009,2026-05-18 12:24:46+05:30,53108.3,0,0.0,0,0.0,0.0,53282.15,53308.4,52783.45,53710.35,0,0.0,0.0,0.0,0.0,-0.01,-1,-1,-0.01,-1,-1,-0.01,-1,-1,-0.01,-1,-1,-0.01,-1,-1,-0.01,-1,-1,-0.01,-1,-1,-0.01,-1,-1,-0.01,-1,-1,-0.01,-1,-1
99926009,2026-05-18 12:24:47+05:30,53110.35,0,0.0,0,0.0,0.0,53282.15,53308.4,52783.45,53710.35,0,0.0,0.0,0.0,0.0,-0.01,-1,-1,-0.01,-1,-1,-0.01,-1,-1,-0.01,-1,-1,-0.01,-1,-1,-0.01,-1,-1,-0.01,-1,-1,-0.01,-1,-1,-0.01,-1,-1,-0.01,-1,-1
99926009,2026-05-18 12:24:47+05:30,53115.55,0,0.0,0,0.0,0.0,53282.15,53308.4,52783.45,53710.35,0,0.0,0.0,0.0,0.0,-0.01,-1,-1,-0.01,-1,-1,-0.01,-1,-1,-0.01,-1,-1,-0.01,-1,-1,-0.01,-1,-1,-0.01,-1,-1,-0.01,-1,-1,-0.01,-1,-1,-0.01,-1,-1
99926009,2026-05-18 12:24:48+05:30,53117.0,0,0.0,0,0.0,0.0,53282.15,53308.4,52783.45,53710.35,0,0.0,0.0,0.0,0.0,-0.01,-1,-1,-0.01,-1,-1,-0.01,-1,-1,-0.01,-1,-1,-0.01,-1,-1,-0.01,-1,-1,-0.01,-1,-1,-0.01,-1,-1,-0.01,-1,-1,-0.01,-1,-1
99926009,2026-05-18 12:24:48+05:30,53118.15,0,0.0,0,0.0,0.0,53282.15,53308.4,52783.45,53710.35,0,0.0,0.0,0.0,0.0,-0.01,-1,-1,-0.01,-1,-1,-0.01,-1,-1,-0.01,-1,-1,-0.01,-1,-1,-0.01,-1,-1,-0.01,-1,-1,-0.01,-1,-1,-0.01,-1,-1,-0.01,-1,-1
99926009,2026-05-18 12:24:49+05:30,53117.1,0,0.0,0,0.0,0.0,53282.15,53308.4,52783.45,53710.35,0,0.0,0.0,0.0,0.0,-0.01,-1,-1,-0.01,-1,-1,-0.01,-1,-1,-0.01,-1,-1,-0.01,-1,-1,-0.01,-1,-1,-0.01,-1,-1,-0.01,-1,-1,-0.01,-1,-1,-0.01,-1,-1
99926009,2026-05-18 12:24:49+05:30,53120.6,0,0.0,0,0.0,0.0,53282.15,53308.4,52783.45,53710.35,0,0.0,0.0,0.0,0.0,-0.01,-1,-1,-0.01,-1,-1,-0.01,-1,-1,-0.01,-1,-1,-0.01,-1,-1,-0.01,-1,-1,-0.01,-1,-1,-0.01,-1,-1,-0.01,-1,-1,-0.01,-1,-1
99926009,2026-05-18 12:24:50+05:30,53122.2,0,0.0,0,0.0,0.0,53282.15,53308.4,52783.45,53710.35,0,0.0,0.0,0.0,0.0,-0.01,-1,-1,-0.01,-1,-1,-0.01,-1,-1,-0.01,-1,-1,-0.01,-1,-1,-0.01,-1,-1,-0.01,-1,-1,-0.01,-1,-1,-0.01,-1,-1,-0.01,-1,-1
99926009,2026-05-18 12:24:50+05:30,53121.65,0,0.0,0,0.0,0.0,53282.15,53308.4,52783.45,53710.35,0,0.0,0.0,0.0,0.0,-0.01,-1,-1,-0.01,-1,-1,-0.01,-1,-1,-0.01,-1,-1,-0.01,-1,-1,-0.01,-1,-1,-0.01,-1,-1,-0.01,-1,-1,-0.01,-1,-1,-0.01,-1,-1
99926009,2026-05-18 12:24:51+05:30,53123.2,0,0.0,0,0.0,0.0,53282.15,53308.4,52783.45,53710.35,0,0.0,0.0,0.0,0.0,-0.01,-1,-1,-0.01,-1,-1,-0.01,-1,-1,-0.01,-1,-1,-0.01,-1,-1,-0.01,-1,-1,-0.01,-1,-1,-0.01,-1,-1,-0.01,-1,-1,-0.01,-1,-1
99926009,2026-05-18 12:24:51+05:30,53123.85,0,0.0,0,0.0,0.0,53282.15,53308.4,52783.45,53710.35,0,0.0,0.0,0.0,0.0,-0.01,-1,-1,-0.01,-1,-1,-0.01,-1,-1,-0.01,-1,-1,-0.01,-1,-1,-0.01,-1,-1,-0.01,-1,-1,-0.01,-1,-1,-0.01,-1,-1,-0.01,-1,-1
99926009,2026-05-18 12:24:52+05:30,53121.3,0,0.0,0,0.0,0.0,53282.15,53308.4,52783.45,53710.35,0,0.0,0.0,0.0,0.0,-0.01,-1,-1,-0.01,-1,-1,-0.01,-1,-1,-0.01,-1,-1,-0.01,-1,-1,-0.01,-1,-1,-0.01,-1,-1,-0.01,-1,-1,-0.01,-1,-1,-0.01,-1,-1
99926009,2026-05-18 12:24:52+05:30,53123.8,0,0.0,0,0.0,0.0,53282.15,53308.4,52783.45,53710.35,0,0.0,0.0,0.0,0.0,-0.01,-1,-1,-0.01,-1,-1,-0.01,-1,-1,-0.01,-1,-1,-0.01,-1,-1,-0.01,-1,-1,-0.01,-1,-1,-0.01,-1,-1,-0.01,-1,-1,-0.01,-1,-1
99926009,2026-05-18 12:24:53+05:30,53124.85,0,0.0,0,0.0,0.0,53282.15,53308.4,52783.45,53710.35,0,0.0,0.0,0.0,0.0,-0.01,-1,-1,-0.01,-1,-1,-0.01,-1,-1,-0.01,-1,-1,-0.01,-1,-1,-0.01,-1,-1,-0.01,-1,-1,-0.01,-1,-1,-0.01,-1,-1,-0.01,-1,-1
99926009,2026-05-18 12:24:53+05:30,53125.05,0,0.0,0,0.0,0.0,53282.15,53308.4,52783.45,53710.35,0,0.0,0.0,0.0,0.0,-0.01,-1,-1,-0.01,-1,-1,-0.01,-1,-1,-0.01,-1,-1,-0.01,-1,-1,-0.01,-1,-1,-0.01,-1,-1,-0.01,-1,-1,-0.01,-1,-1,-0.01,-1,-1
99926009,2026-05-18 12:24:54+05:30,53126.65,0,0.0,0,0.0,0.0,53282.15,53308.4,52783.45,53710.35,0,0.0,0.0,0.0,0.0,-0.01,-1,-1,-0.01,-1,-1,-0.01,-1,-1,-0.01,-1,-1,-0.01,-1,-1,-0.01,-1,-1,-0.01,-1,-1,-0.01,-1,-1,-0.01,-1,-1,-0.01,-1,-1
99926009,2026-05-18 12:24:54+05:30,53128.9,0,0.0,0,0.0,0.0,53282.15,53308.4,52783.45,53710.35,0,0.0,0.0,0.0,0.0,-0.01,-1,-1,-0.01,-1,-1,-0.01,-1,-1,-0.01,-1,-1,-0.01,-1,-1,-0.01,-1,-1,-0.01,-1,-1,-0.01,-1,-1,-0.01,-1,-1,-0.01,-1,-1
99926009,2026-05-18 12:24:55+05:30,53132.15,0,0.0,0,0.0,0.0,53282.15,53308.4,52783.45,53710.35,0,0.0,0.0,0.0,0.0,-0.01,-1,-1,-0.01,-1,-1,-0.01,-1,-1,-0.01,-1,-1,-0.01,-1,-1,-0.01,-1,-1,-0.01,-1,-1,-0.01,-1,-1,-0.01,-1,-1,-0.01,-1,-1
99926009,2026-05-18 12:24:55+05:30,53130.9,0,0.0,0,0.0,0.0,53282.15,53308.4,52783.45,53710.35,0,0.0,0.0,0.0,0.0,-0.01,-1,-1,-0.01,-1,-1,-0.01,-1,-1,-0.01,-1,-1,-0.01,-1,-1,-0.01,-1,-1,-0.01,-1,-1,-0.01,-1,-1,-0.01,-1,-1,-0.01,-1,-1
99926009,2026-05-18 12:24:56+05:30,53129.5,0,0.0,0,0.0,0.0,53282.15,53308.4,52783.45,53710.35,0,0.0,0.0,0.0,0.0,-0.01,-1,-1,-0.01,-1,-1,-0.01,-1,-1,-0.01,-1,-1,-0.01,-1,-1,-0.01,-1,-1,-0.01,-1,-1,-0.01,-1,-1,-0.01,-1,-1,-0.01,-1,-1
99926009,2026-05-18 12:24:56+05:30,53128.35,0,0.0,0,0.0,0.0,53282.15,53308.4,52783.45,53710.35,0,0.0,0.0,0.0,0.0,-0.01,-1,-1,-0.01,-1,-1,-0.01,-1,-1,-0.01,-1,-1,-0.01,-1,-1,-0.01,-1,-1,-0.01,-1,-1,-0.01,-1,-1,-0.01,-1,-1,-0.01,-1,-1
99926009,2026-05-18 12:24:57+05:30,53128.1,0,0.0,0,0.0,0.0,53282.15,53308.4,52783.45,53710.35,0,0.0,0.0,0.0,0.0,-0.01,-1,-1,-0.01,-1,-1,-0.01,-1,-1,-0.01,-1,-1,-0.01,-1,-1,-0.01,-1,-1,-0.01,-1,-1,-0.01,-1,-1,-0.01,-1,-1,-0.01,-1,-1
99926009,2026-05-18 12:24:57+05:30,53124.9,0,0.0,0,0.0,0.0,53282.15,53308.4,52783.45,53710.35,0,0.0,0.0,0.0,0.0,-0.01,-1,-1,-0.01,-1,-1,-0.01,-1,-1,-0.01,-1,-1,-0.01,-1,-1,-0.01,-1,-1,-0.01,-1,-1,-0.01,-1,-1,-0.01,-1,-1,-0.01,-1,-1
99926009,2026-05-18 12:24:58+05:30,53123.0,0,0.0,0,0.0,0.0,53282.15,53308.4,52783.45,53710.35,0,0.0,0.0,0.0,0.0,-0.01,-1,-1,-0.01,-1,-1,-0.01,-1,-1,-0.01,-1,-1,-0.01,-1,-1,-0.01,-1,-1,-0.01,-1,-1,-0.01,-1,-1,-0.01,-1,-1,-0.01,-1,-1
99926009,2026-05-18 12:24:58+05:30,53123.95,0,0.0,0,0.0,0.0,53282.15,53308.4,52783.45,53710.35,0,0.0,0.0,0.0,0.0,-0.01,-1,-1,-0.01,-1,-1,-0.01,-1,-1,-0.01,-1,-1,-0.01,-1,-1,-0.01,-1,-1,-0.01,-1,-1,-0.01,-1,-1,-0.01,-1,-1,-0.01,-1,-1
99926009,2026-05-18 12:24:59+05:30,53124.95,0,0.0,0,0.0,0.0,53282.15,53308.4,52783.45,53710.35,0,0.0,0.0,0.0,0.0,-0.01,-1,-1,-0.01,-1,-1,-0.01,-1,-1,-0.01,-1,-1,-0.01,-1,-1,-0.01,-1,-1,-0.01,-1,-1,-0.01,-1,-1,-0.01,-1,-1,-0.01,-1,-1
99926009,2026-05-18 12:24:59+05:30,53123.3,0,0.0,0,0.0,0.0,53282.15,53308.4,52783.45,53710.35,0,0.0,0.0,0.0,0.0,-0.01,-1,-1,-0.01,-1,-1,-0.01,-1,-1,-0.01,-1,-1,-0.01,-1,-1,-0.01,-1,-1,-0.01,-1,-1,-0.01,-1,-1,-0.01,-1,-1,-0.01,-1,-1
99926009,2026-05-18 12:25:00+05:30,53124.8,0,0.0,0,0.0,0.0,53282.15,53308.4,52783.45,53710.35,0,0.0,0.0,0.0,0.0,-0.01,-1,-1,-0.01,-1,-1,-0.01,-1,-1,-0.01,-1,-1,-0.01,-1,-1,-0.01,-1,-1,-0.01,-1,-1,-0.01,-1,-1,-0.01,-1,-1,-0.01,-1,-1
99926009,2026-05-18 12:25:00+05:30,53125.75,0,0.0,0,0.0,0.0,53282.15,53308.4,52783.45,53710.35,0,0.0,0.0,0.0,0.0,-0.01,-1,-1,-0.01,-1,-1,-0.01,-1,-1,-0.01,-1,-1,-0.01,-1,-1,-0.01,-1,-1,-0.01,-1,-1,-0.01,-1,-1,-0.01,-1,-1,-0.01,-1,-1
99926009,2026-05-18 12:25:01+05:30,53127.75,0,0.0,0,0.0,0.0,53282.15,53308.4,52783.45,53710.35,0,0.0,0.0,0.0,0.0,-0.01,-1,-1,-0.01,-1,-1,-0.01,-1,-1,-0.01,-1,-1,-0.01,-1,-1,-0.01,-1,-1,-0.01,-1,-1,-0.01,-1,-1,-0.01,-1,-1,-0.01,-1,-1
99926009,2026-05-18 12:25:01+05:30,53125.95,0,0.0,0,0.0,0.0,53282.15,53308.4,52783.45,53710.35,0,0.0,0.0,0.0,0.0,-0.01,-1,-1,-0.01,-1,-1,-0.01,-1,-1,-0.01,-1,-1,-0.01,-1,-1,-0.01,-1,-1,-0.01,-1,-1,-0.01,-1,-1,-0.01,-1,-1,-0.01,-1,-1
99926009,2026-05-18 12:25:02+05:30,53124.45,0,0.0,0,0.0,0.0,53282.15,53308.4,52783.45,53710.35,0,0.0,0.0,0.0,0.0,-0.01,-1,-1,-0.01,-1,-1,-0.01,-1,-1,-0.01,-1,-1,-0.01,-1,-1,-0.01,-1,-1,-0.01,-1,-1,-0.01,-1,-1,-0.01,-1,-1,-0.01,-1,-1
99926009,2026-05-18 12:25:02+05:30,53127.0,0,0.0,0,0.0,0.0,53282.15,53308.4,52783.45,53710.35,0,0.0,0.0,0.0,0.0,-0.01,-1,-1,-0.01,-1,-1,-0.01,-1,-1,-0.01,-1,-1,-0.01,-1,-1,-0.01,-1,-1,-0.01,-1,-1,-0.01,-1,-1,-0.01,-1,-1,-0.01,-1,-1
99926009,2026-05-18 12:25:03+05:30,53125.5,0,0.0,0,0.0,0.0,53282.15,53308.4,52783.45,53710.35,0,0.0,0.0,0.0,0.0,-0.01,-1,-1,-0.01,-1,-1,-0.01,-1,-1,-0.01,-1,-1,-0.01,-1,-1,-0.01,-1,-1,-0.01,-1,-1,-0.01,-1,-1,-0.01,-1,-1,-0.01,-1,-1
99926009,2026-05-18 12:25:03+05:30,53127.8,0,0.0,0,0.0,0.0,53282.15,53308.4,52783.45,53710.35,0,0.0,0.0,0.0,0.0,-0.01,-1,-1,-0.01,-1,-1,-0.01,-1,-1,-0.01,-1,-1,-0.01,-1,-1,-0.01,-1,-1,-0.01,-1,-1,-0.01,-1,-1,-0.01,-1,-1,-0.01,-1,-1
99926009,2026-05-18 12:25:04+05:30,53129.95,0,0.0,0,0.0,0.0,53282.15,53308.4,52783.45,53710.35,0,0.0,0.0,0.0,0.0,-0.01,-1,-1,-0.01,-1,-1,-0.01,-1,-1,-0.01,-1,-1,-0.01,-1,-1,-0.01,-1,-1,-0.01,-1,-1,-0.01,-1,-1,-0.01,-1,-1,-0.01,-1,-1
99926009,2026-05-18 12:25:04+05:30,53129.35,0,0.0,0,0.0,0.0,53282.15,53308.4,52783.45,53710.35,0,0.0,0.0,0.0,0.0,-0.01,-1,-1,-0.01,-1,-1,-0.01,-1,-1,-0.01,-1,-1,-0.01,-1,-1,-0.01,-1,-1,-0.01,-1,-1,-0.01,-1,-1,-0.01,-1,-1,-0.01,-1,-1
99926009,2026-05-18 12:25:05+05:30,53132.0,0,0.0,0,0.0,0.0,53282.15,53308.4,52783.45,53710.35,0,0.0,0.0,0.0,0.0,-0.01,-1,-1,-0.01,-1,-1,-0.01,-1,-1,-0.01,-1,-1,-0.01,-1,-1,-0.01,-1,-1,-0.01,-1,-1,-0.01,-1,-1,-0.01,-1,-1,-0.01,-1,-1
99926009,2026-05-18 12:25:05+05:30,53135.4,0,0.0,0,0.0,0.0,53282.15,53308.4,52783.45,53710.35,0,0.0,0.0,0.0,0.0,-0.01,-1,-1,-0.01,-1,-1,-0.01,-1,-1,-0.01,-1,-1,-0.01,-1,-1,-0.01,-1,-1,-0.01,-1,-1,-0.01,-1,-1,-0.01,-1,-1,-0.01,-1,-1
99926009,2026-05-18 12:25:06+05:30,53134.2,0,0.0,0,0.0,0.0,53282.15,53308.4,52783.45,53710.35,0,0.0,0.0,0.0,0.0,-0.01,-1,-1,-0.01,-1,-1,-0.01,-1,-1,-0.01,-1,-1,-0.01,-1,-1,-0.01,-1,-1,-0.01,-1,-1,-0.01,-1,-1,-0.01,-1,-1,-0.01,-1,-1
99926009,2026-05-18 12:25:06+05:30,53135.9,0,0.0,0,0.0,0.0,53282.15,53308.4,52783.45,53710.35,0,0.0,0.0,0.0,0.0,-0.01,-1,-1,-0.01,-1,-1,-0.01,-1,-1,-0.01,-1,-1,-0.01,-1,-1,-0.01,-1,-1,-0.01,-1,-1,-0.01,-1,-1,-0.01,-1,-1,-0.01,-1,-1
99926009,2026-05-18 12:25:07+05:30,53133.3,0,0.0,0,0.0,0.0,53282.15,53308.4,52783.45,53710.35,0,0.0,0.0,0.0,0.0,-0.01,-1,-1,-0.01,-1,-1,-0.01,-1,-1,-0.01,-1,-1,-0.01,-1,-1,-0.01,-1,-1,-0.01,-1,-1,-0.01,-1,-1,-0.01,-1,-1,-0.01,-1,-1
99926009,2026-05-18 12:25:07+05:30,53130.3,0,0.0,0,0.0,0.0,53282.15,53308.4,52783.45,53710.35,0,0.0,0.0,0.0,0.0,-0.01,-1,-1,-0.01,-1,-1,-0.01,-1,-1,-0.01,-1,-1,-0.01,-1,-1,-0.01,-1,-1,-0.01,-1,-1,-0.01,-1,-1,-0.01,-1,-1,-0.01,-1,-1
99926009,2026-05-18 12:25:08+05:30,53128.3,0,0.0,0,0.0,0.0,53282.15,53308.4,52783.45,53710.35,0,0.0,0.0,0.0,0.0,-0.01,-1,-1,-0.01,-1,-1,-0.01,-1,-1,-0.01,-1,-1,-0.01,-1,-1,-0.01,-1,-1,-0.01,-1,-1,-0.01,-1,-1,-0.01,-1,-1,-0.01,-1,-1
99926009,2026-05-18 12:25:08+05:30,53127.85,0,0.0,0,0.0,0.0,53282.15,53308.4,52783.45,53710.35,0,0.0,0.0,0.0,0.0,-0.01,-1,-1,-0.01,-1,-1,-0.01,-1,-1,-0.01,-1,-1,-0.01,-1,-1,-0.01,-1,-1,-0.01,-1,-1,-0.01,-1,-1,-0.01,-1,-1,-0.01,-1,-1
99926009,2026-05-18 12:25:09+05:30,53132.3,0,0.0,0,0.0,0.0,53282.15,53308.4,52783.45,53710.35,0,0.0,0.0,0.0,0.0,-0.01,-1,-1,-0.01,-1,-1,-0.01,-1,-1,-0.01,-1,-1,-0.01,-1,-1,-0.01,-1,-1,-0.01,-1,-1,-0.01,-1,-1,-0.01,-1,-1,-0.01,-1,-1
99926009,2026-05-18 12:25:09+05:30,53131.0,0,0.0,0,0.0,0.0,53282.15,53308.4,52783.45,53710.35,0,0.0,0.0,0.0,0.0,-0.01,-1,-1,-0.01,-1,-1,-0.01,-1,-1,-0.01,-1,-1,-0.01,-1,-1,-0.01,-1,-1,-0.01,-1,-1,-0.01,-1,-1,-0.01,-1,-1,-0.01,-1,-1
99926009,2026-05-18 12:25:10+05:30,53129.5,0,0.0,0,0.0,0.0,53282.15,53308.4,52783.45,53710.35,0,0.0,0.0,0.0,0.0,-0.01,-1,-1,-0.01,-1,-1,-0.01,-1,-1,-0.01,-1,-1,-0.01,-1,-1,-0.01,-1,-1,-0.01,-1,-1,-0.01,-1,-1,-0.01,-1,-1,-0.01,-1,-1
99926009,2026-05-18 12:25:10+05:30,53128.75,0,0.0,0,0.0,0.0,53282.15,53308.4,52783.45,53710.35,0,0.0,0.0,0.0,0.0,-0.01,-1,-1,-0.01,-1,-1,-0.01,-1,-1,-0.01,-1,-1,-0.01,-1,-1,-0.01,-1,-1,-0.01,-1,-1,-0.01,-1,-1,-0.01,-1,-1,-0.01,-1,-1
99926009,2026-05-18 12:25:11+05:30,53128.8,0,0.0,0,0.0,0.0,53282.15,53308.4,52783.45,53710.35,0,0.0,0.0,0.0,0.0,-0.01,-1,-1,-0.01,-1,-1,-0.01,-1,-1,-0.01,-1,-1,-0.01,-1,-1,-0.01,-1,-1,-0.01,-1,-1,-0.01,-1,-1,-0.01,-1,-1,-0.01,-1,-1
99926009,2026-05-18 12:25:11+05:30,53126.65,0,0.0,0,0.0,0.0,53282.15,53308.4,52783.45,53710.35,0,0.0,0.0,0.0,0.0,-0.01,-1,-1,-0.01,-1,-1,-0.01,-1,-1,-0.01,-1,-1,-0.01,-1,-1,-0.01,-1,-1,-0.01,-1,-1,-0.01,-1,-1,-0.01,-1,-1,-0.01,-1,-1
99926009,2026-05-18 12:25:12+05:30,53128.55,0,0.0,0,0.0,0.0,53282.15,53308.4,52783.45,53710.35,0,0.0,0.0,0.0,0.0,-0.01,-1,-1,-0.01,-1,-1,-0.01,-1,-1,-0.01,-1,-1,-0.01,-1,-1,-0.01,-1,-1,-0.01,-1,-1,-0.01,-1,-1,-0.01,-1,-1,-0.01,-1,-1
99926009,2026-05-18 12:25:12+05:30,53127.35,0,0.0,0,0.0,0.0,53282.15,53308.4,52783.45,53710.35,0,0.0,0.0,0.0,0.0,-0.01,-1,-1,-0.01,-1,-1,-0.01,-1,-1,-0.01,-1,-1,-0.01,-1,-1,-0.01,-1,-1,-0.01,-1,-1,-0.01,-1,-1,-0.01,-1,-1,-0.01,-1,-1
99926009,2026-05-18 12:25:13+05:30,53127.15,0,0.0,0,0.0,0.0,53282.15,53308.4,52783.45,53710.35,0,0.0,0.0,0.0,0.0,-0.01,-1,-1,-0.01,-1,-1,-0.01,-1,-1,-0.01,-1,-1,-0.01,-1,-1,-0.01,-1,-1,-0.01,-1,-1,-0.01,-1,-1,-0.01,-1,-1,-0.01,-1,-1
99926009,2026-05-18 12:25:13+05:30,53127.4,0,0.0,0,0.0,0.0,53282.15,53308.4,52783.45,53710.35,0,0.0,0.0,0.0,0.0,-0.01,-1,-1,-0.01,-1,-1,-0.01,-1,-1,-0.01,-1,-1,-0.01,-1,-1,-0.01,-1,-1,-0.01,-1,-1,-0.01,-1,-1,-0.01,-1,-1,-0.01,-1,-1
99926009,2026-05-18 12:25:14+05:30,53126.0,0,0.0,0,0.0,0.0,53282.15,53308.4,52783.45,53710.35,0,0.0,0.0,0.0,0.0,-0.01,-1,-1,-0.01,-1,-1,-0.01,-1,-1,-0.01,-1,-1,-0.01,-1,-1,-0.01,-1,-1,-0.01,-1,-1,-0.01,-1,-1,-0.01,-1,-1,-0.01,-1,-1
99926009,2026-05-18 12:25:14+05:30,53124.7,0,0.0,0,0.0,0.0,53282.15,53308.4,52783.45,53710.35,0,0.0,0.0,0.0,0.0,-0.01,-1,-1,-0.01,-1,-1,-0.01,-1,-1,-0.01,-1,-1,-0.01,-1,-1,-0.01,-1,-1,-0.01,-1,-1,-0.01,-1,-1,-0.01,-1,-1,-0.01,-1,-1
99926009,2026-05-18 12:25:15+05:30,53127.55,0,0.0,0,0.0,0.0,53282.15,53308.4,52783.45,53710.35,0,0.0,0.0,0.0,0.0,-0.01,-1,-1,-0.01,-1,-1,-0.01,-1,-1,-0.01,-1,-1,-0.01,-1,-1,-0.01,-1,-1,-0.01,-1,-1,-0.01,-1,-1,-0.01,-1,-1,-0.01,-1,-1
99926009,2026-05-18 12:25:15+05:30,53129.55,0,0.0,0,0.0,0.0,53282.15,53308.4,52783.45,53710.35,0,0.0,0.0,0.0,0.0,-0.01,-1,-1,-0.01,-1,-1,-0.01,-1,-1,-0.01,-1,-1,-0.01,-1,-1,-0.01,-1,-1,-0.01,-1,-1,-0.01,-1,-1,-0.01,-1,-1,-0.01,-1,-1
99926009,2026-05-18 12:25:16+05:30,53131.25,0,0.0,0,0.0,0.0,53282.15,53308.4,52783.45,53710.35,0,0.0,0.0,0.0,0.0,-0.01,-1,-1,-0.01,-1,-1,-0.01,-1,-1,-0.01,-1,-1,-0.01,-1,-1,-0.01,-1,-1,-0.01,-1,-1,-0.01,-1,-1,-0.01,-1,-1,-0.01,-1,-1
99926009,2026-05-18 12:25:16+05:30,53129.6,0,0.0,0,0.0,0.0,53282.15,53308.4,52783.45,53710.35,0,0.0,0.0,0.0,0.0,-0.01,-1,-1,-0.01,-1,-1,-0.01,-1,-1,-0.01,-1,-1,-0.01,-1,-1,-0.01,-1,-1,-0.01,-1,-1,-0.01,-1,-1,-0.01,-1,-1,-0.01,-1,-1
99926009,2026-05-18 12:25:17+05:30,53129.6,0,0.0,0,0.0,0.0,53282.15,53308.4,52783.45,53710.35,0,0.0,0.0,0.0,0.0,-0.01,-1,-1,-0.01,-1,-1,-0.01,-1,-1,-0.01,-1,-1,-0.01,-1,-1,-0.01,-1,-1,-0.01,-1,-1,-0.01,-1,-1,-0.01,-1,-1,-0.01,-1,-1
99926009,2026-05-18 12:25:17+05:30,53129.3,0,0.0,0,0.0,0.0,53282.15,53308.4,52783.45,53710.35,0,0.0,0.0,0.0,0.0,-0.01,-1,-1,-0.01,-1,-1,-0.01,-1,-1,-0.01,-1,-1,-0.01,-1,-1,-0.01,-1,-1,-0.01,-1,-1,-0.01,-1,-1,-0.01,-1,-1,-0.01,-1,-1
99926009,2026-05-18 12:25:18+05:30,53130.3,0,0.0,0,0.0,0.0,53282.15,53308.4,52783.45,53710.35,0,0.0,0.0,0.0,0.0,-0.01,-1,-1,-0.01,-1,-1,-0.01,-1,-1,-0.01,-1,-1,-0.01,-1,-1,-0.01,-1,-1,-0.01,-1,-1,-0.01,-1,-1,-0.01,-1,-1,-0.01,-1,-1
99926009,2026-05-18 12:25:18+05:30,53129.75,0,0.0,0,0.0,0.0,53282.15,53308.4,52783.45,53710.35,0,0.0,0.0,0.0,0.0,-0.01,-1,-1,-0.01,-1,-1,-0.01,-1,-1,-0.01,-1,-1,-0.01,-1,-1,-0.01,-1,-1,-0.01,-1,-1,-0.01,-1,-1,-0.01,-1,-1,-0.01,-1,-1
99926009,2026-05-18 12:25:19+05:30,53131.1,0,0.0,0,0.0,0.0,53282.15,53308.4,52783.45,53710.35,0,0.0,0.0,0.0,0.0,-0.01,-1,-1,-0.01,-1,-1,-0.01,-1,-1,-0.01,-1,-1,-0.01,-1,-1,-0.01,-1,-1,-0.01,-1,-1,-0.01,-1,-1,-0.01,-1,-1,-0.01,-1,-1
99926009,2026-05-18 12:25:19+05:30,53129.85,0,0.0,0,0.0,0.0,53282.15,53308.4,52783.45,53710.35,0,0.0,0.0,0.0,0.0,-0.01,-1,-1,-0.01,-1,-1,-0.01,-1,-1,-0.01,-1,-1,-0.01,-1,-1,-0.01,-1,-1,-0.01,-1,-1,-0.01,-1,-1,-0.01,-1,-1,-0.01,-1,-1
99926009,2026-05-18 12:25:20+05:30,53131.3,0,0.0,0,0.0,0.0,53282.15,53308.4,52783.45,53710.35,0,0.0,0.0,0.0,0.0,-0.01,-1,-1,-0.01,-1,-1,-0.01,-1,-1,-0.01,-1,-1,-0.01,-1,-1,-0.01,-1,-1,-0.01,-1,-1,-0.01,-1,-1,-0.01,-1,-1,-0.01,-1,-1
99926009,2026-05-18 12:25:20+05:30,53133.9,0,0.0,0,0.0,0.0,53282.15,53308.4,52783.45,53710.35,0,0.0,0.0,0.0,0.0,-0.01,-1,-1,-0.01,-1,-1,-0.01,-1,-1,-0.01,-1,-1,-0.01,-1,-1,-0.01,-1,-1,-0.01,-1,-1,-0.01,-1,-1,-0.01,-1,-1,-0.01,-1,-1
99926009,2026-05-18 12:25:21+05:30,53134.2,0,0.0,0,0.0,0.0,53282.15,53308.4,52783.45,53710.35,0,0.0,0.0,0.0,0.0,-0.01,-1,-1,-0.01,-1,-1,-0.01,-1,-1,-0.01,-1,-1,-0.01,-1,-1,-0.01,-1,-1,-0.01,-1,-1,-0.01,-1,-1,-0.01,-1,-1,-0.01,-1,-1
99926009,2026-05-18 12:25:21+05:30,53134.05,0,0.0,0,0.0,0.0,53282.15,53308.4,52783.45,53710.35,0,0.0,0.0,0.0,0.0,-0.01,-1,-1,-0.01,-1,-1,-0.01,-1,-1,-0.01,-1,-1,-0.01,-1,-1,-0.01,-1,-1,-0.01,-1,-1,-0.01,-1,-1,-0.01,-1,-1,-0.01,-1,-1
99926009,2026-05-18 12:25:22+05:30,53132.8,0,0.0,0,0.0,0.0,53282.15,53308.4,52783.45,53710.35,0,0.0,0.0,0.0,0.0,-0.01,-1,-1,-0.01,-1,-1,-0.01,-1,-1,-0.01,-1,-1,-0.01,-1,-1,-0.01,-1,-1,-0.01,-1,-1,-0.01,-1,-1,-0.01,-1,-1,-0.01,-1,-1
99926009,2026-05-18 12:25:22+05:30,53133.55,0,0.0,0,0.0,0.0,53282.15,53308.4,52783.45,53710.35,0,0.0,0.0,0.0,0.0,-0.01,-1,-1,-0.01,-1,-1,-0.01,-1,-1,-0.01,-1,-1,-0.01,-1,-1,-0.01,-1,-1,-0.01,-1,-1,-0.01,-1,-1,-0.01,-1,-1,-0.01,-1,-1
99926009,2026-05-18 12:25:23+05:30,53135.4,0,0.0,0,0.0,0.0,53282.15,53308.4,52783.45,53710.35,0,0.0,0.0,0.0,0.0,-0.01,-1,-1,-0.01,-1,-1,-0.01,-1,-1,-0.01,-1,-1,-0.01,-1,-1,-0.01,-1,-1,-0.01,-1,-1,-0.01,-1,-1,-0.01,-1,-1,-0.01,-1,-1
99926009,2026-05-18 12:25:23+05:30,53134.3,0,0.0,0,0.0,0.0,53282.15,53308.4,52783.45,53710.35,0,0.0,0.0,0.0,0.0,-0.01,-1,-1,-0.01,-1,-1,-0.01,-1,-1,-0.01,-1,-1,-0.01,-1,-1,-0.01,-1,-1,-0.01,-1,-1,-0.01,-1,-1,-0.01,-1,-1,-0.01,-1,-1
99926009,2026-05-18 12:25:24+05:30,53136.45,0,0.0,0,0.0,0.0,53282.15,53308.4,52783.45,53710.35,0,0.0,0.0,0.0,0.0,-0.01,-1,-1,-0.01,-1,-1,-0.01,-1,-1,-0.01,-1,-1,-0.01,-1,-1,-0.01,-1,-1,-0.01,-1,-1,-0.01,-1,-1,-0.01,-1,-1,-0.01,-1,-1
99926009,2026-05-18 12:25:24+05:30,53132.3,0,0.0,0,0.0,0.0,53282.15,53308.4,52783.45,53710.35,0,0.0,0.0,0.0,0.0,-0.01,-1,-1,-0.01,-1,-1,-0.01,-1,-1,-0.01,-1,-1,-0.01,-1,-1,-0.01,-1,-1,-0.01,-1,-1,-0.01,-1,-1,-0.01,-1,-1,-0.01,-1,-1
99926009,2026-05-18 12:25:25+05:30,53135.35,0,0.0,0,0.0,0.0,53282.15,53308.4,52783.45,53710.35,0,0.0,0.0,0.0,0.0,-0.01,-1,-1,-0.01,-1,-1,-0.01,-1,-1,-0.01,-1,-1,-0.01,-1,-1,-0.01,-1,-1,-0.01,-1,-1,-0.01,-1,-1,-0.01,-1,-1,-0.01,-1,-1
99926009,2026-05-18 12:25:25+05:30,53135.9,0,0.0,0,0.0,0.0,53282.15,53308.4,52783.45,53710.35,0,0.0,0.0,0.0,0.0,-0.01,-1,-1,-0.01,-1,-1,-0.01,-1,-1,-0.01,-1,-1,-0.01,-1,-1,-0.01,-1,-1,-0.01,-1,-1,-0.01,-1,-1,-0.01,-1,-1,-0.01,-1,-1
99926009,2026-05-18 12:25:26+05:30,53135.3,0,0.0,0,0.0,0.0,53282.15,53308.4,52783.45,53710.35,0,0.0,0.0,0.0,0.0,-0.01,-1,-1,-0.01,-1,-1,-0.01,-1,-1,-0.01,-1,-1,-0.01,-1,-1,-0.01,-1,-1,-0.01,-1,-1,-0.01,-1,-1,-0.01,-1,-1,-0.01,-1,-1
99926009,2026-05-18 12:25:26+05:30,53133.95,0,0.0,0,0.0,0.0,53282.15,53308.4,52783.45,53710.35,0,0.0,0.0,0.0,0.0,-0.01,-1,-1,-0.01,-1,-1,-0.01,-1,-1,-0.01,-1,-1,-0.01,-1,-1,-0.01,-1,-1,-0.01,-1,-1,-0.01,-1,-1,-0.01,-1,-1,-0.01,-1,-1
99926009,2026-05-18 12:25:27+05:30,53133.7,0,0.0,0,0.0,0.0,53282.15,53308.4,52783.45,53710.35,0,0.0,0.0,0.0,0.0,-0.01,-1,-1,-0.01,-1,-1,-0.01,-1,-1,-0.01,-1,-1,-0.01,-1,-1,-0.01,-1,-1,-0.01,-1,-1,-0.01,-1,-1,-0.01,-1,-1,-0.01,-1,-1
99926009,2026-05-18 12:25:27+05:30,53133.2,0,0.0,0,0.0,0.0,53282.15,53308.4,52783.45,53710.35,0,0.0,0.0,0.0,0.0,-0.01,-1,-1,-0.01,-1,-1,-0.01,-1,-1,-0.01,-1,-1,-0.01,-1,-1,-0.01,-1,-1,-0.01,-1,-1,-0.01,-1,-1,-0.01,-1,-1,-0.01,-1,-1
99926009,2026-05-18 12:25:28+05:30,53133.95,0,0.0,0,0.0,0.0,53282.15,53308.4,52783.45,53710.35,0,0.0,0.0,0.0,0.0,-0.01,-1,-1,-0.01,-1,-1,-0.01,-1,-1,-0.01,-1,-1,-0.01,-1,-1,-0.01,-1,-1,-0.01,-1,-1,-0.01,-1,-1,-0.01,-1,-1,-0.01,-1,-1
99926009,2026-05-18 12:25:28+05:30,53132.4,0,0.0,0,0.0,0.0,53282.15,53308.4,52783.45,53710.35,0,0.0,0.0,0.0,0.0,-0.01,-1,-1,-0.01,-1,-1,-0.01,-1,-1,-0.01,-1,-1,-0.01,-1,-1,-0.01,-1,-1,-0.01,-1,-1,-0.01,-1,-1,-0.01,-1,-1,-0.01,-1,-1
99926009,2026-05-18 12:25:29+05:30,53132.2,0,0.0,0,0.0,0.0,53282.15,53308.4,52783.45,53710.35,0,0.0,0.0,0.0,0.0,-0.01,-1,-1,-0.01,-1,-1,-0.01,-1,-1,-0.01,-1,-1,-0.01,-1,-1,-0.01,-1,-1,-0.01,-1,-1,-0.01,-1,-1,-0.01,-1,-1,-0.01,-1,-1
99926009,2026-05-18 12:25:29+05:30,53131.35,0,0.0,0,0.0,0.0,53282.15,53308.4,52783.45,53710.35,0,0.0,0.0,0.0,0.0,-0.01,-1,-1,-0.01,-1,-1,-0.01,-1,-1,-0.01,-1,-1,-0.01,-1,-1,-0.01,-1,-1,-0.01,-1,-1,-0.01,-1,-1,-0.01,-1,-1,-0.01,-1,-1
99926009,2026-05-18 12:25:30+05:30,53134.65,0,0.0,0,0.0,0.0,53282.15,53308.4,52783.45,53710.35,0,0.0,0.0,0.0,0.0,-0.01,-1,-1,-0.01,-1,-1,-0.01,-1,-1,-0.01,-1,-1,-0.01,-1,-1,-0.01,-1,-1,-0.01,-1,-1,-0.01,-1,-1,-0.01,-1,-1,-0.01,-1,-1
99926009,2026-05-18 12:25:30+05:30,53132.85,0,0.0,0,0.0,0.0,53282.15,53308.4,52783.45,53710.35,0,0.0,0.0,0.0,0.0,-0.01,-1,-1,-0.01,-1,-1,-0.01,-1,-1,-0.01,-1,-1,-0.01,-1,-1,-0.01,-1,-1,-0.01,-1,-1,-0.01,-1,-1,-0.01,-1,-1,-0.01,-1,-1
99926009,2026-05-18 12:25:31+05:30,53134.05,0,0.0,0,0.0,0.0,53282.15,53308.4,52783.45,53710.35,0,0.0,0.0,0.0,0.0,-0.01,-1,-1,-0.01,-1,-1,-0.01,-1,-1,-0.01,-1,-1,-0.01,-1,-1,-0.01,-1,-1,-0.01,-1,-1,-0.01,-1,-1,-0.01,-1,-1,-0.01,-1,-1
99926009,2026-05-18 12:25:31+05:30,53133.55,0,0.0,0,0.0,0.0,53282.15,53308.4,52783.45,53710.35,0,0.0,0.0,0.0,0.0,-0.01,-1,-1,-0.01,-1,-1,-0.01,-1,-1,-0.01,-1,-1,-0.01,-1,-1,-0.01,-1,-1,-0.01,-1,-1,-0.01,-1,-1,-0.01,-1,-1,-0.01,-1,-1
99926009,2026-05-18 12:25:32+05:30,53133.2,0,0.0,0,0.0,0.0,53282.15,53308.4,52783.45,53710.35,0,0.0,0.0,0.0,0.0,-0.01,-1,-1,-0.01,-1,-1,-0.01,-1,-1,-0.01,-1,-1,-0.01,-1,-1,-0.01,-1,-1,-0.01,-1,-1,-0.01,-1,-1,-0.01,-1,-1,-0.01,-1,-1
99926009,2026-05-18 12:25:32+05:30,53134.75,0,0.0,0,0.0,0.0,53282.15,53308.4,52783.45,53710.35,0,0.0,0.0,0.0,0.0,-0.01,-1,-1,-0.01,-1,-1,-0.01,-1,-1,-0.01,-1,-1,-0.01,-1,-1,-0.01,-1,-1,-0.01,-1,-1,-0.01,-1,-1,-0.01,-1,-1,-0.01,-1,-1
99926009,2026-05-18 12:25:33+05:30,53135.0,0,0.0,0,0.0,0.0,53282.15,53308.4,52783.45,53710.35,0,0.0,0.0,0.0,0.0,-0.01,-1,-1,-0.01,-1,-1,-0.01,-1,-1,-0.01,-1,-1,-0.01,-1,-1,-0.01,-1,-1,-0.01,-1,-1,-0.01,-1,-1,-0.01,-1,-1,-0.01,-1,-1
99926009,2026-05-18 12:25:33+05:30,53132.85,0,0.0,0,0.0,0.0,53282.15,53308.4,52783.45,53710.35,0,0.0,0.0,0.0,0.0,-0.01,-1,-1,-0.01,-1,-1,-0.01,-1,-1,-0.01,-1,-1,-0.01,-1,-1,-0.01,-1,-1,-0.01,-1,-1,-0.01,-1,-1,-0.01,-1,-1,-0.01,-1,-1
99926009,2026-05-18 12:25:34+05:30,53135.65,0,0.0,0,0.0,0.0,53282.15,53308.4,52783.45,53710.35,0,0.0,0.0,0.0,0.0,-0.01,-1,-1,-0.01,-1,-1,-0.01,-1,-1,-0.01,-1,-1,-0.01,-1,-1,-0.01,-1,-1,-0.01,-1,-1,-0.01,-1,-1,-0.01,-1,-1,-0.01,-1,-1
99926009,2026-05-18 12:25:34+05:30,53136.8,0,0.0,0,0.0,0.0,53282.15,53308.4,52783.45,53710.35,0,0.0,0.0,0.0,0.0,-0.01,-1,-1,-0.01,-1,-1,-0.01,-1,-1,-0.01,-1,-1,-0.01,-1,-1,-0.01,-1,-1,-0.01,-1,-1,-0.01,-1,-1,-0.01,-1,-1,-0.01,-1,-1
99926009,2026-05-18 12:25:35+05:30,53140.45,0,0.0,0,0.0,0.0,53282.15,53308.4,52783.45,53710.35,0,0.0,0.0,0.0,0.0,-0.01,-1,-1,-0.01,-1,-1,-0.01,-1,-1,-0.01,-1,-1,-0.01,-1,-1,-0.01,-1,-1,-0.01,-1,-1,-0.01,-1,-1,-0.01,-1,-1,-0.01,-1,-1
99926009,2026-05-18 12:25:35+05:30,53140.45,0,0.0,0,0.0,0.0,53282.15,53308.4,52783.45,53710.35,0,0.0,0.0,0.0,0.0,-0.01,-1,-1,-0.01,-1,-1,-0.01,-1,-1,-0.01,-1,-1,-0.01,-1,-1,-0.01,-1,-1,-0.01,-1,-1,-0.01,-1,-1,-0.01,-1,-1,-0.01,-1,-1
99926009,2026-05-18 12:25:36+05:30,53140.6,0,0.0,0,0.0,0.0,53282.15,53308.4,52783.45,53710.35,0,0.0,0.0,0.0,0.0,-0.01,-1,-1,-0.01,-1,-1,-0.01,-1,-1,-0.01,-1,-1,-0.01,-1,-1,-0.01,-1,-1,-0.01,-1,-1,-0.01,-1,-1,-0.01,-1,-1,-0.01,-1,-1
99926009,2026-05-18 12:25:36+05:30,53141.05,0,0.0,0,0.0,0.0,53282.15,53308.4,52783.45,53710.35,0,0.0,0.0,0.0,0.0,-0.01,-1,-1,-0.01,-1,-1,-0.01,-1,-1,-0.01,-1,-1,-0.01,-1,-1,-0.01,-1,-1,-0.01,-1,-1,-0.01,-1,-1,-0.01,-1,-1,-0.01,-1,-1
99926009,2026-05-18 12:25:37+05:30,53140.6,0,0.0,0,0.0,0.0,53282.15,53308.4,52783.45,53710.35,0,0.0,0.0,0.0,0.0,-0.01,-1,-1,-0.01,-1,-1,-0.01,-1,-1,-0.01,-1,-1,-0.01,-1,-1,-0.01,-1,-1,-0.01,-1,-1,-0.01,-1,-1,-0.01,-1,-1,-0.01,-1,-1
99926009,2026-05-18 12:25:37+05:30,53136.5,0,0.0,0,0.0,0.0,53282.15,53308.4,52783.45,53710.35,0,0.0,0.0,0.0,0.0,-0.01,-1,-1,-0.01,-1,-1,-0.01,-1,-1,-0.01,-1,-1,-0.01,-1,-1,-0.01,-1,-1,-0.01,-1,-1,-0.01,-1,-1,-0.01,-1,-1,-0.01,-1,-1
99926009,2026-05-18 12:25:38+05:30,53134.65,0,0.0,0,0.0,0.0,53282.15,53308.4,52783.45,53710.35,0,0.0,0.0,0.0,0.0,-0.01,-1,-1,-0.01,-1,-1,-0.01,-1,-1,-0.01,-1,-1,-0.01,-1,-1,-0.01,-1,-1,-0.01,-1,-1,-0.01,-1,-1,-0.01,-1,-1,-0.01,-1,-1
99926009,2026-05-18 12:25:38+05:30,53134.35,0,0.0,0,0.0,0.0,53282.15,53308.4,52783.45,53710.35,0,0.0,0.0,0.0,0.0,-0.01,-1,-1,-0.01,-1,-1,-0.01,-1,-1,-0.01,-1,-1,-0.01,-1,-1,-0.01,-1,-1,-0.01,-1,-1,-0.01,-1,-1,-0.01,-1,-1,-0.01,-1,-1
99926009,2026-05-18 12:25:39+05:30,53135.75,0,0.0,0,0.0,0.0,53282.15,53308.4,52783.45,53710.35,0,0.0,0.0,0.0,0.0,-0.01,-1,-1,-0.01,-1,-1,-0.01,-1,-1,-0.01,-1,-1,-0.01,-1,-1,-0.01,-1,-1,-0.01,-1,-1,-0.01,-1,-1,-0.01,-1,-1,-0.01,-1,-1
99926009,2026-05-18 12:25:39+05:30,53132.75,0,0.0,0,0.0,0.0,53282.15,53308.4,52783.45,53710.35,0,0.0,0.0,0.0,0.0,-0.01,-1,-1,-0.01,-1,-1,-0.01,-1,-1,-0.01,-1,-1,-0.01,-1,-1,-0.01,-1,-1,-0.01,-1,-1,-0.01,-1,-1,-0.01,-1,-1,-0.01,-1,-1
99926009,2026-05-18 12:25:40+05:30,53134.15,0,0.0,0,0.0,0.0,53282.15,53308.4,52783.45,53710.35,0,0.0,0.0,0.0,0.0,-0.01,-1,-1,-0.01,-1,-1,-0.01,-1,-1,-0.01,-1,-1,-0.01,-1,-1,-0.01,-1,-1,-0.01,-1,-1,-0.01,-1,-1,-0.01,-1,-1,-0.01,-1,-1
99926009,2026-05-18 12:25:40+05:30,53135.15,0,0.0,0,0.0,0.0,53282.15,53308.4,52783.45,53710.35,0,0.0,0.0,0.0,0.0,-0.01,-1,-1,-0.01,-1,-1,-0.01,-1,-1,-0.01,-1,-1,-0.01,-1,-1,-0.01,-1,-1,-0.01,-1,-1,-0.01,-1,-1,-0.01,-1,-1,-0.01,-1,-1
99926009,2026-05-18 12:25:41+05:30,53135.15,0,0.0,0,0.0,0.0,53282.15,53308.4,52783.45,53710.35,0,0.0,0.0,0.0,0.0,-0.01,-1,-1,-0.01,-1,-1,-0.01,-1,-1,-0.01,-1,-1,-0.01,-1,-1,-0.01,-1,-1,-0.01,-1,-1,-0.01,-1,-1,-0.01,-1,-1,-0.01,-1,-1
99926009,2026-05-18 12:25:41+05:30,53137.15,0,0.0,0,0.0,0.0,53282.15,53308.4,52783.45,53710.35,0,0.0,0.0,0.0,0.0,-0.01,-1,-1,-0.01,-1,-1,-0.01,-1,-1,-0.01,-1,-1,-0.01,-1,-1,-0.01,-1,-1,-0.01,-1,-1,-0.01,-1,-1,-0.01,-1,-1,-0.01,-1,-1
99926009,2026-05-18 12:25:42+05:30,53135.95,0,0.0,0,0.0,0.0,53282.15,53308.4,52783.45,53710.35,0,0.0,0.0,0.0,0.0,-0.01,-1,-1,-0.01,-1,-1,-0.01,-1,-1,-0.01,-1,-1,-0.01,-1,-1,-0.01,-1,-1,-0.01,-1,-1,-0.01,-1,-1,-0.01,-1,-1,-0.01,-1,-1
99926009,2026-05-18 12:25:42+05:30,53140.8,0,0.0,0,0.0,0.0,53282.15,53308.4,52783.45,53710.35,0,0.0,0.0,0.0,0.0,-0.01,-1,-1,-0.01,-1,-1,-0.01,-1,-1,-0.01,-1,-1,-0.01,-1,-1,-0.01,-1,-1,-0.01,-1,-1,-0.01,-1,-1,-0.01,-1,-1,-0.01,-1,-1
99926009,2026-05-18 12:25:43+05:30,53139.9,0,0.0,0,0.0,0.0,53282.15,53308.4,52783.45,53710.35,0,0.0,0.0,0.0,0.0,-0.01,-1,-1,-0.01,-1,-1,-0.01,-1,-1,-0.01,-1,-1,-0.01,-1,-1,-0.01,-1,-1,-0.01,-1,-1,-0.01,-1,-1,-0.01,-1,-1,-0.01,-1,-1
99926009,2026-05-18 12:25:43+05:30,53140.65,0,0.0,0,0.0,0.0,53282.15,53308.4,52783.45,53710.35,0,0.0,0.0,0.0,0.0,-0.01,-1,-1,-0.01,-1,-1,-0.01,-1,-1,-0.01,-1,-1,-0.01,-1,-1,-0.01,-1,-1,-0.01,-1,-1,-0.01,-1,-1,-0.01,-1,-1,-0.01,-1,-1
99926009,2026-05-18 12:25:44+05:30,53141.25,0,0.0,0,0.0,0.0,53282.15,53308.4,52783.45,53710.35,0,0.0,0.0,0.0,0.0,-0.01,-1,-1,-0.01,-1,-1,-0.01,-1,-1,-0.01,-1,-1,-0.01,-1,-1,-0.01,-1,-1,-0.01,-1,-1,-0.01,-1,-1,-0.01,-1,-1,-0.01,-1,-1
99926009,2026-05-18 12:25:44+05:30,53138.95,0,0.0,0,0.0,0.0,53282.15,53308.4,52783.45,53710.35,0,0.0,0.0,0.0,0.0,-0.01,-1,-1,-0.01,-1,-1,-0.01,-1,-1,-0.01,-1,-1,-0.01,-1,-1,-0.01,-1,-1,-0.01,-1,-1,-0.01,-1,-1,-0.01,-1,-1,-0.01,-1,-1
99926009,2026-05-18 12:25:45+05:30,53143.4,0,0.0,0,0.0,0.0,53282.15,53308.4,52783.45,53710.35,0,0.0,0.0,0.0,0.0,-0.01,-1,-1,-0.01,-1,-1,-0.01,-1,-1,-0.01,-1,-1,-0.01,-1,-1,-0.01,-1,-1,-0.01,-1,-1,-0.01,-1,-1,-0.01,-1,-1,-0.01,-1,-1
99926009,2026-05-18 12:25:45+05:30,53142.45,0,0.0,0,0.0,0.0,53282.15,53308.4,52783.45,53710.35,0,0.0,0.0,0.0,0.0,-0.01,-1,-1,-0.01,-1,-1,-0.01,-1,-1,-0.01,-1,-1,-0.01,-1,-1,-0.01,-1,-1,-0.01,-1,-1,-0.01,-1,-1,-0.01,-1,-1,-0.01,-1,-1
99926009,2026-05-18 12:25:46+05:30,53142.85,0,0.0,0,0.0,0.0,53282.15,53308.4,52783.45,53710.35,0,0.0,0.0,0.0,0.0,-0.01,-1,-1,-0.01,-1,-1,-0.01,-1,-1,-0.01,-1,-1,-0.01,-1,-1,-0.01,-1,-1,-0.01,-1,-1,-0.01,-1,-1,-0.01,-1,-1,-0.01,-1,-1
99926009,2026-05-18 12:25:46+05:30,53140.25,0,0.0,0,0.0,0.0,53282.15,53308.4,52783.45,53710.35,0,0.0,0.0,0.0,0.0,-0.01,-1,-1,-0.01,-1,-1,-0.01,-1,-1,-0.01,-1,-1,-0.01,-1,-1,-0.01,-1,-1,-0.01,-1,-1,-0.01,-1,-1,-0.01,-1,-1,-0.01,-1,-1
99926009,2026-05-18 12:25:47+05:30,53138.9,0,0.0,0,0.0,0.0,53282.15,53308.4,52783.45,53710.35,0,0.0,0.0,0.0,0.0,-0.01,-1,-1,-0.01,-1,-1,-0.01,-1,-1,-0.01,-1,-1,-0.01,-1,-1,-0.01,-1,-1,-0.01,-1,-1,-0.01,-1,-1,-0.01,-1,-1,-0.01,-1,-1
99926009,2026-05-18 12:25:47+05:30,53139.75,0,0.0,0,0.0,0.0,53282.15,53308.4,52783.45,53710.35,0,0.0,0.0,0.0,0.0,-0.01,-1,-1,-0.01,-1,-1,-0.01,-1,-1,-0.01,-1,-1,-0.01,-1,-1,-0.01,-1,-1,-0.01,-1,-1,-0.01,-1,-1,-0.01,-1,-1,-0.01,-1,-1
99926009,2026-05-18 12:25:48+05:30,53138.35,0,0.0,0,0.0,0.0,53282.15,53308.4,52783.45,53710.35,0,0.0,0.0,0.0,0.0,-0.01,-1,-1,-0.01,-1,-1,-0.01,-1,-1,-0.01,-1,-1,-0.01,-1,-1,-0.01,-1,-1,-0.01,-1,-1,-0.01,-1,-1,-0.01,-1,-1,-0.01,-1,-1
99926009,2026-05-18 12:25:48+05:30,53141.2,0,0.0,0,0.0,0.0,53282.15,53308.4,52783.45,53710.35,0,0.0,0.0,0.0,0.0,-0.01,-1,-1,-0.01,-1,-1,-0.01,-1,-1,-0.01,-1,-1,-0.01,-1,-1,-0.01,-1,-1,-0.01,-1,-1,-0.01,-1,-1,-0.01,-1,-1,-0.01,-1,-1
99926009,2026-05-18 12:25:49+05:30,53140.4,0,0.0,0,0.0,0.0,53282.15,53308.4,52783.45,53710.35,0,0.0,0.0,0.0,0.0,-0.01,-1,-1,-0.01,-1,-1,-0.01,-1,-1,-0.01,-1,-1,-0.01,-1,-1,-0.01,-1,-1,-0.01,-1,-1,-0.01,-1,-1,-0.01,-1,-1,-0.01,-1,-1
99926009,2026-05-18 12:25:49+05:30,53139.15,0,0.0,0,0.0,0.0,53282.15,53308.4,52783.45,53710.35,0,0.0,0.0,0.0,0.0,-0.01,-1,-1,-0.01,-1,-1,-0.01,-1,-1,-0.01,-1,-1,-0.01,-1,-1,-0.01,-1,-1,-0.01,-1,-1,-0.01,-1,-1,-0.01,-1,-1,-0.01,-1,-1
99926009,2026-05-18 12:25:50+05:30,53142.2,0,0.0,0,0.0,0.0,53282.15,53308.4,52783.45,53710.35,0,0.0,0.0,0.0,0.0,-0.01,-1,-1,-0.01,-1,-1,-0.01,-1,-1,-0.01,-1,-1,-0.01,-1,-1,-0.01,-1,-1,-0.01,-1,-1,-0.01,-1,-1,-0.01,-1,-1,-0.01,-1,-1
99926009,2026-05-18 12:25:50+05:30,53143.1,0,0.0,0,0.0,0.0,53282.15,53308.4,52783.45,53710.35,0,0.0,0.0,0.0,0.0,-0.01,-1,-1,-0.01,-1,-1,-0.01,-1,-1,-0.01,-1,-1,-0.01,-1,-1,-0.01,-1,-1,-0.01,-1,-1,-0.01,-1,-1,-0.01,-1,-1,-0.01,-1,-1
99926009,2026-05-18 12:25:51+05:30,53145.05,0,0.0,0,0.0,0.0,53282.15,53308.4,52783.45,53710.35,0,0.0,0.0,0.0,0.0,-0.01,-1,-1,-0.01,-1,-1,-0.01,-1,-1,-0.01,-1,-1,-0.01,-1,-1,-0.01,-1,-1,-0.01,-1,-1,-0.01,-1,-1,-0.01,-1,-1,-0.01,-1,-1
99926009,2026-05-18 12:25:51+05:30,53144.3,0,0.0,0,0.0,0.0,53282.15,53308.4,52783.45,53710.35,0,0.0,0.0,0.0,0.0,-0.01,-1,-1,-0.01,-1,-1,-0.01,-1,-1,-0.01,-1,-1,-0.01,-1,-1,-0.01,-1,-1,-0.01,-1,-1,-0.01,-1,-1,-0.01,-1,-1,-0.01,-1,-1
99926009,2026-05-18 12:25:52+05:30,53143.1,0,0.0,0,0.0,0.0,53282.15,53308.4,52783.45,53710.35,0,0.0,0.0,0.0,0.0,-0.01,-1,-1,-0.01,-1,-1,-0.01,-1,-1,-0.01,-1,-1,-0.01,-1,-1,-0.01,-1,-1,-0.01,-1,-1,-0.01,-1,-1,-0.01,-1,-1,-0.01,-1,-1
99926009,2026-05-18 12:25:52+05:30,53145.9,0,0.0,0,0.0,0.0,53282.15,53308.4,52783.45,53710.35,0,0.0,0.0,0.0,0.0,-0.01,-1,-1,-0.01,-1,-1,-0.01,-1,-1,-0.01,-1,-1,-0.01,-1,-1,-0.01,-1,-1,-0.01,-1,-1,-0.01,-1,-1,-0.01,-1,-1,-0.01,-1,-1
99926009,2026-05-18 12:25:53+05:30,53144.6,0,0.0,0,0.0,0.0,53282.15,53308.4,52783.45,53710.35,0,0.0,0.0,0.0,0.0,-0.01,-1,-1,-0.01,-1,-1,-0.01,-1,-1,-0.01,-1,-1,-0.01,-1,-1,-0.01,-1,-1,-0.01,-1,-1,-0.01,-1,-1,-0.01,-1,-1,-0.01,-1,-1
99926009,2026-05-18 12:25:53+05:30,53141.35,0,0.0,0,0.0,0.0,53282.15,53308.4,52783.45,53710.35,0,0.0,0.0,0.0,0.0,-0.01,-1,-1,-0.01,-1,-1,-0.01,-1,-1,-0.01,-1,-1,-0.01,-1,-1,-0.01,-1,-1,-0.01,-1,-1,-0.01,-1,-1,-0.01,-1,-1,-0.01,-1,-1
99926009,2026-05-18 12:25:54+05:30,53141.75,0,0.0,0,0.0,0.0,53282.15,53308.4,52783.45,53710.35,0,0.0,0.0,0.0,0.0,-0.01,-1,-1,-0.01,-1,-1,-0.01,-1,-1,-0.01,-1,-1,-0.01,-1,-1,-0.01,-1,-1,-0.01,-1,-1,-0.01,-1,-1,-0.01,-1,-1,-0.01,-1,-1
99926009,2026-05-18 12:25:54+05:30,53141.0,0,0.0,0,0.0,0.0,53282.15,53308.4,52783.45,53710.35,0,0.0,0.0,0.0,0.0,-0.01,-1,-1,-0.01,-1,-1,-0.01,-1,-1,-0.01,-1,-1,-0.01,-1,-1,-0.01,-1,-1,-0.01,-1,-1,-0.01,-1,-1,-0.01,-1,-1,-0.01,-1,-1
99926009,2026-05-18 12:25:55+05:30,53141.95,0,0.0,0,0.0,0.0,53282.15,53308.4,52783.45,53710.35,0,0.0,0.0,0.0,0.0,-0.01,-1,-1,-0.01,-1,-1,-0.01,-1,-1,-0.01,-1,-1,-0.01,-1,-1,-0.01,-1,-1,-0.01,-1,-1,-0.01,-1,-1,-0.01,-1,-1,-0.01,-1,-1
99926009,2026-05-18 12:25:55+05:30,53145.45,0,0.0,0,0.0,0.0,53282.15,53308.4,52783.45,53710.35,0,0.0,0.0,0.0,0.0,-0.01,-1,-1,-0.01,-1,-1,-0.01,-1,-1,-0.01,-1,-1,-0.01,-1,-1,-0.01,-1,-1,-0.01,-1,-1,-0.01,-1,-1,-0.01,-1,-1,-0.01,-1,-1
99926009,2026-05-18 12:25:56+05:30,53147.35,0,0.0,0,0.0,0.0,53282.15,53308.4,52783.45,53710.35,0,0.0,0.0,0.0,0.0,-0.01,-1,-1,-0.01,-1,-1,-0.01,-1,-1,-0.01,-1,-1,-0.01,-1,-1,-0.01,-1,-1,-0.01,-1,-1,-0.01,-1,-1,-0.01,-1,-1,-0.01,-1,-1
99926009,2026-05-18 12:25:56+05:30,53146.1,0,0.0,0,0.0,0.0,53282.15,53308.4,52783.45,53710.35,0,0.0,0.0,0.0,0.0,-0.01,-1,-1,-0.01,-1,-1,-0.01,-1,-1,-0.01,-1,-1,-0.01,-1,-1,-0.01,-1,-1,-0.01,-1,-1,-0.01,-1,-1,-0.01,-1,-1,-0.01,-1,-1
99926009,2026-05-18 12:25:57+05:30,53147.65,0,0.0,0,0.0,0.0,53282.15,53308.4,52783.45,53710.35,0,0.0,0.0,0.0,0.0,-0.01,-1,-1,-0.01,-1,-1,-0.01,-1,-1,-0.01,-1,-1,-0.01,-1,-1,-0.01,-1,-1,-0.01,-1,-1,-0.01,-1,-1,-0.01,-1,-1,-0.01,-1,-1
99926009,2026-05-18 12:25:57+05:30,53147.95,0,0.0,0,0.0,0.0,53282.15,53308.4,52783.45,53710.35,0,0.0,0.0,0.0,0.0,-0.01,-1,-1,-0.01,-1,-1,-0.01,-1,-1,-0.01,-1,-1,-0.01,-1,-1,-0.01,-1,-1,-0.01,-1,-1,-0.01,-1,-1,-0.01,-1,-1,-0.01,-1,-1
99926009,2026-05-18 12:25:58+05:30,53145.7,0,0.0,0,0.0,0.0,53282.15,53308.4,52783.45,53710.35,0,0.0,0.0,0.0,0.0,-0.01,-1,-1,-0.01,-1,-1,-0.01,-1,-1,-0.01,-1,-1,-0.01,-1,-1,-0.01,-1,-1,-0.01,-1,-1,-0.01,-1,-1,-0.01,-1,-1,-0.01,-1,-1
99926009,2026-05-18 12:25:58+05:30,53148.45,0,0.0,0,0.0,0.0,53282.15,53308.4,52783.45,53710.35,0,0.0,0.0,0.0,0.0,-0.01,-1,-1,-0.01,-1,-1,-0.01,-1,-1,-0.01,-1,-1,-0.01,-1,-1,-0.01,-1,-1,-0.01,-1,-1,-0.01,-1,-1,-0.01,-1,-1,-0.01,-1,-1
99926009,2026-05-18 12:25:59+05:30,53148.0,0,0.0,0,0.0,0.0,53282.15,53308.4,52783.45,53710.35,0,0.0,0.0,0.0,0.0,-0.01,-1,-1,-0.01,-1,-1,-0.01,-1,-1,-0.01,-1,-1,-0.01,-1,-1,-0.01,-1,-1,-0.01,-1,-1,-0.01,-1,-1,-0.01,-1,-1,-0.01,-1,-1
99926009,2026-05-18 12:25:59+05:30,53146.8,0,0.0,0,0.0,0.0,53282.15,53308.4,52783.45,53710.35,0,0.0,0.0,0.0,0.0,-0.01,-1,-1,-0.01,-1,-1,-0.01,-1,-1,-0.01,-1,-1,-0.01,-1,-1,-0.01,-1,-1,-0.01,-1,-1,-0.01,-1,-1,-0.01,-1,-1,-0.01,-1,-1
99926009,2026-05-18 12:26:00+05:30,53148.95,0,0.0,0,0.0,0.0,53282.15,53308.4,52783.45,53710.35,0,0.0,0.0,0.0,0.0,-0.01,-1,-1,-0.01,-1,-1,-0.01,-1,-1,-0.01,-1,-1,-0.01,-1,-1,-0.01,-1,-1,-0.01,-1,-1,-0.01,-1,-1,-0.01,-1,-1,-0.01,-1,-1
99926009,2026-05-18 12:26:00+05:30,53148.45,0,0.0,0,0.0,0.0,53282.15,53308.4,52783.45,53710.35,0,0.0,0.0,0.0,0.0,-0.01,-1,-1,-0.01,-1,-1,-0.01,-1,-1,-0.01,-1,-1,-0.01,-1,-1,-0.01,-1,-1,-0.01,-1,-1,-0.01,-1,-1,-0.01,-1,-1,-0.01,-1,-1
99926009,2026-05-18 12:26:01+05:30,53147.9,0,0.0,0,0.0,0.0,53282.15,53308.4,52783.45,53710.35,0,0.0,0.0,0.0,0.0,-0.01,-1,-1,-0.01,-1,-1,-0.01,-1,-1,-0.01,-1,-1,-0.01,-1,-1,-0.01,-1,-1,-0.01,-1,-1,-0.01,-1,-1,-0.01,-1,-1,-0.01,-1,-1
99926009,2026-05-18 12:26:01+05:30,53149.5,0,0.0,0,0.0,0.0,53282.15,53308.4,52783.45,53710.35,0,0.0,0.0,0.0,0.0,-0.01,-1,-1,-0.01,-1,-1,-0.01,-1,-1,-0.01,-1,-1,-0.01,-1,-1,-0.01,-1,-1,-0.01,-1,-1,-0.01,-1,-1,-0.01,-1,-1,-0.01,-1,-1
99926009,2026-05-18 12:26:02+05:30,53150.85,0,0.0,0,0.0,0.0,53282.15,53308.4,52783.45,53710.35,0,0.0,0.0,0.0,0.0,-0.01,-1,-1,-0.01,-1,-1,-0.01,-1,-1,-0.01,-1,-1,-0.01,-1,-1,-0.01,-1,-1,-0.01,-1,-1,-0.01,-1,-1,-0.01,-1,-1,-0.01,-1,-1
99926009,2026-05-18 12:26:02+05:30,53151.2,0,0.0,0,0.0,0.0,53282.15,53308.4,52783.45,53710.35,0,0.0,0.0,0.0,0.0,-0.01,-1,-1,-0.01,-1,-1,-0.01,-1,-1,-0.01,-1,-1,-0.01,-1,-1,-0.01,-1,-1,-0.01,-1,-1,-0.01,-1,-1,-0.01,-1,-1,-0.01,-1,-1
99926009,2026-05-18 12:26:03+05:30,53150.55,0,0.0,0,0.0,0.0,53282.15,53308.4,52783.45,53710.35,0,0.0,0.0,0.0,0.0,-0.01,-1,-1,-0.01,-1,-1,-0.01,-1,-1,-0.01,-1,-1,-0.01,-1,-1,-0.01,-1,-1,-0.01,-1,-1,-0.01,-1,-1,-0.01,-1,-1,-0.01,-1,-1
99926009,2026-05-18 12:26:03+05:30,53151.65,0,0.0,0,0.0,0.0,53282.15,53308.4,52783.45,53710.35,0,0.0,0.0,0.0,0.0,-0.01,-1,-1,-0.01,-1,-1,-0.01,-1,-1,-0.01,-1,-1,-0.01,-1,-1,-0.01,-1,-1,-0.01,-1,-1,-0.01,-1,-1,-0.01,-1,-1,-0.01,-1,-1
99926009,2026-05-18 12:26:04+05:30,53152.4,0,0.0,0,0.0,0.0,53282.15,53308.4,52783.45,53710.35,0,0.0,0.0,0.0,0.0,-0.01,-1,-1,-0.01,-1,-1,-0.01,-1,-1,-0.01,-1,-1,-0.01,-1,-1,-0.01,-1,-1,-0.01,-1,-1,-0.01,-1,-1,-0.01,-1,-1,-0.01,-1,-1
99926009,2026-05-18 12:26:04+05:30,53152.5,0,0.0,0,0.0,0.0,53282.15,53308.4,52783.45,53710.35,0,0.0,0.0,0.0,0.0,-0.01,-1,-1,-0.01,-1,-1,-0.01,-1,-1,-0.01,-1,-1,-0.01,-1,-1,-0.01,-1,-1,-0.01,-1,-1,-0.01,-1,-1,-0.01,-1,-1,-0.01,-1,-1
99926009,2026-05-18 12:26:05+05:30,53152.35,0,0.0,0,0.0,0.0,53282.15,53308.4,52783.45,53710.35,0,0.0,0.0,0.0,0.0,-0.01,-1,-1,-0.01,-1,-1,-0.01,-1,-1,-0.01,-1,-1,-0.01,-1,-1,-0.01,-1,-1,-0.01,-1,-1,-0.01,-1,-1,-0.01,-1,-1,-0.01,-1,-1
99926009,2026-05-18 12:26:05+05:30,53152.75,0,0.0,0,0.0,0.0,53282.15,53308.4,52783.45,53710.35,0,0.0,0.0,0.0,0.0,-0.01,-1,-1,-0.01,-1,-1,-0.01,-1,-1,-0.01,-1,-1,-0.01,-1,-1,-0.01,-1,-1,-0.01,-1,-1,-0.01,-1,-1,-0.01,-1,-1,-0.01,-1,-1
99926009,2026-05-18 12:26:06+05:30,53151.8,0,0.0,0,0.0,0.0,53282.15,53308.4,52783.45,53710.35,0,0.0,0.0,0.0,0.0,-0.01,-1,-1,-0.01,-1,-1,-0.01,-1,-1,-0.01,-1,-1,-0.01,-1,-1,-0.01,-1,-1,-0.01,-1,-1,-0.01,-1,-1,-0.01,-1,-1,-0.01,-1,-1
99926009,2026-05-18 12:26:06+05:30,53153.55,0,0.0,0,0.0,0.0,53282.15,53308.4,52783.45,53710.35,0,0.0,0.0,0.0,0.0,-0.01,-1,-1,-0.01,-1,-1,-0.01,-1,-1,-0.01,-1,-1,-0.01,-1,-1,-0.01,-1,-1,-0.01,-1,-1,-0.01,-1,-1,-0.01,-1,-1,-0.01,-1,-1
99926009,2026-05-18 12:26:07+05:30,53152.65,0,0.0,0,0.0,0.0,53282.15,53308.4,52783.45,53710.35,0,0.0,0.0,0.0,0.0,-0.01,-1,-1,-0.01,-1,-1,-0.01,-1,-1,-0.01,-1,-1,-0.01,-1,-1,-0.01,-1,-1,-0.01,-1,-1,-0.01,-1,-1,-0.01,-1,-1,-0.01,-1,-1
99926009,2026-05-18 12:26:07+05:30,53150.65,0,0.0,0,0.0,0.0,53282.15,53308.4,52783.45,53710.35,0,0.0,0.0,0.0,0.0,-0.01,-1,-1,-0.01,-1,-1,-0.01,-1,-1,-0.01,-1,-1,-0.01,-1,-1,-0.01,-1,-1,-0.01,-1,-1,-0.01,-1,-1,-0.01,-1,-1,-0.01,-1,-1
99926009,2026-05-18 12:26:08+05:30,53153.75,0,0.0,0,0.0,0.0,53282.15,53308.4,52783.45,53710.35,0,0.0,0.0,0.0,0.0,-0.01,-1,-1,-0.01,-1,-1,-0.01,-1,-1,-0.01,-1,-1,-0.01,-1,-1,-0.01,-1,-1,-0.01,-1,-1,-0.01,-1,-1,-0.01,-1,-1,-0.01,-1,-1
99926009,2026-05-18 12:26:08+05:30,53151.95,0,0.0,0,0.0,0.0,53282.15,53308.4,52783.45,53710.35,0,0.0,0.0,0.0,0.0,-0.01,-1,-1,-0.01,-1,-1,-0.01,-1,-1,-0.01,-1,-1,-0.01,-1,-1,-0.01,-1,-1,-0.01,-1,-1,-0.01,-1,-1,-0.01,-1,-1,-0.01,-1,-1
99926009,2026-05-18 12:26:09+05:30,53154.25,0,0.0,0,0.0,0.0,53282.15,53308.4,52783.45,53710.35,0,0.0,0.0,0.0,0.0,-0.01,-1,-1,-0.01,-1,-1,-0.01,-1,-1,-0.01,-1,-1,-0.01,-1,-1,-0.01,-1,-1,-0.01,-1,-1,-0.01,-1,-1,-0.01,-1,-1,-0.01,-1,-1
99926009,2026-05-18 12:26:09+05:30,53153.45,0,0.0,0,0.0,0.0,53282.15,53308.4,52783.45,53710.35,0,0.0,0.0,0.0,0.0,-0.01,-1,-1,-0.01,-1,-1,-0.01,-1,-1,-0.01,-1,-1,-0.01,-1,-1,-0.01,-1,-1,-0.01,-1,-1,-0.01,-1,-1,-0.01,-1,-1,-0.01,-1,-1
99926009,2026-05-18 12:26:10+05:30,53154.1,0,0.0,0,0.0,0.0,53282.15,53308.4,52783.45,53710.35,0,0.0,0.0,0.0,0.0,-0.01,-1,-1,-0.01,-1,-1,-0.01,-1,-1,-0.01,-1,-1,-0.01,-1,-1,-0.01,-1,-1,-0.01,-1,-1,-0.01,-1,-1,-0.01,-1,-1,-0.01,-1,-1
99926009,2026-05-18 12:26:10+05:30,53150.05,0,0.0,0,0.0,0.0,53282.15,53308.4,52783.45,53710.35,0,0.0,0.0,0.0,0.0,-0.01,-1,-1,-0.01,-1,-1,-0.01,-1,-1,-0.01,-1,-1,-0.01,-1,-1,-0.01,-1,-1,-0.01,-1,-1,-0.01,-1,-1,-0.01,-1,-1,-0.01,-1,-1
99926009,2026-05-18 12:26:11+05:30,53152.3,0,0.0,0,0.0,0.0,53282.15,53308.4,52783.45,53710.35,0,0.0,0.0,0.0,0.0,-0.01,-1,-1,-0.01,-1,-1,-0.01,-1,-1,-0.01,-1,-1,-0.01,-1,-1,-0.01,-1,-1,-0.01,-1,-1,-0.01,-1,-1,-0.01,-1,-1,-0.01,-1,-1
99926009,2026-05-18 12:26:11+05:30,53148.2,0,0.0,0,0.0,0.0,53282.15,53308.4,52783.45,53710.35,0,0.0,0.0,0.0,0.0,-0.01,-1,-1,-0.01,-1,-1,-0.01,-1,-1,-0.01,-1,-1,-0.01,-1,-1,-0.01,-1,-1,-0.01,-1,-1,-0.01,-1,-1,-0.01,-1,-1,-0.01,-1,-1
99926009,2026-05-18 12:26:12+05:30,53150.1,0,0.0,0,0.0,0.0,53282.15,53308.4,52783.45,53710.35,0,0.0,0.0,0.0,0.0,-0.01,-1,-1,-0.01,-1,-1,-0.01,-1,-1,-0.01,-1,-1,-0.01,-1,-1,-0.01,-1,-1,-0.01,-1,-1,-0.01,-1,-1,-0.01,-1,-1,-0.01,-1,-1
99926009,2026-05-18 12:26:12+05:30,53150.7,0,0.0,0,0.0,0.0,53282.15,53308.4,52783.45,53710.35,0,0.0,0.0,0.0,0.0,-0.01,-1,-1,-0.01,-1,-1,-0.01,-1,-1,-0.01,-1,-1,-0.01,-1,-1,-0.01,-1,-1,-0.01,-1,-1,-0.01,-1,-1,-0.01,-1,-1,-0.01,-1,-1
99926009,2026-05-18 12:26:13+05:30,53151.35,0,0.0,0,0.0,0.0,53282.15,53308.4,52783.45,53710.35,0,0.0,0.0,0.0,0.0,-0.01,-1,-1,-0.01,-1,-1,-0.01,-1,-1,-0.01,-1,-1,-0.01,-1,-1,-0.01,-1,-1,-0.01,-1,-1,-0.01,-1,-1,-0.01,-1,-1,-0.01,-1,-1
99926009,2026-05-18 12:26:13+05:30,53152.65,0,0.0,0,0.0,0.0,53282.15,53308.4,52783.45,53710.35,0,0.0,0.0,0.0,0.0,-0.01,-1,-1,-0.01,-1,-1,-0.01,-1,-1,-0.01,-1,-1,-0.01,-1,-1,-0.01,-1,-1,-0.01,-1,-1,-0.01,-1,-1,-0.01,-1,-1,-0.01,-1,-1
99926009,2026-05-18 12:26:14+05:30,53151.15,0,0.0,0,0.0,0.0,53282.15,53308.4,52783.45,53710.35,0,0.0,0.0,0.0,0.0,-0.01,-1,-1,-0.01,-1,-1,-0.01,-1,-1,-0.01,-1,-1,-0.01,-1,-1,-0.01,-1,-1,-0.01,-1,-1,-0.01,-1,-1,-0.01,-1,-1,-0.01,-1,-1
99926009,2026-05-18 12:26:14+05:30,53152.95,0,0.0,0,0.0,0.0,53282.15,53308.4,52783.45,53710.35,0,0.0,0.0,0.0,0.0,-0.01,-1,-1,-0.01,-1,-1,-0.01,-1,-1,-0.01,-1,-1,-0.01,-1,-1,-0.01,-1,-1,-0.01,-1,-1,-0.01,-1,-1,-0.01,-1,-1,-0.01,-1,-1
99926009,2026-05-18 12:26:15+05:30,53153.6,0,0.0,0,0.0,0.0,53282.15,53308.4,52783.45,53710.35,0,0.0,0.0,0.0,0.0,-0.01,-1,-1,-0.01,-1,-1,-0.01,-1,-1,-0.01,-1,-1,-0.01,-1,-1,-0.01,-1,-1,-0.01,-1,-1,-0.01,-1,-1,-0.01,-1,-1,-0.01,-1,-1
99926009,2026-05-18 12:26:15+05:30,53152.05,0,0.0,0,0.0,0.0,53282.15,53308.4,52783.45,53710.35,0,0.0,0.0,0.0,0.0,-0.01,-1,-1,-0.01,-1,-1,-0.01,-1,-1,-0.01,-1,-1,-0.01,-1,-1,-0.01,-1,-1,-0.01,-1,-1,-0.01,-1,-1,-0.01,-1,-1,-0.01,-1,-1
99926009,2026-05-18 12:26:16+05:30,53153.55,0,0.0,0,0.0,0.0,53282.15,53308.4,52783.45,53710.35,0,0.0,0.0,0.0,0.0,-0.01,-1,-1,-0.01,-1,-1,-0.01,-1,-1,-0.01,-1,-1,-0.01,-1,-1,-0.01,-1,-1,-0.01,-1,-1,-0.01,-1,-1,-0.01,-1,-1,-0.01,-1,-1
99926009,2026-05-18 12:26:16+05:30,53152.75,0,0.0,0,0.0,0.0,53282.15,53308.4,52783.45,53710.35,0,0.0,0.0,0.0,0.0,-0.01,-1,-1,-0.01,-1,-1,-0.01,-1,-1,-0.01,-1,-1,-0.01,-1,-1,-0.01,-1,-1,-0.01,-1,-1,-0.01,-1,-1,-0.01,-1,-1,-0.01,-1,-1
99926009,2026-05-18 12:26:17+05:30,53152.55,0,0.0,0,0.0,0.0,53282.15,53308.4,52783.45,53710.35,0,0.0,0.0,0.0,0.0,-0.01,-1,-1,-0.01,-1,-1,-0.01,-1,-1,-0.01,-1,-1,-0.01,-1,-1,-0.01,-1,-1,-0.01,-1,-1,-0.01,-1,-1,-0.01,-1,-1,-0.01,-1,-1
99926009,2026-05-18 12:26:17+05:30,53152.55,0,0.0,0,0.0,0.0,53282.15,53308.4,52783.45,53710.35,0,0.0,0.0,0.0,0.0,-0.01,-1,-1,-0.01,-1,-1,-0.01,-1,-1,-0.01,-1,-1,-0.01,-1,-1,-0.01,-1,-1,-0.01,-1,-1,-0.01,-1,-1,-0.01,-1,-1,-0.01,-1,-1
99926009,2026-05-18 12:26:18+05:30,53147.6,0,0.0,0,0.0,0.0,53282.15,53308.4,52783.45,53710.35,0,0.0,0.0,0.0,0.0,-0.01,-1,-1,-0.01,-1,-1,-0.01,-1,-1,-0.01,-1,-1,-0.01,-1,-1,-0.01,-1,-1,-0.01,-1,-1,-0.01,-1,-1,-0.01,-1,-1,-0.01,-1,-1
99926009,2026-05-18 12:26:18+05:30,53151.1,0,0.0,0,0.0,0.0,53282.15,53308.4,52783.45,53710.35,0,0.0,0.0,0.0,0.0,-0.01,-1,-1,-0.01,-1,-1,-0.01,-1,-1,-0.01,-1,-1,-0.01,-1,-1,-0.01,-1,-1,-0.01,-1,-1,-0.01,-1,-1,-0.01,-1,-1,-0.01,-1,-1
99926009,2026-05-18 12:26:19+05:30,53151.3,0,0.0,0,0.0,0.0,53282.15,53308.4,52783.45,53710.35,0,0.0,0.0,0.0,0.0,-0.01,-1,-1,-0.01,-1,-1,-0.01,-1,-1,-0.01,-1,-1,-0.01,-1,-1,-0.01,-1,-1,-0.01,-1,-1,-0.01,-1,-1,-0.01,-1,-1,-0.01,-1,-1
99926009,2026-05-18 12:26:19+05:30,53150.65,0,0.0,0,0.0,0.0,53282.15,53308.4,52783.45,53710.35,0,0.0,0.0,0.0,0.0,-0.01,-1,-1,-0.01,-1,-1,-0.01,-1,-1,-0.01,-1,-1,-0.01,-1,-1,-0.01,-1,-1,-0.01,-1,-1,-0.01,-1,-1,-0.01,-1,-1,-0.01,-1,-1
99926009,2026-05-18 12:26:20+05:30,53151.0,0,0.0,0,0.0,0.0,53282.15,53308.4,52783.45,53710.35,0,0.0,0.0,0.0,0.0,-0.01,-1,-1,-0.01,-1,-1,-0.01,-1,-1,-0.01,-1,-1,-0.01,-1,-1,-0.01,-1,-1,-0.01,-1,-1,-0.01,-1,-1,-0.01,-1,-1,-0.01,-1,-1
99926009,2026-05-18 12:26:20+05:30,53152.65,0,0.0,0,0.0,0.0,53282.15,53308.4,52783.45,53710.35,0,0.0,0.0,0.0,0.0,-0.01,-1,-1,-0.01,-1,-1,-0.01,-1,-1,-0.01,-1,-1,-0.01,-1,-1,-0.01,-1,-1,-0.01,-1,-1,-0.01,-1,-1,-0.01,-1,-1,-0.01,-1,-1
99926009,2026-05-18 12:26:21+05:30,53155.6,0,0.0,0,0.0,0.0,53282.15,53308.4,52783.45,53710.35,0,0.0,0.0,0.0,0.0,-0.01,-1,-1,-0.01,-1,-1,-0.01,-1,-1,-0.01,-1,-1,-0.01,-1,-1,-0.01,-1,-1,-0.01,-1,-1,-0.01,-1,-1,-0.01,-1,-1,-0.01,-1,-1
99926009,2026-05-18 12:26:21+05:30,53155.95,0,0.0,0,0.0,0.0,53282.15,53308.4,52783.45,53710.35,0,0.0,0.0,0.0,0.0,-0.01,-1,-1,-0.01,-1,-1,-0.01,-1,-1,-0.01,-1,-1,-0.01,-1,-1,-0.01,-1,-1,-0.01,-1,-1,-0.01,-1,-1,-0.01,-1,-1,-0.01,-1,-1
99926009,2026-05-18 12:26:22+05:30,53154.25,0,0.0,0,0.0,0.0,53282.15,53308.4,52783.45,53710.35,0,0.0,0.0,0.0,0.0,-0.01,-1,-1,-0.01,-1,-1,-0.01,-1,-1,-0.01,-1,-1,-0.01,-1,-1,-0.01,-1,-1,-0.01,-1,-1,-0.01,-1,-1,-0.01,-1,-1,-0.01,-1,-1
99926009,2026-05-18 12:26:22+05:30,53152.9,0,0.0,0,0.0,0.0,53282.15,53308.4,52783.45,53710.35,0,0.0,0.0,0.0,0.0,-0.01,-1,-1,-0.01,-1,-1,-0.01,-1,-1,-0.01,-1,-1,-0.01,-1,-1,-0.01,-1,-1,-0.01,-1,-1,-0.01,-1,-1,-0.01,-1,-1,-0.01,-1,-1
99926009,2026-05-18 12:26:23+05:30,53151.45,0,0.0,0,0.0,0.0,53282.15,53308.4,52783.45,53710.35,0,0.0,0.0,0.0,0.0,-0.01,-1,-1,-0.01,-1,-1,-0.01,-1,-1,-0.01,-1,-1,-0.01,-1,-1,-0.01,-1,-1,-0.01,-1,-1,-0.01,-1,-1,-0.01,-1,-1,-0.01,-1,-1
99926009,2026-05-18 12:26:23+05:30,53153.5,0,0.0,0,0.0,0.0,53282.15,53308.4,52783.45,53710.35,0,0.0,0.0,0.0,0.0,-0.01,-1,-1,-0.01,-1,-1,-0.01,-1,-1,-0.01,-1,-1,-0.01,-1,-1,-0.01,-1,-1,-0.01,-1,-1,-0.01,-1,-1,-0.01,-1,-1,-0.01,-1,-1
99926009,2026-05-18 12:26:24+05:30,53151.65,0,0.0,0,0.0,0.0,53282.15,53308.4,52783.45,53710.35,0,0.0,0.0,0.0,0.0,-0.01,-1,-1,-0.01,-1,-1,-0.01,-1,-1,-0.01,-1,-1,-0.01,-1,-1,-0.01,-1,-1,-0.01,-1,-1,-0.01,-1,-1,-0.01,-1,-1,-0.01,-1,-1
99926009,2026-05-18 12:26:24+05:30,53154.35,0,0.0,0,0.0,0.0,53282.15,53308.4,52783.45,53710.35,0,0.0,0.0,0.0,0.0,-0.01,-1,-1,-0.01,-1,-1,-0.01,-1,-1,-0.01,-1,-1,-0.01,-1,-1,-0.01,-1,-1,-0.01,-1,-1,-0.01,-1,-1,-0.01,-1,-1,-0.01,-1,-1
99926009,2026-05-18 12:26:25+05:30,53154.4,0,0.0,0,0.0,0.0,53282.15,53308.4,52783.45,53710.35,0,0.0,0.0,0.0,0.0,-0.01,-1,-1,-0.01,-1,-1,-0.01,-1,-1,-0.01,-1,-1,-0.01,-1,-1,-0.01,-1,-1,-0.01,-1,-1,-0.01,-1,-1,-0.01,-1,-1,-0.01,-1,-1
99926009,2026-05-18 12:26:25+05:30,53154.0,0,0.0,0,0.0,0.0,53282.15,53308.4,52783.45,53710.35,0,0.0,0.0,0.0,0.0,-0.01,-1,-1,-0.01,-1,-1,-0.01,-1,-1,-0.01,-1,-1,-0.01,-1,-1,-0.01,-1,-1,-0.01,-1,-1,-0.01,-1,-1,-0.01,-1,-1,-0.01,-1,-1
99926009,2026-05-18 12:26:26+05:30,53153.8,0,0.0,0,0.0,0.0,53282.15,53308.4,52783.45,53710.35,0,0.0,0.0,0.0,0.0,-0.01,-1,-1,-0.01,-1,-1,-0.01,-1,-1,-0.01,-1,-1,-0.01,-1,-1,-0.01,-1,-1,-0.01,-1,-1,-0.01,-1,-1,-0.01,-1,-1,-0.01,-1,-1
99926009,2026-05-18 12:26:26+05:30,53154.35,0,0.0,0,0.0,0.0,53282.15,53308.4,52783.45,53710.35,0,0.0,0.0,0.0,0.0,-0.01,-1,-1,-0.01,-1,-1,-0.01,-1,-1,-0.01,-1,-1,-0.01,-1,-1,-0.01,-1,-1,-0.01,-1,-1,-0.01,-1,-1,-0.01,-1,-1,-0.01,-1,-1
99926009,2026-05-18 12:26:27+05:30,53156.9,0,0.0,0,0.0,0.0,53282.15,53308.4,52783.45,53710.35,0,0.0,0.0,0.0,0.0,-0.01,-1,-1,-0.01,-1,-1,-0.01,-1,-1,-0.01,-1,-1,-0.01,-1,-1,-0.01,-1,-1,-0.01,-1,-1,-0.01,-1,-1,-0.01,-1,-1,-0.01,-1,-1
99926009,2026-05-18 12:26:27+05:30,53154.75,0,0.0,0,0.0,0.0,53282.15,53308.4,52783.45,53710.35,0,0.0,0.0,0.0,0.0,-0.01,-1,-1,-0.01,-1,-1,-0.01,-1,-1,-0.01,-1,-1,-0.01,-1,-1,-0.01,-1,-1,-0.01,-1,-1,-0.01,-1,-1,-0.01,-1,-1,-0.01,-1,-1
99926009,2026-05-18 12:26:28+05:30,53153.9,0,0.0,0,0.0,0.0,53282.15,53308.4,52783.45,53710.35,0,0.0,0.0,0.0,0.0,-0.01,-1,-1,-0.01,-1,-1,-0.01,-1,-1,-0.01,-1,-1,-0.01,-1,-1,-0.01,-1,-1,-0.01,-1,-1,-0.01,-1,-1,-0.01,-1,-1,-0.01,-1,-1
99926009,2026-05-18 12:26:28+05:30,53155.9,0,0.0,0,0.0,0.0,53282.15,53308.4,52783.45,53710.35,0,0.0,0.0,0.0,0.0,-0.01,-1,-1,-0.01,-1,-1,-0.01,-1,-1,-0.01,-1,-1,-0.01,-1,-1,-0.01,-1,-1,-0.01,-1,-1,-0.01,-1,-1,-0.01,-1,-1,-0.01,-1,-1
99926009,2026-05-18 12:26:29+05:30,53154.95,0,0.0,0,0.0,0.0,53282.15,53308.4,52783.45,53710.35,0,0.0,0.0,0.0,0.0,-0.01,-1,-1,-0.01,-1,-1,-0.01,-1,-1,-0.01,-1,-1,-0.01,-1,-1,-0.01,-1,-1,-0.01,-1,-1,-0.01,-1,-1,-0.01,-1,-1,-0.01,-1,-1
99926009,2026-05-18 12:26:29+05:30,53151.4,0,0.0,0,0.0,0.0,53282.15,53308.4,52783.45,53710.35,0,0.0,0.0,0.0,0.0,-0.01,-1,-1,-0.01,-1,-1,-0.01,-1,-1,-0.01,-1,-1,-0.01,-1,-1,-0.01,-1,-1,-0.01,-1,-1,-0.01,-1,-1,-0.01,-1,-1,-0.01,-1,-1
99926009,2026-05-18 12:26:30+05:30,53157.1,0,0.0,0,0.0,0.0,53282.15,53308.4,52783.45,53710.35,0,0.0,0.0,0.0,0.0,-0.01,-1,-1,-0.01,-1,-1,-0.01,-1,-1,-0.01,-1,-1,-0.01,-1,-1,-0.01,-1,-1,-0.01,-1,-1,-0.01,-1,-1,-0.01,-1,-1,-0.01,-1,-1
99926009,2026-05-18 12:26:30+05:30,53158.1,0,0.0,0,0.0,0.0,53282.15,53308.4,52783.45,53710.35,0,0.0,0.0,0.0,0.0,-0.01,-1,-1,-0.01,-1,-1,-0.01,-1,-1,-0.01,-1,-1,-0.01,-1,-1,-0.01,-1,-1,-0.01,-1,-1,-0.01,-1,-1,-0.01,-1,-1,-0.01,-1,-1
99926009,2026-05-18 12:26:31+05:30,53160.65,0,0.0,0,0.0,0.0,53282.15,53308.4,52783.45,53710.35,0,0.0,0.0,0.0,0.0,-0.01,-1,-1,-0.01,-1,-1,-0.01,-1,-1,-0.01,-1,-1,-0.01,-1,-1,-0.01,-1,-1,-0.01,-1,-1,-0.01,-1,-1,-0.01,-1,-1,-0.01,-1,-1
99926009,2026-05-18 12:26:31+05:30,53160.65,0,0.0,0,0.0,0.0,53282.15,53308.4,52783.45,53710.35,0,0.0,0.0,0.0,0.0,-0.01,-1,-1,-0.01,-1,-1,-0.01,-1,-1,-0.01,-1,-1,-0.01,-1,-1,-0.01,-1,-1,-0.01,-1,-1,-0.01,-1,-1,-0.01,-1,-1,-0.01,-1,-1
99926009,2026-05-18 12:26:32+05:30,53158.55,0,0.0,0,0.0,0.0,53282.15,53308.4,52783.45,53710.35,0,0.0,0.0,0.0,0.0,-0.01,-1,-1,-0.01,-1,-1,-0.01,-1,-1,-0.01,-1,-1,-0.01,-1,-1,-0.01,-1,-1,-0.01,-1,-1,-0.01,-1,-1,-0.01,-1,-1,-0.01,-1,-1
99926009,2026-05-18 12:26:32+05:30,53160.25,0,0.0,0,0.0,0.0,53282.15,53308.4,52783.45,53710.35,0,0.0,0.0,0.0,0.0,-0.01,-1,-1,-0.01,-1,-1,-0.01,-1,-1,-0.01,-1,-1,-0.01,-1,-1,-0.01,-1,-1,-0.01,-1,-1,-0.01,-1,-1,-0.01,-1,-1,-0.01,-1,-1
99926009,2026-05-18 12:26:33+05:30,53158.55,0,0.0,0,0.0,0.0,53282.15,53308.4,52783.45,53710.35,0,0.0,0.0,0.0,0.0,-0.01,-1,-1,-0.01,-1,-1,-0.01,-1,-1,-0.01,-1,-1,-0.01,-1,-1,-0.01,-1,-1,-0.01,-1,-1,-0.01,-1,-1,-0.01,-1,-1,-0.01,-1,-1
99926009,2026-05-18 12:26:33+05:30,53156.0,0,0.0,0,0.0,0.0,53282.15,53308.4,52783.45,53710.35,0,0.0,0.0,0.0,0.0,-0.01,-1,-1,-0.01,-1,-1,-0.01,-1,-1,-0.01,-1,-1,-0.01,-1,-1,-0.01,-1,-1,-0.01,-1,-1,-0.01,-1,-1,-0.01,-1,-1,-0.01,-1,-1
99926009,2026-05-18 12:26:34+05:30,53154.8,0,0.0,0,0.0,0.0,53282.15,53308.4,52783.45,53710.35,0,0.0,0.0,0.0,0.0,-0.01,-1,-1,-0.01,-1,-1,-0.01,-1,-1,-0.01,-1,-1,-0.01,-1,-1,-0.01,-1,-1,-0.01,-1,-1,-0.01,-1,-1,-0.01,-1,-1,-0.01,-1,-1
99926009,2026-05-18 12:26:34+05:30,53156.95,0,0.0,0,0.0,0.0,53282.15,53308.4,52783.45,53710.35,0,0.0,0.0,0.0,0.0,-0.01,-1,-1,-0.01,-1,-1,-0.01,-1,-1,-0.01,-1,-1,-0.01,-1,-1,-0.01,-1,-1,-0.01,-1,-1,-0.01,-1,-1,-0.01,-1,-1,-0.01,-1,-1
99926009,2026-05-18 12:26:35+05:30,53156.65,0,0.0,0,0.0,0.0,53282.15,53308.4,52783.45,53710.35,0,0.0,0.0,0.0,0.0,-0.01,-1,-1,-0.01,-1,-1,-0.01,-1,-1,-0.01,-1,-1,-0.01,-1,-1,-0.01,-1,-1,-0.01,-1,-1,-0.01,-1,-1,-0.01,-1,-1,-0.01,-1,-1
99926009,2026-05-18 12:26:35+05:30,53157.3,0,0.0,0,0.0,0.0,53282.15,53308.4,52783.45,53710.35,0,0.0,0.0,0.0,0.0,-0.01,-1,-1,-0.01,-1,-1,-0.01,-1,-1,-0.01,-1,-1,-0.01,-1,-1,-0.01,-1,-1,-0.01,-1,-1,-0.01,-1,-1,-0.01,-1,-1,-0.01,-1,-1
99926009,2026-05-18 12:26:36+05:30,53157.6,0,0.0,0,0.0,0.0,53282.15,53308.4,52783.45,53710.35,0,0.0,0.0,0.0,0.0,-0.01,-1,-1,-0.01,-1,-1,-0.01,-1,-1,-0.01,-1,-1,-0.01,-1,-1,-0.01,-1,-1,-0.01,-1,-1,-0.01,-1,-1,-0.01,-1,-1,-0.01,-1,-1
99926009,2026-05-18 12:26:36+05:30,53165.6,0,0.0,0,0.0,0.0,53282.15,53308.4,52783.45,53710.35,0,0.0,0.0,0.0,0.0,-0.01,-1,-1,-0.01,-1,-1,-0.01,-1,-1,-0.01,-1,-1,-0.01,-1,-1,-0.01,-1,-1,-0.01,-1,-1,-0.01,-1,-1,-0.01,-1,-1,-0.01,-1,-1
99926009,2026-05-18 12:26:37+05:30,53164.35,0,0.0,0,0.0,0.0,53282.15,53308.4,52783.45,53710.35,0,0.0,0.0,0.0,0.0,-0.01,-1,-1,-0.01,-1,-1,-0.01,-1,-1,-0.01,-1,-1,-0.01,-1,-1,-0.01,-1,-1,-0.01,-1,-1,-0.01,-1,-1,-0.01,-1,-1,-0.01,-1,-1
99926009,2026-05-18 12:26:37+05:30,53163.75,0,0.0,0,0.0,0.0,53282.15,53308.4,52783.45,53710.35,0,0.0,0.0,0.0,0.0,-0.01,-1,-1,-0.01,-1,-1,-0.01,-1,-1,-0.01,-1,-1,-0.01,-1,-1,-0.01,-1,-1,-0.01,-1,-1,-0.01,-1,-1,-0.01,-1,-1,-0.01,-1,-1
99926009,2026-05-18 12:26:38+05:30,53159.1,0,0.0,0,0.0,0.0,53282.15,53308.4,52783.45,53710.35,0,0.0,0.0,0.0,0.0,-0.01,-1,-1,-0.01,-1,-1,-0.01,-1,-1,-0.01,-1,-1,-0.01,-1,-1,-0.01,-1,-1,-0.01,-1,-1,-0.01,-1,-1,-0.01,-1,-1,-0.01,-1,-1
99926009,2026-05-18 12:26:38+05:30,53158.2,0,0.0,0,0.0,0.0,53282.15,53308.4,52783.45,53710.35,0,0.0,0.0,0.0,0.0,-0.01,-1,-1,-0.01,-1,-1,-0.01,-1,-1,-0.01,-1,-1,-0.01,-1,-1,-0.01,-1,-1,-0.01,-1,-1,-0.01,-1,-1,-0.01,-1,-1,-0.01,-1,-1
99926009,2026-05-18 12:26:39+05:30,53161.0,0,0.0,0,0.0,0.0,53282.15,53308.4,52783.45,53710.35,0,0.0,0.0,0.0,0.0,-0.01,-1,-1,-0.01,-1,-1,-0.01,-1,-1,-0.01,-1,-1,-0.01,-1,-1,-0.01,-1,-1,-0.01,-1,-1,-0.01,-1,-1,-0.01,-1,-1,-0.01,-1,-1
99926009,2026-05-18 12:26:39+05:30,53161.2,0,0.0,0,0.0,0.0,53282.15,53308.4,52783.45,53710.35,0,0.0,0.0,0.0,0.0,-0.01,-1,-1,-0.01,-1,-1,-0.01,-1,-1,-0.01,-1,-1,-0.01,-1,-1,-0.01,-1,-1,-0.01,-1,-1,-0.01,-1,-1,-0.01,-1,-1,-0.01,-1,-1
99926009,2026-05-18 12:26:40+05:30,53160.45,0,0.0,0,0.0,0.0,53282.15,53308.4,52783.45,53710.35,0,0.0,0.0,0.0,0.0,-0.01,-1,-1,-0.01,-1,-1,-0.01,-1,-1,-0.01,-1,-1,-0.01,-1,-1,-0.01,-1,-1,-0.01,-1,-1,-0.01,-1,-1,-0.01,-1,-1,-0.01,-1,-1
99926009,2026-05-18 12:26:40+05:30,53161.1,0,0.0,0,0.0,0.0,53282.15,53308.4,52783.45,53710.35,0,0.0,0.0,0.0,0.0,-0.01,-1,-1,-0.01,-1,-1,-0.01,-1,-1,-0.01,-1,-1,-0.01,-1,-1,-0.01,-1,-1,-0.01,-1,-1,-0.01,-1,-1,-0.01,-1,-1,-0.01,-1,-1
99926009,2026-05-18 12:26:41+05:30,53162.7,0,0.0,0,0.0,0.0,53282.15,53308.4,52783.45,53710.35,0,0.0,0.0,0.0,0.0,-0.01,-1,-1,-0.01,-1,-1,-0.01,-1,-1,-0.01,-1,-1,-0.01,-1,-1,-0.01,-1,-1,-0.01,-1,-1,-0.01,-1,-1,-0.01,-1,-1,-0.01,-1,-1
99926009,2026-05-18 12:26:41+05:30,53162.95,0,0.0,0,0.0,0.0,53282.15,53308.4,52783.45,53710.35,0,0.0,0.0,0.0,0.0,-0.01,-1,-1,-0.01,-1,-1,-0.01,-1,-1,-0.01,-1,-1,-0.01,-1,-1,-0.01,-1,-1,-0.01,-1,-1,-0.01,-1,-1,-0.01,-1,-1,-0.01,-1,-1
99926009,2026-05-18 12:26:42+05:30,53163.1,0,0.0,0,0.0,0.0,53282.15,53308.4,52783.45,53710.35,0,0.0,0.0,0.0,0.0,-0.01,-1,-1,-0.01,-1,-1,-0.01,-1,-1,-0.01,-1,-1,-0.01,-1,-1,-0.01,-1,-1,-0.01,-1,-1,-0.01,-1,-1,-0.01,-1,-1,-0.01,-1,-1
99926009,2026-05-18 12:26:42+05:30,53164.3,0,0.0,0,0.0,0.0,53282.15,53308.4,52783.45,53710.35,0,0.0,0.0,0.0,0.0,-0.01,-1,-1,-0.01,-1,-1,-0.01,-1,-1,-0.01,-1,-1,-0.01,-1,-1,-0.01,-1,-1,-0.01,-1,-1,-0.01,-1,-1,-0.01,-1,-1,-0.01,-1,-1
99926009,2026-05-18 12:26:43+05:30,53159.85,0,0.0,0,0.0,0.0,53282.15,53308.4,52783.45,53710.35,0,0.0,0.0,0.0,0.0,-0.01,-1,-1,-0.01,-1,-1,-0.01,-1,-1,-0.01,-1,-1,-0.01,-1,-1,-0.01,-1,-1,-0.01,-1,-1,-0.01,-1,-1,-0.01,-1,-1,-0.01,-1,-1
99926009,2026-05-18 12:26:43+05:30,53161.95,0,0.0,0,0.0,0.0,53282.15,53308.4,52783.45,53710.35,0,0.0,0.0,0.0,0.0,-0.01,-1,-1,-0.01,-1,-1,-0.01,-1,-1,-0.01,-1,-1,-0.01,-1,-1,-0.01,-1,-1,-0.01,-1,-1,-0.01,-1,-1,-0.01,-1,-1,-0.01,-1,-1
99926009,2026-05-18 12:26:44+05:30,53166.65,0,0.0,0,0.0,0.0,53282.15,53308.4,52783.45,53710.35,0,0.0,0.0,0.0,0.0,-0.01,-1,-1,-0.01,-1,-1,-0.01,-1,-1,-0.01,-1,-1,-0.01,-1,-1,-0.01,-1,-1,-0.01,-1,-1,-0.01,-1,-1,-0.01,-1,-1,-0.01,-1,-1
99926009,2026-05-18 12:26:44+05:30,53166.1,0,0.0,0,0.0,0.0,53282.15,53308.4,52783.45,53710.35,0,0.0,0.0,0.0,0.0,-0.01,-1,-1,-0.01,-1,-1,-0.01,-1,-1,-0.01,-1,-1,-0.01,-1,-1,-0.01,-1,-1,-0.01,-1,-1,-0.01,-1,-1,-0.01,-1,-1,-0.01,-1,-1
99926009,2026-05-18 12:26:45+05:30,53167.6,0,0.0,0,0.0,0.0,53282.15,53308.4,52783.45,53710.35,0,0.0,0.0,0.0,0.0,-0.01,-1,-1,-0.01,-1,-1,-0.01,-1,-1,-0.01,-1,-1,-0.01,-1,-1,-0.01,-1,-1,-0.01,-1,-1,-0.01,-1,-1,-0.01,-1,-1,-0.01,-1,-1
99926009,2026-05-18 12:26:45+05:30,53164.55,0,0.0,0,0.0,0.0,53282.15,53308.4,52783.45,53710.35,0,0.0,0.0,0.0,0.0,-0.01,-1,-1,-0.01,-1,-1,-0.01,-1,-1,-0.01,-1,-1,-0.01,-1,-1,-0.01,-1,-1,-0.01,-1,-1,-0.01,-1,-1,-0.01,-1,-1,-0.01,-1,-1
99926009,2026-05-18 12:26:46+05:30,53165.1,0,0.0,0,0.0,0.0,53282.15,53308.4,52783.45,53710.35,0,0.0,0.0,0.0,0.0,-0.01,-1,-1,-0.01,-1,-1,-0.01,-1,-1,-0.01,-1,-1,-0.01,-1,-1,-0.01,-1,-1,-0.01,-1,-1,-0.01,-1,-1,-0.01,-1,-1,-0.01,-1,-1
99926009,2026-05-18 12:26:46+05:30,53164.65,0,0.0,0,0.0,0.0,53282.15,53308.4,52783.45,53710.35,0,0.0,0.0,0.0,0.0,-0.01,-1,-1,-0.01,-1,-1,-0.01,-1,-1,-0.01,-1,-1,-0.01,-1,-1,-0.01,-1,-1,-0.01,-1,-1,-0.01,-1,-1,-0.01,-1,-1,-0.01,-1,-1
99926009,2026-05-18 12:26:47+05:30,53167.2,0,0.0,0,0.0,0.0,53282.15,53308.4,52783.45,53710.35,0,0.0,0.0,0.0,0.0,-0.01,-1,-1,-0.01,-1,-1,-0.01,-1,-1,-0.01,-1,-1,-0.01,-1,-1,-0.01,-1,-1,-0.01,-1,-1,-0.01,-1,-1,-0.01,-1,-1,-0.01,-1,-1
99926009,2026-05-18 12:26:47+05:30,53163.3,0,0.0,0,0.0,0.0,53282.15,53308.4,52783.45,53710.35,0,0.0,0.0,0.0,0.0,-0.01,-1,-1,-0.01,-1,-1,-0.01,-1,-1,-0.01,-1,-1,-0.01,-1,-1,-0.01,-1,-1,-0.01,-1,-1,-0.01,-1,-1,-0.01,-1,-1,-0.01,-1,-1
99926009,2026-05-18 12:26:48+05:30,53167.55,0,0.0,0,0.0,0.0,53282.15,53308.4,52783.45,53710.35,0,0.0,0.0,0.0,0.0,-0.01,-1,-1,-0.01,-1,-1,-0.01,-1,-1,-0.01,-1,-1,-0.01,-1,-1,-0.01,-1,-1,-0.01,-1,-1,-0.01,-1,-1,-0.01,-1,-1,-0.01,-1,-1
99926009,2026-05-18 12:26:48+05:30,53167.25,0,0.0,0,0.0,0.0,53282.15,53308.4,52783.45,53710.35,0,0.0,0.0,0.0,0.0,-0.01,-1,-1,-0.01,-1,-1,-0.01,-1,-1,-0.01,-1,-1,-0.01,-1,-1,-0.01,-1,-1,-0.01,-1,-1,-0.01,-1,-1,-0.01,-1,-1,-0.01,-1,-1
99926009,2026-05-18 12:26:49+05:30,53166.4,0,0.0,0,0.0,0.0,53282.15,53308.4,52783.45,53710.35,0,0.0,0.0,0.0,0.0,-0.01,-1,-1,-0.01,-1,-1,-0.01,-1,-1,-0.01,-1,-1,-0.01,-1,-1,-0.01,-1,-1,-0.01,-1,-1,-0.01,-1,-1,-0.01,-1,-1,-0.01,-1,-1
99926009,2026-05-18 12:26:49+05:30,53164.95,0,0.0,0,0.0,0.0,53282.15,53308.4,52783.45,53710.35,0,0.0,0.0,0.0,0.0,-0.01,-1,-1,-0.01,-1,-1,-0.01,-1,-1,-0.01,-1,-1,-0.01,-1,-1,-0.01,-1,-1,-0.01,-1,-1,-0.01,-1,-1,-0.01,-1,-1,-0.01,-1,-1
99926009,2026-05-18 12:26:50+05:30,53166.65,0,0.0,0,0.0,0.0,53282.15,53308.4,52783.45,53710.35,0,0.0,0.0,0.0,0.0,-0.01,-1,-1,-0.01,-1,-1,-0.01,-1,-1,-0.01,-1,-1,-0.01,-1,-1,-0.01,-1,-1,-0.01,-1,-1,-0.01,-1,-1,-0.01,-1,-1,-0.01,-1,-1
99926009,2026-05-18 12:26:50+05:30,53172.3,0,0.0,0,0.0,0.0,53282.15,53308.4,52783.45,53710.35,0,0.0,0.0,0.0,0.0,-0.01,-1,-1,-0.01,-1,-1,-0.01,-1,-1,-0.01,-1,-1,-0.01,-1,-1,-0.01,-1,-1,-0.01,-1,-1,-0.01,-1,-1,-0.01,-1,-1,-0.01,-1,-1
99926009,2026-05-18 12:26:51+05:30,53172.3,0,0.0,0,0.0,0.0,53282.15,53308.4,52783.45,53710.35,0,0.0,0.0,0.0,0.0,-0.01,-1,-1,-0.01,-1,-1,-0.01,-1,-1,-0.01,-1,-1,-0.01,-1,-1,-0.01,-1,-1,-0.01,-1,-1,-0.01,-1,-1,-0.01,-1,-1,-0.01,-1,-1
99926009,2026-05-18 12:26:51+05:30,53172.2,0,0.0,0,0.0,0.0,53282.15,53308.4,52783.45,53710.35,0,0.0,0.0,0.0,0.0,-0.01,-1,-1,-0.01,-1,-1,-0.01,-1,-1,-0.01,-1,-1,-0.01,-1,-1,-0.01,-1,-1,-0.01,-1,-1,-0.01,-1,-1,-0.01,-1,-1,-0.01,-1,-1
99926009,2026-05-18 12:26:52+05:30,53170.1,0,0.0,0,0.0,0.0,53282.15,53308.4,52783.45,53710.35,0,0.0,0.0,0.0,0.0,-0.01,-1,-1,-0.01,-1,-1,-0.01,-1,-1,-0.01,-1,-1,-0.01,-1,-1,-0.01,-1,-1,-0.01,-1,-1,-0.01,-1,-1,-0.01,-1,-1,-0.01,-1,-1
99926009,2026-05-18 12:26:52+05:30,53169.8,0,0.0,0,0.0,0.0,53282.15,53308.4,52783.45,53710.35,0,0.0,0.0,0.0,0.0,-0.01,-1,-1,-0.01,-1,-1,-0.01,-1,-1,-0.01,-1,-1,-0.01,-1,-1,-0.01,-1,-1,-0.01,-1,-1,-0.01,-1,-1,-0.01,-1,-1,-0.01,-1,-1
99926009,2026-05-18 12:26:53+05:30,53168.9,0,0.0,0,0.0,0.0,53282.15,53308.4,52783.45,53710.35,0,0.0,0.0,0.0,0.0,-0.01,-1,-1,-0.01,-1,-1,-0.01,-1,-1,-0.01,-1,-1,-0.01,-1,-1,-0.01,-1,-1,-0.01,-1,-1,-0.01,-1,-1,-0.01,-1,-1,-0.01,-1,-1
99926009,2026-05-18 12:26:53+05:30,53171.0,0,0.0,0,0.0,0.0,53282.15,53308.4,52783.45,53710.35,0,0.0,0.0,0.0,0.0,-0.01,-1,-1,-0.01,-1,-1,-0.01,-1,-1,-0.01,-1,-1,-0.01,-1,-1,-0.01,-1,-1,-0.01,-1,-1,-0.01,-1,-1,-0.01,-1,-1,-0.01,-1,-1
99926009,2026-05-18 12:26:54+05:30,53169.85,0,0.0,0,0.0,0.0,53282.15,53308.4,52783.45,53710.35,0,0.0,0.0,0.0,0.0,-0.01,-1,-1,-0.01,-1,-1,-0.01,-1,-1,-0.01,-1,-1,-0.01,-1,-1,-0.01,-1,-1,-0.01,-1,-1,-0.01,-1,-1,-0.01,-1,-1,-0.01,-1,-1
99926009,2026-05-18 12:26:54+05:30,53171.05,0,0.0,0,0.0,0.0,53282.15,53308.4,52783.45,53710.35,0,0.0,0.0,0.0,0.0,-0.01,-1,-1,-0.01,-1,-1,-0.01,-1,-1,-0.01,-1,-1,-0.01,-1,-1,-0.01,-1,-1,-0.01,-1,-1,-0.01,-1,-1,-0.01,-1,-1,-0.01,-1,-1
99926009,2026-05-18 12:26:55+05:30,53171.5,0,0.0,0,0.0,0.0,53282.15,53308.4,52783.45,53710.35,0,0.0,0.0,0.0,0.0,-0.01,-1,-1,-0.01,-1,-1,-0.01,-1,-1,-0.01,-1,-1,-0.01,-1,-1,-0.01,-1,-1,-0.01,-1,-1,-0.01,-1,-1,-0.01,-1,-1,-0.01,-1,-1
99926009,2026-05-18 12:26:55+05:30,53171.05,0,0.0,0,0.0,0.0,53282.15,53308.4,52783.45,53710.35,0,0.0,0.0,0.0,0.0,-0.01,-1,-1,-0.01,-1,-1,-0.01,-1,-1,-0.01,-1,-1,-0.01,-1,-1,-0.01,-1,-1,-0.01,-1,-1,-0.01,-1,-1,-0.01,-1,-1,-0.01,-1,-1
99926009,2026-05-18 12:26:56+05:30,53172.65,0,0.0,0,0.0,0.0,53282.15,53308.4,52783.45,53710.35,0,0.0,0.0,0.0,0.0,-0.01,-1,-1,-0.01,-1,-1,-0.01,-1,-1,-0.01,-1,-1,-0.01,-1,-1,-0.01,-1,-1,-0.01,-1,-1,-0.01,-1,-1,-0.01,-1,-1,-0.01,-1,-1
99926009,2026-05-18 12:26:56+05:30,53172.75,0,0.0,0,0.0,0.0,53282.15,53308.4,52783.45,53710.35,0,0.0,0.0,0.0,0.0,-0.01,-1,-1,-0.01,-1,-1,-0.01,-1,-1,-0.01,-1,-1,-0.01,-1,-1,-0.01,-1,-1,-0.01,-1,-1,-0.01,-1,-1,-0.01,-1,-1,-0.01,-1,-1
99926009,2026-05-18 12:26:57+05:30,53172.5,0,0.0,0,0.0,0.0,53282.15,53308.4,52783.45,53710.35,0,0.0,0.0,0.0,0.0,-0.01,-1,-1,-0.01,-1,-1,-0.01,-1,-1,-0.01,-1,-1,-0.01,-1,-1,-0.01,-1,-1,-0.01,-1,-1,-0.01,-1,-1,-0.01,-1,-1,-0.01,-1,-1
99926009,2026-05-18 12:26:57+05:30,53174.9,0,0.0,0,0.0,0.0,53282.15,53308.4,52783.45,53710.35,0,0.0,0.0,0.0,0.0,-0.01,-1,-1,-0.01,-1,-1,-0.01,-1,-1,-0.01,-1,-1,-0.01,-1,-1,-0.01,-1,-1,-0.01,-1,-1,-0.01,-1,-1,-0.01,-1,-1,-0.01,-1,-1
99926009,2026-05-18 12:26:58+05:30,53170.9,0,0.0,0,0.0,0.0,53282.15,53308.4,52783.45,53710.35,0,0.0,0.0,0.0,0.0,-0.01,-1,-1,-0.01,-1,-1,-0.01,-1,-1,-0.01,-1,-1,-0.01,-1,-1,-0.01,-1,-1,-0.01,-1,-1,-0.01,-1,-1,-0.01,-1,-1,-0.01,-1,-1
99926009,2026-05-18 12:26:58+05:30,53171.25,0,0.0,0,0.0,0.0,53282.15,53308.4,52783.45,53710.35,0,0.0,0.0,0.0,0.0,-0.01,-1,-1,-0.01,-1,-1,-0.01,-1,-1,-0.01,-1,-1,-0.01,-1,-1,-0.01,-1,-1,-0.01,-1,-1,-0.01,-1,-1,-0.01,-1,-1,-0.01,-1,-1
99926009,2026-05-18 12:26:59+05:30,53172.15,0,0.0,0,0.0,0.0,53282.15,53308.4,52783.45,53710.35,0,0.0,0.0,0.0,0.0,-0.01,-1,-1,-0.01,-1,-1,-0.01,-1,-1,-0.01,-1,-1,-0.01,-1,-1,-0.01,-1,-1,-0.01,-1,-1,-0.01,-1,-1,-0.01,-1,-1,-0.01,-1,-1
99926009,2026-05-18 12:26:59+05:30,53166.65,0,0.0,0,0.0,0.0,53282.15,53308.4,52783.45,53710.35,0,0.0,0.0,0.0,0.0,-0.01,-1,-1,-0.01,-1,-1,-0.01,-1,-1,-0.01,-1,-1,-0.01,-1,-1,-0.01,-1,-1,-0.01,-1,-1,-0.01,-1,-1,-0.01,-1,-1,-0.01,-1,-1
99926009,2026-05-18 12:27:00+05:30,53168.05,0,0.0,0,0.0,0.0,53282.15,53308.4,52783.45,53710.35,0,0.0,0.0,0.0,0.0,-0.01,-1,-1,-0.01,-1,-1,-0.01,-1,-1,-0.01,-1,-1,-0.01,-1,-1,-0.01,-1,-1,-0.01,-1,-1,-0.01,-1,-1,-0.01,-1,-1,-0.01,-1,-1
99926009,2026-05-18 12:27:00+05:30,53161.45,0,0.0,0,0.0,0.0,53282.15,53308.4,52783.45,53710.35,0,0.0,0.0,0.0,0.0,-0.01,-1,-1,-0.01,-1,-1,-0.01,-1,-1,-0.01,-1,-1,-0.01,-1,-1,-0.01,-1,-1,-0.01,-1,-1,-0.01,-1,-1,-0.01,-1,-1,-0.01,-1,-1
99926009,2026-05-18 12:27:01+05:30,53166.1,0,0.0,0,0.0,0.0,53282.15,53308.4,52783.45,53710.35,0,0.0,0.0,0.0,0.0,-0.01,-1,-1,-0.01,-1,-1,-0.01,-1,-1,-0.01,-1,-1,-0.01,-1,-1,-0.01,-1,-1,-0.01,-1,-1,-0.01,-1,-1,-0.01,-1,-1,-0.01,-1,-1
99926009,2026-05-18 12:27:01+05:30,53166.0,0,0.0,0,0.0,0.0,53282.15,53308.4,52783.45,53710.35,0,0.0,0.0,0.0,0.0,-0.01,-1,-1,-0.01,-1,-1,-0.01,-1,-1,-0.01,-1,-1,-0.01,-1,-1,-0.01,-1,-1,-0.01,-1,-1,-0.01,-1,-1,-0.01,-1,-1,-0.01,-1,-1
99926009,2026-05-18 12:27:02+05:30,53162.15,0,0.0,0,0.0,0.0,53282.15,53308.4,52783.45,53710.35,0,0.0,0.0,0.0,0.0,-0.01,-1,-1,-0.01,-1,-1,-0.01,-1,-1,-0.01,-1,-1,-0.01,-1,-1,-0.01,-1,-1,-0.01,-1,-1,-0.01,-1,-1,-0.01,-1,-1,-0.01,-1,-1
99926009,2026-05-18 12:27:02+05:30,53159.1,0,0.0,0,0.0,0.0,53282.15,53308.4,52783.45,53710.35,0,0.0,0.0,0.0,0.0,-0.01,-1,-1,-0.01,-1,-1,-0.01,-1,-1,-0.01,-1,-1,-0.01,-1,-1,-0.01,-1,-1,-0.01,-1,-1,-0.01,-1,-1,-0.01,-1,-1,-0.01,-1,-1
99926009,2026-05-18 12:27:03+05:30,53160.85,0,0.0,0,0.0,0.0,53282.15,53308.4,52783.45,53710.35,0,0.0,0.0,0.0,0.0,-0.01,-1,-1,-0.01,-1,-1,-0.01,-1,-1,-0.01,-1,-1,-0.01,-1,-1,-0.01,-1,-1,-0.01,-1,-1,-0.01,-1,-1,-0.01,-1,-1,-0.01,-1,-1
99926009,2026-05-18 12:27:03+05:30,53158.2,0,0.0,0,0.0,0.0,53282.15,53308.4,52783.45,53710.35,0,0.0,0.0,0.0,0.0,-0.01,-1,-1,-0.01,-1,-1,-0.01,-1,-1,-0.01,-1,-1,-0.01,-1,-1,-0.01,-1,-1,-0.01,-1,-1,-0.01,-1,-1,-0.01,-1,-1,-0.01,-1,-1
99926009,2026-05-18 12:27:04+05:30,53158.2,0,0.0,0,0.0,0.0,53282.15,53308.4,52783.45,53710.35,0,0.0,0.0,0.0,0.0,-0.01,-1,-1,-0.01,-1,-1,-0.01,-1,-1,-0.01,-1,-1,-0.01,-1,-1,-0.01,-1,-1,-0.01,-1,-1,-0.01,-1,-1,-0.01,-1,-1,-0.01,-1,-1
99926009,2026-05-18 12:27:04+05:30,53158.55,0,0.0,0,0.0,0.0,53282.15,53308.4,52783.45,53710.35,0,0.0,0.0,0.0,0.0,-0.01,-1,-1,-0.01,-1,-1,-0.01,-1,-1,-0.01,-1,-1,-0.01,-1,-1,-0.01,-1,-1,-0.01,-1,-1,-0.01,-1,-1,-0.01,-1,-1,-0.01,-1,-1
99926009,2026-05-18 12:27:05+05:30,53159.5,0,0.0,0,0.0,0.0,53282.15,53308.4,52783.45,53710.35,0,0.0,0.0,0.0,0.0,-0.01,-1,-1,-0.01,-1,-1,-0.01,-1,-1,-0.01,-1,-1,-0.01,-1,-1,-0.01,-1,-1,-0.01,-1,-1,-0.01,-1,-1,-0.01,-1,-1,-0.01,-1,-1
99926009,2026-05-18 12:27:05+05:30,53163.1,0,0.0,0,0.0,0.0,53282.15,53308.4,52783.45,53710.35,0,0.0,0.0,0.0,0.0,-0.01,-1,-1,-0.01,-1,-1,-0.01,-1,-1,-0.01,-1,-1,-0.01,-1,-1,-0.01,-1,-1,-0.01,-1,-1,-0.01,-1,-1,-0.01,-1,-1,-0.01,-1,-1
99926009,2026-05-18 12:27:06+05:30,53164.35,0,0.0,0,0.0,0.0,53282.15,53308.4,52783.45,53710.35,0,0.0,0.0,0.0,0.0,-0.01,-1,-1,-0.01,-1,-1,-0.01,-1,-1,-0.01,-1,-1,-0.01,-1,-1,-0.01,-1,-1,-0.01,-1,-1,-0.01,-1,-1,-0.01,-1,-1,-0.01,-1,-1
99926009,2026-05-18 12:27:06+05:30,53165.1,0,0.0,0,0.0,0.0,53282.15,53308.4,52783.45,53710.35,0,0.0,0.0,0.0,0.0,-0.01,-1,-1,-0.01,-1,-1,-0.01,-1,-1,-0.01,-1,-1,-0.01,-1,-1,-0.01,-1,-1,-0.01,-1,-1,-0.01,-1,-1,-0.01,-1,-1,-0.01,-1,-1
99926009,2026-05-18 12:27:07+05:30,53162.75,0,0.0,0,0.0,0.0,53282.15,53308.4,52783.45,53710.35,0,0.0,0.0,0.0,0.0,-0.01,-1,-1,-0.01,-1,-1,-0.01,-1,-1,-0.01,-1,-1,-0.01,-1,-1,-0.01,-1,-1,-0.01,-1,-1,-0.01,-1,-1,-0.01,-1,-1,-0.01,-1,-1
99926009,2026-05-18 12:27:07+05:30,53165.7,0,0.0,0,0.0,0.0,53282.15,53308.4,52783.45,53710.35,0,0.0,0.0,0.0,0.0,-0.01,-1,-1,-0.01,-1,-1,-0.01,-1,-1,-0.01,-1,-1,-0.01,-1,-1,-0.01,-1,-1,-0.01,-1,-1,-0.01,-1,-1,-0.01,-1,-1,-0.01,-1,-1
99926009,2026-05-18 12:27:08+05:30,53165.7,0,0.0,0,0.0,0.0,53282.15,53308.4,52783.45,53710.35,0,0.0,0.0,0.0,0.0,-0.01,-1,-1,-0.01,-1,-1,-0.01,-1,-1,-0.01,-1,-1,-0.01,-1,-1,-0.01,-1,-1,-0.01,-1,-1,-0.01,-1,-1,-0.01,-1,-1,-0.01,-1,-1
99926009,2026-05-18 12:27:08+05:30,53164.75,0,0.0,0,0.0,0.0,53282.15,53308.4,52783.45,53710.35,0,0.0,0.0,0.0,0.0,-0.01,-1,-1,-0.01,-1,-1,-0.01,-1,-1,-0.01,-1,-1,-0.01,-1,-1,-0.01,-1,-1,-0.01,-1,-1,-0.01,-1,-1,-0.01,-1,-1,-0.01,-1,-1
99926009,2026-05-18 12:27:09+05:30,53163.6,0,0.0,0,0.0,0.0,53282.15,53308.4,52783.45,53710.35,0,0.0,0.0,0.0,0.0,-0.01,-1,-1,-0.01,-1,-1,-0.01,-1,-1,-0.01,-1,-1,-0.01,-1,-1,-0.01,-1,-1,-0.01,-1,-1,-0.01,-1,-1,-0.01,-1,-1,-0.01,-1,-1
99926009,2026-05-18 12:27:09+05:30,53165.35,0,0.0,0,0.0,0.0,53282.15,53308.4,52783.45,53710.35,0,0.0,0.0,0.0,0.0,-0.01,-1,-1,-0.01,-1,-1,-0.01,-1,-1,-0.01,-1,-1,-0.01,-1,-1,-0.01,-1,-1,-0.01,-1,-1,-0.01,-1,-1,-0.01,-1,-1,-0.01,-1,-1
99926009,2026-05-18 12:27:10+05:30,53164.25,0,0.0,0,0.0,0.0,53282.15,53308.4,52783.45,53710.35,0,0.0,0.0,0.0,0.0,-0.01,-1,-1,-0.01,-1,-1,-0.01,-1,-1,-0.01,-1,-1,-0.01,-1,-1,-0.01,-1,-1,-0.01,-1,-1,-0.01,-1,-1,-0.01,-1,-1,-0.01,-1,-1
99926009,2026-05-18 12:27:10+05:30,53165.2,0,0.0,0,0.0,0.0,53282.15,53308.4,52783.45,53710.35,0,0.0,0.0,0.0,0.0,-0.01,-1,-1,-0.01,-1,-1,-0.01,-1,-1,-0.01,-1,-1,-0.01,-1,-1,-0.01,-1,-1,-0.01,-1,-1,-0.01,-1,-1,-0.01,-1,-1,-0.01,-1,-1
99926009,2026-05-18 12:27:11+05:30,53166.6,0,0.0,0,0.0,0.0,53282.15,53308.4,52783.45,53710.35,0,0.0,0.0,0.0,0.0,-0.01,-1,-1,-0.01,-1,-1,-0.01,-1,-1,-0.01,-1,-1,-0.01,-1,-1,-0.01,-1,-1,-0.01,-1,-1,-0.01,-1,-1,-0.01,-1,-1,-0.01,-1,-1
99926009,2026-05-18 12:27:11+05:30,53167.5,0,0.0,0,0.0,0.0,53282.15,53308.4,52783.45,53710.35,0,0.0,0.0,0.0,0.0,-0.01,-1,-1,-0.01,-1,-1,-0.01,-1,-1,-0.01,-1,-1,-0.01,-1,-1,-0.01,-1,-1,-0.01,-1,-1,-0.01,-1,-1,-0.01,-1,-1,-0.01,-1,-1
99926009,2026-05-18 12:27:12+05:30,53168.9,0,0.0,0,0.0,0.0,53282.15,53308.4,52783.45,53710.35,0,0.0,0.0,0.0,0.0,-0.01,-1,-1,-0.01,-1,-1,-0.01,-1,-1,-0.01,-1,-1,-0.01,-1,-1,-0.01,-1,-1,-0.01,-1,-1,-0.01,-1,-1,-0.01,-1,-1,-0.01,-1,-1
99926009,2026-05-18 12:27:12+05:30,53166.0,0,0.0,0,0.0,0.0,53282.15,53308.4,52783.45,53710.35,0,0.0,0.0,0.0,0.0,-0.01,-1,-1,-0.01,-1,-1,-0.01,-1,-1,-0.01,-1,-1,-0.01,-1,-1,-0.01,-1,-1,-0.01,-1,-1,-0.01,-1,-1,-0.01,-1,-1,-0.01,-1,-1
99926009,2026-05-18 12:27:13+05:30,53166.1,0,0.0,0,0.0,0.0,53282.15,53308.4,52783.45,53710.35,0,0.0,0.0,0.0,0.0,-0.01,-1,-1,-0.01,-1,-1,-0.01,-1,-1,-0.01,-1,-1,-0.01,-1,-1,-0.01,-1,-1,-0.01,-1,-1,-0.01,-1,-1,-0.01,-1,-1,-0.01,-1,-1
99926009,2026-05-18 12:27:13+05:30,53164.6,0,0.0,0,0.0,0.0,53282.15,53308.4,52783.45,53710.35,0,0.0,0.0,0.0,0.0,-0.01,-1,-1,-0.01,-1,-1,-0.01,-1,-1,-0.01,-1,-1,-0.01,-1,-1,-0.01,-1,-1,-0.01,-1,-1,-0.01,-1,-1,-0.01,-1,-1,-0.01,-1,-1
99926009,2026-05-18 12:27:14+05:30,53162.7,0,0.0,0,0.0,0.0,53282.15,53308.4,52783.45,53710.35,0,0.0,0.0,0.0,0.0,-0.01,-1,-1,-0.01,-1,-1,-0.01,-1,-1,-0.01,-1,-1,-0.01,-1,-1,-0.01,-1,-1,-0.01,-1,-1,-0.01,-1,-1,-0.01,-1,-1,-0.01,-1,-1
99926009,2026-05-18 12:27:14+05:30,53164.1,0,0.0,0,0.0,0.0,53282.15,53308.4,52783.45,53710.35,0,0.0,0.0,0.0,0.0,-0.01,-1,-1,-0.01,-1,-1,-0.01,-1,-1,-0.01,-1,-1,-0.01,-1,-1,-0.01,-1,-1,-0.01,-1,-1,-0.01,-1,-1,-0.01,-1,-1,-0.01,-1,-1
99926009,2026-05-18 12:27:15+05:30,53165.95,0,0.0,0,0.0,0.0,53282.15,53308.4,52783.45,53710.35,0,0.0,0.0,0.0,0.0,-0.01,-1,-1,-0.01,-1,-1,-0.01,-1,-1,-0.01,-1,-1,-0.01,-1,-1,-0.01,-1,-1,-0.01,-1,-1,-0.01,-1,-1,-0.01,-1,-1,-0.01,-1,-1
99926009,2026-05-18 12:27:15+05:30,53165.85,0,0.0,0,0.0,0.0,53282.15,53308.4,52783.45,53710.35,0,0.0,0.0,0.0,0.0,-0.01,-1,-1,-0.01,-1,-1,-0.01,-1,-1,-0.01,-1,-1,-0.01,-1,-1,-0.01,-1,-1,-0.01,-1,-1,-0.01,-1,-1,-0.01,-1,-1,-0.01,-1,-1
99926009,2026-05-18 12:27:16+05:30,53166.7,0,0.0,0,0.0,0.0,53282.15,53308.4,52783.45,53710.35,0,0.0,0.0,0.0,0.0,-0.01,-1,-1,-0.01,-1,-1,-0.01,-1,-1,-0.01,-1,-1,-0.01,-1,-1,-0.01,-1,-1,-0.01,-1,-1,-0.01,-1,-1,-0.01,-1,-1,-0.01,-1,-1
99926009,2026-05-18 12:27:16+05:30,53167.95,0,0.0,0,0.0,0.0,53282.15,53308.4,52783.45,53710.35,0,0.0,0.0,0.0,0.0,-0.01,-1,-1,-0.01,-1,-1,-0.01,-1,-1,-0.01,-1,-1,-0.01,-1,-1,-0.01,-1,-1,-0.01,-1,-1,-0.01,-1,-1,-0.01,-1,-1,-0.01,-1,-1
99926009,2026-05-18 12:27:17+05:30,53162.5,0,0.0,0,0.0,0.0,53282.15,53308.4,52783.45,53710.35,0,0.0,0.0,0.0,0.0,-0.01,-1,-1,-0.01,-1,-1,-0.01,-1,-1,-0.01,-1,-1,-0.01,-1,-1,-0.01,-1,-1,-0.01,-1,-1,-0.01,-1,-1,-0.01,-1,-1,-0.01,-1,-1
99926009,2026-05-18 12:27:17+05:30,53165.5,0,0.0,0,0.0,0.0,53282.15,53308.4,52783.45,53710.35,0,0.0,0.0,0.0,0.0,-0.01,-1,-1,-0.01,-1,-1,-0.01,-1,-1,-0.01,-1,-1,-0.01,-1,-1,-0.01,-1,-1,-0.01,-1,-1,-0.01,-1,-1,-0.01,-1,-1,-0.01,-1,-1
99926009,2026-05-18 12:27:18+05:30,53165.05,0,0.0,0,0.0,0.0,53282.15,53308.4,52783.45,53710.35,0,0.0,0.0,0.0,0.0,-0.01,-1,-1,-0.01,-1,-1,-0.01,-1,-1,-0.01,-1,-1,-0.01,-1,-1,-0.01,-1,-1,-0.01,-1,-1,-0.01,-1,-1,-0.01,-1,-1,-0.01,-1,-1
99926009,2026-05-18 12:27:18+05:30,53167.75,0,0.0,0,0.0,0.0,53282.15,53308.4,52783.45,53710.35,0,0.0,0.0,0.0,0.0,-0.01,-1,-1,-0.01,-1,-1,-0.01,-1,-1,-0.01,-1,-1,-0.01,-1,-1,-0.01,-1,-1,-0.01,-1,-1,-0.01,-1,-1,-0.01,-1,-1,-0.01,-1,-1
99926009,2026-05-18 12:27:19+05:30,53168.85,0,0.0,0,0.0,0.0,53282.15,53308.4,52783.45,53710.35,0,0.0,0.0,0.0,0.0,-0.01,-1,-1,-0.01,-1,-1,-0.01,-1,-1,-0.01,-1,-1,-0.01,-1,-1,-0.01,-1,-1,-0.01,-1,-1,-0.01,-1,-1,-0.01,-1,-1,-0.01,-1,-1
99926009,2026-05-18 12:27:19+05:30,53167.4,0,0.0,0,0.0,0.0,53282.15,53308.4,52783.45,53710.35,0,0.0,0.0,0.0,0.0,-0.01,-1,-1,-0.01,-1,-1,-0.01,-1,-1,-0.01,-1,-1,-0.01,-1,-1,-0.01,-1,-1,-0.01,-1,-1,-0.01,-1,-1,-0.01,-1,-1,-0.01,-1,-1
99926009,2026-05-18 12:27:20+05:30,53168.0,0,0.0,0,0.0,0.0,53282.15,53308.4,52783.45,53710.35,0,0.0,0.0,0.0,0.0,-0.01,-1,-1,-0.01,-1,-1,-0.01,-1,-1,-0.01,-1,-1,-0.01,-1,-1,-0.01,-1,-1,-0.01,-1,-1,-0.01,-1,-1,-0.01,-1,-1,-0.01,-1,-1
99926009,2026-05-18 12:27:20+05:30,53169.2,0,0.0,0,0.0,0.0,53282.15,53308.4,52783.45,53710.35,0,0.0,0.0,0.0,0.0,-0.01,-1,-1,-0.01,-1,-1,-0.01,-1,-1,-0.01,-1,-1,-0.01,-1,-1,-0.01,-1,-1,-0.01,-1,-1,-0.01,-1,-1,-0.01,-1,-1,-0.01,-1,-1
99926009,2026-05-18 12:27:21+05:30,53169.35,0,0.0,0,0.0,0.0,53282.15,53308.4,52783.45,53710.35,0,0.0,0.0,0.0,0.0,-0.01,-1,-1,-0.01,-1,-1,-0.01,-1,-1,-0.01,-1,-1,-0.01,-1,-1,-0.01,-1,-1,-0.01,-1,-1,-0.01,-1,-1,-0.01,-1,-1,-0.01,-1,-1
99926009,2026-05-18 12:27:21+05:30,53168.25,0,0.0,0,0.0,0.0,53282.15,53308.4,52783.45,53710.35,0,0.0,0.0,0.0,0.0,-0.01,-1,-1,-0.01,-1,-1,-0.01,-1,-1,-0.01,-1,-1,-0.01,-1,-1,-0.01,-1,-1,-0.01,-1,-1,-0.01,-1,-1,-0.01,-1,-1,-0.01,-1,-1
99926009,2026-05-18 12:27:22+05:30,53167.4,0,0.0,0,0.0,0.0,53282.15,53308.4,52783.45,53710.35,0,0.0,0.0,0.0,0.0,-0.01,-1,-1,-0.01,-1,-1,-0.01,-1,-1,-0.01,-1,-1,-0.01,-1,-1,-0.01,-1,-1,-0.01,-1,-1,-0.01,-1,-1,-0.01,-1,-1,-0.01,-1,-1
99926009,2026-05-18 12:27:22+05:30,53165.9,0,0.0,0,0.0,0.0,53282.15,53308.4,52783.45,53710.35,0,0.0,0.0,0.0,0.0,-0.01,-1,-1,-0.01,-1,-1,-0.01,-1,-1,-0.01,-1,-1,-0.01,-1,-1,-0.01,-1,-1,-0.01,-1,-1,-0.01,-1,-1,-0.01,-1,-1,-0.01,-1,-1
99926009,2026-05-18 12:27:23+05:30,53165.65,0,0.0,0,0.0,0.0,53282.15,53308.4,52783.45,53710.35,0,0.0,0.0,0.0,0.0,-0.01,-1,-1,-0.01,-1,-1,-0.01,-1,-1,-0.01,-1,-1,-0.01,-1,-1,-0.01,-1,-1,-0.01,-1,-1,-0.01,-1,-1,-0.01,-1,-1,-0.01,-1,-1
99926009,2026-05-18 12:27:23+05:30,53163.35,0,0.0,0,0.0,0.0,53282.15,53308.4,52783.45,53710.35,0,0.0,0.0,0.0,0.0,-0.01,-1,-1,-0.01,-1,-1,-0.01,-1,-1,-0.01,-1,-1,-0.01,-1,-1,-0.01,-1,-1,-0.01,-1,-1,-0.01,-1,-1,-0.01,-1,-1,-0.01,-1,-1
99926009,2026-05-18 12:27:24+05:30,53162.05,0,0.0,0,0.0,0.0,53282.15,53308.4,52783.45,53710.35,0,0.0,0.0,0.0,0.0,-0.01,-1,-1,-0.01,-1,-1,-0.01,-1,-1,-0.01,-1,-1,-0.01,-1,-1,-0.01,-1,-1,-0.01,-1,-1,-0.01,-1,-1,-0.01,-1,-1,-0.01,-1,-1
99926009,2026-05-18 12:27:24+05:30,53164.45,0,0.0,0,0.0,0.0,53282.15,53308.4,52783.45,53710.35,0,0.0,0.0,0.0,0.0,-0.01,-1,-1,-0.01,-1,-1,-0.01,-1,-1,-0.01,-1,-1,-0.01,-1,-1,-0.01,-1,-1,-0.01,-1,-1,-0.01,-1,-1,-0.01,-1,-1,-0.01,-1,-1
99926009,2026-05-18 12:27:25+05:30,53167.85,0,0.0,0,0.0,0.0,53282.15,53308.4,52783.45,53710.35,0,0.0,0.0,0.0,0.0,-0.01,-1,-1,-0.01,-1,-1,-0.01,-1,-1,-0.01,-1,-1,-0.01,-1,-1,-0.01,-1,-1,-0.01,-1,-1,-0.01,-1,-1,-0.01,-1,-1,-0.01,-1,-1
99926009,2026-05-18 12:27:25+05:30,53168.4,0,0.0,0,0.0,0.0,53282.15,53308.4,52783.45,53710.35,0,0.0,0.0,0.0,0.0,-0.01,-1,-1,-0.01,-1,-1,-0.01,-1,-1,-0.01,-1,-1,-0.01,-1,-1,-0.01,-1,-1,-0.01,-1,-1,-0.01,-1,-1,-0.01,-1,-1,-0.01,-1,-1
99926009,2026-05-18 12:27:26+05:30,53167.85,0,0.0,0,0.0,0.0,53282.15,53308.4,52783.45,53710.35,0,0.0,0.0,0.0,0.0,-0.01,-1,-1,-0.01,-1,-1,-0.01,-1,-1,-0.01,-1,-1,-0.01,-1,-1,-0.01,-1,-1,-0.01,-1,-1,-0.01,-1,-1,-0.01,-1,-1,-0.01,-1,-1
99926009,2026-05-18 12:27:26+05:30,53164.95,0,0.0,0,0.0,0.0,53282.15,53308.4,52783.45,53710.35,0,0.0,0.0,0.0,0.0,-0.01,-1,-1,-0.01,-1,-1,-0.01,-1,-1,-0.01,-1,-1,-0.01,-1,-1,-0.01,-1,-1,-0.01,-1,-1,-0.01,-1,-1,-0.01,-1,-1,-0.01,-1,-1
99926009,2026-05-18 12:27:27+05:30,53165.15,0,0.0,0,0.0,0.0,53282.15,53308.4,52783.45,53710.35,0,0.0,0.0,0.0,0.0,-0.01,-1,-1,-0.01,-1,-1,-0.01,-1,-1,-0.01,-1,-1,-0.01,-1,-1,-0.01,-1,-1,-0.01,-1,-1,-0.01,-1,-1,-0.01,-1,-1,-0.01,-1,-1
99926009,2026-05-18 12:27:27+05:30,53162.6,0,0.0,0,0.0,0.0,53282.15,53308.4,52783.45,53710.35,0,0.0,0.0,0.0,0.0,-0.01,-1,-1,-0.01,-1,-1,-0.01,-1,-1,-0.01,-1,-1,-0.01,-1,-1,-0.01,-1,-1,-0.01,-1,-1,-0.01,-1,-1,-0.01,-1,-1,-0.01,-1,-1
99926009,2026-05-18 12:27:28+05:30,53162.0,0,0.0,0,0.0,0.0,53282.15,53308.4,52783.45,53710.35,0,0.0,0.0,0.0,0.0,-0.01,-1,-1,-0.01,-1,-1,-0.01,-1,-1,-0.01,-1,-1,-0.01,-1,-1,-0.01,-1,-1,-0.01,-1,-1,-0.01,-1,-1,-0.01,-1,-1,-0.01,-1,-1
99926009,2026-05-18 12:27:28+05:30,53161.7,0,0.0,0,0.0,0.0,53282.15,53308.4,52783.45,53710.35,0,0.0,0.0,0.0,0.0,-0.01,-1,-1,-0.01,-1,-1,-0.01,-1,-1,-0.01,-1,-1,-0.01,-1,-1,-0.01,-1,-1,-0.01,-1,-1,-0.01,-1,-1,-0.01,-1,-1,-0.01,-1,-1
99926009,2026-05-18 12:27:29+05:30,53161.5,0,0.0,0,0.0,0.0,53282.15,53308.4,52783.45,53710.35,0,0.0,0.0,0.0,0.0,-0.01,-1,-1,-0.01,-1,-1,-0.01,-1,-1,-0.01,-1,-1,-0.01,-1,-1,-0.01,-1,-1,-0.01,-1,-1,-0.01,-1,-1,-0.01,-1,-1,-0.01,-1,-1
99926009,2026-05-18 12:27:29+05:30,53161.95,0,0.0,0,0.0,0.0,53282.15,53308.4,52783.45,53710.35,0,0.0,0.0,0.0,0.0,-0.01,-1,-1,-0.01,-1,-1,-0.01,-1,-1,-0.01,-1,-1,-0.01,-1,-1,-0.01,-1,-1,-0.01,-1,-1,-0.01,-1,-1,-0.01,-1,-1,-0.01,-1,-1
99926009,2026-05-18 12:27:30+05:30,53161.3,0,0.0,0,0.0,0.0,53282.15,53308.4,52783.45,53710.35,0,0.0,0.0,0.0,0.0,-0.01,-1,-1,-0.01,-1,-1,-0.01,-1,-1,-0.01,-1,-1,-0.01,-1,-1,-0.01,-1,-1,-0.01,-1,-1,-0.01,-1,-1,-0.01,-1,-1,-0.01,-1,-1
99926009,2026-05-18 12:27:30+05:30,53161.5,0,0.0,0,0.0,0.0,53282.15,53308.4,52783.45,53710.35,0,0.0,0.0,0.0,0.0,-0.01,-1,-1,-0.01,-1,-1,-0.01,-1,-1,-0.01,-1,-1,-0.01,-1,-1,-0.01,-1,-1,-0.01,-1,-1,-0.01,-1,-1,-0.01,-1,-1,-0.01,-1,-1
99926009,2026-05-18 12:27:31+05:30,53163.3,0,0.0,0,0.0,0.0,53282.15,53308.4,52783.45,53710.35,0,0.0,0.0,0.0,0.0,-0.01,-1,-1,-0.01,-1,-1,-0.01,-1,-1,-0.01,-1,-1,-0.01,-1,-1,-0.01,-1,-1,-0.01,-1,-1,-0.01,-1,-1,-0.01,-1,-1,-0.01,-1,-1
99926009,2026-05-18 12:27:31+05:30,53164.4,0,0.0,0,0.0,0.0,53282.15,53308.4,52783.45,53710.35,0,0.0,0.0,0.0,0.0,-0.01,-1,-1,-0.01,-1,-1,-0.01,-1,-1,-0.01,-1,-1,-0.01,-1,-1,-0.01,-1,-1,-0.01,-1,-1,-0.01,-1,-1,-0.01,-1,-1,-0.01,-1,-1
99926009,2026-05-18 12:27:32+05:30,53164.05,0,0.0,0,0.0,0.0,53282.15,53308.4,52783.45,53710.35,0,0.0,0.0,0.0,0.0,-0.01,-1,-1,-0.01,-1,-1,-0.01,-1,-1,-0.01,-1,-1,-0.01,-1,-1,-0.01,-1,-1,-0.01,-1,-1,-0.01,-1,-1,-0.01,-1,-1,-0.01,-1,-1
99926009,2026-05-18 12:27:32+05:30,53162.95,0,0.0,0,0.0,0.0,53282.15,53308.4,52783.45,53710.35,0,0.0,0.0,0.0,0.0,-0.01,-1,-1,-0.01,-1,-1,-0.01,-1,-1,-0.01,-1,-1,-0.01,-1,-1,-0.01,-1,-1,-0.01,-1,-1,-0.01,-1,-1,-0.01,-1,-1,-0.01,-1,-1
99926009,2026-05-18 12:27:33+05:30,53168.85,0,0.0,0,0.0,0.0,53282.15,53308.4,52783.45,53710.35,0,0.0,0.0,0.0,0.0,-0.01,-1,-1,-0.01,-1,-1,-0.01,-1,-1,-0.01,-1,-1,-0.01,-1,-1,-0.01,-1,-1,-0.01,-1,-1,-0.01,-1,-1,-0.01,-1,-1,-0.01,-1,-1
99926009,2026-05-18 12:27:33+05:30,53167.25,0,0.0,0,0.0,0.0,53282.15,53308.4,52783.45,53710.35,0,0.0,0.0,0.0,0.0,-0.01,-1,-1,-0.01,-1,-1,-0.01,-1,-1,-0.01,-1,-1,-0.01,-1,-1,-0.01,-1,-1,-0.01,-1,-1,-0.01,-1,-1,-0.01,-1,-1,-0.01,-1,-1
99926009,2026-05-18 12:27:34+05:30,53165.3,0,0.0,0,0.0,0.0,53282.15,53308.4,52783.45,53710.35,0,0.0,0.0,0.0,0.0,-0.01,-1,-1,-0.01,-1,-1,-0.01,-1,-1,-0.01,-1,-1,-0.01,-1,-1,-0.01,-1,-1,-0.01,-1,-1,-0.01,-1,-1,-0.01,-1,-1,-0.01,-1,-1
99926009,2026-05-18 12:27:34+05:30,53167.4,0,0.0,0,0.0,0.0,53282.15,53308.4,52783.45,53710.35,0,0.0,0.0,0.0,0.0,-0.01,-1,-1,-0.01,-1,-1,-0.01,-1,-1,-0.01,-1,-1,-0.01,-1,-1,-0.01,-1,-1,-0.01,-1,-1,-0.01,-1,-1,-0.01,-1,-1,-0.01,-1,-1
99926009,2026-05-18 12:27:35+05:30,53167.6,0,0.0,0,0.0,0.0,53282.15,53308.4,52783.45,53710.35,0,0.0,0.0,0.0,0.0,-0.01,-1,-1,-0.01,-1,-1,-0.01,-1,-1,-0.01,-1,-1,-0.01,-1,-1,-0.01,-1,-1,-0.01,-1,-1,-0.01,-1,-1,-0.01,-1,-1,-0.01,-1,-1
99926009,2026-05-18 12:27:35+05:30,53168.4,0,0.0,0,0.0,0.0,53282.15,53308.4,52783.45,53710.35,0,0.0,0.0,0.0,0.0,-0.01,-1,-1,-0.01,-1,-1,-0.01,-1,-1,-0.01,-1,-1,-0.01,-1,-1,-0.01,-1,-1,-0.01,-1,-1,-0.01,-1,-1,-0.01,-1,-1,-0.01,-1,-1
99926009,2026-05-18 12:27:36+05:30,53167.9,0,0.0,0,0.0,0.0,53282.15,53308.4,52783.45,53710.35,0,0.0,0.0,0.0,0.0,-0.01,-1,-1,-0.01,-1,-1,-0.01,-1,-1,-0.01,-1,-1,-0.01,-1,-1,-0.01,-1,-1,-0.01,-1,-1,-0.01,-1,-1,-0.01,-1,-1,-0.01,-1,-1
99926009,2026-05-18 12:27:36+05:30,53167.55,0,0.0,0,0.0,0.0,53282.15,53308.4,52783.45,53710.35,0,0.0,0.0,0.0,0.0,-0.01,-1,-1,-0.01,-1,-1,-0.01,-1,-1,-0.01,-1,-1,-0.01,-1,-1,-0.01,-1,-1,-0.01,-1,-1,-0.01,-1,-1,-0.01,-1,-1,-0.01,-1,-1
99926009,2026-05-18 12:27:37+05:30,53167.3,0,0.0,0,0.0,0.0,53282.15,53308.4,52783.45,53710.35,0,0.0,0.0,0.0,0.0,-0.01,-1,-1,-0.01,-1,-1,-0.01,-1,-1,-0.01,-1,-1,-0.01,-1,-1,-0.01,-1,-1,-0.01,-1,-1,-0.01,-1,-1,-0.01,-1,-1,-0.01,-1,-1
99926009,2026-05-18 12:27:37+05:30,53167.8,0,0.0,0,0.0,0.0,53282.15,53308.4,52783.45,53710.35,0,0.0,0.0,0.0,0.0,-0.01,-1,-1,-0.01,-1,-1,-0.01,-1,-1,-0.01,-1,-1,-0.01,-1,-1,-0.01,-1,-1,-0.01,-1,-1,-0.01,-1,-1,-0.01,-1,-1,-0.01,-1,-1
99926009,2026-05-18 12:27:38+05:30,53166.55,0,0.0,0,0.0,0.0,53282.15,53308.4,52783.45,53710.35,0,0.0,0.0,0.0,0.0,-0.01,-1,-1,-0.01,-1,-1,-0.01,-1,-1,-0.01,-1,-1,-0.01,-1,-1,-0.01,-1,-1,-0.01,-1,-1,-0.01,-1,-1,-0.01,-1,-1,-0.01,-1,-1
99926009,2026-05-18 12:27:38+05:30,53168.0,0,0.0,0,0.0,0.0,53282.15,53308.4,52783.45,53710.35,0,0.0,0.0,0.0,0.0,-0.01,-1,-1,-0.01,-1,-1,-0.01,-1,-1,-0.01,-1,-1,-0.01,-1,-1,-0.01,-1,-1,-0.01,-1,-1,-0.01,-1,-1,-0.01,-1,-1,-0.01,-1,-1
99926009,2026-05-18 12:27:39+05:30,53163.95,0,0.0,0,0.0,0.0,53282.15,53308.4,52783.45,53710.35,0,0.0,0.0,0.0,0.0,-0.01,-1,-1,-0.01,-1,-1,-0.01,-1,-1,-0.01,-1,-1,-0.01,-1,-1,-0.01,-1,-1,-0.01,-1,-1,-0.01,-1,-1,-0.01,-1,-1,-0.01,-1,-1
99926009,2026-05-18 12:27:39+05:30,53164.3,0,0.0,0,0.0,0.0,53282.15,53308.4,52783.45,53710.35,0,0.0,0.0,0.0,0.0,-0.01,-1,-1,-0.01,-1,-1,-0.01,-1,-1,-0.01,-1,-1,-0.01,-1,-1,-0.01,-1,-1,-0.01,-1,-1,-0.01,-1,-1,-0.01,-1,-1,-0.01,-1,-1
99926009,2026-05-18 12:27:40+05:30,53164.0,0,0.0,0,0.0,0.0,53282.15,53308.4,52783.45,53710.35,0,0.0,0.0,0.0,0.0,-0.01,-1,-1,-0.01,-1,-1,-0.01,-1,-1,-0.01,-1,-1,-0.01,-1,-1,-0.01,-1,-1,-0.01,-1,-1,-0.01,-1,-1,-0.01,-1,-1,-0.01,-1,-1
99926009,2026-05-18 12:27:40+05:30,53166.1,0,0.0,0,0.0,0.0,53282.15,53308.4,52783.45,53710.35,0,0.0,0.0,0.0,0.0,-0.01,-1,-1,-0.01,-1,-1,-0.01,-1,-1,-0.01,-1,-1,-0.01,-1,-1,-0.01,-1,-1,-0.01,-1,-1,-0.01,-1,-1,-0.01,-1,-1,-0.01,-1,-1
99926009,2026-05-18 12:27:41+05:30,53165.6,0,0.0,0,0.0,0.0,53282.15,53308.4,52783.45,53710.35,0,0.0,0.0,0.0,0.0,-0.01,-1,-1,-0.01,-1,-1,-0.01,-1,-1,-0.01,-1,-1,-0.01,-1,-1,-0.01,-1,-1,-0.01,-1,-1,-0.01,-1,-1,-0.01,-1,-1,-0.01,-1,-1
99926009,2026-05-18 12:27:41+05:30,53163.6,0,0.0,0,0.0,0.0,53282.15,53308.4,52783.45,53710.35,0,0.0,0.0,0.0,0.0,-0.01,-1,-1,-0.01,-1,-1,-0.01,-1,-1,-0.01,-1,-1,-0.01,-1,-1,-0.01,-1,-1,-0.01,-1,-1,-0.01,-1,-1,-0.01,-1,-1,-0.01,-1,-1
99926009,2026-05-18 12:27:42+05:30,53163.05,0,0.0,0,0.0,0.0,53282.15,53308.4,52783.45,53710.35,0,0.0,0.0,0.0,0.0,-0.01,-1,-1,-0.01,-1,-1,-0.01,-1,-1,-0.01,-1,-1,-0.01,-1,-1,-0.01,-1,-1,-0.01,-1,-1,-0.01,-1,-1,-0.01,-1,-1,-0.01,-1,-1
99926009,2026-05-18 12:27:42+05:30,53162.6,0,0.0,0,0.0,0.0,53282.15,53308.4,52783.45,53710.35,0,0.0,0.0,0.0,0.0,-0.01,-1,-1,-0.01,-1,-1,-0.01,-1,-1,-0.01,-1,-1,-0.01,-1,-1,-0.01,-1,-1,-0.01,-1,-1,-0.01,-1,-1,-0.01,-1,-1,-0.01,-1,-1
99926009,2026-05-18 12:27:43+05:30,53162.0,0,0.0,0,0.0,0.0,53282.15,53308.4,52783.45,53710.35,0,0.0,0.0,0.0,0.0,-0.01,-1,-1,-0.01,-1,-1,-0.01,-1,-1,-0.01,-1,-1,-0.01,-1,-1,-0.01,-1,-1,-0.01,-1,-1,-0.01,-1,-1,-0.01,-1,-1,-0.01,-1,-1
99926009,2026-05-18 12:27:43+05:30,53164.15,0,0.0,0,0.0,0.0,53282.15,53308.4,52783.45,53710.35,0,0.0,0.0,0.0,0.0,-0.01,-1,-1,-0.01,-1,-1,-0.01,-1,-1,-0.01,-1,-1,-0.01,-1,-1,-0.01,-1,-1,-0.01,-1,-1,-0.01,-1,-1,-0.01,-1,-1,-0.01,-1,-1
99926009,2026-05-18 12:27:44+05:30,53162.4,0,0.0,0,0.0,0.0,53282.15,53308.4,52783.45,53710.35,0,0.0,0.0,0.0,0.0,-0.01,-1,-1,-0.01,-1,-1,-0.01,-1,-1,-0.01,-1,-1,-0.01,-1,-1,-0.01,-1,-1,-0.01,-1,-1,-0.01,-1,-1,-0.01,-1,-1,-0.01,-1,-1
99926009,2026-05-18 12:27:44+05:30,53160.7,0,0.0,0,0.0,0.0,53282.15,53308.4,52783.45,53710.35,0,0.0,0.0,0.0,0.0,-0.01,-1,-1,-0.01,-1,-1,-0.01,-1,-1,-0.01,-1,-1,-0.01,-1,-1,-0.01,-1,-1,-0.01,-1,-1,-0.01,-1,-1,-0.01,-1,-1,-0.01,-1,-1
99926009,2026-05-18 12:27:45+05:30,53163.95,0,0.0,0,0.0,0.0,53282.15,53308.4,52783.45,53710.35,0,0.0,0.0,0.0,0.0,-0.01,-1,-1,-0.01,-1,-1,-0.01,-1,-1,-0.01,-1,-1,-0.01,-1,-1,-0.01,-1,-1,-0.01,-1,-1,-0.01,-1,-1,-0.01,-1,-1,-0.01,-1,-1
99926009,2026-05-18 12:27:45+05:30,53161.9,0,0.0,0,0.0,0.0,53282.15,53308.4,52783.45,53710.35,0,0.0,0.0,0.0,0.0,-0.01,-1,-1,-0.01,-1,-1,-0.01,-1,-1,-0.01,-1,-1,-0.01,-1,-1,-0.01,-1,-1,-0.01,-1,-1,-0.01,-1,-1,-0.01,-1,-1,-0.01,-1,-1
99926009,2026-05-18 12:27:46+05:30,53162.95,0,0.0,0,0.0,0.0,53282.15,53308.4,52783.45,53710.35,0,0.0,0.0,0.0,0.0,-0.01,-1,-1,-0.01,-1,-1,-0.01,-1,-1,-0.01,-1,-1,-0.01,-1,-1,-0.01,-1,-1,-0.01,-1,-1,-0.01,-1,-1,-0.01,-1,-1,-0.01,-1,-1
99926009,2026-05-18 12:27:46+05:30,53162.35,0,0.0,0,0.0,0.0,53282.15,53308.4,52783.45,53710.35,0,0.0,0.0,0.0,0.0,-0.01,-1,-1,-0.01,-1,-1,-0.01,-1,-1,-0.01,-1,-1,-0.01,-1,-1,-0.01,-1,-1,-0.01,-1,-1,-0.01,-1,-1,-0.01,-1,-1,-0.01,-1,-1
99926009,2026-05-18 12:27:47+05:30,53164.1,0,0.0,0,0.0,0.0,53282.15,53308.4,52783.45,53710.35,0,0.0,0.0,0.0,0.0,-0.01,-1,-1,-0.01,-1,-1,-0.01,-1,-1,-0.01,-1,-1,-0.01,-1,-1,-0.01,-1,-1,-0.01,-1,-1,-0.01,-1,-1,-0.01,-1,-1,-0.01,-1,-1
99926009,2026-05-18 12:27:47+05:30,53160.65,0,0.0,0,0.0,0.0,53282.15,53308.4,52783.45,53710.35,0,0.0,0.0,0.0,0.0,-0.01,-1,-1,-0.01,-1,-1,-0.01,-1,-1,-0.01,-1,-1,-0.01,-1,-1,-0.01,-1,-1,-0.01,-1,-1,-0.01,-1,-1,-0.01,-1,-1,-0.01,-1,-1
99926009,2026-05-18 12:27:48+05:30,53161.9,0,0.0,0,0.0,0.0,53282.15,53308.4,52783.45,53710.35,0,0.0,0.0,0.0,0.0,-0.01,-1,-1,-0.01,-1,-1,-0.01,-1,-1,-0.01,-1,-1,-0.01,-1,-1,-0.01,-1,-1,-0.01,-1,-1,-0.01,-1,-1,-0.01,-1,-1,-0.01,-1,-1
99926009,2026-05-18 12:27:48+05:30,53158.15,0,0.0,0,0.0,0.0,53282.15,53308.4,52783.45,53710.35,0,0.0,0.0,0.0,0.0,-0.01,-1,-1,-0.01,-1,-1,-0.01,-1,-1,-0.01,-1,-1,-0.01,-1,-1,-0.01,-1,-1,-0.01,-1,-1,-0.01,-1,-1,-0.01,-1,-1,-0.01,-1,-1
99926009,2026-05-18 12:27:49+05:30,53159.7,0,0.0,0,0.0,0.0,53282.15,53308.4,52783.45,53710.35,0,0.0,0.0,0.0,0.0,-0.01,-1,-1,-0.01,-1,-1,-0.01,-1,-1,-0.01,-1,-1,-0.01,-1,-1,-0.01,-1,-1,-0.01,-1,-1,-0.01,-1,-1,-0.01,-1,-1,-0.01,-1,-1
99926009,2026-05-18 12:27:49+05:30,53158.0,0,0.0,0,0.0,0.0,53282.15,53308.4,52783.45,53710.35,0,0.0,0.0,0.0,0.0,-0.01,-1,-1,-0.01,-1,-1,-0.01,-1,-1,-0.01,-1,-1,-0.01,-1,-1,-0.01,-1,-1,-0.01,-1,-1,-0.01,-1,-1,-0.01,-1,-1,-0.01,-1,-1
99926009,2026-05-18 12:27:50+05:30,53159.7,0,0.0,0,0.0,0.0,53282.15,53308.4,52783.45,53710.35,0,0.0,0.0,0.0,0.0,-0.01,-1,-1,-0.01,-1,-1,-0.01,-1,-1,-0.01,-1,-1,-0.01,-1,-1,-0.01,-1,-1,-0.01,-1,-1,-0.01,-1,-1,-0.01,-1,-1,-0.01,-1,-1
99926009,2026-05-18 12:27:50+05:30,53160.7,0,0.0,0,0.0,0.0,53282.15,53308.4,52783.45,53710.35,0,0.0,0.0,0.0,0.0,-0.01,-1,-1,-0.01,-1,-1,-0.01,-1,-1,-0.01,-1,-1,-0.01,-1,-1,-0.01,-1,-1,-0.01,-1,-1,-0.01,-1,-1,-0.01,-1,-1,-0.01,-1,-1
99926009,2026-05-18 12:27:51+05:30,53164.95,0,0.0,0,0.0,0.0,53282.15,53308.4,52783.45,53710.35,0,0.0,0.0,0.0,0.0,-0.01,-1,-1,-0.01,-1,-1,-0.01,-1,-1,-0.01,-1,-1,-0.01,-1,-1,-0.01,-1,-1,-0.01,-1,-1,-0.01,-1,-1,-0.01,-1,-1,-0.01,-1,-1
99926009,2026-05-18 12:27:51+05:30,53161.85,0,0.0,0,0.0,0.0,53282.15,53308.4,52783.45,53710.35,0,0.0,0.0,0.0,0.0,-0.01,-1,-1,-0.01,-1,-1,-0.01,-1,-1,-0.01,-1,-1,-0.01,-1,-1,-0.01,-1,-1,-0.01,-1,-1,-0.01,-1,-1,-0.01,-1,-1,-0.01,-1,-1
99926009,2026-05-18 12:27:52+05:30,53160.9,0,0.0,0,0.0,0.0,53282.15,53308.4,52783.45,53710.35,0,0.0,0.0,0.0,0.0,-0.01,-1,-1,-0.01,-1,-1,-0.01,-1,-1,-0.01,-1,-1,-0.01,-1,-1,-0.01,-1,-1,-0.01,-1,-1,-0.01,-1,-1,-0.01,-1,-1,-0.01,-1,-1
99926009,2026-05-18 12:27:52+05:30,53162.45,0,0.0,0,0.0,0.0,53282.15,53308.4,52783.45,53710.35,0,0.0,0.0,0.0,0.0,-0.01,-1,-1,-0.01,-1,-1,-0.01,-1,-1,-0.01,-1,-1,-0.01,-1,-1,-0.01,-1,-1,-0.01,-1,-1,-0.01,-1,-1,-0.01,-1,-1,-0.01,-1,-1
99926009,2026-05-18 12:27:53+05:30,53164.65,0,0.0,0,0.0,0.0,53282.15,53308.4,52783.45,53710.35,0,0.0,0.0,0.0,0.0,-0.01,-1,-1,-0.01,-1,-1,-0.01,-1,-1,-0.01,-1,-1,-0.01,-1,-1,-0.01,-1,-1,-0.01,-1,-1,-0.01,-1,-1,-0.01,-1,-1,-0.01,-1,-1
99926009,2026-05-18 12:27:53+05:30,53160.85,0,0.0,0,0.0,0.0,53282.15,53308.4,52783.45,53710.35,0,0.0,0.0,0.0,0.0,-0.01,-1,-1,-0.01,-1,-1,-0.01,-1,-1,-0.01,-1,-1,-0.01,-1,-1,-0.01,-1,-1,-0.01,-1,-1,-0.01,-1,-1,-0.01,-1,-1,-0.01,-1,-1
99926009,2026-05-18 12:27:54+05:30,53164.15,0,0.0,0,0.0,0.0,53282.15,53308.4,52783.45,53710.35,0,0.0,0.0,0.0,0.0,-0.01,-1,-1,-0.01,-1,-1,-0.01,-1,-1,-0.01,-1,-1,-0.01,-1,-1,-0.01,-1,-1,-0.01,-1,-1,-0.01,-1,-1,-0.01,-1,-1,-0.01,-1,-1
99926009,2026-05-18 12:27:54+05:30,53165.15,0,0.0,0,0.0,0.0,53282.15,53308.4,52783.45,53710.35,0,0.0,0.0,0.0,0.0,-0.01,-1,-1,-0.01,-1,-1,-0.01,-1,-1,-0.01,-1,-1,-0.01,-1,-1,-0.01,-1,-1,-0.01,-1,-1,-0.01,-1,-1,-0.01,-1,-1,-0.01,-1,-1
99926009,2026-05-18 12:27:55+05:30,53162.25,0,0.0,0,0.0,0.0,53282.15,53308.4,52783.45,53710.35,0,0.0,0.0,0.0,0.0,-0.01,-1,-1,-0.01,-1,-1,-0.01,-1,-1,-0.01,-1,-1,-0.01,-1,-1,-0.01,-1,-1,-0.01,-1,-1,-0.01,-1,-1,-0.01,-1,-1,-0.01,-1,-1
99926009,2026-05-18 12:27:55+05:30,53164.35,0,0.0,0,0.0,0.0,53282.15,53308.4,52783.45,53710.35,0,0.0,0.0,0.0,0.0,-0.01,-1,-1,-0.01,-1,-1,-0.01,-1,-1,-0.01,-1,-1,-0.01,-1,-1,-0.01,-1,-1,-0.01,-1,-1,-0.01,-1,-1,-0.01,-1,-1,-0.01,-1,-1
99926009,2026-05-18 12:27:56+05:30,53163.8,0,0.0,0,0.0,0.0,53282.15,53308.4,52783.45,53710.35,0,0.0,0.0,0.0,0.0,-0.01,-1,-1,-0.01,-1,-1,-0.01,-1,-1,-0.01,-1,-1,-0.01,-1,-1,-0.01,-1,-1,-0.01,-1,-1,-0.01,-1,-1,-0.01,-1,-1,-0.01,-1,-1
99926009,2026-05-18 12:27:56+05:30,53165.5,0,0.0,0,0.0,0.0,53282.15,53308.4,52783.45,53710.35,0,0.0,0.0,0.0,0.0,-0.01,-1,-1,-0.01,-1,-1,-0.01,-1,-1,-0.01,-1,-1,-0.01,-1,-1,-0.01,-1,-1,-0.01,-1,-1,-0.01,-1,-1,-0.01,-1,-1,-0.01,-1,-1
99926009,2026-05-18 12:27:57+05:30,53169.0,0,0.0,0,0.0,0.0,53282.15,53308.4,52783.45,53710.35,0,0.0,0.0,0.0,0.0,-0.01,-1,-1,-0.01,-1,-1,-0.01,-1,-1,-0.01,-1,-1,-0.01,-1,-1,-0.01,-1,-1,-0.01,-1,-1,-0.01,-1,-1,-0.01,-1,-1,-0.01,-1,-1
99926009,2026-05-18 12:27:57+05:30,53168.8,0,0.0,0,0.0,0.0,53282.15,53308.4,52783.45,53710.35,0,0.0,0.0,0.0,0.0,-0.01,-1,-1,-0.01,-1,-1,-0.01,-1,-1,-0.01,-1,-1,-0.01,-1,-1,-0.01,-1,-1,-0.01,-1,-1,-0.01,-1,-1,-0.01,-1,-1,-0.01,-1,-1
99926009,2026-05-18 12:27:58+05:30,53172.15,0,0.0,0,0.0,0.0,53282.15,53308.4,52783.45,53710.35,0,0.0,0.0,0.0,0.0,-0.01,-1,-1,-0.01,-1,-1,-0.01,-1,-1,-0.01,-1,-1,-0.01,-1,-1,-0.01,-1,-1,-0.01,-1,-1,-0.01,-1,-1,-0.01,-1,-1,-0.01,-1,-1
99926009,2026-05-18 12:27:58+05:30,53176.4,0,0.0,0,0.0,0.0,53282.15,53308.4,52783.45,53710.35,0,0.0,0.0,0.0,0.0,-0.01,-1,-1,-0.01,-1,-1,-0.01,-1,-1,-0.01,-1,-1,-0.01,-1,-1,-0.01,-1,-1,-0.01,-1,-1,-0.01,-1,-1,-0.01,-1,-1,-0.01,-1,-1
99926009,2026-05-18 12:27:59+05:30,53180.95,0,0.0,0,0.0,0.0,53282.15,53308.4,52783.45,53710.35,0,0.0,0.0,0.0,0.0,-0.01,-1,-1,-0.01,-1,-1,-0.01,-1,-1,-0.01,-1,-1,-0.01,-1,-1,-0.01,-1,-1,-0.01,-1,-1,-0.01,-1,-1,-0.01,-1,-1,-0.01,-1,-1
99926009,2026-05-18 12:27:59+05:30,53182.25,0,0.0,0,0.0,0.0,53282.15,53308.4,52783.45,53710.35,0,0.0,0.0,0.0,0.0,-0.01,-1,-1,-0.01,-1,-1,-0.01,-1,-1,-0.01,-1,-1,-0.01,-1,-1,-0.01,-1,-1,-0.01,-1,-1,-0.01,-1,-1,-0.01,-1,-1,-0.01,-1,-1
99926009,2026-05-18 12:28:00+05:30,53183.55,0,0.0,0,0.0,0.0,53282.15,53308.4,52783.45,53710.35,0,0.0,0.0,0.0,0.0,-0.01,-1,-1,-0.01,-1,-1,-0.01,-1,-1,-0.01,-1,-1,-0.01,-1,-1,-0.01,-1,-1,-0.01,-1,-1,-0.01,-1,-1,-0.01,-1,-1,-0.01,-1,-1
99926009,2026-05-18 12:28:00+05:30,53184.4,0,0.0,0,0.0,0.0,53282.15,53308.4,52783.45,53710.35,0,0.0,0.0,0.0,0.0,-0.01,-1,-1,-0.01,-1,-1,-0.01,-1,-1,-0.01,-1,-1,-0.01,-1,-1,-0.01,-1,-1,-0.01,-1,-1,-0.01,-1,-1,-0.01,-1,-1,-0.01,-1,-1
99926009,2026-05-18 12:28:01+05:30,53183.75,0,0.0,0,0.0,0.0,53282.15,53308.4,52783.45,53710.35,0,0.0,0.0,0.0,0.0,-0.01,-1,-1,-0.01,-1,-1,-0.01,-1,-1,-0.01,-1,-1,-0.01,-1,-1,-0.01,-1,-1,-0.01,-1,-1,-0.01,-1,-1,-0.01,-1,-1,-0.01,-1,-1
99926009,2026-05-18 12:28:01+05:30,53187.5,0,0.0,0,0.0,0.0,53282.15,53308.4,52783.45,53710.35,0,0.0,0.0,0.0,0.0,-0.01,-1,-1,-0.01,-1,-1,-0.01,-1,-1,-0.01,-1,-1,-0.01,-1,-1,-0.01,-1,-1,-0.01,-1,-1,-0.01,-1,-1,-0.01,-1,-1,-0.01,-1,-1
99926009,2026-05-18 12:28:02+05:30,53188.2,0,0.0,0,0.0,0.0,53282.15,53308.4,52783.45,53710.35,0,0.0,0.0,0.0,0.0,-0.01,-1,-1,-0.01,-1,-1,-0.01,-1,-1,-0.01,-1,-1,-0.01,-1,-1,-0.01,-1,-1,-0.01,-1,-1,-0.01,-1,-1,-0.01,-1,-1,-0.01,-1,-1
99926009,2026-05-18 12:28:02+05:30,53189.5,0,0.0,0,0.0,0.0,53282.15,53308.4,52783.45,53710.35,0,0.0,0.0,0.0,0.0,-0.01,-1,-1,-0.01,-1,-1,-0.01,-1,-1,-0.01,-1,-1,-0.01,-1,-1,-0.01,-1,-1,-0.01,-1,-1,-0.01,-1,-1,-0.01,-1,-1,-0.01,-1,-1
99926009,2026-05-18 12:28:03+05:30,53188.0,0,0.0,0,0.0,0.0,53282.15,53308.4,52783.45,53710.35,0,0.0,0.0,0.0,0.0,-0.01,-1,-1,-0.01,-1,-1,-0.01,-1,-1,-0.01,-1,-1,-0.01,-1,-1,-0.01,-1,-1,-0.01,-1,-1,-0.01,-1,-1,-0.01,-1,-1,-0.01,-1,-1
99926009,2026-05-18 12:28:03+05:30,53186.35,0,0.0,0,0.0,0.0,53282.15,53308.4,52783.45,53710.35,0,0.0,0.0,0.0,0.0,-0.01,-1,-1,-0.01,-1,-1,-0.01,-1,-1,-0.01,-1,-1,-0.01,-1,-1,-0.01,-1,-1,-0.01,-1,-1,-0.01,-1,-1,-0.01,-1,-1,-0.01,-1,-1
99926009,2026-05-18 12:28:04+05:30,53194.4,0,0.0,0,0.0,0.0,53282.15,53308.4,52783.45,53710.35,0,0.0,0.0,0.0,0.0,-0.01,-1,-1,-0.01,-1,-1,-0.01,-1,-1,-0.01,-1,-1,-0.01,-1,-1,-0.01,-1,-1,-0.01,-1,-1,-0.01,-1,-1,-0.01,-1,-1,-0.01,-1,-1
99926009,2026-05-18 12:28:04+05:30,53197.15,0,0.0,0,0.0,0.0,53282.15,53308.4,52783.45,53710.35,0,0.0,0.0,0.0,0.0,-0.01,-1,-1,-0.01,-1,-1,-0.01,-1,-1,-0.01,-1,-1,-0.01,-1,-1,-0.01,-1,-1,-0.01,-1,-1,-0.01,-1,-1,-0.01,-1,-1,-0.01,-1,-1
99926009,2026-05-18 12:28:05+05:30,53199.25,0,0.0,0,0.0,0.0,53282.15,53308.4,52783.45,53710.35,0,0.0,0.0,0.0,0.0,-0.01,-1,-1,-0.01,-1,-1,-0.01,-1,-1,-0.01,-1,-1,-0.01,-1,-1,-0.01,-1,-1,-0.01,-1,-1,-0.01,-1,-1,-0.01,-1,-1,-0.01,-1,-1
99926009,2026-05-18 12:28:05+05:30,53200.2,0,0.0,0,0.0,0.0,53282.15,53308.4,52783.45,53710.35,0,0.0,0.0,0.0,0.0,-0.01,-1,-1,-0.01,-1,-1,-0.01,-1,-1,-0.01,-1,-1,-0.01,-1,-1,-0.01,-1,-1,-0.01,-1,-1,-0.01,-1,-1,-0.01,-1,-1,-0.01,-1,-1
99926009,2026-05-18 12:28:06+05:30,53200.45,0,0.0,0,0.0,0.0,53282.15,53308.4,52783.45,53710.35,0,0.0,0.0,0.0,0.0,-0.01,-1,-1,-0.01,-1,-1,-0.01,-1,-1,-0.01,-1,-1,-0.01,-1,-1,-0.01,-1,-1,-0.01,-1,-1,-0.01,-1,-1,-0.01,-1,-1,-0.01,-1,-1
99926009,2026-05-18 12:28:06+05:30,53198.9,0,0.0,0,0.0,0.0,53282.15,53308.4,52783.45,53710.35,0,0.0,0.0,0.0,0.0,-0.01,-1,-1,-0.01,-1,-1,-0.01,-1,-1,-0.01,-1,-1,-0.01,-1,-1,-0.01,-1,-1,-0.01,-1,-1,-0.01,-1,-1,-0.01,-1,-1,-0.01,-1,-1
99926009,2026-05-18 12:28:07+05:30,53199.1,0,0.0,0,0.0,0.0,53282.15,53308.4,52783.45,53710.35,0,0.0,0.0,0.0,0.0,-0.01,-1,-1,-0.01,-1,-1,-0.01,-1,-1,-0.01,-1,-1,-0.01,-1,-1,-0.01,-1,-1,-0.01,-1,-1,-0.01,-1,-1,-0.01,-1,-1,-0.01,-1,-1
99926009,2026-05-18 12:28:07+05:30,53197.9,0,0.0,0,0.0,0.0,53282.15,53308.4,52783.45,53710.35,0,0.0,0.0,0.0,0.0,-0.01,-1,-1,-0.01,-1,-1,-0.01,-1,-1,-0.01,-1,-1,-0.01,-1,-1,-0.01,-1,-1,-0.01,-1,-1,-0.01,-1,-1,-0.01,-1,-1,-0.01,-1,-1
99926009,2026-05-18 12:28:08+05:30,53194.45,0,0.0,0,0.0,0.0,53282.15,53308.4,52783.45,53710.35,0,0.0,0.0,0.0,0.0,-0.01,-1,-1,-0.01,-1,-1,-0.01,-1,-1,-0.01,-1,-1,-0.01,-1,-1,-0.01,-1,-1,-0.01,-1,-1,-0.01,-1,-1,-0.01,-1,-1,-0.01,-1,-1
99926009,2026-05-18 12:28:08+05:30,53194.2,0,0.0,0,0.0,0.0,53282.15,53308.4,52783.45,53710.35,0,0.0,0.0,0.0,0.0,-0.01,-1,-1,-0.01,-1,-1,-0.01,-1,-1,-0.01,-1,-1,-0.01,-1,-1,-0.01,-1,-1,-0.01,-1,-1,-0.01,-1,-1,-0.01,-1,-1,-0.01,-1,-1
99926009,2026-05-18 12:28:09+05:30,53195.1,0,0.0,0,0.0,0.0,53282.15,53308.4,52783.45,53710.35,0,0.0,0.0,0.0,0.0,-0.01,-1,-1,-0.01,-1,-1,-0.01,-1,-1,-0.01,-1,-1,-0.01,-1,-1,-0.01,-1,-1,-0.01,-1,-1,-0.01,-1,-1,-0.01,-1,-1,-0.01,-1,-1
99926009,2026-05-18 12:28:09+05:30,53196.9,0,0.0,0,0.0,0.0,53282.15,53308.4,52783.45,53710.35,0,0.0,0.0,0.0,0.0,-0.01,-1,-1,-0.01,-1,-1,-0.01,-1,-1,-0.01,-1,-1,-0.01,-1,-1,-0.01,-1,-1,-0.01,-1,-1,-0.01,-1,-1,-0.01,-1,-1,-0.01,-1,-1
99926009,2026-05-18 12:28:10+05:30,53196.4,0,0.0,0,0.0,0.0,53282.15,53308.4,52783.45,53710.35,0,0.0,0.0,0.0,0.0,-0.01,-1,-1,-0.01,-1,-1,-0.01,-1,-1,-0.01,-1,-1,-0.01,-1,-1,-0.01,-1,-1,-0.01,-1,-1,-0.01,-1,-1,-0.01,-1,-1,-0.01,-1,-1
99926009,2026-05-18 12:28:10+05:30,53199.25,0,0.0,0,0.0,0.0,53282.15,53308.4,52783.45,53710.35,0,0.0,0.0,0.0,0.0,-0.01,-1,-1,-0.01,-1,-1,-0.01,-1,-1,-0.01,-1,-1,-0.01,-1,-1,-0.01,-1,-1,-0.01,-1,-1,-0.01,-1,-1,-0.01,-1,-1,-0.01,-1,-1
99926009,2026-05-18 12:28:11+05:30,53202.35,0,0.0,0,0.0,0.0,53282.15,53308.4,52783.45,53710.35,0,0.0,0.0,0.0,0.0,-0.01,-1,-1,-0.01,-1,-1,-0.01,-1,-1,-0.01,-1,-1,-0.01,-1,-1,-0.01,-1,-1,-0.01,-1,-1,-0.01,-1,-1,-0.01,-1,-1,-0.01,-1,-1
99926009,2026-05-18 12:28:11+05:30,53200.25,0,0.0,0,0.0,0.0,53282.15,53308.4,52783.45,53710.35,0,0.0,0.0,0.0,0.0,-0.01,-1,-1,-0.01,-1,-1,-0.01,-1,-1,-0.01,-1,-1,-0.01,-1,-1,-0.01,-1,-1,-0.01,-1,-1,-0.01,-1,-1,-0.01,-1,-1,-0.01,-1,-1
99926009,2026-05-18 12:28:12+05:30,53198.55,0,0.0,0,0.0,0.0,53282.15,53308.4,52783.45,53710.35,0,0.0,0.0,0.0,0.0,-0.01,-1,-1,-0.01,-1,-1,-0.01,-1,-1,-0.01,-1,-1,-0.01,-1,-1,-0.01,-1,-1,-0.01,-1,-1,-0.01,-1,-1,-0.01,-1,-1,-0.01,-1,-1
99926009,2026-05-18 12:28:12+05:30,53202.8,0,0.0,0,0.0,0.0,53282.15,53308.4,52783.45,53710.35,0,0.0,0.0,0.0,0.0,-0.01,-1,-1,-0.01,-1,-1,-0.01,-1,-1,-0.01,-1,-1,-0.01,-1,-1,-0.01,-1,-1,-0.01,-1,-1,-0.01,-1,-1,-0.01,-1,-1,-0.01,-1,-1
99926009,2026-05-18 12:28:13+05:30,53204.25,0,0.0,0,0.0,0.0,53282.15,53308.4,52783.45,53710.35,0,0.0,0.0,0.0,0.0,-0.01,-1,-1,-0.01,-1,-1,-0.01,-1,-1,-0.01,-1,-1,-0.01,-1,-1,-0.01,-1,-1,-0.01,-1,-1,-0.01,-1,-1,-0.01,-1,-1,-0.01,-1,-1
99926009,2026-05-18 12:28:13+05:30,53202.9,0,0.0,0,0.0,0.0,53282.15,53308.4,52783.45,53710.35,0,0.0,0.0,0.0,0.0,-0.01,-1,-1,-0.01,-1,-1,-0.01,-1,-1,-0.01,-1,-1,-0.01,-1,-1,-0.01,-1,-1,-0.01,-1,-1,-0.01,-1,-1,-0.01,-1,-1,-0.01,-1,-1
99926009,2026-05-18 12:28:14+05:30,53200.8,0,0.0,0,0.0,0.0,53282.15,53308.4,52783.45,53710.35,0,0.0,0.0,0.0,0.0,-0.01,-1,-1,-0.01,-1,-1,-0.01,-1,-1,-0.01,-1,-1,-0.01,-1,-1,-0.01,-1,-1,-0.01,-1,-1,-0.01,-1,-1,-0.01,-1,-1,-0.01,-1,-1
99926009,2026-05-18 12:28:14+05:30,53201.75,0,0.0,0,0.0,0.0,53282.15,53308.4,52783.45,53710.35,0,0.0,0.0,0.0,0.0,-0.01,-1,-1,-0.01,-1,-1,-0.01,-1,-1,-0.01,-1,-1,-0.01,-1,-1,-0.01,-1,-1,-0.01,-1,-1,-0.01,-1,-1,-0.01,-1,-1,-0.01,-1,-1
99926009,2026-05-18 12:28:15+05:30,53202.4,0,0.0,0,0.0,0.0,53282.15,53308.4,52783.45,53710.35,0,0.0,0.0,0.0,0.0,-0.01,-1,-1,-0.01,-1,-1,-0.01,-1,-1,-0.01,-1,-1,-0.01,-1,-1,-0.01,-1,-1,-0.01,-1,-1,-0.01,-1,-1,-0.01,-1,-1,-0.01,-1,-1
99926009,2026-05-18 12:28:15+05:30,53200.1,0,0.0,0,0.0,0.0,53282.15,53308.4,52783.45,53710.35,0,0.0,0.0,0.0,0.0,-0.01,-1,-1,-0.01,-1,-1,-0.01,-1,-1,-0.01,-1,-1,-0.01,-1,-1,-0.01,-1,-1,-0.01,-1,-1,-0.01,-1,-1,-0.01,-1,-1,-0.01,-1,-1
99926009,2026-05-18 12:28:16+05:30,53203.05,0,0.0,0,0.0,0.0,53282.15,53308.4,52783.45,53710.35,0,0.0,0.0,0.0,0.0,-0.01,-1,-1,-0.01,-1,-1,-0.01,-1,-1,-0.01,-1,-1,-0.01,-1,-1,-0.01,-1,-1,-0.01,-1,-1,-0.01,-1,-1,-0.01,-1,-1,-0.01,-1,-1
99926009,2026-05-18 12:28:16+05:30,53201.35,0,0.0,0,0.0,0.0,53282.15,53308.4,52783.45,53710.35,0,0.0,0.0,0.0,0.0,-0.01,-1,-1,-0.01,-1,-1,-0.01,-1,-1,-0.01,-1,-1,-0.01,-1,-1,-0.01,-1,-1,-0.01,-1,-1,-0.01,-1,-1,-0.01,-1,-1,-0.01,-1,-1
99926009,2026-05-18 12:28:17+05:30,53200.4,0,0.0,0,0.0,0.0,53282.15,53308.4,52783.45,53710.35,0,0.0,0.0,0.0,0.0,-0.01,-1,-1,-0.01,-1,-1,-0.01,-1,-1,-0.01,-1,-1,-0.01,-1,-1,-0.01,-1,-1,-0.01,-1,-1,-0.01,-1,-1,-0.01,-1,-1,-0.01,-1,-1
99926009,2026-05-18 12:28:17+05:30,53203.1,0,0.0,0,0.0,0.0,53282.15,53308.4,52783.45,53710.35,0,0.0,0.0,0.0,0.0,-0.01,-1,-1,-0.01,-1,-1,-0.01,-1,-1,-0.01,-1,-1,-0.01,-1,-1,-0.01,-1,-1,-0.01,-1,-1,-0.01,-1,-1,-0.01,-1,-1,-0.01,-1,-1
99926009,2026-05-18 12:28:18+05:30,53201.9,0,0.0,0,0.0,0.0,53282.15,53308.4,52783.45,53710.35,0,0.0,0.0,0.0,0.0,-0.01,-1,-1,-0.01,-1,-1,-0.01,-1,-1,-0.01,-1,-1,-0.01,-1,-1,-0.01,-1,-1,-0.01,-1,-1,-0.01,-1,-1,-0.01,-1,-1,-0.01,-1,-1
99926009,2026-05-18 12:28:18+05:30,53201.1,0,0.0,0,0.0,0.0,53282.15,53308.4,52783.45,53710.35,0,0.0,0.0,0.0,0.0,-0.01,-1,-1,-0.01,-1,-1,-0.01,-1,-1,-0.01,-1,-1,-0.01,-1,-1,-0.01,-1,-1,-0.01,-1,-1,-0.01,-1,-1,-0.01,-1,-1,-0.01,-1,-1
99926009,2026-05-18 12:28:19+05:30,53200.55,0,0.0,0,0.0,0.0,53282.15,53308.4,52783.45,53710.35,0,0.0,0.0,0.0,0.0,-0.01,-1,-1,-0.01,-1,-1,-0.01,-1,-1,-0.01,-1,-1,-0.01,-1,-1,-0.01,-1,-1,-0.01,-1,-1,-0.01,-1,-1,-0.01,-1,-1,-0.01,-1,-1
99926009,2026-05-18 12:28:19+05:30,53201.7,0,0.0,0,0.0,0.0,53282.15,53308.4,52783.45,53710.35,0,0.0,0.0,0.0,0.0,-0.01,-1,-1,-0.01,-1,-1,-0.01,-1,-1,-0.01,-1,-1,-0.01,-1,-1,-0.01,-1,-1,-0.01,-1,-1,-0.01,-1,-1,-0.01,-1,-1,-0.01,-1,-1
99926009,2026-05-18 12:28:20+05:30,53203.6,0,0.0,0,0.0,0.0,53282.15,53308.4,52783.45,53710.35,0,0.0,0.0,0.0,0.0,-0.01,-1,-1,-0.01,-1,-1,-0.01,-1,-1,-0.01,-1,-1,-0.01,-1,-1,-0.01,-1,-1,-0.01,-1,-1,-0.01,-1,-1,-0.01,-1,-1,-0.01,-1,-1
99926009,2026-05-18 12:28:20+05:30,53204.3,0,0.0,0,0.0,0.0,53282.15,53308.4,52783.45,53710.35,0,0.0,0.0,0.0,0.0,-0.01,-1,-1,-0.01,-1,-1,-0.01,-1,-1,-0.01,-1,-1,-0.01,-1,-1,-0.01,-1,-1,-0.01,-1,-1,-0.01,-1,-1,-0.01,-1,-1,-0.01,-1,-1
99926009,2026-05-18 12:28:21+05:30,53207.95,0,0.0,0,0.0,0.0,53282.15,53308.4,52783.45,53710.35,0,0.0,0.0,0.0,0.0,-0.01,-1,-1,-0.01,-1,-1,-0.01,-1,-1,-0.01,-1,-1,-0.01,-1,-1,-0.01,-1,-1,-0.01,-1,-1,-0.01,-1,-1,-0.01,-1,-1,-0.01,-1,-1
99926009,2026-05-18 12:28:21+05:30,53208.1,0,0.0,0,0.0,0.0,53282.15,53308.4,52783.45,53710.35,0,0.0,0.0,0.0,0.0,-0.01,-1,-1,-0.01,-1,-1,-0.01,-1,-1,-0.01,-1,-1,-0.01,-1,-1,-0.01,-1,-1,-0.01,-1,-1,-0.01,-1,-1,-0.01,-1,-1,-0.01,-1,-1
99926009,2026-05-18 12:28:22+05:30,53206.2,0,0.0,0,0.0,0.0,53282.15,53308.4,52783.45,53710.35,0,0.0,0.0,0.0,0.0,-0.01,-1,-1,-0.01,-1,-1,-0.01,-1,-1,-0.01,-1,-1,-0.01,-1,-1,-0.01,-1,-1,-0.01,-1,-1,-0.01,-1,-1,-0.01,-1,-1,-0.01,-1,-1
99926009,2026-05-18 12:28:22+05:30,53207.1,0,0.0,0,0.0,0.0,53282.15,53308.4,52783.45,53710.35,0,0.0,0.0,0.0,0.0,-0.01,-1,-1,-0.01,-1,-1,-0.01,-1,-1,-0.01,-1,-1,-0.01,-1,-1,-0.01,-1,-1,-0.01,-1,-1,-0.01,-1,-1,-0.01,-1,-1,-0.01,-1,-1
99926009,2026-05-18 12:28:23+05:30,53206.3,0,0.0,0,0.0,0.0,53282.15,53308.4,52783.45,53710.35,0,0.0,0.0,0.0,0.0,-0.01,-1,-1,-0.01,-1,-1,-0.01,-1,-1,-0.01,-1,-1,-0.01,-1,-1,-0.01,-1,-1,-0.01,-1,-1,-0.01,-1,-1,-0.01,-1,-1,-0.01,-1,-1
99926009,2026-05-18 12:28:23+05:30,53205.7,0,0.0,0,0.0,0.0,53282.15,53308.4,52783.45,53710.35,0,0.0,0.0,0.0,0.0,-0.01,-1,-1,-0.01,-1,-1,-0.01,-1,-1,-0.01,-1,-1,-0.01,-1,-1,-0.01,-1,-1,-0.01,-1,-1,-0.01,-1,-1,-0.01,-1,-1,-0.01,-1,-1
99926009,2026-05-18 12:28:24+05:30,53203.3,0,0.0,0,0.0,0.0,53282.15,53308.4,52783.45,53710.35,0,0.0,0.0,0.0,0.0,-0.01,-1,-1,-0.01,-1,-1,-0.01,-1,-1,-0.01,-1,-1,-0.01,-1,-1,-0.01,-1,-1,-0.01,-1,-1,-0.01,-1,-1,-0.01,-1,-1,-0.01,-1,-1
99926009,2026-05-18 12:28:24+05:30,53205.25,0,0.0,0,0.0,0.0,53282.15,53308.4,52783.45,53710.35,0,0.0,0.0,0.0,0.0,-0.01,-1,-1,-0.01,-1,-1,-0.01,-1,-1,-0.01,-1,-1,-0.01,-1,-1,-0.01,-1,-1,-0.01,-1,-1,-0.01,-1,-1,-0.01,-1,-1,-0.01,-1,-1
99926009,2026-05-18 12:28:25+05:30,53202.7,0,0.0,0,0.0,0.0,53282.15,53308.4,52783.45,53710.35,0,0.0,0.0,0.0,0.0,-0.01,-1,-1,-0.01,-1,-1,-0.01,-1,-1,-0.01,-1,-1,-0.01,-1,-1,-0.01,-1,-1,-0.01,-1,-1,-0.01,-1,-1,-0.01,-1,-1,-0.01,-1,-1
99926009,2026-05-18 12:28:25+05:30,53196.55,0,0.0,0,0.0,0.0,53282.15,53308.4,52783.45,53710.35,0,0.0,0.0,0.0,0.0,-0.01,-1,-1,-0.01,-1,-1,-0.01,-1,-1,-0.01,-1,-1,-0.01,-1,-1,-0.01,-1,-1,-0.01,-1,-1,-0.01,-1,-1,-0.01,-1,-1,-0.01,-1,-1
99926009,2026-05-18 12:28:26+05:30,53196.75,0,0.0,0,0.0,0.0,53282.15,53308.4,52783.45,53710.35,0,0.0,0.0,0.0,0.0,-0.01,-1,-1,-0.01,-1,-1,-0.01,-1,-1,-0.01,-1,-1,-0.01,-1,-1,-0.01,-1,-1,-0.01,-1,-1,-0.01,-1,-1,-0.01,-1,-1,-0.01,-1,-1
99926009,2026-05-18 12:28:26+05:30,53195.05,0,0.0,0,0.0,0.0,53282.15,53308.4,52783.45,53710.35,0,0.0,0.0,0.0,0.0,-0.01,-1,-1,-0.01,-1,-1,-0.01,-1,-1,-0.01,-1,-1,-0.01,-1,-1,-0.01,-1,-1,-0.01,-1,-1,-0.01,-1,-1,-0.01,-1,-1,-0.01,-1,-1
99926009,2026-05-18 12:28:27+05:30,53198.65,0,0.0,0,0.0,0.0,53282.15,53308.4,52783.45,53710.35,0,0.0,0.0,0.0,0.0,-0.01,-1,-1,-0.01,-1,-1,-0.01,-1,-1,-0.01,-1,-1,-0.01,-1,-1,-0.01,-1,-1,-0.01,-1,-1,-0.01,-1,-1,-0.01,-1,-1,-0.01,-1,-1
99926009,2026-05-18 12:28:27+05:30,53200.4,0,0.0,0,0.0,0.0,53282.15,53308.4,52783.45,53710.35,0,0.0,0.0,0.0,0.0,-0.01,-1,-1,-0.01,-1,-1,-0.01,-1,-1,-0.01,-1,-1,-0.01,-1,-1,-0.01,-1,-1,-0.01,-1,-1,-0.01,-1,-1,-0.01,-1,-1,-0.01,-1,-1
99926009,2026-05-18 12:28:28+05:30,53201.35,0,0.0,0,0.0,0.0,53282.15,53308.4,52783.45,53710.35,0,0.0,0.0,0.0,0.0,-0.01,-1,-1,-0.01,-1,-1,-0.01,-1,-1,-0.01,-1,-1,-0.01,-1,-1,-0.01,-1,-1,-0.01,-1,-1,-0.01,-1,-1,-0.01,-1,-1,-0.01,-1,-1
99926009,2026-05-18 12:28:28+05:30,53197.85,0,0.0,0,0.0,0.0,53282.15,53308.4,52783.45,53710.35,0,0.0,0.0,0.0,0.0,-0.01,-1,-1,-0.01,-1,-1,-0.01,-1,-1,-0.01,-1,-1,-0.01,-1,-1,-0.01,-1,-1,-0.01,-1,-1,-0.01,-1,-1,-0.01,-1,-1,-0.01,-1,-1
99926009,2026-05-18 12:28:29+05:30,53195.7,0,0.0,0,0.0,0.0,53282.15,53308.4,52783.45,53710.35,0,0.0,0.0,0.0,0.0,-0.01,-1,-1,-0.01,-1,-1,-0.01,-1,-1,-0.01,-1,-1,-0.01,-1,-1,-0.01,-1,-1,-0.01,-1,-1,-0.01,-1,-1,-0.01,-1,-1,-0.01,-1,-1
99926009,2026-05-18 12:28:29+05:30,53196.4,0,0.0,0,0.0,0.0,53282.15,53308.4,52783.45,53710.35,0,0.0,0.0,0.0,0.0,-0.01,-1,-1,-0.01,-1,-1,-0.01,-1,-1,-0.01,-1,-1,-0.01,-1,-1,-0.01,-1,-1,-0.01,-1,-1,-0.01,-1,-1,-0.01,-1,-1,-0.01,-1,-1
99926009,2026-05-18 12:28:30+05:30,53196.45,0,0.0,0,0.0,0.0,53282.15,53308.4,52783.45,53710.35,0,0.0,0.0,0.0,0.0,-0.01,-1,-1,-0.01,-1,-1,-0.01,-1,-1,-0.01,-1,-1,-0.01,-1,-1,-0.01,-1,-1,-0.01,-1,-1,-0.01,-1,-1,-0.01,-1,-1,-0.01,-1,-1
99926009,2026-05-18 12:28:30+05:30,53196.95,0,0.0,0,0.0,0.0,53282.15,53308.4,52783.45,53710.35,0,0.0,0.0,0.0,0.0,-0.01,-1,-1,-0.01,-1,-1,-0.01,-1,-1,-0.01,-1,-1,-0.01,-1,-1,-0.01,-1,-1,-0.01,-1,-1,-0.01,-1,-1,-0.01,-1,-1,-0.01,-1,-1
99926009,2026-05-18 12:28:31+05:30,53198.2,0,0.0,0,0.0,0.0,53282.15,53308.4,52783.45,53710.35,0,0.0,0.0,0.0,0.0,-0.01,-1,-1,-0.01,-1,-1,-0.01,-1,-1,-0.01,-1,-1,-0.01,-1,-1,-0.01,-1,-1,-0.01,-1,-1,-0.01,-1,-1,-0.01,-1,-1,-0.01,-1,-1
99926009,2026-05-18 12:28:31+05:30,53196.75,0,0.0,0,0.0,0.0,53282.15,53308.4,52783.45,53710.35,0,0.0,0.0,0.0,0.0,-0.01,-1,-1,-0.01,-1,-1,-0.01,-1,-1,-0.01,-1,-1,-0.01,-1,-1,-0.01,-1,-1,-0.01,-1,-1,-0.01,-1,-1,-0.01,-1,-1,-0.01,-1,-1
99926009,2026-05-18 12:28:32+05:30,53192.85,0,0.0,0,0.0,0.0,53282.15,53308.4,52783.45,53710.35,0,0.0,0.0,0.0,0.0,-0.01,-1,-1,-0.01,-1,-1,-0.01,-1,-1,-0.01,-1,-1,-0.01,-1,-1,-0.01,-1,-1,-0.01,-1,-1,-0.01,-1,-1,-0.01,-1,-1,-0.01,-1,-1
99926009,2026-05-18 12:28:32+05:30,53189.45,0,0.0,0,0.0,0.0,53282.15,53308.4,52783.45,53710.35,0,0.0,0.0,0.0,0.0,-0.01,-1,-1,-0.01,-1,-1,-0.01,-1,-1,-0.01,-1,-1,-0.01,-1,-1,-0.01,-1,-1,-0.01,-1,-1,-0.01,-1,-1,-0.01,-1,-1,-0.01,-1,-1
99926009,2026-05-18 12:28:33+05:30,53191.1,0,0.0,0,0.0,0.0,53282.15,53308.4,52783.45,53710.35,0,0.0,0.0,0.0,0.0,-0.01,-1,-1,-0.01,-1,-1,-0.01,-1,-1,-0.01,-1,-1,-0.01,-1,-1,-0.01,-1,-1,-0.01,-1,-1,-0.01,-1,-1,-0.01,-1,-1,-0.01,-1,-1
99926009,2026-05-18 12:28:33+05:30,53190.15,0,0.0,0,0.0,0.0,53282.15,53308.4,52783.45,53710.35,0,0.0,0.0,0.0,0.0,-0.01,-1,-1,-0.01,-1,-1,-0.01,-1,-1,-0.01,-1,-1,-0.01,-1,-1,-0.01,-1,-1,-0.01,-1,-1,-0.01,-1,-1,-0.01,-1,-1,-0.01,-1,-1
99926009,2026-05-18 12:28:34+05:30,53187.5,0,0.0,0,0.0,0.0,53282.15,53308.4,52783.45,53710.35,0,0.0,0.0,0.0,0.0,-0.01,-1,-1,-0.01,-1,-1,-0.01,-1,-1,-0.01,-1,-1,-0.01,-1,-1,-0.01,-1,-1,-0.01,-1,-1,-0.01,-1,-1,-0.01,-1,-1,-0.01,-1,-1
99926009,2026-05-18 12:28:34+05:30,53191.25,0,0.0,0,0.0,0.0,53282.15,53308.4,52783.45,53710.35,0,0.0,0.0,0.0,0.0,-0.01,-1,-1,-0.01,-1,-1,-0.01,-1,-1,-0.01,-1,-1,-0.01,-1,-1,-0.01,-1,-1,-0.01,-1,-1,-0.01,-1,-1,-0.01,-1,-1,-0.01,-1,-1
99926009,2026-05-18 12:28:35+05:30,53193.2,0,0.0,0,0.0,0.0,53282.15,53308.4,52783.45,53710.35,0,0.0,0.0,0.0,0.0,-0.01,-1,-1,-0.01,-1,-1,-0.01,-1,-1,-0.01,-1,-1,-0.01,-1,-1,-0.01,-1,-1,-0.01,-1,-1,-0.01,-1,-1,-0.01,-1,-1,-0.01,-1,-1
99926009,2026-05-18 12:28:35+05:30,53192.3,0,0.0,0,0.0,0.0,53282.15,53308.4,52783.45,53710.35,0,0.0,0.0,0.0,0.0,-0.01,-1,-1,-0.01,-1,-1,-0.01,-1,-1,-0.01,-1,-1,-0.01,-1,-1,-0.01,-1,-1,-0.01,-1,-1,-0.01,-1,-1,-0.01,-1,-1,-0.01,-1,-1
99926009,2026-05-18 12:28:36+05:30,53192.35,0,0.0,0,0.0,0.0,53282.15,53308.4,52783.45,53710.35,0,0.0,0.0,0.0,0.0,-0.01,-1,-1,-0.01,-1,-1,-0.01,-1,-1,-0.01,-1,-1,-0.01,-1,-1,-0.01,-1,-1,-0.01,-1,-1,-0.01,-1,-1,-0.01,-1,-1,-0.01,-1,-1
99926009,2026-05-18 12:28:36+05:30,53195.9,0,0.0,0,0.0,0.0,53282.15,53308.4,52783.45,53710.35,0,0.0,0.0,0.0,0.0,-0.01,-1,-1,-0.01,-1,-1,-0.01,-1,-1,-0.01,-1,-1,-0.01,-1,-1,-0.01,-1,-1,-0.01,-1,-1,-0.01,-1,-1,-0.01,-1,-1,-0.01,-1,-1
99926009,2026-05-18 12:28:37+05:30,53194.5,0,0.0,0,0.0,0.0,53282.15,53308.4,52783.45,53710.35,0,0.0,0.0,0.0,0.0,-0.01,-1,-1,-0.01,-1,-1,-0.01,-1,-1,-0.01,-1,-1,-0.01,-1,-1,-0.01,-1,-1,-0.01,-1,-1,-0.01,-1,-1,-0.01,-1,-1,-0.01,-1,-1
99926009,2026-05-18 12:28:37+05:30,53192.5,0,0.0,0,0.0,0.0,53282.15,53308.4,52783.45,53710.35,0,0.0,0.0,0.0,0.0,-0.01,-1,-1,-0.01,-1,-1,-0.01,-1,-1,-0.01,-1,-1,-0.01,-1,-1,-0.01,-1,-1,-0.01,-1,-1,-0.01,-1,-1,-0.01,-1,-1,-0.01,-1,-1
99926009,2026-05-18 12:28:38+05:30,53187.25,0,0.0,0,0.0,0.0,53282.15,53308.4,52783.45,53710.35,0,0.0,0.0,0.0,0.0,-0.01,-1,-1,-0.01,-1,-1,-0.01,-1,-1,-0.01,-1,-1,-0.01,-1,-1,-0.01,-1,-1,-0.01,-1,-1,-0.01,-1,-1,-0.01,-1,-1,-0.01,-1,-1
99926009,2026-05-18 12:28:38+05:30,53182.8,0,0.0,0,0.0,0.0,53282.15,53308.4,52783.45,53710.35,0,0.0,0.0,0.0,0.0,-0.01,-1,-1,-0.01,-1,-1,-0.01,-1,-1,-0.01,-1,-1,-0.01,-1,-1,-0.01,-1,-1,-0.01,-1,-1,-0.01,-1,-1,-0.01,-1,-1,-0.01,-1,-1
99926009,2026-05-18 12:28:39+05:30,53184.5,0,0.0,0,0.0,0.0,53282.15,53308.4,52783.45,53710.35,0,0.0,0.0,0.0,0.0,-0.01,-1,-1,-0.01,-1,-1,-0.01,-1,-1,-0.01,-1,-1,-0.01,-1,-1,-0.01,-1,-1,-0.01,-1,-1,-0.01,-1,-1,-0.01,-1,-1,-0.01,-1,-1
99926009,2026-05-18 12:28:39+05:30,53182.05,0,0.0,0,0.0,0.0,53282.15,53308.4,52783.45,53710.35,0,0.0,0.0,0.0,0.0,-0.01,-1,-1,-0.01,-1,-1,-0.01,-1,-1,-0.01,-1,-1,-0.01,-1,-1,-0.01,-1,-1,-0.01,-1,-1,-0.01,-1,-1,-0.01,-1,-1,-0.01,-1,-1
99926009,2026-05-18 12:28:40+05:30,53178.5,0,0.0,0,0.0,0.0,53282.15,53308.4,52783.45,53710.35,0,0.0,0.0,0.0,0.0,-0.01,-1,-1,-0.01,-1,-1,-0.01,-1,-1,-0.01,-1,-1,-0.01,-1,-1,-0.01,-1,-1,-0.01,-1,-1,-0.01,-1,-1,-0.01,-1,-1,-0.01,-1,-1
99926009,2026-05-18 12:28:40+05:30,53179.25,0,0.0,0,0.0,0.0,53282.15,53308.4,52783.45,53710.35,0,0.0,0.0,0.0,0.0,-0.01,-1,-1,-0.01,-1,-1,-0.01,-1,-1,-0.01,-1,-1,-0.01,-1,-1,-0.01,-1,-1,-0.01,-1,-1,-0.01,-1,-1,-0.01,-1,-1,-0.01,-1,-1
99926009,2026-05-18 12:28:41+05:30,53180.9,0,0.0,0,0.0,0.0,53282.15,53308.4,52783.45,53710.35,0,0.0,0.0,0.0,0.0,-0.01,-1,-1,-0.01,-1,-1,-0.01,-1,-1,-0.01,-1,-1,-0.01,-1,-1,-0.01,-1,-1,-0.01,-1,-1,-0.01,-1,-1,-0.01,-1,-1,-0.01,-1,-1
99926009,2026-05-18 12:28:41+05:30,53182.75,0,0.0,0,0.0,0.0,53282.15,53308.4,52783.45,53710.35,0,0.0,0.0,0.0,0.0,-0.01,-1,-1,-0.01,-1,-1,-0.01,-1,-1,-0.01,-1,-1,-0.01,-1,-1,-0.01,-1,-1,-0.01,-1,-1,-0.01,-1,-1,-0.01,-1,-1,-0.01,-1,-1
99926009,2026-05-18 12:28:42+05:30,53181.7,0,0.0,0,0.0,0.0,53282.15,53308.4,52783.45,53710.35,0,0.0,0.0,0.0,0.0,-0.01,-1,-1,-0.01,-1,-1,-0.01,-1,-1,-0.01,-1,-1,-0.01,-1,-1,-0.01,-1,-1,-0.01,-1,-1,-0.01,-1,-1,-0.01,-1,-1,-0.01,-1,-1
99926009,2026-05-18 12:28:42+05:30,53180.65,0,0.0,0,0.0,0.0,53282.15,53308.4,52783.45,53710.35,0,0.0,0.0,0.0,0.0,-0.01,-1,-1,-0.01,-1,-1,-0.01,-1,-1,-0.01,-1,-1,-0.01,-1,-1,-0.01,-1,-1,-0.01,-1,-1,-0.01,-1,-1,-0.01,-1,-1,-0.01,-1,-1
99926009,2026-05-18 12:28:43+05:30,53179.6,0,0.0,0,0.0,0.0,53282.15,53308.4,52783.45,53710.35,0,0.0,0.0,0.0,0.0,-0.01,-1,-1,-0.01,-1,-1,-0.01,-1,-1,-0.01,-1,-1,-0.01,-1,-1,-0.01,-1,-1,-0.01,-1,-1,-0.01,-1,-1,-0.01,-1,-1,-0.01,-1,-1
99926009,2026-05-18 12:28:43+05:30,53179.5,0,0.0,0,0.0,0.0,53282.15,53308.4,52783.45,53710.35,0,0.0,0.0,0.0,0.0,-0.01,-1,-1,-0.01,-1,-1,-0.01,-1,-1,-0.01,-1,-1,-0.01,-1,-1,-0.01,-1,-1,-0.01,-1,-1,-0.01,-1,-1,-0.01,-1,-1,-0.01,-1,-1
99926009,2026-05-18 12:28:44+05:30,53176.75,0,0.0,0,0.0,0.0,53282.15,53308.4,52783.45,53710.35,0,0.0,0.0,0.0,0.0,-0.01,-1,-1,-0.01,-1,-1,-0.01,-1,-1,-0.01,-1,-1,-0.01,-1,-1,-0.01,-1,-1,-0.01,-1,-1,-0.01,-1,-1,-0.01,-1,-1,-0.01,-1,-1
99926009,2026-05-18 12:28:44+05:30,53177.75,0,0.0,0,0.0,0.0,53282.15,53308.4,52783.45,53710.35,0,0.0,0.0,0.0,0.0,-0.01,-1,-1,-0.01,-1,-1,-0.01,-1,-1,-0.01,-1,-1,-0.01,-1,-1,-0.01,-1,-1,-0.01,-1,-1,-0.01,-1,-1,-0.01,-1,-1,-0.01,-1,-1
99926009,2026-05-18 12:28:45+05:30,53176.95,0,0.0,0,0.0,0.0,53282.15,53308.4,52783.45,53710.35,0,0.0,0.0,0.0,0.0,-0.01,-1,-1,-0.01,-1,-1,-0.01,-1,-1,-0.01,-1,-1,-0.01,-1,-1,-0.01,-1,-1,-0.01,-1,-1,-0.01,-1,-1,-0.01,-1,-1,-0.01,-1,-1
99926009,2026-05-18 12:28:45+05:30,53177.3,0,0.0,0,0.0,0.0,53282.15,53308.4,52783.45,53710.35,0,0.0,0.0,0.0,0.0,-0.01,-1,-1,-0.01,-1,-1,-0.01,-1,-1,-0.01,-1,-1,-0.01,-1,-1,-0.01,-1,-1,-0.01,-1,-1,-0.01,-1,-1,-0.01,-1,-1,-0.01,-1,-1
99926009,2026-05-18 12:28:46+05:30,53176.5,0,0.0,0,0.0,0.0,53282.15,53308.4,52783.45,53710.35,0,0.0,0.0,0.0,0.0,-0.01,-1,-1,-0.01,-1,-1,-0.01,-1,-1,-0.01,-1,-1,-0.01,-1,-1,-0.01,-1,-1,-0.01,-1,-1,-0.01,-1,-1,-0.01,-1,-1,-0.01,-1,-1
99926009,2026-05-18 12:28:46+05:30,53175.8,0,0.0,0,0.0,0.0,53282.15,53308.4,52783.45,53710.35,0,0.0,0.0,0.0,0.0,-0.01,-1,-1,-0.01,-1,-1,-0.01,-1,-1,-0.01,-1,-1,-0.01,-1,-1,-0.01,-1,-1,-0.01,-1,-1,-0.01,-1,-1,-0.01,-1,-1,-0.01,-1,-1
99926009,2026-05-18 12:28:47+05:30,53172.4,0,0.0,0,0.0,0.0,53282.15,53308.4,52783.45,53710.35,0,0.0,0.0,0.0,0.0,-0.01,-1,-1,-0.01,-1,-1,-0.01,-1,-1,-0.01,-1,-1,-0.01,-1,-1,-0.01,-1,-1,-0.01,-1,-1,-0.01,-1,-1,-0.01,-1,-1,-0.01,-1,-1
99926009,2026-05-18 12:28:47+05:30,53171.8,0,0.0,0,0.0,0.0,53282.15,53308.4,52783.45,53710.35,0,0.0,0.0,0.0,0.0,-0.01,-1,-1,-0.01,-1,-1,-0.01,-1,-1,-0.01,-1,-1,-0.01,-1,-1,-0.01,-1,-1,-0.01,-1,-1,-0.01,-1,-1,-0.01,-1,-1,-0.01,-1,-1
99926009,2026-05-18 12:28:48+05:30,53174.8,0,0.0,0,0.0,0.0,53282.15,53308.4,52783.45,53710.35,0,0.0,0.0,0.0,0.0,-0.01,-1,-1,-0.01,-1,-1,-0.01,-1,-1,-0.01,-1,-1,-0.01,-1,-1,-0.01,-1,-1,-0.01,-1,-1,-0.01,-1,-1,-0.01,-1,-1,-0.01,-1,-1
99926009,2026-05-18 12:28:48+05:30,53175.7,0,0.0,0,0.0,0.0,53282.15,53308.4,52783.45,53710.35,0,0.0,0.0,0.0,0.0,-0.01,-1,-1,-0.01,-1,-1,-0.01,-1,-1,-0.01,-1,-1,-0.01,-1,-1,-0.01,-1,-1,-0.01,-1,-1,-0.01,-1,-1,-0.01,-1,-1,-0.01,-1,-1
99926009,2026-05-18 12:28:49+05:30,53171.6,0,0.0,0,0.0,0.0,53282.15,53308.4,52783.45,53710.35,0,0.0,0.0,0.0,0.0,-0.01,-1,-1,-0.01,-1,-1,-0.01,-1,-1,-0.01,-1,-1,-0.01,-1,-1,-0.01,-1,-1,-0.01,-1,-1,-0.01,-1,-1,-0.01,-1,-1,-0.01,-1,-1
99926009,2026-05-18 12:28:49+05:30,53172.8,0,0.0,0,0.0,0.0,53282.15,53308.4,52783.45,53710.35,0,0.0,0.0,0.0,0.0,-0.01,-1,-1,-0.01,-1,-1,-0.01,-1,-1,-0.01,-1,-1,-0.01,-1,-1,-0.01,-1,-1,-0.01,-1,-1,-0.01,-1,-1,-0.01,-1,-1,-0.01,-1,-1
99926009,2026-05-18 12:28:50+05:30,53173.4,0,0.0,0,0.0,0.0,53282.15,53308.4,52783.45,53710.35,0,0.0,0.0,0.0,0.0,-0.01,-1,-1,-0.01,-1,-1,-0.01,-1,-1,-0.01,-1,-1,-0.01,-1,-1,-0.01,-1,-1,-0.01,-1,-1,-0.01,-1,-1,-0.01,-1,-1,-0.01,-1,-1
99926009,2026-05-18 12:28:50+05:30,53176.9,0,0.0,0,0.0,0.0,53282.15,53308.4,52783.45,53710.35,0,0.0,0.0,0.0,0.0,-0.01,-1,-1,-0.01,-1,-1,-0.01,-1,-1,-0.01,-1,-1,-0.01,-1,-1,-0.01,-1,-1,-0.01,-1,-1,-0.01,-1,-1,-0.01,-1,-1,-0.01,-1,-1
99926009,2026-05-18 12:28:51+05:30,53176.3,0,0.0,0,0.0,0.0,53282.15,53308.4,52783.45,53710.35,0,0.0,0.0,0.0,0.0,-0.01,-1,-1,-0.01,-1,-1,-0.01,-1,-1,-0.01,-1,-1,-0.01,-1,-1,-0.01,-1,-1,-0.01,-1,-1,-0.01,-1,-1,-0.01,-1,-1,-0.01,-1,-1
99926009,2026-05-18 12:28:51+05:30,53177.4,0,0.0,0,0.0,0.0,53282.15,53308.4,52783.45,53710.35,0,0.0,0.0,0.0,0.0,-0.01,-1,-1,-0.01,-1,-1,-0.01,-1,-1,-0.01,-1,-1,-0.01,-1,-1,-0.01,-1,-1,-0.01,-1,-1,-0.01,-1,-1,-0.01,-1,-1,-0.01,-1,-1
99926009,2026-05-18 12:28:52+05:30,53172.8,0,0.0,0,0.0,0.0,53282.15,53308.4,52783.45,53710.35,0,0.0,0.0,0.0,0.0,-0.01,-1,-1,-0.01,-1,-1,-0.01,-1,-1,-0.01,-1,-1,-0.01,-1,-1,-0.01,-1,-1,-0.01,-1,-1,-0.01,-1,-1,-0.01,-1,-1,-0.01,-1,-1
99926009,2026-05-18 12:28:52+05:30,53173.2,0,0.0,0,0.0,0.0,53282.15,53308.4,52783.45,53710.35,0,0.0,0.0,0.0,0.0,-0.01,-1,-1,-0.01,-1,-1,-0.01,-1,-1,-0.01,-1,-1,-0.01,-1,-1,-0.01,-1,-1,-0.01,-1,-1,-0.01,-1,-1,-0.01,-1,-1,-0.01,-1,-1
99926009,2026-05-18 12:28:53+05:30,53174.55,0,0.0,0,0.0,0.0,53282.15,53308.4,52783.45,53710.35,0,0.0,0.0,0.0,0.0,-0.01,-1,-1,-0.01,-1,-1,-0.01,-1,-1,-0.01,-1,-1,-0.01,-1,-1,-0.01,-1,-1,-0.01,-1,-1,-0.01,-1,-1,-0.01,-1,-1,-0.01,-1,-1
99926009,2026-05-18 12:28:53+05:30,53174.65,0,0.0,0,0.0,0.0,53282.15,53308.4,52783.45,53710.35,0,0.0,0.0,0.0,0.0,-0.01,-1,-1,-0.01,-1,-1,-0.01,-1,-1,-0.01,-1,-1,-0.01,-1,-1,-0.01,-1,-1,-0.01,-1,-1,-0.01,-1,-1,-0.01,-1,-1,-0.01,-1,-1
99926009,2026-05-18 12:28:54+05:30,53175.25,0,0.0,0,0.0,0.0,53282.15,53308.4,52783.45,53710.35,0,0.0,0.0,0.0,0.0,-0.01,-1,-1,-0.01,-1,-1,-0.01,-1,-1,-0.01,-1,-1,-0.01,-1,-1,-0.01,-1,-1,-0.01,-1,-1,-0.01,-1,-1,-0.01,-1,-1,-0.01,-1,-1
99926009,2026-05-18 12:28:54+05:30,53174.55,0,0.0,0,0.0,0.0,53282.15,53308.4,52783.45,53710.35,0,0.0,0.0,0.0,0.0,-0.01,-1,-1,-0.01,-1,-1,-0.01,-1,-1,-0.01,-1,-1,-0.01,-1,-1,-0.01,-1,-1,-0.01,-1,-1,-0.01,-1,-1,-0.01,-1,-1,-0.01,-1,-1
99926009,2026-05-18 12:28:55+05:30,53177.8,0,0.0,0,0.0,0.0,53282.15,53308.4,52783.45,53710.35,0,0.0,0.0,0.0,0.0,-0.01,-1,-1,-0.01,-1,-1,-0.01,-1,-1,-0.01,-1,-1,-0.01,-1,-1,-0.01,-1,-1,-0.01,-1,-1,-0.01,-1,-1,-0.01,-1,-1,-0.01,-1,-1
99926009,2026-05-18 12:28:55+05:30,53175.5,0,0.0,0,0.0,0.0,53282.15,53308.4,52783.45,53710.35,0,0.0,0.0,0.0,0.0,-0.01,-1,-1,-0.01,-1,-1,-0.01,-1,-1,-0.01,-1,-1,-0.01,-1,-1,-0.01,-1,-1,-0.01,-1,-1,-0.01,-1,-1,-0.01,-1,-1,-0.01,-1,-1
99926009,2026-05-18 12:28:56+05:30,53178.15,0,0.0,0,0.0,0.0,53282.15,53308.4,52783.45,53710.35,0,0.0,0.0,0.0,0.0,-0.01,-1,-1,-0.01,-1,-1,-0.01,-1,-1,-0.01,-1,-1,-0.01,-1,-1,-0.01,-1,-1,-0.01,-1,-1,-0.01,-1,-1,-0.01,-1,-1,-0.01,-1,-1
99926009,2026-05-18 12:28:56+05:30,53175.05,0,0.0,0,0.0,0.0,53282.15,53308.4,52783.45,53710.35,0,0.0,0.0,0.0,0.0,-0.01,-1,-1,-0.01,-1,-1,-0.01,-1,-1,-0.01,-1,-1,-0.01,-1,-1,-0.01,-1,-1,-0.01,-1,-1,-0.01,-1,-1,-0.01,-1,-1,-0.01,-1,-1
99926009,2026-05-18 12:28:57+05:30,53175.9,0,0.0,0,0.0,0.0,53282.15,53308.4,52783.45,53710.35,0,0.0,0.0,0.0,0.0,-0.01,-1,-1,-0.01,-1,-1,-0.01,-1,-1,-0.01,-1,-1,-0.01,-1,-1,-0.01,-1,-1,-0.01,-1,-1,-0.01,-1,-1,-0.01,-1,-1,-0.01,-1,-1
99926009,2026-05-18 12:28:57+05:30,53179.6,0,0.0,0,0.0,0.0,53282.15,53308.4,52783.45,53710.35,0,0.0,0.0,0.0,0.0,-0.01,-1,-1,-0.01,-1,-1,-0.01,-1,-1,-0.01,-1,-1,-0.01,-1,-1,-0.01,-1,-1,-0.01,-1,-1,-0.01,-1,-1,-0.01,-1,-1,-0.01,-1,-1
99926009,2026-05-18 12:28:58+05:30,53179.15,0,0.0,0,0.0,0.0,53282.15,53308.4,52783.45,53710.35,0,0.0,0.0,0.0,0.0,-0.01,-1,-1,-0.01,-1,-1,-0.01,-1,-1,-0.01,-1,-1,-0.01,-1,-1,-0.01,-1,-1,-0.01,-1,-1,-0.01,-1,-1,-0.01,-1,-1,-0.01,-1,-1
99926009,2026-05-18 12:28:58+05:30,53181.0,0,0.0,0,0.0,0.0,53282.15,53308.4,52783.45,53710.35,0,0.0,0.0,0.0,0.0,-0.01,-1,-1,-0.01,-1,-1,-0.01,-1,-1,-0.01,-1,-1,-0.01,-1,-1,-0.01,-1,-1,-0.01,-1,-1,-0.01,-1,-1,-0.01,-1,-1,-0.01,-1,-1
99926009,2026-05-18 12:28:59+05:30,53179.8,0,0.0,0,0.0,0.0,53282.15,53308.4,52783.45,53710.35,0,0.0,0.0,0.0,0.0,-0.01,-1,-1,-0.01,-1,-1,-0.01,-1,-1,-0.01,-1,-1,-0.01,-1,-1,-0.01,-1,-1,-0.01,-1,-1,-0.01,-1,-1,-0.01,-1,-1,-0.01,-1,-1
99926009,2026-05-18 12:28:59+05:30,53179.0,0,0.0,0,0.0,0.0,53282.15,53308.4,52783.45,53710.35,0,0.0,0.0,0.0,0.0,-0.01,-1,-1,-0.01,-1,-1,-0.01,-1,-1,-0.01,-1,-1,-0.01,-1,-1,-0.01,-1,-1,-0.01,-1,-1,-0.01,-1,-1,-0.01,-1,-1,-0.01,-1,-1
99926009,2026-05-18 12:29:00+05:30,53182.5,0,0.0,0,0.0,0.0,53282.15,53308.4,52783.45,53710.35,0,0.0,0.0,0.0,0.0,-0.01,-1,-1,-0.01,-1,-1,-0.01,-1,-1,-0.01,-1,-1,-0.01,-1,-1,-0.01,-1,-1,-0.01,-1,-1,-0.01,-1,-1,-0.01,-1,-1,-0.01,-1,-1
99926009,2026-05-18 12:29:00+05:30,53181.6,0,0.0,0,0.0,0.0,53282.15,53308.4,52783.45,53710.35,0,0.0,0.0,0.0,0.0,-0.01,-1,-1,-0.01,-1,-1,-0.01,-1,-1,-0.01,-1,-1,-0.01,-1,-1,-0.01,-1,-1,-0.01,-1,-1,-0.01,-1,-1,-0.01,-1,-1,-0.01,-1,-1
99926009,2026-05-18 12:29:01+05:30,53184.35,0,0.0,0,0.0,0.0,53282.15,53308.4,52783.45,53710.35,0,0.0,0.0,0.0,0.0,-0.01,-1,-1,-0.01,-1,-1,-0.01,-1,-1,-0.01,-1,-1,-0.01,-1,-1,-0.01,-1,-1,-0.01,-1,-1,-0.01,-1,-1,-0.01,-1,-1,-0.01,-1,-1
99926009,2026-05-18 12:29:01+05:30,53186.15,0,0.0,0,0.0,0.0,53282.15,53308.4,52783.45,53710.35,0,0.0,0.0,0.0,0.0,-0.01,-1,-1,-0.01,-1,-1,-0.01,-1,-1,-0.01,-1,-1,-0.01,-1,-1,-0.01,-1,-1,-0.01,-1,-1,-0.01,-1,-1,-0.01,-1,-1,-0.01,-1,-1
99926009,2026-05-18 12:29:02+05:30,53183.05,0,0.0,0,0.0,0.0,53282.15,53308.4,52783.45,53710.35,0,0.0,0.0,0.0,0.0,-0.01,-1,-1,-0.01,-1,-1,-0.01,-1,-1,-0.01,-1,-1,-0.01,-1,-1,-0.01,-1,-1,-0.01,-1,-1,-0.01,-1,-1,-0.01,-1,-1,-0.01,-1,-1
99926009,2026-05-18 12:29:02+05:30,53183.75,0,0.0,0,0.0,0.0,53282.15,53308.4,52783.45,53710.35,0,0.0,0.0,0.0,0.0,-0.01,-1,-1,-0.01,-1,-1,-0.01,-1,-1,-0.01,-1,-1,-0.01,-1,-1,-0.01,-1,-1,-0.01,-1,-1,-0.01,-1,-1,-0.01,-1,-1,-0.01,-1,-1
99926009,2026-05-18 12:29:03+05:30,53186.65,0,0.0,0,0.0,0.0,53282.15,53308.4,52783.45,53710.35,0,0.0,0.0,0.0,0.0,-0.01,-1,-1,-0.01,-1,-1,-0.01,-1,-1,-0.01,-1,-1,-0.01,-1,-1,-0.01,-1,-1,-0.01,-1,-1,-0.01,-1,-1,-0.01,-1,-1,-0.01,-1,-1
99926009,2026-05-18 12:29:03+05:30,53185.65,0,0.0,0,0.0,0.0,53282.15,53308.4,52783.45,53710.35,0,0.0,0.0,0.0,0.0,-0.01,-1,-1,-0.01,-1,-1,-0.01,-1,-1,-0.01,-1,-1,-0.01,-1,-1,-0.01,-1,-1,-0.01,-1,-1,-0.01,-1,-1,-0.01,-1,-1,-0.01,-1,-1
99926009,2026-05-18 12:29:04+05:30,53183.7,0,0.0,0,0.0,0.0,53282.15,53308.4,52783.45,53710.35,0,0.0,0.0,0.0,0.0,-0.01,-1,-1,-0.01,-1,-1,-0.01,-1,-1,-0.01,-1,-1,-0.01,-1,-1,-0.01,-1,-1,-0.01,-1,-1,-0.01,-1,-1,-0.01,-1,-1,-0.01,-1,-1
99926009,2026-05-18 12:29:04+05:30,53186.5,0,0.0,0,0.0,0.0,53282.15,53308.4,52783.45,53710.35,0,0.0,0.0,0.0,0.0,-0.01,-1,-1,-0.01,-1,-1,-0.01,-1,-1,-0.01,-1,-1,-0.01,-1,-1,-0.01,-1,-1,-0.01,-1,-1,-0.01,-1,-1,-0.01,-1,-1,-0.01,-1,-1
99926009,2026-05-18 12:29:05+05:30,53187.65,0,0.0,0,0.0,0.0,53282.15,53308.4,52783.45,53710.35,0,0.0,0.0,0.0,0.0,-0.01,-1,-1,-0.01,-1,-1,-0.01,-1,-1,-0.01,-1,-1,-0.01,-1,-1,-0.01,-1,-1,-0.01,-1,-1,-0.01,-1,-1,-0.01,-1,-1,-0.01,-1,-1
99926009,2026-05-18 12:29:05+05:30,53189.15,0,0.0,0,0.0,0.0,53282.15,53308.4,52783.45,53710.35,0,0.0,0.0,0.0,0.0,-0.01,-1,-1,-0.01,-1,-1,-0.01,-1,-1,-0.01,-1,-1,-0.01,-1,-1,-0.01,-1,-1,-0.01,-1,-1,-0.01,-1,-1,-0.01,-1,-1,-0.01,-1,-1
99926009,2026-05-18 12:29:06+05:30,53186.3,0,0.0,0,0.0,0.0,53282.15,53308.4,52783.45,53710.35,0,0.0,0.0,0.0,0.0,-0.01,-1,-1,-0.01,-1,-1,-0.01,-1,-1,-0.01,-1,-1,-0.01,-1,-1,-0.01,-1,-1,-0.01,-1,-1,-0.01,-1,-1,-0.01,-1,-1,-0.01,-1,-1
99926009,2026-05-18 12:29:06+05:30,53186.15,0,0.0,0,0.0,0.0,53282.15,53308.4,52783.45,53710.35,0,0.0,0.0,0.0,0.0,-0.01,-1,-1,-0.01,-1,-1,-0.01,-1,-1,-0.01,-1,-1,-0.01,-1,-1,-0.01,-1,-1,-0.01,-1,-1,-0.01,-1,-1,-0.01,-1,-1,-0.01,-1,-1
99926009,2026-05-18 12:29:07+05:30,53184.75,0,0.0,0,0.0,0.0,53282.15,53308.4,52783.45,53710.35,0,0.0,0.0,0.0,0.0,-0.01,-1,-1,-0.01,-1,-1,-0.01,-1,-1,-0.01,-1,-1,-0.01,-1,-1,-0.01,-1,-1,-0.01,-1,-1,-0.01,-1,-1,-0.01,-1,-1,-0.01,-1,-1
99926009,2026-05-18 12:29:07+05:30,53185.75,0,0.0,0,0.0,0.0,53282.15,53308.4,52783.45,53710.35,0,0.0,0.0,0.0,0.0,-0.01,-1,-1,-0.01,-1,-1,-0.01,-1,-1,-0.01,-1,-1,-0.01,-1,-1,-0.01,-1,-1,-0.01,-1,-1,-0.01,-1,-1,-0.01,-1,-1,-0.01,-1,-1
99926009,2026-05-18 12:29:08+05:30,53182.6,0,0.0,0,0.0,0.0,53282.15,53308.4,52783.45,53710.35,0,0.0,0.0,0.0,0.0,-0.01,-1,-1,-0.01,-1,-1,-0.01,-1,-1,-0.01,-1,-1,-0.01,-1,-1,-0.01,-1,-1,-0.01,-1,-1,-0.01,-1,-1,-0.01,-1,-1,-0.01,-1,-1
99926009,2026-05-18 12:29:08+05:30,53183.1,0,0.0,0,0.0,0.0,53282.15,53308.4,52783.45,53710.35,0,0.0,0.0,0.0,0.0,-0.01,-1,-1,-0.01,-1,-1,-0.01,-1,-1,-0.01,-1,-1,-0.01,-1,-1,-0.01,-1,-1,-0.01,-1,-1,-0.01,-1,-1,-0.01,-1,-1,-0.01,-1,-1
99926009,2026-05-18 12:29:09+05:30,53180.05,0,0.0,0,0.0,0.0,53282.15,53308.4,52783.45,53710.35,0,0.0,0.0,0.0,0.0,-0.01,-1,-1,-0.01,-1,-1,-0.01,-1,-1,-0.01,-1,-1,-0.01,-1,-1,-0.01,-1,-1,-0.01,-1,-1,-0.01,-1,-1,-0.01,-1,-1,-0.01,-1,-1
99926009,2026-05-18 12:29:09+05:30,53179.75,0,0.0,0,0.0,0.0,53282.15,53308.4,52783.45,53710.35,0,0.0,0.0,0.0,0.0,-0.01,-1,-1,-0.01,-1,-1,-0.01,-1,-1,-0.01,-1,-1,-0.01,-1,-1,-0.01,-1,-1,-0.01,-1,-1,-0.01,-1,-1,-0.01,-1,-1,-0.01,-1,-1
99926009,2026-05-18 12:29:10+05:30,53179.9,0,0.0,0,0.0,0.0,53282.15,53308.4,52783.45,53710.35,0,0.0,0.0,0.0,0.0,-0.01,-1,-1,-0.01,-1,-1,-0.01,-1,-1,-0.01,-1,-1,-0.01,-1,-1,-0.01,-1,-1,-0.01,-1,-1,-0.01,-1,-1,-0.01,-1,-1,-0.01,-1,-1
99926009,2026-05-18 12:29:10+05:30,53176.95,0,0.0,0,0.0,0.0,53282.15,53308.4,52783.45,53710.35,0,0.0,0.0,0.0,0.0,-0.01,-1,-1,-0.01,-1,-1,-0.01,-1,-1,-0.01,-1,-1,-0.01,-1,-1,-0.01,-1,-1,-0.01,-1,-1,-0.01,-1,-1,-0.01,-1,-1,-0.01,-1,-1
99926009,2026-05-18 12:29:11+05:30,53179.75,0,0.0,0,0.0,0.0,53282.15,53308.4,52783.45,53710.35,0,0.0,0.0,0.0,0.0,-0.01,-1,-1,-0.01,-1,-1,-0.01,-1,-1,-0.01,-1,-1,-0.01,-1,-1,-0.01,-1,-1,-0.01,-1,-1,-0.01,-1,-1,-0.01,-1,-1,-0.01,-1,-1
99926009,2026-05-18 12:29:11+05:30,53176.9,0,0.0,0,0.0,0.0,53282.15,53308.4,52783.45,53710.35,0,0.0,0.0,0.0,0.0,-0.01,-1,-1,-0.01,-1,-1,-0.01,-1,-1,-0.01,-1,-1,-0.01,-1,-1,-0.01,-1,-1,-0.01,-1,-1,-0.01,-1,-1,-0.01,-1,-1,-0.01,-1,-1
99926009,2026-05-18 12:29:12+05:30,53179.35,0,0.0,0,0.0,0.0,53282.15,53308.4,52783.45,53710.35,0,0.0,0.0,0.0,0.0,-0.01,-1,-1,-0.01,-1,-1,-0.01,-1,-1,-0.01,-1,-1,-0.01,-1,-1,-0.01,-1,-1,-0.01,-1,-1,-0.01,-1,-1,-0.01,-1,-1,-0.01,-1,-1
99926009,2026-05-18 12:29:12+05:30,53180.45,0,0.0,0,0.0,0.0,53282.15,53308.4,52783.45,53710.35,0,0.0,0.0,0.0,0.0,-0.01,-1,-1,-0.01,-1,-1,-0.01,-1,-1,-0.01,-1,-1,-0.01,-1,-1,-0.01,-1,-1,-0.01,-1,-1,-0.01,-1,-1,-0.01,-1,-1,-0.01,-1,-1
99926009,2026-05-18 12:29:13+05:30,53179.95,0,0.0,0,0.0,0.0,53282.15,53308.4,52783.45,53710.35,0,0.0,0.0,0.0,0.0,-0.01,-1,-1,-0.01,-1,-1,-0.01,-1,-1,-0.01,-1,-1,-0.01,-1,-1,-0.01,-1,-1,-0.01,-1,-1,-0.01,-1,-1,-0.01,-1,-1,-0.01,-1,-1
99926009,2026-05-18 12:29:13+05:30,53180.35,0,0.0,0,0.0,0.0,53282.15,53308.4,52783.45,53710.35,0,0.0,0.0,0.0,0.0,-0.01,-1,-1,-0.01,-1,-1,-0.01,-1,-1,-0.01,-1,-1,-0.01,-1,-1,-0.01,-1,-1,-0.01,-1,-1,-0.01,-1,-1,-0.01,-1,-1,-0.01,-1,-1
99926009,2026-05-18 12:29:14+05:30,53177.15,0,0.0,0,0.0,0.0,53282.15,53308.4,52783.45,53710.35,0,0.0,0.0,0.0,0.0,-0.01,-1,-1,-0.01,-1,-1,-0.01,-1,-1,-0.01,-1,-1,-0.01,-1,-1,-0.01,-1,-1,-0.01,-1,-1,-0.01,-1,-1,-0.01,-1,-1,-0.01,-1,-1
99926009,2026-05-18 12:29:14+05:30,53178.55,0,0.0,0,0.0,0.0,53282.15,53308.4,52783.45,53710.35,0,0.0,0.0,0.0,0.0,-0.01,-1,-1,-0.01,-1,-1,-0.01,-1,-1,-0.01,-1,-1,-0.01,-1,-1,-0.01,-1,-1,-0.01,-1,-1,-0.01,-1,-1,-0.01,-1,-1,-0.01,-1,-1
99926009,2026-05-18 12:29:15+05:30,53183.2,0,0.0,0,0.0,0.0,53282.15,53308.4,52783.45,53710.35,0,0.0,0.0,0.0,0.0,-0.01,-1,-1,-0.01,-1,-1,-0.01,-1,-1,-0.01,-1,-1,-0.01,-1,-1,-0.01,-1,-1,-0.01,-1,-1,-0.01,-1,-1,-0.01,-1,-1,-0.01,-1,-1
99926009,2026-05-18 12:29:15+05:30,53184.5,0,0.0,0,0.0,0.0,53282.15,53308.4,52783.45,53710.35,0,0.0,0.0,0.0,0.0,-0.01,-1,-1,-0.01,-1,-1,-0.01,-1,-1,-0.01,-1,-1,-0.01,-1,-1,-0.01,-1,-1,-0.01,-1,-1,-0.01,-1,-1,-0.01,-1,-1,-0.01,-1,-1
99926009,2026-05-18 12:29:16+05:30,53186.65,0,0.0,0,0.0,0.0,53282.15,53308.4,52783.45,53710.35,0,0.0,0.0,0.0,0.0,-0.01,-1,-1,-0.01,-1,-1,-0.01,-1,-1,-0.01,-1,-1,-0.01,-1,-1,-0.01,-1,-1,-0.01,-1,-1,-0.01,-1,-1,-0.01,-1,-1,-0.01,-1,-1
99926009,2026-05-18 12:29:16+05:30,53184.1,0,0.0,0,0.0,0.0,53282.15,53308.4,52783.45,53710.35,0,0.0,0.0,0.0,0.0,-0.01,-1,-1,-0.01,-1,-1,-0.01,-1,-1,-0.01,-1,-1,-0.01,-1,-1,-0.01,-1,-1,-0.01,-1,-1,-0.01,-1,-1,-0.01,-1,-1,-0.01,-1,-1
99926009,2026-05-18 12:29:17+05:30,53183.5,0,0.0,0,0.0,0.0,53282.15,53308.4,52783.45,53710.35,0,0.0,0.0,0.0,0.0,-0.01,-1,-1,-0.01,-1,-1,-0.01,-1,-1,-0.01,-1,-1,-0.01,-1,-1,-0.01,-1,-1,-0.01,-1,-1,-0.01,-1,-1,-0.01,-1,-1,-0.01,-1,-1
99926009,2026-05-18 12:29:17+05:30,53182.65,0,0.0,0,0.0,0.0,53282.15,53308.4,52783.45,53710.35,0,0.0,0.0,0.0,0.0,-0.01,-1,-1,-0.01,-1,-1,-0.01,-1,-1,-0.01,-1,-1,-0.01,-1,-1,-0.01,-1,-1,-0.01,-1,-1,-0.01,-1,-1,-0.01,-1,-1,-0.01,-1,-1
99926009,2026-05-18 12:29:18+05:30,53179.9,0,0.0,0,0.0,0.0,53282.15,53308.4,52783.45,53710.35,0,0.0,0.0,0.0,0.0,-0.01,-1,-1,-0.01,-1,-1,-0.01,-1,-1,-0.01,-1,-1,-0.01,-1,-1,-0.01,-1,-1,-0.01,-1,-1,-0.01,-1,-1,-0.01,-1,-1,-0.01,-1,-1
99926009,2026-05-18 12:29:18+05:30,53180.95,0,0.0,0,0.0,0.0,53282.15,53308.4,52783.45,53710.35,0,0.0,0.0,0.0,0.0,-0.01,-1,-1,-0.01,-1,-1,-0.01,-1,-1,-0.01,-1,-1,-0.01,-1,-1,-0.01,-1,-1,-0.01,-1,-1,-0.01,-1,-1,-0.01,-1,-1,-0.01,-1,-1
99926009,2026-05-18 12:29:19+05:30,53182.5,0,0.0,0,0.0,0.0,53282.15,53308.4,52783.45,53710.35,0,0.0,0.0,0.0,0.0,-0.01,-1,-1,-0.01,-1,-1,-0.01,-1,-1,-0.01,-1,-1,-0.01,-1,-1,-0.01,-1,-1,-0.01,-1,-1,-0.01,-1,-1,-0.01,-1,-1,-0.01,-1,-1
99926009,2026-05-18 12:29:19+05:30,53181.3,0,0.0,0,0.0,0.0,53282.15,53308.4,52783.45,53710.35,0,0.0,0.0,0.0,0.0,-0.01,-1,-1,-0.01,-1,-1,-0.01,-1,-1,-0.01,-1,-1,-0.01,-1,-1,-0.01,-1,-1,-0.01,-1,-1,-0.01,-1,-1,-0.01,-1,-1,-0.01,-1,-1
99926009,2026-05-18 12:29:20+05:30,53180.35,0,0.0,0,0.0,0.0,53282.15,53308.4,52783.45,53710.35,0,0.0,0.0,0.0,0.0,-0.01,-1,-1,-0.01,-1,-1,-0.01,-1,-1,-0.01,-1,-1,-0.01,-1,-1,-0.01,-1,-1,-0.01,-1,-1,-0.01,-1,-1,-0.01,-1,-1,-0.01,-1,-1
99926009,2026-05-18 12:29:20+05:30,53184.1,0,0.0,0,0.0,0.0,53282.15,53308.4,52783.45,53710.35,0,0.0,0.0,0.0,0.0,-0.01,-1,-1,-0.01,-1,-1,-0.01,-1,-1,-0.01,-1,-1,-0.01,-1,-1,-0.01,-1,-1,-0.01,-1,-1,-0.01,-1,-1,-0.01,-1,-1,-0.01,-1,-1
99926009,2026-05-18 12:29:21+05:30,53184.05,0,0.0,0,0.0,0.0,53282.15,53308.4,52783.45,53710.35,0,0.0,0.0,0.0,0.0,-0.01,-1,-1,-0.01,-1,-1,-0.01,-1,-1,-0.01,-1,-1,-0.01,-1,-1,-0.01,-1,-1,-0.01,-1,-1,-0.01,-1,-1,-0.01,-1,-1,-0.01,-1,-1
99926009,2026-05-18 12:29:21+05:30,53184.15,0,0.0,0,0.0,0.0,53282.15,53308.4,52783.45,53710.35,0,0.0,0.0,0.0,0.0,-0.01,-1,-1,-0.01,-1,-1,-0.01,-1,-1,-0.01,-1,-1,-0.01,-1,-1,-0.01,-1,-1,-0.01,-1,-1,-0.01,-1,-1,-0.01,-1,-1,-0.01,-1,-1
99926009,2026-05-18 12:29:22+05:30,53183.05,0,0.0,0,0.0,0.0,53282.15,53308.4,52783.45,53710.35,0,0.0,0.0,0.0,0.0,-0.01,-1,-1,-0.01,-1,-1,-0.01,-1,-1,-0.01,-1,-1,-0.01,-1,-1,-0.01,-1,-1,-0.01,-1,-1,-0.01,-1,-1,-0.01,-1,-1,-0.01,-1,-1
99926009,2026-05-18 12:29:22+05:30,53184.0,0,0.0,0,0.0,0.0,53282.15,53308.4,52783.45,53710.35,0,0.0,0.0,0.0,0.0,-0.01,-1,-1,-0.01,-1,-1,-0.01,-1,-1,-0.01,-1,-1,-0.01,-1,-1,-0.01,-1,-1,-0.01,-1,-1,-0.01,-1,-1,-0.01,-1,-1,-0.01,-1,-1
99926009,2026-05-18 12:29:23+05:30,53181.4,0,0.0,0,0.0,0.0,53282.15,53308.4,52783.45,53710.35,0,0.0,0.0,0.0,0.0,-0.01,-1,-1,-0.01,-1,-1,-0.01,-1,-1,-0.01,-1,-1,-0.01,-1,-1,-0.01,-1,-1,-0.01,-1,-1,-0.01,-1,-1,-0.01,-1,-1,-0.01,-1,-1
99926009,2026-05-18 12:29:23+05:30,53179.3,0,0.0,0,0.0,0.0,53282.15,53308.4,52783.45,53710.35,0,0.0,0.0,0.0,0.0,-0.01,-1,-1,-0.01,-1,-1,-0.01,-1,-1,-0.01,-1,-1,-0.01,-1,-1,-0.01,-1,-1,-0.01,-1,-1,-0.01,-1,-1,-0.01,-1,-1,-0.01,-1,-1
99926009,2026-05-18 12:29:24+05:30,53178.8,0,0.0,0,0.0,0.0,53282.15,53308.4,52783.45,53710.35,0,0.0,0.0,0.0,0.0,-0.01,-1,-1,-0.01,-1,-1,-0.01,-1,-1,-0.01,-1,-1,-0.01,-1,-1,-0.01,-1,-1,-0.01,-1,-1,-0.01,-1,-1,-0.01,-1,-1,-0.01,-1,-1
99926009,2026-05-18 12:29:24+05:30,53181.7,0,0.0,0,0.0,0.0,53282.15,53308.4,52783.45,53710.35,0,0.0,0.0,0.0,0.0,-0.01,-1,-1,-0.01,-1,-1,-0.01,-1,-1,-0.01,-1,-1,-0.01,-1,-1,-0.01,-1,-1,-0.01,-1,-1,-0.01,-1,-1,-0.01,-1,-1,-0.01,-1,-1
99926009,2026-05-18 12:29:25+05:30,53179.95,0,0.0,0,0.0,0.0,53282.15,53308.4,52783.45,53710.35,0,0.0,0.0,0.0,0.0,-0.01,-1,-1,-0.01,-1,-1,-0.01,-1,-1,-0.01,-1,-1,-0.01,-1,-1,-0.01,-1,-1,-0.01,-1,-1,-0.01,-1,-1,-0.01,-1,-1,-0.01,-1,-1
99926009,2026-05-18 12:29:25+05:30,53180.8,0,0.0,0,0.0,0.0,53282.15,53308.4,52783.45,53710.35,0,0.0,0.0,0.0,0.0,-0.01,-1,-1,-0.01,-1,-1,-0.01,-1,-1,-0.01,-1,-1,-0.01,-1,-1,-0.01,-1,-1,-0.01,-1,-1,-0.01,-1,-1,-0.01,-1,-1,-0.01,-1,-1
99926009,2026-05-18 12:29:26+05:30,53180.9,0,0.0,0,0.0,0.0,53282.15,53308.4,52783.45,53710.35,0,0.0,0.0,0.0,0.0,-0.01,-1,-1,-0.01,-1,-1,-0.01,-1,-1,-0.01,-1,-1,-0.01,-1,-1,-0.01,-1,-1,-0.01,-1,-1,-0.01,-1,-1,-0.01,-1,-1,-0.01,-1,-1
99926009,2026-05-18 12:29:26+05:30,53180.2,0,0.0,0,0.0,0.0,53282.15,53308.4,52783.45,53710.35,0,0.0,0.0,0.0,0.0,-0.01,-1,-1,-0.01,-1,-1,-0.01,-1,-1,-0.01,-1,-1,-0.01,-1,-1,-0.01,-1,-1,-0.01,-1,-1,-0.01,-1,-1,-0.01,-1,-1,-0.01,-1,-1
99926009,2026-05-18 12:29:27+05:30,53178.8,0,0.0,0,0.0,0.0,53282.15,53308.4,52783.45,53710.35,0,0.0,0.0,0.0,0.0,-0.01,-1,-1,-0.01,-1,-1,-0.01,-1,-1,-0.01,-1,-1,-0.01,-1,-1,-0.01,-1,-1,-0.01,-1,-1,-0.01,-1,-1,-0.01,-1,-1,-0.01,-1,-1
99926009,2026-05-18 12:29:27+05:30,53180.15,0,0.0,0,0.0,0.0,53282.15,53308.4,52783.45,53710.35,0,0.0,0.0,0.0,0.0,-0.01,-1,-1,-0.01,-1,-1,-0.01,-1,-1,-0.01,-1,-1,-0.01,-1,-1,-0.01,-1,-1,-0.01,-1,-1,-0.01,-1,-1,-0.01,-1,-1,-0.01,-1,-1
99926009,2026-05-18 12:29:28+05:30,53181.0,0,0.0,0,0.0,0.0,53282.15,53308.4,52783.45,53710.35,0,0.0,0.0,0.0,0.0,-0.01,-1,-1,-0.01,-1,-1,-0.01,-1,-1,-0.01,-1,-1,-0.01,-1,-1,-0.01,-1,-1,-0.01,-1,-1,-0.01,-1,-1,-0.01,-1,-1,-0.01,-1,-1
99926009,2026-05-18 12:29:28+05:30,53180.65,0,0.0,0,0.0,0.0,53282.15,53308.4,52783.45,53710.35,0,0.0,0.0,0.0,0.0,-0.01,-1,-1,-0.01,-1,-1,-0.01,-1,-1,-0.01,-1,-1,-0.01,-1,-1,-0.01,-1,-1,-0.01,-1,-1,-0.01,-1,-1,-0.01,-1,-1,-0.01,-1,-1
99926009,2026-05-18 12:29:29+05:30,53181.2,0,0.0,0,0.0,0.0,53282.15,53308.4,52783.45,53710.35,0,0.0,0.0,0.0,0.0,-0.01,-1,-1,-0.01,-1,-1,-0.01,-1,-1,-0.01,-1,-1,-0.01,-1,-1,-0.01,-1,-1,-0.01,-1,-1,-0.01,-1,-1,-0.01,-1,-1,-0.01,-1,-1
99926009,2026-05-18 12:29:29+05:30,53176.3,0,0.0,0,0.0,0.0,53282.15,53308.4,52783.45,53710.35,0,0.0,0.0,0.0,0.0,-0.01,-1,-1,-0.01,-1,-1,-0.01,-1,-1,-0.01,-1,-1,-0.01,-1,-1,-0.01,-1,-1,-0.01,-1,-1,-0.01,-1,-1,-0.01,-1,-1,-0.01,-1,-1
99926009,2026-05-18 12:29:30+05:30,53179.6,0,0.0,0,0.0,0.0,53282.15,53308.4,52783.45,53710.35,0,0.0,0.0,0.0,0.0,-0.01,-1,-1,-0.01,-1,-1,-0.01,-1,-1,-0.01,-1,-1,-0.01,-1,-1,-0.01,-1,-1,-0.01,-1,-1,-0.01,-1,-1,-0.01,-1,-1,-0.01,-1,-1
99926009,2026-05-18 12:29:30+05:30,53177.5,0,0.0,0,0.0,0.0,53282.15,53308.4,52783.45,53710.35,0,0.0,0.0,0.0,0.0,-0.01,-1,-1,-0.01,-1,-1,-0.01,-1,-1,-0.01,-1,-1,-0.01,-1,-1,-0.01,-1,-1,-0.01,-1,-1,-0.01,-1,-1,-0.01,-1,-1,-0.01,-1,-1
99926009,2026-05-18 12:29:31+05:30,53179.0,0,0.0,0,0.0,0.0,53282.15,53308.4,52783.45,53710.35,0,0.0,0.0,0.0,0.0,-0.01,-1,-1,-0.01,-1,-1,-0.01,-1,-1,-0.01,-1,-1,-0.01,-1,-1,-0.01,-1,-1,-0.01,-1,-1,-0.01,-1,-1,-0.01,-1,-1,-0.01,-1,-1
99926009,2026-05-18 12:29:31+05:30,53178.1,0,0.0,0,0.0,0.0,53282.15,53308.4,52783.45,53710.35,0,0.0,0.0,0.0,0.0,-0.01,-1,-1,-0.01,-1,-1,-0.01,-1,-1,-0.01,-1,-1,-0.01,-1,-1,-0.01,-1,-1,-0.01,-1,-1,-0.01,-1,-1,-0.01,-1,-1,-0.01,-1,-1
99926009,2026-05-18 12:29:32+05:30,53178.8,0,0.0,0,0.0,0.0,53282.15,53308.4,52783.45,53710.35,0,0.0,0.0,0.0,0.0,-0.01,-1,-1,-0.01,-1,-1,-0.01,-1,-1,-0.01,-1,-1,-0.01,-1,-1,-0.01,-1,-1,-0.01,-1,-1,-0.01,-1,-1,-0.01,-1,-1,-0.01,-1,-1
99926009,2026-05-18 12:29:32+05:30,53180.5,0,0.0,0,0.0,0.0,53282.15,53308.4,52783.45,53710.35,0,0.0,0.0,0.0,0.0,-0.01,-1,-1,-0.01,-1,-1,-0.01,-1,-1,-0.01,-1,-1,-0.01,-1,-1,-0.01,-1,-1,-0.01,-1,-1,-0.01,-1,-1,-0.01,-1,-1,-0.01,-1,-1
99926009,2026-05-18 12:29:33+05:30,53184.2,0,0.0,0,0.0,0.0,53282.15,53308.4,52783.45,53710.35,0,0.0,0.0,0.0,0.0,-0.01,-1,-1,-0.01,-1,-1,-0.01,-1,-1,-0.01,-1,-1,-0.01,-1,-1,-0.01,-1,-1,-0.01,-1,-1,-0.01,-1,-1,-0.01,-1,-1,-0.01,-1,-1
99926009,2026-05-18 12:29:33+05:30,53184.65,0,0.0,0,0.0,0.0,53282.15,53308.4,52783.45,53710.35,0,0.0,0.0,0.0,0.0,-0.01,-1,-1,-0.01,-1,-1,-0.01,-1,-1,-0.01,-1,-1,-0.01,-1,-1,-0.01,-1,-1,-0.01,-1,-1,-0.01,-1,-1,-0.01,-1,-1,-0.01,-1,-1
99926009,2026-05-18 12:29:34+05:30,53183.45,0,0.0,0,0.0,0.0,53282.15,53308.4,52783.45,53710.35,0,0.0,0.0,0.0,0.0,-0.01,-1,-1,-0.01,-1,-1,-0.01,-1,-1,-0.01,-1,-1,-0.01,-1,-1,-0.01,-1,-1,-0.01,-1,-1,-0.01,-1,-1,-0.01,-1,-1,-0.01,-1,-1
99926009,2026-05-18 12:29:34+05:30,53181.0,0,0.0,0,0.0,0.0,53282.15,53308.4,52783.45,53710.35,0,0.0,0.0,0.0,0.0,-0.01,-1,-1,-0.01,-1,-1,-0.01,-1,-1,-0.01,-1,-1,-0.01,-1,-1,-0.01,-1,-1,-0.01,-1,-1,-0.01,-1,-1,-0.01,-1,-1,-0.01,-1,-1
99926009,2026-05-18 12:29:35+05:30,53184.6,0,0.0,0,0.0,0.0,53282.15,53308.4,52783.45,53710.35,0,0.0,0.0,0.0,0.0,-0.01,-1,-1,-0.01,-1,-1,-0.01,-1,-1,-0.01,-1,-1,-0.01,-1,-1,-0.01,-1,-1,-0.01,-1,-1,-0.01,-1,-1,-0.01,-1,-1,-0.01,-1,-1
99926009,2026-05-18 12:29:35+05:30,53185.9,0,0.0,0,0.0,0.0,53282.15,53308.4,52783.45,53710.35,0,0.0,0.0,0.0,0.0,-0.01,-1,-1,-0.01,-1,-1,-0.01,-1,-1,-0.01,-1,-1,-0.01,-1,-1,-0.01,-1,-1,-0.01,-1,-1,-0.01,-1,-1,-0.01,-1,-1,-0.01,-1,-1
99926009,2026-05-18 12:29:36+05:30,53188.3,0,0.0,0,0.0,0.0,53282.15,53308.4,52783.45,53710.35,0,0.0,0.0,0.0,0.0,-0.01,-1,-1,-0.01,-1,-1,-0.01,-1,-1,-0.01,-1,-1,-0.01,-1,-1,-0.01,-1,-1,-0.01,-1,-1,-0.01,-1,-1,-0.01,-1,-1,-0.01,-1,-1
99926009,2026-05-18 12:29:36+05:30,53187.95,0,0.0,0,0.0,0.0,53282.15,53308.4,52783.45,53710.35,0,0.0,0.0,0.0,0.0,-0.01,-1,-1,-0.01,-1,-1,-0.01,-1,-1,-0.01,-1,-1,-0.01,-1,-1,-0.01,-1,-1,-0.01,-1,-1,-0.01,-1,-1,-0.01,-1,-1,-0.01,-1,-1
99926009,2026-05-18 12:29:37+05:30,53186.5,0,0.0,0,0.0,0.0,53282.15,53308.4,52783.45,53710.35,0,0.0,0.0,0.0,0.0,-0.01,-1,-1,-0.01,-1,-1,-0.01,-1,-1,-0.01,-1,-1,-0.01,-1,-1,-0.01,-1,-1,-0.01,-1,-1,-0.01,-1,-1,-0.01,-1,-1,-0.01,-1,-1
99926009,2026-05-18 12:29:37+05:30,53185.9,0,0.0,0,0.0,0.0,53282.15,53308.4,52783.45,53710.35,0,0.0,0.0,0.0,0.0,-0.01,-1,-1,-0.01,-1,-1,-0.01,-1,-1,-0.01,-1,-1,-0.01,-1,-1,-0.01,-1,-1,-0.01,-1,-1,-0.01,-1,-1,-0.01,-1,-1,-0.01,-1,-1
99926009,2026-05-18 12:29:38+05:30,53185.3,0,0.0,0,0.0,0.0,53282.15,53308.4,52783.45,53710.35,0,0.0,0.0,0.0,0.0,-0.01,-1,-1,-0.01,-1,-1,-0.01,-1,-1,-0.01,-1,-1,-0.01,-1,-1,-0.01,-1,-1,-0.01,-1,-1,-0.01,-1,-1,-0.01,-1,-1,-0.01,-1,-1
99926009,2026-05-18 12:29:38+05:30,53187.9,0,0.0,0,0.0,0.0,53282.15,53308.4,52783.45,53710.35,0,0.0,0.0,0.0,0.0,-0.01,-1,-1,-0.01,-1,-1,-0.01,-1,-1,-0.01,-1,-1,-0.01,-1,-1,-0.01,-1,-1,-0.01,-1,-1,-0.01,-1,-1,-0.01,-1,-1,-0.01,-1,-1
99926009,2026-05-18 12:29:39+05:30,53186.95,0,0.0,0,0.0,0.0,53282.15,53308.4,52783.45,53710.35,0,0.0,0.0,0.0,0.0,-0.01,-1,-1,-0.01,-1,-1,-0.01,-1,-1,-0.01,-1,-1,-0.01,-1,-1,-0.01,-1,-1,-0.01,-1,-1,-0.01,-1,-1,-0.01,-1,-1,-0.01,-1,-1
99926009,2026-05-18 12:29:39+05:30,53186.3,0,0.0,0,0.0,0.0,53282.15,53308.4,52783.45,53710.35,0,0.0,0.0,0.0,0.0,-0.01,-1,-1,-0.01,-1,-1,-0.01,-1,-1,-0.01,-1,-1,-0.01,-1,-1,-0.01,-1,-1,-0.01,-1,-1,-0.01,-1,-1,-0.01,-1,-1,-0.01,-1,-1
99926009,2026-05-18 12:29:40+05:30,53186.5,0,0.0,0,0.0,0.0,53282.15,53308.4,52783.45,53710.35,0,0.0,0.0,0.0,0.0,-0.01,-1,-1,-0.01,-1,-1,-0.01,-1,-1,-0.01,-1,-1,-0.01,-1,-1,-0.01,-1,-1,-0.01,-1,-1,-0.01,-1,-1,-0.01,-1,-1,-0.01,-1,-1
99926009,2026-05-18 12:29:40+05:30,53185.3,0,0.0,0,0.0,0.0,53282.15,53308.4,52783.45,53710.35,0,0.0,0.0,0.0,0.0,-0.01,-1,-1,-0.01,-1,-1,-0.01,-1,-1,-0.01,-1,-1,-0.01,-1,-1,-0.01,-1,-1,-0.01,-1,-1,-0.01,-1,-1,-0.01,-1,-1,-0.01,-1,-1
99926009,2026-05-18 12:29:41+05:30,53185.3,0,0.0,0,0.0,0.0,53282.15,53308.4,52783.45,53710.35,0,0.0,0.0,0.0,0.0,-0.01,-1,-1,-0.01,-1,-1,-0.01,-1,-1,-0.01,-1,-1,-0.01,-1,-1,-0.01,-1,-1,-0.01,-1,-1,-0.01,-1,-1,-0.01,-1,-1,-0.01,-1,-1
99926009,2026-05-18 12:29:41+05:30,53182.65,0,0.0,0,0.0,0.0,53282.15,53308.4,52783.45,53710.35,0,0.0,0.0,0.0,0.0,-0.01,-1,-1,-0.01,-1,-1,-0.01,-1,-1,-0.01,-1,-1,-0.01,-1,-1,-0.01,-1,-1,-0.01,-1,-1,-0.01,-1,-1,-0.01,-1,-1,-0.01,-1,-1
99926009,2026-05-18 12:29:42+05:30,53182.05,0,0.0,0,0.0,0.0,53282.15,53308.4,52783.45,53710.35,0,0.0,0.0,0.0,0.0,-0.01,-1,-1,-0.01,-1,-1,-0.01,-1,-1,-0.01,-1,-1,-0.01,-1,-1,-0.01,-1,-1,-0.01,-1,-1,-0.01,-1,-1,-0.01,-1,-1,-0.01,-1,-1
99926009,2026-05-18 12:29:42+05:30,53182.4,0,0.0,0,0.0,0.0,53282.15,53308.4,52783.45,53710.35,0,0.0,0.0,0.0,0.0,-0.01,-1,-1,-0.01,-1,-1,-0.01,-1,-1,-0.01,-1,-1,-0.01,-1,-1,-0.01,-1,-1,-0.01,-1,-1,-0.01,-1,-1,-0.01,-1,-1,-0.01,-1,-1
99926009,2026-05-18 12:29:43+05:30,53185.1,0,0.0,0,0.0,0.0,53282.15,53308.4,52783.45,53710.35,0,0.0,0.0,0.0,0.0,-0.01,-1,-1,-0.01,-1,-1,-0.01,-1,-1,-0.01,-1,-1,-0.01,-1,-1,-0.01,-1,-1,-0.01,-1,-1,-0.01,-1,-1,-0.01,-1,-1,-0.01,-1,-1
99926009,2026-05-18 12:29:43+05:30,53180.25,0,0.0,0,0.0,0.0,53282.15,53308.4,52783.45,53710.35,0,0.0,0.0,0.0,0.0,-0.01,-1,-1,-0.01,-1,-1,-0.01,-1,-1,-0.01,-1,-1,-0.01,-1,-1,-0.01,-1,-1,-0.01,-1,-1,-0.01,-1,-1,-0.01,-1,-1,-0.01,-1,-1
99926009,2026-05-18 12:29:44+05:30,53183.65,0,0.0,0,0.0,0.0,53282.15,53308.4,52783.45,53710.35,0,0.0,0.0,0.0,0.0,-0.01,-1,-1,-0.01,-1,-1,-0.01,-1,-1,-0.01,-1,-1,-0.01,-1,-1,-0.01,-1,-1,-0.01,-1,-1,-0.01,-1,-1,-0.01,-1,-1,-0.01,-1,-1
99926009,2026-05-18 12:29:44+05:30,53183.8,0,0.0,0,0.0,0.0,53282.15,53308.4,52783.45,53710.35,0,0.0,0.0,0.0,0.0,-0.01,-1,-1,-0.01,-1,-1,-0.01,-1,-1,-0.01,-1,-1,-0.01,-1,-1,-0.01,-1,-1,-0.01,-1,-1,-0.01,-1,-1,-0.01,-1,-1,-0.01,-1,-1
99926009,2026-05-18 12:29:45+05:30,53184.55,0,0.0,0,0.0,0.0,53282.15,53308.4,52783.45,53710.35,0,0.0,0.0,0.0,0.0,-0.01,-1,-1,-0.01,-1,-1,-0.01,-1,-1,-0.01,-1,-1,-0.01,-1,-1,-0.01,-1,-1,-0.01,-1,-1,-0.01,-1,-1,-0.01,-1,-1,-0.01,-1,-1
99926009,2026-05-18 12:29:45+05:30,53183.6,0,0.0,0,0.0,0.0,53282.15,53308.4,52783.45,53710.35,0,0.0,0.0,0.0,0.0,-0.01,-1,-1,-0.01,-1,-1,-0.01,-1,-1,-0.01,-1,-1,-0.01,-1,-1,-0.01,-1,-1,-0.01,-1,-1,-0.01,-1,-1,-0.01,-1,-1,-0.01,-1,-1
99926009,2026-05-18 12:29:46+05:30,53181.8,0,0.0,0,0.0,0.0,53282.15,53308.4,52783.45,53710.35,0,0.0,0.0,0.0,0.0,-0.01,-1,-1,-0.01,-1,-1,-0.01,-1,-1,-0.01,-1,-1,-0.01,-1,-1,-0.01,-1,-1,-0.01,-1,-1,-0.01,-1,-1,-0.01,-1,-1,-0.01,-1,-1
99926009,2026-05-18 12:29:46+05:30,53182.8,0,0.0,0,0.0,0.0,53282.15,53308.4,52783.45,53710.35,0,0.0,0.0,0.0,0.0,-0.01,-1,-1,-0.01,-1,-1,-0.01,-1,-1,-0.01,-1,-1,-0.01,-1,-1,-0.01,-1,-1,-0.01,-1,-1,-0.01,-1,-1,-0.01,-1,-1,-0.01,-1,-1
99926009,2026-05-18 12:29:47+05:30,53181.95,0,0.0,0,0.0,0.0,53282.15,53308.4,52783.45,53710.35,0,0.0,0.0,0.0,0.0,-0.01,-1,-1,-0.01,-1,-1,-0.01,-1,-1,-0.01,-1,-1,-0.01,-1,-1,-0.01,-1,-1,-0.01,-1,-1,-0.01,-1,-1,-0.01,-1,-1,-0.01,-1,-1
99926009,2026-05-18 12:29:47+05:30,53186.9,0,0.0,0,0.0,0.0,53282.15,53308.4,52783.45,53710.35,0,0.0,0.0,0.0,0.0,-0.01,-1,-1,-0.01,-1,-1,-0.01,-1,-1,-0.01,-1,-1,-0.01,-1,-1,-0.01,-1,-1,-0.01,-1,-1,-0.01,-1,-1,-0.01,-1,-1,-0.01,-1,-1
99926009,2026-05-18 12:29:48+05:30,53187.05,0,0.0,0,0.0,0.0,53282.15,53308.4,52783.45,53710.35,0,0.0,0.0,0.0,0.0,-0.01,-1,-1,-0.01,-1,-1,-0.01,-1,-1,-0.01,-1,-1,-0.01,-1,-1,-0.01,-1,-1,-0.01,-1,-1,-0.01,-1,-1,-0.01,-1,-1,-0.01,-1,-1
99926009,2026-05-18 12:29:48+05:30,53182.75,0,0.0,0,0.0,0.0,53282.15,53308.4,52783.45,53710.35,0,0.0,0.0,0.0,0.0,-0.01,-1,-1,-0.01,-1,-1,-0.01,-1,-1,-0.01,-1,-1,-0.01,-1,-1,-0.01,-1,-1,-0.01,-1,-1,-0.01,-1,-1,-0.01,-1,-1,-0.01,-1,-1
99926009,2026-05-18 12:29:49+05:30,53182.85,0,0.0,0,0.0,0.0,53282.15,53308.4,52783.45,53710.35,0,0.0,0.0,0.0,0.0,-0.01,-1,-1,-0.01,-1,-1,-0.01,-1,-1,-0.01,-1,-1,-0.01,-1,-1,-0.01,-1,-1,-0.01,-1,-1,-0.01,-1,-1,-0.01,-1,-1,-0.01,-1,-1
99926009,2026-05-18 12:29:49+05:30,53178.4,0,0.0,0,0.0,0.0,53282.15,53308.4,52783.45,53710.35,0,0.0,0.0,0.0,0.0,-0.01,-1,-1,-0.01,-1,-1,-0.01,-1,-1,-0.01,-1,-1,-0.01,-1,-1,-0.01,-1,-1,-0.01,-1,-1,-0.01,-1,-1,-0.01,-1,-1,-0.01,-1,-1
99926009,2026-05-18 12:29:50+05:30,53183.6,0,0.0,0,0.0,0.0,53282.15,53308.4,52783.45,53710.35,0,0.0,0.0,0.0,0.0,-0.01,-1,-1,-0.01,-1,-1,-0.01,-1,-1,-0.01,-1,-1,-0.01,-1,-1,-0.01,-1,-1,-0.01,-1,-1,-0.01,-1,-1,-0.01,-1,-1,-0.01,-1,-1
99926009,2026-05-18 12:29:50+05:30,53183.9,0,0.0,0,0.0,0.0,53282.15,53308.4,52783.45,53710.35,0,0.0,0.0,0.0,0.0,-0.01,-1,-1,-0.01,-1,-1,-0.01,-1,-1,-0.01,-1,-1,-0.01,-1,-1,-0.01,-1,-1,-0.01,-1,-1,-0.01,-1,-1,-0.01,-1,-1,-0.01,-1,-1
99926009,2026-05-18 12:29:51+05:30,53183.1,0,0.0,0,0.0,0.0,53282.15,53308.4,52783.45,53710.35,0,0.0,0.0,0.0,0.0,-0.01,-1,-1,-0.01,-1,-1,-0.01,-1,-1,-0.01,-1,-1,-0.01,-1,-1,-0.01,-1,-1,-0.01,-1,-1,-0.01,-1,-1,-0.01,-1,-1,-0.01,-1,-1
99926009,2026-05-18 12:29:51+05:30,53187.2,0,0.0,0,0.0,0.0,53282.15,53308.4,52783.45,53710.35,0,0.0,0.0,0.0,0.0,-0.01,-1,-1,-0.01,-1,-1,-0.01,-1,-1,-0.01,-1,-1,-0.01,-1,-1,-0.01,-1,-1,-0.01,-1,-1,-0.01,-1,-1,-0.01,-1,-1,-0.01,-1,-1
99926009,2026-05-18 12:29:52+05:30,53183.85,0,0.0,0,0.0,0.0,53282.15,53308.4,52783.45,53710.35,0,0.0,0.0,0.0,0.0,-0.01,-1,-1,-0.01,-1,-1,-0.01,-1,-1,-0.01,-1,-1,-0.01,-1,-1,-0.01,-1,-1,-0.01,-1,-1,-0.01,-1,-1,-0.01,-1,-1,-0.01,-1,-1
99926009,2026-05-18 12:29:53+05:30,53184.55,0,0.0,0,0.0,0.0,53282.15,53308.4,52783.45,53710.35,0,0.0,0.0,0.0,0.0,-0.01,-1,-1,-0.01,-1,-1,-0.01,-1,-1,-0.01,-1,-1,-0.01,-1,-1,-0.01,-1,-1,-0.01,-1,-1,-0.01,-1,-1,-0.01,-1,-1,-0.01,-1,-1
99926009,2026-05-18 12:29:53+05:30,53181.95,0,0.0,0,0.0,0.0,53282.15,53308.4,52783.45,53710.35,0,0.0,0.0,0.0,0.0,-0.01,-1,-1,-0.01,-1,-1,-0.01,-1,-1,-0.01,-1,-1,-0.01,-1,-1,-0.01,-1,-1,-0.01,-1,-1,-0.01,-1,-1,-0.01,-1,-1,-0.01,-1,-1
99926009,2026-05-18 12:29:54+05:30,53186.35,0,0.0,0,0.0,0.0,53282.15,53308.4,52783.45,53710.35,0,0.0,0.0,0.0,0.0,-0.01,-1,-1,-0.01,-1,-1,-0.01,-1,-1,-0.01,-1,-1,-0.01,-1,-1,-0.01,-1,-1,-0.01,-1,-1,-0.01,-1,-1,-0.01,-1,-1,-0.01,-1,-1
99926009,2026-05-18 12:29:54+05:30,53185.0,0,0.0,0,0.0,0.0,53282.15,53308.4,52783.45,53710.35,0,0.0,0.0,0.0,0.0,-0.01,-1,-1,-0.01,-1,-1,-0.01,-1,-1,-0.01,-1,-1,-0.01,-1,-1,-0.01,-1,-1,-0.01,-1,-1,-0.01,-1,-1,-0.01,-1,-1,-0.01,-1,-1
99926009,2026-05-18 12:29:55+05:30,53189.0,0,0.0,0,0.0,0.0,53282.15,53308.4,52783.45,53710.35,0,0.0,0.0,0.0,0.0,-0.01,-1,-1,-0.01,-1,-1,-0.01,-1,-1,-0.01,-1,-1,-0.01,-1,-1,-0.01,-1,-1,-0.01,-1,-1,-0.01,-1,-1,-0.01,-1,-1,-0.01,-1,-1
99926009,2026-05-18 12:29:55+05:30,53188.15,0,0.0,0,0.0,0.0,53282.15,53308.4,52783.45,53710.35,0,0.0,0.0,0.0,0.0,-0.01,-1,-1,-0.01,-1,-1,-0.01,-1,-1,-0.01,-1,-1,-0.01,-1,-1,-0.01,-1,-1,-0.01,-1,-1,-0.01,-1,-1,-0.01,-1,-1,-0.01,-1,-1
99926009,2026-05-18 12:29:56+05:30,53189.7,0,0.0,0,0.0,0.0,53282.15,53308.4,52783.45,53710.35,0,0.0,0.0,0.0,0.0,-0.01,-1,-1,-0.01,-1,-1,-0.01,-1,-1,-0.01,-1,-1,-0.01,-1,-1,-0.01,-1,-1,-0.01,-1,-1,-0.01,-1,-1,-0.01,-1,-1,-0.01,-1,-1
99926009,2026-05-18 12:29:56+05:30,53188.3,0,0.0,0,0.0,0.0,53282.15,53308.4,52783.45,53710.35,0,0.0,0.0,0.0,0.0,-0.01,-1,-1,-0.01,-1,-1,-0.01,-1,-1,-0.01,-1,-1,-0.01,-1,-1,-0.01,-1,-1,-0.01,-1,-1,-0.01,-1,-1,-0.01,-1,-1,-0.01,-1,-1
99926009,2026-05-18 12:29:57+05:30,53189.65,0,0.0,0,0.0,0.0,53282.15,53308.4,52783.45,53710.35,0,0.0,0.0,0.0,0.0,-0.01,-1,-1,-0.01,-1,-1,-0.01,-1,-1,-0.01,-1,-1,-0.01,-1,-1,-0.01,-1,-1,-0.01,-1,-1,-0.01,-1,-1,-0.01,-1,-1,-0.01,-1,-1
99926009,2026-05-18 12:29:57+05:30,53187.0,0,0.0,0,0.0,0.0,53282.15,53308.4,52783.45,53710.35,0,0.0,0.0,0.0,0.0,-0.01,-1,-1,-0.01,-1,-1,-0.01,-1,-1,-0.01,-1,-1,-0.01,-1,-1,-0.01,-1,-1,-0.01,-1,-1,-0.01,-1,-1,-0.01,-1,-1,-0.01,-1,-1
99926009,2026-05-18 12:29:58+05:30,53188.35,0,0.0,0,0.0,0.0,53282.15,53308.4,52783.45,53710.35,0,0.0,0.0,0.0,0.0,-0.01,-1,-1,-0.01,-1,-1,-0.01,-1,-1,-0.01,-1,-1,-0.01,-1,-1,-0.01,-1,-1,-0.01,-1,-1,-0.01,-1,-1,-0.01,-1,-1,-0.01,-1,-1
99926009,2026-05-18 12:29:58+05:30,53187.15,0,0.0,0,0.0,0.0,53282.15,53308.4,52783.45,53710.35,0,0.0,0.0,0.0,0.0,-0.01,-1,-1,-0.01,-1,-1,-0.01,-1,-1,-0.01,-1,-1,-0.01,-1,-1,-0.01,-1,-1,-0.01,-1,-1,-0.01,-1,-1,-0.01,-1,-1,-0.01,-1,-1
99926009,2026-05-18 12:29:59+05:30,53186.6,0,0.0,0,0.0,0.0,53282.15,53308.4,52783.45,53710.35,0,0.0,0.0,0.0,0.0,-0.01,-1,-1,-0.01,-1,-1,-0.01,-1,-1,-0.01,-1,-1,-0.01,-1,-1,-0.01,-1,-1,-0.01,-1,-1,-0.01,-1,-1,-0.01,-1,-1,-0.01,-1,-1
99926009,2026-05-18 12:29:59+05:30,53189.1,0,0.0,0,0.0,0.0,53282.15,53308.4,52783.45,53710.35,0,0.0,0.0,0.0,0.0,-0.01,-1,-1,-0.01,-1,-1,-0.01,-1,-1,-0.01,-1,-1,-0.01,-1,-1,-0.01,-1,-1,-0.01,-1,-1,-0.01,-1,-1,-0.01,-1,-1,-0.01,-1,-1
99926009,2026-05-18 12:30:00+05:30,53190.5,0,0.0,0,0.0,0.0,53282.15,53308.4,52783.45,53710.35,0,0.0,0.0,0.0,0.0,-0.01,-1,-1,-0.01,-1,-1,-0.01,-1,-1,-0.01,-1,-1,-0.01,-1,-1,-0.01,-1,-1,-0.01,-1,-1,-0.01,-1,-1,-0.01,-1,-1,-0.01,-1,-1
99926009,2026-05-18 12:30:00+05:30,53196.15,0,0.0,0,0.0,0.0,53282.15,53308.4,52783.45,53710.35,0,0.0,0.0,0.0,0.0,-0.01,-1,-1,-0.01,-1,-1,-0.01,-1,-1,-0.01,-1,-1,-0.01,-1,-1,-0.01,-1,-1,-0.01,-1,-1,-0.01,-1,-1,-0.01,-1,-1,-0.01,-1,-1
99926009,2026-05-18 12:30:01+05:30,53202.65,0,0.0,0,0.0,0.0,53282.15,53308.4,52783.45,53710.35,0,0.0,0.0,0.0,0.0,-0.01,-1,-1,-0.01,-1,-1,-0.01,-1,-1,-0.01,-1,-1,-0.01,-1,-1,-0.01,-1,-1,-0.01,-1,-1,-0.01,-1,-1,-0.01,-1,-1,-0.01,-1,-1
99926009,2026-05-18 12:30:01+05:30,53200.15,0,0.0,0,0.0,0.0,53282.15,53308.4,52783.45,53710.35,0,0.0,0.0,0.0,0.0,-0.01,-1,-1,-0.01,-1,-1,-0.01,-1,-1,-0.01,-1,-1,-0.01,-1,-1,-0.01,-1,-1,-0.01,-1,-1,-0.01,-1,-1,-0.01,-1,-1,-0.01,-1,-1
99926009,2026-05-18 12:30:02+05:30,53199.25,0,0.0,0,0.0,0.0,53282.15,53308.4,52783.45,53710.35,0,0.0,0.0,0.0,0.0,-0.01,-1,-1,-0.01,-1,-1,-0.01,-1,-1,-0.01,-1,-1,-0.01,-1,-1,-0.01,-1,-1,-0.01,-1,-1,-0.01,-1,-1,-0.01,-1,-1,-0.01,-1,-1
99926009,2026-05-18 12:30:02+05:30,53201.55,0,0.0,0,0.0,0.0,53282.15,53308.4,52783.45,53710.35,0,0.0,0.0,0.0,0.0,-0.01,-1,-1,-0.01,-1,-1,-0.01,-1,-1,-0.01,-1,-1,-0.01,-1,-1,-0.01,-1,-1,-0.01,-1,-1,-0.01,-1,-1,-0.01,-1,-1,-0.01,-1,-1
99926009,2026-05-18 12:30:03+05:30,53200.85,0,0.0,0,0.0,0.0,53282.15,53308.4,52783.45,53710.35,0,0.0,0.0,0.0,0.0,-0.01,-1,-1,-0.01,-1,-1,-0.01,-1,-1,-0.01,-1,-1,-0.01,-1,-1,-0.01,-1,-1,-0.01,-1,-1,-0.01,-1,-1,-0.01,-1,-1,-0.01,-1,-1
99926009,2026-05-18 12:30:03+05:30,53200.8,0,0.0,0,0.0,0.0,53282.15,53308.4,52783.45,53710.35,0,0.0,0.0,0.0,0.0,-0.01,-1,-1,-0.01,-1,-1,-0.01,-1,-1,-0.01,-1,-1,-0.01,-1,-1,-0.01,-1,-1,-0.01,-1,-1,-0.01,-1,-1,-0.01,-1,-1,-0.01,-1,-1
99926009,2026-05-18 12:30:04+05:30,53201.9,0,0.0,0,0.0,0.0,53282.15,53308.4,52783.45,53710.35,0,0.0,0.0,0.0,0.0,-0.01,-1,-1,-0.01,-1,-1,-0.01,-1,-1,-0.01,-1,-1,-0.01,-1,-1,-0.01,-1,-1,-0.01,-1,-1,-0.01,-1,-1,-0.01,-1,-1,-0.01,-1,-1
99926009,2026-05-18 12:30:04+05:30,53201.25,0,0.0,0,0.0,0.0,53282.15,53308.4,52783.45,53710.35,0,0.0,0.0,0.0,0.0,-0.01,-1,-1,-0.01,-1,-1,-0.01,-1,-1,-0.01,-1,-1,-0.01,-1,-1,-0.01,-1,-1,-0.01,-1,-1,-0.01,-1,-1,-0.01,-1,-1,-0.01,-1,-1
99926009,2026-05-18 12:30:05+05:30,53202.8,0,0.0,0,0.0,0.0,53282.15,53308.4,52783.45,53710.35,0,0.0,0.0,0.0,0.0,-0.01,-1,-1,-0.01,-1,-1,-0.01,-1,-1,-0.01,-1,-1,-0.01,-1,-1,-0.01,-1,-1,-0.01,-1,-1,-0.01,-1,-1,-0.01,-1,-1,-0.01,-1,-1
99926009,2026-05-18 12:30:05+05:30,53200.9,0,0.0,0,0.0,0.0,53282.15,53308.4,52783.45,53710.35,0,0.0,0.0,0.0,0.0,-0.01,-1,-1,-0.01,-1,-1,-0.01,-1,-1,-0.01,-1,-1,-0.01,-1,-1,-0.01,-1,-1,-0.01,-1,-1,-0.01,-1,-1,-0.01,-1,-1,-0.01,-1,-1
99926009,2026-05-18 12:30:06+05:30,53199.45,0,0.0,0,0.0,0.0,53282.15,53308.4,52783.45,53710.35,0,0.0,0.0,0.0,0.0,-0.01,-1,-1,-0.01,-1,-1,-0.01,-1,-1,-0.01,-1,-1,-0.01,-1,-1,-0.01,-1,-1,-0.01,-1,-1,-0.01,-1,-1,-0.01,-1,-1,-0.01,-1,-1
99926009,2026-05-18 12:30:06+05:30,53198.65,0,0.0,0,0.0,0.0,53282.15,53308.4,52783.45,53710.35,0,0.0,0.0,0.0,0.0,-0.01,-1,-1,-0.01,-1,-1,-0.01,-1,-1,-0.01,-1,-1,-0.01,-1,-1,-0.01,-1,-1,-0.01,-1,-1,-0.01,-1,-1,-0.01,-1,-1,-0.01,-1,-1
99926009,2026-05-18 12:30:07+05:30,53198.0,0,0.0,0,0.0,0.0,53282.15,53308.4,52783.45,53710.35,0,0.0,0.0,0.0,0.0,-0.01,-1,-1,-0.01,-1,-1,-0.01,-1,-1,-0.01,-1,-1,-0.01,-1,-1,-0.01,-1,-1,-0.01,-1,-1,-0.01,-1,-1,-0.01,-1,-1,-0.01,-1,-1
99926009,2026-05-18 12:30:07+05:30,53198.35,0,0.0,0,0.0,0.0,53282.15,53308.4,52783.45,53710.35,0,0.0,0.0,0.0,0.0,-0.01,-1,-1,-0.01,-1,-1,-0.01,-1,-1,-0.01,-1,-1,-0.01,-1,-1,-0.01,-1,-1,-0.01,-1,-1,-0.01,-1,-1,-0.01,-1,-1,-0.01,-1,-1
99926009,2026-05-18 12:30:08+05:30,53197.45,0,0.0,0,0.0,0.0,53282.15,53308.4,52783.45,53710.35,0,0.0,0.0,0.0,0.0,-0.01,-1,-1,-0.01,-1,-1,-0.01,-1,-1,-0.01,-1,-1,-0.01,-1,-1,-0.01,-1,-1,-0.01,-1,-1,-0.01,-1,-1,-0.01,-1,-1,-0.01,-1,-1
99926009,2026-05-18 12:30:08+05:30,53196.3,0,0.0,0,0.0,0.0,53282.15,53308.4,52783.45,53710.35,0,0.0,0.0,0.0,0.0,-0.01,-1,-1,-0.01,-1,-1,-0.01,-1,-1,-0.01,-1,-1,-0.01,-1,-1,-0.01,-1,-1,-0.01,-1,-1,-0.01,-1,-1,-0.01,-1,-1,-0.01,-1,-1
99926009,2026-05-18 12:30:09+05:30,53199.55,0,0.0,0,0.0,0.0,53282.15,53308.4,52783.45,53710.35,0,0.0,0.0,0.0,0.0,-0.01,-1,-1,-0.01,-1,-1,-0.01,-1,-1,-0.01,-1,-1,-0.01,-1,-1,-0.01,-1,-1,-0.01,-1,-1,-0.01,-1,-1,-0.01,-1,-1,-0.01,-1,-1
99926009,2026-05-18 12:30:09+05:30,53197.1,0,0.0,0,0.0,0.0,53282.15,53308.4,52783.45,53710.35,0,0.0,0.0,0.0,0.0,-0.01,-1,-1,-0.01,-1,-1,-0.01,-1,-1,-0.01,-1,-1,-0.01,-1,-1,-0.01,-1,-1,-0.01,-1,-1,-0.01,-1,-1,-0.01,-1,-1,-0.01,-1,-1
99926009,2026-05-18 12:30:10+05:30,53200.0,0,0.0,0,0.0,0.0,53282.15,53308.4,52783.45,53710.35,0,0.0,0.0,0.0,0.0,-0.01,-1,-1,-0.01,-1,-1,-0.01,-1,-1,-0.01,-1,-1,-0.01,-1,-1,-0.01,-1,-1,-0.01,-1,-1,-0.01,-1,-1,-0.01,-1,-1,-0.01,-1,-1
99926009,2026-05-18 12:30:10+05:30,53200.0,0,0.0,0,0.0,0.0,53282.15,53308.4,52783.45,53710.35,0,0.0,0.0,0.0,0.0,-0.01,-1,-1,-0.01,-1,-1,-0.01,-1,-1,-0.01,-1,-1,-0.01,-1,-1,-0.01,-1,-1,-0.01,-1,-1,-0.01,-1,-1,-0.01,-1,-1,-0.01,-1,-1
99926009,2026-05-18 12:30:11+05:30,53199.5,0,0.0,0,0.0,0.0,53282.15,53308.4,52783.45,53710.35,0,0.0,0.0,0.0,0.0,-0.01,-1,-1,-0.01,-1,-1,-0.01,-1,-1,-0.01,-1,-1,-0.01,-1,-1,-0.01,-1,-1,-0.01,-1,-1,-0.01,-1,-1,-0.01,-1,-1,-0.01,-1,-1
99926009,2026-05-18 12:30:11+05:30,53198.1,0,0.0,0,0.0,0.0,53282.15,53308.4,52783.45,53710.35,0,0.0,0.0,0.0,0.0,-0.01,-1,-1,-0.01,-1,-1,-0.01,-1,-1,-0.01,-1,-1,-0.01,-1,-1,-0.01,-1,-1,-0.01,-1,-1,-0.01,-1,-1,-0.01,-1,-1,-0.01,-1,-1
99926009,2026-05-18 12:30:12+05:30,53197.25,0,0.0,0,0.0,0.0,53282.15,53308.4,52783.45,53710.35,0,0.0,0.0,0.0,0.0,-0.01,-1,-1,-0.01,-1,-1,-0.01,-1,-1,-0.01,-1,-1,-0.01,-1,-1,-0.01,-1,-1,-0.01,-1,-1,-0.01,-1,-1,-0.01,-1,-1,-0.01,-1,-1
99926009,2026-05-18 12:30:12+05:30,53198.6,0,0.0,0,0.0,0.0,53282.15,53308.4,52783.45,53710.35,0,0.0,0.0,0.0,0.0,-0.01,-1,-1,-0.01,-1,-1,-0.01,-1,-1,-0.01,-1,-1,-0.01,-1,-1,-0.01,-1,-1,-0.01,-1,-1,-0.01,-1,-1,-0.01,-1,-1,-0.01,-1,-1
99926009,2026-05-18 12:30:13+05:30,53199.05,0,0.0,0,0.0,0.0,53282.15,53308.4,52783.45,53710.35,0,0.0,0.0,0.0,0.0,-0.01,-1,-1,-0.01,-1,-1,-0.01,-1,-1,-0.01,-1,-1,-0.01,-1,-1,-0.01,-1,-1,-0.01,-1,-1,-0.01,-1,-1,-0.01,-1,-1,-0.01,-1,-1
99926009,2026-05-18 12:30:13+05:30,53199.05,0,0.0,0,0.0,0.0,53282.15,53308.4,52783.45,53710.35,0,0.0,0.0,0.0,0.0,-0.01,-1,-1,-0.01,-1,-1,-0.01,-1,-1,-0.01,-1,-1,-0.01,-1,-1,-0.01,-1,-1,-0.01,-1,-1,-0.01,-1,-1,-0.01,-1,-1,-0.01,-1,-1
99926009,2026-05-18 12:30:14+05:30,53198.05,0,0.0,0,0.0,0.0,53282.15,53308.4,52783.45,53710.35,0,0.0,0.0,0.0,0.0,-0.01,-1,-1,-0.01,-1,-1,-0.01,-1,-1,-0.01,-1,-1,-0.01,-1,-1,-0.01,-1,-1,-0.01,-1,-1,-0.01,-1,-1,-0.01,-1,-1,-0.01,-1,-1
99926009,2026-05-18 12:30:14+05:30,53197.85,0,0.0,0,0.0,0.0,53282.15,53308.4,52783.45,53710.35,0,0.0,0.0,0.0,0.0,-0.01,-1,-1,-0.01,-1,-1,-0.01,-1,-1,-0.01,-1,-1,-0.01,-1,-1,-0.01,-1,-1,-0.01,-1,-1,-0.01,-1,-1,-0.01,-1,-1,-0.01,-1,-1
99926009,2026-05-18 12:30:15+05:30,53199.65,0,0.0,0,0.0,0.0,53282.15,53308.4,52783.45,53710.35,0,0.0,0.0,0.0,0.0,-0.01,-1,-1,-0.01,-1,-1,-0.01,-1,-1,-0.01,-1,-1,-0.01,-1,-1,-0.01,-1,-1,-0.01,-1,-1,-0.01,-1,-1,-0.01,-1,-1,-0.01,-1,-1
99926009,2026-05-18 12:30:15+05:30,53198.95,0,0.0,0,0.0,0.0,53282.15,53308.4,52783.45,53710.35,0,0.0,0.0,0.0,0.0,-0.01,-1,-1,-0.01,-1,-1,-0.01,-1,-1,-0.01,-1,-1,-0.01,-1,-1,-0.01,-1,-1,-0.01,-1,-1,-0.01,-1,-1,-0.01,-1,-1,-0.01,-1,-1
99926009,2026-05-18 12:30:16+05:30,53197.15,0,0.0,0,0.0,0.0,53282.15,53308.4,52783.45,53710.35,0,0.0,0.0,0.0,0.0,-0.01,-1,-1,-0.01,-1,-1,-0.01,-1,-1,-0.01,-1,-1,-0.01,-1,-1,-0.01,-1,-1,-0.01,-1,-1,-0.01,-1,-1,-0.01,-1,-1,-0.01,-1,-1
99926009,2026-05-18 12:30:16+05:30,53197.95,0,0.0,0,0.0,0.0,53282.15,53308.4,52783.45,53710.35,0,0.0,0.0,0.0,0.0,-0.01,-1,-1,-0.01,-1,-1,-0.01,-1,-1,-0.01,-1,-1,-0.01,-1,-1,-0.01,-1,-1,-0.01,-1,-1,-0.01,-1,-1,-0.01,-1,-1,-0.01,-1,-1
99926009,2026-05-18 12:30:17+05:30,53199.1,0,0.0,0,0.0,0.0,53282.15,53308.4,52783.45,53710.35,0,0.0,0.0,0.0,0.0,-0.01,-1,-1,-0.01,-1,-1,-0.01,-1,-1,-0.01,-1,-1,-0.01,-1,-1,-0.01,-1,-1,-0.01,-1,-1,-0.01,-1,-1,-0.01,-1,-1,-0.01,-1,-1
99926009,2026-05-18 12:30:17+05:30,53204.25,0,0.0,0,0.0,0.0,53282.15,53308.4,52783.45,53710.35,0,0.0,0.0,0.0,0.0,-0.01,-1,-1,-0.01,-1,-1,-0.01,-1,-1,-0.01,-1,-1,-0.01,-1,-1,-0.01,-1,-1,-0.01,-1,-1,-0.01,-1,-1,-0.01,-1,-1,-0.01,-1,-1
99926009,2026-05-18 12:30:18+05:30,53205.2,0,0.0,0,0.0,0.0,53282.15,53308.4,52783.45,53710.35,0,0.0,0.0,0.0,0.0,-0.01,-1,-1,-0.01,-1,-1,-0.01,-1,-1,-0.01,-1,-1,-0.01,-1,-1,-0.01,-1,-1,-0.01,-1,-1,-0.01,-1,-1,-0.01,-1,-1,-0.01,-1,-1
99926009,2026-05-18 12:30:18+05:30,53203.4,0,0.0,0,0.0,0.0,53282.15,53308.4,52783.45,53710.35,0,0.0,0.0,0.0,0.0,-0.01,-1,-1,-0.01,-1,-1,-0.01,-1,-1,-0.01,-1,-1,-0.01,-1,-1,-0.01,-1,-1,-0.01,-1,-1,-0.01,-1,-1,-0.01,-1,-1,-0.01,-1,-1
99926009,2026-05-18 12:30:19+05:30,53204.05,0,0.0,0,0.0,0.0,53282.15,53308.4,52783.45,53710.35,0,0.0,0.0,0.0,0.0,-0.01,-1,-1,-0.01,-1,-1,-0.01,-1,-1,-0.01,-1,-1,-0.01,-1,-1,-0.01,-1,-1,-0.01,-1,-1,-0.01,-1,-1,-0.01,-1,-1,-0.01,-1,-1
99926009,2026-05-18 12:30:19+05:30,53202.05,0,0.0,0,0.0,0.0,53282.15,53308.4,52783.45,53710.35,0,0.0,0.0,0.0,0.0,-0.01,-1,-1,-0.01,-1,-1,-0.01,-1,-1,-0.01,-1,-1,-0.01,-1,-1,-0.01,-1,-1,-0.01,-1,-1,-0.01,-1,-1,-0.01,-1,-1,-0.01,-1,-1
99926009,2026-05-18 12:30:20+05:30,53204.8,0,0.0,0,0.0,0.0,53282.15,53308.4,52783.45,53710.35,0,0.0,0.0,0.0,0.0,-0.01,-1,-1,-0.01,-1,-1,-0.01,-1,-1,-0.01,-1,-1,-0.01,-1,-1,-0.01,-1,-1,-0.01,-1,-1,-0.01,-1,-1,-0.01,-1,-1,-0.01,-1,-1
99926009,2026-05-18 12:30:20+05:30,53204.15,0,0.0,0,0.0,0.0,53282.15,53308.4,52783.45,53710.35,0,0.0,0.0,0.0,0.0,-0.01,-1,-1,-0.01,-1,-1,-0.01,-1,-1,-0.01,-1,-1,-0.01,-1,-1,-0.01,-1,-1,-0.01,-1,-1,-0.01,-1,-1,-0.01,-1,-1,-0.01,-1,-1
99926009,2026-05-18 12:30:21+05:30,53204.35,0,0.0,0,0.0,0.0,53282.15,53308.4,52783.45,53710.35,0,0.0,0.0,0.0,0.0,-0.01,-1,-1,-0.01,-1,-1,-0.01,-1,-1,-0.01,-1,-1,-0.01,-1,-1,-0.01,-1,-1,-0.01,-1,-1,-0.01,-1,-1,-0.01,-1,-1,-0.01,-1,-1
99926009,2026-05-18 12:30:21+05:30,53202.75,0,0.0,0,0.0,0.0,53282.15,53308.4,52783.45,53710.35,0,0.0,0.0,0.0,0.0,-0.01,-1,-1,-0.01,-1,-1,-0.01,-1,-1,-0.01,-1,-1,-0.01,-1,-1,-0.01,-1,-1,-0.01,-1,-1,-0.01,-1,-1,-0.01,-1,-1,-0.01,-1,-1
99926009,2026-05-18 12:30:22+05:30,53200.5,0,0.0,0,0.0,0.0,53282.15,53308.4,52783.45,53710.35,0,0.0,0.0,0.0,0.0,-0.01,-1,-1,-0.01,-1,-1,-0.01,-1,-1,-0.01,-1,-1,-0.01,-1,-1,-0.01,-1,-1,-0.01,-1,-1,-0.01,-1,-1,-0.01,-1,-1,-0.01,-1,-1
99926009,2026-05-18 12:30:22+05:30,53202.65,0,0.0,0,0.0,0.0,53282.15,53308.4,52783.45,53710.35,0,0.0,0.0,0.0,0.0,-0.01,-1,-1,-0.01,-1,-1,-0.01,-1,-1,-0.01,-1,-1,-0.01,-1,-1,-0.01,-1,-1,-0.01,-1,-1,-0.01,-1,-1,-0.01,-1,-1,-0.01,-1,-1
99926009,2026-05-18 12:30:23+05:30,53202.8,0,0.0,0,0.0,0.0,53282.15,53308.4,52783.45,53710.35,0,0.0,0.0,0.0,0.0,-0.01,-1,-1,-0.01,-1,-1,-0.01,-1,-1,-0.01,-1,-1,-0.01,-1,-1,-0.01,-1,-1,-0.01,-1,-1,-0.01,-1,-1,-0.01,-1,-1,-0.01,-1,-1
99926009,2026-05-18 12:30:23+05:30,53203.95,0,0.0,0,0.0,0.0,53282.15,53308.4,52783.45,53710.35,0,0.0,0.0,0.0,0.0,-0.01,-1,-1,-0.01,-1,-1,-0.01,-1,-1,-0.01,-1,-1,-0.01,-1,-1,-0.01,-1,-1,-0.01,-1,-1,-0.01,-1,-1,-0.01,-1,-1,-0.01,-1,-1
99926009,2026-05-18 12:30:24+05:30,53200.75,0,0.0,0,0.0,0.0,53282.15,53308.4,52783.45,53710.35,0,0.0,0.0,0.0,0.0,-0.01,-1,-1,-0.01,-1,-1,-0.01,-1,-1,-0.01,-1,-1,-0.01,-1,-1,-0.01,-1,-1,-0.01,-1,-1,-0.01,-1,-1,-0.01,-1,-1,-0.01,-1,-1
99926009,2026-05-18 12:30:24+05:30,53198.7,0,0.0,0,0.0,0.0,53282.15,53308.4,52783.45,53710.35,0,0.0,0.0,0.0,0.0,-0.01,-1,-1,-0.01,-1,-1,-0.01,-1,-1,-0.01,-1,-1,-0.01,-1,-1,-0.01,-1,-1,-0.01,-1,-1,-0.01,-1,-1,-0.01,-1,-1,-0.01,-1,-1
99926009,2026-05-18 12:30:25+05:30,53203.85,0,0.0,0,0.0,0.0,53282.15,53308.4,52783.45,53710.35,0,0.0,0.0,0.0,0.0,-0.01,-1,-1,-0.01,-1,-1,-0.01,-1,-1,-0.01,-1,-1,-0.01,-1,-1,-0.01,-1,-1,-0.01,-1,-1,-0.01,-1,-1,-0.01,-1,-1,-0.01,-1,-1
99926009,2026-05-18 12:30:25+05:30,53201.95,0,0.0,0,0.0,0.0,53282.15,53308.4,52783.45,53710.35,0,0.0,0.0,0.0,0.0,-0.01,-1,-1,-0.01,-1,-1,-0.01,-1,-1,-0.01,-1,-1,-0.01,-1,-1,-0.01,-1,-1,-0.01,-1,-1,-0.01,-1,-1,-0.01,-1,-1,-0.01,-1,-1
99926009,2026-05-18 12:30:26+05:30,53204.0,0,0.0,0,0.0,0.0,53282.15,53308.4,52783.45,53710.35,0,0.0,0.0,0.0,0.0,-0.01,-1,-1,-0.01,-1,-1,-0.01,-1,-1,-0.01,-1,-1,-0.01,-1,-1,-0.01,-1,-1,-0.01,-1,-1,-0.01,-1,-1,-0.01,-1,-1,-0.01,-1,-1
99926009,2026-05-18 12:30:26+05:30,53205.75,0,0.0,0,0.0,0.0,53282.15,53308.4,52783.45,53710.35,0,0.0,0.0,0.0,0.0,-0.01,-1,-1,-0.01,-1,-1,-0.01,-1,-1,-0.01,-1,-1,-0.01,-1,-1,-0.01,-1,-1,-0.01,-1,-1,-0.01,-1,-1,-0.01,-1,-1,-0.01,-1,-1
99926009,2026-05-18 12:30:27+05:30,53206.1,0,0.0,0,0.0,0.0,53282.15,53308.4,52783.45,53710.35,0,0.0,0.0,0.0,0.0,-0.01,-1,-1,-0.01,-1,-1,-0.01,-1,-1,-0.01,-1,-1,-0.01,-1,-1,-0.01,-1,-1,-0.01,-1,-1,-0.01,-1,-1,-0.01,-1,-1,-0.01,-1,-1
99926009,2026-05-18 12:30:27+05:30,53205.6,0,0.0,0,0.0,0.0,53282.15,53308.4,52783.45,53710.35,0,0.0,0.0,0.0,0.0,-0.01,-1,-1,-0.01,-1,-1,-0.01,-1,-1,-0.01,-1,-1,-0.01,-1,-1,-0.01,-1,-1,-0.01,-1,-1,-0.01,-1,-1,-0.01,-1,-1,-0.01,-1,-1
99926009,2026-05-18 12:30:28+05:30,53205.9,0,0.0,0,0.0,0.0,53282.15,53308.4,52783.45,53710.35,0,0.0,0.0,0.0,0.0,-0.01,-1,-1,-0.01,-1,-1,-0.01,-1,-1,-0.01,-1,-1,-0.01,-1,-1,-0.01,-1,-1,-0.01,-1,-1,-0.01,-1,-1,-0.01,-1,-1,-0.01,-1,-1
99926009,2026-05-18 12:30:28+05:30,53204.5,0,0.0,0,0.0,0.0,53282.15,53308.4,52783.45,53710.35,0,0.0,0.0,0.0,0.0,-0.01,-1,-1,-0.01,-1,-1,-0.01,-1,-1,-0.01,-1,-1,-0.01,-1,-1,-0.01,-1,-1,-0.01,-1,-1,-0.01,-1,-1,-0.01,-1,-1,-0.01,-1,-1
99926009,2026-05-18 12:30:29+05:30,53203.1,0,0.0,0,0.0,0.0,53282.15,53308.4,52783.45,53710.35,0,0.0,0.0,0.0,0.0,-0.01,-1,-1,-0.01,-1,-1,-0.01,-1,-1,-0.01,-1,-1,-0.01,-1,-1,-0.01,-1,-1,-0.01,-1,-1,-0.01,-1,-1,-0.01,-1,-1,-0.01,-1,-1
99926009,2026-05-18 12:30:29+05:30,53202.15,0,0.0,0,0.0,0.0,53282.15,53308.4,52783.45,53710.35,0,0.0,0.0,0.0,0.0,-0.01,-1,-1,-0.01,-1,-1,-0.01,-1,-1,-0.01,-1,-1,-0.01,-1,-1,-0.01,-1,-1,-0.01,-1,-1,-0.01,-1,-1,-0.01,-1,-1,-0.01,-1,-1
99926009,2026-05-18 12:30:30+05:30,53204.25,0,0.0,0,0.0,0.0,53282.15,53308.4,52783.45,53710.35,0,0.0,0.0,0.0,0.0,-0.01,-1,-1,-0.01,-1,-1,-0.01,-1,-1,-0.01,-1,-1,-0.01,-1,-1,-0.01,-1,-1,-0.01,-1,-1,-0.01,-1,-1,-0.01,-1,-1,-0.01,-1,-1
99926009,2026-05-18 12:30:30+05:30,53204.85,0,0.0,0,0.0,0.0,53282.15,53308.4,52783.45,53710.35,0,0.0,0.0,0.0,0.0,-0.01,-1,-1,-0.01,-1,-1,-0.01,-1,-1,-0.01,-1,-1,-0.01,-1,-1,-0.01,-1,-1,-0.01,-1,-1,-0.01,-1,-1,-0.01,-1,-1,-0.01,-1,-1
99926009,2026-05-18 12:30:31+05:30,53205.45,0,0.0,0,0.0,0.0,53282.15,53308.4,52783.45,53710.35,0,0.0,0.0,0.0,0.0,-0.01,-1,-1,-0.01,-1,-1,-0.01,-1,-1,-0.01,-1,-1,-0.01,-1,-1,-0.01,-1,-1,-0.01,-1,-1,-0.01,-1,-1,-0.01,-1,-1,-0.01,-1,-1
99926009,2026-05-18 12:30:31+05:30,53200.2,0,0.0,0,0.0,0.0,53282.15,53308.4,52783.45,53710.35,0,0.0,0.0,0.0,0.0,-0.01,-1,-1,-0.01,-1,-1,-0.01,-1,-1,-0.01,-1,-1,-0.01,-1,-1,-0.01,-1,-1,-0.01,-1,-1,-0.01,-1,-1,-0.01,-1,-1,-0.01,-1,-1
99926009,2026-05-18 12:30:32+05:30,53202.55,0,0.0,0,0.0,0.0,53282.15,53308.4,52783.45,53710.35,0,0.0,0.0,0.0,0.0,-0.01,-1,-1,-0.01,-1,-1,-0.01,-1,-1,-0.01,-1,-1,-0.01,-1,-1,-0.01,-1,-1,-0.01,-1,-1,-0.01,-1,-1,-0.01,-1,-1,-0.01,-1,-1
99926009,2026-05-18 12:30:32+05:30,53201.1,0,0.0,0,0.0,0.0,53282.15,53308.4,52783.45,53710.35,0,0.0,0.0,0.0,0.0,-0.01,-1,-1,-0.01,-1,-1,-0.01,-1,-1,-0.01,-1,-1,-0.01,-1,-1,-0.01,-1,-1,-0.01,-1,-1,-0.01,-1,-1,-0.01,-1,-1,-0.01,-1,-1
99926009,2026-05-18 12:30:33+05:30,53201.6,0,0.0,0,0.0,0.0,53282.15,53308.4,52783.45,53710.35,0,0.0,0.0,0.0,0.0,-0.01,-1,-1,-0.01,-1,-1,-0.01,-1,-1,-0.01,-1,-1,-0.01,-1,-1,-0.01,-1,-1,-0.01,-1,-1,-0.01,-1,-1,-0.01,-1,-1,-0.01,-1,-1
99926009,2026-05-18 12:30:33+05:30,53202.1,0,0.0,0,0.0,0.0,53282.15,53308.4,52783.45,53710.35,0,0.0,0.0,0.0,0.0,-0.01,-1,-1,-0.01,-1,-1,-0.01,-1,-1,-0.01,-1,-1,-0.01,-1,-1,-0.01,-1,-1,-0.01,-1,-1,-0.01,-1,-1,-0.01,-1,-1,-0.01,-1,-1
99926009,2026-05-18 12:30:34+05:30,53202.4,0,0.0,0,0.0,0.0,53282.15,53308.4,52783.45,53710.35,0,0.0,0.0,0.0,0.0,-0.01,-1,-1,-0.01,-1,-1,-0.01,-1,-1,-0.01,-1,-1,-0.01,-1,-1,-0.01,-1,-1,-0.01,-1,-1,-0.01,-1,-1,-0.01,-1,-1,-0.01,-1,-1
99926009,2026-05-18 12:30:34+05:30,53205.15,0,0.0,0,0.0,0.0,53282.15,53308.4,52783.45,53710.35,0,0.0,0.0,0.0,0.0,-0.01,-1,-1,-0.01,-1,-1,-0.01,-1,-1,-0.01,-1,-1,-0.01,-1,-1,-0.01,-1,-1,-0.01,-1,-1,-0.01,-1,-1,-0.01,-1,-1,-0.01,-1,-1
99926009,2026-05-18 12:30:35+05:30,53204.15,0,0.0,0,0.0,0.0,53282.15,53308.4,52783.45,53710.35,0,0.0,0.0,0.0,0.0,-0.01,-1,-1,-0.01,-1,-1,-0.01,-1,-1,-0.01,-1,-1,-0.01,-1,-1,-0.01,-1,-1,-0.01,-1,-1,-0.01,-1,-1,-0.01,-1,-1,-0.01,-1,-1
99926009,2026-05-18 12:30:35+05:30,53203.95,0,0.0,0,0.0,0.0,53282.15,53308.4,52783.45,53710.35,0,0.0,0.0,0.0,0.0,-0.01,-1,-1,-0.01,-1,-1,-0.01,-1,-1,-0.01,-1,-1,-0.01,-1,-1,-0.01,-1,-1,-0.01,-1,-1,-0.01,-1,-1,-0.01,-1,-1,-0.01,-1,-1
99926009,2026-05-18 12:30:36+05:30,53204.55,0,0.0,0,0.0,0.0,53282.15,53308.4,52783.45,53710.35,0,0.0,0.0,0.0,0.0,-0.01,-1,-1,-0.01,-1,-1,-0.01,-1,-1,-0.01,-1,-1,-0.01,-1,-1,-0.01,-1,-1,-0.01,-1,-1,-0.01,-1,-1,-0.01,-1,-1,-0.01,-1,-1
99926009,2026-05-18 12:30:36+05:30,53205.35,0,0.0,0,0.0,0.0,53282.15,53308.4,52783.45,53710.35,0,0.0,0.0,0.0,0.0,-0.01,-1,-1,-0.01,-1,-1,-0.01,-1,-1,-0.01,-1,-1,-0.01,-1,-1,-0.01,-1,-1,-0.01,-1,-1,-0.01,-1,-1,-0.01,-1,-1,-0.01,-1,-1
99926009,2026-05-18 12:30:37+05:30,53203.6,0,0.0,0,0.0,0.0,53282.15,53308.4,52783.45,53710.35,0,0.0,0.0,0.0,0.0,-0.01,-1,-1,-0.01,-1,-1,-0.01,-1,-1,-0.01,-1,-1,-0.01,-1,-1,-0.01,-1,-1,-0.01,-1,-1,-0.01,-1,-1,-0.01,-1,-1,-0.01,-1,-1
99926009,2026-05-18 12:30:37+05:30,53203.95,0,0.0,0,0.0,0.0,53282.15,53308.4,52783.45,53710.35,0,0.0,0.0,0.0,0.0,-0.01,-1,-1,-0.01,-1,-1,-0.01,-1,-1,-0.01,-1,-1,-0.01,-1,-1,-0.01,-1,-1,-0.01,-1,-1,-0.01,-1,-1,-0.01,-1,-1,-0.01,-1,-1
99926009,2026-05-18 12:30:38+05:30,53199.45,0,0.0,0,0.0,0.0,53282.15,53308.4,52783.45,53710.35,0,0.0,0.0,0.0,0.0,-0.01,-1,-1,-0.01,-1,-1,-0.01,-1,-1,-0.01,-1,-1,-0.01,-1,-1,-0.01,-1,-1,-0.01,-1,-1,-0.01,-1,-1,-0.01,-1,-1,-0.01,-1,-1
99926009,2026-05-18 12:30:38+05:30,53200.45,0,0.0,0,0.0,0.0,53282.15,53308.4,52783.45,53710.35,0,0.0,0.0,0.0,0.0,-0.01,-1,-1,-0.01,-1,-1,-0.01,-1,-1,-0.01,-1,-1,-0.01,-1,-1,-0.01,-1,-1,-0.01,-1,-1,-0.01,-1,-1,-0.01,-1,-1,-0.01,-1,-1
99926009,2026-05-18 12:30:39+05:30,53203.65,0,0.0,0,0.0,0.0,53282.15,53308.4,52783.45,53710.35,0,0.0,0.0,0.0,0.0,-0.01,-1,-1,-0.01,-1,-1,-0.01,-1,-1,-0.01,-1,-1,-0.01,-1,-1,-0.01,-1,-1,-0.01,-1,-1,-0.01,-1,-1,-0.01,-1,-1,-0.01,-1,-1
99926009,2026-05-18 12:30:39+05:30,53202.0,0,0.0,0,0.0,0.0,53282.15,53308.4,52783.45,53710.35,0,0.0,0.0,0.0,0.0,-0.01,-1,-1,-0.01,-1,-1,-0.01,-1,-1,-0.01,-1,-1,-0.01,-1,-1,-0.01,-1,-1,-0.01,-1,-1,-0.01,-1,-1,-0.01,-1,-1,-0.01,-1,-1
99926009,2026-05-18 12:30:40+05:30,53202.45,0,0.0,0,0.0,0.0,53282.15,53308.4,52783.45,53710.35,0,0.0,0.0,0.0,0.0,-0.01,-1,-1,-0.01,-1,-1,-0.01,-1,-1,-0.01,-1,-1,-0.01,-1,-1,-0.01,-1,-1,-0.01,-1,-1,-0.01,-1,-1,-0.01,-1,-1,-0.01,-1,-1
99926009,2026-05-18 12:30:40+05:30,53203.55,0,0.0,0,0.0,0.0,53282.15,53308.4,52783.45,53710.35,0,0.0,0.0,0.0,0.0,-0.01,-1,-1,-0.01,-1,-1,-0.01,-1,-1,-0.01,-1,-1,-0.01,-1,-1,-0.01,-1,-1,-0.01,-1,-1,-0.01,-1,-1,-0.01,-1,-1,-0.01,-1,-1
99926009,2026-05-18 12:30:41+05:30,53202.35,0,0.0,0,0.0,0.0,53282.15,53308.4,52783.45,53710.35,0,0.0,0.0,0.0,0.0,-0.01,-1,-1,-0.01,-1,-1,-0.01,-1,-1,-0.01,-1,-1,-0.01,-1,-1,-0.01,-1,-1,-0.01,-1,-1,-0.01,-1,-1,-0.01,-1,-1,-0.01,-1,-1
99926009,2026-05-18 12:30:41+05:30,53203.05,0,0.0,0,0.0,0.0,53282.15,53308.4,52783.45,53710.35,0,0.0,0.0,0.0,0.0,-0.01,-1,-1,-0.01,-1,-1,-0.01,-1,-1,-0.01,-1,-1,-0.01,-1,-1,-0.01,-1,-1,-0.01,-1,-1,-0.01,-1,-1,-0.01,-1,-1,-0.01,-1,-1
99926009,2026-05-18 12:30:42+05:30,53200.5,0,0.0,0,0.0,0.0,53282.15,53308.4,52783.45,53710.35,0,0.0,0.0,0.0,0.0,-0.01,-1,-1,-0.01,-1,-1,-0.01,-1,-1,-0.01,-1,-1,-0.01,-1,-1,-0.01,-1,-1,-0.01,-1,-1,-0.01,-1,-1,-0.01,-1,-1,-0.01,-1,-1
99926009,2026-05-18 12:30:42+05:30,53201.25,0,0.0,0,0.0,0.0,53282.15,53308.4,52783.45,53710.35,0,0.0,0.0,0.0,0.0,-0.01,-1,-1,-0.01,-1,-1,-0.01,-1,-1,-0.01,-1,-1,-0.01,-1,-1,-0.01,-1,-1,-0.01,-1,-1,-0.01,-1,-1,-0.01,-1,-1,-0.01,-1,-1
99926009,2026-05-18 12:30:43+05:30,53199.25,0,0.0,0,0.0,0.0,53282.15,53308.4,52783.45,53710.35,0,0.0,0.0,0.0,0.0,-0.01,-1,-1,-0.01,-1,-1,-0.01,-1,-1,-0.01,-1,-1,-0.01,-1,-1,-0.01,-1,-1,-0.01,-1,-1,-0.01,-1,-1,-0.01,-1,-1,-0.01,-1,-1
99926009,2026-05-18 12:30:43+05:30,53199.75,0,0.0,0,0.0,0.0,53282.15,53308.4,52783.45,53710.35,0,0.0,0.0,0.0,0.0,-0.01,-1,-1,-0.01,-1,-1,-0.01,-1,-1,-0.01,-1,-1,-0.01,-1,-1,-0.01,-1,-1,-0.01,-1,-1,-0.01,-1,-1,-0.01,-1,-1,-0.01,-1,-1
99926009,2026-05-18 12:30:44+05:30,53201.25,0,0.0,0,0.0,0.0,53282.15,53308.4,52783.45,53710.35,0,0.0,0.0,0.0,0.0,-0.01,-1,-1,-0.01,-1,-1,-0.01,-1,-1,-0.01,-1,-1,-0.01,-1,-1,-0.01,-1,-1,-0.01,-1,-1,-0.01,-1,-1,-0.01,-1,-1,-0.01,-1,-1
99926009,2026-05-18 12:30:44+05:30,53200.3,0,0.0,0,0.0,0.0,53282.15,53308.4,52783.45,53710.35,0,0.0,0.0,0.0,0.0,-0.01,-1,-1,-0.01,-1,-1,-0.01,-1,-1,-0.01,-1,-1,-0.01,-1,-1,-0.01,-1,-1,-0.01,-1,-1,-0.01,-1,-1,-0.01,-1,-1,-0.01,-1,-1
99926009,2026-05-18 12:30:45+05:30,53202.85,0,0.0,0,0.0,0.0,53282.15,53308.4,52783.45,53710.35,0,0.0,0.0,0.0,0.0,-0.01,-1,-1,-0.01,-1,-1,-0.01,-1,-1,-0.01,-1,-1,-0.01,-1,-1,-0.01,-1,-1,-0.01,-1,-1,-0.01,-1,-1,-0.01,-1,-1,-0.01,-1,-1
99926009,2026-05-18 12:30:45+05:30,53202.05,0,0.0,0,0.0,0.0,53282.15,53308.4,52783.45,53710.35,0,0.0,0.0,0.0,0.0,-0.01,-1,-1,-0.01,-1,-1,-0.01,-1,-1,-0.01,-1,-1,-0.01,-1,-1,-0.01,-1,-1,-0.01,-1,-1,-0.01,-1,-1,-0.01,-1,-1,-0.01,-1,-1
99926009,2026-05-18 12:30:46+05:30,53203.65,0,0.0,0,0.0,0.0,53282.15,53308.4,52783.45,53710.35,0,0.0,0.0,0.0,0.0,-0.01,-1,-1,-0.01,-1,-1,-0.01,-1,-1,-0.01,-1,-1,-0.01,-1,-1,-0.01,-1,-1,-0.01,-1,-1,-0.01,-1,-1,-0.01,-1,-1,-0.01,-1,-1
99926009,2026-05-18 12:30:46+05:30,53202.5,0,0.0,0,0.0,0.0,53282.15,53308.4,52783.45,53710.35,0,0.0,0.0,0.0,0.0,-0.01,-1,-1,-0.01,-1,-1,-0.01,-1,-1,-0.01,-1,-1,-0.01,-1,-1,-0.01,-1,-1,-0.01,-1,-1,-0.01,-1,-1,-0.01,-1,-1,-0.01,-1,-1
99926009,2026-05-18 12:30:47+05:30,53201.55,0,0.0,0,0.0,0.0,53282.15,53308.4,52783.45,53710.35,0,0.0,0.0,0.0,0.0,-0.01,-1,-1,-0.01,-1,-1,-0.01,-1,-1,-0.01,-1,-1,-0.01,-1,-1,-0.01,-1,-1,-0.01,-1,-1,-0.01,-1,-1,-0.01,-1,-1,-0.01,-1,-1
99926009,2026-05-18 12:30:47+05:30,53199.95,0,0.0,0,0.0,0.0,53282.15,53308.4,52783.45,53710.35,0,0.0,0.0,0.0,0.0,-0.01,-1,-1,-0.01,-1,-1,-0.01,-1,-1,-0.01,-1,-1,-0.01,-1,-1,-0.01,-1,-1,-0.01,-1,-1,-0.01,-1,-1,-0.01,-1,-1,-0.01,-1,-1
99926009,2026-05-18 12:30:48+05:30,53198.8,0,0.0,0,0.0,0.0,53282.15,53308.4,52783.45,53710.35,0,0.0,0.0,0.0,0.0,-0.01,-1,-1,-0.01,-1,-1,-0.01,-1,-1,-0.01,-1,-1,-0.01,-1,-1,-0.01,-1,-1,-0.01,-1,-1,-0.01,-1,-1,-0.01,-1,-1,-0.01,-1,-1
99926009,2026-05-18 12:30:48+05:30,53199.4,0,0.0,0,0.0,0.0,53282.15,53308.4,52783.45,53710.35,0,0.0,0.0,0.0,0.0,-0.01,-1,-1,-0.01,-1,-1,-0.01,-1,-1,-0.01,-1,-1,-0.01,-1,-1,-0.01,-1,-1,-0.01,-1,-1,-0.01,-1,-1,-0.01,-1,-1,-0.01,-1,-1
99926009,2026-05-18 12:30:49+05:30,53199.95,0,0.0,0,0.0,0.0,53282.15,53308.4,52783.45,53710.35,0,0.0,0.0,0.0,0.0,-0.01,-1,-1,-0.01,-1,-1,-0.01,-1,-1,-0.01,-1,-1,-0.01,-1,-1,-0.01,-1,-1,-0.01,-1,-1,-0.01,-1,-1,-0.01,-1,-1,-0.01,-1,-1
99926009,2026-05-18 12:30:49+05:30,53199.75,0,0.0,0,0.0,0.0,53282.15,53308.4,52783.45,53710.35,0,0.0,0.0,0.0,0.0,-0.01,-1,-1,-0.01,-1,-1,-0.01,-1,-1,-0.01,-1,-1,-0.01,-1,-1,-0.01,-1,-1,-0.01,-1,-1,-0.01,-1,-1,-0.01,-1,-1,-0.01,-1,-1
99926009,2026-05-18 12:30:50+05:30,53201.45,0,0.0,0,0.0,0.0,53282.15,53308.4,52783.45,53710.35,0,0.0,0.0,0.0,0.0,-0.01,-1,-1,-0.01,-1,-1,-0.01,-1,-1,-0.01,-1,-1,-0.01,-1,-1,-0.01,-1,-1,-0.01,-1,-1,-0.01,-1,-1,-0.01,-1,-1,-0.01,-1,-1
99926009,2026-05-18 12:30:50+05:30,53199.6,0,0.0,0,0.0,0.0,53282.15,53308.4,52783.45,53710.35,0,0.0,0.0,0.0,0.0,-0.01,-1,-1,-0.01,-1,-1,-0.01,-1,-1,-0.01,-1,-1,-0.01,-1,-1,-0.01,-1,-1,-0.01,-1,-1,-0.01,-1,-1,-0.01,-1,-1,-0.01,-1,-1
99926009,2026-05-18 12:30:51+05:30,53200.95,0,0.0,0,0.0,0.0,53282.15,53308.4,52783.45,53710.35,0,0.0,0.0,0.0,0.0,-0.01,-1,-1,-0.01,-1,-1,-0.01,-1,-1,-0.01,-1,-1,-0.01,-1,-1,-0.01,-1,-1,-0.01,-1,-1,-0.01,-1,-1,-0.01,-1,-1,-0.01,-1,-1
99926009,2026-05-18 12:30:51+05:30,53199.3,0,0.0,0,0.0,0.0,53282.15,53308.4,52783.45,53710.35,0,0.0,0.0,0.0,0.0,-0.01,-1,-1,-0.01,-1,-1,-0.01,-1,-1,-0.01,-1,-1,-0.01,-1,-1,-0.01,-1,-1,-0.01,-1,-1,-0.01,-1,-1,-0.01,-1,-1,-0.01,-1,-1
99926009,2026-05-18 12:30:52+05:30,53198.9,0,0.0,0,0.0,0.0,53282.15,53308.4,52783.45,53710.35,0,0.0,0.0,0.0,0.0,-0.01,-1,-1,-0.01,-1,-1,-0.01,-1,-1,-0.01,-1,-1,-0.01,-1,-1,-0.01,-1,-1,-0.01,-1,-1,-0.01,-1,-1,-0.01,-1,-1,-0.01,-1,-1
99926009,2026-05-18 12:30:52+05:30,53200.55,0,0.0,0,0.0,0.0,53282.15,53308.4,52783.45,53710.35,0,0.0,0.0,0.0,0.0,-0.01,-1,-1,-0.01,-1,-1,-0.01,-1,-1,-0.01,-1,-1,-0.01,-1,-1,-0.01,-1,-1,-0.01,-1,-1,-0.01,-1,-1,-0.01,-1,-1,-0.01,-1,-1
99926009,2026-05-18 12:30:53+05:30,53201.0,0,0.0,0,0.0,0.0,53282.15,53308.4,52783.45,53710.35,0,0.0,0.0,0.0,0.0,-0.01,-1,-1,-0.01,-1,-1,-0.01,-1,-1,-0.01,-1,-1,-0.01,-1,-1,-0.01,-1,-1,-0.01,-1,-1,-0.01,-1,-1,-0.01,-1,-1,-0.01,-1,-1
99926009,2026-05-18 12:30:53+05:30,53200.15,0,0.0,0,0.0,0.0,53282.15,53308.4,52783.45,53710.35,0,0.0,0.0,0.0,0.0,-0.01,-1,-1,-0.01,-1,-1,-0.01,-1,-1,-0.01,-1,-1,-0.01,-1,-1,-0.01,-1,-1,-0.01,-1,-1,-0.01,-1,-1,-0.01,-1,-1,-0.01,-1,-1
99926009,2026-05-18 12:30:54+05:30,53200.65,0,0.0,0,0.0,0.0,53282.15,53308.4,52783.45,53710.35,0,0.0,0.0,0.0,0.0,-0.01,-1,-1,-0.01,-1,-1,-0.01,-1,-1,-0.01,-1,-1,-0.01,-1,-1,-0.01,-1,-1,-0.01,-1,-1,-0.01,-1,-1,-0.01,-1,-1,-0.01,-1,-1
99926009,2026-05-18 12:30:54+05:30,53200.0,0,0.0,0,0.0,0.0,53282.15,53308.4,52783.45,53710.35,0,0.0,0.0,0.0,0.0,-0.01,-1,-1,-0.01,-1,-1,-0.01,-1,-1,-0.01,-1,-1,-0.01,-1,-1,-0.01,-1,-1,-0.01,-1,-1,-0.01,-1,-1,-0.01,-1,-1,-0.01,-1,-1
99926009,2026-05-18 12:30:55+05:30,53200.35,0,0.0,0,0.0,0.0,53282.15,53308.4,52783.45,53710.35,0,0.0,0.0,0.0,0.0,-0.01,-1,-1,-0.01,-1,-1,-0.01,-1,-1,-0.01,-1,-1,-0.01,-1,-1,-0.01,-1,-1,-0.01,-1,-1,-0.01,-1,-1,-0.01,-1,-1,-0.01,-1,-1
99926009,2026-05-18 12:30:55+05:30,53200.55,0,0.0,0,0.0,0.0,53282.15,53308.4,52783.45,53710.35,0,0.0,0.0,0.0,0.0,-0.01,-1,-1,-0.01,-1,-1,-0.01,-1,-1,-0.01,-1,-1,-0.01,-1,-1,-0.01,-1,-1,-0.01,-1,-1,-0.01,-1,-1,-0.01,-1,-1,-0.01,-1,-1
99926009,2026-05-18 12:30:56+05:30,53204.7,0,0.0,0,0.0,0.0,53282.15,53308.4,52783.45,53710.35,0,0.0,0.0,0.0,0.0,-0.01,-1,-1,-0.01,-1,-1,-0.01,-1,-1,-0.01,-1,-1,-0.01,-1,-1,-0.01,-1,-1,-0.01,-1,-1,-0.01,-1,-1,-0.01,-1,-1,-0.01,-1,-1
99926009,2026-05-18 12:30:56+05:30,53201.8,0,0.0,0,0.0,0.0,53282.15,53308.4,52783.45,53710.35,0,0.0,0.0,0.0,0.0,-0.01,-1,-1,-0.01,-1,-1,-0.01,-1,-1,-0.01,-1,-1,-0.01,-1,-1,-0.01,-1,-1,-0.01,-1,-1,-0.01,-1,-1,-0.01,-1,-1,-0.01,-1,-1
99926009,2026-05-18 12:30:57+05:30,53200.1,0,0.0,0,0.0,0.0,53282.15,53308.4,52783.45,53710.35,0,0.0,0.0,0.0,0.0,-0.01,-1,-1,-0.01,-1,-1,-0.01,-1,-1,-0.01,-1,-1,-0.01,-1,-1,-0.01,-1,-1,-0.01,-1,-1,-0.01,-1,-1,-0.01,-1,-1,-0.01,-1,-1
99926009,2026-05-18 12:30:57+05:30,53202.7,0,0.0,0,0.0,0.0,53282.15,53308.4,52783.45,53710.35,0,0.0,0.0,0.0,0.0,-0.01,-1,-1,-0.01,-1,-1,-0.01,-1,-1,-0.01,-1,-1,-0.01,-1,-1,-0.01,-1,-1,-0.01,-1,-1,-0.01,-1,-1,-0.01,-1,-1,-0.01,-1,-1
99926009,2026-05-18 12:30:58+05:30,53203.25,0,0.0,0,0.0,0.0,53282.15,53308.4,52783.45,53710.35,0,0.0,0.0,0.0,0.0,-0.01,-1,-1,-0.01,-1,-1,-0.01,-1,-1,-0.01,-1,-1,-0.01,-1,-1,-0.01,-1,-1,-0.01,-1,-1,-0.01,-1,-1,-0.01,-1,-1,-0.01,-1,-1
99926009,2026-05-18 12:30:58+05:30,53204.0,0,0.0,0,0.0,0.0,53282.15,53308.4,52783.45,53710.35,0,0.0,0.0,0.0,0.0,-0.01,-1,-1,-0.01,-1,-1,-0.01,-1,-1,-0.01,-1,-1,-0.01,-1,-1,-0.01,-1,-1,-0.01,-1,-1,-0.01,-1,-1,-0.01,-1,-1,-0.01,-1,-1
99926009,2026-05-18 12:30:59+05:30,53202.9,0,0.0,0,0.0,0.0,53282.15,53308.4,52783.45,53710.35,0,0.0,0.0,0.0,0.0,-0.01,-1,-1,-0.01,-1,-1,-0.01,-1,-1,-0.01,-1,-1,-0.01,-1,-1,-0.01,-1,-1,-0.01,-1,-1,-0.01,-1,-1,-0.01,-1,-1,-0.01,-1,-1
99926009,2026-05-18 12:30:59+05:30,53204.15,0,0.0,0,0.0,0.0,53282.15,53308.4,52783.45,53710.35,0,0.0,0.0,0.0,0.0,-0.01,-1,-1,-0.01,-1,-1,-0.01,-1,-1,-0.01,-1,-1,-0.01,-1,-1,-0.01,-1,-1,-0.01,-1,-1,-0.01,-1,-1,-0.01,-1,-1,-0.01,-1,-1
99926009,2026-05-18 12:31:00+05:30,53203.3,0,0.0,0,0.0,0.0,53282.15,53308.4,52783.45,53710.35,0,0.0,0.0,0.0,0.0,-0.01,-1,-1,-0.01,-1,-1,-0.01,-1,-1,-0.01,-1,-1,-0.01,-1,-1,-0.01,-1,-1,-0.01,-1,-1,-0.01,-1,-1,-0.01,-1,-1,-0.01,-1,-1
99926009,2026-05-18 12:31:00+05:30,53204.0,0,0.0,0,0.0,0.0,53282.15,53308.4,52783.45,53710.35,0,0.0,0.0,0.0,0.0,-0.01,-1,-1,-0.01,-1,-1,-0.01,-1,-1,-0.01,-1,-1,-0.01,-1,-1,-0.01,-1,-1,-0.01,-1,-1,-0.01,-1,-1,-0.01,-1,-1,-0.01,-1,-1
99926009,2026-05-18 12:31:01+05:30,53204.05,0,0.0,0,0.0,0.0,53282.15,53308.4,52783.45,53710.35,0,0.0,0.0,0.0,0.0,-0.01,-1,-1,-0.01,-1,-1,-0.01,-1,-1,-0.01,-1,-1,-0.01,-1,-1,-0.01,-1,-1,-0.01,-1,-1,-0.01,-1,-1,-0.01,-1,-1,-0.01,-1,-1
99926009,2026-05-18 12:31:01+05:30,53205.25,0,0.0,0,0.0,0.0,53282.15,53308.4,52783.45,53710.35,0,0.0,0.0,0.0,0.0,-0.01,-1,-1,-0.01,-1,-1,-0.01,-1,-1,-0.01,-1,-1,-0.01,-1,-1,-0.01,-1,-1,-0.01,-1,-1,-0.01,-1,-1,-0.01,-1,-1,-0.01,-1,-1
99926009,2026-05-18 12:31:02+05:30,53202.05,0,0.0,0,0.0,0.0,53282.15,53308.4,52783.45,53710.35,0,0.0,0.0,0.0,0.0,-0.01,-1,-1,-0.01,-1,-1,-0.01,-1,-1,-0.01,-1,-1,-0.01,-1,-1,-0.01,-1,-1,-0.01,-1,-1,-0.01,-1,-1,-0.01,-1,-1,-0.01,-1,-1
99926009,2026-05-18 12:31:02+05:30,53202.95,0,0.0,0,0.0,0.0,53282.15,53308.4,52783.45,53710.35,0,0.0,0.0,0.0,0.0,-0.01,-1,-1,-0.01,-1,-1,-0.01,-1,-1,-0.01,-1,-1,-0.01,-1,-1,-0.01,-1,-1,-0.01,-1,-1,-0.01,-1,-1,-0.01,-1,-1,-0.01,-1,-1
99926009,2026-05-18 12:31:03+05:30,53204.35,0,0.0,0,0.0,0.0,53282.15,53308.4,52783.45,53710.35,0,0.0,0.0,0.0,0.0,-0.01,-1,-1,-0.01,-1,-1,-0.01,-1,-1,-0.01,-1,-1,-0.01,-1,-1,-0.01,-1,-1,-0.01,-1,-1,-0.01,-1,-1,-0.01,-1,-1,-0.01,-1,-1
99926009,2026-05-18 12:31:03+05:30,53207.2,0,0.0,0,0.0,0.0,53282.15,53308.4,52783.45,53710.35,0,0.0,0.0,0.0,0.0,-0.01,-1,-1,-0.01,-1,-1,-0.01,-1,-1,-0.01,-1,-1,-0.01,-1,-1,-0.01,-1,-1,-0.01,-1,-1,-0.01,-1,-1,-0.01,-1,-1,-0.01,-1,-1
99926009,2026-05-18 12:31:04+05:30,53206.0,0,0.0,0,0.0,0.0,53282.15,53308.4,52783.45,53710.35,0,0.0,0.0,0.0,0.0,-0.01,-1,-1,-0.01,-1,-1,-0.01,-1,-1,-0.01,-1,-1,-0.01,-1,-1,-0.01,-1,-1,-0.01,-1,-1,-0.01,-1,-1,-0.01,-1,-1,-0.01,-1,-1
99926009,2026-05-18 12:31:04+05:30,53205.3,0,0.0,0,0.0,0.0,53282.15,53308.4,52783.45,53710.35,0,0.0,0.0,0.0,0.0,-0.01,-1,-1,-0.01,-1,-1,-0.01,-1,-1,-0.01,-1,-1,-0.01,-1,-1,-0.01,-1,-1,-0.01,-1,-1,-0.01,-1,-1,-0.01,-1,-1,-0.01,-1,-1
99926009,2026-05-18 12:31:05+05:30,53207.25,0,0.0,0,0.0,0.0,53282.15,53308.4,52783.45,53710.35,0,0.0,0.0,0.0,0.0,-0.01,-1,-1,-0.01,-1,-1,-0.01,-1,-1,-0.01,-1,-1,-0.01,-1,-1,-0.01,-1,-1,-0.01,-1,-1,-0.01,-1,-1,-0.01,-1,-1,-0.01,-1,-1
99926009,2026-05-18 12:31:05+05:30,53206.8,0,0.0,0,0.0,0.0,53282.15,53308.4,52783.45,53710.35,0,0.0,0.0,0.0,0.0,-0.01,-1,-1,-0.01,-1,-1,-0.01,-1,-1,-0.01,-1,-1,-0.01,-1,-1,-0.01,-1,-1,-0.01,-1,-1,-0.01,-1,-1,-0.01,-1,-1,-0.01,-1,-1
99926009,2026-05-18 12:31:06+05:30,53205.8,0,0.0,0,0.0,0.0,53282.15,53308.4,52783.45,53710.35,0,0.0,0.0,0.0,0.0,-0.01,-1,-1,-0.01,-1,-1,-0.01,-1,-1,-0.01,-1,-1,-0.01,-1,-1,-0.01,-1,-1,-0.01,-1,-1,-0.01,-1,-1,-0.01,-1,-1,-0.01,-1,-1
99926009,2026-05-18 12:31:06+05:30,53211.35,0,0.0,0,0.0,0.0,53282.15,53308.4,52783.45,53710.35,0,0.0,0.0,0.0,0.0,-0.01,-1,-1,-0.01,-1,-1,-0.01,-1,-1,-0.01,-1,-1,-0.01,-1,-1,-0.01,-1,-1,-0.01,-1,-1,-0.01,-1,-1,-0.01,-1,-1,-0.01,-1,-1
99926009,2026-05-18 12:31:07+05:30,53211.9,0,0.0,0,0.0,0.0,53282.15,53308.4,52783.45,53710.35,0,0.0,0.0,0.0,0.0,-0.01,-1,-1,-0.01,-1,-1,-0.01,-1,-1,-0.01,-1,-1,-0.01,-1,-1,-0.01,-1,-1,-0.01,-1,-1,-0.01,-1,-1,-0.01,-1,-1,-0.01,-1,-1
99926009,2026-05-18 12:31:07+05:30,53217.95,0,0.0,0,0.0,0.0,53282.15,53308.4,52783.45,53710.35,0,0.0,0.0,0.0,0.0,-0.01,-1,-1,-0.01,-1,-1,-0.01,-1,-1,-0.01,-1,-1,-0.01,-1,-1,-0.01,-1,-1,-0.01,-1,-1,-0.01,-1,-1,-0.01,-1,-1,-0.01,-1,-1
99926009,2026-05-18 12:31:08+05:30,53215.5,0,0.0,0,0.0,0.0,53282.15,53308.4,52783.45,53710.35,0,0.0,0.0,0.0,0.0,-0.01,-1,-1,-0.01,-1,-1,-0.01,-1,-1,-0.01,-1,-1,-0.01,-1,-1,-0.01,-1,-1,-0.01,-1,-1,-0.01,-1,-1,-0.01,-1,-1,-0.01,-1,-1
99926009,2026-05-18 12:31:08+05:30,53218.15,0,0.0,0,0.0,0.0,53282.15,53308.4,52783.45,53710.35,0,0.0,0.0,0.0,0.0,-0.01,-1,-1,-0.01,-1,-1,-0.01,-1,-1,-0.01,-1,-1,-0.01,-1,-1,-0.01,-1,-1,-0.01,-1,-1,-0.01,-1,-1,-0.01,-1,-1,-0.01,-1,-1
99926009,2026-05-18 12:31:09+05:30,53218.45,0,0.0,0,0.0,0.0,53282.15,53308.4,52783.45,53710.35,0,0.0,0.0,0.0,0.0,-0.01,-1,-1,-0.01,-1,-1,-0.01,-1,-1,-0.01,-1,-1,-0.01,-1,-1,-0.01,-1,-1,-0.01,-1,-1,-0.01,-1,-1,-0.01,-1,-1,-0.01,-1,-1
99926009,2026-05-18 12:31:09+05:30,53218.0,0,0.0,0,0.0,0.0,53282.15,53308.4,52783.45,53710.35,0,0.0,0.0,0.0,0.0,-0.01,-1,-1,-0.01,-1,-1,-0.01,-1,-1,-0.01,-1,-1,-0.01,-1,-1,-0.01,-1,-1,-0.01,-1,-1,-0.01,-1,-1,-0.01,-1,-1,-0.01,-1,-1
99926009,2026-05-18 12:31:10+05:30,53221.5,0,0.0,0,0.0,0.0,53282.15,53308.4,52783.45,53710.35,0,0.0,0.0,0.0,0.0,-0.01,-1,-1,-0.01,-1,-1,-0.01,-1,-1,-0.01,-1,-1,-0.01,-1,-1,-0.01,-1,-1,-0.01,-1,-1,-0.01,-1,-1,-0.01,-1,-1,-0.01,-1,-1
99926009,2026-05-18 12:31:10+05:30,53218.1,0,0.0,0,0.0,0.0,53282.15,53308.4,52783.45,53710.35,0,0.0,0.0,0.0,0.0,-0.01,-1,-1,-0.01,-1,-1,-0.01,-1,-1,-0.01,-1,-1,-0.01,-1,-1,-0.01,-1,-1,-0.01,-1,-1,-0.01,-1,-1,-0.01,-1,-1,-0.01,-1,-1
99926009,2026-05-18 12:31:11+05:30,53218.05,0,0.0,0,0.0,0.0,53282.15,53308.4,52783.45,53710.35,0,0.0,0.0,0.0,0.0,-0.01,-1,-1,-0.01,-1,-1,-0.01,-1,-1,-0.01,-1,-1,-0.01,-1,-1,-0.01,-1,-1,-0.01,-1,-1,-0.01,-1,-1,-0.01,-1,-1,-0.01,-1,-1
99926009,2026-05-18 12:31:11+05:30,53224.1,0,0.0,0,0.0,0.0,53282.15,53308.4,52783.45,53710.35,0,0.0,0.0,0.0,0.0,-0.01,-1,-1,-0.01,-1,-1,-0.01,-1,-1,-0.01,-1,-1,-0.01,-1,-1,-0.01,-1,-1,-0.01,-1,-1,-0.01,-1,-1,-0.01,-1,-1,-0.01,-1,-1
99926009,2026-05-18 12:31:12+05:30,53222.6,0,0.0,0,0.0,0.0,53282.15,53308.4,52783.45,53710.35,0,0.0,0.0,0.0,0.0,-0.01,-1,-1,-0.01,-1,-1,-0.01,-1,-1,-0.01,-1,-1,-0.01,-1,-1,-0.01,-1,-1,-0.01,-1,-1,-0.01,-1,-1,-0.01,-1,-1,-0.01,-1,-1
99926009,2026-05-18 12:31:12+05:30,53221.6,0,0.0,0,0.0,0.0,53282.15,53308.4,52783.45,53710.35,0,0.0,0.0,0.0,0.0,-0.01,-1,-1,-0.01,-1,-1,-0.01,-1,-1,-0.01,-1,-1,-0.01,-1,-1,-0.01,-1,-1,-0.01,-1,-1,-0.01,-1,-1,-0.01,-1,-1,-0.01,-1,-1
99926009,2026-05-18 12:31:13+05:30,53221.55,0,0.0,0,0.0,0.0,53282.15,53308.4,52783.45,53710.35,0,0.0,0.0,0.0,0.0,-0.01,-1,-1,-0.01,-1,-1,-0.01,-1,-1,-0.01,-1,-1,-0.01,-1,-1,-0.01,-1,-1,-0.01,-1,-1,-0.01,-1,-1,-0.01,-1,-1,-0.01,-1,-1
99926009,2026-05-18 12:31:13+05:30,53223.9,0,0.0,0,0.0,0.0,53282.15,53308.4,52783.45,53710.35,0,0.0,0.0,0.0,0.0,-0.01,-1,-1,-0.01,-1,-1,-0.01,-1,-1,-0.01,-1,-1,-0.01,-1,-1,-0.01,-1,-1,-0.01,-1,-1,-0.01,-1,-1,-0.01,-1,-1,-0.01,-1,-1
99926009,2026-05-18 12:31:14+05:30,53224.1,0,0.0,0,0.0,0.0,53282.15,53308.4,52783.45,53710.35,0,0.0,0.0,0.0,0.0,-0.01,-1,-1,-0.01,-1,-1,-0.01,-1,-1,-0.01,-1,-1,-0.01,-1,-1,-0.01,-1,-1,-0.01,-1,-1,-0.01,-1,-1,-0.01,-1,-1,-0.01,-1,-1
99926009,2026-05-18 12:31:14+05:30,53223.15,0,0.0,0,0.0,0.0,53282.15,53308.4,52783.45,53710.35,0,0.0,0.0,0.0,0.0,-0.01,-1,-1,-0.01,-1,-1,-0.01,-1,-1,-0.01,-1,-1,-0.01,-1,-1,-0.01,-1,-1,-0.01,-1,-1,-0.01,-1,-1,-0.01,-1,-1,-0.01,-1,-1
99926009,2026-05-18 12:31:15+05:30,53225.55,0,0.0,0,0.0,0.0,53282.15,53308.4,52783.45,53710.35,0,0.0,0.0,0.0,0.0,-0.01,-1,-1,-0.01,-1,-1,-0.01,-1,-1,-0.01,-1,-1,-0.01,-1,-1,-0.01,-1,-1,-0.01,-1,-1,-0.01,-1,-1,-0.01,-1,-1,-0.01,-1,-1
99926009,2026-05-18 12:31:15+05:30,53224.2,0,0.0,0,0.0,0.0,53282.15,53308.4,52783.45,53710.35,0,0.0,0.0,0.0,0.0,-0.01,-1,-1,-0.01,-1,-1,-0.01,-1,-1,-0.01,-1,-1,-0.01,-1,-1,-0.01,-1,-1,-0.01,-1,-1,-0.01,-1,-1,-0.01,-1,-1,-0.01,-1,-1
99926009,2026-05-18 12:31:16+05:30,53229.05,0,0.0,0,0.0,0.0,53282.15,53308.4,52783.45,53710.35,0,0.0,0.0,0.0,0.0,-0.01,-1,-1,-0.01,-1,-1,-0.01,-1,-1,-0.01,-1,-1,-0.01,-1,-1,-0.01,-1,-1,-0.01,-1,-1,-0.01,-1,-1,-0.01,-1,-1,-0.01,-1,-1
99926009,2026-05-18 12:31:16+05:30,53231.8,0,0.0,0,0.0,0.0,53282.15,53308.4,52783.45,53710.35,0,0.0,0.0,0.0,0.0,-0.01,-1,-1,-0.01,-1,-1,-0.01,-1,-1,-0.01,-1,-1,-0.01,-1,-1,-0.01,-1,-1,-0.01,-1,-1,-0.01,-1,-1,-0.01,-1,-1,-0.01,-1,-1
99926009,2026-05-18 12:31:17+05:30,53225.45,0,0.0,0,0.0,0.0,53282.15,53308.4,52783.45,53710.35,0,0.0,0.0,0.0,0.0,-0.01,-1,-1,-0.01,-1,-1,-0.01,-1,-1,-0.01,-1,-1,-0.01,-1,-1,-0.01,-1,-1,-0.01,-1,-1,-0.01,-1,-1,-0.01,-1,-1,-0.01,-1,-1
99926009,2026-05-18 12:31:17+05:30,53228.25,0,0.0,0,0.0,0.0,53282.15,53308.4,52783.45,53710.35,0,0.0,0.0,0.0,0.0,-0.01,-1,-1,-0.01,-1,-1,-0.01,-1,-1,-0.01,-1,-1,-0.01,-1,-1,-0.01,-1,-1,-0.01,-1,-1,-0.01,-1,-1,-0.01,-1,-1,-0.01,-1,-1
99926009,2026-05-18 12:31:18+05:30,53229.65,0,0.0,0,0.0,0.0,53282.15,53308.4,52783.45,53710.35,0,0.0,0.0,0.0,0.0,-0.01,-1,-1,-0.01,-1,-1,-0.01,-1,-1,-0.01,-1,-1,-0.01,-1,-1,-0.01,-1,-1,-0.01,-1,-1,-0.01,-1,-1,-0.01,-1,-1,-0.01,-1,-1
99926009,2026-05-18 12:31:18+05:30,53231.9,0,0.0,0,0.0,0.0,53282.15,53308.4,52783.45,53710.35,0,0.0,0.0,0.0,0.0,-0.01,-1,-1,-0.01,-1,-1,-0.01,-1,-1,-0.01,-1,-1,-0.01,-1,-1,-0.01,-1,-1,-0.01,-1,-1,-0.01,-1,-1,-0.01,-1,-1,-0.01,-1,-1
99926009,2026-05-18 12:31:19+05:30,53227.6,0,0.0,0,0.0,0.0,53282.15,53308.4,52783.45,53710.35,0,0.0,0.0,0.0,0.0,-0.01,-1,-1,-0.01,-1,-1,-0.01,-1,-1,-0.01,-1,-1,-0.01,-1,-1,-0.01,-1,-1,-0.01,-1,-1,-0.01,-1,-1,-0.01,-1,-1,-0.01,-1,-1
99926009,2026-05-18 12:31:19+05:30,53226.85,0,0.0,0,0.0,0.0,53282.15,53308.4,52783.45,53710.35,0,0.0,0.0,0.0,0.0,-0.01,-1,-1,-0.01,-1,-1,-0.01,-1,-1,-0.01,-1,-1,-0.01,-1,-1,-0.01,-1,-1,-0.01,-1,-1,-0.01,-1,-1,-0.01,-1,-1,-0.01,-1,-1
99926009,2026-05-18 12:31:20+05:30,53224.3,0,0.0,0,0.0,0.0,53282.15,53308.4,52783.45,53710.35,0,0.0,0.0,0.0,0.0,-0.01,-1,-1,-0.01,-1,-1,-0.01,-1,-1,-0.01,-1,-1,-0.01,-1,-1,-0.01,-1,-1,-0.01,-1,-1,-0.01,-1,-1,-0.01,-1,-1,-0.01,-1,-1
99926009,2026-05-18 12:31:20+05:30,53225.9,0,0.0,0,0.0,0.0,53282.15,53308.4,52783.45,53710.35,0,0.0,0.0,0.0,0.0,-0.01,-1,-1,-0.01,-1,-1,-0.01,-1,-1,-0.01,-1,-1,-0.01,-1,-1,-0.01,-1,-1,-0.01,-1,-1,-0.01,-1,-1,-0.01,-1,-1,-0.01,-1,-1
99926009,2026-05-18 12:31:21+05:30,53226.05,0,0.0,0,0.0,0.0,53282.15,53308.4,52783.45,53710.35,0,0.0,0.0,0.0,0.0,-0.01,-1,-1,-0.01,-1,-1,-0.01,-1,-1,-0.01,-1,-1,-0.01,-1,-1,-0.01,-1,-1,-0.01,-1,-1,-0.01,-1,-1,-0.01,-1,-1,-0.01,-1,-1
99926009,2026-05-18 12:31:21+05:30,53229.45,0,0.0,0,0.0,0.0,53282.15,53308.4,52783.45,53710.35,0,0.0,0.0,0.0,0.0,-0.01,-1,-1,-0.01,-1,-1,-0.01,-1,-1,-0.01,-1,-1,-0.01,-1,-1,-0.01,-1,-1,-0.01,-1,-1,-0.01,-1,-1,-0.01,-1,-1,-0.01,-1,-1
99926009,2026-05-18 12:31:22+05:30,53227.3,0,0.0,0,0.0,0.0,53282.15,53308.4,52783.45,53710.35,0,0.0,0.0,0.0,0.0,-0.01,-1,-1,-0.01,-1,-1,-0.01,-1,-1,-0.01,-1,-1,-0.01,-1,-1,-0.01,-1,-1,-0.01,-1,-1,-0.01,-1,-1,-0.01,-1,-1,-0.01,-1,-1
99926009,2026-05-18 12:31:22+05:30,53225.1,0,0.0,0,0.0,0.0,53282.15,53308.4,52783.45,53710.35,0,0.0,0.0,0.0,0.0,-0.01,-1,-1,-0.01,-1,-1,-0.01,-1,-1,-0.01,-1,-1,-0.01,-1,-1,-0.01,-1,-1,-0.01,-1,-1,-0.01,-1,-1,-0.01,-1,-1,-0.01,-1,-1
99926009,2026-05-18 12:31:23+05:30,53224.35,0,0.0,0,0.0,0.0,53282.15,53308.4,52783.45,53710.35,0,0.0,0.0,0.0,0.0,-0.01,-1,-1,-0.01,-1,-1,-0.01,-1,-1,-0.01,-1,-1,-0.01,-1,-1,-0.01,-1,-1,-0.01,-1,-1,-0.01,-1,-1,-0.01,-1,-1,-0.01,-1,-1
99926009,2026-05-18 12:31:23+05:30,53223.85,0,0.0,0,0.0,0.0,53282.15,53308.4,52783.45,53710.35,0,0.0,0.0,0.0,0.0,-0.01,-1,-1,-0.01,-1,-1,-0.01,-1,-1,-0.01,-1,-1,-0.01,-1,-1,-0.01,-1,-1,-0.01,-1,-1,-0.01,-1,-1,-0.01,-1,-1,-0.01,-1,-1
99926009,2026-05-18 12:31:24+05:30,53222.75,0,0.0,0,0.0,0.0,53282.15,53308.4,52783.45,53710.35,0,0.0,0.0,0.0,0.0,-0.01,-1,-1,-0.01,-1,-1,-0.01,-1,-1,-0.01,-1,-1,-0.01,-1,-1,-0.01,-1,-1,-0.01,-1,-1,-0.01,-1,-1,-0.01,-1,-1,-0.01,-1,-1
99926009,2026-05-18 12:31:24+05:30,53227.1,0,0.0,0,0.0,0.0,53282.15,53308.4,52783.45,53710.35,0,0.0,0.0,0.0,0.0,-0.01,-1,-1,-0.01,-1,-1,-0.01,-1,-1,-0.01,-1,-1,-0.01,-1,-1,-0.01,-1,-1,-0.01,-1,-1,-0.01,-1,-1,-0.01,-1,-1,-0.01,-1,-1
99926009,2026-05-18 12:31:25+05:30,53228.6,0,0.0,0,0.0,0.0,53282.15,53308.4,52783.45,53710.35,0,0.0,0.0,0.0,0.0,-0.01,-1,-1,-0.01,-1,-1,-0.01,-1,-1,-0.01,-1,-1,-0.01,-1,-1,-0.01,-1,-1,-0.01,-1,-1,-0.01,-1,-1,-0.01,-1,-1,-0.01,-1,-1
99926009,2026-05-18 12:31:25+05:30,53233.3,0,0.0,0,0.0,0.0,53282.15,53308.4,52783.45,53710.35,0,0.0,0.0,0.0,0.0,-0.01,-1,-1,-0.01,-1,-1,-0.01,-1,-1,-0.01,-1,-1,-0.01,-1,-1,-0.01,-1,-1,-0.01,-1,-1,-0.01,-1,-1,-0.01,-1,-1,-0.01,-1,-1
99926009,2026-05-18 12:31:26+05:30,53232.95,0,0.0,0,0.0,0.0,53282.15,53308.4,52783.45,53710.35,0,0.0,0.0,0.0,0.0,-0.01,-1,-1,-0.01,-1,-1,-0.01,-1,-1,-0.01,-1,-1,-0.01,-1,-1,-0.01,-1,-1,-0.01,-1,-1,-0.01,-1,-1,-0.01,-1,-1,-0.01,-1,-1
99926009,2026-05-18 12:31:26+05:30,53229.85,0,0.0,0,0.0,0.0,53282.15,53308.4,52783.45,53710.35,0,0.0,0.0,0.0,0.0,-0.01,-1,-1,-0.01,-1,-1,-0.01,-1,-1,-0.01,-1,-1,-0.01,-1,-1,-0.01,-1,-1,-0.01,-1,-1,-0.01,-1,-1,-0.01,-1,-1,-0.01,-1,-1
99926009,2026-05-18 12:31:27+05:30,53228.9,0,0.0,0,0.0,0.0,53282.15,53308.4,52783.45,53710.35,0,0.0,0.0,0.0,0.0,-0.01,-1,-1,-0.01,-1,-1,-0.01,-1,-1,-0.01,-1,-1,-0.01,-1,-1,-0.01,-1,-1,-0.01,-1,-1,-0.01,-1,-1,-0.01,-1,-1,-0.01,-1,-1
99926009,2026-05-18 12:31:27+05:30,53233.7,0,0.0,0,0.0,0.0,53282.15,53308.4,52783.45,53710.35,0,0.0,0.0,0.0,0.0,-0.01,-1,-1,-0.01,-1,-1,-0.01,-1,-1,-0.01,-1,-1,-0.01,-1,-1,-0.01,-1,-1,-0.01,-1,-1,-0.01,-1,-1,-0.01,-1,-1,-0.01,-1,-1
99926009,2026-05-18 12:31:28+05:30,53230.6,0,0.0,0,0.0,0.0,53282.15,53308.4,52783.45,53710.35,0,0.0,0.0,0.0,0.0,-0.01,-1,-1,-0.01,-1,-1,-0.01,-1,-1,-0.01,-1,-1,-0.01,-1,-1,-0.01,-1,-1,-0.01,-1,-1,-0.01,-1,-1,-0.01,-1,-1,-0.01,-1,-1
99926009,2026-05-18 12:31:28+05:30,53234.05,0,0.0,0,0.0,0.0,53282.15,53308.4,52783.45,53710.35,0,0.0,0.0,0.0,0.0,-0.01,-1,-1,-0.01,-1,-1,-0.01,-1,-1,-0.01,-1,-1,-0.01,-1,-1,-0.01,-1,-1,-0.01,-1,-1,-0.01,-1,-1,-0.01,-1,-1,-0.01,-1,-1
99926009,2026-05-18 12:31:29+05:30,53230.0,0,0.0,0,0.0,0.0,53282.15,53308.4,52783.45,53710.35,0,0.0,0.0,0.0,0.0,-0.01,-1,-1,-0.01,-1,-1,-0.01,-1,-1,-0.01,-1,-1,-0.01,-1,-1,-0.01,-1,-1,-0.01,-1,-1,-0.01,-1,-1,-0.01,-1,-1,-0.01,-1,-1
99926009,2026-05-18 12:31:29+05:30,53228.95,0,0.0,0,0.0,0.0,53282.15,53308.4,52783.45,53710.35,0,0.0,0.0,0.0,0.0,-0.01,-1,-1,-0.01,-1,-1,-0.01,-1,-1,-0.01,-1,-1,-0.01,-1,-1,-0.01,-1,-1,-0.01,-1,-1,-0.01,-1,-1,-0.01,-1,-1,-0.01,-1,-1
99926009,2026-05-18 12:31:30+05:30,53233.6,0,0.0,0,0.0,0.0,53282.15,53308.4,52783.45,53710.35,0,0.0,0.0,0.0,0.0,-0.01,-1,-1,-0.01,-1,-1,-0.01,-1,-1,-0.01,-1,-1,-0.01,-1,-1,-0.01,-1,-1,-0.01,-1,-1,-0.01,-1,-1,-0.01,-1,-1,-0.01,-1,-1
99926009,2026-05-18 12:31:30+05:30,53229.9,0,0.0,0,0.0,0.0,53282.15,53308.4,52783.45,53710.35,0,0.0,0.0,0.0,0.0,-0.01,-1,-1,-0.01,-1,-1,-0.01,-1,-1,-0.01,-1,-1,-0.01,-1,-1,-0.01,-1,-1,-0.01,-1,-1,-0.01,-1,-1,-0.01,-1,-1,-0.01,-1,-1
99926009,2026-05-18 12:31:31+05:30,53234.5,0,0.0,0,0.0,0.0,53282.15,53308.4,52783.45,53710.35,0,0.0,0.0,0.0,0.0,-0.01,-1,-1,-0.01,-1,-1,-0.01,-1,-1,-0.01,-1,-1,-0.01,-1,-1,-0.01,-1,-1,-0.01,-1,-1,-0.01,-1,-1,-0.01,-1,-1,-0.01,-1,-1
99926009,2026-05-18 12:31:31+05:30,53233.2,0,0.0,0,0.0,0.0,53282.15,53308.4,52783.45,53710.35,0,0.0,0.0,0.0,0.0,-0.01,-1,-1,-0.01,-1,-1,-0.01,-1,-1,-0.01,-1,-1,-0.01,-1,-1,-0.01,-1,-1,-0.01,-1,-1,-0.01,-1,-1,-0.01,-1,-1,-0.01,-1,-1
99926009,2026-05-18 12:31:32+05:30,53232.75,0,0.0,0,0.0,0.0,53282.15,53308.4,52783.45,53710.35,0,0.0,0.0,0.0,0.0,-0.01,-1,-1,-0.01,-1,-1,-0.01,-1,-1,-0.01,-1,-1,-0.01,-1,-1,-0.01,-1,-1,-0.01,-1,-1,-0.01,-1,-1,-0.01,-1,-1,-0.01,-1,-1
99926009,2026-05-18 12:31:32+05:30,53235.7,0,0.0,0,0.0,0.0,53282.15,53308.4,52783.45,53710.35,0,0.0,0.0,0.0,0.0,-0.01,-1,-1,-0.01,-1,-1,-0.01,-1,-1,-0.01,-1,-1,-0.01,-1,-1,-0.01,-1,-1,-0.01,-1,-1,-0.01,-1,-1,-0.01,-1,-1,-0.01,-1,-1
99926009,2026-05-18 12:31:33+05:30,53230.35,0,0.0,0,0.0,0.0,53282.15,53308.4,52783.45,53710.35,0,0.0,0.0,0.0,0.0,-0.01,-1,-1,-0.01,-1,-1,-0.01,-1,-1,-0.01,-1,-1,-0.01,-1,-1,-0.01,-1,-1,-0.01,-1,-1,-0.01,-1,-1,-0.01,-1,-1,-0.01,-1,-1
99926009,2026-05-18 12:31:33+05:30,53231.0,0,0.0,0,0.0,0.0,53282.15,53308.4,52783.45,53710.35,0,0.0,0.0,0.0,0.0,-0.01,-1,-1,-0.01,-1,-1,-0.01,-1,-1,-0.01,-1,-1,-0.01,-1,-1,-0.01,-1,-1,-0.01,-1,-1,-0.01,-1,-1,-0.01,-1,-1,-0.01,-1,-1
99926009,2026-05-18 12:31:34+05:30,53238.05,0,0.0,0,0.0,0.0,53282.15,53308.4,52783.45,53710.35,0,0.0,0.0,0.0,0.0,-0.01,-1,-1,-0.01,-1,-1,-0.01,-1,-1,-0.01,-1,-1,-0.01,-1,-1,-0.01,-1,-1,-0.01,-1,-1,-0.01,-1,-1,-0.01,-1,-1,-0.01,-1,-1
99926009,2026-05-18 12:31:34+05:30,53232.25,0,0.0,0,0.0,0.0,53282.15,53308.4,52783.45,53710.35,0,0.0,0.0,0.0,0.0,-0.01,-1,-1,-0.01,-1,-1,-0.01,-1,-1,-0.01,-1,-1,-0.01,-1,-1,-0.01,-1,-1,-0.01,-1,-1,-0.01,-1,-1,-0.01,-1,-1,-0.01,-1,-1
99926009,2026-05-18 12:31:35+05:30,53231.75,0,0.0,0,0.0,0.0,53282.15,53308.4,52783.45,53710.35,0,0.0,0.0,0.0,0.0,-0.01,-1,-1,-0.01,-1,-1,-0.01,-1,-1,-0.01,-1,-1,-0.01,-1,-1,-0.01,-1,-1,-0.01,-1,-1,-0.01,-1,-1,-0.01,-1,-1,-0.01,-1,-1
99926009,2026-05-18 12:31:35+05:30,53234.45,0,0.0,0,0.0,0.0,53282.15,53308.4,52783.45,53710.35,0,0.0,0.0,0.0,0.0,-0.01,-1,-1,-0.01,-1,-1,-0.01,-1,-1,-0.01,-1,-1,-0.01,-1,-1,-0.01,-1,-1,-0.01,-1,-1,-0.01,-1,-1,-0.01,-1,-1,-0.01,-1,-1
99926009,2026-05-18 12:31:36+05:30,53235.25,0,0.0,0,0.0,0.0,53282.15,53308.4,52783.45,53710.35,0,0.0,0.0,0.0,0.0,-0.01,-1,-1,-0.01,-1,-1,-0.01,-1,-1,-0.01,-1,-1,-0.01,-1,-1,-0.01,-1,-1,-0.01,-1,-1,-0.01,-1,-1,-0.01,-1,-1,-0.01,-1,-1
99926009,2026-05-18 12:31:36+05:30,53231.95,0,0.0,0,0.0,0.0,53282.15,53308.4,52783.45,53710.35,0,0.0,0.0,0.0,0.0,-0.01,-1,-1,-0.01,-1,-1,-0.01,-1,-1,-0.01,-1,-1,-0.01,-1,-1,-0.01,-1,-1,-0.01,-1,-1,-0.01,-1,-1,-0.01,-1,-1,-0.01,-1,-1
99926009,2026-05-18 12:31:37+05:30,53233.95,0,0.0,0,0.0,0.0,53282.15,53308.4,52783.45,53710.35,0,0.0,0.0,0.0,0.0,-0.01,-1,-1,-0.01,-1,-1,-0.01,-1,-1,-0.01,-1,-1,-0.01,-1,-1,-0.01,-1,-1,-0.01,-1,-1,-0.01,-1,-1,-0.01,-1,-1,-0.01,-1,-1
99926009,2026-05-18 12:31:37+05:30,53234.1,0,0.0,0,0.0,0.0,53282.15,53308.4,52783.45,53710.35,0,0.0,0.0,0.0,0.0,-0.01,-1,-1,-0.01,-1,-1,-0.01,-1,-1,-0.01,-1,-1,-0.01,-1,-1,-0.01,-1,-1,-0.01,-1,-1,-0.01,-1,-1,-0.01,-1,-1,-0.01,-1,-1
99926009,2026-05-18 12:31:38+05:30,53234.55,0,0.0,0,0.0,0.0,53282.15,53308.4,52783.45,53710.35,0,0.0,0.0,0.0,0.0,-0.01,-1,-1,-0.01,-1,-1,-0.01,-1,-1,-0.01,-1,-1,-0.01,-1,-1,-0.01,-1,-1,-0.01,-1,-1,-0.01,-1,-1,-0.01,-1,-1,-0.01,-1,-1
99926009,2026-05-18 12:31:38+05:30,53233.7,0,0.0,0,0.0,0.0,53282.15,53308.4,52783.45,53710.35,0,0.0,0.0,0.0,0.0,-0.01,-1,-1,-0.01,-1,-1,-0.01,-1,-1,-0.01,-1,-1,-0.01,-1,-1,-0.01,-1,-1,-0.01,-1,-1,-0.01,-1,-1,-0.01,-1,-1,-0.01,-1,-1
99926009,2026-05-18 12:31:39+05:30,53233.65,0,0.0,0,0.0,0.0,53282.15,53308.4,52783.45,53710.35,0,0.0,0.0,0.0,0.0,-0.01,-1,-1,-0.01,-1,-1,-0.01,-1,-1,-0.01,-1,-1,-0.01,-1,-1,-0.01,-1,-1,-0.01,-1,-1,-0.01,-1,-1,-0.01,-1,-1,-0.01,-1,-1
99926009,2026-05-18 12:31:39+05:30,53232.4,0,0.0,0,0.0,0.0,53282.15,53308.4,52783.45,53710.35,0,0.0,0.0,0.0,0.0,-0.01,-1,-1,-0.01,-1,-1,-0.01,-1,-1,-0.01,-1,-1,-0.01,-1,-1,-0.01,-1,-1,-0.01,-1,-1,-0.01,-1,-1,-0.01,-1,-1,-0.01,-1,-1
99926009,2026-05-18 12:31:40+05:30,53229.2,0,0.0,0,0.0,0.0,53282.15,53308.4,52783.45,53710.35,0,0.0,0.0,0.0,0.0,-0.01,-1,-1,-0.01,-1,-1,-0.01,-1,-1,-0.01,-1,-1,-0.01,-1,-1,-0.01,-1,-1,-0.01,-1,-1,-0.01,-1,-1,-0.01,-1,-1,-0.01,-1,-1
99926009,2026-05-18 12:31:40+05:30,53226.95,0,0.0,0,0.0,0.0,53282.15,53308.4,52783.45,53710.35,0,0.0,0.0,0.0,0.0,-0.01,-1,-1,-0.01,-1,-1,-0.01,-1,-1,-0.01,-1,-1,-0.01,-1,-1,-0.01,-1,-1,-0.01,-1,-1,-0.01,-1,-1,-0.01,-1,-1,-0.01,-1,-1
99926009,2026-05-18 12:31:41+05:30,53222.5,0,0.0,0,0.0,0.0,53282.15,53308.4,52783.45,53710.35,0,0.0,0.0,0.0,0.0,-0.01,-1,-1,-0.01,-1,-1,-0.01,-1,-1,-0.01,-1,-1,-0.01,-1,-1,-0.01,-1,-1,-0.01,-1,-1,-0.01,-1,-1,-0.01,-1,-1,-0.01,-1,-1
99926009,2026-05-18 12:31:41+05:30,53224.25,0,0.0,0,0.0,0.0,53282.15,53308.4,52783.45,53710.35,0,0.0,0.0,0.0,0.0,-0.01,-1,-1,-0.01,-1,-1,-0.01,-1,-1,-0.01,-1,-1,-0.01,-1,-1,-0.01,-1,-1,-0.01,-1,-1,-0.01,-1,-1,-0.01,-1,-1,-0.01,-1,-1
99926009,2026-05-18 12:31:42+05:30,53225.35,0,0.0,0,0.0,0.0,53282.15,53308.4,52783.45,53710.35,0,0.0,0.0,0.0,0.0,-0.01,-1,-1,-0.01,-1,-1,-0.01,-1,-1,-0.01,-1,-1,-0.01,-1,-1,-0.01,-1,-1,-0.01,-1,-1,-0.01,-1,-1,-0.01,-1,-1,-0.01,-1,-1
99926009,2026-05-18 12:31:42+05:30,53226.4,0,0.0,0,0.0,0.0,53282.15,53308.4,52783.45,53710.35,0,0.0,0.0,0.0,0.0,-0.01,-1,-1,-0.01,-1,-1,-0.01,-1,-1,-0.01,-1,-1,-0.01,-1,-1,-0.01,-1,-1,-0.01,-1,-1,-0.01,-1,-1,-0.01,-1,-1,-0.01,-1,-1
99926009,2026-05-18 12:31:43+05:30,53225.65,0,0.0,0,0.0,0.0,53282.15,53308.4,52783.45,53710.35,0,0.0,0.0,0.0,0.0,-0.01,-1,-1,-0.01,-1,-1,-0.01,-1,-1,-0.01,-1,-1,-0.01,-1,-1,-0.01,-1,-1,-0.01,-1,-1,-0.01,-1,-1,-0.01,-1,-1,-0.01,-1,-1
99926009,2026-05-18 12:31:43+05:30,53225.45,0,0.0,0,0.0,0.0,53282.15,53308.4,52783.45,53710.35,0,0.0,0.0,0.0,0.0,-0.01,-1,-1,-0.01,-1,-1,-0.01,-1,-1,-0.01,-1,-1,-0.01,-1,-1,-0.01,-1,-1,-0.01,-1,-1,-0.01,-1,-1,-0.01,-1,-1,-0.01,-1,-1
99926009,2026-05-18 12:31:44+05:30,53221.55,0,0.0,0,0.0,0.0,53282.15,53308.4,52783.45,53710.35,0,0.0,0.0,0.0,0.0,-0.01,-1,-1,-0.01,-1,-1,-0.01,-1,-1,-0.01,-1,-1,-0.01,-1,-1,-0.01,-1,-1,-0.01,-1,-1,-0.01,-1,-1,-0.01,-1,-1,-0.01,-1,-1
99926009,2026-05-18 12:31:44+05:30,53222.35,0,0.0,0,0.0,0.0,53282.15,53308.4,52783.45,53710.35,0,0.0,0.0,0.0,0.0,-0.01,-1,-1,-0.01,-1,-1,-0.01,-1,-1,-0.01,-1,-1,-0.01,-1,-1,-0.01,-1,-1,-0.01,-1,-1,-0.01,-1,-1,-0.01,-1,-1,-0.01,-1,-1
99926009,2026-05-18 12:31:45+05:30,53223.85,0,0.0,0,0.0,0.0,53282.15,53308.4,52783.45,53710.35,0,0.0,0.0,0.0,0.0,-0.01,-1,-1,-0.01,-1,-1,-0.01,-1,-1,-0.01,-1,-1,-0.01,-1,-1,-0.01,-1,-1,-0.01,-1,-1,-0.01,-1,-1,-0.01,-1,-1,-0.01,-1,-1
99926009,2026-05-18 12:31:45+05:30,53223.35,0,0.0,0,0.0,0.0,53282.15,53308.4,52783.45,53710.35,0,0.0,0.0,0.0,0.0,-0.01,-1,-1,-0.01,-1,-1,-0.01,-1,-1,-0.01,-1,-1,-0.01,-1,-1,-0.01,-1,-1,-0.01,-1,-1,-0.01,-1,-1,-0.01,-1,-1,-0.01,-1,-1
99926009,2026-05-18 12:31:46+05:30,53223.15,0,0.0,0,0.0,0.0,53282.15,53308.4,52783.45,53710.35,0,0.0,0.0,0.0,0.0,-0.01,-1,-1,-0.01,-1,-1,-0.01,-1,-1,-0.01,-1,-1,-0.01,-1,-1,-0.01,-1,-1,-0.01,-1,-1,-0.01,-1,-1,-0.01,-1,-1,-0.01,-1,-1
99926009,2026-05-18 12:31:46+05:30,53217.5,0,0.0,0,0.0,0.0,53282.15,53308.4,52783.45,53710.35,0,0.0,0.0,0.0,0.0,-0.01,-1,-1,-0.01,-1,-1,-0.01,-1,-1,-0.01,-1,-1,-0.01,-1,-1,-0.01,-1,-1,-0.01,-1,-1,-0.01,-1,-1,-0.01,-1,-1,-0.01,-1,-1
99926009,2026-05-18 12:31:47+05:30,53219.45,0,0.0,0,0.0,0.0,53282.15,53308.4,52783.45,53710.35,0,0.0,0.0,0.0,0.0,-0.01,-1,-1,-0.01,-1,-1,-0.01,-1,-1,-0.01,-1,-1,-0.01,-1,-1,-0.01,-1,-1,-0.01,-1,-1,-0.01,-1,-1,-0.01,-1,-1,-0.01,-1,-1
99926009,2026-05-18 12:31:47+05:30,53220.85,0,0.0,0,0.0,0.0,53282.15,53308.4,52783.45,53710.35,0,0.0,0.0,0.0,0.0,-0.01,-1,-1,-0.01,-1,-1,-0.01,-1,-1,-0.01,-1,-1,-0.01,-1,-1,-0.01,-1,-1,-0.01,-1,-1,-0.01,-1,-1,-0.01,-1,-1,-0.01,-1,-1
99926009,2026-05-18 12:31:48+05:30,53220.95,0,0.0,0,0.0,0.0,53282.15,53308.4,52783.45,53710.35,0,0.0,0.0,0.0,0.0,-0.01,-1,-1,-0.01,-1,-1,-0.01,-1,-1,-0.01,-1,-1,-0.01,-1,-1,-0.01,-1,-1,-0.01,-1,-1,-0.01,-1,-1,-0.01,-1,-1,-0.01,-1,-1
99926009,2026-05-18 12:31:48+05:30,53223.0,0,0.0,0,0.0,0.0,53282.15,53308.4,52783.45,53710.35,0,0.0,0.0,0.0,0.0,-0.01,-1,-1,-0.01,-1,-1,-0.01,-1,-1,-0.01,-1,-1,-0.01,-1,-1,-0.01,-1,-1,-0.01,-1,-1,-0.01,-1,-1,-0.01,-1,-1,-0.01,-1,-1
99926009,2026-05-18 12:31:49+05:30,53224.45,0,0.0,0,0.0,0.0,53282.15,53308.4,52783.45,53710.35,0,0.0,0.0,0.0,0.0,-0.01,-1,-1,-0.01,-1,-1,-0.01,-1,-1,-0.01,-1,-1,-0.01,-1,-1,-0.01,-1,-1,-0.01,-1,-1,-0.01,-1,-1,-0.01,-1,-1,-0.01,-1,-1
99926009,2026-05-18 12:31:49+05:30,53225.65,0,0.0,0,0.0,0.0,53282.15,53308.4,52783.45,53710.35,0,0.0,0.0,0.0,0.0,-0.01,-1,-1,-0.01,-1,-1,-0.01,-1,-1,-0.01,-1,-1,-0.01,-1,-1,-0.01,-1,-1,-0.01,-1,-1,-0.01,-1,-1,-0.01,-1,-1,-0.01,-1,-1
99926009,2026-05-18 12:31:50+05:30,53225.0,0,0.0,0,0.0,0.0,53282.15,53308.4,52783.45,53710.35,0,0.0,0.0,0.0,0.0,-0.01,-1,-1,-0.01,-1,-1,-0.01,-1,-1,-0.01,-1,-1,-0.01,-1,-1,-0.01,-1,-1,-0.01,-1,-1,-0.01,-1,-1,-0.01,-1,-1,-0.01,-1,-1
99926009,2026-05-18 12:31:50+05:30,53223.25,0,0.0,0,0.0,0.0,53282.15,53308.4,52783.45,53710.35,0,0.0,0.0,0.0,0.0,-0.01,-1,-1,-0.01,-1,-1,-0.01,-1,-1,-0.01,-1,-1,-0.01,-1,-1,-0.01,-1,-1,-0.01,-1,-1,-0.01,-1,-1,-0.01,-1,-1,-0.01,-1,-1
99926009,2026-05-18 12:31:51+05:30,53224.05,0,0.0,0,0.0,0.0,53282.15,53308.4,52783.45,53710.35,0,0.0,0.0,0.0,0.0,-0.01,-1,-1,-0.01,-1,-1,-0.01,-1,-1,-0.01,-1,-1,-0.01,-1,-1,-0.01,-1,-1,-0.01,-1,-1,-0.01,-1,-1,-0.01,-1,-1,-0.01,-1,-1
99926009,2026-05-18 12:31:51+05:30,53222.2,0,0.0,0,0.0,0.0,53282.15,53308.4,52783.45,53710.35,0,0.0,0.0,0.0,0.0,-0.01,-1,-1,-0.01,-1,-1,-0.01,-1,-1,-0.01,-1,-1,-0.01,-1,-1,-0.01,-1,-1,-0.01,-1,-1,-0.01,-1,-1,-0.01,-1,-1,-0.01,-1,-1
99926009,2026-05-18 12:31:52+05:30,53219.75,0,0.0,0,0.0,0.0,53282.15,53308.4,52783.45,53710.35,0,0.0,0.0,0.0,0.0,-0.01,-1,-1,-0.01,-1,-1,-0.01,-1,-1,-0.01,-1,-1,-0.01,-1,-1,-0.01,-1,-1,-0.01,-1,-1,-0.01,-1,-1,-0.01,-1,-1,-0.01,-1,-1
99926009,2026-05-18 12:31:52+05:30,53219.75,0,0.0,0,0.0,0.0,53282.15,53308.4,52783.45,53710.35,0,0.0,0.0,0.0,0.0,-0.01,-1,-1,-0.01,-1,-1,-0.01,-1,-1,-0.01,-1,-1,-0.01,-1,-1,-0.01,-1,-1,-0.01,-1,-1,-0.01,-1,-1,-0.01,-1,-1,-0.01,-1,-1
99926009,2026-05-18 12:31:53+05:30,53221.9,0,0.0,0,0.0,0.0,53282.15,53308.4,52783.45,53710.35,0,0.0,0.0,0.0,0.0,-0.01,-1,-1,-0.01,-1,-1,-0.01,-1,-1,-0.01,-1,-1,-0.01,-1,-1,-0.01,-1,-1,-0.01,-1,-1,-0.01,-1,-1,-0.01,-1,-1,-0.01,-1,-1
99926009,2026-05-18 12:31:53+05:30,53222.65,0,0.0,0,0.0,0.0,53282.15,53308.4,52783.45,53710.35,0,0.0,0.0,0.0,0.0,-0.01,-1,-1,-0.01,-1,-1,-0.01,-1,-1,-0.01,-1,-1,-0.01,-1,-1,-0.01,-1,-1,-0.01,-1,-1,-0.01,-1,-1,-0.01,-1,-1,-0.01,-1,-1
99926009,2026-05-18 12:31:54+05:30,53220.8,0,0.0,0,0.0,0.0,53282.15,53308.4,52783.45,53710.35,0,0.0,0.0,0.0,0.0,-0.01,-1,-1,-0.01,-1,-1,-0.01,-1,-1,-0.01,-1,-1,-0.01,-1,-1,-0.01,-1,-1,-0.01,-1,-1,-0.01,-1,-1,-0.01,-1,-1,-0.01,-1,-1
99926009,2026-05-18 12:31:54+05:30,53223.5,0,0.0,0,0.0,0.0,53282.15,53308.4,52783.45,53710.35,0,0.0,0.0,0.0,0.0,-0.01,-1,-1,-0.01,-1,-1,-0.01,-1,-1,-0.01,-1,-1,-0.01,-1,-1,-0.01,-1,-1,-0.01,-1,-1,-0.01,-1,-1,-0.01,-1,-1,-0.01,-1,-1
99926009,2026-05-18 12:31:55+05:30,53225.85,0,0.0,0,0.0,0.0,53282.15,53308.4,52783.45,53710.35,0,0.0,0.0,0.0,0.0,-0.01,-1,-1,-0.01,-1,-1,-0.01,-1,-1,-0.01,-1,-1,-0.01,-1,-1,-0.01,-1,-1,-0.01,-1,-1,-0.01,-1,-1,-0.01,-1,-1,-0.01,-1,-1
99926009,2026-05-18 12:31:55+05:30,53223.1,0,0.0,0,0.0,0.0,53282.15,53308.4,52783.45,53710.35,0,0.0,0.0,0.0,0.0,-0.01,-1,-1,-0.01,-1,-1,-0.01,-1,-1,-0.01,-1,-1,-0.01,-1,-1,-0.01,-1,-1,-0.01,-1,-1,-0.01,-1,-1,-0.01,-1,-1,-0.01,-1,-1
99926009,2026-05-18 12:31:56+05:30,53225.4,0,0.0,0,0.0,0.0,53282.15,53308.4,52783.45,53710.35,0,0.0,0.0,0.0,0.0,-0.01,-1,-1,-0.01,-1,-1,-0.01,-1,-1,-0.01,-1,-1,-0.01,-1,-1,-0.01,-1,-1,-0.01,-1,-1,-0.01,-1,-1,-0.01,-1,-1,-0.01,-1,-1
99926009,2026-05-18 12:31:56+05:30,53224.3,0,0.0,0,0.0,0.0,53282.15,53308.4,52783.45,53710.35,0,0.0,0.0,0.0,0.0,-0.01,-1,-1,-0.01,-1,-1,-0.01,-1,-1,-0.01,-1,-1,-0.01,-1,-1,-0.01,-1,-1,-0.01,-1,-1,-0.01,-1,-1,-0.01,-1,-1,-0.01,-1,-1
99926009,2026-05-18 12:31:57+05:30,53222.7,0,0.0,0,0.0,0.0,53282.15,53308.4,52783.45,53710.35,0,0.0,0.0,0.0,0.0,-0.01,-1,-1,-0.01,-1,-1,-0.01,-1,-1,-0.01,-1,-1,-0.01,-1,-1,-0.01,-1,-1,-0.01,-1,-1,-0.01,-1,-1,-0.01,-1,-1,-0.01,-1,-1
99926009,2026-05-18 12:31:57+05:30,53223.5,0,0.0,0,0.0,0.0,53282.15,53308.4,52783.45,53710.35,0,0.0,0.0,0.0,0.0,-0.01,-1,-1,-0.01,-1,-1,-0.01,-1,-1,-0.01,-1,-1,-0.01,-1,-1,-0.01,-1,-1,-0.01,-1,-1,-0.01,-1,-1,-0.01,-1,-1,-0.01,-1,-1
99926009,2026-05-18 12:31:58+05:30,53224.25,0,0.0,0,0.0,0.0,53282.15,53308.4,52783.45,53710.35,0,0.0,0.0,0.0,0.0,-0.01,-1,-1,-0.01,-1,-1,-0.01,-1,-1,-0.01,-1,-1,-0.01,-1,-1,-0.01,-1,-1,-0.01,-1,-1,-0.01,-1,-1,-0.01,-1,-1,-0.01,-1,-1
99926009,2026-05-18 12:31:58+05:30,53221.95,0,0.0,0,0.0,0.0,53282.15,53308.4,52783.45,53710.35,0,0.0,0.0,0.0,0.0,-0.01,-1,-1,-0.01,-1,-1,-0.01,-1,-1,-0.01,-1,-1,-0.01,-1,-1,-0.01,-1,-1,-0.01,-1,-1,-0.01,-1,-1,-0.01,-1,-1,-0.01,-1,-1
99926009,2026-05-18 12:31:59+05:30,53221.65,0,0.0,0,0.0,0.0,53282.15,53308.4,52783.45,53710.35,0,0.0,0.0,0.0,0.0,-0.01,-1,-1,-0.01,-1,-1,-0.01,-1,-1,-0.01,-1,-1,-0.01,-1,-1,-0.01,-1,-1,-0.01,-1,-1,-0.01,-1,-1,-0.01,-1,-1,-0.01,-1,-1
99926009,2026-05-18 12:31:59+05:30,53220.0,0,0.0,0,0.0,0.0,53282.15,53308.4,52783.45,53710.35,0,0.0,0.0,0.0,0.0,-0.01,-1,-1,-0.01,-1,-1,-0.01,-1,-1,-0.01,-1,-1,-0.01,-1,-1,-0.01,-1,-1,-0.01,-1,-1,-0.01,-1,-1,-0.01,-1,-1,-0.01,-1,-1
99926009,2026-05-18 12:32:00+05:30,53221.2,0,0.0,0,0.0,0.0,53282.15,53308.4,52783.45,53710.35,0,0.0,0.0,0.0,0.0,-0.01,-1,-1,-0.01,-1,-1,-0.01,-1,-1,-0.01,-1,-1,-0.01,-1,-1,-0.01,-1,-1,-0.01,-1,-1,-0.01,-1,-1,-0.01,-1,-1,-0.01,-1,-1
99926009,2026-05-18 12:32:00+05:30,53220.6,0,0.0,0,0.0,0.0,53282.15,53308.4,52783.45,53710.35,0,0.0,0.0,0.0,0.0,-0.01,-1,-1,-0.01,-1,-1,-0.01,-1,-1,-0.01,-1,-1,-0.01,-1,-1,-0.01,-1,-1,-0.01,-1,-1,-0.01,-1,-1,-0.01,-1,-1,-0.01,-1,-1
99926009,2026-05-18 12:32:01+05:30,53218.35,0,0.0,0,0.0,0.0,53282.15,53308.4,52783.45,53710.35,0,0.0,0.0,0.0,0.0,-0.01,-1,-1,-0.01,-1,-1,-0.01,-1,-1,-0.01,-1,-1,-0.01,-1,-1,-0.01,-1,-1,-0.01,-1,-1,-0.01,-1,-1,-0.01,-1,-1,-0.01,-1,-1
99926009,2026-05-18 12:32:01+05:30,53218.4,0,0.0,0,0.0,0.0,53282.15,53308.4,52783.45,53710.35,0,0.0,0.0,0.0,0.0,-0.01,-1,-1,-0.01,-1,-1,-0.01,-1,-1,-0.01,-1,-1,-0.01,-1,-1,-0.01,-1,-1,-0.01,-1,-1,-0.01,-1,-1,-0.01,-1,-1,-0.01,-1,-1
99926009,2026-05-18 12:32:02+05:30,53219.65,0,0.0,0,0.0,0.0,53282.15,53308.4,52783.45,53710.35,0,0.0,0.0,0.0,0.0,-0.01,-1,-1,-0.01,-1,-1,-0.01,-1,-1,-0.01,-1,-1,-0.01,-1,-1,-0.01,-1,-1,-0.01,-1,-1,-0.01,-1,-1,-0.01,-1,-1,-0.01,-1,-1
99926009,2026-05-18 12:32:02+05:30,53219.4,0,0.0,0,0.0,0.0,53282.15,53308.4,52783.45,53710.35,0,0.0,0.0,0.0,0.0,-0.01,-1,-1,-0.01,-1,-1,-0.01,-1,-1,-0.01,-1,-1,-0.01,-1,-1,-0.01,-1,-1,-0.01,-1,-1,-0.01,-1,-1,-0.01,-1,-1,-0.01,-1,-1
99926009,2026-05-18 12:32:03+05:30,53213.85,0,0.0,0,0.0,0.0,53282.15,53308.4,52783.45,53710.35,0,0.0,0.0,0.0,0.0,-0.01,-1,-1,-0.01,-1,-1,-0.01,-1,-1,-0.01,-1,-1,-0.01,-1,-1,-0.01,-1,-1,-0.01,-1,-1,-0.01,-1,-1,-0.01,-1,-1,-0.01,-1,-1
99926009,2026-05-18 12:32:03+05:30,53212.55,0,0.0,0,0.0,0.0,53282.15,53308.4,52783.45,53710.35,0,0.0,0.0,0.0,0.0,-0.01,-1,-1,-0.01,-1,-1,-0.01,-1,-1,-0.01,-1,-1,-0.01,-1,-1,-0.01,-1,-1,-0.01,-1,-1,-0.01,-1,-1,-0.01,-1,-1,-0.01,-1,-1
99926009,2026-05-18 12:32:04+05:30,53211.4,0,0.0,0,0.0,0.0,53282.15,53308.4,52783.45,53710.35,0,0.0,0.0,0.0,0.0,-0.01,-1,-1,-0.01,-1,-1,-0.01,-1,-1,-0.01,-1,-1,-0.01,-1,-1,-0.01,-1,-1,-0.01,-1,-1,-0.01,-1,-1,-0.01,-1,-1,-0.01,-1,-1
99926009,2026-05-18 12:32:04+05:30,53213.6,0,0.0,0,0.0,0.0,53282.15,53308.4,52783.45,53710.35,0,0.0,0.0,0.0,0.0,-0.01,-1,-1,-0.01,-1,-1,-0.01,-1,-1,-0.01,-1,-1,-0.01,-1,-1,-0.01,-1,-1,-0.01,-1,-1,-0.01,-1,-1,-0.01,-1,-1,-0.01,-1,-1
99926009,2026-05-18 12:32:05+05:30,53216.0,0,0.0,0,0.0,0.0,53282.15,53308.4,52783.45,53710.35,0,0.0,0.0,0.0,0.0,-0.01,-1,-1,-0.01,-1,-1,-0.01,-1,-1,-0.01,-1,-1,-0.01,-1,-1,-0.01,-1,-1,-0.01,-1,-1,-0.01,-1,-1,-0.01,-1,-1,-0.01,-1,-1
99926009,2026-05-18 12:32:05+05:30,53216.55,0,0.0,0,0.0,0.0,53282.15,53308.4,52783.45,53710.35,0,0.0,0.0,0.0,0.0,-0.01,-1,-1,-0.01,-1,-1,-0.01,-1,-1,-0.01,-1,-1,-0.01,-1,-1,-0.01,-1,-1,-0.01,-1,-1,-0.01,-1,-1,-0.01,-1,-1,-0.01,-1,-1
99926009,2026-05-18 12:32:06+05:30,53220.65,0,0.0,0,0.0,0.0,53282.15,53308.4,52783.45,53710.35,0,0.0,0.0,0.0,0.0,-0.01,-1,-1,-0.01,-1,-1,-0.01,-1,-1,-0.01,-1,-1,-0.01,-1,-1,-0.01,-1,-1,-0.01,-1,-1,-0.01,-1,-1,-0.01,-1,-1,-0.01,-1,-1
99926009,2026-05-18 12:32:06+05:30,53220.95,0,0.0,0,0.0,0.0,53282.15,53308.4,52783.45,53710.35,0,0.0,0.0,0.0,0.0,-0.01,-1,-1,-0.01,-1,-1,-0.01,-1,-1,-0.01,-1,-1,-0.01,-1,-1,-0.01,-1,-1,-0.01,-1,-1,-0.01,-1,-1,-0.01,-1,-1,-0.01,-1,-1
99926009,2026-05-18 12:32:07+05:30,53221.7,0,0.0,0,0.0,0.0,53282.15,53308.4,52783.45,53710.35,0,0.0,0.0,0.0,0.0,-0.01,-1,-1,-0.01,-1,-1,-0.01,-1,-1,-0.01,-1,-1,-0.01,-1,-1,-0.01,-1,-1,-0.01,-1,-1,-0.01,-1,-1,-0.01,-1,-1,-0.01,-1,-1
99926009,2026-05-18 12:32:07+05:30,53221.45,0,0.0,0,0.0,0.0,53282.15,53308.4,52783.45,53710.35,0,0.0,0.0,0.0,0.0,-0.01,-1,-1,-0.01,-1,-1,-0.01,-1,-1,-0.01,-1,-1,-0.01,-1,-1,-0.01,-1,-1,-0.01,-1,-1,-0.01,-1,-1,-0.01,-1,-1,-0.01,-1,-1
99926009,2026-05-18 12:32:08+05:30,53220.05,0,0.0,0,0.0,0.0,53282.15,53308.4,52783.45,53710.35,0,0.0,0.0,0.0,0.0,-0.01,-1,-1,-0.01,-1,-1,-0.01,-1,-1,-0.01,-1,-1,-0.01,-1,-1,-0.01,-1,-1,-0.01,-1,-1,-0.01,-1,-1,-0.01,-1,-1,-0.01,-1,-1
99926009,2026-05-18 12:32:08+05:30,53218.2,0,0.0,0,0.0,0.0,53282.15,53308.4,52783.45,53710.35,0,0.0,0.0,0.0,0.0,-0.01,-1,-1,-0.01,-1,-1,-0.01,-1,-1,-0.01,-1,-1,-0.01,-1,-1,-0.01,-1,-1,-0.01,-1,-1,-0.01,-1,-1,-0.01,-1,-1,-0.01,-1,-1
99926009,2026-05-18 12:32:09+05:30,53217.6,0,0.0,0,0.0,0.0,53282.15,53308.4,52783.45,53710.35,0,0.0,0.0,0.0,0.0,-0.01,-1,-1,-0.01,-1,-1,-0.01,-1,-1,-0.01,-1,-1,-0.01,-1,-1,-0.01,-1,-1,-0.01,-1,-1,-0.01,-1,-1,-0.01,-1,-1,-0.01,-1,-1
99926009,2026-05-18 12:32:09+05:30,53220.15,0,0.0,0,0.0,0.0,53282.15,53308.4,52783.45,53710.35,0,0.0,0.0,0.0,0.0,-0.01,-1,-1,-0.01,-1,-1,-0.01,-1,-1,-0.01,-1,-1,-0.01,-1,-1,-0.01,-1,-1,-0.01,-1,-1,-0.01,-1,-1,-0.01,-1,-1,-0.01,-1,-1
99926009,2026-05-18 12:32:10+05:30,53217.1,0,0.0,0,0.0,0.0,53282.15,53308.4,52783.45,53710.35,0,0.0,0.0,0.0,0.0,-0.01,-1,-1,-0.01,-1,-1,-0.01,-1,-1,-0.01,-1,-1,-0.01,-1,-1,-0.01,-1,-1,-0.01,-1,-1,-0.01,-1,-1,-0.01,-1,-1,-0.01,-1,-1
99926009,2026-05-18 12:32:10+05:30,53219.9,0,0.0,0,0.0,0.0,53282.15,53308.4,52783.45,53710.35,0,0.0,0.0,0.0,0.0,-0.01,-1,-1,-0.01,-1,-1,-0.01,-1,-1,-0.01,-1,-1,-0.01,-1,-1,-0.01,-1,-1,-0.01,-1,-1,-0.01,-1,-1,-0.01,-1,-1,-0.01,-1,-1
99926009,2026-05-18 12:32:11+05:30,53219.7,0,0.0,0,0.0,0.0,53282.15,53308.4,52783.45,53710.35,0,0.0,0.0,0.0,0.0,-0.01,-1,-1,-0.01,-1,-1,-0.01,-1,-1,-0.01,-1,-1,-0.01,-1,-1,-0.01,-1,-1,-0.01,-1,-1,-0.01,-1,-1,-0.01,-1,-1,-0.01,-1,-1
99926009,2026-05-18 12:32:11+05:30,53217.3,0,0.0,0,0.0,0.0,53282.15,53308.4,52783.45,53710.35,0,0.0,0.0,0.0,0.0,-0.01,-1,-1,-0.01,-1,-1,-0.01,-1,-1,-0.01,-1,-1,-0.01,-1,-1,-0.01,-1,-1,-0.01,-1,-1,-0.01,-1,-1,-0.01,-1,-1,-0.01,-1,-1
99926009,2026-05-18 12:32:12+05:30,53217.8,0,0.0,0,0.0,0.0,53282.15,53308.4,52783.45,53710.35,0,0.0,0.0,0.0,0.0,-0.01,-1,-1,-0.01,-1,-1,-0.01,-1,-1,-0.01,-1,-1,-0.01,-1,-1,-0.01,-1,-1,-0.01,-1,-1,-0.01,-1,-1,-0.01,-1,-1,-0.01,-1,-1
99926009,2026-05-18 12:32:12+05:30,53219.85,0,0.0,0,0.0,0.0,53282.15,53308.4,52783.45,53710.35,0,0.0,0.0,0.0,0.0,-0.01,-1,-1,-0.01,-1,-1,-0.01,-1,-1,-0.01,-1,-1,-0.01,-1,-1,-0.01,-1,-1,-0.01,-1,-1,-0.01,-1,-1,-0.01,-1,-1,-0.01,-1,-1
99926009,2026-05-18 12:32:13+05:30,53219.75,0,0.0,0,0.0,0.0,53282.15,53308.4,52783.45,53710.35,0,0.0,0.0,0.0,0.0,-0.01,-1,-1,-0.01,-1,-1,-0.01,-1,-1,-0.01,-1,-1,-0.01,-1,-1,-0.01,-1,-1,-0.01,-1,-1,-0.01,-1,-1,-0.01,-1,-1,-0.01,-1,-1
99926009,2026-05-18 12:32:13+05:30,53219.3,0,0.0,0,0.0,0.0,53282.15,53308.4,52783.45,53710.35,0,0.0,0.0,0.0,0.0,-0.01,-1,-1,-0.01,-1,-1,-0.01,-1,-1,-0.01,-1,-1,-0.01,-1,-1,-0.01,-1,-1,-0.01,-1,-1,-0.01,-1,-1,-0.01,-1,-1,-0.01,-1,-1
99926009,2026-05-18 12:32:14+05:30,53220.15,0,0.0,0,0.0,0.0,53282.15,53308.4,52783.45,53710.35,0,0.0,0.0,0.0,0.0,-0.01,-1,-1,-0.01,-1,-1,-0.01,-1,-1,-0.01,-1,-1,-0.01,-1,-1,-0.01,-1,-1,-0.01,-1,-1,-0.01,-1,-1,-0.01,-1,-1,-0.01,-1,-1
99926009,2026-05-18 12:32:14+05:30,53221.75,0,0.0,0,0.0,0.0,53282.15,53308.4,52783.45,53710.35,0,0.0,0.0,0.0,0.0,-0.01,-1,-1,-0.01,-1,-1,-0.01,-1,-1,-0.01,-1,-1,-0.01,-1,-1,-0.01,-1,-1,-0.01,-1,-1,-0.01,-1,-1,-0.01,-1,-1,-0.01,-1,-1
99926009,2026-05-18 12:32:15+05:30,53223.2,0,0.0,0,0.0,0.0,53282.15,53308.4,52783.45,53710.35,0,0.0,0.0,0.0,0.0,-0.01,-1,-1,-0.01,-1,-1,-0.01,-1,-1,-0.01,-1,-1,-0.01,-1,-1,-0.01,-1,-1,-0.01,-1,-1,-0.01,-1,-1,-0.01,-1,-1,-0.01,-1,-1
99926009,2026-05-18 12:32:15+05:30,53223.55,0,0.0,0,0.0,0.0,53282.15,53308.4,52783.45,53710.35,0,0.0,0.0,0.0,0.0,-0.01,-1,-1,-0.01,-1,-1,-0.01,-1,-1,-0.01,-1,-1,-0.01,-1,-1,-0.01,-1,-1,-0.01,-1,-1,-0.01,-1,-1,-0.01,-1,-1,-0.01,-1,-1
99926009,2026-05-18 12:32:16+05:30,53225.9,0,0.0,0,0.0,0.0,53282.15,53308.4,52783.45,53710.35,0,0.0,0.0,0.0,0.0,-0.01,-1,-1,-0.01,-1,-1,-0.01,-1,-1,-0.01,-1,-1,-0.01,-1,-1,-0.01,-1,-1,-0.01,-1,-1,-0.01,-1,-1,-0.01,-1,-1,-0.01,-1,-1
99926009,2026-05-18 12:32:16+05:30,53227.8,0,0.0,0,0.0,0.0,53282.15,53308.4,52783.45,53710.35,0,0.0,0.0,0.0,0.0,-0.01,-1,-1,-0.01,-1,-1,-0.01,-1,-1,-0.01,-1,-1,-0.01,-1,-1,-0.01,-1,-1,-0.01,-1,-1,-0.01,-1,-1,-0.01,-1,-1,-0.01,-1,-1
99926009,2026-05-18 12:32:17+05:30,53227.35,0,0.0,0,0.0,0.0,53282.15,53308.4,52783.45,53710.35,0,0.0,0.0,0.0,0.0,-0.01,-1,-1,-0.01,-1,-1,-0.01,-1,-1,-0.01,-1,-1,-0.01,-1,-1,-0.01,-1,-1,-0.01,-1,-1,-0.01,-1,-1,-0.01,-1,-1,-0.01,-1,-1
99926009,2026-05-18 12:32:17+05:30,53232.0,0,0.0,0,0.0,0.0,53282.15,53308.4,52783.45,53710.35,0,0.0,0.0,0.0,0.0,-0.01,-1,-1,-0.01,-1,-1,-0.01,-1,-1,-0.01,-1,-1,-0.01,-1,-1,-0.01,-1,-1,-0.01,-1,-1,-0.01,-1,-1,-0.01,-1,-1,-0.01,-1,-1
99926009,2026-05-18 12:32:18+05:30,53228.2,0,0.0,0,0.0,0.0,53282.15,53308.4,52783.45,53710.35,0,0.0,0.0,0.0,0.0,-0.01,-1,-1,-0.01,-1,-1,-0.01,-1,-1,-0.01,-1,-1,-0.01,-1,-1,-0.01,-1,-1,-0.01,-1,-1,-0.01,-1,-1,-0.01,-1,-1,-0.01,-1,-1
99926009,2026-05-18 12:32:18+05:30,53228.2,0,0.0,0,0.0,0.0,53282.15,53308.4,52783.45,53710.35,0,0.0,0.0,0.0,0.0,-0.01,-1,-1,-0.01,-1,-1,-0.01,-1,-1,-0.01,-1,-1,-0.01,-1,-1,-0.01,-1,-1,-0.01,-1,-1,-0.01,-1,-1,-0.01,-1,-1,-0.01,-1,-1
99926009,2026-05-18 12:32:19+05:30,53228.55,0,0.0,0,0.0,0.0,53282.15,53308.4,52783.45,53710.35,0,0.0,0.0,0.0,0.0,-0.01,-1,-1,-0.01,-1,-1,-0.01,-1,-1,-0.01,-1,-1,-0.01,-1,-1,-0.01,-1,-1,-0.01,-1,-1,-0.01,-1,-1,-0.01,-1,-1,-0.01,-1,-1
99926009,2026-05-18 12:32:19+05:30,53226.7,0,0.0,0,0.0,0.0,53282.15,53308.4,52783.45,53710.35,0,0.0,0.0,0.0,0.0,-0.01,-1,-1,-0.01,-1,-1,-0.01,-1,-1,-0.01,-1,-1,-0.01,-1,-1,-0.01,-1,-1,-0.01,-1,-1,-0.01,-1,-1,-0.01,-1,-1,-0.01,-1,-1
99926009,2026-05-18 12:32:20+05:30,53228.5,0,0.0,0,0.0,0.0,53282.15,53308.4,52783.45,53710.35,0,0.0,0.0,0.0,0.0,-0.01,-1,-1,-0.01,-1,-1,-0.01,-1,-1,-0.01,-1,-1,-0.01,-1,-1,-0.01,-1,-1,-0.01,-1,-1,-0.01,-1,-1,-0.01,-1,-1,-0.01,-1,-1
99926009,2026-05-18 12:32:20+05:30,53228.6,0,0.0,0,0.0,0.0,53282.15,53308.4,52783.45,53710.35,0,0.0,0.0,0.0,0.0,-0.01,-1,-1,-0.01,-1,-1,-0.01,-1,-1,-0.01,-1,-1,-0.01,-1,-1,-0.01,-1,-1,-0.01,-1,-1,-0.01,-1,-1,-0.01,-1,-1,-0.01,-1,-1
99926009,2026-05-18 12:32:21+05:30,53227.45,0,0.0,0,0.0,0.0,53282.15,53308.4,52783.45,53710.35,0,0.0,0.0,0.0,0.0,-0.01,-1,-1,-0.01,-1,-1,-0.01,-1,-1,-0.01,-1,-1,-0.01,-1,-1,-0.01,-1,-1,-0.01,-1,-1,-0.01,-1,-1,-0.01,-1,-1,-0.01,-1,-1
99926009,2026-05-18 12:32:21+05:30,53229.55,0,0.0,0,0.0,0.0,53282.15,53308.4,52783.45,53710.35,0,0.0,0.0,0.0,0.0,-0.01,-1,-1,-0.01,-1,-1,-0.01,-1,-1,-0.01,-1,-1,-0.01,-1,-1,-0.01,-1,-1,-0.01,-1,-1,-0.01,-1,-1,-0.01,-1,-1,-0.01,-1,-1
99926009,2026-05-18 12:32:22+05:30,53225.95,0,0.0,0,0.0,0.0,53282.15,53308.4,52783.45,53710.35,0,0.0,0.0,0.0,0.0,-0.01,-1,-1,-0.01,-1,-1,-0.01,-1,-1,-0.01,-1,-1,-0.01,-1,-1,-0.01,-1,-1,-0.01,-1,-1,-0.01,-1,-1,-0.01,-1,-1,-0.01,-1,-1
99926009,2026-05-18 12:32:22+05:30,53224.9,0,0.0,0,0.0,0.0,53282.15,53308.4,52783.45,53710.35,0,0.0,0.0,0.0,0.0,-0.01,-1,-1,-0.01,-1,-1,-0.01,-1,-1,-0.01,-1,-1,-0.01,-1,-1,-0.01,-1,-1,-0.01,-1,-1,-0.01,-1,-1,-0.01,-1,-1,-0.01,-1,-1
99926009,2026-05-18 12:32:23+05:30,53227.75,0,0.0,0,0.0,0.0,53282.15,53308.4,52783.45,53710.35,0,0.0,0.0,0.0,0.0,-0.01,-1,-1,-0.01,-1,-1,-0.01,-1,-1,-0.01,-1,-1,-0.01,-1,-1,-0.01,-1,-1,-0.01,-1,-1,-0.01,-1,-1,-0.01,-1,-1,-0.01,-1,-1
99926009,2026-05-18 12:32:23+05:30,53224.7,0,0.0,0,0.0,0.0,53282.15,53308.4,52783.45,53710.35,0,0.0,0.0,0.0,0.0,-0.01,-1,-1,-0.01,-1,-1,-0.01,-1,-1,-0.01,-1,-1,-0.01,-1,-1,-0.01,-1,-1,-0.01,-1,-1,-0.01,-1,-1,-0.01,-1,-1,-0.01,-1,-1
99926009,2026-05-18 12:32:24+05:30,53224.7,0,0.0,0,0.0,0.0,53282.15,53308.4,52783.45,53710.35,0,0.0,0.0,0.0,0.0,-0.01,-1,-1,-0.01,-1,-1,-0.01,-1,-1,-0.01,-1,-1,-0.01,-1,-1,-0.01,-1,-1,-0.01,-1,-1,-0.01,-1,-1,-0.01,-1,-1,-0.01,-1,-1
99926009,2026-05-18 12:32:24+05:30,53229.1,0,0.0,0,0.0,0.0,53282.15,53308.4,52783.45,53710.35,0,0.0,0.0,0.0,0.0,-0.01,-1,-1,-0.01,-1,-1,-0.01,-1,-1,-0.01,-1,-1,-0.01,-1,-1,-0.01,-1,-1,-0.01,-1,-1,-0.01,-1,-1,-0.01,-1,-1,-0.01,-1,-1
99926009,2026-05-18 12:32:25+05:30,53229.35,0,0.0,0,0.0,0.0,53282.15,53308.4,52783.45,53710.35,0,0.0,0.0,0.0,0.0,-0.01,-1,-1,-0.01,-1,-1,-0.01,-1,-1,-0.01,-1,-1,-0.01,-1,-1,-0.01,-1,-1,-0.01,-1,-1,-0.01,-1,-1,-0.01,-1,-1,-0.01,-1,-1
99926009,2026-05-18 12:32:25+05:30,53230.5,0,0.0,0,0.0,0.0,53282.15,53308.4,52783.45,53710.35,0,0.0,0.0,0.0,0.0,-0.01,-1,-1,-0.01,-1,-1,-0.01,-1,-1,-0.01,-1,-1,-0.01,-1,-1,-0.01,-1,-1,-0.01,-1,-1,-0.01,-1,-1,-0.01,-1,-1,-0.01,-1,-1
99926009,2026-05-18 12:32:26+05:30,53228.6,0,0.0,0,0.0,0.0,53282.15,53308.4,52783.45,53710.35,0,0.0,0.0,0.0,0.0,-0.01,-1,-1,-0.01,-1,-1,-0.01,-1,-1,-0.01,-1,-1,-0.01,-1,-1,-0.01,-1,-1,-0.01,-1,-1,-0.01,-1,-1,-0.01,-1,-1,-0.01,-1,-1
99926009,2026-05-18 12:32:26+05:30,53230.25,0,0.0,0,0.0,0.0,53282.15,53308.4,52783.45,53710.35,0,0.0,0.0,0.0,0.0,-0.01,-1,-1,-0.01,-1,-1,-0.01,-1,-1,-0.01,-1,-1,-0.01,-1,-1,-0.01,-1,-1,-0.01,-1,-1,-0.01,-1,-1,-0.01,-1,-1,-0.01,-1,-1
99926009,2026-05-18 12:32:27+05:30,53230.35,0,0.0,0,0.0,0.0,53282.15,53308.4,52783.45,53710.35,0,0.0,0.0,0.0,0.0,-0.01,-1,-1,-0.01,-1,-1,-0.01,-1,-1,-0.01,-1,-1,-0.01,-1,-1,-0.01,-1,-1,-0.01,-1,-1,-0.01,-1,-1,-0.01,-1,-1,-0.01,-1,-1
99926009,2026-05-18 12:32:27+05:30,53230.7,0,0.0,0,0.0,0.0,53282.15,53308.4,52783.45,53710.35,0,0.0,0.0,0.0,0.0,-0.01,-1,-1,-0.01,-1,-1,-0.01,-1,-1,-0.01,-1,-1,-0.01,-1,-1,-0.01,-1,-1,-0.01,-1,-1,-0.01,-1,-1,-0.01,-1,-1,-0.01,-1,-1
99926009,2026-05-18 12:32:28+05:30,53230.45,0,0.0,0,0.0,0.0,53282.15,53308.4,52783.45,53710.35,0,0.0,0.0,0.0,0.0,-0.01,-1,-1,-0.01,-1,-1,-0.01,-1,-1,-0.01,-1,-1,-0.01,-1,-1,-0.01,-1,-1,-0.01,-1,-1,-0.01,-1,-1,-0.01,-1,-1,-0.01,-1,-1
99926009,2026-05-18 12:32:28+05:30,53227.05,0,0.0,0,0.0,0.0,53282.15,53308.4,52783.45,53710.35,0,0.0,0.0,0.0,0.0,-0.01,-1,-1,-0.01,-1,-1,-0.01,-1,-1,-0.01,-1,-1,-0.01,-1,-1,-0.01,-1,-1,-0.01,-1,-1,-0.01,-1,-1,-0.01,-1,-1,-0.01,-1,-1
99926009,2026-05-18 12:32:29+05:30,53226.85,0,0.0,0,0.0,0.0,53282.15,53308.4,52783.45,53710.35,0,0.0,0.0,0.0,0.0,-0.01,-1,-1,-0.01,-1,-1,-0.01,-1,-1,-0.01,-1,-1,-0.01,-1,-1,-0.01,-1,-1,-0.01,-1,-1,-0.01,-1,-1,-0.01,-1,-1,-0.01,-1,-1
99926009,2026-05-18 12:32:29+05:30,53226.85,0,0.0,0,0.0,0.0,53282.15,53308.4,52783.45,53710.35,0,0.0,0.0,0.0,0.0,-0.01,-1,-1,-0.01,-1,-1,-0.01,-1,-1,-0.01,-1,-1,-0.01,-1,-1,-0.01,-1,-1,-0.01,-1,-1,-0.01,-1,-1,-0.01,-1,-1,-0.01,-1,-1
99926009,2026-05-18 12:32:30+05:30,53229.3,0,0.0,0,0.0,0.0,53282.15,53308.4,52783.45,53710.35,0,0.0,0.0,0.0,0.0,-0.01,-1,-1,-0.01,-1,-1,-0.01,-1,-1,-0.01,-1,-1,-0.01,-1,-1,-0.01,-1,-1,-0.01,-1,-1,-0.01,-1,-1,-0.01,-1,-1,-0.01,-1,-1
99926009,2026-05-18 12:32:30+05:30,53231.0,0,0.0,0,0.0,0.0,53282.15,53308.4,52783.45,53710.35,0,0.0,0.0,0.0,0.0,-0.01,-1,-1,-0.01,-1,-1,-0.01,-1,-1,-0.01,-1,-1,-0.01,-1,-1,-0.01,-1,-1,-0.01,-1,-1,-0.01,-1,-1,-0.01,-1,-1,-0.01,-1,-1
99926009,2026-05-18 12:32:31+05:30,53233.0,0,0.0,0,0.0,0.0,53282.15,53308.4,52783.45,53710.35,0,0.0,0.0,0.0,0.0,-0.01,-1,-1,-0.01,-1,-1,-0.01,-1,-1,-0.01,-1,-1,-0.01,-1,-1,-0.01,-1,-1,-0.01,-1,-1,-0.01,-1,-1,-0.01,-1,-1,-0.01,-1,-1
99926009,2026-05-18 12:32:31+05:30,53232.1,0,0.0,0,0.0,0.0,53282.15,53308.4,52783.45,53710.35,0,0.0,0.0,0.0,0.0,-0.01,-1,-1,-0.01,-1,-1,-0.01,-1,-1,-0.01,-1,-1,-0.01,-1,-1,-0.01,-1,-1,-0.01,-1,-1,-0.01,-1,-1,-0.01,-1,-1,-0.01,-1,-1
99926009,2026-05-18 12:32:32+05:30,53231.85,0,0.0,0,0.0,0.0,53282.15,53308.4,52783.45,53710.35,0,0.0,0.0,0.0,0.0,-0.01,-1,-1,-0.01,-1,-1,-0.01,-1,-1,-0.01,-1,-1,-0.01,-1,-1,-0.01,-1,-1,-0.01,-1,-1,-0.01,-1,-1,-0.01,-1,-1,-0.01,-1,-1
99926009,2026-05-18 12:32:32+05:30,53230.65,0,0.0,0,0.0,0.0,53282.15,53308.4,52783.45,53710.35,0,0.0,0.0,0.0,0.0,-0.01,-1,-1,-0.01,-1,-1,-0.01,-1,-1,-0.01,-1,-1,-0.01,-1,-1,-0.01,-1,-1,-0.01,-1,-1,-0.01,-1,-1,-0.01,-1,-1,-0.01,-1,-1
99926009,2026-05-18 12:32:33+05:30,53229.95,0,0.0,0,0.0,0.0,53282.15,53308.4,52783.45,53710.35,0,0.0,0.0,0.0,0.0,-0.01,-1,-1,-0.01,-1,-1,-0.01,-1,-1,-0.01,-1,-1,-0.01,-1,-1,-0.01,-1,-1,-0.01,-1,-1,-0.01,-1,-1,-0.01,-1,-1,-0.01,-1,-1
99926009,2026-05-18 12:32:33+05:30,53232.15,0,0.0,0,0.0,0.0,53282.15,53308.4,52783.45,53710.35,0,0.0,0.0,0.0,0.0,-0.01,-1,-1,-0.01,-1,-1,-0.01,-1,-1,-0.01,-1,-1,-0.01,-1,-1,-0.01,-1,-1,-0.01,-1,-1,-0.01,-1,-1,-0.01,-1,-1,-0.01,-1,-1
99926009,2026-05-18 12:32:34+05:30,53234.6,0,0.0,0,0.0,0.0,53282.15,53308.4,52783.45,53710.35,0,0.0,0.0,0.0,0.0,-0.01,-1,-1,-0.01,-1,-1,-0.01,-1,-1,-0.01,-1,-1,-0.01,-1,-1,-0.01,-1,-1,-0.01,-1,-1,-0.01,-1,-1,-0.01,-1,-1,-0.01,-1,-1
99926009,2026-05-18 12:32:34+05:30,53234.1,0,0.0,0,0.0,0.0,53282.15,53308.4,52783.45,53710.35,0,0.0,0.0,0.0,0.0,-0.01,-1,-1,-0.01,-1,-1,-0.01,-1,-1,-0.01,-1,-1,-0.01,-1,-1,-0.01,-1,-1,-0.01,-1,-1,-0.01,-1,-1,-0.01,-1,-1,-0.01,-1,-1
99926009,2026-05-18 12:32:35+05:30,53236.0,0,0.0,0,0.0,0.0,53282.15,53308.4,52783.45,53710.35,0,0.0,0.0,0.0,0.0,-0.01,-1,-1,-0.01,-1,-1,-0.01,-1,-1,-0.01,-1,-1,-0.01,-1,-1,-0.01,-1,-1,-0.01,-1,-1,-0.01,-1,-1,-0.01,-1,-1,-0.01,-1,-1
99926009,2026-05-18 12:32:35+05:30,53236.4,0,0.0,0,0.0,0.0,53282.15,53308.4,52783.45,53710.35,0,0.0,0.0,0.0,0.0,-0.01,-1,-1,-0.01,-1,-1,-0.01,-1,-1,-0.01,-1,-1,-0.01,-1,-1,-0.01,-1,-1,-0.01,-1,-1,-0.01,-1,-1,-0.01,-1,-1,-0.01,-1,-1
99926009,2026-05-18 12:32:36+05:30,53236.9,0,0.0,0,0.0,0.0,53282.15,53308.4,52783.45,53710.35,0,0.0,0.0,0.0,0.0,-0.01,-1,-1,-0.01,-1,-1,-0.01,-1,-1,-0.01,-1,-1,-0.01,-1,-1,-0.01,-1,-1,-0.01,-1,-1,-0.01,-1,-1,-0.01,-1,-1,-0.01,-1,-1
99926009,2026-05-18 12:32:36+05:30,53238.8,0,0.0,0,0.0,0.0,53282.15,53308.4,52783.45,53710.35,0,0.0,0.0,0.0,0.0,-0.01,-1,-1,-0.01,-1,-1,-0.01,-1,-1,-0.01,-1,-1,-0.01,-1,-1,-0.01,-1,-1,-0.01,-1,-1,-0.01,-1,-1,-0.01,-1,-1,-0.01,-1,-1
99926009,2026-05-18 12:32:37+05:30,53237.7,0,0.0,0,0.0,0.0,53282.15,53308.4,52783.45,53710.35,0,0.0,0.0,0.0,0.0,-0.01,-1,-1,-0.01,-1,-1,-0.01,-1,-1,-0.01,-1,-1,-0.01,-1,-1,-0.01,-1,-1,-0.01,-1,-1,-0.01,-1,-1,-0.01,-1,-1,-0.01,-1,-1
99926009,2026-05-18 12:32:37+05:30,53239.2,0,0.0,0,0.0,0.0,53282.15,53308.4,52783.45,53710.35,0,0.0,0.0,0.0,0.0,-0.01,-1,-1,-0.01,-1,-1,-0.01,-1,-1,-0.01,-1,-1,-0.01,-1,-1,-0.01,-1,-1,-0.01,-1,-1,-0.01,-1,-1,-0.01,-1,-1,-0.01,-1,-1
99926009,2026-05-18 12:32:38+05:30,53237.45,0,0.0,0,0.0,0.0,53282.15,53308.4,52783.45,53710.35,0,0.0,0.0,0.0,0.0,-0.01,-1,-1,-0.01,-1,-1,-0.01,-1,-1,-0.01,-1,-1,-0.01,-1,-1,-0.01,-1,-1,-0.01,-1,-1,-0.01,-1,-1,-0.01,-1,-1,-0.01,-1,-1
99926009,2026-05-18 12:32:38+05:30,53239.2,0,0.0,0,0.0,0.0,53282.15,53308.4,52783.45,53710.35,0,0.0,0.0,0.0,0.0,-0.01,-1,-1,-0.01,-1,-1,-0.01,-1,-1,-0.01,-1,-1,-0.01,-1,-1,-0.01,-1,-1,-0.01,-1,-1,-0.01,-1,-1,-0.01,-1,-1,-0.01,-1,-1
99926009,2026-05-18 12:32:39+05:30,53240.65,0,0.0,0,0.0,0.0,53282.15,53308.4,52783.45,53710.35,0,0.0,0.0,0.0,0.0,-0.01,-1,-1,-0.01,-1,-1,-0.01,-1,-1,-0.01,-1,-1,-0.01,-1,-1,-0.01,-1,-1,-0.01,-1,-1,-0.01,-1,-1,-0.01,-1,-1,-0.01,-1,-1
99926009,2026-05-18 12:32:39+05:30,53239.9,0,0.0,0,0.0,0.0,53282.15,53308.4,52783.45,53710.35,0,0.0,0.0,0.0,0.0,-0.01,-1,-1,-0.01,-1,-1,-0.01,-1,-1,-0.01,-1,-1,-0.01,-1,-1,-0.01,-1,-1,-0.01,-1,-1,-0.01,-1,-1,-0.01,-1,-1,-0.01,-1,-1
99926009,2026-05-18 12:32:40+05:30,53243.8,0,0.0,0,0.0,0.0,53282.15,53308.4,52783.45,53710.35,0,0.0,0.0,0.0,0.0,-0.01,-1,-1,-0.01,-1,-1,-0.01,-1,-1,-0.01,-1,-1,-0.01,-1,-1,-0.01,-1,-1,-0.01,-1,-1,-0.01,-1,-1,-0.01,-1,-1,-0.01,-1,-1
99926009,2026-05-18 12:32:40+05:30,53239.95,0,0.0,0,0.0,0.0,53282.15,53308.4,52783.45,53710.35,0,0.0,0.0,0.0,0.0,-0.01,-1,-1,-0.01,-1,-1,-0.01,-1,-1,-0.01,-1,-1,-0.01,-1,-1,-0.01,-1,-1,-0.01,-1,-1,-0.01,-1,-1,-0.01,-1,-1,-0.01,-1,-1
99926009,2026-05-18 12:32:41+05:30,53241.7,0,0.0,0,0.0,0.0,53282.15,53308.4,52783.45,53710.35,0,0.0,0.0,0.0,0.0,-0.01,-1,-1,-0.01,-1,-1,-0.01,-1,-1,-0.01,-1,-1,-0.01,-1,-1,-0.01,-1,-1,-0.01,-1,-1,-0.01,-1,-1,-0.01,-1,-1,-0.01,-1,-1
99926009,2026-05-18 12:32:41+05:30,53243.6,0,0.0,0,0.0,0.0,53282.15,53308.4,52783.45,53710.35,0,0.0,0.0,0.0,0.0,-0.01,-1,-1,-0.01,-1,-1,-0.01,-1,-1,-0.01,-1,-1,-0.01,-1,-1,-0.01,-1,-1,-0.01,-1,-1,-0.01,-1,-1,-0.01,-1,-1,-0.01,-1,-1
99926009,2026-05-18 12:32:42+05:30,53245.7,0,0.0,0,0.0,0.0,53282.15,53308.4,52783.45,53710.35,0,0.0,0.0,0.0,0.0,-0.01,-1,-1,-0.01,-1,-1,-0.01,-1,-1,-0.01,-1,-1,-0.01,-1,-1,-0.01,-1,-1,-0.01,-1,-1,-0.01,-1,-1,-0.01,-1,-1,-0.01,-1,-1
99926009,2026-05-18 12:32:42+05:30,53245.4,0,0.0,0,0.0,0.0,53282.15,53308.4,52783.45,53710.35,0,0.0,0.0,0.0,0.0,-0.01,-1,-1,-0.01,-1,-1,-0.01,-1,-1,-0.01,-1,-1,-0.01,-1,-1,-0.01,-1,-1,-0.01,-1,-1,-0.01,-1,-1,-0.01,-1,-1,-0.01,-1,-1
99926009,2026-05-18 12:32:43+05:30,53246.95,0,0.0,0,0.0,0.0,53282.15,53308.4,52783.45,53710.35,0,0.0,0.0,0.0,0.0,-0.01,-1,-1,-0.01,-1,-1,-0.01,-1,-1,-0.01,-1,-1,-0.01,-1,-1,-0.01,-1,-1,-0.01,-1,-1,-0.01,-1,-1,-0.01,-1,-1,-0.01,-1,-1
99926009,2026-05-18 12:32:43+05:30,53245.6,0,0.0,0,0.0,0.0,53282.15,53308.4,52783.45,53710.35,0,0.0,0.0,0.0,0.0,-0.01,-1,-1,-0.01,-1,-1,-0.01,-1,-1,-0.01,-1,-1,-0.01,-1,-1,-0.01,-1,-1,-0.01,-1,-1,-0.01,-1,-1,-0.01,-1,-1,-0.01,-1,-1
99926009,2026-05-18 12:32:44+05:30,53244.55,0,0.0,0,0.0,0.0,53282.15,53308.4,52783.45,53710.35,0,0.0,0.0,0.0,0.0,-0.01,-1,-1,-0.01,-1,-1,-0.01,-1,-1,-0.01,-1,-1,-0.01,-1,-1,-0.01,-1,-1,-0.01,-1,-1,-0.01,-1,-1,-0.01,-1,-1,-0.01,-1,-1
99926009,2026-05-18 12:32:44+05:30,53244.1,0,0.0,0,0.0,0.0,53282.15,53308.4,52783.45,53710.35,0,0.0,0.0,0.0,0.0,-0.01,-1,-1,-0.01,-1,-1,-0.01,-1,-1,-0.01,-1,-1,-0.01,-1,-1,-0.01,-1,-1,-0.01,-1,-1,-0.01,-1,-1,-0.01,-1,-1,-0.01,-1,-1
99926009,2026-05-18 12:32:45+05:30,53247.65,0,0.0,0,0.0,0.0,53282.15,53308.4,52783.45,53710.35,0,0.0,0.0,0.0,0.0,-0.01,-1,-1,-0.01,-1,-1,-0.01,-1,-1,-0.01,-1,-1,-0.01,-1,-1,-0.01,-1,-1,-0.01,-1,-1,-0.01,-1,-1,-0.01,-1,-1,-0.01,-1,-1
99926009,2026-05-18 12:32:45+05:30,53247.4,0,0.0,0,0.0,0.0,53282.15,53308.4,52783.45,53710.35,0,0.0,0.0,0.0,0.0,-0.01,-1,-1,-0.01,-1,-1,-0.01,-1,-1,-0.01,-1,-1,-0.01,-1,-1,-0.01,-1,-1,-0.01,-1,-1,-0.01,-1,-1,-0.01,-1,-1,-0.01,-1,-1
99926009,2026-05-18 12:32:46+05:30,53250.2,0,0.0,0,0.0,0.0,53282.15,53308.4,52783.45,53710.35,0,0.0,0.0,0.0,0.0,-0.01,-1,-1,-0.01,-1,-1,-0.01,-1,-1,-0.01,-1,-1,-0.01,-1,-1,-0.01,-1,-1,-0.01,-1,-1,-0.01,-1,-1,-0.01,-1,-1,-0.01,-1,-1
99926009,2026-05-18 12:32:46+05:30,53247.7,0,0.0,0,0.0,0.0,53282.15,53308.4,52783.45,53710.35,0,0.0,0.0,0.0,0.0,-0.01,-1,-1,-0.01,-1,-1,-0.01,-1,-1,-0.01,-1,-1,-0.01,-1,-1,-0.01,-1,-1,-0.01,-1,-1,-0.01,-1,-1,-0.01,-1,-1,-0.01,-1,-1
99926009,2026-05-18 12:32:47+05:30,53247.1,0,0.0,0,0.0,0.0,53282.15,53308.4,52783.45,53710.35,0,0.0,0.0,0.0,0.0,-0.01,-1,-1,-0.01,-1,-1,-0.01,-1,-1,-0.01,-1,-1,-0.01,-1,-1,-0.01,-1,-1,-0.01,-1,-1,-0.01,-1,-1,-0.01,-1,-1,-0.01,-1,-1
99926009,2026-05-18 12:32:47+05:30,53246.4,0,0.0,0,0.0,0.0,53282.15,53308.4,52783.45,53710.35,0,0.0,0.0,0.0,0.0,-0.01,-1,-1,-0.01,-1,-1,-0.01,-1,-1,-0.01,-1,-1,-0.01,-1,-1,-0.01,-1,-1,-0.01,-1,-1,-0.01,-1,-1,-0.01,-1,-1,-0.01,-1,-1
99926009,2026-05-18 12:32:48+05:30,53246.15,0,0.0,0,0.0,0.0,53282.15,53308.4,52783.45,53710.35,0,0.0,0.0,0.0,0.0,-0.01,-1,-1,-0.01,-1,-1,-0.01,-1,-1,-0.01,-1,-1,-0.01,-1,-1,-0.01,-1,-1,-0.01,-1,-1,-0.01,-1,-1,-0.01,-1,-1,-0.01,-1,-1
99926009,2026-05-18 12:32:48+05:30,53245.2,0,0.0,0,0.0,0.0,53282.15,53308.4,52783.45,53710.35,0,0.0,0.0,0.0,0.0,-0.01,-1,-1,-0.01,-1,-1,-0.01,-1,-1,-0.01,-1,-1,-0.01,-1,-1,-0.01,-1,-1,-0.01,-1,-1,-0.01,-1,-1,-0.01,-1,-1,-0.01,-1,-1
99926009,2026-05-18 12:32:49+05:30,53250.65,0,0.0,0,0.0,0.0,53282.15,53308.4,52783.45,53710.35,0,0.0,0.0,0.0,0.0,-0.01,-1,-1,-0.01,-1,-1,-0.01,-1,-1,-0.01,-1,-1,-0.01,-1,-1,-0.01,-1,-1,-0.01,-1,-1,-0.01,-1,-1,-0.01,-1,-1,-0.01,-1,-1
99926009,2026-05-18 12:32:49+05:30,53248.0,0,0.0,0,0.0,0.0,53282.15,53308.4,52783.45,53710.35,0,0.0,0.0,0.0,0.0,-0.01,-1,-1,-0.01,-1,-1,-0.01,-1,-1,-0.01,-1,-1,-0.01,-1,-1,-0.01,-1,-1,-0.01,-1,-1,-0.01,-1,-1,-0.01,-1,-1,-0.01,-1,-1
99926009,2026-05-18 12:32:50+05:30,53250.1,0,0.0,0,0.0,0.0,53282.15,53308.4,52783.45,53710.35,0,0.0,0.0,0.0,0.0,-0.01,-1,-1,-0.01,-1,-1,-0.01,-1,-1,-0.01,-1,-1,-0.01,-1,-1,-0.01,-1,-1,-0.01,-1,-1,-0.01,-1,-1,-0.01,-1,-1,-0.01,-1,-1
99926009,2026-05-18 12:32:50+05:30,53250.3,0,0.0,0,0.0,0.0,53282.15,53308.4,52783.45,53710.35,0,0.0,0.0,0.0,0.0,-0.01,-1,-1,-0.01,-1,-1,-0.01,-1,-1,-0.01,-1,-1,-0.01,-1,-1,-0.01,-1,-1,-0.01,-1,-1,-0.01,-1,-1,-0.01,-1,-1,-0.01,-1,-1
99926009,2026-05-18 12:32:51+05:30,53248.0,0,0.0,0,0.0,0.0,53282.15,53308.4,52783.45,53710.35,0,0.0,0.0,0.0,0.0,-0.01,-1,-1,-0.01,-1,-1,-0.01,-1,-1,-0.01,-1,-1,-0.01,-1,-1,-0.01,-1,-1,-0.01,-1,-1,-0.01,-1,-1,-0.01,-1,-1,-0.01,-1,-1
99926009,2026-05-18 12:32:51+05:30,53245.9,0,0.0,0,0.0,0.0,53282.15,53308.4,52783.45,53710.35,0,0.0,0.0,0.0,0.0,-0.01,-1,-1,-0.01,-1,-1,-0.01,-1,-1,-0.01,-1,-1,-0.01,-1,-1,-0.01,-1,-1,-0.01,-1,-1,-0.01,-1,-1,-0.01,-1,-1,-0.01,-1,-1
99926009,2026-05-18 12:32:52+05:30,53245.55,0,0.0,0,0.0,0.0,53282.15,53308.4,52783.45,53710.35,0,0.0,0.0,0.0,0.0,-0.01,-1,-1,-0.01,-1,-1,-0.01,-1,-1,-0.01,-1,-1,-0.01,-1,-1,-0.01,-1,-1,-0.01,-1,-1,-0.01,-1,-1,-0.01,-1,-1,-0.01,-1,-1
99926009,2026-05-18 12:32:52+05:30,53244.85,0,0.0,0,0.0,0.0,53282.15,53308.4,52783.45,53710.35,0,0.0,0.0,0.0,0.0,-0.01,-1,-1,-0.01,-1,-1,-0.01,-1,-1,-0.01,-1,-1,-0.01,-1,-1,-0.01,-1,-1,-0.01,-1,-1,-0.01,-1,-1,-0.01,-1,-1,-0.01,-1,-1
99926009,2026-05-18 12:32:53+05:30,53245.3,0,0.0,0,0.0,0.0,53282.15,53308.4,52783.45,53710.35,0,0.0,0.0,0.0,0.0,-0.01,-1,-1,-0.01,-1,-1,-0.01,-1,-1,-0.01,-1,-1,-0.01,-1,-1,-0.01,-1,-1,-0.01,-1,-1,-0.01,-1,-1,-0.01,-1,-1,-0.01,-1,-1
99926009,2026-05-18 12:32:53+05:30,53247.7,0,0.0,0,0.0,0.0,53282.15,53308.4,52783.45,53710.35,0,0.0,0.0,0.0,0.0,-0.01,-1,-1,-0.01,-1,-1,-0.01,-1,-1,-0.01,-1,-1,-0.01,-1,-1,-0.01,-1,-1,-0.01,-1,-1,-0.01,-1,-1,-0.01,-1,-1,-0.01,-1,-1
99926009,2026-05-18 12:32:54+05:30,53247.8,0,0.0,0,0.0,0.0,53282.15,53308.4,52783.45,53710.35,0,0.0,0.0,0.0,0.0,-0.01,-1,-1,-0.01,-1,-1,-0.01,-1,-1,-0.01,-1,-1,-0.01,-1,-1,-0.01,-1,-1,-0.01,-1,-1,-0.01,-1,-1,-0.01,-1,-1,-0.01,-1,-1
99926009,2026-05-18 12:32:54+05:30,53248.1,0,0.0,0,0.0,0.0,53282.15,53308.4,52783.45,53710.35,0,0.0,0.0,0.0,0.0,-0.01,-1,-1,-0.01,-1,-1,-0.01,-1,-1,-0.01,-1,-1,-0.01,-1,-1,-0.01,-1,-1,-0.01,-1,-1,-0.01,-1,-1,-0.01,-1,-1,-0.01,-1,-1
99926009,2026-05-18 12:32:55+05:30,53248.55,0,0.0,0,0.0,0.0,53282.15,53308.4,52783.45,53710.35,0,0.0,0.0,0.0,0.0,-0.01,-1,-1,-0.01,-1,-1,-0.01,-1,-1,-0.01,-1,-1,-0.01,-1,-1,-0.01,-1,-1,-0.01,-1,-1,-0.01,-1,-1,-0.01,-1,-1,-0.01,-1,-1
99926009,2026-05-18 12:32:55+05:30,53247.4,0,0.0,0,0.0,0.0,53282.15,53308.4,52783.45,53710.35,0,0.0,0.0,0.0,0.0,-0.01,-1,-1,-0.01,-1,-1,-0.01,-1,-1,-0.01,-1,-1,-0.01,-1,-1,-0.01,-1,-1,-0.01,-1,-1,-0.01,-1,-1,-0.01,-1,-1,-0.01,-1,-1
99926009,2026-05-18 12:32:56+05:30,53252.55,0,0.0,0,0.0,0.0,53282.15,53308.4,52783.45,53710.35,0,0.0,0.0,0.0,0.0,-0.01,-1,-1,-0.01,-1,-1,-0.01,-1,-1,-0.01,-1,-1,-0.01,-1,-1,-0.01,-1,-1,-0.01,-1,-1,-0.01,-1,-1,-0.01,-1,-1,-0.01,-1,-1
99926009,2026-05-18 12:32:56+05:30,53250.15,0,0.0,0,0.0,0.0,53282.15,53308.4,52783.45,53710.35,0,0.0,0.0,0.0,0.0,-0.01,-1,-1,-0.01,-1,-1,-0.01,-1,-1,-0.01,-1,-1,-0.01,-1,-1,-0.01,-1,-1,-0.01,-1,-1,-0.01,-1,-1,-0.01,-1,-1,-0.01,-1,-1
99926009,2026-05-18 12:32:57+05:30,53250.05,0,0.0,0,0.0,0.0,53282.15,53308.4,52783.45,53710.35,0,0.0,0.0,0.0,0.0,-0.01,-1,-1,-0.01,-1,-1,-0.01,-1,-1,-0.01,-1,-1,-0.01,-1,-1,-0.01,-1,-1,-0.01,-1,-1,-0.01,-1,-1,-0.01,-1,-1,-0.01,-1,-1
99926009,2026-05-18 12:32:57+05:30,53250.8,0,0.0,0,0.0,0.0,53282.15,53308.4,52783.45,53710.35,0,0.0,0.0,0.0,0.0,-0.01,-1,-1,-0.01,-1,-1,-0.01,-1,-1,-0.01,-1,-1,-0.01,-1,-1,-0.01,-1,-1,-0.01,-1,-1,-0.01,-1,-1,-0.01,-1,-1,-0.01,-1,-1
99926009,2026-05-18 12:32:58+05:30,53250.1,0,0.0,0,0.0,0.0,53282.15,53308.4,52783.45,53710.35,0,0.0,0.0,0.0,0.0,-0.01,-1,-1,-0.01,-1,-1,-0.01,-1,-1,-0.01,-1,-1,-0.01,-1,-1,-0.01,-1,-1,-0.01,-1,-1,-0.01,-1,-1,-0.01,-1,-1,-0.01,-1,-1
99926009,2026-05-18 12:32:58+05:30,53253.2,0,0.0,0,0.0,0.0,53282.15,53308.4,52783.45,53710.35,0,0.0,0.0,0.0,0.0,-0.01,-1,-1,-0.01,-1,-1,-0.01,-1,-1,-0.01,-1,-1,-0.01,-1,-1,-0.01,-1,-1,-0.01,-1,-1,-0.01,-1,-1,-0.01,-1,-1,-0.01,-1,-1
99926009,2026-05-18 12:32:59+05:30,53254.15,0,0.0,0,0.0,0.0,53282.15,53308.4,52783.45,53710.35,0,0.0,0.0,0.0,0.0,-0.01,-1,-1,-0.01,-1,-1,-0.01,-1,-1,-0.01,-1,-1,-0.01,-1,-1,-0.01,-1,-1,-0.01,-1,-1,-0.01,-1,-1,-0.01,-1,-1,-0.01,-1,-1
99926009,2026-05-18 12:32:59+05:30,53252.25,0,0.0,0,0.0,0.0,53282.15,53308.4,52783.45,53710.35,0,0.0,0.0,0.0,0.0,-0.01,-1,-1,-0.01,-1,-1,-0.01,-1,-1,-0.01,-1,-1,-0.01,-1,-1,-0.01,-1,-1,-0.01,-1,-1,-0.01,-1,-1,-0.01,-1,-1,-0.01,-1,-1
99926009,2026-05-18 12:33:00+05:30,53252.8,0,0.0,0,0.0,0.0,53282.15,53308.4,52783.45,53710.35,0,0.0,0.0,0.0,0.0,-0.01,-1,-1,-0.01,-1,-1,-0.01,-1,-1,-0.01,-1,-1,-0.01,-1,-1,-0.01,-1,-1,-0.01,-1,-1,-0.01,-1,-1,-0.01,-1,-1,-0.01,-1,-1
99926009,2026-05-18 12:33:00+05:30,53253.85,0,0.0,0,0.0,0.0,53282.15,53308.4,52783.45,53710.35,0,0.0,0.0,0.0,0.0,-0.01,-1,-1,-0.01,-1,-1,-0.01,-1,-1,-0.01,-1,-1,-0.01,-1,-1,-0.01,-1,-1,-0.01,-1,-1,-0.01,-1,-1,-0.01,-1,-1,-0.01,-1,-1
99926009,2026-05-18 12:33:01+05:30,53254.3,0,0.0,0,0.0,0.0,53282.15,53308.4,52783.45,53710.35,0,0.0,0.0,0.0,0.0,-0.01,-1,-1,-0.01,-1,-1,-0.01,-1,-1,-0.01,-1,-1,-0.01,-1,-1,-0.01,-1,-1,-0.01,-1,-1,-0.01,-1,-1,-0.01,-1,-1,-0.01,-1,-1
99926009,2026-05-18 12:33:01+05:30,53259.4,0,0.0,0,0.0,0.0,53282.15,53308.4,52783.45,53710.35,0,0.0,0.0,0.0,0.0,-0.01,-1,-1,-0.01,-1,-1,-0.01,-1,-1,-0.01,-1,-1,-0.01,-1,-1,-0.01,-1,-1,-0.01,-1,-1,-0.01,-1,-1,-0.01,-1,-1,-0.01,-1,-1
99926009,2026-05-18 12:33:02+05:30,53259.6,0,0.0,0,0.0,0.0,53282.15,53308.4,52783.45,53710.35,0,0.0,0.0,0.0,0.0,-0.01,-1,-1,-0.01,-1,-1,-0.01,-1,-1,-0.01,-1,-1,-0.01,-1,-1,-0.01,-1,-1,-0.01,-1,-1,-0.01,-1,-1,-0.01,-1,-1,-0.01,-1,-1
99926009,2026-05-18 12:33:02+05:30,53258.55,0,0.0,0,0.0,0.0,53282.15,53308.4,52783.45,53710.35,0,0.0,0.0,0.0,0.0,-0.01,-1,-1,-0.01,-1,-1,-0.01,-1,-1,-0.01,-1,-1,-0.01,-1,-1,-0.01,-1,-1,-0.01,-1,-1,-0.01,-1,-1,-0.01,-1,-1,-0.01,-1,-1
99926009,2026-05-18 12:33:03+05:30,53258.65,0,0.0,0,0.0,0.0,53282.15,53308.4,52783.45,53710.35,0,0.0,0.0,0.0,0.0,-0.01,-1,-1,-0.01,-1,-1,-0.01,-1,-1,-0.01,-1,-1,-0.01,-1,-1,-0.01,-1,-1,-0.01,-1,-1,-0.01,-1,-1,-0.01,-1,-1,-0.01,-1,-1
99926009,2026-05-18 12:33:03+05:30,53258.85,0,0.0,0,0.0,0.0,53282.15,53308.4,52783.45,53710.35,0,0.0,0.0,0.0,0.0,-0.01,-1,-1,-0.01,-1,-1,-0.01,-1,-1,-0.01,-1,-1,-0.01,-1,-1,-0.01,-1,-1,-0.01,-1,-1,-0.01,-1,-1,-0.01,-1,-1,-0.01,-1,-1
99926009,2026-05-18 12:33:04+05:30,53257.0,0,0.0,0,0.0,0.0,53282.15,53308.4,52783.45,53710.35,0,0.0,0.0,0.0,0.0,-0.01,-1,-1,-0.01,-1,-1,-0.01,-1,-1,-0.01,-1,-1,-0.01,-1,-1,-0.01,-1,-1,-0.01,-1,-1,-0.01,-1,-1,-0.01,-1,-1,-0.01,-1,-1
99926009,2026-05-18 12:33:04+05:30,53257.1,0,0.0,0,0.0,0.0,53282.15,53308.4,52783.45,53710.35,0,0.0,0.0,0.0,0.0,-0.01,-1,-1,-0.01,-1,-1,-0.01,-1,-1,-0.01,-1,-1,-0.01,-1,-1,-0.01,-1,-1,-0.01,-1,-1,-0.01,-1,-1,-0.01,-1,-1,-0.01,-1,-1
99926009,2026-05-18 12:33:05+05:30,53257.8,0,0.0,0,0.0,0.0,53282.15,53308.4,52783.45,53710.35,0,0.0,0.0,0.0,0.0,-0.01,-1,-1,-0.01,-1,-1,-0.01,-1,-1,-0.01,-1,-1,-0.01,-1,-1,-0.01,-1,-1,-0.01,-1,-1,-0.01,-1,-1,-0.01,-1,-1,-0.01,-1,-1
99926009,2026-05-18 12:33:05+05:30,53255.45,0,0.0,0,0.0,0.0,53282.15,53308.4,52783.45,53710.35,0,0.0,0.0,0.0,0.0,-0.01,-1,-1,-0.01,-1,-1,-0.01,-1,-1,-0.01,-1,-1,-0.01,-1,-1,-0.01,-1,-1,-0.01,-1,-1,-0.01,-1,-1,-0.01,-1,-1,-0.01,-1,-1
99926009,2026-05-18 12:33:06+05:30,53254.45,0,0.0,0,0.0,0.0,53282.15,53308.4,52783.45,53710.35,0,0.0,0.0,0.0,0.0,-0.01,-1,-1,-0.01,-1,-1,-0.01,-1,-1,-0.01,-1,-1,-0.01,-1,-1,-0.01,-1,-1,-0.01,-1,-1,-0.01,-1,-1,-0.01,-1,-1,-0.01,-1,-1
99926009,2026-05-18 12:33:06+05:30,53252.5,0,0.0,0,0.0,0.0,53282.15,53308.4,52783.45,53710.35,0,0.0,0.0,0.0,0.0,-0.01,-1,-1,-0.01,-1,-1,-0.01,-1,-1,-0.01,-1,-1,-0.01,-1,-1,-0.01,-1,-1,-0.01,-1,-1,-0.01,-1,-1,-0.01,-1,-1,-0.01,-1,-1
99926009,2026-05-18 12:33:07+05:30,53249.65,0,0.0,0,0.0,0.0,53282.15,53308.4,52783.45,53710.35,0,0.0,0.0,0.0,0.0,-0.01,-1,-1,-0.01,-1,-1,-0.01,-1,-1,-0.01,-1,-1,-0.01,-1,-1,-0.01,-1,-1,-0.01,-1,-1,-0.01,-1,-1,-0.01,-1,-1,-0.01,-1,-1
99926009,2026-05-18 12:33:07+05:30,53250.9,0,0.0,0,0.0,0.0,53282.15,53308.4,52783.45,53710.35,0,0.0,0.0,0.0,0.0,-0.01,-1,-1,-0.01,-1,-1,-0.01,-1,-1,-0.01,-1,-1,-0.01,-1,-1,-0.01,-1,-1,-0.01,-1,-1,-0.01,-1,-1,-0.01,-1,-1,-0.01,-1,-1
99926009,2026-05-18 12:33:08+05:30,53250.9,0,0.0,0,0.0,0.0,53282.15,53308.4,52783.45,53710.35,0,0.0,0.0,0.0,0.0,-0.01,-1,-1,-0.01,-1,-1,-0.01,-1,-1,-0.01,-1,-1,-0.01,-1,-1,-0.01,-1,-1,-0.01,-1,-1,-0.01,-1,-1,-0.01,-1,-1,-0.01,-1,-1
99926009,2026-05-18 12:33:08+05:30,53250.7,0,0.0,0,0.0,0.0,53282.15,53308.4,52783.45,53710.35,0,0.0,0.0,0.0,0.0,-0.01,-1,-1,-0.01,-1,-1,-0.01,-1,-1,-0.01,-1,-1,-0.01,-1,-1,-0.01,-1,-1,-0.01,-1,-1,-0.01,-1,-1,-0.01,-1,-1,-0.01,-1,-1
99926009,2026-05-18 12:33:09+05:30,53249.9,0,0.0,0,0.0,0.0,53282.15,53308.4,52783.45,53710.35,0,0.0,0.0,0.0,0.0,-0.01,-1,-1,-0.01,-1,-1,-0.01,-1,-1,-0.01,-1,-1,-0.01,-1,-1,-0.01,-1,-1,-0.01,-1,-1,-0.01,-1,-1,-0.01,-1,-1,-0.01,-1,-1
99926009,2026-05-18 12:33:09+05:30,53246.65,0,0.0,0,0.0,0.0,53282.15,53308.4,52783.45,53710.35,0,0.0,0.0,0.0,0.0,-0.01,-1,-1,-0.01,-1,-1,-0.01,-1,-1,-0.01,-1,-1,-0.01,-1,-1,-0.01,-1,-1,-0.01,-1,-1,-0.01,-1,-1,-0.01,-1,-1,-0.01,-1,-1
99926009,2026-05-18 12:33:10+05:30,53252.75,0,0.0,0,0.0,0.0,53282.15,53308.4,52783.45,53710.35,0,0.0,0.0,0.0,0.0,-0.01,-1,-1,-0.01,-1,-1,-0.01,-1,-1,-0.01,-1,-1,-0.01,-1,-1,-0.01,-1,-1,-0.01,-1,-1,-0.01,-1,-1,-0.01,-1,-1,-0.01,-1,-1
99926009,2026-05-18 12:33:10+05:30,53253.45,0,0.0,0,0.0,0.0,53282.15,53308.4,52783.45,53710.35,0,0.0,0.0,0.0,0.0,-0.01,-1,-1,-0.01,-1,-1,-0.01,-1,-1,-0.01,-1,-1,-0.01,-1,-1,-0.01,-1,-1,-0.01,-1,-1,-0.01,-1,-1,-0.01,-1,-1,-0.01,-1,-1
99926009,2026-05-18 12:33:11+05:30,53252.2,0,0.0,0,0.0,0.0,53282.15,53308.4,52783.45,53710.35,0,0.0,0.0,0.0,0.0,-0.01,-1,-1,-0.01,-1,-1,-0.01,-1,-1,-0.01,-1,-1,-0.01,-1,-1,-0.01,-1,-1,-0.01,-1,-1,-0.01,-1,-1,-0.01,-1,-1,-0.01,-1,-1
99926009,2026-05-18 12:33:11+05:30,53246.6,0,0.0,0,0.0,0.0,53282.15,53308.4,52783.45,53710.35,0,0.0,0.0,0.0,0.0,-0.01,-1,-1,-0.01,-1,-1,-0.01,-1,-1,-0.01,-1,-1,-0.01,-1,-1,-0.01,-1,-1,-0.01,-1,-1,-0.01,-1,-1,-0.01,-1,-1,-0.01,-1,-1
99926009,2026-05-18 12:33:12+05:30,53245.0,0,0.0,0,0.0,0.0,53282.15,53308.4,52783.45,53710.35,0,0.0,0.0,0.0,0.0,-0.01,-1,-1,-0.01,-1,-1,-0.01,-1,-1,-0.01,-1,-1,-0.01,-1,-1,-0.01,-1,-1,-0.01,-1,-1,-0.01,-1,-1,-0.01,-1,-1,-0.01,-1,-1
99926009,2026-05-18 12:33:12+05:30,53244.2,0,0.0,0,0.0,0.0,53282.15,53308.4,52783.45,53710.35,0,0.0,0.0,0.0,0.0,-0.01,-1,-1,-0.01,-1,-1,-0.01,-1,-1,-0.01,-1,-1,-0.01,-1,-1,-0.01,-1,-1,-0.01,-1,-1,-0.01,-1,-1,-0.01,-1,-1,-0.01,-1,-1
99926009,2026-05-18 12:33:13+05:30,53246.2,0,0.0,0,0.0,0.0,53282.15,53308.4,52783.45,53710.35,0,0.0,0.0,0.0,0.0,-0.01,-1,-1,-0.01,-1,-1,-0.01,-1,-1,-0.01,-1,-1,-0.01,-1,-1,-0.01,-1,-1,-0.01,-1,-1,-0.01,-1,-1,-0.01,-1,-1,-0.01,-1,-1
99926009,2026-05-18 12:33:13+05:30,53245.15,0,0.0,0,0.0,0.0,53282.15,53308.4,52783.45,53710.35,0,0.0,0.0,0.0,0.0,-0.01,-1,-1,-0.01,-1,-1,-0.01,-1,-1,-0.01,-1,-1,-0.01,-1,-1,-0.01,-1,-1,-0.01,-1,-1,-0.01,-1,-1,-0.01,-1,-1,-0.01,-1,-1
99926009,2026-05-18 12:33:14+05:30,53245.9,0,0.0,0,0.0,0.0,53282.15,53308.4,52783.45,53710.35,0,0.0,0.0,0.0,0.0,-0.01,-1,-1,-0.01,-1,-1,-0.01,-1,-1,-0.01,-1,-1,-0.01,-1,-1,-0.01,-1,-1,-0.01,-1,-1,-0.01,-1,-1,-0.01,-1,-1,-0.01,-1,-1
99926009,2026-05-18 12:33:14+05:30,53245.75,0,0.0,0,0.0,0.0,53282.15,53308.4,52783.45,53710.35,0,0.0,0.0,0.0,0.0,-0.01,-1,-1,-0.01,-1,-1,-0.01,-1,-1,-0.01,-1,-1,-0.01,-1,-1,-0.01,-1,-1,-0.01,-1,-1,-0.01,-1,-1,-0.01,-1,-1,-0.01,-1,-1
99926009,2026-05-18 12:33:15+05:30,53247.85,0,0.0,0,0.0,0.0,53282.15,53308.4,52783.45,53710.35,0,0.0,0.0,0.0,0.0,-0.01,-1,-1,-0.01,-1,-1,-0.01,-1,-1,-0.01,-1,-1,-0.01,-1,-1,-0.01,-1,-1,-0.01,-1,-1,-0.01,-1,-1,-0.01,-1,-1,-0.01,-1,-1
99926009,2026-05-18 12:33:15+05:30,53246.1,0,0.0,0,0.0,0.0,53282.15,53308.4,52783.45,53710.35,0,0.0,0.0,0.0,0.0,-0.01,-1,-1,-0.01,-1,-1,-0.01,-1,-1,-0.01,-1,-1,-0.01,-1,-1,-0.01,-1,-1,-0.01,-1,-1,-0.01,-1,-1,-0.01,-1,-1,-0.01,-1,-1
99926009,2026-05-18 12:33:16+05:30,53249.45,0,0.0,0,0.0,0.0,53282.15,53308.4,52783.45,53710.35,0,0.0,0.0,0.0,0.0,-0.01,-1,-1,-0.01,-1,-1,-0.01,-1,-1,-0.01,-1,-1,-0.01,-1,-1,-0.01,-1,-1,-0.01,-1,-1,-0.01,-1,-1,-0.01,-1,-1,-0.01,-1,-1
99926009,2026-05-18 12:33:16+05:30,53247.2,0,0.0,0,0.0,0.0,53282.15,53308.4,52783.45,53710.35,0,0.0,0.0,0.0,0.0,-0.01,-1,-1,-0.01,-1,-1,-0.01,-1,-1,-0.01,-1,-1,-0.01,-1,-1,-0.01,-1,-1,-0.01,-1,-1,-0.01,-1,-1,-0.01,-1,-1,-0.01,-1,-1
99926009,2026-05-18 12:33:17+05:30,53245.25,0,0.0,0,0.0,0.0,53282.15,53308.4,52783.45,53710.35,0,0.0,0.0,0.0,0.0,-0.01,-1,-1,-0.01,-1,-1,-0.01,-1,-1,-0.01,-1,-1,-0.01,-1,-1,-0.01,-1,-1,-0.01,-1,-1,-0.01,-1,-1,-0.01,-1,-1,-0.01,-1,-1
99926009,2026-05-18 12:33:17+05:30,53247.4,0,0.0,0,0.0,0.0,53282.15,53308.4,52783.45,53710.35,0,0.0,0.0,0.0,0.0,-0.01,-1,-1,-0.01,-1,-1,-0.01,-1,-1,-0.01,-1,-1,-0.01,-1,-1,-0.01,-1,-1,-0.01,-1,-1,-0.01,-1,-1,-0.01,-1,-1,-0.01,-1,-1
99926009,2026-05-18 12:33:18+05:30,53248.4,0,0.0,0,0.0,0.0,53282.15,53308.4,52783.45,53710.35,0,0.0,0.0,0.0,0.0,-0.01,-1,-1,-0.01,-1,-1,-0.01,-1,-1,-0.01,-1,-1,-0.01,-1,-1,-0.01,-1,-1,-0.01,-1,-1,-0.01,-1,-1,-0.01,-1,-1,-0.01,-1,-1
99926009,2026-05-18 12:33:18+05:30,53248.2,0,0.0,0,0.0,0.0,53282.15,53308.4,52783.45,53710.35,0,0.0,0.0,0.0,0.0,-0.01,-1,-1,-0.01,-1,-1,-0.01,-1,-1,-0.01,-1,-1,-0.01,-1,-1,-0.01,-1,-1,-0.01,-1,-1,-0.01,-1,-1,-0.01,-1,-1,-0.01,-1,-1
99926009,2026-05-18 12:33:19+05:30,53247.65,0,0.0,0,0.0,0.0,53282.15,53308.4,52783.45,53710.35,0,0.0,0.0,0.0,0.0,-0.01,-1,-1,-0.01,-1,-1,-0.01,-1,-1,-0.01,-1,-1,-0.01,-1,-1,-0.01,-1,-1,-0.01,-1,-1,-0.01,-1,-1,-0.01,-1,-1,-0.01,-1,-1
99926009,2026-05-18 12:33:19+05:30,53243.6,0,0.0,0,0.0,0.0,53282.15,53308.4,52783.45,53710.35,0,0.0,0.0,0.0,0.0,-0.01,-1,-1,-0.01,-1,-1,-0.01,-1,-1,-0.01,-1,-1,-0.01,-1,-1,-0.01,-1,-1,-0.01,-1,-1,-0.01,-1,-1,-0.01,-1,-1,-0.01,-1,-1
99926009,2026-05-18 12:33:20+05:30,53248.95,0,0.0,0,0.0,0.0,53282.15,53308.4,52783.45,53710.35,0,0.0,0.0,0.0,0.0,-0.01,-1,-1,-0.01,-1,-1,-0.01,-1,-1,-0.01,-1,-1,-0.01,-1,-1,-0.01,-1,-1,-0.01,-1,-1,-0.01,-1,-1,-0.01,-1,-1,-0.01,-1,-1
99926009,2026-05-18 12:33:20+05:30,53244.55,0,0.0,0,0.0,0.0,53282.15,53308.4,52783.45,53710.35,0,0.0,0.0,0.0,0.0,-0.01,-1,-1,-0.01,-1,-1,-0.01,-1,-1,-0.01,-1,-1,-0.01,-1,-1,-0.01,-1,-1,-0.01,-1,-1,-0.01,-1,-1,-0.01,-1,-1,-0.01,-1,-1
99926009,2026-05-18 12:33:21+05:30,53247.65,0,0.0,0,0.0,0.0,53282.15,53308.4,52783.45,53710.35,0,0.0,0.0,0.0,0.0,-0.01,-1,-1,-0.01,-1,-1,-0.01,-1,-1,-0.01,-1,-1,-0.01,-1,-1,-0.01,-1,-1,-0.01,-1,-1,-0.01,-1,-1,-0.01,-1,-1,-0.01,-1,-1
99926009,2026-05-18 12:33:21+05:30,53249.45,0,0.0,0,0.0,0.0,53282.15,53308.4,52783.45,53710.35,0,0.0,0.0,0.0,0.0,-0.01,-1,-1,-0.01,-1,-1,-0.01,-1,-1,-0.01,-1,-1,-0.01,-1,-1,-0.01,-1,-1,-0.01,-1,-1,-0.01,-1,-1,-0.01,-1,-1,-0.01,-1,-1
99926009,2026-05-18 12:33:22+05:30,53247.4,0,0.0,0,0.0,0.0,53282.15,53308.4,52783.45,53710.35,0,0.0,0.0,0.0,0.0,-0.01,-1,-1,-0.01,-1,-1,-0.01,-1,-1,-0.01,-1,-1,-0.01,-1,-1,-0.01,-1,-1,-0.01,-1,-1,-0.01,-1,-1,-0.01,-1,-1,-0.01,-1,-1
99926009,2026-05-18 12:33:22+05:30,53248.65,0,0.0,0,0.0,0.0,53282.15,53308.4,52783.45,53710.35,0,0.0,0.0,0.0,0.0,-0.01,-1,-1,-0.01,-1,-1,-0.01,-1,-1,-0.01,-1,-1,-0.01,-1,-1,-0.01,-1,-1,-0.01,-1,-1,-0.01,-1,-1,-0.01,-1,-1,-0.01,-1,-1
99926009,2026-05-18 12:33:23+05:30,53245.7,0,0.0,0,0.0,0.0,53282.15,53308.4,52783.45,53710.35,0,0.0,0.0,0.0,0.0,-0.01,-1,-1,-0.01,-1,-1,-0.01,-1,-1,-0.01,-1,-1,-0.01,-1,-1,-0.01,-1,-1,-0.01,-1,-1,-0.01,-1,-1,-0.01,-1,-1,-0.01,-1,-1
99926009,2026-05-18 12:33:23+05:30,53243.45,0,0.0,0,0.0,0.0,53282.15,53308.4,52783.45,53710.35,0,0.0,0.0,0.0,0.0,-0.01,-1,-1,-0.01,-1,-1,-0.01,-1,-1,-0.01,-1,-1,-0.01,-1,-1,-0.01,-1,-1,-0.01,-1,-1,-0.01,-1,-1,-0.01,-1,-1,-0.01,-1,-1
99926009,2026-05-18 12:33:24+05:30,53244.85,0,0.0,0,0.0,0.0,53282.15,53308.4,52783.45,53710.35,0,0.0,0.0,0.0,0.0,-0.01,-1,-1,-0.01,-1,-1,-0.01,-1,-1,-0.01,-1,-1,-0.01,-1,-1,-0.01,-1,-1,-0.01,-1,-1,-0.01,-1,-1,-0.01,-1,-1,-0.01,-1,-1
99926009,2026-05-18 12:33:24+05:30,53246.35,0,0.0,0,0.0,0.0,53282.15,53308.4,52783.45,53710.35,0,0.0,0.0,0.0,0.0,-0.01,-1,-1,-0.01,-1,-1,-0.01,-1,-1,-0.01,-1,-1,-0.01,-1,-1,-0.01,-1,-1,-0.01,-1,-1,-0.01,-1,-1,-0.01,-1,-1,-0.01,-1,-1
99926009,2026-05-18 12:33:25+05:30,53246.15,0,0.0,0,0.0,0.0,53282.15,53308.4,52783.45,53710.35,0,0.0,0.0,0.0,0.0,-0.01,-1,-1,-0.01,-1,-1,-0.01,-1,-1,-0.01,-1,-1,-0.01,-1,-1,-0.01,-1,-1,-0.01,-1,-1,-0.01,-1,-1,-0.01,-1,-1,-0.01,-1,-1
99926009,2026-05-18 12:33:25+05:30,53243.6,0,0.0,0,0.0,0.0,53282.15,53308.4,52783.45,53710.35,0,0.0,0.0,0.0,0.0,-0.01,-1,-1,-0.01,-1,-1,-0.01,-1,-1,-0.01,-1,-1,-0.01,-1,-1,-0.01,-1,-1,-0.01,-1,-1,-0.01,-1,-1,-0.01,-1,-1,-0.01,-1,-1
99926009,2026-05-18 12:33:26+05:30,53244.2,0,0.0,0,0.0,0.0,53282.15,53308.4,52783.45,53710.35,0,0.0,0.0,0.0,0.0,-0.01,-1,-1,-0.01,-1,-1,-0.01,-1,-1,-0.01,-1,-1,-0.01,-1,-1,-0.01,-1,-1,-0.01,-1,-1,-0.01,-1,-1,-0.01,-1,-1,-0.01,-1,-1
99926009,2026-05-18 12:33:26+05:30,53243.6,0,0.0,0,0.0,0.0,53282.15,53308.4,52783.45,53710.35,0,0.0,0.0,0.0,0.0,-0.01,-1,-1,-0.01,-1,-1,-0.01,-1,-1,-0.01,-1,-1,-0.01,-1,-1,-0.01,-1,-1,-0.01,-1,-1,-0.01,-1,-1,-0.01,-1,-1,-0.01,-1,-1
99926009,2026-05-18 12:33:27+05:30,53242.25,0,0.0,0,0.0,0.0,53282.15,53308.4,52783.45,53710.35,0,0.0,0.0,0.0,0.0,-0.01,-1,-1,-0.01,-1,-1,-0.01,-1,-1,-0.01,-1,-1,-0.01,-1,-1,-0.01,-1,-1,-0.01,-1,-1,-0.01,-1,-1,-0.01,-1,-1,-0.01,-1,-1
99926009,2026-05-18 12:33:27+05:30,53243.5,0,0.0,0,0.0,0.0,53282.15,53308.4,52783.45,53710.35,0,0.0,0.0,0.0,0.0,-0.01,-1,-1,-0.01,-1,-1,-0.01,-1,-1,-0.01,-1,-1,-0.01,-1,-1,-0.01,-1,-1,-0.01,-1,-1,-0.01,-1,-1,-0.01,-1,-1,-0.01,-1,-1
99926009,2026-05-18 12:33:28+05:30,53241.6,0,0.0,0,0.0,0.0,53282.15,53308.4,52783.45,53710.35,0,0.0,0.0,0.0,0.0,-0.01,-1,-1,-0.01,-1,-1,-0.01,-1,-1,-0.01,-1,-1,-0.01,-1,-1,-0.01,-1,-1,-0.01,-1,-1,-0.01,-1,-1,-0.01,-1,-1,-0.01,-1,-1
99926009,2026-05-18 12:33:28+05:30,53244.35,0,0.0,0,0.0,0.0,53282.15,53308.4,52783.45,53710.35,0,0.0,0.0,0.0,0.0,-0.01,-1,-1,-0.01,-1,-1,-0.01,-1,-1,-0.01,-1,-1,-0.01,-1,-1,-0.01,-1,-1,-0.01,-1,-1,-0.01,-1,-1,-0.01,-1,-1,-0.01,-1,-1
99926009,2026-05-18 12:33:29+05:30,53244.05,0,0.0,0,0.0,0.0,53282.15,53308.4,52783.45,53710.35,0,0.0,0.0,0.0,0.0,-0.01,-1,-1,-0.01,-1,-1,-0.01,-1,-1,-0.01,-1,-1,-0.01,-1,-1,-0.01,-1,-1,-0.01,-1,-1,-0.01,-1,-1,-0.01,-1,-1,-0.01,-1,-1
99926009,2026-05-18 12:33:29+05:30,53240.4,0,0.0,0,0.0,0.0,53282.15,53308.4,52783.45,53710.35,0,0.0,0.0,0.0,0.0,-0.01,-1,-1,-0.01,-1,-1,-0.01,-1,-1,-0.01,-1,-1,-0.01,-1,-1,-0.01,-1,-1,-0.01,-1,-1,-0.01,-1,-1,-0.01,-1,-1,-0.01,-1,-1
99926009,2026-05-18 12:33:30+05:30,53243.45,0,0.0,0,0.0,0.0,53282.15,53308.4,52783.45,53710.35,0,0.0,0.0,0.0,0.0,-0.01,-1,-1,-0.01,-1,-1,-0.01,-1,-1,-0.01,-1,-1,-0.01,-1,-1,-0.01,-1,-1,-0.01,-1,-1,-0.01,-1,-1,-0.01,-1,-1,-0.01,-1,-1
99926009,2026-05-18 12:33:30+05:30,53242.3,0,0.0,0,0.0,0.0,53282.15,53308.4,52783.45,53710.35,0,0.0,0.0,0.0,0.0,-0.01,-1,-1,-0.01,-1,-1,-0.01,-1,-1,-0.01,-1,-1,-0.01,-1,-1,-0.01,-1,-1,-0.01,-1,-1,-0.01,-1,-1,-0.01,-1,-1,-0.01,-1,-1
99926009,2026-05-18 12:33:31+05:30,53245.7,0,0.0,0,0.0,0.0,53282.15,53308.4,52783.45,53710.35,0,0.0,0.0,0.0,0.0,-0.01,-1,-1,-0.01,-1,-1,-0.01,-1,-1,-0.01,-1,-1,-0.01,-1,-1,-0.01,-1,-1,-0.01,-1,-1,-0.01,-1,-1,-0.01,-1,-1,-0.01,-1,-1
99926009,2026-05-18 12:33:31+05:30,53245.1,0,0.0,0,0.0,0.0,53282.15,53308.4,52783.45,53710.35,0,0.0,0.0,0.0,0.0,-0.01,-1,-1,-0.01,-1,-1,-0.01,-1,-1,-0.01,-1,-1,-0.01,-1,-1,-0.01,-1,-1,-0.01,-1,-1,-0.01,-1,-1,-0.01,-1,-1,-0.01,-1,-1
99926009,2026-05-18 12:33:32+05:30,53243.8,0,0.0,0,0.0,0.0,53282.15,53308.4,52783.45,53710.35,0,0.0,0.0,0.0,0.0,-0.01,-1,-1,-0.01,-1,-1,-0.01,-1,-1,-0.01,-1,-1,-0.01,-1,-1,-0.01,-1,-1,-0.01,-1,-1,-0.01,-1,-1,-0.01,-1,-1,-0.01,-1,-1
99926009,2026-05-18 12:33:32+05:30,53243.25,0,0.0,0,0.0,0.0,53282.15,53308.4,52783.45,53710.35,0,0.0,0.0,0.0,0.0,-0.01,-1,-1,-0.01,-1,-1,-0.01,-1,-1,-0.01,-1,-1,-0.01,-1,-1,-0.01,-1,-1,-0.01,-1,-1,-0.01,-1,-1,-0.01,-1,-1,-0.01,-1,-1
99926009,2026-05-18 12:33:33+05:30,53245.65,0,0.0,0,0.0,0.0,53282.15,53308.4,52783.45,53710.35,0,0.0,0.0,0.0,0.0,-0.01,-1,-1,-0.01,-1,-1,-0.01,-1,-1,-0.01,-1,-1,-0.01,-1,-1,-0.01,-1,-1,-0.01,-1,-1,-0.01,-1,-1,-0.01,-1,-1,-0.01,-1,-1
99926009,2026-05-18 12:33:33+05:30,53243.0,0,0.0,0,0.0,0.0,53282.15,53308.4,52783.45,53710.35,0,0.0,0.0,0.0,0.0,-0.01,-1,-1,-0.01,-1,-1,-0.01,-1,-1,-0.01,-1,-1,-0.01,-1,-1,-0.01,-1,-1,-0.01,-1,-1,-0.01,-1,-1,-0.01,-1,-1,-0.01,-1,-1
99926009,2026-05-18 12:33:34+05:30,53240.15,0,0.0,0,0.0,0.0,53282.15,53308.4,52783.45,53710.35,0,0.0,0.0,0.0,0.0,-0.01,-1,-1,-0.01,-1,-1,-0.01,-1,-1,-0.01,-1,-1,-0.01,-1,-1,-0.01,-1,-1,-0.01,-1,-1,-0.01,-1,-1,-0.01,-1,-1,-0.01,-1,-1
99926009,2026-05-18 12:33:34+05:30,53242.55,0,0.0,0,0.0,0.0,53282.15,53308.4,52783.45,53710.35,0,0.0,0.0,0.0,0.0,-0.01,-1,-1,-0.01,-1,-1,-0.01,-1,-1,-0.01,-1,-1,-0.01,-1,-1,-0.01,-1,-1,-0.01,-1,-1,-0.01,-1,-1,-0.01,-1,-1,-0.01,-1,-1
99926009,2026-05-18 12:33:35+05:30,53240.3,0,0.0,0,0.0,0.0,53282.15,53308.4,52783.45,53710.35,0,0.0,0.0,0.0,0.0,-0.01,-1,-1,-0.01,-1,-1,-0.01,-1,-1,-0.01,-1,-1,-0.01,-1,-1,-0.01,-1,-1,-0.01,-1,-1,-0.01,-1,-1,-0.01,-1,-1,-0.01,-1,-1
99926009,2026-05-18 12:33:35+05:30,53243.8,0,0.0,0,0.0,0.0,53282.15,53308.4,52783.45,53710.35,0,0.0,0.0,0.0,0.0,-0.01,-1,-1,-0.01,-1,-1,-0.01,-1,-1,-0.01,-1,-1,-0.01,-1,-1,-0.01,-1,-1,-0.01,-1,-1,-0.01,-1,-1,-0.01,-1,-1,-0.01,-1,-1
99926009,2026-05-18 12:33:36+05:30,53245.05,0,0.0,0,0.0,0.0,53282.15,53308.4,52783.45,53710.35,0,0.0,0.0,0.0,0.0,-0.01,-1,-1,-0.01,-1,-1,-0.01,-1,-1,-0.01,-1,-1,-0.01,-1,-1,-0.01,-1,-1,-0.01,-1,-1,-0.01,-1,-1,-0.01,-1,-1,-0.01,-1,-1
99926009,2026-05-18 12:33:36+05:30,53243.5,0,0.0,0,0.0,0.0,53282.15,53308.4,52783.45,53710.35,0,0.0,0.0,0.0,0.0,-0.01,-1,-1,-0.01,-1,-1,-0.01,-1,-1,-0.01,-1,-1,-0.01,-1,-1,-0.01,-1,-1,-0.01,-1,-1,-0.01,-1,-1,-0.01,-1,-1,-0.01,-1,-1
99926009,2026-05-18 12:33:37+05:30,53243.95,0,0.0,0,0.0,0.0,53282.15,53308.4,52783.45,53710.35,0,0.0,0.0,0.0,0.0,-0.01,-1,-1,-0.01,-1,-1,-0.01,-1,-1,-0.01,-1,-1,-0.01,-1,-1,-0.01,-1,-1,-0.01,-1,-1,-0.01,-1,-1,-0.01,-1,-1,-0.01,-1,-1
99926009,2026-05-18 12:33:37+05:30,53243.95,0,0.0,0,0.0,0.0,53282.15,53308.4,52783.45,53710.35,0,0.0,0.0,0.0,0.0,-0.01,-1,-1,-0.01,-1,-1,-0.01,-1,-1,-0.01,-1,-1,-0.01,-1,-1,-0.01,-1,-1,-0.01,-1,-1,-0.01,-1,-1,-0.01,-1,-1,-0.01,-1,-1
99926009,2026-05-18 12:33:38+05:30,53245.6,0,0.0,0,0.0,0.0,53282.15,53308.4,52783.45,53710.35,0,0.0,0.0,0.0,0.0,-0.01,-1,-1,-0.01,-1,-1,-0.01,-1,-1,-0.01,-1,-1,-0.01,-1,-1,-0.01,-1,-1,-0.01,-1,-1,-0.01,-1,-1,-0.01,-1,-1,-0.01,-1,-1
99926009,2026-05-18 12:33:38+05:30,53242.95,0,0.0,0,0.0,0.0,53282.15,53308.4,52783.45,53710.35,0,0.0,0.0,0.0,0.0,-0.01,-1,-1,-0.01,-1,-1,-0.01,-1,-1,-0.01,-1,-1,-0.01,-1,-1,-0.01,-1,-1,-0.01,-1,-1,-0.01,-1,-1,-0.01,-1,-1,-0.01,-1,-1
99926009,2026-05-18 12:33:39+05:30,53244.35,0,0.0,0,0.0,0.0,53282.15,53308.4,52783.45,53710.35,0,0.0,0.0,0.0,0.0,-0.01,-1,-1,-0.01,-1,-1,-0.01,-1,-1,-0.01,-1,-1,-0.01,-1,-1,-0.01,-1,-1,-0.01,-1,-1,-0.01,-1,-1,-0.01,-1,-1,-0.01,-1,-1
99926009,2026-05-18 12:33:39+05:30,53243.9,0,0.0,0,0.0,0.0,53282.15,53308.4,52783.45,53710.35,0,0.0,0.0,0.0,0.0,-0.01,-1,-1,-0.01,-1,-1,-0.01,-1,-1,-0.01,-1,-1,-0.01,-1,-1,-0.01,-1,-1,-0.01,-1,-1,-0.01,-1,-1,-0.01,-1,-1,-0.01,-1,-1
99926009,2026-05-18 12:33:40+05:30,53244.9,0,0.0,0,0.0,0.0,53282.15,53308.4,52783.45,53710.35,0,0.0,0.0,0.0,0.0,-0.01,-1,-1,-0.01,-1,-1,-0.01,-1,-1,-0.01,-1,-1,-0.01,-1,-1,-0.01,-1,-1,-0.01,-1,-1,-0.01,-1,-1,-0.01,-1,-1,-0.01,-1,-1
99926009,2026-05-18 12:33:40+05:30,53246.85,0,0.0,0,0.0,0.0,53282.15,53308.4,52783.45,53710.35,0,0.0,0.0,0.0,0.0,-0.01,-1,-1,-0.01,-1,-1,-0.01,-1,-1,-0.01,-1,-1,-0.01,-1,-1,-0.01,-1,-1,-0.01,-1,-1,-0.01,-1,-1,-0.01,-1,-1,-0.01,-1,-1
99926009,2026-05-18 12:33:41+05:30,53247.75,0,0.0,0,0.0,0.0,53282.15,53308.4,52783.45,53710.35,0,0.0,0.0,0.0,0.0,-0.01,-1,-1,-0.01,-1,-1,-0.01,-1,-1,-0.01,-1,-1,-0.01,-1,-1,-0.01,-1,-1,-0.01,-1,-1,-0.01,-1,-1,-0.01,-1,-1,-0.01,-1,-1
99926009,2026-05-18 12:33:41+05:30,53244.75,0,0.0,0,0.0,0.0,53282.15,53308.4,52783.45,53710.35,0,0.0,0.0,0.0,0.0,-0.01,-1,-1,-0.01,-1,-1,-0.01,-1,-1,-0.01,-1,-1,-0.01,-1,-1,-0.01,-1,-1,-0.01,-1,-1,-0.01,-1,-1,-0.01,-1,-1,-0.01,-1,-1
99926009,2026-05-18 12:33:42+05:30,53246.8,0,0.0,0,0.0,0.0,53282.15,53308.4,52783.45,53710.35,0,0.0,0.0,0.0,0.0,-0.01,-1,-1,-0.01,-1,-1,-0.01,-1,-1,-0.01,-1,-1,-0.01,-1,-1,-0.01,-1,-1,-0.01,-1,-1,-0.01,-1,-1,-0.01,-1,-1,-0.01,-1,-1
99926009,2026-05-18 12:33:42+05:30,53248.35,0,0.0,0,0.0,0.0,53282.15,53308.4,52783.45,53710.35,0,0.0,0.0,0.0,0.0,-0.01,-1,-1,-0.01,-1,-1,-0.01,-1,-1,-0.01,-1,-1,-0.01,-1,-1,-0.01,-1,-1,-0.01,-1,-1,-0.01,-1,-1,-0.01,-1,-1,-0.01,-1,-1
99926009,2026-05-18 12:33:43+05:30,53245.85,0,0.0,0,0.0,0.0,53282.15,53308.4,52783.45,53710.35,0,0.0,0.0,0.0,0.0,-0.01,-1,-1,-0.01,-1,-1,-0.01,-1,-1,-0.01,-1,-1,-0.01,-1,-1,-0.01,-1,-1,-0.01,-1,-1,-0.01,-1,-1,-0.01,-1,-1,-0.01,-1,-1
99926009,2026-05-18 12:33:43+05:30,53245.1,0,0.0,0,0.0,0.0,53282.15,53308.4,52783.45,53710.35,0,0.0,0.0,0.0,0.0,-0.01,-1,-1,-0.01,-1,-1,-0.01,-1,-1,-0.01,-1,-1,-0.01,-1,-1,-0.01,-1,-1,-0.01,-1,-1,-0.01,-1,-1,-0.01,-1,-1,-0.01,-1,-1
99926009,2026-05-18 12:33:44+05:30,53243.85,0,0.0,0,0.0,0.0,53282.15,53308.4,52783.45,53710.35,0,0.0,0.0,0.0,0.0,-0.01,-1,-1,-0.01,-1,-1,-0.01,-1,-1,-0.01,-1,-1,-0.01,-1,-1,-0.01,-1,-1,-0.01,-1,-1,-0.01,-1,-1,-0.01,-1,-1,-0.01,-1,-1
99926009,2026-05-18 12:33:44+05:30,53243.15,0,0.0,0,0.0,0.0,53282.15,53308.4,52783.45,53710.35,0,0.0,0.0,0.0,0.0,-0.01,-1,-1,-0.01,-1,-1,-0.01,-1,-1,-0.01,-1,-1,-0.01,-1,-1,-0.01,-1,-1,-0.01,-1,-1,-0.01,-1,-1,-0.01,-1,-1,-0.01,-1,-1
99926009,2026-05-18 12:33:45+05:30,53247.95,0,0.0,0,0.0,0.0,53282.15,53308.4,52783.45,53710.35,0,0.0,0.0,0.0,0.0,-0.01,-1,-1,-0.01,-1,-1,-0.01,-1,-1,-0.01,-1,-1,-0.01,-1,-1,-0.01,-1,-1,-0.01,-1,-1,-0.01,-1,-1,-0.01,-1,-1,-0.01,-1,-1
99926009,2026-05-18 12:33:45+05:30,53246.85,0,0.0,0,0.0,0.0,53282.15,53308.4,52783.45,53710.35,0,0.0,0.0,0.0,0.0,-0.01,-1,-1,-0.01,-1,-1,-0.01,-1,-1,-0.01,-1,-1,-0.01,-1,-1,-0.01,-1,-1,-0.01,-1,-1,-0.01,-1,-1,-0.01,-1,-1,-0.01,-1,-1
99926009,2026-05-18 12:33:46+05:30,53249.25,0,0.0,0,0.0,0.0,53282.15,53308.4,52783.45,53710.35,0,0.0,0.0,0.0,0.0,-0.01,-1,-1,-0.01,-1,-1,-0.01,-1,-1,-0.01,-1,-1,-0.01,-1,-1,-0.01,-1,-1,-0.01,-1,-1,-0.01,-1,-1,-0.01,-1,-1,-0.01,-1,-1
99926009,2026-05-18 12:33:46+05:30,53244.8,0,0.0,0,0.0,0.0,53282.15,53308.4,52783.45,53710.35,0,0.0,0.0,0.0,0.0,-0.01,-1,-1,-0.01,-1,-1,-0.01,-1,-1,-0.01,-1,-1,-0.01,-1,-1,-0.01,-1,-1,-0.01,-1,-1,-0.01,-1,-1,-0.01,-1,-1,-0.01,-1,-1
99926009,2026-05-18 12:33:47+05:30,53244.65,0,0.0,0,0.0,0.0,53282.15,53308.4,52783.45,53710.35,0,0.0,0.0,0.0,0.0,-0.01,-1,-1,-0.01,-1,-1,-0.01,-1,-1,-0.01,-1,-1,-0.01,-1,-1,-0.01,-1,-1,-0.01,-1,-1,-0.01,-1,-1,-0.01,-1,-1,-0.01,-1,-1
99926009,2026-05-18 12:33:47+05:30,53248.8,0,0.0,0,0.0,0.0,53282.15,53308.4,52783.45,53710.35,0,0.0,0.0,0.0,0.0,-0.01,-1,-1,-0.01,-1,-1,-0.01,-1,-1,-0.01,-1,-1,-0.01,-1,-1,-0.01,-1,-1,-0.01,-1,-1,-0.01,-1,-1,-0.01,-1,-1,-0.01,-1,-1
99926009,2026-05-18 12:33:48+05:30,53247.5,0,0.0,0,0.0,0.0,53282.15,53308.4,52783.45,53710.35,0,0.0,0.0,0.0,0.0,-0.01,-1,-1,-0.01,-1,-1,-0.01,-1,-1,-0.01,-1,-1,-0.01,-1,-1,-0.01,-1,-1,-0.01,-1,-1,-0.01,-1,-1,-0.01,-1,-1,-0.01,-1,-1
99926009,2026-05-18 12:33:48+05:30,53251.7,0,0.0,0,0.0,0.0,53282.15,53308.4,52783.45,53710.35,0,0.0,0.0,0.0,0.0,-0.01,-1,-1,-0.01,-1,-1,-0.01,-1,-1,-0.01,-1,-1,-0.01,-1,-1,-0.01,-1,-1,-0.01,-1,-1,-0.01,-1,-1,-0.01,-1,-1,-0.01,-1,-1
99926009,2026-05-18 12:33:49+05:30,53247.0,0,0.0,0,0.0,0.0,53282.15,53308.4,52783.45,53710.35,0,0.0,0.0,0.0,0.0,-0.01,-1,-1,-0.01,-1,-1,-0.01,-1,-1,-0.01,-1,-1,-0.01,-1,-1,-0.01,-1,-1,-0.01,-1,-1,-0.01,-1,-1,-0.01,-1,-1,-0.01,-1,-1
99926009,2026-05-18 12:33:49+05:30,53247.05,0,0.0,0,0.0,0.0,53282.15,53308.4,52783.45,53710.35,0,0.0,0.0,0.0,0.0,-0.01,-1,-1,-0.01,-1,-1,-0.01,-1,-1,-0.01,-1,-1,-0.01,-1,-1,-0.01,-1,-1,-0.01,-1,-1,-0.01,-1,-1,-0.01,-1,-1,-0.01,-1,-1
99926009,2026-05-18 12:33:50+05:30,53243.85,0,0.0,0,0.0,0.0,53282.15,53308.4,52783.45,53710.35,0,0.0,0.0,0.0,0.0,-0.01,-1,-1,-0.01,-1,-1,-0.01,-1,-1,-0.01,-1,-1,-0.01,-1,-1,-0.01,-1,-1,-0.01,-1,-1,-0.01,-1,-1,-0.01,-1,-1,-0.01,-1,-1
99926009,2026-05-18 12:33:50+05:30,53241.05,0,0.0,0,0.0,0.0,53282.15,53308.4,52783.45,53710.35,0,0.0,0.0,0.0,0.0,-0.01,-1,-1,-0.01,-1,-1,-0.01,-1,-1,-0.01,-1,-1,-0.01,-1,-1,-0.01,-1,-1,-0.01,-1,-1,-0.01,-1,-1,-0.01,-1,-1,-0.01,-1,-1
99926009,2026-05-18 12:33:51+05:30,53250.45,0,0.0,0,0.0,0.0,53282.15,53308.4,52783.45,53710.35,0,0.0,0.0,0.0,0.0,-0.01,-1,-1,-0.01,-1,-1,-0.01,-1,-1,-0.01,-1,-1,-0.01,-1,-1,-0.01,-1,-1,-0.01,-1,-1,-0.01,-1,-1,-0.01,-1,-1,-0.01,-1,-1
99926009,2026-05-18 12:33:51+05:30,53251.95,0,0.0,0,0.0,0.0,53282.15,53308.4,52783.45,53710.35,0,0.0,0.0,0.0,0.0,-0.01,-1,-1,-0.01,-1,-1,-0.01,-1,-1,-0.01,-1,-1,-0.01,-1,-1,-0.01,-1,-1,-0.01,-1,-1,-0.01,-1,-1,-0.01,-1,-1,-0.01,-1,-1
99926009,2026-05-18 12:33:52+05:30,53248.4,0,0.0,0,0.0,0.0,53282.15,53308.4,52783.45,53710.35,0,0.0,0.0,0.0,0.0,-0.01,-1,-1,-0.01,-1,-1,-0.01,-1,-1,-0.01,-1,-1,-0.01,-1,-1,-0.01,-1,-1,-0.01,-1,-1,-0.01,-1,-1,-0.01,-1,-1,-0.01,-1,-1
99926009,2026-05-18 12:33:52+05:30,53247.6,0,0.0,0,0.0,0.0,53282.15,53308.4,52783.45,53710.35,0,0.0,0.0,0.0,0.0,-0.01,-1,-1,-0.01,-1,-1,-0.01,-1,-1,-0.01,-1,-1,-0.01,-1,-1,-0.01,-1,-1,-0.01,-1,-1,-0.01,-1,-1,-0.01,-1,-1,-0.01,-1,-1
99926009,2026-05-18 12:33:53+05:30,53245.75,0,0.0,0,0.0,0.0,53282.15,53308.4,52783.45,53710.35,0,0.0,0.0,0.0,0.0,-0.01,-1,-1,-0.01,-1,-1,-0.01,-1,-1,-0.01,-1,-1,-0.01,-1,-1,-0.01,-1,-1,-0.01,-1,-1,-0.01,-1,-1,-0.01,-1,-1,-0.01,-1,-1
99926009,2026-05-18 12:33:53+05:30,53249.55,0,0.0,0,0.0,0.0,53282.15,53308.4,52783.45,53710.35,0,0.0,0.0,0.0,0.0,-0.01,-1,-1,-0.01,-1,-1,-0.01,-1,-1,-0.01,-1,-1,-0.01,-1,-1,-0.01,-1,-1,-0.01,-1,-1,-0.01,-1,-1,-0.01,-1,-1,-0.01,-1,-1
99926009,2026-05-18 12:33:54+05:30,53246.15,0,0.0,0,0.0,0.0,53282.15,53308.4,52783.45,53710.35,0,0.0,0.0,0.0,0.0,-0.01,-1,-1,-0.01,-1,-1,-0.01,-1,-1,-0.01,-1,-1,-0.01,-1,-1,-0.01,-1,-1,-0.01,-1,-1,-0.01,-1,-1,-0.01,-1,-1,-0.01,-1,-1
99926009,2026-05-18 12:33:54+05:30,53243.7,0,0.0,0,0.0,0.0,53282.15,53308.4,52783.45,53710.35,0,0.0,0.0,0.0,0.0,-0.01,-1,-1,-0.01,-1,-1,-0.01,-1,-1,-0.01,-1,-1,-0.01,-1,-1,-0.01,-1,-1,-0.01,-1,-1,-0.01,-1,-1,-0.01,-1,-1,-0.01,-1,-1
99926009,2026-05-18 12:33:55+05:30,53248.4,0,0.0,0,0.0,0.0,53282.15,53308.4,52783.45,53710.35,0,0.0,0.0,0.0,0.0,-0.01,-1,-1,-0.01,-1,-1,-0.01,-1,-1,-0.01,-1,-1,-0.01,-1,-1,-0.01,-1,-1,-0.01,-1,-1,-0.01,-1,-1,-0.01,-1,-1,-0.01,-1,-1
99926009,2026-05-18 12:33:55+05:30,53245.8,0,0.0,0,0.0,0.0,53282.15,53308.4,52783.45,53710.35,0,0.0,0.0,0.0,0.0,-0.01,-1,-1,-0.01,-1,-1,-0.01,-1,-1,-0.01,-1,-1,-0.01,-1,-1,-0.01,-1,-1,-0.01,-1,-1,-0.01,-1,-1,-0.01,-1,-1,-0.01,-1,-1
99926009,2026-05-18 12:33:56+05:30,53248.1,0,0.0,0,0.0,0.0,53282.15,53308.4,52783.45,53710.35,0,0.0,0.0,0.0,0.0,-0.01,-1,-1,-0.01,-1,-1,-0.01,-1,-1,-0.01,-1,-1,-0.01,-1,-1,-0.01,-1,-1,-0.01,-1,-1,-0.01,-1,-1,-0.01,-1,-1,-0.01,-1,-1
99926009,2026-05-18 12:33:56+05:30,53241.8,0,0.0,0,0.0,0.0,53282.15,53308.4,52783.45,53710.35,0,0.0,0.0,0.0,0.0,-0.01,-1,-1,-0.01,-1,-1,-0.01,-1,-1,-0.01,-1,-1,-0.01,-1,-1,-0.01,-1,-1,-0.01,-1,-1,-0.01,-1,-1,-0.01,-1,-1,-0.01,-1,-1
99926009,2026-05-18 12:33:57+05:30,53243.35,0,0.0,0,0.0,0.0,53282.15,53308.4,52783.45,53710.35,0,0.0,0.0,0.0,0.0,-0.01,-1,-1,-0.01,-1,-1,-0.01,-1,-1,-0.01,-1,-1,-0.01,-1,-1,-0.01,-1,-1,-0.01,-1,-1,-0.01,-1,-1,-0.01,-1,-1,-0.01,-1,-1
99926009,2026-05-18 12:33:57+05:30,53243.4,0,0.0,0,0.0,0.0,53282.15,53308.4,52783.45,53710.35,0,0.0,0.0,0.0,0.0,-0.01,-1,-1,-0.01,-1,-1,-0.01,-1,-1,-0.01,-1,-1,-0.01,-1,-1,-0.01,-1,-1,-0.01,-1,-1,-0.01,-1,-1,-0.01,-1,-1,-0.01,-1,-1
99926009,2026-05-18 12:33:58+05:30,53242.9,0,0.0,0,0.0,0.0,53282.15,53308.4,52783.45,53710.35,0,0.0,0.0,0.0,0.0,-0.01,-1,-1,-0.01,-1,-1,-0.01,-1,-1,-0.01,-1,-1,-0.01,-1,-1,-0.01,-1,-1,-0.01,-1,-1,-0.01,-1,-1,-0.01,-1,-1,-0.01,-1,-1
99926009,2026-05-18 12:33:58+05:30,53240.0,0,0.0,0,0.0,0.0,53282.15,53308.4,52783.45,53710.35,0,0.0,0.0,0.0,0.0,-0.01,-1,-1,-0.01,-1,-1,-0.01,-1,-1,-0.01,-1,-1,-0.01,-1,-1,-0.01,-1,-1,-0.01,-1,-1,-0.01,-1,-1,-0.01,-1,-1,-0.01,-1,-1
99926009,2026-05-18 12:33:59+05:30,53240.4,0,0.0,0,0.0,0.0,53282.15,53308.4,52783.45,53710.35,0,0.0,0.0,0.0,0.0,-0.01,-1,-1,-0.01,-1,-1,-0.01,-1,-1,-0.01,-1,-1,-0.01,-1,-1,-0.01,-1,-1,-0.01,-1,-1,-0.01,-1,-1,-0.01,-1,-1,-0.01,-1,-1
99926009,2026-05-18 12:33:59+05:30,53238.95,0,0.0,0,0.0,0.0,53282.15,53308.4,52783.45,53710.35,0,0.0,0.0,0.0,0.0,-0.01,-1,-1,-0.01,-1,-1,-0.01,-1,-1,-0.01,-1,-1,-0.01,-1,-1,-0.01,-1,-1,-0.01,-1,-1,-0.01,-1,-1,-0.01,-1,-1,-0.01,-1,-1
99926009,2026-05-18 12:34:00+05:30,53246.1,0,0.0,0,0.0,0.0,53282.15,53308.4,52783.45,53710.35,0,0.0,0.0,0.0,0.0,-0.01,-1,-1,-0.01,-1,-1,-0.01,-1,-1,-0.01,-1,-1,-0.01,-1,-1,-0.01,-1,-1,-0.01,-1,-1,-0.01,-1,-1,-0.01,-1,-1,-0.01,-1,-1
99926009,2026-05-18 12:34:00+05:30,53242.7,0,0.0,0,0.0,0.0,53282.15,53308.4,52783.45,53710.35,0,0.0,0.0,0.0,0.0,-0.01,-1,-1,-0.01,-1,-1,-0.01,-1,-1,-0.01,-1,-1,-0.01,-1,-1,-0.01,-1,-1,-0.01,-1,-1,-0.01,-1,-1,-0.01,-1,-1,-0.01,-1,-1
99926009,2026-05-18 12:34:01+05:30,53247.75,0,0.0,0,0.0,0.0,53282.15,53308.4,52783.45,53710.35,0,0.0,0.0,0.0,0.0,-0.01,-1,-1,-0.01,-1,-1,-0.01,-1,-1,-0.01,-1,-1,-0.01,-1,-1,-0.01,-1,-1,-0.01,-1,-1,-0.01,-1,-1,-0.01,-1,-1,-0.01,-1,-1
99926009,2026-05-18 12:34:01+05:30,53246.35,0,0.0,0,0.0,0.0,53282.15,53308.4,52783.45,53710.35,0,0.0,0.0,0.0,0.0,-0.01,-1,-1,-0.01,-1,-1,-0.01,-1,-1,-0.01,-1,-1,-0.01,-1,-1,-0.01,-1,-1,-0.01,-1,-1,-0.01,-1,-1,-0.01,-1,-1,-0.01,-1,-1
99926009,2026-05-18 12:34:02+05:30,53247.05,0,0.0,0,0.0,0.0,53282.15,53308.4,52783.45,53710.35,0,0.0,0.0,0.0,0.0,-0.01,-1,-1,-0.01,-1,-1,-0.01,-1,-1,-0.01,-1,-1,-0.01,-1,-1,-0.01,-1,-1,-0.01,-1,-1,-0.01,-1,-1,-0.01,-1,-1,-0.01,-1,-1
99926009,2026-05-18 12:34:02+05:30,53245.5,0,0.0,0,0.0,0.0,53282.15,53308.4,52783.45,53710.35,0,0.0,0.0,0.0,0.0,-0.01,-1,-1,-0.01,-1,-1,-0.01,-1,-1,-0.01,-1,-1,-0.01,-1,-1,-0.01,-1,-1,-0.01,-1,-1,-0.01,-1,-1,-0.01,-1,-1,-0.01,-1,-1
99926009,2026-05-18 12:34:03+05:30,53249.3,0,0.0,0,0.0,0.0,53282.15,53308.4,52783.45,53710.35,0,0.0,0.0,0.0,0.0,-0.01,-1,-1,-0.01,-1,-1,-0.01,-1,-1,-0.01,-1,-1,-0.01,-1,-1,-0.01,-1,-1,-0.01,-1,-1,-0.01,-1,-1,-0.01,-1,-1,-0.01,-1,-1
99926009,2026-05-18 12:34:03+05:30,53246.85,0,0.0,0,0.0,0.0,53282.15,53308.4,52783.45,53710.35,0,0.0,0.0,0.0,0.0,-0.01,-1,-1,-0.01,-1,-1,-0.01,-1,-1,-0.01,-1,-1,-0.01,-1,-1,-0.01,-1,-1,-0.01,-1,-1,-0.01,-1,-1,-0.01,-1,-1,-0.01,-1,-1
99926009,2026-05-18 12:34:04+05:30,53249.45,0,0.0,0,0.0,0.0,53282.15,53308.4,52783.45,53710.35,0,0.0,0.0,0.0,0.0,-0.01,-1,-1,-0.01,-1,-1,-0.01,-1,-1,-0.01,-1,-1,-0.01,-1,-1,-0.01,-1,-1,-0.01,-1,-1,-0.01,-1,-1,-0.01,-1,-1,-0.01,-1,-1
99926009,2026-05-18 12:34:04+05:30,53247.55,0,0.0,0,0.0,0.0,53282.15,53308.4,52783.45,53710.35,0,0.0,0.0,0.0,0.0,-0.01,-1,-1,-0.01,-1,-1,-0.01,-1,-1,-0.01,-1,-1,-0.01,-1,-1,-0.01,-1,-1,-0.01,-1,-1,-0.01,-1,-1,-0.01,-1,-1,-0.01,-1,-1
99926009,2026-05-18 12:34:05+05:30,53248.2,0,0.0,0,0.0,0.0,53282.15,53308.4,52783.45,53710.35,0,0.0,0.0,0.0,0.0,-0.01,-1,-1,-0.01,-1,-1,-0.01,-1,-1,-0.01,-1,-1,-0.01,-1,-1,-0.01,-1,-1,-0.01,-1,-1,-0.01,-1,-1,-0.01,-1,-1,-0.01,-1,-1
99926009,2026-05-18 12:34:05+05:30,53248.8,0,0.0,0,0.0,0.0,53282.15,53308.4,52783.45,53710.35,0,0.0,0.0,0.0,0.0,-0.01,-1,-1,-0.01,-1,-1,-0.01,-1,-1,-0.01,-1,-1,-0.01,-1,-1,-0.01,-1,-1,-0.01,-1,-1,-0.01,-1,-1,-0.01,-1,-1,-0.01,-1,-1
99926009,2026-05-18 12:34:06+05:30,53248.6,0,0.0,0,0.0,0.0,53282.15,53308.4,52783.45,53710.35,0,0.0,0.0,0.0,0.0,-0.01,-1,-1,-0.01,-1,-1,-0.01,-1,-1,-0.01,-1,-1,-0.01,-1,-1,-0.01,-1,-1,-0.01,-1,-1,-0.01,-1,-1,-0.01,-1,-1,-0.01,-1,-1
99926009,2026-05-18 12:34:06+05:30,53250.0,0,0.0,0,0.0,0.0,53282.15,53308.4,52783.45,53710.35,0,0.0,0.0,0.0,0.0,-0.01,-1,-1,-0.01,-1,-1,-0.01,-1,-1,-0.01,-1,-1,-0.01,-1,-1,-0.01,-1,-1,-0.01,-1,-1,-0.01,-1,-1,-0.01,-1,-1,-0.01,-1,-1
99926009,2026-05-18 12:34:07+05:30,53248.7,0,0.0,0,0.0,0.0,53282.15,53308.4,52783.45,53710.35,0,0.0,0.0,0.0,0.0,-0.01,-1,-1,-0.01,-1,-1,-0.01,-1,-1,-0.01,-1,-1,-0.01,-1,-1,-0.01,-1,-1,-0.01,-1,-1,-0.01,-1,-1,-0.01,-1,-1,-0.01,-1,-1
99926009,2026-05-18 12:34:07+05:30,53247.95,0,0.0,0,0.0,0.0,53282.15,53308.4,52783.45,53710.35,0,0.0,0.0,0.0,0.0,-0.01,-1,-1,-0.01,-1,-1,-0.01,-1,-1,-0.01,-1,-1,-0.01,-1,-1,-0.01,-1,-1,-0.01,-1,-1,-0.01,-1,-1,-0.01,-1,-1,-0.01,-1,-1
99926009,2026-05-18 12:34:08+05:30,53247.65,0,0.0,0,0.0,0.0,53282.15,53308.4,52783.45,53710.35,0,0.0,0.0,0.0,0.0,-0.01,-1,-1,-0.01,-1,-1,-0.01,-1,-1,-0.01,-1,-1,-0.01,-1,-1,-0.01,-1,-1,-0.01,-1,-1,-0.01,-1,-1,-0.01,-1,-1,-0.01,-1,-1
99926009,2026-05-18 12:34:08+05:30,53245.4,0,0.0,0,0.0,0.0,53282.15,53308.4,52783.45,53710.35,0,0.0,0.0,0.0,0.0,-0.01,-1,-1,-0.01,-1,-1,-0.01,-1,-1,-0.01,-1,-1,-0.01,-1,-1,-0.01,-1,-1,-0.01,-1,-1,-0.01,-1,-1,-0.01,-1,-1,-0.01,-1,-1
99926009,2026-05-18 12:34:09+05:30,53251.05,0,0.0,0,0.0,0.0,53282.15,53308.4,52783.45,53710.35,0,0.0,0.0,0.0,0.0,-0.01,-1,-1,-0.01,-1,-1,-0.01,-1,-1,-0.01,-1,-1,-0.01,-1,-1,-0.01,-1,-1,-0.01,-1,-1,-0.01,-1,-1,-0.01,-1,-1,-0.01,-1,-1
99926009,2026-05-18 12:34:09+05:30,53248.25,0,0.0,0,0.0,0.0,53282.15,53308.4,52783.45,53710.35,0,0.0,0.0,0.0,0.0,-0.01,-1,-1,-0.01,-1,-1,-0.01,-1,-1,-0.01,-1,-1,-0.01,-1,-1,-0.01,-1,-1,-0.01,-1,-1,-0.01,-1,-1,-0.01,-1,-1,-0.01,-1,-1
99926009,2026-05-18 12:34:10+05:30,53251.95,0,0.0,0,0.0,0.0,53282.15,53308.4,52783.45,53710.35,0,0.0,0.0,0.0,0.0,-0.01,-1,-1,-0.01,-1,-1,-0.01,-1,-1,-0.01,-1,-1,-0.01,-1,-1,-0.01,-1,-1,-0.01,-1,-1,-0.01,-1,-1,-0.01,-1,-1,-0.01,-1,-1
99926009,2026-05-18 12:34:10+05:30,53248.7,0,0.0,0,0.0,0.0,53282.15,53308.4,52783.45,53710.35,0,0.0,0.0,0.0,0.0,-0.01,-1,-1,-0.01,-1,-1,-0.01,-1,-1,-0.01,-1,-1,-0.01,-1,-1,-0.01,-1,-1,-0.01,-1,-1,-0.01,-1,-1,-0.01,-1,-1,-0.01,-1,-1
99926009,2026-05-18 12:34:11+05:30,53249.3,0,0.0,0,0.0,0.0,53282.15,53308.4,52783.45,53710.35,0,0.0,0.0,0.0,0.0,-0.01,-1,-1,-0.01,-1,-1,-0.01,-1,-1,-0.01,-1,-1,-0.01,-1,-1,-0.01,-1,-1,-0.01,-1,-1,-0.01,-1,-1,-0.01,-1,-1,-0.01,-1,-1
99926009,2026-05-18 12:34:11+05:30,53247.85,0,0.0,0,0.0,0.0,53282.15,53308.4,52783.45,53710.35,0,0.0,0.0,0.0,0.0,-0.01,-1,-1,-0.01,-1,-1,-0.01,-1,-1,-0.01,-1,-1,-0.01,-1,-1,-0.01,-1,-1,-0.01,-1,-1,-0.01,-1,-1,-0.01,-1,-1,-0.01,-1,-1
99926009,2026-05-18 12:34:12+05:30,53248.55,0,0.0,0,0.0,0.0,53282.15,53308.4,52783.45,53710.35,0,0.0,0.0,0.0,0.0,-0.01,-1,-1,-0.01,-1,-1,-0.01,-1,-1,-0.01,-1,-1,-0.01,-1,-1,-0.01,-1,-1,-0.01,-1,-1,-0.01,-1,-1,-0.01,-1,-1,-0.01,-1,-1
99926009,2026-05-18 12:34:12+05:30,53242.9,0,0.0,0,0.0,0.0,53282.15,53308.4,52783.45,53710.35,0,0.0,0.0,0.0,0.0,-0.01,-1,-1,-0.01,-1,-1,-0.01,-1,-1,-0.01,-1,-1,-0.01,-1,-1,-0.01,-1,-1,-0.01,-1,-1,-0.01,-1,-1,-0.01,-1,-1,-0.01,-1,-1
99926009,2026-05-18 12:34:13+05:30,53248.75,0,0.0,0,0.0,0.0,53282.15,53308.4,52783.45,53710.35,0,0.0,0.0,0.0,0.0,-0.01,-1,-1,-0.01,-1,-1,-0.01,-1,-1,-0.01,-1,-1,-0.01,-1,-1,-0.01,-1,-1,-0.01,-1,-1,-0.01,-1,-1,-0.01,-1,-1,-0.01,-1,-1
99926009,2026-05-18 12:34:13+05:30,53249.65,0,0.0,0,0.0,0.0,53282.15,53308.4,52783.45,53710.35,0,0.0,0.0,0.0,0.0,-0.01,-1,-1,-0.01,-1,-1,-0.01,-1,-1,-0.01,-1,-1,-0.01,-1,-1,-0.01,-1,-1,-0.01,-1,-1,-0.01,-1,-1,-0.01,-1,-1,-0.01,-1,-1
99926009,2026-05-18 12:34:14+05:30,53251.5,0,0.0,0,0.0,0.0,53282.15,53308.4,52783.45,53710.35,0,0.0,0.0,0.0,0.0,-0.01,-1,-1,-0.01,-1,-1,-0.01,-1,-1,-0.01,-1,-1,-0.01,-1,-1,-0.01,-1,-1,-0.01,-1,-1,-0.01,-1,-1,-0.01,-1,-1,-0.01,-1,-1
99926009,2026-05-18 12:34:14+05:30,53247.4,0,0.0,0,0.0,0.0,53282.15,53308.4,52783.45,53710.35,0,0.0,0.0,0.0,0.0,-0.01,-1,-1,-0.01,-1,-1,-0.01,-1,-1,-0.01,-1,-1,-0.01,-1,-1,-0.01,-1,-1,-0.01,-1,-1,-0.01,-1,-1,-0.01,-1,-1,-0.01,-1,-1
99926009,2026-05-18 12:34:15+05:30,53248.35,0,0.0,0,0.0,0.0,53282.15,53308.4,52783.45,53710.35,0,0.0,0.0,0.0,0.0,-0.01,-1,-1,-0.01,-1,-1,-0.01,-1,-1,-0.01,-1,-1,-0.01,-1,-1,-0.01,-1,-1,-0.01,-1,-1,-0.01,-1,-1,-0.01,-1,-1,-0.01,-1,-1
99926009,2026-05-18 12:34:15+05:30,53248.4,0,0.0,0,0.0,0.0,53282.15,53308.4,52783.45,53710.35,0,0.0,0.0,0.0,0.0,-0.01,-1,-1,-0.01,-1,-1,-0.01,-1,-1,-0.01,-1,-1,-0.01,-1,-1,-0.01,-1,-1,-0.01,-1,-1,-0.01,-1,-1,-0.01,-1,-1,-0.01,-1,-1
99926009,2026-05-18 12:34:16+05:30,53252.25,0,0.0,0,0.0,0.0,53282.15,53308.4,52783.45,53710.35,0,0.0,0.0,0.0,0.0,-0.01,-1,-1,-0.01,-1,-1,-0.01,-1,-1,-0.01,-1,-1,-0.01,-1,-1,-0.01,-1,-1,-0.01,-1,-1,-0.01,-1,-1,-0.01,-1,-1,-0.01,-1,-1
99926009,2026-05-18 12:34:16+05:30,53251.85,0,0.0,0,0.0,0.0,53282.15,53308.4,52783.45,53710.35,0,0.0,0.0,0.0,0.0,-0.01,-1,-1,-0.01,-1,-1,-0.01,-1,-1,-0.01,-1,-1,-0.01,-1,-1,-0.01,-1,-1,-0.01,-1,-1,-0.01,-1,-1,-0.01,-1,-1,-0.01,-1,-1
99926009,2026-05-18 12:34:17+05:30,53248.3,0,0.0,0,0.0,0.0,53282.15,53308.4,52783.45,53710.35,0,0.0,0.0,0.0,0.0,-0.01,-1,-1,-0.01,-1,-1,-0.01,-1,-1,-0.01,-1,-1,-0.01,-1,-1,-0.01,-1,-1,-0.01,-1,-1,-0.01,-1,-1,-0.01,-1,-1,-0.01,-1,-1
99926009,2026-05-18 12:34:17+05:30,53251.6,0,0.0,0,0.0,0.0,53282.15,53308.4,52783.45,53710.35,0,0.0,0.0,0.0,0.0,-0.01,-1,-1,-0.01,-1,-1,-0.01,-1,-1,-0.01,-1,-1,-0.01,-1,-1,-0.01,-1,-1,-0.01,-1,-1,-0.01,-1,-1,-0.01,-1,-1,-0.01,-1,-1
99926009,2026-05-18 12:34:18+05:30,53252.75,0,0.0,0,0.0,0.0,53282.15,53308.4,52783.45,53710.35,0,0.0,0.0,0.0,0.0,-0.01,-1,-1,-0.01,-1,-1,-0.01,-1,-1,-0.01,-1,-1,-0.01,-1,-1,-0.01,-1,-1,-0.01,-1,-1,-0.01,-1,-1,-0.01,-1,-1,-0.01,-1,-1
99926009,2026-05-18 12:34:18+05:30,53251.2,0,0.0,0,0.0,0.0,53282.15,53308.4,52783.45,53710.35,0,0.0,0.0,0.0,0.0,-0.01,-1,-1,-0.01,-1,-1,-0.01,-1,-1,-0.01,-1,-1,-0.01,-1,-1,-0.01,-1,-1,-0.01,-1,-1,-0.01,-1,-1,-0.01,-1,-1,-0.01,-1,-1
99926009,2026-05-18 12:34:19+05:30,53251.5,0,0.0,0,0.0,0.0,53282.15,53308.4,52783.45,53710.35,0,0.0,0.0,0.0,0.0,-0.01,-1,-1,-0.01,-1,-1,-0.01,-1,-1,-0.01,-1,-1,-0.01,-1,-1,-0.01,-1,-1,-0.01,-1,-1,-0.01,-1,-1,-0.01,-1,-1,-0.01,-1,-1
99926009,2026-05-18 12:34:19+05:30,53249.15,0,0.0,0,0.0,0.0,53282.15,53308.4,52783.45,53710.35,0,0.0,0.0,0.0,0.0,-0.01,-1,-1,-0.01,-1,-1,-0.01,-1,-1,-0.01,-1,-1,-0.01,-1,-1,-0.01,-1,-1,-0.01,-1,-1,-0.01,-1,-1,-0.01,-1,-1,-0.01,-1,-1
99926009,2026-05-18 12:34:20+05:30,53252.65,0,0.0,0,0.0,0.0,53282.15,53308.4,52783.45,53710.35,0,0.0,0.0,0.0,0.0,-0.01,-1,-1,-0.01,-1,-1,-0.01,-1,-1,-0.01,-1,-1,-0.01,-1,-1,-0.01,-1,-1,-0.01,-1,-1,-0.01,-1,-1,-0.01,-1,-1,-0.01,-1,-1
99926009,2026-05-18 12:34:20+05:30,53253.65,0,0.0,0,0.0,0.0,53282.15,53308.4,52783.45,53710.35,0,0.0,0.0,0.0,0.0,-0.01,-1,-1,-0.01,-1,-1,-0.01,-1,-1,-0.01,-1,-1,-0.01,-1,-1,-0.01,-1,-1,-0.01,-1,-1,-0.01,-1,-1,-0.01,-1,-1,-0.01,-1,-1
99926009,2026-05-18 12:34:21+05:30,53254.75,0,0.0,0,0.0,0.0,53282.15,53308.4,52783.45,53710.35,0,0.0,0.0,0.0,0.0,-0.01,-1,-1,-0.01,-1,-1,-0.01,-1,-1,-0.01,-1,-1,-0.01,-1,-1,-0.01,-1,-1,-0.01,-1,-1,-0.01,-1,-1,-0.01,-1,-1,-0.01,-1,-1
99926009,2026-05-18 12:34:21+05:30,53254.2,0,0.0,0,0.0,0.0,53282.15,53308.4,52783.45,53710.35,0,0.0,0.0,0.0,0.0,-0.01,-1,-1,-0.01,-1,-1,-0.01,-1,-1,-0.01,-1,-1,-0.01,-1,-1,-0.01,-1,-1,-0.01,-1,-1,-0.01,-1,-1,-0.01,-1,-1,-0.01,-1,-1
99926009,2026-05-18 12:34:22+05:30,53251.75,0,0.0,0,0.0,0.0,53282.15,53308.4,52783.45,53710.35,0,0.0,0.0,0.0,0.0,-0.01,-1,-1,-0.01,-1,-1,-0.01,-1,-1,-0.01,-1,-1,-0.01,-1,-1,-0.01,-1,-1,-0.01,-1,-1,-0.01,-1,-1,-0.01,-1,-1,-0.01,-1,-1
99926009,2026-05-18 12:34:22+05:30,53252.5,0,0.0,0,0.0,0.0,53282.15,53308.4,52783.45,53710.35,0,0.0,0.0,0.0,0.0,-0.01,-1,-1,-0.01,-1,-1,-0.01,-1,-1,-0.01,-1,-1,-0.01,-1,-1,-0.01,-1,-1,-0.01,-1,-1,-0.01,-1,-1,-0.01,-1,-1,-0.01,-1,-1
99926009,2026-05-18 12:34:23+05:30,53249.4,0,0.0,0,0.0,0.0,53282.15,53308.4,52783.45,53710.35,0,0.0,0.0,0.0,0.0,-0.01,-1,-1,-0.01,-1,-1,-0.01,-1,-1,-0.01,-1,-1,-0.01,-1,-1,-0.01,-1,-1,-0.01,-1,-1,-0.01,-1,-1,-0.01,-1,-1,-0.01,-1,-1
99926009,2026-05-18 12:34:23+05:30,53250.95,0,0.0,0,0.0,0.0,53282.15,53308.4,52783.45,53710.35,0,0.0,0.0,0.0,0.0,-0.01,-1,-1,-0.01,-1,-1,-0.01,-1,-1,-0.01,-1,-1,-0.01,-1,-1,-0.01,-1,-1,-0.01,-1,-1,-0.01,-1,-1,-0.01,-1,-1,-0.01,-1,-1
99926009,2026-05-18 12:34:24+05:30,53249.8,0,0.0,0,0.0,0.0,53282.15,53308.4,52783.45,53710.35,0,0.0,0.0,0.0,0.0,-0.01,-1,-1,-0.01,-1,-1,-0.01,-1,-1,-0.01,-1,-1,-0.01,-1,-1,-0.01,-1,-1,-0.01,-1,-1,-0.01,-1,-1,-0.01,-1,-1,-0.01,-1,-1
99926009,2026-05-18 12:34:24+05:30,53252.4,0,0.0,0,0.0,0.0,53282.15,53308.4,52783.45,53710.35,0,0.0,0.0,0.0,0.0,-0.01,-1,-1,-0.01,-1,-1,-0.01,-1,-1,-0.01,-1,-1,-0.01,-1,-1,-0.01,-1,-1,-0.01,-1,-1,-0.01,-1,-1,-0.01,-1,-1,-0.01,-1,-1
99926009,2026-05-18 12:34:25+05:30,53258.2,0,0.0,0,0.0,0.0,53282.15,53308.4,52783.45,53710.35,0,0.0,0.0,0.0,0.0,-0.01,-1,-1,-0.01,-1,-1,-0.01,-1,-1,-0.01,-1,-1,-0.01,-1,-1,-0.01,-1,-1,-0.01,-1,-1,-0.01,-1,-1,-0.01,-1,-1,-0.01,-1,-1
99926009,2026-05-18 12:34:25+05:30,53260.0,0,0.0,0,0.0,0.0,53282.15,53308.4,52783.45,53710.35,0,0.0,0.0,0.0,0.0,-0.01,-1,-1,-0.01,-1,-1,-0.01,-1,-1,-0.01,-1,-1,-0.01,-1,-1,-0.01,-1,-1,-0.01,-1,-1,-0.01,-1,-1,-0.01,-1,-1,-0.01,-1,-1
99926009,2026-05-18 12:34:26+05:30,53263.7,0,0.0,0,0.0,0.0,53282.15,53308.4,52783.45,53710.35,0,0.0,0.0,0.0,0.0,-0.01,-1,-1,-0.01,-1,-1,-0.01,-1,-1,-0.01,-1,-1,-0.01,-1,-1,-0.01,-1,-1,-0.01,-1,-1,-0.01,-1,-1,-0.01,-1,-1,-0.01,-1,-1
99926009,2026-05-18 12:34:26+05:30,53263.5,0,0.0,0,0.0,0.0,53282.15,53308.4,52783.45,53710.35,0,0.0,0.0,0.0,0.0,-0.01,-1,-1,-0.01,-1,-1,-0.01,-1,-1,-0.01,-1,-1,-0.01,-1,-1,-0.01,-1,-1,-0.01,-1,-1,-0.01,-1,-1,-0.01,-1,-1,-0.01,-1,-1
99926009,2026-05-18 12:34:27+05:30,53260.3,0,0.0,0,0.0,0.0,53282.15,53308.4,52783.45,53710.35,0,0.0,0.0,0.0,0.0,-0.01,-1,-1,-0.01,-1,-1,-0.01,-1,-1,-0.01,-1,-1,-0.01,-1,-1,-0.01,-1,-1,-0.01,-1,-1,-0.01,-1,-1,-0.01,-1,-1,-0.01,-1,-1
99926009,2026-05-18 12:34:27+05:30,53263.25,0,0.0,0,0.0,0.0,53282.15,53308.4,52783.45,53710.35,0,0.0,0.0,0.0,0.0,-0.01,-1,-1,-0.01,-1,-1,-0.01,-1,-1,-0.01,-1,-1,-0.01,-1,-1,-0.01,-1,-1,-0.01,-1,-1,-0.01,-1,-1,-0.01,-1,-1,-0.01,-1,-1
99926009,2026-05-18 12:34:28+05:30,53263.7,0,0.0,0,0.0,0.0,53282.15,53308.4,52783.45,53710.35,0,0.0,0.0,0.0,0.0,-0.01,-1,-1,-0.01,-1,-1,-0.01,-1,-1,-0.01,-1,-1,-0.01,-1,-1,-0.01,-1,-1,-0.01,-1,-1,-0.01,-1,-1,-0.01,-1,-1,-0.01,-1,-1
99926009,2026-05-18 12:34:28+05:30,53261.4,0,0.0,0,0.0,0.0,53282.15,53308.4,52783.45,53710.35,0,0.0,0.0,0.0,0.0,-0.01,-1,-1,-0.01,-1,-1,-0.01,-1,-1,-0.01,-1,-1,-0.01,-1,-1,-0.01,-1,-1,-0.01,-1,-1,-0.01,-1,-1,-0.01,-1,-1,-0.01,-1,-1
99926009,2026-05-18 12:34:29+05:30,53257.85,0,0.0,0,0.0,0.0,53282.15,53308.4,52783.45,53710.35,0,0.0,0.0,0.0,0.0,-0.01,-1,-1,-0.01,-1,-1,-0.01,-1,-1,-0.01,-1,-1,-0.01,-1,-1,-0.01,-1,-1,-0.01,-1,-1,-0.01,-1,-1,-0.01,-1,-1,-0.01,-1,-1
99926009,2026-05-18 12:34:29+05:30,53256.65,0,0.0,0,0.0,0.0,53282.15,53308.4,52783.45,53710.35,0,0.0,0.0,0.0,0.0,-0.01,-1,-1,-0.01,-1,-1,-0.01,-1,-1,-0.01,-1,-1,-0.01,-1,-1,-0.01,-1,-1,-0.01,-1,-1,-0.01,-1,-1,-0.01,-1,-1,-0.01,-1,-1
99926009,2026-05-18 12:34:30+05:30,53261.25,0,0.0,0,0.0,0.0,53282.15,53308.4,52783.45,53710.35,0,0.0,0.0,0.0,0.0,-0.01,-1,-1,-0.01,-1,-1,-0.01,-1,-1,-0.01,-1,-1,-0.01,-1,-1,-0.01,-1,-1,-0.01,-1,-1,-0.01,-1,-1,-0.01,-1,-1,-0.01,-1,-1
99926009,2026-05-18 12:34:30+05:30,53260.4,0,0.0,0,0.0,0.0,53282.15,53308.4,52783.45,53710.35,0,0.0,0.0,0.0,0.0,-0.01,-1,-1,-0.01,-1,-1,-0.01,-1,-1,-0.01,-1,-1,-0.01,-1,-1,-0.01,-1,-1,-0.01,-1,-1,-0.01,-1,-1,-0.01,-1,-1,-0.01,-1,-1
99926009,2026-05-18 12:34:31+05:30,53264.5,0,0.0,0,0.0,0.0,53282.15,53308.4,52783.45,53710.35,0,0.0,0.0,0.0,0.0,-0.01,-1,-1,-0.01,-1,-1,-0.01,-1,-1,-0.01,-1,-1,-0.01,-1,-1,-0.01,-1,-1,-0.01,-1,-1,-0.01,-1,-1,-0.01,-1,-1,-0.01,-1,-1
99926009,2026-05-18 12:34:31+05:30,53269.4,0,0.0,0,0.0,0.0,53282.15,53308.4,52783.45,53710.35,0,0.0,0.0,0.0,0.0,-0.01,-1,-1,-0.01,-1,-1,-0.01,-1,-1,-0.01,-1,-1,-0.01,-1,-1,-0.01,-1,-1,-0.01,-1,-1,-0.01,-1,-1,-0.01,-1,-1,-0.01,-1,-1
99926009,2026-05-18 12:34:32+05:30,53268.7,0,0.0,0,0.0,0.0,53282.15,53308.4,52783.45,53710.35,0,0.0,0.0,0.0,0.0,-0.01,-1,-1,-0.01,-1,-1,-0.01,-1,-1,-0.01,-1,-1,-0.01,-1,-1,-0.01,-1,-1,-0.01,-1,-1,-0.01,-1,-1,-0.01,-1,-1,-0.01,-1,-1
99926009,2026-05-18 12:34:32+05:30,53268.5,0,0.0,0,0.0,0.0,53282.15,53308.4,52783.45,53710.35,0,0.0,0.0,0.0,0.0,-0.01,-1,-1,-0.01,-1,-1,-0.01,-1,-1,-0.01,-1,-1,-0.01,-1,-1,-0.01,-1,-1,-0.01,-1,-1,-0.01,-1,-1,-0.01,-1,-1,-0.01,-1,-1
99926009,2026-05-18 12:34:33+05:30,53271.8,0,0.0,0,0.0,0.0,53282.15,53308.4,52783.45,53710.35,0,0.0,0.0,0.0,0.0,-0.01,-1,-1,-0.01,-1,-1,-0.01,-1,-1,-0.01,-1,-1,-0.01,-1,-1,-0.01,-1,-1,-0.01,-1,-1,-0.01,-1,-1,-0.01,-1,-1,-0.01,-1,-1
99926009,2026-05-18 12:34:33+05:30,53269.35,0,0.0,0,0.0,0.0,53282.15,53308.4,52783.45,53710.35,0,0.0,0.0,0.0,0.0,-0.01,-1,-1,-0.01,-1,-1,-0.01,-1,-1,-0.01,-1,-1,-0.01,-1,-1,-0.01,-1,-1,-0.01,-1,-1,-0.01,-1,-1,-0.01,-1,-1,-0.01,-1,-1
99926009,2026-05-18 12:34:34+05:30,53269.3,0,0.0,0,0.0,0.0,53282.15,53308.4,52783.45,53710.35,0,0.0,0.0,0.0,0.0,-0.01,-1,-1,-0.01,-1,-1,-0.01,-1,-1,-0.01,-1,-1,-0.01,-1,-1,-0.01,-1,-1,-0.01,-1,-1,-0.01,-1,-1,-0.01,-1,-1,-0.01,-1,-1
99926009,2026-05-18 12:34:34+05:30,53269.1,0,0.0,0,0.0,0.0,53282.15,53308.4,52783.45,53710.35,0,0.0,0.0,0.0,0.0,-0.01,-1,-1,-0.01,-1,-1,-0.01,-1,-1,-0.01,-1,-1,-0.01,-1,-1,-0.01,-1,-1,-0.01,-1,-1,-0.01,-1,-1,-0.01,-1,-1,-0.01,-1,-1
99926009,2026-05-18 12:34:35+05:30,53269.75,0,0.0,0,0.0,0.0,53282.15,53308.4,52783.45,53710.35,0,0.0,0.0,0.0,0.0,-0.01,-1,-1,-0.01,-1,-1,-0.01,-1,-1,-0.01,-1,-1,-0.01,-1,-1,-0.01,-1,-1,-0.01,-1,-1,-0.01,-1,-1,-0.01,-1,-1,-0.01,-1,-1
99926009,2026-05-18 12:34:35+05:30,53270.4,0,0.0,0,0.0,0.0,53282.15,53308.4,52783.45,53710.35,0,0.0,0.0,0.0,0.0,-0.01,-1,-1,-0.01,-1,-1,-0.01,-1,-1,-0.01,-1,-1,-0.01,-1,-1,-0.01,-1,-1,-0.01,-1,-1,-0.01,-1,-1,-0.01,-1,-1,-0.01,-1,-1
99926009,2026-05-18 12:34:36+05:30,53273.8,0,0.0,0,0.0,0.0,53282.15,53308.4,52783.45,53710.35,0,0.0,0.0,0.0,0.0,-0.01,-1,-1,-0.01,-1,-1,-0.01,-1,-1,-0.01,-1,-1,-0.01,-1,-1,-0.01,-1,-1,-0.01,-1,-1,-0.01,-1,-1,-0.01,-1,-1,-0.01,-1,-1
99926009,2026-05-18 12:34:36+05:30,53277.4,0,0.0,0,0.0,0.0,53282.15,53308.4,52783.45,53710.35,0,0.0,0.0,0.0,0.0,-0.01,-1,-1,-0.01,-1,-1,-0.01,-1,-1,-0.01,-1,-1,-0.01,-1,-1,-0.01,-1,-1,-0.01,-1,-1,-0.01,-1,-1,-0.01,-1,-1,-0.01,-1,-1
99926009,2026-05-18 12:34:37+05:30,53277.75,0,0.0,0,0.0,0.0,53282.15,53308.4,52783.45,53710.35,0,0.0,0.0,0.0,0.0,-0.01,-1,-1,-0.01,-1,-1,-0.01,-1,-1,-0.01,-1,-1,-0.01,-1,-1,-0.01,-1,-1,-0.01,-1,-1,-0.01,-1,-1,-0.01,-1,-1,-0.01,-1,-1
99926009,2026-05-18 12:34:37+05:30,53276.45,0,0.0,0,0.0,0.0,53282.15,53308.4,52783.45,53710.35,0,0.0,0.0,0.0,0.0,-0.01,-1,-1,-0.01,-1,-1,-0.01,-1,-1,-0.01,-1,-1,-0.01,-1,-1,-0.01,-1,-1,-0.01,-1,-1,-0.01,-1,-1,-0.01,-1,-1,-0.01,-1,-1
99926009,2026-05-18 12:34:38+05:30,53283.25,0,0.0,0,0.0,0.0,53282.15,53308.4,52783.45,53710.35,0,0.0,0.0,0.0,0.0,-0.01,-1,-1,-0.01,-1,-1,-0.01,-1,-1,-0.01,-1,-1,-0.01,-1,-1,-0.01,-1,-1,-0.01,-1,-1,-0.01,-1,-1,-0.01,-1,-1,-0.01,-1,-1
99926009,2026-05-18 12:34:38+05:30,53282.65,0,0.0,0,0.0,0.0,53282.15,53308.4,52783.45,53710.35,0,0.0,0.0,0.0,0.0,-0.01,-1,-1,-0.01,-1,-1,-0.01,-1,-1,-0.01,-1,-1,-0.01,-1,-1,-0.01,-1,-1,-0.01,-1,-1,-0.01,-1,-1,-0.01,-1,-1,-0.01,-1,-1
99926009,2026-05-18 12:34:39+05:30,53285.1,0,0.0,0,0.0,0.0,53282.15,53308.4,52783.45,53710.35,0,0.0,0.0,0.0,0.0,-0.01,-1,-1,-0.01,-1,-1,-0.01,-1,-1,-0.01,-1,-1,-0.01,-1,-1,-0.01,-1,-1,-0.01,-1,-1,-0.01,-1,-1,-0.01,-1,-1,-0.01,-1,-1
99926009,2026-05-18 12:34:39+05:30,53283.15,0,0.0,0,0.0,0.0,53282.15,53308.4,52783.45,53710.35,0,0.0,0.0,0.0,0.0,-0.01,-1,-1,-0.01,-1,-1,-0.01,-1,-1,-0.01,-1,-1,-0.01,-1,-1,-0.01,-1,-1,-0.01,-1,-1,-0.01,-1,-1,-0.01,-1,-1,-0.01,-1,-1
99926009,2026-05-18 12:34:40+05:30,53280.1,0,0.0,0,0.0,0.0,53282.15,53308.4,52783.45,53710.35,0,0.0,0.0,0.0,0.0,-0.01,-1,-1,-0.01,-1,-1,-0.01,-1,-1,-0.01,-1,-1,-0.01,-1,-1,-0.01,-1,-1,-0.01,-1,-1,-0.01,-1,-1,-0.01,-1,-1,-0.01,-1,-1
99926009,2026-05-18 12:34:40+05:30,53280.1,0,0.0,0,0.0,0.0,53282.15,53308.4,52783.45,53710.35,0,0.0,0.0,0.0,0.0,-0.01,-1,-1,-0.01,-1,-1,-0.01,-1,-1,-0.01,-1,-1,-0.01,-1,-1,-0.01,-1,-1,-0.01,-1,-1,-0.01,-1,-1,-0.01,-1,-1,-0.01,-1,-1
99926009,2026-05-18 12:34:41+05:30,53281.0,0,0.0,0,0.0,0.0,53282.15,53308.4,52783.45,53710.35,0,0.0,0.0,0.0,0.0,-0.01,-1,-1,-0.01,-1,-1,-0.01,-1,-1,-0.01,-1,-1,-0.01,-1,-1,-0.01,-1,-1,-0.01,-1,-1,-0.01,-1,-1,-0.01,-1,-1,-0.01,-1,-1
99926009,2026-05-18 12:34:41+05:30,53274.75,0,0.0,0,0.0,0.0,53282.15,53308.4,52783.45,53710.35,0,0.0,0.0,0.0,0.0,-0.01,-1,-1,-0.01,-1,-1,-0.01,-1,-1,-0.01,-1,-1,-0.01,-1,-1,-0.01,-1,-1,-0.01,-1,-1,-0.01,-1,-1,-0.01,-1,-1,-0.01,-1,-1
99926009,2026-05-18 12:34:42+05:30,53278.15,0,0.0,0,0.0,0.0,53282.15,53308.4,52783.45,53710.35,0,0.0,0.0,0.0,0.0,-0.01,-1,-1,-0.01,-1,-1,-0.01,-1,-1,-0.01,-1,-1,-0.01,-1,-1,-0.01,-1,-1,-0.01,-1,-1,-0.01,-1,-1,-0.01,-1,-1,-0.01,-1,-1
99926009,2026-05-18 12:34:42+05:30,53278.6,0,0.0,0,0.0,0.0,53282.15,53308.4,52783.45,53710.35,0,0.0,0.0,0.0,0.0,-0.01,-1,-1,-0.01,-1,-1,-0.01,-1,-1,-0.01,-1,-1,-0.01,-1,-1,-0.01,-1,-1,-0.01,-1,-1,-0.01,-1,-1,-0.01,-1,-1,-0.01,-1,-1
99926009,2026-05-18 12:34:43+05:30,53273.55,0,0.0,0,0.0,0.0,53282.15,53308.4,52783.45,53710.35,0,0.0,0.0,0.0,0.0,-0.01,-1,-1,-0.01,-1,-1,-0.01,-1,-1,-0.01,-1,-1,-0.01,-1,-1,-0.01,-1,-1,-0.01,-1,-1,-0.01,-1,-1,-0.01,-1,-1,-0.01,-1,-1
99926009,2026-05-18 12:34:43+05:30,53269.4,0,0.0,0,0.0,0.0,53282.15,53308.4,52783.45,53710.35,0,0.0,0.0,0.0,0.0,-0.01,-1,-1,-0.01,-1,-1,-0.01,-1,-1,-0.01,-1,-1,-0.01,-1,-1,-0.01,-1,-1,-0.01,-1,-1,-0.01,-1,-1,-0.01,-1,-1,-0.01,-1,-1
99926009,2026-05-18 12:34:44+05:30,53269.9,0,0.0,0,0.0,0.0,53282.15,53308.4,52783.45,53710.35,0,0.0,0.0,0.0,0.0,-0.01,-1,-1,-0.01,-1,-1,-0.01,-1,-1,-0.01,-1,-1,-0.01,-1,-1,-0.01,-1,-1,-0.01,-1,-1,-0.01,-1,-1,-0.01,-1,-1,-0.01,-1,-1
99926009,2026-05-18 12:34:44+05:30,53267.1,0,0.0,0,0.0,0.0,53282.15,53308.4,52783.45,53710.35,0,0.0,0.0,0.0,0.0,-0.01,-1,-1,-0.01,-1,-1,-0.01,-1,-1,-0.01,-1,-1,-0.01,-1,-1,-0.01,-1,-1,-0.01,-1,-1,-0.01,-1,-1,-0.01,-1,-1,-0.01,-1,-1
99926009,2026-05-18 12:34:45+05:30,53270.7,0,0.0,0,0.0,0.0,53282.15,53308.4,52783.45,53710.35,0,0.0,0.0,0.0,0.0,-0.01,-1,-1,-0.01,-1,-1,-0.01,-1,-1,-0.01,-1,-1,-0.01,-1,-1,-0.01,-1,-1,-0.01,-1,-1,-0.01,-1,-1,-0.01,-1,-1,-0.01,-1,-1
99926009,2026-05-18 12:34:45+05:30,53271.8,0,0.0,0,0.0,0.0,53282.15,53308.4,52783.45,53710.35,0,0.0,0.0,0.0,0.0,-0.01,-1,-1,-0.01,-1,-1,-0.01,-1,-1,-0.01,-1,-1,-0.01,-1,-1,-0.01,-1,-1,-0.01,-1,-1,-0.01,-1,-1,-0.01,-1,-1,-0.01,-1,-1
99926009,2026-05-18 12:34:46+05:30,53269.2,0,0.0,0,0.0,0.0,53282.15,53308.4,52783.45,53710.35,0,0.0,0.0,0.0,0.0,-0.01,-1,-1,-0.01,-1,-1,-0.01,-1,-1,-0.01,-1,-1,-0.01,-1,-1,-0.01,-1,-1,-0.01,-1,-1,-0.01,-1,-1,-0.01,-1,-1,-0.01,-1,-1
99926009,2026-05-18 12:34:46+05:30,53264.2,0,0.0,0,0.0,0.0,53282.15,53308.4,52783.45,53710.35,0,0.0,0.0,0.0,0.0,-0.01,-1,-1,-0.01,-1,-1,-0.01,-1,-1,-0.01,-1,-1,-0.01,-1,-1,-0.01,-1,-1,-0.01,-1,-1,-0.01,-1,-1,-0.01,-1,-1,-0.01,-1,-1
99926009,2026-05-18 12:34:47+05:30,53263.9,0,0.0,0,0.0,0.0,53282.15,53308.4,52783.45,53710.35,0,0.0,0.0,0.0,0.0,-0.01,-1,-1,-0.01,-1,-1,-0.01,-1,-1,-0.01,-1,-1,-0.01,-1,-1,-0.01,-1,-1,-0.01,-1,-1,-0.01,-1,-1,-0.01,-1,-1,-0.01,-1,-1
99926009,2026-05-18 12:34:47+05:30,53260.75,0,0.0,0,0.0,0.0,53282.15,53308.4,52783.45,53710.35,0,0.0,0.0,0.0,0.0,-0.01,-1,-1,-0.01,-1,-1,-0.01,-1,-1,-0.01,-1,-1,-0.01,-1,-1,-0.01,-1,-1,-0.01,-1,-1,-0.01,-1,-1,-0.01,-1,-1,-0.01,-1,-1
99926009,2026-05-18 12:34:48+05:30,53256.4,0,0.0,0,0.0,0.0,53282.15,53308.4,52783.45,53710.35,0,0.0,0.0,0.0,0.0,-0.01,-1,-1,-0.01,-1,-1,-0.01,-1,-1,-0.01,-1,-1,-0.01,-1,-1,-0.01,-1,-1,-0.01,-1,-1,-0.01,-1,-1,-0.01,-1,-1,-0.01,-1,-1
99926009,2026-05-18 12:34:48+05:30,53258.05,0,0.0,0,0.0,0.0,53282.15,53308.4,52783.45,53710.35,0,0.0,0.0,0.0,0.0,-0.01,-1,-1,-0.01,-1,-1,-0.01,-1,-1,-0.01,-1,-1,-0.01,-1,-1,-0.01,-1,-1,-0.01,-1,-1,-0.01,-1,-1,-0.01,-1,-1,-0.01,-1,-1
99926009,2026-05-18 12:34:49+05:30,53256.85,0,0.0,0,0.0,0.0,53282.15,53308.4,52783.45,53710.35,0,0.0,0.0,0.0,0.0,-0.01,-1,-1,-0.01,-1,-1,-0.01,-1,-1,-0.01,-1,-1,-0.01,-1,-1,-0.01,-1,-1,-0.01,-1,-1,-0.01,-1,-1,-0.01,-1,-1,-0.01,-1,-1
99926009,2026-05-18 12:34:49+05:30,53259.8,0,0.0,0,0.0,0.0,53282.15,53308.4,52783.45,53710.35,0,0.0,0.0,0.0,0.0,-0.01,-1,-1,-0.01,-1,-1,-0.01,-1,-1,-0.01,-1,-1,-0.01,-1,-1,-0.01,-1,-1,-0.01,-1,-1,-0.01,-1,-1,-0.01,-1,-1,-0.01,-1,-1
99926009,2026-05-18 12:34:50+05:30,53256.7,0,0.0,0,0.0,0.0,53282.15,53308.4,52783.45,53710.35,0,0.0,0.0,0.0,0.0,-0.01,-1,-1,-0.01,-1,-1,-0.01,-1,-1,-0.01,-1,-1,-0.01,-1,-1,-0.01,-1,-1,-0.01,-1,-1,-0.01,-1,-1,-0.01,-1,-1,-0.01,-1,-1
99926009,2026-05-18 12:34:50+05:30,53255.5,0,0.0,0,0.0,0.0,53282.15,53308.4,52783.45,53710.35,0,0.0,0.0,0.0,0.0,-0.01,-1,-1,-0.01,-1,-1,-0.01,-1,-1,-0.01,-1,-1,-0.01,-1,-1,-0.01,-1,-1,-0.01,-1,-1,-0.01,-1,-1,-0.01,-1,-1,-0.01,-1,-1
99926009,2026-05-18 12:34:51+05:30,53256.9,0,0.0,0,0.0,0.0,53282.15,53308.4,52783.45,53710.35,0,0.0,0.0,0.0,0.0,-0.01,-1,-1,-0.01,-1,-1,-0.01,-1,-1,-0.01,-1,-1,-0.01,-1,-1,-0.01,-1,-1,-0.01,-1,-1,-0.01,-1,-1,-0.01,-1,-1,-0.01,-1,-1
99926009,2026-05-18 12:34:51+05:30,53262.0,0,0.0,0,0.0,0.0,53282.15,53308.4,52783.45,53710.35,0,0.0,0.0,0.0,0.0,-0.01,-1,-1,-0.01,-1,-1,-0.01,-1,-1,-0.01,-1,-1,-0.01,-1,-1,-0.01,-1,-1,-0.01,-1,-1,-0.01,-1,-1,-0.01,-1,-1,-0.01,-1,-1
99926009,2026-05-18 12:34:52+05:30,53260.15,0,0.0,0,0.0,0.0,53282.15,53308.4,52783.45,53710.35,0,0.0,0.0,0.0,0.0,-0.01,-1,-1,-0.01,-1,-1,-0.01,-1,-1,-0.01,-1,-1,-0.01,-1,-1,-0.01,-1,-1,-0.01,-1,-1,-0.01,-1,-1,-0.01,-1,-1,-0.01,-1,-1
99926009,2026-05-18 12:34:52+05:30,53261.3,0,0.0,0,0.0,0.0,53282.15,53308.4,52783.45,53710.35,0,0.0,0.0,0.0,0.0,-0.01,-1,-1,-0.01,-1,-1,-0.01,-1,-1,-0.01,-1,-1,-0.01,-1,-1,-0.01,-1,-1,-0.01,-1,-1,-0.01,-1,-1,-0.01,-1,-1,-0.01,-1,-1
99926009,2026-05-18 12:34:53+05:30,53264.35,0,0.0,0,0.0,0.0,53282.15,53308.4,52783.45,53710.35,0,0.0,0.0,0.0,0.0,-0.01,-1,-1,-0.01,-1,-1,-0.01,-1,-1,-0.01,-1,-1,-0.01,-1,-1,-0.01,-1,-1,-0.01,-1,-1,-0.01,-1,-1,-0.01,-1,-1,-0.01,-1,-1
99926009,2026-05-18 12:34:53+05:30,53257.45,0,0.0,0,0.0,0.0,53282.15,53308.4,52783.45,53710.35,0,0.0,0.0,0.0,0.0,-0.01,-1,-1,-0.01,-1,-1,-0.01,-1,-1,-0.01,-1,-1,-0.01,-1,-1,-0.01,-1,-1,-0.01,-1,-1,-0.01,-1,-1,-0.01,-1,-1,-0.01,-1,-1
99926009,2026-05-18 12:34:54+05:30,53261.4,0,0.0,0,0.0,0.0,53282.15,53308.4,52783.45,53710.35,0,0.0,0.0,0.0,0.0,-0.01,-1,-1,-0.01,-1,-1,-0.01,-1,-1,-0.01,-1,-1,-0.01,-1,-1,-0.01,-1,-1,-0.01,-1,-1,-0.01,-1,-1,-0.01,-1,-1,-0.01,-1,-1
99926009,2026-05-18 12:34:54+05:30,53259.0,0,0.0,0,0.0,0.0,53282.15,53308.4,52783.45,53710.35,0,0.0,0.0,0.0,0.0,-0.01,-1,-1,-0.01,-1,-1,-0.01,-1,-1,-0.01,-1,-1,-0.01,-1,-1,-0.01,-1,-1,-0.01,-1,-1,-0.01,-1,-1,-0.01,-1,-1,-0.01,-1,-1
99926009,2026-05-18 12:34:55+05:30,53265.15,0,0.0,0,0.0,0.0,53282.15,53308.4,52783.45,53710.35,0,0.0,0.0,0.0,0.0,-0.01,-1,-1,-0.01,-1,-1,-0.01,-1,-1,-0.01,-1,-1,-0.01,-1,-1,-0.01,-1,-1,-0.01,-1,-1,-0.01,-1,-1,-0.01,-1,-1,-0.01,-1,-1
99926009,2026-05-18 12:34:55+05:30,53264.3,0,0.0,0,0.0,0.0,53282.15,53308.4,52783.45,53710.35,0,0.0,0.0,0.0,0.0,-0.01,-1,-1,-0.01,-1,-1,-0.01,-1,-1,-0.01,-1,-1,-0.01,-1,-1,-0.01,-1,-1,-0.01,-1,-1,-0.01,-1,-1,-0.01,-1,-1,-0.01,-1,-1
99926009,2026-05-18 12:34:56+05:30,53261.7,0,0.0,0,0.0,0.0,53282.15,53308.4,52783.45,53710.35,0,0.0,0.0,0.0,0.0,-0.01,-1,-1,-0.01,-1,-1,-0.01,-1,-1,-0.01,-1,-1,-0.01,-1,-1,-0.01,-1,-1,-0.01,-1,-1,-0.01,-1,-1,-0.01,-1,-1,-0.01,-1,-1
99926009,2026-05-18 12:34:56+05:30,53262.85,0,0.0,0,0.0,0.0,53282.15,53308.4,52783.45,53710.35,0,0.0,0.0,0.0,0.0,-0.01,-1,-1,-0.01,-1,-1,-0.01,-1,-1,-0.01,-1,-1,-0.01,-1,-1,-0.01,-1,-1,-0.01,-1,-1,-0.01,-1,-1,-0.01,-1,-1,-0.01,-1,-1
99926009,2026-05-18 12:34:57+05:30,53262.15,0,0.0,0,0.0,0.0,53282.15,53308.4,52783.45,53710.35,0,0.0,0.0,0.0,0.0,-0.01,-1,-1,-0.01,-1,-1,-0.01,-1,-1,-0.01,-1,-1,-0.01,-1,-1,-0.01,-1,-1,-0.01,-1,-1,-0.01,-1,-1,-0.01,-1,-1,-0.01,-1,-1
99926009,2026-05-18 12:34:57+05:30,53262.85,0,0.0,0,0.0,0.0,53282.15,53308.4,52783.45,53710.35,0,0.0,0.0,0.0,0.0,-0.01,-1,-1,-0.01,-1,-1,-0.01,-1,-1,-0.01,-1,-1,-0.01,-1,-1,-0.01,-1,-1,-0.01,-1,-1,-0.01,-1,-1,-0.01,-1,-1,-0.01,-1,-1
99926009,2026-05-18 12:34:58+05:30,53267.85,0,0.0,0,0.0,0.0,53282.15,53308.4,52783.45,53710.35,0,0.0,0.0,0.0,0.0,-0.01,-1,-1,-0.01,-1,-1,-0.01,-1,-1,-0.01,-1,-1,-0.01,-1,-1,-0.01,-1,-1,-0.01,-1,-1,-0.01,-1,-1,-0.01,-1,-1,-0.01,-1,-1
99926009,2026-05-18 12:34:58+05:30,53266.2,0,0.0,0,0.0,0.0,53282.15,53308.4,52783.45,53710.35,0,0.0,0.0,0.0,0.0,-0.01,-1,-1,-0.01,-1,-1,-0.01,-1,-1,-0.01,-1,-1,-0.01,-1,-1,-0.01,-1,-1,-0.01,-1,-1,-0.01,-1,-1,-0.01,-1,-1,-0.01,-1,-1
99926009,2026-05-18 12:34:59+05:30,53266.9,0,0.0,0,0.0,0.0,53282.15,53308.4,52783.45,53710.35,0,0.0,0.0,0.0,0.0,-0.01,-1,-1,-0.01,-1,-1,-0.01,-1,-1,-0.01,-1,-1,-0.01,-1,-1,-0.01,-1,-1,-0.01,-1,-1,-0.01,-1,-1,-0.01,-1,-1,-0.01,-1,-1
99926009,2026-05-18 12:34:59+05:30,53267.4,0,0.0,0,0.0,0.0,53282.15,53308.4,52783.45,53710.35,0,0.0,0.0,0.0,0.0,-0.01,-1,-1,-0.01,-1,-1,-0.01,-1,-1,-0.01,-1,-1,-0.01,-1,-1,-0.01,-1,-1,-0.01,-1,-1,-0.01,-1,-1,-0.01,-1,-1,-0.01,-1,-1
99926009,2026-05-18 12:35:00+05:30,53268.3,0,0.0,0,0.0,0.0,53282.15,53308.4,52783.45,53710.35,0,0.0,0.0,0.0,0.0,-0.01,-1,-1,-0.01,-1,-1,-0.01,-1,-1,-0.01,-1,-1,-0.01,-1,-1,-0.01,-1,-1,-0.01,-1,-1,-0.01,-1,-1,-0.01,-1,-1,-0.01,-1,-1
99926009,2026-05-18 12:35:01+05:30,53270.9,0,0.0,0,0.0,0.0,53282.15,53308.4,52783.45,53710.35,0,0.0,0.0,0.0,0.0,-0.01,-1,-1,-0.01,-1,-1,-0.01,-1,-1,-0.01,-1,-1,-0.01,-1,-1,-0.01,-1,-1,-0.01,-1,-1,-0.01,-1,-1,-0.01,-1,-1,-0.01,-1,-1
99926009,2026-05-18 12:35:01+05:30,53271.7,0,0.0,0,0.0,0.0,53282.15,53308.4,52783.45,53710.35,0,0.0,0.0,0.0,0.0,-0.01,-1,-1,-0.01,-1,-1,-0.01,-1,-1,-0.01,-1,-1,-0.01,-1,-1,-0.01,-1,-1,-0.01,-1,-1,-0.01,-1,-1,-0.01,-1,-1,-0.01,-1,-1
99926009,2026-05-18 12:35:02+05:30,53269.45,0,0.0,0,0.0,0.0,53282.15,53308.4,52783.45,53710.35,0,0.0,0.0,0.0,0.0,-0.01,-1,-1,-0.01,-1,-1,-0.01,-1,-1,-0.01,-1,-1,-0.01,-1,-1,-0.01,-1,-1,-0.01,-1,-1,-0.01,-1,-1,-0.01,-1,-1,-0.01,-1,-1
99926009,2026-05-18 12:35:02+05:30,53272.75,0,0.0,0,0.0,0.0,53282.15,53308.4,52783.45,53710.35,0,0.0,0.0,0.0,0.0,-0.01,-1,-1,-0.01,-1,-1,-0.01,-1,-1,-0.01,-1,-1,-0.01,-1,-1,-0.01,-1,-1,-0.01,-1,-1,-0.01,-1,-1,-0.01,-1,-1,-0.01,-1,-1
99926009,2026-05-18 12:35:03+05:30,53275.15,0,0.0,0,0.0,0.0,53282.15,53308.4,52783.45,53710.35,0,0.0,0.0,0.0,0.0,-0.01,-1,-1,-0.01,-1,-1,-0.01,-1,-1,-0.01,-1,-1,-0.01,-1,-1,-0.01,-1,-1,-0.01,-1,-1,-0.01,-1,-1,-0.01,-1,-1,-0.01,-1,-1
99926009,2026-05-18 12:35:03+05:30,53275.4,0,0.0,0,0.0,0.0,53282.15,53308.4,52783.45,53710.35,0,0.0,0.0,0.0,0.0,-0.01,-1,-1,-0.01,-1,-1,-0.01,-1,-1,-0.01,-1,-1,-0.01,-1,-1,-0.01,-1,-1,-0.01,-1,-1,-0.01,-1,-1,-0.01,-1,-1,-0.01,-1,-1
99926009,2026-05-18 12:35:04+05:30,53285.25,0,0.0,0,0.0,0.0,53282.15,53308.4,52783.45,53710.35,0,0.0,0.0,0.0,0.0,-0.01,-1,-1,-0.01,-1,-1,-0.01,-1,-1,-0.01,-1,-1,-0.01,-1,-1,-0.01,-1,-1,-0.01,-1,-1,-0.01,-1,-1,-0.01,-1,-1,-0.01,-1,-1
99926009,2026-05-18 12:35:04+05:30,53286.05,0,0.0,0,0.0,0.0,53282.15,53308.4,52783.45,53710.35,0,0.0,0.0,0.0,0.0,-0.01,-1,-1,-0.01,-1,-1,-0.01,-1,-1,-0.01,-1,-1,-0.01,-1,-1,-0.01,-1,-1,-0.01,-1,-1,-0.01,-1,-1,-0.01,-1,-1,-0.01,-1,-1
99926009,2026-05-18 12:35:05+05:30,53282.05,0,0.0,0,0.0,0.0,53282.15,53308.4,52783.45,53710.35,0,0.0,0.0,0.0,0.0,-0.01,-1,-1,-0.01,-1,-1,-0.01,-1,-1,-0.01,-1,-1,-0.01,-1,-1,-0.01,-1,-1,-0.01,-1,-1,-0.01,-1,-1,-0.01,-1,-1,-0.01,-1,-1
99926009,2026-05-18 12:35:05+05:30,53283.0,0,0.0,0,0.0,0.0,53282.15,53308.4,52783.45,53710.35,0,0.0,0.0,0.0,0.0,-0.01,-1,-1,-0.01,-1,-1,-0.01,-1,-1,-0.01,-1,-1,-0.01,-1,-1,-0.01,-1,-1,-0.01,-1,-1,-0.01,-1,-1,-0.01,-1,-1,-0.01,-1,-1
99926009,2026-05-18 12:35:06+05:30,53287.7,0,0.0,0,0.0,0.0,53282.15,53308.4,52783.45,53710.35,0,0.0,0.0,0.0,0.0,-0.01,-1,-1,-0.01,-1,-1,-0.01,-1,-1,-0.01,-1,-1,-0.01,-1,-1,-0.01,-1,-1,-0.01,-1,-1,-0.01,-1,-1,-0.01,-1,-1,-0.01,-1,-1
99926009,2026-05-18 12:35:06+05:30,53290.0,0,0.0,0,0.0,0.0,53282.15,53308.4,52783.45,53710.35,0,0.0,0.0,0.0,0.0,-0.01,-1,-1,-0.01,-1,-1,-0.01,-1,-1,-0.01,-1,-1,-0.01,-1,-1,-0.01,-1,-1,-0.01,-1,-1,-0.01,-1,-1,-0.01,-1,-1,-0.01,-1,-1
99926009,2026-05-18 12:35:07+05:30,53288.05,0,0.0,0,0.0,0.0,53282.15,53308.4,52783.45,53710.35,0,0.0,0.0,0.0,0.0,-0.01,-1,-1,-0.01,-1,-1,-0.01,-1,-1,-0.01,-1,-1,-0.01,-1,-1,-0.01,-1,-1,-0.01,-1,-1,-0.01,-1,-1,-0.01,-1,-1,-0.01,-1,-1
99926009,2026-05-18 12:35:07+05:30,53286.45,0,0.0,0,0.0,0.0,53282.15,53308.4,52783.45,53710.35,0,0.0,0.0,0.0,0.0,-0.01,-1,-1,-0.01,-1,-1,-0.01,-1,-1,-0.01,-1,-1,-0.01,-1,-1,-0.01,-1,-1,-0.01,-1,-1,-0.01,-1,-1,-0.01,-1,-1,-0.01,-1,-1
99926009,2026-05-18 12:35:08+05:30,53281.3,0,0.0,0,0.0,0.0,53282.15,53308.4,52783.45,53710.35,0,0.0,0.0,0.0,0.0,-0.01,-1,-1,-0.01,-1,-1,-0.01,-1,-1,-0.01,-1,-1,-0.01,-1,-1,-0.01,-1,-1,-0.01,-1,-1,-0.01,-1,-1,-0.01,-1,-1,-0.01,-1,-1
99926009,2026-05-18 12:35:08+05:30,53283.0,0,0.0,0,0.0,0.0,53282.15,53308.4,52783.45,53710.35,0,0.0,0.0,0.0,0.0,-0.01,-1,-1,-0.01,-1,-1,-0.01,-1,-1,-0.01,-1,-1,-0.01,-1,-1,-0.01,-1,-1,-0.01,-1,-1,-0.01,-1,-1,-0.01,-1,-1,-0.01,-1,-1
99926009,2026-05-18 12:35:09+05:30,53283.4,0,0.0,0,0.0,0.0,53282.15,53308.4,52783.45,53710.35,0,0.0,0.0,0.0,0.0,-0.01,-1,-1,-0.01,-1,-1,-0.01,-1,-1,-0.01,-1,-1,-0.01,-1,-1,-0.01,-1,-1,-0.01,-1,-1,-0.01,-1,-1,-0.01,-1,-1,-0.01,-1,-1
99926009,2026-05-18 12:35:09+05:30,53282.2,0,0.0,0,0.0,0.0,53282.15,53308.4,52783.45,53710.35,0,0.0,0.0,0.0,0.0,-0.01,-1,-1,-0.01,-1,-1,-0.01,-1,-1,-0.01,-1,-1,-0.01,-1,-1,-0.01,-1,-1,-0.01,-1,-1,-0.01,-1,-1,-0.01,-1,-1,-0.01,-1,-1
99926009,2026-05-18 12:35:10+05:30,53283.5,0,0.0,0,0.0,0.0,53282.15,53308.4,52783.45,53710.35,0,0.0,0.0,0.0,0.0,-0.01,-1,-1,-0.01,-1,-1,-0.01,-1,-1,-0.01,-1,-1,-0.01,-1,-1,-0.01,-1,-1,-0.01,-1,-1,-0.01,-1,-1,-0.01,-1,-1,-0.01,-1,-1
99926009,2026-05-18 12:35:10+05:30,53285.35,0,0.0,0,0.0,0.0,53282.15,53308.4,52783.45,53710.35,0,0.0,0.0,0.0,0.0,-0.01,-1,-1,-0.01,-1,-1,-0.01,-1,-1,-0.01,-1,-1,-0.01,-1,-1,-0.01,-1,-1,-0.01,-1,-1,-0.01,-1,-1,-0.01,-1,-1,-0.01,-1,-1
99926009,2026-05-18 12:35:11+05:30,53284.7,0,0.0,0,0.0,0.0,53282.15,53308.4,52783.45,53710.35,0,0.0,0.0,0.0,0.0,-0.01,-1,-1,-0.01,-1,-1,-0.01,-1,-1,-0.01,-1,-1,-0.01,-1,-1,-0.01,-1,-1,-0.01,-1,-1,-0.01,-1,-1,-0.01,-1,-1,-0.01,-1,-1
99926009,2026-05-18 12:35:11+05:30,53286.9,0,0.0,0,0.0,0.0,53282.15,53308.4,52783.45,53710.35,0,0.0,0.0,0.0,0.0,-0.01,-1,-1,-0.01,-1,-1,-0.01,-1,-1,-0.01,-1,-1,-0.01,-1,-1,-0.01,-1,-1,-0.01,-1,-1,-0.01,-1,-1,-0.01,-1,-1,-0.01,-1,-1
99926009,2026-05-18 12:35:12+05:30,53284.9,0,0.0,0,0.0,0.0,53282.15,53308.4,52783.45,53710.35,0,0.0,0.0,0.0,0.0,-0.01,-1,-1,-0.01,-1,-1,-0.01,-1,-1,-0.01,-1,-1,-0.01,-1,-1,-0.01,-1,-1,-0.01,-1,-1,-0.01,-1,-1,-0.01,-1,-1,-0.01,-1,-1
99926009,2026-05-18 12:35:12+05:30,53284.95,0,0.0,0,0.0,0.0,53282.15,53308.4,52783.45,53710.35,0,0.0,0.0,0.0,0.0,-0.01,-1,-1,-0.01,-1,-1,-0.01,-1,-1,-0.01,-1,-1,-0.01,-1,-1,-0.01,-1,-1,-0.01,-1,-1,-0.01,-1,-1,-0.01,-1,-1,-0.01,-1,-1
99926009,2026-05-18 12:35:13+05:30,53284.25,0,0.0,0,0.0,0.0,53282.15,53308.4,52783.45,53710.35,0,0.0,0.0,0.0,0.0,-0.01,-1,-1,-0.01,-1,-1,-0.01,-1,-1,-0.01,-1,-1,-0.01,-1,-1,-0.01,-1,-1,-0.01,-1,-1,-0.01,-1,-1,-0.01,-1,-1,-0.01,-1,-1
99926009,2026-05-18 12:35:13+05:30,53287.65,0,0.0,0,0.0,0.0,53282.15,53308.4,52783.45,53710.35,0,0.0,0.0,0.0,0.0,-0.01,-1,-1,-0.01,-1,-1,-0.01,-1,-1,-0.01,-1,-1,-0.01,-1,-1,-0.01,-1,-1,-0.01,-1,-1,-0.01,-1,-1,-0.01,-1,-1,-0.01,-1,-1
99926009,2026-05-18 12:35:14+05:30,53291.55,0,0.0,0,0.0,0.0,53282.15,53308.4,52783.45,53710.35,0,0.0,0.0,0.0,0.0,-0.01,-1,-1,-0.01,-1,-1,-0.01,-1,-1,-0.01,-1,-1,-0.01,-1,-1,-0.01,-1,-1,-0.01,-1,-1,-0.01,-1,-1,-0.01,-1,-1,-0.01,-1,-1
99926009,2026-05-18 12:35:14+05:30,53295.15,0,0.0,0,0.0,0.0,53282.15,53308.4,52783.45,53710.35,0,0.0,0.0,0.0,0.0,-0.01,-1,-1,-0.01,-1,-1,-0.01,-1,-1,-0.01,-1,-1,-0.01,-1,-1,-0.01,-1,-1,-0.01,-1,-1,-0.01,-1,-1,-0.01,-1,-1,-0.01,-1,-1
99926009,2026-05-18 12:35:15+05:30,53296.3,0,0.0,0,0.0,0.0,53282.15,53308.4,52783.45,53710.35,0,0.0,0.0,0.0,0.0,-0.01,-1,-1,-0.01,-1,-1,-0.01,-1,-1,-0.01,-1,-1,-0.01,-1,-1,-0.01,-1,-1,-0.01,-1,-1,-0.01,-1,-1,-0.01,-1,-1,-0.01,-1,-1
99926009,2026-05-18 12:35:15+05:30,53296.3,0,0.0,0,0.0,0.0,53282.15,53308.4,52783.45,53710.35,0,0.0,0.0,0.0,0.0,-0.01,-1,-1,-0.01,-1,-1,-0.01,-1,-1,-0.01,-1,-1,-0.01,-1,-1,-0.01,-1,-1,-0.01,-1,-1,-0.01,-1,-1,-0.01,-1,-1,-0.01,-1,-1
99926009,2026-05-18 12:35:16+05:30,53296.9,0,0.0,0,0.0,0.0,53282.15,53308.4,52783.45,53710.35,0,0.0,0.0,0.0,0.0,-0.01,-1,-1,-0.01,-1,-1,-0.01,-1,-1,-0.01,-1,-1,-0.01,-1,-1,-0.01,-1,-1,-0.01,-1,-1,-0.01,-1,-1,-0.01,-1,-1,-0.01,-1,-1
99926009,2026-05-18 12:35:16+05:30,53298.05,0,0.0,0,0.0,0.0,53282.15,53308.4,52783.45,53710.35,0,0.0,0.0,0.0,0.0,-0.01,-1,-1,-0.01,-1,-1,-0.01,-1,-1,-0.01,-1,-1,-0.01,-1,-1,-0.01,-1,-1,-0.01,-1,-1,-0.01,-1,-1,-0.01,-1,-1,-0.01,-1,-1
99926009,2026-05-18 12:35:17+05:30,53297.45,0,0.0,0,0.0,0.0,53282.15,53308.4,52783.45,53710.35,0,0.0,0.0,0.0,0.0,-0.01,-1,-1,-0.01,-1,-1,-0.01,-1,-1,-0.01,-1,-1,-0.01,-1,-1,-0.01,-1,-1,-0.01,-1,-1,-0.01,-1,-1,-0.01,-1,-1,-0.01,-1,-1
99926009,2026-05-18 12:35:17+05:30,53299.6,0,0.0,0,0.0,0.0,53282.15,53308.4,52783.45,53710.35,0,0.0,0.0,0.0,0.0,-0.01,-1,-1,-0.01,-1,-1,-0.01,-1,-1,-0.01,-1,-1,-0.01,-1,-1,-0.01,-1,-1,-0.01,-1,-1,-0.01,-1,-1,-0.01,-1,-1,-0.01,-1,-1
99926009,2026-05-18 12:35:18+05:30,53298.7,0,0.0,0,0.0,0.0,53282.15,53308.4,52783.45,53710.35,0,0.0,0.0,0.0,0.0,-0.01,-1,-1,-0.01,-1,-1,-0.01,-1,-1,-0.01,-1,-1,-0.01,-1,-1,-0.01,-1,-1,-0.01,-1,-1,-0.01,-1,-1,-0.01,-1,-1,-0.01,-1,-1
99926009,2026-05-18 12:35:18+05:30,53303.5,0,0.0,0,0.0,0.0,53282.15,53308.4,52783.45,53710.35,0,0.0,0.0,0.0,0.0,-0.01,-1,-1,-0.01,-1,-1,-0.01,-1,-1,-0.01,-1,-1,-0.01,-1,-1,-0.01,-1,-1,-0.01,-1,-1,-0.01,-1,-1,-0.01,-1,-1,-0.01,-1,-1
99926009,2026-05-18 12:35:19+05:30,53301.7,0,0.0,0,0.0,0.0,53282.15,53308.4,52783.45,53710.35,0,0.0,0.0,0.0,0.0,-0.01,-1,-1,-0.01,-1,-1,-0.01,-1,-1,-0.01,-1,-1,-0.01,-1,-1,-0.01,-1,-1,-0.01,-1,-1,-0.01,-1,-1,-0.01,-1,-1,-0.01,-1,-1
99926009,2026-05-18 12:35:19+05:30,53301.35,0,0.0,0,0.0,0.0,53282.15,53308.4,52783.45,53710.35,0,0.0,0.0,0.0,0.0,-0.01,-1,-1,-0.01,-1,-1,-0.01,-1,-1,-0.01,-1,-1,-0.01,-1,-1,-0.01,-1,-1,-0.01,-1,-1,-0.01,-1,-1,-0.01,-1,-1,-0.01,-1,-1
99926009,2026-05-18 12:35:20+05:30,53300.65,0,0.0,0,0.0,0.0,53282.15,53308.4,52783.45,53710.35,0,0.0,0.0,0.0,0.0,-0.01,-1,-1,-0.01,-1,-1,-0.01,-1,-1,-0.01,-1,-1,-0.01,-1,-1,-0.01,-1,-1,-0.01,-1,-1,-0.01,-1,-1,-0.01,-1,-1,-0.01,-1,-1
99926009,2026-05-18 12:35:20+05:30,53298.75,0,0.0,0,0.0,0.0,53282.15,53308.4,52783.45,53710.35,0,0.0,0.0,0.0,0.0,-0.01,-1,-1,-0.01,-1,-1,-0.01,-1,-1,-0.01,-1,-1,-0.01,-1,-1,-0.01,-1,-1,-0.01,-1,-1,-0.01,-1,-1,-0.01,-1,-1,-0.01,-1,-1
99926009,2026-05-18 12:35:21+05:30,53308.15,0,0.0,0,0.0,0.0,53282.15,53311.05,52783.45,53710.35,0,0.0,0.0,0.0,0.0,-0.01,-1,-1,-0.01,-1,-1,-0.01,-1,-1,-0.01,-1,-1,-0.01,-1,-1,-0.01,-1,-1,-0.01,-1,-1,-0.01,-1,-1,-0.01,-1,-1,-0.01,-1,-1
99926009,2026-05-18 12:35:21+05:30,53311.65,0,0.0,0,0.0,0.0,53282.15,53311.65,52783.45,53710.35,0,0.0,0.0,0.0,0.0,-0.01,-1,-1,-0.01,-1,-1,-0.01,-1,-1,-0.01,-1,-1,-0.01,-1,-1,-0.01,-1,-1,-0.01,-1,-1,-0.01,-1,-1,-0.01,-1,-1,-0.01,-1,-1
99926009,2026-05-18 12:35:22+05:30,53315.7,0,0.0,0,0.0,0.0,53282.15,53316.35,52783.45,53710.35,0,0.0,0.0,0.0,0.0,-0.01,-1,-1,-0.01,-1,-1,-0.01,-1,-1,-0.01,-1,-1,-0.01,-1,-1,-0.01,-1,-1,-0.01,-1,-1,-0.01,-1,-1,-0.01,-1,-1,-0.01,-1,-1
99926009,2026-05-18 12:35:22+05:30,53315.35,0,0.0,0,0.0,0.0,53282.15,53316.35,52783.45,53710.35,0,0.0,0.0,0.0,0.0,-0.01,-1,-1,-0.01,-1,-1,-0.01,-1,-1,-0.01,-1,-1,-0.01,-1,-1,-0.01,-1,-1,-0.01,-1,-1,-0.01,-1,-1,-0.01,-1,-1,-0.01,-1,-1
99926009,2026-05-18 12:35:23+05:30,53321.4,0,0.0,0,0.0,0.0,53282.15,53322.1,52783.45,53710.35,0,0.0,0.0,0.0,0.0,-0.01,-1,-1,-0.01,-1,-1,-0.01,-1,-1,-0.01,-1,-1,-0.01,-1,-1,-0.01,-1,-1,-0.01,-1,-1,-0.01,-1,-1,-0.01,-1,-1,-0.01,-1,-1
99926009,2026-05-18 12:35:23+05:30,53322.9,0,0.0,0,0.0,0.0,53282.15,53322.9,52783.45,53710.35,0,0.0,0.0,0.0,0.0,-0.01,-1,-1,-0.01,-1,-1,-0.01,-1,-1,-0.01,-1,-1,-0.01,-1,-1,-0.01,-1,-1,-0.01,-1,-1,-0.01,-1,-1,-0.01,-1,-1,-0.01,-1,-1
99926009,2026-05-18 12:35:24+05:30,53323.85,0,0.0,0,0.0,0.0,53282.15,53324.7,52783.45,53710.35,0,0.0,0.0,0.0,0.0,-0.01,-1,-1,-0.01,-1,-1,-0.01,-1,-1,-0.01,-1,-1,-0.01,-1,-1,-0.01,-1,-1,-0.01,-1,-1,-0.01,-1,-1,-0.01,-1,-1,-0.01,-1,-1
99926009,2026-05-18 12:35:24+05:30,53320.7,0,0.0,0,0.0,0.0,53282.15,53324.7,52783.45,53710.35,0,0.0,0.0,0.0,0.0,-0.01,-1,-1,-0.01,-1,-1,-0.01,-1,-1,-0.01,-1,-1,-0.01,-1,-1,-0.01,-1,-1,-0.01,-1,-1,-0.01,-1,-1,-0.01,-1,-1,-0.01,-1,-1
99926009,2026-05-18 12:35:25+05:30,53322.4,0,0.0,0,0.0,0.0,53282.15,53324.7,52783.45,53710.35,0,0.0,0.0,0.0,0.0,-0.01,-1,-1,-0.01,-1,-1,-0.01,-1,-1,-0.01,-1,-1,-0.01,-1,-1,-0.01,-1,-1,-0.01,-1,-1,-0.01,-1,-1,-0.01,-1,-1,-0.01,-1,-1
99926009,2026-05-18 12:35:25+05:30,53321.5,0,0.0,0,0.0,0.0,53282.15,53324.7,52783.45,53710.35,0,0.0,0.0,0.0,0.0,-0.01,-1,-1,-0.01,-1,-1,-0.01,-1,-1,-0.01,-1,-1,-0.01,-1,-1,-0.01,-1,-1,-0.01,-1,-1,-0.01,-1,-1,-0.01,-1,-1,-0.01,-1,-1
99926009,2026-05-18 12:35:26+05:30,53318.95,0,0.0,0,0.0,0.0,53282.15,53324.7,52783.45,53710.35,0,0.0,0.0,0.0,0.0,-0.01,-1,-1,-0.01,-1,-1,-0.01,-1,-1,-0.01,-1,-1,-0.01,-1,-1,-0.01,-1,-1,-0.01,-1,-1,-0.01,-1,-1,-0.01,-1,-1,-0.01,-1,-1
99926009,2026-05-18 12:35:26+05:30,53318.85,0,0.0,0,0.0,0.0,53282.15,53324.7,52783.45,53710.35,0,0.0,0.0,0.0,0.0,-0.01,-1,-1,-0.01,-1,-1,-0.01,-1,-1,-0.01,-1,-1,-0.01,-1,-1,-0.01,-1,-1,-0.01,-1,-1,-0.01,-1,-1,-0.01,-1,-1,-0.01,-1,-1
99926009,2026-05-18 12:35:27+05:30,53320.75,0,0.0,0,0.0,0.0,53282.15,53324.7,52783.45,53710.35,0,0.0,0.0,0.0,0.0,-0.01,-1,-1,-0.01,-1,-1,-0.01,-1,-1,-0.01,-1,-1,-0.01,-1,-1,-0.01,-1,-1,-0.01,-1,-1,-0.01,-1,-1,-0.01,-1,-1,-0.01,-1,-1
99926009,2026-05-18 12:35:27+05:30,53321.05,0,0.0,0,0.0,0.0,53282.15,53324.7,52783.45,53710.35,0,0.0,0.0,0.0,0.0,-0.01,-1,-1,-0.01,-1,-1,-0.01,-1,-1,-0.01,-1,-1,-0.01,-1,-1,-0.01,-1,-1,-0.01,-1,-1,-0.01,-1,-1,-0.01,-1,-1,-0.01,-1,-1
99926009,2026-05-18 12:35:28+05:30,53319.85,0,0.0,0,0.0,0.0,53282.15,53324.7,52783.45,53710.35,0,0.0,0.0,0.0,0.0,-0.01,-1,-1,-0.01,-1,-1,-0.01,-1,-1,-0.01,-1,-1,-0.01,-1,-1,-0.01,-1,-1,-0.01,-1,-1,-0.01,-1,-1,-0.01,-1,-1,-0.01,-1,-1
99926009,2026-05-18 12:35:28+05:30,53320.35,0,0.0,0,0.0,0.0,53282.15,53324.7,52783.45,53710.35,0,0.0,0.0,0.0,0.0,-0.01,-1,-1,-0.01,-1,-1,-0.01,-1,-1,-0.01,-1,-1,-0.01,-1,-1,-0.01,-1,-1,-0.01,-1,-1,-0.01,-1,-1,-0.01,-1,-1,-0.01,-1,-1
99926009,2026-05-18 12:35:29+05:30,53321.3,0,0.0,0,0.0,0.0,53282.15,53324.7,52783.45,53710.35,0,0.0,0.0,0.0,0.0,-0.01,-1,-1,-0.01,-1,-1,-0.01,-1,-1,-0.01,-1,-1,-0.01,-1,-1,-0.01,-1,-1,-0.01,-1,-1,-0.01,-1,-1,-0.01,-1,-1,-0.01,-1,-1
99926009,2026-05-18 12:35:29+05:30,53323.65,0,0.0,0,0.0,0.0,53282.15,53324.7,52783.45,53710.35,0,0.0,0.0,0.0,0.0,-0.01,-1,-1,-0.01,-1,-1,-0.01,-1,-1,-0.01,-1,-1,-0.01,-1,-1,-0.01,-1,-1,-0.01,-1,-1,-0.01,-1,-1,-0.01,-1,-1,-0.01,-1,-1
99926009,2026-05-18 12:35:30+05:30,53324.25,0,0.0,0,0.0,0.0,53282.15,53325.2,52783.45,53710.35,0,0.0,0.0,0.0,0.0,-0.01,-1,-1,-0.01,-1,-1,-0.01,-1,-1,-0.01,-1,-1,-0.01,-1,-1,-0.01,-1,-1,-0.01,-1,-1,-0.01,-1,-1,-0.01,-1,-1,-0.01,-1,-1
99926009,2026-05-18 12:35:30+05:30,53323.65,0,0.0,0,0.0,0.0,53282.15,53325.45,52783.45,53710.35,0,0.0,0.0,0.0,0.0,-0.01,-1,-1,-0.01,-1,-1,-0.01,-1,-1,-0.01,-1,-1,-0.01,-1,-1,-0.01,-1,-1,-0.01,-1,-1,-0.01,-1,-1,-0.01,-1,-1,-0.01,-1,-1
99926009,2026-05-18 12:35:31+05:30,53325.55,0,0.0,0,0.0,0.0,53282.15,53325.55,52783.45,53710.35,0,0.0,0.0,0.0,0.0,-0.01,-1,-1,-0.01,-1,-1,-0.01,-1,-1,-0.01,-1,-1,-0.01,-1,-1,-0.01,-1,-1,-0.01,-1,-1,-0.01,-1,-1,-0.01,-1,-1,-0.01,-1,-1
99926009,2026-05-18 12:35:31+05:30,53324.9,0,0.0,0,0.0,0.0,53282.15,53325.55,52783.45,53710.35,0,0.0,0.0,0.0,0.0,-0.01,-1,-1,-0.01,-1,-1,-0.01,-1,-1,-0.01,-1,-1,-0.01,-1,-1,-0.01,-1,-1,-0.01,-1,-1,-0.01,-1,-1,-0.01,-1,-1,-0.01,-1,-1
99926009,2026-05-18 12:35:32+05:30,53321.55,0,0.0,0,0.0,0.0,53282.15,53325.55,52783.45,53710.35,0,0.0,0.0,0.0,0.0,-0.01,-1,-1,-0.01,-1,-1,-0.01,-1,-1,-0.01,-1,-1,-0.01,-1,-1,-0.01,-1,-1,-0.01,-1,-1,-0.01,-1,-1,-0.01,-1,-1,-0.01,-1,-1
99926009,2026-05-18 12:35:32+05:30,53319.8,0,0.0,0,0.0,0.0,53282.15,53325.55,52783.45,53710.35,0,0.0,0.0,0.0,0.0,-0.01,-1,-1,-0.01,-1,-1,-0.01,-1,-1,-0.01,-1,-1,-0.01,-1,-1,-0.01,-1,-1,-0.01,-1,-1,-0.01,-1,-1,-0.01,-1,-1,-0.01,-1,-1
99926009,2026-05-18 12:35:33+05:30,53322.2,0,0.0,0,0.0,0.0,53282.15,53325.55,52783.45,53710.35,0,0.0,0.0,0.0,0.0,-0.01,-1,-1,-0.01,-1,-1,-0.01,-1,-1,-0.01,-1,-1,-0.01,-1,-1,-0.01,-1,-1,-0.01,-1,-1,-0.01,-1,-1,-0.01,-1,-1,-0.01,-1,-1
99926009,2026-05-18 12:35:33+05:30,53321.3,0,0.0,0,0.0,0.0,53282.15,53325.55,52783.45,53710.35,0,0.0,0.0,0.0,0.0,-0.01,-1,-1,-0.01,-1,-1,-0.01,-1,-1,-0.01,-1,-1,-0.01,-1,-1,-0.01,-1,-1,-0.01,-1,-1,-0.01,-1,-1,-0.01,-1,-1,-0.01,-1,-1
99926009,2026-05-18 12:35:34+05:30,53317.8,0,0.0,0,0.0,0.0,53282.15,53325.55,52783.45,53710.35,0,0.0,0.0,0.0,0.0,-0.01,-1,-1,-0.01,-1,-1,-0.01,-1,-1,-0.01,-1,-1,-0.01,-1,-1,-0.01,-1,-1,-0.01,-1,-1,-0.01,-1,-1,-0.01,-1,-1,-0.01,-1,-1
99926009,2026-05-18 12:35:34+05:30,53320.3,0,0.0,0,0.0,0.0,53282.15,53325.55,52783.45,53710.35,0,0.0,0.0,0.0,0.0,-0.01,-1,-1,-0.01,-1,-1,-0.01,-1,-1,-0.01,-1,-1,-0.01,-1,-1,-0.01,-1,-1,-0.01,-1,-1,-0.01,-1,-1,-0.01,-1,-1,-0.01,-1,-1
99926009,2026-05-18 12:35:35+05:30,53319.95,0,0.0,0,0.0,0.0,53282.15,53325.55,52783.45,53710.35,0,0.0,0.0,0.0,0.0,-0.01,-1,-1,-0.01,-1,-1,-0.01,-1,-1,-0.01,-1,-1,-0.01,-1,-1,-0.01,-1,-1,-0.01,-1,-1,-0.01,-1,-1,-0.01,-1,-1,-0.01,-1,-1
99926009,2026-05-18 12:35:35+05:30,53318.85,0,0.0,0,0.0,0.0,53282.15,53325.55,52783.45,53710.35,0,0.0,0.0,0.0,0.0,-0.01,-1,-1,-0.01,-1,-1,-0.01,-1,-1,-0.01,-1,-1,-0.01,-1,-1,-0.01,-1,-1,-0.01,-1,-1,-0.01,-1,-1,-0.01,-1,-1,-0.01,-1,-1
99926009,2026-05-18 12:35:36+05:30,53321.25,0,0.0,0,0.0,0.0,53282.15,53325.55,52783.45,53710.35,0,0.0,0.0,0.0,0.0,-0.01,-1,-1,-0.01,-1,-1,-0.01,-1,-1,-0.01,-1,-1,-0.01,-1,-1,-0.01,-1,-1,-0.01,-1,-1,-0.01,-1,-1,-0.01,-1,-1,-0.01,-1,-1
99926009,2026-05-18 12:35:36+05:30,53318.65,0,0.0,0,0.0,0.0,53282.15,53325.55,52783.45,53710.35,0,0.0,0.0,0.0,0.0,-0.01,-1,-1,-0.01,-1,-1,-0.01,-1,-1,-0.01,-1,-1,-0.01,-1,-1,-0.01,-1,-1,-0.01,-1,-1,-0.01,-1,-1,-0.01,-1,-1,-0.01,-1,-1
99926009,2026-05-18 12:35:37+05:30,53316.35,0,0.0,0,0.0,0.0,53282.15,53325.55,52783.45,53710.35,0,0.0,0.0,0.0,0.0,-0.01,-1,-1,-0.01,-1,-1,-0.01,-1,-1,-0.01,-1,-1,-0.01,-1,-1,-0.01,-1,-1,-0.01,-1,-1,-0.01,-1,-1,-0.01,-1,-1,-0.01,-1,-1
99926009,2026-05-18 12:35:37+05:30,53316.5,0,0.0,0,0.0,0.0,53282.15,53325.55,52783.45,53710.35,0,0.0,0.0,0.0,0.0,-0.01,-1,-1,-0.01,-1,-1,-0.01,-1,-1,-0.01,-1,-1,-0.01,-1,-1,-0.01,-1,-1,-0.01,-1,-1,-0.01,-1,-1,-0.01,-1,-1,-0.01,-1,-1
99926009,2026-05-18 12:35:38+05:30,53318.8,0,0.0,0,0.0,0.0,53282.15,53325.55,52783.45,53710.35,0,0.0,0.0,0.0,0.0,-0.01,-1,-1,-0.01,-1,-1,-0.01,-1,-1,-0.01,-1,-1,-0.01,-1,-1,-0.01,-1,-1,-0.01,-1,-1,-0.01,-1,-1,-0.01,-1,-1,-0.01,-1,-1
99926009,2026-05-18 12:35:38+05:30,53316.1,0,0.0,0,0.0,0.0,53282.15,53325.55,52783.45,53710.35,0,0.0,0.0,0.0,0.0,-0.01,-1,-1,-0.01,-1,-1,-0.01,-1,-1,-0.01,-1,-1,-0.01,-1,-1,-0.01,-1,-1,-0.01,-1,-1,-0.01,-1,-1,-0.01,-1,-1,-0.01,-1,-1
99926009,2026-05-18 12:35:39+05:30,53318.15,0,0.0,0,0.0,0.0,53282.15,53325.55,52783.45,53710.35,0,0.0,0.0,0.0,0.0,-0.01,-1,-1,-0.01,-1,-1,-0.01,-1,-1,-0.01,-1,-1,-0.01,-1,-1,-0.01,-1,-1,-0.01,-1,-1,-0.01,-1,-1,-0.01,-1,-1,-0.01,-1,-1
99926009,2026-05-18 12:35:39+05:30,53312.0,0,0.0,0,0.0,0.0,53282.15,53325.55,52783.45,53710.35,0,0.0,0.0,0.0,0.0,-0.01,-1,-1,-0.01,-1,-1,-0.01,-1,-1,-0.01,-1,-1,-0.01,-1,-1,-0.01,-1,-1,-0.01,-1,-1,-0.01,-1,-1,-0.01,-1,-1,-0.01,-1,-1
99926009,2026-05-18 12:35:40+05:30,53315.9,0,0.0,0,0.0,0.0,53282.15,53325.55,52783.45,53710.35,0,0.0,0.0,0.0,0.0,-0.01,-1,-1,-0.01,-1,-1,-0.01,-1,-1,-0.01,-1,-1,-0.01,-1,-1,-0.01,-1,-1,-0.01,-1,-1,-0.01,-1,-1,-0.01,-1,-1,-0.01,-1,-1
99926009,2026-05-18 12:35:40+05:30,53313.65,0,0.0,0,0.0,0.0,53282.15,53325.55,52783.45,53710.35,0,0.0,0.0,0.0,0.0,-0.01,-1,-1,-0.01,-1,-1,-0.01,-1,-1,-0.01,-1,-1,-0.01,-1,-1,-0.01,-1,-1,-0.01,-1,-1,-0.01,-1,-1,-0.01,-1,-1,-0.01,-1,-1
99926009,2026-05-18 12:35:41+05:30,53313.85,0,0.0,0,0.0,0.0,53282.15,53325.55,52783.45,53710.35,0,0.0,0.0,0.0,0.0,-0.01,-1,-1,-0.01,-1,-1,-0.01,-1,-1,-0.01,-1,-1,-0.01,-1,-1,-0.01,-1,-1,-0.01,-1,-1,-0.01,-1,-1,-0.01,-1,-1,-0.01,-1,-1
99926009,2026-05-18 12:35:41+05:30,53314.8,0,0.0,0,0.0,0.0,53282.15,53325.55,52783.45,53710.35,0,0.0,0.0,0.0,0.0,-0.01,-1,-1,-0.01,-1,-1,-0.01,-1,-1,-0.01,-1,-1,-0.01,-1,-1,-0.01,-1,-1,-0.01,-1,-1,-0.01,-1,-1,-0.01,-1,-1,-0.01,-1,-1
99926009,2026-05-18 12:35:42+05:30,53313.5,0,0.0,0,0.0,0.0,53282.15,53325.55,52783.45,53710.35,0,0.0,0.0,0.0,0.0,-0.01,-1,-1,-0.01,-1,-1,-0.01,-1,-1,-0.01,-1,-1,-0.01,-1,-1,-0.01,-1,-1,-0.01,-1,-1,-0.01,-1,-1,-0.01,-1,-1,-0.01,-1,-1
99926009,2026-05-18 12:35:42+05:30,53312.25,0,0.0,0,0.0,0.0,53282.15,53325.55,52783.45,53710.35,0,0.0,0.0,0.0,0.0,-0.01,-1,-1,-0.01,-1,-1,-0.01,-1,-1,-0.01,-1,-1,-0.01,-1,-1,-0.01,-1,-1,-0.01,-1,-1,-0.01,-1,-1,-0.01,-1,-1,-0.01,-1,-1
99926009,2026-05-18 12:35:43+05:30,53313.0,0,0.0,0,0.0,0.0,53282.15,53325.55,52783.45,53710.35,0,0.0,0.0,0.0,0.0,-0.01,-1,-1,-0.01,-1,-1,-0.01,-1,-1,-0.01,-1,-1,-0.01,-1,-1,-0.01,-1,-1,-0.01,-1,-1,-0.01,-1,-1,-0.01,-1,-1,-0.01,-1,-1
99926009,2026-05-18 12:35:43+05:30,53306.15,0,0.0,0,0.0,0.0,53282.15,53325.55,52783.45,53710.35,0,0.0,0.0,0.0,0.0,-0.01,-1,-1,-0.01,-1,-1,-0.01,-1,-1,-0.01,-1,-1,-0.01,-1,-1,-0.01,-1,-1,-0.01,-1,-1,-0.01,-1,-1,-0.01,-1,-1,-0.01,-1,-1
99926009,2026-05-18 12:35:44+05:30,53306.65,0,0.0,0,0.0,0.0,53282.15,53325.55,52783.45,53710.35,0,0.0,0.0,0.0,0.0,-0.01,-1,-1,-0.01,-1,-1,-0.01,-1,-1,-0.01,-1,-1,-0.01,-1,-1,-0.01,-1,-1,-0.01,-1,-1,-0.01,-1,-1,-0.01,-1,-1,-0.01,-1,-1
99926009,2026-05-18 12:35:44+05:30,53309.75,0,0.0,0,0.0,0.0,53282.15,53325.55,52783.45,53710.35,0,0.0,0.0,0.0,0.0,-0.01,-1,-1,-0.01,-1,-1,-0.01,-1,-1,-0.01,-1,-1,-0.01,-1,-1,-0.01,-1,-1,-0.01,-1,-1,-0.01,-1,-1,-0.01,-1,-1,-0.01,-1,-1
99926009,2026-05-18 12:35:45+05:30,53301.8,0,0.0,0,0.0,0.0,53282.15,53325.55,52783.45,53710.35,0,0.0,0.0,0.0,0.0,-0.01,-1,-1,-0.01,-1,-1,-0.01,-1,-1,-0.01,-1,-1,-0.01,-1,-1,-0.01,-1,-1,-0.01,-1,-1,-0.01,-1,-1,-0.01,-1,-1,-0.01,-1,-1
99926009,2026-05-18 12:35:45+05:30,53303.15,0,0.0,0,0.0,0.0,53282.15,53325.55,52783.45,53710.35,0,0.0,0.0,0.0,0.0,-0.01,-1,-1,-0.01,-1,-1,-0.01,-1,-1,-0.01,-1,-1,-0.01,-1,-1,-0.01,-1,-1,-0.01,-1,-1,-0.01,-1,-1,-0.01,-1,-1,-0.01,-1,-1
99926009,2026-05-18 12:35:46+05:30,53304.65,0,0.0,0,0.0,0.0,53282.15,53325.55,52783.45,53710.35,0,0.0,0.0,0.0,0.0,-0.01,-1,-1,-0.01,-1,-1,-0.01,-1,-1,-0.01,-1,-1,-0.01,-1,-1,-0.01,-1,-1,-0.01,-1,-1,-0.01,-1,-1,-0.01,-1,-1,-0.01,-1,-1
99926009,2026-05-18 12:35:46+05:30,53305.05,0,0.0,0,0.0,0.0,53282.15,53325.55,52783.45,53710.35,0,0.0,0.0,0.0,0.0,-0.01,-1,-1,-0.01,-1,-1,-0.01,-1,-1,-0.01,-1,-1,-0.01,-1,-1,-0.01,-1,-1,-0.01,-1,-1,-0.01,-1,-1,-0.01,-1,-1,-0.01,-1,-1
99926009,2026-05-18 12:35:47+05:30,53305.85,0,0.0,0,0.0,0.0,53282.15,53325.55,52783.45,53710.35,0,0.0,0.0,0.0,0.0,-0.01,-1,-1,-0.01,-1,-1,-0.01,-1,-1,-0.01,-1,-1,-0.01,-1,-1,-0.01,-1,-1,-0.01,-1,-1,-0.01,-1,-1,-0.01,-1,-1,-0.01,-1,-1
99926009,2026-05-18 12:35:47+05:30,53310.8,0,0.0,0,0.0,0.0,53282.15,53325.55,52783.45,53710.35,0,0.0,0.0,0.0,0.0,-0.01,-1,-1,-0.01,-1,-1,-0.01,-1,-1,-0.01,-1,-1,-0.01,-1,-1,-0.01,-1,-1,-0.01,-1,-1,-0.01,-1,-1,-0.01,-1,-1,-0.01,-1,-1
99926009,2026-05-18 12:35:48+05:30,53313.6,0,0.0,0,0.0,0.0,53282.15,53325.55,52783.45,53710.35,0,0.0,0.0,0.0,0.0,-0.01,-1,-1,-0.01,-1,-1,-0.01,-1,-1,-0.01,-1,-1,-0.01,-1,-1,-0.01,-1,-1,-0.01,-1,-1,-0.01,-1,-1,-0.01,-1,-1,-0.01,-1,-1
99926009,2026-05-18 12:35:48+05:30,53311.95,0,0.0,0,0.0,0.0,53282.15,53325.55,52783.45,53710.35,0,0.0,0.0,0.0,0.0,-0.01,-1,-1,-0.01,-1,-1,-0.01,-1,-1,-0.01,-1,-1,-0.01,-1,-1,-0.01,-1,-1,-0.01,-1,-1,-0.01,-1,-1,-0.01,-1,-1,-0.01,-1,-1
99926009,2026-05-18 12:35:49+05:30,53314.65,0,0.0,0,0.0,0.0,53282.15,53325.55,52783.45,53710.35,0,0.0,0.0,0.0,0.0,-0.01,-1,-1,-0.01,-1,-1,-0.01,-1,-1,-0.01,-1,-1,-0.01,-1,-1,-0.01,-1,-1,-0.01,-1,-1,-0.01,-1,-1,-0.01,-1,-1,-0.01,-1,-1
99926009,2026-05-18 12:35:49+05:30,53315.45,0,0.0,0,0.0,0.0,53282.15,53325.55,52783.45,53710.35,0,0.0,0.0,0.0,0.0,-0.01,-1,-1,-0.01,-1,-1,-0.01,-1,-1,-0.01,-1,-1,-0.01,-1,-1,-0.01,-1,-1,-0.01,-1,-1,-0.01,-1,-1,-0.01,-1,-1,-0.01,-1,-1
99926009,2026-05-18 12:35:50+05:30,53316.6,0,0.0,0,0.0,0.0,53282.15,53325.55,52783.45,53710.35,0,0.0,0.0,0.0,0.0,-0.01,-1,-1,-0.01,-1,-1,-0.01,-1,-1,-0.01,-1,-1,-0.01,-1,-1,-0.01,-1,-1,-0.01,-1,-1,-0.01,-1,-1,-0.01,-1,-1,-0.01,-1,-1
99926009,2026-05-18 12:35:50+05:30,53317.05,0,0.0,0,0.0,0.0,53282.15,53325.55,52783.45,53710.35,0,0.0,0.0,0.0,0.0,-0.01,-1,-1,-0.01,-1,-1,-0.01,-1,-1,-0.01,-1,-1,-0.01,-1,-1,-0.01,-1,-1,-0.01,-1,-1,-0.01,-1,-1,-0.01,-1,-1,-0.01,-1,-1
99926009,2026-05-18 12:35:51+05:30,53316.55,0,0.0,0,0.0,0.0,53282.15,53325.55,52783.45,53710.35,0,0.0,0.0,0.0,0.0,-0.01,-1,-1,-0.01,-1,-1,-0.01,-1,-1,-0.01,-1,-1,-0.01,-1,-1,-0.01,-1,-1,-0.01,-1,-1,-0.01,-1,-1,-0.01,-1,-1,-0.01,-1,-1
99926009,2026-05-18 12:35:51+05:30,53317.85,0,0.0,0,0.0,0.0,53282.15,53325.55,52783.45,53710.35,0,0.0,0.0,0.0,0.0,-0.01,-1,-1,-0.01,-1,-1,-0.01,-1,-1,-0.01,-1,-1,-0.01,-1,-1,-0.01,-1,-1,-0.01,-1,-1,-0.01,-1,-1,-0.01,-1,-1,-0.01,-1,-1
99926009,2026-05-18 12:35:52+05:30,53313.6,0,0.0,0,0.0,0.0,53282.15,53325.55,52783.45,53710.35,0,0.0,0.0,0.0,0.0,-0.01,-1,-1,-0.01,-1,-1,-0.01,-1,-1,-0.01,-1,-1,-0.01,-1,-1,-0.01,-1,-1,-0.01,-1,-1,-0.01,-1,-1,-0.01,-1,-1,-0.01,-1,-1
99926009,2026-05-18 12:35:52+05:30,53314.25,0,0.0,0,0.0,0.0,53282.15,53325.55,52783.45,53710.35,0,0.0,0.0,0.0,0.0,-0.01,-1,-1,-0.01,-1,-1,-0.01,-1,-1,-0.01,-1,-1,-0.01,-1,-1,-0.01,-1,-1,-0.01,-1,-1,-0.01,-1,-1,-0.01,-1,-1,-0.01,-1,-1
99926009,2026-05-18 12:35:53+05:30,53313.05,0,0.0,0,0.0,0.0,53282.15,53325.55,52783.45,53710.35,0,0.0,0.0,0.0,0.0,-0.01,-1,-1,-0.01,-1,-1,-0.01,-1,-1,-0.01,-1,-1,-0.01,-1,-1,-0.01,-1,-1,-0.01,-1,-1,-0.01,-1,-1,-0.01,-1,-1,-0.01,-1,-1
99926009,2026-05-18 12:35:53+05:30,53312.05,0,0.0,0,0.0,0.0,53282.15,53325.55,52783.45,53710.35,0,0.0,0.0,0.0,0.0,-0.01,-1,-1,-0.01,-1,-1,-0.01,-1,-1,-0.01,-1,-1,-0.01,-1,-1,-0.01,-1,-1,-0.01,-1,-1,-0.01,-1,-1,-0.01,-1,-1,-0.01,-1,-1
99926009,2026-05-18 12:35:54+05:30,53312.55,0,0.0,0,0.0,0.0,53282.15,53325.55,52783.45,53710.35,0,0.0,0.0,0.0,0.0,-0.01,-1,-1,-0.01,-1,-1,-0.01,-1,-1,-0.01,-1,-1,-0.01,-1,-1,-0.01,-1,-1,-0.01,-1,-1,-0.01,-1,-1,-0.01,-1,-1,-0.01,-1,-1
99926009,2026-05-18 12:35:54+05:30,53313.45,0,0.0,0,0.0,0.0,53282.15,53325.55,52783.45,53710.35,0,0.0,0.0,0.0,0.0,-0.01,-1,-1,-0.01,-1,-1,-0.01,-1,-1,-0.01,-1,-1,-0.01,-1,-1,-0.01,-1,-1,-0.01,-1,-1,-0.01,-1,-1,-0.01,-1,-1,-0.01,-1,-1
99926009,2026-05-18 12:35:55+05:30,53313.95,0,0.0,0,0.0,0.0,53282.15,53325.55,52783.45,53710.35,0,0.0,0.0,0.0,0.0,-0.01,-1,-1,-0.01,-1,-1,-0.01,-1,-1,-0.01,-1,-1,-0.01,-1,-1,-0.01,-1,-1,-0.01,-1,-1,-0.01,-1,-1,-0.01,-1,-1,-0.01,-1,-1
99926009,2026-05-18 12:35:55+05:30,53309.55,0,0.0,0,0.0,0.0,53282.15,53325.55,52783.45,53710.35,0,0.0,0.0,0.0,0.0,-0.01,-1,-1,-0.01,-1,-1,-0.01,-1,-1,-0.01,-1,-1,-0.01,-1,-1,-0.01,-1,-1,-0.01,-1,-1,-0.01,-1,-1,-0.01,-1,-1,-0.01,-1,-1
99926009,2026-05-18 12:35:56+05:30,53316.05,0,0.0,0,0.0,0.0,53282.15,53325.55,52783.45,53710.35,0,0.0,0.0,0.0,0.0,-0.01,-1,-1,-0.01,-1,-1,-0.01,-1,-1,-0.01,-1,-1,-0.01,-1,-1,-0.01,-1,-1,-0.01,-1,-1,-0.01,-1,-1,-0.01,-1,-1,-0.01,-1,-1
99926009,2026-05-18 12:35:56+05:30,53313.65,0,0.0,0,0.0,0.0,53282.15,53325.55,52783.45,53710.35,0,0.0,0.0,0.0,0.0,-0.01,-1,-1,-0.01,-1,-1,-0.01,-1,-1,-0.01,-1,-1,-0.01,-1,-1,-0.01,-1,-1,-0.01,-1,-1,-0.01,-1,-1,-0.01,-1,-1,-0.01,-1,-1
99926009,2026-05-18 12:35:57+05:30,53314.35,0,0.0,0,0.0,0.0,53282.15,53325.55,52783.45,53710.35,0,0.0,0.0,0.0,0.0,-0.01,-1,-1,-0.01,-1,-1,-0.01,-1,-1,-0.01,-1,-1,-0.01,-1,-1,-0.01,-1,-1,-0.01,-1,-1,-0.01,-1,-1,-0.01,-1,-1,-0.01,-1,-1
99926009,2026-05-18 12:35:57+05:30,53314.75,0,0.0,0,0.0,0.0,53282.15,53325.55,52783.45,53710.35,0,0.0,0.0,0.0,0.0,-0.01,-1,-1,-0.01,-1,-1,-0.01,-1,-1,-0.01,-1,-1,-0.01,-1,-1,-0.01,-1,-1,-0.01,-1,-1,-0.01,-1,-1,-0.01,-1,-1,-0.01,-1,-1
99926009,2026-05-18 12:35:58+05:30,53315.6,0,0.0,0,0.0,0.0,53282.15,53325.55,52783.45,53710.35,0,0.0,0.0,0.0,0.0,-0.01,-1,-1,-0.01,-1,-1,-0.01,-1,-1,-0.01,-1,-1,-0.01,-1,-1,-0.01,-1,-1,-0.01,-1,-1,-0.01,-1,-1,-0.01,-1,-1,-0.01,-1,-1
99926009,2026-05-18 12:35:58+05:30,53316.05,0,0.0,0,0.0,0.0,53282.15,53325.55,52783.45,53710.35,0,0.0,0.0,0.0,0.0,-0.01,-1,-1,-0.01,-1,-1,-0.01,-1,-1,-0.01,-1,-1,-0.01,-1,-1,-0.01,-1,-1,-0.01,-1,-1,-0.01,-1,-1,-0.01,-1,-1,-0.01,-1,-1
99926009,2026-05-18 12:35:59+05:30,53314.1,0,0.0,0,0.0,0.0,53282.15,53325.55,52783.45,53710.35,0,0.0,0.0,0.0,0.0,-0.01,-1,-1,-0.01,-1,-1,-0.01,-1,-1,-0.01,-1,-1,-0.01,-1,-1,-0.01,-1,-1,-0.01,-1,-1,-0.01,-1,-1,-0.01,-1,-1,-0.01,-1,-1
99926009,2026-05-18 12:35:59+05:30,53314.75,0,0.0,0,0.0,0.0,53282.15,53325.55,52783.45,53710.35,0,0.0,0.0,0.0,0.0,-0.01,-1,-1,-0.01,-1,-1,-0.01,-1,-1,-0.01,-1,-1,-0.01,-1,-1,-0.01,-1,-1,-0.01,-1,-1,-0.01,-1,-1,-0.01,-1,-1,-0.01,-1,-1
99926009,2026-05-18 12:36:00+05:30,53313.0,0,0.0,0,0.0,0.0,53282.15,53325.55,52783.45,53710.35,0,0.0,0.0,0.0,0.0,-0.01,-1,-1,-0.01,-1,-1,-0.01,-1,-1,-0.01,-1,-1,-0.01,-1,-1,-0.01,-1,-1,-0.01,-1,-1,-0.01,-1,-1,-0.01,-1,-1,-0.01,-1,-1
99926009,2026-05-18 12:36:00+05:30,53312.5,0,0.0,0,0.0,0.0,53282.15,53325.55,52783.45,53710.35,0,0.0,0.0,0.0,0.0,-0.01,-1,-1,-0.01,-1,-1,-0.01,-1,-1,-0.01,-1,-1,-0.01,-1,-1,-0.01,-1,-1,-0.01,-1,-1,-0.01,-1,-1,-0.01,-1,-1,-0.01,-1,-1
99926009,2026-05-18 12:36:01+05:30,53313.85,0,0.0,0,0.0,0.0,53282.15,53325.55,52783.45,53710.35,0,0.0,0.0,0.0,0.0,-0.01,-1,-1,-0.01,-1,-1,-0.01,-1,-1,-0.01,-1,-1,-0.01,-1,-1,-0.01,-1,-1,-0.01,-1,-1,-0.01,-1,-1,-0.01,-1,-1,-0.01,-1,-1
99926009,2026-05-18 12:36:01+05:30,53313.55,0,0.0,0,0.0,0.0,53282.15,53325.55,52783.45,53710.35,0,0.0,0.0,0.0,0.0,-0.01,-1,-1,-0.01,-1,-1,-0.01,-1,-1,-0.01,-1,-1,-0.01,-1,-1,-0.01,-1,-1,-0.01,-1,-1,-0.01,-1,-1,-0.01,-1,-1,-0.01,-1,-1
99926009,2026-05-18 12:36:02+05:30,53311.8,0,0.0,0,0.0,0.0,53282.15,53325.55,52783.45,53710.35,0,0.0,0.0,0.0,0.0,-0.01,-1,-1,-0.01,-1,-1,-0.01,-1,-1,-0.01,-1,-1,-0.01,-1,-1,-0.01,-1,-1,-0.01,-1,-1,-0.01,-1,-1,-0.01,-1,-1,-0.01,-1,-1
99926009,2026-05-18 12:36:02+05:30,53313.0,0,0.0,0,0.0,0.0,53282.15,53325.55,52783.45,53710.35,0,0.0,0.0,0.0,0.0,-0.01,-1,-1,-0.01,-1,-1,-0.01,-1,-1,-0.01,-1,-1,-0.01,-1,-1,-0.01,-1,-1,-0.01,-1,-1,-0.01,-1,-1,-0.01,-1,-1,-0.01,-1,-1
99926009,2026-05-18 12:36:03+05:30,53313.7,0,0.0,0,0.0,0.0,53282.15,53325.55,52783.45,53710.35,0,0.0,0.0,0.0,0.0,-0.01,-1,-1,-0.01,-1,-1,-0.01,-1,-1,-0.01,-1,-1,-0.01,-1,-1,-0.01,-1,-1,-0.01,-1,-1,-0.01,-1,-1,-0.01,-1,-1,-0.01,-1,-1
99926009,2026-05-18 12:36:03+05:30,53313.55,0,0.0,0,0.0,0.0,53282.15,53325.55,52783.45,53710.35,0,0.0,0.0,0.0,0.0,-0.01,-1,-1,-0.01,-1,-1,-0.01,-1,-1,-0.01,-1,-1,-0.01,-1,-1,-0.01,-1,-1,-0.01,-1,-1,-0.01,-1,-1,-0.01,-1,-1,-0.01,-1,-1
99926009,2026-05-18 12:36:04+05:30,53313.45,0,0.0,0,0.0,0.0,53282.15,53325.55,52783.45,53710.35,0,0.0,0.0,0.0,0.0,-0.01,-1,-1,-0.01,-1,-1,-0.01,-1,-1,-0.01,-1,-1,-0.01,-1,-1,-0.01,-1,-1,-0.01,-1,-1,-0.01,-1,-1,-0.01,-1,-1,-0.01,-1,-1
99926009,2026-05-18 12:36:04+05:30,53313.2,0,0.0,0,0.0,0.0,53282.15,53325.55,52783.45,53710.35,0,0.0,0.0,0.0,0.0,-0.01,-1,-1,-0.01,-1,-1,-0.01,-1,-1,-0.01,-1,-1,-0.01,-1,-1,-0.01,-1,-1,-0.01,-1,-1,-0.01,-1,-1,-0.01,-1,-1,-0.01,-1,-1
99926009,2026-05-18 12:36:05+05:30,53314.15,0,0.0,0,0.0,0.0,53282.15,53325.55,52783.45,53710.35,0,0.0,0.0,0.0,0.0,-0.01,-1,-1,-0.01,-1,-1,-0.01,-1,-1,-0.01,-1,-1,-0.01,-1,-1,-0.01,-1,-1,-0.01,-1,-1,-0.01,-1,-1,-0.01,-1,-1,-0.01,-1,-1
99926009,2026-05-18 12:36:05+05:30,53314.1,0,0.0,0,0.0,0.0,53282.15,53325.55,52783.45,53710.35,0,0.0,0.0,0.0,0.0,-0.01,-1,-1,-0.01,-1,-1,-0.01,-1,-1,-0.01,-1,-1,-0.01,-1,-1,-0.01,-1,-1,-0.01,-1,-1,-0.01,-1,-1,-0.01,-1,-1,-0.01,-1,-1
99926009,2026-05-18 12:36:06+05:30,53312.35,0,0.0,0,0.0,0.0,53282.15,53325.55,52783.45,53710.35,0,0.0,0.0,0.0,0.0,-0.01,-1,-1,-0.01,-1,-1,-0.01,-1,-1,-0.01,-1,-1,-0.01,-1,-1,-0.01,-1,-1,-0.01,-1,-1,-0.01,-1,-1,-0.01,-1,-1,-0.01,-1,-1
99926009,2026-05-18 12:36:06+05:30,53316.0,0,0.0,0,0.0,0.0,53282.15,53325.55,52783.45,53710.35,0,0.0,0.0,0.0,0.0,-0.01,-1,-1,-0.01,-1,-1,-0.01,-1,-1,-0.01,-1,-1,-0.01,-1,-1,-0.01,-1,-1,-0.01,-1,-1,-0.01,-1,-1,-0.01,-1,-1,-0.01,-1,-1
99926009,2026-05-18 12:36:07+05:30,53314.45,0,0.0,0,0.0,0.0,53282.15,53325.55,52783.45,53710.35,0,0.0,0.0,0.0,0.0,-0.01,-1,-1,-0.01,-1,-1,-0.01,-1,-1,-0.01,-1,-1,-0.01,-1,-1,-0.01,-1,-1,-0.01,-1,-1,-0.01,-1,-1,-0.01,-1,-1,-0.01,-1,-1
99926009,2026-05-18 12:36:07+05:30,53313.0,0,0.0,0,0.0,0.0,53282.15,53325.55,52783.45,53710.35,0,0.0,0.0,0.0,0.0,-0.01,-1,-1,-0.01,-1,-1,-0.01,-1,-1,-0.01,-1,-1,-0.01,-1,-1,-0.01,-1,-1,-0.01,-1,-1,-0.01,-1,-1,-0.01,-1,-1,-0.01,-1,-1
99926009,2026-05-18 12:36:08+05:30,53313.5,0,0.0,0,0.0,0.0,53282.15,53325.55,52783.45,53710.35,0,0.0,0.0,0.0,0.0,-0.01,-1,-1,-0.01,-1,-1,-0.01,-1,-1,-0.01,-1,-1,-0.01,-1,-1,-0.01,-1,-1,-0.01,-1,-1,-0.01,-1,-1,-0.01,-1,-1,-0.01,-1,-1
99926009,2026-05-18 12:36:08+05:30,53312.6,0,0.0,0,0.0,0.0,53282.15,53325.55,52783.45,53710.35,0,0.0,0.0,0.0,0.0,-0.01,-1,-1,-0.01,-1,-1,-0.01,-1,-1,-0.01,-1,-1,-0.01,-1,-1,-0.01,-1,-1,-0.01,-1,-1,-0.01,-1,-1,-0.01,-1,-1,-0.01,-1,-1
99926009,2026-05-18 12:36:09+05:30,53314.5,0,0.0,0,0.0,0.0,53282.15,53325.55,52783.45,53710.35,0,0.0,0.0,0.0,0.0,-0.01,-1,-1,-0.01,-1,-1,-0.01,-1,-1,-0.01,-1,-1,-0.01,-1,-1,-0.01,-1,-1,-0.01,-1,-1,-0.01,-1,-1,-0.01,-1,-1,-0.01,-1,-1
99926009,2026-05-18 12:36:09+05:30,53313.2,0,0.0,0,0.0,0.0,53282.15,53325.55,52783.45,53710.35,0,0.0,0.0,0.0,0.0,-0.01,-1,-1,-0.01,-1,-1,-0.01,-1,-1,-0.01,-1,-1,-0.01,-1,-1,-0.01,-1,-1,-0.01,-1,-1,-0.01,-1,-1,-0.01,-1,-1,-0.01,-1,-1
99926009,2026-05-18 12:36:10+05:30,53314.7,0,0.0,0,0.0,0.0,53282.15,53325.55,52783.45,53710.35,0,0.0,0.0,0.0,0.0,-0.01,-1,-1,-0.01,-1,-1,-0.01,-1,-1,-0.01,-1,-1,-0.01,-1,-1,-0.01,-1,-1,-0.01,-1,-1,-0.01,-1,-1,-0.01,-1,-1,-0.01,-1,-1
99926009,2026-05-18 12:36:10+05:30,53311.95,0,0.0,0,0.0,0.0,53282.15,53325.55,52783.45,53710.35,0,0.0,0.0,0.0,0.0,-0.01,-1,-1,-0.01,-1,-1,-0.01,-1,-1,-0.01,-1,-1,-0.01,-1,-1,-0.01,-1,-1,-0.01,-1,-1,-0.01,-1,-1,-0.01,-1,-1,-0.01,-1,-1
99926009,2026-05-18 12:36:11+05:30,53313.5,0,0.0,0,0.0,0.0,53282.15,53325.55,52783.45,53710.35,0,0.0,0.0,0.0,0.0,-0.01,-1,-1,-0.01,-1,-1,-0.01,-1,-1,-0.01,-1,-1,-0.01,-1,-1,-0.01,-1,-1,-0.01,-1,-1,-0.01,-1,-1,-0.01,-1,-1,-0.01,-1,-1
99926009,2026-05-18 12:36:11+05:30,53311.8,0,0.0,0,0.0,0.0,53282.15,53325.55,52783.45,53710.35,0,0.0,0.0,0.0,0.0,-0.01,-1,-1,-0.01,-1,-1,-0.01,-1,-1,-0.01,-1,-1,-0.01,-1,-1,-0.01,-1,-1,-0.01,-1,-1,-0.01,-1,-1,-0.01,-1,-1,-0.01,-1,-1
99926009,2026-05-18 12:36:12+05:30,53312.2,0,0.0,0,0.0,0.0,53282.15,53325.55,52783.45,53710.35,0,0.0,0.0,0.0,0.0,-0.01,-1,-1,-0.01,-1,-1,-0.01,-1,-1,-0.01,-1,-1,-0.01,-1,-1,-0.01,-1,-1,-0.01,-1,-1,-0.01,-1,-1,-0.01,-1,-1,-0.01,-1,-1
99926009,2026-05-18 12:36:12+05:30,53313.9,0,0.0,0,0.0,0.0,53282.15,53325.55,52783.45,53710.35,0,0.0,0.0,0.0,0.0,-0.01,-1,-1,-0.01,-1,-1,-0.01,-1,-1,-0.01,-1,-1,-0.01,-1,-1,-0.01,-1,-1,-0.01,-1,-1,-0.01,-1,-1,-0.01,-1,-1,-0.01,-1,-1
99926009,2026-05-18 12:36:13+05:30,53308.25,0,0.0,0,0.0,0.0,53282.15,53325.55,52783.45,53710.35,0,0.0,0.0,0.0,0.0,-0.01,-1,-1,-0.01,-1,-1,-0.01,-1,-1,-0.01,-1,-1,-0.01,-1,-1,-0.01,-1,-1,-0.01,-1,-1,-0.01,-1,-1,-0.01,-1,-1,-0.01,-1,-1
99926009,2026-05-18 12:36:13+05:30,53311.95,0,0.0,0,0.0,0.0,53282.15,53325.55,52783.45,53710.35,0,0.0,0.0,0.0,0.0,-0.01,-1,-1,-0.01,-1,-1,-0.01,-1,-1,-0.01,-1,-1,-0.01,-1,-1,-0.01,-1,-1,-0.01,-1,-1,-0.01,-1,-1,-0.01,-1,-1,-0.01,-1,-1
99926009,2026-05-18 12:36:14+05:30,53313.9,0,0.0,0,0.0,0.0,53282.15,53325.55,52783.45,53710.35,0,0.0,0.0,0.0,0.0,-0.01,-1,-1,-0.01,-1,-1,-0.01,-1,-1,-0.01,-1,-1,-0.01,-1,-1,-0.01,-1,-1,-0.01,-1,-1,-0.01,-1,-1,-0.01,-1,-1,-0.01,-1,-1
99926009,2026-05-18 12:36:14+05:30,53312.9,0,0.0,0,0.0,0.0,53282.15,53325.55,52783.45,53710.35,0,0.0,0.0,0.0,0.0,-0.01,-1,-1,-0.01,-1,-1,-0.01,-1,-1,-0.01,-1,-1,-0.01,-1,-1,-0.01,-1,-1,-0.01,-1,-1,-0.01,-1,-1,-0.01,-1,-1,-0.01,-1,-1
99926009,2026-05-18 12:36:15+05:30,53317.6,0,0.0,0,0.0,0.0,53282.15,53325.55,52783.45,53710.35,0,0.0,0.0,0.0,0.0,-0.01,-1,-1,-0.01,-1,-1,-0.01,-1,-1,-0.01,-1,-1,-0.01,-1,-1,-0.01,-1,-1,-0.01,-1,-1,-0.01,-1,-1,-0.01,-1,-1,-0.01,-1,-1
99926009,2026-05-18 12:36:15+05:30,53317.45,0,0.0,0,0.0,0.0,53282.15,53325.55,52783.45,53710.35,0,0.0,0.0,0.0,0.0,-0.01,-1,-1,-0.01,-1,-1,-0.01,-1,-1,-0.01,-1,-1,-0.01,-1,-1,-0.01,-1,-1,-0.01,-1,-1,-0.01,-1,-1,-0.01,-1,-1,-0.01,-1,-1
99926009,2026-05-18 12:36:16+05:30,53317.25,0,0.0,0,0.0,0.0,53282.15,53325.55,52783.45,53710.35,0,0.0,0.0,0.0,0.0,-0.01,-1,-1,-0.01,-1,-1,-0.01,-1,-1,-0.01,-1,-1,-0.01,-1,-1,-0.01,-1,-1,-0.01,-1,-1,-0.01,-1,-1,-0.01,-1,-1,-0.01,-1,-1
99926009,2026-05-18 12:36:16+05:30,53315.9,0,0.0,0,0.0,0.0,53282.15,53325.55,52783.45,53710.35,0,0.0,0.0,0.0,0.0,-0.01,-1,-1,-0.01,-1,-1,-0.01,-1,-1,-0.01,-1,-1,-0.01,-1,-1,-0.01,-1,-1,-0.01,-1,-1,-0.01,-1,-1,-0.01,-1,-1,-0.01,-1,-1
99926009,2026-05-18 12:36:17+05:30,53313.8,0,0.0,0,0.0,0.0,53282.15,53325.55,52783.45,53710.35,0,0.0,0.0,0.0,0.0,-0.01,-1,-1,-0.01,-1,-1,-0.01,-1,-1,-0.01,-1,-1,-0.01,-1,-1,-0.01,-1,-1,-0.01,-1,-1,-0.01,-1,-1,-0.01,-1,-1,-0.01,-1,-1
99926009,2026-05-18 12:36:17+05:30,53316.4,0,0.0,0,0.0,0.0,53282.15,53325.55,52783.45,53710.35,0,0.0,0.0,0.0,0.0,-0.01,-1,-1,-0.01,-1,-1,-0.01,-1,-1,-0.01,-1,-1,-0.01,-1,-1,-0.01,-1,-1,-0.01,-1,-1,-0.01,-1,-1,-0.01,-1,-1,-0.01,-1,-1
99926009,2026-05-18 12:36:18+05:30,53316.55,0,0.0,0,0.0,0.0,53282.15,53325.55,52783.45,53710.35,0,0.0,0.0,0.0,0.0,-0.01,-1,-1,-0.01,-1,-1,-0.01,-1,-1,-0.01,-1,-1,-0.01,-1,-1,-0.01,-1,-1,-0.01,-1,-1,-0.01,-1,-1,-0.01,-1,-1,-0.01,-1,-1
99926009,2026-05-18 12:36:18+05:30,53316.2,0,0.0,0,0.0,0.0,53282.15,53325.55,52783.45,53710.35,0,0.0,0.0,0.0,0.0,-0.01,-1,-1,-0.01,-1,-1,-0.01,-1,-1,-0.01,-1,-1,-0.01,-1,-1,-0.01,-1,-1,-0.01,-1,-1,-0.01,-1,-1,-0.01,-1,-1,-0.01,-1,-1
99926009,2026-05-18 12:36:19+05:30,53315.85,0,0.0,0,0.0,0.0,53282.15,53325.55,52783.45,53710.35,0,0.0,0.0,0.0,0.0,-0.01,-1,-1,-0.01,-1,-1,-0.01,-1,-1,-0.01,-1,-1,-0.01,-1,-1,-0.01,-1,-1,-0.01,-1,-1,-0.01,-1,-1,-0.01,-1,-1,-0.01,-1,-1
99926009,2026-05-18 12:36:19+05:30,53316.05,0,0.0,0,0.0,0.0,53282.15,53325.55,52783.45,53710.35,0,0.0,0.0,0.0,0.0,-0.01,-1,-1,-0.01,-1,-1,-0.01,-1,-1,-0.01,-1,-1,-0.01,-1,-1,-0.01,-1,-1,-0.01,-1,-1,-0.01,-1,-1,-0.01,-1,-1,-0.01,-1,-1
99926009,2026-05-18 12:36:20+05:30,53316.4,0,0.0,0,0.0,0.0,53282.15,53325.55,52783.45,53710.35,0,0.0,0.0,0.0,0.0,-0.01,-1,-1,-0.01,-1,-1,-0.01,-1,-1,-0.01,-1,-1,-0.01,-1,-1,-0.01,-1,-1,-0.01,-1,-1,-0.01,-1,-1,-0.01,-1,-1,-0.01,-1,-1
99926009,2026-05-18 12:36:20+05:30,53316.25,0,0.0,0,0.0,0.0,53282.15,53325.55,52783.45,53710.35,0,0.0,0.0,0.0,0.0,-0.01,-1,-1,-0.01,-1,-1,-0.01,-1,-1,-0.01,-1,-1,-0.01,-1,-1,-0.01,-1,-1,-0.01,-1,-1,-0.01,-1,-1,-0.01,-1,-1,-0.01,-1,-1
99926009,2026-05-18 12:36:21+05:30,53318.5,0,0.0,0,0.0,0.0,53282.15,53325.55,52783.45,53710.35,0,0.0,0.0,0.0,0.0,-0.01,-1,-1,-0.01,-1,-1,-0.01,-1,-1,-0.01,-1,-1,-0.01,-1,-1,-0.01,-1,-1,-0.01,-1,-1,-0.01,-1,-1,-0.01,-1,-1,-0.01,-1,-1
99926009,2026-05-18 12:36:21+05:30,53320.3,0,0.0,0,0.0,0.0,53282.15,53325.55,52783.45,53710.35,0,0.0,0.0,0.0,0.0,-0.01,-1,-1,-0.01,-1,-1,-0.01,-1,-1,-0.01,-1,-1,-0.01,-1,-1,-0.01,-1,-1,-0.01,-1,-1,-0.01,-1,-1,-0.01,-1,-1,-0.01,-1,-1
99926009,2026-05-18 12:36:22+05:30,53320.8,0,0.0,0,0.0,0.0,53282.15,53325.55,52783.45,53710.35,0,0.0,0.0,0.0,0.0,-0.01,-1,-1,-0.01,-1,-1,-0.01,-1,-1,-0.01,-1,-1,-0.01,-1,-1,-0.01,-1,-1,-0.01,-1,-1,-0.01,-1,-1,-0.01,-1,-1,-0.01,-1,-1
99926009,2026-05-18 12:36:22+05:30,53325.1,0,0.0,0,0.0,0.0,53282.15,53325.55,52783.45,53710.35,0,0.0,0.0,0.0,0.0,-0.01,-1,-1,-0.01,-1,-1,-0.01,-1,-1,-0.01,-1,-1,-0.01,-1,-1,-0.01,-1,-1,-0.01,-1,-1,-0.01,-1,-1,-0.01,-1,-1,-0.01,-1,-1
99926009,2026-05-18 12:36:23+05:30,53327.75,0,0.0,0,0.0,0.0,53282.15,53327.75,52783.45,53710.35,0,0.0,0.0,0.0,0.0,-0.01,-1,-1,-0.01,-1,-1,-0.01,-1,-1,-0.01,-1,-1,-0.01,-1,-1,-0.01,-1,-1,-0.01,-1,-1,-0.01,-1,-1,-0.01,-1,-1,-0.01,-1,-1
99926009,2026-05-18 12:36:23+05:30,53325.8,0,0.0,0,0.0,0.0,53282.15,53327.75,52783.45,53710.35,0,0.0,0.0,0.0,0.0,-0.01,-1,-1,-0.01,-1,-1,-0.01,-1,-1,-0.01,-1,-1,-0.01,-1,-1,-0.01,-1,-1,-0.01,-1,-1,-0.01,-1,-1,-0.01,-1,-1,-0.01,-1,-1
99926009,2026-05-18 12:36:24+05:30,53327.0,0,0.0,0,0.0,0.0,53282.15,53327.85,52783.45,53710.35,0,0.0,0.0,0.0,0.0,-0.01,-1,-1,-0.01,-1,-1,-0.01,-1,-1,-0.01,-1,-1,-0.01,-1,-1,-0.01,-1,-1,-0.01,-1,-1,-0.01,-1,-1,-0.01,-1,-1,-0.01,-1,-1
99926009,2026-05-18 12:36:24+05:30,53327.15,0,0.0,0,0.0,0.0,53282.15,53327.85,52783.45,53710.35,0,0.0,0.0,0.0,0.0,-0.01,-1,-1,-0.01,-1,-1,-0.01,-1,-1,-0.01,-1,-1,-0.01,-1,-1,-0.01,-1,-1,-0.01,-1,-1,-0.01,-1,-1,-0.01,-1,-1,-0.01,-1,-1
99926009,2026-05-18 12:36:25+05:30,53327.8,0,0.0,0,0.0,0.0,53282.15,53330.55,52783.45,53710.35,0,0.0,0.0,0.0,0.0,-0.01,-1,-1,-0.01,-1,-1,-0.01,-1,-1,-0.01,-1,-1,-0.01,-1,-1,-0.01,-1,-1,-0.01,-1,-1,-0.01,-1,-1,-0.01,-1,-1,-0.01,-1,-1
99926009,2026-05-18 12:36:25+05:30,53327.75,0,0.0,0,0.0,0.0,53282.15,53330.55,52783.45,53710.35,0,0.0,0.0,0.0,0.0,-0.01,-1,-1,-0.01,-1,-1,-0.01,-1,-1,-0.01,-1,-1,-0.01,-1,-1,-0.01,-1,-1,-0.01,-1,-1,-0.01,-1,-1,-0.01,-1,-1,-0.01,-1,-1
99926009,2026-05-18 12:36:26+05:30,53333.0,0,0.0,0,0.0,0.0,53282.15,53333.0,52783.45,53710.35,0,0.0,0.0,0.0,0.0,-0.01,-1,-1,-0.01,-1,-1,-0.01,-1,-1,-0.01,-1,-1,-0.01,-1,-1,-0.01,-1,-1,-0.01,-1,-1,-0.01,-1,-1,-0.01,-1,-1,-0.01,-1,-1
99926009,2026-05-18 12:36:26+05:30,53331.45,0,0.0,0,0.0,0.0,53282.15,53333.0,52783.45,53710.35,0,0.0,0.0,0.0,0.0,-0.01,-1,-1,-0.01,-1,-1,-0.01,-1,-1,-0.01,-1,-1,-0.01,-1,-1,-0.01,-1,-1,-0.01,-1,-1,-0.01,-1,-1,-0.01,-1,-1,-0.01,-1,-1
99926009,2026-05-18 12:36:27+05:30,53332.4,0,0.0,0,0.0,0.0,53282.15,53333.0,52783.45,53710.35,0,0.0,0.0,0.0,0.0,-0.01,-1,-1,-0.01,-1,-1,-0.01,-1,-1,-0.01,-1,-1,-0.01,-1,-1,-0.01,-1,-1,-0.01,-1,-1,-0.01,-1,-1,-0.01,-1,-1,-0.01,-1,-1
99926009,2026-05-18 12:36:27+05:30,53327.8,0,0.0,0,0.0,0.0,53282.15,53333.0,52783.45,53710.35,0,0.0,0.0,0.0,0.0,-0.01,-1,-1,-0.01,-1,-1,-0.01,-1,-1,-0.01,-1,-1,-0.01,-1,-1,-0.01,-1,-1,-0.01,-1,-1,-0.01,-1,-1,-0.01,-1,-1,-0.01,-1,-1
99926009,2026-05-18 12:36:28+05:30,53328.45,0,0.0,0,0.0,0.0,53282.15,53333.0,52783.45,53710.35,0,0.0,0.0,0.0,0.0,-0.01,-1,-1,-0.01,-1,-1,-0.01,-1,-1,-0.01,-1,-1,-0.01,-1,-1,-0.01,-1,-1,-0.01,-1,-1,-0.01,-1,-1,-0.01,-1,-1,-0.01,-1,-1
99926009,2026-05-18 12:36:28+05:30,53329.05,0,0.0,0,0.0,0.0,53282.15,53333.0,52783.45,53710.35,0,0.0,0.0,0.0,0.0,-0.01,-1,-1,-0.01,-1,-1,-0.01,-1,-1,-0.01,-1,-1,-0.01,-1,-1,-0.01,-1,-1,-0.01,-1,-1,-0.01,-1,-1,-0.01,-1,-1,-0.01,-1,-1
99926009,2026-05-18 12:36:29+05:30,53331.7,0,0.0,0,0.0,0.0,53282.15,53333.0,52783.45,53710.35,0,0.0,0.0,0.0,0.0,-0.01,-1,-1,-0.01,-1,-1,-0.01,-1,-1,-0.01,-1,-1,-0.01,-1,-1,-0.01,-1,-1,-0.01,-1,-1,-0.01,-1,-1,-0.01,-1,-1,-0.01,-1,-1
99926009,2026-05-18 12:36:29+05:30,53324.15,0,0.0,0,0.0,0.0,53282.15,53333.0,52783.45,53710.35,0,0.0,0.0,0.0,0.0,-0.01,-1,-1,-0.01,-1,-1,-0.01,-1,-1,-0.01,-1,-1,-0.01,-1,-1,-0.01,-1,-1,-0.01,-1,-1,-0.01,-1,-1,-0.01,-1,-1,-0.01,-1,-1
99926009,2026-05-18 12:36:30+05:30,53321.6,0,0.0,0,0.0,0.0,53282.15,53333.0,52783.45,53710.35,0,0.0,0.0,0.0,0.0,-0.01,-1,-1,-0.01,-1,-1,-0.01,-1,-1,-0.01,-1,-1,-0.01,-1,-1,-0.01,-1,-1,-0.01,-1,-1,-0.01,-1,-1,-0.01,-1,-1,-0.01,-1,-1
99926009,2026-05-18 12:36:30+05:30,53321.25,0,0.0,0,0.0,0.0,53282.15,53333.0,52783.45,53710.35,0,0.0,0.0,0.0,0.0,-0.01,-1,-1,-0.01,-1,-1,-0.01,-1,-1,-0.01,-1,-1,-0.01,-1,-1,-0.01,-1,-1,-0.01,-1,-1,-0.01,-1,-1,-0.01,-1,-1,-0.01,-1,-1
99926009,2026-05-18 12:36:31+05:30,53322.7,0,0.0,0,0.0,0.0,53282.15,53333.0,52783.45,53710.35,0,0.0,0.0,0.0,0.0,-0.01,-1,-1,-0.01,-1,-1,-0.01,-1,-1,-0.01,-1,-1,-0.01,-1,-1,-0.01,-1,-1,-0.01,-1,-1,-0.01,-1,-1,-0.01,-1,-1,-0.01,-1,-1
99926009,2026-05-18 12:36:31+05:30,53320.95,0,0.0,0,0.0,0.0,53282.15,53333.0,52783.45,53710.35,0,0.0,0.0,0.0,0.0,-0.01,-1,-1,-0.01,-1,-1,-0.01,-1,-1,-0.01,-1,-1,-0.01,-1,-1,-0.01,-1,-1,-0.01,-1,-1,-0.01,-1,-1,-0.01,-1,-1,-0.01,-1,-1
99926009,2026-05-18 12:36:32+05:30,53323.0,0,0.0,0,0.0,0.0,53282.15,53333.0,52783.45,53710.35,0,0.0,0.0,0.0,0.0,-0.01,-1,-1,-0.01,-1,-1,-0.01,-1,-1,-0.01,-1,-1,-0.01,-1,-1,-0.01,-1,-1,-0.01,-1,-1,-0.01,-1,-1,-0.01,-1,-1,-0.01,-1,-1
99926009,2026-05-18 12:36:32+05:30,53320.05,0,0.0,0,0.0,0.0,53282.15,53333.0,52783.45,53710.35,0,0.0,0.0,0.0,0.0,-0.01,-1,-1,-0.01,-1,-1,-0.01,-1,-1,-0.01,-1,-1,-0.01,-1,-1,-0.01,-1,-1,-0.01,-1,-1,-0.01,-1,-1,-0.01,-1,-1,-0.01,-1,-1
99926009,2026-05-18 12:36:33+05:30,53321.75,0,0.0,0,0.0,0.0,53282.15,53333.0,52783.45,53710.35,0,0.0,0.0,0.0,0.0,-0.01,-1,-1,-0.01,-1,-1,-0.01,-1,-1,-0.01,-1,-1,-0.01,-1,-1,-0.01,-1,-1,-0.01,-1,-1,-0.01,-1,-1,-0.01,-1,-1,-0.01,-1,-1
99926009,2026-05-18 12:36:33+05:30,53319.8,0,0.0,0,0.0,0.0,53282.15,53333.0,52783.45,53710.35,0,0.0,0.0,0.0,0.0,-0.01,-1,-1,-0.01,-1,-1,-0.01,-1,-1,-0.01,-1,-1,-0.01,-1,-1,-0.01,-1,-1,-0.01,-1,-1,-0.01,-1,-1,-0.01,-1,-1,-0.01,-1,-1
99926009,2026-05-18 12:36:34+05:30,53322.6,0,0.0,0,0.0,0.0,53282.15,53333.0,52783.45,53710.35,0,0.0,0.0,0.0,0.0,-0.01,-1,-1,-0.01,-1,-1,-0.01,-1,-1,-0.01,-1,-1,-0.01,-1,-1,-0.01,-1,-1,-0.01,-1,-1,-0.01,-1,-1,-0.01,-1,-1,-0.01,-1,-1
99926009,2026-05-18 12:36:34+05:30,53319.5,0,0.0,0,0.0,0.0,53282.15,53333.0,52783.45,53710.35,0,0.0,0.0,0.0,0.0,-0.01,-1,-1,-0.01,-1,-1,-0.01,-1,-1,-0.01,-1,-1,-0.01,-1,-1,-0.01,-1,-1,-0.01,-1,-1,-0.01,-1,-1,-0.01,-1,-1,-0.01,-1,-1
99926009,2026-05-18 12:36:35+05:30,53321.95,0,0.0,0,0.0,0.0,53282.15,53333.0,52783.45,53710.35,0,0.0,0.0,0.0,0.0,-0.01,-1,-1,-0.01,-1,-1,-0.01,-1,-1,-0.01,-1,-1,-0.01,-1,-1,-0.01,-1,-1,-0.01,-1,-1,-0.01,-1,-1,-0.01,-1,-1,-0.01,-1,-1
99926009,2026-05-18 12:36:35+05:30,53321.1,0,0.0,0,0.0,0.0,53282.15,53333.0,52783.45,53710.35,0,0.0,0.0,0.0,0.0,-0.01,-1,-1,-0.01,-1,-1,-0.01,-1,-1,-0.01,-1,-1,-0.01,-1,-1,-0.01,-1,-1,-0.01,-1,-1,-0.01,-1,-1,-0.01,-1,-1,-0.01,-1,-1
99926009,2026-05-18 12:36:36+05:30,53325.35,0,0.0,0,0.0,0.0,53282.15,53333.0,52783.45,53710.35,0,0.0,0.0,0.0,0.0,-0.01,-1,-1,-0.01,-1,-1,-0.01,-1,-1,-0.01,-1,-1,-0.01,-1,-1,-0.01,-1,-1,-0.01,-1,-1,-0.01,-1,-1,-0.01,-1,-1,-0.01,-1,-1
99926009,2026-05-18 12:36:36+05:30,53324.65,0,0.0,0,0.0,0.0,53282.15,53333.0,52783.45,53710.35,0,0.0,0.0,0.0,0.0,-0.01,-1,-1,-0.01,-1,-1,-0.01,-1,-1,-0.01,-1,-1,-0.01,-1,-1,-0.01,-1,-1,-0.01,-1,-1,-0.01,-1,-1,-0.01,-1,-1,-0.01,-1,-1
99926009,2026-05-18 12:36:37+05:30,53322.05,0,0.0,0,0.0,0.0,53282.15,53333.0,52783.45,53710.35,0,0.0,0.0,0.0,0.0,-0.01,-1,-1,-0.01,-1,-1,-0.01,-1,-1,-0.01,-1,-1,-0.01,-1,-1,-0.01,-1,-1,-0.01,-1,-1,-0.01,-1,-1,-0.01,-1,-1,-0.01,-1,-1
99926009,2026-05-18 12:36:37+05:30,53320.05,0,0.0,0,0.0,0.0,53282.15,53333.0,52783.45,53710.35,0,0.0,0.0,0.0,0.0,-0.01,-1,-1,-0.01,-1,-1,-0.01,-1,-1,-0.01,-1,-1,-0.01,-1,-1,-0.01,-1,-1,-0.01,-1,-1,-0.01,-1,-1,-0.01,-1,-1,-0.01,-1,-1
99926009,2026-05-18 12:36:38+05:30,53318.25,0,0.0,0,0.0,0.0,53282.15,53333.0,52783.45,53710.35,0,0.0,0.0,0.0,0.0,-0.01,-1,-1,-0.01,-1,-1,-0.01,-1,-1,-0.01,-1,-1,-0.01,-1,-1,-0.01,-1,-1,-0.01,-1,-1,-0.01,-1,-1,-0.01,-1,-1,-0.01,-1,-1
99926009,2026-05-18 12:36:38+05:30,53318.25,0,0.0,0,0.0,0.0,53282.15,53333.0,52783.45,53710.35,0,0.0,0.0,0.0,0.0,-0.01,-1,-1,-0.01,-1,-1,-0.01,-1,-1,-0.01,-1,-1,-0.01,-1,-1,-0.01,-1,-1,-0.01,-1,-1,-0.01,-1,-1,-0.01,-1,-1,-0.01,-1,-1
99926009,2026-05-18 12:36:39+05:30,53317.55,0,0.0,0,0.0,0.0,53282.15,53333.0,52783.45,53710.35,0,0.0,0.0,0.0,0.0,-0.01,-1,-1,-0.01,-1,-1,-0.01,-1,-1,-0.01,-1,-1,-0.01,-1,-1,-0.01,-1,-1,-0.01,-1,-1,-0.01,-1,-1,-0.01,-1,-1,-0.01,-1,-1
99926009,2026-05-18 12:36:39+05:30,53315.65,0,0.0,0,0.0,0.0,53282.15,53333.0,52783.45,53710.35,0,0.0,0.0,0.0,0.0,-0.01,-1,-1,-0.01,-1,-1,-0.01,-1,-1,-0.01,-1,-1,-0.01,-1,-1,-0.01,-1,-1,-0.01,-1,-1,-0.01,-1,-1,-0.01,-1,-1,-0.01,-1,-1
99926009,2026-05-18 12:36:40+05:30,53318.05,0,0.0,0,0.0,0.0,53282.15,53333.0,52783.45,53710.35,0,0.0,0.0,0.0,0.0,-0.01,-1,-1,-0.01,-1,-1,-0.01,-1,-1,-0.01,-1,-1,-0.01,-1,-1,-0.01,-1,-1,-0.01,-1,-1,-0.01,-1,-1,-0.01,-1,-1,-0.01,-1,-1
99926009,2026-05-18 12:36:40+05:30,53317.65,0,0.0,0,0.0,0.0,53282.15,53333.0,52783.45,53710.35,0,0.0,0.0,0.0,0.0,-0.01,-1,-1,-0.01,-1,-1,-0.01,-1,-1,-0.01,-1,-1,-0.01,-1,-1,-0.01,-1,-1,-0.01,-1,-1,-0.01,-1,-1,-0.01,-1,-1,-0.01,-1,-1
99926009,2026-05-18 12:36:41+05:30,53318.15,0,0.0,0,0.0,0.0,53282.15,53333.0,52783.45,53710.35,0,0.0,0.0,0.0,0.0,-0.01,-1,-1,-0.01,-1,-1,-0.01,-1,-1,-0.01,-1,-1,-0.01,-1,-1,-0.01,-1,-1,-0.01,-1,-1,-0.01,-1,-1,-0.01,-1,-1,-0.01,-1,-1
99926009,2026-05-18 12:36:41+05:30,53317.35,0,0.0,0,0.0,0.0,53282.15,53333.0,52783.45,53710.35,0,0.0,0.0,0.0,0.0,-0.01,-1,-1,-0.01,-1,-1,-0.01,-1,-1,-0.01,-1,-1,-0.01,-1,-1,-0.01,-1,-1,-0.01,-1,-1,-0.01,-1,-1,-0.01,-1,-1,-0.01,-1,-1
99926009,2026-05-18 12:36:42+05:30,53315.45,0,0.0,0,0.0,0.0,53282.15,53333.0,52783.45,53710.35,0,0.0,0.0,0.0,0.0,-0.01,-1,-1,-0.01,-1,-1,-0.01,-1,-1,-0.01,-1,-1,-0.01,-1,-1,-0.01,-1,-1,-0.01,-1,-1,-0.01,-1,-1,-0.01,-1,-1,-0.01,-1,-1
99926009,2026-05-18 12:36:42+05:30,53315.45,0,0.0,0,0.0,0.0,53282.15,53333.0,52783.45,53710.35,0,0.0,0.0,0.0,0.0,-0.01,-1,-1,-0.01,-1,-1,-0.01,-1,-1,-0.01,-1,-1,-0.01,-1,-1,-0.01,-1,-1,-0.01,-1,-1,-0.01,-1,-1,-0.01,-1,-1,-0.01,-1,-1
99926009,2026-05-18 12:36:43+05:30,53317.05,0,0.0,0,0.0,0.0,53282.15,53333.0,52783.45,53710.35,0,0.0,0.0,0.0,0.0,-0.01,-1,-1,-0.01,-1,-1,-0.01,-1,-1,-0.01,-1,-1,-0.01,-1,-1,-0.01,-1,-1,-0.01,-1,-1,-0.01,-1,-1,-0.01,-1,-1,-0.01,-1,-1
99926009,2026-05-18 12:36:43+05:30,53315.6,0,0.0,0,0.0,0.0,53282.15,53333.0,52783.45,53710.35,0,0.0,0.0,0.0,0.0,-0.01,-1,-1,-0.01,-1,-1,-0.01,-1,-1,-0.01,-1,-1,-0.01,-1,-1,-0.01,-1,-1,-0.01,-1,-1,-0.01,-1,-1,-0.01,-1,-1,-0.01,-1,-1
99926009,2026-05-18 12:36:44+05:30,53314.65,0,0.0,0,0.0,0.0,53282.15,53333.0,52783.45,53710.35,0,0.0,0.0,0.0,0.0,-0.01,-1,-1,-0.01,-1,-1,-0.01,-1,-1,-0.01,-1,-1,-0.01,-1,-1,-0.01,-1,-1,-0.01,-1,-1,-0.01,-1,-1,-0.01,-1,-1,-0.01,-1,-1
99926009,2026-05-18 12:36:44+05:30,53313.7,0,0.0,0,0.0,0.0,53282.15,53333.0,52783.45,53710.35,0,0.0,0.0,0.0,0.0,-0.01,-1,-1,-0.01,-1,-1,-0.01,-1,-1,-0.01,-1,-1,-0.01,-1,-1,-0.01,-1,-1,-0.01,-1,-1,-0.01,-1,-1,-0.01,-1,-1,-0.01,-1,-1
99926009,2026-05-18 12:36:45+05:30,53316.8,0,0.0,0,0.0,0.0,53282.15,53333.0,52783.45,53710.35,0,0.0,0.0,0.0,0.0,-0.01,-1,-1,-0.01,-1,-1,-0.01,-1,-1,-0.01,-1,-1,-0.01,-1,-1,-0.01,-1,-1,-0.01,-1,-1,-0.01,-1,-1,-0.01,-1,-1,-0.01,-1,-1
99926009,2026-05-18 12:36:45+05:30,53315.1,0,0.0,0,0.0,0.0,53282.15,53333.0,52783.45,53710.35,0,0.0,0.0,0.0,0.0,-0.01,-1,-1,-0.01,-1,-1,-0.01,-1,-1,-0.01,-1,-1,-0.01,-1,-1,-0.01,-1,-1,-0.01,-1,-1,-0.01,-1,-1,-0.01,-1,-1,-0.01,-1,-1
99926009,2026-05-18 12:36:46+05:30,53312.95,0,0.0,0,0.0,0.0,53282.15,53333.0,52783.45,53710.35,0,0.0,0.0,0.0,0.0,-0.01,-1,-1,-0.01,-1,-1,-0.01,-1,-1,-0.01,-1,-1,-0.01,-1,-1,-0.01,-1,-1,-0.01,-1,-1,-0.01,-1,-1,-0.01,-1,-1,-0.01,-1,-1
99926009,2026-05-18 12:36:46+05:30,53309.8,0,0.0,0,0.0,0.0,53282.15,53333.0,52783.45,53710.35,0,0.0,0.0,0.0,0.0,-0.01,-1,-1,-0.01,-1,-1,-0.01,-1,-1,-0.01,-1,-1,-0.01,-1,-1,-0.01,-1,-1,-0.01,-1,-1,-0.01,-1,-1,-0.01,-1,-1,-0.01,-1,-1
99926009,2026-05-18 12:36:47+05:30,53306.2,0,0.0,0,0.0,0.0,53282.15,53333.0,52783.45,53710.35,0,0.0,0.0,0.0,0.0,-0.01,-1,-1,-0.01,-1,-1,-0.01,-1,-1,-0.01,-1,-1,-0.01,-1,-1,-0.01,-1,-1,-0.01,-1,-1,-0.01,-1,-1,-0.01,-1,-1,-0.01,-1,-1
99926009,2026-05-18 12:36:47+05:30,53305.6,0,0.0,0,0.0,0.0,53282.15,53333.0,52783.45,53710.35,0,0.0,0.0,0.0,0.0,-0.01,-1,-1,-0.01,-1,-1,-0.01,-1,-1,-0.01,-1,-1,-0.01,-1,-1,-0.01,-1,-1,-0.01,-1,-1,-0.01,-1,-1,-0.01,-1,-1,-0.01,-1,-1
99926009,2026-05-18 12:36:48+05:30,53306.9,0,0.0,0,0.0,0.0,53282.15,53333.0,52783.45,53710.35,0,0.0,0.0,0.0,0.0,-0.01,-1,-1,-0.01,-1,-1,-0.01,-1,-1,-0.01,-1,-1,-0.01,-1,-1,-0.01,-1,-1,-0.01,-1,-1,-0.01,-1,-1,-0.01,-1,-1,-0.01,-1,-1
99926009,2026-05-18 12:36:48+05:30,53306.95,0,0.0,0,0.0,0.0,53282.15,53333.0,52783.45,53710.35,0,0.0,0.0,0.0,0.0,-0.01,-1,-1,-0.01,-1,-1,-0.01,-1,-1,-0.01,-1,-1,-0.01,-1,-1,-0.01,-1,-1,-0.01,-1,-1,-0.01,-1,-1,-0.01,-1,-1,-0.01,-1,-1
99926009,2026-05-18 12:36:49+05:30,53308.55,0,0.0,0,0.0,0.0,53282.15,53333.0,52783.45,53710.35,0,0.0,0.0,0.0,0.0,-0.01,-1,-1,-0.01,-1,-1,-0.01,-1,-1,-0.01,-1,-1,-0.01,-1,-1,-0.01,-1,-1,-0.01,-1,-1,-0.01,-1,-1,-0.01,-1,-1,-0.01,-1,-1
99926009,2026-05-18 12:36:49+05:30,53308.75,0,0.0,0,0.0,0.0,53282.15,53333.0,52783.45,53710.35,0,0.0,0.0,0.0,0.0,-0.01,-1,-1,-0.01,-1,-1,-0.01,-1,-1,-0.01,-1,-1,-0.01,-1,-1,-0.01,-1,-1,-0.01,-1,-1,-0.01,-1,-1,-0.01,-1,-1,-0.01,-1,-1
99926009,2026-05-18 12:36:50+05:30,53309.95,0,0.0,0,0.0,0.0,53282.15,53333.0,52783.45,53710.35,0,0.0,0.0,0.0,0.0,-0.01,-1,-1,-0.01,-1,-1,-0.01,-1,-1,-0.01,-1,-1,-0.01,-1,-1,-0.01,-1,-1,-0.01,-1,-1,-0.01,-1,-1,-0.01,-1,-1,-0.01,-1,-1
99926009,2026-05-18 12:36:50+05:30,53307.35,0,0.0,0,0.0,0.0,53282.15,53333.0,52783.45,53710.35,0,0.0,0.0,0.0,0.0,-0.01,-1,-1,-0.01,-1,-1,-0.01,-1,-1,-0.01,-1,-1,-0.01,-1,-1,-0.01,-1,-1,-0.01,-1,-1,-0.01,-1,-1,-0.01,-1,-1,-0.01,-1,-1
99926009,2026-05-18 12:36:51+05:30,53305.6,0,0.0,0,0.0,0.0,53282.15,53333.0,52783.45,53710.35,0,0.0,0.0,0.0,0.0,-0.01,-1,-1,-0.01,-1,-1,-0.01,-1,-1,-0.01,-1,-1,-0.01,-1,-1,-0.01,-1,-1,-0.01,-1,-1,-0.01,-1,-1,-0.01,-1,-1,-0.01,-1,-1
99926009,2026-05-18 12:36:51+05:30,53307.75,0,0.0,0,0.0,0.0,53282.15,53333.0,52783.45,53710.35,0,0.0,0.0,0.0,0.0,-0.01,-1,-1,-0.01,-1,-1,-0.01,-1,-1,-0.01,-1,-1,-0.01,-1,-1,-0.01,-1,-1,-0.01,-1,-1,-0.01,-1,-1,-0.01,-1,-1,-0.01,-1,-1
99926009,2026-05-18 12:36:52+05:30,53307.4,0,0.0,0,0.0,0.0,53282.15,53333.0,52783.45,53710.35,0,0.0,0.0,0.0,0.0,-0.01,-1,-1,-0.01,-1,-1,-0.01,-1,-1,-0.01,-1,-1,-0.01,-1,-1,-0.01,-1,-1,-0.01,-1,-1,-0.01,-1,-1,-0.01,-1,-1,-0.01,-1,-1
99926009,2026-05-18 12:36:52+05:30,53304.95,0,0.0,0,0.0,0.0,53282.15,53333.0,52783.45,53710.35,0,0.0,0.0,0.0,0.0,-0.01,-1,-1,-0.01,-1,-1,-0.01,-1,-1,-0.01,-1,-1,-0.01,-1,-1,-0.01,-1,-1,-0.01,-1,-1,-0.01,-1,-1,-0.01,-1,-1,-0.01,-1,-1
99926009,2026-05-18 12:36:53+05:30,53307.65,0,0.0,0,0.0,0.0,53282.15,53333.0,52783.45,53710.35,0,0.0,0.0,0.0,0.0,-0.01,-1,-1,-0.01,-1,-1,-0.01,-1,-1,-0.01,-1,-1,-0.01,-1,-1,-0.01,-1,-1,-0.01,-1,-1,-0.01,-1,-1,-0.01,-1,-1,-0.01,-1,-1
99926009,2026-05-18 12:36:53+05:30,53307.35,0,0.0,0,0.0,0.0,53282.15,53333.0,52783.45,53710.35,0,0.0,0.0,0.0,0.0,-0.01,-1,-1,-0.01,-1,-1,-0.01,-1,-1,-0.01,-1,-1,-0.01,-1,-1,-0.01,-1,-1,-0.01,-1,-1,-0.01,-1,-1,-0.01,-1,-1,-0.01,-1,-1
99926009,2026-05-18 12:36:54+05:30,53308.15,0,0.0,0,0.0,0.0,53282.15,53333.0,52783.45,53710.35,0,0.0,0.0,0.0,0.0,-0.01,-1,-1,-0.01,-1,-1,-0.01,-1,-1,-0.01,-1,-1,-0.01,-1,-1,-0.01,-1,-1,-0.01,-1,-1,-0.01,-1,-1,-0.01,-1,-1,-0.01,-1,-1
99926009,2026-05-18 12:36:54+05:30,53306.7,0,0.0,0,0.0,0.0,53282.15,53333.0,52783.45,53710.35,0,0.0,0.0,0.0,0.0,-0.01,-1,-1,-0.01,-1,-1,-0.01,-1,-1,-0.01,-1,-1,-0.01,-1,-1,-0.01,-1,-1,-0.01,-1,-1,-0.01,-1,-1,-0.01,-1,-1,-0.01,-1,-1
99926009,2026-05-18 12:36:55+05:30,53309.0,0,0.0,0,0.0,0.0,53282.15,53333.0,52783.45,53710.35,0,0.0,0.0,0.0,0.0,-0.01,-1,-1,-0.01,-1,-1,-0.01,-1,-1,-0.01,-1,-1,-0.01,-1,-1,-0.01,-1,-1,-0.01,-1,-1,-0.01,-1,-1,-0.01,-1,-1,-0.01,-1,-1
99926009,2026-05-18 12:36:55+05:30,53309.25,0,0.0,0,0.0,0.0,53282.15,53333.0,52783.45,53710.35,0,0.0,0.0,0.0,0.0,-0.01,-1,-1,-0.01,-1,-1,-0.01,-1,-1,-0.01,-1,-1,-0.01,-1,-1,-0.01,-1,-1,-0.01,-1,-1,-0.01,-1,-1,-0.01,-1,-1,-0.01,-1,-1
99926009,2026-05-18 12:36:56+05:30,53307.65,0,0.0,0,0.0,0.0,53282.15,53333.0,52783.45,53710.35,0,0.0,0.0,0.0,0.0,-0.01,-1,-1,-0.01,-1,-1,-0.01,-1,-1,-0.01,-1,-1,-0.01,-1,-1,-0.01,-1,-1,-0.01,-1,-1,-0.01,-1,-1,-0.01,-1,-1,-0.01,-1,-1
99926009,2026-05-18 12:36:56+05:30,53309.6,0,0.0,0,0.0,0.0,53282.15,53333.0,52783.45,53710.35,0,0.0,0.0,0.0,0.0,-0.01,-1,-1,-0.01,-1,-1,-0.01,-1,-1,-0.01,-1,-1,-0.01,-1,-1,-0.01,-1,-1,-0.01,-1,-1,-0.01,-1,-1,-0.01,-1,-1,-0.01,-1,-1
99926009,2026-05-18 12:36:57+05:30,53308.35,0,0.0,0,0.0,0.0,53282.15,53333.0,52783.45,53710.35,0,0.0,0.0,0.0,0.0,-0.01,-1,-1,-0.01,-1,-1,-0.01,-1,-1,-0.01,-1,-1,-0.01,-1,-1,-0.01,-1,-1,-0.01,-1,-1,-0.01,-1,-1,-0.01,-1,-1,-0.01,-1,-1
99926009,2026-05-18 12:36:57+05:30,53307.05,0,0.0,0,0.0,0.0,53282.15,53333.0,52783.45,53710.35,0,0.0,0.0,0.0,0.0,-0.01,-1,-1,-0.01,-1,-1,-0.01,-1,-1,-0.01,-1,-1,-0.01,-1,-1,-0.01,-1,-1,-0.01,-1,-1,-0.01,-1,-1,-0.01,-1,-1,-0.01,-1,-1
99926009,2026-05-18 12:36:58+05:30,53308.45,0,0.0,0,0.0,0.0,53282.15,53333.0,52783.45,53710.35,0,0.0,0.0,0.0,0.0,-0.01,-1,-1,-0.01,-1,-1,-0.01,-1,-1,-0.01,-1,-1,-0.01,-1,-1,-0.01,-1,-1,-0.01,-1,-1,-0.01,-1,-1,-0.01,-1,-1,-0.01,-1,-1
99926009,2026-05-18 12:36:58+05:30,53309.95,0,0.0,0,0.0,0.0,53282.15,53333.0,52783.45,53710.35,0,0.0,0.0,0.0,0.0,-0.01,-1,-1,-0.01,-1,-1,-0.01,-1,-1,-0.01,-1,-1,-0.01,-1,-1,-0.01,-1,-1,-0.01,-1,-1,-0.01,-1,-1,-0.01,-1,-1,-0.01,-1,-1
99926009,2026-05-18 12:36:59+05:30,53306.7,0,0.0,0,0.0,0.0,53282.15,53333.0,52783.45,53710.35,0,0.0,0.0,0.0,0.0,-0.01,-1,-1,-0.01,-1,-1,-0.01,-1,-1,-0.01,-1,-1,-0.01,-1,-1,-0.01,-1,-1,-0.01,-1,-1,-0.01,-1,-1,-0.01,-1,-1,-0.01,-1,-1
99926009,2026-05-18 12:36:59+05:30,53305.15,0,0.0,0,0.0,0.0,53282.15,53333.0,52783.45,53710.35,0,0.0,0.0,0.0,0.0,-0.01,-1,-1,-0.01,-1,-1,-0.01,-1,-1,-0.01,-1,-1,-0.01,-1,-1,-0.01,-1,-1,-0.01,-1,-1,-0.01,-1,-1,-0.01,-1,-1,-0.01,-1,-1
99926009,2026-05-18 12:37:00+05:30,53304.7,0,0.0,0,0.0,0.0,53282.15,53333.0,52783.45,53710.35,0,0.0,0.0,0.0,0.0,-0.01,-1,-1,-0.01,-1,-1,-0.01,-1,-1,-0.01,-1,-1,-0.01,-1,-1,-0.01,-1,-1,-0.01,-1,-1,-0.01,-1,-1,-0.01,-1,-1,-0.01,-1,-1
99926009,2026-05-18 12:37:00+05:30,53305.25,0,0.0,0,0.0,0.0,53282.15,53333.0,52783.45,53710.35,0,0.0,0.0,0.0,0.0,-0.01,-1,-1,-0.01,-1,-1,-0.01,-1,-1,-0.01,-1,-1,-0.01,-1,-1,-0.01,-1,-1,-0.01,-1,-1,-0.01,-1,-1,-0.01,-1,-1,-0.01,-1,-1
99926009,2026-05-18 12:37:01+05:30,53306.3,0,0.0,0,0.0,0.0,53282.15,53333.0,52783.45,53710.35,0,0.0,0.0,0.0,0.0,-0.01,-1,-1,-0.01,-1,-1,-0.01,-1,-1,-0.01,-1,-1,-0.01,-1,-1,-0.01,-1,-1,-0.01,-1,-1,-0.01,-1,-1,-0.01,-1,-1,-0.01,-1,-1
99926009,2026-05-18 12:37:01+05:30,53306.8,0,0.0,0,0.0,0.0,53282.15,53333.0,52783.45,53710.35,0,0.0,0.0,0.0,0.0,-0.01,-1,-1,-0.01,-1,-1,-0.01,-1,-1,-0.01,-1,-1,-0.01,-1,-1,-0.01,-1,-1,-0.01,-1,-1,-0.01,-1,-1,-0.01,-1,-1,-0.01,-1,-1
99926009,2026-05-18 12:37:02+05:30,53307.6,0,0.0,0,0.0,0.0,53282.15,53333.0,52783.45,53710.35,0,0.0,0.0,0.0,0.0,-0.01,-1,-1,-0.01,-1,-1,-0.01,-1,-1,-0.01,-1,-1,-0.01,-1,-1,-0.01,-1,-1,-0.01,-1,-1,-0.01,-1,-1,-0.01,-1,-1,-0.01,-1,-1
99926009,2026-05-18 12:37:02+05:30,53306.8,0,0.0,0,0.0,0.0,53282.15,53333.0,52783.45,53710.35,0,0.0,0.0,0.0,0.0,-0.01,-1,-1,-0.01,-1,-1,-0.01,-1,-1,-0.01,-1,-1,-0.01,-1,-1,-0.01,-1,-1,-0.01,-1,-1,-0.01,-1,-1,-0.01,-1,-1,-0.01,-1,-1
99926009,2026-05-18 12:37:03+05:30,53307.95,0,0.0,0,0.0,0.0,53282.15,53333.0,52783.45,53710.35,0,0.0,0.0,0.0,0.0,-0.01,-1,-1,-0.01,-1,-1,-0.01,-1,-1,-0.01,-1,-1,-0.01,-1,-1,-0.01,-1,-1,-0.01,-1,-1,-0.01,-1,-1,-0.01,-1,-1,-0.01,-1,-1
99926009,2026-05-18 12:37:03+05:30,53305.3,0,0.0,0,0.0,0.0,53282.15,53333.0,52783.45,53710.35,0,0.0,0.0,0.0,0.0,-0.01,-1,-1,-0.01,-1,-1,-0.01,-1,-1,-0.01,-1,-1,-0.01,-1,-1,-0.01,-1,-1,-0.01,-1,-1,-0.01,-1,-1,-0.01,-1,-1,-0.01,-1,-1
99926009,2026-05-18 12:37:04+05:30,53307.6,0,0.0,0,0.0,0.0,53282.15,53333.0,52783.45,53710.35,0,0.0,0.0,0.0,0.0,-0.01,-1,-1,-0.01,-1,-1,-0.01,-1,-1,-0.01,-1,-1,-0.01,-1,-1,-0.01,-1,-1,-0.01,-1,-1,-0.01,-1,-1,-0.01,-1,-1,-0.01,-1,-1
99926009,2026-05-18 12:37:04+05:30,53308.65,0,0.0,0,0.0,0.0,53282.15,53333.0,52783.45,53710.35,0,0.0,0.0,0.0,0.0,-0.01,-1,-1,-0.01,-1,-1,-0.01,-1,-1,-0.01,-1,-1,-0.01,-1,-1,-0.01,-1,-1,-0.01,-1,-1,-0.01,-1,-1,-0.01,-1,-1,-0.01,-1,-1
99926009,2026-05-18 12:37:05+05:30,53307.35,0,0.0,0,0.0,0.0,53282.15,53333.0,52783.45,53710.35,0,0.0,0.0,0.0,0.0,-0.01,-1,-1,-0.01,-1,-1,-0.01,-1,-1,-0.01,-1,-1,-0.01,-1,-1,-0.01,-1,-1,-0.01,-1,-1,-0.01,-1,-1,-0.01,-1,-1,-0.01,-1,-1
99926009,2026-05-18 12:37:05+05:30,53304.7,0,0.0,0,0.0,0.0,53282.15,53333.0,52783.45,53710.35,0,0.0,0.0,0.0,0.0,-0.01,-1,-1,-0.01,-1,-1,-0.01,-1,-1,-0.01,-1,-1,-0.01,-1,-1,-0.01,-1,-1,-0.01,-1,-1,-0.01,-1,-1,-0.01,-1,-1,-0.01,-1,-1
99926009,2026-05-18 12:37:06+05:30,53306.45,0,0.0,0,0.0,0.0,53282.15,53333.0,52783.45,53710.35,0,0.0,0.0,0.0,0.0,-0.01,-1,-1,-0.01,-1,-1,-0.01,-1,-1,-0.01,-1,-1,-0.01,-1,-1,-0.01,-1,-1,-0.01,-1,-1,-0.01,-1,-1,-0.01,-1,-1,-0.01,-1,-1
99926009,2026-05-18 12:37:06+05:30,53306.8,0,0.0,0,0.0,0.0,53282.15,53333.0,52783.45,53710.35,0,0.0,0.0,0.0,0.0,-0.01,-1,-1,-0.01,-1,-1,-0.01,-1,-1,-0.01,-1,-1,-0.01,-1,-1,-0.01,-1,-1,-0.01,-1,-1,-0.01,-1,-1,-0.01,-1,-1,-0.01,-1,-1
99926009,2026-05-18 12:37:07+05:30,53305.05,0,0.0,0,0.0,0.0,53282.15,53333.0,52783.45,53710.35,0,0.0,0.0,0.0,0.0,-0.01,-1,-1,-0.01,-1,-1,-0.01,-1,-1,-0.01,-1,-1,-0.01,-1,-1,-0.01,-1,-1,-0.01,-1,-1,-0.01,-1,-1,-0.01,-1,-1,-0.01,-1,-1
99926009,2026-05-18 12:37:07+05:30,53303.0,0,0.0,0,0.0,0.0,53282.15,53333.0,52783.45,53710.35,0,0.0,0.0,0.0,0.0,-0.01,-1,-1,-0.01,-1,-1,-0.01,-1,-1,-0.01,-1,-1,-0.01,-1,-1,-0.01,-1,-1,-0.01,-1,-1,-0.01,-1,-1,-0.01,-1,-1,-0.01,-1,-1
99926009,2026-05-18 12:37:08+05:30,53303.7,0,0.0,0,0.0,0.0,53282.15,53333.0,52783.45,53710.35,0,0.0,0.0,0.0,0.0,-0.01,-1,-1,-0.01,-1,-1,-0.01,-1,-1,-0.01,-1,-1,-0.01,-1,-1,-0.01,-1,-1,-0.01,-1,-1,-0.01,-1,-1,-0.01,-1,-1,-0.01,-1,-1
99926009,2026-05-18 12:37:08+05:30,53303.6,0,0.0,0,0.0,0.0,53282.15,53333.0,52783.45,53710.35,0,0.0,0.0,0.0,0.0,-0.01,-1,-1,-0.01,-1,-1,-0.01,-1,-1,-0.01,-1,-1,-0.01,-1,-1,-0.01,-1,-1,-0.01,-1,-1,-0.01,-1,-1,-0.01,-1,-1,-0.01,-1,-1
99926009,2026-05-18 12:37:09+05:30,53304.75,0,0.0,0,0.0,0.0,53282.15,53333.0,52783.45,53710.35,0,0.0,0.0,0.0,0.0,-0.01,-1,-1,-0.01,-1,-1,-0.01,-1,-1,-0.01,-1,-1,-0.01,-1,-1,-0.01,-1,-1,-0.01,-1,-1,-0.01,-1,-1,-0.01,-1,-1,-0.01,-1,-1
99926009,2026-05-18 12:37:09+05:30,53306.3,0,0.0,0,0.0,0.0,53282.15,53333.0,52783.45,53710.35,0,0.0,0.0,0.0,0.0,-0.01,-1,-1,-0.01,-1,-1,-0.01,-1,-1,-0.01,-1,-1,-0.01,-1,-1,-0.01,-1,-1,-0.01,-1,-1,-0.01,-1,-1,-0.01,-1,-1,-0.01,-1,-1
99926009,2026-05-18 12:37:10+05:30,53305.75,0,0.0,0,0.0,0.0,53282.15,53333.0,52783.45,53710.35,0,0.0,0.0,0.0,0.0,-0.01,-1,-1,-0.01,-1,-1,-0.01,-1,-1,-0.01,-1,-1,-0.01,-1,-1,-0.01,-1,-1,-0.01,-1,-1,-0.01,-1,-1,-0.01,-1,-1,-0.01,-1,-1
99926009,2026-05-18 12:37:10+05:30,53306.45,0,0.0,0,0.0,0.0,53282.15,53333.0,52783.45,53710.35,0,0.0,0.0,0.0,0.0,-0.01,-1,-1,-0.01,-1,-1,-0.01,-1,-1,-0.01,-1,-1,-0.01,-1,-1,-0.01,-1,-1,-0.01,-1,-1,-0.01,-1,-1,-0.01,-1,-1,-0.01,-1,-1
99926009,2026-05-18 12:37:11+05:30,53305.65,0,0.0,0,0.0,0.0,53282.15,53333.0,52783.45,53710.35,0,0.0,0.0,0.0,0.0,-0.01,-1,-1,-0.01,-1,-1,-0.01,-1,-1,-0.01,-1,-1,-0.01,-1,-1,-0.01,-1,-1,-0.01,-1,-1,-0.01,-1,-1,-0.01,-1,-1,-0.01,-1,-1
99926009,2026-05-18 12:37:11+05:30,53304.45,0,0.0,0,0.0,0.0,53282.15,53333.0,52783.45,53710.35,0,0.0,0.0,0.0,0.0,-0.01,-1,-1,-0.01,-1,-1,-0.01,-1,-1,-0.01,-1,-1,-0.01,-1,-1,-0.01,-1,-1,-0.01,-1,-1,-0.01,-1,-1,-0.01,-1,-1,-0.01,-1,-1
99926009,2026-05-18 12:37:12+05:30,53307.95,0,0.0,0,0.0,0.0,53282.15,53333.0,52783.45,53710.35,0,0.0,0.0,0.0,0.0,-0.01,-1,-1,-0.01,-1,-1,-0.01,-1,-1,-0.01,-1,-1,-0.01,-1,-1,-0.01,-1,-1,-0.01,-1,-1,-0.01,-1,-1,-0.01,-1,-1,-0.01,-1,-1
99926009,2026-05-18 12:37:12+05:30,53307.85,0,0.0,0,0.0,0.0,53282.15,53333.0,52783.45,53710.35,0,0.0,0.0,0.0,0.0,-0.01,-1,-1,-0.01,-1,-1,-0.01,-1,-1,-0.01,-1,-1,-0.01,-1,-1,-0.01,-1,-1,-0.01,-1,-1,-0.01,-1,-1,-0.01,-1,-1,-0.01,-1,-1
99926009,2026-05-18 12:37:13+05:30,53307.55,0,0.0,0,0.0,0.0,53282.15,53333.0,52783.45,53710.35,0,0.0,0.0,0.0,0.0,-0.01,-1,-1,-0.01,-1,-1,-0.01,-1,-1,-0.01,-1,-1,-0.01,-1,-1,-0.01,-1,-1,-0.01,-1,-1,-0.01,-1,-1,-0.01,-1,-1,-0.01,-1,-1
99926009,2026-05-18 12:37:13+05:30,53305.6,0,0.0,0,0.0,0.0,53282.15,53333.0,52783.45,53710.35,0,0.0,0.0,0.0,0.0,-0.01,-1,-1,-0.01,-1,-1,-0.01,-1,-1,-0.01,-1,-1,-0.01,-1,-1,-0.01,-1,-1,-0.01,-1,-1,-0.01,-1,-1,-0.01,-1,-1,-0.01,-1,-1
99926009,2026-05-18 12:37:14+05:30,53304.8,0,0.0,0,0.0,0.0,53282.15,53333.0,52783.45,53710.35,0,0.0,0.0,0.0,0.0,-0.01,-1,-1,-0.01,-1,-1,-0.01,-1,-1,-0.01,-1,-1,-0.01,-1,-1,-0.01,-1,-1,-0.01,-1,-1,-0.01,-1,-1,-0.01,-1,-1,-0.01,-1,-1
99926009,2026-05-18 12:37:14+05:30,53307.9,0,0.0,0,0.0,0.0,53282.15,53333.0,52783.45,53710.35,0,0.0,0.0,0.0,0.0,-0.01,-1,-1,-0.01,-1,-1,-0.01,-1,-1,-0.01,-1,-1,-0.01,-1,-1,-0.01,-1,-1,-0.01,-1,-1,-0.01,-1,-1,-0.01,-1,-1,-0.01,-1,-1
99926009,2026-05-18 12:37:15+05:30,53306.9,0,0.0,0,0.0,0.0,53282.15,53333.0,52783.45,53710.35,0,0.0,0.0,0.0,0.0,-0.01,-1,-1,-0.01,-1,-1,-0.01,-1,-1,-0.01,-1,-1,-0.01,-1,-1,-0.01,-1,-1,-0.01,-1,-1,-0.01,-1,-1,-0.01,-1,-1,-0.01,-1,-1
99926009,2026-05-18 12:37:15+05:30,53307.05,0,0.0,0,0.0,0.0,53282.15,53333.0,52783.45,53710.35,0,0.0,0.0,0.0,0.0,-0.01,-1,-1,-0.01,-1,-1,-0.01,-1,-1,-0.01,-1,-1,-0.01,-1,-1,-0.01,-1,-1,-0.01,-1,-1,-0.01,-1,-1,-0.01,-1,-1,-0.01,-1,-1
99926009,2026-05-18 12:37:16+05:30,53309.35,0,0.0,0,0.0,0.0,53282.15,53333.0,52783.45,53710.35,0,0.0,0.0,0.0,0.0,-0.01,-1,-1,-0.01,-1,-1,-0.01,-1,-1,-0.01,-1,-1,-0.01,-1,-1,-0.01,-1,-1,-0.01,-1,-1,-0.01,-1,-1,-0.01,-1,-1,-0.01,-1,-1
99926009,2026-05-18 12:37:16+05:30,53306.3,0,0.0,0,0.0,0.0,53282.15,53333.0,52783.45,53710.35,0,0.0,0.0,0.0,0.0,-0.01,-1,-1,-0.01,-1,-1,-0.01,-1,-1,-0.01,-1,-1,-0.01,-1,-1,-0.01,-1,-1,-0.01,-1,-1,-0.01,-1,-1,-0.01,-1,-1,-0.01,-1,-1
99926009,2026-05-18 12:37:17+05:30,53306.25,0,0.0,0,0.0,0.0,53282.15,53333.0,52783.45,53710.35,0,0.0,0.0,0.0,0.0,-0.01,-1,-1,-0.01,-1,-1,-0.01,-1,-1,-0.01,-1,-1,-0.01,-1,-1,-0.01,-1,-1,-0.01,-1,-1,-0.01,-1,-1,-0.01,-1,-1,-0.01,-1,-1
99926009,2026-05-18 12:37:17+05:30,53306.4,0,0.0,0,0.0,0.0,53282.15,53333.0,52783.45,53710.35,0,0.0,0.0,0.0,0.0,-0.01,-1,-1,-0.01,-1,-1,-0.01,-1,-1,-0.01,-1,-1,-0.01,-1,-1,-0.01,-1,-1,-0.01,-1,-1,-0.01,-1,-1,-0.01,-1,-1,-0.01,-1,-1
99926009,2026-05-18 12:37:18+05:30,53306.6,0,0.0,0,0.0,0.0,53282.15,53333.0,52783.45,53710.35,0,0.0,0.0,0.0,0.0,-0.01,-1,-1,-0.01,-1,-1,-0.01,-1,-1,-0.01,-1,-1,-0.01,-1,-1,-0.01,-1,-1,-0.01,-1,-1,-0.01,-1,-1,-0.01,-1,-1,-0.01,-1,-1
99926009,2026-05-18 12:37:18+05:30,53306.1,0,0.0,0,0.0,0.0,53282.15,53333.0,52783.45,53710.35,0,0.0,0.0,0.0,0.0,-0.01,-1,-1,-0.01,-1,-1,-0.01,-1,-1,-0.01,-1,-1,-0.01,-1,-1,-0.01,-1,-1,-0.01,-1,-1,-0.01,-1,-1,-0.01,-1,-1,-0.01,-1,-1
99926009,2026-05-18 12:37:19+05:30,53305.05,0,0.0,0,0.0,0.0,53282.15,53333.0,52783.45,53710.35,0,0.0,0.0,0.0,0.0,-0.01,-1,-1,-0.01,-1,-1,-0.01,-1,-1,-0.01,-1,-1,-0.01,-1,-1,-0.01,-1,-1,-0.01,-1,-1,-0.01,-1,-1,-0.01,-1,-1,-0.01,-1,-1
99926009,2026-05-18 12:37:19+05:30,53306.2,0,0.0,0,0.0,0.0,53282.15,53333.0,52783.45,53710.35,0,0.0,0.0,0.0,0.0,-0.01,-1,-1,-0.01,-1,-1,-0.01,-1,-1,-0.01,-1,-1,-0.01,-1,-1,-0.01,-1,-1,-0.01,-1,-1,-0.01,-1,-1,-0.01,-1,-1,-0.01,-1,-1
99926009,2026-05-18 12:37:20+05:30,53305.65,0,0.0,0,0.0,0.0,53282.15,53333.0,52783.45,53710.35,0,0.0,0.0,0.0,0.0,-0.01,-1,-1,-0.01,-1,-1,-0.01,-1,-1,-0.01,-1,-1,-0.01,-1,-1,-0.01,-1,-1,-0.01,-1,-1,-0.01,-1,-1,-0.01,-1,-1,-0.01,-1,-1
99926009,2026-05-18 12:37:20+05:30,53306.85,0,0.0,0,0.0,0.0,53282.15,53333.0,52783.45,53710.35,0,0.0,0.0,0.0,0.0,-0.01,-1,-1,-0.01,-1,-1,-0.01,-1,-1,-0.01,-1,-1,-0.01,-1,-1,-0.01,-1,-1,-0.01,-1,-1,-0.01,-1,-1,-0.01,-1,-1,-0.01,-1,-1
99926009,2026-05-18 12:37:21+05:30,53306.75,0,0.0,0,0.0,0.0,53282.15,53333.0,52783.45,53710.35,0,0.0,0.0,0.0,0.0,-0.01,-1,-1,-0.01,-1,-1,-0.01,-1,-1,-0.01,-1,-1,-0.01,-1,-1,-0.01,-1,-1,-0.01,-1,-1,-0.01,-1,-1,-0.01,-1,-1,-0.01,-1,-1
99926009,2026-05-18 12:37:21+05:30,53307.95,0,0.0,0,0.0,0.0,53282.15,53333.0,52783.45,53710.35,0,0.0,0.0,0.0,0.0,-0.01,-1,-1,-0.01,-1,-1,-0.01,-1,-1,-0.01,-1,-1,-0.01,-1,-1,-0.01,-1,-1,-0.01,-1,-1,-0.01,-1,-1,-0.01,-1,-1,-0.01,-1,-1
99926009,2026-05-18 12:37:22+05:30,53306.85,0,0.0,0,0.0,0.0,53282.15,53333.0,52783.45,53710.35,0,0.0,0.0,0.0,0.0,-0.01,-1,-1,-0.01,-1,-1,-0.01,-1,-1,-0.01,-1,-1,-0.01,-1,-1,-0.01,-1,-1,-0.01,-1,-1,-0.01,-1,-1,-0.01,-1,-1,-0.01,-1,-1
99926009,2026-05-18 12:37:22+05:30,53304.7,0,0.0,0,0.0,0.0,53282.15,53333.0,52783.45,53710.35,0,0.0,0.0,0.0,0.0,-0.01,-1,-1,-0.01,-1,-1,-0.01,-1,-1,-0.01,-1,-1,-0.01,-1,-1,-0.01,-1,-1,-0.01,-1,-1,-0.01,-1,-1,-0.01,-1,-1,-0.01,-1,-1
99926009,2026-05-18 12:37:23+05:30,53305.95,0,0.0,0,0.0,0.0,53282.15,53333.0,52783.45,53710.35,0,0.0,0.0,0.0,0.0,-0.01,-1,-1,-0.01,-1,-1,-0.01,-1,-1,-0.01,-1,-1,-0.01,-1,-1,-0.01,-1,-1,-0.01,-1,-1,-0.01,-1,-1,-0.01,-1,-1,-0.01,-1,-1
99926009,2026-05-18 12:37:23+05:30,53306.6,0,0.0,0,0.0,0.0,53282.15,53333.0,52783.45,53710.35,0,0.0,0.0,0.0,0.0,-0.01,-1,-1,-0.01,-1,-1,-0.01,-1,-1,-0.01,-1,-1,-0.01,-1,-1,-0.01,-1,-1,-0.01,-1,-1,-0.01,-1,-1,-0.01,-1,-1,-0.01,-1,-1
99926009,2026-05-18 12:37:24+05:30,53306.35,0,0.0,0,0.0,0.0,53282.15,53333.0,52783.45,53710.35,0,0.0,0.0,0.0,0.0,-0.01,-1,-1,-0.01,-1,-1,-0.01,-1,-1,-0.01,-1,-1,-0.01,-1,-1,-0.01,-1,-1,-0.01,-1,-1,-0.01,-1,-1,-0.01,-1,-1,-0.01,-1,-1
99926009,2026-05-18 12:37:24+05:30,53305.05,0,0.0,0,0.0,0.0,53282.15,53333.0,52783.45,53710.35,0,0.0,0.0,0.0,0.0,-0.01,-1,-1,-0.01,-1,-1,-0.01,-1,-1,-0.01,-1,-1,-0.01,-1,-1,-0.01,-1,-1,-0.01,-1,-1,-0.01,-1,-1,-0.01,-1,-1,-0.01,-1,-1
99926009,2026-05-18 12:37:25+05:30,53305.6,0,0.0,0,0.0,0.0,53282.15,53333.0,52783.45,53710.35,0,0.0,0.0,0.0,0.0,-0.01,-1,-1,-0.01,-1,-1,-0.01,-1,-1,-0.01,-1,-1,-0.01,-1,-1,-0.01,-1,-1,-0.01,-1,-1,-0.01,-1,-1,-0.01,-1,-1,-0.01,-1,-1
99926009,2026-05-18 12:37:25+05:30,53308.75,0,0.0,0,0.0,0.0,53282.15,53333.0,52783.45,53710.35,0,0.0,0.0,0.0,0.0,-0.01,-1,-1,-0.01,-1,-1,-0.01,-1,-1,-0.01,-1,-1,-0.01,-1,-1,-0.01,-1,-1,-0.01,-1,-1,-0.01,-1,-1,-0.01,-1,-1,-0.01,-1,-1
99926009,2026-05-18 12:37:26+05:30,53309.45,0,0.0,0,0.0,0.0,53282.15,53333.0,52783.45,53710.35,0,0.0,0.0,0.0,0.0,-0.01,-1,-1,-0.01,-1,-1,-0.01,-1,-1,-0.01,-1,-1,-0.01,-1,-1,-0.01,-1,-1,-0.01,-1,-1,-0.01,-1,-1,-0.01,-1,-1,-0.01,-1,-1
99926009,2026-05-18 12:37:26+05:30,53304.35,0,0.0,0,0.0,0.0,53282.15,53333.0,52783.45,53710.35,0,0.0,0.0,0.0,0.0,-0.01,-1,-1,-0.01,-1,-1,-0.01,-1,-1,-0.01,-1,-1,-0.01,-1,-1,-0.01,-1,-1,-0.01,-1,-1,-0.01,-1,-1,-0.01,-1,-1,-0.01,-1,-1
99926009,2026-05-18 12:37:27+05:30,53303.5,0,0.0,0,0.0,0.0,53282.15,53333.0,52783.45,53710.35,0,0.0,0.0,0.0,0.0,-0.01,-1,-1,-0.01,-1,-1,-0.01,-1,-1,-0.01,-1,-1,-0.01,-1,-1,-0.01,-1,-1,-0.01,-1,-1,-0.01,-1,-1,-0.01,-1,-1,-0.01,-1,-1
99926009,2026-05-18 12:37:27+05:30,53300.75,0,0.0,0,0.0,0.0,53282.15,53333.0,52783.45,53710.35,0,0.0,0.0,0.0,0.0,-0.01,-1,-1,-0.01,-1,-1,-0.01,-1,-1,-0.01,-1,-1,-0.01,-1,-1,-0.01,-1,-1,-0.01,-1,-1,-0.01,-1,-1,-0.01,-1,-1,-0.01,-1,-1
99926009,2026-05-18 12:37:28+05:30,53298.2,0,0.0,0,0.0,0.0,53282.15,53333.0,52783.45,53710.35,0,0.0,0.0,0.0,0.0,-0.01,-1,-1,-0.01,-1,-1,-0.01,-1,-1,-0.01,-1,-1,-0.01,-1,-1,-0.01,-1,-1,-0.01,-1,-1,-0.01,-1,-1,-0.01,-1,-1,-0.01,-1,-1
99926009,2026-05-18 12:37:28+05:30,53298.9,0,0.0,0,0.0,0.0,53282.15,53333.0,52783.45,53710.35,0,0.0,0.0,0.0,0.0,-0.01,-1,-1,-0.01,-1,-1,-0.01,-1,-1,-0.01,-1,-1,-0.01,-1,-1,-0.01,-1,-1,-0.01,-1,-1,-0.01,-1,-1,-0.01,-1,-1,-0.01,-1,-1
99926009,2026-05-18 12:37:29+05:30,53298.1,0,0.0,0,0.0,0.0,53282.15,53333.0,52783.45,53710.35,0,0.0,0.0,0.0,0.0,-0.01,-1,-1,-0.01,-1,-1,-0.01,-1,-1,-0.01,-1,-1,-0.01,-1,-1,-0.01,-1,-1,-0.01,-1,-1,-0.01,-1,-1,-0.01,-1,-1,-0.01,-1,-1
99926009,2026-05-18 12:37:29+05:30,53303.55,0,0.0,0,0.0,0.0,53282.15,53333.0,52783.45,53710.35,0,0.0,0.0,0.0,0.0,-0.01,-1,-1,-0.01,-1,-1,-0.01,-1,-1,-0.01,-1,-1,-0.01,-1,-1,-0.01,-1,-1,-0.01,-1,-1,-0.01,-1,-1,-0.01,-1,-1,-0.01,-1,-1
99926009,2026-05-18 12:37:30+05:30,53303.7,0,0.0,0,0.0,0.0,53282.15,53333.0,52783.45,53710.35,0,0.0,0.0,0.0,0.0,-0.01,-1,-1,-0.01,-1,-1,-0.01,-1,-1,-0.01,-1,-1,-0.01,-1,-1,-0.01,-1,-1,-0.01,-1,-1,-0.01,-1,-1,-0.01,-1,-1,-0.01,-1,-1
99926009,2026-05-18 12:37:30+05:30,53297.9,0,0.0,0,0.0,0.0,53282.15,53333.0,52783.45,53710.35,0,0.0,0.0,0.0,0.0,-0.01,-1,-1,-0.01,-1,-1,-0.01,-1,-1,-0.01,-1,-1,-0.01,-1,-1,-0.01,-1,-1,-0.01,-1,-1,-0.01,-1,-1,-0.01,-1,-1,-0.01,-1,-1
99926009,2026-05-18 12:37:31+05:30,53299.1,0,0.0,0,0.0,0.0,53282.15,53333.0,52783.45,53710.35,0,0.0,0.0,0.0,0.0,-0.01,-1,-1,-0.01,-1,-1,-0.01,-1,-1,-0.01,-1,-1,-0.01,-1,-1,-0.01,-1,-1,-0.01,-1,-1,-0.01,-1,-1,-0.01,-1,-1,-0.01,-1,-1
99926009,2026-05-18 12:37:31+05:30,53300.25,0,0.0,0,0.0,0.0,53282.15,53333.0,52783.45,53710.35,0,0.0,0.0,0.0,0.0,-0.01,-1,-1,-0.01,-1,-1,-0.01,-1,-1,-0.01,-1,-1,-0.01,-1,-1,-0.01,-1,-1,-0.01,-1,-1,-0.01,-1,-1,-0.01,-1,-1,-0.01,-1,-1
99926009,2026-05-18 12:37:32+05:30,53301.45,0,0.0,0,0.0,0.0,53282.15,53333.0,52783.45,53710.35,0,0.0,0.0,0.0,0.0,-0.01,-1,-1,-0.01,-1,-1,-0.01,-1,-1,-0.01,-1,-1,-0.01,-1,-1,-0.01,-1,-1,-0.01,-1,-1,-0.01,-1,-1,-0.01,-1,-1,-0.01,-1,-1
99926009,2026-05-18 12:37:32+05:30,53302.05,0,0.0,0,0.0,0.0,53282.15,53333.0,52783.45,53710.35,0,0.0,0.0,0.0,0.0,-0.01,-1,-1,-0.01,-1,-1,-0.01,-1,-1,-0.01,-1,-1,-0.01,-1,-1,-0.01,-1,-1,-0.01,-1,-1,-0.01,-1,-1,-0.01,-1,-1,-0.01,-1,-1
99926009,2026-05-18 12:37:33+05:30,53301.7,0,0.0,0,0.0,0.0,53282.15,53333.0,52783.45,53710.35,0,0.0,0.0,0.0,0.0,-0.01,-1,-1,-0.01,-1,-1,-0.01,-1,-1,-0.01,-1,-1,-0.01,-1,-1,-0.01,-1,-1,-0.01,-1,-1,-0.01,-1,-1,-0.01,-1,-1,-0.01,-1,-1
99926009,2026-05-18 12:37:33+05:30,53300.15,0,0.0,0,0.0,0.0,53282.15,53333.0,52783.45,53710.35,0,0.0,0.0,0.0,0.0,-0.01,-1,-1,-0.01,-1,-1,-0.01,-1,-1,-0.01,-1,-1,-0.01,-1,-1,-0.01,-1,-1,-0.01,-1,-1,-0.01,-1,-1,-0.01,-1,-1,-0.01,-1,-1
99926009,2026-05-18 12:37:34+05:30,53299.95,0,0.0,0,0.0,0.0,53282.15,53333.0,52783.45,53710.35,0,0.0,0.0,0.0,0.0,-0.01,-1,-1,-0.01,-1,-1,-0.01,-1,-1,-0.01,-1,-1,-0.01,-1,-1,-0.01,-1,-1,-0.01,-1,-1,-0.01,-1,-1,-0.01,-1,-1,-0.01,-1,-1
99926009,2026-05-18 12:37:34+05:30,53303.3,0,0.0,0,0.0,0.0,53282.15,53333.0,52783.45,53710.35,0,0.0,0.0,0.0,0.0,-0.01,-1,-1,-0.01,-1,-1,-0.01,-1,-1,-0.01,-1,-1,-0.01,-1,-1,-0.01,-1,-1,-0.01,-1,-1,-0.01,-1,-1,-0.01,-1,-1,-0.01,-1,-1
99926009,2026-05-18 12:37:35+05:30,53305.05,0,0.0,0,0.0,0.0,53282.15,53333.0,52783.45,53710.35,0,0.0,0.0,0.0,0.0,-0.01,-1,-1,-0.01,-1,-1,-0.01,-1,-1,-0.01,-1,-1,-0.01,-1,-1,-0.01,-1,-1,-0.01,-1,-1,-0.01,-1,-1,-0.01,-1,-1,-0.01,-1,-1
99926009,2026-05-18 12:37:35+05:30,53304.5,0,0.0,0,0.0,0.0,53282.15,53333.0,52783.45,53710.35,0,0.0,0.0,0.0,0.0,-0.01,-1,-1,-0.01,-1,-1,-0.01,-1,-1,-0.01,-1,-1,-0.01,-1,-1,-0.01,-1,-1,-0.01,-1,-1,-0.01,-1,-1,-0.01,-1,-1,-0.01,-1,-1
99926009,2026-05-18 12:37:36+05:30,53304.0,0,0.0,0,0.0,0.0,53282.15,53333.0,52783.45,53710.35,0,0.0,0.0,0.0,0.0,-0.01,-1,-1,-0.01,-1,-1,-0.01,-1,-1,-0.01,-1,-1,-0.01,-1,-1,-0.01,-1,-1,-0.01,-1,-1,-0.01,-1,-1,-0.01,-1,-1,-0.01,-1,-1
99926009,2026-05-18 12:37:36+05:30,53304.3,0,0.0,0,0.0,0.0,53282.15,53333.0,52783.45,53710.35,0,0.0,0.0,0.0,0.0,-0.01,-1,-1,-0.01,-1,-1,-0.01,-1,-1,-0.01,-1,-1,-0.01,-1,-1,-0.01,-1,-1,-0.01,-1,-1,-0.01,-1,-1,-0.01,-1,-1,-0.01,-1,-1
99926009,2026-05-18 12:37:37+05:30,53304.65,0,0.0,0,0.0,0.0,53282.15,53333.0,52783.45,53710.35,0,0.0,0.0,0.0,0.0,-0.01,-1,-1,-0.01,-1,-1,-0.01,-1,-1,-0.01,-1,-1,-0.01,-1,-1,-0.01,-1,-1,-0.01,-1,-1,-0.01,-1,-1,-0.01,-1,-1,-0.01,-1,-1
99926009,2026-05-18 12:37:37+05:30,53304.65,0,0.0,0,0.0,0.0,53282.15,53333.0,52783.45,53710.35,0,0.0,0.0,0.0,0.0,-0.01,-1,-1,-0.01,-1,-1,-0.01,-1,-1,-0.01,-1,-1,-0.01,-1,-1,-0.01,-1,-1,-0.01,-1,-1,-0.01,-1,-1,-0.01,-1,-1,-0.01,-1,-1
99926009,2026-05-18 12:37:38+05:30,53304.1,0,0.0,0,0.0,0.0,53282.15,53333.0,52783.45,53710.35,0,0.0,0.0,0.0,0.0,-0.01,-1,-1,-0.01,-1,-1,-0.01,-1,-1,-0.01,-1,-1,-0.01,-1,-1,-0.01,-1,-1,-0.01,-1,-1,-0.01,-1,-1,-0.01,-1,-1,-0.01,-1,-1
99926009,2026-05-18 12:37:38+05:30,53304.05,0,0.0,0,0.0,0.0,53282.15,53333.0,52783.45,53710.35,0,0.0,0.0,0.0,0.0,-0.01,-1,-1,-0.01,-1,-1,-0.01,-1,-1,-0.01,-1,-1,-0.01,-1,-1,-0.01,-1,-1,-0.01,-1,-1,-0.01,-1,-1,-0.01,-1,-1,-0.01,-1,-1
99926009,2026-05-18 12:37:39+05:30,53305.2,0,0.0,0,0.0,0.0,53282.15,53333.0,52783.45,53710.35,0,0.0,0.0,0.0,0.0,-0.01,-1,-1,-0.01,-1,-1,-0.01,-1,-1,-0.01,-1,-1,-0.01,-1,-1,-0.01,-1,-1,-0.01,-1,-1,-0.01,-1,-1,-0.01,-1,-1,-0.01,-1,-1
99926009,2026-05-18 12:37:39+05:30,53304.4,0,0.0,0,0.0,0.0,53282.15,53333.0,52783.45,53710.35,0,0.0,0.0,0.0,0.0,-0.01,-1,-1,-0.01,-1,-1,-0.01,-1,-1,-0.01,-1,-1,-0.01,-1,-1,-0.01,-1,-1,-0.01,-1,-1,-0.01,-1,-1,-0.01,-1,-1,-0.01,-1,-1
99926009,2026-05-18 12:37:40+05:30,53307.3,0,0.0,0,0.0,0.0,53282.15,53333.0,52783.45,53710.35,0,0.0,0.0,0.0,0.0,-0.01,-1,-1,-0.01,-1,-1,-0.01,-1,-1,-0.01,-1,-1,-0.01,-1,-1,-0.01,-1,-1,-0.01,-1,-1,-0.01,-1,-1,-0.01,-1,-1,-0.01,-1,-1
99926009,2026-05-18 12:37:40+05:30,53306.45,0,0.0,0,0.0,0.0,53282.15,53333.0,52783.45,53710.35,0,0.0,0.0,0.0,0.0,-0.01,-1,-1,-0.01,-1,-1,-0.01,-1,-1,-0.01,-1,-1,-0.01,-1,-1,-0.01,-1,-1,-0.01,-1,-1,-0.01,-1,-1,-0.01,-1,-1,-0.01,-1,-1
99926009,2026-05-18 12:37:41+05:30,53303.9,0,0.0,0,0.0,0.0,53282.15,53333.0,52783.45,53710.35,0,0.0,0.0,0.0,0.0,-0.01,-1,-1,-0.01,-1,-1,-0.01,-1,-1,-0.01,-1,-1,-0.01,-1,-1,-0.01,-1,-1,-0.01,-1,-1,-0.01,-1,-1,-0.01,-1,-1,-0.01,-1,-1
99926009,2026-05-18 12:37:41+05:30,53302.75,0,0.0,0,0.0,0.0,53282.15,53333.0,52783.45,53710.35,0,0.0,0.0,0.0,0.0,-0.01,-1,-1,-0.01,-1,-1,-0.01,-1,-1,-0.01,-1,-1,-0.01,-1,-1,-0.01,-1,-1,-0.01,-1,-1,-0.01,-1,-1,-0.01,-1,-1,-0.01,-1,-1
99926009,2026-05-18 12:37:42+05:30,53302.7,0,0.0,0,0.0,0.0,53282.15,53333.0,52783.45,53710.35,0,0.0,0.0,0.0,0.0,-0.01,-1,-1,-0.01,-1,-1,-0.01,-1,-1,-0.01,-1,-1,-0.01,-1,-1,-0.01,-1,-1,-0.01,-1,-1,-0.01,-1,-1,-0.01,-1,-1,-0.01,-1,-1
99926009,2026-05-18 12:37:42+05:30,53301.25,0,0.0,0,0.0,0.0,53282.15,53333.0,52783.45,53710.35,0,0.0,0.0,0.0,0.0,-0.01,-1,-1,-0.01,-1,-1,-0.01,-1,-1,-0.01,-1,-1,-0.01,-1,-1,-0.01,-1,-1,-0.01,-1,-1,-0.01,-1,-1,-0.01,-1,-1,-0.01,-1,-1
99926009,2026-05-18 12:37:43+05:30,53300.8,0,0.0,0,0.0,0.0,53282.15,53333.0,52783.45,53710.35,0,0.0,0.0,0.0,0.0,-0.01,-1,-1,-0.01,-1,-1,-0.01,-1,-1,-0.01,-1,-1,-0.01,-1,-1,-0.01,-1,-1,-0.01,-1,-1,-0.01,-1,-1,-0.01,-1,-1,-0.01,-1,-1
99926009,2026-05-18 12:37:43+05:30,53300.5,0,0.0,0,0.0,0.0,53282.15,53333.0,52783.45,53710.35,0,0.0,0.0,0.0,0.0,-0.01,-1,-1,-0.01,-1,-1,-0.01,-1,-1,-0.01,-1,-1,-0.01,-1,-1,-0.01,-1,-1,-0.01,-1,-1,-0.01,-1,-1,-0.01,-1,-1,-0.01,-1,-1
99926009,2026-05-18 12:37:44+05:30,53302.95,0,0.0,0,0.0,0.0,53282.15,53333.0,52783.45,53710.35,0,0.0,0.0,0.0,0.0,-0.01,-1,-1,-0.01,-1,-1,-0.01,-1,-1,-0.01,-1,-1,-0.01,-1,-1,-0.01,-1,-1,-0.01,-1,-1,-0.01,-1,-1,-0.01,-1,-1,-0.01,-1,-1
99926009,2026-05-18 12:37:44+05:30,53300.5,0,0.0,0,0.0,0.0,53282.15,53333.0,52783.45,53710.35,0,0.0,0.0,0.0,0.0,-0.01,-1,-1,-0.01,-1,-1,-0.01,-1,-1,-0.01,-1,-1,-0.01,-1,-1,-0.01,-1,-1,-0.01,-1,-1,-0.01,-1,-1,-0.01,-1,-1,-0.01,-1,-1
99926009,2026-05-18 12:37:45+05:30,53304.45,0,0.0,0,0.0,0.0,53282.15,53333.0,52783.45,53710.35,0,0.0,0.0,0.0,0.0,-0.01,-1,-1,-0.01,-1,-1,-0.01,-1,-1,-0.01,-1,-1,-0.01,-1,-1,-0.01,-1,-1,-0.01,-1,-1,-0.01,-1,-1,-0.01,-1,-1,-0.01,-1,-1
99926009,2026-05-18 12:37:45+05:30,53304.35,0,0.0,0,0.0,0.0,53282.15,53333.0,52783.45,53710.35,0,0.0,0.0,0.0,0.0,-0.01,-1,-1,-0.01,-1,-1,-0.01,-1,-1,-0.01,-1,-1,-0.01,-1,-1,-0.01,-1,-1,-0.01,-1,-1,-0.01,-1,-1,-0.01,-1,-1,-0.01,-1,-1
99926009,2026-05-18 12:37:46+05:30,53303.55,0,0.0,0,0.0,0.0,53282.15,53333.0,52783.45,53710.35,0,0.0,0.0,0.0,0.0,-0.01,-1,-1,-0.01,-1,-1,-0.01,-1,-1,-0.01,-1,-1,-0.01,-1,-1,-0.01,-1,-1,-0.01,-1,-1,-0.01,-1,-1,-0.01,-1,-1,-0.01,-1,-1
99926009,2026-05-18 12:37:46+05:30,53299.25,0,0.0,0,0.0,0.0,53282.15,53333.0,52783.45,53710.35,0,0.0,0.0,0.0,0.0,-0.01,-1,-1,-0.01,-1,-1,-0.01,-1,-1,-0.01,-1,-1,-0.01,-1,-1,-0.01,-1,-1,-0.01,-1,-1,-0.01,-1,-1,-0.01,-1,-1,-0.01,-1,-1
99926009,2026-05-18 12:37:47+05:30,53295.95,0,0.0,0,0.0,0.0,53282.15,53333.0,52783.45,53710.35,0,0.0,0.0,0.0,0.0,-0.01,-1,-1,-0.01,-1,-1,-0.01,-1,-1,-0.01,-1,-1,-0.01,-1,-1,-0.01,-1,-1,-0.01,-1,-1,-0.01,-1,-1,-0.01,-1,-1,-0.01,-1,-1
99926009,2026-05-18 12:37:47+05:30,53295.5,0,0.0,0,0.0,0.0,53282.15,53333.0,52783.45,53710.35,0,0.0,0.0,0.0,0.0,-0.01,-1,-1,-0.01,-1,-1,-0.01,-1,-1,-0.01,-1,-1,-0.01,-1,-1,-0.01,-1,-1,-0.01,-1,-1,-0.01,-1,-1,-0.01,-1,-1,-0.01,-1,-1
99926009,2026-05-18 12:37:48+05:30,53297.7,0,0.0,0,0.0,0.0,53282.15,53333.0,52783.45,53710.35,0,0.0,0.0,0.0,0.0,-0.01,-1,-1,-0.01,-1,-1,-0.01,-1,-1,-0.01,-1,-1,-0.01,-1,-1,-0.01,-1,-1,-0.01,-1,-1,-0.01,-1,-1,-0.01,-1,-1,-0.01,-1,-1
99926009,2026-05-18 12:37:48+05:30,53299.95,0,0.0,0,0.0,0.0,53282.15,53333.0,52783.45,53710.35,0,0.0,0.0,0.0,0.0,-0.01,-1,-1,-0.01,-1,-1,-0.01,-1,-1,-0.01,-1,-1,-0.01,-1,-1,-0.01,-1,-1,-0.01,-1,-1,-0.01,-1,-1,-0.01,-1,-1,-0.01,-1,-1
99926009,2026-05-18 12:37:49+05:30,53295.7,0,0.0,0,0.0,0.0,53282.15,53333.0,52783.45,53710.35,0,0.0,0.0,0.0,0.0,-0.01,-1,-1,-0.01,-1,-1,-0.01,-1,-1,-0.01,-1,-1,-0.01,-1,-1,-0.01,-1,-1,-0.01,-1,-1,-0.01,-1,-1,-0.01,-1,-1,-0.01,-1,-1
99926009,2026-05-18 12:37:49+05:30,53295.5,0,0.0,0,0.0,0.0,53282.15,53333.0,52783.45,53710.35,0,0.0,0.0,0.0,0.0,-0.01,-1,-1,-0.01,-1,-1,-0.01,-1,-1,-0.01,-1,-1,-0.01,-1,-1,-0.01,-1,-1,-0.01,-1,-1,-0.01,-1,-1,-0.01,-1,-1,-0.01,-1,-1
99926009,2026-05-18 12:37:50+05:30,53299.35,0,0.0,0,0.0,0.0,53282.15,53333.0,52783.45,53710.35,0,0.0,0.0,0.0,0.0,-0.01,-1,-1,-0.01,-1,-1,-0.01,-1,-1,-0.01,-1,-1,-0.01,-1,-1,-0.01,-1,-1,-0.01,-1,-1,-0.01,-1,-1,-0.01,-1,-1,-0.01,-1,-1
99926009,2026-05-18 12:37:50+05:30,53296.95,0,0.0,0,0.0,0.0,53282.15,53333.0,52783.45,53710.35,0,0.0,0.0,0.0,0.0,-0.01,-1,-1,-0.01,-1,-1,-0.01,-1,-1,-0.01,-1,-1,-0.01,-1,-1,-0.01,-1,-1,-0.01,-1,-1,-0.01,-1,-1,-0.01,-1,-1,-0.01,-1,-1
99926009,2026-05-18 12:37:51+05:30,53298.65,0,0.0,0,0.0,0.0,53282.15,53333.0,52783.45,53710.35,0,0.0,0.0,0.0,0.0,-0.01,-1,-1,-0.01,-1,-1,-0.01,-1,-1,-0.01,-1,-1,-0.01,-1,-1,-0.01,-1,-1,-0.01,-1,-1,-0.01,-1,-1,-0.01,-1,-1,-0.01,-1,-1
99926009,2026-05-18 12:37:51+05:30,53299.5,0,0.0,0,0.0,0.0,53282.15,53333.0,52783.45,53710.35,0,0.0,0.0,0.0,0.0,-0.01,-1,-1,-0.01,-1,-1,-0.01,-1,-1,-0.01,-1,-1,-0.01,-1,-1,-0.01,-1,-1,-0.01,-1,-1,-0.01,-1,-1,-0.01,-1,-1,-0.01,-1,-1
99926009,2026-05-18 12:37:52+05:30,53297.25,0,0.0,0,0.0,0.0,53282.15,53333.0,52783.45,53710.35,0,0.0,0.0,0.0,0.0,-0.01,-1,-1,-0.01,-1,-1,-0.01,-1,-1,-0.01,-1,-1,-0.01,-1,-1,-0.01,-1,-1,-0.01,-1,-1,-0.01,-1,-1,-0.01,-1,-1,-0.01,-1,-1
99926009,2026-05-18 12:37:52+05:30,53298.65,0,0.0,0,0.0,0.0,53282.15,53333.0,52783.45,53710.35,0,0.0,0.0,0.0,0.0,-0.01,-1,-1,-0.01,-1,-1,-0.01,-1,-1,-0.01,-1,-1,-0.01,-1,-1,-0.01,-1,-1,-0.01,-1,-1,-0.01,-1,-1,-0.01,-1,-1,-0.01,-1,-1
99926009,2026-05-18 12:37:53+05:30,53296.6,0,0.0,0,0.0,0.0,53282.15,53333.0,52783.45,53710.35,0,0.0,0.0,0.0,0.0,-0.01,-1,-1,-0.01,-1,-1,-0.01,-1,-1,-0.01,-1,-1,-0.01,-1,-1,-0.01,-1,-1,-0.01,-1,-1,-0.01,-1,-1,-0.01,-1,-1,-0.01,-1,-1
99926009,2026-05-18 12:37:53+05:30,53295.25,0,0.0,0,0.0,0.0,53282.15,53333.0,52783.45,53710.35,0,0.0,0.0,0.0,0.0,-0.01,-1,-1,-0.01,-1,-1,-0.01,-1,-1,-0.01,-1,-1,-0.01,-1,-1,-0.01,-1,-1,-0.01,-1,-1,-0.01,-1,-1,-0.01,-1,-1,-0.01,-1,-1
99926009,2026-05-18 12:37:54+05:30,53295.05,0,0.0,0,0.0,0.0,53282.15,53333.0,52783.45,53710.35,0,0.0,0.0,0.0,0.0,-0.01,-1,-1,-0.01,-1,-1,-0.01,-1,-1,-0.01,-1,-1,-0.01,-1,-1,-0.01,-1,-1,-0.01,-1,-1,-0.01,-1,-1,-0.01,-1,-1,-0.01,-1,-1
99926009,2026-05-18 12:37:54+05:30,53296.2,0,0.0,0,0.0,0.0,53282.15,53333.0,52783.45,53710.35,0,0.0,0.0,0.0,0.0,-0.01,-1,-1,-0.01,-1,-1,-0.01,-1,-1,-0.01,-1,-1,-0.01,-1,-1,-0.01,-1,-1,-0.01,-1,-1,-0.01,-1,-1,-0.01,-1,-1,-0.01,-1,-1
99926009,2026-05-18 12:37:55+05:30,53297.8,0,0.0,0,0.0,0.0,53282.15,53333.0,52783.45,53710.35,0,0.0,0.0,0.0,0.0,-0.01,-1,-1,-0.01,-1,-1,-0.01,-1,-1,-0.01,-1,-1,-0.01,-1,-1,-0.01,-1,-1,-0.01,-1,-1,-0.01,-1,-1,-0.01,-1,-1,-0.01,-1,-1
99926009,2026-05-18 12:37:55+05:30,53295.85,0,0.0,0,0.0,0.0,53282.15,53333.0,52783.45,53710.35,0,0.0,0.0,0.0,0.0,-0.01,-1,-1,-0.01,-1,-1,-0.01,-1,-1,-0.01,-1,-1,-0.01,-1,-1,-0.01,-1,-1,-0.01,-1,-1,-0.01,-1,-1,-0.01,-1,-1,-0.01,-1,-1
99926009,2026-05-18 12:37:56+05:30,53299.15,0,0.0,0,0.0,0.0,53282.15,53333.0,52783.45,53710.35,0,0.0,0.0,0.0,0.0,-0.01,-1,-1,-0.01,-1,-1,-0.01,-1,-1,-0.01,-1,-1,-0.01,-1,-1,-0.01,-1,-1,-0.01,-1,-1,-0.01,-1,-1,-0.01,-1,-1,-0.01,-1,-1
99926009,2026-05-18 12:37:56+05:30,53298.55,0,0.0,0,0.0,0.0,53282.15,53333.0,52783.45,53710.35,0,0.0,0.0,0.0,0.0,-0.01,-1,-1,-0.01,-1,-1,-0.01,-1,-1,-0.01,-1,-1,-0.01,-1,-1,-0.01,-1,-1,-0.01,-1,-1,-0.01,-1,-1,-0.01,-1,-1,-0.01,-1,-1
99926009,2026-05-18 12:37:57+05:30,53299.2,0,0.0,0,0.0,0.0,53282.15,53333.0,52783.45,53710.35,0,0.0,0.0,0.0,0.0,-0.01,-1,-1,-0.01,-1,-1,-0.01,-1,-1,-0.01,-1,-1,-0.01,-1,-1,-0.01,-1,-1,-0.01,-1,-1,-0.01,-1,-1,-0.01,-1,-1,-0.01,-1,-1
99926009,2026-05-18 12:37:57+05:30,53298.75,0,0.0,0,0.0,0.0,53282.15,53333.0,52783.45,53710.35,0,0.0,0.0,0.0,0.0,-0.01,-1,-1,-0.01,-1,-1,-0.01,-1,-1,-0.01,-1,-1,-0.01,-1,-1,-0.01,-1,-1,-0.01,-1,-1,-0.01,-1,-1,-0.01,-1,-1,-0.01,-1,-1
99926009,2026-05-18 12:37:58+05:30,53300.25,0,0.0,0,0.0,0.0,53282.15,53333.0,52783.45,53710.35,0,0.0,0.0,0.0,0.0,-0.01,-1,-1,-0.01,-1,-1,-0.01,-1,-1,-0.01,-1,-1,-0.01,-1,-1,-0.01,-1,-1,-0.01,-1,-1,-0.01,-1,-1,-0.01,-1,-1,-0.01,-1,-1
99926009,2026-05-18 12:37:58+05:30,53301.55,0,0.0,0,0.0,0.0,53282.15,53333.0,52783.45,53710.35,0,0.0,0.0,0.0,0.0,-0.01,-1,-1,-0.01,-1,-1,-0.01,-1,-1,-0.01,-1,-1,-0.01,-1,-1,-0.01,-1,-1,-0.01,-1,-1,-0.01,-1,-1,-0.01,-1,-1,-0.01,-1,-1
99926009,2026-05-18 12:37:59+05:30,53299.8,0,0.0,0,0.0,0.0,53282.15,53333.0,52783.45,53710.35,0,0.0,0.0,0.0,0.0,-0.01,-1,-1,-0.01,-1,-1,-0.01,-1,-1,-0.01,-1,-1,-0.01,-1,-1,-0.01,-1,-1,-0.01,-1,-1,-0.01,-1,-1,-0.01,-1,-1,-0.01,-1,-1
99926009,2026-05-18 12:37:59+05:30,53297.05,0,0.0,0,0.0,0.0,53282.15,53333.0,52783.45,53710.35,0,0.0,0.0,0.0,0.0,-0.01,-1,-1,-0.01,-1,-1,-0.01,-1,-1,-0.01,-1,-1,-0.01,-1,-1,-0.01,-1,-1,-0.01,-1,-1,-0.01,-1,-1,-0.01,-1,-1,-0.01,-1,-1
99926009,2026-05-18 12:38:00+05:30,53296.75,0,0.0,0,0.0,0.0,53282.15,53333.0,52783.45,53710.35,0,0.0,0.0,0.0,0.0,-0.01,-1,-1,-0.01,-1,-1,-0.01,-1,-1,-0.01,-1,-1,-0.01,-1,-1,-0.01,-1,-1,-0.01,-1,-1,-0.01,-1,-1,-0.01,-1,-1,-0.01,-1,-1
99926009,2026-05-18 12:38:00+05:30,53295.65,0,0.0,0,0.0,0.0,53282.15,53333.0,52783.45,53710.35,0,0.0,0.0,0.0,0.0,-0.01,-1,-1,-0.01,-1,-1,-0.01,-1,-1,-0.01,-1,-1,-0.01,-1,-1,-0.01,-1,-1,-0.01,-1,-1,-0.01,-1,-1,-0.01,-1,-1,-0.01,-1,-1
99926009,2026-05-18 12:38:01+05:30,53296.65,0,0.0,0,0.0,0.0,53282.15,53333.0,52783.45,53710.35,0,0.0,0.0,0.0,0.0,-0.01,-1,-1,-0.01,-1,-1,-0.01,-1,-1,-0.01,-1,-1,-0.01,-1,-1,-0.01,-1,-1,-0.01,-1,-1,-0.01,-1,-1,-0.01,-1,-1,-0.01,-1,-1
99926009,2026-05-18 12:38:01+05:30,53296.5,0,0.0,0,0.0,0.0,53282.15,53333.0,52783.45,53710.35,0,0.0,0.0,0.0,0.0,-0.01,-1,-1,-0.01,-1,-1,-0.01,-1,-1,-0.01,-1,-1,-0.01,-1,-1,-0.01,-1,-1,-0.01,-1,-1,-0.01,-1,-1,-0.01,-1,-1,-0.01,-1,-1
99926009,2026-05-18 12:38:02+05:30,53296.65,0,0.0,0,0.0,0.0,53282.15,53333.0,52783.45,53710.35,0,0.0,0.0,0.0,0.0,-0.01,-1,-1,-0.01,-1,-1,-0.01,-1,-1,-0.01,-1,-1,-0.01,-1,-1,-0.01,-1,-1,-0.01,-1,-1,-0.01,-1,-1,-0.01,-1,-1,-0.01,-1,-1
99926009,2026-05-18 12:38:02+05:30,53297.05,0,0.0,0,0.0,0.0,53282.15,53333.0,52783.45,53710.35,0,0.0,0.0,0.0,0.0,-0.01,-1,-1,-0.01,-1,-1,-0.01,-1,-1,-0.01,-1,-1,-0.01,-1,-1,-0.01,-1,-1,-0.01,-1,-1,-0.01,-1,-1,-0.01,-1,-1,-0.01,-1,-1
99926009,2026-05-18 12:38:03+05:30,53297.9,0,0.0,0,0.0,0.0,53282.15,53333.0,52783.45,53710.35,0,0.0,0.0,0.0,0.0,-0.01,-1,-1,-0.01,-1,-1,-0.01,-1,-1,-0.01,-1,-1,-0.01,-1,-1,-0.01,-1,-1,-0.01,-1,-1,-0.01,-1,-1,-0.01,-1,-1,-0.01,-1,-1
99926009,2026-05-18 12:38:03+05:30,53295.45,0,0.0,0,0.0,0.0,53282.15,53333.0,52783.45,53710.35,0,0.0,0.0,0.0,0.0,-0.01,-1,-1,-0.01,-1,-1,-0.01,-1,-1,-0.01,-1,-1,-0.01,-1,-1,-0.01,-1,-1,-0.01,-1,-1,-0.01,-1,-1,-0.01,-1,-1,-0.01,-1,-1
99926009,2026-05-18 12:38:04+05:30,53295.45,0,0.0,0,0.0,0.0,53282.15,53333.0,52783.45,53710.35,0,0.0,0.0,0.0,0.0,-0.01,-1,-1,-0.01,-1,-1,-0.01,-1,-1,-0.01,-1,-1,-0.01,-1,-1,-0.01,-1,-1,-0.01,-1,-1,-0.01,-1,-1,-0.01,-1,-1,-0.01,-1,-1
99926009,2026-05-18 12:38:04+05:30,53296.7,0,0.0,0,0.0,0.0,53282.15,53333.0,52783.45,53710.35,0,0.0,0.0,0.0,0.0,-0.01,-1,-1,-0.01,-1,-1,-0.01,-1,-1,-0.01,-1,-1,-0.01,-1,-1,-0.01,-1,-1,-0.01,-1,-1,-0.01,-1,-1,-0.01,-1,-1,-0.01,-1,-1
99926009,2026-05-18 12:38:05+05:30,53300.15,0,0.0,0,0.0,0.0,53282.15,53333.0,52783.45,53710.35,0,0.0,0.0,0.0,0.0,-0.01,-1,-1,-0.01,-1,-1,-0.01,-1,-1,-0.01,-1,-1,-0.01,-1,-1,-0.01,-1,-1,-0.01,-1,-1,-0.01,-1,-1,-0.01,-1,-1,-0.01,-1,-1
99926009,2026-05-18 12:38:05+05:30,53298.8,0,0.0,0,0.0,0.0,53282.15,53333.0,52783.45,53710.35,0,0.0,0.0,0.0,0.0,-0.01,-1,-1,-0.01,-1,-1,-0.01,-1,-1,-0.01,-1,-1,-0.01,-1,-1,-0.01,-1,-1,-0.01,-1,-1,-0.01,-1,-1,-0.01,-1,-1,-0.01,-1,-1
99926009,2026-05-18 12:38:06+05:30,53306.5,0,0.0,0,0.0,0.0,53282.15,53333.0,52783.45,53710.35,0,0.0,0.0,0.0,0.0,-0.01,-1,-1,-0.01,-1,-1,-0.01,-1,-1,-0.01,-1,-1,-0.01,-1,-1,-0.01,-1,-1,-0.01,-1,-1,-0.01,-1,-1,-0.01,-1,-1,-0.01,-1,-1
99926009,2026-05-18 12:38:06+05:30,53304.95,0,0.0,0,0.0,0.0,53282.15,53333.0,52783.45,53710.35,0,0.0,0.0,0.0,0.0,-0.01,-1,-1,-0.01,-1,-1,-0.01,-1,-1,-0.01,-1,-1,-0.01,-1,-1,-0.01,-1,-1,-0.01,-1,-1,-0.01,-1,-1,-0.01,-1,-1,-0.01,-1,-1
99926009,2026-05-18 12:38:07+05:30,53299.35,0,0.0,0,0.0,0.0,53282.15,53333.0,52783.45,53710.35,0,0.0,0.0,0.0,0.0,-0.01,-1,-1,-0.01,-1,-1,-0.01,-1,-1,-0.01,-1,-1,-0.01,-1,-1,-0.01,-1,-1,-0.01,-1,-1,-0.01,-1,-1,-0.01,-1,-1,-0.01,-1,-1
99926009,2026-05-18 12:38:07+05:30,53303.45,0,0.0,0,0.0,0.0,53282.15,53333.0,52783.45,53710.35,0,0.0,0.0,0.0,0.0,-0.01,-1,-1,-0.01,-1,-1,-0.01,-1,-1,-0.01,-1,-1,-0.01,-1,-1,-0.01,-1,-1,-0.01,-1,-1,-0.01,-1,-1,-0.01,-1,-1,-0.01,-1,-1
99926009,2026-05-18 12:38:08+05:30,53302.45,0,0.0,0,0.0,0.0,53282.15,53333.0,52783.45,53710.35,0,0.0,0.0,0.0,0.0,-0.01,-1,-1,-0.01,-1,-1,-0.01,-1,-1,-0.01,-1,-1,-0.01,-1,-1,-0.01,-1,-1,-0.01,-1,-1,-0.01,-1,-1,-0.01,-1,-1,-0.01,-1,-1
99926009,2026-05-18 12:38:08+05:30,53299.25,0,0.0,0,0.0,0.0,53282.15,53333.0,52783.45,53710.35,0,0.0,0.0,0.0,0.0,-0.01,-1,-1,-0.01,-1,-1,-0.01,-1,-1,-0.01,-1,-1,-0.01,-1,-1,-0.01,-1,-1,-0.01,-1,-1,-0.01,-1,-1,-0.01,-1,-1,-0.01,-1,-1
99926009,2026-05-18 12:38:09+05:30,53301.45,0,0.0,0,0.0,0.0,53282.15,53333.0,52783.45,53710.35,0,0.0,0.0,0.0,0.0,-0.01,-1,-1,-0.01,-1,-1,-0.01,-1,-1,-0.01,-1,-1,-0.01,-1,-1,-0.01,-1,-1,-0.01,-1,-1,-0.01,-1,-1,-0.01,-1,-1,-0.01,-1,-1
99926009,2026-05-18 12:38:09+05:30,53300.15,0,0.0,0,0.0,0.0,53282.15,53333.0,52783.45,53710.35,0,0.0,0.0,0.0,0.0,-0.01,-1,-1,-0.01,-1,-1,-0.01,-1,-1,-0.01,-1,-1,-0.01,-1,-1,-0.01,-1,-1,-0.01,-1,-1,-0.01,-1,-1,-0.01,-1,-1,-0.01,-1,-1
99926009,2026-05-18 12:38:10+05:30,53298.1,0,0.0,0,0.0,0.0,53282.15,53333.0,52783.45,53710.35,0,0.0,0.0,0.0,0.0,-0.01,-1,-1,-0.01,-1,-1,-0.01,-1,-1,-0.01,-1,-1,-0.01,-1,-1,-0.01,-1,-1,-0.01,-1,-1,-0.01,-1,-1,-0.01,-1,-1,-0.01,-1,-1
99926009,2026-05-18 12:38:10+05:30,53294.1,0,0.0,0,0.0,0.0,53282.15,53333.0,52783.45,53710.35,0,0.0,0.0,0.0,0.0,-0.01,-1,-1,-0.01,-1,-1,-0.01,-1,-1,-0.01,-1,-1,-0.01,-1,-1,-0.01,-1,-1,-0.01,-1,-1,-0.01,-1,-1,-0.01,-1,-1,-0.01,-1,-1
99926009,2026-05-18 12:38:11+05:30,53295.1,0,0.0,0,0.0,0.0,53282.15,53333.0,52783.45,53710.35,0,0.0,0.0,0.0,0.0,-0.01,-1,-1,-0.01,-1,-1,-0.01,-1,-1,-0.01,-1,-1,-0.01,-1,-1,-0.01,-1,-1,-0.01,-1,-1,-0.01,-1,-1,-0.01,-1,-1,-0.01,-1,-1
99926009,2026-05-18 12:38:11+05:30,53289.7,0,0.0,0,0.0,0.0,53282.15,53333.0,52783.45,53710.35,0,0.0,0.0,0.0,0.0,-0.01,-1,-1,-0.01,-1,-1,-0.01,-1,-1,-0.01,-1,-1,-0.01,-1,-1,-0.01,-1,-1,-0.01,-1,-1,-0.01,-1,-1,-0.01,-1,-1,-0.01,-1,-1
99926009,2026-05-18 12:38:12+05:30,53288.6,0,0.0,0,0.0,0.0,53282.15,53333.0,52783.45,53710.35,0,0.0,0.0,0.0,0.0,-0.01,-1,-1,-0.01,-1,-1,-0.01,-1,-1,-0.01,-1,-1,-0.01,-1,-1,-0.01,-1,-1,-0.01,-1,-1,-0.01,-1,-1,-0.01,-1,-1,-0.01,-1,-1
99926009,2026-05-18 12:38:12+05:30,53289.1,0,0.0,0,0.0,0.0,53282.15,53333.0,52783.45,53710.35,0,0.0,0.0,0.0,0.0,-0.01,-1,-1,-0.01,-1,-1,-0.01,-1,-1,-0.01,-1,-1,-0.01,-1,-1,-0.01,-1,-1,-0.01,-1,-1,-0.01,-1,-1,-0.01,-1,-1,-0.01,-1,-1
99926009,2026-05-18 12:38:13+05:30,53291.55,0,0.0,0,0.0,0.0,53282.15,53333.0,52783.45,53710.35,0,0.0,0.0,0.0,0.0,-0.01,-1,-1,-0.01,-1,-1,-0.01,-1,-1,-0.01,-1,-1,-0.01,-1,-1,-0.01,-1,-1,-0.01,-1,-1,-0.01,-1,-1,-0.01,-1,-1,-0.01,-1,-1
99926009,2026-05-18 12:38:13+05:30,53292.55,0,0.0,0,0.0,0.0,53282.15,53333.0,52783.45,53710.35,0,0.0,0.0,0.0,0.0,-0.01,-1,-1,-0.01,-1,-1,-0.01,-1,-1,-0.01,-1,-1,-0.01,-1,-1,-0.01,-1,-1,-0.01,-1,-1,-0.01,-1,-1,-0.01,-1,-1,-0.01,-1,-1
99926009,2026-05-18 12:38:14+05:30,53292.2,0,0.0,0,0.0,0.0,53282.15,53333.0,52783.45,53710.35,0,0.0,0.0,0.0,0.0,-0.01,-1,-1,-0.01,-1,-1,-0.01,-1,-1,-0.01,-1,-1,-0.01,-1,-1,-0.01,-1,-1,-0.01,-1,-1,-0.01,-1,-1,-0.01,-1,-1,-0.01,-1,-1
99926009,2026-05-18 12:38:14+05:30,53292.85,0,0.0,0,0.0,0.0,53282.15,53333.0,52783.45,53710.35,0,0.0,0.0,0.0,0.0,-0.01,-1,-1,-0.01,-1,-1,-0.01,-1,-1,-0.01,-1,-1,-0.01,-1,-1,-0.01,-1,-1,-0.01,-1,-1,-0.01,-1,-1,-0.01,-1,-1,-0.01,-1,-1
99926009,2026-05-18 12:38:15+05:30,53292.5,0,0.0,0,0.0,0.0,53282.15,53333.0,52783.45,53710.35,0,0.0,0.0,0.0,0.0,-0.01,-1,-1,-0.01,-1,-1,-0.01,-1,-1,-0.01,-1,-1,-0.01,-1,-1,-0.01,-1,-1,-0.01,-1,-1,-0.01,-1,-1,-0.01,-1,-1,-0.01,-1,-1
99926009,2026-05-18 12:38:15+05:30,53292.1,0,0.0,0,0.0,0.0,53282.15,53333.0,52783.45,53710.35,0,0.0,0.0,0.0,0.0,-0.01,-1,-1,-0.01,-1,-1,-0.01,-1,-1,-0.01,-1,-1,-0.01,-1,-1,-0.01,-1,-1,-0.01,-1,-1,-0.01,-1,-1,-0.01,-1,-1,-0.01,-1,-1
99926009,2026-05-18 12:38:16+05:30,53291.6,0,0.0,0,0.0,0.0,53282.15,53333.0,52783.45,53710.35,0,0.0,0.0,0.0,0.0,-0.01,-1,-1,-0.01,-1,-1,-0.01,-1,-1,-0.01,-1,-1,-0.01,-1,-1,-0.01,-1,-1,-0.01,-1,-1,-0.01,-1,-1,-0.01,-1,-1,-0.01,-1,-1
99926009,2026-05-18 12:38:16+05:30,53292.45,0,0.0,0,0.0,0.0,53282.15,53333.0,52783.45,53710.35,0,0.0,0.0,0.0,0.0,-0.01,-1,-1,-0.01,-1,-1,-0.01,-1,-1,-0.01,-1,-1,-0.01,-1,-1,-0.01,-1,-1,-0.01,-1,-1,-0.01,-1,-1,-0.01,-1,-1,-0.01,-1,-1
99926009,2026-05-18 12:38:17+05:30,53290.8,0,0.0,0,0.0,0.0,53282.15,53333.0,52783.45,53710.35,0,0.0,0.0,0.0,0.0,-0.01,-1,-1,-0.01,-1,-1,-0.01,-1,-1,-0.01,-1,-1,-0.01,-1,-1,-0.01,-1,-1,-0.01,-1,-1,-0.01,-1,-1,-0.01,-1,-1,-0.01,-1,-1
99926009,2026-05-18 12:38:17+05:30,53290.35,0,0.0,0,0.0,0.0,53282.15,53333.0,52783.45,53710.35,0,0.0,0.0,0.0,0.0,-0.01,-1,-1,-0.01,-1,-1,-0.01,-1,-1,-0.01,-1,-1,-0.01,-1,-1,-0.01,-1,-1,-0.01,-1,-1,-0.01,-1,-1,-0.01,-1,-1,-0.01,-1,-1
99926009,2026-05-18 12:38:18+05:30,53290.6,0,0.0,0,0.0,0.0,53282.15,53333.0,52783.45,53710.35,0,0.0,0.0,0.0,0.0,-0.01,-1,-1,-0.01,-1,-1,-0.01,-1,-1,-0.01,-1,-1,-0.01,-1,-1,-0.01,-1,-1,-0.01,-1,-1,-0.01,-1,-1,-0.01,-1,-1,-0.01,-1,-1
99926009,2026-05-18 12:38:18+05:30,53290.5,0,0.0,0,0.0,0.0,53282.15,53333.0,52783.45,53710.35,0,0.0,0.0,0.0,0.0,-0.01,-1,-1,-0.01,-1,-1,-0.01,-1,-1,-0.01,-1,-1,-0.01,-1,-1,-0.01,-1,-1,-0.01,-1,-1,-0.01,-1,-1,-0.01,-1,-1,-0.01,-1,-1
99926009,2026-05-18 12:38:19+05:30,53290.5,0,0.0,0,0.0,0.0,53282.15,53333.0,52783.45,53710.35,0,0.0,0.0,0.0,0.0,-0.01,-1,-1,-0.01,-1,-1,-0.01,-1,-1,-0.01,-1,-1,-0.01,-1,-1,-0.01,-1,-1,-0.01,-1,-1,-0.01,-1,-1,-0.01,-1,-1,-0.01,-1,-1
99926009,2026-05-18 12:38:19+05:30,53291.15,0,0.0,0,0.0,0.0,53282.15,53333.0,52783.45,53710.35,0,0.0,0.0,0.0,0.0,-0.01,-1,-1,-0.01,-1,-1,-0.01,-1,-1,-0.01,-1,-1,-0.01,-1,-1,-0.01,-1,-1,-0.01,-1,-1,-0.01,-1,-1,-0.01,-1,-1,-0.01,-1,-1
99926009,2026-05-18 12:38:20+05:30,53292.2,0,0.0,0,0.0,0.0,53282.15,53333.0,52783.45,53710.35,0,0.0,0.0,0.0,0.0,-0.01,-1,-1,-0.01,-1,-1,-0.01,-1,-1,-0.01,-1,-1,-0.01,-1,-1,-0.01,-1,-1,-0.01,-1,-1,-0.01,-1,-1,-0.01,-1,-1,-0.01,-1,-1
99926009,2026-05-18 12:38:20+05:30,53292.65,0,0.0,0,0.0,0.0,53282.15,53333.0,52783.45,53710.35,0,0.0,0.0,0.0,0.0,-0.01,-1,-1,-0.01,-1,-1,-0.01,-1,-1,-0.01,-1,-1,-0.01,-1,-1,-0.01,-1,-1,-0.01,-1,-1,-0.01,-1,-1,-0.01,-1,-1,-0.01,-1,-1
99926009,2026-05-18 12:38:21+05:30,53292.7,0,0.0,0,0.0,0.0,53282.15,53333.0,52783.45,53710.35,0,0.0,0.0,0.0,0.0,-0.01,-1,-1,-0.01,-1,-1,-0.01,-1,-1,-0.01,-1,-1,-0.01,-1,-1,-0.01,-1,-1,-0.01,-1,-1,-0.01,-1,-1,-0.01,-1,-1,-0.01,-1,-1
99926009,2026-05-18 12:38:21+05:30,53292.0,0,0.0,0,0.0,0.0,53282.15,53333.0,52783.45,53710.35,0,0.0,0.0,0.0,0.0,-0.01,-1,-1,-0.01,-1,-1,-0.01,-1,-1,-0.01,-1,-1,-0.01,-1,-1,-0.01,-1,-1,-0.01,-1,-1,-0.01,-1,-1,-0.01,-1,-1,-0.01,-1,-1
99926009,2026-05-18 12:38:22+05:30,53292.75,0,0.0,0,0.0,0.0,53282.15,53333.0,52783.45,53710.35,0,0.0,0.0,0.0,0.0,-0.01,-1,-1,-0.01,-1,-1,-0.01,-1,-1,-0.01,-1,-1,-0.01,-1,-1,-0.01,-1,-1,-0.01,-1,-1,-0.01,-1,-1,-0.01,-1,-1,-0.01,-1,-1
99926009,2026-05-18 12:38:22+05:30,53292.1,0,0.0,0,0.0,0.0,53282.15,53333.0,52783.45,53710.35,0,0.0,0.0,0.0,0.0,-0.01,-1,-1,-0.01,-1,-1,-0.01,-1,-1,-0.01,-1,-1,-0.01,-1,-1,-0.01,-1,-1,-0.01,-1,-1,-0.01,-1,-1,-0.01,-1,-1,-0.01,-1,-1
99926009,2026-05-18 12:38:23+05:30,53288.8,0,0.0,0,0.0,0.0,53282.15,53333.0,52783.45,53710.35,0,0.0,0.0,0.0,0.0,-0.01,-1,-1,-0.01,-1,-1,-0.01,-1,-1,-0.01,-1,-1,-0.01,-1,-1,-0.01,-1,-1,-0.01,-1,-1,-0.01,-1,-1,-0.01,-1,-1,-0.01,-1,-1
99926009,2026-05-18 12:38:23+05:30,53291.8,0,0.0,0,0.0,0.0,53282.15,53333.0,52783.45,53710.35,0,0.0,0.0,0.0,0.0,-0.01,-1,-1,-0.01,-1,-1,-0.01,-1,-1,-0.01,-1,-1,-0.01,-1,-1,-0.01,-1,-1,-0.01,-1,-1,-0.01,-1,-1,-0.01,-1,-1,-0.01,-1,-1
99926009,2026-05-18 12:38:24+05:30,53290.8,0,0.0,0,0.0,0.0,53282.15,53333.0,52783.45,53710.35,0,0.0,0.0,0.0,0.0,-0.01,-1,-1,-0.01,-1,-1,-0.01,-1,-1,-0.01,-1,-1,-0.01,-1,-1,-0.01,-1,-1,-0.01,-1,-1,-0.01,-1,-1,-0.01,-1,-1,-0.01,-1,-1
99926009,2026-05-18 12:38:24+05:30,53289.85,0,0.0,0,0.0,0.0,53282.15,53333.0,52783.45,53710.35,0,0.0,0.0,0.0,0.0,-0.01,-1,-1,-0.01,-1,-1,-0.01,-1,-1,-0.01,-1,-1,-0.01,-1,-1,-0.01,-1,-1,-0.01,-1,-1,-0.01,-1,-1,-0.01,-1,-1,-0.01,-1,-1
99926009,2026-05-18 12:38:25+05:30,53291.65,0,0.0,0,0.0,0.0,53282.15,53333.0,52783.45,53710.35,0,0.0,0.0,0.0,0.0,-0.01,-1,-1,-0.01,-1,-1,-0.01,-1,-1,-0.01,-1,-1,-0.01,-1,-1,-0.01,-1,-1,-0.01,-1,-1,-0.01,-1,-1,-0.01,-1,-1,-0.01,-1,-1
99926009,2026-05-18 12:38:25+05:30,53289.4,0,0.0,0,0.0,0.0,53282.15,53333.0,52783.45,53710.35,0,0.0,0.0,0.0,0.0,-0.01,-1,-1,-0.01,-1,-1,-0.01,-1,-1,-0.01,-1,-1,-0.01,-1,-1,-0.01,-1,-1,-0.01,-1,-1,-0.01,-1,-1,-0.01,-1,-1,-0.01,-1,-1
99926009,2026-05-18 12:38:26+05:30,53290.9,0,0.0,0,0.0,0.0,53282.15,53333.0,52783.45,53710.35,0,0.0,0.0,0.0,0.0,-0.01,-1,-1,-0.01,-1,-1,-0.01,-1,-1,-0.01,-1,-1,-0.01,-1,-1,-0.01,-1,-1,-0.01,-1,-1,-0.01,-1,-1,-0.01,-1,-1,-0.01,-1,-1
99926009,2026-05-18 12:38:26+05:30,53288.6,0,0.0,0,0.0,0.0,53282.15,53333.0,52783.45,53710.35,0,0.0,0.0,0.0,0.0,-0.01,-1,-1,-0.01,-1,-1,-0.01,-1,-1,-0.01,-1,-1,-0.01,-1,-1,-0.01,-1,-1,-0.01,-1,-1,-0.01,-1,-1,-0.01,-1,-1,-0.01,-1,-1
99926009,2026-05-18 12:38:27+05:30,53288.45,0,0.0,0,0.0,0.0,53282.15,53333.0,52783.45,53710.35,0,0.0,0.0,0.0,0.0,-0.01,-1,-1,-0.01,-1,-1,-0.01,-1,-1,-0.01,-1,-1,-0.01,-1,-1,-0.01,-1,-1,-0.01,-1,-1,-0.01,-1,-1,-0.01,-1,-1,-0.01,-1,-1
99926009,2026-05-18 12:38:27+05:30,53284.6,0,0.0,0,0.0,0.0,53282.15,53333.0,52783.45,53710.35,0,0.0,0.0,0.0,0.0,-0.01,-1,-1,-0.01,-1,-1,-0.01,-1,-1,-0.01,-1,-1,-0.01,-1,-1,-0.01,-1,-1,-0.01,-1,-1,-0.01,-1,-1,-0.01,-1,-1,-0.01,-1,-1
99926009,2026-05-18 12:38:28+05:30,53284.7,0,0.0,0,0.0,0.0,53282.15,53333.0,52783.45,53710.35,0,0.0,0.0,0.0,0.0,-0.01,-1,-1,-0.01,-1,-1,-0.01,-1,-1,-0.01,-1,-1,-0.01,-1,-1,-0.01,-1,-1,-0.01,-1,-1,-0.01,-1,-1,-0.01,-1,-1,-0.01,-1,-1
99926009,2026-05-18 12:38:28+05:30,53286.75,0,0.0,0,0.0,0.0,53282.15,53333.0,52783.45,53710.35,0,0.0,0.0,0.0,0.0,-0.01,-1,-1,-0.01,-1,-1,-0.01,-1,-1,-0.01,-1,-1,-0.01,-1,-1,-0.01,-1,-1,-0.01,-1,-1,-0.01,-1,-1,-0.01,-1,-1,-0.01,-1,-1
99926009,2026-05-18 12:38:29+05:30,53288.0,0,0.0,0,0.0,0.0,53282.15,53333.0,52783.45,53710.35,0,0.0,0.0,0.0,0.0,-0.01,-1,-1,-0.01,-1,-1,-0.01,-1,-1,-0.01,-1,-1,-0.01,-1,-1,-0.01,-1,-1,-0.01,-1,-1,-0.01,-1,-1,-0.01,-1,-1,-0.01,-1,-1
99926009,2026-05-18 12:38:29+05:30,53285.55,0,0.0,0,0.0,0.0,53282.15,53333.0,52783.45,53710.35,0,0.0,0.0,0.0,0.0,-0.01,-1,-1,-0.01,-1,-1,-0.01,-1,-1,-0.01,-1,-1,-0.01,-1,-1,-0.01,-1,-1,-0.01,-1,-1,-0.01,-1,-1,-0.01,-1,-1,-0.01,-1,-1
99926009,2026-05-18 12:38:30+05:30,53287.25,0,0.0,0,0.0,0.0,53282.15,53333.0,52783.45,53710.35,0,0.0,0.0,0.0,0.0,-0.01,-1,-1,-0.01,-1,-1,-0.01,-1,-1,-0.01,-1,-1,-0.01,-1,-1,-0.01,-1,-1,-0.01,-1,-1,-0.01,-1,-1,-0.01,-1,-1,-0.01,-1,-1
99926009,2026-05-18 12:38:30+05:30,53288.4,0,0.0,0,0.0,0.0,53282.15,53333.0,52783.45,53710.35,0,0.0,0.0,0.0,0.0,-0.01,-1,-1,-0.01,-1,-1,-0.01,-1,-1,-0.01,-1,-1,-0.01,-1,-1,-0.01,-1,-1,-0.01,-1,-1,-0.01,-1,-1,-0.01,-1,-1,-0.01,-1,-1
99926009,2026-05-18 12:38:31+05:30,53289.2,0,0.0,0,0.0,0.0,53282.15,53333.0,52783.45,53710.35,0,0.0,0.0,0.0,0.0,-0.01,-1,-1,-0.01,-1,-1,-0.01,-1,-1,-0.01,-1,-1,-0.01,-1,-1,-0.01,-1,-1,-0.01,-1,-1,-0.01,-1,-1,-0.01,-1,-1,-0.01,-1,-1
99926009,2026-05-18 12:38:31+05:30,53290.6,0,0.0,0,0.0,0.0,53282.15,53333.0,52783.45,53710.35,0,0.0,0.0,0.0,0.0,-0.01,-1,-1,-0.01,-1,-1,-0.01,-1,-1,-0.01,-1,-1,-0.01,-1,-1,-0.01,-1,-1,-0.01,-1,-1,-0.01,-1,-1,-0.01,-1,-1,-0.01,-1,-1
99926009,2026-05-18 12:38:32+05:30,53289.75,0,0.0,0,0.0,0.0,53282.15,53333.0,52783.45,53710.35,0,0.0,0.0,0.0,0.0,-0.01,-1,-1,-0.01,-1,-1,-0.01,-1,-1,-0.01,-1,-1,-0.01,-1,-1,-0.01,-1,-1,-0.01,-1,-1,-0.01,-1,-1,-0.01,-1,-1,-0.01,-1,-1
99926009,2026-05-18 12:38:32+05:30,53292.85,0,0.0,0,0.0,0.0,53282.15,53333.0,52783.45,53710.35,0,0.0,0.0,0.0,0.0,-0.01,-1,-1,-0.01,-1,-1,-0.01,-1,-1,-0.01,-1,-1,-0.01,-1,-1,-0.01,-1,-1,-0.01,-1,-1,-0.01,-1,-1,-0.01,-1,-1,-0.01,-1,-1
99926009,2026-05-18 12:38:33+05:30,53292.65,0,0.0,0,0.0,0.0,53282.15,53333.0,52783.45,53710.35,0,0.0,0.0,0.0,0.0,-0.01,-1,-1,-0.01,-1,-1,-0.01,-1,-1,-0.01,-1,-1,-0.01,-1,-1,-0.01,-1,-1,-0.01,-1,-1,-0.01,-1,-1,-0.01,-1,-1,-0.01,-1,-1
99926009,2026-05-18 12:38:33+05:30,53292.8,0,0.0,0,0.0,0.0,53282.15,53333.0,52783.45,53710.35,0,0.0,0.0,0.0,0.0,-0.01,-1,-1,-0.01,-1,-1,-0.01,-1,-1,-0.01,-1,-1,-0.01,-1,-1,-0.01,-1,-1,-0.01,-1,-1,-0.01,-1,-1,-0.01,-1,-1,-0.01,-1,-1
99926009,2026-05-18 12:38:34+05:30,53292.4,0,0.0,0,0.0,0.0,53282.15,53333.0,52783.45,53710.35,0,0.0,0.0,0.0,0.0,-0.01,-1,-1,-0.01,-1,-1,-0.01,-1,-1,-0.01,-1,-1,-0.01,-1,-1,-0.01,-1,-1,-0.01,-1,-1,-0.01,-1,-1,-0.01,-1,-1,-0.01,-1,-1
99926009,2026-05-18 12:38:34+05:30,53290.85,0,0.0,0,0.0,0.0,53282.15,53333.0,52783.45,53710.35,0,0.0,0.0,0.0,0.0,-0.01,-1,-1,-0.01,-1,-1,-0.01,-1,-1,-0.01,-1,-1,-0.01,-1,-1,-0.01,-1,-1,-0.01,-1,-1,-0.01,-1,-1,-0.01,-1,-1,-0.01,-1,-1
99926009,2026-05-18 12:38:35+05:30,53294.3,0,0.0,0,0.0,0.0,53282.15,53333.0,52783.45,53710.35,0,0.0,0.0,0.0,0.0,-0.01,-1,-1,-0.01,-1,-1,-0.01,-1,-1,-0.01,-1,-1,-0.01,-1,-1,-0.01,-1,-1,-0.01,-1,-1,-0.01,-1,-1,-0.01,-1,-1,-0.01,-1,-1
99926009,2026-05-18 12:38:35+05:30,53299.95,0,0.0,0,0.0,0.0,53282.15,53333.0,52783.45,53710.35,0,0.0,0.0,0.0,0.0,-0.01,-1,-1,-0.01,-1,-1,-0.01,-1,-1,-0.01,-1,-1,-0.01,-1,-1,-0.01,-1,-1,-0.01,-1,-1,-0.01,-1,-1,-0.01,-1,-1,-0.01,-1,-1
99926009,2026-05-18 12:38:36+05:30,53302.8,0,0.0,0,0.0,0.0,53282.15,53333.0,52783.45,53710.35,0,0.0,0.0,0.0,0.0,-0.01,-1,-1,-0.01,-1,-1,-0.01,-1,-1,-0.01,-1,-1,-0.01,-1,-1,-0.01,-1,-1,-0.01,-1,-1,-0.01,-1,-1,-0.01,-1,-1,-0.01,-1,-1
99926009,2026-05-18 12:38:36+05:30,53303.4,0,0.0,0,0.0,0.0,53282.15,53333.0,52783.45,53710.35,0,0.0,0.0,0.0,0.0,-0.01,-1,-1,-0.01,-1,-1,-0.01,-1,-1,-0.01,-1,-1,-0.01,-1,-1,-0.01,-1,-1,-0.01,-1,-1,-0.01,-1,-1,-0.01,-1,-1,-0.01,-1,-1
99926009,2026-05-18 12:38:37+05:30,53299.05,0,0.0,0,0.0,0.0,53282.15,53333.0,52783.45,53710.35,0,0.0,0.0,0.0,0.0,-0.01,-1,-1,-0.01,-1,-1,-0.01,-1,-1,-0.01,-1,-1,-0.01,-1,-1,-0.01,-1,-1,-0.01,-1,-1,-0.01,-1,-1,-0.01,-1,-1,-0.01,-1,-1
99926009,2026-05-18 12:38:37+05:30,53300.95,0,0.0,0,0.0,0.0,53282.15,53333.0,52783.45,53710.35,0,0.0,0.0,0.0,0.0,-0.01,-1,-1,-0.01,-1,-1,-0.01,-1,-1,-0.01,-1,-1,-0.01,-1,-1,-0.01,-1,-1,-0.01,-1,-1,-0.01,-1,-1,-0.01,-1,-1,-0.01,-1,-1
99926009,2026-05-18 12:38:38+05:30,53299.75,0,0.0,0,0.0,0.0,53282.15,53333.0,52783.45,53710.35,0,0.0,0.0,0.0,0.0,-0.01,-1,-1,-0.01,-1,-1,-0.01,-1,-1,-0.01,-1,-1,-0.01,-1,-1,-0.01,-1,-1,-0.01,-1,-1,-0.01,-1,-1,-0.01,-1,-1,-0.01,-1,-1
99926009,2026-05-18 12:38:38+05:30,53298.3,0,0.0,0,0.0,0.0,53282.15,53333.0,52783.45,53710.35,0,0.0,0.0,0.0,0.0,-0.01,-1,-1,-0.01,-1,-1,-0.01,-1,-1,-0.01,-1,-1,-0.01,-1,-1,-0.01,-1,-1,-0.01,-1,-1,-0.01,-1,-1,-0.01,-1,-1,-0.01,-1,-1
99926009,2026-05-18 12:38:39+05:30,53299.8,0,0.0,0,0.0,0.0,53282.15,53333.0,52783.45,53710.35,0,0.0,0.0,0.0,0.0,-0.01,-1,-1,-0.01,-1,-1,-0.01,-1,-1,-0.01,-1,-1,-0.01,-1,-1,-0.01,-1,-1,-0.01,-1,-1,-0.01,-1,-1,-0.01,-1,-1,-0.01,-1,-1
99926009,2026-05-18 12:38:39+05:30,53297.8,0,0.0,0,0.0,0.0,53282.15,53333.0,52783.45,53710.35,0,0.0,0.0,0.0,0.0,-0.01,-1,-1,-0.01,-1,-1,-0.01,-1,-1,-0.01,-1,-1,-0.01,-1,-1,-0.01,-1,-1,-0.01,-1,-1,-0.01,-1,-1,-0.01,-1,-1,-0.01,-1,-1
99926009,2026-05-18 12:38:40+05:30,53303.25,0,0.0,0,0.0,0.0,53282.15,53333.0,52783.45,53710.35,0,0.0,0.0,0.0,0.0,-0.01,-1,-1,-0.01,-1,-1,-0.01,-1,-1,-0.01,-1,-1,-0.01,-1,-1,-0.01,-1,-1,-0.01,-1,-1,-0.01,-1,-1,-0.01,-1,-1,-0.01,-1,-1
99926009,2026-05-18 12:38:40+05:30,53300.95,0,0.0,0,0.0,0.0,53282.15,53333.0,52783.45,53710.35,0,0.0,0.0,0.0,0.0,-0.01,-1,-1,-0.01,-1,-1,-0.01,-1,-1,-0.01,-1,-1,-0.01,-1,-1,-0.01,-1,-1,-0.01,-1,-1,-0.01,-1,-1,-0.01,-1,-1,-0.01,-1,-1
99926009,2026-05-18 12:38:41+05:30,53301.3,0,0.0,0,0.0,0.0,53282.15,53333.0,52783.45,53710.35,0,0.0,0.0,0.0,0.0,-0.01,-1,-1,-0.01,-1,-1,-0.01,-1,-1,-0.01,-1,-1,-0.01,-1,-1,-0.01,-1,-1,-0.01,-1,-1,-0.01,-1,-1,-0.01,-1,-1,-0.01,-1,-1
99926009,2026-05-18 12:38:41+05:30,53300.15,0,0.0,0,0.0,0.0,53282.15,53333.0,52783.45,53710.35,0,0.0,0.0,0.0,0.0,-0.01,-1,-1,-0.01,-1,-1,-0.01,-1,-1,-0.01,-1,-1,-0.01,-1,-1,-0.01,-1,-1,-0.01,-1,-1,-0.01,-1,-1,-0.01,-1,-1,-0.01,-1,-1
99926009,2026-05-18 12:38:42+05:30,53302.35,0,0.0,0,0.0,0.0,53282.15,53333.0,52783.45,53710.35,0,0.0,0.0,0.0,0.0,-0.01,-1,-1,-0.01,-1,-1,-0.01,-1,-1,-0.01,-1,-1,-0.01,-1,-1,-0.01,-1,-1,-0.01,-1,-1,-0.01,-1,-1,-0.01,-1,-1,-0.01,-1,-1
99926009,2026-05-18 12:38:42+05:30,53302.6,0,0.0,0,0.0,0.0,53282.15,53333.0,52783.45,53710.35,0,0.0,0.0,0.0,0.0,-0.01,-1,-1,-0.01,-1,-1,-0.01,-1,-1,-0.01,-1,-1,-0.01,-1,-1,-0.01,-1,-1,-0.01,-1,-1,-0.01,-1,-1,-0.01,-1,-1,-0.01,-1,-1
99926009,2026-05-18 12:38:43+05:30,53302.7,0,0.0,0,0.0,0.0,53282.15,53333.0,52783.45,53710.35,0,0.0,0.0,0.0,0.0,-0.01,-1,-1,-0.01,-1,-1,-0.01,-1,-1,-0.01,-1,-1,-0.01,-1,-1,-0.01,-1,-1,-0.01,-1,-1,-0.01,-1,-1,-0.01,-1,-1,-0.01,-1,-1
99926009,2026-05-18 12:38:43+05:30,53303.75,0,0.0,0,0.0,0.0,53282.15,53333.0,52783.45,53710.35,0,0.0,0.0,0.0,0.0,-0.01,-1,-1,-0.01,-1,-1,-0.01,-1,-1,-0.01,-1,-1,-0.01,-1,-1,-0.01,-1,-1,-0.01,-1,-1,-0.01,-1,-1,-0.01,-1,-1,-0.01,-1,-1
99926009,2026-05-18 12:38:44+05:30,53301.0,0,0.0,0,0.0,0.0,53282.15,53333.0,52783.45,53710.35,0,0.0,0.0,0.0,0.0,-0.01,-1,-1,-0.01,-1,-1,-0.01,-1,-1,-0.01,-1,-1,-0.01,-1,-1,-0.01,-1,-1,-0.01,-1,-1,-0.01,-1,-1,-0.01,-1,-1,-0.01,-1,-1
99926009,2026-05-18 12:38:44+05:30,53302.9,0,0.0,0,0.0,0.0,53282.15,53333.0,52783.45,53710.35,0,0.0,0.0,0.0,0.0,-0.01,-1,-1,-0.01,-1,-1,-0.01,-1,-1,-0.01,-1,-1,-0.01,-1,-1,-0.01,-1,-1,-0.01,-1,-1,-0.01,-1,-1,-0.01,-1,-1,-0.01,-1,-1
99926009,2026-05-18 12:38:45+05:30,53305.0,0,0.0,0,0.0,0.0,53282.15,53333.0,52783.45,53710.35,0,0.0,0.0,0.0,0.0,-0.01,-1,-1,-0.01,-1,-1,-0.01,-1,-1,-0.01,-1,-1,-0.01,-1,-1,-0.01,-1,-1,-0.01,-1,-1,-0.01,-1,-1,-0.01,-1,-1,-0.01,-1,-1
99926009,2026-05-18 12:38:45+05:30,53304.1,0,0.0,0,0.0,0.0,53282.15,53333.0,52783.45,53710.35,0,0.0,0.0,0.0,0.0,-0.01,-1,-1,-0.01,-1,-1,-0.01,-1,-1,-0.01,-1,-1,-0.01,-1,-1,-0.01,-1,-1,-0.01,-1,-1,-0.01,-1,-1,-0.01,-1,-1,-0.01,-1,-1
99926009,2026-05-18 12:38:46+05:30,53304.75,0,0.0,0,0.0,0.0,53282.15,53333.0,52783.45,53710.35,0,0.0,0.0,0.0,0.0,-0.01,-1,-1,-0.01,-1,-1,-0.01,-1,-1,-0.01,-1,-1,-0.01,-1,-1,-0.01,-1,-1,-0.01,-1,-1,-0.01,-1,-1,-0.01,-1,-1,-0.01,-1,-1
99926009,2026-05-18 12:38:46+05:30,53303.0,0,0.0,0,0.0,0.0,53282.15,53333.0,52783.45,53710.35,0,0.0,0.0,0.0,0.0,-0.01,-1,-1,-0.01,-1,-1,-0.01,-1,-1,-0.01,-1,-1,-0.01,-1,-1,-0.01,-1,-1,-0.01,-1,-1,-0.01,-1,-1,-0.01,-1,-1,-0.01,-1,-1
99926009,2026-05-18 12:38:47+05:30,53301.95,0,0.0,0,0.0,0.0,53282.15,53333.0,52783.45,53710.35,0,0.0,0.0,0.0,0.0,-0.01,-1,-1,-0.01,-1,-1,-0.01,-1,-1,-0.01,-1,-1,-0.01,-1,-1,-0.01,-1,-1,-0.01,-1,-1,-0.01,-1,-1,-0.01,-1,-1,-0.01,-1,-1
99926009,2026-05-18 12:38:47+05:30,53302.05,0,0.0,0,0.0,0.0,53282.15,53333.0,52783.45,53710.35,0,0.0,0.0,0.0,0.0,-0.01,-1,-1,-0.01,-1,-1,-0.01,-1,-1,-0.01,-1,-1,-0.01,-1,-1,-0.01,-1,-1,-0.01,-1,-1,-0.01,-1,-1,-0.01,-1,-1,-0.01,-1,-1
99926009,2026-05-18 12:38:48+05:30,53302.8,0,0.0,0,0.0,0.0,53282.15,53333.0,52783.45,53710.35,0,0.0,0.0,0.0,0.0,-0.01,-1,-1,-0.01,-1,-1,-0.01,-1,-1,-0.01,-1,-1,-0.01,-1,-1,-0.01,-1,-1,-0.01,-1,-1,-0.01,-1,-1,-0.01,-1,-1,-0.01,-1,-1
99926009,2026-05-18 12:38:48+05:30,53300.65,0,0.0,0,0.0,0.0,53282.15,53333.0,52783.45,53710.35,0,0.0,0.0,0.0,0.0,-0.01,-1,-1,-0.01,-1,-1,-0.01,-1,-1,-0.01,-1,-1,-0.01,-1,-1,-0.01,-1,-1,-0.01,-1,-1,-0.01,-1,-1,-0.01,-1,-1,-0.01,-1,-1
99926009,2026-05-18 12:38:49+05:30,53301.95,0,0.0,0,0.0,0.0,53282.15,53333.0,52783.45,53710.35,0,0.0,0.0,0.0,0.0,-0.01,-1,-1,-0.01,-1,-1,-0.01,-1,-1,-0.01,-1,-1,-0.01,-1,-1,-0.01,-1,-1,-0.01,-1,-1,-0.01,-1,-1,-0.01,-1,-1,-0.01,-1,-1
99926009,2026-05-18 12:38:49+05:30,53302.5,0,0.0,0,0.0,0.0,53282.15,53333.0,52783.45,53710.35,0,0.0,0.0,0.0,0.0,-0.01,-1,-1,-0.01,-1,-1,-0.01,-1,-1,-0.01,-1,-1,-0.01,-1,-1,-0.01,-1,-1,-0.01,-1,-1,-0.01,-1,-1,-0.01,-1,-1,-0.01,-1,-1
99926009,2026-05-18 12:38:50+05:30,53301.95,0,0.0,0,0.0,0.0,53282.15,53333.0,52783.45,53710.35,0,0.0,0.0,0.0,0.0,-0.01,-1,-1,-0.01,-1,-1,-0.01,-1,-1,-0.01,-1,-1,-0.01,-1,-1,-0.01,-1,-1,-0.01,-1,-1,-0.01,-1,-1,-0.01,-1,-1,-0.01,-1,-1
99926009,2026-05-18 12:38:50+05:30,53301.95,0,0.0,0,0.0,0.0,53282.15,53333.0,52783.45,53710.35,0,0.0,0.0,0.0,0.0,-0.01,-1,-1,-0.01,-1,-1,-0.01,-1,-1,-0.01,-1,-1,-0.01,-1,-1,-0.01,-1,-1,-0.01,-1,-1,-0.01,-1,-1,-0.01,-1,-1,-0.01,-1,-1
99926009,2026-05-18 12:38:51+05:30,53312.2,0,0.0,0,0.0,0.0,53282.15,53333.0,52783.45,53710.35,0,0.0,0.0,0.0,0.0,-0.01,-1,-1,-0.01,-1,-1,-0.01,-1,-1,-0.01,-1,-1,-0.01,-1,-1,-0.01,-1,-1,-0.01,-1,-1,-0.01,-1,-1,-0.01,-1,-1,-0.01,-1,-1
99926009,2026-05-18 12:38:51+05:30,53316.45,0,0.0,0,0.0,0.0,53282.15,53333.0,52783.45,53710.35,0,0.0,0.0,0.0,0.0,-0.01,-1,-1,-0.01,-1,-1,-0.01,-1,-1,-0.01,-1,-1,-0.01,-1,-1,-0.01,-1,-1,-0.01,-1,-1,-0.01,-1,-1,-0.01,-1,-1,-0.01,-1,-1
99926009,2026-05-18 12:38:52+05:30,53311.65,0,0.0,0,0.0,0.0,53282.15,53333.0,52783.45,53710.35,0,0.0,0.0,0.0,0.0,-0.01,-1,-1,-0.01,-1,-1,-0.01,-1,-1,-0.01,-1,-1,-0.01,-1,-1,-0.01,-1,-1,-0.01,-1,-1,-0.01,-1,-1,-0.01,-1,-1,-0.01,-1,-1
99926009,2026-05-18 12:38:52+05:30,53315.05,0,0.0,0,0.0,0.0,53282.15,53333.0,52783.45,53710.35,0,0.0,0.0,0.0,0.0,-0.01,-1,-1,-0.01,-1,-1,-0.01,-1,-1,-0.01,-1,-1,-0.01,-1,-1,-0.01,-1,-1,-0.01,-1,-1,-0.01,-1,-1,-0.01,-1,-1,-0.01,-1,-1
99926009,2026-05-18 12:38:53+05:30,53315.4,0,0.0,0,0.0,0.0,53282.15,53333.0,52783.45,53710.35,0,0.0,0.0,0.0,0.0,-0.01,-1,-1,-0.01,-1,-1,-0.01,-1,-1,-0.01,-1,-1,-0.01,-1,-1,-0.01,-1,-1,-0.01,-1,-1,-0.01,-1,-1,-0.01,-1,-1,-0.01,-1,-1
99926009,2026-05-18 12:38:53+05:30,53316.5,0,0.0,0,0.0,0.0,53282.15,53333.0,52783.45,53710.35,0,0.0,0.0,0.0,0.0,-0.01,-1,-1,-0.01,-1,-1,-0.01,-1,-1,-0.01,-1,-1,-0.01,-1,-1,-0.01,-1,-1,-0.01,-1,-1,-0.01,-1,-1,-0.01,-1,-1,-0.01,-1,-1
99926009,2026-05-18 12:38:54+05:30,53316.1,0,0.0,0,0.0,0.0,53282.15,53333.0,52783.45,53710.35,0,0.0,0.0,0.0,0.0,-0.01,-1,-1,-0.01,-1,-1,-0.01,-1,-1,-0.01,-1,-1,-0.01,-1,-1,-0.01,-1,-1,-0.01,-1,-1,-0.01,-1,-1,-0.01,-1,-1,-0.01,-1,-1
99926009,2026-05-18 12:38:54+05:30,53313.75,0,0.0,0,0.0,0.0,53282.15,53333.0,52783.45,53710.35,0,0.0,0.0,0.0,0.0,-0.01,-1,-1,-0.01,-1,-1,-0.01,-1,-1,-0.01,-1,-1,-0.01,-1,-1,-0.01,-1,-1,-0.01,-1,-1,-0.01,-1,-1,-0.01,-1,-1,-0.01,-1,-1
99926009,2026-05-18 12:38:55+05:30,53316.3,0,0.0,0,0.0,0.0,53282.15,53333.0,52783.45,53710.35,0,0.0,0.0,0.0,0.0,-0.01,-1,-1,-0.01,-1,-1,-0.01,-1,-1,-0.01,-1,-1,-0.01,-1,-1,-0.01,-1,-1,-0.01,-1,-1,-0.01,-1,-1,-0.01,-1,-1,-0.01,-1,-1
99926009,2026-05-18 12:38:55+05:30,53315.4,0,0.0,0,0.0,0.0,53282.15,53333.0,52783.45,53710.35,0,0.0,0.0,0.0,0.0,-0.01,-1,-1,-0.01,-1,-1,-0.01,-1,-1,-0.01,-1,-1,-0.01,-1,-1,-0.01,-1,-1,-0.01,-1,-1,-0.01,-1,-1,-0.01,-1,-1,-0.01,-1,-1
99926009,2026-05-18 12:38:56+05:30,53318.25,0,0.0,0,0.0,0.0,53282.15,53333.0,52783.45,53710.35,0,0.0,0.0,0.0,0.0,-0.01,-1,-1,-0.01,-1,-1,-0.01,-1,-1,-0.01,-1,-1,-0.01,-1,-1,-0.01,-1,-1,-0.01,-1,-1,-0.01,-1,-1,-0.01,-1,-1,-0.01,-1,-1
99926009,2026-05-18 12:38:56+05:30,53315.9,0,0.0,0,0.0,0.0,53282.15,53333.0,52783.45,53710.35,0,0.0,0.0,0.0,0.0,-0.01,-1,-1,-0.01,-1,-1,-0.01,-1,-1,-0.01,-1,-1,-0.01,-1,-1,-0.01,-1,-1,-0.01,-1,-1,-0.01,-1,-1,-0.01,-1,-1,-0.01,-1,-1
99926009,2026-05-18 12:38:57+05:30,53317.25,0,0.0,0,0.0,0.0,53282.15,53333.0,52783.45,53710.35,0,0.0,0.0,0.0,0.0,-0.01,-1,-1,-0.01,-1,-1,-0.01,-1,-1,-0.01,-1,-1,-0.01,-1,-1,-0.01,-1,-1,-0.01,-1,-1,-0.01,-1,-1,-0.01,-1,-1,-0.01,-1,-1
99926009,2026-05-18 12:38:57+05:30,53318.75,0,0.0,0,0.0,0.0,53282.15,53333.0,52783.45,53710.35,0,0.0,0.0,0.0,0.0,-0.01,-1,-1,-0.01,-1,-1,-0.01,-1,-1,-0.01,-1,-1,-0.01,-1,-1,-0.01,-1,-1,-0.01,-1,-1,-0.01,-1,-1,-0.01,-1,-1,-0.01,-1,-1
99926009,2026-05-18 12:38:58+05:30,53319.4,0,0.0,0,0.0,0.0,53282.15,53333.0,52783.45,53710.35,0,0.0,0.0,0.0,0.0,-0.01,-1,-1,-0.01,-1,-1,-0.01,-1,-1,-0.01,-1,-1,-0.01,-1,-1,-0.01,-1,-1,-0.01,-1,-1,-0.01,-1,-1,-0.01,-1,-1,-0.01,-1,-1
99926009,2026-05-18 12:38:58+05:30,53318.55,0,0.0,0,0.0,0.0,53282.15,53333.0,52783.45,53710.35,0,0.0,0.0,0.0,0.0,-0.01,-1,-1,-0.01,-1,-1,-0.01,-1,-1,-0.01,-1,-1,-0.01,-1,-1,-0.01,-1,-1,-0.01,-1,-1,-0.01,-1,-1,-0.01,-1,-1,-0.01,-1,-1
99926009,2026-05-18 12:38:59+05:30,53317.4,0,0.0,0,0.0,0.0,53282.15,53333.0,52783.45,53710.35,0,0.0,0.0,0.0,0.0,-0.01,-1,-1,-0.01,-1,-1,-0.01,-1,-1,-0.01,-1,-1,-0.01,-1,-1,-0.01,-1,-1,-0.01,-1,-1,-0.01,-1,-1,-0.01,-1,-1,-0.01,-1,-1
99926009,2026-05-18 12:38:59+05:30,53315.05,0,0.0,0,0.0,0.0,53282.15,53333.0,52783.45,53710.35,0,0.0,0.0,0.0,0.0,-0.01,-1,-1,-0.01,-1,-1,-0.01,-1,-1,-0.01,-1,-1,-0.01,-1,-1,-0.01,-1,-1,-0.01,-1,-1,-0.01,-1,-1,-0.01,-1,-1,-0.01,-1,-1
99926009,2026-05-18 12:39:00+05:30,53315.75,0,0.0,0,0.0,0.0,53282.15,53333.0,52783.45,53710.35,0,0.0,0.0,0.0,0.0,-0.01,-1,-1,-0.01,-1,-1,-0.01,-1,-1,-0.01,-1,-1,-0.01,-1,-1,-0.01,-1,-1,-0.01,-1,-1,-0.01,-1,-1,-0.01,-1,-1,-0.01,-1,-1
99926009,2026-05-18 12:39:00+05:30,53313.7,0,0.0,0,0.0,0.0,53282.15,53333.0,52783.45,53710.35,0,0.0,0.0,0.0,0.0,-0.01,-1,-1,-0.01,-1,-1,-0.01,-1,-1,-0.01,-1,-1,-0.01,-1,-1,-0.01,-1,-1,-0.01,-1,-1,-0.01,-1,-1,-0.01,-1,-1,-0.01,-1,-1
99926009,2026-05-18 12:39:01+05:30,53314.5,0,0.0,0,0.0,0.0,53282.15,53333.0,52783.45,53710.35,0,0.0,0.0,0.0,0.0,-0.01,-1,-1,-0.01,-1,-1,-0.01,-1,-1,-0.01,-1,-1,-0.01,-1,-1,-0.01,-1,-1,-0.01,-1,-1,-0.01,-1,-1,-0.01,-1,-1,-0.01,-1,-1
99926009,2026-05-18 12:39:01+05:30,53312.45,0,0.0,0,0.0,0.0,53282.15,53333.0,52783.45,53710.35,0,0.0,0.0,0.0,0.0,-0.01,-1,-1,-0.01,-1,-1,-0.01,-1,-1,-0.01,-1,-1,-0.01,-1,-1,-0.01,-1,-1,-0.01,-1,-1,-0.01,-1,-1,-0.01,-1,-1,-0.01,-1,-1
99926009,2026-05-18 12:39:02+05:30,53312.9,0,0.0,0,0.0,0.0,53282.15,53333.0,52783.45,53710.35,0,0.0,0.0,0.0,0.0,-0.01,-1,-1,-0.01,-1,-1,-0.01,-1,-1,-0.01,-1,-1,-0.01,-1,-1,-0.01,-1,-1,-0.01,-1,-1,-0.01,-1,-1,-0.01,-1,-1,-0.01,-1,-1
99926009,2026-05-18 12:39:02+05:30,53312.7,0,0.0,0,0.0,0.0,53282.15,53333.0,52783.45,53710.35,0,0.0,0.0,0.0,0.0,-0.01,-1,-1,-0.01,-1,-1,-0.01,-1,-1,-0.01,-1,-1,-0.01,-1,-1,-0.01,-1,-1,-0.01,-1,-1,-0.01,-1,-1,-0.01,-1,-1,-0.01,-1,-1
99926009,2026-05-18 12:39:03+05:30,53312.35,0,0.0,0,0.0,0.0,53282.15,53333.0,52783.45,53710.35,0,0.0,0.0,0.0,0.0,-0.01,-1,-1,-0.01,-1,-1,-0.01,-1,-1,-0.01,-1,-1,-0.01,-1,-1,-0.01,-1,-1,-0.01,-1,-1,-0.01,-1,-1,-0.01,-1,-1,-0.01,-1,-1
99926009,2026-05-18 12:39:03+05:30,53307.55,0,0.0,0,0.0,0.0,53282.15,53333.0,52783.45,53710.35,0,0.0,0.0,0.0,0.0,-0.01,-1,-1,-0.01,-1,-1,-0.01,-1,-1,-0.01,-1,-1,-0.01,-1,-1,-0.01,-1,-1,-0.01,-1,-1,-0.01,-1,-1,-0.01,-1,-1,-0.01,-1,-1
99926009,2026-05-18 12:39:04+05:30,53309.3,0,0.0,0,0.0,0.0,53282.15,53333.0,52783.45,53710.35,0,0.0,0.0,0.0,0.0,-0.01,-1,-1,-0.01,-1,-1,-0.01,-1,-1,-0.01,-1,-1,-0.01,-1,-1,-0.01,-1,-1,-0.01,-1,-1,-0.01,-1,-1,-0.01,-1,-1,-0.01,-1,-1
99926009,2026-05-18 12:39:04+05:30,53311.45,0,0.0,0,0.0,0.0,53282.15,53333.0,52783.45,53710.35,0,0.0,0.0,0.0,0.0,-0.01,-1,-1,-0.01,-1,-1,-0.01,-1,-1,-0.01,-1,-1,-0.01,-1,-1,-0.01,-1,-1,-0.01,-1,-1,-0.01,-1,-1,-0.01,-1,-1,-0.01,-1,-1
99926009,2026-05-18 12:39:05+05:30,53308.0,0,0.0,0,0.0,0.0,53282.15,53333.0,52783.45,53710.35,0,0.0,0.0,0.0,0.0,-0.01,-1,-1,-0.01,-1,-1,-0.01,-1,-1,-0.01,-1,-1,-0.01,-1,-1,-0.01,-1,-1,-0.01,-1,-1,-0.01,-1,-1,-0.01,-1,-1,-0.01,-1,-1
99926009,2026-05-18 12:39:05+05:30,53310.35,0,0.0,0,0.0,0.0,53282.15,53333.0,52783.45,53710.35,0,0.0,0.0,0.0,0.0,-0.01,-1,-1,-0.01,-1,-1,-0.01,-1,-1,-0.01,-1,-1,-0.01,-1,-1,-0.01,-1,-1,-0.01,-1,-1,-0.01,-1,-1,-0.01,-1,-1,-0.01,-1,-1
99926009,2026-05-18 12:39:06+05:30,53310.2,0,0.0,0,0.0,0.0,53282.15,53333.0,52783.45,53710.35,0,0.0,0.0,0.0,0.0,-0.01,-1,-1,-0.01,-1,-1,-0.01,-1,-1,-0.01,-1,-1,-0.01,-1,-1,-0.01,-1,-1,-0.01,-1,-1,-0.01,-1,-1,-0.01,-1,-1,-0.01,-1,-1
99926009,2026-05-18 12:39:06+05:30,53311.8,0,0.0,0,0.0,0.0,53282.15,53333.0,52783.45,53710.35,0,0.0,0.0,0.0,0.0,-0.01,-1,-1,-0.01,-1,-1,-0.01,-1,-1,-0.01,-1,-1,-0.01,-1,-1,-0.01,-1,-1,-0.01,-1,-1,-0.01,-1,-1,-0.01,-1,-1,-0.01,-1,-1
99926009,2026-05-18 12:39:07+05:30,53309.5,0,0.0,0,0.0,0.0,53282.15,53333.0,52783.45,53710.35,0,0.0,0.0,0.0,0.0,-0.01,-1,-1,-0.01,-1,-1,-0.01,-1,-1,-0.01,-1,-1,-0.01,-1,-1,-0.01,-1,-1,-0.01,-1,-1,-0.01,-1,-1,-0.01,-1,-1,-0.01,-1,-1
99926009,2026-05-18 12:39:07+05:30,53311.1,0,0.0,0,0.0,0.0,53282.15,53333.0,52783.45,53710.35,0,0.0,0.0,0.0,0.0,-0.01,-1,-1,-0.01,-1,-1,-0.01,-1,-1,-0.01,-1,-1,-0.01,-1,-1,-0.01,-1,-1,-0.01,-1,-1,-0.01,-1,-1,-0.01,-1,-1,-0.01,-1,-1
99926009,2026-05-18 12:39:08+05:30,53309.15,0,0.0,0,0.0,0.0,53282.15,53333.0,52783.45,53710.35,0,0.0,0.0,0.0,0.0,-0.01,-1,-1,-0.01,-1,-1,-0.01,-1,-1,-0.01,-1,-1,-0.01,-1,-1,-0.01,-1,-1,-0.01,-1,-1,-0.01,-1,-1,-0.01,-1,-1,-0.01,-1,-1
99926009,2026-05-18 12:39:08+05:30,53307.3,0,0.0,0,0.0,0.0,53282.15,53333.0,52783.45,53710.35,0,0.0,0.0,0.0,0.0,-0.01,-1,-1,-0.01,-1,-1,-0.01,-1,-1,-0.01,-1,-1,-0.01,-1,-1,-0.01,-1,-1,-0.01,-1,-1,-0.01,-1,-1,-0.01,-1,-1,-0.01,-1,-1
99926009,2026-05-18 12:39:09+05:30,53308.7,0,0.0,0,0.0,0.0,53282.15,53333.0,52783.45,53710.35,0,0.0,0.0,0.0,0.0,-0.01,-1,-1,-0.01,-1,-1,-0.01,-1,-1,-0.01,-1,-1,-0.01,-1,-1,-0.01,-1,-1,-0.01,-1,-1,-0.01,-1,-1,-0.01,-1,-1,-0.01,-1,-1
99926009,2026-05-18 12:39:09+05:30,53309.8,0,0.0,0,0.0,0.0,53282.15,53333.0,52783.45,53710.35,0,0.0,0.0,0.0,0.0,-0.01,-1,-1,-0.01,-1,-1,-0.01,-1,-1,-0.01,-1,-1,-0.01,-1,-1,-0.01,-1,-1,-0.01,-1,-1,-0.01,-1,-1,-0.01,-1,-1,-0.01,-1,-1
99926009,2026-05-18 12:39:10+05:30,53314.8,0,0.0,0,0.0,0.0,53282.15,53333.0,52783.45,53710.35,0,0.0,0.0,0.0,0.0,-0.01,-1,-1,-0.01,-1,-1,-0.01,-1,-1,-0.01,-1,-1,-0.01,-1,-1,-0.01,-1,-1,-0.01,-1,-1,-0.01,-1,-1,-0.01,-1,-1,-0.01,-1,-1
99926009,2026-05-18 12:39:10+05:30,53313.4,0,0.0,0,0.0,0.0,53282.15,53333.0,52783.45,53710.35,0,0.0,0.0,0.0,0.0,-0.01,-1,-1,-0.01,-1,-1,-0.01,-1,-1,-0.01,-1,-1,-0.01,-1,-1,-0.01,-1,-1,-0.01,-1,-1,-0.01,-1,-1,-0.01,-1,-1,-0.01,-1,-1
99926009,2026-05-18 12:39:11+05:30,53314.55,0,0.0,0,0.0,0.0,53282.15,53333.0,52783.45,53710.35,0,0.0,0.0,0.0,0.0,-0.01,-1,-1,-0.01,-1,-1,-0.01,-1,-1,-0.01,-1,-1,-0.01,-1,-1,-0.01,-1,-1,-0.01,-1,-1,-0.01,-1,-1,-0.01,-1,-1,-0.01,-1,-1
99926009,2026-05-18 12:39:11+05:30,53310.3,0,0.0,0,0.0,0.0,53282.15,53333.0,52783.45,53710.35,0,0.0,0.0,0.0,0.0,-0.01,-1,-1,-0.01,-1,-1,-0.01,-1,-1,-0.01,-1,-1,-0.01,-1,-1,-0.01,-1,-1,-0.01,-1,-1,-0.01,-1,-1,-0.01,-1,-1,-0.01,-1,-1
99926009,2026-05-18 12:39:12+05:30,53311.2,0,0.0,0,0.0,0.0,53282.15,53333.0,52783.45,53710.35,0,0.0,0.0,0.0,0.0,-0.01,-1,-1,-0.01,-1,-1,-0.01,-1,-1,-0.01,-1,-1,-0.01,-1,-1,-0.01,-1,-1,-0.01,-1,-1,-0.01,-1,-1,-0.01,-1,-1,-0.01,-1,-1
99926009,2026-05-18 12:39:12+05:30,53310.65,0,0.0,0,0.0,0.0,53282.15,53333.0,52783.45,53710.35,0,0.0,0.0,0.0,0.0,-0.01,-1,-1,-0.01,-1,-1,-0.01,-1,-1,-0.01,-1,-1,-0.01,-1,-1,-0.01,-1,-1,-0.01,-1,-1,-0.01,-1,-1,-0.01,-1,-1,-0.01,-1,-1
99926009,2026-05-18 12:39:13+05:30,53309.7,0,0.0,0,0.0,0.0,53282.15,53333.0,52783.45,53710.35,0,0.0,0.0,0.0,0.0,-0.01,-1,-1,-0.01,-1,-1,-0.01,-1,-1,-0.01,-1,-1,-0.01,-1,-1,-0.01,-1,-1,-0.01,-1,-1,-0.01,-1,-1,-0.01,-1,-1,-0.01,-1,-1
99926009,2026-05-18 12:39:13+05:30,53309.7,0,0.0,0,0.0,0.0,53282.15,53333.0,52783.45,53710.35,0,0.0,0.0,0.0,0.0,-0.01,-1,-1,-0.01,-1,-1,-0.01,-1,-1,-0.01,-1,-1,-0.01,-1,-1,-0.01,-1,-1,-0.01,-1,-1,-0.01,-1,-1,-0.01,-1,-1,-0.01,-1,-1
99926009,2026-05-18 12:39:14+05:30,53310.2,0,0.0,0,0.0,0.0,53282.15,53333.0,52783.45,53710.35,0,0.0,0.0,0.0,0.0,-0.01,-1,-1,-0.01,-1,-1,-0.01,-1,-1,-0.01,-1,-1,-0.01,-1,-1,-0.01,-1,-1,-0.01,-1,-1,-0.01,-1,-1,-0.01,-1,-1,-0.01,-1,-1
99926009,2026-05-18 12:39:14+05:30,53307.95,0,0.0,0,0.0,0.0,53282.15,53333.0,52783.45,53710.35,0,0.0,0.0,0.0,0.0,-0.01,-1,-1,-0.01,-1,-1,-0.01,-1,-1,-0.01,-1,-1,-0.01,-1,-1,-0.01,-1,-1,-0.01,-1,-1,-0.01,-1,-1,-0.01,-1,-1,-0.01,-1,-1
99926009,2026-05-18 12:39:15+05:30,53309.9,0,0.0,0,0.0,0.0,53282.15,53333.0,52783.45,53710.35,0,0.0,0.0,0.0,0.0,-0.01,-1,-1,-0.01,-1,-1,-0.01,-1,-1,-0.01,-1,-1,-0.01,-1,-1,-0.01,-1,-1,-0.01,-1,-1,-0.01,-1,-1,-0.01,-1,-1,-0.01,-1,-1
99926009,2026-05-18 12:39:15+05:30,53309.25,0,0.0,0,0.0,0.0,53282.15,53333.0,52783.45,53710.35,0,0.0,0.0,0.0,0.0,-0.01,-1,-1,-0.01,-1,-1,-0.01,-1,-1,-0.01,-1,-1,-0.01,-1,-1,-0.01,-1,-1,-0.01,-1,-1,-0.01,-1,-1,-0.01,-1,-1,-0.01,-1,-1
99926009,2026-05-18 12:39:16+05:30,53309.55,0,0.0,0,0.0,0.0,53282.15,53333.0,52783.45,53710.35,0,0.0,0.0,0.0,0.0,-0.01,-1,-1,-0.01,-1,-1,-0.01,-1,-1,-0.01,-1,-1,-0.01,-1,-1,-0.01,-1,-1,-0.01,-1,-1,-0.01,-1,-1,-0.01,-1,-1,-0.01,-1,-1
99926009,2026-05-18 12:39:16+05:30,53308.05,0,0.0,0,0.0,0.0,53282.15,53333.0,52783.45,53710.35,0,0.0,0.0,0.0,0.0,-0.01,-1,-1,-0.01,-1,-1,-0.01,-1,-1,-0.01,-1,-1,-0.01,-1,-1,-0.01,-1,-1,-0.01,-1,-1,-0.01,-1,-1,-0.01,-1,-1,-0.01,-1,-1
99926009,2026-05-18 12:39:17+05:30,53307.9,0,0.0,0,0.0,0.0,53282.15,53333.0,52783.45,53710.35,0,0.0,0.0,0.0,0.0,-0.01,-1,-1,-0.01,-1,-1,-0.01,-1,-1,-0.01,-1,-1,-0.01,-1,-1,-0.01,-1,-1,-0.01,-1,-1,-0.01,-1,-1,-0.01,-1,-1,-0.01,-1,-1
99926009,2026-05-18 12:39:17+05:30,53305.5,0,0.0,0,0.0,0.0,53282.15,53333.0,52783.45,53710.35,0,0.0,0.0,0.0,0.0,-0.01,-1,-1,-0.01,-1,-1,-0.01,-1,-1,-0.01,-1,-1,-0.01,-1,-1,-0.01,-1,-1,-0.01,-1,-1,-0.01,-1,-1,-0.01,-1,-1,-0.01,-1,-1
99926009,2026-05-18 12:39:18+05:30,53310.05,0,0.0,0,0.0,0.0,53282.15,53333.0,52783.45,53710.35,0,0.0,0.0,0.0,0.0,-0.01,-1,-1,-0.01,-1,-1,-0.01,-1,-1,-0.01,-1,-1,-0.01,-1,-1,-0.01,-1,-1,-0.01,-1,-1,-0.01,-1,-1,-0.01,-1,-1,-0.01,-1,-1
99926009,2026-05-18 12:39:18+05:30,53310.75,0,0.0,0,0.0,0.0,53282.15,53333.0,52783.45,53710.35,0,0.0,0.0,0.0,0.0,-0.01,-1,-1,-0.01,-1,-1,-0.01,-1,-1,-0.01,-1,-1,-0.01,-1,-1,-0.01,-1,-1,-0.01,-1,-1,-0.01,-1,-1,-0.01,-1,-1,-0.01,-1,-1
99926009,2026-05-18 12:39:19+05:30,53310.9,0,0.0,0,0.0,0.0,53282.15,53333.0,52783.45,53710.35,0,0.0,0.0,0.0,0.0,-0.01,-1,-1,-0.01,-1,-1,-0.01,-1,-1,-0.01,-1,-1,-0.01,-1,-1,-0.01,-1,-1,-0.01,-1,-1,-0.01,-1,-1,-0.01,-1,-1,-0.01,-1,-1
99926009,2026-05-18 12:39:19+05:30,53309.9,0,0.0,0,0.0,0.0,53282.15,53333.0,52783.45,53710.35,0,0.0,0.0,0.0,0.0,-0.01,-1,-1,-0.01,-1,-1,-0.01,-1,-1,-0.01,-1,-1,-0.01,-1,-1,-0.01,-1,-1,-0.01,-1,-1,-0.01,-1,-1,-0.01,-1,-1,-0.01,-1,-1
99926009,2026-05-18 12:39:20+05:30,53310.25,0,0.0,0,0.0,0.0,53282.15,53333.0,52783.45,53710.35,0,0.0,0.0,0.0,0.0,-0.01,-1,-1,-0.01,-1,-1,-0.01,-1,-1,-0.01,-1,-1,-0.01,-1,-1,-0.01,-1,-1,-0.01,-1,-1,-0.01,-1,-1,-0.01,-1,-1,-0.01,-1,-1
99926009,2026-05-18 12:39:20+05:30,53312.2,0,0.0,0,0.0,0.0,53282.15,53333.0,52783.45,53710.35,0,0.0,0.0,0.0,0.0,-0.01,-1,-1,-0.01,-1,-1,-0.01,-1,-1,-0.01,-1,-1,-0.01,-1,-1,-0.01,-1,-1,-0.01,-1,-1,-0.01,-1,-1,-0.01,-1,-1,-0.01,-1,-1
99926009,2026-05-18 12:39:21+05:30,53311.1,0,0.0,0,0.0,0.0,53282.15,53333.0,52783.45,53710.35,0,0.0,0.0,0.0,0.0,-0.01,-1,-1,-0.01,-1,-1,-0.01,-1,-1,-0.01,-1,-1,-0.01,-1,-1,-0.01,-1,-1,-0.01,-1,-1,-0.01,-1,-1,-0.01,-1,-1,-0.01,-1,-1
99926009,2026-05-18 12:39:21+05:30,53309.9,0,0.0,0,0.0,0.0,53282.15,53333.0,52783.45,53710.35,0,0.0,0.0,0.0,0.0,-0.01,-1,-1,-0.01,-1,-1,-0.01,-1,-1,-0.01,-1,-1,-0.01,-1,-1,-0.01,-1,-1,-0.01,-1,-1,-0.01,-1,-1,-0.01,-1,-1,-0.01,-1,-1
99926009,2026-05-18 12:39:22+05:30,53308.25,0,0.0,0,0.0,0.0,53282.15,53333.0,52783.45,53710.35,0,0.0,0.0,0.0,0.0,-0.01,-1,-1,-0.01,-1,-1,-0.01,-1,-1,-0.01,-1,-1,-0.01,-1,-1,-0.01,-1,-1,-0.01,-1,-1,-0.01,-1,-1,-0.01,-1,-1,-0.01,-1,-1
99926009,2026-05-18 12:39:22+05:30,53308.35,0,0.0,0,0.0,0.0,53282.15,53333.0,52783.45,53710.35,0,0.0,0.0,0.0,0.0,-0.01,-1,-1,-0.01,-1,-1,-0.01,-1,-1,-0.01,-1,-1,-0.01,-1,-1,-0.01,-1,-1,-0.01,-1,-1,-0.01,-1,-1,-0.01,-1,-1,-0.01,-1,-1
99926009,2026-05-18 12:39:23+05:30,53306.85,0,0.0,0,0.0,0.0,53282.15,53333.0,52783.45,53710.35,0,0.0,0.0,0.0,0.0,-0.01,-1,-1,-0.01,-1,-1,-0.01,-1,-1,-0.01,-1,-1,-0.01,-1,-1,-0.01,-1,-1,-0.01,-1,-1,-0.01,-1,-1,-0.01,-1,-1,-0.01,-1,-1
99926009,2026-05-18 12:39:23+05:30,53307.25,0,0.0,0,0.0,0.0,53282.15,53333.0,52783.45,53710.35,0,0.0,0.0,0.0,0.0,-0.01,-1,-1,-0.01,-1,-1,-0.01,-1,-1,-0.01,-1,-1,-0.01,-1,-1,-0.01,-1,-1,-0.01,-1,-1,-0.01,-1,-1,-0.01,-1,-1,-0.01,-1,-1
99926009,2026-05-18 12:39:24+05:30,53307.65,0,0.0,0,0.0,0.0,53282.15,53333.0,52783.45,53710.35,0,0.0,0.0,0.0,0.0,-0.01,-1,-1,-0.01,-1,-1,-0.01,-1,-1,-0.01,-1,-1,-0.01,-1,-1,-0.01,-1,-1,-0.01,-1,-1,-0.01,-1,-1,-0.01,-1,-1,-0.01,-1,-1
99926009,2026-05-18 12:39:24+05:30,53306.9,0,0.0,0,0.0,0.0,53282.15,53333.0,52783.45,53710.35,0,0.0,0.0,0.0,0.0,-0.01,-1,-1,-0.01,-1,-1,-0.01,-1,-1,-0.01,-1,-1,-0.01,-1,-1,-0.01,-1,-1,-0.01,-1,-1,-0.01,-1,-1,-0.01,-1,-1,-0.01,-1,-1
99926009,2026-05-18 12:39:25+05:30,53308.4,0,0.0,0,0.0,0.0,53282.15,53333.0,52783.45,53710.35,0,0.0,0.0,0.0,0.0,-0.01,-1,-1,-0.01,-1,-1,-0.01,-1,-1,-0.01,-1,-1,-0.01,-1,-1,-0.01,-1,-1,-0.01,-1,-1,-0.01,-1,-1,-0.01,-1,-1,-0.01,-1,-1
99926009,2026-05-18 12:39:25+05:30,53308.25,0,0.0,0,0.0,0.0,53282.15,53333.0,52783.45,53710.35,0,0.0,0.0,0.0,0.0,-0.01,-1,-1,-0.01,-1,-1,-0.01,-1,-1,-0.01,-1,-1,-0.01,-1,-1,-0.01,-1,-1,-0.01,-1,-1,-0.01,-1,-1,-0.01,-1,-1,-0.01,-1,-1
99926009,2026-05-18 12:39:26+05:30,53308.9,0,0.0,0,0.0,0.0,53282.15,53333.0,52783.45,53710.35,0,0.0,0.0,0.0,0.0,-0.01,-1,-1,-0.01,-1,-1,-0.01,-1,-1,-0.01,-1,-1,-0.01,-1,-1,-0.01,-1,-1,-0.01,-1,-1,-0.01,-1,-1,-0.01,-1,-1,-0.01,-1,-1
99926009,2026-05-18 12:39:26+05:30,53310.0,0,0.0,0,0.0,0.0,53282.15,53333.0,52783.45,53710.35,0,0.0,0.0,0.0,0.0,-0.01,-1,-1,-0.01,-1,-1,-0.01,-1,-1,-0.01,-1,-1,-0.01,-1,-1,-0.01,-1,-1,-0.01,-1,-1,-0.01,-1,-1,-0.01,-1,-1,-0.01,-1,-1
99926009,2026-05-18 12:39:27+05:30,53309.7,0,0.0,0,0.0,0.0,53282.15,53333.0,52783.45,53710.35,0,0.0,0.0,0.0,0.0,-0.01,-1,-1,-0.01,-1,-1,-0.01,-1,-1,-0.01,-1,-1,-0.01,-1,-1,-0.01,-1,-1,-0.01,-1,-1,-0.01,-1,-1,-0.01,-1,-1,-0.01,-1,-1
99926009,2026-05-18 12:39:27+05:30,53308.0,0,0.0,0,0.0,0.0,53282.15,53333.0,52783.45,53710.35,0,0.0,0.0,0.0,0.0,-0.01,-1,-1,-0.01,-1,-1,-0.01,-1,-1,-0.01,-1,-1,-0.01,-1,-1,-0.01,-1,-1,-0.01,-1,-1,-0.01,-1,-1,-0.01,-1,-1,-0.01,-1,-1
99926009,2026-05-18 12:39:28+05:30,53307.7,0,0.0,0,0.0,0.0,53282.15,53333.0,52783.45,53710.35,0,0.0,0.0,0.0,0.0,-0.01,-1,-1,-0.01,-1,-1,-0.01,-1,-1,-0.01,-1,-1,-0.01,-1,-1,-0.01,-1,-1,-0.01,-1,-1,-0.01,-1,-1,-0.01,-1,-1,-0.01,-1,-1
99926009,2026-05-18 12:39:28+05:30,53308.0,0,0.0,0,0.0,0.0,53282.15,53333.0,52783.45,53710.35,0,0.0,0.0,0.0,0.0,-0.01,-1,-1,-0.01,-1,-1,-0.01,-1,-1,-0.01,-1,-1,-0.01,-1,-1,-0.01,-1,-1,-0.01,-1,-1,-0.01,-1,-1,-0.01,-1,-1,-0.01,-1,-1
99926009,2026-05-18 12:39:29+05:30,53310.55,0,0.0,0,0.0,0.0,53282.15,53333.0,52783.45,53710.35,0,0.0,0.0,0.0,0.0,-0.01,-1,-1,-0.01,-1,-1,-0.01,-1,-1,-0.01,-1,-1,-0.01,-1,-1,-0.01,-1,-1,-0.01,-1,-1,-0.01,-1,-1,-0.01,-1,-1,-0.01,-1,-1
99926009,2026-05-18 12:39:29+05:30,53309.0,0,0.0,0,0.0,0.0,53282.15,53333.0,52783.45,53710.35,0,0.0,0.0,0.0,0.0,-0.01,-1,-1,-0.01,-1,-1,-0.01,-1,-1,-0.01,-1,-1,-0.01,-1,-1,-0.01,-1,-1,-0.01,-1,-1,-0.01,-1,-1,-0.01,-1,-1,-0.01,-1,-1
99926009,2026-05-18 12:39:30+05:30,53311.4,0,0.0,0,0.0,0.0,53282.15,53333.0,52783.45,53710.35,0,0.0,0.0,0.0,0.0,-0.01,-1,-1,-0.01,-1,-1,-0.01,-1,-1,-0.01,-1,-1,-0.01,-1,-1,-0.01,-1,-1,-0.01,-1,-1,-0.01,-1,-1,-0.01,-1,-1,-0.01,-1,-1
99926009,2026-05-18 12:39:30+05:30,53309.75,0,0.0,0,0.0,0.0,53282.15,53333.0,52783.45,53710.35,0,0.0,0.0,0.0,0.0,-0.01,-1,-1,-0.01,-1,-1,-0.01,-1,-1,-0.01,-1,-1,-0.01,-1,-1,-0.01,-1,-1,-0.01,-1,-1,-0.01,-1,-1,-0.01,-1,-1,-0.01,-1,-1
99926009,2026-05-18 12:39:31+05:30,53309.85,0,0.0,0,0.0,0.0,53282.15,53333.0,52783.45,53710.35,0,0.0,0.0,0.0,0.0,-0.01,-1,-1,-0.01,-1,-1,-0.01,-1,-1,-0.01,-1,-1,-0.01,-1,-1,-0.01,-1,-1,-0.01,-1,-1,-0.01,-1,-1,-0.01,-1,-1,-0.01,-1,-1
99926009,2026-05-18 12:39:31+05:30,53311.2,0,0.0,0,0.0,0.0,53282.15,53333.0,52783.45,53710.35,0,0.0,0.0,0.0,0.0,-0.01,-1,-1,-0.01,-1,-1,-0.01,-1,-1,-0.01,-1,-1,-0.01,-1,-1,-0.01,-1,-1,-0.01,-1,-1,-0.01,-1,-1,-0.01,-1,-1,-0.01,-1,-1
99926009,2026-05-18 12:39:32+05:30,53310.05,0,0.0,0,0.0,0.0,53282.15,53333.0,52783.45,53710.35,0,0.0,0.0,0.0,0.0,-0.01,-1,-1,-0.01,-1,-1,-0.01,-1,-1,-0.01,-1,-1,-0.01,-1,-1,-0.01,-1,-1,-0.01,-1,-1,-0.01,-1,-1,-0.01,-1,-1,-0.01,-1,-1
99926009,2026-05-18 12:39:32+05:30,53311.5,0,0.0,0,0.0,0.0,53282.15,53333.0,52783.45,53710.35,0,0.0,0.0,0.0,0.0,-0.01,-1,-1,-0.01,-1,-1,-0.01,-1,-1,-0.01,-1,-1,-0.01,-1,-1,-0.01,-1,-1,-0.01,-1,-1,-0.01,-1,-1,-0.01,-1,-1,-0.01,-1,-1
99926009,2026-05-18 12:39:33+05:30,53310.55,0,0.0,0,0.0,0.0,53282.15,53333.0,52783.45,53710.35,0,0.0,0.0,0.0,0.0,-0.01,-1,-1,-0.01,-1,-1,-0.01,-1,-1,-0.01,-1,-1,-0.01,-1,-1,-0.01,-1,-1,-0.01,-1,-1,-0.01,-1,-1,-0.01,-1,-1,-0.01,-1,-1
99926009,2026-05-18 12:39:33+05:30,53309.4,0,0.0,0,0.0,0.0,53282.15,53333.0,52783.45,53710.35,0,0.0,0.0,0.0,0.0,-0.01,-1,-1,-0.01,-1,-1,-0.01,-1,-1,-0.01,-1,-1,-0.01,-1,-1,-0.01,-1,-1,-0.01,-1,-1,-0.01,-1,-1,-0.01,-1,-1,-0.01,-1,-1
99926009,2026-05-18 12:39:34+05:30,53310.3,0,0.0,0,0.0,0.0,53282.15,53333.0,52783.45,53710.35,0,0.0,0.0,0.0,0.0,-0.01,-1,-1,-0.01,-1,-1,-0.01,-1,-1,-0.01,-1,-1,-0.01,-1,-1,-0.01,-1,-1,-0.01,-1,-1,-0.01,-1,-1,-0.01,-1,-1,-0.01,-1,-1
99926009,2026-05-18 12:39:34+05:30,53309.15,0,0.0,0,0.0,0.0,53282.15,53333.0,52783.45,53710.35,0,0.0,0.0,0.0,0.0,-0.01,-1,-1,-0.01,-1,-1,-0.01,-1,-1,-0.01,-1,-1,-0.01,-1,-1,-0.01,-1,-1,-0.01,-1,-1,-0.01,-1,-1,-0.01,-1,-1,-0.01,-1,-1
99926009,2026-05-18 12:39:35+05:30,53308.3,0,0.0,0,0.0,0.0,53282.15,53333.0,52783.45,53710.35,0,0.0,0.0,0.0,0.0,-0.01,-1,-1,-0.01,-1,-1,-0.01,-1,-1,-0.01,-1,-1,-0.01,-1,-1,-0.01,-1,-1,-0.01,-1,-1,-0.01,-1,-1,-0.01,-1,-1,-0.01,-1,-1
99926009,2026-05-18 12:39:35+05:30,53308.8,0,0.0,0,0.0,0.0,53282.15,53333.0,52783.45,53710.35,0,0.0,0.0,0.0,0.0,-0.01,-1,-1,-0.01,-1,-1,-0.01,-1,-1,-0.01,-1,-1,-0.01,-1,-1,-0.01,-1,-1,-0.01,-1,-1,-0.01,-1,-1,-0.01,-1,-1,-0.01,-1,-1
99926009,2026-05-18 12:39:36+05:30,53309.0,0,0.0,0,0.0,0.0,53282.15,53333.0,52783.45,53710.35,0,0.0,0.0,0.0,0.0,-0.01,-1,-1,-0.01,-1,-1,-0.01,-1,-1,-0.01,-1,-1,-0.01,-1,-1,-0.01,-1,-1,-0.01,-1,-1,-0.01,-1,-1,-0.01,-1,-1,-0.01,-1,-1
99926009,2026-05-18 12:39:36+05:30,53312.85,0,0.0,0,0.0,0.0,53282.15,53333.0,52783.45,53710.35,0,0.0,0.0,0.0,0.0,-0.01,-1,-1,-0.01,-1,-1,-0.01,-1,-1,-0.01,-1,-1,-0.01,-1,-1,-0.01,-1,-1,-0.01,-1,-1,-0.01,-1,-1,-0.01,-1,-1,-0.01,-1,-1
99926009,2026-05-18 12:39:37+05:30,53309.9,0,0.0,0,0.0,0.0,53282.15,53333.0,52783.45,53710.35,0,0.0,0.0,0.0,0.0,-0.01,-1,-1,-0.01,-1,-1,-0.01,-1,-1,-0.01,-1,-1,-0.01,-1,-1,-0.01,-1,-1,-0.01,-1,-1,-0.01,-1,-1,-0.01,-1,-1,-0.01,-1,-1
99926009,2026-05-18 12:39:37+05:30,53310.9,0,0.0,0,0.0,0.0,53282.15,53333.0,52783.45,53710.35,0,0.0,0.0,0.0,0.0,-0.01,-1,-1,-0.01,-1,-1,-0.01,-1,-1,-0.01,-1,-1,-0.01,-1,-1,-0.01,-1,-1,-0.01,-1,-1,-0.01,-1,-1,-0.01,-1,-1,-0.01,-1,-1
99926009,2026-05-18 12:39:38+05:30,53309.35,0,0.0,0,0.0,0.0,53282.15,53333.0,52783.45,53710.35,0,0.0,0.0,0.0,0.0,-0.01,-1,-1,-0.01,-1,-1,-0.01,-1,-1,-0.01,-1,-1,-0.01,-1,-1,-0.01,-1,-1,-0.01,-1,-1,-0.01,-1,-1,-0.01,-1,-1,-0.01,-1,-1
99926009,2026-05-18 12:39:38+05:30,53311.95,0,0.0,0,0.0,0.0,53282.15,53333.0,52783.45,53710.35,0,0.0,0.0,0.0,0.0,-0.01,-1,-1,-0.01,-1,-1,-0.01,-1,-1,-0.01,-1,-1,-0.01,-1,-1,-0.01,-1,-1,-0.01,-1,-1,-0.01,-1,-1,-0.01,-1,-1,-0.01,-1,-1
99926009,2026-05-18 12:39:39+05:30,53312.1,0,0.0,0,0.0,0.0,53282.15,53333.0,52783.45,53710.35,0,0.0,0.0,0.0,0.0,-0.01,-1,-1,-0.01,-1,-1,-0.01,-1,-1,-0.01,-1,-1,-0.01,-1,-1,-0.01,-1,-1,-0.01,-1,-1,-0.01,-1,-1,-0.01,-1,-1,-0.01,-1,-1
99926009,2026-05-18 12:39:39+05:30,53313.85,0,0.0,0,0.0,0.0,53282.15,53333.0,52783.45,53710.35,0,0.0,0.0,0.0,0.0,-0.01,-1,-1,-0.01,-1,-1,-0.01,-1,-1,-0.01,-1,-1,-0.01,-1,-1,-0.01,-1,-1,-0.01,-1,-1,-0.01,-1,-1,-0.01,-1,-1,-0.01,-1,-1
99926009,2026-05-18 12:39:40+05:30,53312.85,0,0.0,0,0.0,0.0,53282.15,53333.0,52783.45,53710.35,0,0.0,0.0,0.0,0.0,-0.01,-1,-1,-0.01,-1,-1,-0.01,-1,-1,-0.01,-1,-1,-0.01,-1,-1,-0.01,-1,-1,-0.01,-1,-1,-0.01,-1,-1,-0.01,-1,-1,-0.01,-1,-1
99926009,2026-05-18 12:39:40+05:30,53309.5,0,0.0,0,0.0,0.0,53282.15,53333.0,52783.45,53710.35,0,0.0,0.0,0.0,0.0,-0.01,-1,-1,-0.01,-1,-1,-0.01,-1,-1,-0.01,-1,-1,-0.01,-1,-1,-0.01,-1,-1,-0.01,-1,-1,-0.01,-1,-1,-0.01,-1,-1,-0.01,-1,-1
99926009,2026-05-18 12:39:41+05:30,53311.45,0,0.0,0,0.0,0.0,53282.15,53333.0,52783.45,53710.35,0,0.0,0.0,0.0,0.0,-0.01,-1,-1,-0.01,-1,-1,-0.01,-1,-1,-0.01,-1,-1,-0.01,-1,-1,-0.01,-1,-1,-0.01,-1,-1,-0.01,-1,-1,-0.01,-1,-1,-0.01,-1,-1
99926009,2026-05-18 12:39:41+05:30,53310.65,0,0.0,0,0.0,0.0,53282.15,53333.0,52783.45,53710.35,0,0.0,0.0,0.0,0.0,-0.01,-1,-1,-0.01,-1,-1,-0.01,-1,-1,-0.01,-1,-1,-0.01,-1,-1,-0.01,-1,-1,-0.01,-1,-1,-0.01,-1,-1,-0.01,-1,-1,-0.01,-1,-1
99926009,2026-05-18 12:39:42+05:30,53311.2,0,0.0,0,0.0,0.0,53282.15,53333.0,52783.45,53710.35,0,0.0,0.0,0.0,0.0,-0.01,-1,-1,-0.01,-1,-1,-0.01,-1,-1,-0.01,-1,-1,-0.01,-1,-1,-0.01,-1,-1,-0.01,-1,-1,-0.01,-1,-1,-0.01,-1,-1,-0.01,-1,-1
99926009,2026-05-18 12:39:42+05:30,53308.55,0,0.0,0,0.0,0.0,53282.15,53333.0,52783.45,53710.35,0,0.0,0.0,0.0,0.0,-0.01,-1,-1,-0.01,-1,-1,-0.01,-1,-1,-0.01,-1,-1,-0.01,-1,-1,-0.01,-1,-1,-0.01,-1,-1,-0.01,-1,-1,-0.01,-1,-1,-0.01,-1,-1
99926009,2026-05-18 12:39:43+05:30,53309.6,0,0.0,0,0.0,0.0,53282.15,53333.0,52783.45,53710.35,0,0.0,0.0,0.0,0.0,-0.01,-1,-1,-0.01,-1,-1,-0.01,-1,-1,-0.01,-1,-1,-0.01,-1,-1,-0.01,-1,-1,-0.01,-1,-1,-0.01,-1,-1,-0.01,-1,-1,-0.01,-1,-1
99926009,2026-05-18 12:39:43+05:30,53309.15,0,0.0,0,0.0,0.0,53282.15,53333.0,52783.45,53710.35,0,0.0,0.0,0.0,0.0,-0.01,-1,-1,-0.01,-1,-1,-0.01,-1,-1,-0.01,-1,-1,-0.01,-1,-1,-0.01,-1,-1,-0.01,-1,-1,-0.01,-1,-1,-0.01,-1,-1,-0.01,-1,-1
99926009,2026-05-18 12:39:44+05:30,53308.65,0,0.0,0,0.0,0.0,53282.15,53333.0,52783.45,53710.35,0,0.0,0.0,0.0,0.0,-0.01,-1,-1,-0.01,-1,-1,-0.01,-1,-1,-0.01,-1,-1,-0.01,-1,-1,-0.01,-1,-1,-0.01,-1,-1,-0.01,-1,-1,-0.01,-1,-1,-0.01,-1,-1
99926009,2026-05-18 12:39:44+05:30,53307.9,0,0.0,0,0.0,0.0,53282.15,53333.0,52783.45,53710.35,0,0.0,0.0,0.0,0.0,-0.01,-1,-1,-0.01,-1,-1,-0.01,-1,-1,-0.01,-1,-1,-0.01,-1,-1,-0.01,-1,-1,-0.01,-1,-1,-0.01,-1,-1,-0.01,-1,-1,-0.01,-1,-1
99926009,2026-05-18 12:39:45+05:30,53309.5,0,0.0,0,0.0,0.0,53282.15,53333.0,52783.45,53710.35,0,0.0,0.0,0.0,0.0,-0.01,-1,-1,-0.01,-1,-1,-0.01,-1,-1,-0.01,-1,-1,-0.01,-1,-1,-0.01,-1,-1,-0.01,-1,-1,-0.01,-1,-1,-0.01,-1,-1,-0.01,-1,-1
99926009,2026-05-18 12:39:45+05:30,53309.4,0,0.0,0,0.0,0.0,53282.15,53333.0,52783.45,53710.35,0,0.0,0.0,0.0,0.0,-0.01,-1,-1,-0.01,-1,-1,-0.01,-1,-1,-0.01,-1,-1,-0.01,-1,-1,-0.01,-1,-1,-0.01,-1,-1,-0.01,-1,-1,-0.01,-1,-1,-0.01,-1,-1
99926009,2026-05-18 12:39:46+05:30,53303.95,0,0.0,0,0.0,0.0,53282.15,53333.0,52783.45,53710.35,0,0.0,0.0,0.0,0.0,-0.01,-1,-1,-0.01,-1,-1,-0.01,-1,-1,-0.01,-1,-1,-0.01,-1,-1,-0.01,-1,-1,-0.01,-1,-1,-0.01,-1,-1,-0.01,-1,-1,-0.01,-1,-1
99926009,2026-05-18 12:39:46+05:30,53299.45,0,0.0,0,0.0,0.0,53282.15,53333.0,52783.45,53710.35,0,0.0,0.0,0.0,0.0,-0.01,-1,-1,-0.01,-1,-1,-0.01,-1,-1,-0.01,-1,-1,-0.01,-1,-1,-0.01,-1,-1,-0.01,-1,-1,-0.01,-1,-1,-0.01,-1,-1,-0.01,-1,-1
99926009,2026-05-18 12:39:47+05:30,53300.35,0,0.0,0,0.0,0.0,53282.15,53333.0,52783.45,53710.35,0,0.0,0.0,0.0,0.0,-0.01,-1,-1,-0.01,-1,-1,-0.01,-1,-1,-0.01,-1,-1,-0.01,-1,-1,-0.01,-1,-1,-0.01,-1,-1,-0.01,-1,-1,-0.01,-1,-1,-0.01,-1,-1
99926009,2026-05-18 12:39:47+05:30,53300.65,0,0.0,0,0.0,0.0,53282.15,53333.0,52783.45,53710.35,0,0.0,0.0,0.0,0.0,-0.01,-1,-1,-0.01,-1,-1,-0.01,-1,-1,-0.01,-1,-1,-0.01,-1,-1,-0.01,-1,-1,-0.01,-1,-1,-0.01,-1,-1,-0.01,-1,-1,-0.01,-1,-1
99926009,2026-05-18 12:39:48+05:30,53302.65,0,0.0,0,0.0,0.0,53282.15,53333.0,52783.45,53710.35,0,0.0,0.0,0.0,0.0,-0.01,-1,-1,-0.01,-1,-1,-0.01,-1,-1,-0.01,-1,-1,-0.01,-1,-1,-0.01,-1,-1,-0.01,-1,-1,-0.01,-1,-1,-0.01,-1,-1,-0.01,-1,-1
99926009,2026-05-18 12:39:48+05:30,53301.0,0,0.0,0,0.0,0.0,53282.15,53333.0,52783.45,53710.35,0,0.0,0.0,0.0,0.0,-0.01,-1,-1,-0.01,-1,-1,-0.01,-1,-1,-0.01,-1,-1,-0.01,-1,-1,-0.01,-1,-1,-0.01,-1,-1,-0.01,-1,-1,-0.01,-1,-1,-0.01,-1,-1
99926009,2026-05-18 12:39:49+05:30,53301.05,0,0.0,0,0.0,0.0,53282.15,53333.0,52783.45,53710.35,0,0.0,0.0,0.0,0.0,-0.01,-1,-1,-0.01,-1,-1,-0.01,-1,-1,-0.01,-1,-1,-0.01,-1,-1,-0.01,-1,-1,-0.01,-1,-1,-0.01,-1,-1,-0.01,-1,-1,-0.01,-1,-1
99926009,2026-05-18 12:39:49+05:30,53300.95,0,0.0,0,0.0,0.0,53282.15,53333.0,52783.45,53710.35,0,0.0,0.0,0.0,0.0,-0.01,-1,-1,-0.01,-1,-1,-0.01,-1,-1,-0.01,-1,-1,-0.01,-1,-1,-0.01,-1,-1,-0.01,-1,-1,-0.01,-1,-1,-0.01,-1,-1,-0.01,-1,-1
99926009,2026-05-18 12:39:50+05:30,53302.95,0,0.0,0,0.0,0.0,53282.15,53333.0,52783.45,53710.35,0,0.0,0.0,0.0,0.0,-0.01,-1,-1,-0.01,-1,-1,-0.01,-1,-1,-0.01,-1,-1,-0.01,-1,-1,-0.01,-1,-1,-0.01,-1,-1,-0.01,-1,-1,-0.01,-1,-1,-0.01,-1,-1
99926009,2026-05-18 12:39:50+05:30,53298.8,0,0.0,0,0.0,0.0,53282.15,53333.0,52783.45,53710.35,0,0.0,0.0,0.0,0.0,-0.01,-1,-1,-0.01,-1,-1,-0.01,-1,-1,-0.01,-1,-1,-0.01,-1,-1,-0.01,-1,-1,-0.01,-1,-1,-0.01,-1,-1,-0.01,-1,-1,-0.01,-1,-1
99926009,2026-05-18 12:39:51+05:30,53301.25,0,0.0,0,0.0,0.0,53282.15,53333.0,52783.45,53710.35,0,0.0,0.0,0.0,0.0,-0.01,-1,-1,-0.01,-1,-1,-0.01,-1,-1,-0.01,-1,-1,-0.01,-1,-1,-0.01,-1,-1,-0.01,-1,-1,-0.01,-1,-1,-0.01,-1,-1,-0.01,-1,-1
99926009,2026-05-18 12:39:51+05:30,53303.0,0,0.0,0,0.0,0.0,53282.15,53333.0,52783.45,53710.35,0,0.0,0.0,0.0,0.0,-0.01,-1,-1,-0.01,-1,-1,-0.01,-1,-1,-0.01,-1,-1,-0.01,-1,-1,-0.01,-1,-1,-0.01,-1,-1,-0.01,-1,-1,-0.01,-1,-1,-0.01,-1,-1
99926009,2026-05-18 12:39:52+05:30,53300.85,0,0.0,0,0.0,0.0,53282.15,53333.0,52783.45,53710.35,0,0.0,0.0,0.0,0.0,-0.01,-1,-1,-0.01,-1,-1,-0.01,-1,-1,-0.01,-1,-1,-0.01,-1,-1,-0.01,-1,-1,-0.01,-1,-1,-0.01,-1,-1,-0.01,-1,-1,-0.01,-1,-1
99926009,2026-05-18 12:39:52+05:30,53298.6,0,0.0,0,0.0,0.0,53282.15,53333.0,52783.45,53710.35,0,0.0,0.0,0.0,0.0,-0.01,-1,-1,-0.01,-1,-1,-0.01,-1,-1,-0.01,-1,-1,-0.01,-1,-1,-0.01,-1,-1,-0.01,-1,-1,-0.01,-1,-1,-0.01,-1,-1,-0.01,-1,-1
99926009,2026-05-18 12:39:53+05:30,53300.35,0,0.0,0,0.0,0.0,53282.15,53333.0,52783.45,53710.35,0,0.0,0.0,0.0,0.0,-0.01,-1,-1,-0.01,-1,-1,-0.01,-1,-1,-0.01,-1,-1,-0.01,-1,-1,-0.01,-1,-1,-0.01,-1,-1,-0.01,-1,-1,-0.01,-1,-1,-0.01,-1,-1
99926009,2026-05-18 12:39:53+05:30,53300.9,0,0.0,0,0.0,0.0,53282.15,53333.0,52783.45,53710.35,0,0.0,0.0,0.0,0.0,-0.01,-1,-1,-0.01,-1,-1,-0.01,-1,-1,-0.01,-1,-1,-0.01,-1,-1,-0.01,-1,-1,-0.01,-1,-1,-0.01,-1,-1,-0.01,-1,-1,-0.01,-1,-1
99926009,2026-05-18 12:39:54+05:30,53300.45,0,0.0,0,0.0,0.0,53282.15,53333.0,52783.45,53710.35,0,0.0,0.0,0.0,0.0,-0.01,-1,-1,-0.01,-1,-1,-0.01,-1,-1,-0.01,-1,-1,-0.01,-1,-1,-0.01,-1,-1,-0.01,-1,-1,-0.01,-1,-1,-0.01,-1,-1,-0.01,-1,-1
99926009,2026-05-18 12:39:54+05:30,53300.75,0,0.0,0,0.0,0.0,53282.15,53333.0,52783.45,53710.35,0,0.0,0.0,0.0,0.0,-0.01,-1,-1,-0.01,-1,-1,-0.01,-1,-1,-0.01,-1,-1,-0.01,-1,-1,-0.01,-1,-1,-0.01,-1,-1,-0.01,-1,-1,-0.01,-1,-1,-0.01,-1,-1
99926009,2026-05-18 12:39:55+05:30,53300.75,0,0.0,0,0.0,0.0,53282.15,53333.0,52783.45,53710.35,0,0.0,0.0,0.0,0.0,-0.01,-1,-1,-0.01,-1,-1,-0.01,-1,-1,-0.01,-1,-1,-0.01,-1,-1,-0.01,-1,-1,-0.01,-1,-1,-0.01,-1,-1,-0.01,-1,-1,-0.01,-1,-1
99926009,2026-05-18 12:39:55+05:30,53300.75,0,0.0,0,0.0,0.0,53282.15,53333.0,52783.45,53710.35,0,0.0,0.0,0.0,0.0,-0.01,-1,-1,-0.01,-1,-1,-0.01,-1,-1,-0.01,-1,-1,-0.01,-1,-1,-0.01,-1,-1,-0.01,-1,-1,-0.01,-1,-1,-0.01,-1,-1,-0.01,-1,-1
99926009,2026-05-18 12:39:56+05:30,53300.9,0,0.0,0,0.0,0.0,53282.15,53333.0,52783.45,53710.35,0,0.0,0.0,0.0,0.0,-0.01,-1,-1,-0.01,-1,-1,-0.01,-1,-1,-0.01,-1,-1,-0.01,-1,-1,-0.01,-1,-1,-0.01,-1,-1,-0.01,-1,-1,-0.01,-1,-1,-0.01,-1,-1
99926009,2026-05-18 12:39:56+05:30,53300.55,0,0.0,0,0.0,0.0,53282.15,53333.0,52783.45,53710.35,0,0.0,0.0,0.0,0.0,-0.01,-1,-1,-0.01,-1,-1,-0.01,-1,-1,-0.01,-1,-1,-0.01,-1,-1,-0.01,-1,-1,-0.01,-1,-1,-0.01,-1,-1,-0.01,-1,-1,-0.01,-1,-1
99926009,2026-05-18 12:39:57+05:30,53299.95,0,0.0,0,0.0,0.0,53282.15,53333.0,52783.45,53710.35,0,0.0,0.0,0.0,0.0,-0.01,-1,-1,-0.01,-1,-1,-0.01,-1,-1,-0.01,-1,-1,-0.01,-1,-1,-0.01,-1,-1,-0.01,-1,-1,-0.01,-1,-1,-0.01,-1,-1,-0.01,-1,-1
99926009,2026-05-18 12:39:57+05:30,53299.7,0,0.0,0,0.0,0.0,53282.15,53333.0,52783.45,53710.35,0,0.0,0.0,0.0,0.0,-0.01,-1,-1,-0.01,-1,-1,-0.01,-1,-1,-0.01,-1,-1,-0.01,-1,-1,-0.01,-1,-1,-0.01,-1,-1,-0.01,-1,-1,-0.01,-1,-1,-0.01,-1,-1
99926009,2026-05-18 12:39:58+05:30,53299.65,0,0.0,0,0.0,0.0,53282.15,53333.0,52783.45,53710.35,0,0.0,0.0,0.0,0.0,-0.01,-1,-1,-0.01,-1,-1,-0.01,-1,-1,-0.01,-1,-1,-0.01,-1,-1,-0.01,-1,-1,-0.01,-1,-1,-0.01,-1,-1,-0.01,-1,-1,-0.01,-1,-1
99926009,2026-05-18 12:39:58+05:30,53298.8,0,0.0,0,0.0,0.0,53282.15,53333.0,52783.45,53710.35,0,0.0,0.0,0.0,0.0,-0.01,-1,-1,-0.01,-1,-1,-0.01,-1,-1,-0.01,-1,-1,-0.01,-1,-1,-0.01,-1,-1,-0.01,-1,-1,-0.01,-1,-1,-0.01,-1,-1,-0.01,-1,-1
99926009,2026-05-18 12:39:59+05:30,53299.95,0,0.0,0,0.0,0.0,53282.15,53333.0,52783.45,53710.35,0,0.0,0.0,0.0,0.0,-0.01,-1,-1,-0.01,-1,-1,-0.01,-1,-1,-0.01,-1,-1,-0.01,-1,-1,-0.01,-1,-1,-0.01,-1,-1,-0.01,-1,-1,-0.01,-1,-1,-0.01,-1,-1
99926009,2026-05-18 12:39:59+05:30,53299.75,0,0.0,0,0.0,0.0,53282.15,53333.0,52783.45,53710.35,0,0.0,0.0,0.0,0.0,-0.01,-1,-1,-0.01,-1,-1,-0.01,-1,-1,-0.01,-1,-1,-0.01,-1,-1,-0.01,-1,-1,-0.01,-1,-1,-0.01,-1,-1,-0.01,-1,-1,-0.01,-1,-1
99926009,2026-05-18 12:40:00+05:30,53300.65,0,0.0,0,0.0,0.0,53282.15,53333.0,52783.45,53710.35,0,0.0,0.0,0.0,0.0,-0.01,-1,-1,-0.01,-1,-1,-0.01,-1,-1,-0.01,-1,-1,-0.01,-1,-1,-0.01,-1,-1,-0.01,-1,-1,-0.01,-1,-1,-0.01,-1,-1,-0.01,-1,-1
99926009,2026-05-18 12:40:00+05:30,53296.55,0,0.0,0,0.0,0.0,53282.15,53333.0,52783.45,53710.35,0,0.0,0.0,0.0,0.0,-0.01,-1,-1,-0.01,-1,-1,-0.01,-1,-1,-0.01,-1,-1,-0.01,-1,-1,-0.01,-1,-1,-0.01,-1,-1,-0.01,-1,-1,-0.01,-1,-1,-0.01,-1,-1
99926009,2026-05-18 12:40:01+05:30,53296.5,0,0.0,0,0.0,0.0,53282.15,53333.0,52783.45,53710.35,0,0.0,0.0,0.0,0.0,-0.01,-1,-1,-0.01,-1,-1,-0.01,-1,-1,-0.01,-1,-1,-0.01,-1,-1,-0.01,-1,-1,-0.01,-1,-1,-0.01,-1,-1,-0.01,-1,-1,-0.01,-1,-1
99926009,2026-05-18 12:40:01+05:30,53294.3,0,0.0,0,0.0,0.0,53282.15,53333.0,52783.45,53710.35,0,0.0,0.0,0.0,0.0,-0.01,-1,-1,-0.01,-1,-1,-0.01,-1,-1,-0.01,-1,-1,-0.01,-1,-1,-0.01,-1,-1,-0.01,-1,-1,-0.01,-1,-1,-0.01,-1,-1,-0.01,-1,-1
99926009,2026-05-18 12:40:02+05:30,53295.05,0,0.0,0,0.0,0.0,53282.15,53333.0,52783.45,53710.35,0,0.0,0.0,0.0,0.0,-0.01,-1,-1,-0.01,-1,-1,-0.01,-1,-1,-0.01,-1,-1,-0.01,-1,-1,-0.01,-1,-1,-0.01,-1,-1,-0.01,-1,-1,-0.01,-1,-1,-0.01,-1,-1
99926009,2026-05-18 12:40:02+05:30,53276.75,0,0.0,0,0.0,0.0,53282.15,53333.0,52783.45,53710.35,0,0.0,0.0,0.0,0.0,-0.01,-1,-1,-0.01,-1,-1,-0.01,-1,-1,-0.01,-1,-1,-0.01,-1,-1,-0.01,-1,-1,-0.01,-1,-1,-0.01,-1,-1,-0.01,-1,-1,-0.01,-1,-1
99926009,2026-05-18 12:40:03+05:30,53275.2,0,0.0,0,0.0,0.0,53282.15,53333.0,52783.45,53710.35,0,0.0,0.0,0.0,0.0,-0.01,-1,-1,-0.01,-1,-1,-0.01,-1,-1,-0.01,-1,-1,-0.01,-1,-1,-0.01,-1,-1,-0.01,-1,-1,-0.01,-1,-1,-0.01,-1,-1,-0.01,-1,-1
99926009,2026-05-18 12:40:03+05:30,53268.2,0,0.0,0,0.0,0.0,53282.15,53333.0,52783.45,53710.35,0,0.0,0.0,0.0,0.0,-0.01,-1,-1,-0.01,-1,-1,-0.01,-1,-1,-0.01,-1,-1,-0.01,-1,-1,-0.01,-1,-1,-0.01,-1,-1,-0.01,-1,-1,-0.01,-1,-1,-0.01,-1,-1
99926009,2026-05-18 12:40:04+05:30,53270.95,0,0.0,0,0.0,0.0,53282.15,53333.0,52783.45,53710.35,0,0.0,0.0,0.0,0.0,-0.01,-1,-1,-0.01,-1,-1,-0.01,-1,-1,-0.01,-1,-1,-0.01,-1,-1,-0.01,-1,-1,-0.01,-1,-1,-0.01,-1,-1,-0.01,-1,-1,-0.01,-1,-1
99926009,2026-05-18 12:40:04+05:30,53269.1,0,0.0,0,0.0,0.0,53282.15,53333.0,52783.45,53710.35,0,0.0,0.0,0.0,0.0,-0.01,-1,-1,-0.01,-1,-1,-0.01,-1,-1,-0.01,-1,-1,-0.01,-1,-1,-0.01,-1,-1,-0.01,-1,-1,-0.01,-1,-1,-0.01,-1,-1,-0.01,-1,-1
99926009,2026-05-18 12:40:05+05:30,53265.55,0,0.0,0,0.0,0.0,53282.15,53333.0,52783.45,53710.35,0,0.0,0.0,0.0,0.0,-0.01,-1,-1,-0.01,-1,-1,-0.01,-1,-1,-0.01,-1,-1,-0.01,-1,-1,-0.01,-1,-1,-0.01,-1,-1,-0.01,-1,-1,-0.01,-1,-1,-0.01,-1,-1
99926009,2026-05-18 12:40:05+05:30,53268.85,0,0.0,0,0.0,0.0,53282.15,53333.0,52783.45,53710.35,0,0.0,0.0,0.0,0.0,-0.01,-1,-1,-0.01,-1,-1,-0.01,-1,-1,-0.01,-1,-1,-0.01,-1,-1,-0.01,-1,-1,-0.01,-1,-1,-0.01,-1,-1,-0.01,-1,-1,-0.01,-1,-1
99926009,2026-05-18 12:40:06+05:30,53270.1,0,0.0,0,0.0,0.0,53282.15,53333.0,52783.45,53710.35,0,0.0,0.0,0.0,0.0,-0.01,-1,-1,-0.01,-1,-1,-0.01,-1,-1,-0.01,-1,-1,-0.01,-1,-1,-0.01,-1,-1,-0.01,-1,-1,-0.01,-1,-1,-0.01,-1,-1,-0.01,-1,-1
99926009,2026-05-18 12:40:06+05:30,53269.7,0,0.0,0,0.0,0.0,53282.15,53333.0,52783.45,53710.35,0,0.0,0.0,0.0,0.0,-0.01,-1,-1,-0.01,-1,-1,-0.01,-1,-1,-0.01,-1,-1,-0.01,-1,-1,-0.01,-1,-1,-0.01,-1,-1,-0.01,-1,-1,-0.01,-1,-1,-0.01,-1,-1
99926009,2026-05-18 12:40:07+05:30,53264.15,0,0.0,0,0.0,0.0,53282.15,53333.0,52783.45,53710.35,0,0.0,0.0,0.0,0.0,-0.01,-1,-1,-0.01,-1,-1,-0.01,-1,-1,-0.01,-1,-1,-0.01,-1,-1,-0.01,-1,-1,-0.01,-1,-1,-0.01,-1,-1,-0.01,-1,-1,-0.01,-1,-1
99926009,2026-05-18 12:40:07+05:30,53268.9,0,0.0,0,0.0,0.0,53282.15,53333.0,52783.45,53710.35,0,0.0,0.0,0.0,0.0,-0.01,-1,-1,-0.01,-1,-1,-0.01,-1,-1,-0.01,-1,-1,-0.01,-1,-1,-0.01,-1,-1,-0.01,-1,-1,-0.01,-1,-1,-0.01,-1,-1,-0.01,-1,-1
99926009,2026-05-18 12:40:08+05:30,53269.95,0,0.0,0,0.0,0.0,53282.15,53333.0,52783.45,53710.35,0,0.0,0.0,0.0,0.0,-0.01,-1,-1,-0.01,-1,-1,-0.01,-1,-1,-0.01,-1,-1,-0.01,-1,-1,-0.01,-1,-1,-0.01,-1,-1,-0.01,-1,-1,-0.01,-1,-1,-0.01,-1,-1
99926009,2026-05-18 12:40:08+05:30,53270.25,0,0.0,0,0.0,0.0,53282.15,53333.0,52783.45,53710.35,0,0.0,0.0,0.0,0.0,-0.01,-1,-1,-0.01,-1,-1,-0.01,-1,-1,-0.01,-1,-1,-0.01,-1,-1,-0.01,-1,-1,-0.01,-1,-1,-0.01,-1,-1,-0.01,-1,-1,-0.01,-1,-1
99926009,2026-05-18 12:40:09+05:30,53269.25,0,0.0,0,0.0,0.0,53282.15,53333.0,52783.45,53710.35,0,0.0,0.0,0.0,0.0,-0.01,-1,-1,-0.01,-1,-1,-0.01,-1,-1,-0.01,-1,-1,-0.01,-1,-1,-0.01,-1,-1,-0.01,-1,-1,-0.01,-1,-1,-0.01,-1,-1,-0.01,-1,-1
99926009,2026-05-18 12:40:09+05:30,53269.85,0,0.0,0,0.0,0.0,53282.15,53333.0,52783.45,53710.35,0,0.0,0.0,0.0,0.0,-0.01,-1,-1,-0.01,-1,-1,-0.01,-1,-1,-0.01,-1,-1,-0.01,-1,-1,-0.01,-1,-1,-0.01,-1,-1,-0.01,-1,-1,-0.01,-1,-1,-0.01,-1,-1
99926009,2026-05-18 12:40:10+05:30,53268.35,0,0.0,0,0.0,0.0,53282.15,53333.0,52783.45,53710.35,0,0.0,0.0,0.0,0.0,-0.01,-1,-1,-0.01,-1,-1,-0.01,-1,-1,-0.01,-1,-1,-0.01,-1,-1,-0.01,-1,-1,-0.01,-1,-1,-0.01,-1,-1,-0.01,-1,-1,-0.01,-1,-1
99926009,2026-05-18 12:40:10+05:30,53262.65,0,0.0,0,0.0,0.0,53282.15,53333.0,52783.45,53710.35,0,0.0,0.0,0.0,0.0,-0.01,-1,-1,-0.01,-1,-1,-0.01,-1,-1,-0.01,-1,-1,-0.01,-1,-1,-0.01,-1,-1,-0.01,-1,-1,-0.01,-1,-1,-0.01,-1,-1,-0.01,-1,-1
99926009,2026-05-18 12:40:11+05:30,53268.95,0,0.0,0,0.0,0.0,53282.15,53333.0,52783.45,53710.35,0,0.0,0.0,0.0,0.0,-0.01,-1,-1,-0.01,-1,-1,-0.01,-1,-1,-0.01,-1,-1,-0.01,-1,-1,-0.01,-1,-1,-0.01,-1,-1,-0.01,-1,-1,-0.01,-1,-1,-0.01,-1,-1
99926009,2026-05-18 12:40:11+05:30,53268.1,0,0.0,0,0.0,0.0,53282.15,53333.0,52783.45,53710.35,0,0.0,0.0,0.0,0.0,-0.01,-1,-1,-0.01,-1,-1,-0.01,-1,-1,-0.01,-1,-1,-0.01,-1,-1,-0.01,-1,-1,-0.01,-1,-1,-0.01,-1,-1,-0.01,-1,-1,-0.01,-1,-1
99926009,2026-05-18 12:40:12+05:30,53275.75,0,0.0,0,0.0,0.0,53282.15,53333.0,52783.45,53710.35,0,0.0,0.0,0.0,0.0,-0.01,-1,-1,-0.01,-1,-1,-0.01,-1,-1,-0.01,-1,-1,-0.01,-1,-1,-0.01,-1,-1,-0.01,-1,-1,-0.01,-1,-1,-0.01,-1,-1,-0.01,-1,-1
99926009,2026-05-18 12:40:12+05:30,53272.3,0,0.0,0,0.0,0.0,53282.15,53333.0,52783.45,53710.35,0,0.0,0.0,0.0,0.0,-0.01,-1,-1,-0.01,-1,-1,-0.01,-1,-1,-0.01,-1,-1,-0.01,-1,-1,-0.01,-1,-1,-0.01,-1,-1,-0.01,-1,-1,-0.01,-1,-1,-0.01,-1,-1
99926009,2026-05-18 12:40:13+05:30,53268.95,0,0.0,0,0.0,0.0,53282.15,53333.0,52783.45,53710.35,0,0.0,0.0,0.0,0.0,-0.01,-1,-1,-0.01,-1,-1,-0.01,-1,-1,-0.01,-1,-1,-0.01,-1,-1,-0.01,-1,-1,-0.01,-1,-1,-0.01,-1,-1,-0.01,-1,-1,-0.01,-1,-1
99926009,2026-05-18 12:40:13+05:30,53268.35,0,0.0,0,0.0,0.0,53282.15,53333.0,52783.45,53710.35,0,0.0,0.0,0.0,0.0,-0.01,-1,-1,-0.01,-1,-1,-0.01,-1,-1,-0.01,-1,-1,-0.01,-1,-1,-0.01,-1,-1,-0.01,-1,-1,-0.01,-1,-1,-0.01,-1,-1,-0.01,-1,-1
99926009,2026-05-18 12:40:14+05:30,53266.55,0,0.0,0,0.0,0.0,53282.15,53333.0,52783.45,53710.35,0,0.0,0.0,0.0,0.0,-0.01,-1,-1,-0.01,-1,-1,-0.01,-1,-1,-0.01,-1,-1,-0.01,-1,-1,-0.01,-1,-1,-0.01,-1,-1,-0.01,-1,-1,-0.01,-1,-1,-0.01,-1,-1
99926009,2026-05-18 12:40:14+05:30,53267.15,0,0.0,0,0.0,0.0,53282.15,53333.0,52783.45,53710.35,0,0.0,0.0,0.0,0.0,-0.01,-1,-1,-0.01,-1,-1,-0.01,-1,-1,-0.01,-1,-1,-0.01,-1,-1,-0.01,-1,-1,-0.01,-1,-1,-0.01,-1,-1,-0.01,-1,-1,-0.01,-1,-1
99926009,2026-05-18 12:40:15+05:30,53274.8,0,0.0,0,0.0,0.0,53282.15,53333.0,52783.45,53710.35,0,0.0,0.0,0.0,0.0,-0.01,-1,-1,-0.01,-1,-1,-0.01,-1,-1,-0.01,-1,-1,-0.01,-1,-1,-0.01,-1,-1,-0.01,-1,-1,-0.01,-1,-1,-0.01,-1,-1,-0.01,-1,-1
99926009,2026-05-18 12:40:15+05:30,53272.8,0,0.0,0,0.0,0.0,53282.15,53333.0,52783.45,53710.35,0,0.0,0.0,0.0,0.0,-0.01,-1,-1,-0.01,-1,-1,-0.01,-1,-1,-0.01,-1,-1,-0.01,-1,-1,-0.01,-1,-1,-0.01,-1,-1,-0.01,-1,-1,-0.01,-1,-1,-0.01,-1,-1
99926009,2026-05-18 12:40:16+05:30,53276.3,0,0.0,0,0.0,0.0,53282.15,53333.0,52783.45,53710.35,0,0.0,0.0,0.0,0.0,-0.01,-1,-1,-0.01,-1,-1,-0.01,-1,-1,-0.01,-1,-1,-0.01,-1,-1,-0.01,-1,-1,-0.01,-1,-1,-0.01,-1,-1,-0.01,-1,-1,-0.01,-1,-1
99926009,2026-05-18 12:40:16+05:30,53277.5,0,0.0,0,0.0,0.0,53282.15,53333.0,52783.45,53710.35,0,0.0,0.0,0.0,0.0,-0.01,-1,-1,-0.01,-1,-1,-0.01,-1,-1,-0.01,-1,-1,-0.01,-1,-1,-0.01,-1,-1,-0.01,-1,-1,-0.01,-1,-1,-0.01,-1,-1,-0.01,-1,-1
99926009,2026-05-18 12:40:17+05:30,53279.25,0,0.0,0,0.0,0.0,53282.15,53333.0,52783.45,53710.35,0,0.0,0.0,0.0,0.0,-0.01,-1,-1,-0.01,-1,-1,-0.01,-1,-1,-0.01,-1,-1,-0.01,-1,-1,-0.01,-1,-1,-0.01,-1,-1,-0.01,-1,-1,-0.01,-1,-1,-0.01,-1,-1
99926009,2026-05-18 12:40:17+05:30,53279.35,0,0.0,0,0.0,0.0,53282.15,53333.0,52783.45,53710.35,0,0.0,0.0,0.0,0.0,-0.01,-1,-1,-0.01,-1,-1,-0.01,-1,-1,-0.01,-1,-1,-0.01,-1,-1,-0.01,-1,-1,-0.01,-1,-1,-0.01,-1,-1,-0.01,-1,-1,-0.01,-1,-1
99926009,2026-05-18 12:40:18+05:30,53280.25,0,0.0,0,0.0,0.0,53282.15,53333.0,52783.45,53710.35,0,0.0,0.0,0.0,0.0,-0.01,-1,-1,-0.01,-1,-1,-0.01,-1,-1,-0.01,-1,-1,-0.01,-1,-1,-0.01,-1,-1,-0.01,-1,-1,-0.01,-1,-1,-0.01,-1,-1,-0.01,-1,-1
99926009,2026-05-18 12:40:18+05:30,53279.75,0,0.0,0,0.0,0.0,53282.15,53333.0,52783.45,53710.35,0,0.0,0.0,0.0,0.0,-0.01,-1,-1,-0.01,-1,-1,-0.01,-1,-1,-0.01,-1,-1,-0.01,-1,-1,-0.01,-1,-1,-0.01,-1,-1,-0.01,-1,-1,-0.01,-1,-1,-0.01,-1,-1
99926009,2026-05-18 12:40:19+05:30,53281.2,0,0.0,0,0.0,0.0,53282.15,53333.0,52783.45,53710.35,0,0.0,0.0,0.0,0.0,-0.01,-1,-1,-0.01,-1,-1,-0.01,-1,-1,-0.01,-1,-1,-0.01,-1,-1,-0.01,-1,-1,-0.01,-1,-1,-0.01,-1,-1,-0.01,-1,-1,-0.01,-1,-1
99926009,2026-05-18 12:40:19+05:30,53280.7,0,0.0,0,0.0,0.0,53282.15,53333.0,52783.45,53710.35,0,0.0,0.0,0.0,0.0,-0.01,-1,-1,-0.01,-1,-1,-0.01,-1,-1,-0.01,-1,-1,-0.01,-1,-1,-0.01,-1,-1,-0.01,-1,-1,-0.01,-1,-1,-0.01,-1,-1,-0.01,-1,-1
99926009,2026-05-18 12:40:20+05:30,53283.1,0,0.0,0,0.0,0.0,53282.15,53333.0,52783.45,53710.35,0,0.0,0.0,0.0,0.0,-0.01,-1,-1,-0.01,-1,-1,-0.01,-1,-1,-0.01,-1,-1,-0.01,-1,-1,-0.01,-1,-1,-0.01,-1,-1,-0.01,-1,-1,-0.01,-1,-1,-0.01,-1,-1
99926009,2026-05-18 12:40:20+05:30,53282.25,0,0.0,0,0.0,0.0,53282.15,53333.0,52783.45,53710.35,0,0.0,0.0,0.0,0.0,-0.01,-1,-1,-0.01,-1,-1,-0.01,-1,-1,-0.01,-1,-1,-0.01,-1,-1,-0.01,-1,-1,-0.01,-1,-1,-0.01,-1,-1,-0.01,-1,-1,-0.01,-1,-1
99926009,2026-05-18 12:40:21+05:30,53285.6,0,0.0,0,0.0,0.0,53282.15,53333.0,52783.45,53710.35,0,0.0,0.0,0.0,0.0,-0.01,-1,-1,-0.01,-1,-1,-0.01,-1,-1,-0.01,-1,-1,-0.01,-1,-1,-0.01,-1,-1,-0.01,-1,-1,-0.01,-1,-1,-0.01,-1,-1,-0.01,-1,-1
99926009,2026-05-18 12:40:21+05:30,53283.45,0,0.0,0,0.0,0.0,53282.15,53333.0,52783.45,53710.35,0,0.0,0.0,0.0,0.0,-0.01,-1,-1,-0.01,-1,-1,-0.01,-1,-1,-0.01,-1,-1,-0.01,-1,-1,-0.01,-1,-1,-0.01,-1,-1,-0.01,-1,-1,-0.01,-1,-1,-0.01,-1,-1
99926009,2026-05-18 12:40:22+05:30,53286.15,0,0.0,0,0.0,0.0,53282.15,53333.0,52783.45,53710.35,0,0.0,0.0,0.0,0.0,-0.01,-1,-1,-0.01,-1,-1,-0.01,-1,-1,-0.01,-1,-1,-0.01,-1,-1,-0.01,-1,-1,-0.01,-1,-1,-0.01,-1,-1,-0.01,-1,-1,-0.01,-1,-1
99926009,2026-05-18 12:40:22+05:30,53288.15,0,0.0,0,0.0,0.0,53282.15,53333.0,52783.45,53710.35,0,0.0,0.0,0.0,0.0,-0.01,-1,-1,-0.01,-1,-1,-0.01,-1,-1,-0.01,-1,-1,-0.01,-1,-1,-0.01,-1,-1,-0.01,-1,-1,-0.01,-1,-1,-0.01,-1,-1,-0.01,-1,-1
99926009,2026-05-18 12:40:23+05:30,53286.1,0,0.0,0,0.0,0.0,53282.15,53333.0,52783.45,53710.35,0,0.0,0.0,0.0,0.0,-0.01,-1,-1,-0.01,-1,-1,-0.01,-1,-1,-0.01,-1,-1,-0.01,-1,-1,-0.01,-1,-1,-0.01,-1,-1,-0.01,-1,-1,-0.01,-1,-1,-0.01,-1,-1
99926009,2026-05-18 12:40:23+05:30,53287.15,0,0.0,0,0.0,0.0,53282.15,53333.0,52783.45,53710.35,0,0.0,0.0,0.0,0.0,-0.01,-1,-1,-0.01,-1,-1,-0.01,-1,-1,-0.01,-1,-1,-0.01,-1,-1,-0.01,-1,-1,-0.01,-1,-1,-0.01,-1,-1,-0.01,-1,-1,-0.01,-1,-1
99926009,2026-05-18 12:40:24+05:30,53287.15,0,0.0,0,0.0,0.0,53282.15,53333.0,52783.45,53710.35,0,0.0,0.0,0.0,0.0,-0.01,-1,-1,-0.01,-1,-1,-0.01,-1,-1,-0.01,-1,-1,-0.01,-1,-1,-0.01,-1,-1,-0.01,-1,-1,-0.01,-1,-1,-0.01,-1,-1,-0.01,-1,-1
99926009,2026-05-18 12:40:24+05:30,53287.6,0,0.0,0,0.0,0.0,53282.15,53333.0,52783.45,53710.35,0,0.0,0.0,0.0,0.0,-0.01,-1,-1,-0.01,-1,-1,-0.01,-1,-1,-0.01,-1,-1,-0.01,-1,-1,-0.01,-1,-1,-0.01,-1,-1,-0.01,-1,-1,-0.01,-1,-1,-0.01,-1,-1
99926009,2026-05-18 12:40:25+05:30,53290.4,0,0.0,0,0.0,0.0,53282.15,53333.0,52783.45,53710.35,0,0.0,0.0,0.0,0.0,-0.01,-1,-1,-0.01,-1,-1,-0.01,-1,-1,-0.01,-1,-1,-0.01,-1,-1,-0.01,-1,-1,-0.01,-1,-1,-0.01,-1,-1,-0.01,-1,-1,-0.01,-1,-1
99926009,2026-05-18 12:40:25+05:30,53287.55,0,0.0,0,0.0,0.0,53282.15,53333.0,52783.45,53710.35,0,0.0,0.0,0.0,0.0,-0.01,-1,-1,-0.01,-1,-1,-0.01,-1,-1,-0.01,-1,-1,-0.01,-1,-1,-0.01,-1,-1,-0.01,-1,-1,-0.01,-1,-1,-0.01,-1,-1,-0.01,-1,-1
99926009,2026-05-18 12:40:26+05:30,53292.25,0,0.0,0,0.0,0.0,53282.15,53333.0,52783.45,53710.35,0,0.0,0.0,0.0,0.0,-0.01,-1,-1,-0.01,-1,-1,-0.01,-1,-1,-0.01,-1,-1,-0.01,-1,-1,-0.01,-1,-1,-0.01,-1,-1,-0.01,-1,-1,-0.01,-1,-1,-0.01,-1,-1
99926009,2026-05-18 12:40:26+05:30,53289.8,0,0.0,0,0.0,0.0,53282.15,53333.0,52783.45,53710.35,0,0.0,0.0,0.0,0.0,-0.01,-1,-1,-0.01,-1,-1,-0.01,-1,-1,-0.01,-1,-1,-0.01,-1,-1,-0.01,-1,-1,-0.01,-1,-1,-0.01,-1,-1,-0.01,-1,-1,-0.01,-1,-1
99926009,2026-05-18 12:40:27+05:30,53287.55,0,0.0,0,0.0,0.0,53282.15,53333.0,52783.45,53710.35,0,0.0,0.0,0.0,0.0,-0.01,-1,-1,-0.01,-1,-1,-0.01,-1,-1,-0.01,-1,-1,-0.01,-1,-1,-0.01,-1,-1,-0.01,-1,-1,-0.01,-1,-1,-0.01,-1,-1,-0.01,-1,-1
99926009,2026-05-18 12:40:27+05:30,53285.8,0,0.0,0,0.0,0.0,53282.15,53333.0,52783.45,53710.35,0,0.0,0.0,0.0,0.0,-0.01,-1,-1,-0.01,-1,-1,-0.01,-1,-1,-0.01,-1,-1,-0.01,-1,-1,-0.01,-1,-1,-0.01,-1,-1,-0.01,-1,-1,-0.01,-1,-1,-0.01,-1,-1
99926009,2026-05-18 12:40:28+05:30,53287.0,0,0.0,0,0.0,0.0,53282.15,53333.0,52783.45,53710.35,0,0.0,0.0,0.0,0.0,-0.01,-1,-1,-0.01,-1,-1,-0.01,-1,-1,-0.01,-1,-1,-0.01,-1,-1,-0.01,-1,-1,-0.01,-1,-1,-0.01,-1,-1,-0.01,-1,-1,-0.01,-1,-1
99926009,2026-05-18 12:40:28+05:30,53287.45,0,0.0,0,0.0,0.0,53282.15,53333.0,52783.45,53710.35,0,0.0,0.0,0.0,0.0,-0.01,-1,-1,-0.01,-1,-1,-0.01,-1,-1,-0.01,-1,-1,-0.01,-1,-1,-0.01,-1,-1,-0.01,-1,-1,-0.01,-1,-1,-0.01,-1,-1,-0.01,-1,-1
99926009,2026-05-18 12:40:29+05:30,53289.45,0,0.0,0,0.0,0.0,53282.15,53333.0,52783.45,53710.35,0,0.0,0.0,0.0,0.0,-0.01,-1,-1,-0.01,-1,-1,-0.01,-1,-1,-0.01,-1,-1,-0.01,-1,-1,-0.01,-1,-1,-0.01,-1,-1,-0.01,-1,-1,-0.01,-1,-1,-0.01,-1,-1
99926009,2026-05-18 12:40:29+05:30,53286.75,0,0.0,0,0.0,0.0,53282.15,53333.0,52783.45,53710.35,0,0.0,0.0,0.0,0.0,-0.01,-1,-1,-0.01,-1,-1,-0.01,-1,-1,-0.01,-1,-1,-0.01,-1,-1,-0.01,-1,-1,-0.01,-1,-1,-0.01,-1,-1,-0.01,-1,-1,-0.01,-1,-1
99926009,2026-05-18 12:40:30+05:30,53287.85,0,0.0,0,0.0,0.0,53282.15,53333.0,52783.45,53710.35,0,0.0,0.0,0.0,0.0,-0.01,-1,-1,-0.01,-1,-1,-0.01,-1,-1,-0.01,-1,-1,-0.01,-1,-1,-0.01,-1,-1,-0.01,-1,-1,-0.01,-1,-1,-0.01,-1,-1,-0.01,-1,-1
99926009,2026-05-18 12:40:30+05:30,53288.3,0,0.0,0,0.0,0.0,53282.15,53333.0,52783.45,53710.35,0,0.0,0.0,0.0,0.0,-0.01,-1,-1,-0.01,-1,-1,-0.01,-1,-1,-0.01,-1,-1,-0.01,-1,-1,-0.01,-1,-1,-0.01,-1,-1,-0.01,-1,-1,-0.01,-1,-1,-0.01,-1,-1
99926009,2026-05-18 12:40:31+05:30,53290.1,0,0.0,0,0.0,0.0,53282.15,53333.0,52783.45,53710.35,0,0.0,0.0,0.0,0.0,-0.01,-1,-1,-0.01,-1,-1,-0.01,-1,-1,-0.01,-1,-1,-0.01,-1,-1,-0.01,-1,-1,-0.01,-1,-1,-0.01,-1,-1,-0.01,-1,-1,-0.01,-1,-1
99926009,2026-05-18 12:40:31+05:30,53289.45,0,0.0,0,0.0,0.0,53282.15,53333.0,52783.45,53710.35,0,0.0,0.0,0.0,0.0,-0.01,-1,-1,-0.01,-1,-1,-0.01,-1,-1,-0.01,-1,-1,-0.01,-1,-1,-0.01,-1,-1,-0.01,-1,-1,-0.01,-1,-1,-0.01,-1,-1,-0.01,-1,-1
99926009,2026-05-18 12:40:32+05:30,53290.1,0,0.0,0,0.0,0.0,53282.15,53333.0,52783.45,53710.35,0,0.0,0.0,0.0,0.0,-0.01,-1,-1,-0.01,-1,-1,-0.01,-1,-1,-0.01,-1,-1,-0.01,-1,-1,-0.01,-1,-1,-0.01,-1,-1,-0.01,-1,-1,-0.01,-1,-1,-0.01,-1,-1
99926009,2026-05-18 12:40:32+05:30,53296.95,0,0.0,0,0.0,0.0,53282.15,53333.0,52783.45,53710.35,0,0.0,0.0,0.0,0.0,-0.01,-1,-1,-0.01,-1,-1,-0.01,-1,-1,-0.01,-1,-1,-0.01,-1,-1,-0.01,-1,-1,-0.01,-1,-1,-0.01,-1,-1,-0.01,-1,-1,-0.01,-1,-1
99926009,2026-05-18 12:40:33+05:30,53293.25,0,0.0,0,0.0,0.0,53282.15,53333.0,52783.45,53710.35,0,0.0,0.0,0.0,0.0,-0.01,-1,-1,-0.01,-1,-1,-0.01,-1,-1,-0.01,-1,-1,-0.01,-1,-1,-0.01,-1,-1,-0.01,-1,-1,-0.01,-1,-1,-0.01,-1,-1,-0.01,-1,-1
99926009,2026-05-18 12:40:33+05:30,53292.75,0,0.0,0,0.0,0.0,53282.15,53333.0,52783.45,53710.35,0,0.0,0.0,0.0,0.0,-0.01,-1,-1,-0.01,-1,-1,-0.01,-1,-1,-0.01,-1,-1,-0.01,-1,-1,-0.01,-1,-1,-0.01,-1,-1,-0.01,-1,-1,-0.01,-1,-1,-0.01,-1,-1
99926009,2026-05-18 12:40:34+05:30,53291.9,0,0.0,0,0.0,0.0,53282.15,53333.0,52783.45,53710.35,0,0.0,0.0,0.0,0.0,-0.01,-1,-1,-0.01,-1,-1,-0.01,-1,-1,-0.01,-1,-1,-0.01,-1,-1,-0.01,-1,-1,-0.01,-1,-1,-0.01,-1,-1,-0.01,-1,-1,-0.01,-1,-1
99926009,2026-05-18 12:40:34+05:30,53291.35,0,0.0,0,0.0,0.0,53282.15,53333.0,52783.45,53710.35,0,0.0,0.0,0.0,0.0,-0.01,-1,-1,-0.01,-1,-1,-0.01,-1,-1,-0.01,-1,-1,-0.01,-1,-1,-0.01,-1,-1,-0.01,-1,-1,-0.01,-1,-1,-0.01,-1,-1,-0.01,-1,-1
99926009,2026-05-18 12:40:35+05:30,53294.4,0,0.0,0,0.0,0.0,53282.15,53333.0,52783.45,53710.35,0,0.0,0.0,0.0,0.0,-0.01,-1,-1,-0.01,-1,-1,-0.01,-1,-1,-0.01,-1,-1,-0.01,-1,-1,-0.01,-1,-1,-0.01,-1,-1,-0.01,-1,-1,-0.01,-1,-1,-0.01,-1,-1
99926009,2026-05-18 12:40:35+05:30,53295.05,0,0.0,0,0.0,0.0,53282.15,53333.0,52783.45,53710.35,0,0.0,0.0,0.0,0.0,-0.01,-1,-1,-0.01,-1,-1,-0.01,-1,-1,-0.01,-1,-1,-0.01,-1,-1,-0.01,-1,-1,-0.01,-1,-1,-0.01,-1,-1,-0.01,-1,-1,-0.01,-1,-1
99926009,2026-05-18 12:40:36+05:30,53295.2,0,0.0,0,0.0,0.0,53282.15,53333.0,52783.45,53710.35,0,0.0,0.0,0.0,0.0,-0.01,-1,-1,-0.01,-1,-1,-0.01,-1,-1,-0.01,-1,-1,-0.01,-1,-1,-0.01,-1,-1,-0.01,-1,-1,-0.01,-1,-1,-0.01,-1,-1,-0.01,-1,-1
99926009,2026-05-18 12:40:36+05:30,53296.55,0,0.0,0,0.0,0.0,53282.15,53333.0,52783.45,53710.35,0,0.0,0.0,0.0,0.0,-0.01,-1,-1,-0.01,-1,-1,-0.01,-1,-1,-0.01,-1,-1,-0.01,-1,-1,-0.01,-1,-1,-0.01,-1,-1,-0.01,-1,-1,-0.01,-1,-1,-0.01,-1,-1
99926009,2026-05-18 12:40:37+05:30,53297.65,0,0.0,0,0.0,0.0,53282.15,53333.0,52783.45,53710.35,0,0.0,0.0,0.0,0.0,-0.01,-1,-1,-0.01,-1,-1,-0.01,-1,-1,-0.01,-1,-1,-0.01,-1,-1,-0.01,-1,-1,-0.01,-1,-1,-0.01,-1,-1,-0.01,-1,-1,-0.01,-1,-1
99926009,2026-05-18 12:40:37+05:30,53297.4,0,0.0,0,0.0,0.0,53282.15,53333.0,52783.45,53710.35,0,0.0,0.0,0.0,0.0,-0.01,-1,-1,-0.01,-1,-1,-0.01,-1,-1,-0.01,-1,-1,-0.01,-1,-1,-0.01,-1,-1,-0.01,-1,-1,-0.01,-1,-1,-0.01,-1,-1,-0.01,-1,-1
99926009,2026-05-18 12:40:38+05:30,53297.05,0,0.0,0,0.0,0.0,53282.15,53333.0,52783.45,53710.35,0,0.0,0.0,0.0,0.0,-0.01,-1,-1,-0.01,-1,-1,-0.01,-1,-1,-0.01,-1,-1,-0.01,-1,-1,-0.01,-1,-1,-0.01,-1,-1,-0.01,-1,-1,-0.01,-1,-1,-0.01,-1,-1
99926009,2026-05-18 12:40:38+05:30,53299.45,0,0.0,0,0.0,0.0,53282.15,53333.0,52783.45,53710.35,0,0.0,0.0,0.0,0.0,-0.01,-1,-1,-0.01,-1,-1,-0.01,-1,-1,-0.01,-1,-1,-0.01,-1,-1,-0.01,-1,-1,-0.01,-1,-1,-0.01,-1,-1,-0.01,-1,-1,-0.01,-1,-1
99926009,2026-05-18 12:40:39+05:30,53300.15,0,0.0,0,0.0,0.0,53282.15,53333.0,52783.45,53710.35,0,0.0,0.0,0.0,0.0,-0.01,-1,-1,-0.01,-1,-1,-0.01,-1,-1,-0.01,-1,-1,-0.01,-1,-1,-0.01,-1,-1,-0.01,-1,-1,-0.01,-1,-1,-0.01,-1,-1,-0.01,-1,-1
99926009,2026-05-18 12:40:39+05:30,53299.65,0,0.0,0,0.0,0.0,53282.15,53333.0,52783.45,53710.35,0,0.0,0.0,0.0,0.0,-0.01,-1,-1,-0.01,-1,-1,-0.01,-1,-1,-0.01,-1,-1,-0.01,-1,-1,-0.01,-1,-1,-0.01,-1,-1,-0.01,-1,-1,-0.01,-1,-1,-0.01,-1,-1
99926009,2026-05-18 12:40:40+05:30,53297.0,0,0.0,0,0.0,0.0,53282.15,53333.0,52783.45,53710.35,0,0.0,0.0,0.0,0.0,-0.01,-1,-1,-0.01,-1,-1,-0.01,-1,-1,-0.01,-1,-1,-0.01,-1,-1,-0.01,-1,-1,-0.01,-1,-1,-0.01,-1,-1,-0.01,-1,-1,-0.01,-1,-1
99926009,2026-05-18 12:40:40+05:30,53295.65,0,0.0,0,0.0,0.0,53282.15,53333.0,52783.45,53710.35,0,0.0,0.0,0.0,0.0,-0.01,-1,-1,-0.01,-1,-1,-0.01,-1,-1,-0.01,-1,-1,-0.01,-1,-1,-0.01,-1,-1,-0.01,-1,-1,-0.01,-1,-1,-0.01,-1,-1,-0.01,-1,-1
99926009,2026-05-18 12:40:41+05:30,53297.1,0,0.0,0,0.0,0.0,53282.15,53333.0,52783.45,53710.35,0,0.0,0.0,0.0,0.0,-0.01,-1,-1,-0.01,-1,-1,-0.01,-1,-1,-0.01,-1,-1,-0.01,-1,-1,-0.01,-1,-1,-0.01,-1,-1,-0.01,-1,-1,-0.01,-1,-1,-0.01,-1,-1
99926009,2026-05-18 12:40:41+05:30,53298.3,0,0.0,0,0.0,0.0,53282.15,53333.0,52783.45,53710.35,0,0.0,0.0,0.0,0.0,-0.01,-1,-1,-0.01,-1,-1,-0.01,-1,-1,-0.01,-1,-1,-0.01,-1,-1,-0.01,-1,-1,-0.01,-1,-1,-0.01,-1,-1,-0.01,-1,-1,-0.01,-1,-1
99926009,2026-05-18 12:40:42+05:30,53297.45,0,0.0,0,0.0,0.0,53282.15,53333.0,52783.45,53710.35,0,0.0,0.0,0.0,0.0,-0.01,-1,-1,-0.01,-1,-1,-0.01,-1,-1,-0.01,-1,-1,-0.01,-1,-1,-0.01,-1,-1,-0.01,-1,-1,-0.01,-1,-1,-0.01,-1,-1,-0.01,-1,-1
99926009,2026-05-18 12:40:42+05:30,53294.55,0,0.0,0,0.0,0.0,53282.15,53333.0,52783.45,53710.35,0,0.0,0.0,0.0,0.0,-0.01,-1,-1,-0.01,-1,-1,-0.01,-1,-1,-0.01,-1,-1,-0.01,-1,-1,-0.01,-1,-1,-0.01,-1,-1,-0.01,-1,-1,-0.01,-1,-1,-0.01,-1,-1
99926009,2026-05-18 12:40:43+05:30,53292.2,0,0.0,0,0.0,0.0,53282.15,53333.0,52783.45,53710.35,0,0.0,0.0,0.0,0.0,-0.01,-1,-1,-0.01,-1,-1,-0.01,-1,-1,-0.01,-1,-1,-0.01,-1,-1,-0.01,-1,-1,-0.01,-1,-1,-0.01,-1,-1,-0.01,-1,-1,-0.01,-1,-1
99926009,2026-05-18 12:40:43+05:30,53293.95,0,0.0,0,0.0,0.0,53282.15,53333.0,52783.45,53710.35,0,0.0,0.0,0.0,0.0,-0.01,-1,-1,-0.01,-1,-1,-0.01,-1,-1,-0.01,-1,-1,-0.01,-1,-1,-0.01,-1,-1,-0.01,-1,-1,-0.01,-1,-1,-0.01,-1,-1,-0.01,-1,-1
99926009,2026-05-18 12:40:44+05:30,53296.65,0,0.0,0,0.0,0.0,53282.15,53333.0,52783.45,53710.35,0,0.0,0.0,0.0,0.0,-0.01,-1,-1,-0.01,-1,-1,-0.01,-1,-1,-0.01,-1,-1,-0.01,-1,-1,-0.01,-1,-1,-0.01,-1,-1,-0.01,-1,-1,-0.01,-1,-1,-0.01,-1,-1
99926009,2026-05-18 12:40:44+05:30,53293.8,0,0.0,0,0.0,0.0,53282.15,53333.0,52783.45,53710.35,0,0.0,0.0,0.0,0.0,-0.01,-1,-1,-0.01,-1,-1,-0.01,-1,-1,-0.01,-1,-1,-0.01,-1,-1,-0.01,-1,-1,-0.01,-1,-1,-0.01,-1,-1,-0.01,-1,-1,-0.01,-1,-1
99926009,2026-05-18 12:40:45+05:30,53295.4,0,0.0,0,0.0,0.0,53282.15,53333.0,52783.45,53710.35,0,0.0,0.0,0.0,0.0,-0.01,-1,-1,-0.01,-1,-1,-0.01,-1,-1,-0.01,-1,-1,-0.01,-1,-1,-0.01,-1,-1,-0.01,-1,-1,-0.01,-1,-1,-0.01,-1,-1,-0.01,-1,-1
99926009,2026-05-18 12:40:45+05:30,53293.35,0,0.0,0,0.0,0.0,53282.15,53333.0,52783.45,53710.35,0,0.0,0.0,0.0,0.0,-0.01,-1,-1,-0.01,-1,-1,-0.01,-1,-1,-0.01,-1,-1,-0.01,-1,-1,-0.01,-1,-1,-0.01,-1,-1,-0.01,-1,-1,-0.01,-1,-1,-0.01,-1,-1
99926009,2026-05-18 12:40:46+05:30,53293.75,0,0.0,0,0.0,0.0,53282.15,53333.0,52783.45,53710.35,0,0.0,0.0,0.0,0.0,-0.01,-1,-1,-0.01,-1,-1,-0.01,-1,-1,-0.01,-1,-1,-0.01,-1,-1,-0.01,-1,-1,-0.01,-1,-1,-0.01,-1,-1,-0.01,-1,-1,-0.01,-1,-1
99926009,2026-05-18 12:40:46+05:30,53292.4,0,0.0,0,0.0,0.0,53282.15,53333.0,52783.45,53710.35,0,0.0,0.0,0.0,0.0,-0.01,-1,-1,-0.01,-1,-1,-0.01,-1,-1,-0.01,-1,-1,-0.01,-1,-1,-0.01,-1,-1,-0.01,-1,-1,-0.01,-1,-1,-0.01,-1,-1,-0.01,-1,-1
99926009,2026-05-18 12:40:47+05:30,53289.55,0,0.0,0,0.0,0.0,53282.15,53333.0,52783.45,53710.35,0,0.0,0.0,0.0,0.0,-0.01,-1,-1,-0.01,-1,-1,-0.01,-1,-1,-0.01,-1,-1,-0.01,-1,-1,-0.01,-1,-1,-0.01,-1,-1,-0.01,-1,-1,-0.01,-1,-1,-0.01,-1,-1
99926009,2026-05-18 12:40:47+05:30,53290.35,0,0.0,0,0.0,0.0,53282.15,53333.0,52783.45,53710.35,0,0.0,0.0,0.0,0.0,-0.01,-1,-1,-0.01,-1,-1,-0.01,-1,-1,-0.01,-1,-1,-0.01,-1,-1,-0.01,-1,-1,-0.01,-1,-1,-0.01,-1,-1,-0.01,-1,-1,-0.01,-1,-1
99926009,2026-05-18 12:40:48+05:30,53289.6,0,0.0,0,0.0,0.0,53282.15,53333.0,52783.45,53710.35,0,0.0,0.0,0.0,0.0,-0.01,-1,-1,-0.01,-1,-1,-0.01,-1,-1,-0.01,-1,-1,-0.01,-1,-1,-0.01,-1,-1,-0.01,-1,-1,-0.01,-1,-1,-0.01,-1,-1,-0.01,-1,-1
99926009,2026-05-18 12:40:48+05:30,53290.45,0,0.0,0,0.0,0.0,53282.15,53333.0,52783.45,53710.35,0,0.0,0.0,0.0,0.0,-0.01,-1,-1,-0.01,-1,-1,-0.01,-1,-1,-0.01,-1,-1,-0.01,-1,-1,-0.01,-1,-1,-0.01,-1,-1,-0.01,-1,-1,-0.01,-1,-1,-0.01,-1,-1
99926009,2026-05-18 12:40:49+05:30,53286.5,0,0.0,0,0.0,0.0,53282.15,53333.0,52783.45,53710.35,0,0.0,0.0,0.0,0.0,-0.01,-1,-1,-0.01,-1,-1,-0.01,-1,-1,-0.01,-1,-1,-0.01,-1,-1,-0.01,-1,-1,-0.01,-1,-1,-0.01,-1,-1,-0.01,-1,-1,-0.01,-1,-1
99926009,2026-05-18 12:40:49+05:30,53288.1,0,0.0,0,0.0,0.0,53282.15,53333.0,52783.45,53710.35,0,0.0,0.0,0.0,0.0,-0.01,-1,-1,-0.01,-1,-1,-0.01,-1,-1,-0.01,-1,-1,-0.01,-1,-1,-0.01,-1,-1,-0.01,-1,-1,-0.01,-1,-1,-0.01,-1,-1,-0.01,-1,-1
99926009,2026-05-18 12:40:50+05:30,53289.5,0,0.0,0,0.0,0.0,53282.15,53333.0,52783.45,53710.35,0,0.0,0.0,0.0,0.0,-0.01,-1,-1,-0.01,-1,-1,-0.01,-1,-1,-0.01,-1,-1,-0.01,-1,-1,-0.01,-1,-1,-0.01,-1,-1,-0.01,-1,-1,-0.01,-1,-1,-0.01,-1,-1
99926009,2026-05-18 12:40:50+05:30,53288.15,0,0.0,0,0.0,0.0,53282.15,53333.0,52783.45,53710.35,0,0.0,0.0,0.0,0.0,-0.01,-1,-1,-0.01,-1,-1,-0.01,-1,-1,-0.01,-1,-1,-0.01,-1,-1,-0.01,-1,-1,-0.01,-1,-1,-0.01,-1,-1,-0.01,-1,-1,-0.01,-1,-1
99926009,2026-05-18 12:40:51+05:30,53287.0,0,0.0,0,0.0,0.0,53282.15,53333.0,52783.45,53710.35,0,0.0,0.0,0.0,0.0,-0.01,-1,-1,-0.01,-1,-1,-0.01,-1,-1,-0.01,-1,-1,-0.01,-1,-1,-0.01,-1,-1,-0.01,-1,-1,-0.01,-1,-1,-0.01,-1,-1,-0.01,-1,-1
99926009,2026-05-18 12:40:51+05:30,53286.4,0,0.0,0,0.0,0.0,53282.15,53333.0,52783.45,53710.35,0,0.0,0.0,0.0,0.0,-0.01,-1,-1,-0.01,-1,-1,-0.01,-1,-1,-0.01,-1,-1,-0.01,-1,-1,-0.01,-1,-1,-0.01,-1,-1,-0.01,-1,-1,-0.01,-1,-1,-0.01,-1,-1
99926009,2026-05-18 12:40:52+05:30,53285.9,0,0.0,0,0.0,0.0,53282.15,53333.0,52783.45,53710.35,0,0.0,0.0,0.0,0.0,-0.01,-1,-1,-0.01,-1,-1,-0.01,-1,-1,-0.01,-1,-1,-0.01,-1,-1,-0.01,-1,-1,-0.01,-1,-1,-0.01,-1,-1,-0.01,-1,-1,-0.01,-1,-1
99926009,2026-05-18 12:40:52+05:30,53291.95,0,0.0,0,0.0,0.0,53282.15,53333.0,52783.45,53710.35,0,0.0,0.0,0.0,0.0,-0.01,-1,-1,-0.01,-1,-1,-0.01,-1,-1,-0.01,-1,-1,-0.01,-1,-1,-0.01,-1,-1,-0.01,-1,-1,-0.01,-1,-1,-0.01,-1,-1,-0.01,-1,-1
99926009,2026-05-18 12:40:53+05:30,53291.0,0,0.0,0,0.0,0.0,53282.15,53333.0,52783.45,53710.35,0,0.0,0.0,0.0,0.0,-0.01,-1,-1,-0.01,-1,-1,-0.01,-1,-1,-0.01,-1,-1,-0.01,-1,-1,-0.01,-1,-1,-0.01,-1,-1,-0.01,-1,-1,-0.01,-1,-1,-0.01,-1,-1
99926009,2026-05-18 12:40:53+05:30,53289.1,0,0.0,0,0.0,0.0,53282.15,53333.0,52783.45,53710.35,0,0.0,0.0,0.0,0.0,-0.01,-1,-1,-0.01,-1,-1,-0.01,-1,-1,-0.01,-1,-1,-0.01,-1,-1,-0.01,-1,-1,-0.01,-1,-1,-0.01,-1,-1,-0.01,-1,-1,-0.01,-1,-1
99926009,2026-05-18 12:40:54+05:30,53291.8,0,0.0,0,0.0,0.0,53282.15,53333.0,52783.45,53710.35,0,0.0,0.0,0.0,0.0,-0.01,-1,-1,-0.01,-1,-1,-0.01,-1,-1,-0.01,-1,-1,-0.01,-1,-1,-0.01,-1,-1,-0.01,-1,-1,-0.01,-1,-1,-0.01,-1,-1,-0.01,-1,-1
99926009,2026-05-18 12:40:54+05:30,53289.1,0,0.0,0,0.0,0.0,53282.15,53333.0,52783.45,53710.35,0,0.0,0.0,0.0,0.0,-0.01,-1,-1,-0.01,-1,-1,-0.01,-1,-1,-0.01,-1,-1,-0.01,-1,-1,-0.01,-1,-1,-0.01,-1,-1,-0.01,-1,-1,-0.01,-1,-1,-0.01,-1,-1
99926009,2026-05-18 12:40:55+05:30,53292.35,0,0.0,0,0.0,0.0,53282.15,53333.0,52783.45,53710.35,0,0.0,0.0,0.0,0.0,-0.01,-1,-1,-0.01,-1,-1,-0.01,-1,-1,-0.01,-1,-1,-0.01,-1,-1,-0.01,-1,-1,-0.01,-1,-1,-0.01,-1,-1,-0.01,-1,-1,-0.01,-1,-1
99926009,2026-05-18 12:40:55+05:30,53288.75,0,0.0,0,0.0,0.0,53282.15,53333.0,52783.45,53710.35,0,0.0,0.0,0.0,0.0,-0.01,-1,-1,-0.01,-1,-1,-0.01,-1,-1,-0.01,-1,-1,-0.01,-1,-1,-0.01,-1,-1,-0.01,-1,-1,-0.01,-1,-1,-0.01,-1,-1,-0.01,-1,-1
99926009,2026-05-18 12:40:56+05:30,53288.0,0,0.0,0,0.0,0.0,53282.15,53333.0,52783.45,53710.35,0,0.0,0.0,0.0,0.0,-0.01,-1,-1,-0.01,-1,-1,-0.01,-1,-1,-0.01,-1,-1,-0.01,-1,-1,-0.01,-1,-1,-0.01,-1,-1,-0.01,-1,-1,-0.01,-1,-1,-0.01,-1,-1
99926009,2026-05-18 12:40:56+05:30,53285.9,0,0.0,0,0.0,0.0,53282.15,53333.0,52783.45,53710.35,0,0.0,0.0,0.0,0.0,-0.01,-1,-1,-0.01,-1,-1,-0.01,-1,-1,-0.01,-1,-1,-0.01,-1,-1,-0.01,-1,-1,-0.01,-1,-1,-0.01,-1,-1,-0.01,-1,-1,-0.01,-1,-1
99926009,2026-05-18 12:40:57+05:30,53285.8,0,0.0,0,0.0,0.0,53282.15,53333.0,52783.45,53710.35,0,0.0,0.0,0.0,0.0,-0.01,-1,-1,-0.01,-1,-1,-0.01,-1,-1,-0.01,-1,-1,-0.01,-1,-1,-0.01,-1,-1,-0.01,-1,-1,-0.01,-1,-1,-0.01,-1,-1,-0.01,-1,-1
99926009,2026-05-18 12:40:57+05:30,53285.4,0,0.0,0,0.0,0.0,53282.15,53333.0,52783.45,53710.35,0,0.0,0.0,0.0,0.0,-0.01,-1,-1,-0.01,-1,-1,-0.01,-1,-1,-0.01,-1,-1,-0.01,-1,-1,-0.01,-1,-1,-0.01,-1,-1,-0.01,-1,-1,-0.01,-1,-1,-0.01,-1,-1
99926009,2026-05-18 12:40:58+05:30,53288.65,0,0.0,0,0.0,0.0,53282.15,53333.0,52783.45,53710.35,0,0.0,0.0,0.0,0.0,-0.01,-1,-1,-0.01,-1,-1,-0.01,-1,-1,-0.01,-1,-1,-0.01,-1,-1,-0.01,-1,-1,-0.01,-1,-1,-0.01,-1,-1,-0.01,-1,-1,-0.01,-1,-1
99926009,2026-05-18 12:40:58+05:30,53287.35,0,0.0,0,0.0,0.0,53282.15,53333.0,52783.45,53710.35,0,0.0,0.0,0.0,0.0,-0.01,-1,-1,-0.01,-1,-1,-0.01,-1,-1,-0.01,-1,-1,-0.01,-1,-1,-0.01,-1,-1,-0.01,-1,-1,-0.01,-1,-1,-0.01,-1,-1,-0.01,-1,-1
99926009,2026-05-18 12:40:59+05:30,53288.4,0,0.0,0,0.0,0.0,53282.15,53333.0,52783.45,53710.35,0,0.0,0.0,0.0,0.0,-0.01,-1,-1,-0.01,-1,-1,-0.01,-1,-1,-0.01,-1,-1,-0.01,-1,-1,-0.01,-1,-1,-0.01,-1,-1,-0.01,-1,-1,-0.01,-1,-1,-0.01,-1,-1
99926009,2026-05-18 12:40:59+05:30,53287.95,0,0.0,0,0.0,0.0,53282.15,53333.0,52783.45,53710.35,0,0.0,0.0,0.0,0.0,-0.01,-1,-1,-0.01,-1,-1,-0.01,-1,-1,-0.01,-1,-1,-0.01,-1,-1,-0.01,-1,-1,-0.01,-1,-1,-0.01,-1,-1,-0.01,-1,-1,-0.01,-1,-1
99926009,2026-05-18 12:41:00+05:30,53287.65,0,0.0,0,0.0,0.0,53282.15,53333.0,52783.45,53710.35,0,0.0,0.0,0.0,0.0,-0.01,-1,-1,-0.01,-1,-1,-0.01,-1,-1,-0.01,-1,-1,-0.01,-1,-1,-0.01,-1,-1,-0.01,-1,-1,-0.01,-1,-1,-0.01,-1,-1,-0.01,-1,-1
99926009,2026-05-18 12:41:00+05:30,53286.65,0,0.0,0,0.0,0.0,53282.15,53333.0,52783.45,53710.35,0,0.0,0.0,0.0,0.0,-0.01,-1,-1,-0.01,-1,-1,-0.01,-1,-1,-0.01,-1,-1,-0.01,-1,-1,-0.01,-1,-1,-0.01,-1,-1,-0.01,-1,-1,-0.01,-1,-1,-0.01,-1,-1
99926009,2026-05-18 12:41:01+05:30,53288.1,0,0.0,0,0.0,0.0,53282.15,53333.0,52783.45,53710.35,0,0.0,0.0,0.0,0.0,-0.01,-1,-1,-0.01,-1,-1,-0.01,-1,-1,-0.01,-1,-1,-0.01,-1,-1,-0.01,-1,-1,-0.01,-1,-1,-0.01,-1,-1,-0.01,-1,-1,-0.01,-1,-1
99926009,2026-05-18 12:41:01+05:30,53286.95,0,0.0,0,0.0,0.0,53282.15,53333.0,52783.45,53710.35,0,0.0,0.0,0.0,0.0,-0.01,-1,-1,-0.01,-1,-1,-0.01,-1,-1,-0.01,-1,-1,-0.01,-1,-1,-0.01,-1,-1,-0.01,-1,-1,-0.01,-1,-1,-0.01,-1,-1,-0.01,-1,-1
99926009,2026-05-18 12:41:02+05:30,53289.25,0,0.0,0,0.0,0.0,53282.15,53333.0,52783.45,53710.35,0,0.0,0.0,0.0,0.0,-0.01,-1,-1,-0.01,-1,-1,-0.01,-1,-1,-0.01,-1,-1,-0.01,-1,-1,-0.01,-1,-1,-0.01,-1,-1,-0.01,-1,-1,-0.01,-1,-1,-0.01,-1,-1
99926009,2026-05-18 12:41:02+05:30,53293.65,0,0.0,0,0.0,0.0,53282.15,53333.0,52783.45,53710.35,0,0.0,0.0,0.0,0.0,-0.01,-1,-1,-0.01,-1,-1,-0.01,-1,-1,-0.01,-1,-1,-0.01,-1,-1,-0.01,-1,-1,-0.01,-1,-1,-0.01,-1,-1,-0.01,-1,-1,-0.01,-1,-1
99926009,2026-05-18 12:41:03+05:30,53292.1,0,0.0,0,0.0,0.0,53282.15,53333.0,52783.45,53710.35,0,0.0,0.0,0.0,0.0,-0.01,-1,-1,-0.01,-1,-1,-0.01,-1,-1,-0.01,-1,-1,-0.01,-1,-1,-0.01,-1,-1,-0.01,-1,-1,-0.01,-1,-1,-0.01,-1,-1,-0.01,-1,-1
99926009,2026-05-18 12:41:03+05:30,53290.25,0,0.0,0,0.0,0.0,53282.15,53333.0,52783.45,53710.35,0,0.0,0.0,0.0,0.0,-0.01,-1,-1,-0.01,-1,-1,-0.01,-1,-1,-0.01,-1,-1,-0.01,-1,-1,-0.01,-1,-1,-0.01,-1,-1,-0.01,-1,-1,-0.01,-1,-1,-0.01,-1,-1
99926009,2026-05-18 12:41:04+05:30,53288.3,0,0.0,0,0.0,0.0,53282.15,53333.0,52783.45,53710.35,0,0.0,0.0,0.0,0.0,-0.01,-1,-1,-0.01,-1,-1,-0.01,-1,-1,-0.01,-1,-1,-0.01,-1,-1,-0.01,-1,-1,-0.01,-1,-1,-0.01,-1,-1,-0.01,-1,-1,-0.01,-1,-1
99926009,2026-05-18 12:41:04+05:30,53289.6,0,0.0,0,0.0,0.0,53282.15,53333.0,52783.45,53710.35,0,0.0,0.0,0.0,0.0,-0.01,-1,-1,-0.01,-1,-1,-0.01,-1,-1,-0.01,-1,-1,-0.01,-1,-1,-0.01,-1,-1,-0.01,-1,-1,-0.01,-1,-1,-0.01,-1,-1,-0.01,-1,-1
99926009,2026-05-18 12:41:05+05:30,53291.55,0,0.0,0,0.0,0.0,53282.15,53333.0,52783.45,53710.35,0,0.0,0.0,0.0,0.0,-0.01,-1,-1,-0.01,-1,-1,-0.01,-1,-1,-0.01,-1,-1,-0.01,-1,-1,-0.01,-1,-1,-0.01,-1,-1,-0.01,-1,-1,-0.01,-1,-1,-0.01,-1,-1
99926009,2026-05-18 12:41:05+05:30,53290.1,0,0.0,0,0.0,0.0,53282.15,53333.0,52783.45,53710.35,0,0.0,0.0,0.0,0.0,-0.01,-1,-1,-0.01,-1,-1,-0.01,-1,-1,-0.01,-1,-1,-0.01,-1,-1,-0.01,-1,-1,-0.01,-1,-1,-0.01,-1,-1,-0.01,-1,-1,-0.01,-1,-1
99926009,2026-05-18 12:41:06+05:30,53297.65,0,0.0,0,0.0,0.0,53282.15,53333.0,52783.45,53710.35,0,0.0,0.0,0.0,0.0,-0.01,-1,-1,-0.01,-1,-1,-0.01,-1,-1,-0.01,-1,-1,-0.01,-1,-1,-0.01,-1,-1,-0.01,-1,-1,-0.01,-1,-1,-0.01,-1,-1,-0.01,-1,-1
99926009,2026-05-18 12:41:06+05:30,53299.3,0,0.0,0,0.0,0.0,53282.15,53333.0,52783.45,53710.35,0,0.0,0.0,0.0,0.0,-0.01,-1,-1,-0.01,-1,-1,-0.01,-1,-1,-0.01,-1,-1,-0.01,-1,-1,-0.01,-1,-1,-0.01,-1,-1,-0.01,-1,-1,-0.01,-1,-1,-0.01,-1,-1
99926009,2026-05-18 12:41:07+05:30,53303.75,0,0.0,0,0.0,0.0,53282.15,53333.0,52783.45,53710.35,0,0.0,0.0,0.0,0.0,-0.01,-1,-1,-0.01,-1,-1,-0.01,-1,-1,-0.01,-1,-1,-0.01,-1,-1,-0.01,-1,-1,-0.01,-1,-1,-0.01,-1,-1,-0.01,-1,-1,-0.01,-1,-1
99926009,2026-05-18 12:41:07+05:30,53303.95,0,0.0,0,0.0,0.0,53282.15,53333.0,52783.45,53710.35,0,0.0,0.0,0.0,0.0,-0.01,-1,-1,-0.01,-1,-1,-0.01,-1,-1,-0.01,-1,-1,-0.01,-1,-1,-0.01,-1,-1,-0.01,-1,-1,-0.01,-1,-1,-0.01,-1,-1,-0.01,-1,-1
99926009,2026-05-18 12:41:08+05:30,53302.75,0,0.0,0,0.0,0.0,53282.15,53333.0,52783.45,53710.35,0,0.0,0.0,0.0,0.0,-0.01,-1,-1,-0.01,-1,-1,-0.01,-1,-1,-0.01,-1,-1,-0.01,-1,-1,-0.01,-1,-1,-0.01,-1,-1,-0.01,-1,-1,-0.01,-1,-1,-0.01,-1,-1
99926009,2026-05-18 12:41:08+05:30,53297.75,0,0.0,0,0.0,0.0,53282.15,53333.0,52783.45,53710.35,0,0.0,0.0,0.0,0.0,-0.01,-1,-1,-0.01,-1,-1,-0.01,-1,-1,-0.01,-1,-1,-0.01,-1,-1,-0.01,-1,-1,-0.01,-1,-1,-0.01,-1,-1,-0.01,-1,-1,-0.01,-1,-1
99926009,2026-05-18 12:41:09+05:30,53302.05,0,0.0,0,0.0,0.0,53282.15,53333.0,52783.45,53710.35,0,0.0,0.0,0.0,0.0,-0.01,-1,-1,-0.01,-1,-1,-0.01,-1,-1,-0.01,-1,-1,-0.01,-1,-1,-0.01,-1,-1,-0.01,-1,-1,-0.01,-1,-1,-0.01,-1,-1,-0.01,-1,-1
99926009,2026-05-18 12:41:09+05:30,53302.05,0,0.0,0,0.0,0.0,53282.15,53333.0,52783.45,53710.35,0,0.0,0.0,0.0,0.0,-0.01,-1,-1,-0.01,-1,-1,-0.01,-1,-1,-0.01,-1,-1,-0.01,-1,-1,-0.01,-1,-1,-0.01,-1,-1,-0.01,-1,-1,-0.01,-1,-1,-0.01,-1,-1
99926009,2026-05-18 12:41:10+05:30,53304.15,0,0.0,0,0.0,0.0,53282.15,53333.0,52783.45,53710.35,0,0.0,0.0,0.0,0.0,-0.01,-1,-1,-0.01,-1,-1,-0.01,-1,-1,-0.01,-1,-1,-0.01,-1,-1,-0.01,-1,-1,-0.01,-1,-1,-0.01,-1,-1,-0.01,-1,-1,-0.01,-1,-1
99926009,2026-05-18 12:41:10+05:30,53299.2,0,0.0,0,0.0,0.0,53282.15,53333.0,52783.45,53710.35,0,0.0,0.0,0.0,0.0,-0.01,-1,-1,-0.01,-1,-1,-0.01,-1,-1,-0.01,-1,-1,-0.01,-1,-1,-0.01,-1,-1,-0.01,-1,-1,-0.01,-1,-1,-0.01,-1,-1,-0.01,-1,-1
99926009,2026-05-18 12:41:11+05:30,53304.5,0,0.0,0,0.0,0.0,53282.15,53333.0,52783.45,53710.35,0,0.0,0.0,0.0,0.0,-0.01,-1,-1,-0.01,-1,-1,-0.01,-1,-1,-0.01,-1,-1,-0.01,-1,-1,-0.01,-1,-1,-0.01,-1,-1,-0.01,-1,-1,-0.01,-1,-1,-0.01,-1,-1
99926009,2026-05-18 12:41:11+05:30,53305.65,0,0.0,0,0.0,0.0,53282.15,53333.0,52783.45,53710.35,0,0.0,0.0,0.0,0.0,-0.01,-1,-1,-0.01,-1,-1,-0.01,-1,-1,-0.01,-1,-1,-0.01,-1,-1,-0.01,-1,-1,-0.01,-1,-1,-0.01,-1,-1,-0.01,-1,-1,-0.01,-1,-1
99926009,2026-05-18 12:41:12+05:30,53305.15,0,0.0,0,0.0,0.0,53282.15,53333.0,52783.45,53710.35,0,0.0,0.0,0.0,0.0,-0.01,-1,-1,-0.01,-1,-1,-0.01,-1,-1,-0.01,-1,-1,-0.01,-1,-1,-0.01,-1,-1,-0.01,-1,-1,-0.01,-1,-1,-0.01,-1,-1,-0.01,-1,-1
99926009,2026-05-18 12:41:12+05:30,53307.2,0,0.0,0,0.0,0.0,53282.15,53333.0,52783.45,53710.35,0,0.0,0.0,0.0,0.0,-0.01,-1,-1,-0.01,-1,-1,-0.01,-1,-1,-0.01,-1,-1,-0.01,-1,-1,-0.01,-1,-1,-0.01,-1,-1,-0.01,-1,-1,-0.01,-1,-1,-0.01,-1,-1
99926009,2026-05-18 12:41:13+05:30,53308.5,0,0.0,0,0.0,0.0,53282.15,53333.0,52783.45,53710.35,0,0.0,0.0,0.0,0.0,-0.01,-1,-1,-0.01,-1,-1,-0.01,-1,-1,-0.01,-1,-1,-0.01,-1,-1,-0.01,-1,-1,-0.01,-1,-1,-0.01,-1,-1,-0.01,-1,-1,-0.01,-1,-1
99926009,2026-05-18 12:41:13+05:30,53307.85,0,0.0,0,0.0,0.0,53282.15,53333.0,52783.45,53710.35,0,0.0,0.0,0.0,0.0,-0.01,-1,-1,-0.01,-1,-1,-0.01,-1,-1,-0.01,-1,-1,-0.01,-1,-1,-0.01,-1,-1,-0.01,-1,-1,-0.01,-1,-1,-0.01,-1,-1,-0.01,-1,-1
99926009,2026-05-18 12:41:14+05:30,53309.3,0,0.0,0,0.0,0.0,53282.15,53333.0,52783.45,53710.35,0,0.0,0.0,0.0,0.0,-0.01,-1,-1,-0.01,-1,-1,-0.01,-1,-1,-0.01,-1,-1,-0.01,-1,-1,-0.01,-1,-1,-0.01,-1,-1,-0.01,-1,-1,-0.01,-1,-1,-0.01,-1,-1
99926009,2026-05-18 12:41:14+05:30,53309.3,0,0.0,0,0.0,0.0,53282.15,53333.0,52783.45,53710.35,0,0.0,0.0,0.0,0.0,-0.01,-1,-1,-0.01,-1,-1,-0.01,-1,-1,-0.01,-1,-1,-0.01,-1,-1,-0.01,-1,-1,-0.01,-1,-1,-0.01,-1,-1,-0.01,-1,-1,-0.01,-1,-1
99926009,2026-05-18 12:41:15+05:30,53312.45,0,0.0,0,0.0,0.0,53282.15,53333.0,52783.45,53710.35,0,0.0,0.0,0.0,0.0,-0.01,-1,-1,-0.01,-1,-1,-0.01,-1,-1,-0.01,-1,-1,-0.01,-1,-1,-0.01,-1,-1,-0.01,-1,-1,-0.01,-1,-1,-0.01,-1,-1,-0.01,-1,-1
99926009,2026-05-18 12:41:15+05:30,53311.5,0,0.0,0,0.0,0.0,53282.15,53333.0,52783.45,53710.35,0,0.0,0.0,0.0,0.0,-0.01,-1,-1,-0.01,-1,-1,-0.01,-1,-1,-0.01,-1,-1,-0.01,-1,-1,-0.01,-1,-1,-0.01,-1,-1,-0.01,-1,-1,-0.01,-1,-1,-0.01,-1,-1
99926009,2026-05-18 12:41:16+05:30,53315.65,0,0.0,0,0.0,0.0,53282.15,53333.0,52783.45,53710.35,0,0.0,0.0,0.0,0.0,-0.01,-1,-1,-0.01,-1,-1,-0.01,-1,-1,-0.01,-1,-1,-0.01,-1,-1,-0.01,-1,-1,-0.01,-1,-1,-0.01,-1,-1,-0.01,-1,-1,-0.01,-1,-1
99926009,2026-05-18 12:41:17+05:30,53320.6,0,0.0,0,0.0,0.0,53282.15,53333.0,52783.45,53710.35,0,0.0,0.0,0.0,0.0,-0.01,-1,-1,-0.01,-1,-1,-0.01,-1,-1,-0.01,-1,-1,-0.01,-1,-1,-0.01,-1,-1,-0.01,-1,-1,-0.01,-1,-1,-0.01,-1,-1,-0.01,-1,-1
99926009,2026-05-18 12:41:17+05:30,53323.8,0,0.0,0,0.0,0.0,53282.15,53333.0,52783.45,53710.35,0,0.0,0.0,0.0,0.0,-0.01,-1,-1,-0.01,-1,-1,-0.01,-1,-1,-0.01,-1,-1,-0.01,-1,-1,-0.01,-1,-1,-0.01,-1,-1,-0.01,-1,-1,-0.01,-1,-1,-0.01,-1,-1
99926009,2026-05-18 12:41:17+05:30,53325.35,0,0.0,0,0.0,0.0,53282.15,53333.0,52783.45,53710.35,0,0.0,0.0,0.0,0.0,-0.01,-1,-1,-0.01,-1,-1,-0.01,-1,-1,-0.01,-1,-1,-0.01,-1,-1,-0.01,-1,-1,-0.01,-1,-1,-0.01,-1,-1,-0.01,-1,-1,-0.01,-1,-1
99926009,2026-05-18 12:41:18+05:30,53324.15,0,0.0,0,0.0,0.0,53282.15,53333.0,52783.45,53710.35,0,0.0,0.0,0.0,0.0,-0.01,-1,-1,-0.01,-1,-1,-0.01,-1,-1,-0.01,-1,-1,-0.01,-1,-1,-0.01,-1,-1,-0.01,-1,-1,-0.01,-1,-1,-0.01,-1,-1,-0.01,-1,-1
99926009,2026-05-18 12:41:19+05:30,53326.1,0,0.0,0,0.0,0.0,53282.15,53333.0,52783.45,53710.35,0,0.0,0.0,0.0,0.0,-0.01,-1,-1,-0.01,-1,-1,-0.01,-1,-1,-0.01,-1,-1,-0.01,-1,-1,-0.01,-1,-1,-0.01,-1,-1,-0.01,-1,-1,-0.01,-1,-1,-0.01,-1,-1
99926009,2026-05-18 12:41:19+05:30,53324.1,0,0.0,0,0.0,0.0,53282.15,53333.0,52783.45,53710.35,0,0.0,0.0,0.0,0.0,-0.01,-1,-1,-0.01,-1,-1,-0.01,-1,-1,-0.01,-1,-1,-0.01,-1,-1,-0.01,-1,-1,-0.01,-1,-1,-0.01,-1,-1,-0.01,-1,-1,-0.01,-1,-1
99926009,2026-05-18 12:41:19+05:30,53321.65,0,0.0,0,0.0,0.0,53282.15,53333.0,52783.45,53710.35,0,0.0,0.0,0.0,0.0,-0.01,-1,-1,-0.01,-1,-1,-0.01,-1,-1,-0.01,-1,-1,-0.01,-1,-1,-0.01,-1,-1,-0.01,-1,-1,-0.01,-1,-1,-0.01,-1,-1,-0.01,-1,-1
99926009,2026-05-18 12:41:20+05:30,53327.5,0,0.0,0,0.0,0.0,53282.15,53333.0,52783.45,53710.35,0,0.0,0.0,0.0,0.0,-0.01,-1,-1,-0.01,-1,-1,-0.01,-1,-1,-0.01,-1,-1,-0.01,-1,-1,-0.01,-1,-1,-0.01,-1,-1,-0.01,-1,-1,-0.01,-1,-1,-0.01,-1,-1
99926009,2026-05-18 12:41:20+05:30,53328.1,0,0.0,0,0.0,0.0,53282.15,53333.0,52783.45,53710.35,0,0.0,0.0,0.0,0.0,-0.01,-1,-1,-0.01,-1,-1,-0.01,-1,-1,-0.01,-1,-1,-0.01,-1,-1,-0.01,-1,-1,-0.01,-1,-1,-0.01,-1,-1,-0.01,-1,-1,-0.01,-1,-1
99926009,2026-05-18 12:41:21+05:30,53329.45,0,0.0,0,0.0,0.0,53282.15,53333.0,52783.45,53710.35,0,0.0,0.0,0.0,0.0,-0.01,-1,-1,-0.01,-1,-1,-0.01,-1,-1,-0.01,-1,-1,-0.01,-1,-1,-0.01,-1,-1,-0.01,-1,-1,-0.01,-1,-1,-0.01,-1,-1,-0.01,-1,-1
99926009,2026-05-18 12:41:21+05:30,53331.95,0,0.0,0,0.0,0.0,53282.15,53333.0,52783.45,53710.35,0,0.0,0.0,0.0,0.0,-0.01,-1,-1,-0.01,-1,-1,-0.01,-1,-1,-0.01,-1,-1,-0.01,-1,-1,-0.01,-1,-1,-0.01,-1,-1,-0.01,-1,-1,-0.01,-1,-1,-0.01,-1,-1
99926009,2026-05-18 12:41:22+05:30,53325.8,0,0.0,0,0.0,0.0,53282.15,53333.0,52783.45,53710.35,0,0.0,0.0,0.0,0.0,-0.01,-1,-1,-0.01,-1,-1,-0.01,-1,-1,-0.01,-1,-1,-0.01,-1,-1,-0.01,-1,-1,-0.01,-1,-1,-0.01,-1,-1,-0.01,-1,-1,-0.01,-1,-1
99926009,2026-05-18 12:41:23+05:30,53327.5,0,0.0,0,0.0,0.0,53282.15,53333.0,52783.45,53710.35,0,0.0,0.0,0.0,0.0,-0.01,-1,-1,-0.01,-1,-1,-0.01,-1,-1,-0.01,-1,-1,-0.01,-1,-1,-0.01,-1,-1,-0.01,-1,-1,-0.01,-1,-1,-0.01,-1,-1,-0.01,-1,-1
99926009,2026-05-18 12:41:23+05:30,53326.55,0,0.0,0,0.0,0.0,53282.15,53333.0,52783.45,53710.35,0,0.0,0.0,0.0,0.0,-0.01,-1,-1,-0.01,-1,-1,-0.01,-1,-1,-0.01,-1,-1,-0.01,-1,-1,-0.01,-1,-1,-0.01,-1,-1,-0.01,-1,-1,-0.01,-1,-1,-0.01,-1,-1
99926009,2026-05-18 12:41:23+05:30,53327.5,0,0.0,0,0.0,0.0,53282.15,53333.0,52783.45,53710.35,0,0.0,0.0,0.0,0.0,-0.01,-1,-1,-0.01,-1,-1,-0.01,-1,-1,-0.01,-1,-1,-0.01,-1,-1,-0.01,-1,-1,-0.01,-1,-1,-0.01,-1,-1,-0.01,-1,-1,-0.01,-1,-1
99926009,2026-05-18 12:41:24+05:30,53325.1,0,0.0,0,0.0,0.0,53282.15,53333.0,52783.45,53710.35,0,0.0,0.0,0.0,0.0,-0.01,-1,-1,-0.01,-1,-1,-0.01,-1,-1,-0.01,-1,-1,-0.01,-1,-1,-0.01,-1,-1,-0.01,-1,-1,-0.01,-1,-1,-0.01,-1,-1,-0.01,-1,-1
99926009,2026-05-18 12:41:25+05:30,53329.75,0,0.0,0,0.0,0.0,53282.15,53333.0,52783.45,53710.35,0,0.0,0.0,0.0,0.0,-0.01,-1,-1,-0.01,-1,-1,-0.01,-1,-1,-0.01,-1,-1,-0.01,-1,-1,-0.01,-1,-1,-0.01,-1,-1,-0.01,-1,-1,-0.01,-1,-1,-0.01,-1,-1
99926009,2026-05-18 12:41:25+05:30,53330.15,0,0.0,0,0.0,0.0,53282.15,53333.0,52783.45,53710.35,0,0.0,0.0,0.0,0.0,-0.01,-1,-1,-0.01,-1,-1,-0.01,-1,-1,-0.01,-1,-1,-0.01,-1,-1,-0.01,-1,-1,-0.01,-1,-1,-0.01,-1,-1,-0.01,-1,-1,-0.01,-1,-1
99926009,2026-05-18 12:41:25+05:30,53328.2,0,0.0,0,0.0,0.0,53282.15,53333.0,52783.45,53710.35,0,0.0,0.0,0.0,0.0,-0.01,-1,-1,-0.01,-1,-1,-0.01,-1,-1,-0.01,-1,-1,-0.01,-1,-1,-0.01,-1,-1,-0.01,-1,-1,-0.01,-1,-1,-0.01,-1,-1,-0.01,-1,-1
99926009,2026-05-18 12:41:26+05:30,53326.35,0,0.0,0,0.0,0.0,53282.15,53333.0,52783.45,53710.35,0,0.0,0.0,0.0,0.0,-0.01,-1,-1,-0.01,-1,-1,-0.01,-1,-1,-0.01,-1,-1,-0.01,-1,-1,-0.01,-1,-1,-0.01,-1,-1,-0.01,-1,-1,-0.01,-1,-1,-0.01,-1,-1
99926009,2026-05-18 12:41:26+05:30,53326.4,0,0.0,0,0.0,0.0,53282.15,53333.0,52783.45,53710.35,0,0.0,0.0,0.0,0.0,-0.01,-1,-1,-0.01,-1,-1,-0.01,-1,-1,-0.01,-1,-1,-0.01,-1,-1,-0.01,-1,-1,-0.01,-1,-1,-0.01,-1,-1,-0.01,-1,-1,-0.01,-1,-1
99926009,2026-05-18 12:41:27+05:30,53321.3,0,0.0,0,0.0,0.0,53282.15,53333.0,52783.45,53710.35,0,0.0,0.0,0.0,0.0,-0.01,-1,-1,-0.01,-1,-1,-0.01,-1,-1,-0.01,-1,-1,-0.01,-1,-1,-0.01,-1,-1,-0.01,-1,-1,-0.01,-1,-1,-0.01,-1,-1,-0.01,-1,-1
99926009,2026-05-18 12:41:28+05:30,53323.6,0,0.0,0,0.0,0.0,53282.15,53333.0,52783.45,53710.35,0,0.0,0.0,0.0,0.0,-0.01,-1,-1,-0.01,-1,-1,-0.01,-1,-1,-0.01,-1,-1,-0.01,-1,-1,-0.01,-1,-1,-0.01,-1,-1,-0.01,-1,-1,-0.01,-1,-1,-0.01,-1,-1
99926009,2026-05-18 12:41:28+05:30,53325.9,0,0.0,0,0.0,0.0,53282.15,53333.0,52783.45,53710.35,0,0.0,0.0,0.0,0.0,-0.01,-1,-1,-0.01,-1,-1,-0.01,-1,-1,-0.01,-1,-1,-0.01,-1,-1,-0.01,-1,-1,-0.01,-1,-1,-0.01,-1,-1,-0.01,-1,-1,-0.01,-1,-1
99926009,2026-05-18 12:41:29+05:30,53324.55,0,0.0,0,0.0,0.0,53282.15,53333.0,52783.45,53710.35,0,0.0,0.0,0.0,0.0,-0.01,-1,-1,-0.01,-1,-1,-0.01,-1,-1,-0.01,-1,-1,-0.01,-1,-1,-0.01,-1,-1,-0.01,-1,-1,-0.01,-1,-1,-0.01,-1,-1,-0.01,-1,-1
99926009,2026-05-18 12:41:29+05:30,53323.2,0,0.0,0,0.0,0.0,53282.15,53333.0,52783.45,53710.35,0,0.0,0.0,0.0,0.0,-0.01,-1,-1,-0.01,-1,-1,-0.01,-1,-1,-0.01,-1,-1,-0.01,-1,-1,-0.01,-1,-1,-0.01,-1,-1,-0.01,-1,-1,-0.01,-1,-1,-0.01,-1,-1
99926009,2026-05-18 12:41:30+05:30,53322.8,0,0.0,0,0.0,0.0,53282.15,53333.0,52783.45,53710.35,0,0.0,0.0,0.0,0.0,-0.01,-1,-1,-0.01,-1,-1,-0.01,-1,-1,-0.01,-1,-1,-0.01,-1,-1,-0.01,-1,-1,-0.01,-1,-1,-0.01,-1,-1,-0.01,-1,-1,-0.01,-1,-1
99926009,2026-05-18 12:41:30+05:30,53324.75,0,0.0,0,0.0,0.0,53282.15,53333.0,52783.45,53710.35,0,0.0,0.0,0.0,0.0,-0.01,-1,-1,-0.01,-1,-1,-0.01,-1,-1,-0.01,-1,-1,-0.01,-1,-1,-0.01,-1,-1,-0.01,-1,-1,-0.01,-1,-1,-0.01,-1,-1,-0.01,-1,-1
99926009,2026-05-18 12:41:31+05:30,53323.45,0,0.0,0,0.0,0.0,53282.15,53333.0,52783.45,53710.35,0,0.0,0.0,0.0,0.0,-0.01,-1,-1,-0.01,-1,-1,-0.01,-1,-1,-0.01,-1,-1,-0.01,-1,-1,-0.01,-1,-1,-0.01,-1,-1,-0.01,-1,-1,-0.01,-1,-1,-0.01,-1,-1
99926009,2026-05-18 12:41:31+05:30,53321.4,0,0.0,0,0.0,0.0,53282.15,53333.0,52783.45,53710.35,0,0.0,0.0,0.0,0.0,-0.01,-1,-1,-0.01,-1,-1,-0.01,-1,-1,-0.01,-1,-1,-0.01,-1,-1,-0.01,-1,-1,-0.01,-1,-1,-0.01,-1,-1,-0.01,-1,-1,-0.01,-1,-1
99926009,2026-05-18 12:41:32+05:30,53320.1,0,0.0,0,0.0,0.0,53282.15,53333.0,52783.45,53710.35,0,0.0,0.0,0.0,0.0,-0.01,-1,-1,-0.01,-1,-1,-0.01,-1,-1,-0.01,-1,-1,-0.01,-1,-1,-0.01,-1,-1,-0.01,-1,-1,-0.01,-1,-1,-0.01,-1,-1,-0.01,-1,-1
99926009,2026-05-18 12:41:32+05:30,53322.15,0,0.0,0,0.0,0.0,53282.15,53333.0,52783.45,53710.35,0,0.0,0.0,0.0,0.0,-0.01,-1,-1,-0.01,-1,-1,-0.01,-1,-1,-0.01,-1,-1,-0.01,-1,-1,-0.01,-1,-1,-0.01,-1,-1,-0.01,-1,-1,-0.01,-1,-1,-0.01,-1,-1
99926009,2026-05-18 12:41:33+05:30,53320.7,0,0.0,0,0.0,0.0,53282.15,53333.0,52783.45,53710.35,0,0.0,0.0,0.0,0.0,-0.01,-1,-1,-0.01,-1,-1,-0.01,-1,-1,-0.01,-1,-1,-0.01,-1,-1,-0.01,-1,-1,-0.01,-1,-1,-0.01,-1,-1,-0.01,-1,-1,-0.01,-1,-1
99926009,2026-05-18 12:41:33+05:30,53321.6,0,0.0,0,0.0,0.0,53282.15,53333.0,52783.45,53710.35,0,0.0,0.0,0.0,0.0,-0.01,-1,-1,-0.01,-1,-1,-0.01,-1,-1,-0.01,-1,-1,-0.01,-1,-1,-0.01,-1,-1,-0.01,-1,-1,-0.01,-1,-1,-0.01,-1,-1,-0.01,-1,-1
99926009,2026-05-18 12:41:34+05:30,53322.05,0,0.0,0,0.0,0.0,53282.15,53333.0,52783.45,53710.35,0,0.0,0.0,0.0,0.0,-0.01,-1,-1,-0.01,-1,-1,-0.01,-1,-1,-0.01,-1,-1,-0.01,-1,-1,-0.01,-1,-1,-0.01,-1,-1,-0.01,-1,-1,-0.01,-1,-1,-0.01,-1,-1
99926009,2026-05-18 12:41:34+05:30,53322.7,0,0.0,0,0.0,0.0,53282.15,53333.0,52783.45,53710.35,0,0.0,0.0,0.0,0.0,-0.01,-1,-1,-0.01,-1,-1,-0.01,-1,-1,-0.01,-1,-1,-0.01,-1,-1,-0.01,-1,-1,-0.01,-1,-1,-0.01,-1,-1,-0.01,-1,-1,-0.01,-1,-1
99926009,2026-05-18 12:41:35+05:30,53322.7,0,0.0,0,0.0,0.0,53282.15,53333.0,52783.45,53710.35,0,0.0,0.0,0.0,0.0,-0.01,-1,-1,-0.01,-1,-1,-0.01,-1,-1,-0.01,-1,-1,-0.01,-1,-1,-0.01,-1,-1,-0.01,-1,-1,-0.01,-1,-1,-0.01,-1,-1,-0.01,-1,-1
99926009,2026-05-18 12:41:35+05:30,53322.85,0,0.0,0,0.0,0.0,53282.15,53333.0,52783.45,53710.35,0,0.0,0.0,0.0,0.0,-0.01,-1,-1,-0.01,-1,-1,-0.01,-1,-1,-0.01,-1,-1,-0.01,-1,-1,-0.01,-1,-1,-0.01,-1,-1,-0.01,-1,-1,-0.01,-1,-1,-0.01,-1,-1
99926009,2026-05-18 12:41:36+05:30,53322.75,0,0.0,0,0.0,0.0,53282.15,53333.0,52783.45,53710.35,0,0.0,0.0,0.0,0.0,-0.01,-1,-1,-0.01,-1,-1,-0.01,-1,-1,-0.01,-1,-1,-0.01,-1,-1,-0.01,-1,-1,-0.01,-1,-1,-0.01,-1,-1,-0.01,-1,-1,-0.01,-1,-1
99926009,2026-05-18 12:41:36+05:30,53325.1,0,0.0,0,0.0,0.0,53282.15,53333.0,52783.45,53710.35,0,0.0,0.0,0.0,0.0,-0.01,-1,-1,-0.01,-1,-1,-0.01,-1,-1,-0.01,-1,-1,-0.01,-1,-1,-0.01,-1,-1,-0.01,-1,-1,-0.01,-1,-1,-0.01,-1,-1,-0.01,-1,-1
99926009,2026-05-18 12:41:37+05:30,53325.1,0,0.0,0,0.0,0.0,53282.15,53333.0,52783.45,53710.35,0,0.0,0.0,0.0,0.0,-0.01,-1,-1,-0.01,-1,-1,-0.01,-1,-1,-0.01,-1,-1,-0.01,-1,-1,-0.01,-1,-1,-0.01,-1,-1,-0.01,-1,-1,-0.01,-1,-1,-0.01,-1,-1
99926009,2026-05-18 12:41:37+05:30,53324.55,0,0.0,0,0.0,0.0,53282.15,53333.0,52783.45,53710.35,0,0.0,0.0,0.0,0.0,-0.01,-1,-1,-0.01,-1,-1,-0.01,-1,-1,-0.01,-1,-1,-0.01,-1,-1,-0.01,-1,-1,-0.01,-1,-1,-0.01,-1,-1,-0.01,-1,-1,-0.01,-1,-1
99926009,2026-05-18 12:41:38+05:30,53322.95,0,0.0,0,0.0,0.0,53282.15,53333.0,52783.45,53710.35,0,0.0,0.0,0.0,0.0,-0.01,-1,-1,-0.01,-1,-1,-0.01,-1,-1,-0.01,-1,-1,-0.01,-1,-1,-0.01,-1,-1,-0.01,-1,-1,-0.01,-1,-1,-0.01,-1,-1,-0.01,-1,-1
99926009,2026-05-18 12:41:38+05:30,53320.55,0,0.0,0,0.0,0.0,53282.15,53333.0,52783.45,53710.35,0,0.0,0.0,0.0,0.0,-0.01,-1,-1,-0.01,-1,-1,-0.01,-1,-1,-0.01,-1,-1,-0.01,-1,-1,-0.01,-1,-1,-0.01,-1,-1,-0.01,-1,-1,-0.01,-1,-1,-0.01,-1,-1
99926009,2026-05-18 12:41:39+05:30,53321.85,0,0.0,0,0.0,0.0,53282.15,53333.0,52783.45,53710.35,0,0.0,0.0,0.0,0.0,-0.01,-1,-1,-0.01,-1,-1,-0.01,-1,-1,-0.01,-1,-1,-0.01,-1,-1,-0.01,-1,-1,-0.01,-1,-1,-0.01,-1,-1,-0.01,-1,-1,-0.01,-1,-1
99926009,2026-05-18 12:41:39+05:30,53323.15,0,0.0,0,0.0,0.0,53282.15,53333.0,52783.45,53710.35,0,0.0,0.0,0.0,0.0,-0.01,-1,-1,-0.01,-1,-1,-0.01,-1,-1,-0.01,-1,-1,-0.01,-1,-1,-0.01,-1,-1,-0.01,-1,-1,-0.01,-1,-1,-0.01,-1,-1,-0.01,-1,-1
99926009,2026-05-18 12:41:40+05:30,53321.3,0,0.0,0,0.0,0.0,53282.15,53333.0,52783.45,53710.35,0,0.0,0.0,0.0,0.0,-0.01,-1,-1,-0.01,-1,-1,-0.01,-1,-1,-0.01,-1,-1,-0.01,-1,-1,-0.01,-1,-1,-0.01,-1,-1,-0.01,-1,-1,-0.01,-1,-1,-0.01,-1,-1
99926009,2026-05-18 12:41:40+05:30,53323.2,0,0.0,0,0.0,0.0,53282.15,53333.0,52783.45,53710.35,0,0.0,0.0,0.0,0.0,-0.01,-1,-1,-0.01,-1,-1,-0.01,-1,-1,-0.01,-1,-1,-0.01,-1,-1,-0.01,-1,-1,-0.01,-1,-1,-0.01,-1,-1,-0.01,-1,-1,-0.01,-1,-1
99926009,2026-05-18 12:41:41+05:30,53324.4,0,0.0,0,0.0,0.0,53282.15,53333.0,52783.45,53710.35,0,0.0,0.0,0.0,0.0,-0.01,-1,-1,-0.01,-1,-1,-0.01,-1,-1,-0.01,-1,-1,-0.01,-1,-1,-0.01,-1,-1,-0.01,-1,-1,-0.01,-1,-1,-0.01,-1,-1,-0.01,-1,-1
99926009,2026-05-18 12:41:41+05:30,53324.05,0,0.0,0,0.0,0.0,53282.15,53333.0,52783.45,53710.35,0,0.0,0.0,0.0,0.0,-0.01,-1,-1,-0.01,-1,-1,-0.01,-1,-1,-0.01,-1,-1,-0.01,-1,-1,-0.01,-1,-1,-0.01,-1,-1,-0.01,-1,-1,-0.01,-1,-1,-0.01,-1,-1
99926009,2026-05-18 12:41:42+05:30,53321.0,0,0.0,0,0.0,0.0,53282.15,53333.0,52783.45,53710.35,0,0.0,0.0,0.0,0.0,-0.01,-1,-1,-0.01,-1,-1,-0.01,-1,-1,-0.01,-1,-1,-0.01,-1,-1,-0.01,-1,-1,-0.01,-1,-1,-0.01,-1,-1,-0.01,-1,-1,-0.01,-1,-1
99926009,2026-05-18 12:41:42+05:30,53321.1,0,0.0,0,0.0,0.0,53282.15,53333.0,52783.45,53710.35,0,0.0,0.0,0.0,0.0,-0.01,-1,-1,-0.01,-1,-1,-0.01,-1,-1,-0.01,-1,-1,-0.01,-1,-1,-0.01,-1,-1,-0.01,-1,-1,-0.01,-1,-1,-0.01,-1,-1,-0.01,-1,-1
99926009,2026-05-18 12:41:43+05:30,53318.3,0,0.0,0,0.0,0.0,53282.15,53333.0,52783.45,53710.35,0,0.0,0.0,0.0,0.0,-0.01,-1,-1,-0.01,-1,-1,-0.01,-1,-1,-0.01,-1,-1,-0.01,-1,-1,-0.01,-1,-1,-0.01,-1,-1,-0.01,-1,-1,-0.01,-1,-1,-0.01,-1,-1
99926009,2026-05-18 12:41:43+05:30,53317.05,0,0.0,0,0.0,0.0,53282.15,53333.0,52783.45,53710.35,0,0.0,0.0,0.0,0.0,-0.01,-1,-1,-0.01,-1,-1,-0.01,-1,-1,-0.01,-1,-1,-0.01,-1,-1,-0.01,-1,-1,-0.01,-1,-1,-0.01,-1,-1,-0.01,-1,-1,-0.01,-1,-1
99926009,2026-05-18 12:41:44+05:30,53318.8,0,0.0,0,0.0,0.0,53282.15,53333.0,52783.45,53710.35,0,0.0,0.0,0.0,0.0,-0.01,-1,-1,-0.01,-1,-1,-0.01,-1,-1,-0.01,-1,-1,-0.01,-1,-1,-0.01,-1,-1,-0.01,-1,-1,-0.01,-1,-1,-0.01,-1,-1,-0.01,-1,-1
99926009,2026-05-18 12:41:44+05:30,53314.05,0,0.0,0,0.0,0.0,53282.15,53333.0,52783.45,53710.35,0,0.0,0.0,0.0,0.0,-0.01,-1,-1,-0.01,-1,-1,-0.01,-1,-1,-0.01,-1,-1,-0.01,-1,-1,-0.01,-1,-1,-0.01,-1,-1,-0.01,-1,-1,-0.01,-1,-1,-0.01,-1,-1
99926009,2026-05-18 12:41:45+05:30,53313.25,0,0.0,0,0.0,0.0,53282.15,53333.0,52783.45,53710.35,0,0.0,0.0,0.0,0.0,-0.01,-1,-1,-0.01,-1,-1,-0.01,-1,-1,-0.01,-1,-1,-0.01,-1,-1,-0.01,-1,-1,-0.01,-1,-1,-0.01,-1,-1,-0.01,-1,-1,-0.01,-1,-1
99926009,2026-05-18 12:41:45+05:30,53312.65,0,0.0,0,0.0,0.0,53282.15,53333.0,52783.45,53710.35,0,0.0,0.0,0.0,0.0,-0.01,-1,-1,-0.01,-1,-1,-0.01,-1,-1,-0.01,-1,-1,-0.01,-1,-1,-0.01,-1,-1,-0.01,-1,-1,-0.01,-1,-1,-0.01,-1,-1,-0.01,-1,-1
99926009,2026-05-18 12:41:46+05:30,53311.2,0,0.0,0,0.0,0.0,53282.15,53333.0,52783.45,53710.35,0,0.0,0.0,0.0,0.0,-0.01,-1,-1,-0.01,-1,-1,-0.01,-1,-1,-0.01,-1,-1,-0.01,-1,-1,-0.01,-1,-1,-0.01,-1,-1,-0.01,-1,-1,-0.01,-1,-1,-0.01,-1,-1
99926009,2026-05-18 12:41:46+05:30,53311.3,0,0.0,0,0.0,0.0,53282.15,53333.0,52783.45,53710.35,0,0.0,0.0,0.0,0.0,-0.01,-1,-1,-0.01,-1,-1,-0.01,-1,-1,-0.01,-1,-1,-0.01,-1,-1,-0.01,-1,-1,-0.01,-1,-1,-0.01,-1,-1,-0.01,-1,-1,-0.01,-1,-1
99926009,2026-05-18 12:41:47+05:30,53307.95,0,0.0,0,0.0,0.0,53282.15,53333.0,52783.45,53710.35,0,0.0,0.0,0.0,0.0,-0.01,-1,-1,-0.01,-1,-1,-0.01,-1,-1,-0.01,-1,-1,-0.01,-1,-1,-0.01,-1,-1,-0.01,-1,-1,-0.01,-1,-1,-0.01,-1,-1,-0.01,-1,-1
99926009,2026-05-18 12:41:47+05:30,53308.35,0,0.0,0,0.0,0.0,53282.15,53333.0,52783.45,53710.35,0,0.0,0.0,0.0,0.0,-0.01,-1,-1,-0.01,-1,-1,-0.01,-1,-1,-0.01,-1,-1,-0.01,-1,-1,-0.01,-1,-1,-0.01,-1,-1,-0.01,-1,-1,-0.01,-1,-1,-0.01,-1,-1
99926009,2026-05-18 12:41:48+05:30,53306.9,0,0.0,0,0.0,0.0,53282.15,53333.0,52783.45,53710.35,0,0.0,0.0,0.0,0.0,-0.01,-1,-1,-0.01,-1,-1,-0.01,-1,-1,-0.01,-1,-1,-0.01,-1,-1,-0.01,-1,-1,-0.01,-1,-1,-0.01,-1,-1,-0.01,-1,-1,-0.01,-1,-1
99926009,2026-05-18 12:41:48+05:30,53307.5,0,0.0,0,0.0,0.0,53282.15,53333.0,52783.45,53710.35,0,0.0,0.0,0.0,0.0,-0.01,-1,-1,-0.01,-1,-1,-0.01,-1,-1,-0.01,-1,-1,-0.01,-1,-1,-0.01,-1,-1,-0.01,-1,-1,-0.01,-1,-1,-0.01,-1,-1,-0.01,-1,-1
99926009,2026-05-18 12:41:49+05:30,53304.1,0,0.0,0,0.0,0.0,53282.15,53333.0,52783.45,53710.35,0,0.0,0.0,0.0,0.0,-0.01,-1,-1,-0.01,-1,-1,-0.01,-1,-1,-0.01,-1,-1,-0.01,-1,-1,-0.01,-1,-1,-0.01,-1,-1,-0.01,-1,-1,-0.01,-1,-1,-0.01,-1,-1
99926009,2026-05-18 12:41:49+05:30,53305.75,0,0.0,0,0.0,0.0,53282.15,53333.0,52783.45,53710.35,0,0.0,0.0,0.0,0.0,-0.01,-1,-1,-0.01,-1,-1,-0.01,-1,-1,-0.01,-1,-1,-0.01,-1,-1,-0.01,-1,-1,-0.01,-1,-1,-0.01,-1,-1,-0.01,-1,-1,-0.01,-1,-1
99926009,2026-05-18 12:41:50+05:30,53305.4,0,0.0,0,0.0,0.0,53282.15,53333.0,52783.45,53710.35,0,0.0,0.0,0.0,0.0,-0.01,-1,-1,-0.01,-1,-1,-0.01,-1,-1,-0.01,-1,-1,-0.01,-1,-1,-0.01,-1,-1,-0.01,-1,-1,-0.01,-1,-1,-0.01,-1,-1,-0.01,-1,-1
99926009,2026-05-18 12:41:50+05:30,53306.15,0,0.0,0,0.0,0.0,53282.15,53333.0,52783.45,53710.35,0,0.0,0.0,0.0,0.0,-0.01,-1,-1,-0.01,-1,-1,-0.01,-1,-1,-0.01,-1,-1,-0.01,-1,-1,-0.01,-1,-1,-0.01,-1,-1,-0.01,-1,-1,-0.01,-1,-1,-0.01,-1,-1
99926009,2026-05-18 12:41:51+05:30,53305.7,0,0.0,0,0.0,0.0,53282.15,53333.0,52783.45,53710.35,0,0.0,0.0,0.0,0.0,-0.01,-1,-1,-0.01,-1,-1,-0.01,-1,-1,-0.01,-1,-1,-0.01,-1,-1,-0.01,-1,-1,-0.01,-1,-1,-0.01,-1,-1,-0.01,-1,-1,-0.01,-1,-1
99926009,2026-05-18 12:41:51+05:30,53307.85,0,0.0,0,0.0,0.0,53282.15,53333.0,52783.45,53710.35,0,0.0,0.0,0.0,0.0,-0.01,-1,-1,-0.01,-1,-1,-0.01,-1,-1,-0.01,-1,-1,-0.01,-1,-1,-0.01,-1,-1,-0.01,-1,-1,-0.01,-1,-1,-0.01,-1,-1,-0.01,-1,-1
99926009,2026-05-18 12:41:52+05:30,53308.0,0,0.0,0,0.0,0.0,53282.15,53333.0,52783.45,53710.35,0,0.0,0.0,0.0,0.0,-0.01,-1,-1,-0.01,-1,-1,-0.01,-1,-1,-0.01,-1,-1,-0.01,-1,-1,-0.01,-1,-1,-0.01,-1,-1,-0.01,-1,-1,-0.01,-1,-1,-0.01,-1,-1
99926009,2026-05-18 12:41:52+05:30,53306.15,0,0.0,0,0.0,0.0,53282.15,53333.0,52783.45,53710.35,0,0.0,0.0,0.0,0.0,-0.01,-1,-1,-0.01,-1,-1,-0.01,-1,-1,-0.01,-1,-1,-0.01,-1,-1,-0.01,-1,-1,-0.01,-1,-1,-0.01,-1,-1,-0.01,-1,-1,-0.01,-1,-1
99926009,2026-05-18 12:41:53+05:30,53306.1,0,0.0,0,0.0,0.0,53282.15,53333.0,52783.45,53710.35,0,0.0,0.0,0.0,0.0,-0.01,-1,-1,-0.01,-1,-1,-0.01,-1,-1,-0.01,-1,-1,-0.01,-1,-1,-0.01,-1,-1,-0.01,-1,-1,-0.01,-1,-1,-0.01,-1,-1,-0.01,-1,-1
99926009,2026-05-18 12:41:53+05:30,53303.25,0,0.0,0,0.0,0.0,53282.15,53333.0,52783.45,53710.35,0,0.0,0.0,0.0,0.0,-0.01,-1,-1,-0.01,-1,-1,-0.01,-1,-1,-0.01,-1,-1,-0.01,-1,-1,-0.01,-1,-1,-0.01,-1,-1,-0.01,-1,-1,-0.01,-1,-1,-0.01,-1,-1
99926009,2026-05-18 12:41:54+05:30,53302.9,0,0.0,0,0.0,0.0,53282.15,53333.0,52783.45,53710.35,0,0.0,0.0,0.0,0.0,-0.01,-1,-1,-0.01,-1,-1,-0.01,-1,-1,-0.01,-1,-1,-0.01,-1,-1,-0.01,-1,-1,-0.01,-1,-1,-0.01,-1,-1,-0.01,-1,-1,-0.01,-1,-1
99926009,2026-05-18 12:41:54+05:30,53303.45,0,0.0,0,0.0,0.0,53282.15,53333.0,52783.45,53710.35,0,0.0,0.0,0.0,0.0,-0.01,-1,-1,-0.01,-1,-1,-0.01,-1,-1,-0.01,-1,-1,-0.01,-1,-1,-0.01,-1,-1,-0.01,-1,-1,-0.01,-1,-1,-0.01,-1,-1,-0.01,-1,-1
99926009,2026-05-18 12:41:55+05:30,53305.45,0,0.0,0,0.0,0.0,53282.15,53333.0,52783.45,53710.35,0,0.0,0.0,0.0,0.0,-0.01,-1,-1,-0.01,-1,-1,-0.01,-1,-1,-0.01,-1,-1,-0.01,-1,-1,-0.01,-1,-1,-0.01,-1,-1,-0.01,-1,-1,-0.01,-1,-1,-0.01,-1,-1
99926009,2026-05-18 12:41:55+05:30,53305.7,0,0.0,0,0.0,0.0,53282.15,53333.0,52783.45,53710.35,0,0.0,0.0,0.0,0.0,-0.01,-1,-1,-0.01,-1,-1,-0.01,-1,-1,-0.01,-1,-1,-0.01,-1,-1,-0.01,-1,-1,-0.01,-1,-1,-0.01,-1,-1,-0.01,-1,-1,-0.01,-1,-1
99926009,2026-05-18 12:41:56+05:30,53304.85,0,0.0,0,0.0,0.0,53282.15,53333.0,52783.45,53710.35,0,0.0,0.0,0.0,0.0,-0.01,-1,-1,-0.01,-1,-1,-0.01,-1,-1,-0.01,-1,-1,-0.01,-1,-1,-0.01,-1,-1,-0.01,-1,-1,-0.01,-1,-1,-0.01,-1,-1,-0.01,-1,-1
99926009,2026-05-18 12:41:56+05:30,53305.05,0,0.0,0,0.0,0.0,53282.15,53333.0,52783.45,53710.35,0,0.0,0.0,0.0,0.0,-0.01,-1,-1,-0.01,-1,-1,-0.01,-1,-1,-0.01,-1,-1,-0.01,-1,-1,-0.01,-1,-1,-0.01,-1,-1,-0.01,-1,-1,-0.01,-1,-1,-0.01,-1,-1
99926009,2026-05-18 12:41:57+05:30,53302.9,0,0.0,0,0.0,0.0,53282.15,53333.0,52783.45,53710.35,0,0.0,0.0,0.0,0.0,-0.01,-1,-1,-0.01,-1,-1,-0.01,-1,-1,-0.01,-1,-1,-0.01,-1,-1,-0.01,-1,-1,-0.01,-1,-1,-0.01,-1,-1,-0.01,-1,-1,-0.01,-1,-1
99926009,2026-05-18 12:41:57+05:30,53300.45,0,0.0,0,0.0,0.0,53282.15,53333.0,52783.45,53710.35,0,0.0,0.0,0.0,0.0,-0.01,-1,-1,-0.01,-1,-1,-0.01,-1,-1,-0.01,-1,-1,-0.01,-1,-1,-0.01,-1,-1,-0.01,-1,-1,-0.01,-1,-1,-0.01,-1,-1,-0.01,-1,-1
99926009,2026-05-18 12:41:58+05:30,53302.0,0,0.0,0,0.0,0.0,53282.15,53333.0,52783.45,53710.35,0,0.0,0.0,0.0,0.0,-0.01,-1,-1,-0.01,-1,-1,-0.01,-1,-1,-0.01,-1,-1,-0.01,-1,-1,-0.01,-1,-1,-0.01,-1,-1,-0.01,-1,-1,-0.01,-1,-1,-0.01,-1,-1
99926009,2026-05-18 12:41:58+05:30,53301.35,0,0.0,0,0.0,0.0,53282.15,53333.0,52783.45,53710.35,0,0.0,0.0,0.0,0.0,-0.01,-1,-1,-0.01,-1,-1,-0.01,-1,-1,-0.01,-1,-1,-0.01,-1,-1,-0.01,-1,-1,-0.01,-1,-1,-0.01,-1,-1,-0.01,-1,-1,-0.01,-1,-1
99926009,2026-05-18 12:41:59+05:30,53299.25,0,0.0,0,0.0,0.0,53282.15,53333.0,52783.45,53710.35,0,0.0,0.0,0.0,0.0,-0.01,-1,-1,-0.01,-1,-1,-0.01,-1,-1,-0.01,-1,-1,-0.01,-1,-1,-0.01,-1,-1,-0.01,-1,-1,-0.01,-1,-1,-0.01,-1,-1,-0.01,-1,-1
99926009,2026-05-18 12:41:59+05:30,53297.6,0,0.0,0,0.0,0.0,53282.15,53333.0,52783.45,53710.35,0,0.0,0.0,0.0,0.0,-0.01,-1,-1,-0.01,-1,-1,-0.01,-1,-1,-0.01,-1,-1,-0.01,-1,-1,-0.01,-1,-1,-0.01,-1,-1,-0.01,-1,-1,-0.01,-1,-1,-0.01,-1,-1
99926009,2026-05-18 12:42:00+05:30,53297.1,0,0.0,0,0.0,0.0,53282.15,53333.0,52783.45,53710.35,0,0.0,0.0,0.0,0.0,-0.01,-1,-1,-0.01,-1,-1,-0.01,-1,-1,-0.01,-1,-1,-0.01,-1,-1,-0.01,-1,-1,-0.01,-1,-1,-0.01,-1,-1,-0.01,-1,-1,-0.01,-1,-1
99926009,2026-05-18 12:42:00+05:30,53296.85,0,0.0,0,0.0,0.0,53282.15,53333.0,52783.45,53710.35,0,0.0,0.0,0.0,0.0,-0.01,-1,-1,-0.01,-1,-1,-0.01,-1,-1,-0.01,-1,-1,-0.01,-1,-1,-0.01,-1,-1,-0.01,-1,-1,-0.01,-1,-1,-0.01,-1,-1,-0.01,-1,-1
99926009,2026-05-18 12:42:01+05:30,53296.25,0,0.0,0,0.0,0.0,53282.15,53333.0,52783.45,53710.35,0,0.0,0.0,0.0,0.0,-0.01,-1,-1,-0.01,-1,-1,-0.01,-1,-1,-0.01,-1,-1,-0.01,-1,-1,-0.01,-1,-1,-0.01,-1,-1,-0.01,-1,-1,-0.01,-1,-1,-0.01,-1,-1
99926009,2026-05-18 12:42:01+05:30,53295.6,0,0.0,0,0.0,0.0,53282.15,53333.0,52783.45,53710.35,0,0.0,0.0,0.0,0.0,-0.01,-1,-1,-0.01,-1,-1,-0.01,-1,-1,-0.01,-1,-1,-0.01,-1,-1,-0.01,-1,-1,-0.01,-1,-1,-0.01,-1,-1,-0.01,-1,-1,-0.01,-1,-1
99926009,2026-05-18 12:42:02+05:30,53292.35,0,0.0,0,0.0,0.0,53282.15,53333.0,52783.45,53710.35,0,0.0,0.0,0.0,0.0,-0.01,-1,-1,-0.01,-1,-1,-0.01,-1,-1,-0.01,-1,-1,-0.01,-1,-1,-0.01,-1,-1,-0.01,-1,-1,-0.01,-1,-1,-0.01,-1,-1,-0.01,-1,-1
99926009,2026-05-18 12:42:02+05:30,53292.85,0,0.0,0,0.0,0.0,53282.15,53333.0,52783.45,53710.35,0,0.0,0.0,0.0,0.0,-0.01,-1,-1,-0.01,-1,-1,-0.01,-1,-1,-0.01,-1,-1,-0.01,-1,-1,-0.01,-1,-1,-0.01,-1,-1,-0.01,-1,-1,-0.01,-1,-1,-0.01,-1,-1
99926009,2026-05-18 12:42:03+05:30,53291.4,0,0.0,0,0.0,0.0,53282.15,53333.0,52783.45,53710.35,0,0.0,0.0,0.0,0.0,-0.01,-1,-1,-0.01,-1,-1,-0.01,-1,-1,-0.01,-1,-1,-0.01,-1,-1,-0.01,-1,-1,-0.01,-1,-1,-0.01,-1,-1,-0.01,-1,-1,-0.01,-1,-1
99926009,2026-05-18 12:42:03+05:30,53291.65,0,0.0,0,0.0,0.0,53282.15,53333.0,52783.45,53710.35,0,0.0,0.0,0.0,0.0,-0.01,-1,-1,-0.01,-1,-1,-0.01,-1,-1,-0.01,-1,-1,-0.01,-1,-1,-0.01,-1,-1,-0.01,-1,-1,-0.01,-1,-1,-0.01,-1,-1,-0.01,-1,-1
99926009,2026-05-18 12:42:04+05:30,53290.5,0,0.0,0,0.0,0.0,53282.15,53333.0,52783.45,53710.35,0,0.0,0.0,0.0,0.0,-0.01,-1,-1,-0.01,-1,-1,-0.01,-1,-1,-0.01,-1,-1,-0.01,-1,-1,-0.01,-1,-1,-0.01,-1,-1,-0.01,-1,-1,-0.01,-1,-1,-0.01,-1,-1
99926009,2026-05-18 12:42:04+05:30,53290.35,0,0.0,0,0.0,0.0,53282.15,53333.0,52783.45,53710.35,0,0.0,0.0,0.0,0.0,-0.01,-1,-1,-0.01,-1,-1,-0.01,-1,-1,-0.01,-1,-1,-0.01,-1,-1,-0.01,-1,-1,-0.01,-1,-1,-0.01,-1,-1,-0.01,-1,-1,-0.01,-1,-1
99926009,2026-05-18 12:42:05+05:30,53291.0,0,0.0,0,0.0,0.0,53282.15,53333.0,52783.45,53710.35,0,0.0,0.0,0.0,0.0,-0.01,-1,-1,-0.01,-1,-1,-0.01,-1,-1,-0.01,-1,-1,-0.01,-1,-1,-0.01,-1,-1,-0.01,-1,-1,-0.01,-1,-1,-0.01,-1,-1,-0.01,-1,-1
99926009,2026-05-18 12:42:05+05:30,53290.7,0,0.0,0,0.0,0.0,53282.15,53333.0,52783.45,53710.35,0,0.0,0.0,0.0,0.0,-0.01,-1,-1,-0.01,-1,-1,-0.01,-1,-1,-0.01,-1,-1,-0.01,-1,-1,-0.01,-1,-1,-0.01,-1,-1,-0.01,-1,-1,-0.01,-1,-1,-0.01,-1,-1
99926009,2026-05-18 12:42:06+05:30,53282.55,0,0.0,0,0.0,0.0,53282.15,53333.0,52783.45,53710.35,0,0.0,0.0,0.0,0.0,-0.01,-1,-1,-0.01,-1,-1,-0.01,-1,-1,-0.01,-1,-1,-0.01,-1,-1,-0.01,-1,-1,-0.01,-1,-1,-0.01,-1,-1,-0.01,-1,-1,-0.01,-1,-1
99926009,2026-05-18 12:42:06+05:30,53283.85,0,0.0,0,0.0,0.0,53282.15,53333.0,52783.45,53710.35,0,0.0,0.0,0.0,0.0,-0.01,-1,-1,-0.01,-1,-1,-0.01,-1,-1,-0.01,-1,-1,-0.01,-1,-1,-0.01,-1,-1,-0.01,-1,-1,-0.01,-1,-1,-0.01,-1,-1,-0.01,-1,-1
99926009,2026-05-18 12:42:07+05:30,53284.35,0,0.0,0,0.0,0.0,53282.15,53333.0,52783.45,53710.35,0,0.0,0.0,0.0,0.0,-0.01,-1,-1,-0.01,-1,-1,-0.01,-1,-1,-0.01,-1,-1,-0.01,-1,-1,-0.01,-1,-1,-0.01,-1,-1,-0.01,-1,-1,-0.01,-1,-1,-0.01,-1,-1
99926009,2026-05-18 12:42:07+05:30,53286.3,0,0.0,0,0.0,0.0,53282.15,53333.0,52783.45,53710.35,0,0.0,0.0,0.0,0.0,-0.01,-1,-1,-0.01,-1,-1,-0.01,-1,-1,-0.01,-1,-1,-0.01,-1,-1,-0.01,-1,-1,-0.01,-1,-1,-0.01,-1,-1,-0.01,-1,-1,-0.01,-1,-1
99926009,2026-05-18 12:42:08+05:30,53283.85,0,0.0,0,0.0,0.0,53282.15,53333.0,52783.45,53710.35,0,0.0,0.0,0.0,0.0,-0.01,-1,-1,-0.01,-1,-1,-0.01,-1,-1,-0.01,-1,-1,-0.01,-1,-1,-0.01,-1,-1,-0.01,-1,-1,-0.01,-1,-1,-0.01,-1,-1,-0.01,-1,-1
99926009,2026-05-18 12:42:08+05:30,53283.75,0,0.0,0,0.0,0.0,53282.15,53333.0,52783.45,53710.35,0,0.0,0.0,0.0,0.0,-0.01,-1,-1,-0.01,-1,-1,-0.01,-1,-1,-0.01,-1,-1,-0.01,-1,-1,-0.01,-1,-1,-0.01,-1,-1,-0.01,-1,-1,-0.01,-1,-1,-0.01,-1,-1
99926009,2026-05-18 12:42:09+05:30,53285.25,0,0.0,0,0.0,0.0,53282.15,53333.0,52783.45,53710.35,0,0.0,0.0,0.0,0.0,-0.01,-1,-1,-0.01,-1,-1,-0.01,-1,-1,-0.01,-1,-1,-0.01,-1,-1,-0.01,-1,-1,-0.01,-1,-1,-0.01,-1,-1,-0.01,-1,-1,-0.01,-1,-1
99926009,2026-05-18 12:42:09+05:30,53286.65,0,0.0,0,0.0,0.0,53282.15,53333.0,52783.45,53710.35,0,0.0,0.0,0.0,0.0,-0.01,-1,-1,-0.01,-1,-1,-0.01,-1,-1,-0.01,-1,-1,-0.01,-1,-1,-0.01,-1,-1,-0.01,-1,-1,-0.01,-1,-1,-0.01,-1,-1,-0.01,-1,-1
99926009,2026-05-18 12:42:10+05:30,53287.85,0,0.0,0,0.0,0.0,53282.15,53333.0,52783.45,53710.35,0,0.0,0.0,0.0,0.0,-0.01,-1,-1,-0.01,-1,-1,-0.01,-1,-1,-0.01,-1,-1,-0.01,-1,-1,-0.01,-1,-1,-0.01,-1,-1,-0.01,-1,-1,-0.01,-1,-1,-0.01,-1,-1
99926009,2026-05-18 12:42:10+05:30,53289.0,0,0.0,0,0.0,0.0,53282.15,53333.0,52783.45,53710.35,0,0.0,0.0,0.0,0.0,-0.01,-1,-1,-0.01,-1,-1,-0.01,-1,-1,-0.01,-1,-1,-0.01,-1,-1,-0.01,-1,-1,-0.01,-1,-1,-0.01,-1,-1,-0.01,-1,-1,-0.01,-1,-1
99926009,2026-05-18 12:42:11+05:30,53290.45,0,0.0,0,0.0,0.0,53282.15,53333.0,52783.45,53710.35,0,0.0,0.0,0.0,0.0,-0.01,-1,-1,-0.01,-1,-1,-0.01,-1,-1,-0.01,-1,-1,-0.01,-1,-1,-0.01,-1,-1,-0.01,-1,-1,-0.01,-1,-1,-0.01,-1,-1,-0.01,-1,-1
99926009,2026-05-18 12:42:11+05:30,53291.0,0,0.0,0,0.0,0.0,53282.15,53333.0,52783.45,53710.35,0,0.0,0.0,0.0,0.0,-0.01,-1,-1,-0.01,-1,-1,-0.01,-1,-1,-0.01,-1,-1,-0.01,-1,-1,-0.01,-1,-1,-0.01,-1,-1,-0.01,-1,-1,-0.01,-1,-1,-0.01,-1,-1
99926009,2026-05-18 12:42:12+05:30,53290.5,0,0.0,0,0.0,0.0,53282.15,53333.0,52783.45,53710.35,0,0.0,0.0,0.0,0.0,-0.01,-1,-1,-0.01,-1,-1,-0.01,-1,-1,-0.01,-1,-1,-0.01,-1,-1,-0.01,-1,-1,-0.01,-1,-1,-0.01,-1,-1,-0.01,-1,-1,-0.01,-1,-1
99926009,2026-05-18 12:42:12+05:30,53289.0,0,0.0,0,0.0,0.0,53282.15,53333.0,52783.45,53710.35,0,0.0,0.0,0.0,0.0,-0.01,-1,-1,-0.01,-1,-1,-0.01,-1,-1,-0.01,-1,-1,-0.01,-1,-1,-0.01,-1,-1,-0.01,-1,-1,-0.01,-1,-1,-0.01,-1,-1,-0.01,-1,-1
99926009,2026-05-18 12:42:13+05:30,53289.6,0,0.0,0,0.0,0.0,53282.15,53333.0,52783.45,53710.35,0,0.0,0.0,0.0,0.0,-0.01,-1,-1,-0.01,-1,-1,-0.01,-1,-1,-0.01,-1,-1,-0.01,-1,-1,-0.01,-1,-1,-0.01,-1,-1,-0.01,-1,-1,-0.01,-1,-1,-0.01,-1,-1
99926009,2026-05-18 12:42:13+05:30,53291.8,0,0.0,0,0.0,0.0,53282.15,53333.0,52783.45,53710.35,0,0.0,0.0,0.0,0.0,-0.01,-1,-1,-0.01,-1,-1,-0.01,-1,-1,-0.01,-1,-1,-0.01,-1,-1,-0.01,-1,-1,-0.01,-1,-1,-0.01,-1,-1,-0.01,-1,-1,-0.01,-1,-1
99926009,2026-05-18 12:42:14+05:30,53290.25,0,0.0,0,0.0,0.0,53282.15,53333.0,52783.45,53710.35,0,0.0,0.0,0.0,0.0,-0.01,-1,-1,-0.01,-1,-1,-0.01,-1,-1,-0.01,-1,-1,-0.01,-1,-1,-0.01,-1,-1,-0.01,-1,-1,-0.01,-1,-1,-0.01,-1,-1,-0.01,-1,-1
99926009,2026-05-18 12:42:14+05:30,53290.55,0,0.0,0,0.0,0.0,53282.15,53333.0,52783.45,53710.35,0,0.0,0.0,0.0,0.0,-0.01,-1,-1,-0.01,-1,-1,-0.01,-1,-1,-0.01,-1,-1,-0.01,-1,-1,-0.01,-1,-1,-0.01,-1,-1,-0.01,-1,-1,-0.01,-1,-1,-0.01,-1,-1
99926009,2026-05-18 12:42:15+05:30,53290.9,0,0.0,0,0.0,0.0,53282.15,53333.0,52783.45,53710.35,0,0.0,0.0,0.0,0.0,-0.01,-1,-1,-0.01,-1,-1,-0.01,-1,-1,-0.01,-1,-1,-0.01,-1,-1,-0.01,-1,-1,-0.01,-1,-1,-0.01,-1,-1,-0.01,-1,-1,-0.01,-1,-1
99926009,2026-05-18 12:42:15+05:30,53292.2,0,0.0,0,0.0,0.0,53282.15,53333.0,52783.45,53710.35,0,0.0,0.0,0.0,0.0,-0.01,-1,-1,-0.01,-1,-1,-0.01,-1,-1,-0.01,-1,-1,-0.01,-1,-1,-0.01,-1,-1,-0.01,-1,-1,-0.01,-1,-1,-0.01,-1,-1,-0.01,-1,-1
99926009,2026-05-18 12:42:16+05:30,53292.2,0,0.0,0,0.0,0.0,53282.15,53333.0,52783.45,53710.35,0,0.0,0.0,0.0,0.0,-0.01,-1,-1,-0.01,-1,-1,-0.01,-1,-1,-0.01,-1,-1,-0.01,-1,-1,-0.01,-1,-1,-0.01,-1,-1,-0.01,-1,-1,-0.01,-1,-1,-0.01,-1,-1
99926009,2026-05-18 12:42:16+05:30,53292.85,0,0.0,0,0.0,0.0,53282.15,53333.0,52783.45,53710.35,0,0.0,0.0,0.0,0.0,-0.01,-1,-1,-0.01,-1,-1,-0.01,-1,-1,-0.01,-1,-1,-0.01,-1,-1,-0.01,-1,-1,-0.01,-1,-1,-0.01,-1,-1,-0.01,-1,-1,-0.01,-1,-1
99926009,2026-05-18 12:42:17+05:30,53291.9,0,0.0,0,0.0,0.0,53282.15,53333.0,52783.45,53710.35,0,0.0,0.0,0.0,0.0,-0.01,-1,-1,-0.01,-1,-1,-0.01,-1,-1,-0.01,-1,-1,-0.01,-1,-1,-0.01,-1,-1,-0.01,-1,-1,-0.01,-1,-1,-0.01,-1,-1,-0.01,-1,-1
99926009,2026-05-18 12:42:17+05:30,53289.95,0,0.0,0,0.0,0.0,53282.15,53333.0,52783.45,53710.35,0,0.0,0.0,0.0,0.0,-0.01,-1,-1,-0.01,-1,-1,-0.01,-1,-1,-0.01,-1,-1,-0.01,-1,-1,-0.01,-1,-1,-0.01,-1,-1,-0.01,-1,-1,-0.01,-1,-1,-0.01,-1,-1
99926009,2026-05-18 12:42:18+05:30,53289.25,0,0.0,0,0.0,0.0,53282.15,53333.0,52783.45,53710.35,0,0.0,0.0,0.0,0.0,-0.01,-1,-1,-0.01,-1,-1,-0.01,-1,-1,-0.01,-1,-1,-0.01,-1,-1,-0.01,-1,-1,-0.01,-1,-1,-0.01,-1,-1,-0.01,-1,-1,-0.01,-1,-1
99926009,2026-05-18 12:42:18+05:30,53287.25,0,0.0,0,0.0,0.0,53282.15,53333.0,52783.45,53710.35,0,0.0,0.0,0.0,0.0,-0.01,-1,-1,-0.01,-1,-1,-0.01,-1,-1,-0.01,-1,-1,-0.01,-1,-1,-0.01,-1,-1,-0.01,-1,-1,-0.01,-1,-1,-0.01,-1,-1,-0.01,-1,-1
99926009,2026-05-18 12:42:19+05:30,53287.5,0,0.0,0,0.0,0.0,53282.15,53333.0,52783.45,53710.35,0,0.0,0.0,0.0,0.0,-0.01,-1,-1,-0.01,-1,-1,-0.01,-1,-1,-0.01,-1,-1,-0.01,-1,-1,-0.01,-1,-1,-0.01,-1,-1,-0.01,-1,-1,-0.01,-1,-1,-0.01,-1,-1
99926009,2026-05-18 12:42:19+05:30,53287.8,0,0.0,0,0.0,0.0,53282.15,53333.0,52783.45,53710.35,0,0.0,0.0,0.0,0.0,-0.01,-1,-1,-0.01,-1,-1,-0.01,-1,-1,-0.01,-1,-1,-0.01,-1,-1,-0.01,-1,-1,-0.01,-1,-1,-0.01,-1,-1,-0.01,-1,-1,-0.01,-1,-1
99926009,2026-05-18 12:42:20+05:30,53286.0,0,0.0,0,0.0,0.0,53282.15,53333.0,52783.45,53710.35,0,0.0,0.0,0.0,0.0,-0.01,-1,-1,-0.01,-1,-1,-0.01,-1,-1,-0.01,-1,-1,-0.01,-1,-1,-0.01,-1,-1,-0.01,-1,-1,-0.01,-1,-1,-0.01,-1,-1,-0.01,-1,-1
99926009,2026-05-18 12:42:20+05:30,53284.4,0,0.0,0,0.0,0.0,53282.15,53333.0,52783.45,53710.35,0,0.0,0.0,0.0,0.0,-0.01,-1,-1,-0.01,-1,-1,-0.01,-1,-1,-0.01,-1,-1,-0.01,-1,-1,-0.01,-1,-1,-0.01,-1,-1,-0.01,-1,-1,-0.01,-1,-1,-0.01,-1,-1
99926009,2026-05-18 12:42:21+05:30,53281.15,0,0.0,0,0.0,0.0,53282.15,53333.0,52783.45,53710.35,0,0.0,0.0,0.0,0.0,-0.01,-1,-1,-0.01,-1,-1,-0.01,-1,-1,-0.01,-1,-1,-0.01,-1,-1,-0.01,-1,-1,-0.01,-1,-1,-0.01,-1,-1,-0.01,-1,-1,-0.01,-1,-1
99926009,2026-05-18 12:42:21+05:30,53285.5,0,0.0,0,0.0,0.0,53282.15,53333.0,52783.45,53710.35,0,0.0,0.0,0.0,0.0,-0.01,-1,-1,-0.01,-1,-1,-0.01,-1,-1,-0.01,-1,-1,-0.01,-1,-1,-0.01,-1,-1,-0.01,-1,-1,-0.01,-1,-1,-0.01,-1,-1,-0.01,-1,-1
99926009,2026-05-18 12:42:22+05:30,53285.95,0,0.0,0,0.0,0.0,53282.15,53333.0,52783.45,53710.35,0,0.0,0.0,0.0,0.0,-0.01,-1,-1,-0.01,-1,-1,-0.01,-1,-1,-0.01,-1,-1,-0.01,-1,-1,-0.01,-1,-1,-0.01,-1,-1,-0.01,-1,-1,-0.01,-1,-1,-0.01,-1,-1
99926009,2026-05-18 12:42:22+05:30,53287.45,0,0.0,0,0.0,0.0,53282.15,53333.0,52783.45,53710.35,0,0.0,0.0,0.0,0.0,-0.01,-1,-1,-0.01,-1,-1,-0.01,-1,-1,-0.01,-1,-1,-0.01,-1,-1,-0.01,-1,-1,-0.01,-1,-1,-0.01,-1,-1,-0.01,-1,-1,-0.01,-1,-1
99926009,2026-05-18 12:42:23+05:30,53288.15,0,0.0,0,0.0,0.0,53282.15,53333.0,52783.45,53710.35,0,0.0,0.0,0.0,0.0,-0.01,-1,-1,-0.01,-1,-1,-0.01,-1,-1,-0.01,-1,-1,-0.01,-1,-1,-0.01,-1,-1,-0.01,-1,-1,-0.01,-1,-1,-0.01,-1,-1,-0.01,-1,-1
99926009,2026-05-18 12:42:23+05:30,53287.9,0,0.0,0,0.0,0.0,53282.15,53333.0,52783.45,53710.35,0,0.0,0.0,0.0,0.0,-0.01,-1,-1,-0.01,-1,-1,-0.01,-1,-1,-0.01,-1,-1,-0.01,-1,-1,-0.01,-1,-1,-0.01,-1,-1,-0.01,-1,-1,-0.01,-1,-1,-0.01,-1,-1
99926009,2026-05-18 12:42:24+05:30,53288.2,0,0.0,0,0.0,0.0,53282.15,53333.0,52783.45,53710.35,0,0.0,0.0,0.0,0.0,-0.01,-1,-1,-0.01,-1,-1,-0.01,-1,-1,-0.01,-1,-1,-0.01,-1,-1,-0.01,-1,-1,-0.01,-1,-1,-0.01,-1,-1,-0.01,-1,-1,-0.01,-1,-1
99926009,2026-05-18 12:42:24+05:30,53285.5,0,0.0,0,0.0,0.0,53282.15,53333.0,52783.45,53710.35,0,0.0,0.0,0.0,0.0,-0.01,-1,-1,-0.01,-1,-1,-0.01,-1,-1,-0.01,-1,-1,-0.01,-1,-1,-0.01,-1,-1,-0.01,-1,-1,-0.01,-1,-1,-0.01,-1,-1,-0.01,-1,-1
99926009,2026-05-18 12:42:25+05:30,53291.35,0,0.0,0,0.0,0.0,53282.15,53333.0,52783.45,53710.35,0,0.0,0.0,0.0,0.0,-0.01,-1,-1,-0.01,-1,-1,-0.01,-1,-1,-0.01,-1,-1,-0.01,-1,-1,-0.01,-1,-1,-0.01,-1,-1,-0.01,-1,-1,-0.01,-1,-1,-0.01,-1,-1
99926009,2026-05-18 12:42:25+05:30,53293.4,0,0.0,0,0.0,0.0,53282.15,53333.0,52783.45,53710.35,0,0.0,0.0,0.0,0.0,-0.01,-1,-1,-0.01,-1,-1,-0.01,-1,-1,-0.01,-1,-1,-0.01,-1,-1,-0.01,-1,-1,-0.01,-1,-1,-0.01,-1,-1,-0.01,-1,-1,-0.01,-1,-1
99926009,2026-05-18 12:42:26+05:30,53294.85,0,0.0,0,0.0,0.0,53282.15,53333.0,52783.45,53710.35,0,0.0,0.0,0.0,0.0,-0.01,-1,-1,-0.01,-1,-1,-0.01,-1,-1,-0.01,-1,-1,-0.01,-1,-1,-0.01,-1,-1,-0.01,-1,-1,-0.01,-1,-1,-0.01,-1,-1,-0.01,-1,-1
99926009,2026-05-18 12:42:26+05:30,53295.35,0,0.0,0,0.0,0.0,53282.15,53333.0,52783.45,53710.35,0,0.0,0.0,0.0,0.0,-0.01,-1,-1,-0.01,-1,-1,-0.01,-1,-1,-0.01,-1,-1,-0.01,-1,-1,-0.01,-1,-1,-0.01,-1,-1,-0.01,-1,-1,-0.01,-1,-1,-0.01,-1,-1
99926009,2026-05-18 12:42:27+05:30,53294.45,0,0.0,0,0.0,0.0,53282.15,53333.0,52783.45,53710.35,0,0.0,0.0,0.0,0.0,-0.01,-1,-1,-0.01,-1,-1,-0.01,-1,-1,-0.01,-1,-1,-0.01,-1,-1,-0.01,-1,-1,-0.01,-1,-1,-0.01,-1,-1,-0.01,-1,-1,-0.01,-1,-1
99926009,2026-05-18 12:42:27+05:30,53287.0,0,0.0,0,0.0,0.0,53282.15,53333.0,52783.45,53710.35,0,0.0,0.0,0.0,0.0,-0.01,-1,-1,-0.01,-1,-1,-0.01,-1,-1,-0.01,-1,-1,-0.01,-1,-1,-0.01,-1,-1,-0.01,-1,-1,-0.01,-1,-1,-0.01,-1,-1,-0.01,-1,-1
99926009,2026-05-18 12:42:28+05:30,53290.65,0,0.0,0,0.0,0.0,53282.15,53333.0,52783.45,53710.35,0,0.0,0.0,0.0,0.0,-0.01,-1,-1,-0.01,-1,-1,-0.01,-1,-1,-0.01,-1,-1,-0.01,-1,-1,-0.01,-1,-1,-0.01,-1,-1,-0.01,-1,-1,-0.01,-1,-1,-0.01,-1,-1
99926009,2026-05-18 12:42:28+05:30,53292.5,0,0.0,0,0.0,0.0,53282.15,53333.0,52783.45,53710.35,0,0.0,0.0,0.0,0.0,-0.01,-1,-1,-0.01,-1,-1,-0.01,-1,-1,-0.01,-1,-1,-0.01,-1,-1,-0.01,-1,-1,-0.01,-1,-1,-0.01,-1,-1,-0.01,-1,-1,-0.01,-1,-1
99926009,2026-05-18 12:42:29+05:30,53286.8,0,0.0,0,0.0,0.0,53282.15,53333.0,52783.45,53710.35,0,0.0,0.0,0.0,0.0,-0.01,-1,-1,-0.01,-1,-1,-0.01,-1,-1,-0.01,-1,-1,-0.01,-1,-1,-0.01,-1,-1,-0.01,-1,-1,-0.01,-1,-1,-0.01,-1,-1,-0.01,-1,-1
99926009,2026-05-18 12:42:29+05:30,53291.8,0,0.0,0,0.0,0.0,53282.15,53333.0,52783.45,53710.35,0,0.0,0.0,0.0,0.0,-0.01,-1,-1,-0.01,-1,-1,-0.01,-1,-1,-0.01,-1,-1,-0.01,-1,-1,-0.01,-1,-1,-0.01,-1,-1,-0.01,-1,-1,-0.01,-1,-1,-0.01,-1,-1
99926009,2026-05-18 12:42:30+05:30,53290.65,0,0.0,0,0.0,0.0,53282.15,53333.0,52783.45,53710.35,0,0.0,0.0,0.0,0.0,-0.01,-1,-1,-0.01,-1,-1,-0.01,-1,-1,-0.01,-1,-1,-0.01,-1,-1,-0.01,-1,-1,-0.01,-1,-1,-0.01,-1,-1,-0.01,-1,-1,-0.01,-1,-1
99926009,2026-05-18 12:42:30+05:30,53288.75,0,0.0,0,0.0,0.0,53282.15,53333.0,52783.45,53710.35,0,0.0,0.0,0.0,0.0,-0.01,-1,-1,-0.01,-1,-1,-0.01,-1,-1,-0.01,-1,-1,-0.01,-1,-1,-0.01,-1,-1,-0.01,-1,-1,-0.01,-1,-1,-0.01,-1,-1,-0.01,-1,-1
99926009,2026-05-18 12:42:31+05:30,53288.55,0,0.0,0,0.0,0.0,53282.15,53333.0,52783.45,53710.35,0,0.0,0.0,0.0,0.0,-0.01,-1,-1,-0.01,-1,-1,-0.01,-1,-1,-0.01,-1,-1,-0.01,-1,-1,-0.01,-1,-1,-0.01,-1,-1,-0.01,-1,-1,-0.01,-1,-1,-0.01,-1,-1
99926009,2026-05-18 12:42:31+05:30,53285.8,0,0.0,0,0.0,0.0,53282.15,53333.0,52783.45,53710.35,0,0.0,0.0,0.0,0.0,-0.01,-1,-1,-0.01,-1,-1,-0.01,-1,-1,-0.01,-1,-1,-0.01,-1,-1,-0.01,-1,-1,-0.01,-1,-1,-0.01,-1,-1,-0.01,-1,-1,-0.01,-1,-1
99926009,2026-05-18 12:42:32+05:30,53286.7,0,0.0,0,0.0,0.0,53282.15,53333.0,52783.45,53710.35,0,0.0,0.0,0.0,0.0,-0.01,-1,-1,-0.01,-1,-1,-0.01,-1,-1,-0.01,-1,-1,-0.01,-1,-1,-0.01,-1,-1,-0.01,-1,-1,-0.01,-1,-1,-0.01,-1,-1,-0.01,-1,-1
99926009,2026-05-18 12:42:32+05:30,53283.95,0,0.0,0,0.0,0.0,53282.15,53333.0,52783.45,53710.35,0,0.0,0.0,0.0,0.0,-0.01,-1,-1,-0.01,-1,-1,-0.01,-1,-1,-0.01,-1,-1,-0.01,-1,-1,-0.01,-1,-1,-0.01,-1,-1,-0.01,-1,-1,-0.01,-1,-1,-0.01,-1,-1
99926009,2026-05-18 12:42:33+05:30,53282.35,0,0.0,0,0.0,0.0,53282.15,53333.0,52783.45,53710.35,0,0.0,0.0,0.0,0.0,-0.01,-1,-1,-0.01,-1,-1,-0.01,-1,-1,-0.01,-1,-1,-0.01,-1,-1,-0.01,-1,-1,-0.01,-1,-1,-0.01,-1,-1,-0.01,-1,-1,-0.01,-1,-1
99926009,2026-05-18 12:42:33+05:30,53280.05,0,0.0,0,0.0,0.0,53282.15,53333.0,52783.45,53710.35,0,0.0,0.0,0.0,0.0,-0.01,-1,-1,-0.01,-1,-1,-0.01,-1,-1,-0.01,-1,-1,-0.01,-1,-1,-0.01,-1,-1,-0.01,-1,-1,-0.01,-1,-1,-0.01,-1,-1,-0.01,-1,-1
99926009,2026-05-18 12:42:34+05:30,53280.0,0,0.0,0,0.0,0.0,53282.15,53333.0,52783.45,53710.35,0,0.0,0.0,0.0,0.0,-0.01,-1,-1,-0.01,-1,-1,-0.01,-1,-1,-0.01,-1,-1,-0.01,-1,-1,-0.01,-1,-1,-0.01,-1,-1,-0.01,-1,-1,-0.01,-1,-1,-0.01,-1,-1
99926009,2026-05-18 12:42:34+05:30,53277.05,0,0.0,0,0.0,0.0,53282.15,53333.0,52783.45,53710.35,0,0.0,0.0,0.0,0.0,-0.01,-1,-1,-0.01,-1,-1,-0.01,-1,-1,-0.01,-1,-1,-0.01,-1,-1,-0.01,-1,-1,-0.01,-1,-1,-0.01,-1,-1,-0.01,-1,-1,-0.01,-1,-1
99926009,2026-05-18 12:42:35+05:30,53280.6,0,0.0,0,0.0,0.0,53282.15,53333.0,52783.45,53710.35,0,0.0,0.0,0.0,0.0,-0.01,-1,-1,-0.01,-1,-1,-0.01,-1,-1,-0.01,-1,-1,-0.01,-1,-1,-0.01,-1,-1,-0.01,-1,-1,-0.01,-1,-1,-0.01,-1,-1,-0.01,-1,-1
99926009,2026-05-18 12:42:35+05:30,53276.9,0,0.0,0,0.0,0.0,53282.15,53333.0,52783.45,53710.35,0,0.0,0.0,0.0,0.0,-0.01,-1,-1,-0.01,-1,-1,-0.01,-1,-1,-0.01,-1,-1,-0.01,-1,-1,-0.01,-1,-1,-0.01,-1,-1,-0.01,-1,-1,-0.01,-1,-1,-0.01,-1,-1
99926009,2026-05-18 12:42:36+05:30,53272.35,0,0.0,0,0.0,0.0,53282.15,53333.0,52783.45,53710.35,0,0.0,0.0,0.0,0.0,-0.01,-1,-1,-0.01,-1,-1,-0.01,-1,-1,-0.01,-1,-1,-0.01,-1,-1,-0.01,-1,-1,-0.01,-1,-1,-0.01,-1,-1,-0.01,-1,-1,-0.01,-1,-1
99926009,2026-05-18 12:42:36+05:30,53270.25,0,0.0,0,0.0,0.0,53282.15,53333.0,52783.45,53710.35,0,0.0,0.0,0.0,0.0,-0.01,-1,-1,-0.01,-1,-1,-0.01,-1,-1,-0.01,-1,-1,-0.01,-1,-1,-0.01,-1,-1,-0.01,-1,-1,-0.01,-1,-1,-0.01,-1,-1,-0.01,-1,-1
99926009,2026-05-18 12:42:37+05:30,53271.95,0,0.0,0,0.0,0.0,53282.15,53333.0,52783.45,53710.35,0,0.0,0.0,0.0,0.0,-0.01,-1,-1,-0.01,-1,-1,-0.01,-1,-1,-0.01,-1,-1,-0.01,-1,-1,-0.01,-1,-1,-0.01,-1,-1,-0.01,-1,-1,-0.01,-1,-1,-0.01,-1,-1
99926009,2026-05-18 12:42:37+05:30,53269.25,0,0.0,0,0.0,0.0,53282.15,53333.0,52783.45,53710.35,0,0.0,0.0,0.0,0.0,-0.01,-1,-1,-0.01,-1,-1,-0.01,-1,-1,-0.01,-1,-1,-0.01,-1,-1,-0.01,-1,-1,-0.01,-1,-1,-0.01,-1,-1,-0.01,-1,-1,-0.01,-1,-1
99926009,2026-05-18 12:42:38+05:30,53268.35,0,0.0,0,0.0,0.0,53282.15,53333.0,52783.45,53710.35,0,0.0,0.0,0.0,0.0,-0.01,-1,-1,-0.01,-1,-1,-0.01,-1,-1,-0.01,-1,-1,-0.01,-1,-1,-0.01,-1,-1,-0.01,-1,-1,-0.01,-1,-1,-0.01,-1,-1,-0.01,-1,-1
99926009,2026-05-18 12:42:38+05:30,53266.65,0,0.0,0,0.0,0.0,53282.15,53333.0,52783.45,53710.35,0,0.0,0.0,0.0,0.0,-0.01,-1,-1,-0.01,-1,-1,-0.01,-1,-1,-0.01,-1,-1,-0.01,-1,-1,-0.01,-1,-1,-0.01,-1,-1,-0.01,-1,-1,-0.01,-1,-1,-0.01,-1,-1
99926009,2026-05-18 12:42:39+05:30,53265.4,0,0.0,0,0.0,0.0,53282.15,53333.0,52783.45,53710.35,0,0.0,0.0,0.0,0.0,-0.01,-1,-1,-0.01,-1,-1,-0.01,-1,-1,-0.01,-1,-1,-0.01,-1,-1,-0.01,-1,-1,-0.01,-1,-1,-0.01,-1,-1,-0.01,-1,-1,-0.01,-1,-1
99926009,2026-05-18 12:42:39+05:30,53266.9,0,0.0,0,0.0,0.0,53282.15,53333.0,52783.45,53710.35,0,0.0,0.0,0.0,0.0,-0.01,-1,-1,-0.01,-1,-1,-0.01,-1,-1,-0.01,-1,-1,-0.01,-1,-1,-0.01,-1,-1,-0.01,-1,-1,-0.01,-1,-1,-0.01,-1,-1,-0.01,-1,-1
99926009,2026-05-18 12:42:40+05:30,53263.35,0,0.0,0,0.0,0.0,53282.15,53333.0,52783.45,53710.35,0,0.0,0.0,0.0,0.0,-0.01,-1,-1,-0.01,-1,-1,-0.01,-1,-1,-0.01,-1,-1,-0.01,-1,-1,-0.01,-1,-1,-0.01,-1,-1,-0.01,-1,-1,-0.01,-1,-1,-0.01,-1,-1
99926009,2026-05-18 12:42:40+05:30,53265.4,0,0.0,0,0.0,0.0,53282.15,53333.0,52783.45,53710.35,0,0.0,0.0,0.0,0.0,-0.01,-1,-1,-0.01,-1,-1,-0.01,-1,-1,-0.01,-1,-1,-0.01,-1,-1,-0.01,-1,-1,-0.01,-1,-1,-0.01,-1,-1,-0.01,-1,-1,-0.01,-1,-1
99926009,2026-05-18 12:42:41+05:30,53266.05,0,0.0,0,0.0,0.0,53282.15,53333.0,52783.45,53710.35,0,0.0,0.0,0.0,0.0,-0.01,-1,-1,-0.01,-1,-1,-0.01,-1,-1,-0.01,-1,-1,-0.01,-1,-1,-0.01,-1,-1,-0.01,-1,-1,-0.01,-1,-1,-0.01,-1,-1,-0.01,-1,-1
99926009,2026-05-18 12:42:41+05:30,53265.8,0,0.0,0,0.0,0.0,53282.15,53333.0,52783.45,53710.35,0,0.0,0.0,0.0,0.0,-0.01,-1,-1,-0.01,-1,-1,-0.01,-1,-1,-0.01,-1,-1,-0.01,-1,-1,-0.01,-1,-1,-0.01,-1,-1,-0.01,-1,-1,-0.01,-1,-1,-0.01,-1,-1
99926009,2026-05-18 12:42:42+05:30,53262.1,0,0.0,0,0.0,0.0,53282.15,53333.0,52783.45,53710.35,0,0.0,0.0,0.0,0.0,-0.01,-1,-1,-0.01,-1,-1,-0.01,-1,-1,-0.01,-1,-1,-0.01,-1,-1,-0.01,-1,-1,-0.01,-1,-1,-0.01,-1,-1,-0.01,-1,-1,-0.01,-1,-1
99926009,2026-05-18 12:42:42+05:30,53260.9,0,0.0,0,0.0,0.0,53282.15,53333.0,52783.45,53710.35,0,0.0,0.0,0.0,0.0,-0.01,-1,-1,-0.01,-1,-1,-0.01,-1,-1,-0.01,-1,-1,-0.01,-1,-1,-0.01,-1,-1,-0.01,-1,-1,-0.01,-1,-1,-0.01,-1,-1,-0.01,-1,-1
99926009,2026-05-18 12:42:43+05:30,53257.0,0,0.0,0,0.0,0.0,53282.15,53333.0,52783.45,53710.35,0,0.0,0.0,0.0,0.0,-0.01,-1,-1,-0.01,-1,-1,-0.01,-1,-1,-0.01,-1,-1,-0.01,-1,-1,-0.01,-1,-1,-0.01,-1,-1,-0.01,-1,-1,-0.01,-1,-1,-0.01,-1,-1
99926009,2026-05-18 12:42:43+05:30,53257.3,0,0.0,0,0.0,0.0,53282.15,53333.0,52783.45,53710.35,0,0.0,0.0,0.0,0.0,-0.01,-1,-1,-0.01,-1,-1,-0.01,-1,-1,-0.01,-1,-1,-0.01,-1,-1,-0.01,-1,-1,-0.01,-1,-1,-0.01,-1,-1,-0.01,-1,-1,-0.01,-1,-1
99926009,2026-05-18 12:42:44+05:30,53258.6,0,0.0,0,0.0,0.0,53282.15,53333.0,52783.45,53710.35,0,0.0,0.0,0.0,0.0,-0.01,-1,-1,-0.01,-1,-1,-0.01,-1,-1,-0.01,-1,-1,-0.01,-1,-1,-0.01,-1,-1,-0.01,-1,-1,-0.01,-1,-1,-0.01,-1,-1,-0.01,-1,-1
99926009,2026-05-18 12:42:44+05:30,53261.05,0,0.0,0,0.0,0.0,53282.15,53333.0,52783.45,53710.35,0,0.0,0.0,0.0,0.0,-0.01,-1,-1,-0.01,-1,-1,-0.01,-1,-1,-0.01,-1,-1,-0.01,-1,-1,-0.01,-1,-1,-0.01,-1,-1,-0.01,-1,-1,-0.01,-1,-1,-0.01,-1,-1
99926009,2026-05-18 12:42:45+05:30,53257.1,0,0.0,0,0.0,0.0,53282.15,53333.0,52783.45,53710.35,0,0.0,0.0,0.0,0.0,-0.01,-1,-1,-0.01,-1,-1,-0.01,-1,-1,-0.01,-1,-1,-0.01,-1,-1,-0.01,-1,-1,-0.01,-1,-1,-0.01,-1,-1,-0.01,-1,-1,-0.01,-1,-1
99926009,2026-05-18 12:42:45+05:30,53262.25,0,0.0,0,0.0,0.0,53282.15,53333.0,52783.45,53710.35,0,0.0,0.0,0.0,0.0,-0.01,-1,-1,-0.01,-1,-1,-0.01,-1,-1,-0.01,-1,-1,-0.01,-1,-1,-0.01,-1,-1,-0.01,-1,-1,-0.01,-1,-1,-0.01,-1,-1,-0.01,-1,-1
99926009,2026-05-18 12:42:46+05:30,53260.2,0,0.0,0,0.0,0.0,53282.15,53333.0,52783.45,53710.35,0,0.0,0.0,0.0,0.0,-0.01,-1,-1,-0.01,-1,-1,-0.01,-1,-1,-0.01,-1,-1,-0.01,-1,-1,-0.01,-1,-1,-0.01,-1,-1,-0.01,-1,-1,-0.01,-1,-1,-0.01,-1,-1
99926009,2026-05-18 12:42:46+05:30,53262.85,0,0.0,0,0.0,0.0,53282.15,53333.0,52783.45,53710.35,0,0.0,0.0,0.0,0.0,-0.01,-1,-1,-0.01,-1,-1,-0.01,-1,-1,-0.01,-1,-1,-0.01,-1,-1,-0.01,-1,-1,-0.01,-1,-1,-0.01,-1,-1,-0.01,-1,-1,-0.01,-1,-1
99926009,2026-05-18 12:42:47+05:30,53261.7,0,0.0,0,0.0,0.0,53282.15,53333.0,52783.45,53710.35,0,0.0,0.0,0.0,0.0,-0.01,-1,-1,-0.01,-1,-1,-0.01,-1,-1,-0.01,-1,-1,-0.01,-1,-1,-0.01,-1,-1,-0.01,-1,-1,-0.01,-1,-1,-0.01,-1,-1,-0.01,-1,-1
99926009,2026-05-18 12:42:47+05:30,53260.25,0,0.0,0,0.0,0.0,53282.15,53333.0,52783.45,53710.35,0,0.0,0.0,0.0,0.0,-0.01,-1,-1,-0.01,-1,-1,-0.01,-1,-1,-0.01,-1,-1,-0.01,-1,-1,-0.01,-1,-1,-0.01,-1,-1,-0.01,-1,-1,-0.01,-1,-1,-0.01,-1,-1
99926009,2026-05-18 12:42:48+05:30,53264.5,0,0.0,0,0.0,0.0,53282.15,53333.0,52783.45,53710.35,0,0.0,0.0,0.0,0.0,-0.01,-1,-1,-0.01,-1,-1,-0.01,-1,-1,-0.01,-1,-1,-0.01,-1,-1,-0.01,-1,-1,-0.01,-1,-1,-0.01,-1,-1,-0.01,-1,-1,-0.01,-1,-1
99926009,2026-05-18 12:42:48+05:30,53262.1,0,0.0,0,0.0,0.0,53282.15,53333.0,52783.45,53710.35,0,0.0,0.0,0.0,0.0,-0.01,-1,-1,-0.01,-1,-1,-0.01,-1,-1,-0.01,-1,-1,-0.01,-1,-1,-0.01,-1,-1,-0.01,-1,-1,-0.01,-1,-1,-0.01,-1,-1,-0.01,-1,-1
99926009,2026-05-18 12:42:49+05:30,53257.35,0,0.0,0,0.0,0.0,53282.15,53333.0,52783.45,53710.35,0,0.0,0.0,0.0,0.0,-0.01,-1,-1,-0.01,-1,-1,-0.01,-1,-1,-0.01,-1,-1,-0.01,-1,-1,-0.01,-1,-1,-0.01,-1,-1,-0.01,-1,-1,-0.01,-1,-1,-0.01,-1,-1
99926009,2026-05-18 12:42:49+05:30,53261.5,0,0.0,0,0.0,0.0,53282.15,53333.0,52783.45,53710.35,0,0.0,0.0,0.0,0.0,-0.01,-1,-1,-0.01,-1,-1,-0.01,-1,-1,-0.01,-1,-1,-0.01,-1,-1,-0.01,-1,-1,-0.01,-1,-1,-0.01,-1,-1,-0.01,-1,-1,-0.01,-1,-1
99926009,2026-05-18 12:42:50+05:30,53263.4,0,0.0,0,0.0,0.0,53282.15,53333.0,52783.45,53710.35,0,0.0,0.0,0.0,0.0,-0.01,-1,-1,-0.01,-1,-1,-0.01,-1,-1,-0.01,-1,-1,-0.01,-1,-1,-0.01,-1,-1,-0.01,-1,-1,-0.01,-1,-1,-0.01,-1,-1,-0.01,-1,-1
99926009,2026-05-18 12:42:50+05:30,53264.3,0,0.0,0,0.0,0.0,53282.15,53333.0,52783.45,53710.35,0,0.0,0.0,0.0,0.0,-0.01,-1,-1,-0.01,-1,-1,-0.01,-1,-1,-0.01,-1,-1,-0.01,-1,-1,-0.01,-1,-1,-0.01,-1,-1,-0.01,-1,-1,-0.01,-1,-1,-0.01,-1,-1
99926009,2026-05-18 12:42:51+05:30,53261.35,0,0.0,0,0.0,0.0,53282.15,53333.0,52783.45,53710.35,0,0.0,0.0,0.0,0.0,-0.01,-1,-1,-0.01,-1,-1,-0.01,-1,-1,-0.01,-1,-1,-0.01,-1,-1,-0.01,-1,-1,-0.01,-1,-1,-0.01,-1,-1,-0.01,-1,-1,-0.01,-1,-1
99926009,2026-05-18 12:42:51+05:30,53261.55,0,0.0,0,0.0,0.0,53282.15,53333.0,52783.45,53710.35,0,0.0,0.0,0.0,0.0,-0.01,-1,-1,-0.01,-1,-1,-0.01,-1,-1,-0.01,-1,-1,-0.01,-1,-1,-0.01,-1,-1,-0.01,-1,-1,-0.01,-1,-1,-0.01,-1,-1,-0.01,-1,-1
99926009,2026-05-18 12:42:52+05:30,53262.95,0,0.0,0,0.0,0.0,53282.15,53333.0,52783.45,53710.35,0,0.0,0.0,0.0,0.0,-0.01,-1,-1,-0.01,-1,-1,-0.01,-1,-1,-0.01,-1,-1,-0.01,-1,-1,-0.01,-1,-1,-0.01,-1,-1,-0.01,-1,-1,-0.01,-1,-1,-0.01,-1,-1
99926009,2026-05-18 12:42:52+05:30,53262.9,0,0.0,0,0.0,0.0,53282.15,53333.0,52783.45,53710.35,0,0.0,0.0,0.0,0.0,-0.01,-1,-1,-0.01,-1,-1,-0.01,-1,-1,-0.01,-1,-1,-0.01,-1,-1,-0.01,-1,-1,-0.01,-1,-1,-0.01,-1,-1,-0.01,-1,-1,-0.01,-1,-1
99926009,2026-05-18 12:42:53+05:30,53260.6,0,0.0,0,0.0,0.0,53282.15,53333.0,52783.45,53710.35,0,0.0,0.0,0.0,0.0,-0.01,-1,-1,-0.01,-1,-1,-0.01,-1,-1,-0.01,-1,-1,-0.01,-1,-1,-0.01,-1,-1,-0.01,-1,-1,-0.01,-1,-1,-0.01,-1,-1,-0.01,-1,-1
99926009,2026-05-18 12:42:53+05:30,53261.45,0,0.0,0,0.0,0.0,53282.15,53333.0,52783.45,53710.35,0,0.0,0.0,0.0,0.0,-0.01,-1,-1,-0.01,-1,-1,-0.01,-1,-1,-0.01,-1,-1,-0.01,-1,-1,-0.01,-1,-1,-0.01,-1,-1,-0.01,-1,-1,-0.01,-1,-1,-0.01,-1,-1
99926009,2026-05-18 12:42:54+05:30,53263.5,0,0.0,0,0.0,0.0,53282.15,53333.0,52783.45,53710.35,0,0.0,0.0,0.0,0.0,-0.01,-1,-1,-0.01,-1,-1,-0.01,-1,-1,-0.01,-1,-1,-0.01,-1,-1,-0.01,-1,-1,-0.01,-1,-1,-0.01,-1,-1,-0.01,-1,-1,-0.01,-1,-1
99926009,2026-05-18 12:42:54+05:30,53267.4,0,0.0,0,0.0,0.0,53282.15,53333.0,52783.45,53710.35,0,0.0,0.0,0.0,0.0,-0.01,-1,-1,-0.01,-1,-1,-0.01,-1,-1,-0.01,-1,-1,-0.01,-1,-1,-0.01,-1,-1,-0.01,-1,-1,-0.01,-1,-1,-0.01,-1,-1,-0.01,-1,-1
99926009,2026-05-18 12:42:55+05:30,53262.9,0,0.0,0,0.0,0.0,53282.15,53333.0,52783.45,53710.35,0,0.0,0.0,0.0,0.0,-0.01,-1,-1,-0.01,-1,-1,-0.01,-1,-1,-0.01,-1,-1,-0.01,-1,-1,-0.01,-1,-1,-0.01,-1,-1,-0.01,-1,-1,-0.01,-1,-1,-0.01,-1,-1
99926009,2026-05-18 12:42:55+05:30,53265.05,0,0.0,0,0.0,0.0,53282.15,53333.0,52783.45,53710.35,0,0.0,0.0,0.0,0.0,-0.01,-1,-1,-0.01,-1,-1,-0.01,-1,-1,-0.01,-1,-1,-0.01,-1,-1,-0.01,-1,-1,-0.01,-1,-1,-0.01,-1,-1,-0.01,-1,-1,-0.01,-1,-1
99926009,2026-05-18 12:42:56+05:30,53267.45,0,0.0,0,0.0,0.0,53282.15,53333.0,52783.45,53710.35,0,0.0,0.0,0.0,0.0,-0.01,-1,-1,-0.01,-1,-1,-0.01,-1,-1,-0.01,-1,-1,-0.01,-1,-1,-0.01,-1,-1,-0.01,-1,-1,-0.01,-1,-1,-0.01,-1,-1,-0.01,-1,-1
99926009,2026-05-18 12:42:56+05:30,53268.0,0,0.0,0,0.0,0.0,53282.15,53333.0,52783.45,53710.35,0,0.0,0.0,0.0,0.0,-0.01,-1,-1,-0.01,-1,-1,-0.01,-1,-1,-0.01,-1,-1,-0.01,-1,-1,-0.01,-1,-1,-0.01,-1,-1,-0.01,-1,-1,-0.01,-1,-1,-0.01,-1,-1
99926009,2026-05-18 12:42:57+05:30,53263.75,0,0.0,0,0.0,0.0,53282.15,53333.0,52783.45,53710.35,0,0.0,0.0,0.0,0.0,-0.01,-1,-1,-0.01,-1,-1,-0.01,-1,-1,-0.01,-1,-1,-0.01,-1,-1,-0.01,-1,-1,-0.01,-1,-1,-0.01,-1,-1,-0.01,-1,-1,-0.01,-1,-1
99926009,2026-05-18 12:42:57+05:30,53267.05,0,0.0,0,0.0,0.0,53282.15,53333.0,52783.45,53710.35,0,0.0,0.0,0.0,0.0,-0.01,-1,-1,-0.01,-1,-1,-0.01,-1,-1,-0.01,-1,-1,-0.01,-1,-1,-0.01,-1,-1,-0.01,-1,-1,-0.01,-1,-1,-0.01,-1,-1,-0.01,-1,-1
99926009,2026-05-18 12:42:58+05:30,53264.95,0,0.0,0,0.0,0.0,53282.15,53333.0,52783.45,53710.35,0,0.0,0.0,0.0,0.0,-0.01,-1,-1,-0.01,-1,-1,-0.01,-1,-1,-0.01,-1,-1,-0.01,-1,-1,-0.01,-1,-1,-0.01,-1,-1,-0.01,-1,-1,-0.01,-1,-1,-0.01,-1,-1
99926009,2026-05-18 12:42:58+05:30,53262.0,0,0.0,0,0.0,0.0,53282.15,53333.0,52783.45,53710.35,0,0.0,0.0,0.0,0.0,-0.01,-1,-1,-0.01,-1,-1,-0.01,-1,-1,-0.01,-1,-1,-0.01,-1,-1,-0.01,-1,-1,-0.01,-1,-1,-0.01,-1,-1,-0.01,-1,-1,-0.01,-1,-1
99926009,2026-05-18 12:42:59+05:30,53260.3,0,0.0,0,0.0,0.0,53282.15,53333.0,52783.45,53710.35,0,0.0,0.0,0.0,0.0,-0.01,-1,-1,-0.01,-1,-1,-0.01,-1,-1,-0.01,-1,-1,-0.01,-1,-1,-0.01,-1,-1,-0.01,-1,-1,-0.01,-1,-1,-0.01,-1,-1,-0.01,-1,-1
99926009,2026-05-18 12:42:59+05:30,53260.75,0,0.0,0,0.0,0.0,53282.15,53333.0,52783.45,53710.35,0,0.0,0.0,0.0,0.0,-0.01,-1,-1,-0.01,-1,-1,-0.01,-1,-1,-0.01,-1,-1,-0.01,-1,-1,-0.01,-1,-1,-0.01,-1,-1,-0.01,-1,-1,-0.01,-1,-1,-0.01,-1,-1
99926009,2026-05-18 12:43:00+05:30,53257.6,0,0.0,0,0.0,0.0,53282.15,53333.0,52783.45,53710.35,0,0.0,0.0,0.0,0.0,-0.01,-1,-1,-0.01,-1,-1,-0.01,-1,-1,-0.01,-1,-1,-0.01,-1,-1,-0.01,-1,-1,-0.01,-1,-1,-0.01,-1,-1,-0.01,-1,-1,-0.01,-1,-1
99926009,2026-05-18 12:43:00+05:30,53258.0,0,0.0,0,0.0,0.0,53282.15,53333.0,52783.45,53710.35,0,0.0,0.0,0.0,0.0,-0.01,-1,-1,-0.01,-1,-1,-0.01,-1,-1,-0.01,-1,-1,-0.01,-1,-1,-0.01,-1,-1,-0.01,-1,-1,-0.01,-1,-1,-0.01,-1,-1,-0.01,-1,-1
99926009,2026-05-18 12:43:01+05:30,53262.9,0,0.0,0,0.0,0.0,53282.15,53333.0,52783.45,53710.35,0,0.0,0.0,0.0,0.0,-0.01,-1,-1,-0.01,-1,-1,-0.01,-1,-1,-0.01,-1,-1,-0.01,-1,-1,-0.01,-1,-1,-0.01,-1,-1,-0.01,-1,-1,-0.01,-1,-1,-0.01,-1,-1
99926009,2026-05-18 12:43:01+05:30,53264.7,0,0.0,0,0.0,0.0,53282.15,53333.0,52783.45,53710.35,0,0.0,0.0,0.0,0.0,-0.01,-1,-1,-0.01,-1,-1,-0.01,-1,-1,-0.01,-1,-1,-0.01,-1,-1,-0.01,-1,-1,-0.01,-1,-1,-0.01,-1,-1,-0.01,-1,-1,-0.01,-1,-1
99926009,2026-05-18 12:43:02+05:30,53261.25,0,0.0,0,0.0,0.0,53282.15,53333.0,52783.45,53710.35,0,0.0,0.0,0.0,0.0,-0.01,-1,-1,-0.01,-1,-1,-0.01,-1,-1,-0.01,-1,-1,-0.01,-1,-1,-0.01,-1,-1,-0.01,-1,-1,-0.01,-1,-1,-0.01,-1,-1,-0.01,-1,-1
99926009,2026-05-18 12:43:02+05:30,53261.25,0,0.0,0,0.0,0.0,53282.15,53333.0,52783.45,53710.35,0,0.0,0.0,0.0,0.0,-0.01,-1,-1,-0.01,-1,-1,-0.01,-1,-1,-0.01,-1,-1,-0.01,-1,-1,-0.01,-1,-1,-0.01,-1,-1,-0.01,-1,-1,-0.01,-1,-1,-0.01,-1,-1
99926009,2026-05-18 12:43:03+05:30,53261.6,0,0.0,0,0.0,0.0,53282.15,53333.0,52783.45,53710.35,0,0.0,0.0,0.0,0.0,-0.01,-1,-1,-0.01,-1,-1,-0.01,-1,-1,-0.01,-1,-1,-0.01,-1,-1,-0.01,-1,-1,-0.01,-1,-1,-0.01,-1,-1,-0.01,-1,-1,-0.01,-1,-1
99926009,2026-05-18 12:43:03+05:30,53263.35,0,0.0,0,0.0,0.0,53282.15,53333.0,52783.45,53710.35,0,0.0,0.0,0.0,0.0,-0.01,-1,-1,-0.01,-1,-1,-0.01,-1,-1,-0.01,-1,-1,-0.01,-1,-1,-0.01,-1,-1,-0.01,-1,-1,-0.01,-1,-1,-0.01,-1,-1,-0.01,-1,-1
99926009,2026-05-18 12:43:04+05:30,53259.55,0,0.0,0,0.0,0.0,53282.15,53333.0,52783.45,53710.35,0,0.0,0.0,0.0,0.0,-0.01,-1,-1,-0.01,-1,-1,-0.01,-1,-1,-0.01,-1,-1,-0.01,-1,-1,-0.01,-1,-1,-0.01,-1,-1,-0.01,-1,-1,-0.01,-1,-1,-0.01,-1,-1
99926009,2026-05-18 12:43:04+05:30,53258.1,0,0.0,0,0.0,0.0,53282.15,53333.0,52783.45,53710.35,0,0.0,0.0,0.0,0.0,-0.01,-1,-1,-0.01,-1,-1,-0.01,-1,-1,-0.01,-1,-1,-0.01,-1,-1,-0.01,-1,-1,-0.01,-1,-1,-0.01,-1,-1,-0.01,-1,-1,-0.01,-1,-1
99926009,2026-05-18 12:43:05+05:30,53258.85,0,0.0,0,0.0,0.0,53282.15,53333.0,52783.45,53710.35,0,0.0,0.0,0.0,0.0,-0.01,-1,-1,-0.01,-1,-1,-0.01,-1,-1,-0.01,-1,-1,-0.01,-1,-1,-0.01,-1,-1,-0.01,-1,-1,-0.01,-1,-1,-0.01,-1,-1,-0.01,-1,-1
99926009,2026-05-18 12:43:05+05:30,53256.6,0,0.0,0,0.0,0.0,53282.15,53333.0,52783.45,53710.35,0,0.0,0.0,0.0,0.0,-0.01,-1,-1,-0.01,-1,-1,-0.01,-1,-1,-0.01,-1,-1,-0.01,-1,-1,-0.01,-1,-1,-0.01,-1,-1,-0.01,-1,-1,-0.01,-1,-1,-0.01,-1,-1
99926009,2026-05-18 12:43:06+05:30,53256.6,0,0.0,0,0.0,0.0,53282.15,53333.0,52783.45,53710.35,0,0.0,0.0,0.0,0.0,-0.01,-1,-1,-0.01,-1,-1,-0.01,-1,-1,-0.01,-1,-1,-0.01,-1,-1,-0.01,-1,-1,-0.01,-1,-1,-0.01,-1,-1,-0.01,-1,-1,-0.01,-1,-1
99926009,2026-05-18 12:43:06+05:30,53257.9,0,0.0,0,0.0,0.0,53282.15,53333.0,52783.45,53710.35,0,0.0,0.0,0.0,0.0,-0.01,-1,-1,-0.01,-1,-1,-0.01,-1,-1,-0.01,-1,-1,-0.01,-1,-1,-0.01,-1,-1,-0.01,-1,-1,-0.01,-1,-1,-0.01,-1,-1,-0.01,-1,-1
99926009,2026-05-18 12:43:07+05:30,53254.85,0,0.0,0,0.0,0.0,53282.15,53333.0,52783.45,53710.35,0,0.0,0.0,0.0,0.0,-0.01,-1,-1,-0.01,-1,-1,-0.01,-1,-1,-0.01,-1,-1,-0.01,-1,-1,-0.01,-1,-1,-0.01,-1,-1,-0.01,-1,-1,-0.01,-1,-1,-0.01,-1,-1
99926009,2026-05-18 12:43:07+05:30,53252.6,0,0.0,0,0.0,0.0,53282.15,53333.0,52783.45,53710.35,0,0.0,0.0,0.0,0.0,-0.01,-1,-1,-0.01,-1,-1,-0.01,-1,-1,-0.01,-1,-1,-0.01,-1,-1,-0.01,-1,-1,-0.01,-1,-1,-0.01,-1,-1,-0.01,-1,-1,-0.01,-1,-1
99926009,2026-05-18 12:43:08+05:30,53255.05,0,0.0,0,0.0,0.0,53282.15,53333.0,52783.45,53710.35,0,0.0,0.0,0.0,0.0,-0.01,-1,-1,-0.01,-1,-1,-0.01,-1,-1,-0.01,-1,-1,-0.01,-1,-1,-0.01,-1,-1,-0.01,-1,-1,-0.01,-1,-1,-0.01,-1,-1,-0.01,-1,-1
99926009,2026-05-18 12:43:08+05:30,53251.0,0,0.0,0,0.0,0.0,53282.15,53333.0,52783.45,53710.35,0,0.0,0.0,0.0,0.0,-0.01,-1,-1,-0.01,-1,-1,-0.01,-1,-1,-0.01,-1,-1,-0.01,-1,-1,-0.01,-1,-1,-0.01,-1,-1,-0.01,-1,-1,-0.01,-1,-1,-0.01,-1,-1
99926009,2026-05-18 12:43:09+05:30,53252.85,0,0.0,0,0.0,0.0,53282.15,53333.0,52783.45,53710.35,0,0.0,0.0,0.0,0.0,-0.01,-1,-1,-0.01,-1,-1,-0.01,-1,-1,-0.01,-1,-1,-0.01,-1,-1,-0.01,-1,-1,-0.01,-1,-1,-0.01,-1,-1,-0.01,-1,-1,-0.01,-1,-1
99926009,2026-05-18 12:43:09+05:30,53251.7,0,0.0,0,0.0,0.0,53282.15,53333.0,52783.45,53710.35,0,0.0,0.0,0.0,0.0,-0.01,-1,-1,-0.01,-1,-1,-0.01,-1,-1,-0.01,-1,-1,-0.01,-1,-1,-0.01,-1,-1,-0.01,-1,-1,-0.01,-1,-1,-0.01,-1,-1,-0.01,-1,-1
99926009,2026-05-18 12:43:10+05:30,53251.35,0,0.0,0,0.0,0.0,53282.15,53333.0,52783.45,53710.35,0,0.0,0.0,0.0,0.0,-0.01,-1,-1,-0.01,-1,-1,-0.01,-1,-1,-0.01,-1,-1,-0.01,-1,-1,-0.01,-1,-1,-0.01,-1,-1,-0.01,-1,-1,-0.01,-1,-1,-0.01,-1,-1
99926009,2026-05-18 12:43:10+05:30,53253.0,0,0.0,0,0.0,0.0,53282.15,53333.0,52783.45,53710.35,0,0.0,0.0,0.0,0.0,-0.01,-1,-1,-0.01,-1,-1,-0.01,-1,-1,-0.01,-1,-1,-0.01,-1,-1,-0.01,-1,-1,-0.01,-1,-1,-0.01,-1,-1,-0.01,-1,-1,-0.01,-1,-1
99926009,2026-05-18 12:43:11+05:30,53254.3,0,0.0,0,0.0,0.0,53282.15,53333.0,52783.45,53710.35,0,0.0,0.0,0.0,0.0,-0.01,-1,-1,-0.01,-1,-1,-0.01,-1,-1,-0.01,-1,-1,-0.01,-1,-1,-0.01,-1,-1,-0.01,-1,-1,-0.01,-1,-1,-0.01,-1,-1,-0.01,-1,-1
99926009,2026-05-18 12:43:11+05:30,53253.65,0,0.0,0,0.0,0.0,53282.15,53333.0,52783.45,53710.35,0,0.0,0.0,0.0,0.0,-0.01,-1,-1,-0.01,-1,-1,-0.01,-1,-1,-0.01,-1,-1,-0.01,-1,-1,-0.01,-1,-1,-0.01,-1,-1,-0.01,-1,-1,-0.01,-1,-1,-0.01,-1,-1
99926009,2026-05-18 12:43:12+05:30,53254.8,0,0.0,0,0.0,0.0,53282.15,53333.0,52783.45,53710.35,0,0.0,0.0,0.0,0.0,-0.01,-1,-1,-0.01,-1,-1,-0.01,-1,-1,-0.01,-1,-1,-0.01,-1,-1,-0.01,-1,-1,-0.01,-1,-1,-0.01,-1,-1,-0.01,-1,-1,-0.01,-1,-1
99926009,2026-05-18 12:43:12+05:30,53256.1,0,0.0,0,0.0,0.0,53282.15,53333.0,52783.45,53710.35,0,0.0,0.0,0.0,0.0,-0.01,-1,-1,-0.01,-1,-1,-0.01,-1,-1,-0.01,-1,-1,-0.01,-1,-1,-0.01,-1,-1,-0.01,-1,-1,-0.01,-1,-1,-0.01,-1,-1,-0.01,-1,-1
99926009,2026-05-18 12:43:13+05:30,53254.55,0,0.0,0,0.0,0.0,53282.15,53333.0,52783.45,53710.35,0,0.0,0.0,0.0,0.0,-0.01,-1,-1,-0.01,-1,-1,-0.01,-1,-1,-0.01,-1,-1,-0.01,-1,-1,-0.01,-1,-1,-0.01,-1,-1,-0.01,-1,-1,-0.01,-1,-1,-0.01,-1,-1
99926009,2026-05-18 12:43:13+05:30,53254.05,0,0.0,0,0.0,0.0,53282.15,53333.0,52783.45,53710.35,0,0.0,0.0,0.0,0.0,-0.01,-1,-1,-0.01,-1,-1,-0.01,-1,-1,-0.01,-1,-1,-0.01,-1,-1,-0.01,-1,-1,-0.01,-1,-1,-0.01,-1,-1,-0.01,-1,-1,-0.01,-1,-1
99926009,2026-05-18 12:43:14+05:30,53253.0,0,0.0,0,0.0,0.0,53282.15,53333.0,52783.45,53710.35,0,0.0,0.0,0.0,0.0,-0.01,-1,-1,-0.01,-1,-1,-0.01,-1,-1,-0.01,-1,-1,-0.01,-1,-1,-0.01,-1,-1,-0.01,-1,-1,-0.01,-1,-1,-0.01,-1,-1,-0.01,-1,-1
99926009,2026-05-18 12:43:14+05:30,53252.9,0,0.0,0,0.0,0.0,53282.15,53333.0,52783.45,53710.35,0,0.0,0.0,0.0,0.0,-0.01,-1,-1,-0.01,-1,-1,-0.01,-1,-1,-0.01,-1,-1,-0.01,-1,-1,-0.01,-1,-1,-0.01,-1,-1,-0.01,-1,-1,-0.01,-1,-1,-0.01,-1,-1
99926009,2026-05-18 12:43:15+05:30,53256.9,0,0.0,0,0.0,0.0,53282.15,53333.0,52783.45,53710.35,0,0.0,0.0,0.0,0.0,-0.01,-1,-1,-0.01,-1,-1,-0.01,-1,-1,-0.01,-1,-1,-0.01,-1,-1,-0.01,-1,-1,-0.01,-1,-1,-0.01,-1,-1,-0.01,-1,-1,-0.01,-1,-1
99926009,2026-05-18 12:43:15+05:30,53257.05,0,0.0,0,0.0,0.0,53282.15,53333.0,52783.45,53710.35,0,0.0,0.0,0.0,0.0,-0.01,-1,-1,-0.01,-1,-1,-0.01,-1,-1,-0.01,-1,-1,-0.01,-1,-1,-0.01,-1,-1,-0.01,-1,-1,-0.01,-1,-1,-0.01,-1,-1,-0.01,-1,-1
99926009,2026-05-18 12:43:16+05:30,53256.75,0,0.0,0,0.0,0.0,53282.15,53333.0,52783.45,53710.35,0,0.0,0.0,0.0,0.0,-0.01,-1,-1,-0.01,-1,-1,-0.01,-1,-1,-0.01,-1,-1,-0.01,-1,-1,-0.01,-1,-1,-0.01,-1,-1,-0.01,-1,-1,-0.01,-1,-1,-0.01,-1,-1
99926009,2026-05-18 12:43:16+05:30,53257.25,0,0.0,0,0.0,0.0,53282.15,53333.0,52783.45,53710.35,0,0.0,0.0,0.0,0.0,-0.01,-1,-1,-0.01,-1,-1,-0.01,-1,-1,-0.01,-1,-1,-0.01,-1,-1,-0.01,-1,-1,-0.01,-1,-1,-0.01,-1,-1,-0.01,-1,-1,-0.01,-1,-1
99926009,2026-05-18 12:43:17+05:30,53257.15,0,0.0,0,0.0,0.0,53282.15,53333.0,52783.45,53710.35,0,0.0,0.0,0.0,0.0,-0.01,-1,-1,-0.01,-1,-1,-0.01,-1,-1,-0.01,-1,-1,-0.01,-1,-1,-0.01,-1,-1,-0.01,-1,-1,-0.01,-1,-1,-0.01,-1,-1,-0.01,-1,-1
99926009,2026-05-18 12:43:17+05:30,53256.25,0,0.0,0,0.0,0.0,53282.15,53333.0,52783.45,53710.35,0,0.0,0.0,0.0,0.0,-0.01,-1,-1,-0.01,-1,-1,-0.01,-1,-1,-0.01,-1,-1,-0.01,-1,-1,-0.01,-1,-1,-0.01,-1,-1,-0.01,-1,-1,-0.01,-1,-1,-0.01,-1,-1
99926009,2026-05-18 12:43:18+05:30,53254.8,0,0.0,0,0.0,0.0,53282.15,53333.0,52783.45,53710.35,0,0.0,0.0,0.0,0.0,-0.01,-1,-1,-0.01,-1,-1,-0.01,-1,-1,-0.01,-1,-1,-0.01,-1,-1,-0.01,-1,-1,-0.01,-1,-1,-0.01,-1,-1,-0.01,-1,-1,-0.01,-1,-1
99926009,2026-05-18 12:43:18+05:30,53252.4,0,0.0,0,0.0,0.0,53282.15,53333.0,52783.45,53710.35,0,0.0,0.0,0.0,0.0,-0.01,-1,-1,-0.01,-1,-1,-0.01,-1,-1,-0.01,-1,-1,-0.01,-1,-1,-0.01,-1,-1,-0.01,-1,-1,-0.01,-1,-1,-0.01,-1,-1,-0.01,-1,-1
99926009,2026-05-18 12:43:19+05:30,53254.25,0,0.0,0,0.0,0.0,53282.15,53333.0,52783.45,53710.35,0,0.0,0.0,0.0,0.0,-0.01,-1,-1,-0.01,-1,-1,-0.01,-1,-1,-0.01,-1,-1,-0.01,-1,-1,-0.01,-1,-1,-0.01,-1,-1,-0.01,-1,-1,-0.01,-1,-1,-0.01,-1,-1
99926009,2026-05-18 12:43:19+05:30,53254.95,0,0.0,0,0.0,0.0,53282.15,53333.0,52783.45,53710.35,0,0.0,0.0,0.0,0.0,-0.01,-1,-1,-0.01,-1,-1,-0.01,-1,-1,-0.01,-1,-1,-0.01,-1,-1,-0.01,-1,-1,-0.01,-1,-1,-0.01,-1,-1,-0.01,-1,-1,-0.01,-1,-1
99926009,2026-05-18 12:43:20+05:30,53254.65,0,0.0,0,0.0,0.0,53282.15,53333.0,52783.45,53710.35,0,0.0,0.0,0.0,0.0,-0.01,-1,-1,-0.01,-1,-1,-0.01,-1,-1,-0.01,-1,-1,-0.01,-1,-1,-0.01,-1,-1,-0.01,-1,-1,-0.01,-1,-1,-0.01,-1,-1,-0.01,-1,-1
99926009,2026-05-18 12:43:20+05:30,53256.15,0,0.0,0,0.0,0.0,53282.15,53333.0,52783.45,53710.35,0,0.0,0.0,0.0,0.0,-0.01,-1,-1,-0.01,-1,-1,-0.01,-1,-1,-0.01,-1,-1,-0.01,-1,-1,-0.01,-1,-1,-0.01,-1,-1,-0.01,-1,-1,-0.01,-1,-1,-0.01,-1,-1
99926009,2026-05-18 12:43:21+05:30,53254.2,0,0.0,0,0.0,0.0,53282.15,53333.0,52783.45,53710.35,0,0.0,0.0,0.0,0.0,-0.01,-1,-1,-0.01,-1,-1,-0.01,-1,-1,-0.01,-1,-1,-0.01,-1,-1,-0.01,-1,-1,-0.01,-1,-1,-0.01,-1,-1,-0.01,-1,-1,-0.01,-1,-1
99926009,2026-05-18 12:43:21+05:30,53255.7,0,0.0,0,0.0,0.0,53282.15,53333.0,52783.45,53710.35,0,0.0,0.0,0.0,0.0,-0.01,-1,-1,-0.01,-1,-1,-0.01,-1,-1,-0.01,-1,-1,-0.01,-1,-1,-0.01,-1,-1,-0.01,-1,-1,-0.01,-1,-1,-0.01,-1,-1,-0.01,-1,-1
99926009,2026-05-18 12:43:22+05:30,53254.8,0,0.0,0,0.0,0.0,53282.15,53333.0,52783.45,53710.35,0,0.0,0.0,0.0,0.0,-0.01,-1,-1,-0.01,-1,-1,-0.01,-1,-1,-0.01,-1,-1,-0.01,-1,-1,-0.01,-1,-1,-0.01,-1,-1,-0.01,-1,-1,-0.01,-1,-1,-0.01,-1,-1
99926009,2026-05-18 12:43:22+05:30,53254.45,0,0.0,0,0.0,0.0,53282.15,53333.0,52783.45,53710.35,0,0.0,0.0,0.0,0.0,-0.01,-1,-1,-0.01,-1,-1,-0.01,-1,-1,-0.01,-1,-1,-0.01,-1,-1,-0.01,-1,-1,-0.01,-1,-1,-0.01,-1,-1,-0.01,-1,-1,-0.01,-1,-1
99926009,2026-05-18 12:43:23+05:30,53251.25,0,0.0,0,0.0,0.0,53282.15,53333.0,52783.45,53710.35,0,0.0,0.0,0.0,0.0,-0.01,-1,-1,-0.01,-1,-1,-0.01,-1,-1,-0.01,-1,-1,-0.01,-1,-1,-0.01,-1,-1,-0.01,-1,-1,-0.01,-1,-1,-0.01,-1,-1,-0.01,-1,-1
99926009,2026-05-18 12:43:23+05:30,53252.1,0,0.0,0,0.0,0.0,53282.15,53333.0,52783.45,53710.35,0,0.0,0.0,0.0,0.0,-0.01,-1,-1,-0.01,-1,-1,-0.01,-1,-1,-0.01,-1,-1,-0.01,-1,-1,-0.01,-1,-1,-0.01,-1,-1,-0.01,-1,-1,-0.01,-1,-1,-0.01,-1,-1
99926009,2026-05-18 12:43:24+05:30,53251.4,0,0.0,0,0.0,0.0,53282.15,53333.0,52783.45,53710.35,0,0.0,0.0,0.0,0.0,-0.01,-1,-1,-0.01,-1,-1,-0.01,-1,-1,-0.01,-1,-1,-0.01,-1,-1,-0.01,-1,-1,-0.01,-1,-1,-0.01,-1,-1,-0.01,-1,-1,-0.01,-1,-1
99926009,2026-05-18 12:43:24+05:30,53252.25,0,0.0,0,0.0,0.0,53282.15,53333.0,52783.45,53710.35,0,0.0,0.0,0.0,0.0,-0.01,-1,-1,-0.01,-1,-1,-0.01,-1,-1,-0.01,-1,-1,-0.01,-1,-1,-0.01,-1,-1,-0.01,-1,-1,-0.01,-1,-1,-0.01,-1,-1,-0.01,-1,-1
99926009,2026-05-18 12:43:25+05:30,53252.2,0,0.0,0,0.0,0.0,53282.15,53333.0,52783.45,53710.35,0,0.0,0.0,0.0,0.0,-0.01,-1,-1,-0.01,-1,-1,-0.01,-1,-1,-0.01,-1,-1,-0.01,-1,-1,-0.01,-1,-1,-0.01,-1,-1,-0.01,-1,-1,-0.01,-1,-1,-0.01,-1,-1
99926009,2026-05-18 12:43:25+05:30,53253.45,0,0.0,0,0.0,0.0,53282.15,53333.0,52783.45,53710.35,0,0.0,0.0,0.0,0.0,-0.01,-1,-1,-0.01,-1,-1,-0.01,-1,-1,-0.01,-1,-1,-0.01,-1,-1,-0.01,-1,-1,-0.01,-1,-1,-0.01,-1,-1,-0.01,-1,-1,-0.01,-1,-1
99926009,2026-05-18 12:43:26+05:30,53252.9,0,0.0,0,0.0,0.0,53282.15,53333.0,52783.45,53710.35,0,0.0,0.0,0.0,0.0,-0.01,-1,-1,-0.01,-1,-1,-0.01,-1,-1,-0.01,-1,-1,-0.01,-1,-1,-0.01,-1,-1,-0.01,-1,-1,-0.01,-1,-1,-0.01,-1,-1,-0.01,-1,-1
99926009,2026-05-18 12:43:26+05:30,53254.95,0,0.0,0,0.0,0.0,53282.15,53333.0,52783.45,53710.35,0,0.0,0.0,0.0,0.0,-0.01,-1,-1,-0.01,-1,-1,-0.01,-1,-1,-0.01,-1,-1,-0.01,-1,-1,-0.01,-1,-1,-0.01,-1,-1,-0.01,-1,-1,-0.01,-1,-1,-0.01,-1,-1
99926009,2026-05-18 12:43:27+05:30,53254.0,0,0.0,0,0.0,0.0,53282.15,53333.0,52783.45,53710.35,0,0.0,0.0,0.0,0.0,-0.01,-1,-1,-0.01,-1,-1,-0.01,-1,-1,-0.01,-1,-1,-0.01,-1,-1,-0.01,-1,-1,-0.01,-1,-1,-0.01,-1,-1,-0.01,-1,-1,-0.01,-1,-1
99926009,2026-05-18 12:43:27+05:30,53252.35,0,0.0,0,0.0,0.0,53282.15,53333.0,52783.45,53710.35,0,0.0,0.0,0.0,0.0,-0.01,-1,-1,-0.01,-1,-1,-0.01,-1,-1,-0.01,-1,-1,-0.01,-1,-1,-0.01,-1,-1,-0.01,-1,-1,-0.01,-1,-1,-0.01,-1,-1,-0.01,-1,-1
99926009,2026-05-18 12:43:28+05:30,53253.0,0,0.0,0,0.0,0.0,53282.15,53333.0,52783.45,53710.35,0,0.0,0.0,0.0,0.0,-0.01,-1,-1,-0.01,-1,-1,-0.01,-1,-1,-0.01,-1,-1,-0.01,-1,-1,-0.01,-1,-1,-0.01,-1,-1,-0.01,-1,-1,-0.01,-1,-1,-0.01,-1,-1
99926009,2026-05-18 12:43:28+05:30,53253.55,0,0.0,0,0.0,0.0,53282.15,53333.0,52783.45,53710.35,0,0.0,0.0,0.0,0.0,-0.01,-1,-1,-0.01,-1,-1,-0.01,-1,-1,-0.01,-1,-1,-0.01,-1,-1,-0.01,-1,-1,-0.01,-1,-1,-0.01,-1,-1,-0.01,-1,-1,-0.01,-1,-1
99926009,2026-05-18 12:43:29+05:30,53254.9,0,0.0,0,0.0,0.0,53282.15,53333.0,52783.45,53710.35,0,0.0,0.0,0.0,0.0,-0.01,-1,-1,-0.01,-1,-1,-0.01,-1,-1,-0.01,-1,-1,-0.01,-1,-1,-0.01,-1,-1,-0.01,-1,-1,-0.01,-1,-1,-0.01,-1,-1,-0.01,-1,-1
99926009,2026-05-18 12:43:29+05:30,53254.75,0,0.0,0,0.0,0.0,53282.15,53333.0,52783.45,53710.35,0,0.0,0.0,0.0,0.0,-0.01,-1,-1,-0.01,-1,-1,-0.01,-1,-1,-0.01,-1,-1,-0.01,-1,-1,-0.01,-1,-1,-0.01,-1,-1,-0.01,-1,-1,-0.01,-1,-1,-0.01,-1,-1
99926009,2026-05-18 12:43:30+05:30,53256.7,0,0.0,0,0.0,0.0,53282.15,53333.0,52783.45,53710.35,0,0.0,0.0,0.0,0.0,-0.01,-1,-1,-0.01,-1,-1,-0.01,-1,-1,-0.01,-1,-1,-0.01,-1,-1,-0.01,-1,-1,-0.01,-1,-1,-0.01,-1,-1,-0.01,-1,-1,-0.01,-1,-1
99926009,2026-05-18 12:43:30+05:30,53258.15,0,0.0,0,0.0,0.0,53282.15,53333.0,52783.45,53710.35,0,0.0,0.0,0.0,0.0,-0.01,-1,-1,-0.01,-1,-1,-0.01,-1,-1,-0.01,-1,-1,-0.01,-1,-1,-0.01,-1,-1,-0.01,-1,-1,-0.01,-1,-1,-0.01,-1,-1,-0.01,-1,-1
99926009,2026-05-18 12:43:31+05:30,53258.05,0,0.0,0,0.0,0.0,53282.15,53333.0,52783.45,53710.35,0,0.0,0.0,0.0,0.0,-0.01,-1,-1,-0.01,-1,-1,-0.01,-1,-1,-0.01,-1,-1,-0.01,-1,-1,-0.01,-1,-1,-0.01,-1,-1,-0.01,-1,-1,-0.01,-1,-1,-0.01,-1,-1
99926009,2026-05-18 12:43:31+05:30,53257.4,0,0.0,0,0.0,0.0,53282.15,53333.0,52783.45,53710.35,0,0.0,0.0,0.0,0.0,-0.01,-1,-1,-0.01,-1,-1,-0.01,-1,-1,-0.01,-1,-1,-0.01,-1,-1,-0.01,-1,-1,-0.01,-1,-1,-0.01,-1,-1,-0.01,-1,-1,-0.01,-1,-1
99926009,2026-05-18 12:43:32+05:30,53255.1,0,0.0,0,0.0,0.0,53282.15,53333.0,52783.45,53710.35,0,0.0,0.0,0.0,0.0,-0.01,-1,-1,-0.01,-1,-1,-0.01,-1,-1,-0.01,-1,-1,-0.01,-1,-1,-0.01,-1,-1,-0.01,-1,-1,-0.01,-1,-1,-0.01,-1,-1,-0.01,-1,-1
99926009,2026-05-18 12:43:32+05:30,53255.55,0,0.0,0,0.0,0.0,53282.15,53333.0,52783.45,53710.35,0,0.0,0.0,0.0,0.0,-0.01,-1,-1,-0.01,-1,-1,-0.01,-1,-1,-0.01,-1,-1,-0.01,-1,-1,-0.01,-1,-1,-0.01,-1,-1,-0.01,-1,-1,-0.01,-1,-1,-0.01,-1,-1
99926009,2026-05-18 12:43:33+05:30,53256.4,0,0.0,0,0.0,0.0,53282.15,53333.0,52783.45,53710.35,0,0.0,0.0,0.0,0.0,-0.01,-1,-1,-0.01,-1,-1,-0.01,-1,-1,-0.01,-1,-1,-0.01,-1,-1,-0.01,-1,-1,-0.01,-1,-1,-0.01,-1,-1,-0.01,-1,-1,-0.01,-1,-1
99926009,2026-05-18 12:43:33+05:30,53255.65,0,0.0,0,0.0,0.0,53282.15,53333.0,52783.45,53710.35,0,0.0,0.0,0.0,0.0,-0.01,-1,-1,-0.01,-1,-1,-0.01,-1,-1,-0.01,-1,-1,-0.01,-1,-1,-0.01,-1,-1,-0.01,-1,-1,-0.01,-1,-1,-0.01,-1,-1,-0.01,-1,-1
99926009,2026-05-18 12:43:34+05:30,53254.85,0,0.0,0,0.0,0.0,53282.15,53333.0,52783.45,53710.35,0,0.0,0.0,0.0,0.0,-0.01,-1,-1,-0.01,-1,-1,-0.01,-1,-1,-0.01,-1,-1,-0.01,-1,-1,-0.01,-1,-1,-0.01,-1,-1,-0.01,-1,-1,-0.01,-1,-1,-0.01,-1,-1
99926009,2026-05-18 12:43:34+05:30,53257.45,0,0.0,0,0.0,0.0,53282.15,53333.0,52783.45,53710.35,0,0.0,0.0,0.0,0.0,-0.01,-1,-1,-0.01,-1,-1,-0.01,-1,-1,-0.01,-1,-1,-0.01,-1,-1,-0.01,-1,-1,-0.01,-1,-1,-0.01,-1,-1,-0.01,-1,-1,-0.01,-1,-1
99926009,2026-05-18 12:43:35+05:30,53259.4,0,0.0,0,0.0,0.0,53282.15,53333.0,52783.45,53710.35,0,0.0,0.0,0.0,0.0,-0.01,-1,-1,-0.01,-1,-1,-0.01,-1,-1,-0.01,-1,-1,-0.01,-1,-1,-0.01,-1,-1,-0.01,-1,-1,-0.01,-1,-1,-0.01,-1,-1,-0.01,-1,-1
99926009,2026-05-18 12:43:35+05:30,53259.25,0,0.0,0,0.0,0.0,53282.15,53333.0,52783.45,53710.35,0,0.0,0.0,0.0,0.0,-0.01,-1,-1,-0.01,-1,-1,-0.01,-1,-1,-0.01,-1,-1,-0.01,-1,-1,-0.01,-1,-1,-0.01,-1,-1,-0.01,-1,-1,-0.01,-1,-1,-0.01,-1,-1
99926009,2026-05-18 12:43:36+05:30,53259.6,0,0.0,0,0.0,0.0,53282.15,53333.0,52783.45,53710.35,0,0.0,0.0,0.0,0.0,-0.01,-1,-1,-0.01,-1,-1,-0.01,-1,-1,-0.01,-1,-1,-0.01,-1,-1,-0.01,-1,-1,-0.01,-1,-1,-0.01,-1,-1,-0.01,-1,-1,-0.01,-1,-1
99926009,2026-05-18 12:43:36+05:30,53260.1,0,0.0,0,0.0,0.0,53282.15,53333.0,52783.45,53710.35,0,0.0,0.0,0.0,0.0,-0.01,-1,-1,-0.01,-1,-1,-0.01,-1,-1,-0.01,-1,-1,-0.01,-1,-1,-0.01,-1,-1,-0.01,-1,-1,-0.01,-1,-1,-0.01,-1,-1,-0.01,-1,-1
99926009,2026-05-18 12:43:37+05:30,53260.95,0,0.0,0,0.0,0.0,53282.15,53333.0,52783.45,53710.35,0,0.0,0.0,0.0,0.0,-0.01,-1,-1,-0.01,-1,-1,-0.01,-1,-1,-0.01,-1,-1,-0.01,-1,-1,-0.01,-1,-1,-0.01,-1,-1,-0.01,-1,-1,-0.01,-1,-1,-0.01,-1,-1
99926009,2026-05-18 12:43:37+05:30,53259.0,0,0.0,0,0.0,0.0,53282.15,53333.0,52783.45,53710.35,0,0.0,0.0,0.0,0.0,-0.01,-1,-1,-0.01,-1,-1,-0.01,-1,-1,-0.01,-1,-1,-0.01,-1,-1,-0.01,-1,-1,-0.01,-1,-1,-0.01,-1,-1,-0.01,-1,-1,-0.01,-1,-1
99926009,2026-05-18 12:43:38+05:30,53257.45,0,0.0,0,0.0,0.0,53282.15,53333.0,52783.45,53710.35,0,0.0,0.0,0.0,0.0,-0.01,-1,-1,-0.01,-1,-1,-0.01,-1,-1,-0.01,-1,-1,-0.01,-1,-1,-0.01,-1,-1,-0.01,-1,-1,-0.01,-1,-1,-0.01,-1,-1,-0.01,-1,-1
99926009,2026-05-18 12:43:38+05:30,53253.05,0,0.0,0,0.0,0.0,53282.15,53333.0,52783.45,53710.35,0,0.0,0.0,0.0,0.0,-0.01,-1,-1,-0.01,-1,-1,-0.01,-1,-1,-0.01,-1,-1,-0.01,-1,-1,-0.01,-1,-1,-0.01,-1,-1,-0.01,-1,-1,-0.01,-1,-1,-0.01,-1,-1
99926009,2026-05-18 12:43:39+05:30,53243.05,0,0.0,0,0.0,0.0,53282.15,53333.0,52783.45,53710.35,0,0.0,0.0,0.0,0.0,-0.01,-1,-1,-0.01,-1,-1,-0.01,-1,-1,-0.01,-1,-1,-0.01,-1,-1,-0.01,-1,-1,-0.01,-1,-1,-0.01,-1,-1,-0.01,-1,-1,-0.01,-1,-1
99926009,2026-05-18 12:43:39+05:30,53244.45,0,0.0,0,0.0,0.0,53282.15,53333.0,52783.45,53710.35,0,0.0,0.0,0.0,0.0,-0.01,-1,-1,-0.01,-1,-1,-0.01,-1,-1,-0.01,-1,-1,-0.01,-1,-1,-0.01,-1,-1,-0.01,-1,-1,-0.01,-1,-1,-0.01,-1,-1,-0.01,-1,-1
99926009,2026-05-18 12:43:40+05:30,53245.45,0,0.0,0,0.0,0.0,53282.15,53333.0,52783.45,53710.35,0,0.0,0.0,0.0,0.0,-0.01,-1,-1,-0.01,-1,-1,-0.01,-1,-1,-0.01,-1,-1,-0.01,-1,-1,-0.01,-1,-1,-0.01,-1,-1,-0.01,-1,-1,-0.01,-1,-1,-0.01,-1,-1
99926009,2026-05-18 12:43:40+05:30,53244.3,0,0.0,0,0.0,0.0,53282.15,53333.0,52783.45,53710.35,0,0.0,0.0,0.0,0.0,-0.01,-1,-1,-0.01,-1,-1,-0.01,-1,-1,-0.01,-1,-1,-0.01,-1,-1,-0.01,-1,-1,-0.01,-1,-1,-0.01,-1,-1,-0.01,-1,-1,-0.01,-1,-1
99926009,2026-05-18 12:43:41+05:30,53242.05,0,0.0,0,0.0,0.0,53282.15,53333.0,52783.45,53710.35,0,0.0,0.0,0.0,0.0,-0.01,-1,-1,-0.01,-1,-1,-0.01,-1,-1,-0.01,-1,-1,-0.01,-1,-1,-0.01,-1,-1,-0.01,-1,-1,-0.01,-1,-1,-0.01,-1,-1,-0.01,-1,-1
99926009,2026-05-18 12:43:41+05:30,53241.2,0,0.0,0,0.0,0.0,53282.15,53333.0,52783.45,53710.35,0,0.0,0.0,0.0,0.0,-0.01,-1,-1,-0.01,-1,-1,-0.01,-1,-1,-0.01,-1,-1,-0.01,-1,-1,-0.01,-1,-1,-0.01,-1,-1,-0.01,-1,-1,-0.01,-1,-1,-0.01,-1,-1
99926009,2026-05-18 12:43:42+05:30,53240.3,0,0.0,0,0.0,0.0,53282.15,53333.0,52783.45,53710.35,0,0.0,0.0,0.0,0.0,-0.01,-1,-1,-0.01,-1,-1,-0.01,-1,-1,-0.01,-1,-1,-0.01,-1,-1,-0.01,-1,-1,-0.01,-1,-1,-0.01,-1,-1,-0.01,-1,-1,-0.01,-1,-1
99926009,2026-05-18 12:43:42+05:30,53238.75,0,0.0,0,0.0,0.0,53282.15,53333.0,52783.45,53710.35,0,0.0,0.0,0.0,0.0,-0.01,-1,-1,-0.01,-1,-1,-0.01,-1,-1,-0.01,-1,-1,-0.01,-1,-1,-0.01,-1,-1,-0.01,-1,-1,-0.01,-1,-1,-0.01,-1,-1,-0.01,-1,-1
99926009,2026-05-18 12:43:43+05:30,53238.3,0,0.0,0,0.0,0.0,53282.15,53333.0,52783.45,53710.35,0,0.0,0.0,0.0,0.0,-0.01,-1,-1,-0.01,-1,-1,-0.01,-1,-1,-0.01,-1,-1,-0.01,-1,-1,-0.01,-1,-1,-0.01,-1,-1,-0.01,-1,-1,-0.01,-1,-1,-0.01,-1,-1
99926009,2026-05-18 12:43:43+05:30,53235.55,0,0.0,0,0.0,0.0,53282.15,53333.0,52783.45,53710.35,0,0.0,0.0,0.0,0.0,-0.01,-1,-1,-0.01,-1,-1,-0.01,-1,-1,-0.01,-1,-1,-0.01,-1,-1,-0.01,-1,-1,-0.01,-1,-1,-0.01,-1,-1,-0.01,-1,-1,-0.01,-1,-1
99926009,2026-05-18 12:43:44+05:30,53234.45,0,0.0,0,0.0,0.0,53282.15,53333.0,52783.45,53710.35,0,0.0,0.0,0.0,0.0,-0.01,-1,-1,-0.01,-1,-1,-0.01,-1,-1,-0.01,-1,-1,-0.01,-1,-1,-0.01,-1,-1,-0.01,-1,-1,-0.01,-1,-1,-0.01,-1,-1,-0.01,-1,-1
99926009,2026-05-18 12:43:44+05:30,53235.4,0,0.0,0,0.0,0.0,53282.15,53333.0,52783.45,53710.35,0,0.0,0.0,0.0,0.0,-0.01,-1,-1,-0.01,-1,-1,-0.01,-1,-1,-0.01,-1,-1,-0.01,-1,-1,-0.01,-1,-1,-0.01,-1,-1,-0.01,-1,-1,-0.01,-1,-1,-0.01,-1,-1
99926009,2026-05-18 12:43:45+05:30,53236.05,0,0.0,0,0.0,0.0,53282.15,53333.0,52783.45,53710.35,0,0.0,0.0,0.0,0.0,-0.01,-1,-1,-0.01,-1,-1,-0.01,-1,-1,-0.01,-1,-1,-0.01,-1,-1,-0.01,-1,-1,-0.01,-1,-1,-0.01,-1,-1,-0.01,-1,-1,-0.01,-1,-1
99926009,2026-05-18 12:43:45+05:30,53235.25,0,0.0,0,0.0,0.0,53282.15,53333.0,52783.45,53710.35,0,0.0,0.0,0.0,0.0,-0.01,-1,-1,-0.01,-1,-1,-0.01,-1,-1,-0.01,-1,-1,-0.01,-1,-1,-0.01,-1,-1,-0.01,-1,-1,-0.01,-1,-1,-0.01,-1,-1,-0.01,-1,-1
99926009,2026-05-18 12:43:46+05:30,53235.25,0,0.0,0,0.0,0.0,53282.15,53333.0,52783.45,53710.35,0,0.0,0.0,0.0,0.0,-0.01,-1,-1,-0.01,-1,-1,-0.01,-1,-1,-0.01,-1,-1,-0.01,-1,-1,-0.01,-1,-1,-0.01,-1,-1,-0.01,-1,-1,-0.01,-1,-1,-0.01,-1,-1
99926009,2026-05-18 12:43:46+05:30,53240.0,0,0.0,0,0.0,0.0,53282.15,53333.0,52783.45,53710.35,0,0.0,0.0,0.0,0.0,-0.01,-1,-1,-0.01,-1,-1,-0.01,-1,-1,-0.01,-1,-1,-0.01,-1,-1,-0.01,-1,-1,-0.01,-1,-1,-0.01,-1,-1,-0.01,-1,-1,-0.01,-1,-1
99926009,2026-05-18 12:43:47+05:30,53239.95,0,0.0,0,0.0,0.0,53282.15,53333.0,52783.45,53710.35,0,0.0,0.0,0.0,0.0,-0.01,-1,-1,-0.01,-1,-1,-0.01,-1,-1,-0.01,-1,-1,-0.01,-1,-1,-0.01,-1,-1,-0.01,-1,-1,-0.01,-1,-1,-0.01,-1,-1,-0.01,-1,-1
99926009,2026-05-18 12:43:47+05:30,53240.45,0,0.0,0,0.0,0.0,53282.15,53333.0,52783.45,53710.35,0,0.0,0.0,0.0,0.0,-0.01,-1,-1,-0.01,-1,-1,-0.01,-1,-1,-0.01,-1,-1,-0.01,-1,-1,-0.01,-1,-1,-0.01,-1,-1,-0.01,-1,-1,-0.01,-1,-1,-0.01,-1,-1
99926009,2026-05-18 12:43:48+05:30,53240.95,0,0.0,0,0.0,0.0,53282.15,53333.0,52783.45,53710.35,0,0.0,0.0,0.0,0.0,-0.01,-1,-1,-0.01,-1,-1,-0.01,-1,-1,-0.01,-1,-1,-0.01,-1,-1,-0.01,-1,-1,-0.01,-1,-1,-0.01,-1,-1,-0.01,-1,-1,-0.01,-1,-1
99926009,2026-05-18 12:43:48+05:30,53240.8,0,0.0,0,0.0,0.0,53282.15,53333.0,52783.45,53710.35,0,0.0,0.0,0.0,0.0,-0.01,-1,-1,-0.01,-1,-1,-0.01,-1,-1,-0.01,-1,-1,-0.01,-1,-1,-0.01,-1,-1,-0.01,-1,-1,-0.01,-1,-1,-0.01,-1,-1,-0.01,-1,-1
99926009,2026-05-18 12:43:49+05:30,53238.3,0,0.0,0,0.0,0.0,53282.15,53333.0,52783.45,53710.35,0,0.0,0.0,0.0,0.0,-0.01,-1,-1,-0.01,-1,-1,-0.01,-1,-1,-0.01,-1,-1,-0.01,-1,-1,-0.01,-1,-1,-0.01,-1,-1,-0.01,-1,-1,-0.01,-1,-1,-0.01,-1,-1
99926009,2026-05-18 12:43:49+05:30,53238.1,0,0.0,0,0.0,0.0,53282.15,53333.0,52783.45,53710.35,0,0.0,0.0,0.0,0.0,-0.01,-1,-1,-0.01,-1,-1,-0.01,-1,-1,-0.01,-1,-1,-0.01,-1,-1,-0.01,-1,-1,-0.01,-1,-1,-0.01,-1,-1,-0.01,-1,-1,-0.01,-1,-1
99926009,2026-05-18 12:43:50+05:30,53239.05,0,0.0,0,0.0,0.0,53282.15,53333.0,52783.45,53710.35,0,0.0,0.0,0.0,0.0,-0.01,-1,-1,-0.01,-1,-1,-0.01,-1,-1,-0.01,-1,-1,-0.01,-1,-1,-0.01,-1,-1,-0.01,-1,-1,-0.01,-1,-1,-0.01,-1,-1,-0.01,-1,-1
99926009,2026-05-18 12:43:50+05:30,53239.7,0,0.0,0,0.0,0.0,53282.15,53333.0,52783.45,53710.35,0,0.0,0.0,0.0,0.0,-0.01,-1,-1,-0.01,-1,-1,-0.01,-1,-1,-0.01,-1,-1,-0.01,-1,-1,-0.01,-1,-1,-0.01,-1,-1,-0.01,-1,-1,-0.01,-1,-1,-0.01,-1,-1
99926009,2026-05-18 12:43:51+05:30,53236.65,0,0.0,0,0.0,0.0,53282.15,53333.0,52783.45,53710.35,0,0.0,0.0,0.0,0.0,-0.01,-1,-1,-0.01,-1,-1,-0.01,-1,-1,-0.01,-1,-1,-0.01,-1,-1,-0.01,-1,-1,-0.01,-1,-1,-0.01,-1,-1,-0.01,-1,-1,-0.01,-1,-1
99926009,2026-05-18 12:43:51+05:30,53238.65,0,0.0,0,0.0,0.0,53282.15,53333.0,52783.45,53710.35,0,0.0,0.0,0.0,0.0,-0.01,-1,-1,-0.01,-1,-1,-0.01,-1,-1,-0.01,-1,-1,-0.01,-1,-1,-0.01,-1,-1,-0.01,-1,-1,-0.01,-1,-1,-0.01,-1,-1,-0.01,-1,-1
99926009,2026-05-18 12:43:52+05:30,53239.1,0,0.0,0,0.0,0.0,53282.15,53333.0,52783.45,53710.35,0,0.0,0.0,0.0,0.0,-0.01,-1,-1,-0.01,-1,-1,-0.01,-1,-1,-0.01,-1,-1,-0.01,-1,-1,-0.01,-1,-1,-0.01,-1,-1,-0.01,-1,-1,-0.01,-1,-1,-0.01,-1,-1
99926009,2026-05-18 12:43:52+05:30,53238.6,0,0.0,0,0.0,0.0,53282.15,53333.0,52783.45,53710.35,0,0.0,0.0,0.0,0.0,-0.01,-1,-1,-0.01,-1,-1,-0.01,-1,-1,-0.01,-1,-1,-0.01,-1,-1,-0.01,-1,-1,-0.01,-1,-1,-0.01,-1,-1,-0.01,-1,-1,-0.01,-1,-1
99926009,2026-05-18 12:43:53+05:30,53238.6,0,0.0,0,0.0,0.0,53282.15,53333.0,52783.45,53710.35,0,0.0,0.0,0.0,0.0,-0.01,-1,-1,-0.01,-1,-1,-0.01,-1,-1,-0.01,-1,-1,-0.01,-1,-1,-0.01,-1,-1,-0.01,-1,-1,-0.01,-1,-1,-0.01,-1,-1,-0.01,-1,-1
99926009,2026-05-18 12:43:53+05:30,53237.9,0,0.0,0,0.0,0.0,53282.15,53333.0,52783.45,53710.35,0,0.0,0.0,0.0,0.0,-0.01,-1,-1,-0.01,-1,-1,-0.01,-1,-1,-0.01,-1,-1,-0.01,-1,-1,-0.01,-1,-1,-0.01,-1,-1,-0.01,-1,-1,-0.01,-1,-1,-0.01,-1,-1
99926009,2026-05-18 12:43:54+05:30,53238.1,0,0.0,0,0.0,0.0,53282.15,53333.0,52783.45,53710.35,0,0.0,0.0,0.0,0.0,-0.01,-1,-1,-0.01,-1,-1,-0.01,-1,-1,-0.01,-1,-1,-0.01,-1,-1,-0.01,-1,-1,-0.01,-1,-1,-0.01,-1,-1,-0.01,-1,-1,-0.01,-1,-1
99926009,2026-05-18 12:43:54+05:30,53236.4,0,0.0,0,0.0,0.0,53282.15,53333.0,52783.45,53710.35,0,0.0,0.0,0.0,0.0,-0.01,-1,-1,-0.01,-1,-1,-0.01,-1,-1,-0.01,-1,-1,-0.01,-1,-1,-0.01,-1,-1,-0.01,-1,-1,-0.01,-1,-1,-0.01,-1,-1,-0.01,-1,-1
99926009,2026-05-18 12:43:55+05:30,53234.85,0,0.0,0,0.0,0.0,53282.15,53333.0,52783.45,53710.35,0,0.0,0.0,0.0,0.0,-0.01,-1,-1,-0.01,-1,-1,-0.01,-1,-1,-0.01,-1,-1,-0.01,-1,-1,-0.01,-1,-1,-0.01,-1,-1,-0.01,-1,-1,-0.01,-1,-1,-0.01,-1,-1
99926009,2026-05-18 12:43:55+05:30,53240.55,0,0.0,0,0.0,0.0,53282.15,53333.0,52783.45,53710.35,0,0.0,0.0,0.0,0.0,-0.01,-1,-1,-0.01,-1,-1,-0.01,-1,-1,-0.01,-1,-1,-0.01,-1,-1,-0.01,-1,-1,-0.01,-1,-1,-0.01,-1,-1,-0.01,-1,-1,-0.01,-1,-1
99926009,2026-05-18 12:43:56+05:30,53240.7,0,0.0,0,0.0,0.0,53282.15,53333.0,52783.45,53710.35,0,0.0,0.0,0.0,0.0,-0.01,-1,-1,-0.01,-1,-1,-0.01,-1,-1,-0.01,-1,-1,-0.01,-1,-1,-0.01,-1,-1,-0.01,-1,-1,-0.01,-1,-1,-0.01,-1,-1,-0.01,-1,-1
99926009,2026-05-18 12:43:56+05:30,53240.6,0,0.0,0,0.0,0.0,53282.15,53333.0,52783.45,53710.35,0,0.0,0.0,0.0,0.0,-0.01,-1,-1,-0.01,-1,-1,-0.01,-1,-1,-0.01,-1,-1,-0.01,-1,-1,-0.01,-1,-1,-0.01,-1,-1,-0.01,-1,-1,-0.01,-1,-1,-0.01,-1,-1
99926009,2026-05-18 12:43:57+05:30,53243.35,0,0.0,0,0.0,0.0,53282.15,53333.0,52783.45,53710.35,0,0.0,0.0,0.0,0.0,-0.01,-1,-1,-0.01,-1,-1,-0.01,-1,-1,-0.01,-1,-1,-0.01,-1,-1,-0.01,-1,-1,-0.01,-1,-1,-0.01,-1,-1,-0.01,-1,-1,-0.01,-1,-1
99926009,2026-05-18 12:43:57+05:30,53244.4,0,0.0,0,0.0,0.0,53282.15,53333.0,52783.45,53710.35,0,0.0,0.0,0.0,0.0,-0.01,-1,-1,-0.01,-1,-1,-0.01,-1,-1,-0.01,-1,-1,-0.01,-1,-1,-0.01,-1,-1,-0.01,-1,-1,-0.01,-1,-1,-0.01,-1,-1,-0.01,-1,-1
99926009,2026-05-18 12:43:58+05:30,53244.5,0,0.0,0,0.0,0.0,53282.15,53333.0,52783.45,53710.35,0,0.0,0.0,0.0,0.0,-0.01,-1,-1,-0.01,-1,-1,-0.01,-1,-1,-0.01,-1,-1,-0.01,-1,-1,-0.01,-1,-1,-0.01,-1,-1,-0.01,-1,-1,-0.01,-1,-1,-0.01,-1,-1
99926009,2026-05-18 12:43:58+05:30,53243.05,0,0.0,0,0.0,0.0,53282.15,53333.0,52783.45,53710.35,0,0.0,0.0,0.0,0.0,-0.01,-1,-1,-0.01,-1,-1,-0.01,-1,-1,-0.01,-1,-1,-0.01,-1,-1,-0.01,-1,-1,-0.01,-1,-1,-0.01,-1,-1,-0.01,-1,-1,-0.01,-1,-1
99926009,2026-05-18 12:43:59+05:30,53245.0,0,0.0,0,0.0,0.0,53282.15,53333.0,52783.45,53710.35,0,0.0,0.0,0.0,0.0,-0.01,-1,-1,-0.01,-1,-1,-0.01,-1,-1,-0.01,-1,-1,-0.01,-1,-1,-0.01,-1,-1,-0.01,-1,-1,-0.01,-1,-1,-0.01,-1,-1,-0.01,-1,-1
99926009,2026-05-18 12:43:59+05:30,53245.7,0,0.0,0,0.0,0.0,53282.15,53333.0,52783.45,53710.35,0,0.0,0.0,0.0,0.0,-0.01,-1,-1,-0.01,-1,-1,-0.01,-1,-1,-0.01,-1,-1,-0.01,-1,-1,-0.01,-1,-1,-0.01,-1,-1,-0.01,-1,-1,-0.01,-1,-1,-0.01,-1,-1
99926009,2026-05-18 12:44:00+05:30,53246.15,0,0.0,0,0.0,0.0,53282.15,53333.0,52783.45,53710.35,0,0.0,0.0,0.0,0.0,-0.01,-1,-1,-0.01,-1,-1,-0.01,-1,-1,-0.01,-1,-1,-0.01,-1,-1,-0.01,-1,-1,-0.01,-1,-1,-0.01,-1,-1,-0.01,-1,-1,-0.01,-1,-1
99926009,2026-05-18 12:44:00+05:30,53247.3,0,0.0,0,0.0,0.0,53282.15,53333.0,52783.45,53710.35,0,0.0,0.0,0.0,0.0,-0.01,-1,-1,-0.01,-1,-1,-0.01,-1,-1,-0.01,-1,-1,-0.01,-1,-1,-0.01,-1,-1,-0.01,-1,-1,-0.01,-1,-1,-0.01,-1,-1,-0.01,-1,-1
99926009,2026-05-18 12:44:01+05:30,53251.2,0,0.0,0,0.0,0.0,53282.15,53333.0,52783.45,53710.35,0,0.0,0.0,0.0,0.0,-0.01,-1,-1,-0.01,-1,-1,-0.01,-1,-1,-0.01,-1,-1,-0.01,-1,-1,-0.01,-1,-1,-0.01,-1,-1,-0.01,-1,-1,-0.01,-1,-1,-0.01,-1,-1
99926009,2026-05-18 12:44:01+05:30,53253.9,0,0.0,0,0.0,0.0,53282.15,53333.0,52783.45,53710.35,0,0.0,0.0,0.0,0.0,-0.01,-1,-1,-0.01,-1,-1,-0.01,-1,-1,-0.01,-1,-1,-0.01,-1,-1,-0.01,-1,-1,-0.01,-1,-1,-0.01,-1,-1,-0.01,-1,-1,-0.01,-1,-1
99926009,2026-05-18 12:44:02+05:30,53252.8,0,0.0,0,0.0,0.0,53282.15,53333.0,52783.45,53710.35,0,0.0,0.0,0.0,0.0,-0.01,-1,-1,-0.01,-1,-1,-0.01,-1,-1,-0.01,-1,-1,-0.01,-1,-1,-0.01,-1,-1,-0.01,-1,-1,-0.01,-1,-1,-0.01,-1,-1,-0.01,-1,-1
99926009,2026-05-18 12:44:02+05:30,53256.1,0,0.0,0,0.0,0.0,53282.15,53333.0,52783.45,53710.35,0,0.0,0.0,0.0,0.0,-0.01,-1,-1,-0.01,-1,-1,-0.01,-1,-1,-0.01,-1,-1,-0.01,-1,-1,-0.01,-1,-1,-0.01,-1,-1,-0.01,-1,-1,-0.01,-1,-1,-0.01,-1,-1
99926009,2026-05-18 12:44:03+05:30,53256.5,0,0.0,0,0.0,0.0,53282.15,53333.0,52783.45,53710.35,0,0.0,0.0,0.0,0.0,-0.01,-1,-1,-0.01,-1,-1,-0.01,-1,-1,-0.01,-1,-1,-0.01,-1,-1,-0.01,-1,-1,-0.01,-1,-1,-0.01,-1,-1,-0.01,-1,-1,-0.01,-1,-1
99926009,2026-05-18 12:44:03+05:30,53257.6,0,0.0,0,0.0,0.0,53282.15,53333.0,52783.45,53710.35,0,0.0,0.0,0.0,0.0,-0.01,-1,-1,-0.01,-1,-1,-0.01,-1,-1,-0.01,-1,-1,-0.01,-1,-1,-0.01,-1,-1,-0.01,-1,-1,-0.01,-1,-1,-0.01,-1,-1,-0.01,-1,-1
99926009,2026-05-18 12:44:04+05:30,53257.15,0,0.0,0,0.0,0.0,53282.15,53333.0,52783.45,53710.35,0,0.0,0.0,0.0,0.0,-0.01,-1,-1,-0.01,-1,-1,-0.01,-1,-1,-0.01,-1,-1,-0.01,-1,-1,-0.01,-1,-1,-0.01,-1,-1,-0.01,-1,-1,-0.01,-1,-1,-0.01,-1,-1
99926009,2026-05-18 12:44:04+05:30,53256.5,0,0.0,0,0.0,0.0,53282.15,53333.0,52783.45,53710.35,0,0.0,0.0,0.0,0.0,-0.01,-1,-1,-0.01,-1,-1,-0.01,-1,-1,-0.01,-1,-1,-0.01,-1,-1,-0.01,-1,-1,-0.01,-1,-1,-0.01,-1,-1,-0.01,-1,-1,-0.01,-1,-1
99926009,2026-05-18 12:44:05+05:30,53256.7,0,0.0,0,0.0,0.0,53282.15,53333.0,52783.45,53710.35,0,0.0,0.0,0.0,0.0,-0.01,-1,-1,-0.01,-1,-1,-0.01,-1,-1,-0.01,-1,-1,-0.01,-1,-1,-0.01,-1,-1,-0.01,-1,-1,-0.01,-1,-1,-0.01,-1,-1,-0.01,-1,-1
99926009,2026-05-18 12:44:05+05:30,53256.7,0,0.0,0,0.0,0.0,53282.15,53333.0,52783.45,53710.35,0,0.0,0.0,0.0,0.0,-0.01,-1,-1,-0.01,-1,-1,-0.01,-1,-1,-0.01,-1,-1,-0.01,-1,-1,-0.01,-1,-1,-0.01,-1,-1,-0.01,-1,-1,-0.01,-1,-1,-0.01,-1,-1
99926009,2026-05-18 12:44:06+05:30,53255.4,0,0.0,0,0.0,0.0,53282.15,53333.0,52783.45,53710.35,0,0.0,0.0,0.0,0.0,-0.01,-1,-1,-0.01,-1,-1,-0.01,-1,-1,-0.01,-1,-1,-0.01,-1,-1,-0.01,-1,-1,-0.01,-1,-1,-0.01,-1,-1,-0.01,-1,-1,-0.01,-1,-1
99926009,2026-05-18 12:44:06+05:30,53258.25,0,0.0,0,0.0,0.0,53282.15,53333.0,52783.45,53710.35,0,0.0,0.0,0.0,0.0,-0.01,-1,-1,-0.01,-1,-1,-0.01,-1,-1,-0.01,-1,-1,-0.01,-1,-1,-0.01,-1,-1,-0.01,-1,-1,-0.01,-1,-1,-0.01,-1,-1,-0.01,-1,-1
99926009,2026-05-18 12:44:07+05:30,53251.25,0,0.0,0,0.0,0.0,53282.15,53333.0,52783.45,53710.35,0,0.0,0.0,0.0,0.0,-0.01,-1,-1,-0.01,-1,-1,-0.01,-1,-1,-0.01,-1,-1,-0.01,-1,-1,-0.01,-1,-1,-0.01,-1,-1,-0.01,-1,-1,-0.01,-1,-1,-0.01,-1,-1
99926009,2026-05-18 12:44:07+05:30,53249.35,0,0.0,0,0.0,0.0,53282.15,53333.0,52783.45,53710.35,0,0.0,0.0,0.0,0.0,-0.01,-1,-1,-0.01,-1,-1,-0.01,-1,-1,-0.01,-1,-1,-0.01,-1,-1,-0.01,-1,-1,-0.01,-1,-1,-0.01,-1,-1,-0.01,-1,-1,-0.01,-1,-1
99926009,2026-05-18 12:44:08+05:30,53249.45,0,0.0,0,0.0,0.0,53282.15,53333.0,52783.45,53710.35,0,0.0,0.0,0.0,0.0,-0.01,-1,-1,-0.01,-1,-1,-0.01,-1,-1,-0.01,-1,-1,-0.01,-1,-1,-0.01,-1,-1,-0.01,-1,-1,-0.01,-1,-1,-0.01,-1,-1,-0.01,-1,-1
99926009,2026-05-18 12:44:08+05:30,53247.8,0,0.0,0,0.0,0.0,53282.15,53333.0,52783.45,53710.35,0,0.0,0.0,0.0,0.0,-0.01,-1,-1,-0.01,-1,-1,-0.01,-1,-1,-0.01,-1,-1,-0.01,-1,-1,-0.01,-1,-1,-0.01,-1,-1,-0.01,-1,-1,-0.01,-1,-1,-0.01,-1,-1
99926009,2026-05-18 12:44:09+05:30,53247.85,0,0.0,0,0.0,0.0,53282.15,53333.0,52783.45,53710.35,0,0.0,0.0,0.0,0.0,-0.01,-1,-1,-0.01,-1,-1,-0.01,-1,-1,-0.01,-1,-1,-0.01,-1,-1,-0.01,-1,-1,-0.01,-1,-1,-0.01,-1,-1,-0.01,-1,-1,-0.01,-1,-1
99926009,2026-05-18 12:44:09+05:30,53248.6,0,0.0,0,0.0,0.0,53282.15,53333.0,52783.45,53710.35,0,0.0,0.0,0.0,0.0,-0.01,-1,-1,-0.01,-1,-1,-0.01,-1,-1,-0.01,-1,-1,-0.01,-1,-1,-0.01,-1,-1,-0.01,-1,-1,-0.01,-1,-1,-0.01,-1,-1,-0.01,-1,-1
99926009,2026-05-18 12:44:10+05:30,53248.95,0,0.0,0,0.0,0.0,53282.15,53333.0,52783.45,53710.35,0,0.0,0.0,0.0,0.0,-0.01,-1,-1,-0.01,-1,-1,-0.01,-1,-1,-0.01,-1,-1,-0.01,-1,-1,-0.01,-1,-1,-0.01,-1,-1,-0.01,-1,-1,-0.01,-1,-1,-0.01,-1,-1
99926009,2026-05-18 12:44:10+05:30,53251.55,0,0.0,0,0.0,0.0,53282.15,53333.0,52783.45,53710.35,0,0.0,0.0,0.0,0.0,-0.01,-1,-1,-0.01,-1,-1,-0.01,-1,-1,-0.01,-1,-1,-0.01,-1,-1,-0.01,-1,-1,-0.01,-1,-1,-0.01,-1,-1,-0.01,-1,-1,-0.01,-1,-1
99926009,2026-05-18 12:44:11+05:30,53251.9,0,0.0,0,0.0,0.0,53282.15,53333.0,52783.45,53710.35,0,0.0,0.0,0.0,0.0,-0.01,-1,-1,-0.01,-1,-1,-0.01,-1,-1,-0.01,-1,-1,-0.01,-1,-1,-0.01,-1,-1,-0.01,-1,-1,-0.01,-1,-1,-0.01,-1,-1,-0.01,-1,-1
99926009,2026-05-18 12:44:11+05:30,53251.85,0,0.0,0,0.0,0.0,53282.15,53333.0,52783.45,53710.35,0,0.0,0.0,0.0,0.0,-0.01,-1,-1,-0.01,-1,-1,-0.01,-1,-1,-0.01,-1,-1,-0.01,-1,-1,-0.01,-1,-1,-0.01,-1,-1,-0.01,-1,-1,-0.01,-1,-1,-0.01,-1,-1
99926009,2026-05-18 12:44:12+05:30,53251.4,0,0.0,0,0.0,0.0,53282.15,53333.0,52783.45,53710.35,0,0.0,0.0,0.0,0.0,-0.01,-1,-1,-0.01,-1,-1,-0.01,-1,-1,-0.01,-1,-1,-0.01,-1,-1,-0.01,-1,-1,-0.01,-1,-1,-0.01,-1,-1,-0.01,-1,-1,-0.01,-1,-1
99926009,2026-05-18 12:44:12+05:30,53251.4,0,0.0,0,0.0,0.0,53282.15,53333.0,52783.45,53710.35,0,0.0,0.0,0.0,0.0,-0.01,-1,-1,-0.01,-1,-1,-0.01,-1,-1,-0.01,-1,-1,-0.01,-1,-1,-0.01,-1,-1,-0.01,-1,-1,-0.01,-1,-1,-0.01,-1,-1,-0.01,-1,-1
99926009,2026-05-18 12:44:13+05:30,53251.45,0,0.0,0,0.0,0.0,53282.15,53333.0,52783.45,53710.35,0,0.0,0.0,0.0,0.0,-0.01,-1,-1,-0.01,-1,-1,-0.01,-1,-1,-0.01,-1,-1,-0.01,-1,-1,-0.01,-1,-1,-0.01,-1,-1,-0.01,-1,-1,-0.01,-1,-1,-0.01,-1,-1
99926009,2026-05-18 12:44:13+05:30,53250.25,0,0.0,0,0.0,0.0,53282.15,53333.0,52783.45,53710.35,0,0.0,0.0,0.0,0.0,-0.01,-1,-1,-0.01,-1,-1,-0.01,-1,-1,-0.01,-1,-1,-0.01,-1,-1,-0.01,-1,-1,-0.01,-1,-1,-0.01,-1,-1,-0.01,-1,-1,-0.01,-1,-1
99926009,2026-05-18 12:44:14+05:30,53250.65,0,0.0,0,0.0,0.0,53282.15,53333.0,52783.45,53710.35,0,0.0,0.0,0.0,0.0,-0.01,-1,-1,-0.01,-1,-1,-0.01,-1,-1,-0.01,-1,-1,-0.01,-1,-1,-0.01,-1,-1,-0.01,-1,-1,-0.01,-1,-1,-0.01,-1,-1,-0.01,-1,-1
99926009,2026-05-18 12:44:14+05:30,53250.2,0,0.0,0,0.0,0.0,53282.15,53333.0,52783.45,53710.35,0,0.0,0.0,0.0,0.0,-0.01,-1,-1,-0.01,-1,-1,-0.01,-1,-1,-0.01,-1,-1,-0.01,-1,-1,-0.01,-1,-1,-0.01,-1,-1,-0.01,-1,-1,-0.01,-1,-1,-0.01,-1,-1
99926009,2026-05-18 12:44:15+05:30,53249.85,0,0.0,0,0.0,0.0,53282.15,53333.0,52783.45,53710.35,0,0.0,0.0,0.0,0.0,-0.01,-1,-1,-0.01,-1,-1,-0.01,-1,-1,-0.01,-1,-1,-0.01,-1,-1,-0.01,-1,-1,-0.01,-1,-1,-0.01,-1,-1,-0.01,-1,-1,-0.01,-1,-1
99926009,2026-05-18 12:44:15+05:30,53251.15,0,0.0,0,0.0,0.0,53282.15,53333.0,52783.45,53710.35,0,0.0,0.0,0.0,0.0,-0.01,-1,-1,-0.01,-1,-1,-0.01,-1,-1,-0.01,-1,-1,-0.01,-1,-1,-0.01,-1,-1,-0.01,-1,-1,-0.01,-1,-1,-0.01,-1,-1,-0.01,-1,-1
99926009,2026-05-18 12:44:16+05:30,53254.35,0,0.0,0,0.0,0.0,53282.15,53333.0,52783.45,53710.35,0,0.0,0.0,0.0,0.0,-0.01,-1,-1,-0.01,-1,-1,-0.01,-1,-1,-0.01,-1,-1,-0.01,-1,-1,-0.01,-1,-1,-0.01,-1,-1,-0.01,-1,-1,-0.01,-1,-1,-0.01,-1,-1
99926009,2026-05-18 12:44:16+05:30,53254.8,0,0.0,0,0.0,0.0,53282.15,53333.0,52783.45,53710.35,0,0.0,0.0,0.0,0.0,-0.01,-1,-1,-0.01,-1,-1,-0.01,-1,-1,-0.01,-1,-1,-0.01,-1,-1,-0.01,-1,-1,-0.01,-1,-1,-0.01,-1,-1,-0.01,-1,-1,-0.01,-1,-1
99926009,2026-05-18 12:44:17+05:30,53252.85,0,0.0,0,0.0,0.0,53282.15,53333.0,52783.45,53710.35,0,0.0,0.0,0.0,0.0,-0.01,-1,-1,-0.01,-1,-1,-0.01,-1,-1,-0.01,-1,-1,-0.01,-1,-1,-0.01,-1,-1,-0.01,-1,-1,-0.01,-1,-1,-0.01,-1,-1,-0.01,-1,-1
99926009,2026-05-18 12:44:17+05:30,53249.8,0,0.0,0,0.0,0.0,53282.15,53333.0,52783.45,53710.35,0,0.0,0.0,0.0,0.0,-0.01,-1,-1,-0.01,-1,-1,-0.01,-1,-1,-0.01,-1,-1,-0.01,-1,-1,-0.01,-1,-1,-0.01,-1,-1,-0.01,-1,-1,-0.01,-1,-1,-0.01,-1,-1
99926009,2026-05-18 12:44:18+05:30,53248.55,0,0.0,0,0.0,0.0,53282.15,53333.0,52783.45,53710.35,0,0.0,0.0,0.0,0.0,-0.01,-1,-1,-0.01,-1,-1,-0.01,-1,-1,-0.01,-1,-1,-0.01,-1,-1,-0.01,-1,-1,-0.01,-1,-1,-0.01,-1,-1,-0.01,-1,-1,-0.01,-1,-1
99926009,2026-05-18 12:44:18+05:30,53250.75,0,0.0,0,0.0,0.0,53282.15,53333.0,52783.45,53710.35,0,0.0,0.0,0.0,0.0,-0.01,-1,-1,-0.01,-1,-1,-0.01,-1,-1,-0.01,-1,-1,-0.01,-1,-1,-0.01,-1,-1,-0.01,-1,-1,-0.01,-1,-1,-0.01,-1,-1,-0.01,-1,-1
99926009,2026-05-18 12:44:19+05:30,53248.25,0,0.0,0,0.0,0.0,53282.15,53333.0,52783.45,53710.35,0,0.0,0.0,0.0,0.0,-0.01,-1,-1,-0.01,-1,-1,-0.01,-1,-1,-0.01,-1,-1,-0.01,-1,-1,-0.01,-1,-1,-0.01,-1,-1,-0.01,-1,-1,-0.01,-1,-1,-0.01,-1,-1
99926009,2026-05-18 12:44:19+05:30,53248.4,0,0.0,0,0.0,0.0,53282.15,53333.0,52783.45,53710.35,0,0.0,0.0,0.0,0.0,-0.01,-1,-1,-0.01,-1,-1,-0.01,-1,-1,-0.01,-1,-1,-0.01,-1,-1,-0.01,-1,-1,-0.01,-1,-1,-0.01,-1,-1,-0.01,-1,-1,-0.01,-1,-1
99926009,2026-05-18 12:44:20+05:30,53249.55,0,0.0,0,0.0,0.0,53282.15,53333.0,52783.45,53710.35,0,0.0,0.0,0.0,0.0,-0.01,-1,-1,-0.01,-1,-1,-0.01,-1,-1,-0.01,-1,-1,-0.01,-1,-1,-0.01,-1,-1,-0.01,-1,-1,-0.01,-1,-1,-0.01,-1,-1,-0.01,-1,-1
99926009,2026-05-18 12:44:20+05:30,53248.8,0,0.0,0,0.0,0.0,53282.15,53333.0,52783.45,53710.35,0,0.0,0.0,0.0,0.0,-0.01,-1,-1,-0.01,-1,-1,-0.01,-1,-1,-0.01,-1,-1,-0.01,-1,-1,-0.01,-1,-1,-0.01,-1,-1,-0.01,-1,-1,-0.01,-1,-1,-0.01,-1,-1
99926009,2026-05-18 12:44:21+05:30,53249.45,0,0.0,0,0.0,0.0,53282.15,53333.0,52783.45,53710.35,0,0.0,0.0,0.0,0.0,-0.01,-1,-1,-0.01,-1,-1,-0.01,-1,-1,-0.01,-1,-1,-0.01,-1,-1,-0.01,-1,-1,-0.01,-1,-1,-0.01,-1,-1,-0.01,-1,-1,-0.01,-1,-1
99926009,2026-05-18 12:44:21+05:30,53251.15,0,0.0,0,0.0,0.0,53282.15,53333.0,52783.45,53710.35,0,0.0,0.0,0.0,0.0,-0.01,-1,-1,-0.01,-1,-1,-0.01,-1,-1,-0.01,-1,-1,-0.01,-1,-1,-0.01,-1,-1,-0.01,-1,-1,-0.01,-1,-1,-0.01,-1,-1,-0.01,-1,-1
99926009,2026-05-18 12:44:22+05:30,53250.6,0,0.0,0,0.0,0.0,53282.15,53333.0,52783.45,53710.35,0,0.0,0.0,0.0,0.0,-0.01,-1,-1,-0.01,-1,-1,-0.01,-1,-1,-0.01,-1,-1,-0.01,-1,-1,-0.01,-1,-1,-0.01,-1,-1,-0.01,-1,-1,-0.01,-1,-1,-0.01,-1,-1
99926009,2026-05-18 12:44:22+05:30,53250.75,0,0.0,0,0.0,0.0,53282.15,53333.0,52783.45,53710.35,0,0.0,0.0,0.0,0.0,-0.01,-1,-1,-0.01,-1,-1,-0.01,-1,-1,-0.01,-1,-1,-0.01,-1,-1,-0.01,-1,-1,-0.01,-1,-1,-0.01,-1,-1,-0.01,-1,-1,-0.01,-1,-1
99926009,2026-05-18 12:44:23+05:30,53247.0,0,0.0,0,0.0,0.0,53282.15,53333.0,52783.45,53710.35,0,0.0,0.0,0.0,0.0,-0.01,-1,-1,-0.01,-1,-1,-0.01,-1,-1,-0.01,-1,-1,-0.01,-1,-1,-0.01,-1,-1,-0.01,-1,-1,-0.01,-1,-1,-0.01,-1,-1,-0.01,-1,-1
99926009,2026-05-18 12:44:23+05:30,53246.8,0,0.0,0,0.0,0.0,53282.15,53333.0,52783.45,53710.35,0,0.0,0.0,0.0,0.0,-0.01,-1,-1,-0.01,-1,-1,-0.01,-1,-1,-0.01,-1,-1,-0.01,-1,-1,-0.01,-1,-1,-0.01,-1,-1,-0.01,-1,-1,-0.01,-1,-1,-0.01,-1,-1
99926009,2026-05-18 12:44:24+05:30,53248.35,0,0.0,0,0.0,0.0,53282.15,53333.0,52783.45,53710.35,0,0.0,0.0,0.0,0.0,-0.01,-1,-1,-0.01,-1,-1,-0.01,-1,-1,-0.01,-1,-1,-0.01,-1,-1,-0.01,-1,-1,-0.01,-1,-1,-0.01,-1,-1,-0.01,-1,-1,-0.01,-1,-1
99926009,2026-05-18 12:44:24+05:30,53250.5,0,0.0,0,0.0,0.0,53282.15,53333.0,52783.45,53710.35,0,0.0,0.0,0.0,0.0,-0.01,-1,-1,-0.01,-1,-1,-0.01,-1,-1,-0.01,-1,-1,-0.01,-1,-1,-0.01,-1,-1,-0.01,-1,-1,-0.01,-1,-1,-0.01,-1,-1,-0.01,-1,-1
99926009,2026-05-18 12:44:25+05:30,53250.0,0,0.0,0,0.0,0.0,53282.15,53333.0,52783.45,53710.35,0,0.0,0.0,0.0,0.0,-0.01,-1,-1,-0.01,-1,-1,-0.01,-1,-1,-0.01,-1,-1,-0.01,-1,-1,-0.01,-1,-1,-0.01,-1,-1,-0.01,-1,-1,-0.01,-1,-1,-0.01,-1,-1
99926009,2026-05-18 12:44:25+05:30,53250.25,0,0.0,0,0.0,0.0,53282.15,53333.0,52783.45,53710.35,0,0.0,0.0,0.0,0.0,-0.01,-1,-1,-0.01,-1,-1,-0.01,-1,-1,-0.01,-1,-1,-0.01,-1,-1,-0.01,-1,-1,-0.01,-1,-1,-0.01,-1,-1,-0.01,-1,-1,-0.01,-1,-1
99926009,2026-05-18 12:44:26+05:30,53246.35,0,0.0,0,0.0,0.0,53282.15,53333.0,52783.45,53710.35,0,0.0,0.0,0.0,0.0,-0.01,-1,-1,-0.01,-1,-1,-0.01,-1,-1,-0.01,-1,-1,-0.01,-1,-1,-0.01,-1,-1,-0.01,-1,-1,-0.01,-1,-1,-0.01,-1,-1,-0.01,-1,-1
99926009,2026-05-18 12:44:26+05:30,53250.45,0,0.0,0,0.0,0.0,53282.15,53333.0,52783.45,53710.35,0,0.0,0.0,0.0,0.0,-0.01,-1,-1,-0.01,-1,-1,-0.01,-1,-1,-0.01,-1,-1,-0.01,-1,-1,-0.01,-1,-1,-0.01,-1,-1,-0.01,-1,-1,-0.01,-1,-1,-0.01,-1,-1
99926009,2026-05-18 12:44:27+05:30,53249.0,0,0.0,0,0.0,0.0,53282.15,53333.0,52783.45,53710.35,0,0.0,0.0,0.0,0.0,-0.01,-1,-1,-0.01,-1,-1,-0.01,-1,-1,-0.01,-1,-1,-0.01,-1,-1,-0.01,-1,-1,-0.01,-1,-1,-0.01,-1,-1,-0.01,-1,-1,-0.01,-1,-1
99926009,2026-05-18 12:44:27+05:30,53250.3,0,0.0,0,0.0,0.0,53282.15,53333.0,52783.45,53710.35,0,0.0,0.0,0.0,0.0,-0.01,-1,-1,-0.01,-1,-1,-0.01,-1,-1,-0.01,-1,-1,-0.01,-1,-1,-0.01,-1,-1,-0.01,-1,-1,-0.01,-1,-1,-0.01,-1,-1,-0.01,-1,-1
99926009,2026-05-18 12:44:28+05:30,53250.9,0,0.0,0,0.0,0.0,53282.15,53333.0,52783.45,53710.35,0,0.0,0.0,0.0,0.0,-0.01,-1,-1,-0.01,-1,-1,-0.01,-1,-1,-0.01,-1,-1,-0.01,-1,-1,-0.01,-1,-1,-0.01,-1,-1,-0.01,-1,-1,-0.01,-1,-1,-0.01,-1,-1
99926009,2026-05-18 12:44:28+05:30,53249.8,0,0.0,0,0.0,0.0,53282.15,53333.0,52783.45,53710.35,0,0.0,0.0,0.0,0.0,-0.01,-1,-1,-0.01,-1,-1,-0.01,-1,-1,-0.01,-1,-1,-0.01,-1,-1,-0.01,-1,-1,-0.01,-1,-1,-0.01,-1,-1,-0.01,-1,-1,-0.01,-1,-1
99926009,2026-05-18 12:44:29+05:30,53248.05,0,0.0,0,0.0,0.0,53282.15,53333.0,52783.45,53710.35,0,0.0,0.0,0.0,0.0,-0.01,-1,-1,-0.01,-1,-1,-0.01,-1,-1,-0.01,-1,-1,-0.01,-1,-1,-0.01,-1,-1,-0.01,-1,-1,-0.01,-1,-1,-0.01,-1,-1,-0.01,-1,-1
99926009,2026-05-18 12:44:29+05:30,53248.05,0,0.0,0,0.0,0.0,53282.15,53333.0,52783.45,53710.35,0,0.0,0.0,0.0,0.0,-0.01,-1,-1,-0.01,-1,-1,-0.01,-1,-1,-0.01,-1,-1,-0.01,-1,-1,-0.01,-1,-1,-0.01,-1,-1,-0.01,-1,-1,-0.01,-1,-1,-0.01,-1,-1
99926009,2026-05-18 12:44:30+05:30,53250.95,0,0.0,0,0.0,0.0,53282.15,53333.0,52783.45,53710.35,0,0.0,0.0,0.0,0.0,-0.01,-1,-1,-0.01,-1,-1,-0.01,-1,-1,-0.01,-1,-1,-0.01,-1,-1,-0.01,-1,-1,-0.01,-1,-1,-0.01,-1,-1,-0.01,-1,-1,-0.01,-1,-1
99926009,2026-05-18 12:44:30+05:30,53251.45,0,0.0,0,0.0,0.0,53282.15,53333.0,52783.45,53710.35,0,0.0,0.0,0.0,0.0,-0.01,-1,-1,-0.01,-1,-1,-0.01,-1,-1,-0.01,-1,-1,-0.01,-1,-1,-0.01,-1,-1,-0.01,-1,-1,-0.01,-1,-1,-0.01,-1,-1,-0.01,-1,-1
99926009,2026-05-18 12:44:31+05:30,53249.95,0,0.0,0,0.0,0.0,53282.15,53333.0,52783.45,53710.35,0,0.0,0.0,0.0,0.0,-0.01,-1,-1,-0.01,-1,-1,-0.01,-1,-1,-0.01,-1,-1,-0.01,-1,-1,-0.01,-1,-1,-0.01,-1,-1,-0.01,-1,-1,-0.01,-1,-1,-0.01,-1,-1
99926009,2026-05-18 12:44:31+05:30,53249.75,0,0.0,0,0.0,0.0,53282.15,53333.0,52783.45,53710.35,0,0.0,0.0,0.0,0.0,-0.01,-1,-1,-0.01,-1,-1,-0.01,-1,-1,-0.01,-1,-1,-0.01,-1,-1,-0.01,-1,-1,-0.01,-1,-1,-0.01,-1,-1,-0.01,-1,-1,-0.01,-1,-1
99926009,2026-05-18 12:44:32+05:30,53248.0,0,0.0,0,0.0,0.0,53282.15,53333.0,52783.45,53710.35,0,0.0,0.0,0.0,0.0,-0.01,-1,-1,-0.01,-1,-1,-0.01,-1,-1,-0.01,-1,-1,-0.01,-1,-1,-0.01,-1,-1,-0.01,-1,-1,-0.01,-1,-1,-0.01,-1,-1,-0.01,-1,-1
99926009,2026-05-18 12:44:32+05:30,53246.55,0,0.0,0,0.0,0.0,53282.15,53333.0,52783.45,53710.35,0,0.0,0.0,0.0,0.0,-0.01,-1,-1,-0.01,-1,-1,-0.01,-1,-1,-0.01,-1,-1,-0.01,-1,-1,-0.01,-1,-1,-0.01,-1,-1,-0.01,-1,-1,-0.01,-1,-1,-0.01,-1,-1
99926009,2026-05-18 12:44:33+05:30,53248.7,0,0.0,0,0.0,0.0,53282.15,53333.0,52783.45,53710.35,0,0.0,0.0,0.0,0.0,-0.01,-1,-1,-0.01,-1,-1,-0.01,-1,-1,-0.01,-1,-1,-0.01,-1,-1,-0.01,-1,-1,-0.01,-1,-1,-0.01,-1,-1,-0.01,-1,-1,-0.01,-1,-1
99926009,2026-05-18 12:44:33+05:30,53250.4,0,0.0,0,0.0,0.0,53282.15,53333.0,52783.45,53710.35,0,0.0,0.0,0.0,0.0,-0.01,-1,-1,-0.01,-1,-1,-0.01,-1,-1,-0.01,-1,-1,-0.01,-1,-1,-0.01,-1,-1,-0.01,-1,-1,-0.01,-1,-1,-0.01,-1,-1,-0.01,-1,-1
99926009,2026-05-18 12:44:34+05:30,53250.25,0,0.0,0,0.0,0.0,53282.15,53333.0,52783.45,53710.35,0,0.0,0.0,0.0,0.0,-0.01,-1,-1,-0.01,-1,-1,-0.01,-1,-1,-0.01,-1,-1,-0.01,-1,-1,-0.01,-1,-1,-0.01,-1,-1,-0.01,-1,-1,-0.01,-1,-1,-0.01,-1,-1
99926009,2026-05-18 12:44:34+05:30,53250.25,0,0.0,0,0.0,0.0,53282.15,53333.0,52783.45,53710.35,0,0.0,0.0,0.0,0.0,-0.01,-1,-1,-0.01,-1,-1,-0.01,-1,-1,-0.01,-1,-1,-0.01,-1,-1,-0.01,-1,-1,-0.01,-1,-1,-0.01,-1,-1,-0.01,-1,-1,-0.01,-1,-1
99926009,2026-05-18 12:44:35+05:30,53249.8,0,0.0,0,0.0,0.0,53282.15,53333.0,52783.45,53710.35,0,0.0,0.0,0.0,0.0,-0.01,-1,-1,-0.01,-1,-1,-0.01,-1,-1,-0.01,-1,-1,-0.01,-1,-1,-0.01,-1,-1,-0.01,-1,-1,-0.01,-1,-1,-0.01,-1,-1,-0.01,-1,-1
99926009,2026-05-18 12:44:35+05:30,53250.4,0,0.0,0,0.0,0.0,53282.15,53333.0,52783.45,53710.35,0,0.0,0.0,0.0,0.0,-0.01,-1,-1,-0.01,-1,-1,-0.01,-1,-1,-0.01,-1,-1,-0.01,-1,-1,-0.01,-1,-1,-0.01,-1,-1,-0.01,-1,-1,-0.01,-1,-1,-0.01,-1,-1
99926009,2026-05-18 12:44:36+05:30,53250.7,0,0.0,0,0.0,0.0,53282.15,53333.0,52783.45,53710.35,0,0.0,0.0,0.0,0.0,-0.01,-1,-1,-0.01,-1,-1,-0.01,-1,-1,-0.01,-1,-1,-0.01,-1,-1,-0.01,-1,-1,-0.01,-1,-1,-0.01,-1,-1,-0.01,-1,-1,-0.01,-1,-1
99926009,2026-05-18 12:44:36+05:30,53249.25,0,0.0,0,0.0,0.0,53282.15,53333.0,52783.45,53710.35,0,0.0,0.0,0.0,0.0,-0.01,-1,-1,-0.01,-1,-1,-0.01,-1,-1,-0.01,-1,-1,-0.01,-1,-1,-0.01,-1,-1,-0.01,-1,-1,-0.01,-1,-1,-0.01,-1,-1,-0.01,-1,-1
99926009,2026-05-18 12:44:37+05:30,53250.25,0,0.0,0,0.0,0.0,53282.15,53333.0,52783.45,53710.35,0,0.0,0.0,0.0,0.0,-0.01,-1,-1,-0.01,-1,-1,-0.01,-1,-1,-0.01,-1,-1,-0.01,-1,-1,-0.01,-1,-1,-0.01,-1,-1,-0.01,-1,-1,-0.01,-1,-1,-0.01,-1,-1
99926009,2026-05-18 12:44:37+05:30,53248.15,0,0.0,0,0.0,0.0,53282.15,53333.0,52783.45,53710.35,0,0.0,0.0,0.0,0.0,-0.01,-1,-1,-0.01,-1,-1,-0.01,-1,-1,-0.01,-1,-1,-0.01,-1,-1,-0.01,-1,-1,-0.01,-1,-1,-0.01,-1,-1,-0.01,-1,-1,-0.01,-1,-1
99926009,2026-05-18 12:44:38+05:30,53245.85,0,0.0,0,0.0,0.0,53282.15,53333.0,52783.45,53710.35,0,0.0,0.0,0.0,0.0,-0.01,-1,-1,-0.01,-1,-1,-0.01,-1,-1,-0.01,-1,-1,-0.01,-1,-1,-0.01,-1,-1,-0.01,-1,-1,-0.01,-1,-1,-0.01,-1,-1,-0.01,-1,-1
99926009,2026-05-18 12:44:38+05:30,53244.05,0,0.0,0,0.0,0.0,53282.15,53333.0,52783.45,53710.35,0,0.0,0.0,0.0,0.0,-0.01,-1,-1,-0.01,-1,-1,-0.01,-1,-1,-0.01,-1,-1,-0.01,-1,-1,-0.01,-1,-1,-0.01,-1,-1,-0.01,-1,-1,-0.01,-1,-1,-0.01,-1,-1
99926009,2026-05-18 12:44:39+05:30,53245.45,0,0.0,0,0.0,0.0,53282.15,53333.0,52783.45,53710.35,0,0.0,0.0,0.0,0.0,-0.01,-1,-1,-0.01,-1,-1,-0.01,-1,-1,-0.01,-1,-1,-0.01,-1,-1,-0.01,-1,-1,-0.01,-1,-1,-0.01,-1,-1,-0.01,-1,-1,-0.01,-1,-1
99926009,2026-05-18 12:44:39+05:30,53246.55,0,0.0,0,0.0,0.0,53282.15,53333.0,52783.45,53710.35,0,0.0,0.0,0.0,0.0,-0.01,-1,-1,-0.01,-1,-1,-0.01,-1,-1,-0.01,-1,-1,-0.01,-1,-1,-0.01,-1,-1,-0.01,-1,-1,-0.01,-1,-1,-0.01,-1,-1,-0.01,-1,-1
99926009,2026-05-18 12:44:40+05:30,53245.5,0,0.0,0,0.0,0.0,53282.15,53333.0,52783.45,53710.35,0,0.0,0.0,0.0,0.0,-0.01,-1,-1,-0.01,-1,-1,-0.01,-1,-1,-0.01,-1,-1,-0.01,-1,-1,-0.01,-1,-1,-0.01,-1,-1,-0.01,-1,-1,-0.01,-1,-1,-0.01,-1,-1
99926009,2026-05-18 12:44:40+05:30,53245.6,0,0.0,0,0.0,0.0,53282.15,53333.0,52783.45,53710.35,0,0.0,0.0,0.0,0.0,-0.01,-1,-1,-0.01,-1,-1,-0.01,-1,-1,-0.01,-1,-1,-0.01,-1,-1,-0.01,-1,-1,-0.01,-1,-1,-0.01,-1,-1,-0.01,-1,-1,-0.01,-1,-1
99926009,2026-05-18 12:44:41+05:30,53244.35,0,0.0,0,0.0,0.0,53282.15,53333.0,52783.45,53710.35,0,0.0,0.0,0.0,0.0,-0.01,-1,-1,-0.01,-1,-1,-0.01,-1,-1,-0.01,-1,-1,-0.01,-1,-1,-0.01,-1,-1,-0.01,-1,-1,-0.01,-1,-1,-0.01,-1,-1,-0.01,-1,-1
99926009,2026-05-18 12:44:41+05:30,53246.1,0,0.0,0,0.0,0.0,53282.15,53333.0,52783.45,53710.35,0,0.0,0.0,0.0,0.0,-0.01,-1,-1,-0.01,-1,-1,-0.01,-1,-1,-0.01,-1,-1,-0.01,-1,-1,-0.01,-1,-1,-0.01,-1,-1,-0.01,-1,-1,-0.01,-1,-1,-0.01,-1,-1
99926009,2026-05-18 12:44:42+05:30,53247.9,0,0.0,0,0.0,0.0,53282.15,53333.0,52783.45,53710.35,0,0.0,0.0,0.0,0.0,-0.01,-1,-1,-0.01,-1,-1,-0.01,-1,-1,-0.01,-1,-1,-0.01,-1,-1,-0.01,-1,-1,-0.01,-1,-1,-0.01,-1,-1,-0.01,-1,-1,-0.01,-1,-1
99926009,2026-05-18 12:44:42+05:30,53248.85,0,0.0,0,0.0,0.0,53282.15,53333.0,52783.45,53710.35,0,0.0,0.0,0.0,0.0,-0.01,-1,-1,-0.01,-1,-1,-0.01,-1,-1,-0.01,-1,-1,-0.01,-1,-1,-0.01,-1,-1,-0.01,-1,-1,-0.01,-1,-1,-0.01,-1,-1,-0.01,-1,-1
99926009,2026-05-18 12:44:43+05:30,53248.1,0,0.0,0,0.0,0.0,53282.15,53333.0,52783.45,53710.35,0,0.0,0.0,0.0,0.0,-0.01,-1,-1,-0.01,-1,-1,-0.01,-1,-1,-0.01,-1,-1,-0.01,-1,-1,-0.01,-1,-1,-0.01,-1,-1,-0.01,-1,-1,-0.01,-1,-1,-0.01,-1,-1
99926009,2026-05-18 12:44:43+05:30,53248.0,0,0.0,0,0.0,0.0,53282.15,53333.0,52783.45,53710.35,0,0.0,0.0,0.0,0.0,-0.01,-1,-1,-0.01,-1,-1,-0.01,-1,-1,-0.01,-1,-1,-0.01,-1,-1,-0.01,-1,-1,-0.01,-1,-1,-0.01,-1,-1,-0.01,-1,-1,-0.01,-1,-1
99926009,2026-05-18 12:44:44+05:30,53244.6,0,0.0,0,0.0,0.0,53282.15,53333.0,52783.45,53710.35,0,0.0,0.0,0.0,0.0,-0.01,-1,-1,-0.01,-1,-1,-0.01,-1,-1,-0.01,-1,-1,-0.01,-1,-1,-0.01,-1,-1,-0.01,-1,-1,-0.01,-1,-1,-0.01,-1,-1,-0.01,-1,-1
99926009,2026-05-18 12:44:44+05:30,53246.4,0,0.0,0,0.0,0.0,53282.15,53333.0,52783.45,53710.35,0,0.0,0.0,0.0,0.0,-0.01,-1,-1,-0.01,-1,-1,-0.01,-1,-1,-0.01,-1,-1,-0.01,-1,-1,-0.01,-1,-1,-0.01,-1,-1,-0.01,-1,-1,-0.01,-1,-1,-0.01,-1,-1
99926009,2026-05-18 12:44:45+05:30,53245.8,0,0.0,0,0.0,0.0,53282.15,53333.0,52783.45,53710.35,0,0.0,0.0,0.0,0.0,-0.01,-1,-1,-0.01,-1,-1,-0.01,-1,-1,-0.01,-1,-1,-0.01,-1,-1,-0.01,-1,-1,-0.01,-1,-1,-0.01,-1,-1,-0.01,-1,-1,-0.01,-1,-1
99926009,2026-05-18 12:44:45+05:30,53249.05,0,0.0,0,0.0,0.0,53282.15,53333.0,52783.45,53710.35,0,0.0,0.0,0.0,0.0,-0.01,-1,-1,-0.01,-1,-1,-0.01,-1,-1,-0.01,-1,-1,-0.01,-1,-1,-0.01,-1,-1,-0.01,-1,-1,-0.01,-1,-1,-0.01,-1,-1,-0.01,-1,-1
99926009,2026-05-18 12:44:46+05:30,53248.45,0,0.0,0,0.0,0.0,53282.15,53333.0,52783.45,53710.35,0,0.0,0.0,0.0,0.0,-0.01,-1,-1,-0.01,-1,-1,-0.01,-1,-1,-0.01,-1,-1,-0.01,-1,-1,-0.01,-1,-1,-0.01,-1,-1,-0.01,-1,-1,-0.01,-1,-1,-0.01,-1,-1
99926009,2026-05-18 12:44:46+05:30,53248.35,0,0.0,0,0.0,0.0,53282.15,53333.0,52783.45,53710.35,0,0.0,0.0,0.0,0.0,-0.01,-1,-1,-0.01,-1,-1,-0.01,-1,-1,-0.01,-1,-1,-0.01,-1,-1,-0.01,-1,-1,-0.01,-1,-1,-0.01,-1,-1,-0.01,-1,-1,-0.01,-1,-1
99926009,2026-05-18 12:44:47+05:30,53245.5,0,0.0,0,0.0,0.0,53282.15,53333.0,52783.45,53710.35,0,0.0,0.0,0.0,0.0,-0.01,-1,-1,-0.01,-1,-1,-0.01,-1,-1,-0.01,-1,-1,-0.01,-1,-1,-0.01,-1,-1,-0.01,-1,-1,-0.01,-1,-1,-0.01,-1,-1,-0.01,-1,-1
99926009,2026-05-18 12:44:47+05:30,53245.65,0,0.0,0,0.0,0.0,53282.15,53333.0,52783.45,53710.35,0,0.0,0.0,0.0,0.0,-0.01,-1,-1,-0.01,-1,-1,-0.01,-1,-1,-0.01,-1,-1,-0.01,-1,-1,-0.01,-1,-1,-0.01,-1,-1,-0.01,-1,-1,-0.01,-1,-1,-0.01,-1,-1
99926009,2026-05-18 12:44:48+05:30,53249.0,0,0.0,0,0.0,0.0,53282.15,53333.0,52783.45,53710.35,0,0.0,0.0,0.0,0.0,-0.01,-1,-1,-0.01,-1,-1,-0.01,-1,-1,-0.01,-1,-1,-0.01,-1,-1,-0.01,-1,-1,-0.01,-1,-1,-0.01,-1,-1,-0.01,-1,-1,-0.01,-1,-1
99926009,2026-05-18 12:44:48+05:30,53246.6,0,0.0,0,0.0,0.0,53282.15,53333.0,52783.45,53710.35,0,0.0,0.0,0.0,0.0,-0.01,-1,-1,-0.01,-1,-1,-0.01,-1,-1,-0.01,-1,-1,-0.01,-1,-1,-0.01,-1,-1,-0.01,-1,-1,-0.01,-1,-1,-0.01,-1,-1,-0.01,-1,-1
99926009,2026-05-18 12:44:49+05:30,53249.25,0,0.0,0,0.0,0.0,53282.15,53333.0,52783.45,53710.35,0,0.0,0.0,0.0,0.0,-0.01,-1,-1,-0.01,-1,-1,-0.01,-1,-1,-0.01,-1,-1,-0.01,-1,-1,-0.01,-1,-1,-0.01,-1,-1,-0.01,-1,-1,-0.01,-1,-1,-0.01,-1,-1
99926009,2026-05-18 12:44:49+05:30,53258.3,0,0.0,0,0.0,0.0,53282.15,53333.0,52783.45,53710.35,0,0.0,0.0,0.0,0.0,-0.01,-1,-1,-0.01,-1,-1,-0.01,-1,-1,-0.01,-1,-1,-0.01,-1,-1,-0.01,-1,-1,-0.01,-1,-1,-0.01,-1,-1,-0.01,-1,-1,-0.01,-1,-1
99926009,2026-05-18 12:44:50+05:30,53261.45,0,0.0,0,0.0,0.0,53282.15,53333.0,52783.45,53710.35,0,0.0,0.0,0.0,0.0,-0.01,-1,-1,-0.01,-1,-1,-0.01,-1,-1,-0.01,-1,-1,-0.01,-1,-1,-0.01,-1,-1,-0.01,-1,-1,-0.01,-1,-1,-0.01,-1,-1,-0.01,-1,-1
99926009,2026-05-18 12:44:50+05:30,53258.4,0,0.0,0,0.0,0.0,53282.15,53333.0,52783.45,53710.35,0,0.0,0.0,0.0,0.0,-0.01,-1,-1,-0.01,-1,-1,-0.01,-1,-1,-0.01,-1,-1,-0.01,-1,-1,-0.01,-1,-1,-0.01,-1,-1,-0.01,-1,-1,-0.01,-1,-1,-0.01,-1,-1
99926009,2026-05-18 12:44:51+05:30,53261.25,0,0.0,0,0.0,0.0,53282.15,53333.0,52783.45,53710.35,0,0.0,0.0,0.0,0.0,-0.01,-1,-1,-0.01,-1,-1,-0.01,-1,-1,-0.01,-1,-1,-0.01,-1,-1,-0.01,-1,-1,-0.01,-1,-1,-0.01,-1,-1,-0.01,-1,-1,-0.01,-1,-1
99926009,2026-05-18 12:44:51+05:30,53260.4,0,0.0,0,0.0,0.0,53282.15,53333.0,52783.45,53710.35,0,0.0,0.0,0.0,0.0,-0.01,-1,-1,-0.01,-1,-1,-0.01,-1,-1,-0.01,-1,-1,-0.01,-1,-1,-0.01,-1,-1,-0.01,-1,-1,-0.01,-1,-1,-0.01,-1,-1,-0.01,-1,-1
99926009,2026-05-18 12:44:52+05:30,53265.65,0,0.0,0,0.0,0.0,53282.15,53333.0,52783.45,53710.35,0,0.0,0.0,0.0,0.0,-0.01,-1,-1,-0.01,-1,-1,-0.01,-1,-1,-0.01,-1,-1,-0.01,-1,-1,-0.01,-1,-1,-0.01,-1,-1,-0.01,-1,-1,-0.01,-1,-1,-0.01,-1,-1
99926009,2026-05-18 12:44:52+05:30,53264.2,0,0.0,0,0.0,0.0,53282.15,53333.0,52783.45,53710.35,0,0.0,0.0,0.0,0.0,-0.01,-1,-1,-0.01,-1,-1,-0.01,-1,-1,-0.01,-1,-1,-0.01,-1,-1,-0.01,-1,-1,-0.01,-1,-1,-0.01,-1,-1,-0.01,-1,-1,-0.01,-1,-1
99926009,2026-05-18 12:44:53+05:30,53260.4,0,0.0,0,0.0,0.0,53282.15,53333.0,52783.45,53710.35,0,0.0,0.0,0.0,0.0,-0.01,-1,-1,-0.01,-1,-1,-0.01,-1,-1,-0.01,-1,-1,-0.01,-1,-1,-0.01,-1,-1,-0.01,-1,-1,-0.01,-1,-1,-0.01,-1,-1,-0.01,-1,-1
99926009,2026-05-18 12:44:53+05:30,53265.15,0,0.0,0,0.0,0.0,53282.15,53333.0,52783.45,53710.35,0,0.0,0.0,0.0,0.0,-0.01,-1,-1,-0.01,-1,-1,-0.01,-1,-1,-0.01,-1,-1,-0.01,-1,-1,-0.01,-1,-1,-0.01,-1,-1,-0.01,-1,-1,-0.01,-1,-1,-0.01,-1,-1
99926009,2026-05-18 12:44:54+05:30,53263.55,0,0.0,0,0.0,0.0,53282.15,53333.0,52783.45,53710.35,0,0.0,0.0,0.0,0.0,-0.01,-1,-1,-0.01,-1,-1,-0.01,-1,-1,-0.01,-1,-1,-0.01,-1,-1,-0.01,-1,-1,-0.01,-1,-1,-0.01,-1,-1,-0.01,-1,-1,-0.01,-1,-1
99926009,2026-05-18 12:44:54+05:30,53262.8,0,0.0,0,0.0,0.0,53282.15,53333.0,52783.45,53710.35,0,0.0,0.0,0.0,0.0,-0.01,-1,-1,-0.01,-1,-1,-0.01,-1,-1,-0.01,-1,-1,-0.01,-1,-1,-0.01,-1,-1,-0.01,-1,-1,-0.01,-1,-1,-0.01,-1,-1,-0.01,-1,-1
99926009,2026-05-18 12:44:55+05:30,53262.3,0,0.0,0,0.0,0.0,53282.15,53333.0,52783.45,53710.35,0,0.0,0.0,0.0,0.0,-0.01,-1,-1,-0.01,-1,-1,-0.01,-1,-1,-0.01,-1,-1,-0.01,-1,-1,-0.01,-1,-1,-0.01,-1,-1,-0.01,-1,-1,-0.01,-1,-1,-0.01,-1,-1
99926009,2026-05-18 12:44:55+05:30,53259.75,0,0.0,0,0.0,0.0,53282.15,53333.0,52783.45,53710.35,0,0.0,0.0,0.0,0.0,-0.01,-1,-1,-0.01,-1,-1,-0.01,-1,-1,-0.01,-1,-1,-0.01,-1,-1,-0.01,-1,-1,-0.01,-1,-1,-0.01,-1,-1,-0.01,-1,-1,-0.01,-1,-1
99926009,2026-05-18 12:44:56+05:30,53259.35,0,0.0,0,0.0,0.0,53282.15,53333.0,52783.45,53710.35,0,0.0,0.0,0.0,0.0,-0.01,-1,-1,-0.01,-1,-1,-0.01,-1,-1,-0.01,-1,-1,-0.01,-1,-1,-0.01,-1,-1,-0.01,-1,-1,-0.01,-1,-1,-0.01,-1,-1,-0.01,-1,-1
99926009,2026-05-18 12:44:56+05:30,53259.2,0,0.0,0,0.0,0.0,53282.15,53333.0,52783.45,53710.35,0,0.0,0.0,0.0,0.0,-0.01,-1,-1,-0.01,-1,-1,-0.01,-1,-1,-0.01,-1,-1,-0.01,-1,-1,-0.01,-1,-1,-0.01,-1,-1,-0.01,-1,-1,-0.01,-1,-1,-0.01,-1,-1
99926009,2026-05-18 12:44:57+05:30,53265.5,0,0.0,0,0.0,0.0,53282.15,53333.0,52783.45,53710.35,0,0.0,0.0,0.0,0.0,-0.01,-1,-1,-0.01,-1,-1,-0.01,-1,-1,-0.01,-1,-1,-0.01,-1,-1,-0.01,-1,-1,-0.01,-1,-1,-0.01,-1,-1,-0.01,-1,-1,-0.01,-1,-1
99926009,2026-05-18 12:44:57+05:30,53264.3,0,0.0,0,0.0,0.0,53282.15,53333.0,52783.45,53710.35,0,0.0,0.0,0.0,0.0,-0.01,-1,-1,-0.01,-1,-1,-0.01,-1,-1,-0.01,-1,-1,-0.01,-1,-1,-0.01,-1,-1,-0.01,-1,-1,-0.01,-1,-1,-0.01,-1,-1,-0.01,-1,-1
99926009,2026-05-18 12:44:58+05:30,53261.4,0,0.0,0,0.0,0.0,53282.15,53333.0,52783.45,53710.35,0,0.0,0.0,0.0,0.0,-0.01,-1,-1,-0.01,-1,-1,-0.01,-1,-1,-0.01,-1,-1,-0.01,-1,-1,-0.01,-1,-1,-0.01,-1,-1,-0.01,-1,-1,-0.01,-1,-1,-0.01,-1,-1
99926009,2026-05-18 12:44:58+05:30,53264.5,0,0.0,0,0.0,0.0,53282.15,53333.0,52783.45,53710.35,0,0.0,0.0,0.0,0.0,-0.01,-1,-1,-0.01,-1,-1,-0.01,-1,-1,-0.01,-1,-1,-0.01,-1,-1,-0.01,-1,-1,-0.01,-1,-1,-0.01,-1,-1,-0.01,-1,-1,-0.01,-1,-1
99926009,2026-05-18 12:44:59+05:30,53264.0,0,0.0,0,0.0,0.0,53282.15,53333.0,52783.45,53710.35,0,0.0,0.0,0.0,0.0,-0.01,-1,-1,-0.01,-1,-1,-0.01,-1,-1,-0.01,-1,-1,-0.01,-1,-1,-0.01,-1,-1,-0.01,-1,-1,-0.01,-1,-1,-0.01,-1,-1,-0.01,-1,-1
99926009,2026-05-18 12:44:59+05:30,53264.65,0,0.0,0,0.0,0.0,53282.15,53333.0,52783.45,53710.35,0,0.0,0.0,0.0,0.0,-0.01,-1,-1,-0.01,-1,-1,-0.01,-1,-1,-0.01,-1,-1,-0.01,-1,-1,-0.01,-1,-1,-0.01,-1,-1,-0.01,-1,-1,-0.01,-1,-1,-0.01,-1,-1
99926009,2026-05-18 12:45:00+05:30,53265.75,0,0.0,0,0.0,0.0,53282.15,53333.0,52783.45,53710.35,0,0.0,0.0,0.0,0.0,-0.01,-1,-1,-0.01,-1,-1,-0.01,-1,-1,-0.01,-1,-1,-0.01,-1,-1,-0.01,-1,-1,-0.01,-1,-1,-0.01,-1,-1,-0.01,-1,-1,-0.01,-1,-1
99926009,2026-05-18 12:45:00+05:30,53268.65,0,0.0,0,0.0,0.0,53282.15,53333.0,52783.45,53710.35,0,0.0,0.0,0.0,0.0,-0.01,-1,-1,-0.01,-1,-1,-0.01,-1,-1,-0.01,-1,-1,-0.01,-1,-1,-0.01,-1,-1,-0.01,-1,-1,-0.01,-1,-1,-0.01,-1,-1,-0.01,-1,-1
99926009,2026-05-18 12:45:01+05:30,53265.25,0,0.0,0,0.0,0.0,53282.15,53333.0,52783.45,53710.35,0,0.0,0.0,0.0,0.0,-0.01,-1,-1,-0.01,-1,-1,-0.01,-1,-1,-0.01,-1,-1,-0.01,-1,-1,-0.01,-1,-1,-0.01,-1,-1,-0.01,-1,-1,-0.01,-1,-1,-0.01,-1,-1
99926009,2026-05-18 12:45:01+05:30,53260.25,0,0.0,0,0.0,0.0,53282.15,53333.0,52783.45,53710.35,0,0.0,0.0,0.0,0.0,-0.01,-1,-1,-0.01,-1,-1,-0.01,-1,-1,-0.01,-1,-1,-0.01,-1,-1,-0.01,-1,-1,-0.01,-1,-1,-0.01,-1,-1,-0.01,-1,-1,-0.01,-1,-1
99926009,2026-05-18 12:45:02+05:30,53261.95,0,0.0,0,0.0,0.0,53282.15,53333.0,52783.45,53710.35,0,0.0,0.0,0.0,0.0,-0.01,-1,-1,-0.01,-1,-1,-0.01,-1,-1,-0.01,-1,-1,-0.01,-1,-1,-0.01,-1,-1,-0.01,-1,-1,-0.01,-1,-1,-0.01,-1,-1,-0.01,-1,-1
99926009,2026-05-18 12:45:02+05:30,53262.2,0,0.0,0,0.0,0.0,53282.15,53333.0,52783.45,53710.35,0,0.0,0.0,0.0,0.0,-0.01,-1,-1,-0.01,-1,-1,-0.01,-1,-1,-0.01,-1,-1,-0.01,-1,-1,-0.01,-1,-1,-0.01,-1,-1,-0.01,-1,-1,-0.01,-1,-1,-0.01,-1,-1
99926009,2026-05-18 12:45:03+05:30,53258.6,0,0.0,0,0.0,0.0,53282.15,53333.0,52783.45,53710.35,0,0.0,0.0,0.0,0.0,-0.01,-1,-1,-0.01,-1,-1,-0.01,-1,-1,-0.01,-1,-1,-0.01,-1,-1,-0.01,-1,-1,-0.01,-1,-1,-0.01,-1,-1,-0.01,-1,-1,-0.01,-1,-1
99926009,2026-05-18 12:45:03+05:30,53258.5,0,0.0,0,0.0,0.0,53282.15,53333.0,52783.45,53710.35,0,0.0,0.0,0.0,0.0,-0.01,-1,-1,-0.01,-1,-1,-0.01,-1,-1,-0.01,-1,-1,-0.01,-1,-1,-0.01,-1,-1,-0.01,-1,-1,-0.01,-1,-1,-0.01,-1,-1,-0.01,-1,-1
99926009,2026-05-18 12:45:04+05:30,53258.3,0,0.0,0,0.0,0.0,53282.15,53333.0,52783.45,53710.35,0,0.0,0.0,0.0,0.0,-0.01,-1,-1,-0.01,-1,-1,-0.01,-1,-1,-0.01,-1,-1,-0.01,-1,-1,-0.01,-1,-1,-0.01,-1,-1,-0.01,-1,-1,-0.01,-1,-1,-0.01,-1,-1
99926009,2026-05-18 12:45:04+05:30,53257.5,0,0.0,0,0.0,0.0,53282.15,53333.0,52783.45,53710.35,0,0.0,0.0,0.0,0.0,-0.01,-1,-1,-0.01,-1,-1,-0.01,-1,-1,-0.01,-1,-1,-0.01,-1,-1,-0.01,-1,-1,-0.01,-1,-1,-0.01,-1,-1,-0.01,-1,-1,-0.01,-1,-1
99926009,2026-05-18 12:45:05+05:30,53257.1,0,0.0,0,0.0,0.0,53282.15,53333.0,52783.45,53710.35,0,0.0,0.0,0.0,0.0,-0.01,-1,-1,-0.01,-1,-1,-0.01,-1,-1,-0.01,-1,-1,-0.01,-1,-1,-0.01,-1,-1,-0.01,-1,-1,-0.01,-1,-1,-0.01,-1,-1,-0.01,-1,-1
99926009,2026-05-18 12:45:05+05:30,53261.45,0,0.0,0,0.0,0.0,53282.15,53333.0,52783.45,53710.35,0,0.0,0.0,0.0,0.0,-0.01,-1,-1,-0.01,-1,-1,-0.01,-1,-1,-0.01,-1,-1,-0.01,-1,-1,-0.01,-1,-1,-0.01,-1,-1,-0.01,-1,-1,-0.01,-1,-1,-0.01,-1,-1
99926009,2026-05-18 12:45:06+05:30,53257.3,0,0.0,0,0.0,0.0,53282.15,53333.0,52783.45,53710.35,0,0.0,0.0,0.0,0.0,-0.01,-1,-1,-0.01,-1,-1,-0.01,-1,-1,-0.01,-1,-1,-0.01,-1,-1,-0.01,-1,-1,-0.01,-1,-1,-0.01,-1,-1,-0.01,-1,-1,-0.01,-1,-1
99926009,2026-05-18 12:45:06+05:30,53261.6,0,0.0,0,0.0,0.0,53282.15,53333.0,52783.45,53710.35,0,0.0,0.0,0.0,0.0,-0.01,-1,-1,-0.01,-1,-1,-0.01,-1,-1,-0.01,-1,-1,-0.01,-1,-1,-0.01,-1,-1,-0.01,-1,-1,-0.01,-1,-1,-0.01,-1,-1,-0.01,-1,-1
99926009,2026-05-18 12:45:07+05:30,53263.4,0,0.0,0,0.0,0.0,53282.15,53333.0,52783.45,53710.35,0,0.0,0.0,0.0,0.0,-0.01,-1,-1,-0.01,-1,-1,-0.01,-1,-1,-0.01,-1,-1,-0.01,-1,-1,-0.01,-1,-1,-0.01,-1,-1,-0.01,-1,-1,-0.01,-1,-1,-0.01,-1,-1
99926009,2026-05-18 12:45:07+05:30,53260.75,0,0.0,0,0.0,0.0,53282.15,53333.0,52783.45,53710.35,0,0.0,0.0,0.0,0.0,-0.01,-1,-1,-0.01,-1,-1,-0.01,-1,-1,-0.01,-1,-1,-0.01,-1,-1,-0.01,-1,-1,-0.01,-1,-1,-0.01,-1,-1,-0.01,-1,-1,-0.01,-1,-1
99926009,2026-05-18 12:45:08+05:30,53262.2,0,0.0,0,0.0,0.0,53282.15,53333.0,52783.45,53710.35,0,0.0,0.0,0.0,0.0,-0.01,-1,-1,-0.01,-1,-1,-0.01,-1,-1,-0.01,-1,-1,-0.01,-1,-1,-0.01,-1,-1,-0.01,-1,-1,-0.01,-1,-1,-0.01,-1,-1,-0.01,-1,-1
99926009,2026-05-18 12:45:08+05:30,53259.85,0,0.0,0,0.0,0.0,53282.15,53333.0,52783.45,53710.35,0,0.0,0.0,0.0,0.0,-0.01,-1,-1,-0.01,-1,-1,-0.01,-1,-1,-0.01,-1,-1,-0.01,-1,-1,-0.01,-1,-1,-0.01,-1,-1,-0.01,-1,-1,-0.01,-1,-1,-0.01,-1,-1
99926009,2026-05-18 12:45:09+05:30,53263.65,0,0.0,0,0.0,0.0,53282.15,53333.0,52783.45,53710.35,0,0.0,0.0,0.0,0.0,-0.01,-1,-1,-0.01,-1,-1,-0.01,-1,-1,-0.01,-1,-1,-0.01,-1,-1,-0.01,-1,-1,-0.01,-1,-1,-0.01,-1,-1,-0.01,-1,-1,-0.01,-1,-1
99926009,2026-05-18 12:45:09+05:30,53264.85,0,0.0,0,0.0,0.0,53282.15,53333.0,52783.45,53710.35,0,0.0,0.0,0.0,0.0,-0.01,-1,-1,-0.01,-1,-1,-0.01,-1,-1,-0.01,-1,-1,-0.01,-1,-1,-0.01,-1,-1,-0.01,-1,-1,-0.01,-1,-1,-0.01,-1,-1,-0.01,-1,-1
99926009,2026-05-18 12:45:10+05:30,53263.35,0,0.0,0,0.0,0.0,53282.15,53333.0,52783.45,53710.35,0,0.0,0.0,0.0,0.0,-0.01,-1,-1,-0.01,-1,-1,-0.01,-1,-1,-0.01,-1,-1,-0.01,-1,-1,-0.01,-1,-1,-0.01,-1,-1,-0.01,-1,-1,-0.01,-1,-1,-0.01,-1,-1
99926009,2026-05-18 12:45:10+05:30,53266.0,0,0.0,0,0.0,0.0,53282.15,53333.0,52783.45,53710.35,0,0.0,0.0,0.0,0.0,-0.01,-1,-1,-0.01,-1,-1,-0.01,-1,-1,-0.01,-1,-1,-0.01,-1,-1,-0.01,-1,-1,-0.01,-1,-1,-0.01,-1,-1,-0.01,-1,-1,-0.01,-1,-1
99926009,2026-05-18 12:45:11+05:30,53265.25,0,0.0,0,0.0,0.0,53282.15,53333.0,52783.45,53710.35,0,0.0,0.0,0.0,0.0,-0.01,-1,-1,-0.01,-1,-1,-0.01,-1,-1,-0.01,-1,-1,-0.01,-1,-1,-0.01,-1,-1,-0.01,-1,-1,-0.01,-1,-1,-0.01,-1,-1,-0.01,-1,-1
99926009,2026-05-18 12:45:11+05:30,53261.7,0,0.0,0,0.0,0.0,53282.15,53333.0,52783.45,53710.35,0,0.0,0.0,0.0,0.0,-0.01,-1,-1,-0.01,-1,-1,-0.01,-1,-1,-0.01,-1,-1,-0.01,-1,-1,-0.01,-1,-1,-0.01,-1,-1,-0.01,-1,-1,-0.01,-1,-1,-0.01,-1,-1
99926009,2026-05-18 12:45:12+05:30,53264.55,0,0.0,0,0.0,0.0,53282.15,53333.0,52783.45,53710.35,0,0.0,0.0,0.0,0.0,-0.01,-1,-1,-0.01,-1,-1,-0.01,-1,-1,-0.01,-1,-1,-0.01,-1,-1,-0.01,-1,-1,-0.01,-1,-1,-0.01,-1,-1,-0.01,-1,-1,-0.01,-1,-1
99926009,2026-05-18 12:45:12+05:30,53265.55,0,0.0,0,0.0,0.0,53282.15,53333.0,52783.45,53710.35,0,0.0,0.0,0.0,0.0,-0.01,-1,-1,-0.01,-1,-1,-0.01,-1,-1,-0.01,-1,-1,-0.01,-1,-1,-0.01,-1,-1,-0.01,-1,-1,-0.01,-1,-1,-0.01,-1,-1,-0.01,-1,-1
99926009,2026-05-18 12:45:13+05:30,53264.3,0,0.0,0,0.0,0.0,53282.15,53333.0,52783.45,53710.35,0,0.0,0.0,0.0,0.0,-0.01,-1,-1,-0.01,-1,-1,-0.01,-1,-1,-0.01,-1,-1,-0.01,-1,-1,-0.01,-1,-1,-0.01,-1,-1,-0.01,-1,-1,-0.01,-1,-1,-0.01,-1,-1
99926009,2026-05-18 12:45:13+05:30,53268.8,0,0.0,0,0.0,0.0,53282.15,53333.0,52783.45,53710.35,0,0.0,0.0,0.0,0.0,-0.01,-1,-1,-0.01,-1,-1,-0.01,-1,-1,-0.01,-1,-1,-0.01,-1,-1,-0.01,-1,-1,-0.01,-1,-1,-0.01,-1,-1,-0.01,-1,-1,-0.01,-1,-1
99926009,2026-05-18 12:45:14+05:30,53264.5,0,0.0,0,0.0,0.0,53282.15,53333.0,52783.45,53710.35,0,0.0,0.0,0.0,0.0,-0.01,-1,-1,-0.01,-1,-1,-0.01,-1,-1,-0.01,-1,-1,-0.01,-1,-1,-0.01,-1,-1,-0.01,-1,-1,-0.01,-1,-1,-0.01,-1,-1,-0.01,-1,-1
99926009,2026-05-18 12:45:14+05:30,53260.4,0,0.0,0,0.0,0.0,53282.15,53333.0,52783.45,53710.35,0,0.0,0.0,0.0,0.0,-0.01,-1,-1,-0.01,-1,-1,-0.01,-1,-1,-0.01,-1,-1,-0.01,-1,-1,-0.01,-1,-1,-0.01,-1,-1,-0.01,-1,-1,-0.01,-1,-1,-0.01,-1,-1
99926009,2026-05-18 12:45:15+05:30,53266.0,0,0.0,0,0.0,0.0,53282.15,53333.0,52783.45,53710.35,0,0.0,0.0,0.0,0.0,-0.01,-1,-1,-0.01,-1,-1,-0.01,-1,-1,-0.01,-1,-1,-0.01,-1,-1,-0.01,-1,-1,-0.01,-1,-1,-0.01,-1,-1,-0.01,-1,-1,-0.01,-1,-1
99926009,2026-05-18 12:45:15+05:30,53264.85,0,0.0,0,0.0,0.0,53282.15,53333.0,52783.45,53710.35,0,0.0,0.0,0.0,0.0,-0.01,-1,-1,-0.01,-1,-1,-0.01,-1,-1,-0.01,-1,-1,-0.01,-1,-1,-0.01,-1,-1,-0.01,-1,-1,-0.01,-1,-1,-0.01,-1,-1,-0.01,-1,-1
99926009,2026-05-18 12:45:16+05:30,53264.7,0,0.0,0,0.0,0.0,53282.15,53333.0,52783.45,53710.35,0,0.0,0.0,0.0,0.0,-0.01,-1,-1,-0.01,-1,-1,-0.01,-1,-1,-0.01,-1,-1,-0.01,-1,-1,-0.01,-1,-1,-0.01,-1,-1,-0.01,-1,-1,-0.01,-1,-1,-0.01,-1,-1
99926009,2026-05-18 12:45:16+05:30,53263.6,0,0.0,0,0.0,0.0,53282.15,53333.0,52783.45,53710.35,0,0.0,0.0,0.0,0.0,-0.01,-1,-1,-0.01,-1,-1,-0.01,-1,-1,-0.01,-1,-1,-0.01,-1,-1,-0.01,-1,-1,-0.01,-1,-1,-0.01,-1,-1,-0.01,-1,-1,-0.01,-1,-1
99926009,2026-05-18 12:45:17+05:30,53263.15,0,0.0,0,0.0,0.0,53282.15,53333.0,52783.45,53710.35,0,0.0,0.0,0.0,0.0,-0.01,-1,-1,-0.01,-1,-1,-0.01,-1,-1,-0.01,-1,-1,-0.01,-1,-1,-0.01,-1,-1,-0.01,-1,-1,-0.01,-1,-1,-0.01,-1,-1,-0.01,-1,-1
99926009,2026-05-18 12:45:17+05:30,53260.0,0,0.0,0,0.0,0.0,53282.15,53333.0,52783.45,53710.35,0,0.0,0.0,0.0,0.0,-0.01,-1,-1,-0.01,-1,-1,-0.01,-1,-1,-0.01,-1,-1,-0.01,-1,-1,-0.01,-1,-1,-0.01,-1,-1,-0.01,-1,-1,-0.01,-1,-1,-0.01,-1,-1
99926009,2026-05-18 12:45:18+05:30,53259.7,0,0.0,0,0.0,0.0,53282.15,53333.0,52783.45,53710.35,0,0.0,0.0,0.0,0.0,-0.01,-1,-1,-0.01,-1,-1,-0.01,-1,-1,-0.01,-1,-1,-0.01,-1,-1,-0.01,-1,-1,-0.01,-1,-1,-0.01,-1,-1,-0.01,-1,-1,-0.01,-1,-1
99926009,2026-05-18 12:45:18+05:30,53258.85,0,0.0,0,0.0,0.0,53282.15,53333.0,52783.45,53710.35,0,0.0,0.0,0.0,0.0,-0.01,-1,-1,-0.01,-1,-1,-0.01,-1,-1,-0.01,-1,-1,-0.01,-1,-1,-0.01,-1,-1,-0.01,-1,-1,-0.01,-1,-1,-0.01,-1,-1,-0.01,-1,-1
99926009,2026-05-18 12:45:19+05:30,53257.35,0,0.0,0,0.0,0.0,53282.15,53333.0,52783.45,53710.35,0,0.0,0.0,0.0,0.0,-0.01,-1,-1,-0.01,-1,-1,-0.01,-1,-1,-0.01,-1,-1,-0.01,-1,-1,-0.01,-1,-1,-0.01,-1,-1,-0.01,-1,-1,-0.01,-1,-1,-0.01,-1,-1
99926009,2026-05-18 12:45:19+05:30,53259.5,0,0.0,0,0.0,0.0,53282.15,53333.0,52783.45,53710.35,0,0.0,0.0,0.0,0.0,-0.01,-1,-1,-0.01,-1,-1,-0.01,-1,-1,-0.01,-1,-1,-0.01,-1,-1,-0.01,-1,-1,-0.01,-1,-1,-0.01,-1,-1,-0.01,-1,-1,-0.01,-1,-1
99926009,2026-05-18 12:45:20+05:30,53258.6,0,0.0,0,0.0,0.0,53282.15,53333.0,52783.45,53710.35,0,0.0,0.0,0.0,0.0,-0.01,-1,-1,-0.01,-1,-1,-0.01,-1,-1,-0.01,-1,-1,-0.01,-1,-1,-0.01,-1,-1,-0.01,-1,-1,-0.01,-1,-1,-0.01,-1,-1,-0.01,-1,-1
99926009,2026-05-18 12:45:20+05:30,53259.45,0,0.0,0,0.0,0.0,53282.15,53333.0,52783.45,53710.35,0,0.0,0.0,0.0,0.0,-0.01,-1,-1,-0.01,-1,-1,-0.01,-1,-1,-0.01,-1,-1,-0.01,-1,-1,-0.01,-1,-1,-0.01,-1,-1,-0.01,-1,-1,-0.01,-1,-1,-0.01,-1,-1
99926009,2026-05-18 12:45:21+05:30,53258.5,0,0.0,0,0.0,0.0,53282.15,53333.0,52783.45,53710.35,0,0.0,0.0,0.0,0.0,-0.01,-1,-1,-0.01,-1,-1,-0.01,-1,-1,-0.01,-1,-1,-0.01,-1,-1,-0.01,-1,-1,-0.01,-1,-1,-0.01,-1,-1,-0.01,-1,-1,-0.01,-1,-1
99926009,2026-05-18 12:45:21+05:30,53257.0,0,0.0,0,0.0,0.0,53282.15,53333.0,52783.45,53710.35,0,0.0,0.0,0.0,0.0,-0.01,-1,-1,-0.01,-1,-1,-0.01,-1,-1,-0.01,-1,-1,-0.01,-1,-1,-0.01,-1,-1,-0.01,-1,-1,-0.01,-1,-1,-0.01,-1,-1,-0.01,-1,-1
99926009,2026-05-18 12:45:22+05:30,53259.3,0,0.0,0,0.0,0.0,53282.15,53333.0,52783.45,53710.35,0,0.0,0.0,0.0,0.0,-0.01,-1,-1,-0.01,-1,-1,-0.01,-1,-1,-0.01,-1,-1,-0.01,-1,-1,-0.01,-1,-1,-0.01,-1,-1,-0.01,-1,-1,-0.01,-1,-1,-0.01,-1,-1
99926009,2026-05-18 12:45:22+05:30,53259.45,0,0.0,0,0.0,0.0,53282.15,53333.0,52783.45,53710.35,0,0.0,0.0,0.0,0.0,-0.01,-1,-1,-0.01,-1,-1,-0.01,-1,-1,-0.01,-1,-1,-0.01,-1,-1,-0.01,-1,-1,-0.01,-1,-1,-0.01,-1,-1,-0.01,-1,-1,-0.01,-1,-1
99926009,2026-05-18 12:45:23+05:30,53255.4,0,0.0,0,0.0,0.0,53282.15,53333.0,52783.45,53710.35,0,0.0,0.0,0.0,0.0,-0.01,-1,-1,-0.01,-1,-1,-0.01,-1,-1,-0.01,-1,-1,-0.01,-1,-1,-0.01,-1,-1,-0.01,-1,-1,-0.01,-1,-1,-0.01,-1,-1,-0.01,-1,-1
99926009,2026-05-18 12:45:23+05:30,53254.65,0,0.0,0,0.0,0.0,53282.15,53333.0,52783.45,53710.35,0,0.0,0.0,0.0,0.0,-0.01,-1,-1,-0.01,-1,-1,-0.01,-1,-1,-0.01,-1,-1,-0.01,-1,-1,-0.01,-1,-1,-0.01,-1,-1,-0.01,-1,-1,-0.01,-1,-1,-0.01,-1,-1
99926009,2026-05-18 12:45:24+05:30,53251.8,0,0.0,0,0.0,0.0,53282.15,53333.0,52783.45,53710.35,0,0.0,0.0,0.0,0.0,-0.01,-1,-1,-0.01,-1,-1,-0.01,-1,-1,-0.01,-1,-1,-0.01,-1,-1,-0.01,-1,-1,-0.01,-1,-1,-0.01,-1,-1,-0.01,-1,-1,-0.01,-1,-1
99926009,2026-05-18 12:45:24+05:30,53252.75,0,0.0,0,0.0,0.0,53282.15,53333.0,52783.45,53710.35,0,0.0,0.0,0.0,0.0,-0.01,-1,-1,-0.01,-1,-1,-0.01,-1,-1,-0.01,-1,-1,-0.01,-1,-1,-0.01,-1,-1,-0.01,-1,-1,-0.01,-1,-1,-0.01,-1,-1,-0.01,-1,-1
99926009,2026-05-18 12:45:25+05:30,53253.9,0,0.0,0,0.0,0.0,53282.15,53333.0,52783.45,53710.35,0,0.0,0.0,0.0,0.0,-0.01,-1,-1,-0.01,-1,-1,-0.01,-1,-1,-0.01,-1,-1,-0.01,-1,-1,-0.01,-1,-1,-0.01,-1,-1,-0.01,-1,-1,-0.01,-1,-1,-0.01,-1,-1
99926009,2026-05-18 12:45:25+05:30,53254.2,0,0.0,0,0.0,0.0,53282.15,53333.0,52783.45,53710.35,0,0.0,0.0,0.0,0.0,-0.01,-1,-1,-0.01,-1,-1,-0.01,-1,-1,-0.01,-1,-1,-0.01,-1,-1,-0.01,-1,-1,-0.01,-1,-1,-0.01,-1,-1,-0.01,-1,-1,-0.01,-1,-1
99926009,2026-05-18 12:45:26+05:30,53257.3,0,0.0,0,0.0,0.0,53282.15,53333.0,52783.45,53710.35,0,0.0,0.0,0.0,0.0,-0.01,-1,-1,-0.01,-1,-1,-0.01,-1,-1,-0.01,-1,-1,-0.01,-1,-1,-0.01,-1,-1,-0.01,-1,-1,-0.01,-1,-1,-0.01,-1,-1,-0.01,-1,-1
99926009,2026-05-18 12:45:26+05:30,53258.1,0,0.0,0,0.0,0.0,53282.15,53333.0,52783.45,53710.35,0,0.0,0.0,0.0,0.0,-0.01,-1,-1,-0.01,-1,-1,-0.01,-1,-1,-0.01,-1,-1,-0.01,-1,-1,-0.01,-1,-1,-0.01,-1,-1,-0.01,-1,-1,-0.01,-1,-1,-0.01,-1,-1
99926009,2026-05-18 12:45:27+05:30,53249.95,0,0.0,0,0.0,0.0,53282.15,53333.0,52783.45,53710.35,0,0.0,0.0,0.0,0.0,-0.01,-1,-1,-0.01,-1,-1,-0.01,-1,-1,-0.01,-1,-1,-0.01,-1,-1,-0.01,-1,-1,-0.01,-1,-1,-0.01,-1,-1,-0.01,-1,-1,-0.01,-1,-1
99926009,2026-05-18 12:45:27+05:30,53250.05,0,0.0,0,0.0,0.0,53282.15,53333.0,52783.45,53710.35,0,0.0,0.0,0.0,0.0,-0.01,-1,-1,-0.01,-1,-1,-0.01,-1,-1,-0.01,-1,-1,-0.01,-1,-1,-0.01,-1,-1,-0.01,-1,-1,-0.01,-1,-1,-0.01,-1,-1,-0.01,-1,-1
99926009,2026-05-18 12:45:28+05:30,53248.1,0,0.0,0,0.0,0.0,53282.15,53333.0,52783.45,53710.35,0,0.0,0.0,0.0,0.0,-0.01,-1,-1,-0.01,-1,-1,-0.01,-1,-1,-0.01,-1,-1,-0.01,-1,-1,-0.01,-1,-1,-0.01,-1,-1,-0.01,-1,-1,-0.01,-1,-1,-0.01,-1,-1
99926009,2026-05-18 12:45:28+05:30,53248.15,0,0.0,0,0.0,0.0,53282.15,53333.0,52783.45,53710.35,0,0.0,0.0,0.0,0.0,-0.01,-1,-1,-0.01,-1,-1,-0.01,-1,-1,-0.01,-1,-1,-0.01,-1,-1,-0.01,-1,-1,-0.01,-1,-1,-0.01,-1,-1,-0.01,-1,-1,-0.01,-1,-1
99926009,2026-05-18 12:45:29+05:30,53247.5,0,0.0,0,0.0,0.0,53282.15,53333.0,52783.45,53710.35,0,0.0,0.0,0.0,0.0,-0.01,-1,-1,-0.01,-1,-1,-0.01,-1,-1,-0.01,-1,-1,-0.01,-1,-1,-0.01,-1,-1,-0.01,-1,-1,-0.01,-1,-1,-0.01,-1,-1,-0.01,-1,-1
99926009,2026-05-18 12:45:29+05:30,53247.05,0,0.0,0,0.0,0.0,53282.15,53333.0,52783.45,53710.35,0,0.0,0.0,0.0,0.0,-0.01,-1,-1,-0.01,-1,-1,-0.01,-1,-1,-0.01,-1,-1,-0.01,-1,-1,-0.01,-1,-1,-0.01,-1,-1,-0.01,-1,-1,-0.01,-1,-1,-0.01,-1,-1
99926009,2026-05-18 12:45:30+05:30,53246.75,0,0.0,0,0.0,0.0,53282.15,53333.0,52783.45,53710.35,0,0.0,0.0,0.0,0.0,-0.01,-1,-1,-0.01,-1,-1,-0.01,-1,-1,-0.01,-1,-1,-0.01,-1,-1,-0.01,-1,-1,-0.01,-1,-1,-0.01,-1,-1,-0.01,-1,-1,-0.01,-1,-1
99926009,2026-05-18 12:45:30+05:30,53248.45,0,0.0,0,0.0,0.0,53282.15,53333.0,52783.45,53710.35,0,0.0,0.0,0.0,0.0,-0.01,-1,-1,-0.01,-1,-1,-0.01,-1,-1,-0.01,-1,-1,-0.01,-1,-1,-0.01,-1,-1,-0.01,-1,-1,-0.01,-1,-1,-0.01,-1,-1,-0.01,-1,-1
99926009,2026-05-18 12:45:31+05:30,53247.85,0,0.0,0,0.0,0.0,53282.15,53333.0,52783.45,53710.35,0,0.0,0.0,0.0,0.0,-0.01,-1,-1,-0.01,-1,-1,-0.01,-1,-1,-0.01,-1,-1,-0.01,-1,-1,-0.01,-1,-1,-0.01,-1,-1,-0.01,-1,-1,-0.01,-1,-1,-0.01,-1,-1
99926009,2026-05-18 12:45:31+05:30,53246.55,0,0.0,0,0.0,0.0,53282.15,53333.0,52783.45,53710.35,0,0.0,0.0,0.0,0.0,-0.01,-1,-1,-0.01,-1,-1,-0.01,-1,-1,-0.01,-1,-1,-0.01,-1,-1,-0.01,-1,-1,-0.01,-1,-1,-0.01,-1,-1,-0.01,-1,-1,-0.01,-1,-1
99926009,2026-05-18 12:45:32+05:30,53247.45,0,0.0,0,0.0,0.0,53282.15,53333.0,52783.45,53710.35,0,0.0,0.0,0.0,0.0,-0.01,-1,-1,-0.01,-1,-1,-0.01,-1,-1,-0.01,-1,-1,-0.01,-1,-1,-0.01,-1,-1,-0.01,-1,-1,-0.01,-1,-1,-0.01,-1,-1,-0.01,-1,-1
99926009,2026-05-18 12:45:32+05:30,53243.75,0,0.0,0,0.0,0.0,53282.15,53333.0,52783.45,53710.35,0,0.0,0.0,0.0,0.0,-0.01,-1,-1,-0.01,-1,-1,-0.01,-1,-1,-0.01,-1,-1,-0.01,-1,-1,-0.01,-1,-1,-0.01,-1,-1,-0.01,-1,-1,-0.01,-1,-1,-0.01,-1,-1
99926009,2026-05-18 12:45:33+05:30,53242.9,0,0.0,0,0.0,0.0,53282.15,53333.0,52783.45,53710.35,0,0.0,0.0,0.0,0.0,-0.01,-1,-1,-0.01,-1,-1,-0.01,-1,-1,-0.01,-1,-1,-0.01,-1,-1,-0.01,-1,-1,-0.01,-1,-1,-0.01,-1,-1,-0.01,-1,-1,-0.01,-1,-1
99926009,2026-05-18 12:45:33+05:30,53243.85,0,0.0,0,0.0,0.0,53282.15,53333.0,52783.45,53710.35,0,0.0,0.0,0.0,0.0,-0.01,-1,-1,-0.01,-1,-1,-0.01,-1,-1,-0.01,-1,-1,-0.01,-1,-1,-0.01,-1,-1,-0.01,-1,-1,-0.01,-1,-1,-0.01,-1,-1,-0.01,-1,-1
99926009,2026-05-18 12:45:34+05:30,53243.85,0,0.0,0,0.0,0.0,53282.15,53333.0,52783.45,53710.35,0,0.0,0.0,0.0,0.0,-0.01,-1,-1,-0.01,-1,-1,-0.01,-1,-1,-0.01,-1,-1,-0.01,-1,-1,-0.01,-1,-1,-0.01,-1,-1,-0.01,-1,-1,-0.01,-1,-1,-0.01,-1,-1
99926009,2026-05-18 12:45:34+05:30,53243.55,0,0.0,0,0.0,0.0,53282.15,53333.0,52783.45,53710.35,0,0.0,0.0,0.0,0.0,-0.01,-1,-1,-0.01,-1,-1,-0.01,-1,-1,-0.01,-1,-1,-0.01,-1,-1,-0.01,-1,-1,-0.01,-1,-1,-0.01,-1,-1,-0.01,-1,-1,-0.01,-1,-1
99926009,2026-05-18 12:45:35+05:30,53244.2,0,0.0,0,0.0,0.0,53282.15,53333.0,52783.45,53710.35,0,0.0,0.0,0.0,0.0,-0.01,-1,-1,-0.01,-1,-1,-0.01,-1,-1,-0.01,-1,-1,-0.01,-1,-1,-0.01,-1,-1,-0.01,-1,-1,-0.01,-1,-1,-0.01,-1,-1,-0.01,-1,-1
99926009,2026-05-18 12:45:35+05:30,53241.65,0,0.0,0,0.0,0.0,53282.15,53333.0,52783.45,53710.35,0,0.0,0.0,0.0,0.0,-0.01,-1,-1,-0.01,-1,-1,-0.01,-1,-1,-0.01,-1,-1,-0.01,-1,-1,-0.01,-1,-1,-0.01,-1,-1,-0.01,-1,-1,-0.01,-1,-1,-0.01,-1,-1
99926009,2026-05-18 12:45:36+05:30,53243.6,0,0.0,0,0.0,0.0,53282.15,53333.0,52783.45,53710.35,0,0.0,0.0,0.0,0.0,-0.01,-1,-1,-0.01,-1,-1,-0.01,-1,-1,-0.01,-1,-1,-0.01,-1,-1,-0.01,-1,-1,-0.01,-1,-1,-0.01,-1,-1,-0.01,-1,-1,-0.01,-1,-1
99926009,2026-05-18 12:45:36+05:30,53244.2,0,0.0,0,0.0,0.0,53282.15,53333.0,52783.45,53710.35,0,0.0,0.0,0.0,0.0,-0.01,-1,-1,-0.01,-1,-1,-0.01,-1,-1,-0.01,-1,-1,-0.01,-1,-1,-0.01,-1,-1,-0.01,-1,-1,-0.01,-1,-1,-0.01,-1,-1,-0.01,-1,-1
99926009,2026-05-18 12:45:37+05:30,53244.2,0,0.0,0,0.0,0.0,53282.15,53333.0,52783.45,53710.35,0,0.0,0.0,0.0,0.0,-0.01,-1,-1,-0.01,-1,-1,-0.01,-1,-1,-0.01,-1,-1,-0.01,-1,-1,-0.01,-1,-1,-0.01,-1,-1,-0.01,-1,-1,-0.01,-1,-1,-0.01,-1,-1
99926009,2026-05-18 12:45:37+05:30,53246.55,0,0.0,0,0.0,0.0,53282.15,53333.0,52783.45,53710.35,0,0.0,0.0,0.0,0.0,-0.01,-1,-1,-0.01,-1,-1,-0.01,-1,-1,-0.01,-1,-1,-0.01,-1,-1,-0.01,-1,-1,-0.01,-1,-1,-0.01,-1,-1,-0.01,-1,-1,-0.01,-1,-1
99926009,2026-05-18 12:45:38+05:30,53244.85,0,0.0,0,0.0,0.0,53282.15,53333.0,52783.45,53710.35,0,0.0,0.0,0.0,0.0,-0.01,-1,-1,-0.01,-1,-1,-0.01,-1,-1,-0.01,-1,-1,-0.01,-1,-1,-0.01,-1,-1,-0.01,-1,-1,-0.01,-1,-1,-0.01,-1,-1,-0.01,-1,-1
99926009,2026-05-18 12:45:38+05:30,53242.35,0,0.0,0,0.0,0.0,53282.15,53333.0,52783.45,53710.35,0,0.0,0.0,0.0,0.0,-0.01,-1,-1,-0.01,-1,-1,-0.01,-1,-1,-0.01,-1,-1,-0.01,-1,-1,-0.01,-1,-1,-0.01,-1,-1,-0.01,-1,-1,-0.01,-1,-1,-0.01,-1,-1
99926009,2026-05-18 12:45:39+05:30,53241.05,0,0.0,0,0.0,0.0,53282.15,53333.0,52783.45,53710.35,0,0.0,0.0,0.0,0.0,-0.01,-1,-1,-0.01,-1,-1,-0.01,-1,-1,-0.01,-1,-1,-0.01,-1,-1,-0.01,-1,-1,-0.01,-1,-1,-0.01,-1,-1,-0.01,-1,-1,-0.01,-1,-1
99926009,2026-05-18 12:45:39+05:30,53241.6,0,0.0,0,0.0,0.0,53282.15,53333.0,52783.45,53710.35,0,0.0,0.0,0.0,0.0,-0.01,-1,-1,-0.01,-1,-1,-0.01,-1,-1,-0.01,-1,-1,-0.01,-1,-1,-0.01,-1,-1,-0.01,-1,-1,-0.01,-1,-1,-0.01,-1,-1,-0.01,-1,-1
99926009,2026-05-18 12:45:40+05:30,53243.75,0,0.0,0,0.0,0.0,53282.15,53333.0,52783.45,53710.35,0,0.0,0.0,0.0,0.0,-0.01,-1,-1,-0.01,-1,-1,-0.01,-1,-1,-0.01,-1,-1,-0.01,-1,-1,-0.01,-1,-1,-0.01,-1,-1,-0.01,-1,-1,-0.01,-1,-1,-0.01,-1,-1
99926009,2026-05-18 12:45:40+05:30,53246.45,0,0.0,0,0.0,0.0,53282.15,53333.0,52783.45,53710.35,0,0.0,0.0,0.0,0.0,-0.01,-1,-1,-0.01,-1,-1,-0.01,-1,-1,-0.01,-1,-1,-0.01,-1,-1,-0.01,-1,-1,-0.01,-1,-1,-0.01,-1,-1,-0.01,-1,-1,-0.01,-1,-1
99926009,2026-05-18 12:45:41+05:30,53247.65,0,0.0,0,0.0,0.0,53282.15,53333.0,52783.45,53710.35,0,0.0,0.0,0.0,0.0,-0.01,-1,-1,-0.01,-1,-1,-0.01,-1,-1,-0.01,-1,-1,-0.01,-1,-1,-0.01,-1,-1,-0.01,-1,-1,-0.01,-1,-1,-0.01,-1,-1,-0.01,-1,-1
99926009,2026-05-18 12:45:41+05:30,53245.75,0,0.0,0,0.0,0.0,53282.15,53333.0,52783.45,53710.35,0,0.0,0.0,0.0,0.0,-0.01,-1,-1,-0.01,-1,-1,-0.01,-1,-1,-0.01,-1,-1,-0.01,-1,-1,-0.01,-1,-1,-0.01,-1,-1,-0.01,-1,-1,-0.01,-1,-1,-0.01,-1,-1
99926009,2026-05-18 12:45:42+05:30,53244.8,0,0.0,0,0.0,0.0,53282.15,53333.0,52783.45,53710.35,0,0.0,0.0,0.0,0.0,-0.01,-1,-1,-0.01,-1,-1,-0.01,-1,-1,-0.01,-1,-1,-0.01,-1,-1,-0.01,-1,-1,-0.01,-1,-1,-0.01,-1,-1,-0.01,-1,-1,-0.01,-1,-1
99926009,2026-05-18 12:45:42+05:30,53245.65,0,0.0,0,0.0,0.0,53282.15,53333.0,52783.45,53710.35,0,0.0,0.0,0.0,0.0,-0.01,-1,-1,-0.01,-1,-1,-0.01,-1,-1,-0.01,-1,-1,-0.01,-1,-1,-0.01,-1,-1,-0.01,-1,-1,-0.01,-1,-1,-0.01,-1,-1,-0.01,-1,-1
99926009,2026-05-18 12:45:43+05:30,53244.95,0,0.0,0,0.0,0.0,53282.15,53333.0,52783.45,53710.35,0,0.0,0.0,0.0,0.0,-0.01,-1,-1,-0.01,-1,-1,-0.01,-1,-1,-0.01,-1,-1,-0.01,-1,-1,-0.01,-1,-1,-0.01,-1,-1,-0.01,-1,-1,-0.01,-1,-1,-0.01,-1,-1
99926009,2026-05-18 12:45:43+05:30,53245.2,0,0.0,0,0.0,0.0,53282.15,53333.0,52783.45,53710.35,0,0.0,0.0,0.0,0.0,-0.01,-1,-1,-0.01,-1,-1,-0.01,-1,-1,-0.01,-1,-1,-0.01,-1,-1,-0.01,-1,-1,-0.01,-1,-1,-0.01,-1,-1,-0.01,-1,-1,-0.01,-1,-1
99926009,2026-05-18 12:45:44+05:30,53246.65,0,0.0,0,0.0,0.0,53282.15,53333.0,52783.45,53710.35,0,0.0,0.0,0.0,0.0,-0.01,-1,-1,-0.01,-1,-1,-0.01,-1,-1,-0.01,-1,-1,-0.01,-1,-1,-0.01,-1,-1,-0.01,-1,-1,-0.01,-1,-1,-0.01,-1,-1,-0.01,-1,-1
99926009,2026-05-18 12:45:44+05:30,53246.5,0,0.0,0,0.0,0.0,53282.15,53333.0,52783.45,53710.35,0,0.0,0.0,0.0,0.0,-0.01,-1,-1,-0.01,-1,-1,-0.01,-1,-1,-0.01,-1,-1,-0.01,-1,-1,-0.01,-1,-1,-0.01,-1,-1,-0.01,-1,-1,-0.01,-1,-1,-0.01,-1,-1
99926009,2026-05-18 12:45:45+05:30,53246.05,0,0.0,0,0.0,0.0,53282.15,53333.0,52783.45,53710.35,0,0.0,0.0,0.0,0.0,-0.01,-1,-1,-0.01,-1,-1,-0.01,-1,-1,-0.01,-1,-1,-0.01,-1,-1,-0.01,-1,-1,-0.01,-1,-1,-0.01,-1,-1,-0.01,-1,-1,-0.01,-1,-1
99926009,2026-05-18 12:45:45+05:30,53246.6,0,0.0,0,0.0,0.0,53282.15,53333.0,52783.45,53710.35,0,0.0,0.0,0.0,0.0,-0.01,-1,-1,-0.01,-1,-1,-0.01,-1,-1,-0.01,-1,-1,-0.01,-1,-1,-0.01,-1,-1,-0.01,-1,-1,-0.01,-1,-1,-0.01,-1,-1,-0.01,-1,-1
99926009,2026-05-18 12:45:46+05:30,53246.6,0,0.0,0,0.0,0.0,53282.15,53333.0,52783.45,53710.35,0,0.0,0.0,0.0,0.0,-0.01,-1,-1,-0.01,-1,-1,-0.01,-1,-1,-0.01,-1,-1,-0.01,-1,-1,-0.01,-1,-1,-0.01,-1,-1,-0.01,-1,-1,-0.01,-1,-1,-0.01,-1,-1
99926009,2026-05-18 12:45:46+05:30,53245.9,0,0.0,0,0.0,0.0,53282.15,53333.0,52783.45,53710.35,0,0.0,0.0,0.0,0.0,-0.01,-1,-1,-0.01,-1,-1,-0.01,-1,-1,-0.01,-1,-1,-0.01,-1,-1,-0.01,-1,-1,-0.01,-1,-1,-0.01,-1,-1,-0.01,-1,-1,-0.01,-1,-1
99926009,2026-05-18 12:45:47+05:30,53241.95,0,0.0,0,0.0,0.0,53282.15,53333.0,52783.45,53710.35,0,0.0,0.0,0.0,0.0,-0.01,-1,-1,-0.01,-1,-1,-0.01,-1,-1,-0.01,-1,-1,-0.01,-1,-1,-0.01,-1,-1,-0.01,-1,-1,-0.01,-1,-1,-0.01,-1,-1,-0.01,-1,-1
99926009,2026-05-18 12:45:47+05:30,53246.25,0,0.0,0,0.0,0.0,53282.15,53333.0,52783.45,53710.35,0,0.0,0.0,0.0,0.0,-0.01,-1,-1,-0.01,-1,-1,-0.01,-1,-1,-0.01,-1,-1,-0.01,-1,-1,-0.01,-1,-1,-0.01,-1,-1,-0.01,-1,-1,-0.01,-1,-1,-0.01,-1,-1
99926009,2026-05-18 12:45:48+05:30,53242.7,0,0.0,0,0.0,0.0,53282.15,53333.0,52783.45,53710.35,0,0.0,0.0,0.0,0.0,-0.01,-1,-1,-0.01,-1,-1,-0.01,-1,-1,-0.01,-1,-1,-0.01,-1,-1,-0.01,-1,-1,-0.01,-1,-1,-0.01,-1,-1,-0.01,-1,-1,-0.01,-1,-1
99926009,2026-05-18 12:45:48+05:30,53245.3,0,0.0,0,0.0,0.0,53282.15,53333.0,52783.45,53710.35,0,0.0,0.0,0.0,0.0,-0.01,-1,-1,-0.01,-1,-1,-0.01,-1,-1,-0.01,-1,-1,-0.01,-1,-1,-0.01,-1,-1,-0.01,-1,-1,-0.01,-1,-1,-0.01,-1,-1,-0.01,-1,-1
99926009,2026-05-18 12:45:49+05:30,53245.3,0,0.0,0,0.0,0.0,53282.15,53333.0,52783.45,53710.35,0,0.0,0.0,0.0,0.0,-0.01,-1,-1,-0.01,-1,-1,-0.01,-1,-1,-0.01,-1,-1,-0.01,-1,-1,-0.01,-1,-1,-0.01,-1,-1,-0.01,-1,-1,-0.01,-1,-1,-0.01,-1,-1
99926009,2026-05-18 12:45:49+05:30,53243.7,0,0.0,0,0.0,0.0,53282.15,53333.0,52783.45,53710.35,0,0.0,0.0,0.0,0.0,-0.01,-1,-1,-0.01,-1,-1,-0.01,-1,-1,-0.01,-1,-1,-0.01,-1,-1,-0.01,-1,-1,-0.01,-1,-1,-0.01,-1,-1,-0.01,-1,-1,-0.01,-1,-1
99926009,2026-05-18 12:45:50+05:30,53245.75,0,0.0,0,0.0,0.0,53282.15,53333.0,52783.45,53710.35,0,0.0,0.0,0.0,0.0,-0.01,-1,-1,-0.01,-1,-1,-0.01,-1,-1,-0.01,-1,-1,-0.01,-1,-1,-0.01,-1,-1,-0.01,-1,-1,-0.01,-1,-1,-0.01,-1,-1,-0.01,-1,-1
99926009,2026-05-18 12:45:50+05:30,53243.3,0,0.0,0,0.0,0.0,53282.15,53333.0,52783.45,53710.35,0,0.0,0.0,0.0,0.0,-0.01,-1,-1,-0.01,-1,-1,-0.01,-1,-1,-0.01,-1,-1,-0.01,-1,-1,-0.01,-1,-1,-0.01,-1,-1,-0.01,-1,-1,-0.01,-1,-1,-0.01,-1,-1
99926009,2026-05-18 12:45:51+05:30,53242.9,0,0.0,0,0.0,0.0,53282.15,53333.0,52783.45,53710.35,0,0.0,0.0,0.0,0.0,-0.01,-1,-1,-0.01,-1,-1,-0.01,-1,-1,-0.01,-1,-1,-0.01,-1,-1,-0.01,-1,-1,-0.01,-1,-1,-0.01,-1,-1,-0.01,-1,-1,-0.01,-1,-1
99926009,2026-05-18 12:45:51+05:30,53242.3,0,0.0,0,0.0,0.0,53282.15,53333.0,52783.45,53710.35,0,0.0,0.0,0.0,0.0,-0.01,-1,-1,-0.01,-1,-1,-0.01,-1,-1,-0.01,-1,-1,-0.01,-1,-1,-0.01,-1,-1,-0.01,-1,-1,-0.01,-1,-1,-0.01,-1,-1,-0.01,-1,-1
99926009,2026-05-18 12:45:52+05:30,53245.5,0,0.0,0,0.0,0.0,53282.15,53333.0,52783.45,53710.35,0,0.0,0.0,0.0,0.0,-0.01,-1,-1,-0.01,-1,-1,-0.01,-1,-1,-0.01,-1,-1,-0.01,-1,-1,-0.01,-1,-1,-0.01,-1,-1,-0.01,-1,-1,-0.01,-1,-1,-0.01,-1,-1
99926009,2026-05-18 12:45:52+05:30,53246.85,0,0.0,0,0.0,0.0,53282.15,53333.0,52783.45,53710.35,0,0.0,0.0,0.0,0.0,-0.01,-1,-1,-0.01,-1,-1,-0.01,-1,-1,-0.01,-1,-1,-0.01,-1,-1,-0.01,-1,-1,-0.01,-1,-1,-0.01,-1,-1,-0.01,-1,-1,-0.01,-1,-1
99926009,2026-05-18 12:45:53+05:30,53248.55,0,0.0,0,0.0,0.0,53282.15,53333.0,52783.45,53710.35,0,0.0,0.0,0.0,0.0,-0.01,-1,-1,-0.01,-1,-1,-0.01,-1,-1,-0.01,-1,-1,-0.01,-1,-1,-0.01,-1,-1,-0.01,-1,-1,-0.01,-1,-1,-0.01,-1,-1,-0.01,-1,-1
99926009,2026-05-18 12:45:53+05:30,53246.95,0,0.0,0,0.0,0.0,53282.15,53333.0,52783.45,53710.35,0,0.0,0.0,0.0,0.0,-0.01,-1,-1,-0.01,-1,-1,-0.01,-1,-1,-0.01,-1,-1,-0.01,-1,-1,-0.01,-1,-1,-0.01,-1,-1,-0.01,-1,-1,-0.01,-1,-1,-0.01,-1,-1
99926009,2026-05-18 12:45:54+05:30,53247.65,0,0.0,0,0.0,0.0,53282.15,53333.0,52783.45,53710.35,0,0.0,0.0,0.0,0.0,-0.01,-1,-1,-0.01,-1,-1,-0.01,-1,-1,-0.01,-1,-1,-0.01,-1,-1,-0.01,-1,-1,-0.01,-1,-1,-0.01,-1,-1,-0.01,-1,-1,-0.01,-1,-1
99926009,2026-05-18 12:45:54+05:30,53247.4,0,0.0,0,0.0,0.0,53282.15,53333.0,52783.45,53710.35,0,0.0,0.0,0.0,0.0,-0.01,-1,-1,-0.01,-1,-1,-0.01,-1,-1,-0.01,-1,-1,-0.01,-1,-1,-0.01,-1,-1,-0.01,-1,-1,-0.01,-1,-1,-0.01,-1,-1,-0.01,-1,-1
99926009,2026-05-18 12:45:55+05:30,53247.15,0,0.0,0,0.0,0.0,53282.15,53333.0,52783.45,53710.35,0,0.0,0.0,0.0,0.0,-0.01,-1,-1,-0.01,-1,-1,-0.01,-1,-1,-0.01,-1,-1,-0.01,-1,-1,-0.01,-1,-1,-0.01,-1,-1,-0.01,-1,-1,-0.01,-1,-1,-0.01,-1,-1
99926009,2026-05-18 12:45:55+05:30,53247.85,0,0.0,0,0.0,0.0,53282.15,53333.0,52783.45,53710.35,0,0.0,0.0,0.0,0.0,-0.01,-1,-1,-0.01,-1,-1,-0.01,-1,-1,-0.01,-1,-1,-0.01,-1,-1,-0.01,-1,-1,-0.01,-1,-1,-0.01,-1,-1,-0.01,-1,-1,-0.01,-1,-1
99926009,2026-05-18 12:45:56+05:30,53247.85,0,0.0,0,0.0,0.0,53282.15,53333.0,52783.45,53710.35,0,0.0,0.0,0.0,0.0,-0.01,-1,-1,-0.01,-1,-1,-0.01,-1,-1,-0.01,-1,-1,-0.01,-1,-1,-0.01,-1,-1,-0.01,-1,-1,-0.01,-1,-1,-0.01,-1,-1,-0.01,-1,-1
99926009,2026-05-18 12:45:56+05:30,53249.4,0,0.0,0,0.0,0.0,53282.15,53333.0,52783.45,53710.35,0,0.0,0.0,0.0,0.0,-0.01,-1,-1,-0.01,-1,-1,-0.01,-1,-1,-0.01,-1,-1,-0.01,-1,-1,-0.01,-1,-1,-0.01,-1,-1,-0.01,-1,-1,-0.01,-1,-1,-0.01,-1,-1
99926009,2026-05-18 12:45:57+05:30,53247.4,0,0.0,0,0.0,0.0,53282.15,53333.0,52783.45,53710.35,0,0.0,0.0,0.0,0.0,-0.01,-1,-1,-0.01,-1,-1,-0.01,-1,-1,-0.01,-1,-1,-0.01,-1,-1,-0.01,-1,-1,-0.01,-1,-1,-0.01,-1,-1,-0.01,-1,-1,-0.01,-1,-1
99926009,2026-05-18 12:45:57+05:30,53245.65,0,0.0,0,0.0,0.0,53282.15,53333.0,52783.45,53710.35,0,0.0,0.0,0.0,0.0,-0.01,-1,-1,-0.01,-1,-1,-0.01,-1,-1,-0.01,-1,-1,-0.01,-1,-1,-0.01,-1,-1,-0.01,-1,-1,-0.01,-1,-1,-0.01,-1,-1,-0.01,-1,-1
99926009,2026-05-18 12:45:58+05:30,53242.05,0,0.0,0,0.0,0.0,53282.15,53333.0,52783.45,53710.35,0,0.0,0.0,0.0,0.0,-0.01,-1,-1,-0.01,-1,-1,-0.01,-1,-1,-0.01,-1,-1,-0.01,-1,-1,-0.01,-1,-1,-0.01,-1,-1,-0.01,-1,-1,-0.01,-1,-1,-0.01,-1,-1
99926009,2026-05-18 12:45:58+05:30,53243.1,0,0.0,0,0.0,0.0,53282.15,53333.0,52783.45,53710.35,0,0.0,0.0,0.0,0.0,-0.01,-1,-1,-0.01,-1,-1,-0.01,-1,-1,-0.01,-1,-1,-0.01,-1,-1,-0.01,-1,-1,-0.01,-1,-1,-0.01,-1,-1,-0.01,-1,-1,-0.01,-1,-1
99926009,2026-05-18 12:45:59+05:30,53242.05,0,0.0,0,0.0,0.0,53282.15,53333.0,52783.45,53710.35,0,0.0,0.0,0.0,0.0,-0.01,-1,-1,-0.01,-1,-1,-0.01,-1,-1,-0.01,-1,-1,-0.01,-1,-1,-0.01,-1,-1,-0.01,-1,-1,-0.01,-1,-1,-0.01,-1,-1,-0.01,-1,-1
99926009,2026-05-18 12:45:59+05:30,53244.0,0,0.0,0,0.0,0.0,53282.15,53333.0,52783.45,53710.35,0,0.0,0.0,0.0,0.0,-0.01,-1,-1,-0.01,-1,-1,-0.01,-1,-1,-0.01,-1,-1,-0.01,-1,-1,-0.01,-1,-1,-0.01,-1,-1,-0.01,-1,-1,-0.01,-1,-1,-0.01,-1,-1
99926009,2026-05-18 12:46:00+05:30,53240.95,0,0.0,0,0.0,0.0,53282.15,53333.0,52783.45,53710.35,0,0.0,0.0,0.0,0.0,-0.01,-1,-1,-0.01,-1,-1,-0.01,-1,-1,-0.01,-1,-1,-0.01,-1,-1,-0.01,-1,-1,-0.01,-1,-1,-0.01,-1,-1,-0.01,-1,-1,-0.01,-1,-1
99926009,2026-05-18 12:46:00+05:30,53241.0,0,0.0,0,0.0,0.0,53282.15,53333.0,52783.45,53710.35,0,0.0,0.0,0.0,0.0,-0.01,-1,-1,-0.01,-1,-1,-0.01,-1,-1,-0.01,-1,-1,-0.01,-1,-1,-0.01,-1,-1,-0.01,-1,-1,-0.01,-1,-1,-0.01,-1,-1,-0.01,-1,-1
99926009,2026-05-18 12:46:01+05:30,53240.15,0,0.0,0,0.0,0.0,53282.15,53333.0,52783.45,53710.35,0,0.0,0.0,0.0,0.0,-0.01,-1,-1,-0.01,-1,-1,-0.01,-1,-1,-0.01,-1,-1,-0.01,-1,-1,-0.01,-1,-1,-0.01,-1,-1,-0.01,-1,-1,-0.01,-1,-1,-0.01,-1,-1
99926009,2026-05-18 12:46:01+05:30,53241.4,0,0.0,0,0.0,0.0,53282.15,53333.0,52783.45,53710.35,0,0.0,0.0,0.0,0.0,-0.01,-1,-1,-0.01,-1,-1,-0.01,-1,-1,-0.01,-1,-1,-0.01,-1,-1,-0.01,-1,-1,-0.01,-1,-1,-0.01,-1,-1,-0.01,-1,-1,-0.01,-1,-1
99926009,2026-05-18 12:46:02+05:30,53238.4,0,0.0,0,0.0,0.0,53282.15,53333.0,52783.45,53710.35,0,0.0,0.0,0.0,0.0,-0.01,-1,-1,-0.01,-1,-1,-0.01,-1,-1,-0.01,-1,-1,-0.01,-1,-1,-0.01,-1,-1,-0.01,-1,-1,-0.01,-1,-1,-0.01,-1,-1,-0.01,-1,-1
99926009,2026-05-18 12:46:02+05:30,53237.15,0,0.0,0,0.0,0.0,53282.15,53333.0,52783.45,53710.35,0,0.0,0.0,0.0,0.0,-0.01,-1,-1,-0.01,-1,-1,-0.01,-1,-1,-0.01,-1,-1,-0.01,-1,-1,-0.01,-1,-1,-0.01,-1,-1,-0.01,-1,-1,-0.01,-1,-1,-0.01,-1,-1
99926009,2026-05-18 12:46:03+05:30,53236.1,0,0.0,0,0.0,0.0,53282.15,53333.0,52783.45,53710.35,0,0.0,0.0,0.0,0.0,-0.01,-1,-1,-0.01,-1,-1,-0.01,-1,-1,-0.01,-1,-1,-0.01,-1,-1,-0.01,-1,-1,-0.01,-1,-1,-0.01,-1,-1,-0.01,-1,-1,-0.01,-1,-1
99926009,2026-05-18 12:46:03+05:30,53239.35,0,0.0,0,0.0,0.0,53282.15,53333.0,52783.45,53710.35,0,0.0,0.0,0.0,0.0,-0.01,-1,-1,-0.01,-1,-1,-0.01,-1,-1,-0.01,-1,-1,-0.01,-1,-1,-0.01,-1,-1,-0.01,-1,-1,-0.01,-1,-1,-0.01,-1,-1,-0.01,-1,-1
99926009,2026-05-18 12:46:04+05:30,53239.75,0,0.0,0,0.0,0.0,53282.15,53333.0,52783.45,53710.35,0,0.0,0.0,0.0,0.0,-0.01,-1,-1,-0.01,-1,-1,-0.01,-1,-1,-0.01,-1,-1,-0.01,-1,-1,-0.01,-1,-1,-0.01,-1,-1,-0.01,-1,-1,-0.01,-1,-1,-0.01,-1,-1
99926009,2026-05-18 12:46:04+05:30,53239.55,0,0.0,0,0.0,0.0,53282.15,53333.0,52783.45,53710.35,0,0.0,0.0,0.0,0.0,-0.01,-1,-1,-0.01,-1,-1,-0.01,-1,-1,-0.01,-1,-1,-0.01,-1,-1,-0.01,-1,-1,-0.01,-1,-1,-0.01,-1,-1,-0.01,-1,-1,-0.01,-1,-1
99926009,2026-05-18 12:46:05+05:30,53239.75,0,0.0,0,0.0,0.0,53282.15,53333.0,52783.45,53710.35,0,0.0,0.0,0.0,0.0,-0.01,-1,-1,-0.01,-1,-1,-0.01,-1,-1,-0.01,-1,-1,-0.01,-1,-1,-0.01,-1,-1,-0.01,-1,-1,-0.01,-1,-1,-0.01,-1,-1,-0.01,-1,-1
99926009,2026-05-18 12:46:05+05:30,53238.3,0,0.0,0,0.0,0.0,53282.15,53333.0,52783.45,53710.35,0,0.0,0.0,0.0,0.0,-0.01,-1,-1,-0.01,-1,-1,-0.01,-1,-1,-0.01,-1,-1,-0.01,-1,-1,-0.01,-1,-1,-0.01,-1,-1,-0.01,-1,-1,-0.01,-1,-1,-0.01,-1,-1
99926009,2026-05-18 12:46:06+05:30,53237.1,0,0.0,0,0.0,0.0,53282.15,53333.0,52783.45,53710.35,0,0.0,0.0,0.0,0.0,-0.01,-1,-1,-0.01,-1,-1,-0.01,-1,-1,-0.01,-1,-1,-0.01,-1,-1,-0.01,-1,-1,-0.01,-1,-1,-0.01,-1,-1,-0.01,-1,-1,-0.01,-1,-1
99926009,2026-05-18 12:46:06+05:30,53241.35,0,0.0,0,0.0,0.0,53282.15,53333.0,52783.45,53710.35,0,0.0,0.0,0.0,0.0,-0.01,-1,-1,-0.01,-1,-1,-0.01,-1,-1,-0.01,-1,-1,-0.01,-1,-1,-0.01,-1,-1,-0.01,-1,-1,-0.01,-1,-1,-0.01,-1,-1,-0.01,-1,-1
99926009,2026-05-18 12:46:07+05:30,53239.35,0,0.0,0,0.0,0.0,53282.15,53333.0,52783.45,53710.35,0,0.0,0.0,0.0,0.0,-0.01,-1,-1,-0.01,-1,-1,-0.01,-1,-1,-0.01,-1,-1,-0.01,-1,-1,-0.01,-1,-1,-0.01,-1,-1,-0.01,-1,-1,-0.01,-1,-1,-0.01,-1,-1
99926009,2026-05-18 12:46:07+05:30,53239.2,0,0.0,0,0.0,0.0,53282.15,53333.0,52783.45,53710.35,0,0.0,0.0,0.0,0.0,-0.01,-1,-1,-0.01,-1,-1,-0.01,-1,-1,-0.01,-1,-1,-0.01,-1,-1,-0.01,-1,-1,-0.01,-1,-1,-0.01,-1,-1,-0.01,-1,-1,-0.01,-1,-1
99926009,2026-05-18 12:46:08+05:30,53237.3,0,0.0,0,0.0,0.0,53282.15,53333.0,52783.45,53710.35,0,0.0,0.0,0.0,0.0,-0.01,-1,-1,-0.01,-1,-1,-0.01,-1,-1,-0.01,-1,-1,-0.01,-1,-1,-0.01,-1,-1,-0.01,-1,-1,-0.01,-1,-1,-0.01,-1,-1,-0.01,-1,-1
99926009,2026-05-18 12:46:08+05:30,53235.25,0,0.0,0,0.0,0.0,53282.15,53333.0,52783.45,53710.35,0,0.0,0.0,0.0,0.0,-0.01,-1,-1,-0.01,-1,-1,-0.01,-1,-1,-0.01,-1,-1,-0.01,-1,-1,-0.01,-1,-1,-0.01,-1,-1,-0.01,-1,-1,-0.01,-1,-1,-0.01,-1,-1
99926009,2026-05-18 12:46:09+05:30,53236.55,0,0.0,0,0.0,0.0,53282.15,53333.0,52783.45,53710.35,0,0.0,0.0,0.0,0.0,-0.01,-1,-1,-0.01,-1,-1,-0.01,-1,-1,-0.01,-1,-1,-0.01,-1,-1,-0.01,-1,-1,-0.01,-1,-1,-0.01,-1,-1,-0.01,-1,-1,-0.01,-1,-1
99926009,2026-05-18 12:46:09+05:30,53238.95,0,0.0,0,0.0,0.0,53282.15,53333.0,52783.45,53710.35,0,0.0,0.0,0.0,0.0,-0.01,-1,-1,-0.01,-1,-1,-0.01,-1,-1,-0.01,-1,-1,-0.01,-1,-1,-0.01,-1,-1,-0.01,-1,-1,-0.01,-1,-1,-0.01,-1,-1,-0.01,-1,-1
99926009,2026-05-18 12:46:10+05:30,53237.1,0,0.0,0,0.0,0.0,53282.15,53333.0,52783.45,53710.35,0,0.0,0.0,0.0,0.0,-0.01,-1,-1,-0.01,-1,-1,-0.01,-1,-1,-0.01,-1,-1,-0.01,-1,-1,-0.01,-1,-1,-0.01,-1,-1,-0.01,-1,-1,-0.01,-1,-1,-0.01,-1,-1
99926009,2026-05-18 12:46:10+05:30,53236.1,0,0.0,0,0.0,0.0,53282.15,53333.0,52783.45,53710.35,0,0.0,0.0,0.0,0.0,-0.01,-1,-1,-0.01,-1,-1,-0.01,-1,-1,-0.01,-1,-1,-0.01,-1,-1,-0.01,-1,-1,-0.01,-1,-1,-0.01,-1,-1,-0.01,-1,-1,-0.01,-1,-1
99926009,2026-05-18 12:46:11+05:30,53237.75,0,0.0,0,0.0,0.0,53282.15,53333.0,52783.45,53710.35,0,0.0,0.0,0.0,0.0,-0.01,-1,-1,-0.01,-1,-1,-0.01,-1,-1,-0.01,-1,-1,-0.01,-1,-1,-0.01,-1,-1,-0.01,-1,-1,-0.01,-1,-1,-0.01,-1,-1,-0.01,-1,-1
99926009,2026-05-18 12:46:11+05:30,53236.75,0,0.0,0,0.0,0.0,53282.15,53333.0,52783.45,53710.35,0,0.0,0.0,0.0,0.0,-0.01,-1,-1,-0.01,-1,-1,-0.01,-1,-1,-0.01,-1,-1,-0.01,-1,-1,-0.01,-1,-1,-0.01,-1,-1,-0.01,-1,-1,-0.01,-1,-1,-0.01,-1,-1
99926009,2026-05-18 12:46:12+05:30,53239.1,0,0.0,0,0.0,0.0,53282.15,53333.0,52783.45,53710.35,0,0.0,0.0,0.0,0.0,-0.01,-1,-1,-0.01,-1,-1,-0.01,-1,-1,-0.01,-1,-1,-0.01,-1,-1,-0.01,-1,-1,-0.01,-1,-1,-0.01,-1,-1,-0.01,-1,-1,-0.01,-1,-1
99926009,2026-05-18 12:46:12+05:30,53238.7,0,0.0,0,0.0,0.0,53282.15,53333.0,52783.45,53710.35,0,0.0,0.0,0.0,0.0,-0.01,-1,-1,-0.01,-1,-1,-0.01,-1,-1,-0.01,-1,-1,-0.01,-1,-1,-0.01,-1,-1,-0.01,-1,-1,-0.01,-1,-1,-0.01,-1,-1,-0.01,-1,-1
99926009,2026-05-18 12:46:13+05:30,53237.8,0,0.0,0,0.0,0.0,53282.15,53333.0,52783.45,53710.35,0,0.0,0.0,0.0,0.0,-0.01,-1,-1,-0.01,-1,-1,-0.01,-1,-1,-0.01,-1,-1,-0.01,-1,-1,-0.01,-1,-1,-0.01,-1,-1,-0.01,-1,-1,-0.01,-1,-1,-0.01,-1,-1
99926009,2026-05-18 12:46:13+05:30,53237.9,0,0.0,0,0.0,0.0,53282.15,53333.0,52783.45,53710.35,0,0.0,0.0,0.0,0.0,-0.01,-1,-1,-0.01,-1,-1,-0.01,-1,-1,-0.01,-1,-1,-0.01,-1,-1,-0.01,-1,-1,-0.01,-1,-1,-0.01,-1,-1,-0.01,-1,-1,-0.01,-1,-1
99926009,2026-05-18 12:46:14+05:30,53240.5,0,0.0,0,0.0,0.0,53282.15,53333.0,52783.45,53710.35,0,0.0,0.0,0.0,0.0,-0.01,-1,-1,-0.01,-1,-1,-0.01,-1,-1,-0.01,-1,-1,-0.01,-1,-1,-0.01,-1,-1,-0.01,-1,-1,-0.01,-1,-1,-0.01,-1,-1,-0.01,-1,-1
99926009,2026-05-18 12:46:14+05:30,53241.3,0,0.0,0,0.0,0.0,53282.15,53333.0,52783.45,53710.35,0,0.0,0.0,0.0,0.0,-0.01,-1,-1,-0.01,-1,-1,-0.01,-1,-1,-0.01,-1,-1,-0.01,-1,-1,-0.01,-1,-1,-0.01,-1,-1,-0.01,-1,-1,-0.01,-1,-1,-0.01,-1,-1
99926009,2026-05-18 12:46:15+05:30,53242.0,0,0.0,0,0.0,0.0,53282.15,53333.0,52783.45,53710.35,0,0.0,0.0,0.0,0.0,-0.01,-1,-1,-0.01,-1,-1,-0.01,-1,-1,-0.01,-1,-1,-0.01,-1,-1,-0.01,-1,-1,-0.01,-1,-1,-0.01,-1,-1,-0.01,-1,-1,-0.01,-1,-1
99926009,2026-05-18 12:46:15+05:30,53243.6,0,0.0,0,0.0,0.0,53282.15,53333.0,52783.45,53710.35,0,0.0,0.0,0.0,0.0,-0.01,-1,-1,-0.01,-1,-1,-0.01,-1,-1,-0.01,-1,-1,-0.01,-1,-1,-0.01,-1,-1,-0.01,-1,-1,-0.01,-1,-1,-0.01,-1,-1,-0.01,-1,-1
99926009,2026-05-18 12:46:16+05:30,53243.4,0,0.0,0,0.0,0.0,53282.15,53333.0,52783.45,53710.35,0,0.0,0.0,0.0,0.0,-0.01,-1,-1,-0.01,-1,-1,-0.01,-1,-1,-0.01,-1,-1,-0.01,-1,-1,-0.01,-1,-1,-0.01,-1,-1,-0.01,-1,-1,-0.01,-1,-1,-0.01,-1,-1
99926009,2026-05-18 12:46:16+05:30,53241.75,0,0.0,0,0.0,0.0,53282.15,53333.0,52783.45,53710.35,0,0.0,0.0,0.0,0.0,-0.01,-1,-1,-0.01,-1,-1,-0.01,-1,-1,-0.01,-1,-1,-0.01,-1,-1,-0.01,-1,-1,-0.01,-1,-1,-0.01,-1,-1,-0.01,-1,-1,-0.01,-1,-1
99926009,2026-05-18 12:46:17+05:30,53245.65,0,0.0,0,0.0,0.0,53282.15,53333.0,52783.45,53710.35,0,0.0,0.0,0.0,0.0,-0.01,-1,-1,-0.01,-1,-1,-0.01,-1,-1,-0.01,-1,-1,-0.01,-1,-1,-0.01,-1,-1,-0.01,-1,-1,-0.01,-1,-1,-0.01,-1,-1,-0.01,-1,-1
99926009,2026-05-18 12:46:17+05:30,53244.35,0,0.0,0,0.0,0.0,53282.15,53333.0,52783.45,53710.35,0,0.0,0.0,0.0,0.0,-0.01,-1,-1,-0.01,-1,-1,-0.01,-1,-1,-0.01,-1,-1,-0.01,-1,-1,-0.01,-1,-1,-0.01,-1,-1,-0.01,-1,-1,-0.01,-1,-1,-0.01,-1,-1
99926009,2026-05-18 12:46:18+05:30,53246.05,0,0.0,0,0.0,0.0,53282.15,53333.0,52783.45,53710.35,0,0.0,0.0,0.0,0.0,-0.01,-1,-1,-0.01,-1,-1,-0.01,-1,-1,-0.01,-1,-1,-0.01,-1,-1,-0.01,-1,-1,-0.01,-1,-1,-0.01,-1,-1,-0.01,-1,-1,-0.01,-1,-1
99926009,2026-05-18 12:46:18+05:30,53242.75,0,0.0,0,0.0,0.0,53282.15,53333.0,52783.45,53710.35,0,0.0,0.0,0.0,0.0,-0.01,-1,-1,-0.01,-1,-1,-0.01,-1,-1,-0.01,-1,-1,-0.01,-1,-1,-0.01,-1,-1,-0.01,-1,-1,-0.01,-1,-1,-0.01,-1,-1,-0.01,-1,-1
99926009,2026-05-18 12:46:19+05:30,53241.95,0,0.0,0,0.0,0.0,53282.15,53333.0,52783.45,53710.35,0,0.0,0.0,0.0,0.0,-0.01,-1,-1,-0.01,-1,-1,-0.01,-1,-1,-0.01,-1,-1,-0.01,-1,-1,-0.01,-1,-1,-0.01,-1,-1,-0.01,-1,-1,-0.01,-1,-1,-0.01,-1,-1
99926009,2026-05-18 12:46:19+05:30,53243.4,0,0.0,0,0.0,0.0,53282.15,53333.0,52783.45,53710.35,0,0.0,0.0,0.0,0.0,-0.01,-1,-1,-0.01,-1,-1,-0.01,-1,-1,-0.01,-1,-1,-0.01,-1,-1,-0.01,-1,-1,-0.01,-1,-1,-0.01,-1,-1,-0.01,-1,-1,-0.01,-1,-1
99926009,2026-05-18 12:46:20+05:30,53242.7,0,0.0,0,0.0,0.0,53282.15,53333.0,52783.45,53710.35,0,0.0,0.0,0.0,0.0,-0.01,-1,-1,-0.01,-1,-1,-0.01,-1,-1,-0.01,-1,-1,-0.01,-1,-1,-0.01,-1,-1,-0.01,-1,-1,-0.01,-1,-1,-0.01,-1,-1,-0.01,-1,-1
99926009,2026-05-18 12:46:20+05:30,53242.35,0,0.0,0,0.0,0.0,53282.15,53333.0,52783.45,53710.35,0,0.0,0.0,0.0,0.0,-0.01,-1,-1,-0.01,-1,-1,-0.01,-1,-1,-0.01,-1,-1,-0.01,-1,-1,-0.01,-1,-1,-0.01,-1,-1,-0.01,-1,-1,-0.01,-1,-1,-0.01,-1,-1
99926009,2026-05-18 12:46:21+05:30,53241.65,0,0.0,0,0.0,0.0,53282.15,53333.0,52783.45,53710.35,0,0.0,0.0,0.0,0.0,-0.01,-1,-1,-0.01,-1,-1,-0.01,-1,-1,-0.01,-1,-1,-0.01,-1,-1,-0.01,-1,-1,-0.01,-1,-1,-0.01,-1,-1,-0.01,-1,-1,-0.01,-1,-1
99926009,2026-05-18 12:46:21+05:30,53243.35,0,0.0,0,0.0,0.0,53282.15,53333.0,52783.45,53710.35,0,0.0,0.0,0.0,0.0,-0.01,-1,-1,-0.01,-1,-1,-0.01,-1,-1,-0.01,-1,-1,-0.01,-1,-1,-0.01,-1,-1,-0.01,-1,-1,-0.01,-1,-1,-0.01,-1,-1,-0.01,-1,-1
99926009,2026-05-18 12:46:22+05:30,53246.15,0,0.0,0,0.0,0.0,53282.15,53333.0,52783.45,53710.35,0,0.0,0.0,0.0,0.0,-0.01,-1,-1,-0.01,-1,-1,-0.01,-1,-1,-0.01,-1,-1,-0.01,-1,-1,-0.01,-1,-1,-0.01,-1,-1,-0.01,-1,-1,-0.01,-1,-1,-0.01,-1,-1
99926009,2026-05-18 12:46:22+05:30,53243.4,0,0.0,0,0.0,0.0,53282.15,53333.0,52783.45,53710.35,0,0.0,0.0,0.0,0.0,-0.01,-1,-1,-0.01,-1,-1,-0.01,-1,-1,-0.01,-1,-1,-0.01,-1,-1,-0.01,-1,-1,-0.01,-1,-1,-0.01,-1,-1,-0.01,-1,-1,-0.01,-1,-1
99926009,2026-05-18 12:46:23+05:30,53244.45,0,0.0,0,0.0,0.0,53282.15,53333.0,52783.45,53710.35,0,0.0,0.0,0.0,0.0,-0.01,-1,-1,-0.01,-1,-1,-0.01,-1,-1,-0.01,-1,-1,-0.01,-1,-1,-0.01,-1,-1,-0.01,-1,-1,-0.01,-1,-1,-0.01,-1,-1,-0.01,-1,-1
99926009,2026-05-18 12:46:23+05:30,53246.3,0,0.0,0,0.0,0.0,53282.15,53333.0,52783.45,53710.35,0,0.0,0.0,0.0,0.0,-0.01,-1,-1,-0.01,-1,-1,-0.01,-1,-1,-0.01,-1,-1,-0.01,-1,-1,-0.01,-1,-1,-0.01,-1,-1,-0.01,-1,-1,-0.01,-1,-1,-0.01,-1,-1
99926009,2026-05-18 12:46:24+05:30,53245.35,0,0.0,0,0.0,0.0,53282.15,53333.0,52783.45,53710.35,0,0.0,0.0,0.0,0.0,-0.01,-1,-1,-0.01,-1,-1,-0.01,-1,-1,-0.01,-1,-1,-0.01,-1,-1,-0.01,-1,-1,-0.01,-1,-1,-0.01,-1,-1,-0.01,-1,-1,-0.01,-1,-1
99926009,2026-05-18 12:46:24+05:30,53246.0,0,0.0,0,0.0,0.0,53282.15,53333.0,52783.45,53710.35,0,0.0,0.0,0.0,0.0,-0.01,-1,-1,-0.01,-1,-1,-0.01,-1,-1,-0.01,-1,-1,-0.01,-1,-1,-0.01,-1,-1,-0.01,-1,-1,-0.01,-1,-1,-0.01,-1,-1,-0.01,-1,-1
99926009,2026-05-18 12:46:25+05:30,53246.55,0,0.0,0,0.0,0.0,53282.15,53333.0,52783.45,53710.35,0,0.0,0.0,0.0,0.0,-0.01,-1,-1,-0.01,-1,-1,-0.01,-1,-1,-0.01,-1,-1,-0.01,-1,-1,-0.01,-1,-1,-0.01,-1,-1,-0.01,-1,-1,-0.01,-1,-1,-0.01,-1,-1
99926009,2026-05-18 12:46:25+05:30,53248.15,0,0.0,0,0.0,0.0,53282.15,53333.0,52783.45,53710.35,0,0.0,0.0,0.0,0.0,-0.01,-1,-1,-0.01,-1,-1,-0.01,-1,-1,-0.01,-1,-1,-0.01,-1,-1,-0.01,-1,-1,-0.01,-1,-1,-0.01,-1,-1,-0.01,-1,-1,-0.01,-1,-1
99926009,2026-05-18 12:46:26+05:30,53246.75,0,0.0,0,0.0,0.0,53282.15,53333.0,52783.45,53710.35,0,0.0,0.0,0.0,0.0,-0.01,-1,-1,-0.01,-1,-1,-0.01,-1,-1,-0.01,-1,-1,-0.01,-1,-1,-0.01,-1,-1,-0.01,-1,-1,-0.01,-1,-1,-0.01,-1,-1,-0.01,-1,-1
99926009,2026-05-18 12:46:26+05:30,53245.45,0,0.0,0,0.0,0.0,53282.15,53333.0,52783.45,53710.35,0,0.0,0.0,0.0,0.0,-0.01,-1,-1,-0.01,-1,-1,-0.01,-1,-1,-0.01,-1,-1,-0.01,-1,-1,-0.01,-1,-1,-0.01,-1,-1,-0.01,-1,-1,-0.01,-1,-1,-0.01,-1,-1
99926009,2026-05-18 12:46:27+05:30,53245.0,0,0.0,0,0.0,0.0,53282.15,53333.0,52783.45,53710.35,0,0.0,0.0,0.0,0.0,-0.01,-1,-1,-0.01,-1,-1,-0.01,-1,-1,-0.01,-1,-1,-0.01,-1,-1,-0.01,-1,-1,-0.01,-1,-1,-0.01,-1,-1,-0.01,-1,-1,-0.01,-1,-1
99926009,2026-05-18 12:46:27+05:30,53245.55,0,0.0,0,0.0,0.0,53282.15,53333.0,52783.45,53710.35,0,0.0,0.0,0.0,0.0,-0.01,-1,-1,-0.01,-1,-1,-0.01,-1,-1,-0.01,-1,-1,-0.01,-1,-1,-0.01,-1,-1,-0.01,-1,-1,-0.01,-1,-1,-0.01,-1,-1,-0.01,-1,-1
99926009,2026-05-18 12:46:28+05:30,53245.05,0,0.0,0,0.0,0.0,53282.15,53333.0,52783.45,53710.35,0,0.0,0.0,0.0,0.0,-0.01,-1,-1,-0.01,-1,-1,-0.01,-1,-1,-0.01,-1,-1,-0.01,-1,-1,-0.01,-1,-1,-0.01,-1,-1,-0.01,-1,-1,-0.01,-1,-1,-0.01,-1,-1
99926009,2026-05-18 12:46:28+05:30,53244.25,0,0.0,0,0.0,0.0,53282.15,53333.0,52783.45,53710.35,0,0.0,0.0,0.0,0.0,-0.01,-1,-1,-0.01,-1,-1,-0.01,-1,-1,-0.01,-1,-1,-0.01,-1,-1,-0.01,-1,-1,-0.01,-1,-1,-0.01,-1,-1,-0.01,-1,-1,-0.01,-1,-1
99926009,2026-05-18 12:46:29+05:30,53242.45,0,0.0,0,0.0,0.0,53282.15,53333.0,52783.45,53710.35,0,0.0,0.0,0.0,0.0,-0.01,-1,-1,-0.01,-1,-1,-0.01,-1,-1,-0.01,-1,-1,-0.01,-1,-1,-0.01,-1,-1,-0.01,-1,-1,-0.01,-1,-1,-0.01,-1,-1,-0.01,-1,-1
99926009,2026-05-18 12:46:29+05:30,53244.75,0,0.0,0,0.0,0.0,53282.15,53333.0,52783.45,53710.35,0,0.0,0.0,0.0,0.0,-0.01,-1,-1,-0.01,-1,-1,-0.01,-1,-1,-0.01,-1,-1,-0.01,-1,-1,-0.01,-1,-1,-0.01,-1,-1,-0.01,-1,-1,-0.01,-1,-1,-0.01,-1,-1
99926009,2026-05-18 12:46:30+05:30,53242.5,0,0.0,0,0.0,0.0,53282.15,53333.0,52783.45,53710.35,0,0.0,0.0,0.0,0.0,-0.01,-1,-1,-0.01,-1,-1,-0.01,-1,-1,-0.01,-1,-1,-0.01,-1,-1,-0.01,-1,-1,-0.01,-1,-1,-0.01,-1,-1,-0.01,-1,-1,-0.01,-1,-1
99926009,2026-05-18 12:46:30+05:30,53242.6,0,0.0,0,0.0,0.0,53282.15,53333.0,52783.45,53710.35,0,0.0,0.0,0.0,0.0,-0.01,-1,-1,-0.01,-1,-1,-0.01,-1,-1,-0.01,-1,-1,-0.01,-1,-1,-0.01,-1,-1,-0.01,-1,-1,-0.01,-1,-1,-0.01,-1,-1,-0.01,-1,-1
99926009,2026-05-18 12:46:31+05:30,53243.9,0,0.0,0,0.0,0.0,53282.15,53333.0,52783.45,53710.35,0,0.0,0.0,0.0,0.0,-0.01,-1,-1,-0.01,-1,-1,-0.01,-1,-1,-0.01,-1,-1,-0.01,-1,-1,-0.01,-1,-1,-0.01,-1,-1,-0.01,-1,-1,-0.01,-1,-1,-0.01,-1,-1
99926009,2026-05-18 12:46:31+05:30,53244.65,0,0.0,0,0.0,0.0,53282.15,53333.0,52783.45,53710.35,0,0.0,0.0,0.0,0.0,-0.01,-1,-1,-0.01,-1,-1,-0.01,-1,-1,-0.01,-1,-1,-0.01,-1,-1,-0.01,-1,-1,-0.01,-1,-1,-0.01,-1,-1,-0.01,-1,-1,-0.01,-1,-1
99926009,2026-05-18 12:46:32+05:30,53244.45,0,0.0,0,0.0,0.0,53282.15,53333.0,52783.45,53710.35,0,0.0,0.0,0.0,0.0,-0.01,-1,-1,-0.01,-1,-1,-0.01,-1,-1,-0.01,-1,-1,-0.01,-1,-1,-0.01,-1,-1,-0.01,-1,-1,-0.01,-1,-1,-0.01,-1,-1,-0.01,-1,-1
99926009,2026-05-18 12:46:32+05:30,53243.55,0,0.0,0,0.0,0.0,53282.15,53333.0,52783.45,53710.35,0,0.0,0.0,0.0,0.0,-0.01,-1,-1,-0.01,-1,-1,-0.01,-1,-1,-0.01,-1,-1,-0.01,-1,-1,-0.01,-1,-1,-0.01,-1,-1,-0.01,-1,-1,-0.01,-1,-1,-0.01,-1,-1
99926009,2026-05-18 12:46:33+05:30,53245.3,0,0.0,0,0.0,0.0,53282.15,53333.0,52783.45,53710.35,0,0.0,0.0,0.0,0.0,-0.01,-1,-1,-0.01,-1,-1,-0.01,-1,-1,-0.01,-1,-1,-0.01,-1,-1,-0.01,-1,-1,-0.01,-1,-1,-0.01,-1,-1,-0.01,-1,-1,-0.01,-1,-1
99926009,2026-05-18 12:46:33+05:30,53244.0,0,0.0,0,0.0,0.0,53282.15,53333.0,52783.45,53710.35,0,0.0,0.0,0.0,0.0,-0.01,-1,-1,-0.01,-1,-1,-0.01,-1,-1,-0.01,-1,-1,-0.01,-1,-1,-0.01,-1,-1,-0.01,-1,-1,-0.01,-1,-1,-0.01,-1,-1,-0.01,-1,-1
99926009,2026-05-18 12:46:34+05:30,53245.3,0,0.0,0,0.0,0.0,53282.15,53333.0,52783.45,53710.35,0,0.0,0.0,0.0,0.0,-0.01,-1,-1,-0.01,-1,-1,-0.01,-1,-1,-0.01,-1,-1,-0.01,-1,-1,-0.01,-1,-1,-0.01,-1,-1,-0.01,-1,-1,-0.01,-1,-1,-0.01,-1,-1
99926009,2026-05-18 12:46:34+05:30,53244.5,0,0.0,0,0.0,0.0,53282.15,53333.0,52783.45,53710.35,0,0.0,0.0,0.0,0.0,-0.01,-1,-1,-0.01,-1,-1,-0.01,-1,-1,-0.01,-1,-1,-0.01,-1,-1,-0.01,-1,-1,-0.01,-1,-1,-0.01,-1,-1,-0.01,-1,-1,-0.01,-1,-1
99926009,2026-05-18 12:46:35+05:30,53244.35,0,0.0,0,0.0,0.0,53282.15,53333.0,52783.45,53710.35,0,0.0,0.0,0.0,0.0,-0.01,-1,-1,-0.01,-1,-1,-0.01,-1,-1,-0.01,-1,-1,-0.01,-1,-1,-0.01,-1,-1,-0.01,-1,-1,-0.01,-1,-1,-0.01,-1,-1,-0.01,-1,-1
99926009,2026-05-18 12:46:35+05:30,53246.35,0,0.0,0,0.0,0.0,53282.15,53333.0,52783.45,53710.35,0,0.0,0.0,0.0,0.0,-0.01,-1,-1,-0.01,-1,-1,-0.01,-1,-1,-0.01,-1,-1,-0.01,-1,-1,-0.01,-1,-1,-0.01,-1,-1,-0.01,-1,-1,-0.01,-1,-1,-0.01,-1,-1
99926009,2026-05-18 12:46:36+05:30,53246.2,0,0.0,0,0.0,0.0,53282.15,53333.0,52783.45,53710.35,0,0.0,0.0,0.0,0.0,-0.01,-1,-1,-0.01,-1,-1,-0.01,-1,-1,-0.01,-1,-1,-0.01,-1,-1,-0.01,-1,-1,-0.01,-1,-1,-0.01,-1,-1,-0.01,-1,-1,-0.01,-1,-1
99926009,2026-05-18 12:46:36+05:30,53244.0,0,0.0,0,0.0,0.0,53282.15,53333.0,52783.45,53710.35,0,0.0,0.0,0.0,0.0,-0.01,-1,-1,-0.01,-1,-1,-0.01,-1,-1,-0.01,-1,-1,-0.01,-1,-1,-0.01,-1,-1,-0.01,-1,-1,-0.01,-1,-1,-0.01,-1,-1,-0.01,-1,-1
99926009,2026-05-18 12:46:37+05:30,53245.85,0,0.0,0,0.0,0.0,53282.15,53333.0,52783.45,53710.35,0,0.0,0.0,0.0,0.0,-0.01,-1,-1,-0.01,-1,-1,-0.01,-1,-1,-0.01,-1,-1,-0.01,-1,-1,-0.01,-1,-1,-0.01,-1,-1,-0.01,-1,-1,-0.01,-1,-1,-0.01,-1,-1
99926009,2026-05-18 12:46:37+05:30,53243.6,0,0.0,0,0.0,0.0,53282.15,53333.0,52783.45,53710.35,0,0.0,0.0,0.0,0.0,-0.01,-1,-1,-0.01,-1,-1,-0.01,-1,-1,-0.01,-1,-1,-0.01,-1,-1,-0.01,-1,-1,-0.01,-1,-1,-0.01,-1,-1,-0.01,-1,-1,-0.01,-1,-1
99926009,2026-05-18 12:46:38+05:30,53246.4,0,0.0,0,0.0,0.0,53282.15,53333.0,52783.45,53710.35,0,0.0,0.0,0.0,0.0,-0.01,-1,-1,-0.01,-1,-1,-0.01,-1,-1,-0.01,-1,-1,-0.01,-1,-1,-0.01,-1,-1,-0.01,-1,-1,-0.01,-1,-1,-0.01,-1,-1,-0.01,-1,-1
99926009,2026-05-18 12:46:38+05:30,53246.7,0,0.0,0,0.0,0.0,53282.15,53333.0,52783.45,53710.35,0,0.0,0.0,0.0,0.0,-0.01,-1,-1,-0.01,-1,-1,-0.01,-1,-1,-0.01,-1,-1,-0.01,-1,-1,-0.01,-1,-1,-0.01,-1,-1,-0.01,-1,-1,-0.01,-1,-1,-0.01,-1,-1
99926009,2026-05-18 12:46:39+05:30,53247.05,0,0.0,0,0.0,0.0,53282.15,53333.0,52783.45,53710.35,0,0.0,0.0,0.0,0.0,-0.01,-1,-1,-0.01,-1,-1,-0.01,-1,-1,-0.01,-1,-1,-0.01,-1,-1,-0.01,-1,-1,-0.01,-1,-1,-0.01,-1,-1,-0.01,-1,-1,-0.01,-1,-1
99926009,2026-05-18 12:46:39+05:30,53247.55,0,0.0,0,0.0,0.0,53282.15,53333.0,52783.45,53710.35,0,0.0,0.0,0.0,0.0,-0.01,-1,-1,-0.01,-1,-1,-0.01,-1,-1,-0.01,-1,-1,-0.01,-1,-1,-0.01,-1,-1,-0.01,-1,-1,-0.01,-1,-1,-0.01,-1,-1,-0.01,-1,-1
99926009,2026-05-18 12:46:40+05:30,53250.4,0,0.0,0,0.0,0.0,53282.15,53333.0,52783.45,53710.35,0,0.0,0.0,0.0,0.0,-0.01,-1,-1,-0.01,-1,-1,-0.01,-1,-1,-0.01,-1,-1,-0.01,-1,-1,-0.01,-1,-1,-0.01,-1,-1,-0.01,-1,-1,-0.01,-1,-1,-0.01,-1,-1
99926009,2026-05-18 12:46:40+05:30,53247.95,0,0.0,0,0.0,0.0,53282.15,53333.0,52783.45,53710.35,0,0.0,0.0,0.0,0.0,-0.01,-1,-1,-0.01,-1,-1,-0.01,-1,-1,-0.01,-1,-1,-0.01,-1,-1,-0.01,-1,-1,-0.01,-1,-1,-0.01,-1,-1,-0.01,-1,-1,-0.01,-1,-1
99926009,2026-05-18 12:46:41+05:30,53247.95,0,0.0,0,0.0,0.0,53282.15,53333.0,52783.45,53710.35,0,0.0,0.0,0.0,0.0,-0.01,-1,-1,-0.01,-1,-1,-0.01,-1,-1,-0.01,-1,-1,-0.01,-1,-1,-0.01,-1,-1,-0.01,-1,-1,-0.01,-1,-1,-0.01,-1,-1,-0.01,-1,-1
99926009,2026-05-18 12:46:41+05:30,53245.95,0,0.0,0,0.0,0.0,53282.15,53333.0,52783.45,53710.35,0,0.0,0.0,0.0,0.0,-0.01,-1,-1,-0.01,-1,-1,-0.01,-1,-1,-0.01,-1,-1,-0.01,-1,-1,-0.01,-1,-1,-0.01,-1,-1,-0.01,-1,-1,-0.01,-1,-1,-0.01,-1,-1
99926009,2026-05-18 12:46:42+05:30,53245.65,0,0.0,0,0.0,0.0,53282.15,53333.0,52783.45,53710.35,0,0.0,0.0,0.0,0.0,-0.01,-1,-1,-0.01,-1,-1,-0.01,-1,-1,-0.01,-1,-1,-0.01,-1,-1,-0.01,-1,-1,-0.01,-1,-1,-0.01,-1,-1,-0.01,-1,-1,-0.01,-1,-1
99926009,2026-05-18 12:46:42+05:30,53245.8,0,0.0,0,0.0,0.0,53282.15,53333.0,52783.45,53710.35,0,0.0,0.0,0.0,0.0,-0.01,-1,-1,-0.01,-1,-1,-0.01,-1,-1,-0.01,-1,-1,-0.01,-1,-1,-0.01,-1,-1,-0.01,-1,-1,-0.01,-1,-1,-0.01,-1,-1,-0.01,-1,-1
99926009,2026-05-18 12:46:43+05:30,53246.0,0,0.0,0,0.0,0.0,53282.15,53333.0,52783.45,53710.35,0,0.0,0.0,0.0,0.0,-0.01,-1,-1,-0.01,-1,-1,-0.01,-1,-1,-0.01,-1,-1,-0.01,-1,-1,-0.01,-1,-1,-0.01,-1,-1,-0.01,-1,-1,-0.01,-1,-1,-0.01,-1,-1
99926009,2026-05-18 12:46:43+05:30,53246.8,0,0.0,0,0.0,0.0,53282.15,53333.0,52783.45,53710.35,0,0.0,0.0,0.0,0.0,-0.01,-1,-1,-0.01,-1,-1,-0.01,-1,-1,-0.01,-1,-1,-0.01,-1,-1,-0.01,-1,-1,-0.01,-1,-1,-0.01,-1,-1,-0.01,-1,-1,-0.01,-1,-1
99926009,2026-05-18 12:46:44+05:30,53248.3,0,0.0,0,0.0,0.0,53282.15,53333.0,52783.45,53710.35,0,0.0,0.0,0.0,0.0,-0.01,-1,-1,-0.01,-1,-1,-0.01,-1,-1,-0.01,-1,-1,-0.01,-1,-1,-0.01,-1,-1,-0.01,-1,-1,-0.01,-1,-1,-0.01,-1,-1,-0.01,-1,-1
99926009,2026-05-18 12:46:44+05:30,53246.85,0,0.0,0,0.0,0.0,53282.15,53333.0,52783.45,53710.35,0,0.0,0.0,0.0,0.0,-0.01,-1,-1,-0.01,-1,-1,-0.01,-1,-1,-0.01,-1,-1,-0.01,-1,-1,-0.01,-1,-1,-0.01,-1,-1,-0.01,-1,-1,-0.01,-1,-1,-0.01,-1,-1
99926009,2026-05-18 12:46:45+05:30,53247.9,0,0.0,0,0.0,0.0,53282.15,53333.0,52783.45,53710.35,0,0.0,0.0,0.0,0.0,-0.01,-1,-1,-0.01,-1,-1,-0.01,-1,-1,-0.01,-1,-1,-0.01,-1,-1,-0.01,-1,-1,-0.01,-1,-1,-0.01,-1,-1,-0.01,-1,-1,-0.01,-1,-1
99926009,2026-05-18 12:46:45+05:30,53249.2,0,0.0,0,0.0,0.0,53282.15,53333.0,52783.45,53710.35,0,0.0,0.0,0.0,0.0,-0.01,-1,-1,-0.01,-1,-1,-0.01,-1,-1,-0.01,-1,-1,-0.01,-1,-1,-0.01,-1,-1,-0.01,-1,-1,-0.01,-1,-1,-0.01,-1,-1,-0.01,-1,-1
99926009,2026-05-18 12:46:46+05:30,53248.95,0,0.0,0,0.0,0.0,53282.15,53333.0,52783.45,53710.35,0,0.0,0.0,0.0,0.0,-0.01,-1,-1,-0.01,-1,-1,-0.01,-1,-1,-0.01,-1,-1,-0.01,-1,-1,-0.01,-1,-1,-0.01,-1,-1,-0.01,-1,-1,-0.01,-1,-1,-0.01,-1,-1
99926009,2026-05-18 12:46:46+05:30,53247.65,0,0.0,0,0.0,0.0,53282.15,53333.0,52783.45,53710.35,0,0.0,0.0,0.0,0.0,-0.01,-1,-1,-0.01,-1,-1,-0.01,-1,-1,-0.01,-1,-1,-0.01,-1,-1,-0.01,-1,-1,-0.01,-1,-1,-0.01,-1,-1,-0.01,-1,-1,-0.01,-1,-1
99926009,2026-05-18 12:46:47+05:30,53249.45,0,0.0,0,0.0,0.0,53282.15,53333.0,52783.45,53710.35,0,0.0,0.0,0.0,0.0,-0.01,-1,-1,-0.01,-1,-1,-0.01,-1,-1,-0.01,-1,-1,-0.01,-1,-1,-0.01,-1,-1,-0.01,-1,-1,-0.01,-1,-1,-0.01,-1,-1,-0.01,-1,-1
99926009,2026-05-18 12:46:47+05:30,53248.7,0,0.0,0,0.0,0.0,53282.15,53333.0,52783.45,53710.35,0,0.0,0.0,0.0,0.0,-0.01,-1,-1,-0.01,-1,-1,-0.01,-1,-1,-0.01,-1,-1,-0.01,-1,-1,-0.01,-1,-1,-0.01,-1,-1,-0.01,-1,-1,-0.01,-1,-1,-0.01,-1,-1
99926009,2026-05-18 12:46:48+05:30,53250.15,0,0.0,0,0.0,0.0,53282.15,53333.0,52783.45,53710.35,0,0.0,0.0,0.0,0.0,-0.01,-1,-1,-0.01,-1,-1,-0.01,-1,-1,-0.01,-1,-1,-0.01,-1,-1,-0.01,-1,-1,-0.01,-1,-1,-0.01,-1,-1,-0.01,-1,-1,-0.01,-1,-1
99926009,2026-05-18 12:46:48+05:30,53249.85,0,0.0,0,0.0,0.0,53282.15,53333.0,52783.45,53710.35,0,0.0,0.0,0.0,0.0,-0.01,-1,-1,-0.01,-1,-1,-0.01,-1,-1,-0.01,-1,-1,-0.01,-1,-1,-0.01,-1,-1,-0.01,-1,-1,-0.01,-1,-1,-0.01,-1,-1,-0.01,-1,-1
99926009,2026-05-18 12:46:49+05:30,53251.4,0,0.0,0,0.0,0.0,53282.15,53333.0,52783.45,53710.35,0,0.0,0.0,0.0,0.0,-0.01,-1,-1,-0.01,-1,-1,-0.01,-1,-1,-0.01,-1,-1,-0.01,-1,-1,-0.01,-1,-1,-0.01,-1,-1,-0.01,-1,-1,-0.01,-1,-1,-0.01,-1,-1
99926009,2026-05-18 12:46:49+05:30,53250.2,0,0.0,0,0.0,0.0,53282.15,53333.0,52783.45,53710.35,0,0.0,0.0,0.0,0.0,-0.01,-1,-1,-0.01,-1,-1,-0.01,-1,-1,-0.01,-1,-1,-0.01,-1,-1,-0.01,-1,-1,-0.01,-1,-1,-0.01,-1,-1,-0.01,-1,-1,-0.01,-1,-1
99926009,2026-05-18 12:46:50+05:30,53251.75,0,0.0,0,0.0,0.0,53282.15,53333.0,52783.45,53710.35,0,0.0,0.0,0.0,0.0,-0.01,-1,-1,-0.01,-1,-1,-0.01,-1,-1,-0.01,-1,-1,-0.01,-1,-1,-0.01,-1,-1,-0.01,-1,-1,-0.01,-1,-1,-0.01,-1,-1,-0.01,-1,-1
99926009,2026-05-18 12:46:50+05:30,53250.1,0,0.0,0,0.0,0.0,53282.15,53333.0,52783.45,53710.35,0,0.0,0.0,0.0,0.0,-0.01,-1,-1,-0.01,-1,-1,-0.01,-1,-1,-0.01,-1,-1,-0.01,-1,-1,-0.01,-1,-1,-0.01,-1,-1,-0.01,-1,-1,-0.01,-1,-1,-0.01,-1,-1
99926009,2026-05-18 12:46:51+05:30,53250.2,0,0.0,0,0.0,0.0,53282.15,53333.0,52783.45,53710.35,0,0.0,0.0,0.0,0.0,-0.01,-1,-1,-0.01,-1,-1,-0.01,-1,-1,-0.01,-1,-1,-0.01,-1,-1,-0.01,-1,-1,-0.01,-1,-1,-0.01,-1,-1,-0.01,-1,-1,-0.01,-1,-1
99926009,2026-05-18 12:46:51+05:30,53250.35,0,0.0,0,0.0,0.0,53282.15,53333.0,52783.45,53710.35,0,0.0,0.0,0.0,0.0,-0.01,-1,-1,-0.01,-1,-1,-0.01,-1,-1,-0.01,-1,-1,-0.01,-1,-1,-0.01,-1,-1,-0.01,-1,-1,-0.01,-1,-1,-0.01,-1,-1,-0.01,-1,-1
99926009,2026-05-18 12:46:52+05:30,53251.9,0,0.0,0,0.0,0.0,53282.15,53333.0,52783.45,53710.35,0,0.0,0.0,0.0,0.0,-0.01,-1,-1,-0.01,-1,-1,-0.01,-1,-1,-0.01,-1,-1,-0.01,-1,-1,-0.01,-1,-1,-0.01,-1,-1,-0.01,-1,-1,-0.01,-1,-1,-0.01,-1,-1
99926009,2026-05-18 12:46:52+05:30,53249.75,0,0.0,0,0.0,0.0,53282.15,53333.0,52783.45,53710.35,0,0.0,0.0,0.0,0.0,-0.01,-1,-1,-0.01,-1,-1,-0.01,-1,-1,-0.01,-1,-1,-0.01,-1,-1,-0.01,-1,-1,-0.01,-1,-1,-0.01,-1,-1,-0.01,-1,-1,-0.01,-1,-1
99926009,2026-05-18 12:46:53+05:30,53250.25,0,0.0,0,0.0,0.0,53282.15,53333.0,52783.45,53710.35,0,0.0,0.0,0.0,0.0,-0.01,-1,-1,-0.01,-1,-1,-0.01,-1,-1,-0.01,-1,-1,-0.01,-1,-1,-0.01,-1,-1,-0.01,-1,-1,-0.01,-1,-1,-0.01,-1,-1,-0.01,-1,-1
99926009,2026-05-18 12:46:53+05:30,53249.45,0,0.0,0,0.0,0.0,53282.15,53333.0,52783.45,53710.35,0,0.0,0.0,0.0,0.0,-0.01,-1,-1,-0.01,-1,-1,-0.01,-1,-1,-0.01,-1,-1,-0.01,-1,-1,-0.01,-1,-1,-0.01,-1,-1,-0.01,-1,-1,-0.01,-1,-1,-0.01,-1,-1
99926009,2026-05-18 12:46:54+05:30,53249.3,0,0.0,0,0.0,0.0,53282.15,53333.0,52783.45,53710.35,0,0.0,0.0,0.0,0.0,-0.01,-1,-1,-0.01,-1,-1,-0.01,-1,-1,-0.01,-1,-1,-0.01,-1,-1,-0.01,-1,-1,-0.01,-1,-1,-0.01,-1,-1,-0.01,-1,-1,-0.01,-1,-1
99926009,2026-05-18 12:46:54+05:30,53247.75,0,0.0,0,0.0,0.0,53282.15,53333.0,52783.45,53710.35,0,0.0,0.0,0.0,0.0,-0.01,-1,-1,-0.01,-1,-1,-0.01,-1,-1,-0.01,-1,-1,-0.01,-1,-1,-0.01,-1,-1,-0.01,-1,-1,-0.01,-1,-1,-0.01,-1,-1,-0.01,-1,-1
99926009,2026-05-18 12:46:55+05:30,53248.35,0,0.0,0,0.0,0.0,53282.15,53333.0,52783.45,53710.35,0,0.0,0.0,0.0,0.0,-0.01,-1,-1,-0.01,-1,-1,-0.01,-1,-1,-0.01,-1,-1,-0.01,-1,-1,-0.01,-1,-1,-0.01,-1,-1,-0.01,-1,-1,-0.01,-1,-1,-0.01,-1,-1
99926009,2026-05-18 12:46:55+05:30,53251.45,0,0.0,0,0.0,0.0,53282.15,53333.0,52783.45,53710.35,0,0.0,0.0,0.0,0.0,-0.01,-1,-1,-0.01,-1,-1,-0.01,-1,-1,-0.01,-1,-1,-0.01,-1,-1,-0.01,-1,-1,-0.01,-1,-1,-0.01,-1,-1,-0.01,-1,-1,-0.01,-1,-1
99926009,2026-05-18 12:46:56+05:30,53251.45,0,0.0,0,0.0,0.0,53282.15,53333.0,52783.45,53710.35,0,0.0,0.0,0.0,0.0,-0.01,-1,-1,-0.01,-1,-1,-0.01,-1,-1,-0.01,-1,-1,-0.01,-1,-1,-0.01,-1,-1,-0.01,-1,-1,-0.01,-1,-1,-0.01,-1,-1,-0.01,-1,-1
99926009,2026-05-18 12:46:56+05:30,53250.4,0,0.0,0,0.0,0.0,53282.15,53333.0,52783.45,53710.35,0,0.0,0.0,0.0,0.0,-0.01,-1,-1,-0.01,-1,-1,-0.01,-1,-1,-0.01,-1,-1,-0.01,-1,-1,-0.01,-1,-1,-0.01,-1,-1,-0.01,-1,-1,-0.01,-1,-1,-0.01,-1,-1
99926009,2026-05-18 12:46:57+05:30,53250.5,0,0.0,0,0.0,0.0,53282.15,53333.0,52783.45,53710.35,0,0.0,0.0,0.0,0.0,-0.01,-1,-1,-0.01,-1,-1,-0.01,-1,-1,-0.01,-1,-1,-0.01,-1,-1,-0.01,-1,-1,-0.01,-1,-1,-0.01,-1,-1,-0.01,-1,-1,-0.01,-1,-1
99926009,2026-05-18 12:46:57+05:30,53248.75,0,0.0,0,0.0,0.0,53282.15,53333.0,52783.45,53710.35,0,0.0,0.0,0.0,0.0,-0.01,-1,-1,-0.01,-1,-1,-0.01,-1,-1,-0.01,-1,-1,-0.01,-1,-1,-0.01,-1,-1,-0.01,-1,-1,-0.01,-1,-1,-0.01,-1,-1,-0.01,-1,-1
99926009,2026-05-18 12:46:58+05:30,53249.0,0,0.0,0,0.0,0.0,53282.15,53333.0,52783.45,53710.35,0,0.0,0.0,0.0,0.0,-0.01,-1,-1,-0.01,-1,-1,-0.01,-1,-1,-0.01,-1,-1,-0.01,-1,-1,-0.01,-1,-1,-0.01,-1,-1,-0.01,-1,-1,-0.01,-1,-1,-0.01,-1,-1
99926009,2026-05-18 12:46:58+05:30,53250.3,0,0.0,0,0.0,0.0,53282.15,53333.0,52783.45,53710.35,0,0.0,0.0,0.0,0.0,-0.01,-1,-1,-0.01,-1,-1,-0.01,-1,-1,-0.01,-1,-1,-0.01,-1,-1,-0.01,-1,-1,-0.01,-1,-1,-0.01,-1,-1,-0.01,-1,-1,-0.01,-1,-1
99926009,2026-05-18 12:46:59+05:30,53252.15,0,0.0,0,0.0,0.0,53282.15,53333.0,52783.45,53710.35,0,0.0,0.0,0.0,0.0,-0.01,-1,-1,-0.01,-1,-1,-0.01,-1,-1,-0.01,-1,-1,-0.01,-1,-1,-0.01,-1,-1,-0.01,-1,-1,-0.01,-1,-1,-0.01,-1,-1,-0.01,-1,-1
99926009,2026-05-18 12:46:59+05:30,53247.6,0,0.0,0,0.0,0.0,53282.15,53333.0,52783.45,53710.35,0,0.0,0.0,0.0,0.0,-0.01,-1,-1,-0.01,-1,-1,-0.01,-1,-1,-0.01,-1,-1,-0.01,-1,-1,-0.01,-1,-1,-0.01,-1,-1,-0.01,-1,-1,-0.01,-1,-1,-0.01,-1,-1
99926009,2026-05-18 12:47:00+05:30,53249.55,0,0.0,0,0.0,0.0,53282.15,53333.0,52783.45,53710.35,0,0.0,0.0,0.0,0.0,-0.01,-1,-1,-0.01,-1,-1,-0.01,-1,-1,-0.01,-1,-1,-0.01,-1,-1,-0.01,-1,-1,-0.01,-1,-1,-0.01,-1,-1,-0.01,-1,-1,-0.01,-1,-1
99926009,2026-05-18 12:47:00+05:30,53249.55,0,0.0,0,0.0,0.0,53282.15,53333.0,52783.45,53710.35,0,0.0,0.0,0.0,0.0,-0.01,-1,-1,-0.01,-1,-1,-0.01,-1,-1,-0.01,-1,-1,-0.01,-1,-1,-0.01,-1,-1,-0.01,-1,-1,-0.01,-1,-1,-0.01,-1,-1,-0.01,-1,-1
99926009,2026-05-18 12:47:01+05:30,53250.3,0,0.0,0,0.0,0.0,53282.15,53333.0,52783.45,53710.35,0,0.0,0.0,0.0,0.0,-0.01,-1,-1,-0.01,-1,-1,-0.01,-1,-1,-0.01,-1,-1,-0.01,-1,-1,-0.01,-1,-1,-0.01,-1,-1,-0.01,-1,-1,-0.01,-1,-1,-0.01,-1,-1
99926009,2026-05-18 12:47:01+05:30,53251.2,0,0.0,0,0.0,0.0,53282.15,53333.0,52783.45,53710.35,0,0.0,0.0,0.0,0.0,-0.01,-1,-1,-0.01,-1,-1,-0.01,-1,-1,-0.01,-1,-1,-0.01,-1,-1,-0.01,-1,-1,-0.01,-1,-1,-0.01,-1,-1,-0.01,-1,-1,-0.01,-1,-1
99926009,2026-05-18 12:47:02+05:30,53255.4,0,0.0,0,0.0,0.0,53282.15,53333.0,52783.45,53710.35,0,0.0,0.0,0.0,0.0,-0.01,-1,-1,-0.01,-1,-1,-0.01,-1,-1,-0.01,-1,-1,-0.01,-1,-1,-0.01,-1,-1,-0.01,-1,-1,-0.01,-1,-1,-0.01,-1,-1,-0.01,-1,-1
99926009,2026-05-18 12:47:02+05:30,53253.65,0,0.0,0,0.0,0.0,53282.15,53333.0,52783.45,53710.35,0,0.0,0.0,0.0,0.0,-0.01,-1,-1,-0.01,-1,-1,-0.01,-1,-1,-0.01,-1,-1,-0.01,-1,-1,-0.01,-1,-1,-0.01,-1,-1,-0.01,-1,-1,-0.01,-1,-1,-0.01,-1,-1
99926009,2026-05-18 12:47:03+05:30,53254.0,0,0.0,0,0.0,0.0,53282.15,53333.0,52783.45,53710.35,0,0.0,0.0,0.0,0.0,-0.01,-1,-1,-0.01,-1,-1,-0.01,-1,-1,-0.01,-1,-1,-0.01,-1,-1,-0.01,-1,-1,-0.01,-1,-1,-0.01,-1,-1,-0.01,-1,-1,-0.01,-1,-1
99926009,2026-05-18 12:47:03+05:30,53254.6,0,0.0,0,0.0,0.0,53282.15,53333.0,52783.45,53710.35,0,0.0,0.0,0.0,0.0,-0.01,-1,-1,-0.01,-1,-1,-0.01,-1,-1,-0.01,-1,-1,-0.01,-1,-1,-0.01,-1,-1,-0.01,-1,-1,-0.01,-1,-1,-0.01,-1,-1,-0.01,-1,-1
99926009,2026-05-18 12:47:04+05:30,53254.2,0,0.0,0,0.0,0.0,53282.15,53333.0,52783.45,53710.35,0,0.0,0.0,0.0,0.0,-0.01,-1,-1,-0.01,-1,-1,-0.01,-1,-1,-0.01,-1,-1,-0.01,-1,-1,-0.01,-1,-1,-0.01,-1,-1,-0.01,-1,-1,-0.01,-1,-1,-0.01,-1,-1
99926009,2026-05-18 12:47:04+05:30,53254.35,0,0.0,0,0.0,0.0,53282.15,53333.0,52783.45,53710.35,0,0.0,0.0,0.0,0.0,-0.01,-1,-1,-0.01,-1,-1,-0.01,-1,-1,-0.01,-1,-1,-0.01,-1,-1,-0.01,-1,-1,-0.01,-1,-1,-0.01,-1,-1,-0.01,-1,-1,-0.01,-1,-1
99926009,2026-05-18 12:47:05+05:30,53256.7,0,0.0,0,0.0,0.0,53282.15,53333.0,52783.45,53710.35,0,0.0,0.0,0.0,0.0,-0.01,-1,-1,-0.01,-1,-1,-0.01,-1,-1,-0.01,-1,-1,-0.01,-1,-1,-0.01,-1,-1,-0.01,-1,-1,-0.01,-1,-1,-0.01,-1,-1,-0.01,-1,-1
99926009,2026-05-18 12:47:05+05:30,53259.1,0,0.0,0,0.0,0.0,53282.15,53333.0,52783.45,53710.35,0,0.0,0.0,0.0,0.0,-0.01,-1,-1,-0.01,-1,-1,-0.01,-1,-1,-0.01,-1,-1,-0.01,-1,-1,-0.01,-1,-1,-0.01,-1,-1,-0.01,-1,-1,-0.01,-1,-1,-0.01,-1,-1
99926009,2026-05-18 12:47:06+05:30,53257.6,0,0.0,0,0.0,0.0,53282.15,53333.0,52783.45,53710.35,0,0.0,0.0,0.0,0.0,-0.01,-1,-1,-0.01,-1,-1,-0.01,-1,-1,-0.01,-1,-1,-0.01,-1,-1,-0.01,-1,-1,-0.01,-1,-1,-0.01,-1,-1,-0.01,-1,-1,-0.01,-1,-1
99926009,2026-05-18 12:47:06+05:30,53258.65,0,0.0,0,0.0,0.0,53282.15,53333.0,52783.45,53710.35,0,0.0,0.0,0.0,0.0,-0.01,-1,-1,-0.01,-1,-1,-0.01,-1,-1,-0.01,-1,-1,-0.01,-1,-1,-0.01,-1,-1,-0.01,-1,-1,-0.01,-1,-1,-0.01,-1,-1,-0.01,-1,-1
99926009,2026-05-18 12:47:07+05:30,53260.45,0,0.0,0,0.0,0.0,53282.15,53333.0,52783.45,53710.35,0,0.0,0.0,0.0,0.0,-0.01,-1,-1,-0.01,-1,-1,-0.01,-1,-1,-0.01,-1,-1,-0.01,-1,-1,-0.01,-1,-1,-0.01,-1,-1,-0.01,-1,-1,-0.01,-1,-1,-0.01,-1,-1
99926009,2026-05-18 12:47:07+05:30,53262.55,0,0.0,0,0.0,0.0,53282.15,53333.0,52783.45,53710.35,0,0.0,0.0,0.0,0.0,-0.01,-1,-1,-0.01,-1,-1,-0.01,-1,-1,-0.01,-1,-1,-0.01,-1,-1,-0.01,-1,-1,-0.01,-1,-1,-0.01,-1,-1,-0.01,-1,-1,-0.01,-1,-1
99926009,2026-05-18 12:47:08+05:30,53258.65,0,0.0,0,0.0,0.0,53282.15,53333.0,52783.45,53710.35,0,0.0,0.0,0.0,0.0,-0.01,-1,-1,-0.01,-1,-1,-0.01,-1,-1,-0.01,-1,-1,-0.01,-1,-1,-0.01,-1,-1,-0.01,-1,-1,-0.01,-1,-1,-0.01,-1,-1,-0.01,-1,-1
99926009,2026-05-18 12:47:08+05:30,53257.25,0,0.0,0,0.0,0.0,53282.15,53333.0,52783.45,53710.35,0,0.0,0.0,0.0,0.0,-0.01,-1,-1,-0.01,-1,-1,-0.01,-1,-1,-0.01,-1,-1,-0.01,-1,-1,-0.01,-1,-1,-0.01,-1,-1,-0.01,-1,-1,-0.01,-1,-1,-0.01,-1,-1
99926009,2026-05-18 12:47:09+05:30,53259.45,0,0.0,0,0.0,0.0,53282.15,53333.0,52783.45,53710.35,0,0.0,0.0,0.0,0.0,-0.01,-1,-1,-0.01,-1,-1,-0.01,-1,-1,-0.01,-1,-1,-0.01,-1,-1,-0.01,-1,-1,-0.01,-1,-1,-0.01,-1,-1,-0.01,-1,-1,-0.01,-1,-1
99926009,2026-05-18 12:47:09+05:30,53258.05,0,0.0,0,0.0,0.0,53282.15,53333.0,52783.45,53710.35,0,0.0,0.0,0.0,0.0,-0.01,-1,-1,-0.01,-1,-1,-0.01,-1,-1,-0.01,-1,-1,-0.01,-1,-1,-0.01,-1,-1,-0.01,-1,-1,-0.01,-1,-1,-0.01,-1,-1,-0.01,-1,-1
99926009,2026-05-18 12:47:10+05:30,53258.8,0,0.0,0,0.0,0.0,53282.15,53333.0,52783.45,53710.35,0,0.0,0.0,0.0,0.0,-0.01,-1,-1,-0.01,-1,-1,-0.01,-1,-1,-0.01,-1,-1,-0.01,-1,-1,-0.01,-1,-1,-0.01,-1,-1,-0.01,-1,-1,-0.01,-1,-1,-0.01,-1,-1
99926009,2026-05-18 12:47:10+05:30,53259.95,0,0.0,0,0.0,0.0,53282.15,53333.0,52783.45,53710.35,0,0.0,0.0,0.0,0.0,-0.01,-1,-1,-0.01,-1,-1,-0.01,-1,-1,-0.01,-1,-1,-0.01,-1,-1,-0.01,-1,-1,-0.01,-1,-1,-0.01,-1,-1,-0.01,-1,-1,-0.01,-1,-1
99926009,2026-05-18 12:47:11+05:30,53262.7,0,0.0,0,0.0,0.0,53282.15,53333.0,52783.45,53710.35,0,0.0,0.0,0.0,0.0,-0.01,-1,-1,-0.01,-1,-1,-0.01,-1,-1,-0.01,-1,-1,-0.01,-1,-1,-0.01,-1,-1,-0.01,-1,-1,-0.01,-1,-1,-0.01,-1,-1,-0.01,-1,-1
99926009,2026-05-18 12:47:11+05:30,53260.95,0,0.0,0,0.0,0.0,53282.15,53333.0,52783.45,53710.35,0,0.0,0.0,0.0,0.0,-0.01,-1,-1,-0.01,-1,-1,-0.01,-1,-1,-0.01,-1,-1,-0.01,-1,-1,-0.01,-1,-1,-0.01,-1,-1,-0.01,-1,-1,-0.01,-1,-1,-0.01,-1,-1
99926009,2026-05-18 12:47:12+05:30,53262.0,0,0.0,0,0.0,0.0,53282.15,53333.0,52783.45,53710.35,0,0.0,0.0,0.0,0.0,-0.01,-1,-1,-0.01,-1,-1,-0.01,-1,-1,-0.01,-1,-1,-0.01,-1,-1,-0.01,-1,-1,-0.01,-1,-1,-0.01,-1,-1,-0.01,-1,-1,-0.01,-1,-1
99926009,2026-05-18 12:47:12+05:30,53260.7,0,0.0,0,0.0,0.0,53282.15,53333.0,52783.45,53710.35,0,0.0,0.0,0.0,0.0,-0.01,-1,-1,-0.01,-1,-1,-0.01,-1,-1,-0.01,-1,-1,-0.01,-1,-1,-0.01,-1,-1,-0.01,-1,-1,-0.01,-1,-1,-0.01,-1,-1,-0.01,-1,-1
99926009,2026-05-18 12:47:13+05:30,53259.35,0,0.0,0,0.0,0.0,53282.15,53333.0,52783.45,53710.35,0,0.0,0.0,0.0,0.0,-0.01,-1,-1,-0.01,-1,-1,-0.01,-1,-1,-0.01,-1,-1,-0.01,-1,-1,-0.01,-1,-1,-0.01,-1,-1,-0.01,-1,-1,-0.01,-1,-1,-0.01,-1,-1
99926009,2026-05-18 12:47:13+05:30,53261.55,0,0.0,0,0.0,0.0,53282.15,53333.0,52783.45,53710.35,0,0.0,0.0,0.0,0.0,-0.01,-1,-1,-0.01,-1,-1,-0.01,-1,-1,-0.01,-1,-1,-0.01,-1,-1,-0.01,-1,-1,-0.01,-1,-1,-0.01,-1,-1,-0.01,-1,-1,-0.01,-1,-1
99926009,2026-05-18 12:47:14+05:30,53262.15,0,0.0,0,0.0,0.0,53282.15,53333.0,52783.45,53710.35,0,0.0,0.0,0.0,0.0,-0.01,-1,-1,-0.01,-1,-1,-0.01,-1,-1,-0.01,-1,-1,-0.01,-1,-1,-0.01,-1,-1,-0.01,-1,-1,-0.01,-1,-1,-0.01,-1,-1,-0.01,-1,-1
99926009,2026-05-18 12:47:14+05:30,53259.6,0,0.0,0,0.0,0.0,53282.15,53333.0,52783.45,53710.35,0,0.0,0.0,0.0,0.0,-0.01,-1,-1,-0.01,-1,-1,-0.01,-1,-1,-0.01,-1,-1,-0.01,-1,-1,-0.01,-1,-1,-0.01,-1,-1,-0.01,-1,-1,-0.01,-1,-1,-0.01,-1,-1
99926009,2026-05-18 12:47:15+05:30,53258.6,0,0.0,0,0.0,0.0,53282.15,53333.0,52783.45,53710.35,0,0.0,0.0,0.0,0.0,-0.01,-1,-1,-0.01,-1,-1,-0.01,-1,-1,-0.01,-1,-1,-0.01,-1,-1,-0.01,-1,-1,-0.01,-1,-1,-0.01,-1,-1,-0.01,-1,-1,-0.01,-1,-1
99926009,2026-05-18 12:47:15+05:30,53265.55,0,0.0,0,0.0,0.0,53282.15,53333.0,52783.45,53710.35,0,0.0,0.0,0.0,0.0,-0.01,-1,-1,-0.01,-1,-1,-0.01,-1,-1,-0.01,-1,-1,-0.01,-1,-1,-0.01,-1,-1,-0.01,-1,-1,-0.01,-1,-1,-0.01,-1,-1,-0.01,-1,-1
99926009,2026-05-18 12:47:16+05:30,53265.05,0,0.0,0,0.0,0.0,53282.15,53333.0,52783.45,53710.35,0,0.0,0.0,0.0,0.0,-0.01,-1,-1,-0.01,-1,-1,-0.01,-1,-1,-0.01,-1,-1,-0.01,-1,-1,-0.01,-1,-1,-0.01,-1,-1,-0.01,-1,-1,-0.01,-1,-1,-0.01,-1,-1
99926009,2026-05-18 12:47:16+05:30,53264.9,0,0.0,0,0.0,0.0,53282.15,53333.0,52783.45,53710.35,0,0.0,0.0,0.0,0.0,-0.01,-1,-1,-0.01,-1,-1,-0.01,-1,-1,-0.01,-1,-1,-0.01,-1,-1,-0.01,-1,-1,-0.01,-1,-1,-0.01,-1,-1,-0.01,-1,-1,-0.01,-1,-1
99926009,2026-05-18 12:47:17+05:30,53262.7,0,0.0,0,0.0,0.0,53282.15,53333.0,52783.45,53710.35,0,0.0,0.0,0.0,0.0,-0.01,-1,-1,-0.01,-1,-1,-0.01,-1,-1,-0.01,-1,-1,-0.01,-1,-1,-0.01,-1,-1,-0.01,-1,-1,-0.01,-1,-1,-0.01,-1,-1,-0.01,-1,-1
99926009,2026-05-18 12:47:17+05:30,53262.25,0,0.0,0,0.0,0.0,53282.15,53333.0,52783.45,53710.35,0,0.0,0.0,0.0,0.0,-0.01,-1,-1,-0.01,-1,-1,-0.01,-1,-1,-0.01,-1,-1,-0.01,-1,-1,-0.01,-1,-1,-0.01,-1,-1,-0.01,-1,-1,-0.01,-1,-1,-0.01,-1,-1
99926009,2026-05-18 12:47:18+05:30,53261.55,0,0.0,0,0.0,0.0,53282.15,53333.0,52783.45,53710.35,0,0.0,0.0,0.0,0.0,-0.01,-1,-1,-0.01,-1,-1,-0.01,-1,-1,-0.01,-1,-1,-0.01,-1,-1,-0.01,-1,-1,-0.01,-1,-1,-0.01,-1,-1,-0.01,-1,-1,-0.01,-1,-1
99926009,2026-05-18 12:47:18+05:30,53262.2,0,0.0,0,0.0,0.0,53282.15,53333.0,52783.45,53710.35,0,0.0,0.0,0.0,0.0,-0.01,-1,-1,-0.01,-1,-1,-0.01,-1,-1,-0.01,-1,-1,-0.01,-1,-1,-0.01,-1,-1,-0.01,-1,-1,-0.01,-1,-1,-0.01,-1,-1,-0.01,-1,-1
99926009,2026-05-18 12:47:19+05:30,53265.7,0,0.0,0,0.0,0.0,53282.15,53333.0,52783.45,53710.35,0,0.0,0.0,0.0,0.0,-0.01,-1,-1,-0.01,-1,-1,-0.01,-1,-1,-0.01,-1,-1,-0.01,-1,-1,-0.01,-1,-1,-0.01,-1,-1,-0.01,-1,-1,-0.01,-1,-1,-0.01,-1,-1
99926009,2026-05-18 12:47:19+05:30,53264.2,0,0.0,0,0.0,0.0,53282.15,53333.0,52783.45,53710.35,0,0.0,0.0,0.0,0.0,-0.01,-1,-1,-0.01,-1,-1,-0.01,-1,-1,-0.01,-1,-1,-0.01,-1,-1,-0.01,-1,-1,-0.01,-1,-1,-0.01,-1,-1,-0.01,-1,-1,-0.01,-1,-1
99926009,2026-05-18 12:47:20+05:30,53263.95,0,0.0,0,0.0,0.0,53282.15,53333.0,52783.45,53710.35,0,0.0,0.0,0.0,0.0,-0.01,-1,-1,-0.01,-1,-1,-0.01,-1,-1,-0.01,-1,-1,-0.01,-1,-1,-0.01,-1,-1,-0.01,-1,-1,-0.01,-1,-1,-0.01,-1,-1,-0.01,-1,-1
99926009,2026-05-18 12:47:20+05:30,53262.15,0,0.0,0,0.0,0.0,53282.15,53333.0,52783.45,53710.35,0,0.0,0.0,0.0,0.0,-0.01,-1,-1,-0.01,-1,-1,-0.01,-1,-1,-0.01,-1,-1,-0.01,-1,-1,-0.01,-1,-1,-0.01,-1,-1,-0.01,-1,-1,-0.01,-1,-1,-0.01,-1,-1
99926009,2026-05-18 12:47:21+05:30,53262.45,0,0.0,0,0.0,0.0,53282.15,53333.0,52783.45,53710.35,0,0.0,0.0,0.0,0.0,-0.01,-1,-1,-0.01,-1,-1,-0.01,-1,-1,-0.01,-1,-1,-0.01,-1,-1,-0.01,-1,-1,-0.01,-1,-1,-0.01,-1,-1,-0.01,-1,-1,-0.01,-1,-1
99926009,2026-05-18 12:47:21+05:30,53266.7,0,0.0,0,0.0,0.0,53282.15,53333.0,52783.45,53710.35,0,0.0,0.0,0.0,0.0,-0.01,-1,-1,-0.01,-1,-1,-0.01,-1,-1,-0.01,-1,-1,-0.01,-1,-1,-0.01,-1,-1,-0.01,-1,-1,-0.01,-1,-1,-0.01,-1,-1,-0.01,-1,-1
99926009,2026-05-18 12:47:22+05:30,53266.7,0,0.0,0,0.0,0.0,53282.15,53333.0,52783.45,53710.35,0,0.0,0.0,0.0,0.0,-0.01,-1,-1,-0.01,-1,-1,-0.01,-1,-1,-0.01,-1,-1,-0.01,-1,-1,-0.01,-1,-1,-0.01,-1,-1,-0.01,-1,-1,-0.01,-1,-1,-0.01,-1,-1
99926009,2026-05-18 12:47:22+05:30,53266.9,0,0.0,0,0.0,0.0,53282.15,53333.0,52783.45,53710.35,0,0.0,0.0,0.0,0.0,-0.01,-1,-1,-0.01,-1,-1,-0.01,-1,-1,-0.01,-1,-1,-0.01,-1,-1,-0.01,-1,-1,-0.01,-1,-1,-0.01,-1,-1,-0.01,-1,-1,-0.01,-1,-1
99926009,2026-05-18 12:47:23+05:30,53264.65,0,0.0,0,0.0,0.0,53282.15,53333.0,52783.45,53710.35,0,0.0,0.0,0.0,0.0,-0.01,-1,-1,-0.01,-1,-1,-0.01,-1,-1,-0.01,-1,-1,-0.01,-1,-1,-0.01,-1,-1,-0.01,-1,-1,-0.01,-1,-1,-0.01,-1,-1,-0.01,-1,-1
99926009,2026-05-18 12:47:23+05:30,53264.55,0,0.0,0,0.0,0.0,53282.15,53333.0,52783.45,53710.35,0,0.0,0.0,0.0,0.0,-0.01,-1,-1,-0.01,-1,-1,-0.01,-1,-1,-0.01,-1,-1,-0.01,-1,-1,-0.01,-1,-1,-0.01,-1,-1,-0.01,-1,-1,-0.01,-1,-1,-0.01,-1,-1
99926009,2026-05-18 12:47:24+05:30,53266.35,0,0.0,0,0.0,0.0,53282.15,53333.0,52783.45,53710.35,0,0.0,0.0,0.0,0.0,-0.01,-1,-1,-0.01,-1,-1,-0.01,-1,-1,-0.01,-1,-1,-0.01,-1,-1,-0.01,-1,-1,-0.01,-1,-1,-0.01,-1,-1,-0.01,-1,-1,-0.01,-1,-1
99926009,2026-05-18 12:47:24+05:30,53263.8,0,0.0,0,0.0,0.0,53282.15,53333.0,52783.45,53710.35,0,0.0,0.0,0.0,0.0,-0.01,-1,-1,-0.01,-1,-1,-0.01,-1,-1,-0.01,-1,-1,-0.01,-1,-1,-0.01,-1,-1,-0.01,-1,-1,-0.01,-1,-1,-0.01,-1,-1,-0.01,-1,-1
99926009,2026-05-18 12:47:25+05:30,53264.45,0,0.0,0,0.0,0.0,53282.15,53333.0,52783.45,53710.35,0,0.0,0.0,0.0,0.0,-0.01,-1,-1,-0.01,-1,-1,-0.01,-1,-1,-0.01,-1,-1,-0.01,-1,-1,-0.01,-1,-1,-0.01,-1,-1,-0.01,-1,-1,-0.01,-1,-1,-0.01,-1,-1
99926009,2026-05-18 12:47:25+05:30,53265.2,0,0.0,0,0.0,0.0,53282.15,53333.0,52783.45,53710.35,0,0.0,0.0,0.0,0.0,-0.01,-1,-1,-0.01,-1,-1,-0.01,-1,-1,-0.01,-1,-1,-0.01,-1,-1,-0.01,-1,-1,-0.01,-1,-1,-0.01,-1,-1,-0.01,-1,-1,-0.01,-1,-1
99926009,2026-05-18 12:47:26+05:30,53263.7,0,0.0,0,0.0,0.0,53282.15,53333.0,52783.45,53710.35,0,0.0,0.0,0.0,0.0,-0.01,-1,-1,-0.01,-1,-1,-0.01,-1,-1,-0.01,-1,-1,-0.01,-1,-1,-0.01,-1,-1,-0.01,-1,-1,-0.01,-1,-1,-0.01,-1,-1,-0.01,-1,-1
99926009,2026-05-18 12:47:26+05:30,53262.75,0,0.0,0,0.0,0.0,53282.15,53333.0,52783.45,53710.35,0,0.0,0.0,0.0,0.0,-0.01,-1,-1,-0.01,-1,-1,-0.01,-1,-1,-0.01,-1,-1,-0.01,-1,-1,-0.01,-1,-1,-0.01,-1,-1,-0.01,-1,-1,-0.01,-1,-1,-0.01,-1,-1
99926009,2026-05-18 12:47:27+05:30,53263.75,0,0.0,0,0.0,0.0,53282.15,53333.0,52783.45,53710.35,0,0.0,0.0,0.0,0.0,-0.01,-1,-1,-0.01,-1,-1,-0.01,-1,-1,-0.01,-1,-1,-0.01,-1,-1,-0.01,-1,-1,-0.01,-1,-1,-0.01,-1,-1,-0.01,-1,-1,-0.01,-1,-1
99926009,2026-05-18 12:47:27+05:30,53264.25,0,0.0,0,0.0,0.0,53282.15,53333.0,52783.45,53710.35,0,0.0,0.0,0.0,0.0,-0.01,-1,-1,-0.01,-1,-1,-0.01,-1,-1,-0.01,-1,-1,-0.01,-1,-1,-0.01,-1,-1,-0.01,-1,-1,-0.01,-1,-1,-0.01,-1,-1,-0.01,-1,-1
99926009,2026-05-18 12:47:28+05:30,53262.75,0,0.0,0,0.0,0.0,53282.15,53333.0,52783.45,53710.35,0,0.0,0.0,0.0,0.0,-0.01,-1,-1,-0.01,-1,-1,-0.01,-1,-1,-0.01,-1,-1,-0.01,-1,-1,-0.01,-1,-1,-0.01,-1,-1,-0.01,-1,-1,-0.01,-1,-1,-0.01,-1,-1
99926009,2026-05-18 12:47:28+05:30,53261.25,0,0.0,0,0.0,0.0,53282.15,53333.0,52783.45,53710.35,0,0.0,0.0,0.0,0.0,-0.01,-1,-1,-0.01,-1,-1,-0.01,-1,-1,-0.01,-1,-1,-0.01,-1,-1,-0.01,-1,-1,-0.01,-1,-1,-0.01,-1,-1,-0.01,-1,-1,-0.01,-1,-1
99926009,2026-05-18 12:47:29+05:30,53262.2,0,0.0,0,0.0,0.0,53282.15,53333.0,52783.45,53710.35,0,0.0,0.0,0.0,0.0,-0.01,-1,-1,-0.01,-1,-1,-0.01,-1,-1,-0.01,-1,-1,-0.01,-1,-1,-0.01,-1,-1,-0.01,-1,-1,-0.01,-1,-1,-0.01,-1,-1,-0.01,-1,-1
99926009,2026-05-18 12:47:29+05:30,53261.15,0,0.0,0,0.0,0.0,53282.15,53333.0,52783.45,53710.35,0,0.0,0.0,0.0,0.0,-0.01,-1,-1,-0.01,-1,-1,-0.01,-1,-1,-0.01,-1,-1,-0.01,-1,-1,-0.01,-1,-1,-0.01,-1,-1,-0.01,-1,-1,-0.01,-1,-1,-0.01,-1,-1
99926009,2026-05-18 12:47:30+05:30,53257.8,0,0.0,0,0.0,0.0,53282.15,53333.0,52783.45,53710.35,0,0.0,0.0,0.0,0.0,-0.01,-1,-1,-0.01,-1,-1,-0.01,-1,-1,-0.01,-1,-1,-0.01,-1,-1,-0.01,-1,-1,-0.01,-1,-1,-0.01,-1,-1,-0.01,-1,-1,-0.01,-1,-1
99926009,2026-05-18 12:47:30+05:30,53262.2,0,0.0,0,0.0,0.0,53282.15,53333.0,52783.45,53710.35,0,0.0,0.0,0.0,0.0,-0.01,-1,-1,-0.01,-1,-1,-0.01,-1,-1,-0.01,-1,-1,-0.01,-1,-1,-0.01,-1,-1,-0.01,-1,-1,-0.01,-1,-1,-0.01,-1,-1,-0.01,-1,-1
99926009,2026-05-18 12:47:31+05:30,53262.5,0,0.0,0,0.0,0.0,53282.15,53333.0,52783.45,53710.35,0,0.0,0.0,0.0,0.0,-0.01,-1,-1,-0.01,-1,-1,-0.01,-1,-1,-0.01,-1,-1,-0.01,-1,-1,-0.01,-1,-1,-0.01,-1,-1,-0.01,-1,-1,-0.01,-1,-1,-0.01,-1,-1
99926009,2026-05-18 12:47:31+05:30,53261.6,0,0.0,0,0.0,0.0,53282.15,53333.0,52783.45,53710.35,0,0.0,0.0,0.0,0.0,-0.01,-1,-1,-0.01,-1,-1,-0.01,-1,-1,-0.01,-1,-1,-0.01,-1,-1,-0.01,-1,-1,-0.01,-1,-1,-0.01,-1,-1,-0.01,-1,-1,-0.01,-1,-1
99926009,2026-05-18 12:47:32+05:30,53258.6,0,0.0,0,0.0,0.0,53282.15,53333.0,52783.45,53710.35,0,0.0,0.0,0.0,0.0,-0.01,-1,-1,-0.01,-1,-1,-0.01,-1,-1,-0.01,-1,-1,-0.01,-1,-1,-0.01,-1,-1,-0.01,-1,-1,-0.01,-1,-1,-0.01,-1,-1,-0.01,-1,-1
99926009,2026-05-18 12:47:32+05:30,53258.5,0,0.0,0,0.0,0.0,53282.15,53333.0,52783.45,53710.35,0,0.0,0.0,0.0,0.0,-0.01,-1,-1,-0.01,-1,-1,-0.01,-1,-1,-0.01,-1,-1,-0.01,-1,-1,-0.01,-1,-1,-0.01,-1,-1,-0.01,-1,-1,-0.01,-1,-1,-0.01,-1,-1
99926009,2026-05-18 12:47:33+05:30,53259.65,0,0.0,0,0.0,0.0,53282.15,53333.0,52783.45,53710.35,0,0.0,0.0,0.0,0.0,-0.01,-1,-1,-0.01,-1,-1,-0.01,-1,-1,-0.01,-1,-1,-0.01,-1,-1,-0.01,-1,-1,-0.01,-1,-1,-0.01,-1,-1,-0.01,-1,-1,-0.01,-1,-1
99926009,2026-05-18 12:47:33+05:30,53260.85,0,0.0,0,0.0,0.0,53282.15,53333.0,52783.45,53710.35,0,0.0,0.0,0.0,0.0,-0.01,-1,-1,-0.01,-1,-1,-0.01,-1,-1,-0.01,-1,-1,-0.01,-1,-1,-0.01,-1,-1,-0.01,-1,-1,-0.01,-1,-1,-0.01,-1,-1,-0.01,-1,-1
99926009,2026-05-18 12:47:34+05:30,53259.5,0,0.0,0,0.0,0.0,53282.15,53333.0,52783.45,53710.35,0,0.0,0.0,0.0,0.0,-0.01,-1,-1,-0.01,-1,-1,-0.01,-1,-1,-0.01,-1,-1,-0.01,-1,-1,-0.01,-1,-1,-0.01,-1,-1,-0.01,-1,-1,-0.01,-1,-1,-0.01,-1,-1
99926009,2026-05-18 12:47:34+05:30,53260.05,0,0.0,0,0.0,0.0,53282.15,53333.0,52783.45,53710.35,0,0.0,0.0,0.0,0.0,-0.01,-1,-1,-0.01,-1,-1,-0.01,-1,-1,-0.01,-1,-1,-0.01,-1,-1,-0.01,-1,-1,-0.01,-1,-1,-0.01,-1,-1,-0.01,-1,-1,-0.01,-1,-1
99926009,2026-05-18 12:47:35+05:30,53258.6,0,0.0,0,0.0,0.0,53282.15,53333.0,52783.45,53710.35,0,0.0,0.0,0.0,0.0,-0.01,-1,-1,-0.01,-1,-1,-0.01,-1,-1,-0.01,-1,-1,-0.01,-1,-1,-0.01,-1,-1,-0.01,-1,-1,-0.01,-1,-1,-0.01,-1,-1,-0.01,-1,-1
99926009,2026-05-18 12:47:35+05:30,53257.9,0,0.0,0,0.0,0.0,53282.15,53333.0,52783.45,53710.35,0,0.0,0.0,0.0,0.0,-0.01,-1,-1,-0.01,-1,-1,-0.01,-1,-1,-0.01,-1,-1,-0.01,-1,-1,-0.01,-1,-1,-0.01,-1,-1,-0.01,-1,-1,-0.01,-1,-1,-0.01,-1,-1
99926009,2026-05-18 12:47:36+05:30,53261.7,0,0.0,0,0.0,0.0,53282.15,53333.0,52783.45,53710.35,0,0.0,0.0,0.0,0.0,-0.01,-1,-1,-0.01,-1,-1,-0.01,-1,-1,-0.01,-1,-1,-0.01,-1,-1,-0.01,-1,-1,-0.01,-1,-1,-0.01,-1,-1,-0.01,-1,-1,-0.01,-1,-1
99926009,2026-05-18 12:47:36+05:30,53261.4,0,0.0,0,0.0,0.0,53282.15,53333.0,52783.45,53710.35,0,0.0,0.0,0.0,0.0,-0.01,-1,-1,-0.01,-1,-1,-0.01,-1,-1,-0.01,-1,-1,-0.01,-1,-1,-0.01,-1,-1,-0.01,-1,-1,-0.01,-1,-1,-0.01,-1,-1,-0.01,-1,-1
99926009,2026-05-18 12:47:37+05:30,53261.1,0,0.0,0,0.0,0.0,53282.15,53333.0,52783.45,53710.35,0,0.0,0.0,0.0,0.0,-0.01,-1,-1,-0.01,-1,-1,-0.01,-1,-1,-0.01,-1,-1,-0.01,-1,-1,-0.01,-1,-1,-0.01,-1,-1,-0.01,-1,-1,-0.01,-1,-1,-0.01,-1,-1
99926009,2026-05-18 12:47:37+05:30,53263.0,0,0.0,0,0.0,0.0,53282.15,53333.0,52783.45,53710.35,0,0.0,0.0,0.0,0.0,-0.01,-1,-1,-0.01,-1,-1,-0.01,-1,-1,-0.01,-1,-1,-0.01,-1,-1,-0.01,-1,-1,-0.01,-1,-1,-0.01,-1,-1,-0.01,-1,-1,-0.01,-1,-1
99926009,2026-05-18 12:47:38+05:30,53263.5,0,0.0,0,0.0,0.0,53282.15,53333.0,52783.45,53710.35,0,0.0,0.0,0.0,0.0,-0.01,-1,-1,-0.01,-1,-1,-0.01,-1,-1,-0.01,-1,-1,-0.01,-1,-1,-0.01,-1,-1,-0.01,-1,-1,-0.01,-1,-1,-0.01,-1,-1,-0.01,-1,-1
99926009,2026-05-18 12:47:38+05:30,53260.95,0,0.0,0,0.0,0.0,53282.15,53333.0,52783.45,53710.35,0,0.0,0.0,0.0,0.0,-0.01,-1,-1,-0.01,-1,-1,-0.01,-1,-1,-0.01,-1,-1,-0.01,-1,-1,-0.01,-1,-1,-0.01,-1,-1,-0.01,-1,-1,-0.01,-1,-1,-0.01,-1,-1
99926009,2026-05-18 12:47:39+05:30,53260.35,0,0.0,0,0.0,0.0,53282.15,53333.0,52783.45,53710.35,0,0.0,0.0,0.0,0.0,-0.01,-1,-1,-0.01,-1,-1,-0.01,-1,-1,-0.01,-1,-1,-0.01,-1,-1,-0.01,-1,-1,-0.01,-1,-1,-0.01,-1,-1,-0.01,-1,-1,-0.01,-1,-1
99926009,2026-05-18 12:47:39+05:30,53264.35,0,0.0,0,0.0,0.0,53282.15,53333.0,52783.45,53710.35,0,0.0,0.0,0.0,0.0,-0.01,-1,-1,-0.01,-1,-1,-0.01,-1,-1,-0.01,-1,-1,-0.01,-1,-1,-0.01,-1,-1,-0.01,-1,-1,-0.01,-1,-1,-0.01,-1,-1,-0.01,-1,-1
99926009,2026-05-18 12:47:40+05:30,53269.85,0,0.0,0,0.0,0.0,53282.15,53333.0,52783.45,53710.35,0,0.0,0.0,0.0,0.0,-0.01,-1,-1,-0.01,-1,-1,-0.01,-1,-1,-0.01,-1,-1,-0.01,-1,-1,-0.01,-1,-1,-0.01,-1,-1,-0.01,-1,-1,-0.01,-1,-1,-0.01,-1,-1
99926009,2026-05-18 12:47:40+05:30,53269.7,0,0.0,0,0.0,0.0,53282.15,53333.0,52783.45,53710.35,0,0.0,0.0,0.0,0.0,-0.01,-1,-1,-0.01,-1,-1,-0.01,-1,-1,-0.01,-1,-1,-0.01,-1,-1,-0.01,-1,-1,-0.01,-1,-1,-0.01,-1,-1,-0.01,-1,-1,-0.01,-1,-1
99926009,2026-05-18 12:47:41+05:30,53266.8,0,0.0,0,0.0,0.0,53282.15,53333.0,52783.45,53710.35,0,0.0,0.0,0.0,0.0,-0.01,-1,-1,-0.01,-1,-1,-0.01,-1,-1,-0.01,-1,-1,-0.01,-1,-1,-0.01,-1,-1,-0.01,-1,-1,-0.01,-1,-1,-0.01,-1,-1,-0.01,-1,-1
99926009,2026-05-18 12:47:41+05:30,53268.85,0,0.0,0,0.0,0.0,53282.15,53333.0,52783.45,53710.35,0,0.0,0.0,0.0,0.0,-0.01,-1,-1,-0.01,-1,-1,-0.01,-1,-1,-0.01,-1,-1,-0.01,-1,-1,-0.01,-1,-1,-0.01,-1,-1,-0.01,-1,-1,-0.01,-1,-1,-0.01,-1,-1
99926009,2026-05-18 12:47:42+05:30,53266.05,0,0.0,0,0.0,0.0,53282.15,53333.0,52783.45,53710.35,0,0.0,0.0,0.0,0.0,-0.01,-1,-1,-0.01,-1,-1,-0.01,-1,-1,-0.01,-1,-1,-0.01,-1,-1,-0.01,-1,-1,-0.01,-1,-1,-0.01,-1,-1,-0.01,-1,-1,-0.01,-1,-1
99926009,2026-05-18 12:47:42+05:30,53273.4,0,0.0,0,0.0,0.0,53282.15,53333.0,52783.45,53710.35,0,0.0,0.0,0.0,0.0,-0.01,-1,-1,-0.01,-1,-1,-0.01,-1,-1,-0.01,-1,-1,-0.01,-1,-1,-0.01,-1,-1,-0.01,-1,-1,-0.01,-1,-1,-0.01,-1,-1,-0.01,-1,-1
99926009,2026-05-18 12:47:43+05:30,53269.3,0,0.0,0,0.0,0.0,53282.15,53333.0,52783.45,53710.35,0,0.0,0.0,0.0,0.0,-0.01,-1,-1,-0.01,-1,-1,-0.01,-1,-1,-0.01,-1,-1,-0.01,-1,-1,-0.01,-1,-1,-0.01,-1,-1,-0.01,-1,-1,-0.01,-1,-1,-0.01,-1,-1
99926009,2026-05-18 12:47:43+05:30,53270.6,0,0.0,0,0.0,0.0,53282.15,53333.0,52783.45,53710.35,0,0.0,0.0,0.0,0.0,-0.01,-1,-1,-0.01,-1,-1,-0.01,-1,-1,-0.01,-1,-1,-0.01,-1,-1,-0.01,-1,-1,-0.01,-1,-1,-0.01,-1,-1,-0.01,-1,-1,-0.01,-1,-1
99926009,2026-05-18 12:47:44+05:30,53270.75,0,0.0,0,0.0,0.0,53282.15,53333.0,52783.45,53710.35,0,0.0,0.0,0.0,0.0,-0.01,-1,-1,-0.01,-1,-1,-0.01,-1,-1,-0.01,-1,-1,-0.01,-1,-1,-0.01,-1,-1,-0.01,-1,-1,-0.01,-1,-1,-0.01,-1,-1,-0.01,-1,-1
99926009,2026-05-18 12:47:44+05:30,53268.7,0,0.0,0,0.0,0.0,53282.15,53333.0,52783.45,53710.35,0,0.0,0.0,0.0,0.0,-0.01,-1,-1,-0.01,-1,-1,-0.01,-1,-1,-0.01,-1,-1,-0.01,-1,-1,-0.01,-1,-1,-0.01,-1,-1,-0.01,-1,-1,-0.01,-1,-1,-0.01,-1,-1
99926009,2026-05-18 12:47:45+05:30,53268.15,0,0.0,0,0.0,0.0,53282.15,53333.0,52783.45,53710.35,0,0.0,0.0,0.0,0.0,-0.01,-1,-1,-0.01,-1,-1,-0.01,-1,-1,-0.01,-1,-1,-0.01,-1,-1,-0.01,-1,-1,-0.01,-1,-1,-0.01,-1,-1,-0.01,-1,-1,-0.01,-1,-1
99926009,2026-05-18 12:47:45+05:30,53270.55,0,0.0,0,0.0,0.0,53282.15,53333.0,52783.45,53710.35,0,0.0,0.0,0.0,0.0,-0.01,-1,-1,-0.01,-1,-1,-0.01,-1,-1,-0.01,-1,-1,-0.01,-1,-1,-0.01,-1,-1,-0.01,-1,-1,-0.01,-1,-1,-0.01,-1,-1,-0.01,-1,-1
99926009,2026-05-18 12:47:46+05:30,53270.05,0,0.0,0,0.0,0.0,53282.15,53333.0,52783.45,53710.35,0,0.0,0.0,0.0,0.0,-0.01,-1,-1,-0.01,-1,-1,-0.01,-1,-1,-0.01,-1,-1,-0.01,-1,-1,-0.01,-1,-1,-0.01,-1,-1,-0.01,-1,-1,-0.01,-1,-1,-0.01,-1,-1
99926009,2026-05-18 12:47:46+05:30,53271.05,0,0.0,0,0.0,0.0,53282.15,53333.0,52783.45,53710.35,0,0.0,0.0,0.0,0.0,-0.01,-1,-1,-0.01,-1,-1,-0.01,-1,-1,-0.01,-1,-1,-0.01,-1,-1,-0.01,-1,-1,-0.01,-1,-1,-0.01,-1,-1,-0.01,-1,-1,-0.01,-1,-1
99926009,2026-05-18 12:47:47+05:30,53269.9,0,0.0,0,0.0,0.0,53282.15,53333.0,52783.45,53710.35,0,0.0,0.0,0.0,0.0,-0.01,-1,-1,-0.01,-1,-1,-0.01,-1,-1,-0.01,-1,-1,-0.01,-1,-1,-0.01,-1,-1,-0.01,-1,-1,-0.01,-1,-1,-0.01,-1,-1,-0.01,-1,-1
99926009,2026-05-18 12:47:47+05:30,53269.15,0,0.0,0,0.0,0.0,53282.15,53333.0,52783.45,53710.35,0,0.0,0.0,0.0,0.0,-0.01,-1,-1,-0.01,-1,-1,-0.01,-1,-1,-0.01,-1,-1,-0.01,-1,-1,-0.01,-1,-1,-0.01,-1,-1,-0.01,-1,-1,-0.01,-1,-1,-0.01,-1,-1
99926009,2026-05-18 12:47:48+05:30,53269.85,0,0.0,0,0.0,0.0,53282.15,53333.0,52783.45,53710.35,0,0.0,0.0,0.0,0.0,-0.01,-1,-1,-0.01,-1,-1,-0.01,-1,-1,-0.01,-1,-1,-0.01,-1,-1,-0.01,-1,-1,-0.01,-1,-1,-0.01,-1,-1,-0.01,-1,-1,-0.01,-1,-1
99926009,2026-05-18 12:47:48+05:30,53270.2,0,0.0,0,0.0,0.0,53282.15,53333.0,52783.45,53710.35,0,0.0,0.0,0.0,0.0,-0.01,-1,-1,-0.01,-1,-1,-0.01,-1,-1,-0.01,-1,-1,-0.01,-1,-1,-0.01,-1,-1,-0.01,-1,-1,-0.01,-1,-1,-0.01,-1,-1,-0.01,-1,-1
99926009,2026-05-18 12:47:49+05:30,53270.7,0,0.0,0,0.0,0.0,53282.15,53333.0,52783.45,53710.35,0,0.0,0.0,0.0,0.0,-0.01,-1,-1,-0.01,-1,-1,-0.01,-1,-1,-0.01,-1,-1,-0.01,-1,-1,-0.01,-1,-1,-0.01,-1,-1,-0.01,-1,-1,-0.01,-1,-1,-0.01,-1,-1
99926009,2026-05-18 12:47:49+05:30,53268.3,0,0.0,0,0.0,0.0,53282.15,53333.0,52783.45,53710.35,0,0.0,0.0,0.0,0.0,-0.01,-1,-1,-0.01,-1,-1,-0.01,-1,-1,-0.01,-1,-1,-0.01,-1,-1,-0.01,-1,-1,-0.01,-1,-1,-0.01,-1,-1,-0.01,-1,-1,-0.01,-1,-1
99926009,2026-05-18 12:47:50+05:30,53272.75,0,0.0,0,0.0,0.0,53282.15,53333.0,52783.45,53710.35,0,0.0,0.0,0.0,0.0,-0.01,-1,-1,-0.01,-1,-1,-0.01,-1,-1,-0.01,-1,-1,-0.01,-1,-1,-0.01,-1,-1,-0.01,-1,-1,-0.01,-1,-1,-0.01,-1,-1,-0.01,-1,-1
99926009,2026-05-18 12:47:50+05:30,53271.95,0,0.0,0,0.0,0.0,53282.15,53333.0,52783.45,53710.35,0,0.0,0.0,0.0,0.0,-0.01,-1,-1,-0.01,-1,-1,-0.01,-1,-1,-0.01,-1,-1,-0.01,-1,-1,-0.01,-1,-1,-0.01,-1,-1,-0.01,-1,-1,-0.01,-1,-1,-0.01,-1,-1
99926009,2026-05-18 12:47:51+05:30,53270.35,0,0.0,0,0.0,0.0,53282.15,53333.0,52783.45,53710.35,0,0.0,0.0,0.0,0.0,-0.01,-1,-1,-0.01,-1,-1,-0.01,-1,-1,-0.01,-1,-1,-0.01,-1,-1,-0.01,-1,-1,-0.01,-1,-1,-0.01,-1,-1,-0.01,-1,-1,-0.01,-1,-1
99926009,2026-05-18 12:47:51+05:30,53270.65,0,0.0,0,0.0,0.0,53282.15,53333.0,52783.45,53710.35,0,0.0,0.0,0.0,0.0,-0.01,-1,-1,-0.01,-1,-1,-0.01,-1,-1,-0.01,-1,-1,-0.01,-1,-1,-0.01,-1,-1,-0.01,-1,-1,-0.01,-1,-1,-0.01,-1,-1,-0.01,-1,-1
99926009,2026-05-18 12:47:52+05:30,53271.25,0,0.0,0,0.0,0.0,53282.15,53333.0,52783.45,53710.35,0,0.0,0.0,0.0,0.0,-0.01,-1,-1,-0.01,-1,-1,-0.01,-1,-1,-0.01,-1,-1,-0.01,-1,-1,-0.01,-1,-1,-0.01,-1,-1,-0.01,-1,-1,-0.01,-1,-1,-0.01,-1,-1
99926009,2026-05-18 12:47:52+05:30,53271.0,0,0.0,0,0.0,0.0,53282.15,53333.0,52783.45,53710.35,0,0.0,0.0,0.0,0.0,-0.01,-1,-1,-0.01,-1,-1,-0.01,-1,-1,-0.01,-1,-1,-0.01,-1,-1,-0.01,-1,-1,-0.01,-1,-1,-0.01,-1,-1,-0.01,-1,-1,-0.01,-1,-1
99926009,2026-05-18 12:47:53+05:30,53270.3,0,0.0,0,0.0,0.0,53282.15,53333.0,52783.45,53710.35,0,0.0,0.0,0.0,0.0,-0.01,-1,-1,-0.01,-1,-1,-0.01,-1,-1,-0.01,-1,-1,-0.01,-1,-1,-0.01,-1,-1,-0.01,-1,-1,-0.01,-1,-1,-0.01,-1,-1,-0.01,-1,-1
99926009,2026-05-18 12:47:53+05:30,53270.6,0,0.0,0,0.0,0.0,53282.15,53333.0,52783.45,53710.35,0,0.0,0.0,0.0,0.0,-0.01,-1,-1,-0.01,-1,-1,-0.01,-1,-1,-0.01,-1,-1,-0.01,-1,-1,-0.01,-1,-1,-0.01,-1,-1,-0.01,-1,-1,-0.01,-1,-1,-0.01,-1,-1
99926009,2026-05-18 12:47:54+05:30,53269.25,0,0.0,0,0.0,0.0,53282.15,53333.0,52783.45,53710.35,0,0.0,0.0,0.0,0.0,-0.01,-1,-1,-0.01,-1,-1,-0.01,-1,-1,-0.01,-1,-1,-0.01,-1,-1,-0.01,-1,-1,-0.01,-1,-1,-0.01,-1,-1,-0.01,-1,-1,-0.01,-1,-1
99926009,2026-05-18 12:47:54+05:30,53269.1,0,0.0,0,0.0,0.0,53282.15,53333.0,52783.45,53710.35,0,0.0,0.0,0.0,0.0,-0.01,-1,-1,-0.01,-1,-1,-0.01,-1,-1,-0.01,-1,-1,-0.01,-1,-1,-0.01,-1,-1,-0.01,-1,-1,-0.01,-1,-1,-0.01,-1,-1,-0.01,-1,-1
99926009,2026-05-18 12:47:55+05:30,53270.5,0,0.0,0,0.0,0.0,53282.15,53333.0,52783.45,53710.35,0,0.0,0.0,0.0,0.0,-0.01,-1,-1,-0.01,-1,-1,-0.01,-1,-1,-0.01,-1,-1,-0.01,-1,-1,-0.01,-1,-1,-0.01,-1,-1,-0.01,-1,-1,-0.01,-1,-1,-0.01,-1,-1
99926009,2026-05-18 12:47:55+05:30,53271.5,0,0.0,0,0.0,0.0,53282.15,53333.0,52783.45,53710.35,0,0.0,0.0,0.0,0.0,-0.01,-1,-1,-0.01,-1,-1,-0.01,-1,-1,-0.01,-1,-1,-0.01,-1,-1,-0.01,-1,-1,-0.01,-1,-1,-0.01,-1,-1,-0.01,-1,-1,-0.01,-1,-1
99926009,2026-05-18 12:47:56+05:30,53272.05,0,0.0,0,0.0,0.0,53282.15,53333.0,52783.45,53710.35,0,0.0,0.0,0.0,0.0,-0.01,-1,-1,-0.01,-1,-1,-0.01,-1,-1,-0.01,-1,-1,-0.01,-1,-1,-0.01,-1,-1,-0.01,-1,-1,-0.01,-1,-1,-0.01,-1,-1,-0.01,-1,-1
99926009,2026-05-18 12:47:56+05:30,53276.7,0,0.0,0,0.0,0.0,53282.15,53333.0,52783.45,53710.35,0,0.0,0.0,0.0,0.0,-0.01,-1,-1,-0.01,-1,-1,-0.01,-1,-1,-0.01,-1,-1,-0.01,-1,-1,-0.01,-1,-1,-0.01,-1,-1,-0.01,-1,-1,-0.01,-1,-1,-0.01,-1,-1
99926009,2026-05-18 12:47:57+05:30,53276.7,0,0.0,0,0.0,0.0,53282.15,53333.0,52783.45,53710.35,0,0.0,0.0,0.0,0.0,-0.01,-1,-1,-0.01,-1,-1,-0.01,-1,-1,-0.01,-1,-1,-0.01,-1,-1,-0.01,-1,-1,-0.01,-1,-1,-0.01,-1,-1,-0.01,-1,-1,-0.01,-1,-1
99926009,2026-05-18 12:47:57+05:30,53282.35,0,0.0,0,0.0,0.0,53282.15,53333.0,52783.45,53710.35,0,0.0,0.0,0.0,0.0,-0.01,-1,-1,-0.01,-1,-1,-0.01,-1,-1,-0.01,-1,-1,-0.01,-1,-1,-0.01,-1,-1,-0.01,-1,-1,-0.01,-1,-1,-0.01,-1,-1,-0.01,-1,-1
99926009,2026-05-18 12:47:58+05:30,53279.35,0,0.0,0,0.0,0.0,53282.15,53333.0,52783.45,53710.35,0,0.0,0.0,0.0,0.0,-0.01,-1,-1,-0.01,-1,-1,-0.01,-1,-1,-0.01,-1,-1,-0.01,-1,-1,-0.01,-1,-1,-0.01,-1,-1,-0.01,-1,-1,-0.01,-1,-1,-0.01,-1,-1
99926009,2026-05-18 12:47:58+05:30,53280.55,0,0.0,0,0.0,0.0,53282.15,53333.0,52783.45,53710.35,0,0.0,0.0,0.0,0.0,-0.01,-1,-1,-0.01,-1,-1,-0.01,-1,-1,-0.01,-1,-1,-0.01,-1,-1,-0.01,-1,-1,-0.01,-1,-1,-0.01,-1,-1,-0.01,-1,-1,-0.01,-1,-1
99926009,2026-05-18 12:47:59+05:30,53276.3,0,0.0,0,0.0,0.0,53282.15,53333.0,52783.45,53710.35,0,0.0,0.0,0.0,0.0,-0.01,-1,-1,-0.01,-1,-1,-0.01,-1,-1,-0.01,-1,-1,-0.01,-1,-1,-0.01,-1,-1,-0.01,-1,-1,-0.01,-1,-1,-0.01,-1,-1,-0.01,-1,-1
99926009,2026-05-18 12:47:59+05:30,53279.4,0,0.0,0,0.0,0.0,53282.15,53333.0,52783.45,53710.35,0,0.0,0.0,0.0,0.0,-0.01,-1,-1,-0.01,-1,-1,-0.01,-1,-1,-0.01,-1,-1,-0.01,-1,-1,-0.01,-1,-1,-0.01,-1,-1,-0.01,-1,-1,-0.01,-1,-1,-0.01,-1,-1
99926009,2026-05-18 12:48:00+05:30,53276.8,0,0.0,0,0.0,0.0,53282.15,53333.0,52783.45,53710.35,0,0.0,0.0,0.0,0.0,-0.01,-1,-1,-0.01,-1,-1,-0.01,-1,-1,-0.01,-1,-1,-0.01,-1,-1,-0.01,-1,-1,-0.01,-1,-1,-0.01,-1,-1,-0.01,-1,-1,-0.01,-1,-1
99926009,2026-05-18 12:48:00+05:30,53282.25,0,0.0,0,0.0,0.0,53282.15,53333.0,52783.45,53710.35,0,0.0,0.0,0.0,0.0,-0.01,-1,-1,-0.01,-1,-1,-0.01,-1,-1,-0.01,-1,-1,-0.01,-1,-1,-0.01,-1,-1,-0.01,-1,-1,-0.01,-1,-1,-0.01,-1,-1,-0.01,-1,-1
99926009,2026-05-18 12:48:01+05:30,53281.1,0,0.0,0,0.0,0.0,53282.15,53333.0,52783.45,53710.35,0,0.0,0.0,0.0,0.0,-0.01,-1,-1,-0.01,-1,-1,-0.01,-1,-1,-0.01,-1,-1,-0.01,-1,-1,-0.01,-1,-1,-0.01,-1,-1,-0.01,-1,-1,-0.01,-1,-1,-0.01,-1,-1
99926009,2026-05-18 12:48:01+05:30,53279.4,0,0.0,0,0.0,0.0,53282.15,53333.0,52783.45,53710.35,0,0.0,0.0,0.0,0.0,-0.01,-1,-1,-0.01,-1,-1,-0.01,-1,-1,-0.01,-1,-1,-0.01,-1,-1,-0.01,-1,-1,-0.01,-1,-1,-0.01,-1,-1,-0.01,-1,-1,-0.01,-1,-1
99926009,2026-05-18 12:48:02+05:30,53280.05,0,0.0,0,0.0,0.0,53282.15,53333.0,52783.45,53710.35,0,0.0,0.0,0.0,0.0,-0.01,-1,-1,-0.01,-1,-1,-0.01,-1,-1,-0.01,-1,-1,-0.01,-1,-1,-0.01,-1,-1,-0.01,-1,-1,-0.01,-1,-1,-0.01,-1,-1,-0.01,-1,-1
99926009,2026-05-18 12:48:02+05:30,53278.95,0,0.0,0,0.0,0.0,53282.15,53333.0,52783.45,53710.35,0,0.0,0.0,0.0,0.0,-0.01,-1,-1,-0.01,-1,-1,-0.01,-1,-1,-0.01,-1,-1,-0.01,-1,-1,-0.01,-1,-1,-0.01,-1,-1,-0.01,-1,-1,-0.01,-1,-1,-0.01,-1,-1
99926009,2026-05-18 12:48:03+05:30,53272.1,0,0.0,0,0.0,0.0,53282.15,53333.0,52783.45,53710.35,0,0.0,0.0,0.0,0.0,-0.01,-1,-1,-0.01,-1,-1,-0.01,-1,-1,-0.01,-1,-1,-0.01,-1,-1,-0.01,-1,-1,-0.01,-1,-1,-0.01,-1,-1,-0.01,-1,-1,-0.01,-1,-1
99926009,2026-05-18 12:48:03+05:30,53270.25,0,0.0,0,0.0,0.0,53282.15,53333.0,52783.45,53710.35,0,0.0,0.0,0.0,0.0,-0.01,-1,-1,-0.01,-1,-1,-0.01,-1,-1,-0.01,-1,-1,-0.01,-1,-1,-0.01,-1,-1,-0.01,-1,-1,-0.01,-1,-1,-0.01,-1,-1,-0.01,-1,-1
99926009,2026-05-18 12:48:04+05:30,53267.05,0,0.0,0,0.0,0.0,53282.15,53333.0,52783.45,53710.35,0,0.0,0.0,0.0,0.0,-0.01,-1,-1,-0.01,-1,-1,-0.01,-1,-1,-0.01,-1,-1,-0.01,-1,-1,-0.01,-1,-1,-0.01,-1,-1,-0.01,-1,-1,-0.01,-1,-1,-0.01,-1,-1
99926009,2026-05-18 12:48:04+05:30,53266.0,0,0.0,0,0.0,0.0,53282.15,53333.0,52783.45,53710.35,0,0.0,0.0,0.0,0.0,-0.01,-1,-1,-0.01,-1,-1,-0.01,-1,-1,-0.01,-1,-1,-0.01,-1,-1,-0.01,-1,-1,-0.01,-1,-1,-0.01,-1,-1,-0.01,-1,-1,-0.01,-1,-1
99926009,2026-05-18 12:48:05+05:30,53268.8,0,0.0,0,0.0,0.0,53282.15,53333.0,52783.45,53710.35,0,0.0,0.0,0.0,0.0,-0.01,-1,-1,-0.01,-1,-1,-0.01,-1,-1,-0.01,-1,-1,-0.01,-1,-1,-0.01,-1,-1,-0.01,-1,-1,-0.01,-1,-1,-0.01,-1,-1,-0.01,-1,-1
99926009,2026-05-18 12:48:05+05:30,53264.05,0,0.0,0,0.0,0.0,53282.15,53333.0,52783.45,53710.35,0,0.0,0.0,0.0,0.0,-0.01,-1,-1,-0.01,-1,-1,-0.01,-1,-1,-0.01,-1,-1,-0.01,-1,-1,-0.01,-1,-1,-0.01,-1,-1,-0.01,-1,-1,-0.01,-1,-1,-0.01,-1,-1
99926009,2026-05-18 12:48:06+05:30,53263.4,0,0.0,0,0.0,0.0,53282.15,53333.0,52783.45,53710.35,0,0.0,0.0,0.0,0.0,-0.01,-1,-1,-0.01,-1,-1,-0.01,-1,-1,-0.01,-1,-1,-0.01,-1,-1,-0.01,-1,-1,-0.01,-1,-1,-0.01,-1,-1,-0.01,-1,-1,-0.01,-1,-1
99926009,2026-05-18 12:48:06+05:30,53266.55,0,0.0,0,0.0,0.0,53282.15,53333.0,52783.45,53710.35,0,0.0,0.0,0.0,0.0,-0.01,-1,-1,-0.01,-1,-1,-0.01,-1,-1,-0.01,-1,-1,-0.01,-1,-1,-0.01,-1,-1,-0.01,-1,-1,-0.01,-1,-1,-0.01,-1,-1,-0.01,-1,-1
99926009,2026-05-18 12:48:07+05:30,53265.7,0,0.0,0,0.0,0.0,53282.15,53333.0,52783.45,53710.35,0,0.0,0.0,0.0,0.0,-0.01,-1,-1,-0.01,-1,-1,-0.01,-1,-1,-0.01,-1,-1,-0.01,-1,-1,-0.01,-1,-1,-0.01,-1,-1,-0.01,-1,-1,-0.01,-1,-1,-0.01,-1,-1
99926009,2026-05-18 12:48:07+05:30,53265.2,0,0.0,0,0.0,0.0,53282.15,53333.0,52783.45,53710.35,0,0.0,0.0,0.0,0.0,-0.01,-1,-1,-0.01,-1,-1,-0.01,-1,-1,-0.01,-1,-1,-0.01,-1,-1,-0.01,-1,-1,-0.01,-1,-1,-0.01,-1,-1,-0.01,-1,-1,-0.01,-1,-1
99926009,2026-05-18 12:48:08+05:30,53261.0,0,0.0,0,0.0,0.0,53282.15,53333.0,52783.45,53710.35,0,0.0,0.0,0.0,0.0,-0.01,-1,-1,-0.01,-1,-1,-0.01,-1,-1,-0.01,-1,-1,-0.01,-1,-1,-0.01,-1,-1,-0.01,-1,-1,-0.01,-1,-1,-0.01,-1,-1,-0.01,-1,-1
99926009,2026-05-18 12:48:08+05:30,53262.8,0,0.0,0,0.0,0.0,53282.15,53333.0,52783.45,53710.35,0,0.0,0.0,0.0,0.0,-0.01,-1,-1,-0.01,-1,-1,-0.01,-1,-1,-0.01,-1,-1,-0.01,-1,-1,-0.01,-1,-1,-0.01,-1,-1,-0.01,-1,-1,-0.01,-1,-1,-0.01,-1,-1
99926009,2026-05-18 12:48:09+05:30,53262.85,0,0.0,0,0.0,0.0,53282.15,53333.0,52783.45,53710.35,0,0.0,0.0,0.0,0.0,-0.01,-1,-1,-0.01,-1,-1,-0.01,-1,-1,-0.01,-1,-1,-0.01,-1,-1,-0.01,-1,-1,-0.01,-1,-1,-0.01,-1,-1,-0.01,-1,-1,-0.01,-1,-1
99926009,2026-05-18 12:48:09+05:30,53264.25,0,0.0,0,0.0,0.0,53282.15,53333.0,52783.45,53710.35,0,0.0,0.0,0.0,0.0,-0.01,-1,-1,-0.01,-1,-1,-0.01,-1,-1,-0.01,-1,-1,-0.01,-1,-1,-0.01,-1,-1,-0.01,-1,-1,-0.01,-1,-1,-0.01,-1,-1,-0.01,-1,-1
99926009,2026-05-18 12:48:10+05:30,53263.65,0,0.0,0,0.0,0.0,53282.15,53333.0,52783.45,53710.35,0,0.0,0.0,0.0,0.0,-0.01,-1,-1,-0.01,-1,-1,-0.01,-1,-1,-0.01,-1,-1,-0.01,-1,-1,-0.01,-1,-1,-0.01,-1,-1,-0.01,-1,-1,-0.01,-1,-1,-0.01,-1,-1
99926009,2026-05-18 12:48:10+05:30,53263.0,0,0.0,0,0.0,0.0,53282.15,53333.0,52783.45,53710.35,0,0.0,0.0,0.0,0.0,-0.01,-1,-1,-0.01,-1,-1,-0.01,-1,-1,-0.01,-1,-1,-0.01,-1,-1,-0.01,-1,-1,-0.01,-1,-1,-0.01,-1,-1,-0.01,-1,-1,-0.01,-1,-1
99926009,2026-05-18 12:48:11+05:30,53263.5,0,0.0,0,0.0,0.0,53282.15,53333.0,52783.45,53710.35,0,0.0,0.0,0.0,0.0,-0.01,-1,-1,-0.01,-1,-1,-0.01,-1,-1,-0.01,-1,-1,-0.01,-1,-1,-0.01,-1,-1,-0.01,-1,-1,-0.01,-1,-1,-0.01,-1,-1,-0.01,-1,-1
99926009,2026-05-18 12:48:11+05:30,53264.7,0,0.0,0,0.0,0.0,53282.15,53333.0,52783.45,53710.35,0,0.0,0.0,0.0,0.0,-0.01,-1,-1,-0.01,-1,-1,-0.01,-1,-1,-0.01,-1,-1,-0.01,-1,-1,-0.01,-1,-1,-0.01,-1,-1,-0.01,-1,-1,-0.01,-1,-1,-0.01,-1,-1
99926009,2026-05-18 12:48:12+05:30,53261.8,0,0.0,0,0.0,0.0,53282.15,53333.0,52783.45,53710.35,0,0.0,0.0,0.0,0.0,-0.01,-1,-1,-0.01,-1,-1,-0.01,-1,-1,-0.01,-1,-1,-0.01,-1,-1,-0.01,-1,-1,-0.01,-1,-1,-0.01,-1,-1,-0.01,-1,-1,-0.01,-1,-1
99926009,2026-05-18 12:48:12+05:30,53264.55,0,0.0,0,0.0,0.0,53282.15,53333.0,52783.45,53710.35,0,0.0,0.0,0.0,0.0,-0.01,-1,-1,-0.01,-1,-1,-0.01,-1,-1,-0.01,-1,-1,-0.01,-1,-1,-0.01,-1,-1,-0.01,-1,-1,-0.01,-1,-1,-0.01,-1,-1,-0.01,-1,-1
99926009,2026-05-18 12:48:13+05:30,53260.15,0,0.0,0,0.0,0.0,53282.15,53333.0,52783.45,53710.35,0,0.0,0.0,0.0,0.0,-0.01,-1,-1,-0.01,-1,-1,-0.01,-1,-1,-0.01,-1,-1,-0.01,-1,-1,-0.01,-1,-1,-0.01,-1,-1,-0.01,-1,-1,-0.01,-1,-1,-0.01,-1,-1
99926009,2026-05-18 12:48:13+05:30,53261.5,0,0.0,0,0.0,0.0,53282.15,53333.0,52783.45,53710.35,0,0.0,0.0,0.0,0.0,-0.01,-1,-1,-0.01,-1,-1,-0.01,-1,-1,-0.01,-1,-1,-0.01,-1,-1,-0.01,-1,-1,-0.01,-1,-1,-0.01,-1,-1,-0.01,-1,-1,-0.01,-1,-1
99926009,2026-05-18 12:48:14+05:30,53264.05,0,0.0,0,0.0,0.0,53282.15,53333.0,52783.45,53710.35,0,0.0,0.0,0.0,0.0,-0.01,-1,-1,-0.01,-1,-1,-0.01,-1,-1,-0.01,-1,-1,-0.01,-1,-1,-0.01,-1,-1,-0.01,-1,-1,-0.01,-1,-1,-0.01,-1,-1,-0.01,-1,-1
99926009,2026-05-18 12:48:14+05:30,53260.65,0,0.0,0,0.0,0.0,53282.15,53333.0,52783.45,53710.35,0,0.0,0.0,0.0,0.0,-0.01,-1,-1,-0.01,-1,-1,-0.01,-1,-1,-0.01,-1,-1,-0.01,-1,-1,-0.01,-1,-1,-0.01,-1,-1,-0.01,-1,-1,-0.01,-1,-1,-0.01,-1,-1
99926009,2026-05-18 12:48:15+05:30,53260.25,0,0.0,0,0.0,0.0,53282.15,53333.0,52783.45,53710.35,0,0.0,0.0,0.0,0.0,-0.01,-1,-1,-0.01,-1,-1,-0.01,-1,-1,-0.01,-1,-1,-0.01,-1,-1,-0.01,-1,-1,-0.01,-1,-1,-0.01,-1,-1,-0.01,-1,-1,-0.01,-1,-1
99926009,2026-05-18 12:48:15+05:30,53261.25,0,0.0,0,0.0,0.0,53282.15,53333.0,52783.45,53710.35,0,0.0,0.0,0.0,0.0,-0.01,-1,-1,-0.01,-1,-1,-0.01,-1,-1,-0.01,-1,-1,-0.01,-1,-1,-0.01,-1,-1,-0.01,-1,-1,-0.01,-1,-1,-0.01,-1,-1,-0.01,-1,-1
99926009,2026-05-18 12:48:16+05:30,53262.3,0,0.0,0,0.0,0.0,53282.15,53333.0,52783.45,53710.35,0,0.0,0.0,0.0,0.0,-0.01,-1,-1,-0.01,-1,-1,-0.01,-1,-1,-0.01,-1,-1,-0.01,-1,-1,-0.01,-1,-1,-0.01,-1,-1,-0.01,-1,-1,-0.01,-1,-1,-0.01,-1,-1
99926009,2026-05-18 12:48:16+05:30,53266.05,0,0.0,0,0.0,0.0,53282.15,53333.0,52783.45,53710.35,0,0.0,0.0,0.0,0.0,-0.01,-1,-1,-0.01,-1,-1,-0.01,-1,-1,-0.01,-1,-1,-0.01,-1,-1,-0.01,-1,-1,-0.01,-1,-1,-0.01,-1,-1,-0.01,-1,-1,-0.01,-1,-1
99926009,2026-05-18 12:48:17+05:30,53265.6,0,0.0,0,0.0,0.0,53282.15,53333.0,52783.45,53710.35,0,0.0,0.0,0.0,0.0,-0.01,-1,-1,-0.01,-1,-1,-0.01,-1,-1,-0.01,-1,-1,-0.01,-1,-1,-0.01,-1,-1,-0.01,-1,-1,-0.01,-1,-1,-0.01,-1,-1,-0.01,-1,-1
99926009,2026-05-18 12:48:17+05:30,53259.5,0,0.0,0,0.0,0.0,53282.15,53333.0,52783.45,53710.35,0,0.0,0.0,0.0,0.0,-0.01,-1,-1,-0.01,-1,-1,-0.01,-1,-1,-0.01,-1,-1,-0.01,-1,-1,-0.01,-1,-1,-0.01,-1,-1,-0.01,-1,-1,-0.01,-1,-1,-0.01,-1,-1
99926009,2026-05-18 12:48:18+05:30,53259.15,0,0.0,0,0.0,0.0,53282.15,53333.0,52783.45,53710.35,0,0.0,0.0,0.0,0.0,-0.01,-1,-1,-0.01,-1,-1,-0.01,-1,-1,-0.01,-1,-1,-0.01,-1,-1,-0.01,-1,-1,-0.01,-1,-1,-0.01,-1,-1,-0.01,-1,-1,-0.01,-1,-1
99926009,2026-05-18 12:48:18+05:30,53258.55,0,0.0,0,0.0,0.0,53282.15,53333.0,52783.45,53710.35,0,0.0,0.0,0.0,0.0,-0.01,-1,-1,-0.01,-1,-1,-0.01,-1,-1,-0.01,-1,-1,-0.01,-1,-1,-0.01,-1,-1,-0.01,-1,-1,-0.01,-1,-1,-0.01,-1,-1,-0.01,-1,-1
99926009,2026-05-18 12:48:19+05:30,53261.3,0,0.0,0,0.0,0.0,53282.15,53333.0,52783.45,53710.35,0,0.0,0.0,0.0,0.0,-0.01,-1,-1,-0.01,-1,-1,-0.01,-1,-1,-0.01,-1,-1,-0.01,-1,-1,-0.01,-1,-1,-0.01,-1,-1,-0.01,-1,-1,-0.01,-1,-1,-0.01,-1,-1
99926009,2026-05-18 12:48:19+05:30,53264.5,0,0.0,0,0.0,0.0,53282.15,53333.0,52783.45,53710.35,0,0.0,0.0,0.0,0.0,-0.01,-1,-1,-0.01,-1,-1,-0.01,-1,-1,-0.01,-1,-1,-0.01,-1,-1,-0.01,-1,-1,-0.01,-1,-1,-0.01,-1,-1,-0.01,-1,-1,-0.01,-1,-1
99926009,2026-05-18 12:48:20+05:30,53264.5,0,0.0,0,0.0,0.0,53282.15,53333.0,52783.45,53710.35,0,0.0,0.0,0.0,0.0,-0.01,-1,-1,-0.01,-1,-1,-0.01,-1,-1,-0.01,-1,-1,-0.01,-1,-1,-0.01,-1,-1,-0.01,-1,-1,-0.01,-1,-1,-0.01,-1,-1,-0.01,-1,-1
99926009,2026-05-18 12:48:20+05:30,53266.8,0,0.0,0,0.0,0.0,53282.15,53333.0,52783.45,53710.35,0,0.0,0.0,0.0,0.0,-0.01,-1,-1,-0.01,-1,-1,-0.01,-1,-1,-0.01,-1,-1,-0.01,-1,-1,-0.01,-1,-1,-0.01,-1,-1,-0.01,-1,-1,-0.01,-1,-1,-0.01,-1,-1
99926009,2026-05-18 12:48:21+05:30,53264.75,0,0.0,0,0.0,0.0,53282.15,53333.0,52783.45,53710.35,0,0.0,0.0,0.0,0.0,-0.01,-1,-1,-0.01,-1,-1,-0.01,-1,-1,-0.01,-1,-1,-0.01,-1,-1,-0.01,-1,-1,-0.01,-1,-1,-0.01,-1,-1,-0.01,-1,-1,-0.01,-1,-1
99926009,2026-05-18 12:48:21+05:30,53266.3,0,0.0,0,0.0,0.0,53282.15,53333.0,52783.45,53710.35,0,0.0,0.0,0.0,0.0,-0.01,-1,-1,-0.01,-1,-1,-0.01,-1,-1,-0.01,-1,-1,-0.01,-1,-1,-0.01,-1,-1,-0.01,-1,-1,-0.01,-1,-1,-0.01,-1,-1,-0.01,-1,-1
99926009,2026-05-18 12:48:22+05:30,53265.8,0,0.0,0,0.0,0.0,53282.15,53333.0,52783.45,53710.35,0,0.0,0.0,0.0,0.0,-0.01,-1,-1,-0.01,-1,-1,-0.01,-1,-1,-0.01,-1,-1,-0.01,-1,-1,-0.01,-1,-1,-0.01,-1,-1,-0.01,-1,-1,-0.01,-1,-1,-0.01,-1,-1
99926009,2026-05-18 12:48:22+05:30,53267.4,0,0.0,0,0.0,0.0,53282.15,53333.0,52783.45,53710.35,0,0.0,0.0,0.0,0.0,-0.01,-1,-1,-0.01,-1,-1,-0.01,-1,-1,-0.01,-1,-1,-0.01,-1,-1,-0.01,-1,-1,-0.01,-1,-1,-0.01,-1,-1,-0.01,-1,-1,-0.01,-1,-1
99926009,2026-05-18 12:48:23+05:30,53267.25,0,0.0,0,0.0,0.0,53282.15,53333.0,52783.45,53710.35,0,0.0,0.0,0.0,0.0,-0.01,-1,-1,-0.01,-1,-1,-0.01,-1,-1,-0.01,-1,-1,-0.01,-1,-1,-0.01,-1,-1,-0.01,-1,-1,-0.01,-1,-1,-0.01,-1,-1,-0.01,-1,-1
99926009,2026-05-18 12:48:23+05:30,53266.2,0,0.0,0,0.0,0.0,53282.15,53333.0,52783.45,53710.35,0,0.0,0.0,0.0,0.0,-0.01,-1,-1,-0.01,-1,-1,-0.01,-1,-1,-0.01,-1,-1,-0.01,-1,-1,-0.01,-1,-1,-0.01,-1,-1,-0.01,-1,-1,-0.01,-1,-1,-0.01,-1,-1
99926009,2026-05-18 12:48:24+05:30,53266.2,0,0.0,0,0.0,0.0,53282.15,53333.0,52783.45,53710.35,0,0.0,0.0,0.0,0.0,-0.01,-1,-1,-0.01,-1,-1,-0.01,-1,-1,-0.01,-1,-1,-0.01,-1,-1,-0.01,-1,-1,-0.01,-1,-1,-0.01,-1,-1,-0.01,-1,-1,-0.01,-1,-1
99926009,2026-05-18 12:48:24+05:30,53269.7,0,0.0,0,0.0,0.0,53282.15,53333.0,52783.45,53710.35,0,0.0,0.0,0.0,0.0,-0.01,-1,-1,-0.01,-1,-1,-0.01,-1,-1,-0.01,-1,-1,-0.01,-1,-1,-0.01,-1,-1,-0.01,-1,-1,-0.01,-1,-1,-0.01,-1,-1,-0.01,-1,-1
99926009,2026-05-18 12:48:25+05:30,53266.5,0,0.0,0,0.0,0.0,53282.15,53333.0,52783.45,53710.35,0,0.0,0.0,0.0,0.0,-0.01,-1,-1,-0.01,-1,-1,-0.01,-1,-1,-0.01,-1,-1,-0.01,-1,-1,-0.01,-1,-1,-0.01,-1,-1,-0.01,-1,-1,-0.01,-1,-1,-0.01,-1,-1
99926009,2026-05-18 12:48:25+05:30,53269.65,0,0.0,0,0.0,0.0,53282.15,53333.0,52783.45,53710.35,0,0.0,0.0,0.0,0.0,-0.01,-1,-1,-0.01,-1,-1,-0.01,-1,-1,-0.01,-1,-1,-0.01,-1,-1,-0.01,-1,-1,-0.01,-1,-1,-0.01,-1,-1,-0.01,-1,-1,-0.01,-1,-1
99926009,2026-05-18 12:48:26+05:30,53266.3,0,0.0,0,0.0,0.0,53282.15,53333.0,52783.45,53710.35,0,0.0,0.0,0.0,0.0,-0.01,-1,-1,-0.01,-1,-1,-0.01,-1,-1,-0.01,-1,-1,-0.01,-1,-1,-0.01,-1,-1,-0.01,-1,-1,-0.01,-1,-1,-0.01,-1,-1,-0.01,-1,-1
99926009,2026-05-18 12:48:26+05:30,53270.75,0,0.0,0,0.0,0.0,53282.15,53333.0,52783.45,53710.35,0,0.0,0.0,0.0,0.0,-0.01,-1,-1,-0.01,-1,-1,-0.01,-1,-1,-0.01,-1,-1,-0.01,-1,-1,-0.01,-1,-1,-0.01,-1,-1,-0.01,-1,-1,-0.01,-1,-1,-0.01,-1,-1
99926009,2026-05-18 12:48:27+05:30,53269.55,0,0.0,0,0.0,0.0,53282.15,53333.0,52783.45,53710.35,0,0.0,0.0,0.0,0.0,-0.01,-1,-1,-0.01,-1,-1,-0.01,-1,-1,-0.01,-1,-1,-0.01,-1,-1,-0.01,-1,-1,-0.01,-1,-1,-0.01,-1,-1,-0.01,-1,-1,-0.01,-1,-1
99926009,2026-05-18 12:48:27+05:30,53268.0,0,0.0,0,0.0,0.0,53282.15,53333.0,52783.45,53710.35,0,0.0,0.0,0.0,0.0,-0.01,-1,-1,-0.01,-1,-1,-0.01,-1,-1,-0.01,-1,-1,-0.01,-1,-1,-0.01,-1,-1,-0.01,-1,-1,-0.01,-1,-1,-0.01,-1,-1,-0.01,-1,-1
99926009,2026-05-18 12:48:28+05:30,53267.5,0,0.0,0,0.0,0.0,53282.15,53333.0,52783.45,53710.35,0,0.0,0.0,0.0,0.0,-0.01,-1,-1,-0.01,-1,-1,-0.01,-1,-1,-0.01,-1,-1,-0.01,-1,-1,-0.01,-1,-1,-0.01,-1,-1,-0.01,-1,-1,-0.01,-1,-1,-0.01,-1,-1
99926009,2026-05-18 12:48:28+05:30,53265.55,0,0.0,0,0.0,0.0,53282.15,53333.0,52783.45,53710.35,0,0.0,0.0,0.0,0.0,-0.01,-1,-1,-0.01,-1,-1,-0.01,-1,-1,-0.01,-1,-1,-0.01,-1,-1,-0.01,-1,-1,-0.01,-1,-1,-0.01,-1,-1,-0.01,-1,-1,-0.01,-1,-1
99926009,2026-05-18 12:48:29+05:30,53265.55,0,0.0,0,0.0,0.0,53282.15,53333.0,52783.45,53710.35,0,0.0,0.0,0.0,0.0,-0.01,-1,-1,-0.01,-1,-1,-0.01,-1,-1,-0.01,-1,-1,-0.01,-1,-1,-0.01,-1,-1,-0.01,-1,-1,-0.01,-1,-1,-0.01,-1,-1,-0.01,-1,-1
99926009,2026-05-18 12:48:29+05:30,53266.2,0,0.0,0,0.0,0.0,53282.15,53333.0,52783.45,53710.35,0,0.0,0.0,0.0,0.0,-0.01,-1,-1,-0.01,-1,-1,-0.01,-1,-1,-0.01,-1,-1,-0.01,-1,-1,-0.01,-1,-1,-0.01,-1,-1,-0.01,-1,-1,-0.01,-1,-1,-0.01,-1,-1
99926009,2026-05-18 12:48:30+05:30,53265.35,0,0.0,0,0.0,0.0,53282.15,53333.0,52783.45,53710.35,0,0.0,0.0,0.0,0.0,-0.01,-1,-1,-0.01,-1,-1,-0.01,-1,-1,-0.01,-1,-1,-0.01,-1,-1,-0.01,-1,-1,-0.01,-1,-1,-0.01,-1,-1,-0.01,-1,-1,-0.01,-1,-1
99926009,2026-05-18 12:48:30+05:30,53269.25,0,0.0,0,0.0,0.0,53282.15,53333.0,52783.45,53710.35,0,0.0,0.0,0.0,0.0,-0.01,-1,-1,-0.01,-1,-1,-0.01,-1,-1,-0.01,-1,-1,-0.01,-1,-1,-0.01,-1,-1,-0.01,-1,-1,-0.01,-1,-1,-0.01,-1,-1,-0.01,-1,-1
99926009,2026-05-18 12:48:31+05:30,53268.8,0,0.0,0,0.0,0.0,53282.15,53333.0,52783.45,53710.35,0,0.0,0.0,0.0,0.0,-0.01,-1,-1,-0.01,-1,-1,-0.01,-1,-1,-0.01,-1,-1,-0.01,-1,-1,-0.01,-1,-1,-0.01,-1,-1,-0.01,-1,-1,-0.01,-1,-1,-0.01,-1,-1
99926009,2026-05-18 12:48:31+05:30,53265.95,0,0.0,0,0.0,0.0,53282.15,53333.0,52783.45,53710.35,0,0.0,0.0,0.0,0.0,-0.01,-1,-1,-0.01,-1,-1,-0.01,-1,-1,-0.01,-1,-1,-0.01,-1,-1,-0.01,-1,-1,-0.01,-1,-1,-0.01,-1,-1,-0.01,-1,-1,-0.01,-1,-1
99926009,2026-05-18 12:48:32+05:30,53266.45,0,0.0,0,0.0,0.0,53282.15,53333.0,52783.45,53710.35,0,0.0,0.0,0.0,0.0,-0.01,-1,-1,-0.01,-1,-1,-0.01,-1,-1,-0.01,-1,-1,-0.01,-1,-1,-0.01,-1,-1,-0.01,-1,-1,-0.01,-1,-1,-0.01,-1,-1,-0.01,-1,-1
99926009,2026-05-18 12:48:32+05:30,53264.5,0,0.0,0,0.0,0.0,53282.15,53333.0,52783.45,53710.35,0,0.0,0.0,0.0,0.0,-0.01,-1,-1,-0.01,-1,-1,-0.01,-1,-1,-0.01,-1,-1,-0.01,-1,-1,-0.01,-1,-1,-0.01,-1,-1,-0.01,-1,-1,-0.01,-1,-1,-0.01,-1,-1
99926009,2026-05-18 12:48:33+05:30,53263.85,0,0.0,0,0.0,0.0,53282.15,53333.0,52783.45,53710.35,0,0.0,0.0,0.0,0.0,-0.01,-1,-1,-0.01,-1,-1,-0.01,-1,-1,-0.01,-1,-1,-0.01,-1,-1,-0.01,-1,-1,-0.01,-1,-1,-0.01,-1,-1,-0.01,-1,-1,-0.01,-1,-1
99926009,2026-05-18 12:48:33+05:30,53263.9,0,0.0,0,0.0,0.0,53282.15,53333.0,52783.45,53710.35,0,0.0,0.0,0.0,0.0,-0.01,-1,-1,-0.01,-1,-1,-0.01,-1,-1,-0.01,-1,-1,-0.01,-1,-1,-0.01,-1,-1,-0.01,-1,-1,-0.01,-1,-1,-0.01,-1,-1,-0.01,-1,-1
99926009,2026-05-18 12:48:34+05:30,53262.0,0,0.0,0,0.0,0.0,53282.15,53333.0,52783.45,53710.35,0,0.0,0.0,0.0,0.0,-0.01,-1,-1,-0.01,-1,-1,-0.01,-1,-1,-0.01,-1,-1,-0.01,-1,-1,-0.01,-1,-1,-0.01,-1,-1,-0.01,-1,-1,-0.01,-1,-1,-0.01,-1,-1
99926009,2026-05-18 12:48:34+05:30,53264.35,0,0.0,0,0.0,0.0,53282.15,53333.0,52783.45,53710.35,0,0.0,0.0,0.0,0.0,-0.01,-1,-1,-0.01,-1,-1,-0.01,-1,-1,-0.01,-1,-1,-0.01,-1,-1,-0.01,-1,-1,-0.01,-1,-1,-0.01,-1,-1,-0.01,-1,-1,-0.01,-1,-1
99926009,2026-05-18 12:48:35+05:30,53262.2,0,0.0,0,0.0,0.0,53282.15,53333.0,52783.45,53710.35,0,0.0,0.0,0.0,0.0,-0.01,-1,-1,-0.01,-1,-1,-0.01,-1,-1,-0.01,-1,-1,-0.01,-1,-1,-0.01,-1,-1,-0.01,-1,-1,-0.01,-1,-1,-0.01,-1,-1,-0.01,-1,-1
99926009,2026-05-18 12:48:35+05:30,53265.65,0,0.0,0,0.0,0.0,53282.15,53333.0,52783.45,53710.35,0,0.0,0.0,0.0,0.0,-0.01,-1,-1,-0.01,-1,-1,-0.01,-1,-1,-0.01,-1,-1,-0.01,-1,-1,-0.01,-1,-1,-0.01,-1,-1,-0.01,-1,-1,-0.01,-1,-1,-0.01,-1,-1
99926009,2026-05-18 12:48:36+05:30,53265.4,0,0.0,0,0.0,0.0,53282.15,53333.0,52783.45,53710.35,0,0.0,0.0,0.0,0.0,-0.01,-1,-1,-0.01,-1,-1,-0.01,-1,-1,-0.01,-1,-1,-0.01,-1,-1,-0.01,-1,-1,-0.01,-1,-1,-0.01,-1,-1,-0.01,-1,-1,-0.01,-1,-1
99926009,2026-05-18 12:48:36+05:30,53265.25,0,0.0,0,0.0,0.0,53282.15,53333.0,52783.45,53710.35,0,0.0,0.0,0.0,0.0,-0.01,-1,-1,-0.01,-1,-1,-0.01,-1,-1,-0.01,-1,-1,-0.01,-1,-1,-0.01,-1,-1,-0.01,-1,-1,-0.01,-1,-1,-0.01,-1,-1,-0.01,-1,-1
99926009,2026-05-18 12:48:37+05:30,53262.95,0,0.0,0,0.0,0.0,53282.15,53333.0,52783.45,53710.35,0,0.0,0.0,0.0,0.0,-0.01,-1,-1,-0.01,-1,-1,-0.01,-1,-1,-0.01,-1,-1,-0.01,-1,-1,-0.01,-1,-1,-0.01,-1,-1,-0.01,-1,-1,-0.01,-1,-1,-0.01,-1,-1
99926009,2026-05-18 12:48:37+05:30,53262.15,0,0.0,0,0.0,0.0,53282.15,53333.0,52783.45,53710.35,0,0.0,0.0,0.0,0.0,-0.01,-1,-1,-0.01,-1,-1,-0.01,-1,-1,-0.01,-1,-1,-0.01,-1,-1,-0.01,-1,-1,-0.01,-1,-1,-0.01,-1,-1,-0.01,-1,-1,-0.01,-1,-1
99926009,2026-05-18 12:48:38+05:30,53263.0,0,0.0,0,0.0,0.0,53282.15,53333.0,52783.45,53710.35,0,0.0,0.0,0.0,0.0,-0.01,-1,-1,-0.01,-1,-1,-0.01,-1,-1,-0.01,-1,-1,-0.01,-1,-1,-0.01,-1,-1,-0.01,-1,-1,-0.01,-1,-1,-0.01,-1,-1,-0.01,-1,-1
99926009,2026-05-18 12:48:38+05:30,53263.0,0,0.0,0,0.0,0.0,53282.15,53333.0,52783.45,53710.35,0,0.0,0.0,0.0,0.0,-0.01,-1,-1,-0.01,-1,-1,-0.01,-1,-1,-0.01,-1,-1,-0.01,-1,-1,-0.01,-1,-1,-0.01,-1,-1,-0.01,-1,-1,-0.01,-1,-1,-0.01,-1,-1
99926009,2026-05-18 12:48:39+05:30,53261.55,0,0.0,0,0.0,0.0,53282.15,53333.0,52783.45,53710.35,0,0.0,0.0,0.0,0.0,-0.01,-1,-1,-0.01,-1,-1,-0.01,-1,-1,-0.01,-1,-1,-0.01,-1,-1,-0.01,-1,-1,-0.01,-1,-1,-0.01,-1,-1,-0.01,-1,-1,-0.01,-1,-1
99926009,2026-05-18 12:48:39+05:30,53265.1,0,0.0,0,0.0,0.0,53282.15,53333.0,52783.45,53710.35,0,0.0,0.0,0.0,0.0,-0.01,-1,-1,-0.01,-1,-1,-0.01,-1,-1,-0.01,-1,-1,-0.01,-1,-1,-0.01,-1,-1,-0.01,-1,-1,-0.01,-1,-1,-0.01,-1,-1,-0.01,-1,-1
99926009,2026-05-18 12:48:40+05:30,53265.25,0,0.0,0,0.0,0.0,53282.15,53333.0,52783.45,53710.35,0,0.0,0.0,0.0,0.0,-0.01,-1,-1,-0.01,-1,-1,-0.01,-1,-1,-0.01,-1,-1,-0.01,-1,-1,-0.01,-1,-1,-0.01,-1,-1,-0.01,-1,-1,-0.01,-1,-1,-0.01,-1,-1
99926009,2026-05-18 12:48:40+05:30,53262.2,0,0.0,0,0.0,0.0,53282.15,53333.0,52783.45,53710.35,0,0.0,0.0,0.0,0.0,-0.01,-1,-1,-0.01,-1,-1,-0.01,-1,-1,-0.01,-1,-1,-0.01,-1,-1,-0.01,-1,-1,-0.01,-1,-1,-0.01,-1,-1,-0.01,-1,-1,-0.01,-1,-1
99926009,2026-05-18 12:48:41+05:30,53262.9,0,0.0,0,0.0,0.0,53282.15,53333.0,52783.45,53710.35,0,0.0,0.0,0.0,0.0,-0.01,-1,-1,-0.01,-1,-1,-0.01,-1,-1,-0.01,-1,-1,-0.01,-1,-1,-0.01,-1,-1,-0.01,-1,-1,-0.01,-1,-1,-0.01,-1,-1,-0.01,-1,-1
99926009,2026-05-18 12:48:41+05:30,53260.6,0,0.0,0,0.0,0.0,53282.15,53333.0,52783.45,53710.35,0,0.0,0.0,0.0,0.0,-0.01,-1,-1,-0.01,-1,-1,-0.01,-1,-1,-0.01,-1,-1,-0.01,-1,-1,-0.01,-1,-1,-0.01,-1,-1,-0.01,-1,-1,-0.01,-1,-1,-0.01,-1,-1
99926009,2026-05-18 12:48:42+05:30,53261.65,0,0.0,0,0.0,0.0,53282.15,53333.0,52783.45,53710.35,0,0.0,0.0,0.0,0.0,-0.01,-1,-1,-0.01,-1,-1,-0.01,-1,-1,-0.01,-1,-1,-0.01,-1,-1,-0.01,-1,-1,-0.01,-1,-1,-0.01,-1,-1,-0.01,-1,-1,-0.01,-1,-1
99926009,2026-05-18 12:48:42+05:30,53263.2,0,0.0,0,0.0,0.0,53282.15,53333.0,52783.45,53710.35,0,0.0,0.0,0.0,0.0,-0.01,-1,-1,-0.01,-1,-1,-0.01,-1,-1,-0.01,-1,-1,-0.01,-1,-1,-0.01,-1,-1,-0.01,-1,-1,-0.01,-1,-1,-0.01,-1,-1,-0.01,-1,-1
99926009,2026-05-18 12:48:43+05:30,53262.15,0,0.0,0,0.0,0.0,53282.15,53333.0,52783.45,53710.35,0,0.0,0.0,0.0,0.0,-0.01,-1,-1,-0.01,-1,-1,-0.01,-1,-1,-0.01,-1,-1,-0.01,-1,-1,-0.01,-1,-1,-0.01,-1,-1,-0.01,-1,-1,-0.01,-1,-1,-0.01,-1,-1
99926009,2026-05-18 12:48:43+05:30,53265.45,0,0.0,0,0.0,0.0,53282.15,53333.0,52783.45,53710.35,0,0.0,0.0,0.0,0.0,-0.01,-1,-1,-0.01,-1,-1,-0.01,-1,-1,-0.01,-1,-1,-0.01,-1,-1,-0.01,-1,-1,-0.01,-1,-1,-0.01,-1,-1,-0.01,-1,-1,-0.01,-1,-1
99926009,2026-05-18 12:48:44+05:30,53265.75,0,0.0,0,0.0,0.0,53282.15,53333.0,52783.45,53710.35,0,0.0,0.0,0.0,0.0,-0.01,-1,-1,-0.01,-1,-1,-0.01,-1,-1,-0.01,-1,-1,-0.01,-1,-1,-0.01,-1,-1,-0.01,-1,-1,-0.01,-1,-1,-0.01,-1,-1,-0.01,-1,-1
99926009,2026-05-18 12:48:44+05:30,53265.95,0,0.0,0,0.0,0.0,53282.15,53333.0,52783.45,53710.35,0,0.0,0.0,0.0,0.0,-0.01,-1,-1,-0.01,-1,-1,-0.01,-1,-1,-0.01,-1,-1,-0.01,-1,-1,-0.01,-1,-1,-0.01,-1,-1,-0.01,-1,-1,-0.01,-1,-1,-0.01,-1,-1
99926009,2026-05-18 12:48:45+05:30,53266.5,0,0.0,0,0.0,0.0,53282.15,53333.0,52783.45,53710.35,0,0.0,0.0,0.0,0.0,-0.01,-1,-1,-0.01,-1,-1,-0.01,-1,-1,-0.01,-1,-1,-0.01,-1,-1,-0.01,-1,-1,-0.01,-1,-1,-0.01,-1,-1,-0.01,-1,-1,-0.01,-1,-1
99926009,2026-05-18 12:48:45+05:30,53264.15,0,0.0,0,0.0,0.0,53282.15,53333.0,52783.45,53710.35,0,0.0,0.0,0.0,0.0,-0.01,-1,-1,-0.01,-1,-1,-0.01,-1,-1,-0.01,-1,-1,-0.01,-1,-1,-0.01,-1,-1,-0.01,-1,-1,-0.01,-1,-1,-0.01,-1,-1,-0.01,-1,-1
99926009,2026-05-18 12:48:46+05:30,53264.5,0,0.0,0,0.0,0.0,53282.15,53333.0,52783.45,53710.35,0,0.0,0.0,0.0,0.0,-0.01,-1,-1,-0.01,-1,-1,-0.01,-1,-1,-0.01,-1,-1,-0.01,-1,-1,-0.01,-1,-1,-0.01,-1,-1,-0.01,-1,-1,-0.01,-1,-1,-0.01,-1,-1
99926009,2026-05-18 12:48:46+05:30,53267.1,0,0.0,0,0.0,0.0,53282.15,53333.0,52783.45,53710.35,0,0.0,0.0,0.0,0.0,-0.01,-1,-1,-0.01,-1,-1,-0.01,-1,-1,-0.01,-1,-1,-0.01,-1,-1,-0.01,-1,-1,-0.01,-1,-1,-0.01,-1,-1,-0.01,-1,-1,-0.01,-1,-1
99926009,2026-05-18 12:48:47+05:30,53267.75,0,0.0,0,0.0,0.0,53282.15,53333.0,52783.45,53710.35,0,0.0,0.0,0.0,0.0,-0.01,-1,-1,-0.01,-1,-1,-0.01,-1,-1,-0.01,-1,-1,-0.01,-1,-1,-0.01,-1,-1,-0.01,-1,-1,-0.01,-1,-1,-0.01,-1,-1,-0.01,-1,-1
99926009,2026-05-18 12:48:47+05:30,53267.75,0,0.0,0,0.0,0.0,53282.15,53333.0,52783.45,53710.35,0,0.0,0.0,0.0,0.0,-0.01,-1,-1,-0.01,-1,-1,-0.01,-1,-1,-0.01,-1,-1,-0.01,-1,-1,-0.01,-1,-1,-0.01,-1,-1,-0.01,-1,-1,-0.01,-1,-1,-0.01,-1,-1
99926009,2026-05-18 12:48:48+05:30,53265.7,0,0.0,0,0.0,0.0,53282.15,53333.0,52783.45,53710.35,0,0.0,0.0,0.0,0.0,-0.01,-1,-1,-0.01,-1,-1,-0.01,-1,-1,-0.01,-1,-1,-0.01,-1,-1,-0.01,-1,-1,-0.01,-1,-1,-0.01,-1,-1,-0.01,-1,-1,-0.01,-1,-1
99926009,2026-05-18 12:48:48+05:30,53267.05,0,0.0,0,0.0,0.0,53282.15,53333.0,52783.45,53710.35,0,0.0,0.0,0.0,0.0,-0.01,-1,-1,-0.01,-1,-1,-0.01,-1,-1,-0.01,-1,-1,-0.01,-1,-1,-0.01,-1,-1,-0.01,-1,-1,-0.01,-1,-1,-0.01,-1,-1,-0.01,-1,-1
99926009,2026-05-18 12:48:49+05:30,53267.1,0,0.0,0,0.0,0.0,53282.15,53333.0,52783.45,53710.35,0,0.0,0.0,0.0,0.0,-0.01,-1,-1,-0.01,-1,-1,-0.01,-1,-1,-0.01,-1,-1,-0.01,-1,-1,-0.01,-1,-1,-0.01,-1,-1,-0.01,-1,-1,-0.01,-1,-1,-0.01,-1,-1
99926009,2026-05-18 12:48:49+05:30,53266.6,0,0.0,0,0.0,0.0,53282.15,53333.0,52783.45,53710.35,0,0.0,0.0,0.0,0.0,-0.01,-1,-1,-0.01,-1,-1,-0.01,-1,-1,-0.01,-1,-1,-0.01,-1,-1,-0.01,-1,-1,-0.01,-1,-1,-0.01,-1,-1,-0.01,-1,-1,-0.01,-1,-1
99926009,2026-05-18 12:48:50+05:30,53266.55,0,0.0,0,0.0,0.0,53282.15,53333.0,52783.45,53710.35,0,0.0,0.0,0.0,0.0,-0.01,-1,-1,-0.01,-1,-1,-0.01,-1,-1,-0.01,-1,-1,-0.01,-1,-1,-0.01,-1,-1,-0.01,-1,-1,-0.01,-1,-1,-0.01,-1,-1,-0.01,-1,-1
99926009,2026-05-18 12:48:50+05:30,53267.4,0,0.0,0,0.0,0.0,53282.15,53333.0,52783.45,53710.35,0,0.0,0.0,0.0,0.0,-0.01,-1,-1,-0.01,-1,-1,-0.01,-1,-1,-0.01,-1,-1,-0.01,-1,-1,-0.01,-1,-1,-0.01,-1,-1,-0.01,-1,-1,-0.01,-1,-1,-0.01,-1,-1
99926009,2026-05-18 12:48:51+05:30,53267.45,0,0.0,0,0.0,0.0,53282.15,53333.0,52783.45,53710.35,0,0.0,0.0,0.0,0.0,-0.01,-1,-1,-0.01,-1,-1,-0.01,-1,-1,-0.01,-1,-1,-0.01,-1,-1,-0.01,-1,-1,-0.01,-1,-1,-0.01,-1,-1,-0.01,-1,-1,-0.01,-1,-1
99926009,2026-05-18 12:48:51+05:30,53269.45,0,0.0,0,0.0,0.0,53282.15,53333.0,52783.45,53710.35,0,0.0,0.0,0.0,0.0,-0.01,-1,-1,-0.01,-1,-1,-0.01,-1,-1,-0.01,-1,-1,-0.01,-1,-1,-0.01,-1,-1,-0.01,-1,-1,-0.01,-1,-1,-0.01,-1,-1,-0.01,-1,-1
99926009,2026-05-18 12:48:52+05:30,53267.85,0,0.0,0,0.0,0.0,53282.15,53333.0,52783.45,53710.35,0,0.0,0.0,0.0,0.0,-0.01,-1,-1,-0.01,-1,-1,-0.01,-1,-1,-0.01,-1,-1,-0.01,-1,-1,-0.01,-1,-1,-0.01,-1,-1,-0.01,-1,-1,-0.01,-1,-1,-0.01,-1,-1
99926009,2026-05-18 12:48:52+05:30,53266.4,0,0.0,0,0.0,0.0,53282.15,53333.0,52783.45,53710.35,0,0.0,0.0,0.0,0.0,-0.01,-1,-1,-0.01,-1,-1,-0.01,-1,-1,-0.01,-1,-1,-0.01,-1,-1,-0.01,-1,-1,-0.01,-1,-1,-0.01,-1,-1,-0.01,-1,-1,-0.01,-1,-1
99926009,2026-05-18 12:48:53+05:30,53267.8,0,0.0,0,0.0,0.0,53282.15,53333.0,52783.45,53710.35,0,0.0,0.0,0.0,0.0,-0.01,-1,-1,-0.01,-1,-1,-0.01,-1,-1,-0.01,-1,-1,-0.01,-1,-1,-0.01,-1,-1,-0.01,-1,-1,-0.01,-1,-1,-0.01,-1,-1,-0.01,-1,-1
99926009,2026-05-18 12:48:53+05:30,53266.85,0,0.0,0,0.0,0.0,53282.15,53333.0,52783.45,53710.35,0,0.0,0.0,0.0,0.0,-0.01,-1,-1,-0.01,-1,-1,-0.01,-1,-1,-0.01,-1,-1,-0.01,-1,-1,-0.01,-1,-1,-0.01,-1,-1,-0.01,-1,-1,-0.01,-1,-1,-0.01,-1,-1
99926009,2026-05-18 12:48:54+05:30,53267.35,0,0.0,0,0.0,0.0,53282.15,53333.0,52783.45,53710.35,0,0.0,0.0,0.0,0.0,-0.01,-1,-1,-0.01,-1,-1,-0.01,-1,-1,-0.01,-1,-1,-0.01,-1,-1,-0.01,-1,-1,-0.01,-1,-1,-0.01,-1,-1,-0.01,-1,-1,-0.01,-1,-1
99926009,2026-05-18 12:48:54+05:30,53265.3,0,0.0,0,0.0,0.0,53282.15,53333.0,52783.45,53710.35,0,0.0,0.0,0.0,0.0,-0.01,-1,-1,-0.01,-1,-1,-0.01,-1,-1,-0.01,-1,-1,-0.01,-1,-1,-0.01,-1,-1,-0.01,-1,-1,-0.01,-1,-1,-0.01,-1,-1,-0.01,-1,-1
99926009,2026-05-18 12:48:55+05:30,53264.9,0,0.0,0,0.0,0.0,53282.15,53333.0,52783.45,53710.35,0,0.0,0.0,0.0,0.0,-0.01,-1,-1,-0.01,-1,-1,-0.01,-1,-1,-0.01,-1,-1,-0.01,-1,-1,-0.01,-1,-1,-0.01,-1,-1,-0.01,-1,-1,-0.01,-1,-1,-0.01,-1,-1
99926009,2026-05-18 12:48:55+05:30,53266.7,0,0.0,0,0.0,0.0,53282.15,53333.0,52783.45,53710.35,0,0.0,0.0,0.0,0.0,-0.01,-1,-1,-0.01,-1,-1,-0.01,-1,-1,-0.01,-1,-1,-0.01,-1,-1,-0.01,-1,-1,-0.01,-1,-1,-0.01,-1,-1,-0.01,-1,-1,-0.01,-1,-1
99926009,2026-05-18 12:48:56+05:30,53265.25,0,0.0,0,0.0,0.0,53282.15,53333.0,52783.45,53710.35,0,0.0,0.0,0.0,0.0,-0.01,-1,-1,-0.01,-1,-1,-0.01,-1,-1,-0.01,-1,-1,-0.01,-1,-1,-0.01,-1,-1,-0.01,-1,-1,-0.01,-1,-1,-0.01,-1,-1,-0.01,-1,-1
99926009,2026-05-18 12:48:56+05:30,53267.35,0,0.0,0,0.0,0.0,53282.15,53333.0,52783.45,53710.35,0,0.0,0.0,0.0,0.0,-0.01,-1,-1,-0.01,-1,-1,-0.01,-1,-1,-0.01,-1,-1,-0.01,-1,-1,-0.01,-1,-1,-0.01,-1,-1,-0.01,-1,-1,-0.01,-1,-1,-0.01,-1,-1
99926009,2026-05-18 12:48:57+05:30,53268.65,0,0.0,0,0.0,0.0,53282.15,53333.0,52783.45,53710.35,0,0.0,0.0,0.0,0.0,-0.01,-1,-1,-0.01,-1,-1,-0.01,-1,-1,-0.01,-1,-1,-0.01,-1,-1,-0.01,-1,-1,-0.01,-1,-1,-0.01,-1,-1,-0.01,-1,-1,-0.01,-1,-1
99926009,2026-05-18 12:48:57+05:30,53267.45,0,0.0,0,0.0,0.0,53282.15,53333.0,52783.45,53710.35,0,0.0,0.0,0.0,0.0,-0.01,-1,-1,-0.01,-1,-1,-0.01,-1,-1,-0.01,-1,-1,-0.01,-1,-1,-0.01,-1,-1,-0.01,-1,-1,-0.01,-1,-1,-0.01,-1,-1,-0.01,-1,-1
99926009,2026-05-18 12:48:58+05:30,53266.3,0,0.0,0,0.0,0.0,53282.15,53333.0,52783.45,53710.35,0,0.0,0.0,0.0,0.0,-0.01,-1,-1,-0.01,-1,-1,-0.01,-1,-1,-0.01,-1,-1,-0.01,-1,-1,-0.01,-1,-1,-0.01,-1,-1,-0.01,-1,-1,-0.01,-1,-1,-0.01,-1,-1
99926009,2026-05-18 12:48:58+05:30,53266.85,0,0.0,0,0.0,0.0,53282.15,53333.0,52783.45,53710.35,0,0.0,0.0,0.0,0.0,-0.01,-1,-1,-0.01,-1,-1,-0.01,-1,-1,-0.01,-1,-1,-0.01,-1,-1,-0.01,-1,-1,-0.01,-1,-1,-0.01,-1,-1,-0.01,-1,-1,-0.01,-1,-1
99926009,2026-05-18 12:48:59+05:30,53267.8,0,0.0,0,0.0,0.0,53282.15,53333.0,52783.45,53710.35,0,0.0,0.0,0.0,0.0,-0.01,-1,-1,-0.01,-1,-1,-0.01,-1,-1,-0.01,-1,-1,-0.01,-1,-1,-0.01,-1,-1,-0.01,-1,-1,-0.01,-1,-1,-0.01,-1,-1,-0.01,-1,-1
99926009,2026-05-18 12:48:59+05:30,53267.85,0,0.0,0,0.0,0.0,53282.15,53333.0,52783.45,53710.35,0,0.0,0.0,0.0,0.0,-0.01,-1,-1,-0.01,-1,-1,-0.01,-1,-1,-0.01,-1,-1,-0.01,-1,-1,-0.01,-1,-1,-0.01,-1,-1,-0.01,-1,-1,-0.01,-1,-1,-0.01,-1,-1
99926009,2026-05-18 12:49:00+05:30,53266.15,0,0.0,0,0.0,0.0,53282.15,53333.0,52783.45,53710.35,0,0.0,0.0,0.0,0.0,-0.01,-1,-1,-0.01,-1,-1,-0.01,-1,-1,-0.01,-1,-1,-0.01,-1,-1,-0.01,-1,-1,-0.01,-1,-1,-0.01,-1,-1,-0.01,-1,-1,-0.01,-1,-1
99926009,2026-05-18 12:49:00+05:30,53267.75,0,0.0,0,0.0,0.0,53282.15,53333.0,52783.45,53710.35,0,0.0,0.0,0.0,0.0,-0.01,-1,-1,-0.01,-1,-1,-0.01,-1,-1,-0.01,-1,-1,-0.01,-1,-1,-0.01,-1,-1,-0.01,-1,-1,-0.01,-1,-1,-0.01,-1,-1,-0.01,-1,-1
99926009,2026-05-18 12:49:01+05:30,53266.6,0,0.0,0,0.0,0.0,53282.15,53333.0,52783.45,53710.35,0,0.0,0.0,0.0,0.0,-0.01,-1,-1,-0.01,-1,-1,-0.01,-1,-1,-0.01,-1,-1,-0.01,-1,-1,-0.01,-1,-1,-0.01,-1,-1,-0.01,-1,-1,-0.01,-1,-1,-0.01,-1,-1
99926009,2026-05-18 12:49:01+05:30,53268.3,0,0.0,0,0.0,0.0,53282.15,53333.0,52783.45,53710.35,0,0.0,0.0,0.0,0.0,-0.01,-1,-1,-0.01,-1,-1,-0.01,-1,-1,-0.01,-1,-1,-0.01,-1,-1,-0.01,-1,-1,-0.01,-1,-1,-0.01,-1,-1,-0.01,-1,-1,-0.01,-1,-1
99926009,2026-05-18 12:49:02+05:30,53268.2,0,0.0,0,0.0,0.0,53282.15,53333.0,52783.45,53710.35,0,0.0,0.0,0.0,0.0,-0.01,-1,-1,-0.01,-1,-1,-0.01,-1,-1,-0.01,-1,-1,-0.01,-1,-1,-0.01,-1,-1,-0.01,-1,-1,-0.01,-1,-1,-0.01,-1,-1,-0.01,-1,-1
99926009,2026-05-18 12:49:02+05:30,53268.1,0,0.0,0,0.0,0.0,53282.15,53333.0,52783.45,53710.35,0,0.0,0.0,0.0,0.0,-0.01,-1,-1,-0.01,-1,-1,-0.01,-1,-1,-0.01,-1,-1,-0.01,-1,-1,-0.01,-1,-1,-0.01,-1,-1,-0.01,-1,-1,-0.01,-1,-1,-0.01,-1,-1
99926009,2026-05-18 12:49:03+05:30,53271.05,0,0.0,0,0.0,0.0,53282.15,53333.0,52783.45,53710.35,0,0.0,0.0,0.0,0.0,-0.01,-1,-1,-0.01,-1,-1,-0.01,-1,-1,-0.01,-1,-1,-0.01,-1,-1,-0.01,-1,-1,-0.01,-1,-1,-0.01,-1,-1,-0.01,-1,-1,-0.01,-1,-1
99926009,2026-05-18 12:49:03+05:30,53272.5,0,0.0,0,0.0,0.0,53282.15,53333.0,52783.45,53710.35,0,0.0,0.0,0.0,0.0,-0.01,-1,-1,-0.01,-1,-1,-0.01,-1,-1,-0.01,-1,-1,-0.01,-1,-1,-0.01,-1,-1,-0.01,-1,-1,-0.01,-1,-1,-0.01,-1,-1,-0.01,-1,-1
99926009,2026-05-18 12:49:04+05:30,53271.95,0,0.0,0,0.0,0.0,53282.15,53333.0,52783.45,53710.35,0,0.0,0.0,0.0,0.0,-0.01,-1,-1,-0.01,-1,-1,-0.01,-1,-1,-0.01,-1,-1,-0.01,-1,-1,-0.01,-1,-1,-0.01,-1,-1,-0.01,-1,-1,-0.01,-1,-1,-0.01,-1,-1
99926009,2026-05-18 12:49:04+05:30,53275.95,0,0.0,0,0.0,0.0,53282.15,53333.0,52783.45,53710.35,0,0.0,0.0,0.0,0.0,-0.01,-1,-1,-0.01,-1,-1,-0.01,-1,-1,-0.01,-1,-1,-0.01,-1,-1,-0.01,-1,-1,-0.01,-1,-1,-0.01,-1,-1,-0.01,-1,-1,-0.01,-1,-1
99926009,2026-05-18 12:49:05+05:30,53277.55,0,0.0,0,0.0,0.0,53282.15,53333.0,52783.45,53710.35,0,0.0,0.0,0.0,0.0,-0.01,-1,-1,-0.01,-1,-1,-0.01,-1,-1,-0.01,-1,-1,-0.01,-1,-1,-0.01,-1,-1,-0.01,-1,-1,-0.01,-1,-1,-0.01,-1,-1,-0.01,-1,-1
99926009,2026-05-18 12:49:05+05:30,53276.0,0,0.0,0,0.0,0.0,53282.15,53333.0,52783.45,53710.35,0,0.0,0.0,0.0,0.0,-0.01,-1,-1,-0.01,-1,-1,-0.01,-1,-1,-0.01,-1,-1,-0.01,-1,-1,-0.01,-1,-1,-0.01,-1,-1,-0.01,-1,-1,-0.01,-1,-1,-0.01,-1,-1
99926009,2026-05-18 12:49:06+05:30,53276.85,0,0.0,0,0.0,0.0,53282.15,53333.0,52783.45,53710.35,0,0.0,0.0,0.0,0.0,-0.01,-1,-1,-0.01,-1,-1,-0.01,-1,-1,-0.01,-1,-1,-0.01,-1,-1,-0.01,-1,-1,-0.01,-1,-1,-0.01,-1,-1,-0.01,-1,-1,-0.01,-1,-1
99926009,2026-05-18 12:49:06+05:30,53275.8,0,0.0,0,0.0,0.0,53282.15,53333.0,52783.45,53710.35,0,0.0,0.0,0.0,0.0,-0.01,-1,-1,-0.01,-1,-1,-0.01,-1,-1,-0.01,-1,-1,-0.01,-1,-1,-0.01,-1,-1,-0.01,-1,-1,-0.01,-1,-1,-0.01,-1,-1,-0.01,-1,-1
99926009,2026-05-18 12:49:07+05:30,53279.25,0,0.0,0,0.0,0.0,53282.15,53333.0,52783.45,53710.35,0,0.0,0.0,0.0,0.0,-0.01,-1,-1,-0.01,-1,-1,-0.01,-1,-1,-0.01,-1,-1,-0.01,-1,-1,-0.01,-1,-1,-0.01,-1,-1,-0.01,-1,-1,-0.01,-1,-1,-0.01,-1,-1
99926009,2026-05-18 12:49:07+05:30,53277.4,0,0.0,0,0.0,0.0,53282.15,53333.0,52783.45,53710.35,0,0.0,0.0,0.0,0.0,-0.01,-1,-1,-0.01,-1,-1,-0.01,-1,-1,-0.01,-1,-1,-0.01,-1,-1,-0.01,-1,-1,-0.01,-1,-1,-0.01,-1,-1,-0.01,-1,-1,-0.01,-1,-1
99926009,2026-05-18 12:49:08+05:30,53276.4,0,0.0,0,0.0,0.0,53282.15,53333.0,52783.45,53710.35,0,0.0,0.0,0.0,0.0,-0.01,-1,-1,-0.01,-1,-1,-0.01,-1,-1,-0.01,-1,-1,-0.01,-1,-1,-0.01,-1,-1,-0.01,-1,-1,-0.01,-1,-1,-0.01,-1,-1,-0.01,-1,-1
99926009,2026-05-18 12:49:08+05:30,53276.3,0,0.0,0,0.0,0.0,53282.15,53333.0,52783.45,53710.35,0,0.0,0.0,0.0,0.0,-0.01,-1,-1,-0.01,-1,-1,-0.01,-1,-1,-0.01,-1,-1,-0.01,-1,-1,-0.01,-1,-1,-0.01,-1,-1,-0.01,-1,-1,-0.01,-1,-1,-0.01,-1,-1
99926009,2026-05-18 12:49:09+05:30,53276.5,0,0.0,0,0.0,0.0,53282.15,53333.0,52783.45,53710.35,0,0.0,0.0,0.0,0.0,-0.01,-1,-1,-0.01,-1,-1,-0.01,-1,-1,-0.01,-1,-1,-0.01,-1,-1,-0.01,-1,-1,-0.01,-1,-1,-0.01,-1,-1,-0.01,-1,-1,-0.01,-1,-1
99926009,2026-05-18 12:49:09+05:30,53278.05,0,0.0,0,0.0,0.0,53282.15,53333.0,52783.45,53710.35,0,0.0,0.0,0.0,0.0,-0.01,-1,-1,-0.01,-1,-1,-0.01,-1,-1,-0.01,-1,-1,-0.01,-1,-1,-0.01,-1,-1,-0.01,-1,-1,-0.01,-1,-1,-0.01,-1,-1,-0.01,-1,-1
99926009,2026-05-18 12:49:10+05:30,53278.0,0,0.0,0,0.0,0.0,53282.15,53333.0,52783.45,53710.35,0,0.0,0.0,0.0,0.0,-0.01,-1,-1,-0.01,-1,-1,-0.01,-1,-1,-0.01,-1,-1,-0.01,-1,-1,-0.01,-1,-1,-0.01,-1,-1,-0.01,-1,-1,-0.01,-1,-1,-0.01,-1,-1
99926009,2026-05-18 12:49:10+05:30,53276.85,0,0.0,0,0.0,0.0,53282.15,53333.0,52783.45,53710.35,0,0.0,0.0,0.0,0.0,-0.01,-1,-1,-0.01,-1,-1,-0.01,-1,-1,-0.01,-1,-1,-0.01,-1,-1,-0.01,-1,-1,-0.01,-1,-1,-0.01,-1,-1,-0.01,-1,-1,-0.01,-1,-1
99926009,2026-05-18 12:49:11+05:30,53274.65,0,0.0,0,0.0,0.0,53282.15,53333.0,52783.45,53710.35,0,0.0,0.0,0.0,0.0,-0.01,-1,-1,-0.01,-1,-1,-0.01,-1,-1,-0.01,-1,-1,-0.01,-1,-1,-0.01,-1,-1,-0.01,-1,-1,-0.01,-1,-1,-0.01,-1,-1,-0.01,-1,-1
99926009,2026-05-18 12:49:11+05:30,53274.65,0,0.0,0,0.0,0.0,53282.15,53333.0,52783.45,53710.35,0,0.0,0.0,0.0,0.0,-0.01,-1,-1,-0.01,-1,-1,-0.01,-1,-1,-0.01,-1,-1,-0.01,-1,-1,-0.01,-1,-1,-0.01,-1,-1,-0.01,-1,-1,-0.01,-1,-1,-0.01,-1,-1
99926009,2026-05-18 12:49:12+05:30,53274.2,0,0.0,0,0.0,0.0,53282.15,53333.0,52783.45,53710.35,0,0.0,0.0,0.0,0.0,-0.01,-1,-1,-0.01,-1,-1,-0.01,-1,-1,-0.01,-1,-1,-0.01,-1,-1,-0.01,-1,-1,-0.01,-1,-1,-0.01,-1,-1,-0.01,-1,-1,-0.01,-1,-1
99926009,2026-05-18 12:49:12+05:30,53274.2,0,0.0,0,0.0,0.0,53282.15,53333.0,52783.45,53710.35,0,0.0,0.0,0.0,0.0,-0.01,-1,-1,-0.01,-1,-1,-0.01,-1,-1,-0.01,-1,-1,-0.01,-1,-1,-0.01,-1,-1,-0.01,-1,-1,-0.01,-1,-1,-0.01,-1,-1,-0.01,-1,-1
99926009,2026-05-18 12:49:13+05:30,53273.6,0,0.0,0,0.0,0.0,53282.15,53333.0,52783.45,53710.35,0,0.0,0.0,0.0,0.0,-0.01,-1,-1,-0.01,-1,-1,-0.01,-1,-1,-0.01,-1,-1,-0.01,-1,-1,-0.01,-1,-1,-0.01,-1,-1,-0.01,-1,-1,-0.01,-1,-1,-0.01,-1,-1
99926009,2026-05-18 12:49:13+05:30,53271.55,0,0.0,0,0.0,0.0,53282.15,53333.0,52783.45,53710.35,0,0.0,0.0,0.0,0.0,-0.01,-1,-1,-0.01,-1,-1,-0.01,-1,-1,-0.01,-1,-1,-0.01,-1,-1,-0.01,-1,-1,-0.01,-1,-1,-0.01,-1,-1,-0.01,-1,-1,-0.01,-1,-1
99926009,2026-05-18 12:49:14+05:30,53271.1,0,0.0,0,0.0,0.0,53282.15,53333.0,52783.45,53710.35,0,0.0,0.0,0.0,0.0,-0.01,-1,-1,-0.01,-1,-1,-0.01,-1,-1,-0.01,-1,-1,-0.01,-1,-1,-0.01,-1,-1,-0.01,-1,-1,-0.01,-1,-1,-0.01,-1,-1,-0.01,-1,-1
99926009,2026-05-18 12:49:14+05:30,53269.0,0,0.0,0,0.0,0.0,53282.15,53333.0,52783.45,53710.35,0,0.0,0.0,0.0,0.0,-0.01,-1,-1,-0.01,-1,-1,-0.01,-1,-1,-0.01,-1,-1,-0.01,-1,-1,-0.01,-1,-1,-0.01,-1,-1,-0.01,-1,-1,-0.01,-1,-1,-0.01,-1,-1
99926009,2026-05-18 12:49:15+05:30,53271.45,0,0.0,0,0.0,0.0,53282.15,53333.0,52783.45,53710.35,0,0.0,0.0,0.0,0.0,-0.01,-1,-1,-0.01,-1,-1,-0.01,-1,-1,-0.01,-1,-1,-0.01,-1,-1,-0.01,-1,-1,-0.01,-1,-1,-0.01,-1,-1,-0.01,-1,-1,-0.01,-1,-1
99926009,2026-05-18 12:49:15+05:30,53272.55,0,0.0,0,0.0,0.0,53282.15,53333.0,52783.45,53710.35,0,0.0,0.0,0.0,0.0,-0.01,-1,-1,-0.01,-1,-1,-0.01,-1,-1,-0.01,-1,-1,-0.01,-1,-1,-0.01,-1,-1,-0.01,-1,-1,-0.01,-1,-1,-0.01,-1,-1,-0.01,-1,-1
99926009,2026-05-18 12:49:16+05:30,53271.5,0,0.0,0,0.0,0.0,53282.15,53333.0,52783.45,53710.35,0,0.0,0.0,0.0,0.0,-0.01,-1,-1,-0.01,-1,-1,-0.01,-1,-1,-0.01,-1,-1,-0.01,-1,-1,-0.01,-1,-1,-0.01,-1,-1,-0.01,-1,-1,-0.01,-1,-1,-0.01,-1,-1
99926009,2026-05-18 12:49:16+05:30,53272.85,0,0.0,0,0.0,0.0,53282.15,53333.0,52783.45,53710.35,0,0.0,0.0,0.0,0.0,-0.01,-1,-1,-0.01,-1,-1,-0.01,-1,-1,-0.01,-1,-1,-0.01,-1,-1,-0.01,-1,-1,-0.01,-1,-1,-0.01,-1,-1,-0.01,-1,-1,-0.01,-1,-1
99926009,2026-05-18 12:49:17+05:30,53270.35,0,0.0,0,0.0,0.0,53282.15,53333.0,52783.45,53710.35,0,0.0,0.0,0.0,0.0,-0.01,-1,-1,-0.01,-1,-1,-0.01,-1,-1,-0.01,-1,-1,-0.01,-1,-1,-0.01,-1,-1,-0.01,-1,-1,-0.01,-1,-1,-0.01,-1,-1,-0.01,-1,-1
99926009,2026-05-18 12:49:17+05:30,53262.0,0,0.0,0,0.0,0.0,53282.15,53333.0,52783.45,53710.35,0,0.0,0.0,0.0,0.0,-0.01,-1,-1,-0.01,-1,-1,-0.01,-1,-1,-0.01,-1,-1,-0.01,-1,-1,-0.01,-1,-1,-0.01,-1,-1,-0.01,-1,-1,-0.01,-1,-1,-0.01,-1,-1
99926009,2026-05-18 12:49:18+05:30,53257.45,0,0.0,0,0.0,0.0,53282.15,53333.0,52783.45,53710.35,0,0.0,0.0,0.0,0.0,-0.01,-1,-1,-0.01,-1,-1,-0.01,-1,-1,-0.01,-1,-1,-0.01,-1,-1,-0.01,-1,-1,-0.01,-1,-1,-0.01,-1,-1,-0.01,-1,-1,-0.01,-1,-1
99926009,2026-05-18 12:49:18+05:30,53258.85,0,0.0,0,0.0,0.0,53282.15,53333.0,52783.45,53710.35,0,0.0,0.0,0.0,0.0,-0.01,-1,-1,-0.01,-1,-1,-0.01,-1,-1,-0.01,-1,-1,-0.01,-1,-1,-0.01,-1,-1,-0.01,-1,-1,-0.01,-1,-1,-0.01,-1,-1,-0.01,-1,-1
99926009,2026-05-18 12:49:19+05:30,53261.3,0,0.0,0,0.0,0.0,53282.15,53333.0,52783.45,53710.35,0,0.0,0.0,0.0,0.0,-0.01,-1,-1,-0.01,-1,-1,-0.01,-1,-1,-0.01,-1,-1,-0.01,-1,-1,-0.01,-1,-1,-0.01,-1,-1,-0.01,-1,-1,-0.01,-1,-1,-0.01,-1,-1
99926009,2026-05-18 12:49:19+05:30,53261.1,0,0.0,0,0.0,0.0,53282.15,53333.0,52783.45,53710.35,0,0.0,0.0,0.0,0.0,-0.01,-1,-1,-0.01,-1,-1,-0.01,-1,-1,-0.01,-1,-1,-0.01,-1,-1,-0.01,-1,-1,-0.01,-1,-1,-0.01,-1,-1,-0.01,-1,-1,-0.01,-1,-1
99926009,2026-05-18 12:49:20+05:30,53260.05,0,0.0,0,0.0,0.0,53282.15,53333.0,52783.45,53710.35,0,0.0,0.0,0.0,0.0,-0.01,-1,-1,-0.01,-1,-1,-0.01,-1,-1,-0.01,-1,-1,-0.01,-1,-1,-0.01,-1,-1,-0.01,-1,-1,-0.01,-1,-1,-0.01,-1,-1,-0.01,-1,-1
99926009,2026-05-18 12:49:20+05:30,53259.6,0,0.0,0,0.0,0.0,53282.15,53333.0,52783.45,53710.35,0,0.0,0.0,0.0,0.0,-0.01,-1,-1,-0.01,-1,-1,-0.01,-1,-1,-0.01,-1,-1,-0.01,-1,-1,-0.01,-1,-1,-0.01,-1,-1,-0.01,-1,-1,-0.01,-1,-1,-0.01,-1,-1
99926009,2026-05-18 12:49:21+05:30,53257.3,0,0.0,0,0.0,0.0,53282.15,53333.0,52783.45,53710.35,0,0.0,0.0,0.0,0.0,-0.01,-1,-1,-0.01,-1,-1,-0.01,-1,-1,-0.01,-1,-1,-0.01,-1,-1,-0.01,-1,-1,-0.01,-1,-1,-0.01,-1,-1,-0.01,-1,-1,-0.01,-1,-1
99926009,2026-05-18 12:49:21+05:30,53259.45,0,0.0,0,0.0,0.0,53282.15,53333.0,52783.45,53710.35,0,0.0,0.0,0.0,0.0,-0.01,-1,-1,-0.01,-1,-1,-0.01,-1,-1,-0.01,-1,-1,-0.01,-1,-1,-0.01,-1,-1,-0.01,-1,-1,-0.01,-1,-1,-0.01,-1,-1,-0.01,-1,-1
99926009,2026-05-18 12:49:22+05:30,53259.7,0,0.0,0,0.0,0.0,53282.15,53333.0,52783.45,53710.35,0,0.0,0.0,0.0,0.0,-0.01,-1,-1,-0.01,-1,-1,-0.01,-1,-1,-0.01,-1,-1,-0.01,-1,-1,-0.01,-1,-1,-0.01,-1,-1,-0.01,-1,-1,-0.01,-1,-1,-0.01,-1,-1
99926009,2026-05-18 12:49:22+05:30,53261.2,0,0.0,0,0.0,0.0,53282.15,53333.0,52783.45,53710.35,0,0.0,0.0,0.0,0.0,-0.01,-1,-1,-0.01,-1,-1,-0.01,-1,-1,-0.01,-1,-1,-0.01,-1,-1,-0.01,-1,-1,-0.01,-1,-1,-0.01,-1,-1,-0.01,-1,-1,-0.01,-1,-1
99926009,2026-05-18 12:49:23+05:30,53259.1,0,0.0,0,0.0,0.0,53282.15,53333.0,52783.45,53710.35,0,0.0,0.0,0.0,0.0,-0.01,-1,-1,-0.01,-1,-1,-0.01,-1,-1,-0.01,-1,-1,-0.01,-1,-1,-0.01,-1,-1,-0.01,-1,-1,-0.01,-1,-1,-0.01,-1,-1,-0.01,-1,-1
99926009,2026-05-18 12:49:23+05:30,53258.15,0,0.0,0,0.0,0.0,53282.15,53333.0,52783.45,53710.35,0,0.0,0.0,0.0,0.0,-0.01,-1,-1,-0.01,-1,-1,-0.01,-1,-1,-0.01,-1,-1,-0.01,-1,-1,-0.01,-1,-1,-0.01,-1,-1,-0.01,-1,-1,-0.01,-1,-1,-0.01,-1,-1
99926009,2026-05-18 12:49:24+05:30,53260.55,0,0.0,0,0.0,0.0,53282.15,53333.0,52783.45,53710.35,0,0.0,0.0,0.0,0.0,-0.01,-1,-1,-0.01,-1,-1,-0.01,-1,-1,-0.01,-1,-1,-0.01,-1,-1,-0.01,-1,-1,-0.01,-1,-1,-0.01,-1,-1,-0.01,-1,-1,-0.01,-1,-1
99926009,2026-05-18 12:49:24+05:30,53260.2,0,0.0,0,0.0,0.0,53282.15,53333.0,52783.45,53710.35,0,0.0,0.0,0.0,0.0,-0.01,-1,-1,-0.01,-1,-1,-0.01,-1,-1,-0.01,-1,-1,-0.01,-1,-1,-0.01,-1,-1,-0.01,-1,-1,-0.01,-1,-1,-0.01,-1,-1,-0.01,-1,-1
99926009,2026-05-18 12:49:25+05:30,53260.0,0,0.0,0,0.0,0.0,53282.15,53333.0,52783.45,53710.35,0,0.0,0.0,0.0,0.0,-0.01,-1,-1,-0.01,-1,-1,-0.01,-1,-1,-0.01,-1,-1,-0.01,-1,-1,-0.01,-1,-1,-0.01,-1,-1,-0.01,-1,-1,-0.01,-1,-1,-0.01,-1,-1
99926009,2026-05-18 12:49:25+05:30,53263.45,0,0.0,0,0.0,0.0,53282.15,53333.0,52783.45,53710.35,0,0.0,0.0,0.0,0.0,-0.01,-1,-1,-0.01,-1,-1,-0.01,-1,-1,-0.01,-1,-1,-0.01,-1,-1,-0.01,-1,-1,-0.01,-1,-1,-0.01,-1,-1,-0.01,-1,-1,-0.01,-1,-1
99926009,2026-05-18 12:49:26+05:30,53268.05,0,0.0,0,0.0,0.0,53282.15,53333.0,52783.45,53710.35,0,0.0,0.0,0.0,0.0,-0.01,-1,-1,-0.01,-1,-1,-0.01,-1,-1,-0.01,-1,-1,-0.01,-1,-1,-0.01,-1,-1,-0.01,-1,-1,-0.01,-1,-1,-0.01,-1,-1,-0.01,-1,-1
99926009,2026-05-18 12:49:26+05:30,53265.75,0,0.0,0,0.0,0.0,53282.15,53333.0,52783.45,53710.35,0,0.0,0.0,0.0,0.0,-0.01,-1,-1,-0.01,-1,-1,-0.01,-1,-1,-0.01,-1,-1,-0.01,-1,-1,-0.01,-1,-1,-0.01,-1,-1,-0.01,-1,-1,-0.01,-1,-1,-0.01,-1,-1
99926009,2026-05-18 12:49:27+05:30,53266.4,0,0.0,0,0.0,0.0,53282.15,53333.0,52783.45,53710.35,0,0.0,0.0,0.0,0.0,-0.01,-1,-1,-0.01,-1,-1,-0.01,-1,-1,-0.01,-1,-1,-0.01,-1,-1,-0.01,-1,-1,-0.01,-1,-1,-0.01,-1,-1,-0.01,-1,-1,-0.01,-1,-1
99926009,2026-05-18 12:49:27+05:30,53270.55,0,0.0,0,0.0,0.0,53282.15,53333.0,52783.45,53710.35,0,0.0,0.0,0.0,0.0,-0.01,-1,-1,-0.01,-1,-1,-0.01,-1,-1,-0.01,-1,-1,-0.01,-1,-1,-0.01,-1,-1,-0.01,-1,-1,-0.01,-1,-1,-0.01,-1,-1,-0.01,-1,-1
99926009,2026-05-18 12:49:28+05:30,53268.9,0,0.0,0,0.0,0.0,53282.15,53333.0,52783.45,53710.35,0,0.0,0.0,0.0,0.0,-0.01,-1,-1,-0.01,-1,-1,-0.01,-1,-1,-0.01,-1,-1,-0.01,-1,-1,-0.01,-1,-1,-0.01,-1,-1,-0.01,-1,-1,-0.01,-1,-1,-0.01,-1,-1
99926009,2026-05-18 12:49:28+05:30,53268.45,0,0.0,0,0.0,0.0,53282.15,53333.0,52783.45,53710.35,0,0.0,0.0,0.0,0.0,-0.01,-1,-1,-0.01,-1,-1,-0.01,-1,-1,-0.01,-1,-1,-0.01,-1,-1,-0.01,-1,-1,-0.01,-1,-1,-0.01,-1,-1,-0.01,-1,-1,-0.01,-1,-1
99926009,2026-05-18 12:49:29+05:30,53267.7,0,0.0,0,0.0,0.0,53282.15,53333.0,52783.45,53710.35,0,0.0,0.0,0.0,0.0,-0.01,-1,-1,-0.01,-1,-1,-0.01,-1,-1,-0.01,-1,-1,-0.01,-1,-1,-0.01,-1,-1,-0.01,-1,-1,-0.01,-1,-1,-0.01,-1,-1,-0.01,-1,-1
99926009,2026-05-18 12:49:29+05:30,53272.85,0,0.0,0,0.0,0.0,53282.15,53333.0,52783.45,53710.35,0,0.0,0.0,0.0,0.0,-0.01,-1,-1,-0.01,-1,-1,-0.01,-1,-1,-0.01,-1,-1,-0.01,-1,-1,-0.01,-1,-1,-0.01,-1,-1,-0.01,-1,-1,-0.01,-1,-1,-0.01,-1,-1
99926009,2026-05-18 12:49:30+05:30,53271.8,0,0.0,0,0.0,0.0,53282.15,53333.0,52783.45,53710.35,0,0.0,0.0,0.0,0.0,-0.01,-1,-1,-0.01,-1,-1,-0.01,-1,-1,-0.01,-1,-1,-0.01,-1,-1,-0.01,-1,-1,-0.01,-1,-1,-0.01,-1,-1,-0.01,-1,-1,-0.01,-1,-1
99926009,2026-05-18 12:49:30+05:30,53271.45,0,0.0,0,0.0,0.0,53282.15,53333.0,52783.45,53710.35,0,0.0,0.0,0.0,0.0,-0.01,-1,-1,-0.01,-1,-1,-0.01,-1,-1,-0.01,-1,-1,-0.01,-1,-1,-0.01,-1,-1,-0.01,-1,-1,-0.01,-1,-1,-0.01,-1,-1,-0.01,-1,-1
99926009,2026-05-18 12:49:31+05:30,53271.55,0,0.0,0,0.0,0.0,53282.15,53333.0,52783.45,53710.35,0,0.0,0.0,0.0,0.0,-0.01,-1,-1,-0.01,-1,-1,-0.01,-1,-1,-0.01,-1,-1,-0.01,-1,-1,-0.01,-1,-1,-0.01,-1,-1,-0.01,-1,-1,-0.01,-1,-1,-0.01,-1,-1
99926009,2026-05-18 12:49:31+05:30,53270.9,0,0.0,0,0.0,0.0,53282.15,53333.0,52783.45,53710.35,0,0.0,0.0,0.0,0.0,-0.01,-1,-1,-0.01,-1,-1,-0.01,-1,-1,-0.01,-1,-1,-0.01,-1,-1,-0.01,-1,-1,-0.01,-1,-1,-0.01,-1,-1,-0.01,-1,-1,-0.01,-1,-1
99926009,2026-05-18 12:49:32+05:30,53268.15,0,0.0,0,0.0,0.0,53282.15,53333.0,52783.45,53710.35,0,0.0,0.0,0.0,0.0,-0.01,-1,-1,-0.01,-1,-1,-0.01,-1,-1,-0.01,-1,-1,-0.01,-1,-1,-0.01,-1,-1,-0.01,-1,-1,-0.01,-1,-1,-0.01,-1,-1,-0.01,-1,-1
99926009,2026-05-18 12:49:32+05:30,53264.25,0,0.0,0,0.0,0.0,53282.15,53333.0,52783.45,53710.35,0,0.0,0.0,0.0,0.0,-0.01,-1,-1,-0.01,-1,-1,-0.01,-1,-1,-0.01,-1,-1,-0.01,-1,-1,-0.01,-1,-1,-0.01,-1,-1,-0.01,-1,-1,-0.01,-1,-1,-0.01,-1,-1
99926009,2026-05-18 12:49:33+05:30,53272.55,0,0.0,0,0.0,0.0,53282.15,53333.0,52783.45,53710.35,0,0.0,0.0,0.0,0.0,-0.01,-1,-1,-0.01,-1,-1,-0.01,-1,-1,-0.01,-1,-1,-0.01,-1,-1,-0.01,-1,-1,-0.01,-1,-1,-0.01,-1,-1,-0.01,-1,-1,-0.01,-1,-1
99926009,2026-05-18 12:49:33+05:30,53267.6,0,0.0,0,0.0,0.0,53282.15,53333.0,52783.45,53710.35,0,0.0,0.0,0.0,0.0,-0.01,-1,-1,-0.01,-1,-1,-0.01,-1,-1,-0.01,-1,-1,-0.01,-1,-1,-0.01,-1,-1,-0.01,-1,-1,-0.01,-1,-1,-0.01,-1,-1,-0.01,-1,-1
99926009,2026-05-18 12:49:34+05:30,53270.2,0,0.0,0,0.0,0.0,53282.15,53333.0,52783.45,53710.35,0,0.0,0.0,0.0,0.0,-0.01,-1,-1,-0.01,-1,-1,-0.01,-1,-1,-0.01,-1,-1,-0.01,-1,-1,-0.01,-1,-1,-0.01,-1,-1,-0.01,-1,-1,-0.01,-1,-1,-0.01,-1,-1
99926009,2026-05-18 12:49:34+05:30,53270.2,0,0.0,0,0.0,0.0,53282.15,53333.0,52783.45,53710.35,0,0.0,0.0,0.0,0.0,-0.01,-1,-1,-0.01,-1,-1,-0.01,-1,-1,-0.01,-1,-1,-0.01,-1,-1,-0.01,-1,-1,-0.01,-1,-1,-0.01,-1,-1,-0.01,-1,-1,-0.01,-1,-1
99926009,2026-05-18 12:49:35+05:30,53266.0,0,0.0,0,0.0,0.0,53282.15,53333.0,52783.45,53710.35,0,0.0,0.0,0.0,0.0,-0.01,-1,-1,-0.01,-1,-1,-0.01,-1,-1,-0.01,-1,-1,-0.01,-1,-1,-0.01,-1,-1,-0.01,-1,-1,-0.01,-1,-1,-0.01,-1,-1,-0.01,-1,-1
99926009,2026-05-18 12:49:35+05:30,53266.7,0,0.0,0,0.0,0.0,53282.15,53333.0,52783.45,53710.35,0,0.0,0.0,0.0,0.0,-0.01,-1,-1,-0.01,-1,-1,-0.01,-1,-1,-0.01,-1,-1,-0.01,-1,-1,-0.01,-1,-1,-0.01,-1,-1,-0.01,-1,-1,-0.01,-1,-1,-0.01,-1,-1
99926009,2026-05-18 12:49:36+05:30,53271.65,0,0.0,0,0.0,0.0,53282.15,53333.0,52783.45,53710.35,0,0.0,0.0,0.0,0.0,-0.01,-1,-1,-0.01,-1,-1,-0.01,-1,-1,-0.01,-1,-1,-0.01,-1,-1,-0.01,-1,-1,-0.01,-1,-1,-0.01,-1,-1,-0.01,-1,-1,-0.01,-1,-1
99926009,2026-05-18 12:49:36+05:30,53269.4,0,0.0,0,0.0,0.0,53282.15,53333.0,52783.45,53710.35,0,0.0,0.0,0.0,0.0,-0.01,-1,-1,-0.01,-1,-1,-0.01,-1,-1,-0.01,-1,-1,-0.01,-1,-1,-0.01,-1,-1,-0.01,-1,-1,-0.01,-1,-1,-0.01,-1,-1,-0.01,-1,-1
99926009,2026-05-18 12:49:37+05:30,53273.15,0,0.0,0,0.0,0.0,53282.15,53333.0,52783.45,53710.35,0,0.0,0.0,0.0,0.0,-0.01,-1,-1,-0.01,-1,-1,-0.01,-1,-1,-0.01,-1,-1,-0.01,-1,-1,-0.01,-1,-1,-0.01,-1,-1,-0.01,-1,-1,-0.01,-1,-1,-0.01,-1,-1
99926009,2026-05-18 12:49:37+05:30,53268.55,0,0.0,0,0.0,0.0,53282.15,53333.0,52783.45,53710.35,0,0.0,0.0,0.0,0.0,-0.01,-1,-1,-0.01,-1,-1,-0.01,-1,-1,-0.01,-1,-1,-0.01,-1,-1,-0.01,-1,-1,-0.01,-1,-1,-0.01,-1,-1,-0.01,-1,-1,-0.01,-1,-1
99926009,2026-05-18 12:49:38+05:30,53269.9,0,0.0,0,0.0,0.0,53282.15,53333.0,52783.45,53710.35,0,0.0,0.0,0.0,0.0,-0.01,-1,-1,-0.01,-1,-1,-0.01,-1,-1,-0.01,-1,-1,-0.01,-1,-1,-0.01,-1,-1,-0.01,-1,-1,-0.01,-1,-1,-0.01,-1,-1,-0.01,-1,-1
99926009,2026-05-18 12:49:38+05:30,53268.9,0,0.0,0,0.0,0.0,53282.15,53333.0,52783.45,53710.35,0,0.0,0.0,0.0,0.0,-0.01,-1,-1,-0.01,-1,-1,-0.01,-1,-1,-0.01,-1,-1,-0.01,-1,-1,-0.01,-1,-1,-0.01,-1,-1,-0.01,-1,-1,-0.01,-1,-1,-0.01,-1,-1
99926009,2026-05-18 12:49:39+05:30,53267.95,0,0.0,0,0.0,0.0,53282.15,53333.0,52783.45,53710.35,0,0.0,0.0,0.0,0.0,-0.01,-1,-1,-0.01,-1,-1,-0.01,-1,-1,-0.01,-1,-1,-0.01,-1,-1,-0.01,-1,-1,-0.01,-1,-1,-0.01,-1,-1,-0.01,-1,-1,-0.01,-1,-1
99926009,2026-05-18 12:49:39+05:30,53269.35,0,0.0,0,0.0,0.0,53282.15,53333.0,52783.45,53710.35,0,0.0,0.0,0.0,0.0,-0.01,-1,-1,-0.01,-1,-1,-0.01,-1,-1,-0.01,-1,-1,-0.01,-1,-1,-0.01,-1,-1,-0.01,-1,-1,-0.01,-1,-1,-0.01,-1,-1,-0.01,-1,-1
99926009,2026-05-18 12:49:40+05:30,53269.2,0,0.0,0,0.0,0.0,53282.15,53333.0,52783.45,53710.35,0,0.0,0.0,0.0,0.0,-0.01,-1,-1,-0.01,-1,-1,-0.01,-1,-1,-0.01,-1,-1,-0.01,-1,-1,-0.01,-1,-1,-0.01,-1,-1,-0.01,-1,-1,-0.01,-1,-1,-0.01,-1,-1
99926009,2026-05-18 12:49:40+05:30,53271.2,0,0.0,0,0.0,0.0,53282.15,53333.0,52783.45,53710.35,0,0.0,0.0,0.0,0.0,-0.01,-1,-1,-0.01,-1,-1,-0.01,-1,-1,-0.01,-1,-1,-0.01,-1,-1,-0.01,-1,-1,-0.01,-1,-1,-0.01,-1,-1,-0.01,-1,-1,-0.01,-1,-1
99926009,2026-05-18 12:49:41+05:30,53268.85,0,0.0,0,0.0,0.0,53282.15,53333.0,52783.45,53710.35,0,0.0,0.0,0.0,0.0,-0.01,-1,-1,-0.01,-1,-1,-0.01,-1,-1,-0.01,-1,-1,-0.01,-1,-1,-0.01,-1,-1,-0.01,-1,-1,-0.01,-1,-1,-0.01,-1,-1,-0.01,-1,-1
99926009,2026-05-18 12:49:41+05:30,53271.3,0,0.0,0,0.0,0.0,53282.15,53333.0,52783.45,53710.35,0,0.0,0.0,0.0,0.0,-0.01,-1,-1,-0.01,-1,-1,-0.01,-1,-1,-0.01,-1,-1,-0.01,-1,-1,-0.01,-1,-1,-0.01,-1,-1,-0.01,-1,-1,-0.01,-1,-1,-0.01,-1,-1
99926009,2026-05-18 12:49:42+05:30,53268.15,0,0.0,0,0.0,0.0,53282.15,53333.0,52783.45,53710.35,0,0.0,0.0,0.0,0.0,-0.01,-1,-1,-0.01,-1,-1,-0.01,-1,-1,-0.01,-1,-1,-0.01,-1,-1,-0.01,-1,-1,-0.01,-1,-1,-0.01,-1,-1,-0.01,-1,-1,-0.01,-1,-1
99926009,2026-05-18 12:49:42+05:30,53265.0,0,0.0,0,0.0,0.0,53282.15,53333.0,52783.45,53710.35,0,0.0,0.0,0.0,0.0,-0.01,-1,-1,-0.01,-1,-1,-0.01,-1,-1,-0.01,-1,-1,-0.01,-1,-1,-0.01,-1,-1,-0.01,-1,-1,-0.01,-1,-1,-0.01,-1,-1,-0.01,-1,-1
99926009,2026-05-18 12:49:43+05:30,53264.05,0,0.0,0,0.0,0.0,53282.15,53333.0,52783.45,53710.35,0,0.0,0.0,0.0,0.0,-0.01,-1,-1,-0.01,-1,-1,-0.01,-1,-1,-0.01,-1,-1,-0.01,-1,-1,-0.01,-1,-1,-0.01,-1,-1,-0.01,-1,-1,-0.01,-1,-1,-0.01,-1,-1
99926009,2026-05-18 12:49:43+05:30,53263.6,0,0.0,0,0.0,0.0,53282.15,53333.0,52783.45,53710.35,0,0.0,0.0,0.0,0.0,-0.01,-1,-1,-0.01,-1,-1,-0.01,-1,-1,-0.01,-1,-1,-0.01,-1,-1,-0.01,-1,-1,-0.01,-1,-1,-0.01,-1,-1,-0.01,-1,-1,-0.01,-1,-1
99926009,2026-05-18 12:49:44+05:30,53261.7,0,0.0,0,0.0,0.0,53282.15,53333.0,52783.45,53710.35,0,0.0,0.0,0.0,0.0,-0.01,-1,-1,-0.01,-1,-1,-0.01,-1,-1,-0.01,-1,-1,-0.01,-1,-1,-0.01,-1,-1,-0.01,-1,-1,-0.01,-1,-1,-0.01,-1,-1,-0.01,-1,-1
99926009,2026-05-18 12:49:44+05:30,53261.8,0,0.0,0,0.0,0.0,53282.15,53333.0,52783.45,53710.35,0,0.0,0.0,0.0,0.0,-0.01,-1,-1,-0.01,-1,-1,-0.01,-1,-1,-0.01,-1,-1,-0.01,-1,-1,-0.01,-1,-1,-0.01,-1,-1,-0.01,-1,-1,-0.01,-1,-1,-0.01,-1,-1
99926009,2026-05-18 12:49:45+05:30,53263.75,0,0.0,0,0.0,0.0,53282.15,53333.0,52783.45,53710.35,0,0.0,0.0,0.0,0.0,-0.01,-1,-1,-0.01,-1,-1,-0.01,-1,-1,-0.01,-1,-1,-0.01,-1,-1,-0.01,-1,-1,-0.01,-1,-1,-0.01,-1,-1,-0.01,-1,-1,-0.01,-1,-1
99926009,2026-05-18 12:49:45+05:30,53264.45,0,0.0,0,0.0,0.0,53282.15,53333.0,52783.45,53710.35,0,0.0,0.0,0.0,0.0,-0.01,-1,-1,-0.01,-1,-1,-0.01,-1,-1,-0.01,-1,-1,-0.01,-1,-1,-0.01,-1,-1,-0.01,-1,-1,-0.01,-1,-1,-0.01,-1,-1,-0.01,-1,-1
99926009,2026-05-18 12:49:46+05:30,53263.35,0,0.0,0,0.0,0.0,53282.15,53333.0,52783.45,53710.35,0,0.0,0.0,0.0,0.0,-0.01,-1,-1,-0.01,-1,-1,-0.01,-1,-1,-0.01,-1,-1,-0.01,-1,-1,-0.01,-1,-1,-0.01,-1,-1,-0.01,-1,-1,-0.01,-1,-1,-0.01,-1,-1
99926009,2026-05-18 12:49:46+05:30,53264.75,0,0.0,0,0.0,0.0,53282.15,53333.0,52783.45,53710.35,0,0.0,0.0,0.0,0.0,-0.01,-1,-1,-0.01,-1,-1,-0.01,-1,-1,-0.01,-1,-1,-0.01,-1,-1,-0.01,-1,-1,-0.01,-1,-1,-0.01,-1,-1,-0.01,-1,-1,-0.01,-1,-1
99926009,2026-05-18 12:49:47+05:30,53262.7,0,0.0,0,0.0,0.0,53282.15,53333.0,52783.45,53710.35,0,0.0,0.0,0.0,0.0,-0.01,-1,-1,-0.01,-1,-1,-0.01,-1,-1,-0.01,-1,-1,-0.01,-1,-1,-0.01,-1,-1,-0.01,-1,-1,-0.01,-1,-1,-0.01,-1,-1,-0.01,-1,-1
99926009,2026-05-18 12:49:47+05:30,53266.15,0,0.0,0,0.0,0.0,53282.15,53333.0,52783.45,53710.35,0,0.0,0.0,0.0,0.0,-0.01,-1,-1,-0.01,-1,-1,-0.01,-1,-1,-0.01,-1,-1,-0.01,-1,-1,-0.01,-1,-1,-0.01,-1,-1,-0.01,-1,-1,-0.01,-1,-1,-0.01,-1,-1
99926009,2026-05-18 12:49:48+05:30,53265.55,0,0.0,0,0.0,0.0,53282.15,53333.0,52783.45,53710.35,0,0.0,0.0,0.0,0.0,-0.01,-1,-1,-0.01,-1,-1,-0.01,-1,-1,-0.01,-1,-1,-0.01,-1,-1,-0.01,-1,-1,-0.01,-1,-1,-0.01,-1,-1,-0.01,-1,-1,-0.01,-1,-1
99926009,2026-05-18 12:49:48+05:30,53265.05,0,0.0,0,0.0,0.0,53282.15,53333.0,52783.45,53710.35,0,0.0,0.0,0.0,0.0,-0.01,-1,-1,-0.01,-1,-1,-0.01,-1,-1,-0.01,-1,-1,-0.01,-1,-1,-0.01,-1,-1,-0.01,-1,-1,-0.01,-1,-1,-0.01,-1,-1,-0.01,-1,-1
99926009,2026-05-18 12:49:49+05:30,53262.9,0,0.0,0,0.0,0.0,53282.15,53333.0,52783.45,53710.35,0,0.0,0.0,0.0,0.0,-0.01,-1,-1,-0.01,-1,-1,-0.01,-1,-1,-0.01,-1,-1,-0.01,-1,-1,-0.01,-1,-1,-0.01,-1,-1,-0.01,-1,-1,-0.01,-1,-1,-0.01,-1,-1
99926009,2026-05-18 12:49:49+05:30,53262.4,0,0.0,0,0.0,0.0,53282.15,53333.0,52783.45,53710.35,0,0.0,0.0,0.0,0.0,-0.01,-1,-1,-0.01,-1,-1,-0.01,-1,-1,-0.01,-1,-1,-0.01,-1,-1,-0.01,-1,-1,-0.01,-1,-1,-0.01,-1,-1,-0.01,-1,-1,-0.01,-1,-1
99926009,2026-05-18 12:49:50+05:30,53264.95,0,0.0,0,0.0,0.0,53282.15,53333.0,52783.45,53710.35,0,0.0,0.0,0.0,0.0,-0.01,-1,-1,-0.01,-1,-1,-0.01,-1,-1,-0.01,-1,-1,-0.01,-1,-1,-0.01,-1,-1,-0.01,-1,-1,-0.01,-1,-1,-0.01,-1,-1,-0.01,-1,-1
99926009,2026-05-18 12:49:50+05:30,53262.85,0,0.0,0,0.0,0.0,53282.15,53333.0,52783.45,53710.35,0,0.0,0.0,0.0,0.0,-0.01,-1,-1,-0.01,-1,-1,-0.01,-1,-1,-0.01,-1,-1,-0.01,-1,-1,-0.01,-1,-1,-0.01,-1,-1,-0.01,-1,-1,-0.01,-1,-1,-0.01,-1,-1
99926009,2026-05-18 12:49:51+05:30,53265.2,0,0.0,0,0.0,0.0,53282.15,53333.0,52783.45,53710.35,0,0.0,0.0,0.0,0.0,-0.01,-1,-1,-0.01,-1,-1,-0.01,-1,-1,-0.01,-1,-1,-0.01,-1,-1,-0.01,-1,-1,-0.01,-1,-1,-0.01,-1,-1,-0.01,-1,-1,-0.01,-1,-1
99926009,2026-05-18 12:49:51+05:30,53267.5,0,0.0,0,0.0,0.0,53282.15,53333.0,52783.45,53710.35,0,0.0,0.0,0.0,0.0,-0.01,-1,-1,-0.01,-1,-1,-0.01,-1,-1,-0.01,-1,-1,-0.01,-1,-1,-0.01,-1,-1,-0.01,-1,-1,-0.01,-1,-1,-0.01,-1,-1,-0.01,-1,-1
99926009,2026-05-18 12:49:52+05:30,53266.8,0,0.0,0,0.0,0.0,53282.15,53333.0,52783.45,53710.35,0,0.0,0.0,0.0,0.0,-0.01,-1,-1,-0.01,-1,-1,-0.01,-1,-1,-0.01,-1,-1,-0.01,-1,-1,-0.01,-1,-1,-0.01,-1,-1,-0.01,-1,-1,-0.01,-1,-1,-0.01,-1,-1
99926009,2026-05-18 12:49:52+05:30,53266.0,0,0.0,0,0.0,0.0,53282.15,53333.0,52783.45,53710.35,0,0.0,0.0,0.0,0.0,-0.01,-1,-1,-0.01,-1,-1,-0.01,-1,-1,-0.01,-1,-1,-0.01,-1,-1,-0.01,-1,-1,-0.01,-1,-1,-0.01,-1,-1,-0.01,-1,-1,-0.01,-1,-1
99926009,2026-05-18 12:49:53+05:30,53266.85,0,0.0,0,0.0,0.0,53282.15,53333.0,52783.45,53710.35,0,0.0,0.0,0.0,0.0,-0.01,-1,-1,-0.01,-1,-1,-0.01,-1,-1,-0.01,-1,-1,-0.01,-1,-1,-0.01,-1,-1,-0.01,-1,-1,-0.01,-1,-1,-0.01,-1,-1,-0.01,-1,-1
99926009,2026-05-18 12:49:53+05:30,53266.6,0,0.0,0,0.0,0.0,53282.15,53333.0,52783.45,53710.35,0,0.0,0.0,0.0,0.0,-0.01,-1,-1,-0.01,-1,-1,-0.01,-1,-1,-0.01,-1,-1,-0.01,-1,-1,-0.01,-1,-1,-0.01,-1,-1,-0.01,-1,-1,-0.01,-1,-1,-0.01,-1,-1
99926009,2026-05-18 12:49:54+05:30,53264.55,0,0.0,0,0.0,0.0,53282.15,53333.0,52783.45,53710.35,0,0.0,0.0,0.0,0.0,-0.01,-1,-1,-0.01,-1,-1,-0.01,-1,-1,-0.01,-1,-1,-0.01,-1,-1,-0.01,-1,-1,-0.01,-1,-1,-0.01,-1,-1,-0.01,-1,-1,-0.01,-1,-1
99926009,2026-05-18 12:49:54+05:30,53265.6,0,0.0,0,0.0,0.0,53282.15,53333.0,52783.45,53710.35,0,0.0,0.0,0.0,0.0,-0.01,-1,-1,-0.01,-1,-1,-0.01,-1,-1,-0.01,-1,-1,-0.01,-1,-1,-0.01,-1,-1,-0.01,-1,-1,-0.01,-1,-1,-0.01,-1,-1,-0.01,-1,-1
99926009,2026-05-18 12:49:55+05:30,53265.9,0,0.0,0,0.0,0.0,53282.15,53333.0,52783.45,53710.35,0,0.0,0.0,0.0,0.0,-0.01,-1,-1,-0.01,-1,-1,-0.01,-1,-1,-0.01,-1,-1,-0.01,-1,-1,-0.01,-1,-1,-0.01,-1,-1,-0.01,-1,-1,-0.01,-1,-1,-0.01,-1,-1
99926009,2026-05-18 12:49:55+05:30,53266.65,0,0.0,0,0.0,0.0,53282.15,53333.0,52783.45,53710.35,0,0.0,0.0,0.0,0.0,-0.01,-1,-1,-0.01,-1,-1,-0.01,-1,-1,-0.01,-1,-1,-0.01,-1,-1,-0.01,-1,-1,-0.01,-1,-1,-0.01,-1,-1,-0.01,-1,-1,-0.01,-1,-1
99926009,2026-05-18 12:49:56+05:30,53263.5,0,0.0,0,0.0,0.0,53282.15,53333.0,52783.45,53710.35,0,0.0,0.0,0.0,0.0,-0.01,-1,-1,-0.01,-1,-1,-0.01,-1,-1,-0.01,-1,-1,-0.01,-1,-1,-0.01,-1,-1,-0.01,-1,-1,-0.01,-1,-1,-0.01,-1,-1,-0.01,-1,-1
99926009,2026-05-18 12:49:56+05:30,53264.55,0,0.0,0,0.0,0.0,53282.15,53333.0,52783.45,53710.35,0,0.0,0.0,0.0,0.0,-0.01,-1,-1,-0.01,-1,-1,-0.01,-1,-1,-0.01,-1,-1,-0.01,-1,-1,-0.01,-1,-1,-0.01,-1,-1,-0.01,-1,-1,-0.01,-1,-1,-0.01,-1,-1
99926009,2026-05-18 12:49:57+05:30,53260.7,0,0.0,0,0.0,0.0,53282.15,53333.0,52783.45,53710.35,0,0.0,0.0,0.0,0.0,-0.01,-1,-1,-0.01,-1,-1,-0.01,-1,-1,-0.01,-1,-1,-0.01,-1,-1,-0.01,-1,-1,-0.01,-1,-1,-0.01,-1,-1,-0.01,-1,-1,-0.01,-1,-1
99926009,2026-05-18 12:49:57+05:30,53262.75,0,0.0,0,0.0,0.0,53282.15,53333.0,52783.45,53710.35,0,0.0,0.0,0.0,0.0,-0.01,-1,-1,-0.01,-1,-1,-0.01,-1,-1,-0.01,-1,-1,-0.01,-1,-1,-0.01,-1,-1,-0.01,-1,-1,-0.01,-1,-1,-0.01,-1,-1,-0.01,-1,-1
99926009,2026-05-18 12:49:58+05:30,53264.25,0,0.0,0,0.0,0.0,53282.15,53333.0,52783.45,53710.35,0,0.0,0.0,0.0,0.0,-0.01,-1,-1,-0.01,-1,-1,-0.01,-1,-1,-0.01,-1,-1,-0.01,-1,-1,-0.01,-1,-1,-0.01,-1,-1,-0.01,-1,-1,-0.01,-1,-1,-0.01,-1,-1
99926009,2026-05-18 12:49:58+05:30,53261.85,0,0.0,0,0.0,0.0,53282.15,53333.0,52783.45,53710.35,0,0.0,0.0,0.0,0.0,-0.01,-1,-1,-0.01,-1,-1,-0.01,-1,-1,-0.01,-1,-1,-0.01,-1,-1,-0.01,-1,-1,-0.01,-1,-1,-0.01,-1,-1,-0.01,-1,-1,-0.01,-1,-1
99926009,2026-05-18 12:49:59+05:30,53259.65,0,0.0,0,0.0,0.0,53282.15,53333.0,52783.45,53710.35,0,0.0,0.0,0.0,0.0,-0.01,-1,-1,-0.01,-1,-1,-0.01,-1,-1,-0.01,-1,-1,-0.01,-1,-1,-0.01,-1,-1,-0.01,-1,-1,-0.01,-1,-1,-0.01,-1,-1,-0.01,-1,-1
99926009,2026-05-18 12:49:59+05:30,53256.95,0,0.0,0,0.0,0.0,53282.15,53333.0,52783.45,53710.35,0,0.0,0.0,0.0,0.0,-0.01,-1,-1,-0.01,-1,-1,-0.01,-1,-1,-0.01,-1,-1,-0.01,-1,-1,-0.01,-1,-1,-0.01,-1,-1,-0.01,-1,-1,-0.01,-1,-1,-0.01,-1,-1
99926009,2026-05-18 12:50:00+05:30,53257.0,0,0.0,0,0.0,0.0,53282.15,53333.0,52783.45,53710.35,0,0.0,0.0,0.0,0.0,-0.01,-1,-1,-0.01,-1,-1,-0.01,-1,-1,-0.01,-1,-1,-0.01,-1,-1,-0.01,-1,-1,-0.01,-1,-1,-0.01,-1,-1,-0.01,-1,-1,-0.01,-1,-1
99926009,2026-05-18 12:50:00+05:30,53261.1,0,0.0,0,0.0,0.0,53282.15,53333.0,52783.45,53710.35,0,0.0,0.0,0.0,0.0,-0.01,-1,-1,-0.01,-1,-1,-0.01,-1,-1,-0.01,-1,-1,-0.01,-1,-1,-0.01,-1,-1,-0.01,-1,-1,-0.01,-1,-1,-0.01,-1,-1,-0.01,-1,-1
99926009,2026-05-18 12:50:01+05:30,53259.35,0,0.0,0,0.0,0.0,53282.15,53333.0,52783.45,53710.35,0,0.0,0.0,0.0,0.0,-0.01,-1,-1,-0.01,-1,-1,-0.01,-1,-1,-0.01,-1,-1,-0.01,-1,-1,-0.01,-1,-1,-0.01,-1,-1,-0.01,-1,-1,-0.01,-1,-1,-0.01,-1,-1
99926009,2026-05-18 12:50:01+05:30,53260.15,0,0.0,0,0.0,0.0,53282.15,53333.0,52783.45,53710.35,0,0.0,0.0,0.0,0.0,-0.01,-1,-1,-0.01,-1,-1,-0.01,-1,-1,-0.01,-1,-1,-0.01,-1,-1,-0.01,-1,-1,-0.01,-1,-1,-0.01,-1,-1,-0.01,-1,-1,-0.01,-1,-1
99926009,2026-05-18 12:50:02+05:30,53256.4,0,0.0,0,0.0,0.0,53282.15,53333.0,52783.45,53710.35,0,0.0,0.0,0.0,0.0,-0.01,-1,-1,-0.01,-1,-1,-0.01,-1,-1,-0.01,-1,-1,-0.01,-1,-1,-0.01,-1,-1,-0.01,-1,-1,-0.01,-1,-1,-0.01,-1,-1,-0.01,-1,-1
99926009,2026-05-18 12:50:02+05:30,53253.3,0,0.0,0,0.0,0.0,53282.15,53333.0,52783.45,53710.35,0,0.0,0.0,0.0,0.0,-0.01,-1,-1,-0.01,-1,-1,-0.01,-1,-1,-0.01,-1,-1,-0.01,-1,-1,-0.01,-1,-1,-0.01,-1,-1,-0.01,-1,-1,-0.01,-1,-1,-0.01,-1,-1
99926009,2026-05-18 12:50:03+05:30,53256.2,0,0.0,0,0.0,0.0,53282.15,53333.0,52783.45,53710.35,0,0.0,0.0,0.0,0.0,-0.01,-1,-1,-0.01,-1,-1,-0.01,-1,-1,-0.01,-1,-1,-0.01,-1,-1,-0.01,-1,-1,-0.01,-1,-1,-0.01,-1,-1,-0.01,-1,-1,-0.01,-1,-1
99926009,2026-05-18 12:50:03+05:30,53257.0,0,0.0,0,0.0,0.0,53282.15,53333.0,52783.45,53710.35,0,0.0,0.0,0.0,0.0,-0.01,-1,-1,-0.01,-1,-1,-0.01,-1,-1,-0.01,-1,-1,-0.01,-1,-1,-0.01,-1,-1,-0.01,-1,-1,-0.01,-1,-1,-0.01,-1,-1,-0.01,-1,-1
99926009,2026-05-18 12:50:04+05:30,53259.9,0,0.0,0,0.0,0.0,53282.15,53333.0,52783.45,53710.35,0,0.0,0.0,0.0,0.0,-0.01,-1,-1,-0.01,-1,-1,-0.01,-1,-1,-0.01,-1,-1,-0.01,-1,-1,-0.01,-1,-1,-0.01,-1,-1,-0.01,-1,-1,-0.01,-1,-1,-0.01,-1,-1
99926009,2026-05-18 12:50:04+05:30,53259.85,0,0.0,0,0.0,0.0,53282.15,53333.0,52783.45,53710.35,0,0.0,0.0,0.0,0.0,-0.01,-1,-1,-0.01,-1,-1,-0.01,-1,-1,-0.01,-1,-1,-0.01,-1,-1,-0.01,-1,-1,-0.01,-1,-1,-0.01,-1,-1,-0.01,-1,-1,-0.01,-1,-1
99926009,2026-05-18 12:50:05+05:30,53257.95,0,0.0,0,0.0,0.0,53282.15,53333.0,52783.45,53710.35,0,0.0,0.0,0.0,0.0,-0.01,-1,-1,-0.01,-1,-1,-0.01,-1,-1,-0.01,-1,-1,-0.01,-1,-1,-0.01,-1,-1,-0.01,-1,-1,-0.01,-1,-1,-0.01,-1,-1,-0.01,-1,-1
99926009,2026-05-18 12:50:05+05:30,53264.0,0,0.0,0,0.0,0.0,53282.15,53333.0,52783.45,53710.35,0,0.0,0.0,0.0,0.0,-0.01,-1,-1,-0.01,-1,-1,-0.01,-1,-1,-0.01,-1,-1,-0.01,-1,-1,-0.01,-1,-1,-0.01,-1,-1,-0.01,-1,-1,-0.01,-1,-1,-0.01,-1,-1
99926009,2026-05-18 12:50:06+05:30,53262.65,0,0.0,0,0.0,0.0,53282.15,53333.0,52783.45,53710.35,0,0.0,0.0,0.0,0.0,-0.01,-1,-1,-0.01,-1,-1,-0.01,-1,-1,-0.01,-1,-1,-0.01,-1,-1,-0.01,-1,-1,-0.01,-1,-1,-0.01,-1,-1,-0.01,-1,-1,-0.01,-1,-1
99926009,2026-05-18 12:50:06+05:30,53266.25,0,0.0,0,0.0,0.0,53282.15,53333.0,52783.45,53710.35,0,0.0,0.0,0.0,0.0,-0.01,-1,-1,-0.01,-1,-1,-0.01,-1,-1,-0.01,-1,-1,-0.01,-1,-1,-0.01,-1,-1,-0.01,-1,-1,-0.01,-1,-1,-0.01,-1,-1,-0.01,-1,-1
99926009,2026-05-18 12:50:07+05:30,53265.6,0,0.0,0,0.0,0.0,53282.15,53333.0,52783.45,53710.35,0,0.0,0.0,0.0,0.0,-0.01,-1,-1,-0.01,-1,-1,-0.01,-1,-1,-0.01,-1,-1,-0.01,-1,-1,-0.01,-1,-1,-0.01,-1,-1,-0.01,-1,-1,-0.01,-1,-1,-0.01,-1,-1
99926009,2026-05-18 12:50:07+05:30,53265.0,0,0.0,0,0.0,0.0,53282.15,53333.0,52783.45,53710.35,0,0.0,0.0,0.0,0.0,-0.01,-1,-1,-0.01,-1,-1,-0.01,-1,-1,-0.01,-1,-1,-0.01,-1,-1,-0.01,-1,-1,-0.01,-1,-1,-0.01,-1,-1,-0.01,-1,-1,-0.01,-1,-1
99926009,2026-05-18 12:50:08+05:30,53260.15,0,0.0,0,0.0,0.0,53282.15,53333.0,52783.45,53710.35,0,0.0,0.0,0.0,0.0,-0.01,-1,-1,-0.01,-1,-1,-0.01,-1,-1,-0.01,-1,-1,-0.01,-1,-1,-0.01,-1,-1,-0.01,-1,-1,-0.01,-1,-1,-0.01,-1,-1,-0.01,-1,-1
99926009,2026-05-18 12:50:08+05:30,53262.6,0,0.0,0,0.0,0.0,53282.15,53333.0,52783.45,53710.35,0,0.0,0.0,0.0,0.0,-0.01,-1,-1,-0.01,-1,-1,-0.01,-1,-1,-0.01,-1,-1,-0.01,-1,-1,-0.01,-1,-1,-0.01,-1,-1,-0.01,-1,-1,-0.01,-1,-1,-0.01,-1,-1
99926009,2026-05-18 12:50:09+05:30,53262.75,0,0.0,0,0.0,0.0,53282.15,53333.0,52783.45,53710.35,0,0.0,0.0,0.0,0.0,-0.01,-1,-1,-0.01,-1,-1,-0.01,-1,-1,-0.01,-1,-1,-0.01,-1,-1,-0.01,-1,-1,-0.01,-1,-1,-0.01,-1,-1,-0.01,-1,-1,-0.01,-1,-1
99926009,2026-05-18 12:50:09+05:30,53265.0,0,0.0,0,0.0,0.0,53282.15,53333.0,52783.45,53710.35,0,0.0,0.0,0.0,0.0,-0.01,-1,-1,-0.01,-1,-1,-0.01,-1,-1,-0.01,-1,-1,-0.01,-1,-1,-0.01,-1,-1,-0.01,-1,-1,-0.01,-1,-1,-0.01,-1,-1,-0.01,-1,-1
99926009,2026-05-18 12:50:10+05:30,53267.35,0,0.0,0,0.0,0.0,53282.15,53333.0,52783.45,53710.35,0,0.0,0.0,0.0,0.0,-0.01,-1,-1,-0.01,-1,-1,-0.01,-1,-1,-0.01,-1,-1,-0.01,-1,-1,-0.01,-1,-1,-0.01,-1,-1,-0.01,-1,-1,-0.01,-1,-1,-0.01,-1,-1
99926009,2026-05-18 12:50:10+05:30,53267.85,0,0.0,0,0.0,0.0,53282.15,53333.0,52783.45,53710.35,0,0.0,0.0,0.0,0.0,-0.01,-1,-1,-0.01,-1,-1,-0.01,-1,-1,-0.01,-1,-1,-0.01,-1,-1,-0.01,-1,-1,-0.01,-1,-1,-0.01,-1,-1,-0.01,-1,-1,-0.01,-1,-1
99926009,2026-05-18 12:50:11+05:30,53266.75,0,0.0,0,0.0,0.0,53282.15,53333.0,52783.45,53710.35,0,0.0,0.0,0.0,0.0,-0.01,-1,-1,-0.01,-1,-1,-0.01,-1,-1,-0.01,-1,-1,-0.01,-1,-1,-0.01,-1,-1,-0.01,-1,-1,-0.01,-1,-1,-0.01,-1,-1,-0.01,-1,-1
99926009,2026-05-18 12:50:11+05:30,53267.4,0,0.0,0,0.0,0.0,53282.15,53333.0,52783.45,53710.35,0,0.0,0.0,0.0,0.0,-0.01,-1,-1,-0.01,-1,-1,-0.01,-1,-1,-0.01,-1,-1,-0.01,-1,-1,-0.01,-1,-1,-0.01,-1,-1,-0.01,-1,-1,-0.01,-1,-1,-0.01,-1,-1
99926009,2026-05-18 12:50:12+05:30,53267.7,0,0.0,0,0.0,0.0,53282.15,53333.0,52783.45,53710.35,0,0.0,0.0,0.0,0.0,-0.01,-1,-1,-0.01,-1,-1,-0.01,-1,-1,-0.01,-1,-1,-0.01,-1,-1,-0.01,-1,-1,-0.01,-1,-1,-0.01,-1,-1,-0.01,-1,-1,-0.01,-1,-1
99926009,2026-05-18 12:50:12+05:30,53265.85,0,0.0,0,0.0,0.0,53282.15,53333.0,52783.45,53710.35,0,0.0,0.0,0.0,0.0,-0.01,-1,-1,-0.01,-1,-1,-0.01,-1,-1,-0.01,-1,-1,-0.01,-1,-1,-0.01,-1,-1,-0.01,-1,-1,-0.01,-1,-1,-0.01,-1,-1,-0.01,-1,-1
99926009,2026-05-18 12:50:13+05:30,53264.8,0,0.0,0,0.0,0.0,53282.15,53333.0,52783.45,53710.35,0,0.0,0.0,0.0,0.0,-0.01,-1,-1,-0.01,-1,-1,-0.01,-1,-1,-0.01,-1,-1,-0.01,-1,-1,-0.01,-1,-1,-0.01,-1,-1,-0.01,-1,-1,-0.01,-1,-1,-0.01,-1,-1
99926009,2026-05-18 12:50:13+05:30,53263.1,0,0.0,0,0.0,0.0,53282.15,53333.0,52783.45,53710.35,0,0.0,0.0,0.0,0.0,-0.01,-1,-1,-0.01,-1,-1,-0.01,-1,-1,-0.01,-1,-1,-0.01,-1,-1,-0.01,-1,-1,-0.01,-1,-1,-0.01,-1,-1,-0.01,-1,-1,-0.01,-1,-1
99926009,2026-05-18 12:50:14+05:30,53263.1,0,0.0,0,0.0,0.0,53282.15,53333.0,52783.45,53710.35,0,0.0,0.0,0.0,0.0,-0.01,-1,-1,-0.01,-1,-1,-0.01,-1,-1,-0.01,-1,-1,-0.01,-1,-1,-0.01,-1,-1,-0.01,-1,-1,-0.01,-1,-1,-0.01,-1,-1,-0.01,-1,-1
99926009,2026-05-18 12:50:14+05:30,53265.5,0,0.0,0,0.0,0.0,53282.15,53333.0,52783.45,53710.35,0,0.0,0.0,0.0,0.0,-0.01,-1,-1,-0.01,-1,-1,-0.01,-1,-1,-0.01,-1,-1,-0.01,-1,-1,-0.01,-1,-1,-0.01,-1,-1,-0.01,-1,-1,-0.01,-1,-1,-0.01,-1,-1
99926009,2026-05-18 12:50:15+05:30,53261.55,0,0.0,0,0.0,0.0,53282.15,53333.0,52783.45,53710.35,0,0.0,0.0,0.0,0.0,-0.01,-1,-1,-0.01,-1,-1,-0.01,-1,-1,-0.01,-1,-1,-0.01,-1,-1,-0.01,-1,-1,-0.01,-1,-1,-0.01,-1,-1,-0.01,-1,-1,-0.01,-1,-1
99926009,2026-05-18 12:50:15+05:30,53264.55,0,0.0,0,0.0,0.0,53282.15,53333.0,52783.45,53710.35,0,0.0,0.0,0.0,0.0,-0.01,-1,-1,-0.01,-1,-1,-0.01,-1,-1,-0.01,-1,-1,-0.01,-1,-1,-0.01,-1,-1,-0.01,-1,-1,-0.01,-1,-1,-0.01,-1,-1,-0.01,-1,-1
99926009,2026-05-18 12:50:16+05:30,53264.85,0,0.0,0,0.0,0.0,53282.15,53333.0,52783.45,53710.35,0,0.0,0.0,0.0,0.0,-0.01,-1,-1,-0.01,-1,-1,-0.01,-1,-1,-0.01,-1,-1,-0.01,-1,-1,-0.01,-1,-1,-0.01,-1,-1,-0.01,-1,-1,-0.01,-1,-1,-0.01,-1,-1
99926009,2026-05-18 12:50:16+05:30,53265.3,0,0.0,0,0.0,0.0,53282.15,53333.0,52783.45,53710.35,0,0.0,0.0,0.0,0.0,-0.01,-1,-1,-0.01,-1,-1,-0.01,-1,-1,-0.01,-1,-1,-0.01,-1,-1,-0.01,-1,-1,-0.01,-1,-1,-0.01,-1,-1,-0.01,-1,-1,-0.01,-1,-1
99926009,2026-05-18 12:50:17+05:30,53264.7,0,0.0,0,0.0,0.0,53282.15,53333.0,52783.45,53710.35,0,0.0,0.0,0.0,0.0,-0.01,-1,-1,-0.01,-1,-1,-0.01,-1,-1,-0.01,-1,-1,-0.01,-1,-1,-0.01,-1,-1,-0.01,-1,-1,-0.01,-1,-1,-0.01,-1,-1,-0.01,-1,-1
99926009,2026-05-18 12:50:17+05:30,53261.7,0,0.0,0,0.0,0.0,53282.15,53333.0,52783.45,53710.35,0,0.0,0.0,0.0,0.0,-0.01,-1,-1,-0.01,-1,-1,-0.01,-1,-1,-0.01,-1,-1,-0.01,-1,-1,-0.01,-1,-1,-0.01,-1,-1,-0.01,-1,-1,-0.01,-1,-1,-0.01,-1,-1
99926009,2026-05-18 12:50:18+05:30,53264.7,0,0.0,0,0.0,0.0,53282.15,53333.0,52783.45,53710.35,0,0.0,0.0,0.0,0.0,-0.01,-1,-1,-0.01,-1,-1,-0.01,-1,-1,-0.01,-1,-1,-0.01,-1,-1,-0.01,-1,-1,-0.01,-1,-1,-0.01,-1,-1,-0.01,-1,-1,-0.01,-1,-1
99926009,2026-05-18 12:50:18+05:30,53263.35,0,0.0,0,0.0,0.0,53282.15,53333.0,52783.45,53710.35,0,0.0,0.0,0.0,0.0,-0.01,-1,-1,-0.01,-1,-1,-0.01,-1,-1,-0.01,-1,-1,-0.01,-1,-1,-0.01,-1,-1,-0.01,-1,-1,-0.01,-1,-1,-0.01,-1,-1,-0.01,-1,-1
99926009,2026-05-18 12:50:19+05:30,53263.25,0,0.0,0,0.0,0.0,53282.15,53333.0,52783.45,53710.35,0,0.0,0.0,0.0,0.0,-0.01,-1,-1,-0.01,-1,-1,-0.01,-1,-1,-0.01,-1,-1,-0.01,-1,-1,-0.01,-1,-1,-0.01,-1,-1,-0.01,-1,-1,-0.01,-1,-1,-0.01,-1,-1
99926009,2026-05-18 12:50:19+05:30,53261.1,0,0.0,0,0.0,0.0,53282.15,53333.0,52783.45,53710.35,0,0.0,0.0,0.0,0.0,-0.01,-1,-1,-0.01,-1,-1,-0.01,-1,-1,-0.01,-1,-1,-0.01,-1,-1,-0.01,-1,-1,-0.01,-1,-1,-0.01,-1,-1,-0.01,-1,-1,-0.01,-1,-1
99926009,2026-05-18 12:50:20+05:30,53261.25,0,0.0,0,0.0,0.0,53282.15,53333.0,52783.45,53710.35,0,0.0,0.0,0.0,0.0,-0.01,-1,-1,-0.01,-1,-1,-0.01,-1,-1,-0.01,-1,-1,-0.01,-1,-1,-0.01,-1,-1,-0.01,-1,-1,-0.01,-1,-1,-0.01,-1,-1,-0.01,-1,-1
99926009,2026-05-18 12:50:20+05:30,53263.85,0,0.0,0,0.0,0.0,53282.15,53333.0,52783.45,53710.35,0,0.0,0.0,0.0,0.0,-0.01,-1,-1,-0.01,-1,-1,-0.01,-1,-1,-0.01,-1,-1,-0.01,-1,-1,-0.01,-1,-1,-0.01,-1,-1,-0.01,-1,-1,-0.01,-1,-1,-0.01,-1,-1
99926009,2026-05-18 12:50:21+05:30,53261.65,0,0.0,0,0.0,0.0,53282.15,53333.0,52783.45,53710.35,0,0.0,0.0,0.0,0.0,-0.01,-1,-1,-0.01,-1,-1,-0.01,-1,-1,-0.01,-1,-1,-0.01,-1,-1,-0.01,-1,-1,-0.01,-1,-1,-0.01,-1,-1,-0.01,-1,-1,-0.01,-1,-1
99926009,2026-05-18 12:50:21+05:30,53262.95,0,0.0,0,0.0,0.0,53282.15,53333.0,52783.45,53710.35,0,0.0,0.0,0.0,0.0,-0.01,-1,-1,-0.01,-1,-1,-0.01,-1,-1,-0.01,-1,-1,-0.01,-1,-1,-0.01,-1,-1,-0.01,-1,-1,-0.01,-1,-1,-0.01,-1,-1,-0.01,-1,-1
99926009,2026-05-18 12:50:22+05:30,53264.35,0,0.0,0,0.0,0.0,53282.15,53333.0,52783.45,53710.35,0,0.0,0.0,0.0,0.0,-0.01,-1,-1,-0.01,-1,-1,-0.01,-1,-1,-0.01,-1,-1,-0.01,-1,-1,-0.01,-1,-1,-0.01,-1,-1,-0.01,-1,-1,-0.01,-1,-1,-0.01,-1,-1
99926009,2026-05-18 12:50:22+05:30,53258.6,0,0.0,0,0.0,0.0,53282.15,53333.0,52783.45,53710.35,0,0.0,0.0,0.0,0.0,-0.01,-1,-1,-0.01,-1,-1,-0.01,-1,-1,-0.01,-1,-1,-0.01,-1,-1,-0.01,-1,-1,-0.01,-1,-1,-0.01,-1,-1,-0.01,-1,-1,-0.01,-1,-1
99926009,2026-05-18 12:50:23+05:30,53262.9,0,0.0,0,0.0,0.0,53282.15,53333.0,52783.45,53710.35,0,0.0,0.0,0.0,0.0,-0.01,-1,-1,-0.01,-1,-1,-0.01,-1,-1,-0.01,-1,-1,-0.01,-1,-1,-0.01,-1,-1,-0.01,-1,-1,-0.01,-1,-1,-0.01,-1,-1,-0.01,-1,-1
99926009,2026-05-18 12:50:23+05:30,53263.75,0,0.0,0,0.0,0.0,53282.15,53333.0,52783.45,53710.35,0,0.0,0.0,0.0,0.0,-0.01,-1,-1,-0.01,-1,-1,-0.01,-1,-1,-0.01,-1,-1,-0.01,-1,-1,-0.01,-1,-1,-0.01,-1,-1,-0.01,-1,-1,-0.01,-1,-1,-0.01,-1,-1
99926009,2026-05-18 12:50:24+05:30,53261.45,0,0.0,0,0.0,0.0,53282.15,53333.0,52783.45,53710.35,0,0.0,0.0,0.0,0.0,-0.01,-1,-1,-0.01,-1,-1,-0.01,-1,-1,-0.01,-1,-1,-0.01,-1,-1,-0.01,-1,-1,-0.01,-1,-1,-0.01,-1,-1,-0.01,-1,-1,-0.01,-1,-1
99926009,2026-05-18 12:50:24+05:30,53264.6,0,0.0,0,0.0,0.0,53282.15,53333.0,52783.45,53710.35,0,0.0,0.0,0.0,0.0,-0.01,-1,-1,-0.01,-1,-1,-0.01,-1,-1,-0.01,-1,-1,-0.01,-1,-1,-0.01,-1,-1,-0.01,-1,-1,-0.01,-1,-1,-0.01,-1,-1,-0.01,-1,-1
99926009,2026-05-18 12:50:25+05:30,53265.25,0,0.0,0,0.0,0.0,53282.15,53333.0,52783.45,53710.35,0,0.0,0.0,0.0,0.0,-0.01,-1,-1,-0.01,-1,-1,-0.01,-1,-1,-0.01,-1,-1,-0.01,-1,-1,-0.01,-1,-1,-0.01,-1,-1,-0.01,-1,-1,-0.01,-1,-1,-0.01,-1,-1
99926009,2026-05-18 12:50:25+05:30,53263.0,0,0.0,0,0.0,0.0,53282.15,53333.0,52783.45,53710.35,0,0.0,0.0,0.0,0.0,-0.01,-1,-1,-0.01,-1,-1,-0.01,-1,-1,-0.01,-1,-1,-0.01,-1,-1,-0.01,-1,-1,-0.01,-1,-1,-0.01,-1,-1,-0.01,-1,-1,-0.01,-1,-1
99926009,2026-05-18 12:50:26+05:30,53262.45,0,0.0,0,0.0,0.0,53282.15,53333.0,52783.45,53710.35,0,0.0,0.0,0.0,0.0,-0.01,-1,-1,-0.01,-1,-1,-0.01,-1,-1,-0.01,-1,-1,-0.01,-1,-1,-0.01,-1,-1,-0.01,-1,-1,-0.01,-1,-1,-0.01,-1,-1,-0.01,-1,-1
99926009,2026-05-18 12:50:26+05:30,53260.5,0,0.0,0,0.0,0.0,53282.15,53333.0,52783.45,53710.35,0,0.0,0.0,0.0,0.0,-0.01,-1,-1,-0.01,-1,-1,-0.01,-1,-1,-0.01,-1,-1,-0.01,-1,-1,-0.01,-1,-1,-0.01,-1,-1,-0.01,-1,-1,-0.01,-1,-1,-0.01,-1,-1
99926009,2026-05-18 12:50:27+05:30,53257.45,0,0.0,0,0.0,0.0,53282.15,53333.0,52783.45,53710.35,0,0.0,0.0,0.0,0.0,-0.01,-1,-1,-0.01,-1,-1,-0.01,-1,-1,-0.01,-1,-1,-0.01,-1,-1,-0.01,-1,-1,-0.01,-1,-1,-0.01,-1,-1,-0.01,-1,-1,-0.01,-1,-1
99926009,2026-05-18 12:50:27+05:30,53258.85,0,0.0,0,0.0,0.0,53282.15,53333.0,52783.45,53710.35,0,0.0,0.0,0.0,0.0,-0.01,-1,-1,-0.01,-1,-1,-0.01,-1,-1,-0.01,-1,-1,-0.01,-1,-1,-0.01,-1,-1,-0.01,-1,-1,-0.01,-1,-1,-0.01,-1,-1,-0.01,-1,-1
99926009,2026-05-18 12:50:28+05:30,53257.55,0,0.0,0,0.0,0.0,53282.15,53333.0,52783.45,53710.35,0,0.0,0.0,0.0,0.0,-0.01,-1,-1,-0.01,-1,-1,-0.01,-1,-1,-0.01,-1,-1,-0.01,-1,-1,-0.01,-1,-1,-0.01,-1,-1,-0.01,-1,-1,-0.01,-1,-1,-0.01,-1,-1
99926009,2026-05-18 12:50:28+05:30,53259.4,0,0.0,0,0.0,0.0,53282.15,53333.0,52783.45,53710.35,0,0.0,0.0,0.0,0.0,-0.01,-1,-1,-0.01,-1,-1,-0.01,-1,-1,-0.01,-1,-1,-0.01,-1,-1,-0.01,-1,-1,-0.01,-1,-1,-0.01,-1,-1,-0.01,-1,-1,-0.01,-1,-1
99926009,2026-05-18 12:50:29+05:30,53262.45,0,0.0,0,0.0,0.0,53282.15,53333.0,52783.45,53710.35,0,0.0,0.0,0.0,0.0,-0.01,-1,-1,-0.01,-1,-1,-0.01,-1,-1,-0.01,-1,-1,-0.01,-1,-1,-0.01,-1,-1,-0.01,-1,-1,-0.01,-1,-1,-0.01,-1,-1,-0.01,-1,-1
99926009,2026-05-18 12:50:29+05:30,53262.7,0,0.0,0,0.0,0.0,53282.15,53333.0,52783.45,53710.35,0,0.0,0.0,0.0,0.0,-0.01,-1,-1,-0.01,-1,-1,-0.01,-1,-1,-0.01,-1,-1,-0.01,-1,-1,-0.01,-1,-1,-0.01,-1,-1,-0.01,-1,-1,-0.01,-1,-1,-0.01,-1,-1
99926009,2026-05-18 12:50:30+05:30,53259.5,0,0.0,0,0.0,0.0,53282.15,53333.0,52783.45,53710.35,0,0.0,0.0,0.0,0.0,-0.01,-1,-1,-0.01,-1,-1,-0.01,-1,-1,-0.01,-1,-1,-0.01,-1,-1,-0.01,-1,-1,-0.01,-1,-1,-0.01,-1,-1,-0.01,-1,-1,-0.01,-1,-1
99926009,2026-05-18 12:50:30+05:30,53263.3,0,0.0,0,0.0,0.0,53282.15,53333.0,52783.45,53710.35,0,0.0,0.0,0.0,0.0,-0.01,-1,-1,-0.01,-1,-1,-0.01,-1,-1,-0.01,-1,-1,-0.01,-1,-1,-0.01,-1,-1,-0.01,-1,-1,-0.01,-1,-1,-0.01,-1,-1,-0.01,-1,-1
99926009,2026-05-18 12:50:31+05:30,53262.8,0,0.0,0,0.0,0.0,53282.15,53333.0,52783.45,53710.35,0,0.0,0.0,0.0,0.0,-0.01,-1,-1,-0.01,-1,-1,-0.01,-1,-1,-0.01,-1,-1,-0.01,-1,-1,-0.01,-1,-1,-0.01,-1,-1,-0.01,-1,-1,-0.01,-1,-1,-0.01,-1,-1
99926009,2026-05-18 12:50:31+05:30,53260.5,0,0.0,0,0.0,0.0,53282.15,53333.0,52783.45,53710.35,0,0.0,0.0,0.0,0.0,-0.01,-1,-1,-0.01,-1,-1,-0.01,-1,-1,-0.01,-1,-1,-0.01,-1,-1,-0.01,-1,-1,-0.01,-1,-1,-0.01,-1,-1,-0.01,-1,-1,-0.01,-1,-1
99926009,2026-05-18 12:50:32+05:30,53260.5,0,0.0,0,0.0,0.0,53282.15,53333.0,52783.45,53710.35,0,0.0,0.0,0.0,0.0,-0.01,-1,-1,-0.01,-1,-1,-0.01,-1,-1,-0.01,-1,-1,-0.01,-1,-1,-0.01,-1,-1,-0.01,-1,-1,-0.01,-1,-1,-0.01,-1,-1,-0.01,-1,-1
99926009,2026-05-18 12:50:32+05:30,53261.6,0,0.0,0,0.0,0.0,53282.15,53333.0,52783.45,53710.35,0,0.0,0.0,0.0,0.0,-0.01,-1,-1,-0.01,-1,-1,-0.01,-1,-1,-0.01,-1,-1,-0.01,-1,-1,-0.01,-1,-1,-0.01,-1,-1,-0.01,-1,-1,-0.01,-1,-1,-0.01,-1,-1
99926009,2026-05-18 12:50:33+05:30,53261.0,0,0.0,0,0.0,0.0,53282.15,53333.0,52783.45,53710.35,0,0.0,0.0,0.0,0.0,-0.01,-1,-1,-0.01,-1,-1,-0.01,-1,-1,-0.01,-1,-1,-0.01,-1,-1,-0.01,-1,-1,-0.01,-1,-1,-0.01,-1,-1,-0.01,-1,-1,-0.01,-1,-1
99926009,2026-05-18 12:50:33+05:30,53263.0,0,0.0,0,0.0,0.0,53282.15,53333.0,52783.45,53710.35,0,0.0,0.0,0.0,0.0,-0.01,-1,-1,-0.01,-1,-1,-0.01,-1,-1,-0.01,-1,-1,-0.01,-1,-1,-0.01,-1,-1,-0.01,-1,-1,-0.01,-1,-1,-0.01,-1,-1,-0.01,-1,-1
99926009,2026-05-18 12:50:34+05:30,53263.0,0,0.0,0,0.0,0.0,53282.15,53333.0,52783.45,53710.35,0,0.0,0.0,0.0,0.0,-0.01,-1,-1,-0.01,-1,-1,-0.01,-1,-1,-0.01,-1,-1,-0.01,-1,-1,-0.01,-1,-1,-0.01,-1,-1,-0.01,-1,-1,-0.01,-1,-1,-0.01,-1,-1
99926009,2026-05-18 12:50:34+05:30,53263.45,0,0.0,0,0.0,0.0,53282.15,53333.0,52783.45,53710.35,0,0.0,0.0,0.0,0.0,-0.01,-1,-1,-0.01,-1,-1,-0.01,-1,-1,-0.01,-1,-1,-0.01,-1,-1,-0.01,-1,-1,-0.01,-1,-1,-0.01,-1,-1,-0.01,-1,-1,-0.01,-1,-1
99926009,2026-05-18 12:50:35+05:30,53264.85,0,0.0,0,0.0,0.0,53282.15,53333.0,52783.45,53710.35,0,0.0,0.0,0.0,0.0,-0.01,-1,-1,-0.01,-1,-1,-0.01,-1,-1,-0.01,-1,-1,-0.01,-1,-1,-0.01,-1,-1,-0.01,-1,-1,-0.01,-1,-1,-0.01,-1,-1,-0.01,-1,-1
99926009,2026-05-18 12:50:35+05:30,53264.55,0,0.0,0,0.0,0.0,53282.15,53333.0,52783.45,53710.35,0,0.0,0.0,0.0,0.0,-0.01,-1,-1,-0.01,-1,-1,-0.01,-1,-1,-0.01,-1,-1,-0.01,-1,-1,-0.01,-1,-1,-0.01,-1,-1,-0.01,-1,-1,-0.01,-1,-1,-0.01,-1,-1
99926009,2026-05-18 12:50:36+05:30,53264.15,0,0.0,0,0.0,0.0,53282.15,53333.0,52783.45,53710.35,0,0.0,0.0,0.0,0.0,-0.01,-1,-1,-0.01,-1,-1,-0.01,-1,-1,-0.01,-1,-1,-0.01,-1,-1,-0.01,-1,-1,-0.01,-1,-1,-0.01,-1,-1,-0.01,-1,-1,-0.01,-1,-1
99926009,2026-05-18 12:50:36+05:30,53263.3,0,0.0,0,0.0,0.0,53282.15,53333.0,52783.45,53710.35,0,0.0,0.0,0.0,0.0,-0.01,-1,-1,-0.01,-1,-1,-0.01,-1,-1,-0.01,-1,-1,-0.01,-1,-1,-0.01,-1,-1,-0.01,-1,-1,-0.01,-1,-1,-0.01,-1,-1,-0.01,-1,-1
99926009,2026-05-18 12:50:37+05:30,53266.0,0,0.0,0,0.0,0.0,53282.15,53333.0,52783.45,53710.35,0,0.0,0.0,0.0,0.0,-0.01,-1,-1,-0.01,-1,-1,-0.01,-1,-1,-0.01,-1,-1,-0.01,-1,-1,-0.01,-1,-1,-0.01,-1,-1,-0.01,-1,-1,-0.01,-1,-1,-0.01,-1,-1
99926009,2026-05-18 12:50:37+05:30,53265.95,0,0.0,0,0.0,0.0,53282.15,53333.0,52783.45,53710.35,0,0.0,0.0,0.0,0.0,-0.01,-1,-1,-0.01,-1,-1,-0.01,-1,-1,-0.01,-1,-1,-0.01,-1,-1,-0.01,-1,-1,-0.01,-1,-1,-0.01,-1,-1,-0.01,-1,-1,-0.01,-1,-1
99926009,2026-05-18 12:50:38+05:30,53263.6,0,0.0,0,0.0,0.0,53282.15,53333.0,52783.45,53710.35,0,0.0,0.0,0.0,0.0,-0.01,-1,-1,-0.01,-1,-1,-0.01,-1,-1,-0.01,-1,-1,-0.01,-1,-1,-0.01,-1,-1,-0.01,-1,-1,-0.01,-1,-1,-0.01,-1,-1,-0.01,-1,-1
99926009,2026-05-18 12:50:38+05:30,53263.8,0,0.0,0,0.0,0.0,53282.15,53333.0,52783.45,53710.35,0,0.0,0.0,0.0,0.0,-0.01,-1,-1,-0.01,-1,-1,-0.01,-1,-1,-0.01,-1,-1,-0.01,-1,-1,-0.01,-1,-1,-0.01,-1,-1,-0.01,-1,-1,-0.01,-1,-1,-0.01,-1,-1
99926009,2026-05-18 12:50:39+05:30,53268.2,0,0.0,0,0.0,0.0,53282.15,53333.0,52783.45,53710.35,0,0.0,0.0,0.0,0.0,-0.01,-1,-1,-0.01,-1,-1,-0.01,-1,-1,-0.01,-1,-1,-0.01,-1,-1,-0.01,-1,-1,-0.01,-1,-1,-0.01,-1,-1,-0.01,-1,-1,-0.01,-1,-1
99926009,2026-05-18 12:50:39+05:30,53265.8,0,0.0,0,0.0,0.0,53282.15,53333.0,52783.45,53710.35,0,0.0,0.0,0.0,0.0,-0.01,-1,-1,-0.01,-1,-1,-0.01,-1,-1,-0.01,-1,-1,-0.01,-1,-1,-0.01,-1,-1,-0.01,-1,-1,-0.01,-1,-1,-0.01,-1,-1,-0.01,-1,-1
99926009,2026-05-18 12:50:40+05:30,53267.7,0,0.0,0,0.0,0.0,53282.15,53333.0,52783.45,53710.35,0,0.0,0.0,0.0,0.0,-0.01,-1,-1,-0.01,-1,-1,-0.01,-1,-1,-0.01,-1,-1,-0.01,-1,-1,-0.01,-1,-1,-0.01,-1,-1,-0.01,-1,-1,-0.01,-1,-1,-0.01,-1,-1
99926009,2026-05-18 12:50:40+05:30,53265.25,0,0.0,0,0.0,0.0,53282.15,53333.0,52783.45,53710.35,0,0.0,0.0,0.0,0.0,-0.01,-1,-1,-0.01,-1,-1,-0.01,-1,-1,-0.01,-1,-1,-0.01,-1,-1,-0.01,-1,-1,-0.01,-1,-1,-0.01,-1,-1,-0.01,-1,-1,-0.01,-1,-1
99926009,2026-05-18 12:50:41+05:30,53269.75,0,0.0,0,0.0,0.0,53282.15,53333.0,52783.45,53710.35,0,0.0,0.0,0.0,0.0,-0.01,-1,-1,-0.01,-1,-1,-0.01,-1,-1,-0.01,-1,-1,-0.01,-1,-1,-0.01,-1,-1,-0.01,-1,-1,-0.01,-1,-1,-0.01,-1,-1,-0.01,-1,-1
99926009,2026-05-18 12:50:41+05:30,53269.65,0,0.0,0,0.0,0.0,53282.15,53333.0,52783.45,53710.35,0,0.0,0.0,0.0,0.0,-0.01,-1,-1,-0.01,-1,-1,-0.01,-1,-1,-0.01,-1,-1,-0.01,-1,-1,-0.01,-1,-1,-0.01,-1,-1,-0.01,-1,-1,-0.01,-1,-1,-0.01,-1,-1
99926009,2026-05-18 12:50:42+05:30,53269.35,0,0.0,0,0.0,0.0,53282.15,53333.0,52783.45,53710.35,0,0.0,0.0,0.0,0.0,-0.01,-1,-1,-0.01,-1,-1,-0.01,-1,-1,-0.01,-1,-1,-0.01,-1,-1,-0.01,-1,-1,-0.01,-1,-1,-0.01,-1,-1,-0.01,-1,-1,-0.01,-1,-1
99926009,2026-05-18 12:50:42+05:30,53269.0,0,0.0,0,0.0,0.0,53282.15,53333.0,52783.45,53710.35,0,0.0,0.0,0.0,0.0,-0.01,-1,-1,-0.01,-1,-1,-0.01,-1,-1,-0.01,-1,-1,-0.01,-1,-1,-0.01,-1,-1,-0.01,-1,-1,-0.01,-1,-1,-0.01,-1,-1,-0.01,-1,-1
99926009,2026-05-18 12:50:43+05:30,53271.7,0,0.0,0,0.0,0.0,53282.15,53333.0,52783.45,53710.35,0,0.0,0.0,0.0,0.0,-0.01,-1,-1,-0.01,-1,-1,-0.01,-1,-1,-0.01,-1,-1,-0.01,-1,-1,-0.01,-1,-1,-0.01,-1,-1,-0.01,-1,-1,-0.01,-1,-1,-0.01,-1,-1
99926009,2026-05-18 12:50:43+05:30,53270.7,0,0.0,0,0.0,0.0,53282.15,53333.0,52783.45,53710.35,0,0.0,0.0,0.0,0.0,-0.01,-1,-1,-0.01,-1,-1,-0.01,-1,-1,-0.01,-1,-1,-0.01,-1,-1,-0.01,-1,-1,-0.01,-1,-1,-0.01,-1,-1,-0.01,-1,-1,-0.01,-1,-1
99926009,2026-05-18 12:50:44+05:30,53272.45,0,0.0,0,0.0,0.0,53282.15,53333.0,52783.45,53710.35,0,0.0,0.0,0.0,0.0,-0.01,-1,-1,-0.01,-1,-1,-0.01,-1,-1,-0.01,-1,-1,-0.01,-1,-1,-0.01,-1,-1,-0.01,-1,-1,-0.01,-1,-1,-0.01,-1,-1,-0.01,-1,-1
99926009,2026-05-18 12:50:44+05:30,53273.9,0,0.0,0,0.0,0.0,53282.15,53333.0,52783.45,53710.35,0,0.0,0.0,0.0,0.0,-0.01,-1,-1,-0.01,-1,-1,-0.01,-1,-1,-0.01,-1,-1,-0.01,-1,-1,-0.01,-1,-1,-0.01,-1,-1,-0.01,-1,-1,-0.01,-1,-1,-0.01,-1,-1
99926009,2026-05-18 12:50:45+05:30,53272.6,0,0.0,0,0.0,0.0,53282.15,53333.0,52783.45,53710.35,0,0.0,0.0,0.0,0.0,-0.01,-1,-1,-0.01,-1,-1,-0.01,-1,-1,-0.01,-1,-1,-0.01,-1,-1,-0.01,-1,-1,-0.01,-1,-1,-0.01,-1,-1,-0.01,-1,-1,-0.01,-1,-1
99926009,2026-05-18 12:50:45+05:30,53274.1,0,0.0,0,0.0,0.0,53282.15,53333.0,52783.45,53710.35,0,0.0,0.0,0.0,0.0,-0.01,-1,-1,-0.01,-1,-1,-0.01,-1,-1,-0.01,-1,-1,-0.01,-1,-1,-0.01,-1,-1,-0.01,-1,-1,-0.01,-1,-1,-0.01,-1,-1,-0.01,-1,-1
99926009,2026-05-18 12:50:46+05:30,53275.0,0,0.0,0,0.0,0.0,53282.15,53333.0,52783.45,53710.35,0,0.0,0.0,0.0,0.0,-0.01,-1,-1,-0.01,-1,-1,-0.01,-1,-1,-0.01,-1,-1,-0.01,-1,-1,-0.01,-1,-1,-0.01,-1,-1,-0.01,-1,-1,-0.01,-1,-1,-0.01,-1,-1
99926009,2026-05-18 12:50:46+05:30,53276.15,0,0.0,0,0.0,0.0,53282.15,53333.0,52783.45,53710.35,0,0.0,0.0,0.0,0.0,-0.01,-1,-1,-0.01,-1,-1,-0.01,-1,-1,-0.01,-1,-1,-0.01,-1,-1,-0.01,-1,-1,-0.01,-1,-1,-0.01,-1,-1,-0.01,-1,-1,-0.01,-1,-1
99926009,2026-05-18 12:50:47+05:30,53273.5,0,0.0,0,0.0,0.0,53282.15,53333.0,52783.45,53710.35,0,0.0,0.0,0.0,0.0,-0.01,-1,-1,-0.01,-1,-1,-0.01,-1,-1,-0.01,-1,-1,-0.01,-1,-1,-0.01,-1,-1,-0.01,-1,-1,-0.01,-1,-1,-0.01,-1,-1,-0.01,-1,-1
99926009,2026-05-18 12:50:47+05:30,53274.4,0,0.0,0,0.0,0.0,53282.15,53333.0,52783.45,53710.35,0,0.0,0.0,0.0,0.0,-0.01,-1,-1,-0.01,-1,-1,-0.01,-1,-1,-0.01,-1,-1,-0.01,-1,-1,-0.01,-1,-1,-0.01,-1,-1,-0.01,-1,-1,-0.01,-1,-1,-0.01,-1,-1
99926009,2026-05-18 12:50:48+05:30,53273.3,0,0.0,0,0.0,0.0,53282.15,53333.0,52783.45,53710.35,0,0.0,0.0,0.0,0.0,-0.01,-1,-1,-0.01,-1,-1,-0.01,-1,-1,-0.01,-1,-1,-0.01,-1,-1,-0.01,-1,-1,-0.01,-1,-1,-0.01,-1,-1,-0.01,-1,-1,-0.01,-1,-1
99926009,2026-05-18 12:50:48+05:30,53270.45,0,0.0,0,0.0,0.0,53282.15,53333.0,52783.45,53710.35,0,0.0,0.0,0.0,0.0,-0.01,-1,-1,-0.01,-1,-1,-0.01,-1,-1,-0.01,-1,-1,-0.01,-1,-1,-0.01,-1,-1,-0.01,-1,-1,-0.01,-1,-1,-0.01,-1,-1,-0.01,-1,-1
99926009,2026-05-18 12:50:49+05:30,53271.65,0,0.0,0,0.0,0.0,53282.15,53333.0,52783.45,53710.35,0,0.0,0.0,0.0,0.0,-0.01,-1,-1,-0.01,-1,-1,-0.01,-1,-1,-0.01,-1,-1,-0.01,-1,-1,-0.01,-1,-1,-0.01,-1,-1,-0.01,-1,-1,-0.01,-1,-1,-0.01,-1,-1
99926009,2026-05-18 12:50:49+05:30,53271.4,0,0.0,0,0.0,0.0,53282.15,53333.0,52783.45,53710.35,0,0.0,0.0,0.0,0.0,-0.01,-1,-1,-0.01,-1,-1,-0.01,-1,-1,-0.01,-1,-1,-0.01,-1,-1,-0.01,-1,-1,-0.01,-1,-1,-0.01,-1,-1,-0.01,-1,-1,-0.01,-1,-1
99926009,2026-05-18 12:50:50+05:30,53272.6,0,0.0,0,0.0,0.0,53282.15,53333.0,52783.45,53710.35,0,0.0,0.0,0.0,0.0,-0.01,-1,-1,-0.01,-1,-1,-0.01,-1,-1,-0.01,-1,-1,-0.01,-1,-1,-0.01,-1,-1,-0.01,-1,-1,-0.01,-1,-1,-0.01,-1,-1,-0.01,-1,-1
99926009,2026-05-18 12:50:50+05:30,53272.75,0,0.0,0,0.0,0.0,53282.15,53333.0,52783.45,53710.35,0,0.0,0.0,0.0,0.0,-0.01,-1,-1,-0.01,-1,-1,-0.01,-1,-1,-0.01,-1,-1,-0.01,-1,-1,-0.01,-1,-1,-0.01,-1,-1,-0.01,-1,-1,-0.01,-1,-1,-0.01,-1,-1
99926009,2026-05-18 12:50:51+05:30,53272.75,0,0.0,0,0.0,0.0,53282.15,53333.0,52783.45,53710.35,0,0.0,0.0,0.0,0.0,-0.01,-1,-1,-0.01,-1,-1,-0.01,-1,-1,-0.01,-1,-1,-0.01,-1,-1,-0.01,-1,-1,-0.01,-1,-1,-0.01,-1,-1,-0.01,-1,-1,-0.01,-1,-1
99926009,2026-05-18 12:50:51+05:30,53272.1,0,0.0,0,0.0,0.0,53282.15,53333.0,52783.45,53710.35,0,0.0,0.0,0.0,0.0,-0.01,-1,-1,-0.01,-1,-1,-0.01,-1,-1,-0.01,-1,-1,-0.01,-1,-1,-0.01,-1,-1,-0.01,-1,-1,-0.01,-1,-1,-0.01,-1,-1,-0.01,-1,-1
99926009,2026-05-18 12:50:52+05:30,53272.75,0,0.0,0,0.0,0.0,53282.15,53333.0,52783.45,53710.35,0,0.0,0.0,0.0,0.0,-0.01,-1,-1,-0.01,-1,-1,-0.01,-1,-1,-0.01,-1,-1,-0.01,-1,-1,-0.01,-1,-1,-0.01,-1,-1,-0.01,-1,-1,-0.01,-1,-1,-0.01,-1,-1
99926009,2026-05-18 12:50:52+05:30,53273.45,0,0.0,0,0.0,0.0,53282.15,53333.0,52783.45,53710.35,0,0.0,0.0,0.0,0.0,-0.01,-1,-1,-0.01,-1,-1,-0.01,-1,-1,-0.01,-1,-1,-0.01,-1,-1,-0.01,-1,-1,-0.01,-1,-1,-0.01,-1,-1,-0.01,-1,-1,-0.01,-1,-1
99926009,2026-05-18 12:50:53+05:30,53273.35,0,0.0,0,0.0,0.0,53282.15,53333.0,52783.45,53710.35,0,0.0,0.0,0.0,0.0,-0.01,-1,-1,-0.01,-1,-1,-0.01,-1,-1,-0.01,-1,-1,-0.01,-1,-1,-0.01,-1,-1,-0.01,-1,-1,-0.01,-1,-1,-0.01,-1,-1,-0.01,-1,-1
99926009,2026-05-18 12:50:53+05:30,53271.0,0,0.0,0,0.0,0.0,53282.15,53333.0,52783.45,53710.35,0,0.0,0.0,0.0,0.0,-0.01,-1,-1,-0.01,-1,-1,-0.01,-1,-1,-0.01,-1,-1,-0.01,-1,-1,-0.01,-1,-1,-0.01,-1,-1,-0.01,-1,-1,-0.01,-1,-1,-0.01,-1,-1
99926009,2026-05-18 12:50:54+05:30,53271.05,0,0.0,0,0.0,0.0,53282.15,53333.0,52783.45,53710.35,0,0.0,0.0,0.0,0.0,-0.01,-1,-1,-0.01,-1,-1,-0.01,-1,-1,-0.01,-1,-1,-0.01,-1,-1,-0.01,-1,-1,-0.01,-1,-1,-0.01,-1,-1,-0.01,-1,-1,-0.01,-1,-1
99926009,2026-05-18 12:50:54+05:30,53269.05,0,0.0,0,0.0,0.0,53282.15,53333.0,52783.45,53710.35,0,0.0,0.0,0.0,0.0,-0.01,-1,-1,-0.01,-1,-1,-0.01,-1,-1,-0.01,-1,-1,-0.01,-1,-1,-0.01,-1,-1,-0.01,-1,-1,-0.01,-1,-1,-0.01,-1,-1,-0.01,-1,-1
99926009,2026-05-18 12:50:55+05:30,53271.7,0,0.0,0,0.0,0.0,53282.15,53333.0,52783.45,53710.35,0,0.0,0.0,0.0,0.0,-0.01,-1,-1,-0.01,-1,-1,-0.01,-1,-1,-0.01,-1,-1,-0.01,-1,-1,-0.01,-1,-1,-0.01,-1,-1,-0.01,-1,-1,-0.01,-1,-1,-0.01,-1,-1
99926009,2026-05-18 12:50:55+05:30,53273.35,0,0.0,0,0.0,0.0,53282.15,53333.0,52783.45,53710.35,0,0.0,0.0,0.0,0.0,-0.01,-1,-1,-0.01,-1,-1,-0.01,-1,-1,-0.01,-1,-1,-0.01,-1,-1,-0.01,-1,-1,-0.01,-1,-1,-0.01,-1,-1,-0.01,-1,-1,-0.01,-1,-1
99926009,2026-05-18 12:50:56+05:30,53269.15,0,0.0,0,0.0,0.0,53282.15,53333.0,52783.45,53710.35,0,0.0,0.0,0.0,0.0,-0.01,-1,-1,-0.01,-1,-1,-0.01,-1,-1,-0.01,-1,-1,-0.01,-1,-1,-0.01,-1,-1,-0.01,-1,-1,-0.01,-1,-1,-0.01,-1,-1,-0.01,-1,-1
99926009,2026-05-18 12:50:56+05:30,53268.95,0,0.0,0,0.0,0.0,53282.15,53333.0,52783.45,53710.35,0,0.0,0.0,0.0,0.0,-0.01,-1,-1,-0.01,-1,-1,-0.01,-1,-1,-0.01,-1,-1,-0.01,-1,-1,-0.01,-1,-1,-0.01,-1,-1,-0.01,-1,-1,-0.01,-1,-1,-0.01,-1,-1
99926009,2026-05-18 12:50:57+05:30,53268.45,0,0.0,0,0.0,0.0,53282.15,53333.0,52783.45,53710.35,0,0.0,0.0,0.0,0.0,-0.01,-1,-1,-0.01,-1,-1,-0.01,-1,-1,-0.01,-1,-1,-0.01,-1,-1,-0.01,-1,-1,-0.01,-1,-1,-0.01,-1,-1,-0.01,-1,-1,-0.01,-1,-1
99926009,2026-05-18 12:50:57+05:30,53266.1,0,0.0,0,0.0,0.0,53282.15,53333.0,52783.45,53710.35,0,0.0,0.0,0.0,0.0,-0.01,-1,-1,-0.01,-1,-1,-0.01,-1,-1,-0.01,-1,-1,-0.01,-1,-1,-0.01,-1,-1,-0.01,-1,-1,-0.01,-1,-1,-0.01,-1,-1,-0.01,-1,-1
99926009,2026-05-18 12:50:58+05:30,53264.4,0,0.0,0,0.0,0.0,53282.15,53333.0,52783.45,53710.35,0,0.0,0.0,0.0,0.0,-0.01,-1,-1,-0.01,-1,-1,-0.01,-1,-1,-0.01,-1,-1,-0.01,-1,-1,-0.01,-1,-1,-0.01,-1,-1,-0.01,-1,-1,-0.01,-1,-1,-0.01,-1,-1
99926009,2026-05-18 12:50:58+05:30,53265.2,0,0.0,0,0.0,0.0,53282.15,53333.0,52783.45,53710.35,0,0.0,0.0,0.0,0.0,-0.01,-1,-1,-0.01,-1,-1,-0.01,-1,-1,-0.01,-1,-1,-0.01,-1,-1,-0.01,-1,-1,-0.01,-1,-1,-0.01,-1,-1,-0.01,-1,-1,-0.01,-1,-1
99926009,2026-05-18 12:50:59+05:30,53263.0,0,0.0,0,0.0,0.0,53282.15,53333.0,52783.45,53710.35,0,0.0,0.0,0.0,0.0,-0.01,-1,-1,-0.01,-1,-1,-0.01,-1,-1,-0.01,-1,-1,-0.01,-1,-1,-0.01,-1,-1,-0.01,-1,-1,-0.01,-1,-1,-0.01,-1,-1,-0.01,-1,-1
99926009,2026-05-18 12:50:59+05:30,53265.0,0,0.0,0,0.0,0.0,53282.15,53333.0,52783.45,53710.35,0,0.0,0.0,0.0,0.0,-0.01,-1,-1,-0.01,-1,-1,-0.01,-1,-1,-0.01,-1,-1,-0.01,-1,-1,-0.01,-1,-1,-0.01,-1,-1,-0.01,-1,-1,-0.01,-1,-1,-0.01,-1,-1
99926009,2026-05-18 12:51:00+05:30,53263.45,0,0.0,0,0.0,0.0,53282.15,53333.0,52783.45,53710.35,0,0.0,0.0,0.0,0.0,-0.01,-1,-1,-0.01,-1,-1,-0.01,-1,-1,-0.01,-1,-1,-0.01,-1,-1,-0.01,-1,-1,-0.01,-1,-1,-0.01,-1,-1,-0.01,-1,-1,-0.01,-1,-1
99926009,2026-05-18 12:51:00+05:30,53264.7,0,0.0,0,0.0,0.0,53282.15,53333.0,52783.45,53710.35,0,0.0,0.0,0.0,0.0,-0.01,-1,-1,-0.01,-1,-1,-0.01,-1,-1,-0.01,-1,-1,-0.01,-1,-1,-0.01,-1,-1,-0.01,-1,-1,-0.01,-1,-1,-0.01,-1,-1,-0.01,-1,-1
99926009,2026-05-18 12:51:01+05:30,53263.9,0,0.0,0,0.0,0.0,53282.15,53333.0,52783.45,53710.35,0,0.0,0.0,0.0,0.0,-0.01,-1,-1,-0.01,-1,-1,-0.01,-1,-1,-0.01,-1,-1,-0.01,-1,-1,-0.01,-1,-1,-0.01,-1,-1,-0.01,-1,-1,-0.01,-1,-1,-0.01,-1,-1
99926009,2026-05-18 12:51:01+05:30,53266.1,0,0.0,0,0.0,0.0,53282.15,53333.0,52783.45,53710.35,0,0.0,0.0,0.0,0.0,-0.01,-1,-1,-0.01,-1,-1,-0.01,-1,-1,-0.01,-1,-1,-0.01,-1,-1,-0.01,-1,-1,-0.01,-1,-1,-0.01,-1,-1,-0.01,-1,-1,-0.01,-1,-1
99926009,2026-05-18 12:51:02+05:30,53266.1,0,0.0,0,0.0,0.0,53282.15,53333.0,52783.45,53710.35,0,0.0,0.0,0.0,0.0,-0.01,-1,-1,-0.01,-1,-1,-0.01,-1,-1,-0.01,-1,-1,-0.01,-1,-1,-0.01,-1,-1,-0.01,-1,-1,-0.01,-1,-1,-0.01,-1,-1,-0.01,-1,-1
99926009,2026-05-18 12:51:02+05:30,53263.7,0,0.0,0,0.0,0.0,53282.15,53333.0,52783.45,53710.35,0,0.0,0.0,0.0,0.0,-0.01,-1,-1,-0.01,-1,-1,-0.01,-1,-1,-0.01,-1,-1,-0.01,-1,-1,-0.01,-1,-1,-0.01,-1,-1,-0.01,-1,-1,-0.01,-1,-1,-0.01,-1,-1
99926009,2026-05-18 12:51:03+05:30,53264.05,0,0.0,0,0.0,0.0,53282.15,53333.0,52783.45,53710.35,0,0.0,0.0,0.0,0.0,-0.01,-1,-1,-0.01,-1,-1,-0.01,-1,-1,-0.01,-1,-1,-0.01,-1,-1,-0.01,-1,-1,-0.01,-1,-1,-0.01,-1,-1,-0.01,-1,-1,-0.01,-1,-1
99926009,2026-05-18 12:51:03+05:30,53263.85,0,0.0,0,0.0,0.0,53282.15,53333.0,52783.45,53710.35,0,0.0,0.0,0.0,0.0,-0.01,-1,-1,-0.01,-1,-1,-0.01,-1,-1,-0.01,-1,-1,-0.01,-1,-1,-0.01,-1,-1,-0.01,-1,-1,-0.01,-1,-1,-0.01,-1,-1,-0.01,-1,-1
99926009,2026-05-18 12:51:04+05:30,53264.9,0,0.0,0,0.0,0.0,53282.15,53333.0,52783.45,53710.35,0,0.0,0.0,0.0,0.0,-0.01,-1,-1,-0.01,-1,-1,-0.01,-1,-1,-0.01,-1,-1,-0.01,-1,-1,-0.01,-1,-1,-0.01,-1,-1,-0.01,-1,-1,-0.01,-1,-1,-0.01,-1,-1
99926009,2026-05-18 12:51:04+05:30,53263.65,0,0.0,0,0.0,0.0,53282.15,53333.0,52783.45,53710.35,0,0.0,0.0,0.0,0.0,-0.01,-1,-1,-0.01,-1,-1,-0.01,-1,-1,-0.01,-1,-1,-0.01,-1,-1,-0.01,-1,-1,-0.01,-1,-1,-0.01,-1,-1,-0.01,-1,-1,-0.01,-1,-1
99926009,2026-05-18 12:51:05+05:30,53263.2,0,0.0,0,0.0,0.0,53282.15,53333.0,52783.45,53710.35,0,0.0,0.0,0.0,0.0,-0.01,-1,-1,-0.01,-1,-1,-0.01,-1,-1,-0.01,-1,-1,-0.01,-1,-1,-0.01,-1,-1,-0.01,-1,-1,-0.01,-1,-1,-0.01,-1,-1,-0.01,-1,-1
99926009,2026-05-18 12:51:05+05:30,53267.35,0,0.0,0,0.0,0.0,53282.15,53333.0,52783.45,53710.35,0,0.0,0.0,0.0,0.0,-0.01,-1,-1,-0.01,-1,-1,-0.01,-1,-1,-0.01,-1,-1,-0.01,-1,-1,-0.01,-1,-1,-0.01,-1,-1,-0.01,-1,-1,-0.01,-1,-1,-0.01,-1,-1
99926009,2026-05-18 12:51:06+05:30,53268.8,0,0.0,0,0.0,0.0,53282.15,53333.0,52783.45,53710.35,0,0.0,0.0,0.0,0.0,-0.01,-1,-1,-0.01,-1,-1,-0.01,-1,-1,-0.01,-1,-1,-0.01,-1,-1,-0.01,-1,-1,-0.01,-1,-1,-0.01,-1,-1,-0.01,-1,-1,-0.01,-1,-1
99926009,2026-05-18 12:51:06+05:30,53266.85,0,0.0,0,0.0,0.0,53282.15,53333.0,52783.45,53710.35,0,0.0,0.0,0.0,0.0,-0.01,-1,-1,-0.01,-1,-1,-0.01,-1,-1,-0.01,-1,-1,-0.01,-1,-1,-0.01,-1,-1,-0.01,-1,-1,-0.01,-1,-1,-0.01,-1,-1,-0.01,-1,-1
99926009,2026-05-18 12:51:07+05:30,53267.9,0,0.0,0,0.0,0.0,53282.15,53333.0,52783.45,53710.35,0,0.0,0.0,0.0,0.0,-0.01,-1,-1,-0.01,-1,-1,-0.01,-1,-1,-0.01,-1,-1,-0.01,-1,-1,-0.01,-1,-1,-0.01,-1,-1,-0.01,-1,-1,-0.01,-1,-1,-0.01,-1,-1
99926009,2026-05-18 12:51:07+05:30,53267.1,0,0.0,0,0.0,0.0,53282.15,53333.0,52783.45,53710.35,0,0.0,0.0,0.0,0.0,-0.01,-1,-1,-0.01,-1,-1,-0.01,-1,-1,-0.01,-1,-1,-0.01,-1,-1,-0.01,-1,-1,-0.01,-1,-1,-0.01,-1,-1,-0.01,-1,-1,-0.01,-1,-1
99926009,2026-05-18 12:51:08+05:30,53266.1,0,0.0,0,0.0,0.0,53282.15,53333.0,52783.45,53710.35,0,0.0,0.0,0.0,0.0,-0.01,-1,-1,-0.01,-1,-1,-0.01,-1,-1,-0.01,-1,-1,-0.01,-1,-1,-0.01,-1,-1,-0.01,-1,-1,-0.01,-1,-1,-0.01,-1,-1,-0.01,-1,-1
99926009,2026-05-18 12:51:08+05:30,53264.35,0,0.0,0,0.0,0.0,53282.15,53333.0,52783.45,53710.35,0,0.0,0.0,0.0,0.0,-0.01,-1,-1,-0.01,-1,-1,-0.01,-1,-1,-0.01,-1,-1,-0.01,-1,-1,-0.01,-1,-1,-0.01,-1,-1,-0.01,-1,-1,-0.01,-1,-1,-0.01,-1,-1
99926009,2026-05-18 12:51:09+05:30,53265.25,0,0.0,0,0.0,0.0,53282.15,53333.0,52783.45,53710.35,0,0.0,0.0,0.0,0.0,-0.01,-1,-1,-0.01,-1,-1,-0.01,-1,-1,-0.01,-1,-1,-0.01,-1,-1,-0.01,-1,-1,-0.01,-1,-1,-0.01,-1,-1,-0.01,-1,-1,-0.01,-1,-1
99926009,2026-05-18 12:51:09+05:30,53266.85,0,0.0,0,0.0,0.0,53282.15,53333.0,52783.45,53710.35,0,0.0,0.0,0.0,0.0,-0.01,-1,-1,-0.01,-1,-1,-0.01,-1,-1,-0.01,-1,-1,-0.01,-1,-1,-0.01,-1,-1,-0.01,-1,-1,-0.01,-1,-1,-0.01,-1,-1,-0.01,-1,-1
99926009,2026-05-18 12:51:10+05:30,53264.25,0,0.0,0,0.0,0.0,53282.15,53333.0,52783.45,53710.35,0,0.0,0.0,0.0,0.0,-0.01,-1,-1,-0.01,-1,-1,-0.01,-1,-1,-0.01,-1,-1,-0.01,-1,-1,-0.01,-1,-1,-0.01,-1,-1,-0.01,-1,-1,-0.01,-1,-1,-0.01,-1,-1
99926009,2026-05-18 12:51:10+05:30,53268.75,0,0.0,0,0.0,0.0,53282.15,53333.0,52783.45,53710.35,0,0.0,0.0,0.0,0.0,-0.01,-1,-1,-0.01,-1,-1,-0.01,-1,-1,-0.01,-1,-1,-0.01,-1,-1,-0.01,-1,-1,-0.01,-1,-1,-0.01,-1,-1,-0.01,-1,-1,-0.01,-1,-1
99926009,2026-05-18 12:51:11+05:30,53264.95,0,0.0,0,0.0,0.0,53282.15,53333.0,52783.45,53710.35,0,0.0,0.0,0.0,0.0,-0.01,-1,-1,-0.01,-1,-1,-0.01,-1,-1,-0.01,-1,-1,-0.01,-1,-1,-0.01,-1,-1,-0.01,-1,-1,-0.01,-1,-1,-0.01,-1,-1,-0.01,-1,-1
99926009,2026-05-18 12:51:11+05:30,53267.2,0,0.0,0,0.0,0.0,53282.15,53333.0,52783.45,53710.35,0,0.0,0.0,0.0,0.0,-0.01,-1,-1,-0.01,-1,-1,-0.01,-1,-1,-0.01,-1,-1,-0.01,-1,-1,-0.01,-1,-1,-0.01,-1,-1,-0.01,-1,-1,-0.01,-1,-1,-0.01,-1,-1
99926009,2026-05-18 12:51:12+05:30,53262.05,0,0.0,0,0.0,0.0,53282.15,53333.0,52783.45,53710.35,0,0.0,0.0,0.0,0.0,-0.01,-1,-1,-0.01,-1,-1,-0.01,-1,-1,-0.01,-1,-1,-0.01,-1,-1,-0.01,-1,-1,-0.01,-1,-1,-0.01,-1,-1,-0.01,-1,-1,-0.01,-1,-1
99926009,2026-05-18 12:51:12+05:30,53258.6,0,0.0,0,0.0,0.0,53282.15,53333.0,52783.45,53710.35,0,0.0,0.0,0.0,0.0,-0.01,-1,-1,-0.01,-1,-1,-0.01,-1,-1,-0.01,-1,-1,-0.01,-1,-1,-0.01,-1,-1,-0.01,-1,-1,-0.01,-1,-1,-0.01,-1,-1,-0.01,-1,-1
99926009,2026-05-18 12:51:13+05:30,53260.45,0,0.0,0,0.0,0.0,53282.15,53333.0,52783.45,53710.35,0,0.0,0.0,0.0,0.0,-0.01,-1,-1,-0.01,-1,-1,-0.01,-1,-1,-0.01,-1,-1,-0.01,-1,-1,-0.01,-1,-1,-0.01,-1,-1,-0.01,-1,-1,-0.01,-1,-1,-0.01,-1,-1
99926009,2026-05-18 12:51:13+05:30,53260.0,0,0.0,0,0.0,0.0,53282.15,53333.0,52783.45,53710.35,0,0.0,0.0,0.0,0.0,-0.01,-1,-1,-0.01,-1,-1,-0.01,-1,-1,-0.01,-1,-1,-0.01,-1,-1,-0.01,-1,-1,-0.01,-1,-1,-0.01,-1,-1,-0.01,-1,-1,-0.01,-1,-1
99926009,2026-05-18 12:51:14+05:30,53261.8,0,0.0,0,0.0,0.0,53282.15,53333.0,52783.45,53710.35,0,0.0,0.0,0.0,0.0,-0.01,-1,-1,-0.01,-1,-1,-0.01,-1,-1,-0.01,-1,-1,-0.01,-1,-1,-0.01,-1,-1,-0.01,-1,-1,-0.01,-1,-1,-0.01,-1,-1,-0.01,-1,-1
99926009,2026-05-18 12:51:14+05:30,53260.35,0,0.0,0,0.0,0.0,53282.15,53333.0,52783.45,53710.35,0,0.0,0.0,0.0,0.0,-0.01,-1,-1,-0.01,-1,-1,-0.01,-1,-1,-0.01,-1,-1,-0.01,-1,-1,-0.01,-1,-1,-0.01,-1,-1,-0.01,-1,-1,-0.01,-1,-1,-0.01,-1,-1
99926009,2026-05-18 12:51:15+05:30,53261.45,0,0.0,0,0.0,0.0,53282.15,53333.0,52783.45,53710.35,0,0.0,0.0,0.0,0.0,-0.01,-1,-1,-0.01,-1,-1,-0.01,-1,-1,-0.01,-1,-1,-0.01,-1,-1,-0.01,-1,-1,-0.01,-1,-1,-0.01,-1,-1,-0.01,-1,-1,-0.01,-1,-1
99926009,2026-05-18 12:51:15+05:30,53262.3,0,0.0,0,0.0,0.0,53282.15,53333.0,52783.45,53710.35,0,0.0,0.0,0.0,0.0,-0.01,-1,-1,-0.01,-1,-1,-0.01,-1,-1,-0.01,-1,-1,-0.01,-1,-1,-0.01,-1,-1,-0.01,-1,-1,-0.01,-1,-1,-0.01,-1,-1,-0.01,-1,-1
99926009,2026-05-18 12:51:16+05:30,53263.5,0,0.0,0,0.0,0.0,53282.15,53333.0,52783.45,53710.35,0,0.0,0.0,0.0,0.0,-0.01,-1,-1,-0.01,-1,-1,-0.01,-1,-1,-0.01,-1,-1,-0.01,-1,-1,-0.01,-1,-1,-0.01,-1,-1,-0.01,-1,-1,-0.01,-1,-1,-0.01,-1,-1
99926009,2026-05-18 12:51:16+05:30,53261.7,0,0.0,0,0.0,0.0,53282.15,53333.0,52783.45,53710.35,0,0.0,0.0,0.0,0.0,-0.01,-1,-1,-0.01,-1,-1,-0.01,-1,-1,-0.01,-1,-1,-0.01,-1,-1,-0.01,-1,-1,-0.01,-1,-1,-0.01,-1,-1,-0.01,-1,-1,-0.01,-1,-1
99926009,2026-05-18 12:51:17+05:30,53262.4,0,0.0,0,0.0,0.0,53282.15,53333.0,52783.45,53710.35,0,0.0,0.0,0.0,0.0,-0.01,-1,-1,-0.01,-1,-1,-0.01,-1,-1,-0.01,-1,-1,-0.01,-1,-1,-0.01,-1,-1,-0.01,-1,-1,-0.01,-1,-1,-0.01,-1,-1,-0.01,-1,-1
99926009,2026-05-18 12:51:17+05:30,53261.75,0,0.0,0,0.0,0.0,53282.15,53333.0,52783.45,53710.35,0,0.0,0.0,0.0,0.0,-0.01,-1,-1,-0.01,-1,-1,-0.01,-1,-1,-0.01,-1,-1,-0.01,-1,-1,-0.01,-1,-1,-0.01,-1,-1,-0.01,-1,-1,-0.01,-1,-1,-0.01,-1,-1
99926009,2026-05-18 12:51:18+05:30,53259.45,0,0.0,0,0.0,0.0,53282.15,53333.0,52783.45,53710.35,0,0.0,0.0,0.0,0.0,-0.01,-1,-1,-0.01,-1,-1,-0.01,-1,-1,-0.01,-1,-1,-0.01,-1,-1,-0.01,-1,-1,-0.01,-1,-1,-0.01,-1,-1,-0.01,-1,-1,-0.01,-1,-1
99926009,2026-05-18 12:51:18+05:30,53261.5,0,0.0,0,0.0,0.0,53282.15,53333.0,52783.45,53710.35,0,0.0,0.0,0.0,0.0,-0.01,-1,-1,-0.01,-1,-1,-0.01,-1,-1,-0.01,-1,-1,-0.01,-1,-1,-0.01,-1,-1,-0.01,-1,-1,-0.01,-1,-1,-0.01,-1,-1,-0.01,-1,-1
99926009,2026-05-18 12:51:19+05:30,53261.9,0,0.0,0,0.0,0.0,53282.15,53333.0,52783.45,53710.35,0,0.0,0.0,0.0,0.0,-0.01,-1,-1,-0.01,-1,-1,-0.01,-1,-1,-0.01,-1,-1,-0.01,-1,-1,-0.01,-1,-1,-0.01,-1,-1,-0.01,-1,-1,-0.01,-1,-1,-0.01,-1,-1
99926009,2026-05-18 12:51:19+05:30,53260.95,0,0.0,0,0.0,0.0,53282.15,53333.0,52783.45,53710.35,0,0.0,0.0,0.0,0.0,-0.01,-1,-1,-0.01,-1,-1,-0.01,-1,-1,-0.01,-1,-1,-0.01,-1,-1,-0.01,-1,-1,-0.01,-1,-1,-0.01,-1,-1,-0.01,-1,-1,-0.01,-1,-1
99926009,2026-05-18 12:51:20+05:30,53262.85,0,0.0,0,0.0,0.0,53282.15,53333.0,52783.45,53710.35,0,0.0,0.0,0.0,0.0,-0.01,-1,-1,-0.01,-1,-1,-0.01,-1,-1,-0.01,-1,-1,-0.01,-1,-1,-0.01,-1,-1,-0.01,-1,-1,-0.01,-1,-1,-0.01,-1,-1,-0.01,-1,-1
99926009,2026-05-18 12:51:20+05:30,53262.9,0,0.0,0,0.0,0.0,53282.15,53333.0,52783.45,53710.35,0,0.0,0.0,0.0,0.0,-0.01,-1,-1,-0.01,-1,-1,-0.01,-1,-1,-0.01,-1,-1,-0.01,-1,-1,-0.01,-1,-1,-0.01,-1,-1,-0.01,-1,-1,-0.01,-1,-1,-0.01,-1,-1
99926009,2026-05-18 12:51:21+05:30,53260.4,0,0.0,0,0.0,0.0,53282.15,53333.0,52783.45,53710.35,0,0.0,0.0,0.0,0.0,-0.01,-1,-1,-0.01,-1,-1,-0.01,-1,-1,-0.01,-1,-1,-0.01,-1,-1,-0.01,-1,-1,-0.01,-1,-1,-0.01,-1,-1,-0.01,-1,-1,-0.01,-1,-1
99926009,2026-05-18 12:51:21+05:30,53258.15,0,0.0,0,0.0,0.0,53282.15,53333.0,52783.45,53710.35,0,0.0,0.0,0.0,0.0,-0.01,-1,-1,-0.01,-1,-1,-0.01,-1,-1,-0.01,-1,-1,-0.01,-1,-1,-0.01,-1,-1,-0.01,-1,-1,-0.01,-1,-1,-0.01,-1,-1,-0.01,-1,-1
99926009,2026-05-18 12:51:22+05:30,53259.9,0,0.0,0,0.0,0.0,53282.15,53333.0,52783.45,53710.35,0,0.0,0.0,0.0,0.0,-0.01,-1,-1,-0.01,-1,-1,-0.01,-1,-1,-0.01,-1,-1,-0.01,-1,-1,-0.01,-1,-1,-0.01,-1,-1,-0.01,-1,-1,-0.01,-1,-1,-0.01,-1,-1
99926009,2026-05-18 12:51:22+05:30,53259.1,0,0.0,0,0.0,0.0,53282.15,53333.0,52783.45,53710.35,0,0.0,0.0,0.0,0.0,-0.01,-1,-1,-0.01,-1,-1,-0.01,-1,-1,-0.01,-1,-1,-0.01,-1,-1,-0.01,-1,-1,-0.01,-1,-1,-0.01,-1,-1,-0.01,-1,-1,-0.01,-1,-1
99926009,2026-05-18 12:51:23+05:30,53258.15,0,0.0,0,0.0,0.0,53282.15,53333.0,52783.45,53710.35,0,0.0,0.0,0.0,0.0,-0.01,-1,-1,-0.01,-1,-1,-0.01,-1,-1,-0.01,-1,-1,-0.01,-1,-1,-0.01,-1,-1,-0.01,-1,-1,-0.01,-1,-1,-0.01,-1,-1,-0.01,-1,-1
99926009,2026-05-18 12:51:23+05:30,53258.05,0,0.0,0,0.0,0.0,53282.15,53333.0,52783.45,53710.35,0,0.0,0.0,0.0,0.0,-0.01,-1,-1,-0.01,-1,-1,-0.01,-1,-1,-0.01,-1,-1,-0.01,-1,-1,-0.01,-1,-1,-0.01,-1,-1,-0.01,-1,-1,-0.01,-1,-1,-0.01,-1,-1
99926009,2026-05-18 12:51:24+05:30,53260.9,0,0.0,0,0.0,0.0,53282.15,53333.0,52783.45,53710.35,0,0.0,0.0,0.0,0.0,-0.01,-1,-1,-0.01,-1,-1,-0.01,-1,-1,-0.01,-1,-1,-0.01,-1,-1,-0.01,-1,-1,-0.01,-1,-1,-0.01,-1,-1,-0.01,-1,-1,-0.01,-1,-1
99926009,2026-05-18 12:51:24+05:30,53262.2,0,0.0,0,0.0,0.0,53282.15,53333.0,52783.45,53710.35,0,0.0,0.0,0.0,0.0,-0.01,-1,-1,-0.01,-1,-1,-0.01,-1,-1,-0.01,-1,-1,-0.01,-1,-1,-0.01,-1,-1,-0.01,-1,-1,-0.01,-1,-1,-0.01,-1,-1,-0.01,-1,-1
99926009,2026-05-18 12:51:25+05:30,53263.5,0,0.0,0,0.0,0.0,53282.15,53333.0,52783.45,53710.35,0,0.0,0.0,0.0,0.0,-0.01,-1,-1,-0.01,-1,-1,-0.01,-1,-1,-0.01,-1,-1,-0.01,-1,-1,-0.01,-1,-1,-0.01,-1,-1,-0.01,-1,-1,-0.01,-1,-1,-0.01,-1,-1
99926009,2026-05-18 12:51:25+05:30,53266.2,0,0.0,0,0.0,0.0,53282.15,53333.0,52783.45,53710.35,0,0.0,0.0,0.0,0.0,-0.01,-1,-1,-0.01,-1,-1,-0.01,-1,-1,-0.01,-1,-1,-0.01,-1,-1,-0.01,-1,-1,-0.01,-1,-1,-0.01,-1,-1,-0.01,-1,-1,-0.01,-1,-1
99926009,2026-05-18 12:51:26+05:30,53266.35,0,0.0,0,0.0,0.0,53282.15,53333.0,52783.45,53710.35,0,0.0,0.0,0.0,0.0,-0.01,-1,-1,-0.01,-1,-1,-0.01,-1,-1,-0.01,-1,-1,-0.01,-1,-1,-0.01,-1,-1,-0.01,-1,-1,-0.01,-1,-1,-0.01,-1,-1,-0.01,-1,-1
99926009,2026-05-18 12:51:26+05:30,53269.3,0,0.0,0,0.0,0.0,53282.15,53333.0,52783.45,53710.35,0,0.0,0.0,0.0,0.0,-0.01,-1,-1,-0.01,-1,-1,-0.01,-1,-1,-0.01,-1,-1,-0.01,-1,-1,-0.01,-1,-1,-0.01,-1,-1,-0.01,-1,-1,-0.01,-1,-1,-0.01,-1,-1
99926009,2026-05-18 12:51:27+05:30,53273.05,0,0.0,0,0.0,0.0,53282.15,53333.0,52783.45,53710.35,0,0.0,0.0,0.0,0.0,-0.01,-1,-1,-0.01,-1,-1,-0.01,-1,-1,-0.01,-1,-1,-0.01,-1,-1,-0.01,-1,-1,-0.01,-1,-1,-0.01,-1,-1,-0.01,-1,-1,-0.01,-1,-1
99926009,2026-05-18 12:51:27+05:30,53270.2,0,0.0,0,0.0,0.0,53282.15,53333.0,52783.45,53710.35,0,0.0,0.0,0.0,0.0,-0.01,-1,-1,-0.01,-1,-1,-0.01,-1,-1,-0.01,-1,-1,-0.01,-1,-1,-0.01,-1,-1,-0.01,-1,-1,-0.01,-1,-1,-0.01,-1,-1,-0.01,-1,-1
99926009,2026-05-18 12:51:28+05:30,53269.55,0,0.0,0,0.0,0.0,53282.15,53333.0,52783.45,53710.35,0,0.0,0.0,0.0,0.0,-0.01,-1,-1,-0.01,-1,-1,-0.01,-1,-1,-0.01,-1,-1,-0.01,-1,-1,-0.01,-1,-1,-0.01,-1,-1,-0.01,-1,-1,-0.01,-1,-1,-0.01,-1,-1
99926009,2026-05-18 12:51:28+05:30,53269.15,0,0.0,0,0.0,0.0,53282.15,53333.0,52783.45,53710.35,0,0.0,0.0,0.0,0.0,-0.01,-1,-1,-0.01,-1,-1,-0.01,-1,-1,-0.01,-1,-1,-0.01,-1,-1,-0.01,-1,-1,-0.01,-1,-1,-0.01,-1,-1,-0.01,-1,-1,-0.01,-1,-1
99926009,2026-05-18 12:51:29+05:30,53269.25,0,0.0,0,0.0,0.0,53282.15,53333.0,52783.45,53710.35,0,0.0,0.0,0.0,0.0,-0.01,-1,-1,-0.01,-1,-1,-0.01,-1,-1,-0.01,-1,-1,-0.01,-1,-1,-0.01,-1,-1,-0.01,-1,-1,-0.01,-1,-1,-0.01,-1,-1,-0.01,-1,-1
99926009,2026-05-18 12:51:29+05:30,53267.9,0,0.0,0,0.0,0.0,53282.15,53333.0,52783.45,53710.35,0,0.0,0.0,0.0,0.0,-0.01,-1,-1,-0.01,-1,-1,-0.01,-1,-1,-0.01,-1,-1,-0.01,-1,-1,-0.01,-1,-1,-0.01,-1,-1,-0.01,-1,-1,-0.01,-1,-1,-0.01,-1,-1
99926009,2026-05-18 12:51:30+05:30,53267.9,0,0.0,0,0.0,0.0,53282.15,53333.0,52783.45,53710.35,0,0.0,0.0,0.0,0.0,-0.01,-1,-1,-0.01,-1,-1,-0.01,-1,-1,-0.01,-1,-1,-0.01,-1,-1,-0.01,-1,-1,-0.01,-1,-1,-0.01,-1,-1,-0.01,-1,-1,-0.01,-1,-1
99926009,2026-05-18 12:51:30+05:30,53271.5,0,0.0,0,0.0,0.0,53282.15,53333.0,52783.45,53710.35,0,0.0,0.0,0.0,0.0,-0.01,-1,-1,-0.01,-1,-1,-0.01,-1,-1,-0.01,-1,-1,-0.01,-1,-1,-0.01,-1,-1,-0.01,-1,-1,-0.01,-1,-1,-0.01,-1,-1,-0.01,-1,-1
99926009,2026-05-18 12:51:31+05:30,53273.4,0,0.0,0,0.0,0.0,53282.15,53333.0,52783.45,53710.35,0,0.0,0.0,0.0,0.0,-0.01,-1,-1,-0.01,-1,-1,-0.01,-1,-1,-0.01,-1,-1,-0.01,-1,-1,-0.01,-1,-1,-0.01,-1,-1,-0.01,-1,-1,-0.01,-1,-1,-0.01,-1,-1
99926009,2026-05-18 12:51:31+05:30,53277.15,0,0.0,0,0.0,0.0,53282.15,53333.0,52783.45,53710.35,0,0.0,0.0,0.0,0.0,-0.01,-1,-1,-0.01,-1,-1,-0.01,-1,-1,-0.01,-1,-1,-0.01,-1,-1,-0.01,-1,-1,-0.01,-1,-1,-0.01,-1,-1,-0.01,-1,-1,-0.01,-1,-1
99926009,2026-05-18 12:51:32+05:30,53276.0,0,0.0,0,0.0,0.0,53282.15,53333.0,52783.45,53710.35,0,0.0,0.0,0.0,0.0,-0.01,-1,-1,-0.01,-1,-1,-0.01,-1,-1,-0.01,-1,-1,-0.01,-1,-1,-0.01,-1,-1,-0.01,-1,-1,-0.01,-1,-1,-0.01,-1,-1,-0.01,-1,-1
99926009,2026-05-18 12:51:32+05:30,53275.3,0,0.0,0,0.0,0.0,53282.15,53333.0,52783.45,53710.35,0,0.0,0.0,0.0,0.0,-0.01,-1,-1,-0.01,-1,-1,-0.01,-1,-1,-0.01,-1,-1,-0.01,-1,-1,-0.01,-1,-1,-0.01,-1,-1,-0.01,-1,-1,-0.01,-1,-1,-0.01,-1,-1
99926009,2026-05-18 12:51:33+05:30,53275.15,0,0.0,0,0.0,0.0,53282.15,53333.0,52783.45,53710.35,0,0.0,0.0,0.0,0.0,-0.01,-1,-1,-0.01,-1,-1,-0.01,-1,-1,-0.01,-1,-1,-0.01,-1,-1,-0.01,-1,-1,-0.01,-1,-1,-0.01,-1,-1,-0.01,-1,-1,-0.01,-1,-1
99926009,2026-05-18 12:51:33+05:30,53276.3,0,0.0,0,0.0,0.0,53282.15,53333.0,52783.45,53710.35,0,0.0,0.0,0.0,0.0,-0.01,-1,-1,-0.01,-1,-1,-0.01,-1,-1,-0.01,-1,-1,-0.01,-1,-1,-0.01,-1,-1,-0.01,-1,-1,-0.01,-1,-1,-0.01,-1,-1,-0.01,-1,-1
99926009,2026-05-18 12:51:34+05:30,53276.1,0,0.0,0,0.0,0.0,53282.15,53333.0,52783.45,53710.35,0,0.0,0.0,0.0,0.0,-0.01,-1,-1,-0.01,-1,-1,-0.01,-1,-1,-0.01,-1,-1,-0.01,-1,-1,-0.01,-1,-1,-0.01,-1,-1,-0.01,-1,-1,-0.01,-1,-1,-0.01,-1,-1
99926009,2026-05-18 12:51:34+05:30,53278.55,0,0.0,0,0.0,0.0,53282.15,53333.0,52783.45,53710.35,0,0.0,0.0,0.0,0.0,-0.01,-1,-1,-0.01,-1,-1,-0.01,-1,-1,-0.01,-1,-1,-0.01,-1,-1,-0.01,-1,-1,-0.01,-1,-1,-0.01,-1,-1,-0.01,-1,-1,-0.01,-1,-1
99926009,2026-05-18 12:51:35+05:30,53277.5,0,0.0,0,0.0,0.0,53282.15,53333.0,52783.45,53710.35,0,0.0,0.0,0.0,0.0,-0.01,-1,-1,-0.01,-1,-1,-0.01,-1,-1,-0.01,-1,-1,-0.01,-1,-1,-0.01,-1,-1,-0.01,-1,-1,-0.01,-1,-1,-0.01,-1,-1,-0.01,-1,-1
99926009,2026-05-18 12:51:35+05:30,53278.3,0,0.0,0,0.0,0.0,53282.15,53333.0,52783.45,53710.35,0,0.0,0.0,0.0,0.0,-0.01,-1,-1,-0.01,-1,-1,-0.01,-1,-1,-0.01,-1,-1,-0.01,-1,-1,-0.01,-1,-1,-0.01,-1,-1,-0.01,-1,-1,-0.01,-1,-1,-0.01,-1,-1
99926009,2026-05-18 12:51:36+05:30,53277.1,0,0.0,0,0.0,0.0,53282.15,53333.0,52783.45,53710.35,0,0.0,0.0,0.0,0.0,-0.01,-1,-1,-0.01,-1,-1,-0.01,-1,-1,-0.01,-1,-1,-0.01,-1,-1,-0.01,-1,-1,-0.01,-1,-1,-0.01,-1,-1,-0.01,-1,-1,-0.01,-1,-1
99926009,2026-05-18 12:51:36+05:30,53279.0,0,0.0,0,0.0,0.0,53282.15,53333.0,52783.45,53710.35,0,0.0,0.0,0.0,0.0,-0.01,-1,-1,-0.01,-1,-1,-0.01,-1,-1,-0.01,-1,-1,-0.01,-1,-1,-0.01,-1,-1,-0.01,-1,-1,-0.01,-1,-1,-0.01,-1,-1,-0.01,-1,-1
99926009,2026-05-18 12:51:37+05:30,53279.65,0,0.0,0,0.0,0.0,53282.15,53333.0,52783.45,53710.35,0,0.0,0.0,0.0,0.0,-0.01,-1,-1,-0.01,-1,-1,-0.01,-1,-1,-0.01,-1,-1,-0.01,-1,-1,-0.01,-1,-1,-0.01,-1,-1,-0.01,-1,-1,-0.01,-1,-1,-0.01,-1,-1
99926009,2026-05-18 12:51:37+05:30,53280.2,0,0.0,0,0.0,0.0,53282.15,53333.0,52783.45,53710.35,0,0.0,0.0,0.0,0.0,-0.01,-1,-1,-0.01,-1,-1,-0.01,-1,-1,-0.01,-1,-1,-0.01,-1,-1,-0.01,-1,-1,-0.01,-1,-1,-0.01,-1,-1,-0.01,-1,-1,-0.01,-1,-1
99926009,2026-05-18 12:51:38+05:30,53280.3,0,0.0,0,0.0,0.0,53282.15,53333.0,52783.45,53710.35,0,0.0,0.0,0.0,0.0,-0.01,-1,-1,-0.01,-1,-1,-0.01,-1,-1,-0.01,-1,-1,-0.01,-1,-1,-0.01,-1,-1,-0.01,-1,-1,-0.01,-1,-1,-0.01,-1,-1,-0.01,-1,-1
99926009,2026-05-18 12:51:38+05:30,53278.5,0,0.0,0,0.0,0.0,53282.15,53333.0,52783.45,53710.35,0,0.0,0.0,0.0,0.0,-0.01,-1,-1,-0.01,-1,-1,-0.01,-1,-1,-0.01,-1,-1,-0.01,-1,-1,-0.01,-1,-1,-0.01,-1,-1,-0.01,-1,-1,-0.01,-1,-1,-0.01,-1,-1
99926009,2026-05-18 12:51:39+05:30,53278.05,0,0.0,0,0.0,0.0,53282.15,53333.0,52783.45,53710.35,0,0.0,0.0,0.0,0.0,-0.01,-1,-1,-0.01,-1,-1,-0.01,-1,-1,-0.01,-1,-1,-0.01,-1,-1,-0.01,-1,-1,-0.01,-1,-1,-0.01,-1,-1,-0.01,-1,-1,-0.01,-1,-1
99926009,2026-05-18 12:51:39+05:30,53278.85,0,0.0,0,0.0,0.0,53282.15,53333.0,52783.45,53710.35,0,0.0,0.0,0.0,0.0,-0.01,-1,-1,-0.01,-1,-1,-0.01,-1,-1,-0.01,-1,-1,-0.01,-1,-1,-0.01,-1,-1,-0.01,-1,-1,-0.01,-1,-1,-0.01,-1,-1,-0.01,-1,-1
99926009,2026-05-18 12:51:40+05:30,53275.5,0,0.0,0,0.0,0.0,53282.15,53333.0,52783.45,53710.35,0,0.0,0.0,0.0,0.0,-0.01,-1,-1,-0.01,-1,-1,-0.01,-1,-1,-0.01,-1,-1,-0.01,-1,-1,-0.01,-1,-1,-0.01,-1,-1,-0.01,-1,-1,-0.01,-1,-1,-0.01,-1,-1
99926009,2026-05-18 12:51:40+05:30,53276.65,0,0.0,0,0.0,0.0,53282.15,53333.0,52783.45,53710.35,0,0.0,0.0,0.0,0.0,-0.01,-1,-1,-0.01,-1,-1,-0.01,-1,-1,-0.01,-1,-1,-0.01,-1,-1,-0.01,-1,-1,-0.01,-1,-1,-0.01,-1,-1,-0.01,-1,-1,-0.01,-1,-1
99926009,2026-05-18 12:51:41+05:30,53275.55,0,0.0,0,0.0,0.0,53282.15,53333.0,52783.45,53710.35,0,0.0,0.0,0.0,0.0,-0.01,-1,-1,-0.01,-1,-1,-0.01,-1,-1,-0.01,-1,-1,-0.01,-1,-1,-0.01,-1,-1,-0.01,-1,-1,-0.01,-1,-1,-0.01,-1,-1,-0.01,-1,-1
99926009,2026-05-18 12:51:41+05:30,53275.35,0,0.0,0,0.0,0.0,53282.15,53333.0,52783.45,53710.35,0,0.0,0.0,0.0,0.0,-0.01,-1,-1,-0.01,-1,-1,-0.01,-1,-1,-0.01,-1,-1,-0.01,-1,-1,-0.01,-1,-1,-0.01,-1,-1,-0.01,-1,-1,-0.01,-1,-1,-0.01,-1,-1
99926009,2026-05-18 12:51:42+05:30,53280.25,0,0.0,0,0.0,0.0,53282.15,53333.0,52783.45,53710.35,0,0.0,0.0,0.0,0.0,-0.01,-1,-1,-0.01,-1,-1,-0.01,-1,-1,-0.01,-1,-1,-0.01,-1,-1,-0.01,-1,-1,-0.01,-1,-1,-0.01,-1,-1,-0.01,-1,-1,-0.01,-1,-1
99926009,2026-05-18 12:51:42+05:30,53280.3,0,0.0,0,0.0,0.0,53282.15,53333.0,52783.45,53710.35,0,0.0,0.0,0.0,0.0,-0.01,-1,-1,-0.01,-1,-1,-0.01,-1,-1,-0.01,-1,-1,-0.01,-1,-1,-0.01,-1,-1,-0.01,-1,-1,-0.01,-1,-1,-0.01,-1,-1,-0.01,-1,-1
99926009,2026-05-18 12:51:43+05:30,53278.0,0,0.0,0,0.0,0.0,53282.15,53333.0,52783.45,53710.35,0,0.0,0.0,0.0,0.0,-0.01,-1,-1,-0.01,-1,-1,-0.01,-1,-1,-0.01,-1,-1,-0.01,-1,-1,-0.01,-1,-1,-0.01,-1,-1,-0.01,-1,-1,-0.01,-1,-1,-0.01,-1,-1
99926009,2026-05-18 12:51:43+05:30,53277.1,0,0.0,0,0.0,0.0,53282.15,53333.0,52783.45,53710.35,0,0.0,0.0,0.0,0.0,-0.01,-1,-1,-0.01,-1,-1,-0.01,-1,-1,-0.01,-1,-1,-0.01,-1,-1,-0.01,-1,-1,-0.01,-1,-1,-0.01,-1,-1,-0.01,-1,-1,-0.01,-1,-1
99926009,2026-05-18 12:51:44+05:30,53277.45,0,0.0,0,0.0,0.0,53282.15,53333.0,52783.45,53710.35,0,0.0,0.0,0.0,0.0,-0.01,-1,-1,-0.01,-1,-1,-0.01,-1,-1,-0.01,-1,-1,-0.01,-1,-1,-0.01,-1,-1,-0.01,-1,-1,-0.01,-1,-1,-0.01,-1,-1,-0.01,-1,-1
99926009,2026-05-18 12:51:44+05:30,53278.6,0,0.0,0,0.0,0.0,53282.15,53333.0,52783.45,53710.35,0,0.0,0.0,0.0,0.0,-0.01,-1,-1,-0.01,-1,-1,-0.01,-1,-1,-0.01,-1,-1,-0.01,-1,-1,-0.01,-1,-1,-0.01,-1,-1,-0.01,-1,-1,-0.01,-1,-1,-0.01,-1,-1
99926009,2026-05-18 12:51:45+05:30,53278.55,0,0.0,0,0.0,0.0,53282.15,53333.0,52783.45,53710.35,0,0.0,0.0,0.0,0.0,-0.01,-1,-1,-0.01,-1,-1,-0.01,-1,-1,-0.01,-1,-1,-0.01,-1,-1,-0.01,-1,-1,-0.01,-1,-1,-0.01,-1,-1,-0.01,-1,-1,-0.01,-1,-1
99926009,2026-05-18 12:51:45+05:30,53279.35,0,0.0,0,0.0,0.0,53282.15,53333.0,52783.45,53710.35,0,0.0,0.0,0.0,0.0,-0.01,-1,-1,-0.01,-1,-1,-0.01,-1,-1,-0.01,-1,-1,-0.01,-1,-1,-0.01,-1,-1,-0.01,-1,-1,-0.01,-1,-1,-0.01,-1,-1,-0.01,-1,-1
99926009,2026-05-18 12:51:46+05:30,53280.85,0,0.0,0,0.0,0.0,53282.15,53333.0,52783.45,53710.35,0,0.0,0.0,0.0,0.0,-0.01,-1,-1,-0.01,-1,-1,-0.01,-1,-1,-0.01,-1,-1,-0.01,-1,-1,-0.01,-1,-1,-0.01,-1,-1,-0.01,-1,-1,-0.01,-1,-1,-0.01,-1,-1
99926009,2026-05-18 12:51:46+05:30,53279.7,0,0.0,0,0.0,0.0,53282.15,53333.0,52783.45,53710.35,0,0.0,0.0,0.0,0.0,-0.01,-1,-1,-0.01,-1,-1,-0.01,-1,-1,-0.01,-1,-1,-0.01,-1,-1,-0.01,-1,-1,-0.01,-1,-1,-0.01,-1,-1,-0.01,-1,-1,-0.01,-1,-1
99926009,2026-05-18 12:51:47+05:30,53281.45,0,0.0,0,0.0,0.0,53282.15,53333.0,52783.45,53710.35,0,0.0,0.0,0.0,0.0,-0.01,-1,-1,-0.01,-1,-1,-0.01,-1,-1,-0.01,-1,-1,-0.01,-1,-1,-0.01,-1,-1,-0.01,-1,-1,-0.01,-1,-1,-0.01,-1,-1,-0.01,-1,-1
99926009,2026-05-18 12:51:47+05:30,53280.45,0,0.0,0,0.0,0.0,53282.15,53333.0,52783.45,53710.35,0,0.0,0.0,0.0,0.0,-0.01,-1,-1,-0.01,-1,-1,-0.01,-1,-1,-0.01,-1,-1,-0.01,-1,-1,-0.01,-1,-1,-0.01,-1,-1,-0.01,-1,-1,-0.01,-1,-1,-0.01,-1,-1
99926009,2026-05-18 12:51:48+05:30,53280.2,0,0.0,0,0.0,0.0,53282.15,53333.0,52783.45,53710.35,0,0.0,0.0,0.0,0.0,-0.01,-1,-1,-0.01,-1,-1,-0.01,-1,-1,-0.01,-1,-1,-0.01,-1,-1,-0.01,-1,-1,-0.01,-1,-1,-0.01,-1,-1,-0.01,-1,-1,-0.01,-1,-1
99926009,2026-05-18 12:51:48+05:30,53279.5,0,0.0,0,0.0,0.0,53282.15,53333.0,52783.45,53710.35,0,0.0,0.0,0.0,0.0,-0.01,-1,-1,-0.01,-1,-1,-0.01,-1,-1,-0.01,-1,-1,-0.01,-1,-1,-0.01,-1,-1,-0.01,-1,-1,-0.01,-1,-1,-0.01,-1,-1,-0.01,-1,-1
99926009,2026-05-18 12:51:49+05:30,53278.45,0,0.0,0,0.0,0.0,53282.15,53333.0,52783.45,53710.35,0,0.0,0.0,0.0,0.0,-0.01,-1,-1,-0.01,-1,-1,-0.01,-1,-1,-0.01,-1,-1,-0.01,-1,-1,-0.01,-1,-1,-0.01,-1,-1,-0.01,-1,-1,-0.01,-1,-1,-0.01,-1,-1
99926009,2026-05-18 12:51:49+05:30,53280.15,0,0.0,0,0.0,0.0,53282.15,53333.0,52783.45,53710.35,0,0.0,0.0,0.0,0.0,-0.01,-1,-1,-0.01,-1,-1,-0.01,-1,-1,-0.01,-1,-1,-0.01,-1,-1,-0.01,-1,-1,-0.01,-1,-1,-0.01,-1,-1,-0.01,-1,-1,-0.01,-1,-1
99926009,2026-05-18 12:51:50+05:30,53279.6,0,0.0,0,0.0,0.0,53282.15,53333.0,52783.45,53710.35,0,0.0,0.0,0.0,0.0,-0.01,-1,-1,-0.01,-1,-1,-0.01,-1,-1,-0.01,-1,-1,-0.01,-1,-1,-0.01,-1,-1,-0.01,-1,-1,-0.01,-1,-1,-0.01,-1,-1,-0.01,-1,-1
99926009,2026-05-18 12:51:50+05:30,53279.75,0,0.0,0,0.0,0.0,53282.15,53333.0,52783.45,53710.35,0,0.0,0.0,0.0,0.0,-0.01,-1,-1,-0.01,-1,-1,-0.01,-1,-1,-0.01,-1,-1,-0.01,-1,-1,-0.01,-1,-1,-0.01,-1,-1,-0.01,-1,-1,-0.01,-1,-1,-0.01,-1,-1
99926009,2026-05-18 12:51:51+05:30,53279.3,0,0.0,0,0.0,0.0,53282.15,53333.0,52783.45,53710.35,0,0.0,0.0,0.0,0.0,-0.01,-1,-1,-0.01,-1,-1,-0.01,-1,-1,-0.01,-1,-1,-0.01,-1,-1,-0.01,-1,-1,-0.01,-1,-1,-0.01,-1,-1,-0.01,-1,-1,-0.01,-1,-1
99926009,2026-05-18 12:51:51+05:30,53281.3,0,0.0,0,0.0,0.0,53282.15,53333.0,52783.45,53710.35,0,0.0,0.0,0.0,0.0,-0.01,-1,-1,-0.01,-1,-1,-0.01,-1,-1,-0.01,-1,-1,-0.01,-1,-1,-0.01,-1,-1,-0.01,-1,-1,-0.01,-1,-1,-0.01,-1,-1,-0.01,-1,-1
99926009,2026-05-18 12:51:52+05:30,53280.65,0,0.0,0,0.0,0.0,53282.15,53333.0,52783.45,53710.35,0,0.0,0.0,0.0,0.0,-0.01,-1,-1,-0.01,-1,-1,-0.01,-1,-1,-0.01,-1,-1,-0.01,-1,-1,-0.01,-1,-1,-0.01,-1,-1,-0.01,-1,-1,-0.01,-1,-1,-0.01,-1,-1
99926009,2026-05-18 12:51:52+05:30,53279.65,0,0.0,0,0.0,0.0,53282.15,53333.0,52783.45,53710.35,0,0.0,0.0,0.0,0.0,-0.01,-1,-1,-0.01,-1,-1,-0.01,-1,-1,-0.01,-1,-1,-0.01,-1,-1,-0.01,-1,-1,-0.01,-1,-1,-0.01,-1,-1,-0.01,-1,-1,-0.01,-1,-1
99926009,2026-05-18 12:51:53+05:30,53280.3,0,0.0,0,0.0,0.0,53282.15,53333.0,52783.45,53710.35,0,0.0,0.0,0.0,0.0,-0.01,-1,-1,-0.01,-1,-1,-0.01,-1,-1,-0.01,-1,-1,-0.01,-1,-1,-0.01,-1,-1,-0.01,-1,-1,-0.01,-1,-1,-0.01,-1,-1,-0.01,-1,-1
99926009,2026-05-18 12:51:53+05:30,53282.0,0,0.0,0,0.0,0.0,53282.15,53333.0,52783.45,53710.35,0,0.0,0.0,0.0,0.0,-0.01,-1,-1,-0.01,-1,-1,-0.01,-1,-1,-0.01,-1,-1,-0.01,-1,-1,-0.01,-1,-1,-0.01,-1,-1,-0.01,-1,-1,-0.01,-1,-1,-0.01,-1,-1
99926009,2026-05-18 12:51:54+05:30,53280.45,0,0.0,0,0.0,0.0,53282.15,53333.0,52783.45,53710.35,0,0.0,0.0,0.0,0.0,-0.01,-1,-1,-0.01,-1,-1,-0.01,-1,-1,-0.01,-1,-1,-0.01,-1,-1,-0.01,-1,-1,-0.01,-1,-1,-0.01,-1,-1,-0.01,-1,-1,-0.01,-1,-1
99926009,2026-05-18 12:51:54+05:30,53280.7,0,0.0,0,0.0,0.0,53282.15,53333.0,52783.45,53710.35,0,0.0,0.0,0.0,0.0,-0.01,-1,-1,-0.01,-1,-1,-0.01,-1,-1,-0.01,-1,-1,-0.01,-1,-1,-0.01,-1,-1,-0.01,-1,-1,-0.01,-1,-1,-0.01,-1,-1,-0.01,-1,-1
99926009,2026-05-18 12:51:55+05:30,53278.8,0,0.0,0,0.0,0.0,53282.15,53333.0,52783.45,53710.35,0,0.0,0.0,0.0,0.0,-0.01,-1,-1,-0.01,-1,-1,-0.01,-1,-1,-0.01,-1,-1,-0.01,-1,-1,-0.01,-1,-1,-0.01,-1,-1,-0.01,-1,-1,-0.01,-1,-1,-0.01,-1,-1
99926009,2026-05-18 12:51:55+05:30,53281.65,0,0.0,0,0.0,0.0,53282.15,53333.0,52783.45,53710.35,0,0.0,0.0,0.0,0.0,-0.01,-1,-1,-0.01,-1,-1,-0.01,-1,-1,-0.01,-1,-1,-0.01,-1,-1,-0.01,-1,-1,-0.01,-1,-1,-0.01,-1,-1,-0.01,-1,-1,-0.01,-1,-1
99926009,2026-05-18 12:51:56+05:30,53281.65,0,0.0,0,0.0,0.0,53282.15,53333.0,52783.45,53710.35,0,0.0,0.0,0.0,0.0,-0.01,-1,-1,-0.01,-1,-1,-0.01,-1,-1,-0.01,-1,-1,-0.01,-1,-1,-0.01,-1,-1,-0.01,-1,-1,-0.01,-1,-1,-0.01,-1,-1,-0.01,-1,-1
99926009,2026-05-18 12:51:56+05:30,53281.2,0,0.0,0,0.0,0.0,53282.15,53333.0,52783.45,53710.35,0,0.0,0.0,0.0,0.0,-0.01,-1,-1,-0.01,-1,-1,-0.01,-1,-1,-0.01,-1,-1,-0.01,-1,-1,-0.01,-1,-1,-0.01,-1,-1,-0.01,-1,-1,-0.01,-1,-1,-0.01,-1,-1
99926009,2026-05-18 12:51:57+05:30,53281.3,0,0.0,0,0.0,0.0,53282.15,53333.0,52783.45,53710.35,0,0.0,0.0,0.0,0.0,-0.01,-1,-1,-0.01,-1,-1,-0.01,-1,-1,-0.01,-1,-1,-0.01,-1,-1,-0.01,-1,-1,-0.01,-1,-1,-0.01,-1,-1,-0.01,-1,-1,-0.01,-1,-1
99926009,2026-05-18 12:51:57+05:30,53282.2,0,0.0,0,0.0,0.0,53282.15,53333.0,52783.45,53710.35,0,0.0,0.0,0.0,0.0,-0.01,-1,-1,-0.01,-1,-1,-0.01,-1,-1,-0.01,-1,-1,-0.01,-1,-1,-0.01,-1,-1,-0.01,-1,-1,-0.01,-1,-1,-0.01,-1,-1,-0.01,-1,-1
99926009,2026-05-18 12:51:58+05:30,53282.6,0,0.0,0,0.0,0.0,53282.15,53333.0,52783.45,53710.35,0,0.0,0.0,0.0,0.0,-0.01,-1,-1,-0.01,-1,-1,-0.01,-1,-1,-0.01,-1,-1,-0.01,-1,-1,-0.01,-1,-1,-0.01,-1,-1,-0.01,-1,-1,-0.01,-1,-1,-0.01,-1,-1
99926009,2026-05-18 12:51:58+05:30,53282.75,0,0.0,0,0.0,0.0,53282.15,53333.0,52783.45,53710.35,0,0.0,0.0,0.0,0.0,-0.01,-1,-1,-0.01,-1,-1,-0.01,-1,-1,-0.01,-1,-1,-0.01,-1,-1,-0.01,-1,-1,-0.01,-1,-1,-0.01,-1,-1,-0.01,-1,-1,-0.01,-1,-1
99926009,2026-05-18 12:51:59+05:30,53280.95,0,0.0,0,0.0,0.0,53282.15,53333.0,52783.45,53710.35,0,0.0,0.0,0.0,0.0,-0.01,-1,-1,-0.01,-1,-1,-0.01,-1,-1,-0.01,-1,-1,-0.01,-1,-1,-0.01,-1,-1,-0.01,-1,-1,-0.01,-1,-1,-0.01,-1,-1,-0.01,-1,-1
99926009,2026-05-18 12:51:59+05:30,53280.9,0,0.0,0,0.0,0.0,53282.15,53333.0,52783.45,53710.35,0,0.0,0.0,0.0,0.0,-0.01,-1,-1,-0.01,-1,-1,-0.01,-1,-1,-0.01,-1,-1,-0.01,-1,-1,-0.01,-1,-1,-0.01,-1,-1,-0.01,-1,-1,-0.01,-1,-1,-0.01,-1,-1
99926009,2026-05-18 12:52:00+05:30,53281.6,0,0.0,0,0.0,0.0,53282.15,53333.0,52783.45,53710.35,0,0.0,0.0,0.0,0.0,-0.01,-1,-1,-0.01,-1,-1,-0.01,-1,-1,-0.01,-1,-1,-0.01,-1,-1,-0.01,-1,-1,-0.01,-1,-1,-0.01,-1,-1,-0.01,-1,-1,-0.01,-1,-1
99926009,2026-05-18 12:52:00+05:30,53282.2,0,0.0,0,0.0,0.0,53282.15,53333.0,52783.45,53710.35,0,0.0,0.0,0.0,0.0,-0.01,-1,-1,-0.01,-1,-1,-0.01,-1,-1,-0.01,-1,-1,-0.01,-1,-1,-0.01,-1,-1,-0.01,-1,-1,-0.01,-1,-1,-0.01,-1,-1,-0.01,-1,-1
99926009,2026-05-18 12:52:01+05:30,53283.25,0,0.0,0,0.0,0.0,53282.15,53333.0,52783.45,53710.35,0,0.0,0.0,0.0,0.0,-0.01,-1,-1,-0.01,-1,-1,-0.01,-1,-1,-0.01,-1,-1,-0.01,-1,-1,-0.01,-1,-1,-0.01,-1,-1,-0.01,-1,-1,-0.01,-1,-1,-0.01,-1,-1
99926009,2026-05-18 12:52:01+05:30,53284.3,0,0.0,0,0.0,0.0,53282.15,53333.0,52783.45,53710.35,0,0.0,0.0,0.0,0.0,-0.01,-1,-1,-0.01,-1,-1,-0.01,-1,-1,-0.01,-1,-1,-0.01,-1,-1,-0.01,-1,-1,-0.01,-1,-1,-0.01,-1,-1,-0.01,-1,-1,-0.01,-1,-1
99926009,2026-05-18 12:52:02+05:30,53284.2,0,0.0,0,0.0,0.0,53282.15,53333.0,52783.45,53710.35,0,0.0,0.0,0.0,0.0,-0.01,-1,-1,-0.01,-1,-1,-0.01,-1,-1,-0.01,-1,-1,-0.01,-1,-1,-0.01,-1,-1,-0.01,-1,-1,-0.01,-1,-1,-0.01,-1,-1,-0.01,-1,-1
99926009,2026-05-18 12:52:02+05:30,53286.1,0,0.0,0,0.0,0.0,53282.15,53333.0,52783.45,53710.35,0,0.0,0.0,0.0,0.0,-0.01,-1,-1,-0.01,-1,-1,-0.01,-1,-1,-0.01,-1,-1,-0.01,-1,-1,-0.01,-1,-1,-0.01,-1,-1,-0.01,-1,-1,-0.01,-1,-1,-0.01,-1,-1
99926009,2026-05-18 12:52:03+05:30,53286.05,0,0.0,0,0.0,0.0,53282.15,53333.0,52783.45,53710.35,0,0.0,0.0,0.0,0.0,-0.01,-1,-1,-0.01,-1,-1,-0.01,-1,-1,-0.01,-1,-1,-0.01,-1,-1,-0.01,-1,-1,-0.01,-1,-1,-0.01,-1,-1,-0.01,-1,-1,-0.01,-1,-1
99926009,2026-05-18 12:52:03+05:30,53286.45,0,0.0,0,0.0,0.0,53282.15,53333.0,52783.45,53710.35,0,0.0,0.0,0.0,0.0,-0.01,-1,-1,-0.01,-1,-1,-0.01,-1,-1,-0.01,-1,-1,-0.01,-1,-1,-0.01,-1,-1,-0.01,-1,-1,-0.01,-1,-1,-0.01,-1,-1,-0.01,-1,-1
99926009,2026-05-18 12:52:04+05:30,53283.85,0,0.0,0,0.0,0.0,53282.15,53333.0,52783.45,53710.35,0,0.0,0.0,0.0,0.0,-0.01,-1,-1,-0.01,-1,-1,-0.01,-1,-1,-0.01,-1,-1,-0.01,-1,-1,-0.01,-1,-1,-0.01,-1,-1,-0.01,-1,-1,-0.01,-1,-1,-0.01,-1,-1
99926009,2026-05-18 12:52:04+05:30,53284.75,0,0.0,0,0.0,0.0,53282.15,53333.0,52783.45,53710.35,0,0.0,0.0,0.0,0.0,-0.01,-1,-1,-0.01,-1,-1,-0.01,-1,-1,-0.01,-1,-1,-0.01,-1,-1,-0.01,-1,-1,-0.01,-1,-1,-0.01,-1,-1,-0.01,-1,-1,-0.01,-1,-1
99926009,2026-05-18 12:52:05+05:30,53283.0,0,0.0,0,0.0,0.0,53282.15,53333.0,52783.45,53710.35,0,0.0,0.0,0.0,0.0,-0.01,-1,-1,-0.01,-1,-1,-0.01,-1,-1,-0.01,-1,-1,-0.01,-1,-1,-0.01,-1,-1,-0.01,-1,-1,-0.01,-1,-1,-0.01,-1,-1,-0.01,-1,-1
99926009,2026-05-18 12:52:05+05:30,53288.1,0,0.0,0,0.0,0.0,53282.15,53333.0,52783.45,53710.35,0,0.0,0.0,0.0,0.0,-0.01,-1,-1,-0.01,-1,-1,-0.01,-1,-1,-0.01,-1,-1,-0.01,-1,-1,-0.01,-1,-1,-0.01,-1,-1,-0.01,-1,-1,-0.01,-1,-1,-0.01,-1,-1
99926009,2026-05-18 12:52:06+05:30,53291.5,0,0.0,0,0.0,0.0,53282.15,53333.0,52783.45,53710.35,0,0.0,0.0,0.0,0.0,-0.01,-1,-1,-0.01,-1,-1,-0.01,-1,-1,-0.01,-1,-1,-0.01,-1,-1,-0.01,-1,-1,-0.01,-1,-1,-0.01,-1,-1,-0.01,-1,-1,-0.01,-1,-1
99926009,2026-05-18 12:52:06+05:30,53290.9,0,0.0,0,0.0,0.0,53282.15,53333.0,52783.45,53710.35,0,0.0,0.0,0.0,0.0,-0.01,-1,-1,-0.01,-1,-1,-0.01,-1,-1,-0.01,-1,-1,-0.01,-1,-1,-0.01,-1,-1,-0.01,-1,-1,-0.01,-1,-1,-0.01,-1,-1,-0.01,-1,-1
99926009,2026-05-18 12:52:07+05:30,53291.85,0,0.0,0,0.0,0.0,53282.15,53333.0,52783.45,53710.35,0,0.0,0.0,0.0,0.0,-0.01,-1,-1,-0.01,-1,-1,-0.01,-1,-1,-0.01,-1,-1,-0.01,-1,-1,-0.01,-1,-1,-0.01,-1,-1,-0.01,-1,-1,-0.01,-1,-1,-0.01,-1,-1
99926009,2026-05-18 12:52:07+05:30,53287.6,0,0.0,0,0.0,0.0,53282.15,53333.0,52783.45,53710.35,0,0.0,0.0,0.0,0.0,-0.01,-1,-1,-0.01,-1,-1,-0.01,-1,-1,-0.01,-1,-1,-0.01,-1,-1,-0.01,-1,-1,-0.01,-1,-1,-0.01,-1,-1,-0.01,-1,-1,-0.01,-1,-1
99926009,2026-05-18 12:52:08+05:30,53290.45,0,0.0,0,0.0,0.0,53282.15,53333.0,52783.45,53710.35,0,0.0,0.0,0.0,0.0,-0.01,-1,-1,-0.01,-1,-1,-0.01,-1,-1,-0.01,-1,-1,-0.01,-1,-1,-0.01,-1,-1,-0.01,-1,-1,-0.01,-1,-1,-0.01,-1,-1,-0.01,-1,-1
99926009,2026-05-18 12:52:08+05:30,53282.25,0,0.0,0,0.0,0.0,53282.15,53333.0,52783.45,53710.35,0,0.0,0.0,0.0,0.0,-0.01,-1,-1,-0.01,-1,-1,-0.01,-1,-1,-0.01,-1,-1,-0.01,-1,-1,-0.01,-1,-1,-0.01,-1,-1,-0.01,-1,-1,-0.01,-1,-1,-0.01,-1,-1
99926009,2026-05-18 12:52:09+05:30,53283.7,0,0.0,0,0.0,0.0,53282.15,53333.0,52783.45,53710.35,0,0.0,0.0,0.0,0.0,-0.01,-1,-1,-0.01,-1,-1,-0.01,-1,-1,-0.01,-1,-1,-0.01,-1,-1,-0.01,-1,-1,-0.01,-1,-1,-0.01,-1,-1,-0.01,-1,-1,-0.01,-1,-1
99926009,2026-05-18 12:52:09+05:30,53281.95,0,0.0,0,0.0,0.0,53282.15,53333.0,52783.45,53710.35,0,0.0,0.0,0.0,0.0,-0.01,-1,-1,-0.01,-1,-1,-0.01,-1,-1,-0.01,-1,-1,-0.01,-1,-1,-0.01,-1,-1,-0.01,-1,-1,-0.01,-1,-1,-0.01,-1,-1,-0.01,-1,-1
99926009,2026-05-18 12:52:10+05:30,53282.7,0,0.0,0,0.0,0.0,53282.15,53333.0,52783.45,53710.35,0,0.0,0.0,0.0,0.0,-0.01,-1,-1,-0.01,-1,-1,-0.01,-1,-1,-0.01,-1,-1,-0.01,-1,-1,-0.01,-1,-1,-0.01,-1,-1,-0.01,-1,-1,-0.01,-1,-1,-0.01,-1,-1
99926009,2026-05-18 12:52:10+05:30,53284.75,0,0.0,0,0.0,0.0,53282.15,53333.0,52783.45,53710.35,0,0.0,0.0,0.0,0.0,-0.01,-1,-1,-0.01,-1,-1,-0.01,-1,-1,-0.01,-1,-1,-0.01,-1,-1,-0.01,-1,-1,-0.01,-1,-1,-0.01,-1,-1,-0.01,-1,-1,-0.01,-1,-1
99926009,2026-05-18 12:52:11+05:30,53287.15,0,0.0,0,0.0,0.0,53282.15,53333.0,52783.45,53710.35,0,0.0,0.0,0.0,0.0,-0.01,-1,-1,-0.01,-1,-1,-0.01,-1,-1,-0.01,-1,-1,-0.01,-1,-1,-0.01,-1,-1,-0.01,-1,-1,-0.01,-1,-1,-0.01,-1,-1,-0.01,-1,-1
99926009,2026-05-18 12:52:11+05:30,53287.95,0,0.0,0,0.0,0.0,53282.15,53333.0,52783.45,53710.35,0,0.0,0.0,0.0,0.0,-0.01,-1,-1,-0.01,-1,-1,-0.01,-1,-1,-0.01,-1,-1,-0.01,-1,-1,-0.01,-1,-1,-0.01,-1,-1,-0.01,-1,-1,-0.01,-1,-1,-0.01,-1,-1
99926009,2026-05-18 12:52:12+05:30,53287.35,0,0.0,0,0.0,0.0,53282.15,53333.0,52783.45,53710.35,0,0.0,0.0,0.0,0.0,-0.01,-1,-1,-0.01,-1,-1,-0.01,-1,-1,-0.01,-1,-1,-0.01,-1,-1,-0.01,-1,-1,-0.01,-1,-1,-0.01,-1,-1,-0.01,-1,-1,-0.01,-1,-1
99926009,2026-05-18 12:52:12+05:30,53285.35,0,0.0,0,0.0,0.0,53282.15,53333.0,52783.45,53710.35,0,0.0,0.0,0.0,0.0,-0.01,-1,-1,-0.01,-1,-1,-0.01,-1,-1,-0.01,-1,-1,-0.01,-1,-1,-0.01,-1,-1,-0.01,-1,-1,-0.01,-1,-1,-0.01,-1,-1,-0.01,-1,-1
99926009,2026-05-18 12:52:13+05:30,53286.4,0,0.0,0,0.0,0.0,53282.15,53333.0,52783.45,53710.35,0,0.0,0.0,0.0,0.0,-0.01,-1,-1,-0.01,-1,-1,-0.01,-1,-1,-0.01,-1,-1,-0.01,-1,-1,-0.01,-1,-1,-0.01,-1,-1,-0.01,-1,-1,-0.01,-1,-1,-0.01,-1,-1
99926009,2026-05-18 12:52:13+05:30,53287.4,0,0.0,0,0.0,0.0,53282.15,53333.0,52783.45,53710.35,0,0.0,0.0,0.0,0.0,-0.01,-1,-1,-0.01,-1,-1,-0.01,-1,-1,-0.01,-1,-1,-0.01,-1,-1,-0.01,-1,-1,-0.01,-1,-1,-0.01,-1,-1,-0.01,-1,-1,-0.01,-1,-1
99926009,2026-05-18 12:52:14+05:30,53284.45,0,0.0,0,0.0,0.0,53282.15,53333.0,52783.45,53710.35,0,0.0,0.0,0.0,0.0,-0.01,-1,-1,-0.01,-1,-1,-0.01,-1,-1,-0.01,-1,-1,-0.01,-1,-1,-0.01,-1,-1,-0.01,-1,-1,-0.01,-1,-1,-0.01,-1,-1,-0.01,-1,-1
99926009,2026-05-18 12:52:14+05:30,53287.1,0,0.0,0,0.0,0.0,53282.15,53333.0,52783.45,53710.35,0,0.0,0.0,0.0,0.0,-0.01,-1,-1,-0.01,-1,-1,-0.01,-1,-1,-0.01,-1,-1,-0.01,-1,-1,-0.01,-1,-1,-0.01,-1,-1,-0.01,-1,-1,-0.01,-1,-1,-0.01,-1,-1
99926009,2026-05-18 12:52:15+05:30,53283.3,0,0.0,0,0.0,0.0,53282.15,53333.0,52783.45,53710.35,0,0.0,0.0,0.0,0.0,-0.01,-1,-1,-0.01,-1,-1,-0.01,-1,-1,-0.01,-1,-1,-0.01,-1,-1,-0.01,-1,-1,-0.01,-1,-1,-0.01,-1,-1,-0.01,-1,-1,-0.01,-1,-1
99926009,2026-05-18 12:52:15+05:30,53282.55,0,0.0,0,0.0,0.0,53282.15,53333.0,52783.45,53710.35,0,0.0,0.0,0.0,0.0,-0.01,-1,-1,-0.01,-1,-1,-0.01,-1,-1,-0.01,-1,-1,-0.01,-1,-1,-0.01,-1,-1,-0.01,-1,-1,-0.01,-1,-1,-0.01,-1,-1,-0.01,-1,-1
99926009,2026-05-18 12:52:16+05:30,53282.7,0,0.0,0,0.0,0.0,53282.15,53333.0,52783.45,53710.35,0,0.0,0.0,0.0,0.0,-0.01,-1,-1,-0.01,-1,-1,-0.01,-1,-1,-0.01,-1,-1,-0.01,-1,-1,-0.01,-1,-1,-0.01,-1,-1,-0.01,-1,-1,-0.01,-1,-1,-0.01,-1,-1
99926009,2026-05-18 12:52:16+05:30,53285.25,0,0.0,0,0.0,0.0,53282.15,53333.0,52783.45,53710.35,0,0.0,0.0,0.0,0.0,-0.01,-1,-1,-0.01,-1,-1,-0.01,-1,-1,-0.01,-1,-1,-0.01,-1,-1,-0.01,-1,-1,-0.01,-1,-1,-0.01,-1,-1,-0.01,-1,-1,-0.01,-1,-1
99926009,2026-05-18 12:52:17+05:30,53286.85,0,0.0,0,0.0,0.0,53282.15,53333.0,52783.45,53710.35,0,0.0,0.0,0.0,0.0,-0.01,-1,-1,-0.01,-1,-1,-0.01,-1,-1,-0.01,-1,-1,-0.01,-1,-1,-0.01,-1,-1,-0.01,-1,-1,-0.01,-1,-1,-0.01,-1,-1,-0.01,-1,-1
99926009,2026-05-18 12:52:17+05:30,53283.3,0,0.0,0,0.0,0.0,53282.15,53333.0,52783.45,53710.35,0,0.0,0.0,0.0,0.0,-0.01,-1,-1,-0.01,-1,-1,-0.01,-1,-1,-0.01,-1,-1,-0.01,-1,-1,-0.01,-1,-1,-0.01,-1,-1,-0.01,-1,-1,-0.01,-1,-1,-0.01,-1,-1
99926009,2026-05-18 12:52:18+05:30,53284.15,0,0.0,0,0.0,0.0,53282.15,53333.0,52783.45,53710.35,0,0.0,0.0,0.0,0.0,-0.01,-1,-1,-0.01,-1,-1,-0.01,-1,-1,-0.01,-1,-1,-0.01,-1,-1,-0.01,-1,-1,-0.01,-1,-1,-0.01,-1,-1,-0.01,-1,-1,-0.01,-1,-1
99926009,2026-05-18 12:52:18+05:30,53286.35,0,0.0,0,0.0,0.0,53282.15,53333.0,52783.45,53710.35,0,0.0,0.0,0.0,0.0,-0.01,-1,-1,-0.01,-1,-1,-0.01,-1,-1,-0.01,-1,-1,-0.01,-1,-1,-0.01,-1,-1,-0.01,-1,-1,-0.01,-1,-1,-0.01,-1,-1,-0.01,-1,-1
99926009,2026-05-18 12:52:19+05:30,53287.4,0,0.0,0,0.0,0.0,53282.15,53333.0,52783.45,53710.35,0,0.0,0.0,0.0,0.0,-0.01,-1,-1,-0.01,-1,-1,-0.01,-1,-1,-0.01,-1,-1,-0.01,-1,-1,-0.01,-1,-1,-0.01,-1,-1,-0.01,-1,-1,-0.01,-1,-1,-0.01,-1,-1
99926009,2026-05-18 12:52:19+05:30,53290.45,0,0.0,0,0.0,0.0,53282.15,53333.0,52783.45,53710.35,0,0.0,0.0,0.0,0.0,-0.01,-1,-1,-0.01,-1,-1,-0.01,-1,-1,-0.01,-1,-1,-0.01,-1,-1,-0.01,-1,-1,-0.01,-1,-1,-0.01,-1,-1,-0.01,-1,-1,-0.01,-1,-1
99926009,2026-05-18 12:52:20+05:30,53285.45,0,0.0,0,0.0,0.0,53282.15,53333.0,52783.45,53710.35,0,0.0,0.0,0.0,0.0,-0.01,-1,-1,-0.01,-1,-1,-0.01,-1,-1,-0.01,-1,-1,-0.01,-1,-1,-0.01,-1,-1,-0.01,-1,-1,-0.01,-1,-1,-0.01,-1,-1,-0.01,-1,-1
99926009,2026-05-18 12:52:20+05:30,53289.8,0,0.0,0,0.0,0.0,53282.15,53333.0,52783.45,53710.35,0,0.0,0.0,0.0,0.0,-0.01,-1,-1,-0.01,-1,-1,-0.01,-1,-1,-0.01,-1,-1,-0.01,-1,-1,-0.01,-1,-1,-0.01,-1,-1,-0.01,-1,-1,-0.01,-1,-1,-0.01,-1,-1
99926009,2026-05-18 12:52:21+05:30,53290.45,0,0.0,0,0.0,0.0,53282.15,53333.0,52783.45,53710.35,0,0.0,0.0,0.0,0.0,-0.01,-1,-1,-0.01,-1,-1,-0.01,-1,-1,-0.01,-1,-1,-0.01,-1,-1,-0.01,-1,-1,-0.01,-1,-1,-0.01,-1,-1,-0.01,-1,-1,-0.01,-1,-1
99926009,2026-05-18 12:52:21+05:30,53291.0,0,0.0,0,0.0,0.0,53282.15,53333.0,52783.45,53710.35,0,0.0,0.0,0.0,0.0,-0.01,-1,-1,-0.01,-1,-1,-0.01,-1,-1,-0.01,-1,-1,-0.01,-1,-1,-0.01,-1,-1,-0.01,-1,-1,-0.01,-1,-1,-0.01,-1,-1,-0.01,-1,-1
99926009,2026-05-18 12:52:22+05:30,53290.65,0,0.0,0,0.0,0.0,53282.15,53333.0,52783.45,53710.35,0,0.0,0.0,0.0,0.0,-0.01,-1,-1,-0.01,-1,-1,-0.01,-1,-1,-0.01,-1,-1,-0.01,-1,-1,-0.01,-1,-1,-0.01,-1,-1,-0.01,-1,-1,-0.01,-1,-1,-0.01,-1,-1
99926009,2026-05-18 12:52:22+05:30,53286.7,0,0.0,0,0.0,0.0,53282.15,53333.0,52783.45,53710.35,0,0.0,0.0,0.0,0.0,-0.01,-1,-1,-0.01,-1,-1,-0.01,-1,-1,-0.01,-1,-1,-0.01,-1,-1,-0.01,-1,-1,-0.01,-1,-1,-0.01,-1,-1,-0.01,-1,-1,-0.01,-1,-1
99926009,2026-05-18 12:52:23+05:30,53285.75,0,0.0,0,0.0,0.0,53282.15,53333.0,52783.45,53710.35,0,0.0,0.0,0.0,0.0,-0.01,-1,-1,-0.01,-1,-1,-0.01,-1,-1,-0.01,-1,-1,-0.01,-1,-1,-0.01,-1,-1,-0.01,-1,-1,-0.01,-1,-1,-0.01,-1,-1,-0.01,-1,-1
99926009,2026-05-18 12:52:23+05:30,53289.7,0,0.0,0,0.0,0.0,53282.15,53333.0,52783.45,53710.35,0,0.0,0.0,0.0,0.0,-0.01,-1,-1,-0.01,-1,-1,-0.01,-1,-1,-0.01,-1,-1,-0.01,-1,-1,-0.01,-1,-1,-0.01,-1,-1,-0.01,-1,-1,-0.01,-1,-1,-0.01,-1,-1
99926009,2026-05-18 12:52:24+05:30,53286.75,0,0.0,0,0.0,0.0,53282.15,53333.0,52783.45,53710.35,0,0.0,0.0,0.0,0.0,-0.01,-1,-1,-0.01,-1,-1,-0.01,-1,-1,-0.01,-1,-1,-0.01,-1,-1,-0.01,-1,-1,-0.01,-1,-1,-0.01,-1,-1,-0.01,-1,-1,-0.01,-1,-1
99926009,2026-05-18 12:52:24+05:30,53291.65,0,0.0,0,0.0,0.0,53282.15,53333.0,52783.45,53710.35,0,0.0,0.0,0.0,0.0,-0.01,-1,-1,-0.01,-1,-1,-0.01,-1,-1,-0.01,-1,-1,-0.01,-1,-1,-0.01,-1,-1,-0.01,-1,-1,-0.01,-1,-1,-0.01,-1,-1,-0.01,-1,-1
99926009,2026-05-18 12:52:25+05:30,53292.8,0,0.0,0,0.0,0.0,53282.15,53333.0,52783.45,53710.35,0,0.0,0.0,0.0,0.0,-0.01,-1,-1,-0.01,-1,-1,-0.01,-1,-1,-0.01,-1,-1,-0.01,-1,-1,-0.01,-1,-1,-0.01,-1,-1,-0.01,-1,-1,-0.01,-1,-1,-0.01,-1,-1
99926009,2026-05-18 12:52:25+05:30,53290.4,0,0.0,0,0.0,0.0,53282.15,53333.0,52783.45,53710.35,0,0.0,0.0,0.0,0.0,-0.01,-1,-1,-0.01,-1,-1,-0.01,-1,-1,-0.01,-1,-1,-0.01,-1,-1,-0.01,-1,-1,-0.01,-1,-1,-0.01,-1,-1,-0.01,-1,-1,-0.01,-1,-1
99926009,2026-05-18 12:52:26+05:30,53290.1,0,0.0,0,0.0,0.0,53282.15,53333.0,52783.45,53710.35,0,0.0,0.0,0.0,0.0,-0.01,-1,-1,-0.01,-1,-1,-0.01,-1,-1,-0.01,-1,-1,-0.01,-1,-1,-0.01,-1,-1,-0.01,-1,-1,-0.01,-1,-1,-0.01,-1,-1,-0.01,-1,-1
99926009,2026-05-18 12:52:26+05:30,53288.15,0,0.0,0,0.0,0.0,53282.15,53333.0,52783.45,53710.35,0,0.0,0.0,0.0,0.0,-0.01,-1,-1,-0.01,-1,-1,-0.01,-1,-1,-0.01,-1,-1,-0.01,-1,-1,-0.01,-1,-1,-0.01,-1,-1,-0.01,-1,-1,-0.01,-1,-1,-0.01,-1,-1
99926009,2026-05-18 12:52:27+05:30,53290.2,0,0.0,0,0.0,0.0,53282.15,53333.0,52783.45,53710.35,0,0.0,0.0,0.0,0.0,-0.01,-1,-1,-0.01,-1,-1,-0.01,-1,-1,-0.01,-1,-1,-0.01,-1,-1,-0.01,-1,-1,-0.01,-1,-1,-0.01,-1,-1,-0.01,-1,-1,-0.01,-1,-1
99926009,2026-05-18 12:52:27+05:30,53288.8,0,0.0,0,0.0,0.0,53282.15,53333.0,52783.45,53710.35,0,0.0,0.0,0.0,0.0,-0.01,-1,-1,-0.01,-1,-1,-0.01,-1,-1,-0.01,-1,-1,-0.01,-1,-1,-0.01,-1,-1,-0.01,-1,-1,-0.01,-1,-1,-0.01,-1,-1,-0.01,-1,-1
99926009,2026-05-18 12:52:28+05:30,53284.9,0,0.0,0,0.0,0.0,53282.15,53333.0,52783.45,53710.35,0,0.0,0.0,0.0,0.0,-0.01,-1,-1,-0.01,-1,-1,-0.01,-1,-1,-0.01,-1,-1,-0.01,-1,-1,-0.01,-1,-1,-0.01,-1,-1,-0.01,-1,-1,-0.01,-1,-1,-0.01,-1,-1
99926009,2026-05-18 12:52:28+05:30,53289.2,0,0.0,0,0.0,0.0,53282.15,53333.0,52783.45,53710.35,0,0.0,0.0,0.0,0.0,-0.01,-1,-1,-0.01,-1,-1,-0.01,-1,-1,-0.01,-1,-1,-0.01,-1,-1,-0.01,-1,-1,-0.01,-1,-1,-0.01,-1,-1,-0.01,-1,-1,-0.01,-1,-1
99926009,2026-05-18 12:52:29+05:30,53287.15,0,0.0,0,0.0,0.0,53282.15,53333.0,52783.45,53710.35,0,0.0,0.0,0.0,0.0,-0.01,-1,-1,-0.01,-1,-1,-0.01,-1,-1,-0.01,-1,-1,-0.01,-1,-1,-0.01,-1,-1,-0.01,-1,-1,-0.01,-1,-1,-0.01,-1,-1,-0.01,-1,-1
99926009,2026-05-18 12:52:29+05:30,53289.9,0,0.0,0,0.0,0.0,53282.15,53333.0,52783.45,53710.35,0,0.0,0.0,0.0,0.0,-0.01,-1,-1,-0.01,-1,-1,-0.01,-1,-1,-0.01,-1,-1,-0.01,-1,-1,-0.01,-1,-1,-0.01,-1,-1,-0.01,-1,-1,-0.01,-1,-1,-0.01,-1,-1
99926009,2026-05-18 12:52:30+05:30,53290.65,0,0.0,0,0.0,0.0,53282.15,53333.0,52783.45,53710.35,0,0.0,0.0,0.0,0.0,-0.01,-1,-1,-0.01,-1,-1,-0.01,-1,-1,-0.01,-1,-1,-0.01,-1,-1,-0.01,-1,-1,-0.01,-1,-1,-0.01,-1,-1,-0.01,-1,-1,-0.01,-1,-1
99926009,2026-05-18 12:52:30+05:30,53289.45,0,0.0,0,0.0,0.0,53282.15,53333.0,52783.45,53710.35,0,0.0,0.0,0.0,0.0,-0.01,-1,-1,-0.01,-1,-1,-0.01,-1,-1,-0.01,-1,-1,-0.01,-1,-1,-0.01,-1,-1,-0.01,-1,-1,-0.01,-1,-1,-0.01,-1,-1,-0.01,-1,-1
99926009,2026-05-18 12:52:31+05:30,53289.55,0,0.0,0,0.0,0.0,53282.15,53333.0,52783.45,53710.35,0,0.0,0.0,0.0,0.0,-0.01,-1,-1,-0.01,-1,-1,-0.01,-1,-1,-0.01,-1,-1,-0.01,-1,-1,-0.01,-1,-1,-0.01,-1,-1,-0.01,-1,-1,-0.01,-1,-1,-0.01,-1,-1
99926009,2026-05-18 12:52:31+05:30,53285.95,0,0.0,0,0.0,0.0,53282.15,53333.0,52783.45,53710.35,0,0.0,0.0,0.0,0.0,-0.01,-1,-1,-0.01,-1,-1,-0.01,-1,-1,-0.01,-1,-1,-0.01,-1,-1,-0.01,-1,-1,-0.01,-1,-1,-0.01,-1,-1,-0.01,-1,-1,-0.01,-1,-1
99926009,2026-05-18 12:52:32+05:30,53285.8,0,0.0,0,0.0,0.0,53282.15,53333.0,52783.45,53710.35,0,0.0,0.0,0.0,0.0,-0.01,-1,-1,-0.01,-1,-1,-0.01,-1,-1,-0.01,-1,-1,-0.01,-1,-1,-0.01,-1,-1,-0.01,-1,-1,-0.01,-1,-1,-0.01,-1,-1,-0.01,-1,-1
99926009,2026-05-18 12:52:32+05:30,53286.95,0,0.0,0,0.0,0.0,53282.15,53333.0,52783.45,53710.35,0,0.0,0.0,0.0,0.0,-0.01,-1,-1,-0.01,-1,-1,-0.01,-1,-1,-0.01,-1,-1,-0.01,-1,-1,-0.01,-1,-1,-0.01,-1,-1,-0.01,-1,-1,-0.01,-1,-1,-0.01,-1,-1
99926009,2026-05-18 12:52:33+05:30,53283.7,0,0.0,0,0.0,0.0,53282.15,53333.0,52783.45,53710.35,0,0.0,0.0,0.0,0.0,-0.01,-1,-1,-0.01,-1,-1,-0.01,-1,-1,-0.01,-1,-1,-0.01,-1,-1,-0.01,-1,-1,-0.01,-1,-1,-0.01,-1,-1,-0.01,-1,-1,-0.01,-1,-1
99926009,2026-05-18 12:52:33+05:30,53284.25,0,0.0,0,0.0,0.0,53282.15,53333.0,52783.45,53710.35,0,0.0,0.0,0.0,0.0,-0.01,-1,-1,-0.01,-1,-1,-0.01,-1,-1,-0.01,-1,-1,-0.01,-1,-1,-0.01,-1,-1,-0.01,-1,-1,-0.01,-1,-1,-0.01,-1,-1,-0.01,-1,-1
99926009,2026-05-18 12:52:34+05:30,53286.75,0,0.0,0,0.0,0.0,53282.15,53333.0,52783.45,53710.35,0,0.0,0.0,0.0,0.0,-0.01,-1,-1,-0.01,-1,-1,-0.01,-1,-1,-0.01,-1,-1,-0.01,-1,-1,-0.01,-1,-1,-0.01,-1,-1,-0.01,-1,-1,-0.01,-1,-1,-0.01,-1,-1
99926009,2026-05-18 12:52:34+05:30,53288.45,0,0.0,0,0.0,0.0,53282.15,53333.0,52783.45,53710.35,0,0.0,0.0,0.0,0.0,-0.01,-1,-1,-0.01,-1,-1,-0.01,-1,-1,-0.01,-1,-1,-0.01,-1,-1,-0.01,-1,-1,-0.01,-1,-1,-0.01,-1,-1,-0.01,-1,-1,-0.01,-1,-1
99926009,2026-05-18 12:52:35+05:30,53286.1,0,0.0,0,0.0,0.0,53282.15,53333.0,52783.45,53710.35,0,0.0,0.0,0.0,0.0,-0.01,-1,-1,-0.01,-1,-1,-0.01,-1,-1,-0.01,-1,-1,-0.01,-1,-1,-0.01,-1,-1,-0.01,-1,-1,-0.01,-1,-1,-0.01,-1,-1,-0.01,-1,-1
99926009,2026-05-18 12:52:35+05:30,53288.15,0,0.0,0,0.0,0.0,53282.15,53333.0,52783.45,53710.35,0,0.0,0.0,0.0,0.0,-0.01,-1,-1,-0.01,-1,-1,-0.01,-1,-1,-0.01,-1,-1,-0.01,-1,-1,-0.01,-1,-1,-0.01,-1,-1,-0.01,-1,-1,-0.01,-1,-1,-0.01,-1,-1
99926009,2026-05-18 12:52:36+05:30,53288.6,0,0.0,0,0.0,0.0,53282.15,53333.0,52783.45,53710.35,0,0.0,0.0,0.0,0.0,-0.01,-1,-1,-0.01,-1,-1,-0.01,-1,-1,-0.01,-1,-1,-0.01,-1,-1,-0.01,-1,-1,-0.01,-1,-1,-0.01,-1,-1,-0.01,-1,-1,-0.01,-1,-1
99926009,2026-05-18 12:52:36+05:30,53285.05,0,0.0,0,0.0,0.0,53282.15,53333.0,52783.45,53710.35,0,0.0,0.0,0.0,0.0,-0.01,-1,-1,-0.01,-1,-1,-0.01,-1,-1,-0.01,-1,-1,-0.01,-1,-1,-0.01,-1,-1,-0.01,-1,-1,-0.01,-1,-1,-0.01,-1,-1,-0.01,-1,-1
99926009,2026-05-18 12:52:37+05:30,53288.15,0,0.0,0,0.0,0.0,53282.15,53333.0,52783.45,53710.35,0,0.0,0.0,0.0,0.0,-0.01,-1,-1,-0.01,-1,-1,-0.01,-1,-1,-0.01,-1,-1,-0.01,-1,-1,-0.01,-1,-1,-0.01,-1,-1,-0.01,-1,-1,-0.01,-1,-1,-0.01,-1,-1
99926009,2026-05-18 12:52:37+05:30,53283.95,0,0.0,0,0.0,0.0,53282.15,53333.0,52783.45,53710.35,0,0.0,0.0,0.0,0.0,-0.01,-1,-1,-0.01,-1,-1,-0.01,-1,-1,-0.01,-1,-1,-0.01,-1,-1,-0.01,-1,-1,-0.01,-1,-1,-0.01,-1,-1,-0.01,-1,-1,-0.01,-1,-1
99926009,2026-05-18 12:52:38+05:30,53287.75,0,0.0,0,0.0,0.0,53282.15,53333.0,52783.45,53710.35,0,0.0,0.0,0.0,0.0,-0.01,-1,-1,-0.01,-1,-1,-0.01,-1,-1,-0.01,-1,-1,-0.01,-1,-1,-0.01,-1,-1,-0.01,-1,-1,-0.01,-1,-1,-0.01,-1,-1,-0.01,-1,-1
99926009,2026-05-18 12:52:38+05:30,53286.75,0,0.0,0,0.0,0.0,53282.15,53333.0,52783.45,53710.35,0,0.0,0.0,0.0,0.0,-0.01,-1,-1,-0.01,-1,-1,-0.01,-1,-1,-0.01,-1,-1,-0.01,-1,-1,-0.01,-1,-1,-0.01,-1,-1,-0.01,-1,-1,-0.01,-1,-1,-0.01,-1,-1
99926009,2026-05-18 12:52:39+05:30,53285.8,0,0.0,0,0.0,0.0,53282.15,53333.0,52783.45,53710.35,0,0.0,0.0,0.0,0.0,-0.01,-1,-1,-0.01,-1,-1,-0.01,-1,-1,-0.01,-1,-1,-0.01,-1,-1,-0.01,-1,-1,-0.01,-1,-1,-0.01,-1,-1,-0.01,-1,-1,-0.01,-1,-1
99926009,2026-05-18 12:52:39+05:30,53287.0,0,0.0,0,0.0,0.0,53282.15,53333.0,52783.45,53710.35,0,0.0,0.0,0.0,0.0,-0.01,-1,-1,-0.01,-1,-1,-0.01,-1,-1,-0.01,-1,-1,-0.01,-1,-1,-0.01,-1,-1,-0.01,-1,-1,-0.01,-1,-1,-0.01,-1,-1,-0.01,-1,-1
99926009,2026-05-18 12:52:40+05:30,53285.35,0,0.0,0,0.0,0.0,53282.15,53333.0,52783.45,53710.35,0,0.0,0.0,0.0,0.0,-0.01,-1,-1,-0.01,-1,-1,-0.01,-1,-1,-0.01,-1,-1,-0.01,-1,-1,-0.01,-1,-1,-0.01,-1,-1,-0.01,-1,-1,-0.01,-1,-1,-0.01,-1,-1
99926009,2026-05-18 12:52:40+05:30,53287.85,0,0.0,0,0.0,0.0,53282.15,53333.0,52783.45,53710.35,0,0.0,0.0,0.0,0.0,-0.01,-1,-1,-0.01,-1,-1,-0.01,-1,-1,-0.01,-1,-1,-0.01,-1,-1,-0.01,-1,-1,-0.01,-1,-1,-0.01,-1,-1,-0.01,-1,-1,-0.01,-1,-1
99926009,2026-05-18 12:52:41+05:30,53286.4,0,0.0,0,0.0,0.0,53282.15,53333.0,52783.45,53710.35,0,0.0,0.0,0.0,0.0,-0.01,-1,-1,-0.01,-1,-1,-0.01,-1,-1,-0.01,-1,-1,-0.01,-1,-1,-0.01,-1,-1,-0.01,-1,-1,-0.01,-1,-1,-0.01,-1,-1,-0.01,-1,-1
99926009,2026-05-18 12:52:41+05:30,53288.85,0,0.0,0,0.0,0.0,53282.15,53333.0,52783.45,53710.35,0,0.0,0.0,0.0,0.0,-0.01,-1,-1,-0.01,-1,-1,-0.01,-1,-1,-0.01,-1,-1,-0.01,-1,-1,-0.01,-1,-1,-0.01,-1,-1,-0.01,-1,-1,-0.01,-1,-1,-0.01,-1,-1
99926009,2026-05-18 12:52:42+05:30,53287.0,0,0.0,0,0.0,0.0,53282.15,53333.0,52783.45,53710.35,0,0.0,0.0,0.0,0.0,-0.01,-1,-1,-0.01,-1,-1,-0.01,-1,-1,-0.01,-1,-1,-0.01,-1,-1,-0.01,-1,-1,-0.01,-1,-1,-0.01,-1,-1,-0.01,-1,-1,-0.01,-1,-1
99926009,2026-05-18 12:52:42+05:30,53288.8,0,0.0,0,0.0,0.0,53282.15,53333.0,52783.45,53710.35,0,0.0,0.0,0.0,0.0,-0.01,-1,-1,-0.01,-1,-1,-0.01,-1,-1,-0.01,-1,-1,-0.01,-1,-1,-0.01,-1,-1,-0.01,-1,-1,-0.01,-1,-1,-0.01,-1,-1,-0.01,-1,-1
99926009,2026-05-18 12:52:43+05:30,53286.35,0,0.0,0,0.0,0.0,53282.15,53333.0,52783.45,53710.35,0,0.0,0.0,0.0,0.0,-0.01,-1,-1,-0.01,-1,-1,-0.01,-1,-1,-0.01,-1,-1,-0.01,-1,-1,-0.01,-1,-1,-0.01,-1,-1,-0.01,-1,-1,-0.01,-1,-1,-0.01,-1,-1
99926009,2026-05-18 12:52:43+05:30,53288.65,0,0.0,0,0.0,0.0,53282.15,53333.0,52783.45,53710.35,0,0.0,0.0,0.0,0.0,-0.01,-1,-1,-0.01,-1,-1,-0.01,-1,-1,-0.01,-1,-1,-0.01,-1,-1,-0.01,-1,-1,-0.01,-1,-1,-0.01,-1,-1,-0.01,-1,-1,-0.01,-1,-1
99926009,2026-05-18 12:52:44+05:30,53287.25,0,0.0,0,0.0,0.0,53282.15,53333.0,52783.45,53710.35,0,0.0,0.0,0.0,0.0,-0.01,-1,-1,-0.01,-1,-1,-0.01,-1,-1,-0.01,-1,-1,-0.01,-1,-1,-0.01,-1,-1,-0.01,-1,-1,-0.01,-1,-1,-0.01,-1,-1,-0.01,-1,-1
99926009,2026-05-18 12:52:44+05:30,53289.8,0,0.0,0,0.0,0.0,53282.15,53333.0,52783.45,53710.35,0,0.0,0.0,0.0,0.0,-0.01,-1,-1,-0.01,-1,-1,-0.01,-1,-1,-0.01,-1,-1,-0.01,-1,-1,-0.01,-1,-1,-0.01,-1,-1,-0.01,-1,-1,-0.01,-1,-1,-0.01,-1,-1
99926009,2026-05-18 12:52:45+05:30,53284.4,0,0.0,0,0.0,0.0,53282.15,53333.0,52783.45,53710.35,0,0.0,0.0,0.0,0.0,-0.01,-1,-1,-0.01,-1,-1,-0.01,-1,-1,-0.01,-1,-1,-0.01,-1,-1,-0.01,-1,-1,-0.01,-1,-1,-0.01,-1,-1,-0.01,-1,-1,-0.01,-1,-1
99926009,2026-05-18 12:52:45+05:30,53291.2,0,0.0,0,0.0,0.0,53282.15,53333.0,52783.45,53710.35,0,0.0,0.0,0.0,0.0,-0.01,-1,-1,-0.01,-1,-1,-0.01,-1,-1,-0.01,-1,-1,-0.01,-1,-1,-0.01,-1,-1,-0.01,-1,-1,-0.01,-1,-1,-0.01,-1,-1,-0.01,-1,-1
99926009,2026-05-18 12:52:46+05:30,53288.25,0,0.0,0,0.0,0.0,53282.15,53333.0,52783.45,53710.35,0,0.0,0.0,0.0,0.0,-0.01,-1,-1,-0.01,-1,-1,-0.01,-1,-1,-0.01,-1,-1,-0.01,-1,-1,-0.01,-1,-1,-0.01,-1,-1,-0.01,-1,-1,-0.01,-1,-1,-0.01,-1,-1
99926009,2026-05-18 12:52:46+05:30,53288.6,0,0.0,0,0.0,0.0,53282.15,53333.0,52783.45,53710.35,0,0.0,0.0,0.0,0.0,-0.01,-1,-1,-0.01,-1,-1,-0.01,-1,-1,-0.01,-1,-1,-0.01,-1,-1,-0.01,-1,-1,-0.01,-1,-1,-0.01,-1,-1,-0.01,-1,-1,-0.01,-1,-1
99926009,2026-05-18 12:52:47+05:30,53288.25,0,0.0,0,0.0,0.0,53282.15,53333.0,52783.45,53710.35,0,0.0,0.0,0.0,0.0,-0.01,-1,-1,-0.01,-1,-1,-0.01,-1,-1,-0.01,-1,-1,-0.01,-1,-1,-0.01,-1,-1,-0.01,-1,-1,-0.01,-1,-1,-0.01,-1,-1,-0.01,-1,-1
99926009,2026-05-18 12:52:47+05:30,53288.25,0,0.0,0,0.0,0.0,53282.15,53333.0,52783.45,53710.35,0,0.0,0.0,0.0,0.0,-0.01,-1,-1,-0.01,-1,-1,-0.01,-1,-1,-0.01,-1,-1,-0.01,-1,-1,-0.01,-1,-1,-0.01,-1,-1,-0.01,-1,-1,-0.01,-1,-1,-0.01,-1,-1
99926009,2026-05-18 12:52:48+05:30,53289.35,0,0.0,0,0.0,0.0,53282.15,53333.0,52783.45,53710.35,0,0.0,0.0,0.0,0.0,-0.01,-1,-1,-0.01,-1,-1,-0.01,-1,-1,-0.01,-1,-1,-0.01,-1,-1,-0.01,-1,-1,-0.01,-1,-1,-0.01,-1,-1,-0.01,-1,-1,-0.01,-1,-1
99926009,2026-05-18 12:52:48+05:30,53287.45,0,0.0,0,0.0,0.0,53282.15,53333.0,52783.45,53710.35,0,0.0,0.0,0.0,0.0,-0.01,-1,-1,-0.01,-1,-1,-0.01,-1,-1,-0.01,-1,-1,-0.01,-1,-1,-0.01,-1,-1,-0.01,-1,-1,-0.01,-1,-1,-0.01,-1,-1,-0.01,-1,-1
99926009,2026-05-18 12:52:49+05:30,53288.55,0,0.0,0,0.0,0.0,53282.15,53333.0,52783.45,53710.35,0,0.0,0.0,0.0,0.0,-0.01,-1,-1,-0.01,-1,-1,-0.01,-1,-1,-0.01,-1,-1,-0.01,-1,-1,-0.01,-1,-1,-0.01,-1,-1,-0.01,-1,-1,-0.01,-1,-1,-0.01,-1,-1
99926009,2026-05-18 12:52:49+05:30,53284.6,0,0.0,0,0.0,0.0,53282.15,53333.0,52783.45,53710.35,0,0.0,0.0,0.0,0.0,-0.01,-1,-1,-0.01,-1,-1,-0.01,-1,-1,-0.01,-1,-1,-0.01,-1,-1,-0.01,-1,-1,-0.01,-1,-1,-0.01,-1,-1,-0.01,-1,-1,-0.01,-1,-1
99926009,2026-05-18 12:52:50+05:30,53285.0,0,0.0,0,0.0,0.0,53282.15,53333.0,52783.45,53710.35,0,0.0,0.0,0.0,0.0,-0.01,-1,-1,-0.01,-1,-1,-0.01,-1,-1,-0.01,-1,-1,-0.01,-1,-1,-0.01,-1,-1,-0.01,-1,-1,-0.01,-1,-1,-0.01,-1,-1,-0.01,-1,-1
99926009,2026-05-18 12:52:50+05:30,53289.45,0,0.0,0,0.0,0.0,53282.15,53333.0,52783.45,53710.35,0,0.0,0.0,0.0,0.0,-0.01,-1,-1,-0.01,-1,-1,-0.01,-1,-1,-0.01,-1,-1,-0.01,-1,-1,-0.01,-1,-1,-0.01,-1,-1,-0.01,-1,-1,-0.01,-1,-1,-0.01,-1,-1
99926009,2026-05-18 12:52:51+05:30,53291.85,0,0.0,0,0.0,0.0,53282.15,53333.0,52783.45,53710.35,0,0.0,0.0,0.0,0.0,-0.01,-1,-1,-0.01,-1,-1,-0.01,-1,-1,-0.01,-1,-1,-0.01,-1,-1,-0.01,-1,-1,-0.01,-1,-1,-0.01,-1,-1,-0.01,-1,-1,-0.01,-1,-1
99926009,2026-05-18 12:52:51+05:30,53286.85,0,0.0,0,0.0,0.0,53282.15,53333.0,52783.45,53710.35,0,0.0,0.0,0.0,0.0,-0.01,-1,-1,-0.01,-1,-1,-0.01,-1,-1,-0.01,-1,-1,-0.01,-1,-1,-0.01,-1,-1,-0.01,-1,-1,-0.01,-1,-1,-0.01,-1,-1,-0.01,-1,-1
99926009,2026-05-18 12:52:52+05:30,53287.75,0,0.0,0,0.0,0.0,53282.15,53333.0,52783.45,53710.35,0,0.0,0.0,0.0,0.0,-0.01,-1,-1,-0.01,-1,-1,-0.01,-1,-1,-0.01,-1,-1,-0.01,-1,-1,-0.01,-1,-1,-0.01,-1,-1,-0.01,-1,-1,-0.01,-1,-1,-0.01,-1,-1
99926009,2026-05-18 12:52:52+05:30,53290.15,0,0.0,0,0.0,0.0,53282.15,53333.0,52783.45,53710.35,0,0.0,0.0,0.0,0.0,-0.01,-1,-1,-0.01,-1,-1,-0.01,-1,-1,-0.01,-1,-1,-0.01,-1,-1,-0.01,-1,-1,-0.01,-1,-1,-0.01,-1,-1,-0.01,-1,-1,-0.01,-1,-1
99926009,2026-05-18 12:52:53+05:30,53290.05,0,0.0,0,0.0,0.0,53282.15,53333.0,52783.45,53710.35,0,0.0,0.0,0.0,0.0,-0.01,-1,-1,-0.01,-1,-1,-0.01,-1,-1,-0.01,-1,-1,-0.01,-1,-1,-0.01,-1,-1,-0.01,-1,-1,-0.01,-1,-1,-0.01,-1,-1,-0.01,-1,-1
99926009,2026-05-18 12:52:53+05:30,53291.9,0,0.0,0,0.0,0.0,53282.15,53333.0,52783.45,53710.35,0,0.0,0.0,0.0,0.0,-0.01,-1,-1,-0.01,-1,-1,-0.01,-1,-1,-0.01,-1,-1,-0.01,-1,-1,-0.01,-1,-1,-0.01,-1,-1,-0.01,-1,-1,-0.01,-1,-1,-0.01,-1,-1
99926009,2026-05-18 12:52:54+05:30,53292.2,0,0.0,0,0.0,0.0,53282.15,53333.0,52783.45,53710.35,0,0.0,0.0,0.0,0.0,-0.01,-1,-1,-0.01,-1,-1,-0.01,-1,-1,-0.01,-1,-1,-0.01,-1,-1,-0.01,-1,-1,-0.01,-1,-1,-0.01,-1,-1,-0.01,-1,-1,-0.01,-1,-1
99926009,2026-05-18 12:52:54+05:30,53290.4,0,0.0,0,0.0,0.0,53282.15,53333.0,52783.45,53710.35,0,0.0,0.0,0.0,0.0,-0.01,-1,-1,-0.01,-1,-1,-0.01,-1,-1,-0.01,-1,-1,-0.01,-1,-1,-0.01,-1,-1,-0.01,-1,-1,-0.01,-1,-1,-0.01,-1,-1,-0.01,-1,-1
99926009,2026-05-18 12:52:55+05:30,53286.95,0,0.0,0,0.0,0.0,53282.15,53333.0,52783.45,53710.35,0,0.0,0.0,0.0,0.0,-0.01,-1,-1,-0.01,-1,-1,-0.01,-1,-1,-0.01,-1,-1,-0.01,-1,-1,-0.01,-1,-1,-0.01,-1,-1,-0.01,-1,-1,-0.01,-1,-1,-0.01,-1,-1
99926009,2026-05-18 12:52:55+05:30,53288.4,0,0.0,0,0.0,0.0,53282.15,53333.0,52783.45,53710.35,0,0.0,0.0,0.0,0.0,-0.01,-1,-1,-0.01,-1,-1,-0.01,-1,-1,-0.01,-1,-1,-0.01,-1,-1,-0.01,-1,-1,-0.01,-1,-1,-0.01,-1,-1,-0.01,-1,-1,-0.01,-1,-1
99926009,2026-05-18 12:52:56+05:30,53287.75,0,0.0,0,0.0,0.0,53282.15,53333.0,52783.45,53710.35,0,0.0,0.0,0.0,0.0,-0.01,-1,-1,-0.01,-1,-1,-0.01,-1,-1,-0.01,-1,-1,-0.01,-1,-1,-0.01,-1,-1,-0.01,-1,-1,-0.01,-1,-1,-0.01,-1,-1,-0.01,-1,-1
99926009,2026-05-18 12:52:56+05:30,53285.2,0,0.0,0,0.0,0.0,53282.15,53333.0,52783.45,53710.35,0,0.0,0.0,0.0,0.0,-0.01,-1,-1,-0.01,-1,-1,-0.01,-1,-1,-0.01,-1,-1,-0.01,-1,-1,-0.01,-1,-1,-0.01,-1,-1,-0.01,-1,-1,-0.01,-1,-1,-0.01,-1,-1
99926009,2026-05-18 12:52:57+05:30,53289.1,0,0.0,0,0.0,0.0,53282.15,53333.0,52783.45,53710.35,0,0.0,0.0,0.0,0.0,-0.01,-1,-1,-0.01,-1,-1,-0.01,-1,-1,-0.01,-1,-1,-0.01,-1,-1,-0.01,-1,-1,-0.01,-1,-1,-0.01,-1,-1,-0.01,-1,-1,-0.01,-1,-1
99926009,2026-05-18 12:52:57+05:30,53289.5,0,0.0,0,0.0,0.0,53282.15,53333.0,52783.45,53710.35,0,0.0,0.0,0.0,0.0,-0.01,-1,-1,-0.01,-1,-1,-0.01,-1,-1,-0.01,-1,-1,-0.01,-1,-1,-0.01,-1,-1,-0.01,-1,-1,-0.01,-1,-1,-0.01,-1,-1,-0.01,-1,-1
99926009,2026-05-18 12:52:58+05:30,53284.7,0,0.0,0,0.0,0.0,53282.15,53333.0,52783.45,53710.35,0,0.0,0.0,0.0,0.0,-0.01,-1,-1,-0.01,-1,-1,-0.01,-1,-1,-0.01,-1,-1,-0.01,-1,-1,-0.01,-1,-1,-0.01,-1,-1,-0.01,-1,-1,-0.01,-1,-1,-0.01,-1,-1
99926009,2026-05-18 12:52:58+05:30,53284.8,0,0.0,0,0.0,0.0,53282.15,53333.0,52783.45,53710.35,0,0.0,0.0,0.0,0.0,-0.01,-1,-1,-0.01,-1,-1,-0.01,-1,-1,-0.01,-1,-1,-0.01,-1,-1,-0.01,-1,-1,-0.01,-1,-1,-0.01,-1,-1,-0.01,-1,-1,-0.01,-1,-1
99926009,2026-05-18 12:52:59+05:30,53290.15,0,0.0,0,0.0,0.0,53282.15,53333.0,52783.45,53710.35,0,0.0,0.0,0.0,0.0,-0.01,-1,-1,-0.01,-1,-1,-0.01,-1,-1,-0.01,-1,-1,-0.01,-1,-1,-0.01,-1,-1,-0.01,-1,-1,-0.01,-1,-1,-0.01,-1,-1,-0.01,-1,-1
99926009,2026-05-18 12:52:59+05:30,53290.55,0,0.0,0,0.0,0.0,53282.15,53333.0,52783.45,53710.35,0,0.0,0.0,0.0,0.0,-0.01,-1,-1,-0.01,-1,-1,-0.01,-1,-1,-0.01,-1,-1,-0.01,-1,-1,-0.01,-1,-1,-0.01,-1,-1,-0.01,-1,-1,-0.01,-1,-1,-0.01,-1,-1
99926009,2026-05-18 12:53:00+05:30,53293.25,0,0.0,0,0.0,0.0,53282.15,53333.0,52783.45,53710.35,0,0.0,0.0,0.0,0.0,-0.01,-1,-1,-0.01,-1,-1,-0.01,-1,-1,-0.01,-1,-1,-0.01,-1,-1,-0.01,-1,-1,-0.01,-1,-1,-0.01,-1,-1,-0.01,-1,-1,-0.01,-1,-1
99926009,2026-05-18 12:53:00+05:30,53294.7,0,0.0,0,0.0,0.0,53282.15,53333.0,52783.45,53710.35,0,0.0,0.0,0.0,0.0,-0.01,-1,-1,-0.01,-1,-1,-0.01,-1,-1,-0.01,-1,-1,-0.01,-1,-1,-0.01,-1,-1,-0.01,-1,-1,-0.01,-1,-1,-0.01,-1,-1,-0.01,-1,-1
99926009,2026-05-18 12:53:01+05:30,53299.35,0,0.0,0,0.0,0.0,53282.15,53333.0,52783.45,53710.35,0,0.0,0.0,0.0,0.0,-0.01,-1,-1,-0.01,-1,-1,-0.01,-1,-1,-0.01,-1,-1,-0.01,-1,-1,-0.01,-1,-1,-0.01,-1,-1,-0.01,-1,-1,-0.01,-1,-1,-0.01,-1,-1
99926009,2026-05-18 12:53:01+05:30,53296.2,0,0.0,0,0.0,0.0,53282.15,53333.0,52783.45,53710.35,0,0.0,0.0,0.0,0.0,-0.01,-1,-1,-0.01,-1,-1,-0.01,-1,-1,-0.01,-1,-1,-0.01,-1,-1,-0.01,-1,-1,-0.01,-1,-1,-0.01,-1,-1,-0.01,-1,-1,-0.01,-1,-1
99926009,2026-05-18 12:53:02+05:30,53295.65,0,0.0,0,0.0,0.0,53282.15,53333.0,52783.45,53710.35,0,0.0,0.0,0.0,0.0,-0.01,-1,-1,-0.01,-1,-1,-0.01,-1,-1,-0.01,-1,-1,-0.01,-1,-1,-0.01,-1,-1,-0.01,-1,-1,-0.01,-1,-1,-0.01,-1,-1,-0.01,-1,-1
99926009,2026-05-18 12:53:02+05:30,53296.3,0,0.0,0,0.0,0.0,53282.15,53333.0,52783.45,53710.35,0,0.0,0.0,0.0,0.0,-0.01,-1,-1,-0.01,-1,-1,-0.01,-1,-1,-0.01,-1,-1,-0.01,-1,-1,-0.01,-1,-1,-0.01,-1,-1,-0.01,-1,-1,-0.01,-1,-1,-0.01,-1,-1
99926009,2026-05-18 12:53:03+05:30,53299.05,0,0.0,0,0.0,0.0,53282.15,53333.0,52783.45,53710.35,0,0.0,0.0,0.0,0.0,-0.01,-1,-1,-0.01,-1,-1,-0.01,-1,-1,-0.01,-1,-1,-0.01,-1,-1,-0.01,-1,-1,-0.01,-1,-1,-0.01,-1,-1,-0.01,-1,-1,-0.01,-1,-1
99926009,2026-05-18 12:53:03+05:30,53297.3,0,0.0,0,0.0,0.0,53282.15,53333.0,52783.45,53710.35,0,0.0,0.0,0.0,0.0,-0.01,-1,-1,-0.01,-1,-1,-0.01,-1,-1,-0.01,-1,-1,-0.01,-1,-1,-0.01,-1,-1,-0.01,-1,-1,-0.01,-1,-1,-0.01,-1,-1,-0.01,-1,-1
99926009,2026-05-18 12:53:04+05:30,53297.25,0,0.0,0,0.0,0.0,53282.15,53333.0,52783.45,53710.35,0,0.0,0.0,0.0,0.0,-0.01,-1,-1,-0.01,-1,-1,-0.01,-1,-1,-0.01,-1,-1,-0.01,-1,-1,-0.01,-1,-1,-0.01,-1,-1,-0.01,-1,-1,-0.01,-1,-1,-0.01,-1,-1
99926009,2026-05-18 12:53:04+05:30,53295.05,0,0.0,0,0.0,0.0,53282.15,53333.0,52783.45,53710.35,0,0.0,0.0,0.0,0.0,-0.01,-1,-1,-0.01,-1,-1,-0.01,-1,-1,-0.01,-1,-1,-0.01,-1,-1,-0.01,-1,-1,-0.01,-1,-1,-0.01,-1,-1,-0.01,-1,-1,-0.01,-1,-1
99926009,2026-05-18 12:53:05+05:30,53298.3,0,0.0,0,0.0,0.0,53282.15,53333.0,52783.45,53710.35,0,0.0,0.0,0.0,0.0,-0.01,-1,-1,-0.01,-1,-1,-0.01,-1,-1,-0.01,-1,-1,-0.01,-1,-1,-0.01,-1,-1,-0.01,-1,-1,-0.01,-1,-1,-0.01,-1,-1,-0.01,-1,-1
99926009,2026-05-18 12:53:05+05:30,53301.85,0,0.0,0,0.0,0.0,53282.15,53333.0,52783.45,53710.35,0,0.0,0.0,0.0,0.0,-0.01,-1,-1,-0.01,-1,-1,-0.01,-1,-1,-0.01,-1,-1,-0.01,-1,-1,-0.01,-1,-1,-0.01,-1,-1,-0.01,-1,-1,-0.01,-1,-1,-0.01,-1,-1
99926009,2026-05-18 12:53:06+05:30,53299.9,0,0.0,0,0.0,0.0,53282.15,53333.0,52783.45,53710.35,0,0.0,0.0,0.0,0.0,-0.01,-1,-1,-0.01,-1,-1,-0.01,-1,-1,-0.01,-1,-1,-0.01,-1,-1,-0.01,-1,-1,-0.01,-1,-1,-0.01,-1,-1,-0.01,-1,-1,-0.01,-1,-1
99926009,2026-05-18 12:53:06+05:30,53301.0,0,0.0,0,0.0,0.0,53282.15,53333.0,52783.45,53710.35,0,0.0,0.0,0.0,0.0,-0.01,-1,-1,-0.01,-1,-1,-0.01,-1,-1,-0.01,-1,-1,-0.01,-1,-1,-0.01,-1,-1,-0.01,-1,-1,-0.01,-1,-1,-0.01,-1,-1,-0.01,-1,-1
99926009,2026-05-18 12:53:07+05:30,53300.15,0,0.0,0,0.0,0.0,53282.15,53333.0,52783.45,53710.35,0,0.0,0.0,0.0,0.0,-0.01,-1,-1,-0.01,-1,-1,-0.01,-1,-1,-0.01,-1,-1,-0.01,-1,-1,-0.01,-1,-1,-0.01,-1,-1,-0.01,-1,-1,-0.01,-1,-1,-0.01,-1,-1
99926009,2026-05-18 12:53:07+05:30,53299.3,0,0.0,0,0.0,0.0,53282.15,53333.0,52783.45,53710.35,0,0.0,0.0,0.0,0.0,-0.01,-1,-1,-0.01,-1,-1,-0.01,-1,-1,-0.01,-1,-1,-0.01,-1,-1,-0.01,-1,-1,-0.01,-1,-1,-0.01,-1,-1,-0.01,-1,-1,-0.01,-1,-1
99926009,2026-05-18 12:53:08+05:30,53299.1,0,0.0,0,0.0,0.0,53282.15,53333.0,52783.45,53710.35,0,0.0,0.0,0.0,0.0,-0.01,-1,-1,-0.01,-1,-1,-0.01,-1,-1,-0.01,-1,-1,-0.01,-1,-1,-0.01,-1,-1,-0.01,-1,-1,-0.01,-1,-1,-0.01,-1,-1,-0.01,-1,-1
99926009,2026-05-18 12:53:08+05:30,53298.4,0,0.0,0,0.0,0.0,53282.15,53333.0,52783.45,53710.35,0,0.0,0.0,0.0,0.0,-0.01,-1,-1,-0.01,-1,-1,-0.01,-1,-1,-0.01,-1,-1,-0.01,-1,-1,-0.01,-1,-1,-0.01,-1,-1,-0.01,-1,-1,-0.01,-1,-1,-0.01,-1,-1
99926009,2026-05-18 12:53:09+05:30,53299.6,0,0.0,0,0.0,0.0,53282.15,53333.0,52783.45,53710.35,0,0.0,0.0,0.0,0.0,-0.01,-1,-1,-0.01,-1,-1,-0.01,-1,-1,-0.01,-1,-1,-0.01,-1,-1,-0.01,-1,-1,-0.01,-1,-1,-0.01,-1,-1,-0.01,-1,-1,-0.01,-1,-1
99926009,2026-05-18 12:53:09+05:30,53299.85,0,0.0,0,0.0,0.0,53282.15,53333.0,52783.45,53710.35,0,0.0,0.0,0.0,0.0,-0.01,-1,-1,-0.01,-1,-1,-0.01,-1,-1,-0.01,-1,-1,-0.01,-1,-1,-0.01,-1,-1,-0.01,-1,-1,-0.01,-1,-1,-0.01,-1,-1,-0.01,-1,-1
99926009,2026-05-18 12:53:10+05:30,53295.5,0,0.0,0,0.0,0.0,53282.15,53333.0,52783.45,53710.35,0,0.0,0.0,0.0,0.0,-0.01,-1,-1,-0.01,-1,-1,-0.01,-1,-1,-0.01,-1,-1,-0.01,-1,-1,-0.01,-1,-1,-0.01,-1,-1,-0.01,-1,-1,-0.01,-1,-1,-0.01,-1,-1
99926009,2026-05-18 12:53:10+05:30,53299.35,0,0.0,0,0.0,0.0,53282.15,53333.0,52783.45,53710.35,0,0.0,0.0,0.0,0.0,-0.01,-1,-1,-0.01,-1,-1,-0.01,-1,-1,-0.01,-1,-1,-0.01,-1,-1,-0.01,-1,-1,-0.01,-1,-1,-0.01,-1,-1,-0.01,-1,-1,-0.01,-1,-1
99926009,2026-05-18 12:53:11+05:30,53298.4,0,0.0,0,0.0,0.0,53282.15,53333.0,52783.45,53710.35,0,0.0,0.0,0.0,0.0,-0.01,-1,-1,-0.01,-1,-1,-0.01,-1,-1,-0.01,-1,-1,-0.01,-1,-1,-0.01,-1,-1,-0.01,-1,-1,-0.01,-1,-1,-0.01,-1,-1,-0.01,-1,-1
99926009,2026-05-18 12:53:11+05:30,53297.8,0,0.0,0,0.0,0.0,53282.15,53333.0,52783.45,53710.35,0,0.0,0.0,0.0,0.0,-0.01,-1,-1,-0.01,-1,-1,-0.01,-1,-1,-0.01,-1,-1,-0.01,-1,-1,-0.01,-1,-1,-0.01,-1,-1,-0.01,-1,-1,-0.01,-1,-1,-0.01,-1,-1
99926009,2026-05-18 12:53:12+05:30,53297.35,0,0.0,0,0.0,0.0,53282.15,53333.0,52783.45,53710.35,0,0.0,0.0,0.0,0.0,-0.01,-1,-1,-0.01,-1,-1,-0.01,-1,-1,-0.01,-1,-1,-0.01,-1,-1,-0.01,-1,-1,-0.01,-1,-1,-0.01,-1,-1,-0.01,-1,-1,-0.01,-1,-1
99926009,2026-05-18 12:53:12+05:30,53298.65,0,0.0,0,0.0,0.0,53282.15,53333.0,52783.45,53710.35,0,0.0,0.0,0.0,0.0,-0.01,-1,-1,-0.01,-1,-1,-0.01,-1,-1,-0.01,-1,-1,-0.01,-1,-1,-0.01,-1,-1,-0.01,-1,-1,-0.01,-1,-1,-0.01,-1,-1,-0.01,-1,-1
99926009,2026-05-18 12:53:13+05:30,53300.6,0,0.0,0,0.0,0.0,53282.15,53333.0,52783.45,53710.35,0,0.0,0.0,0.0,0.0,-0.01,-1,-1,-0.01,-1,-1,-0.01,-1,-1,-0.01,-1,-1,-0.01,-1,-1,-0.01,-1,-1,-0.01,-1,-1,-0.01,-1,-1,-0.01,-1,-1,-0.01,-1,-1
99926009,2026-05-18 12:53:13+05:30,53298.5,0,0.0,0,0.0,0.0,53282.15,53333.0,52783.45,53710.35,0,0.0,0.0,0.0,0.0,-0.01,-1,-1,-0.01,-1,-1,-0.01,-1,-1,-0.01,-1,-1,-0.01,-1,-1,-0.01,-1,-1,-0.01,-1,-1,-0.01,-1,-1,-0.01,-1,-1,-0.01,-1,-1
99926009,2026-05-18 12:53:14+05:30,53300.1,0,0.0,0,0.0,0.0,53282.15,53333.0,52783.45,53710.35,0,0.0,0.0,0.0,0.0,-0.01,-1,-1,-0.01,-1,-1,-0.01,-1,-1,-0.01,-1,-1,-0.01,-1,-1,-0.01,-1,-1,-0.01,-1,-1,-0.01,-1,-1,-0.01,-1,-1,-0.01,-1,-1
99926009,2026-05-18 12:53:14+05:30,53303.4,0,0.0,0,0.0,0.0,53282.15,53333.0,52783.45,53710.35,0,0.0,0.0,0.0,0.0,-0.01,-1,-1,-0.01,-1,-1,-0.01,-1,-1,-0.01,-1,-1,-0.01,-1,-1,-0.01,-1,-1,-0.01,-1,-1,-0.01,-1,-1,-0.01,-1,-1,-0.01,-1,-1
99926009,2026-05-18 12:53:15+05:30,53300.5,0,0.0,0,0.0,0.0,53282.15,53333.0,52783.45,53710.35,0,0.0,0.0,0.0,0.0,-0.01,-1,-1,-0.01,-1,-1,-0.01,-1,-1,-0.01,-1,-1,-0.01,-1,-1,-0.01,-1,-1,-0.01,-1,-1,-0.01,-1,-1,-0.01,-1,-1,-0.01,-1,-1
99926009,2026-05-18 12:53:15+05:30,53298.45,0,0.0,0,0.0,0.0,53282.15,53333.0,52783.45,53710.35,0,0.0,0.0,0.0,0.0,-0.01,-1,-1,-0.01,-1,-1,-0.01,-1,-1,-0.01,-1,-1,-0.01,-1,-1,-0.01,-1,-1,-0.01,-1,-1,-0.01,-1,-1,-0.01,-1,-1,-0.01,-1,-1
99926009,2026-05-18 12:53:16+05:30,53298.15,0,0.0,0,0.0,0.0,53282.15,53333.0,52783.45,53710.35,0,0.0,0.0,0.0,0.0,-0.01,-1,-1,-0.01,-1,-1,-0.01,-1,-1,-0.01,-1,-1,-0.01,-1,-1,-0.01,-1,-1,-0.01,-1,-1,-0.01,-1,-1,-0.01,-1,-1,-0.01,-1,-1
99926009,2026-05-18 12:53:16+05:30,53286.3,0,0.0,0,0.0,0.0,53282.15,53333.0,52783.45,53710.35,0,0.0,0.0,0.0,0.0,-0.01,-1,-1,-0.01,-1,-1,-0.01,-1,-1,-0.01,-1,-1,-0.01,-1,-1,-0.01,-1,-1,-0.01,-1,-1,-0.01,-1,-1,-0.01,-1,-1,-0.01,-1,-1
99926009,2026-05-18 12:53:17+05:30,53294.1,0,0.0,0,0.0,0.0,53282.15,53333.0,52783.45,53710.35,0,0.0,0.0,0.0,0.0,-0.01,-1,-1,-0.01,-1,-1,-0.01,-1,-1,-0.01,-1,-1,-0.01,-1,-1,-0.01,-1,-1,-0.01,-1,-1,-0.01,-1,-1,-0.01,-1,-1,-0.01,-1,-1
99926009,2026-05-18 12:53:17+05:30,53296.2,0,0.0,0,0.0,0.0,53282.15,53333.0,52783.45,53710.35,0,0.0,0.0,0.0,0.0,-0.01,-1,-1,-0.01,-1,-1,-0.01,-1,-1,-0.01,-1,-1,-0.01,-1,-1,-0.01,-1,-1,-0.01,-1,-1,-0.01,-1,-1,-0.01,-1,-1,-0.01,-1,-1
99926009,2026-05-18 12:53:18+05:30,53296.25,0,0.0,0,0.0,0.0,53282.15,53333.0,52783.45,53710.35,0,0.0,0.0,0.0,0.0,-0.01,-1,-1,-0.01,-1,-1,-0.01,-1,-1,-0.01,-1,-1,-0.01,-1,-1,-0.01,-1,-1,-0.01,-1,-1,-0.01,-1,-1,-0.01,-1,-1,-0.01,-1,-1
99926009,2026-05-18 12:53:18+05:30,53295.25,0,0.0,0,0.0,0.0,53282.15,53333.0,52783.45,53710.35,0,0.0,0.0,0.0,0.0,-0.01,-1,-1,-0.01,-1,-1,-0.01,-1,-1,-0.01,-1,-1,-0.01,-1,-1,-0.01,-1,-1,-0.01,-1,-1,-0.01,-1,-1,-0.01,-1,-1,-0.01,-1,-1
99926009,2026-05-18 12:53:19+05:30,53291.9,0,0.0,0,0.0,0.0,53282.15,53333.0,52783.45,53710.35,0,0.0,0.0,0.0,0.0,-0.01,-1,-1,-0.01,-1,-1,-0.01,-1,-1,-0.01,-1,-1,-0.01,-1,-1,-0.01,-1,-1,-0.01,-1,-1,-0.01,-1,-1,-0.01,-1,-1,-0.01,-1,-1
99926009,2026-05-18 12:53:19+05:30,53293.6,0,0.0,0,0.0,0.0,53282.15,53333.0,52783.45,53710.35,0,0.0,0.0,0.0,0.0,-0.01,-1,-1,-0.01,-1,-1,-0.01,-1,-1,-0.01,-1,-1,-0.01,-1,-1,-0.01,-1,-1,-0.01,-1,-1,-0.01,-1,-1,-0.01,-1,-1,-0.01,-1,-1
99926009,2026-05-18 12:53:20+05:30,53292.15,0,0.0,0,0.0,0.0,53282.15,53333.0,52783.45,53710.35,0,0.0,0.0,0.0,0.0,-0.01,-1,-1,-0.01,-1,-1,-0.01,-1,-1,-0.01,-1,-1,-0.01,-1,-1,-0.01,-1,-1,-0.01,-1,-1,-0.01,-1,-1,-0.01,-1,-1,-0.01,-1,-1
99926009,2026-05-18 12:53:20+05:30,53293.05,0,0.0,0,0.0,0.0,53282.15,53333.0,52783.45,53710.35,0,0.0,0.0,0.0,0.0,-0.01,-1,-1,-0.01,-1,-1,-0.01,-1,-1,-0.01,-1,-1,-0.01,-1,-1,-0.01,-1,-1,-0.01,-1,-1,-0.01,-1,-1,-0.01,-1,-1,-0.01,-1,-1
99926009,2026-05-18 12:53:21+05:30,53294.0,0,0.0,0,0.0,0.0,53282.15,53333.0,52783.45,53710.35,0,0.0,0.0,0.0,0.0,-0.01,-1,-1,-0.01,-1,-1,-0.01,-1,-1,-0.01,-1,-1,-0.01,-1,-1,-0.01,-1,-1,-0.01,-1,-1,-0.01,-1,-1,-0.01,-1,-1,-0.01,-1,-1
99926009,2026-05-18 12:53:21+05:30,53294.15,0,0.0,0,0.0,0.0,53282.15,53333.0,52783.45,53710.35,0,0.0,0.0,0.0,0.0,-0.01,-1,-1,-0.01,-1,-1,-0.01,-1,-1,-0.01,-1,-1,-0.01,-1,-1,-0.01,-1,-1,-0.01,-1,-1,-0.01,-1,-1,-0.01,-1,-1,-0.01,-1,-1
99926009,2026-05-18 12:53:22+05:30,53296.8,0,0.0,0,0.0,0.0,53282.15,53333.0,52783.45,53710.35,0,0.0,0.0,0.0,0.0,-0.01,-1,-1,-0.01,-1,-1,-0.01,-1,-1,-0.01,-1,-1,-0.01,-1,-1,-0.01,-1,-1,-0.01,-1,-1,-0.01,-1,-1,-0.01,-1,-1,-0.01,-1,-1
99926009,2026-05-18 12:53:22+05:30,53294.4,0,0.0,0,0.0,0.0,53282.15,53333.0,52783.45,53710.35,0,0.0,0.0,0.0,0.0,-0.01,-1,-1,-0.01,-1,-1,-0.01,-1,-1,-0.01,-1,-1,-0.01,-1,-1,-0.01,-1,-1,-0.01,-1,-1,-0.01,-1,-1,-0.01,-1,-1,-0.01,-1,-1
99926009,2026-05-18 12:53:23+05:30,53295.8,0,0.0,0,0.0,0.0,53282.15,53333.0,52783.45,53710.35,0,0.0,0.0,0.0,0.0,-0.01,-1,-1,-0.01,-1,-1,-0.01,-1,-1,-0.01,-1,-1,-0.01,-1,-1,-0.01,-1,-1,-0.01,-1,-1,-0.01,-1,-1,-0.01,-1,-1,-0.01,-1,-1
99926009,2026-05-18 12:53:23+05:30,53295.5,0,0.0,0,0.0,0.0,53282.15,53333.0,52783.45,53710.35,0,0.0,0.0,0.0,0.0,-0.01,-1,-1,-0.01,-1,-1,-0.01,-1,-1,-0.01,-1,-1,-0.01,-1,-1,-0.01,-1,-1,-0.01,-1,-1,-0.01,-1,-1,-0.01,-1,-1,-0.01,-1,-1
99926009,2026-05-18 12:53:24+05:30,53297.3,0,0.0,0,0.0,0.0,53282.15,53333.0,52783.45,53710.35,0,0.0,0.0,0.0,0.0,-0.01,-1,-1,-0.01,-1,-1,-0.01,-1,-1,-0.01,-1,-1,-0.01,-1,-1,-0.01,-1,-1,-0.01,-1,-1,-0.01,-1,-1,-0.01,-1,-1,-0.01,-1,-1
99926009,2026-05-18 12:53:24+05:30,53296.8,0,0.0,0,0.0,0.0,53282.15,53333.0,52783.45,53710.35,0,0.0,0.0,0.0,0.0,-0.01,-1,-1,-0.01,-1,-1,-0.01,-1,-1,-0.01,-1,-1,-0.01,-1,-1,-0.01,-1,-1,-0.01,-1,-1,-0.01,-1,-1,-0.01,-1,-1,-0.01,-1,-1
99926009,2026-05-18 12:53:25+05:30,53295.9,0,0.0,0,0.0,0.0,53282.15,53333.0,52783.45,53710.35,0,0.0,0.0,0.0,0.0,-0.01,-1,-1,-0.01,-1,-1,-0.01,-1,-1,-0.01,-1,-1,-0.01,-1,-1,-0.01,-1,-1,-0.01,-1,-1,-0.01,-1,-1,-0.01,-1,-1,-0.01,-1,-1
99926009,2026-05-18 12:53:25+05:30,53297.75,0,0.0,0,0.0,0.0,53282.15,53333.0,52783.45,53710.35,0,0.0,0.0,0.0,0.0,-0.01,-1,-1,-0.01,-1,-1,-0.01,-1,-1,-0.01,-1,-1,-0.01,-1,-1,-0.01,-1,-1,-0.01,-1,-1,-0.01,-1,-1,-0.01,-1,-1,-0.01,-1,-1
99926009,2026-05-18 12:53:26+05:30,53298.55,0,0.0,0,0.0,0.0,53282.15,53333.0,52783.45,53710.35,0,0.0,0.0,0.0,0.0,-0.01,-1,-1,-0.01,-1,-1,-0.01,-1,-1,-0.01,-1,-1,-0.01,-1,-1,-0.01,-1,-1,-0.01,-1,-1,-0.01,-1,-1,-0.01,-1,-1,-0.01,-1,-1
99926009,2026-05-18 12:53:26+05:30,53297.6,0,0.0,0,0.0,0.0,53282.15,53333.0,52783.45,53710.35,0,0.0,0.0,0.0,0.0,-0.01,-1,-1,-0.01,-1,-1,-0.01,-1,-1,-0.01,-1,-1,-0.01,-1,-1,-0.01,-1,-1,-0.01,-1,-1,-0.01,-1,-1,-0.01,-1,-1,-0.01,-1,-1
99926009,2026-05-18 12:53:27+05:30,53297.65,0,0.0,0,0.0,0.0,53282.15,53333.0,52783.45,53710.35,0,0.0,0.0,0.0,0.0,-0.01,-1,-1,-0.01,-1,-1,-0.01,-1,-1,-0.01,-1,-1,-0.01,-1,-1,-0.01,-1,-1,-0.01,-1,-1,-0.01,-1,-1,-0.01,-1,-1,-0.01,-1,-1
99926009,2026-05-18 12:53:27+05:30,53302.2,0,0.0,0,0.0,0.0,53282.15,53333.0,52783.45,53710.35,0,0.0,0.0,0.0,0.0,-0.01,-1,-1,-0.01,-1,-1,-0.01,-1,-1,-0.01,-1,-1,-0.01,-1,-1,-0.01,-1,-1,-0.01,-1,-1,-0.01,-1,-1,-0.01,-1,-1,-0.01,-1,-1
99926009,2026-05-18 12:53:28+05:30,53297.15,0,0.0,0,0.0,0.0,53282.15,53333.0,52783.45,53710.35,0,0.0,0.0,0.0,0.0,-0.01,-1,-1,-0.01,-1,-1,-0.01,-1,-1,-0.01,-1,-1,-0.01,-1,-1,-0.01,-1,-1,-0.01,-1,-1,-0.01,-1,-1,-0.01,-1,-1,-0.01,-1,-1
99926009,2026-05-18 12:53:28+05:30,53298.35,0,0.0,0,0.0,0.0,53282.15,53333.0,52783.45,53710.35,0,0.0,0.0,0.0,0.0,-0.01,-1,-1,-0.01,-1,-1,-0.01,-1,-1,-0.01,-1,-1,-0.01,-1,-1,-0.01,-1,-1,-0.01,-1,-1,-0.01,-1,-1,-0.01,-1,-1,-0.01,-1,-1
99926009,2026-05-18 12:53:29+05:30,53300.05,0,0.0,0,0.0,0.0,53282.15,53333.0,52783.45,53710.35,0,0.0,0.0,0.0,0.0,-0.01,-1,-1,-0.01,-1,-1,-0.01,-1,-1,-0.01,-1,-1,-0.01,-1,-1,-0.01,-1,-1,-0.01,-1,-1,-0.01,-1,-1,-0.01,-1,-1,-0.01,-1,-1
99926009,2026-05-18 12:53:29+05:30,53298.2,0,0.0,0,0.0,0.0,53282.15,53333.0,52783.45,53710.35,0,0.0,0.0,0.0,0.0,-0.01,-1,-1,-0.01,-1,-1,-0.01,-1,-1,-0.01,-1,-1,-0.01,-1,-1,-0.01,-1,-1,-0.01,-1,-1,-0.01,-1,-1,-0.01,-1,-1,-0.01,-1,-1
99926009,2026-05-18 12:53:30+05:30,53300.05,0,0.0,0,0.0,0.0,53282.15,53333.0,52783.45,53710.35,0,0.0,0.0,0.0,0.0,-0.01,-1,-1,-0.01,-1,-1,-0.01,-1,-1,-0.01,-1,-1,-0.01,-1,-1,-0.01,-1,-1,-0.01,-1,-1,-0.01,-1,-1,-0.01,-1,-1,-0.01,-1,-1
99926009,2026-05-18 12:53:30+05:30,53300.05,0,0.0,0,0.0,0.0,53282.15,53333.0,52783.45,53710.35,0,0.0,0.0,0.0,0.0,-0.01,-1,-1,-0.01,-1,-1,-0.01,-1,-1,-0.01,-1,-1,-0.01,-1,-1,-0.01,-1,-1,-0.01,-1,-1,-0.01,-1,-1,-0.01,-1,-1,-0.01,-1,-1
99926009,2026-05-18 12:53:31+05:30,53301.2,0,0.0,0,0.0,0.0,53282.15,53333.0,52783.45,53710.35,0,0.0,0.0,0.0,0.0,-0.01,-1,-1,-0.01,-1,-1,-0.01,-1,-1,-0.01,-1,-1,-0.01,-1,-1,-0.01,-1,-1,-0.01,-1,-1,-0.01,-1,-1,-0.01,-1,-1,-0.01,-1,-1
99926009,2026-05-18 12:53:31+05:30,53301.25,0,0.0,0,0.0,0.0,53282.15,53333.0,52783.45,53710.35,0,0.0,0.0,0.0,0.0,-0.01,-1,-1,-0.01,-1,-1,-0.01,-1,-1,-0.01,-1,-1,-0.01,-1,-1,-0.01,-1,-1,-0.01,-1,-1,-0.01,-1,-1,-0.01,-1,-1,-0.01,-1,-1
99926009,2026-05-18 12:53:32+05:30,53299.7,0,0.0,0,0.0,0.0,53282.15,53333.0,52783.45,53710.35,0,0.0,0.0,0.0,0.0,-0.01,-1,-1,-0.01,-1,-1,-0.01,-1,-1,-0.01,-1,-1,-0.01,-1,-1,-0.01,-1,-1,-0.01,-1,-1,-0.01,-1,-1,-0.01,-1,-1,-0.01,-1,-1
99926009,2026-05-18 12:53:32+05:30,53298.45,0,0.0,0,0.0,0.0,53282.15,53333.0,52783.45,53710.35,0,0.0,0.0,0.0,0.0,-0.01,-1,-1,-0.01,-1,-1,-0.01,-1,-1,-0.01,-1,-1,-0.01,-1,-1,-0.01,-1,-1,-0.01,-1,-1,-0.01,-1,-1,-0.01,-1,-1,-0.01,-1,-1
99926009,2026-05-18 12:53:33+05:30,53300.3,0,0.0,0,0.0,0.0,53282.15,53333.0,52783.45,53710.35,0,0.0,0.0,0.0,0.0,-0.01,-1,-1,-0.01,-1,-1,-0.01,-1,-1,-0.01,-1,-1,-0.01,-1,-1,-0.01,-1,-1,-0.01,-1,-1,-0.01,-1,-1,-0.01,-1,-1,-0.01,-1,-1
99926009,2026-05-18 12:53:33+05:30,53299.55,0,0.0,0,0.0,0.0,53282.15,53333.0,52783.45,53710.35,0,0.0,0.0,0.0,0.0,-0.01,-1,-1,-0.01,-1,-1,-0.01,-1,-1,-0.01,-1,-1,-0.01,-1,-1,-0.01,-1,-1,-0.01,-1,-1,-0.01,-1,-1,-0.01,-1,-1,-0.01,-1,-1
99926009,2026-05-18 12:53:34+05:30,53298.2,0,0.0,0,0.0,0.0,53282.15,53333.0,52783.45,53710.35,0,0.0,0.0,0.0,0.0,-0.01,-1,-1,-0.01,-1,-1,-0.01,-1,-1,-0.01,-1,-1,-0.01,-1,-1,-0.01,-1,-1,-0.01,-1,-1,-0.01,-1,-1,-0.01,-1,-1,-0.01,-1,-1
99926009,2026-05-18 12:53:34+05:30,53296.7,0,0.0,0,0.0,0.0,53282.15,53333.0,52783.45,53710.35,0,0.0,0.0,0.0,0.0,-0.01,-1,-1,-0.01,-1,-1,-0.01,-1,-1,-0.01,-1,-1,-0.01,-1,-1,-0.01,-1,-1,-0.01,-1,-1,-0.01,-1,-1,-0.01,-1,-1,-0.01,-1,-1
99926009,2026-05-18 12:53:35+05:30,53297.85,0,0.0,0,0.0,0.0,53282.15,53333.0,52783.45,53710.35,0,0.0,0.0,0.0,0.0,-0.01,-1,-1,-0.01,-1,-1,-0.01,-1,-1,-0.01,-1,-1,-0.01,-1,-1,-0.01,-1,-1,-0.01,-1,-1,-0.01,-1,-1,-0.01,-1,-1,-0.01,-1,-1
99926009,2026-05-18 12:53:35+05:30,53295.7,0,0.0,0,0.0,0.0,53282.15,53333.0,52783.45,53710.35,0,0.0,0.0,0.0,0.0,-0.01,-1,-1,-0.01,-1,-1,-0.01,-1,-1,-0.01,-1,-1,-0.01,-1,-1,-0.01,-1,-1,-0.01,-1,-1,-0.01,-1,-1,-0.01,-1,-1,-0.01,-1,-1
99926009,2026-05-18 12:53:36+05:30,53295.05,0,0.0,0,0.0,0.0,53282.15,53333.0,52783.45,53710.35,0,0.0,0.0,0.0,0.0,-0.01,-1,-1,-0.01,-1,-1,-0.01,-1,-1,-0.01,-1,-1,-0.01,-1,-1,-0.01,-1,-1,-0.01,-1,-1,-0.01,-1,-1,-0.01,-1,-1,-0.01,-1,-1
99926009,2026-05-18 12:53:36+05:30,53300.8,0,0.0,0,0.0,0.0,53282.15,53333.0,52783.45,53710.35,0,0.0,0.0,0.0,0.0,-0.01,-1,-1,-0.01,-1,-1,-0.01,-1,-1,-0.01,-1,-1,-0.01,-1,-1,-0.01,-1,-1,-0.01,-1,-1,-0.01,-1,-1,-0.01,-1,-1,-0.01,-1,-1
99926009,2026-05-18 12:53:37+05:30,53300.65,0,0.0,0,0.0,0.0,53282.15,53333.0,52783.45,53710.35,0,0.0,0.0,0.0,0.0,-0.01,-1,-1,-0.01,-1,-1,-0.01,-1,-1,-0.01,-1,-1,-0.01,-1,-1,-0.01,-1,-1,-0.01,-1,-1,-0.01,-1,-1,-0.01,-1,-1,-0.01,-1,-1
99926009,2026-05-18 12:53:37+05:30,53299.3,0,0.0,0,0.0,0.0,53282.15,53333.0,52783.45,53710.35,0,0.0,0.0,0.0,0.0,-0.01,-1,-1,-0.01,-1,-1,-0.01,-1,-1,-0.01,-1,-1,-0.01,-1,-1,-0.01,-1,-1,-0.01,-1,-1,-0.01,-1,-1,-0.01,-1,-1,-0.01,-1,-1
99926009,2026-05-18 12:53:38+05:30,53299.95,0,0.0,0,0.0,0.0,53282.15,53333.0,52783.45,53710.35,0,0.0,0.0,0.0,0.0,-0.01,-1,-1,-0.01,-1,-1,-0.01,-1,-1,-0.01,-1,-1,-0.01,-1,-1,-0.01,-1,-1,-0.01,-1,-1,-0.01,-1,-1,-0.01,-1,-1,-0.01,-1,-1
99926009,2026-05-18 12:53:38+05:30,53299.15,0,0.0,0,0.0,0.0,53282.15,53333.0,52783.45,53710.35,0,0.0,0.0,0.0,0.0,-0.01,-1,-1,-0.01,-1,-1,-0.01,-1,-1,-0.01,-1,-1,-0.01,-1,-1,-0.01,-1,-1,-0.01,-1,-1,-0.01,-1,-1,-0.01,-1,-1,-0.01,-1,-1
99926009,2026-05-18 12:53:39+05:30,53300.15,0,0.0,0,0.0,0.0,53282.15,53333.0,52783.45,53710.35,0,0.0,0.0,0.0,0.0,-0.01,-1,-1,-0.01,-1,-1,-0.01,-1,-1,-0.01,-1,-1,-0.01,-1,-1,-0.01,-1,-1,-0.01,-1,-1,-0.01,-1,-1,-0.01,-1,-1,-0.01,-1,-1
99926009,2026-05-18 12:53:39+05:30,53300.35,0,0.0,0,0.0,0.0,53282.15,53333.0,52783.45,53710.35,0,0.0,0.0,0.0,0.0,-0.01,-1,-1,-0.01,-1,-1,-0.01,-1,-1,-0.01,-1,-1,-0.01,-1,-1,-0.01,-1,-1,-0.01,-1,-1,-0.01,-1,-1,-0.01,-1,-1,-0.01,-1,-1
99926009,2026-05-18 12:53:40+05:30,53299.75,0,0.0,0,0.0,0.0,53282.15,53333.0,52783.45,53710.35,0,0.0,0.0,0.0,0.0,-0.01,-1,-1,-0.01,-1,-1,-0.01,-1,-1,-0.01,-1,-1,-0.01,-1,-1,-0.01,-1,-1,-0.01,-1,-1,-0.01,-1,-1,-0.01,-1,-1,-0.01,-1,-1
99926009,2026-05-18 12:53:40+05:30,53301.0,0,0.0,0,0.0,0.0,53282.15,53333.0,52783.45,53710.35,0,0.0,0.0,0.0,0.0,-0.01,-1,-1,-0.01,-1,-1,-0.01,-1,-1,-0.01,-1,-1,-0.01,-1,-1,-0.01,-1,-1,-0.01,-1,-1,-0.01,-1,-1,-0.01,-1,-1,-0.01,-1,-1
99926009,2026-05-18 12:53:41+05:30,53301.1,0,0.0,0,0.0,0.0,53282.15,53333.0,52783.45,53710.35,0,0.0,0.0,0.0,0.0,-0.01,-1,-1,-0.01,-1,-1,-0.01,-1,-1,-0.01,-1,-1,-0.01,-1,-1,-0.01,-1,-1,-0.01,-1,-1,-0.01,-1,-1,-0.01,-1,-1,-0.01,-1,-1
99926009,2026-05-18 12:53:41+05:30,53301.0,0,0.0,0,0.0,0.0,53282.15,53333.0,52783.45,53710.35,0,0.0,0.0,0.0,0.0,-0.01,-1,-1,-0.01,-1,-1,-0.01,-1,-1,-0.01,-1,-1,-0.01,-1,-1,-0.01,-1,-1,-0.01,-1,-1,-0.01,-1,-1,-0.01,-1,-1,-0.01,-1,-1
99926009,2026-05-18 12:53:42+05:30,53300.0,0,0.0,0,0.0,0.0,53282.15,53333.0,52783.45,53710.35,0,0.0,0.0,0.0,0.0,-0.01,-1,-1,-0.01,-1,-1,-0.01,-1,-1,-0.01,-1,-1,-0.01,-1,-1,-0.01,-1,-1,-0.01,-1,-1,-0.01,-1,-1,-0.01,-1,-1,-0.01,-1,-1
99926009,2026-05-18 12:53:42+05:30,53298.2,0,0.0,0,0.0,0.0,53282.15,53333.0,52783.45,53710.35,0,0.0,0.0,0.0,0.0,-0.01,-1,-1,-0.01,-1,-1,-0.01,-1,-1,-0.01,-1,-1,-0.01,-1,-1,-0.01,-1,-1,-0.01,-1,-1,-0.01,-1,-1,-0.01,-1,-1,-0.01,-1,-1
99926009,2026-05-18 12:53:43+05:30,53300.3,0,0.0,0,0.0,0.0,53282.15,53333.0,52783.45,53710.35,0,0.0,0.0,0.0,0.0,-0.01,-1,-1,-0.01,-1,-1,-0.01,-1,-1,-0.01,-1,-1,-0.01,-1,-1,-0.01,-1,-1,-0.01,-1,-1,-0.01,-1,-1,-0.01,-1,-1,-0.01,-1,-1
99926009,2026-05-18 12:53:43+05:30,53298.5,0,0.0,0,0.0,0.0,53282.15,53333.0,52783.45,53710.35,0,0.0,0.0,0.0,0.0,-0.01,-1,-1,-0.01,-1,-1,-0.01,-1,-1,-0.01,-1,-1,-0.01,-1,-1,-0.01,-1,-1,-0.01,-1,-1,-0.01,-1,-1,-0.01,-1,-1,-0.01,-1,-1
99926009,2026-05-18 12:53:44+05:30,53300.3,0,0.0,0,0.0,0.0,53282.15,53333.0,52783.45,53710.35,0,0.0,0.0,0.0,0.0,-0.01,-1,-1,-0.01,-1,-1,-0.01,-1,-1,-0.01,-1,-1,-0.01,-1,-1,-0.01,-1,-1,-0.01,-1,-1,-0.01,-1,-1,-0.01,-1,-1,-0.01,-1,-1
99926009,2026-05-18 12:53:44+05:30,53301.35,0,0.0,0,0.0,0.0,53282.15,53333.0,52783.45,53710.35,0,0.0,0.0,0.0,0.0,-0.01,-1,-1,-0.01,-1,-1,-0.01,-1,-1,-0.01,-1,-1,-0.01,-1,-1,-0.01,-1,-1,-0.01,-1,-1,-0.01,-1,-1,-0.01,-1,-1,-0.01,-1,-1
99926009,2026-05-18 12:53:45+05:30,53299.55,0,0.0,0,0.0,0.0,53282.15,53333.0,52783.45,53710.35,0,0.0,0.0,0.0,0.0,-0.01,-1,-1,-0.01,-1,-1,-0.01,-1,-1,-0.01,-1,-1,-0.01,-1,-1,-0.01,-1,-1,-0.01,-1,-1,-0.01,-1,-1,-0.01,-1,-1,-0.01,-1,-1
99926009,2026-05-18 12:53:45+05:30,53300.95,0,0.0,0,0.0,0.0,53282.15,53333.0,52783.45,53710.35,0,0.0,0.0,0.0,0.0,-0.01,-1,-1,-0.01,-1,-1,-0.01,-1,-1,-0.01,-1,-1,-0.01,-1,-1,-0.01,-1,-1,-0.01,-1,-1,-0.01,-1,-1,-0.01,-1,-1,-0.01,-1,-1
99926009,2026-05-18 12:53:46+05:30,53299.85,0,0.0,0,0.0,0.0,53282.15,53333.0,52783.45,53710.35,0,0.0,0.0,0.0,0.0,-0.01,-1,-1,-0.01,-1,-1,-0.01,-1,-1,-0.01,-1,-1,-0.01,-1,-1,-0.01,-1,-1,-0.01,-1,-1,-0.01,-1,-1,-0.01,-1,-1,-0.01,-1,-1
99926009,2026-05-18 12:53:46+05:30,53300.6,0,0.0,0,0.0,0.0,53282.15,53333.0,52783.45,53710.35,0,0.0,0.0,0.0,0.0,-0.01,-1,-1,-0.01,-1,-1,-0.01,-1,-1,-0.01,-1,-1,-0.01,-1,-1,-0.01,-1,-1,-0.01,-1,-1,-0.01,-1,-1,-0.01,-1,-1,-0.01,-1,-1
99926009,2026-05-18 12:53:47+05:30,53302.25,0,0.0,0,0.0,0.0,53282.15,53333.0,52783.45,53710.35,0,0.0,0.0,0.0,0.0,-0.01,-1,-1,-0.01,-1,-1,-0.01,-1,-1,-0.01,-1,-1,-0.01,-1,-1,-0.01,-1,-1,-0.01,-1,-1,-0.01,-1,-1,-0.01,-1,-1,-0.01,-1,-1
99926009,2026-05-18 12:53:47+05:30,53300.5,0,0.0,0,0.0,0.0,53282.15,53333.0,52783.45,53710.35,0,0.0,0.0,0.0,0.0,-0.01,-1,-1,-0.01,-1,-1,-0.01,-1,-1,-0.01,-1,-1,-0.01,-1,-1,-0.01,-1,-1,-0.01,-1,-1,-0.01,-1,-1,-0.01,-1,-1,-0.01,-1,-1
99926009,2026-05-18 12:53:48+05:30,53303.05,0,0.0,0,0.0,0.0,53282.15,53333.0,52783.45,53710.35,0,0.0,0.0,0.0,0.0,-0.01,-1,-1,-0.01,-1,-1,-0.01,-1,-1,-0.01,-1,-1,-0.01,-1,-1,-0.01,-1,-1,-0.01,-1,-1,-0.01,-1,-1,-0.01,-1,-1,-0.01,-1,-1
99926009,2026-05-18 12:53:48+05:30,53300.75,0,0.0,0,0.0,0.0,53282.15,53333.0,52783.45,53710.35,0,0.0,0.0,0.0,0.0,-0.01,-1,-1,-0.01,-1,-1,-0.01,-1,-1,-0.01,-1,-1,-0.01,-1,-1,-0.01,-1,-1,-0.01,-1,-1,-0.01,-1,-1,-0.01,-1,-1,-0.01,-1,-1
99926009,2026-05-18 12:53:49+05:30,53299.45,0,0.0,0,0.0,0.0,53282.15,53333.0,52783.45,53710.35,0,0.0,0.0,0.0,0.0,-0.01,-1,-1,-0.01,-1,-1,-0.01,-1,-1,-0.01,-1,-1,-0.01,-1,-1,-0.01,-1,-1,-0.01,-1,-1,-0.01,-1,-1,-0.01,-1,-1,-0.01,-1,-1
99926009,2026-05-18 12:53:49+05:30,53302.0,0,0.0,0,0.0,0.0,53282.15,53333.0,52783.45,53710.35,0,0.0,0.0,0.0,0.0,-0.01,-1,-1,-0.01,-1,-1,-0.01,-1,-1,-0.01,-1,-1,-0.01,-1,-1,-0.01,-1,-1,-0.01,-1,-1,-0.01,-1,-1,-0.01,-1,-1,-0.01,-1,-1
99926009,2026-05-18 12:53:50+05:30,53300.6,0,0.0,0,0.0,0.0,53282.15,53333.0,52783.45,53710.35,0,0.0,0.0,0.0,0.0,-0.01,-1,-1,-0.01,-1,-1,-0.01,-1,-1,-0.01,-1,-1,-0.01,-1,-1,-0.01,-1,-1,-0.01,-1,-1,-0.01,-1,-1,-0.01,-1,-1,-0.01,-1,-1
99926009,2026-05-18 12:53:50+05:30,53304.65,0,0.0,0,0.0,0.0,53282.15,53333.0,52783.45,53710.35,0,0.0,0.0,0.0,0.0,-0.01,-1,-1,-0.01,-1,-1,-0.01,-1,-1,-0.01,-1,-1,-0.01,-1,-1,-0.01,-1,-1,-0.01,-1,-1,-0.01,-1,-1,-0.01,-1,-1,-0.01,-1,-1
99926009,2026-05-18 12:53:51+05:30,53303.15,0,0.0,0,0.0,0.0,53282.15,53333.0,52783.45,53710.35,0,0.0,0.0,0.0,0.0,-0.01,-1,-1,-0.01,-1,-1,-0.01,-1,-1,-0.01,-1,-1,-0.01,-1,-1,-0.01,-1,-1,-0.01,-1,-1,-0.01,-1,-1,-0.01,-1,-1,-0.01,-1,-1
99926009,2026-05-18 12:53:51+05:30,53304.4,0,0.0,0,0.0,0.0,53282.15,53333.0,52783.45,53710.35,0,0.0,0.0,0.0,0.0,-0.01,-1,-1,-0.01,-1,-1,-0.01,-1,-1,-0.01,-1,-1,-0.01,-1,-1,-0.01,-1,-1,-0.01,-1,-1,-0.01,-1,-1,-0.01,-1,-1,-0.01,-1,-1
99926009,2026-05-18 12:53:52+05:30,53303.85,0,0.0,0,0.0,0.0,53282.15,53333.0,52783.45,53710.35,0,0.0,0.0,0.0,0.0,-0.01,-1,-1,-0.01,-1,-1,-0.01,-1,-1,-0.01,-1,-1,-0.01,-1,-1,-0.01,-1,-1,-0.01,-1,-1,-0.01,-1,-1,-0.01,-1,-1,-0.01,-1,-1
99926009,2026-05-18 12:53:52+05:30,53304.9,0,0.0,0,0.0,0.0,53282.15,53333.0,52783.45,53710.35,0,0.0,0.0,0.0,0.0,-0.01,-1,-1,-0.01,-1,-1,-0.01,-1,-1,-0.01,-1,-1,-0.01,-1,-1,-0.01,-1,-1,-0.01,-1,-1,-0.01,-1,-1,-0.01,-1,-1,-0.01,-1,-1
99926009,2026-05-18 12:53:53+05:30,53304.25,0,0.0,0,0.0,0.0,53282.15,53333.0,52783.45,53710.35,0,0.0,0.0,0.0,0.0,-0.01,-1,-1,-0.01,-1,-1,-0.01,-1,-1,-0.01,-1,-1,-0.01,-1,-1,-0.01,-1,-1,-0.01,-1,-1,-0.01,-1,-1,-0.01,-1,-1,-0.01,-1,-1
99926009,2026-05-18 12:53:53+05:30,53304.05,0,0.0,0,0.0,0.0,53282.15,53333.0,52783.45,53710.35,0,0.0,0.0,0.0,0.0,-0.01,-1,-1,-0.01,-1,-1,-0.01,-1,-1,-0.01,-1,-1,-0.01,-1,-1,-0.01,-1,-1,-0.01,-1,-1,-0.01,-1,-1,-0.01,-1,-1,-0.01,-1,-1
99926009,2026-05-18 12:53:54+05:30,53303.85,0,0.0,0,0.0,0.0,53282.15,53333.0,52783.45,53710.35,0,0.0,0.0,0.0,0.0,-0.01,-1,-1,-0.01,-1,-1,-0.01,-1,-1,-0.01,-1,-1,-0.01,-1,-1,-0.01,-1,-1,-0.01,-1,-1,-0.01,-1,-1,-0.01,-1,-1,-0.01,-1,-1
99926009,2026-05-18 12:53:54+05:30,53303.65,0,0.0,0,0.0,0.0,53282.15,53333.0,52783.45,53710.35,0,0.0,0.0,0.0,0.0,-0.01,-1,-1,-0.01,-1,-1,-0.01,-1,-1,-0.01,-1,-1,-0.01,-1,-1,-0.01,-1,-1,-0.01,-1,-1,-0.01,-1,-1,-0.01,-1,-1,-0.01,-1,-1
99926009,2026-05-18 12:53:55+05:30,53300.7,0,0.0,0,0.0,0.0,53282.15,53333.0,52783.45,53710.35,0,0.0,0.0,0.0,0.0,-0.01,-1,-1,-0.01,-1,-1,-0.01,-1,-1,-0.01,-1,-1,-0.01,-1,-1,-0.01,-1,-1,-0.01,-1,-1,-0.01,-1,-1,-0.01,-1,-1,-0.01,-1,-1
99926009,2026-05-18 12:53:55+05:30,53304.4,0,0.0,0,0.0,0.0,53282.15,53333.0,52783.45,53710.35,0,0.0,0.0,0.0,0.0,-0.01,-1,-1,-0.01,-1,-1,-0.01,-1,-1,-0.01,-1,-1,-0.01,-1,-1,-0.01,-1,-1,-0.01,-1,-1,-0.01,-1,-1,-0.01,-1,-1,-0.01,-1,-1
99926009,2026-05-18 12:53:56+05:30,53301.3,0,0.0,0,0.0,0.0,53282.15,53333.0,52783.45,53710.35,0,0.0,0.0,0.0,0.0,-0.01,-1,-1,-0.01,-1,-1,-0.01,-1,-1,-0.01,-1,-1,-0.01,-1,-1,-0.01,-1,-1,-0.01,-1,-1,-0.01,-1,-1,-0.01,-1,-1,-0.01,-1,-1
99926009,2026-05-18 12:53:56+05:30,53305.1,0,0.0,0,0.0,0.0,53282.15,53333.0,52783.45,53710.35,0,0.0,0.0,0.0,0.0,-0.01,-1,-1,-0.01,-1,-1,-0.01,-1,-1,-0.01,-1,-1,-0.01,-1,-1,-0.01,-1,-1,-0.01,-1,-1,-0.01,-1,-1,-0.01,-1,-1,-0.01,-1,-1
99926009,2026-05-18 12:53:57+05:30,53305.25,0,0.0,0,0.0,0.0,53282.15,53333.0,52783.45,53710.35,0,0.0,0.0,0.0,0.0,-0.01,-1,-1,-0.01,-1,-1,-0.01,-1,-1,-0.01,-1,-1,-0.01,-1,-1,-0.01,-1,-1,-0.01,-1,-1,-0.01,-1,-1,-0.01,-1,-1,-0.01,-1,-1
99926009,2026-05-18 12:53:57+05:30,53304.2,0,0.0,0,0.0,0.0,53282.15,53333.0,52783.45,53710.35,0,0.0,0.0,0.0,0.0,-0.01,-1,-1,-0.01,-1,-1,-0.01,-1,-1,-0.01,-1,-1,-0.01,-1,-1,-0.01,-1,-1,-0.01,-1,-1,-0.01,-1,-1,-0.01,-1,-1,-0.01,-1,-1
99926009,2026-05-18 12:53:58+05:30,53304.15,0,0.0,0,0.0,0.0,53282.15,53333.0,52783.45,53710.35,0,0.0,0.0,0.0,0.0,-0.01,-1,-1,-0.01,-1,-1,-0.01,-1,-1,-0.01,-1,-1,-0.01,-1,-1,-0.01,-1,-1,-0.01,-1,-1,-0.01,-1,-1,-0.01,-1,-1,-0.01,-1,-1
99926009,2026-05-18 12:53:58+05:30,53300.6,0,0.0,0,0.0,0.0,53282.15,53333.0,52783.45,53710.35,0,0.0,0.0,0.0,0.0,-0.01,-1,-1,-0.01,-1,-1,-0.01,-1,-1,-0.01,-1,-1,-0.01,-1,-1,-0.01,-1,-1,-0.01,-1,-1,-0.01,-1,-1,-0.01,-1,-1,-0.01,-1,-1
99926009,2026-05-18 12:53:59+05:30,53303.3,0,0.0,0,0.0,0.0,53282.15,53333.0,52783.45,53710.35,0,0.0,0.0,0.0,0.0,-0.01,-1,-1,-0.01,-1,-1,-0.01,-1,-1,-0.01,-1,-1,-0.01,-1,-1,-0.01,-1,-1,-0.01,-1,-1,-0.01,-1,-1,-0.01,-1,-1,-0.01,-1,-1
99926009,2026-05-18 12:53:59+05:30,53302.9,0,0.0,0,0.0,0.0,53282.15,53333.0,52783.45,53710.35,0,0.0,0.0,0.0,0.0,-0.01,-1,-1,-0.01,-1,-1,-0.01,-1,-1,-0.01,-1,-1,-0.01,-1,-1,-0.01,-1,-1,-0.01,-1,-1,-0.01,-1,-1,-0.01,-1,-1,-0.01,-1,-1
99926009,2026-05-18 12:54:00+05:30,53303.1,0,0.0,0,0.0,0.0,53282.15,53333.0,52783.45,53710.35,0,0.0,0.0,0.0,0.0,-0.01,-1,-1,-0.01,-1,-1,-0.01,-1,-1,-0.01,-1,-1,-0.01,-1,-1,-0.01,-1,-1,-0.01,-1,-1,-0.01,-1,-1,-0.01,-1,-1,-0.01,-1,-1
99926009,2026-05-18 12:54:00+05:30,53301.7,0,0.0,0,0.0,0.0,53282.15,53333.0,52783.45,53710.35,0,0.0,0.0,0.0,0.0,-0.01,-1,-1,-0.01,-1,-1,-0.01,-1,-1,-0.01,-1,-1,-0.01,-1,-1,-0.01,-1,-1,-0.01,-1,-1,-0.01,-1,-1,-0.01,-1,-1,-0.01,-1,-1
99926009,2026-05-18 12:54:01+05:30,53300.0,0,0.0,0,0.0,0.0,53282.15,53333.0,52783.45,53710.35,0,0.0,0.0,0.0,0.0,-0.01,-1,-1,-0.01,-1,-1,-0.01,-1,-1,-0.01,-1,-1,-0.01,-1,-1,-0.01,-1,-1,-0.01,-1,-1,-0.01,-1,-1,-0.01,-1,-1,-0.01,-1,-1
99926009,2026-05-18 12:54:01+05:30,53302.25,0,0.0,0,0.0,0.0,53282.15,53333.0,52783.45,53710.35,0,0.0,0.0,0.0,0.0,-0.01,-1,-1,-0.01,-1,-1,-0.01,-1,-1,-0.01,-1,-1,-0.01,-1,-1,-0.01,-1,-1,-0.01,-1,-1,-0.01,-1,-1,-0.01,-1,-1,-0.01,-1,-1
99926009,2026-05-18 12:54:02+05:30,53299.4,0,0.0,0,0.0,0.0,53282.15,53333.0,52783.45,53710.35,0,0.0,0.0,0.0,0.0,-0.01,-1,-1,-0.01,-1,-1,-0.01,-1,-1,-0.01,-1,-1,-0.01,-1,-1,-0.01,-1,-1,-0.01,-1,-1,-0.01,-1,-1,-0.01,-1,-1,-0.01,-1,-1
99926009,2026-05-18 12:54:02+05:30,53299.0,0,0.0,0,0.0,0.0,53282.15,53333.0,52783.45,53710.35,0,0.0,0.0,0.0,0.0,-0.01,-1,-1,-0.01,-1,-1,-0.01,-1,-1,-0.01,-1,-1,-0.01,-1,-1,-0.01,-1,-1,-0.01,-1,-1,-0.01,-1,-1,-0.01,-1,-1,-0.01,-1,-1
99926009,2026-05-18 12:54:03+05:30,53298.4,0,0.0,0,0.0,0.0,53282.15,53333.0,52783.45,53710.35,0,0.0,0.0,0.0,0.0,-0.01,-1,-1,-0.01,-1,-1,-0.01,-1,-1,-0.01,-1,-1,-0.01,-1,-1,-0.01,-1,-1,-0.01,-1,-1,-0.01,-1,-1,-0.01,-1,-1,-0.01,-1,-1
99926009,2026-05-18 12:54:03+05:30,53298.45,0,0.0,0,0.0,0.0,53282.15,53333.0,52783.45,53710.35,0,0.0,0.0,0.0,0.0,-0.01,-1,-1,-0.01,-1,-1,-0.01,-1,-1,-0.01,-1,-1,-0.01,-1,-1,-0.01,-1,-1,-0.01,-1,-1,-0.01,-1,-1,-0.01,-1,-1,-0.01,-1,-1
99926009,2026-05-18 12:54:04+05:30,53296.95,0,0.0,0,0.0,0.0,53282.15,53333.0,52783.45,53710.35,0,0.0,0.0,0.0,0.0,-0.01,-1,-1,-0.01,-1,-1,-0.01,-1,-1,-0.01,-1,-1,-0.01,-1,-1,-0.01,-1,-1,-0.01,-1,-1,-0.01,-1,-1,-0.01,-1,-1,-0.01,-1,-1
99926009,2026-05-18 12:54:04+05:30,53296.85,0,0.0,0,0.0,0.0,53282.15,53333.0,52783.45,53710.35,0,0.0,0.0,0.0,0.0,-0.01,-1,-1,-0.01,-1,-1,-0.01,-1,-1,-0.01,-1,-1,-0.01,-1,-1,-0.01,-1,-1,-0.01,-1,-1,-0.01,-1,-1,-0.01,-1,-1,-0.01,-1,-1
99926009,2026-05-18 12:54:05+05:30,53296.65,0,0.0,0,0.0,0.0,53282.15,53333.0,52783.45,53710.35,0,0.0,0.0,0.0,0.0,-0.01,-1,-1,-0.01,-1,-1,-0.01,-1,-1,-0.01,-1,-1,-0.01,-1,-1,-0.01,-1,-1,-0.01,-1,-1,-0.01,-1,-1,-0.01,-1,-1,-0.01,-1,-1
99926009,2026-05-18 12:54:05+05:30,53294.95,0,0.0,0,0.0,0.0,53282.15,53333.0,52783.45,53710.35,0,0.0,0.0,0.0,0.0,-0.01,-1,-1,-0.01,-1,-1,-0.01,-1,-1,-0.01,-1,-1,-0.01,-1,-1,-0.01,-1,-1,-0.01,-1,-1,-0.01,-1,-1,-0.01,-1,-1,-0.01,-1,-1
99926009,2026-05-18 12:54:06+05:30,53294.85,0,0.0,0,0.0,0.0,53282.15,53333.0,52783.45,53710.35,0,0.0,0.0,0.0,0.0,-0.01,-1,-1,-0.01,-1,-1,-0.01,-1,-1,-0.01,-1,-1,-0.01,-1,-1,-0.01,-1,-1,-0.01,-1,-1,-0.01,-1,-1,-0.01,-1,-1,-0.01,-1,-1
99926009,2026-05-18 12:54:06+05:30,53294.75,0,0.0,0,0.0,0.0,53282.15,53333.0,52783.45,53710.35,0,0.0,0.0,0.0,0.0,-0.01,-1,-1,-0.01,-1,-1,-0.01,-1,-1,-0.01,-1,-1,-0.01,-1,-1,-0.01,-1,-1,-0.01,-1,-1,-0.01,-1,-1,-0.01,-1,-1,-0.01,-1,-1
99926009,2026-05-18 12:54:07+05:30,53295.4,0,0.0,0,0.0,0.0,53282.15,53333.0,52783.45,53710.35,0,0.0,0.0,0.0,0.0,-0.01,-1,-1,-0.01,-1,-1,-0.01,-1,-1,-0.01,-1,-1,-0.01,-1,-1,-0.01,-1,-1,-0.01,-1,-1,-0.01,-1,-1,-0.01,-1,-1,-0.01,-1,-1
99926009,2026-05-18 12:54:07+05:30,53295.8,0,0.0,0,0.0,0.0,53282.15,53333.0,52783.45,53710.35,0,0.0,0.0,0.0,0.0,-0.01,-1,-1,-0.01,-1,-1,-0.01,-1,-1,-0.01,-1,-1,-0.01,-1,-1,-0.01,-1,-1,-0.01,-1,-1,-0.01,-1,-1,-0.01,-1,-1,-0.01,-1,-1
99926009,2026-05-18 12:54:08+05:30,53294.35,0,0.0,0,0.0,0.0,53282.15,53333.0,52783.45,53710.35,0,0.0,0.0,0.0,0.0,-0.01,-1,-1,-0.01,-1,-1,-0.01,-1,-1,-0.01,-1,-1,-0.01,-1,-1,-0.01,-1,-1,-0.01,-1,-1,-0.01,-1,-1,-0.01,-1,-1,-0.01,-1,-1
99926009,2026-05-18 12:54:08+05:30,53294.15,0,0.0,0,0.0,0.0,53282.15,53333.0,52783.45,53710.35,0,0.0,0.0,0.0,0.0,-0.01,-1,-1,-0.01,-1,-1,-0.01,-1,-1,-0.01,-1,-1,-0.01,-1,-1,-0.01,-1,-1,-0.01,-1,-1,-0.01,-1,-1,-0.01,-1,-1,-0.01,-1,-1
99926009,2026-05-18 12:54:09+05:30,53292.15,0,0.0,0,0.0,0.0,53282.15,53333.0,52783.45,53710.35,0,0.0,0.0,0.0,0.0,-0.01,-1,-1,-0.01,-1,-1,-0.01,-1,-1,-0.01,-1,-1,-0.01,-1,-1,-0.01,-1,-1,-0.01,-1,-1,-0.01,-1,-1,-0.01,-1,-1,-0.01,-1,-1
99926009,2026-05-18 12:54:09+05:30,53295.35,0,0.0,0,0.0,0.0,53282.15,53333.0,52783.45,53710.35,0,0.0,0.0,0.0,0.0,-0.01,-1,-1,-0.01,-1,-1,-0.01,-1,-1,-0.01,-1,-1,-0.01,-1,-1,-0.01,-1,-1,-0.01,-1,-1,-0.01,-1,-1,-0.01,-1,-1,-0.01,-1,-1
99926009,2026-05-18 12:54:10+05:30,53294.3,0,0.0,0,0.0,0.0,53282.15,53333.0,52783.45,53710.35,0,0.0,0.0,0.0,0.0,-0.01,-1,-1,-0.01,-1,-1,-0.01,-1,-1,-0.01,-1,-1,-0.01,-1,-1,-0.01,-1,-1,-0.01,-1,-1,-0.01,-1,-1,-0.01,-1,-1,-0.01,-1,-1
99926009,2026-05-18 12:54:10+05:30,53293.3,0,0.0,0,0.0,0.0,53282.15,53333.0,52783.45,53710.35,0,0.0,0.0,0.0,0.0,-0.01,-1,-1,-0.01,-1,-1,-0.01,-1,-1,-0.01,-1,-1,-0.01,-1,-1,-0.01,-1,-1,-0.01,-1,-1,-0.01,-1,-1,-0.01,-1,-1,-0.01,-1,-1
99926009,2026-05-18 12:54:11+05:30,53293.8,0,0.0,0,0.0,0.0,53282.15,53333.0,52783.45,53710.35,0,0.0,0.0,0.0,0.0,-0.01,-1,-1,-0.01,-1,-1,-0.01,-1,-1,-0.01,-1,-1,-0.01,-1,-1,-0.01,-1,-1,-0.01,-1,-1,-0.01,-1,-1,-0.01,-1,-1,-0.01,-1,-1
99926009,2026-05-18 12:54:11+05:30,53295.1,0,0.0,0,0.0,0.0,53282.15,53333.0,52783.45,53710.35,0,0.0,0.0,0.0,0.0,-0.01,-1,-1,-0.01,-1,-1,-0.01,-1,-1,-0.01,-1,-1,-0.01,-1,-1,-0.01,-1,-1,-0.01,-1,-1,-0.01,-1,-1,-0.01,-1,-1,-0.01,-1,-1
99926009,2026-05-18 12:54:12+05:30,53294.35,0,0.0,0,0.0,0.0,53282.15,53333.0,52783.45,53710.35,0,0.0,0.0,0.0,0.0,-0.01,-1,-1,-0.01,-1,-1,-0.01,-1,-1,-0.01,-1,-1,-0.01,-1,-1,-0.01,-1,-1,-0.01,-1,-1,-0.01,-1,-1,-0.01,-1,-1,-0.01,-1,-1
99926009,2026-05-18 12:54:12+05:30,53293.8,0,0.0,0,0.0,0.0,53282.15,53333.0,52783.45,53710.35,0,0.0,0.0,0.0,0.0,-0.01,-1,-1,-0.01,-1,-1,-0.01,-1,-1,-0.01,-1,-1,-0.01,-1,-1,-0.01,-1,-1,-0.01,-1,-1,-0.01,-1,-1,-0.01,-1,-1,-0.01,-1,-1
99926009,2026-05-18 12:54:13+05:30,53295.15,0,0.0,0,0.0,0.0,53282.15,53333.0,52783.45,53710.35,0,0.0,0.0,0.0,0.0,-0.01,-1,-1,-0.01,-1,-1,-0.01,-1,-1,-0.01,-1,-1,-0.01,-1,-1,-0.01,-1,-1,-0.01,-1,-1,-0.01,-1,-1,-0.01,-1,-1,-0.01,-1,-1
99926009,2026-05-18 12:54:13+05:30,53292.45,0,0.0,0,0.0,0.0,53282.15,53333.0,52783.45,53710.35,0,0.0,0.0,0.0,0.0,-0.01,-1,-1,-0.01,-1,-1,-0.01,-1,-1,-0.01,-1,-1,-0.01,-1,-1,-0.01,-1,-1,-0.01,-1,-1,-0.01,-1,-1,-0.01,-1,-1,-0.01,-1,-1
99926009,2026-05-18 12:54:14+05:30,53291.15,0,0.0,0,0.0,0.0,53282.15,53333.0,52783.45,53710.35,0,0.0,0.0,0.0,0.0,-0.01,-1,-1,-0.01,-1,-1,-0.01,-1,-1,-0.01,-1,-1,-0.01,-1,-1,-0.01,-1,-1,-0.01,-1,-1,-0.01,-1,-1,-0.01,-1,-1,-0.01,-1,-1
99926009,2026-05-18 12:54:14+05:30,53291.55,0,0.0,0,0.0,0.0,53282.15,53333.0,52783.45,53710.35,0,0.0,0.0,0.0,0.0,-0.01,-1,-1,-0.01,-1,-1,-0.01,-1,-1,-0.01,-1,-1,-0.01,-1,-1,-0.01,-1,-1,-0.01,-1,-1,-0.01,-1,-1,-0.01,-1,-1,-0.01,-1,-1
99926009,2026-05-18 12:54:15+05:30,53290.05,0,0.0,0,0.0,0.0,53282.15,53333.0,52783.45,53710.35,0,0.0,0.0,0.0,0.0,-0.01,-1,-1,-0.01,-1,-1,-0.01,-1,-1,-0.01,-1,-1,-0.01,-1,-1,-0.01,-1,-1,-0.01,-1,-1,-0.01,-1,-1,-0.01,-1,-1,-0.01,-1,-1
99926009,2026-05-18 12:54:15+05:30,53293.5,0,0.0,0,0.0,0.0,53282.15,53333.0,52783.45,53710.35,0,0.0,0.0,0.0,0.0,-0.01,-1,-1,-0.01,-1,-1,-0.01,-1,-1,-0.01,-1,-1,-0.01,-1,-1,-0.01,-1,-1,-0.01,-1,-1,-0.01,-1,-1,-0.01,-1,-1,-0.01,-1,-1
99926009,2026-05-18 12:54:16+05:30,53292.45,0,0.0,0,0.0,0.0,53282.15,53333.0,52783.45,53710.35,0,0.0,0.0,0.0,0.0,-0.01,-1,-1,-0.01,-1,-1,-0.01,-1,-1,-0.01,-1,-1,-0.01,-1,-1,-0.01,-1,-1,-0.01,-1,-1,-0.01,-1,-1,-0.01,-1,-1,-0.01,-1,-1
99926009,2026-05-18 12:54:16+05:30,53294.6,0,0.0,0,0.0,0.0,53282.15,53333.0,52783.45,53710.35,0,0.0,0.0,0.0,0.0,-0.01,-1,-1,-0.01,-1,-1,-0.01,-1,-1,-0.01,-1,-1,-0.01,-1,-1,-0.01,-1,-1,-0.01,-1,-1,-0.01,-1,-1,-0.01,-1,-1,-0.01,-1,-1
99926009,2026-05-18 12:54:17+05:30,53293.45,0,0.0,0,0.0,0.0,53282.15,53333.0,52783.45,53710.35,0,0.0,0.0,0.0,0.0,-0.01,-1,-1,-0.01,-1,-1,-0.01,-1,-1,-0.01,-1,-1,-0.01,-1,-1,-0.01,-1,-1,-0.01,-1,-1,-0.01,-1,-1,-0.01,-1,-1,-0.01,-1,-1
99926009,2026-05-18 12:54:17+05:30,53294.6,0,0.0,0,0.0,0.0,53282.15,53333.0,52783.45,53710.35,0,0.0,0.0,0.0,0.0,-0.01,-1,-1,-0.01,-1,-1,-0.01,-1,-1,-0.01,-1,-1,-0.01,-1,-1,-0.01,-1,-1,-0.01,-1,-1,-0.01,-1,-1,-0.01,-1,-1,-0.01,-1,-1
99926009,2026-05-18 12:54:18+05:30,53293.3,0,0.0,0,0.0,0.0,53282.15,53333.0,52783.45,53710.35,0,0.0,0.0,0.0,0.0,-0.01,-1,-1,-0.01,-1,-1,-0.01,-1,-1,-0.01,-1,-1,-0.01,-1,-1,-0.01,-1,-1,-0.01,-1,-1,-0.01,-1,-1,-0.01,-1,-1,-0.01,-1,-1
99926009,2026-05-18 12:54:18+05:30,53293.45,0,0.0,0,0.0,0.0,53282.15,53333.0,52783.45,53710.35,0,0.0,0.0,0.0,0.0,-0.01,-1,-1,-0.01,-1,-1,-0.01,-1,-1,-0.01,-1,-1,-0.01,-1,-1,-0.01,-1,-1,-0.01,-1,-1,-0.01,-1,-1,-0.01,-1,-1,-0.01,-1,-1
99926009,2026-05-18 12:54:19+05:30,53294.15,0,0.0,0,0.0,0.0,53282.15,53333.0,52783.45,53710.35,0,0.0,0.0,0.0,0.0,-0.01,-1,-1,-0.01,-1,-1,-0.01,-1,-1,-0.01,-1,-1,-0.01,-1,-1,-0.01,-1,-1,-0.01,-1,-1,-0.01,-1,-1,-0.01,-1,-1,-0.01,-1,-1
99926009,2026-05-18 12:54:19+05:30,53293.05,0,0.0,0,0.0,0.0,53282.15,53333.0,52783.45,53710.35,0,0.0,0.0,0.0,0.0,-0.01,-1,-1,-0.01,-1,-1,-0.01,-1,-1,-0.01,-1,-1,-0.01,-1,-1,-0.01,-1,-1,-0.01,-1,-1,-0.01,-1,-1,-0.01,-1,-1,-0.01,-1,-1
99926009,2026-05-18 12:54:20+05:30,53293.65,0,0.0,0,0.0,0.0,53282.15,53333.0,52783.45,53710.35,0,0.0,0.0,0.0,0.0,-0.01,-1,-1,-0.01,-1,-1,-0.01,-1,-1,-0.01,-1,-1,-0.01,-1,-1,-0.01,-1,-1,-0.01,-1,-1,-0.01,-1,-1,-0.01,-1,-1,-0.01,-1,-1
99926009,2026-05-18 12:54:20+05:30,53293.55,0,0.0,0,0.0,0.0,53282.15,53333.0,52783.45,53710.35,0,0.0,0.0,0.0,0.0,-0.01,-1,-1,-0.01,-1,-1,-0.01,-1,-1,-0.01,-1,-1,-0.01,-1,-1,-0.01,-1,-1,-0.01,-1,-1,-0.01,-1,-1,-0.01,-1,-1,-0.01,-1,-1
99926009,2026-05-18 12:54:21+05:30,53295.0,0,0.0,0,0.0,0.0,53282.15,53333.0,52783.45,53710.35,0,0.0,0.0,0.0,0.0,-0.01,-1,-1,-0.01,-1,-1,-0.01,-1,-1,-0.01,-1,-1,-0.01,-1,-1,-0.01,-1,-1,-0.01,-1,-1,-0.01,-1,-1,-0.01,-1,-1,-0.01,-1,-1
99926009,2026-05-18 12:54:21+05:30,53294.75,0,0.0,0,0.0,0.0,53282.15,53333.0,52783.45,53710.35,0,0.0,0.0,0.0,0.0,-0.01,-1,-1,-0.01,-1,-1,-0.01,-1,-1,-0.01,-1,-1,-0.01,-1,-1,-0.01,-1,-1,-0.01,-1,-1,-0.01,-1,-1,-0.01,-1,-1,-0.01,-1,-1
99926009,2026-05-18 12:54:22+05:30,53295.9,0,0.0,0,0.0,0.0,53282.15,53333.0,52783.45,53710.35,0,0.0,0.0,0.0,0.0,-0.01,-1,-1,-0.01,-1,-1,-0.01,-1,-1,-0.01,-1,-1,-0.01,-1,-1,-0.01,-1,-1,-0.01,-1,-1,-0.01,-1,-1,-0.01,-1,-1,-0.01,-1,-1
99926009,2026-05-18 12:54:22+05:30,53295.45,0,0.0,0,0.0,0.0,53282.15,53333.0,52783.45,53710.35,0,0.0,0.0,0.0,0.0,-0.01,-1,-1,-0.01,-1,-1,-0.01,-1,-1,-0.01,-1,-1,-0.01,-1,-1,-0.01,-1,-1,-0.01,-1,-1,-0.01,-1,-1,-0.01,-1,-1,-0.01,-1,-1
99926009,2026-05-18 12:54:23+05:30,53294.95,0,0.0,0,0.0,0.0,53282.15,53333.0,52783.45,53710.35,0,0.0,0.0,0.0,0.0,-0.01,-1,-1,-0.01,-1,-1,-0.01,-1,-1,-0.01,-1,-1,-0.01,-1,-1,-0.01,-1,-1,-0.01,-1,-1,-0.01,-1,-1,-0.01,-1,-1,-0.01,-1,-1
99926009,2026-05-18 12:54:23+05:30,53293.0,0,0.0,0,0.0,0.0,53282.15,53333.0,52783.45,53710.35,0,0.0,0.0,0.0,0.0,-0.01,-1,-1,-0.01,-1,-1,-0.01,-1,-1,-0.01,-1,-1,-0.01,-1,-1,-0.01,-1,-1,-0.01,-1,-1,-0.01,-1,-1,-0.01,-1,-1,-0.01,-1,-1
99926009,2026-05-18 12:54:24+05:30,53294.65,0,0.0,0,0.0,0.0,53282.15,53333.0,52783.45,53710.35,0,0.0,0.0,0.0,0.0,-0.01,-1,-1,-0.01,-1,-1,-0.01,-1,-1,-0.01,-1,-1,-0.01,-1,-1,-0.01,-1,-1,-0.01,-1,-1,-0.01,-1,-1,-0.01,-1,-1,-0.01,-1,-1
99926009,2026-05-18 12:54:24+05:30,53294.8,0,0.0,0,0.0,0.0,53282.15,53333.0,52783.45,53710.35,0,0.0,0.0,0.0,0.0,-0.01,-1,-1,-0.01,-1,-1,-0.01,-1,-1,-0.01,-1,-1,-0.01,-1,-1,-0.01,-1,-1,-0.01,-1,-1,-0.01,-1,-1,-0.01,-1,-1,-0.01,-1,-1
99926009,2026-05-18 12:54:25+05:30,53293.45,0,0.0,0,0.0,0.0,53282.15,53333.0,52783.45,53710.35,0,0.0,0.0,0.0,0.0,-0.01,-1,-1,-0.01,-1,-1,-0.01,-1,-1,-0.01,-1,-1,-0.01,-1,-1,-0.01,-1,-1,-0.01,-1,-1,-0.01,-1,-1,-0.01,-1,-1,-0.01,-1,-1
99926009,2026-05-18 12:54:25+05:30,53295.7,0,0.0,0,0.0,0.0,53282.15,53333.0,52783.45,53710.35,0,0.0,0.0,0.0,0.0,-0.01,-1,-1,-0.01,-1,-1,-0.01,-1,-1,-0.01,-1,-1,-0.01,-1,-1,-0.01,-1,-1,-0.01,-1,-1,-0.01,-1,-1,-0.01,-1,-1,-0.01,-1,-1
99926009,2026-05-18 12:54:26+05:30,53294.15,0,0.0,0,0.0,0.0,53282.15,53333.0,52783.45,53710.35,0,0.0,0.0,0.0,0.0,-0.01,-1,-1,-0.01,-1,-1,-0.01,-1,-1,-0.01,-1,-1,-0.01,-1,-1,-0.01,-1,-1,-0.01,-1,-1,-0.01,-1,-1,-0.01,-1,-1,-0.01,-1,-1
99926009,2026-05-18 12:54:26+05:30,53297.1,0,0.0,0,0.0,0.0,53282.15,53333.0,52783.45,53710.35,0,0.0,0.0,0.0,0.0,-0.01,-1,-1,-0.01,-1,-1,-0.01,-1,-1,-0.01,-1,-1,-0.01,-1,-1,-0.01,-1,-1,-0.01,-1,-1,-0.01,-1,-1,-0.01,-1,-1,-0.01,-1,-1
99926009,2026-05-18 12:54:27+05:30,53295.45,0,0.0,0,0.0,0.0,53282.15,53333.0,52783.45,53710.35,0,0.0,0.0,0.0,0.0,-0.01,-1,-1,-0.01,-1,-1,-0.01,-1,-1,-0.01,-1,-1,-0.01,-1,-1,-0.01,-1,-1,-0.01,-1,-1,-0.01,-1,-1,-0.01,-1,-1,-0.01,-1,-1
99926009,2026-05-18 12:54:27+05:30,53295.35,0,0.0,0,0.0,0.0,53282.15,53333.0,52783.45,53710.35,0,0.0,0.0,0.0,0.0,-0.01,-1,-1,-0.01,-1,-1,-0.01,-1,-1,-0.01,-1,-1,-0.01,-1,-1,-0.01,-1,-1,-0.01,-1,-1,-0.01,-1,-1,-0.01,-1,-1,-0.01,-1,-1
99926009,2026-05-18 12:54:28+05:30,53295.8,0,0.0,0,0.0,0.0,53282.15,53333.0,52783.45,53710.35,0,0.0,0.0,0.0,0.0,-0.01,-1,-1,-0.01,-1,-1,-0.01,-1,-1,-0.01,-1,-1,-0.01,-1,-1,-0.01,-1,-1,-0.01,-1,-1,-0.01,-1,-1,-0.01,-1,-1,-0.01,-1,-1
99926009,2026-05-18 12:54:28+05:30,53294.35,0,0.0,0,0.0,0.0,53282.15,53333.0,52783.45,53710.35,0,0.0,0.0,0.0,0.0,-0.01,-1,-1,-0.01,-1,-1,-0.01,-1,-1,-0.01,-1,-1,-0.01,-1,-1,-0.01,-1,-1,-0.01,-1,-1,-0.01,-1,-1,-0.01,-1,-1,-0.01,-1,-1
99926009,2026-05-18 12:54:29+05:30,53293.85,0,0.0,0,0.0,0.0,53282.15,53333.0,52783.45,53710.35,0,0.0,0.0,0.0,0.0,-0.01,-1,-1,-0.01,-1,-1,-0.01,-1,-1,-0.01,-1,-1,-0.01,-1,-1,-0.01,-1,-1,-0.01,-1,-1,-0.01,-1,-1,-0.01,-1,-1,-0.01,-1,-1
99926009,2026-05-18 12:54:29+05:30,53295.25,0,0.0,0,0.0,0.0,53282.15,53333.0,52783.45,53710.35,0,0.0,0.0,0.0,0.0,-0.01,-1,-1,-0.01,-1,-1,-0.01,-1,-1,-0.01,-1,-1,-0.01,-1,-1,-0.01,-1,-1,-0.01,-1,-1,-0.01,-1,-1,-0.01,-1,-1,-0.01,-1,-1
99926009,2026-05-18 12:54:30+05:30,53297.6,0,0.0,0,0.0,0.0,53282.15,53333.0,52783.45,53710.35,0,0.0,0.0,0.0,0.0,-0.01,-1,-1,-0.01,-1,-1,-0.01,-1,-1,-0.01,-1,-1,-0.01,-1,-1,-0.01,-1,-1,-0.01,-1,-1,-0.01,-1,-1,-0.01,-1,-1,-0.01,-1,-1
99926009,2026-05-18 12:54:30+05:30,53296.4,0,0.0,0,0.0,0.0,53282.15,53333.0,52783.45,53710.35,0,0.0,0.0,0.0,0.0,-0.01,-1,-1,-0.01,-1,-1,-0.01,-1,-1,-0.01,-1,-1,-0.01,-1,-1,-0.01,-1,-1,-0.01,-1,-1,-0.01,-1,-1,-0.01,-1,-1,-0.01,-1,-1
99926009,2026-05-18 12:54:31+05:30,53296.1,0,0.0,0,0.0,0.0,53282.15,53333.0,52783.45,53710.35,0,0.0,0.0,0.0,0.0,-0.01,-1,-1,-0.01,-1,-1,-0.01,-1,-1,-0.01,-1,-1,-0.01,-1,-1,-0.01,-1,-1,-0.01,-1,-1,-0.01,-1,-1,-0.01,-1,-1,-0.01,-1,-1
99926009,2026-05-18 12:54:31+05:30,53297.8,0,0.0,0,0.0,0.0,53282.15,53333.0,52783.45,53710.35,0,0.0,0.0,0.0,0.0,-0.01,-1,-1,-0.01,-1,-1,-0.01,-1,-1,-0.01,-1,-1,-0.01,-1,-1,-0.01,-1,-1,-0.01,-1,-1,-0.01,-1,-1,-0.01,-1,-1,-0.01,-1,-1
99926009,2026-05-18 12:54:32+05:30,53297.8,0,0.0,0,0.0,0.0,53282.15,53333.0,52783.45,53710.35,0,0.0,0.0,0.0,0.0,-0.01,-1,-1,-0.01,-1,-1,-0.01,-1,-1,-0.01,-1,-1,-0.01,-1,-1,-0.01,-1,-1,-0.01,-1,-1,-0.01,-1,-1,-0.01,-1,-1,-0.01,-1,-1
99926009,2026-05-18 12:54:32+05:30,53296.65,0,0.0,0,0.0,0.0,53282.15,53333.0,52783.45,53710.35,0,0.0,0.0,0.0,0.0,-0.01,-1,-1,-0.01,-1,-1,-0.01,-1,-1,-0.01,-1,-1,-0.01,-1,-1,-0.01,-1,-1,-0.01,-1,-1,-0.01,-1,-1,-0.01,-1,-1,-0.01,-1,-1
99926009,2026-05-18 12:54:33+05:30,53296.3,0,0.0,0,0.0,0.0,53282.15,53333.0,52783.45,53710.35,0,0.0,0.0,0.0,0.0,-0.01,-1,-1,-0.01,-1,-1,-0.01,-1,-1,-0.01,-1,-1,-0.01,-1,-1,-0.01,-1,-1,-0.01,-1,-1,-0.01,-1,-1,-0.01,-1,-1,-0.01,-1,-1
99926009,2026-05-18 12:54:33+05:30,53296.8,0,0.0,0,0.0,0.0,53282.15,53333.0,52783.45,53710.35,0,0.0,0.0,0.0,0.0,-0.01,-1,-1,-0.01,-1,-1,-0.01,-1,-1,-0.01,-1,-1,-0.01,-1,-1,-0.01,-1,-1,-0.01,-1,-1,-0.01,-1,-1,-0.01,-1,-1,-0.01,-1,-1
99926009,2026-05-18 12:54:34+05:30,53298.1,0,0.0,0,0.0,0.0,53282.15,53333.0,52783.45,53710.35,0,0.0,0.0,0.0,0.0,-0.01,-1,-1,-0.01,-1,-1,-0.01,-1,-1,-0.01,-1,-1,-0.01,-1,-1,-0.01,-1,-1,-0.01,-1,-1,-0.01,-1,-1,-0.01,-1,-1,-0.01,-1,-1
99926009,2026-05-18 12:54:34+05:30,53300.05,0,0.0,0,0.0,0.0,53282.15,53333.0,52783.45,53710.35,0,0.0,0.0,0.0,0.0,-0.01,-1,-1,-0.01,-1,-1,-0.01,-1,-1,-0.01,-1,-1,-0.01,-1,-1,-0.01,-1,-1,-0.01,-1,-1,-0.01,-1,-1,-0.01,-1,-1,-0.01,-1,-1
99926009,2026-05-18 12:54:35+05:30,53300.55,0,0.0,0,0.0,0.0,53282.15,53333.0,52783.45,53710.35,0,0.0,0.0,0.0,0.0,-0.01,-1,-1,-0.01,-1,-1,-0.01,-1,-1,-0.01,-1,-1,-0.01,-1,-1,-0.01,-1,-1,-0.01,-1,-1,-0.01,-1,-1,-0.01,-1,-1,-0.01,-1,-1
99926009,2026-05-18 12:54:35+05:30,53300.4,0,0.0,0,0.0,0.0,53282.15,53333.0,52783.45,53710.35,0,0.0,0.0,0.0,0.0,-0.01,-1,-1,-0.01,-1,-1,-0.01,-1,-1,-0.01,-1,-1,-0.01,-1,-1,-0.01,-1,-1,-0.01,-1,-1,-0.01,-1,-1,-0.01,-1,-1,-0.01,-1,-1
99926009,2026-05-18 12:54:36+05:30,53301.1,0,0.0,0,0.0,0.0,53282.15,53333.0,52783.45,53710.35,0,0.0,0.0,0.0,0.0,-0.01,-1,-1,-0.01,-1,-1,-0.01,-1,-1,-0.01,-1,-1,-0.01,-1,-1,-0.01,-1,-1,-0.01,-1,-1,-0.01,-1,-1,-0.01,-1,-1,-0.01,-1,-1
99926009,2026-05-18 12:54:36+05:30,53302.75,0,0.0,0,0.0,0.0,53282.15,53333.0,52783.45,53710.35,0,0.0,0.0,0.0,0.0,-0.01,-1,-1,-0.01,-1,-1,-0.01,-1,-1,-0.01,-1,-1,-0.01,-1,-1,-0.01,-1,-1,-0.01,-1,-1,-0.01,-1,-1,-0.01,-1,-1,-0.01,-1,-1
99926009,2026-05-18 12:54:37+05:30,53303.5,0,0.0,0,0.0,0.0,53282.15,53333.0,52783.45,53710.35,0,0.0,0.0,0.0,0.0,-0.01,-1,-1,-0.01,-1,-1,-0.01,-1,-1,-0.01,-1,-1,-0.01,-1,-1,-0.01,-1,-1,-0.01,-1,-1,-0.01,-1,-1,-0.01,-1,-1,-0.01,-1,-1
99926009,2026-05-18 12:54:37+05:30,53306.25,0,0.0,0,0.0,0.0,53282.15,53333.0,52783.45,53710.35,0,0.0,0.0,0.0,0.0,-0.01,-1,-1,-0.01,-1,-1,-0.01,-1,-1,-0.01,-1,-1,-0.01,-1,-1,-0.01,-1,-1,-0.01,-1,-1,-0.01,-1,-1,-0.01,-1,-1,-0.01,-1,-1
99926009,2026-05-18 12:54:38+05:30,53307.9,0,0.0,0,0.0,0.0,53282.15,53333.0,52783.45,53710.35,0,0.0,0.0,0.0,0.0,-0.01,-1,-1,-0.01,-1,-1,-0.01,-1,-1,-0.01,-1,-1,-0.01,-1,-1,-0.01,-1,-1,-0.01,-1,-1,-0.01,-1,-1,-0.01,-1,-1,-0.01,-1,-1
99926009,2026-05-18 12:54:38+05:30,53303.95,0,0.0,0,0.0,0.0,53282.15,53333.0,52783.45,53710.35,0,0.0,0.0,0.0,0.0,-0.01,-1,-1,-0.01,-1,-1,-0.01,-1,-1,-0.01,-1,-1,-0.01,-1,-1,-0.01,-1,-1,-0.01,-1,-1,-0.01,-1,-1,-0.01,-1,-1,-0.01,-1,-1
99926009,2026-05-18 12:54:39+05:30,53305.1,0,0.0,0,0.0,0.0,53282.15,53333.0,52783.45,53710.35,0,0.0,0.0,0.0,0.0,-0.01,-1,-1,-0.01,-1,-1,-0.01,-1,-1,-0.01,-1,-1,-0.01,-1,-1,-0.01,-1,-1,-0.01,-1,-1,-0.01,-1,-1,-0.01,-1,-1,-0.01,-1,-1
99926009,2026-05-18 12:54:39+05:30,53303.8,0,0.0,0,0.0,0.0,53282.15,53333.0,52783.45,53710.35,0,0.0,0.0,0.0,0.0,-0.01,-1,-1,-0.01,-1,-1,-0.01,-1,-1,-0.01,-1,-1,-0.01,-1,-1,-0.01,-1,-1,-0.01,-1,-1,-0.01,-1,-1,-0.01,-1,-1,-0.01,-1,-1
99926009,2026-05-18 12:54:40+05:30,53303.6,0,0.0,0,0.0,0.0,53282.15,53333.0,52783.45,53710.35,0,0.0,0.0,0.0,0.0,-0.01,-1,-1,-0.01,-1,-1,-0.01,-1,-1,-0.01,-1,-1,-0.01,-1,-1,-0.01,-1,-1,-0.01,-1,-1,-0.01,-1,-1,-0.01,-1,-1,-0.01,-1,-1
99926009,2026-05-18 12:54:40+05:30,53302.95,0,0.0,0,0.0,0.0,53282.15,53333.0,52783.45,53710.35,0,0.0,0.0,0.0,0.0,-0.01,-1,-1,-0.01,-1,-1,-0.01,-1,-1,-0.01,-1,-1,-0.01,-1,-1,-0.01,-1,-1,-0.01,-1,-1,-0.01,-1,-1,-0.01,-1,-1,-0.01,-1,-1
99926009,2026-05-18 12:54:41+05:30,53303.45,0,0.0,0,0.0,0.0,53282.15,53333.0,52783.45,53710.35,0,0.0,0.0,0.0,0.0,-0.01,-1,-1,-0.01,-1,-1,-0.01,-1,-1,-0.01,-1,-1,-0.01,-1,-1,-0.01,-1,-1,-0.01,-1,-1,-0.01,-1,-1,-0.01,-1,-1,-0.01,-1,-1
99926009,2026-05-18 12:54:41+05:30,53304.15,0,0.0,0,0.0,0.0,53282.15,53333.0,52783.45,53710.35,0,0.0,0.0,0.0,0.0,-0.01,-1,-1,-0.01,-1,-1,-0.01,-1,-1,-0.01,-1,-1,-0.01,-1,-1,-0.01,-1,-1,-0.01,-1,-1,-0.01,-1,-1,-0.01,-1,-1,-0.01,-1,-1
99926009,2026-05-18 12:54:42+05:30,53303.2,0,0.0,0,0.0,0.0,53282.15,53333.0,52783.45,53710.35,0,0.0,0.0,0.0,0.0,-0.01,-1,-1,-0.01,-1,-1,-0.01,-1,-1,-0.01,-1,-1,-0.01,-1,-1,-0.01,-1,-1,-0.01,-1,-1,-0.01,-1,-1,-0.01,-1,-1,-0.01,-1,-1
99926009,2026-05-18 12:54:42+05:30,53303.5,0,0.0,0,0.0,0.0,53282.15,53333.0,52783.45,53710.35,0,0.0,0.0,0.0,0.0,-0.01,-1,-1,-0.01,-1,-1,-0.01,-1,-1,-0.01,-1,-1,-0.01,-1,-1,-0.01,-1,-1,-0.01,-1,-1,-0.01,-1,-1,-0.01,-1,-1,-0.01,-1,-1
99926009,2026-05-18 12:54:43+05:30,53303.1,0,0.0,0,0.0,0.0,53282.15,53333.0,52783.45,53710.35,0,0.0,0.0,0.0,0.0,-0.01,-1,-1,-0.01,-1,-1,-0.01,-1,-1,-0.01,-1,-1,-0.01,-1,-1,-0.01,-1,-1,-0.01,-1,-1,-0.01,-1,-1,-0.01,-1,-1,-0.01,-1,-1
99926009,2026-05-18 12:54:43+05:30,53302.65,0,0.0,0,0.0,0.0,53282.15,53333.0,52783.45,53710.35,0,0.0,0.0,0.0,0.0,-0.01,-1,-1,-0.01,-1,-1,-0.01,-1,-1,-0.01,-1,-1,-0.01,-1,-1,-0.01,-1,-1,-0.01,-1,-1,-0.01,-1,-1,-0.01,-1,-1,-0.01,-1,-1
99926009,2026-05-18 12:54:44+05:30,53302.35,0,0.0,0,0.0,0.0,53282.15,53333.0,52783.45,53710.35,0,0.0,0.0,0.0,0.0,-0.01,-1,-1,-0.01,-1,-1,-0.01,-1,-1,-0.01,-1,-1,-0.01,-1,-1,-0.01,-1,-1,-0.01,-1,-1,-0.01,-1,-1,-0.01,-1,-1,-0.01,-1,-1
99926009,2026-05-18 12:54:44+05:30,53303.05,0,0.0,0,0.0,0.0,53282.15,53333.0,52783.45,53710.35,0,0.0,0.0,0.0,0.0,-0.01,-1,-1,-0.01,-1,-1,-0.01,-1,-1,-0.01,-1,-1,-0.01,-1,-1,-0.01,-1,-1,-0.01,-1,-1,-0.01,-1,-1,-0.01,-1,-1,-0.01,-1,-1
99926009,2026-05-18 12:54:45+05:30,53302.75,0,0.0,0,0.0,0.0,53282.15,53333.0,52783.45,53710.35,0,0.0,0.0,0.0,0.0,-0.01,-1,-1,-0.01,-1,-1,-0.01,-1,-1,-0.01,-1,-1,-0.01,-1,-1,-0.01,-1,-1,-0.01,-1,-1,-0.01,-1,-1,-0.01,-1,-1,-0.01,-1,-1
99926009,2026-05-18 12:54:45+05:30,53305.8,0,0.0,0,0.0,0.0,53282.15,53333.0,52783.45,53710.35,0,0.0,0.0,0.0,0.0,-0.01,-1,-1,-0.01,-1,-1,-0.01,-1,-1,-0.01,-1,-1,-0.01,-1,-1,-0.01,-1,-1,-0.01,-1,-1,-0.01,-1,-1,-0.01,-1,-1,-0.01,-1,-1
99926009,2026-05-18 12:54:46+05:30,53306.2,0,0.0,0,0.0,0.0,53282.15,53333.0,52783.45,53710.35,0,0.0,0.0,0.0,0.0,-0.01,-1,-1,-0.01,-1,-1,-0.01,-1,-1,-0.01,-1,-1,-0.01,-1,-1,-0.01,-1,-1,-0.01,-1,-1,-0.01,-1,-1,-0.01,-1,-1,-0.01,-1,-1
99926009,2026-05-18 12:54:46+05:30,53305.15,0,0.0,0,0.0,0.0,53282.15,53333.0,52783.45,53710.35,0,0.0,0.0,0.0,0.0,-0.01,-1,-1,-0.01,-1,-1,-0.01,-1,-1,-0.01,-1,-1,-0.01,-1,-1,-0.01,-1,-1,-0.01,-1,-1,-0.01,-1,-1,-0.01,-1,-1,-0.01,-1,-1
99926009,2026-05-18 12:54:47+05:30,53305.55,0,0.0,0,0.0,0.0,53282.15,53333.0,52783.45,53710.35,0,0.0,0.0,0.0,0.0,-0.01,-1,-1,-0.01,-1,-1,-0.01,-1,-1,-0.01,-1,-1,-0.01,-1,-1,-0.01,-1,-1,-0.01,-1,-1,-0.01,-1,-1,-0.01,-1,-1,-0.01,-1,-1
99926009,2026-05-18 12:54:47+05:30,53305.5,0,0.0,0,0.0,0.0,53282.15,53333.0,52783.45,53710.35,0,0.0,0.0,0.0,0.0,-0.01,-1,-1,-0.01,-1,-1,-0.01,-1,-1,-0.01,-1,-1,-0.01,-1,-1,-0.01,-1,-1,-0.01,-1,-1,-0.01,-1,-1,-0.01,-1,-1,-0.01,-1,-1
99926009,2026-05-18 12:54:48+05:30,53307.05,0,0.0,0,0.0,0.0,53282.15,53333.0,52783.45,53710.35,0,0.0,0.0,0.0,0.0,-0.01,-1,-1,-0.01,-1,-1,-0.01,-1,-1,-0.01,-1,-1,-0.01,-1,-1,-0.01,-1,-1,-0.01,-1,-1,-0.01,-1,-1,-0.01,-1,-1,-0.01,-1,-1
99926009,2026-05-18 12:54:48+05:30,53302.65,0,0.0,0,0.0,0.0,53282.15,53333.0,52783.45,53710.35,0,0.0,0.0,0.0,0.0,-0.01,-1,-1,-0.01,-1,-1,-0.01,-1,-1,-0.01,-1,-1,-0.01,-1,-1,-0.01,-1,-1,-0.01,-1,-1,-0.01,-1,-1,-0.01,-1,-1,-0.01,-1,-1
99926009,2026-05-18 12:54:49+05:30,53304.5,0,0.0,0,0.0,0.0,53282.15,53333.0,52783.45,53710.35,0,0.0,0.0,0.0,0.0,-0.01,-1,-1,-0.01,-1,-1,-0.01,-1,-1,-0.01,-1,-1,-0.01,-1,-1,-0.01,-1,-1,-0.01,-1,-1,-0.01,-1,-1,-0.01,-1,-1,-0.01,-1,-1
99926009,2026-05-18 12:54:49+05:30,53302.6,0,0.0,0,0.0,0.0,53282.15,53333.0,52783.45,53710.35,0,0.0,0.0,0.0,0.0,-0.01,-1,-1,-0.01,-1,-1,-0.01,-1,-1,-0.01,-1,-1,-0.01,-1,-1,-0.01,-1,-1,-0.01,-1,-1,-0.01,-1,-1,-0.01,-1,-1,-0.01,-1,-1
99926009,2026-05-18 12:54:50+05:30,53302.6,0,0.0,0,0.0,0.0,53282.15,53333.0,52783.45,53710.35,0,0.0,0.0,0.0,0.0,-0.01,-1,-1,-0.01,-1,-1,-0.01,-1,-1,-0.01,-1,-1,-0.01,-1,-1,-0.01,-1,-1,-0.01,-1,-1,-0.01,-1,-1,-0.01,-1,-1,-0.01,-1,-1
99926009,2026-05-18 12:54:50+05:30,53304.75,0,0.0,0,0.0,0.0,53282.15,53333.0,52783.45,53710.35,0,0.0,0.0,0.0,0.0,-0.01,-1,-1,-0.01,-1,-1,-0.01,-1,-1,-0.01,-1,-1,-0.01,-1,-1,-0.01,-1,-1,-0.01,-1,-1,-0.01,-1,-1,-0.01,-1,-1,-0.01,-1,-1
99926009,2026-05-18 12:54:51+05:30,53306.75,0,0.0,0,0.0,0.0,53282.15,53333.0,52783.45,53710.35,0,0.0,0.0,0.0,0.0,-0.01,-1,-1,-0.01,-1,-1,-0.01,-1,-1,-0.01,-1,-1,-0.01,-1,-1,-0.01,-1,-1,-0.01,-1,-1,-0.01,-1,-1,-0.01,-1,-1,-0.01,-1,-1
99926009,2026-05-18 12:54:51+05:30,53309.15,0,0.0,0,0.0,0.0,53282.15,53333.0,52783.45,53710.35,0,0.0,0.0,0.0,0.0,-0.01,-1,-1,-0.01,-1,-1,-0.01,-1,-1,-0.01,-1,-1,-0.01,-1,-1,-0.01,-1,-1,-0.01,-1,-1,-0.01,-1,-1,-0.01,-1,-1,-0.01,-1,-1
99926009,2026-05-18 12:54:52+05:30,53306.5,0,0.0,0,0.0,0.0,53282.15,53333.0,52783.45,53710.35,0,0.0,0.0,0.0,0.0,-0.01,-1,-1,-0.01,-1,-1,-0.01,-1,-1,-0.01,-1,-1,-0.01,-1,-1,-0.01,-1,-1,-0.01,-1,-1,-0.01,-1,-1,-0.01,-1,-1,-0.01,-1,-1
99926009,2026-05-18 12:54:52+05:30,53304.25,0,0.0,0,0.0,0.0,53282.15,53333.0,52783.45,53710.35,0,0.0,0.0,0.0,0.0,-0.01,-1,-1,-0.01,-1,-1,-0.01,-1,-1,-0.01,-1,-1,-0.01,-1,-1,-0.01,-1,-1,-0.01,-1,-1,-0.01,-1,-1,-0.01,-1,-1,-0.01,-1,-1
99926009,2026-05-18 12:54:53+05:30,53304.4,0,0.0,0,0.0,0.0,53282.15,53333.0,52783.45,53710.35,0,0.0,0.0,0.0,0.0,-0.01,-1,-1,-0.01,-1,-1,-0.01,-1,-1,-0.01,-1,-1,-0.01,-1,-1,-0.01,-1,-1,-0.01,-1,-1,-0.01,-1,-1,-0.01,-1,-1,-0.01,-1,-1
99926009,2026-05-18 12:54:53+05:30,53304.9,0,0.0,0,0.0,0.0,53282.15,53333.0,52783.45,53710.35,0,0.0,0.0,0.0,0.0,-0.01,-1,-1,-0.01,-1,-1,-0.01,-1,-1,-0.01,-1,-1,-0.01,-1,-1,-0.01,-1,-1,-0.01,-1,-1,-0.01,-1,-1,-0.01,-1,-1,-0.01,-1,-1
99926009,2026-05-18 12:54:54+05:30,53305.55,0,0.0,0,0.0,0.0,53282.15,53333.0,52783.45,53710.35,0,0.0,0.0,0.0,0.0,-0.01,-1,-1,-0.01,-1,-1,-0.01,-1,-1,-0.01,-1,-1,-0.01,-1,-1,-0.01,-1,-1,-0.01,-1,-1,-0.01,-1,-1,-0.01,-1,-1,-0.01,-1,-1
99926009,2026-05-18 12:54:54+05:30,53302.75,0,0.0,0,0.0,0.0,53282.15,53333.0,52783.45,53710.35,0,0.0,0.0,0.0,0.0,-0.01,-1,-1,-0.01,-1,-1,-0.01,-1,-1,-0.01,-1,-1,-0.01,-1,-1,-0.01,-1,-1,-0.01,-1,-1,-0.01,-1,-1,-0.01,-1,-1,-0.01,-1,-1
99926009,2026-05-18 12:54:55+05:30,53302.6,0,0.0,0,0.0,0.0,53282.15,53333.0,52783.45,53710.35,0,0.0,0.0,0.0,0.0,-0.01,-1,-1,-0.01,-1,-1,-0.01,-1,-1,-0.01,-1,-1,-0.01,-1,-1,-0.01,-1,-1,-0.01,-1,-1,-0.01,-1,-1,-0.01,-1,-1,-0.01,-1,-1
99926009,2026-05-18 12:54:55+05:30,53304.7,0,0.0,0,0.0,0.0,53282.15,53333.0,52783.45,53710.35,0,0.0,0.0,0.0,0.0,-0.01,-1,-1,-0.01,-1,-1,-0.01,-1,-1,-0.01,-1,-1,-0.01,-1,-1,-0.01,-1,-1,-0.01,-1,-1,-0.01,-1,-1,-0.01,-1,-1,-0.01,-1,-1
99926009,2026-05-18 12:54:56+05:30,53305.05,0,0.0,0,0.0,0.0,53282.15,53333.0,52783.45,53710.35,0,0.0,0.0,0.0,0.0,-0.01,-1,-1,-0.01,-1,-1,-0.01,-1,-1,-0.01,-1,-1,-0.01,-1,-1,-0.01,-1,-1,-0.01,-1,-1,-0.01,-1,-1,-0.01,-1,-1,-0.01,-1,-1
99926009,2026-05-18 12:54:56+05:30,53305.95,0,0.0,0,0.0,0.0,53282.15,53333.0,52783.45,53710.35,0,0.0,0.0,0.0,0.0,-0.01,-1,-1,-0.01,-1,-1,-0.01,-1,-1,-0.01,-1,-1,-0.01,-1,-1,-0.01,-1,-1,-0.01,-1,-1,-0.01,-1,-1,-0.01,-1,-1,-0.01,-1,-1
99926009,2026-05-18 12:54:57+05:30,53304.95,0,0.0,0,0.0,0.0,53282.15,53333.0,52783.45,53710.35,0,0.0,0.0,0.0,0.0,-0.01,-1,-1,-0.01,-1,-1,-0.01,-1,-1,-0.01,-1,-1,-0.01,-1,-1,-0.01,-1,-1,-0.01,-1,-1,-0.01,-1,-1,-0.01,-1,-1,-0.01,-1,-1
99926009,2026-05-18 12:54:57+05:30,53303.0,0,0.0,0,0.0,0.0,53282.15,53333.0,52783.45,53710.35,0,0.0,0.0,0.0,0.0,-0.01,-1,-1,-0.01,-1,-1,-0.01,-1,-1,-0.01,-1,-1,-0.01,-1,-1,-0.01,-1,-1,-0.01,-1,-1,-0.01,-1,-1,-0.01,-1,-1,-0.01,-1,-1
99926009,2026-05-18 12:54:58+05:30,53301.55,0,0.0,0,0.0,0.0,53282.15,53333.0,52783.45,53710.35,0,0.0,0.0,0.0,0.0,-0.01,-1,-1,-0.01,-1,-1,-0.01,-1,-1,-0.01,-1,-1,-0.01,-1,-1,-0.01,-1,-1,-0.01,-1,-1,-0.01,-1,-1,-0.01,-1,-1,-0.01,-1,-1
99926009,2026-05-18 12:54:58+05:30,53301.1,0,0.0,0,0.0,0.0,53282.15,53333.0,52783.45,53710.35,0,0.0,0.0,0.0,0.0,-0.01,-1,-1,-0.01,-1,-1,-0.01,-1,-1,-0.01,-1,-1,-0.01,-1,-1,-0.01,-1,-1,-0.01,-1,-1,-0.01,-1,-1,-0.01,-1,-1,-0.01,-1,-1
99926009,2026-05-18 12:54:59+05:30,53303.15,0,0.0,0,0.0,0.0,53282.15,53333.0,52783.45,53710.35,0,0.0,0.0,0.0,0.0,-0.01,-1,-1,-0.01,-1,-1,-0.01,-1,-1,-0.01,-1,-1,-0.01,-1,-1,-0.01,-1,-1,-0.01,-1,-1,-0.01,-1,-1,-0.01,-1,-1,-0.01,-1,-1
99926009,2026-05-18 12:54:59+05:30,53301.1,0,0.0,0,0.0,0.0,53282.15,53333.0,52783.45,53710.35,0,0.0,0.0,0.0,0.0,-0.01,-1,-1,-0.01,-1,-1,-0.01,-1,-1,-0.01,-1,-1,-0.01,-1,-1,-0.01,-1,-1,-0.01,-1,-1,-0.01,-1,-1,-0.01,-1,-1,-0.01,-1,-1
99926009,2026-05-18 12:55:00+05:30,53302.65,0,0.0,0,0.0,0.0,53282.15,53333.0,52783.45,53710.35,0,0.0,0.0,0.0,0.0,-0.01,-1,-1,-0.01,-1,-1,-0.01,-1,-1,-0.01,-1,-1,-0.01,-1,-1,-0.01,-1,-1,-0.01,-1,-1,-0.01,-1,-1,-0.01,-1,-1,-0.01,-1,-1
99926009,2026-05-18 12:55:00+05:30,53303.0,0,0.0,0,0.0,0.0,53282.15,53333.0,52783.45,53710.35,0,0.0,0.0,0.0,0.0,-0.01,-1,-1,-0.01,-1,-1,-0.01,-1,-1,-0.01,-1,-1,-0.01,-1,-1,-0.01,-1,-1,-0.01,-1,-1,-0.01,-1,-1,-0.01,-1,-1,-0.01,-1,-1
99926009,2026-05-18 12:55:01+05:30,53303.0,0,0.0,0,0.0,0.0,53282.15,53333.0,52783.45,53710.35,0,0.0,0.0,0.0,0.0,-0.01,-1,-1,-0.01,-1,-1,-0.01,-1,-1,-0.01,-1,-1,-0.01,-1,-1,-0.01,-1,-1,-0.01,-1,-1,-0.01,-1,-1,-0.01,-1,-1,-0.01,-1,-1
99926009,2026-05-18 12:55:01+05:30,53303.65,0,0.0,0,0.0,0.0,53282.15,53333.0,52783.45,53710.35,0,0.0,0.0,0.0,0.0,-0.01,-1,-1,-0.01,-1,-1,-0.01,-1,-1,-0.01,-1,-1,-0.01,-1,-1,-0.01,-1,-1,-0.01,-1,-1,-0.01,-1,-1,-0.01,-1,-1,-0.01,-1,-1
99926009,2026-05-18 12:55:02+05:30,53302.9,0,0.0,0,0.0,0.0,53282.15,53333.0,52783.45,53710.35,0,0.0,0.0,0.0,0.0,-0.01,-1,-1,-0.01,-1,-1,-0.01,-1,-1,-0.01,-1,-1,-0.01,-1,-1,-0.01,-1,-1,-0.01,-1,-1,-0.01,-1,-1,-0.01,-1,-1,-0.01,-1,-1
99926009,2026-05-18 12:55:02+05:30,53303.9,0,0.0,0,0.0,0.0,53282.15,53333.0,52783.45,53710.35,0,0.0,0.0,0.0,0.0,-0.01,-1,-1,-0.01,-1,-1,-0.01,-1,-1,-0.01,-1,-1,-0.01,-1,-1,-0.01,-1,-1,-0.01,-1,-1,-0.01,-1,-1,-0.01,-1,-1,-0.01,-1,-1
99926009,2026-05-18 12:55:03+05:30,53300.8,0,0.0,0,0.0,0.0,53282.15,53333.0,52783.45,53710.35,0,0.0,0.0,0.0,0.0,-0.01,-1,-1,-0.01,-1,-1,-0.01,-1,-1,-0.01,-1,-1,-0.01,-1,-1,-0.01,-1,-1,-0.01,-1,-1,-0.01,-1,-1,-0.01,-1,-1,-0.01,-1,-1
99926009,2026-05-18 12:55:03+05:30,53299.6,0,0.0,0,0.0,0.0,53282.15,53333.0,52783.45,53710.35,0,0.0,0.0,0.0,0.0,-0.01,-1,-1,-0.01,-1,-1,-0.01,-1,-1,-0.01,-1,-1,-0.01,-1,-1,-0.01,-1,-1,-0.01,-1,-1,-0.01,-1,-1,-0.01,-1,-1,-0.01,-1,-1
99926009,2026-05-18 12:55:04+05:30,53300.9,0,0.0,0,0.0,0.0,53282.15,53333.0,52783.45,53710.35,0,0.0,0.0,0.0,0.0,-0.01,-1,-1,-0.01,-1,-1,-0.01,-1,-1,-0.01,-1,-1,-0.01,-1,-1,-0.01,-1,-1,-0.01,-1,-1,-0.01,-1,-1,-0.01,-1,-1,-0.01,-1,-1
99926009,2026-05-18 12:55:04+05:30,53301.1,0,0.0,0,0.0,0.0,53282.15,53333.0,52783.45,53710.35,0,0.0,0.0,0.0,0.0,-0.01,-1,-1,-0.01,-1,-1,-0.01,-1,-1,-0.01,-1,-1,-0.01,-1,-1,-0.01,-1,-1,-0.01,-1,-1,-0.01,-1,-1,-0.01,-1,-1,-0.01,-1,-1
99926009,2026-05-18 12:55:05+05:30,53300.45,0,0.0,0,0.0,0.0,53282.15,53333.0,52783.45,53710.35,0,0.0,0.0,0.0,0.0,-0.01,-1,-1,-0.01,-1,-1,-0.01,-1,-1,-0.01,-1,-1,-0.01,-1,-1,-0.01,-1,-1,-0.01,-1,-1,-0.01,-1,-1,-0.01,-1,-1,-0.01,-1,-1
99926009,2026-05-18 12:55:05+05:30,53304.25,0,0.0,0,0.0,0.0,53282.15,53333.0,52783.45,53710.35,0,0.0,0.0,0.0,0.0,-0.01,-1,-1,-0.01,-1,-1,-0.01,-1,-1,-0.01,-1,-1,-0.01,-1,-1,-0.01,-1,-1,-0.01,-1,-1,-0.01,-1,-1,-0.01,-1,-1,-0.01,-1,-1
99926009,2026-05-18 12:55:06+05:30,53305.85,0,0.0,0,0.0,0.0,53282.15,53333.0,52783.45,53710.35,0,0.0,0.0,0.0,0.0,-0.01,-1,-1,-0.01,-1,-1,-0.01,-1,-1,-0.01,-1,-1,-0.01,-1,-1,-0.01,-1,-1,-0.01,-1,-1,-0.01,-1,-1,-0.01,-1,-1,-0.01,-1,-1
99926009,2026-05-18 12:55:06+05:30,53304.05,0,0.0,0,0.0,0.0,53282.15,53333.0,52783.45,53710.35,0,0.0,0.0,0.0,0.0,-0.01,-1,-1,-0.01,-1,-1,-0.01,-1,-1,-0.01,-1,-1,-0.01,-1,-1,-0.01,-1,-1,-0.01,-1,-1,-0.01,-1,-1,-0.01,-1,-1,-0.01,-1,-1
99926009,2026-05-18 12:55:07+05:30,53303.1,0,0.0,0,0.0,0.0,53282.15,53333.0,52783.45,53710.35,0,0.0,0.0,0.0,0.0,-0.01,-1,-1,-0.01,-1,-1,-0.01,-1,-1,-0.01,-1,-1,-0.01,-1,-1,-0.01,-1,-1,-0.01,-1,-1,-0.01,-1,-1,-0.01,-1,-1,-0.01,-1,-1
99926009,2026-05-18 12:55:07+05:30,53304.95,0,0.0,0,0.0,0.0,53282.15,53333.0,52783.45,53710.35,0,0.0,0.0,0.0,0.0,-0.01,-1,-1,-0.01,-1,-1,-0.01,-1,-1,-0.01,-1,-1,-0.01,-1,-1,-0.01,-1,-1,-0.01,-1,-1,-0.01,-1,-1,-0.01,-1,-1,-0.01,-1,-1
99926009,2026-05-18 12:55:08+05:30,53301.8,0,0.0,0,0.0,0.0,53282.15,53333.0,52783.45,53710.35,0,0.0,0.0,0.0,0.0,-0.01,-1,-1,-0.01,-1,-1,-0.01,-1,-1,-0.01,-1,-1,-0.01,-1,-1,-0.01,-1,-1,-0.01,-1,-1,-0.01,-1,-1,-0.01,-1,-1,-0.01,-1,-1
99926009,2026-05-18 12:55:08+05:30,53300.95,0,0.0,0,0.0,0.0,53282.15,53333.0,52783.45,53710.35,0,0.0,0.0,0.0,0.0,-0.01,-1,-1,-0.01,-1,-1,-0.01,-1,-1,-0.01,-1,-1,-0.01,-1,-1,-0.01,-1,-1,-0.01,-1,-1,-0.01,-1,-1,-0.01,-1,-1,-0.01,-1,-1
99926009,2026-05-18 12:55:09+05:30,53303.25,0,0.0,0,0.0,0.0,53282.15,53333.0,52783.45,53710.35,0,0.0,0.0,0.0,0.0,-0.01,-1,-1,-0.01,-1,-1,-0.01,-1,-1,-0.01,-1,-1,-0.01,-1,-1,-0.01,-1,-1,-0.01,-1,-1,-0.01,-1,-1,-0.01,-1,-1,-0.01,-1,-1
99926009,2026-05-18 12:55:09+05:30,53305.7,0,0.0,0,0.0,0.0,53282.15,53333.0,52783.45,53710.35,0,0.0,0.0,0.0,0.0,-0.01,-1,-1,-0.01,-1,-1,-0.01,-1,-1,-0.01,-1,-1,-0.01,-1,-1,-0.01,-1,-1,-0.01,-1,-1,-0.01,-1,-1,-0.01,-1,-1,-0.01,-1,-1
99926009,2026-05-18 12:55:10+05:30,53306.05,0,0.0,0,0.0,0.0,53282.15,53333.0,52783.45,53710.35,0,0.0,0.0,0.0,0.0,-0.01,-1,-1,-0.01,-1,-1,-0.01,-1,-1,-0.01,-1,-1,-0.01,-1,-1,-0.01,-1,-1,-0.01,-1,-1,-0.01,-1,-1,-0.01,-1,-1,-0.01,-1,-1
99926009,2026-05-18 12:55:10+05:30,53307.9,0,0.0,0,0.0,0.0,53282.15,53333.0,52783.45,53710.35,0,0.0,0.0,0.0,0.0,-0.01,-1,-1,-0.01,-1,-1,-0.01,-1,-1,-0.01,-1,-1,-0.01,-1,-1,-0.01,-1,-1,-0.01,-1,-1,-0.01,-1,-1,-0.01,-1,-1,-0.01,-1,-1
99926009,2026-05-18 12:55:11+05:30,53308.7,0,0.0,0,0.0,0.0,53282.15,53333.0,52783.45,53710.35,0,0.0,0.0,0.0,0.0,-0.01,-1,-1,-0.01,-1,-1,-0.01,-1,-1,-0.01,-1,-1,-0.01,-1,-1,-0.01,-1,-1,-0.01,-1,-1,-0.01,-1,-1,-0.01,-1,-1,-0.01,-1,-1
99926009,2026-05-18 12:55:11+05:30,53308.0,0,0.0,0,0.0,0.0,53282.15,53333.0,52783.45,53710.35,0,0.0,0.0,0.0,0.0,-0.01,-1,-1,-0.01,-1,-1,-0.01,-1,-1,-0.01,-1,-1,-0.01,-1,-1,-0.01,-1,-1,-0.01,-1,-1,-0.01,-1,-1,-0.01,-1,-1,-0.01,-1,-1
99926009,2026-05-18 12:55:12+05:30,53306.4,0,0.0,0,0.0,0.0,53282.15,53333.0,52783.45,53710.35,0,0.0,0.0,0.0,0.0,-0.01,-1,-1,-0.01,-1,-1,-0.01,-1,-1,-0.01,-1,-1,-0.01,-1,-1,-0.01,-1,-1,-0.01,-1,-1,-0.01,-1,-1,-0.01,-1,-1,-0.01,-1,-1
99926009,2026-05-18 12:55:12+05:30,53307.4,0,0.0,0,0.0,0.0,53282.15,53333.0,52783.45,53710.35,0,0.0,0.0,0.0,0.0,-0.01,-1,-1,-0.01,-1,-1,-0.01,-1,-1,-0.01,-1,-1,-0.01,-1,-1,-0.01,-1,-1,-0.01,-1,-1,-0.01,-1,-1,-0.01,-1,-1,-0.01,-1,-1
99926009,2026-05-18 12:55:13+05:30,53305.2,0,0.0,0,0.0,0.0,53282.15,53333.0,52783.45,53710.35,0,0.0,0.0,0.0,0.0,-0.01,-1,-1,-0.01,-1,-1,-0.01,-1,-1,-0.01,-1,-1,-0.01,-1,-1,-0.01,-1,-1,-0.01,-1,-1,-0.01,-1,-1,-0.01,-1,-1,-0.01,-1,-1
99926009,2026-05-18 12:55:13+05:30,53306.5,0,0.0,0,0.0,0.0,53282.15,53333.0,52783.45,53710.35,0,0.0,0.0,0.0,0.0,-0.01,-1,-1,-0.01,-1,-1,-0.01,-1,-1,-0.01,-1,-1,-0.01,-1,-1,-0.01,-1,-1,-0.01,-1,-1,-0.01,-1,-1,-0.01,-1,-1,-0.01,-1,-1
99926009,2026-05-18 12:55:14+05:30,53305.9,0,0.0,0,0.0,0.0,53282.15,53333.0,52783.45,53710.35,0,0.0,0.0,0.0,0.0,-0.01,-1,-1,-0.01,-1,-1,-0.01,-1,-1,-0.01,-1,-1,-0.01,-1,-1,-0.01,-1,-1,-0.01,-1,-1,-0.01,-1,-1,-0.01,-1,-1,-0.01,-1,-1
99926009,2026-05-18 12:55:14+05:30,53308.95,0,0.0,0,0.0,0.0,53282.15,53333.0,52783.45,53710.35,0,0.0,0.0,0.0,0.0,-0.01,-1,-1,-0.01,-1,-1,-0.01,-1,-1,-0.01,-1,-1,-0.01,-1,-1,-0.01,-1,-1,-0.01,-1,-1,-0.01,-1,-1,-0.01,-1,-1,-0.01,-1,-1
99926009,2026-05-18 12:55:15+05:30,53307.05,0,0.0,0,0.0,0.0,53282.15,53333.0,52783.45,53710.35,0,0.0,0.0,0.0,0.0,-0.01,-1,-1,-0.01,-1,-1,-0.01,-1,-1,-0.01,-1,-1,-0.01,-1,-1,-0.01,-1,-1,-0.01,-1,-1,-0.01,-1,-1,-0.01,-1,-1,-0.01,-1,-1
99926009,2026-05-18 12:55:15+05:30,53308.9,0,0.0,0,0.0,0.0,53282.15,53333.0,52783.45,53710.35,0,0.0,0.0,0.0,0.0,-0.01,-1,-1,-0.01,-1,-1,-0.01,-1,-1,-0.01,-1,-1,-0.01,-1,-1,-0.01,-1,-1,-0.01,-1,-1,-0.01,-1,-1,-0.01,-1,-1,-0.01,-1,-1
99926009,2026-05-18 12:55:16+05:30,53309.25,0,0.0,0,0.0,0.0,53282.15,53333.0,52783.45,53710.35,0,0.0,0.0,0.0,0.0,-0.01,-1,-1,-0.01,-1,-1,-0.01,-1,-1,-0.01,-1,-1,-0.01,-1,-1,-0.01,-1,-1,-0.01,-1,-1,-0.01,-1,-1,-0.01,-1,-1,-0.01,-1,-1
99926009,2026-05-18 12:55:16+05:30,53309.55,0,0.0,0,0.0,0.0,53282.15,53333.0,52783.45,53710.35,0,0.0,0.0,0.0,0.0,-0.01,-1,-1,-0.01,-1,-1,-0.01,-1,-1,-0.01,-1,-1,-0.01,-1,-1,-0.01,-1,-1,-0.01,-1,-1,-0.01,-1,-1,-0.01,-1,-1,-0.01,-1,-1
99926009,2026-05-18 12:55:17+05:30,53308.25,0,0.0,0,0.0,0.0,53282.15,53333.0,52783.45,53710.35,0,0.0,0.0,0.0,0.0,-0.01,-1,-1,-0.01,-1,-1,-0.01,-1,-1,-0.01,-1,-1,-0.01,-1,-1,-0.01,-1,-1,-0.01,-1,-1,-0.01,-1,-1,-0.01,-1,-1,-0.01,-1,-1
99926009,2026-05-18 12:55:17+05:30,53308.1,0,0.0,0,0.0,0.0,53282.15,53333.0,52783.45,53710.35,0,0.0,0.0,0.0,0.0,-0.01,-1,-1,-0.01,-1,-1,-0.01,-1,-1,-0.01,-1,-1,-0.01,-1,-1,-0.01,-1,-1,-0.01,-1,-1,-0.01,-1,-1,-0.01,-1,-1,-0.01,-1,-1
99926009,2026-05-18 12:55:18+05:30,53308.8,0,0.0,0,0.0,0.0,53282.15,53333.0,52783.45,53710.35,0,0.0,0.0,0.0,0.0,-0.01,-1,-1,-0.01,-1,-1,-0.01,-1,-1,-0.01,-1,-1,-0.01,-1,-1,-0.01,-1,-1,-0.01,-1,-1,-0.01,-1,-1,-0.01,-1,-1,-0.01,-1,-1
99926009,2026-05-18 12:55:18+05:30,53308.2,0,0.0,0,0.0,0.0,53282.15,53333.0,52783.45,53710.35,0,0.0,0.0,0.0,0.0,-0.01,-1,-1,-0.01,-1,-1,-0.01,-1,-1,-0.01,-1,-1,-0.01,-1,-1,-0.01,-1,-1,-0.01,-1,-1,-0.01,-1,-1,-0.01,-1,-1,-0.01,-1,-1
99926009,2026-05-18 12:55:19+05:30,53307.7,0,0.0,0,0.0,0.0,53282.15,53333.0,52783.45,53710.35,0,0.0,0.0,0.0,0.0,-0.01,-1,-1,-0.01,-1,-1,-0.01,-1,-1,-0.01,-1,-1,-0.01,-1,-1,-0.01,-1,-1,-0.01,-1,-1,-0.01,-1,-1,-0.01,-1,-1,-0.01,-1,-1
99926009,2026-05-18 12:55:19+05:30,53314.85,0,0.0,0,0.0,0.0,53282.15,53333.0,52783.45,53710.35,0,0.0,0.0,0.0,0.0,-0.01,-1,-1,-0.01,-1,-1,-0.01,-1,-1,-0.01,-1,-1,-0.01,-1,-1,-0.01,-1,-1,-0.01,-1,-1,-0.01,-1,-1,-0.01,-1,-1,-0.01,-1,-1
99926009,2026-05-18 12:55:20+05:30,53315.0,0,0.0,0,0.0,0.0,53282.15,53333.0,52783.45,53710.35,0,0.0,0.0,0.0,0.0,-0.01,-1,-1,-0.01,-1,-1,-0.01,-1,-1,-0.01,-1,-1,-0.01,-1,-1,-0.01,-1,-1,-0.01,-1,-1,-0.01,-1,-1,-0.01,-1,-1,-0.01,-1,-1
99926009,2026-05-18 12:55:20+05:30,53317.0,0,0.0,0,0.0,0.0,53282.15,53333.0,52783.45,53710.35,0,0.0,0.0,0.0,0.0,-0.01,-1,-1,-0.01,-1,-1,-0.01,-1,-1,-0.01,-1,-1,-0.01,-1,-1,-0.01,-1,-1,-0.01,-1,-1,-0.01,-1,-1,-0.01,-1,-1,-0.01,-1,-1
99926009,2026-05-18 12:55:21+05:30,53315.3,0,0.0,0,0.0,0.0,53282.15,53333.0,52783.45,53710.35,0,0.0,0.0,0.0,0.0,-0.01,-1,-1,-0.01,-1,-1,-0.01,-1,-1,-0.01,-1,-1,-0.01,-1,-1,-0.01,-1,-1,-0.01,-1,-1,-0.01,-1,-1,-0.01,-1,-1,-0.01,-1,-1
99926009,2026-05-18 12:55:21+05:30,53316.05,0,0.0,0,0.0,0.0,53282.15,53333.0,52783.45,53710.35,0,0.0,0.0,0.0,0.0,-0.01,-1,-1,-0.01,-1,-1,-0.01,-1,-1,-0.01,-1,-1,-0.01,-1,-1,-0.01,-1,-1,-0.01,-1,-1,-0.01,-1,-1,-0.01,-1,-1,-0.01,-1,-1
99926009,2026-05-18 12:55:22+05:30,53318.25,0,0.0,0,0.0,0.0,53282.15,53333.0,52783.45,53710.35,0,0.0,0.0,0.0,0.0,-0.01,-1,-1,-0.01,-1,-1,-0.01,-1,-1,-0.01,-1,-1,-0.01,-1,-1,-0.01,-1,-1,-0.01,-1,-1,-0.01,-1,-1,-0.01,-1,-1,-0.01,-1,-1
99926009,2026-05-18 12:55:22+05:30,53318.6,0,0.0,0,0.0,0.0,53282.15,53333.0,52783.45,53710.35,0,0.0,0.0,0.0,0.0,-0.01,-1,-1,-0.01,-1,-1,-0.01,-1,-1,-0.01,-1,-1,-0.01,-1,-1,-0.01,-1,-1,-0.01,-1,-1,-0.01,-1,-1,-0.01,-1,-1,-0.01,-1,-1
99926009,2026-05-18 12:55:23+05:30,53316.05,0,0.0,0,0.0,0.0,53282.15,53333.0,52783.45,53710.35,0,0.0,0.0,0.0,0.0,-0.01,-1,-1,-0.01,-1,-1,-0.01,-1,-1,-0.01,-1,-1,-0.01,-1,-1,-0.01,-1,-1,-0.01,-1,-1,-0.01,-1,-1,-0.01,-1,-1,-0.01,-1,-1
99926009,2026-05-18 12:55:23+05:30,53317.3,0,0.0,0,0.0,0.0,53282.15,53333.0,52783.45,53710.35,0,0.0,0.0,0.0,0.0,-0.01,-1,-1,-0.01,-1,-1,-0.01,-1,-1,-0.01,-1,-1,-0.01,-1,-1,-0.01,-1,-1,-0.01,-1,-1,-0.01,-1,-1,-0.01,-1,-1,-0.01,-1,-1
99926009,2026-05-18 12:55:24+05:30,53317.9,0,0.0,0,0.0,0.0,53282.15,53333.0,52783.45,53710.35,0,0.0,0.0,0.0,0.0,-0.01,-1,-1,-0.01,-1,-1,-0.01,-1,-1,-0.01,-1,-1,-0.01,-1,-1,-0.01,-1,-1,-0.01,-1,-1,-0.01,-1,-1,-0.01,-1,-1,-0.01,-1,-1
99926009,2026-05-18 12:55:24+05:30,53320.9,0,0.0,0,0.0,0.0,53282.15,53333.0,52783.45,53710.35,0,0.0,0.0,0.0,0.0,-0.01,-1,-1,-0.01,-1,-1,-0.01,-1,-1,-0.01,-1,-1,-0.01,-1,-1,-0.01,-1,-1,-0.01,-1,-1,-0.01,-1,-1,-0.01,-1,-1,-0.01,-1,-1
99926009,2026-05-18 12:55:25+05:30,53323.5,0,0.0,0,0.0,0.0,53282.15,53333.0,52783.45,53710.35,0,0.0,0.0,0.0,0.0,-0.01,-1,-1,-0.01,-1,-1,-0.01,-1,-1,-0.01,-1,-1,-0.01,-1,-1,-0.01,-1,-1,-0.01,-1,-1,-0.01,-1,-1,-0.01,-1,-1,-0.01,-1,-1
99926009,2026-05-18 12:55:25+05:30,53322.15,0,0.0,0,0.0,0.0,53282.15,53333.0,52783.45,53710.35,0,0.0,0.0,0.0,0.0,-0.01,-1,-1,-0.01,-1,-1,-0.01,-1,-1,-0.01,-1,-1,-0.01,-1,-1,-0.01,-1,-1,-0.01,-1,-1,-0.01,-1,-1,-0.01,-1,-1,-0.01,-1,-1
99926009,2026-05-18 12:55:26+05:30,53324.2,0,0.0,0,0.0,0.0,53282.15,53333.0,52783.45,53710.35,0,0.0,0.0,0.0,0.0,-0.01,-1,-1,-0.01,-1,-1,-0.01,-1,-1,-0.01,-1,-1,-0.01,-1,-1,-0.01,-1,-1,-0.01,-1,-1,-0.01,-1,-1,-0.01,-1,-1,-0.01,-1,-1
99926009,2026-05-18 12:55:26+05:30,53325.0,0,0.0,0,0.0,0.0,53282.15,53333.0,52783.45,53710.35,0,0.0,0.0,0.0,0.0,-0.01,-1,-1,-0.01,-1,-1,-0.01,-1,-1,-0.01,-1,-1,-0.01,-1,-1,-0.01,-1,-1,-0.01,-1,-1,-0.01,-1,-1,-0.01,-1,-1,-0.01,-1,-1
99926009,2026-05-18 12:55:27+05:30,53325.25,0,0.0,0,0.0,0.0,53282.15,53333.0,52783.45,53710.35,0,0.0,0.0,0.0,0.0,-0.01,-1,-1,-0.01,-1,-1,-0.01,-1,-1,-0.01,-1,-1,-0.01,-1,-1,-0.01,-1,-1,-0.01,-1,-1,-0.01,-1,-1,-0.01,-1,-1,-0.01,-1,-1
99926009,2026-05-18 12:55:27+05:30,53325.8,0,0.0,0,0.0,0.0,53282.15,53333.0,52783.45,53710.35,0,0.0,0.0,0.0,0.0,-0.01,-1,-1,-0.01,-1,-1,-0.01,-1,-1,-0.01,-1,-1,-0.01,-1,-1,-0.01,-1,-1,-0.01,-1,-1,-0.01,-1,-1,-0.01,-1,-1,-0.01,-1,-1
99926009,2026-05-18 12:55:28+05:30,53327.1,0,0.0,0,0.0,0.0,53282.15,53333.0,52783.45,53710.35,0,0.0,0.0,0.0,0.0,-0.01,-1,-1,-0.01,-1,-1,-0.01,-1,-1,-0.01,-1,-1,-0.01,-1,-1,-0.01,-1,-1,-0.01,-1,-1,-0.01,-1,-1,-0.01,-1,-1,-0.01,-1,-1
99926009,2026-05-18 12:55:28+05:30,53327.5,0,0.0,0,0.0,0.0,53282.15,53333.0,52783.45,53710.35,0,0.0,0.0,0.0,0.0,-0.01,-1,-1,-0.01,-1,-1,-0.01,-1,-1,-0.01,-1,-1,-0.01,-1,-1,-0.01,-1,-1,-0.01,-1,-1,-0.01,-1,-1,-0.01,-1,-1,-0.01,-1,-1
99926009,2026-05-18 12:55:29+05:30,53326.0,0,0.0,0,0.0,0.0,53282.15,53333.0,52783.45,53710.35,0,0.0,0.0,0.0,0.0,-0.01,-1,-1,-0.01,-1,-1,-0.01,-1,-1,-0.01,-1,-1,-0.01,-1,-1,-0.01,-1,-1,-0.01,-1,-1,-0.01,-1,-1,-0.01,-1,-1,-0.01,-1,-1
99926009,2026-05-18 12:55:29+05:30,53326.5,0,0.0,0,0.0,0.0,53282.15,53333.0,52783.45,53710.35,0,0.0,0.0,0.0,0.0,-0.01,-1,-1,-0.01,-1,-1,-0.01,-1,-1,-0.01,-1,-1,-0.01,-1,-1,-0.01,-1,-1,-0.01,-1,-1,-0.01,-1,-1,-0.01,-1,-1,-0.01,-1,-1
99926009,2026-05-18 12:55:30+05:30,53325.25,0,0.0,0,0.0,0.0,53282.15,53333.0,52783.45,53710.35,0,0.0,0.0,0.0,0.0,-0.01,-1,-1,-0.01,-1,-1,-0.01,-1,-1,-0.01,-1,-1,-0.01,-1,-1,-0.01,-1,-1,-0.01,-1,-1,-0.01,-1,-1,-0.01,-1,-1,-0.01,-1,-1
99926009,2026-05-18 12:55:30+05:30,53329.7,0,0.0,0,0.0,0.0,53282.15,53333.0,52783.45,53710.35,0,0.0,0.0,0.0,0.0,-0.01,-1,-1,-0.01,-1,-1,-0.01,-1,-1,-0.01,-1,-1,-0.01,-1,-1,-0.01,-1,-1,-0.01,-1,-1,-0.01,-1,-1,-0.01,-1,-1,-0.01,-1,-1
99926009,2026-05-18 12:55:31+05:30,53329.0,0,0.0,0,0.0,0.0,53282.15,53333.0,52783.45,53710.35,0,0.0,0.0,0.0,0.0,-0.01,-1,-1,-0.01,-1,-1,-0.01,-1,-1,-0.01,-1,-1,-0.01,-1,-1,-0.01,-1,-1,-0.01,-1,-1,-0.01,-1,-1,-0.01,-1,-1,-0.01,-1,-1
99926009,2026-05-18 12:55:31+05:30,53328.6,0,0.0,0,0.0,0.0,53282.15,53333.0,52783.45,53710.35,0,0.0,0.0,0.0,0.0,-0.01,-1,-1,-0.01,-1,-1,-0.01,-1,-1,-0.01,-1,-1,-0.01,-1,-1,-0.01,-1,-1,-0.01,-1,-1,-0.01,-1,-1,-0.01,-1,-1,-0.01,-1,-1
99926009,2026-05-18 12:55:32+05:30,53329.9,0,0.0,0,0.0,0.0,53282.15,53333.0,52783.45,53710.35,0,0.0,0.0,0.0,0.0,-0.01,-1,-1,-0.01,-1,-1,-0.01,-1,-1,-0.01,-1,-1,-0.01,-1,-1,-0.01,-1,-1,-0.01,-1,-1,-0.01,-1,-1,-0.01,-1,-1,-0.01,-1,-1
99926009,2026-05-18 12:55:32+05:30,53329.5,0,0.0,0,0.0,0.0,53282.15,53333.0,52783.45,53710.35,0,0.0,0.0,0.0,0.0,-0.01,-1,-1,-0.01,-1,-1,-0.01,-1,-1,-0.01,-1,-1,-0.01,-1,-1,-0.01,-1,-1,-0.01,-1,-1,-0.01,-1,-1,-0.01,-1,-1,-0.01,-1,-1
99926009,2026-05-18 12:55:33+05:30,53329.4,0,0.0,0,0.0,0.0,53282.15,53333.0,52783.45,53710.35,0,0.0,0.0,0.0,0.0,-0.01,-1,-1,-0.01,-1,-1,-0.01,-1,-1,-0.01,-1,-1,-0.01,-1,-1,-0.01,-1,-1,-0.01,-1,-1,-0.01,-1,-1,-0.01,-1,-1,-0.01,-1,-1
99926009,2026-05-18 12:55:33+05:30,53330.2,0,0.0,0,0.0,0.0,53282.15,53333.0,52783.45,53710.35,0,0.0,0.0,0.0,0.0,-0.01,-1,-1,-0.01,-1,-1,-0.01,-1,-1,-0.01,-1,-1,-0.01,-1,-1,-0.01,-1,-1,-0.01,-1,-1,-0.01,-1,-1,-0.01,-1,-1,-0.01,-1,-1
99926009,2026-05-18 12:55:34+05:30,53328.4,0,0.0,0,0.0,0.0,53282.15,53333.0,52783.45,53710.35,0,0.0,0.0,0.0,0.0,-0.01,-1,-1,-0.01,-1,-1,-0.01,-1,-1,-0.01,-1,-1,-0.01,-1,-1,-0.01,-1,-1,-0.01,-1,-1,-0.01,-1,-1,-0.01,-1,-1,-0.01,-1,-1
99926009,2026-05-18 12:55:34+05:30,53333.2,0,0.0,0,0.0,0.0,53282.15,53333.8,52783.45,53710.35,0,0.0,0.0,0.0,0.0,-0.01,-1,-1,-0.01,-1,-1,-0.01,-1,-1,-0.01,-1,-1,-0.01,-1,-1,-0.01,-1,-1,-0.01,-1,-1,-0.01,-1,-1,-0.01,-1,-1,-0.01,-1,-1
99926009,2026-05-18 12:55:35+05:30,53332.5,0,0.0,0,0.0,0.0,53282.15,53333.8,52783.45,53710.35,0,0.0,0.0,0.0,0.0,-0.01,-1,-1,-0.01,-1,-1,-0.01,-1,-1,-0.01,-1,-1,-0.01,-1,-1,-0.01,-1,-1,-0.01,-1,-1,-0.01,-1,-1,-0.01,-1,-1,-0.01,-1,-1
99926009,2026-05-18 12:55:35+05:30,53334.65,0,0.0,0,0.0,0.0,53282.15,53335.65,52783.45,53710.35,0,0.0,0.0,0.0,0.0,-0.01,-1,-1,-0.01,-1,-1,-0.01,-1,-1,-0.01,-1,-1,-0.01,-1,-1,-0.01,-1,-1,-0.01,-1,-1,-0.01,-1,-1,-0.01,-1,-1,-0.01,-1,-1
99926009,2026-05-18 12:55:36+05:30,53340.6,0,0.0,0,0.0,0.0,53282.15,53341.05,52783.45,53710.35,0,0.0,0.0,0.0,0.0,-0.01,-1,-1,-0.01,-1,-1,-0.01,-1,-1,-0.01,-1,-1,-0.01,-1,-1,-0.01,-1,-1,-0.01,-1,-1,-0.01,-1,-1,-0.01,-1,-1,-0.01,-1,-1
99926009,2026-05-18 12:55:36+05:30,53345.7,0,0.0,0,0.0,0.0,53282.15,53345.7,52783.45,53710.35,0,0.0,0.0,0.0,0.0,-0.01,-1,-1,-0.01,-1,-1,-0.01,-1,-1,-0.01,-1,-1,-0.01,-1,-1,-0.01,-1,-1,-0.01,-1,-1,-0.01,-1,-1,-0.01,-1,-1,-0.01,-1,-1
99926009,2026-05-18 12:55:37+05:30,53349.75,0,0.0,0,0.0,0.0,53282.15,53349.75,52783.45,53710.35,0,0.0,0.0,0.0,0.0,-0.01,-1,-1,-0.01,-1,-1,-0.01,-1,-1,-0.01,-1,-1,-0.01,-1,-1,-0.01,-1,-1,-0.01,-1,-1,-0.01,-1,-1,-0.01,-1,-1,-0.01,-1,-1
99926009,2026-05-18 12:55:37+05:30,53353.95,0,0.0,0,0.0,0.0,53282.15,53354.8,52783.45,53710.35,0,0.0,0.0,0.0,0.0,-0.01,-1,-1,-0.01,-1,-1,-0.01,-1,-1,-0.01,-1,-1,-0.01,-1,-1,-0.01,-1,-1,-0.01,-1,-1,-0.01,-1,-1,-0.01,-1,-1,-0.01,-1,-1
99926009,2026-05-18 12:55:38+05:30,53352.0,0,0.0,0,0.0,0.0,53282.15,53355.25,52783.45,53710.35,0,0.0,0.0,0.0,0.0,-0.01,-1,-1,-0.01,-1,-1,-0.01,-1,-1,-0.01,-1,-1,-0.01,-1,-1,-0.01,-1,-1,-0.01,-1,-1,-0.01,-1,-1,-0.01,-1,-1,-0.01,-1,-1
99926009,2026-05-18 12:55:38+05:30,53351.8,0,0.0,0,0.0,0.0,53282.15,53356.2,52783.45,53710.35,0,0.0,0.0,0.0,0.0,-0.01,-1,-1,-0.01,-1,-1,-0.01,-1,-1,-0.01,-1,-1,-0.01,-1,-1,-0.01,-1,-1,-0.01,-1,-1,-0.01,-1,-1,-0.01,-1,-1,-0.01,-1,-1
99926009,2026-05-18 12:55:39+05:30,53349.55,0,0.0,0,0.0,0.0,53282.15,53356.2,52783.45,53710.35,0,0.0,0.0,0.0,0.0,-0.01,-1,-1,-0.01,-1,-1,-0.01,-1,-1,-0.01,-1,-1,-0.01,-1,-1,-0.01,-1,-1,-0.01,-1,-1,-0.01,-1,-1,-0.01,-1,-1,-0.01,-1,-1
99926009,2026-05-18 12:55:39+05:30,53352.15,0,0.0,0,0.0,0.0,53282.15,53356.3,52783.45,53710.35,0,0.0,0.0,0.0,0.0,-0.01,-1,-1,-0.01,-1,-1,-0.01,-1,-1,-0.01,-1,-1,-0.01,-1,-1,-0.01,-1,-1,-0.01,-1,-1,-0.01,-1,-1,-0.01,-1,-1,-0.01,-1,-1
99926009,2026-05-18 12:55:40+05:30,53351.35,0,0.0,0,0.0,0.0,53282.15,53356.3,52783.45,53710.35,0,0.0,0.0,0.0,0.0,-0.01,-1,-1,-0.01,-1,-1,-0.01,-1,-1,-0.01,-1,-1,-0.01,-1,-1,-0.01,-1,-1,-0.01,-1,-1,-0.01,-1,-1,-0.01,-1,-1,-0.01,-1,-1
99926009,2026-05-18 12:55:40+05:30,53354.7,0,0.0,0,0.0,0.0,53282.15,53356.3,52783.45,53710.35,0,0.0,0.0,0.0,0.0,-0.01,-1,-1,-0.01,-1,-1,-0.01,-1,-1,-0.01,-1,-1,-0.01,-1,-1,-0.01,-1,-1,-0.01,-1,-1,-0.01,-1,-1,-0.01,-1,-1,-0.01,-1,-1
99926009,2026-05-18 12:55:41+05:30,53351.15,0,0.0,0,0.0,0.0,53282.15,53356.3,52783.45,53710.35,0,0.0,0.0,0.0,0.0,-0.01,-1,-1,-0.01,-1,-1,-0.01,-1,-1,-0.01,-1,-1,-0.01,-1,-1,-0.01,-1,-1,-0.01,-1,-1,-0.01,-1,-1,-0.01,-1,-1,-0.01,-1,-1
99926009,2026-05-18 12:55:41+05:30,53351.55,0,0.0,0,0.0,0.0,53282.15,53356.3,52783.45,53710.35,0,0.0,0.0,0.0,0.0,-0.01,-1,-1,-0.01,-1,-1,-0.01,-1,-1,-0.01,-1,-1,-0.01,-1,-1,-0.01,-1,-1,-0.01,-1,-1,-0.01,-1,-1,-0.01,-1,-1,-0.01,-1,-1
99926009,2026-05-18 12:55:42+05:30,53350.75,0,0.0,0,0.0,0.0,53282.15,53356.3,52783.45,53710.35,0,0.0,0.0,0.0,0.0,-0.01,-1,-1,-0.01,-1,-1,-0.01,-1,-1,-0.01,-1,-1,-0.01,-1,-1,-0.01,-1,-1,-0.01,-1,-1,-0.01,-1,-1,-0.01,-1,-1,-0.01,-1,-1
99926009,2026-05-18 12:55:42+05:30,53348.7,0,0.0,0,0.0,0.0,53282.15,53356.3,52783.45,53710.35,0,0.0,0.0,0.0,0.0,-0.01,-1,-1,-0.01,-1,-1,-0.01,-1,-1,-0.01,-1,-1,-0.01,-1,-1,-0.01,-1,-1,-0.01,-1,-1,-0.01,-1,-1,-0.01,-1,-1,-0.01,-1,-1
99926009,2026-05-18 12:55:43+05:30,53348.65,0,0.0,0,0.0,0.0,53282.15,53356.3,52783.45,53710.35,0,0.0,0.0,0.0,0.0,-0.01,-1,-1,-0.01,-1,-1,-0.01,-1,-1,-0.01,-1,-1,-0.01,-1,-1,-0.01,-1,-1,-0.01,-1,-1,-0.01,-1,-1,-0.01,-1,-1,-0.01,-1,-1
99926009,2026-05-18 12:55:43+05:30,53348.5,0,0.0,0,0.0,0.0,53282.15,53356.3,52783.45,53710.35,0,0.0,0.0,0.0,0.0,-0.01,-1,-1,-0.01,-1,-1,-0.01,-1,-1,-0.01,-1,-1,-0.01,-1,-1,-0.01,-1,-1,-0.01,-1,-1,-0.01,-1,-1,-0.01,-1,-1,-0.01,-1,-1
99926009,2026-05-18 12:55:44+05:30,53349.65,0,0.0,0,0.0,0.0,53282.15,53356.3,52783.45,53710.35,0,0.0,0.0,0.0,0.0,-0.01,-1,-1,-0.01,-1,-1,-0.01,-1,-1,-0.01,-1,-1,-0.01,-1,-1,-0.01,-1,-1,-0.01,-1,-1,-0.01,-1,-1,-0.01,-1,-1,-0.01,-1,-1
99926009,2026-05-18 12:55:44+05:30,53350.75,0,0.0,0,0.0,0.0,53282.15,53356.3,52783.45,53710.35,0,0.0,0.0,0.0,0.0,-0.01,-1,-1,-0.01,-1,-1,-0.01,-1,-1,-0.01,-1,-1,-0.01,-1,-1,-0.01,-1,-1,-0.01,-1,-1,-0.01,-1,-1,-0.01,-1,-1,-0.01,-1,-1
99926009,2026-05-18 12:55:45+05:30,53347.4,0,0.0,0,0.0,0.0,53282.15,53356.3,52783.45,53710.35,0,0.0,0.0,0.0,0.0,-0.01,-1,-1,-0.01,-1,-1,-0.01,-1,-1,-0.01,-1,-1,-0.01,-1,-1,-0.01,-1,-1,-0.01,-1,-1,-0.01,-1,-1,-0.01,-1,-1,-0.01,-1,-1
99926009,2026-05-18 12:55:45+05:30,53351.9,0,0.0,0,0.0,0.0,53282.15,53356.3,52783.45,53710.35,0,0.0,0.0,0.0,0.0,-0.01,-1,-1,-0.01,-1,-1,-0.01,-1,-1,-0.01,-1,-1,-0.01,-1,-1,-0.01,-1,-1,-0.01,-1,-1,-0.01,-1,-1,-0.01,-1,-1,-0.01,-1,-1
99926009,2026-05-18 12:55:46+05:30,53348.0,0,0.0,0,0.0,0.0,53282.15,53356.3,52783.45,53710.35,0,0.0,0.0,0.0,0.0,-0.01,-1,-1,-0.01,-1,-1,-0.01,-1,-1,-0.01,-1,-1,-0.01,-1,-1,-0.01,-1,-1,-0.01,-1,-1,-0.01,-1,-1,-0.01,-1,-1,-0.01,-1,-1
99926009,2026-05-18 12:55:46+05:30,53352.85,0,0.0,0,0.0,0.0,53282.15,53356.3,52783.45,53710.35,0,0.0,0.0,0.0,0.0,-0.01,-1,-1,-0.01,-1,-1,-0.01,-1,-1,-0.01,-1,-1,-0.01,-1,-1,-0.01,-1,-1,-0.01,-1,-1,-0.01,-1,-1,-0.01,-1,-1,-0.01,-1,-1
99926009,2026-05-18 12:55:47+05:30,53353.0,0,0.0,0,0.0,0.0,53282.15,53356.3,52783.45,53710.35,0,0.0,0.0,0.0,0.0,-0.01,-1,-1,-0.01,-1,-1,-0.01,-1,-1,-0.01,-1,-1,-0.01,-1,-1,-0.01,-1,-1,-0.01,-1,-1,-0.01,-1,-1,-0.01,-1,-1,-0.01,-1,-1
99926009,2026-05-18 12:55:47+05:30,53352.9,0,0.0,0,0.0,0.0,53282.15,53356.3,52783.45,53710.35,0,0.0,0.0,0.0,0.0,-0.01,-1,-1,-0.01,-1,-1,-0.01,-1,-1,-0.01,-1,-1,-0.01,-1,-1,-0.01,-1,-1,-0.01,-1,-1,-0.01,-1,-1,-0.01,-1,-1,-0.01,-1,-1
99926009,2026-05-18 12:55:48+05:30,53353.95,0,0.0,0,0.0,0.0,53282.15,53356.3,52783.45,53710.35,0,0.0,0.0,0.0,0.0,-0.01,-1,-1,-0.01,-1,-1,-0.01,-1,-1,-0.01,-1,-1,-0.01,-1,-1,-0.01,-1,-1,-0.01,-1,-1,-0.01,-1,-1,-0.01,-1,-1,-0.01,-1,-1
99926009,2026-05-18 12:55:48+05:30,53348.5,0,0.0,0,0.0,0.0,53282.15,53356.3,52783.45,53710.35,0,0.0,0.0,0.0,0.0,-0.01,-1,-1,-0.01,-1,-1,-0.01,-1,-1,-0.01,-1,-1,-0.01,-1,-1,-0.01,-1,-1,-0.01,-1,-1,-0.01,-1,-1,-0.01,-1,-1,-0.01,-1,-1
99926009,2026-05-18 12:55:49+05:30,53351.05,0,0.0,0,0.0,0.0,53282.15,53356.3,52783.45,53710.35,0,0.0,0.0,0.0,0.0,-0.01,-1,-1,-0.01,-1,-1,-0.01,-1,-1,-0.01,-1,-1,-0.01,-1,-1,-0.01,-1,-1,-0.01,-1,-1,-0.01,-1,-1,-0.01,-1,-1,-0.01,-1,-1
99926009,2026-05-18 12:55:49+05:30,53351.85,0,0.0,0,0.0,0.0,53282.15,53356.3,52783.45,53710.35,0,0.0,0.0,0.0,0.0,-0.01,-1,-1,-0.01,-1,-1,-0.01,-1,-1,-0.01,-1,-1,-0.01,-1,-1,-0.01,-1,-1,-0.01,-1,-1,-0.01,-1,-1,-0.01,-1,-1,-0.01,-1,-1
99926009,2026-05-18 12:55:50+05:30,53351.3,0,0.0,0,0.0,0.0,53282.15,53356.3,52783.45,53710.35,0,0.0,0.0,0.0,0.0,-0.01,-1,-1,-0.01,-1,-1,-0.01,-1,-1,-0.01,-1,-1,-0.01,-1,-1,-0.01,-1,-1,-0.01,-1,-1,-0.01,-1,-1,-0.01,-1,-1,-0.01,-1,-1
99926009,2026-05-18 12:55:50+05:30,53352.35,0,0.0,0,0.0,0.0,53282.15,53356.3,52783.45,53710.35,0,0.0,0.0,0.0,0.0,-0.01,-1,-1,-0.01,-1,-1,-0.01,-1,-1,-0.01,-1,-1,-0.01,-1,-1,-0.01,-1,-1,-0.01,-1,-1,-0.01,-1,-1,-0.01,-1,-1,-0.01,-1,-1
99926009,2026-05-18 12:55:51+05:30,53349.85,0,0.0,0,0.0,0.0,53282.15,53356.3,52783.45,53710.35,0,0.0,0.0,0.0,0.0,-0.01,-1,-1,-0.01,-1,-1,-0.01,-1,-1,-0.01,-1,-1,-0.01,-1,-1,-0.01,-1,-1,-0.01,-1,-1,-0.01,-1,-1,-0.01,-1,-1,-0.01,-1,-1
99926009,2026-05-18 12:55:51+05:30,53352.45,0,0.0,0,0.0,0.0,53282.15,53356.3,52783.45,53710.35,0,0.0,0.0,0.0,0.0,-0.01,-1,-1,-0.01,-1,-1,-0.01,-1,-1,-0.01,-1,-1,-0.01,-1,-1,-0.01,-1,-1,-0.01,-1,-1,-0.01,-1,-1,-0.01,-1,-1,-0.01,-1,-1
99926009,2026-05-18 12:55:52+05:30,53355.75,0,0.0,0,0.0,0.0,53282.15,53356.3,52783.45,53710.35,0,0.0,0.0,0.0,0.0,-0.01,-1,-1,-0.01,-1,-1,-0.01,-1,-1,-0.01,-1,-1,-0.01,-1,-1,-0.01,-1,-1,-0.01,-1,-1,-0.01,-1,-1,-0.01,-1,-1,-0.01,-1,-1
99926009,2026-05-18 12:55:52+05:30,53353.4,0,0.0,0,0.0,0.0,53282.15,53356.7,52783.45,53710.35,0,0.0,0.0,0.0,0.0,-0.01,-1,-1,-0.01,-1,-1,-0.01,-1,-1,-0.01,-1,-1,-0.01,-1,-1,-0.01,-1,-1,-0.01,-1,-1,-0.01,-1,-1,-0.01,-1,-1,-0.01,-1,-1
99926009,2026-05-18 12:55:53+05:30,53352.35,0,0.0,0,0.0,0.0,53282.15,53356.7,52783.45,53710.35,0,0.0,0.0,0.0,0.0,-0.01,-1,-1,-0.01,-1,-1,-0.01,-1,-1,-0.01,-1,-1,-0.01,-1,-1,-0.01,-1,-1,-0.01,-1,-1,-0.01,-1,-1,-0.01,-1,-1,-0.01,-1,-1
99926009,2026-05-18 12:55:53+05:30,53349.65,0,0.0,0,0.0,0.0,53282.15,53356.7,52783.45,53710.35,0,0.0,0.0,0.0,0.0,-0.01,-1,-1,-0.01,-1,-1,-0.01,-1,-1,-0.01,-1,-1,-0.01,-1,-1,-0.01,-1,-1,-0.01,-1,-1,-0.01,-1,-1,-0.01,-1,-1,-0.01,-1,-1
99926009,2026-05-18 12:55:54+05:30,53350.35,0,0.0,0,0.0,0.0,53282.15,53356.7,52783.45,53710.35,0,0.0,0.0,0.0,0.0,-0.01,-1,-1,-0.01,-1,-1,-0.01,-1,-1,-0.01,-1,-1,-0.01,-1,-1,-0.01,-1,-1,-0.01,-1,-1,-0.01,-1,-1,-0.01,-1,-1,-0.01,-1,-1
99926009,2026-05-18 12:55:54+05:30,53347.5,0,0.0,0,0.0,0.0,53282.15,53356.7,52783.45,53710.35,0,0.0,0.0,0.0,0.0,-0.01,-1,-1,-0.01,-1,-1,-0.01,-1,-1,-0.01,-1,-1,-0.01,-1,-1,-0.01,-1,-1,-0.01,-1,-1,-0.01,-1,-1,-0.01,-1,-1,-0.01,-1,-1
99926009,2026-05-18 12:55:55+05:30,53350.55,0,0.0,0,0.0,0.0,53282.15,53356.7,52783.45,53710.35,0,0.0,0.0,0.0,0.0,-0.01,-1,-1,-0.01,-1,-1,-0.01,-1,-1,-0.01,-1,-1,-0.01,-1,-1,-0.01,-1,-1,-0.01,-1,-1,-0.01,-1,-1,-0.01,-1,-1,-0.01,-1,-1
99926009,2026-05-18 12:55:55+05:30,53350.1,0,0.0,0,0.0,0.0,53282.15,53356.7,52783.45,53710.35,0,0.0,0.0,0.0,0.0,-0.01,-1,-1,-0.01,-1,-1,-0.01,-1,-1,-0.01,-1,-1,-0.01,-1,-1,-0.01,-1,-1,-0.01,-1,-1,-0.01,-1,-1,-0.01,-1,-1,-0.01,-1,-1
99926009,2026-05-18 12:55:56+05:30,53350.5,0,0.0,0,0.0,0.0,53282.15,53356.7,52783.45,53710.35,0,0.0,0.0,0.0,0.0,-0.01,-1,-1,-0.01,-1,-1,-0.01,-1,-1,-0.01,-1,-1,-0.01,-1,-1,-0.01,-1,-1,-0.01,-1,-1,-0.01,-1,-1,-0.01,-1,-1,-0.01,-1,-1
99926009,2026-05-18 12:55:56+05:30,53350.6,0,0.0,0,0.0,0.0,53282.15,53356.7,52783.45,53710.35,0,0.0,0.0,0.0,0.0,-0.01,-1,-1,-0.01,-1,-1,-0.01,-1,-1,-0.01,-1,-1,-0.01,-1,-1,-0.01,-1,-1,-0.01,-1,-1,-0.01,-1,-1,-0.01,-1,-1,-0.01,-1,-1
99926009,2026-05-18 12:55:57+05:30,53346.4,0,0.0,0,0.0,0.0,53282.15,53356.7,52783.45,53710.35,0,0.0,0.0,0.0,0.0,-0.01,-1,-1,-0.01,-1,-1,-0.01,-1,-1,-0.01,-1,-1,-0.01,-1,-1,-0.01,-1,-1,-0.01,-1,-1,-0.01,-1,-1,-0.01,-1,-1,-0.01,-1,-1
99926009,2026-05-18 12:55:57+05:30,53349.85,0,0.0,0,0.0,0.0,53282.15,53356.7,52783.45,53710.35,0,0.0,0.0,0.0,0.0,-0.01,-1,-1,-0.01,-1,-1,-0.01,-1,-1,-0.01,-1,-1,-0.01,-1,-1,-0.01,-1,-1,-0.01,-1,-1,-0.01,-1,-1,-0.01,-1,-1,-0.01,-1,-1
99926009,2026-05-18 12:55:58+05:30,53349.6,0,0.0,0,0.0,0.0,53282.15,53356.7,52783.45,53710.35,0,0.0,0.0,0.0,0.0,-0.01,-1,-1,-0.01,-1,-1,-0.01,-1,-1,-0.01,-1,-1,-0.01,-1,-1,-0.01,-1,-1,-0.01,-1,-1,-0.01,-1,-1,-0.01,-1,-1,-0.01,-1,-1
99926009,2026-05-18 12:55:58+05:30,53353.3,0,0.0,0,0.0,0.0,53282.15,53356.7,52783.45,53710.35,0,0.0,0.0,0.0,0.0,-0.01,-1,-1,-0.01,-1,-1,-0.01,-1,-1,-0.01,-1,-1,-0.01,-1,-1,-0.01,-1,-1,-0.01,-1,-1,-0.01,-1,-1,-0.01,-1,-1,-0.01,-1,-1
99926009,2026-05-18 12:55:59+05:30,53352.65,0,0.0,0,0.0,0.0,53282.15,53356.7,52783.45,53710.35,0,0.0,0.0,0.0,0.0,-0.01,-1,-1,-0.01,-1,-1,-0.01,-1,-1,-0.01,-1,-1,-0.01,-1,-1,-0.01,-1,-1,-0.01,-1,-1,-0.01,-1,-1,-0.01,-1,-1,-0.01,-1,-1
99926009,2026-05-18 12:55:59+05:30,53353.85,0,0.0,0,0.0,0.0,53282.15,53357.05,52783.45,53710.35,0,0.0,0.0,0.0,0.0,-0.01,-1,-1,-0.01,-1,-1,-0.01,-1,-1,-0.01,-1,-1,-0.01,-1,-1,-0.01,-1,-1,-0.01,-1,-1,-0.01,-1,-1,-0.01,-1,-1,-0.01,-1,-1
99926009,2026-05-18 12:56:00+05:30,53353.8,0,0.0,0,0.0,0.0,53282.15,53357.05,52783.45,53710.35,0,0.0,0.0,0.0,0.0,-0.01,-1,-1,-0.01,-1,-1,-0.01,-1,-1,-0.01,-1,-1,-0.01,-1,-1,-0.01,-1,-1,-0.01,-1,-1,-0.01,-1,-1,-0.01,-1,-1,-0.01,-1,-1
99926009,2026-05-18 12:56:00+05:30,53355.1,0,0.0,0,0.0,0.0,53282.15,53357.5,52783.45,53710.35,0,0.0,0.0,0.0,0.0,-0.01,-1,-1,-0.01,-1,-1,-0.01,-1,-1,-0.01,-1,-1,-0.01,-1,-1,-0.01,-1,-1,-0.01,-1,-1,-0.01,-1,-1,-0.01,-1,-1,-0.01,-1,-1
99926009,2026-05-18 12:56:01+05:30,53373.5,0,0.0,0,0.0,0.0,53282.15,53373.5,52783.45,53710.35,0,0.0,0.0,0.0,0.0,-0.01,-1,-1,-0.01,-1,-1,-0.01,-1,-1,-0.01,-1,-1,-0.01,-1,-1,-0.01,-1,-1,-0.01,-1,-1,-0.01,-1,-1,-0.01,-1,-1,-0.01,-1,-1
99926009,2026-05-18 12:56:01+05:30,53385.55,0,0.0,0,0.0,0.0,53282.15,53385.55,52783.45,53710.35,0,0.0,0.0,0.0,0.0,-0.01,-1,-1,-0.01,-1,-1,-0.01,-1,-1,-0.01,-1,-1,-0.01,-1,-1,-0.01,-1,-1,-0.01,-1,-1,-0.01,-1,-1,-0.01,-1,-1,-0.01,-1,-1
99926009,2026-05-18 12:56:02+05:30,53411.85,0,0.0,0,0.0,0.0,53282.15,53411.85,52783.45,53710.35,0,0.0,0.0,0.0,0.0,-0.01,-1,-1,-0.01,-1,-1,-0.01,-1,-1,-0.01,-1,-1,-0.01,-1,-1,-0.01,-1,-1,-0.01,-1,-1,-0.01,-1,-1,-0.01,-1,-1,-0.01,-1,-1
99926009,2026-05-18 12:56:02+05:30,53416.55,0,0.0,0,0.0,0.0,53282.15,53417.55,52783.45,53710.35,0,0.0,0.0,0.0,0.0,-0.01,-1,-1,-0.01,-1,-1,-0.01,-1,-1,-0.01,-1,-1,-0.01,-1,-1,-0.01,-1,-1,-0.01,-1,-1,-0.01,-1,-1,-0.01,-1,-1,-0.01,-1,-1
99926009,2026-05-18 12:56:03+05:30,53416.95,0,0.0,0,0.0,0.0,53282.15,53418.05,52783.45,53710.35,0,0.0,0.0,0.0,0.0,-0.01,-1,-1,-0.01,-1,-1,-0.01,-1,-1,-0.01,-1,-1,-0.01,-1,-1,-0.01,-1,-1,-0.01,-1,-1,-0.01,-1,-1,-0.01,-1,-1,-0.01,-1,-1
99926009,2026-05-18 12:56:03+05:30,53421.9,0,0.0,0,0.0,0.0,53282.15,53421.9,52783.45,53710.35,0,0.0,0.0,0.0,0.0,-0.01,-1,-1,-0.01,-1,-1,-0.01,-1,-1,-0.01,-1,-1,-0.01,-1,-1,-0.01,-1,-1,-0.01,-1,-1,-0.01,-1,-1,-0.01,-1,-1,-0.01,-1,-1
99926009,2026-05-18 12:56:04+05:30,53418.9,0,0.0,0,0.0,0.0,53282.15,53423.65,52783.45,53710.35,0,0.0,0.0,0.0,0.0,-0.01,-1,-1,-0.01,-1,-1,-0.01,-1,-1,-0.01,-1,-1,-0.01,-1,-1,-0.01,-1,-1,-0.01,-1,-1,-0.01,-1,-1,-0.01,-1,-1,-0.01,-1,-1
99926009,2026-05-18 12:56:04+05:30,53422.5,0,0.0,0,0.0,0.0,53282.15,53423.7,52783.45,53710.35,0,0.0,0.0,0.0,0.0,-0.01,-1,-1,-0.01,-1,-1,-0.01,-1,-1,-0.01,-1,-1,-0.01,-1,-1,-0.01,-1,-1,-0.01,-1,-1,-0.01,-1,-1,-0.01,-1,-1,-0.01,-1,-1
99926009,2026-05-18 12:56:05+05:30,53427.5,0,0.0,0,0.0,0.0,53282.15,53427.5,52783.45,53710.35,0,0.0,0.0,0.0,0.0,-0.01,-1,-1,-0.01,-1,-1,-0.01,-1,-1,-0.01,-1,-1,-0.01,-1,-1,-0.01,-1,-1,-0.01,-1,-1,-0.01,-1,-1,-0.01,-1,-1,-0.01,-1,-1
99926009,2026-05-18 12:56:05+05:30,53427.95,0,0.0,0,0.0,0.0,53282.15,53428.8,52783.45,53710.35,0,0.0,0.0,0.0,0.0,-0.01,-1,-1,-0.01,-1,-1,-0.01,-1,-1,-0.01,-1,-1,-0.01,-1,-1,-0.01,-1,-1,-0.01,-1,-1,-0.01,-1,-1,-0.01,-1,-1,-0.01,-1,-1
99926009,2026-05-18 12:56:06+05:30,53423.7,0,0.0,0,0.0,0.0,53282.15,53429.3,52783.45,53710.35,0,0.0,0.0,0.0,0.0,-0.01,-1,-1,-0.01,-1,-1,-0.01,-1,-1,-0.01,-1,-1,-0.01,-1,-1,-0.01,-1,-1,-0.01,-1,-1,-0.01,-1,-1,-0.01,-1,-1,-0.01,-1,-1
99926009,2026-05-18 12:56:06+05:30,53426.0,0,0.0,0,0.0,0.0,53282.15,53429.3,52783.45,53710.35,0,0.0,0.0,0.0,0.0,-0.01,-1,-1,-0.01,-1,-1,-0.01,-1,-1,-0.01,-1,-1,-0.01,-1,-1,-0.01,-1,-1,-0.01,-1,-1,-0.01,-1,-1,-0.01,-1,-1,-0.01,-1,-1
99926009,2026-05-18 12:56:07+05:30,53424.75,0,0.0,0,0.0,0.0,53282.15,53429.3,52783.45,53710.35,0,0.0,0.0,0.0,0.0,-0.01,-1,-1,-0.01,-1,-1,-0.01,-1,-1,-0.01,-1,-1,-0.01,-1,-1,-0.01,-1,-1,-0.01,-1,-1,-0.01,-1,-1,-0.01,-1,-1,-0.01,-1,-1
99926009,2026-05-18 12:56:07+05:30,53421.1,0,0.0,0,0.0,0.0,53282.15,53429.3,52783.45,53710.35,0,0.0,0.0,0.0,0.0,-0.01,-1,-1,-0.01,-1,-1,-0.01,-1,-1,-0.01,-1,-1,-0.01,-1,-1,-0.01,-1,-1,-0.01,-1,-1,-0.01,-1,-1,-0.01,-1,-1,-0.01,-1,-1
99926009,2026-05-18 12:56:08+05:30,53426.1,0,0.0,0,0.0,0.0,53282.15,53429.3,52783.45,53710.35,0,0.0,0.0,0.0,0.0,-0.01,-1,-1,-0.01,-1,-1,-0.01,-1,-1,-0.01,-1,-1,-0.01,-1,-1,-0.01,-1,-1,-0.01,-1,-1,-0.01,-1,-1,-0.01,-1,-1,-0.01,-1,-1
99926009,2026-05-18 12:56:08+05:30,53432.7,0,0.0,0,0.0,0.0,53282.15,53433.25,52783.45,53710.35,0,0.0,0.0,0.0,0.0,-0.01,-1,-1,-0.01,-1,-1,-0.01,-1,-1,-0.01,-1,-1,-0.01,-1,-1,-0.01,-1,-1,-0.01,-1,-1,-0.01,-1,-1,-0.01,-1,-1,-0.01,-1,-1
99926009,2026-05-18 12:56:09+05:30,53430.85,0,0.0,0,0.0,0.0,53282.15,53433.25,52783.45,53710.35,0,0.0,0.0,0.0,0.0,-0.01,-1,-1,-0.01,-1,-1,-0.01,-1,-1,-0.01,-1,-1,-0.01,-1,-1,-0.01,-1,-1,-0.01,-1,-1,-0.01,-1,-1,-0.01,-1,-1,-0.01,-1,-1
99926009,2026-05-18 12:56:09+05:30,53430.05,0,0.0,0,0.0,0.0,53282.15,53433.25,52783.45,53710.35,0,0.0,0.0,0.0,0.0,-0.01,-1,-1,-0.01,-1,-1,-0.01,-1,-1,-0.01,-1,-1,-0.01,-1,-1,-0.01,-1,-1,-0.01,-1,-1,-0.01,-1,-1,-0.01,-1,-1,-0.01,-1,-1
99926009,2026-05-18 12:56:10+05:30,53430.05,0,0.0,0,0.0,0.0,53282.15,53433.25,52783.45,53710.35,0,0.0,0.0,0.0,0.0,-0.01,-1,-1,-0.01,-1,-1,-0.01,-1,-1,-0.01,-1,-1,-0.01,-1,-1,-0.01,-1,-1,-0.01,-1,-1,-0.01,-1,-1,-0.01,-1,-1,-0.01,-1,-1
99926009,2026-05-18 12:56:10+05:30,53434.15,0,0.0,0,0.0,0.0,53282.15,53435.35,52783.45,53710.35,0,0.0,0.0,0.0,0.0,-0.01,-1,-1,-0.01,-1,-1,-0.01,-1,-1,-0.01,-1,-1,-0.01,-1,-1,-0.01,-1,-1,-0.01,-1,-1,-0.01,-1,-1,-0.01,-1,-1,-0.01,-1,-1
99926009,2026-05-18 12:56:11+05:30,53430.6,0,0.0,0,0.0,0.0,53282.15,53435.35,52783.45,53710.35,0,0.0,0.0,0.0,0.0,-0.01,-1,-1,-0.01,-1,-1,-0.01,-1,-1,-0.01,-1,-1,-0.01,-1,-1,-0.01,-1,-1,-0.01,-1,-1,-0.01,-1,-1,-0.01,-1,-1,-0.01,-1,-1
99926009,2026-05-18 12:56:11+05:30,53431.4,0,0.0,0,0.0,0.0,53282.15,53435.35,52783.45,53710.35,0,0.0,0.0,0.0,0.0,-0.01,-1,-1,-0.01,-1,-1,-0.01,-1,-1,-0.01,-1,-1,-0.01,-1,-1,-0.01,-1,-1,-0.01,-1,-1,-0.01,-1,-1,-0.01,-1,-1,-0.01,-1,-1
99926009,2026-05-18 12:56:12+05:30,53428.55,0,0.0,0,0.0,0.0,53282.15,53435.35,52783.45,53710.35,0,0.0,0.0,0.0,0.0,-0.01,-1,-1,-0.01,-1,-1,-0.01,-1,-1,-0.01,-1,-1,-0.01,-1,-1,-0.01,-1,-1,-0.01,-1,-1,-0.01,-1,-1,-0.01,-1,-1,-0.01,-1,-1
99926009,2026-05-18 12:56:12+05:30,53429.3,0,0.0,0,0.0,0.0,53282.15,53435.35,52783.45,53710.35,0,0.0,0.0,0.0,0.0,-0.01,-1,-1,-0.01,-1,-1,-0.01,-1,-1,-0.01,-1,-1,-0.01,-1,-1,-0.01,-1,-1,-0.01,-1,-1,-0.01,-1,-1,-0.01,-1,-1,-0.01,-1,-1
99926009,2026-05-18 12:56:13+05:30,53429.65,0,0.0,0,0.0,0.0,53282.15,53435.35,52783.45,53710.35,0,0.0,0.0,0.0,0.0,-0.01,-1,-1,-0.01,-1,-1,-0.01,-1,-1,-0.01,-1,-1,-0.01,-1,-1,-0.01,-1,-1,-0.01,-1,-1,-0.01,-1,-1,-0.01,-1,-1,-0.01,-1,-1
99926009,2026-05-18 12:56:13+05:30,53423.95,0,0.0,0,0.0,0.0,53282.15,53435.35,52783.45,53710.35,0,0.0,0.0,0.0,0.0,-0.01,-1,-1,-0.01,-1,-1,-0.01,-1,-1,-0.01,-1,-1,-0.01,-1,-1,-0.01,-1,-1,-0.01,-1,-1,-0.01,-1,-1,-0.01,-1,-1,-0.01,-1,-1
99926009,2026-05-18 12:56:14+05:30,53430.45,0,0.0,0,0.0,0.0,53282.15,53435.35,52783.45,53710.35,0,0.0,0.0,0.0,0.0,-0.01,-1,-1,-0.01,-1,-1,-0.01,-1,-1,-0.01,-1,-1,-0.01,-1,-1,-0.01,-1,-1,-0.01,-1,-1,-0.01,-1,-1,-0.01,-1,-1,-0.01,-1,-1
99926009,2026-05-18 12:56:14+05:30,53420.3,0,0.0,0,0.0,0.0,53282.15,53435.35,52783.45,53710.35,0,0.0,0.0,0.0,0.0,-0.01,-1,-1,-0.01,-1,-1,-0.01,-1,-1,-0.01,-1,-1,-0.01,-1,-1,-0.01,-1,-1,-0.01,-1,-1,-0.01,-1,-1,-0.01,-1,-1,-0.01,-1,-1
99926009,2026-05-18 12:56:15+05:30,53414.3,0,0.0,0,0.0,0.0,53282.15,53435.35,52783.45,53710.35,0,0.0,0.0,0.0,0.0,-0.01,-1,-1,-0.01,-1,-1,-0.01,-1,-1,-0.01,-1,-1,-0.01,-1,-1,-0.01,-1,-1,-0.01,-1,-1,-0.01,-1,-1,-0.01,-1,-1,-0.01,-1,-1
99926009,2026-05-18 12:56:15+05:30,53414.9,0,0.0,0,0.0,0.0,53282.15,53435.35,52783.45,53710.35,0,0.0,0.0,0.0,0.0,-0.01,-1,-1,-0.01,-1,-1,-0.01,-1,-1,-0.01,-1,-1,-0.01,-1,-1,-0.01,-1,-1,-0.01,-1,-1,-0.01,-1,-1,-0.01,-1,-1,-0.01,-1,-1
99926009,2026-05-18 12:56:16+05:30,53412.0,0,0.0,0,0.0,0.0,53282.15,53435.35,52783.45,53710.35,0,0.0,0.0,0.0,0.0,-0.01,-1,-1,-0.01,-1,-1,-0.01,-1,-1,-0.01,-1,-1,-0.01,-1,-1,-0.01,-1,-1,-0.01,-1,-1,-0.01,-1,-1,-0.01,-1,-1,-0.01,-1,-1
99926009,2026-05-18 12:56:16+05:30,53420.45,0,0.0,0,0.0,0.0,53282.15,53435.35,52783.45,53710.35,0,0.0,0.0,0.0,0.0,-0.01,-1,-1,-0.01,-1,-1,-0.01,-1,-1,-0.01,-1,-1,-0.01,-1,-1,-0.01,-1,-1,-0.01,-1,-1,-0.01,-1,-1,-0.01,-1,-1,-0.01,-1,-1
99926009,2026-05-18 12:56:17+05:30,53418.0,0,0.0,0,0.0,0.0,53282.15,53435.35,52783.45,53710.35,0,0.0,0.0,0.0,0.0,-0.01,-1,-1,-0.01,-1,-1,-0.01,-1,-1,-0.01,-1,-1,-0.01,-1,-1,-0.01,-1,-1,-0.01,-1,-1,-0.01,-1,-1,-0.01,-1,-1,-0.01,-1,-1
99926009,2026-05-18 12:56:17+05:30,53415.0,0,0.0,0,0.0,0.0,53282.15,53435.35,52783.45,53710.35,0,0.0,0.0,0.0,0.0,-0.01,-1,-1,-0.01,-1,-1,-0.01,-1,-1,-0.01,-1,-1,-0.01,-1,-1,-0.01,-1,-1,-0.01,-1,-1,-0.01,-1,-1,-0.01,-1,-1,-0.01,-1,-1
99926009,2026-05-18 12:56:18+05:30,53414.1,0,0.0,0,0.0,0.0,53282.15,53435.35,52783.45,53710.35,0,0.0,0.0,0.0,0.0,-0.01,-1,-1,-0.01,-1,-1,-0.01,-1,-1,-0.01,-1,-1,-0.01,-1,-1,-0.01,-1,-1,-0.01,-1,-1,-0.01,-1,-1,-0.01,-1,-1,-0.01,-1,-1
99926009,2026-05-18 12:56:18+05:30,53414.2,0,0.0,0,0.0,0.0,53282.15,53435.35,52783.45,53710.35,0,0.0,0.0,0.0,0.0,-0.01,-1,-1,-0.01,-1,-1,-0.01,-1,-1,-0.01,-1,-1,-0.01,-1,-1,-0.01,-1,-1,-0.01,-1,-1,-0.01,-1,-1,-0.01,-1,-1,-0.01,-1,-1
99926009,2026-05-18 12:56:19+05:30,53416.45,0,0.0,0,0.0,0.0,53282.15,53435.35,52783.45,53710.35,0,0.0,0.0,0.0,0.0,-0.01,-1,-1,-0.01,-1,-1,-0.01,-1,-1,-0.01,-1,-1,-0.01,-1,-1,-0.01,-1,-1,-0.01,-1,-1,-0.01,-1,-1,-0.01,-1,-1,-0.01,-1,-1
99926009,2026-05-18 12:56:19+05:30,53414.4,0,0.0,0,0.0,0.0,53282.15,53435.35,52783.45,53710.35,0,0.0,0.0,0.0,0.0,-0.01,-1,-1,-0.01,-1,-1,-0.01,-1,-1,-0.01,-1,-1,-0.01,-1,-1,-0.01,-1,-1,-0.01,-1,-1,-0.01,-1,-1,-0.01,-1,-1,-0.01,-1,-1
99926009,2026-05-18 12:56:20+05:30,53416.05,0,0.0,0,0.0,0.0,53282.15,53435.35,52783.45,53710.35,0,0.0,0.0,0.0,0.0,-0.01,-1,-1,-0.01,-1,-1,-0.01,-1,-1,-0.01,-1,-1,-0.01,-1,-1,-0.01,-1,-1,-0.01,-1,-1,-0.01,-1,-1,-0.01,-1,-1,-0.01,-1,-1
99926009,2026-05-18 12:56:20+05:30,53410.65,0,0.0,0,0.0,0.0,53282.15,53435.35,52783.45,53710.35,0,0.0,0.0,0.0,0.0,-0.01,-1,-1,-0.01,-1,-1,-0.01,-1,-1,-0.01,-1,-1,-0.01,-1,-1,-0.01,-1,-1,-0.01,-1,-1,-0.01,-1,-1,-0.01,-1,-1,-0.01,-1,-1
99926009,2026-05-18 12:56:21+05:30,53416.25,0,0.0,0,0.0,0.0,53282.15,53435.35,52783.45,53710.35,0,0.0,0.0,0.0,0.0,-0.01,-1,-1,-0.01,-1,-1,-0.01,-1,-1,-0.01,-1,-1,-0.01,-1,-1,-0.01,-1,-1,-0.01,-1,-1,-0.01,-1,-1,-0.01,-1,-1,-0.01,-1,-1
99926009,2026-05-18 12:56:21+05:30,53418.25,0,0.0,0,0.0,0.0,53282.15,53435.35,52783.45,53710.35,0,0.0,0.0,0.0,0.0,-0.01,-1,-1,-0.01,-1,-1,-0.01,-1,-1,-0.01,-1,-1,-0.01,-1,-1,-0.01,-1,-1,-0.01,-1,-1,-0.01,-1,-1,-0.01,-1,-1,-0.01,-1,-1
99926009,2026-05-18 12:56:22+05:30,53420.65,0,0.0,0,0.0,0.0,53282.15,53435.35,52783.45,53710.35,0,0.0,0.0,0.0,0.0,-0.01,-1,-1,-0.01,-1,-1,-0.01,-1,-1,-0.01,-1,-1,-0.01,-1,-1,-0.01,-1,-1,-0.01,-1,-1,-0.01,-1,-1,-0.01,-1,-1,-0.01,-1,-1
99926009,2026-05-18 12:56:22+05:30,53419.2,0,0.0,0,0.0,0.0,53282.15,53435.35,52783.45,53710.35,0,0.0,0.0,0.0,0.0,-0.01,-1,-1,-0.01,-1,-1,-0.01,-1,-1,-0.01,-1,-1,-0.01,-1,-1,-0.01,-1,-1,-0.01,-1,-1,-0.01,-1,-1,-0.01,-1,-1,-0.01,-1,-1
99926009,2026-05-18 12:56:23+05:30,53419.4,0,0.0,0,0.0,0.0,53282.15,53435.35,52783.45,53710.35,0,0.0,0.0,0.0,0.0,-0.01,-1,-1,-0.01,-1,-1,-0.01,-1,-1,-0.01,-1,-1,-0.01,-1,-1,-0.01,-1,-1,-0.01,-1,-1,-0.01,-1,-1,-0.01,-1,-1,-0.01,-1,-1
99926009,2026-05-18 12:56:23+05:30,53422.25,0,0.0,0,0.0,0.0,53282.15,53435.35,52783.45,53710.35,0,0.0,0.0,0.0,0.0,-0.01,-1,-1,-0.01,-1,-1,-0.01,-1,-1,-0.01,-1,-1,-0.01,-1,-1,-0.01,-1,-1,-0.01,-1,-1,-0.01,-1,-1,-0.01,-1,-1,-0.01,-1,-1
99926009,2026-05-18 12:56:24+05:30,53420.7,0,0.0,0,0.0,0.0,53282.15,53435.35,52783.45,53710.35,0,0.0,0.0,0.0,0.0,-0.01,-1,-1,-0.01,-1,-1,-0.01,-1,-1,-0.01,-1,-1,-0.01,-1,-1,-0.01,-1,-1,-0.01,-1,-1,-0.01,-1,-1,-0.01,-1,-1,-0.01,-1,-1
99926009,2026-05-18 12:56:24+05:30,53420.1,0,0.0,0,0.0,0.0,53282.15,53435.35,52783.45,53710.35,0,0.0,0.0,0.0,0.0,-0.01,-1,-1,-0.01,-1,-1,-0.01,-1,-1,-0.01,-1,-1,-0.01,-1,-1,-0.01,-1,-1,-0.01,-1,-1,-0.01,-1,-1,-0.01,-1,-1,-0.01,-1,-1
99926009,2026-05-18 12:56:25+05:30,53422.2,0,0.0,0,0.0,0.0,53282.15,53435.35,52783.45,53710.35,0,0.0,0.0,0.0,0.0,-0.01,-1,-1,-0.01,-1,-1,-0.01,-1,-1,-0.01,-1,-1,-0.01,-1,-1,-0.01,-1,-1,-0.01,-1,-1,-0.01,-1,-1,-0.01,-1,-1,-0.01,-1,-1
99926009,2026-05-18 12:56:25+05:30,53420.1,0,0.0,0,0.0,0.0,53282.15,53435.35,52783.45,53710.35,0,0.0,0.0,0.0,0.0,-0.01,-1,-1,-0.01,-1,-1,-0.01,-1,-1,-0.01,-1,-1,-0.01,-1,-1,-0.01,-1,-1,-0.01,-1,-1,-0.01,-1,-1,-0.01,-1,-1,-0.01,-1,-1
99926009,2026-05-18 12:56:26+05:30,53422.0,0,0.0,0,0.0,0.0,53282.15,53435.35,52783.45,53710.35,0,0.0,0.0,0.0,0.0,-0.01,-1,-1,-0.01,-1,-1,-0.01,-1,-1,-0.01,-1,-1,-0.01,-1,-1,-0.01,-1,-1,-0.01,-1,-1,-0.01,-1,-1,-0.01,-1,-1,-0.01,-1,-1
99926009,2026-05-18 12:56:26+05:30,53420.65,0,0.0,0,0.0,0.0,53282.15,53435.35,52783.45,53710.35,0,0.0,0.0,0.0,0.0,-0.01,-1,-1,-0.01,-1,-1,-0.01,-1,-1,-0.01,-1,-1,-0.01,-1,-1,-0.01,-1,-1,-0.01,-1,-1,-0.01,-1,-1,-0.01,-1,-1,-0.01,-1,-1
99926009,2026-05-18 12:56:27+05:30,53422.7,0,0.0,0,0.0,0.0,53282.15,53435.35,52783.45,53710.35,0,0.0,0.0,0.0,0.0,-0.01,-1,-1,-0.01,-1,-1,-0.01,-1,-1,-0.01,-1,-1,-0.01,-1,-1,-0.01,-1,-1,-0.01,-1,-1,-0.01,-1,-1,-0.01,-1,-1,-0.01,-1,-1
99926009,2026-05-18 12:56:27+05:30,53420.6,0,0.0,0,0.0,0.0,53282.15,53435.35,52783.45,53710.35,0,0.0,0.0,0.0,0.0,-0.01,-1,-1,-0.01,-1,-1,-0.01,-1,-1,-0.01,-1,-1,-0.01,-1,-1,-0.01,-1,-1,-0.01,-1,-1,-0.01,-1,-1,-0.01,-1,-1,-0.01,-1,-1
99926009,2026-05-18 12:56:28+05:30,53420.3,0,0.0,0,0.0,0.0,53282.15,53435.35,52783.45,53710.35,0,0.0,0.0,0.0,0.0,-0.01,-1,-1,-0.01,-1,-1,-0.01,-1,-1,-0.01,-1,-1,-0.01,-1,-1,-0.01,-1,-1,-0.01,-1,-1,-0.01,-1,-1,-0.01,-1,-1,-0.01,-1,-1
99926009,2026-05-18 12:56:28+05:30,53425.8,0,0.0,0,0.0,0.0,53282.15,53435.35,52783.45,53710.35,0,0.0,0.0,0.0,0.0,-0.01,-1,-1,-0.01,-1,-1,-0.01,-1,-1,-0.01,-1,-1,-0.01,-1,-1,-0.01,-1,-1,-0.01,-1,-1,-0.01,-1,-1,-0.01,-1,-1,-0.01,-1,-1
99926009,2026-05-18 12:56:29+05:30,53422.65,0,0.0,0,0.0,0.0,53282.15,53435.35,52783.45,53710.35,0,0.0,0.0,0.0,0.0,-0.01,-1,-1,-0.01,-1,-1,-0.01,-1,-1,-0.01,-1,-1,-0.01,-1,-1,-0.01,-1,-1,-0.01,-1,-1,-0.01,-1,-1,-0.01,-1,-1,-0.01,-1,-1
99926009,2026-05-18 12:56:29+05:30,53426.4,0,0.0,0,0.0,0.0,53282.15,53435.35,52783.45,53710.35,0,0.0,0.0,0.0,0.0,-0.01,-1,-1,-0.01,-1,-1,-0.01,-1,-1,-0.01,-1,-1,-0.01,-1,-1,-0.01,-1,-1,-0.01,-1,-1,-0.01,-1,-1,-0.01,-1,-1,-0.01,-1,-1
99926009,2026-05-18 12:56:30+05:30,53423.8,0,0.0,0,0.0,0.0,53282.15,53435.35,52783.45,53710.35,0,0.0,0.0,0.0,0.0,-0.01,-1,-1,-0.01,-1,-1,-0.01,-1,-1,-0.01,-1,-1,-0.01,-1,-1,-0.01,-1,-1,-0.01,-1,-1,-0.01,-1,-1,-0.01,-1,-1,-0.01,-1,-1
99926009,2026-05-18 12:56:30+05:30,53424.15,0,0.0,0,0.0,0.0,53282.15,53435.35,52783.45,53710.35,0,0.0,0.0,0.0,0.0,-0.01,-1,-1,-0.01,-1,-1,-0.01,-1,-1,-0.01,-1,-1,-0.01,-1,-1,-0.01,-1,-1,-0.01,-1,-1,-0.01,-1,-1,-0.01,-1,-1,-0.01,-1,-1
99926009,2026-05-18 12:56:31+05:30,53429.0,0,0.0,0,0.0,0.0,53282.15,53435.35,52783.45,53710.35,0,0.0,0.0,0.0,0.0,-0.01,-1,-1,-0.01,-1,-1,-0.01,-1,-1,-0.01,-1,-1,-0.01,-1,-1,-0.01,-1,-1,-0.01,-1,-1,-0.01,-1,-1,-0.01,-1,-1,-0.01,-1,-1
99926009,2026-05-18 12:56:31+05:30,53428.1,0,0.0,0,0.0,0.0,53282.15,53435.35,52783.45,53710.35,0,0.0,0.0,0.0,0.0,-0.01,-1,-1,-0.01,-1,-1,-0.01,-1,-1,-0.01,-1,-1,-0.01,-1,-1,-0.01,-1,-1,-0.01,-1,-1,-0.01,-1,-1,-0.01,-1,-1,-0.01,-1,-1
99926009,2026-05-18 12:56:32+05:30,53428.5,0,0.0,0,0.0,0.0,53282.15,53435.35,52783.45,53710.35,0,0.0,0.0,0.0,0.0,-0.01,-1,-1,-0.01,-1,-1,-0.01,-1,-1,-0.01,-1,-1,-0.01,-1,-1,-0.01,-1,-1,-0.01,-1,-1,-0.01,-1,-1,-0.01,-1,-1,-0.01,-1,-1
99926009,2026-05-18 12:56:32+05:30,53432.25,0,0.0,0,0.0,0.0,53282.15,53435.35,52783.45,53710.35,0,0.0,0.0,0.0,0.0,-0.01,-1,-1,-0.01,-1,-1,-0.01,-1,-1,-0.01,-1,-1,-0.01,-1,-1,-0.01,-1,-1,-0.01,-1,-1,-0.01,-1,-1,-0.01,-1,-1,-0.01,-1,-1
99926009,2026-05-18 12:56:33+05:30,53430.5,0,0.0,0,0.0,0.0,53282.15,53435.85,52783.45,53710.35,0,0.0,0.0,0.0,0.0,-0.01,-1,-1,-0.01,-1,-1,-0.01,-1,-1,-0.01,-1,-1,-0.01,-1,-1,-0.01,-1,-1,-0.01,-1,-1,-0.01,-1,-1,-0.01,-1,-1,-0.01,-1,-1
99926009,2026-05-18 12:56:33+05:30,53430.85,0,0.0,0,0.0,0.0,53282.15,53435.85,52783.45,53710.35,0,0.0,0.0,0.0,0.0,-0.01,-1,-1,-0.01,-1,-1,-0.01,-1,-1,-0.01,-1,-1,-0.01,-1,-1,-0.01,-1,-1,-0.01,-1,-1,-0.01,-1,-1,-0.01,-1,-1,-0.01,-1,-1
99926009,2026-05-18 12:56:34+05:30,53428.6,0,0.0,0,0.0,0.0,53282.15,53435.85,52783.45,53710.35,0,0.0,0.0,0.0,0.0,-0.01,-1,-1,-0.01,-1,-1,-0.01,-1,-1,-0.01,-1,-1,-0.01,-1,-1,-0.01,-1,-1,-0.01,-1,-1,-0.01,-1,-1,-0.01,-1,-1,-0.01,-1,-1
99926009,2026-05-18 12:56:34+05:30,53423.55,0,0.0,0,0.0,0.0,53282.15,53435.85,52783.45,53710.35,0,0.0,0.0,0.0,0.0,-0.01,-1,-1,-0.01,-1,-1,-0.01,-1,-1,-0.01,-1,-1,-0.01,-1,-1,-0.01,-1,-1,-0.01,-1,-1,-0.01,-1,-1,-0.01,-1,-1,-0.01,-1,-1
99926009,2026-05-18 12:56:35+05:30,53428.55,0,0.0,0,0.0,0.0,53282.15,53435.85,52783.45,53710.35,0,0.0,0.0,0.0,0.0,-0.01,-1,-1,-0.01,-1,-1,-0.01,-1,-1,-0.01,-1,-1,-0.01,-1,-1,-0.01,-1,-1,-0.01,-1,-1,-0.01,-1,-1,-0.01,-1,-1,-0.01,-1,-1
99926009,2026-05-18 12:56:35+05:30,53423.3,0,0.0,0,0.0,0.0,53282.15,53435.85,52783.45,53710.35,0,0.0,0.0,0.0,0.0,-0.01,-1,-1,-0.01,-1,-1,-0.01,-1,-1,-0.01,-1,-1,-0.01,-1,-1,-0.01,-1,-1,-0.01,-1,-1,-0.01,-1,-1,-0.01,-1,-1,-0.01,-1,-1
99926009,2026-05-18 12:56:36+05:30,53420.1,0,0.0,0,0.0,0.0,53282.15,53435.85,52783.45,53710.35,0,0.0,0.0,0.0,0.0,-0.01,-1,-1,-0.01,-1,-1,-0.01,-1,-1,-0.01,-1,-1,-0.01,-1,-1,-0.01,-1,-1,-0.01,-1,-1,-0.01,-1,-1,-0.01,-1,-1,-0.01,-1,-1
99926009,2026-05-18 12:56:36+05:30,53419.35,0,0.0,0,0.0,0.0,53282.15,53435.85,52783.45,53710.35,0,0.0,0.0,0.0,0.0,-0.01,-1,-1,-0.01,-1,-1,-0.01,-1,-1,-0.01,-1,-1,-0.01,-1,-1,-0.01,-1,-1,-0.01,-1,-1,-0.01,-1,-1,-0.01,-1,-1,-0.01,-1,-1
99926009,2026-05-18 12:56:37+05:30,53417.3,0,0.0,0,0.0,0.0,53282.15,53435.85,52783.45,53710.35,0,0.0,0.0,0.0,0.0,-0.01,-1,-1,-0.01,-1,-1,-0.01,-1,-1,-0.01,-1,-1,-0.01,-1,-1,-0.01,-1,-1,-0.01,-1,-1,-0.01,-1,-1,-0.01,-1,-1,-0.01,-1,-1
99926009,2026-05-18 12:56:37+05:30,53418.9,0,0.0,0,0.0,0.0,53282.15,53435.85,52783.45,53710.35,0,0.0,0.0,0.0,0.0,-0.01,-1,-1,-0.01,-1,-1,-0.01,-1,-1,-0.01,-1,-1,-0.01,-1,-1,-0.01,-1,-1,-0.01,-1,-1,-0.01,-1,-1,-0.01,-1,-1,-0.01,-1,-1
99926009,2026-05-18 12:56:38+05:30,53416.75,0,0.0,0,0.0,0.0,53282.15,53435.85,52783.45,53710.35,0,0.0,0.0,0.0,0.0,-0.01,-1,-1,-0.01,-1,-1,-0.01,-1,-1,-0.01,-1,-1,-0.01,-1,-1,-0.01,-1,-1,-0.01,-1,-1,-0.01,-1,-1,-0.01,-1,-1,-0.01,-1,-1
99926009,2026-05-18 12:56:38+05:30,53413.65,0,0.0,0,0.0,0.0,53282.15,53435.85,52783.45,53710.35,0,0.0,0.0,0.0,0.0,-0.01,-1,-1,-0.01,-1,-1,-0.01,-1,-1,-0.01,-1,-1,-0.01,-1,-1,-0.01,-1,-1,-0.01,-1,-1,-0.01,-1,-1,-0.01,-1,-1,-0.01,-1,-1
99926009,2026-05-18 12:56:39+05:30,53411.5,0,0.0,0,0.0,0.0,53282.15,53435.85,52783.45,53710.35,0,0.0,0.0,0.0,0.0,-0.01,-1,-1,-0.01,-1,-1,-0.01,-1,-1,-0.01,-1,-1,-0.01,-1,-1,-0.01,-1,-1,-0.01,-1,-1,-0.01,-1,-1,-0.01,-1,-1,-0.01,-1,-1
99926009,2026-05-18 12:56:39+05:30,53411.7,0,0.0,0,0.0,0.0,53282.15,53435.85,52783.45,53710.35,0,0.0,0.0,0.0,0.0,-0.01,-1,-1,-0.01,-1,-1,-0.01,-1,-1,-0.01,-1,-1,-0.01,-1,-1,-0.01,-1,-1,-0.01,-1,-1,-0.01,-1,-1,-0.01,-1,-1,-0.01,-1,-1
99926009,2026-05-18 12:56:40+05:30,53410.55,0,0.0,0,0.0,0.0,53282.15,53435.85,52783.45,53710.35,0,0.0,0.0,0.0,0.0,-0.01,-1,-1,-0.01,-1,-1,-0.01,-1,-1,-0.01,-1,-1,-0.01,-1,-1,-0.01,-1,-1,-0.01,-1,-1,-0.01,-1,-1,-0.01,-1,-1,-0.01,-1,-1
99926009,2026-05-18 12:56:40+05:30,53411.2,0,0.0,0,0.0,0.0,53282.15,53435.85,52783.45,53710.35,0,0.0,0.0,0.0,0.0,-0.01,-1,-1,-0.01,-1,-1,-0.01,-1,-1,-0.01,-1,-1,-0.01,-1,-1,-0.01,-1,-1,-0.01,-1,-1,-0.01,-1,-1,-0.01,-1,-1,-0.01,-1,-1
99926009,2026-05-18 12:56:41+05:30,53408.1,0,0.0,0,0.0,0.0,53282.15,53435.85,52783.45,53710.35,0,0.0,0.0,0.0,0.0,-0.01,-1,-1,-0.01,-1,-1,-0.01,-1,-1,-0.01,-1,-1,-0.01,-1,-1,-0.01,-1,-1,-0.01,-1,-1,-0.01,-1,-1,-0.01,-1,-1,-0.01,-1,-1
99926009,2026-05-18 12:56:41+05:30,53406.9,0,0.0,0,0.0,0.0,53282.15,53435.85,52783.45,53710.35,0,0.0,0.0,0.0,0.0,-0.01,-1,-1,-0.01,-1,-1,-0.01,-1,-1,-0.01,-1,-1,-0.01,-1,-1,-0.01,-1,-1,-0.01,-1,-1,-0.01,-1,-1,-0.01,-1,-1,-0.01,-1,-1
99926009,2026-05-18 12:56:42+05:30,53403.85,0,0.0,0,0.0,0.0,53282.15,53435.85,52783.45,53710.35,0,0.0,0.0,0.0,0.0,-0.01,-1,-1,-0.01,-1,-1,-0.01,-1,-1,-0.01,-1,-1,-0.01,-1,-1,-0.01,-1,-1,-0.01,-1,-1,-0.01,-1,-1,-0.01,-1,-1,-0.01,-1,-1
99926009,2026-05-18 12:56:42+05:30,53407.4,0,0.0,0,0.0,0.0,53282.15,53435.85,52783.45,53710.35,0,0.0,0.0,0.0,0.0,-0.01,-1,-1,-0.01,-1,-1,-0.01,-1,-1,-0.01,-1,-1,-0.01,-1,-1,-0.01,-1,-1,-0.01,-1,-1,-0.01,-1,-1,-0.01,-1,-1,-0.01,-1,-1
99926009,2026-05-18 12:56:43+05:30,53406.5,0,0.0,0,0.0,0.0,53282.15,53435.85,52783.45,53710.35,0,0.0,0.0,0.0,0.0,-0.01,-1,-1,-0.01,-1,-1,-0.01,-1,-1,-0.01,-1,-1,-0.01,-1,-1,-0.01,-1,-1,-0.01,-1,-1,-0.01,-1,-1,-0.01,-1,-1,-0.01,-1,-1
99926009,2026-05-18 12:56:43+05:30,53400.55,0,0.0,0,0.0,0.0,53282.15,53435.85,52783.45,53710.35,0,0.0,0.0,0.0,0.0,-0.01,-1,-1,-0.01,-1,-1,-0.01,-1,-1,-0.01,-1,-1,-0.01,-1,-1,-0.01,-1,-1,-0.01,-1,-1,-0.01,-1,-1,-0.01,-1,-1,-0.01,-1,-1
99926009,2026-05-18 12:56:44+05:30,53404.55,0,0.0,0,0.0,0.0,53282.15,53435.85,52783.45,53710.35,0,0.0,0.0,0.0,0.0,-0.01,-1,-1,-0.01,-1,-1,-0.01,-1,-1,-0.01,-1,-1,-0.01,-1,-1,-0.01,-1,-1,-0.01,-1,-1,-0.01,-1,-1,-0.01,-1,-1,-0.01,-1,-1
99926009,2026-05-18 12:56:44+05:30,53405.2,0,0.0,0,0.0,0.0,53282.15,53435.85,52783.45,53710.35,0,0.0,0.0,0.0,0.0,-0.01,-1,-1,-0.01,-1,-1,-0.01,-1,-1,-0.01,-1,-1,-0.01,-1,-1,-0.01,-1,-1,-0.01,-1,-1,-0.01,-1,-1,-0.01,-1,-1,-0.01,-1,-1
99926009,2026-05-18 12:56:45+05:30,53407.45,0,0.0,0,0.0,0.0,53282.15,53435.85,52783.45,53710.35,0,0.0,0.0,0.0,0.0,-0.01,-1,-1,-0.01,-1,-1,-0.01,-1,-1,-0.01,-1,-1,-0.01,-1,-1,-0.01,-1,-1,-0.01,-1,-1,-0.01,-1,-1,-0.01,-1,-1,-0.01,-1,-1
99926009,2026-05-18 12:56:45+05:30,53408.1,0,0.0,0,0.0,0.0,53282.15,53435.85,52783.45,53710.35,0,0.0,0.0,0.0,0.0,-0.01,-1,-1,-0.01,-1,-1,-0.01,-1,-1,-0.01,-1,-1,-0.01,-1,-1,-0.01,-1,-1,-0.01,-1,-1,-0.01,-1,-1,-0.01,-1,-1,-0.01,-1,-1
99926009,2026-05-18 12:56:46+05:30,53406.85,0,0.0,0,0.0,0.0,53282.15,53435.85,52783.45,53710.35,0,0.0,0.0,0.0,0.0,-0.01,-1,-1,-0.01,-1,-1,-0.01,-1,-1,-0.01,-1,-1,-0.01,-1,-1,-0.01,-1,-1,-0.01,-1,-1,-0.01,-1,-1,-0.01,-1,-1,-0.01,-1,-1
99926009,2026-05-18 12:56:46+05:30,53408.1,0,0.0,0,0.0,0.0,53282.15,53435.85,52783.45,53710.35,0,0.0,0.0,0.0,0.0,-0.01,-1,-1,-0.01,-1,-1,-0.01,-1,-1,-0.01,-1,-1,-0.01,-1,-1,-0.01,-1,-1,-0.01,-1,-1,-0.01,-1,-1,-0.01,-1,-1,-0.01,-1,-1
99926009,2026-05-18 12:56:47+05:30,53408.3,0,0.0,0,0.0,0.0,53282.15,53435.85,52783.45,53710.35,0,0.0,0.0,0.0,0.0,-0.01,-1,-1,-0.01,-1,-1,-0.01,-1,-1,-0.01,-1,-1,-0.01,-1,-1,-0.01,-1,-1,-0.01,-1,-1,-0.01,-1,-1,-0.01,-1,-1,-0.01,-1,-1
99926009,2026-05-18 12:56:47+05:30,53408.05,0,0.0,0,0.0,0.0,53282.15,53435.85,52783.45,53710.35,0,0.0,0.0,0.0,0.0,-0.01,-1,-1,-0.01,-1,-1,-0.01,-1,-1,-0.01,-1,-1,-0.01,-1,-1,-0.01,-1,-1,-0.01,-1,-1,-0.01,-1,-1,-0.01,-1,-1,-0.01,-1,-1
99926009,2026-05-18 12:56:48+05:30,53408.35,0,0.0,0,0.0,0.0,53282.15,53435.85,52783.45,53710.35,0,0.0,0.0,0.0,0.0,-0.01,-1,-1,-0.01,-1,-1,-0.01,-1,-1,-0.01,-1,-1,-0.01,-1,-1,-0.01,-1,-1,-0.01,-1,-1,-0.01,-1,-1,-0.01,-1,-1,-0.01,-1,-1
99926009,2026-05-18 12:56:48+05:30,53405.35,0,0.0,0,0.0,0.0,53282.15,53435.85,52783.45,53710.35,0,0.0,0.0,0.0,0.0,-0.01,-1,-1,-0.01,-1,-1,-0.01,-1,-1,-0.01,-1,-1,-0.01,-1,-1,-0.01,-1,-1,-0.01,-1,-1,-0.01,-1,-1,-0.01,-1,-1,-0.01,-1,-1
99926009,2026-05-18 12:56:49+05:30,53403.65,0,0.0,0,0.0,0.0,53282.15,53435.85,52783.45,53710.35,0,0.0,0.0,0.0,0.0,-0.01,-1,-1,-0.01,-1,-1,-0.01,-1,-1,-0.01,-1,-1,-0.01,-1,-1,-0.01,-1,-1,-0.01,-1,-1,-0.01,-1,-1,-0.01,-1,-1,-0.01,-1,-1
99926009,2026-05-18 12:56:49+05:30,53398.85,0,0.0,0,0.0,0.0,53282.15,53435.85,52783.45,53710.35,0,0.0,0.0,0.0,0.0,-0.01,-1,-1,-0.01,-1,-1,-0.01,-1,-1,-0.01,-1,-1,-0.01,-1,-1,-0.01,-1,-1,-0.01,-1,-1,-0.01,-1,-1,-0.01,-1,-1,-0.01,-1,-1
99926009,2026-05-18 12:56:50+05:30,53394.85,0,0.0,0,0.0,0.0,53282.15,53435.85,52783.45,53710.35,0,0.0,0.0,0.0,0.0,-0.01,-1,-1,-0.01,-1,-1,-0.01,-1,-1,-0.01,-1,-1,-0.01,-1,-1,-0.01,-1,-1,-0.01,-1,-1,-0.01,-1,-1,-0.01,-1,-1,-0.01,-1,-1
99926009,2026-05-18 12:56:50+05:30,53397.4,0,0.0,0,0.0,0.0,53282.15,53435.85,52783.45,53710.35,0,0.0,0.0,0.0,0.0,-0.01,-1,-1,-0.01,-1,-1,-0.01,-1,-1,-0.01,-1,-1,-0.01,-1,-1,-0.01,-1,-1,-0.01,-1,-1,-0.01,-1,-1,-0.01,-1,-1,-0.01,-1,-1
99926009,2026-05-18 12:56:51+05:30,53390.6,0,0.0,0,0.0,0.0,53282.15,53435.85,52783.45,53710.35,0,0.0,0.0,0.0,0.0,-0.01,-1,-1,-0.01,-1,-1,-0.01,-1,-1,-0.01,-1,-1,-0.01,-1,-1,-0.01,-1,-1,-0.01,-1,-1,-0.01,-1,-1,-0.01,-1,-1,-0.01,-1,-1
99926009,2026-05-18 12:56:51+05:30,53393.8,0,0.0,0,0.0,0.0,53282.15,53435.85,52783.45,53710.35,0,0.0,0.0,0.0,0.0,-0.01,-1,-1,-0.01,-1,-1,-0.01,-1,-1,-0.01,-1,-1,-0.01,-1,-1,-0.01,-1,-1,-0.01,-1,-1,-0.01,-1,-1,-0.01,-1,-1,-0.01,-1,-1
99926009,2026-05-18 12:56:52+05:30,53394.85,0,0.0,0,0.0,0.0,53282.15,53435.85,52783.45,53710.35,0,0.0,0.0,0.0,0.0,-0.01,-1,-1,-0.01,-1,-1,-0.01,-1,-1,-0.01,-1,-1,-0.01,-1,-1,-0.01,-1,-1,-0.01,-1,-1,-0.01,-1,-1,-0.01,-1,-1,-0.01,-1,-1
99926009,2026-05-18 12:56:52+05:30,53391.65,0,0.0,0,0.0,0.0,53282.15,53435.85,52783.45,53710.35,0,0.0,0.0,0.0,0.0,-0.01,-1,-1,-0.01,-1,-1,-0.01,-1,-1,-0.01,-1,-1,-0.01,-1,-1,-0.01,-1,-1,-0.01,-1,-1,-0.01,-1,-1,-0.01,-1,-1,-0.01,-1,-1
99926009,2026-05-18 12:56:53+05:30,53396.15,0,0.0,0,0.0,0.0,53282.15,53435.85,52783.45,53710.35,0,0.0,0.0,0.0,0.0,-0.01,-1,-1,-0.01,-1,-1,-0.01,-1,-1,-0.01,-1,-1,-0.01,-1,-1,-0.01,-1,-1,-0.01,-1,-1,-0.01,-1,-1,-0.01,-1,-1,-0.01,-1,-1
99926009,2026-05-18 12:56:53+05:30,53400.45,0,0.0,0,0.0,0.0,53282.15,53435.85,52783.45,53710.35,0,0.0,0.0,0.0,0.0,-0.01,-1,-1,-0.01,-1,-1,-0.01,-1,-1,-0.01,-1,-1,-0.01,-1,-1,-0.01,-1,-1,-0.01,-1,-1,-0.01,-1,-1,-0.01,-1,-1,-0.01,-1,-1
99926009,2026-05-18 12:56:54+05:30,53399.2,0,0.0,0,0.0,0.0,53282.15,53435.85,52783.45,53710.35,0,0.0,0.0,0.0,0.0,-0.01,-1,-1,-0.01,-1,-1,-0.01,-1,-1,-0.01,-1,-1,-0.01,-1,-1,-0.01,-1,-1,-0.01,-1,-1,-0.01,-1,-1,-0.01,-1,-1,-0.01,-1,-1
99926009,2026-05-18 12:56:54+05:30,53398.7,0,0.0,0,0.0,0.0,53282.15,53435.85,52783.45,53710.35,0,0.0,0.0,0.0,0.0,-0.01,-1,-1,-0.01,-1,-1,-0.01,-1,-1,-0.01,-1,-1,-0.01,-1,-1,-0.01,-1,-1,-0.01,-1,-1,-0.01,-1,-1,-0.01,-1,-1,-0.01,-1,-1
99926009,2026-05-18 12:56:55+05:30,53401.6,0,0.0,0,0.0,0.0,53282.15,53435.85,52783.45,53710.35,0,0.0,0.0,0.0,0.0,-0.01,-1,-1,-0.01,-1,-1,-0.01,-1,-1,-0.01,-1,-1,-0.01,-1,-1,-0.01,-1,-1,-0.01,-1,-1,-0.01,-1,-1,-0.01,-1,-1,-0.01,-1,-1
99926009,2026-05-18 12:56:55+05:30,53402.55,0,0.0,0,0.0,0.0,53282.15,53435.85,52783.45,53710.35,0,0.0,0.0,0.0,0.0,-0.01,-1,-1,-0.01,-1,-1,-0.01,-1,-1,-0.01,-1,-1,-0.01,-1,-1,-0.01,-1,-1,-0.01,-1,-1,-0.01,-1,-1,-0.01,-1,-1,-0.01,-1,-1
99926009,2026-05-18 12:56:56+05:30,53406.65,0,0.0,0,0.0,0.0,53282.15,53435.85,52783.45,53710.35,0,0.0,0.0,0.0,0.0,-0.01,-1,-1,-0.01,-1,-1,-0.01,-1,-1,-0.01,-1,-1,-0.01,-1,-1,-0.01,-1,-1,-0.01,-1,-1,-0.01,-1,-1,-0.01,-1,-1,-0.01,-1,-1
99926009,2026-05-18 12:56:56+05:30,53404.8,0,0.0,0,0.0,0.0,53282.15,53435.85,52783.45,53710.35,0,0.0,0.0,0.0,0.0,-0.01,-1,-1,-0.01,-1,-1,-0.01,-1,-1,-0.01,-1,-1,-0.01,-1,-1,-0.01,-1,-1,-0.01,-1,-1,-0.01,-1,-1,-0.01,-1,-1,-0.01,-1,-1
99926009,2026-05-18 12:56:57+05:30,53404.0,0,0.0,0,0.0,0.0,53282.15,53435.85,52783.45,53710.35,0,0.0,0.0,0.0,0.0,-0.01,-1,-1,-0.01,-1,-1,-0.01,-1,-1,-0.01,-1,-1,-0.01,-1,-1,-0.01,-1,-1,-0.01,-1,-1,-0.01,-1,-1,-0.01,-1,-1,-0.01,-1,-1
99926009,2026-05-18 12:56:57+05:30,53406.3,0,0.0,0,0.0,0.0,53282.15,53435.85,52783.45,53710.35,0,0.0,0.0,0.0,0.0,-0.01,-1,-1,-0.01,-1,-1,-0.01,-1,-1,-0.01,-1,-1,-0.01,-1,-1,-0.01,-1,-1,-0.01,-1,-1,-0.01,-1,-1,-0.01,-1,-1,-0.01,-1,-1
99926009,2026-05-18 12:56:58+05:30,53412.0,0,0.0,0,0.0,0.0,53282.15,53435.85,52783.45,53710.35,0,0.0,0.0,0.0,0.0,-0.01,-1,-1,-0.01,-1,-1,-0.01,-1,-1,-0.01,-1,-1,-0.01,-1,-1,-0.01,-1,-1,-0.01,-1,-1,-0.01,-1,-1,-0.01,-1,-1,-0.01,-1,-1
99926009,2026-05-18 12:56:58+05:30,53410.95,0,0.0,0,0.0,0.0,53282.15,53435.85,52783.45,53710.35,0,0.0,0.0,0.0,0.0,-0.01,-1,-1,-0.01,-1,-1,-0.01,-1,-1,-0.01,-1,-1,-0.01,-1,-1,-0.01,-1,-1,-0.01,-1,-1,-0.01,-1,-1,-0.01,-1,-1,-0.01,-1,-1
99926009,2026-05-18 12:56:59+05:30,53409.3,0,0.0,0,0.0,0.0,53282.15,53435.85,52783.45,53710.35,0,0.0,0.0,0.0,0.0,-0.01,-1,-1,-0.01,-1,-1,-0.01,-1,-1,-0.01,-1,-1,-0.01,-1,-1,-0.01,-1,-1,-0.01,-1,-1,-0.01,-1,-1,-0.01,-1,-1,-0.01,-1,-1
99926009,2026-05-18 12:56:59+05:30,53408.45,0,0.0,0,0.0,0.0,53282.15,53435.85,52783.45,53710.35,0,0.0,0.0,0.0,0.0,-0.01,-1,-1,-0.01,-1,-1,-0.01,-1,-1,-0.01,-1,-1,-0.01,-1,-1,-0.01,-1,-1,-0.01,-1,-1,-0.01,-1,-1,-0.01,-1,-1,-0.01,-1,-1
99926009,2026-05-18 12:57:00+05:30,53412.35,0,0.0,0,0.0,0.0,53282.15,53435.85,52783.45,53710.35,0,0.0,0.0,0.0,0.0,-0.01,-1,-1,-0.01,-1,-1,-0.01,-1,-1,-0.01,-1,-1,-0.01,-1,-1,-0.01,-1,-1,-0.01,-1,-1,-0.01,-1,-1,-0.01,-1,-1,-0.01,-1,-1
99926009,2026-05-18 12:57:00+05:30,53415.3,0,0.0,0,0.0,0.0,53282.15,53435.85,52783.45,53710.35,0,0.0,0.0,0.0,0.0,-0.01,-1,-1,-0.01,-1,-1,-0.01,-1,-1,-0.01,-1,-1,-0.01,-1,-1,-0.01,-1,-1,-0.01,-1,-1,-0.01,-1,-1,-0.01,-1,-1,-0.01,-1,-1
99926009,2026-05-18 12:57:01+05:30,53413.3,0,0.0,0,0.0,0.0,53282.15,53435.85,52783.45,53710.35,0,0.0,0.0,0.0,0.0,-0.01,-1,-1,-0.01,-1,-1,-0.01,-1,-1,-0.01,-1,-1,-0.01,-1,-1,-0.01,-1,-1,-0.01,-1,-1,-0.01,-1,-1,-0.01,-1,-1,-0.01,-1,-1
99926009,2026-05-18 12:57:01+05:30,53417.25,0,0.0,0,0.0,0.0,53282.15,53435.85,52783.45,53710.35,0,0.0,0.0,0.0,0.0,-0.01,-1,-1,-0.01,-1,-1,-0.01,-1,-1,-0.01,-1,-1,-0.01,-1,-1,-0.01,-1,-1,-0.01,-1,-1,-0.01,-1,-1,-0.01,-1,-1,-0.01,-1,-1
99926009,2026-05-18 12:57:02+05:30,53418.05,0,0.0,0,0.0,0.0,53282.15,53435.85,52783.45,53710.35,0,0.0,0.0,0.0,0.0,-0.01,-1,-1,-0.01,-1,-1,-0.01,-1,-1,-0.01,-1,-1,-0.01,-1,-1,-0.01,-1,-1,-0.01,-1,-1,-0.01,-1,-1,-0.01,-1,-1,-0.01,-1,-1
99926009,2026-05-18 12:57:02+05:30,53421.6,0,0.0,0,0.0,0.0,53282.15,53435.85,52783.45,53710.35,0,0.0,0.0,0.0,0.0,-0.01,-1,-1,-0.01,-1,-1,-0.01,-1,-1,-0.01,-1,-1,-0.01,-1,-1,-0.01,-1,-1,-0.01,-1,-1,-0.01,-1,-1,-0.01,-1,-1,-0.01,-1,-1
99926009,2026-05-18 12:57:03+05:30,53422.05,0,0.0,0,0.0,0.0,53282.15,53435.85,52783.45,53710.35,0,0.0,0.0,0.0,0.0,-0.01,-1,-1,-0.01,-1,-1,-0.01,-1,-1,-0.01,-1,-1,-0.01,-1,-1,-0.01,-1,-1,-0.01,-1,-1,-0.01,-1,-1,-0.01,-1,-1,-0.01,-1,-1
99926009,2026-05-18 12:57:03+05:30,53421.55,0,0.0,0,0.0,0.0,53282.15,53435.85,52783.45,53710.35,0,0.0,0.0,0.0,0.0,-0.01,-1,-1,-0.01,-1,-1,-0.01,-1,-1,-0.01,-1,-1,-0.01,-1,-1,-0.01,-1,-1,-0.01,-1,-1,-0.01,-1,-1,-0.01,-1,-1,-0.01,-1,-1
99926009,2026-05-18 12:57:04+05:30,53421.75,0,0.0,0,0.0,0.0,53282.15,53435.85,52783.45,53710.35,0,0.0,0.0,0.0,0.0,-0.01,-1,-1,-0.01,-1,-1,-0.01,-1,-1,-0.01,-1,-1,-0.01,-1,-1,-0.01,-1,-1,-0.01,-1,-1,-0.01,-1,-1,-0.01,-1,-1,-0.01,-1,-1
99926009,2026-05-18 12:57:04+05:30,53422.95,0,0.0,0,0.0,0.0,53282.15,53435.85,52783.45,53710.35,0,0.0,0.0,0.0,0.0,-0.01,-1,-1,-0.01,-1,-1,-0.01,-1,-1,-0.01,-1,-1,-0.01,-1,-1,-0.01,-1,-1,-0.01,-1,-1,-0.01,-1,-1,-0.01,-1,-1,-0.01,-1,-1
99926009,2026-05-18 12:57:05+05:30,53421.65,0,0.0,0,0.0,0.0,53282.15,53435.85,52783.45,53710.35,0,0.0,0.0,0.0,0.0,-0.01,-1,-1,-0.01,-1,-1,-0.01,-1,-1,-0.01,-1,-1,-0.01,-1,-1,-0.01,-1,-1,-0.01,-1,-1,-0.01,-1,-1,-0.01,-1,-1,-0.01,-1,-1
99926009,2026-05-18 12:57:05+05:30,53420.15,0,0.0,0,0.0,0.0,53282.15,53435.85,52783.45,53710.35,0,0.0,0.0,0.0,0.0,-0.01,-1,-1,-0.01,-1,-1,-0.01,-1,-1,-0.01,-1,-1,-0.01,-1,-1,-0.01,-1,-1,-0.01,-1,-1,-0.01,-1,-1,-0.01,-1,-1,-0.01,-1,-1
99926009,2026-05-18 12:57:06+05:30,53420.95,0,0.0,0,0.0,0.0,53282.15,53435.85,52783.45,53710.35,0,0.0,0.0,0.0,0.0,-0.01,-1,-1,-0.01,-1,-1,-0.01,-1,-1,-0.01,-1,-1,-0.01,-1,-1,-0.01,-1,-1,-0.01,-1,-1,-0.01,-1,-1,-0.01,-1,-1,-0.01,-1,-1
99926009,2026-05-18 12:57:06+05:30,53424.65,0,0.0,0,0.0,0.0,53282.15,53435.85,52783.45,53710.35,0,0.0,0.0,0.0,0.0,-0.01,-1,-1,-0.01,-1,-1,-0.01,-1,-1,-0.01,-1,-1,-0.01,-1,-1,-0.01,-1,-1,-0.01,-1,-1,-0.01,-1,-1,-0.01,-1,-1,-0.01,-1,-1
99926009,2026-05-18 12:57:07+05:30,53425.8,0,0.0,0,0.0,0.0,53282.15,53435.85,52783.45,53710.35,0,0.0,0.0,0.0,0.0,-0.01,-1,-1,-0.01,-1,-1,-0.01,-1,-1,-0.01,-1,-1,-0.01,-1,-1,-0.01,-1,-1,-0.01,-1,-1,-0.01,-1,-1,-0.01,-1,-1,-0.01,-1,-1
99926009,2026-05-18 12:57:07+05:30,53424.05,0,0.0,0,0.0,0.0,53282.15,53435.85,52783.45,53710.35,0,0.0,0.0,0.0,0.0,-0.01,-1,-1,-0.01,-1,-1,-0.01,-1,-1,-0.01,-1,-1,-0.01,-1,-1,-0.01,-1,-1,-0.01,-1,-1,-0.01,-1,-1,-0.01,-1,-1,-0.01,-1,-1
99926009,2026-05-18 12:57:08+05:30,53424.95,0,0.0,0,0.0,0.0,53282.15,53435.85,52783.45,53710.35,0,0.0,0.0,0.0,0.0,-0.01,-1,-1,-0.01,-1,-1,-0.01,-1,-1,-0.01,-1,-1,-0.01,-1,-1,-0.01,-1,-1,-0.01,-1,-1,-0.01,-1,-1,-0.01,-1,-1,-0.01,-1,-1
99926009,2026-05-18 12:57:08+05:30,53417.1,0,0.0,0,0.0,0.0,53282.15,53435.85,52783.45,53710.35,0,0.0,0.0,0.0,0.0,-0.01,-1,-1,-0.01,-1,-1,-0.01,-1,-1,-0.01,-1,-1,-0.01,-1,-1,-0.01,-1,-1,-0.01,-1,-1,-0.01,-1,-1,-0.01,-1,-1,-0.01,-1,-1
99926009,2026-05-18 12:57:09+05:30,53415.45,0,0.0,0,0.0,0.0,53282.15,53435.85,52783.45,53710.35,0,0.0,0.0,0.0,0.0,-0.01,-1,-1,-0.01,-1,-1,-0.01,-1,-1,-0.01,-1,-1,-0.01,-1,-1,-0.01,-1,-1,-0.01,-1,-1,-0.01,-1,-1,-0.01,-1,-1,-0.01,-1,-1
99926009,2026-05-18 12:57:09+05:30,53416.55,0,0.0,0,0.0,0.0,53282.15,53435.85,52783.45,53710.35,0,0.0,0.0,0.0,0.0,-0.01,-1,-1,-0.01,-1,-1,-0.01,-1,-1,-0.01,-1,-1,-0.01,-1,-1,-0.01,-1,-1,-0.01,-1,-1,-0.01,-1,-1,-0.01,-1,-1,-0.01,-1,-1
99926009,2026-05-18 12:57:10+05:30,53412.7,0,0.0,0,0.0,0.0,53282.15,53435.85,52783.45,53710.35,0,0.0,0.0,0.0,0.0,-0.01,-1,-1,-0.01,-1,-1,-0.01,-1,-1,-0.01,-1,-1,-0.01,-1,-1,-0.01,-1,-1,-0.01,-1,-1,-0.01,-1,-1,-0.01,-1,-1,-0.01,-1,-1
99926009,2026-05-18 12:57:10+05:30,53412.45,0,0.0,0,0.0,0.0,53282.15,53435.85,52783.45,53710.35,0,0.0,0.0,0.0,0.0,-0.01,-1,-1,-0.01,-1,-1,-0.01,-1,-1,-0.01,-1,-1,-0.01,-1,-1,-0.01,-1,-1,-0.01,-1,-1,-0.01,-1,-1,-0.01,-1,-1,-0.01,-1,-1
99926009,2026-05-18 12:57:11+05:30,53414.5,0,0.0,0,0.0,0.0,53282.15,53435.85,52783.45,53710.35,0,0.0,0.0,0.0,0.0,-0.01,-1,-1,-0.01,-1,-1,-0.01,-1,-1,-0.01,-1,-1,-0.01,-1,-1,-0.01,-1,-1,-0.01,-1,-1,-0.01,-1,-1,-0.01,-1,-1,-0.01,-1,-1
99926009,2026-05-18 12:57:11+05:30,53416.6,0,0.0,0,0.0,0.0,53282.15,53435.85,52783.45,53710.35,0,0.0,0.0,0.0,0.0,-0.01,-1,-1,-0.01,-1,-1,-0.01,-1,-1,-0.01,-1,-1,-0.01,-1,-1,-0.01,-1,-1,-0.01,-1,-1,-0.01,-1,-1,-0.01,-1,-1,-0.01,-1,-1
99926009,2026-05-18 12:57:12+05:30,53411.0,0,0.0,0,0.0,0.0,53282.15,53435.85,52783.45,53710.35,0,0.0,0.0,0.0,0.0,-0.01,-1,-1,-0.01,-1,-1,-0.01,-1,-1,-0.01,-1,-1,-0.01,-1,-1,-0.01,-1,-1,-0.01,-1,-1,-0.01,-1,-1,-0.01,-1,-1,-0.01,-1,-1
99926009,2026-05-18 12:57:12+05:30,53411.75,0,0.0,0,0.0,0.0,53282.15,53435.85,52783.45,53710.35,0,0.0,0.0,0.0,0.0,-0.01,-1,-1,-0.01,-1,-1,-0.01,-1,-1,-0.01,-1,-1,-0.01,-1,-1,-0.01,-1,-1,-0.01,-1,-1,-0.01,-1,-1,-0.01,-1,-1,-0.01,-1,-1
99926009,2026-05-18 12:57:13+05:30,53412.95,0,0.0,0,0.0,0.0,53282.15,53435.85,52783.45,53710.35,0,0.0,0.0,0.0,0.0,-0.01,-1,-1,-0.01,-1,-1,-0.01,-1,-1,-0.01,-1,-1,-0.01,-1,-1,-0.01,-1,-1,-0.01,-1,-1,-0.01,-1,-1,-0.01,-1,-1,-0.01,-1,-1
99926009,2026-05-18 12:57:13+05:30,53410.15,0,0.0,0,0.0,0.0,53282.15,53435.85,52783.45,53710.35,0,0.0,0.0,0.0,0.0,-0.01,-1,-1,-0.01,-1,-1,-0.01,-1,-1,-0.01,-1,-1,-0.01,-1,-1,-0.01,-1,-1,-0.01,-1,-1,-0.01,-1,-1,-0.01,-1,-1,-0.01,-1,-1
99926009,2026-05-18 12:57:14+05:30,53414.8,0,0.0,0,0.0,0.0,53282.15,53435.85,52783.45,53710.35,0,0.0,0.0,0.0,0.0,-0.01,-1,-1,-0.01,-1,-1,-0.01,-1,-1,-0.01,-1,-1,-0.01,-1,-1,-0.01,-1,-1,-0.01,-1,-1,-0.01,-1,-1,-0.01,-1,-1,-0.01,-1,-1
99926009,2026-05-18 12:57:14+05:30,53413.55,0,0.0,0,0.0,0.0,53282.15,53435.85,52783.45,53710.35,0,0.0,0.0,0.0,0.0,-0.01,-1,-1,-0.01,-1,-1,-0.01,-1,-1,-0.01,-1,-1,-0.01,-1,-1,-0.01,-1,-1,-0.01,-1,-1,-0.01,-1,-1,-0.01,-1,-1,-0.01,-1,-1
99926009,2026-05-18 12:57:15+05:30,53413.05,0,0.0,0,0.0,0.0,53282.15,53435.85,52783.45,53710.35,0,0.0,0.0,0.0,0.0,-0.01,-1,-1,-0.01,-1,-1,-0.01,-1,-1,-0.01,-1,-1,-0.01,-1,-1,-0.01,-1,-1,-0.01,-1,-1,-0.01,-1,-1,-0.01,-1,-1,-0.01,-1,-1
99926009,2026-05-18 12:57:15+05:30,53413.9,0,0.0,0,0.0,0.0,53282.15,53435.85,52783.45,53710.35,0,0.0,0.0,0.0,0.0,-0.01,-1,-1,-0.01,-1,-1,-0.01,-1,-1,-0.01,-1,-1,-0.01,-1,-1,-0.01,-1,-1,-0.01,-1,-1,-0.01,-1,-1,-0.01,-1,-1,-0.01,-1,-1
99926009,2026-05-18 12:57:16+05:30,53414.9,0,0.0,0,0.0,0.0,53282.15,53435.85,52783.45,53710.35,0,0.0,0.0,0.0,0.0,-0.01,-1,-1,-0.01,-1,-1,-0.01,-1,-1,-0.01,-1,-1,-0.01,-1,-1,-0.01,-1,-1,-0.01,-1,-1,-0.01,-1,-1,-0.01,-1,-1,-0.01,-1,-1
99926009,2026-05-18 12:57:16+05:30,53412.1,0,0.0,0,0.0,0.0,53282.15,53435.85,52783.45,53710.35,0,0.0,0.0,0.0,0.0,-0.01,-1,-1,-0.01,-1,-1,-0.01,-1,-1,-0.01,-1,-1,-0.01,-1,-1,-0.01,-1,-1,-0.01,-1,-1,-0.01,-1,-1,-0.01,-1,-1,-0.01,-1,-1
99926009,2026-05-18 12:57:17+05:30,53412.0,0,0.0,0,0.0,0.0,53282.15,53435.85,52783.45,53710.35,0,0.0,0.0,0.0,0.0,-0.01,-1,-1,-0.01,-1,-1,-0.01,-1,-1,-0.01,-1,-1,-0.01,-1,-1,-0.01,-1,-1,-0.01,-1,-1,-0.01,-1,-1,-0.01,-1,-1,-0.01,-1,-1
99926009,2026-05-18 12:57:17+05:30,53410.9,0,0.0,0,0.0,0.0,53282.15,53435.85,52783.45,53710.35,0,0.0,0.0,0.0,0.0,-0.01,-1,-1,-0.01,-1,-1,-0.01,-1,-1,-0.01,-1,-1,-0.01,-1,-1,-0.01,-1,-1,-0.01,-1,-1,-0.01,-1,-1,-0.01,-1,-1,-0.01,-1,-1
99926009,2026-05-18 12:57:18+05:30,53412.8,0,0.0,0,0.0,0.0,53282.15,53435.85,52783.45,53710.35,0,0.0,0.0,0.0,0.0,-0.01,-1,-1,-0.01,-1,-1,-0.01,-1,-1,-0.01,-1,-1,-0.01,-1,-1,-0.01,-1,-1,-0.01,-1,-1,-0.01,-1,-1,-0.01,-1,-1,-0.01,-1,-1
99926009,2026-05-18 12:57:18+05:30,53413.7,0,0.0,0,0.0,0.0,53282.15,53435.85,52783.45,53710.35,0,0.0,0.0,0.0,0.0,-0.01,-1,-1,-0.01,-1,-1,-0.01,-1,-1,-0.01,-1,-1,-0.01,-1,-1,-0.01,-1,-1,-0.01,-1,-1,-0.01,-1,-1,-0.01,-1,-1,-0.01,-1,-1
99926009,2026-05-18 12:57:19+05:30,53412.4,0,0.0,0,0.0,0.0,53282.15,53435.85,52783.45,53710.35,0,0.0,0.0,0.0,0.0,-0.01,-1,-1,-0.01,-1,-1,-0.01,-1,-1,-0.01,-1,-1,-0.01,-1,-1,-0.01,-1,-1,-0.01,-1,-1,-0.01,-1,-1,-0.01,-1,-1,-0.01,-1,-1
99926009,2026-05-18 12:57:19+05:30,53409.75,0,0.0,0,0.0,0.0,53282.15,53435.85,52783.45,53710.35,0,0.0,0.0,0.0,0.0,-0.01,-1,-1,-0.01,-1,-1,-0.01,-1,-1,-0.01,-1,-1,-0.01,-1,-1,-0.01,-1,-1,-0.01,-1,-1,-0.01,-1,-1,-0.01,-1,-1,-0.01,-1,-1
99926009,2026-05-18 12:57:20+05:30,53410.9,0,0.0,0,0.0,0.0,53282.15,53435.85,52783.45,53710.35,0,0.0,0.0,0.0,0.0,-0.01,-1,-1,-0.01,-1,-1,-0.01,-1,-1,-0.01,-1,-1,-0.01,-1,-1,-0.01,-1,-1,-0.01,-1,-1,-0.01,-1,-1,-0.01,-1,-1,-0.01,-1,-1
99926009,2026-05-18 12:57:20+05:30,53409.25,0,0.0,0,0.0,0.0,53282.15,53435.85,52783.45,53710.35,0,0.0,0.0,0.0,0.0,-0.01,-1,-1,-0.01,-1,-1,-0.01,-1,-1,-0.01,-1,-1,-0.01,-1,-1,-0.01,-1,-1,-0.01,-1,-1,-0.01,-1,-1,-0.01,-1,-1,-0.01,-1,-1
99926009,2026-05-18 12:57:21+05:30,53410.55,0,0.0,0,0.0,0.0,53282.15,53435.85,52783.45,53710.35,0,0.0,0.0,0.0,0.0,-0.01,-1,-1,-0.01,-1,-1,-0.01,-1,-1,-0.01,-1,-1,-0.01,-1,-1,-0.01,-1,-1,-0.01,-1,-1,-0.01,-1,-1,-0.01,-1,-1,-0.01,-1,-1
99926009,2026-05-18 12:57:21+05:30,53410.4,0,0.0,0,0.0,0.0,53282.15,53435.85,52783.45,53710.35,0,0.0,0.0,0.0,0.0,-0.01,-1,-1,-0.01,-1,-1,-0.01,-1,-1,-0.01,-1,-1,-0.01,-1,-1,-0.01,-1,-1,-0.01,-1,-1,-0.01,-1,-1,-0.01,-1,-1,-0.01,-1,-1
99926009,2026-05-18 12:57:22+05:30,53413.35,0,0.0,0,0.0,0.0,53282.15,53435.85,52783.45,53710.35,0,0.0,0.0,0.0,0.0,-0.01,-1,-1,-0.01,-1,-1,-0.01,-1,-1,-0.01,-1,-1,-0.01,-1,-1,-0.01,-1,-1,-0.01,-1,-1,-0.01,-1,-1,-0.01,-1,-1,-0.01,-1,-1
99926009,2026-05-18 12:57:22+05:30,53411.95,0,0.0,0,0.0,0.0,53282.15,53435.85,52783.45,53710.35,0,0.0,0.0,0.0,0.0,-0.01,-1,-1,-0.01,-1,-1,-0.01,-1,-1,-0.01,-1,-1,-0.01,-1,-1,-0.01,-1,-1,-0.01,-1,-1,-0.01,-1,-1,-0.01,-1,-1,-0.01,-1,-1
99926009,2026-05-18 12:57:23+05:30,53408.85,0,0.0,0,0.0,0.0,53282.15,53435.85,52783.45,53710.35,0,0.0,0.0,0.0,0.0,-0.01,-1,-1,-0.01,-1,-1,-0.01,-1,-1,-0.01,-1,-1,-0.01,-1,-1,-0.01,-1,-1,-0.01,-1,-1,-0.01,-1,-1,-0.01,-1,-1,-0.01,-1,-1
99926009,2026-05-18 12:57:23+05:30,53410.45,0,0.0,0,0.0,0.0,53282.15,53435.85,52783.45,53710.35,0,0.0,0.0,0.0,0.0,-0.01,-1,-1,-0.01,-1,-1,-0.01,-1,-1,-0.01,-1,-1,-0.01,-1,-1,-0.01,-1,-1,-0.01,-1,-1,-0.01,-1,-1,-0.01,-1,-1,-0.01,-1,-1
99926009,2026-05-18 12:57:24+05:30,53409.7,0,0.0,0,0.0,0.0,53282.15,53435.85,52783.45,53710.35,0,0.0,0.0,0.0,0.0,-0.01,-1,-1,-0.01,-1,-1,-0.01,-1,-1,-0.01,-1,-1,-0.01,-1,-1,-0.01,-1,-1,-0.01,-1,-1,-0.01,-1,-1,-0.01,-1,-1,-0.01,-1,-1
99926009,2026-05-18 12:57:24+05:30,53408.85,0,0.0,0,0.0,0.0,53282.15,53435.85,52783.45,53710.35,0,0.0,0.0,0.0,0.0,-0.01,-1,-1,-0.01,-1,-1,-0.01,-1,-1,-0.01,-1,-1,-0.01,-1,-1,-0.01,-1,-1,-0.01,-1,-1,-0.01,-1,-1,-0.01,-1,-1,-0.01,-1,-1
99926009,2026-05-18 12:57:25+05:30,53407.85,0,0.0,0,0.0,0.0,53282.15,53435.85,52783.45,53710.35,0,0.0,0.0,0.0,0.0,-0.01,-1,-1,-0.01,-1,-1,-0.01,-1,-1,-0.01,-1,-1,-0.01,-1,-1,-0.01,-1,-1,-0.01,-1,-1,-0.01,-1,-1,-0.01,-1,-1,-0.01,-1,-1
99926009,2026-05-18 12:57:25+05:30,53407.4,0,0.0,0,0.0,0.0,53282.15,53435.85,52783.45,53710.35,0,0.0,0.0,0.0,0.0,-0.01,-1,-1,-0.01,-1,-1,-0.01,-1,-1,-0.01,-1,-1,-0.01,-1,-1,-0.01,-1,-1,-0.01,-1,-1,-0.01,-1,-1,-0.01,-1,-1,-0.01,-1,-1
99926009,2026-05-18 12:57:26+05:30,53409.0,0,0.0,0,0.0,0.0,53282.15,53435.85,52783.45,53710.35,0,0.0,0.0,0.0,0.0,-0.01,-1,-1,-0.01,-1,-1,-0.01,-1,-1,-0.01,-1,-1,-0.01,-1,-1,-0.01,-1,-1,-0.01,-1,-1,-0.01,-1,-1,-0.01,-1,-1,-0.01,-1,-1
99926009,2026-05-18 12:57:26+05:30,53410.55,0,0.0,0,0.0,0.0,53282.15,53435.85,52783.45,53710.35,0,0.0,0.0,0.0,0.0,-0.01,-1,-1,-0.01,-1,-1,-0.01,-1,-1,-0.01,-1,-1,-0.01,-1,-1,-0.01,-1,-1,-0.01,-1,-1,-0.01,-1,-1,-0.01,-1,-1,-0.01,-1,-1
99926009,2026-05-18 12:57:27+05:30,53412.55,0,0.0,0,0.0,0.0,53282.15,53435.85,52783.45,53710.35,0,0.0,0.0,0.0,0.0,-0.01,-1,-1,-0.01,-1,-1,-0.01,-1,-1,-0.01,-1,-1,-0.01,-1,-1,-0.01,-1,-1,-0.01,-1,-1,-0.01,-1,-1,-0.01,-1,-1,-0.01,-1,-1
99926009,2026-05-18 12:57:27+05:30,53410.4,0,0.0,0,0.0,0.0,53282.15,53435.85,52783.45,53710.35,0,0.0,0.0,0.0,0.0,-0.01,-1,-1,-0.01,-1,-1,-0.01,-1,-1,-0.01,-1,-1,-0.01,-1,-1,-0.01,-1,-1,-0.01,-1,-1,-0.01,-1,-1,-0.01,-1,-1,-0.01,-1,-1
99926009,2026-05-18 12:57:28+05:30,53410.6,0,0.0,0,0.0,0.0,53282.15,53435.85,52783.45,53710.35,0,0.0,0.0,0.0,0.0,-0.01,-1,-1,-0.01,-1,-1,-0.01,-1,-1,-0.01,-1,-1,-0.01,-1,-1,-0.01,-1,-1,-0.01,-1,-1,-0.01,-1,-1,-0.01,-1,-1,-0.01,-1,-1
99926009,2026-05-18 12:57:28+05:30,53412.95,0,0.0,0,0.0,0.0,53282.15,53435.85,52783.45,53710.35,0,0.0,0.0,0.0,0.0,-0.01,-1,-1,-0.01,-1,-1,-0.01,-1,-1,-0.01,-1,-1,-0.01,-1,-1,-0.01,-1,-1,-0.01,-1,-1,-0.01,-1,-1,-0.01,-1,-1,-0.01,-1,-1
99926009,2026-05-18 12:57:29+05:30,53410.15,0,0.0,0,0.0,0.0,53282.15,53435.85,52783.45,53710.35,0,0.0,0.0,0.0,0.0,-0.01,-1,-1,-0.01,-1,-1,-0.01,-1,-1,-0.01,-1,-1,-0.01,-1,-1,-0.01,-1,-1,-0.01,-1,-1,-0.01,-1,-1,-0.01,-1,-1,-0.01,-1,-1
99926009,2026-05-18 12:57:29+05:30,53409.2,0,0.0,0,0.0,0.0,53282.15,53435.85,52783.45,53710.35,0,0.0,0.0,0.0,0.0,-0.01,-1,-1,-0.01,-1,-1,-0.01,-1,-1,-0.01,-1,-1,-0.01,-1,-1,-0.01,-1,-1,-0.01,-1,-1,-0.01,-1,-1,-0.01,-1,-1,-0.01,-1,-1
99926009,2026-05-18 12:57:30+05:30,53407.25,0,0.0,0,0.0,0.0,53282.15,53435.85,52783.45,53710.35,0,0.0,0.0,0.0,0.0,-0.01,-1,-1,-0.01,-1,-1,-0.01,-1,-1,-0.01,-1,-1,-0.01,-1,-1,-0.01,-1,-1,-0.01,-1,-1,-0.01,-1,-1,-0.01,-1,-1,-0.01,-1,-1
99926009,2026-05-18 12:57:30+05:30,53409.4,0,0.0,0,0.0,0.0,53282.15,53435.85,52783.45,53710.35,0,0.0,0.0,0.0,0.0,-0.01,-1,-1,-0.01,-1,-1,-0.01,-1,-1,-0.01,-1,-1,-0.01,-1,-1,-0.01,-1,-1,-0.01,-1,-1,-0.01,-1,-1,-0.01,-1,-1,-0.01,-1,-1
99926009,2026-05-18 12:57:31+05:30,53407.95,0,0.0,0,0.0,0.0,53282.15,53435.85,52783.45,53710.35,0,0.0,0.0,0.0,0.0,-0.01,-1,-1,-0.01,-1,-1,-0.01,-1,-1,-0.01,-1,-1,-0.01,-1,-1,-0.01,-1,-1,-0.01,-1,-1,-0.01,-1,-1,-0.01,-1,-1,-0.01,-1,-1
99926009,2026-05-18 12:57:31+05:30,53409.25,0,0.0,0,0.0,0.0,53282.15,53435.85,52783.45,53710.35,0,0.0,0.0,0.0,0.0,-0.01,-1,-1,-0.01,-1,-1,-0.01,-1,-1,-0.01,-1,-1,-0.01,-1,-1,-0.01,-1,-1,-0.01,-1,-1,-0.01,-1,-1,-0.01,-1,-1,-0.01,-1,-1
99926009,2026-05-18 12:57:32+05:30,53410.35,0,0.0,0,0.0,0.0,53282.15,53435.85,52783.45,53710.35,0,0.0,0.0,0.0,0.0,-0.01,-1,-1,-0.01,-1,-1,-0.01,-1,-1,-0.01,-1,-1,-0.01,-1,-1,-0.01,-1,-1,-0.01,-1,-1,-0.01,-1,-1,-0.01,-1,-1,-0.01,-1,-1
99926009,2026-05-18 12:57:32+05:30,53408.5,0,0.0,0,0.0,0.0,53282.15,53435.85,52783.45,53710.35,0,0.0,0.0,0.0,0.0,-0.01,-1,-1,-0.01,-1,-1,-0.01,-1,-1,-0.01,-1,-1,-0.01,-1,-1,-0.01,-1,-1,-0.01,-1,-1,-0.01,-1,-1,-0.01,-1,-1,-0.01,-1,-1
99926009,2026-05-18 12:57:33+05:30,53409.25,0,0.0,0,0.0,0.0,53282.15,53435.85,52783.45,53710.35,0,0.0,0.0,0.0,0.0,-0.01,-1,-1,-0.01,-1,-1,-0.01,-1,-1,-0.01,-1,-1,-0.01,-1,-1,-0.01,-1,-1,-0.01,-1,-1,-0.01,-1,-1,-0.01,-1,-1,-0.01,-1,-1
99926009,2026-05-18 12:57:33+05:30,53410.0,0,0.0,0,0.0,0.0,53282.15,53435.85,52783.45,53710.35,0,0.0,0.0,0.0,0.0,-0.01,-1,-1,-0.01,-1,-1,-0.01,-1,-1,-0.01,-1,-1,-0.01,-1,-1,-0.01,-1,-1,-0.01,-1,-1,-0.01,-1,-1,-0.01,-1,-1,-0.01,-1,-1
99926009,2026-05-18 12:57:34+05:30,53407.9,0,0.0,0,0.0,0.0,53282.15,53435.85,52783.45,53710.35,0,0.0,0.0,0.0,0.0,-0.01,-1,-1,-0.01,-1,-1,-0.01,-1,-1,-0.01,-1,-1,-0.01,-1,-1,-0.01,-1,-1,-0.01,-1,-1,-0.01,-1,-1,-0.01,-1,-1,-0.01,-1,-1
99926009,2026-05-18 12:57:34+05:30,53410.1,0,0.0,0,0.0,0.0,53282.15,53435.85,52783.45,53710.35,0,0.0,0.0,0.0,0.0,-0.01,-1,-1,-0.01,-1,-1,-0.01,-1,-1,-0.01,-1,-1,-0.01,-1,-1,-0.01,-1,-1,-0.01,-1,-1,-0.01,-1,-1,-0.01,-1,-1,-0.01,-1,-1
99926009,2026-05-18 12:57:35+05:30,53409.4,0,0.0,0,0.0,0.0,53282.15,53435.85,52783.45,53710.35,0,0.0,0.0,0.0,0.0,-0.01,-1,-1,-0.01,-1,-1,-0.01,-1,-1,-0.01,-1,-1,-0.01,-1,-1,-0.01,-1,-1,-0.01,-1,-1,-0.01,-1,-1,-0.01,-1,-1,-0.01,-1,-1
99926009,2026-05-18 12:57:35+05:30,53409.2,0,0.0,0,0.0,0.0,53282.15,53435.85,52783.45,53710.35,0,0.0,0.0,0.0,0.0,-0.01,-1,-1,-0.01,-1,-1,-0.01,-1,-1,-0.01,-1,-1,-0.01,-1,-1,-0.01,-1,-1,-0.01,-1,-1,-0.01,-1,-1,-0.01,-1,-1,-0.01,-1,-1
99926009,2026-05-18 12:57:36+05:30,53411.2,0,0.0,0,0.0,0.0,53282.15,53435.85,52783.45,53710.35,0,0.0,0.0,0.0,0.0,-0.01,-1,-1,-0.01,-1,-1,-0.01,-1,-1,-0.01,-1,-1,-0.01,-1,-1,-0.01,-1,-1,-0.01,-1,-1,-0.01,-1,-1,-0.01,-1,-1,-0.01,-1,-1
99926009,2026-05-18 12:57:36+05:30,53413.05,0,0.0,0,0.0,0.0,53282.15,53435.85,52783.45,53710.35,0,0.0,0.0,0.0,0.0,-0.01,-1,-1,-0.01,-1,-1,-0.01,-1,-1,-0.01,-1,-1,-0.01,-1,-1,-0.01,-1,-1,-0.01,-1,-1,-0.01,-1,-1,-0.01,-1,-1,-0.01,-1,-1
99926009,2026-05-18 12:57:37+05:30,53409.7,0,0.0,0,0.0,0.0,53282.15,53435.85,52783.45,53710.35,0,0.0,0.0,0.0,0.0,-0.01,-1,-1,-0.01,-1,-1,-0.01,-1,-1,-0.01,-1,-1,-0.01,-1,-1,-0.01,-1,-1,-0.01,-1,-1,-0.01,-1,-1,-0.01,-1,-1,-0.01,-1,-1
99926009,2026-05-18 12:57:37+05:30,53412.3,0,0.0,0,0.0,0.0,53282.15,53435.85,52783.45,53710.35,0,0.0,0.0,0.0,0.0,-0.01,-1,-1,-0.01,-1,-1,-0.01,-1,-1,-0.01,-1,-1,-0.01,-1,-1,-0.01,-1,-1,-0.01,-1,-1,-0.01,-1,-1,-0.01,-1,-1,-0.01,-1,-1
99926009,2026-05-18 12:57:38+05:30,53414.55,0,0.0,0,0.0,0.0,53282.15,53435.85,52783.45,53710.35,0,0.0,0.0,0.0,0.0,-0.01,-1,-1,-0.01,-1,-1,-0.01,-1,-1,-0.01,-1,-1,-0.01,-1,-1,-0.01,-1,-1,-0.01,-1,-1,-0.01,-1,-1,-0.01,-1,-1,-0.01,-1,-1
99926009,2026-05-18 12:57:38+05:30,53421.05,0,0.0,0,0.0,0.0,53282.15,53435.85,52783.45,53710.35,0,0.0,0.0,0.0,0.0,-0.01,-1,-1,-0.01,-1,-1,-0.01,-1,-1,-0.01,-1,-1,-0.01,-1,-1,-0.01,-1,-1,-0.01,-1,-1,-0.01,-1,-1,-0.01,-1,-1,-0.01,-1,-1
99926009,2026-05-18 12:57:39+05:30,53415.45,0,0.0,0,0.0,0.0,53282.15,53435.85,52783.45,53710.35,0,0.0,0.0,0.0,0.0,-0.01,-1,-1,-0.01,-1,-1,-0.01,-1,-1,-0.01,-1,-1,-0.01,-1,-1,-0.01,-1,-1,-0.01,-1,-1,-0.01,-1,-1,-0.01,-1,-1,-0.01,-1,-1
99926009,2026-05-18 12:57:39+05:30,53417.55,0,0.0,0,0.0,0.0,53282.15,53435.85,52783.45,53710.35,0,0.0,0.0,0.0,0.0,-0.01,-1,-1,-0.01,-1,-1,-0.01,-1,-1,-0.01,-1,-1,-0.01,-1,-1,-0.01,-1,-1,-0.01,-1,-1,-0.01,-1,-1,-0.01,-1,-1,-0.01,-1,-1
99926009,2026-05-18 12:57:40+05:30,53419.25,0,0.0,0,0.0,0.0,53282.15,53435.85,52783.45,53710.35,0,0.0,0.0,0.0,0.0,-0.01,-1,-1,-0.01,-1,-1,-0.01,-1,-1,-0.01,-1,-1,-0.01,-1,-1,-0.01,-1,-1,-0.01,-1,-1,-0.01,-1,-1,-0.01,-1,-1,-0.01,-1,-1
99926009,2026-05-18 12:57:40+05:30,53421.25,0,0.0,0,0.0,0.0,53282.15,53435.85,52783.45,53710.35,0,0.0,0.0,0.0,0.0,-0.01,-1,-1,-0.01,-1,-1,-0.01,-1,-1,-0.01,-1,-1,-0.01,-1,-1,-0.01,-1,-1,-0.01,-1,-1,-0.01,-1,-1,-0.01,-1,-1,-0.01,-1,-1
99926009,2026-05-18 12:57:41+05:30,53420.8,0,0.0,0,0.0,0.0,53282.15,53435.85,52783.45,53710.35,0,0.0,0.0,0.0,0.0,-0.01,-1,-1,-0.01,-1,-1,-0.01,-1,-1,-0.01,-1,-1,-0.01,-1,-1,-0.01,-1,-1,-0.01,-1,-1,-0.01,-1,-1,-0.01,-1,-1,-0.01,-1,-1
99926009,2026-05-18 12:57:41+05:30,53414.35,0,0.0,0,0.0,0.0,53282.15,53435.85,52783.45,53710.35,0,0.0,0.0,0.0,0.0,-0.01,-1,-1,-0.01,-1,-1,-0.01,-1,-1,-0.01,-1,-1,-0.01,-1,-1,-0.01,-1,-1,-0.01,-1,-1,-0.01,-1,-1,-0.01,-1,-1,-0.01,-1,-1
99926009,2026-05-18 12:57:42+05:30,53414.55,0,0.0,0,0.0,0.0,53282.15,53435.85,52783.45,53710.35,0,0.0,0.0,0.0,0.0,-0.01,-1,-1,-0.01,-1,-1,-0.01,-1,-1,-0.01,-1,-1,-0.01,-1,-1,-0.01,-1,-1,-0.01,-1,-1,-0.01,-1,-1,-0.01,-1,-1,-0.01,-1,-1
99926009,2026-05-18 12:57:42+05:30,53416.1,0,0.0,0,0.0,0.0,53282.15,53435.85,52783.45,53710.35,0,0.0,0.0,0.0,0.0,-0.01,-1,-1,-0.01,-1,-1,-0.01,-1,-1,-0.01,-1,-1,-0.01,-1,-1,-0.01,-1,-1,-0.01,-1,-1,-0.01,-1,-1,-0.01,-1,-1,-0.01,-1,-1
99926009,2026-05-18 12:57:43+05:30,53418.35,0,0.0,0,0.0,0.0,53282.15,53435.85,52783.45,53710.35,0,0.0,0.0,0.0,0.0,-0.01,-1,-1,-0.01,-1,-1,-0.01,-1,-1,-0.01,-1,-1,-0.01,-1,-1,-0.01,-1,-1,-0.01,-1,-1,-0.01,-1,-1,-0.01,-1,-1,-0.01,-1,-1
99926009,2026-05-18 12:57:43+05:30,53418.4,0,0.0,0,0.0,0.0,53282.15,53435.85,52783.45,53710.35,0,0.0,0.0,0.0,0.0,-0.01,-1,-1,-0.01,-1,-1,-0.01,-1,-1,-0.01,-1,-1,-0.01,-1,-1,-0.01,-1,-1,-0.01,-1,-1,-0.01,-1,-1,-0.01,-1,-1,-0.01,-1,-1
99926009,2026-05-18 12:57:44+05:30,53418.3,0,0.0,0,0.0,0.0,53282.15,53435.85,52783.45,53710.35,0,0.0,0.0,0.0,0.0,-0.01,-1,-1,-0.01,-1,-1,-0.01,-1,-1,-0.01,-1,-1,-0.01,-1,-1,-0.01,-1,-1,-0.01,-1,-1,-0.01,-1,-1,-0.01,-1,-1,-0.01,-1,-1
99926009,2026-05-18 12:57:44+05:30,53415.6,0,0.0,0,0.0,0.0,53282.15,53435.85,52783.45,53710.35,0,0.0,0.0,0.0,0.0,-0.01,-1,-1,-0.01,-1,-1,-0.01,-1,-1,-0.01,-1,-1,-0.01,-1,-1,-0.01,-1,-1,-0.01,-1,-1,-0.01,-1,-1,-0.01,-1,-1,-0.01,-1,-1
99926009,2026-05-18 12:57:45+05:30,53415.75,0,0.0,0,0.0,0.0,53282.15,53435.85,52783.45,53710.35,0,0.0,0.0,0.0,0.0,-0.01,-1,-1,-0.01,-1,-1,-0.01,-1,-1,-0.01,-1,-1,-0.01,-1,-1,-0.01,-1,-1,-0.01,-1,-1,-0.01,-1,-1,-0.01,-1,-1,-0.01,-1,-1
99926009,2026-05-18 12:57:45+05:30,53418.85,0,0.0,0,0.0,0.0,53282.15,53435.85,52783.45,53710.35,0,0.0,0.0,0.0,0.0,-0.01,-1,-1,-0.01,-1,-1,-0.01,-1,-1,-0.01,-1,-1,-0.01,-1,-1,-0.01,-1,-1,-0.01,-1,-1,-0.01,-1,-1,-0.01,-1,-1,-0.01,-1,-1
99926009,2026-05-18 12:57:46+05:30,53417.9,0,0.0,0,0.0,0.0,53282.15,53435.85,52783.45,53710.35,0,0.0,0.0,0.0,0.0,-0.01,-1,-1,-0.01,-1,-1,-0.01,-1,-1,-0.01,-1,-1,-0.01,-1,-1,-0.01,-1,-1,-0.01,-1,-1,-0.01,-1,-1,-0.01,-1,-1,-0.01,-1,-1
99926009,2026-05-18 12:57:46+05:30,53422.2,0,0.0,0,0.0,0.0,53282.15,53435.85,52783.45,53710.35,0,0.0,0.0,0.0,0.0,-0.01,-1,-1,-0.01,-1,-1,-0.01,-1,-1,-0.01,-1,-1,-0.01,-1,-1,-0.01,-1,-1,-0.01,-1,-1,-0.01,-1,-1,-0.01,-1,-1,-0.01,-1,-1
99926009,2026-05-18 12:57:47+05:30,53418.55,0,0.0,0,0.0,0.0,53282.15,53435.85,52783.45,53710.35,0,0.0,0.0,0.0,0.0,-0.01,-1,-1,-0.01,-1,-1,-0.01,-1,-1,-0.01,-1,-1,-0.01,-1,-1,-0.01,-1,-1,-0.01,-1,-1,-0.01,-1,-1,-0.01,-1,-1,-0.01,-1,-1
99926009,2026-05-18 12:57:47+05:30,53419.65,0,0.0,0,0.0,0.0,53282.15,53435.85,52783.45,53710.35,0,0.0,0.0,0.0,0.0,-0.01,-1,-1,-0.01,-1,-1,-0.01,-1,-1,-0.01,-1,-1,-0.01,-1,-1,-0.01,-1,-1,-0.01,-1,-1,-0.01,-1,-1,-0.01,-1,-1,-0.01,-1,-1
99926009,2026-05-18 12:57:48+05:30,53421.45,0,0.0,0,0.0,0.0,53282.15,53435.85,52783.45,53710.35,0,0.0,0.0,0.0,0.0,-0.01,-1,-1,-0.01,-1,-1,-0.01,-1,-1,-0.01,-1,-1,-0.01,-1,-1,-0.01,-1,-1,-0.01,-1,-1,-0.01,-1,-1,-0.01,-1,-1,-0.01,-1,-1
99926009,2026-05-18 12:57:48+05:30,53423.0,0,0.0,0,0.0,0.0,53282.15,53435.85,52783.45,53710.35,0,0.0,0.0,0.0,0.0,-0.01,-1,-1,-0.01,-1,-1,-0.01,-1,-1,-0.01,-1,-1,-0.01,-1,-1,-0.01,-1,-1,-0.01,-1,-1,-0.01,-1,-1,-0.01,-1,-1,-0.01,-1,-1
99926009,2026-05-18 12:57:49+05:30,53426.0,0,0.0,0,0.0,0.0,53282.15,53435.85,52783.45,53710.35,0,0.0,0.0,0.0,0.0,-0.01,-1,-1,-0.01,-1,-1,-0.01,-1,-1,-0.01,-1,-1,-0.01,-1,-1,-0.01,-1,-1,-0.01,-1,-1,-0.01,-1,-1,-0.01,-1,-1,-0.01,-1,-1
99926009,2026-05-18 12:57:49+05:30,53426.15,0,0.0,0,0.0,0.0,53282.15,53435.85,52783.45,53710.35,0,0.0,0.0,0.0,0.0,-0.01,-1,-1,-0.01,-1,-1,-0.01,-1,-1,-0.01,-1,-1,-0.01,-1,-1,-0.01,-1,-1,-0.01,-1,-1,-0.01,-1,-1,-0.01,-1,-1,-0.01,-1,-1
99926009,2026-05-18 12:57:50+05:30,53425.9,0,0.0,0,0.0,0.0,53282.15,53435.85,52783.45,53710.35,0,0.0,0.0,0.0,0.0,-0.01,-1,-1,-0.01,-1,-1,-0.01,-1,-1,-0.01,-1,-1,-0.01,-1,-1,-0.01,-1,-1,-0.01,-1,-1,-0.01,-1,-1,-0.01,-1,-1,-0.01,-1,-1
99926009,2026-05-18 12:57:50+05:30,53429.7,0,0.0,0,0.0,0.0,53282.15,53435.85,52783.45,53710.35,0,0.0,0.0,0.0,0.0,-0.01,-1,-1,-0.01,-1,-1,-0.01,-1,-1,-0.01,-1,-1,-0.01,-1,-1,-0.01,-1,-1,-0.01,-1,-1,-0.01,-1,-1,-0.01,-1,-1,-0.01,-1,-1
99926009,2026-05-18 12:57:51+05:30,53439.1,0,0.0,0,0.0,0.0,53282.15,53439.7,52783.45,53710.35,0,0.0,0.0,0.0,0.0,-0.01,-1,-1,-0.01,-1,-1,-0.01,-1,-1,-0.01,-1,-1,-0.01,-1,-1,-0.01,-1,-1,-0.01,-1,-1,-0.01,-1,-1,-0.01,-1,-1,-0.01,-1,-1
99926009,2026-05-18 12:57:51+05:30,53441.6,0,0.0,0,0.0,0.0,53282.15,53442.8,52783.45,53710.35,0,0.0,0.0,0.0,0.0,-0.01,-1,-1,-0.01,-1,-1,-0.01,-1,-1,-0.01,-1,-1,-0.01,-1,-1,-0.01,-1,-1,-0.01,-1,-1,-0.01,-1,-1,-0.01,-1,-1,-0.01,-1,-1
99926009,2026-05-18 12:57:52+05:30,53438.3,0,0.0,0,0.0,0.0,53282.15,53442.8,52783.45,53710.35,0,0.0,0.0,0.0,0.0,-0.01,-1,-1,-0.01,-1,-1,-0.01,-1,-1,-0.01,-1,-1,-0.01,-1,-1,-0.01,-1,-1,-0.01,-1,-1,-0.01,-1,-1,-0.01,-1,-1,-0.01,-1,-1
99926009,2026-05-18 12:57:52+05:30,53438.5,0,0.0,0,0.0,0.0,53282.15,53442.8,52783.45,53710.35,0,0.0,0.0,0.0,0.0,-0.01,-1,-1,-0.01,-1,-1,-0.01,-1,-1,-0.01,-1,-1,-0.01,-1,-1,-0.01,-1,-1,-0.01,-1,-1,-0.01,-1,-1,-0.01,-1,-1,-0.01,-1,-1
99926009,2026-05-18 12:57:53+05:30,53439.35,0,0.0,0,0.0,0.0,53282.15,53442.8,52783.45,53710.35,0,0.0,0.0,0.0,0.0,-0.01,-1,-1,-0.01,-1,-1,-0.01,-1,-1,-0.01,-1,-1,-0.01,-1,-1,-0.01,-1,-1,-0.01,-1,-1,-0.01,-1,-1,-0.01,-1,-1,-0.01,-1,-1
99926009,2026-05-18 12:57:53+05:30,53437.65,0,0.0,0,0.0,0.0,53282.15,53442.8,52783.45,53710.35,0,0.0,0.0,0.0,0.0,-0.01,-1,-1,-0.01,-1,-1,-0.01,-1,-1,-0.01,-1,-1,-0.01,-1,-1,-0.01,-1,-1,-0.01,-1,-1,-0.01,-1,-1,-0.01,-1,-1,-0.01,-1,-1
99926009,2026-05-18 12:57:54+05:30,53441.45,0,0.0,0,0.0,0.0,53282.15,53442.8,52783.45,53710.35,0,0.0,0.0,0.0,0.0,-0.01,-1,-1,-0.01,-1,-1,-0.01,-1,-1,-0.01,-1,-1,-0.01,-1,-1,-0.01,-1,-1,-0.01,-1,-1,-0.01,-1,-1,-0.01,-1,-1,-0.01,-1,-1
99926009,2026-05-18 12:57:54+05:30,53445.45,0,0.0,0,0.0,0.0,53282.15,53447.4,52783.45,53710.35,0,0.0,0.0,0.0,0.0,-0.01,-1,-1,-0.01,-1,-1,-0.01,-1,-1,-0.01,-1,-1,-0.01,-1,-1,-0.01,-1,-1,-0.01,-1,-1,-0.01,-1,-1,-0.01,-1,-1,-0.01,-1,-1
99926009,2026-05-18 12:57:55+05:30,53441.7,0,0.0,0,0.0,0.0,53282.15,53450.3,52783.45,53710.35,0,0.0,0.0,0.0,0.0,-0.01,-1,-1,-0.01,-1,-1,-0.01,-1,-1,-0.01,-1,-1,-0.01,-1,-1,-0.01,-1,-1,-0.01,-1,-1,-0.01,-1,-1,-0.01,-1,-1,-0.01,-1,-1
99926009,2026-05-18 12:57:55+05:30,53445.85,0,0.0,0,0.0,0.0,53282.15,53451.6,52783.45,53710.35,0,0.0,0.0,0.0,0.0,-0.01,-1,-1,-0.01,-1,-1,-0.01,-1,-1,-0.01,-1,-1,-0.01,-1,-1,-0.01,-1,-1,-0.01,-1,-1,-0.01,-1,-1,-0.01,-1,-1,-0.01,-1,-1
99926009,2026-05-18 12:57:56+05:30,53445.75,0,0.0,0,0.0,0.0,53282.15,53451.6,52783.45,53710.35,0,0.0,0.0,0.0,0.0,-0.01,-1,-1,-0.01,-1,-1,-0.01,-1,-1,-0.01,-1,-1,-0.01,-1,-1,-0.01,-1,-1,-0.01,-1,-1,-0.01,-1,-1,-0.01,-1,-1,-0.01,-1,-1
99926009,2026-05-18 12:57:56+05:30,53446.0,0,0.0,0,0.0,0.0,53282.15,53451.6,52783.45,53710.35,0,0.0,0.0,0.0,0.0,-0.01,-1,-1,-0.01,-1,-1,-0.01,-1,-1,-0.01,-1,-1,-0.01,-1,-1,-0.01,-1,-1,-0.01,-1,-1,-0.01,-1,-1,-0.01,-1,-1,-0.01,-1,-1
99926009,2026-05-18 12:57:57+05:30,53446.1,0,0.0,0,0.0,0.0,53282.15,53451.6,52783.45,53710.35,0,0.0,0.0,0.0,0.0,-0.01,-1,-1,-0.01,-1,-1,-0.01,-1,-1,-0.01,-1,-1,-0.01,-1,-1,-0.01,-1,-1,-0.01,-1,-1,-0.01,-1,-1,-0.01,-1,-1,-0.01,-1,-1
99926009,2026-05-18 12:57:57+05:30,53446.8,0,0.0,0,0.0,0.0,53282.15,53451.6,52783.45,53710.35,0,0.0,0.0,0.0,0.0,-0.01,-1,-1,-0.01,-1,-1,-0.01,-1,-1,-0.01,-1,-1,-0.01,-1,-1,-0.01,-1,-1,-0.01,-1,-1,-0.01,-1,-1,-0.01,-1,-1,-0.01,-1,-1
99926009,2026-05-18 12:57:58+05:30,53441.85,0,0.0,0,0.0,0.0,53282.15,53451.6,52783.45,53710.35,0,0.0,0.0,0.0,0.0,-0.01,-1,-1,-0.01,-1,-1,-0.01,-1,-1,-0.01,-1,-1,-0.01,-1,-1,-0.01,-1,-1,-0.01,-1,-1,-0.01,-1,-1,-0.01,-1,-1,-0.01,-1,-1
99926009,2026-05-18 12:57:58+05:30,53440.7,0,0.0,0,0.0,0.0,53282.15,53451.6,52783.45,53710.35,0,0.0,0.0,0.0,0.0,-0.01,-1,-1,-0.01,-1,-1,-0.01,-1,-1,-0.01,-1,-1,-0.01,-1,-1,-0.01,-1,-1,-0.01,-1,-1,-0.01,-1,-1,-0.01,-1,-1,-0.01,-1,-1
99926009,2026-05-18 12:57:59+05:30,53442.65,0,0.0,0,0.0,0.0,53282.15,53451.6,52783.45,53710.35,0,0.0,0.0,0.0,0.0,-0.01,-1,-1,-0.01,-1,-1,-0.01,-1,-1,-0.01,-1,-1,-0.01,-1,-1,-0.01,-1,-1,-0.01,-1,-1,-0.01,-1,-1,-0.01,-1,-1,-0.01,-1,-1
99926009,2026-05-18 12:57:59+05:30,53438.55,0,0.0,0,0.0,0.0,53282.15,53451.6,52783.45,53710.35,0,0.0,0.0,0.0,0.0,-0.01,-1,-1,-0.01,-1,-1,-0.01,-1,-1,-0.01,-1,-1,-0.01,-1,-1,-0.01,-1,-1,-0.01,-1,-1,-0.01,-1,-1,-0.01,-1,-1,-0.01,-1,-1
99926009,2026-05-18 12:58:00+05:30,53439.8,0,0.0,0,0.0,0.0,53282.15,53451.6,52783.45,53710.35,0,0.0,0.0,0.0,0.0,-0.01,-1,-1,-0.01,-1,-1,-0.01,-1,-1,-0.01,-1,-1,-0.01,-1,-1,-0.01,-1,-1,-0.01,-1,-1,-0.01,-1,-1,-0.01,-1,-1,-0.01,-1,-1
99926009,2026-05-18 12:58:00+05:30,53443.7,0,0.0,0,0.0,0.0,53282.15,53451.6,52783.45,53710.35,0,0.0,0.0,0.0,0.0,-0.01,-1,-1,-0.01,-1,-1,-0.01,-1,-1,-0.01,-1,-1,-0.01,-1,-1,-0.01,-1,-1,-0.01,-1,-1,-0.01,-1,-1,-0.01,-1,-1,-0.01,-1,-1
99926009,2026-05-18 12:58:01+05:30,53445.2,0,0.0,0,0.0,0.0,53282.15,53451.6,52783.45,53710.35,0,0.0,0.0,0.0,0.0,-0.01,-1,-1,-0.01,-1,-1,-0.01,-1,-1,-0.01,-1,-1,-0.01,-1,-1,-0.01,-1,-1,-0.01,-1,-1,-0.01,-1,-1,-0.01,-1,-1,-0.01,-1,-1
99926009,2026-05-18 12:58:01+05:30,53445.4,0,0.0,0,0.0,0.0,53282.15,53451.6,52783.45,53710.35,0,0.0,0.0,0.0,0.0,-0.01,-1,-1,-0.01,-1,-1,-0.01,-1,-1,-0.01,-1,-1,-0.01,-1,-1,-0.01,-1,-1,-0.01,-1,-1,-0.01,-1,-1,-0.01,-1,-1,-0.01,-1,-1
99926009,2026-05-18 12:58:02+05:30,53442.9,0,0.0,0,0.0,0.0,53282.15,53451.6,52783.45,53710.35,0,0.0,0.0,0.0,0.0,-0.01,-1,-1,-0.01,-1,-1,-0.01,-1,-1,-0.01,-1,-1,-0.01,-1,-1,-0.01,-1,-1,-0.01,-1,-1,-0.01,-1,-1,-0.01,-1,-1,-0.01,-1,-1
99926009,2026-05-18 12:58:02+05:30,53443.15,0,0.0,0,0.0,0.0,53282.15,53451.6,52783.45,53710.35,0,0.0,0.0,0.0,0.0,-0.01,-1,-1,-0.01,-1,-1,-0.01,-1,-1,-0.01,-1,-1,-0.01,-1,-1,-0.01,-1,-1,-0.01,-1,-1,-0.01,-1,-1,-0.01,-1,-1,-0.01,-1,-1
99926009,2026-05-18 12:58:03+05:30,53442.05,0,0.0,0,0.0,0.0,53282.15,53451.6,52783.45,53710.35,0,0.0,0.0,0.0,0.0,-0.01,-1,-1,-0.01,-1,-1,-0.01,-1,-1,-0.01,-1,-1,-0.01,-1,-1,-0.01,-1,-1,-0.01,-1,-1,-0.01,-1,-1,-0.01,-1,-1,-0.01,-1,-1
99926009,2026-05-18 12:58:03+05:30,53441.65,0,0.0,0,0.0,0.0,53282.15,53451.6,52783.45,53710.35,0,0.0,0.0,0.0,0.0,-0.01,-1,-1,-0.01,-1,-1,-0.01,-1,-1,-0.01,-1,-1,-0.01,-1,-1,-0.01,-1,-1,-0.01,-1,-1,-0.01,-1,-1,-0.01,-1,-1,-0.01,-1,-1
99926009,2026-05-18 12:58:04+05:30,53442.2,0,0.0,0,0.0,0.0,53282.15,53451.6,52783.45,53710.35,0,0.0,0.0,0.0,0.0,-0.01,-1,-1,-0.01,-1,-1,-0.01,-1,-1,-0.01,-1,-1,-0.01,-1,-1,-0.01,-1,-1,-0.01,-1,-1,-0.01,-1,-1,-0.01,-1,-1,-0.01,-1,-1
99926009,2026-05-18 12:58:04+05:30,53455.9,0,0.0,0,0.0,0.0,53282.15,53455.9,52783.45,53710.35,0,0.0,0.0,0.0,0.0,-0.01,-1,-1,-0.01,-1,-1,-0.01,-1,-1,-0.01,-1,-1,-0.01,-1,-1,-0.01,-1,-1,-0.01,-1,-1,-0.01,-1,-1,-0.01,-1,-1,-0.01,-1,-1
99926009,2026-05-18 12:58:05+05:30,53456.5,0,0.0,0,0.0,0.0,53282.15,53456.9,52783.45,53710.35,0,0.0,0.0,0.0,0.0,-0.01,-1,-1,-0.01,-1,-1,-0.01,-1,-1,-0.01,-1,-1,-0.01,-1,-1,-0.01,-1,-1,-0.01,-1,-1,-0.01,-1,-1,-0.01,-1,-1,-0.01,-1,-1
99926009,2026-05-18 12:58:05+05:30,53455.35,0,0.0,0,0.0,0.0,53282.15,53459.75,52783.45,53710.35,0,0.0,0.0,0.0,0.0,-0.01,-1,-1,-0.01,-1,-1,-0.01,-1,-1,-0.01,-1,-1,-0.01,-1,-1,-0.01,-1,-1,-0.01,-1,-1,-0.01,-1,-1,-0.01,-1,-1,-0.01,-1,-1
99926009,2026-05-18 12:58:06+05:30,53453.7,0,0.0,0,0.0,0.0,53282.15,53459.75,52783.45,53710.35,0,0.0,0.0,0.0,0.0,-0.01,-1,-1,-0.01,-1,-1,-0.01,-1,-1,-0.01,-1,-1,-0.01,-1,-1,-0.01,-1,-1,-0.01,-1,-1,-0.01,-1,-1,-0.01,-1,-1,-0.01,-1,-1
99926009,2026-05-18 12:58:06+05:30,53455.75,0,0.0,0,0.0,0.0,53282.15,53459.75,52783.45,53710.35,0,0.0,0.0,0.0,0.0,-0.01,-1,-1,-0.01,-1,-1,-0.01,-1,-1,-0.01,-1,-1,-0.01,-1,-1,-0.01,-1,-1,-0.01,-1,-1,-0.01,-1,-1,-0.01,-1,-1,-0.01,-1,-1
99926009,2026-05-18 12:58:07+05:30,53455.6,0,0.0,0,0.0,0.0,53282.15,53459.75,52783.45,53710.35,0,0.0,0.0,0.0,0.0,-0.01,-1,-1,-0.01,-1,-1,-0.01,-1,-1,-0.01,-1,-1,-0.01,-1,-1,-0.01,-1,-1,-0.01,-1,-1,-0.01,-1,-1,-0.01,-1,-1,-0.01,-1,-1
99926009,2026-05-18 12:58:07+05:30,53456.35,0,0.0,0,0.0,0.0,53282.15,53459.75,52783.45,53710.35,0,0.0,0.0,0.0,0.0,-0.01,-1,-1,-0.01,-1,-1,-0.01,-1,-1,-0.01,-1,-1,-0.01,-1,-1,-0.01,-1,-1,-0.01,-1,-1,-0.01,-1,-1,-0.01,-1,-1,-0.01,-1,-1
99926009,2026-05-18 12:58:08+05:30,53453.25,0,0.0,0,0.0,0.0,53282.15,53459.75,52783.45,53710.35,0,0.0,0.0,0.0,0.0,-0.01,-1,-1,-0.01,-1,-1,-0.01,-1,-1,-0.01,-1,-1,-0.01,-1,-1,-0.01,-1,-1,-0.01,-1,-1,-0.01,-1,-1,-0.01,-1,-1,-0.01,-1,-1
99926009,2026-05-18 12:58:08+05:30,53457.4,0,0.0,0,0.0,0.0,53282.15,53459.85,52783.45,53710.35,0,0.0,0.0,0.0,0.0,-0.01,-1,-1,-0.01,-1,-1,-0.01,-1,-1,-0.01,-1,-1,-0.01,-1,-1,-0.01,-1,-1,-0.01,-1,-1,-0.01,-1,-1,-0.01,-1,-1,-0.01,-1,-1
99926009,2026-05-18 12:58:09+05:30,53460.1,0,0.0,0,0.0,0.0,53282.15,53464.05,52783.45,53710.35,0,0.0,0.0,0.0,0.0,-0.01,-1,-1,-0.01,-1,-1,-0.01,-1,-1,-0.01,-1,-1,-0.01,-1,-1,-0.01,-1,-1,-0.01,-1,-1,-0.01,-1,-1,-0.01,-1,-1,-0.01,-1,-1
99926009,2026-05-18 12:58:09+05:30,53462.7,0,0.0,0,0.0,0.0,53282.15,53464.05,52783.45,53710.35,0,0.0,0.0,0.0,0.0,-0.01,-1,-1,-0.01,-1,-1,-0.01,-1,-1,-0.01,-1,-1,-0.01,-1,-1,-0.01,-1,-1,-0.01,-1,-1,-0.01,-1,-1,-0.01,-1,-1,-0.01,-1,-1
99926009,2026-05-18 12:58:10+05:30,53461.0,0,0.0,0,0.0,0.0,53282.15,53464.05,52783.45,53710.35,0,0.0,0.0,0.0,0.0,-0.01,-1,-1,-0.01,-1,-1,-0.01,-1,-1,-0.01,-1,-1,-0.01,-1,-1,-0.01,-1,-1,-0.01,-1,-1,-0.01,-1,-1,-0.01,-1,-1,-0.01,-1,-1
99926009,2026-05-18 12:58:10+05:30,53463.75,0,0.0,0,0.0,0.0,53282.15,53465.15,52783.45,53710.35,0,0.0,0.0,0.0,0.0,-0.01,-1,-1,-0.01,-1,-1,-0.01,-1,-1,-0.01,-1,-1,-0.01,-1,-1,-0.01,-1,-1,-0.01,-1,-1,-0.01,-1,-1,-0.01,-1,-1,-0.01,-1,-1
99926009,2026-05-18 12:58:11+05:30,53458.1,0,0.0,0,0.0,0.0,53282.15,53465.15,52783.45,53710.35,0,0.0,0.0,0.0,0.0,-0.01,-1,-1,-0.01,-1,-1,-0.01,-1,-1,-0.01,-1,-1,-0.01,-1,-1,-0.01,-1,-1,-0.01,-1,-1,-0.01,-1,-1,-0.01,-1,-1,-0.01,-1,-1
99926009,2026-05-18 12:58:11+05:30,53458.75,0,0.0,0,0.0,0.0,53282.15,53465.15,52783.45,53710.35,0,0.0,0.0,0.0,0.0,-0.01,-1,-1,-0.01,-1,-1,-0.01,-1,-1,-0.01,-1,-1,-0.01,-1,-1,-0.01,-1,-1,-0.01,-1,-1,-0.01,-1,-1,-0.01,-1,-1,-0.01,-1,-1
99926009,2026-05-18 12:58:12+05:30,53458.8,0,0.0,0,0.0,0.0,53282.15,53465.15,52783.45,53710.35,0,0.0,0.0,0.0,0.0,-0.01,-1,-1,-0.01,-1,-1,-0.01,-1,-1,-0.01,-1,-1,-0.01,-1,-1,-0.01,-1,-1,-0.01,-1,-1,-0.01,-1,-1,-0.01,-1,-1,-0.01,-1,-1
99926009,2026-05-18 12:58:12+05:30,53459.1,0,0.0,0,0.0,0.0,53282.15,53465.15,52783.45,53710.35,0,0.0,0.0,0.0,0.0,-0.01,-1,-1,-0.01,-1,-1,-0.01,-1,-1,-0.01,-1,-1,-0.01,-1,-1,-0.01,-1,-1,-0.01,-1,-1,-0.01,-1,-1,-0.01,-1,-1,-0.01,-1,-1
99926009,2026-05-18 12:58:13+05:30,53457.2,0,0.0,0,0.0,0.0,53282.15,53465.15,52783.45,53710.35,0,0.0,0.0,0.0,0.0,-0.01,-1,-1,-0.01,-1,-1,-0.01,-1,-1,-0.01,-1,-1,-0.01,-1,-1,-0.01,-1,-1,-0.01,-1,-1,-0.01,-1,-1,-0.01,-1,-1,-0.01,-1,-1
99926009,2026-05-18 12:58:13+05:30,53454.6,0,0.0,0,0.0,0.0,53282.15,53465.15,52783.45,53710.35,0,0.0,0.0,0.0,0.0,-0.01,-1,-1,-0.01,-1,-1,-0.01,-1,-1,-0.01,-1,-1,-0.01,-1,-1,-0.01,-1,-1,-0.01,-1,-1,-0.01,-1,-1,-0.01,-1,-1,-0.01,-1,-1
99926009,2026-05-18 12:58:14+05:30,53452.5,0,0.0,0,0.0,0.0,53282.15,53465.15,52783.45,53710.35,0,0.0,0.0,0.0,0.0,-0.01,-1,-1,-0.01,-1,-1,-0.01,-1,-1,-0.01,-1,-1,-0.01,-1,-1,-0.01,-1,-1,-0.01,-1,-1,-0.01,-1,-1,-0.01,-1,-1,-0.01,-1,-1
99926009,2026-05-18 12:58:14+05:30,53450.95,0,0.0,0,0.0,0.0,53282.15,53465.15,52783.45,53710.35,0,0.0,0.0,0.0,0.0,-0.01,-1,-1,-0.01,-1,-1,-0.01,-1,-1,-0.01,-1,-1,-0.01,-1,-1,-0.01,-1,-1,-0.01,-1,-1,-0.01,-1,-1,-0.01,-1,-1,-0.01,-1,-1
99926009,2026-05-18 12:58:15+05:30,53452.9,0,0.0,0,0.0,0.0,53282.15,53465.15,52783.45,53710.35,0,0.0,0.0,0.0,0.0,-0.01,-1,-1,-0.01,-1,-1,-0.01,-1,-1,-0.01,-1,-1,-0.01,-1,-1,-0.01,-1,-1,-0.01,-1,-1,-0.01,-1,-1,-0.01,-1,-1,-0.01,-1,-1
99926009,2026-05-18 12:58:15+05:30,53452.75,0,0.0,0,0.0,0.0,53282.15,53465.15,52783.45,53710.35,0,0.0,0.0,0.0,0.0,-0.01,-1,-1,-0.01,-1,-1,-0.01,-1,-1,-0.01,-1,-1,-0.01,-1,-1,-0.01,-1,-1,-0.01,-1,-1,-0.01,-1,-1,-0.01,-1,-1,-0.01,-1,-1
99926009,2026-05-18 12:58:16+05:30,53452.6,0,0.0,0,0.0,0.0,53282.15,53465.15,52783.45,53710.35,0,0.0,0.0,0.0,0.0,-0.01,-1,-1,-0.01,-1,-1,-0.01,-1,-1,-0.01,-1,-1,-0.01,-1,-1,-0.01,-1,-1,-0.01,-1,-1,-0.01,-1,-1,-0.01,-1,-1,-0.01,-1,-1
99926009,2026-05-18 12:58:16+05:30,53453.45,0,0.0,0,0.0,0.0,53282.15,53465.15,52783.45,53710.35,0,0.0,0.0,0.0,0.0,-0.01,-1,-1,-0.01,-1,-1,-0.01,-1,-1,-0.01,-1,-1,-0.01,-1,-1,-0.01,-1,-1,-0.01,-1,-1,-0.01,-1,-1,-0.01,-1,-1,-0.01,-1,-1
99926009,2026-05-18 12:58:17+05:30,53452.4,0,0.0,0,0.0,0.0,53282.15,53465.15,52783.45,53710.35,0,0.0,0.0,0.0,0.0,-0.01,-1,-1,-0.01,-1,-1,-0.01,-1,-1,-0.01,-1,-1,-0.01,-1,-1,-0.01,-1,-1,-0.01,-1,-1,-0.01,-1,-1,-0.01,-1,-1,-0.01,-1,-1
99926009,2026-05-18 12:58:17+05:30,53450.7,0,0.0,0,0.0,0.0,53282.15,53465.15,52783.45,53710.35,0,0.0,0.0,0.0,0.0,-0.01,-1,-1,-0.01,-1,-1,-0.01,-1,-1,-0.01,-1,-1,-0.01,-1,-1,-0.01,-1,-1,-0.01,-1,-1,-0.01,-1,-1,-0.01,-1,-1,-0.01,-1,-1
99926009,2026-05-18 12:58:18+05:30,53450.75,0,0.0,0,0.0,0.0,53282.15,53465.15,52783.45,53710.35,0,0.0,0.0,0.0,0.0,-0.01,-1,-1,-0.01,-1,-1,-0.01,-1,-1,-0.01,-1,-1,-0.01,-1,-1,-0.01,-1,-1,-0.01,-1,-1,-0.01,-1,-1,-0.01,-1,-1,-0.01,-1,-1
99926009,2026-05-18 12:58:18+05:30,53453.8,0,0.0,0,0.0,0.0,53282.15,53465.15,52783.45,53710.35,0,0.0,0.0,0.0,0.0,-0.01,-1,-1,-0.01,-1,-1,-0.01,-1,-1,-0.01,-1,-1,-0.01,-1,-1,-0.01,-1,-1,-0.01,-1,-1,-0.01,-1,-1,-0.01,-1,-1,-0.01,-1,-1
99926009,2026-05-18 12:58:19+05:30,53456.65,0,0.0,0,0.0,0.0,53282.15,53465.15,52783.45,53710.35,0,0.0,0.0,0.0,0.0,-0.01,-1,-1,-0.01,-1,-1,-0.01,-1,-1,-0.01,-1,-1,-0.01,-1,-1,-0.01,-1,-1,-0.01,-1,-1,-0.01,-1,-1,-0.01,-1,-1,-0.01,-1,-1
99926009,2026-05-18 12:58:19+05:30,53456.8,0,0.0,0,0.0,0.0,53282.15,53465.15,52783.45,53710.35,0,0.0,0.0,0.0,0.0,-0.01,-1,-1,-0.01,-1,-1,-0.01,-1,-1,-0.01,-1,-1,-0.01,-1,-1,-0.01,-1,-1,-0.01,-1,-1,-0.01,-1,-1,-0.01,-1,-1,-0.01,-1,-1
99926009,2026-05-18 12:58:20+05:30,53452.75,0,0.0,0,0.0,0.0,53282.15,53465.15,52783.45,53710.35,0,0.0,0.0,0.0,0.0,-0.01,-1,-1,-0.01,-1,-1,-0.01,-1,-1,-0.01,-1,-1,-0.01,-1,-1,-0.01,-1,-1,-0.01,-1,-1,-0.01,-1,-1,-0.01,-1,-1,-0.01,-1,-1
99926009,2026-05-18 12:58:20+05:30,53455.25,0,0.0,0,0.0,0.0,53282.15,53465.15,52783.45,53710.35,0,0.0,0.0,0.0,0.0,-0.01,-1,-1,-0.01,-1,-1,-0.01,-1,-1,-0.01,-1,-1,-0.01,-1,-1,-0.01,-1,-1,-0.01,-1,-1,-0.01,-1,-1,-0.01,-1,-1,-0.01,-1,-1
99926009,2026-05-18 12:58:21+05:30,53456.85,0,0.0,0,0.0,0.0,53282.15,53465.15,52783.45,53710.35,0,0.0,0.0,0.0,0.0,-0.01,-1,-1,-0.01,-1,-1,-0.01,-1,-1,-0.01,-1,-1,-0.01,-1,-1,-0.01,-1,-1,-0.01,-1,-1,-0.01,-1,-1,-0.01,-1,-1,-0.01,-1,-1
99926009,2026-05-18 12:58:21+05:30,53457.4,0,0.0,0,0.0,0.0,53282.15,53465.15,52783.45,53710.35,0,0.0,0.0,0.0,0.0,-0.01,-1,-1,-0.01,-1,-1,-0.01,-1,-1,-0.01,-1,-1,-0.01,-1,-1,-0.01,-1,-1,-0.01,-1,-1,-0.01,-1,-1,-0.01,-1,-1,-0.01,-1,-1
99926009,2026-05-18 12:58:22+05:30,53457.7,0,0.0,0,0.0,0.0,53282.15,53465.15,52783.45,53710.35,0,0.0,0.0,0.0,0.0,-0.01,-1,-1,-0.01,-1,-1,-0.01,-1,-1,-0.01,-1,-1,-0.01,-1,-1,-0.01,-1,-1,-0.01,-1,-1,-0.01,-1,-1,-0.01,-1,-1,-0.01,-1,-1
99926009,2026-05-18 12:58:22+05:30,53458.2,0,0.0,0,0.0,0.0,53282.15,53465.15,52783.45,53710.35,0,0.0,0.0,0.0,0.0,-0.01,-1,-1,-0.01,-1,-1,-0.01,-1,-1,-0.01,-1,-1,-0.01,-1,-1,-0.01,-1,-1,-0.01,-1,-1,-0.01,-1,-1,-0.01,-1,-1,-0.01,-1,-1
99926009,2026-05-18 12:58:23+05:30,53460.45,0,0.0,0,0.0,0.0,53282.15,53465.15,52783.45,53710.35,0,0.0,0.0,0.0,0.0,-0.01,-1,-1,-0.01,-1,-1,-0.01,-1,-1,-0.01,-1,-1,-0.01,-1,-1,-0.01,-1,-1,-0.01,-1,-1,-0.01,-1,-1,-0.01,-1,-1,-0.01,-1,-1
99926009,2026-05-18 12:58:23+05:30,53457.6,0,0.0,0,0.0,0.0,53282.15,53465.15,52783.45,53710.35,0,0.0,0.0,0.0,0.0,-0.01,-1,-1,-0.01,-1,-1,-0.01,-1,-1,-0.01,-1,-1,-0.01,-1,-1,-0.01,-1,-1,-0.01,-1,-1,-0.01,-1,-1,-0.01,-1,-1,-0.01,-1,-1
99926009,2026-05-18 12:58:24+05:30,53453.95,0,0.0,0,0.0,0.0,53282.15,53465.15,52783.45,53710.35,0,0.0,0.0,0.0,0.0,-0.01,-1,-1,-0.01,-1,-1,-0.01,-1,-1,-0.01,-1,-1,-0.01,-1,-1,-0.01,-1,-1,-0.01,-1,-1,-0.01,-1,-1,-0.01,-1,-1,-0.01,-1,-1
99926009,2026-05-18 12:58:24+05:30,53457.75,0,0.0,0,0.0,0.0,53282.15,53465.15,52783.45,53710.35,0,0.0,0.0,0.0,0.0,-0.01,-1,-1,-0.01,-1,-1,-0.01,-1,-1,-0.01,-1,-1,-0.01,-1,-1,-0.01,-1,-1,-0.01,-1,-1,-0.01,-1,-1,-0.01,-1,-1,-0.01,-1,-1
99926009,2026-05-18 12:58:25+05:30,53456.25,0,0.0,0,0.0,0.0,53282.15,53465.15,52783.45,53710.35,0,0.0,0.0,0.0,0.0,-0.01,-1,-1,-0.01,-1,-1,-0.01,-1,-1,-0.01,-1,-1,-0.01,-1,-1,-0.01,-1,-1,-0.01,-1,-1,-0.01,-1,-1,-0.01,-1,-1,-0.01,-1,-1
99926009,2026-05-18 12:58:25+05:30,53456.45,0,0.0,0,0.0,0.0,53282.15,53465.15,52783.45,53710.35,0,0.0,0.0,0.0,0.0,-0.01,-1,-1,-0.01,-1,-1,-0.01,-1,-1,-0.01,-1,-1,-0.01,-1,-1,-0.01,-1,-1,-0.01,-1,-1,-0.01,-1,-1,-0.01,-1,-1,-0.01,-1,-1
99926009,2026-05-18 12:58:26+05:30,53456.7,0,0.0,0,0.0,0.0,53282.15,53465.15,52783.45,53710.35,0,0.0,0.0,0.0,0.0,-0.01,-1,-1,-0.01,-1,-1,-0.01,-1,-1,-0.01,-1,-1,-0.01,-1,-1,-0.01,-1,-1,-0.01,-1,-1,-0.01,-1,-1,-0.01,-1,-1,-0.01,-1,-1
99926009,2026-05-18 12:58:26+05:30,53454.7,0,0.0,0,0.0,0.0,53282.15,53465.15,52783.45,53710.35,0,0.0,0.0,0.0,0.0,-0.01,-1,-1,-0.01,-1,-1,-0.01,-1,-1,-0.01,-1,-1,-0.01,-1,-1,-0.01,-1,-1,-0.01,-1,-1,-0.01,-1,-1,-0.01,-1,-1,-0.01,-1,-1
99926009,2026-05-18 12:58:27+05:30,53454.1,0,0.0,0,0.0,0.0,53282.15,53465.15,52783.45,53710.35,0,0.0,0.0,0.0,0.0,-0.01,-1,-1,-0.01,-1,-1,-0.01,-1,-1,-0.01,-1,-1,-0.01,-1,-1,-0.01,-1,-1,-0.01,-1,-1,-0.01,-1,-1,-0.01,-1,-1,-0.01,-1,-1
99926009,2026-05-18 12:58:27+05:30,53455.1,0,0.0,0,0.0,0.0,53282.15,53465.15,52783.45,53710.35,0,0.0,0.0,0.0,0.0,-0.01,-1,-1,-0.01,-1,-1,-0.01,-1,-1,-0.01,-1,-1,-0.01,-1,-1,-0.01,-1,-1,-0.01,-1,-1,-0.01,-1,-1,-0.01,-1,-1,-0.01,-1,-1
99926009,2026-05-18 12:58:28+05:30,53455.6,0,0.0,0,0.0,0.0,53282.15,53465.15,52783.45,53710.35,0,0.0,0.0,0.0,0.0,-0.01,-1,-1,-0.01,-1,-1,-0.01,-1,-1,-0.01,-1,-1,-0.01,-1,-1,-0.01,-1,-1,-0.01,-1,-1,-0.01,-1,-1,-0.01,-1,-1,-0.01,-1,-1
99926009,2026-05-18 12:58:28+05:30,53456.25,0,0.0,0,0.0,0.0,53282.15,53465.15,52783.45,53710.35,0,0.0,0.0,0.0,0.0,-0.01,-1,-1,-0.01,-1,-1,-0.01,-1,-1,-0.01,-1,-1,-0.01,-1,-1,-0.01,-1,-1,-0.01,-1,-1,-0.01,-1,-1,-0.01,-1,-1,-0.01,-1,-1
99926009,2026-05-18 12:58:29+05:30,53455.15,0,0.0,0,0.0,0.0,53282.15,53465.15,52783.45,53710.35,0,0.0,0.0,0.0,0.0,-0.01,-1,-1,-0.01,-1,-1,-0.01,-1,-1,-0.01,-1,-1,-0.01,-1,-1,-0.01,-1,-1,-0.01,-1,-1,-0.01,-1,-1,-0.01,-1,-1,-0.01,-1,-1
99926009,2026-05-18 12:58:29+05:30,53454.35,0,0.0,0,0.0,0.0,53282.15,53465.15,52783.45,53710.35,0,0.0,0.0,0.0,0.0,-0.01,-1,-1,-0.01,-1,-1,-0.01,-1,-1,-0.01,-1,-1,-0.01,-1,-1,-0.01,-1,-1,-0.01,-1,-1,-0.01,-1,-1,-0.01,-1,-1,-0.01,-1,-1
99926009,2026-05-18 12:58:30+05:30,53453.05,0,0.0,0,0.0,0.0,53282.15,53465.15,52783.45,53710.35,0,0.0,0.0,0.0,0.0,-0.01,-1,-1,-0.01,-1,-1,-0.01,-1,-1,-0.01,-1,-1,-0.01,-1,-1,-0.01,-1,-1,-0.01,-1,-1,-0.01,-1,-1,-0.01,-1,-1,-0.01,-1,-1
99926009,2026-05-18 12:58:30+05:30,53454.1,0,0.0,0,0.0,0.0,53282.15,53465.15,52783.45,53710.35,0,0.0,0.0,0.0,0.0,-0.01,-1,-1,-0.01,-1,-1,-0.01,-1,-1,-0.01,-1,-1,-0.01,-1,-1,-0.01,-1,-1,-0.01,-1,-1,-0.01,-1,-1,-0.01,-1,-1,-0.01,-1,-1
99926009,2026-05-18 12:58:31+05:30,53452.95,0,0.0,0,0.0,0.0,53282.15,53465.15,52783.45,53710.35,0,0.0,0.0,0.0,0.0,-0.01,-1,-1,-0.01,-1,-1,-0.01,-1,-1,-0.01,-1,-1,-0.01,-1,-1,-0.01,-1,-1,-0.01,-1,-1,-0.01,-1,-1,-0.01,-1,-1,-0.01,-1,-1
99926009,2026-05-18 12:58:31+05:30,53454.95,0,0.0,0,0.0,0.0,53282.15,53465.15,52783.45,53710.35,0,0.0,0.0,0.0,0.0,-0.01,-1,-1,-0.01,-1,-1,-0.01,-1,-1,-0.01,-1,-1,-0.01,-1,-1,-0.01,-1,-1,-0.01,-1,-1,-0.01,-1,-1,-0.01,-1,-1,-0.01,-1,-1
99926009,2026-05-18 12:58:32+05:30,53452.4,0,0.0,0,0.0,0.0,53282.15,53465.15,52783.45,53710.35,0,0.0,0.0,0.0,0.0,-0.01,-1,-1,-0.01,-1,-1,-0.01,-1,-1,-0.01,-1,-1,-0.01,-1,-1,-0.01,-1,-1,-0.01,-1,-1,-0.01,-1,-1,-0.01,-1,-1,-0.01,-1,-1
99926009,2026-05-18 12:58:32+05:30,53451.55,0,0.0,0,0.0,0.0,53282.15,53465.15,52783.45,53710.35,0,0.0,0.0,0.0,0.0,-0.01,-1,-1,-0.01,-1,-1,-0.01,-1,-1,-0.01,-1,-1,-0.01,-1,-1,-0.01,-1,-1,-0.01,-1,-1,-0.01,-1,-1,-0.01,-1,-1,-0.01,-1,-1
99926009,2026-05-18 12:58:33+05:30,53451.6,0,0.0,0,0.0,0.0,53282.15,53465.15,52783.45,53710.35,0,0.0,0.0,0.0,0.0,-0.01,-1,-1,-0.01,-1,-1,-0.01,-1,-1,-0.01,-1,-1,-0.01,-1,-1,-0.01,-1,-1,-0.01,-1,-1,-0.01,-1,-1,-0.01,-1,-1,-0.01,-1,-1
99926009,2026-05-18 12:58:33+05:30,53451.15,0,0.0,0,0.0,0.0,53282.15,53465.15,52783.45,53710.35,0,0.0,0.0,0.0,0.0,-0.01,-1,-1,-0.01,-1,-1,-0.01,-1,-1,-0.01,-1,-1,-0.01,-1,-1,-0.01,-1,-1,-0.01,-1,-1,-0.01,-1,-1,-0.01,-1,-1,-0.01,-1,-1
99926009,2026-05-18 12:58:34+05:30,53449.7,0,0.0,0,0.0,0.0,53282.15,53465.15,52783.45,53710.35,0,0.0,0.0,0.0,0.0,-0.01,-1,-1,-0.01,-1,-1,-0.01,-1,-1,-0.01,-1,-1,-0.01,-1,-1,-0.01,-1,-1,-0.01,-1,-1,-0.01,-1,-1,-0.01,-1,-1,-0.01,-1,-1
99926009,2026-05-18 12:58:34+05:30,53448.7,0,0.0,0,0.0,0.0,53282.15,53465.15,52783.45,53710.35,0,0.0,0.0,0.0,0.0,-0.01,-1,-1,-0.01,-1,-1,-0.01,-1,-1,-0.01,-1,-1,-0.01,-1,-1,-0.01,-1,-1,-0.01,-1,-1,-0.01,-1,-1,-0.01,-1,-1,-0.01,-1,-1
99926009,2026-05-18 12:58:35+05:30,53447.7,0,0.0,0,0.0,0.0,53282.15,53465.15,52783.45,53710.35,0,0.0,0.0,0.0,0.0,-0.01,-1,-1,-0.01,-1,-1,-0.01,-1,-1,-0.01,-1,-1,-0.01,-1,-1,-0.01,-1,-1,-0.01,-1,-1,-0.01,-1,-1,-0.01,-1,-1,-0.01,-1,-1
99926009,2026-05-18 12:58:35+05:30,53445.9,0,0.0,0,0.0,0.0,53282.15,53465.15,52783.45,53710.35,0,0.0,0.0,0.0,0.0,-0.01,-1,-1,-0.01,-1,-1,-0.01,-1,-1,-0.01,-1,-1,-0.01,-1,-1,-0.01,-1,-1,-0.01,-1,-1,-0.01,-1,-1,-0.01,-1,-1,-0.01,-1,-1
99926009,2026-05-18 12:58:36+05:30,53444.4,0,0.0,0,0.0,0.0,53282.15,53465.15,52783.45,53710.35,0,0.0,0.0,0.0,0.0,-0.01,-1,-1,-0.01,-1,-1,-0.01,-1,-1,-0.01,-1,-1,-0.01,-1,-1,-0.01,-1,-1,-0.01,-1,-1,-0.01,-1,-1,-0.01,-1,-1,-0.01,-1,-1
99926009,2026-05-18 12:58:36+05:30,53445.45,0,0.0,0,0.0,0.0,53282.15,53465.15,52783.45,53710.35,0,0.0,0.0,0.0,0.0,-0.01,-1,-1,-0.01,-1,-1,-0.01,-1,-1,-0.01,-1,-1,-0.01,-1,-1,-0.01,-1,-1,-0.01,-1,-1,-0.01,-1,-1,-0.01,-1,-1,-0.01,-1,-1
99926009,2026-05-18 12:58:37+05:30,53446.5,0,0.0,0,0.0,0.0,53282.15,53465.15,52783.45,53710.35,0,0.0,0.0,0.0,0.0,-0.01,-1,-1,-0.01,-1,-1,-0.01,-1,-1,-0.01,-1,-1,-0.01,-1,-1,-0.01,-1,-1,-0.01,-1,-1,-0.01,-1,-1,-0.01,-1,-1,-0.01,-1,-1
99926009,2026-05-18 12:58:37+05:30,53446.0,0,0.0,0,0.0,0.0,53282.15,53465.15,52783.45,53710.35,0,0.0,0.0,0.0,0.0,-0.01,-1,-1,-0.01,-1,-1,-0.01,-1,-1,-0.01,-1,-1,-0.01,-1,-1,-0.01,-1,-1,-0.01,-1,-1,-0.01,-1,-1,-0.01,-1,-1,-0.01,-1,-1
99926009,2026-05-18 12:58:38+05:30,53444.15,0,0.0,0,0.0,0.0,53282.15,53465.15,52783.45,53710.35,0,0.0,0.0,0.0,0.0,-0.01,-1,-1,-0.01,-1,-1,-0.01,-1,-1,-0.01,-1,-1,-0.01,-1,-1,-0.01,-1,-1,-0.01,-1,-1,-0.01,-1,-1,-0.01,-1,-1,-0.01,-1,-1
99926009,2026-05-18 12:58:38+05:30,53446.65,0,0.0,0,0.0,0.0,53282.15,53465.15,52783.45,53710.35,0,0.0,0.0,0.0,0.0,-0.01,-1,-1,-0.01,-1,-1,-0.01,-1,-1,-0.01,-1,-1,-0.01,-1,-1,-0.01,-1,-1,-0.01,-1,-1,-0.01,-1,-1,-0.01,-1,-1,-0.01,-1,-1
99926009,2026-05-18 12:58:39+05:30,53443.35,0,0.0,0,0.0,0.0,53282.15,53465.15,52783.45,53710.35,0,0.0,0.0,0.0,0.0,-0.01,-1,-1,-0.01,-1,-1,-0.01,-1,-1,-0.01,-1,-1,-0.01,-1,-1,-0.01,-1,-1,-0.01,-1,-1,-0.01,-1,-1,-0.01,-1,-1,-0.01,-1,-1
99926009,2026-05-18 12:58:39+05:30,53445.4,0,0.0,0,0.0,0.0,53282.15,53465.15,52783.45,53710.35,0,0.0,0.0,0.0,0.0,-0.01,-1,-1,-0.01,-1,-1,-0.01,-1,-1,-0.01,-1,-1,-0.01,-1,-1,-0.01,-1,-1,-0.01,-1,-1,-0.01,-1,-1,-0.01,-1,-1,-0.01,-1,-1
99926009,2026-05-18 12:58:40+05:30,53445.3,0,0.0,0,0.0,0.0,53282.15,53465.15,52783.45,53710.35,0,0.0,0.0,0.0,0.0,-0.01,-1,-1,-0.01,-1,-1,-0.01,-1,-1,-0.01,-1,-1,-0.01,-1,-1,-0.01,-1,-1,-0.01,-1,-1,-0.01,-1,-1,-0.01,-1,-1,-0.01,-1,-1
99926009,2026-05-18 12:58:40+05:30,53447.5,0,0.0,0,0.0,0.0,53282.15,53465.15,52783.45,53710.35,0,0.0,0.0,0.0,0.0,-0.01,-1,-1,-0.01,-1,-1,-0.01,-1,-1,-0.01,-1,-1,-0.01,-1,-1,-0.01,-1,-1,-0.01,-1,-1,-0.01,-1,-1,-0.01,-1,-1,-0.01,-1,-1
99926009,2026-05-18 12:58:41+05:30,53450.4,0,0.0,0,0.0,0.0,53282.15,53465.15,52783.45,53710.35,0,0.0,0.0,0.0,0.0,-0.01,-1,-1,-0.01,-1,-1,-0.01,-1,-1,-0.01,-1,-1,-0.01,-1,-1,-0.01,-1,-1,-0.01,-1,-1,-0.01,-1,-1,-0.01,-1,-1,-0.01,-1,-1
99926009,2026-05-18 12:58:41+05:30,53449.6,0,0.0,0,0.0,0.0,53282.15,53465.15,52783.45,53710.35,0,0.0,0.0,0.0,0.0,-0.01,-1,-1,-0.01,-1,-1,-0.01,-1,-1,-0.01,-1,-1,-0.01,-1,-1,-0.01,-1,-1,-0.01,-1,-1,-0.01,-1,-1,-0.01,-1,-1,-0.01,-1,-1
99926009,2026-05-18 12:58:42+05:30,53451.75,0,0.0,0,0.0,0.0,53282.15,53465.15,52783.45,53710.35,0,0.0,0.0,0.0,0.0,-0.01,-1,-1,-0.01,-1,-1,-0.01,-1,-1,-0.01,-1,-1,-0.01,-1,-1,-0.01,-1,-1,-0.01,-1,-1,-0.01,-1,-1,-0.01,-1,-1,-0.01,-1,-1
99926009,2026-05-18 12:58:42+05:30,53450.1,0,0.0,0,0.0,0.0,53282.15,53465.15,52783.45,53710.35,0,0.0,0.0,0.0,0.0,-0.01,-1,-1,-0.01,-1,-1,-0.01,-1,-1,-0.01,-1,-1,-0.01,-1,-1,-0.01,-1,-1,-0.01,-1,-1,-0.01,-1,-1,-0.01,-1,-1,-0.01,-1,-1
99926009,2026-05-18 12:58:43+05:30,53448.8,0,0.0,0,0.0,0.0,53282.15,53465.15,52783.45,53710.35,0,0.0,0.0,0.0,0.0,-0.01,-1,-1,-0.01,-1,-1,-0.01,-1,-1,-0.01,-1,-1,-0.01,-1,-1,-0.01,-1,-1,-0.01,-1,-1,-0.01,-1,-1,-0.01,-1,-1,-0.01,-1,-1
99926009,2026-05-18 12:58:43+05:30,53450.5,0,0.0,0,0.0,0.0,53282.15,53465.15,52783.45,53710.35,0,0.0,0.0,0.0,0.0,-0.01,-1,-1,-0.01,-1,-1,-0.01,-1,-1,-0.01,-1,-1,-0.01,-1,-1,-0.01,-1,-1,-0.01,-1,-1,-0.01,-1,-1,-0.01,-1,-1,-0.01,-1,-1
99926009,2026-05-18 12:58:44+05:30,53450.1,0,0.0,0,0.0,0.0,53282.15,53465.15,52783.45,53710.35,0,0.0,0.0,0.0,0.0,-0.01,-1,-1,-0.01,-1,-1,-0.01,-1,-1,-0.01,-1,-1,-0.01,-1,-1,-0.01,-1,-1,-0.01,-1,-1,-0.01,-1,-1,-0.01,-1,-1,-0.01,-1,-1
99926009,2026-05-18 12:58:44+05:30,53448.85,0,0.0,0,0.0,0.0,53282.15,53465.15,52783.45,53710.35,0,0.0,0.0,0.0,0.0,-0.01,-1,-1,-0.01,-1,-1,-0.01,-1,-1,-0.01,-1,-1,-0.01,-1,-1,-0.01,-1,-1,-0.01,-1,-1,-0.01,-1,-1,-0.01,-1,-1,-0.01,-1,-1
99926009,2026-05-18 12:58:45+05:30,53455.5,0,0.0,0,0.0,0.0,53282.15,53465.15,52783.45,53710.35,0,0.0,0.0,0.0,0.0,-0.01,-1,-1,-0.01,-1,-1,-0.01,-1,-1,-0.01,-1,-1,-0.01,-1,-1,-0.01,-1,-1,-0.01,-1,-1,-0.01,-1,-1,-0.01,-1,-1,-0.01,-1,-1
99926009,2026-05-18 12:58:45+05:30,53463.85,0,0.0,0,0.0,0.0,53282.15,53465.15,52783.45,53710.35,0,0.0,0.0,0.0,0.0,-0.01,-1,-1,-0.01,-1,-1,-0.01,-1,-1,-0.01,-1,-1,-0.01,-1,-1,-0.01,-1,-1,-0.01,-1,-1,-0.01,-1,-1,-0.01,-1,-1,-0.01,-1,-1
99926009,2026-05-18 12:58:46+05:30,53465.8,0,0.0,0,0.0,0.0,53282.15,53466.55,52783.45,53710.35,0,0.0,0.0,0.0,0.0,-0.01,-1,-1,-0.01,-1,-1,-0.01,-1,-1,-0.01,-1,-1,-0.01,-1,-1,-0.01,-1,-1,-0.01,-1,-1,-0.01,-1,-1,-0.01,-1,-1,-0.01,-1,-1
99926009,2026-05-18 12:58:46+05:30,53466.95,0,0.0,0,0.0,0.0,53282.15,53469.95,52783.45,53710.35,0,0.0,0.0,0.0,0.0,-0.01,-1,-1,-0.01,-1,-1,-0.01,-1,-1,-0.01,-1,-1,-0.01,-1,-1,-0.01,-1,-1,-0.01,-1,-1,-0.01,-1,-1,-0.01,-1,-1,-0.01,-1,-1
99926009,2026-05-18 12:58:47+05:30,53467.15,0,0.0,0,0.0,0.0,53282.15,53469.95,52783.45,53710.35,0,0.0,0.0,0.0,0.0,-0.01,-1,-1,-0.01,-1,-1,-0.01,-1,-1,-0.01,-1,-1,-0.01,-1,-1,-0.01,-1,-1,-0.01,-1,-1,-0.01,-1,-1,-0.01,-1,-1,-0.01,-1,-1
99926009,2026-05-18 12:58:47+05:30,53467.75,0,0.0,0,0.0,0.0,53282.15,53469.95,52783.45,53710.35,0,0.0,0.0,0.0,0.0,-0.01,-1,-1,-0.01,-1,-1,-0.01,-1,-1,-0.01,-1,-1,-0.01,-1,-1,-0.01,-1,-1,-0.01,-1,-1,-0.01,-1,-1,-0.01,-1,-1,-0.01,-1,-1
99926009,2026-05-18 12:58:48+05:30,53467.15,0,0.0,0,0.0,0.0,53282.15,53469.95,52783.45,53710.35,0,0.0,0.0,0.0,0.0,-0.01,-1,-1,-0.01,-1,-1,-0.01,-1,-1,-0.01,-1,-1,-0.01,-1,-1,-0.01,-1,-1,-0.01,-1,-1,-0.01,-1,-1,-0.01,-1,-1,-0.01,-1,-1
99926009,2026-05-18 12:58:48+05:30,53463.5,0,0.0,0,0.0,0.0,53282.15,53469.95,52783.45,53710.35,0,0.0,0.0,0.0,0.0,-0.01,-1,-1,-0.01,-1,-1,-0.01,-1,-1,-0.01,-1,-1,-0.01,-1,-1,-0.01,-1,-1,-0.01,-1,-1,-0.01,-1,-1,-0.01,-1,-1,-0.01,-1,-1
99926009,2026-05-18 12:58:49+05:30,53468.5,0,0.0,0,0.0,0.0,53282.15,53469.95,52783.45,53710.35,0,0.0,0.0,0.0,0.0,-0.01,-1,-1,-0.01,-1,-1,-0.01,-1,-1,-0.01,-1,-1,-0.01,-1,-1,-0.01,-1,-1,-0.01,-1,-1,-0.01,-1,-1,-0.01,-1,-1,-0.01,-1,-1
99926009,2026-05-18 12:58:49+05:30,53468.95,0,0.0,0,0.0,0.0,53282.15,53469.95,52783.45,53710.35,0,0.0,0.0,0.0,0.0,-0.01,-1,-1,-0.01,-1,-1,-0.01,-1,-1,-0.01,-1,-1,-0.01,-1,-1,-0.01,-1,-1,-0.01,-1,-1,-0.01,-1,-1,-0.01,-1,-1,-0.01,-1,-1
99926009,2026-05-18 12:58:50+05:30,53469.6,0,0.0,0,0.0,0.0,53282.15,53470.45,52783.45,53710.35,0,0.0,0.0,0.0,0.0,-0.01,-1,-1,-0.01,-1,-1,-0.01,-1,-1,-0.01,-1,-1,-0.01,-1,-1,-0.01,-1,-1,-0.01,-1,-1,-0.01,-1,-1,-0.01,-1,-1,-0.01,-1,-1
99926009,2026-05-18 12:58:50+05:30,53467.35,0,0.0,0,0.0,0.0,53282.15,53471.3,52783.45,53710.35,0,0.0,0.0,0.0,0.0,-0.01,-1,-1,-0.01,-1,-1,-0.01,-1,-1,-0.01,-1,-1,-0.01,-1,-1,-0.01,-1,-1,-0.01,-1,-1,-0.01,-1,-1,-0.01,-1,-1,-0.01,-1,-1
99926009,2026-05-18 12:58:51+05:30,53466.15,0,0.0,0,0.0,0.0,53282.15,53471.3,52783.45,53710.35,0,0.0,0.0,0.0,0.0,-0.01,-1,-1,-0.01,-1,-1,-0.01,-1,-1,-0.01,-1,-1,-0.01,-1,-1,-0.01,-1,-1,-0.01,-1,-1,-0.01,-1,-1,-0.01,-1,-1,-0.01,-1,-1
99926009,2026-05-18 12:58:51+05:30,53467.3,0,0.0,0,0.0,0.0,53282.15,53471.3,52783.45,53710.35,0,0.0,0.0,0.0,0.0,-0.01,-1,-1,-0.01,-1,-1,-0.01,-1,-1,-0.01,-1,-1,-0.01,-1,-1,-0.01,-1,-1,-0.01,-1,-1,-0.01,-1,-1,-0.01,-1,-1,-0.01,-1,-1
99926009,2026-05-18 12:58:52+05:30,53464.05,0,0.0,0,0.0,0.0,53282.15,53471.3,52783.45,53710.35,0,0.0,0.0,0.0,0.0,-0.01,-1,-1,-0.01,-1,-1,-0.01,-1,-1,-0.01,-1,-1,-0.01,-1,-1,-0.01,-1,-1,-0.01,-1,-1,-0.01,-1,-1,-0.01,-1,-1,-0.01,-1,-1
99926009,2026-05-18 12:58:52+05:30,53462.95,0,0.0,0,0.0,0.0,53282.15,53471.3,52783.45,53710.35,0,0.0,0.0,0.0,0.0,-0.01,-1,-1,-0.01,-1,-1,-0.01,-1,-1,-0.01,-1,-1,-0.01,-1,-1,-0.01,-1,-1,-0.01,-1,-1,-0.01,-1,-1,-0.01,-1,-1,-0.01,-1,-1
99926009,2026-05-18 12:58:53+05:30,53460.2,0,0.0,0,0.0,0.0,53282.15,53471.3,52783.45,53710.35,0,0.0,0.0,0.0,0.0,-0.01,-1,-1,-0.01,-1,-1,-0.01,-1,-1,-0.01,-1,-1,-0.01,-1,-1,-0.01,-1,-1,-0.01,-1,-1,-0.01,-1,-1,-0.01,-1,-1,-0.01,-1,-1
99926009,2026-05-18 12:58:53+05:30,53460.45,0,0.0,0,0.0,0.0,53282.15,53471.3,52783.45,53710.35,0,0.0,0.0,0.0,0.0,-0.01,-1,-1,-0.01,-1,-1,-0.01,-1,-1,-0.01,-1,-1,-0.01,-1,-1,-0.01,-1,-1,-0.01,-1,-1,-0.01,-1,-1,-0.01,-1,-1,-0.01,-1,-1
99926009,2026-05-18 12:58:54+05:30,53459.35,0,0.0,0,0.0,0.0,53282.15,53471.3,52783.45,53710.35,0,0.0,0.0,0.0,0.0,-0.01,-1,-1,-0.01,-1,-1,-0.01,-1,-1,-0.01,-1,-1,-0.01,-1,-1,-0.01,-1,-1,-0.01,-1,-1,-0.01,-1,-1,-0.01,-1,-1,-0.01,-1,-1
99926009,2026-05-18 12:58:54+05:30,53461.1,0,0.0,0,0.0,0.0,53282.15,53471.3,52783.45,53710.35,0,0.0,0.0,0.0,0.0,-0.01,-1,-1,-0.01,-1,-1,-0.01,-1,-1,-0.01,-1,-1,-0.01,-1,-1,-0.01,-1,-1,-0.01,-1,-1,-0.01,-1,-1,-0.01,-1,-1,-0.01,-1,-1
99926009,2026-05-18 12:58:55+05:30,53459.35,0,0.0,0,0.0,0.0,53282.15,53471.3,52783.45,53710.35,0,0.0,0.0,0.0,0.0,-0.01,-1,-1,-0.01,-1,-1,-0.01,-1,-1,-0.01,-1,-1,-0.01,-1,-1,-0.01,-1,-1,-0.01,-1,-1,-0.01,-1,-1,-0.01,-1,-1,-0.01,-1,-1
99926009,2026-05-18 12:58:55+05:30,53459.1,0,0.0,0,0.0,0.0,53282.15,53471.3,52783.45,53710.35,0,0.0,0.0,0.0,0.0,-0.01,-1,-1,-0.01,-1,-1,-0.01,-1,-1,-0.01,-1,-1,-0.01,-1,-1,-0.01,-1,-1,-0.01,-1,-1,-0.01,-1,-1,-0.01,-1,-1,-0.01,-1,-1
99926009,2026-05-18 12:58:56+05:30,53458.75,0,0.0,0,0.0,0.0,53282.15,53471.3,52783.45,53710.35,0,0.0,0.0,0.0,0.0,-0.01,-1,-1,-0.01,-1,-1,-0.01,-1,-1,-0.01,-1,-1,-0.01,-1,-1,-0.01,-1,-1,-0.01,-1,-1,-0.01,-1,-1,-0.01,-1,-1,-0.01,-1,-1
99926009,2026-05-18 12:58:56+05:30,53461.9,0,0.0,0,0.0,0.0,53282.15,53471.3,52783.45,53710.35,0,0.0,0.0,0.0,0.0,-0.01,-1,-1,-0.01,-1,-1,-0.01,-1,-1,-0.01,-1,-1,-0.01,-1,-1,-0.01,-1,-1,-0.01,-1,-1,-0.01,-1,-1,-0.01,-1,-1,-0.01,-1,-1
99926009,2026-05-18 12:58:57+05:30,53461.95,0,0.0,0,0.0,0.0,53282.15,53471.3,52783.45,53710.35,0,0.0,0.0,0.0,0.0,-0.01,-1,-1,-0.01,-1,-1,-0.01,-1,-1,-0.01,-1,-1,-0.01,-1,-1,-0.01,-1,-1,-0.01,-1,-1,-0.01,-1,-1,-0.01,-1,-1,-0.01,-1,-1
99926009,2026-05-18 12:58:57+05:30,53467.6,0,0.0,0,0.0,0.0,53282.15,53471.3,52783.45,53710.35,0,0.0,0.0,0.0,0.0,-0.01,-1,-1,-0.01,-1,-1,-0.01,-1,-1,-0.01,-1,-1,-0.01,-1,-1,-0.01,-1,-1,-0.01,-1,-1,-0.01,-1,-1,-0.01,-1,-1,-0.01,-1,-1
99926009,2026-05-18 12:58:58+05:30,53465.0,0,0.0,0,0.0,0.0,53282.15,53471.3,52783.45,53710.35,0,0.0,0.0,0.0,0.0,-0.01,-1,-1,-0.01,-1,-1,-0.01,-1,-1,-0.01,-1,-1,-0.01,-1,-1,-0.01,-1,-1,-0.01,-1,-1,-0.01,-1,-1,-0.01,-1,-1,-0.01,-1,-1
99926009,2026-05-18 12:58:58+05:30,53463.25,0,0.0,0,0.0,0.0,53282.15,53471.3,52783.45,53710.35,0,0.0,0.0,0.0,0.0,-0.01,-1,-1,-0.01,-1,-1,-0.01,-1,-1,-0.01,-1,-1,-0.01,-1,-1,-0.01,-1,-1,-0.01,-1,-1,-0.01,-1,-1,-0.01,-1,-1,-0.01,-1,-1
99926009,2026-05-18 12:58:59+05:30,53461.9,0,0.0,0,0.0,0.0,53282.15,53471.3,52783.45,53710.35,0,0.0,0.0,0.0,0.0,-0.01,-1,-1,-0.01,-1,-1,-0.01,-1,-1,-0.01,-1,-1,-0.01,-1,-1,-0.01,-1,-1,-0.01,-1,-1,-0.01,-1,-1,-0.01,-1,-1,-0.01,-1,-1
99926009,2026-05-18 12:58:59+05:30,53460.2,0,0.0,0,0.0,0.0,53282.15,53471.3,52783.45,53710.35,0,0.0,0.0,0.0,0.0,-0.01,-1,-1,-0.01,-1,-1,-0.01,-1,-1,-0.01,-1,-1,-0.01,-1,-1,-0.01,-1,-1,-0.01,-1,-1,-0.01,-1,-1,-0.01,-1,-1,-0.01,-1,-1
99926009,2026-05-18 12:59:00+05:30,53463.05,0,0.0,0,0.0,0.0,53282.15,53471.3,52783.45,53710.35,0,0.0,0.0,0.0,0.0,-0.01,-1,-1,-0.01,-1,-1,-0.01,-1,-1,-0.01,-1,-1,-0.01,-1,-1,-0.01,-1,-1,-0.01,-1,-1,-0.01,-1,-1,-0.01,-1,-1,-0.01,-1,-1
99926009,2026-05-18 12:59:00+05:30,53462.4,0,0.0,0,0.0,0.0,53282.15,53471.3,52783.45,53710.35,0,0.0,0.0,0.0,0.0,-0.01,-1,-1,-0.01,-1,-1,-0.01,-1,-1,-0.01,-1,-1,-0.01,-1,-1,-0.01,-1,-1,-0.01,-1,-1,-0.01,-1,-1,-0.01,-1,-1,-0.01,-1,-1
99926009,2026-05-18 12:59:01+05:30,53462.95,0,0.0,0,0.0,0.0,53282.15,53471.3,52783.45,53710.35,0,0.0,0.0,0.0,0.0,-0.01,-1,-1,-0.01,-1,-1,-0.01,-1,-1,-0.01,-1,-1,-0.01,-1,-1,-0.01,-1,-1,-0.01,-1,-1,-0.01,-1,-1,-0.01,-1,-1,-0.01,-1,-1
99926009,2026-05-18 12:59:01+05:30,53455.65,0,0.0,0,0.0,0.0,53282.15,53471.3,52783.45,53710.35,0,0.0,0.0,0.0,0.0,-0.01,-1,-1,-0.01,-1,-1,-0.01,-1,-1,-0.01,-1,-1,-0.01,-1,-1,-0.01,-1,-1,-0.01,-1,-1,-0.01,-1,-1,-0.01,-1,-1,-0.01,-1,-1
99926009,2026-05-18 12:59:02+05:30,53453.25,0,0.0,0,0.0,0.0,53282.15,53471.3,52783.45,53710.35,0,0.0,0.0,0.0,0.0,-0.01,-1,-1,-0.01,-1,-1,-0.01,-1,-1,-0.01,-1,-1,-0.01,-1,-1,-0.01,-1,-1,-0.01,-1,-1,-0.01,-1,-1,-0.01,-1,-1,-0.01,-1,-1
99926009,2026-05-18 12:59:02+05:30,53448.2,0,0.0,0,0.0,0.0,53282.15,53471.3,52783.45,53710.35,0,0.0,0.0,0.0,0.0,-0.01,-1,-1,-0.01,-1,-1,-0.01,-1,-1,-0.01,-1,-1,-0.01,-1,-1,-0.01,-1,-1,-0.01,-1,-1,-0.01,-1,-1,-0.01,-1,-1,-0.01,-1,-1
99926009,2026-05-18 12:59:03+05:30,53446.35,0,0.0,0,0.0,0.0,53282.15,53471.3,52783.45,53710.35,0,0.0,0.0,0.0,0.0,-0.01,-1,-1,-0.01,-1,-1,-0.01,-1,-1,-0.01,-1,-1,-0.01,-1,-1,-0.01,-1,-1,-0.01,-1,-1,-0.01,-1,-1,-0.01,-1,-1,-0.01,-1,-1
99926009,2026-05-18 12:59:03+05:30,53447.75,0,0.0,0,0.0,0.0,53282.15,53471.3,52783.45,53710.35,0,0.0,0.0,0.0,0.0,-0.01,-1,-1,-0.01,-1,-1,-0.01,-1,-1,-0.01,-1,-1,-0.01,-1,-1,-0.01,-1,-1,-0.01,-1,-1,-0.01,-1,-1,-0.01,-1,-1,-0.01,-1,-1
99926009,2026-05-18 12:59:04+05:30,53446.85,0,0.0,0,0.0,0.0,53282.15,53471.3,52783.45,53710.35,0,0.0,0.0,0.0,0.0,-0.01,-1,-1,-0.01,-1,-1,-0.01,-1,-1,-0.01,-1,-1,-0.01,-1,-1,-0.01,-1,-1,-0.01,-1,-1,-0.01,-1,-1,-0.01,-1,-1,-0.01,-1,-1
99926009,2026-05-18 12:59:04+05:30,53446.85,0,0.0,0,0.0,0.0,53282.15,53471.3,52783.45,53710.35,0,0.0,0.0,0.0,0.0,-0.01,-1,-1,-0.01,-1,-1,-0.01,-1,-1,-0.01,-1,-1,-0.01,-1,-1,-0.01,-1,-1,-0.01,-1,-1,-0.01,-1,-1,-0.01,-1,-1,-0.01,-1,-1
99926009,2026-05-18 12:59:05+05:30,53450.4,0,0.0,0,0.0,0.0,53282.15,53471.3,52783.45,53710.35,0,0.0,0.0,0.0,0.0,-0.01,-1,-1,-0.01,-1,-1,-0.01,-1,-1,-0.01,-1,-1,-0.01,-1,-1,-0.01,-1,-1,-0.01,-1,-1,-0.01,-1,-1,-0.01,-1,-1,-0.01,-1,-1
99926009,2026-05-18 12:59:05+05:30,53451.55,0,0.0,0,0.0,0.0,53282.15,53471.3,52783.45,53710.35,0,0.0,0.0,0.0,0.0,-0.01,-1,-1,-0.01,-1,-1,-0.01,-1,-1,-0.01,-1,-1,-0.01,-1,-1,-0.01,-1,-1,-0.01,-1,-1,-0.01,-1,-1,-0.01,-1,-1,-0.01,-1,-1
99926009,2026-05-18 12:59:06+05:30,53453.2,0,0.0,0,0.0,0.0,53282.15,53471.3,52783.45,53710.35,0,0.0,0.0,0.0,0.0,-0.01,-1,-1,-0.01,-1,-1,-0.01,-1,-1,-0.01,-1,-1,-0.01,-1,-1,-0.01,-1,-1,-0.01,-1,-1,-0.01,-1,-1,-0.01,-1,-1,-0.01,-1,-1
99926009,2026-05-18 12:59:06+05:30,53452.3,0,0.0,0,0.0,0.0,53282.15,53471.3,52783.45,53710.35,0,0.0,0.0,0.0,0.0,-0.01,-1,-1,-0.01,-1,-1,-0.01,-1,-1,-0.01,-1,-1,-0.01,-1,-1,-0.01,-1,-1,-0.01,-1,-1,-0.01,-1,-1,-0.01,-1,-1,-0.01,-1,-1
99926009,2026-05-18 12:59:07+05:30,53451.55,0,0.0,0,0.0,0.0,53282.15,53471.3,52783.45,53710.35,0,0.0,0.0,0.0,0.0,-0.01,-1,-1,-0.01,-1,-1,-0.01,-1,-1,-0.01,-1,-1,-0.01,-1,-1,-0.01,-1,-1,-0.01,-1,-1,-0.01,-1,-1,-0.01,-1,-1,-0.01,-1,-1
99926009,2026-05-18 12:59:07+05:30,53448.9,0,0.0,0,0.0,0.0,53282.15,53471.3,52783.45,53710.35,0,0.0,0.0,0.0,0.0,-0.01,-1,-1,-0.01,-1,-1,-0.01,-1,-1,-0.01,-1,-1,-0.01,-1,-1,-0.01,-1,-1,-0.01,-1,-1,-0.01,-1,-1,-0.01,-1,-1,-0.01,-1,-1
99926009,2026-05-18 12:59:08+05:30,53449.6,0,0.0,0,0.0,0.0,53282.15,53471.3,52783.45,53710.35,0,0.0,0.0,0.0,0.0,-0.01,-1,-1,-0.01,-1,-1,-0.01,-1,-1,-0.01,-1,-1,-0.01,-1,-1,-0.01,-1,-1,-0.01,-1,-1,-0.01,-1,-1,-0.01,-1,-1,-0.01,-1,-1
99926009,2026-05-18 12:59:08+05:30,53453.05,0,0.0,0,0.0,0.0,53282.15,53471.3,52783.45,53710.35,0,0.0,0.0,0.0,0.0,-0.01,-1,-1,-0.01,-1,-1,-0.01,-1,-1,-0.01,-1,-1,-0.01,-1,-1,-0.01,-1,-1,-0.01,-1,-1,-0.01,-1,-1,-0.01,-1,-1,-0.01,-1,-1
99926009,2026-05-18 12:59:09+05:30,53450.75,0,0.0,0,0.0,0.0,53282.15,53471.3,52783.45,53710.35,0,0.0,0.0,0.0,0.0,-0.01,-1,-1,-0.01,-1,-1,-0.01,-1,-1,-0.01,-1,-1,-0.01,-1,-1,-0.01,-1,-1,-0.01,-1,-1,-0.01,-1,-1,-0.01,-1,-1,-0.01,-1,-1
99926009,2026-05-18 12:59:09+05:30,53449.25,0,0.0,0,0.0,0.0,53282.15,53471.3,52783.45,53710.35,0,0.0,0.0,0.0,0.0,-0.01,-1,-1,-0.01,-1,-1,-0.01,-1,-1,-0.01,-1,-1,-0.01,-1,-1,-0.01,-1,-1,-0.01,-1,-1,-0.01,-1,-1,-0.01,-1,-1,-0.01,-1,-1
99926009,2026-05-18 12:59:10+05:30,53446.2,0,0.0,0,0.0,0.0,53282.15,53471.3,52783.45,53710.35,0,0.0,0.0,0.0,0.0,-0.01,-1,-1,-0.01,-1,-1,-0.01,-1,-1,-0.01,-1,-1,-0.01,-1,-1,-0.01,-1,-1,-0.01,-1,-1,-0.01,-1,-1,-0.01,-1,-1,-0.01,-1,-1
99926009,2026-05-18 12:59:10+05:30,53448.15,0,0.0,0,0.0,0.0,53282.15,53471.3,52783.45,53710.35,0,0.0,0.0,0.0,0.0,-0.01,-1,-1,-0.01,-1,-1,-0.01,-1,-1,-0.01,-1,-1,-0.01,-1,-1,-0.01,-1,-1,-0.01,-1,-1,-0.01,-1,-1,-0.01,-1,-1,-0.01,-1,-1
99926009,2026-05-18 12:59:11+05:30,53448.95,0,0.0,0,0.0,0.0,53282.15,53471.3,52783.45,53710.35,0,0.0,0.0,0.0,0.0,-0.01,-1,-1,-0.01,-1,-1,-0.01,-1,-1,-0.01,-1,-1,-0.01,-1,-1,-0.01,-1,-1,-0.01,-1,-1,-0.01,-1,-1,-0.01,-1,-1,-0.01,-1,-1
99926009,2026-05-18 12:59:11+05:30,53448.25,0,0.0,0,0.0,0.0,53282.15,53471.3,52783.45,53710.35,0,0.0,0.0,0.0,0.0,-0.01,-1,-1,-0.01,-1,-1,-0.01,-1,-1,-0.01,-1,-1,-0.01,-1,-1,-0.01,-1,-1,-0.01,-1,-1,-0.01,-1,-1,-0.01,-1,-1,-0.01,-1,-1
99926009,2026-05-18 12:59:12+05:30,53444.6,0,0.0,0,0.0,0.0,53282.15,53471.3,52783.45,53710.35,0,0.0,0.0,0.0,0.0,-0.01,-1,-1,-0.01,-1,-1,-0.01,-1,-1,-0.01,-1,-1,-0.01,-1,-1,-0.01,-1,-1,-0.01,-1,-1,-0.01,-1,-1,-0.01,-1,-1,-0.01,-1,-1
99926009,2026-05-18 12:59:12+05:30,53446.75,0,0.0,0,0.0,0.0,53282.15,53471.3,52783.45,53710.35,0,0.0,0.0,0.0,0.0,-0.01,-1,-1,-0.01,-1,-1,-0.01,-1,-1,-0.01,-1,-1,-0.01,-1,-1,-0.01,-1,-1,-0.01,-1,-1,-0.01,-1,-1,-0.01,-1,-1,-0.01,-1,-1
99926009,2026-05-18 12:59:13+05:30,53443.75,0,0.0,0,0.0,0.0,53282.15,53471.3,52783.45,53710.35,0,0.0,0.0,0.0,0.0,-0.01,-1,-1,-0.01,-1,-1,-0.01,-1,-1,-0.01,-1,-1,-0.01,-1,-1,-0.01,-1,-1,-0.01,-1,-1,-0.01,-1,-1,-0.01,-1,-1,-0.01,-1,-1
99926009,2026-05-18 12:59:13+05:30,53446.85,0,0.0,0,0.0,0.0,53282.15,53471.3,52783.45,53710.35,0,0.0,0.0,0.0,0.0,-0.01,-1,-1,-0.01,-1,-1,-0.01,-1,-1,-0.01,-1,-1,-0.01,-1,-1,-0.01,-1,-1,-0.01,-1,-1,-0.01,-1,-1,-0.01,-1,-1,-0.01,-1,-1
99926009,2026-05-18 12:59:14+05:30,53444.8,0,0.0,0,0.0,0.0,53282.15,53471.3,52783.45,53710.35,0,0.0,0.0,0.0,0.0,-0.01,-1,-1,-0.01,-1,-1,-0.01,-1,-1,-0.01,-1,-1,-0.01,-1,-1,-0.01,-1,-1,-0.01,-1,-1,-0.01,-1,-1,-0.01,-1,-1,-0.01,-1,-1
99926009,2026-05-18 12:59:14+05:30,53446.45,0,0.0,0,0.0,0.0,53282.15,53471.3,52783.45,53710.35,0,0.0,0.0,0.0,0.0,-0.01,-1,-1,-0.01,-1,-1,-0.01,-1,-1,-0.01,-1,-1,-0.01,-1,-1,-0.01,-1,-1,-0.01,-1,-1,-0.01,-1,-1,-0.01,-1,-1,-0.01,-1,-1
99926009,2026-05-18 12:59:15+05:30,53447.5,0,0.0,0,0.0,0.0,53282.15,53471.3,52783.45,53710.35,0,0.0,0.0,0.0,0.0,-0.01,-1,-1,-0.01,-1,-1,-0.01,-1,-1,-0.01,-1,-1,-0.01,-1,-1,-0.01,-1,-1,-0.01,-1,-1,-0.01,-1,-1,-0.01,-1,-1,-0.01,-1,-1
99926009,2026-05-18 12:59:15+05:30,53450.9,0,0.0,0,0.0,0.0,53282.15,53471.3,52783.45,53710.35,0,0.0,0.0,0.0,0.0,-0.01,-1,-1,-0.01,-1,-1,-0.01,-1,-1,-0.01,-1,-1,-0.01,-1,-1,-0.01,-1,-1,-0.01,-1,-1,-0.01,-1,-1,-0.01,-1,-1,-0.01,-1,-1
99926009,2026-05-18 12:59:16+05:30,53449.55,0,0.0,0,0.0,0.0,53282.15,53471.3,52783.45,53710.35,0,0.0,0.0,0.0,0.0,-0.01,-1,-1,-0.01,-1,-1,-0.01,-1,-1,-0.01,-1,-1,-0.01,-1,-1,-0.01,-1,-1,-0.01,-1,-1,-0.01,-1,-1,-0.01,-1,-1,-0.01,-1,-1
99926009,2026-05-18 12:59:16+05:30,53450.85,0,0.0,0,0.0,0.0,53282.15,53471.3,52783.45,53710.35,0,0.0,0.0,0.0,0.0,-0.01,-1,-1,-0.01,-1,-1,-0.01,-1,-1,-0.01,-1,-1,-0.01,-1,-1,-0.01,-1,-1,-0.01,-1,-1,-0.01,-1,-1,-0.01,-1,-1,-0.01,-1,-1
99926009,2026-05-18 12:59:17+05:30,53450.05,0,0.0,0,0.0,0.0,53282.15,53471.3,52783.45,53710.35,0,0.0,0.0,0.0,0.0,-0.01,-1,-1,-0.01,-1,-1,-0.01,-1,-1,-0.01,-1,-1,-0.01,-1,-1,-0.01,-1,-1,-0.01,-1,-1,-0.01,-1,-1,-0.01,-1,-1,-0.01,-1,-1
99926009,2026-05-18 12:59:17+05:30,53450.55,0,0.0,0,0.0,0.0,53282.15,53471.3,52783.45,53710.35,0,0.0,0.0,0.0,0.0,-0.01,-1,-1,-0.01,-1,-1,-0.01,-1,-1,-0.01,-1,-1,-0.01,-1,-1,-0.01,-1,-1,-0.01,-1,-1,-0.01,-1,-1,-0.01,-1,-1,-0.01,-1,-1
99926009,2026-05-18 12:59:18+05:30,53450.15,0,0.0,0,0.0,0.0,53282.15,53471.3,52783.45,53710.35,0,0.0,0.0,0.0,0.0,-0.01,-1,-1,-0.01,-1,-1,-0.01,-1,-1,-0.01,-1,-1,-0.01,-1,-1,-0.01,-1,-1,-0.01,-1,-1,-0.01,-1,-1,-0.01,-1,-1,-0.01,-1,-1
99926009,2026-05-18 12:59:18+05:30,53451.7,0,0.0,0,0.0,0.0,53282.15,53471.3,52783.45,53710.35,0,0.0,0.0,0.0,0.0,-0.01,-1,-1,-0.01,-1,-1,-0.01,-1,-1,-0.01,-1,-1,-0.01,-1,-1,-0.01,-1,-1,-0.01,-1,-1,-0.01,-1,-1,-0.01,-1,-1,-0.01,-1,-1
99926009,2026-05-18 12:59:19+05:30,53451.2,0,0.0,0,0.0,0.0,53282.15,53471.3,52783.45,53710.35,0,0.0,0.0,0.0,0.0,-0.01,-1,-1,-0.01,-1,-1,-0.01,-1,-1,-0.01,-1,-1,-0.01,-1,-1,-0.01,-1,-1,-0.01,-1,-1,-0.01,-1,-1,-0.01,-1,-1,-0.01,-1,-1
99926009,2026-05-18 12:59:19+05:30,53449.05,0,0.0,0,0.0,0.0,53282.15,53471.3,52783.45,53710.35,0,0.0,0.0,0.0,0.0,-0.01,-1,-1,-0.01,-1,-1,-0.01,-1,-1,-0.01,-1,-1,-0.01,-1,-1,-0.01,-1,-1,-0.01,-1,-1,-0.01,-1,-1,-0.01,-1,-1,-0.01,-1,-1
99926009,2026-05-18 12:59:20+05:30,53449.85,0,0.0,0,0.0,0.0,53282.15,53471.3,52783.45,53710.35,0,0.0,0.0,0.0,0.0,-0.01,-1,-1,-0.01,-1,-1,-0.01,-1,-1,-0.01,-1,-1,-0.01,-1,-1,-0.01,-1,-1,-0.01,-1,-1,-0.01,-1,-1,-0.01,-1,-1,-0.01,-1,-1
99926009,2026-05-18 12:59:20+05:30,53454.7,0,0.0,0,0.0,0.0,53282.15,53471.3,52783.45,53710.35,0,0.0,0.0,0.0,0.0,-0.01,-1,-1,-0.01,-1,-1,-0.01,-1,-1,-0.01,-1,-1,-0.01,-1,-1,-0.01,-1,-1,-0.01,-1,-1,-0.01,-1,-1,-0.01,-1,-1,-0.01,-1,-1
99926009,2026-05-18 12:59:21+05:30,53456.05,0,0.0,0,0.0,0.0,53282.15,53471.3,52783.45,53710.35,0,0.0,0.0,0.0,0.0,-0.01,-1,-1,-0.01,-1,-1,-0.01,-1,-1,-0.01,-1,-1,-0.01,-1,-1,-0.01,-1,-1,-0.01,-1,-1,-0.01,-1,-1,-0.01,-1,-1,-0.01,-1,-1
99926009,2026-05-18 12:59:21+05:30,53451.75,0,0.0,0,0.0,0.0,53282.15,53471.3,52783.45,53710.35,0,0.0,0.0,0.0,0.0,-0.01,-1,-1,-0.01,-1,-1,-0.01,-1,-1,-0.01,-1,-1,-0.01,-1,-1,-0.01,-1,-1,-0.01,-1,-1,-0.01,-1,-1,-0.01,-1,-1,-0.01,-1,-1
99926009,2026-05-18 12:59:22+05:30,53453.05,0,0.0,0,0.0,0.0,53282.15,53471.3,52783.45,53710.35,0,0.0,0.0,0.0,0.0,-0.01,-1,-1,-0.01,-1,-1,-0.01,-1,-1,-0.01,-1,-1,-0.01,-1,-1,-0.01,-1,-1,-0.01,-1,-1,-0.01,-1,-1,-0.01,-1,-1,-0.01,-1,-1
99926009,2026-05-18 12:59:22+05:30,53453.35,0,0.0,0,0.0,0.0,53282.15,53471.3,52783.45,53710.35,0,0.0,0.0,0.0,0.0,-0.01,-1,-1,-0.01,-1,-1,-0.01,-1,-1,-0.01,-1,-1,-0.01,-1,-1,-0.01,-1,-1,-0.01,-1,-1,-0.01,-1,-1,-0.01,-1,-1,-0.01,-1,-1
99926009,2026-05-18 12:59:23+05:30,53454.0,0,0.0,0,0.0,0.0,53282.15,53471.3,52783.45,53710.35,0,0.0,0.0,0.0,0.0,-0.01,-1,-1,-0.01,-1,-1,-0.01,-1,-1,-0.01,-1,-1,-0.01,-1,-1,-0.01,-1,-1,-0.01,-1,-1,-0.01,-1,-1,-0.01,-1,-1,-0.01,-1,-1
99926009,2026-05-18 12:59:23+05:30,53453.6,0,0.0,0,0.0,0.0,53282.15,53471.3,52783.45,53710.35,0,0.0,0.0,0.0,0.0,-0.01,-1,-1,-0.01,-1,-1,-0.01,-1,-1,-0.01,-1,-1,-0.01,-1,-1,-0.01,-1,-1,-0.01,-1,-1,-0.01,-1,-1,-0.01,-1,-1,-0.01,-1,-1
99926009,2026-05-18 12:59:24+05:30,53453.5,0,0.0,0,0.0,0.0,53282.15,53471.3,52783.45,53710.35,0,0.0,0.0,0.0,0.0,-0.01,-1,-1,-0.01,-1,-1,-0.01,-1,-1,-0.01,-1,-1,-0.01,-1,-1,-0.01,-1,-1,-0.01,-1,-1,-0.01,-1,-1,-0.01,-1,-1,-0.01,-1,-1
99926009,2026-05-18 12:59:24+05:30,53458.45,0,0.0,0,0.0,0.0,53282.15,53471.3,52783.45,53710.35,0,0.0,0.0,0.0,0.0,-0.01,-1,-1,-0.01,-1,-1,-0.01,-1,-1,-0.01,-1,-1,-0.01,-1,-1,-0.01,-1,-1,-0.01,-1,-1,-0.01,-1,-1,-0.01,-1,-1,-0.01,-1,-1
99926009,2026-05-18 12:59:25+05:30,53461.4,0,0.0,0,0.0,0.0,53282.15,53471.3,52783.45,53710.35,0,0.0,0.0,0.0,0.0,-0.01,-1,-1,-0.01,-1,-1,-0.01,-1,-1,-0.01,-1,-1,-0.01,-1,-1,-0.01,-1,-1,-0.01,-1,-1,-0.01,-1,-1,-0.01,-1,-1,-0.01,-1,-1
99926009,2026-05-18 12:59:25+05:30,53461.3,0,0.0,0,0.0,0.0,53282.15,53471.3,52783.45,53710.35,0,0.0,0.0,0.0,0.0,-0.01,-1,-1,-0.01,-1,-1,-0.01,-1,-1,-0.01,-1,-1,-0.01,-1,-1,-0.01,-1,-1,-0.01,-1,-1,-0.01,-1,-1,-0.01,-1,-1,-0.01,-1,-1
99926009,2026-05-18 12:59:26+05:30,53460.5,0,0.0,0,0.0,0.0,53282.15,53471.3,52783.45,53710.35,0,0.0,0.0,0.0,0.0,-0.01,-1,-1,-0.01,-1,-1,-0.01,-1,-1,-0.01,-1,-1,-0.01,-1,-1,-0.01,-1,-1,-0.01,-1,-1,-0.01,-1,-1,-0.01,-1,-1,-0.01,-1,-1
99926009,2026-05-18 12:59:26+05:30,53461.2,0,0.0,0,0.0,0.0,53282.15,53471.3,52783.45,53710.35,0,0.0,0.0,0.0,0.0,-0.01,-1,-1,-0.01,-1,-1,-0.01,-1,-1,-0.01,-1,-1,-0.01,-1,-1,-0.01,-1,-1,-0.01,-1,-1,-0.01,-1,-1,-0.01,-1,-1,-0.01,-1,-1
99926009,2026-05-18 12:59:27+05:30,53461.95,0,0.0,0,0.0,0.0,53282.15,53471.3,52783.45,53710.35,0,0.0,0.0,0.0,0.0,-0.01,-1,-1,-0.01,-1,-1,-0.01,-1,-1,-0.01,-1,-1,-0.01,-1,-1,-0.01,-1,-1,-0.01,-1,-1,-0.01,-1,-1,-0.01,-1,-1,-0.01,-1,-1
99926009,2026-05-18 12:59:27+05:30,53460.9,0,0.0,0,0.0,0.0,53282.15,53471.3,52783.45,53710.35,0,0.0,0.0,0.0,0.0,-0.01,-1,-1,-0.01,-1,-1,-0.01,-1,-1,-0.01,-1,-1,-0.01,-1,-1,-0.01,-1,-1,-0.01,-1,-1,-0.01,-1,-1,-0.01,-1,-1,-0.01,-1,-1
99926009,2026-05-18 12:59:28+05:30,53458.0,0,0.0,0,0.0,0.0,53282.15,53471.3,52783.45,53710.35,0,0.0,0.0,0.0,0.0,-0.01,-1,-1,-0.01,-1,-1,-0.01,-1,-1,-0.01,-1,-1,-0.01,-1,-1,-0.01,-1,-1,-0.01,-1,-1,-0.01,-1,-1,-0.01,-1,-1,-0.01,-1,-1
99926009,2026-05-18 12:59:28+05:30,53460.25,0,0.0,0,0.0,0.0,53282.15,53471.3,52783.45,53710.35,0,0.0,0.0,0.0,0.0,-0.01,-1,-1,-0.01,-1,-1,-0.01,-1,-1,-0.01,-1,-1,-0.01,-1,-1,-0.01,-1,-1,-0.01,-1,-1,-0.01,-1,-1,-0.01,-1,-1,-0.01,-1,-1
99926009,2026-05-18 12:59:29+05:30,53459.6,0,0.0,0,0.0,0.0,53282.15,53471.3,52783.45,53710.35,0,0.0,0.0,0.0,0.0,-0.01,-1,-1,-0.01,-1,-1,-0.01,-1,-1,-0.01,-1,-1,-0.01,-1,-1,-0.01,-1,-1,-0.01,-1,-1,-0.01,-1,-1,-0.01,-1,-1,-0.01,-1,-1
99926009,2026-05-18 12:59:29+05:30,53457.95,0,0.0,0,0.0,0.0,53282.15,53471.3,52783.45,53710.35,0,0.0,0.0,0.0,0.0,-0.01,-1,-1,-0.01,-1,-1,-0.01,-1,-1,-0.01,-1,-1,-0.01,-1,-1,-0.01,-1,-1,-0.01,-1,-1,-0.01,-1,-1,-0.01,-1,-1,-0.01,-1,-1
99926009,2026-05-18 12:59:30+05:30,53457.8,0,0.0,0,0.0,0.0,53282.15,53471.3,52783.45,53710.35,0,0.0,0.0,0.0,0.0,-0.01,-1,-1,-0.01,-1,-1,-0.01,-1,-1,-0.01,-1,-1,-0.01,-1,-1,-0.01,-1,-1,-0.01,-1,-1,-0.01,-1,-1,-0.01,-1,-1,-0.01,-1,-1
99926009,2026-05-18 12:59:30+05:30,53461.5,0,0.0,0,0.0,0.0,53282.15,53471.3,52783.45,53710.35,0,0.0,0.0,0.0,0.0,-0.01,-1,-1,-0.01,-1,-1,-0.01,-1,-1,-0.01,-1,-1,-0.01,-1,-1,-0.01,-1,-1,-0.01,-1,-1,-0.01,-1,-1,-0.01,-1,-1,-0.01,-1,-1
99926009,2026-05-18 12:59:31+05:30,53462.5,0,0.0,0,0.0,0.0,53282.15,53471.3,52783.45,53710.35,0,0.0,0.0,0.0,0.0,-0.01,-1,-1,-0.01,-1,-1,-0.01,-1,-1,-0.01,-1,-1,-0.01,-1,-1,-0.01,-1,-1,-0.01,-1,-1,-0.01,-1,-1,-0.01,-1,-1,-0.01,-1,-1
99926009,2026-05-18 12:59:31+05:30,53459.75,0,0.0,0,0.0,0.0,53282.15,53471.3,52783.45,53710.35,0,0.0,0.0,0.0,0.0,-0.01,-1,-1,-0.01,-1,-1,-0.01,-1,-1,-0.01,-1,-1,-0.01,-1,-1,-0.01,-1,-1,-0.01,-1,-1,-0.01,-1,-1,-0.01,-1,-1,-0.01,-1,-1
99926009,2026-05-18 12:59:32+05:30,53460.2,0,0.0,0,0.0,0.0,53282.15,53471.3,52783.45,53710.35,0,0.0,0.0,0.0,0.0,-0.01,-1,-1,-0.01,-1,-1,-0.01,-1,-1,-0.01,-1,-1,-0.01,-1,-1,-0.01,-1,-1,-0.01,-1,-1,-0.01,-1,-1,-0.01,-1,-1,-0.01,-1,-1
99926009,2026-05-18 12:59:32+05:30,53462.75,0,0.0,0,0.0,0.0,53282.15,53471.3,52783.45,53710.35,0,0.0,0.0,0.0,0.0,-0.01,-1,-1,-0.01,-1,-1,-0.01,-1,-1,-0.01,-1,-1,-0.01,-1,-1,-0.01,-1,-1,-0.01,-1,-1,-0.01,-1,-1,-0.01,-1,-1,-0.01,-1,-1
99926009,2026-05-18 12:59:33+05:30,53460.55,0,0.0,0,0.0,0.0,53282.15,53471.3,52783.45,53710.35,0,0.0,0.0,0.0,0.0,-0.01,-1,-1,-0.01,-1,-1,-0.01,-1,-1,-0.01,-1,-1,-0.01,-1,-1,-0.01,-1,-1,-0.01,-1,-1,-0.01,-1,-1,-0.01,-1,-1,-0.01,-1,-1
99926009,2026-05-18 12:59:33+05:30,53465.3,0,0.0,0,0.0,0.0,53282.15,53471.3,52783.45,53710.35,0,0.0,0.0,0.0,0.0,-0.01,-1,-1,-0.01,-1,-1,-0.01,-1,-1,-0.01,-1,-1,-0.01,-1,-1,-0.01,-1,-1,-0.01,-1,-1,-0.01,-1,-1,-0.01,-1,-1,-0.01,-1,-1
99926009,2026-05-18 12:59:34+05:30,53465.05,0,0.0,0,0.0,0.0,53282.15,53471.3,52783.45,53710.35,0,0.0,0.0,0.0,0.0,-0.01,-1,-1,-0.01,-1,-1,-0.01,-1,-1,-0.01,-1,-1,-0.01,-1,-1,-0.01,-1,-1,-0.01,-1,-1,-0.01,-1,-1,-0.01,-1,-1,-0.01,-1,-1
99926009,2026-05-18 12:59:34+05:30,53463.35,0,0.0,0,0.0,0.0,53282.15,53471.3,52783.45,53710.35,0,0.0,0.0,0.0,0.0,-0.01,-1,-1,-0.01,-1,-1,-0.01,-1,-1,-0.01,-1,-1,-0.01,-1,-1,-0.01,-1,-1,-0.01,-1,-1,-0.01,-1,-1,-0.01,-1,-1,-0.01,-1,-1
99926009,2026-05-18 12:59:35+05:30,53470.35,0,0.0,0,0.0,0.0,53282.15,53472.2,52783.45,53710.35,0,0.0,0.0,0.0,0.0,-0.01,-1,-1,-0.01,-1,-1,-0.01,-1,-1,-0.01,-1,-1,-0.01,-1,-1,-0.01,-1,-1,-0.01,-1,-1,-0.01,-1,-1,-0.01,-1,-1,-0.01,-1,-1
99926009,2026-05-18 12:59:35+05:30,53470.85,0,0.0,0,0.0,0.0,53282.15,53472.85,52783.45,53710.35,0,0.0,0.0,0.0,0.0,-0.01,-1,-1,-0.01,-1,-1,-0.01,-1,-1,-0.01,-1,-1,-0.01,-1,-1,-0.01,-1,-1,-0.01,-1,-1,-0.01,-1,-1,-0.01,-1,-1,-0.01,-1,-1
99926009,2026-05-18 12:59:36+05:30,53469.05,0,0.0,0,0.0,0.0,53282.15,53472.85,52783.45,53710.35,0,0.0,0.0,0.0,0.0,-0.01,-1,-1,-0.01,-1,-1,-0.01,-1,-1,-0.01,-1,-1,-0.01,-1,-1,-0.01,-1,-1,-0.01,-1,-1,-0.01,-1,-1,-0.01,-1,-1,-0.01,-1,-1
99926009,2026-05-18 12:59:36+05:30,53471.4,0,0.0,0,0.0,0.0,53282.15,53472.85,52783.45,53710.35,0,0.0,0.0,0.0,0.0,-0.01,-1,-1,-0.01,-1,-1,-0.01,-1,-1,-0.01,-1,-1,-0.01,-1,-1,-0.01,-1,-1,-0.01,-1,-1,-0.01,-1,-1,-0.01,-1,-1,-0.01,-1,-1
99926009,2026-05-18 12:59:37+05:30,53471.9,0,0.0,0,0.0,0.0,53282.15,53472.85,52783.45,53710.35,0,0.0,0.0,0.0,0.0,-0.01,-1,-1,-0.01,-1,-1,-0.01,-1,-1,-0.01,-1,-1,-0.01,-1,-1,-0.01,-1,-1,-0.01,-1,-1,-0.01,-1,-1,-0.01,-1,-1,-0.01,-1,-1
99926009,2026-05-18 12:59:37+05:30,53470.7,0,0.0,0,0.0,0.0,53282.15,53472.85,52783.45,53710.35,0,0.0,0.0,0.0,0.0,-0.01,-1,-1,-0.01,-1,-1,-0.01,-1,-1,-0.01,-1,-1,-0.01,-1,-1,-0.01,-1,-1,-0.01,-1,-1,-0.01,-1,-1,-0.01,-1,-1,-0.01,-1,-1
99926009,2026-05-18 12:59:38+05:30,53471.9,0,0.0,0,0.0,0.0,53282.15,53472.85,52783.45,53710.35,0,0.0,0.0,0.0,0.0,-0.01,-1,-1,-0.01,-1,-1,-0.01,-1,-1,-0.01,-1,-1,-0.01,-1,-1,-0.01,-1,-1,-0.01,-1,-1,-0.01,-1,-1,-0.01,-1,-1,-0.01,-1,-1
99926009,2026-05-18 12:59:38+05:30,53469.55,0,0.0,0,0.0,0.0,53282.15,53472.85,52783.45,53710.35,0,0.0,0.0,0.0,0.0,-0.01,-1,-1,-0.01,-1,-1,-0.01,-1,-1,-0.01,-1,-1,-0.01,-1,-1,-0.01,-1,-1,-0.01,-1,-1,-0.01,-1,-1,-0.01,-1,-1,-0.01,-1,-1
99926009,2026-05-18 12:59:39+05:30,53469.15,0,0.0,0,0.0,0.0,53282.15,53472.85,52783.45,53710.35,0,0.0,0.0,0.0,0.0,-0.01,-1,-1,-0.01,-1,-1,-0.01,-1,-1,-0.01,-1,-1,-0.01,-1,-1,-0.01,-1,-1,-0.01,-1,-1,-0.01,-1,-1,-0.01,-1,-1,-0.01,-1,-1
99926009,2026-05-18 12:59:39+05:30,53467.0,0,0.0,0,0.0,0.0,53282.15,53472.85,52783.45,53710.35,0,0.0,0.0,0.0,0.0,-0.01,-1,-1,-0.01,-1,-1,-0.01,-1,-1,-0.01,-1,-1,-0.01,-1,-1,-0.01,-1,-1,-0.01,-1,-1,-0.01,-1,-1,-0.01,-1,-1,-0.01,-1,-1
99926009,2026-05-18 12:59:40+05:30,53467.0,0,0.0,0,0.0,0.0,53282.15,53472.85,52783.45,53710.35,0,0.0,0.0,0.0,0.0,-0.01,-1,-1,-0.01,-1,-1,-0.01,-1,-1,-0.01,-1,-1,-0.01,-1,-1,-0.01,-1,-1,-0.01,-1,-1,-0.01,-1,-1,-0.01,-1,-1,-0.01,-1,-1
99926009,2026-05-18 12:59:40+05:30,53470.2,0,0.0,0,0.0,0.0,53282.15,53472.85,52783.45,53710.35,0,0.0,0.0,0.0,0.0,-0.01,-1,-1,-0.01,-1,-1,-0.01,-1,-1,-0.01,-1,-1,-0.01,-1,-1,-0.01,-1,-1,-0.01,-1,-1,-0.01,-1,-1,-0.01,-1,-1,-0.01,-1,-1
99926009,2026-05-18 12:59:41+05:30,53468.9,0,0.0,0,0.0,0.0,53282.15,53472.85,52783.45,53710.35,0,0.0,0.0,0.0,0.0,-0.01,-1,-1,-0.01,-1,-1,-0.01,-1,-1,-0.01,-1,-1,-0.01,-1,-1,-0.01,-1,-1,-0.01,-1,-1,-0.01,-1,-1,-0.01,-1,-1,-0.01,-1,-1
99926009,2026-05-18 12:59:41+05:30,53468.9,0,0.0,0,0.0,0.0,53282.15,53472.85,52783.45,53710.35,0,0.0,0.0,0.0,0.0,-0.01,-1,-1,-0.01,-1,-1,-0.01,-1,-1,-0.01,-1,-1,-0.01,-1,-1,-0.01,-1,-1,-0.01,-1,-1,-0.01,-1,-1,-0.01,-1,-1,-0.01,-1,-1
99926009,2026-05-18 12:59:42+05:30,53467.85,0,0.0,0,0.0,0.0,53282.15,53472.85,52783.45,53710.35,0,0.0,0.0,0.0,0.0,-0.01,-1,-1,-0.01,-1,-1,-0.01,-1,-1,-0.01,-1,-1,-0.01,-1,-1,-0.01,-1,-1,-0.01,-1,-1,-0.01,-1,-1,-0.01,-1,-1,-0.01,-1,-1
99926009,2026-05-18 12:59:42+05:30,53468.1,0,0.0,0,0.0,0.0,53282.15,53472.85,52783.45,53710.35,0,0.0,0.0,0.0,0.0,-0.01,-1,-1,-0.01,-1,-1,-0.01,-1,-1,-0.01,-1,-1,-0.01,-1,-1,-0.01,-1,-1,-0.01,-1,-1,-0.01,-1,-1,-0.01,-1,-1,-0.01,-1,-1
99926009,2026-05-18 12:59:43+05:30,53469.45,0,0.0,0,0.0,0.0,53282.15,53472.85,52783.45,53710.35,0,0.0,0.0,0.0,0.0,-0.01,-1,-1,-0.01,-1,-1,-0.01,-1,-1,-0.01,-1,-1,-0.01,-1,-1,-0.01,-1,-1,-0.01,-1,-1,-0.01,-1,-1,-0.01,-1,-1,-0.01,-1,-1
99926009,2026-05-18 12:59:43+05:30,53469.9,0,0.0,0,0.0,0.0,53282.15,53472.85,52783.45,53710.35,0,0.0,0.0,0.0,0.0,-0.01,-1,-1,-0.01,-1,-1,-0.01,-1,-1,-0.01,-1,-1,-0.01,-1,-1,-0.01,-1,-1,-0.01,-1,-1,-0.01,-1,-1,-0.01,-1,-1,-0.01,-1,-1
99926009,2026-05-18 12:59:44+05:30,53469.75,0,0.0,0,0.0,0.0,53282.15,53473.65,52783.45,53710.35,0,0.0,0.0,0.0,0.0,-0.01,-1,-1,-0.01,-1,-1,-0.01,-1,-1,-0.01,-1,-1,-0.01,-1,-1,-0.01,-1,-1,-0.01,-1,-1,-0.01,-1,-1,-0.01,-1,-1,-0.01,-1,-1
99926009,2026-05-18 12:59:44+05:30,53471.15,0,0.0,0,0.0,0.0,53282.15,53473.65,52783.45,53710.35,0,0.0,0.0,0.0,0.0,-0.01,-1,-1,-0.01,-1,-1,-0.01,-1,-1,-0.01,-1,-1,-0.01,-1,-1,-0.01,-1,-1,-0.01,-1,-1,-0.01,-1,-1,-0.01,-1,-1,-0.01,-1,-1
99926009,2026-05-18 12:59:45+05:30,53470.95,0,0.0,0,0.0,0.0,53282.15,53473.65,52783.45,53710.35,0,0.0,0.0,0.0,0.0,-0.01,-1,-1,-0.01,-1,-1,-0.01,-1,-1,-0.01,-1,-1,-0.01,-1,-1,-0.01,-1,-1,-0.01,-1,-1,-0.01,-1,-1,-0.01,-1,-1,-0.01,-1,-1
99926009,2026-05-18 12:59:45+05:30,53467.55,0,0.0,0,0.0,0.0,53282.15,53473.75,52783.45,53710.35,0,0.0,0.0,0.0,0.0,-0.01,-1,-1,-0.01,-1,-1,-0.01,-1,-1,-0.01,-1,-1,-0.01,-1,-1,-0.01,-1,-1,-0.01,-1,-1,-0.01,-1,-1,-0.01,-1,-1,-0.01,-1,-1
99926009,2026-05-18 12:59:46+05:30,53469.5,0,0.0,0,0.0,0.0,53282.15,53473.75,52783.45,53710.35,0,0.0,0.0,0.0,0.0,-0.01,-1,-1,-0.01,-1,-1,-0.01,-1,-1,-0.01,-1,-1,-0.01,-1,-1,-0.01,-1,-1,-0.01,-1,-1,-0.01,-1,-1,-0.01,-1,-1,-0.01,-1,-1
99926009,2026-05-18 12:59:46+05:30,53466.45,0,0.0,0,0.0,0.0,53282.15,53473.75,52783.45,53710.35,0,0.0,0.0,0.0,0.0,-0.01,-1,-1,-0.01,-1,-1,-0.01,-1,-1,-0.01,-1,-1,-0.01,-1,-1,-0.01,-1,-1,-0.01,-1,-1,-0.01,-1,-1,-0.01,-1,-1,-0.01,-1,-1
99926009,2026-05-18 12:59:47+05:30,53468.5,0,0.0,0,0.0,0.0,53282.15,53473.75,52783.45,53710.35,0,0.0,0.0,0.0,0.0,-0.01,-1,-1,-0.01,-1,-1,-0.01,-1,-1,-0.01,-1,-1,-0.01,-1,-1,-0.01,-1,-1,-0.01,-1,-1,-0.01,-1,-1,-0.01,-1,-1,-0.01,-1,-1
99926009,2026-05-18 12:59:47+05:30,53469.0,0,0.0,0,0.0,0.0,53282.15,53473.75,52783.45,53710.35,0,0.0,0.0,0.0,0.0,-0.01,-1,-1,-0.01,-1,-1,-0.01,-1,-1,-0.01,-1,-1,-0.01,-1,-1,-0.01,-1,-1,-0.01,-1,-1,-0.01,-1,-1,-0.01,-1,-1,-0.01,-1,-1
99926009,2026-05-18 12:59:48+05:30,53469.75,0,0.0,0,0.0,0.0,53282.15,53473.75,52783.45,53710.35,0,0.0,0.0,0.0,0.0,-0.01,-1,-1,-0.01,-1,-1,-0.01,-1,-1,-0.01,-1,-1,-0.01,-1,-1,-0.01,-1,-1,-0.01,-1,-1,-0.01,-1,-1,-0.01,-1,-1,-0.01,-1,-1
99926009,2026-05-18 12:59:48+05:30,53470.5,0,0.0,0,0.0,0.0,53282.15,53473.75,52783.45,53710.35,0,0.0,0.0,0.0,0.0,-0.01,-1,-1,-0.01,-1,-1,-0.01,-1,-1,-0.01,-1,-1,-0.01,-1,-1,-0.01,-1,-1,-0.01,-1,-1,-0.01,-1,-1,-0.01,-1,-1,-0.01,-1,-1
99926009,2026-05-18 12:59:49+05:30,53472.5,0,0.0,0,0.0,0.0,53282.15,53473.75,52783.45,53710.35,0,0.0,0.0,0.0,0.0,-0.01,-1,-1,-0.01,-1,-1,-0.01,-1,-1,-0.01,-1,-1,-0.01,-1,-1,-0.01,-1,-1,-0.01,-1,-1,-0.01,-1,-1,-0.01,-1,-1,-0.01,-1,-1
99926009,2026-05-18 12:59:49+05:30,53473.15,0,0.0,0,0.0,0.0,53282.15,53473.75,52783.45,53710.35,0,0.0,0.0,0.0,0.0,-0.01,-1,-1,-0.01,-1,-1,-0.01,-1,-1,-0.01,-1,-1,-0.01,-1,-1,-0.01,-1,-1,-0.01,-1,-1,-0.01,-1,-1,-0.01,-1,-1,-0.01,-1,-1
99926009,2026-05-18 12:59:50+05:30,53472.45,0,0.0,0,0.0,0.0,53282.15,53473.75,52783.45,53710.35,0,0.0,0.0,0.0,0.0,-0.01,-1,-1,-0.01,-1,-1,-0.01,-1,-1,-0.01,-1,-1,-0.01,-1,-1,-0.01,-1,-1,-0.01,-1,-1,-0.01,-1,-1,-0.01,-1,-1,-0.01,-1,-1
99926009,2026-05-18 12:59:50+05:30,53471.35,0,0.0,0,0.0,0.0,53282.15,53474.6,52783.45,53710.35,0,0.0,0.0,0.0,0.0,-0.01,-1,-1,-0.01,-1,-1,-0.01,-1,-1,-0.01,-1,-1,-0.01,-1,-1,-0.01,-1,-1,-0.01,-1,-1,-0.01,-1,-1,-0.01,-1,-1,-0.01,-1,-1
99926009,2026-05-18 12:59:51+05:30,53470.6,0,0.0,0,0.0,0.0,53282.15,53474.6,52783.45,53710.35,0,0.0,0.0,0.0,0.0,-0.01,-1,-1,-0.01,-1,-1,-0.01,-1,-1,-0.01,-1,-1,-0.01,-1,-1,-0.01,-1,-1,-0.01,-1,-1,-0.01,-1,-1,-0.01,-1,-1,-0.01,-1,-1
99926009,2026-05-18 12:59:51+05:30,53469.6,0,0.0,0,0.0,0.0,53282.15,53474.6,52783.45,53710.35,0,0.0,0.0,0.0,0.0,-0.01,-1,-1,-0.01,-1,-1,-0.01,-1,-1,-0.01,-1,-1,-0.01,-1,-1,-0.01,-1,-1,-0.01,-1,-1,-0.01,-1,-1,-0.01,-1,-1,-0.01,-1,-1
99926009,2026-05-18 12:59:52+05:30,53469.7,0,0.0,0,0.0,0.0,53282.15,53474.6,52783.45,53710.35,0,0.0,0.0,0.0,0.0,-0.01,-1,-1,-0.01,-1,-1,-0.01,-1,-1,-0.01,-1,-1,-0.01,-1,-1,-0.01,-1,-1,-0.01,-1,-1,-0.01,-1,-1,-0.01,-1,-1,-0.01,-1,-1
99926009,2026-05-18 12:59:52+05:30,53471.1,0,0.0,0,0.0,0.0,53282.15,53474.6,52783.45,53710.35,0,0.0,0.0,0.0,0.0,-0.01,-1,-1,-0.01,-1,-1,-0.01,-1,-1,-0.01,-1,-1,-0.01,-1,-1,-0.01,-1,-1,-0.01,-1,-1,-0.01,-1,-1,-0.01,-1,-1,-0.01,-1,-1
99926009,2026-05-18 12:59:53+05:30,53473.2,0,0.0,0,0.0,0.0,53282.15,53474.6,52783.45,53710.35,0,0.0,0.0,0.0,0.0,-0.01,-1,-1,-0.01,-1,-1,-0.01,-1,-1,-0.01,-1,-1,-0.01,-1,-1,-0.01,-1,-1,-0.01,-1,-1,-0.01,-1,-1,-0.01,-1,-1,-0.01,-1,-1
99926009,2026-05-18 12:59:53+05:30,53469.65,0,0.0,0,0.0,0.0,53282.15,53474.6,52783.45,53710.35,0,0.0,0.0,0.0,0.0,-0.01,-1,-1,-0.01,-1,-1,-0.01,-1,-1,-0.01,-1,-1,-0.01,-1,-1,-0.01,-1,-1,-0.01,-1,-1,-0.01,-1,-1,-0.01,-1,-1,-0.01,-1,-1
99926009,2026-05-18 12:59:54+05:30,53472.6,0,0.0,0,0.0,0.0,53282.15,53474.6,52783.45,53710.35,0,0.0,0.0,0.0,0.0,-0.01,-1,-1,-0.01,-1,-1,-0.01,-1,-1,-0.01,-1,-1,-0.01,-1,-1,-0.01,-1,-1,-0.01,-1,-1,-0.01,-1,-1,-0.01,-1,-1,-0.01,-1,-1
99926009,2026-05-18 12:59:54+05:30,53470.95,0,0.0,0,0.0,0.0,53282.15,53474.6,52783.45,53710.35,0,0.0,0.0,0.0,0.0,-0.01,-1,-1,-0.01,-1,-1,-0.01,-1,-1,-0.01,-1,-1,-0.01,-1,-1,-0.01,-1,-1,-0.01,-1,-1,-0.01,-1,-1,-0.01,-1,-1,-0.01,-1,-1
99926009,2026-05-18 12:59:55+05:30,53470.4,0,0.0,0,0.0,0.0,53282.15,53474.6,52783.45,53710.35,0,0.0,0.0,0.0,0.0,-0.01,-1,-1,-0.01,-1,-1,-0.01,-1,-1,-0.01,-1,-1,-0.01,-1,-1,-0.01,-1,-1,-0.01,-1,-1,-0.01,-1,-1,-0.01,-1,-1,-0.01,-1,-1
99926009,2026-05-18 12:59:55+05:30,53469.8,0,0.0,0,0.0,0.0,53282.15,53474.6,52783.45,53710.35,0,0.0,0.0,0.0,0.0,-0.01,-1,-1,-0.01,-1,-1,-0.01,-1,-1,-0.01,-1,-1,-0.01,-1,-1,-0.01,-1,-1,-0.01,-1,-1,-0.01,-1,-1,-0.01,-1,-1,-0.01,-1,-1
99926009,2026-05-18 12:59:56+05:30,53471.4,0,0.0,0,0.0,0.0,53282.15,53474.6,52783.45,53710.35,0,0.0,0.0,0.0,0.0,-0.01,-1,-1,-0.01,-1,-1,-0.01,-1,-1,-0.01,-1,-1,-0.01,-1,-1,-0.01,-1,-1,-0.01,-1,-1,-0.01,-1,-1,-0.01,-1,-1,-0.01,-1,-1
99926009,2026-05-18 12:59:56+05:30,53473.05,0,0.0,0,0.0,0.0,53282.15,53474.6,52783.45,53710.35,0,0.0,0.0,0.0,0.0,-0.01,-1,-1,-0.01,-1,-1,-0.01,-1,-1,-0.01,-1,-1,-0.01,-1,-1,-0.01,-1,-1,-0.01,-1,-1,-0.01,-1,-1,-0.01,-1,-1,-0.01,-1,-1
99926009,2026-05-18 12:59:57+05:30,53472.15,0,0.0,0,0.0,0.0,53282.15,53474.9,52783.45,53710.35,0,0.0,0.0,0.0,0.0,-0.01,-1,-1,-0.01,-1,-1,-0.01,-1,-1,-0.01,-1,-1,-0.01,-1,-1,-0.01,-1,-1,-0.01,-1,-1,-0.01,-1,-1,-0.01,-1,-1,-0.01,-1,-1
99926009,2026-05-18 12:59:57+05:30,53471.35,0,0.0,0,0.0,0.0,53282.15,53474.9,52783.45,53710.35,0,0.0,0.0,0.0,0.0,-0.01,-1,-1,-0.01,-1,-1,-0.01,-1,-1,-0.01,-1,-1,-0.01,-1,-1,-0.01,-1,-1,-0.01,-1,-1,-0.01,-1,-1,-0.01,-1,-1,-0.01,-1,-1
99926009,2026-05-18 12:59:58+05:30,53469.1,0,0.0,0,0.0,0.0,53282.15,53474.9,52783.45,53710.35,0,0.0,0.0,0.0,0.0,-0.01,-1,-1,-0.01,-1,-1,-0.01,-1,-1,-0.01,-1,-1,-0.01,-1,-1,-0.01,-1,-1,-0.01,-1,-1,-0.01,-1,-1,-0.01,-1,-1,-0.01,-1,-1
99926009,2026-05-18 12:59:58+05:30,53471.2,0,0.0,0,0.0,0.0,53282.15,53474.9,52783.45,53710.35,0,0.0,0.0,0.0,0.0,-0.01,-1,-1,-0.01,-1,-1,-0.01,-1,-1,-0.01,-1,-1,-0.01,-1,-1,-0.01,-1,-1,-0.01,-1,-1,-0.01,-1,-1,-0.01,-1,-1,-0.01,-1,-1
99926009,2026-05-18 12:59:59+05:30,53475.35,0,0.0,0,0.0,0.0,53282.15,53478.0,52783.45,53710.35,0,0.0,0.0,0.0,0.0,-0.01,-1,-1,-0.01,-1,-1,-0.01,-1,-1,-0.01,-1,-1,-0.01,-1,-1,-0.01,-1,-1,-0.01,-1,-1,-0.01,-1,-1,-0.01,-1,-1,-0.01,-1,-1
99926009,2026-05-18 12:59:59+05:30,53478.6,0,0.0,0,0.0,0.0,53282.15,53478.6,52783.45,53710.35,0,0.0,0.0,0.0,0.0,-0.01,-1,-1,-0.01,-1,-1,-0.01,-1,-1,-0.01,-1,-1,-0.01,-1,-1,-0.01,-1,-1,-0.01,-1,-1,-0.01,-1,-1,-0.01,-1,-1,-0.01,-1,-1
99926009,2026-05-18 13:00:00+05:30,53481.65,0,0.0,0,0.0,0.0,53282.15,53481.8,52783.45,53710.35,0,0.0,0.0,0.0,0.0,-0.01,-1,-1,-0.01,-1,-1,-0.01,-1,-1,-0.01,-1,-1,-0.01,-1,-1,-0.01,-1,-1,-0.01,-1,-1,-0.01,-1,-1,-0.01,-1,-1,-0.01,-1,-1
99926009,2026-05-18 13:00:00+05:30,53480.5,0,0.0,0,0.0,0.0,53282.15,53483.1,52783.45,53710.35,0,0.0,0.0,0.0,0.0,-0.01,-1,-1,-0.01,-1,-1,-0.01,-1,-1,-0.01,-1,-1,-0.01,-1,-1,-0.01,-1,-1,-0.01,-1,-1,-0.01,-1,-1,-0.01,-1,-1,-0.01,-1,-1
99926009,2026-05-18 13:00:01+05:30,53484.3,0,0.0,0,0.0,0.0,53282.15,53484.3,52783.45,53710.35,0,0.0,0.0,0.0,0.0,-0.01,-1,-1,-0.01,-1,-1,-0.01,-1,-1,-0.01,-1,-1,-0.01,-1,-1,-0.01,-1,-1,-0.01,-1,-1,-0.01,-1,-1,-0.01,-1,-1,-0.01,-1,-1
99926009,2026-05-18 13:00:01+05:30,53492.1,0,0.0,0,0.0,0.0,53282.15,53492.1,52783.45,53710.35,0,0.0,0.0,0.0,0.0,-0.01,-1,-1,-0.01,-1,-1,-0.01,-1,-1,-0.01,-1,-1,-0.01,-1,-1,-0.01,-1,-1,-0.01,-1,-1,-0.01,-1,-1,-0.01,-1,-1,-0.01,-1,-1
99926009,2026-05-18 13:00:02+05:30,53490.5,0,0.0,0,0.0,0.0,53282.15,53492.85,52783.45,53710.35,0,0.0,0.0,0.0,0.0,-0.01,-1,-1,-0.01,-1,-1,-0.01,-1,-1,-0.01,-1,-1,-0.01,-1,-1,-0.01,-1,-1,-0.01,-1,-1,-0.01,-1,-1,-0.01,-1,-1,-0.01,-1,-1
99926009,2026-05-18 13:00:02+05:30,53488.25,0,0.0,0,0.0,0.0,53282.15,53493.1,52783.45,53710.35,0,0.0,0.0,0.0,0.0,-0.01,-1,-1,-0.01,-1,-1,-0.01,-1,-1,-0.01,-1,-1,-0.01,-1,-1,-0.01,-1,-1,-0.01,-1,-1,-0.01,-1,-1,-0.01,-1,-1,-0.01,-1,-1
99926009,2026-05-18 13:00:03+05:30,53492.35,0,0.0,0,0.0,0.0,53282.15,53493.1,52783.45,53710.35,0,0.0,0.0,0.0,0.0,-0.01,-1,-1,-0.01,-1,-1,-0.01,-1,-1,-0.01,-1,-1,-0.01,-1,-1,-0.01,-1,-1,-0.01,-1,-1,-0.01,-1,-1,-0.01,-1,-1,-0.01,-1,-1
99926009,2026-05-18 13:00:03+05:30,53491.5,0,0.0,0,0.0,0.0,53282.15,53494.0,52783.45,53710.35,0,0.0,0.0,0.0,0.0,-0.01,-1,-1,-0.01,-1,-1,-0.01,-1,-1,-0.01,-1,-1,-0.01,-1,-1,-0.01,-1,-1,-0.01,-1,-1,-0.01,-1,-1,-0.01,-1,-1,-0.01,-1,-1
99926009,2026-05-18 13:00:04+05:30,53494.75,0,0.0,0,0.0,0.0,53282.15,53495.2,52783.45,53710.35,0,0.0,0.0,0.0,0.0,-0.01,-1,-1,-0.01,-1,-1,-0.01,-1,-1,-0.01,-1,-1,-0.01,-1,-1,-0.01,-1,-1,-0.01,-1,-1,-0.01,-1,-1,-0.01,-1,-1,-0.01,-1,-1
99926009,2026-05-18 13:00:04+05:30,53496.85,0,0.0,0,0.0,0.0,53282.15,53498.8,52783.45,53710.35,0,0.0,0.0,0.0,0.0,-0.01,-1,-1,-0.01,-1,-1,-0.01,-1,-1,-0.01,-1,-1,-0.01,-1,-1,-0.01,-1,-1,-0.01,-1,-1,-0.01,-1,-1,-0.01,-1,-1,-0.01,-1,-1
99926009,2026-05-18 13:00:05+05:30,53499.4,0,0.0,0,0.0,0.0,53282.15,53499.4,52783.45,53710.35,0,0.0,0.0,0.0,0.0,-0.01,-1,-1,-0.01,-1,-1,-0.01,-1,-1,-0.01,-1,-1,-0.01,-1,-1,-0.01,-1,-1,-0.01,-1,-1,-0.01,-1,-1,-0.01,-1,-1,-0.01,-1,-1
99926009,2026-05-18 13:00:05+05:30,53500.05,0,0.0,0,0.0,0.0,53282.15,53501.95,52783.45,53710.35,0,0.0,0.0,0.0,0.0,-0.01,-1,-1,-0.01,-1,-1,-0.01,-1,-1,-0.01,-1,-1,-0.01,-1,-1,-0.01,-1,-1,-0.01,-1,-1,-0.01,-1,-1,-0.01,-1,-1,-0.01,-1,-1
99926009,2026-05-18 13:00:06+05:30,53498.2,0,0.0,0,0.0,0.0,53282.15,53501.95,52783.45,53710.35,0,0.0,0.0,0.0,0.0,-0.01,-1,-1,-0.01,-1,-1,-0.01,-1,-1,-0.01,-1,-1,-0.01,-1,-1,-0.01,-1,-1,-0.01,-1,-1,-0.01,-1,-1,-0.01,-1,-1,-0.01,-1,-1
99926009,2026-05-18 13:00:06+05:30,53499.2,0,0.0,0,0.0,0.0,53282.15,53501.95,52783.45,53710.35,0,0.0,0.0,0.0,0.0,-0.01,-1,-1,-0.01,-1,-1,-0.01,-1,-1,-0.01,-1,-1,-0.01,-1,-1,-0.01,-1,-1,-0.01,-1,-1,-0.01,-1,-1,-0.01,-1,-1,-0.01,-1,-1
99926009,2026-05-18 13:00:07+05:30,53501.4,0,0.0,0,0.0,0.0,53282.15,53502.05,52783.45,53710.35,0,0.0,0.0,0.0,0.0,-0.01,-1,-1,-0.01,-1,-1,-0.01,-1,-1,-0.01,-1,-1,-0.01,-1,-1,-0.01,-1,-1,-0.01,-1,-1,-0.01,-1,-1,-0.01,-1,-1,-0.01,-1,-1
99926009,2026-05-18 13:00:07+05:30,53501.55,0,0.0,0,0.0,0.0,53282.15,53502.55,52783.45,53710.35,0,0.0,0.0,0.0,0.0,-0.01,-1,-1,-0.01,-1,-1,-0.01,-1,-1,-0.01,-1,-1,-0.01,-1,-1,-0.01,-1,-1,-0.01,-1,-1,-0.01,-1,-1,-0.01,-1,-1,-0.01,-1,-1
99926009,2026-05-18 13:00:08+05:30,53502.0,0,0.0,0,0.0,0.0,53282.15,53502.55,52783.45,53710.35,0,0.0,0.0,0.0,0.0,-0.01,-1,-1,-0.01,-1,-1,-0.01,-1,-1,-0.01,-1,-1,-0.01,-1,-1,-0.01,-1,-1,-0.01,-1,-1,-0.01,-1,-1,-0.01,-1,-1,-0.01,-1,-1
99926009,2026-05-18 13:00:08+05:30,53503.15,0,0.0,0,0.0,0.0,53282.15,53504.9,52783.45,53710.35,0,0.0,0.0,0.0,0.0,-0.01,-1,-1,-0.01,-1,-1,-0.01,-1,-1,-0.01,-1,-1,-0.01,-1,-1,-0.01,-1,-1,-0.01,-1,-1,-0.01,-1,-1,-0.01,-1,-1,-0.01,-1,-1
99926009,2026-05-18 13:00:09+05:30,53502.45,0,0.0,0,0.0,0.0,53282.15,53504.9,52783.45,53710.35,0,0.0,0.0,0.0,0.0,-0.01,-1,-1,-0.01,-1,-1,-0.01,-1,-1,-0.01,-1,-1,-0.01,-1,-1,-0.01,-1,-1,-0.01,-1,-1,-0.01,-1,-1,-0.01,-1,-1,-0.01,-1,-1
99926009,2026-05-18 13:00:09+05:30,53503.8,0,0.0,0,0.0,0.0,53282.15,53506.0,52783.45,53710.35,0,0.0,0.0,0.0,0.0,-0.01,-1,-1,-0.01,-1,-1,-0.01,-1,-1,-0.01,-1,-1,-0.01,-1,-1,-0.01,-1,-1,-0.01,-1,-1,-0.01,-1,-1,-0.01,-1,-1,-0.01,-1,-1
99926009,2026-05-18 13:00:10+05:30,53509.75,0,0.0,0,0.0,0.0,53282.15,53511.5,52783.45,53710.35,0,0.0,0.0,0.0,0.0,-0.01,-1,-1,-0.01,-1,-1,-0.01,-1,-1,-0.01,-1,-1,-0.01,-1,-1,-0.01,-1,-1,-0.01,-1,-1,-0.01,-1,-1,-0.01,-1,-1,-0.01,-1,-1
99926009,2026-05-18 13:00:10+05:30,53509.45,0,0.0,0,0.0,0.0,53282.15,53513.2,52783.45,53710.35,0,0.0,0.0,0.0,0.0,-0.01,-1,-1,-0.01,-1,-1,-0.01,-1,-1,-0.01,-1,-1,-0.01,-1,-1,-0.01,-1,-1,-0.01,-1,-1,-0.01,-1,-1,-0.01,-1,-1,-0.01,-1,-1
99926009,2026-05-18 13:00:11+05:30,53506.4,0,0.0,0,0.0,0.0,53282.15,53513.2,52783.45,53710.35,0,0.0,0.0,0.0,0.0,-0.01,-1,-1,-0.01,-1,-1,-0.01,-1,-1,-0.01,-1,-1,-0.01,-1,-1,-0.01,-1,-1,-0.01,-1,-1,-0.01,-1,-1,-0.01,-1,-1,-0.01,-1,-1
99926009,2026-05-18 13:00:11+05:30,53510.3,0,0.0,0,0.0,0.0,53282.15,53513.2,52783.45,53710.35,0,0.0,0.0,0.0,0.0,-0.01,-1,-1,-0.01,-1,-1,-0.01,-1,-1,-0.01,-1,-1,-0.01,-1,-1,-0.01,-1,-1,-0.01,-1,-1,-0.01,-1,-1,-0.01,-1,-1,-0.01,-1,-1
99926009,2026-05-18 13:00:12+05:30,53508.45,0,0.0,0,0.0,0.0,53282.15,53513.2,52783.45,53710.35,0,0.0,0.0,0.0,0.0,-0.01,-1,-1,-0.01,-1,-1,-0.01,-1,-1,-0.01,-1,-1,-0.01,-1,-1,-0.01,-1,-1,-0.01,-1,-1,-0.01,-1,-1,-0.01,-1,-1,-0.01,-1,-1
99926009,2026-05-18 13:00:12+05:30,53506.95,0,0.0,0,0.0,0.0,53282.15,53513.2,52783.45,53710.35,0,0.0,0.0,0.0,0.0,-0.01,-1,-1,-0.01,-1,-1,-0.01,-1,-1,-0.01,-1,-1,-0.01,-1,-1,-0.01,-1,-1,-0.01,-1,-1,-0.01,-1,-1,-0.01,-1,-1,-0.01,-1,-1
99926009,2026-05-18 13:00:13+05:30,53511.2,0,0.0,0,0.0,0.0,53282.15,53513.2,52783.45,53710.35,0,0.0,0.0,0.0,0.0,-0.01,-1,-1,-0.01,-1,-1,-0.01,-1,-1,-0.01,-1,-1,-0.01,-1,-1,-0.01,-1,-1,-0.01,-1,-1,-0.01,-1,-1,-0.01,-1,-1,-0.01,-1,-1
99926009,2026-05-18 13:00:13+05:30,53514.6,0,0.0,0,0.0,0.0,53282.15,53515.45,52783.45,53710.35,0,0.0,0.0,0.0,0.0,-0.01,-1,-1,-0.01,-1,-1,-0.01,-1,-1,-0.01,-1,-1,-0.01,-1,-1,-0.01,-1,-1,-0.01,-1,-1,-0.01,-1,-1,-0.01,-1,-1,-0.01,-1,-1
99926009,2026-05-18 13:00:14+05:30,53514.7,0,0.0,0,0.0,0.0,53282.15,53519.35,52783.45,53710.35,0,0.0,0.0,0.0,0.0,-0.01,-1,-1,-0.01,-1,-1,-0.01,-1,-1,-0.01,-1,-1,-0.01,-1,-1,-0.01,-1,-1,-0.01,-1,-1,-0.01,-1,-1,-0.01,-1,-1,-0.01,-1,-1
99926009,2026-05-18 13:00:14+05:30,53513.25,0,0.0,0,0.0,0.0,53282.15,53519.35,52783.45,53710.35,0,0.0,0.0,0.0,0.0,-0.01,-1,-1,-0.01,-1,-1,-0.01,-1,-1,-0.01,-1,-1,-0.01,-1,-1,-0.01,-1,-1,-0.01,-1,-1,-0.01,-1,-1,-0.01,-1,-1,-0.01,-1,-1
99926009,2026-05-18 13:00:15+05:30,53513.95,0,0.0,0,0.0,0.0,53282.15,53519.35,52783.45,53710.35,0,0.0,0.0,0.0,0.0,-0.01,-1,-1,-0.01,-1,-1,-0.01,-1,-1,-0.01,-1,-1,-0.01,-1,-1,-0.01,-1,-1,-0.01,-1,-1,-0.01,-1,-1,-0.01,-1,-1,-0.01,-1,-1
99926009,2026-05-18 13:00:15+05:30,53513.45,0,0.0,0,0.0,0.0,53282.15,53519.35,52783.45,53710.35,0,0.0,0.0,0.0,0.0,-0.01,-1,-1,-0.01,-1,-1,-0.01,-1,-1,-0.01,-1,-1,-0.01,-1,-1,-0.01,-1,-1,-0.01,-1,-1,-0.01,-1,-1,-0.01,-1,-1,-0.01,-1,-1
99926009,2026-05-18 13:00:16+05:30,53512.75,0,0.0,0,0.0,0.0,53282.15,53519.35,52783.45,53710.35,0,0.0,0.0,0.0,0.0,-0.01,-1,-1,-0.01,-1,-1,-0.01,-1,-1,-0.01,-1,-1,-0.01,-1,-1,-0.01,-1,-1,-0.01,-1,-1,-0.01,-1,-1,-0.01,-1,-1,-0.01,-1,-1
99926009,2026-05-18 13:00:16+05:30,53514.35,0,0.0,0,0.0,0.0,53282.15,53519.35,52783.45,53710.35,0,0.0,0.0,0.0,0.0,-0.01,-1,-1,-0.01,-1,-1,-0.01,-1,-1,-0.01,-1,-1,-0.01,-1,-1,-0.01,-1,-1,-0.01,-1,-1,-0.01,-1,-1,-0.01,-1,-1,-0.01,-1,-1
99926009,2026-05-18 13:00:17+05:30,53513.4,0,0.0,0,0.0,0.0,53282.15,53519.35,52783.45,53710.35,0,0.0,0.0,0.0,0.0,-0.01,-1,-1,-0.01,-1,-1,-0.01,-1,-1,-0.01,-1,-1,-0.01,-1,-1,-0.01,-1,-1,-0.01,-1,-1,-0.01,-1,-1,-0.01,-1,-1,-0.01,-1,-1
99926009,2026-05-18 13:00:17+05:30,53513.75,0,0.0,0,0.0,0.0,53282.15,53519.35,52783.45,53710.35,0,0.0,0.0,0.0,0.0,-0.01,-1,-1,-0.01,-1,-1,-0.01,-1,-1,-0.01,-1,-1,-0.01,-1,-1,-0.01,-1,-1,-0.01,-1,-1,-0.01,-1,-1,-0.01,-1,-1,-0.01,-1,-1
99926009,2026-05-18 13:00:18+05:30,53511.25,0,0.0,0,0.0,0.0,53282.15,53519.35,52783.45,53710.35,0,0.0,0.0,0.0,0.0,-0.01,-1,-1,-0.01,-1,-1,-0.01,-1,-1,-0.01,-1,-1,-0.01,-1,-1,-0.01,-1,-1,-0.01,-1,-1,-0.01,-1,-1,-0.01,-1,-1,-0.01,-1,-1
99926009,2026-05-18 13:00:18+05:30,53512.8,0,0.0,0,0.0,0.0,53282.15,53519.35,52783.45,53710.35,0,0.0,0.0,0.0,0.0,-0.01,-1,-1,-0.01,-1,-1,-0.01,-1,-1,-0.01,-1,-1,-0.01,-1,-1,-0.01,-1,-1,-0.01,-1,-1,-0.01,-1,-1,-0.01,-1,-1,-0.01,-1,-1
99926009,2026-05-18 13:00:19+05:30,53510.95,0,0.0,0,0.0,0.0,53282.15,53519.35,52783.45,53710.35,0,0.0,0.0,0.0,0.0,-0.01,-1,-1,-0.01,-1,-1,-0.01,-1,-1,-0.01,-1,-1,-0.01,-1,-1,-0.01,-1,-1,-0.01,-1,-1,-0.01,-1,-1,-0.01,-1,-1,-0.01,-1,-1
99926009,2026-05-18 13:00:19+05:30,53512.3,0,0.0,0,0.0,0.0,53282.15,53519.35,52783.45,53710.35,0,0.0,0.0,0.0,0.0,-0.01,-1,-1,-0.01,-1,-1,-0.01,-1,-1,-0.01,-1,-1,-0.01,-1,-1,-0.01,-1,-1,-0.01,-1,-1,-0.01,-1,-1,-0.01,-1,-1,-0.01,-1,-1
99926009,2026-05-18 13:00:20+05:30,53512.6,0,0.0,0,0.0,0.0,53282.15,53519.35,52783.45,53710.35,0,0.0,0.0,0.0,0.0,-0.01,-1,-1,-0.01,-1,-1,-0.01,-1,-1,-0.01,-1,-1,-0.01,-1,-1,-0.01,-1,-1,-0.01,-1,-1,-0.01,-1,-1,-0.01,-1,-1,-0.01,-1,-1
99926009,2026-05-18 13:00:20+05:30,53514.8,0,0.0,0,0.0,0.0,53282.15,53519.35,52783.45,53710.35,0,0.0,0.0,0.0,0.0,-0.01,-1,-1,-0.01,-1,-1,-0.01,-1,-1,-0.01,-1,-1,-0.01,-1,-1,-0.01,-1,-1,-0.01,-1,-1,-0.01,-1,-1,-0.01,-1,-1,-0.01,-1,-1
99926009,2026-05-18 13:00:21+05:30,53511.85,0,0.0,0,0.0,0.0,53282.15,53519.35,52783.45,53710.35,0,0.0,0.0,0.0,0.0,-0.01,-1,-1,-0.01,-1,-1,-0.01,-1,-1,-0.01,-1,-1,-0.01,-1,-1,-0.01,-1,-1,-0.01,-1,-1,-0.01,-1,-1,-0.01,-1,-1,-0.01,-1,-1
99926009,2026-05-18 13:00:21+05:30,53513.25,0,0.0,0,0.0,0.0,53282.15,53519.35,52783.45,53710.35,0,0.0,0.0,0.0,0.0,-0.01,-1,-1,-0.01,-1,-1,-0.01,-1,-1,-0.01,-1,-1,-0.01,-1,-1,-0.01,-1,-1,-0.01,-1,-1,-0.01,-1,-1,-0.01,-1,-1,-0.01,-1,-1
99926009,2026-05-18 13:00:22+05:30,53514.35,0,0.0,0,0.0,0.0,53282.15,53519.35,52783.45,53710.35,0,0.0,0.0,0.0,0.0,-0.01,-1,-1,-0.01,-1,-1,-0.01,-1,-1,-0.01,-1,-1,-0.01,-1,-1,-0.01,-1,-1,-0.01,-1,-1,-0.01,-1,-1,-0.01,-1,-1,-0.01,-1,-1
99926009,2026-05-18 13:00:22+05:30,53514.25,0,0.0,0,0.0,0.0,53282.15,53519.35,52783.45,53710.35,0,0.0,0.0,0.0,0.0,-0.01,-1,-1,-0.01,-1,-1,-0.01,-1,-1,-0.01,-1,-1,-0.01,-1,-1,-0.01,-1,-1,-0.01,-1,-1,-0.01,-1,-1,-0.01,-1,-1,-0.01,-1,-1
99926009,2026-05-18 13:00:23+05:30,53513.55,0,0.0,0,0.0,0.0,53282.15,53519.35,52783.45,53710.35,0,0.0,0.0,0.0,0.0,-0.01,-1,-1,-0.01,-1,-1,-0.01,-1,-1,-0.01,-1,-1,-0.01,-1,-1,-0.01,-1,-1,-0.01,-1,-1,-0.01,-1,-1,-0.01,-1,-1,-0.01,-1,-1
99926009,2026-05-18 13:00:23+05:30,53510.05,0,0.0,0,0.0,0.0,53282.15,53519.35,52783.45,53710.35,0,0.0,0.0,0.0,0.0,-0.01,-1,-1,-0.01,-1,-1,-0.01,-1,-1,-0.01,-1,-1,-0.01,-1,-1,-0.01,-1,-1,-0.01,-1,-1,-0.01,-1,-1,-0.01,-1,-1,-0.01,-1,-1
99926009,2026-05-18 13:00:24+05:30,53512.95,0,0.0,0,0.0,0.0,53282.15,53519.35,52783.45,53710.35,0,0.0,0.0,0.0,0.0,-0.01,-1,-1,-0.01,-1,-1,-0.01,-1,-1,-0.01,-1,-1,-0.01,-1,-1,-0.01,-1,-1,-0.01,-1,-1,-0.01,-1,-1,-0.01,-1,-1,-0.01,-1,-1
99926009,2026-05-18 13:00:24+05:30,53513.2,0,0.0,0,0.0,0.0,53282.15,53519.35,52783.45,53710.35,0,0.0,0.0,0.0,0.0,-0.01,-1,-1,-0.01,-1,-1,-0.01,-1,-1,-0.01,-1,-1,-0.01,-1,-1,-0.01,-1,-1,-0.01,-1,-1,-0.01,-1,-1,-0.01,-1,-1,-0.01,-1,-1
99926009,2026-05-18 13:00:25+05:30,53510.65,0,0.0,0,0.0,0.0,53282.15,53519.35,52783.45,53710.35,0,0.0,0.0,0.0,0.0,-0.01,-1,-1,-0.01,-1,-1,-0.01,-1,-1,-0.01,-1,-1,-0.01,-1,-1,-0.01,-1,-1,-0.01,-1,-1,-0.01,-1,-1,-0.01,-1,-1,-0.01,-1,-1
99926009,2026-05-18 13:00:25+05:30,53514.05,0,0.0,0,0.0,0.0,53282.15,53519.35,52783.45,53710.35,0,0.0,0.0,0.0,0.0,-0.01,-1,-1,-0.01,-1,-1,-0.01,-1,-1,-0.01,-1,-1,-0.01,-1,-1,-0.01,-1,-1,-0.01,-1,-1,-0.01,-1,-1,-0.01,-1,-1,-0.01,-1,-1
99926009,2026-05-18 13:00:26+05:30,53512.2,0,0.0,0,0.0,0.0,53282.15,53519.35,52783.45,53710.35,0,0.0,0.0,0.0,0.0,-0.01,-1,-1,-0.01,-1,-1,-0.01,-1,-1,-0.01,-1,-1,-0.01,-1,-1,-0.01,-1,-1,-0.01,-1,-1,-0.01,-1,-1,-0.01,-1,-1,-0.01,-1,-1
99926009,2026-05-18 13:00:26+05:30,53513.6,0,0.0,0,0.0,0.0,53282.15,53519.35,52783.45,53710.35,0,0.0,0.0,0.0,0.0,-0.01,-1,-1,-0.01,-1,-1,-0.01,-1,-1,-0.01,-1,-1,-0.01,-1,-1,-0.01,-1,-1,-0.01,-1,-1,-0.01,-1,-1,-0.01,-1,-1,-0.01,-1,-1
99926009,2026-05-18 13:00:27+05:30,53515.75,0,0.0,0,0.0,0.0,53282.15,53519.35,52783.45,53710.35,0,0.0,0.0,0.0,0.0,-0.01,-1,-1,-0.01,-1,-1,-0.01,-1,-1,-0.01,-1,-1,-0.01,-1,-1,-0.01,-1,-1,-0.01,-1,-1,-0.01,-1,-1,-0.01,-1,-1,-0.01,-1,-1
99926009,2026-05-18 13:00:27+05:30,53516.8,0,0.0,0,0.0,0.0,53282.15,53519.35,52783.45,53710.35,0,0.0,0.0,0.0,0.0,-0.01,-1,-1,-0.01,-1,-1,-0.01,-1,-1,-0.01,-1,-1,-0.01,-1,-1,-0.01,-1,-1,-0.01,-1,-1,-0.01,-1,-1,-0.01,-1,-1,-0.01,-1,-1
99926009,2026-05-18 13:00:28+05:30,53513.9,0,0.0,0,0.0,0.0,53282.15,53519.35,52783.45,53710.35,0,0.0,0.0,0.0,0.0,-0.01,-1,-1,-0.01,-1,-1,-0.01,-1,-1,-0.01,-1,-1,-0.01,-1,-1,-0.01,-1,-1,-0.01,-1,-1,-0.01,-1,-1,-0.01,-1,-1,-0.01,-1,-1
99926009,2026-05-18 13:00:28+05:30,53512.15,0,0.0,0,0.0,0.0,53282.15,53519.35,52783.45,53710.35,0,0.0,0.0,0.0,0.0,-0.01,-1,-1,-0.01,-1,-1,-0.01,-1,-1,-0.01,-1,-1,-0.01,-1,-1,-0.01,-1,-1,-0.01,-1,-1,-0.01,-1,-1,-0.01,-1,-1,-0.01,-1,-1
99926009,2026-05-18 13:00:29+05:30,53511.45,0,0.0,0,0.0,0.0,53282.15,53519.35,52783.45,53710.35,0,0.0,0.0,0.0,0.0,-0.01,-1,-1,-0.01,-1,-1,-0.01,-1,-1,-0.01,-1,-1,-0.01,-1,-1,-0.01,-1,-1,-0.01,-1,-1,-0.01,-1,-1,-0.01,-1,-1,-0.01,-1,-1
99926009,2026-05-18 13:00:29+05:30,53513.65,0,0.0,0,0.0,0.0,53282.15,53519.35,52783.45,53710.35,0,0.0,0.0,0.0,0.0,-0.01,-1,-1,-0.01,-1,-1,-0.01,-1,-1,-0.01,-1,-1,-0.01,-1,-1,-0.01,-1,-1,-0.01,-1,-1,-0.01,-1,-1,-0.01,-1,-1,-0.01,-1,-1
99926009,2026-05-18 13:00:30+05:30,53511.35,0,0.0,0,0.0,0.0,53282.15,53519.35,52783.45,53710.35,0,0.0,0.0,0.0,0.0,-0.01,-1,-1,-0.01,-1,-1,-0.01,-1,-1,-0.01,-1,-1,-0.01,-1,-1,-0.01,-1,-1,-0.01,-1,-1,-0.01,-1,-1,-0.01,-1,-1,-0.01,-1,-1
99926009,2026-05-18 13:00:30+05:30,53514.25,0,0.0,0,0.0,0.0,53282.15,53519.35,52783.45,53710.35,0,0.0,0.0,0.0,0.0,-0.01,-1,-1,-0.01,-1,-1,-0.01,-1,-1,-0.01,-1,-1,-0.01,-1,-1,-0.01,-1,-1,-0.01,-1,-1,-0.01,-1,-1,-0.01,-1,-1,-0.01,-1,-1
99926009,2026-05-18 13:00:31+05:30,53513.6,0,0.0,0,0.0,0.0,53282.15,53519.35,52783.45,53710.35,0,0.0,0.0,0.0,0.0,-0.01,-1,-1,-0.01,-1,-1,-0.01,-1,-1,-0.01,-1,-1,-0.01,-1,-1,-0.01,-1,-1,-0.01,-1,-1,-0.01,-1,-1,-0.01,-1,-1,-0.01,-1,-1
99926009,2026-05-18 13:00:31+05:30,53513.25,0,0.0,0,0.0,0.0,53282.15,53519.35,52783.45,53710.35,0,0.0,0.0,0.0,0.0,-0.01,-1,-1,-0.01,-1,-1,-0.01,-1,-1,-0.01,-1,-1,-0.01,-1,-1,-0.01,-1,-1,-0.01,-1,-1,-0.01,-1,-1,-0.01,-1,-1,-0.01,-1,-1
99926009,2026-05-18 13:00:32+05:30,53510.15,0,0.0,0,0.0,0.0,53282.15,53519.35,52783.45,53710.35,0,0.0,0.0,0.0,0.0,-0.01,-1,-1,-0.01,-1,-1,-0.01,-1,-1,-0.01,-1,-1,-0.01,-1,-1,-0.01,-1,-1,-0.01,-1,-1,-0.01,-1,-1,-0.01,-1,-1,-0.01,-1,-1
99926009,2026-05-18 13:00:32+05:30,53513.45,0,0.0,0,0.0,0.0,53282.15,53519.35,52783.45,53710.35,0,0.0,0.0,0.0,0.0,-0.01,-1,-1,-0.01,-1,-1,-0.01,-1,-1,-0.01,-1,-1,-0.01,-1,-1,-0.01,-1,-1,-0.01,-1,-1,-0.01,-1,-1,-0.01,-1,-1,-0.01,-1,-1
99926009,2026-05-18 13:00:33+05:30,53511.15,0,0.0,0,0.0,0.0,53282.15,53519.35,52783.45,53710.35,0,0.0,0.0,0.0,0.0,-0.01,-1,-1,-0.01,-1,-1,-0.01,-1,-1,-0.01,-1,-1,-0.01,-1,-1,-0.01,-1,-1,-0.01,-1,-1,-0.01,-1,-1,-0.01,-1,-1,-0.01,-1,-1
99926009,2026-05-18 13:00:33+05:30,53510.55,0,0.0,0,0.0,0.0,53282.15,53519.35,52783.45,53710.35,0,0.0,0.0,0.0,0.0,-0.01,-1,-1,-0.01,-1,-1,-0.01,-1,-1,-0.01,-1,-1,-0.01,-1,-1,-0.01,-1,-1,-0.01,-1,-1,-0.01,-1,-1,-0.01,-1,-1,-0.01,-1,-1
99926009,2026-05-18 13:00:34+05:30,53511.65,0,0.0,0,0.0,0.0,53282.15,53519.35,52783.45,53710.35,0,0.0,0.0,0.0,0.0,-0.01,-1,-1,-0.01,-1,-1,-0.01,-1,-1,-0.01,-1,-1,-0.01,-1,-1,-0.01,-1,-1,-0.01,-1,-1,-0.01,-1,-1,-0.01,-1,-1,-0.01,-1,-1
99926009,2026-05-18 13:00:34+05:30,53508.2,0,0.0,0,0.0,0.0,53282.15,53519.35,52783.45,53710.35,0,0.0,0.0,0.0,0.0,-0.01,-1,-1,-0.01,-1,-1,-0.01,-1,-1,-0.01,-1,-1,-0.01,-1,-1,-0.01,-1,-1,-0.01,-1,-1,-0.01,-1,-1,-0.01,-1,-1,-0.01,-1,-1
99926009,2026-05-18 13:00:35+05:30,53510.45,0,0.0,0,0.0,0.0,53282.15,53519.35,52783.45,53710.35,0,0.0,0.0,0.0,0.0,-0.01,-1,-1,-0.01,-1,-1,-0.01,-1,-1,-0.01,-1,-1,-0.01,-1,-1,-0.01,-1,-1,-0.01,-1,-1,-0.01,-1,-1,-0.01,-1,-1,-0.01,-1,-1
99926009,2026-05-18 13:00:35+05:30,53513.5,0,0.0,0,0.0,0.0,53282.15,53519.35,52783.45,53710.35,0,0.0,0.0,0.0,0.0,-0.01,-1,-1,-0.01,-1,-1,-0.01,-1,-1,-0.01,-1,-1,-0.01,-1,-1,-0.01,-1,-1,-0.01,-1,-1,-0.01,-1,-1,-0.01,-1,-1,-0.01,-1,-1
99926009,2026-05-18 13:00:36+05:30,53510.05,0,0.0,0,0.0,0.0,53282.15,53519.35,52783.45,53710.35,0,0.0,0.0,0.0,0.0,-0.01,-1,-1,-0.01,-1,-1,-0.01,-1,-1,-0.01,-1,-1,-0.01,-1,-1,-0.01,-1,-1,-0.01,-1,-1,-0.01,-1,-1,-0.01,-1,-1,-0.01,-1,-1
99926009,2026-05-18 13:00:36+05:30,53511.8,0,0.0,0,0.0,0.0,53282.15,53519.35,52783.45,53710.35,0,0.0,0.0,0.0,0.0,-0.01,-1,-1,-0.01,-1,-1,-0.01,-1,-1,-0.01,-1,-1,-0.01,-1,-1,-0.01,-1,-1,-0.01,-1,-1,-0.01,-1,-1,-0.01,-1,-1,-0.01,-1,-1
99926009,2026-05-18 13:00:37+05:30,53509.8,0,0.0,0,0.0,0.0,53282.15,53519.35,52783.45,53710.35,0,0.0,0.0,0.0,0.0,-0.01,-1,-1,-0.01,-1,-1,-0.01,-1,-1,-0.01,-1,-1,-0.01,-1,-1,-0.01,-1,-1,-0.01,-1,-1,-0.01,-1,-1,-0.01,-1,-1,-0.01,-1,-1
99926009,2026-05-18 13:00:37+05:30,53507.1,0,0.0,0,0.0,0.0,53282.15,53519.35,52783.45,53710.35,0,0.0,0.0,0.0,0.0,-0.01,-1,-1,-0.01,-1,-1,-0.01,-1,-1,-0.01,-1,-1,-0.01,-1,-1,-0.01,-1,-1,-0.01,-1,-1,-0.01,-1,-1,-0.01,-1,-1,-0.01,-1,-1
99926009,2026-05-18 13:00:38+05:30,53506.15,0,0.0,0,0.0,0.0,53282.15,53519.35,52783.45,53710.35,0,0.0,0.0,0.0,0.0,-0.01,-1,-1,-0.01,-1,-1,-0.01,-1,-1,-0.01,-1,-1,-0.01,-1,-1,-0.01,-1,-1,-0.01,-1,-1,-0.01,-1,-1,-0.01,-1,-1,-0.01,-1,-1
99926009,2026-05-18 13:00:38+05:30,53503.9,0,0.0,0,0.0,0.0,53282.15,53519.35,52783.45,53710.35,0,0.0,0.0,0.0,0.0,-0.01,-1,-1,-0.01,-1,-1,-0.01,-1,-1,-0.01,-1,-1,-0.01,-1,-1,-0.01,-1,-1,-0.01,-1,-1,-0.01,-1,-1,-0.01,-1,-1,-0.01,-1,-1
99926009,2026-05-18 13:00:39+05:30,53502.9,0,0.0,0,0.0,0.0,53282.15,53519.35,52783.45,53710.35,0,0.0,0.0,0.0,0.0,-0.01,-1,-1,-0.01,-1,-1,-0.01,-1,-1,-0.01,-1,-1,-0.01,-1,-1,-0.01,-1,-1,-0.01,-1,-1,-0.01,-1,-1,-0.01,-1,-1,-0.01,-1,-1
99926009,2026-05-18 13:00:39+05:30,53502.6,0,0.0,0,0.0,0.0,53282.15,53519.35,52783.45,53710.35,0,0.0,0.0,0.0,0.0,-0.01,-1,-1,-0.01,-1,-1,-0.01,-1,-1,-0.01,-1,-1,-0.01,-1,-1,-0.01,-1,-1,-0.01,-1,-1,-0.01,-1,-1,-0.01,-1,-1,-0.01,-1,-1
99926009,2026-05-18 13:00:40+05:30,53505.25,0,0.0,0,0.0,0.0,53282.15,53519.35,52783.45,53710.35,0,0.0,0.0,0.0,0.0,-0.01,-1,-1,-0.01,-1,-1,-0.01,-1,-1,-0.01,-1,-1,-0.01,-1,-1,-0.01,-1,-1,-0.01,-1,-1,-0.01,-1,-1,-0.01,-1,-1,-0.01,-1,-1
99926009,2026-05-18 13:00:40+05:30,53502.9,0,0.0,0,0.0,0.0,53282.15,53519.35,52783.45,53710.35,0,0.0,0.0,0.0,0.0,-0.01,-1,-1,-0.01,-1,-1,-0.01,-1,-1,-0.01,-1,-1,-0.01,-1,-1,-0.01,-1,-1,-0.01,-1,-1,-0.01,-1,-1,-0.01,-1,-1,-0.01,-1,-1
99926009,2026-05-18 13:00:41+05:30,53501.95,0,0.0,0,0.0,0.0,53282.15,53519.35,52783.45,53710.35,0,0.0,0.0,0.0,0.0,-0.01,-1,-1,-0.01,-1,-1,-0.01,-1,-1,-0.01,-1,-1,-0.01,-1,-1,-0.01,-1,-1,-0.01,-1,-1,-0.01,-1,-1,-0.01,-1,-1,-0.01,-1,-1
99926009,2026-05-18 13:00:41+05:30,53500.7,0,0.0,0,0.0,0.0,53282.15,53519.35,52783.45,53710.35,0,0.0,0.0,0.0,0.0,-0.01,-1,-1,-0.01,-1,-1,-0.01,-1,-1,-0.01,-1,-1,-0.01,-1,-1,-0.01,-1,-1,-0.01,-1,-1,-0.01,-1,-1,-0.01,-1,-1,-0.01,-1,-1
99926009,2026-05-18 13:00:42+05:30,53500.75,0,0.0,0,0.0,0.0,53282.15,53519.35,52783.45,53710.35,0,0.0,0.0,0.0,0.0,-0.01,-1,-1,-0.01,-1,-1,-0.01,-1,-1,-0.01,-1,-1,-0.01,-1,-1,-0.01,-1,-1,-0.01,-1,-1,-0.01,-1,-1,-0.01,-1,-1,-0.01,-1,-1
99926009,2026-05-18 13:00:42+05:30,53500.5,0,0.0,0,0.0,0.0,53282.15,53519.35,52783.45,53710.35,0,0.0,0.0,0.0,0.0,-0.01,-1,-1,-0.01,-1,-1,-0.01,-1,-1,-0.01,-1,-1,-0.01,-1,-1,-0.01,-1,-1,-0.01,-1,-1,-0.01,-1,-1,-0.01,-1,-1,-0.01,-1,-1
99926009,2026-05-18 13:00:43+05:30,53498.55,0,0.0,0,0.0,0.0,53282.15,53519.35,52783.45,53710.35,0,0.0,0.0,0.0,0.0,-0.01,-1,-1,-0.01,-1,-1,-0.01,-1,-1,-0.01,-1,-1,-0.01,-1,-1,-0.01,-1,-1,-0.01,-1,-1,-0.01,-1,-1,-0.01,-1,-1,-0.01,-1,-1
99926009,2026-05-18 13:00:43+05:30,53502.65,0,0.0,0,0.0,0.0,53282.15,53519.35,52783.45,53710.35,0,0.0,0.0,0.0,0.0,-0.01,-1,-1,-0.01,-1,-1,-0.01,-1,-1,-0.01,-1,-1,-0.01,-1,-1,-0.01,-1,-1,-0.01,-1,-1,-0.01,-1,-1,-0.01,-1,-1,-0.01,-1,-1
99926009,2026-05-18 13:00:44+05:30,53500.25,0,0.0,0,0.0,0.0,53282.15,53519.35,52783.45,53710.35,0,0.0,0.0,0.0,0.0,-0.01,-1,-1,-0.01,-1,-1,-0.01,-1,-1,-0.01,-1,-1,-0.01,-1,-1,-0.01,-1,-1,-0.01,-1,-1,-0.01,-1,-1,-0.01,-1,-1,-0.01,-1,-1
99926009,2026-05-18 13:00:44+05:30,53498.5,0,0.0,0,0.0,0.0,53282.15,53519.35,52783.45,53710.35,0,0.0,0.0,0.0,0.0,-0.01,-1,-1,-0.01,-1,-1,-0.01,-1,-1,-0.01,-1,-1,-0.01,-1,-1,-0.01,-1,-1,-0.01,-1,-1,-0.01,-1,-1,-0.01,-1,-1,-0.01,-1,-1
99926009,2026-05-18 13:00:45+05:30,53496.4,0,0.0,0,0.0,0.0,53282.15,53519.35,52783.45,53710.35,0,0.0,0.0,0.0,0.0,-0.01,-1,-1,-0.01,-1,-1,-0.01,-1,-1,-0.01,-1,-1,-0.01,-1,-1,-0.01,-1,-1,-0.01,-1,-1,-0.01,-1,-1,-0.01,-1,-1,-0.01,-1,-1
99926009,2026-05-18 13:00:45+05:30,53498.0,0,0.0,0,0.0,0.0,53282.15,53519.35,52783.45,53710.35,0,0.0,0.0,0.0,0.0,-0.01,-1,-1,-0.01,-1,-1,-0.01,-1,-1,-0.01,-1,-1,-0.01,-1,-1,-0.01,-1,-1,-0.01,-1,-1,-0.01,-1,-1,-0.01,-1,-1,-0.01,-1,-1
99926009,2026-05-18 13:00:46+05:30,53496.45,0,0.0,0,0.0,0.0,53282.15,53519.35,52783.45,53710.35,0,0.0,0.0,0.0,0.0,-0.01,-1,-1,-0.01,-1,-1,-0.01,-1,-1,-0.01,-1,-1,-0.01,-1,-1,-0.01,-1,-1,-0.01,-1,-1,-0.01,-1,-1,-0.01,-1,-1,-0.01,-1,-1
99926009,2026-05-18 13:00:46+05:30,53499.25,0,0.0,0,0.0,0.0,53282.15,53519.35,52783.45,53710.35,0,0.0,0.0,0.0,0.0,-0.01,-1,-1,-0.01,-1,-1,-0.01,-1,-1,-0.01,-1,-1,-0.01,-1,-1,-0.01,-1,-1,-0.01,-1,-1,-0.01,-1,-1,-0.01,-1,-1,-0.01,-1,-1
99926009,2026-05-18 13:00:47+05:30,53497.65,0,0.0,0,0.0,0.0,53282.15,53519.35,52783.45,53710.35,0,0.0,0.0,0.0,0.0,-0.01,-1,-1,-0.01,-1,-1,-0.01,-1,-1,-0.01,-1,-1,-0.01,-1,-1,-0.01,-1,-1,-0.01,-1,-1,-0.01,-1,-1,-0.01,-1,-1,-0.01,-1,-1
99926009,2026-05-18 13:00:47+05:30,53497.7,0,0.0,0,0.0,0.0,53282.15,53519.35,52783.45,53710.35,0,0.0,0.0,0.0,0.0,-0.01,-1,-1,-0.01,-1,-1,-0.01,-1,-1,-0.01,-1,-1,-0.01,-1,-1,-0.01,-1,-1,-0.01,-1,-1,-0.01,-1,-1,-0.01,-1,-1,-0.01,-1,-1
99926009,2026-05-18 13:00:48+05:30,53497.4,0,0.0,0,0.0,0.0,53282.15,53519.35,52783.45,53710.35,0,0.0,0.0,0.0,0.0,-0.01,-1,-1,-0.01,-1,-1,-0.01,-1,-1,-0.01,-1,-1,-0.01,-1,-1,-0.01,-1,-1,-0.01,-1,-1,-0.01,-1,-1,-0.01,-1,-1,-0.01,-1,-1
99926009,2026-05-18 13:00:48+05:30,53496.9,0,0.0,0,0.0,0.0,53282.15,53519.35,52783.45,53710.35,0,0.0,0.0,0.0,0.0,-0.01,-1,-1,-0.01,-1,-1,-0.01,-1,-1,-0.01,-1,-1,-0.01,-1,-1,-0.01,-1,-1,-0.01,-1,-1,-0.01,-1,-1,-0.01,-1,-1,-0.01,-1,-1
99926009,2026-05-18 13:00:49+05:30,53495.7,0,0.0,0,0.0,0.0,53282.15,53519.35,52783.45,53710.35,0,0.0,0.0,0.0,0.0,-0.01,-1,-1,-0.01,-1,-1,-0.01,-1,-1,-0.01,-1,-1,-0.01,-1,-1,-0.01,-1,-1,-0.01,-1,-1,-0.01,-1,-1,-0.01,-1,-1,-0.01,-1,-1
99926009,2026-05-18 13:00:49+05:30,53496.2,0,0.0,0,0.0,0.0,53282.15,53519.35,52783.45,53710.35,0,0.0,0.0,0.0,0.0,-0.01,-1,-1,-0.01,-1,-1,-0.01,-1,-1,-0.01,-1,-1,-0.01,-1,-1,-0.01,-1,-1,-0.01,-1,-1,-0.01,-1,-1,-0.01,-1,-1,-0.01,-1,-1
99926009,2026-05-18 13:00:50+05:30,53497.3,0,0.0,0,0.0,0.0,53282.15,53519.35,52783.45,53710.35,0,0.0,0.0,0.0,0.0,-0.01,-1,-1,-0.01,-1,-1,-0.01,-1,-1,-0.01,-1,-1,-0.01,-1,-1,-0.01,-1,-1,-0.01,-1,-1,-0.01,-1,-1,-0.01,-1,-1,-0.01,-1,-1
99926009,2026-05-18 13:00:50+05:30,53495.4,0,0.0,0,0.0,0.0,53282.15,53519.35,52783.45,53710.35,0,0.0,0.0,0.0,0.0,-0.01,-1,-1,-0.01,-1,-1,-0.01,-1,-1,-0.01,-1,-1,-0.01,-1,-1,-0.01,-1,-1,-0.01,-1,-1,-0.01,-1,-1,-0.01,-1,-1,-0.01,-1,-1
99926009,2026-05-18 13:00:51+05:30,53497.9,0,0.0,0,0.0,0.0,53282.15,53519.35,52783.45,53710.35,0,0.0,0.0,0.0,0.0,-0.01,-1,-1,-0.01,-1,-1,-0.01,-1,-1,-0.01,-1,-1,-0.01,-1,-1,-0.01,-1,-1,-0.01,-1,-1,-0.01,-1,-1,-0.01,-1,-1,-0.01,-1,-1
99926009,2026-05-18 13:00:51+05:30,53497.95,0,0.0,0,0.0,0.0,53282.15,53519.35,52783.45,53710.35,0,0.0,0.0,0.0,0.0,-0.01,-1,-1,-0.01,-1,-1,-0.01,-1,-1,-0.01,-1,-1,-0.01,-1,-1,-0.01,-1,-1,-0.01,-1,-1,-0.01,-1,-1,-0.01,-1,-1,-0.01,-1,-1
99926009,2026-05-18 13:00:52+05:30,53495.7,0,0.0,0,0.0,0.0,53282.15,53519.35,52783.45,53710.35,0,0.0,0.0,0.0,0.0,-0.01,-1,-1,-0.01,-1,-1,-0.01,-1,-1,-0.01,-1,-1,-0.01,-1,-1,-0.01,-1,-1,-0.01,-1,-1,-0.01,-1,-1,-0.01,-1,-1,-0.01,-1,-1
99926009,2026-05-18 13:00:52+05:30,53497.25,0,0.0,0,0.0,0.0,53282.15,53519.35,52783.45,53710.35,0,0.0,0.0,0.0,0.0,-0.01,-1,-1,-0.01,-1,-1,-0.01,-1,-1,-0.01,-1,-1,-0.01,-1,-1,-0.01,-1,-1,-0.01,-1,-1,-0.01,-1,-1,-0.01,-1,-1,-0.01,-1,-1
99926009,2026-05-18 13:00:53+05:30,53497.7,0,0.0,0,0.0,0.0,53282.15,53519.35,52783.45,53710.35,0,0.0,0.0,0.0,0.0,-0.01,-1,-1,-0.01,-1,-1,-0.01,-1,-1,-0.01,-1,-1,-0.01,-1,-1,-0.01,-1,-1,-0.01,-1,-1,-0.01,-1,-1,-0.01,-1,-1,-0.01,-1,-1
99926009,2026-05-18 13:00:53+05:30,53495.95,0,0.0,0,0.0,0.0,53282.15,53519.35,52783.45,53710.35,0,0.0,0.0,0.0,0.0,-0.01,-1,-1,-0.01,-1,-1,-0.01,-1,-1,-0.01,-1,-1,-0.01,-1,-1,-0.01,-1,-1,-0.01,-1,-1,-0.01,-1,-1,-0.01,-1,-1,-0.01,-1,-1
99926009,2026-05-18 13:00:54+05:30,53494.9,0,0.0,0,0.0,0.0,53282.15,53519.35,52783.45,53710.35,0,0.0,0.0,0.0,0.0,-0.01,-1,-1,-0.01,-1,-1,-0.01,-1,-1,-0.01,-1,-1,-0.01,-1,-1,-0.01,-1,-1,-0.01,-1,-1,-0.01,-1,-1,-0.01,-1,-1,-0.01,-1,-1
99926009,2026-05-18 13:00:54+05:30,53497.5,0,0.0,0,0.0,0.0,53282.15,53519.35,52783.45,53710.35,0,0.0,0.0,0.0,0.0,-0.01,-1,-1,-0.01,-1,-1,-0.01,-1,-1,-0.01,-1,-1,-0.01,-1,-1,-0.01,-1,-1,-0.01,-1,-1,-0.01,-1,-1,-0.01,-1,-1,-0.01,-1,-1
99926009,2026-05-18 13:00:55+05:30,53494.35,0,0.0,0,0.0,0.0,53282.15,53519.35,52783.45,53710.35,0,0.0,0.0,0.0,0.0,-0.01,-1,-1,-0.01,-1,-1,-0.01,-1,-1,-0.01,-1,-1,-0.01,-1,-1,-0.01,-1,-1,-0.01,-1,-1,-0.01,-1,-1,-0.01,-1,-1,-0.01,-1,-1
99926009,2026-05-18 13:00:55+05:30,53499.25,0,0.0,0,0.0,0.0,53282.15,53519.35,52783.45,53710.35,0,0.0,0.0,0.0,0.0,-0.01,-1,-1,-0.01,-1,-1,-0.01,-1,-1,-0.01,-1,-1,-0.01,-1,-1,-0.01,-1,-1,-0.01,-1,-1,-0.01,-1,-1,-0.01,-1,-1,-0.01,-1,-1
99926009,2026-05-18 13:00:56+05:30,53499.5,0,0.0,0,0.0,0.0,53282.15,53519.35,52783.45,53710.35,0,0.0,0.0,0.0,0.0,-0.01,-1,-1,-0.01,-1,-1,-0.01,-1,-1,-0.01,-1,-1,-0.01,-1,-1,-0.01,-1,-1,-0.01,-1,-1,-0.01,-1,-1,-0.01,-1,-1,-0.01,-1,-1
99926009,2026-05-18 13:00:56+05:30,53499.25,0,0.0,0,0.0,0.0,53282.15,53519.35,52783.45,53710.35,0,0.0,0.0,0.0,0.0,-0.01,-1,-1,-0.01,-1,-1,-0.01,-1,-1,-0.01,-1,-1,-0.01,-1,-1,-0.01,-1,-1,-0.01,-1,-1,-0.01,-1,-1,-0.01,-1,-1,-0.01,-1,-1
99926009,2026-05-18 13:00:57+05:30,53497.45,0,0.0,0,0.0,0.0,53282.15,53519.35,52783.45,53710.35,0,0.0,0.0,0.0,0.0,-0.01,-1,-1,-0.01,-1,-1,-0.01,-1,-1,-0.01,-1,-1,-0.01,-1,-1,-0.01,-1,-1,-0.01,-1,-1,-0.01,-1,-1,-0.01,-1,-1,-0.01,-1,-1
99926009,2026-05-18 13:00:57+05:30,53496.6,0,0.0,0,0.0,0.0,53282.15,53519.35,52783.45,53710.35,0,0.0,0.0,0.0,0.0,-0.01,-1,-1,-0.01,-1,-1,-0.01,-1,-1,-0.01,-1,-1,-0.01,-1,-1,-0.01,-1,-1,-0.01,-1,-1,-0.01,-1,-1,-0.01,-1,-1,-0.01,-1,-1
99926009,2026-05-18 13:00:58+05:30,53493.9,0,0.0,0,0.0,0.0,53282.15,53519.35,52783.45,53710.35,0,0.0,0.0,0.0,0.0,-0.01,-1,-1,-0.01,-1,-1,-0.01,-1,-1,-0.01,-1,-1,-0.01,-1,-1,-0.01,-1,-1,-0.01,-1,-1,-0.01,-1,-1,-0.01,-1,-1,-0.01,-1,-1
99926009,2026-05-18 13:00:58+05:30,53493.7,0,0.0,0,0.0,0.0,53282.15,53519.35,52783.45,53710.35,0,0.0,0.0,0.0,0.0,-0.01,-1,-1,-0.01,-1,-1,-0.01,-1,-1,-0.01,-1,-1,-0.01,-1,-1,-0.01,-1,-1,-0.01,-1,-1,-0.01,-1,-1,-0.01,-1,-1,-0.01,-1,-1
99926009,2026-05-18 13:00:59+05:30,53497.65,0,0.0,0,0.0,0.0,53282.15,53519.35,52783.45,53710.35,0,0.0,0.0,0.0,0.0,-0.01,-1,-1,-0.01,-1,-1,-0.01,-1,-1,-0.01,-1,-1,-0.01,-1,-1,-0.01,-1,-1,-0.01,-1,-1,-0.01,-1,-1,-0.01,-1,-1,-0.01,-1,-1
99926009,2026-05-18 13:00:59+05:30,53496.95,0,0.0,0,0.0,0.0,53282.15,53519.35,52783.45,53710.35,0,0.0,0.0,0.0,0.0,-0.01,-1,-1,-0.01,-1,-1,-0.01,-1,-1,-0.01,-1,-1,-0.01,-1,-1,-0.01,-1,-1,-0.01,-1,-1,-0.01,-1,-1,-0.01,-1,-1,-0.01,-1,-1
99926009,2026-05-18 13:01:00+05:30,53499.65,0,0.0,0,0.0,0.0,53282.15,53519.35,52783.45,53710.35,0,0.0,0.0,0.0,0.0,-0.01,-1,-1,-0.01,-1,-1,-0.01,-1,-1,-0.01,-1,-1,-0.01,-1,-1,-0.01,-1,-1,-0.01,-1,-1,-0.01,-1,-1,-0.01,-1,-1,-0.01,-1,-1
99926009,2026-05-18 13:01:00+05:30,53497.7,0,0.0,0,0.0,0.0,53282.15,53519.35,52783.45,53710.35,0,0.0,0.0,0.0,0.0,-0.01,-1,-1,-0.01,-1,-1,-0.01,-1,-1,-0.01,-1,-1,-0.01,-1,-1,-0.01,-1,-1,-0.01,-1,-1,-0.01,-1,-1,-0.01,-1,-1,-0.01,-1,-1
99926009,2026-05-18 13:01:01+05:30,53498.3,0,0.0,0,0.0,0.0,53282.15,53519.35,52783.45,53710.35,0,0.0,0.0,0.0,0.0,-0.01,-1,-1,-0.01,-1,-1,-0.01,-1,-1,-0.01,-1,-1,-0.01,-1,-1,-0.01,-1,-1,-0.01,-1,-1,-0.01,-1,-1,-0.01,-1,-1,-0.01,-1,-1
99926009,2026-05-18 13:01:01+05:30,53500.45,0,0.0,0,0.0,0.0,53282.15,53519.35,52783.45,53710.35,0,0.0,0.0,0.0,0.0,-0.01,-1,-1,-0.01,-1,-1,-0.01,-1,-1,-0.01,-1,-1,-0.01,-1,-1,-0.01,-1,-1,-0.01,-1,-1,-0.01,-1,-1,-0.01,-1,-1,-0.01,-1,-1
99926009,2026-05-18 13:01:02+05:30,53497.95,0,0.0,0,0.0,0.0,53282.15,53519.35,52783.45,53710.35,0,0.0,0.0,0.0,0.0,-0.01,-1,-1,-0.01,-1,-1,-0.01,-1,-1,-0.01,-1,-1,-0.01,-1,-1,-0.01,-1,-1,-0.01,-1,-1,-0.01,-1,-1,-0.01,-1,-1,-0.01,-1,-1
99926009,2026-05-18 13:01:02+05:30,53499.45,0,0.0,0,0.0,0.0,53282.15,53519.35,52783.45,53710.35,0,0.0,0.0,0.0,0.0,-0.01,-1,-1,-0.01,-1,-1,-0.01,-1,-1,-0.01,-1,-1,-0.01,-1,-1,-0.01,-1,-1,-0.01,-1,-1,-0.01,-1,-1,-0.01,-1,-1,-0.01,-1,-1
99926009,2026-05-18 13:01:03+05:30,53497.95,0,0.0,0,0.0,0.0,53282.15,53519.35,52783.45,53710.35,0,0.0,0.0,0.0,0.0,-0.01,-1,-1,-0.01,-1,-1,-0.01,-1,-1,-0.01,-1,-1,-0.01,-1,-1,-0.01,-1,-1,-0.01,-1,-1,-0.01,-1,-1,-0.01,-1,-1,-0.01,-1,-1
99926009,2026-05-18 13:01:03+05:30,53499.45,0,0.0,0,0.0,0.0,53282.15,53519.35,52783.45,53710.35,0,0.0,0.0,0.0,0.0,-0.01,-1,-1,-0.01,-1,-1,-0.01,-1,-1,-0.01,-1,-1,-0.01,-1,-1,-0.01,-1,-1,-0.01,-1,-1,-0.01,-1,-1,-0.01,-1,-1,-0.01,-1,-1
99926009,2026-05-18 13:01:04+05:30,53498.25,0,0.0,0,0.0,0.0,53282.15,53519.35,52783.45,53710.35,0,0.0,0.0,0.0,0.0,-0.01,-1,-1,-0.01,-1,-1,-0.01,-1,-1,-0.01,-1,-1,-0.01,-1,-1,-0.01,-1,-1,-0.01,-1,-1,-0.01,-1,-1,-0.01,-1,-1,-0.01,-1,-1
99926009,2026-05-18 13:01:04+05:30,53500.4,0,0.0,0,0.0,0.0,53282.15,53519.35,52783.45,53710.35,0,0.0,0.0,0.0,0.0,-0.01,-1,-1,-0.01,-1,-1,-0.01,-1,-1,-0.01,-1,-1,-0.01,-1,-1,-0.01,-1,-1,-0.01,-1,-1,-0.01,-1,-1,-0.01,-1,-1,-0.01,-1,-1
99926009,2026-05-18 13:01:05+05:30,53498.15,0,0.0,0,0.0,0.0,53282.15,53519.35,52783.45,53710.35,0,0.0,0.0,0.0,0.0,-0.01,-1,-1,-0.01,-1,-1,-0.01,-1,-1,-0.01,-1,-1,-0.01,-1,-1,-0.01,-1,-1,-0.01,-1,-1,-0.01,-1,-1,-0.01,-1,-1,-0.01,-1,-1
99926009,2026-05-18 13:01:05+05:30,53499.6,0,0.0,0,0.0,0.0,53282.15,53519.35,52783.45,53710.35,0,0.0,0.0,0.0,0.0,-0.01,-1,-1,-0.01,-1,-1,-0.01,-1,-1,-0.01,-1,-1,-0.01,-1,-1,-0.01,-1,-1,-0.01,-1,-1,-0.01,-1,-1,-0.01,-1,-1,-0.01,-1,-1
99926009,2026-05-18 13:01:06+05:30,53498.65,0,0.0,0,0.0,0.0,53282.15,53519.35,52783.45,53710.35,0,0.0,0.0,0.0,0.0,-0.01,-1,-1,-0.01,-1,-1,-0.01,-1,-1,-0.01,-1,-1,-0.01,-1,-1,-0.01,-1,-1,-0.01,-1,-1,-0.01,-1,-1,-0.01,-1,-1,-0.01,-1,-1
99926009,2026-05-18 13:01:06+05:30,53499.3,0,0.0,0,0.0,0.0,53282.15,53519.35,52783.45,53710.35,0,0.0,0.0,0.0,0.0,-0.01,-1,-1,-0.01,-1,-1,-0.01,-1,-1,-0.01,-1,-1,-0.01,-1,-1,-0.01,-1,-1,-0.01,-1,-1,-0.01,-1,-1,-0.01,-1,-1,-0.01,-1,-1
99926009,2026-05-18 13:01:07+05:30,53497.9,0,0.0,0,0.0,0.0,53282.15,53519.35,52783.45,53710.35,0,0.0,0.0,0.0,0.0,-0.01,-1,-1,-0.01,-1,-1,-0.01,-1,-1,-0.01,-1,-1,-0.01,-1,-1,-0.01,-1,-1,-0.01,-1,-1,-0.01,-1,-1,-0.01,-1,-1,-0.01,-1,-1
99926009,2026-05-18 13:01:07+05:30,53498.05,0,0.0,0,0.0,0.0,53282.15,53519.35,52783.45,53710.35,0,0.0,0.0,0.0,0.0,-0.01,-1,-1,-0.01,-1,-1,-0.01,-1,-1,-0.01,-1,-1,-0.01,-1,-1,-0.01,-1,-1,-0.01,-1,-1,-0.01,-1,-1,-0.01,-1,-1,-0.01,-1,-1
99926009,2026-05-18 13:01:08+05:30,53497.55,0,0.0,0,0.0,0.0,53282.15,53519.35,52783.45,53710.35,0,0.0,0.0,0.0,0.0,-0.01,-1,-1,-0.01,-1,-1,-0.01,-1,-1,-0.01,-1,-1,-0.01,-1,-1,-0.01,-1,-1,-0.01,-1,-1,-0.01,-1,-1,-0.01,-1,-1,-0.01,-1,-1
99926009,2026-05-18 13:01:08+05:30,53498.3,0,0.0,0,0.0,0.0,53282.15,53519.35,52783.45,53710.35,0,0.0,0.0,0.0,0.0,-0.01,-1,-1,-0.01,-1,-1,-0.01,-1,-1,-0.01,-1,-1,-0.01,-1,-1,-0.01,-1,-1,-0.01,-1,-1,-0.01,-1,-1,-0.01,-1,-1,-0.01,-1,-1
99926009,2026-05-18 13:01:09+05:30,53498.55,0,0.0,0,0.0,0.0,53282.15,53519.35,52783.45,53710.35,0,0.0,0.0,0.0,0.0,-0.01,-1,-1,-0.01,-1,-1,-0.01,-1,-1,-0.01,-1,-1,-0.01,-1,-1,-0.01,-1,-1,-0.01,-1,-1,-0.01,-1,-1,-0.01,-1,-1,-0.01,-1,-1
99926009,2026-05-18 13:01:09+05:30,53498.85,0,0.0,0,0.0,0.0,53282.15,53519.35,52783.45,53710.35,0,0.0,0.0,0.0,0.0,-0.01,-1,-1,-0.01,-1,-1,-0.01,-1,-1,-0.01,-1,-1,-0.01,-1,-1,-0.01,-1,-1,-0.01,-1,-1,-0.01,-1,-1,-0.01,-1,-1,-0.01,-1,-1
99926009,2026-05-18 13:01:10+05:30,53498.5,0,0.0,0,0.0,0.0,53282.15,53519.35,52783.45,53710.35,0,0.0,0.0,0.0,0.0,-0.01,-1,-1,-0.01,-1,-1,-0.01,-1,-1,-0.01,-1,-1,-0.01,-1,-1,-0.01,-1,-1,-0.01,-1,-1,-0.01,-1,-1,-0.01,-1,-1,-0.01,-1,-1
99926009,2026-05-18 13:01:10+05:30,53500.5,0,0.0,0,0.0,0.0,53282.15,53519.35,52783.45,53710.35,0,0.0,0.0,0.0,0.0,-0.01,-1,-1,-0.01,-1,-1,-0.01,-1,-1,-0.01,-1,-1,-0.01,-1,-1,-0.01,-1,-1,-0.01,-1,-1,-0.01,-1,-1,-0.01,-1,-1,-0.01,-1,-1
99926009,2026-05-18 13:01:11+05:30,53500.25,0,0.0,0,0.0,0.0,53282.15,53519.35,52783.45,53710.35,0,0.0,0.0,0.0,0.0,-0.01,-1,-1,-0.01,-1,-1,-0.01,-1,-1,-0.01,-1,-1,-0.01,-1,-1,-0.01,-1,-1,-0.01,-1,-1,-0.01,-1,-1,-0.01,-1,-1,-0.01,-1,-1
99926009,2026-05-18 13:01:11+05:30,53499.6,0,0.0,0,0.0,0.0,53282.15,53519.35,52783.45,53710.35,0,0.0,0.0,0.0,0.0,-0.01,-1,-1,-0.01,-1,-1,-0.01,-1,-1,-0.01,-1,-1,-0.01,-1,-1,-0.01,-1,-1,-0.01,-1,-1,-0.01,-1,-1,-0.01,-1,-1,-0.01,-1,-1
99926009,2026-05-18 13:01:12+05:30,53499.6,0,0.0,0,0.0,0.0,53282.15,53519.35,52783.45,53710.35,0,0.0,0.0,0.0,0.0,-0.01,-1,-1,-0.01,-1,-1,-0.01,-1,-1,-0.01,-1,-1,-0.01,-1,-1,-0.01,-1,-1,-0.01,-1,-1,-0.01,-1,-1,-0.01,-1,-1,-0.01,-1,-1
99926009,2026-05-18 13:01:12+05:30,53500.35,0,0.0,0,0.0,0.0,53282.15,53519.35,52783.45,53710.35,0,0.0,0.0,0.0,0.0,-0.01,-1,-1,-0.01,-1,-1,-0.01,-1,-1,-0.01,-1,-1,-0.01,-1,-1,-0.01,-1,-1,-0.01,-1,-1,-0.01,-1,-1,-0.01,-1,-1,-0.01,-1,-1
99926009,2026-05-18 13:01:13+05:30,53500.05,0,0.0,0,0.0,0.0,53282.15,53519.35,52783.45,53710.35,0,0.0,0.0,0.0,0.0,-0.01,-1,-1,-0.01,-1,-1,-0.01,-1,-1,-0.01,-1,-1,-0.01,-1,-1,-0.01,-1,-1,-0.01,-1,-1,-0.01,-1,-1,-0.01,-1,-1,-0.01,-1,-1
99926009,2026-05-18 13:01:13+05:30,53499.4,0,0.0,0,0.0,0.0,53282.15,53519.35,52783.45,53710.35,0,0.0,0.0,0.0,0.0,-0.01,-1,-1,-0.01,-1,-1,-0.01,-1,-1,-0.01,-1,-1,-0.01,-1,-1,-0.01,-1,-1,-0.01,-1,-1,-0.01,-1,-1,-0.01,-1,-1,-0.01,-1,-1
99926009,2026-05-18 13:01:14+05:30,53498.75,0,0.0,0,0.0,0.0,53282.15,53519.35,52783.45,53710.35,0,0.0,0.0,0.0,0.0,-0.01,-1,-1,-0.01,-1,-1,-0.01,-1,-1,-0.01,-1,-1,-0.01,-1,-1,-0.01,-1,-1,-0.01,-1,-1,-0.01,-1,-1,-0.01,-1,-1,-0.01,-1,-1
99926009,2026-05-18 13:01:14+05:30,53499.0,0,0.0,0,0.0,0.0,53282.15,53519.35,52783.45,53710.35,0,0.0,0.0,0.0,0.0,-0.01,-1,-1,-0.01,-1,-1,-0.01,-1,-1,-0.01,-1,-1,-0.01,-1,-1,-0.01,-1,-1,-0.01,-1,-1,-0.01,-1,-1,-0.01,-1,-1,-0.01,-1,-1
99926009,2026-05-18 13:01:15+05:30,53505.0,0,0.0,0,0.0,0.0,53282.15,53519.35,52783.45,53710.35,0,0.0,0.0,0.0,0.0,-0.01,-1,-1,-0.01,-1,-1,-0.01,-1,-1,-0.01,-1,-1,-0.01,-1,-1,-0.01,-1,-1,-0.01,-1,-1,-0.01,-1,-1,-0.01,-1,-1,-0.01,-1,-1
99926009,2026-05-18 13:01:15+05:30,53500.95,0,0.0,0,0.0,0.0,53282.15,53519.35,52783.45,53710.35,0,0.0,0.0,0.0,0.0,-0.01,-1,-1,-0.01,-1,-1,-0.01,-1,-1,-0.01,-1,-1,-0.01,-1,-1,-0.01,-1,-1,-0.01,-1,-1,-0.01,-1,-1,-0.01,-1,-1,-0.01,-1,-1
99926009,2026-05-18 13:01:16+05:30,53497.0,0,0.0,0,0.0,0.0,53282.15,53519.35,52783.45,53710.35,0,0.0,0.0,0.0,0.0,-0.01,-1,-1,-0.01,-1,-1,-0.01,-1,-1,-0.01,-1,-1,-0.01,-1,-1,-0.01,-1,-1,-0.01,-1,-1,-0.01,-1,-1,-0.01,-1,-1,-0.01,-1,-1
99926009,2026-05-18 13:01:16+05:30,53500.1,0,0.0,0,0.0,0.0,53282.15,53519.35,52783.45,53710.35,0,0.0,0.0,0.0,0.0,-0.01,-1,-1,-0.01,-1,-1,-0.01,-1,-1,-0.01,-1,-1,-0.01,-1,-1,-0.01,-1,-1,-0.01,-1,-1,-0.01,-1,-1,-0.01,-1,-1,-0.01,-1,-1
99926009,2026-05-18 13:01:17+05:30,53499.1,0,0.0,0,0.0,0.0,53282.15,53519.35,52783.45,53710.35,0,0.0,0.0,0.0,0.0,-0.01,-1,-1,-0.01,-1,-1,-0.01,-1,-1,-0.01,-1,-1,-0.01,-1,-1,-0.01,-1,-1,-0.01,-1,-1,-0.01,-1,-1,-0.01,-1,-1,-0.01,-1,-1
99926009,2026-05-18 13:01:17+05:30,53497.7,0,0.0,0,0.0,0.0,53282.15,53519.35,52783.45,53710.35,0,0.0,0.0,0.0,0.0,-0.01,-1,-1,-0.01,-1,-1,-0.01,-1,-1,-0.01,-1,-1,-0.01,-1,-1,-0.01,-1,-1,-0.01,-1,-1,-0.01,-1,-1,-0.01,-1,-1,-0.01,-1,-1
99926009,2026-05-18 13:01:18+05:30,53496.45,0,0.0,0,0.0,0.0,53282.15,53519.35,52783.45,53710.35,0,0.0,0.0,0.0,0.0,-0.01,-1,-1,-0.01,-1,-1,-0.01,-1,-1,-0.01,-1,-1,-0.01,-1,-1,-0.01,-1,-1,-0.01,-1,-1,-0.01,-1,-1,-0.01,-1,-1,-0.01,-1,-1
99926009,2026-05-18 13:01:18+05:30,53498.35,0,0.0,0,0.0,0.0,53282.15,53519.35,52783.45,53710.35,0,0.0,0.0,0.0,0.0,-0.01,-1,-1,-0.01,-1,-1,-0.01,-1,-1,-0.01,-1,-1,-0.01,-1,-1,-0.01,-1,-1,-0.01,-1,-1,-0.01,-1,-1,-0.01,-1,-1,-0.01,-1,-1
99926009,2026-05-18 13:01:19+05:30,53499.3,0,0.0,0,0.0,0.0,53282.15,53519.35,52783.45,53710.35,0,0.0,0.0,0.0,0.0,-0.01,-1,-1,-0.01,-1,-1,-0.01,-1,-1,-0.01,-1,-1,-0.01,-1,-1,-0.01,-1,-1,-0.01,-1,-1,-0.01,-1,-1,-0.01,-1,-1,-0.01,-1,-1
99926009,2026-05-18 13:01:19+05:30,53499.4,0,0.0,0,0.0,0.0,53282.15,53519.35,52783.45,53710.35,0,0.0,0.0,0.0,0.0,-0.01,-1,-1,-0.01,-1,-1,-0.01,-1,-1,-0.01,-1,-1,-0.01,-1,-1,-0.01,-1,-1,-0.01,-1,-1,-0.01,-1,-1,-0.01,-1,-1,-0.01,-1,-1
99926009,2026-05-18 13:01:20+05:30,53498.8,0,0.0,0,0.0,0.0,53282.15,53519.35,52783.45,53710.35,0,0.0,0.0,0.0,0.0,-0.01,-1,-1,-0.01,-1,-1,-0.01,-1,-1,-0.01,-1,-1,-0.01,-1,-1,-0.01,-1,-1,-0.01,-1,-1,-0.01,-1,-1,-0.01,-1,-1,-0.01,-1,-1
99926009,2026-05-18 13:01:20+05:30,53497.05,0,0.0,0,0.0,0.0,53282.15,53519.35,52783.45,53710.35,0,0.0,0.0,0.0,0.0,-0.01,-1,-1,-0.01,-1,-1,-0.01,-1,-1,-0.01,-1,-1,-0.01,-1,-1,-0.01,-1,-1,-0.01,-1,-1,-0.01,-1,-1,-0.01,-1,-1,-0.01,-1,-1
99926009,2026-05-18 13:01:21+05:30,53500.1,0,0.0,0,0.0,0.0,53282.15,53519.35,52783.45,53710.35,0,0.0,0.0,0.0,0.0,-0.01,-1,-1,-0.01,-1,-1,-0.01,-1,-1,-0.01,-1,-1,-0.01,-1,-1,-0.01,-1,-1,-0.01,-1,-1,-0.01,-1,-1,-0.01,-1,-1,-0.01,-1,-1
99926009,2026-05-18 13:01:21+05:30,53503.05,0,0.0,0,0.0,0.0,53282.15,53519.35,52783.45,53710.35,0,0.0,0.0,0.0,0.0,-0.01,-1,-1,-0.01,-1,-1,-0.01,-1,-1,-0.01,-1,-1,-0.01,-1,-1,-0.01,-1,-1,-0.01,-1,-1,-0.01,-1,-1,-0.01,-1,-1,-0.01,-1,-1
99926009,2026-05-18 13:01:22+05:30,53502.0,0,0.0,0,0.0,0.0,53282.15,53519.35,52783.45,53710.35,0,0.0,0.0,0.0,0.0,-0.01,-1,-1,-0.01,-1,-1,-0.01,-1,-1,-0.01,-1,-1,-0.01,-1,-1,-0.01,-1,-1,-0.01,-1,-1,-0.01,-1,-1,-0.01,-1,-1,-0.01,-1,-1
99926009,2026-05-18 13:01:22+05:30,53502.15,0,0.0,0,0.0,0.0,53282.15,53519.35,52783.45,53710.35,0,0.0,0.0,0.0,0.0,-0.01,-1,-1,-0.01,-1,-1,-0.01,-1,-1,-0.01,-1,-1,-0.01,-1,-1,-0.01,-1,-1,-0.01,-1,-1,-0.01,-1,-1,-0.01,-1,-1,-0.01,-1,-1
99926009,2026-05-18 13:01:23+05:30,53501.0,0,0.0,0,0.0,0.0,53282.15,53519.35,52783.45,53710.35,0,0.0,0.0,0.0,0.0,-0.01,-1,-1,-0.01,-1,-1,-0.01,-1,-1,-0.01,-1,-1,-0.01,-1,-1,-0.01,-1,-1,-0.01,-1,-1,-0.01,-1,-1,-0.01,-1,-1,-0.01,-1,-1
99926009,2026-05-18 13:01:23+05:30,53500.65,0,0.0,0,0.0,0.0,53282.15,53519.35,52783.45,53710.35,0,0.0,0.0,0.0,0.0,-0.01,-1,-1,-0.01,-1,-1,-0.01,-1,-1,-0.01,-1,-1,-0.01,-1,-1,-0.01,-1,-1,-0.01,-1,-1,-0.01,-1,-1,-0.01,-1,-1,-0.01,-1,-1
99926009,2026-05-18 13:01:24+05:30,53503.7,0,0.0,0,0.0,0.0,53282.15,53519.35,52783.45,53710.35,0,0.0,0.0,0.0,0.0,-0.01,-1,-1,-0.01,-1,-1,-0.01,-1,-1,-0.01,-1,-1,-0.01,-1,-1,-0.01,-1,-1,-0.01,-1,-1,-0.01,-1,-1,-0.01,-1,-1,-0.01,-1,-1
99926009,2026-05-18 13:01:24+05:30,53504.4,0,0.0,0,0.0,0.0,53282.15,53519.35,52783.45,53710.35,0,0.0,0.0,0.0,0.0,-0.01,-1,-1,-0.01,-1,-1,-0.01,-1,-1,-0.01,-1,-1,-0.01,-1,-1,-0.01,-1,-1,-0.01,-1,-1,-0.01,-1,-1,-0.01,-1,-1,-0.01,-1,-1
99926009,2026-05-18 13:01:25+05:30,53503.6,0,0.0,0,0.0,0.0,53282.15,53519.35,52783.45,53710.35,0,0.0,0.0,0.0,0.0,-0.01,-1,-1,-0.01,-1,-1,-0.01,-1,-1,-0.01,-1,-1,-0.01,-1,-1,-0.01,-1,-1,-0.01,-1,-1,-0.01,-1,-1,-0.01,-1,-1,-0.01,-1,-1
99926009,2026-05-18 13:01:25+05:30,53504.95,0,0.0,0,0.0,0.0,53282.15,53519.35,52783.45,53710.35,0,0.0,0.0,0.0,0.0,-0.01,-1,-1,-0.01,-1,-1,-0.01,-1,-1,-0.01,-1,-1,-0.01,-1,-1,-0.01,-1,-1,-0.01,-1,-1,-0.01,-1,-1,-0.01,-1,-1,-0.01,-1,-1
99926009,2026-05-18 13:01:26+05:30,53503.85,0,0.0,0,0.0,0.0,53282.15,53519.35,52783.45,53710.35,0,0.0,0.0,0.0,0.0,-0.01,-1,-1,-0.01,-1,-1,-0.01,-1,-1,-0.01,-1,-1,-0.01,-1,-1,-0.01,-1,-1,-0.01,-1,-1,-0.01,-1,-1,-0.01,-1,-1,-0.01,-1,-1
99926009,2026-05-18 13:01:26+05:30,53502.9,0,0.0,0,0.0,0.0,53282.15,53519.35,52783.45,53710.35,0,0.0,0.0,0.0,0.0,-0.01,-1,-1,-0.01,-1,-1,-0.01,-1,-1,-0.01,-1,-1,-0.01,-1,-1,-0.01,-1,-1,-0.01,-1,-1,-0.01,-1,-1,-0.01,-1,-1,-0.01,-1,-1
99926009,2026-05-18 13:01:27+05:30,53500.45,0,0.0,0,0.0,0.0,53282.15,53519.35,52783.45,53710.35,0,0.0,0.0,0.0,0.0,-0.01,-1,-1,-0.01,-1,-1,-0.01,-1,-1,-0.01,-1,-1,-0.01,-1,-1,-0.01,-1,-1,-0.01,-1,-1,-0.01,-1,-1,-0.01,-1,-1,-0.01,-1,-1
99926009,2026-05-18 13:01:27+05:30,53499.35,0,0.0,0,0.0,0.0,53282.15,53519.35,52783.45,53710.35,0,0.0,0.0,0.0,0.0,-0.01,-1,-1,-0.01,-1,-1,-0.01,-1,-1,-0.01,-1,-1,-0.01,-1,-1,-0.01,-1,-1,-0.01,-1,-1,-0.01,-1,-1,-0.01,-1,-1,-0.01,-1,-1
99926009,2026-05-18 13:01:28+05:30,53497.4,0,0.0,0,0.0,0.0,53282.15,53519.35,52783.45,53710.35,0,0.0,0.0,0.0,0.0,-0.01,-1,-1,-0.01,-1,-1,-0.01,-1,-1,-0.01,-1,-1,-0.01,-1,-1,-0.01,-1,-1,-0.01,-1,-1,-0.01,-1,-1,-0.01,-1,-1,-0.01,-1,-1
99926009,2026-05-18 13:01:28+05:30,53499.65,0,0.0,0,0.0,0.0,53282.15,53519.35,52783.45,53710.35,0,0.0,0.0,0.0,0.0,-0.01,-1,-1,-0.01,-1,-1,-0.01,-1,-1,-0.01,-1,-1,-0.01,-1,-1,-0.01,-1,-1,-0.01,-1,-1,-0.01,-1,-1,-0.01,-1,-1,-0.01,-1,-1
99926009,2026-05-18 13:01:29+05:30,53498.5,0,0.0,0,0.0,0.0,53282.15,53519.35,52783.45,53710.35,0,0.0,0.0,0.0,0.0,-0.01,-1,-1,-0.01,-1,-1,-0.01,-1,-1,-0.01,-1,-1,-0.01,-1,-1,-0.01,-1,-1,-0.01,-1,-1,-0.01,-1,-1,-0.01,-1,-1,-0.01,-1,-1
99926009,2026-05-18 13:01:29+05:30,53498.9,0,0.0,0,0.0,0.0,53282.15,53519.35,52783.45,53710.35,0,0.0,0.0,0.0,0.0,-0.01,-1,-1,-0.01,-1,-1,-0.01,-1,-1,-0.01,-1,-1,-0.01,-1,-1,-0.01,-1,-1,-0.01,-1,-1,-0.01,-1,-1,-0.01,-1,-1,-0.01,-1,-1
99926009,2026-05-18 13:01:30+05:30,53498.05,0,0.0,0,0.0,0.0,53282.15,53519.35,52783.45,53710.35,0,0.0,0.0,0.0,0.0,-0.01,-1,-1,-0.01,-1,-1,-0.01,-1,-1,-0.01,-1,-1,-0.01,-1,-1,-0.01,-1,-1,-0.01,-1,-1,-0.01,-1,-1,-0.01,-1,-1,-0.01,-1,-1
99926009,2026-05-18 13:01:30+05:30,53497.35,0,0.0,0,0.0,0.0,53282.15,53519.35,52783.45,53710.35,0,0.0,0.0,0.0,0.0,-0.01,-1,-1,-0.01,-1,-1,-0.01,-1,-1,-0.01,-1,-1,-0.01,-1,-1,-0.01,-1,-1,-0.01,-1,-1,-0.01,-1,-1,-0.01,-1,-1,-0.01,-1,-1
99926009,2026-05-18 13:01:31+05:30,53496.7,0,0.0,0,0.0,0.0,53282.15,53519.35,52783.45,53710.35,0,0.0,0.0,0.0,0.0,-0.01,-1,-1,-0.01,-1,-1,-0.01,-1,-1,-0.01,-1,-1,-0.01,-1,-1,-0.01,-1,-1,-0.01,-1,-1,-0.01,-1,-1,-0.01,-1,-1,-0.01,-1,-1
99926009,2026-05-18 13:01:31+05:30,53501.4,0,0.0,0,0.0,0.0,53282.15,53519.35,52783.45,53710.35,0,0.0,0.0,0.0,0.0,-0.01,-1,-1,-0.01,-1,-1,-0.01,-1,-1,-0.01,-1,-1,-0.01,-1,-1,-0.01,-1,-1,-0.01,-1,-1,-0.01,-1,-1,-0.01,-1,-1,-0.01,-1,-1
99926009,2026-05-18 13:01:32+05:30,53502.2,0,0.0,0,0.0,0.0,53282.15,53519.35,52783.45,53710.35,0,0.0,0.0,0.0,0.0,-0.01,-1,-1,-0.01,-1,-1,-0.01,-1,-1,-0.01,-1,-1,-0.01,-1,-1,-0.01,-1,-1,-0.01,-1,-1,-0.01,-1,-1,-0.01,-1,-1,-0.01,-1,-1
99926009,2026-05-18 13:01:32+05:30,53501.0,0,0.0,0,0.0,0.0,53282.15,53519.35,52783.45,53710.35,0,0.0,0.0,0.0,0.0,-0.01,-1,-1,-0.01,-1,-1,-0.01,-1,-1,-0.01,-1,-1,-0.01,-1,-1,-0.01,-1,-1,-0.01,-1,-1,-0.01,-1,-1,-0.01,-1,-1,-0.01,-1,-1
99926009,2026-05-18 13:01:33+05:30,53500.5,0,0.0,0,0.0,0.0,53282.15,53519.35,52783.45,53710.35,0,0.0,0.0,0.0,0.0,-0.01,-1,-1,-0.01,-1,-1,-0.01,-1,-1,-0.01,-1,-1,-0.01,-1,-1,-0.01,-1,-1,-0.01,-1,-1,-0.01,-1,-1,-0.01,-1,-1,-0.01,-1,-1
99926009,2026-05-18 13:01:33+05:30,53496.75,0,0.0,0,0.0,0.0,53282.15,53519.35,52783.45,53710.35,0,0.0,0.0,0.0,0.0,-0.01,-1,-1,-0.01,-1,-1,-0.01,-1,-1,-0.01,-1,-1,-0.01,-1,-1,-0.01,-1,-1,-0.01,-1,-1,-0.01,-1,-1,-0.01,-1,-1,-0.01,-1,-1
99926009,2026-05-18 13:01:34+05:30,53500.2,0,0.0,0,0.0,0.0,53282.15,53519.35,52783.45,53710.35,0,0.0,0.0,0.0,0.0,-0.01,-1,-1,-0.01,-1,-1,-0.01,-1,-1,-0.01,-1,-1,-0.01,-1,-1,-0.01,-1,-1,-0.01,-1,-1,-0.01,-1,-1,-0.01,-1,-1,-0.01,-1,-1
99926009,2026-05-18 13:01:34+05:30,53498.6,0,0.0,0,0.0,0.0,53282.15,53519.35,52783.45,53710.35,0,0.0,0.0,0.0,0.0,-0.01,-1,-1,-0.01,-1,-1,-0.01,-1,-1,-0.01,-1,-1,-0.01,-1,-1,-0.01,-1,-1,-0.01,-1,-1,-0.01,-1,-1,-0.01,-1,-1,-0.01,-1,-1
99926009,2026-05-18 13:01:35+05:30,53496.25,0,0.0,0,0.0,0.0,53282.15,53519.35,52783.45,53710.35,0,0.0,0.0,0.0,0.0,-0.01,-1,-1,-0.01,-1,-1,-0.01,-1,-1,-0.01,-1,-1,-0.01,-1,-1,-0.01,-1,-1,-0.01,-1,-1,-0.01,-1,-1,-0.01,-1,-1,-0.01,-1,-1
99926009,2026-05-18 13:01:35+05:30,53496.55,0,0.0,0,0.0,0.0,53282.15,53519.35,52783.45,53710.35,0,0.0,0.0,0.0,0.0,-0.01,-1,-1,-0.01,-1,-1,-0.01,-1,-1,-0.01,-1,-1,-0.01,-1,-1,-0.01,-1,-1,-0.01,-1,-1,-0.01,-1,-1,-0.01,-1,-1,-0.01,-1,-1
99926009,2026-05-18 13:01:36+05:30,53500.75,0,0.0,0,0.0,0.0,53282.15,53519.35,52783.45,53710.35,0,0.0,0.0,0.0,0.0,-0.01,-1,-1,-0.01,-1,-1,-0.01,-1,-1,-0.01,-1,-1,-0.01,-1,-1,-0.01,-1,-1,-0.01,-1,-1,-0.01,-1,-1,-0.01,-1,-1,-0.01,-1,-1
99926009,2026-05-18 13:01:36+05:30,53503.6,0,0.0,0,0.0,0.0,53282.15,53519.35,52783.45,53710.35,0,0.0,0.0,0.0,0.0,-0.01,-1,-1,-0.01,-1,-1,-0.01,-1,-1,-0.01,-1,-1,-0.01,-1,-1,-0.01,-1,-1,-0.01,-1,-1,-0.01,-1,-1,-0.01,-1,-1,-0.01,-1,-1
99926009,2026-05-18 13:01:37+05:30,53501.8,0,0.0,0,0.0,0.0,53282.15,53519.35,52783.45,53710.35,0,0.0,0.0,0.0,0.0,-0.01,-1,-1,-0.01,-1,-1,-0.01,-1,-1,-0.01,-1,-1,-0.01,-1,-1,-0.01,-1,-1,-0.01,-1,-1,-0.01,-1,-1,-0.01,-1,-1,-0.01,-1,-1
99926009,2026-05-18 13:01:37+05:30,53501.95,0,0.0,0,0.0,0.0,53282.15,53519.35,52783.45,53710.35,0,0.0,0.0,0.0,0.0,-0.01,-1,-1,-0.01,-1,-1,-0.01,-1,-1,-0.01,-1,-1,-0.01,-1,-1,-0.01,-1,-1,-0.01,-1,-1,-0.01,-1,-1,-0.01,-1,-1,-0.01,-1,-1
99926009,2026-05-18 13:01:38+05:30,53501.7,0,0.0,0,0.0,0.0,53282.15,53519.35,52783.45,53710.35,0,0.0,0.0,0.0,0.0,-0.01,-1,-1,-0.01,-1,-1,-0.01,-1,-1,-0.01,-1,-1,-0.01,-1,-1,-0.01,-1,-1,-0.01,-1,-1,-0.01,-1,-1,-0.01,-1,-1,-0.01,-1,-1
99926009,2026-05-18 13:01:38+05:30,53499.35,0,0.0,0,0.0,0.0,53282.15,53519.35,52783.45,53710.35,0,0.0,0.0,0.0,0.0,-0.01,-1,-1,-0.01,-1,-1,-0.01,-1,-1,-0.01,-1,-1,-0.01,-1,-1,-0.01,-1,-1,-0.01,-1,-1,-0.01,-1,-1,-0.01,-1,-1,-0.01,-1,-1
99926009,2026-05-18 13:01:39+05:30,53501.05,0,0.0,0,0.0,0.0,53282.15,53519.35,52783.45,53710.35,0,0.0,0.0,0.0,0.0,-0.01,-1,-1,-0.01,-1,-1,-0.01,-1,-1,-0.01,-1,-1,-0.01,-1,-1,-0.01,-1,-1,-0.01,-1,-1,-0.01,-1,-1,-0.01,-1,-1,-0.01,-1,-1
99926009,2026-05-18 13:01:39+05:30,53501.45,0,0.0,0,0.0,0.0,53282.15,53519.35,52783.45,53710.35,0,0.0,0.0,0.0,0.0,-0.01,-1,-1,-0.01,-1,-1,-0.01,-1,-1,-0.01,-1,-1,-0.01,-1,-1,-0.01,-1,-1,-0.01,-1,-1,-0.01,-1,-1,-0.01,-1,-1,-0.01,-1,-1
99926009,2026-05-18 13:01:40+05:30,53502.15,0,0.0,0,0.0,0.0,53282.15,53519.35,52783.45,53710.35,0,0.0,0.0,0.0,0.0,-0.01,-1,-1,-0.01,-1,-1,-0.01,-1,-1,-0.01,-1,-1,-0.01,-1,-1,-0.01,-1,-1,-0.01,-1,-1,-0.01,-1,-1,-0.01,-1,-1,-0.01,-1,-1
99926009,2026-05-18 13:01:40+05:30,53503.0,0,0.0,0,0.0,0.0,53282.15,53519.35,52783.45,53710.35,0,0.0,0.0,0.0,0.0,-0.01,-1,-1,-0.01,-1,-1,-0.01,-1,-1,-0.01,-1,-1,-0.01,-1,-1,-0.01,-1,-1,-0.01,-1,-1,-0.01,-1,-1,-0.01,-1,-1,-0.01,-1,-1
99926009,2026-05-18 13:01:41+05:30,53501.25,0,0.0,0,0.0,0.0,53282.15,53519.35,52783.45,53710.35,0,0.0,0.0,0.0,0.0,-0.01,-1,-1,-0.01,-1,-1,-0.01,-1,-1,-0.01,-1,-1,-0.01,-1,-1,-0.01,-1,-1,-0.01,-1,-1,-0.01,-1,-1,-0.01,-1,-1,-0.01,-1,-1
99926009,2026-05-18 13:01:41+05:30,53501.4,0,0.0,0,0.0,0.0,53282.15,53519.35,52783.45,53710.35,0,0.0,0.0,0.0,0.0,-0.01,-1,-1,-0.01,-1,-1,-0.01,-1,-1,-0.01,-1,-1,-0.01,-1,-1,-0.01,-1,-1,-0.01,-1,-1,-0.01,-1,-1,-0.01,-1,-1,-0.01,-1,-1
99926009,2026-05-18 13:01:42+05:30,53496.0,0,0.0,0,0.0,0.0,53282.15,53519.35,52783.45,53710.35,0,0.0,0.0,0.0,0.0,-0.01,-1,-1,-0.01,-1,-1,-0.01,-1,-1,-0.01,-1,-1,-0.01,-1,-1,-0.01,-1,-1,-0.01,-1,-1,-0.01,-1,-1,-0.01,-1,-1,-0.01,-1,-1
99926009,2026-05-18 13:01:42+05:30,53496.05,0,0.0,0,0.0,0.0,53282.15,53519.35,52783.45,53710.35,0,0.0,0.0,0.0,0.0,-0.01,-1,-1,-0.01,-1,-1,-0.01,-1,-1,-0.01,-1,-1,-0.01,-1,-1,-0.01,-1,-1,-0.01,-1,-1,-0.01,-1,-1,-0.01,-1,-1,-0.01,-1,-1
99926009,2026-05-18 13:01:43+05:30,53496.35,0,0.0,0,0.0,0.0,53282.15,53519.35,52783.45,53710.35,0,0.0,0.0,0.0,0.0,-0.01,-1,-1,-0.01,-1,-1,-0.01,-1,-1,-0.01,-1,-1,-0.01,-1,-1,-0.01,-1,-1,-0.01,-1,-1,-0.01,-1,-1,-0.01,-1,-1,-0.01,-1,-1
99926009,2026-05-18 13:01:43+05:30,53496.45,0,0.0,0,0.0,0.0,53282.15,53519.35,52783.45,53710.35,0,0.0,0.0,0.0,0.0,-0.01,-1,-1,-0.01,-1,-1,-0.01,-1,-1,-0.01,-1,-1,-0.01,-1,-1,-0.01,-1,-1,-0.01,-1,-1,-0.01,-1,-1,-0.01,-1,-1,-0.01,-1,-1
99926009,2026-05-18 13:01:44+05:30,53494.25,0,0.0,0,0.0,0.0,53282.15,53519.35,52783.45,53710.35,0,0.0,0.0,0.0,0.0,-0.01,-1,-1,-0.01,-1,-1,-0.01,-1,-1,-0.01,-1,-1,-0.01,-1,-1,-0.01,-1,-1,-0.01,-1,-1,-0.01,-1,-1,-0.01,-1,-1,-0.01,-1,-1
99926009,2026-05-18 13:01:44+05:30,53491.3,0,0.0,0,0.0,0.0,53282.15,53519.35,52783.45,53710.35,0,0.0,0.0,0.0,0.0,-0.01,-1,-1,-0.01,-1,-1,-0.01,-1,-1,-0.01,-1,-1,-0.01,-1,-1,-0.01,-1,-1,-0.01,-1,-1,-0.01,-1,-1,-0.01,-1,-1,-0.01,-1,-1
99926009,2026-05-18 13:01:45+05:30,53491.35,0,0.0,0,0.0,0.0,53282.15,53519.35,52783.45,53710.35,0,0.0,0.0,0.0,0.0,-0.01,-1,-1,-0.01,-1,-1,-0.01,-1,-1,-0.01,-1,-1,-0.01,-1,-1,-0.01,-1,-1,-0.01,-1,-1,-0.01,-1,-1,-0.01,-1,-1,-0.01,-1,-1
99926009,2026-05-18 13:01:45+05:30,53495.65,0,0.0,0,0.0,0.0,53282.15,53519.35,52783.45,53710.35,0,0.0,0.0,0.0,0.0,-0.01,-1,-1,-0.01,-1,-1,-0.01,-1,-1,-0.01,-1,-1,-0.01,-1,-1,-0.01,-1,-1,-0.01,-1,-1,-0.01,-1,-1,-0.01,-1,-1,-0.01,-1,-1
99926009,2026-05-18 13:01:46+05:30,53496.0,0,0.0,0,0.0,0.0,53282.15,53519.35,52783.45,53710.35,0,0.0,0.0,0.0,0.0,-0.01,-1,-1,-0.01,-1,-1,-0.01,-1,-1,-0.01,-1,-1,-0.01,-1,-1,-0.01,-1,-1,-0.01,-1,-1,-0.01,-1,-1,-0.01,-1,-1,-0.01,-1,-1
99926009,2026-05-18 13:01:46+05:30,53495.4,0,0.0,0,0.0,0.0,53282.15,53519.35,52783.45,53710.35,0,0.0,0.0,0.0,0.0,-0.01,-1,-1,-0.01,-1,-1,-0.01,-1,-1,-0.01,-1,-1,-0.01,-1,-1,-0.01,-1,-1,-0.01,-1,-1,-0.01,-1,-1,-0.01,-1,-1,-0.01,-1,-1
99926009,2026-05-18 13:01:47+05:30,53495.2,0,0.0,0,0.0,0.0,53282.15,53519.35,52783.45,53710.35,0,0.0,0.0,0.0,0.0,-0.01,-1,-1,-0.01,-1,-1,-0.01,-1,-1,-0.01,-1,-1,-0.01,-1,-1,-0.01,-1,-1,-0.01,-1,-1,-0.01,-1,-1,-0.01,-1,-1,-0.01,-1,-1
99926009,2026-05-18 13:01:47+05:30,53493.3,0,0.0,0,0.0,0.0,53282.15,53519.35,52783.45,53710.35,0,0.0,0.0,0.0,0.0,-0.01,-1,-1,-0.01,-1,-1,-0.01,-1,-1,-0.01,-1,-1,-0.01,-1,-1,-0.01,-1,-1,-0.01,-1,-1,-0.01,-1,-1,-0.01,-1,-1,-0.01,-1,-1
99926009,2026-05-18 13:01:48+05:30,53497.7,0,0.0,0,0.0,0.0,53282.15,53519.35,52783.45,53710.35,0,0.0,0.0,0.0,0.0,-0.01,-1,-1,-0.01,-1,-1,-0.01,-1,-1,-0.01,-1,-1,-0.01,-1,-1,-0.01,-1,-1,-0.01,-1,-1,-0.01,-1,-1,-0.01,-1,-1,-0.01,-1,-1
99926009,2026-05-18 13:01:48+05:30,53496.8,0,0.0,0,0.0,0.0,53282.15,53519.35,52783.45,53710.35,0,0.0,0.0,0.0,0.0,-0.01,-1,-1,-0.01,-1,-1,-0.01,-1,-1,-0.01,-1,-1,-0.01,-1,-1,-0.01,-1,-1,-0.01,-1,-1,-0.01,-1,-1,-0.01,-1,-1,-0.01,-1,-1
99926009,2026-05-18 13:01:49+05:30,53494.6,0,0.0,0,0.0,0.0,53282.15,53519.35,52783.45,53710.35,0,0.0,0.0,0.0,0.0,-0.01,-1,-1,-0.01,-1,-1,-0.01,-1,-1,-0.01,-1,-1,-0.01,-1,-1,-0.01,-1,-1,-0.01,-1,-1,-0.01,-1,-1,-0.01,-1,-1,-0.01,-1,-1
99926009,2026-05-18 13:01:49+05:30,53496.5,0,0.0,0,0.0,0.0,53282.15,53519.35,52783.45,53710.35,0,0.0,0.0,0.0,0.0,-0.01,-1,-1,-0.01,-1,-1,-0.01,-1,-1,-0.01,-1,-1,-0.01,-1,-1,-0.01,-1,-1,-0.01,-1,-1,-0.01,-1,-1,-0.01,-1,-1,-0.01,-1,-1
99926009,2026-05-18 13:01:50+05:30,53492.75,0,0.0,0,0.0,0.0,53282.15,53519.35,52783.45,53710.35,0,0.0,0.0,0.0,0.0,-0.01,-1,-1,-0.01,-1,-1,-0.01,-1,-1,-0.01,-1,-1,-0.01,-1,-1,-0.01,-1,-1,-0.01,-1,-1,-0.01,-1,-1,-0.01,-1,-1,-0.01,-1,-1
99926009,2026-05-18 13:01:50+05:30,53493.7,0,0.0,0,0.0,0.0,53282.15,53519.35,52783.45,53710.35,0,0.0,0.0,0.0,0.0,-0.01,-1,-1,-0.01,-1,-1,-0.01,-1,-1,-0.01,-1,-1,-0.01,-1,-1,-0.01,-1,-1,-0.01,-1,-1,-0.01,-1,-1,-0.01,-1,-1,-0.01,-1,-1
99926009,2026-05-18 13:01:51+05:30,53492.2,0,0.0,0,0.0,0.0,53282.15,53519.35,52783.45,53710.35,0,0.0,0.0,0.0,0.0,-0.01,-1,-1,-0.01,-1,-1,-0.01,-1,-1,-0.01,-1,-1,-0.01,-1,-1,-0.01,-1,-1,-0.01,-1,-1,-0.01,-1,-1,-0.01,-1,-1,-0.01,-1,-1
99926009,2026-05-18 13:01:51+05:30,53490.6,0,0.0,0,0.0,0.0,53282.15,53519.35,52783.45,53710.35,0,0.0,0.0,0.0,0.0,-0.01,-1,-1,-0.01,-1,-1,-0.01,-1,-1,-0.01,-1,-1,-0.01,-1,-1,-0.01,-1,-1,-0.01,-1,-1,-0.01,-1,-1,-0.01,-1,-1,-0.01,-1,-1
99926009,2026-05-18 13:01:52+05:30,53492.15,0,0.0,0,0.0,0.0,53282.15,53519.35,52783.45,53710.35,0,0.0,0.0,0.0,0.0,-0.01,-1,-1,-0.01,-1,-1,-0.01,-1,-1,-0.01,-1,-1,-0.01,-1,-1,-0.01,-1,-1,-0.01,-1,-1,-0.01,-1,-1,-0.01,-1,-1,-0.01,-1,-1
99926009,2026-05-18 13:01:52+05:30,53492.45,0,0.0,0,0.0,0.0,53282.15,53519.35,52783.45,53710.35,0,0.0,0.0,0.0,0.0,-0.01,-1,-1,-0.01,-1,-1,-0.01,-1,-1,-0.01,-1,-1,-0.01,-1,-1,-0.01,-1,-1,-0.01,-1,-1,-0.01,-1,-1,-0.01,-1,-1,-0.01,-1,-1
99926009,2026-05-18 13:01:53+05:30,53493.0,0,0.0,0,0.0,0.0,53282.15,53519.35,52783.45,53710.35,0,0.0,0.0,0.0,0.0,-0.01,-1,-1,-0.01,-1,-1,-0.01,-1,-1,-0.01,-1,-1,-0.01,-1,-1,-0.01,-1,-1,-0.01,-1,-1,-0.01,-1,-1,-0.01,-1,-1,-0.01,-1,-1
99926009,2026-05-18 13:01:53+05:30,53490.2,0,0.0,0,0.0,0.0,53282.15,53519.35,52783.45,53710.35,0,0.0,0.0,0.0,0.0,-0.01,-1,-1,-0.01,-1,-1,-0.01,-1,-1,-0.01,-1,-1,-0.01,-1,-1,-0.01,-1,-1,-0.01,-1,-1,-0.01,-1,-1,-0.01,-1,-1,-0.01,-1,-1
99926009,2026-05-18 13:01:54+05:30,53494.95,0,0.0,0,0.0,0.0,53282.15,53519.35,52783.45,53710.35,0,0.0,0.0,0.0,0.0,-0.01,-1,-1,-0.01,-1,-1,-0.01,-1,-1,-0.01,-1,-1,-0.01,-1,-1,-0.01,-1,-1,-0.01,-1,-1,-0.01,-1,-1,-0.01,-1,-1,-0.01,-1,-1
99926009,2026-05-18 13:01:54+05:30,53489.75,0,0.0,0,0.0,0.0,53282.15,53519.35,52783.45,53710.35,0,0.0,0.0,0.0,0.0,-0.01,-1,-1,-0.01,-1,-1,-0.01,-1,-1,-0.01,-1,-1,-0.01,-1,-1,-0.01,-1,-1,-0.01,-1,-1,-0.01,-1,-1,-0.01,-1,-1,-0.01,-1,-1
99926009,2026-05-18 13:01:55+05:30,53492.05,0,0.0,0,0.0,0.0,53282.15,53519.35,52783.45,53710.35,0,0.0,0.0,0.0,0.0,-0.01,-1,-1,-0.01,-1,-1,-0.01,-1,-1,-0.01,-1,-1,-0.01,-1,-1,-0.01,-1,-1,-0.01,-1,-1,-0.01,-1,-1,-0.01,-1,-1,-0.01,-1,-1
99926009,2026-05-18 13:01:55+05:30,53493.8,0,0.0,0,0.0,0.0,53282.15,53519.35,52783.45,53710.35,0,0.0,0.0,0.0,0.0,-0.01,-1,-1,-0.01,-1,-1,-0.01,-1,-1,-0.01,-1,-1,-0.01,-1,-1,-0.01,-1,-1,-0.01,-1,-1,-0.01,-1,-1,-0.01,-1,-1,-0.01,-1,-1
99926009,2026-05-18 13:01:56+05:30,53493.15,0,0.0,0,0.0,0.0,53282.15,53519.35,52783.45,53710.35,0,0.0,0.0,0.0,0.0,-0.01,-1,-1,-0.01,-1,-1,-0.01,-1,-1,-0.01,-1,-1,-0.01,-1,-1,-0.01,-1,-1,-0.01,-1,-1,-0.01,-1,-1,-0.01,-1,-1,-0.01,-1,-1
99926009,2026-05-18 13:01:56+05:30,53493.4,0,0.0,0,0.0,0.0,53282.15,53519.35,52783.45,53710.35,0,0.0,0.0,0.0,0.0,-0.01,-1,-1,-0.01,-1,-1,-0.01,-1,-1,-0.01,-1,-1,-0.01,-1,-1,-0.01,-1,-1,-0.01,-1,-1,-0.01,-1,-1,-0.01,-1,-1,-0.01,-1,-1
99926009,2026-05-18 13:01:57+05:30,53492.6,0,0.0,0,0.0,0.0,53282.15,53519.35,52783.45,53710.35,0,0.0,0.0,0.0,0.0,-0.01,-1,-1,-0.01,-1,-1,-0.01,-1,-1,-0.01,-1,-1,-0.01,-1,-1,-0.01,-1,-1,-0.01,-1,-1,-0.01,-1,-1,-0.01,-1,-1,-0.01,-1,-1
99926009,2026-05-18 13:01:57+05:30,53493.25,0,0.0,0,0.0,0.0,53282.15,53519.35,52783.45,53710.35,0,0.0,0.0,0.0,0.0,-0.01,-1,-1,-0.01,-1,-1,-0.01,-1,-1,-0.01,-1,-1,-0.01,-1,-1,-0.01,-1,-1,-0.01,-1,-1,-0.01,-1,-1,-0.01,-1,-1,-0.01,-1,-1
99926009,2026-05-18 13:01:58+05:30,53489.3,0,0.0,0,0.0,0.0,53282.15,53519.35,52783.45,53710.35,0,0.0,0.0,0.0,0.0,-0.01,-1,-1,-0.01,-1,-1,-0.01,-1,-1,-0.01,-1,-1,-0.01,-1,-1,-0.01,-1,-1,-0.01,-1,-1,-0.01,-1,-1,-0.01,-1,-1,-0.01,-1,-1
99926009,2026-05-18 13:01:58+05:30,53489.4,0,0.0,0,0.0,0.0,53282.15,53519.35,52783.45,53710.35,0,0.0,0.0,0.0,0.0,-0.01,-1,-1,-0.01,-1,-1,-0.01,-1,-1,-0.01,-1,-1,-0.01,-1,-1,-0.01,-1,-1,-0.01,-1,-1,-0.01,-1,-1,-0.01,-1,-1,-0.01,-1,-1
99926009,2026-05-18 13:01:59+05:30,53491.55,0,0.0,0,0.0,0.0,53282.15,53519.35,52783.45,53710.35,0,0.0,0.0,0.0,0.0,-0.01,-1,-1,-0.01,-1,-1,-0.01,-1,-1,-0.01,-1,-1,-0.01,-1,-1,-0.01,-1,-1,-0.01,-1,-1,-0.01,-1,-1,-0.01,-1,-1,-0.01,-1,-1
99926009,2026-05-18 13:01:59+05:30,53491.25,0,0.0,0,0.0,0.0,53282.15,53519.35,52783.45,53710.35,0,0.0,0.0,0.0,0.0,-0.01,-1,-1,-0.01,-1,-1,-0.01,-1,-1,-0.01,-1,-1,-0.01,-1,-1,-0.01,-1,-1,-0.01,-1,-1,-0.01,-1,-1,-0.01,-1,-1,-0.01,-1,-1
99926009,2026-05-18 13:02:00+05:30,53489.6,0,0.0,0,0.0,0.0,53282.15,53519.35,52783.45,53710.35,0,0.0,0.0,0.0,0.0,-0.01,-1,-1,-0.01,-1,-1,-0.01,-1,-1,-0.01,-1,-1,-0.01,-1,-1,-0.01,-1,-1,-0.01,-1,-1,-0.01,-1,-1,-0.01,-1,-1,-0.01,-1,-1
99926009,2026-05-18 13:02:00+05:30,53490.0,0,0.0,0,0.0,0.0,53282.15,53519.35,52783.45,53710.35,0,0.0,0.0,0.0,0.0,-0.01,-1,-1,-0.01,-1,-1,-0.01,-1,-1,-0.01,-1,-1,-0.01,-1,-1,-0.01,-1,-1,-0.01,-1,-1,-0.01,-1,-1,-0.01,-1,-1,-0.01,-1,-1
99926009,2026-05-18 13:02:01+05:30,53487.95,0,0.0,0,0.0,0.0,53282.15,53519.35,52783.45,53710.35,0,0.0,0.0,0.0,0.0,-0.01,-1,-1,-0.01,-1,-1,-0.01,-1,-1,-0.01,-1,-1,-0.01,-1,-1,-0.01,-1,-1,-0.01,-1,-1,-0.01,-1,-1,-0.01,-1,-1,-0.01,-1,-1
99926009,2026-05-18 13:02:01+05:30,53490.85,0,0.0,0,0.0,0.0,53282.15,53519.35,52783.45,53710.35,0,0.0,0.0,0.0,0.0,-0.01,-1,-1,-0.01,-1,-1,-0.01,-1,-1,-0.01,-1,-1,-0.01,-1,-1,-0.01,-1,-1,-0.01,-1,-1,-0.01,-1,-1,-0.01,-1,-1,-0.01,-1,-1
99926009,2026-05-18 13:02:02+05:30,53494.2,0,0.0,0,0.0,0.0,53282.15,53519.35,52783.45,53710.35,0,0.0,0.0,0.0,0.0,-0.01,-1,-1,-0.01,-1,-1,-0.01,-1,-1,-0.01,-1,-1,-0.01,-1,-1,-0.01,-1,-1,-0.01,-1,-1,-0.01,-1,-1,-0.01,-1,-1,-0.01,-1,-1
99926009,2026-05-18 13:02:02+05:30,53490.9,0,0.0,0,0.0,0.0,53282.15,53519.35,52783.45,53710.35,0,0.0,0.0,0.0,0.0,-0.01,-1,-1,-0.01,-1,-1,-0.01,-1,-1,-0.01,-1,-1,-0.01,-1,-1,-0.01,-1,-1,-0.01,-1,-1,-0.01,-1,-1,-0.01,-1,-1,-0.01,-1,-1
99926009,2026-05-18 13:02:03+05:30,53490.9,0,0.0,0,0.0,0.0,53282.15,53519.35,52783.45,53710.35,0,0.0,0.0,0.0,0.0,-0.01,-1,-1,-0.01,-1,-1,-0.01,-1,-1,-0.01,-1,-1,-0.01,-1,-1,-0.01,-1,-1,-0.01,-1,-1,-0.01,-1,-1,-0.01,-1,-1,-0.01,-1,-1
99926009,2026-05-18 13:02:03+05:30,53491.25,0,0.0,0,0.0,0.0,53282.15,53519.35,52783.45,53710.35,0,0.0,0.0,0.0,0.0,-0.01,-1,-1,-0.01,-1,-1,-0.01,-1,-1,-0.01,-1,-1,-0.01,-1,-1,-0.01,-1,-1,-0.01,-1,-1,-0.01,-1,-1,-0.01,-1,-1,-0.01,-1,-1
99926009,2026-05-18 13:02:04+05:30,53494.3,0,0.0,0,0.0,0.0,53282.15,53519.35,52783.45,53710.35,0,0.0,0.0,0.0,0.0,-0.01,-1,-1,-0.01,-1,-1,-0.01,-1,-1,-0.01,-1,-1,-0.01,-1,-1,-0.01,-1,-1,-0.01,-1,-1,-0.01,-1,-1,-0.01,-1,-1,-0.01,-1,-1
99926009,2026-05-18 13:02:04+05:30,53494.1,0,0.0,0,0.0,0.0,53282.15,53519.35,52783.45,53710.35,0,0.0,0.0,0.0,0.0,-0.01,-1,-1,-0.01,-1,-1,-0.01,-1,-1,-0.01,-1,-1,-0.01,-1,-1,-0.01,-1,-1,-0.01,-1,-1,-0.01,-1,-1,-0.01,-1,-1,-0.01,-1,-1
99926009,2026-05-18 13:02:05+05:30,53492.9,0,0.0,0,0.0,0.0,53282.15,53519.35,52783.45,53710.35,0,0.0,0.0,0.0,0.0,-0.01,-1,-1,-0.01,-1,-1,-0.01,-1,-1,-0.01,-1,-1,-0.01,-1,-1,-0.01,-1,-1,-0.01,-1,-1,-0.01,-1,-1,-0.01,-1,-1,-0.01,-1,-1
99926009,2026-05-18 13:02:05+05:30,53494.95,0,0.0,0,0.0,0.0,53282.15,53519.35,52783.45,53710.35,0,0.0,0.0,0.0,0.0,-0.01,-1,-1,-0.01,-1,-1,-0.01,-1,-1,-0.01,-1,-1,-0.01,-1,-1,-0.01,-1,-1,-0.01,-1,-1,-0.01,-1,-1,-0.01,-1,-1,-0.01,-1,-1
99926009,2026-05-18 13:02:06+05:30,53493.45,0,0.0,0,0.0,0.0,53282.15,53519.35,52783.45,53710.35,0,0.0,0.0,0.0,0.0,-0.01,-1,-1,-0.01,-1,-1,-0.01,-1,-1,-0.01,-1,-1,-0.01,-1,-1,-0.01,-1,-1,-0.01,-1,-1,-0.01,-1,-1,-0.01,-1,-1,-0.01,-1,-1
99926009,2026-05-18 13:02:06+05:30,53497.3,0,0.0,0,0.0,0.0,53282.15,53519.35,52783.45,53710.35,0,0.0,0.0,0.0,0.0,-0.01,-1,-1,-0.01,-1,-1,-0.01,-1,-1,-0.01,-1,-1,-0.01,-1,-1,-0.01,-1,-1,-0.01,-1,-1,-0.01,-1,-1,-0.01,-1,-1,-0.01,-1,-1
99926009,2026-05-18 13:02:07+05:30,53499.0,0,0.0,0,0.0,0.0,53282.15,53519.35,52783.45,53710.35,0,0.0,0.0,0.0,0.0,-0.01,-1,-1,-0.01,-1,-1,-0.01,-1,-1,-0.01,-1,-1,-0.01,-1,-1,-0.01,-1,-1,-0.01,-1,-1,-0.01,-1,-1,-0.01,-1,-1,-0.01,-1,-1
99926009,2026-05-18 13:02:07+05:30,53497.45,0,0.0,0,0.0,0.0,53282.15,53519.35,52783.45,53710.35,0,0.0,0.0,0.0,0.0,-0.01,-1,-1,-0.01,-1,-1,-0.01,-1,-1,-0.01,-1,-1,-0.01,-1,-1,-0.01,-1,-1,-0.01,-1,-1,-0.01,-1,-1,-0.01,-1,-1,-0.01,-1,-1
99926009,2026-05-18 13:02:08+05:30,53496.65,0,0.0,0,0.0,0.0,53282.15,53519.35,52783.45,53710.35,0,0.0,0.0,0.0,0.0,-0.01,-1,-1,-0.01,-1,-1,-0.01,-1,-1,-0.01,-1,-1,-0.01,-1,-1,-0.01,-1,-1,-0.01,-1,-1,-0.01,-1,-1,-0.01,-1,-1,-0.01,-1,-1
99926009,2026-05-18 13:02:08+05:30,53495.65,0,0.0,0,0.0,0.0,53282.15,53519.35,52783.45,53710.35,0,0.0,0.0,0.0,0.0,-0.01,-1,-1,-0.01,-1,-1,-0.01,-1,-1,-0.01,-1,-1,-0.01,-1,-1,-0.01,-1,-1,-0.01,-1,-1,-0.01,-1,-1,-0.01,-1,-1,-0.01,-1,-1
99926009,2026-05-18 13:02:09+05:30,53495.4,0,0.0,0,0.0,0.0,53282.15,53519.35,52783.45,53710.35,0,0.0,0.0,0.0,0.0,-0.01,-1,-1,-0.01,-1,-1,-0.01,-1,-1,-0.01,-1,-1,-0.01,-1,-1,-0.01,-1,-1,-0.01,-1,-1,-0.01,-1,-1,-0.01,-1,-1,-0.01,-1,-1
99926009,2026-05-18 13:02:09+05:30,53498.7,0,0.0,0,0.0,0.0,53282.15,53519.35,52783.45,53710.35,0,0.0,0.0,0.0,0.0,-0.01,-1,-1,-0.01,-1,-1,-0.01,-1,-1,-0.01,-1,-1,-0.01,-1,-1,-0.01,-1,-1,-0.01,-1,-1,-0.01,-1,-1,-0.01,-1,-1,-0.01,-1,-1
99926009,2026-05-18 13:02:10+05:30,53495.2,0,0.0,0,0.0,0.0,53282.15,53519.35,52783.45,53710.35,0,0.0,0.0,0.0,0.0,-0.01,-1,-1,-0.01,-1,-1,-0.01,-1,-1,-0.01,-1,-1,-0.01,-1,-1,-0.01,-1,-1,-0.01,-1,-1,-0.01,-1,-1,-0.01,-1,-1,-0.01,-1,-1
99926009,2026-05-18 13:02:10+05:30,53496.1,0,0.0,0,0.0,0.0,53282.15,53519.35,52783.45,53710.35,0,0.0,0.0,0.0,0.0,-0.01,-1,-1,-0.01,-1,-1,-0.01,-1,-1,-0.01,-1,-1,-0.01,-1,-1,-0.01,-1,-1,-0.01,-1,-1,-0.01,-1,-1,-0.01,-1,-1,-0.01,-1,-1
99926009,2026-05-18 13:02:11+05:30,53492.6,0,0.0,0,0.0,0.0,53282.15,53519.35,52783.45,53710.35,0,0.0,0.0,0.0,0.0,-0.01,-1,-1,-0.01,-1,-1,-0.01,-1,-1,-0.01,-1,-1,-0.01,-1,-1,-0.01,-1,-1,-0.01,-1,-1,-0.01,-1,-1,-0.01,-1,-1,-0.01,-1,-1
99926009,2026-05-18 13:02:11+05:30,53491.45,0,0.0,0,0.0,0.0,53282.15,53519.35,52783.45,53710.35,0,0.0,0.0,0.0,0.0,-0.01,-1,-1,-0.01,-1,-1,-0.01,-1,-1,-0.01,-1,-1,-0.01,-1,-1,-0.01,-1,-1,-0.01,-1,-1,-0.01,-1,-1,-0.01,-1,-1,-0.01,-1,-1
99926009,2026-05-18 13:02:12+05:30,53491.8,0,0.0,0,0.0,0.0,53282.15,53519.35,52783.45,53710.35,0,0.0,0.0,0.0,0.0,-0.01,-1,-1,-0.01,-1,-1,-0.01,-1,-1,-0.01,-1,-1,-0.01,-1,-1,-0.01,-1,-1,-0.01,-1,-1,-0.01,-1,-1,-0.01,-1,-1,-0.01,-1,-1
99926009,2026-05-18 13:02:12+05:30,53491.7,0,0.0,0,0.0,0.0,53282.15,53519.35,52783.45,53710.35,0,0.0,0.0,0.0,0.0,-0.01,-1,-1,-0.01,-1,-1,-0.01,-1,-1,-0.01,-1,-1,-0.01,-1,-1,-0.01,-1,-1,-0.01,-1,-1,-0.01,-1,-1,-0.01,-1,-1,-0.01,-1,-1
99926009,2026-05-18 13:02:13+05:30,53494.8,0,0.0,0,0.0,0.0,53282.15,53519.35,52783.45,53710.35,0,0.0,0.0,0.0,0.0,-0.01,-1,-1,-0.01,-1,-1,-0.01,-1,-1,-0.01,-1,-1,-0.01,-1,-1,-0.01,-1,-1,-0.01,-1,-1,-0.01,-1,-1,-0.01,-1,-1,-0.01,-1,-1
99926009,2026-05-18 13:02:13+05:30,53492.85,0,0.0,0,0.0,0.0,53282.15,53519.35,52783.45,53710.35,0,0.0,0.0,0.0,0.0,-0.01,-1,-1,-0.01,-1,-1,-0.01,-1,-1,-0.01,-1,-1,-0.01,-1,-1,-0.01,-1,-1,-0.01,-1,-1,-0.01,-1,-1,-0.01,-1,-1,-0.01,-1,-1
99926009,2026-05-18 13:02:14+05:30,53492.25,0,0.0,0,0.0,0.0,53282.15,53519.35,52783.45,53710.35,0,0.0,0.0,0.0,0.0,-0.01,-1,-1,-0.01,-1,-1,-0.01,-1,-1,-0.01,-1,-1,-0.01,-1,-1,-0.01,-1,-1,-0.01,-1,-1,-0.01,-1,-1,-0.01,-1,-1,-0.01,-1,-1
99926009,2026-05-18 13:02:14+05:30,53491.35,0,0.0,0,0.0,0.0,53282.15,53519.35,52783.45,53710.35,0,0.0,0.0,0.0,0.0,-0.01,-1,-1,-0.01,-1,-1,-0.01,-1,-1,-0.01,-1,-1,-0.01,-1,-1,-0.01,-1,-1,-0.01,-1,-1,-0.01,-1,-1,-0.01,-1,-1,-0.01,-1,-1
99926009,2026-05-18 13:02:15+05:30,53490.85,0,0.0,0,0.0,0.0,53282.15,53519.35,52783.45,53710.35,0,0.0,0.0,0.0,0.0,-0.01,-1,-1,-0.01,-1,-1,-0.01,-1,-1,-0.01,-1,-1,-0.01,-1,-1,-0.01,-1,-1,-0.01,-1,-1,-0.01,-1,-1,-0.01,-1,-1,-0.01,-1,-1
99926009,2026-05-18 13:02:15+05:30,53493.1,0,0.0,0,0.0,0.0,53282.15,53519.35,52783.45,53710.35,0,0.0,0.0,0.0,0.0,-0.01,-1,-1,-0.01,-1,-1,-0.01,-1,-1,-0.01,-1,-1,-0.01,-1,-1,-0.01,-1,-1,-0.01,-1,-1,-0.01,-1,-1,-0.01,-1,-1,-0.01,-1,-1
99926009,2026-05-18 13:02:16+05:30,53492.9,0,0.0,0,0.0,0.0,53282.15,53519.35,52783.45,53710.35,0,0.0,0.0,0.0,0.0,-0.01,-1,-1,-0.01,-1,-1,-0.01,-1,-1,-0.01,-1,-1,-0.01,-1,-1,-0.01,-1,-1,-0.01,-1,-1,-0.01,-1,-1,-0.01,-1,-1,-0.01,-1,-1
99926009,2026-05-18 13:02:16+05:30,53493.95,0,0.0,0,0.0,0.0,53282.15,53519.35,52783.45,53710.35,0,0.0,0.0,0.0,0.0,-0.01,-1,-1,-0.01,-1,-1,-0.01,-1,-1,-0.01,-1,-1,-0.01,-1,-1,-0.01,-1,-1,-0.01,-1,-1,-0.01,-1,-1,-0.01,-1,-1,-0.01,-1,-1
99926009,2026-05-18 13:02:17+05:30,53490.55,0,0.0,0,0.0,0.0,53282.15,53519.35,52783.45,53710.35,0,0.0,0.0,0.0,0.0,-0.01,-1,-1,-0.01,-1,-1,-0.01,-1,-1,-0.01,-1,-1,-0.01,-1,-1,-0.01,-1,-1,-0.01,-1,-1,-0.01,-1,-1,-0.01,-1,-1,-0.01,-1,-1
99926009,2026-05-18 13:02:17+05:30,53492.3,0,0.0,0,0.0,0.0,53282.15,53519.35,52783.45,53710.35,0,0.0,0.0,0.0,0.0,-0.01,-1,-1,-0.01,-1,-1,-0.01,-1,-1,-0.01,-1,-1,-0.01,-1,-1,-0.01,-1,-1,-0.01,-1,-1,-0.01,-1,-1,-0.01,-1,-1,-0.01,-1,-1
99926009,2026-05-18 13:02:18+05:30,53489.45,0,0.0,0,0.0,0.0,53282.15,53519.35,52783.45,53710.35,0,0.0,0.0,0.0,0.0,-0.01,-1,-1,-0.01,-1,-1,-0.01,-1,-1,-0.01,-1,-1,-0.01,-1,-1,-0.01,-1,-1,-0.01,-1,-1,-0.01,-1,-1,-0.01,-1,-1,-0.01,-1,-1
99926009,2026-05-18 13:02:18+05:30,53492.05,0,0.0,0,0.0,0.0,53282.15,53519.35,52783.45,53710.35,0,0.0,0.0,0.0,0.0,-0.01,-1,-1,-0.01,-1,-1,-0.01,-1,-1,-0.01,-1,-1,-0.01,-1,-1,-0.01,-1,-1,-0.01,-1,-1,-0.01,-1,-1,-0.01,-1,-1,-0.01,-1,-1
99926009,2026-05-18 13:02:19+05:30,53491.2,0,0.0,0,0.0,0.0,53282.15,53519.35,52783.45,53710.35,0,0.0,0.0,0.0,0.0,-0.01,-1,-1,-0.01,-1,-1,-0.01,-1,-1,-0.01,-1,-1,-0.01,-1,-1,-0.01,-1,-1,-0.01,-1,-1,-0.01,-1,-1,-0.01,-1,-1,-0.01,-1,-1
99926009,2026-05-18 13:02:19+05:30,53490.9,0,0.0,0,0.0,0.0,53282.15,53519.35,52783.45,53710.35,0,0.0,0.0,0.0,0.0,-0.01,-1,-1,-0.01,-1,-1,-0.01,-1,-1,-0.01,-1,-1,-0.01,-1,-1,-0.01,-1,-1,-0.01,-1,-1,-0.01,-1,-1,-0.01,-1,-1,-0.01,-1,-1
99926009,2026-05-18 13:02:20+05:30,53495.25,0,0.0,0,0.0,0.0,53282.15,53519.35,52783.45,53710.35,0,0.0,0.0,0.0,0.0,-0.01,-1,-1,-0.01,-1,-1,-0.01,-1,-1,-0.01,-1,-1,-0.01,-1,-1,-0.01,-1,-1,-0.01,-1,-1,-0.01,-1,-1,-0.01,-1,-1,-0.01,-1,-1
99926009,2026-05-18 13:02:20+05:30,53497.45,0,0.0,0,0.0,0.0,53282.15,53519.35,52783.45,53710.35,0,0.0,0.0,0.0,0.0,-0.01,-1,-1,-0.01,-1,-1,-0.01,-1,-1,-0.01,-1,-1,-0.01,-1,-1,-0.01,-1,-1,-0.01,-1,-1,-0.01,-1,-1,-0.01,-1,-1,-0.01,-1,-1
99926009,2026-05-18 13:02:21+05:30,53505.6,0,0.0,0,0.0,0.0,53282.15,53519.35,52783.45,53710.35,0,0.0,0.0,0.0,0.0,-0.01,-1,-1,-0.01,-1,-1,-0.01,-1,-1,-0.01,-1,-1,-0.01,-1,-1,-0.01,-1,-1,-0.01,-1,-1,-0.01,-1,-1,-0.01,-1,-1,-0.01,-1,-1
99926009,2026-05-18 13:02:21+05:30,53511.5,0,0.0,0,0.0,0.0,53282.15,53519.35,52783.45,53710.35,0,0.0,0.0,0.0,0.0,-0.01,-1,-1,-0.01,-1,-1,-0.01,-1,-1,-0.01,-1,-1,-0.01,-1,-1,-0.01,-1,-1,-0.01,-1,-1,-0.01,-1,-1,-0.01,-1,-1,-0.01,-1,-1
99926009,2026-05-18 13:02:22+05:30,53509.7,0,0.0,0,0.0,0.0,53282.15,53519.35,52783.45,53710.35,0,0.0,0.0,0.0,0.0,-0.01,-1,-1,-0.01,-1,-1,-0.01,-1,-1,-0.01,-1,-1,-0.01,-1,-1,-0.01,-1,-1,-0.01,-1,-1,-0.01,-1,-1,-0.01,-1,-1,-0.01,-1,-1
99926009,2026-05-18 13:02:22+05:30,53508.2,0,0.0,0,0.0,0.0,53282.15,53519.35,52783.45,53710.35,0,0.0,0.0,0.0,0.0,-0.01,-1,-1,-0.01,-1,-1,-0.01,-1,-1,-0.01,-1,-1,-0.01,-1,-1,-0.01,-1,-1,-0.01,-1,-1,-0.01,-1,-1,-0.01,-1,-1,-0.01,-1,-1
99926009,2026-05-18 13:02:23+05:30,53509.3,0,0.0,0,0.0,0.0,53282.15,53519.35,52783.45,53710.35,0,0.0,0.0,0.0,0.0,-0.01,-1,-1,-0.01,-1,-1,-0.01,-1,-1,-0.01,-1,-1,-0.01,-1,-1,-0.01,-1,-1,-0.01,-1,-1,-0.01,-1,-1,-0.01,-1,-1,-0.01,-1,-1
99926009,2026-05-18 13:02:23+05:30,53512.05,0,0.0,0,0.0,0.0,53282.15,53519.35,52783.45,53710.35,0,0.0,0.0,0.0,0.0,-0.01,-1,-1,-0.01,-1,-1,-0.01,-1,-1,-0.01,-1,-1,-0.01,-1,-1,-0.01,-1,-1,-0.01,-1,-1,-0.01,-1,-1,-0.01,-1,-1,-0.01,-1,-1
99926009,2026-05-18 13:02:24+05:30,53517.75,0,0.0,0,0.0,0.0,53282.15,53519.75,52783.45,53710.35,0,0.0,0.0,0.0,0.0,-0.01,-1,-1,-0.01,-1,-1,-0.01,-1,-1,-0.01,-1,-1,-0.01,-1,-1,-0.01,-1,-1,-0.01,-1,-1,-0.01,-1,-1,-0.01,-1,-1,-0.01,-1,-1
99926009,2026-05-18 13:02:24+05:30,53516.45,0,0.0,0,0.0,0.0,53282.15,53520.6,52783.45,53710.35,0,0.0,0.0,0.0,0.0,-0.01,-1,-1,-0.01,-1,-1,-0.01,-1,-1,-0.01,-1,-1,-0.01,-1,-1,-0.01,-1,-1,-0.01,-1,-1,-0.01,-1,-1,-0.01,-1,-1,-0.01,-1,-1
99926009,2026-05-18 13:02:25+05:30,53516.8,0,0.0,0,0.0,0.0,53282.15,53520.6,52783.45,53710.35,0,0.0,0.0,0.0,0.0,-0.01,-1,-1,-0.01,-1,-1,-0.01,-1,-1,-0.01,-1,-1,-0.01,-1,-1,-0.01,-1,-1,-0.01,-1,-1,-0.01,-1,-1,-0.01,-1,-1,-0.01,-1,-1
99926009,2026-05-18 13:02:25+05:30,53521.55,0,0.0,0,0.0,0.0,53282.15,53521.55,52783.45,53710.35,0,0.0,0.0,0.0,0.0,-0.01,-1,-1,-0.01,-1,-1,-0.01,-1,-1,-0.01,-1,-1,-0.01,-1,-1,-0.01,-1,-1,-0.01,-1,-1,-0.01,-1,-1,-0.01,-1,-1,-0.01,-1,-1
99926009,2026-05-18 13:02:26+05:30,53518.25,0,0.0,0,0.0,0.0,53282.15,53521.55,52783.45,53710.35,0,0.0,0.0,0.0,0.0,-0.01,-1,-1,-0.01,-1,-1,-0.01,-1,-1,-0.01,-1,-1,-0.01,-1,-1,-0.01,-1,-1,-0.01,-1,-1,-0.01,-1,-1,-0.01,-1,-1,-0.01,-1,-1
99926009,2026-05-18 13:02:26+05:30,53518.6,0,0.0,0,0.0,0.0,53282.15,53521.55,52783.45,53710.35,0,0.0,0.0,0.0,0.0,-0.01,-1,-1,-0.01,-1,-1,-0.01,-1,-1,-0.01,-1,-1,-0.01,-1,-1,-0.01,-1,-1,-0.01,-1,-1,-0.01,-1,-1,-0.01,-1,-1,-0.01,-1,-1
99926009,2026-05-18 13:02:27+05:30,53517.8,0,0.0,0,0.0,0.0,53282.15,53521.55,52783.45,53710.35,0,0.0,0.0,0.0,0.0,-0.01,-1,-1,-0.01,-1,-1,-0.01,-1,-1,-0.01,-1,-1,-0.01,-1,-1,-0.01,-1,-1,-0.01,-1,-1,-0.01,-1,-1,-0.01,-1,-1,-0.01,-1,-1
99926009,2026-05-18 13:02:27+05:30,53519.3,0,0.0,0,0.0,0.0,53282.15,53521.55,52783.45,53710.35,0,0.0,0.0,0.0,0.0,-0.01,-1,-1,-0.01,-1,-1,-0.01,-1,-1,-0.01,-1,-1,-0.01,-1,-1,-0.01,-1,-1,-0.01,-1,-1,-0.01,-1,-1,-0.01,-1,-1,-0.01,-1,-1
99926009,2026-05-18 13:02:28+05:30,53518.8,0,0.0,0,0.0,0.0,53282.15,53521.55,52783.45,53710.35,0,0.0,0.0,0.0,0.0,-0.01,-1,-1,-0.01,-1,-1,-0.01,-1,-1,-0.01,-1,-1,-0.01,-1,-1,-0.01,-1,-1,-0.01,-1,-1,-0.01,-1,-1,-0.01,-1,-1,-0.01,-1,-1
99926009,2026-05-18 13:02:28+05:30,53520.85,0,0.0,0,0.0,0.0,53282.15,53521.55,52783.45,53710.35,0,0.0,0.0,0.0,0.0,-0.01,-1,-1,-0.01,-1,-1,-0.01,-1,-1,-0.01,-1,-1,-0.01,-1,-1,-0.01,-1,-1,-0.01,-1,-1,-0.01,-1,-1,-0.01,-1,-1,-0.01,-1,-1
99926009,2026-05-18 13:02:29+05:30,53522.85,0,0.0,0,0.0,0.0,53282.15,53523.7,52783.45,53710.35,0,0.0,0.0,0.0,0.0,-0.01,-1,-1,-0.01,-1,-1,-0.01,-1,-1,-0.01,-1,-1,-0.01,-1,-1,-0.01,-1,-1,-0.01,-1,-1,-0.01,-1,-1,-0.01,-1,-1,-0.01,-1,-1
99926009,2026-05-18 13:02:29+05:30,53520.85,0,0.0,0,0.0,0.0,53282.15,53523.7,52783.45,53710.35,0,0.0,0.0,0.0,0.0,-0.01,-1,-1,-0.01,-1,-1,-0.01,-1,-1,-0.01,-1,-1,-0.01,-1,-1,-0.01,-1,-1,-0.01,-1,-1,-0.01,-1,-1,-0.01,-1,-1,-0.01,-1,-1
99926009,2026-05-18 13:02:30+05:30,53520.2,0,0.0,0,0.0,0.0,53282.15,53523.7,52783.45,53710.35,0,0.0,0.0,0.0,0.0,-0.01,-1,-1,-0.01,-1,-1,-0.01,-1,-1,-0.01,-1,-1,-0.01,-1,-1,-0.01,-1,-1,-0.01,-1,-1,-0.01,-1,-1,-0.01,-1,-1,-0.01,-1,-1
99926009,2026-05-18 13:02:30+05:30,53521.7,0,0.0,0,0.0,0.0,53282.15,53523.7,52783.45,53710.35,0,0.0,0.0,0.0,0.0,-0.01,-1,-1,-0.01,-1,-1,-0.01,-1,-1,-0.01,-1,-1,-0.01,-1,-1,-0.01,-1,-1,-0.01,-1,-1,-0.01,-1,-1,-0.01,-1,-1,-0.01,-1,-1
99926009,2026-05-18 13:02:31+05:30,53520.4,0,0.0,0,0.0,0.0,53282.15,53523.7,52783.45,53710.35,0,0.0,0.0,0.0,0.0,-0.01,-1,-1,-0.01,-1,-1,-0.01,-1,-1,-0.01,-1,-1,-0.01,-1,-1,-0.01,-1,-1,-0.01,-1,-1,-0.01,-1,-1,-0.01,-1,-1,-0.01,-1,-1
99926009,2026-05-18 13:02:31+05:30,53521.8,0,0.0,0,0.0,0.0,53282.15,53523.7,52783.45,53710.35,0,0.0,0.0,0.0,0.0,-0.01,-1,-1,-0.01,-1,-1,-0.01,-1,-1,-0.01,-1,-1,-0.01,-1,-1,-0.01,-1,-1,-0.01,-1,-1,-0.01,-1,-1,-0.01,-1,-1,-0.01,-1,-1
99926009,2026-05-18 13:02:32+05:30,53521.35,0,0.0,0,0.0,0.0,53282.15,53523.7,52783.45,53710.35,0,0.0,0.0,0.0,0.0,-0.01,-1,-1,-0.01,-1,-1,-0.01,-1,-1,-0.01,-1,-1,-0.01,-1,-1,-0.01,-1,-1,-0.01,-1,-1,-0.01,-1,-1,-0.01,-1,-1,-0.01,-1,-1
99926009,2026-05-18 13:02:32+05:30,53522.2,0,0.0,0,0.0,0.0,53282.15,53523.9,52783.45,53710.35,0,0.0,0.0,0.0,0.0,-0.01,-1,-1,-0.01,-1,-1,-0.01,-1,-1,-0.01,-1,-1,-0.01,-1,-1,-0.01,-1,-1,-0.01,-1,-1,-0.01,-1,-1,-0.01,-1,-1,-0.01,-1,-1
99926009,2026-05-18 13:02:33+05:30,53518.25,0,0.0,0,0.0,0.0,53282.15,53523.9,52783.45,53710.35,0,0.0,0.0,0.0,0.0,-0.01,-1,-1,-0.01,-1,-1,-0.01,-1,-1,-0.01,-1,-1,-0.01,-1,-1,-0.01,-1,-1,-0.01,-1,-1,-0.01,-1,-1,-0.01,-1,-1,-0.01,-1,-1
99926009,2026-05-18 13:02:33+05:30,53521.7,0,0.0,0,0.0,0.0,53282.15,53523.9,52783.45,53710.35,0,0.0,0.0,0.0,0.0,-0.01,-1,-1,-0.01,-1,-1,-0.01,-1,-1,-0.01,-1,-1,-0.01,-1,-1,-0.01,-1,-1,-0.01,-1,-1,-0.01,-1,-1,-0.01,-1,-1,-0.01,-1,-1
99926009,2026-05-18 13:02:34+05:30,53522.8,0,0.0,0,0.0,0.0,53282.15,53523.9,52783.45,53710.35,0,0.0,0.0,0.0,0.0,-0.01,-1,-1,-0.01,-1,-1,-0.01,-1,-1,-0.01,-1,-1,-0.01,-1,-1,-0.01,-1,-1,-0.01,-1,-1,-0.01,-1,-1,-0.01,-1,-1,-0.01,-1,-1
99926009,2026-05-18 13:02:34+05:30,53527.55,0,0.0,0,0.0,0.0,53282.15,53527.55,52783.45,53710.35,0,0.0,0.0,0.0,0.0,-0.01,-1,-1,-0.01,-1,-1,-0.01,-1,-1,-0.01,-1,-1,-0.01,-1,-1,-0.01,-1,-1,-0.01,-1,-1,-0.01,-1,-1,-0.01,-1,-1,-0.01,-1,-1
99926009,2026-05-18 13:02:35+05:30,53528.25,0,0.0,0,0.0,0.0,53282.15,53530.55,52783.45,53710.35,0,0.0,0.0,0.0,0.0,-0.01,-1,-1,-0.01,-1,-1,-0.01,-1,-1,-0.01,-1,-1,-0.01,-1,-1,-0.01,-1,-1,-0.01,-1,-1,-0.01,-1,-1,-0.01,-1,-1,-0.01,-1,-1
99926009,2026-05-18 13:02:35+05:30,53532.7,0,0.0,0,0.0,0.0,53282.15,53532.7,52783.45,53710.35,0,0.0,0.0,0.0,0.0,-0.01,-1,-1,-0.01,-1,-1,-0.01,-1,-1,-0.01,-1,-1,-0.01,-1,-1,-0.01,-1,-1,-0.01,-1,-1,-0.01,-1,-1,-0.01,-1,-1,-0.01,-1,-1
99926009,2026-05-18 13:02:36+05:30,53527.65,0,0.0,0,0.0,0.0,53282.15,53532.75,52783.45,53710.35,0,0.0,0.0,0.0,0.0,-0.01,-1,-1,-0.01,-1,-1,-0.01,-1,-1,-0.01,-1,-1,-0.01,-1,-1,-0.01,-1,-1,-0.01,-1,-1,-0.01,-1,-1,-0.01,-1,-1,-0.01,-1,-1
99926009,2026-05-18 13:02:36+05:30,53526.2,0,0.0,0,0.0,0.0,53282.15,53532.75,52783.45,53710.35,0,0.0,0.0,0.0,0.0,-0.01,-1,-1,-0.01,-1,-1,-0.01,-1,-1,-0.01,-1,-1,-0.01,-1,-1,-0.01,-1,-1,-0.01,-1,-1,-0.01,-1,-1,-0.01,-1,-1,-0.01,-1,-1
99926009,2026-05-18 13:02:37+05:30,53525.35,0,0.0,0,0.0,0.0,53282.15,53532.75,52783.45,53710.35,0,0.0,0.0,0.0,0.0,-0.01,-1,-1,-0.01,-1,-1,-0.01,-1,-1,-0.01,-1,-1,-0.01,-1,-1,-0.01,-1,-1,-0.01,-1,-1,-0.01,-1,-1,-0.01,-1,-1,-0.01,-1,-1
99926009,2026-05-18 13:02:37+05:30,53528.6,0,0.0,0,0.0,0.0,53282.15,53532.75,52783.45,53710.35,0,0.0,0.0,0.0,0.0,-0.01,-1,-1,-0.01,-1,-1,-0.01,-1,-1,-0.01,-1,-1,-0.01,-1,-1,-0.01,-1,-1,-0.01,-1,-1,-0.01,-1,-1,-0.01,-1,-1,-0.01,-1,-1
99926009,2026-05-18 13:02:38+05:30,53525.95,0,0.0,0,0.0,0.0,53282.15,53532.75,52783.45,53710.35,0,0.0,0.0,0.0,0.0,-0.01,-1,-1,-0.01,-1,-1,-0.01,-1,-1,-0.01,-1,-1,-0.01,-1,-1,-0.01,-1,-1,-0.01,-1,-1,-0.01,-1,-1,-0.01,-1,-1,-0.01,-1,-1
99926009,2026-05-18 13:02:38+05:30,53523.1,0,0.0,0,0.0,0.0,53282.15,53532.75,52783.45,53710.35,0,0.0,0.0,0.0,0.0,-0.01,-1,-1,-0.01,-1,-1,-0.01,-1,-1,-0.01,-1,-1,-0.01,-1,-1,-0.01,-1,-1,-0.01,-1,-1,-0.01,-1,-1,-0.01,-1,-1,-0.01,-1,-1
99926009,2026-05-18 13:02:39+05:30,53524.0,0,0.0,0,0.0,0.0,53282.15,53532.75,52783.45,53710.35,0,0.0,0.0,0.0,0.0,-0.01,-1,-1,-0.01,-1,-1,-0.01,-1,-1,-0.01,-1,-1,-0.01,-1,-1,-0.01,-1,-1,-0.01,-1,-1,-0.01,-1,-1,-0.01,-1,-1,-0.01,-1,-1
99926009,2026-05-18 13:02:39+05:30,53525.75,0,0.0,0,0.0,0.0,53282.15,53532.75,52783.45,53710.35,0,0.0,0.0,0.0,0.0,-0.01,-1,-1,-0.01,-1,-1,-0.01,-1,-1,-0.01,-1,-1,-0.01,-1,-1,-0.01,-1,-1,-0.01,-1,-1,-0.01,-1,-1,-0.01,-1,-1,-0.01,-1,-1
99926009,2026-05-18 13:02:40+05:30,53525.05,0,0.0,0,0.0,0.0,53282.15,53532.75,52783.45,53710.35,0,0.0,0.0,0.0,0.0,-0.01,-1,-1,-0.01,-1,-1,-0.01,-1,-1,-0.01,-1,-1,-0.01,-1,-1,-0.01,-1,-1,-0.01,-1,-1,-0.01,-1,-1,-0.01,-1,-1,-0.01,-1,-1
99926009,2026-05-18 13:02:40+05:30,53524.1,0,0.0,0,0.0,0.0,53282.15,53532.75,52783.45,53710.35,0,0.0,0.0,0.0,0.0,-0.01,-1,-1,-0.01,-1,-1,-0.01,-1,-1,-0.01,-1,-1,-0.01,-1,-1,-0.01,-1,-1,-0.01,-1,-1,-0.01,-1,-1,-0.01,-1,-1,-0.01,-1,-1
99926009,2026-05-18 13:02:41+05:30,53522.35,0,0.0,0,0.0,0.0,53282.15,53532.75,52783.45,53710.35,0,0.0,0.0,0.0,0.0,-0.01,-1,-1,-0.01,-1,-1,-0.01,-1,-1,-0.01,-1,-1,-0.01,-1,-1,-0.01,-1,-1,-0.01,-1,-1,-0.01,-1,-1,-0.01,-1,-1,-0.01,-1,-1
99926009,2026-05-18 13:02:41+05:30,53522.95,0,0.0,0,0.0,0.0,53282.15,53532.75,52783.45,53710.35,0,0.0,0.0,0.0,0.0,-0.01,-1,-1,-0.01,-1,-1,-0.01,-1,-1,-0.01,-1,-1,-0.01,-1,-1,-0.01,-1,-1,-0.01,-1,-1,-0.01,-1,-1,-0.01,-1,-1,-0.01,-1,-1
99926009,2026-05-18 13:02:42+05:30,53519.9,0,0.0,0,0.0,0.0,53282.15,53532.75,52783.45,53710.35,0,0.0,0.0,0.0,0.0,-0.01,-1,-1,-0.01,-1,-1,-0.01,-1,-1,-0.01,-1,-1,-0.01,-1,-1,-0.01,-1,-1,-0.01,-1,-1,-0.01,-1,-1,-0.01,-1,-1,-0.01,-1,-1
99926009,2026-05-18 13:02:42+05:30,53522.1,0,0.0,0,0.0,0.0,53282.15,53532.75,52783.45,53710.35,0,0.0,0.0,0.0,0.0,-0.01,-1,-1,-0.01,-1,-1,-0.01,-1,-1,-0.01,-1,-1,-0.01,-1,-1,-0.01,-1,-1,-0.01,-1,-1,-0.01,-1,-1,-0.01,-1,-1,-0.01,-1,-1
99926009,2026-05-18 13:02:43+05:30,53522.55,0,0.0,0,0.0,0.0,53282.15,53532.75,52783.45,53710.35,0,0.0,0.0,0.0,0.0,-0.01,-1,-1,-0.01,-1,-1,-0.01,-1,-1,-0.01,-1,-1,-0.01,-1,-1,-0.01,-1,-1,-0.01,-1,-1,-0.01,-1,-1,-0.01,-1,-1,-0.01,-1,-1
99926009,2026-05-18 13:02:43+05:30,53521.85,0,0.0,0,0.0,0.0,53282.15,53532.75,52783.45,53710.35,0,0.0,0.0,0.0,0.0,-0.01,-1,-1,-0.01,-1,-1,-0.01,-1,-1,-0.01,-1,-1,-0.01,-1,-1,-0.01,-1,-1,-0.01,-1,-1,-0.01,-1,-1,-0.01,-1,-1,-0.01,-1,-1
99926009,2026-05-18 13:02:44+05:30,53519.45,0,0.0,0,0.0,0.0,53282.15,53532.75,52783.45,53710.35,0,0.0,0.0,0.0,0.0,-0.01,-1,-1,-0.01,-1,-1,-0.01,-1,-1,-0.01,-1,-1,-0.01,-1,-1,-0.01,-1,-1,-0.01,-1,-1,-0.01,-1,-1,-0.01,-1,-1,-0.01,-1,-1
99926009,2026-05-18 13:02:44+05:30,53521.05,0,0.0,0,0.0,0.0,53282.15,53532.75,52783.45,53710.35,0,0.0,0.0,0.0,0.0,-0.01,-1,-1,-0.01,-1,-1,-0.01,-1,-1,-0.01,-1,-1,-0.01,-1,-1,-0.01,-1,-1,-0.01,-1,-1,-0.01,-1,-1,-0.01,-1,-1,-0.01,-1,-1
99926009,2026-05-18 13:02:45+05:30,53519.45,0,0.0,0,0.0,0.0,53282.15,53532.75,52783.45,53710.35,0,0.0,0.0,0.0,0.0,-0.01,-1,-1,-0.01,-1,-1,-0.01,-1,-1,-0.01,-1,-1,-0.01,-1,-1,-0.01,-1,-1,-0.01,-1,-1,-0.01,-1,-1,-0.01,-1,-1,-0.01,-1,-1
99926009,2026-05-18 13:02:45+05:30,53523.75,0,0.0,0,0.0,0.0,53282.15,53532.75,52783.45,53710.35,0,0.0,0.0,0.0,0.0,-0.01,-1,-1,-0.01,-1,-1,-0.01,-1,-1,-0.01,-1,-1,-0.01,-1,-1,-0.01,-1,-1,-0.01,-1,-1,-0.01,-1,-1,-0.01,-1,-1,-0.01,-1,-1
99926009,2026-05-18 13:02:46+05:30,53522.8,0,0.0,0,0.0,0.0,53282.15,53532.75,52783.45,53710.35,0,0.0,0.0,0.0,0.0,-0.01,-1,-1,-0.01,-1,-1,-0.01,-1,-1,-0.01,-1,-1,-0.01,-1,-1,-0.01,-1,-1,-0.01,-1,-1,-0.01,-1,-1,-0.01,-1,-1,-0.01,-1,-1
99926009,2026-05-18 13:02:46+05:30,53526.0,0,0.0,0,0.0,0.0,53282.15,53532.75,52783.45,53710.35,0,0.0,0.0,0.0,0.0,-0.01,-1,-1,-0.01,-1,-1,-0.01,-1,-1,-0.01,-1,-1,-0.01,-1,-1,-0.01,-1,-1,-0.01,-1,-1,-0.01,-1,-1,-0.01,-1,-1,-0.01,-1,-1
99926009,2026-05-18 13:02:47+05:30,53524.35,0,0.0,0,0.0,0.0,53282.15,53532.75,52783.45,53710.35,0,0.0,0.0,0.0,0.0,-0.01,-1,-1,-0.01,-1,-1,-0.01,-1,-1,-0.01,-1,-1,-0.01,-1,-1,-0.01,-1,-1,-0.01,-1,-1,-0.01,-1,-1,-0.01,-1,-1,-0.01,-1,-1
99926009,2026-05-18 13:02:47+05:30,53524.35,0,0.0,0,0.0,0.0,53282.15,53532.75,52783.45,53710.35,0,0.0,0.0,0.0,0.0,-0.01,-1,-1,-0.01,-1,-1,-0.01,-1,-1,-0.01,-1,-1,-0.01,-1,-1,-0.01,-1,-1,-0.01,-1,-1,-0.01,-1,-1,-0.01,-1,-1,-0.01,-1,-1
99926009,2026-05-18 13:02:48+05:30,53520.25,0,0.0,0,0.0,0.0,53282.15,53532.75,52783.45,53710.35,0,0.0,0.0,0.0,0.0,-0.01,-1,-1,-0.01,-1,-1,-0.01,-1,-1,-0.01,-1,-1,-0.01,-1,-1,-0.01,-1,-1,-0.01,-1,-1,-0.01,-1,-1,-0.01,-1,-1,-0.01,-1,-1
99926009,2026-05-18 13:02:48+05:30,53519.65,0,0.0,0,0.0,0.0,53282.15,53532.75,52783.45,53710.35,0,0.0,0.0,0.0,0.0,-0.01,-1,-1,-0.01,-1,-1,-0.01,-1,-1,-0.01,-1,-1,-0.01,-1,-1,-0.01,-1,-1,-0.01,-1,-1,-0.01,-1,-1,-0.01,-1,-1,-0.01,-1,-1
99926009,2026-05-18 13:02:49+05:30,53519.0,0,0.0,0,0.0,0.0,53282.15,53532.75,52783.45,53710.35,0,0.0,0.0,0.0,0.0,-0.01,-1,-1,-0.01,-1,-1,-0.01,-1,-1,-0.01,-1,-1,-0.01,-1,-1,-0.01,-1,-1,-0.01,-1,-1,-0.01,-1,-1,-0.01,-1,-1,-0.01,-1,-1
99926009,2026-05-18 13:02:49+05:30,53517.0,0,0.0,0,0.0,0.0,53282.15,53532.75,52783.45,53710.35,0,0.0,0.0,0.0,0.0,-0.01,-1,-1,-0.01,-1,-1,-0.01,-1,-1,-0.01,-1,-1,-0.01,-1,-1,-0.01,-1,-1,-0.01,-1,-1,-0.01,-1,-1,-0.01,-1,-1,-0.01,-1,-1
99926009,2026-05-18 13:02:50+05:30,53520.6,0,0.0,0,0.0,0.0,53282.15,53532.75,52783.45,53710.35,0,0.0,0.0,0.0,0.0,-0.01,-1,-1,-0.01,-1,-1,-0.01,-1,-1,-0.01,-1,-1,-0.01,-1,-1,-0.01,-1,-1,-0.01,-1,-1,-0.01,-1,-1,-0.01,-1,-1,-0.01,-1,-1
99926009,2026-05-18 13:02:50+05:30,53522.2,0,0.0,0,0.0,0.0,53282.15,53532.75,52783.45,53710.35,0,0.0,0.0,0.0,0.0,-0.01,-1,-1,-0.01,-1,-1,-0.01,-1,-1,-0.01,-1,-1,-0.01,-1,-1,-0.01,-1,-1,-0.01,-1,-1,-0.01,-1,-1,-0.01,-1,-1,-0.01,-1,-1
99926009,2026-05-18 13:02:51+05:30,53522.8,0,0.0,0,0.0,0.0,53282.15,53532.75,52783.45,53710.35,0,0.0,0.0,0.0,0.0,-0.01,-1,-1,-0.01,-1,-1,-0.01,-1,-1,-0.01,-1,-1,-0.01,-1,-1,-0.01,-1,-1,-0.01,-1,-1,-0.01,-1,-1,-0.01,-1,-1,-0.01,-1,-1
99926009,2026-05-18 13:02:51+05:30,53526.4,0,0.0,0,0.0,0.0,53282.15,53532.75,52783.45,53710.35,0,0.0,0.0,0.0,0.0,-0.01,-1,-1,-0.01,-1,-1,-0.01,-1,-1,-0.01,-1,-1,-0.01,-1,-1,-0.01,-1,-1,-0.01,-1,-1,-0.01,-1,-1,-0.01,-1,-1,-0.01,-1,-1
99926009,2026-05-18 13:02:52+05:30,53525.9,0,0.0,0,0.0,0.0,53282.15,53532.75,52783.45,53710.35,0,0.0,0.0,0.0,0.0,-0.01,-1,-1,-0.01,-1,-1,-0.01,-1,-1,-0.01,-1,-1,-0.01,-1,-1,-0.01,-1,-1,-0.01,-1,-1,-0.01,-1,-1,-0.01,-1,-1,-0.01,-1,-1
99926009,2026-05-18 13:02:52+05:30,53525.45,0,0.0,0,0.0,0.0,53282.15,53532.75,52783.45,53710.35,0,0.0,0.0,0.0,0.0,-0.01,-1,-1,-0.01,-1,-1,-0.01,-1,-1,-0.01,-1,-1,-0.01,-1,-1,-0.01,-1,-1,-0.01,-1,-1,-0.01,-1,-1,-0.01,-1,-1,-0.01,-1,-1
99926009,2026-05-18 13:02:53+05:30,53525.5,0,0.0,0,0.0,0.0,53282.15,53532.75,52783.45,53710.35,0,0.0,0.0,0.0,0.0,-0.01,-1,-1,-0.01,-1,-1,-0.01,-1,-1,-0.01,-1,-1,-0.01,-1,-1,-0.01,-1,-1,-0.01,-1,-1,-0.01,-1,-1,-0.01,-1,-1,-0.01,-1,-1
99926009,2026-05-18 13:02:53+05:30,53523.4,0,0.0,0,0.0,0.0,53282.15,53532.75,52783.45,53710.35,0,0.0,0.0,0.0,0.0,-0.01,-1,-1,-0.01,-1,-1,-0.01,-1,-1,-0.01,-1,-1,-0.01,-1,-1,-0.01,-1,-1,-0.01,-1,-1,-0.01,-1,-1,-0.01,-1,-1,-0.01,-1,-1
99926009,2026-05-18 13:02:54+05:30,53521.25,0,0.0,0,0.0,0.0,53282.15,53532.75,52783.45,53710.35,0,0.0,0.0,0.0,0.0,-0.01,-1,-1,-0.01,-1,-1,-0.01,-1,-1,-0.01,-1,-1,-0.01,-1,-1,-0.01,-1,-1,-0.01,-1,-1,-0.01,-1,-1,-0.01,-1,-1,-0.01,-1,-1
99926009,2026-05-18 13:02:54+05:30,53525.6,0,0.0,0,0.0,0.0,53282.15,53532.75,52783.45,53710.35,0,0.0,0.0,0.0,0.0,-0.01,-1,-1,-0.01,-1,-1,-0.01,-1,-1,-0.01,-1,-1,-0.01,-1,-1,-0.01,-1,-1,-0.01,-1,-1,-0.01,-1,-1,-0.01,-1,-1,-0.01,-1,-1
99926009,2026-05-18 13:02:55+05:30,53524.2,0,0.0,0,0.0,0.0,53282.15,53532.75,52783.45,53710.35,0,0.0,0.0,0.0,0.0,-0.01,-1,-1,-0.01,-1,-1,-0.01,-1,-1,-0.01,-1,-1,-0.01,-1,-1,-0.01,-1,-1,-0.01,-1,-1,-0.01,-1,-1,-0.01,-1,-1,-0.01,-1,-1
99926009,2026-05-18 13:02:55+05:30,53522.15,0,0.0,0,0.0,0.0,53282.15,53532.75,52783.45,53710.35,0,0.0,0.0,0.0,0.0,-0.01,-1,-1,-0.01,-1,-1,-0.01,-1,-1,-0.01,-1,-1,-0.01,-1,-1,-0.01,-1,-1,-0.01,-1,-1,-0.01,-1,-1,-0.01,-1,-1,-0.01,-1,-1
99926009,2026-05-18 13:02:56+05:30,53522.75,0,0.0,0,0.0,0.0,53282.15,53532.75,52783.45,53710.35,0,0.0,0.0,0.0,0.0,-0.01,-1,-1,-0.01,-1,-1,-0.01,-1,-1,-0.01,-1,-1,-0.01,-1,-1,-0.01,-1,-1,-0.01,-1,-1,-0.01,-1,-1,-0.01,-1,-1,-0.01,-1,-1
99926009,2026-05-18 13:02:56+05:30,53521.45,0,0.0,0,0.0,0.0,53282.15,53532.75,52783.45,53710.35,0,0.0,0.0,0.0,0.0,-0.01,-1,-1,-0.01,-1,-1,-0.01,-1,-1,-0.01,-1,-1,-0.01,-1,-1,-0.01,-1,-1,-0.01,-1,-1,-0.01,-1,-1,-0.01,-1,-1,-0.01,-1,-1
99926009,2026-05-18 13:02:57+05:30,53523.7,0,0.0,0,0.0,0.0,53282.15,53532.75,52783.45,53710.35,0,0.0,0.0,0.0,0.0,-0.01,-1,-1,-0.01,-1,-1,-0.01,-1,-1,-0.01,-1,-1,-0.01,-1,-1,-0.01,-1,-1,-0.01,-1,-1,-0.01,-1,-1,-0.01,-1,-1,-0.01,-1,-1
99926009,2026-05-18 13:02:57+05:30,53523.35,0,0.0,0,0.0,0.0,53282.15,53532.75,52783.45,53710.35,0,0.0,0.0,0.0,0.0,-0.01,-1,-1,-0.01,-1,-1,-0.01,-1,-1,-0.01,-1,-1,-0.01,-1,-1,-0.01,-1,-1,-0.01,-1,-1,-0.01,-1,-1,-0.01,-1,-1,-0.01,-1,-1
99926009,2026-05-18 13:02:58+05:30,53522.15,0,0.0,0,0.0,0.0,53282.15,53532.75,52783.45,53710.35,0,0.0,0.0,0.0,0.0,-0.01,-1,-1,-0.01,-1,-1,-0.01,-1,-1,-0.01,-1,-1,-0.01,-1,-1,-0.01,-1,-1,-0.01,-1,-1,-0.01,-1,-1,-0.01,-1,-1,-0.01,-1,-1
99926009,2026-05-18 13:02:58+05:30,53521.85,0,0.0,0,0.0,0.0,53282.15,53532.75,52783.45,53710.35,0,0.0,0.0,0.0,0.0,-0.01,-1,-1,-0.01,-1,-1,-0.01,-1,-1,-0.01,-1,-1,-0.01,-1,-1,-0.01,-1,-1,-0.01,-1,-1,-0.01,-1,-1,-0.01,-1,-1,-0.01,-1,-1
99926009,2026-05-18 13:02:59+05:30,53525.8,0,0.0,0,0.0,0.0,53282.15,53532.75,52783.45,53710.35,0,0.0,0.0,0.0,0.0,-0.01,-1,-1,-0.01,-1,-1,-0.01,-1,-1,-0.01,-1,-1,-0.01,-1,-1,-0.01,-1,-1,-0.01,-1,-1,-0.01,-1,-1,-0.01,-1,-1,-0.01,-1,-1
99926009,2026-05-18 13:02:59+05:30,53528.3,0,0.0,0,0.0,0.0,53282.15,53532.75,52783.45,53710.35,0,0.0,0.0,0.0,0.0,-0.01,-1,-1,-0.01,-1,-1,-0.01,-1,-1,-0.01,-1,-1,-0.01,-1,-1,-0.01,-1,-1,-0.01,-1,-1,-0.01,-1,-1,-0.01,-1,-1,-0.01,-1,-1
99926009,2026-05-18 13:03:00+05:30,53525.9,0,0.0,0,0.0,0.0,53282.15,53532.75,52783.45,53710.35,0,0.0,0.0,0.0,0.0,-0.01,-1,-1,-0.01,-1,-1,-0.01,-1,-1,-0.01,-1,-1,-0.01,-1,-1,-0.01,-1,-1,-0.01,-1,-1,-0.01,-1,-1,-0.01,-1,-1,-0.01,-1,-1
99926009,2026-05-18 13:03:00+05:30,53531.85,0,0.0,0,0.0,0.0,53282.15,53536.1,52783.45,53710.35,0,0.0,0.0,0.0,0.0,-0.01,-1,-1,-0.01,-1,-1,-0.01,-1,-1,-0.01,-1,-1,-0.01,-1,-1,-0.01,-1,-1,-0.01,-1,-1,-0.01,-1,-1,-0.01,-1,-1,-0.01,-1,-1
99926009,2026-05-18 13:03:01+05:30,53533.55,0,0.0,0,0.0,0.0,53282.15,53536.1,52783.45,53710.35,0,0.0,0.0,0.0,0.0,-0.01,-1,-1,-0.01,-1,-1,-0.01,-1,-1,-0.01,-1,-1,-0.01,-1,-1,-0.01,-1,-1,-0.01,-1,-1,-0.01,-1,-1,-0.01,-1,-1,-0.01,-1,-1
99926009,2026-05-18 13:03:01+05:30,53536.5,0,0.0,0,0.0,0.0,53282.15,53536.5,52783.45,53710.35,0,0.0,0.0,0.0,0.0,-0.01,-1,-1,-0.01,-1,-1,-0.01,-1,-1,-0.01,-1,-1,-0.01,-1,-1,-0.01,-1,-1,-0.01,-1,-1,-0.01,-1,-1,-0.01,-1,-1,-0.01,-1,-1
99926009,2026-05-18 13:03:02+05:30,53535.55,0,0.0,0,0.0,0.0,53282.15,53536.5,52783.45,53710.35,0,0.0,0.0,0.0,0.0,-0.01,-1,-1,-0.01,-1,-1,-0.01,-1,-1,-0.01,-1,-1,-0.01,-1,-1,-0.01,-1,-1,-0.01,-1,-1,-0.01,-1,-1,-0.01,-1,-1,-0.01,-1,-1
99926009,2026-05-18 13:03:02+05:30,53540.5,0,0.0,0,0.0,0.0,53282.15,53540.5,52783.45,53710.35,0,0.0,0.0,0.0,0.0,-0.01,-1,-1,-0.01,-1,-1,-0.01,-1,-1,-0.01,-1,-1,-0.01,-1,-1,-0.01,-1,-1,-0.01,-1,-1,-0.01,-1,-1,-0.01,-1,-1,-0.01,-1,-1
99926009,2026-05-18 13:03:03+05:30,53542.7,0,0.0,0,0.0,0.0,53282.15,53543.1,52783.45,53710.35,0,0.0,0.0,0.0,0.0,-0.01,-1,-1,-0.01,-1,-1,-0.01,-1,-1,-0.01,-1,-1,-0.01,-1,-1,-0.01,-1,-1,-0.01,-1,-1,-0.01,-1,-1,-0.01,-1,-1,-0.01,-1,-1
99926009,2026-05-18 13:03:03+05:30,53540.4,0,0.0,0,0.0,0.0,53282.15,53543.1,52783.45,53710.35,0,0.0,0.0,0.0,0.0,-0.01,-1,-1,-0.01,-1,-1,-0.01,-1,-1,-0.01,-1,-1,-0.01,-1,-1,-0.01,-1,-1,-0.01,-1,-1,-0.01,-1,-1,-0.01,-1,-1,-0.01,-1,-1
99926009,2026-05-18 13:03:04+05:30,53543.2,0,0.0,0,0.0,0.0,53282.15,53543.45,52783.45,53710.35,0,0.0,0.0,0.0,0.0,-0.01,-1,-1,-0.01,-1,-1,-0.01,-1,-1,-0.01,-1,-1,-0.01,-1,-1,-0.01,-1,-1,-0.01,-1,-1,-0.01,-1,-1,-0.01,-1,-1,-0.01,-1,-1
99926009,2026-05-18 13:03:04+05:30,53542.05,0,0.0,0,0.0,0.0,53282.15,53543.45,52783.45,53710.35,0,0.0,0.0,0.0,0.0,-0.01,-1,-1,-0.01,-1,-1,-0.01,-1,-1,-0.01,-1,-1,-0.01,-1,-1,-0.01,-1,-1,-0.01,-1,-1,-0.01,-1,-1,-0.01,-1,-1,-0.01,-1,-1
99926009,2026-05-18 13:03:05+05:30,53537.0,0,0.0,0,0.0,0.0,53282.15,53543.45,52783.45,53710.35,0,0.0,0.0,0.0,0.0,-0.01,-1,-1,-0.01,-1,-1,-0.01,-1,-1,-0.01,-1,-1,-0.01,-1,-1,-0.01,-1,-1,-0.01,-1,-1,-0.01,-1,-1,-0.01,-1,-1,-0.01,-1,-1
99926009,2026-05-18 13:03:05+05:30,53539.55,0,0.0,0,0.0,0.0,53282.15,53543.45,52783.45,53710.35,0,0.0,0.0,0.0,0.0,-0.01,-1,-1,-0.01,-1,-1,-0.01,-1,-1,-0.01,-1,-1,-0.01,-1,-1,-0.01,-1,-1,-0.01,-1,-1,-0.01,-1,-1,-0.01,-1,-1,-0.01,-1,-1
99926009,2026-05-18 13:03:06+05:30,53540.6,0,0.0,0,0.0,0.0,53282.15,53543.45,52783.45,53710.35,0,0.0,0.0,0.0,0.0,-0.01,-1,-1,-0.01,-1,-1,-0.01,-1,-1,-0.01,-1,-1,-0.01,-1,-1,-0.01,-1,-1,-0.01,-1,-1,-0.01,-1,-1,-0.01,-1,-1,-0.01,-1,-1
99926009,2026-05-18 13:03:06+05:30,53539.65,0,0.0,0,0.0,0.0,53282.15,53543.45,52783.45,53710.35,0,0.0,0.0,0.0,0.0,-0.01,-1,-1,-0.01,-1,-1,-0.01,-1,-1,-0.01,-1,-1,-0.01,-1,-1,-0.01,-1,-1,-0.01,-1,-1,-0.01,-1,-1,-0.01,-1,-1,-0.01,-1,-1
99926009,2026-05-18 13:03:07+05:30,53540.25,0,0.0,0,0.0,0.0,53282.15,53543.45,52783.45,53710.35,0,0.0,0.0,0.0,0.0,-0.01,-1,-1,-0.01,-1,-1,-0.01,-1,-1,-0.01,-1,-1,-0.01,-1,-1,-0.01,-1,-1,-0.01,-1,-1,-0.01,-1,-1,-0.01,-1,-1,-0.01,-1,-1
99926009,2026-05-18 13:03:07+05:30,53539.65,0,0.0,0,0.0,0.0,53282.15,53543.45,52783.45,53710.35,0,0.0,0.0,0.0,0.0,-0.01,-1,-1,-0.01,-1,-1,-0.01,-1,-1,-0.01,-1,-1,-0.01,-1,-1,-0.01,-1,-1,-0.01,-1,-1,-0.01,-1,-1,-0.01,-1,-1,-0.01,-1,-1
99926009,2026-05-18 13:03:08+05:30,53539.7,0,0.0,0,0.0,0.0,53282.15,53543.45,52783.45,53710.35,0,0.0,0.0,0.0,0.0,-0.01,-1,-1,-0.01,-1,-1,-0.01,-1,-1,-0.01,-1,-1,-0.01,-1,-1,-0.01,-1,-1,-0.01,-1,-1,-0.01,-1,-1,-0.01,-1,-1,-0.01,-1,-1
99926009,2026-05-18 13:03:08+05:30,53540.05,0,0.0,0,0.0,0.0,53282.15,53543.45,52783.45,53710.35,0,0.0,0.0,0.0,0.0,-0.01,-1,-1,-0.01,-1,-1,-0.01,-1,-1,-0.01,-1,-1,-0.01,-1,-1,-0.01,-1,-1,-0.01,-1,-1,-0.01,-1,-1,-0.01,-1,-1,-0.01,-1,-1
99926009,2026-05-18 13:03:09+05:30,53538.9,0,0.0,0,0.0,0.0,53282.15,53543.45,52783.45,53710.35,0,0.0,0.0,0.0,0.0,-0.01,-1,-1,-0.01,-1,-1,-0.01,-1,-1,-0.01,-1,-1,-0.01,-1,-1,-0.01,-1,-1,-0.01,-1,-1,-0.01,-1,-1,-0.01,-1,-1,-0.01,-1,-1
99926009,2026-05-18 13:03:09+05:30,53544.0,0,0.0,0,0.0,0.0,53282.15,53544.0,52783.45,53710.35,0,0.0,0.0,0.0,0.0,-0.01,-1,-1,-0.01,-1,-1,-0.01,-1,-1,-0.01,-1,-1,-0.01,-1,-1,-0.01,-1,-1,-0.01,-1,-1,-0.01,-1,-1,-0.01,-1,-1,-0.01,-1,-1
99926009,2026-05-18 13:03:10+05:30,53548.6,0,0.0,0,0.0,0.0,53282.15,53548.6,52783.45,53710.35,0,0.0,0.0,0.0,0.0,-0.01,-1,-1,-0.01,-1,-1,-0.01,-1,-1,-0.01,-1,-1,-0.01,-1,-1,-0.01,-1,-1,-0.01,-1,-1,-0.01,-1,-1,-0.01,-1,-1,-0.01,-1,-1
99926009,2026-05-18 13:03:10+05:30,53549.8,0,0.0,0,0.0,0.0,53282.15,53550.35,52783.45,53710.35,0,0.0,0.0,0.0,0.0,-0.01,-1,-1,-0.01,-1,-1,-0.01,-1,-1,-0.01,-1,-1,-0.01,-1,-1,-0.01,-1,-1,-0.01,-1,-1,-0.01,-1,-1,-0.01,-1,-1,-0.01,-1,-1
99926009,2026-05-18 13:03:11+05:30,53547.05,0,0.0,0,0.0,0.0,53282.15,53550.35,52783.45,53710.35,0,0.0,0.0,0.0,0.0,-0.01,-1,-1,-0.01,-1,-1,-0.01,-1,-1,-0.01,-1,-1,-0.01,-1,-1,-0.01,-1,-1,-0.01,-1,-1,-0.01,-1,-1,-0.01,-1,-1,-0.01,-1,-1
99926009,2026-05-18 13:03:11+05:30,53545.9,0,0.0,0,0.0,0.0,53282.15,53550.65,52783.45,53710.35,0,0.0,0.0,0.0,0.0,-0.01,-1,-1,-0.01,-1,-1,-0.01,-1,-1,-0.01,-1,-1,-0.01,-1,-1,-0.01,-1,-1,-0.01,-1,-1,-0.01,-1,-1,-0.01,-1,-1,-0.01,-1,-1
99926009,2026-05-18 13:03:12+05:30,53545.35,0,0.0,0,0.0,0.0,53282.15,53550.65,52783.45,53710.35,0,0.0,0.0,0.0,0.0,-0.01,-1,-1,-0.01,-1,-1,-0.01,-1,-1,-0.01,-1,-1,-0.01,-1,-1,-0.01,-1,-1,-0.01,-1,-1,-0.01,-1,-1,-0.01,-1,-1,-0.01,-1,-1
99926009,2026-05-18 13:03:12+05:30,53549.1,0,0.0,0,0.0,0.0,53282.15,53550.65,52783.45,53710.35,0,0.0,0.0,0.0,0.0,-0.01,-1,-1,-0.01,-1,-1,-0.01,-1,-1,-0.01,-1,-1,-0.01,-1,-1,-0.01,-1,-1,-0.01,-1,-1,-0.01,-1,-1,-0.01,-1,-1,-0.01,-1,-1
99926009,2026-05-18 13:03:13+05:30,53547.15,0,0.0,0,0.0,0.0,53282.15,53550.65,52783.45,53710.35,0,0.0,0.0,0.0,0.0,-0.01,-1,-1,-0.01,-1,-1,-0.01,-1,-1,-0.01,-1,-1,-0.01,-1,-1,-0.01,-1,-1,-0.01,-1,-1,-0.01,-1,-1,-0.01,-1,-1,-0.01,-1,-1
99926009,2026-05-18 13:03:13+05:30,53546.4,0,0.0,0,0.0,0.0,53282.15,53550.65,52783.45,53710.35,0,0.0,0.0,0.0,0.0,-0.01,-1,-1,-0.01,-1,-1,-0.01,-1,-1,-0.01,-1,-1,-0.01,-1,-1,-0.01,-1,-1,-0.01,-1,-1,-0.01,-1,-1,-0.01,-1,-1,-0.01,-1,-1
99926009,2026-05-18 13:03:14+05:30,53550.1,0,0.0,0,0.0,0.0,53282.15,53550.65,52783.45,53710.35,0,0.0,0.0,0.0,0.0,-0.01,-1,-1,-0.01,-1,-1,-0.01,-1,-1,-0.01,-1,-1,-0.01,-1,-1,-0.01,-1,-1,-0.01,-1,-1,-0.01,-1,-1,-0.01,-1,-1,-0.01,-1,-1
99926009,2026-05-18 13:03:14+05:30,53545.5,0,0.0,0,0.0,0.0,53282.15,53550.65,52783.45,53710.35,0,0.0,0.0,0.0,0.0,-0.01,-1,-1,-0.01,-1,-1,-0.01,-1,-1,-0.01,-1,-1,-0.01,-1,-1,-0.01,-1,-1,-0.01,-1,-1,-0.01,-1,-1,-0.01,-1,-1,-0.01,-1,-1
99926009,2026-05-18 13:03:15+05:30,53549.5,0,0.0,0,0.0,0.0,53282.15,53550.65,52783.45,53710.35,0,0.0,0.0,0.0,0.0,-0.01,-1,-1,-0.01,-1,-1,-0.01,-1,-1,-0.01,-1,-1,-0.01,-1,-1,-0.01,-1,-1,-0.01,-1,-1,-0.01,-1,-1,-0.01,-1,-1,-0.01,-1,-1
99926009,2026-05-18 13:03:15+05:30,53549.6,0,0.0,0,0.0,0.0,53282.15,53552.55,52783.45,53710.35,0,0.0,0.0,0.0,0.0,-0.01,-1,-1,-0.01,-1,-1,-0.01,-1,-1,-0.01,-1,-1,-0.01,-1,-1,-0.01,-1,-1,-0.01,-1,-1,-0.01,-1,-1,-0.01,-1,-1,-0.01,-1,-1
99926009,2026-05-18 13:03:16+05:30,53549.65,0,0.0,0,0.0,0.0,53282.15,53552.55,52783.45,53710.35,0,0.0,0.0,0.0,0.0,-0.01,-1,-1,-0.01,-1,-1,-0.01,-1,-1,-0.01,-1,-1,-0.01,-1,-1,-0.01,-1,-1,-0.01,-1,-1,-0.01,-1,-1,-0.01,-1,-1,-0.01,-1,-1
99926009,2026-05-18 13:03:16+05:30,53551.65,0,0.0,0,0.0,0.0,53282.15,53552.6,52783.45,53710.35,0,0.0,0.0,0.0,0.0,-0.01,-1,-1,-0.01,-1,-1,-0.01,-1,-1,-0.01,-1,-1,-0.01,-1,-1,-0.01,-1,-1,-0.01,-1,-1,-0.01,-1,-1,-0.01,-1,-1,-0.01,-1,-1
99926009,2026-05-18 13:03:17+05:30,53550.05,0,0.0,0,0.0,0.0,53282.15,53552.6,52783.45,53710.35,0,0.0,0.0,0.0,0.0,-0.01,-1,-1,-0.01,-1,-1,-0.01,-1,-1,-0.01,-1,-1,-0.01,-1,-1,-0.01,-1,-1,-0.01,-1,-1,-0.01,-1,-1,-0.01,-1,-1,-0.01,-1,-1
99926009,2026-05-18 13:03:17+05:30,53550.8,0,0.0,0,0.0,0.0,53282.15,53552.6,52783.45,53710.35,0,0.0,0.0,0.0,0.0,-0.01,-1,-1,-0.01,-1,-1,-0.01,-1,-1,-0.01,-1,-1,-0.01,-1,-1,-0.01,-1,-1,-0.01,-1,-1,-0.01,-1,-1,-0.01,-1,-1,-0.01,-1,-1
99926009,2026-05-18 13:03:18+05:30,53549.1,0,0.0,0,0.0,0.0,53282.15,53552.6,52783.45,53710.35,0,0.0,0.0,0.0,0.0,-0.01,-1,-1,-0.01,-1,-1,-0.01,-1,-1,-0.01,-1,-1,-0.01,-1,-1,-0.01,-1,-1,-0.01,-1,-1,-0.01,-1,-1,-0.01,-1,-1,-0.01,-1,-1
99926009,2026-05-18 13:03:18+05:30,53551.85,0,0.0,0,0.0,0.0,53282.15,53552.6,52783.45,53710.35,0,0.0,0.0,0.0,0.0,-0.01,-1,-1,-0.01,-1,-1,-0.01,-1,-1,-0.01,-1,-1,-0.01,-1,-1,-0.01,-1,-1,-0.01,-1,-1,-0.01,-1,-1,-0.01,-1,-1,-0.01,-1,-1
99926009,2026-05-18 13:03:19+05:30,53553.2,0,0.0,0,0.0,0.0,53282.15,53553.2,52783.45,53710.35,0,0.0,0.0,0.0,0.0,-0.01,-1,-1,-0.01,-1,-1,-0.01,-1,-1,-0.01,-1,-1,-0.01,-1,-1,-0.01,-1,-1,-0.01,-1,-1,-0.01,-1,-1,-0.01,-1,-1,-0.01,-1,-1
99926009,2026-05-18 13:03:19+05:30,53549.55,0,0.0,0,0.0,0.0,53282.15,53553.2,52783.45,53710.35,0,0.0,0.0,0.0,0.0,-0.01,-1,-1,-0.01,-1,-1,-0.01,-1,-1,-0.01,-1,-1,-0.01,-1,-1,-0.01,-1,-1,-0.01,-1,-1,-0.01,-1,-1,-0.01,-1,-1,-0.01,-1,-1
99926009,2026-05-18 13:03:20+05:30,53545.7,0,0.0,0,0.0,0.0,53282.15,53553.2,52783.45,53710.35,0,0.0,0.0,0.0,0.0,-0.01,-1,-1,-0.01,-1,-1,-0.01,-1,-1,-0.01,-1,-1,-0.01,-1,-1,-0.01,-1,-1,-0.01,-1,-1,-0.01,-1,-1,-0.01,-1,-1,-0.01,-1,-1
99926009,2026-05-18 13:03:20+05:30,53546.3,0,0.0,0,0.0,0.0,53282.15,53553.2,52783.45,53710.35,0,0.0,0.0,0.0,0.0,-0.01,-1,-1,-0.01,-1,-1,-0.01,-1,-1,-0.01,-1,-1,-0.01,-1,-1,-0.01,-1,-1,-0.01,-1,-1,-0.01,-1,-1,-0.01,-1,-1,-0.01,-1,-1
99926009,2026-05-18 13:03:21+05:30,53542.45,0,0.0,0,0.0,0.0,53282.15,53553.2,52783.45,53710.35,0,0.0,0.0,0.0,0.0,-0.01,-1,-1,-0.01,-1,-1,-0.01,-1,-1,-0.01,-1,-1,-0.01,-1,-1,-0.01,-1,-1,-0.01,-1,-1,-0.01,-1,-1,-0.01,-1,-1,-0.01,-1,-1
99926009,2026-05-18 13:03:21+05:30,53543.0,0,0.0,0,0.0,0.0,53282.15,53553.2,52783.45,53710.35,0,0.0,0.0,0.0,0.0,-0.01,-1,-1,-0.01,-1,-1,-0.01,-1,-1,-0.01,-1,-1,-0.01,-1,-1,-0.01,-1,-1,-0.01,-1,-1,-0.01,-1,-1,-0.01,-1,-1,-0.01,-1,-1
99926009,2026-05-18 13:03:22+05:30,53545.1,0,0.0,0,0.0,0.0,53282.15,53553.2,52783.45,53710.35,0,0.0,0.0,0.0,0.0,-0.01,-1,-1,-0.01,-1,-1,-0.01,-1,-1,-0.01,-1,-1,-0.01,-1,-1,-0.01,-1,-1,-0.01,-1,-1,-0.01,-1,-1,-0.01,-1,-1,-0.01,-1,-1
99926009,2026-05-18 13:03:22+05:30,53548.6,0,0.0,0,0.0,0.0,53282.15,53553.2,52783.45,53710.35,0,0.0,0.0,0.0,0.0,-0.01,-1,-1,-0.01,-1,-1,-0.01,-1,-1,-0.01,-1,-1,-0.01,-1,-1,-0.01,-1,-1,-0.01,-1,-1,-0.01,-1,-1,-0.01,-1,-1,-0.01,-1,-1
99926009,2026-05-18 13:03:23+05:30,53549.95,0,0.0,0,0.0,0.0,53282.15,53553.2,52783.45,53710.35,0,0.0,0.0,0.0,0.0,-0.01,-1,-1,-0.01,-1,-1,-0.01,-1,-1,-0.01,-1,-1,-0.01,-1,-1,-0.01,-1,-1,-0.01,-1,-1,-0.01,-1,-1,-0.01,-1,-1,-0.01,-1,-1
99926009,2026-05-18 13:03:23+05:30,53550.1,0,0.0,0,0.0,0.0,53282.15,53553.2,52783.45,53710.35,0,0.0,0.0,0.0,0.0,-0.01,-1,-1,-0.01,-1,-1,-0.01,-1,-1,-0.01,-1,-1,-0.01,-1,-1,-0.01,-1,-1,-0.01,-1,-1,-0.01,-1,-1,-0.01,-1,-1,-0.01,-1,-1
99926009,2026-05-18 13:03:24+05:30,53551.45,0,0.0,0,0.0,0.0,53282.15,53553.2,52783.45,53710.35,0,0.0,0.0,0.0,0.0,-0.01,-1,-1,-0.01,-1,-1,-0.01,-1,-1,-0.01,-1,-1,-0.01,-1,-1,-0.01,-1,-1,-0.01,-1,-1,-0.01,-1,-1,-0.01,-1,-1,-0.01,-1,-1
99926009,2026-05-18 13:03:24+05:30,53551.3,0,0.0,0,0.0,0.0,53282.15,53553.2,52783.45,53710.35,0,0.0,0.0,0.0,0.0,-0.01,-1,-1,-0.01,-1,-1,-0.01,-1,-1,-0.01,-1,-1,-0.01,-1,-1,-0.01,-1,-1,-0.01,-1,-1,-0.01,-1,-1,-0.01,-1,-1,-0.01,-1,-1
99926009,2026-05-18 13:03:25+05:30,53548.75,0,0.0,0,0.0,0.0,53282.15,53553.2,52783.45,53710.35,0,0.0,0.0,0.0,0.0,-0.01,-1,-1,-0.01,-1,-1,-0.01,-1,-1,-0.01,-1,-1,-0.01,-1,-1,-0.01,-1,-1,-0.01,-1,-1,-0.01,-1,-1,-0.01,-1,-1,-0.01,-1,-1
99926009,2026-05-18 13:03:25+05:30,53550.9,0,0.0,0,0.0,0.0,53282.15,53553.7,52783.45,53710.35,0,0.0,0.0,0.0,0.0,-0.01,-1,-1,-0.01,-1,-1,-0.01,-1,-1,-0.01,-1,-1,-0.01,-1,-1,-0.01,-1,-1,-0.01,-1,-1,-0.01,-1,-1,-0.01,-1,-1,-0.01,-1,-1
99926009,2026-05-18 13:03:26+05:30,53551.65,0,0.0,0,0.0,0.0,53282.15,53553.7,52783.45,53710.35,0,0.0,0.0,0.0,0.0,-0.01,-1,-1,-0.01,-1,-1,-0.01,-1,-1,-0.01,-1,-1,-0.01,-1,-1,-0.01,-1,-1,-0.01,-1,-1,-0.01,-1,-1,-0.01,-1,-1,-0.01,-1,-1
99926009,2026-05-18 13:03:26+05:30,53552.35,0,0.0,0,0.0,0.0,53282.15,53553.85,52783.45,53710.35,0,0.0,0.0,0.0,0.0,-0.01,-1,-1,-0.01,-1,-1,-0.01,-1,-1,-0.01,-1,-1,-0.01,-1,-1,-0.01,-1,-1,-0.01,-1,-1,-0.01,-1,-1,-0.01,-1,-1,-0.01,-1,-1
99926009,2026-05-18 13:03:27+05:30,53554.05,0,0.0,0,0.0,0.0,53282.15,53554.05,52783.45,53710.35,0,0.0,0.0,0.0,0.0,-0.01,-1,-1,-0.01,-1,-1,-0.01,-1,-1,-0.01,-1,-1,-0.01,-1,-1,-0.01,-1,-1,-0.01,-1,-1,-0.01,-1,-1,-0.01,-1,-1,-0.01,-1,-1
99926009,2026-05-18 13:03:27+05:30,53551.9,0,0.0,0,0.0,0.0,53282.15,53554.05,52783.45,53710.35,0,0.0,0.0,0.0,0.0,-0.01,-1,-1,-0.01,-1,-1,-0.01,-1,-1,-0.01,-1,-1,-0.01,-1,-1,-0.01,-1,-1,-0.01,-1,-1,-0.01,-1,-1,-0.01,-1,-1,-0.01,-1,-1
99926009,2026-05-18 13:03:28+05:30,53552.55,0,0.0,0,0.0,0.0,53282.15,53554.05,52783.45,53710.35,0,0.0,0.0,0.0,0.0,-0.01,-1,-1,-0.01,-1,-1,-0.01,-1,-1,-0.01,-1,-1,-0.01,-1,-1,-0.01,-1,-1,-0.01,-1,-1,-0.01,-1,-1,-0.01,-1,-1,-0.01,-1,-1
99926009,2026-05-18 13:03:28+05:30,53553.6,0,0.0,0,0.0,0.0,53282.15,53554.3,52783.45,53710.35,0,0.0,0.0,0.0,0.0,-0.01,-1,-1,-0.01,-1,-1,-0.01,-1,-1,-0.01,-1,-1,-0.01,-1,-1,-0.01,-1,-1,-0.01,-1,-1,-0.01,-1,-1,-0.01,-1,-1,-0.01,-1,-1
99926009,2026-05-18 13:03:29+05:30,53555.4,0,0.0,0,0.0,0.0,53282.15,53555.4,52783.45,53710.35,0,0.0,0.0,0.0,0.0,-0.01,-1,-1,-0.01,-1,-1,-0.01,-1,-1,-0.01,-1,-1,-0.01,-1,-1,-0.01,-1,-1,-0.01,-1,-1,-0.01,-1,-1,-0.01,-1,-1,-0.01,-1,-1
99926009,2026-05-18 13:03:29+05:30,53554.3,0,0.0,0,0.0,0.0,53282.15,53556.75,52783.45,53710.35,0,0.0,0.0,0.0,0.0,-0.01,-1,-1,-0.01,-1,-1,-0.01,-1,-1,-0.01,-1,-1,-0.01,-1,-1,-0.01,-1,-1,-0.01,-1,-1,-0.01,-1,-1,-0.01,-1,-1,-0.01,-1,-1
99926009,2026-05-18 13:03:30+05:30,53551.75,0,0.0,0,0.0,0.0,53282.15,53556.75,52783.45,53710.35,0,0.0,0.0,0.0,0.0,-0.01,-1,-1,-0.01,-1,-1,-0.01,-1,-1,-0.01,-1,-1,-0.01,-1,-1,-0.01,-1,-1,-0.01,-1,-1,-0.01,-1,-1,-0.01,-1,-1,-0.01,-1,-1
99926009,2026-05-18 13:03:30+05:30,53553.85,0,0.0,0,0.0,0.0,53282.15,53556.75,52783.45,53710.35,0,0.0,0.0,0.0,0.0,-0.01,-1,-1,-0.01,-1,-1,-0.01,-1,-1,-0.01,-1,-1,-0.01,-1,-1,-0.01,-1,-1,-0.01,-1,-1,-0.01,-1,-1,-0.01,-1,-1,-0.01,-1,-1
99926009,2026-05-18 13:03:31+05:30,53555.4,0,0.0,0,0.0,0.0,53282.15,53556.75,52783.45,53710.35,0,0.0,0.0,0.0,0.0,-0.01,-1,-1,-0.01,-1,-1,-0.01,-1,-1,-0.01,-1,-1,-0.01,-1,-1,-0.01,-1,-1,-0.01,-1,-1,-0.01,-1,-1,-0.01,-1,-1,-0.01,-1,-1
99926009,2026-05-18 13:03:31+05:30,53557.55,0,0.0,0,0.0,0.0,53282.15,53558.4,52783.45,53710.35,0,0.0,0.0,0.0,0.0,-0.01,-1,-1,-0.01,-1,-1,-0.01,-1,-1,-0.01,-1,-1,-0.01,-1,-1,-0.01,-1,-1,-0.01,-1,-1,-0.01,-1,-1,-0.01,-1,-1,-0.01,-1,-1
99926009,2026-05-18 13:03:32+05:30,53560.5,0,0.0,0,0.0,0.0,53282.15,53560.5,52783.45,53710.35,0,0.0,0.0,0.0,0.0,-0.01,-1,-1,-0.01,-1,-1,-0.01,-1,-1,-0.01,-1,-1,-0.01,-1,-1,-0.01,-1,-1,-0.01,-1,-1,-0.01,-1,-1,-0.01,-1,-1,-0.01,-1,-1
99926009,2026-05-18 13:03:32+05:30,53556.0,0,0.0,0,0.0,0.0,53282.15,53560.5,52783.45,53710.35,0,0.0,0.0,0.0,0.0,-0.01,-1,-1,-0.01,-1,-1,-0.01,-1,-1,-0.01,-1,-1,-0.01,-1,-1,-0.01,-1,-1,-0.01,-1,-1,-0.01,-1,-1,-0.01,-1,-1,-0.01,-1,-1
99926009,2026-05-18 13:03:33+05:30,53560.05,0,0.0,0,0.0,0.0,53282.15,53560.5,52783.45,53710.35,0,0.0,0.0,0.0,0.0,-0.01,-1,-1,-0.01,-1,-1,-0.01,-1,-1,-0.01,-1,-1,-0.01,-1,-1,-0.01,-1,-1,-0.01,-1,-1,-0.01,-1,-1,-0.01,-1,-1,-0.01,-1,-1
99926009,2026-05-18 13:03:33+05:30,53558.35,0,0.0,0,0.0,0.0,53282.15,53560.5,52783.45,53710.35,0,0.0,0.0,0.0,0.0,-0.01,-1,-1,-0.01,-1,-1,-0.01,-1,-1,-0.01,-1,-1,-0.01,-1,-1,-0.01,-1,-1,-0.01,-1,-1,-0.01,-1,-1,-0.01,-1,-1,-0.01,-1,-1
99926009,2026-05-18 13:03:34+05:30,53558.45,0,0.0,0,0.0,0.0,53282.15,53560.5,52783.45,53710.35,0,0.0,0.0,0.0,0.0,-0.01,-1,-1,-0.01,-1,-1,-0.01,-1,-1,-0.01,-1,-1,-0.01,-1,-1,-0.01,-1,-1,-0.01,-1,-1,-0.01,-1,-1,-0.01,-1,-1,-0.01,-1,-1
99926009,2026-05-18 13:03:34+05:30,53555.05,0,0.0,0,0.0,0.0,53282.15,53560.5,52783.45,53710.35,0,0.0,0.0,0.0,0.0,-0.01,-1,-1,-0.01,-1,-1,-0.01,-1,-1,-0.01,-1,-1,-0.01,-1,-1,-0.01,-1,-1,-0.01,-1,-1,-0.01,-1,-1,-0.01,-1,-1,-0.01,-1,-1
99926009,2026-05-18 13:03:35+05:30,53554.5,0,0.0,0,0.0,0.0,53282.15,53560.5,52783.45,53710.35,0,0.0,0.0,0.0,0.0,-0.01,-1,-1,-0.01,-1,-1,-0.01,-1,-1,-0.01,-1,-1,-0.01,-1,-1,-0.01,-1,-1,-0.01,-1,-1,-0.01,-1,-1,-0.01,-1,-1,-0.01,-1,-1
99926009,2026-05-18 13:03:35+05:30,53556.2,0,0.0,0,0.0,0.0,53282.15,53560.5,52783.45,53710.35,0,0.0,0.0,0.0,0.0,-0.01,-1,-1,-0.01,-1,-1,-0.01,-1,-1,-0.01,-1,-1,-0.01,-1,-1,-0.01,-1,-1,-0.01,-1,-1,-0.01,-1,-1,-0.01,-1,-1,-0.01,-1,-1
99926009,2026-05-18 13:03:36+05:30,53555.5,0,0.0,0,0.0,0.0,53282.15,53560.5,52783.45,53710.35,0,0.0,0.0,0.0,0.0,-0.01,-1,-1,-0.01,-1,-1,-0.01,-1,-1,-0.01,-1,-1,-0.01,-1,-1,-0.01,-1,-1,-0.01,-1,-1,-0.01,-1,-1,-0.01,-1,-1,-0.01,-1,-1
99926009,2026-05-18 13:03:36+05:30,53556.75,0,0.0,0,0.0,0.0,53282.15,53560.5,52783.45,53710.35,0,0.0,0.0,0.0,0.0,-0.01,-1,-1,-0.01,-1,-1,-0.01,-1,-1,-0.01,-1,-1,-0.01,-1,-1,-0.01,-1,-1,-0.01,-1,-1,-0.01,-1,-1,-0.01,-1,-1,-0.01,-1,-1
99926009,2026-05-18 13:03:37+05:30,53556.8,0,0.0,0,0.0,0.0,53282.15,53560.5,52783.45,53710.35,0,0.0,0.0,0.0,0.0,-0.01,-1,-1,-0.01,-1,-1,-0.01,-1,-1,-0.01,-1,-1,-0.01,-1,-1,-0.01,-1,-1,-0.01,-1,-1,-0.01,-1,-1,-0.01,-1,-1,-0.01,-1,-1
99926009,2026-05-18 13:03:37+05:30,53555.4,0,0.0,0,0.0,0.0,53282.15,53560.5,52783.45,53710.35,0,0.0,0.0,0.0,0.0,-0.01,-1,-1,-0.01,-1,-1,-0.01,-1,-1,-0.01,-1,-1,-0.01,-1,-1,-0.01,-1,-1,-0.01,-1,-1,-0.01,-1,-1,-0.01,-1,-1,-0.01,-1,-1
99926009,2026-05-18 13:03:38+05:30,53555.9,0,0.0,0,0.0,0.0,53282.15,53560.5,52783.45,53710.35,0,0.0,0.0,0.0,0.0,-0.01,-1,-1,-0.01,-1,-1,-0.01,-1,-1,-0.01,-1,-1,-0.01,-1,-1,-0.01,-1,-1,-0.01,-1,-1,-0.01,-1,-1,-0.01,-1,-1,-0.01,-1,-1
99926009,2026-05-18 13:03:38+05:30,53554.7,0,0.0,0,0.0,0.0,53282.15,53560.5,52783.45,53710.35,0,0.0,0.0,0.0,0.0,-0.01,-1,-1,-0.01,-1,-1,-0.01,-1,-1,-0.01,-1,-1,-0.01,-1,-1,-0.01,-1,-1,-0.01,-1,-1,-0.01,-1,-1,-0.01,-1,-1,-0.01,-1,-1
99926009,2026-05-18 13:03:39+05:30,53553.95,0,0.0,0,0.0,0.0,53282.15,53560.5,52783.45,53710.35,0,0.0,0.0,0.0,0.0,-0.01,-1,-1,-0.01,-1,-1,-0.01,-1,-1,-0.01,-1,-1,-0.01,-1,-1,-0.01,-1,-1,-0.01,-1,-1,-0.01,-1,-1,-0.01,-1,-1,-0.01,-1,-1
99926009,2026-05-18 13:03:39+05:30,53553.75,0,0.0,0,0.0,0.0,53282.15,53560.5,52783.45,53710.35,0,0.0,0.0,0.0,0.0,-0.01,-1,-1,-0.01,-1,-1,-0.01,-1,-1,-0.01,-1,-1,-0.01,-1,-1,-0.01,-1,-1,-0.01,-1,-1,-0.01,-1,-1,-0.01,-1,-1,-0.01,-1,-1
99926009,2026-05-18 13:03:40+05:30,53554.35,0,0.0,0,0.0,0.0,53282.15,53560.5,52783.45,53710.35,0,0.0,0.0,0.0,0.0,-0.01,-1,-1,-0.01,-1,-1,-0.01,-1,-1,-0.01,-1,-1,-0.01,-1,-1,-0.01,-1,-1,-0.01,-1,-1,-0.01,-1,-1,-0.01,-1,-1,-0.01,-1,-1
99926009,2026-05-18 13:03:40+05:30,53558.35,0,0.0,0,0.0,0.0,53282.15,53560.5,52783.45,53710.35,0,0.0,0.0,0.0,0.0,-0.01,-1,-1,-0.01,-1,-1,-0.01,-1,-1,-0.01,-1,-1,-0.01,-1,-1,-0.01,-1,-1,-0.01,-1,-1,-0.01,-1,-1,-0.01,-1,-1,-0.01,-1,-1
99926009,2026-05-18 13:03:41+05:30,53555.35,0,0.0,0,0.0,0.0,53282.15,53560.5,52783.45,53710.35,0,0.0,0.0,0.0,0.0,-0.01,-1,-1,-0.01,-1,-1,-0.01,-1,-1,-0.01,-1,-1,-0.01,-1,-1,-0.01,-1,-1,-0.01,-1,-1,-0.01,-1,-1,-0.01,-1,-1,-0.01,-1,-1
99926009,2026-05-18 13:03:41+05:30,53556.55,0,0.0,0,0.0,0.0,53282.15,53560.5,52783.45,53710.35,0,0.0,0.0,0.0,0.0,-0.01,-1,-1,-0.01,-1,-1,-0.01,-1,-1,-0.01,-1,-1,-0.01,-1,-1,-0.01,-1,-1,-0.01,-1,-1,-0.01,-1,-1,-0.01,-1,-1,-0.01,-1,-1
99926009,2026-05-18 13:03:42+05:30,53557.75,0,0.0,0,0.0,0.0,53282.15,53560.5,52783.45,53710.35,0,0.0,0.0,0.0,0.0,-0.01,-1,-1,-0.01,-1,-1,-0.01,-1,-1,-0.01,-1,-1,-0.01,-1,-1,-0.01,-1,-1,-0.01,-1,-1,-0.01,-1,-1,-0.01,-1,-1,-0.01,-1,-1
99926009,2026-05-18 13:03:42+05:30,53555.7,0,0.0,0,0.0,0.0,53282.15,53560.5,52783.45,53710.35,0,0.0,0.0,0.0,0.0,-0.01,-1,-1,-0.01,-1,-1,-0.01,-1,-1,-0.01,-1,-1,-0.01,-1,-1,-0.01,-1,-1,-0.01,-1,-1,-0.01,-1,-1,-0.01,-1,-1,-0.01,-1,-1
99926009,2026-05-18 13:03:43+05:30,53554.15,0,0.0,0,0.0,0.0,53282.15,53560.5,52783.45,53710.35,0,0.0,0.0,0.0,0.0,-0.01,-1,-1,-0.01,-1,-1,-0.01,-1,-1,-0.01,-1,-1,-0.01,-1,-1,-0.01,-1,-1,-0.01,-1,-1,-0.01,-1,-1,-0.01,-1,-1,-0.01,-1,-1
99926009,2026-05-18 13:03:43+05:30,53557.4,0,0.0,0,0.0,0.0,53282.15,53560.5,52783.45,53710.35,0,0.0,0.0,0.0,0.0,-0.01,-1,-1,-0.01,-1,-1,-0.01,-1,-1,-0.01,-1,-1,-0.01,-1,-1,-0.01,-1,-1,-0.01,-1,-1,-0.01,-1,-1,-0.01,-1,-1,-0.01,-1,-1
99926009,2026-05-18 13:03:44+05:30,53554.95,0,0.0,0,0.0,0.0,53282.15,53560.5,52783.45,53710.35,0,0.0,0.0,0.0,0.0,-0.01,-1,-1,-0.01,-1,-1,-0.01,-1,-1,-0.01,-1,-1,-0.01,-1,-1,-0.01,-1,-1,-0.01,-1,-1,-0.01,-1,-1,-0.01,-1,-1,-0.01,-1,-1
99926009,2026-05-18 13:03:44+05:30,53559.15,0,0.0,0,0.0,0.0,53282.15,53560.5,52783.45,53710.35,0,0.0,0.0,0.0,0.0,-0.01,-1,-1,-0.01,-1,-1,-0.01,-1,-1,-0.01,-1,-1,-0.01,-1,-1,-0.01,-1,-1,-0.01,-1,-1,-0.01,-1,-1,-0.01,-1,-1,-0.01,-1,-1
99926009,2026-05-18 13:03:45+05:30,53556.15,0,0.0,0,0.0,0.0,53282.15,53560.5,52783.45,53710.35,0,0.0,0.0,0.0,0.0,-0.01,-1,-1,-0.01,-1,-1,-0.01,-1,-1,-0.01,-1,-1,-0.01,-1,-1,-0.01,-1,-1,-0.01,-1,-1,-0.01,-1,-1,-0.01,-1,-1,-0.01,-1,-1
99926009,2026-05-18 13:03:45+05:30,53564.25,0,0.0,0,0.0,0.0,53282.15,53565.3,52783.45,53710.35,0,0.0,0.0,0.0,0.0,-0.01,-1,-1,-0.01,-1,-1,-0.01,-1,-1,-0.01,-1,-1,-0.01,-1,-1,-0.01,-1,-1,-0.01,-1,-1,-0.01,-1,-1,-0.01,-1,-1,-0.01,-1,-1
99926009,2026-05-18 13:03:46+05:30,53564.55,0,0.0,0,0.0,0.0,53282.15,53565.6,52783.45,53710.35,0,0.0,0.0,0.0,0.0,-0.01,-1,-1,-0.01,-1,-1,-0.01,-1,-1,-0.01,-1,-1,-0.01,-1,-1,-0.01,-1,-1,-0.01,-1,-1,-0.01,-1,-1,-0.01,-1,-1,-0.01,-1,-1
99926009,2026-05-18 13:03:46+05:30,53569.6,0,0.0,0,0.0,0.0,53282.15,53569.6,52783.45,53710.35,0,0.0,0.0,0.0,0.0,-0.01,-1,-1,-0.01,-1,-1,-0.01,-1,-1,-0.01,-1,-1,-0.01,-1,-1,-0.01,-1,-1,-0.01,-1,-1,-0.01,-1,-1,-0.01,-1,-1,-0.01,-1,-1
99926009,2026-05-18 13:03:47+05:30,53567.3,0,0.0,0,0.0,0.0,53282.15,53569.6,52783.45,53710.35,0,0.0,0.0,0.0,0.0,-0.01,-1,-1,-0.01,-1,-1,-0.01,-1,-1,-0.01,-1,-1,-0.01,-1,-1,-0.01,-1,-1,-0.01,-1,-1,-0.01,-1,-1,-0.01,-1,-1,-0.01,-1,-1
99926009,2026-05-18 13:03:47+05:30,53566.05,0,0.0,0,0.0,0.0,53282.15,53569.6,52783.45,53710.35,0,0.0,0.0,0.0,0.0,-0.01,-1,-1,-0.01,-1,-1,-0.01,-1,-1,-0.01,-1,-1,-0.01,-1,-1,-0.01,-1,-1,-0.01,-1,-1,-0.01,-1,-1,-0.01,-1,-1,-0.01,-1,-1
99926009,2026-05-18 13:03:48+05:30,53565.45,0,0.0,0,0.0,0.0,53282.15,53569.6,52783.45,53710.35,0,0.0,0.0,0.0,0.0,-0.01,-1,-1,-0.01,-1,-1,-0.01,-1,-1,-0.01,-1,-1,-0.01,-1,-1,-0.01,-1,-1,-0.01,-1,-1,-0.01,-1,-1,-0.01,-1,-1,-0.01,-1,-1
99926009,2026-05-18 13:03:48+05:30,53562.8,0,0.0,0,0.0,0.0,53282.15,53569.6,52783.45,53710.35,0,0.0,0.0,0.0,0.0,-0.01,-1,-1,-0.01,-1,-1,-0.01,-1,-1,-0.01,-1,-1,-0.01,-1,-1,-0.01,-1,-1,-0.01,-1,-1,-0.01,-1,-1,-0.01,-1,-1,-0.01,-1,-1
99926009,2026-05-18 13:03:49+05:30,53566.05,0,0.0,0,0.0,0.0,53282.15,53569.6,52783.45,53710.35,0,0.0,0.0,0.0,0.0,-0.01,-1,-1,-0.01,-1,-1,-0.01,-1,-1,-0.01,-1,-1,-0.01,-1,-1,-0.01,-1,-1,-0.01,-1,-1,-0.01,-1,-1,-0.01,-1,-1,-0.01,-1,-1
99926009,2026-05-18 13:03:49+05:30,53565.45,0,0.0,0,0.0,0.0,53282.15,53569.6,52783.45,53710.35,0,0.0,0.0,0.0,0.0,-0.01,-1,-1,-0.01,-1,-1,-0.01,-1,-1,-0.01,-1,-1,-0.01,-1,-1,-0.01,-1,-1,-0.01,-1,-1,-0.01,-1,-1,-0.01,-1,-1,-0.01,-1,-1
99926009,2026-05-18 13:03:50+05:30,53569.6,0,0.0,0,0.0,0.0,53282.15,53569.6,52783.45,53710.35,0,0.0,0.0,0.0,0.0,-0.01,-1,-1,-0.01,-1,-1,-0.01,-1,-1,-0.01,-1,-1,-0.01,-1,-1,-0.01,-1,-1,-0.01,-1,-1,-0.01,-1,-1,-0.01,-1,-1,-0.01,-1,-1
99926009,2026-05-18 13:03:50+05:30,53570.05,0,0.0,0,0.0,0.0,53282.15,53571.2,52783.45,53710.35,0,0.0,0.0,0.0,0.0,-0.01,-1,-1,-0.01,-1,-1,-0.01,-1,-1,-0.01,-1,-1,-0.01,-1,-1,-0.01,-1,-1,-0.01,-1,-1,-0.01,-1,-1,-0.01,-1,-1,-0.01,-1,-1
99926009,2026-05-18 13:03:51+05:30,53579.55,0,0.0,0,0.0,0.0,53282.15,53580.45,52783.45,53710.35,0,0.0,0.0,0.0,0.0,-0.01,-1,-1,-0.01,-1,-1,-0.01,-1,-1,-0.01,-1,-1,-0.01,-1,-1,-0.01,-1,-1,-0.01,-1,-1,-0.01,-1,-1,-0.01,-1,-1,-0.01,-1,-1
99926009,2026-05-18 13:03:51+05:30,53579.85,0,0.0,0,0.0,0.0,53282.15,53583.15,52783.45,53710.35,0,0.0,0.0,0.0,0.0,-0.01,-1,-1,-0.01,-1,-1,-0.01,-1,-1,-0.01,-1,-1,-0.01,-1,-1,-0.01,-1,-1,-0.01,-1,-1,-0.01,-1,-1,-0.01,-1,-1,-0.01,-1,-1
99926009,2026-05-18 13:03:52+05:30,53579.45,0,0.0,0,0.0,0.0,53282.15,53583.15,52783.45,53710.35,0,0.0,0.0,0.0,0.0,-0.01,-1,-1,-0.01,-1,-1,-0.01,-1,-1,-0.01,-1,-1,-0.01,-1,-1,-0.01,-1,-1,-0.01,-1,-1,-0.01,-1,-1,-0.01,-1,-1,-0.01,-1,-1
99926009,2026-05-18 13:03:52+05:30,53577.6,0,0.0,0,0.0,0.0,53282.15,53583.15,52783.45,53710.35,0,0.0,0.0,0.0,0.0,-0.01,-1,-1,-0.01,-1,-1,-0.01,-1,-1,-0.01,-1,-1,-0.01,-1,-1,-0.01,-1,-1,-0.01,-1,-1,-0.01,-1,-1,-0.01,-1,-1,-0.01,-1,-1
99926009,2026-05-18 13:03:53+05:30,53579.6,0,0.0,0,0.0,0.0,53282.15,53583.15,52783.45,53710.35,0,0.0,0.0,0.0,0.0,-0.01,-1,-1,-0.01,-1,-1,-0.01,-1,-1,-0.01,-1,-1,-0.01,-1,-1,-0.01,-1,-1,-0.01,-1,-1,-0.01,-1,-1,-0.01,-1,-1,-0.01,-1,-1
99926009,2026-05-18 13:03:53+05:30,53579.6,0,0.0,0,0.0,0.0,53282.15,53583.15,52783.45,53710.35,0,0.0,0.0,0.0,0.0,-0.01,-1,-1,-0.01,-1,-1,-0.01,-1,-1,-0.01,-1,-1,-0.01,-1,-1,-0.01,-1,-1,-0.01,-1,-1,-0.01,-1,-1,-0.01,-1,-1,-0.01,-1,-1
99926009,2026-05-18 13:03:54+05:30,53582.95,0,0.0,0,0.0,0.0,53282.15,53584.45,52783.45,53710.35,0,0.0,0.0,0.0,0.0,-0.01,-1,-1,-0.01,-1,-1,-0.01,-1,-1,-0.01,-1,-1,-0.01,-1,-1,-0.01,-1,-1,-0.01,-1,-1,-0.01,-1,-1,-0.01,-1,-1,-0.01,-1,-1
99926009,2026-05-18 13:03:54+05:30,53581.55,0,0.0,0,0.0,0.0,53282.15,53585.15,52783.45,53710.35,0,0.0,0.0,0.0,0.0,-0.01,-1,-1,-0.01,-1,-1,-0.01,-1,-1,-0.01,-1,-1,-0.01,-1,-1,-0.01,-1,-1,-0.01,-1,-1,-0.01,-1,-1,-0.01,-1,-1,-0.01,-1,-1
99926009,2026-05-18 13:03:55+05:30,53580.65,0,0.0,0,0.0,0.0,53282.15,53585.15,52783.45,53710.35,0,0.0,0.0,0.0,0.0,-0.01,-1,-1,-0.01,-1,-1,-0.01,-1,-1,-0.01,-1,-1,-0.01,-1,-1,-0.01,-1,-1,-0.01,-1,-1,-0.01,-1,-1,-0.01,-1,-1,-0.01,-1,-1
99926009,2026-05-18 13:03:55+05:30,53577.8,0,0.0,0,0.0,0.0,53282.15,53585.15,52783.45,53710.35,0,0.0,0.0,0.0,0.0,-0.01,-1,-1,-0.01,-1,-1,-0.01,-1,-1,-0.01,-1,-1,-0.01,-1,-1,-0.01,-1,-1,-0.01,-1,-1,-0.01,-1,-1,-0.01,-1,-1,-0.01,-1,-1
99926009,2026-05-18 13:03:56+05:30,53575.75,0,0.0,0,0.0,0.0,53282.15,53585.15,52783.45,53710.35,0,0.0,0.0,0.0,0.0,-0.01,-1,-1,-0.01,-1,-1,-0.01,-1,-1,-0.01,-1,-1,-0.01,-1,-1,-0.01,-1,-1,-0.01,-1,-1,-0.01,-1,-1,-0.01,-1,-1,-0.01,-1,-1
99926009,2026-05-18 13:03:56+05:30,53574.8,0,0.0,0,0.0,0.0,53282.15,53585.15,52783.45,53710.35,0,0.0,0.0,0.0,0.0,-0.01,-1,-1,-0.01,-1,-1,-0.01,-1,-1,-0.01,-1,-1,-0.01,-1,-1,-0.01,-1,-1,-0.01,-1,-1,-0.01,-1,-1,-0.01,-1,-1,-0.01,-1,-1
99926009,2026-05-18 13:03:57+05:30,53574.7,0,0.0,0,0.0,0.0,53282.15,53585.15,52783.45,53710.35,0,0.0,0.0,0.0,0.0,-0.01,-1,-1,-0.01,-1,-1,-0.01,-1,-1,-0.01,-1,-1,-0.01,-1,-1,-0.01,-1,-1,-0.01,-1,-1,-0.01,-1,-1,-0.01,-1,-1,-0.01,-1,-1
99926009,2026-05-18 13:03:57+05:30,53570.85,0,0.0,0,0.0,0.0,53282.15,53585.15,52783.45,53710.35,0,0.0,0.0,0.0,0.0,-0.01,-1,-1,-0.01,-1,-1,-0.01,-1,-1,-0.01,-1,-1,-0.01,-1,-1,-0.01,-1,-1,-0.01,-1,-1,-0.01,-1,-1,-0.01,-1,-1,-0.01,-1,-1
99926009,2026-05-18 13:03:58+05:30,53569.85,0,0.0,0,0.0,0.0,53282.15,53585.15,52783.45,53710.35,0,0.0,0.0,0.0,0.0,-0.01,-1,-1,-0.01,-1,-1,-0.01,-1,-1,-0.01,-1,-1,-0.01,-1,-1,-0.01,-1,-1,-0.01,-1,-1,-0.01,-1,-1,-0.01,-1,-1,-0.01,-1,-1
99926009,2026-05-18 13:03:58+05:30,53568.6,0,0.0,0,0.0,0.0,53282.15,53585.15,52783.45,53710.35,0,0.0,0.0,0.0,0.0,-0.01,-1,-1,-0.01,-1,-1,-0.01,-1,-1,-0.01,-1,-1,-0.01,-1,-1,-0.01,-1,-1,-0.01,-1,-1,-0.01,-1,-1,-0.01,-1,-1,-0.01,-1,-1
99926009,2026-05-18 13:03:59+05:30,53569.9,0,0.0,0,0.0,0.0,53282.15,53585.15,52783.45,53710.35,0,0.0,0.0,0.0,0.0,-0.01,-1,-1,-0.01,-1,-1,-0.01,-1,-1,-0.01,-1,-1,-0.01,-1,-1,-0.01,-1,-1,-0.01,-1,-1,-0.01,-1,-1,-0.01,-1,-1,-0.01,-1,-1
99926009,2026-05-18 13:03:59+05:30,53570.35,0,0.0,0,0.0,0.0,53282.15,53585.15,52783.45,53710.35,0,0.0,0.0,0.0,0.0,-0.01,-1,-1,-0.01,-1,-1,-0.01,-1,-1,-0.01,-1,-1,-0.01,-1,-1,-0.01,-1,-1,-0.01,-1,-1,-0.01,-1,-1,-0.01,-1,-1,-0.01,-1,-1
99926009,2026-05-18 13:04:00+05:30,53570.95,0,0.0,0,0.0,0.0,53282.15,53585.15,52783.45,53710.35,0,0.0,0.0,0.0,0.0,-0.01,-1,-1,-0.01,-1,-1,-0.01,-1,-1,-0.01,-1,-1,-0.01,-1,-1,-0.01,-1,-1,-0.01,-1,-1,-0.01,-1,-1,-0.01,-1,-1,-0.01,-1,-1
99926009,2026-05-18 13:04:00+05:30,53564.55,0,0.0,0,0.0,0.0,53282.15,53585.15,52783.45,53710.35,0,0.0,0.0,0.0,0.0,-0.01,-1,-1,-0.01,-1,-1,-0.01,-1,-1,-0.01,-1,-1,-0.01,-1,-1,-0.01,-1,-1,-0.01,-1,-1,-0.01,-1,-1,-0.01,-1,-1,-0.01,-1,-1
99926009,2026-05-18 13:04:01+05:30,53564.5,0,0.0,0,0.0,0.0,53282.15,53585.15,52783.45,53710.35,0,0.0,0.0,0.0,0.0,-0.01,-1,-1,-0.01,-1,-1,-0.01,-1,-1,-0.01,-1,-1,-0.01,-1,-1,-0.01,-1,-1,-0.01,-1,-1,-0.01,-1,-1,-0.01,-1,-1,-0.01,-1,-1
99926009,2026-05-18 13:04:01+05:30,53562.15,0,0.0,0,0.0,0.0,53282.15,53585.15,52783.45,53710.35,0,0.0,0.0,0.0,0.0,-0.01,-1,-1,-0.01,-1,-1,-0.01,-1,-1,-0.01,-1,-1,-0.01,-1,-1,-0.01,-1,-1,-0.01,-1,-1,-0.01,-1,-1,-0.01,-1,-1,-0.01,-1,-1
99926009,2026-05-18 13:04:02+05:30,53563.5,0,0.0,0,0.0,0.0,53282.15,53585.15,52783.45,53710.35,0,0.0,0.0,0.0,0.0,-0.01,-1,-1,-0.01,-1,-1,-0.01,-1,-1,-0.01,-1,-1,-0.01,-1,-1,-0.01,-1,-1,-0.01,-1,-1,-0.01,-1,-1,-0.01,-1,-1,-0.01,-1,-1
99926009,2026-05-18 13:04:02+05:30,53561.65,0,0.0,0,0.0,0.0,53282.15,53585.15,52783.45,53710.35,0,0.0,0.0,0.0,0.0,-0.01,-1,-1,-0.01,-1,-1,-0.01,-1,-1,-0.01,-1,-1,-0.01,-1,-1,-0.01,-1,-1,-0.01,-1,-1,-0.01,-1,-1,-0.01,-1,-1,-0.01,-1,-1
99926009,2026-05-18 13:04:03+05:30,53561.15,0,0.0,0,0.0,0.0,53282.15,53585.15,52783.45,53710.35,0,0.0,0.0,0.0,0.0,-0.01,-1,-1,-0.01,-1,-1,-0.01,-1,-1,-0.01,-1,-1,-0.01,-1,-1,-0.01,-1,-1,-0.01,-1,-1,-0.01,-1,-1,-0.01,-1,-1,-0.01,-1,-1
99926009,2026-05-18 13:04:03+05:30,53563.95,0,0.0,0,0.0,0.0,53282.15,53585.15,52783.45,53710.35,0,0.0,0.0,0.0,0.0,-0.01,-1,-1,-0.01,-1,-1,-0.01,-1,-1,-0.01,-1,-1,-0.01,-1,-1,-0.01,-1,-1,-0.01,-1,-1,-0.01,-1,-1,-0.01,-1,-1,-0.01,-1,-1
99926009,2026-05-18 13:04:04+05:30,53563.1,0,0.0,0,0.0,0.0,53282.15,53585.15,52783.45,53710.35,0,0.0,0.0,0.0,0.0,-0.01,-1,-1,-0.01,-1,-1,-0.01,-1,-1,-0.01,-1,-1,-0.01,-1,-1,-0.01,-1,-1,-0.01,-1,-1,-0.01,-1,-1,-0.01,-1,-1,-0.01,-1,-1
99926009,2026-05-18 13:04:04+05:30,53561.85,0,0.0,0,0.0,0.0,53282.15,53585.15,52783.45,53710.35,0,0.0,0.0,0.0,0.0,-0.01,-1,-1,-0.01,-1,-1,-0.01,-1,-1,-0.01,-1,-1,-0.01,-1,-1,-0.01,-1,-1,-0.01,-1,-1,-0.01,-1,-1,-0.01,-1,-1,-0.01,-1,-1
99926009,2026-05-18 13:04:05+05:30,53560.35,0,0.0,0,0.0,0.0,53282.15,53585.15,52783.45,53710.35,0,0.0,0.0,0.0,0.0,-0.01,-1,-1,-0.01,-1,-1,-0.01,-1,-1,-0.01,-1,-1,-0.01,-1,-1,-0.01,-1,-1,-0.01,-1,-1,-0.01,-1,-1,-0.01,-1,-1,-0.01,-1,-1
99926009,2026-05-18 13:04:05+05:30,53564.25,0,0.0,0,0.0,0.0,53282.15,53585.15,52783.45,53710.35,0,0.0,0.0,0.0,0.0,-0.01,-1,-1,-0.01,-1,-1,-0.01,-1,-1,-0.01,-1,-1,-0.01,-1,-1,-0.01,-1,-1,-0.01,-1,-1,-0.01,-1,-1,-0.01,-1,-1,-0.01,-1,-1
99926009,2026-05-18 13:04:06+05:30,53563.4,0,0.0,0,0.0,0.0,53282.15,53585.15,52783.45,53710.35,0,0.0,0.0,0.0,0.0,-0.01,-1,-1,-0.01,-1,-1,-0.01,-1,-1,-0.01,-1,-1,-0.01,-1,-1,-0.01,-1,-1,-0.01,-1,-1,-0.01,-1,-1,-0.01,-1,-1,-0.01,-1,-1
99926009,2026-05-18 13:04:06+05:30,53562.15,0,0.0,0,0.0,0.0,53282.15,53585.15,52783.45,53710.35,0,0.0,0.0,0.0,0.0,-0.01,-1,-1,-0.01,-1,-1,-0.01,-1,-1,-0.01,-1,-1,-0.01,-1,-1,-0.01,-1,-1,-0.01,-1,-1,-0.01,-1,-1,-0.01,-1,-1,-0.01,-1,-1
99926009,2026-05-18 13:04:07+05:30,53562.9,0,0.0,0,0.0,0.0,53282.15,53585.15,52783.45,53710.35,0,0.0,0.0,0.0,0.0,-0.01,-1,-1,-0.01,-1,-1,-0.01,-1,-1,-0.01,-1,-1,-0.01,-1,-1,-0.01,-1,-1,-0.01,-1,-1,-0.01,-1,-1,-0.01,-1,-1,-0.01,-1,-1
99926009,2026-05-18 13:04:07+05:30,53561.3,0,0.0,0,0.0,0.0,53282.15,53585.15,52783.45,53710.35,0,0.0,0.0,0.0,0.0,-0.01,-1,-1,-0.01,-1,-1,-0.01,-1,-1,-0.01,-1,-1,-0.01,-1,-1,-0.01,-1,-1,-0.01,-1,-1,-0.01,-1,-1,-0.01,-1,-1,-0.01,-1,-1
99926009,2026-05-18 13:04:08+05:30,53565.75,0,0.0,0,0.0,0.0,53282.15,53585.15,52783.45,53710.35,0,0.0,0.0,0.0,0.0,-0.01,-1,-1,-0.01,-1,-1,-0.01,-1,-1,-0.01,-1,-1,-0.01,-1,-1,-0.01,-1,-1,-0.01,-1,-1,-0.01,-1,-1,-0.01,-1,-1,-0.01,-1,-1
99926009,2026-05-18 13:04:08+05:30,53566.05,0,0.0,0,0.0,0.0,53282.15,53585.15,52783.45,53710.35,0,0.0,0.0,0.0,0.0,-0.01,-1,-1,-0.01,-1,-1,-0.01,-1,-1,-0.01,-1,-1,-0.01,-1,-1,-0.01,-1,-1,-0.01,-1,-1,-0.01,-1,-1,-0.01,-1,-1,-0.01,-1,-1
99926009,2026-05-18 13:04:09+05:30,53566.85,0,0.0,0,0.0,0.0,53282.15,53585.15,52783.45,53710.35,0,0.0,0.0,0.0,0.0,-0.01,-1,-1,-0.01,-1,-1,-0.01,-1,-1,-0.01,-1,-1,-0.01,-1,-1,-0.01,-1,-1,-0.01,-1,-1,-0.01,-1,-1,-0.01,-1,-1,-0.01,-1,-1
99926009,2026-05-18 13:04:09+05:30,53567.4,0,0.0,0,0.0,0.0,53282.15,53585.15,52783.45,53710.35,0,0.0,0.0,0.0,0.0,-0.01,-1,-1,-0.01,-1,-1,-0.01,-1,-1,-0.01,-1,-1,-0.01,-1,-1,-0.01,-1,-1,-0.01,-1,-1,-0.01,-1,-1,-0.01,-1,-1,-0.01,-1,-1
99926009,2026-05-18 13:04:10+05:30,53567.2,0,0.0,0,0.0,0.0,53282.15,53585.15,52783.45,53710.35,0,0.0,0.0,0.0,0.0,-0.01,-1,-1,-0.01,-1,-1,-0.01,-1,-1,-0.01,-1,-1,-0.01,-1,-1,-0.01,-1,-1,-0.01,-1,-1,-0.01,-1,-1,-0.01,-1,-1,-0.01,-1,-1
99926009,2026-05-18 13:04:10+05:30,53561.55,0,0.0,0,0.0,0.0,53282.15,53585.15,52783.45,53710.35,0,0.0,0.0,0.0,0.0,-0.01,-1,-1,-0.01,-1,-1,-0.01,-1,-1,-0.01,-1,-1,-0.01,-1,-1,-0.01,-1,-1,-0.01,-1,-1,-0.01,-1,-1,-0.01,-1,-1,-0.01,-1,-1
99926009,2026-05-18 13:04:11+05:30,53564.85,0,0.0,0,0.0,0.0,53282.15,53585.15,52783.45,53710.35,0,0.0,0.0,0.0,0.0,-0.01,-1,-1,-0.01,-1,-1,-0.01,-1,-1,-0.01,-1,-1,-0.01,-1,-1,-0.01,-1,-1,-0.01,-1,-1,-0.01,-1,-1,-0.01,-1,-1,-0.01,-1,-1
99926009,2026-05-18 13:04:11+05:30,53562.7,0,0.0,0,0.0,0.0,53282.15,53585.15,52783.45,53710.35,0,0.0,0.0,0.0,0.0,-0.01,-1,-1,-0.01,-1,-1,-0.01,-1,-1,-0.01,-1,-1,-0.01,-1,-1,-0.01,-1,-1,-0.01,-1,-1,-0.01,-1,-1,-0.01,-1,-1,-0.01,-1,-1
99926009,2026-05-18 13:04:12+05:30,53563.05,0,0.0,0,0.0,0.0,53282.15,53585.15,52783.45,53710.35,0,0.0,0.0,0.0,0.0,-0.01,-1,-1,-0.01,-1,-1,-0.01,-1,-1,-0.01,-1,-1,-0.01,-1,-1,-0.01,-1,-1,-0.01,-1,-1,-0.01,-1,-1,-0.01,-1,-1,-0.01,-1,-1
99926009,2026-05-18 13:04:12+05:30,53563.25,0,0.0,0,0.0,0.0,53282.15,53585.15,52783.45,53710.35,0,0.0,0.0,0.0,0.0,-0.01,-1,-1,-0.01,-1,-1,-0.01,-1,-1,-0.01,-1,-1,-0.01,-1,-1,-0.01,-1,-1,-0.01,-1,-1,-0.01,-1,-1,-0.01,-1,-1,-0.01,-1,-1
99926009,2026-05-18 13:04:13+05:30,53564.45,0,0.0,0,0.0,0.0,53282.15,53585.15,52783.45,53710.35,0,0.0,0.0,0.0,0.0,-0.01,-1,-1,-0.01,-1,-1,-0.01,-1,-1,-0.01,-1,-1,-0.01,-1,-1,-0.01,-1,-1,-0.01,-1,-1,-0.01,-1,-1,-0.01,-1,-1,-0.01,-1,-1
99926009,2026-05-18 13:04:13+05:30,53563.15,0,0.0,0,0.0,0.0,53282.15,53585.15,52783.45,53710.35,0,0.0,0.0,0.0,0.0,-0.01,-1,-1,-0.01,-1,-1,-0.01,-1,-1,-0.01,-1,-1,-0.01,-1,-1,-0.01,-1,-1,-0.01,-1,-1,-0.01,-1,-1,-0.01,-1,-1,-0.01,-1,-1
99926009,2026-05-18 13:04:14+05:30,53564.5,0,0.0,0,0.0,0.0,53282.15,53585.15,52783.45,53710.35,0,0.0,0.0,0.0,0.0,-0.01,-1,-1,-0.01,-1,-1,-0.01,-1,-1,-0.01,-1,-1,-0.01,-1,-1,-0.01,-1,-1,-0.01,-1,-1,-0.01,-1,-1,-0.01,-1,-1,-0.01,-1,-1
99926009,2026-05-18 13:04:14+05:30,53559.2,0,0.0,0,0.0,0.0,53282.15,53585.15,52783.45,53710.35,0,0.0,0.0,0.0,0.0,-0.01,-1,-1,-0.01,-1,-1,-0.01,-1,-1,-0.01,-1,-1,-0.01,-1,-1,-0.01,-1,-1,-0.01,-1,-1,-0.01,-1,-1,-0.01,-1,-1,-0.01,-1,-1
99926009,2026-05-18 13:04:15+05:30,53560.15,0,0.0,0,0.0,0.0,53282.15,53585.15,52783.45,53710.35,0,0.0,0.0,0.0,0.0,-0.01,-1,-1,-0.01,-1,-1,-0.01,-1,-1,-0.01,-1,-1,-0.01,-1,-1,-0.01,-1,-1,-0.01,-1,-1,-0.01,-1,-1,-0.01,-1,-1,-0.01,-1,-1
99926009,2026-05-18 13:04:15+05:30,53561.45,0,0.0,0,0.0,0.0,53282.15,53585.15,52783.45,53710.35,0,0.0,0.0,0.0,0.0,-0.01,-1,-1,-0.01,-1,-1,-0.01,-1,-1,-0.01,-1,-1,-0.01,-1,-1,-0.01,-1,-1,-0.01,-1,-1,-0.01,-1,-1,-0.01,-1,-1,-0.01,-1,-1
99926009,2026-05-18 13:04:16+05:30,53559.4,0,0.0,0,0.0,0.0,53282.15,53585.15,52783.45,53710.35,0,0.0,0.0,0.0,0.0,-0.01,-1,-1,-0.01,-1,-1,-0.01,-1,-1,-0.01,-1,-1,-0.01,-1,-1,-0.01,-1,-1,-0.01,-1,-1,-0.01,-1,-1,-0.01,-1,-1,-0.01,-1,-1
99926009,2026-05-18 13:04:16+05:30,53562.4,0,0.0,0,0.0,0.0,53282.15,53585.15,52783.45,53710.35,0,0.0,0.0,0.0,0.0,-0.01,-1,-1,-0.01,-1,-1,-0.01,-1,-1,-0.01,-1,-1,-0.01,-1,-1,-0.01,-1,-1,-0.01,-1,-1,-0.01,-1,-1,-0.01,-1,-1,-0.01,-1,-1
99926009,2026-05-18 13:04:17+05:30,53562.25,0,0.0,0,0.0,0.0,53282.15,53585.15,52783.45,53710.35,0,0.0,0.0,0.0,0.0,-0.01,-1,-1,-0.01,-1,-1,-0.01,-1,-1,-0.01,-1,-1,-0.01,-1,-1,-0.01,-1,-1,-0.01,-1,-1,-0.01,-1,-1,-0.01,-1,-1,-0.01,-1,-1
99926009,2026-05-18 13:04:17+05:30,53561.75,0,0.0,0,0.0,0.0,53282.15,53585.15,52783.45,53710.35,0,0.0,0.0,0.0,0.0,-0.01,-1,-1,-0.01,-1,-1,-0.01,-1,-1,-0.01,-1,-1,-0.01,-1,-1,-0.01,-1,-1,-0.01,-1,-1,-0.01,-1,-1,-0.01,-1,-1,-0.01,-1,-1
99926009,2026-05-18 13:04:18+05:30,53560.15,0,0.0,0,0.0,0.0,53282.15,53585.15,52783.45,53710.35,0,0.0,0.0,0.0,0.0,-0.01,-1,-1,-0.01,-1,-1,-0.01,-1,-1,-0.01,-1,-1,-0.01,-1,-1,-0.01,-1,-1,-0.01,-1,-1,-0.01,-1,-1,-0.01,-1,-1,-0.01,-1,-1
99926009,2026-05-18 13:04:18+05:30,53557.45,0,0.0,0,0.0,0.0,53282.15,53585.15,52783.45,53710.35,0,0.0,0.0,0.0,0.0,-0.01,-1,-1,-0.01,-1,-1,-0.01,-1,-1,-0.01,-1,-1,-0.01,-1,-1,-0.01,-1,-1,-0.01,-1,-1,-0.01,-1,-1,-0.01,-1,-1,-0.01,-1,-1
99926009,2026-05-18 13:04:19+05:30,53562.1,0,0.0,0,0.0,0.0,53282.15,53585.15,52783.45,53710.35,0,0.0,0.0,0.0,0.0,-0.01,-1,-1,-0.01,-1,-1,-0.01,-1,-1,-0.01,-1,-1,-0.01,-1,-1,-0.01,-1,-1,-0.01,-1,-1,-0.01,-1,-1,-0.01,-1,-1,-0.01,-1,-1
99926009,2026-05-18 13:04:19+05:30,53561.45,0,0.0,0,0.0,0.0,53282.15,53585.15,52783.45,53710.35,0,0.0,0.0,0.0,0.0,-0.01,-1,-1,-0.01,-1,-1,-0.01,-1,-1,-0.01,-1,-1,-0.01,-1,-1,-0.01,-1,-1,-0.01,-1,-1,-0.01,-1,-1,-0.01,-1,-1,-0.01,-1,-1
99926009,2026-05-18 13:04:20+05:30,53561.6,0,0.0,0,0.0,0.0,53282.15,53585.15,52783.45,53710.35,0,0.0,0.0,0.0,0.0,-0.01,-1,-1,-0.01,-1,-1,-0.01,-1,-1,-0.01,-1,-1,-0.01,-1,-1,-0.01,-1,-1,-0.01,-1,-1,-0.01,-1,-1,-0.01,-1,-1,-0.01,-1,-1
99926009,2026-05-18 13:04:20+05:30,53562.15,0,0.0,0,0.0,0.0,53282.15,53585.15,52783.45,53710.35,0,0.0,0.0,0.0,0.0,-0.01,-1,-1,-0.01,-1,-1,-0.01,-1,-1,-0.01,-1,-1,-0.01,-1,-1,-0.01,-1,-1,-0.01,-1,-1,-0.01,-1,-1,-0.01,-1,-1,-0.01,-1,-1
99926009,2026-05-18 13:04:21+05:30,53560.75,0,0.0,0,0.0,0.0,53282.15,53585.15,52783.45,53710.35,0,0.0,0.0,0.0,0.0,-0.01,-1,-1,-0.01,-1,-1,-0.01,-1,-1,-0.01,-1,-1,-0.01,-1,-1,-0.01,-1,-1,-0.01,-1,-1,-0.01,-1,-1,-0.01,-1,-1,-0.01,-1,-1
99926009,2026-05-18 13:04:21+05:30,53561.4,0,0.0,0,0.0,0.0,53282.15,53585.15,52783.45,53710.35,0,0.0,0.0,0.0,0.0,-0.01,-1,-1,-0.01,-1,-1,-0.01,-1,-1,-0.01,-1,-1,-0.01,-1,-1,-0.01,-1,-1,-0.01,-1,-1,-0.01,-1,-1,-0.01,-1,-1,-0.01,-1,-1
99926009,2026-05-18 13:04:22+05:30,53559.7,0,0.0,0,0.0,0.0,53282.15,53585.15,52783.45,53710.35,0,0.0,0.0,0.0,0.0,-0.01,-1,-1,-0.01,-1,-1,-0.01,-1,-1,-0.01,-1,-1,-0.01,-1,-1,-0.01,-1,-1,-0.01,-1,-1,-0.01,-1,-1,-0.01,-1,-1,-0.01,-1,-1
99926009,2026-05-18 13:04:22+05:30,53559.95,0,0.0,0,0.0,0.0,53282.15,53585.15,52783.45,53710.35,0,0.0,0.0,0.0,0.0,-0.01,-1,-1,-0.01,-1,-1,-0.01,-1,-1,-0.01,-1,-1,-0.01,-1,-1,-0.01,-1,-1,-0.01,-1,-1,-0.01,-1,-1,-0.01,-1,-1,-0.01,-1,-1
99926009,2026-05-18 13:04:23+05:30,53560.9,0,0.0,0,0.0,0.0,53282.15,53585.15,52783.45,53710.35,0,0.0,0.0,0.0,0.0,-0.01,-1,-1,-0.01,-1,-1,-0.01,-1,-1,-0.01,-1,-1,-0.01,-1,-1,-0.01,-1,-1,-0.01,-1,-1,-0.01,-1,-1,-0.01,-1,-1,-0.01,-1,-1
99926009,2026-05-18 13:04:23+05:30,53561.8,0,0.0,0,0.0,0.0,53282.15,53585.15,52783.45,53710.35,0,0.0,0.0,0.0,0.0,-0.01,-1,-1,-0.01,-1,-1,-0.01,-1,-1,-0.01,-1,-1,-0.01,-1,-1,-0.01,-1,-1,-0.01,-1,-1,-0.01,-1,-1,-0.01,-1,-1,-0.01,-1,-1
99926009,2026-05-18 13:04:24+05:30,53562.8,0,0.0,0,0.0,0.0,53282.15,53585.15,52783.45,53710.35,0,0.0,0.0,0.0,0.0,-0.01,-1,-1,-0.01,-1,-1,-0.01,-1,-1,-0.01,-1,-1,-0.01,-1,-1,-0.01,-1,-1,-0.01,-1,-1,-0.01,-1,-1,-0.01,-1,-1,-0.01,-1,-1
99926009,2026-05-18 13:04:24+05:30,53558.85,0,0.0,0,0.0,0.0,53282.15,53585.15,52783.45,53710.35,0,0.0,0.0,0.0,0.0,-0.01,-1,-1,-0.01,-1,-1,-0.01,-1,-1,-0.01,-1,-1,-0.01,-1,-1,-0.01,-1,-1,-0.01,-1,-1,-0.01,-1,-1,-0.01,-1,-1,-0.01,-1,-1
99926009,2026-05-18 13:04:25+05:30,53557.75,0,0.0,0,0.0,0.0,53282.15,53585.15,52783.45,53710.35,0,0.0,0.0,0.0,0.0,-0.01,-1,-1,-0.01,-1,-1,-0.01,-1,-1,-0.01,-1,-1,-0.01,-1,-1,-0.01,-1,-1,-0.01,-1,-1,-0.01,-1,-1,-0.01,-1,-1,-0.01,-1,-1
99926009,2026-05-18 13:04:25+05:30,53561.05,0,0.0,0,0.0,0.0,53282.15,53585.15,52783.45,53710.35,0,0.0,0.0,0.0,0.0,-0.01,-1,-1,-0.01,-1,-1,-0.01,-1,-1,-0.01,-1,-1,-0.01,-1,-1,-0.01,-1,-1,-0.01,-1,-1,-0.01,-1,-1,-0.01,-1,-1,-0.01,-1,-1
99926009,2026-05-18 13:04:26+05:30,53561.55,0,0.0,0,0.0,0.0,53282.15,53585.15,52783.45,53710.35,0,0.0,0.0,0.0,0.0,-0.01,-1,-1,-0.01,-1,-1,-0.01,-1,-1,-0.01,-1,-1,-0.01,-1,-1,-0.01,-1,-1,-0.01,-1,-1,-0.01,-1,-1,-0.01,-1,-1,-0.01,-1,-1
99926009,2026-05-18 13:04:26+05:30,53559.95,0,0.0,0,0.0,0.0,53282.15,53585.15,52783.45,53710.35,0,0.0,0.0,0.0,0.0,-0.01,-1,-1,-0.01,-1,-1,-0.01,-1,-1,-0.01,-1,-1,-0.01,-1,-1,-0.01,-1,-1,-0.01,-1,-1,-0.01,-1,-1,-0.01,-1,-1,-0.01,-1,-1
99926009,2026-05-18 13:04:27+05:30,53559.25,0,0.0,0,0.0,0.0,53282.15,53585.15,52783.45,53710.35,0,0.0,0.0,0.0,0.0,-0.01,-1,-1,-0.01,-1,-1,-0.01,-1,-1,-0.01,-1,-1,-0.01,-1,-1,-0.01,-1,-1,-0.01,-1,-1,-0.01,-1,-1,-0.01,-1,-1,-0.01,-1,-1
99926009,2026-05-18 13:04:27+05:30,53558.8,0,0.0,0,0.0,0.0,53282.15,53585.15,52783.45,53710.35,0,0.0,0.0,0.0,0.0,-0.01,-1,-1,-0.01,-1,-1,-0.01,-1,-1,-0.01,-1,-1,-0.01,-1,-1,-0.01,-1,-1,-0.01,-1,-1,-0.01,-1,-1,-0.01,-1,-1,-0.01,-1,-1
99926009,2026-05-18 13:04:28+05:30,53557.4,0,0.0,0,0.0,0.0,53282.15,53585.15,52783.45,53710.35,0,0.0,0.0,0.0,0.0,-0.01,-1,-1,-0.01,-1,-1,-0.01,-1,-1,-0.01,-1,-1,-0.01,-1,-1,-0.01,-1,-1,-0.01,-1,-1,-0.01,-1,-1,-0.01,-1,-1,-0.01,-1,-1
99926009,2026-05-18 13:04:28+05:30,53558.8,0,0.0,0,0.0,0.0,53282.15,53585.15,52783.45,53710.35,0,0.0,0.0,0.0,0.0,-0.01,-1,-1,-0.01,-1,-1,-0.01,-1,-1,-0.01,-1,-1,-0.01,-1,-1,-0.01,-1,-1,-0.01,-1,-1,-0.01,-1,-1,-0.01,-1,-1,-0.01,-1,-1
99926009,2026-05-18 13:04:29+05:30,53556.45,0,0.0,0,0.0,0.0,53282.15,53585.15,52783.45,53710.35,0,0.0,0.0,0.0,0.0,-0.01,-1,-1,-0.01,-1,-1,-0.01,-1,-1,-0.01,-1,-1,-0.01,-1,-1,-0.01,-1,-1,-0.01,-1,-1,-0.01,-1,-1,-0.01,-1,-1,-0.01,-1,-1
99926009,2026-05-18 13:04:29+05:30,53558.35,0,0.0,0,0.0,0.0,53282.15,53585.15,52783.45,53710.35,0,0.0,0.0,0.0,0.0,-0.01,-1,-1,-0.01,-1,-1,-0.01,-1,-1,-0.01,-1,-1,-0.01,-1,-1,-0.01,-1,-1,-0.01,-1,-1,-0.01,-1,-1,-0.01,-1,-1,-0.01,-1,-1
99926009,2026-05-18 13:04:30+05:30,53556.05,0,0.0,0,0.0,0.0,53282.15,53585.15,52783.45,53710.35,0,0.0,0.0,0.0,0.0,-0.01,-1,-1,-0.01,-1,-1,-0.01,-1,-1,-0.01,-1,-1,-0.01,-1,-1,-0.01,-1,-1,-0.01,-1,-1,-0.01,-1,-1,-0.01,-1,-1,-0.01,-1,-1
99926009,2026-05-18 13:04:30+05:30,53554.3,0,0.0,0,0.0,0.0,53282.15,53585.15,52783.45,53710.35,0,0.0,0.0,0.0,0.0,-0.01,-1,-1,-0.01,-1,-1,-0.01,-1,-1,-0.01,-1,-1,-0.01,-1,-1,-0.01,-1,-1,-0.01,-1,-1,-0.01,-1,-1,-0.01,-1,-1,-0.01,-1,-1
99926009,2026-05-18 13:04:31+05:30,53558.35,0,0.0,0,0.0,0.0,53282.15,53585.15,52783.45,53710.35,0,0.0,0.0,0.0,0.0,-0.01,-1,-1,-0.01,-1,-1,-0.01,-1,-1,-0.01,-1,-1,-0.01,-1,-1,-0.01,-1,-1,-0.01,-1,-1,-0.01,-1,-1,-0.01,-1,-1,-0.01,-1,-1
99926009,2026-05-18 13:04:31+05:30,53556.75,0,0.0,0,0.0,0.0,53282.15,53585.15,52783.45,53710.35,0,0.0,0.0,0.0,0.0,-0.01,-1,-1,-0.01,-1,-1,-0.01,-1,-1,-0.01,-1,-1,-0.01,-1,-1,-0.01,-1,-1,-0.01,-1,-1,-0.01,-1,-1,-0.01,-1,-1,-0.01,-1,-1
99926009,2026-05-18 13:04:32+05:30,53558.05,0,0.0,0,0.0,0.0,53282.15,53585.15,52783.45,53710.35,0,0.0,0.0,0.0,0.0,-0.01,-1,-1,-0.01,-1,-1,-0.01,-1,-1,-0.01,-1,-1,-0.01,-1,-1,-0.01,-1,-1,-0.01,-1,-1,-0.01,-1,-1,-0.01,-1,-1,-0.01,-1,-1
99926009,2026-05-18 13:04:32+05:30,53557.2,0,0.0,0,0.0,0.0,53282.15,53585.15,52783.45,53710.35,0,0.0,0.0,0.0,0.0,-0.01,-1,-1,-0.01,-1,-1,-0.01,-1,-1,-0.01,-1,-1,-0.01,-1,-1,-0.01,-1,-1,-0.01,-1,-1,-0.01,-1,-1,-0.01,-1,-1,-0.01,-1,-1
99926009,2026-05-18 13:04:33+05:30,53560.15,0,0.0,0,0.0,0.0,53282.15,53585.15,52783.45,53710.35,0,0.0,0.0,0.0,0.0,-0.01,-1,-1,-0.01,-1,-1,-0.01,-1,-1,-0.01,-1,-1,-0.01,-1,-1,-0.01,-1,-1,-0.01,-1,-1,-0.01,-1,-1,-0.01,-1,-1,-0.01,-1,-1
99926009,2026-05-18 13:04:33+05:30,53557.05,0,0.0,0,0.0,0.0,53282.15,53585.15,52783.45,53710.35,0,0.0,0.0,0.0,0.0,-0.01,-1,-1,-0.01,-1,-1,-0.01,-1,-1,-0.01,-1,-1,-0.01,-1,-1,-0.01,-1,-1,-0.01,-1,-1,-0.01,-1,-1,-0.01,-1,-1,-0.01,-1,-1
99926009,2026-05-18 13:04:34+05:30,53559.8,0,0.0,0,0.0,0.0,53282.15,53585.15,52783.45,53710.35,0,0.0,0.0,0.0,0.0,-0.01,-1,-1,-0.01,-1,-1,-0.01,-1,-1,-0.01,-1,-1,-0.01,-1,-1,-0.01,-1,-1,-0.01,-1,-1,-0.01,-1,-1,-0.01,-1,-1,-0.01,-1,-1
99926009,2026-05-18 13:04:34+05:30,53560.2,0,0.0,0,0.0,0.0,53282.15,53585.15,52783.45,53710.35,0,0.0,0.0,0.0,0.0,-0.01,-1,-1,-0.01,-1,-1,-0.01,-1,-1,-0.01,-1,-1,-0.01,-1,-1,-0.01,-1,-1,-0.01,-1,-1,-0.01,-1,-1,-0.01,-1,-1,-0.01,-1,-1
99926009,2026-05-18 13:04:35+05:30,53557.05,0,0.0,0,0.0,0.0,53282.15,53585.15,52783.45,53710.35,0,0.0,0.0,0.0,0.0,-0.01,-1,-1,-0.01,-1,-1,-0.01,-1,-1,-0.01,-1,-1,-0.01,-1,-1,-0.01,-1,-1,-0.01,-1,-1,-0.01,-1,-1,-0.01,-1,-1,-0.01,-1,-1
99926009,2026-05-18 13:04:35+05:30,53557.15,0,0.0,0,0.0,0.0,53282.15,53585.15,52783.45,53710.35,0,0.0,0.0,0.0,0.0,-0.01,-1,-1,-0.01,-1,-1,-0.01,-1,-1,-0.01,-1,-1,-0.01,-1,-1,-0.01,-1,-1,-0.01,-1,-1,-0.01,-1,-1,-0.01,-1,-1,-0.01,-1,-1
99926009,2026-05-18 13:04:36+05:30,53557.15,0,0.0,0,0.0,0.0,53282.15,53585.15,52783.45,53710.35,0,0.0,0.0,0.0,0.0,-0.01,-1,-1,-0.01,-1,-1,-0.01,-1,-1,-0.01,-1,-1,-0.01,-1,-1,-0.01,-1,-1,-0.01,-1,-1,-0.01,-1,-1,-0.01,-1,-1,-0.01,-1,-1
99926009,2026-05-18 13:04:36+05:30,53556.8,0,0.0,0,0.0,0.0,53282.15,53585.15,52783.45,53710.35,0,0.0,0.0,0.0,0.0,-0.01,-1,-1,-0.01,-1,-1,-0.01,-1,-1,-0.01,-1,-1,-0.01,-1,-1,-0.01,-1,-1,-0.01,-1,-1,-0.01,-1,-1,-0.01,-1,-1,-0.01,-1,-1
99926009,2026-05-18 13:04:37+05:30,53558.9,0,0.0,0,0.0,0.0,53282.15,53585.15,52783.45,53710.35,0,0.0,0.0,0.0,0.0,-0.01,-1,-1,-0.01,-1,-1,-0.01,-1,-1,-0.01,-1,-1,-0.01,-1,-1,-0.01,-1,-1,-0.01,-1,-1,-0.01,-1,-1,-0.01,-1,-1,-0.01,-1,-1
99926009,2026-05-18 13:04:37+05:30,53554.0,0,0.0,0,0.0,0.0,53282.15,53585.15,52783.45,53710.35,0,0.0,0.0,0.0,0.0,-0.01,-1,-1,-0.01,-1,-1,-0.01,-1,-1,-0.01,-1,-1,-0.01,-1,-1,-0.01,-1,-1,-0.01,-1,-1,-0.01,-1,-1,-0.01,-1,-1,-0.01,-1,-1
99926009,2026-05-18 13:04:38+05:30,53555.45,0,0.0,0,0.0,0.0,53282.15,53585.15,52783.45,53710.35,0,0.0,0.0,0.0,0.0,-0.01,-1,-1,-0.01,-1,-1,-0.01,-1,-1,-0.01,-1,-1,-0.01,-1,-1,-0.01,-1,-1,-0.01,-1,-1,-0.01,-1,-1,-0.01,-1,-1,-0.01,-1,-1
99926009,2026-05-18 13:04:38+05:30,53556.3,0,0.0,0,0.0,0.0,53282.15,53585.15,52783.45,53710.35,0,0.0,0.0,0.0,0.0,-0.01,-1,-1,-0.01,-1,-1,-0.01,-1,-1,-0.01,-1,-1,-0.01,-1,-1,-0.01,-1,-1,-0.01,-1,-1,-0.01,-1,-1,-0.01,-1,-1,-0.01,-1,-1
99926009,2026-05-18 13:04:39+05:30,53557.7,0,0.0,0,0.0,0.0,53282.15,53585.15,52783.45,53710.35,0,0.0,0.0,0.0,0.0,-0.01,-1,-1,-0.01,-1,-1,-0.01,-1,-1,-0.01,-1,-1,-0.01,-1,-1,-0.01,-1,-1,-0.01,-1,-1,-0.01,-1,-1,-0.01,-1,-1,-0.01,-1,-1
99926009,2026-05-18 13:04:39+05:30,53560.55,0,0.0,0,0.0,0.0,53282.15,53585.15,52783.45,53710.35,0,0.0,0.0,0.0,0.0,-0.01,-1,-1,-0.01,-1,-1,-0.01,-1,-1,-0.01,-1,-1,-0.01,-1,-1,-0.01,-1,-1,-0.01,-1,-1,-0.01,-1,-1,-0.01,-1,-1,-0.01,-1,-1
99926009,2026-05-18 13:04:40+05:30,53555.6,0,0.0,0,0.0,0.0,53282.15,53585.15,52783.45,53710.35,0,0.0,0.0,0.0,0.0,-0.01,-1,-1,-0.01,-1,-1,-0.01,-1,-1,-0.01,-1,-1,-0.01,-1,-1,-0.01,-1,-1,-0.01,-1,-1,-0.01,-1,-1,-0.01,-1,-1,-0.01,-1,-1
99926009,2026-05-18 13:04:40+05:30,53559.9,0,0.0,0,0.0,0.0,53282.15,53585.15,52783.45,53710.35,0,0.0,0.0,0.0,0.0,-0.01,-1,-1,-0.01,-1,-1,-0.01,-1,-1,-0.01,-1,-1,-0.01,-1,-1,-0.01,-1,-1,-0.01,-1,-1,-0.01,-1,-1,-0.01,-1,-1,-0.01,-1,-1
99926009,2026-05-18 13:04:41+05:30,53559.0,0,0.0,0,0.0,0.0,53282.15,53585.15,52783.45,53710.35,0,0.0,0.0,0.0,0.0,-0.01,-1,-1,-0.01,-1,-1,-0.01,-1,-1,-0.01,-1,-1,-0.01,-1,-1,-0.01,-1,-1,-0.01,-1,-1,-0.01,-1,-1,-0.01,-1,-1,-0.01,-1,-1
99926009,2026-05-18 13:04:41+05:30,53556.7,0,0.0,0,0.0,0.0,53282.15,53585.15,52783.45,53710.35,0,0.0,0.0,0.0,0.0,-0.01,-1,-1,-0.01,-1,-1,-0.01,-1,-1,-0.01,-1,-1,-0.01,-1,-1,-0.01,-1,-1,-0.01,-1,-1,-0.01,-1,-1,-0.01,-1,-1,-0.01,-1,-1
99926009,2026-05-18 13:04:42+05:30,53558.4,0,0.0,0,0.0,0.0,53282.15,53585.15,52783.45,53710.35,0,0.0,0.0,0.0,0.0,-0.01,-1,-1,-0.01,-1,-1,-0.01,-1,-1,-0.01,-1,-1,-0.01,-1,-1,-0.01,-1,-1,-0.01,-1,-1,-0.01,-1,-1,-0.01,-1,-1,-0.01,-1,-1
99926009,2026-05-18 13:04:42+05:30,53558.85,0,0.0,0,0.0,0.0,53282.15,53585.15,52783.45,53710.35,0,0.0,0.0,0.0,0.0,-0.01,-1,-1,-0.01,-1,-1,-0.01,-1,-1,-0.01,-1,-1,-0.01,-1,-1,-0.01,-1,-1,-0.01,-1,-1,-0.01,-1,-1,-0.01,-1,-1,-0.01,-1,-1
99926009,2026-05-18 13:04:43+05:30,53556.25,0,0.0,0,0.0,0.0,53282.15,53585.15,52783.45,53710.35,0,0.0,0.0,0.0,0.0,-0.01,-1,-1,-0.01,-1,-1,-0.01,-1,-1,-0.01,-1,-1,-0.01,-1,-1,-0.01,-1,-1,-0.01,-1,-1,-0.01,-1,-1,-0.01,-1,-1,-0.01,-1,-1
99926009,2026-05-18 13:04:43+05:30,53550.35,0,0.0,0,0.0,0.0,53282.15,53585.15,52783.45,53710.35,0,0.0,0.0,0.0,0.0,-0.01,-1,-1,-0.01,-1,-1,-0.01,-1,-1,-0.01,-1,-1,-0.01,-1,-1,-0.01,-1,-1,-0.01,-1,-1,-0.01,-1,-1,-0.01,-1,-1,-0.01,-1,-1
99926009,2026-05-18 13:04:44+05:30,53547.5,0,0.0,0,0.0,0.0,53282.15,53585.15,52783.45,53710.35,0,0.0,0.0,0.0,0.0,-0.01,-1,-1,-0.01,-1,-1,-0.01,-1,-1,-0.01,-1,-1,-0.01,-1,-1,-0.01,-1,-1,-0.01,-1,-1,-0.01,-1,-1,-0.01,-1,-1,-0.01,-1,-1
99926009,2026-05-18 13:04:44+05:30,53546.05,0,0.0,0,0.0,0.0,53282.15,53585.15,52783.45,53710.35,0,0.0,0.0,0.0,0.0,-0.01,-1,-1,-0.01,-1,-1,-0.01,-1,-1,-0.01,-1,-1,-0.01,-1,-1,-0.01,-1,-1,-0.01,-1,-1,-0.01,-1,-1,-0.01,-1,-1,-0.01,-1,-1
99926009,2026-05-18 13:04:45+05:30,53544.65,0,0.0,0,0.0,0.0,53282.15,53585.15,52783.45,53710.35,0,0.0,0.0,0.0,0.0,-0.01,-1,-1,-0.01,-1,-1,-0.01,-1,-1,-0.01,-1,-1,-0.01,-1,-1,-0.01,-1,-1,-0.01,-1,-1,-0.01,-1,-1,-0.01,-1,-1,-0.01,-1,-1
99926009,2026-05-18 13:04:45+05:30,53540.05,0,0.0,0,0.0,0.0,53282.15,53585.15,52783.45,53710.35,0,0.0,0.0,0.0,0.0,-0.01,-1,-1,-0.01,-1,-1,-0.01,-1,-1,-0.01,-1,-1,-0.01,-1,-1,-0.01,-1,-1,-0.01,-1,-1,-0.01,-1,-1,-0.01,-1,-1,-0.01,-1,-1
99926009,2026-05-18 13:04:46+05:30,53542.7,0,0.0,0,0.0,0.0,53282.15,53585.15,52783.45,53710.35,0,0.0,0.0,0.0,0.0,-0.01,-1,-1,-0.01,-1,-1,-0.01,-1,-1,-0.01,-1,-1,-0.01,-1,-1,-0.01,-1,-1,-0.01,-1,-1,-0.01,-1,-1,-0.01,-1,-1,-0.01,-1,-1
99926009,2026-05-18 13:04:46+05:30,53545.15,0,0.0,0,0.0,0.0,53282.15,53585.15,52783.45,53710.35,0,0.0,0.0,0.0,0.0,-0.01,-1,-1,-0.01,-1,-1,-0.01,-1,-1,-0.01,-1,-1,-0.01,-1,-1,-0.01,-1,-1,-0.01,-1,-1,-0.01,-1,-1,-0.01,-1,-1,-0.01,-1,-1
99926009,2026-05-18 13:04:47+05:30,53537.4,0,0.0,0,0.0,0.0,53282.15,53585.15,52783.45,53710.35,0,0.0,0.0,0.0,0.0,-0.01,-1,-1,-0.01,-1,-1,-0.01,-1,-1,-0.01,-1,-1,-0.01,-1,-1,-0.01,-1,-1,-0.01,-1,-1,-0.01,-1,-1,-0.01,-1,-1,-0.01,-1,-1
99926009,2026-05-18 13:04:47+05:30,53536.3,0,0.0,0,0.0,0.0,53282.15,53585.15,52783.45,53710.35,0,0.0,0.0,0.0,0.0,-0.01,-1,-1,-0.01,-1,-1,-0.01,-1,-1,-0.01,-1,-1,-0.01,-1,-1,-0.01,-1,-1,-0.01,-1,-1,-0.01,-1,-1,-0.01,-1,-1,-0.01,-1,-1
99926009,2026-05-18 13:04:48+05:30,53544.6,0,0.0,0,0.0,0.0,53282.15,53585.15,52783.45,53710.35,0,0.0,0.0,0.0,0.0,-0.01,-1,-1,-0.01,-1,-1,-0.01,-1,-1,-0.01,-1,-1,-0.01,-1,-1,-0.01,-1,-1,-0.01,-1,-1,-0.01,-1,-1,-0.01,-1,-1,-0.01,-1,-1
99926009,2026-05-18 13:04:48+05:30,53536.5,0,0.0,0,0.0,0.0,53282.15,53585.15,52783.45,53710.35,0,0.0,0.0,0.0,0.0,-0.01,-1,-1,-0.01,-1,-1,-0.01,-1,-1,-0.01,-1,-1,-0.01,-1,-1,-0.01,-1,-1,-0.01,-1,-1,-0.01,-1,-1,-0.01,-1,-1,-0.01,-1,-1
99926009,2026-05-18 13:04:49+05:30,53535.55,0,0.0,0,0.0,0.0,53282.15,53585.15,52783.45,53710.35,0,0.0,0.0,0.0,0.0,-0.01,-1,-1,-0.01,-1,-1,-0.01,-1,-1,-0.01,-1,-1,-0.01,-1,-1,-0.01,-1,-1,-0.01,-1,-1,-0.01,-1,-1,-0.01,-1,-1,-0.01,-1,-1
99926009,2026-05-18 13:04:49+05:30,53533.25,0,0.0,0,0.0,0.0,53282.15,53585.15,52783.45,53710.35,0,0.0,0.0,0.0,0.0,-0.01,-1,-1,-0.01,-1,-1,-0.01,-1,-1,-0.01,-1,-1,-0.01,-1,-1,-0.01,-1,-1,-0.01,-1,-1,-0.01,-1,-1,-0.01,-1,-1,-0.01,-1,-1
99926009,2026-05-18 13:04:50+05:30,53526.55,0,0.0,0,0.0,0.0,53282.15,53585.15,52783.45,53710.35,0,0.0,0.0,0.0,0.0,-0.01,-1,-1,-0.01,-1,-1,-0.01,-1,-1,-0.01,-1,-1,-0.01,-1,-1,-0.01,-1,-1,-0.01,-1,-1,-0.01,-1,-1,-0.01,-1,-1,-0.01,-1,-1
99926009,2026-05-18 13:04:50+05:30,53531.05,0,0.0,0,0.0,0.0,53282.15,53585.15,52783.45,53710.35,0,0.0,0.0,0.0,0.0,-0.01,-1,-1,-0.01,-1,-1,-0.01,-1,-1,-0.01,-1,-1,-0.01,-1,-1,-0.01,-1,-1,-0.01,-1,-1,-0.01,-1,-1,-0.01,-1,-1,-0.01,-1,-1
99926009,2026-05-18 13:04:51+05:30,53530.7,0,0.0,0,0.0,0.0,53282.15,53585.15,52783.45,53710.35,0,0.0,0.0,0.0,0.0,-0.01,-1,-1,-0.01,-1,-1,-0.01,-1,-1,-0.01,-1,-1,-0.01,-1,-1,-0.01,-1,-1,-0.01,-1,-1,-0.01,-1,-1,-0.01,-1,-1,-0.01,-1,-1
99926009,2026-05-18 13:04:51+05:30,53525.3,0,0.0,0,0.0,0.0,53282.15,53585.15,52783.45,53710.35,0,0.0,0.0,0.0,0.0,-0.01,-1,-1,-0.01,-1,-1,-0.01,-1,-1,-0.01,-1,-1,-0.01,-1,-1,-0.01,-1,-1,-0.01,-1,-1,-0.01,-1,-1,-0.01,-1,-1,-0.01,-1,-1
99926009,2026-05-18 13:04:52+05:30,53527.95,0,0.0,0,0.0,0.0,53282.15,53585.15,52783.45,53710.35,0,0.0,0.0,0.0,0.0,-0.01,-1,-1,-0.01,-1,-1,-0.01,-1,-1,-0.01,-1,-1,-0.01,-1,-1,-0.01,-1,-1,-0.01,-1,-1,-0.01,-1,-1,-0.01,-1,-1,-0.01,-1,-1
99926009,2026-05-18 13:04:52+05:30,53530.1,0,0.0,0,0.0,0.0,53282.15,53585.15,52783.45,53710.35,0,0.0,0.0,0.0,0.0,-0.01,-1,-1,-0.01,-1,-1,-0.01,-1,-1,-0.01,-1,-1,-0.01,-1,-1,-0.01,-1,-1,-0.01,-1,-1,-0.01,-1,-1,-0.01,-1,-1,-0.01,-1,-1
99926009,2026-05-18 13:04:53+05:30,53526.8,0,0.0,0,0.0,0.0,53282.15,53585.15,52783.45,53710.35,0,0.0,0.0,0.0,0.0,-0.01,-1,-1,-0.01,-1,-1,-0.01,-1,-1,-0.01,-1,-1,-0.01,-1,-1,-0.01,-1,-1,-0.01,-1,-1,-0.01,-1,-1,-0.01,-1,-1,-0.01,-1,-1
99926009,2026-05-18 13:04:53+05:30,53531.5,0,0.0,0,0.0,0.0,53282.15,53585.15,52783.45,53710.35,0,0.0,0.0,0.0,0.0,-0.01,-1,-1,-0.01,-1,-1,-0.01,-1,-1,-0.01,-1,-1,-0.01,-1,-1,-0.01,-1,-1,-0.01,-1,-1,-0.01,-1,-1,-0.01,-1,-1,-0.01,-1,-1
99926009,2026-05-18 13:04:54+05:30,53530.35,0,0.0,0,0.0,0.0,53282.15,53585.15,52783.45,53710.35,0,0.0,0.0,0.0,0.0,-0.01,-1,-1,-0.01,-1,-1,-0.01,-1,-1,-0.01,-1,-1,-0.01,-1,-1,-0.01,-1,-1,-0.01,-1,-1,-0.01,-1,-1,-0.01,-1,-1,-0.01,-1,-1
99926009,2026-05-18 13:04:54+05:30,53531.3,0,0.0,0,0.0,0.0,53282.15,53585.15,52783.45,53710.35,0,0.0,0.0,0.0,0.0,-0.01,-1,-1,-0.01,-1,-1,-0.01,-1,-1,-0.01,-1,-1,-0.01,-1,-1,-0.01,-1,-1,-0.01,-1,-1,-0.01,-1,-1,-0.01,-1,-1,-0.01,-1,-1
99926009,2026-05-18 13:04:55+05:30,53528.7,0,0.0,0,0.0,0.0,53282.15,53585.15,52783.45,53710.35,0,0.0,0.0,0.0,0.0,-0.01,-1,-1,-0.01,-1,-1,-0.01,-1,-1,-0.01,-1,-1,-0.01,-1,-1,-0.01,-1,-1,-0.01,-1,-1,-0.01,-1,-1,-0.01,-1,-1,-0.01,-1,-1
99926009,2026-05-18 13:04:55+05:30,53532.45,0,0.0,0,0.0,0.0,53282.15,53585.15,52783.45,53710.35,0,0.0,0.0,0.0,0.0,-0.01,-1,-1,-0.01,-1,-1,-0.01,-1,-1,-0.01,-1,-1,-0.01,-1,-1,-0.01,-1,-1,-0.01,-1,-1,-0.01,-1,-1,-0.01,-1,-1,-0.01,-1,-1
99926009,2026-05-18 13:04:56+05:30,53533.4,0,0.0,0,0.0,0.0,53282.15,53585.15,52783.45,53710.35,0,0.0,0.0,0.0,0.0,-0.01,-1,-1,-0.01,-1,-1,-0.01,-1,-1,-0.01,-1,-1,-0.01,-1,-1,-0.01,-1,-1,-0.01,-1,-1,-0.01,-1,-1,-0.01,-1,-1,-0.01,-1,-1
99926009,2026-05-18 13:04:56+05:30,53531.95,0,0.0,0,0.0,0.0,53282.15,53585.15,52783.45,53710.35,0,0.0,0.0,0.0,0.0,-0.01,-1,-1,-0.01,-1,-1,-0.01,-1,-1,-0.01,-1,-1,-0.01,-1,-1,-0.01,-1,-1,-0.01,-1,-1,-0.01,-1,-1,-0.01,-1,-1,-0.01,-1,-1
99926009,2026-05-18 13:04:57+05:30,53533.05,0,0.0,0,0.0,0.0,53282.15,53585.15,52783.45,53710.35,0,0.0,0.0,0.0,0.0,-0.01,-1,-1,-0.01,-1,-1,-0.01,-1,-1,-0.01,-1,-1,-0.01,-1,-1,-0.01,-1,-1,-0.01,-1,-1,-0.01,-1,-1,-0.01,-1,-1,-0.01,-1,-1
99926009,2026-05-18 13:04:57+05:30,53530.95,0,0.0,0,0.0,0.0,53282.15,53585.15,52783.45,53710.35,0,0.0,0.0,0.0,0.0,-0.01,-1,-1,-0.01,-1,-1,-0.01,-1,-1,-0.01,-1,-1,-0.01,-1,-1,-0.01,-1,-1,-0.01,-1,-1,-0.01,-1,-1,-0.01,-1,-1,-0.01,-1,-1
99926009,2026-05-18 13:04:58+05:30,53533.0,0,0.0,0,0.0,0.0,53282.15,53585.15,52783.45,53710.35,0,0.0,0.0,0.0,0.0,-0.01,-1,-1,-0.01,-1,-1,-0.01,-1,-1,-0.01,-1,-1,-0.01,-1,-1,-0.01,-1,-1,-0.01,-1,-1,-0.01,-1,-1,-0.01,-1,-1,-0.01,-1,-1
99926009,2026-05-18 13:04:58+05:30,53531.55,0,0.0,0,0.0,0.0,53282.15,53585.15,52783.45,53710.35,0,0.0,0.0,0.0,0.0,-0.01,-1,-1,-0.01,-1,-1,-0.01,-1,-1,-0.01,-1,-1,-0.01,-1,-1,-0.01,-1,-1,-0.01,-1,-1,-0.01,-1,-1,-0.01,-1,-1,-0.01,-1,-1
99926009,2026-05-18 13:04:59+05:30,53527.05,0,0.0,0,0.0,0.0,53282.15,53585.15,52783.45,53710.35,0,0.0,0.0,0.0,0.0,-0.01,-1,-1,-0.01,-1,-1,-0.01,-1,-1,-0.01,-1,-1,-0.01,-1,-1,-0.01,-1,-1,-0.01,-1,-1,-0.01,-1,-1,-0.01,-1,-1,-0.01,-1,-1
99926009,2026-05-18 13:04:59+05:30,53529.1,0,0.0,0,0.0,0.0,53282.15,53585.15,52783.45,53710.35,0,0.0,0.0,0.0,0.0,-0.01,-1,-1,-0.01,-1,-1,-0.01,-1,-1,-0.01,-1,-1,-0.01,-1,-1,-0.01,-1,-1,-0.01,-1,-1,-0.01,-1,-1,-0.01,-1,-1,-0.01,-1,-1
99926009,2026-05-18 13:05:00+05:30,53532.45,0,0.0,0,0.0,0.0,53282.15,53585.15,52783.45,53710.35,0,0.0,0.0,0.0,0.0,-0.01,-1,-1,-0.01,-1,-1,-0.01,-1,-1,-0.01,-1,-1,-0.01,-1,-1,-0.01,-1,-1,-0.01,-1,-1,-0.01,-1,-1,-0.01,-1,-1,-0.01,-1,-1
99926009,2026-05-18 13:05:00+05:30,53532.05,0,0.0,0,0.0,0.0,53282.15,53585.15,52783.45,53710.35,0,0.0,0.0,0.0,0.0,-0.01,-1,-1,-0.01,-1,-1,-0.01,-1,-1,-0.01,-1,-1,-0.01,-1,-1,-0.01,-1,-1,-0.01,-1,-1,-0.01,-1,-1,-0.01,-1,-1,-0.01,-1,-1
99926009,2026-05-18 13:05:01+05:30,53525.15,0,0.0,0,0.0,0.0,53282.15,53585.15,52783.45,53710.35,0,0.0,0.0,0.0,0.0,-0.01,-1,-1,-0.01,-1,-1,-0.01,-1,-1,-0.01,-1,-1,-0.01,-1,-1,-0.01,-1,-1,-0.01,-1,-1,-0.01,-1,-1,-0.01,-1,-1,-0.01,-1,-1
99926009,2026-05-18 13:05:01+05:30,53532.7,0,0.0,0,0.0,0.0,53282.15,53585.15,52783.45,53710.35,0,0.0,0.0,0.0,0.0,-0.01,-1,-1,-0.01,-1,-1,-0.01,-1,-1,-0.01,-1,-1,-0.01,-1,-1,-0.01,-1,-1,-0.01,-1,-1,-0.01,-1,-1,-0.01,-1,-1,-0.01,-1,-1
99926009,2026-05-18 13:05:02+05:30,53531.15,0,0.0,0,0.0,0.0,53282.15,53585.15,52783.45,53710.35,0,0.0,0.0,0.0,0.0,-0.01,-1,-1,-0.01,-1,-1,-0.01,-1,-1,-0.01,-1,-1,-0.01,-1,-1,-0.01,-1,-1,-0.01,-1,-1,-0.01,-1,-1,-0.01,-1,-1,-0.01,-1,-1
99926009,2026-05-18 13:05:02+05:30,53528.95,0,0.0,0,0.0,0.0,53282.15,53585.15,52783.45,53710.35,0,0.0,0.0,0.0,0.0,-0.01,-1,-1,-0.01,-1,-1,-0.01,-1,-1,-0.01,-1,-1,-0.01,-1,-1,-0.01,-1,-1,-0.01,-1,-1,-0.01,-1,-1,-0.01,-1,-1,-0.01,-1,-1
99926009,2026-05-18 13:05:03+05:30,53528.35,0,0.0,0,0.0,0.0,53282.15,53585.15,52783.45,53710.35,0,0.0,0.0,0.0,0.0,-0.01,-1,-1,-0.01,-1,-1,-0.01,-1,-1,-0.01,-1,-1,-0.01,-1,-1,-0.01,-1,-1,-0.01,-1,-1,-0.01,-1,-1,-0.01,-1,-1,-0.01,-1,-1
99926009,2026-05-18 13:05:03+05:30,53529.8,0,0.0,0,0.0,0.0,53282.15,53585.15,52783.45,53710.35,0,0.0,0.0,0.0,0.0,-0.01,-1,-1,-0.01,-1,-1,-0.01,-1,-1,-0.01,-1,-1,-0.01,-1,-1,-0.01,-1,-1,-0.01,-1,-1,-0.01,-1,-1,-0.01,-1,-1,-0.01,-1,-1
99926009,2026-05-18 13:05:04+05:30,53530.35,0,0.0,0,0.0,0.0,53282.15,53585.15,52783.45,53710.35,0,0.0,0.0,0.0,0.0,-0.01,-1,-1,-0.01,-1,-1,-0.01,-1,-1,-0.01,-1,-1,-0.01,-1,-1,-0.01,-1,-1,-0.01,-1,-1,-0.01,-1,-1,-0.01,-1,-1,-0.01,-1,-1
99926009,2026-05-18 13:05:04+05:30,53527.85,0,0.0,0,0.0,0.0,53282.15,53585.15,52783.45,53710.35,0,0.0,0.0,0.0,0.0,-0.01,-1,-1,-0.01,-1,-1,-0.01,-1,-1,-0.01,-1,-1,-0.01,-1,-1,-0.01,-1,-1,-0.01,-1,-1,-0.01,-1,-1,-0.01,-1,-1,-0.01,-1,-1
99926009,2026-05-18 13:05:05+05:30,53527.2,0,0.0,0,0.0,0.0,53282.15,53585.15,52783.45,53710.35,0,0.0,0.0,0.0,0.0,-0.01,-1,-1,-0.01,-1,-1,-0.01,-1,-1,-0.01,-1,-1,-0.01,-1,-1,-0.01,-1,-1,-0.01,-1,-1,-0.01,-1,-1,-0.01,-1,-1,-0.01,-1,-1
99926009,2026-05-18 13:05:05+05:30,53532.2,0,0.0,0,0.0,0.0,53282.15,53585.15,52783.45,53710.35,0,0.0,0.0,0.0,0.0,-0.01,-1,-1,-0.01,-1,-1,-0.01,-1,-1,-0.01,-1,-1,-0.01,-1,-1,-0.01,-1,-1,-0.01,-1,-1,-0.01,-1,-1,-0.01,-1,-1,-0.01,-1,-1
99926009,2026-05-18 13:05:06+05:30,53532.0,0,0.0,0,0.0,0.0,53282.15,53585.15,52783.45,53710.35,0,0.0,0.0,0.0,0.0,-0.01,-1,-1,-0.01,-1,-1,-0.01,-1,-1,-0.01,-1,-1,-0.01,-1,-1,-0.01,-1,-1,-0.01,-1,-1,-0.01,-1,-1,-0.01,-1,-1,-0.01,-1,-1
99926009,2026-05-18 13:05:06+05:30,53531.55,0,0.0,0,0.0,0.0,53282.15,53585.15,52783.45,53710.35,0,0.0,0.0,0.0,0.0,-0.01,-1,-1,-0.01,-1,-1,-0.01,-1,-1,-0.01,-1,-1,-0.01,-1,-1,-0.01,-1,-1,-0.01,-1,-1,-0.01,-1,-1,-0.01,-1,-1,-0.01,-1,-1
99926009,2026-05-18 13:05:07+05:30,53525.8,0,0.0,0,0.0,0.0,53282.15,53585.15,52783.45,53710.35,0,0.0,0.0,0.0,0.0,-0.01,-1,-1,-0.01,-1,-1,-0.01,-1,-1,-0.01,-1,-1,-0.01,-1,-1,-0.01,-1,-1,-0.01,-1,-1,-0.01,-1,-1,-0.01,-1,-1,-0.01,-1,-1
99926009,2026-05-18 13:05:07+05:30,53525.9,0,0.0,0,0.0,0.0,53282.15,53585.15,52783.45,53710.35,0,0.0,0.0,0.0,0.0,-0.01,-1,-1,-0.01,-1,-1,-0.01,-1,-1,-0.01,-1,-1,-0.01,-1,-1,-0.01,-1,-1,-0.01,-1,-1,-0.01,-1,-1,-0.01,-1,-1,-0.01,-1,-1
99926009,2026-05-18 13:05:08+05:30,53524.3,0,0.0,0,0.0,0.0,53282.15,53585.15,52783.45,53710.35,0,0.0,0.0,0.0,0.0,-0.01,-1,-1,-0.01,-1,-1,-0.01,-1,-1,-0.01,-1,-1,-0.01,-1,-1,-0.01,-1,-1,-0.01,-1,-1,-0.01,-1,-1,-0.01,-1,-1,-0.01,-1,-1
99926009,2026-05-18 13:05:08+05:30,53523.9,0,0.0,0,0.0,0.0,53282.15,53585.15,52783.45,53710.35,0,0.0,0.0,0.0,0.0,-0.01,-1,-1,-0.01,-1,-1,-0.01,-1,-1,-0.01,-1,-1,-0.01,-1,-1,-0.01,-1,-1,-0.01,-1,-1,-0.01,-1,-1,-0.01,-1,-1,-0.01,-1,-1
99926009,2026-05-18 13:05:09+05:30,53522.55,0,0.0,0,0.0,0.0,53282.15,53585.15,52783.45,53710.35,0,0.0,0.0,0.0,0.0,-0.01,-1,-1,-0.01,-1,-1,-0.01,-1,-1,-0.01,-1,-1,-0.01,-1,-1,-0.01,-1,-1,-0.01,-1,-1,-0.01,-1,-1,-0.01,-1,-1,-0.01,-1,-1
99926009,2026-05-18 13:05:09+05:30,53527.55,0,0.0,0,0.0,0.0,53282.15,53585.15,52783.45,53710.35,0,0.0,0.0,0.0,0.0,-0.01,-1,-1,-0.01,-1,-1,-0.01,-1,-1,-0.01,-1,-1,-0.01,-1,-1,-0.01,-1,-1,-0.01,-1,-1,-0.01,-1,-1,-0.01,-1,-1,-0.01,-1,-1
99926009,2026-05-18 13:05:10+05:30,53525.55,0,0.0,0,0.0,0.0,53282.15,53585.15,52783.45,53710.35,0,0.0,0.0,0.0,0.0,-0.01,-1,-1,-0.01,-1,-1,-0.01,-1,-1,-0.01,-1,-1,-0.01,-1,-1,-0.01,-1,-1,-0.01,-1,-1,-0.01,-1,-1,-0.01,-1,-1,-0.01,-1,-1
99926009,2026-05-18 13:05:10+05:30,53525.3,0,0.0,0,0.0,0.0,53282.15,53585.15,52783.45,53710.35,0,0.0,0.0,0.0,0.0,-0.01,-1,-1,-0.01,-1,-1,-0.01,-1,-1,-0.01,-1,-1,-0.01,-1,-1,-0.01,-1,-1,-0.01,-1,-1,-0.01,-1,-1,-0.01,-1,-1,-0.01,-1,-1
99926009,2026-05-18 13:05:11+05:30,53526.1,0,0.0,0,0.0,0.0,53282.15,53585.15,52783.45,53710.35,0,0.0,0.0,0.0,0.0,-0.01,-1,-1,-0.01,-1,-1,-0.01,-1,-1,-0.01,-1,-1,-0.01,-1,-1,-0.01,-1,-1,-0.01,-1,-1,-0.01,-1,-1,-0.01,-1,-1,-0.01,-1,-1
99926009,2026-05-18 13:05:11+05:30,53526.05,0,0.0,0,0.0,0.0,53282.15,53585.15,52783.45,53710.35,0,0.0,0.0,0.0,0.0,-0.01,-1,-1,-0.01,-1,-1,-0.01,-1,-1,-0.01,-1,-1,-0.01,-1,-1,-0.01,-1,-1,-0.01,-1,-1,-0.01,-1,-1,-0.01,-1,-1,-0.01,-1,-1
99926009,2026-05-18 13:05:12+05:30,53526.25,0,0.0,0,0.0,0.0,53282.15,53585.15,52783.45,53710.35,0,0.0,0.0,0.0,0.0,-0.01,-1,-1,-0.01,-1,-1,-0.01,-1,-1,-0.01,-1,-1,-0.01,-1,-1,-0.01,-1,-1,-0.01,-1,-1,-0.01,-1,-1,-0.01,-1,-1,-0.01,-1,-1
99926009,2026-05-18 13:05:12+05:30,53524.65,0,0.0,0,0.0,0.0,53282.15,53585.15,52783.45,53710.35,0,0.0,0.0,0.0,0.0,-0.01,-1,-1,-0.01,-1,-1,-0.01,-1,-1,-0.01,-1,-1,-0.01,-1,-1,-0.01,-1,-1,-0.01,-1,-1,-0.01,-1,-1,-0.01,-1,-1,-0.01,-1,-1
99926009,2026-05-18 13:05:13+05:30,53525.4,0,0.0,0,0.0,0.0,53282.15,53585.15,52783.45,53710.35,0,0.0,0.0,0.0,0.0,-0.01,-1,-1,-0.01,-1,-1,-0.01,-1,-1,-0.01,-1,-1,-0.01,-1,-1,-0.01,-1,-1,-0.01,-1,-1,-0.01,-1,-1,-0.01,-1,-1,-0.01,-1,-1
99926009,2026-05-18 13:05:13+05:30,53526.4,0,0.0,0,0.0,0.0,53282.15,53585.15,52783.45,53710.35,0,0.0,0.0,0.0,0.0,-0.01,-1,-1,-0.01,-1,-1,-0.01,-1,-1,-0.01,-1,-1,-0.01,-1,-1,-0.01,-1,-1,-0.01,-1,-1,-0.01,-1,-1,-0.01,-1,-1,-0.01,-1,-1
99926009,2026-05-18 13:05:14+05:30,53522.95,0,0.0,0,0.0,0.0,53282.15,53585.15,52783.45,53710.35,0,0.0,0.0,0.0,0.0,-0.01,-1,-1,-0.01,-1,-1,-0.01,-1,-1,-0.01,-1,-1,-0.01,-1,-1,-0.01,-1,-1,-0.01,-1,-1,-0.01,-1,-1,-0.01,-1,-1,-0.01,-1,-1
99926009,2026-05-18 13:05:14+05:30,53527.15,0,0.0,0,0.0,0.0,53282.15,53585.15,52783.45,53710.35,0,0.0,0.0,0.0,0.0,-0.01,-1,-1,-0.01,-1,-1,-0.01,-1,-1,-0.01,-1,-1,-0.01,-1,-1,-0.01,-1,-1,-0.01,-1,-1,-0.01,-1,-1,-0.01,-1,-1,-0.01,-1,-1
99926009,2026-05-18 13:05:15+05:30,53522.35,0,0.0,0,0.0,0.0,53282.15,53585.15,52783.45,53710.35,0,0.0,0.0,0.0,0.0,-0.01,-1,-1,-0.01,-1,-1,-0.01,-1,-1,-0.01,-1,-1,-0.01,-1,-1,-0.01,-1,-1,-0.01,-1,-1,-0.01,-1,-1,-0.01,-1,-1,-0.01,-1,-1
99926009,2026-05-18 13:05:15+05:30,53527.7,0,0.0,0,0.0,0.0,53282.15,53585.15,52783.45,53710.35,0,0.0,0.0,0.0,0.0,-0.01,-1,-1,-0.01,-1,-1,-0.01,-1,-1,-0.01,-1,-1,-0.01,-1,-1,-0.01,-1,-1,-0.01,-1,-1,-0.01,-1,-1,-0.01,-1,-1,-0.01,-1,-1
99926009,2026-05-18 13:05:16+05:30,53527.25,0,0.0,0,0.0,0.0,53282.15,53585.15,52783.45,53710.35,0,0.0,0.0,0.0,0.0,-0.01,-1,-1,-0.01,-1,-1,-0.01,-1,-1,-0.01,-1,-1,-0.01,-1,-1,-0.01,-1,-1,-0.01,-1,-1,-0.01,-1,-1,-0.01,-1,-1,-0.01,-1,-1
99926009,2026-05-18 13:05:16+05:30,53523.05,0,0.0,0,0.0,0.0,53282.15,53585.15,52783.45,53710.35,0,0.0,0.0,0.0,0.0,-0.01,-1,-1,-0.01,-1,-1,-0.01,-1,-1,-0.01,-1,-1,-0.01,-1,-1,-0.01,-1,-1,-0.01,-1,-1,-0.01,-1,-1,-0.01,-1,-1,-0.01,-1,-1
99926009,2026-05-18 13:05:17+05:30,53524.4,0,0.0,0,0.0,0.0,53282.15,53585.15,52783.45,53710.35,0,0.0,0.0,0.0,0.0,-0.01,-1,-1,-0.01,-1,-1,-0.01,-1,-1,-0.01,-1,-1,-0.01,-1,-1,-0.01,-1,-1,-0.01,-1,-1,-0.01,-1,-1,-0.01,-1,-1,-0.01,-1,-1
99926009,2026-05-18 13:05:17+05:30,53524.1,0,0.0,0,0.0,0.0,53282.15,53585.15,52783.45,53710.35,0,0.0,0.0,0.0,0.0,-0.01,-1,-1,-0.01,-1,-1,-0.01,-1,-1,-0.01,-1,-1,-0.01,-1,-1,-0.01,-1,-1,-0.01,-1,-1,-0.01,-1,-1,-0.01,-1,-1,-0.01,-1,-1
99926009,2026-05-18 13:05:18+05:30,53522.7,0,0.0,0,0.0,0.0,53282.15,53585.15,52783.45,53710.35,0,0.0,0.0,0.0,0.0,-0.01,-1,-1,-0.01,-1,-1,-0.01,-1,-1,-0.01,-1,-1,-0.01,-1,-1,-0.01,-1,-1,-0.01,-1,-1,-0.01,-1,-1,-0.01,-1,-1,-0.01,-1,-1
99926009,2026-05-18 13:05:18+05:30,53523.45,0,0.0,0,0.0,0.0,53282.15,53585.15,52783.45,53710.35,0,0.0,0.0,0.0,0.0,-0.01,-1,-1,-0.01,-1,-1,-0.01,-1,-1,-0.01,-1,-1,-0.01,-1,-1,-0.01,-1,-1,-0.01,-1,-1,-0.01,-1,-1,-0.01,-1,-1,-0.01,-1,-1
99926009,2026-05-18 13:05:19+05:30,53523.0,0,0.0,0,0.0,0.0,53282.15,53585.15,52783.45,53710.35,0,0.0,0.0,0.0,0.0,-0.01,-1,-1,-0.01,-1,-1,-0.01,-1,-1,-0.01,-1,-1,-0.01,-1,-1,-0.01,-1,-1,-0.01,-1,-1,-0.01,-1,-1,-0.01,-1,-1,-0.01,-1,-1
99926009,2026-05-18 13:05:19+05:30,53518.75,0,0.0,0,0.0,0.0,53282.15,53585.15,52783.45,53710.35,0,0.0,0.0,0.0,0.0,-0.01,-1,-1,-0.01,-1,-1,-0.01,-1,-1,-0.01,-1,-1,-0.01,-1,-1,-0.01,-1,-1,-0.01,-1,-1,-0.01,-1,-1,-0.01,-1,-1,-0.01,-1,-1
99926009,2026-05-18 13:05:20+05:30,53518.05,0,0.0,0,0.0,0.0,53282.15,53585.15,52783.45,53710.35,0,0.0,0.0,0.0,0.0,-0.01,-1,-1,-0.01,-1,-1,-0.01,-1,-1,-0.01,-1,-1,-0.01,-1,-1,-0.01,-1,-1,-0.01,-1,-1,-0.01,-1,-1,-0.01,-1,-1,-0.01,-1,-1
99926009,2026-05-18 13:05:20+05:30,53519.85,0,0.0,0,0.0,0.0,53282.15,53585.15,52783.45,53710.35,0,0.0,0.0,0.0,0.0,-0.01,-1,-1,-0.01,-1,-1,-0.01,-1,-1,-0.01,-1,-1,-0.01,-1,-1,-0.01,-1,-1,-0.01,-1,-1,-0.01,-1,-1,-0.01,-1,-1,-0.01,-1,-1
99926009,2026-05-18 13:05:21+05:30,53519.0,0,0.0,0,0.0,0.0,53282.15,53585.15,52783.45,53710.35,0,0.0,0.0,0.0,0.0,-0.01,-1,-1,-0.01,-1,-1,-0.01,-1,-1,-0.01,-1,-1,-0.01,-1,-1,-0.01,-1,-1,-0.01,-1,-1,-0.01,-1,-1,-0.01,-1,-1,-0.01,-1,-1
99926009,2026-05-18 13:05:21+05:30,53521.85,0,0.0,0,0.0,0.0,53282.15,53585.15,52783.45,53710.35,0,0.0,0.0,0.0,0.0,-0.01,-1,-1,-0.01,-1,-1,-0.01,-1,-1,-0.01,-1,-1,-0.01,-1,-1,-0.01,-1,-1,-0.01,-1,-1,-0.01,-1,-1,-0.01,-1,-1,-0.01,-1,-1
99926009,2026-05-18 13:05:22+05:30,53522.1,0,0.0,0,0.0,0.0,53282.15,53585.15,52783.45,53710.35,0,0.0,0.0,0.0,0.0,-0.01,-1,-1,-0.01,-1,-1,-0.01,-1,-1,-0.01,-1,-1,-0.01,-1,-1,-0.01,-1,-1,-0.01,-1,-1,-0.01,-1,-1,-0.01,-1,-1,-0.01,-1,-1
99926009,2026-05-18 13:05:22+05:30,53517.2,0,0.0,0,0.0,0.0,53282.15,53585.15,52783.45,53710.35,0,0.0,0.0,0.0,0.0,-0.01,-1,-1,-0.01,-1,-1,-0.01,-1,-1,-0.01,-1,-1,-0.01,-1,-1,-0.01,-1,-1,-0.01,-1,-1,-0.01,-1,-1,-0.01,-1,-1,-0.01,-1,-1
99926009,2026-05-18 13:05:23+05:30,53522.1,0,0.0,0,0.0,0.0,53282.15,53585.15,52783.45,53710.35,0,0.0,0.0,0.0,0.0,-0.01,-1,-1,-0.01,-1,-1,-0.01,-1,-1,-0.01,-1,-1,-0.01,-1,-1,-0.01,-1,-1,-0.01,-1,-1,-0.01,-1,-1,-0.01,-1,-1,-0.01,-1,-1
99926009,2026-05-18 13:05:23+05:30,53518.0,0,0.0,0,0.0,0.0,53282.15,53585.15,52783.45,53710.35,0,0.0,0.0,0.0,0.0,-0.01,-1,-1,-0.01,-1,-1,-0.01,-1,-1,-0.01,-1,-1,-0.01,-1,-1,-0.01,-1,-1,-0.01,-1,-1,-0.01,-1,-1,-0.01,-1,-1,-0.01,-1,-1
99926009,2026-05-18 13:05:24+05:30,53520.75,0,0.0,0,0.0,0.0,53282.15,53585.15,52783.45,53710.35,0,0.0,0.0,0.0,0.0,-0.01,-1,-1,-0.01,-1,-1,-0.01,-1,-1,-0.01,-1,-1,-0.01,-1,-1,-0.01,-1,-1,-0.01,-1,-1,-0.01,-1,-1,-0.01,-1,-1,-0.01,-1,-1
99926009,2026-05-18 13:05:24+05:30,53519.05,0,0.0,0,0.0,0.0,53282.15,53585.15,52783.45,53710.35,0,0.0,0.0,0.0,0.0,-0.01,-1,-1,-0.01,-1,-1,-0.01,-1,-1,-0.01,-1,-1,-0.01,-1,-1,-0.01,-1,-1,-0.01,-1,-1,-0.01,-1,-1,-0.01,-1,-1,-0.01,-1,-1
99926009,2026-05-18 13:05:25+05:30,53519.1,0,0.0,0,0.0,0.0,53282.15,53585.15,52783.45,53710.35,0,0.0,0.0,0.0,0.0,-0.01,-1,-1,-0.01,-1,-1,-0.01,-1,-1,-0.01,-1,-1,-0.01,-1,-1,-0.01,-1,-1,-0.01,-1,-1,-0.01,-1,-1,-0.01,-1,-1,-0.01,-1,-1
99926009,2026-05-18 13:05:25+05:30,53522.05,0,0.0,0,0.0,0.0,53282.15,53585.15,52783.45,53710.35,0,0.0,0.0,0.0,0.0,-0.01,-1,-1,-0.01,-1,-1,-0.01,-1,-1,-0.01,-1,-1,-0.01,-1,-1,-0.01,-1,-1,-0.01,-1,-1,-0.01,-1,-1,-0.01,-1,-1,-0.01,-1,-1
99926009,2026-05-18 13:05:26+05:30,53517.4,0,0.0,0,0.0,0.0,53282.15,53585.15,52783.45,53710.35,0,0.0,0.0,0.0,0.0,-0.01,-1,-1,-0.01,-1,-1,-0.01,-1,-1,-0.01,-1,-1,-0.01,-1,-1,-0.01,-1,-1,-0.01,-1,-1,-0.01,-1,-1,-0.01,-1,-1,-0.01,-1,-1
99926009,2026-05-18 13:05:26+05:30,53522.0,0,0.0,0,0.0,0.0,53282.15,53585.15,52783.45,53710.35,0,0.0,0.0,0.0,0.0,-0.01,-1,-1,-0.01,-1,-1,-0.01,-1,-1,-0.01,-1,-1,-0.01,-1,-1,-0.01,-1,-1,-0.01,-1,-1,-0.01,-1,-1,-0.01,-1,-1,-0.01,-1,-1
99926009,2026-05-18 13:05:27+05:30,53520.65,0,0.0,0,0.0,0.0,53282.15,53585.15,52783.45,53710.35,0,0.0,0.0,0.0,0.0,-0.01,-1,-1,-0.01,-1,-1,-0.01,-1,-1,-0.01,-1,-1,-0.01,-1,-1,-0.01,-1,-1,-0.01,-1,-1,-0.01,-1,-1,-0.01,-1,-1,-0.01,-1,-1
99926009,2026-05-18 13:05:27+05:30,53517.35,0,0.0,0,0.0,0.0,53282.15,53585.15,52783.45,53710.35,0,0.0,0.0,0.0,0.0,-0.01,-1,-1,-0.01,-1,-1,-0.01,-1,-1,-0.01,-1,-1,-0.01,-1,-1,-0.01,-1,-1,-0.01,-1,-1,-0.01,-1,-1,-0.01,-1,-1,-0.01,-1,-1
99926009,2026-05-18 13:05:28+05:30,53519.6,0,0.0,0,0.0,0.0,53282.15,53585.15,52783.45,53710.35,0,0.0,0.0,0.0,0.0,-0.01,-1,-1,-0.01,-1,-1,-0.01,-1,-1,-0.01,-1,-1,-0.01,-1,-1,-0.01,-1,-1,-0.01,-1,-1,-0.01,-1,-1,-0.01,-1,-1,-0.01,-1,-1
99926009,2026-05-18 13:05:28+05:30,53515.4,0,0.0,0,0.0,0.0,53282.15,53585.15,52783.45,53710.35,0,0.0,0.0,0.0,0.0,-0.01,-1,-1,-0.01,-1,-1,-0.01,-1,-1,-0.01,-1,-1,-0.01,-1,-1,-0.01,-1,-1,-0.01,-1,-1,-0.01,-1,-1,-0.01,-1,-1,-0.01,-1,-1
99926009,2026-05-18 13:05:29+05:30,53514.4,0,0.0,0,0.0,0.0,53282.15,53585.15,52783.45,53710.35,0,0.0,0.0,0.0,0.0,-0.01,-1,-1,-0.01,-1,-1,-0.01,-1,-1,-0.01,-1,-1,-0.01,-1,-1,-0.01,-1,-1,-0.01,-1,-1,-0.01,-1,-1,-0.01,-1,-1,-0.01,-1,-1
99926009,2026-05-18 13:05:29+05:30,53514.5,0,0.0,0,0.0,0.0,53282.15,53585.15,52783.45,53710.35,0,0.0,0.0,0.0,0.0,-0.01,-1,-1,-0.01,-1,-1,-0.01,-1,-1,-0.01,-1,-1,-0.01,-1,-1,-0.01,-1,-1,-0.01,-1,-1,-0.01,-1,-1,-0.01,-1,-1,-0.01,-1,-1
99926009,2026-05-18 13:05:30+05:30,53515.75,0,0.0,0,0.0,0.0,53282.15,53585.15,52783.45,53710.35,0,0.0,0.0,0.0,0.0,-0.01,-1,-1,-0.01,-1,-1,-0.01,-1,-1,-0.01,-1,-1,-0.01,-1,-1,-0.01,-1,-1,-0.01,-1,-1,-0.01,-1,-1,-0.01,-1,-1,-0.01,-1,-1
99926009,2026-05-18 13:05:30+05:30,53510.0,0,0.0,0,0.0,0.0,53282.15,53585.15,52783.45,53710.35,0,0.0,0.0,0.0,0.0,-0.01,-1,-1,-0.01,-1,-1,-0.01,-1,-1,-0.01,-1,-1,-0.01,-1,-1,-0.01,-1,-1,-0.01,-1,-1,-0.01,-1,-1,-0.01,-1,-1,-0.01,-1,-1
99926009,2026-05-18 13:05:31+05:30,53507.0,0,0.0,0,0.0,0.0,53282.15,53585.15,52783.45,53710.35,0,0.0,0.0,0.0,0.0,-0.01,-1,-1,-0.01,-1,-1,-0.01,-1,-1,-0.01,-1,-1,-0.01,-1,-1,-0.01,-1,-1,-0.01,-1,-1,-0.01,-1,-1,-0.01,-1,-1,-0.01,-1,-1
99926009,2026-05-18 13:05:31+05:30,53509.65,0,0.0,0,0.0,0.0,53282.15,53585.15,52783.45,53710.35,0,0.0,0.0,0.0,0.0,-0.01,-1,-1,-0.01,-1,-1,-0.01,-1,-1,-0.01,-1,-1,-0.01,-1,-1,-0.01,-1,-1,-0.01,-1,-1,-0.01,-1,-1,-0.01,-1,-1,-0.01,-1,-1
99926009,2026-05-18 13:05:32+05:30,53511.7,0,0.0,0,0.0,0.0,53282.15,53585.15,52783.45,53710.35,0,0.0,0.0,0.0,0.0,-0.01,-1,-1,-0.01,-1,-1,-0.01,-1,-1,-0.01,-1,-1,-0.01,-1,-1,-0.01,-1,-1,-0.01,-1,-1,-0.01,-1,-1,-0.01,-1,-1,-0.01,-1,-1
99926009,2026-05-18 13:05:32+05:30,53506.05,0,0.0,0,0.0,0.0,53282.15,53585.15,52783.45,53710.35,0,0.0,0.0,0.0,0.0,-0.01,-1,-1,-0.01,-1,-1,-0.01,-1,-1,-0.01,-1,-1,-0.01,-1,-1,-0.01,-1,-1,-0.01,-1,-1,-0.01,-1,-1,-0.01,-1,-1,-0.01,-1,-1
99926009,2026-05-18 13:05:33+05:30,53504.35,0,0.0,0,0.0,0.0,53282.15,53585.15,52783.45,53710.35,0,0.0,0.0,0.0,0.0,-0.01,-1,-1,-0.01,-1,-1,-0.01,-1,-1,-0.01,-1,-1,-0.01,-1,-1,-0.01,-1,-1,-0.01,-1,-1,-0.01,-1,-1,-0.01,-1,-1,-0.01,-1,-1
99926009,2026-05-18 13:05:33+05:30,53501.5,0,0.0,0,0.0,0.0,53282.15,53585.15,52783.45,53710.35,0,0.0,0.0,0.0,0.0,-0.01,-1,-1,-0.01,-1,-1,-0.01,-1,-1,-0.01,-1,-1,-0.01,-1,-1,-0.01,-1,-1,-0.01,-1,-1,-0.01,-1,-1,-0.01,-1,-1,-0.01,-1,-1
99926009,2026-05-18 13:05:34+05:30,53499.0,0,0.0,0,0.0,0.0,53282.15,53585.15,52783.45,53710.35,0,0.0,0.0,0.0,0.0,-0.01,-1,-1,-0.01,-1,-1,-0.01,-1,-1,-0.01,-1,-1,-0.01,-1,-1,-0.01,-1,-1,-0.01,-1,-1,-0.01,-1,-1,-0.01,-1,-1,-0.01,-1,-1
99926009,2026-05-18 13:05:34+05:30,53493.85,0,0.0,0,0.0,0.0,53282.15,53585.15,52783.45,53710.35,0,0.0,0.0,0.0,0.0,-0.01,-1,-1,-0.01,-1,-1,-0.01,-1,-1,-0.01,-1,-1,-0.01,-1,-1,-0.01,-1,-1,-0.01,-1,-1,-0.01,-1,-1,-0.01,-1,-1,-0.01,-1,-1
99926009,2026-05-18 13:05:35+05:30,53492.0,0,0.0,0,0.0,0.0,53282.15,53585.15,52783.45,53710.35,0,0.0,0.0,0.0,0.0,-0.01,-1,-1,-0.01,-1,-1,-0.01,-1,-1,-0.01,-1,-1,-0.01,-1,-1,-0.01,-1,-1,-0.01,-1,-1,-0.01,-1,-1,-0.01,-1,-1,-0.01,-1,-1
99926009,2026-05-18 13:05:35+05:30,53492.1,0,0.0,0,0.0,0.0,53282.15,53585.15,52783.45,53710.35,0,0.0,0.0,0.0,0.0,-0.01,-1,-1,-0.01,-1,-1,-0.01,-1,-1,-0.01,-1,-1,-0.01,-1,-1,-0.01,-1,-1,-0.01,-1,-1,-0.01,-1,-1,-0.01,-1,-1,-0.01,-1,-1
99926009,2026-05-18 13:05:36+05:30,53488.45,0,0.0,0,0.0,0.0,53282.15,53585.15,52783.45,53710.35,0,0.0,0.0,0.0,0.0,-0.01,-1,-1,-0.01,-1,-1,-0.01,-1,-1,-0.01,-1,-1,-0.01,-1,-1,-0.01,-1,-1,-0.01,-1,-1,-0.01,-1,-1,-0.01,-1,-1,-0.01,-1,-1
99926009,2026-05-18 13:05:36+05:30,53495.4,0,0.0,0,0.0,0.0,53282.15,53585.15,52783.45,53710.35,0,0.0,0.0,0.0,0.0,-0.01,-1,-1,-0.01,-1,-1,-0.01,-1,-1,-0.01,-1,-1,-0.01,-1,-1,-0.01,-1,-1,-0.01,-1,-1,-0.01,-1,-1,-0.01,-1,-1,-0.01,-1,-1
99926009,2026-05-18 13:05:37+05:30,53494.15,0,0.0,0,0.0,0.0,53282.15,53585.15,52783.45,53710.35,0,0.0,0.0,0.0,0.0,-0.01,-1,-1,-0.01,-1,-1,-0.01,-1,-1,-0.01,-1,-1,-0.01,-1,-1,-0.01,-1,-1,-0.01,-1,-1,-0.01,-1,-1,-0.01,-1,-1,-0.01,-1,-1
99926009,2026-05-18 13:05:37+05:30,53491.6,0,0.0,0,0.0,0.0,53282.15,53585.15,52783.45,53710.35,0,0.0,0.0,0.0,0.0,-0.01,-1,-1,-0.01,-1,-1,-0.01,-1,-1,-0.01,-1,-1,-0.01,-1,-1,-0.01,-1,-1,-0.01,-1,-1,-0.01,-1,-1,-0.01,-1,-1,-0.01,-1,-1
99926009,2026-05-18 13:05:38+05:30,53489.3,0,0.0,0,0.0,0.0,53282.15,53585.15,52783.45,53710.35,0,0.0,0.0,0.0,0.0,-0.01,-1,-1,-0.01,-1,-1,-0.01,-1,-1,-0.01,-1,-1,-0.01,-1,-1,-0.01,-1,-1,-0.01,-1,-1,-0.01,-1,-1,-0.01,-1,-1,-0.01,-1,-1
99926009,2026-05-18 13:05:38+05:30,53492.75,0,0.0,0,0.0,0.0,53282.15,53585.15,52783.45,53710.35,0,0.0,0.0,0.0,0.0,-0.01,-1,-1,-0.01,-1,-1,-0.01,-1,-1,-0.01,-1,-1,-0.01,-1,-1,-0.01,-1,-1,-0.01,-1,-1,-0.01,-1,-1,-0.01,-1,-1,-0.01,-1,-1
99926009,2026-05-18 13:05:39+05:30,53489.45,0,0.0,0,0.0,0.0,53282.15,53585.15,52783.45,53710.35,0,0.0,0.0,0.0,0.0,-0.01,-1,-1,-0.01,-1,-1,-0.01,-1,-1,-0.01,-1,-1,-0.01,-1,-1,-0.01,-1,-1,-0.01,-1,-1,-0.01,-1,-1,-0.01,-1,-1,-0.01,-1,-1
99926009,2026-05-18 13:05:39+05:30,53492.55,0,0.0,0,0.0,0.0,53282.15,53585.15,52783.45,53710.35,0,0.0,0.0,0.0,0.0,-0.01,-1,-1,-0.01,-1,-1,-0.01,-1,-1,-0.01,-1,-1,-0.01,-1,-1,-0.01,-1,-1,-0.01,-1,-1,-0.01,-1,-1,-0.01,-1,-1,-0.01,-1,-1
99926009,2026-05-18 13:05:40+05:30,53495.45,0,0.0,0,0.0,0.0,53282.15,53585.15,52783.45,53710.35,0,0.0,0.0,0.0,0.0,-0.01,-1,-1,-0.01,-1,-1,-0.01,-1,-1,-0.01,-1,-1,-0.01,-1,-1,-0.01,-1,-1,-0.01,-1,-1,-0.01,-1,-1,-0.01,-1,-1,-0.01,-1,-1
99926009,2026-05-18 13:05:40+05:30,53494.55,0,0.0,0,0.0,0.0,53282.15,53585.15,52783.45,53710.35,0,0.0,0.0,0.0,0.0,-0.01,-1,-1,-0.01,-1,-1,-0.01,-1,-1,-0.01,-1,-1,-0.01,-1,-1,-0.01,-1,-1,-0.01,-1,-1,-0.01,-1,-1,-0.01,-1,-1,-0.01,-1,-1
99926009,2026-05-18 13:05:41+05:30,53494.2,0,0.0,0,0.0,0.0,53282.15,53585.15,52783.45,53710.35,0,0.0,0.0,0.0,0.0,-0.01,-1,-1,-0.01,-1,-1,-0.01,-1,-1,-0.01,-1,-1,-0.01,-1,-1,-0.01,-1,-1,-0.01,-1,-1,-0.01,-1,-1,-0.01,-1,-1,-0.01,-1,-1
99926009,2026-05-18 13:05:41+05:30,53497.6,0,0.0,0,0.0,0.0,53282.15,53585.15,52783.45,53710.35,0,0.0,0.0,0.0,0.0,-0.01,-1,-1,-0.01,-1,-1,-0.01,-1,-1,-0.01,-1,-1,-0.01,-1,-1,-0.01,-1,-1,-0.01,-1,-1,-0.01,-1,-1,-0.01,-1,-1,-0.01,-1,-1
99926009,2026-05-18 13:05:42+05:30,53496.4,0,0.0,0,0.0,0.0,53282.15,53585.15,52783.45,53710.35,0,0.0,0.0,0.0,0.0,-0.01,-1,-1,-0.01,-1,-1,-0.01,-1,-1,-0.01,-1,-1,-0.01,-1,-1,-0.01,-1,-1,-0.01,-1,-1,-0.01,-1,-1,-0.01,-1,-1,-0.01,-1,-1
99926009,2026-05-18 13:05:42+05:30,53487.7,0,0.0,0,0.0,0.0,53282.15,53585.15,52783.45,53710.35,0,0.0,0.0,0.0,0.0,-0.01,-1,-1,-0.01,-1,-1,-0.01,-1,-1,-0.01,-1,-1,-0.01,-1,-1,-0.01,-1,-1,-0.01,-1,-1,-0.01,-1,-1,-0.01,-1,-1,-0.01,-1,-1
99926009,2026-05-18 13:05:43+05:30,53488.4,0,0.0,0,0.0,0.0,53282.15,53585.15,52783.45,53710.35,0,0.0,0.0,0.0,0.0,-0.01,-1,-1,-0.01,-1,-1,-0.01,-1,-1,-0.01,-1,-1,-0.01,-1,-1,-0.01,-1,-1,-0.01,-1,-1,-0.01,-1,-1,-0.01,-1,-1,-0.01,-1,-1
99926009,2026-05-18 13:05:43+05:30,53490.25,0,0.0,0,0.0,0.0,53282.15,53585.15,52783.45,53710.35,0,0.0,0.0,0.0,0.0,-0.01,-1,-1,-0.01,-1,-1,-0.01,-1,-1,-0.01,-1,-1,-0.01,-1,-1,-0.01,-1,-1,-0.01,-1,-1,-0.01,-1,-1,-0.01,-1,-1,-0.01,-1,-1
99926009,2026-05-18 13:05:44+05:30,53489.25,0,0.0,0,0.0,0.0,53282.15,53585.15,52783.45,53710.35,0,0.0,0.0,0.0,0.0,-0.01,-1,-1,-0.01,-1,-1,-0.01,-1,-1,-0.01,-1,-1,-0.01,-1,-1,-0.01,-1,-1,-0.01,-1,-1,-0.01,-1,-1,-0.01,-1,-1,-0.01,-1,-1
99926009,2026-05-18 13:05:44+05:30,53489.65,0,0.0,0,0.0,0.0,53282.15,53585.15,52783.45,53710.35,0,0.0,0.0,0.0,0.0,-0.01,-1,-1,-0.01,-1,-1,-0.01,-1,-1,-0.01,-1,-1,-0.01,-1,-1,-0.01,-1,-1,-0.01,-1,-1,-0.01,-1,-1,-0.01,-1,-1,-0.01,-1,-1
99926009,2026-05-18 13:05:45+05:30,53487.05,0,0.0,0,0.0,0.0,53282.15,53585.15,52783.45,53710.35,0,0.0,0.0,0.0,0.0,-0.01,-1,-1,-0.01,-1,-1,-0.01,-1,-1,-0.01,-1,-1,-0.01,-1,-1,-0.01,-1,-1,-0.01,-1,-1,-0.01,-1,-1,-0.01,-1,-1,-0.01,-1,-1
99926009,2026-05-18 13:05:45+05:30,53490.65,0,0.0,0,0.0,0.0,53282.15,53585.15,52783.45,53710.35,0,0.0,0.0,0.0,0.0,-0.01,-1,-1,-0.01,-1,-1,-0.01,-1,-1,-0.01,-1,-1,-0.01,-1,-1,-0.01,-1,-1,-0.01,-1,-1,-0.01,-1,-1,-0.01,-1,-1,-0.01,-1,-1
99926009,2026-05-18 13:05:46+05:30,53487.6,0,0.0,0,0.0,0.0,53282.15,53585.15,52783.45,53710.35,0,0.0,0.0,0.0,0.0,-0.01,-1,-1,-0.01,-1,-1,-0.01,-1,-1,-0.01,-1,-1,-0.01,-1,-1,-0.01,-1,-1,-0.01,-1,-1,-0.01,-1,-1,-0.01,-1,-1,-0.01,-1,-1
99926009,2026-05-18 13:05:46+05:30,53490.95,0,0.0,0,0.0,0.0,53282.15,53585.15,52783.45,53710.35,0,0.0,0.0,0.0,0.0,-0.01,-1,-1,-0.01,-1,-1,-0.01,-1,-1,-0.01,-1,-1,-0.01,-1,-1,-0.01,-1,-1,-0.01,-1,-1,-0.01,-1,-1,-0.01,-1,-1,-0.01,-1,-1
99926009,2026-05-18 13:05:47+05:30,53488.5,0,0.0,0,0.0,0.0,53282.15,53585.15,52783.45,53710.35,0,0.0,0.0,0.0,0.0,-0.01,-1,-1,-0.01,-1,-1,-0.01,-1,-1,-0.01,-1,-1,-0.01,-1,-1,-0.01,-1,-1,-0.01,-1,-1,-0.01,-1,-1,-0.01,-1,-1,-0.01,-1,-1
99926009,2026-05-18 13:05:47+05:30,53488.6,0,0.0,0,0.0,0.0,53282.15,53585.15,52783.45,53710.35,0,0.0,0.0,0.0,0.0,-0.01,-1,-1,-0.01,-1,-1,-0.01,-1,-1,-0.01,-1,-1,-0.01,-1,-1,-0.01,-1,-1,-0.01,-1,-1,-0.01,-1,-1,-0.01,-1,-1,-0.01,-1,-1
99926009,2026-05-18 13:05:48+05:30,53487.3,0,0.0,0,0.0,0.0,53282.15,53585.15,52783.45,53710.35,0,0.0,0.0,0.0,0.0,-0.01,-1,-1,-0.01,-1,-1,-0.01,-1,-1,-0.01,-1,-1,-0.01,-1,-1,-0.01,-1,-1,-0.01,-1,-1,-0.01,-1,-1,-0.01,-1,-1,-0.01,-1,-1
99926009,2026-05-18 13:05:48+05:30,53487.25,0,0.0,0,0.0,0.0,53282.15,53585.15,52783.45,53710.35,0,0.0,0.0,0.0,0.0,-0.01,-1,-1,-0.01,-1,-1,-0.01,-1,-1,-0.01,-1,-1,-0.01,-1,-1,-0.01,-1,-1,-0.01,-1,-1,-0.01,-1,-1,-0.01,-1,-1,-0.01,-1,-1
99926009,2026-05-18 13:05:49+05:30,53484.65,0,0.0,0,0.0,0.0,53282.15,53585.15,52783.45,53710.35,0,0.0,0.0,0.0,0.0,-0.01,-1,-1,-0.01,-1,-1,-0.01,-1,-1,-0.01,-1,-1,-0.01,-1,-1,-0.01,-1,-1,-0.01,-1,-1,-0.01,-1,-1,-0.01,-1,-1,-0.01,-1,-1
99926009,2026-05-18 13:05:49+05:30,53485.7,0,0.0,0,0.0,0.0,53282.15,53585.15,52783.45,53710.35,0,0.0,0.0,0.0,0.0,-0.01,-1,-1,-0.01,-1,-1,-0.01,-1,-1,-0.01,-1,-1,-0.01,-1,-1,-0.01,-1,-1,-0.01,-1,-1,-0.01,-1,-1,-0.01,-1,-1,-0.01,-1,-1
99926009,2026-05-18 13:05:50+05:30,53489.2,0,0.0,0,0.0,0.0,53282.15,53585.15,52783.45,53710.35,0,0.0,0.0,0.0,0.0,-0.01,-1,-1,-0.01,-1,-1,-0.01,-1,-1,-0.01,-1,-1,-0.01,-1,-1,-0.01,-1,-1,-0.01,-1,-1,-0.01,-1,-1,-0.01,-1,-1,-0.01,-1,-1
99926009,2026-05-18 13:05:50+05:30,53491.0,0,0.0,0,0.0,0.0,53282.15,53585.15,52783.45,53710.35,0,0.0,0.0,0.0,0.0,-0.01,-1,-1,-0.01,-1,-1,-0.01,-1,-1,-0.01,-1,-1,-0.01,-1,-1,-0.01,-1,-1,-0.01,-1,-1,-0.01,-1,-1,-0.01,-1,-1,-0.01,-1,-1
99926009,2026-05-18 13:05:51+05:30,53488.55,0,0.0,0,0.0,0.0,53282.15,53585.15,52783.45,53710.35,0,0.0,0.0,0.0,0.0,-0.01,-1,-1,-0.01,-1,-1,-0.01,-1,-1,-0.01,-1,-1,-0.01,-1,-1,-0.01,-1,-1,-0.01,-1,-1,-0.01,-1,-1,-0.01,-1,-1,-0.01,-1,-1
99926009,2026-05-18 13:05:51+05:30,53486.1,0,0.0,0,0.0,0.0,53282.15,53585.15,52783.45,53710.35,0,0.0,0.0,0.0,0.0,-0.01,-1,-1,-0.01,-1,-1,-0.01,-1,-1,-0.01,-1,-1,-0.01,-1,-1,-0.01,-1,-1,-0.01,-1,-1,-0.01,-1,-1,-0.01,-1,-1,-0.01,-1,-1
99926009,2026-05-18 13:05:52+05:30,53486.55,0,0.0,0,0.0,0.0,53282.15,53585.15,52783.45,53710.35,0,0.0,0.0,0.0,0.0,-0.01,-1,-1,-0.01,-1,-1,-0.01,-1,-1,-0.01,-1,-1,-0.01,-1,-1,-0.01,-1,-1,-0.01,-1,-1,-0.01,-1,-1,-0.01,-1,-1,-0.01,-1,-1
99926009,2026-05-18 13:05:52+05:30,53482.8,0,0.0,0,0.0,0.0,53282.15,53585.15,52783.45,53710.35,0,0.0,0.0,0.0,0.0,-0.01,-1,-1,-0.01,-1,-1,-0.01,-1,-1,-0.01,-1,-1,-0.01,-1,-1,-0.01,-1,-1,-0.01,-1,-1,-0.01,-1,-1,-0.01,-1,-1,-0.01,-1,-1
99926009,2026-05-18 13:05:53+05:30,53482.35,0,0.0,0,0.0,0.0,53282.15,53585.15,52783.45,53710.35,0,0.0,0.0,0.0,0.0,-0.01,-1,-1,-0.01,-1,-1,-0.01,-1,-1,-0.01,-1,-1,-0.01,-1,-1,-0.01,-1,-1,-0.01,-1,-1,-0.01,-1,-1,-0.01,-1,-1,-0.01,-1,-1
99926009,2026-05-18 13:05:53+05:30,53478.0,0,0.0,0,0.0,0.0,53282.15,53585.15,52783.45,53710.35,0,0.0,0.0,0.0,0.0,-0.01,-1,-1,-0.01,-1,-1,-0.01,-1,-1,-0.01,-1,-1,-0.01,-1,-1,-0.01,-1,-1,-0.01,-1,-1,-0.01,-1,-1,-0.01,-1,-1,-0.01,-1,-1
99926009,2026-05-18 13:05:54+05:30,53479.45,0,0.0,0,0.0,0.0,53282.15,53585.15,52783.45,53710.35,0,0.0,0.0,0.0,0.0,-0.01,-1,-1,-0.01,-1,-1,-0.01,-1,-1,-0.01,-1,-1,-0.01,-1,-1,-0.01,-1,-1,-0.01,-1,-1,-0.01,-1,-1,-0.01,-1,-1,-0.01,-1,-1
99926009,2026-05-18 13:05:54+05:30,53481.65,0,0.0,0,0.0,0.0,53282.15,53585.15,52783.45,53710.35,0,0.0,0.0,0.0,0.0,-0.01,-1,-1,-0.01,-1,-1,-0.01,-1,-1,-0.01,-1,-1,-0.01,-1,-1,-0.01,-1,-1,-0.01,-1,-1,-0.01,-1,-1,-0.01,-1,-1,-0.01,-1,-1
99926009,2026-05-18 13:05:55+05:30,53478.75,0,0.0,0,0.0,0.0,53282.15,53585.15,52783.45,53710.35,0,0.0,0.0,0.0,0.0,-0.01,-1,-1,-0.01,-1,-1,-0.01,-1,-1,-0.01,-1,-1,-0.01,-1,-1,-0.01,-1,-1,-0.01,-1,-1,-0.01,-1,-1,-0.01,-1,-1,-0.01,-1,-1
99926009,2026-05-18 13:05:55+05:30,53485.0,0,0.0,0,0.0,0.0,53282.15,53585.15,52783.45,53710.35,0,0.0,0.0,0.0,0.0,-0.01,-1,-1,-0.01,-1,-1,-0.01,-1,-1,-0.01,-1,-1,-0.01,-1,-1,-0.01,-1,-1,-0.01,-1,-1,-0.01,-1,-1,-0.01,-1,-1,-0.01,-1,-1
99926009,2026-05-18 13:05:56+05:30,53482.65,0,0.0,0,0.0,0.0,53282.15,53585.15,52783.45,53710.35,0,0.0,0.0,0.0,0.0,-0.01,-1,-1,-0.01,-1,-1,-0.01,-1,-1,-0.01,-1,-1,-0.01,-1,-1,-0.01,-1,-1,-0.01,-1,-1,-0.01,-1,-1,-0.01,-1,-1,-0.01,-1,-1
99926009,2026-05-18 13:05:56+05:30,53483.95,0,0.0,0,0.0,0.0,53282.15,53585.15,52783.45,53710.35,0,0.0,0.0,0.0,0.0,-0.01,-1,-1,-0.01,-1,-1,-0.01,-1,-1,-0.01,-1,-1,-0.01,-1,-1,-0.01,-1,-1,-0.01,-1,-1,-0.01,-1,-1,-0.01,-1,-1,-0.01,-1,-1
99926009,2026-05-18 13:05:57+05:30,53482.0,0,0.0,0,0.0,0.0,53282.15,53585.15,52783.45,53710.35,0,0.0,0.0,0.0,0.0,-0.01,-1,-1,-0.01,-1,-1,-0.01,-1,-1,-0.01,-1,-1,-0.01,-1,-1,-0.01,-1,-1,-0.01,-1,-1,-0.01,-1,-1,-0.01,-1,-1,-0.01,-1,-1
99926009,2026-05-18 13:05:57+05:30,53482.35,0,0.0,0,0.0,0.0,53282.15,53585.15,52783.45,53710.35,0,0.0,0.0,0.0,0.0,-0.01,-1,-1,-0.01,-1,-1,-0.01,-1,-1,-0.01,-1,-1,-0.01,-1,-1,-0.01,-1,-1,-0.01,-1,-1,-0.01,-1,-1,-0.01,-1,-1,-0.01,-1,-1
99926009,2026-05-18 13:05:58+05:30,53481.3,0,0.0,0,0.0,0.0,53282.15,53585.15,52783.45,53710.35,0,0.0,0.0,0.0,0.0,-0.01,-1,-1,-0.01,-1,-1,-0.01,-1,-1,-0.01,-1,-1,-0.01,-1,-1,-0.01,-1,-1,-0.01,-1,-1,-0.01,-1,-1,-0.01,-1,-1,-0.01,-1,-1
99926009,2026-05-18 13:05:58+05:30,53479.95,0,0.0,0,0.0,0.0,53282.15,53585.15,52783.45,53710.35,0,0.0,0.0,0.0,0.0,-0.01,-1,-1,-0.01,-1,-1,-0.01,-1,-1,-0.01,-1,-1,-0.01,-1,-1,-0.01,-1,-1,-0.01,-1,-1,-0.01,-1,-1,-0.01,-1,-1,-0.01,-1,-1
99926009,2026-05-18 13:05:59+05:30,53472.4,0,0.0,0,0.0,0.0,53282.15,53585.15,52783.45,53710.35,0,0.0,0.0,0.0,0.0,-0.01,-1,-1,-0.01,-1,-1,-0.01,-1,-1,-0.01,-1,-1,-0.01,-1,-1,-0.01,-1,-1,-0.01,-1,-1,-0.01,-1,-1,-0.01,-1,-1,-0.01,-1,-1
99926009,2026-05-18 13:05:59+05:30,53474.15,0,0.0,0,0.0,0.0,53282.15,53585.15,52783.45,53710.35,0,0.0,0.0,0.0,0.0,-0.01,-1,-1,-0.01,-1,-1,-0.01,-1,-1,-0.01,-1,-1,-0.01,-1,-1,-0.01,-1,-1,-0.01,-1,-1,-0.01,-1,-1,-0.01,-1,-1,-0.01,-1,-1
99926009,2026-05-18 13:06:00+05:30,53473.55,0,0.0,0,0.0,0.0,53282.15,53585.15,52783.45,53710.35,0,0.0,0.0,0.0,0.0,-0.01,-1,-1,-0.01,-1,-1,-0.01,-1,-1,-0.01,-1,-1,-0.01,-1,-1,-0.01,-1,-1,-0.01,-1,-1,-0.01,-1,-1,-0.01,-1,-1,-0.01,-1,-1
99926009,2026-05-18 13:06:00+05:30,53475.0,0,0.0,0,0.0,0.0,53282.15,53585.15,52783.45,53710.35,0,0.0,0.0,0.0,0.0,-0.01,-1,-1,-0.01,-1,-1,-0.01,-1,-1,-0.01,-1,-1,-0.01,-1,-1,-0.01,-1,-1,-0.01,-1,-1,-0.01,-1,-1,-0.01,-1,-1,-0.01,-1,-1
99926009,2026-05-18 13:06:01+05:30,53472.7,0,0.0,0,0.0,0.0,53282.15,53585.15,52783.45,53710.35,0,0.0,0.0,0.0,0.0,-0.01,-1,-1,-0.01,-1,-1,-0.01,-1,-1,-0.01,-1,-1,-0.01,-1,-1,-0.01,-1,-1,-0.01,-1,-1,-0.01,-1,-1,-0.01,-1,-1,-0.01,-1,-1
99926009,2026-05-18 13:06:01+05:30,53476.5,0,0.0,0,0.0,0.0,53282.15,53585.15,52783.45,53710.35,0,0.0,0.0,0.0,0.0,-0.01,-1,-1,-0.01,-1,-1,-0.01,-1,-1,-0.01,-1,-1,-0.01,-1,-1,-0.01,-1,-1,-0.01,-1,-1,-0.01,-1,-1,-0.01,-1,-1,-0.01,-1,-1
99926009,2026-05-18 13:06:02+05:30,53472.75,0,0.0,0,0.0,0.0,53282.15,53585.15,52783.45,53710.35,0,0.0,0.0,0.0,0.0,-0.01,-1,-1,-0.01,-1,-1,-0.01,-1,-1,-0.01,-1,-1,-0.01,-1,-1,-0.01,-1,-1,-0.01,-1,-1,-0.01,-1,-1,-0.01,-1,-1,-0.01,-1,-1
99926009,2026-05-18 13:06:02+05:30,53472.95,0,0.0,0,0.0,0.0,53282.15,53585.15,52783.45,53710.35,0,0.0,0.0,0.0,0.0,-0.01,-1,-1,-0.01,-1,-1,-0.01,-1,-1,-0.01,-1,-1,-0.01,-1,-1,-0.01,-1,-1,-0.01,-1,-1,-0.01,-1,-1,-0.01,-1,-1,-0.01,-1,-1
99926009,2026-05-18 13:06:03+05:30,53469.8,0,0.0,0,0.0,0.0,53282.15,53585.15,52783.45,53710.35,0,0.0,0.0,0.0,0.0,-0.01,-1,-1,-0.01,-1,-1,-0.01,-1,-1,-0.01,-1,-1,-0.01,-1,-1,-0.01,-1,-1,-0.01,-1,-1,-0.01,-1,-1,-0.01,-1,-1,-0.01,-1,-1
99926009,2026-05-18 13:06:03+05:30,53475.75,0,0.0,0,0.0,0.0,53282.15,53585.15,52783.45,53710.35,0,0.0,0.0,0.0,0.0,-0.01,-1,-1,-0.01,-1,-1,-0.01,-1,-1,-0.01,-1,-1,-0.01,-1,-1,-0.01,-1,-1,-0.01,-1,-1,-0.01,-1,-1,-0.01,-1,-1,-0.01,-1,-1
99926009,2026-05-18 13:06:04+05:30,53473.95,0,0.0,0,0.0,0.0,53282.15,53585.15,52783.45,53710.35,0,0.0,0.0,0.0,0.0,-0.01,-1,-1,-0.01,-1,-1,-0.01,-1,-1,-0.01,-1,-1,-0.01,-1,-1,-0.01,-1,-1,-0.01,-1,-1,-0.01,-1,-1,-0.01,-1,-1,-0.01,-1,-1
99926009,2026-05-18 13:06:04+05:30,53469.7,0,0.0,0,0.0,0.0,53282.15,53585.15,52783.45,53710.35,0,0.0,0.0,0.0,0.0,-0.01,-1,-1,-0.01,-1,-1,-0.01,-1,-1,-0.01,-1,-1,-0.01,-1,-1,-0.01,-1,-1,-0.01,-1,-1,-0.01,-1,-1,-0.01,-1,-1,-0.01,-1,-1
99926009,2026-05-18 13:06:05+05:30,53465.4,0,0.0,0,0.0,0.0,53282.15,53585.15,52783.45,53710.35,0,0.0,0.0,0.0,0.0,-0.01,-1,-1,-0.01,-1,-1,-0.01,-1,-1,-0.01,-1,-1,-0.01,-1,-1,-0.01,-1,-1,-0.01,-1,-1,-0.01,-1,-1,-0.01,-1,-1,-0.01,-1,-1
99926009,2026-05-18 13:06:05+05:30,53465.8,0,0.0,0,0.0,0.0,53282.15,53585.15,52783.45,53710.35,0,0.0,0.0,0.0,0.0,-0.01,-1,-1,-0.01,-1,-1,-0.01,-1,-1,-0.01,-1,-1,-0.01,-1,-1,-0.01,-1,-1,-0.01,-1,-1,-0.01,-1,-1,-0.01,-1,-1,-0.01,-1,-1
99926009,2026-05-18 13:06:06+05:30,53464.5,0,0.0,0,0.0,0.0,53282.15,53585.15,52783.45,53710.35,0,0.0,0.0,0.0,0.0,-0.01,-1,-1,-0.01,-1,-1,-0.01,-1,-1,-0.01,-1,-1,-0.01,-1,-1,-0.01,-1,-1,-0.01,-1,-1,-0.01,-1,-1,-0.01,-1,-1,-0.01,-1,-1
99926009,2026-05-18 13:06:06+05:30,53471.5,0,0.0,0,0.0,0.0,53282.15,53585.15,52783.45,53710.35,0,0.0,0.0,0.0,0.0,-0.01,-1,-1,-0.01,-1,-1,-0.01,-1,-1,-0.01,-1,-1,-0.01,-1,-1,-0.01,-1,-1,-0.01,-1,-1,-0.01,-1,-1,-0.01,-1,-1,-0.01,-1,-1
99926009,2026-05-18 13:06:07+05:30,53469.3,0,0.0,0,0.0,0.0,53282.15,53585.15,52783.45,53710.35,0,0.0,0.0,0.0,0.0,-0.01,-1,-1,-0.01,-1,-1,-0.01,-1,-1,-0.01,-1,-1,-0.01,-1,-1,-0.01,-1,-1,-0.01,-1,-1,-0.01,-1,-1,-0.01,-1,-1,-0.01,-1,-1
99926009,2026-05-18 13:06:07+05:30,53466.35,0,0.0,0,0.0,0.0,53282.15,53585.15,52783.45,53710.35,0,0.0,0.0,0.0,0.0,-0.01,-1,-1,-0.01,-1,-1,-0.01,-1,-1,-0.01,-1,-1,-0.01,-1,-1,-0.01,-1,-1,-0.01,-1,-1,-0.01,-1,-1,-0.01,-1,-1,-0.01,-1,-1
99926009,2026-05-18 13:06:08+05:30,53463.6,0,0.0,0,0.0,0.0,53282.15,53585.15,52783.45,53710.35,0,0.0,0.0,0.0,0.0,-0.01,-1,-1,-0.01,-1,-1,-0.01,-1,-1,-0.01,-1,-1,-0.01,-1,-1,-0.01,-1,-1,-0.01,-1,-1,-0.01,-1,-1,-0.01,-1,-1,-0.01,-1,-1
99926009,2026-05-18 13:06:08+05:30,53467.3,0,0.0,0,0.0,0.0,53282.15,53585.15,52783.45,53710.35,0,0.0,0.0,0.0,0.0,-0.01,-1,-1,-0.01,-1,-1,-0.01,-1,-1,-0.01,-1,-1,-0.01,-1,-1,-0.01,-1,-1,-0.01,-1,-1,-0.01,-1,-1,-0.01,-1,-1,-0.01,-1,-1
99926009,2026-05-18 13:06:09+05:30,53469.05,0,0.0,0,0.0,0.0,53282.15,53585.15,52783.45,53710.35,0,0.0,0.0,0.0,0.0,-0.01,-1,-1,-0.01,-1,-1,-0.01,-1,-1,-0.01,-1,-1,-0.01,-1,-1,-0.01,-1,-1,-0.01,-1,-1,-0.01,-1,-1,-0.01,-1,-1,-0.01,-1,-1
99926009,2026-05-18 13:06:09+05:30,53467.55,0,0.0,0,0.0,0.0,53282.15,53585.15,52783.45,53710.35,0,0.0,0.0,0.0,0.0,-0.01,-1,-1,-0.01,-1,-1,-0.01,-1,-1,-0.01,-1,-1,-0.01,-1,-1,-0.01,-1,-1,-0.01,-1,-1,-0.01,-1,-1,-0.01,-1,-1,-0.01,-1,-1
99926009,2026-05-18 13:06:10+05:30,53466.9,0,0.0,0,0.0,0.0,53282.15,53585.15,52783.45,53710.35,0,0.0,0.0,0.0,0.0,-0.01,-1,-1,-0.01,-1,-1,-0.01,-1,-1,-0.01,-1,-1,-0.01,-1,-1,-0.01,-1,-1,-0.01,-1,-1,-0.01,-1,-1,-0.01,-1,-1,-0.01,-1,-1
99926009,2026-05-18 13:06:10+05:30,53461.35,0,0.0,0,0.0,0.0,53282.15,53585.15,52783.45,53710.35,0,0.0,0.0,0.0,0.0,-0.01,-1,-1,-0.01,-1,-1,-0.01,-1,-1,-0.01,-1,-1,-0.01,-1,-1,-0.01,-1,-1,-0.01,-1,-1,-0.01,-1,-1,-0.01,-1,-1,-0.01,-1,-1
99926009,2026-05-18 13:06:11+05:30,53461.7,0,0.0,0,0.0,0.0,53282.15,53585.15,52783.45,53710.35,0,0.0,0.0,0.0,0.0,-0.01,-1,-1,-0.01,-1,-1,-0.01,-1,-1,-0.01,-1,-1,-0.01,-1,-1,-0.01,-1,-1,-0.01,-1,-1,-0.01,-1,-1,-0.01,-1,-1,-0.01,-1,-1
99926009,2026-05-18 13:06:11+05:30,53464.75,0,0.0,0,0.0,0.0,53282.15,53585.15,52783.45,53710.35,0,0.0,0.0,0.0,0.0,-0.01,-1,-1,-0.01,-1,-1,-0.01,-1,-1,-0.01,-1,-1,-0.01,-1,-1,-0.01,-1,-1,-0.01,-1,-1,-0.01,-1,-1,-0.01,-1,-1,-0.01,-1,-1
99926009,2026-05-18 13:06:12+05:30,53460.85,0,0.0,0,0.0,0.0,53282.15,53585.15,52783.45,53710.35,0,0.0,0.0,0.0,0.0,-0.01,-1,-1,-0.01,-1,-1,-0.01,-1,-1,-0.01,-1,-1,-0.01,-1,-1,-0.01,-1,-1,-0.01,-1,-1,-0.01,-1,-1,-0.01,-1,-1,-0.01,-1,-1
99926009,2026-05-18 13:06:12+05:30,53458.35,0,0.0,0,0.0,0.0,53282.15,53585.15,52783.45,53710.35,0,0.0,0.0,0.0,0.0,-0.01,-1,-1,-0.01,-1,-1,-0.01,-1,-1,-0.01,-1,-1,-0.01,-1,-1,-0.01,-1,-1,-0.01,-1,-1,-0.01,-1,-1,-0.01,-1,-1,-0.01,-1,-1
99926009,2026-05-18 13:06:13+05:30,53455.05,0,0.0,0,0.0,0.0,53282.15,53585.15,52783.45,53710.35,0,0.0,0.0,0.0,0.0,-0.01,-1,-1,-0.01,-1,-1,-0.01,-1,-1,-0.01,-1,-1,-0.01,-1,-1,-0.01,-1,-1,-0.01,-1,-1,-0.01,-1,-1,-0.01,-1,-1,-0.01,-1,-1
99926009,2026-05-18 13:06:13+05:30,53453.4,0,0.0,0,0.0,0.0,53282.15,53585.15,52783.45,53710.35,0,0.0,0.0,0.0,0.0,-0.01,-1,-1,-0.01,-1,-1,-0.01,-1,-1,-0.01,-1,-1,-0.01,-1,-1,-0.01,-1,-1,-0.01,-1,-1,-0.01,-1,-1,-0.01,-1,-1,-0.01,-1,-1
99926009,2026-05-18 13:06:14+05:30,53455.15,0,0.0,0,0.0,0.0,53282.15,53585.15,52783.45,53710.35,0,0.0,0.0,0.0,0.0,-0.01,-1,-1,-0.01,-1,-1,-0.01,-1,-1,-0.01,-1,-1,-0.01,-1,-1,-0.01,-1,-1,-0.01,-1,-1,-0.01,-1,-1,-0.01,-1,-1,-0.01,-1,-1
99926009,2026-05-18 13:06:14+05:30,53453.05,0,0.0,0,0.0,0.0,53282.15,53585.15,52783.45,53710.35,0,0.0,0.0,0.0,0.0,-0.01,-1,-1,-0.01,-1,-1,-0.01,-1,-1,-0.01,-1,-1,-0.01,-1,-1,-0.01,-1,-1,-0.01,-1,-1,-0.01,-1,-1,-0.01,-1,-1,-0.01,-1,-1
99926009,2026-05-18 13:06:15+05:30,53454.9,0,0.0,0,0.0,0.0,53282.15,53585.15,52783.45,53710.35,0,0.0,0.0,0.0,0.0,-0.01,-1,-1,-0.01,-1,-1,-0.01,-1,-1,-0.01,-1,-1,-0.01,-1,-1,-0.01,-1,-1,-0.01,-1,-1,-0.01,-1,-1,-0.01,-1,-1,-0.01,-1,-1
99926009,2026-05-18 13:06:15+05:30,53457.85,0,0.0,0,0.0,0.0,53282.15,53585.15,52783.45,53710.35,0,0.0,0.0,0.0,0.0,-0.01,-1,-1,-0.01,-1,-1,-0.01,-1,-1,-0.01,-1,-1,-0.01,-1,-1,-0.01,-1,-1,-0.01,-1,-1,-0.01,-1,-1,-0.01,-1,-1,-0.01,-1,-1
99926009,2026-05-18 13:06:16+05:30,53455.0,0,0.0,0,0.0,0.0,53282.15,53585.15,52783.45,53710.35,0,0.0,0.0,0.0,0.0,-0.01,-1,-1,-0.01,-1,-1,-0.01,-1,-1,-0.01,-1,-1,-0.01,-1,-1,-0.01,-1,-1,-0.01,-1,-1,-0.01,-1,-1,-0.01,-1,-1,-0.01,-1,-1
99926009,2026-05-18 13:06:16+05:30,53458.75,0,0.0,0,0.0,0.0,53282.15,53585.15,52783.45,53710.35,0,0.0,0.0,0.0,0.0,-0.01,-1,-1,-0.01,-1,-1,-0.01,-1,-1,-0.01,-1,-1,-0.01,-1,-1,-0.01,-1,-1,-0.01,-1,-1,-0.01,-1,-1,-0.01,-1,-1,-0.01,-1,-1
99926009,2026-05-18 13:06:17+05:30,53458.75,0,0.0,0,0.0,0.0,53282.15,53585.15,52783.45,53710.35,0,0.0,0.0,0.0,0.0,-0.01,-1,-1,-0.01,-1,-1,-0.01,-1,-1,-0.01,-1,-1,-0.01,-1,-1,-0.01,-1,-1,-0.01,-1,-1,-0.01,-1,-1,-0.01,-1,-1,-0.01,-1,-1
99926009,2026-05-18 13:06:17+05:30,53454.15,0,0.0,0,0.0,0.0,53282.15,53585.15,52783.45,53710.35,0,0.0,0.0,0.0,0.0,-0.01,-1,-1,-0.01,-1,-1,-0.01,-1,-1,-0.01,-1,-1,-0.01,-1,-1,-0.01,-1,-1,-0.01,-1,-1,-0.01,-1,-1,-0.01,-1,-1,-0.01,-1,-1
99926009,2026-05-18 13:06:18+05:30,53453.25,0,0.0,0,0.0,0.0,53282.15,53585.15,52783.45,53710.35,0,0.0,0.0,0.0,0.0,-0.01,-1,-1,-0.01,-1,-1,-0.01,-1,-1,-0.01,-1,-1,-0.01,-1,-1,-0.01,-1,-1,-0.01,-1,-1,-0.01,-1,-1,-0.01,-1,-1,-0.01,-1,-1
99926009,2026-05-18 13:06:18+05:30,53450.3,0,0.0,0,0.0,0.0,53282.15,53585.15,52783.45,53710.35,0,0.0,0.0,0.0,0.0,-0.01,-1,-1,-0.01,-1,-1,-0.01,-1,-1,-0.01,-1,-1,-0.01,-1,-1,-0.01,-1,-1,-0.01,-1,-1,-0.01,-1,-1,-0.01,-1,-1,-0.01,-1,-1
99926009,2026-05-18 13:06:19+05:30,53448.2,0,0.0,0,0.0,0.0,53282.15,53585.15,52783.45,53710.35,0,0.0,0.0,0.0,0.0,-0.01,-1,-1,-0.01,-1,-1,-0.01,-1,-1,-0.01,-1,-1,-0.01,-1,-1,-0.01,-1,-1,-0.01,-1,-1,-0.01,-1,-1,-0.01,-1,-1,-0.01,-1,-1
99926009,2026-05-18 13:06:19+05:30,53445.1,0,0.0,0,0.0,0.0,53282.15,53585.15,52783.45,53710.35,0,0.0,0.0,0.0,0.0,-0.01,-1,-1,-0.01,-1,-1,-0.01,-1,-1,-0.01,-1,-1,-0.01,-1,-1,-0.01,-1,-1,-0.01,-1,-1,-0.01,-1,-1,-0.01,-1,-1,-0.01,-1,-1
99926009,2026-05-18 13:06:20+05:30,53445.75,0,0.0,0,0.0,0.0,53282.15,53585.15,52783.45,53710.35,0,0.0,0.0,0.0,0.0,-0.01,-1,-1,-0.01,-1,-1,-0.01,-1,-1,-0.01,-1,-1,-0.01,-1,-1,-0.01,-1,-1,-0.01,-1,-1,-0.01,-1,-1,-0.01,-1,-1,-0.01,-1,-1
99926009,2026-05-18 13:06:20+05:30,53444.2,0,0.0,0,0.0,0.0,53282.15,53585.15,52783.45,53710.35,0,0.0,0.0,0.0,0.0,-0.01,-1,-1,-0.01,-1,-1,-0.01,-1,-1,-0.01,-1,-1,-0.01,-1,-1,-0.01,-1,-1,-0.01,-1,-1,-0.01,-1,-1,-0.01,-1,-1,-0.01,-1,-1
99926009,2026-05-18 13:06:21+05:30,53442.0,0,0.0,0,0.0,0.0,53282.15,53585.15,52783.45,53710.35,0,0.0,0.0,0.0,0.0,-0.01,-1,-1,-0.01,-1,-1,-0.01,-1,-1,-0.01,-1,-1,-0.01,-1,-1,-0.01,-1,-1,-0.01,-1,-1,-0.01,-1,-1,-0.01,-1,-1,-0.01,-1,-1
99926009,2026-05-18 13:06:21+05:30,53441.9,0,0.0,0,0.0,0.0,53282.15,53585.15,52783.45,53710.35,0,0.0,0.0,0.0,0.0,-0.01,-1,-1,-0.01,-1,-1,-0.01,-1,-1,-0.01,-1,-1,-0.01,-1,-1,-0.01,-1,-1,-0.01,-1,-1,-0.01,-1,-1,-0.01,-1,-1,-0.01,-1,-1
99926009,2026-05-18 13:06:22+05:30,53445.0,0,0.0,0,0.0,0.0,53282.15,53585.15,52783.45,53710.35,0,0.0,0.0,0.0,0.0,-0.01,-1,-1,-0.01,-1,-1,-0.01,-1,-1,-0.01,-1,-1,-0.01,-1,-1,-0.01,-1,-1,-0.01,-1,-1,-0.01,-1,-1,-0.01,-1,-1,-0.01,-1,-1
99926009,2026-05-18 13:06:22+05:30,53441.5,0,0.0,0,0.0,0.0,53282.15,53585.15,52783.45,53710.35,0,0.0,0.0,0.0,0.0,-0.01,-1,-1,-0.01,-1,-1,-0.01,-1,-1,-0.01,-1,-1,-0.01,-1,-1,-0.01,-1,-1,-0.01,-1,-1,-0.01,-1,-1,-0.01,-1,-1,-0.01,-1,-1
99926009,2026-05-18 13:06:23+05:30,53443.3,0,0.0,0,0.0,0.0,53282.15,53585.15,52783.45,53710.35,0,0.0,0.0,0.0,0.0,-0.01,-1,-1,-0.01,-1,-1,-0.01,-1,-1,-0.01,-1,-1,-0.01,-1,-1,-0.01,-1,-1,-0.01,-1,-1,-0.01,-1,-1,-0.01,-1,-1,-0.01,-1,-1
99926009,2026-05-18 13:06:23+05:30,53443.85,0,0.0,0,0.0,0.0,53282.15,53585.15,52783.45,53710.35,0,0.0,0.0,0.0,0.0,-0.01,-1,-1,-0.01,-1,-1,-0.01,-1,-1,-0.01,-1,-1,-0.01,-1,-1,-0.01,-1,-1,-0.01,-1,-1,-0.01,-1,-1,-0.01,-1,-1,-0.01,-1,-1
99926009,2026-05-18 13:06:24+05:30,53444.3,0,0.0,0,0.0,0.0,53282.15,53585.15,52783.45,53710.35,0,0.0,0.0,0.0,0.0,-0.01,-1,-1,-0.01,-1,-1,-0.01,-1,-1,-0.01,-1,-1,-0.01,-1,-1,-0.01,-1,-1,-0.01,-1,-1,-0.01,-1,-1,-0.01,-1,-1,-0.01,-1,-1
99926009,2026-05-18 13:06:24+05:30,53447.05,0,0.0,0,0.0,0.0,53282.15,53585.15,52783.45,53710.35,0,0.0,0.0,0.0,0.0,-0.01,-1,-1,-0.01,-1,-1,-0.01,-1,-1,-0.01,-1,-1,-0.01,-1,-1,-0.01,-1,-1,-0.01,-1,-1,-0.01,-1,-1,-0.01,-1,-1,-0.01,-1,-1
99926009,2026-05-18 13:06:25+05:30,53446.35,0,0.0,0,0.0,0.0,53282.15,53585.15,52783.45,53710.35,0,0.0,0.0,0.0,0.0,-0.01,-1,-1,-0.01,-1,-1,-0.01,-1,-1,-0.01,-1,-1,-0.01,-1,-1,-0.01,-1,-1,-0.01,-1,-1,-0.01,-1,-1,-0.01,-1,-1,-0.01,-1,-1
99926009,2026-05-18 13:06:25+05:30,53444.95,0,0.0,0,0.0,0.0,53282.15,53585.15,52783.45,53710.35,0,0.0,0.0,0.0,0.0,-0.01,-1,-1,-0.01,-1,-1,-0.01,-1,-1,-0.01,-1,-1,-0.01,-1,-1,-0.01,-1,-1,-0.01,-1,-1,-0.01,-1,-1,-0.01,-1,-1,-0.01,-1,-1
99926009,2026-05-18 13:06:26+05:30,53443.7,0,0.0,0,0.0,0.0,53282.15,53585.15,52783.45,53710.35,0,0.0,0.0,0.0,0.0,-0.01,-1,-1,-0.01,-1,-1,-0.01,-1,-1,-0.01,-1,-1,-0.01,-1,-1,-0.01,-1,-1,-0.01,-1,-1,-0.01,-1,-1,-0.01,-1,-1,-0.01,-1,-1
99926009,2026-05-18 13:06:26+05:30,53444.2,0,0.0,0,0.0,0.0,53282.15,53585.15,52783.45,53710.35,0,0.0,0.0,0.0,0.0,-0.01,-1,-1,-0.01,-1,-1,-0.01,-1,-1,-0.01,-1,-1,-0.01,-1,-1,-0.01,-1,-1,-0.01,-1,-1,-0.01,-1,-1,-0.01,-1,-1,-0.01,-1,-1
99926009,2026-05-18 13:06:27+05:30,53443.4,0,0.0,0,0.0,0.0,53282.15,53585.15,52783.45,53710.35,0,0.0,0.0,0.0,0.0,-0.01,-1,-1,-0.01,-1,-1,-0.01,-1,-1,-0.01,-1,-1,-0.01,-1,-1,-0.01,-1,-1,-0.01,-1,-1,-0.01,-1,-1,-0.01,-1,-1,-0.01,-1,-1
99926009,2026-05-18 13:06:27+05:30,53442.6,0,0.0,0,0.0,0.0,53282.15,53585.15,52783.45,53710.35,0,0.0,0.0,0.0,0.0,-0.01,-1,-1,-0.01,-1,-1,-0.01,-1,-1,-0.01,-1,-1,-0.01,-1,-1,-0.01,-1,-1,-0.01,-1,-1,-0.01,-1,-1,-0.01,-1,-1,-0.01,-1,-1
99926009,2026-05-18 13:06:28+05:30,53441.65,0,0.0,0,0.0,0.0,53282.15,53585.15,52783.45,53710.35,0,0.0,0.0,0.0,0.0,-0.01,-1,-1,-0.01,-1,-1,-0.01,-1,-1,-0.01,-1,-1,-0.01,-1,-1,-0.01,-1,-1,-0.01,-1,-1,-0.01,-1,-1,-0.01,-1,-1,-0.01,-1,-1
99926009,2026-05-18 13:06:28+05:30,53441.85,0,0.0,0,0.0,0.0,53282.15,53585.15,52783.45,53710.35,0,0.0,0.0,0.0,0.0,-0.01,-1,-1,-0.01,-1,-1,-0.01,-1,-1,-0.01,-1,-1,-0.01,-1,-1,-0.01,-1,-1,-0.01,-1,-1,-0.01,-1,-1,-0.01,-1,-1,-0.01,-1,-1
99926009,2026-05-18 13:06:29+05:30,53443.0,0,0.0,0,0.0,0.0,53282.15,53585.15,52783.45,53710.35,0,0.0,0.0,0.0,0.0,-0.01,-1,-1,-0.01,-1,-1,-0.01,-1,-1,-0.01,-1,-1,-0.01,-1,-1,-0.01,-1,-1,-0.01,-1,-1,-0.01,-1,-1,-0.01,-1,-1,-0.01,-1,-1
99926009,2026-05-18 13:06:29+05:30,53441.55,0,0.0,0,0.0,0.0,53282.15,53585.15,52783.45,53710.35,0,0.0,0.0,0.0,0.0,-0.01,-1,-1,-0.01,-1,-1,-0.01,-1,-1,-0.01,-1,-1,-0.01,-1,-1,-0.01,-1,-1,-0.01,-1,-1,-0.01,-1,-1,-0.01,-1,-1,-0.01,-1,-1
99926009,2026-05-18 13:06:30+05:30,53443.9,0,0.0,0,0.0,0.0,53282.15,53585.15,52783.45,53710.35,0,0.0,0.0,0.0,0.0,-0.01,-1,-1,-0.01,-1,-1,-0.01,-1,-1,-0.01,-1,-1,-0.01,-1,-1,-0.01,-1,-1,-0.01,-1,-1,-0.01,-1,-1,-0.01,-1,-1,-0.01,-1,-1
99926009,2026-05-18 13:06:30+05:30,53442.55,0,0.0,0,0.0,0.0,53282.15,53585.15,52783.45,53710.35,0,0.0,0.0,0.0,0.0,-0.01,-1,-1,-0.01,-1,-1,-0.01,-1,-1,-0.01,-1,-1,-0.01,-1,-1,-0.01,-1,-1,-0.01,-1,-1,-0.01,-1,-1,-0.01,-1,-1,-0.01,-1,-1
99926009,2026-05-18 13:06:31+05:30,53448.0,0,0.0,0,0.0,0.0,53282.15,53585.15,52783.45,53710.35,0,0.0,0.0,0.0,0.0,-0.01,-1,-1,-0.01,-1,-1,-0.01,-1,-1,-0.01,-1,-1,-0.01,-1,-1,-0.01,-1,-1,-0.01,-1,-1,-0.01,-1,-1,-0.01,-1,-1,-0.01,-1,-1
99926009,2026-05-18 13:06:31+05:30,53452.7,0,0.0,0,0.0,0.0,53282.15,53585.15,52783.45,53710.35,0,0.0,0.0,0.0,0.0,-0.01,-1,-1,-0.01,-1,-1,-0.01,-1,-1,-0.01,-1,-1,-0.01,-1,-1,-0.01,-1,-1,-0.01,-1,-1,-0.01,-1,-1,-0.01,-1,-1,-0.01,-1,-1
99926009,2026-05-18 13:06:32+05:30,53453.8,0,0.0,0,0.0,0.0,53282.15,53585.15,52783.45,53710.35,0,0.0,0.0,0.0,0.0,-0.01,-1,-1,-0.01,-1,-1,-0.01,-1,-1,-0.01,-1,-1,-0.01,-1,-1,-0.01,-1,-1,-0.01,-1,-1,-0.01,-1,-1,-0.01,-1,-1,-0.01,-1,-1
99926009,2026-05-18 13:06:32+05:30,53454.3,0,0.0,0,0.0,0.0,53282.15,53585.15,52783.45,53710.35,0,0.0,0.0,0.0,0.0,-0.01,-1,-1,-0.01,-1,-1,-0.01,-1,-1,-0.01,-1,-1,-0.01,-1,-1,-0.01,-1,-1,-0.01,-1,-1,-0.01,-1,-1,-0.01,-1,-1,-0.01,-1,-1
99926009,2026-05-18 13:06:33+05:30,53454.4,0,0.0,0,0.0,0.0,53282.15,53585.15,52783.45,53710.35,0,0.0,0.0,0.0,0.0,-0.01,-1,-1,-0.01,-1,-1,-0.01,-1,-1,-0.01,-1,-1,-0.01,-1,-1,-0.01,-1,-1,-0.01,-1,-1,-0.01,-1,-1,-0.01,-1,-1,-0.01,-1,-1
99926009,2026-05-18 13:06:33+05:30,53451.25,0,0.0,0,0.0,0.0,53282.15,53585.15,52783.45,53710.35,0,0.0,0.0,0.0,0.0,-0.01,-1,-1,-0.01,-1,-1,-0.01,-1,-1,-0.01,-1,-1,-0.01,-1,-1,-0.01,-1,-1,-0.01,-1,-1,-0.01,-1,-1,-0.01,-1,-1,-0.01,-1,-1
99926009,2026-05-18 13:06:34+05:30,53450.4,0,0.0,0,0.0,0.0,53282.15,53585.15,52783.45,53710.35,0,0.0,0.0,0.0,0.0,-0.01,-1,-1,-0.01,-1,-1,-0.01,-1,-1,-0.01,-1,-1,-0.01,-1,-1,-0.01,-1,-1,-0.01,-1,-1,-0.01,-1,-1,-0.01,-1,-1,-0.01,-1,-1
99926009,2026-05-18 13:06:34+05:30,53452.85,0,0.0,0,0.0,0.0,53282.15,53585.15,52783.45,53710.35,0,0.0,0.0,0.0,0.0,-0.01,-1,-1,-0.01,-1,-1,-0.01,-1,-1,-0.01,-1,-1,-0.01,-1,-1,-0.01,-1,-1,-0.01,-1,-1,-0.01,-1,-1,-0.01,-1,-1,-0.01,-1,-1
99926009,2026-05-18 13:06:35+05:30,53450.15,0,0.0,0,0.0,0.0,53282.15,53585.15,52783.45,53710.35,0,0.0,0.0,0.0,0.0,-0.01,-1,-1,-0.01,-1,-1,-0.01,-1,-1,-0.01,-1,-1,-0.01,-1,-1,-0.01,-1,-1,-0.01,-1,-1,-0.01,-1,-1,-0.01,-1,-1,-0.01,-1,-1
99926009,2026-05-18 13:06:35+05:30,53452.65,0,0.0,0,0.0,0.0,53282.15,53585.15,52783.45,53710.35,0,0.0,0.0,0.0,0.0,-0.01,-1,-1,-0.01,-1,-1,-0.01,-1,-1,-0.01,-1,-1,-0.01,-1,-1,-0.01,-1,-1,-0.01,-1,-1,-0.01,-1,-1,-0.01,-1,-1,-0.01,-1,-1
99926009,2026-05-18 13:06:36+05:30,53450.0,0,0.0,0,0.0,0.0,53282.15,53585.15,52783.45,53710.35,0,0.0,0.0,0.0,0.0,-0.01,-1,-1,-0.01,-1,-1,-0.01,-1,-1,-0.01,-1,-1,-0.01,-1,-1,-0.01,-1,-1,-0.01,-1,-1,-0.01,-1,-1,-0.01,-1,-1,-0.01,-1,-1
99926009,2026-05-18 13:06:36+05:30,53452.9,0,0.0,0,0.0,0.0,53282.15,53585.15,52783.45,53710.35,0,0.0,0.0,0.0,0.0,-0.01,-1,-1,-0.01,-1,-1,-0.01,-1,-1,-0.01,-1,-1,-0.01,-1,-1,-0.01,-1,-1,-0.01,-1,-1,-0.01,-1,-1,-0.01,-1,-1,-0.01,-1,-1
99926009,2026-05-18 13:06:37+05:30,53452.45,0,0.0,0,0.0,0.0,53282.15,53585.15,52783.45,53710.35,0,0.0,0.0,0.0,0.0,-0.01,-1,-1,-0.01,-1,-1,-0.01,-1,-1,-0.01,-1,-1,-0.01,-1,-1,-0.01,-1,-1,-0.01,-1,-1,-0.01,-1,-1,-0.01,-1,-1,-0.01,-1,-1
99926009,2026-05-18 13:06:37+05:30,53450.55,0,0.0,0,0.0,0.0,53282.15,53585.15,52783.45,53710.35,0,0.0,0.0,0.0,0.0,-0.01,-1,-1,-0.01,-1,-1,-0.01,-1,-1,-0.01,-1,-1,-0.01,-1,-1,-0.01,-1,-1,-0.01,-1,-1,-0.01,-1,-1,-0.01,-1,-1,-0.01,-1,-1
99926009,2026-05-18 13:06:38+05:30,53448.6,0,0.0,0,0.0,0.0,53282.15,53585.15,52783.45,53710.35,0,0.0,0.0,0.0,0.0,-0.01,-1,-1,-0.01,-1,-1,-0.01,-1,-1,-0.01,-1,-1,-0.01,-1,-1,-0.01,-1,-1,-0.01,-1,-1,-0.01,-1,-1,-0.01,-1,-1,-0.01,-1,-1
99926009,2026-05-18 13:06:38+05:30,53447.3,0,0.0,0,0.0,0.0,53282.15,53585.15,52783.45,53710.35,0,0.0,0.0,0.0,0.0,-0.01,-1,-1,-0.01,-1,-1,-0.01,-1,-1,-0.01,-1,-1,-0.01,-1,-1,-0.01,-1,-1,-0.01,-1,-1,-0.01,-1,-1,-0.01,-1,-1,-0.01,-1,-1
99926009,2026-05-18 13:06:39+05:30,53448.1,0,0.0,0,0.0,0.0,53282.15,53585.15,52783.45,53710.35,0,0.0,0.0,0.0,0.0,-0.01,-1,-1,-0.01,-1,-1,-0.01,-1,-1,-0.01,-1,-1,-0.01,-1,-1,-0.01,-1,-1,-0.01,-1,-1,-0.01,-1,-1,-0.01,-1,-1,-0.01,-1,-1
99926009,2026-05-18 13:06:39+05:30,53448.1,0,0.0,0,0.0,0.0,53282.15,53585.15,52783.45,53710.35,0,0.0,0.0,0.0,0.0,-0.01,-1,-1,-0.01,-1,-1,-0.01,-1,-1,-0.01,-1,-1,-0.01,-1,-1,-0.01,-1,-1,-0.01,-1,-1,-0.01,-1,-1,-0.01,-1,-1,-0.01,-1,-1
99926009,2026-05-18 13:06:40+05:30,53448.15,0,0.0,0,0.0,0.0,53282.15,53585.15,52783.45,53710.35,0,0.0,0.0,0.0,0.0,-0.01,-1,-1,-0.01,-1,-1,-0.01,-1,-1,-0.01,-1,-1,-0.01,-1,-1,-0.01,-1,-1,-0.01,-1,-1,-0.01,-1,-1,-0.01,-1,-1,-0.01,-1,-1
99926009,2026-05-18 13:06:40+05:30,53445.35,0,0.0,0,0.0,0.0,53282.15,53585.15,52783.45,53710.35,0,0.0,0.0,0.0,0.0,-0.01,-1,-1,-0.01,-1,-1,-0.01,-1,-1,-0.01,-1,-1,-0.01,-1,-1,-0.01,-1,-1,-0.01,-1,-1,-0.01,-1,-1,-0.01,-1,-1,-0.01,-1,-1
99926009,2026-05-18 13:06:41+05:30,53449.45,0,0.0,0,0.0,0.0,53282.15,53585.15,52783.45,53710.35,0,0.0,0.0,0.0,0.0,-0.01,-1,-1,-0.01,-1,-1,-0.01,-1,-1,-0.01,-1,-1,-0.01,-1,-1,-0.01,-1,-1,-0.01,-1,-1,-0.01,-1,-1,-0.01,-1,-1,-0.01,-1,-1
99926009,2026-05-18 13:06:41+05:30,53450.85,0,0.0,0,0.0,0.0,53282.15,53585.15,52783.45,53710.35,0,0.0,0.0,0.0,0.0,-0.01,-1,-1,-0.01,-1,-1,-0.01,-1,-1,-0.01,-1,-1,-0.01,-1,-1,-0.01,-1,-1,-0.01,-1,-1,-0.01,-1,-1,-0.01,-1,-1,-0.01,-1,-1
99926009,2026-05-18 13:06:42+05:30,53450.0,0,0.0,0,0.0,0.0,53282.15,53585.15,52783.45,53710.35,0,0.0,0.0,0.0,0.0,-0.01,-1,-1,-0.01,-1,-1,-0.01,-1,-1,-0.01,-1,-1,-0.01,-1,-1,-0.01,-1,-1,-0.01,-1,-1,-0.01,-1,-1,-0.01,-1,-1,-0.01,-1,-1
99926009,2026-05-18 13:06:42+05:30,53446.5,0,0.0,0,0.0,0.0,53282.15,53585.15,52783.45,53710.35,0,0.0,0.0,0.0,0.0,-0.01,-1,-1,-0.01,-1,-1,-0.01,-1,-1,-0.01,-1,-1,-0.01,-1,-1,-0.01,-1,-1,-0.01,-1,-1,-0.01,-1,-1,-0.01,-1,-1,-0.01,-1,-1
99926009,2026-05-18 13:06:43+05:30,53446.95,0,0.0,0,0.0,0.0,53282.15,53585.15,52783.45,53710.35,0,0.0,0.0,0.0,0.0,-0.01,-1,-1,-0.01,-1,-1,-0.01,-1,-1,-0.01,-1,-1,-0.01,-1,-1,-0.01,-1,-1,-0.01,-1,-1,-0.01,-1,-1,-0.01,-1,-1,-0.01,-1,-1
99926009,2026-05-18 13:06:43+05:30,53443.6,0,0.0,0,0.0,0.0,53282.15,53585.15,52783.45,53710.35,0,0.0,0.0,0.0,0.0,-0.01,-1,-1,-0.01,-1,-1,-0.01,-1,-1,-0.01,-1,-1,-0.01,-1,-1,-0.01,-1,-1,-0.01,-1,-1,-0.01,-1,-1,-0.01,-1,-1,-0.01,-1,-1
99926009,2026-05-18 13:06:44+05:30,53444.7,0,0.0,0,0.0,0.0,53282.15,53585.15,52783.45,53710.35,0,0.0,0.0,0.0,0.0,-0.01,-1,-1,-0.01,-1,-1,-0.01,-1,-1,-0.01,-1,-1,-0.01,-1,-1,-0.01,-1,-1,-0.01,-1,-1,-0.01,-1,-1,-0.01,-1,-1,-0.01,-1,-1
99926009,2026-05-18 13:06:44+05:30,53446.5,0,0.0,0,0.0,0.0,53282.15,53585.15,52783.45,53710.35,0,0.0,0.0,0.0,0.0,-0.01,-1,-1,-0.01,-1,-1,-0.01,-1,-1,-0.01,-1,-1,-0.01,-1,-1,-0.01,-1,-1,-0.01,-1,-1,-0.01,-1,-1,-0.01,-1,-1,-0.01,-1,-1
99926009,2026-05-18 13:06:45+05:30,53445.25,0,0.0,0,0.0,0.0,53282.15,53585.15,52783.45,53710.35,0,0.0,0.0,0.0,0.0,-0.01,-1,-1,-0.01,-1,-1,-0.01,-1,-1,-0.01,-1,-1,-0.01,-1,-1,-0.01,-1,-1,-0.01,-1,-1,-0.01,-1,-1,-0.01,-1,-1,-0.01,-1,-1
99926009,2026-05-18 13:06:45+05:30,53443.9,0,0.0,0,0.0,0.0,53282.15,53585.15,52783.45,53710.35,0,0.0,0.0,0.0,0.0,-0.01,-1,-1,-0.01,-1,-1,-0.01,-1,-1,-0.01,-1,-1,-0.01,-1,-1,-0.01,-1,-1,-0.01,-1,-1,-0.01,-1,-1,-0.01,-1,-1,-0.01,-1,-1
99926009,2026-05-18 13:06:46+05:30,53444.95,0,0.0,0,0.0,0.0,53282.15,53585.15,52783.45,53710.35,0,0.0,0.0,0.0,0.0,-0.01,-1,-1,-0.01,-1,-1,-0.01,-1,-1,-0.01,-1,-1,-0.01,-1,-1,-0.01,-1,-1,-0.01,-1,-1,-0.01,-1,-1,-0.01,-1,-1,-0.01,-1,-1
99926009,2026-05-18 13:06:46+05:30,53447.85,0,0.0,0,0.0,0.0,53282.15,53585.15,52783.45,53710.35,0,0.0,0.0,0.0,0.0,-0.01,-1,-1,-0.01,-1,-1,-0.01,-1,-1,-0.01,-1,-1,-0.01,-1,-1,-0.01,-1,-1,-0.01,-1,-1,-0.01,-1,-1,-0.01,-1,-1,-0.01,-1,-1
99926009,2026-05-18 13:06:47+05:30,53445.3,0,0.0,0,0.0,0.0,53282.15,53585.15,52783.45,53710.35,0,0.0,0.0,0.0,0.0,-0.01,-1,-1,-0.01,-1,-1,-0.01,-1,-1,-0.01,-1,-1,-0.01,-1,-1,-0.01,-1,-1,-0.01,-1,-1,-0.01,-1,-1,-0.01,-1,-1,-0.01,-1,-1
99926009,2026-05-18 13:06:47+05:30,53442.0,0,0.0,0,0.0,0.0,53282.15,53585.15,52783.45,53710.35,0,0.0,0.0,0.0,0.0,-0.01,-1,-1,-0.01,-1,-1,-0.01,-1,-1,-0.01,-1,-1,-0.01,-1,-1,-0.01,-1,-1,-0.01,-1,-1,-0.01,-1,-1,-0.01,-1,-1,-0.01,-1,-1
99926009,2026-05-18 13:06:48+05:30,53444.75,0,0.0,0,0.0,0.0,53282.15,53585.15,52783.45,53710.35,0,0.0,0.0,0.0,0.0,-0.01,-1,-1,-0.01,-1,-1,-0.01,-1,-1,-0.01,-1,-1,-0.01,-1,-1,-0.01,-1,-1,-0.01,-1,-1,-0.01,-1,-1,-0.01,-1,-1,-0.01,-1,-1
99926009,2026-05-18 13:06:48+05:30,53444.3,0,0.0,0,0.0,0.0,53282.15,53585.15,52783.45,53710.35,0,0.0,0.0,0.0,0.0,-0.01,-1,-1,-0.01,-1,-1,-0.01,-1,-1,-0.01,-1,-1,-0.01,-1,-1,-0.01,-1,-1,-0.01,-1,-1,-0.01,-1,-1,-0.01,-1,-1,-0.01,-1,-1
99926009,2026-05-18 13:06:49+05:30,53448.1,0,0.0,0,0.0,0.0,53282.15,53585.15,52783.45,53710.35,0,0.0,0.0,0.0,0.0,-0.01,-1,-1,-0.01,-1,-1,-0.01,-1,-1,-0.01,-1,-1,-0.01,-1,-1,-0.01,-1,-1,-0.01,-1,-1,-0.01,-1,-1,-0.01,-1,-1,-0.01,-1,-1
99926009,2026-05-18 13:06:49+05:30,53448.15,0,0.0,0,0.0,0.0,53282.15,53585.15,52783.45,53710.35,0,0.0,0.0,0.0,0.0,-0.01,-1,-1,-0.01,-1,-1,-0.01,-1,-1,-0.01,-1,-1,-0.01,-1,-1,-0.01,-1,-1,-0.01,-1,-1,-0.01,-1,-1,-0.01,-1,-1,-0.01,-1,-1
99926009,2026-05-18 13:06:50+05:30,53441.55,0,0.0,0,0.0,0.0,53282.15,53585.15,52783.45,53710.35,0,0.0,0.0,0.0,0.0,-0.01,-1,-1,-0.01,-1,-1,-0.01,-1,-1,-0.01,-1,-1,-0.01,-1,-1,-0.01,-1,-1,-0.01,-1,-1,-0.01,-1,-1,-0.01,-1,-1,-0.01,-1,-1
99926009,2026-05-18 13:06:50+05:30,53440.6,0,0.0,0,0.0,0.0,53282.15,53585.15,52783.45,53710.35,0,0.0,0.0,0.0,0.0,-0.01,-1,-1,-0.01,-1,-1,-0.01,-1,-1,-0.01,-1,-1,-0.01,-1,-1,-0.01,-1,-1,-0.01,-1,-1,-0.01,-1,-1,-0.01,-1,-1,-0.01,-1,-1
99926009,2026-05-18 13:06:51+05:30,53440.1,0,0.0,0,0.0,0.0,53282.15,53585.15,52783.45,53710.35,0,0.0,0.0,0.0,0.0,-0.01,-1,-1,-0.01,-1,-1,-0.01,-1,-1,-0.01,-1,-1,-0.01,-1,-1,-0.01,-1,-1,-0.01,-1,-1,-0.01,-1,-1,-0.01,-1,-1,-0.01,-1,-1
99926009,2026-05-18 13:06:51+05:30,53441.85,0,0.0,0,0.0,0.0,53282.15,53585.15,52783.45,53710.35,0,0.0,0.0,0.0,0.0,-0.01,-1,-1,-0.01,-1,-1,-0.01,-1,-1,-0.01,-1,-1,-0.01,-1,-1,-0.01,-1,-1,-0.01,-1,-1,-0.01,-1,-1,-0.01,-1,-1,-0.01,-1,-1
99926009,2026-05-18 13:06:52+05:30,53442.4,0,0.0,0,0.0,0.0,53282.15,53585.15,52783.45,53710.35,0,0.0,0.0,0.0,0.0,-0.01,-1,-1,-0.01,-1,-1,-0.01,-1,-1,-0.01,-1,-1,-0.01,-1,-1,-0.01,-1,-1,-0.01,-1,-1,-0.01,-1,-1,-0.01,-1,-1,-0.01,-1,-1
99926009,2026-05-18 13:06:52+05:30,53444.15,0,0.0,0,0.0,0.0,53282.15,53585.15,52783.45,53710.35,0,0.0,0.0,0.0,0.0,-0.01,-1,-1,-0.01,-1,-1,-0.01,-1,-1,-0.01,-1,-1,-0.01,-1,-1,-0.01,-1,-1,-0.01,-1,-1,-0.01,-1,-1,-0.01,-1,-1,-0.01,-1,-1
99926009,2026-05-18 13:06:53+05:30,53445.45,0,0.0,0,0.0,0.0,53282.15,53585.15,52783.45,53710.35,0,0.0,0.0,0.0,0.0,-0.01,-1,-1,-0.01,-1,-1,-0.01,-1,-1,-0.01,-1,-1,-0.01,-1,-1,-0.01,-1,-1,-0.01,-1,-1,-0.01,-1,-1,-0.01,-1,-1,-0.01,-1,-1
99926009,2026-05-18 13:06:53+05:30,53442.35,0,0.0,0,0.0,0.0,53282.15,53585.15,52783.45,53710.35,0,0.0,0.0,0.0,0.0,-0.01,-1,-1,-0.01,-1,-1,-0.01,-1,-1,-0.01,-1,-1,-0.01,-1,-1,-0.01,-1,-1,-0.01,-1,-1,-0.01,-1,-1,-0.01,-1,-1,-0.01,-1,-1
99926009,2026-05-18 13:06:54+05:30,53442.2,0,0.0,0,0.0,0.0,53282.15,53585.15,52783.45,53710.35,0,0.0,0.0,0.0,0.0,-0.01,-1,-1,-0.01,-1,-1,-0.01,-1,-1,-0.01,-1,-1,-0.01,-1,-1,-0.01,-1,-1,-0.01,-1,-1,-0.01,-1,-1,-0.01,-1,-1,-0.01,-1,-1
99926009,2026-05-18 13:06:54+05:30,53442.8,0,0.0,0,0.0,0.0,53282.15,53585.15,52783.45,53710.35,0,0.0,0.0,0.0,0.0,-0.01,-1,-1,-0.01,-1,-1,-0.01,-1,-1,-0.01,-1,-1,-0.01,-1,-1,-0.01,-1,-1,-0.01,-1,-1,-0.01,-1,-1,-0.01,-1,-1,-0.01,-1,-1
99926009,2026-05-18 13:06:55+05:30,53442.05,0,0.0,0,0.0,0.0,53282.15,53585.15,52783.45,53710.35,0,0.0,0.0,0.0,0.0,-0.01,-1,-1,-0.01,-1,-1,-0.01,-1,-1,-0.01,-1,-1,-0.01,-1,-1,-0.01,-1,-1,-0.01,-1,-1,-0.01,-1,-1,-0.01,-1,-1,-0.01,-1,-1
99926009,2026-05-18 13:06:55+05:30,53442.45,0,0.0,0,0.0,0.0,53282.15,53585.15,52783.45,53710.35,0,0.0,0.0,0.0,0.0,-0.01,-1,-1,-0.01,-1,-1,-0.01,-1,-1,-0.01,-1,-1,-0.01,-1,-1,-0.01,-1,-1,-0.01,-1,-1,-0.01,-1,-1,-0.01,-1,-1,-0.01,-1,-1
99926009,2026-05-18 13:06:56+05:30,53440.85,0,0.0,0,0.0,0.0,53282.15,53585.15,52783.45,53710.35,0,0.0,0.0,0.0,0.0,-0.01,-1,-1,-0.01,-1,-1,-0.01,-1,-1,-0.01,-1,-1,-0.01,-1,-1,-0.01,-1,-1,-0.01,-1,-1,-0.01,-1,-1,-0.01,-1,-1,-0.01,-1,-1
99926009,2026-05-18 13:06:56+05:30,53443.6,0,0.0,0,0.0,0.0,53282.15,53585.15,52783.45,53710.35,0,0.0,0.0,0.0,0.0,-0.01,-1,-1,-0.01,-1,-1,-0.01,-1,-1,-0.01,-1,-1,-0.01,-1,-1,-0.01,-1,-1,-0.01,-1,-1,-0.01,-1,-1,-0.01,-1,-1,-0.01,-1,-1
99926009,2026-05-18 13:06:57+05:30,53442.55,0,0.0,0,0.0,0.0,53282.15,53585.15,52783.45,53710.35,0,0.0,0.0,0.0,0.0,-0.01,-1,-1,-0.01,-1,-1,-0.01,-1,-1,-0.01,-1,-1,-0.01,-1,-1,-0.01,-1,-1,-0.01,-1,-1,-0.01,-1,-1,-0.01,-1,-1,-0.01,-1,-1
99926009,2026-05-18 13:06:57+05:30,53440.8,0,0.0,0,0.0,0.0,53282.15,53585.15,52783.45,53710.35,0,0.0,0.0,0.0,0.0,-0.01,-1,-1,-0.01,-1,-1,-0.01,-1,-1,-0.01,-1,-1,-0.01,-1,-1,-0.01,-1,-1,-0.01,-1,-1,-0.01,-1,-1,-0.01,-1,-1,-0.01,-1,-1
99926009,2026-05-18 13:06:58+05:30,53441.45,0,0.0,0,0.0,0.0,53282.15,53585.15,52783.45,53710.35,0,0.0,0.0,0.0,0.0,-0.01,-1,-1,-0.01,-1,-1,-0.01,-1,-1,-0.01,-1,-1,-0.01,-1,-1,-0.01,-1,-1,-0.01,-1,-1,-0.01,-1,-1,-0.01,-1,-1,-0.01,-1,-1
99926009,2026-05-18 13:06:58+05:30,53443.6,0,0.0,0,0.0,0.0,53282.15,53585.15,52783.45,53710.35,0,0.0,0.0,0.0,0.0,-0.01,-1,-1,-0.01,-1,-1,-0.01,-1,-1,-0.01,-1,-1,-0.01,-1,-1,-0.01,-1,-1,-0.01,-1,-1,-0.01,-1,-1,-0.01,-1,-1,-0.01,-1,-1
99926009,2026-05-18 13:06:59+05:30,53442.55,0,0.0,0,0.0,0.0,53282.15,53585.15,52783.45,53710.35,0,0.0,0.0,0.0,0.0,-0.01,-1,-1,-0.01,-1,-1,-0.01,-1,-1,-0.01,-1,-1,-0.01,-1,-1,-0.01,-1,-1,-0.01,-1,-1,-0.01,-1,-1,-0.01,-1,-1,-0.01,-1,-1
99926009,2026-05-18 13:06:59+05:30,53442.1,0,0.0,0,0.0,0.0,53282.15,53585.15,52783.45,53710.35,0,0.0,0.0,0.0,0.0,-0.01,-1,-1,-0.01,-1,-1,-0.01,-1,-1,-0.01,-1,-1,-0.01,-1,-1,-0.01,-1,-1,-0.01,-1,-1,-0.01,-1,-1,-0.01,-1,-1,-0.01,-1,-1
99926009,2026-05-18 13:07:00+05:30,53442.4,0,0.0,0,0.0,0.0,53282.15,53585.15,52783.45,53710.35,0,0.0,0.0,0.0,0.0,-0.01,-1,-1,-0.01,-1,-1,-0.01,-1,-1,-0.01,-1,-1,-0.01,-1,-1,-0.01,-1,-1,-0.01,-1,-1,-0.01,-1,-1,-0.01,-1,-1,-0.01,-1,-1
99926009,2026-05-18 13:07:00+05:30,53445.05,0,0.0,0,0.0,0.0,53282.15,53585.15,52783.45,53710.35,0,0.0,0.0,0.0,0.0,-0.01,-1,-1,-0.01,-1,-1,-0.01,-1,-1,-0.01,-1,-1,-0.01,-1,-1,-0.01,-1,-1,-0.01,-1,-1,-0.01,-1,-1,-0.01,-1,-1,-0.01,-1,-1
99926009,2026-05-18 13:07:01+05:30,53440.9,0,0.0,0,0.0,0.0,53282.15,53585.15,52783.45,53710.35,0,0.0,0.0,0.0,0.0,-0.01,-1,-1,-0.01,-1,-1,-0.01,-1,-1,-0.01,-1,-1,-0.01,-1,-1,-0.01,-1,-1,-0.01,-1,-1,-0.01,-1,-1,-0.01,-1,-1,-0.01,-1,-1
99926009,2026-05-18 13:07:01+05:30,53444.5,0,0.0,0,0.0,0.0,53282.15,53585.15,52783.45,53710.35,0,0.0,0.0,0.0,0.0,-0.01,-1,-1,-0.01,-1,-1,-0.01,-1,-1,-0.01,-1,-1,-0.01,-1,-1,-0.01,-1,-1,-0.01,-1,-1,-0.01,-1,-1,-0.01,-1,-1,-0.01,-1,-1
99926009,2026-05-18 13:07:02+05:30,53442.05,0,0.0,0,0.0,0.0,53282.15,53585.15,52783.45,53710.35,0,0.0,0.0,0.0,0.0,-0.01,-1,-1,-0.01,-1,-1,-0.01,-1,-1,-0.01,-1,-1,-0.01,-1,-1,-0.01,-1,-1,-0.01,-1,-1,-0.01,-1,-1,-0.01,-1,-1,-0.01,-1,-1
99926009,2026-05-18 13:07:02+05:30,53442.5,0,0.0,0,0.0,0.0,53282.15,53585.15,52783.45,53710.35,0,0.0,0.0,0.0,0.0,-0.01,-1,-1,-0.01,-1,-1,-0.01,-1,-1,-0.01,-1,-1,-0.01,-1,-1,-0.01,-1,-1,-0.01,-1,-1,-0.01,-1,-1,-0.01,-1,-1,-0.01,-1,-1
99926009,2026-05-18 13:07:03+05:30,53444.45,0,0.0,0,0.0,0.0,53282.15,53585.15,52783.45,53710.35,0,0.0,0.0,0.0,0.0,-0.01,-1,-1,-0.01,-1,-1,-0.01,-1,-1,-0.01,-1,-1,-0.01,-1,-1,-0.01,-1,-1,-0.01,-1,-1,-0.01,-1,-1,-0.01,-1,-1,-0.01,-1,-1
99926009,2026-05-18 13:07:03+05:30,53441.35,0,0.0,0,0.0,0.0,53282.15,53585.15,52783.45,53710.35,0,0.0,0.0,0.0,0.0,-0.01,-1,-1,-0.01,-1,-1,-0.01,-1,-1,-0.01,-1,-1,-0.01,-1,-1,-0.01,-1,-1,-0.01,-1,-1,-0.01,-1,-1,-0.01,-1,-1,-0.01,-1,-1
99926009,2026-05-18 13:07:04+05:30,53444.9,0,0.0,0,0.0,0.0,53282.15,53585.15,52783.45,53710.35,0,0.0,0.0,0.0,0.0,-0.01,-1,-1,-0.01,-1,-1,-0.01,-1,-1,-0.01,-1,-1,-0.01,-1,-1,-0.01,-1,-1,-0.01,-1,-1,-0.01,-1,-1,-0.01,-1,-1,-0.01,-1,-1
99926009,2026-05-18 13:07:04+05:30,53443.4,0,0.0,0,0.0,0.0,53282.15,53585.15,52783.45,53710.35,0,0.0,0.0,0.0,0.0,-0.01,-1,-1,-0.01,-1,-1,-0.01,-1,-1,-0.01,-1,-1,-0.01,-1,-1,-0.01,-1,-1,-0.01,-1,-1,-0.01,-1,-1,-0.01,-1,-1,-0.01,-1,-1
99926009,2026-05-18 13:07:05+05:30,53442.85,0,0.0,0,0.0,0.0,53282.15,53585.15,52783.45,53710.35,0,0.0,0.0,0.0,0.0,-0.01,-1,-1,-0.01,-1,-1,-0.01,-1,-1,-0.01,-1,-1,-0.01,-1,-1,-0.01,-1,-1,-0.01,-1,-1,-0.01,-1,-1,-0.01,-1,-1,-0.01,-1,-1
99926009,2026-05-18 13:07:05+05:30,53444.15,0,0.0,0,0.0,0.0,53282.15,53585.15,52783.45,53710.35,0,0.0,0.0,0.0,0.0,-0.01,-1,-1,-0.01,-1,-1,-0.01,-1,-1,-0.01,-1,-1,-0.01,-1,-1,-0.01,-1,-1,-0.01,-1,-1,-0.01,-1,-1,-0.01,-1,-1,-0.01,-1,-1
99926009,2026-05-18 13:07:06+05:30,53444.3,0,0.0,0,0.0,0.0,53282.15,53585.15,52783.45,53710.35,0,0.0,0.0,0.0,0.0,-0.01,-1,-1,-0.01,-1,-1,-0.01,-1,-1,-0.01,-1,-1,-0.01,-1,-1,-0.01,-1,-1,-0.01,-1,-1,-0.01,-1,-1,-0.01,-1,-1,-0.01,-1,-1
99926009,2026-05-18 13:07:06+05:30,53445.25,0,0.0,0,0.0,0.0,53282.15,53585.15,52783.45,53710.35,0,0.0,0.0,0.0,0.0,-0.01,-1,-1,-0.01,-1,-1,-0.01,-1,-1,-0.01,-1,-1,-0.01,-1,-1,-0.01,-1,-1,-0.01,-1,-1,-0.01,-1,-1,-0.01,-1,-1,-0.01,-1,-1
99926009,2026-05-18 13:07:07+05:30,53444.15,0,0.0,0,0.0,0.0,53282.15,53585.15,52783.45,53710.35,0,0.0,0.0,0.0,0.0,-0.01,-1,-1,-0.01,-1,-1,-0.01,-1,-1,-0.01,-1,-1,-0.01,-1,-1,-0.01,-1,-1,-0.01,-1,-1,-0.01,-1,-1,-0.01,-1,-1,-0.01,-1,-1
99926009,2026-05-18 13:07:07+05:30,53443.9,0,0.0,0,0.0,0.0,53282.15,53585.15,52783.45,53710.35,0,0.0,0.0,0.0,0.0,-0.01,-1,-1,-0.01,-1,-1,-0.01,-1,-1,-0.01,-1,-1,-0.01,-1,-1,-0.01,-1,-1,-0.01,-1,-1,-0.01,-1,-1,-0.01,-1,-1,-0.01,-1,-1
99926009,2026-05-18 13:07:08+05:30,53441.05,0,0.0,0,0.0,0.0,53282.15,53585.15,52783.45,53710.35,0,0.0,0.0,0.0,0.0,-0.01,-1,-1,-0.01,-1,-1,-0.01,-1,-1,-0.01,-1,-1,-0.01,-1,-1,-0.01,-1,-1,-0.01,-1,-1,-0.01,-1,-1,-0.01,-1,-1,-0.01,-1,-1
99926009,2026-05-18 13:07:08+05:30,53442.25,0,0.0,0,0.0,0.0,53282.15,53585.15,52783.45,53710.35,0,0.0,0.0,0.0,0.0,-0.01,-1,-1,-0.01,-1,-1,-0.01,-1,-1,-0.01,-1,-1,-0.01,-1,-1,-0.01,-1,-1,-0.01,-1,-1,-0.01,-1,-1,-0.01,-1,-1,-0.01,-1,-1
99926009,2026-05-18 13:07:09+05:30,53445.05,0,0.0,0,0.0,0.0,53282.15,53585.15,52783.45,53710.35,0,0.0,0.0,0.0,0.0,-0.01,-1,-1,-0.01,-1,-1,-0.01,-1,-1,-0.01,-1,-1,-0.01,-1,-1,-0.01,-1,-1,-0.01,-1,-1,-0.01,-1,-1,-0.01,-1,-1,-0.01,-1,-1
99926009,2026-05-18 13:07:09+05:30,53444.2,0,0.0,0,0.0,0.0,53282.15,53585.15,52783.45,53710.35,0,0.0,0.0,0.0,0.0,-0.01,-1,-1,-0.01,-1,-1,-0.01,-1,-1,-0.01,-1,-1,-0.01,-1,-1,-0.01,-1,-1,-0.01,-1,-1,-0.01,-1,-1,-0.01,-1,-1,-0.01,-1,-1
99926009,2026-05-18 13:07:10+05:30,53443.75,0,0.0,0,0.0,0.0,53282.15,53585.15,52783.45,53710.35,0,0.0,0.0,0.0,0.0,-0.01,-1,-1,-0.01,-1,-1,-0.01,-1,-1,-0.01,-1,-1,-0.01,-1,-1,-0.01,-1,-1,-0.01,-1,-1,-0.01,-1,-1,-0.01,-1,-1,-0.01,-1,-1
99926009,2026-05-18 13:07:10+05:30,53444.3,0,0.0,0,0.0,0.0,53282.15,53585.15,52783.45,53710.35,0,0.0,0.0,0.0,0.0,-0.01,-1,-1,-0.01,-1,-1,-0.01,-1,-1,-0.01,-1,-1,-0.01,-1,-1,-0.01,-1,-1,-0.01,-1,-1,-0.01,-1,-1,-0.01,-1,-1,-0.01,-1,-1
99926009,2026-05-18 13:07:11+05:30,53440.8,0,0.0,0,0.0,0.0,53282.15,53585.15,52783.45,53710.35,0,0.0,0.0,0.0,0.0,-0.01,-1,-1,-0.01,-1,-1,-0.01,-1,-1,-0.01,-1,-1,-0.01,-1,-1,-0.01,-1,-1,-0.01,-1,-1,-0.01,-1,-1,-0.01,-1,-1,-0.01,-1,-1
99926009,2026-05-18 13:07:11+05:30,53444.5,0,0.0,0,0.0,0.0,53282.15,53585.15,52783.45,53710.35,0,0.0,0.0,0.0,0.0,-0.01,-1,-1,-0.01,-1,-1,-0.01,-1,-1,-0.01,-1,-1,-0.01,-1,-1,-0.01,-1,-1,-0.01,-1,-1,-0.01,-1,-1,-0.01,-1,-1,-0.01,-1,-1
99926009,2026-05-18 13:07:12+05:30,53443.7,0,0.0,0,0.0,0.0,53282.15,53585.15,52783.45,53710.35,0,0.0,0.0,0.0,0.0,-0.01,-1,-1,-0.01,-1,-1,-0.01,-1,-1,-0.01,-1,-1,-0.01,-1,-1,-0.01,-1,-1,-0.01,-1,-1,-0.01,-1,-1,-0.01,-1,-1,-0.01,-1,-1
99926009,2026-05-18 13:07:12+05:30,53443.8,0,0.0,0,0.0,0.0,53282.15,53585.15,52783.45,53710.35,0,0.0,0.0,0.0,0.0,-0.01,-1,-1,-0.01,-1,-1,-0.01,-1,-1,-0.01,-1,-1,-0.01,-1,-1,-0.01,-1,-1,-0.01,-1,-1,-0.01,-1,-1,-0.01,-1,-1,-0.01,-1,-1
99926009,2026-05-18 13:07:13+05:30,53443.15,0,0.0,0,0.0,0.0,53282.15,53585.15,52783.45,53710.35,0,0.0,0.0,0.0,0.0,-0.01,-1,-1,-0.01,-1,-1,-0.01,-1,-1,-0.01,-1,-1,-0.01,-1,-1,-0.01,-1,-1,-0.01,-1,-1,-0.01,-1,-1,-0.01,-1,-1,-0.01,-1,-1
99926009,2026-05-18 13:07:13+05:30,53443.6,0,0.0,0,0.0,0.0,53282.15,53585.15,52783.45,53710.35,0,0.0,0.0,0.0,0.0,-0.01,-1,-1,-0.01,-1,-1,-0.01,-1,-1,-0.01,-1,-1,-0.01,-1,-1,-0.01,-1,-1,-0.01,-1,-1,-0.01,-1,-1,-0.01,-1,-1,-0.01,-1,-1
99926009,2026-05-18 13:07:14+05:30,53441.9,0,0.0,0,0.0,0.0,53282.15,53585.15,52783.45,53710.35,0,0.0,0.0,0.0,0.0,-0.01,-1,-1,-0.01,-1,-1,-0.01,-1,-1,-0.01,-1,-1,-0.01,-1,-1,-0.01,-1,-1,-0.01,-1,-1,-0.01,-1,-1,-0.01,-1,-1,-0.01,-1,-1
99926009,2026-05-18 13:07:14+05:30,53438.95,0,0.0,0,0.0,0.0,53282.15,53585.15,52783.45,53710.35,0,0.0,0.0,0.0,0.0,-0.01,-1,-1,-0.01,-1,-1,-0.01,-1,-1,-0.01,-1,-1,-0.01,-1,-1,-0.01,-1,-1,-0.01,-1,-1,-0.01,-1,-1,-0.01,-1,-1,-0.01,-1,-1
99926009,2026-05-18 13:07:15+05:30,53438.95,0,0.0,0,0.0,0.0,53282.15,53585.15,52783.45,53710.35,0,0.0,0.0,0.0,0.0,-0.01,-1,-1,-0.01,-1,-1,-0.01,-1,-1,-0.01,-1,-1,-0.01,-1,-1,-0.01,-1,-1,-0.01,-1,-1,-0.01,-1,-1,-0.01,-1,-1,-0.01,-1,-1
99926009,2026-05-18 13:07:15+05:30,53444.85,0,0.0,0,0.0,0.0,53282.15,53585.15,52783.45,53710.35,0,0.0,0.0,0.0,0.0,-0.01,-1,-1,-0.01,-1,-1,-0.01,-1,-1,-0.01,-1,-1,-0.01,-1,-1,-0.01,-1,-1,-0.01,-1,-1,-0.01,-1,-1,-0.01,-1,-1,-0.01,-1,-1
99926009,2026-05-18 13:07:16+05:30,53438.8,0,0.0,0,0.0,0.0,53282.15,53585.15,52783.45,53710.35,0,0.0,0.0,0.0,0.0,-0.01,-1,-1,-0.01,-1,-1,-0.01,-1,-1,-0.01,-1,-1,-0.01,-1,-1,-0.01,-1,-1,-0.01,-1,-1,-0.01,-1,-1,-0.01,-1,-1,-0.01,-1,-1
99926009,2026-05-18 13:07:16+05:30,53441.55,0,0.0,0,0.0,0.0,53282.15,53585.15,52783.45,53710.35,0,0.0,0.0,0.0,0.0,-0.01,-1,-1,-0.01,-1,-1,-0.01,-1,-1,-0.01,-1,-1,-0.01,-1,-1,-0.01,-1,-1,-0.01,-1,-1,-0.01,-1,-1,-0.01,-1,-1,-0.01,-1,-1
99926009,2026-05-18 13:07:17+05:30,53444.2,0,0.0,0,0.0,0.0,53282.15,53585.15,52783.45,53710.35,0,0.0,0.0,0.0,0.0,-0.01,-1,-1,-0.01,-1,-1,-0.01,-1,-1,-0.01,-1,-1,-0.01,-1,-1,-0.01,-1,-1,-0.01,-1,-1,-0.01,-1,-1,-0.01,-1,-1,-0.01,-1,-1
99926009,2026-05-18 13:07:17+05:30,53439.1,0,0.0,0,0.0,0.0,53282.15,53585.15,52783.45,53710.35,0,0.0,0.0,0.0,0.0,-0.01,-1,-1,-0.01,-1,-1,-0.01,-1,-1,-0.01,-1,-1,-0.01,-1,-1,-0.01,-1,-1,-0.01,-1,-1,-0.01,-1,-1,-0.01,-1,-1,-0.01,-1,-1
99926009,2026-05-18 13:07:18+05:30,53439.1,0,0.0,0,0.0,0.0,53282.15,53585.15,52783.45,53710.35,0,0.0,0.0,0.0,0.0,-0.01,-1,-1,-0.01,-1,-1,-0.01,-1,-1,-0.01,-1,-1,-0.01,-1,-1,-0.01,-1,-1,-0.01,-1,-1,-0.01,-1,-1,-0.01,-1,-1,-0.01,-1,-1
99926009,2026-05-18 13:07:18+05:30,53441.85,0,0.0,0,0.0,0.0,53282.15,53585.15,52783.45,53710.35,0,0.0,0.0,0.0,0.0,-0.01,-1,-1,-0.01,-1,-1,-0.01,-1,-1,-0.01,-1,-1,-0.01,-1,-1,-0.01,-1,-1,-0.01,-1,-1,-0.01,-1,-1,-0.01,-1,-1,-0.01,-1,-1
99926009,2026-05-18 13:07:19+05:30,53443.15,0,0.0,0,0.0,0.0,53282.15,53585.15,52783.45,53710.35,0,0.0,0.0,0.0,0.0,-0.01,-1,-1,-0.01,-1,-1,-0.01,-1,-1,-0.01,-1,-1,-0.01,-1,-1,-0.01,-1,-1,-0.01,-1,-1,-0.01,-1,-1,-0.01,-1,-1,-0.01,-1,-1
99926009,2026-05-18 13:07:19+05:30,53439.6,0,0.0,0,0.0,0.0,53282.15,53585.15,52783.45,53710.35,0,0.0,0.0,0.0,0.0,-0.01,-1,-1,-0.01,-1,-1,-0.01,-1,-1,-0.01,-1,-1,-0.01,-1,-1,-0.01,-1,-1,-0.01,-1,-1,-0.01,-1,-1,-0.01,-1,-1,-0.01,-1,-1
99926009,2026-05-18 13:07:20+05:30,53438.5,0,0.0,0,0.0,0.0,53282.15,53585.15,52783.45,53710.35,0,0.0,0.0,0.0,0.0,-0.01,-1,-1,-0.01,-1,-1,-0.01,-1,-1,-0.01,-1,-1,-0.01,-1,-1,-0.01,-1,-1,-0.01,-1,-1,-0.01,-1,-1,-0.01,-1,-1,-0.01,-1,-1
99926009,2026-05-18 13:07:20+05:30,53436.85,0,0.0,0,0.0,0.0,53282.15,53585.15,52783.45,53710.35,0,0.0,0.0,0.0,0.0,-0.01,-1,-1,-0.01,-1,-1,-0.01,-1,-1,-0.01,-1,-1,-0.01,-1,-1,-0.01,-1,-1,-0.01,-1,-1,-0.01,-1,-1,-0.01,-1,-1,-0.01,-1,-1
99926009,2026-05-18 13:07:21+05:30,53432.1,0,0.0,0,0.0,0.0,53282.15,53585.15,52783.45,53710.35,0,0.0,0.0,0.0,0.0,-0.01,-1,-1,-0.01,-1,-1,-0.01,-1,-1,-0.01,-1,-1,-0.01,-1,-1,-0.01,-1,-1,-0.01,-1,-1,-0.01,-1,-1,-0.01,-1,-1,-0.01,-1,-1
99926009,2026-05-18 13:07:21+05:30,53433.15,0,0.0,0,0.0,0.0,53282.15,53585.15,52783.45,53710.35,0,0.0,0.0,0.0,0.0,-0.01,-1,-1,-0.01,-1,-1,-0.01,-1,-1,-0.01,-1,-1,-0.01,-1,-1,-0.01,-1,-1,-0.01,-1,-1,-0.01,-1,-1,-0.01,-1,-1,-0.01,-1,-1
99926009,2026-05-18 13:07:22+05:30,53437.1,0,0.0,0,0.0,0.0,53282.15,53585.15,52783.45,53710.35,0,0.0,0.0,0.0,0.0,-0.01,-1,-1,-0.01,-1,-1,-0.01,-1,-1,-0.01,-1,-1,-0.01,-1,-1,-0.01,-1,-1,-0.01,-1,-1,-0.01,-1,-1,-0.01,-1,-1,-0.01,-1,-1
99926009,2026-05-18 13:07:22+05:30,53437.45,0,0.0,0,0.0,0.0,53282.15,53585.15,52783.45,53710.35,0,0.0,0.0,0.0,0.0,-0.01,-1,-1,-0.01,-1,-1,-0.01,-1,-1,-0.01,-1,-1,-0.01,-1,-1,-0.01,-1,-1,-0.01,-1,-1,-0.01,-1,-1,-0.01,-1,-1,-0.01,-1,-1
99926009,2026-05-18 13:07:23+05:30,53435.35,0,0.0,0,0.0,0.0,53282.15,53585.15,52783.45,53710.35,0,0.0,0.0,0.0,0.0,-0.01,-1,-1,-0.01,-1,-1,-0.01,-1,-1,-0.01,-1,-1,-0.01,-1,-1,-0.01,-1,-1,-0.01,-1,-1,-0.01,-1,-1,-0.01,-1,-1,-0.01,-1,-1
99926009,2026-05-18 13:07:23+05:30,53435.6,0,0.0,0,0.0,0.0,53282.15,53585.15,52783.45,53710.35,0,0.0,0.0,0.0,0.0,-0.01,-1,-1,-0.01,-1,-1,-0.01,-1,-1,-0.01,-1,-1,-0.01,-1,-1,-0.01,-1,-1,-0.01,-1,-1,-0.01,-1,-1,-0.01,-1,-1,-0.01,-1,-1
99926009,2026-05-18 13:07:24+05:30,53435.9,0,0.0,0,0.0,0.0,53282.15,53585.15,52783.45,53710.35,0,0.0,0.0,0.0,0.0,-0.01,-1,-1,-0.01,-1,-1,-0.01,-1,-1,-0.01,-1,-1,-0.01,-1,-1,-0.01,-1,-1,-0.01,-1,-1,-0.01,-1,-1,-0.01,-1,-1,-0.01,-1,-1
99926009,2026-05-18 13:07:24+05:30,53436.9,0,0.0,0,0.0,0.0,53282.15,53585.15,52783.45,53710.35,0,0.0,0.0,0.0,0.0,-0.01,-1,-1,-0.01,-1,-1,-0.01,-1,-1,-0.01,-1,-1,-0.01,-1,-1,-0.01,-1,-1,-0.01,-1,-1,-0.01,-1,-1,-0.01,-1,-1,-0.01,-1,-1
99926009,2026-05-18 13:07:25+05:30,53433.7,0,0.0,0,0.0,0.0,53282.15,53585.15,52783.45,53710.35,0,0.0,0.0,0.0,0.0,-0.01,-1,-1,-0.01,-1,-1,-0.01,-1,-1,-0.01,-1,-1,-0.01,-1,-1,-0.01,-1,-1,-0.01,-1,-1,-0.01,-1,-1,-0.01,-1,-1,-0.01,-1,-1
99926009,2026-05-18 13:07:25+05:30,53435.2,0,0.0,0,0.0,0.0,53282.15,53585.15,52783.45,53710.35,0,0.0,0.0,0.0,0.0,-0.01,-1,-1,-0.01,-1,-1,-0.01,-1,-1,-0.01,-1,-1,-0.01,-1,-1,-0.01,-1,-1,-0.01,-1,-1,-0.01,-1,-1,-0.01,-1,-1,-0.01,-1,-1
99926009,2026-05-18 13:07:26+05:30,53434.35,0,0.0,0,0.0,0.0,53282.15,53585.15,52783.45,53710.35,0,0.0,0.0,0.0,0.0,-0.01,-1,-1,-0.01,-1,-1,-0.01,-1,-1,-0.01,-1,-1,-0.01,-1,-1,-0.01,-1,-1,-0.01,-1,-1,-0.01,-1,-1,-0.01,-1,-1,-0.01,-1,-1
99926009,2026-05-18 13:07:26+05:30,53434.15,0,0.0,0,0.0,0.0,53282.15,53585.15,52783.45,53710.35,0,0.0,0.0,0.0,0.0,-0.01,-1,-1,-0.01,-1,-1,-0.01,-1,-1,-0.01,-1,-1,-0.01,-1,-1,-0.01,-1,-1,-0.01,-1,-1,-0.01,-1,-1,-0.01,-1,-1,-0.01,-1,-1
99926009,2026-05-18 13:07:27+05:30,53432.7,0,0.0,0,0.0,0.0,53282.15,53585.15,52783.45,53710.35,0,0.0,0.0,0.0,0.0,-0.01,-1,-1,-0.01,-1,-1,-0.01,-1,-1,-0.01,-1,-1,-0.01,-1,-1,-0.01,-1,-1,-0.01,-1,-1,-0.01,-1,-1,-0.01,-1,-1,-0.01,-1,-1
99926009,2026-05-18 13:07:27+05:30,53427.65,0,0.0,0,0.0,0.0,53282.15,53585.15,52783.45,53710.35,0,0.0,0.0,0.0,0.0,-0.01,-1,-1,-0.01,-1,-1,-0.01,-1,-1,-0.01,-1,-1,-0.01,-1,-1,-0.01,-1,-1,-0.01,-1,-1,-0.01,-1,-1,-0.01,-1,-1,-0.01,-1,-1
99926009,2026-05-18 13:07:28+05:30,53430.8,0,0.0,0,0.0,0.0,53282.15,53585.15,52783.45,53710.35,0,0.0,0.0,0.0,0.0,-0.01,-1,-1,-0.01,-1,-1,-0.01,-1,-1,-0.01,-1,-1,-0.01,-1,-1,-0.01,-1,-1,-0.01,-1,-1,-0.01,-1,-1,-0.01,-1,-1,-0.01,-1,-1
99926009,2026-05-18 13:07:28+05:30,53430.1,0,0.0,0,0.0,0.0,53282.15,53585.15,52783.45,53710.35,0,0.0,0.0,0.0,0.0,-0.01,-1,-1,-0.01,-1,-1,-0.01,-1,-1,-0.01,-1,-1,-0.01,-1,-1,-0.01,-1,-1,-0.01,-1,-1,-0.01,-1,-1,-0.01,-1,-1,-0.01,-1,-1
99926009,2026-05-18 13:07:29+05:30,53424.7,0,0.0,0,0.0,0.0,53282.15,53585.15,52783.45,53710.35,0,0.0,0.0,0.0,0.0,-0.01,-1,-1,-0.01,-1,-1,-0.01,-1,-1,-0.01,-1,-1,-0.01,-1,-1,-0.01,-1,-1,-0.01,-1,-1,-0.01,-1,-1,-0.01,-1,-1,-0.01,-1,-1
99926009,2026-05-18 13:07:29+05:30,53420.85,0,0.0,0,0.0,0.0,53282.15,53585.15,52783.45,53710.35,0,0.0,0.0,0.0,0.0,-0.01,-1,-1,-0.01,-1,-1,-0.01,-1,-1,-0.01,-1,-1,-0.01,-1,-1,-0.01,-1,-1,-0.01,-1,-1,-0.01,-1,-1,-0.01,-1,-1,-0.01,-1,-1
99926009,2026-05-18 13:07:30+05:30,53418.6,0,0.0,0,0.0,0.0,53282.15,53585.15,52783.45,53710.35,0,0.0,0.0,0.0,0.0,-0.01,-1,-1,-0.01,-1,-1,-0.01,-1,-1,-0.01,-1,-1,-0.01,-1,-1,-0.01,-1,-1,-0.01,-1,-1,-0.01,-1,-1,-0.01,-1,-1,-0.01,-1,-1
99926009,2026-05-18 13:07:30+05:30,53418.55,0,0.0,0,0.0,0.0,53282.15,53585.15,52783.45,53710.35,0,0.0,0.0,0.0,0.0,-0.01,-1,-1,-0.01,-1,-1,-0.01,-1,-1,-0.01,-1,-1,-0.01,-1,-1,-0.01,-1,-1,-0.01,-1,-1,-0.01,-1,-1,-0.01,-1,-1,-0.01,-1,-1
99926009,2026-05-18 13:07:31+05:30,53420.15,0,0.0,0,0.0,0.0,53282.15,53585.15,52783.45,53710.35,0,0.0,0.0,0.0,0.0,-0.01,-1,-1,-0.01,-1,-1,-0.01,-1,-1,-0.01,-1,-1,-0.01,-1,-1,-0.01,-1,-1,-0.01,-1,-1,-0.01,-1,-1,-0.01,-1,-1,-0.01,-1,-1
99926009,2026-05-18 13:07:31+05:30,53418.3,0,0.0,0,0.0,0.0,53282.15,53585.15,52783.45,53710.35,0,0.0,0.0,0.0,0.0,-0.01,-1,-1,-0.01,-1,-1,-0.01,-1,-1,-0.01,-1,-1,-0.01,-1,-1,-0.01,-1,-1,-0.01,-1,-1,-0.01,-1,-1,-0.01,-1,-1,-0.01,-1,-1
99926009,2026-05-18 13:07:32+05:30,53416.8,0,0.0,0,0.0,0.0,53282.15,53585.15,52783.45,53710.35,0,0.0,0.0,0.0,0.0,-0.01,-1,-1,-0.01,-1,-1,-0.01,-1,-1,-0.01,-1,-1,-0.01,-1,-1,-0.01,-1,-1,-0.01,-1,-1,-0.01,-1,-1,-0.01,-1,-1,-0.01,-1,-1
99926009,2026-05-18 13:07:32+05:30,53417.45,0,0.0,0,0.0,0.0,53282.15,53585.15,52783.45,53710.35,0,0.0,0.0,0.0,0.0,-0.01,-1,-1,-0.01,-1,-1,-0.01,-1,-1,-0.01,-1,-1,-0.01,-1,-1,-0.01,-1,-1,-0.01,-1,-1,-0.01,-1,-1,-0.01,-1,-1,-0.01,-1,-1
99926009,2026-05-18 13:07:33+05:30,53415.9,0,0.0,0,0.0,0.0,53282.15,53585.15,52783.45,53710.35,0,0.0,0.0,0.0,0.0,-0.01,-1,-1,-0.01,-1,-1,-0.01,-1,-1,-0.01,-1,-1,-0.01,-1,-1,-0.01,-1,-1,-0.01,-1,-1,-0.01,-1,-1,-0.01,-1,-1,-0.01,-1,-1
99926009,2026-05-18 13:07:33+05:30,53418.85,0,0.0,0,0.0,0.0,53282.15,53585.15,52783.45,53710.35,0,0.0,0.0,0.0,0.0,-0.01,-1,-1,-0.01,-1,-1,-0.01,-1,-1,-0.01,-1,-1,-0.01,-1,-1,-0.01,-1,-1,-0.01,-1,-1,-0.01,-1,-1,-0.01,-1,-1,-0.01,-1,-1
99926009,2026-05-18 13:07:34+05:30,53417.5,0,0.0,0,0.0,0.0,53282.15,53585.15,52783.45,53710.35,0,0.0,0.0,0.0,0.0,-0.01,-1,-1,-0.01,-1,-1,-0.01,-1,-1,-0.01,-1,-1,-0.01,-1,-1,-0.01,-1,-1,-0.01,-1,-1,-0.01,-1,-1,-0.01,-1,-1,-0.01,-1,-1
99926009,2026-05-18 13:07:34+05:30,53417.6,0,0.0,0,0.0,0.0,53282.15,53585.15,52783.45,53710.35,0,0.0,0.0,0.0,0.0,-0.01,-1,-1,-0.01,-1,-1,-0.01,-1,-1,-0.01,-1,-1,-0.01,-1,-1,-0.01,-1,-1,-0.01,-1,-1,-0.01,-1,-1,-0.01,-1,-1,-0.01,-1,-1
99926009,2026-05-18 13:07:35+05:30,53420.25,0,0.0,0,0.0,0.0,53282.15,53585.15,52783.45,53710.35,0,0.0,0.0,0.0,0.0,-0.01,-1,-1,-0.01,-1,-1,-0.01,-1,-1,-0.01,-1,-1,-0.01,-1,-1,-0.01,-1,-1,-0.01,-1,-1,-0.01,-1,-1,-0.01,-1,-1,-0.01,-1,-1
99926009,2026-05-18 13:07:35+05:30,53421.5,0,0.0,0,0.0,0.0,53282.15,53585.15,52783.45,53710.35,0,0.0,0.0,0.0,0.0,-0.01,-1,-1,-0.01,-1,-1,-0.01,-1,-1,-0.01,-1,-1,-0.01,-1,-1,-0.01,-1,-1,-0.01,-1,-1,-0.01,-1,-1,-0.01,-1,-1,-0.01,-1,-1
99926009,2026-05-18 13:07:36+05:30,53418.95,0,0.0,0,0.0,0.0,53282.15,53585.15,52783.45,53710.35,0,0.0,0.0,0.0,0.0,-0.01,-1,-1,-0.01,-1,-1,-0.01,-1,-1,-0.01,-1,-1,-0.01,-1,-1,-0.01,-1,-1,-0.01,-1,-1,-0.01,-1,-1,-0.01,-1,-1,-0.01,-1,-1
99926009,2026-05-18 13:07:36+05:30,53426.9,0,0.0,0,0.0,0.0,53282.15,53585.15,52783.45,53710.35,0,0.0,0.0,0.0,0.0,-0.01,-1,-1,-0.01,-1,-1,-0.01,-1,-1,-0.01,-1,-1,-0.01,-1,-1,-0.01,-1,-1,-0.01,-1,-1,-0.01,-1,-1,-0.01,-1,-1,-0.01,-1,-1
99926009,2026-05-18 13:07:37+05:30,53427.55,0,0.0,0,0.0,0.0,53282.15,53585.15,52783.45,53710.35,0,0.0,0.0,0.0,0.0,-0.01,-1,-1,-0.01,-1,-1,-0.01,-1,-1,-0.01,-1,-1,-0.01,-1,-1,-0.01,-1,-1,-0.01,-1,-1,-0.01,-1,-1,-0.01,-1,-1,-0.01,-1,-1
99926009,2026-05-18 13:07:37+05:30,53428.4,0,0.0,0,0.0,0.0,53282.15,53585.15,52783.45,53710.35,0,0.0,0.0,0.0,0.0,-0.01,-1,-1,-0.01,-1,-1,-0.01,-1,-1,-0.01,-1,-1,-0.01,-1,-1,-0.01,-1,-1,-0.01,-1,-1,-0.01,-1,-1,-0.01,-1,-1,-0.01,-1,-1
99926009,2026-05-18 13:07:38+05:30,53424.55,0,0.0,0,0.0,0.0,53282.15,53585.15,52783.45,53710.35,0,0.0,0.0,0.0,0.0,-0.01,-1,-1,-0.01,-1,-1,-0.01,-1,-1,-0.01,-1,-1,-0.01,-1,-1,-0.01,-1,-1,-0.01,-1,-1,-0.01,-1,-1,-0.01,-1,-1,-0.01,-1,-1
99926009,2026-05-18 13:07:38+05:30,53421.8,0,0.0,0,0.0,0.0,53282.15,53585.15,52783.45,53710.35,0,0.0,0.0,0.0,0.0,-0.01,-1,-1,-0.01,-1,-1,-0.01,-1,-1,-0.01,-1,-1,-0.01,-1,-1,-0.01,-1,-1,-0.01,-1,-1,-0.01,-1,-1,-0.01,-1,-1,-0.01,-1,-1
99926009,2026-05-18 13:07:39+05:30,53431.65,0,0.0,0,0.0,0.0,53282.15,53585.15,52783.45,53710.35,0,0.0,0.0,0.0,0.0,-0.01,-1,-1,-0.01,-1,-1,-0.01,-1,-1,-0.01,-1,-1,-0.01,-1,-1,-0.01,-1,-1,-0.01,-1,-1,-0.01,-1,-1,-0.01,-1,-1,-0.01,-1,-1
99926009,2026-05-18 13:07:39+05:30,53430.3,0,0.0,0,0.0,0.0,53282.15,53585.15,52783.45,53710.35,0,0.0,0.0,0.0,0.0,-0.01,-1,-1,-0.01,-1,-1,-0.01,-1,-1,-0.01,-1,-1,-0.01,-1,-1,-0.01,-1,-1,-0.01,-1,-1,-0.01,-1,-1,-0.01,-1,-1,-0.01,-1,-1
99926009,2026-05-18 13:07:40+05:30,53430.5,0,0.0,0,0.0,0.0,53282.15,53585.15,52783.45,53710.35,0,0.0,0.0,0.0,0.0,-0.01,-1,-1,-0.01,-1,-1,-0.01,-1,-1,-0.01,-1,-1,-0.01,-1,-1,-0.01,-1,-1,-0.01,-1,-1,-0.01,-1,-1,-0.01,-1,-1,-0.01,-1,-1
99926009,2026-05-18 13:07:40+05:30,53431.1,0,0.0,0,0.0,0.0,53282.15,53585.15,52783.45,53710.35,0,0.0,0.0,0.0,0.0,-0.01,-1,-1,-0.01,-1,-1,-0.01,-1,-1,-0.01,-1,-1,-0.01,-1,-1,-0.01,-1,-1,-0.01,-1,-1,-0.01,-1,-1,-0.01,-1,-1,-0.01,-1,-1
99926009,2026-05-18 13:07:41+05:30,53429.05,0,0.0,0,0.0,0.0,53282.15,53585.15,52783.45,53710.35,0,0.0,0.0,0.0,0.0,-0.01,-1,-1,-0.01,-1,-1,-0.01,-1,-1,-0.01,-1,-1,-0.01,-1,-1,-0.01,-1,-1,-0.01,-1,-1,-0.01,-1,-1,-0.01,-1,-1,-0.01,-1,-1
99926009,2026-05-18 13:07:41+05:30,53432.2,0,0.0,0,0.0,0.0,53282.15,53585.15,52783.45,53710.35,0,0.0,0.0,0.0,0.0,-0.01,-1,-1,-0.01,-1,-1,-0.01,-1,-1,-0.01,-1,-1,-0.01,-1,-1,-0.01,-1,-1,-0.01,-1,-1,-0.01,-1,-1,-0.01,-1,-1,-0.01,-1,-1
99926009,2026-05-18 13:07:42+05:30,53430.4,0,0.0,0,0.0,0.0,53282.15,53585.15,52783.45,53710.35,0,0.0,0.0,0.0,0.0,-0.01,-1,-1,-0.01,-1,-1,-0.01,-1,-1,-0.01,-1,-1,-0.01,-1,-1,-0.01,-1,-1,-0.01,-1,-1,-0.01,-1,-1,-0.01,-1,-1,-0.01,-1,-1
99926009,2026-05-18 13:07:42+05:30,53430.2,0,0.0,0,0.0,0.0,53282.15,53585.15,52783.45,53710.35,0,0.0,0.0,0.0,0.0,-0.01,-1,-1,-0.01,-1,-1,-0.01,-1,-1,-0.01,-1,-1,-0.01,-1,-1,-0.01,-1,-1,-0.01,-1,-1,-0.01,-1,-1,-0.01,-1,-1,-0.01,-1,-1
99926009,2026-05-18 13:07:43+05:30,53429.55,0,0.0,0,0.0,0.0,53282.15,53585.15,52783.45,53710.35,0,0.0,0.0,0.0,0.0,-0.01,-1,-1,-0.01,-1,-1,-0.01,-1,-1,-0.01,-1,-1,-0.01,-1,-1,-0.01,-1,-1,-0.01,-1,-1,-0.01,-1,-1,-0.01,-1,-1,-0.01,-1,-1
99926009,2026-05-18 13:07:43+05:30,53428.1,0,0.0,0,0.0,0.0,53282.15,53585.15,52783.45,53710.35,0,0.0,0.0,0.0,0.0,-0.01,-1,-1,-0.01,-1,-1,-0.01,-1,-1,-0.01,-1,-1,-0.01,-1,-1,-0.01,-1,-1,-0.01,-1,-1,-0.01,-1,-1,-0.01,-1,-1,-0.01,-1,-1
99926009,2026-05-18 13:07:44+05:30,53430.7,0,0.0,0,0.0,0.0,53282.15,53585.15,52783.45,53710.35,0,0.0,0.0,0.0,0.0,-0.01,-1,-1,-0.01,-1,-1,-0.01,-1,-1,-0.01,-1,-1,-0.01,-1,-1,-0.01,-1,-1,-0.01,-1,-1,-0.01,-1,-1,-0.01,-1,-1,-0.01,-1,-1
99926009,2026-05-18 13:07:44+05:30,53427.5,0,0.0,0,0.0,0.0,53282.15,53585.15,52783.45,53710.35,0,0.0,0.0,0.0,0.0,-0.01,-1,-1,-0.01,-1,-1,-0.01,-1,-1,-0.01,-1,-1,-0.01,-1,-1,-0.01,-1,-1,-0.01,-1,-1,-0.01,-1,-1,-0.01,-1,-1,-0.01,-1,-1
99926009,2026-05-18 13:07:45+05:30,53426.65,0,0.0,0,0.0,0.0,53282.15,53585.15,52783.45,53710.35,0,0.0,0.0,0.0,0.0,-0.01,-1,-1,-0.01,-1,-1,-0.01,-1,-1,-0.01,-1,-1,-0.01,-1,-1,-0.01,-1,-1,-0.01,-1,-1,-0.01,-1,-1,-0.01,-1,-1,-0.01,-1,-1
99926009,2026-05-18 13:07:45+05:30,53428.25,0,0.0,0,0.0,0.0,53282.15,53585.15,52783.45,53710.35,0,0.0,0.0,0.0,0.0,-0.01,-1,-1,-0.01,-1,-1,-0.01,-1,-1,-0.01,-1,-1,-0.01,-1,-1,-0.01,-1,-1,-0.01,-1,-1,-0.01,-1,-1,-0.01,-1,-1,-0.01,-1,-1
99926009,2026-05-18 13:07:46+05:30,53429.9,0,0.0,0,0.0,0.0,53282.15,53585.15,52783.45,53710.35,0,0.0,0.0,0.0,0.0,-0.01,-1,-1,-0.01,-1,-1,-0.01,-1,-1,-0.01,-1,-1,-0.01,-1,-1,-0.01,-1,-1,-0.01,-1,-1,-0.01,-1,-1,-0.01,-1,-1,-0.01,-1,-1
99926009,2026-05-18 13:07:46+05:30,53429.5,0,0.0,0,0.0,0.0,53282.15,53585.15,52783.45,53710.35,0,0.0,0.0,0.0,0.0,-0.01,-1,-1,-0.01,-1,-1,-0.01,-1,-1,-0.01,-1,-1,-0.01,-1,-1,-0.01,-1,-1,-0.01,-1,-1,-0.01,-1,-1,-0.01,-1,-1,-0.01,-1,-1
99926009,2026-05-18 13:07:47+05:30,53429.25,0,0.0,0,0.0,0.0,53282.15,53585.15,52783.45,53710.35,0,0.0,0.0,0.0,0.0,-0.01,-1,-1,-0.01,-1,-1,-0.01,-1,-1,-0.01,-1,-1,-0.01,-1,-1,-0.01,-1,-1,-0.01,-1,-1,-0.01,-1,-1,-0.01,-1,-1,-0.01,-1,-1
99926009,2026-05-18 13:07:47+05:30,53431.45,0,0.0,0,0.0,0.0,53282.15,53585.15,52783.45,53710.35,0,0.0,0.0,0.0,0.0,-0.01,-1,-1,-0.01,-1,-1,-0.01,-1,-1,-0.01,-1,-1,-0.01,-1,-1,-0.01,-1,-1,-0.01,-1,-1,-0.01,-1,-1,-0.01,-1,-1,-0.01,-1,-1
99926009,2026-05-18 13:07:48+05:30,53429.95,0,0.0,0,0.0,0.0,53282.15,53585.15,52783.45,53710.35,0,0.0,0.0,0.0,0.0,-0.01,-1,-1,-0.01,-1,-1,-0.01,-1,-1,-0.01,-1,-1,-0.01,-1,-1,-0.01,-1,-1,-0.01,-1,-1,-0.01,-1,-1,-0.01,-1,-1,-0.01,-1,-1
99926009,2026-05-18 13:07:48+05:30,53430.2,0,0.0,0,0.0,0.0,53282.15,53585.15,52783.45,53710.35,0,0.0,0.0,0.0,0.0,-0.01,-1,-1,-0.01,-1,-1,-0.01,-1,-1,-0.01,-1,-1,-0.01,-1,-1,-0.01,-1,-1,-0.01,-1,-1,-0.01,-1,-1,-0.01,-1,-1,-0.01,-1,-1
99926009,2026-05-18 13:07:49+05:30,53429.45,0,0.0,0,0.0,0.0,53282.15,53585.15,52783.45,53710.35,0,0.0,0.0,0.0,0.0,-0.01,-1,-1,-0.01,-1,-1,-0.01,-1,-1,-0.01,-1,-1,-0.01,-1,-1,-0.01,-1,-1,-0.01,-1,-1,-0.01,-1,-1,-0.01,-1,-1,-0.01,-1,-1
99926009,2026-05-18 13:07:49+05:30,53432.65,0,0.0,0,0.0,0.0,53282.15,53585.15,52783.45,53710.35,0,0.0,0.0,0.0,0.0,-0.01,-1,-1,-0.01,-1,-1,-0.01,-1,-1,-0.01,-1,-1,-0.01,-1,-1,-0.01,-1,-1,-0.01,-1,-1,-0.01,-1,-1,-0.01,-1,-1,-0.01,-1,-1
99926009,2026-05-18 13:07:50+05:30,53430.3,0,0.0,0,0.0,0.0,53282.15,53585.15,52783.45,53710.35,0,0.0,0.0,0.0,0.0,-0.01,-1,-1,-0.01,-1,-1,-0.01,-1,-1,-0.01,-1,-1,-0.01,-1,-1,-0.01,-1,-1,-0.01,-1,-1,-0.01,-1,-1,-0.01,-1,-1,-0.01,-1,-1
99926009,2026-05-18 13:07:50+05:30,53428.3,0,0.0,0,0.0,0.0,53282.15,53585.15,52783.45,53710.35,0,0.0,0.0,0.0,0.0,-0.01,-1,-1,-0.01,-1,-1,-0.01,-1,-1,-0.01,-1,-1,-0.01,-1,-1,-0.01,-1,-1,-0.01,-1,-1,-0.01,-1,-1,-0.01,-1,-1,-0.01,-1,-1
99926009,2026-05-18 13:07:51+05:30,53427.75,0,0.0,0,0.0,0.0,53282.15,53585.15,52783.45,53710.35,0,0.0,0.0,0.0,0.0,-0.01,-1,-1,-0.01,-1,-1,-0.01,-1,-1,-0.01,-1,-1,-0.01,-1,-1,-0.01,-1,-1,-0.01,-1,-1,-0.01,-1,-1,-0.01,-1,-1,-0.01,-1,-1
99926009,2026-05-18 13:07:51+05:30,53429.8,0,0.0,0,0.0,0.0,53282.15,53585.15,52783.45,53710.35,0,0.0,0.0,0.0,0.0,-0.01,-1,-1,-0.01,-1,-1,-0.01,-1,-1,-0.01,-1,-1,-0.01,-1,-1,-0.01,-1,-1,-0.01,-1,-1,-0.01,-1,-1,-0.01,-1,-1,-0.01,-1,-1
99926009,2026-05-18 13:07:52+05:30,53428.1,0,0.0,0,0.0,0.0,53282.15,53585.15,52783.45,53710.35,0,0.0,0.0,0.0,0.0,-0.01,-1,-1,-0.01,-1,-1,-0.01,-1,-1,-0.01,-1,-1,-0.01,-1,-1,-0.01,-1,-1,-0.01,-1,-1,-0.01,-1,-1,-0.01,-1,-1,-0.01,-1,-1
99926009,2026-05-18 13:07:52+05:30,53426.95,0,0.0,0,0.0,0.0,53282.15,53585.15,52783.45,53710.35,0,0.0,0.0,0.0,0.0,-0.01,-1,-1,-0.01,-1,-1,-0.01,-1,-1,-0.01,-1,-1,-0.01,-1,-1,-0.01,-1,-1,-0.01,-1,-1,-0.01,-1,-1,-0.01,-1,-1,-0.01,-1,-1
99926009,2026-05-18 13:07:53+05:30,53430.65,0,0.0,0,0.0,0.0,53282.15,53585.15,52783.45,53710.35,0,0.0,0.0,0.0,0.0,-0.01,-1,-1,-0.01,-1,-1,-0.01,-1,-1,-0.01,-1,-1,-0.01,-1,-1,-0.01,-1,-1,-0.01,-1,-1,-0.01,-1,-1,-0.01,-1,-1,-0.01,-1,-1
99926009,2026-05-18 13:07:53+05:30,53429.9,0,0.0,0,0.0,0.0,53282.15,53585.15,52783.45,53710.35,0,0.0,0.0,0.0,0.0,-0.01,-1,-1,-0.01,-1,-1,-0.01,-1,-1,-0.01,-1,-1,-0.01,-1,-1,-0.01,-1,-1,-0.01,-1,-1,-0.01,-1,-1,-0.01,-1,-1,-0.01,-1,-1
99926009,2026-05-18 13:07:54+05:30,53427.7,0,0.0,0,0.0,0.0,53282.15,53585.15,52783.45,53710.35,0,0.0,0.0,0.0,0.0,-0.01,-1,-1,-0.01,-1,-1,-0.01,-1,-1,-0.01,-1,-1,-0.01,-1,-1,-0.01,-1,-1,-0.01,-1,-1,-0.01,-1,-1,-0.01,-1,-1,-0.01,-1,-1
99926009,2026-05-18 13:07:54+05:30,53428.05,0,0.0,0,0.0,0.0,53282.15,53585.15,52783.45,53710.35,0,0.0,0.0,0.0,0.0,-0.01,-1,-1,-0.01,-1,-1,-0.01,-1,-1,-0.01,-1,-1,-0.01,-1,-1,-0.01,-1,-1,-0.01,-1,-1,-0.01,-1,-1,-0.01,-1,-1,-0.01,-1,-1
99926009,2026-05-18 13:07:55+05:30,53425.45,0,0.0,0,0.0,0.0,53282.15,53585.15,52783.45,53710.35,0,0.0,0.0,0.0,0.0,-0.01,-1,-1,-0.01,-1,-1,-0.01,-1,-1,-0.01,-1,-1,-0.01,-1,-1,-0.01,-1,-1,-0.01,-1,-1,-0.01,-1,-1,-0.01,-1,-1,-0.01,-1,-1
99926009,2026-05-18 13:07:55+05:30,53427.55,0,0.0,0,0.0,0.0,53282.15,53585.15,52783.45,53710.35,0,0.0,0.0,0.0,0.0,-0.01,-1,-1,-0.01,-1,-1,-0.01,-1,-1,-0.01,-1,-1,-0.01,-1,-1,-0.01,-1,-1,-0.01,-1,-1,-0.01,-1,-1,-0.01,-1,-1,-0.01,-1,-1
99926009,2026-05-18 13:07:56+05:30,53426.7,0,0.0,0,0.0,0.0,53282.15,53585.15,52783.45,53710.35,0,0.0,0.0,0.0,0.0,-0.01,-1,-1,-0.01,-1,-1,-0.01,-1,-1,-0.01,-1,-1,-0.01,-1,-1,-0.01,-1,-1,-0.01,-1,-1,-0.01,-1,-1,-0.01,-1,-1,-0.01,-1,-1
99926009,2026-05-18 13:07:56+05:30,53428.4,0,0.0,0,0.0,0.0,53282.15,53585.15,52783.45,53710.35,0,0.0,0.0,0.0,0.0,-0.01,-1,-1,-0.01,-1,-1,-0.01,-1,-1,-0.01,-1,-1,-0.01,-1,-1,-0.01,-1,-1,-0.01,-1,-1,-0.01,-1,-1,-0.01,-1,-1,-0.01,-1,-1
99926009,2026-05-18 13:07:57+05:30,53428.5,0,0.0,0,0.0,0.0,53282.15,53585.15,52783.45,53710.35,0,0.0,0.0,0.0,0.0,-0.01,-1,-1,-0.01,-1,-1,-0.01,-1,-1,-0.01,-1,-1,-0.01,-1,-1,-0.01,-1,-1,-0.01,-1,-1,-0.01,-1,-1,-0.01,-1,-1,-0.01,-1,-1
99926009,2026-05-18 13:07:57+05:30,53423.65,0,0.0,0,0.0,0.0,53282.15,53585.15,52783.45,53710.35,0,0.0,0.0,0.0,0.0,-0.01,-1,-1,-0.01,-1,-1,-0.01,-1,-1,-0.01,-1,-1,-0.01,-1,-1,-0.01,-1,-1,-0.01,-1,-1,-0.01,-1,-1,-0.01,-1,-1,-0.01,-1,-1
99926009,2026-05-18 13:07:58+05:30,53427.3,0,0.0,0,0.0,0.0,53282.15,53585.15,52783.45,53710.35,0,0.0,0.0,0.0,0.0,-0.01,-1,-1,-0.01,-1,-1,-0.01,-1,-1,-0.01,-1,-1,-0.01,-1,-1,-0.01,-1,-1,-0.01,-1,-1,-0.01,-1,-1,-0.01,-1,-1,-0.01,-1,-1
99926009,2026-05-18 13:07:58+05:30,53427.3,0,0.0,0,0.0,0.0,53282.15,53585.15,52783.45,53710.35,0,0.0,0.0,0.0,0.0,-0.01,-1,-1,-0.01,-1,-1,-0.01,-1,-1,-0.01,-1,-1,-0.01,-1,-1,-0.01,-1,-1,-0.01,-1,-1,-0.01,-1,-1,-0.01,-1,-1,-0.01,-1,-1
99926009,2026-05-18 13:07:59+05:30,53427.25,0,0.0,0,0.0,0.0,53282.15,53585.15,52783.45,53710.35,0,0.0,0.0,0.0,0.0,-0.01,-1,-1,-0.01,-1,-1,-0.01,-1,-1,-0.01,-1,-1,-0.01,-1,-1,-0.01,-1,-1,-0.01,-1,-1,-0.01,-1,-1,-0.01,-1,-1,-0.01,-1,-1
99926009,2026-05-18 13:07:59+05:30,53422.2,0,0.0,0,0.0,0.0,53282.15,53585.15,52783.45,53710.35,0,0.0,0.0,0.0,0.0,-0.01,-1,-1,-0.01,-1,-1,-0.01,-1,-1,-0.01,-1,-1,-0.01,-1,-1,-0.01,-1,-1,-0.01,-1,-1,-0.01,-1,-1,-0.01,-1,-1,-0.01,-1,-1
99926009,2026-05-18 13:08:00+05:30,53424.75,0,0.0,0,0.0,0.0,53282.15,53585.15,52783.45,53710.35,0,0.0,0.0,0.0,0.0,-0.01,-1,-1,-0.01,-1,-1,-0.01,-1,-1,-0.01,-1,-1,-0.01,-1,-1,-0.01,-1,-1,-0.01,-1,-1,-0.01,-1,-1,-0.01,-1,-1,-0.01,-1,-1
99926009,2026-05-18 13:08:00+05:30,53422.05,0,0.0,0,0.0,0.0,53282.15,53585.15,52783.45,53710.35,0,0.0,0.0,0.0,0.0,-0.01,-1,-1,-0.01,-1,-1,-0.01,-1,-1,-0.01,-1,-1,-0.01,-1,-1,-0.01,-1,-1,-0.01,-1,-1,-0.01,-1,-1,-0.01,-1,-1,-0.01,-1,-1
99926009,2026-05-18 13:08:01+05:30,53424.0,0,0.0,0,0.0,0.0,53282.15,53585.15,52783.45,53710.35,0,0.0,0.0,0.0,0.0,-0.01,-1,-1,-0.01,-1,-1,-0.01,-1,-1,-0.01,-1,-1,-0.01,-1,-1,-0.01,-1,-1,-0.01,-1,-1,-0.01,-1,-1,-0.01,-1,-1,-0.01,-1,-1
99926009,2026-05-18 13:08:01+05:30,53427.6,0,0.0,0,0.0,0.0,53282.15,53585.15,52783.45,53710.35,0,0.0,0.0,0.0,0.0,-0.01,-1,-1,-0.01,-1,-1,-0.01,-1,-1,-0.01,-1,-1,-0.01,-1,-1,-0.01,-1,-1,-0.01,-1,-1,-0.01,-1,-1,-0.01,-1,-1,-0.01,-1,-1
99926009,2026-05-18 13:08:02+05:30,53426.3,0,0.0,0,0.0,0.0,53282.15,53585.15,52783.45,53710.35,0,0.0,0.0,0.0,0.0,-0.01,-1,-1,-0.01,-1,-1,-0.01,-1,-1,-0.01,-1,-1,-0.01,-1,-1,-0.01,-1,-1,-0.01,-1,-1,-0.01,-1,-1,-0.01,-1,-1,-0.01,-1,-1
99926009,2026-05-18 13:08:02+05:30,53426.9,0,0.0,0,0.0,0.0,53282.15,53585.15,52783.45,53710.35,0,0.0,0.0,0.0,0.0,-0.01,-1,-1,-0.01,-1,-1,-0.01,-1,-1,-0.01,-1,-1,-0.01,-1,-1,-0.01,-1,-1,-0.01,-1,-1,-0.01,-1,-1,-0.01,-1,-1,-0.01,-1,-1
99926009,2026-05-18 13:08:03+05:30,53428.3,0,0.0,0,0.0,0.0,53282.15,53585.15,52783.45,53710.35,0,0.0,0.0,0.0,0.0,-0.01,-1,-1,-0.01,-1,-1,-0.01,-1,-1,-0.01,-1,-1,-0.01,-1,-1,-0.01,-1,-1,-0.01,-1,-1,-0.01,-1,-1,-0.01,-1,-1,-0.01,-1,-1
99926009,2026-05-18 13:08:03+05:30,53431.0,0,0.0,0,0.0,0.0,53282.15,53585.15,52783.45,53710.35,0,0.0,0.0,0.0,0.0,-0.01,-1,-1,-0.01,-1,-1,-0.01,-1,-1,-0.01,-1,-1,-0.01,-1,-1,-0.01,-1,-1,-0.01,-1,-1,-0.01,-1,-1,-0.01,-1,-1,-0.01,-1,-1
99926009,2026-05-18 13:08:04+05:30,53429.5,0,0.0,0,0.0,0.0,53282.15,53585.15,52783.45,53710.35,0,0.0,0.0,0.0,0.0,-0.01,-1,-1,-0.01,-1,-1,-0.01,-1,-1,-0.01,-1,-1,-0.01,-1,-1,-0.01,-1,-1,-0.01,-1,-1,-0.01,-1,-1,-0.01,-1,-1,-0.01,-1,-1
99926009,2026-05-18 13:08:04+05:30,53430.0,0,0.0,0,0.0,0.0,53282.15,53585.15,52783.45,53710.35,0,0.0,0.0,0.0,0.0,-0.01,-1,-1,-0.01,-1,-1,-0.01,-1,-1,-0.01,-1,-1,-0.01,-1,-1,-0.01,-1,-1,-0.01,-1,-1,-0.01,-1,-1,-0.01,-1,-1,-0.01,-1,-1
99926009,2026-05-18 13:08:05+05:30,53429.2,0,0.0,0,0.0,0.0,53282.15,53585.15,52783.45,53710.35,0,0.0,0.0,0.0,0.0,-0.01,-1,-1,-0.01,-1,-1,-0.01,-1,-1,-0.01,-1,-1,-0.01,-1,-1,-0.01,-1,-1,-0.01,-1,-1,-0.01,-1,-1,-0.01,-1,-1,-0.01,-1,-1
99926009,2026-05-18 13:08:05+05:30,53430.9,0,0.0,0,0.0,0.0,53282.15,53585.15,52783.45,53710.35,0,0.0,0.0,0.0,0.0,-0.01,-1,-1,-0.01,-1,-1,-0.01,-1,-1,-0.01,-1,-1,-0.01,-1,-1,-0.01,-1,-1,-0.01,-1,-1,-0.01,-1,-1,-0.01,-1,-1,-0.01,-1,-1
99926009,2026-05-18 13:08:06+05:30,53434.45,0,0.0,0,0.0,0.0,53282.15,53585.15,52783.45,53710.35,0,0.0,0.0,0.0,0.0,-0.01,-1,-1,-0.01,-1,-1,-0.01,-1,-1,-0.01,-1,-1,-0.01,-1,-1,-0.01,-1,-1,-0.01,-1,-1,-0.01,-1,-1,-0.01,-1,-1,-0.01,-1,-1
99926009,2026-05-18 13:08:06+05:30,53433.25,0,0.0,0,0.0,0.0,53282.15,53585.15,52783.45,53710.35,0,0.0,0.0,0.0,0.0,-0.01,-1,-1,-0.01,-1,-1,-0.01,-1,-1,-0.01,-1,-1,-0.01,-1,-1,-0.01,-1,-1,-0.01,-1,-1,-0.01,-1,-1,-0.01,-1,-1,-0.01,-1,-1
99926009,2026-05-18 13:08:07+05:30,53432.6,0,0.0,0,0.0,0.0,53282.15,53585.15,52783.45,53710.35,0,0.0,0.0,0.0,0.0,-0.01,-1,-1,-0.01,-1,-1,-0.01,-1,-1,-0.01,-1,-1,-0.01,-1,-1,-0.01,-1,-1,-0.01,-1,-1,-0.01,-1,-1,-0.01,-1,-1,-0.01,-1,-1
99926009,2026-05-18 13:08:07+05:30,53431.25,0,0.0,0,0.0,0.0,53282.15,53585.15,52783.45,53710.35,0,0.0,0.0,0.0,0.0,-0.01,-1,-1,-0.01,-1,-1,-0.01,-1,-1,-0.01,-1,-1,-0.01,-1,-1,-0.01,-1,-1,-0.01,-1,-1,-0.01,-1,-1,-0.01,-1,-1,-0.01,-1,-1
99926009,2026-05-18 13:08:08+05:30,53430.45,0,0.0,0,0.0,0.0,53282.15,53585.15,52783.45,53710.35,0,0.0,0.0,0.0,0.0,-0.01,-1,-1,-0.01,-1,-1,-0.01,-1,-1,-0.01,-1,-1,-0.01,-1,-1,-0.01,-1,-1,-0.01,-1,-1,-0.01,-1,-1,-0.01,-1,-1,-0.01,-1,-1
99926009,2026-05-18 13:08:08+05:30,53433.9,0,0.0,0,0.0,0.0,53282.15,53585.15,52783.45,53710.35,0,0.0,0.0,0.0,0.0,-0.01,-1,-1,-0.01,-1,-1,-0.01,-1,-1,-0.01,-1,-1,-0.01,-1,-1,-0.01,-1,-1,-0.01,-1,-1,-0.01,-1,-1,-0.01,-1,-1,-0.01,-1,-1
99926009,2026-05-18 13:08:09+05:30,53434.9,0,0.0,0,0.0,0.0,53282.15,53585.15,52783.45,53710.35,0,0.0,0.0,0.0,0.0,-0.01,-1,-1,-0.01,-1,-1,-0.01,-1,-1,-0.01,-1,-1,-0.01,-1,-1,-0.01,-1,-1,-0.01,-1,-1,-0.01,-1,-1,-0.01,-1,-1,-0.01,-1,-1
99926009,2026-05-18 13:08:09+05:30,53430.2,0,0.0,0,0.0,0.0,53282.15,53585.15,52783.45,53710.35,0,0.0,0.0,0.0,0.0,-0.01,-1,-1,-0.01,-1,-1,-0.01,-1,-1,-0.01,-1,-1,-0.01,-1,-1,-0.01,-1,-1,-0.01,-1,-1,-0.01,-1,-1,-0.01,-1,-1,-0.01,-1,-1
99926009,2026-05-18 13:08:10+05:30,53428.3,0,0.0,0,0.0,0.0,53282.15,53585.15,52783.45,53710.35,0,0.0,0.0,0.0,0.0,-0.01,-1,-1,-0.01,-1,-1,-0.01,-1,-1,-0.01,-1,-1,-0.01,-1,-1,-0.01,-1,-1,-0.01,-1,-1,-0.01,-1,-1,-0.01,-1,-1,-0.01,-1,-1
99926009,2026-05-18 13:08:10+05:30,53427.8,0,0.0,0,0.0,0.0,53282.15,53585.15,52783.45,53710.35,0,0.0,0.0,0.0,0.0,-0.01,-1,-1,-0.01,-1,-1,-0.01,-1,-1,-0.01,-1,-1,-0.01,-1,-1,-0.01,-1,-1,-0.01,-1,-1,-0.01,-1,-1,-0.01,-1,-1,-0.01,-1,-1
99926009,2026-05-18 13:08:11+05:30,53430.05,0,0.0,0,0.0,0.0,53282.15,53585.15,52783.45,53710.35,0,0.0,0.0,0.0,0.0,-0.01,-1,-1,-0.01,-1,-1,-0.01,-1,-1,-0.01,-1,-1,-0.01,-1,-1,-0.01,-1,-1,-0.01,-1,-1,-0.01,-1,-1,-0.01,-1,-1,-0.01,-1,-1
99926009,2026-05-18 13:08:11+05:30,53428.5,0,0.0,0,0.0,0.0,53282.15,53585.15,52783.45,53710.35,0,0.0,0.0,0.0,0.0,-0.01,-1,-1,-0.01,-1,-1,-0.01,-1,-1,-0.01,-1,-1,-0.01,-1,-1,-0.01,-1,-1,-0.01,-1,-1,-0.01,-1,-1,-0.01,-1,-1,-0.01,-1,-1
99926009,2026-05-18 13:08:12+05:30,53427.9,0,0.0,0,0.0,0.0,53282.15,53585.15,52783.45,53710.35,0,0.0,0.0,0.0,0.0,-0.01,-1,-1,-0.01,-1,-1,-0.01,-1,-1,-0.01,-1,-1,-0.01,-1,-1,-0.01,-1,-1,-0.01,-1,-1,-0.01,-1,-1,-0.01,-1,-1,-0.01,-1,-1
99926009,2026-05-18 13:08:12+05:30,53427.55,0,0.0,0,0.0,0.0,53282.15,53585.15,52783.45,53710.35,0,0.0,0.0,0.0,0.0,-0.01,-1,-1,-0.01,-1,-1,-0.01,-1,-1,-0.01,-1,-1,-0.01,-1,-1,-0.01,-1,-1,-0.01,-1,-1,-0.01,-1,-1,-0.01,-1,-1,-0.01,-1,-1
99926009,2026-05-18 13:08:13+05:30,53427.3,0,0.0,0,0.0,0.0,53282.15,53585.15,52783.45,53710.35,0,0.0,0.0,0.0,0.0,-0.01,-1,-1,-0.01,-1,-1,-0.01,-1,-1,-0.01,-1,-1,-0.01,-1,-1,-0.01,-1,-1,-0.01,-1,-1,-0.01,-1,-1,-0.01,-1,-1,-0.01,-1,-1
99926009,2026-05-18 13:08:13+05:30,53428.8,0,0.0,0,0.0,0.0,53282.15,53585.15,52783.45,53710.35,0,0.0,0.0,0.0,0.0,-0.01,-1,-1,-0.01,-1,-1,-0.01,-1,-1,-0.01,-1,-1,-0.01,-1,-1,-0.01,-1,-1,-0.01,-1,-1,-0.01,-1,-1,-0.01,-1,-1,-0.01,-1,-1
99926009,2026-05-18 13:08:14+05:30,53430.45,0,0.0,0,0.0,0.0,53282.15,53585.15,52783.45,53710.35,0,0.0,0.0,0.0,0.0,-0.01,-1,-1,-0.01,-1,-1,-0.01,-1,-1,-0.01,-1,-1,-0.01,-1,-1,-0.01,-1,-1,-0.01,-1,-1,-0.01,-1,-1,-0.01,-1,-1,-0.01,-1,-1
99926009,2026-05-18 13:08:14+05:30,53429.95,0,0.0,0,0.0,0.0,53282.15,53585.15,52783.45,53710.35,0,0.0,0.0,0.0,0.0,-0.01,-1,-1,-0.01,-1,-1,-0.01,-1,-1,-0.01,-1,-1,-0.01,-1,-1,-0.01,-1,-1,-0.01,-1,-1,-0.01,-1,-1,-0.01,-1,-1,-0.01,-1,-1
99926009,2026-05-18 13:08:15+05:30,53430.2,0,0.0,0,0.0,0.0,53282.15,53585.15,52783.45,53710.35,0,0.0,0.0,0.0,0.0,-0.01,-1,-1,-0.01,-1,-1,-0.01,-1,-1,-0.01,-1,-1,-0.01,-1,-1,-0.01,-1,-1,-0.01,-1,-1,-0.01,-1,-1,-0.01,-1,-1,-0.01,-1,-1
99926009,2026-05-18 13:08:15+05:30,53431.55,0,0.0,0,0.0,0.0,53282.15,53585.15,52783.45,53710.35,0,0.0,0.0,0.0,0.0,-0.01,-1,-1,-0.01,-1,-1,-0.01,-1,-1,-0.01,-1,-1,-0.01,-1,-1,-0.01,-1,-1,-0.01,-1,-1,-0.01,-1,-1,-0.01,-1,-1,-0.01,-1,-1
99926009,2026-05-18 13:08:16+05:30,53433.0,0,0.0,0,0.0,0.0,53282.15,53585.15,52783.45,53710.35,0,0.0,0.0,0.0,0.0,-0.01,-1,-1,-0.01,-1,-1,-0.01,-1,-1,-0.01,-1,-1,-0.01,-1,-1,-0.01,-1,-1,-0.01,-1,-1,-0.01,-1,-1,-0.01,-1,-1,-0.01,-1,-1
99926009,2026-05-18 13:08:16+05:30,53431.2,0,0.0,0,0.0,0.0,53282.15,53585.15,52783.45,53710.35,0,0.0,0.0,0.0,0.0,-0.01,-1,-1,-0.01,-1,-1,-0.01,-1,-1,-0.01,-1,-1,-0.01,-1,-1,-0.01,-1,-1,-0.01,-1,-1,-0.01,-1,-1,-0.01,-1,-1,-0.01,-1,-1
99926009,2026-05-18 13:08:17+05:30,53432.25,0,0.0,0,0.0,0.0,53282.15,53585.15,52783.45,53710.35,0,0.0,0.0,0.0,0.0,-0.01,-1,-1,-0.01,-1,-1,-0.01,-1,-1,-0.01,-1,-1,-0.01,-1,-1,-0.01,-1,-1,-0.01,-1,-1,-0.01,-1,-1,-0.01,-1,-1,-0.01,-1,-1
99926009,2026-05-18 13:08:17+05:30,53431.15,0,0.0,0,0.0,0.0,53282.15,53585.15,52783.45,53710.35,0,0.0,0.0,0.0,0.0,-0.01,-1,-1,-0.01,-1,-1,-0.01,-1,-1,-0.01,-1,-1,-0.01,-1,-1,-0.01,-1,-1,-0.01,-1,-1,-0.01,-1,-1,-0.01,-1,-1,-0.01,-1,-1
99926009,2026-05-18 13:08:18+05:30,53433.05,0,0.0,0,0.0,0.0,53282.15,53585.15,52783.45,53710.35,0,0.0,0.0,0.0,0.0,-0.01,-1,-1,-0.01,-1,-1,-0.01,-1,-1,-0.01,-1,-1,-0.01,-1,-1,-0.01,-1,-1,-0.01,-1,-1,-0.01,-1,-1,-0.01,-1,-1,-0.01,-1,-1
99926009,2026-05-18 13:08:18+05:30,53432.1,0,0.0,0,0.0,0.0,53282.15,53585.15,52783.45,53710.35,0,0.0,0.0,0.0,0.0,-0.01,-1,-1,-0.01,-1,-1,-0.01,-1,-1,-0.01,-1,-1,-0.01,-1,-1,-0.01,-1,-1,-0.01,-1,-1,-0.01,-1,-1,-0.01,-1,-1,-0.01,-1,-1
99926009,2026-05-18 13:08:19+05:30,53432.1,0,0.0,0,0.0,0.0,53282.15,53585.15,52783.45,53710.35,0,0.0,0.0,0.0,0.0,-0.01,-1,-1,-0.01,-1,-1,-0.01,-1,-1,-0.01,-1,-1,-0.01,-1,-1,-0.01,-1,-1,-0.01,-1,-1,-0.01,-1,-1,-0.01,-1,-1,-0.01,-1,-1
99926009,2026-05-18 13:08:19+05:30,53430.7,0,0.0,0,0.0,0.0,53282.15,53585.15,52783.45,53710.35,0,0.0,0.0,0.0,0.0,-0.01,-1,-1,-0.01,-1,-1,-0.01,-1,-1,-0.01,-1,-1,-0.01,-1,-1,-0.01,-1,-1,-0.01,-1,-1,-0.01,-1,-1,-0.01,-1,-1,-0.01,-1,-1
99926009,2026-05-18 13:08:20+05:30,53429.65,0,0.0,0,0.0,0.0,53282.15,53585.15,52783.45,53710.35,0,0.0,0.0,0.0,0.0,-0.01,-1,-1,-0.01,-1,-1,-0.01,-1,-1,-0.01,-1,-1,-0.01,-1,-1,-0.01,-1,-1,-0.01,-1,-1,-0.01,-1,-1,-0.01,-1,-1,-0.01,-1,-1
99926009,2026-05-18 13:08:20+05:30,53430.2,0,0.0,0,0.0,0.0,53282.15,53585.15,52783.45,53710.35,0,0.0,0.0,0.0,0.0,-0.01,-1,-1,-0.01,-1,-1,-0.01,-1,-1,-0.01,-1,-1,-0.01,-1,-1,-0.01,-1,-1,-0.01,-1,-1,-0.01,-1,-1,-0.01,-1,-1,-0.01,-1,-1
99926009,2026-05-18 13:08:21+05:30,53429.25,0,0.0,0,0.0,0.0,53282.15,53585.15,52783.45,53710.35,0,0.0,0.0,0.0,0.0,-0.01,-1,-1,-0.01,-1,-1,-0.01,-1,-1,-0.01,-1,-1,-0.01,-1,-1,-0.01,-1,-1,-0.01,-1,-1,-0.01,-1,-1,-0.01,-1,-1,-0.01,-1,-1
99926009,2026-05-18 13:08:21+05:30,53432.55,0,0.0,0,0.0,0.0,53282.15,53585.15,52783.45,53710.35,0,0.0,0.0,0.0,0.0,-0.01,-1,-1,-0.01,-1,-1,-0.01,-1,-1,-0.01,-1,-1,-0.01,-1,-1,-0.01,-1,-1,-0.01,-1,-1,-0.01,-1,-1,-0.01,-1,-1,-0.01,-1,-1
99926009,2026-05-18 13:08:22+05:30,53432.5,0,0.0,0,0.0,0.0,53282.15,53585.15,52783.45,53710.35,0,0.0,0.0,0.0,0.0,-0.01,-1,-1,-0.01,-1,-1,-0.01,-1,-1,-0.01,-1,-1,-0.01,-1,-1,-0.01,-1,-1,-0.01,-1,-1,-0.01,-1,-1,-0.01,-1,-1,-0.01,-1,-1
99926009,2026-05-18 13:08:22+05:30,53431.8,0,0.0,0,0.0,0.0,53282.15,53585.15,52783.45,53710.35,0,0.0,0.0,0.0,0.0,-0.01,-1,-1,-0.01,-1,-1,-0.01,-1,-1,-0.01,-1,-1,-0.01,-1,-1,-0.01,-1,-1,-0.01,-1,-1,-0.01,-1,-1,-0.01,-1,-1,-0.01,-1,-1
99926009,2026-05-18 13:08:23+05:30,53433.4,0,0.0,0,0.0,0.0,53282.15,53585.15,52783.45,53710.35,0,0.0,0.0,0.0,0.0,-0.01,-1,-1,-0.01,-1,-1,-0.01,-1,-1,-0.01,-1,-1,-0.01,-1,-1,-0.01,-1,-1,-0.01,-1,-1,-0.01,-1,-1,-0.01,-1,-1,-0.01,-1,-1
99926009,2026-05-18 13:08:23+05:30,53432.4,0,0.0,0,0.0,0.0,53282.15,53585.15,52783.45,53710.35,0,0.0,0.0,0.0,0.0,-0.01,-1,-1,-0.01,-1,-1,-0.01,-1,-1,-0.01,-1,-1,-0.01,-1,-1,-0.01,-1,-1,-0.01,-1,-1,-0.01,-1,-1,-0.01,-1,-1,-0.01,-1,-1
99926009,2026-05-18 13:08:24+05:30,53431.3,0,0.0,0,0.0,0.0,53282.15,53585.15,52783.45,53710.35,0,0.0,0.0,0.0,0.0,-0.01,-1,-1,-0.01,-1,-1,-0.01,-1,-1,-0.01,-1,-1,-0.01,-1,-1,-0.01,-1,-1,-0.01,-1,-1,-0.01,-1,-1,-0.01,-1,-1,-0.01,-1,-1
99926009,2026-05-18 13:08:24+05:30,53431.6,0,0.0,0,0.0,0.0,53282.15,53585.15,52783.45,53710.35,0,0.0,0.0,0.0,0.0,-0.01,-1,-1,-0.01,-1,-1,-0.01,-1,-1,-0.01,-1,-1,-0.01,-1,-1,-0.01,-1,-1,-0.01,-1,-1,-0.01,-1,-1,-0.01,-1,-1,-0.01,-1,-1
99926009,2026-05-18 13:08:25+05:30,53429.7,0,0.0,0,0.0,0.0,53282.15,53585.15,52783.45,53710.35,0,0.0,0.0,0.0,0.0,-0.01,-1,-1,-0.01,-1,-1,-0.01,-1,-1,-0.01,-1,-1,-0.01,-1,-1,-0.01,-1,-1,-0.01,-1,-1,-0.01,-1,-1,-0.01,-1,-1,-0.01,-1,-1
99926009,2026-05-18 13:08:25+05:30,53431.8,0,0.0,0,0.0,0.0,53282.15,53585.15,52783.45,53710.35,0,0.0,0.0,0.0,0.0,-0.01,-1,-1,-0.01,-1,-1,-0.01,-1,-1,-0.01,-1,-1,-0.01,-1,-1,-0.01,-1,-1,-0.01,-1,-1,-0.01,-1,-1,-0.01,-1,-1,-0.01,-1,-1
99926009,2026-05-18 13:08:26+05:30,53430.6,0,0.0,0,0.0,0.0,53282.15,53585.15,52783.45,53710.35,0,0.0,0.0,0.0,0.0,-0.01,-1,-1,-0.01,-1,-1,-0.01,-1,-1,-0.01,-1,-1,-0.01,-1,-1,-0.01,-1,-1,-0.01,-1,-1,-0.01,-1,-1,-0.01,-1,-1,-0.01,-1,-1
99926009,2026-05-18 13:08:26+05:30,53428.6,0,0.0,0,0.0,0.0,53282.15,53585.15,52783.45,53710.35,0,0.0,0.0,0.0,0.0,-0.01,-1,-1,-0.01,-1,-1,-0.01,-1,-1,-0.01,-1,-1,-0.01,-1,-1,-0.01,-1,-1,-0.01,-1,-1,-0.01,-1,-1,-0.01,-1,-1,-0.01,-1,-1
99926009,2026-05-18 13:08:27+05:30,53427.4,0,0.0,0,0.0,0.0,53282.15,53585.15,52783.45,53710.35,0,0.0,0.0,0.0,0.0,-0.01,-1,-1,-0.01,-1,-1,-0.01,-1,-1,-0.01,-1,-1,-0.01,-1,-1,-0.01,-1,-1,-0.01,-1,-1,-0.01,-1,-1,-0.01,-1,-1,-0.01,-1,-1
99926009,2026-05-18 13:08:27+05:30,53427.3,0,0.0,0,0.0,0.0,53282.15,53585.15,52783.45,53710.35,0,0.0,0.0,0.0,0.0,-0.01,-1,-1,-0.01,-1,-1,-0.01,-1,-1,-0.01,-1,-1,-0.01,-1,-1,-0.01,-1,-1,-0.01,-1,-1,-0.01,-1,-1,-0.01,-1,-1,-0.01,-1,-1
99926009,2026-05-18 13:08:28+05:30,53425.7,0,0.0,0,0.0,0.0,53282.15,53585.15,52783.45,53710.35,0,0.0,0.0,0.0,0.0,-0.01,-1,-1,-0.01,-1,-1,-0.01,-1,-1,-0.01,-1,-1,-0.01,-1,-1,-0.01,-1,-1,-0.01,-1,-1,-0.01,-1,-1,-0.01,-1,-1,-0.01,-1,-1
99926009,2026-05-18 13:08:28+05:30,53424.9,0,0.0,0,0.0,0.0,53282.15,53585.15,52783.45,53710.35,0,0.0,0.0,0.0,0.0,-0.01,-1,-1,-0.01,-1,-1,-0.01,-1,-1,-0.01,-1,-1,-0.01,-1,-1,-0.01,-1,-1,-0.01,-1,-1,-0.01,-1,-1,-0.01,-1,-1,-0.01,-1,-1
99926009,2026-05-18 13:08:29+05:30,53424.65,0,0.0,0,0.0,0.0,53282.15,53585.15,52783.45,53710.35,0,0.0,0.0,0.0,0.0,-0.01,-1,-1,-0.01,-1,-1,-0.01,-1,-1,-0.01,-1,-1,-0.01,-1,-1,-0.01,-1,-1,-0.01,-1,-1,-0.01,-1,-1,-0.01,-1,-1,-0.01,-1,-1
99926009,2026-05-18 13:08:29+05:30,53425.15,0,0.0,0,0.0,0.0,53282.15,53585.15,52783.45,53710.35,0,0.0,0.0,0.0,0.0,-0.01,-1,-1,-0.01,-1,-1,-0.01,-1,-1,-0.01,-1,-1,-0.01,-1,-1,-0.01,-1,-1,-0.01,-1,-1,-0.01,-1,-1,-0.01,-1,-1,-0.01,-1,-1
99926009,2026-05-18 13:08:30+05:30,53426.95,0,0.0,0,0.0,0.0,53282.15,53585.15,52783.45,53710.35,0,0.0,0.0,0.0,0.0,-0.01,-1,-1,-0.01,-1,-1,-0.01,-1,-1,-0.01,-1,-1,-0.01,-1,-1,-0.01,-1,-1,-0.01,-1,-1,-0.01,-1,-1,-0.01,-1,-1,-0.01,-1,-1
99926009,2026-05-18 13:08:30+05:30,53427.3,0,0.0,0,0.0,0.0,53282.15,53585.15,52783.45,53710.35,0,0.0,0.0,0.0,0.0,-0.01,-1,-1,-0.01,-1,-1,-0.01,-1,-1,-0.01,-1,-1,-0.01,-1,-1,-0.01,-1,-1,-0.01,-1,-1,-0.01,-1,-1,-0.01,-1,-1,-0.01,-1,-1
99926009,2026-05-18 13:08:31+05:30,53427.55,0,0.0,0,0.0,0.0,53282.15,53585.15,52783.45,53710.35,0,0.0,0.0,0.0,0.0,-0.01,-1,-1,-0.01,-1,-1,-0.01,-1,-1,-0.01,-1,-1,-0.01,-1,-1,-0.01,-1,-1,-0.01,-1,-1,-0.01,-1,-1,-0.01,-1,-1,-0.01,-1,-1
99926009,2026-05-18 13:08:31+05:30,53427.8,0,0.0,0,0.0,0.0,53282.15,53585.15,52783.45,53710.35,0,0.0,0.0,0.0,0.0,-0.01,-1,-1,-0.01,-1,-1,-0.01,-1,-1,-0.01,-1,-1,-0.01,-1,-1,-0.01,-1,-1,-0.01,-1,-1,-0.01,-1,-1,-0.01,-1,-1,-0.01,-1,-1
99926009,2026-05-18 13:08:32+05:30,53430.9,0,0.0,0,0.0,0.0,53282.15,53585.15,52783.45,53710.35,0,0.0,0.0,0.0,0.0,-0.01,-1,-1,-0.01,-1,-1,-0.01,-1,-1,-0.01,-1,-1,-0.01,-1,-1,-0.01,-1,-1,-0.01,-1,-1,-0.01,-1,-1,-0.01,-1,-1,-0.01,-1,-1
99926009,2026-05-18 13:08:32+05:30,53430.1,0,0.0,0,0.0,0.0,53282.15,53585.15,52783.45,53710.35,0,0.0,0.0,0.0,0.0,-0.01,-1,-1,-0.01,-1,-1,-0.01,-1,-1,-0.01,-1,-1,-0.01,-1,-1,-0.01,-1,-1,-0.01,-1,-1,-0.01,-1,-1,-0.01,-1,-1,-0.01,-1,-1
99926009,2026-05-18 13:08:33+05:30,53431.45,0,0.0,0,0.0,0.0,53282.15,53585.15,52783.45,53710.35,0,0.0,0.0,0.0,0.0,-0.01,-1,-1,-0.01,-1,-1,-0.01,-1,-1,-0.01,-1,-1,-0.01,-1,-1,-0.01,-1,-1,-0.01,-1,-1,-0.01,-1,-1,-0.01,-1,-1,-0.01,-1,-1
99926009,2026-05-18 13:08:33+05:30,53431.75,0,0.0,0,0.0,0.0,53282.15,53585.15,52783.45,53710.35,0,0.0,0.0,0.0,0.0,-0.01,-1,-1,-0.01,-1,-1,-0.01,-1,-1,-0.01,-1,-1,-0.01,-1,-1,-0.01,-1,-1,-0.01,-1,-1,-0.01,-1,-1,-0.01,-1,-1,-0.01,-1,-1
99926009,2026-05-18 13:08:34+05:30,53429.7,0,0.0,0,0.0,0.0,53282.15,53585.15,52783.45,53710.35,0,0.0,0.0,0.0,0.0,-0.01,-1,-1,-0.01,-1,-1,-0.01,-1,-1,-0.01,-1,-1,-0.01,-1,-1,-0.01,-1,-1,-0.01,-1,-1,-0.01,-1,-1,-0.01,-1,-1,-0.01,-1,-1
99926009,2026-05-18 13:08:34+05:30,53428.4,0,0.0,0,0.0,0.0,53282.15,53585.15,52783.45,53710.35,0,0.0,0.0,0.0,0.0,-0.01,-1,-1,-0.01,-1,-1,-0.01,-1,-1,-0.01,-1,-1,-0.01,-1,-1,-0.01,-1,-1,-0.01,-1,-1,-0.01,-1,-1,-0.01,-1,-1,-0.01,-1,-1
99926009,2026-05-18 13:08:35+05:30,53427.85,0,0.0,0,0.0,0.0,53282.15,53585.15,52783.45,53710.35,0,0.0,0.0,0.0,0.0,-0.01,-1,-1,-0.01,-1,-1,-0.01,-1,-1,-0.01,-1,-1,-0.01,-1,-1,-0.01,-1,-1,-0.01,-1,-1,-0.01,-1,-1,-0.01,-1,-1,-0.01,-1,-1
99926009,2026-05-18 13:08:35+05:30,53429.95,0,0.0,0,0.0,0.0,53282.15,53585.15,52783.45,53710.35,0,0.0,0.0,0.0,0.0,-0.01,-1,-1,-0.01,-1,-1,-0.01,-1,-1,-0.01,-1,-1,-0.01,-1,-1,-0.01,-1,-1,-0.01,-1,-1,-0.01,-1,-1,-0.01,-1,-1,-0.01,-1,-1
99926009,2026-05-18 13:08:36+05:30,53429.95,0,0.0,0,0.0,0.0,53282.15,53585.15,52783.45,53710.35,0,0.0,0.0,0.0,0.0,-0.01,-1,-1,-0.01,-1,-1,-0.01,-1,-1,-0.01,-1,-1,-0.01,-1,-1,-0.01,-1,-1,-0.01,-1,-1,-0.01,-1,-1,-0.01,-1,-1,-0.01,-1,-1
99926009,2026-05-18 13:08:36+05:30,53429.2,0,0.0,0,0.0,0.0,53282.15,53585.15,52783.45,53710.35,0,0.0,0.0,0.0,0.0,-0.01,-1,-1,-0.01,-1,-1,-0.01,-1,-1,-0.01,-1,-1,-0.01,-1,-1,-0.01,-1,-1,-0.01,-1,-1,-0.01,-1,-1,-0.01,-1,-1,-0.01,-1,-1
99926009,2026-05-18 13:08:37+05:30,53431.45,0,0.0,0,0.0,0.0,53282.15,53585.15,52783.45,53710.35,0,0.0,0.0,0.0,0.0,-0.01,-1,-1,-0.01,-1,-1,-0.01,-1,-1,-0.01,-1,-1,-0.01,-1,-1,-0.01,-1,-1,-0.01,-1,-1,-0.01,-1,-1,-0.01,-1,-1,-0.01,-1,-1
99926009,2026-05-18 13:08:37+05:30,53431.0,0,0.0,0,0.0,0.0,53282.15,53585.15,52783.45,53710.35,0,0.0,0.0,0.0,0.0,-0.01,-1,-1,-0.01,-1,-1,-0.01,-1,-1,-0.01,-1,-1,-0.01,-1,-1,-0.01,-1,-1,-0.01,-1,-1,-0.01,-1,-1,-0.01,-1,-1,-0.01,-1,-1
99926009,2026-05-18 13:08:38+05:30,53429.4,0,0.0,0,0.0,0.0,53282.15,53585.15,52783.45,53710.35,0,0.0,0.0,0.0,0.0,-0.01,-1,-1,-0.01,-1,-1,-0.01,-1,-1,-0.01,-1,-1,-0.01,-1,-1,-0.01,-1,-1,-0.01,-1,-1,-0.01,-1,-1,-0.01,-1,-1,-0.01,-1,-1
99926009,2026-05-18 13:08:38+05:30,53428.85,0,0.0,0,0.0,0.0,53282.15,53585.15,52783.45,53710.35,0,0.0,0.0,0.0,0.0,-0.01,-1,-1,-0.01,-1,-1,-0.01,-1,-1,-0.01,-1,-1,-0.01,-1,-1,-0.01,-1,-1,-0.01,-1,-1,-0.01,-1,-1,-0.01,-1,-1,-0.01,-1,-1
99926009,2026-05-18 13:08:39+05:30,53429.55,0,0.0,0,0.0,0.0,53282.15,53585.15,52783.45,53710.35,0,0.0,0.0,0.0,0.0,-0.01,-1,-1,-0.01,-1,-1,-0.01,-1,-1,-0.01,-1,-1,-0.01,-1,-1,-0.01,-1,-1,-0.01,-1,-1,-0.01,-1,-1,-0.01,-1,-1,-0.01,-1,-1
99926009,2026-05-18 13:08:39+05:30,53428.2,0,0.0,0,0.0,0.0,53282.15,53585.15,52783.45,53710.35,0,0.0,0.0,0.0,0.0,-0.01,-1,-1,-0.01,-1,-1,-0.01,-1,-1,-0.01,-1,-1,-0.01,-1,-1,-0.01,-1,-1,-0.01,-1,-1,-0.01,-1,-1,-0.01,-1,-1,-0.01,-1,-1
99926009,2026-05-18 13:08:40+05:30,53428.25,0,0.0,0,0.0,0.0,53282.15,53585.15,52783.45,53710.35,0,0.0,0.0,0.0,0.0,-0.01,-1,-1,-0.01,-1,-1,-0.01,-1,-1,-0.01,-1,-1,-0.01,-1,-1,-0.01,-1,-1,-0.01,-1,-1,-0.01,-1,-1,-0.01,-1,-1,-0.01,-1,-1
99926009,2026-05-18 13:08:40+05:30,53429.75,0,0.0,0,0.0,0.0,53282.15,53585.15,52783.45,53710.35,0,0.0,0.0,0.0,0.0,-0.01,-1,-1,-0.01,-1,-1,-0.01,-1,-1,-0.01,-1,-1,-0.01,-1,-1,-0.01,-1,-1,-0.01,-1,-1,-0.01,-1,-1,-0.01,-1,-1,-0.01,-1,-1
99926009,2026-05-18 13:08:41+05:30,53426.8,0,0.0,0,0.0,0.0,53282.15,53585.15,52783.45,53710.35,0,0.0,0.0,0.0,0.0,-0.01,-1,-1,-0.01,-1,-1,-0.01,-1,-1,-0.01,-1,-1,-0.01,-1,-1,-0.01,-1,-1,-0.01,-1,-1,-0.01,-1,-1,-0.01,-1,-1,-0.01,-1,-1
99926009,2026-05-18 13:08:41+05:30,53426.6,0,0.0,0,0.0,0.0,53282.15,53585.15,52783.45,53710.35,0,0.0,0.0,0.0,0.0,-0.01,-1,-1,-0.01,-1,-1,-0.01,-1,-1,-0.01,-1,-1,-0.01,-1,-1,-0.01,-1,-1,-0.01,-1,-1,-0.01,-1,-1,-0.01,-1,-1,-0.01,-1,-1
99926009,2026-05-18 13:08:42+05:30,53425.65,0,0.0,0,0.0,0.0,53282.15,53585.15,52783.45,53710.35,0,0.0,0.0,0.0,0.0,-0.01,-1,-1,-0.01,-1,-1,-0.01,-1,-1,-0.01,-1,-1,-0.01,-1,-1,-0.01,-1,-1,-0.01,-1,-1,-0.01,-1,-1,-0.01,-1,-1,-0.01,-1,-1
99926009,2026-05-18 13:08:42+05:30,53428.0,0,0.0,0,0.0,0.0,53282.15,53585.15,52783.45,53710.35,0,0.0,0.0,0.0,0.0,-0.01,-1,-1,-0.01,-1,-1,-0.01,-1,-1,-0.01,-1,-1,-0.01,-1,-1,-0.01,-1,-1,-0.01,-1,-1,-0.01,-1,-1,-0.01,-1,-1,-0.01,-1,-1
99926009,2026-05-18 13:08:43+05:30,53427.05,0,0.0,0,0.0,0.0,53282.15,53585.15,52783.45,53710.35,0,0.0,0.0,0.0,0.0,-0.01,-1,-1,-0.01,-1,-1,-0.01,-1,-1,-0.01,-1,-1,-0.01,-1,-1,-0.01,-1,-1,-0.01,-1,-1,-0.01,-1,-1,-0.01,-1,-1,-0.01,-1,-1
99926009,2026-05-18 13:08:43+05:30,53426.35,0,0.0,0,0.0,0.0,53282.15,53585.15,52783.45,53710.35,0,0.0,0.0,0.0,0.0,-0.01,-1,-1,-0.01,-1,-1,-0.01,-1,-1,-0.01,-1,-1,-0.01,-1,-1,-0.01,-1,-1,-0.01,-1,-1,-0.01,-1,-1,-0.01,-1,-1,-0.01,-1,-1
99926009,2026-05-18 13:08:44+05:30,53425.7,0,0.0,0,0.0,0.0,53282.15,53585.15,52783.45,53710.35,0,0.0,0.0,0.0,0.0,-0.01,-1,-1,-0.01,-1,-1,-0.01,-1,-1,-0.01,-1,-1,-0.01,-1,-1,-0.01,-1,-1,-0.01,-1,-1,-0.01,-1,-1,-0.01,-1,-1,-0.01,-1,-1
99926009,2026-05-18 13:08:44+05:30,53425.2,0,0.0,0,0.0,0.0,53282.15,53585.15,52783.45,53710.35,0,0.0,0.0,0.0,0.0,-0.01,-1,-1,-0.01,-1,-1,-0.01,-1,-1,-0.01,-1,-1,-0.01,-1,-1,-0.01,-1,-1,-0.01,-1,-1,-0.01,-1,-1,-0.01,-1,-1,-0.01,-1,-1
99926009,2026-05-18 13:08:45+05:30,53426.1,0,0.0,0,0.0,0.0,53282.15,53585.15,52783.45,53710.35,0,0.0,0.0,0.0,0.0,-0.01,-1,-1,-0.01,-1,-1,-0.01,-1,-1,-0.01,-1,-1,-0.01,-1,-1,-0.01,-1,-1,-0.01,-1,-1,-0.01,-1,-1,-0.01,-1,-1,-0.01,-1,-1
99926009,2026-05-18 13:08:45+05:30,53427.7,0,0.0,0,0.0,0.0,53282.15,53585.15,52783.45,53710.35,0,0.0,0.0,0.0,0.0,-0.01,-1,-1,-0.01,-1,-1,-0.01,-1,-1,-0.01,-1,-1,-0.01,-1,-1,-0.01,-1,-1,-0.01,-1,-1,-0.01,-1,-1,-0.01,-1,-1,-0.01,-1,-1
99926009,2026-05-18 13:08:46+05:30,53426.15,0,0.0,0,0.0,0.0,53282.15,53585.15,52783.45,53710.35,0,0.0,0.0,0.0,0.0,-0.01,-1,-1,-0.01,-1,-1,-0.01,-1,-1,-0.01,-1,-1,-0.01,-1,-1,-0.01,-1,-1,-0.01,-1,-1,-0.01,-1,-1,-0.01,-1,-1,-0.01,-1,-1
99926009,2026-05-18 13:08:46+05:30,53424.55,0,0.0,0,0.0,0.0,53282.15,53585.15,52783.45,53710.35,0,0.0,0.0,0.0,0.0,-0.01,-1,-1,-0.01,-1,-1,-0.01,-1,-1,-0.01,-1,-1,-0.01,-1,-1,-0.01,-1,-1,-0.01,-1,-1,-0.01,-1,-1,-0.01,-1,-1,-0.01,-1,-1
99926009,2026-05-18 13:08:47+05:30,53424.35,0,0.0,0,0.0,0.0,53282.15,53585.15,52783.45,53710.35,0,0.0,0.0,0.0,0.0,-0.01,-1,-1,-0.01,-1,-1,-0.01,-1,-1,-0.01,-1,-1,-0.01,-1,-1,-0.01,-1,-1,-0.01,-1,-1,-0.01,-1,-1,-0.01,-1,-1,-0.01,-1,-1
99926009,2026-05-18 13:08:47+05:30,53423.7,0,0.0,0,0.0,0.0,53282.15,53585.15,52783.45,53710.35,0,0.0,0.0,0.0,0.0,-0.01,-1,-1,-0.01,-1,-1,-0.01,-1,-1,-0.01,-1,-1,-0.01,-1,-1,-0.01,-1,-1,-0.01,-1,-1,-0.01,-1,-1,-0.01,-1,-1,-0.01,-1,-1
99926009,2026-05-18 13:08:48+05:30,53421.0,0,0.0,0,0.0,0.0,53282.15,53585.15,52783.45,53710.35,0,0.0,0.0,0.0,0.0,-0.01,-1,-1,-0.01,-1,-1,-0.01,-1,-1,-0.01,-1,-1,-0.01,-1,-1,-0.01,-1,-1,-0.01,-1,-1,-0.01,-1,-1,-0.01,-1,-1,-0.01,-1,-1
99926009,2026-05-18 13:08:48+05:30,53423.85,0,0.0,0,0.0,0.0,53282.15,53585.15,52783.45,53710.35,0,0.0,0.0,0.0,0.0,-0.01,-1,-1,-0.01,-1,-1,-0.01,-1,-1,-0.01,-1,-1,-0.01,-1,-1,-0.01,-1,-1,-0.01,-1,-1,-0.01,-1,-1,-0.01,-1,-1,-0.01,-1,-1
99926009,2026-05-18 13:08:49+05:30,53423.8,0,0.0,0,0.0,0.0,53282.15,53585.15,52783.45,53710.35,0,0.0,0.0,0.0,0.0,-0.01,-1,-1,-0.01,-1,-1,-0.01,-1,-1,-0.01,-1,-1,-0.01,-1,-1,-0.01,-1,-1,-0.01,-1,-1,-0.01,-1,-1,-0.01,-1,-1,-0.01,-1,-1
99926009,2026-05-18 13:08:49+05:30,53423.4,0,0.0,0,0.0,0.0,53282.15,53585.15,52783.45,53710.35,0,0.0,0.0,0.0,0.0,-0.01,-1,-1,-0.01,-1,-1,-0.01,-1,-1,-0.01,-1,-1,-0.01,-1,-1,-0.01,-1,-1,-0.01,-1,-1,-0.01,-1,-1,-0.01,-1,-1,-0.01,-1,-1
99926009,2026-05-18 13:08:50+05:30,53425.55,0,0.0,0,0.0,0.0,53282.15,53585.15,52783.45,53710.35,0,0.0,0.0,0.0,0.0,-0.01,-1,-1,-0.01,-1,-1,-0.01,-1,-1,-0.01,-1,-1,-0.01,-1,-1,-0.01,-1,-1,-0.01,-1,-1,-0.01,-1,-1,-0.01,-1,-1,-0.01,-1,-1
99926009,2026-05-18 13:08:50+05:30,53426.25,0,0.0,0,0.0,0.0,53282.15,53585.15,52783.45,53710.35,0,0.0,0.0,0.0,0.0,-0.01,-1,-1,-0.01,-1,-1,-0.01,-1,-1,-0.01,-1,-1,-0.01,-1,-1,-0.01,-1,-1,-0.01,-1,-1,-0.01,-1,-1,-0.01,-1,-1,-0.01,-1,-1
99926009,2026-05-18 13:08:51+05:30,53425.3,0,0.0,0,0.0,0.0,53282.15,53585.15,52783.45,53710.35,0,0.0,0.0,0.0,0.0,-0.01,-1,-1,-0.01,-1,-1,-0.01,-1,-1,-0.01,-1,-1,-0.01,-1,-1,-0.01,-1,-1,-0.01,-1,-1,-0.01,-1,-1,-0.01,-1,-1,-0.01,-1,-1
99926009,2026-05-18 13:08:51+05:30,53425.15,0,0.0,0,0.0,0.0,53282.15,53585.15,52783.45,53710.35,0,0.0,0.0,0.0,0.0,-0.01,-1,-1,-0.01,-1,-1,-0.01,-1,-1,-0.01,-1,-1,-0.01,-1,-1,-0.01,-1,-1,-0.01,-1,-1,-0.01,-1,-1,-0.01,-1,-1,-0.01,-1,-1
99926009,2026-05-18 13:08:52+05:30,53425.9,0,0.0,0,0.0,0.0,53282.15,53585.15,52783.45,53710.35,0,0.0,0.0,0.0,0.0,-0.01,-1,-1,-0.01,-1,-1,-0.01,-1,-1,-0.01,-1,-1,-0.01,-1,-1,-0.01,-1,-1,-0.01,-1,-1,-0.01,-1,-1,-0.01,-1,-1,-0.01,-1,-1
99926009,2026-05-18 13:08:52+05:30,53427.25,0,0.0,0,0.0,0.0,53282.15,53585.15,52783.45,53710.35,0,0.0,0.0,0.0,0.0,-0.01,-1,-1,-0.01,-1,-1,-0.01,-1,-1,-0.01,-1,-1,-0.01,-1,-1,-0.01,-1,-1,-0.01,-1,-1,-0.01,-1,-1,-0.01,-1,-1,-0.01,-1,-1
99926009,2026-05-18 13:08:53+05:30,53425.35,0,0.0,0,0.0,0.0,53282.15,53585.15,52783.45,53710.35,0,0.0,0.0,0.0,0.0,-0.01,-1,-1,-0.01,-1,-1,-0.01,-1,-1,-0.01,-1,-1,-0.01,-1,-1,-0.01,-1,-1,-0.01,-1,-1,-0.01,-1,-1,-0.01,-1,-1,-0.01,-1,-1
99926009,2026-05-18 13:08:53+05:30,53425.1,0,0.0,0,0.0,0.0,53282.15,53585.15,52783.45,53710.35,0,0.0,0.0,0.0,0.0,-0.01,-1,-1,-0.01,-1,-1,-0.01,-1,-1,-0.01,-1,-1,-0.01,-1,-1,-0.01,-1,-1,-0.01,-1,-1,-0.01,-1,-1,-0.01,-1,-1,-0.01,-1,-1
99926009,2026-05-18 13:08:54+05:30,53426.15,0,0.0,0,0.0,0.0,53282.15,53585.15,52783.45,53710.35,0,0.0,0.0,0.0,0.0,-0.01,-1,-1,-0.01,-1,-1,-0.01,-1,-1,-0.01,-1,-1,-0.01,-1,-1,-0.01,-1,-1,-0.01,-1,-1,-0.01,-1,-1,-0.01,-1,-1,-0.01,-1,-1
99926009,2026-05-18 13:08:54+05:30,53426.3,0,0.0,0,0.0,0.0,53282.15,53585.15,52783.45,53710.35,0,0.0,0.0,0.0,0.0,-0.01,-1,-1,-0.01,-1,-1,-0.01,-1,-1,-0.01,-1,-1,-0.01,-1,-1,-0.01,-1,-1,-0.01,-1,-1,-0.01,-1,-1,-0.01,-1,-1,-0.01,-1,-1
99926009,2026-05-18 13:08:55+05:30,53425.95,0,0.0,0,0.0,0.0,53282.15,53585.15,52783.45,53710.35,0,0.0,0.0,0.0,0.0,-0.01,-1,-1,-0.01,-1,-1,-0.01,-1,-1,-0.01,-1,-1,-0.01,-1,-1,-0.01,-1,-1,-0.01,-1,-1,-0.01,-1,-1,-0.01,-1,-1,-0.01,-1,-1
99926009,2026-05-18 13:08:55+05:30,53425.55,0,0.0,0,0.0,0.0,53282.15,53585.15,52783.45,53710.35,0,0.0,0.0,0.0,0.0,-0.01,-1,-1,-0.01,-1,-1,-0.01,-1,-1,-0.01,-1,-1,-0.01,-1,-1,-0.01,-1,-1,-0.01,-1,-1,-0.01,-1,-1,-0.01,-1,-1,-0.01,-1,-1
99926009,2026-05-18 13:08:56+05:30,53425.5,0,0.0,0,0.0,0.0,53282.15,53585.15,52783.45,53710.35,0,0.0,0.0,0.0,0.0,-0.01,-1,-1,-0.01,-1,-1,-0.01,-1,-1,-0.01,-1,-1,-0.01,-1,-1,-0.01,-1,-1,-0.01,-1,-1,-0.01,-1,-1,-0.01,-1,-1,-0.01,-1,-1
99926009,2026-05-18 13:08:56+05:30,53423.8,0,0.0,0,0.0,0.0,53282.15,53585.15,52783.45,53710.35,0,0.0,0.0,0.0,0.0,-0.01,-1,-1,-0.01,-1,-1,-0.01,-1,-1,-0.01,-1,-1,-0.01,-1,-1,-0.01,-1,-1,-0.01,-1,-1,-0.01,-1,-1,-0.01,-1,-1,-0.01,-1,-1
99926009,2026-05-18 13:08:57+05:30,53425.55,0,0.0,0,0.0,0.0,53282.15,53585.15,52783.45,53710.35,0,0.0,0.0,0.0,0.0,-0.01,-1,-1,-0.01,-1,-1,-0.01,-1,-1,-0.01,-1,-1,-0.01,-1,-1,-0.01,-1,-1,-0.01,-1,-1,-0.01,-1,-1,-0.01,-1,-1,-0.01,-1,-1
99926009,2026-05-18 13:08:57+05:30,53429.0,0,0.0,0,0.0,0.0,53282.15,53585.15,52783.45,53710.35,0,0.0,0.0,0.0,0.0,-0.01,-1,-1,-0.01,-1,-1,-0.01,-1,-1,-0.01,-1,-1,-0.01,-1,-1,-0.01,-1,-1,-0.01,-1,-1,-0.01,-1,-1,-0.01,-1,-1,-0.01,-1,-1
99926009,2026-05-18 13:08:58+05:30,53430.9,0,0.0,0,0.0,0.0,53282.15,53585.15,52783.45,53710.35,0,0.0,0.0,0.0,0.0,-0.01,-1,-1,-0.01,-1,-1,-0.01,-1,-1,-0.01,-1,-1,-0.01,-1,-1,-0.01,-1,-1,-0.01,-1,-1,-0.01,-1,-1,-0.01,-1,-1,-0.01,-1,-1
99926009,2026-05-18 13:08:58+05:30,53431.65,0,0.0,0,0.0,0.0,53282.15,53585.15,52783.45,53710.35,0,0.0,0.0,0.0,0.0,-0.01,-1,-1,-0.01,-1,-1,-0.01,-1,-1,-0.01,-1,-1,-0.01,-1,-1,-0.01,-1,-1,-0.01,-1,-1,-0.01,-1,-1,-0.01,-1,-1,-0.01,-1,-1
99926009,2026-05-18 13:08:59+05:30,53433.6,0,0.0,0,0.0,0.0,53282.15,53585.15,52783.45,53710.35,0,0.0,0.0,0.0,0.0,-0.01,-1,-1,-0.01,-1,-1,-0.01,-1,-1,-0.01,-1,-1,-0.01,-1,-1,-0.01,-1,-1,-0.01,-1,-1,-0.01,-1,-1,-0.01,-1,-1,-0.01,-1,-1
99926009,2026-05-18 13:08:59+05:30,53434.1,0,0.0,0,0.0,0.0,53282.15,53585.15,52783.45,53710.35,0,0.0,0.0,0.0,0.0,-0.01,-1,-1,-0.01,-1,-1,-0.01,-1,-1,-0.01,-1,-1,-0.01,-1,-1,-0.01,-1,-1,-0.01,-1,-1,-0.01,-1,-1,-0.01,-1,-1,-0.01,-1,-1
99926009,2026-05-18 13:09:00+05:30,53434.25,0,0.0,0,0.0,0.0,53282.15,53585.15,52783.45,53710.35,0,0.0,0.0,0.0,0.0,-0.01,-1,-1,-0.01,-1,-1,-0.01,-1,-1,-0.01,-1,-1,-0.01,-1,-1,-0.01,-1,-1,-0.01,-1,-1,-0.01,-1,-1,-0.01,-1,-1,-0.01,-1,-1
99926009,2026-05-18 13:09:00+05:30,53435.6,0,0.0,0,0.0,0.0,53282.15,53585.15,52783.45,53710.35,0,0.0,0.0,0.0,0.0,-0.01,-1,-1,-0.01,-1,-1,-0.01,-1,-1,-0.01,-1,-1,-0.01,-1,-1,-0.01,-1,-1,-0.01,-1,-1,-0.01,-1,-1,-0.01,-1,-1,-0.01,-1,-1
99926009,2026-05-18 13:09:01+05:30,53435.6,0,0.0,0,0.0,0.0,53282.15,53585.15,52783.45,53710.35,0,0.0,0.0,0.0,0.0,-0.01,-1,-1,-0.01,-1,-1,-0.01,-1,-1,-0.01,-1,-1,-0.01,-1,-1,-0.01,-1,-1,-0.01,-1,-1,-0.01,-1,-1,-0.01,-1,-1,-0.01,-1,-1
99926009,2026-05-18 13:09:01+05:30,53438.0,0,0.0,0,0.0,0.0,53282.15,53585.15,52783.45,53710.35,0,0.0,0.0,0.0,0.0,-0.01,-1,-1,-0.01,-1,-1,-0.01,-1,-1,-0.01,-1,-1,-0.01,-1,-1,-0.01,-1,-1,-0.01,-1,-1,-0.01,-1,-1,-0.01,-1,-1,-0.01,-1,-1
99926009,2026-05-18 13:09:02+05:30,53436.95,0,0.0,0,0.0,0.0,53282.15,53585.15,52783.45,53710.35,0,0.0,0.0,0.0,0.0,-0.01,-1,-1,-0.01,-1,-1,-0.01,-1,-1,-0.01,-1,-1,-0.01,-1,-1,-0.01,-1,-1,-0.01,-1,-1,-0.01,-1,-1,-0.01,-1,-1,-0.01,-1,-1
99926009,2026-05-18 13:09:02+05:30,53438.4,0,0.0,0,0.0,0.0,53282.15,53585.15,52783.45,53710.35,0,0.0,0.0,0.0,0.0,-0.01,-1,-1,-0.01,-1,-1,-0.01,-1,-1,-0.01,-1,-1,-0.01,-1,-1,-0.01,-1,-1,-0.01,-1,-1,-0.01,-1,-1,-0.01,-1,-1,-0.01,-1,-1
99926009,2026-05-18 13:09:03+05:30,53439.9,0,0.0,0,0.0,0.0,53282.15,53585.15,52783.45,53710.35,0,0.0,0.0,0.0,0.0,-0.01,-1,-1,-0.01,-1,-1,-0.01,-1,-1,-0.01,-1,-1,-0.01,-1,-1,-0.01,-1,-1,-0.01,-1,-1,-0.01,-1,-1,-0.01,-1,-1,-0.01,-1,-1
99926009,2026-05-18 13:09:03+05:30,53439.0,0,0.0,0,0.0,0.0,53282.15,53585.15,52783.45,53710.35,0,0.0,0.0,0.0,0.0,-0.01,-1,-1,-0.01,-1,-1,-0.01,-1,-1,-0.01,-1,-1,-0.01,-1,-1,-0.01,-1,-1,-0.01,-1,-1,-0.01,-1,-1,-0.01,-1,-1,-0.01,-1,-1
99926009,2026-05-18 13:09:04+05:30,53435.5,0,0.0,0,0.0,0.0,53282.15,53585.15,52783.45,53710.35,0,0.0,0.0,0.0,0.0,-0.01,-1,-1,-0.01,-1,-1,-0.01,-1,-1,-0.01,-1,-1,-0.01,-1,-1,-0.01,-1,-1,-0.01,-1,-1,-0.01,-1,-1,-0.01,-1,-1,-0.01,-1,-1
99926009,2026-05-18 13:09:04+05:30,53437.0,0,0.0,0,0.0,0.0,53282.15,53585.15,52783.45,53710.35,0,0.0,0.0,0.0,0.0,-0.01,-1,-1,-0.01,-1,-1,-0.01,-1,-1,-0.01,-1,-1,-0.01,-1,-1,-0.01,-1,-1,-0.01,-1,-1,-0.01,-1,-1,-0.01,-1,-1,-0.01,-1,-1
99926009,2026-05-18 13:09:05+05:30,53433.05,0,0.0,0,0.0,0.0,53282.15,53585.15,52783.45,53710.35,0,0.0,0.0,0.0,0.0,-0.01,-1,-1,-0.01,-1,-1,-0.01,-1,-1,-0.01,-1,-1,-0.01,-1,-1,-0.01,-1,-1,-0.01,-1,-1,-0.01,-1,-1,-0.01,-1,-1,-0.01,-1,-1
99926009,2026-05-18 13:09:05+05:30,53435.95,0,0.0,0,0.0,0.0,53282.15,53585.15,52783.45,53710.35,0,0.0,0.0,0.0,0.0,-0.01,-1,-1,-0.01,-1,-1,-0.01,-1,-1,-0.01,-1,-1,-0.01,-1,-1,-0.01,-1,-1,-0.01,-1,-1,-0.01,-1,-1,-0.01,-1,-1,-0.01,-1,-1
99926009,2026-05-18 13:09:06+05:30,53434.6,0,0.0,0,0.0,0.0,53282.15,53585.15,52783.45,53710.35,0,0.0,0.0,0.0,0.0,-0.01,-1,-1,-0.01,-1,-1,-0.01,-1,-1,-0.01,-1,-1,-0.01,-1,-1,-0.01,-1,-1,-0.01,-1,-1,-0.01,-1,-1,-0.01,-1,-1,-0.01,-1,-1
99926009,2026-05-18 13:09:06+05:30,53436.1,0,0.0,0,0.0,0.0,53282.15,53585.15,52783.45,53710.35,0,0.0,0.0,0.0,0.0,-0.01,-1,-1,-0.01,-1,-1,-0.01,-1,-1,-0.01,-1,-1,-0.01,-1,-1,-0.01,-1,-1,-0.01,-1,-1,-0.01,-1,-1,-0.01,-1,-1,-0.01,-1,-1
99926009,2026-05-18 13:09:07+05:30,53434.9,0,0.0,0,0.0,0.0,53282.15,53585.15,52783.45,53710.35,0,0.0,0.0,0.0,0.0,-0.01,-1,-1,-0.01,-1,-1,-0.01,-1,-1,-0.01,-1,-1,-0.01,-1,-1,-0.01,-1,-1,-0.01,-1,-1,-0.01,-1,-1,-0.01,-1,-1,-0.01,-1,-1
99926009,2026-05-18 13:09:08+05:30,53434.45,0,0.0,0,0.0,0.0,53282.15,53585.15,52783.45,53710.35,0,0.0,0.0,0.0,0.0,-0.01,-1,-1,-0.01,-1,-1,-0.01,-1,-1,-0.01,-1,-1,-0.01,-1,-1,-0.01,-1,-1,-0.01,-1,-1,-0.01,-1,-1,-0.01,-1,-1,-0.01,-1,-1
99926009,2026-05-18 13:09:08+05:30,53434.8,0,0.0,0,0.0,0.0,53282.15,53585.15,52783.45,53710.35,0,0.0,0.0,0.0,0.0,-0.01,-1,-1,-0.01,-1,-1,-0.01,-1,-1,-0.01,-1,-1,-0.01,-1,-1,-0.01,-1,-1,-0.01,-1,-1,-0.01,-1,-1,-0.01,-1,-1,-0.01,-1,-1
99926009,2026-05-18 13:09:09+05:30,53434.25,0,0.0,0,0.0,0.0,53282.15,53585.15,52783.45,53710.35,0,0.0,0.0,0.0,0.0,-0.01,-1,-1,-0.01,-1,-1,-0.01,-1,-1,-0.01,-1,-1,-0.01,-1,-1,-0.01,-1,-1,-0.01,-1,-1,-0.01,-1,-1,-0.01,-1,-1,-0.01,-1,-1
99926009,2026-05-18 13:09:09+05:30,53436.3,0,0.0,0,0.0,0.0,53282.15,53585.15,52783.45,53710.35,0,0.0,0.0,0.0,0.0,-0.01,-1,-1,-0.01,-1,-1,-0.01,-1,-1,-0.01,-1,-1,-0.01,-1,-1,-0.01,-1,-1,-0.01,-1,-1,-0.01,-1,-1,-0.01,-1,-1,-0.01,-1,-1
99926009,2026-05-18 13:09:10+05:30,53433.95,0,0.0,0,0.0,0.0,53282.15,53585.15,52783.45,53710.35,0,0.0,0.0,0.0,0.0,-0.01,-1,-1,-0.01,-1,-1,-0.01,-1,-1,-0.01,-1,-1,-0.01,-1,-1,-0.01,-1,-1,-0.01,-1,-1,-0.01,-1,-1,-0.01,-1,-1,-0.01,-1,-1
99926009,2026-05-18 13:09:10+05:30,53432.9,0,0.0,0,0.0,0.0,53282.15,53585.15,52783.45,53710.35,0,0.0,0.0,0.0,0.0,-0.01,-1,-1,-0.01,-1,-1,-0.01,-1,-1,-0.01,-1,-1,-0.01,-1,-1,-0.01,-1,-1,-0.01,-1,-1,-0.01,-1,-1,-0.01,-1,-1,-0.01,-1,-1
99926009,2026-05-18 13:09:11+05:30,53433.3,0,0.0,0,0.0,0.0,53282.15,53585.15,52783.45,53710.35,0,0.0,0.0,0.0,0.0,-0.01,-1,-1,-0.01,-1,-1,-0.01,-1,-1,-0.01,-1,-1,-0.01,-1,-1,-0.01,-1,-1,-0.01,-1,-1,-0.01,-1,-1,-0.01,-1,-1,-0.01,-1,-1
99926009,2026-05-18 13:09:11+05:30,53433.7,0,0.0,0,0.0,0.0,53282.15,53585.15,52783.45,53710.35,0,0.0,0.0,0.0,0.0,-0.01,-1,-1,-0.01,-1,-1,-0.01,-1,-1,-0.01,-1,-1,-0.01,-1,-1,-0.01,-1,-1,-0.01,-1,-1,-0.01,-1,-1,-0.01,-1,-1,-0.01,-1,-1
99926009,2026-05-18 13:09:12+05:30,53434.9,0,0.0,0,0.0,0.0,53282.15,53585.15,52783.45,53710.35,0,0.0,0.0,0.0,0.0,-0.01,-1,-1,-0.01,-1,-1,-0.01,-1,-1,-0.01,-1,-1,-0.01,-1,-1,-0.01,-1,-1,-0.01,-1,-1,-0.01,-1,-1,-0.01,-1,-1,-0.01,-1,-1
99926009,2026-05-18 13:09:12+05:30,53433.85,0,0.0,0,0.0,0.0,53282.15,53585.15,52783.45,53710.35,0,0.0,0.0,0.0,0.0,-0.01,-1,-1,-0.01,-1,-1,-0.01,-1,-1,-0.01,-1,-1,-0.01,-1,-1,-0.01,-1,-1,-0.01,-1,-1,-0.01,-1,-1,-0.01,-1,-1,-0.01,-1,-1
99926009,2026-05-18 13:09:13+05:30,53434.8,0,0.0,0,0.0,0.0,53282.15,53585.15,52783.45,53710.35,0,0.0,0.0,0.0,0.0,-0.01,-1,-1,-0.01,-1,-1,-0.01,-1,-1,-0.01,-1,-1,-0.01,-1,-1,-0.01,-1,-1,-0.01,-1,-1,-0.01,-1,-1,-0.01,-1,-1,-0.01,-1,-1
99926009,2026-05-18 13:09:13+05:30,53435.4,0,0.0,0,0.0,0.0,53282.15,53585.15,52783.45,53710.35,0,0.0,0.0,0.0,0.0,-0.01,-1,-1,-0.01,-1,-1,-0.01,-1,-1,-0.01,-1,-1,-0.01,-1,-1,-0.01,-1,-1,-0.01,-1,-1,-0.01,-1,-1,-0.01,-1,-1,-0.01,-1,-1
99926009,2026-05-18 13:09:14+05:30,53436.0,0,0.0,0,0.0,0.0,53282.15,53585.15,52783.45,53710.35,0,0.0,0.0,0.0,0.0,-0.01,-1,-1,-0.01,-1,-1,-0.01,-1,-1,-0.01,-1,-1,-0.01,-1,-1,-0.01,-1,-1,-0.01,-1,-1,-0.01,-1,-1,-0.01,-1,-1,-0.01,-1,-1
99926009,2026-05-18 13:09:14+05:30,53434.9,0,0.0,0,0.0,0.0,53282.15,53585.15,52783.45,53710.35,0,0.0,0.0,0.0,0.0,-0.01,-1,-1,-0.01,-1,-1,-0.01,-1,-1,-0.01,-1,-1,-0.01,-1,-1,-0.01,-1,-1,-0.01,-1,-1,-0.01,-1,-1,-0.01,-1,-1,-0.01,-1,-1
99926009,2026-05-18 13:09:15+05:30,53434.25,0,0.0,0,0.0,0.0,53282.15,53585.15,52783.45,53710.35,0,0.0,0.0,0.0,0.0,-0.01,-1,-1,-0.01,-1,-1,-0.01,-1,-1,-0.01,-1,-1,-0.01,-1,-1,-0.01,-1,-1,-0.01,-1,-1,-0.01,-1,-1,-0.01,-1,-1,-0.01,-1,-1
99926009,2026-05-18 13:09:15+05:30,53432.5,0,0.0,0,0.0,0.0,53282.15,53585.15,52783.45,53710.35,0,0.0,0.0,0.0,0.0,-0.01,-1,-1,-0.01,-1,-1,-0.01,-1,-1,-0.01,-1,-1,-0.01,-1,-1,-0.01,-1,-1,-0.01,-1,-1,-0.01,-1,-1,-0.01,-1,-1,-0.01,-1,-1
99926009,2026-05-18 13:09:16+05:30,53433.2,0,0.0,0,0.0,0.0,53282.15,53585.15,52783.45,53710.35,0,0.0,0.0,0.0,0.0,-0.01,-1,-1,-0.01,-1,-1,-0.01,-1,-1,-0.01,-1,-1,-0.01,-1,-1,-0.01,-1,-1,-0.01,-1,-1,-0.01,-1,-1,-0.01,-1,-1,-0.01,-1,-1
99926009,2026-05-18 13:09:16+05:30,53431.95,0,0.0,0,0.0,0.0,53282.15,53585.15,52783.45,53710.35,0,0.0,0.0,0.0,0.0,-0.01,-1,-1,-0.01,-1,-1,-0.01,-1,-1,-0.01,-1,-1,-0.01,-1,-1,-0.01,-1,-1,-0.01,-1,-1,-0.01,-1,-1,-0.01,-1,-1,-0.01,-1,-1
99926009,2026-05-18 13:09:17+05:30,53434.7,0,0.0,0,0.0,0.0,53282.15,53585.15,52783.45,53710.35,0,0.0,0.0,0.0,0.0,-0.01,-1,-1,-0.01,-1,-1,-0.01,-1,-1,-0.01,-1,-1,-0.01,-1,-1,-0.01,-1,-1,-0.01,-1,-1,-0.01,-1,-1,-0.01,-1,-1,-0.01,-1,-1
99926009,2026-05-18 13:09:17+05:30,53434.5,0,0.0,0,0.0,0.0,53282.15,53585.15,52783.45,53710.35,0,0.0,0.0,0.0,0.0,-0.01,-1,-1,-0.01,-1,-1,-0.01,-1,-1,-0.01,-1,-1,-0.01,-1,-1,-0.01,-1,-1,-0.01,-1,-1,-0.01,-1,-1,-0.01,-1,-1,-0.01,-1,-1
99926009,2026-05-18 13:09:18+05:30,53436.1,0,0.0,0,0.0,0.0,53282.15,53585.15,52783.45,53710.35,0,0.0,0.0,0.0,0.0,-0.01,-1,-1,-0.01,-1,-1,-0.01,-1,-1,-0.01,-1,-1,-0.01,-1,-1,-0.01,-1,-1,-0.01,-1,-1,-0.01,-1,-1,-0.01,-1,-1,-0.01,-1,-1
99926009,2026-05-18 13:09:18+05:30,53435.9,0,0.0,0,0.0,0.0,53282.15,53585.15,52783.45,53710.35,0,0.0,0.0,0.0,0.0,-0.01,-1,-1,-0.01,-1,-1,-0.01,-1,-1,-0.01,-1,-1,-0.01,-1,-1,-0.01,-1,-1,-0.01,-1,-1,-0.01,-1,-1,-0.01,-1,-1,-0.01,-1,-1
99926009,2026-05-18 13:09:19+05:30,53435.35,0,0.0,0,0.0,0.0,53282.15,53585.15,52783.45,53710.35,0,0.0,0.0,0.0,0.0,-0.01,-1,-1,-0.01,-1,-1,-0.01,-1,-1,-0.01,-1,-1,-0.01,-1,-1,-0.01,-1,-1,-0.01,-1,-1,-0.01,-1,-1,-0.01,-1,-1,-0.01,-1,-1
99926009,2026-05-18 13:09:19+05:30,53435.9,0,0.0,0,0.0,0.0,53282.15,53585.15,52783.45,53710.35,0,0.0,0.0,0.0,0.0,-0.01,-1,-1,-0.01,-1,-1,-0.01,-1,-1,-0.01,-1,-1,-0.01,-1,-1,-0.01,-1,-1,-0.01,-1,-1,-0.01,-1,-1,-0.01,-1,-1,-0.01,-1,-1
99926009,2026-05-18 13:09:20+05:30,53432.95,0,0.0,0,0.0,0.0,53282.15,53585.15,52783.45,53710.35,0,0.0,0.0,0.0,0.0,-0.01,-1,-1,-0.01,-1,-1,-0.01,-1,-1,-0.01,-1,-1,-0.01,-1,-1,-0.01,-1,-1,-0.01,-1,-1,-0.01,-1,-1,-0.01,-1,-1,-0.01,-1,-1
99926009,2026-05-18 13:09:20+05:30,53435.2,0,0.0,0,0.0,0.0,53282.15,53585.15,52783.45,53710.35,0,0.0,0.0,0.0,0.0,-0.01,-1,-1,-0.01,-1,-1,-0.01,-1,-1,-0.01,-1,-1,-0.01,-1,-1,-0.01,-1,-1,-0.01,-1,-1,-0.01,-1,-1,-0.01,-1,-1,-0.01,-1,-1
99926009,2026-05-18 13:09:21+05:30,53433.65,0,0.0,0,0.0,0.0,53282.15,53585.15,52783.45,53710.35,0,0.0,0.0,0.0,0.0,-0.01,-1,-1,-0.01,-1,-1,-0.01,-1,-1,-0.01,-1,-1,-0.01,-1,-1,-0.01,-1,-1,-0.01,-1,-1,-0.01,-1,-1,-0.01,-1,-1,-0.01,-1,-1
99926009,2026-05-18 13:09:21+05:30,53435.3,0,0.0,0,0.0,0.0,53282.15,53585.15,52783.45,53710.35,0,0.0,0.0,0.0,0.0,-0.01,-1,-1,-0.01,-1,-1,-0.01,-1,-1,-0.01,-1,-1,-0.01,-1,-1,-0.01,-1,-1,-0.01,-1,-1,-0.01,-1,-1,-0.01,-1,-1,-0.01,-1,-1
99926009,2026-05-18 13:09:22+05:30,53436.35,0,0.0,0,0.0,0.0,53282.15,53585.15,52783.45,53710.35,0,0.0,0.0,0.0,0.0,-0.01,-1,-1,-0.01,-1,-1,-0.01,-1,-1,-0.01,-1,-1,-0.01,-1,-1,-0.01,-1,-1,-0.01,-1,-1,-0.01,-1,-1,-0.01,-1,-1,-0.01,-1,-1
99926009,2026-05-18 13:09:22+05:30,53432.35,0,0.0,0,0.0,0.0,53282.15,53585.15,52783.45,53710.35,0,0.0,0.0,0.0,0.0,-0.01,-1,-1,-0.01,-1,-1,-0.01,-1,-1,-0.01,-1,-1,-0.01,-1,-1,-0.01,-1,-1,-0.01,-1,-1,-0.01,-1,-1,-0.01,-1,-1,-0.01,-1,-1
99926009,2026-05-18 13:09:23+05:30,53428.3,0,0.0,0,0.0,0.0,53282.15,53585.15,52783.45,53710.35,0,0.0,0.0,0.0,0.0,-0.01,-1,-1,-0.01,-1,-1,-0.01,-1,-1,-0.01,-1,-1,-0.01,-1,-1,-0.01,-1,-1,-0.01,-1,-1,-0.01,-1,-1,-0.01,-1,-1,-0.01,-1,-1
99926009,2026-05-18 13:09:23+05:30,53425.45,0,0.0,0,0.0,0.0,53282.15,53585.15,52783.45,53710.35,0,0.0,0.0,0.0,0.0,-0.01,-1,-1,-0.01,-1,-1,-0.01,-1,-1,-0.01,-1,-1,-0.01,-1,-1,-0.01,-1,-1,-0.01,-1,-1,-0.01,-1,-1,-0.01,-1,-1,-0.01,-1,-1
99926009,2026-05-18 13:09:24+05:30,53426.75,0,0.0,0,0.0,0.0,53282.15,53585.15,52783.45,53710.35,0,0.0,0.0,0.0,0.0,-0.01,-1,-1,-0.01,-1,-1,-0.01,-1,-1,-0.01,-1,-1,-0.01,-1,-1,-0.01,-1,-1,-0.01,-1,-1,-0.01,-1,-1,-0.01,-1,-1,-0.01,-1,-1
99926009,2026-05-18 13:09:24+05:30,53426.2,0,0.0,0,0.0,0.0,53282.15,53585.15,52783.45,53710.35,0,0.0,0.0,0.0,0.0,-0.01,-1,-1,-0.01,-1,-1,-0.01,-1,-1,-0.01,-1,-1,-0.01,-1,-1,-0.01,-1,-1,-0.01,-1,-1,-0.01,-1,-1,-0.01,-1,-1,-0.01,-1,-1
99926009,2026-05-18 13:09:25+05:30,53426.15,0,0.0,0,0.0,0.0,53282.15,53585.15,52783.45,53710.35,0,0.0,0.0,0.0,0.0,-0.01,-1,-1,-0.01,-1,-1,-0.01,-1,-1,-0.01,-1,-1,-0.01,-1,-1,-0.01,-1,-1,-0.01,-1,-1,-0.01,-1,-1,-0.01,-1,-1,-0.01,-1,-1
99926009,2026-05-18 13:09:25+05:30,53429.7,0,0.0,0,0.0,0.0,53282.15,53585.15,52783.45,53710.35,0,0.0,0.0,0.0,0.0,-0.01,-1,-1,-0.01,-1,-1,-0.01,-1,-1,-0.01,-1,-1,-0.01,-1,-1,-0.01,-1,-1,-0.01,-1,-1,-0.01,-1,-1,-0.01,-1,-1,-0.01,-1,-1
99926009,2026-05-18 13:09:26+05:30,53428.4,0,0.0,0,0.0,0.0,53282.15,53585.15,52783.45,53710.35,0,0.0,0.0,0.0,0.0,-0.01,-1,-1,-0.01,-1,-1,-0.01,-1,-1,-0.01,-1,-1,-0.01,-1,-1,-0.01,-1,-1,-0.01,-1,-1,-0.01,-1,-1,-0.01,-1,-1,-0.01,-1,-1
99926009,2026-05-18 13:09:26+05:30,53429.05,0,0.0,0,0.0,0.0,53282.15,53585.15,52783.45,53710.35,0,0.0,0.0,0.0,0.0,-0.01,-1,-1,-0.01,-1,-1,-0.01,-1,-1,-0.01,-1,-1,-0.01,-1,-1,-0.01,-1,-1,-0.01,-1,-1,-0.01,-1,-1,-0.01,-1,-1,-0.01,-1,-1
99926009,2026-05-18 13:09:27+05:30,53426.65,0,0.0,0,0.0,0.0,53282.15,53585.15,52783.45,53710.35,0,0.0,0.0,0.0,0.0,-0.01,-1,-1,-0.01,-1,-1,-0.01,-1,-1,-0.01,-1,-1,-0.01,-1,-1,-0.01,-1,-1,-0.01,-1,-1,-0.01,-1,-1,-0.01,-1,-1,-0.01,-1,-1
99926009,2026-05-18 13:09:27+05:30,53425.55,0,0.0,0,0.0,0.0,53282.15,53585.15,52783.45,53710.35,0,0.0,0.0,0.0,0.0,-0.01,-1,-1,-0.01,-1,-1,-0.01,-1,-1,-0.01,-1,-1,-0.01,-1,-1,-0.01,-1,-1,-0.01,-1,-1,-0.01,-1,-1,-0.01,-1,-1,-0.01,-1,-1
99926009,2026-05-18 13:09:28+05:30,53426.55,0,0.0,0,0.0,0.0,53282.15,53585.15,52783.45,53710.35,0,0.0,0.0,0.0,0.0,-0.01,-1,-1,-0.01,-1,-1,-0.01,-1,-1,-0.01,-1,-1,-0.01,-1,-1,-0.01,-1,-1,-0.01,-1,-1,-0.01,-1,-1,-0.01,-1,-1,-0.01,-1,-1
99926009,2026-05-18 13:09:28+05:30,53427.45,0,0.0,0,0.0,0.0,53282.15,53585.15,52783.45,53710.35,0,0.0,0.0,0.0,0.0,-0.01,-1,-1,-0.01,-1,-1,-0.01,-1,-1,-0.01,-1,-1,-0.01,-1,-1,-0.01,-1,-1,-0.01,-1,-1,-0.01,-1,-1,-0.01,-1,-1,-0.01,-1,-1
99926009,2026-05-18 13:09:29+05:30,53424.35,0,0.0,0,0.0,0.0,53282.15,53585.15,52783.45,53710.35,0,0.0,0.0,0.0,0.0,-0.01,-1,-1,-0.01,-1,-1,-0.01,-1,-1,-0.01,-1,-1,-0.01,-1,-1,-0.01,-1,-1,-0.01,-1,-1,-0.01,-1,-1,-0.01,-1,-1,-0.01,-1,-1
99926009,2026-05-18 13:09:29+05:30,53428.15,0,0.0,0,0.0,0.0,53282.15,53585.15,52783.45,53710.35,0,0.0,0.0,0.0,0.0,-0.01,-1,-1,-0.01,-1,-1,-0.01,-1,-1,-0.01,-1,-1,-0.01,-1,-1,-0.01,-1,-1,-0.01,-1,-1,-0.01,-1,-1,-0.01,-1,-1,-0.01,-1,-1
99926009,2026-05-18 13:09:30+05:30,53425.6,0,0.0,0,0.0,0.0,53282.15,53585.15,52783.45,53710.35,0,0.0,0.0,0.0,0.0,-0.01,-1,-1,-0.01,-1,-1,-0.01,-1,-1,-0.01,-1,-1,-0.01,-1,-1,-0.01,-1,-1,-0.01,-1,-1,-0.01,-1,-1,-0.01,-1,-1,-0.01,-1,-1
99926009,2026-05-18 13:09:30+05:30,53427.15,0,0.0,0,0.0,0.0,53282.15,53585.15,52783.45,53710.35,0,0.0,0.0,0.0,0.0,-0.01,-1,-1,-0.01,-1,-1,-0.01,-1,-1,-0.01,-1,-1,-0.01,-1,-1,-0.01,-1,-1,-0.01,-1,-1,-0.01,-1,-1,-0.01,-1,-1,-0.01,-1,-1
99926009,2026-05-18 13:09:31+05:30,53426.9,0,0.0,0,0.0,0.0,53282.15,53585.15,52783.45,53710.35,0,0.0,0.0,0.0,0.0,-0.01,-1,-1,-0.01,-1,-1,-0.01,-1,-1,-0.01,-1,-1,-0.01,-1,-1,-0.01,-1,-1,-0.01,-1,-1,-0.01,-1,-1,-0.01,-1,-1,-0.01,-1,-1
99926009,2026-05-18 13:09:31+05:30,53427.15,0,0.0,0,0.0,0.0,53282.15,53585.15,52783.45,53710.35,0,0.0,0.0,0.0,0.0,-0.01,-1,-1,-0.01,-1,-1,-0.01,-1,-1,-0.01,-1,-1,-0.01,-1,-1,-0.01,-1,-1,-0.01,-1,-1,-0.01,-1,-1,-0.01,-1,-1,-0.01,-1,-1
99926009,2026-05-18 13:09:32+05:30,53426.85,0,0.0,0,0.0,0.0,53282.15,53585.15,52783.45,53710.35,0,0.0,0.0,0.0,0.0,-0.01,-1,-1,-0.01,-1,-1,-0.01,-1,-1,-0.01,-1,-1,-0.01,-1,-1,-0.01,-1,-1,-0.01,-1,-1,-0.01,-1,-1,-0.01,-1,-1,-0.01,-1,-1
99926009,2026-05-18 13:09:32+05:30,53427.9,0,0.0,0,0.0,0.0,53282.15,53585.15,52783.45,53710.35,0,0.0,0.0,0.0,0.0,-0.01,-1,-1,-0.01,-1,-1,-0.01,-1,-1,-0.01,-1,-1,-0.01,-1,-1,-0.01,-1,-1,-0.01,-1,-1,-0.01,-1,-1,-0.01,-1,-1,-0.01,-1,-1
99926009,2026-05-18 13:09:33+05:30,53428.5,0,0.0,0,0.0,0.0,53282.15,53585.15,52783.45,53710.35,0,0.0,0.0,0.0,0.0,-0.01,-1,-1,-0.01,-1,-1,-0.01,-1,-1,-0.01,-1,-1,-0.01,-1,-1,-0.01,-1,-1,-0.01,-1,-1,-0.01,-1,-1,-0.01,-1,-1,-0.01,-1,-1
99926009,2026-05-18 13:09:33+05:30,53429.05,0,0.0,0,0.0,0.0,53282.15,53585.15,52783.45,53710.35,0,0.0,0.0,0.0,0.0,-0.01,-1,-1,-0.01,-1,-1,-0.01,-1,-1,-0.01,-1,-1,-0.01,-1,-1,-0.01,-1,-1,-0.01,-1,-1,-0.01,-1,-1,-0.01,-1,-1,-0.01,-1,-1
99926009,2026-05-18 13:09:34+05:30,53429.85,0,0.0,0,0.0,0.0,53282.15,53585.15,52783.45,53710.35,0,0.0,0.0,0.0,0.0,-0.01,-1,-1,-0.01,-1,-1,-0.01,-1,-1,-0.01,-1,-1,-0.01,-1,-1,-0.01,-1,-1,-0.01,-1,-1,-0.01,-1,-1,-0.01,-1,-1,-0.01,-1,-1
99926009,2026-05-18 13:09:34+05:30,53429.9,0,0.0,0,0.0,0.0,53282.15,53585.15,52783.45,53710.35,0,0.0,0.0,0.0,0.0,-0.01,-1,-1,-0.01,-1,-1,-0.01,-1,-1,-0.01,-1,-1,-0.01,-1,-1,-0.01,-1,-1,-0.01,-1,-1,-0.01,-1,-1,-0.01,-1,-1,-0.01,-1,-1
99926009,2026-05-18 13:09:35+05:30,53430.2,0,0.0,0,0.0,0.0,53282.15,53585.15,52783.45,53710.35,0,0.0,0.0,0.0,0.0,-0.01,-1,-1,-0.01,-1,-1,-0.01,-1,-1,-0.01,-1,-1,-0.01,-1,-1,-0.01,-1,-1,-0.01,-1,-1,-0.01,-1,-1,-0.01,-1,-1,-0.01,-1,-1
99926009,2026-05-18 13:09:35+05:30,53431.65,0,0.0,0,0.0,0.0,53282.15,53585.15,52783.45,53710.35,0,0.0,0.0,0.0,0.0,-0.01,-1,-1,-0.01,-1,-1,-0.01,-1,-1,-0.01,-1,-1,-0.01,-1,-1,-0.01,-1,-1,-0.01,-1,-1,-0.01,-1,-1,-0.01,-1,-1,-0.01,-1,-1
99926009,2026-05-18 13:09:36+05:30,53428.85,0,0.0,0,0.0,0.0,53282.15,53585.15,52783.45,53710.35,0,0.0,0.0,0.0,0.0,-0.01,-1,-1,-0.01,-1,-1,-0.01,-1,-1,-0.01,-1,-1,-0.01,-1,-1,-0.01,-1,-1,-0.01,-1,-1,-0.01,-1,-1,-0.01,-1,-1,-0.01,-1,-1
99926009,2026-05-18 13:09:36+05:30,53429.8,0,0.0,0,0.0,0.0,53282.15,53585.15,52783.45,53710.35,0,0.0,0.0,0.0,0.0,-0.01,-1,-1,-0.01,-1,-1,-0.01,-1,-1,-0.01,-1,-1,-0.01,-1,-1,-0.01,-1,-1,-0.01,-1,-1,-0.01,-1,-1,-0.01,-1,-1,-0.01,-1,-1
99926009,2026-05-18 13:09:37+05:30,53429.65,0,0.0,0,0.0,0.0,53282.15,53585.15,52783.45,53710.35,0,0.0,0.0,0.0,0.0,-0.01,-1,-1,-0.01,-1,-1,-0.01,-1,-1,-0.01,-1,-1,-0.01,-1,-1,-0.01,-1,-1,-0.01,-1,-1,-0.01,-1,-1,-0.01,-1,-1,-0.01,-1,-1
99926009,2026-05-18 13:09:37+05:30,53432.45,0,0.0,0,0.0,0.0,53282.15,53585.15,52783.45,53710.35,0,0.0,0.0,0.0,0.0,-0.01,-1,-1,-0.01,-1,-1,-0.01,-1,-1,-0.01,-1,-1,-0.01,-1,-1,-0.01,-1,-1,-0.01,-1,-1,-0.01,-1,-1,-0.01,-1,-1,-0.01,-1,-1
99926009,2026-05-18 13:09:38+05:30,53432.75,0,0.0,0,0.0,0.0,53282.15,53585.15,52783.45,53710.35,0,0.0,0.0,0.0,0.0,-0.01,-1,-1,-0.01,-1,-1,-0.01,-1,-1,-0.01,-1,-1,-0.01,-1,-1,-0.01,-1,-1,-0.01,-1,-1,-0.01,-1,-1,-0.01,-1,-1,-0.01,-1,-1
99926009,2026-05-18 13:09:38+05:30,53433.4,0,0.0,0,0.0,0.0,53282.15,53585.15,52783.45,53710.35,0,0.0,0.0,0.0,0.0,-0.01,-1,-1,-0.01,-1,-1,-0.01,-1,-1,-0.01,-1,-1,-0.01,-1,-1,-0.01,-1,-1,-0.01,-1,-1,-0.01,-1,-1,-0.01,-1,-1,-0.01,-1,-1
99926009,2026-05-18 13:09:39+05:30,53432.45,0,0.0,0,0.0,0.0,53282.15,53585.15,52783.45,53710.35,0,0.0,0.0,0.0,0.0,-0.01,-1,-1,-0.01,-1,-1,-0.01,-1,-1,-0.01,-1,-1,-0.01,-1,-1,-0.01,-1,-1,-0.01,-1,-1,-0.01,-1,-1,-0.01,-1,-1,-0.01,-1,-1
99926009,2026-05-18 13:09:39+05:30,53433.8,0,0.0,0,0.0,0.0,53282.15,53585.15,52783.45,53710.35,0,0.0,0.0,0.0,0.0,-0.01,-1,-1,-0.01,-1,-1,-0.01,-1,-1,-0.01,-1,-1,-0.01,-1,-1,-0.01,-1,-1,-0.01,-1,-1,-0.01,-1,-1,-0.01,-1,-1,-0.01,-1,-1
99926009,2026-05-18 13:09:40+05:30,53434.25,0,0.0,0,0.0,0.0,53282.15,53585.15,52783.45,53710.35,0,0.0,0.0,0.0,0.0,-0.01,-1,-1,-0.01,-1,-1,-0.01,-1,-1,-0.01,-1,-1,-0.01,-1,-1,-0.01,-1,-1,-0.01,-1,-1,-0.01,-1,-1,-0.01,-1,-1,-0.01,-1,-1
99926009,2026-05-18 13:09:40+05:30,53432.55,0,0.0,0,0.0,0.0,53282.15,53585.15,52783.45,53710.35,0,0.0,0.0,0.0,0.0,-0.01,-1,-1,-0.01,-1,-1,-0.01,-1,-1,-0.01,-1,-1,-0.01,-1,-1,-0.01,-1,-1,-0.01,-1,-1,-0.01,-1,-1,-0.01,-1,-1,-0.01,-1,-1
99926009,2026-05-18 13:09:41+05:30,53433.65,0,0.0,0,0.0,0.0,53282.15,53585.15,52783.45,53710.35,0,0.0,0.0,0.0,0.0,-0.01,-1,-1,-0.01,-1,-1,-0.01,-1,-1,-0.01,-1,-1,-0.01,-1,-1,-0.01,-1,-1,-0.01,-1,-1,-0.01,-1,-1,-0.01,-1,-1,-0.01,-1,-1
99926009,2026-05-18 13:09:41+05:30,53437.25,0,0.0,0,0.0,0.0,53282.15,53585.15,52783.45,53710.35,0,0.0,0.0,0.0,0.0,-0.01,-1,-1,-0.01,-1,-1,-0.01,-1,-1,-0.01,-1,-1,-0.01,-1,-1,-0.01,-1,-1,-0.01,-1,-1,-0.01,-1,-1,-0.01,-1,-1,-0.01,-1,-1
99926009,2026-05-18 13:09:42+05:30,53436.3,0,0.0,0,0.0,0.0,53282.15,53585.15,52783.45,53710.35,0,0.0,0.0,0.0,0.0,-0.01,-1,-1,-0.01,-1,-1,-0.01,-1,-1,-0.01,-1,-1,-0.01,-1,-1,-0.01,-1,-1,-0.01,-1,-1,-0.01,-1,-1,-0.01,-1,-1,-0.01,-1,-1
99926009,2026-05-18 13:09:42+05:30,53435.85,0,0.0,0,0.0,0.0,53282.15,53585.15,52783.45,53710.35,0,0.0,0.0,0.0,0.0,-0.01,-1,-1,-0.01,-1,-1,-0.01,-1,-1,-0.01,-1,-1,-0.01,-1,-1,-0.01,-1,-1,-0.01,-1,-1,-0.01,-1,-1,-0.01,-1,-1,-0.01,-1,-1
99926009,2026-05-18 13:09:43+05:30,53436.8,0,0.0,0,0.0,0.0,53282.15,53585.15,52783.45,53710.35,0,0.0,0.0,0.0,0.0,-0.01,-1,-1,-0.01,-1,-1,-0.01,-1,-1,-0.01,-1,-1,-0.01,-1,-1,-0.01,-1,-1,-0.01,-1,-1,-0.01,-1,-1,-0.01,-1,-1,-0.01,-1,-1
99926009,2026-05-18 13:09:43+05:30,53435.0,0,0.0,0,0.0,0.0,53282.15,53585.15,52783.45,53710.35,0,0.0,0.0,0.0,0.0,-0.01,-1,-1,-0.01,-1,-1,-0.01,-1,-1,-0.01,-1,-1,-0.01,-1,-1,-0.01,-1,-1,-0.01,-1,-1,-0.01,-1,-1,-0.01,-1,-1,-0.01,-1,-1
99926009,2026-05-18 13:09:44+05:30,53435.2,0,0.0,0,0.0,0.0,53282.15,53585.15,52783.45,53710.35,0,0.0,0.0,0.0,0.0,-0.01,-1,-1,-0.01,-1,-1,-0.01,-1,-1,-0.01,-1,-1,-0.01,-1,-1,-0.01,-1,-1,-0.01,-1,-1,-0.01,-1,-1,-0.01,-1,-1,-0.01,-1,-1
99926009,2026-05-18 13:09:44+05:30,53434.25,0,0.0,0,0.0,0.0,53282.15,53585.15,52783.45,53710.35,0,0.0,0.0,0.0,0.0,-0.01,-1,-1,-0.01,-1,-1,-0.01,-1,-1,-0.01,-1,-1,-0.01,-1,-1,-0.01,-1,-1,-0.01,-1,-1,-0.01,-1,-1,-0.01,-1,-1,-0.01,-1,-1
99926009,2026-05-18 13:09:45+05:30,53433.65,0,0.0,0,0.0,0.0,53282.15,53585.15,52783.45,53710.35,0,0.0,0.0,0.0,0.0,-0.01,-1,-1,-0.01,-1,-1,-0.01,-1,-1,-0.01,-1,-1,-0.01,-1,-1,-0.01,-1,-1,-0.01,-1,-1,-0.01,-1,-1,-0.01,-1,-1,-0.01,-1,-1
99926009,2026-05-18 13:09:45+05:30,53435.5,0,0.0,0,0.0,0.0,53282.15,53585.15,52783.45,53710.35,0,0.0,0.0,0.0,0.0,-0.01,-1,-1,-0.01,-1,-1,-0.01,-1,-1,-0.01,-1,-1,-0.01,-1,-1,-0.01,-1,-1,-0.01,-1,-1,-0.01,-1,-1,-0.01,-1,-1,-0.01,-1,-1
99926009,2026-05-18 13:09:46+05:30,53434.8,0,0.0,0,0.0,0.0,53282.15,53585.15,52783.45,53710.35,0,0.0,0.0,0.0,0.0,-0.01,-1,-1,-0.01,-1,-1,-0.01,-1,-1,-0.01,-1,-1,-0.01,-1,-1,-0.01,-1,-1,-0.01,-1,-1,-0.01,-1,-1,-0.01,-1,-1,-0.01,-1,-1
99926009,2026-05-18 13:09:46+05:30,53437.0,0,0.0,0,0.0,0.0,53282.15,53585.15,52783.45,53710.35,0,0.0,0.0,0.0,0.0,-0.01,-1,-1,-0.01,-1,-1,-0.01,-1,-1,-0.01,-1,-1,-0.01,-1,-1,-0.01,-1,-1,-0.01,-1,-1,-0.01,-1,-1,-0.01,-1,-1,-0.01,-1,-1
99926009,2026-05-18 13:09:47+05:30,53436.65,0,0.0,0,0.0,0.0,53282.15,53585.15,52783.45,53710.35,0,0.0,0.0,0.0,0.0,-0.01,-1,-1,-0.01,-1,-1,-0.01,-1,-1,-0.01,-1,-1,-0.01,-1,-1,-0.01,-1,-1,-0.01,-1,-1,-0.01,-1,-1,-0.01,-1,-1,-0.01,-1,-1
99926009,2026-05-18 13:09:47+05:30,53435.9,0,0.0,0,0.0,0.0,53282.15,53585.15,52783.45,53710.35,0,0.0,0.0,0.0,0.0,-0.01,-1,-1,-0.01,-1,-1,-0.01,-1,-1,-0.01,-1,-1,-0.01,-1,-1,-0.01,-1,-1,-0.01,-1,-1,-0.01,-1,-1,-0.01,-1,-1,-0.01,-1,-1
99926009,2026-05-18 13:09:48+05:30,53435.9,0,0.0,0,0.0,0.0,53282.15,53585.15,52783.45,53710.35,0,0.0,0.0,0.0,0.0,-0.01,-1,-1,-0.01,-1,-1,-0.01,-1,-1,-0.01,-1,-1,-0.01,-1,-1,-0.01,-1,-1,-0.01,-1,-1,-0.01,-1,-1,-0.01,-1,-1,-0.01,-1,-1
99926009,2026-05-18 13:09:48+05:30,53434.6,0,0.0,0,0.0,0.0,53282.15,53585.15,52783.45,53710.35,0,0.0,0.0,0.0,0.0,-0.01,-1,-1,-0.01,-1,-1,-0.01,-1,-1,-0.01,-1,-1,-0.01,-1,-1,-0.01,-1,-1,-0.01,-1,-1,-0.01,-1,-1,-0.01,-1,-1,-0.01,-1,-1
99926009,2026-05-18 13:09:49+05:30,53436.5,0,0.0,0,0.0,0.0,53282.15,53585.15,52783.45,53710.35,0,0.0,0.0,0.0,0.0,-0.01,-1,-1,-0.01,-1,-1,-0.01,-1,-1,-0.01,-1,-1,-0.01,-1,-1,-0.01,-1,-1,-0.01,-1,-1,-0.01,-1,-1,-0.01,-1,-1,-0.01,-1,-1
99926009,2026-05-18 13:09:49+05:30,53435.8,0,0.0,0,0.0,0.0,53282.15,53585.15,52783.45,53710.35,0,0.0,0.0,0.0,0.0,-0.01,-1,-1,-0.01,-1,-1,-0.01,-1,-1,-0.01,-1,-1,-0.01,-1,-1,-0.01,-1,-1,-0.01,-1,-1,-0.01,-1,-1,-0.01,-1,-1,-0.01,-1,-1
99926009,2026-05-18 13:09:50+05:30,53434.9,0,0.0,0,0.0,0.0,53282.15,53585.15,52783.45,53710.35,0,0.0,0.0,0.0,0.0,-0.01,-1,-1,-0.01,-1,-1,-0.01,-1,-1,-0.01,-1,-1,-0.01,-1,-1,-0.01,-1,-1,-0.01,-1,-1,-0.01,-1,-1,-0.01,-1,-1,-0.01,-1,-1
99926009,2026-05-18 13:09:50+05:30,53434.2,0,0.0,0,0.0,0.0,53282.15,53585.15,52783.45,53710.35,0,0.0,0.0,0.0,0.0,-0.01,-1,-1,-0.01,-1,-1,-0.01,-1,-1,-0.01,-1,-1,-0.01,-1,-1,-0.01,-1,-1,-0.01,-1,-1,-0.01,-1,-1,-0.01,-1,-1,-0.01,-1,-1
99926009,2026-05-18 13:09:51+05:30,53433.85,0,0.0,0,0.0,0.0,53282.15,53585.15,52783.45,53710.35,0,0.0,0.0,0.0,0.0,-0.01,-1,-1,-0.01,-1,-1,-0.01,-1,-1,-0.01,-1,-1,-0.01,-1,-1,-0.01,-1,-1,-0.01,-1,-1,-0.01,-1,-1,-0.01,-1,-1,-0.01,-1,-1
99926009,2026-05-18 13:09:51+05:30,53436.05,0,0.0,0,0.0,0.0,53282.15,53585.15,52783.45,53710.35,0,0.0,0.0,0.0,0.0,-0.01,-1,-1,-0.01,-1,-1,-0.01,-1,-1,-0.01,-1,-1,-0.01,-1,-1,-0.01,-1,-1,-0.01,-1,-1,-0.01,-1,-1,-0.01,-1,-1,-0.01,-1,-1
99926009,2026-05-18 13:09:52+05:30,53434.3,0,0.0,0,0.0,0.0,53282.15,53585.15,52783.45,53710.35,0,0.0,0.0,0.0,0.0,-0.01,-1,-1,-0.01,-1,-1,-0.01,-1,-1,-0.01,-1,-1,-0.01,-1,-1,-0.01,-1,-1,-0.01,-1,-1,-0.01,-1,-1,-0.01,-1,-1,-0.01,-1,-1
99926009,2026-05-18 13:09:52+05:30,53434.75,0,0.0,0,0.0,0.0,53282.15,53585.15,52783.45,53710.35,0,0.0,0.0,0.0,0.0,-0.01,-1,-1,-0.01,-1,-1,-0.01,-1,-1,-0.01,-1,-1,-0.01,-1,-1,-0.01,-1,-1,-0.01,-1,-1,-0.01,-1,-1,-0.01,-1,-1,-0.01,-1,-1
99926009,2026-05-18 13:09:53+05:30,53434.1,0,0.0,0,0.0,0.0,53282.15,53585.15,52783.45,53710.35,0,0.0,0.0,0.0,0.0,-0.01,-1,-1,-0.01,-1,-1,-0.01,-1,-1,-0.01,-1,-1,-0.01,-1,-1,-0.01,-1,-1,-0.01,-1,-1,-0.01,-1,-1,-0.01,-1,-1,-0.01,-1,-1
99926009,2026-05-18 13:09:53+05:30,53435.3,0,0.0,0,0.0,0.0,53282.15,53585.15,52783.45,53710.35,0,0.0,0.0,0.0,0.0,-0.01,-1,-1,-0.01,-1,-1,-0.01,-1,-1,-0.01,-1,-1,-0.01,-1,-1,-0.01,-1,-1,-0.01,-1,-1,-0.01,-1,-1,-0.01,-1,-1,-0.01,-1,-1
99926009,2026-05-18 13:09:54+05:30,53435.05,0,0.0,0,0.0,0.0,53282.15,53585.15,52783.45,53710.35,0,0.0,0.0,0.0,0.0,-0.01,-1,-1,-0.01,-1,-1,-0.01,-1,-1,-0.01,-1,-1,-0.01,-1,-1,-0.01,-1,-1,-0.01,-1,-1,-0.01,-1,-1,-0.01,-1,-1,-0.01,-1,-1
99926009,2026-05-18 13:09:54+05:30,53433.5,0,0.0,0,0.0,0.0,53282.15,53585.15,52783.45,53710.35,0,0.0,0.0,0.0,0.0,-0.01,-1,-1,-0.01,-1,-1,-0.01,-1,-1,-0.01,-1,-1,-0.01,-1,-1,-0.01,-1,-1,-0.01,-1,-1,-0.01,-1,-1,-0.01,-1,-1,-0.01,-1,-1
99926009,2026-05-18 13:09:55+05:30,53431.25,0,0.0,0,0.0,0.0,53282.15,53585.15,52783.45,53710.35,0,0.0,0.0,0.0,0.0,-0.01,-1,-1,-0.01,-1,-1,-0.01,-1,-1,-0.01,-1,-1,-0.01,-1,-1,-0.01,-1,-1,-0.01,-1,-1,-0.01,-1,-1,-0.01,-1,-1,-0.01,-1,-1
99926009,2026-05-18 13:09:55+05:30,53432.6,0,0.0,0,0.0,0.0,53282.15,53585.15,52783.45,53710.35,0,0.0,0.0,0.0,0.0,-0.01,-1,-1,-0.01,-1,-1,-0.01,-1,-1,-0.01,-1,-1,-0.01,-1,-1,-0.01,-1,-1,-0.01,-1,-1,-0.01,-1,-1,-0.01,-1,-1,-0.01,-1,-1
99926009,2026-05-18 13:09:56+05:30,53429.5,0,0.0,0,0.0,0.0,53282.15,53585.15,52783.45,53710.35,0,0.0,0.0,0.0,0.0,-0.01,-1,-1,-0.01,-1,-1,-0.01,-1,-1,-0.01,-1,-1,-0.01,-1,-1,-0.01,-1,-1,-0.01,-1,-1,-0.01,-1,-1,-0.01,-1,-1,-0.01,-1,-1
99926009,2026-05-18 13:09:56+05:30,53427.25,0,0.0,0,0.0,0.0,53282.15,53585.15,52783.45,53710.35,0,0.0,0.0,0.0,0.0,-0.01,-1,-1,-0.01,-1,-1,-0.01,-1,-1,-0.01,-1,-1,-0.01,-1,-1,-0.01,-1,-1,-0.01,-1,-1,-0.01,-1,-1,-0.01,-1,-1,-0.01,-1,-1
99926009,2026-05-18 13:09:57+05:30,53427.4,0,0.0,0,0.0,0.0,53282.15,53585.15,52783.45,53710.35,0,0.0,0.0,0.0,0.0,-0.01,-1,-1,-0.01,-1,-1,-0.01,-1,-1,-0.01,-1,-1,-0.01,-1,-1,-0.01,-1,-1,-0.01,-1,-1,-0.01,-1,-1,-0.01,-1,-1,-0.01,-1,-1
99926009,2026-05-18 13:09:57+05:30,53428.75,0,0.0,0,0.0,0.0,53282.15,53585.15,52783.45,53710.35,0,0.0,0.0,0.0,0.0,-0.01,-1,-1,-0.01,-1,-1,-0.01,-1,-1,-0.01,-1,-1,-0.01,-1,-1,-0.01,-1,-1,-0.01,-1,-1,-0.01,-1,-1,-0.01,-1,-1,-0.01,-1,-1
99926009,2026-05-18 13:09:58+05:30,53429.75,0,0.0,0,0.0,0.0,53282.15,53585.15,52783.45,53710.35,0,0.0,0.0,0.0,0.0,-0.01,-1,-1,-0.01,-1,-1,-0.01,-1,-1,-0.01,-1,-1,-0.01,-1,-1,-0.01,-1,-1,-0.01,-1,-1,-0.01,-1,-1,-0.01,-1,-1,-0.01,-1,-1
99926009,2026-05-18 13:09:58+05:30,53425.55,0,0.0,0,0.0,0.0,53282.15,53585.15,52783.45,53710.35,0,0.0,0.0,0.0,0.0,-0.01,-1,-1,-0.01,-1,-1,-0.01,-1,-1,-0.01,-1,-1,-0.01,-1,-1,-0.01,-1,-1,-0.01,-1,-1,-0.01,-1,-1,-0.01,-1,-1,-0.01,-1,-1
99926009,2026-05-18 13:09:59+05:30,53423.6,0,0.0,0,0.0,0.0,53282.15,53585.15,52783.45,53710.35,0,0.0,0.0,0.0,0.0,-0.01,-1,-1,-0.01,-1,-1,-0.01,-1,-1,-0.01,-1,-1,-0.01,-1,-1,-0.01,-1,-1,-0.01,-1,-1,-0.01,-1,-1,-0.01,-1,-1,-0.01,-1,-1
99926009,2026-05-18 13:09:59+05:30,53421.7,0,0.0,0,0.0,0.0,53282.15,53585.15,52783.45,53710.35,0,0.0,0.0,0.0,0.0,-0.01,-1,-1,-0.01,-1,-1,-0.01,-1,-1,-0.01,-1,-1,-0.01,-1,-1,-0.01,-1,-1,-0.01,-1,-1,-0.01,-1,-1,-0.01,-1,-1,-0.01,-1,-1
99926009,2026-05-18 13:10:00+05:30,53423.95,0,0.0,0,0.0,0.0,53282.15,53585.15,52783.45,53710.35,0,0.0,0.0,0.0,0.0,-0.01,-1,-1,-0.01,-1,-1,-0.01,-1,-1,-0.01,-1,-1,-0.01,-1,-1,-0.01,-1,-1,-0.01,-1,-1,-0.01,-1,-1,-0.01,-1,-1,-0.01,-1,-1
99926009,2026-05-18 13:10:00+05:30,53423.65,0,0.0,0,0.0,0.0,53282.15,53585.15,52783.45,53710.35,0,0.0,0.0,0.0,0.0,-0.01,-1,-1,-0.01,-1,-1,-0.01,-1,-1,-0.01,-1,-1,-0.01,-1,-1,-0.01,-1,-1,-0.01,-1,-1,-0.01,-1,-1,-0.01,-1,-1,-0.01,-1,-1
99926009,2026-05-18 13:10:01+05:30,53424.75,0,0.0,0,0.0,0.0,53282.15,53585.15,52783.45,53710.35,0,0.0,0.0,0.0,0.0,-0.01,-1,-1,-0.01,-1,-1,-0.01,-1,-1,-0.01,-1,-1,-0.01,-1,-1,-0.01,-1,-1,-0.01,-1,-1,-0.01,-1,-1,-0.01,-1,-1,-0.01,-1,-1
99926009,2026-05-18 13:10:01+05:30,53425.2,0,0.0,0,0.0,0.0,53282.15,53585.15,52783.45,53710.35,0,0.0,0.0,0.0,0.0,-0.01,-1,-1,-0.01,-1,-1,-0.01,-1,-1,-0.01,-1,-1,-0.01,-1,-1,-0.01,-1,-1,-0.01,-1,-1,-0.01,-1,-1,-0.01,-1,-1,-0.01,-1,-1
99926009,2026-05-18 13:10:02+05:30,53423.95,0,0.0,0,0.0,0.0,53282.15,53585.15,52783.45,53710.35,0,0.0,0.0,0.0,0.0,-0.01,-1,-1,-0.01,-1,-1,-0.01,-1,-1,-0.01,-1,-1,-0.01,-1,-1,-0.01,-1,-1,-0.01,-1,-1,-0.01,-1,-1,-0.01,-1,-1,-0.01,-1,-1
99926009,2026-05-18 13:10:02+05:30,53423.1,0,0.0,0,0.0,0.0,53282.15,53585.15,52783.45,53710.35,0,0.0,0.0,0.0,0.0,-0.01,-1,-1,-0.01,-1,-1,-0.01,-1,-1,-0.01,-1,-1,-0.01,-1,-1,-0.01,-1,-1,-0.01,-1,-1,-0.01,-1,-1,-0.01,-1,-1,-0.01,-1,-1
99926009,2026-05-18 13:10:03+05:30,53424.3,0,0.0,0,0.0,0.0,53282.15,53585.15,52783.45,53710.35,0,0.0,0.0,0.0,0.0,-0.01,-1,-1,-0.01,-1,-1,-0.01,-1,-1,-0.01,-1,-1,-0.01,-1,-1,-0.01,-1,-1,-0.01,-1,-1,-0.01,-1,-1,-0.01,-1,-1,-0.01,-1,-1
99926009,2026-05-18 13:10:03+05:30,53423.15,0,0.0,0,0.0,0.0,53282.15,53585.15,52783.45,53710.35,0,0.0,0.0,0.0,0.0,-0.01,-1,-1,-0.01,-1,-1,-0.01,-1,-1,-0.01,-1,-1,-0.01,-1,-1,-0.01,-1,-1,-0.01,-1,-1,-0.01,-1,-1,-0.01,-1,-1,-0.01,-1,-1
99926009,2026-05-18 13:10:04+05:30,53421.45,0,0.0,0,0.0,0.0,53282.15,53585.15,52783.45,53710.35,0,0.0,0.0,0.0,0.0,-0.01,-1,-1,-0.01,-1,-1,-0.01,-1,-1,-0.01,-1,-1,-0.01,-1,-1,-0.01,-1,-1,-0.01,-1,-1,-0.01,-1,-1,-0.01,-1,-1,-0.01,-1,-1
99926009,2026-05-18 13:10:04+05:30,53424.35,0,0.0,0,0.0,0.0,53282.15,53585.15,52783.45,53710.35,0,0.0,0.0,0.0,0.0,-0.01,-1,-1,-0.01,-1,-1,-0.01,-1,-1,-0.01,-1,-1,-0.01,-1,-1,-0.01,-1,-1,-0.01,-1,-1,-0.01,-1,-1,-0.01,-1,-1,-0.01,-1,-1
99926009,2026-05-18 13:10:05+05:30,53423.9,0,0.0,0,0.0,0.0,53282.15,53585.15,52783.45,53710.35,0,0.0,0.0,0.0,0.0,-0.01,-1,-1,-0.01,-1,-1,-0.01,-1,-1,-0.01,-1,-1,-0.01,-1,-1,-0.01,-1,-1,-0.01,-1,-1,-0.01,-1,-1,-0.01,-1,-1,-0.01,-1,-1
99926009,2026-05-18 13:10:05+05:30,53425.25,0,0.0,0,0.0,0.0,53282.15,53585.15,52783.45,53710.35,0,0.0,0.0,0.0,0.0,-0.01,-1,-1,-0.01,-1,-1,-0.01,-1,-1,-0.01,-1,-1,-0.01,-1,-1,-0.01,-1,-1,-0.01,-1,-1,-0.01,-1,-1,-0.01,-1,-1,-0.01,-1,-1
99926009,2026-05-18 13:10:06+05:30,53426.6,0,0.0,0,0.0,0.0,53282.15,53585.15,52783.45,53710.35,0,0.0,0.0,0.0,0.0,-0.01,-1,-1,-0.01,-1,-1,-0.01,-1,-1,-0.01,-1,-1,-0.01,-1,-1,-0.01,-1,-1,-0.01,-1,-1,-0.01,-1,-1,-0.01,-1,-1,-0.01,-1,-1
99926009,2026-05-18 13:10:06+05:30,53426.75,0,0.0,0,0.0,0.0,53282.15,53585.15,52783.45,53710.35,0,0.0,0.0,0.0,0.0,-0.01,-1,-1,-0.01,-1,-1,-0.01,-1,-1,-0.01,-1,-1,-0.01,-1,-1,-0.01,-1,-1,-0.01,-1,-1,-0.01,-1,-1,-0.01,-1,-1,-0.01,-1,-1
99926009,2026-05-18 13:10:07+05:30,53428.15,0,0.0,0,0.0,0.0,53282.15,53585.15,52783.45,53710.35,0,0.0,0.0,0.0,0.0,-0.01,-1,-1,-0.01,-1,-1,-0.01,-1,-1,-0.01,-1,-1,-0.01,-1,-1,-0.01,-1,-1,-0.01,-1,-1,-0.01,-1,-1,-0.01,-1,-1,-0.01,-1,-1
99926009,2026-05-18 13:10:07+05:30,53430.0,0,0.0,0,0.0,0.0,53282.15,53585.15,52783.45,53710.35,0,0.0,0.0,0.0,0.0,-0.01,-1,-1,-0.01,-1,-1,-0.01,-1,-1,-0.01,-1,-1,-0.01,-1,-1,-0.01,-1,-1,-0.01,-1,-1,-0.01,-1,-1,-0.01,-1,-1,-0.01,-1,-1
99926009,2026-05-18 13:10:08+05:30,53426.75,0,0.0,0,0.0,0.0,53282.15,53585.15,52783.45,53710.35,0,0.0,0.0,0.0,0.0,-0.01,-1,-1,-0.01,-1,-1,-0.01,-1,-1,-0.01,-1,-1,-0.01,-1,-1,-0.01,-1,-1,-0.01,-1,-1,-0.01,-1,-1,-0.01,-1,-1,-0.01,-1,-1
99926009,2026-05-18 13:10:08+05:30,53427.95,0,0.0,0,0.0,0.0,53282.15,53585.15,52783.45,53710.35,0,0.0,0.0,0.0,0.0,-0.01,-1,-1,-0.01,-1,-1,-0.01,-1,-1,-0.01,-1,-1,-0.01,-1,-1,-0.01,-1,-1,-0.01,-1,-1,-0.01,-1,-1,-0.01,-1,-1,-0.01,-1,-1
99926009,2026-05-18 13:10:09+05:30,53425.9,0,0.0,0,0.0,0.0,53282.15,53585.15,52783.45,53710.35,0,0.0,0.0,0.0,0.0,-0.01,-1,-1,-0.01,-1,-1,-0.01,-1,-1,-0.01,-1,-1,-0.01,-1,-1,-0.01,-1,-1,-0.01,-1,-1,-0.01,-1,-1,-0.01,-1,-1,-0.01,-1,-1
99926009,2026-05-18 13:10:09+05:30,53430.75,0,0.0,0,0.0,0.0,53282.15,53585.15,52783.45,53710.35,0,0.0,0.0,0.0,0.0,-0.01,-1,-1,-0.01,-1,-1,-0.01,-1,-1,-0.01,-1,-1,-0.01,-1,-1,-0.01,-1,-1,-0.01,-1,-1,-0.01,-1,-1,-0.01,-1,-1,-0.01,-1,-1
99926009,2026-05-18 13:10:10+05:30,53426.4,0,0.0,0,0.0,0.0,53282.15,53585.15,52783.45,53710.35,0,0.0,0.0,0.0,0.0,-0.01,-1,-1,-0.01,-1,-1,-0.01,-1,-1,-0.01,-1,-1,-0.01,-1,-1,-0.01,-1,-1,-0.01,-1,-1,-0.01,-1,-1,-0.01,-1,-1,-0.01,-1,-1
99926009,2026-05-18 13:10:10+05:30,53426.25,0,0.0,0,0.0,0.0,53282.15,53585.15,52783.45,53710.35,0,0.0,0.0,0.0,0.0,-0.01,-1,-1,-0.01,-1,-1,-0.01,-1,-1,-0.01,-1,-1,-0.01,-1,-1,-0.01,-1,-1,-0.01,-1,-1,-0.01,-1,-1,-0.01,-1,-1,-0.01,-1,-1
99926009,2026-05-18 13:10:11+05:30,53427.75,0,0.0,0,0.0,0.0,53282.15,53585.15,52783.45,53710.35,0,0.0,0.0,0.0,0.0,-0.01,-1,-1,-0.01,-1,-1,-0.01,-1,-1,-0.01,-1,-1,-0.01,-1,-1,-0.01,-1,-1,-0.01,-1,-1,-0.01,-1,-1,-0.01,-1,-1,-0.01,-1,-1
99926009,2026-05-18 13:10:11+05:30,53429.85,0,0.0,0,0.0,0.0,53282.15,53585.15,52783.45,53710.35,0,0.0,0.0,0.0,0.0,-0.01,-1,-1,-0.01,-1,-1,-0.01,-1,-1,-0.01,-1,-1,-0.01,-1,-1,-0.01,-1,-1,-0.01,-1,-1,-0.01,-1,-1,-0.01,-1,-1,-0.01,-1,-1
99926009,2026-05-18 13:10:12+05:30,53429.65,0,0.0,0,0.0,0.0,53282.15,53585.15,52783.45,53710.35,0,0.0,0.0,0.0,0.0,-0.01,-1,-1,-0.01,-1,-1,-0.01,-1,-1,-0.01,-1,-1,-0.01,-1,-1,-0.01,-1,-1,-0.01,-1,-1,-0.01,-1,-1,-0.01,-1,-1,-0.01,-1,-1
99926009,2026-05-18 13:10:12+05:30,53428.35,0,0.0,0,0.0,0.0,53282.15,53585.15,52783.45,53710.35,0,0.0,0.0,0.0,0.0,-0.01,-1,-1,-0.01,-1,-1,-0.01,-1,-1,-0.01,-1,-1,-0.01,-1,-1,-0.01,-1,-1,-0.01,-1,-1,-0.01,-1,-1,-0.01,-1,-1,-0.01,-1,-1
99926009,2026-05-18 13:10:13+05:30,53428.1,0,0.0,0,0.0,0.0,53282.15,53585.15,52783.45,53710.35,0,0.0,0.0,0.0,0.0,-0.01,-1,-1,-0.01,-1,-1,-0.01,-1,-1,-0.01,-1,-1,-0.01,-1,-1,-0.01,-1,-1,-0.01,-1,-1,-0.01,-1,-1,-0.01,-1,-1,-0.01,-1,-1
99926009,2026-05-18 13:10:13+05:30,53428.75,0,0.0,0,0.0,0.0,53282.15,53585.15,52783.45,53710.35,0,0.0,0.0,0.0,0.0,-0.01,-1,-1,-0.01,-1,-1,-0.01,-1,-1,-0.01,-1,-1,-0.01,-1,-1,-0.01,-1,-1,-0.01,-1,-1,-0.01,-1,-1,-0.01,-1,-1,-0.01,-1,-1
99926009,2026-05-18 13:10:14+05:30,53431.05,0,0.0,0,0.0,0.0,53282.15,53585.15,52783.45,53710.35,0,0.0,0.0,0.0,0.0,-0.01,-1,-1,-0.01,-1,-1,-0.01,-1,-1,-0.01,-1,-1,-0.01,-1,-1,-0.01,-1,-1,-0.01,-1,-1,-0.01,-1,-1,-0.01,-1,-1,-0.01,-1,-1
99926009,2026-05-18 13:10:14+05:30,53431.05,0,0.0,0,0.0,0.0,53282.15,53585.15,52783.45,53710.35,0,0.0,0.0,0.0,0.0,-0.01,-1,-1,-0.01,-1,-1,-0.01,-1,-1,-0.01,-1,-1,-0.01,-1,-1,-0.01,-1,-1,-0.01,-1,-1,-0.01,-1,-1,-0.01,-1,-1,-0.01,-1,-1
99926009,2026-05-18 13:10:15+05:30,53429.35,0,0.0,0,0.0,0.0,53282.15,53585.15,52783.45,53710.35,0,0.0,0.0,0.0,0.0,-0.01,-1,-1,-0.01,-1,-1,-0.01,-1,-1,-0.01,-1,-1,-0.01,-1,-1,-0.01,-1,-1,-0.01,-1,-1,-0.01,-1,-1,-0.01,-1,-1,-0.01,-1,-1
99926009,2026-05-18 13:10:15+05:30,53429.15,0,0.0,0,0.0,0.0,53282.15,53585.15,52783.45,53710.35,0,0.0,0.0,0.0,0.0,-0.01,-1,-1,-0.01,-1,-1,-0.01,-1,-1,-0.01,-1,-1,-0.01,-1,-1,-0.01,-1,-1,-0.01,-1,-1,-0.01,-1,-1,-0.01,-1,-1,-0.01,-1,-1
99926009,2026-05-18 13:10:16+05:30,53428.25,0,0.0,0,0.0,0.0,53282.15,53585.15,52783.45,53710.35,0,0.0,0.0,0.0,0.0,-0.01,-1,-1,-0.01,-1,-1,-0.01,-1,-1,-0.01,-1,-1,-0.01,-1,-1,-0.01,-1,-1,-0.01,-1,-1,-0.01,-1,-1,-0.01,-1,-1,-0.01,-1,-1
99926009,2026-05-18 13:10:16+05:30,53428.95,0,0.0,0,0.0,0.0,53282.15,53585.15,52783.45,53710.35,0,0.0,0.0,0.0,0.0,-0.01,-1,-1,-0.01,-1,-1,-0.01,-1,-1,-0.01,-1,-1,-0.01,-1,-1,-0.01,-1,-1,-0.01,-1,-1,-0.01,-1,-1,-0.01,-1,-1,-0.01,-1,-1
99926009,2026-05-18 13:10:17+05:30,53428.8,0,0.0,0,0.0,0.0,53282.15,53585.15,52783.45,53710.35,0,0.0,0.0,0.0,0.0,-0.01,-1,-1,-0.01,-1,-1,-0.01,-1,-1,-0.01,-1,-1,-0.01,-1,-1,-0.01,-1,-1,-0.01,-1,-1,-0.01,-1,-1,-0.01,-1,-1,-0.01,-1,-1
99926009,2026-05-18 13:10:17+05:30,53426.55,0,0.0,0,0.0,0.0,53282.15,53585.15,52783.45,53710.35,0,0.0,0.0,0.0,0.0,-0.01,-1,-1,-0.01,-1,-1,-0.01,-1,-1,-0.01,-1,-1,-0.01,-1,-1,-0.01,-1,-1,-0.01,-1,-1,-0.01,-1,-1,-0.01,-1,-1,-0.01,-1,-1
99926009,2026-05-18 13:10:18+05:30,53423.8,0,0.0,0,0.0,0.0,53282.15,53585.15,52783.45,53710.35,0,0.0,0.0,0.0,0.0,-0.01,-1,-1,-0.01,-1,-1,-0.01,-1,-1,-0.01,-1,-1,-0.01,-1,-1,-0.01,-1,-1,-0.01,-1,-1,-0.01,-1,-1,-0.01,-1,-1,-0.01,-1,-1
99926009,2026-05-18 13:10:18+05:30,53425.25,0,0.0,0,0.0,0.0,53282.15,53585.15,52783.45,53710.35,0,0.0,0.0,0.0,0.0,-0.01,-1,-1,-0.01,-1,-1,-0.01,-1,-1,-0.01,-1,-1,-0.01,-1,-1,-0.01,-1,-1,-0.01,-1,-1,-0.01,-1,-1,-0.01,-1,-1,-0.01,-1,-1
99926009,2026-05-18 13:10:19+05:30,53424.9,0,0.0,0,0.0,0.0,53282.15,53585.15,52783.45,53710.35,0,0.0,0.0,0.0,0.0,-0.01,-1,-1,-0.01,-1,-1,-0.01,-1,-1,-0.01,-1,-1,-0.01,-1,-1,-0.01,-1,-1,-0.01,-1,-1,-0.01,-1,-1,-0.01,-1,-1,-0.01,-1,-1
99926009,2026-05-18 13:10:19+05:30,53421.55,0,0.0,0,0.0,0.0,53282.15,53585.15,52783.45,53710.35,0,0.0,0.0,0.0,0.0,-0.01,-1,-1,-0.01,-1,-1,-0.01,-1,-1,-0.01,-1,-1,-0.01,-1,-1,-0.01,-1,-1,-0.01,-1,-1,-0.01,-1,-1,-0.01,-1,-1,-0.01,-1,-1
99926009,2026-05-18 13:10:20+05:30,53422.7,0,0.0,0,0.0,0.0,53282.15,53585.15,52783.45,53710.35,0,0.0,0.0,0.0,0.0,-0.01,-1,-1,-0.01,-1,-1,-0.01,-1,-1,-0.01,-1,-1,-0.01,-1,-1,-0.01,-1,-1,-0.01,-1,-1,-0.01,-1,-1,-0.01,-1,-1,-0.01,-1,-1
99926009,2026-05-18 13:10:20+05:30,53422.9,0,0.0,0,0.0,0.0,53282.15,53585.15,52783.45,53710.35,0,0.0,0.0,0.0,0.0,-0.01,-1,-1,-0.01,-1,-1,-0.01,-1,-1,-0.01,-1,-1,-0.01,-1,-1,-0.01,-1,-1,-0.01,-1,-1,-0.01,-1,-1,-0.01,-1,-1,-0.01,-1,-1
99926009,2026-05-18 13:10:21+05:30,53421.65,0,0.0,0,0.0,0.0,53282.15,53585.15,52783.45,53710.35,0,0.0,0.0,0.0,0.0,-0.01,-1,-1,-0.01,-1,-1,-0.01,-1,-1,-0.01,-1,-1,-0.01,-1,-1,-0.01,-1,-1,-0.01,-1,-1,-0.01,-1,-1,-0.01,-1,-1,-0.01,-1,-1
99926009,2026-05-18 13:10:21+05:30,53423.5,0,0.0,0,0.0,0.0,53282.15,53585.15,52783.45,53710.35,0,0.0,0.0,0.0,0.0,-0.01,-1,-1,-0.01,-1,-1,-0.01,-1,-1,-0.01,-1,-1,-0.01,-1,-1,-0.01,-1,-1,-0.01,-1,-1,-0.01,-1,-1,-0.01,-1,-1,-0.01,-1,-1
99926009,2026-05-18 13:10:22+05:30,53424.05,0,0.0,0,0.0,0.0,53282.15,53585.15,52783.45,53710.35,0,0.0,0.0,0.0,0.0,-0.01,-1,-1,-0.01,-1,-1,-0.01,-1,-1,-0.01,-1,-1,-0.01,-1,-1,-0.01,-1,-1,-0.01,-1,-1,-0.01,-1,-1,-0.01,-1,-1,-0.01,-1,-1
99926009,2026-05-18 13:10:22+05:30,53422.4,0,0.0,0,0.0,0.0,53282.15,53585.15,52783.45,53710.35,0,0.0,0.0,0.0,0.0,-0.01,-1,-1,-0.01,-1,-1,-0.01,-1,-1,-0.01,-1,-1,-0.01,-1,-1,-0.01,-1,-1,-0.01,-1,-1,-0.01,-1,-1,-0.01,-1,-1,-0.01,-1,-1
99926009,2026-05-18 13:10:23+05:30,53420.35,0,0.0,0,0.0,0.0,53282.15,53585.15,52783.45,53710.35,0,0.0,0.0,0.0,0.0,-0.01,-1,-1,-0.01,-1,-1,-0.01,-1,-1,-0.01,-1,-1,-0.01,-1,-1,-0.01,-1,-1,-0.01,-1,-1,-0.01,-1,-1,-0.01,-1,-1,-0.01,-1,-1
99926009,2026-05-18 13:10:23+05:30,53418.9,0,0.0,0,0.0,0.0,53282.15,53585.15,52783.45,53710.35,0,0.0,0.0,0.0,0.0,-0.01,-1,-1,-0.01,-1,-1,-0.01,-1,-1,-0.01,-1,-1,-0.01,-1,-1,-0.01,-1,-1,-0.01,-1,-1,-0.01,-1,-1,-0.01,-1,-1,-0.01,-1,-1
99926009,2026-05-18 13:10:24+05:30,53421.95,0,0.0,0,0.0,0.0,53282.15,53585.15,52783.45,53710.35,0,0.0,0.0,0.0,0.0,-0.01,-1,-1,-0.01,-1,-1,-0.01,-1,-1,-0.01,-1,-1,-0.01,-1,-1,-0.01,-1,-1,-0.01,-1,-1,-0.01,-1,-1,-0.01,-1,-1,-0.01,-1,-1
99926009,2026-05-18 13:10:24+05:30,53423.65,0,0.0,0,0.0,0.0,53282.15,53585.15,52783.45,53710.35,0,0.0,0.0,0.0,0.0,-0.01,-1,-1,-0.01,-1,-1,-0.01,-1,-1,-0.01,-1,-1,-0.01,-1,-1,-0.01,-1,-1,-0.01,-1,-1,-0.01,-1,-1,-0.01,-1,-1,-0.01,-1,-1
99926009,2026-05-18 13:10:25+05:30,53421.55,0,0.0,0,0.0,0.0,53282.15,53585.15,52783.45,53710.35,0,0.0,0.0,0.0,0.0,-0.01,-1,-1,-0.01,-1,-1,-0.01,-1,-1,-0.01,-1,-1,-0.01,-1,-1,-0.01,-1,-1,-0.01,-1,-1,-0.01,-1,-1,-0.01,-1,-1,-0.01,-1,-1
99926009,2026-05-18 13:10:25+05:30,53425.05,0,0.0,0,0.0,0.0,53282.15,53585.15,52783.45,53710.35,0,0.0,0.0,0.0,0.0,-0.01,-1,-1,-0.01,-1,-1,-0.01,-1,-1,-0.01,-1,-1,-0.01,-1,-1,-0.01,-1,-1,-0.01,-1,-1,-0.01,-1,-1,-0.01,-1,-1,-0.01,-1,-1
99926009,2026-05-18 13:10:26+05:30,53425.95,0,0.0,0,0.0,0.0,53282.15,53585.15,52783.45,53710.35,0,0.0,0.0,0.0,0.0,-0.01,-1,-1,-0.01,-1,-1,-0.01,-1,-1,-0.01,-1,-1,-0.01,-1,-1,-0.01,-1,-1,-0.01,-1,-1,-0.01,-1,-1,-0.01,-1,-1,-0.01,-1,-1
99926009,2026-05-18 13:10:26+05:30,53423.75,0,0.0,0,0.0,0.0,53282.15,53585.15,52783.45,53710.35,0,0.0,0.0,0.0,0.0,-0.01,-1,-1,-0.01,-1,-1,-0.01,-1,-1,-0.01,-1,-1,-0.01,-1,-1,-0.01,-1,-1,-0.01,-1,-1,-0.01,-1,-1,-0.01,-1,-1,-0.01,-1,-1
99926009,2026-05-18 13:10:27+05:30,53423.45,0,0.0,0,0.0,0.0,53282.15,53585.15,52783.45,53710.35,0,0.0,0.0,0.0,0.0,-0.01,-1,-1,-0.01,-1,-1,-0.01,-1,-1,-0.01,-1,-1,-0.01,-1,-1,-0.01,-1,-1,-0.01,-1,-1,-0.01,-1,-1,-0.01,-1,-1,-0.01,-1,-1
99926009,2026-05-18 13:10:27+05:30,53422.25,0,0.0,0,0.0,0.0,53282.15,53585.15,52783.45,53710.35,0,0.0,0.0,0.0,0.0,-0.01,-1,-1,-0.01,-1,-1,-0.01,-1,-1,-0.01,-1,-1,-0.01,-1,-1,-0.01,-1,-1,-0.01,-1,-1,-0.01,-1,-1,-0.01,-1,-1,-0.01,-1,-1
99926009,2026-05-18 13:10:28+05:30,53422.75,0,0.0,0,0.0,0.0,53282.15,53585.15,52783.45,53710.35,0,0.0,0.0,0.0,0.0,-0.01,-1,-1,-0.01,-1,-1,-0.01,-1,-1,-0.01,-1,-1,-0.01,-1,-1,-0.01,-1,-1,-0.01,-1,-1,-0.01,-1,-1,-0.01,-1,-1,-0.01,-1,-1
99926009,2026-05-18 13:10:28+05:30,53421.75,0,0.0,0,0.0,0.0,53282.15,53585.15,52783.45,53710.35,0,0.0,0.0,0.0,0.0,-0.01,-1,-1,-0.01,-1,-1,-0.01,-1,-1,-0.01,-1,-1,-0.01,-1,-1,-0.01,-1,-1,-0.01,-1,-1,-0.01,-1,-1,-0.01,-1,-1,-0.01,-1,-1
99926009,2026-05-18 13:10:29+05:30,53423.45,0,0.0,0,0.0,0.0,53282.15,53585.15,52783.45,53710.35,0,0.0,0.0,0.0,0.0,-0.01,-1,-1,-0.01,-1,-1,-0.01,-1,-1,-0.01,-1,-1,-0.01,-1,-1,-0.01,-1,-1,-0.01,-1,-1,-0.01,-1,-1,-0.01,-1,-1,-0.01,-1,-1
99926009,2026-05-18 13:10:29+05:30,53424.85,0,0.0,0,0.0,0.0,53282.15,53585.15,52783.45,53710.35,0,0.0,0.0,0.0,0.0,-0.01,-1,-1,-0.01,-1,-1,-0.01,-1,-1,-0.01,-1,-1,-0.01,-1,-1,-0.01,-1,-1,-0.01,-1,-1,-0.01,-1,-1,-0.01,-1,-1,-0.01,-1,-1
99926009,2026-05-18 13:10:30+05:30,53423.3,0,0.0,0,0.0,0.0,53282.15,53585.15,52783.45,53710.35,0,0.0,0.0,0.0,0.0,-0.01,-1,-1,-0.01,-1,-1,-0.01,-1,-1,-0.01,-1,-1,-0.01,-1,-1,-0.01,-1,-1,-0.01,-1,-1,-0.01,-1,-1,-0.01,-1,-1,-0.01,-1,-1
99926009,2026-05-18 13:10:30+05:30,53421.5,0,0.0,0,0.0,0.0,53282.15,53585.15,52783.45,53710.35,0,0.0,0.0,0.0,0.0,-0.01,-1,-1,-0.01,-1,-1,-0.01,-1,-1,-0.01,-1,-1,-0.01,-1,-1,-0.01,-1,-1,-0.01,-1,-1,-0.01,-1,-1,-0.01,-1,-1,-0.01,-1,-1
99926009,2026-05-18 13:10:31+05:30,53420.85,0,0.0,0,0.0,0.0,53282.15,53585.15,52783.45,53710.35,0,0.0,0.0,0.0,0.0,-0.01,-1,-1,-0.01,-1,-1,-0.01,-1,-1,-0.01,-1,-1,-0.01,-1,-1,-0.01,-1,-1,-0.01,-1,-1,-0.01,-1,-1,-0.01,-1,-1,-0.01,-1,-1
99926009,2026-05-18 13:10:31+05:30,53423.75,0,0.0,0,0.0,0.0,53282.15,53585.15,52783.45,53710.35,0,0.0,0.0,0.0,0.0,-0.01,-1,-1,-0.01,-1,-1,-0.01,-1,-1,-0.01,-1,-1,-0.01,-1,-1,-0.01,-1,-1,-0.01,-1,-1,-0.01,-1,-1,-0.01,-1,-1,-0.01,-1,-1
99926009,2026-05-18 13:10:32+05:30,53424.6,0,0.0,0,0.0,0.0,53282.15,53585.15,52783.45,53710.35,0,0.0,0.0,0.0,0.0,-0.01,-1,-1,-0.01,-1,-1,-0.01,-1,-1,-0.01,-1,-1,-0.01,-1,-1,-0.01,-1,-1,-0.01,-1,-1,-0.01,-1,-1,-0.01,-1,-1,-0.01,-1,-1
99926009,2026-05-18 13:10:32+05:30,53420.95,0,0.0,0,0.0,0.0,53282.15,53585.15,52783.45,53710.35,0,0.0,0.0,0.0,0.0,-0.01,-1,-1,-0.01,-1,-1,-0.01,-1,-1,-0.01,-1,-1,-0.01,-1,-1,-0.01,-1,-1,-0.01,-1,-1,-0.01,-1,-1,-0.01,-1,-1,-0.01,-1,-1
99926009,2026-05-18 13:10:33+05:30,53422.3,0,0.0,0,0.0,0.0,53282.15,53585.15,52783.45,53710.35,0,0.0,0.0,0.0,0.0,-0.01,-1,-1,-0.01,-1,-1,-0.01,-1,-1,-0.01,-1,-1,-0.01,-1,-1,-0.01,-1,-1,-0.01,-1,-1,-0.01,-1,-1,-0.01,-1,-1,-0.01,-1,-1
99926009,2026-05-18 13:10:33+05:30,53422.9,0,0.0,0,0.0,0.0,53282.15,53585.15,52783.45,53710.35,0,0.0,0.0,0.0,0.0,-0.01,-1,-1,-0.01,-1,-1,-0.01,-1,-1,-0.01,-1,-1,-0.01,-1,-1,-0.01,-1,-1,-0.01,-1,-1,-0.01,-1,-1,-0.01,-1,-1,-0.01,-1,-1
99926009,2026-05-18 13:10:34+05:30,53421.75,0,0.0,0,0.0,0.0,53282.15,53585.15,52783.45,53710.35,0,0.0,0.0,0.0,0.0,-0.01,-1,-1,-0.01,-1,-1,-0.01,-1,-1,-0.01,-1,-1,-0.01,-1,-1,-0.01,-1,-1,-0.01,-1,-1,-0.01,-1,-1,-0.01,-1,-1,-0.01,-1,-1
99926009,2026-05-18 13:10:34+05:30,53413.35,0,0.0,0,0.0,0.0,53282.15,53585.15,52783.45,53710.35,0,0.0,0.0,0.0,0.0,-0.01,-1,-1,-0.01,-1,-1,-0.01,-1,-1,-0.01,-1,-1,-0.01,-1,-1,-0.01,-1,-1,-0.01,-1,-1,-0.01,-1,-1,-0.01,-1,-1,-0.01,-1,-1
99926009,2026-05-18 13:10:35+05:30,53401.1,0,0.0,0,0.0,0.0,53282.15,53585.15,52783.45,53710.35,0,0.0,0.0,0.0,0.0,-0.01,-1,-1,-0.01,-1,-1,-0.01,-1,-1,-0.01,-1,-1,-0.01,-1,-1,-0.01,-1,-1,-0.01,-1,-1,-0.01,-1,-1,-0.01,-1,-1,-0.01,-1,-1
99926009,2026-05-18 13:10:35+05:30,53402.25,0,0.0,0,0.0,0.0,53282.15,53585.15,52783.45,53710.35,0,0.0,0.0,0.0,0.0,-0.01,-1,-1,-0.01,-1,-1,-0.01,-1,-1,-0.01,-1,-1,-0.01,-1,-1,-0.01,-1,-1,-0.01,-1,-1,-0.01,-1,-1,-0.01,-1,-1,-0.01,-1,-1
99926009,2026-05-18 13:10:36+05:30,53400.2,0,0.0,0,0.0,0.0,53282.15,53585.15,52783.45,53710.35,0,0.0,0.0,0.0,0.0,-0.01,-1,-1,-0.01,-1,-1,-0.01,-1,-1,-0.01,-1,-1,-0.01,-1,-1,-0.01,-1,-1,-0.01,-1,-1,-0.01,-1,-1,-0.01,-1,-1,-0.01,-1,-1
99926009,2026-05-18 13:10:36+05:30,53401.0,0,0.0,0,0.0,0.0,53282.15,53585.15,52783.45,53710.35,0,0.0,0.0,0.0,0.0,-0.01,-1,-1,-0.01,-1,-1,-0.01,-1,-1,-0.01,-1,-1,-0.01,-1,-1,-0.01,-1,-1,-0.01,-1,-1,-0.01,-1,-1,-0.01,-1,-1,-0.01,-1,-1
99926009,2026-05-18 13:10:37+05:30,53396.65,0,0.0,0,0.0,0.0,53282.15,53585.15,52783.45,53710.35,0,0.0,0.0,0.0,0.0,-0.01,-1,-1,-0.01,-1,-1,-0.01,-1,-1,-0.01,-1,-1,-0.01,-1,-1,-0.01,-1,-1,-0.01,-1,-1,-0.01,-1,-1,-0.01,-1,-1,-0.01,-1,-1
99926009,2026-05-18 13:10:37+05:30,53394.6,0,0.0,0,0.0,0.0,53282.15,53585.15,52783.45,53710.35,0,0.0,0.0,0.0,0.0,-0.01,-1,-1,-0.01,-1,-1,-0.01,-1,-1,-0.01,-1,-1,-0.01,-1,-1,-0.01,-1,-1,-0.01,-1,-1,-0.01,-1,-1,-0.01,-1,-1,-0.01,-1,-1
99926009,2026-05-18 13:10:38+05:30,53390.4,0,0.0,0,0.0,0.0,53282.15,53585.15,52783.45,53710.35,0,0.0,0.0,0.0,0.0,-0.01,-1,-1,-0.01,-1,-1,-0.01,-1,-1,-0.01,-1,-1,-0.01,-1,-1,-0.01,-1,-1,-0.01,-1,-1,-0.01,-1,-1,-0.01,-1,-1,-0.01,-1,-1
99926009,2026-05-18 13:10:38+05:30,53392.3,0,0.0,0,0.0,0.0,53282.15,53585.15,52783.45,53710.35,0,0.0,0.0,0.0,0.0,-0.01,-1,-1,-0.01,-1,-1,-0.01,-1,-1,-0.01,-1,-1,-0.01,-1,-1,-0.01,-1,-1,-0.01,-1,-1,-0.01,-1,-1,-0.01,-1,-1,-0.01,-1,-1
99926009,2026-05-18 13:10:39+05:30,53391.7,0,0.0,0,0.0,0.0,53282.15,53585.15,52783.45,53710.35,0,0.0,0.0,0.0,0.0,-0.01,-1,-1,-0.01,-1,-1,-0.01,-1,-1,-0.01,-1,-1,-0.01,-1,-1,-0.01,-1,-1,-0.01,-1,-1,-0.01,-1,-1,-0.01,-1,-1,-0.01,-1,-1
99926009,2026-05-18 13:10:39+05:30,53395.35,0,0.0,0,0.0,0.0,53282.15,53585.15,52783.45,53710.35,0,0.0,0.0,0.0,0.0,-0.01,-1,-1,-0.01,-1,-1,-0.01,-1,-1,-0.01,-1,-1,-0.01,-1,-1,-0.01,-1,-1,-0.01,-1,-1,-0.01,-1,-1,-0.01,-1,-1,-0.01,-1,-1
99926009,2026-05-18 13:10:40+05:30,53392.8,0,0.0,0,0.0,0.0,53282.15,53585.15,52783.45,53710.35,0,0.0,0.0,0.0,0.0,-0.01,-1,-1,-0.01,-1,-1,-0.01,-1,-1,-0.01,-1,-1,-0.01,-1,-1,-0.01,-1,-1,-0.01,-1,-1,-0.01,-1,-1,-0.01,-1,-1,-0.01,-1,-1
99926009,2026-05-18 13:10:40+05:30,53393.3,0,0.0,0,0.0,0.0,53282.15,53585.15,52783.45,53710.35,0,0.0,0.0,0.0,0.0,-0.01,-1,-1,-0.01,-1,-1,-0.01,-1,-1,-0.01,-1,-1,-0.01,-1,-1,-0.01,-1,-1,-0.01,-1,-1,-0.01,-1,-1,-0.01,-1,-1,-0.01,-1,-1
99926009,2026-05-18 13:10:41+05:30,53394.05,0,0.0,0,0.0,0.0,53282.15,53585.15,52783.45,53710.35,0,0.0,0.0,0.0,0.0,-0.01,-1,-1,-0.01,-1,-1,-0.01,-1,-1,-0.01,-1,-1,-0.01,-1,-1,-0.01,-1,-1,-0.01,-1,-1,-0.01,-1,-1,-0.01,-1,-1,-0.01,-1,-1
99926009,2026-05-18 13:10:41+05:30,53394.45,0,0.0,0,0.0,0.0,53282.15,53585.15,52783.45,53710.35,0,0.0,0.0,0.0,0.0,-0.01,-1,-1,-0.01,-1,-1,-0.01,-1,-1,-0.01,-1,-1,-0.01,-1,-1,-0.01,-1,-1,-0.01,-1,-1,-0.01,-1,-1,-0.01,-1,-1,-0.01,-1,-1
99926009,2026-05-18 13:10:42+05:30,53394.5,0,0.0,0,0.0,0.0,53282.15,53585.15,52783.45,53710.35,0,0.0,0.0,0.0,0.0,-0.01,-1,-1,-0.01,-1,-1,-0.01,-1,-1,-0.01,-1,-1,-0.01,-1,-1,-0.01,-1,-1,-0.01,-1,-1,-0.01,-1,-1,-0.01,-1,-1,-0.01,-1,-1
99926009,2026-05-18 13:10:42+05:30,53391.95,0,0.0,0,0.0,0.0,53282.15,53585.15,52783.45,53710.35,0,0.0,0.0,0.0,0.0,-0.01,-1,-1,-0.01,-1,-1,-0.01,-1,-1,-0.01,-1,-1,-0.01,-1,-1,-0.01,-1,-1,-0.01,-1,-1,-0.01,-1,-1,-0.01,-1,-1,-0.01,-1,-1
99926009,2026-05-18 13:10:43+05:30,53393.45,0,0.0,0,0.0,0.0,53282.15,53585.15,52783.45,53710.35,0,0.0,0.0,0.0,0.0,-0.01,-1,-1,-0.01,-1,-1,-0.01,-1,-1,-0.01,-1,-1,-0.01,-1,-1,-0.01,-1,-1,-0.01,-1,-1,-0.01,-1,-1,-0.01,-1,-1,-0.01,-1,-1
99926009,2026-05-18 13:10:43+05:30,53393.95,0,0.0,0,0.0,0.0,53282.15,53585.15,52783.45,53710.35,0,0.0,0.0,0.0,0.0,-0.01,-1,-1,-0.01,-1,-1,-0.01,-1,-1,-0.01,-1,-1,-0.01,-1,-1,-0.01,-1,-1,-0.01,-1,-1,-0.01,-1,-1,-0.01,-1,-1,-0.01,-1,-1
99926009,2026-05-18 13:10:44+05:30,53394.6,0,0.0,0,0.0,0.0,53282.15,53585.15,52783.45,53710.35,0,0.0,0.0,0.0,0.0,-0.01,-1,-1,-0.01,-1,-1,-0.01,-1,-1,-0.01,-1,-1,-0.01,-1,-1,-0.01,-1,-1,-0.01,-1,-1,-0.01,-1,-1,-0.01,-1,-1,-0.01,-1,-1
99926009,2026-05-18 13:10:44+05:30,53391.6,0,0.0,0,0.0,0.0,53282.15,53585.15,52783.45,53710.35,0,0.0,0.0,0.0,0.0,-0.01,-1,-1,-0.01,-1,-1,-0.01,-1,-1,-0.01,-1,-1,-0.01,-1,-1,-0.01,-1,-1,-0.01,-1,-1,-0.01,-1,-1,-0.01,-1,-1,-0.01,-1,-1
99926009,2026-05-18 13:10:45+05:30,53392.45,0,0.0,0,0.0,0.0,53282.15,53585.15,52783.45,53710.35,0,0.0,0.0,0.0,0.0,-0.01,-1,-1,-0.01,-1,-1,-0.01,-1,-1,-0.01,-1,-1,-0.01,-1,-1,-0.01,-1,-1,-0.01,-1,-1,-0.01,-1,-1,-0.01,-1,-1,-0.01,-1,-1
99926009,2026-05-18 13:10:45+05:30,53390.65,0,0.0,0,0.0,0.0,53282.15,53585.15,52783.45,53710.35,0,0.0,0.0,0.0,0.0,-0.01,-1,-1,-0.01,-1,-1,-0.01,-1,-1,-0.01,-1,-1,-0.01,-1,-1,-0.01,-1,-1,-0.01,-1,-1,-0.01,-1,-1,-0.01,-1,-1,-0.01,-1,-1
99926009,2026-05-18 13:10:46+05:30,53391.5,0,0.0,0,0.0,0.0,53282.15,53585.15,52783.45,53710.35,0,0.0,0.0,0.0,0.0,-0.01,-1,-1,-0.01,-1,-1,-0.01,-1,-1,-0.01,-1,-1,-0.01,-1,-1,-0.01,-1,-1,-0.01,-1,-1,-0.01,-1,-1,-0.01,-1,-1,-0.01,-1,-1
99926009,2026-05-18 13:10:46+05:30,53389.75,0,0.0,0,0.0,0.0,53282.15,53585.15,52783.45,53710.35,0,0.0,0.0,0.0,0.0,-0.01,-1,-1,-0.01,-1,-1,-0.01,-1,-1,-0.01,-1,-1,-0.01,-1,-1,-0.01,-1,-1,-0.01,-1,-1,-0.01,-1,-1,-0.01,-1,-1,-0.01,-1,-1
99926009,2026-05-18 13:10:47+05:30,53387.7,0,0.0,0,0.0,0.0,53282.15,53585.15,52783.45,53710.35,0,0.0,0.0,0.0,0.0,-0.01,-1,-1,-0.01,-1,-1,-0.01,-1,-1,-0.01,-1,-1,-0.01,-1,-1,-0.01,-1,-1,-0.01,-1,-1,-0.01,-1,-1,-0.01,-1,-1,-0.01,-1,-1
99926009,2026-05-18 13:10:47+05:30,53389.65,0,0.0,0,0.0,0.0,53282.15,53585.15,52783.45,53710.35,0,0.0,0.0,0.0,0.0,-0.01,-1,-1,-0.01,-1,-1,-0.01,-1,-1,-0.01,-1,-1,-0.01,-1,-1,-0.01,-1,-1,-0.01,-1,-1,-0.01,-1,-1,-0.01,-1,-1,-0.01,-1,-1
99926009,2026-05-18 13:10:48+05:30,53388.35,0,0.0,0,0.0,0.0,53282.15,53585.15,52783.45,53710.35,0,0.0,0.0,0.0,0.0,-0.01,-1,-1,-0.01,-1,-1,-0.01,-1,-1,-0.01,-1,-1,-0.01,-1,-1,-0.01,-1,-1,-0.01,-1,-1,-0.01,-1,-1,-0.01,-1,-1,-0.01,-1,-1
99926009,2026-05-18 13:10:49+05:30,53388.95,0,0.0,0,0.0,0.0,53282.15,53585.15,52783.45,53710.35,0,0.0,0.0,0.0,0.0,-0.01,-1,-1,-0.01,-1,-1,-0.01,-1,-1,-0.01,-1,-1,-0.01,-1,-1,-0.01,-1,-1,-0.01,-1,-1,-0.01,-1,-1,-0.01,-1,-1,-0.01,-1,-1
99926009,2026-05-18 13:10:49+05:30,53386.85,0,0.0,0,0.0,0.0,53282.15,53585.15,52783.45,53710.35,0,0.0,0.0,0.0,0.0,-0.01,-1,-1,-0.01,-1,-1,-0.01,-1,-1,-0.01,-1,-1,-0.01,-1,-1,-0.01,-1,-1,-0.01,-1,-1,-0.01,-1,-1,-0.01,-1,-1,-0.01,-1,-1
99926009,2026-05-18 13:10:50+05:30,53387.45,0,0.0,0,0.0,0.0,53282.15,53585.15,52783.45,53710.35,0,0.0,0.0,0.0,0.0,-0.01,-1,-1,-0.01,-1,-1,-0.01,-1,-1,-0.01,-1,-1,-0.01,-1,-1,-0.01,-1,-1,-0.01,-1,-1,-0.01,-1,-1,-0.01,-1,-1,-0.01,-1,-1
99926009,2026-05-18 13:10:50+05:30,53386.85,0,0.0,0,0.0,0.0,53282.15,53585.15,52783.45,53710.35,0,0.0,0.0,0.0,0.0,-0.01,-1,-1,-0.01,-1,-1,-0.01,-1,-1,-0.01,-1,-1,-0.01,-1,-1,-0.01,-1,-1,-0.01,-1,-1,-0.01,-1,-1,-0.01,-1,-1,-0.01,-1,-1
99926009,2026-05-18 13:10:51+05:30,53386.6,0,0.0,0,0.0,0.0,53282.15,53585.15,52783.45,53710.35,0,0.0,0.0,0.0,0.0,-0.01,-1,-1,-0.01,-1,-1,-0.01,-1,-1,-0.01,-1,-1,-0.01,-1,-1,-0.01,-1,-1,-0.01,-1,-1,-0.01,-1,-1,-0.01,-1,-1,-0.01,-1,-1
99926009,2026-05-18 13:10:51+05:30,53386.7,0,0.0,0,0.0,0.0,53282.15,53585.15,52783.45,53710.35,0,0.0,0.0,0.0,0.0,-0.01,-1,-1,-0.01,-1,-1,-0.01,-1,-1,-0.01,-1,-1,-0.01,-1,-1,-0.01,-1,-1,-0.01,-1,-1,-0.01,-1,-1,-0.01,-1,-1,-0.01,-1,-1
99926009,2026-05-18 13:10:52+05:30,53388.2,0,0.0,0,0.0,0.0,53282.15,53585.15,52783.45,53710.35,0,0.0,0.0,0.0,0.0,-0.01,-1,-1,-0.01,-1,-1,-0.01,-1,-1,-0.01,-1,-1,-0.01,-1,-1,-0.01,-1,-1,-0.01,-1,-1,-0.01,-1,-1,-0.01,-1,-1,-0.01,-1,-1
99926009,2026-05-18 13:10:52+05:30,53389.4,0,0.0,0,0.0,0.0,53282.15,53585.15,52783.45,53710.35,0,0.0,0.0,0.0,0.0,-0.01,-1,-1,-0.01,-1,-1,-0.01,-1,-1,-0.01,-1,-1,-0.01,-1,-1,-0.01,-1,-1,-0.01,-1,-1,-0.01,-1,-1,-0.01,-1,-1,-0.01,-1,-1
99926009,2026-05-18 13:10:53+05:30,53389.2,0,0.0,0,0.0,0.0,53282.15,53585.15,52783.45,53710.35,0,0.0,0.0,0.0,0.0,-0.01,-1,-1,-0.01,-1,-1,-0.01,-1,-1,-0.01,-1,-1,-0.01,-1,-1,-0.01,-1,-1,-0.01,-1,-1,-0.01,-1,-1,-0.01,-1,-1,-0.01,-1,-1
99926009,2026-05-18 13:10:53+05:30,53388.15,0,0.0,0,0.0,0.0,53282.15,53585.15,52783.45,53710.35,0,0.0,0.0,0.0,0.0,-0.01,-1,-1,-0.01,-1,-1,-0.01,-1,-1,-0.01,-1,-1,-0.01,-1,-1,-0.01,-1,-1,-0.01,-1,-1,-0.01,-1,-1,-0.01,-1,-1,-0.01,-1,-1
99926009,2026-05-18 13:10:54+05:30,53387.5,0,0.0,0,0.0,0.0,53282.15,53585.15,52783.45,53710.35,0,0.0,0.0,0.0,0.0,-0.01,-1,-1,-0.01,-1,-1,-0.01,-1,-1,-0.01,-1,-1,-0.01,-1,-1,-0.01,-1,-1,-0.01,-1,-1,-0.01,-1,-1,-0.01,-1,-1,-0.01,-1,-1
99926009,2026-05-18 13:10:54+05:30,53385.4,0,0.0,0,0.0,0.0,53282.15,53585.15,52783.45,53710.35,0,0.0,0.0,0.0,0.0,-0.01,-1,-1,-0.01,-1,-1,-0.01,-1,-1,-0.01,-1,-1,-0.01,-1,-1,-0.01,-1,-1,-0.01,-1,-1,-0.01,-1,-1,-0.01,-1,-1,-0.01,-1,-1
99926009,2026-05-18 13:10:55+05:30,53384.0,0,0.0,0,0.0,0.0,53282.15,53585.15,52783.45,53710.35,0,0.0,0.0,0.0,0.0,-0.01,-1,-1,-0.01,-1,-1,-0.01,-1,-1,-0.01,-1,-1,-0.01,-1,-1,-0.01,-1,-1,-0.01,-1,-1,-0.01,-1,-1,-0.01,-1,-1,-0.01,-1,-1
99926009,2026-05-18 13:10:55+05:30,53381.85,0,0.0,0,0.0,0.0,53282.15,53585.15,52783.45,53710.35,0,0.0,0.0,0.0,0.0,-0.01,-1,-1,-0.01,-1,-1,-0.01,-1,-1,-0.01,-1,-1,-0.01,-1,-1,-0.01,-1,-1,-0.01,-1,-1,-0.01,-1,-1,-0.01,-1,-1,-0.01,-1,-1
99926009,2026-05-18 13:10:56+05:30,53381.7,0,0.0,0,0.0,0.0,53282.15,53585.15,52783.45,53710.35,0,0.0,0.0,0.0,0.0,-0.01,-1,-1,-0.01,-1,-1,-0.01,-1,-1,-0.01,-1,-1,-0.01,-1,-1,-0.01,-1,-1,-0.01,-1,-1,-0.01,-1,-1,-0.01,-1,-1,-0.01,-1,-1
99926009,2026-05-18 13:10:56+05:30,53379.95,0,0.0,0,0.0,0.0,53282.15,53585.15,52783.45,53710.35,0,0.0,0.0,0.0,0.0,-0.01,-1,-1,-0.01,-1,-1,-0.01,-1,-1,-0.01,-1,-1,-0.01,-1,-1,-0.01,-1,-1,-0.01,-1,-1,-0.01,-1,-1,-0.01,-1,-1,-0.01,-1,-1
99926009,2026-05-18 13:10:57+05:30,53378.2,0,0.0,0,0.0,0.0,53282.15,53585.15,52783.45,53710.35,0,0.0,0.0,0.0,0.0,-0.01,-1,-1,-0.01,-1,-1,-0.01,-1,-1,-0.01,-1,-1,-0.01,-1,-1,-0.01,-1,-1,-0.01,-1,-1,-0.01,-1,-1,-0.01,-1,-1,-0.01,-1,-1
99926009,2026-05-18 13:10:57+05:30,53378.5,0,0.0,0,0.0,0.0,53282.15,53585.15,52783.45,53710.35,0,0.0,0.0,0.0,0.0,-0.01,-1,-1,-0.01,-1,-1,-0.01,-1,-1,-0.01,-1,-1,-0.01,-1,-1,-0.01,-1,-1,-0.01,-1,-1,-0.01,-1,-1,-0.01,-1,-1,-0.01,-1,-1
99926009,2026-05-18 13:10:58+05:30,53376.75,0,0.0,0,0.0,0.0,53282.15,53585.15,52783.45,53710.35,0,0.0,0.0,0.0,0.0,-0.01,-1,-1,-0.01,-1,-1,-0.01,-1,-1,-0.01,-1,-1,-0.01,-1,-1,-0.01,-1,-1,-0.01,-1,-1,-0.01,-1,-1,-0.01,-1,-1,-0.01,-1,-1
99926009,2026-05-18 13:10:58+05:30,53378.8,0,0.0,0,0.0,0.0,53282.15,53585.15,52783.45,53710.35,0,0.0,0.0,0.0,0.0,-0.01,-1,-1,-0.01,-1,-1,-0.01,-1,-1,-0.01,-1,-1,-0.01,-1,-1,-0.01,-1,-1,-0.01,-1,-1,-0.01,-1,-1,-0.01,-1,-1,-0.01,-1,-1
99926009,2026-05-18 13:10:59+05:30,53377.75,0,0.0,0,0.0,0.0,53282.15,53585.15,52783.45,53710.35,0,0.0,0.0,0.0,0.0,-0.01,-1,-1,-0.01,-1,-1,-0.01,-1,-1,-0.01,-1,-1,-0.01,-1,-1,-0.01,-1,-1,-0.01,-1,-1,-0.01,-1,-1,-0.01,-1,-1,-0.01,-1,-1
99926009,2026-05-18 13:10:59+05:30,53381.3,0,0.0,0,0.0,0.0,53282.15,53585.15,52783.45,53710.35,0,0.0,0.0,0.0,0.0,-0.01,-1,-1,-0.01,-1,-1,-0.01,-1,-1,-0.01,-1,-1,-0.01,-1,-1,-0.01,-1,-1,-0.01,-1,-1,-0.01,-1,-1,-0.01,-1,-1,-0.01,-1,-1
99926009,2026-05-18 13:11:00+05:30,53379.95,0,0.0,0,0.0,0.0,53282.15,53585.15,52783.45,53710.35,0,0.0,0.0,0.0,0.0,-0.01,-1,-1,-0.01,-1,-1,-0.01,-1,-1,-0.01,-1,-1,-0.01,-1,-1,-0.01,-1,-1,-0.01,-1,-1,-0.01,-1,-1,-0.01,-1,-1,-0.01,-1,-1
99926009,2026-05-18 13:11:00+05:30,53380.8,0,0.0,0,0.0,0.0,53282.15,53585.15,52783.45,53710.35,0,0.0,0.0,0.0,0.0,-0.01,-1,-1,-0.01,-1,-1,-0.01,-1,-1,-0.01,-1,-1,-0.01,-1,-1,-0.01,-1,-1,-0.01,-1,-1,-0.01,-1,-1,-0.01,-1,-1,-0.01,-1,-1
99926009,2026-05-18 13:11:01+05:30,53376.85,0,0.0,0,0.0,0.0,53282.15,53585.15,52783.45,53710.35,0,0.0,0.0,0.0,0.0,-0.01,-1,-1,-0.01,-1,-1,-0.01,-1,-1,-0.01,-1,-1,-0.01,-1,-1,-0.01,-1,-1,-0.01,-1,-1,-0.01,-1,-1,-0.01,-1,-1,-0.01,-1,-1
99926009,2026-05-18 13:11:01+05:30,53381.55,0,0.0,0,0.0,0.0,53282.15,53585.15,52783.45,53710.35,0,0.0,0.0,0.0,0.0,-0.01,-1,-1,-0.01,-1,-1,-0.01,-1,-1,-0.01,-1,-1,-0.01,-1,-1,-0.01,-1,-1,-0.01,-1,-1,-0.01,-1,-1,-0.01,-1,-1,-0.01,-1,-1
99926009,2026-05-18 13:11:02+05:30,53379.35,0,0.0,0,0.0,0.0,53282.15,53585.15,52783.45,53710.35,0,0.0,0.0,0.0,0.0,-0.01,-1,-1,-0.01,-1,-1,-0.01,-1,-1,-0.01,-1,-1,-0.01,-1,-1,-0.01,-1,-1,-0.01,-1,-1,-0.01,-1,-1,-0.01,-1,-1,-0.01,-1,-1
99926009,2026-05-18 13:11:02+05:30,53374.6,0,0.0,0,0.0,0.0,53282.15,53585.15,52783.45,53710.35,0,0.0,0.0,0.0,0.0,-0.01,-1,-1,-0.01,-1,-1,-0.01,-1,-1,-0.01,-1,-1,-0.01,-1,-1,-0.01,-1,-1,-0.01,-1,-1,-0.01,-1,-1,-0.01,-1,-1,-0.01,-1,-1
99926009,2026-05-18 13:11:03+05:30,53374.4,0,0.0,0,0.0,0.0,53282.15,53585.15,52783.45,53710.35,0,0.0,0.0,0.0,0.0,-0.01,-1,-1,-0.01,-1,-1,-0.01,-1,-1,-0.01,-1,-1,-0.01,-1,-1,-0.01,-1,-1,-0.01,-1,-1,-0.01,-1,-1,-0.01,-1,-1,-0.01,-1,-1
99926009,2026-05-18 13:11:03+05:30,53376.8,0,0.0,0,0.0,0.0,53282.15,53585.15,52783.45,53710.35,0,0.0,0.0,0.0,0.0,-0.01,-1,-1,-0.01,-1,-1,-0.01,-1,-1,-0.01,-1,-1,-0.01,-1,-1,-0.01,-1,-1,-0.01,-1,-1,-0.01,-1,-1,-0.01,-1,-1,-0.01,-1,-1
99926009,2026-05-18 13:11:04+05:30,53376.65,0,0.0,0,0.0,0.0,53282.15,53585.15,52783.45,53710.35,0,0.0,0.0,0.0,0.0,-0.01,-1,-1,-0.01,-1,-1,-0.01,-1,-1,-0.01,-1,-1,-0.01,-1,-1,-0.01,-1,-1,-0.01,-1,-1,-0.01,-1,-1,-0.01,-1,-1,-0.01,-1,-1
99926009,2026-05-18 13:11:04+05:30,53376.45,0,0.0,0,0.0,0.0,53282.15,53585.15,52783.45,53710.35,0,0.0,0.0,0.0,0.0,-0.01,-1,-1,-0.01,-1,-1,-0.01,-1,-1,-0.01,-1,-1,-0.01,-1,-1,-0.01,-1,-1,-0.01,-1,-1,-0.01,-1,-1,-0.01,-1,-1,-0.01,-1,-1
99926009,2026-05-18 13:11:05+05:30,53374.8,0,0.0,0,0.0,0.0,53282.15,53585.15,52783.45,53710.35,0,0.0,0.0,0.0,0.0,-0.01,-1,-1,-0.01,-1,-1,-0.01,-1,-1,-0.01,-1,-1,-0.01,-1,-1,-0.01,-1,-1,-0.01,-1,-1,-0.01,-1,-1,-0.01,-1,-1,-0.01,-1,-1
99926009,2026-05-18 13:11:05+05:30,53375.65,0,0.0,0,0.0,0.0,53282.15,53585.15,52783.45,53710.35,0,0.0,0.0,0.0,0.0,-0.01,-1,-1,-0.01,-1,-1,-0.01,-1,-1,-0.01,-1,-1,-0.01,-1,-1,-0.01,-1,-1,-0.01,-1,-1,-0.01,-1,-1,-0.01,-1,-1,-0.01,-1,-1
99926009,2026-05-18 13:11:06+05:30,53374.7,0,0.0,0,0.0,0.0,53282.15,53585.15,52783.45,53710.35,0,0.0,0.0,0.0,0.0,-0.01,-1,-1,-0.01,-1,-1,-0.01,-1,-1,-0.01,-1,-1,-0.01,-1,-1,-0.01,-1,-1,-0.01,-1,-1,-0.01,-1,-1,-0.01,-1,-1,-0.01,-1,-1
99926009,2026-05-18 13:11:06+05:30,53377.9,0,0.0,0,0.0,0.0,53282.15,53585.15,52783.45,53710.35,0,0.0,0.0,0.0,0.0,-0.01,-1,-1,-0.01,-1,-1,-0.01,-1,-1,-0.01,-1,-1,-0.01,-1,-1,-0.01,-1,-1,-0.01,-1,-1,-0.01,-1,-1,-0.01,-1,-1,-0.01,-1,-1
99926009,2026-05-18 13:11:07+05:30,53376.05,0,0.0,0,0.0,0.0,53282.15,53585.15,52783.45,53710.35,0,0.0,0.0,0.0,0.0,-0.01,-1,-1,-0.01,-1,-1,-0.01,-1,-1,-0.01,-1,-1,-0.01,-1,-1,-0.01,-1,-1,-0.01,-1,-1,-0.01,-1,-1,-0.01,-1,-1,-0.01,-1,-1
99926009,2026-05-18 13:11:07+05:30,53373.35,0,0.0,0,0.0,0.0,53282.15,53585.15,52783.45,53710.35,0,0.0,0.0,0.0,0.0,-0.01,-1,-1,-0.01,-1,-1,-0.01,-1,-1,-0.01,-1,-1,-0.01,-1,-1,-0.01,-1,-1,-0.01,-1,-1,-0.01,-1,-1,-0.01,-1,-1,-0.01,-1,-1
99926009,2026-05-18 13:11:08+05:30,53368.2,0,0.0,0,0.0,0.0,53282.15,53585.15,52783.45,53710.35,0,0.0,0.0,0.0,0.0,-0.01,-1,-1,-0.01,-1,-1,-0.01,-1,-1,-0.01,-1,-1,-0.01,-1,-1,-0.01,-1,-1,-0.01,-1,-1,-0.01,-1,-1,-0.01,-1,-1,-0.01,-1,-1
99926009,2026-05-18 13:11:08+05:30,53367.7,0,0.0,0,0.0,0.0,53282.15,53585.15,52783.45,53710.35,0,0.0,0.0,0.0,0.0,-0.01,-1,-1,-0.01,-1,-1,-0.01,-1,-1,-0.01,-1,-1,-0.01,-1,-1,-0.01,-1,-1,-0.01,-1,-1,-0.01,-1,-1,-0.01,-1,-1,-0.01,-1,-1
99926009,2026-05-18 13:11:09+05:30,53370.4,0,0.0,0,0.0,0.0,53282.15,53585.15,52783.45,53710.35,0,0.0,0.0,0.0,0.0,-0.01,-1,-1,-0.01,-1,-1,-0.01,-1,-1,-0.01,-1,-1,-0.01,-1,-1,-0.01,-1,-1,-0.01,-1,-1,-0.01,-1,-1,-0.01,-1,-1,-0.01,-1,-1
99926009,2026-05-18 13:11:09+05:30,53372.5,0,0.0,0,0.0,0.0,53282.15,53585.15,52783.45,53710.35,0,0.0,0.0,0.0,0.0,-0.01,-1,-1,-0.01,-1,-1,-0.01,-1,-1,-0.01,-1,-1,-0.01,-1,-1,-0.01,-1,-1,-0.01,-1,-1,-0.01,-1,-1,-0.01,-1,-1,-0.01,-1,-1
99926009,2026-05-18 13:11:10+05:30,53371.2,0,0.0,0,0.0,0.0,53282.15,53585.15,52783.45,53710.35,0,0.0,0.0,0.0,0.0,-0.01,-1,-1,-0.01,-1,-1,-0.01,-1,-1,-0.01,-1,-1,-0.01,-1,-1,-0.01,-1,-1,-0.01,-1,-1,-0.01,-1,-1,-0.01,-1,-1,-0.01,-1,-1
99926009,2026-05-18 13:11:10+05:30,53373.75,0,0.0,0,0.0,0.0,53282.15,53585.15,52783.45,53710.35,0,0.0,0.0,0.0,0.0,-0.01,-1,-1,-0.01,-1,-1,-0.01,-1,-1,-0.01,-1,-1,-0.01,-1,-1,-0.01,-1,-1,-0.01,-1,-1,-0.01,-1,-1,-0.01,-1,-1,-0.01,-1,-1
99926009,2026-05-18 13:11:11+05:30,53372.2,0,0.0,0,0.0,0.0,53282.15,53585.15,52783.45,53710.35,0,0.0,0.0,0.0,0.0,-0.01,-1,-1,-0.01,-1,-1,-0.01,-1,-1,-0.01,-1,-1,-0.01,-1,-1,-0.01,-1,-1,-0.01,-1,-1,-0.01,-1,-1,-0.01,-1,-1,-0.01,-1,-1
99926009,2026-05-18 13:11:11+05:30,53371.9,0,0.0,0,0.0,0.0,53282.15,53585.15,52783.45,53710.35,0,0.0,0.0,0.0,0.0,-0.01,-1,-1,-0.01,-1,-1,-0.01,-1,-1,-0.01,-1,-1,-0.01,-1,-1,-0.01,-1,-1,-0.01,-1,-1,-0.01,-1,-1,-0.01,-1,-1,-0.01,-1,-1
99926009,2026-05-18 13:11:12+05:30,53373.3,0,0.0,0,0.0,0.0,53282.15,53585.15,52783.45,53710.35,0,0.0,0.0,0.0,0.0,-0.01,-1,-1,-0.01,-1,-1,-0.01,-1,-1,-0.01,-1,-1,-0.01,-1,-1,-0.01,-1,-1,-0.01,-1,-1,-0.01,-1,-1,-0.01,-1,-1,-0.01,-1,-1
99926009,2026-05-18 13:11:12+05:30,53373.5,0,0.0,0,0.0,0.0,53282.15,53585.15,52783.45,53710.35,0,0.0,0.0,0.0,0.0,-0.01,-1,-1,-0.01,-1,-1,-0.01,-1,-1,-0.01,-1,-1,-0.01,-1,-1,-0.01,-1,-1,-0.01,-1,-1,-0.01,-1,-1,-0.01,-1,-1,-0.01,-1,-1
99926009,2026-05-18 13:11:13+05:30,53374.75,0,0.0,0,0.0,0.0,53282.15,53585.15,52783.45,53710.35,0,0.0,0.0,0.0,0.0,-0.01,-1,-1,-0.01,-1,-1,-0.01,-1,-1,-0.01,-1,-1,-0.01,-1,-1,-0.01,-1,-1,-0.01,-1,-1,-0.01,-1,-1,-0.01,-1,-1,-0.01,-1,-1
99926009,2026-05-18 13:11:13+05:30,53373.9,0,0.0,0,0.0,0.0,53282.15,53585.15,52783.45,53710.35,0,0.0,0.0,0.0,0.0,-0.01,-1,-1,-0.01,-1,-1,-0.01,-1,-1,-0.01,-1,-1,-0.01,-1,-1,-0.01,-1,-1,-0.01,-1,-1,-0.01,-1,-1,-0.01,-1,-1,-0.01,-1,-1
99926009,2026-05-18 13:11:14+05:30,53373.4,0,0.0,0,0.0,0.0,53282.15,53585.15,52783.45,53710.35,0,0.0,0.0,0.0,0.0,-0.01,-1,-1,-0.01,-1,-1,-0.01,-1,-1,-0.01,-1,-1,-0.01,-1,-1,-0.01,-1,-1,-0.01,-1,-1,-0.01,-1,-1,-0.01,-1,-1,-0.01,-1,-1
99926009,2026-05-18 13:11:14+05:30,53371.85,0,0.0,0,0.0,0.0,53282.15,53585.15,52783.45,53710.35,0,0.0,0.0,0.0,0.0,-0.01,-1,-1,-0.01,-1,-1,-0.01,-1,-1,-0.01,-1,-1,-0.01,-1,-1,-0.01,-1,-1,-0.01,-1,-1,-0.01,-1,-1,-0.01,-1,-1,-0.01,-1,-1
99926009,2026-05-18 13:11:15+05:30,53370.65,0,0.0,0,0.0,0.0,53282.15,53585.15,52783.45,53710.35,0,0.0,0.0,0.0,0.0,-0.01,-1,-1,-0.01,-1,-1,-0.01,-1,-1,-0.01,-1,-1,-0.01,-1,-1,-0.01,-1,-1,-0.01,-1,-1,-0.01,-1,-1,-0.01,-1,-1,-0.01,-1,-1
99926009,2026-05-18 13:11:15+05:30,53371.2,0,0.0,0,0.0,0.0,53282.15,53585.15,52783.45,53710.35,0,0.0,0.0,0.0,0.0,-0.01,-1,-1,-0.01,-1,-1,-0.01,-1,-1,-0.01,-1,-1,-0.01,-1,-1,-0.01,-1,-1,-0.01,-1,-1,-0.01,-1,-1,-0.01,-1,-1,-0.01,-1,-1
99926009,2026-05-18 13:11:16+05:30,53371.65,0,0.0,0,0.0,0.0,53282.15,53585.15,52783.45,53710.35,0,0.0,0.0,0.0,0.0,-0.01,-1,-1,-0.01,-1,-1,-0.01,-1,-1,-0.01,-1,-1,-0.01,-1,-1,-0.01,-1,-1,-0.01,-1,-1,-0.01,-1,-1,-0.01,-1,-1,-0.01,-1,-1
99926009,2026-05-18 13:11:16+05:30,53372.4,0,0.0,0,0.0,0.0,53282.15,53585.15,52783.45,53710.35,0,0.0,0.0,0.0,0.0,-0.01,-1,-1,-0.01,-1,-1,-0.01,-1,-1,-0.01,-1,-1,-0.01,-1,-1,-0.01,-1,-1,-0.01,-1,-1,-0.01,-1,-1,-0.01,-1,-1,-0.01,-1,-1
99926009,2026-05-18 13:11:17+05:30,53369.8,0,0.0,0,0.0,0.0,53282.15,53585.15,52783.45,53710.35,0,0.0,0.0,0.0,0.0,-0.01,-1,-1,-0.01,-1,-1,-0.01,-1,-1,-0.01,-1,-1,-0.01,-1,-1,-0.01,-1,-1,-0.01,-1,-1,-0.01,-1,-1,-0.01,-1,-1,-0.01,-1,-1
99926009,2026-05-18 13:11:17+05:30,53369.15,0,0.0,0,0.0,0.0,53282.15,53585.15,52783.45,53710.35,0,0.0,0.0,0.0,0.0,-0.01,-1,-1,-0.01,-1,-1,-0.01,-1,-1,-0.01,-1,-1,-0.01,-1,-1,-0.01,-1,-1,-0.01,-1,-1,-0.01,-1,-1,-0.01,-1,-1,-0.01,-1,-1
99926009,2026-05-18 13:11:18+05:30,53369.05,0,0.0,0,0.0,0.0,53282.15,53585.15,52783.45,53710.35,0,0.0,0.0,0.0,0.0,-0.01,-1,-1,-0.01,-1,-1,-0.01,-1,-1,-0.01,-1,-1,-0.01,-1,-1,-0.01,-1,-1,-0.01,-1,-1,-0.01,-1,-1,-0.01,-1,-1,-0.01,-1,-1
99926009,2026-05-18 13:11:18+05:30,53362.8,0,0.0,0,0.0,0.0,53282.15,53585.15,52783.45,53710.35,0,0.0,0.0,0.0,0.0,-0.01,-1,-1,-0.01,-1,-1,-0.01,-1,-1,-0.01,-1,-1,-0.01,-1,-1,-0.01,-1,-1,-0.01,-1,-1,-0.01,-1,-1,-0.01,-1,-1,-0.01,-1,-1
99926009,2026-05-18 13:11:19+05:30,53362.6,0,0.0,0,0.0,0.0,53282.15,53585.15,52783.45,53710.35,0,0.0,0.0,0.0,0.0,-0.01,-1,-1,-0.01,-1,-1,-0.01,-1,-1,-0.01,-1,-1,-0.01,-1,-1,-0.01,-1,-1,-0.01,-1,-1,-0.01,-1,-1,-0.01,-1,-1,-0.01,-1,-1
99926009,2026-05-18 13:11:19+05:30,53362.95,0,0.0,0,0.0,0.0,53282.15,53585.15,52783.45,53710.35,0,0.0,0.0,0.0,0.0,-0.01,-1,-1,-0.01,-1,-1,-0.01,-1,-1,-0.01,-1,-1,-0.01,-1,-1,-0.01,-1,-1,-0.01,-1,-1,-0.01,-1,-1,-0.01,-1,-1,-0.01,-1,-1
99926009,2026-05-18 13:11:20+05:30,53360.55,0,0.0,0,0.0,0.0,53282.15,53585.15,52783.45,53710.35,0,0.0,0.0,0.0,0.0,-0.01,-1,-1,-0.01,-1,-1,-0.01,-1,-1,-0.01,-1,-1,-0.01,-1,-1,-0.01,-1,-1,-0.01,-1,-1,-0.01,-1,-1,-0.01,-1,-1,-0.01,-1,-1
99926009,2026-05-18 13:11:20+05:30,53357.75,0,0.0,0,0.0,0.0,53282.15,53585.15,52783.45,53710.35,0,0.0,0.0,0.0,0.0,-0.01,-1,-1,-0.01,-1,-1,-0.01,-1,-1,-0.01,-1,-1,-0.01,-1,-1,-0.01,-1,-1,-0.01,-1,-1,-0.01,-1,-1,-0.01,-1,-1,-0.01,-1,-1
99926009,2026-05-18 13:11:21+05:30,53361.65,0,0.0,0,0.0,0.0,53282.15,53585.15,52783.45,53710.35,0,0.0,0.0,0.0,0.0,-0.01,-1,-1,-0.01,-1,-1,-0.01,-1,-1,-0.01,-1,-1,-0.01,-1,-1,-0.01,-1,-1,-0.01,-1,-1,-0.01,-1,-1,-0.01,-1,-1,-0.01,-1,-1
99926009,2026-05-18 13:11:21+05:30,53359.95,0,0.0,0,0.0,0.0,53282.15,53585.15,52783.45,53710.35,0,0.0,0.0,0.0,0.0,-0.01,-1,-1,-0.01,-1,-1,-0.01,-1,-1,-0.01,-1,-1,-0.01,-1,-1,-0.01,-1,-1,-0.01,-1,-1,-0.01,-1,-1,-0.01,-1,-1,-0.01,-1,-1
99926009,2026-05-18 13:11:22+05:30,53359.5,0,0.0,0,0.0,0.0,53282.15,53585.15,52783.45,53710.35,0,0.0,0.0,0.0,0.0,-0.01,-1,-1,-0.01,-1,-1,-0.01,-1,-1,-0.01,-1,-1,-0.01,-1,-1,-0.01,-1,-1,-0.01,-1,-1,-0.01,-1,-1,-0.01,-1,-1,-0.01,-1,-1
99926009,2026-05-18 13:11:22+05:30,53356.7,0,0.0,0,0.0,0.0,53282.15,53585.15,52783.45,53710.35,0,0.0,0.0,0.0,0.0,-0.01,-1,-1,-0.01,-1,-1,-0.01,-1,-1,-0.01,-1,-1,-0.01,-1,-1,-0.01,-1,-1,-0.01,-1,-1,-0.01,-1,-1,-0.01,-1,-1,-0.01,-1,-1
99926009,2026-05-18 13:11:23+05:30,53354.2,0,0.0,0,0.0,0.0,53282.15,53585.15,52783.45,53710.35,0,0.0,0.0,0.0,0.0,-0.01,-1,-1,-0.01,-1,-1,-0.01,-1,-1,-0.01,-1,-1,-0.01,-1,-1,-0.01,-1,-1,-0.01,-1,-1,-0.01,-1,-1,-0.01,-1,-1,-0.01,-1,-1
99926009,2026-05-18 13:11:23+05:30,53355.4,0,0.0,0,0.0,0.0,53282.15,53585.15,52783.45,53710.35,0,0.0,0.0,0.0,0.0,-0.01,-1,-1,-0.01,-1,-1,-0.01,-1,-1,-0.01,-1,-1,-0.01,-1,-1,-0.01,-1,-1,-0.01,-1,-1,-0.01,-1,-1,-0.01,-1,-1,-0.01,-1,-1
99926009,2026-05-18 13:11:24+05:30,53356.75,0,0.0,0,0.0,0.0,53282.15,53585.15,52783.45,53710.35,0,0.0,0.0,0.0,0.0,-0.01,-1,-1,-0.01,-1,-1,-0.01,-1,-1,-0.01,-1,-1,-0.01,-1,-1,-0.01,-1,-1,-0.01,-1,-1,-0.01,-1,-1,-0.01,-1,-1,-0.01,-1,-1
99926009,2026-05-18 13:11:24+05:30,53357.35,0,0.0,0,0.0,0.0,53282.15,53585.15,52783.45,53710.35,0,0.0,0.0,0.0,0.0,-0.01,-1,-1,-0.01,-1,-1,-0.01,-1,-1,-0.01,-1,-1,-0.01,-1,-1,-0.01,-1,-1,-0.01,-1,-1,-0.01,-1,-1,-0.01,-1,-1,-0.01,-1,-1
99926009,2026-05-18 13:11:25+05:30,53364.95,0,0.0,0,0.0,0.0,53282.15,53585.15,52783.45,53710.35,0,0.0,0.0,0.0,0.0,-0.01,-1,-1,-0.01,-1,-1,-0.01,-1,-1,-0.01,-1,-1,-0.01,-1,-1,-0.01,-1,-1,-0.01,-1,-1,-0.01,-1,-1,-0.01,-1,-1,-0.01,-1,-1
99926009,2026-05-18 13:11:25+05:30,53370.9,0,0.0,0,0.0,0.0,53282.15,53585.15,52783.45,53710.35,0,0.0,0.0,0.0,0.0,-0.01,-1,-1,-0.01,-1,-1,-0.01,-1,-1,-0.01,-1,-1,-0.01,-1,-1,-0.01,-1,-1,-0.01,-1,-1,-0.01,-1,-1,-0.01,-1,-1,-0.01,-1,-1
99926009,2026-05-18 13:11:26+05:30,53369.0,0,0.0,0,0.0,0.0,53282.15,53585.15,52783.45,53710.35,0,0.0,0.0,0.0,0.0,-0.01,-1,-1,-0.01,-1,-1,-0.01,-1,-1,-0.01,-1,-1,-0.01,-1,-1,-0.01,-1,-1,-0.01,-1,-1,-0.01,-1,-1,-0.01,-1,-1,-0.01,-1,-1
99926009,2026-05-18 13:11:26+05:30,53371.4,0,0.0,0,0.0,0.0,53282.15,53585.15,52783.45,53710.35,0,0.0,0.0,0.0,0.0,-0.01,-1,-1,-0.01,-1,-1,-0.01,-1,-1,-0.01,-1,-1,-0.01,-1,-1,-0.01,-1,-1,-0.01,-1,-1,-0.01,-1,-1,-0.01,-1,-1,-0.01,-1,-1
99926009,2026-05-18 13:11:27+05:30,53371.4,0,0.0,0,0.0,0.0,53282.15,53585.15,52783.45,53710.35,0,0.0,0.0,0.0,0.0,-0.01,-1,-1,-0.01,-1,-1,-0.01,-1,-1,-0.01,-1,-1,-0.01,-1,-1,-0.01,-1,-1,-0.01,-1,-1,-0.01,-1,-1,-0.01,-1,-1,-0.01,-1,-1
99926009,2026-05-18 13:11:27+05:30,53371.1,0,0.0,0,0.0,0.0,53282.15,53585.15,52783.45,53710.35,0,0.0,0.0,0.0,0.0,-0.01,-1,-1,-0.01,-1,-1,-0.01,-1,-1,-0.01,-1,-1,-0.01,-1,-1,-0.01,-1,-1,-0.01,-1,-1,-0.01,-1,-1,-0.01,-1,-1,-0.01,-1,-1
99926009,2026-05-18 13:11:28+05:30,53371.5,0,0.0,0,0.0,0.0,53282.15,53585.15,52783.45,53710.35,0,0.0,0.0,0.0,0.0,-0.01,-1,-1,-0.01,-1,-1,-0.01,-1,-1,-0.01,-1,-1,-0.01,-1,-1,-0.01,-1,-1,-0.01,-1,-1,-0.01,-1,-1,-0.01,-1,-1,-0.01,-1,-1
99926009,2026-05-18 13:11:28+05:30,53369.9,0,0.0,0,0.0,0.0,53282.15,53585.15,52783.45,53710.35,0,0.0,0.0,0.0,0.0,-0.01,-1,-1,-0.01,-1,-1,-0.01,-1,-1,-0.01,-1,-1,-0.01,-1,-1,-0.01,-1,-1,-0.01,-1,-1,-0.01,-1,-1,-0.01,-1,-1,-0.01,-1,-1
99926009,2026-05-18 13:11:29+05:30,53369.15,0,0.0,0,0.0,0.0,53282.15,53585.15,52783.45,53710.35,0,0.0,0.0,0.0,0.0,-0.01,-1,-1,-0.01,-1,-1,-0.01,-1,-1,-0.01,-1,-1,-0.01,-1,-1,-0.01,-1,-1,-0.01,-1,-1,-0.01,-1,-1,-0.01,-1,-1,-0.01,-1,-1
99926009,2026-05-18 13:11:29+05:30,53369.55,0,0.0,0,0.0,0.0,53282.15,53585.15,52783.45,53710.35,0,0.0,0.0,0.0,0.0,-0.01,-1,-1,-0.01,-1,-1,-0.01,-1,-1,-0.01,-1,-1,-0.01,-1,-1,-0.01,-1,-1,-0.01,-1,-1,-0.01,-1,-1,-0.01,-1,-1,-0.01,-1,-1
99926009,2026-05-18 13:11:30+05:30,53367.75,0,0.0,0,0.0,0.0,53282.15,53585.15,52783.45,53710.35,0,0.0,0.0,0.0,0.0,-0.01,-1,-1,-0.01,-1,-1,-0.01,-1,-1,-0.01,-1,-1,-0.01,-1,-1,-0.01,-1,-1,-0.01,-1,-1,-0.01,-1,-1,-0.01,-1,-1,-0.01,-1,-1
99926009,2026-05-18 13:11:30+05:30,53369.7,0,0.0,0,0.0,0.0,53282.15,53585.15,52783.45,53710.35,0,0.0,0.0,0.0,0.0,-0.01,-1,-1,-0.01,-1,-1,-0.01,-1,-1,-0.01,-1,-1,-0.01,-1,-1,-0.01,-1,-1,-0.01,-1,-1,-0.01,-1,-1,-0.01,-1,-1,-0.01,-1,-1
99926009,2026-05-18 13:11:31+05:30,53368.9,0,0.0,0,0.0,0.0,53282.15,53585.15,52783.45,53710.35,0,0.0,0.0,0.0,0.0,-0.01,-1,-1,-0.01,-1,-1,-0.01,-1,-1,-0.01,-1,-1,-0.01,-1,-1,-0.01,-1,-1,-0.01,-1,-1,-0.01,-1,-1,-0.01,-1,-1,-0.01,-1,-1
99926009,2026-05-18 13:11:31+05:30,53368.55,0,0.0,0,0.0,0.0,53282.15,53585.15,52783.45,53710.35,0,0.0,0.0,0.0,0.0,-0.01,-1,-1,-0.01,-1,-1,-0.01,-1,-1,-0.01,-1,-1,-0.01,-1,-1,-0.01,-1,-1,-0.01,-1,-1,-0.01,-1,-1,-0.01,-1,-1,-0.01,-1,-1
99926009,2026-05-18 13:11:32+05:30,53372.35,0,0.0,0,0.0,0.0,53282.15,53585.15,52783.45,53710.35,0,0.0,0.0,0.0,0.0,-0.01,-1,-1,-0.01,-1,-1,-0.01,-1,-1,-0.01,-1,-1,-0.01,-1,-1,-0.01,-1,-1,-0.01,-1,-1,-0.01,-1,-1,-0.01,-1,-1,-0.01,-1,-1
99926009,2026-05-18 13:11:32+05:30,53373.55,0,0.0,0,0.0,0.0,53282.15,53585.15,52783.45,53710.35,0,0.0,0.0,0.0,0.0,-0.01,-1,-1,-0.01,-1,-1,-0.01,-1,-1,-0.01,-1,-1,-0.01,-1,-1,-0.01,-1,-1,-0.01,-1,-1,-0.01,-1,-1,-0.01,-1,-1,-0.01,-1,-1
99926009,2026-05-18 13:11:33+05:30,53372.1,0,0.0,0,0.0,0.0,53282.15,53585.15,52783.45,53710.35,0,0.0,0.0,0.0,0.0,-0.01,-1,-1,-0.01,-1,-1,-0.01,-1,-1,-0.01,-1,-1,-0.01,-1,-1,-0.01,-1,-1,-0.01,-1,-1,-0.01,-1,-1,-0.01,-1,-1,-0.01,-1,-1
99926009,2026-05-18 13:11:33+05:30,53371.9,0,0.0,0,0.0,0.0,53282.15,53585.15,52783.45,53710.35,0,0.0,0.0,0.0,0.0,-0.01,-1,-1,-0.01,-1,-1,-0.01,-1,-1,-0.01,-1,-1,-0.01,-1,-1,-0.01,-1,-1,-0.01,-1,-1,-0.01,-1,-1,-0.01,-1,-1,-0.01,-1,-1
99926009,2026-05-18 13:11:34+05:30,53371.2,0,0.0,0,0.0,0.0,53282.15,53585.15,52783.45,53710.35,0,0.0,0.0,0.0,0.0,-0.01,-1,-1,-0.01,-1,-1,-0.01,-1,-1,-0.01,-1,-1,-0.01,-1,-1,-0.01,-1,-1,-0.01,-1,-1,-0.01,-1,-1,-0.01,-1,-1,-0.01,-1,-1
99926009,2026-05-18 13:11:34+05:30,53367.75,0,0.0,0,0.0,0.0,53282.15,53585.15,52783.45,53710.35,0,0.0,0.0,0.0,0.0,-0.01,-1,-1,-0.01,-1,-1,-0.01,-1,-1,-0.01,-1,-1,-0.01,-1,-1,-0.01,-1,-1,-0.01,-1,-1,-0.01,-1,-1,-0.01,-1,-1,-0.01,-1,-1
99926009,2026-05-18 13:11:35+05:30,53367.5,0,0.0,0,0.0,0.0,53282.15,53585.15,52783.45,53710.35,0,0.0,0.0,0.0,0.0,-0.01,-1,-1,-0.01,-1,-1,-0.01,-1,-1,-0.01,-1,-1,-0.01,-1,-1,-0.01,-1,-1,-0.01,-1,-1,-0.01,-1,-1,-0.01,-1,-1,-0.01,-1,-1
99926009,2026-05-18 13:11:35+05:30,53371.75,0,0.0,0,0.0,0.0,53282.15,53585.15,52783.45,53710.35,0,0.0,0.0,0.0,0.0,-0.01,-1,-1,-0.01,-1,-1,-0.01,-1,-1,-0.01,-1,-1,-0.01,-1,-1,-0.01,-1,-1,-0.01,-1,-1,-0.01,-1,-1,-0.01,-1,-1,-0.01,-1,-1
99926009,2026-05-18 13:11:36+05:30,53368.55,0,0.0,0,0.0,0.0,53282.15,53585.15,52783.45,53710.35,0,0.0,0.0,0.0,0.0,-0.01,-1,-1,-0.01,-1,-1,-0.01,-1,-1,-0.01,-1,-1,-0.01,-1,-1,-0.01,-1,-1,-0.01,-1,-1,-0.01,-1,-1,-0.01,-1,-1,-0.01,-1,-1
99926009,2026-05-18 13:11:36+05:30,53368.6,0,0.0,0,0.0,0.0,53282.15,53585.15,52783.45,53710.35,0,0.0,0.0,0.0,0.0,-0.01,-1,-1,-0.01,-1,-1,-0.01,-1,-1,-0.01,-1,-1,-0.01,-1,-1,-0.01,-1,-1,-0.01,-1,-1,-0.01,-1,-1,-0.01,-1,-1,-0.01,-1,-1
99926009,2026-05-18 13:11:37+05:30,53371.95,0,0.0,0,0.0,0.0,53282.15,53585.15,52783.45,53710.35,0,0.0,0.0,0.0,0.0,-0.01,-1,-1,-0.01,-1,-1,-0.01,-1,-1,-0.01,-1,-1,-0.01,-1,-1,-0.01,-1,-1,-0.01,-1,-1,-0.01,-1,-1,-0.01,-1,-1,-0.01,-1,-1
99926009,2026-05-18 13:11:37+05:30,53372.55,0,0.0,0,0.0,0.0,53282.15,53585.15,52783.45,53710.35,0,0.0,0.0,0.0,0.0,-0.01,-1,-1,-0.01,-1,-1,-0.01,-1,-1,-0.01,-1,-1,-0.01,-1,-1,-0.01,-1,-1,-0.01,-1,-1,-0.01,-1,-1,-0.01,-1,-1,-0.01,-1,-1
99926009,2026-05-18 13:11:38+05:30,53369.45,0,0.0,0,0.0,0.0,53282.15,53585.15,52783.45,53710.35,0,0.0,0.0,0.0,0.0,-0.01,-1,-1,-0.01,-1,-1,-0.01,-1,-1,-0.01,-1,-1,-0.01,-1,-1,-0.01,-1,-1,-0.01,-1,-1,-0.01,-1,-1,-0.01,-1,-1,-0.01,-1,-1
99926009,2026-05-18 13:11:38+05:30,53369.2,0,0.0,0,0.0,0.0,53282.15,53585.15,52783.45,53710.35,0,0.0,0.0,0.0,0.0,-0.01,-1,-1,-0.01,-1,-1,-0.01,-1,-1,-0.01,-1,-1,-0.01,-1,-1,-0.01,-1,-1,-0.01,-1,-1,-0.01,-1,-1,-0.01,-1,-1,-0.01,-1,-1
99926009,2026-05-18 13:11:39+05:30,53371.05,0,0.0,0,0.0,0.0,53282.15,53585.15,52783.45,53710.35,0,0.0,0.0,0.0,0.0,-0.01,-1,-1,-0.01,-1,-1,-0.01,-1,-1,-0.01,-1,-1,-0.01,-1,-1,-0.01,-1,-1,-0.01,-1,-1,-0.01,-1,-1,-0.01,-1,-1,-0.01,-1,-1
99926009,2026-05-18 13:11:39+05:30,53371.05,0,0.0,0,0.0,0.0,53282.15,53585.15,52783.45,53710.35,0,0.0,0.0,0.0,0.0,-0.01,-1,-1,-0.01,-1,-1,-0.01,-1,-1,-0.01,-1,-1,-0.01,-1,-1,-0.01,-1,-1,-0.01,-1,-1,-0.01,-1,-1,-0.01,-1,-1,-0.01,-1,-1
99926009,2026-05-18 13:11:40+05:30,53369.25,0,0.0,0,0.0,0.0,53282.15,53585.15,52783.45,53710.35,0,0.0,0.0,0.0,0.0,-0.01,-1,-1,-0.01,-1,-1,-0.01,-1,-1,-0.01,-1,-1,-0.01,-1,-1,-0.01,-1,-1,-0.01,-1,-1,-0.01,-1,-1,-0.01,-1,-1,-0.01,-1,-1
99926009,2026-05-18 13:11:40+05:30,53373.4,0,0.0,0,0.0,0.0,53282.15,53585.15,52783.45,53710.35,0,0.0,0.0,0.0,0.0,-0.01,-1,-1,-0.01,-1,-1,-0.01,-1,-1,-0.01,-1,-1,-0.01,-1,-1,-0.01,-1,-1,-0.01,-1,-1,-0.01,-1,-1,-0.01,-1,-1,-0.01,-1,-1
99926009,2026-05-18 13:11:41+05:30,53368.45,0,0.0,0,0.0,0.0,53282.15,53585.15,52783.45,53710.35,0,0.0,0.0,0.0,0.0,-0.01,-1,-1,-0.01,-1,-1,-0.01,-1,-1,-0.01,-1,-1,-0.01,-1,-1,-0.01,-1,-1,-0.01,-1,-1,-0.01,-1,-1,-0.01,-1,-1,-0.01,-1,-1
99926009,2026-05-18 13:11:41+05:30,53373.4,0,0.0,0,0.0,0.0,53282.15,53585.15,52783.45,53710.35,0,0.0,0.0,0.0,0.0,-0.01,-1,-1,-0.01,-1,-1,-0.01,-1,-1,-0.01,-1,-1,-0.01,-1,-1,-0.01,-1,-1,-0.01,-1,-1,-0.01,-1,-1,-0.01,-1,-1,-0.01,-1,-1
99926009,2026-05-18 13:11:42+05:30,53371.6,0,0.0,0,0.0,0.0,53282.15,53585.15,52783.45,53710.35,0,0.0,0.0,0.0,0.0,-0.01,-1,-1,-0.01,-1,-1,-0.01,-1,-1,-0.01,-1,-1,-0.01,-1,-1,-0.01,-1,-1,-0.01,-1,-1,-0.01,-1,-1,-0.01,-1,-1,-0.01,-1,-1
99926009,2026-05-18 13:11:42+05:30,53372.6,0,0.0,0,0.0,0.0,53282.15,53585.15,52783.45,53710.35,0,0.0,0.0,0.0,0.0,-0.01,-1,-1,-0.01,-1,-1,-0.01,-1,-1,-0.01,-1,-1,-0.01,-1,-1,-0.01,-1,-1,-0.01,-1,-1,-0.01,-1,-1,-0.01,-1,-1,-0.01,-1,-1
99926009,2026-05-18 13:11:43+05:30,53372.25,0,0.0,0,0.0,0.0,53282.15,53585.15,52783.45,53710.35,0,0.0,0.0,0.0,0.0,-0.01,-1,-1,-0.01,-1,-1,-0.01,-1,-1,-0.01,-1,-1,-0.01,-1,-1,-0.01,-1,-1,-0.01,-1,-1,-0.01,-1,-1,-0.01,-1,-1,-0.01,-1,-1
99926009,2026-05-18 13:11:43+05:30,53371.5,0,0.0,0,0.0,0.0,53282.15,53585.15,52783.45,53710.35,0,0.0,0.0,0.0,0.0,-0.01,-1,-1,-0.01,-1,-1,-0.01,-1,-1,-0.01,-1,-1,-0.01,-1,-1,-0.01,-1,-1,-0.01,-1,-1,-0.01,-1,-1,-0.01,-1,-1,-0.01,-1,-1
99926009,2026-05-18 13:11:44+05:30,53371.15,0,0.0,0,0.0,0.0,53282.15,53585.15,52783.45,53710.35,0,0.0,0.0,0.0,0.0,-0.01,-1,-1,-0.01,-1,-1,-0.01,-1,-1,-0.01,-1,-1,-0.01,-1,-1,-0.01,-1,-1,-0.01,-1,-1,-0.01,-1,-1,-0.01,-1,-1,-0.01,-1,-1
99926009,2026-05-18 13:11:44+05:30,53371.25,0,0.0,0,0.0,0.0,53282.15,53585.15,52783.45,53710.35,0,0.0,0.0,0.0,0.0,-0.01,-1,-1,-0.01,-1,-1,-0.01,-1,-1,-0.01,-1,-1,-0.01,-1,-1,-0.01,-1,-1,-0.01,-1,-1,-0.01,-1,-1,-0.01,-1,-1,-0.01,-1,-1
99926009,2026-05-18 13:11:45+05:30,53367.95,0,0.0,0,0.0,0.0,53282.15,53585.15,52783.45,53710.35,0,0.0,0.0,0.0,0.0,-0.01,-1,-1,-0.01,-1,-1,-0.01,-1,-1,-0.01,-1,-1,-0.01,-1,-1,-0.01,-1,-1,-0.01,-1,-1,-0.01,-1,-1,-0.01,-1,-1,-0.01,-1,-1
99926009,2026-05-18 13:11:45+05:30,53372.75,0,0.0,0,0.0,0.0,53282.15,53585.15,52783.45,53710.35,0,0.0,0.0,0.0,0.0,-0.01,-1,-1,-0.01,-1,-1,-0.01,-1,-1,-0.01,-1,-1,-0.01,-1,-1,-0.01,-1,-1,-0.01,-1,-1,-0.01,-1,-1,-0.01,-1,-1,-0.01,-1,-1
99926009,2026-05-18 13:11:46+05:30,53372.15,0,0.0,0,0.0,0.0,53282.15,53585.15,52783.45,53710.35,0,0.0,0.0,0.0,0.0,-0.01,-1,-1,-0.01,-1,-1,-0.01,-1,-1,-0.01,-1,-1,-0.01,-1,-1,-0.01,-1,-1,-0.01,-1,-1,-0.01,-1,-1,-0.01,-1,-1,-0.01,-1,-1
99926009,2026-05-18 13:11:46+05:30,53373.95,0,0.0,0,0.0,0.0,53282.15,53585.15,52783.45,53710.35,0,0.0,0.0,0.0,0.0,-0.01,-1,-1,-0.01,-1,-1,-0.01,-1,-1,-0.01,-1,-1,-0.01,-1,-1,-0.01,-1,-1,-0.01,-1,-1,-0.01,-1,-1,-0.01,-1,-1,-0.01,-1,-1
99926009,2026-05-18 13:11:47+05:30,53377.05,0,0.0,0,0.0,0.0,53282.15,53585.15,52783.45,53710.35,0,0.0,0.0,0.0,0.0,-0.01,-1,-1,-0.01,-1,-1,-0.01,-1,-1,-0.01,-1,-1,-0.01,-1,-1,-0.01,-1,-1,-0.01,-1,-1,-0.01,-1,-1,-0.01,-1,-1,-0.01,-1,-1
99926009,2026-05-18 13:11:47+05:30,53377.35,0,0.0,0,0.0,0.0,53282.15,53585.15,52783.45,53710.35,0,0.0,0.0,0.0,0.0,-0.01,-1,-1,-0.01,-1,-1,-0.01,-1,-1,-0.01,-1,-1,-0.01,-1,-1,-0.01,-1,-1,-0.01,-1,-1,-0.01,-1,-1,-0.01,-1,-1,-0.01,-1,-1
99926009,2026-05-18 13:11:48+05:30,53377.75,0,0.0,0,0.0,0.0,53282.15,53585.15,52783.45,53710.35,0,0.0,0.0,0.0,0.0,-0.01,-1,-1,-0.01,-1,-1,-0.01,-1,-1,-0.01,-1,-1,-0.01,-1,-1,-0.01,-1,-1,-0.01,-1,-1,-0.01,-1,-1,-0.01,-1,-1,-0.01,-1,-1
99926009,2026-05-18 13:11:48+05:30,53375.6,0,0.0,0,0.0,0.0,53282.15,53585.15,52783.45,53710.35,0,0.0,0.0,0.0,0.0,-0.01,-1,-1,-0.01,-1,-1,-0.01,-1,-1,-0.01,-1,-1,-0.01,-1,-1,-0.01,-1,-1,-0.01,-1,-1,-0.01,-1,-1,-0.01,-1,-1,-0.01,-1,-1
99926009,2026-05-18 13:11:49+05:30,53379.85,0,0.0,0,0.0,0.0,53282.15,53585.15,52783.45,53710.35,0,0.0,0.0,0.0,0.0,-0.01,-1,-1,-0.01,-1,-1,-0.01,-1,-1,-0.01,-1,-1,-0.01,-1,-1,-0.01,-1,-1,-0.01,-1,-1,-0.01,-1,-1,-0.01,-1,-1,-0.01,-1,-1
99926009,2026-05-18 13:11:49+05:30,53378.55,0,0.0,0,0.0,0.0,53282.15,53585.15,52783.45,53710.35,0,0.0,0.0,0.0,0.0,-0.01,-1,-1,-0.01,-1,-1,-0.01,-1,-1,-0.01,-1,-1,-0.01,-1,-1,-0.01,-1,-1,-0.01,-1,-1,-0.01,-1,-1,-0.01,-1,-1,-0.01,-1,-1
99926009,2026-05-18 13:11:50+05:30,53378.6,0,0.0,0,0.0,0.0,53282.15,53585.15,52783.45,53710.35,0,0.0,0.0,0.0,0.0,-0.01,-1,-1,-0.01,-1,-1,-0.01,-1,-1,-0.01,-1,-1,-0.01,-1,-1,-0.01,-1,-1,-0.01,-1,-1,-0.01,-1,-1,-0.01,-1,-1,-0.01,-1,-1
99926009,2026-05-18 13:11:50+05:30,53381.8,0,0.0,0,0.0,0.0,53282.15,53585.15,52783.45,53710.35,0,0.0,0.0,0.0,0.0,-0.01,-1,-1,-0.01,-1,-1,-0.01,-1,-1,-0.01,-1,-1,-0.01,-1,-1,-0.01,-1,-1,-0.01,-1,-1,-0.01,-1,-1,-0.01,-1,-1,-0.01,-1,-1
99926009,2026-05-18 13:11:51+05:30,53381.4,0,0.0,0,0.0,0.0,53282.15,53585.15,52783.45,53710.35,0,0.0,0.0,0.0,0.0,-0.01,-1,-1,-0.01,-1,-1,-0.01,-1,-1,-0.01,-1,-1,-0.01,-1,-1,-0.01,-1,-1,-0.01,-1,-1,-0.01,-1,-1,-0.01,-1,-1,-0.01,-1,-1
99926009,2026-05-18 13:11:51+05:30,53383.0,0,0.0,0,0.0,0.0,53282.15,53585.15,52783.45,53710.35,0,0.0,0.0,0.0,0.0,-0.01,-1,-1,-0.01,-1,-1,-0.01,-1,-1,-0.01,-1,-1,-0.01,-1,-1,-0.01,-1,-1,-0.01,-1,-1,-0.01,-1,-1,-0.01,-1,-1,-0.01,-1,-1
99926009,2026-05-18 13:11:52+05:30,53384.4,0,0.0,0,0.0,0.0,53282.15,53585.15,52783.45,53710.35,0,0.0,0.0,0.0,0.0,-0.01,-1,-1,-0.01,-1,-1,-0.01,-1,-1,-0.01,-1,-1,-0.01,-1,-1,-0.01,-1,-1,-0.01,-1,-1,-0.01,-1,-1,-0.01,-1,-1,-0.01,-1,-1
99926009,2026-05-18 13:11:52+05:30,53384.25,0,0.0,0,0.0,0.0,53282.15,53585.15,52783.45,53710.35,0,0.0,0.0,0.0,0.0,-0.01,-1,-1,-0.01,-1,-1,-0.01,-1,-1,-0.01,-1,-1,-0.01,-1,-1,-0.01,-1,-1,-0.01,-1,-1,-0.01,-1,-1,-0.01,-1,-1,-0.01,-1,-1
99926009,2026-05-18 13:11:53+05:30,53384.4,0,0.0,0,0.0,0.0,53282.15,53585.15,52783.45,53710.35,0,0.0,0.0,0.0,0.0,-0.01,-1,-1,-0.01,-1,-1,-0.01,-1,-1,-0.01,-1,-1,-0.01,-1,-1,-0.01,-1,-1,-0.01,-1,-1,-0.01,-1,-1,-0.01,-1,-1,-0.01,-1,-1
99926009,2026-05-18 13:11:53+05:30,53381.05,0,0.0,0,0.0,0.0,53282.15,53585.15,52783.45,53710.35,0,0.0,0.0,0.0,0.0,-0.01,-1,-1,-0.01,-1,-1,-0.01,-1,-1,-0.01,-1,-1,-0.01,-1,-1,-0.01,-1,-1,-0.01,-1,-1,-0.01,-1,-1,-0.01,-1,-1,-0.01,-1,-1
99926009,2026-05-18 13:11:54+05:30,53381.8,0,0.0,0,0.0,0.0,53282.15,53585.15,52783.45,53710.35,0,0.0,0.0,0.0,0.0,-0.01,-1,-1,-0.01,-1,-1,-0.01,-1,-1,-0.01,-1,-1,-0.01,-1,-1,-0.01,-1,-1,-0.01,-1,-1,-0.01,-1,-1,-0.01,-1,-1,-0.01,-1,-1
99926009,2026-05-18 13:11:54+05:30,53379.25,0,0.0,0,0.0,0.0,53282.15,53585.15,52783.45,53710.35,0,0.0,0.0,0.0,0.0,-0.01,-1,-1,-0.01,-1,-1,-0.01,-1,-1,-0.01,-1,-1,-0.01,-1,-1,-0.01,-1,-1,-0.01,-1,-1,-0.01,-1,-1,-0.01,-1,-1,-0.01,-1,-1
99926009,2026-05-18 13:11:55+05:30,53379.0,0,0.0,0,0.0,0.0,53282.15,53585.15,52783.45,53710.35,0,0.0,0.0,0.0,0.0,-0.01,-1,-1,-0.01,-1,-1,-0.01,-1,-1,-0.01,-1,-1,-0.01,-1,-1,-0.01,-1,-1,-0.01,-1,-1,-0.01,-1,-1,-0.01,-1,-1,-0.01,-1,-1
99926009,2026-05-18 13:11:55+05:30,53381.55,0,0.0,0,0.0,0.0,53282.15,53585.15,52783.45,53710.35,0,0.0,0.0,0.0,0.0,-0.01,-1,-1,-0.01,-1,-1,-0.01,-1,-1,-0.01,-1,-1,-0.01,-1,-1,-0.01,-1,-1,-0.01,-1,-1,-0.01,-1,-1,-0.01,-1,-1,-0.01,-1,-1
99926009,2026-05-18 13:11:56+05:30,53380.6,0,0.0,0,0.0,0.0,53282.15,53585.15,52783.45,53710.35,0,0.0,0.0,0.0,0.0,-0.01,-1,-1,-0.01,-1,-1,-0.01,-1,-1,-0.01,-1,-1,-0.01,-1,-1,-0.01,-1,-1,-0.01,-1,-1,-0.01,-1,-1,-0.01,-1,-1,-0.01,-1,-1
99926009,2026-05-18 13:11:56+05:30,53380.6,0,0.0,0,0.0,0.0,53282.15,53585.15,52783.45,53710.35,0,0.0,0.0,0.0,0.0,-0.01,-1,-1,-0.01,-1,-1,-0.01,-1,-1,-0.01,-1,-1,-0.01,-1,-1,-0.01,-1,-1,-0.01,-1,-1,-0.01,-1,-1,-0.01,-1,-1,-0.01,-1,-1
99926009,2026-05-18 13:11:57+05:30,53382.3,0,0.0,0,0.0,0.0,53282.15,53585.15,52783.45,53710.35,0,0.0,0.0,0.0,0.0,-0.01,-1,-1,-0.01,-1,-1,-0.01,-1,-1,-0.01,-1,-1,-0.01,-1,-1,-0.01,-1,-1,-0.01,-1,-1,-0.01,-1,-1,-0.01,-1,-1,-0.01,-1,-1
99926009,2026-05-18 13:11:57+05:30,53381.0,0,0.0,0,0.0,0.0,53282.15,53585.15,52783.45,53710.35,0,0.0,0.0,0.0,0.0,-0.01,-1,-1,-0.01,-1,-1,-0.01,-1,-1,-0.01,-1,-1,-0.01,-1,-1,-0.01,-1,-1,-0.01,-1,-1,-0.01,-1,-1,-0.01,-1,-1,-0.01,-1,-1
99926009,2026-05-18 13:11:58+05:30,53383.45,0,0.0,0,0.0,0.0,53282.15,53585.15,52783.45,53710.35,0,0.0,0.0,0.0,0.0,-0.01,-1,-1,-0.01,-1,-1,-0.01,-1,-1,-0.01,-1,-1,-0.01,-1,-1,-0.01,-1,-1,-0.01,-1,-1,-0.01,-1,-1,-0.01,-1,-1,-0.01,-1,-1
99926009,2026-05-18 13:11:58+05:30,53384.45,0,0.0,0,0.0,0.0,53282.15,53585.15,52783.45,53710.35,0,0.0,0.0,0.0,0.0,-0.01,-1,-1,-0.01,-1,-1,-0.01,-1,-1,-0.01,-1,-1,-0.01,-1,-1,-0.01,-1,-1,-0.01,-1,-1,-0.01,-1,-1,-0.01,-1,-1,-0.01,-1,-1
99926009,2026-05-18 13:11:59+05:30,53383.0,0,0.0,0,0.0,0.0,53282.15,53585.15,52783.45,53710.35,0,0.0,0.0,0.0,0.0,-0.01,-1,-1,-0.01,-1,-1,-0.01,-1,-1,-0.01,-1,-1,-0.01,-1,-1,-0.01,-1,-1,-0.01,-1,-1,-0.01,-1,-1,-0.01,-1,-1,-0.01,-1,-1
99926009,2026-05-18 13:11:59+05:30,53383.9,0,0.0,0,0.0,0.0,53282.15,53585.15,52783.45,53710.35,0,0.0,0.0,0.0,0.0,-0.01,-1,-1,-0.01,-1,-1,-0.01,-1,-1,-0.01,-1,-1,-0.01,-1,-1,-0.01,-1,-1,-0.01,-1,-1,-0.01,-1,-1,-0.01,-1,-1,-0.01,-1,-1
99926009,2026-05-18 13:12:00+05:30,53383.85,0,0.0,0,0.0,0.0,53282.15,53585.15,52783.45,53710.35,0,0.0,0.0,0.0,0.0,-0.01,-1,-1,-0.01,-1,-1,-0.01,-1,-1,-0.01,-1,-1,-0.01,-1,-1,-0.01,-1,-1,-0.01,-1,-1,-0.01,-1,-1,-0.01,-1,-1,-0.01,-1,-1
99926009,2026-05-18 13:12:00+05:30,53384.45,0,0.0,0,0.0,0.0,53282.15,53585.15,52783.45,53710.35,0,0.0,0.0,0.0,0.0,-0.01,-1,-1,-0.01,-1,-1,-0.01,-1,-1,-0.01,-1,-1,-0.01,-1,-1,-0.01,-1,-1,-0.01,-1,-1,-0.01,-1,-1,-0.01,-1,-1,-0.01,-1,-1
99926009,2026-05-18 13:12:01+05:30,53383.65,0,0.0,0,0.0,0.0,53282.15,53585.15,52783.45,53710.35,0,0.0,0.0,0.0,0.0,-0.01,-1,-1,-0.01,-1,-1,-0.01,-1,-1,-0.01,-1,-1,-0.01,-1,-1,-0.01,-1,-1,-0.01,-1,-1,-0.01,-1,-1,-0.01,-1,-1,-0.01,-1,-1
99926009,2026-05-18 13:12:01+05:30,53384.55,0,0.0,0,0.0,0.0,53282.15,53585.15,52783.45,53710.35,0,0.0,0.0,0.0,0.0,-0.01,-1,-1,-0.01,-1,-1,-0.01,-1,-1,-0.01,-1,-1,-0.01,-1,-1,-0.01,-1,-1,-0.01,-1,-1,-0.01,-1,-1,-0.01,-1,-1,-0.01,-1,-1
99926009,2026-05-18 13:12:02+05:30,53384.9,0,0.0,0,0.0,0.0,53282.15,53585.15,52783.45,53710.35,0,0.0,0.0,0.0,0.0,-0.01,-1,-1,-0.01,-1,-1,-0.01,-1,-1,-0.01,-1,-1,-0.01,-1,-1,-0.01,-1,-1,-0.01,-1,-1,-0.01,-1,-1,-0.01,-1,-1,-0.01,-1,-1
99926009,2026-05-18 13:12:02+05:30,53386.0,0,0.0,0,0.0,0.0,53282.15,53585.15,52783.45,53710.35,0,0.0,0.0,0.0,0.0,-0.01,-1,-1,-0.01,-1,-1,-0.01,-1,-1,-0.01,-1,-1,-0.01,-1,-1,-0.01,-1,-1,-0.01,-1,-1,-0.01,-1,-1,-0.01,-1,-1,-0.01,-1,-1
99926009,2026-05-18 13:12:03+05:30,53382.8,0,0.0,0,0.0,0.0,53282.15,53585.15,52783.45,53710.35,0,0.0,0.0,0.0,0.0,-0.01,-1,-1,-0.01,-1,-1,-0.01,-1,-1,-0.01,-1,-1,-0.01,-1,-1,-0.01,-1,-1,-0.01,-1,-1,-0.01,-1,-1,-0.01,-1,-1,-0.01,-1,-1
99926009,2026-05-18 13:12:03+05:30,53386.25,0,0.0,0,0.0,0.0,53282.15,53585.15,52783.45,53710.35,0,0.0,0.0,0.0,0.0,-0.01,-1,-1,-0.01,-1,-1,-0.01,-1,-1,-0.01,-1,-1,-0.01,-1,-1,-0.01,-1,-1,-0.01,-1,-1,-0.01,-1,-1,-0.01,-1,-1,-0.01,-1,-1
99926009,2026-05-18 13:12:04+05:30,53383.7,0,0.0,0,0.0,0.0,53282.15,53585.15,52783.45,53710.35,0,0.0,0.0,0.0,0.0,-0.01,-1,-1,-0.01,-1,-1,-0.01,-1,-1,-0.01,-1,-1,-0.01,-1,-1,-0.01,-1,-1,-0.01,-1,-1,-0.01,-1,-1,-0.01,-1,-1,-0.01,-1,-1
99926009,2026-05-18 13:12:04+05:30,53382.5,0,0.0,0,0.0,0.0,53282.15,53585.15,52783.45,53710.35,0,0.0,0.0,0.0,0.0,-0.01,-1,-1,-0.01,-1,-1,-0.01,-1,-1,-0.01,-1,-1,-0.01,-1,-1,-0.01,-1,-1,-0.01,-1,-1,-0.01,-1,-1,-0.01,-1,-1,-0.01,-1,-1
99926009,2026-05-18 13:12:05+05:30,53380.95,0,0.0,0,0.0,0.0,53282.15,53585.15,52783.45,53710.35,0,0.0,0.0,0.0,0.0,-0.01,-1,-1,-0.01,-1,-1,-0.01,-1,-1,-0.01,-1,-1,-0.01,-1,-1,-0.01,-1,-1,-0.01,-1,-1,-0.01,-1,-1,-0.01,-1,-1,-0.01,-1,-1
99926009,2026-05-18 13:12:05+05:30,53384.1,0,0.0,0,0.0,0.0,53282.15,53585.15,52783.45,53710.35,0,0.0,0.0,0.0,0.0,-0.01,-1,-1,-0.01,-1,-1,-0.01,-1,-1,-0.01,-1,-1,-0.01,-1,-1,-0.01,-1,-1,-0.01,-1,-1,-0.01,-1,-1,-0.01,-1,-1,-0.01,-1,-1
99926009,2026-05-18 13:12:06+05:30,53386.2,0,0.0,0,0.0,0.0,53282.15,53585.15,52783.45,53710.35,0,0.0,0.0,0.0,0.0,-0.01,-1,-1,-0.01,-1,-1,-0.01,-1,-1,-0.01,-1,-1,-0.01,-1,-1,-0.01,-1,-1,-0.01,-1,-1,-0.01,-1,-1,-0.01,-1,-1,-0.01,-1,-1
99926009,2026-05-18 13:12:06+05:30,53390.0,0,0.0,0,0.0,0.0,53282.15,53585.15,52783.45,53710.35,0,0.0,0.0,0.0,0.0,-0.01,-1,-1,-0.01,-1,-1,-0.01,-1,-1,-0.01,-1,-1,-0.01,-1,-1,-0.01,-1,-1,-0.01,-1,-1,-0.01,-1,-1,-0.01,-1,-1,-0.01,-1,-1
99926009,2026-05-18 13:12:07+05:30,53394.1,0,0.0,0,0.0,0.0,53282.15,53585.15,52783.45,53710.35,0,0.0,0.0,0.0,0.0,-0.01,-1,-1,-0.01,-1,-1,-0.01,-1,-1,-0.01,-1,-1,-0.01,-1,-1,-0.01,-1,-1,-0.01,-1,-1,-0.01,-1,-1,-0.01,-1,-1,-0.01,-1,-1
99926009,2026-05-18 13:12:07+05:30,53395.0,0,0.0,0,0.0,0.0,53282.15,53585.15,52783.45,53710.35,0,0.0,0.0,0.0,0.0,-0.01,-1,-1,-0.01,-1,-1,-0.01,-1,-1,-0.01,-1,-1,-0.01,-1,-1,-0.01,-1,-1,-0.01,-1,-1,-0.01,-1,-1,-0.01,-1,-1,-0.01,-1,-1
99926009,2026-05-18 13:12:08+05:30,53393.05,0,0.0,0,0.0,0.0,53282.15,53585.15,52783.45,53710.35,0,0.0,0.0,0.0,0.0,-0.01,-1,-1,-0.01,-1,-1,-0.01,-1,-1,-0.01,-1,-1,-0.01,-1,-1,-0.01,-1,-1,-0.01,-1,-1,-0.01,-1,-1,-0.01,-1,-1,-0.01,-1,-1
99926009,2026-05-18 13:12:08+05:30,53395.25,0,0.0,0,0.0,0.0,53282.15,53585.15,52783.45,53710.35,0,0.0,0.0,0.0,0.0,-0.01,-1,-1,-0.01,-1,-1,-0.01,-1,-1,-0.01,-1,-1,-0.01,-1,-1,-0.01,-1,-1,-0.01,-1,-1,-0.01,-1,-1,-0.01,-1,-1,-0.01,-1,-1
99926009,2026-05-18 13:12:09+05:30,53398.45,0,0.0,0,0.0,0.0,53282.15,53585.15,52783.45,53710.35,0,0.0,0.0,0.0,0.0,-0.01,-1,-1,-0.01,-1,-1,-0.01,-1,-1,-0.01,-1,-1,-0.01,-1,-1,-0.01,-1,-1,-0.01,-1,-1,-0.01,-1,-1,-0.01,-1,-1,-0.01,-1,-1
99926009,2026-05-18 13:12:09+05:30,53398.1,0,0.0,0,0.0,0.0,53282.15,53585.15,52783.45,53710.35,0,0.0,0.0,0.0,0.0,-0.01,-1,-1,-0.01,-1,-1,-0.01,-1,-1,-0.01,-1,-1,-0.01,-1,-1,-0.01,-1,-1,-0.01,-1,-1,-0.01,-1,-1,-0.01,-1,-1,-0.01,-1,-1
99926009,2026-05-18 13:12:10+05:30,53398.3,0,0.0,0,0.0,0.0,53282.15,53585.15,52783.45,53710.35,0,0.0,0.0,0.0,0.0,-0.01,-1,-1,-0.01,-1,-1,-0.01,-1,-1,-0.01,-1,-1,-0.01,-1,-1,-0.01,-1,-1,-0.01,-1,-1,-0.01,-1,-1,-0.01,-1,-1,-0.01,-1,-1
99926009,2026-05-18 13:12:10+05:30,53403.65,0,0.0,0,0.0,0.0,53282.15,53585.15,52783.45,53710.35,0,0.0,0.0,0.0,0.0,-0.01,-1,-1,-0.01,-1,-1,-0.01,-1,-1,-0.01,-1,-1,-0.01,-1,-1,-0.01,-1,-1,-0.01,-1,-1,-0.01,-1,-1,-0.01,-1,-1,-0.01,-1,-1
99926009,2026-05-18 13:12:11+05:30,53400.9,0,0.0,0,0.0,0.0,53282.15,53585.15,52783.45,53710.35,0,0.0,0.0,0.0,0.0,-0.01,-1,-1,-0.01,-1,-1,-0.01,-1,-1,-0.01,-1,-1,-0.01,-1,-1,-0.01,-1,-1,-0.01,-1,-1,-0.01,-1,-1,-0.01,-1,-1,-0.01,-1,-1
99926009,2026-05-18 13:12:11+05:30,53404.85,0,0.0,0,0.0,0.0,53282.15,53585.15,52783.45,53710.35,0,0.0,0.0,0.0,0.0,-0.01,-1,-1,-0.01,-1,-1,-0.01,-1,-1,-0.01,-1,-1,-0.01,-1,-1,-0.01,-1,-1,-0.01,-1,-1,-0.01,-1,-1,-0.01,-1,-1,-0.01,-1,-1
99926009,2026-05-18 13:12:12+05:30,53404.45,0,0.0,0,0.0,0.0,53282.15,53585.15,52783.45,53710.35,0,0.0,0.0,0.0,0.0,-0.01,-1,-1,-0.01,-1,-1,-0.01,-1,-1,-0.01,-1,-1,-0.01,-1,-1,-0.01,-1,-1,-0.01,-1,-1,-0.01,-1,-1,-0.01,-1,-1,-0.01,-1,-1
99926009,2026-05-18 13:12:12+05:30,53403.75,0,0.0,0,0.0,0.0,53282.15,53585.15,52783.45,53710.35,0,0.0,0.0,0.0,0.0,-0.01,-1,-1,-0.01,-1,-1,-0.01,-1,-1,-0.01,-1,-1,-0.01,-1,-1,-0.01,-1,-1,-0.01,-1,-1,-0.01,-1,-1,-0.01,-1,-1,-0.01,-1,-1
99926009,2026-05-18 13:12:13+05:30,53401.75,0,0.0,0,0.0,0.0,53282.15,53585.15,52783.45,53710.35,0,0.0,0.0,0.0,0.0,-0.01,-1,-1,-0.01,-1,-1,-0.01,-1,-1,-0.01,-1,-1,-0.01,-1,-1,-0.01,-1,-1,-0.01,-1,-1,-0.01,-1,-1,-0.01,-1,-1,-0.01,-1,-1
99926009,2026-05-18 13:12:13+05:30,53400.15,0,0.0,0,0.0,0.0,53282.15,53585.15,52783.45,53710.35,0,0.0,0.0,0.0,0.0,-0.01,-1,-1,-0.01,-1,-1,-0.01,-1,-1,-0.01,-1,-1,-0.01,-1,-1,-0.01,-1,-1,-0.01,-1,-1,-0.01,-1,-1,-0.01,-1,-1,-0.01,-1,-1
99926009,2026-05-18 13:12:14+05:30,53402.1,0,0.0,0,0.0,0.0,53282.15,53585.15,52783.45,53710.35,0,0.0,0.0,0.0,0.0,-0.01,-1,-1,-0.01,-1,-1,-0.01,-1,-1,-0.01,-1,-1,-0.01,-1,-1,-0.01,-1,-1,-0.01,-1,-1,-0.01,-1,-1,-0.01,-1,-1,-0.01,-1,-1
99926009,2026-05-18 13:12:14+05:30,53399.5,0,0.0,0,0.0,0.0,53282.15,53585.15,52783.45,53710.35,0,0.0,0.0,0.0,0.0,-0.01,-1,-1,-0.01,-1,-1,-0.01,-1,-1,-0.01,-1,-1,-0.01,-1,-1,-0.01,-1,-1,-0.01,-1,-1,-0.01,-1,-1,-0.01,-1,-1,-0.01,-1,-1
99926009,2026-05-18 13:12:15+05:30,53399.45,0,0.0,0,0.0,0.0,53282.15,53585.15,52783.45,53710.35,0,0.0,0.0,0.0,0.0,-0.01,-1,-1,-0.01,-1,-1,-0.01,-1,-1,-0.01,-1,-1,-0.01,-1,-1,-0.01,-1,-1,-0.01,-1,-1,-0.01,-1,-1,-0.01,-1,-1,-0.01,-1,-1
99926009,2026-05-18 13:12:15+05:30,53400.4,0,0.0,0,0.0,0.0,53282.15,53585.15,52783.45,53710.35,0,0.0,0.0,0.0,0.0,-0.01,-1,-1,-0.01,-1,-1,-0.01,-1,-1,-0.01,-1,-1,-0.01,-1,-1,-0.01,-1,-1,-0.01,-1,-1,-0.01,-1,-1,-0.01,-1,-1,-0.01,-1,-1
99926009,2026-05-18 13:12:16+05:30,53399.65,0,0.0,0,0.0,0.0,53282.15,53585.15,52783.45,53710.35,0,0.0,0.0,0.0,0.0,-0.01,-1,-1,-0.01,-1,-1,-0.01,-1,-1,-0.01,-1,-1,-0.01,-1,-1,-0.01,-1,-1,-0.01,-1,-1,-0.01,-1,-1,-0.01,-1,-1,-0.01,-1,-1
99926009,2026-05-18 13:12:16+05:30,53400.5,0,0.0,0,0.0,0.0,53282.15,53585.15,52783.45,53710.35,0,0.0,0.0,0.0,0.0,-0.01,-1,-1,-0.01,-1,-1,-0.01,-1,-1,-0.01,-1,-1,-0.01,-1,-1,-0.01,-1,-1,-0.01,-1,-1,-0.01,-1,-1,-0.01,-1,-1,-0.01,-1,-1
99926009,2026-05-18 13:12:17+05:30,53399.45,0,0.0,0,0.0,0.0,53282.15,53585.15,52783.45,53710.35,0,0.0,0.0,0.0,0.0,-0.01,-1,-1,-0.01,-1,-1,-0.01,-1,-1,-0.01,-1,-1,-0.01,-1,-1,-0.01,-1,-1,-0.01,-1,-1,-0.01,-1,-1,-0.01,-1,-1,-0.01,-1,-1
99926009,2026-05-18 13:12:17+05:30,53401.05,0,0.0,0,0.0,0.0,53282.15,53585.15,52783.45,53710.35,0,0.0,0.0,0.0,0.0,-0.01,-1,-1,-0.01,-1,-1,-0.01,-1,-1,-0.01,-1,-1,-0.01,-1,-1,-0.01,-1,-1,-0.01,-1,-1,-0.01,-1,-1,-0.01,-1,-1,-0.01,-1,-1
99926009,2026-05-18 13:12:18+05:30,53402.3,0,0.0,0,0.0,0.0,53282.15,53585.15,52783.45,53710.35,0,0.0,0.0,0.0,0.0,-0.01,-1,-1,-0.01,-1,-1,-0.01,-1,-1,-0.01,-1,-1,-0.01,-1,-1,-0.01,-1,-1,-0.01,-1,-1,-0.01,-1,-1,-0.01,-1,-1,-0.01,-1,-1
99926009,2026-05-18 13:12:18+05:30,53402.25,0,0.0,0,0.0,0.0,53282.15,53585.15,52783.45,53710.35,0,0.0,0.0,0.0,0.0,-0.01,-1,-1,-0.01,-1,-1,-0.01,-1,-1,-0.01,-1,-1,-0.01,-1,-1,-0.01,-1,-1,-0.01,-1,-1,-0.01,-1,-1,-0.01,-1,-1,-0.01,-1,-1
99926009,2026-05-18 13:12:19+05:30,53400.65,0,0.0,0,0.0,0.0,53282.15,53585.15,52783.45,53710.35,0,0.0,0.0,0.0,0.0,-0.01,-1,-1,-0.01,-1,-1,-0.01,-1,-1,-0.01,-1,-1,-0.01,-1,-1,-0.01,-1,-1,-0.01,-1,-1,-0.01,-1,-1,-0.01,-1,-1,-0.01,-1,-1
99926009,2026-05-18 13:12:19+05:30,53402.0,0,0.0,0,0.0,0.0,53282.15,53585.15,52783.45,53710.35,0,0.0,0.0,0.0,0.0,-0.01,-1,-1,-0.01,-1,-1,-0.01,-1,-1,-0.01,-1,-1,-0.01,-1,-1,-0.01,-1,-1,-0.01,-1,-1,-0.01,-1,-1,-0.01,-1,-1,-0.01,-1,-1
99926009,2026-05-18 13:12:20+05:30,53403.8,0,0.0,0,0.0,0.0,53282.15,53585.15,52783.45,53710.35,0,0.0,0.0,0.0,0.0,-0.01,-1,-1,-0.01,-1,-1,-0.01,-1,-1,-0.01,-1,-1,-0.01,-1,-1,-0.01,-1,-1,-0.01,-1,-1,-0.01,-1,-1,-0.01,-1,-1,-0.01,-1,-1
99926009,2026-05-18 13:12:20+05:30,53403.8,0,0.0,0,0.0,0.0,53282.15,53585.15,52783.45,53710.35,0,0.0,0.0,0.0,0.0,-0.01,-1,-1,-0.01,-1,-1,-0.01,-1,-1,-0.01,-1,-1,-0.01,-1,-1,-0.01,-1,-1,-0.01,-1,-1,-0.01,-1,-1,-0.01,-1,-1,-0.01,-1,-1
99926009,2026-05-18 13:12:21+05:30,53406.25,0,0.0,0,0.0,0.0,53282.15,53585.15,52783.45,53710.35,0,0.0,0.0,0.0,0.0,-0.01,-1,-1,-0.01,-1,-1,-0.01,-1,-1,-0.01,-1,-1,-0.01,-1,-1,-0.01,-1,-1,-0.01,-1,-1,-0.01,-1,-1,-0.01,-1,-1,-0.01,-1,-1
99926009,2026-05-18 13:12:21+05:30,53408.75,0,0.0,0,0.0,0.0,53282.15,53585.15,52783.45,53710.35,0,0.0,0.0,0.0,0.0,-0.01,-1,-1,-0.01,-1,-1,-0.01,-1,-1,-0.01,-1,-1,-0.01,-1,-1,-0.01,-1,-1,-0.01,-1,-1,-0.01,-1,-1,-0.01,-1,-1,-0.01,-1,-1
99926009,2026-05-18 13:12:22+05:30,53412.8,0,0.0,0,0.0,0.0,53282.15,53585.15,52783.45,53710.35,0,0.0,0.0,0.0,0.0,-0.01,-1,-1,-0.01,-1,-1,-0.01,-1,-1,-0.01,-1,-1,-0.01,-1,-1,-0.01,-1,-1,-0.01,-1,-1,-0.01,-1,-1,-0.01,-1,-1,-0.01,-1,-1
99926009,2026-05-18 13:12:22+05:30,53413.75,0,0.0,0,0.0,0.0,53282.15,53585.15,52783.45,53710.35,0,0.0,0.0,0.0,0.0,-0.01,-1,-1,-0.01,-1,-1,-0.01,-1,-1,-0.01,-1,-1,-0.01,-1,-1,-0.01,-1,-1,-0.01,-1,-1,-0.01,-1,-1,-0.01,-1,-1,-0.01,-1,-1
99926009,2026-05-18 13:12:23+05:30,53411.25,0,0.0,0,0.0,0.0,53282.15,53585.15,52783.45,53710.35,0,0.0,0.0,0.0,0.0,-0.01,-1,-1,-0.01,-1,-1,-0.01,-1,-1,-0.01,-1,-1,-0.01,-1,-1,-0.01,-1,-1,-0.01,-1,-1,-0.01,-1,-1,-0.01,-1,-1,-0.01,-1,-1
99926009,2026-05-18 13:12:23+05:30,53409.15,0,0.0,0,0.0,0.0,53282.15,53585.15,52783.45,53710.35,0,0.0,0.0,0.0,0.0,-0.01,-1,-1,-0.01,-1,-1,-0.01,-1,-1,-0.01,-1,-1,-0.01,-1,-1,-0.01,-1,-1,-0.01,-1,-1,-0.01,-1,-1,-0.01,-1,-1,-0.01,-1,-1
99926009,2026-05-18 13:12:24+05:30,53409.75,0,0.0,0,0.0,0.0,53282.15,53585.15,52783.45,53710.35,0,0.0,0.0,0.0,0.0,-0.01,-1,-1,-0.01,-1,-1,-0.01,-1,-1,-0.01,-1,-1,-0.01,-1,-1,-0.01,-1,-1,-0.01,-1,-1,-0.01,-1,-1,-0.01,-1,-1,-0.01,-1,-1
99926009,2026-05-18 13:12:24+05:30,53409.8,0,0.0,0,0.0,0.0,53282.15,53585.15,52783.45,53710.35,0,0.0,0.0,0.0,0.0,-0.01,-1,-1,-0.01,-1,-1,-0.01,-1,-1,-0.01,-1,-1,-0.01,-1,-1,-0.01,-1,-1,-0.01,-1,-1,-0.01,-1,-1,-0.01,-1,-1,-0.01,-1,-1
99926009,2026-05-18 13:12:25+05:30,53406.45,0,0.0,0,0.0,0.0,53282.15,53585.15,52783.45,53710.35,0,0.0,0.0,0.0,0.0,-0.01,-1,-1,-0.01,-1,-1,-0.01,-1,-1,-0.01,-1,-1,-0.01,-1,-1,-0.01,-1,-1,-0.01,-1,-1,-0.01,-1,-1,-0.01,-1,-1,-0.01,-1,-1
99926009,2026-05-18 13:12:25+05:30,53409.9,0,0.0,0,0.0,0.0,53282.15,53585.15,52783.45,53710.35,0,0.0,0.0,0.0,0.0,-0.01,-1,-1,-0.01,-1,-1,-0.01,-1,-1,-0.01,-1,-1,-0.01,-1,-1,-0.01,-1,-1,-0.01,-1,-1,-0.01,-1,-1,-0.01,-1,-1,-0.01,-1,-1
99926009,2026-05-18 13:12:26+05:30,53406.6,0,0.0,0,0.0,0.0,53282.15,53585.15,52783.45,53710.35,0,0.0,0.0,0.0,0.0,-0.01,-1,-1,-0.01,-1,-1,-0.01,-1,-1,-0.01,-1,-1,-0.01,-1,-1,-0.01,-1,-1,-0.01,-1,-1,-0.01,-1,-1,-0.01,-1,-1,-0.01,-1,-1
99926009,2026-05-18 13:12:26+05:30,53411.35,0,0.0,0,0.0,0.0,53282.15,53585.15,52783.45,53710.35,0,0.0,0.0,0.0,0.0,-0.01,-1,-1,-0.01,-1,-1,-0.01,-1,-1,-0.01,-1,-1,-0.01,-1,-1,-0.01,-1,-1,-0.01,-1,-1,-0.01,-1,-1,-0.01,-1,-1,-0.01,-1,-1
99926009,2026-05-18 13:12:27+05:30,53414.05,0,0.0,0,0.0,0.0,53282.15,53585.15,52783.45,53710.35,0,0.0,0.0,0.0,0.0,-0.01,-1,-1,-0.01,-1,-1,-0.01,-1,-1,-0.01,-1,-1,-0.01,-1,-1,-0.01,-1,-1,-0.01,-1,-1,-0.01,-1,-1,-0.01,-1,-1,-0.01,-1,-1
99926009,2026-05-18 13:12:27+05:30,53414.15,0,0.0,0,0.0,0.0,53282.15,53585.15,52783.45,53710.35,0,0.0,0.0,0.0,0.0,-0.01,-1,-1,-0.01,-1,-1,-0.01,-1,-1,-0.01,-1,-1,-0.01,-1,-1,-0.01,-1,-1,-0.01,-1,-1,-0.01,-1,-1,-0.01,-1,-1,-0.01,-1,-1
99926009,2026-05-18 13:12:28+05:30,53414.65,0,0.0,0,0.0,0.0,53282.15,53585.15,52783.45,53710.35,0,0.0,0.0,0.0,0.0,-0.01,-1,-1,-0.01,-1,-1,-0.01,-1,-1,-0.01,-1,-1,-0.01,-1,-1,-0.01,-1,-1,-0.01,-1,-1,-0.01,-1,-1,-0.01,-1,-1,-0.01,-1,-1
99926009,2026-05-18 13:12:28+05:30,53415.7,0,0.0,0,0.0,0.0,53282.15,53585.15,52783.45,53710.35,0,0.0,0.0,0.0,0.0,-0.01,-1,-1,-0.01,-1,-1,-0.01,-1,-1,-0.01,-1,-1,-0.01,-1,-1,-0.01,-1,-1,-0.01,-1,-1,-0.01,-1,-1,-0.01,-1,-1,-0.01,-1,-1
99926009,2026-05-18 13:12:29+05:30,53414.0,0,0.0,0,0.0,0.0,53282.15,53585.15,52783.45,53710.35,0,0.0,0.0,0.0,0.0,-0.01,-1,-1,-0.01,-1,-1,-0.01,-1,-1,-0.01,-1,-1,-0.01,-1,-1,-0.01,-1,-1,-0.01,-1,-1,-0.01,-1,-1,-0.01,-1,-1,-0.01,-1,-1
99926009,2026-05-18 13:12:29+05:30,53417.05,0,0.0,0,0.0,0.0,53282.15,53585.15,52783.45,53710.35,0,0.0,0.0,0.0,0.0,-0.01,-1,-1,-0.01,-1,-1,-0.01,-1,-1,-0.01,-1,-1,-0.01,-1,-1,-0.01,-1,-1,-0.01,-1,-1,-0.01,-1,-1,-0.01,-1,-1,-0.01,-1,-1
99926009,2026-05-18 13:12:30+05:30,53415.1,0,0.0,0,0.0,0.0,53282.15,53585.15,52783.45,53710.35,0,0.0,0.0,0.0,0.0,-0.01,-1,-1,-0.01,-1,-1,-0.01,-1,-1,-0.01,-1,-1,-0.01,-1,-1,-0.01,-1,-1,-0.01,-1,-1,-0.01,-1,-1,-0.01,-1,-1,-0.01,-1,-1
99926009,2026-05-18 13:12:30+05:30,53414.95,0,0.0,0,0.0,0.0,53282.15,53585.15,52783.45,53710.35,0,0.0,0.0,0.0,0.0,-0.01,-1,-1,-0.01,-1,-1,-0.01,-1,-1,-0.01,-1,-1,-0.01,-1,-1,-0.01,-1,-1,-0.01,-1,-1,-0.01,-1,-1,-0.01,-1,-1,-0.01,-1,-1
99926009,2026-05-18 13:12:31+05:30,53414.35,0,0.0,0,0.0,0.0,53282.15,53585.15,52783.45,53710.35,0,0.0,0.0,0.0,0.0,-0.01,-1,-1,-0.01,-1,-1,-0.01,-1,-1,-0.01,-1,-1,-0.01,-1,-1,-0.01,-1,-1,-0.01,-1,-1,-0.01,-1,-1,-0.01,-1,-1,-0.01,-1,-1
99926009,2026-05-18 13:12:31+05:30,53409.55,0,0.0,0,0.0,0.0,53282.15,53585.15,52783.45,53710.35,0,0.0,0.0,0.0,0.0,-0.01,-1,-1,-0.01,-1,-1,-0.01,-1,-1,-0.01,-1,-1,-0.01,-1,-1,-0.01,-1,-1,-0.01,-1,-1,-0.01,-1,-1,-0.01,-1,-1,-0.01,-1,-1
99926009,2026-05-18 13:12:32+05:30,53412.95,0,0.0,0,0.0,0.0,53282.15,53585.15,52783.45,53710.35,0,0.0,0.0,0.0,0.0,-0.01,-1,-1,-0.01,-1,-1,-0.01,-1,-1,-0.01,-1,-1,-0.01,-1,-1,-0.01,-1,-1,-0.01,-1,-1,-0.01,-1,-1,-0.01,-1,-1,-0.01,-1,-1
99926009,2026-05-18 13:12:32+05:30,53413.3,0,0.0,0,0.0,0.0,53282.15,53585.15,52783.45,53710.35,0,0.0,0.0,0.0,0.0,-0.01,-1,-1,-0.01,-1,-1,-0.01,-1,-1,-0.01,-1,-1,-0.01,-1,-1,-0.01,-1,-1,-0.01,-1,-1,-0.01,-1,-1,-0.01,-1,-1,-0.01,-1,-1
99926009,2026-05-18 13:12:33+05:30,53415.5,0,0.0,0,0.0,0.0,53282.15,53585.15,52783.45,53710.35,0,0.0,0.0,0.0,0.0,-0.01,-1,-1,-0.01,-1,-1,-0.01,-1,-1,-0.01,-1,-1,-0.01,-1,-1,-0.01,-1,-1,-0.01,-1,-1,-0.01,-1,-1,-0.01,-1,-1,-0.01,-1,-1
99926009,2026-05-18 13:12:33+05:30,53415.3,0,0.0,0,0.0,0.0,53282.15,53585.15,52783.45,53710.35,0,0.0,0.0,0.0,0.0,-0.01,-1,-1,-0.01,-1,-1,-0.01,-1,-1,-0.01,-1,-1,-0.01,-1,-1,-0.01,-1,-1,-0.01,-1,-1,-0.01,-1,-1,-0.01,-1,-1,-0.01,-1,-1
99926009,2026-05-18 13:12:34+05:30,53415.45,0,0.0,0,0.0,0.0,53282.15,53585.15,52783.45,53710.35,0,0.0,0.0,0.0,0.0,-0.01,-1,-1,-0.01,-1,-1,-0.01,-1,-1,-0.01,-1,-1,-0.01,-1,-1,-0.01,-1,-1,-0.01,-1,-1,-0.01,-1,-1,-0.01,-1,-1,-0.01,-1,-1
99926009,2026-05-18 13:12:34+05:30,53416.85,0,0.0,0,0.0,0.0,53282.15,53585.15,52783.45,53710.35,0,0.0,0.0,0.0,0.0,-0.01,-1,-1,-0.01,-1,-1,-0.01,-1,-1,-0.01,-1,-1,-0.01,-1,-1,-0.01,-1,-1,-0.01,-1,-1,-0.01,-1,-1,-0.01,-1,-1,-0.01,-1,-1
99926009,2026-05-18 13:12:35+05:30,53413.2,0,0.0,0,0.0,0.0,53282.15,53585.15,52783.45,53710.35,0,0.0,0.0,0.0,0.0,-0.01,-1,-1,-0.01,-1,-1,-0.01,-1,-1,-0.01,-1,-1,-0.01,-1,-1,-0.01,-1,-1,-0.01,-1,-1,-0.01,-1,-1,-0.01,-1,-1,-0.01,-1,-1
99926009,2026-05-18 13:12:35+05:30,53419.4,0,0.0,0,0.0,0.0,53282.15,53585.15,52783.45,53710.35,0,0.0,0.0,0.0,0.0,-0.01,-1,-1,-0.01,-1,-1,-0.01,-1,-1,-0.01,-1,-1,-0.01,-1,-1,-0.01,-1,-1,-0.01,-1,-1,-0.01,-1,-1,-0.01,-1,-1,-0.01,-1,-1
99926009,2026-05-18 13:12:36+05:30,53418.25,0,0.0,0,0.0,0.0,53282.15,53585.15,52783.45,53710.35,0,0.0,0.0,0.0,0.0,-0.01,-1,-1,-0.01,-1,-1,-0.01,-1,-1,-0.01,-1,-1,-0.01,-1,-1,-0.01,-1,-1,-0.01,-1,-1,-0.01,-1,-1,-0.01,-1,-1,-0.01,-1,-1
99926009,2026-05-18 13:12:36+05:30,53418.45,0,0.0,0,0.0,0.0,53282.15,53585.15,52783.45,53710.35,0,0.0,0.0,0.0,0.0,-0.01,-1,-1,-0.01,-1,-1,-0.01,-1,-1,-0.01,-1,-1,-0.01,-1,-1,-0.01,-1,-1,-0.01,-1,-1,-0.01,-1,-1,-0.01,-1,-1,-0.01,-1,-1
99926009,2026-05-18 13:12:37+05:30,53418.9,0,0.0,0,0.0,0.0,53282.15,53585.15,52783.45,53710.35,0,0.0,0.0,0.0,0.0,-0.01,-1,-1,-0.01,-1,-1,-0.01,-1,-1,-0.01,-1,-1,-0.01,-1,-1,-0.01,-1,-1,-0.01,-1,-1,-0.01,-1,-1,-0.01,-1,-1,-0.01,-1,-1
99926009,2026-05-18 13:12:37+05:30,53420.1,0,0.0,0,0.0,0.0,53282.15,53585.15,52783.45,53710.35,0,0.0,0.0,0.0,0.0,-0.01,-1,-1,-0.01,-1,-1,-0.01,-1,-1,-0.01,-1,-1,-0.01,-1,-1,-0.01,-1,-1,-0.01,-1,-1,-0.01,-1,-1,-0.01,-1,-1,-0.01,-1,-1
99926009,2026-05-18 13:12:38+05:30,53418.85,0,0.0,0,0.0,0.0,53282.15,53585.15,52783.45,53710.35,0,0.0,0.0,0.0,0.0,-0.01,-1,-1,-0.01,-1,-1,-0.01,-1,-1,-0.01,-1,-1,-0.01,-1,-1,-0.01,-1,-1,-0.01,-1,-1,-0.01,-1,-1,-0.01,-1,-1,-0.01,-1,-1
99926009,2026-05-18 13:12:38+05:30,53420.8,0,0.0,0,0.0,0.0,53282.15,53585.15,52783.45,53710.35,0,0.0,0.0,0.0,0.0,-0.01,-1,-1,-0.01,-1,-1,-0.01,-1,-1,-0.01,-1,-1,-0.01,-1,-1,-0.01,-1,-1,-0.01,-1,-1,-0.01,-1,-1,-0.01,-1,-1,-0.01,-1,-1
99926009,2026-05-18 13:12:39+05:30,53417.95,0,0.0,0,0.0,0.0,53282.15,53585.15,52783.45,53710.35,0,0.0,0.0,0.0,0.0,-0.01,-1,-1,-0.01,-1,-1,-0.01,-1,-1,-0.01,-1,-1,-0.01,-1,-1,-0.01,-1,-1,-0.01,-1,-1,-0.01,-1,-1,-0.01,-1,-1,-0.01,-1,-1
99926009,2026-05-18 13:12:39+05:30,53417.45,0,0.0,0,0.0,0.0,53282.15,53585.15,52783.45,53710.35,0,0.0,0.0,0.0,0.0,-0.01,-1,-1,-0.01,-1,-1,-0.01,-1,-1,-0.01,-1,-1,-0.01,-1,-1,-0.01,-1,-1,-0.01,-1,-1,-0.01,-1,-1,-0.01,-1,-1,-0.01,-1,-1
99926009,2026-05-18 13:12:40+05:30,53416.35,0,0.0,0,0.0,0.0,53282.15,53585.15,52783.45,53710.35,0,0.0,0.0,0.0,0.0,-0.01,-1,-1,-0.01,-1,-1,-0.01,-1,-1,-0.01,-1,-1,-0.01,-1,-1,-0.01,-1,-1,-0.01,-1,-1,-0.01,-1,-1,-0.01,-1,-1,-0.01,-1,-1
99926009,2026-05-18 13:12:40+05:30,53417.95,0,0.0,0,0.0,0.0,53282.15,53585.15,52783.45,53710.35,0,0.0,0.0,0.0,0.0,-0.01,-1,-1,-0.01,-1,-1,-0.01,-1,-1,-0.01,-1,-1,-0.01,-1,-1,-0.01,-1,-1,-0.01,-1,-1,-0.01,-1,-1,-0.01,-1,-1,-0.01,-1,-1
99926009,2026-05-18 13:12:41+05:30,53417.65,0,0.0,0,0.0,0.0,53282.15,53585.15,52783.45,53710.35,0,0.0,0.0,0.0,0.0,-0.01,-1,-1,-0.01,-1,-1,-0.01,-1,-1,-0.01,-1,-1,-0.01,-1,-1,-0.01,-1,-1,-0.01,-1,-1,-0.01,-1,-1,-0.01,-1,-1,-0.01,-1,-1
99926009,2026-05-18 13:12:41+05:30,53420.7,0,0.0,0,0.0,0.0,53282.15,53585.15,52783.45,53710.35,0,0.0,0.0,0.0,0.0,-0.01,-1,-1,-0.01,-1,-1,-0.01,-1,-1,-0.01,-1,-1,-0.01,-1,-1,-0.01,-1,-1,-0.01,-1,-1,-0.01,-1,-1,-0.01,-1,-1,-0.01,-1,-1
99926009,2026-05-18 13:12:42+05:30,53423.85,0,0.0,0,0.0,0.0,53282.15,53585.15,52783.45,53710.35,0,0.0,0.0,0.0,0.0,-0.01,-1,-1,-0.01,-1,-1,-0.01,-1,-1,-0.01,-1,-1,-0.01,-1,-1,-0.01,-1,-1,-0.01,-1,-1,-0.01,-1,-1,-0.01,-1,-1,-0.01,-1,-1
99926009,2026-05-18 13:12:42+05:30,53424.05,0,0.0,0,0.0,0.0,53282.15,53585.15,52783.45,53710.35,0,0.0,0.0,0.0,0.0,-0.01,-1,-1,-0.01,-1,-1,-0.01,-1,-1,-0.01,-1,-1,-0.01,-1,-1,-0.01,-1,-1,-0.01,-1,-1,-0.01,-1,-1,-0.01,-1,-1,-0.01,-1,-1
99926009,2026-05-18 13:12:43+05:30,53417.15,0,0.0,0,0.0,0.0,53282.15,53585.15,52783.45,53710.35,0,0.0,0.0,0.0,0.0,-0.01,-1,-1,-0.01,-1,-1,-0.01,-1,-1,-0.01,-1,-1,-0.01,-1,-1,-0.01,-1,-1,-0.01,-1,-1,-0.01,-1,-1,-0.01,-1,-1,-0.01,-1,-1
99926009,2026-05-18 13:12:43+05:30,53417.75,0,0.0,0,0.0,0.0,53282.15,53585.15,52783.45,53710.35,0,0.0,0.0,0.0,0.0,-0.01,-1,-1,-0.01,-1,-1,-0.01,-1,-1,-0.01,-1,-1,-0.01,-1,-1,-0.01,-1,-1,-0.01,-1,-1,-0.01,-1,-1,-0.01,-1,-1,-0.01,-1,-1
99926009,2026-05-18 13:12:44+05:30,53418.95,0,0.0,0,0.0,0.0,53282.15,53585.15,52783.45,53710.35,0,0.0,0.0,0.0,0.0,-0.01,-1,-1,-0.01,-1,-1,-0.01,-1,-1,-0.01,-1,-1,-0.01,-1,-1,-0.01,-1,-1,-0.01,-1,-1,-0.01,-1,-1,-0.01,-1,-1,-0.01,-1,-1
99926009,2026-05-18 13:12:44+05:30,53422.05,0,0.0,0,0.0,0.0,53282.15,53585.15,52783.45,53710.35,0,0.0,0.0,0.0,0.0,-0.01,-1,-1,-0.01,-1,-1,-0.01,-1,-1,-0.01,-1,-1,-0.01,-1,-1,-0.01,-1,-1,-0.01,-1,-1,-0.01,-1,-1,-0.01,-1,-1,-0.01,-1,-1
99926009,2026-05-18 13:12:45+05:30,53418.6,0,0.0,0,0.0,0.0,53282.15,53585.15,52783.45,53710.35,0,0.0,0.0,0.0,0.0,-0.01,-1,-1,-0.01,-1,-1,-0.01,-1,-1,-0.01,-1,-1,-0.01,-1,-1,-0.01,-1,-1,-0.01,-1,-1,-0.01,-1,-1,-0.01,-1,-1,-0.01,-1,-1
99926009,2026-05-18 13:12:45+05:30,53421.95,0,0.0,0,0.0,0.0,53282.15,53585.15,52783.45,53710.35,0,0.0,0.0,0.0,0.0,-0.01,-1,-1,-0.01,-1,-1,-0.01,-1,-1,-0.01,-1,-1,-0.01,-1,-1,-0.01,-1,-1,-0.01,-1,-1,-0.01,-1,-1,-0.01,-1,-1,-0.01,-1,-1
99926009,2026-05-18 13:12:46+05:30,53415.6,0,0.0,0,0.0,0.0,53282.15,53585.15,52783.45,53710.35,0,0.0,0.0,0.0,0.0,-0.01,-1,-1,-0.01,-1,-1,-0.01,-1,-1,-0.01,-1,-1,-0.01,-1,-1,-0.01,-1,-1,-0.01,-1,-1,-0.01,-1,-1,-0.01,-1,-1,-0.01,-1,-1
99926009,2026-05-18 13:12:46+05:30,53415.25,0,0.0,0,0.0,0.0,53282.15,53585.15,52783.45,53710.35,0,0.0,0.0,0.0,0.0,-0.01,-1,-1,-0.01,-1,-1,-0.01,-1,-1,-0.01,-1,-1,-0.01,-1,-1,-0.01,-1,-1,-0.01,-1,-1,-0.01,-1,-1,-0.01,-1,-1,-0.01,-1,-1
99926009,2026-05-18 13:12:47+05:30,53410.35,0,0.0,0,0.0,0.0,53282.15,53585.15,52783.45,53710.35,0,0.0,0.0,0.0,0.0,-0.01,-1,-1,-0.01,-1,-1,-0.01,-1,-1,-0.01,-1,-1,-0.01,-1,-1,-0.01,-1,-1,-0.01,-1,-1,-0.01,-1,-1,-0.01,-1,-1,-0.01,-1,-1
99926009,2026-05-18 13:12:47+05:30,53408.5,0,0.0,0,0.0,0.0,53282.15,53585.15,52783.45,53710.35,0,0.0,0.0,0.0,0.0,-0.01,-1,-1,-0.01,-1,-1,-0.01,-1,-1,-0.01,-1,-1,-0.01,-1,-1,-0.01,-1,-1,-0.01,-1,-1,-0.01,-1,-1,-0.01,-1,-1,-0.01,-1,-1
99926009,2026-05-18 13:12:48+05:30,53407.5,0,0.0,0,0.0,0.0,53282.15,53585.15,52783.45,53710.35,0,0.0,0.0,0.0,0.0,-0.01,-1,-1,-0.01,-1,-1,-0.01,-1,-1,-0.01,-1,-1,-0.01,-1,-1,-0.01,-1,-1,-0.01,-1,-1,-0.01,-1,-1,-0.01,-1,-1,-0.01,-1,-1
99926009,2026-05-18 13:12:48+05:30,53410.1,0,0.0,0,0.0,0.0,53282.15,53585.15,52783.45,53710.35,0,0.0,0.0,0.0,0.0,-0.01,-1,-1,-0.01,-1,-1,-0.01,-1,-1,-0.01,-1,-1,-0.01,-1,-1,-0.01,-1,-1,-0.01,-1,-1,-0.01,-1,-1,-0.01,-1,-1,-0.01,-1,-1
99926009,2026-05-18 13:12:49+05:30,53410.45,0,0.0,0,0.0,0.0,53282.15,53585.15,52783.45,53710.35,0,0.0,0.0,0.0,0.0,-0.01,-1,-1,-0.01,-1,-1,-0.01,-1,-1,-0.01,-1,-1,-0.01,-1,-1,-0.01,-1,-1,-0.01,-1,-1,-0.01,-1,-1,-0.01,-1,-1,-0.01,-1,-1
99926009,2026-05-18 13:12:49+05:30,53409.6,0,0.0,0,0.0,0.0,53282.15,53585.15,52783.45,53710.35,0,0.0,0.0,0.0,0.0,-0.01,-1,-1,-0.01,-1,-1,-0.01,-1,-1,-0.01,-1,-1,-0.01,-1,-1,-0.01,-1,-1,-0.01,-1,-1,-0.01,-1,-1,-0.01,-1,-1,-0.01,-1,-1
99926009,2026-05-18 13:12:50+05:30,53408.75,0,0.0,0,0.0,0.0,53282.15,53585.15,52783.45,53710.35,0,0.0,0.0,0.0,0.0,-0.01,-1,-1,-0.01,-1,-1,-0.01,-1,-1,-0.01,-1,-1,-0.01,-1,-1,-0.01,-1,-1,-0.01,-1,-1,-0.01,-1,-1,-0.01,-1,-1,-0.01,-1,-1
99926009,2026-05-18 13:12:50+05:30,53408.8,0,0.0,0,0.0,0.0,53282.15,53585.15,52783.45,53710.35,0,0.0,0.0,0.0,0.0,-0.01,-1,-1,-0.01,-1,-1,-0.01,-1,-1,-0.01,-1,-1,-0.01,-1,-1,-0.01,-1,-1,-0.01,-1,-1,-0.01,-1,-1,-0.01,-1,-1,-0.01,-1,-1
99926009,2026-05-18 13:12:51+05:30,53411.55,0,0.0,0,0.0,0.0,53282.15,53585.15,52783.45,53710.35,0,0.0,0.0,0.0,0.0,-0.01,-1,-1,-0.01,-1,-1,-0.01,-1,-1,-0.01,-1,-1,-0.01,-1,-1,-0.01,-1,-1,-0.01,-1,-1,-0.01,-1,-1,-0.01,-1,-1,-0.01,-1,-1
99926009,2026-05-18 13:12:51+05:30,53410.65,0,0.0,0,0.0,0.0,53282.15,53585.15,52783.45,53710.35,0,0.0,0.0,0.0,0.0,-0.01,-1,-1,-0.01,-1,-1,-0.01,-1,-1,-0.01,-1,-1,-0.01,-1,-1,-0.01,-1,-1,-0.01,-1,-1,-0.01,-1,-1,-0.01,-1,-1,-0.01,-1,-1
99926009,2026-05-18 13:12:52+05:30,53410.15,0,0.0,0,0.0,0.0,53282.15,53585.15,52783.45,53710.35,0,0.0,0.0,0.0,0.0,-0.01,-1,-1,-0.01,-1,-1,-0.01,-1,-1,-0.01,-1,-1,-0.01,-1,-1,-0.01,-1,-1,-0.01,-1,-1,-0.01,-1,-1,-0.01,-1,-1,-0.01,-1,-1
99926009,2026-05-18 13:12:52+05:30,53410.75,0,0.0,0,0.0,0.0,53282.15,53585.15,52783.45,53710.35,0,0.0,0.0,0.0,0.0,-0.01,-1,-1,-0.01,-1,-1,-0.01,-1,-1,-0.01,-1,-1,-0.01,-1,-1,-0.01,-1,-1,-0.01,-1,-1,-0.01,-1,-1,-0.01,-1,-1,-0.01,-1,-1
99926009,2026-05-18 13:12:53+05:30,53413.35,0,0.0,0,0.0,0.0,53282.15,53585.15,52783.45,53710.35,0,0.0,0.0,0.0,0.0,-0.01,-1,-1,-0.01,-1,-1,-0.01,-1,-1,-0.01,-1,-1,-0.01,-1,-1,-0.01,-1,-1,-0.01,-1,-1,-0.01,-1,-1,-0.01,-1,-1,-0.01,-1,-1
99926009,2026-05-18 13:12:53+05:30,53411.55,0,0.0,0,0.0,0.0,53282.15,53585.15,52783.45,53710.35,0,0.0,0.0,0.0,0.0,-0.01,-1,-1,-0.01,-1,-1,-0.01,-1,-1,-0.01,-1,-1,-0.01,-1,-1,-0.01,-1,-1,-0.01,-1,-1,-0.01,-1,-1,-0.01,-1,-1,-0.01,-1,-1
99926009,2026-05-18 13:12:54+05:30,53409.5,0,0.0,0,0.0,0.0,53282.15,53585.15,52783.45,53710.35,0,0.0,0.0,0.0,0.0,-0.01,-1,-1,-0.01,-1,-1,-0.01,-1,-1,-0.01,-1,-1,-0.01,-1,-1,-0.01,-1,-1,-0.01,-1,-1,-0.01,-1,-1,-0.01,-1,-1,-0.01,-1,-1
99926009,2026-05-18 13:12:54+05:30,53413.05,0,0.0,0,0.0,0.0,53282.15,53585.15,52783.45,53710.35,0,0.0,0.0,0.0,0.0,-0.01,-1,-1,-0.01,-1,-1,-0.01,-1,-1,-0.01,-1,-1,-0.01,-1,-1,-0.01,-1,-1,-0.01,-1,-1,-0.01,-1,-1,-0.01,-1,-1,-0.01,-1,-1
99926009,2026-05-18 13:12:55+05:30,53411.85,0,0.0,0,0.0,0.0,53282.15,53585.15,52783.45,53710.35,0,0.0,0.0,0.0,0.0,-0.01,-1,-1,-0.01,-1,-1,-0.01,-1,-1,-0.01,-1,-1,-0.01,-1,-1,-0.01,-1,-1,-0.01,-1,-1,-0.01,-1,-1,-0.01,-1,-1,-0.01,-1,-1
99926009,2026-05-18 13:12:55+05:30,53413.45,0,0.0,0,0.0,0.0,53282.15,53585.15,52783.45,53710.35,0,0.0,0.0,0.0,0.0,-0.01,-1,-1,-0.01,-1,-1,-0.01,-1,-1,-0.01,-1,-1,-0.01,-1,-1,-0.01,-1,-1,-0.01,-1,-1,-0.01,-1,-1,-0.01,-1,-1,-0.01,-1,-1
99926009,2026-05-18 13:12:56+05:30,53414.1,0,0.0,0,0.0,0.0,53282.15,53585.15,52783.45,53710.35,0,0.0,0.0,0.0,0.0,-0.01,-1,-1,-0.01,-1,-1,-0.01,-1,-1,-0.01,-1,-1,-0.01,-1,-1,-0.01,-1,-1,-0.01,-1,-1,-0.01,-1,-1,-0.01,-1,-1,-0.01,-1,-1
99926009,2026-05-18 13:12:56+05:30,53411.2,0,0.0,0,0.0,0.0,53282.15,53585.15,52783.45,53710.35,0,0.0,0.0,0.0,0.0,-0.01,-1,-1,-0.01,-1,-1,-0.01,-1,-1,-0.01,-1,-1,-0.01,-1,-1,-0.01,-1,-1,-0.01,-1,-1,-0.01,-1,-1,-0.01,-1,-1,-0.01,-1,-1
99926009,2026-05-18 13:12:57+05:30,53409.55,0,0.0,0,0.0,0.0,53282.15,53585.15,52783.45,53710.35,0,0.0,0.0,0.0,0.0,-0.01,-1,-1,-0.01,-1,-1,-0.01,-1,-1,-0.01,-1,-1,-0.01,-1,-1,-0.01,-1,-1,-0.01,-1,-1,-0.01,-1,-1,-0.01,-1,-1,-0.01,-1,-1
99926009,2026-05-18 13:12:57+05:30,53412.05,0,0.0,0,0.0,0.0,53282.15,53585.15,52783.45,53710.35,0,0.0,0.0,0.0,0.0,-0.01,-1,-1,-0.01,-1,-1,-0.01,-1,-1,-0.01,-1,-1,-0.01,-1,-1,-0.01,-1,-1,-0.01,-1,-1,-0.01,-1,-1,-0.01,-1,-1,-0.01,-1,-1
99926009,2026-05-18 13:12:58+05:30,53411.5,0,0.0,0,0.0,0.0,53282.15,53585.15,52783.45,53710.35,0,0.0,0.0,0.0,0.0,-0.01,-1,-1,-0.01,-1,-1,-0.01,-1,-1,-0.01,-1,-1,-0.01,-1,-1,-0.01,-1,-1,-0.01,-1,-1,-0.01,-1,-1,-0.01,-1,-1,-0.01,-1,-1
99926009,2026-05-18 13:12:58+05:30,53412.85,0,0.0,0,0.0,0.0,53282.15,53585.15,52783.45,53710.35,0,0.0,0.0,0.0,0.0,-0.01,-1,-1,-0.01,-1,-1,-0.01,-1,-1,-0.01,-1,-1,-0.01,-1,-1,-0.01,-1,-1,-0.01,-1,-1,-0.01,-1,-1,-0.01,-1,-1,-0.01,-1,-1
99926009,2026-05-18 13:12:59+05:30,53413.65,0,0.0,0,0.0,0.0,53282.15,53585.15,52783.45,53710.35,0,0.0,0.0,0.0,0.0,-0.01,-1,-1,-0.01,-1,-1,-0.01,-1,-1,-0.01,-1,-1,-0.01,-1,-1,-0.01,-1,-1,-0.01,-1,-1,-0.01,-1,-1,-0.01,-1,-1,-0.01,-1,-1
99926009,2026-05-18 13:12:59+05:30,53411.45,0,0.0,0,0.0,0.0,53282.15,53585.15,52783.45,53710.35,0,0.0,0.0,0.0,0.0,-0.01,-1,-1,-0.01,-1,-1,-0.01,-1,-1,-0.01,-1,-1,-0.01,-1,-1,-0.01,-1,-1,-0.01,-1,-1,-0.01,-1,-1,-0.01,-1,-1,-0.01,-1,-1
99926009,2026-05-18 13:13:00+05:30,53411.8,0,0.0,0,0.0,0.0,53282.15,53585.15,52783.45,53710.35,0,0.0,0.0,0.0,0.0,-0.01,-1,-1,-0.01,-1,-1,-0.01,-1,-1,-0.01,-1,-1,-0.01,-1,-1,-0.01,-1,-1,-0.01,-1,-1,-0.01,-1,-1,-0.01,-1,-1,-0.01,-1,-1
99926009,2026-05-18 13:13:00+05:30,53413.2,0,0.0,0,0.0,0.0,53282.15,53585.15,52783.45,53710.35,0,0.0,0.0,0.0,0.0,-0.01,-1,-1,-0.01,-1,-1,-0.01,-1,-1,-0.01,-1,-1,-0.01,-1,-1,-0.01,-1,-1,-0.01,-1,-1,-0.01,-1,-1,-0.01,-1,-1,-0.01,-1,-1
99926009,2026-05-18 13:13:01+05:30,53409.85,0,0.0,0,0.0,0.0,53282.15,53585.15,52783.45,53710.35,0,0.0,0.0,0.0,0.0,-0.01,-1,-1,-0.01,-1,-1,-0.01,-1,-1,-0.01,-1,-1,-0.01,-1,-1,-0.01,-1,-1,-0.01,-1,-1,-0.01,-1,-1,-0.01,-1,-1,-0.01,-1,-1
99926009,2026-05-18 13:13:01+05:30,53416.4,0,0.0,0,0.0,0.0,53282.15,53585.15,52783.45,53710.35,0,0.0,0.0,0.0,0.0,-0.01,-1,-1,-0.01,-1,-1,-0.01,-1,-1,-0.01,-1,-1,-0.01,-1,-1,-0.01,-1,-1,-0.01,-1,-1,-0.01,-1,-1,-0.01,-1,-1,-0.01,-1,-1
99926009,2026-05-18 13:13:02+05:30,53412.0,0,0.0,0,0.0,0.0,53282.15,53585.15,52783.45,53710.35,0,0.0,0.0,0.0,0.0,-0.01,-1,-1,-0.01,-1,-1,-0.01,-1,-1,-0.01,-1,-1,-0.01,-1,-1,-0.01,-1,-1,-0.01,-1,-1,-0.01,-1,-1,-0.01,-1,-1,-0.01,-1,-1
99926009,2026-05-18 13:13:02+05:30,53412.45,0,0.0,0,0.0,0.0,53282.15,53585.15,52783.45,53710.35,0,0.0,0.0,0.0,0.0,-0.01,-1,-1,-0.01,-1,-1,-0.01,-1,-1,-0.01,-1,-1,-0.01,-1,-1,-0.01,-1,-1,-0.01,-1,-1,-0.01,-1,-1,-0.01,-1,-1,-0.01,-1,-1
99926009,2026-05-18 13:13:03+05:30,53412.15,0,0.0,0,0.0,0.0,53282.15,53585.15,52783.45,53710.35,0,0.0,0.0,0.0,0.0,-0.01,-1,-1,-0.01,-1,-1,-0.01,-1,-1,-0.01,-1,-1,-0.01,-1,-1,-0.01,-1,-1,-0.01,-1,-1,-0.01,-1,-1,-0.01,-1,-1,-0.01,-1,-1
99926009,2026-05-18 13:13:03+05:30,53414.75,0,0.0,0,0.0,0.0,53282.15,53585.15,52783.45,53710.35,0,0.0,0.0,0.0,0.0,-0.01,-1,-1,-0.01,-1,-1,-0.01,-1,-1,-0.01,-1,-1,-0.01,-1,-1,-0.01,-1,-1,-0.01,-1,-1,-0.01,-1,-1,-0.01,-1,-1,-0.01,-1,-1
99926009,2026-05-18 13:13:04+05:30,53415.3,0,0.0,0,0.0,0.0,53282.15,53585.15,52783.45,53710.35,0,0.0,0.0,0.0,0.0,-0.01,-1,-1,-0.01,-1,-1,-0.01,-1,-1,-0.01,-1,-1,-0.01,-1,-1,-0.01,-1,-1,-0.01,-1,-1,-0.01,-1,-1,-0.01,-1,-1,-0.01,-1,-1
99926009,2026-05-18 13:13:04+05:30,53413.3,0,0.0,0,0.0,0.0,53282.15,53585.15,52783.45,53710.35,0,0.0,0.0,0.0,0.0,-0.01,-1,-1,-0.01,-1,-1,-0.01,-1,-1,-0.01,-1,-1,-0.01,-1,-1,-0.01,-1,-1,-0.01,-1,-1,-0.01,-1,-1,-0.01,-1,-1,-0.01,-1,-1
99926009,2026-05-18 13:13:05+05:30,53415.8,0,0.0,0,0.0,0.0,53282.15,53585.15,52783.45,53710.35,0,0.0,0.0,0.0,0.0,-0.01,-1,-1,-0.01,-1,-1,-0.01,-1,-1,-0.01,-1,-1,-0.01,-1,-1,-0.01,-1,-1,-0.01,-1,-1,-0.01,-1,-1,-0.01,-1,-1,-0.01,-1,-1
99926009,2026-05-18 13:13:05+05:30,53415.95,0,0.0,0,0.0,0.0,53282.15,53585.15,52783.45,53710.35,0,0.0,0.0,0.0,0.0,-0.01,-1,-1,-0.01,-1,-1,-0.01,-1,-1,-0.01,-1,-1,-0.01,-1,-1,-0.01,-1,-1,-0.01,-1,-1,-0.01,-1,-1,-0.01,-1,-1,-0.01,-1,-1
99926009,2026-05-18 13:13:06+05:30,53412.35,0,0.0,0,0.0,0.0,53282.15,53585.15,52783.45,53710.35,0,0.0,0.0,0.0,0.0,-0.01,-1,-1,-0.01,-1,-1,-0.01,-1,-1,-0.01,-1,-1,-0.01,-1,-1,-0.01,-1,-1,-0.01,-1,-1,-0.01,-1,-1,-0.01,-1,-1,-0.01,-1,-1
99926009,2026-05-18 13:13:06+05:30,53411.8,0,0.0,0,0.0,0.0,53282.15,53585.15,52783.45,53710.35,0,0.0,0.0,0.0,0.0,-0.01,-1,-1,-0.01,-1,-1,-0.01,-1,-1,-0.01,-1,-1,-0.01,-1,-1,-0.01,-1,-1,-0.01,-1,-1,-0.01,-1,-1,-0.01,-1,-1,-0.01,-1,-1
99926009,2026-05-18 13:13:07+05:30,53413.35,0,0.0,0,0.0,0.0,53282.15,53585.15,52783.45,53710.35,0,0.0,0.0,0.0,0.0,-0.01,-1,-1,-0.01,-1,-1,-0.01,-1,-1,-0.01,-1,-1,-0.01,-1,-1,-0.01,-1,-1,-0.01,-1,-1,-0.01,-1,-1,-0.01,-1,-1,-0.01,-1,-1
99926009,2026-05-18 13:13:07+05:30,53411.0,0,0.0,0,0.0,0.0,53282.15,53585.15,52783.45,53710.35,0,0.0,0.0,0.0,0.0,-0.01,-1,-1,-0.01,-1,-1,-0.01,-1,-1,-0.01,-1,-1,-0.01,-1,-1,-0.01,-1,-1,-0.01,-1,-1,-0.01,-1,-1,-0.01,-1,-1,-0.01,-1,-1
99926009,2026-05-18 13:13:08+05:30,53407.35,0,0.0,0,0.0,0.0,53282.15,53585.15,52783.45,53710.35,0,0.0,0.0,0.0,0.0,-0.01,-1,-1,-0.01,-1,-1,-0.01,-1,-1,-0.01,-1,-1,-0.01,-1,-1,-0.01,-1,-1,-0.01,-1,-1,-0.01,-1,-1,-0.01,-1,-1,-0.01,-1,-1
99926009,2026-05-18 13:13:08+05:30,53407.15,0,0.0,0,0.0,0.0,53282.15,53585.15,52783.45,53710.35,0,0.0,0.0,0.0,0.0,-0.01,-1,-1,-0.01,-1,-1,-0.01,-1,-1,-0.01,-1,-1,-0.01,-1,-1,-0.01,-1,-1,-0.01,-1,-1,-0.01,-1,-1,-0.01,-1,-1,-0.01,-1,-1
99926009,2026-05-18 13:13:09+05:30,53404.75,0,0.0,0,0.0,0.0,53282.15,53585.15,52783.45,53710.35,0,0.0,0.0,0.0,0.0,-0.01,-1,-1,-0.01,-1,-1,-0.01,-1,-1,-0.01,-1,-1,-0.01,-1,-1,-0.01,-1,-1,-0.01,-1,-1,-0.01,-1,-1,-0.01,-1,-1,-0.01,-1,-1
99926009,2026-05-18 13:13:09+05:30,53405.65,0,0.0,0,0.0,0.0,53282.15,53585.15,52783.45,53710.35,0,0.0,0.0,0.0,0.0,-0.01,-1,-1,-0.01,-1,-1,-0.01,-1,-1,-0.01,-1,-1,-0.01,-1,-1,-0.01,-1,-1,-0.01,-1,-1,-0.01,-1,-1,-0.01,-1,-1,-0.01,-1,-1
99926009,2026-05-18 13:13:10+05:30,53406.7,0,0.0,0,0.0,0.0,53282.15,53585.15,52783.45,53710.35,0,0.0,0.0,0.0,0.0,-0.01,-1,-1,-0.01,-1,-1,-0.01,-1,-1,-0.01,-1,-1,-0.01,-1,-1,-0.01,-1,-1,-0.01,-1,-1,-0.01,-1,-1,-0.01,-1,-1,-0.01,-1,-1
99926009,2026-05-18 13:13:10+05:30,53403.3,0,0.0,0,0.0,0.0,53282.15,53585.15,52783.45,53710.35,0,0.0,0.0,0.0,0.0,-0.01,-1,-1,-0.01,-1,-1,-0.01,-1,-1,-0.01,-1,-1,-0.01,-1,-1,-0.01,-1,-1,-0.01,-1,-1,-0.01,-1,-1,-0.01,-1,-1,-0.01,-1,-1
99926009,2026-05-18 13:13:11+05:30,53401.1,0,0.0,0,0.0,0.0,53282.15,53585.15,52783.45,53710.35,0,0.0,0.0,0.0,0.0,-0.01,-1,-1,-0.01,-1,-1,-0.01,-1,-1,-0.01,-1,-1,-0.01,-1,-1,-0.01,-1,-1,-0.01,-1,-1,-0.01,-1,-1,-0.01,-1,-1,-0.01,-1,-1
99926009,2026-05-18 13:13:11+05:30,53403.4,0,0.0,0,0.0,0.0,53282.15,53585.15,52783.45,53710.35,0,0.0,0.0,0.0,0.0,-0.01,-1,-1,-0.01,-1,-1,-0.01,-1,-1,-0.01,-1,-1,-0.01,-1,-1,-0.01,-1,-1,-0.01,-1,-1,-0.01,-1,-1,-0.01,-1,-1,-0.01,-1,-1
99926009,2026-05-18 13:13:12+05:30,53403.3,0,0.0,0,0.0,0.0,53282.15,53585.15,52783.45,53710.35,0,0.0,0.0,0.0,0.0,-0.01,-1,-1,-0.01,-1,-1,-0.01,-1,-1,-0.01,-1,-1,-0.01,-1,-1,-0.01,-1,-1,-0.01,-1,-1,-0.01,-1,-1,-0.01,-1,-1,-0.01,-1,-1
99926009,2026-05-18 13:13:12+05:30,53402.15,0,0.0,0,0.0,0.0,53282.15,53585.15,52783.45,53710.35,0,0.0,0.0,0.0,0.0,-0.01,-1,-1,-0.01,-1,-1,-0.01,-1,-1,-0.01,-1,-1,-0.01,-1,-1,-0.01,-1,-1,-0.01,-1,-1,-0.01,-1,-1,-0.01,-1,-1,-0.01,-1,-1
99926009,2026-05-18 13:13:13+05:30,53402.0,0,0.0,0,0.0,0.0,53282.15,53585.15,52783.45,53710.35,0,0.0,0.0,0.0,0.0,-0.01,-1,-1,-0.01,-1,-1,-0.01,-1,-1,-0.01,-1,-1,-0.01,-1,-1,-0.01,-1,-1,-0.01,-1,-1,-0.01,-1,-1,-0.01,-1,-1,-0.01,-1,-1
99926009,2026-05-18 13:13:13+05:30,53402.4,0,0.0,0,0.0,0.0,53282.15,53585.15,52783.45,53710.35,0,0.0,0.0,0.0,0.0,-0.01,-1,-1,-0.01,-1,-1,-0.01,-1,-1,-0.01,-1,-1,-0.01,-1,-1,-0.01,-1,-1,-0.01,-1,-1,-0.01,-1,-1,-0.01,-1,-1,-0.01,-1,-1
99926009,2026-05-18 13:13:14+05:30,53400.7,0,0.0,0,0.0,0.0,53282.15,53585.15,52783.45,53710.35,0,0.0,0.0,0.0,0.0,-0.01,-1,-1,-0.01,-1,-1,-0.01,-1,-1,-0.01,-1,-1,-0.01,-1,-1,-0.01,-1,-1,-0.01,-1,-1,-0.01,-1,-1,-0.01,-1,-1,-0.01,-1,-1
99926009,2026-05-18 13:13:14+05:30,53402.95,0,0.0,0,0.0,0.0,53282.15,53585.15,52783.45,53710.35,0,0.0,0.0,0.0,0.0,-0.01,-1,-1,-0.01,-1,-1,-0.01,-1,-1,-0.01,-1,-1,-0.01,-1,-1,-0.01,-1,-1,-0.01,-1,-1,-0.01,-1,-1,-0.01,-1,-1,-0.01,-1,-1
99926009,2026-05-18 13:13:15+05:30,53403.3,0,0.0,0,0.0,0.0,53282.15,53585.15,52783.45,53710.35,0,0.0,0.0,0.0,0.0,-0.01,-1,-1,-0.01,-1,-1,-0.01,-1,-1,-0.01,-1,-1,-0.01,-1,-1,-0.01,-1,-1,-0.01,-1,-1,-0.01,-1,-1,-0.01,-1,-1,-0.01,-1,-1
99926009,2026-05-18 13:13:15+05:30,53404.4,0,0.0,0,0.0,0.0,53282.15,53585.15,52783.45,53710.35,0,0.0,0.0,0.0,0.0,-0.01,-1,-1,-0.01,-1,-1,-0.01,-1,-1,-0.01,-1,-1,-0.01,-1,-1,-0.01,-1,-1,-0.01,-1,-1,-0.01,-1,-1,-0.01,-1,-1,-0.01,-1,-1
99926009,2026-05-18 13:13:16+05:30,53405.0,0,0.0,0,0.0,0.0,53282.15,53585.15,52783.45,53710.35,0,0.0,0.0,0.0,0.0,-0.01,-1,-1,-0.01,-1,-1,-0.01,-1,-1,-0.01,-1,-1,-0.01,-1,-1,-0.01,-1,-1,-0.01,-1,-1,-0.01,-1,-1,-0.01,-1,-1,-0.01,-1,-1
99926009,2026-05-18 13:13:16+05:30,53402.4,0,0.0,0,0.0,0.0,53282.15,53585.15,52783.45,53710.35,0,0.0,0.0,0.0,0.0,-0.01,-1,-1,-0.01,-1,-1,-0.01,-1,-1,-0.01,-1,-1,-0.01,-1,-1,-0.01,-1,-1,-0.01,-1,-1,-0.01,-1,-1,-0.01,-1,-1,-0.01,-1,-1
99926009,2026-05-18 13:13:17+05:30,53402.9,0,0.0,0,0.0,0.0,53282.15,53585.15,52783.45,53710.35,0,0.0,0.0,0.0,0.0,-0.01,-1,-1,-0.01,-1,-1,-0.01,-1,-1,-0.01,-1,-1,-0.01,-1,-1,-0.01,-1,-1,-0.01,-1,-1,-0.01,-1,-1,-0.01,-1,-1,-0.01,-1,-1
99926009,2026-05-18 13:13:17+05:30,53400.65,0,0.0,0,0.0,0.0,53282.15,53585.15,52783.45,53710.35,0,0.0,0.0,0.0,0.0,-0.01,-1,-1,-0.01,-1,-1,-0.01,-1,-1,-0.01,-1,-1,-0.01,-1,-1,-0.01,-1,-1,-0.01,-1,-1,-0.01,-1,-1,-0.01,-1,-1,-0.01,-1,-1
99926009,2026-05-18 13:13:18+05:30,53399.45,0,0.0,0,0.0,0.0,53282.15,53585.15,52783.45,53710.35,0,0.0,0.0,0.0,0.0,-0.01,-1,-1,-0.01,-1,-1,-0.01,-1,-1,-0.01,-1,-1,-0.01,-1,-1,-0.01,-1,-1,-0.01,-1,-1,-0.01,-1,-1,-0.01,-1,-1,-0.01,-1,-1
99926009,2026-05-18 13:13:18+05:30,53399.05,0,0.0,0,0.0,0.0,53282.15,53585.15,52783.45,53710.35,0,0.0,0.0,0.0,0.0,-0.01,-1,-1,-0.01,-1,-1,-0.01,-1,-1,-0.01,-1,-1,-0.01,-1,-1,-0.01,-1,-1,-0.01,-1,-1,-0.01,-1,-1,-0.01,-1,-1,-0.01,-1,-1
99926009,2026-05-18 13:13:19+05:30,53398.6,0,0.0,0,0.0,0.0,53282.15,53585.15,52783.45,53710.35,0,0.0,0.0,0.0,0.0,-0.01,-1,-1,-0.01,-1,-1,-0.01,-1,-1,-0.01,-1,-1,-0.01,-1,-1,-0.01,-1,-1,-0.01,-1,-1,-0.01,-1,-1,-0.01,-1,-1,-0.01,-1,-1
99926009,2026-05-18 13:13:19+05:30,53401.35,0,0.0,0,0.0,0.0,53282.15,53585.15,52783.45,53710.35,0,0.0,0.0,0.0,0.0,-0.01,-1,-1,-0.01,-1,-1,-0.01,-1,-1,-0.01,-1,-1,-0.01,-1,-1,-0.01,-1,-1,-0.01,-1,-1,-0.01,-1,-1,-0.01,-1,-1,-0.01,-1,-1
99926009,2026-05-18 13:13:20+05:30,53403.25,0,0.0,0,0.0,0.0,53282.15,53585.15,52783.45,53710.35,0,0.0,0.0,0.0,0.0,-0.01,-1,-1,-0.01,-1,-1,-0.01,-1,-1,-0.01,-1,-1,-0.01,-1,-1,-0.01,-1,-1,-0.01,-1,-1,-0.01,-1,-1,-0.01,-1,-1,-0.01,-1,-1
99926009,2026-05-18 13:13:20+05:30,53403.4,0,0.0,0,0.0,0.0,53282.15,53585.15,52783.45,53710.35,0,0.0,0.0,0.0,0.0,-0.01,-1,-1,-0.01,-1,-1,-0.01,-1,-1,-0.01,-1,-1,-0.01,-1,-1,-0.01,-1,-1,-0.01,-1,-1,-0.01,-1,-1,-0.01,-1,-1,-0.01,-1,-1
99926009,2026-05-18 13:13:21+05:30,53400.95,0,0.0,0,0.0,0.0,53282.15,53585.15,52783.45,53710.35,0,0.0,0.0,0.0,0.0,-0.01,-1,-1,-0.01,-1,-1,-0.01,-1,-1,-0.01,-1,-1,-0.01,-1,-1,-0.01,-1,-1,-0.01,-1,-1,-0.01,-1,-1,-0.01,-1,-1,-0.01,-1,-1
99926009,2026-05-18 13:13:21+05:30,53400.7,0,0.0,0,0.0,0.0,53282.15,53585.15,52783.45,53710.35,0,0.0,0.0,0.0,0.0,-0.01,-1,-1,-0.01,-1,-1,-0.01,-1,-1,-0.01,-1,-1,-0.01,-1,-1,-0.01,-1,-1,-0.01,-1,-1,-0.01,-1,-1,-0.01,-1,-1,-0.01,-1,-1
99926009,2026-05-18 13:13:22+05:30,53401.65,0,0.0,0,0.0,0.0,53282.15,53585.15,52783.45,53710.35,0,0.0,0.0,0.0,0.0,-0.01,-1,-1,-0.01,-1,-1,-0.01,-1,-1,-0.01,-1,-1,-0.01,-1,-1,-0.01,-1,-1,-0.01,-1,-1,-0.01,-1,-1,-0.01,-1,-1,-0.01,-1,-1
99926009,2026-05-18 13:13:22+05:30,53399.5,0,0.0,0,0.0,0.0,53282.15,53585.15,52783.45,53710.35,0,0.0,0.0,0.0,0.0,-0.01,-1,-1,-0.01,-1,-1,-0.01,-1,-1,-0.01,-1,-1,-0.01,-1,-1,-0.01,-1,-1,-0.01,-1,-1,-0.01,-1,-1,-0.01,-1,-1,-0.01,-1,-1
99926009,2026-05-18 13:13:23+05:30,53400.3,0,0.0,0,0.0,0.0,53282.15,53585.15,52783.45,53710.35,0,0.0,0.0,0.0,0.0,-0.01,-1,-1,-0.01,-1,-1,-0.01,-1,-1,-0.01,-1,-1,-0.01,-1,-1,-0.01,-1,-1,-0.01,-1,-1,-0.01,-1,-1,-0.01,-1,-1,-0.01,-1,-1
99926009,2026-05-18 13:13:23+05:30,53400.15,0,0.0,0,0.0,0.0,53282.15,53585.15,52783.45,53710.35,0,0.0,0.0,0.0,0.0,-0.01,-1,-1,-0.01,-1,-1,-0.01,-1,-1,-0.01,-1,-1,-0.01,-1,-1,-0.01,-1,-1,-0.01,-1,-1,-0.01,-1,-1,-0.01,-1,-1,-0.01,-1,-1
99926009,2026-05-18 13:13:24+05:30,53398.3,0,0.0,0,0.0,0.0,53282.15,53585.15,52783.45,53710.35,0,0.0,0.0,0.0,0.0,-0.01,-1,-1,-0.01,-1,-1,-0.01,-1,-1,-0.01,-1,-1,-0.01,-1,-1,-0.01,-1,-1,-0.01,-1,-1,-0.01,-1,-1,-0.01,-1,-1,-0.01,-1,-1
99926009,2026-05-18 13:13:24+05:30,53397.7,0,0.0,0,0.0,0.0,53282.15,53585.15,52783.45,53710.35,0,0.0,0.0,0.0,0.0,-0.01,-1,-1,-0.01,-1,-1,-0.01,-1,-1,-0.01,-1,-1,-0.01,-1,-1,-0.01,-1,-1,-0.01,-1,-1,-0.01,-1,-1,-0.01,-1,-1,-0.01,-1,-1
99926009,2026-05-18 13:13:25+05:30,53398.3,0,0.0,0,0.0,0.0,53282.15,53585.15,52783.45,53710.35,0,0.0,0.0,0.0,0.0,-0.01,-1,-1,-0.01,-1,-1,-0.01,-1,-1,-0.01,-1,-1,-0.01,-1,-1,-0.01,-1,-1,-0.01,-1,-1,-0.01,-1,-1,-0.01,-1,-1,-0.01,-1,-1
99926009,2026-05-18 13:13:25+05:30,53400.35,0,0.0,0,0.0,0.0,53282.15,53585.15,52783.45,53710.35,0,0.0,0.0,0.0,0.0,-0.01,-1,-1,-0.01,-1,-1,-0.01,-1,-1,-0.01,-1,-1,-0.01,-1,-1,-0.01,-1,-1,-0.01,-1,-1,-0.01,-1,-1,-0.01,-1,-1,-0.01,-1,-1
99926009,2026-05-18 13:13:26+05:30,53400.6,0,0.0,0,0.0,0.0,53282.15,53585.15,52783.45,53710.35,0,0.0,0.0,0.0,0.0,-0.01,-1,-1,-0.01,-1,-1,-0.01,-1,-1,-0.01,-1,-1,-0.01,-1,-1,-0.01,-1,-1,-0.01,-1,-1,-0.01,-1,-1,-0.01,-1,-1,-0.01,-1,-1
99926009,2026-05-18 13:13:26+05:30,53402.65,0,0.0,0,0.0,0.0,53282.15,53585.15,52783.45,53710.35,0,0.0,0.0,0.0,0.0,-0.01,-1,-1,-0.01,-1,-1,-0.01,-1,-1,-0.01,-1,-1,-0.01,-1,-1,-0.01,-1,-1,-0.01,-1,-1,-0.01,-1,-1,-0.01,-1,-1,-0.01,-1,-1
99926009,2026-05-18 13:13:27+05:30,53402.95,0,0.0,0,0.0,0.0,53282.15,53585.15,52783.45,53710.35,0,0.0,0.0,0.0,0.0,-0.01,-1,-1,-0.01,-1,-1,-0.01,-1,-1,-0.01,-1,-1,-0.01,-1,-1,-0.01,-1,-1,-0.01,-1,-1,-0.01,-1,-1,-0.01,-1,-1,-0.01,-1,-1
99926009,2026-05-18 13:13:27+05:30,53399.7,0,0.0,0,0.0,0.0,53282.15,53585.15,52783.45,53710.35,0,0.0,0.0,0.0,0.0,-0.01,-1,-1,-0.01,-1,-1,-0.01,-1,-1,-0.01,-1,-1,-0.01,-1,-1,-0.01,-1,-1,-0.01,-1,-1,-0.01,-1,-1,-0.01,-1,-1,-0.01,-1,-1
99926009,2026-05-18 13:13:28+05:30,53400.2,0,0.0,0,0.0,0.0,53282.15,53585.15,52783.45,53710.35,0,0.0,0.0,0.0,0.0,-0.01,-1,-1,-0.01,-1,-1,-0.01,-1,-1,-0.01,-1,-1,-0.01,-1,-1,-0.01,-1,-1,-0.01,-1,-1,-0.01,-1,-1,-0.01,-1,-1,-0.01,-1,-1
99926009,2026-05-18 13:13:28+05:30,53400.4,0,0.0,0,0.0,0.0,53282.15,53585.15,52783.45,53710.35,0,0.0,0.0,0.0,0.0,-0.01,-1,-1,-0.01,-1,-1,-0.01,-1,-1,-0.01,-1,-1,-0.01,-1,-1,-0.01,-1,-1,-0.01,-1,-1,-0.01,-1,-1,-0.01,-1,-1,-0.01,-1,-1
99926009,2026-05-18 13:13:29+05:30,53398.95,0,0.0,0,0.0,0.0,53282.15,53585.15,52783.45,53710.35,0,0.0,0.0,0.0,0.0,-0.01,-1,-1,-0.01,-1,-1,-0.01,-1,-1,-0.01,-1,-1,-0.01,-1,-1,-0.01,-1,-1,-0.01,-1,-1,-0.01,-1,-1,-0.01,-1,-1,-0.01,-1,-1
99926009,2026-05-18 13:13:29+05:30,53400.0,0,0.0,0,0.0,0.0,53282.15,53585.15,52783.45,53710.35,0,0.0,0.0,0.0,0.0,-0.01,-1,-1,-0.01,-1,-1,-0.01,-1,-1,-0.01,-1,-1,-0.01,-1,-1,-0.01,-1,-1,-0.01,-1,-1,-0.01,-1,-1,-0.01,-1,-1,-0.01,-1,-1
99926009,2026-05-18 13:13:30+05:30,53398.2,0,0.0,0,0.0,0.0,53282.15,53585.15,52783.45,53710.35,0,0.0,0.0,0.0,0.0,-0.01,-1,-1,-0.01,-1,-1,-0.01,-1,-1,-0.01,-1,-1,-0.01,-1,-1,-0.01,-1,-1,-0.01,-1,-1,-0.01,-1,-1,-0.01,-1,-1,-0.01,-1,-1
99926009,2026-05-18 13:13:30+05:30,53400.55,0,0.0,0,0.0,0.0,53282.15,53585.15,52783.45,53710.35,0,0.0,0.0,0.0,0.0,-0.01,-1,-1,-0.01,-1,-1,-0.01,-1,-1,-0.01,-1,-1,-0.01,-1,-1,-0.01,-1,-1,-0.01,-1,-1,-0.01,-1,-1,-0.01,-1,-1,-0.01,-1,-1
99926009,2026-05-18 13:13:31+05:30,53400.9,0,0.0,0,0.0,0.0,53282.15,53585.15,52783.45,53710.35,0,0.0,0.0,0.0,0.0,-0.01,-1,-1,-0.01,-1,-1,-0.01,-1,-1,-0.01,-1,-1,-0.01,-1,-1,-0.01,-1,-1,-0.01,-1,-1,-0.01,-1,-1,-0.01,-1,-1,-0.01,-1,-1
99926009,2026-05-18 13:13:31+05:30,53397.9,0,0.0,0,0.0,0.0,53282.15,53585.15,52783.45,53710.35,0,0.0,0.0,0.0,0.0,-0.01,-1,-1,-0.01,-1,-1,-0.01,-1,-1,-0.01,-1,-1,-0.01,-1,-1,-0.01,-1,-1,-0.01,-1,-1,-0.01,-1,-1,-0.01,-1,-1,-0.01,-1,-1
99926009,2026-05-18 13:13:32+05:30,53401.6,0,0.0,0,0.0,0.0,53282.15,53585.15,52783.45,53710.35,0,0.0,0.0,0.0,0.0,-0.01,-1,-1,-0.01,-1,-1,-0.01,-1,-1,-0.01,-1,-1,-0.01,-1,-1,-0.01,-1,-1,-0.01,-1,-1,-0.01,-1,-1,-0.01,-1,-1,-0.01,-1,-1
99926009,2026-05-18 13:13:32+05:30,53401.1,0,0.0,0,0.0,0.0,53282.15,53585.15,52783.45,53710.35,0,0.0,0.0,0.0,0.0,-0.01,-1,-1,-0.01,-1,-1,-0.01,-1,-1,-0.01,-1,-1,-0.01,-1,-1,-0.01,-1,-1,-0.01,-1,-1,-0.01,-1,-1,-0.01,-1,-1,-0.01,-1,-1
99926009,2026-05-18 13:13:33+05:30,53397.15,0,0.0,0,0.0,0.0,53282.15,53585.15,52783.45,53710.35,0,0.0,0.0,0.0,0.0,-0.01,-1,-1,-0.01,-1,-1,-0.01,-1,-1,-0.01,-1,-1,-0.01,-1,-1,-0.01,-1,-1,-0.01,-1,-1,-0.01,-1,-1,-0.01,-1,-1,-0.01,-1,-1
99926009,2026-05-18 13:13:33+05:30,53400.55,0,0.0,0,0.0,0.0,53282.15,53585.15,52783.45,53710.35,0,0.0,0.0,0.0,0.0,-0.01,-1,-1,-0.01,-1,-1,-0.01,-1,-1,-0.01,-1,-1,-0.01,-1,-1,-0.01,-1,-1,-0.01,-1,-1,-0.01,-1,-1,-0.01,-1,-1,-0.01,-1,-1
99926009,2026-05-18 13:13:34+05:30,53396.95,0,0.0,0,0.0,0.0,53282.15,53585.15,52783.45,53710.35,0,0.0,0.0,0.0,0.0,-0.01,-1,-1,-0.01,-1,-1,-0.01,-1,-1,-0.01,-1,-1,-0.01,-1,-1,-0.01,-1,-1,-0.01,-1,-1,-0.01,-1,-1,-0.01,-1,-1,-0.01,-1,-1
99926009,2026-05-18 13:13:34+05:30,53399.75,0,0.0,0,0.0,0.0,53282.15,53585.15,52783.45,53710.35,0,0.0,0.0,0.0,0.0,-0.01,-1,-1,-0.01,-1,-1,-0.01,-1,-1,-0.01,-1,-1,-0.01,-1,-1,-0.01,-1,-1,-0.01,-1,-1,-0.01,-1,-1,-0.01,-1,-1,-0.01,-1,-1
99926009,2026-05-18 13:13:35+05:30,53396.6,0,0.0,0,0.0,0.0,53282.15,53585.15,52783.45,53710.35,0,0.0,0.0,0.0,0.0,-0.01,-1,-1,-0.01,-1,-1,-0.01,-1,-1,-0.01,-1,-1,-0.01,-1,-1,-0.01,-1,-1,-0.01,-1,-1,-0.01,-1,-1,-0.01,-1,-1,-0.01,-1,-1
99926009,2026-05-18 13:13:35+05:30,53397.4,0,0.0,0,0.0,0.0,53282.15,53585.15,52783.45,53710.35,0,0.0,0.0,0.0,0.0,-0.01,-1,-1,-0.01,-1,-1,-0.01,-1,-1,-0.01,-1,-1,-0.01,-1,-1,-0.01,-1,-1,-0.01,-1,-1,-0.01,-1,-1,-0.01,-1,-1,-0.01,-1,-1
99926009,2026-05-18 13:13:36+05:30,53397.35,0,0.0,0,0.0,0.0,53282.15,53585.15,52783.45,53710.35,0,0.0,0.0,0.0,0.0,-0.01,-1,-1,-0.01,-1,-1,-0.01,-1,-1,-0.01,-1,-1,-0.01,-1,-1,-0.01,-1,-1,-0.01,-1,-1,-0.01,-1,-1,-0.01,-1,-1,-0.01,-1,-1
99926009,2026-05-18 13:13:36+05:30,53400.6,0,0.0,0,0.0,0.0,53282.15,53585.15,52783.45,53710.35,0,0.0,0.0,0.0,0.0,-0.01,-1,-1,-0.01,-1,-1,-0.01,-1,-1,-0.01,-1,-1,-0.01,-1,-1,-0.01,-1,-1,-0.01,-1,-1,-0.01,-1,-1,-0.01,-1,-1,-0.01,-1,-1
99926009,2026-05-18 13:13:37+05:30,53402.2,0,0.0,0,0.0,0.0,53282.15,53585.15,52783.45,53710.35,0,0.0,0.0,0.0,0.0,-0.01,-1,-1,-0.01,-1,-1,-0.01,-1,-1,-0.01,-1,-1,-0.01,-1,-1,-0.01,-1,-1,-0.01,-1,-1,-0.01,-1,-1,-0.01,-1,-1,-0.01,-1,-1
99926009,2026-05-18 13:13:37+05:30,53398.2,0,0.0,0,0.0,0.0,53282.15,53585.15,52783.45,53710.35,0,0.0,0.0,0.0,0.0,-0.01,-1,-1,-0.01,-1,-1,-0.01,-1,-1,-0.01,-1,-1,-0.01,-1,-1,-0.01,-1,-1,-0.01,-1,-1,-0.01,-1,-1,-0.01,-1,-1,-0.01,-1,-1
99926009,2026-05-18 13:13:38+05:30,53401.1,0,0.0,0,0.0,0.0,53282.15,53585.15,52783.45,53710.35,0,0.0,0.0,0.0,0.0,-0.01,-1,-1,-0.01,-1,-1,-0.01,-1,-1,-0.01,-1,-1,-0.01,-1,-1,-0.01,-1,-1,-0.01,-1,-1,-0.01,-1,-1,-0.01,-1,-1,-0.01,-1,-1
99926009,2026-05-18 13:13:38+05:30,53399.2,0,0.0,0,0.0,0.0,53282.15,53585.15,52783.45,53710.35,0,0.0,0.0,0.0,0.0,-0.01,-1,-1,-0.01,-1,-1,-0.01,-1,-1,-0.01,-1,-1,-0.01,-1,-1,-0.01,-1,-1,-0.01,-1,-1,-0.01,-1,-1,-0.01,-1,-1,-0.01,-1,-1
99926009,2026-05-18 13:13:39+05:30,53401.75,0,0.0,0,0.0,0.0,53282.15,53585.15,52783.45,53710.35,0,0.0,0.0,0.0,0.0,-0.01,-1,-1,-0.01,-1,-1,-0.01,-1,-1,-0.01,-1,-1,-0.01,-1,-1,-0.01,-1,-1,-0.01,-1,-1,-0.01,-1,-1,-0.01,-1,-1,-0.01,-1,-1
99926009,2026-05-18 13:13:39+05:30,53402.45,0,0.0,0,0.0,0.0,53282.15,53585.15,52783.45,53710.35,0,0.0,0.0,0.0,0.0,-0.01,-1,-1,-0.01,-1,-1,-0.01,-1,-1,-0.01,-1,-1,-0.01,-1,-1,-0.01,-1,-1,-0.01,-1,-1,-0.01,-1,-1,-0.01,-1,-1,-0.01,-1,-1
99926009,2026-05-18 13:13:40+05:30,53401.6,0,0.0,0,0.0,0.0,53282.15,53585.15,52783.45,53710.35,0,0.0,0.0,0.0,0.0,-0.01,-1,-1,-0.01,-1,-1,-0.01,-1,-1,-0.01,-1,-1,-0.01,-1,-1,-0.01,-1,-1,-0.01,-1,-1,-0.01,-1,-1,-0.01,-1,-1,-0.01,-1,-1
99926009,2026-05-18 13:13:40+05:30,53402.55,0,0.0,0,0.0,0.0,53282.15,53585.15,52783.45,53710.35,0,0.0,0.0,0.0,0.0,-0.01,-1,-1,-0.01,-1,-1,-0.01,-1,-1,-0.01,-1,-1,-0.01,-1,-1,-0.01,-1,-1,-0.01,-1,-1,-0.01,-1,-1,-0.01,-1,-1,-0.01,-1,-1
99926009,2026-05-18 13:13:41+05:30,53400.45,0,0.0,0,0.0,0.0,53282.15,53585.15,52783.45,53710.35,0,0.0,0.0,0.0,0.0,-0.01,-1,-1,-0.01,-1,-1,-0.01,-1,-1,-0.01,-1,-1,-0.01,-1,-1,-0.01,-1,-1,-0.01,-1,-1,-0.01,-1,-1,-0.01,-1,-1,-0.01,-1,-1
99926009,2026-05-18 13:13:41+05:30,53399.5,0,0.0,0,0.0,0.0,53282.15,53585.15,52783.45,53710.35,0,0.0,0.0,0.0,0.0,-0.01,-1,-1,-0.01,-1,-1,-0.01,-1,-1,-0.01,-1,-1,-0.01,-1,-1,-0.01,-1,-1,-0.01,-1,-1,-0.01,-1,-1,-0.01,-1,-1,-0.01,-1,-1
99926009,2026-05-18 13:13:42+05:30,53399.8,0,0.0,0,0.0,0.0,53282.15,53585.15,52783.45,53710.35,0,0.0,0.0,0.0,0.0,-0.01,-1,-1,-0.01,-1,-1,-0.01,-1,-1,-0.01,-1,-1,-0.01,-1,-1,-0.01,-1,-1,-0.01,-1,-1,-0.01,-1,-1,-0.01,-1,-1,-0.01,-1,-1
99926009,2026-05-18 13:13:42+05:30,53400.25,0,0.0,0,0.0,0.0,53282.15,53585.15,52783.45,53710.35,0,0.0,0.0,0.0,0.0,-0.01,-1,-1,-0.01,-1,-1,-0.01,-1,-1,-0.01,-1,-1,-0.01,-1,-1,-0.01,-1,-1,-0.01,-1,-1,-0.01,-1,-1,-0.01,-1,-1,-0.01,-1,-1
99926009,2026-05-18 13:13:43+05:30,53400.9,0,0.0,0,0.0,0.0,53282.15,53585.15,52783.45,53710.35,0,0.0,0.0,0.0,0.0,-0.01,-1,-1,-0.01,-1,-1,-0.01,-1,-1,-0.01,-1,-1,-0.01,-1,-1,-0.01,-1,-1,-0.01,-1,-1,-0.01,-1,-1,-0.01,-1,-1,-0.01,-1,-1
99926009,2026-05-18 13:13:43+05:30,53402.8,0,0.0,0,0.0,0.0,53282.15,53585.15,52783.45,53710.35,0,0.0,0.0,0.0,0.0,-0.01,-1,-1,-0.01,-1,-1,-0.01,-1,-1,-0.01,-1,-1,-0.01,-1,-1,-0.01,-1,-1,-0.01,-1,-1,-0.01,-1,-1,-0.01,-1,-1,-0.01,-1,-1
99926009,2026-05-18 13:13:44+05:30,53403.1,0,0.0,0,0.0,0.0,53282.15,53585.15,52783.45,53710.35,0,0.0,0.0,0.0,0.0,-0.01,-1,-1,-0.01,-1,-1,-0.01,-1,-1,-0.01,-1,-1,-0.01,-1,-1,-0.01,-1,-1,-0.01,-1,-1,-0.01,-1,-1,-0.01,-1,-1,-0.01,-1,-1
99926009,2026-05-18 13:13:44+05:30,53399.25,0,0.0,0,0.0,0.0,53282.15,53585.15,52783.45,53710.35,0,0.0,0.0,0.0,0.0,-0.01,-1,-1,-0.01,-1,-1,-0.01,-1,-1,-0.01,-1,-1,-0.01,-1,-1,-0.01,-1,-1,-0.01,-1,-1,-0.01,-1,-1,-0.01,-1,-1,-0.01,-1,-1
99926009,2026-05-18 13:13:45+05:30,53400.25,0,0.0,0,0.0,0.0,53282.15,53585.15,52783.45,53710.35,0,0.0,0.0,0.0,0.0,-0.01,-1,-1,-0.01,-1,-1,-0.01,-1,-1,-0.01,-1,-1,-0.01,-1,-1,-0.01,-1,-1,-0.01,-1,-1,-0.01,-1,-1,-0.01,-1,-1,-0.01,-1,-1
99926009,2026-05-18 13:13:45+05:30,53403.85,0,0.0,0,0.0,0.0,53282.15,53585.15,52783.45,53710.35,0,0.0,0.0,0.0,0.0,-0.01,-1,-1,-0.01,-1,-1,-0.01,-1,-1,-0.01,-1,-1,-0.01,-1,-1,-0.01,-1,-1,-0.01,-1,-1,-0.01,-1,-1,-0.01,-1,-1,-0.01,-1,-1
99926009,2026-05-18 13:13:46+05:30,53400.75,0,0.0,0,0.0,0.0,53282.15,53585.15,52783.45,53710.35,0,0.0,0.0,0.0,0.0,-0.01,-1,-1,-0.01,-1,-1,-0.01,-1,-1,-0.01,-1,-1,-0.01,-1,-1,-0.01,-1,-1,-0.01,-1,-1,-0.01,-1,-1,-0.01,-1,-1,-0.01,-1,-1
99926009,2026-05-18 13:13:46+05:30,53404.35,0,0.0,0,0.0,0.0,53282.15,53585.15,52783.45,53710.35,0,0.0,0.0,0.0,0.0,-0.01,-1,-1,-0.01,-1,-1,-0.01,-1,-1,-0.01,-1,-1,-0.01,-1,-1,-0.01,-1,-1,-0.01,-1,-1,-0.01,-1,-1,-0.01,-1,-1,-0.01,-1,-1
99926009,2026-05-18 13:13:47+05:30,53404.35,0,0.0,0,0.0,0.0,53282.15,53585.15,52783.45,53710.35,0,0.0,0.0,0.0,0.0,-0.01,-1,-1,-0.01,-1,-1,-0.01,-1,-1,-0.01,-1,-1,-0.01,-1,-1,-0.01,-1,-1,-0.01,-1,-1,-0.01,-1,-1,-0.01,-1,-1,-0.01,-1,-1
99926009,2026-05-18 13:13:47+05:30,53402.2,0,0.0,0,0.0,0.0,53282.15,53585.15,52783.45,53710.35,0,0.0,0.0,0.0,0.0,-0.01,-1,-1,-0.01,-1,-1,-0.01,-1,-1,-0.01,-1,-1,-0.01,-1,-1,-0.01,-1,-1,-0.01,-1,-1,-0.01,-1,-1,-0.01,-1,-1,-0.01,-1,-1
99926009,2026-05-18 13:13:48+05:30,53402.25,0,0.0,0,0.0,0.0,53282.15,53585.15,52783.45,53710.35,0,0.0,0.0,0.0,0.0,-0.01,-1,-1,-0.01,-1,-1,-0.01,-1,-1,-0.01,-1,-1,-0.01,-1,-1,-0.01,-1,-1,-0.01,-1,-1,-0.01,-1,-1,-0.01,-1,-1,-0.01,-1,-1
99926009,2026-05-18 13:13:48+05:30,53400.05,0,0.0,0,0.0,0.0,53282.15,53585.15,52783.45,53710.35,0,0.0,0.0,0.0,0.0,-0.01,-1,-1,-0.01,-1,-1,-0.01,-1,-1,-0.01,-1,-1,-0.01,-1,-1,-0.01,-1,-1,-0.01,-1,-1,-0.01,-1,-1,-0.01,-1,-1,-0.01,-1,-1
99926009,2026-05-18 13:13:49+05:30,53400.55,0,0.0,0,0.0,0.0,53282.15,53585.15,52783.45,53710.35,0,0.0,0.0,0.0,0.0,-0.01,-1,-1,-0.01,-1,-1,-0.01,-1,-1,-0.01,-1,-1,-0.01,-1,-1,-0.01,-1,-1,-0.01,-1,-1,-0.01,-1,-1,-0.01,-1,-1,-0.01,-1,-1
99926009,2026-05-18 13:13:49+05:30,53401.35,0,0.0,0,0.0,0.0,53282.15,53585.15,52783.45,53710.35,0,0.0,0.0,0.0,0.0,-0.01,-1,-1,-0.01,-1,-1,-0.01,-1,-1,-0.01,-1,-1,-0.01,-1,-1,-0.01,-1,-1,-0.01,-1,-1,-0.01,-1,-1,-0.01,-1,-1,-0.01,-1,-1
99926009,2026-05-18 13:13:50+05:30,53403.1,0,0.0,0,0.0,0.0,53282.15,53585.15,52783.45,53710.35,0,0.0,0.0,0.0,0.0,-0.01,-1,-1,-0.01,-1,-1,-0.01,-1,-1,-0.01,-1,-1,-0.01,-1,-1,-0.01,-1,-1,-0.01,-1,-1,-0.01,-1,-1,-0.01,-1,-1,-0.01,-1,-1
99926009,2026-05-18 13:13:50+05:30,53403.15,0,0.0,0,0.0,0.0,53282.15,53585.15,52783.45,53710.35,0,0.0,0.0,0.0,0.0,-0.01,-1,-1,-0.01,-1,-1,-0.01,-1,-1,-0.01,-1,-1,-0.01,-1,-1,-0.01,-1,-1,-0.01,-1,-1,-0.01,-1,-1,-0.01,-1,-1,-0.01,-1,-1
99926009,2026-05-18 13:13:51+05:30,53403.3,0,0.0,0,0.0,0.0,53282.15,53585.15,52783.45,53710.35,0,0.0,0.0,0.0,0.0,-0.01,-1,-1,-0.01,-1,-1,-0.01,-1,-1,-0.01,-1,-1,-0.01,-1,-1,-0.01,-1,-1,-0.01,-1,-1,-0.01,-1,-1,-0.01,-1,-1,-0.01,-1,-1
99926009,2026-05-18 13:13:51+05:30,53405.35,0,0.0,0,0.0,0.0,53282.15,53585.15,52783.45,53710.35,0,0.0,0.0,0.0,0.0,-0.01,-1,-1,-0.01,-1,-1,-0.01,-1,-1,-0.01,-1,-1,-0.01,-1,-1,-0.01,-1,-1,-0.01,-1,-1,-0.01,-1,-1,-0.01,-1,-1,-0.01,-1,-1
99926009,2026-05-18 13:13:52+05:30,53404.3,0,0.0,0,0.0,0.0,53282.15,53585.15,52783.45,53710.35,0,0.0,0.0,0.0,0.0,-0.01,-1,-1,-0.01,-1,-1,-0.01,-1,-1,-0.01,-1,-1,-0.01,-1,-1,-0.01,-1,-1,-0.01,-1,-1,-0.01,-1,-1,-0.01,-1,-1,-0.01,-1,-1
99926009,2026-05-18 13:13:52+05:30,53410.3,0,0.0,0,0.0,0.0,53282.15,53585.15,52783.45,53710.35,0,0.0,0.0,0.0,0.0,-0.01,-1,-1,-0.01,-1,-1,-0.01,-1,-1,-0.01,-1,-1,-0.01,-1,-1,-0.01,-1,-1,-0.01,-1,-1,-0.01,-1,-1,-0.01,-1,-1,-0.01,-1,-1
99926009,2026-05-18 13:13:53+05:30,53410.9,0,0.0,0,0.0,0.0,53282.15,53585.15,52783.45,53710.35,0,0.0,0.0,0.0,0.0,-0.01,-1,-1,-0.01,-1,-1,-0.01,-1,-1,-0.01,-1,-1,-0.01,-1,-1,-0.01,-1,-1,-0.01,-1,-1,-0.01,-1,-1,-0.01,-1,-1,-0.01,-1,-1
99926009,2026-05-18 13:13:53+05:30,53411.05,0,0.0,0,0.0,0.0,53282.15,53585.15,52783.45,53710.35,0,0.0,0.0,0.0,0.0,-0.01,-1,-1,-0.01,-1,-1,-0.01,-1,-1,-0.01,-1,-1,-0.01,-1,-1,-0.01,-1,-1,-0.01,-1,-1,-0.01,-1,-1,-0.01,-1,-1,-0.01,-1,-1
99926009,2026-05-18 13:13:54+05:30,53410.6,0,0.0,0,0.0,0.0,53282.15,53585.15,52783.45,53710.35,0,0.0,0.0,0.0,0.0,-0.01,-1,-1,-0.01,-1,-1,-0.01,-1,-1,-0.01,-1,-1,-0.01,-1,-1,-0.01,-1,-1,-0.01,-1,-1,-0.01,-1,-1,-0.01,-1,-1,-0.01,-1,-1
99926009,2026-05-18 13:13:54+05:30,53411.85,0,0.0,0,0.0,0.0,53282.15,53585.15,52783.45,53710.35,0,0.0,0.0,0.0,0.0,-0.01,-1,-1,-0.01,-1,-1,-0.01,-1,-1,-0.01,-1,-1,-0.01,-1,-1,-0.01,-1,-1,-0.01,-1,-1,-0.01,-1,-1,-0.01,-1,-1,-0.01,-1,-1
99926009,2026-05-18 13:13:55+05:30,53408.85,0,0.0,0,0.0,0.0,53282.15,53585.15,52783.45,53710.35,0,0.0,0.0,0.0,0.0,-0.01,-1,-1,-0.01,-1,-1,-0.01,-1,-1,-0.01,-1,-1,-0.01,-1,-1,-0.01,-1,-1,-0.01,-1,-1,-0.01,-1,-1,-0.01,-1,-1,-0.01,-1,-1
99926009,2026-05-18 13:13:55+05:30,53413.05,0,0.0,0,0.0,0.0,53282.15,53585.15,52783.45,53710.35,0,0.0,0.0,0.0,0.0,-0.01,-1,-1,-0.01,-1,-1,-0.01,-1,-1,-0.01,-1,-1,-0.01,-1,-1,-0.01,-1,-1,-0.01,-1,-1,-0.01,-1,-1,-0.01,-1,-1,-0.01,-1,-1
99926009,2026-05-18 13:13:56+05:30,53412.45,0,0.0,0,0.0,0.0,53282.15,53585.15,52783.45,53710.35,0,0.0,0.0,0.0,0.0,-0.01,-1,-1,-0.01,-1,-1,-0.01,-1,-1,-0.01,-1,-1,-0.01,-1,-1,-0.01,-1,-1,-0.01,-1,-1,-0.01,-1,-1,-0.01,-1,-1,-0.01,-1,-1
99926009,2026-05-18 13:13:56+05:30,53414.55,0,0.0,0,0.0,0.0,53282.15,53585.15,52783.45,53710.35,0,0.0,0.0,0.0,0.0,-0.01,-1,-1,-0.01,-1,-1,-0.01,-1,-1,-0.01,-1,-1,-0.01,-1,-1,-0.01,-1,-1,-0.01,-1,-1,-0.01,-1,-1,-0.01,-1,-1,-0.01,-1,-1
99926009,2026-05-18 13:13:57+05:30,53411.7,0,0.0,0,0.0,0.0,53282.15,53585.15,52783.45,53710.35,0,0.0,0.0,0.0,0.0,-0.01,-1,-1,-0.01,-1,-1,-0.01,-1,-1,-0.01,-1,-1,-0.01,-1,-1,-0.01,-1,-1,-0.01,-1,-1,-0.01,-1,-1,-0.01,-1,-1,-0.01,-1,-1
99926009,2026-05-18 13:13:57+05:30,53410.1,0,0.0,0,0.0,0.0,53282.15,53585.15,52783.45,53710.35,0,0.0,0.0,0.0,0.0,-0.01,-1,-1,-0.01,-1,-1,-0.01,-1,-1,-0.01,-1,-1,-0.01,-1,-1,-0.01,-1,-1,-0.01,-1,-1,-0.01,-1,-1,-0.01,-1,-1,-0.01,-1,-1
99926009,2026-05-18 13:13:58+05:30,53412.05,0,0.0,0,0.0,0.0,53282.15,53585.15,52783.45,53710.35,0,0.0,0.0,0.0,0.0,-0.01,-1,-1,-0.01,-1,-1,-0.01,-1,-1,-0.01,-1,-1,-0.01,-1,-1,-0.01,-1,-1,-0.01,-1,-1,-0.01,-1,-1,-0.01,-1,-1,-0.01,-1,-1
99926009,2026-05-18 13:13:58+05:30,53410.35,0,0.0,0,0.0,0.0,53282.15,53585.15,52783.45,53710.35,0,0.0,0.0,0.0,0.0,-0.01,-1,-1,-0.01,-1,-1,-0.01,-1,-1,-0.01,-1,-1,-0.01,-1,-1,-0.01,-1,-1,-0.01,-1,-1,-0.01,-1,-1,-0.01,-1,-1,-0.01,-1,-1
99926009,2026-05-18 13:13:59+05:30,53410.2,0,0.0,0,0.0,0.0,53282.15,53585.15,52783.45,53710.35,0,0.0,0.0,0.0,0.0,-0.01,-1,-1,-0.01,-1,-1,-0.01,-1,-1,-0.01,-1,-1,-0.01,-1,-1,-0.01,-1,-1,-0.01,-1,-1,-0.01,-1,-1,-0.01,-1,-1,-0.01,-1,-1
99926009,2026-05-18 13:13:59+05:30,53410.95,0,0.0,0,0.0,0.0,53282.15,53585.15,52783.45,53710.35,0,0.0,0.0,0.0,0.0,-0.01,-1,-1,-0.01,-1,-1,-0.01,-1,-1,-0.01,-1,-1,-0.01,-1,-1,-0.01,-1,-1,-0.01,-1,-1,-0.01,-1,-1,-0.01,-1,-1,-0.01,-1,-1
99926009,2026-05-18 13:14:00+05:30,53408.95,0,0.0,0,0.0,0.0,53282.15,53585.15,52783.45,53710.35,0,0.0,0.0,0.0,0.0,-0.01,-1,-1,-0.01,-1,-1,-0.01,-1,-1,-0.01,-1,-1,-0.01,-1,-1,-0.01,-1,-1,-0.01,-1,-1,-0.01,-1,-1,-0.01,-1,-1,-0.01,-1,-1
99926009,2026-05-18 13:14:00+05:30,53406.3,0,0.0,0,0.0,0.0,53282.15,53585.15,52783.45,53710.35,0,0.0,0.0,0.0,0.0,-0.01,-1,-1,-0.01,-1,-1,-0.01,-1,-1,-0.01,-1,-1,-0.01,-1,-1,-0.01,-1,-1,-0.01,-1,-1,-0.01,-1,-1,-0.01,-1,-1,-0.01,-1,-1
99926009,2026-05-18 13:14:01+05:30,53409.35,0,0.0,0,0.0,0.0,53282.15,53585.15,52783.45,53710.35,0,0.0,0.0,0.0,0.0,-0.01,-1,-1,-0.01,-1,-1,-0.01,-1,-1,-0.01,-1,-1,-0.01,-1,-1,-0.01,-1,-1,-0.01,-1,-1,-0.01,-1,-1,-0.01,-1,-1,-0.01,-1,-1
99926009,2026-05-18 13:14:01+05:30,53412.8,0,0.0,0,0.0,0.0,53282.15,53585.15,52783.45,53710.35,0,0.0,0.0,0.0,0.0,-0.01,-1,-1,-0.01,-1,-1,-0.01,-1,-1,-0.01,-1,-1,-0.01,-1,-1,-0.01,-1,-1,-0.01,-1,-1,-0.01,-1,-1,-0.01,-1,-1,-0.01,-1,-1
99926009,2026-05-18 13:14:02+05:30,53417.45,0,0.0,0,0.0,0.0,53282.15,53585.15,52783.45,53710.35,0,0.0,0.0,0.0,0.0,-0.01,-1,-1,-0.01,-1,-1,-0.01,-1,-1,-0.01,-1,-1,-0.01,-1,-1,-0.01,-1,-1,-0.01,-1,-1,-0.01,-1,-1,-0.01,-1,-1,-0.01,-1,-1
99926009,2026-05-18 13:14:02+05:30,53417.05,0,0.0,0,0.0,0.0,53282.15,53585.15,52783.45,53710.35,0,0.0,0.0,0.0,0.0,-0.01,-1,-1,-0.01,-1,-1,-0.01,-1,-1,-0.01,-1,-1,-0.01,-1,-1,-0.01,-1,-1,-0.01,-1,-1,-0.01,-1,-1,-0.01,-1,-1,-0.01,-1,-1
99926009,2026-05-18 13:14:03+05:30,53415.75,0,0.0,0,0.0,0.0,53282.15,53585.15,52783.45,53710.35,0,0.0,0.0,0.0,0.0,-0.01,-1,-1,-0.01,-1,-1,-0.01,-1,-1,-0.01,-1,-1,-0.01,-1,-1,-0.01,-1,-1,-0.01,-1,-1,-0.01,-1,-1,-0.01,-1,-1,-0.01,-1,-1
99926009,2026-05-18 13:14:03+05:30,53414.8,0,0.0,0,0.0,0.0,53282.15,53585.15,52783.45,53710.35,0,0.0,0.0,0.0,0.0,-0.01,-1,-1,-0.01,-1,-1,-0.01,-1,-1,-0.01,-1,-1,-0.01,-1,-1,-0.01,-1,-1,-0.01,-1,-1,-0.01,-1,-1,-0.01,-1,-1,-0.01,-1,-1
99926009,2026-05-18 13:14:04+05:30,53414.3,0,0.0,0,0.0,0.0,53282.15,53585.15,52783.45,53710.35,0,0.0,0.0,0.0,0.0,-0.01,-1,-1,-0.01,-1,-1,-0.01,-1,-1,-0.01,-1,-1,-0.01,-1,-1,-0.01,-1,-1,-0.01,-1,-1,-0.01,-1,-1,-0.01,-1,-1,-0.01,-1,-1
99926009,2026-05-18 13:14:04+05:30,53415.8,0,0.0,0,0.0,0.0,53282.15,53585.15,52783.45,53710.35,0,0.0,0.0,0.0,0.0,-0.01,-1,-1,-0.01,-1,-1,-0.01,-1,-1,-0.01,-1,-1,-0.01,-1,-1,-0.01,-1,-1,-0.01,-1,-1,-0.01,-1,-1,-0.01,-1,-1,-0.01,-1,-1
99926009,2026-05-18 13:14:05+05:30,53415.05,0,0.0,0,0.0,0.0,53282.15,53585.15,52783.45,53710.35,0,0.0,0.0,0.0,0.0,-0.01,-1,-1,-0.01,-1,-1,-0.01,-1,-1,-0.01,-1,-1,-0.01,-1,-1,-0.01,-1,-1,-0.01,-1,-1,-0.01,-1,-1,-0.01,-1,-1,-0.01,-1,-1
99926009,2026-05-18 13:14:05+05:30,53416.0,0,0.0,0,0.0,0.0,53282.15,53585.15,52783.45,53710.35,0,0.0,0.0,0.0,0.0,-0.01,-1,-1,-0.01,-1,-1,-0.01,-1,-1,-0.01,-1,-1,-0.01,-1,-1,-0.01,-1,-1,-0.01,-1,-1,-0.01,-1,-1,-0.01,-1,-1,-0.01,-1,-1
99926009,2026-05-18 13:14:06+05:30,53415.55,0,0.0,0,0.0,0.0,53282.15,53585.15,52783.45,53710.35,0,0.0,0.0,0.0,0.0,-0.01,-1,-1,-0.01,-1,-1,-0.01,-1,-1,-0.01,-1,-1,-0.01,-1,-1,-0.01,-1,-1,-0.01,-1,-1,-0.01,-1,-1,-0.01,-1,-1,-0.01,-1,-1
99926009,2026-05-18 13:14:06+05:30,53417.75,0,0.0,0,0.0,0.0,53282.15,53585.15,52783.45,53710.35,0,0.0,0.0,0.0,0.0,-0.01,-1,-1,-0.01,-1,-1,-0.01,-1,-1,-0.01,-1,-1,-0.01,-1,-1,-0.01,-1,-1,-0.01,-1,-1,-0.01,-1,-1,-0.01,-1,-1,-0.01,-1,-1
99926009,2026-05-18 13:14:07+05:30,53417.65,0,0.0,0,0.0,0.0,53282.15,53585.15,52783.45,53710.35,0,0.0,0.0,0.0,0.0,-0.01,-1,-1,-0.01,-1,-1,-0.01,-1,-1,-0.01,-1,-1,-0.01,-1,-1,-0.01,-1,-1,-0.01,-1,-1,-0.01,-1,-1,-0.01,-1,-1,-0.01,-1,-1
99926009,2026-05-18 13:14:07+05:30,53418.95,0,0.0,0,0.0,0.0,53282.15,53585.15,52783.45,53710.35,0,0.0,0.0,0.0,0.0,-0.01,-1,-1,-0.01,-1,-1,-0.01,-1,-1,-0.01,-1,-1,-0.01,-1,-1,-0.01,-1,-1,-0.01,-1,-1,-0.01,-1,-1,-0.01,-1,-1,-0.01,-1,-1
99926009,2026-05-18 13:14:08+05:30,53413.2,0,0.0,0,0.0,0.0,53282.15,53585.15,52783.45,53710.35,0,0.0,0.0,0.0,0.0,-0.01,-1,-1,-0.01,-1,-1,-0.01,-1,-1,-0.01,-1,-1,-0.01,-1,-1,-0.01,-1,-1,-0.01,-1,-1,-0.01,-1,-1,-0.01,-1,-1,-0.01,-1,-1
99926009,2026-05-18 13:14:08+05:30,53414.15,0,0.0,0,0.0,0.0,53282.15,53585.15,52783.45,53710.35,0,0.0,0.0,0.0,0.0,-0.01,-1,-1,-0.01,-1,-1,-0.01,-1,-1,-0.01,-1,-1,-0.01,-1,-1,-0.01,-1,-1,-0.01,-1,-1,-0.01,-1,-1,-0.01,-1,-1,-0.01,-1,-1
99926009,2026-05-18 13:14:09+05:30,53416.85,0,0.0,0,0.0,0.0,53282.15,53585.15,52783.45,53710.35,0,0.0,0.0,0.0,0.0,-0.01,-1,-1,-0.01,-1,-1,-0.01,-1,-1,-0.01,-1,-1,-0.01,-1,-1,-0.01,-1,-1,-0.01,-1,-1,-0.01,-1,-1,-0.01,-1,-1,-0.01,-1,-1
99926009,2026-05-18 13:14:09+05:30,53414.6,0,0.0,0,0.0,0.0,53282.15,53585.15,52783.45,53710.35,0,0.0,0.0,0.0,0.0,-0.01,-1,-1,-0.01,-1,-1,-0.01,-1,-1,-0.01,-1,-1,-0.01,-1,-1,-0.01,-1,-1,-0.01,-1,-1,-0.01,-1,-1,-0.01,-1,-1,-0.01,-1,-1
99926009,2026-05-18 13:14:10+05:30,53413.1,0,0.0,0,0.0,0.0,53282.15,53585.15,52783.45,53710.35,0,0.0,0.0,0.0,0.0,-0.01,-1,-1,-0.01,-1,-1,-0.01,-1,-1,-0.01,-1,-1,-0.01,-1,-1,-0.01,-1,-1,-0.01,-1,-1,-0.01,-1,-1,-0.01,-1,-1,-0.01,-1,-1
99926009,2026-05-18 13:14:10+05:30,53414.95,0,0.0,0,0.0,0.0,53282.15,53585.15,52783.45,53710.35,0,0.0,0.0,0.0,0.0,-0.01,-1,-1,-0.01,-1,-1,-0.01,-1,-1,-0.01,-1,-1,-0.01,-1,-1,-0.01,-1,-1,-0.01,-1,-1,-0.01,-1,-1,-0.01,-1,-1,-0.01,-1,-1
99926009,2026-05-18 13:14:11+05:30,53417.7,0,0.0,0,0.0,0.0,53282.15,53585.15,52783.45,53710.35,0,0.0,0.0,0.0,0.0,-0.01,-1,-1,-0.01,-1,-1,-0.01,-1,-1,-0.01,-1,-1,-0.01,-1,-1,-0.01,-1,-1,-0.01,-1,-1,-0.01,-1,-1,-0.01,-1,-1,-0.01,-1,-1
99926009,2026-05-18 13:14:11+05:30,53417.4,0,0.0,0,0.0,0.0,53282.15,53585.15,52783.45,53710.35,0,0.0,0.0,0.0,0.0,-0.01,-1,-1,-0.01,-1,-1,-0.01,-1,-1,-0.01,-1,-1,-0.01,-1,-1,-0.01,-1,-1,-0.01,-1,-1,-0.01,-1,-1,-0.01,-1,-1,-0.01,-1,-1
99926009,2026-05-18 13:14:12+05:30,53419.4,0,0.0,0,0.0,0.0,53282.15,53585.15,52783.45,53710.35,0,0.0,0.0,0.0,0.0,-0.01,-1,-1,-0.01,-1,-1,-0.01,-1,-1,-0.01,-1,-1,-0.01,-1,-1,-0.01,-1,-1,-0.01,-1,-1,-0.01,-1,-1,-0.01,-1,-1,-0.01,-1,-1
99926009,2026-05-18 13:14:12+05:30,53420.35,0,0.0,0,0.0,0.0,53282.15,53585.15,52783.45,53710.35,0,0.0,0.0,0.0,0.0,-0.01,-1,-1,-0.01,-1,-1,-0.01,-1,-1,-0.01,-1,-1,-0.01,-1,-1,-0.01,-1,-1,-0.01,-1,-1,-0.01,-1,-1,-0.01,-1,-1,-0.01,-1,-1
99926009,2026-05-18 13:14:13+05:30,53425.0,0,0.0,0,0.0,0.0,53282.15,53585.15,52783.45,53710.35,0,0.0,0.0,0.0,0.0,-0.01,-1,-1,-0.01,-1,-1,-0.01,-1,-1,-0.01,-1,-1,-0.01,-1,-1,-0.01,-1,-1,-0.01,-1,-1,-0.01,-1,-1,-0.01,-1,-1,-0.01,-1,-1
99926009,2026-05-18 13:14:13+05:30,53424.95,0,0.0,0,0.0,0.0,53282.15,53585.15,52783.45,53710.35,0,0.0,0.0,0.0,0.0,-0.01,-1,-1,-0.01,-1,-1,-0.01,-1,-1,-0.01,-1,-1,-0.01,-1,-1,-0.01,-1,-1,-0.01,-1,-1,-0.01,-1,-1,-0.01,-1,-1,-0.01,-1,-1
99926009,2026-05-18 13:14:14+05:30,53418.6,0,0.0,0,0.0,0.0,53282.15,53585.15,52783.45,53710.35,0,0.0,0.0,0.0,0.0,-0.01,-1,-1,-0.01,-1,-1,-0.01,-1,-1,-0.01,-1,-1,-0.01,-1,-1,-0.01,-1,-1,-0.01,-1,-1,-0.01,-1,-1,-0.01,-1,-1,-0.01,-1,-1
99926009,2026-05-18 13:14:14+05:30,53423.6,0,0.0,0,0.0,0.0,53282.15,53585.15,52783.45,53710.35,0,0.0,0.0,0.0,0.0,-0.01,-1,-1,-0.01,-1,-1,-0.01,-1,-1,-0.01,-1,-1,-0.01,-1,-1,-0.01,-1,-1,-0.01,-1,-1,-0.01,-1,-1,-0.01,-1,-1,-0.01,-1,-1
99926009,2026-05-18 13:14:15+05:30,53423.1,0,0.0,0,0.0,0.0,53282.15,53585.15,52783.45,53710.35,0,0.0,0.0,0.0,0.0,-0.01,-1,-1,-0.01,-1,-1,-0.01,-1,-1,-0.01,-1,-1,-0.01,-1,-1,-0.01,-1,-1,-0.01,-1,-1,-0.01,-1,-1,-0.01,-1,-1,-0.01,-1,-1
99926009,2026-05-18 13:14:15+05:30,53421.25,0,0.0,0,0.0,0.0,53282.15,53585.15,52783.45,53710.35,0,0.0,0.0,0.0,0.0,-0.01,-1,-1,-0.01,-1,-1,-0.01,-1,-1,-0.01,-1,-1,-0.01,-1,-1,-0.01,-1,-1,-0.01,-1,-1,-0.01,-1,-1,-0.01,-1,-1,-0.01,-1,-1
99926009,2026-05-18 13:14:16+05:30,53423.95,0,0.0,0,0.0,0.0,53282.15,53585.15,52783.45,53710.35,0,0.0,0.0,0.0,0.0,-0.01,-1,-1,-0.01,-1,-1,-0.01,-1,-1,-0.01,-1,-1,-0.01,-1,-1,-0.01,-1,-1,-0.01,-1,-1,-0.01,-1,-1,-0.01,-1,-1,-0.01,-1,-1
99926009,2026-05-18 13:14:16+05:30,53427.15,0,0.0,0,0.0,0.0,53282.15,53585.15,52783.45,53710.35,0,0.0,0.0,0.0,0.0,-0.01,-1,-1,-0.01,-1,-1,-0.01,-1,-1,-0.01,-1,-1,-0.01,-1,-1,-0.01,-1,-1,-0.01,-1,-1,-0.01,-1,-1,-0.01,-1,-1,-0.01,-1,-1
99926009,2026-05-18 13:14:17+05:30,53428.7,0,0.0,0,0.0,0.0,53282.15,53585.15,52783.45,53710.35,0,0.0,0.0,0.0,0.0,-0.01,-1,-1,-0.01,-1,-1,-0.01,-1,-1,-0.01,-1,-1,-0.01,-1,-1,-0.01,-1,-1,-0.01,-1,-1,-0.01,-1,-1,-0.01,-1,-1,-0.01,-1,-1
99926009,2026-05-18 13:14:17+05:30,53425.5,0,0.0,0,0.0,0.0,53282.15,53585.15,52783.45,53710.35,0,0.0,0.0,0.0,0.0,-0.01,-1,-1,-0.01,-1,-1,-0.01,-1,-1,-0.01,-1,-1,-0.01,-1,-1,-0.01,-1,-1,-0.01,-1,-1,-0.01,-1,-1,-0.01,-1,-1,-0.01,-1,-1
99926009,2026-05-18 13:14:18+05:30,53426.35,0,0.0,0,0.0,0.0,53282.15,53585.15,52783.45,53710.35,0,0.0,0.0,0.0,0.0,-0.01,-1,-1,-0.01,-1,-1,-0.01,-1,-1,-0.01,-1,-1,-0.01,-1,-1,-0.01,-1,-1,-0.01,-1,-1,-0.01,-1,-1,-0.01,-1,-1,-0.01,-1,-1
99926009,2026-05-18 13:14:18+05:30,53426.2,0,0.0,0,0.0,0.0,53282.15,53585.15,52783.45,53710.35,0,0.0,0.0,0.0,0.0,-0.01,-1,-1,-0.01,-1,-1,-0.01,-1,-1,-0.01,-1,-1,-0.01,-1,-1,-0.01,-1,-1,-0.01,-1,-1,-0.01,-1,-1,-0.01,-1,-1,-0.01,-1,-1
99926009,2026-05-18 13:14:19+05:30,53424.6,0,0.0,0,0.0,0.0,53282.15,53585.15,52783.45,53710.35,0,0.0,0.0,0.0,0.0,-0.01,-1,-1,-0.01,-1,-1,-0.01,-1,-1,-0.01,-1,-1,-0.01,-1,-1,-0.01,-1,-1,-0.01,-1,-1,-0.01,-1,-1,-0.01,-1,-1,-0.01,-1,-1
99926009,2026-05-18 13:14:19+05:30,53422.85,0,0.0,0,0.0,0.0,53282.15,53585.15,52783.45,53710.35,0,0.0,0.0,0.0,0.0,-0.01,-1,-1,-0.01,-1,-1,-0.01,-1,-1,-0.01,-1,-1,-0.01,-1,-1,-0.01,-1,-1,-0.01,-1,-1,-0.01,-1,-1,-0.01,-1,-1,-0.01,-1,-1
99926009,2026-05-18 13:14:20+05:30,53422.0,0,0.0,0,0.0,0.0,53282.15,53585.15,52783.45,53710.35,0,0.0,0.0,0.0,0.0,-0.01,-1,-1,-0.01,-1,-1,-0.01,-1,-1,-0.01,-1,-1,-0.01,-1,-1,-0.01,-1,-1,-0.01,-1,-1,-0.01,-1,-1,-0.01,-1,-1,-0.01,-1,-1
99926009,2026-05-18 13:14:20+05:30,53420.85,0,0.0,0,0.0,0.0,53282.15,53585.15,52783.45,53710.35,0,0.0,0.0,0.0,0.0,-0.01,-1,-1,-0.01,-1,-1,-0.01,-1,-1,-0.01,-1,-1,-0.01,-1,-1,-0.01,-1,-1,-0.01,-1,-1,-0.01,-1,-1,-0.01,-1,-1,-0.01,-1,-1
99926009,2026-05-18 13:14:21+05:30,53423.55,0,0.0,0,0.0,0.0,53282.15,53585.15,52783.45,53710.35,0,0.0,0.0,0.0,0.0,-0.01,-1,-1,-0.01,-1,-1,-0.01,-1,-1,-0.01,-1,-1,-0.01,-1,-1,-0.01,-1,-1,-0.01,-1,-1,-0.01,-1,-1,-0.01,-1,-1,-0.01,-1,-1
99926009,2026-05-18 13:14:21+05:30,53420.9,0,0.0,0,0.0,0.0,53282.15,53585.15,52783.45,53710.35,0,0.0,0.0,0.0,0.0,-0.01,-1,-1,-0.01,-1,-1,-0.01,-1,-1,-0.01,-1,-1,-0.01,-1,-1,-0.01,-1,-1,-0.01,-1,-1,-0.01,-1,-1,-0.01,-1,-1,-0.01,-1,-1
99926009,2026-05-18 13:14:22+05:30,53423.45,0,0.0,0,0.0,0.0,53282.15,53585.15,52783.45,53710.35,0,0.0,0.0,0.0,0.0,-0.01,-1,-1,-0.01,-1,-1,-0.01,-1,-1,-0.01,-1,-1,-0.01,-1,-1,-0.01,-1,-1,-0.01,-1,-1,-0.01,-1,-1,-0.01,-1,-1,-0.01,-1,-1
99926009,2026-05-18 13:14:22+05:30,53422.4,0,0.0,0,0.0,0.0,53282.15,53585.15,52783.45,53710.35,0,0.0,0.0,0.0,0.0,-0.01,-1,-1,-0.01,-1,-1,-0.01,-1,-1,-0.01,-1,-1,-0.01,-1,-1,-0.01,-1,-1,-0.01,-1,-1,-0.01,-1,-1,-0.01,-1,-1,-0.01,-1,-1
99926009,2026-05-18 13:14:23+05:30,53424.45,0,0.0,0,0.0,0.0,53282.15,53585.15,52783.45,53710.35,0,0.0,0.0,0.0,0.0,-0.01,-1,-1,-0.01,-1,-1,-0.01,-1,-1,-0.01,-1,-1,-0.01,-1,-1,-0.01,-1,-1,-0.01,-1,-1,-0.01,-1,-1,-0.01,-1,-1,-0.01,-1,-1
99926009,2026-05-18 13:14:23+05:30,53425.5,0,0.0,0,0.0,0.0,53282.15,53585.15,52783.45,53710.35,0,0.0,0.0,0.0,0.0,-0.01,-1,-1,-0.01,-1,-1,-0.01,-1,-1,-0.01,-1,-1,-0.01,-1,-1,-0.01,-1,-1,-0.01,-1,-1,-0.01,-1,-1,-0.01,-1,-1,-0.01,-1,-1
99926009,2026-05-18 13:14:24+05:30,53421.05,0,0.0,0,0.0,0.0,53282.15,53585.15,52783.45,53710.35,0,0.0,0.0,0.0,0.0,-0.01,-1,-1,-0.01,-1,-1,-0.01,-1,-1,-0.01,-1,-1,-0.01,-1,-1,-0.01,-1,-1,-0.01,-1,-1,-0.01,-1,-1,-0.01,-1,-1,-0.01,-1,-1
99926009,2026-05-18 13:14:24+05:30,53423.05,0,0.0,0,0.0,0.0,53282.15,53585.15,52783.45,53710.35,0,0.0,0.0,0.0,0.0,-0.01,-1,-1,-0.01,-1,-1,-0.01,-1,-1,-0.01,-1,-1,-0.01,-1,-1,-0.01,-1,-1,-0.01,-1,-1,-0.01,-1,-1,-0.01,-1,-1,-0.01,-1,-1
99926009,2026-05-18 13:14:25+05:30,53423.45,0,0.0,0,0.0,0.0,53282.15,53585.15,52783.45,53710.35,0,0.0,0.0,0.0,0.0,-0.01,-1,-1,-0.01,-1,-1,-0.01,-1,-1,-0.01,-1,-1,-0.01,-1,-1,-0.01,-1,-1,-0.01,-1,-1,-0.01,-1,-1,-0.01,-1,-1,-0.01,-1,-1
99926009,2026-05-18 13:14:25+05:30,53424.7,0,0.0,0,0.0,0.0,53282.15,53585.15,52783.45,53710.35,0,0.0,0.0,0.0,0.0,-0.01,-1,-1,-0.01,-1,-1,-0.01,-1,-1,-0.01,-1,-1,-0.01,-1,-1,-0.01,-1,-1,-0.01,-1,-1,-0.01,-1,-1,-0.01,-1,-1,-0.01,-1,-1
99926009,2026-05-18 13:14:26+05:30,53423.2,0,0.0,0,0.0,0.0,53282.15,53585.15,52783.45,53710.35,0,0.0,0.0,0.0,0.0,-0.01,-1,-1,-0.01,-1,-1,-0.01,-1,-1,-0.01,-1,-1,-0.01,-1,-1,-0.01,-1,-1,-0.01,-1,-1,-0.01,-1,-1,-0.01,-1,-1,-0.01,-1,-1
99926009,2026-05-18 13:14:26+05:30,53428.0,0,0.0,0,0.0,0.0,53282.15,53585.15,52783.45,53710.35,0,0.0,0.0,0.0,0.0,-0.01,-1,-1,-0.01,-1,-1,-0.01,-1,-1,-0.01,-1,-1,-0.01,-1,-1,-0.01,-1,-1,-0.01,-1,-1,-0.01,-1,-1,-0.01,-1,-1,-0.01,-1,-1
99926009,2026-05-18 13:14:27+05:30,53427.1,0,0.0,0,0.0,0.0,53282.15,53585.15,52783.45,53710.35,0,0.0,0.0,0.0,0.0,-0.01,-1,-1,-0.01,-1,-1,-0.01,-1,-1,-0.01,-1,-1,-0.01,-1,-1,-0.01,-1,-1,-0.01,-1,-1,-0.01,-1,-1,-0.01,-1,-1,-0.01,-1,-1
99926009,2026-05-18 13:14:27+05:30,53426.05,0,0.0,0,0.0,0.0,53282.15,53585.15,52783.45,53710.35,0,0.0,0.0,0.0,0.0,-0.01,-1,-1,-0.01,-1,-1,-0.01,-1,-1,-0.01,-1,-1,-0.01,-1,-1,-0.01,-1,-1,-0.01,-1,-1,-0.01,-1,-1,-0.01,-1,-1,-0.01,-1,-1
99926009,2026-05-18 13:14:28+05:30,53425.9,0,0.0,0,0.0,0.0,53282.15,53585.15,52783.45,53710.35,0,0.0,0.0,0.0,0.0,-0.01,-1,-1,-0.01,-1,-1,-0.01,-1,-1,-0.01,-1,-1,-0.01,-1,-1,-0.01,-1,-1,-0.01,-1,-1,-0.01,-1,-1,-0.01,-1,-1,-0.01,-1,-1
99926009,2026-05-18 13:14:28+05:30,53425.15,0,0.0,0,0.0,0.0,53282.15,53585.15,52783.45,53710.35,0,0.0,0.0,0.0,0.0,-0.01,-1,-1,-0.01,-1,-1,-0.01,-1,-1,-0.01,-1,-1,-0.01,-1,-1,-0.01,-1,-1,-0.01,-1,-1,-0.01,-1,-1,-0.01,-1,-1,-0.01,-1,-1
99926009,2026-05-18 13:14:29+05:30,53429.35,0,0.0,0,0.0,0.0,53282.15,53585.15,52783.45,53710.35,0,0.0,0.0,0.0,0.0,-0.01,-1,-1,-0.01,-1,-1,-0.01,-1,-1,-0.01,-1,-1,-0.01,-1,-1,-0.01,-1,-1,-0.01,-1,-1,-0.01,-1,-1,-0.01,-1,-1,-0.01,-1,-1
99926009,2026-05-18 13:14:29+05:30,53428.45,0,0.0,0,0.0,0.0,53282.15,53585.15,52783.45,53710.35,0,0.0,0.0,0.0,0.0,-0.01,-1,-1,-0.01,-1,-1,-0.01,-1,-1,-0.01,-1,-1,-0.01,-1,-1,-0.01,-1,-1,-0.01,-1,-1,-0.01,-1,-1,-0.01,-1,-1,-0.01,-1,-1
99926009,2026-05-18 13:14:30+05:30,53430.25,0,0.0,0,0.0,0.0,53282.15,53585.15,52783.45,53710.35,0,0.0,0.0,0.0,0.0,-0.01,-1,-1,-0.01,-1,-1,-0.01,-1,-1,-0.01,-1,-1,-0.01,-1,-1,-0.01,-1,-1,-0.01,-1,-1,-0.01,-1,-1,-0.01,-1,-1,-0.01,-1,-1
99926009,2026-05-18 13:14:30+05:30,53430.35,0,0.0,0,0.0,0.0,53282.15,53585.15,52783.45,53710.35,0,0.0,0.0,0.0,0.0,-0.01,-1,-1,-0.01,-1,-1,-0.01,-1,-1,-0.01,-1,-1,-0.01,-1,-1,-0.01,-1,-1,-0.01,-1,-1,-0.01,-1,-1,-0.01,-1,-1,-0.01,-1,-1
99926009,2026-05-18 13:14:31+05:30,53426.8,0,0.0,0,0.0,0.0,53282.15,53585.15,52783.45,53710.35,0,0.0,0.0,0.0,0.0,-0.01,-1,-1,-0.01,-1,-1,-0.01,-1,-1,-0.01,-1,-1,-0.01,-1,-1,-0.01,-1,-1,-0.01,-1,-1,-0.01,-1,-1,-0.01,-1,-1,-0.01,-1,-1
99926009,2026-05-18 13:14:31+05:30,53432.4,0,0.0,0,0.0,0.0,53282.15,53585.15,52783.45,53710.35,0,0.0,0.0,0.0,0.0,-0.01,-1,-1,-0.01,-1,-1,-0.01,-1,-1,-0.01,-1,-1,-0.01,-1,-1,-0.01,-1,-1,-0.01,-1,-1,-0.01,-1,-1,-0.01,-1,-1,-0.01,-1,-1
99926009,2026-05-18 13:14:32+05:30,53430.45,0,0.0,0,0.0,0.0,53282.15,53585.15,52783.45,53710.35,0,0.0,0.0,0.0,0.0,-0.01,-1,-1,-0.01,-1,-1,-0.01,-1,-1,-0.01,-1,-1,-0.01,-1,-1,-0.01,-1,-1,-0.01,-1,-1,-0.01,-1,-1,-0.01,-1,-1,-0.01,-1,-1
99926009,2026-05-18 13:14:32+05:30,53429.7,0,0.0,0,0.0,0.0,53282.15,53585.15,52783.45,53710.35,0,0.0,0.0,0.0,0.0,-0.01,-1,-1,-0.01,-1,-1,-0.01,-1,-1,-0.01,-1,-1,-0.01,-1,-1,-0.01,-1,-1,-0.01,-1,-1,-0.01,-1,-1,-0.01,-1,-1,-0.01,-1,-1
99926009,2026-05-18 13:14:33+05:30,53429.15,0,0.0,0,0.0,0.0,53282.15,53585.15,52783.45,53710.35,0,0.0,0.0,0.0,0.0,-0.01,-1,-1,-0.01,-1,-1,-0.01,-1,-1,-0.01,-1,-1,-0.01,-1,-1,-0.01,-1,-1,-0.01,-1,-1,-0.01,-1,-1,-0.01,-1,-1,-0.01,-1,-1
99926009,2026-05-18 13:14:33+05:30,53430.2,0,0.0,0,0.0,0.0,53282.15,53585.15,52783.45,53710.35,0,0.0,0.0,0.0,0.0,-0.01,-1,-1,-0.01,-1,-1,-0.01,-1,-1,-0.01,-1,-1,-0.01,-1,-1,-0.01,-1,-1,-0.01,-1,-1,-0.01,-1,-1,-0.01,-1,-1,-0.01,-1,-1
99926009,2026-05-18 13:14:34+05:30,53432.0,0,0.0,0,0.0,0.0,53282.15,53585.15,52783.45,53710.35,0,0.0,0.0,0.0,0.0,-0.01,-1,-1,-0.01,-1,-1,-0.01,-1,-1,-0.01,-1,-1,-0.01,-1,-1,-0.01,-1,-1,-0.01,-1,-1,-0.01,-1,-1,-0.01,-1,-1,-0.01,-1,-1
99926009,2026-05-18 13:14:34+05:30,53433.45,0,0.0,0,0.0,0.0,53282.15,53585.15,52783.45,53710.35,0,0.0,0.0,0.0,0.0,-0.01,-1,-1,-0.01,-1,-1,-0.01,-1,-1,-0.01,-1,-1,-0.01,-1,-1,-0.01,-1,-1,-0.01,-1,-1,-0.01,-1,-1,-0.01,-1,-1,-0.01,-1,-1
99926009,2026-05-18 13:14:35+05:30,53430.4,0,0.0,0,0.0,0.0,53282.15,53585.15,52783.45,53710.35,0,0.0,0.0,0.0,0.0,-0.01,-1,-1,-0.01,-1,-1,-0.01,-1,-1,-0.01,-1,-1,-0.01,-1,-1,-0.01,-1,-1,-0.01,-1,-1,-0.01,-1,-1,-0.01,-1,-1,-0.01,-1,-1
99926009,2026-05-18 13:14:35+05:30,53431.15,0,0.0,0,0.0,0.0,53282.15,53585.15,52783.45,53710.35,0,0.0,0.0,0.0,0.0,-0.01,-1,-1,-0.01,-1,-1,-0.01,-1,-1,-0.01,-1,-1,-0.01,-1,-1,-0.01,-1,-1,-0.01,-1,-1,-0.01,-1,-1,-0.01,-1,-1,-0.01,-1,-1
99926009,2026-05-18 13:14:36+05:30,53429.5,0,0.0,0,0.0,0.0,53282.15,53585.15,52783.45,53710.35,0,0.0,0.0,0.0,0.0,-0.01,-1,-1,-0.01,-1,-1,-0.01,-1,-1,-0.01,-1,-1,-0.01,-1,-1,-0.01,-1,-1,-0.01,-1,-1,-0.01,-1,-1,-0.01,-1,-1,-0.01,-1,-1
99926009,2026-05-18 13:14:36+05:30,53426.0,0,0.0,0,0.0,0.0,53282.15,53585.15,52783.45,53710.35,0,0.0,0.0,0.0,0.0,-0.01,-1,-1,-0.01,-1,-1,-0.01,-1,-1,-0.01,-1,-1,-0.01,-1,-1,-0.01,-1,-1,-0.01,-1,-1,-0.01,-1,-1,-0.01,-1,-1,-0.01,-1,-1
99926009,2026-05-18 13:14:37+05:30,53428.45,0,0.0,0,0.0,0.0,53282.15,53585.15,52783.45,53710.35,0,0.0,0.0,0.0,0.0,-0.01,-1,-1,-0.01,-1,-1,-0.01,-1,-1,-0.01,-1,-1,-0.01,-1,-1,-0.01,-1,-1,-0.01,-1,-1,-0.01,-1,-1,-0.01,-1,-1,-0.01,-1,-1
99926009,2026-05-18 13:14:37+05:30,53430.75,0,0.0,0,0.0,0.0,53282.15,53585.15,52783.45,53710.35,0,0.0,0.0,0.0,0.0,-0.01,-1,-1,-0.01,-1,-1,-0.01,-1,-1,-0.01,-1,-1,-0.01,-1,-1,-0.01,-1,-1,-0.01,-1,-1,-0.01,-1,-1,-0.01,-1,-1,-0.01,-1,-1
99926009,2026-05-18 13:14:38+05:30,53426.9,0,0.0,0,0.0,0.0,53282.15,53585.15,52783.45,53710.35,0,0.0,0.0,0.0,0.0,-0.01,-1,-1,-0.01,-1,-1,-0.01,-1,-1,-0.01,-1,-1,-0.01,-1,-1,-0.01,-1,-1,-0.01,-1,-1,-0.01,-1,-1,-0.01,-1,-1,-0.01,-1,-1
99926009,2026-05-18 13:14:38+05:30,53428.5,0,0.0,0,0.0,0.0,53282.15,53585.15,52783.45,53710.35,0,0.0,0.0,0.0,0.0,-0.01,-1,-1,-0.01,-1,-1,-0.01,-1,-1,-0.01,-1,-1,-0.01,-1,-1,-0.01,-1,-1,-0.01,-1,-1,-0.01,-1,-1,-0.01,-1,-1,-0.01,-1,-1
99926009,2026-05-18 13:14:39+05:30,53428.9,0,0.0,0,0.0,0.0,53282.15,53585.15,52783.45,53710.35,0,0.0,0.0,0.0,0.0,-0.01,-1,-1,-0.01,-1,-1,-0.01,-1,-1,-0.01,-1,-1,-0.01,-1,-1,-0.01,-1,-1,-0.01,-1,-1,-0.01,-1,-1,-0.01,-1,-1,-0.01,-1,-1
99926009,2026-05-18 13:14:39+05:30,53427.8,0,0.0,0,0.0,0.0,53282.15,53585.15,52783.45,53710.35,0,0.0,0.0,0.0,0.0,-0.01,-1,-1,-0.01,-1,-1,-0.01,-1,-1,-0.01,-1,-1,-0.01,-1,-1,-0.01,-1,-1,-0.01,-1,-1,-0.01,-1,-1,-0.01,-1,-1,-0.01,-1,-1
99926009,2026-05-18 13:14:40+05:30,53427.4,0,0.0,0,0.0,0.0,53282.15,53585.15,52783.45,53710.35,0,0.0,0.0,0.0,0.0,-0.01,-1,-1,-0.01,-1,-1,-0.01,-1,-1,-0.01,-1,-1,-0.01,-1,-1,-0.01,-1,-1,-0.01,-1,-1,-0.01,-1,-1,-0.01,-1,-1,-0.01,-1,-1
99926009,2026-05-18 13:14:40+05:30,53427.2,0,0.0,0,0.0,0.0,53282.15,53585.15,52783.45,53710.35,0,0.0,0.0,0.0,0.0,-0.01,-1,-1,-0.01,-1,-1,-0.01,-1,-1,-0.01,-1,-1,-0.01,-1,-1,-0.01,-1,-1,-0.01,-1,-1,-0.01,-1,-1,-0.01,-1,-1,-0.01,-1,-1
99926009,2026-05-18 13:14:41+05:30,53427.25,0,0.0,0,0.0,0.0,53282.15,53585.15,52783.45,53710.35,0,0.0,0.0,0.0,0.0,-0.01,-1,-1,-0.01,-1,-1,-0.01,-1,-1,-0.01,-1,-1,-0.01,-1,-1,-0.01,-1,-1,-0.01,-1,-1,-0.01,-1,-1,-0.01,-1,-1,-0.01,-1,-1
99926009,2026-05-18 13:14:41+05:30,53427.55,0,0.0,0,0.0,0.0,53282.15,53585.15,52783.45,53710.35,0,0.0,0.0,0.0,0.0,-0.01,-1,-1,-0.01,-1,-1,-0.01,-1,-1,-0.01,-1,-1,-0.01,-1,-1,-0.01,-1,-1,-0.01,-1,-1,-0.01,-1,-1,-0.01,-1,-1,-0.01,-1,-1
99926009,2026-05-18 13:14:42+05:30,53426.3,0,0.0,0,0.0,0.0,53282.15,53585.15,52783.45,53710.35,0,0.0,0.0,0.0,0.0,-0.01,-1,-1,-0.01,-1,-1,-0.01,-1,-1,-0.01,-1,-1,-0.01,-1,-1,-0.01,-1,-1,-0.01,-1,-1,-0.01,-1,-1,-0.01,-1,-1,-0.01,-1,-1
99926009,2026-05-18 13:14:42+05:30,53430.3,0,0.0,0,0.0,0.0,53282.15,53585.15,52783.45,53710.35,0,0.0,0.0,0.0,0.0,-0.01,-1,-1,-0.01,-1,-1,-0.01,-1,-1,-0.01,-1,-1,-0.01,-1,-1,-0.01,-1,-1,-0.01,-1,-1,-0.01,-1,-1,-0.01,-1,-1,-0.01,-1,-1
99926009,2026-05-18 13:14:43+05:30,53429.0,0,0.0,0,0.0,0.0,53282.15,53585.15,52783.45,53710.35,0,0.0,0.0,0.0,0.0,-0.01,-1,-1,-0.01,-1,-1,-0.01,-1,-1,-0.01,-1,-1,-0.01,-1,-1,-0.01,-1,-1,-0.01,-1,-1,-0.01,-1,-1,-0.01,-1,-1,-0.01,-1,-1
99926009,2026-05-18 13:14:43+05:30,53427.75,0,0.0,0,0.0,0.0,53282.15,53585.15,52783.45,53710.35,0,0.0,0.0,0.0,0.0,-0.01,-1,-1,-0.01,-1,-1,-0.01,-1,-1,-0.01,-1,-1,-0.01,-1,-1,-0.01,-1,-1,-0.01,-1,-1,-0.01,-1,-1,-0.01,-1,-1,-0.01,-1,-1
99926009,2026-05-18 13:14:44+05:30,53428.4,0,0.0,0,0.0,0.0,53282.15,53585.15,52783.45,53710.35,0,0.0,0.0,0.0,0.0,-0.01,-1,-1,-0.01,-1,-1,-0.01,-1,-1,-0.01,-1,-1,-0.01,-1,-1,-0.01,-1,-1,-0.01,-1,-1,-0.01,-1,-1,-0.01,-1,-1,-0.01,-1,-1
99926009,2026-05-18 13:14:44+05:30,53426.15,0,0.0,0,0.0,0.0,53282.15,53585.15,52783.45,53710.35,0,0.0,0.0,0.0,0.0,-0.01,-1,-1,-0.01,-1,-1,-0.01,-1,-1,-0.01,-1,-1,-0.01,-1,-1,-0.01,-1,-1,-0.01,-1,-1,-0.01,-1,-1,-0.01,-1,-1,-0.01,-1,-1
99926009,2026-05-18 13:14:45+05:30,53425.8,0,0.0,0,0.0,0.0,53282.15,53585.15,52783.45,53710.35,0,0.0,0.0,0.0,0.0,-0.01,-1,-1,-0.01,-1,-1,-0.01,-1,-1,-0.01,-1,-1,-0.01,-1,-1,-0.01,-1,-1,-0.01,-1,-1,-0.01,-1,-1,-0.01,-1,-1,-0.01,-1,-1
99926009,2026-05-18 13:14:45+05:30,53430.55,0,0.0,0,0.0,0.0,53282.15,53585.15,52783.45,53710.35,0,0.0,0.0,0.0,0.0,-0.01,-1,-1,-0.01,-1,-1,-0.01,-1,-1,-0.01,-1,-1,-0.01,-1,-1,-0.01,-1,-1,-0.01,-1,-1,-0.01,-1,-1,-0.01,-1,-1,-0.01,-1,-1
99926009,2026-05-18 13:14:46+05:30,53435.25,0,0.0,0,0.0,0.0,53282.15,53585.15,52783.45,53710.35,0,0.0,0.0,0.0,0.0,-0.01,-1,-1,-0.01,-1,-1,-0.01,-1,-1,-0.01,-1,-1,-0.01,-1,-1,-0.01,-1,-1,-0.01,-1,-1,-0.01,-1,-1,-0.01,-1,-1,-0.01,-1,-1
99926009,2026-05-18 13:14:46+05:30,53435.35,0,0.0,0,0.0,0.0,53282.15,53585.15,52783.45,53710.35,0,0.0,0.0,0.0,0.0,-0.01,-1,-1,-0.01,-1,-1,-0.01,-1,-1,-0.01,-1,-1,-0.01,-1,-1,-0.01,-1,-1,-0.01,-1,-1,-0.01,-1,-1,-0.01,-1,-1,-0.01,-1,-1
99926009,2026-05-18 13:14:47+05:30,53435.1,0,0.0,0,0.0,0.0,53282.15,53585.15,52783.45,53710.35,0,0.0,0.0,0.0,0.0,-0.01,-1,-1,-0.01,-1,-1,-0.01,-1,-1,-0.01,-1,-1,-0.01,-1,-1,-0.01,-1,-1,-0.01,-1,-1,-0.01,-1,-1,-0.01,-1,-1,-0.01,-1,-1
99926009,2026-05-18 13:14:47+05:30,53436.4,0,0.0,0,0.0,0.0,53282.15,53585.15,52783.45,53710.35,0,0.0,0.0,0.0,0.0,-0.01,-1,-1,-0.01,-1,-1,-0.01,-1,-1,-0.01,-1,-1,-0.01,-1,-1,-0.01,-1,-1,-0.01,-1,-1,-0.01,-1,-1,-0.01,-1,-1,-0.01,-1,-1
99926009,2026-05-18 13:14:48+05:30,53436.85,0,0.0,0,0.0,0.0,53282.15,53585.15,52783.45,53710.35,0,0.0,0.0,0.0,0.0,-0.01,-1,-1,-0.01,-1,-1,-0.01,-1,-1,-0.01,-1,-1,-0.01,-1,-1,-0.01,-1,-1,-0.01,-1,-1,-0.01,-1,-1,-0.01,-1,-1,-0.01,-1,-1
99926009,2026-05-18 13:14:48+05:30,53438.45,0,0.0,0,0.0,0.0,53282.15,53585.15,52783.45,53710.35,0,0.0,0.0,0.0,0.0,-0.01,-1,-1,-0.01,-1,-1,-0.01,-1,-1,-0.01,-1,-1,-0.01,-1,-1,-0.01,-1,-1,-0.01,-1,-1,-0.01,-1,-1,-0.01,-1,-1,-0.01,-1,-1
99926009,2026-05-18 13:14:49+05:30,53436.5,0,0.0,0,0.0,0.0,53282.15,53585.15,52783.45,53710.35,0,0.0,0.0,0.0,0.0,-0.01,-1,-1,-0.01,-1,-1,-0.01,-1,-1,-0.01,-1,-1,-0.01,-1,-1,-0.01,-1,-1,-0.01,-1,-1,-0.01,-1,-1,-0.01,-1,-1,-0.01,-1,-1
99926009,2026-05-18 13:14:49+05:30,53439.6,0,0.0,0,0.0,0.0,53282.15,53585.15,52783.45,53710.35,0,0.0,0.0,0.0,0.0,-0.01,-1,-1,-0.01,-1,-1,-0.01,-1,-1,-0.01,-1,-1,-0.01,-1,-1,-0.01,-1,-1,-0.01,-1,-1,-0.01,-1,-1,-0.01,-1,-1,-0.01,-1,-1
99926009,2026-05-18 13:14:50+05:30,53436.75,0,0.0,0,0.0,0.0,53282.15,53585.15,52783.45,53710.35,0,0.0,0.0,0.0,0.0,-0.01,-1,-1,-0.01,-1,-1,-0.01,-1,-1,-0.01,-1,-1,-0.01,-1,-1,-0.01,-1,-1,-0.01,-1,-1,-0.01,-1,-1,-0.01,-1,-1,-0.01,-1,-1
99926009,2026-05-18 13:14:50+05:30,53437.6,0,0.0,0,0.0,0.0,53282.15,53585.15,52783.45,53710.35,0,0.0,0.0,0.0,0.0,-0.01,-1,-1,-0.01,-1,-1,-0.01,-1,-1,-0.01,-1,-1,-0.01,-1,-1,-0.01,-1,-1,-0.01,-1,-1,-0.01,-1,-1,-0.01,-1,-1,-0.01,-1,-1
99926009,2026-05-18 13:14:51+05:30,53438.3,0,0.0,0,0.0,0.0,53282.15,53585.15,52783.45,53710.35,0,0.0,0.0,0.0,0.0,-0.01,-1,-1,-0.01,-1,-1,-0.01,-1,-1,-0.01,-1,-1,-0.01,-1,-1,-0.01,-1,-1,-0.01,-1,-1,-0.01,-1,-1,-0.01,-1,-1,-0.01,-1,-1
99926009,2026-05-18 13:14:51+05:30,53439.35,0,0.0,0,0.0,0.0,53282.15,53585.15,52783.45,53710.35,0,0.0,0.0,0.0,0.0,-0.01,-1,-1,-0.01,-1,-1,-0.01,-1,-1,-0.01,-1,-1,-0.01,-1,-1,-0.01,-1,-1,-0.01,-1,-1,-0.01,-1,-1,-0.01,-1,-1,-0.01,-1,-1
99926009,2026-05-18 13:14:52+05:30,53438.2,0,0.0,0,0.0,0.0,53282.15,53585.15,52783.45,53710.35,0,0.0,0.0,0.0,0.0,-0.01,-1,-1,-0.01,-1,-1,-0.01,-1,-1,-0.01,-1,-1,-0.01,-1,-1,-0.01,-1,-1,-0.01,-1,-1,-0.01,-1,-1,-0.01,-1,-1,-0.01,-1,-1
99926009,2026-05-18 13:14:52+05:30,53440.65,0,0.0,0,0.0,0.0,53282.15,53585.15,52783.45,53710.35,0,0.0,0.0,0.0,0.0,-0.01,-1,-1,-0.01,-1,-1,-0.01,-1,-1,-0.01,-1,-1,-0.01,-1,-1,-0.01,-1,-1,-0.01,-1,-1,-0.01,-1,-1,-0.01,-1,-1,-0.01,-1,-1
99926009,2026-05-18 13:14:53+05:30,53439.35,0,0.0,0,0.0,0.0,53282.15,53585.15,52783.45,53710.35,0,0.0,0.0,0.0,0.0,-0.01,-1,-1,-0.01,-1,-1,-0.01,-1,-1,-0.01,-1,-1,-0.01,-1,-1,-0.01,-1,-1,-0.01,-1,-1,-0.01,-1,-1,-0.01,-1,-1,-0.01,-1,-1
99926009,2026-05-18 13:14:53+05:30,53437.3,0,0.0,0,0.0,0.0,53282.15,53585.15,52783.45,53710.35,0,0.0,0.0,0.0,0.0,-0.01,-1,-1,-0.01,-1,-1,-0.01,-1,-1,-0.01,-1,-1,-0.01,-1,-1,-0.01,-1,-1,-0.01,-1,-1,-0.01,-1,-1,-0.01,-1,-1,-0.01,-1,-1
99926009,2026-05-18 13:14:54+05:30,53439.8,0,0.0,0,0.0,0.0,53282.15,53585.15,52783.45,53710.35,0,0.0,0.0,0.0,0.0,-0.01,-1,-1,-0.01,-1,-1,-0.01,-1,-1,-0.01,-1,-1,-0.01,-1,-1,-0.01,-1,-1,-0.01,-1,-1,-0.01,-1,-1,-0.01,-1,-1,-0.01,-1,-1
99926009,2026-05-18 13:14:54+05:30,53440.0,0,0.0,0,0.0,0.0,53282.15,53585.15,52783.45,53710.35,0,0.0,0.0,0.0,0.0,-0.01,-1,-1,-0.01,-1,-1,-0.01,-1,-1,-0.01,-1,-1,-0.01,-1,-1,-0.01,-1,-1,-0.01,-1,-1,-0.01,-1,-1,-0.01,-1,-1,-0.01,-1,-1
99926009,2026-05-18 13:14:55+05:30,53438.15,0,0.0,0,0.0,0.0,53282.15,53585.15,52783.45,53710.35,0,0.0,0.0,0.0,0.0,-0.01,-1,-1,-0.01,-1,-1,-0.01,-1,-1,-0.01,-1,-1,-0.01,-1,-1,-0.01,-1,-1,-0.01,-1,-1,-0.01,-1,-1,-0.01,-1,-1,-0.01,-1,-1
99926009,2026-05-18 13:14:55+05:30,53438.25,0,0.0,0,0.0,0.0,53282.15,53585.15,52783.45,53710.35,0,0.0,0.0,0.0,0.0,-0.01,-1,-1,-0.01,-1,-1,-0.01,-1,-1,-0.01,-1,-1,-0.01,-1,-1,-0.01,-1,-1,-0.01,-1,-1,-0.01,-1,-1,-0.01,-1,-1,-0.01,-1,-1
99926009,2026-05-18 13:14:56+05:30,53436.85,0,0.0,0,0.0,0.0,53282.15,53585.15,52783.45,53710.35,0,0.0,0.0,0.0,0.0,-0.01,-1,-1,-0.01,-1,-1,-0.01,-1,-1,-0.01,-1,-1,-0.01,-1,-1,-0.01,-1,-1,-0.01,-1,-1,-0.01,-1,-1,-0.01,-1,-1,-0.01,-1,-1
99926009,2026-05-18 13:14:56+05:30,53440.35,0,0.0,0,0.0,0.0,53282.15,53585.15,52783.45,53710.35,0,0.0,0.0,0.0,0.0,-0.01,-1,-1,-0.01,-1,-1,-0.01,-1,-1,-0.01,-1,-1,-0.01,-1,-1,-0.01,-1,-1,-0.01,-1,-1,-0.01,-1,-1,-0.01,-1,-1,-0.01,-1,-1
99926009,2026-05-18 13:14:57+05:30,53440.15,0,0.0,0,0.0,0.0,53282.15,53585.15,52783.45,53710.35,0,0.0,0.0,0.0,0.0,-0.01,-1,-1,-0.01,-1,-1,-0.01,-1,-1,-0.01,-1,-1,-0.01,-1,-1,-0.01,-1,-1,-0.01,-1,-1,-0.01,-1,-1,-0.01,-1,-1,-0.01,-1,-1
99926009,2026-05-18 13:14:57+05:30,53438.25,0,0.0,0,0.0,0.0,53282.15,53585.15,52783.45,53710.35,0,0.0,0.0,0.0,0.0,-0.01,-1,-1,-0.01,-1,-1,-0.01,-1,-1,-0.01,-1,-1,-0.01,-1,-1,-0.01,-1,-1,-0.01,-1,-1,-0.01,-1,-1,-0.01,-1,-1,-0.01,-1,-1
99926009,2026-05-18 13:14:58+05:30,53440.55,0,0.0,0,0.0,0.0,53282.15,53585.15,52783.45,53710.35,0,0.0,0.0,0.0,0.0,-0.01,-1,-1,-0.01,-1,-1,-0.01,-1,-1,-0.01,-1,-1,-0.01,-1,-1,-0.01,-1,-1,-0.01,-1,-1,-0.01,-1,-1,-0.01,-1,-1,-0.01,-1,-1
99926009,2026-05-18 13:14:58+05:30,53439.0,0,0.0,0,0.0,0.0,53282.15,53585.15,52783.45,53710.35,0,0.0,0.0,0.0,0.0,-0.01,-1,-1,-0.01,-1,-1,-0.01,-1,-1,-0.01,-1,-1,-0.01,-1,-1,-0.01,-1,-1,-0.01,-1,-1,-0.01,-1,-1,-0.01,-1,-1,-0.01,-1,-1
99926009,2026-05-18 13:14:59+05:30,53441.05,0,0.0,0,0.0,0.0,53282.15,53585.15,52783.45,53710.35,0,0.0,0.0,0.0,0.0,-0.01,-1,-1,-0.01,-1,-1,-0.01,-1,-1,-0.01,-1,-1,-0.01,-1,-1,-0.01,-1,-1,-0.01,-1,-1,-0.01,-1,-1,-0.01,-1,-1,-0.01,-1,-1
99926009,2026-05-18 13:14:59+05:30,53440.2,0,0.0,0,0.0,0.0,53282.15,53585.15,52783.45,53710.35,0,0.0,0.0,0.0,0.0,-0.01,-1,-1,-0.01,-1,-1,-0.01,-1,-1,-0.01,-1,-1,-0.01,-1,-1,-0.01,-1,-1,-0.01,-1,-1,-0.01,-1,-1,-0.01,-1,-1,-0.01,-1,-1
99926009,2026-05-18 13:15:00+05:30,53437.25,0,0.0,0,0.0,0.0,53282.15,53585.15,52783.45,53710.35,0,0.0,0.0,0.0,0.0,-0.01,-1,-1,-0.01,-1,-1,-0.01,-1,-1,-0.01,-1,-1,-0.01,-1,-1,-0.01,-1,-1,-0.01,-1,-1,-0.01,-1,-1,-0.01,-1,-1,-0.01,-1,-1
99926009,2026-05-18 13:15:00+05:30,53440.2,0,0.0,0,0.0,0.0,53282.15,53585.15,52783.45,53710.35,0,0.0,0.0,0.0,0.0,-0.01,-1,-1,-0.01,-1,-1,-0.01,-1,-1,-0.01,-1,-1,-0.01,-1,-1,-0.01,-1,-1,-0.01,-1,-1,-0.01,-1,-1,-0.01,-1,-1,-0.01,-1,-1
99926009,2026-05-18 13:15:01+05:30,53435.05,0,0.0,0,0.0,0.0,53282.15,53585.15,52783.45,53710.35,0,0.0,0.0,0.0,0.0,-0.01,-1,-1,-0.01,-1,-1,-0.01,-1,-1,-0.01,-1,-1,-0.01,-1,-1,-0.01,-1,-1,-0.01,-1,-1,-0.01,-1,-1,-0.01,-1,-1,-0.01,-1,-1
99926009,2026-05-18 13:15:01+05:30,53442.3,0,0.0,0,0.0,0.0,53282.15,53585.15,52783.45,53710.35,0,0.0,0.0,0.0,0.0,-0.01,-1,-1,-0.01,-1,-1,-0.01,-1,-1,-0.01,-1,-1,-0.01,-1,-1,-0.01,-1,-1,-0.01,-1,-1,-0.01,-1,-1,-0.01,-1,-1,-0.01,-1,-1
99926009,2026-05-18 13:15:02+05:30,53436.3,0,0.0,0,0.0,0.0,53282.15,53585.15,52783.45,53710.35,0,0.0,0.0,0.0,0.0,-0.01,-1,-1,-0.01,-1,-1,-0.01,-1,-1,-0.01,-1,-1,-0.01,-1,-1,-0.01,-1,-1,-0.01,-1,-1,-0.01,-1,-1,-0.01,-1,-1,-0.01,-1,-1
99926009,2026-05-18 13:15:02+05:30,53440.25,0,0.0,0,0.0,0.0,53282.15,53585.15,52783.45,53710.35,0,0.0,0.0,0.0,0.0,-0.01,-1,-1,-0.01,-1,-1,-0.01,-1,-1,-0.01,-1,-1,-0.01,-1,-1,-0.01,-1,-1,-0.01,-1,-1,-0.01,-1,-1,-0.01,-1,-1,-0.01,-1,-1
99926009,2026-05-18 13:15:03+05:30,53439.7,0,0.0,0,0.0,0.0,53282.15,53585.15,52783.45,53710.35,0,0.0,0.0,0.0,0.0,-0.01,-1,-1,-0.01,-1,-1,-0.01,-1,-1,-0.01,-1,-1,-0.01,-1,-1,-0.01,-1,-1,-0.01,-1,-1,-0.01,-1,-1,-0.01,-1,-1,-0.01,-1,-1
99926009,2026-05-18 13:15:03+05:30,53438.25,0,0.0,0,0.0,0.0,53282.15,53585.15,52783.45,53710.35,0,0.0,0.0,0.0,0.0,-0.01,-1,-1,-0.01,-1,-1,-0.01,-1,-1,-0.01,-1,-1,-0.01,-1,-1,-0.01,-1,-1,-0.01,-1,-1,-0.01,-1,-1,-0.01,-1,-1,-0.01,-1,-1
99926009,2026-05-18 13:15:04+05:30,53437.3,0,0.0,0,0.0,0.0,53282.15,53585.15,52783.45,53710.35,0,0.0,0.0,0.0,0.0,-0.01,-1,-1,-0.01,-1,-1,-0.01,-1,-1,-0.01,-1,-1,-0.01,-1,-1,-0.01,-1,-1,-0.01,-1,-1,-0.01,-1,-1,-0.01,-1,-1,-0.01,-1,-1
99926009,2026-05-18 13:15:04+05:30,53437.75,0,0.0,0,0.0,0.0,53282.15,53585.15,52783.45,53710.35,0,0.0,0.0,0.0,0.0,-0.01,-1,-1,-0.01,-1,-1,-0.01,-1,-1,-0.01,-1,-1,-0.01,-1,-1,-0.01,-1,-1,-0.01,-1,-1,-0.01,-1,-1,-0.01,-1,-1,-0.01,-1,-1
99926009,2026-05-18 13:15:05+05:30,53436.45,0,0.0,0,0.0,0.0,53282.15,53585.15,52783.45,53710.35,0,0.0,0.0,0.0,0.0,-0.01,-1,-1,-0.01,-1,-1,-0.01,-1,-1,-0.01,-1,-1,-0.01,-1,-1,-0.01,-1,-1,-0.01,-1,-1,-0.01,-1,-1,-0.01,-1,-1,-0.01,-1,-1
99926009,2026-05-18 13:15:05+05:30,53437.75,0,0.0,0,0.0,0.0,53282.15,53585.15,52783.45,53710.35,0,0.0,0.0,0.0,0.0,-0.01,-1,-1,-0.01,-1,-1,-0.01,-1,-1,-0.01,-1,-1,-0.01,-1,-1,-0.01,-1,-1,-0.01,-1,-1,-0.01,-1,-1,-0.01,-1,-1,-0.01,-1,-1
99926009,2026-05-18 13:15:06+05:30,53438.65,0,0.0,0,0.0,0.0,53282.15,53585.15,52783.45,53710.35,0,0.0,0.0,0.0,0.0,-0.01,-1,-1,-0.01,-1,-1,-0.01,-1,-1,-0.01,-1,-1,-0.01,-1,-1,-0.01,-1,-1,-0.01,-1,-1,-0.01,-1,-1,-0.01,-1,-1,-0.01,-1,-1
99926009,2026-05-18 13:15:06+05:30,53438.7,0,0.0,0,0.0,0.0,53282.15,53585.15,52783.45,53710.35,0,0.0,0.0,0.0,0.0,-0.01,-1,-1,-0.01,-1,-1,-0.01,-1,-1,-0.01,-1,-1,-0.01,-1,-1,-0.01,-1,-1,-0.01,-1,-1,-0.01,-1,-1,-0.01,-1,-1,-0.01,-1,-1
99926009,2026-05-18 13:15:07+05:30,53440.45,0,0.0,0,0.0,0.0,53282.15,53585.15,52783.45,53710.35,0,0.0,0.0,0.0,0.0,-0.01,-1,-1,-0.01,-1,-1,-0.01,-1,-1,-0.01,-1,-1,-0.01,-1,-1,-0.01,-1,-1,-0.01,-1,-1,-0.01,-1,-1,-0.01,-1,-1,-0.01,-1,-1
99926009,2026-05-18 13:15:07+05:30,53441.3,0,0.0,0,0.0,0.0,53282.15,53585.15,52783.45,53710.35,0,0.0,0.0,0.0,0.0,-0.01,-1,-1,-0.01,-1,-1,-0.01,-1,-1,-0.01,-1,-1,-0.01,-1,-1,-0.01,-1,-1,-0.01,-1,-1,-0.01,-1,-1,-0.01,-1,-1,-0.01,-1,-1
99926009,2026-05-18 13:15:08+05:30,53440.6,0,0.0,0,0.0,0.0,53282.15,53585.15,52783.45,53710.35,0,0.0,0.0,0.0,0.0,-0.01,-1,-1,-0.01,-1,-1,-0.01,-1,-1,-0.01,-1,-1,-0.01,-1,-1,-0.01,-1,-1,-0.01,-1,-1,-0.01,-1,-1,-0.01,-1,-1,-0.01,-1,-1
99926009,2026-05-18 13:15:08+05:30,53442.65,0,0.0,0,0.0,0.0,53282.15,53585.15,52783.45,53710.35,0,0.0,0.0,0.0,0.0,-0.01,-1,-1,-0.01,-1,-1,-0.01,-1,-1,-0.01,-1,-1,-0.01,-1,-1,-0.01,-1,-1,-0.01,-1,-1,-0.01,-1,-1,-0.01,-1,-1,-0.01,-1,-1
99926009,2026-05-18 13:15:09+05:30,53445.35,0,0.0,0,0.0,0.0,53282.15,53585.15,52783.45,53710.35,0,0.0,0.0,0.0,0.0,-0.01,-1,-1,-0.01,-1,-1,-0.01,-1,-1,-0.01,-1,-1,-0.01,-1,-1,-0.01,-1,-1,-0.01,-1,-1,-0.01,-1,-1,-0.01,-1,-1,-0.01,-1,-1
99926009,2026-05-18 13:15:09+05:30,53447.6,0,0.0,0,0.0,0.0,53282.15,53585.15,52783.45,53710.35,0,0.0,0.0,0.0,0.0,-0.01,-1,-1,-0.01,-1,-1,-0.01,-1,-1,-0.01,-1,-1,-0.01,-1,-1,-0.01,-1,-1,-0.01,-1,-1,-0.01,-1,-1,-0.01,-1,-1,-0.01,-1,-1
99926009,2026-05-18 13:15:10+05:30,53448.15,0,0.0,0,0.0,0.0,53282.15,53585.15,52783.45,53710.35,0,0.0,0.0,0.0,0.0,-0.01,-1,-1,-0.01,-1,-1,-0.01,-1,-1,-0.01,-1,-1,-0.01,-1,-1,-0.01,-1,-1,-0.01,-1,-1,-0.01,-1,-1,-0.01,-1,-1,-0.01,-1,-1
99926009,2026-05-18 13:15:10+05:30,53449.45,0,0.0,0,0.0,0.0,53282.15,53585.15,52783.45,53710.35,0,0.0,0.0,0.0,0.0,-0.01,-1,-1,-0.01,-1,-1,-0.01,-1,-1,-0.01,-1,-1,-0.01,-1,-1,-0.01,-1,-1,-0.01,-1,-1,-0.01,-1,-1,-0.01,-1,-1,-0.01,-1,-1
99926009,2026-05-18 13:15:11+05:30,53451.25,0,0.0,0,0.0,0.0,53282.15,53585.15,52783.45,53710.35,0,0.0,0.0,0.0,0.0,-0.01,-1,-1,-0.01,-1,-1,-0.01,-1,-1,-0.01,-1,-1,-0.01,-1,-1,-0.01,-1,-1,-0.01,-1,-1,-0.01,-1,-1,-0.01,-1,-1,-0.01,-1,-1
99926009,2026-05-18 13:15:11+05:30,53449.7,0,0.0,0,0.0,0.0,53282.15,53585.15,52783.45,53710.35,0,0.0,0.0,0.0,0.0,-0.01,-1,-1,-0.01,-1,-1,-0.01,-1,-1,-0.01,-1,-1,-0.01,-1,-1,-0.01,-1,-1,-0.01,-1,-1,-0.01,-1,-1,-0.01,-1,-1,-0.01,-1,-1
99926009,2026-05-18 13:15:12+05:30,53451.35,0,0.0,0,0.0,0.0,53282.15,53585.15,52783.45,53710.35,0,0.0,0.0,0.0,0.0,-0.01,-1,-1,-0.01,-1,-1,-0.01,-1,-1,-0.01,-1,-1,-0.01,-1,-1,-0.01,-1,-1,-0.01,-1,-1,-0.01,-1,-1,-0.01,-1,-1,-0.01,-1,-1
99926009,2026-05-18 13:15:12+05:30,53451.5,0,0.0,0,0.0,0.0,53282.15,53585.15,52783.45,53710.35,0,0.0,0.0,0.0,0.0,-0.01,-1,-1,-0.01,-1,-1,-0.01,-1,-1,-0.01,-1,-1,-0.01,-1,-1,-0.01,-1,-1,-0.01,-1,-1,-0.01,-1,-1,-0.01,-1,-1,-0.01,-1,-1
99926009,2026-05-18 13:15:13+05:30,53451.0,0,0.0,0,0.0,0.0,53282.15,53585.15,52783.45,53710.35,0,0.0,0.0,0.0,0.0,-0.01,-1,-1,-0.01,-1,-1,-0.01,-1,-1,-0.01,-1,-1,-0.01,-1,-1,-0.01,-1,-1,-0.01,-1,-1,-0.01,-1,-1,-0.01,-1,-1,-0.01,-1,-1
99926009,2026-05-18 13:15:13+05:30,53450.45,0,0.0,0,0.0,0.0,53282.15,53585.15,52783.45,53710.35,0,0.0,0.0,0.0,0.0,-0.01,-1,-1,-0.01,-1,-1,-0.01,-1,-1,-0.01,-1,-1,-0.01,-1,-1,-0.01,-1,-1,-0.01,-1,-1,-0.01,-1,-1,-0.01,-1,-1,-0.01,-1,-1
99926009,2026-05-18 13:15:14+05:30,53452.65,0,0.0,0,0.0,0.0,53282.15,53585.15,52783.45,53710.35,0,0.0,0.0,0.0,0.0,-0.01,-1,-1,-0.01,-1,-1,-0.01,-1,-1,-0.01,-1,-1,-0.01,-1,-1,-0.01,-1,-1,-0.01,-1,-1,-0.01,-1,-1,-0.01,-1,-1,-0.01,-1,-1
99926009,2026-05-18 13:15:14+05:30,53451.65,0,0.0,0,0.0,0.0,53282.15,53585.15,52783.45,53710.35,0,0.0,0.0,0.0,0.0,-0.01,-1,-1,-0.01,-1,-1,-0.01,-1,-1,-0.01,-1,-1,-0.01,-1,-1,-0.01,-1,-1,-0.01,-1,-1,-0.01,-1,-1,-0.01,-1,-1,-0.01,-1,-1
99926009,2026-05-18 13:15:15+05:30,53452.1,0,0.0,0,0.0,0.0,53282.15,53585.15,52783.45,53710.35,0,0.0,0.0,0.0,0.0,-0.01,-1,-1,-0.01,-1,-1,-0.01,-1,-1,-0.01,-1,-1,-0.01,-1,-1,-0.01,-1,-1,-0.01,-1,-1,-0.01,-1,-1,-0.01,-1,-1,-0.01,-1,-1
99926009,2026-05-18 13:15:15+05:30,53452.4,0,0.0,0,0.0,0.0,53282.15,53585.15,52783.45,53710.35,0,0.0,0.0,0.0,0.0,-0.01,-1,-1,-0.01,-1,-1,-0.01,-1,-1,-0.01,-1,-1,-0.01,-1,-1,-0.01,-1,-1,-0.01,-1,-1,-0.01,-1,-1,-0.01,-1,-1,-0.01,-1,-1
99926009,2026-05-18 13:15:16+05:30,53451.25,0,0.0,0,0.0,0.0,53282.15,53585.15,52783.45,53710.35,0,0.0,0.0,0.0,0.0,-0.01,-1,-1,-0.01,-1,-1,-0.01,-1,-1,-0.01,-1,-1,-0.01,-1,-1,-0.01,-1,-1,-0.01,-1,-1,-0.01,-1,-1,-0.01,-1,-1,-0.01,-1,-1
99926009,2026-05-18 13:15:16+05:30,53452.65,0,0.0,0,0.0,0.0,53282.15,53585.15,52783.45,53710.35,0,0.0,0.0,0.0,0.0,-0.01,-1,-1,-0.01,-1,-1,-0.01,-1,-1,-0.01,-1,-1,-0.01,-1,-1,-0.01,-1,-1,-0.01,-1,-1,-0.01,-1,-1,-0.01,-1,-1,-0.01,-1,-1
99926009,2026-05-18 13:15:17+05:30,53452.8,0,0.0,0,0.0,0.0,53282.15,53585.15,52783.45,53710.35,0,0.0,0.0,0.0,0.0,-0.01,-1,-1,-0.01,-1,-1,-0.01,-1,-1,-0.01,-1,-1,-0.01,-1,-1,-0.01,-1,-1,-0.01,-1,-1,-0.01,-1,-1,-0.01,-1,-1,-0.01,-1,-1
99926009,2026-05-18 13:15:17+05:30,53452.65,0,0.0,0,0.0,0.0,53282.15,53585.15,52783.45,53710.35,0,0.0,0.0,0.0,0.0,-0.01,-1,-1,-0.01,-1,-1,-0.01,-1,-1,-0.01,-1,-1,-0.01,-1,-1,-0.01,-1,-1,-0.01,-1,-1,-0.01,-1,-1,-0.01,-1,-1,-0.01,-1,-1
99926009,2026-05-18 13:15:18+05:30,53451.2,0,0.0,0,0.0,0.0,53282.15,53585.15,52783.45,53710.35,0,0.0,0.0,0.0,0.0,-0.01,-1,-1,-0.01,-1,-1,-0.01,-1,-1,-0.01,-1,-1,-0.01,-1,-1,-0.01,-1,-1,-0.01,-1,-1,-0.01,-1,-1,-0.01,-1,-1,-0.01,-1,-1
99926009,2026-05-18 13:15:18+05:30,53450.4,0,0.0,0,0.0,0.0,53282.15,53585.15,52783.45,53710.35,0,0.0,0.0,0.0,0.0,-0.01,-1,-1,-0.01,-1,-1,-0.01,-1,-1,-0.01,-1,-1,-0.01,-1,-1,-0.01,-1,-1,-0.01,-1,-1,-0.01,-1,-1,-0.01,-1,-1,-0.01,-1,-1
99926009,2026-05-18 13:15:19+05:30,53452.05,0,0.0,0,0.0,0.0,53282.15,53585.15,52783.45,53710.35,0,0.0,0.0,0.0,0.0,-0.01,-1,-1,-0.01,-1,-1,-0.01,-1,-1,-0.01,-1,-1,-0.01,-1,-1,-0.01,-1,-1,-0.01,-1,-1,-0.01,-1,-1,-0.01,-1,-1,-0.01,-1,-1
99926009,2026-05-18 13:15:19+05:30,53451.6,0,0.0,0,0.0,0.0,53282.15,53585.15,52783.45,53710.35,0,0.0,0.0,0.0,0.0,-0.01,-1,-1,-0.01,-1,-1,-0.01,-1,-1,-0.01,-1,-1,-0.01,-1,-1,-0.01,-1,-1,-0.01,-1,-1,-0.01,-1,-1,-0.01,-1,-1,-0.01,-1,-1
99926009,2026-05-18 13:15:20+05:30,53451.6,0,0.0,0,0.0,0.0,53282.15,53585.15,52783.45,53710.35,0,0.0,0.0,0.0,0.0,-0.01,-1,-1,-0.01,-1,-1,-0.01,-1,-1,-0.01,-1,-1,-0.01,-1,-1,-0.01,-1,-1,-0.01,-1,-1,-0.01,-1,-1,-0.01,-1,-1,-0.01,-1,-1
99926009,2026-05-18 13:15:20+05:30,53451.05,0,0.0,0,0.0,0.0,53282.15,53585.15,52783.45,53710.35,0,0.0,0.0,0.0,0.0,-0.01,-1,-1,-0.01,-1,-1,-0.01,-1,-1,-0.01,-1,-1,-0.01,-1,-1,-0.01,-1,-1,-0.01,-1,-1,-0.01,-1,-1,-0.01,-1,-1,-0.01,-1,-1
99926009,2026-05-18 13:15:21+05:30,53449.2,0,0.0,0,0.0,0.0,53282.15,53585.15,52783.45,53710.35,0,0.0,0.0,0.0,0.0,-0.01,-1,-1,-0.01,-1,-1,-0.01,-1,-1,-0.01,-1,-1,-0.01,-1,-1,-0.01,-1,-1,-0.01,-1,-1,-0.01,-1,-1,-0.01,-1,-1,-0.01,-1,-1
99926009,2026-05-18 13:15:21+05:30,53449.35,0,0.0,0,0.0,0.0,53282.15,53585.15,52783.45,53710.35,0,0.0,0.0,0.0,0.0,-0.01,-1,-1,-0.01,-1,-1,-0.01,-1,-1,-0.01,-1,-1,-0.01,-1,-1,-0.01,-1,-1,-0.01,-1,-1,-0.01,-1,-1,-0.01,-1,-1,-0.01,-1,-1
99926009,2026-05-18 13:15:22+05:30,53447.75,0,0.0,0,0.0,0.0,53282.15,53585.15,52783.45,53710.35,0,0.0,0.0,0.0,0.0,-0.01,-1,-1,-0.01,-1,-1,-0.01,-1,-1,-0.01,-1,-1,-0.01,-1,-1,-0.01,-1,-1,-0.01,-1,-1,-0.01,-1,-1,-0.01,-1,-1,-0.01,-1,-1
99926009,2026-05-18 13:15:22+05:30,53446.0,0,0.0,0,0.0,0.0,53282.15,53585.15,52783.45,53710.35,0,0.0,0.0,0.0,0.0,-0.01,-1,-1,-0.01,-1,-1,-0.01,-1,-1,-0.01,-1,-1,-0.01,-1,-1,-0.01,-1,-1,-0.01,-1,-1,-0.01,-1,-1,-0.01,-1,-1,-0.01,-1,-1
99926009,2026-05-18 13:15:23+05:30,53443.15,0,0.0,0,0.0,0.0,53282.15,53585.15,52783.45,53710.35,0,0.0,0.0,0.0,0.0,-0.01,-1,-1,-0.01,-1,-1,-0.01,-1,-1,-0.01,-1,-1,-0.01,-1,-1,-0.01,-1,-1,-0.01,-1,-1,-0.01,-1,-1,-0.01,-1,-1,-0.01,-1,-1
99926009,2026-05-18 13:15:23+05:30,53441.9,0,0.0,0,0.0,0.0,53282.15,53585.15,52783.45,53710.35,0,0.0,0.0,0.0,0.0,-0.01,-1,-1,-0.01,-1,-1,-0.01,-1,-1,-0.01,-1,-1,-0.01,-1,-1,-0.01,-1,-1,-0.01,-1,-1,-0.01,-1,-1,-0.01,-1,-1,-0.01,-1,-1
99926009,2026-05-18 13:15:24+05:30,53444.05,0,0.0,0,0.0,0.0,53282.15,53585.15,52783.45,53710.35,0,0.0,0.0,0.0,0.0,-0.01,-1,-1,-0.01,-1,-1,-0.01,-1,-1,-0.01,-1,-1,-0.01,-1,-1,-0.01,-1,-1,-0.01,-1,-1,-0.01,-1,-1,-0.01,-1,-1,-0.01,-1,-1
99926009,2026-05-18 13:15:24+05:30,53444.4,0,0.0,0,0.0,0.0,53282.15,53585.15,52783.45,53710.35,0,0.0,0.0,0.0,0.0,-0.01,-1,-1,-0.01,-1,-1,-0.01,-1,-1,-0.01,-1,-1,-0.01,-1,-1,-0.01,-1,-1,-0.01,-1,-1,-0.01,-1,-1,-0.01,-1,-1,-0.01,-1,-1
99926009,2026-05-18 13:15:25+05:30,53444.85,0,0.0,0,0.0,0.0,53282.15,53585.15,52783.45,53710.35,0,0.0,0.0,0.0,0.0,-0.01,-1,-1,-0.01,-1,-1,-0.01,-1,-1,-0.01,-1,-1,-0.01,-1,-1,-0.01,-1,-1,-0.01,-1,-1,-0.01,-1,-1,-0.01,-1,-1,-0.01,-1,-1
99926009,2026-05-18 13:15:25+05:30,53446.3,0,0.0,0,0.0,0.0,53282.15,53585.15,52783.45,53710.35,0,0.0,0.0,0.0,0.0,-0.01,-1,-1,-0.01,-1,-1,-0.01,-1,-1,-0.01,-1,-1,-0.01,-1,-1,-0.01,-1,-1,-0.01,-1,-1,-0.01,-1,-1,-0.01,-1,-1,-0.01,-1,-1
99926009,2026-05-18 13:15:26+05:30,53444.55,0,0.0,0,0.0,0.0,53282.15,53585.15,52783.45,53710.35,0,0.0,0.0,0.0,0.0,-0.01,-1,-1,-0.01,-1,-1,-0.01,-1,-1,-0.01,-1,-1,-0.01,-1,-1,-0.01,-1,-1,-0.01,-1,-1,-0.01,-1,-1,-0.01,-1,-1,-0.01,-1,-1
99926009,2026-05-18 13:15:26+05:30,53444.05,0,0.0,0,0.0,0.0,53282.15,53585.15,52783.45,53710.35,0,0.0,0.0,0.0,0.0,-0.01,-1,-1,-0.01,-1,-1,-0.01,-1,-1,-0.01,-1,-1,-0.01,-1,-1,-0.01,-1,-1,-0.01,-1,-1,-0.01,-1,-1,-0.01,-1,-1,-0.01,-1,-1
99926009,2026-05-18 13:15:27+05:30,53446.55,0,0.0,0,0.0,0.0,53282.15,53585.15,52783.45,53710.35,0,0.0,0.0,0.0,0.0,-0.01,-1,-1,-0.01,-1,-1,-0.01,-1,-1,-0.01,-1,-1,-0.01,-1,-1,-0.01,-1,-1,-0.01,-1,-1,-0.01,-1,-1,-0.01,-1,-1,-0.01,-1,-1
99926009,2026-05-18 13:15:27+05:30,53446.2,0,0.0,0,0.0,0.0,53282.15,53585.15,52783.45,53710.35,0,0.0,0.0,0.0,0.0,-0.01,-1,-1,-0.01,-1,-1,-0.01,-1,-1,-0.01,-1,-1,-0.01,-1,-1,-0.01,-1,-1,-0.01,-1,-1,-0.01,-1,-1,-0.01,-1,-1,-0.01,-1,-1
99926009,2026-05-18 13:15:28+05:30,53441.1,0,0.0,0,0.0,0.0,53282.15,53585.15,52783.45,53710.35,0,0.0,0.0,0.0,0.0,-0.01,-1,-1,-0.01,-1,-1,-0.01,-1,-1,-0.01,-1,-1,-0.01,-1,-1,-0.01,-1,-1,-0.01,-1,-1,-0.01,-1,-1,-0.01,-1,-1,-0.01,-1,-1
99926009,2026-05-18 13:15:28+05:30,53441.35,0,0.0,0,0.0,0.0,53282.15,53585.15,52783.45,53710.35,0,0.0,0.0,0.0,0.0,-0.01,-1,-1,-0.01,-1,-1,-0.01,-1,-1,-0.01,-1,-1,-0.01,-1,-1,-0.01,-1,-1,-0.01,-1,-1,-0.01,-1,-1,-0.01,-1,-1,-0.01,-1,-1
99926009,2026-05-18 13:15:29+05:30,53441.5,0,0.0,0,0.0,0.0,53282.15,53585.15,52783.45,53710.35,0,0.0,0.0,0.0,0.0,-0.01,-1,-1,-0.01,-1,-1,-0.01,-1,-1,-0.01,-1,-1,-0.01,-1,-1,-0.01,-1,-1,-0.01,-1,-1,-0.01,-1,-1,-0.01,-1,-1,-0.01,-1,-1
99926009,2026-05-18 13:15:29+05:30,53441.55,0,0.0,0,0.0,0.0,53282.15,53585.15,52783.45,53710.35,0,0.0,0.0,0.0,0.0,-0.01,-1,-1,-0.01,-1,-1,-0.01,-1,-1,-0.01,-1,-1,-0.01,-1,-1,-0.01,-1,-1,-0.01,-1,-1,-0.01,-1,-1,-0.01,-1,-1,-0.01,-1,-1
99926009,2026-05-18 13:15:30+05:30,53443.4,0,0.0,0,0.0,0.0,53282.15,53585.15,52783.45,53710.35,0,0.0,0.0,0.0,0.0,-0.01,-1,-1,-0.01,-1,-1,-0.01,-1,-1,-0.01,-1,-1,-0.01,-1,-1,-0.01,-1,-1,-0.01,-1,-1,-0.01,-1,-1,-0.01,-1,-1,-0.01,-1,-1
99926009,2026-05-18 13:15:30+05:30,53443.25,0,0.0,0,0.0,0.0,53282.15,53585.15,52783.45,53710.35,0,0.0,0.0,0.0,0.0,-0.01,-1,-1,-0.01,-1,-1,-0.01,-1,-1,-0.01,-1,-1,-0.01,-1,-1,-0.01,-1,-1,-0.01,-1,-1,-0.01,-1,-1,-0.01,-1,-1,-0.01,-1,-1
99926009,2026-05-18 13:15:31+05:30,53442.7,0,0.0,0,0.0,0.0,53282.15,53585.15,52783.45,53710.35,0,0.0,0.0,0.0,0.0,-0.01,-1,-1,-0.01,-1,-1,-0.01,-1,-1,-0.01,-1,-1,-0.01,-1,-1,-0.01,-1,-1,-0.01,-1,-1,-0.01,-1,-1,-0.01,-1,-1,-0.01,-1,-1
99926009,2026-05-18 13:15:31+05:30,53441.7,0,0.0,0,0.0,0.0,53282.15,53585.15,52783.45,53710.35,0,0.0,0.0,0.0,0.0,-0.01,-1,-1,-0.01,-1,-1,-0.01,-1,-1,-0.01,-1,-1,-0.01,-1,-1,-0.01,-1,-1,-0.01,-1,-1,-0.01,-1,-1,-0.01,-1,-1,-0.01,-1,-1
99926009,2026-05-18 13:15:32+05:30,53444.35,0,0.0,0,0.0,0.0,53282.15,53585.15,52783.45,53710.35,0,0.0,0.0,0.0,0.0,-0.01,-1,-1,-0.01,-1,-1,-0.01,-1,-1,-0.01,-1,-1,-0.01,-1,-1,-0.01,-1,-1,-0.01,-1,-1,-0.01,-1,-1,-0.01,-1,-1,-0.01,-1,-1
99926009,2026-05-18 13:15:32+05:30,53441.45,0,0.0,0,0.0,0.0,53282.15,53585.15,52783.45,53710.35,0,0.0,0.0,0.0,0.0,-0.01,-1,-1,-0.01,-1,-1,-0.01,-1,-1,-0.01,-1,-1,-0.01,-1,-1,-0.01,-1,-1,-0.01,-1,-1,-0.01,-1,-1,-0.01,-1,-1,-0.01,-1,-1
99926009,2026-05-18 13:15:33+05:30,53444.2,0,0.0,0,0.0,0.0,53282.15,53585.15,52783.45,53710.35,0,0.0,0.0,0.0,0.0,-0.01,-1,-1,-0.01,-1,-1,-0.01,-1,-1,-0.01,-1,-1,-0.01,-1,-1,-0.01,-1,-1,-0.01,-1,-1,-0.01,-1,-1,-0.01,-1,-1,-0.01,-1,-1
99926009,2026-05-18 13:15:33+05:30,53446.3,0,0.0,0,0.0,0.0,53282.15,53585.15,52783.45,53710.35,0,0.0,0.0,0.0,0.0,-0.01,-1,-1,-0.01,-1,-1,-0.01,-1,-1,-0.01,-1,-1,-0.01,-1,-1,-0.01,-1,-1,-0.01,-1,-1,-0.01,-1,-1,-0.01,-1,-1,-0.01,-1,-1
99926009,2026-05-18 13:15:34+05:30,53448.9,0,0.0,0,0.0,0.0,53282.15,53585.15,52783.45,53710.35,0,0.0,0.0,0.0,0.0,-0.01,-1,-1,-0.01,-1,-1,-0.01,-1,-1,-0.01,-1,-1,-0.01,-1,-1,-0.01,-1,-1,-0.01,-1,-1,-0.01,-1,-1,-0.01,-1,-1,-0.01,-1,-1
99926009,2026-05-18 13:15:34+05:30,53449.55,0,0.0,0,0.0,0.0,53282.15,53585.15,52783.45,53710.35,0,0.0,0.0,0.0,0.0,-0.01,-1,-1,-0.01,-1,-1,-0.01,-1,-1,-0.01,-1,-1,-0.01,-1,-1,-0.01,-1,-1,-0.01,-1,-1,-0.01,-1,-1,-0.01,-1,-1,-0.01,-1,-1
99926009,2026-05-18 13:15:35+05:30,53448.7,0,0.0,0,0.0,0.0,53282.15,53585.15,52783.45,53710.35,0,0.0,0.0,0.0,0.0,-0.01,-1,-1,-0.01,-1,-1,-0.01,-1,-1,-0.01,-1,-1,-0.01,-1,-1,-0.01,-1,-1,-0.01,-1,-1,-0.01,-1,-1,-0.01,-1,-1,-0.01,-1,-1
99926009,2026-05-18 13:15:35+05:30,53452.65,0,0.0,0,0.0,0.0,53282.15,53585.15,52783.45,53710.35,0,0.0,0.0,0.0,0.0,-0.01,-1,-1,-0.01,-1,-1,-0.01,-1,-1,-0.01,-1,-1,-0.01,-1,-1,-0.01,-1,-1,-0.01,-1,-1,-0.01,-1,-1,-0.01,-1,-1,-0.01,-1,-1
99926009,2026-05-18 13:15:36+05:30,53451.3,0,0.0,0,0.0,0.0,53282.15,53585.15,52783.45,53710.35,0,0.0,0.0,0.0,0.0,-0.01,-1,-1,-0.01,-1,-1,-0.01,-1,-1,-0.01,-1,-1,-0.01,-1,-1,-0.01,-1,-1,-0.01,-1,-1,-0.01,-1,-1,-0.01,-1,-1,-0.01,-1,-1
99926009,2026-05-18 13:15:36+05:30,53451.1,0,0.0,0,0.0,0.0,53282.15,53585.15,52783.45,53710.35,0,0.0,0.0,0.0,0.0,-0.01,-1,-1,-0.01,-1,-1,-0.01,-1,-1,-0.01,-1,-1,-0.01,-1,-1,-0.01,-1,-1,-0.01,-1,-1,-0.01,-1,-1,-0.01,-1,-1,-0.01,-1,-1
99926009,2026-05-18 13:15:37+05:30,53452.25,0,0.0,0,0.0,0.0,53282.15,53585.15,52783.45,53710.35,0,0.0,0.0,0.0,0.0,-0.01,-1,-1,-0.01,-1,-1,-0.01,-1,-1,-0.01,-1,-1,-0.01,-1,-1,-0.01,-1,-1,-0.01,-1,-1,-0.01,-1,-1,-0.01,-1,-1,-0.01,-1,-1
99926009,2026-05-18 13:15:37+05:30,53450.95,0,0.0,0,0.0,0.0,53282.15,53585.15,52783.45,53710.35,0,0.0,0.0,0.0,0.0,-0.01,-1,-1,-0.01,-1,-1,-0.01,-1,-1,-0.01,-1,-1,-0.01,-1,-1,-0.01,-1,-1,-0.01,-1,-1,-0.01,-1,-1,-0.01,-1,-1,-0.01,-1,-1
99926009,2026-05-18 13:15:38+05:30,53444.75,0,0.0,0,0.0,0.0,53282.15,53585.15,52783.45,53710.35,0,0.0,0.0,0.0,0.0,-0.01,-1,-1,-0.01,-1,-1,-0.01,-1,-1,-0.01,-1,-1,-0.01,-1,-1,-0.01,-1,-1,-0.01,-1,-1,-0.01,-1,-1,-0.01,-1,-1,-0.01,-1,-1
99926009,2026-05-18 13:15:38+05:30,53445.4,0,0.0,0,0.0,0.0,53282.15,53585.15,52783.45,53710.35,0,0.0,0.0,0.0,0.0,-0.01,-1,-1,-0.01,-1,-1,-0.01,-1,-1,-0.01,-1,-1,-0.01,-1,-1,-0.01,-1,-1,-0.01,-1,-1,-0.01,-1,-1,-0.01,-1,-1,-0.01,-1,-1
99926009,2026-05-18 13:15:39+05:30,53442.9,0,0.0,0,0.0,0.0,53282.15,53585.15,52783.45,53710.35,0,0.0,0.0,0.0,0.0,-0.01,-1,-1,-0.01,-1,-1,-0.01,-1,-1,-0.01,-1,-1,-0.01,-1,-1,-0.01,-1,-1,-0.01,-1,-1,-0.01,-1,-1,-0.01,-1,-1,-0.01,-1,-1
99926009,2026-05-18 13:15:39+05:30,53445.4,0,0.0,0,0.0,0.0,53282.15,53585.15,52783.45,53710.35,0,0.0,0.0,0.0,0.0,-0.01,-1,-1,-0.01,-1,-1,-0.01,-1,-1,-0.01,-1,-1,-0.01,-1,-1,-0.01,-1,-1,-0.01,-1,-1,-0.01,-1,-1,-0.01,-1,-1,-0.01,-1,-1
99926009,2026-05-18 13:15:40+05:30,53444.2,0,0.0,0,0.0,0.0,53282.15,53585.15,52783.45,53710.35,0,0.0,0.0,0.0,0.0,-0.01,-1,-1,-0.01,-1,-1,-0.01,-1,-1,-0.01,-1,-1,-0.01,-1,-1,-0.01,-1,-1,-0.01,-1,-1,-0.01,-1,-1,-0.01,-1,-1,-0.01,-1,-1
99926009,2026-05-18 13:15:40+05:30,53444.0,0,0.0,0,0.0,0.0,53282.15,53585.15,52783.45,53710.35,0,0.0,0.0,0.0,0.0,-0.01,-1,-1,-0.01,-1,-1,-0.01,-1,-1,-0.01,-1,-1,-0.01,-1,-1,-0.01,-1,-1,-0.01,-1,-1,-0.01,-1,-1,-0.01,-1,-1,-0.01,-1,-1
99926009,2026-05-18 13:15:41+05:30,53443.0,0,0.0,0,0.0,0.0,53282.15,53585.15,52783.45,53710.35,0,0.0,0.0,0.0,0.0,-0.01,-1,-1,-0.01,-1,-1,-0.01,-1,-1,-0.01,-1,-1,-0.01,-1,-1,-0.01,-1,-1,-0.01,-1,-1,-0.01,-1,-1,-0.01,-1,-1,-0.01,-1,-1
99926009,2026-05-18 13:15:41+05:30,53443.7,0,0.0,0,0.0,0.0,53282.15,53585.15,52783.45,53710.35,0,0.0,0.0,0.0,0.0,-0.01,-1,-1,-0.01,-1,-1,-0.01,-1,-1,-0.01,-1,-1,-0.01,-1,-1,-0.01,-1,-1,-0.01,-1,-1,-0.01,-1,-1,-0.01,-1,-1,-0.01,-1,-1
99926009,2026-05-18 13:15:42+05:30,53445.4,0,0.0,0,0.0,0.0,53282.15,53585.15,52783.45,53710.35,0,0.0,0.0,0.0,0.0,-0.01,-1,-1,-0.01,-1,-1,-0.01,-1,-1,-0.01,-1,-1,-0.01,-1,-1,-0.01,-1,-1,-0.01,-1,-1,-0.01,-1,-1,-0.01,-1,-1,-0.01,-1,-1
99926009,2026-05-18 13:15:42+05:30,53444.05,0,0.0,0,0.0,0.0,53282.15,53585.15,52783.45,53710.35,0,0.0,0.0,0.0,0.0,-0.01,-1,-1,-0.01,-1,-1,-0.01,-1,-1,-0.01,-1,-1,-0.01,-1,-1,-0.01,-1,-1,-0.01,-1,-1,-0.01,-1,-1,-0.01,-1,-1,-0.01,-1,-1
99926009,2026-05-18 13:15:43+05:30,53443.05,0,0.0,0,0.0,0.0,53282.15,53585.15,52783.45,53710.35,0,0.0,0.0,0.0,0.0,-0.01,-1,-1,-0.01,-1,-1,-0.01,-1,-1,-0.01,-1,-1,-0.01,-1,-1,-0.01,-1,-1,-0.01,-1,-1,-0.01,-1,-1,-0.01,-1,-1,-0.01,-1,-1
99926009,2026-05-18 13:15:43+05:30,53443.45,0,0.0,0,0.0,0.0,53282.15,53585.15,52783.45,53710.35,0,0.0,0.0,0.0,0.0,-0.01,-1,-1,-0.01,-1,-1,-0.01,-1,-1,-0.01,-1,-1,-0.01,-1,-1,-0.01,-1,-1,-0.01,-1,-1,-0.01,-1,-1,-0.01,-1,-1,-0.01,-1,-1
99926009,2026-05-18 13:15:44+05:30,53445.9,0,0.0,0,0.0,0.0,53282.15,53585.15,52783.45,53710.35,0,0.0,0.0,0.0,0.0,-0.01,-1,-1,-0.01,-1,-1,-0.01,-1,-1,-0.01,-1,-1,-0.01,-1,-1,-0.01,-1,-1,-0.01,-1,-1,-0.01,-1,-1,-0.01,-1,-1,-0.01,-1,-1
99926009,2026-05-18 13:15:44+05:30,53447.2,0,0.0,0,0.0,0.0,53282.15,53585.15,52783.45,53710.35,0,0.0,0.0,0.0,0.0,-0.01,-1,-1,-0.01,-1,-1,-0.01,-1,-1,-0.01,-1,-1,-0.01,-1,-1,-0.01,-1,-1,-0.01,-1,-1,-0.01,-1,-1,-0.01,-1,-1,-0.01,-1,-1
99926009,2026-05-18 13:15:45+05:30,53443.65,0,0.0,0,0.0,0.0,53282.15,53585.15,52783.45,53710.35,0,0.0,0.0,0.0,0.0,-0.01,-1,-1,-0.01,-1,-1,-0.01,-1,-1,-0.01,-1,-1,-0.01,-1,-1,-0.01,-1,-1,-0.01,-1,-1,-0.01,-1,-1,-0.01,-1,-1,-0.01,-1,-1
99926009,2026-05-18 13:15:45+05:30,53446.1,0,0.0,0,0.0,0.0,53282.15,53585.15,52783.45,53710.35,0,0.0,0.0,0.0,0.0,-0.01,-1,-1,-0.01,-1,-1,-0.01,-1,-1,-0.01,-1,-1,-0.01,-1,-1,-0.01,-1,-1,-0.01,-1,-1,-0.01,-1,-1,-0.01,-1,-1,-0.01,-1,-1
99926009,2026-05-18 13:15:46+05:30,53443.85,0,0.0,0,0.0,0.0,53282.15,53585.15,52783.45,53710.35,0,0.0,0.0,0.0,0.0,-0.01,-1,-1,-0.01,-1,-1,-0.01,-1,-1,-0.01,-1,-1,-0.01,-1,-1,-0.01,-1,-1,-0.01,-1,-1,-0.01,-1,-1,-0.01,-1,-1,-0.01,-1,-1
99926009,2026-05-18 13:15:46+05:30,53447.6,0,0.0,0,0.0,0.0,53282.15,53585.15,52783.45,53710.35,0,0.0,0.0,0.0,0.0,-0.01,-1,-1,-0.01,-1,-1,-0.01,-1,-1,-0.01,-1,-1,-0.01,-1,-1,-0.01,-1,-1,-0.01,-1,-1,-0.01,-1,-1,-0.01,-1,-1,-0.01,-1,-1
99926009,2026-05-18 13:15:47+05:30,53448.8,0,0.0,0,0.0,0.0,53282.15,53585.15,52783.45,53710.35,0,0.0,0.0,0.0,0.0,-0.01,-1,-1,-0.01,-1,-1,-0.01,-1,-1,-0.01,-1,-1,-0.01,-1,-1,-0.01,-1,-1,-0.01,-1,-1,-0.01,-1,-1,-0.01,-1,-1,-0.01,-1,-1
99926009,2026-05-18 13:15:47+05:30,53446.7,0,0.0,0,0.0,0.0,53282.15,53585.15,52783.45,53710.35,0,0.0,0.0,0.0,0.0,-0.01,-1,-1,-0.01,-1,-1,-0.01,-1,-1,-0.01,-1,-1,-0.01,-1,-1,-0.01,-1,-1,-0.01,-1,-1,-0.01,-1,-1,-0.01,-1,-1,-0.01,-1,-1
99926009,2026-05-18 13:15:48+05:30,53446.9,0,0.0,0,0.0,0.0,53282.15,53585.15,52783.45,53710.35,0,0.0,0.0,0.0,0.0,-0.01,-1,-1,-0.01,-1,-1,-0.01,-1,-1,-0.01,-1,-1,-0.01,-1,-1,-0.01,-1,-1,-0.01,-1,-1,-0.01,-1,-1,-0.01,-1,-1,-0.01,-1,-1
99926009,2026-05-18 13:15:48+05:30,53448.1,0,0.0,0,0.0,0.0,53282.15,53585.15,52783.45,53710.35,0,0.0,0.0,0.0,0.0,-0.01,-1,-1,-0.01,-1,-1,-0.01,-1,-1,-0.01,-1,-1,-0.01,-1,-1,-0.01,-1,-1,-0.01,-1,-1,-0.01,-1,-1,-0.01,-1,-1,-0.01,-1,-1
99926009,2026-05-18 13:15:49+05:30,53445.85,0,0.0,0,0.0,0.0,53282.15,53585.15,52783.45,53710.35,0,0.0,0.0,0.0,0.0,-0.01,-1,-1,-0.01,-1,-1,-0.01,-1,-1,-0.01,-1,-1,-0.01,-1,-1,-0.01,-1,-1,-0.01,-1,-1,-0.01,-1,-1,-0.01,-1,-1,-0.01,-1,-1
99926009,2026-05-18 13:15:49+05:30,53447.85,0,0.0,0,0.0,0.0,53282.15,53585.15,52783.45,53710.35,0,0.0,0.0,0.0,0.0,-0.01,-1,-1,-0.01,-1,-1,-0.01,-1,-1,-0.01,-1,-1,-0.01,-1,-1,-0.01,-1,-1,-0.01,-1,-1,-0.01,-1,-1,-0.01,-1,-1,-0.01,-1,-1
99926009,2026-05-18 13:15:50+05:30,53447.55,0,0.0,0,0.0,0.0,53282.15,53585.15,52783.45,53710.35,0,0.0,0.0,0.0,0.0,-0.01,-1,-1,-0.01,-1,-1,-0.01,-1,-1,-0.01,-1,-1,-0.01,-1,-1,-0.01,-1,-1,-0.01,-1,-1,-0.01,-1,-1,-0.01,-1,-1,-0.01,-1,-1
99926009,2026-05-18 13:15:50+05:30,53444.9,0,0.0,0,0.0,0.0,53282.15,53585.15,52783.45,53710.35,0,0.0,0.0,0.0,0.0,-0.01,-1,-1,-0.01,-1,-1,-0.01,-1,-1,-0.01,-1,-1,-0.01,-1,-1,-0.01,-1,-1,-0.01,-1,-1,-0.01,-1,-1,-0.01,-1,-1,-0.01,-1,-1
99926009,2026-05-18 13:15:51+05:30,53447.15,0,0.0,0,0.0,0.0,53282.15,53585.15,52783.45,53710.35,0,0.0,0.0,0.0,0.0,-0.01,-1,-1,-0.01,-1,-1,-0.01,-1,-1,-0.01,-1,-1,-0.01,-1,-1,-0.01,-1,-1,-0.01,-1,-1,-0.01,-1,-1,-0.01,-1,-1,-0.01,-1,-1
99926009,2026-05-18 13:15:51+05:30,53449.55,0,0.0,0,0.0,0.0,53282.15,53585.15,52783.45,53710.35,0,0.0,0.0,0.0,0.0,-0.01,-1,-1,-0.01,-1,-1,-0.01,-1,-1,-0.01,-1,-1,-0.01,-1,-1,-0.01,-1,-1,-0.01,-1,-1,-0.01,-1,-1,-0.01,-1,-1,-0.01,-1,-1
99926009,2026-05-18 13:15:52+05:30,53450.65,0,0.0,0,0.0,0.0,53282.15,53585.15,52783.45,53710.35,0,0.0,0.0,0.0,0.0,-0.01,-1,-1,-0.01,-1,-1,-0.01,-1,-1,-0.01,-1,-1,-0.01,-1,-1,-0.01,-1,-1,-0.01,-1,-1,-0.01,-1,-1,-0.01,-1,-1,-0.01,-1,-1
99926009,2026-05-18 13:15:52+05:30,53450.05,0,0.0,0,0.0,0.0,53282.15,53585.15,52783.45,53710.35,0,0.0,0.0,0.0,0.0,-0.01,-1,-1,-0.01,-1,-1,-0.01,-1,-1,-0.01,-1,-1,-0.01,-1,-1,-0.01,-1,-1,-0.01,-1,-1,-0.01,-1,-1,-0.01,-1,-1,-0.01,-1,-1
99926009,2026-05-18 13:15:53+05:30,53449.8,0,0.0,0,0.0,0.0,53282.15,53585.15,52783.45,53710.35,0,0.0,0.0,0.0,0.0,-0.01,-1,-1,-0.01,-1,-1,-0.01,-1,-1,-0.01,-1,-1,-0.01,-1,-1,-0.01,-1,-1,-0.01,-1,-1,-0.01,-1,-1,-0.01,-1,-1,-0.01,-1,-1
99926009,2026-05-18 13:15:53+05:30,53449.55,0,0.0,0,0.0,0.0,53282.15,53585.15,52783.45,53710.35,0,0.0,0.0,0.0,0.0,-0.01,-1,-1,-0.01,-1,-1,-0.01,-1,-1,-0.01,-1,-1,-0.01,-1,-1,-0.01,-1,-1,-0.01,-1,-1,-0.01,-1,-1,-0.01,-1,-1,-0.01,-1,-1
99926009,2026-05-18 13:15:54+05:30,53449.9,0,0.0,0,0.0,0.0,53282.15,53585.15,52783.45,53710.35,0,0.0,0.0,0.0,0.0,-0.01,-1,-1,-0.01,-1,-1,-0.01,-1,-1,-0.01,-1,-1,-0.01,-1,-1,-0.01,-1,-1,-0.01,-1,-1,-0.01,-1,-1,-0.01,-1,-1,-0.01,-1,-1
99926009,2026-05-18 13:15:54+05:30,53451.15,0,0.0,0,0.0,0.0,53282.15,53585.15,52783.45,53710.35,0,0.0,0.0,0.0,0.0,-0.01,-1,-1,-0.01,-1,-1,-0.01,-1,-1,-0.01,-1,-1,-0.01,-1,-1,-0.01,-1,-1,-0.01,-1,-1,-0.01,-1,-1,-0.01,-1,-1,-0.01,-1,-1
99926009,2026-05-18 13:15:55+05:30,53451.15,0,0.0,0,0.0,0.0,53282.15,53585.15,52783.45,53710.35,0,0.0,0.0,0.0,0.0,-0.01,-1,-1,-0.01,-1,-1,-0.01,-1,-1,-0.01,-1,-1,-0.01,-1,-1,-0.01,-1,-1,-0.01,-1,-1,-0.01,-1,-1,-0.01,-1,-1,-0.01,-1,-1
99926009,2026-05-18 13:15:55+05:30,53453.35,0,0.0,0,0.0,0.0,53282.15,53585.15,52783.45,53710.35,0,0.0,0.0,0.0,0.0,-0.01,-1,-1,-0.01,-1,-1,-0.01,-1,-1,-0.01,-1,-1,-0.01,-1,-1,-0.01,-1,-1,-0.01,-1,-1,-0.01,-1,-1,-0.01,-1,-1,-0.01,-1,-1
99926009,2026-05-18 13:15:56+05:30,53452.0,0,0.0,0,0.0,0.0,53282.15,53585.15,52783.45,53710.35,0,0.0,0.0,0.0,0.0,-0.01,-1,-1,-0.01,-1,-1,-0.01,-1,-1,-0.01,-1,-1,-0.01,-1,-1,-0.01,-1,-1,-0.01,-1,-1,-0.01,-1,-1,-0.01,-1,-1,-0.01,-1,-1
99926009,2026-05-18 13:15:56+05:30,53451.5,0,0.0,0,0.0,0.0,53282.15,53585.15,52783.45,53710.35,0,0.0,0.0,0.0,0.0,-0.01,-1,-1,-0.01,-1,-1,-0.01,-1,-1,-0.01,-1,-1,-0.01,-1,-1,-0.01,-1,-1,-0.01,-1,-1,-0.01,-1,-1,-0.01,-1,-1,-0.01,-1,-1
99926009,2026-05-18 13:15:57+05:30,53451.3,0,0.0,0,0.0,0.0,53282.15,53585.15,52783.45,53710.35,0,0.0,0.0,0.0,0.0,-0.01,-1,-1,-0.01,-1,-1,-0.01,-1,-1,-0.01,-1,-1,-0.01,-1,-1,-0.01,-1,-1,-0.01,-1,-1,-0.01,-1,-1,-0.01,-1,-1,-0.01,-1,-1
99926009,2026-05-18 13:15:57+05:30,53450.4,0,0.0,0,0.0,0.0,53282.15,53585.15,52783.45,53710.35,0,0.0,0.0,0.0,0.0,-0.01,-1,-1,-0.01,-1,-1,-0.01,-1,-1,-0.01,-1,-1,-0.01,-1,-1,-0.01,-1,-1,-0.01,-1,-1,-0.01,-1,-1,-0.01,-1,-1,-0.01,-1,-1
99926009,2026-05-18 13:15:58+05:30,53450.15,0,0.0,0,0.0,0.0,53282.15,53585.15,52783.45,53710.35,0,0.0,0.0,0.0,0.0,-0.01,-1,-1,-0.01,-1,-1,-0.01,-1,-1,-0.01,-1,-1,-0.01,-1,-1,-0.01,-1,-1,-0.01,-1,-1,-0.01,-1,-1,-0.01,-1,-1,-0.01,-1,-1
99926009,2026-05-18 13:15:58+05:30,53450.55,0,0.0,0,0.0,0.0,53282.15,53585.15,52783.45,53710.35,0,0.0,0.0,0.0,0.0,-0.01,-1,-1,-0.01,-1,-1,-0.01,-1,-1,-0.01,-1,-1,-0.01,-1,-1,-0.01,-1,-1,-0.01,-1,-1,-0.01,-1,-1,-0.01,-1,-1,-0.01,-1,-1
99926009,2026-05-18 13:15:59+05:30,53452.1,0,0.0,0,0.0,0.0,53282.15,53585.15,52783.45,53710.35,0,0.0,0.0,0.0,0.0,-0.01,-1,-1,-0.01,-1,-1,-0.01,-1,-1,-0.01,-1,-1,-0.01,-1,-1,-0.01,-1,-1,-0.01,-1,-1,-0.01,-1,-1,-0.01,-1,-1,-0.01,-1,-1
99926009,2026-05-18 13:15:59+05:30,53449.85,0,0.0,0,0.0,0.0,53282.15,53585.15,52783.45,53710.35,0,0.0,0.0,0.0,0.0,-0.01,-1,-1,-0.01,-1,-1,-0.01,-1,-1,-0.01,-1,-1,-0.01,-1,-1,-0.01,-1,-1,-0.01,-1,-1,-0.01,-1,-1,-0.01,-1,-1,-0.01,-1,-1
99926009,2026-05-18 13:16:00+05:30,53454.7,0,0.0,0,0.0,0.0,53282.15,53585.15,52783.45,53710.35,0,0.0,0.0,0.0,0.0,-0.01,-1,-1,-0.01,-1,-1,-0.01,-1,-1,-0.01,-1,-1,-0.01,-1,-1,-0.01,-1,-1,-0.01,-1,-1,-0.01,-1,-1,-0.01,-1,-1,-0.01,-1,-1
99926009,2026-05-18 13:16:00+05:30,53454.2,0,0.0,0,0.0,0.0,53282.15,53585.15,52783.45,53710.35,0,0.0,0.0,0.0,0.0,-0.01,-1,-1,-0.01,-1,-1,-0.01,-1,-1,-0.01,-1,-1,-0.01,-1,-1,-0.01,-1,-1,-0.01,-1,-1,-0.01,-1,-1,-0.01,-1,-1,-0.01,-1,-1
99926009,2026-05-18 13:16:01+05:30,53454.4,0,0.0,0,0.0,0.0,53282.15,53585.15,52783.45,53710.35,0,0.0,0.0,0.0,0.0,-0.01,-1,-1,-0.01,-1,-1,-0.01,-1,-1,-0.01,-1,-1,-0.01,-1,-1,-0.01,-1,-1,-0.01,-1,-1,-0.01,-1,-1,-0.01,-1,-1,-0.01,-1,-1
99926009,2026-05-18 13:16:01+05:30,53455.35,0,0.0,0,0.0,0.0,53282.15,53585.15,52783.45,53710.35,0,0.0,0.0,0.0,0.0,-0.01,-1,-1,-0.01,-1,-1,-0.01,-1,-1,-0.01,-1,-1,-0.01,-1,-1,-0.01,-1,-1,-0.01,-1,-1,-0.01,-1,-1,-0.01,-1,-1,-0.01,-1,-1
99926009,2026-05-18 13:16:02+05:30,53453.5,0,0.0,0,0.0,0.0,53282.15,53585.15,52783.45,53710.35,0,0.0,0.0,0.0,0.0,-0.01,-1,-1,-0.01,-1,-1,-0.01,-1,-1,-0.01,-1,-1,-0.01,-1,-1,-0.01,-1,-1,-0.01,-1,-1,-0.01,-1,-1,-0.01,-1,-1,-0.01,-1,-1
99926009,2026-05-18 13:16:02+05:30,53455.1,0,0.0,0,0.0,0.0,53282.15,53585.15,52783.45,53710.35,0,0.0,0.0,0.0,0.0,-0.01,-1,-1,-0.01,-1,-1,-0.01,-1,-1,-0.01,-1,-1,-0.01,-1,-1,-0.01,-1,-1,-0.01,-1,-1,-0.01,-1,-1,-0.01,-1,-1,-0.01,-1,-1
99926009,2026-05-18 13:16:03+05:30,53454.2,0,0.0,0,0.0,0.0,53282.15,53585.15,52783.45,53710.35,0,0.0,0.0,0.0,0.0,-0.01,-1,-1,-0.01,-1,-1,-0.01,-1,-1,-0.01,-1,-1,-0.01,-1,-1,-0.01,-1,-1,-0.01,-1,-1,-0.01,-1,-1,-0.01,-1,-1,-0.01,-1,-1
99926009,2026-05-18 13:16:03+05:30,53455.0,0,0.0,0,0.0,0.0,53282.15,53585.15,52783.45,53710.35,0,0.0,0.0,0.0,0.0,-0.01,-1,-1,-0.01,-1,-1,-0.01,-1,-1,-0.01,-1,-1,-0.01,-1,-1,-0.01,-1,-1,-0.01,-1,-1,-0.01,-1,-1,-0.01,-1,-1,-0.01,-1,-1
99926009,2026-05-18 13:16:04+05:30,53457.0,0,0.0,0,0.0,0.0,53282.15,53585.15,52783.45,53710.35,0,0.0,0.0,0.0,0.0,-0.01,-1,-1,-0.01,-1,-1,-0.01,-1,-1,-0.01,-1,-1,-0.01,-1,-1,-0.01,-1,-1,-0.01,-1,-1,-0.01,-1,-1,-0.01,-1,-1,-0.01,-1,-1
99926009,2026-05-18 13:16:04+05:30,53458.35,0,0.0,0,0.0,0.0,53282.15,53585.15,52783.45,53710.35,0,0.0,0.0,0.0,0.0,-0.01,-1,-1,-0.01,-1,-1,-0.01,-1,-1,-0.01,-1,-1,-0.01,-1,-1,-0.01,-1,-1,-0.01,-1,-1,-0.01,-1,-1,-0.01,-1,-1,-0.01,-1,-1
99926009,2026-05-18 13:16:05+05:30,53460.15,0,0.0,0,0.0,0.0,53282.15,53585.15,52783.45,53710.35,0,0.0,0.0,0.0,0.0,-0.01,-1,-1,-0.01,-1,-1,-0.01,-1,-1,-0.01,-1,-1,-0.01,-1,-1,-0.01,-1,-1,-0.01,-1,-1,-0.01,-1,-1,-0.01,-1,-1,-0.01,-1,-1
99926009,2026-05-18 13:16:05+05:30,53460.65,0,0.0,0,0.0,0.0,53282.15,53585.15,52783.45,53710.35,0,0.0,0.0,0.0,0.0,-0.01,-1,-1,-0.01,-1,-1,-0.01,-1,-1,-0.01,-1,-1,-0.01,-1,-1,-0.01,-1,-1,-0.01,-1,-1,-0.01,-1,-1,-0.01,-1,-1,-0.01,-1,-1
99926009,2026-05-18 13:16:06+05:30,53458.3,0,0.0,0,0.0,0.0,53282.15,53585.15,52783.45,53710.35,0,0.0,0.0,0.0,0.0,-0.01,-1,-1,-0.01,-1,-1,-0.01,-1,-1,-0.01,-1,-1,-0.01,-1,-1,-0.01,-1,-1,-0.01,-1,-1,-0.01,-1,-1,-0.01,-1,-1,-0.01,-1,-1
99926009,2026-05-18 13:16:06+05:30,53461.15,0,0.0,0,0.0,0.0,53282.15,53585.15,52783.45,53710.35,0,0.0,0.0,0.0,0.0,-0.01,-1,-1,-0.01,-1,-1,-0.01,-1,-1,-0.01,-1,-1,-0.01,-1,-1,-0.01,-1,-1,-0.01,-1,-1,-0.01,-1,-1,-0.01,-1,-1,-0.01,-1,-1
99926009,2026-05-18 13:16:07+05:30,53462.7,0,0.0,0,0.0,0.0,53282.15,53585.15,52783.45,53710.35,0,0.0,0.0,0.0,0.0,-0.01,-1,-1,-0.01,-1,-1,-0.01,-1,-1,-0.01,-1,-1,-0.01,-1,-1,-0.01,-1,-1,-0.01,-1,-1,-0.01,-1,-1,-0.01,-1,-1,-0.01,-1,-1
99926009,2026-05-18 13:16:07+05:30,53464.7,0,0.0,0,0.0,0.0,53282.15,53585.15,52783.45,53710.35,0,0.0,0.0,0.0,0.0,-0.01,-1,-1,-0.01,-1,-1,-0.01,-1,-1,-0.01,-1,-1,-0.01,-1,-1,-0.01,-1,-1,-0.01,-1,-1,-0.01,-1,-1,-0.01,-1,-1,-0.01,-1,-1
99926009,2026-05-18 13:16:08+05:30,53464.75,0,0.0,0,0.0,0.0,53282.15,53585.15,52783.45,53710.35,0,0.0,0.0,0.0,0.0,-0.01,-1,-1,-0.01,-1,-1,-0.01,-1,-1,-0.01,-1,-1,-0.01,-1,-1,-0.01,-1,-1,-0.01,-1,-1,-0.01,-1,-1,-0.01,-1,-1,-0.01,-1,-1
99926009,2026-05-18 13:16:08+05:30,53463.85,0,0.0,0,0.0,0.0,53282.15,53585.15,52783.45,53710.35,0,0.0,0.0,0.0,0.0,-0.01,-1,-1,-0.01,-1,-1,-0.01,-1,-1,-0.01,-1,-1,-0.01,-1,-1,-0.01,-1,-1,-0.01,-1,-1,-0.01,-1,-1,-0.01,-1,-1,-0.01,-1,-1
99926009,2026-05-18 13:16:09+05:30,53467.7,0,0.0,0,0.0,0.0,53282.15,53585.15,52783.45,53710.35,0,0.0,0.0,0.0,0.0,-0.01,-1,-1,-0.01,-1,-1,-0.01,-1,-1,-0.01,-1,-1,-0.01,-1,-1,-0.01,-1,-1,-0.01,-1,-1,-0.01,-1,-1,-0.01,-1,-1,-0.01,-1,-1
99926009,2026-05-18 13:16:09+05:30,53468.05,0,0.0,0,0.0,0.0,53282.15,53585.15,52783.45,53710.35,0,0.0,0.0,0.0,0.0,-0.01,-1,-1,-0.01,-1,-1,-0.01,-1,-1,-0.01,-1,-1,-0.01,-1,-1,-0.01,-1,-1,-0.01,-1,-1,-0.01,-1,-1,-0.01,-1,-1,-0.01,-1,-1
99926009,2026-05-18 13:16:10+05:30,53467.1,0,0.0,0,0.0,0.0,53282.15,53585.15,52783.45,53710.35,0,0.0,0.0,0.0,0.0,-0.01,-1,-1,-0.01,-1,-1,-0.01,-1,-1,-0.01,-1,-1,-0.01,-1,-1,-0.01,-1,-1,-0.01,-1,-1,-0.01,-1,-1,-0.01,-1,-1,-0.01,-1,-1
99926009,2026-05-18 13:16:10+05:30,53468.35,0,0.0,0,0.0,0.0,53282.15,53585.15,52783.45,53710.35,0,0.0,0.0,0.0,0.0,-0.01,-1,-1,-0.01,-1,-1,-0.01,-1,-1,-0.01,-1,-1,-0.01,-1,-1,-0.01,-1,-1,-0.01,-1,-1,-0.01,-1,-1,-0.01,-1,-1,-0.01,-1,-1
99926009,2026-05-18 13:16:11+05:30,53468.8,0,0.0,0,0.0,0.0,53282.15,53585.15,52783.45,53710.35,0,0.0,0.0,0.0,0.0,-0.01,-1,-1,-0.01,-1,-1,-0.01,-1,-1,-0.01,-1,-1,-0.01,-1,-1,-0.01,-1,-1,-0.01,-1,-1,-0.01,-1,-1,-0.01,-1,-1,-0.01,-1,-1
99926009,2026-05-18 13:16:11+05:30,53465.1,0,0.0,0,0.0,0.0,53282.15,53585.15,52783.45,53710.35,0,0.0,0.0,0.0,0.0,-0.01,-1,-1,-0.01,-1,-1,-0.01,-1,-1,-0.01,-1,-1,-0.01,-1,-1,-0.01,-1,-1,-0.01,-1,-1,-0.01,-1,-1,-0.01,-1,-1,-0.01,-1,-1
99926009,2026-05-18 13:16:12+05:30,53468.7,0,0.0,0,0.0,0.0,53282.15,53585.15,52783.45,53710.35,0,0.0,0.0,0.0,0.0,-0.01,-1,-1,-0.01,-1,-1,-0.01,-1,-1,-0.01,-1,-1,-0.01,-1,-1,-0.01,-1,-1,-0.01,-1,-1,-0.01,-1,-1,-0.01,-1,-1,-0.01,-1,-1
99926009,2026-05-18 13:16:12+05:30,53469.4,0,0.0,0,0.0,0.0,53282.15,53585.15,52783.45,53710.35,0,0.0,0.0,0.0,0.0,-0.01,-1,-1,-0.01,-1,-1,-0.01,-1,-1,-0.01,-1,-1,-0.01,-1,-1,-0.01,-1,-1,-0.01,-1,-1,-0.01,-1,-1,-0.01,-1,-1,-0.01,-1,-1
99926009,2026-05-18 13:16:13+05:30,53471.0,0,0.0,0,0.0,0.0,53282.15,53585.15,52783.45,53710.35,0,0.0,0.0,0.0,0.0,-0.01,-1,-1,-0.01,-1,-1,-0.01,-1,-1,-0.01,-1,-1,-0.01,-1,-1,-0.01,-1,-1,-0.01,-1,-1,-0.01,-1,-1,-0.01,-1,-1,-0.01,-1,-1
99926009,2026-05-18 13:16:13+05:30,53471.75,0,0.0,0,0.0,0.0,53282.15,53585.15,52783.45,53710.35,0,0.0,0.0,0.0,0.0,-0.01,-1,-1,-0.01,-1,-1,-0.01,-1,-1,-0.01,-1,-1,-0.01,-1,-1,-0.01,-1,-1,-0.01,-1,-1,-0.01,-1,-1,-0.01,-1,-1,-0.01,-1,-1
99926009,2026-05-18 13:16:14+05:30,53468.85,0,0.0,0,0.0,0.0,53282.15,53585.15,52783.45,53710.35,0,0.0,0.0,0.0,0.0,-0.01,-1,-1,-0.01,-1,-1,-0.01,-1,-1,-0.01,-1,-1,-0.01,-1,-1,-0.01,-1,-1,-0.01,-1,-1,-0.01,-1,-1,-0.01,-1,-1,-0.01,-1,-1
99926009,2026-05-18 13:16:14+05:30,53469.6,0,0.0,0,0.0,0.0,53282.15,53585.15,52783.45,53710.35,0,0.0,0.0,0.0,0.0,-0.01,-1,-1,-0.01,-1,-1,-0.01,-1,-1,-0.01,-1,-1,-0.01,-1,-1,-0.01,-1,-1,-0.01,-1,-1,-0.01,-1,-1,-0.01,-1,-1,-0.01,-1,-1
99926009,2026-05-18 13:16:15+05:30,53468.25,0,0.0,0,0.0,0.0,53282.15,53585.15,52783.45,53710.35,0,0.0,0.0,0.0,0.0,-0.01,-1,-1,-0.01,-1,-1,-0.01,-1,-1,-0.01,-1,-1,-0.01,-1,-1,-0.01,-1,-1,-0.01,-1,-1,-0.01,-1,-1,-0.01,-1,-1,-0.01,-1,-1
99926009,2026-05-18 13:16:15+05:30,53474.85,0,0.0,0,0.0,0.0,53282.15,53585.15,52783.45,53710.35,0,0.0,0.0,0.0,0.0,-0.01,-1,-1,-0.01,-1,-1,-0.01,-1,-1,-0.01,-1,-1,-0.01,-1,-1,-0.01,-1,-1,-0.01,-1,-1,-0.01,-1,-1,-0.01,-1,-1,-0.01,-1,-1
99926009,2026-05-18 13:16:16+05:30,53473.85,0,0.0,0,0.0,0.0,53282.15,53585.15,52783.45,53710.35,0,0.0,0.0,0.0,0.0,-0.01,-1,-1,-0.01,-1,-1,-0.01,-1,-1,-0.01,-1,-1,-0.01,-1,-1,-0.01,-1,-1,-0.01,-1,-1,-0.01,-1,-1,-0.01,-1,-1,-0.01,-1,-1
99926009,2026-05-18 13:16:16+05:30,53473.75,0,0.0,0,0.0,0.0,53282.15,53585.15,52783.45,53710.35,0,0.0,0.0,0.0,0.0,-0.01,-1,-1,-0.01,-1,-1,-0.01,-1,-1,-0.01,-1,-1,-0.01,-1,-1,-0.01,-1,-1,-0.01,-1,-1,-0.01,-1,-1,-0.01,-1,-1,-0.01,-1,-1
99926009,2026-05-18 13:16:17+05:30,53475.95,0,0.0,0,0.0,0.0,53282.15,53585.15,52783.45,53710.35,0,0.0,0.0,0.0,0.0,-0.01,-1,-1,-0.01,-1,-1,-0.01,-1,-1,-0.01,-1,-1,-0.01,-1,-1,-0.01,-1,-1,-0.01,-1,-1,-0.01,-1,-1,-0.01,-1,-1,-0.01,-1,-1
99926009,2026-05-18 13:16:17+05:30,53475.9,0,0.0,0,0.0,0.0,53282.15,53585.15,52783.45,53710.35,0,0.0,0.0,0.0,0.0,-0.01,-1,-1,-0.01,-1,-1,-0.01,-1,-1,-0.01,-1,-1,-0.01,-1,-1,-0.01,-1,-1,-0.01,-1,-1,-0.01,-1,-1,-0.01,-1,-1,-0.01,-1,-1
99926009,2026-05-18 13:16:18+05:30,53472.85,0,0.0,0,0.0,0.0,53282.15,53585.15,52783.45,53710.35,0,0.0,0.0,0.0,0.0,-0.01,-1,-1,-0.01,-1,-1,-0.01,-1,-1,-0.01,-1,-1,-0.01,-1,-1,-0.01,-1,-1,-0.01,-1,-1,-0.01,-1,-1,-0.01,-1,-1,-0.01,-1,-1
99926009,2026-05-18 13:16:18+05:30,53471.55,0,0.0,0,0.0,0.0,53282.15,53585.15,52783.45,53710.35,0,0.0,0.0,0.0,0.0,-0.01,-1,-1,-0.01,-1,-1,-0.01,-1,-1,-0.01,-1,-1,-0.01,-1,-1,-0.01,-1,-1,-0.01,-1,-1,-0.01,-1,-1,-0.01,-1,-1,-0.01,-1,-1
99926009,2026-05-18 13:16:19+05:30,53473.75,0,0.0,0,0.0,0.0,53282.15,53585.15,52783.45,53710.35,0,0.0,0.0,0.0,0.0,-0.01,-1,-1,-0.01,-1,-1,-0.01,-1,-1,-0.01,-1,-1,-0.01,-1,-1,-0.01,-1,-1,-0.01,-1,-1,-0.01,-1,-1,-0.01,-1,-1,-0.01,-1,-1
99926009,2026-05-18 13:16:19+05:30,53477.75,0,0.0,0,0.0,0.0,53282.15,53585.15,52783.45,53710.35,0,0.0,0.0,0.0,0.0,-0.01,-1,-1,-0.01,-1,-1,-0.01,-1,-1,-0.01,-1,-1,-0.01,-1,-1,-0.01,-1,-1,-0.01,-1,-1,-0.01,-1,-1,-0.01,-1,-1,-0.01,-1,-1
99926009,2026-05-18 13:16:20+05:30,53474.7,0,0.0,0,0.0,0.0,53282.15,53585.15,52783.45,53710.35,0,0.0,0.0,0.0,0.0,-0.01,-1,-1,-0.01,-1,-1,-0.01,-1,-1,-0.01,-1,-1,-0.01,-1,-1,-0.01,-1,-1,-0.01,-1,-1,-0.01,-1,-1,-0.01,-1,-1,-0.01,-1,-1
99926009,2026-05-18 13:16:20+05:30,53474.25,0,0.0,0,0.0,0.0,53282.15,53585.15,52783.45,53710.35,0,0.0,0.0,0.0,0.0,-0.01,-1,-1,-0.01,-1,-1,-0.01,-1,-1,-0.01,-1,-1,-0.01,-1,-1,-0.01,-1,-1,-0.01,-1,-1,-0.01,-1,-1,-0.01,-1,-1,-0.01,-1,-1
99926009,2026-05-18 13:16:21+05:30,53472.3,0,0.0,0,0.0,0.0,53282.15,53585.15,52783.45,53710.35,0,0.0,0.0,0.0,0.0,-0.01,-1,-1,-0.01,-1,-1,-0.01,-1,-1,-0.01,-1,-1,-0.01,-1,-1,-0.01,-1,-1,-0.01,-1,-1,-0.01,-1,-1,-0.01,-1,-1,-0.01,-1,-1
99926009,2026-05-18 13:16:21+05:30,53471.8,0,0.0,0,0.0,0.0,53282.15,53585.15,52783.45,53710.35,0,0.0,0.0,0.0,0.0,-0.01,-1,-1,-0.01,-1,-1,-0.01,-1,-1,-0.01,-1,-1,-0.01,-1,-1,-0.01,-1,-1,-0.01,-1,-1,-0.01,-1,-1,-0.01,-1,-1,-0.01,-1,-1
99926009,2026-05-18 13:16:22+05:30,53474.8,0,0.0,0,0.0,0.0,53282.15,53585.15,52783.45,53710.35,0,0.0,0.0,0.0,0.0,-0.01,-1,-1,-0.01,-1,-1,-0.01,-1,-1,-0.01,-1,-1,-0.01,-1,-1,-0.01,-1,-1,-0.01,-1,-1,-0.01,-1,-1,-0.01,-1,-1,-0.01,-1,-1
99926009,2026-05-18 13:16:22+05:30,53476.85,0,0.0,0,0.0,0.0,53282.15,53585.15,52783.45,53710.35,0,0.0,0.0,0.0,0.0,-0.01,-1,-1,-0.01,-1,-1,-0.01,-1,-1,-0.01,-1,-1,-0.01,-1,-1,-0.01,-1,-1,-0.01,-1,-1,-0.01,-1,-1,-0.01,-1,-1,-0.01,-1,-1
99926009,2026-05-18 13:16:23+05:30,53474.15,0,0.0,0,0.0,0.0,53282.15,53585.15,52783.45,53710.35,0,0.0,0.0,0.0,0.0,-0.01,-1,-1,-0.01,-1,-1,-0.01,-1,-1,-0.01,-1,-1,-0.01,-1,-1,-0.01,-1,-1,-0.01,-1,-1,-0.01,-1,-1,-0.01,-1,-1,-0.01,-1,-1
99926009,2026-05-18 13:16:23+05:30,53476.05,0,0.0,0,0.0,0.0,53282.15,53585.15,52783.45,53710.35,0,0.0,0.0,0.0,0.0,-0.01,-1,-1,-0.01,-1,-1,-0.01,-1,-1,-0.01,-1,-1,-0.01,-1,-1,-0.01,-1,-1,-0.01,-1,-1,-0.01,-1,-1,-0.01,-1,-1,-0.01,-1,-1
99926009,2026-05-18 13:16:24+05:30,53472.45,0,0.0,0,0.0,0.0,53282.15,53585.15,52783.45,53710.35,0,0.0,0.0,0.0,0.0,-0.01,-1,-1,-0.01,-1,-1,-0.01,-1,-1,-0.01,-1,-1,-0.01,-1,-1,-0.01,-1,-1,-0.01,-1,-1,-0.01,-1,-1,-0.01,-1,-1,-0.01,-1,-1
99926009,2026-05-18 13:16:24+05:30,53472.65,0,0.0,0,0.0,0.0,53282.15,53585.15,52783.45,53710.35,0,0.0,0.0,0.0,0.0,-0.01,-1,-1,-0.01,-1,-1,-0.01,-1,-1,-0.01,-1,-1,-0.01,-1,-1,-0.01,-1,-1,-0.01,-1,-1,-0.01,-1,-1,-0.01,-1,-1,-0.01,-1,-1
99926009,2026-05-18 13:16:25+05:30,53474.55,0,0.0,0,0.0,0.0,53282.15,53585.15,52783.45,53710.35,0,0.0,0.0,0.0,0.0,-0.01,-1,-1,-0.01,-1,-1,-0.01,-1,-1,-0.01,-1,-1,-0.01,-1,-1,-0.01,-1,-1,-0.01,-1,-1,-0.01,-1,-1,-0.01,-1,-1,-0.01,-1,-1
99926009,2026-05-18 13:16:25+05:30,53472.35,0,0.0,0,0.0,0.0,53282.15,53585.15,52783.45,53710.35,0,0.0,0.0,0.0,0.0,-0.01,-1,-1,-0.01,-1,-1,-0.01,-1,-1,-0.01,-1,-1,-0.01,-1,-1,-0.01,-1,-1,-0.01,-1,-1,-0.01,-1,-1,-0.01,-1,-1,-0.01,-1,-1
99926009,2026-05-18 13:16:26+05:30,53472.5,0,0.0,0,0.0,0.0,53282.15,53585.15,52783.45,53710.35,0,0.0,0.0,0.0,0.0,-0.01,-1,-1,-0.01,-1,-1,-0.01,-1,-1,-0.01,-1,-1,-0.01,-1,-1,-0.01,-1,-1,-0.01,-1,-1,-0.01,-1,-1,-0.01,-1,-1,-0.01,-1,-1
99926009,2026-05-18 13:16:26+05:30,53473.4,0,0.0,0,0.0,0.0,53282.15,53585.15,52783.45,53710.35,0,0.0,0.0,0.0,0.0,-0.01,-1,-1,-0.01,-1,-1,-0.01,-1,-1,-0.01,-1,-1,-0.01,-1,-1,-0.01,-1,-1,-0.01,-1,-1,-0.01,-1,-1,-0.01,-1,-1,-0.01,-1,-1
99926009,2026-05-18 13:16:27+05:30,53473.4,0,0.0,0,0.0,0.0,53282.15,53585.15,52783.45,53710.35,0,0.0,0.0,0.0,0.0,-0.01,-1,-1,-0.01,-1,-1,-0.01,-1,-1,-0.01,-1,-1,-0.01,-1,-1,-0.01,-1,-1,-0.01,-1,-1,-0.01,-1,-1,-0.01,-1,-1,-0.01,-1,-1
99926009,2026-05-18 13:16:27+05:30,53472.95,0,0.0,0,0.0,0.0,53282.15,53585.15,52783.45,53710.35,0,0.0,0.0,0.0,0.0,-0.01,-1,-1,-0.01,-1,-1,-0.01,-1,-1,-0.01,-1,-1,-0.01,-1,-1,-0.01,-1,-1,-0.01,-1,-1,-0.01,-1,-1,-0.01,-1,-1,-0.01,-1,-1
99926009,2026-05-18 13:16:28+05:30,53474.9,0,0.0,0,0.0,0.0,53282.15,53585.15,52783.45,53710.35,0,0.0,0.0,0.0,0.0,-0.01,-1,-1,-0.01,-1,-1,-0.01,-1,-1,-0.01,-1,-1,-0.01,-1,-1,-0.01,-1,-1,-0.01,-1,-1,-0.01,-1,-1,-0.01,-1,-1,-0.01,-1,-1
99926009,2026-05-18 13:16:28+05:30,53476.25,0,0.0,0,0.0,0.0,53282.15,53585.15,52783.45,53710.35,0,0.0,0.0,0.0,0.0,-0.01,-1,-1,-0.01,-1,-1,-0.01,-1,-1,-0.01,-1,-1,-0.01,-1,-1,-0.01,-1,-1,-0.01,-1,-1,-0.01,-1,-1,-0.01,-1,-1,-0.01,-1,-1
99926009,2026-05-18 13:16:29+05:30,53477.65,0,0.0,0,0.0,0.0,53282.15,53585.15,52783.45,53710.35,0,0.0,0.0,0.0,0.0,-0.01,-1,-1,-0.01,-1,-1,-0.01,-1,-1,-0.01,-1,-1,-0.01,-1,-1,-0.01,-1,-1,-0.01,-1,-1,-0.01,-1,-1,-0.01,-1,-1,-0.01,-1,-1
99926009,2026-05-18 13:16:29+05:30,53477.5,0,0.0,0,0.0,0.0,53282.15,53585.15,52783.45,53710.35,0,0.0,0.0,0.0,0.0,-0.01,-1,-1,-0.01,-1,-1,-0.01,-1,-1,-0.01,-1,-1,-0.01,-1,-1,-0.01,-1,-1,-0.01,-1,-1,-0.01,-1,-1,-0.01,-1,-1,-0.01,-1,-1
99926009,2026-05-18 13:16:30+05:30,53479.0,0,0.0,0,0.0,0.0,53282.15,53585.15,52783.45,53710.35,0,0.0,0.0,0.0,0.0,-0.01,-1,-1,-0.01,-1,-1,-0.01,-1,-1,-0.01,-1,-1,-0.01,-1,-1,-0.01,-1,-1,-0.01,-1,-1,-0.01,-1,-1,-0.01,-1,-1,-0.01,-1,-1
99926009,2026-05-18 13:16:30+05:30,53478.65,0,0.0,0,0.0,0.0,53282.15,53585.15,52783.45,53710.35,0,0.0,0.0,0.0,0.0,-0.01,-1,-1,-0.01,-1,-1,-0.01,-1,-1,-0.01,-1,-1,-0.01,-1,-1,-0.01,-1,-1,-0.01,-1,-1,-0.01,-1,-1,-0.01,-1,-1,-0.01,-1,-1
99926009,2026-05-18 13:16:31+05:30,53477.7,0,0.0,0,0.0,0.0,53282.15,53585.15,52783.45,53710.35,0,0.0,0.0,0.0,0.0,-0.01,-1,-1,-0.01,-1,-1,-0.01,-1,-1,-0.01,-1,-1,-0.01,-1,-1,-0.01,-1,-1,-0.01,-1,-1,-0.01,-1,-1,-0.01,-1,-1,-0.01,-1,-1
99926009,2026-05-18 13:16:31+05:30,53475.45,0,0.0,0,0.0,0.0,53282.15,53585.15,52783.45,53710.35,0,0.0,0.0,0.0,0.0,-0.01,-1,-1,-0.01,-1,-1,-0.01,-1,-1,-0.01,-1,-1,-0.01,-1,-1,-0.01,-1,-1,-0.01,-1,-1,-0.01,-1,-1,-0.01,-1,-1,-0.01,-1,-1
99926009,2026-05-18 13:16:32+05:30,53476.85,0,0.0,0,0.0,0.0,53282.15,53585.15,52783.45,53710.35,0,0.0,0.0,0.0,0.0,-0.01,-1,-1,-0.01,-1,-1,-0.01,-1,-1,-0.01,-1,-1,-0.01,-1,-1,-0.01,-1,-1,-0.01,-1,-1,-0.01,-1,-1,-0.01,-1,-1,-0.01,-1,-1
99926009,2026-05-18 13:16:32+05:30,53475.85,0,0.0,0,0.0,0.0,53282.15,53585.15,52783.45,53710.35,0,0.0,0.0,0.0,0.0,-0.01,-1,-1,-0.01,-1,-1,-0.01,-1,-1,-0.01,-1,-1,-0.01,-1,-1,-0.01,-1,-1,-0.01,-1,-1,-0.01,-1,-1,-0.01,-1,-1,-0.01,-1,-1
99926009,2026-05-18 13:16:33+05:30,53476.7,0,0.0,0,0.0,0.0,53282.15,53585.15,52783.45,53710.35,0,0.0,0.0,0.0,0.0,-0.01,-1,-1,-0.01,-1,-1,-0.01,-1,-1,-0.01,-1,-1,-0.01,-1,-1,-0.01,-1,-1,-0.01,-1,-1,-0.01,-1,-1,-0.01,-1,-1,-0.01,-1,-1
99926009,2026-05-18 13:16:33+05:30,53476.25,0,0.0,0,0.0,0.0,53282.15,53585.15,52783.45,53710.35,0,0.0,0.0,0.0,0.0,-0.01,-1,-1,-0.01,-1,-1,-0.01,-1,-1,-0.01,-1,-1,-0.01,-1,-1,-0.01,-1,-1,-0.01,-1,-1,-0.01,-1,-1,-0.01,-1,-1,-0.01,-1,-1
99926009,2026-05-18 13:16:34+05:30,53474.55,0,0.0,0,0.0,0.0,53282.15,53585.15,52783.45,53710.35,0,0.0,0.0,0.0,0.0,-0.01,-1,-1,-0.01,-1,-1,-0.01,-1,-1,-0.01,-1,-1,-0.01,-1,-1,-0.01,-1,-1,-0.01,-1,-1,-0.01,-1,-1,-0.01,-1,-1,-0.01,-1,-1
99926009,2026-05-18 13:16:34+05:30,53475.55,0,0.0,0,0.0,0.0,53282.15,53585.15,52783.45,53710.35,0,0.0,0.0,0.0,0.0,-0.01,-1,-1,-0.01,-1,-1,-0.01,-1,-1,-0.01,-1,-1,-0.01,-1,-1,-0.01,-1,-1,-0.01,-1,-1,-0.01,-1,-1,-0.01,-1,-1,-0.01,-1,-1
99926009,2026-05-18 13:16:35+05:30,53476.95,0,0.0,0,0.0,0.0,53282.15,53585.15,52783.45,53710.35,0,0.0,0.0,0.0,0.0,-0.01,-1,-1,-0.01,-1,-1,-0.01,-1,-1,-0.01,-1,-1,-0.01,-1,-1,-0.01,-1,-1,-0.01,-1,-1,-0.01,-1,-1,-0.01,-1,-1,-0.01,-1,-1
99926009,2026-05-18 13:16:35+05:30,53477.6,0,0.0,0,0.0,0.0,53282.15,53585.15,52783.45,53710.35,0,0.0,0.0,0.0,0.0,-0.01,-1,-1,-0.01,-1,-1,-0.01,-1,-1,-0.01,-1,-1,-0.01,-1,-1,-0.01,-1,-1,-0.01,-1,-1,-0.01,-1,-1,-0.01,-1,-1,-0.01,-1,-1
99926009,2026-05-18 13:16:36+05:30,53477.55,0,0.0,0,0.0,0.0,53282.15,53585.15,52783.45,53710.35,0,0.0,0.0,0.0,0.0,-0.01,-1,-1,-0.01,-1,-1,-0.01,-1,-1,-0.01,-1,-1,-0.01,-1,-1,-0.01,-1,-1,-0.01,-1,-1,-0.01,-1,-1,-0.01,-1,-1,-0.01,-1,-1
99926009,2026-05-18 13:16:36+05:30,53477.0,0,0.0,0,0.0,0.0,53282.15,53585.15,52783.45,53710.35,0,0.0,0.0,0.0,0.0,-0.01,-1,-1,-0.01,-1,-1,-0.01,-1,-1,-0.01,-1,-1,-0.01,-1,-1,-0.01,-1,-1,-0.01,-1,-1,-0.01,-1,-1,-0.01,-1,-1,-0.01,-1,-1
99926009,2026-05-18 13:16:37+05:30,53476.3,0,0.0,0,0.0,0.0,53282.15,53585.15,52783.45,53710.35,0,0.0,0.0,0.0,0.0,-0.01,-1,-1,-0.01,-1,-1,-0.01,-1,-1,-0.01,-1,-1,-0.01,-1,-1,-0.01,-1,-1,-0.01,-1,-1,-0.01,-1,-1,-0.01,-1,-1,-0.01,-1,-1
99926009,2026-05-18 13:16:37+05:30,53479.15,0,0.0,0,0.0,0.0,53282.15,53585.15,52783.45,53710.35,0,0.0,0.0,0.0,0.0,-0.01,-1,-1,-0.01,-1,-1,-0.01,-1,-1,-0.01,-1,-1,-0.01,-1,-1,-0.01,-1,-1,-0.01,-1,-1,-0.01,-1,-1,-0.01,-1,-1,-0.01,-1,-1
99926009,2026-05-18 13:16:38+05:30,53478.95,0,0.0,0,0.0,0.0,53282.15,53585.15,52783.45,53710.35,0,0.0,0.0,0.0,0.0,-0.01,-1,-1,-0.01,-1,-1,-0.01,-1,-1,-0.01,-1,-1,-0.01,-1,-1,-0.01,-1,-1,-0.01,-1,-1,-0.01,-1,-1,-0.01,-1,-1,-0.01,-1,-1
99926009,2026-05-18 13:16:38+05:30,53477.7,0,0.0,0,0.0,0.0,53282.15,53585.15,52783.45,53710.35,0,0.0,0.0,0.0,0.0,-0.01,-1,-1,-0.01,-1,-1,-0.01,-1,-1,-0.01,-1,-1,-0.01,-1,-1,-0.01,-1,-1,-0.01,-1,-1,-0.01,-1,-1,-0.01,-1,-1,-0.01,-1,-1
99926009,2026-05-18 13:16:39+05:30,53477.85,0,0.0,0,0.0,0.0,53282.15,53585.15,52783.45,53710.35,0,0.0,0.0,0.0,0.0,-0.01,-1,-1,-0.01,-1,-1,-0.01,-1,-1,-0.01,-1,-1,-0.01,-1,-1,-0.01,-1,-1,-0.01,-1,-1,-0.01,-1,-1,-0.01,-1,-1,-0.01,-1,-1
99926009,2026-05-18 13:16:39+05:30,53478.35,0,0.0,0,0.0,0.0,53282.15,53585.15,52783.45,53710.35,0,0.0,0.0,0.0,0.0,-0.01,-1,-1,-0.01,-1,-1,-0.01,-1,-1,-0.01,-1,-1,-0.01,-1,-1,-0.01,-1,-1,-0.01,-1,-1,-0.01,-1,-1,-0.01,-1,-1,-0.01,-1,-1
99926009,2026-05-18 13:16:40+05:30,53478.8,0,0.0,0,0.0,0.0,53282.15,53585.15,52783.45,53710.35,0,0.0,0.0,0.0,0.0,-0.01,-1,-1,-0.01,-1,-1,-0.01,-1,-1,-0.01,-1,-1,-0.01,-1,-1,-0.01,-1,-1,-0.01,-1,-1,-0.01,-1,-1,-0.01,-1,-1,-0.01,-1,-1
99926009,2026-05-18 13:16:40+05:30,53479.75,0,0.0,0,0.0,0.0,53282.15,53585.15,52783.45,53710.35,0,0.0,0.0,0.0,0.0,-0.01,-1,-1,-0.01,-1,-1,-0.01,-1,-1,-0.01,-1,-1,-0.01,-1,-1,-0.01,-1,-1,-0.01,-1,-1,-0.01,-1,-1,-0.01,-1,-1,-0.01,-1,-1
99926009,2026-05-18 13:16:41+05:30,53480.1,0,0.0,0,0.0,0.0,53282.15,53585.15,52783.45,53710.35,0,0.0,0.0,0.0,0.0,-0.01,-1,-1,-0.01,-1,-1,-0.01,-1,-1,-0.01,-1,-1,-0.01,-1,-1,-0.01,-1,-1,-0.01,-1,-1,-0.01,-1,-1,-0.01,-1,-1,-0.01,-1,-1
99926009,2026-05-18 13:16:41+05:30,53480.15,0,0.0,0,0.0,0.0,53282.15,53585.15,52783.45,53710.35,0,0.0,0.0,0.0,0.0,-0.01,-1,-1,-0.01,-1,-1,-0.01,-1,-1,-0.01,-1,-1,-0.01,-1,-1,-0.01,-1,-1,-0.01,-1,-1,-0.01,-1,-1,-0.01,-1,-1,-0.01,-1,-1
99926009,2026-05-18 13:16:42+05:30,53480.0,0,0.0,0,0.0,0.0,53282.15,53585.15,52783.45,53710.35,0,0.0,0.0,0.0,0.0,-0.01,-1,-1,-0.01,-1,-1,-0.01,-1,-1,-0.01,-1,-1,-0.01,-1,-1,-0.01,-1,-1,-0.01,-1,-1,-0.01,-1,-1,-0.01,-1,-1,-0.01,-1,-1
99926009,2026-05-18 13:16:42+05:30,53478.9,0,0.0,0,0.0,0.0,53282.15,53585.15,52783.45,53710.35,0,0.0,0.0,0.0,0.0,-0.01,-1,-1,-0.01,-1,-1,-0.01,-1,-1,-0.01,-1,-1,-0.01,-1,-1,-0.01,-1,-1,-0.01,-1,-1,-0.01,-1,-1,-0.01,-1,-1,-0.01,-1,-1
99926009,2026-05-18 13:16:43+05:30,53479.25,0,0.0,0,0.0,0.0,53282.15,53585.15,52783.45,53710.35,0,0.0,0.0,0.0,0.0,-0.01,-1,-1,-0.01,-1,-1,-0.01,-1,-1,-0.01,-1,-1,-0.01,-1,-1,-0.01,-1,-1,-0.01,-1,-1,-0.01,-1,-1,-0.01,-1,-1,-0.01,-1,-1
99926009,2026-05-18 13:16:43+05:30,53479.35,0,0.0,0,0.0,0.0,53282.15,53585.15,52783.45,53710.35,0,0.0,0.0,0.0,0.0,-0.01,-1,-1,-0.01,-1,-1,-0.01,-1,-1,-0.01,-1,-1,-0.01,-1,-1,-0.01,-1,-1,-0.01,-1,-1,-0.01,-1,-1,-0.01,-1,-1,-0.01,-1,-1
99926009,2026-05-18 13:16:44+05:30,53481.0,0,0.0,0,0.0,0.0,53282.15,53585.15,52783.45,53710.35,0,0.0,0.0,0.0,0.0,-0.01,-1,-1,-0.01,-1,-1,-0.01,-1,-1,-0.01,-1,-1,-0.01,-1,-1,-0.01,-1,-1,-0.01,-1,-1,-0.01,-1,-1,-0.01,-1,-1,-0.01,-1,-1
99926009,2026-05-18 13:16:44+05:30,53480.3,0,0.0,0,0.0,0.0,53282.15,53585.15,52783.45,53710.35,0,0.0,0.0,0.0,0.0,-0.01,-1,-1,-0.01,-1,-1,-0.01,-1,-1,-0.01,-1,-1,-0.01,-1,-1,-0.01,-1,-1,-0.01,-1,-1,-0.01,-1,-1,-0.01,-1,-1,-0.01,-1,-1
99926009,2026-05-18 13:16:45+05:30,53481.5,0,0.0,0,0.0,0.0,53282.15,53585.15,52783.45,53710.35,0,0.0,0.0,0.0,0.0,-0.01,-1,-1,-0.01,-1,-1,-0.01,-1,-1,-0.01,-1,-1,-0.01,-1,-1,-0.01,-1,-1,-0.01,-1,-1,-0.01,-1,-1,-0.01,-1,-1,-0.01,-1,-1
99926009,2026-05-18 13:16:45+05:30,53480.9,0,0.0,0,0.0,0.0,53282.15,53585.15,52783.45,53710.35,0,0.0,0.0,0.0,0.0,-0.01,-1,-1,-0.01,-1,-1,-0.01,-1,-1,-0.01,-1,-1,-0.01,-1,-1,-0.01,-1,-1,-0.01,-1,-1,-0.01,-1,-1,-0.01,-1,-1,-0.01,-1,-1
99926009,2026-05-18 13:16:46+05:30,53482.35,0,0.0,0,0.0,0.0,53282.15,53585.15,52783.45,53710.35,0,0.0,0.0,0.0,0.0,-0.01,-1,-1,-0.01,-1,-1,-0.01,-1,-1,-0.01,-1,-1,-0.01,-1,-1,-0.01,-1,-1,-0.01,-1,-1,-0.01,-1,-1,-0.01,-1,-1,-0.01,-1,-1
99926009,2026-05-18 13:16:46+05:30,53482.9,0,0.0,0,0.0,0.0,53282.15,53585.15,52783.45,53710.35,0,0.0,0.0,0.0,0.0,-0.01,-1,-1,-0.01,-1,-1,-0.01,-1,-1,-0.01,-1,-1,-0.01,-1,-1,-0.01,-1,-1,-0.01,-1,-1,-0.01,-1,-1,-0.01,-1,-1,-0.01,-1,-1
99926009,2026-05-18 13:16:47+05:30,53481.2,0,0.0,0,0.0,0.0,53282.15,53585.15,52783.45,53710.35,0,0.0,0.0,0.0,0.0,-0.01,-1,-1,-0.01,-1,-1,-0.01,-1,-1,-0.01,-1,-1,-0.01,-1,-1,-0.01,-1,-1,-0.01,-1,-1,-0.01,-1,-1,-0.01,-1,-1,-0.01,-1,-1
99926009,2026-05-18 13:16:47+05:30,53480.55,0,0.0,0,0.0,0.0,53282.15,53585.15,52783.45,53710.35,0,0.0,0.0,0.0,0.0,-0.01,-1,-1,-0.01,-1,-1,-0.01,-1,-1,-0.01,-1,-1,-0.01,-1,-1,-0.01,-1,-1,-0.01,-1,-1,-0.01,-1,-1,-0.01,-1,-1,-0.01,-1,-1
99926009,2026-05-18 13:16:48+05:30,53483.6,0,0.0,0,0.0,0.0,53282.15,53585.15,52783.45,53710.35,0,0.0,0.0,0.0,0.0,-0.01,-1,-1,-0.01,-1,-1,-0.01,-1,-1,-0.01,-1,-1,-0.01,-1,-1,-0.01,-1,-1,-0.01,-1,-1,-0.01,-1,-1,-0.01,-1,-1,-0.01,-1,-1
99926009,2026-05-18 13:16:48+05:30,53482.95,0,0.0,0,0.0,0.0,53282.15,53585.15,52783.45,53710.35,0,0.0,0.0,0.0,0.0,-0.01,-1,-1,-0.01,-1,-1,-0.01,-1,-1,-0.01,-1,-1,-0.01,-1,-1,-0.01,-1,-1,-0.01,-1,-1,-0.01,-1,-1,-0.01,-1,-1,-0.01,-1,-1
99926009,2026-05-18 13:16:49+05:30,53482.55,0,0.0,0,0.0,0.0,53282.15,53585.15,52783.45,53710.35,0,0.0,0.0,0.0,0.0,-0.01,-1,-1,-0.01,-1,-1,-0.01,-1,-1,-0.01,-1,-1,-0.01,-1,-1,-0.01,-1,-1,-0.01,-1,-1,-0.01,-1,-1,-0.01,-1,-1,-0.01,-1,-1
99926009,2026-05-18 13:16:49+05:30,53484.85,0,0.0,0,0.0,0.0,53282.15,53585.15,52783.45,53710.35,0,0.0,0.0,0.0,0.0,-0.01,-1,-1,-0.01,-1,-1,-0.01,-1,-1,-0.01,-1,-1,-0.01,-1,-1,-0.01,-1,-1,-0.01,-1,-1,-0.01,-1,-1,-0.01,-1,-1,-0.01,-1,-1
99926009,2026-05-18 13:16:50+05:30,53485.8,0,0.0,0,0.0,0.0,53282.15,53585.15,52783.45,53710.35,0,0.0,0.0,0.0,0.0,-0.01,-1,-1,-0.01,-1,-1,-0.01,-1,-1,-0.01,-1,-1,-0.01,-1,-1,-0.01,-1,-1,-0.01,-1,-1,-0.01,-1,-1,-0.01,-1,-1,-0.01,-1,-1
99926009,2026-05-18 13:16:50+05:30,53484.5,0,0.0,0,0.0,0.0,53282.15,53585.15,52783.45,53710.35,0,0.0,0.0,0.0,0.0,-0.01,-1,-1,-0.01,-1,-1,-0.01,-1,-1,-0.01,-1,-1,-0.01,-1,-1,-0.01,-1,-1,-0.01,-1,-1,-0.01,-1,-1,-0.01,-1,-1,-0.01,-1,-1
99926009,2026-05-18 13:16:51+05:30,53484.35,0,0.0,0,0.0,0.0,53282.15,53585.15,52783.45,53710.35,0,0.0,0.0,0.0,0.0,-0.01,-1,-1,-0.01,-1,-1,-0.01,-1,-1,-0.01,-1,-1,-0.01,-1,-1,-0.01,-1,-1,-0.01,-1,-1,-0.01,-1,-1,-0.01,-1,-1,-0.01,-1,-1
99926009,2026-05-18 13:16:51+05:30,53485.65,0,0.0,0,0.0,0.0,53282.15,53585.15,52783.45,53710.35,0,0.0,0.0,0.0,0.0,-0.01,-1,-1,-0.01,-1,-1,-0.01,-1,-1,-0.01,-1,-1,-0.01,-1,-1,-0.01,-1,-1,-0.01,-1,-1,-0.01,-1,-1,-0.01,-1,-1,-0.01,-1,-1
99926009,2026-05-18 13:16:52+05:30,53486.8,0,0.0,0,0.0,0.0,53282.15,53585.15,52783.45,53710.35,0,0.0,0.0,0.0,0.0,-0.01,-1,-1,-0.01,-1,-1,-0.01,-1,-1,-0.01,-1,-1,-0.01,-1,-1,-0.01,-1,-1,-0.01,-1,-1,-0.01,-1,-1,-0.01,-1,-1,-0.01,-1,-1
99926009,2026-05-18 13:16:52+05:30,53484.9,0,0.0,0,0.0,0.0,53282.15,53585.15,52783.45,53710.35,0,0.0,0.0,0.0,0.0,-0.01,-1,-1,-0.01,-1,-1,-0.01,-1,-1,-0.01,-1,-1,-0.01,-1,-1,-0.01,-1,-1,-0.01,-1,-1,-0.01,-1,-1,-0.01,-1,-1,-0.01,-1,-1
99926009,2026-05-18 13:16:53+05:30,53484.5,0,0.0,0,0.0,0.0,53282.15,53585.15,52783.45,53710.35,0,0.0,0.0,0.0,0.0,-0.01,-1,-1,-0.01,-1,-1,-0.01,-1,-1,-0.01,-1,-1,-0.01,-1,-1,-0.01,-1,-1,-0.01,-1,-1,-0.01,-1,-1,-0.01,-1,-1,-0.01,-1,-1
99926009,2026-05-18 13:16:53+05:30,53482.35,0,0.0,0,0.0,0.0,53282.15,53585.15,52783.45,53710.35,0,0.0,0.0,0.0,0.0,-0.01,-1,-1,-0.01,-1,-1,-0.01,-1,-1,-0.01,-1,-1,-0.01,-1,-1,-0.01,-1,-1,-0.01,-1,-1,-0.01,-1,-1,-0.01,-1,-1,-0.01,-1,-1
99926009,2026-05-18 13:16:54+05:30,53482.5,0,0.0,0,0.0,0.0,53282.15,53585.15,52783.45,53710.35,0,0.0,0.0,0.0,0.0,-0.01,-1,-1,-0.01,-1,-1,-0.01,-1,-1,-0.01,-1,-1,-0.01,-1,-1,-0.01,-1,-1,-0.01,-1,-1,-0.01,-1,-1,-0.01,-1,-1,-0.01,-1,-1
99926009,2026-05-18 13:16:54+05:30,53486.85,0,0.0,0,0.0,0.0,53282.15,53585.15,52783.45,53710.35,0,0.0,0.0,0.0,0.0,-0.01,-1,-1,-0.01,-1,-1,-0.01,-1,-1,-0.01,-1,-1,-0.01,-1,-1,-0.01,-1,-1,-0.01,-1,-1,-0.01,-1,-1,-0.01,-1,-1,-0.01,-1,-1
99926009,2026-05-18 13:16:55+05:30,53480.6,0,0.0,0,0.0,0.0,53282.15,53585.15,52783.45,53710.35,0,0.0,0.0,0.0,0.0,-0.01,-1,-1,-0.01,-1,-1,-0.01,-1,-1,-0.01,-1,-1,-0.01,-1,-1,-0.01,-1,-1,-0.01,-1,-1,-0.01,-1,-1,-0.01,-1,-1,-0.01,-1,-1
99926009,2026-05-18 13:16:55+05:30,53483.7,0,0.0,0,0.0,0.0,53282.15,53585.15,52783.45,53710.35,0,0.0,0.0,0.0,0.0,-0.01,-1,-1,-0.01,-1,-1,-0.01,-1,-1,-0.01,-1,-1,-0.01,-1,-1,-0.01,-1,-1,-0.01,-1,-1,-0.01,-1,-1,-0.01,-1,-1,-0.01,-1,-1
99926009,2026-05-18 13:16:56+05:30,53487.8,0,0.0,0,0.0,0.0,53282.15,53585.15,52783.45,53710.35,0,0.0,0.0,0.0,0.0,-0.01,-1,-1,-0.01,-1,-1,-0.01,-1,-1,-0.01,-1,-1,-0.01,-1,-1,-0.01,-1,-1,-0.01,-1,-1,-0.01,-1,-1,-0.01,-1,-1,-0.01,-1,-1
99926009,2026-05-18 13:16:56+05:30,53482.7,0,0.0,0,0.0,0.0,53282.15,53585.15,52783.45,53710.35,0,0.0,0.0,0.0,0.0,-0.01,-1,-1,-0.01,-1,-1,-0.01,-1,-1,-0.01,-1,-1,-0.01,-1,-1,-0.01,-1,-1,-0.01,-1,-1,-0.01,-1,-1,-0.01,-1,-1,-0.01,-1,-1
99926009,2026-05-18 13:16:57+05:30,53486.35,0,0.0,0,0.0,0.0,53282.15,53585.15,52783.45,53710.35,0,0.0,0.0,0.0,0.0,-0.01,-1,-1,-0.01,-1,-1,-0.01,-1,-1,-0.01,-1,-1,-0.01,-1,-1,-0.01,-1,-1,-0.01,-1,-1,-0.01,-1,-1,-0.01,-1,-1,-0.01,-1,-1
99926009,2026-05-18 13:16:57+05:30,53484.5,0,0.0,0,0.0,0.0,53282.15,53585.15,52783.45,53710.35,0,0.0,0.0,0.0,0.0,-0.01,-1,-1,-0.01,-1,-1,-0.01,-1,-1,-0.01,-1,-1,-0.01,-1,-1,-0.01,-1,-1,-0.01,-1,-1,-0.01,-1,-1,-0.01,-1,-1,-0.01,-1,-1
99926009,2026-05-18 13:16:58+05:30,53484.35,0,0.0,0,0.0,0.0,53282.15,53585.15,52783.45,53710.35,0,0.0,0.0,0.0,0.0,-0.01,-1,-1,-0.01,-1,-1,-0.01,-1,-1,-0.01,-1,-1,-0.01,-1,-1,-0.01,-1,-1,-0.01,-1,-1,-0.01,-1,-1,-0.01,-1,-1,-0.01,-1,-1
99926009,2026-05-18 13:16:58+05:30,53484.45,0,0.0,0,0.0,0.0,53282.15,53585.15,52783.45,53710.35,0,0.0,0.0,0.0,0.0,-0.01,-1,-1,-0.01,-1,-1,-0.01,-1,-1,-0.01,-1,-1,-0.01,-1,-1,-0.01,-1,-1,-0.01,-1,-1,-0.01,-1,-1,-0.01,-1,-1,-0.01,-1,-1
99926009,2026-05-18 13:16:59+05:30,53481.25,0,0.0,0,0.0,0.0,53282.15,53585.15,52783.45,53710.35,0,0.0,0.0,0.0,0.0,-0.01,-1,-1,-0.01,-1,-1,-0.01,-1,-1,-0.01,-1,-1,-0.01,-1,-1,-0.01,-1,-1,-0.01,-1,-1,-0.01,-1,-1,-0.01,-1,-1,-0.01,-1,-1
99926009,2026-05-18 13:16:59+05:30,53481.0,0,0.0,0,0.0,0.0,53282.15,53585.15,52783.45,53710.35,0,0.0,0.0,0.0,0.0,-0.01,-1,-1,-0.01,-1,-1,-0.01,-1,-1,-0.01,-1,-1,-0.01,-1,-1,-0.01,-1,-1,-0.01,-1,-1,-0.01,-1,-1,-0.01,-1,-1,-0.01,-1,-1
99926009,2026-05-18 13:17:00+05:30,53479.9,0,0.0,0,0.0,0.0,53282.15,53585.15,52783.45,53710.35,0,0.0,0.0,0.0,0.0,-0.01,-1,-1,-0.01,-1,-1,-0.01,-1,-1,-0.01,-1,-1,-0.01,-1,-1,-0.01,-1,-1,-0.01,-1,-1,-0.01,-1,-1,-0.01,-1,-1,-0.01,-1,-1
99926009,2026-05-18 13:17:00+05:30,53478.8,0,0.0,0,0.0,0.0,53282.15,53585.15,52783.45,53710.35,0,0.0,0.0,0.0,0.0,-0.01,-1,-1,-0.01,-1,-1,-0.01,-1,-1,-0.01,-1,-1,-0.01,-1,-1,-0.01,-1,-1,-0.01,-1,-1,-0.01,-1,-1,-0.01,-1,-1,-0.01,-1,-1
99926009,2026-05-18 13:17:01+05:30,53478.9,0,0.0,0,0.0,0.0,53282.15,53585.15,52783.45,53710.35,0,0.0,0.0,0.0,0.0,-0.01,-1,-1,-0.01,-1,-1,-0.01,-1,-1,-0.01,-1,-1,-0.01,-1,-1,-0.01,-1,-1,-0.01,-1,-1,-0.01,-1,-1,-0.01,-1,-1,-0.01,-1,-1
99926009,2026-05-18 13:17:01+05:30,53481.25,0,0.0,0,0.0,0.0,53282.15,53585.15,52783.45,53710.35,0,0.0,0.0,0.0,0.0,-0.01,-1,-1,-0.01,-1,-1,-0.01,-1,-1,-0.01,-1,-1,-0.01,-1,-1,-0.01,-1,-1,-0.01,-1,-1,-0.01,-1,-1,-0.01,-1,-1,-0.01,-1,-1
99926009,2026-05-18 13:17:02+05:30,53480.2,0,0.0,0,0.0,0.0,53282.15,53585.15,52783.45,53710.35,0,0.0,0.0,0.0,0.0,-0.01,-1,-1,-0.01,-1,-1,-0.01,-1,-1,-0.01,-1,-1,-0.01,-1,-1,-0.01,-1,-1,-0.01,-1,-1,-0.01,-1,-1,-0.01,-1,-1,-0.01,-1,-1
99926009,2026-05-18 13:17:02+05:30,53479.2,0,0.0,0,0.0,0.0,53282.15,53585.15,52783.45,53710.35,0,0.0,0.0,0.0,0.0,-0.01,-1,-1,-0.01,-1,-1,-0.01,-1,-1,-0.01,-1,-1,-0.01,-1,-1,-0.01,-1,-1,-0.01,-1,-1,-0.01,-1,-1,-0.01,-1,-1,-0.01,-1,-1
99926009,2026-05-18 13:17:03+05:30,53479.9,0,0.0,0,0.0,0.0,53282.15,53585.15,52783.45,53710.35,0,0.0,0.0,0.0,0.0,-0.01,-1,-1,-0.01,-1,-1,-0.01,-1,-1,-0.01,-1,-1,-0.01,-1,-1,-0.01,-1,-1,-0.01,-1,-1,-0.01,-1,-1,-0.01,-1,-1,-0.01,-1,-1
99926009,2026-05-18 13:17:03+05:30,53479.6,0,0.0,0,0.0,0.0,53282.15,53585.15,52783.45,53710.35,0,0.0,0.0,0.0,0.0,-0.01,-1,-1,-0.01,-1,-1,-0.01,-1,-1,-0.01,-1,-1,-0.01,-1,-1,-0.01,-1,-1,-0.01,-1,-1,-0.01,-1,-1,-0.01,-1,-1,-0.01,-1,-1
99926009,2026-05-18 13:17:04+05:30,53481.0,0,0.0,0,0.0,0.0,53282.15,53585.15,52783.45,53710.35,0,0.0,0.0,0.0,0.0,-0.01,-1,-1,-0.01,-1,-1,-0.01,-1,-1,-0.01,-1,-1,-0.01,-1,-1,-0.01,-1,-1,-0.01,-1,-1,-0.01,-1,-1,-0.01,-1,-1,-0.01,-1,-1
99926009,2026-05-18 13:17:04+05:30,53479.3,0,0.0,0,0.0,0.0,53282.15,53585.15,52783.45,53710.35,0,0.0,0.0,0.0,0.0,-0.01,-1,-1,-0.01,-1,-1,-0.01,-1,-1,-0.01,-1,-1,-0.01,-1,-1,-0.01,-1,-1,-0.01,-1,-1,-0.01,-1,-1,-0.01,-1,-1,-0.01,-1,-1
99926009,2026-05-18 13:17:05+05:30,53479.0,0,0.0,0,0.0,0.0,53282.15,53585.15,52783.45,53710.35,0,0.0,0.0,0.0,0.0,-0.01,-1,-1,-0.01,-1,-1,-0.01,-1,-1,-0.01,-1,-1,-0.01,-1,-1,-0.01,-1,-1,-0.01,-1,-1,-0.01,-1,-1,-0.01,-1,-1,-0.01,-1,-1
99926009,2026-05-18 13:17:05+05:30,53479.85,0,0.0,0,0.0,0.0,53282.15,53585.15,52783.45,53710.35,0,0.0,0.0,0.0,0.0,-0.01,-1,-1,-0.01,-1,-1,-0.01,-1,-1,-0.01,-1,-1,-0.01,-1,-1,-0.01,-1,-1,-0.01,-1,-1,-0.01,-1,-1,-0.01,-1,-1,-0.01,-1,-1
99926009,2026-05-18 13:17:06+05:30,53475.45,0,0.0,0,0.0,0.0,53282.15,53585.15,52783.45,53710.35,0,0.0,0.0,0.0,0.0,-0.01,-1,-1,-0.01,-1,-1,-0.01,-1,-1,-0.01,-1,-1,-0.01,-1,-1,-0.01,-1,-1,-0.01,-1,-1,-0.01,-1,-1,-0.01,-1,-1,-0.01,-1,-1
99926009,2026-05-18 13:17:06+05:30,53478.65,0,0.0,0,0.0,0.0,53282.15,53585.15,52783.45,53710.35,0,0.0,0.0,0.0,0.0,-0.01,-1,-1,-0.01,-1,-1,-0.01,-1,-1,-0.01,-1,-1,-0.01,-1,-1,-0.01,-1,-1,-0.01,-1,-1,-0.01,-1,-1,-0.01,-1,-1,-0.01,-1,-1
99926009,2026-05-18 13:17:07+05:30,53477.45,0,0.0,0,0.0,0.0,53282.15,53585.15,52783.45,53710.35,0,0.0,0.0,0.0,0.0,-0.01,-1,-1,-0.01,-1,-1,-0.01,-1,-1,-0.01,-1,-1,-0.01,-1,-1,-0.01,-1,-1,-0.01,-1,-1,-0.01,-1,-1,-0.01,-1,-1,-0.01,-1,-1
99926009,2026-05-18 13:17:07+05:30,53477.15,0,0.0,0,0.0,0.0,53282.15,53585.15,52783.45,53710.35,0,0.0,0.0,0.0,0.0,-0.01,-1,-1,-0.01,-1,-1,-0.01,-1,-1,-0.01,-1,-1,-0.01,-1,-1,-0.01,-1,-1,-0.01,-1,-1,-0.01,-1,-1,-0.01,-1,-1,-0.01,-1,-1
99926009,2026-05-18 13:17:08+05:30,53476.45,0,0.0,0,0.0,0.0,53282.15,53585.15,52783.45,53710.35,0,0.0,0.0,0.0,0.0,-0.01,-1,-1,-0.01,-1,-1,-0.01,-1,-1,-0.01,-1,-1,-0.01,-1,-1,-0.01,-1,-1,-0.01,-1,-1,-0.01,-1,-1,-0.01,-1,-1,-0.01,-1,-1
99926009,2026-05-18 13:17:08+05:30,53478.15,0,0.0,0,0.0,0.0,53282.15,53585.15,52783.45,53710.35,0,0.0,0.0,0.0,0.0,-0.01,-1,-1,-0.01,-1,-1,-0.01,-1,-1,-0.01,-1,-1,-0.01,-1,-1,-0.01,-1,-1,-0.01,-1,-1,-0.01,-1,-1,-0.01,-1,-1,-0.01,-1,-1
99926009,2026-05-18 13:17:09+05:30,53479.05,0,0.0,0,0.0,0.0,53282.15,53585.15,52783.45,53710.35,0,0.0,0.0,0.0,0.0,-0.01,-1,-1,-0.01,-1,-1,-0.01,-1,-1,-0.01,-1,-1,-0.01,-1,-1,-0.01,-1,-1,-0.01,-1,-1,-0.01,-1,-1,-0.01,-1,-1,-0.01,-1,-1
99926009,2026-05-18 13:17:09+05:30,53478.1,0,0.0,0,0.0,0.0,53282.15,53585.15,52783.45,53710.35,0,0.0,0.0,0.0,0.0,-0.01,-1,-1,-0.01,-1,-1,-0.01,-1,-1,-0.01,-1,-1,-0.01,-1,-1,-0.01,-1,-1,-0.01,-1,-1,-0.01,-1,-1,-0.01,-1,-1,-0.01,-1,-1
99926009,2026-05-18 13:17:10+05:30,53479.3,0,0.0,0,0.0,0.0,53282.15,53585.15,52783.45,53710.35,0,0.0,0.0,0.0,0.0,-0.01,-1,-1,-0.01,-1,-1,-0.01,-1,-1,-0.01,-1,-1,-0.01,-1,-1,-0.01,-1,-1,-0.01,-1,-1,-0.01,-1,-1,-0.01,-1,-1,-0.01,-1,-1
99926009,2026-05-18 13:17:10+05:30,53477.1,0,0.0,0,0.0,0.0,53282.15,53585.15,52783.45,53710.35,0,0.0,0.0,0.0,0.0,-0.01,-1,-1,-0.01,-1,-1,-0.01,-1,-1,-0.01,-1,-1,-0.01,-1,-1,-0.01,-1,-1,-0.01,-1,-1,-0.01,-1,-1,-0.01,-1,-1,-0.01,-1,-1
99926009,2026-05-18 13:17:11+05:30,53478.8,0,0.0,0,0.0,0.0,53282.15,53585.15,52783.45,53710.35,0,0.0,0.0,0.0,0.0,-0.01,-1,-1,-0.01,-1,-1,-0.01,-1,-1,-0.01,-1,-1,-0.01,-1,-1,-0.01,-1,-1,-0.01,-1,-1,-0.01,-1,-1,-0.01,-1,-1,-0.01,-1,-1
99926009,2026-05-18 13:17:11+05:30,53479.75,0,0.0,0,0.0,0.0,53282.15,53585.15,52783.45,53710.35,0,0.0,0.0,0.0,0.0,-0.01,-1,-1,-0.01,-1,-1,-0.01,-1,-1,-0.01,-1,-1,-0.01,-1,-1,-0.01,-1,-1,-0.01,-1,-1,-0.01,-1,-1,-0.01,-1,-1,-0.01,-1,-1
99926009,2026-05-18 13:17:12+05:30,53480.55,0,0.0,0,0.0,0.0,53282.15,53585.15,52783.45,53710.35,0,0.0,0.0,0.0,0.0,-0.01,-1,-1,-0.01,-1,-1,-0.01,-1,-1,-0.01,-1,-1,-0.01,-1,-1,-0.01,-1,-1,-0.01,-1,-1,-0.01,-1,-1,-0.01,-1,-1,-0.01,-1,-1
99926009,2026-05-18 13:17:12+05:30,53481.55,0,0.0,0,0.0,0.0,53282.15,53585.15,52783.45,53710.35,0,0.0,0.0,0.0,0.0,-0.01,-1,-1,-0.01,-1,-1,-0.01,-1,-1,-0.01,-1,-1,-0.01,-1,-1,-0.01,-1,-1,-0.01,-1,-1,-0.01,-1,-1,-0.01,-1,-1,-0.01,-1,-1
99926009,2026-05-18 13:17:13+05:30,53480.7,0,0.0,0,0.0,0.0,53282.15,53585.15,52783.45,53710.35,0,0.0,0.0,0.0,0.0,-0.01,-1,-1,-0.01,-1,-1,-0.01,-1,-1,-0.01,-1,-1,-0.01,-1,-1,-0.01,-1,-1,-0.01,-1,-1,-0.01,-1,-1,-0.01,-1,-1,-0.01,-1,-1
99926009,2026-05-18 13:17:13+05:30,53478.2,0,0.0,0,0.0,0.0,53282.15,53585.15,52783.45,53710.35,0,0.0,0.0,0.0,0.0,-0.01,-1,-1,-0.01,-1,-1,-0.01,-1,-1,-0.01,-1,-1,-0.01,-1,-1,-0.01,-1,-1,-0.01,-1,-1,-0.01,-1,-1,-0.01,-1,-1,-0.01,-1,-1
99926009,2026-05-18 13:17:14+05:30,53479.2,0,0.0,0,0.0,0.0,53282.15,53585.15,52783.45,53710.35,0,0.0,0.0,0.0,0.0,-0.01,-1,-1,-0.01,-1,-1,-0.01,-1,-1,-0.01,-1,-1,-0.01,-1,-1,-0.01,-1,-1,-0.01,-1,-1,-0.01,-1,-1,-0.01,-1,-1,-0.01,-1,-1
99926009,2026-05-18 13:17:14+05:30,53481.15,0,0.0,0,0.0,0.0,53282.15,53585.15,52783.45,53710.35,0,0.0,0.0,0.0,0.0,-0.01,-1,-1,-0.01,-1,-1,-0.01,-1,-1,-0.01,-1,-1,-0.01,-1,-1,-0.01,-1,-1,-0.01,-1,-1,-0.01,-1,-1,-0.01,-1,-1,-0.01,-1,-1
99926009,2026-05-18 13:17:15+05:30,53479.2,0,0.0,0,0.0,0.0,53282.15,53585.15,52783.45,53710.35,0,0.0,0.0,0.0,0.0,-0.01,-1,-1,-0.01,-1,-1,-0.01,-1,-1,-0.01,-1,-1,-0.01,-1,-1,-0.01,-1,-1,-0.01,-1,-1,-0.01,-1,-1,-0.01,-1,-1,-0.01,-1,-1
99926009,2026-05-18 13:17:15+05:30,53479.15,0,0.0,0,0.0,0.0,53282.15,53585.15,52783.45,53710.35,0,0.0,0.0,0.0,0.0,-0.01,-1,-1,-0.01,-1,-1,-0.01,-1,-1,-0.01,-1,-1,-0.01,-1,-1,-0.01,-1,-1,-0.01,-1,-1,-0.01,-1,-1,-0.01,-1,-1,-0.01,-1,-1
99926009,2026-05-18 13:17:16+05:30,53479.55,0,0.0,0,0.0,0.0,53282.15,53585.15,52783.45,53710.35,0,0.0,0.0,0.0,0.0,-0.01,-1,-1,-0.01,-1,-1,-0.01,-1,-1,-0.01,-1,-1,-0.01,-1,-1,-0.01,-1,-1,-0.01,-1,-1,-0.01,-1,-1,-0.01,-1,-1,-0.01,-1,-1
99926009,2026-05-18 13:17:16+05:30,53478.45,0,0.0,0,0.0,0.0,53282.15,53585.15,52783.45,53710.35,0,0.0,0.0,0.0,0.0,-0.01,-1,-1,-0.01,-1,-1,-0.01,-1,-1,-0.01,-1,-1,-0.01,-1,-1,-0.01,-1,-1,-0.01,-1,-1,-0.01,-1,-1,-0.01,-1,-1,-0.01,-1,-1
99926009,2026-05-18 13:17:17+05:30,53479.1,0,0.0,0,0.0,0.0,53282.15,53585.15,52783.45,53710.35,0,0.0,0.0,0.0,0.0,-0.01,-1,-1,-0.01,-1,-1,-0.01,-1,-1,-0.01,-1,-1,-0.01,-1,-1,-0.01,-1,-1,-0.01,-1,-1,-0.01,-1,-1,-0.01,-1,-1,-0.01,-1,-1
99926009,2026-05-18 13:17:17+05:30,53478.7,0,0.0,0,0.0,0.0,53282.15,53585.15,52783.45,53710.35,0,0.0,0.0,0.0,0.0,-0.01,-1,-1,-0.01,-1,-1,-0.01,-1,-1,-0.01,-1,-1,-0.01,-1,-1,-0.01,-1,-1,-0.01,-1,-1,-0.01,-1,-1,-0.01,-1,-1,-0.01,-1,-1
99926009,2026-05-18 13:17:18+05:30,53478.85,0,0.0,0,0.0,0.0,53282.15,53585.15,52783.45,53710.35,0,0.0,0.0,0.0,0.0,-0.01,-1,-1,-0.01,-1,-1,-0.01,-1,-1,-0.01,-1,-1,-0.01,-1,-1,-0.01,-1,-1,-0.01,-1,-1,-0.01,-1,-1,-0.01,-1,-1,-0.01,-1,-1
99926009,2026-05-18 13:17:18+05:30,53478.15,0,0.0,0,0.0,0.0,53282.15,53585.15,52783.45,53710.35,0,0.0,0.0,0.0,0.0,-0.01,-1,-1,-0.01,-1,-1,-0.01,-1,-1,-0.01,-1,-1,-0.01,-1,-1,-0.01,-1,-1,-0.01,-1,-1,-0.01,-1,-1,-0.01,-1,-1,-0.01,-1,-1
99926009,2026-05-18 13:17:19+05:30,53480.2,0,0.0,0,0.0,0.0,53282.15,53585.15,52783.45,53710.35,0,0.0,0.0,0.0,0.0,-0.01,-1,-1,-0.01,-1,-1,-0.01,-1,-1,-0.01,-1,-1,-0.01,-1,-1,-0.01,-1,-1,-0.01,-1,-1,-0.01,-1,-1,-0.01,-1,-1,-0.01,-1,-1
99926009,2026-05-18 13:17:19+05:30,53478.45,0,0.0,0,0.0,0.0,53282.15,53585.15,52783.45,53710.35,0,0.0,0.0,0.0,0.0,-0.01,-1,-1,-0.01,-1,-1,-0.01,-1,-1,-0.01,-1,-1,-0.01,-1,-1,-0.01,-1,-1,-0.01,-1,-1,-0.01,-1,-1,-0.01,-1,-1,-0.01,-1,-1
99926009,2026-05-18 13:17:20+05:30,53477.7,0,0.0,0,0.0,0.0,53282.15,53585.15,52783.45,53710.35,0,0.0,0.0,0.0,0.0,-0.01,-1,-1,-0.01,-1,-1,-0.01,-1,-1,-0.01,-1,-1,-0.01,-1,-1,-0.01,-1,-1,-0.01,-1,-1,-0.01,-1,-1,-0.01,-1,-1,-0.01,-1,-1
99926009,2026-05-18 13:17:20+05:30,53477.8,0,0.0,0,0.0,0.0,53282.15,53585.15,52783.45,53710.35,0,0.0,0.0,0.0,0.0,-0.01,-1,-1,-0.01,-1,-1,-0.01,-1,-1,-0.01,-1,-1,-0.01,-1,-1,-0.01,-1,-1,-0.01,-1,-1,-0.01,-1,-1,-0.01,-1,-1,-0.01,-1,-1
99926009,2026-05-18 13:17:21+05:30,53478.4,0,0.0,0,0.0,0.0,53282.15,53585.15,52783.45,53710.35,0,0.0,0.0,0.0,0.0,-0.01,-1,-1,-0.01,-1,-1,-0.01,-1,-1,-0.01,-1,-1,-0.01,-1,-1,-0.01,-1,-1,-0.01,-1,-1,-0.01,-1,-1,-0.01,-1,-1,-0.01,-1,-1
99926009,2026-05-18 13:17:21+05:30,53480.4,0,0.0,0,0.0,0.0,53282.15,53585.15,52783.45,53710.35,0,0.0,0.0,0.0,0.0,-0.01,-1,-1,-0.01,-1,-1,-0.01,-1,-1,-0.01,-1,-1,-0.01,-1,-1,-0.01,-1,-1,-0.01,-1,-1,-0.01,-1,-1,-0.01,-1,-1,-0.01,-1,-1
99926009,2026-05-18 13:17:22+05:30,53479.6,0,0.0,0,0.0,0.0,53282.15,53585.15,52783.45,53710.35,0,0.0,0.0,0.0,0.0,-0.01,-1,-1,-0.01,-1,-1,-0.01,-1,-1,-0.01,-1,-1,-0.01,-1,-1,-0.01,-1,-1,-0.01,-1,-1,-0.01,-1,-1,-0.01,-1,-1,-0.01,-1,-1
99926009,2026-05-18 13:17:22+05:30,53481.6,0,0.0,0,0.0,0.0,53282.15,53585.15,52783.45,53710.35,0,0.0,0.0,0.0,0.0,-0.01,-1,-1,-0.01,-1,-1,-0.01,-1,-1,-0.01,-1,-1,-0.01,-1,-1,-0.01,-1,-1,-0.01,-1,-1,-0.01,-1,-1,-0.01,-1,-1,-0.01,-1,-1
99926009,2026-05-18 13:17:23+05:30,53482.35,0,0.0,0,0.0,0.0,53282.15,53585.15,52783.45,53710.35,0,0.0,0.0,0.0,0.0,-0.01,-1,-1,-0.01,-1,-1,-0.01,-1,-1,-0.01,-1,-1,-0.01,-1,-1,-0.01,-1,-1,-0.01,-1,-1,-0.01,-1,-1,-0.01,-1,-1,-0.01,-1,-1
99926009,2026-05-18 13:17:23+05:30,53479.3,0,0.0,0,0.0,0.0,53282.15,53585.15,52783.45,53710.35,0,0.0,0.0,0.0,0.0,-0.01,-1,-1,-0.01,-1,-1,-0.01,-1,-1,-0.01,-1,-1,-0.01,-1,-1,-0.01,-1,-1,-0.01,-1,-1,-0.01,-1,-1,-0.01,-1,-1,-0.01,-1,-1
99926009,2026-05-18 13:17:24+05:30,53479.15,0,0.0,0,0.0,0.0,53282.15,53585.15,52783.45,53710.35,0,0.0,0.0,0.0,0.0,-0.01,-1,-1,-0.01,-1,-1,-0.01,-1,-1,-0.01,-1,-1,-0.01,-1,-1,-0.01,-1,-1,-0.01,-1,-1,-0.01,-1,-1,-0.01,-1,-1,-0.01,-1,-1
99926009,2026-05-18 13:17:24+05:30,53479.85,0,0.0,0,0.0,0.0,53282.15,53585.15,52783.45,53710.35,0,0.0,0.0,0.0,0.0,-0.01,-1,-1,-0.01,-1,-1,-0.01,-1,-1,-0.01,-1,-1,-0.01,-1,-1,-0.01,-1,-1,-0.01,-1,-1,-0.01,-1,-1,-0.01,-1,-1,-0.01,-1,-1
99926009,2026-05-18 13:17:25+05:30,53479.9,0,0.0,0,0.0,0.0,53282.15,53585.15,52783.45,53710.35,0,0.0,0.0,0.0,0.0,-0.01,-1,-1,-0.01,-1,-1,-0.01,-1,-1,-0.01,-1,-1,-0.01,-1,-1,-0.01,-1,-1,-0.01,-1,-1,-0.01,-1,-1,-0.01,-1,-1,-0.01,-1,-1
99926009,2026-05-18 13:17:25+05:30,53481.95,0,0.0,0,0.0,0.0,53282.15,53585.15,52783.45,53710.35,0,0.0,0.0,0.0,0.0,-0.01,-1,-1,-0.01,-1,-1,-0.01,-1,-1,-0.01,-1,-1,-0.01,-1,-1,-0.01,-1,-1,-0.01,-1,-1,-0.01,-1,-1,-0.01,-1,-1,-0.01,-1,-1
99926009,2026-05-18 13:17:26+05:30,53481.85,0,0.0,0,0.0,0.0,53282.15,53585.15,52783.45,53710.35,0,0.0,0.0,0.0,0.0,-0.01,-1,-1,-0.01,-1,-1,-0.01,-1,-1,-0.01,-1,-1,-0.01,-1,-1,-0.01,-1,-1,-0.01,-1,-1,-0.01,-1,-1,-0.01,-1,-1,-0.01,-1,-1
99926009,2026-05-18 13:17:26+05:30,53482.45,0,0.0,0,0.0,0.0,53282.15,53585.15,52783.45,53710.35,0,0.0,0.0,0.0,0.0,-0.01,-1,-1,-0.01,-1,-1,-0.01,-1,-1,-0.01,-1,-1,-0.01,-1,-1,-0.01,-1,-1,-0.01,-1,-1,-0.01,-1,-1,-0.01,-1,-1,-0.01,-1,-1
99926009,2026-05-18 13:17:27+05:30,53481.35,0,0.0,0,0.0,0.0,53282.15,53585.15,52783.45,53710.35,0,0.0,0.0,0.0,0.0,-0.01,-1,-1,-0.01,-1,-1,-0.01,-1,-1,-0.01,-1,-1,-0.01,-1,-1,-0.01,-1,-1,-0.01,-1,-1,-0.01,-1,-1,-0.01,-1,-1,-0.01,-1,-1
99926009,2026-05-18 13:17:27+05:30,53483.2,0,0.0,0,0.0,0.0,53282.15,53585.15,52783.45,53710.35,0,0.0,0.0,0.0,0.0,-0.01,-1,-1,-0.01,-1,-1,-0.01,-1,-1,-0.01,-1,-1,-0.01,-1,-1,-0.01,-1,-1,-0.01,-1,-1,-0.01,-1,-1,-0.01,-1,-1,-0.01,-1,-1
99926009,2026-05-18 13:17:28+05:30,53481.2,0,0.0,0,0.0,0.0,53282.15,53585.15,52783.45,53710.35,0,0.0,0.0,0.0,0.0,-0.01,-1,-1,-0.01,-1,-1,-0.01,-1,-1,-0.01,-1,-1,-0.01,-1,-1,-0.01,-1,-1,-0.01,-1,-1,-0.01,-1,-1,-0.01,-1,-1,-0.01,-1,-1
99926009,2026-05-18 13:17:28+05:30,53482.3,0,0.0,0,0.0,0.0,53282.15,53585.15,52783.45,53710.35,0,0.0,0.0,0.0,0.0,-0.01,-1,-1,-0.01,-1,-1,-0.01,-1,-1,-0.01,-1,-1,-0.01,-1,-1,-0.01,-1,-1,-0.01,-1,-1,-0.01,-1,-1,-0.01,-1,-1,-0.01,-1,-1
99926009,2026-05-18 13:17:29+05:30,53484.9,0,0.0,0,0.0,0.0,53282.15,53585.15,52783.45,53710.35,0,0.0,0.0,0.0,0.0,-0.01,-1,-1,-0.01,-1,-1,-0.01,-1,-1,-0.01,-1,-1,-0.01,-1,-1,-0.01,-1,-1,-0.01,-1,-1,-0.01,-1,-1,-0.01,-1,-1,-0.01,-1,-1
99926009,2026-05-18 13:17:29+05:30,53483.15,0,0.0,0,0.0,0.0,53282.15,53585.15,52783.45,53710.35,0,0.0,0.0,0.0,0.0,-0.01,-1,-1,-0.01,-1,-1,-0.01,-1,-1,-0.01,-1,-1,-0.01,-1,-1,-0.01,-1,-1,-0.01,-1,-1,-0.01,-1,-1,-0.01,-1,-1,-0.01,-1,-1
99926009,2026-05-18 13:17:30+05:30,53482.15,0,0.0,0,0.0,0.0,53282.15,53585.15,52783.45,53710.35,0,0.0,0.0,0.0,0.0,-0.01,-1,-1,-0.01,-1,-1,-0.01,-1,-1,-0.01,-1,-1,-0.01,-1,-1,-0.01,-1,-1,-0.01,-1,-1,-0.01,-1,-1,-0.01,-1,-1,-0.01,-1,-1
99926009,2026-05-18 13:17:30+05:30,53481.7,0,0.0,0,0.0,0.0,53282.15,53585.15,52783.45,53710.35,0,0.0,0.0,0.0,0.0,-0.01,-1,-1,-0.01,-1,-1,-0.01,-1,-1,-0.01,-1,-1,-0.01,-1,-1,-0.01,-1,-1,-0.01,-1,-1,-0.01,-1,-1,-0.01,-1,-1,-0.01,-1,-1
99926009,2026-05-18 13:17:31+05:30,53481.3,0,0.0,0,0.0,0.0,53282.15,53585.15,52783.45,53710.35,0,0.0,0.0,0.0,0.0,-0.01,-1,-1,-0.01,-1,-1,-0.01,-1,-1,-0.01,-1,-1,-0.01,-1,-1,-0.01,-1,-1,-0.01,-1,-1,-0.01,-1,-1,-0.01,-1,-1,-0.01,-1,-1
99926009,2026-05-18 13:17:31+05:30,53481.6,0,0.0,0,0.0,0.0,53282.15,53585.15,52783.45,53710.35,0,0.0,0.0,0.0,0.0,-0.01,-1,-1,-0.01,-1,-1,-0.01,-1,-1,-0.01,-1,-1,-0.01,-1,-1,-0.01,-1,-1,-0.01,-1,-1,-0.01,-1,-1,-0.01,-1,-1,-0.01,-1,-1
99926009,2026-05-18 13:17:32+05:30,53478.8,0,0.0,0,0.0,0.0,53282.15,53585.15,52783.45,53710.35,0,0.0,0.0,0.0,0.0,-0.01,-1,-1,-0.01,-1,-1,-0.01,-1,-1,-0.01,-1,-1,-0.01,-1,-1,-0.01,-1,-1,-0.01,-1,-1,-0.01,-1,-1,-0.01,-1,-1,-0.01,-1,-1
99926009,2026-05-18 13:17:32+05:30,53480.0,0,0.0,0,0.0,0.0,53282.15,53585.15,52783.45,53710.35,0,0.0,0.0,0.0,0.0,-0.01,-1,-1,-0.01,-1,-1,-0.01,-1,-1,-0.01,-1,-1,-0.01,-1,-1,-0.01,-1,-1,-0.01,-1,-1,-0.01,-1,-1,-0.01,-1,-1,-0.01,-1,-1
99926009,2026-05-18 13:17:33+05:30,53479.85,0,0.0,0,0.0,0.0,53282.15,53585.15,52783.45,53710.35,0,0.0,0.0,0.0,0.0,-0.01,-1,-1,-0.01,-1,-1,-0.01,-1,-1,-0.01,-1,-1,-0.01,-1,-1,-0.01,-1,-1,-0.01,-1,-1,-0.01,-1,-1,-0.01,-1,-1,-0.01,-1,-1
99926009,2026-05-18 13:17:33+05:30,53479.6,0,0.0,0,0.0,0.0,53282.15,53585.15,52783.45,53710.35,0,0.0,0.0,0.0,0.0,-0.01,-1,-1,-0.01,-1,-1,-0.01,-1,-1,-0.01,-1,-1,-0.01,-1,-1,-0.01,-1,-1,-0.01,-1,-1,-0.01,-1,-1,-0.01,-1,-1,-0.01,-1,-1
99926009,2026-05-18 13:17:34+05:30,53480.8,0,0.0,0,0.0,0.0,53282.15,53585.15,52783.45,53710.35,0,0.0,0.0,0.0,0.0,-0.01,-1,-1,-0.01,-1,-1,-0.01,-1,-1,-0.01,-1,-1,-0.01,-1,-1,-0.01,-1,-1,-0.01,-1,-1,-0.01,-1,-1,-0.01,-1,-1,-0.01,-1,-1
99926009,2026-05-18 13:17:34+05:30,53479.65,0,0.0,0,0.0,0.0,53282.15,53585.15,52783.45,53710.35,0,0.0,0.0,0.0,0.0,-0.01,-1,-1,-0.01,-1,-1,-0.01,-1,-1,-0.01,-1,-1,-0.01,-1,-1,-0.01,-1,-1,-0.01,-1,-1,-0.01,-1,-1,-0.01,-1,-1,-0.01,-1,-1
99926009,2026-05-18 13:17:35+05:30,53480.3,0,0.0,0,0.0,0.0,53282.15,53585.15,52783.45,53710.35,0,0.0,0.0,0.0,0.0,-0.01,-1,-1,-0.01,-1,-1,-0.01,-1,-1,-0.01,-1,-1,-0.01,-1,-1,-0.01,-1,-1,-0.01,-1,-1,-0.01,-1,-1,-0.01,-1,-1,-0.01,-1,-1
99926009,2026-05-18 13:17:35+05:30,53479.9,0,0.0,0,0.0,0.0,53282.15,53585.15,52783.45,53710.35,0,0.0,0.0,0.0,0.0,-0.01,-1,-1,-0.01,-1,-1,-0.01,-1,-1,-0.01,-1,-1,-0.01,-1,-1,-0.01,-1,-1,-0.01,-1,-1,-0.01,-1,-1,-0.01,-1,-1,-0.01,-1,-1
99926009,2026-05-18 13:17:36+05:30,53477.9,0,0.0,0,0.0,0.0,53282.15,53585.15,52783.45,53710.35,0,0.0,0.0,0.0,0.0,-0.01,-1,-1,-0.01,-1,-1,-0.01,-1,-1,-0.01,-1,-1,-0.01,-1,-1,-0.01,-1,-1,-0.01,-1,-1,-0.01,-1,-1,-0.01,-1,-1,-0.01,-1,-1
99926009,2026-05-18 13:17:36+05:30,53478.2,0,0.0,0,0.0,0.0,53282.15,53585.15,52783.45,53710.35,0,0.0,0.0,0.0,0.0,-0.01,-1,-1,-0.01,-1,-1,-0.01,-1,-1,-0.01,-1,-1,-0.01,-1,-1,-0.01,-1,-1,-0.01,-1,-1,-0.01,-1,-1,-0.01,-1,-1,-0.01,-1,-1
99926009,2026-05-18 13:17:37+05:30,53479.95,0,0.0,0,0.0,0.0,53282.15,53585.15,52783.45,53710.35,0,0.0,0.0,0.0,0.0,-0.01,-1,-1,-0.01,-1,-1,-0.01,-1,-1,-0.01,-1,-1,-0.01,-1,-1,-0.01,-1,-1,-0.01,-1,-1,-0.01,-1,-1,-0.01,-1,-1,-0.01,-1,-1
99926009,2026-05-18 13:17:37+05:30,53479.45,0,0.0,0,0.0,0.0,53282.15,53585.15,52783.45,53710.35,0,0.0,0.0,0.0,0.0,-0.01,-1,-1,-0.01,-1,-1,-0.01,-1,-1,-0.01,-1,-1,-0.01,-1,-1,-0.01,-1,-1,-0.01,-1,-1,-0.01,-1,-1,-0.01,-1,-1,-0.01,-1,-1
99926009,2026-05-18 13:17:38+05:30,53480.6,0,0.0,0,0.0,0.0,53282.15,53585.15,52783.45,53710.35,0,0.0,0.0,0.0,0.0,-0.01,-1,-1,-0.01,-1,-1,-0.01,-1,-1,-0.01,-1,-1,-0.01,-1,-1,-0.01,-1,-1,-0.01,-1,-1,-0.01,-1,-1,-0.01,-1,-1,-0.01,-1,-1
99926009,2026-05-18 13:17:38+05:30,53478.7,0,0.0,0,0.0,0.0,53282.15,53585.15,52783.45,53710.35,0,0.0,0.0,0.0,0.0,-0.01,-1,-1,-0.01,-1,-1,-0.01,-1,-1,-0.01,-1,-1,-0.01,-1,-1,-0.01,-1,-1,-0.01,-1,-1,-0.01,-1,-1,-0.01,-1,-1,-0.01,-1,-1
99926009,2026-05-18 13:17:39+05:30,53479.15,0,0.0,0,0.0,0.0,53282.15,53585.15,52783.45,53710.35,0,0.0,0.0,0.0,0.0,-0.01,-1,-1,-0.01,-1,-1,-0.01,-1,-1,-0.01,-1,-1,-0.01,-1,-1,-0.01,-1,-1,-0.01,-1,-1,-0.01,-1,-1,-0.01,-1,-1,-0.01,-1,-1
99926009,2026-05-18 13:17:39+05:30,53478.45,0,0.0,0,0.0,0.0,53282.15,53585.15,52783.45,53710.35,0,0.0,0.0,0.0,0.0,-0.01,-1,-1,-0.01,-1,-1,-0.01,-1,-1,-0.01,-1,-1,-0.01,-1,-1,-0.01,-1,-1,-0.01,-1,-1,-0.01,-1,-1,-0.01,-1,-1,-0.01,-1,-1
99926009,2026-05-18 13:17:40+05:30,53477.05,0,0.0,0,0.0,0.0,53282.15,53585.15,52783.45,53710.35,0,0.0,0.0,0.0,0.0,-0.01,-1,-1,-0.01,-1,-1,-0.01,-1,-1,-0.01,-1,-1,-0.01,-1,-1,-0.01,-1,-1,-0.01,-1,-1,-0.01,-1,-1,-0.01,-1,-1,-0.01,-1,-1
99926009,2026-05-18 13:17:40+05:30,53477.3,0,0.0,0,0.0,0.0,53282.15,53585.15,52783.45,53710.35,0,0.0,0.0,0.0,0.0,-0.01,-1,-1,-0.01,-1,-1,-0.01,-1,-1,-0.01,-1,-1,-0.01,-1,-1,-0.01,-1,-1,-0.01,-1,-1,-0.01,-1,-1,-0.01,-1,-1,-0.01,-1,-1
99926009,2026-05-18 13:17:41+05:30,53477.1,0,0.0,0,0.0,0.0,53282.15,53585.15,52783.45,53710.35,0,0.0,0.0,0.0,0.0,-0.01,-1,-1,-0.01,-1,-1,-0.01,-1,-1,-0.01,-1,-1,-0.01,-1,-1,-0.01,-1,-1,-0.01,-1,-1,-0.01,-1,-1,-0.01,-1,-1,-0.01,-1,-1
99926009,2026-05-18 13:17:41+05:30,53478.45,0,0.0,0,0.0,0.0,53282.15,53585.15,52783.45,53710.35,0,0.0,0.0,0.0,0.0,-0.01,-1,-1,-0.01,-1,-1,-0.01,-1,-1,-0.01,-1,-1,-0.01,-1,-1,-0.01,-1,-1,-0.01,-1,-1,-0.01,-1,-1,-0.01,-1,-1,-0.01,-1,-1
99926009,2026-05-18 13:17:42+05:30,53479.15,0,0.0,0,0.0,0.0,53282.15,53585.15,52783.45,53710.35,0,0.0,0.0,0.0,0.0,-0.01,-1,-1,-0.01,-1,-1,-0.01,-1,-1,-0.01,-1,-1,-0.01,-1,-1,-0.01,-1,-1,-0.01,-1,-1,-0.01,-1,-1,-0.01,-1,-1,-0.01,-1,-1
99926009,2026-05-18 13:17:42+05:30,53479.25,0,0.0,0,0.0,0.0,53282.15,53585.15,52783.45,53710.35,0,0.0,0.0,0.0,0.0,-0.01,-1,-1,-0.01,-1,-1,-0.01,-1,-1,-0.01,-1,-1,-0.01,-1,-1,-0.01,-1,-1,-0.01,-1,-1,-0.01,-1,-1,-0.01,-1,-1,-0.01,-1,-1
99926009,2026-05-18 13:17:43+05:30,53477.4,0,0.0,0,0.0,0.0,53282.15,53585.15,52783.45,53710.35,0,0.0,0.0,0.0,0.0,-0.01,-1,-1,-0.01,-1,-1,-0.01,-1,-1,-0.01,-1,-1,-0.01,-1,-1,-0.01,-1,-1,-0.01,-1,-1,-0.01,-1,-1,-0.01,-1,-1,-0.01,-1,-1
99926009,2026-05-18 13:17:43+05:30,53475.9,0,0.0,0,0.0,0.0,53282.15,53585.15,52783.45,53710.35,0,0.0,0.0,0.0,0.0,-0.01,-1,-1,-0.01,-1,-1,-0.01,-1,-1,-0.01,-1,-1,-0.01,-1,-1,-0.01,-1,-1,-0.01,-1,-1,-0.01,-1,-1,-0.01,-1,-1,-0.01,-1,-1
99926009,2026-05-18 13:17:44+05:30,53479.15,0,0.0,0,0.0,0.0,53282.15,53585.15,52783.45,53710.35,0,0.0,0.0,0.0,0.0,-0.01,-1,-1,-0.01,-1,-1,-0.01,-1,-1,-0.01,-1,-1,-0.01,-1,-1,-0.01,-1,-1,-0.01,-1,-1,-0.01,-1,-1,-0.01,-1,-1,-0.01,-1,-1
99926009,2026-05-18 13:17:44+05:30,53475.7,0,0.0,0,0.0,0.0,53282.15,53585.15,52783.45,53710.35,0,0.0,0.0,0.0,0.0,-0.01,-1,-1,-0.01,-1,-1,-0.01,-1,-1,-0.01,-1,-1,-0.01,-1,-1,-0.01,-1,-1,-0.01,-1,-1,-0.01,-1,-1,-0.01,-1,-1,-0.01,-1,-1
99926009,2026-05-18 13:17:45+05:30,53476.35,0,0.0,0,0.0,0.0,53282.15,53585.15,52783.45,53710.35,0,0.0,0.0,0.0,0.0,-0.01,-1,-1,-0.01,-1,-1,-0.01,-1,-1,-0.01,-1,-1,-0.01,-1,-1,-0.01,-1,-1,-0.01,-1,-1,-0.01,-1,-1,-0.01,-1,-1,-0.01,-1,-1
99926009,2026-05-18 13:17:45+05:30,53476.7,0,0.0,0,0.0,0.0,53282.15,53585.15,52783.45,53710.35,0,0.0,0.0,0.0,0.0,-0.01,-1,-1,-0.01,-1,-1,-0.01,-1,-1,-0.01,-1,-1,-0.01,-1,-1,-0.01,-1,-1,-0.01,-1,-1,-0.01,-1,-1,-0.01,-1,-1,-0.01,-1,-1
99926009,2026-05-18 13:17:46+05:30,53477.45,0,0.0,0,0.0,0.0,53282.15,53585.15,52783.45,53710.35,0,0.0,0.0,0.0,0.0,-0.01,-1,-1,-0.01,-1,-1,-0.01,-1,-1,-0.01,-1,-1,-0.01,-1,-1,-0.01,-1,-1,-0.01,-1,-1,-0.01,-1,-1,-0.01,-1,-1,-0.01,-1,-1
99926009,2026-05-18 13:17:46+05:30,53474.55,0,0.0,0,0.0,0.0,53282.15,53585.15,52783.45,53710.35,0,0.0,0.0,0.0,0.0,-0.01,-1,-1,-0.01,-1,-1,-0.01,-1,-1,-0.01,-1,-1,-0.01,-1,-1,-0.01,-1,-1,-0.01,-1,-1,-0.01,-1,-1,-0.01,-1,-1,-0.01,-1,-1
99926009,2026-05-18 13:17:47+05:30,53475.05,0,0.0,0,0.0,0.0,53282.15,53585.15,52783.45,53710.35,0,0.0,0.0,0.0,0.0,-0.01,-1,-1,-0.01,-1,-1,-0.01,-1,-1,-0.01,-1,-1,-0.01,-1,-1,-0.01,-1,-1,-0.01,-1,-1,-0.01,-1,-1,-0.01,-1,-1,-0.01,-1,-1
99926009,2026-05-18 13:17:47+05:30,53472.2,0,0.0,0,0.0,0.0,53282.15,53585.15,52783.45,53710.35,0,0.0,0.0,0.0,0.0,-0.01,-1,-1,-0.01,-1,-1,-0.01,-1,-1,-0.01,-1,-1,-0.01,-1,-1,-0.01,-1,-1,-0.01,-1,-1,-0.01,-1,-1,-0.01,-1,-1,-0.01,-1,-1
99926009,2026-05-18 13:17:48+05:30,53474.6,0,0.0,0,0.0,0.0,53282.15,53585.15,52783.45,53710.35,0,0.0,0.0,0.0,0.0,-0.01,-1,-1,-0.01,-1,-1,-0.01,-1,-1,-0.01,-1,-1,-0.01,-1,-1,-0.01,-1,-1,-0.01,-1,-1,-0.01,-1,-1,-0.01,-1,-1,-0.01,-1,-1
99926009,2026-05-18 13:17:48+05:30,53475.3,0,0.0,0,0.0,0.0,53282.15,53585.15,52783.45,53710.35,0,0.0,0.0,0.0,0.0,-0.01,-1,-1,-0.01,-1,-1,-0.01,-1,-1,-0.01,-1,-1,-0.01,-1,-1,-0.01,-1,-1,-0.01,-1,-1,-0.01,-1,-1,-0.01,-1,-1,-0.01,-1,-1
99926009,2026-05-18 13:17:49+05:30,53474.1,0,0.0,0,0.0,0.0,53282.15,53585.15,52783.45,53710.35,0,0.0,0.0,0.0,0.0,-0.01,-1,-1,-0.01,-1,-1,-0.01,-1,-1,-0.01,-1,-1,-0.01,-1,-1,-0.01,-1,-1,-0.01,-1,-1,-0.01,-1,-1,-0.01,-1,-1,-0.01,-1,-1
99926009,2026-05-18 13:17:49+05:30,53474.35,0,0.0,0,0.0,0.0,53282.15,53585.15,52783.45,53710.35,0,0.0,0.0,0.0,0.0,-0.01,-1,-1,-0.01,-1,-1,-0.01,-1,-1,-0.01,-1,-1,-0.01,-1,-1,-0.01,-1,-1,-0.01,-1,-1,-0.01,-1,-1,-0.01,-1,-1,-0.01,-1,-1
99926009,2026-05-18 13:17:50+05:30,53476.5,0,0.0,0,0.0,0.0,53282.15,53585.15,52783.45,53710.35,0,0.0,0.0,0.0,0.0,-0.01,-1,-1,-0.01,-1,-1,-0.01,-1,-1,-0.01,-1,-1,-0.01,-1,-1,-0.01,-1,-1,-0.01,-1,-1,-0.01,-1,-1,-0.01,-1,-1,-0.01,-1,-1
99926009,2026-05-18 13:17:50+05:30,53475.85,0,0.0,0,0.0,0.0,53282.15,53585.15,52783.45,53710.35,0,0.0,0.0,0.0,0.0,-0.01,-1,-1,-0.01,-1,-1,-0.01,-1,-1,-0.01,-1,-1,-0.01,-1,-1,-0.01,-1,-1,-0.01,-1,-1,-0.01,-1,-1,-0.01,-1,-1,-0.01,-1,-1
99926009,2026-05-18 13:17:51+05:30,53476.7,0,0.0,0,0.0,0.0,53282.15,53585.15,52783.45,53710.35,0,0.0,0.0,0.0,0.0,-0.01,-1,-1,-0.01,-1,-1,-0.01,-1,-1,-0.01,-1,-1,-0.01,-1,-1,-0.01,-1,-1,-0.01,-1,-1,-0.01,-1,-1,-0.01,-1,-1,-0.01,-1,-1
99926009,2026-05-18 13:17:51+05:30,53478.55,0,0.0,0,0.0,0.0,53282.15,53585.15,52783.45,53710.35,0,0.0,0.0,0.0,0.0,-0.01,-1,-1,-0.01,-1,-1,-0.01,-1,-1,-0.01,-1,-1,-0.01,-1,-1,-0.01,-1,-1,-0.01,-1,-1,-0.01,-1,-1,-0.01,-1,-1,-0.01,-1,-1
99926009,2026-05-18 13:17:52+05:30,53477.5,0,0.0,0,0.0,0.0,53282.15,53585.15,52783.45,53710.35,0,0.0,0.0,0.0,0.0,-0.01,-1,-1,-0.01,-1,-1,-0.01,-1,-1,-0.01,-1,-1,-0.01,-1,-1,-0.01,-1,-1,-0.01,-1,-1,-0.01,-1,-1,-0.01,-1,-1,-0.01,-1,-1
99926009,2026-05-18 13:17:52+05:30,53476.2,0,0.0,0,0.0,0.0,53282.15,53585.15,52783.45,53710.35,0,0.0,0.0,0.0,0.0,-0.01,-1,-1,-0.01,-1,-1,-0.01,-1,-1,-0.01,-1,-1,-0.01,-1,-1,-0.01,-1,-1,-0.01,-1,-1,-0.01,-1,-1,-0.01,-1,-1,-0.01,-1,-1
99926009,2026-05-18 13:17:53+05:30,53474.2,0,0.0,0,0.0,0.0,53282.15,53585.15,52783.45,53710.35,0,0.0,0.0,0.0,0.0,-0.01,-1,-1,-0.01,-1,-1,-0.01,-1,-1,-0.01,-1,-1,-0.01,-1,-1,-0.01,-1,-1,-0.01,-1,-1,-0.01,-1,-1,-0.01,-1,-1,-0.01,-1,-1
99926009,2026-05-18 13:17:53+05:30,53475.9,0,0.0,0,0.0,0.0,53282.15,53585.15,52783.45,53710.35,0,0.0,0.0,0.0,0.0,-0.01,-1,-1,-0.01,-1,-1,-0.01,-1,-1,-0.01,-1,-1,-0.01,-1,-1,-0.01,-1,-1,-0.01,-1,-1,-0.01,-1,-1,-0.01,-1,-1,-0.01,-1,-1
99926009,2026-05-18 13:17:54+05:30,53477.0,0,0.0,0,0.0,0.0,53282.15,53585.15,52783.45,53710.35,0,0.0,0.0,0.0,0.0,-0.01,-1,-1,-0.01,-1,-1,-0.01,-1,-1,-0.01,-1,-1,-0.01,-1,-1,-0.01,-1,-1,-0.01,-1,-1,-0.01,-1,-1,-0.01,-1,-1,-0.01,-1,-1
99926009,2026-05-18 13:17:54+05:30,53477.95,0,0.0,0,0.0,0.0,53282.15,53585.15,52783.45,53710.35,0,0.0,0.0,0.0,0.0,-0.01,-1,-1,-0.01,-1,-1,-0.01,-1,-1,-0.01,-1,-1,-0.01,-1,-1,-0.01,-1,-1,-0.01,-1,-1,-0.01,-1,-1,-0.01,-1,-1,-0.01,-1,-1
99926009,2026-05-18 13:17:55+05:30,53475.15,0,0.0,0,0.0,0.0,53282.15,53585.15,52783.45,53710.35,0,0.0,0.0,0.0,0.0,-0.01,-1,-1,-0.01,-1,-1,-0.01,-1,-1,-0.01,-1,-1,-0.01,-1,-1,-0.01,-1,-1,-0.01,-1,-1,-0.01,-1,-1,-0.01,-1,-1,-0.01,-1,-1
99926009,2026-05-18 13:17:55+05:30,53474.2,0,0.0,0,0.0,0.0,53282.15,53585.15,52783.45,53710.35,0,0.0,0.0,0.0,0.0,-0.01,-1,-1,-0.01,-1,-1,-0.01,-1,-1,-0.01,-1,-1,-0.01,-1,-1,-0.01,-1,-1,-0.01,-1,-1,-0.01,-1,-1,-0.01,-1,-1,-0.01,-1,-1
99926009,2026-05-18 13:17:56+05:30,53478.6,0,0.0,0,0.0,0.0,53282.15,53585.15,52783.45,53710.35,0,0.0,0.0,0.0,0.0,-0.01,-1,-1,-0.01,-1,-1,-0.01,-1,-1,-0.01,-1,-1,-0.01,-1,-1,-0.01,-1,-1,-0.01,-1,-1,-0.01,-1,-1,-0.01,-1,-1,-0.01,-1,-1
99926009,2026-05-18 13:17:56+05:30,53478.7,0,0.0,0,0.0,0.0,53282.15,53585.15,52783.45,53710.35,0,0.0,0.0,0.0,0.0,-0.01,-1,-1,-0.01,-1,-1,-0.01,-1,-1,-0.01,-1,-1,-0.01,-1,-1,-0.01,-1,-1,-0.01,-1,-1,-0.01,-1,-1,-0.01,-1,-1,-0.01,-1,-1
99926009,2026-05-18 13:17:57+05:30,53478.05,0,0.0,0,0.0,0.0,53282.15,53585.15,52783.45,53710.35,0,0.0,0.0,0.0,0.0,-0.01,-1,-1,-0.01,-1,-1,-0.01,-1,-1,-0.01,-1,-1,-0.01,-1,-1,-0.01,-1,-1,-0.01,-1,-1,-0.01,-1,-1,-0.01,-1,-1,-0.01,-1,-1
99926009,2026-05-18 13:17:57+05:30,53478.5,0,0.0,0,0.0,0.0,53282.15,53585.15,52783.45,53710.35,0,0.0,0.0,0.0,0.0,-0.01,-1,-1,-0.01,-1,-1,-0.01,-1,-1,-0.01,-1,-1,-0.01,-1,-1,-0.01,-1,-1,-0.01,-1,-1,-0.01,-1,-1,-0.01,-1,-1,-0.01,-1,-1
99926009,2026-05-18 13:17:58+05:30,53477.5,0,0.0,0,0.0,0.0,53282.15,53585.15,52783.45,53710.35,0,0.0,0.0,0.0,0.0,-0.01,-1,-1,-0.01,-1,-1,-0.01,-1,-1,-0.01,-1,-1,-0.01,-1,-1,-0.01,-1,-1,-0.01,-1,-1,-0.01,-1,-1,-0.01,-1,-1,-0.01,-1,-1
99926009,2026-05-18 13:17:58+05:30,53477.1,0,0.0,0,0.0,0.0,53282.15,53585.15,52783.45,53710.35,0,0.0,0.0,0.0,0.0,-0.01,-1,-1,-0.01,-1,-1,-0.01,-1,-1,-0.01,-1,-1,-0.01,-1,-1,-0.01,-1,-1,-0.01,-1,-1,-0.01,-1,-1,-0.01,-1,-1,-0.01,-1,-1
99926009,2026-05-18 13:17:59+05:30,53477.45,0,0.0,0,0.0,0.0,53282.15,53585.15,52783.45,53710.35,0,0.0,0.0,0.0,0.0,-0.01,-1,-1,-0.01,-1,-1,-0.01,-1,-1,-0.01,-1,-1,-0.01,-1,-1,-0.01,-1,-1,-0.01,-1,-1,-0.01,-1,-1,-0.01,-1,-1,-0.01,-1,-1
99926009,2026-05-18 13:17:59+05:30,53478.0,0,0.0,0,0.0,0.0,53282.15,53585.15,52783.45,53710.35,0,0.0,0.0,0.0,0.0,-0.01,-1,-1,-0.01,-1,-1,-0.01,-1,-1,-0.01,-1,-1,-0.01,-1,-1,-0.01,-1,-1,-0.01,-1,-1,-0.01,-1,-1,-0.01,-1,-1,-0.01,-1,-1
99926009,2026-05-18 13:18:00+05:30,53476.8,0,0.0,0,0.0,0.0,53282.15,53585.15,52783.45,53710.35,0,0.0,0.0,0.0,0.0,-0.01,-1,-1,-0.01,-1,-1,-0.01,-1,-1,-0.01,-1,-1,-0.01,-1,-1,-0.01,-1,-1,-0.01,-1,-1,-0.01,-1,-1,-0.01,-1,-1,-0.01,-1,-1
99926009,2026-05-18 13:18:00+05:30,53477.85,0,0.0,0,0.0,0.0,53282.15,53585.15,52783.45,53710.35,0,0.0,0.0,0.0,0.0,-0.01,-1,-1,-0.01,-1,-1,-0.01,-1,-1,-0.01,-1,-1,-0.01,-1,-1,-0.01,-1,-1,-0.01,-1,-1,-0.01,-1,-1,-0.01,-1,-1,-0.01,-1,-1
99926009,2026-05-18 13:18:01+05:30,53474.2,0,0.0,0,0.0,0.0,53282.15,53585.15,52783.45,53710.35,0,0.0,0.0,0.0,0.0,-0.01,-1,-1,-0.01,-1,-1,-0.01,-1,-1,-0.01,-1,-1,-0.01,-1,-1,-0.01,-1,-1,-0.01,-1,-1,-0.01,-1,-1,-0.01,-1,-1,-0.01,-1,-1
99926009,2026-05-18 13:18:01+05:30,53476.25,0,0.0,0,0.0,0.0,53282.15,53585.15,52783.45,53710.35,0,0.0,0.0,0.0,0.0,-0.01,-1,-1,-0.01,-1,-1,-0.01,-1,-1,-0.01,-1,-1,-0.01,-1,-1,-0.01,-1,-1,-0.01,-1,-1,-0.01,-1,-1,-0.01,-1,-1,-0.01,-1,-1
99926009,2026-05-18 13:18:02+05:30,53472.1,0,0.0,0,0.0,0.0,53282.15,53585.15,52783.45,53710.35,0,0.0,0.0,0.0,0.0,-0.01,-1,-1,-0.01,-1,-1,-0.01,-1,-1,-0.01,-1,-1,-0.01,-1,-1,-0.01,-1,-1,-0.01,-1,-1,-0.01,-1,-1,-0.01,-1,-1,-0.01,-1,-1
99926009,2026-05-18 13:18:02+05:30,53476.1,0,0.0,0,0.0,0.0,53282.15,53585.15,52783.45,53710.35,0,0.0,0.0,0.0,0.0,-0.01,-1,-1,-0.01,-1,-1,-0.01,-1,-1,-0.01,-1,-1,-0.01,-1,-1,-0.01,-1,-1,-0.01,-1,-1,-0.01,-1,-1,-0.01,-1,-1,-0.01,-1,-1
99926009,2026-05-18 13:18:03+05:30,53476.1,0,0.0,0,0.0,0.0,53282.15,53585.15,52783.45,53710.35,0,0.0,0.0,0.0,0.0,-0.01,-1,-1,-0.01,-1,-1,-0.01,-1,-1,-0.01,-1,-1,-0.01,-1,-1,-0.01,-1,-1,-0.01,-1,-1,-0.01,-1,-1,-0.01,-1,-1,-0.01,-1,-1
99926009,2026-05-18 13:18:03+05:30,53475.4,0,0.0,0,0.0,0.0,53282.15,53585.15,52783.45,53710.35,0,0.0,0.0,0.0,0.0,-0.01,-1,-1,-0.01,-1,-1,-0.01,-1,-1,-0.01,-1,-1,-0.01,-1,-1,-0.01,-1,-1,-0.01,-1,-1,-0.01,-1,-1,-0.01,-1,-1,-0.01,-1,-1
99926009,2026-05-18 13:18:04+05:30,53473.95,0,0.0,0,0.0,0.0,53282.15,53585.15,52783.45,53710.35,0,0.0,0.0,0.0,0.0,-0.01,-1,-1,-0.01,-1,-1,-0.01,-1,-1,-0.01,-1,-1,-0.01,-1,-1,-0.01,-1,-1,-0.01,-1,-1,-0.01,-1,-1,-0.01,-1,-1,-0.01,-1,-1
99926009,2026-05-18 13:18:04+05:30,53474.45,0,0.0,0,0.0,0.0,53282.15,53585.15,52783.45,53710.35,0,0.0,0.0,0.0,0.0,-0.01,-1,-1,-0.01,-1,-1,-0.01,-1,-1,-0.01,-1,-1,-0.01,-1,-1,-0.01,-1,-1,-0.01,-1,-1,-0.01,-1,-1,-0.01,-1,-1,-0.01,-1,-1
99926009,2026-05-18 13:18:05+05:30,53473.3,0,0.0,0,0.0,0.0,53282.15,53585.15,52783.45,53710.35,0,0.0,0.0,0.0,0.0,-0.01,-1,-1,-0.01,-1,-1,-0.01,-1,-1,-0.01,-1,-1,-0.01,-1,-1,-0.01,-1,-1,-0.01,-1,-1,-0.01,-1,-1,-0.01,-1,-1,-0.01,-1,-1
99926009,2026-05-18 13:18:05+05:30,53471.75,0,0.0,0,0.0,0.0,53282.15,53585.15,52783.45,53710.35,0,0.0,0.0,0.0,0.0,-0.01,-1,-1,-0.01,-1,-1,-0.01,-1,-1,-0.01,-1,-1,-0.01,-1,-1,-0.01,-1,-1,-0.01,-1,-1,-0.01,-1,-1,-0.01,-1,-1,-0.01,-1,-1
99926009,2026-05-18 13:18:06+05:30,53474.4,0,0.0,0,0.0,0.0,53282.15,53585.15,52783.45,53710.35,0,0.0,0.0,0.0,0.0,-0.01,-1,-1,-0.01,-1,-1,-0.01,-1,-1,-0.01,-1,-1,-0.01,-1,-1,-0.01,-1,-1,-0.01,-1,-1,-0.01,-1,-1,-0.01,-1,-1,-0.01,-1,-1
99926009,2026-05-18 13:18:06+05:30,53476.55,0,0.0,0,0.0,0.0,53282.15,53585.15,52783.45,53710.35,0,0.0,0.0,0.0,0.0,-0.01,-1,-1,-0.01,-1,-1,-0.01,-1,-1,-0.01,-1,-1,-0.01,-1,-1,-0.01,-1,-1,-0.01,-1,-1,-0.01,-1,-1,-0.01,-1,-1,-0.01,-1,-1
99926009,2026-05-18 13:18:07+05:30,53475.8,0,0.0,0,0.0,0.0,53282.15,53585.15,52783.45,53710.35,0,0.0,0.0,0.0,0.0,-0.01,-1,-1,-0.01,-1,-1,-0.01,-1,-1,-0.01,-1,-1,-0.01,-1,-1,-0.01,-1,-1,-0.01,-1,-1,-0.01,-1,-1,-0.01,-1,-1,-0.01,-1,-1
99926009,2026-05-18 13:18:07+05:30,53475.45,0,0.0,0,0.0,0.0,53282.15,53585.15,52783.45,53710.35,0,0.0,0.0,0.0,0.0,-0.01,-1,-1,-0.01,-1,-1,-0.01,-1,-1,-0.01,-1,-1,-0.01,-1,-1,-0.01,-1,-1,-0.01,-1,-1,-0.01,-1,-1,-0.01,-1,-1,-0.01,-1,-1
99926009,2026-05-18 13:18:08+05:30,53473.55,0,0.0,0,0.0,0.0,53282.15,53585.15,52783.45,53710.35,0,0.0,0.0,0.0,0.0,-0.01,-1,-1,-0.01,-1,-1,-0.01,-1,-1,-0.01,-1,-1,-0.01,-1,-1,-0.01,-1,-1,-0.01,-1,-1,-0.01,-1,-1,-0.01,-1,-1,-0.01,-1,-1
99926009,2026-05-18 13:18:08+05:30,53474.15,0,0.0,0,0.0,0.0,53282.15,53585.15,52783.45,53710.35,0,0.0,0.0,0.0,0.0,-0.01,-1,-1,-0.01,-1,-1,-0.01,-1,-1,-0.01,-1,-1,-0.01,-1,-1,-0.01,-1,-1,-0.01,-1,-1,-0.01,-1,-1,-0.01,-1,-1,-0.01,-1,-1
99926009,2026-05-18 13:18:09+05:30,53476.45,0,0.0,0,0.0,0.0,53282.15,53585.15,52783.45,53710.35,0,0.0,0.0,0.0,0.0,-0.01,-1,-1,-0.01,-1,-1,-0.01,-1,-1,-0.01,-1,-1,-0.01,-1,-1,-0.01,-1,-1,-0.01,-1,-1,-0.01,-1,-1,-0.01,-1,-1,-0.01,-1,-1
99926009,2026-05-18 13:18:09+05:30,53476.6,0,0.0,0,0.0,0.0,53282.15,53585.15,52783.45,53710.35,0,0.0,0.0,0.0,0.0,-0.01,-1,-1,-0.01,-1,-1,-0.01,-1,-1,-0.01,-1,-1,-0.01,-1,-1,-0.01,-1,-1,-0.01,-1,-1,-0.01,-1,-1,-0.01,-1,-1,-0.01,-1,-1
99926009,2026-05-18 13:18:10+05:30,53477.35,0,0.0,0,0.0,0.0,53282.15,53585.15,52783.45,53710.35,0,0.0,0.0,0.0,0.0,-0.01,-1,-1,-0.01,-1,-1,-0.01,-1,-1,-0.01,-1,-1,-0.01,-1,-1,-0.01,-1,-1,-0.01,-1,-1,-0.01,-1,-1,-0.01,-1,-1,-0.01,-1,-1
99926009,2026-05-18 13:18:10+05:30,53476.95,0,0.0,0,0.0,0.0,53282.15,53585.15,52783.45,53710.35,0,0.0,0.0,0.0,0.0,-0.01,-1,-1,-0.01,-1,-1,-0.01,-1,-1,-0.01,-1,-1,-0.01,-1,-1,-0.01,-1,-1,-0.01,-1,-1,-0.01,-1,-1,-0.01,-1,-1,-0.01,-1,-1
99926009,2026-05-18 13:18:11+05:30,53477.55,0,0.0,0,0.0,0.0,53282.15,53585.15,52783.45,53710.35,0,0.0,0.0,0.0,0.0,-0.01,-1,-1,-0.01,-1,-1,-0.01,-1,-1,-0.01,-1,-1,-0.01,-1,-1,-0.01,-1,-1,-0.01,-1,-1,-0.01,-1,-1,-0.01,-1,-1,-0.01,-1,-1
99926009,2026-05-18 13:18:11+05:30,53478.3,0,0.0,0,0.0,0.0,53282.15,53585.15,52783.45,53710.35,0,0.0,0.0,0.0,0.0,-0.01,-1,-1,-0.01,-1,-1,-0.01,-1,-1,-0.01,-1,-1,-0.01,-1,-1,-0.01,-1,-1,-0.01,-1,-1,-0.01,-1,-1,-0.01,-1,-1,-0.01,-1,-1
99926009,2026-05-18 13:18:12+05:30,53474.35,0,0.0,0,0.0,0.0,53282.15,53585.15,52783.45,53710.35,0,0.0,0.0,0.0,0.0,-0.01,-1,-1,-0.01,-1,-1,-0.01,-1,-1,-0.01,-1,-1,-0.01,-1,-1,-0.01,-1,-1,-0.01,-1,-1,-0.01,-1,-1,-0.01,-1,-1,-0.01,-1,-1
99926009,2026-05-18 13:18:12+05:30,53475.65,0,0.0,0,0.0,0.0,53282.15,53585.15,52783.45,53710.35,0,0.0,0.0,0.0,0.0,-0.01,-1,-1,-0.01,-1,-1,-0.01,-1,-1,-0.01,-1,-1,-0.01,-1,-1,-0.01,-1,-1,-0.01,-1,-1,-0.01,-1,-1,-0.01,-1,-1,-0.01,-1,-1
99926009,2026-05-18 13:18:13+05:30,53473.15,0,0.0,0,0.0,0.0,53282.15,53585.15,52783.45,53710.35,0,0.0,0.0,0.0,0.0,-0.01,-1,-1,-0.01,-1,-1,-0.01,-1,-1,-0.01,-1,-1,-0.01,-1,-1,-0.01,-1,-1,-0.01,-1,-1,-0.01,-1,-1,-0.01,-1,-1,-0.01,-1,-1
99926009,2026-05-18 13:18:13+05:30,53476.4,0,0.0,0,0.0,0.0,53282.15,53585.15,52783.45,53710.35,0,0.0,0.0,0.0,0.0,-0.01,-1,-1,-0.01,-1,-1,-0.01,-1,-1,-0.01,-1,-1,-0.01,-1,-1,-0.01,-1,-1,-0.01,-1,-1,-0.01,-1,-1,-0.01,-1,-1,-0.01,-1,-1
99926009,2026-05-18 13:18:14+05:30,53476.0,0,0.0,0,0.0,0.0,53282.15,53585.15,52783.45,53710.35,0,0.0,0.0,0.0,0.0,-0.01,-1,-1,-0.01,-1,-1,-0.01,-1,-1,-0.01,-1,-1,-0.01,-1,-1,-0.01,-1,-1,-0.01,-1,-1,-0.01,-1,-1,-0.01,-1,-1,-0.01,-1,-1
99926009,2026-05-18 13:18:14+05:30,53473.5,0,0.0,0,0.0,0.0,53282.15,53585.15,52783.45,53710.35,0,0.0,0.0,0.0,0.0,-0.01,-1,-1,-0.01,-1,-1,-0.01,-1,-1,-0.01,-1,-1,-0.01,-1,-1,-0.01,-1,-1,-0.01,-1,-1,-0.01,-1,-1,-0.01,-1,-1,-0.01,-1,-1
99926009,2026-05-18 13:18:15+05:30,53471.95,0,0.0,0,0.0,0.0,53282.15,53585.15,52783.45,53710.35,0,0.0,0.0,0.0,0.0,-0.01,-1,-1,-0.01,-1,-1,-0.01,-1,-1,-0.01,-1,-1,-0.01,-1,-1,-0.01,-1,-1,-0.01,-1,-1,-0.01,-1,-1,-0.01,-1,-1,-0.01,-1,-1
99926009,2026-05-18 13:18:15+05:30,53473.95,0,0.0,0,0.0,0.0,53282.15,53585.15,52783.45,53710.35,0,0.0,0.0,0.0,0.0,-0.01,-1,-1,-0.01,-1,-1,-0.01,-1,-1,-0.01,-1,-1,-0.01,-1,-1,-0.01,-1,-1,-0.01,-1,-1,-0.01,-1,-1,-0.01,-1,-1,-0.01,-1,-1
99926009,2026-05-18 13:18:16+05:30,53472.2,0,0.0,0,0.0,0.0,53282.15,53585.15,52783.45,53710.35,0,0.0,0.0,0.0,0.0,-0.01,-1,-1,-0.01,-1,-1,-0.01,-1,-1,-0.01,-1,-1,-0.01,-1,-1,-0.01,-1,-1,-0.01,-1,-1,-0.01,-1,-1,-0.01,-1,-1,-0.01,-1,-1
99926009,2026-05-18 13:18:16+05:30,53472.45,0,0.0,0,0.0,0.0,53282.15,53585.15,52783.45,53710.35,0,0.0,0.0,0.0,0.0,-0.01,-1,-1,-0.01,-1,-1,-0.01,-1,-1,-0.01,-1,-1,-0.01,-1,-1,-0.01,-1,-1,-0.01,-1,-1,-0.01,-1,-1,-0.01,-1,-1,-0.01,-1,-1
99926009,2026-05-18 13:18:17+05:30,53472.2,0,0.0,0,0.0,0.0,53282.15,53585.15,52783.45,53710.35,0,0.0,0.0,0.0,0.0,-0.01,-1,-1,-0.01,-1,-1,-0.01,-1,-1,-0.01,-1,-1,-0.01,-1,-1,-0.01,-1,-1,-0.01,-1,-1,-0.01,-1,-1,-0.01,-1,-1,-0.01,-1,-1
99926009,2026-05-18 13:18:17+05:30,53471.6,0,0.0,0,0.0,0.0,53282.15,53585.15,52783.45,53710.35,0,0.0,0.0,0.0,0.0,-0.01,-1,-1,-0.01,-1,-1,-0.01,-1,-1,-0.01,-1,-1,-0.01,-1,-1,-0.01,-1,-1,-0.01,-1,-1,-0.01,-1,-1,-0.01,-1,-1,-0.01,-1,-1
99926009,2026-05-18 13:18:18+05:30,53472.0,0,0.0,0,0.0,0.0,53282.15,53585.15,52783.45,53710.35,0,0.0,0.0,0.0,0.0,-0.01,-1,-1,-0.01,-1,-1,-0.01,-1,-1,-0.01,-1,-1,-0.01,-1,-1,-0.01,-1,-1,-0.01,-1,-1,-0.01,-1,-1,-0.01,-1,-1,-0.01,-1,-1
99926009,2026-05-18 13:18:18+05:30,53472.6,0,0.0,0,0.0,0.0,53282.15,53585.15,52783.45,53710.35,0,0.0,0.0,0.0,0.0,-0.01,-1,-1,-0.01,-1,-1,-0.01,-1,-1,-0.01,-1,-1,-0.01,-1,-1,-0.01,-1,-1,-0.01,-1,-1,-0.01,-1,-1,-0.01,-1,-1,-0.01,-1,-1
99926009,2026-05-18 13:18:19+05:30,53471.55,0,0.0,0,0.0,0.0,53282.15,53585.15,52783.45,53710.35,0,0.0,0.0,0.0,0.0,-0.01,-1,-1,-0.01,-1,-1,-0.01,-1,-1,-0.01,-1,-1,-0.01,-1,-1,-0.01,-1,-1,-0.01,-1,-1,-0.01,-1,-1,-0.01,-1,-1,-0.01,-1,-1
99926009,2026-05-18 13:18:19+05:30,53470.75,0,0.0,0,0.0,0.0,53282.15,53585.15,52783.45,53710.35,0,0.0,0.0,0.0,0.0,-0.01,-1,-1,-0.01,-1,-1,-0.01,-1,-1,-0.01,-1,-1,-0.01,-1,-1,-0.01,-1,-1,-0.01,-1,-1,-0.01,-1,-1,-0.01,-1,-1,-0.01,-1,-1
99926009,2026-05-18 13:18:20+05:30,53469.2,0,0.0,0,0.0,0.0,53282.15,53585.15,52783.45,53710.35,0,0.0,0.0,0.0,0.0,-0.01,-1,-1,-0.01,-1,-1,-0.01,-1,-1,-0.01,-1,-1,-0.01,-1,-1,-0.01,-1,-1,-0.01,-1,-1,-0.01,-1,-1,-0.01,-1,-1,-0.01,-1,-1
99926009,2026-05-18 13:18:20+05:30,53472.2,0,0.0,0,0.0,0.0,53282.15,53585.15,52783.45,53710.35,0,0.0,0.0,0.0,0.0,-0.01,-1,-1,-0.01,-1,-1,-0.01,-1,-1,-0.01,-1,-1,-0.01,-1,-1,-0.01,-1,-1,-0.01,-1,-1,-0.01,-1,-1,-0.01,-1,-1,-0.01,-1,-1
99926009,2026-05-18 13:18:21+05:30,53471.85,0,0.0,0,0.0,0.0,53282.15,53585.15,52783.45,53710.35,0,0.0,0.0,0.0,0.0,-0.01,-1,-1,-0.01,-1,-1,-0.01,-1,-1,-0.01,-1,-1,-0.01,-1,-1,-0.01,-1,-1,-0.01,-1,-1,-0.01,-1,-1,-0.01,-1,-1,-0.01,-1,-1
99926009,2026-05-18 13:18:21+05:30,53473.15,0,0.0,0,0.0,0.0,53282.15,53585.15,52783.45,53710.35,0,0.0,0.0,0.0,0.0,-0.01,-1,-1,-0.01,-1,-1,-0.01,-1,-1,-0.01,-1,-1,-0.01,-1,-1,-0.01,-1,-1,-0.01,-1,-1,-0.01,-1,-1,-0.01,-1,-1,-0.01,-1,-1
99926009,2026-05-18 13:18:22+05:30,53474.25,0,0.0,0,0.0,0.0,53282.15,53585.15,52783.45,53710.35,0,0.0,0.0,0.0,0.0,-0.01,-1,-1,-0.01,-1,-1,-0.01,-1,-1,-0.01,-1,-1,-0.01,-1,-1,-0.01,-1,-1,-0.01,-1,-1,-0.01,-1,-1,-0.01,-1,-1,-0.01,-1,-1
99926009,2026-05-18 13:18:22+05:30,53473.6,0,0.0,0,0.0,0.0,53282.15,53585.15,52783.45,53710.35,0,0.0,0.0,0.0,0.0,-0.01,-1,-1,-0.01,-1,-1,-0.01,-1,-1,-0.01,-1,-1,-0.01,-1,-1,-0.01,-1,-1,-0.01,-1,-1,-0.01,-1,-1,-0.01,-1,-1,-0.01,-1,-1
99926009,2026-05-18 13:18:23+05:30,53468.55,0,0.0,0,0.0,0.0,53282.15,53585.15,52783.45,53710.35,0,0.0,0.0,0.0,0.0,-0.01,-1,-1,-0.01,-1,-1,-0.01,-1,-1,-0.01,-1,-1,-0.01,-1,-1,-0.01,-1,-1,-0.01,-1,-1,-0.01,-1,-1,-0.01,-1,-1,-0.01,-1,-1
99926009,2026-05-18 13:18:23+05:30,53467.2,0,0.0,0,0.0,0.0,53282.15,53585.15,52783.45,53710.35,0,0.0,0.0,0.0,0.0,-0.01,-1,-1,-0.01,-1,-1,-0.01,-1,-1,-0.01,-1,-1,-0.01,-1,-1,-0.01,-1,-1,-0.01,-1,-1,-0.01,-1,-1,-0.01,-1,-1,-0.01,-1,-1
99926009,2026-05-18 13:18:24+05:30,53466.5,0,0.0,0,0.0,0.0,53282.15,53585.15,52783.45,53710.35,0,0.0,0.0,0.0,0.0,-0.01,-1,-1,-0.01,-1,-1,-0.01,-1,-1,-0.01,-1,-1,-0.01,-1,-1,-0.01,-1,-1,-0.01,-1,-1,-0.01,-1,-1,-0.01,-1,-1,-0.01,-1,-1
99926009,2026-05-18 13:18:24+05:30,53467.15,0,0.0,0,0.0,0.0,53282.15,53585.15,52783.45,53710.35,0,0.0,0.0,0.0,0.0,-0.01,-1,-1,-0.01,-1,-1,-0.01,-1,-1,-0.01,-1,-1,-0.01,-1,-1,-0.01,-1,-1,-0.01,-1,-1,-0.01,-1,-1,-0.01,-1,-1,-0.01,-1,-1
99926009,2026-05-18 13:18:25+05:30,53469.2,0,0.0,0,0.0,0.0,53282.15,53585.15,52783.45,53710.35,0,0.0,0.0,0.0,0.0,-0.01,-1,-1,-0.01,-1,-1,-0.01,-1,-1,-0.01,-1,-1,-0.01,-1,-1,-0.01,-1,-1,-0.01,-1,-1,-0.01,-1,-1,-0.01,-1,-1,-0.01,-1,-1
99926009,2026-05-18 13:18:25+05:30,53469.4,0,0.0,0,0.0,0.0,53282.15,53585.15,52783.45,53710.35,0,0.0,0.0,0.0,0.0,-0.01,-1,-1,-0.01,-1,-1,-0.01,-1,-1,-0.01,-1,-1,-0.01,-1,-1,-0.01,-1,-1,-0.01,-1,-1,-0.01,-1,-1,-0.01,-1,-1,-0.01,-1,-1
99926009,2026-05-18 13:18:26+05:30,53468.35,0,0.0,0,0.0,0.0,53282.15,53585.15,52783.45,53710.35,0,0.0,0.0,0.0,0.0,-0.01,-1,-1,-0.01,-1,-1,-0.01,-1,-1,-0.01,-1,-1,-0.01,-1,-1,-0.01,-1,-1,-0.01,-1,-1,-0.01,-1,-1,-0.01,-1,-1,-0.01,-1,-1
99926009,2026-05-18 13:18:26+05:30,53472.35,0,0.0,0,0.0,0.0,53282.15,53585.15,52783.45,53710.35,0,0.0,0.0,0.0,0.0,-0.01,-1,-1,-0.01,-1,-1,-0.01,-1,-1,-0.01,-1,-1,-0.01,-1,-1,-0.01,-1,-1,-0.01,-1,-1,-0.01,-1,-1,-0.01,-1,-1,-0.01,-1,-1
99926009,2026-05-18 13:18:27+05:30,53472.65,0,0.0,0,0.0,0.0,53282.15,53585.15,52783.45,53710.35,0,0.0,0.0,0.0,0.0,-0.01,-1,-1,-0.01,-1,-1,-0.01,-1,-1,-0.01,-1,-1,-0.01,-1,-1,-0.01,-1,-1,-0.01,-1,-1,-0.01,-1,-1,-0.01,-1,-1,-0.01,-1,-1
99926009,2026-05-18 13:18:27+05:30,53470.35,0,0.0,0,0.0,0.0,53282.15,53585.15,52783.45,53710.35,0,0.0,0.0,0.0,0.0,-0.01,-1,-1,-0.01,-1,-1,-0.01,-1,-1,-0.01,-1,-1,-0.01,-1,-1,-0.01,-1,-1,-0.01,-1,-1,-0.01,-1,-1,-0.01,-1,-1,-0.01,-1,-1
99926009,2026-05-18 13:18:28+05:30,53471.7,0,0.0,0,0.0,0.0,53282.15,53585.15,52783.45,53710.35,0,0.0,0.0,0.0,0.0,-0.01,-1,-1,-0.01,-1,-1,-0.01,-1,-1,-0.01,-1,-1,-0.01,-1,-1,-0.01,-1,-1,-0.01,-1,-1,-0.01,-1,-1,-0.01,-1,-1,-0.01,-1,-1
99926009,2026-05-18 13:18:28+05:30,53472.2,0,0.0,0,0.0,0.0,53282.15,53585.15,52783.45,53710.35,0,0.0,0.0,0.0,0.0,-0.01,-1,-1,-0.01,-1,-1,-0.01,-1,-1,-0.01,-1,-1,-0.01,-1,-1,-0.01,-1,-1,-0.01,-1,-1,-0.01,-1,-1,-0.01,-1,-1,-0.01,-1,-1
99926009,2026-05-18 13:18:29+05:30,53473.6,0,0.0,0,0.0,0.0,53282.15,53585.15,52783.45,53710.35,0,0.0,0.0,0.0,0.0,-0.01,-1,-1,-0.01,-1,-1,-0.01,-1,-1,-0.01,-1,-1,-0.01,-1,-1,-0.01,-1,-1,-0.01,-1,-1,-0.01,-1,-1,-0.01,-1,-1,-0.01,-1,-1
99926009,2026-05-18 13:18:29+05:30,53470.75,0,0.0,0,0.0,0.0,53282.15,53585.15,52783.45,53710.35,0,0.0,0.0,0.0,0.0,-0.01,-1,-1,-0.01,-1,-1,-0.01,-1,-1,-0.01,-1,-1,-0.01,-1,-1,-0.01,-1,-1,-0.01,-1,-1,-0.01,-1,-1,-0.01,-1,-1,-0.01,-1,-1
99926009,2026-05-18 13:18:30+05:30,53469.8,0,0.0,0,0.0,0.0,53282.15,53585.15,52783.45,53710.35,0,0.0,0.0,0.0,0.0,-0.01,-1,-1,-0.01,-1,-1,-0.01,-1,-1,-0.01,-1,-1,-0.01,-1,-1,-0.01,-1,-1,-0.01,-1,-1,-0.01,-1,-1,-0.01,-1,-1,-0.01,-1,-1
99926009,2026-05-18 13:18:30+05:30,53469.05,0,0.0,0,0.0,0.0,53282.15,53585.15,52783.45,53710.35,0,0.0,0.0,0.0,0.0,-0.01,-1,-1,-0.01,-1,-1,-0.01,-1,-1,-0.01,-1,-1,-0.01,-1,-1,-0.01,-1,-1,-0.01,-1,-1,-0.01,-1,-1,-0.01,-1,-1,-0.01,-1,-1
99926009,2026-05-18 13:18:31+05:30,53469.25,0,0.0,0,0.0,0.0,53282.15,53585.15,52783.45,53710.35,0,0.0,0.0,0.0,0.0,-0.01,-1,-1,-0.01,-1,-1,-0.01,-1,-1,-0.01,-1,-1,-0.01,-1,-1,-0.01,-1,-1,-0.01,-1,-1,-0.01,-1,-1,-0.01,-1,-1,-0.01,-1,-1
99926009,2026-05-18 13:18:31+05:30,53470.95,0,0.0,0,0.0,0.0,53282.15,53585.15,52783.45,53710.35,0,0.0,0.0,0.0,0.0,-0.01,-1,-1,-0.01,-1,-1,-0.01,-1,-1,-0.01,-1,-1,-0.01,-1,-1,-0.01,-1,-1,-0.01,-1,-1,-0.01,-1,-1,-0.01,-1,-1,-0.01,-1,-1
99926009,2026-05-18 13:18:32+05:30,53470.75,0,0.0,0,0.0,0.0,53282.15,53585.15,52783.45,53710.35,0,0.0,0.0,0.0,0.0,-0.01,-1,-1,-0.01,-1,-1,-0.01,-1,-1,-0.01,-1,-1,-0.01,-1,-1,-0.01,-1,-1,-0.01,-1,-1,-0.01,-1,-1,-0.01,-1,-1,-0.01,-1,-1
99926009,2026-05-18 13:18:32+05:30,53467.0,0,0.0,0,0.0,0.0,53282.15,53585.15,52783.45,53710.35,0,0.0,0.0,0.0,0.0,-0.01,-1,-1,-0.01,-1,-1,-0.01,-1,-1,-0.01,-1,-1,-0.01,-1,-1,-0.01,-1,-1,-0.01,-1,-1,-0.01,-1,-1,-0.01,-1,-1,-0.01,-1,-1
99926009,2026-05-18 13:18:33+05:30,53470.8,0,0.0,0,0.0,0.0,53282.15,53585.15,52783.45,53710.35,0,0.0,0.0,0.0,0.0,-0.01,-1,-1,-0.01,-1,-1,-0.01,-1,-1,-0.01,-1,-1,-0.01,-1,-1,-0.01,-1,-1,-0.01,-1,-1,-0.01,-1,-1,-0.01,-1,-1,-0.01,-1,-1
99926009,2026-05-18 13:18:33+05:30,53471.95,0,0.0,0,0.0,0.0,53282.15,53585.15,52783.45,53710.35,0,0.0,0.0,0.0,0.0,-0.01,-1,-1,-0.01,-1,-1,-0.01,-1,-1,-0.01,-1,-1,-0.01,-1,-1,-0.01,-1,-1,-0.01,-1,-1,-0.01,-1,-1,-0.01,-1,-1,-0.01,-1,-1
99926009,2026-05-18 13:18:34+05:30,53471.0,0,0.0,0,0.0,0.0,53282.15,53585.15,52783.45,53710.35,0,0.0,0.0,0.0,0.0,-0.01,-1,-1,-0.01,-1,-1,-0.01,-1,-1,-0.01,-1,-1,-0.01,-1,-1,-0.01,-1,-1,-0.01,-1,-1,-0.01,-1,-1,-0.01,-1,-1,-0.01,-1,-1
99926009,2026-05-18 13:18:34+05:30,53471.5,0,0.0,0,0.0,0.0,53282.15,53585.15,52783.45,53710.35,0,0.0,0.0,0.0,0.0,-0.01,-1,-1,-0.01,-1,-1,-0.01,-1,-1,-0.01,-1,-1,-0.01,-1,-1,-0.01,-1,-1,-0.01,-1,-1,-0.01,-1,-1,-0.01,-1,-1,-0.01,-1,-1
99926009,2026-05-18 13:18:35+05:30,53469.9,0,0.0,0,0.0,0.0,53282.15,53585.15,52783.45,53710.35,0,0.0,0.0,0.0,0.0,-0.01,-1,-1,-0.01,-1,-1,-0.01,-1,-1,-0.01,-1,-1,-0.01,-1,-1,-0.01,-1,-1,-0.01,-1,-1,-0.01,-1,-1,-0.01,-1,-1,-0.01,-1,-1
99926009,2026-05-18 13:18:35+05:30,53470.95,0,0.0,0,0.0,0.0,53282.15,53585.15,52783.45,53710.35,0,0.0,0.0,0.0,0.0,-0.01,-1,-1,-0.01,-1,-1,-0.01,-1,-1,-0.01,-1,-1,-0.01,-1,-1,-0.01,-1,-1,-0.01,-1,-1,-0.01,-1,-1,-0.01,-1,-1,-0.01,-1,-1
99926009,2026-05-18 13:18:36+05:30,53472.5,0,0.0,0,0.0,0.0,53282.15,53585.15,52783.45,53710.35,0,0.0,0.0,0.0,0.0,-0.01,-1,-1,-0.01,-1,-1,-0.01,-1,-1,-0.01,-1,-1,-0.01,-1,-1,-0.01,-1,-1,-0.01,-1,-1,-0.01,-1,-1,-0.01,-1,-1,-0.01,-1,-1
99926009,2026-05-18 13:18:36+05:30,53473.65,0,0.0,0,0.0,0.0,53282.15,53585.15,52783.45,53710.35,0,0.0,0.0,0.0,0.0,-0.01,-1,-1,-0.01,-1,-1,-0.01,-1,-1,-0.01,-1,-1,-0.01,-1,-1,-0.01,-1,-1,-0.01,-1,-1,-0.01,-1,-1,-0.01,-1,-1,-0.01,-1,-1
99926009,2026-05-18 13:18:37+05:30,53472.75,0,0.0,0,0.0,0.0,53282.15,53585.15,52783.45,53710.35,0,0.0,0.0,0.0,0.0,-0.01,-1,-1,-0.01,-1,-1,-0.01,-1,-1,-0.01,-1,-1,-0.01,-1,-1,-0.01,-1,-1,-0.01,-1,-1,-0.01,-1,-1,-0.01,-1,-1,-0.01,-1,-1
99926009,2026-05-18 13:18:37+05:30,53474.55,0,0.0,0,0.0,0.0,53282.15,53585.15,52783.45,53710.35,0,0.0,0.0,0.0,0.0,-0.01,-1,-1,-0.01,-1,-1,-0.01,-1,-1,-0.01,-1,-1,-0.01,-1,-1,-0.01,-1,-1,-0.01,-1,-1,-0.01,-1,-1,-0.01,-1,-1,-0.01,-1,-1
99926009,2026-05-18 13:18:38+05:30,53473.45,0,0.0,0,0.0,0.0,53282.15,53585.15,52783.45,53710.35,0,0.0,0.0,0.0,0.0,-0.01,-1,-1,-0.01,-1,-1,-0.01,-1,-1,-0.01,-1,-1,-0.01,-1,-1,-0.01,-1,-1,-0.01,-1,-1,-0.01,-1,-1,-0.01,-1,-1,-0.01,-1,-1
99926009,2026-05-18 13:18:38+05:30,53476.35,0,0.0,0,0.0,0.0,53282.15,53585.15,52783.45,53710.35,0,0.0,0.0,0.0,0.0,-0.01,-1,-1,-0.01,-1,-1,-0.01,-1,-1,-0.01,-1,-1,-0.01,-1,-1,-0.01,-1,-1,-0.01,-1,-1,-0.01,-1,-1,-0.01,-1,-1,-0.01,-1,-1
99926009,2026-05-18 13:18:39+05:30,53477.5,0,0.0,0,0.0,0.0,53282.15,53585.15,52783.45,53710.35,0,0.0,0.0,0.0,0.0,-0.01,-1,-1,-0.01,-1,-1,-0.01,-1,-1,-0.01,-1,-1,-0.01,-1,-1,-0.01,-1,-1,-0.01,-1,-1,-0.01,-1,-1,-0.01,-1,-1,-0.01,-1,-1
99926009,2026-05-18 13:18:39+05:30,53477.45,0,0.0,0,0.0,0.0,53282.15,53585.15,52783.45,53710.35,0,0.0,0.0,0.0,0.0,-0.01,-1,-1,-0.01,-1,-1,-0.01,-1,-1,-0.01,-1,-1,-0.01,-1,-1,-0.01,-1,-1,-0.01,-1,-1,-0.01,-1,-1,-0.01,-1,-1,-0.01,-1,-1
99926009,2026-05-18 13:18:40+05:30,53475.45,0,0.0,0,0.0,0.0,53282.15,53585.15,52783.45,53710.35,0,0.0,0.0,0.0,0.0,-0.01,-1,-1,-0.01,-1,-1,-0.01,-1,-1,-0.01,-1,-1,-0.01,-1,-1,-0.01,-1,-1,-0.01,-1,-1,-0.01,-1,-1,-0.01,-1,-1,-0.01,-1,-1
99926009,2026-05-18 13:18:40+05:30,53483.55,0,0.0,0,0.0,0.0,53282.15,53585.15,52783.45,53710.35,0,0.0,0.0,0.0,0.0,-0.01,-1,-1,-0.01,-1,-1,-0.01,-1,-1,-0.01,-1,-1,-0.01,-1,-1,-0.01,-1,-1,-0.01,-1,-1,-0.01,-1,-1,-0.01,-1,-1,-0.01,-1,-1
99926009,2026-05-18 13:18:41+05:30,53483.8,0,0.0,0,0.0,0.0,53282.15,53585.15,52783.45,53710.35,0,0.0,0.0,0.0,0.0,-0.01,-1,-1,-0.01,-1,-1,-0.01,-1,-1,-0.01,-1,-1,-0.01,-1,-1,-0.01,-1,-1,-0.01,-1,-1,-0.01,-1,-1,-0.01,-1,-1,-0.01,-1,-1
99926009,2026-05-18 13:18:41+05:30,53486.45,0,0.0,0,0.0,0.0,53282.15,53585.15,52783.45,53710.35,0,0.0,0.0,0.0,0.0,-0.01,-1,-1,-0.01,-1,-1,-0.01,-1,-1,-0.01,-1,-1,-0.01,-1,-1,-0.01,-1,-1,-0.01,-1,-1,-0.01,-1,-1,-0.01,-1,-1,-0.01,-1,-1
99926009,2026-05-18 13:18:42+05:30,53487.75,0,0.0,0,0.0,0.0,53282.15,53585.15,52783.45,53710.35,0,0.0,0.0,0.0,0.0,-0.01,-1,-1,-0.01,-1,-1,-0.01,-1,-1,-0.01,-1,-1,-0.01,-1,-1,-0.01,-1,-1,-0.01,-1,-1,-0.01,-1,-1,-0.01,-1,-1,-0.01,-1,-1
99926009,2026-05-18 13:18:42+05:30,53488.4,0,0.0,0,0.0,0.0,53282.15,53585.15,52783.45,53710.35,0,0.0,0.0,0.0,0.0,-0.01,-1,-1,-0.01,-1,-1,-0.01,-1,-1,-0.01,-1,-1,-0.01,-1,-1,-0.01,-1,-1,-0.01,-1,-1,-0.01,-1,-1,-0.01,-1,-1,-0.01,-1,-1
99926009,2026-05-18 13:18:43+05:30,53488.55,0,0.0,0,0.0,0.0,53282.15,53585.15,52783.45,53710.35,0,0.0,0.0,0.0,0.0,-0.01,-1,-1,-0.01,-1,-1,-0.01,-1,-1,-0.01,-1,-1,-0.01,-1,-1,-0.01,-1,-1,-0.01,-1,-1,-0.01,-1,-1,-0.01,-1,-1,-0.01,-1,-1
99926009,2026-05-18 13:18:43+05:30,53487.3,0,0.0,0,0.0,0.0,53282.15,53585.15,52783.45,53710.35,0,0.0,0.0,0.0,0.0,-0.01,-1,-1,-0.01,-1,-1,-0.01,-1,-1,-0.01,-1,-1,-0.01,-1,-1,-0.01,-1,-1,-0.01,-1,-1,-0.01,-1,-1,-0.01,-1,-1,-0.01,-1,-1
99926009,2026-05-18 13:18:44+05:30,53485.65,0,0.0,0,0.0,0.0,53282.15,53585.15,52783.45,53710.35,0,0.0,0.0,0.0,0.0,-0.01,-1,-1,-0.01,-1,-1,-0.01,-1,-1,-0.01,-1,-1,-0.01,-1,-1,-0.01,-1,-1,-0.01,-1,-1,-0.01,-1,-1,-0.01,-1,-1,-0.01,-1,-1
99926009,2026-05-18 13:18:44+05:30,53488.25,0,0.0,0,0.0,0.0,53282.15,53585.15,52783.45,53710.35,0,0.0,0.0,0.0,0.0,-0.01,-1,-1,-0.01,-1,-1,-0.01,-1,-1,-0.01,-1,-1,-0.01,-1,-1,-0.01,-1,-1,-0.01,-1,-1,-0.01,-1,-1,-0.01,-1,-1,-0.01,-1,-1
99926009,2026-05-18 13:18:45+05:30,53488.75,0,0.0,0,0.0,0.0,53282.15,53585.15,52783.45,53710.35,0,0.0,0.0,0.0,0.0,-0.01,-1,-1,-0.01,-1,-1,-0.01,-1,-1,-0.01,-1,-1,-0.01,-1,-1,-0.01,-1,-1,-0.01,-1,-1,-0.01,-1,-1,-0.01,-1,-1,-0.01,-1,-1
99926009,2026-05-18 13:18:45+05:30,53488.1,0,0.0,0,0.0,0.0,53282.15,53585.15,52783.45,53710.35,0,0.0,0.0,0.0,0.0,-0.01,-1,-1,-0.01,-1,-1,-0.01,-1,-1,-0.01,-1,-1,-0.01,-1,-1,-0.01,-1,-1,-0.01,-1,-1,-0.01,-1,-1,-0.01,-1,-1,-0.01,-1,-1
99926009,2026-05-18 13:18:46+05:30,53485.8,0,0.0,0,0.0,0.0,53282.15,53585.15,52783.45,53710.35,0,0.0,0.0,0.0,0.0,-0.01,-1,-1,-0.01,-1,-1,-0.01,-1,-1,-0.01,-1,-1,-0.01,-1,-1,-0.01,-1,-1,-0.01,-1,-1,-0.01,-1,-1,-0.01,-1,-1,-0.01,-1,-1
99926009,2026-05-18 13:18:46+05:30,53489.55,0,0.0,0,0.0,0.0,53282.15,53585.15,52783.45,53710.35,0,0.0,0.0,0.0,0.0,-0.01,-1,-1,-0.01,-1,-1,-0.01,-1,-1,-0.01,-1,-1,-0.01,-1,-1,-0.01,-1,-1,-0.01,-1,-1,-0.01,-1,-1,-0.01,-1,-1,-0.01,-1,-1
99926009,2026-05-18 13:18:47+05:30,53487.15,0,0.0,0,0.0,0.0,53282.15,53585.15,52783.45,53710.35,0,0.0,0.0,0.0,0.0,-0.01,-1,-1,-0.01,-1,-1,-0.01,-1,-1,-0.01,-1,-1,-0.01,-1,-1,-0.01,-1,-1,-0.01,-1,-1,-0.01,-1,-1,-0.01,-1,-1,-0.01,-1,-1
99926009,2026-05-18 13:18:47+05:30,53485.7,0,0.0,0,0.0,0.0,53282.15,53585.15,52783.45,53710.35,0,0.0,0.0,0.0,0.0,-0.01,-1,-1,-0.01,-1,-1,-0.01,-1,-1,-0.01,-1,-1,-0.01,-1,-1,-0.01,-1,-1,-0.01,-1,-1,-0.01,-1,-1,-0.01,-1,-1,-0.01,-1,-1
99926009,2026-05-18 13:18:48+05:30,53486.55,0,0.0,0,0.0,0.0,53282.15,53585.15,52783.45,53710.35,0,0.0,0.0,0.0,0.0,-0.01,-1,-1,-0.01,-1,-1,-0.01,-1,-1,-0.01,-1,-1,-0.01,-1,-1,-0.01,-1,-1,-0.01,-1,-1,-0.01,-1,-1,-0.01,-1,-1,-0.01,-1,-1
99926009,2026-05-18 13:18:48+05:30,53490.15,0,0.0,0,0.0,0.0,53282.15,53585.15,52783.45,53710.35,0,0.0,0.0,0.0,0.0,-0.01,-1,-1,-0.01,-1,-1,-0.01,-1,-1,-0.01,-1,-1,-0.01,-1,-1,-0.01,-1,-1,-0.01,-1,-1,-0.01,-1,-1,-0.01,-1,-1,-0.01,-1,-1
99926009,2026-05-18 13:18:49+05:30,53490.95,0,0.0,0,0.0,0.0,53282.15,53585.15,52783.45,53710.35,0,0.0,0.0,0.0,0.0,-0.01,-1,-1,-0.01,-1,-1,-0.01,-1,-1,-0.01,-1,-1,-0.01,-1,-1,-0.01,-1,-1,-0.01,-1,-1,-0.01,-1,-1,-0.01,-1,-1,-0.01,-1,-1
99926009,2026-05-18 13:18:49+05:30,53490.85,0,0.0,0,0.0,0.0,53282.15,53585.15,52783.45,53710.35,0,0.0,0.0,0.0,0.0,-0.01,-1,-1,-0.01,-1,-1,-0.01,-1,-1,-0.01,-1,-1,-0.01,-1,-1,-0.01,-1,-1,-0.01,-1,-1,-0.01,-1,-1,-0.01,-1,-1,-0.01,-1,-1
99926009,2026-05-18 13:18:50+05:30,53490.8,0,0.0,0,0.0,0.0,53282.15,53585.15,52783.45,53710.35,0,0.0,0.0,0.0,0.0,-0.01,-1,-1,-0.01,-1,-1,-0.01,-1,-1,-0.01,-1,-1,-0.01,-1,-1,-0.01,-1,-1,-0.01,-1,-1,-0.01,-1,-1,-0.01,-1,-1,-0.01,-1,-1
99926009,2026-05-18 13:18:50+05:30,53489.05,0,0.0,0,0.0,0.0,53282.15,53585.15,52783.45,53710.35,0,0.0,0.0,0.0,0.0,-0.01,-1,-1,-0.01,-1,-1,-0.01,-1,-1,-0.01,-1,-1,-0.01,-1,-1,-0.01,-1,-1,-0.01,-1,-1,-0.01,-1,-1,-0.01,-1,-1,-0.01,-1,-1
99926009,2026-05-18 13:18:51+05:30,53490.35,0,0.0,0,0.0,0.0,53282.15,53585.15,52783.45,53710.35,0,0.0,0.0,0.0,0.0,-0.01,-1,-1,-0.01,-1,-1,-0.01,-1,-1,-0.01,-1,-1,-0.01,-1,-1,-0.01,-1,-1,-0.01,-1,-1,-0.01,-1,-1,-0.01,-1,-1,-0.01,-1,-1
99926009,2026-05-18 13:18:51+05:30,53492.4,0,0.0,0,0.0,0.0,53282.15,53585.15,52783.45,53710.35,0,0.0,0.0,0.0,0.0,-0.01,-1,-1,-0.01,-1,-1,-0.01,-1,-1,-0.01,-1,-1,-0.01,-1,-1,-0.01,-1,-1,-0.01,-1,-1,-0.01,-1,-1,-0.01,-1,-1,-0.01,-1,-1
99926009,2026-05-18 13:18:52+05:30,53490.6,0,0.0,0,0.0,0.0,53282.15,53585.15,52783.45,53710.35,0,0.0,0.0,0.0,0.0,-0.01,-1,-1,-0.01,-1,-1,-0.01,-1,-1,-0.01,-1,-1,-0.01,-1,-1,-0.01,-1,-1,-0.01,-1,-1,-0.01,-1,-1,-0.01,-1,-1,-0.01,-1,-1
99926009,2026-05-18 13:18:52+05:30,53491.75,0,0.0,0,0.0,0.0,53282.15,53585.15,52783.45,53710.35,0,0.0,0.0,0.0,0.0,-0.01,-1,-1,-0.01,-1,-1,-0.01,-1,-1,-0.01,-1,-1,-0.01,-1,-1,-0.01,-1,-1,-0.01,-1,-1,-0.01,-1,-1,-0.01,-1,-1,-0.01,-1,-1
99926009,2026-05-18 13:18:53+05:30,53492.85,0,0.0,0,0.0,0.0,53282.15,53585.15,52783.45,53710.35,0,0.0,0.0,0.0,0.0,-0.01,-1,-1,-0.01,-1,-1,-0.01,-1,-1,-0.01,-1,-1,-0.01,-1,-1,-0.01,-1,-1,-0.01,-1,-1,-0.01,-1,-1,-0.01,-1,-1,-0.01,-1,-1
99926009,2026-05-18 13:18:53+05:30,53494.8,0,0.0,0,0.0,0.0,53282.15,53585.15,52783.45,53710.35,0,0.0,0.0,0.0,0.0,-0.01,-1,-1,-0.01,-1,-1,-0.01,-1,-1,-0.01,-1,-1,-0.01,-1,-1,-0.01,-1,-1,-0.01,-1,-1,-0.01,-1,-1,-0.01,-1,-1,-0.01,-1,-1
99926009,2026-05-18 13:18:54+05:30,53492.5,0,0.0,0,0.0,0.0,53282.15,53585.15,52783.45,53710.35,0,0.0,0.0,0.0,0.0,-0.01,-1,-1,-0.01,-1,-1,-0.01,-1,-1,-0.01,-1,-1,-0.01,-1,-1,-0.01,-1,-1,-0.01,-1,-1,-0.01,-1,-1,-0.01,-1,-1,-0.01,-1,-1
99926009,2026-05-18 13:18:54+05:30,53495.25,0,0.0,0,0.0,0.0,53282.15,53585.15,52783.45,53710.35,0,0.0,0.0,0.0,0.0,-0.01,-1,-1,-0.01,-1,-1,-0.01,-1,-1,-0.01,-1,-1,-0.01,-1,-1,-0.01,-1,-1,-0.01,-1,-1,-0.01,-1,-1,-0.01,-1,-1,-0.01,-1,-1
99926009,2026-05-18 13:18:55+05:30,53494.45,0,0.0,0,0.0,0.0,53282.15,53585.15,52783.45,53710.35,0,0.0,0.0,0.0,0.0,-0.01,-1,-1,-0.01,-1,-1,-0.01,-1,-1,-0.01,-1,-1,-0.01,-1,-1,-0.01,-1,-1,-0.01,-1,-1,-0.01,-1,-1,-0.01,-1,-1,-0.01,-1,-1
99926009,2026-05-18 13:18:55+05:30,53494.55,0,0.0,0,0.0,0.0,53282.15,53585.15,52783.45,53710.35,0,0.0,0.0,0.0,0.0,-0.01,-1,-1,-0.01,-1,-1,-0.01,-1,-1,-0.01,-1,-1,-0.01,-1,-1,-0.01,-1,-1,-0.01,-1,-1,-0.01,-1,-1,-0.01,-1,-1,-0.01,-1,-1
99926009,2026-05-18 13:18:56+05:30,53488.65,0,0.0,0,0.0,0.0,53282.15,53585.15,52783.45,53710.35,0,0.0,0.0,0.0,0.0,-0.01,-1,-1,-0.01,-1,-1,-0.01,-1,-1,-0.01,-1,-1,-0.01,-1,-1,-0.01,-1,-1,-0.01,-1,-1,-0.01,-1,-1,-0.01,-1,-1,-0.01,-1,-1
99926009,2026-05-18 13:18:56+05:30,53494.55,0,0.0,0,0.0,0.0,53282.15,53585.15,52783.45,53710.35,0,0.0,0.0,0.0,0.0,-0.01,-1,-1,-0.01,-1,-1,-0.01,-1,-1,-0.01,-1,-1,-0.01,-1,-1,-0.01,-1,-1,-0.01,-1,-1,-0.01,-1,-1,-0.01,-1,-1,-0.01,-1,-1
99926009,2026-05-18 13:18:57+05:30,53493.4,0,0.0,0,0.0,0.0,53282.15,53585.15,52783.45,53710.35,0,0.0,0.0,0.0,0.0,-0.01,-1,-1,-0.01,-1,-1,-0.01,-1,-1,-0.01,-1,-1,-0.01,-1,-1,-0.01,-1,-1,-0.01,-1,-1,-0.01,-1,-1,-0.01,-1,-1,-0.01,-1,-1
99926009,2026-05-18 13:18:57+05:30,53492.2,0,0.0,0,0.0,0.0,53282.15,53585.15,52783.45,53710.35,0,0.0,0.0,0.0,0.0,-0.01,-1,-1,-0.01,-1,-1,-0.01,-1,-1,-0.01,-1,-1,-0.01,-1,-1,-0.01,-1,-1,-0.01,-1,-1,-0.01,-1,-1,-0.01,-1,-1,-0.01,-1,-1
99926009,2026-05-18 13:18:58+05:30,53490.75,0,0.0,0,0.0,0.0,53282.15,53585.15,52783.45,53710.35,0,0.0,0.0,0.0,0.0,-0.01,-1,-1,-0.01,-1,-1,-0.01,-1,-1,-0.01,-1,-1,-0.01,-1,-1,-0.01,-1,-1,-0.01,-1,-1,-0.01,-1,-1,-0.01,-1,-1,-0.01,-1,-1
99926009,2026-05-18 13:18:58+05:30,53490.1,0,0.0,0,0.0,0.0,53282.15,53585.15,52783.45,53710.35,0,0.0,0.0,0.0,0.0,-0.01,-1,-1,-0.01,-1,-1,-0.01,-1,-1,-0.01,-1,-1,-0.01,-1,-1,-0.01,-1,-1,-0.01,-1,-1,-0.01,-1,-1,-0.01,-1,-1,-0.01,-1,-1
99926009,2026-05-18 13:18:59+05:30,53487.45,0,0.0,0,0.0,0.0,53282.15,53585.15,52783.45,53710.35,0,0.0,0.0,0.0,0.0,-0.01,-1,-1,-0.01,-1,-1,-0.01,-1,-1,-0.01,-1,-1,-0.01,-1,-1,-0.01,-1,-1,-0.01,-1,-1,-0.01,-1,-1,-0.01,-1,-1,-0.01,-1,-1
99926009,2026-05-18 13:18:59+05:30,53486.9,0,0.0,0,0.0,0.0,53282.15,53585.15,52783.45,53710.35,0,0.0,0.0,0.0,0.0,-0.01,-1,-1,-0.01,-1,-1,-0.01,-1,-1,-0.01,-1,-1,-0.01,-1,-1,-0.01,-1,-1,-0.01,-1,-1,-0.01,-1,-1,-0.01,-1,-1,-0.01,-1,-1
99926009,2026-05-18 13:19:00+05:30,53486.9,0,0.0,0,0.0,0.0,53282.15,53585.15,52783.45,53710.35,0,0.0,0.0,0.0,0.0,-0.01,-1,-1,-0.01,-1,-1,-0.01,-1,-1,-0.01,-1,-1,-0.01,-1,-1,-0.01,-1,-1,-0.01,-1,-1,-0.01,-1,-1,-0.01,-1,-1,-0.01,-1,-1
99926009,2026-05-18 13:19:00+05:30,53487.85,0,0.0,0,0.0,0.0,53282.15,53585.15,52783.45,53710.35,0,0.0,0.0,0.0,0.0,-0.01,-1,-1,-0.01,-1,-1,-0.01,-1,-1,-0.01,-1,-1,-0.01,-1,-1,-0.01,-1,-1,-0.01,-1,-1,-0.01,-1,-1,-0.01,-1,-1,-0.01,-1,-1
99926009,2026-05-18 13:19:01+05:30,53490.2,0,0.0,0,0.0,0.0,53282.15,53585.15,52783.45,53710.35,0,0.0,0.0,0.0,0.0,-0.01,-1,-1,-0.01,-1,-1,-0.01,-1,-1,-0.01,-1,-1,-0.01,-1,-1,-0.01,-1,-1,-0.01,-1,-1,-0.01,-1,-1,-0.01,-1,-1,-0.01,-1,-1
99926009,2026-05-18 13:19:01+05:30,53492.2,0,0.0,0,0.0,0.0,53282.15,53585.15,52783.45,53710.35,0,0.0,0.0,0.0,0.0,-0.01,-1,-1,-0.01,-1,-1,-0.01,-1,-1,-0.01,-1,-1,-0.01,-1,-1,-0.01,-1,-1,-0.01,-1,-1,-0.01,-1,-1,-0.01,-1,-1,-0.01,-1,-1
99926009,2026-05-18 13:19:02+05:30,53491.15,0,0.0,0,0.0,0.0,53282.15,53585.15,52783.45,53710.35,0,0.0,0.0,0.0,0.0,-0.01,-1,-1,-0.01,-1,-1,-0.01,-1,-1,-0.01,-1,-1,-0.01,-1,-1,-0.01,-1,-1,-0.01,-1,-1,-0.01,-1,-1,-0.01,-1,-1,-0.01,-1,-1
99926009,2026-05-18 13:19:02+05:30,53492.6,0,0.0,0,0.0,0.0,53282.15,53585.15,52783.45,53710.35,0,0.0,0.0,0.0,0.0,-0.01,-1,-1,-0.01,-1,-1,-0.01,-1,-1,-0.01,-1,-1,-0.01,-1,-1,-0.01,-1,-1,-0.01,-1,-1,-0.01,-1,-1,-0.01,-1,-1,-0.01,-1,-1
99926009,2026-05-18 13:19:03+05:30,53491.6,0,0.0,0,0.0,0.0,53282.15,53585.15,52783.45,53710.35,0,0.0,0.0,0.0,0.0,-0.01,-1,-1,-0.01,-1,-1,-0.01,-1,-1,-0.01,-1,-1,-0.01,-1,-1,-0.01,-1,-1,-0.01,-1,-1,-0.01,-1,-1,-0.01,-1,-1,-0.01,-1,-1
99926009,2026-05-18 13:19:03+05:30,53490.95,0,0.0,0,0.0,0.0,53282.15,53585.15,52783.45,53710.35,0,0.0,0.0,0.0,0.0,-0.01,-1,-1,-0.01,-1,-1,-0.01,-1,-1,-0.01,-1,-1,-0.01,-1,-1,-0.01,-1,-1,-0.01,-1,-1,-0.01,-1,-1,-0.01,-1,-1,-0.01,-1,-1
99926009,2026-05-18 13:19:04+05:30,53489.6,0,0.0,0,0.0,0.0,53282.15,53585.15,52783.45,53710.35,0,0.0,0.0,0.0,0.0,-0.01,-1,-1,-0.01,-1,-1,-0.01,-1,-1,-0.01,-1,-1,-0.01,-1,-1,-0.01,-1,-1,-0.01,-1,-1,-0.01,-1,-1,-0.01,-1,-1,-0.01,-1,-1
99926009,2026-05-18 13:19:04+05:30,53489.5,0,0.0,0,0.0,0.0,53282.15,53585.15,52783.45,53710.35,0,0.0,0.0,0.0,0.0,-0.01,-1,-1,-0.01,-1,-1,-0.01,-1,-1,-0.01,-1,-1,-0.01,-1,-1,-0.01,-1,-1,-0.01,-1,-1,-0.01,-1,-1,-0.01,-1,-1,-0.01,-1,-1
99926009,2026-05-18 13:19:05+05:30,53490.7,0,0.0,0,0.0,0.0,53282.15,53585.15,52783.45,53710.35,0,0.0,0.0,0.0,0.0,-0.01,-1,-1,-0.01,-1,-1,-0.01,-1,-1,-0.01,-1,-1,-0.01,-1,-1,-0.01,-1,-1,-0.01,-1,-1,-0.01,-1,-1,-0.01,-1,-1,-0.01,-1,-1
99926009,2026-05-18 13:19:05+05:30,53489.0,0,0.0,0,0.0,0.0,53282.15,53585.15,52783.45,53710.35,0,0.0,0.0,0.0,0.0,-0.01,-1,-1,-0.01,-1,-1,-0.01,-1,-1,-0.01,-1,-1,-0.01,-1,-1,-0.01,-1,-1,-0.01,-1,-1,-0.01,-1,-1,-0.01,-1,-1,-0.01,-1,-1
99926009,2026-05-18 13:19:06+05:30,53490.75,0,0.0,0,0.0,0.0,53282.15,53585.15,52783.45,53710.35,0,0.0,0.0,0.0,0.0,-0.01,-1,-1,-0.01,-1,-1,-0.01,-1,-1,-0.01,-1,-1,-0.01,-1,-1,-0.01,-1,-1,-0.01,-1,-1,-0.01,-1,-1,-0.01,-1,-1,-0.01,-1,-1
99926009,2026-05-18 13:19:06+05:30,53490.35,0,0.0,0,0.0,0.0,53282.15,53585.15,52783.45,53710.35,0,0.0,0.0,0.0,0.0,-0.01,-1,-1,-0.01,-1,-1,-0.01,-1,-1,-0.01,-1,-1,-0.01,-1,-1,-0.01,-1,-1,-0.01,-1,-1,-0.01,-1,-1,-0.01,-1,-1,-0.01,-1,-1
99926009,2026-05-18 13:19:07+05:30,53492.55,0,0.0,0,0.0,0.0,53282.15,53585.15,52783.45,53710.35,0,0.0,0.0,0.0,0.0,-0.01,-1,-1,-0.01,-1,-1,-0.01,-1,-1,-0.01,-1,-1,-0.01,-1,-1,-0.01,-1,-1,-0.01,-1,-1,-0.01,-1,-1,-0.01,-1,-1,-0.01,-1,-1
99926009,2026-05-18 13:19:07+05:30,53492.7,0,0.0,0,0.0,0.0,53282.15,53585.15,52783.45,53710.35,0,0.0,0.0,0.0,0.0,-0.01,-1,-1,-0.01,-1,-1,-0.01,-1,-1,-0.01,-1,-1,-0.01,-1,-1,-0.01,-1,-1,-0.01,-1,-1,-0.01,-1,-1,-0.01,-1,-1,-0.01,-1,-1
99926009,2026-05-18 13:19:08+05:30,53491.0,0,0.0,0,0.0,0.0,53282.15,53585.15,52783.45,53710.35,0,0.0,0.0,0.0,0.0,-0.01,-1,-1,-0.01,-1,-1,-0.01,-1,-1,-0.01,-1,-1,-0.01,-1,-1,-0.01,-1,-1,-0.01,-1,-1,-0.01,-1,-1,-0.01,-1,-1,-0.01,-1,-1
99926009,2026-05-18 13:19:08+05:30,53494.55,0,0.0,0,0.0,0.0,53282.15,53585.15,52783.45,53710.35,0,0.0,0.0,0.0,0.0,-0.01,-1,-1,-0.01,-1,-1,-0.01,-1,-1,-0.01,-1,-1,-0.01,-1,-1,-0.01,-1,-1,-0.01,-1,-1,-0.01,-1,-1,-0.01,-1,-1,-0.01,-1,-1
99926009,2026-05-18 13:19:09+05:30,53489.9,0,0.0,0,0.0,0.0,53282.15,53585.15,52783.45,53710.35,0,0.0,0.0,0.0,0.0,-0.01,-1,-1,-0.01,-1,-1,-0.01,-1,-1,-0.01,-1,-1,-0.01,-1,-1,-0.01,-1,-1,-0.01,-1,-1,-0.01,-1,-1,-0.01,-1,-1,-0.01,-1,-1
99926009,2026-05-18 13:19:09+05:30,53489.15,0,0.0,0,0.0,0.0,53282.15,53585.15,52783.45,53710.35,0,0.0,0.0,0.0,0.0,-0.01,-1,-1,-0.01,-1,-1,-0.01,-1,-1,-0.01,-1,-1,-0.01,-1,-1,-0.01,-1,-1,-0.01,-1,-1,-0.01,-1,-1,-0.01,-1,-1,-0.01,-1,-1
99926009,2026-05-18 13:19:10+05:30,53491.3,0,0.0,0,0.0,0.0,53282.15,53585.15,52783.45,53710.35,0,0.0,0.0,0.0,0.0,-0.01,-1,-1,-0.01,-1,-1,-0.01,-1,-1,-0.01,-1,-1,-0.01,-1,-1,-0.01,-1,-1,-0.01,-1,-1,-0.01,-1,-1,-0.01,-1,-1,-0.01,-1,-1
99926009,2026-05-18 13:19:10+05:30,53492.15,0,0.0,0,0.0,0.0,53282.15,53585.15,52783.45,53710.35,0,0.0,0.0,0.0,0.0,-0.01,-1,-1,-0.01,-1,-1,-0.01,-1,-1,-0.01,-1,-1,-0.01,-1,-1,-0.01,-1,-1,-0.01,-1,-1,-0.01,-1,-1,-0.01,-1,-1,-0.01,-1,-1
99926009,2026-05-18 13:19:11+05:30,53490.45,0,0.0,0,0.0,0.0,53282.15,53585.15,52783.45,53710.35,0,0.0,0.0,0.0,0.0,-0.01,-1,-1,-0.01,-1,-1,-0.01,-1,-1,-0.01,-1,-1,-0.01,-1,-1,-0.01,-1,-1,-0.01,-1,-1,-0.01,-1,-1,-0.01,-1,-1,-0.01,-1,-1
99926009,2026-05-18 13:19:11+05:30,53492.7,0,0.0,0,0.0,0.0,53282.15,53585.15,52783.45,53710.35,0,0.0,0.0,0.0,0.0,-0.01,-1,-1,-0.01,-1,-1,-0.01,-1,-1,-0.01,-1,-1,-0.01,-1,-1,-0.01,-1,-1,-0.01,-1,-1,-0.01,-1,-1,-0.01,-1,-1,-0.01,-1,-1
99926009,2026-05-18 13:19:12+05:30,53490.8,0,0.0,0,0.0,0.0,53282.15,53585.15,52783.45,53710.35,0,0.0,0.0,0.0,0.0,-0.01,-1,-1,-0.01,-1,-1,-0.01,-1,-1,-0.01,-1,-1,-0.01,-1,-1,-0.01,-1,-1,-0.01,-1,-1,-0.01,-1,-1,-0.01,-1,-1,-0.01,-1,-1
99926009,2026-05-18 13:19:12+05:30,53492.3,0,0.0,0,0.0,0.0,53282.15,53585.15,52783.45,53710.35,0,0.0,0.0,0.0,0.0,-0.01,-1,-1,-0.01,-1,-1,-0.01,-1,-1,-0.01,-1,-1,-0.01,-1,-1,-0.01,-1,-1,-0.01,-1,-1,-0.01,-1,-1,-0.01,-1,-1,-0.01,-1,-1
99926009,2026-05-18 13:19:13+05:30,53492.1,0,0.0,0,0.0,0.0,53282.15,53585.15,52783.45,53710.35,0,0.0,0.0,0.0,0.0,-0.01,-1,-1,-0.01,-1,-1,-0.01,-1,-1,-0.01,-1,-1,-0.01,-1,-1,-0.01,-1,-1,-0.01,-1,-1,-0.01,-1,-1,-0.01,-1,-1,-0.01,-1,-1
99926009,2026-05-18 13:19:13+05:30,53491.25,0,0.0,0,0.0,0.0,53282.15,53585.15,52783.45,53710.35,0,0.0,0.0,0.0,0.0,-0.01,-1,-1,-0.01,-1,-1,-0.01,-1,-1,-0.01,-1,-1,-0.01,-1,-1,-0.01,-1,-1,-0.01,-1,-1,-0.01,-1,-1,-0.01,-1,-1,-0.01,-1,-1
99926009,2026-05-18 13:19:14+05:30,53491.4,0,0.0,0,0.0,0.0,53282.15,53585.15,52783.45,53710.35,0,0.0,0.0,0.0,0.0,-0.01,-1,-1,-0.01,-1,-1,-0.01,-1,-1,-0.01,-1,-1,-0.01,-1,-1,-0.01,-1,-1,-0.01,-1,-1,-0.01,-1,-1,-0.01,-1,-1,-0.01,-1,-1
99926009,2026-05-18 13:19:14+05:30,53492.2,0,0.0,0,0.0,0.0,53282.15,53585.15,52783.45,53710.35,0,0.0,0.0,0.0,0.0,-0.01,-1,-1,-0.01,-1,-1,-0.01,-1,-1,-0.01,-1,-1,-0.01,-1,-1,-0.01,-1,-1,-0.01,-1,-1,-0.01,-1,-1,-0.01,-1,-1,-0.01,-1,-1
99926009,2026-05-18 13:19:15+05:30,53490.55,0,0.0,0,0.0,0.0,53282.15,53585.15,52783.45,53710.35,0,0.0,0.0,0.0,0.0,-0.01,-1,-1,-0.01,-1,-1,-0.01,-1,-1,-0.01,-1,-1,-0.01,-1,-1,-0.01,-1,-1,-0.01,-1,-1,-0.01,-1,-1,-0.01,-1,-1,-0.01,-1,-1
99926009,2026-05-18 13:19:15+05:30,53492.85,0,0.0,0,0.0,0.0,53282.15,53585.15,52783.45,53710.35,0,0.0,0.0,0.0,0.0,-0.01,-1,-1,-0.01,-1,-1,-0.01,-1,-1,-0.01,-1,-1,-0.01,-1,-1,-0.01,-1,-1,-0.01,-1,-1,-0.01,-1,-1,-0.01,-1,-1,-0.01,-1,-1
99926009,2026-05-18 13:19:16+05:30,53492.75,0,0.0,0,0.0,0.0,53282.15,53585.15,52783.45,53710.35,0,0.0,0.0,0.0,0.0,-0.01,-1,-1,-0.01,-1,-1,-0.01,-1,-1,-0.01,-1,-1,-0.01,-1,-1,-0.01,-1,-1,-0.01,-1,-1,-0.01,-1,-1,-0.01,-1,-1,-0.01,-1,-1
99926009,2026-05-18 13:19:16+05:30,53492.8,0,0.0,0,0.0,0.0,53282.15,53585.15,52783.45,53710.35,0,0.0,0.0,0.0,0.0,-0.01,-1,-1,-0.01,-1,-1,-0.01,-1,-1,-0.01,-1,-1,-0.01,-1,-1,-0.01,-1,-1,-0.01,-1,-1,-0.01,-1,-1,-0.01,-1,-1,-0.01,-1,-1
99926009,2026-05-18 13:19:17+05:30,53490.65,0,0.0,0,0.0,0.0,53282.15,53585.15,52783.45,53710.35,0,0.0,0.0,0.0,0.0,-0.01,-1,-1,-0.01,-1,-1,-0.01,-1,-1,-0.01,-1,-1,-0.01,-1,-1,-0.01,-1,-1,-0.01,-1,-1,-0.01,-1,-1,-0.01,-1,-1,-0.01,-1,-1
99926009,2026-05-18 13:19:17+05:30,53493.0,0,0.0,0,0.0,0.0,53282.15,53585.15,52783.45,53710.35,0,0.0,0.0,0.0,0.0,-0.01,-1,-1,-0.01,-1,-1,-0.01,-1,-1,-0.01,-1,-1,-0.01,-1,-1,-0.01,-1,-1,-0.01,-1,-1,-0.01,-1,-1,-0.01,-1,-1,-0.01,-1,-1
99926009,2026-05-18 13:19:18+05:30,53493.55,0,0.0,0,0.0,0.0,53282.15,53585.15,52783.45,53710.35,0,0.0,0.0,0.0,0.0,-0.01,-1,-1,-0.01,-1,-1,-0.01,-1,-1,-0.01,-1,-1,-0.01,-1,-1,-0.01,-1,-1,-0.01,-1,-1,-0.01,-1,-1,-0.01,-1,-1,-0.01,-1,-1
99926009,2026-05-18 13:19:18+05:30,53493.95,0,0.0,0,0.0,0.0,53282.15,53585.15,52783.45,53710.35,0,0.0,0.0,0.0,0.0,-0.01,-1,-1,-0.01,-1,-1,-0.01,-1,-1,-0.01,-1,-1,-0.01,-1,-1,-0.01,-1,-1,-0.01,-1,-1,-0.01,-1,-1,-0.01,-1,-1,-0.01,-1,-1
99926009,2026-05-18 13:19:19+05:30,53491.55,0,0.0,0,0.0,0.0,53282.15,53585.15,52783.45,53710.35,0,0.0,0.0,0.0,0.0,-0.01,-1,-1,-0.01,-1,-1,-0.01,-1,-1,-0.01,-1,-1,-0.01,-1,-1,-0.01,-1,-1,-0.01,-1,-1,-0.01,-1,-1,-0.01,-1,-1,-0.01,-1,-1
99926009,2026-05-18 13:19:19+05:30,53492.7,0,0.0,0,0.0,0.0,53282.15,53585.15,52783.45,53710.35,0,0.0,0.0,0.0,0.0,-0.01,-1,-1,-0.01,-1,-1,-0.01,-1,-1,-0.01,-1,-1,-0.01,-1,-1,-0.01,-1,-1,-0.01,-1,-1,-0.01,-1,-1,-0.01,-1,-1,-0.01,-1,-1
99926009,2026-05-18 13:19:20+05:30,53492.55,0,0.0,0,0.0,0.0,53282.15,53585.15,52783.45,53710.35,0,0.0,0.0,0.0,0.0,-0.01,-1,-1,-0.01,-1,-1,-0.01,-1,-1,-0.01,-1,-1,-0.01,-1,-1,-0.01,-1,-1,-0.01,-1,-1,-0.01,-1,-1,-0.01,-1,-1,-0.01,-1,-1
99926009,2026-05-18 13:19:20+05:30,53494.5,0,0.0,0,0.0,0.0,53282.15,53585.15,52783.45,53710.35,0,0.0,0.0,0.0,0.0,-0.01,-1,-1,-0.01,-1,-1,-0.01,-1,-1,-0.01,-1,-1,-0.01,-1,-1,-0.01,-1,-1,-0.01,-1,-1,-0.01,-1,-1,-0.01,-1,-1,-0.01,-1,-1
99926009,2026-05-18 13:19:21+05:30,53492.8,0,0.0,0,0.0,0.0,53282.15,53585.15,52783.45,53710.35,0,0.0,0.0,0.0,0.0,-0.01,-1,-1,-0.01,-1,-1,-0.01,-1,-1,-0.01,-1,-1,-0.01,-1,-1,-0.01,-1,-1,-0.01,-1,-1,-0.01,-1,-1,-0.01,-1,-1,-0.01,-1,-1
99926009,2026-05-18 13:19:21+05:30,53496.45,0,0.0,0,0.0,0.0,53282.15,53585.15,52783.45,53710.35,0,0.0,0.0,0.0,0.0,-0.01,-1,-1,-0.01,-1,-1,-0.01,-1,-1,-0.01,-1,-1,-0.01,-1,-1,-0.01,-1,-1,-0.01,-1,-1,-0.01,-1,-1,-0.01,-1,-1,-0.01,-1,-1
99926009,2026-05-18 13:19:22+05:30,53498.65,0,0.0,0,0.0,0.0,53282.15,53585.15,52783.45,53710.35,0,0.0,0.0,0.0,0.0,-0.01,-1,-1,-0.01,-1,-1,-0.01,-1,-1,-0.01,-1,-1,-0.01,-1,-1,-0.01,-1,-1,-0.01,-1,-1,-0.01,-1,-1,-0.01,-1,-1,-0.01,-1,-1
99926009,2026-05-18 13:19:22+05:30,53498.5,0,0.0,0,0.0,0.0,53282.15,53585.15,52783.45,53710.35,0,0.0,0.0,0.0,0.0,-0.01,-1,-1,-0.01,-1,-1,-0.01,-1,-1,-0.01,-1,-1,-0.01,-1,-1,-0.01,-1,-1,-0.01,-1,-1,-0.01,-1,-1,-0.01,-1,-1,-0.01,-1,-1
99926009,2026-05-18 13:19:23+05:30,53497.05,0,0.0,0,0.0,0.0,53282.15,53585.15,52783.45,53710.35,0,0.0,0.0,0.0,0.0,-0.01,-1,-1,-0.01,-1,-1,-0.01,-1,-1,-0.01,-1,-1,-0.01,-1,-1,-0.01,-1,-1,-0.01,-1,-1,-0.01,-1,-1,-0.01,-1,-1,-0.01,-1,-1
99926009,2026-05-18 13:19:23+05:30,53497.1,0,0.0,0,0.0,0.0,53282.15,53585.15,52783.45,53710.35,0,0.0,0.0,0.0,0.0,-0.01,-1,-1,-0.01,-1,-1,-0.01,-1,-1,-0.01,-1,-1,-0.01,-1,-1,-0.01,-1,-1,-0.01,-1,-1,-0.01,-1,-1,-0.01,-1,-1,-0.01,-1,-1
99926009,2026-05-18 13:19:24+05:30,53497.25,0,0.0,0,0.0,0.0,53282.15,53585.15,52783.45,53710.35,0,0.0,0.0,0.0,0.0,-0.01,-1,-1,-0.01,-1,-1,-0.01,-1,-1,-0.01,-1,-1,-0.01,-1,-1,-0.01,-1,-1,-0.01,-1,-1,-0.01,-1,-1,-0.01,-1,-1,-0.01,-1,-1
99926009,2026-05-18 13:19:24+05:30,53500.25,0,0.0,0,0.0,0.0,53282.15,53585.15,52783.45,53710.35,0,0.0,0.0,0.0,0.0,-0.01,-1,-1,-0.01,-1,-1,-0.01,-1,-1,-0.01,-1,-1,-0.01,-1,-1,-0.01,-1,-1,-0.01,-1,-1,-0.01,-1,-1,-0.01,-1,-1,-0.01,-1,-1
99926009,2026-05-18 13:19:25+05:30,53495.35,0,0.0,0,0.0,0.0,53282.15,53585.15,52783.45,53710.35,0,0.0,0.0,0.0,0.0,-0.01,-1,-1,-0.01,-1,-1,-0.01,-1,-1,-0.01,-1,-1,-0.01,-1,-1,-0.01,-1,-1,-0.01,-1,-1,-0.01,-1,-1,-0.01,-1,-1,-0.01,-1,-1
99926009,2026-05-18 13:19:25+05:30,53499.75,0,0.0,0,0.0,0.0,53282.15,53585.15,52783.45,53710.35,0,0.0,0.0,0.0,0.0,-0.01,-1,-1,-0.01,-1,-1,-0.01,-1,-1,-0.01,-1,-1,-0.01,-1,-1,-0.01,-1,-1,-0.01,-1,-1,-0.01,-1,-1,-0.01,-1,-1,-0.01,-1,-1
99926009,2026-05-18 13:19:26+05:30,53497.9,0,0.0,0,0.0,0.0,53282.15,53585.15,52783.45,53710.35,0,0.0,0.0,0.0,0.0,-0.01,-1,-1,-0.01,-1,-1,-0.01,-1,-1,-0.01,-1,-1,-0.01,-1,-1,-0.01,-1,-1,-0.01,-1,-1,-0.01,-1,-1,-0.01,-1,-1,-0.01,-1,-1
99926009,2026-05-18 13:19:26+05:30,53496.9,0,0.0,0,0.0,0.0,53282.15,53585.15,52783.45,53710.35,0,0.0,0.0,0.0,0.0,-0.01,-1,-1,-0.01,-1,-1,-0.01,-1,-1,-0.01,-1,-1,-0.01,-1,-1,-0.01,-1,-1,-0.01,-1,-1,-0.01,-1,-1,-0.01,-1,-1,-0.01,-1,-1
99926009,2026-05-18 13:19:27+05:30,53499.1,0,0.0,0,0.0,0.0,53282.15,53585.15,52783.45,53710.35,0,0.0,0.0,0.0,0.0,-0.01,-1,-1,-0.01,-1,-1,-0.01,-1,-1,-0.01,-1,-1,-0.01,-1,-1,-0.01,-1,-1,-0.01,-1,-1,-0.01,-1,-1,-0.01,-1,-1,-0.01,-1,-1
99926009,2026-05-18 13:19:27+05:30,53499.75,0,0.0,0,0.0,0.0,53282.15,53585.15,52783.45,53710.35,0,0.0,0.0,0.0,0.0,-0.01,-1,-1,-0.01,-1,-1,-0.01,-1,-1,-0.01,-1,-1,-0.01,-1,-1,-0.01,-1,-1,-0.01,-1,-1,-0.01,-1,-1,-0.01,-1,-1,-0.01,-1,-1
99926009,2026-05-18 13:19:28+05:30,53494.35,0,0.0,0,0.0,0.0,53282.15,53585.15,52783.45,53710.35,0,0.0,0.0,0.0,0.0,-0.01,-1,-1,-0.01,-1,-1,-0.01,-1,-1,-0.01,-1,-1,-0.01,-1,-1,-0.01,-1,-1,-0.01,-1,-1,-0.01,-1,-1,-0.01,-1,-1,-0.01,-1,-1
99926009,2026-05-18 13:19:28+05:30,53499.15,0,0.0,0,0.0,0.0,53282.15,53585.15,52783.45,53710.35,0,0.0,0.0,0.0,0.0,-0.01,-1,-1,-0.01,-1,-1,-0.01,-1,-1,-0.01,-1,-1,-0.01,-1,-1,-0.01,-1,-1,-0.01,-1,-1,-0.01,-1,-1,-0.01,-1,-1,-0.01,-1,-1
99926009,2026-05-18 13:19:29+05:30,53499.7,0,0.0,0,0.0,0.0,53282.15,53585.15,52783.45,53710.35,0,0.0,0.0,0.0,0.0,-0.01,-1,-1,-0.01,-1,-1,-0.01,-1,-1,-0.01,-1,-1,-0.01,-1,-1,-0.01,-1,-1,-0.01,-1,-1,-0.01,-1,-1,-0.01,-1,-1,-0.01,-1,-1
99926009,2026-05-18 13:19:29+05:30,53498.05,0,0.0,0,0.0,0.0,53282.15,53585.15,52783.45,53710.35,0,0.0,0.0,0.0,0.0,-0.01,-1,-1,-0.01,-1,-1,-0.01,-1,-1,-0.01,-1,-1,-0.01,-1,-1,-0.01,-1,-1,-0.01,-1,-1,-0.01,-1,-1,-0.01,-1,-1,-0.01,-1,-1
99926009,2026-05-18 13:19:30+05:30,53497.4,0,0.0,0,0.0,0.0,53282.15,53585.15,52783.45,53710.35,0,0.0,0.0,0.0,0.0,-0.01,-1,-1,-0.01,-1,-1,-0.01,-1,-1,-0.01,-1,-1,-0.01,-1,-1,-0.01,-1,-1,-0.01,-1,-1,-0.01,-1,-1,-0.01,-1,-1,-0.01,-1,-1
99926009,2026-05-18 13:19:30+05:30,53497.9,0,0.0,0,0.0,0.0,53282.15,53585.15,52783.45,53710.35,0,0.0,0.0,0.0,0.0,-0.01,-1,-1,-0.01,-1,-1,-0.01,-1,-1,-0.01,-1,-1,-0.01,-1,-1,-0.01,-1,-1,-0.01,-1,-1,-0.01,-1,-1,-0.01,-1,-1,-0.01,-1,-1
99926009,2026-05-18 13:19:31+05:30,53494.55,0,0.0,0,0.0,0.0,53282.15,53585.15,52783.45,53710.35,0,0.0,0.0,0.0,0.0,-0.01,-1,-1,-0.01,-1,-1,-0.01,-1,-1,-0.01,-1,-1,-0.01,-1,-1,-0.01,-1,-1,-0.01,-1,-1,-0.01,-1,-1,-0.01,-1,-1,-0.01,-1,-1
99926009,2026-05-18 13:19:31+05:30,53494.1,0,0.0,0,0.0,0.0,53282.15,53585.15,52783.45,53710.35,0,0.0,0.0,0.0,0.0,-0.01,-1,-1,-0.01,-1,-1,-0.01,-1,-1,-0.01,-1,-1,-0.01,-1,-1,-0.01,-1,-1,-0.01,-1,-1,-0.01,-1,-1,-0.01,-1,-1,-0.01,-1,-1
99926009,2026-05-18 13:19:32+05:30,53491.65,0,0.0,0,0.0,0.0,53282.15,53585.15,52783.45,53710.35,0,0.0,0.0,0.0,0.0,-0.01,-1,-1,-0.01,-1,-1,-0.01,-1,-1,-0.01,-1,-1,-0.01,-1,-1,-0.01,-1,-1,-0.01,-1,-1,-0.01,-1,-1,-0.01,-1,-1,-0.01,-1,-1
99926009,2026-05-18 13:19:32+05:30,53491.9,0,0.0,0,0.0,0.0,53282.15,53585.15,52783.45,53710.35,0,0.0,0.0,0.0,0.0,-0.01,-1,-1,-0.01,-1,-1,-0.01,-1,-1,-0.01,-1,-1,-0.01,-1,-1,-0.01,-1,-1,-0.01,-1,-1,-0.01,-1,-1,-0.01,-1,-1,-0.01,-1,-1
99926009,2026-05-18 13:19:33+05:30,53493.35,0,0.0,0,0.0,0.0,53282.15,53585.15,52783.45,53710.35,0,0.0,0.0,0.0,0.0,-0.01,-1,-1,-0.01,-1,-1,-0.01,-1,-1,-0.01,-1,-1,-0.01,-1,-1,-0.01,-1,-1,-0.01,-1,-1,-0.01,-1,-1,-0.01,-1,-1,-0.01,-1,-1
99926009,2026-05-18 13:19:33+05:30,53492.9,0,0.0,0,0.0,0.0,53282.15,53585.15,52783.45,53710.35,0,0.0,0.0,0.0,0.0,-0.01,-1,-1,-0.01,-1,-1,-0.01,-1,-1,-0.01,-1,-1,-0.01,-1,-1,-0.01,-1,-1,-0.01,-1,-1,-0.01,-1,-1,-0.01,-1,-1,-0.01,-1,-1
99926009,2026-05-18 13:19:34+05:30,53492.7,0,0.0,0,0.0,0.0,53282.15,53585.15,52783.45,53710.35,0,0.0,0.0,0.0,0.0,-0.01,-1,-1,-0.01,-1,-1,-0.01,-1,-1,-0.01,-1,-1,-0.01,-1,-1,-0.01,-1,-1,-0.01,-1,-1,-0.01,-1,-1,-0.01,-1,-1,-0.01,-1,-1
99926009,2026-05-18 13:19:34+05:30,53487.35,0,0.0,0,0.0,0.0,53282.15,53585.15,52783.45,53710.35,0,0.0,0.0,0.0,0.0,-0.01,-1,-1,-0.01,-1,-1,-0.01,-1,-1,-0.01,-1,-1,-0.01,-1,-1,-0.01,-1,-1,-0.01,-1,-1,-0.01,-1,-1,-0.01,-1,-1,-0.01,-1,-1
99926009,2026-05-18 13:19:35+05:30,53487.15,0,0.0,0,0.0,0.0,53282.15,53585.15,52783.45,53710.35,0,0.0,0.0,0.0,0.0,-0.01,-1,-1,-0.01,-1,-1,-0.01,-1,-1,-0.01,-1,-1,-0.01,-1,-1,-0.01,-1,-1,-0.01,-1,-1,-0.01,-1,-1,-0.01,-1,-1,-0.01,-1,-1
99926009,2026-05-18 13:19:35+05:30,53492.0,0,0.0,0,0.0,0.0,53282.15,53585.15,52783.45,53710.35,0,0.0,0.0,0.0,0.0,-0.01,-1,-1,-0.01,-1,-1,-0.01,-1,-1,-0.01,-1,-1,-0.01,-1,-1,-0.01,-1,-1,-0.01,-1,-1,-0.01,-1,-1,-0.01,-1,-1,-0.01,-1,-1
99926009,2026-05-18 13:19:36+05:30,53490.65,0,0.0,0,0.0,0.0,53282.15,53585.15,52783.45,53710.35,0,0.0,0.0,0.0,0.0,-0.01,-1,-1,-0.01,-1,-1,-0.01,-1,-1,-0.01,-1,-1,-0.01,-1,-1,-0.01,-1,-1,-0.01,-1,-1,-0.01,-1,-1,-0.01,-1,-1,-0.01,-1,-1
99926009,2026-05-18 13:19:36+05:30,53491.8,0,0.0,0,0.0,0.0,53282.15,53585.15,52783.45,53710.35,0,0.0,0.0,0.0,0.0,-0.01,-1,-1,-0.01,-1,-1,-0.01,-1,-1,-0.01,-1,-1,-0.01,-1,-1,-0.01,-1,-1,-0.01,-1,-1,-0.01,-1,-1,-0.01,-1,-1,-0.01,-1,-1
99926009,2026-05-18 13:19:37+05:30,53487.9,0,0.0,0,0.0,0.0,53282.15,53585.15,52783.45,53710.35,0,0.0,0.0,0.0,0.0,-0.01,-1,-1,-0.01,-1,-1,-0.01,-1,-1,-0.01,-1,-1,-0.01,-1,-1,-0.01,-1,-1,-0.01,-1,-1,-0.01,-1,-1,-0.01,-1,-1,-0.01,-1,-1
99926009,2026-05-18 13:19:37+05:30,53488.95,0,0.0,0,0.0,0.0,53282.15,53585.15,52783.45,53710.35,0,0.0,0.0,0.0,0.0,-0.01,-1,-1,-0.01,-1,-1,-0.01,-1,-1,-0.01,-1,-1,-0.01,-1,-1,-0.01,-1,-1,-0.01,-1,-1,-0.01,-1,-1,-0.01,-1,-1,-0.01,-1,-1
99926009,2026-05-18 13:19:38+05:30,53486.8,0,0.0,0,0.0,0.0,53282.15,53585.15,52783.45,53710.35,0,0.0,0.0,0.0,0.0,-0.01,-1,-1,-0.01,-1,-1,-0.01,-1,-1,-0.01,-1,-1,-0.01,-1,-1,-0.01,-1,-1,-0.01,-1,-1,-0.01,-1,-1,-0.01,-1,-1,-0.01,-1,-1
99926009,2026-05-18 13:19:38+05:30,53489.8,0,0.0,0,0.0,0.0,53282.15,53585.15,52783.45,53710.35,0,0.0,0.0,0.0,0.0,-0.01,-1,-1,-0.01,-1,-1,-0.01,-1,-1,-0.01,-1,-1,-0.01,-1,-1,-0.01,-1,-1,-0.01,-1,-1,-0.01,-1,-1,-0.01,-1,-1,-0.01,-1,-1
99926009,2026-05-18 13:19:39+05:30,53491.35,0,0.0,0,0.0,0.0,53282.15,53585.15,52783.45,53710.35,0,0.0,0.0,0.0,0.0,-0.01,-1,-1,-0.01,-1,-1,-0.01,-1,-1,-0.01,-1,-1,-0.01,-1,-1,-0.01,-1,-1,-0.01,-1,-1,-0.01,-1,-1,-0.01,-1,-1,-0.01,-1,-1
99926009,2026-05-18 13:19:39+05:30,53491.9,0,0.0,0,0.0,0.0,53282.15,53585.15,52783.45,53710.35,0,0.0,0.0,0.0,0.0,-0.01,-1,-1,-0.01,-1,-1,-0.01,-1,-1,-0.01,-1,-1,-0.01,-1,-1,-0.01,-1,-1,-0.01,-1,-1,-0.01,-1,-1,-0.01,-1,-1,-0.01,-1,-1
99926009,2026-05-18 13:19:40+05:30,53491.85,0,0.0,0,0.0,0.0,53282.15,53585.15,52783.45,53710.35,0,0.0,0.0,0.0,0.0,-0.01,-1,-1,-0.01,-1,-1,-0.01,-1,-1,-0.01,-1,-1,-0.01,-1,-1,-0.01,-1,-1,-0.01,-1,-1,-0.01,-1,-1,-0.01,-1,-1,-0.01,-1,-1
99926009,2026-05-18 13:19:40+05:30,53491.2,0,0.0,0,0.0,0.0,53282.15,53585.15,52783.45,53710.35,0,0.0,0.0,0.0,0.0,-0.01,-1,-1,-0.01,-1,-1,-0.01,-1,-1,-0.01,-1,-1,-0.01,-1,-1,-0.01,-1,-1,-0.01,-1,-1,-0.01,-1,-1,-0.01,-1,-1,-0.01,-1,-1
99926009,2026-05-18 13:19:41+05:30,53490.75,0,0.0,0,0.0,0.0,53282.15,53585.15,52783.45,53710.35,0,0.0,0.0,0.0,0.0,-0.01,-1,-1,-0.01,-1,-1,-0.01,-1,-1,-0.01,-1,-1,-0.01,-1,-1,-0.01,-1,-1,-0.01,-1,-1,-0.01,-1,-1,-0.01,-1,-1,-0.01,-1,-1
99926009,2026-05-18 13:19:41+05:30,53490.05,0,0.0,0,0.0,0.0,53282.15,53585.15,52783.45,53710.35,0,0.0,0.0,0.0,0.0,-0.01,-1,-1,-0.01,-1,-1,-0.01,-1,-1,-0.01,-1,-1,-0.01,-1,-1,-0.01,-1,-1,-0.01,-1,-1,-0.01,-1,-1,-0.01,-1,-1,-0.01,-1,-1
99926009,2026-05-18 13:19:42+05:30,53491.3,0,0.0,0,0.0,0.0,53282.15,53585.15,52783.45,53710.35,0,0.0,0.0,0.0,0.0,-0.01,-1,-1,-0.01,-1,-1,-0.01,-1,-1,-0.01,-1,-1,-0.01,-1,-1,-0.01,-1,-1,-0.01,-1,-1,-0.01,-1,-1,-0.01,-1,-1,-0.01,-1,-1
99926009,2026-05-18 13:19:42+05:30,53489.05,0,0.0,0,0.0,0.0,53282.15,53585.15,52783.45,53710.35,0,0.0,0.0,0.0,0.0,-0.01,-1,-1,-0.01,-1,-1,-0.01,-1,-1,-0.01,-1,-1,-0.01,-1,-1,-0.01,-1,-1,-0.01,-1,-1,-0.01,-1,-1,-0.01,-1,-1,-0.01,-1,-1
99926009,2026-05-18 13:19:43+05:30,53489.2,0,0.0,0,0.0,0.0,53282.15,53585.15,52783.45,53710.35,0,0.0,0.0,0.0,0.0,-0.01,-1,-1,-0.01,-1,-1,-0.01,-1,-1,-0.01,-1,-1,-0.01,-1,-1,-0.01,-1,-1,-0.01,-1,-1,-0.01,-1,-1,-0.01,-1,-1,-0.01,-1,-1
99926009,2026-05-18 13:19:43+05:30,53489.55,0,0.0,0,0.0,0.0,53282.15,53585.15,52783.45,53710.35,0,0.0,0.0,0.0,0.0,-0.01,-1,-1,-0.01,-1,-1,-0.01,-1,-1,-0.01,-1,-1,-0.01,-1,-1,-0.01,-1,-1,-0.01,-1,-1,-0.01,-1,-1,-0.01,-1,-1,-0.01,-1,-1
99926009,2026-05-18 13:19:44+05:30,53490.6,0,0.0,0,0.0,0.0,53282.15,53585.15,52783.45,53710.35,0,0.0,0.0,0.0,0.0,-0.01,-1,-1,-0.01,-1,-1,-0.01,-1,-1,-0.01,-1,-1,-0.01,-1,-1,-0.01,-1,-1,-0.01,-1,-1,-0.01,-1,-1,-0.01,-1,-1,-0.01,-1,-1
99926009,2026-05-18 13:19:44+05:30,53489.25,0,0.0,0,0.0,0.0,53282.15,53585.15,52783.45,53710.35,0,0.0,0.0,0.0,0.0,-0.01,-1,-1,-0.01,-1,-1,-0.01,-1,-1,-0.01,-1,-1,-0.01,-1,-1,-0.01,-1,-1,-0.01,-1,-1,-0.01,-1,-1,-0.01,-1,-1,-0.01,-1,-1
99926009,2026-05-18 13:19:45+05:30,53489.25,0,0.0,0,0.0,0.0,53282.15,53585.15,52783.45,53710.35,0,0.0,0.0,0.0,0.0,-0.01,-1,-1,-0.01,-1,-1,-0.01,-1,-1,-0.01,-1,-1,-0.01,-1,-1,-0.01,-1,-1,-0.01,-1,-1,-0.01,-1,-1,-0.01,-1,-1,-0.01,-1,-1
99926009,2026-05-18 13:19:45+05:30,53491.55,0,0.0,0,0.0,0.0,53282.15,53585.15,52783.45,53710.35,0,0.0,0.0,0.0,0.0,-0.01,-1,-1,-0.01,-1,-1,-0.01,-1,-1,-0.01,-1,-1,-0.01,-1,-1,-0.01,-1,-1,-0.01,-1,-1,-0.01,-1,-1,-0.01,-1,-1,-0.01,-1,-1
99926009,2026-05-18 13:19:46+05:30,53490.7,0,0.0,0,0.0,0.0,53282.15,53585.15,52783.45,53710.35,0,0.0,0.0,0.0,0.0,-0.01,-1,-1,-0.01,-1,-1,-0.01,-1,-1,-0.01,-1,-1,-0.01,-1,-1,-0.01,-1,-1,-0.01,-1,-1,-0.01,-1,-1,-0.01,-1,-1,-0.01,-1,-1
99926009,2026-05-18 13:19:46+05:30,53492.2,0,0.0,0,0.0,0.0,53282.15,53585.15,52783.45,53710.35,0,0.0,0.0,0.0,0.0,-0.01,-1,-1,-0.01,-1,-1,-0.01,-1,-1,-0.01,-1,-1,-0.01,-1,-1,-0.01,-1,-1,-0.01,-1,-1,-0.01,-1,-1,-0.01,-1,-1,-0.01,-1,-1
99926009,2026-05-18 13:19:47+05:30,53490.75,0,0.0,0,0.0,0.0,53282.15,53585.15,52783.45,53710.35,0,0.0,0.0,0.0,0.0,-0.01,-1,-1,-0.01,-1,-1,-0.01,-1,-1,-0.01,-1,-1,-0.01,-1,-1,-0.01,-1,-1,-0.01,-1,-1,-0.01,-1,-1,-0.01,-1,-1,-0.01,-1,-1
99926009,2026-05-18 13:19:47+05:30,53490.35,0,0.0,0,0.0,0.0,53282.15,53585.15,52783.45,53710.35,0,0.0,0.0,0.0,0.0,-0.01,-1,-1,-0.01,-1,-1,-0.01,-1,-1,-0.01,-1,-1,-0.01,-1,-1,-0.01,-1,-1,-0.01,-1,-1,-0.01,-1,-1,-0.01,-1,-1,-0.01,-1,-1
99926009,2026-05-18 13:19:48+05:30,53492.1,0,0.0,0,0.0,0.0,53282.15,53585.15,52783.45,53710.35,0,0.0,0.0,0.0,0.0,-0.01,-1,-1,-0.01,-1,-1,-0.01,-1,-1,-0.01,-1,-1,-0.01,-1,-1,-0.01,-1,-1,-0.01,-1,-1,-0.01,-1,-1,-0.01,-1,-1,-0.01,-1,-1
99926009,2026-05-18 13:19:48+05:30,53494.95,0,0.0,0,0.0,0.0,53282.15,53585.15,52783.45,53710.35,0,0.0,0.0,0.0,0.0,-0.01,-1,-1,-0.01,-1,-1,-0.01,-1,-1,-0.01,-1,-1,-0.01,-1,-1,-0.01,-1,-1,-0.01,-1,-1,-0.01,-1,-1,-0.01,-1,-1,-0.01,-1,-1
99926009,2026-05-18 13:19:49+05:30,53492.8,0,0.0,0,0.0,0.0,53282.15,53585.15,52783.45,53710.35,0,0.0,0.0,0.0,0.0,-0.01,-1,-1,-0.01,-1,-1,-0.01,-1,-1,-0.01,-1,-1,-0.01,-1,-1,-0.01,-1,-1,-0.01,-1,-1,-0.01,-1,-1,-0.01,-1,-1,-0.01,-1,-1
99926009,2026-05-18 13:19:49+05:30,53492.9,0,0.0,0,0.0,0.0,53282.15,53585.15,52783.45,53710.35,0,0.0,0.0,0.0,0.0,-0.01,-1,-1,-0.01,-1,-1,-0.01,-1,-1,-0.01,-1,-1,-0.01,-1,-1,-0.01,-1,-1,-0.01,-1,-1,-0.01,-1,-1,-0.01,-1,-1,-0.01,-1,-1
99926009,2026-05-18 13:19:50+05:30,53492.45,0,0.0,0,0.0,0.0,53282.15,53585.15,52783.45,53710.35,0,0.0,0.0,0.0,0.0,-0.01,-1,-1,-0.01,-1,-1,-0.01,-1,-1,-0.01,-1,-1,-0.01,-1,-1,-0.01,-1,-1,-0.01,-1,-1,-0.01,-1,-1,-0.01,-1,-1,-0.01,-1,-1
99926009,2026-05-18 13:19:50+05:30,53495.2,0,0.0,0,0.0,0.0,53282.15,53585.15,52783.45,53710.35,0,0.0,0.0,0.0,0.0,-0.01,-1,-1,-0.01,-1,-1,-0.01,-1,-1,-0.01,-1,-1,-0.01,-1,-1,-0.01,-1,-1,-0.01,-1,-1,-0.01,-1,-1,-0.01,-1,-1,-0.01,-1,-1
99926009,2026-05-18 13:19:51+05:30,53493.6,0,0.0,0,0.0,0.0,53282.15,53585.15,52783.45,53710.35,0,0.0,0.0,0.0,0.0,-0.01,-1,-1,-0.01,-1,-1,-0.01,-1,-1,-0.01,-1,-1,-0.01,-1,-1,-0.01,-1,-1,-0.01,-1,-1,-0.01,-1,-1,-0.01,-1,-1,-0.01,-1,-1
99926009,2026-05-18 13:19:51+05:30,53491.75,0,0.0,0,0.0,0.0,53282.15,53585.15,52783.45,53710.35,0,0.0,0.0,0.0,0.0,-0.01,-1,-1,-0.01,-1,-1,-0.01,-1,-1,-0.01,-1,-1,-0.01,-1,-1,-0.01,-1,-1,-0.01,-1,-1,-0.01,-1,-1,-0.01,-1,-1,-0.01,-1,-1
99926009,2026-05-18 13:19:52+05:30,53491.75,0,0.0,0,0.0,0.0,53282.15,53585.15,52783.45,53710.35,0,0.0,0.0,0.0,0.0,-0.01,-1,-1,-0.01,-1,-1,-0.01,-1,-1,-0.01,-1,-1,-0.01,-1,-1,-0.01,-1,-1,-0.01,-1,-1,-0.01,-1,-1,-0.01,-1,-1,-0.01,-1,-1
99926009,2026-05-18 13:19:52+05:30,53489.65,0,0.0,0,0.0,0.0,53282.15,53585.15,52783.45,53710.35,0,0.0,0.0,0.0,0.0,-0.01,-1,-1,-0.01,-1,-1,-0.01,-1,-1,-0.01,-1,-1,-0.01,-1,-1,-0.01,-1,-1,-0.01,-1,-1,-0.01,-1,-1,-0.01,-1,-1,-0.01,-1,-1
99926009,2026-05-18 13:19:53+05:30,53491.85,0,0.0,0,0.0,0.0,53282.15,53585.15,52783.45,53710.35,0,0.0,0.0,0.0,0.0,-0.01,-1,-1,-0.01,-1,-1,-0.01,-1,-1,-0.01,-1,-1,-0.01,-1,-1,-0.01,-1,-1,-0.01,-1,-1,-0.01,-1,-1,-0.01,-1,-1,-0.01,-1,-1
99926009,2026-05-18 13:19:53+05:30,53491.85,0,0.0,0,0.0,0.0,53282.15,53585.15,52783.45,53710.35,0,0.0,0.0,0.0,0.0,-0.01,-1,-1,-0.01,-1,-1,-0.01,-1,-1,-0.01,-1,-1,-0.01,-1,-1,-0.01,-1,-1,-0.01,-1,-1,-0.01,-1,-1,-0.01,-1,-1,-0.01,-1,-1
99926009,2026-05-18 13:19:54+05:30,53492.35,0,0.0,0,0.0,0.0,53282.15,53585.15,52783.45,53710.35,0,0.0,0.0,0.0,0.0,-0.01,-1,-1,-0.01,-1,-1,-0.01,-1,-1,-0.01,-1,-1,-0.01,-1,-1,-0.01,-1,-1,-0.01,-1,-1,-0.01,-1,-1,-0.01,-1,-1,-0.01,-1,-1
99926009,2026-05-18 13:19:54+05:30,53491.35,0,0.0,0,0.0,0.0,53282.15,53585.15,52783.45,53710.35,0,0.0,0.0,0.0,0.0,-0.01,-1,-1,-0.01,-1,-1,-0.01,-1,-1,-0.01,-1,-1,-0.01,-1,-1,-0.01,-1,-1,-0.01,-1,-1,-0.01,-1,-1,-0.01,-1,-1,-0.01,-1,-1
99926009,2026-05-18 13:19:55+05:30,53489.75,0,0.0,0,0.0,0.0,53282.15,53585.15,52783.45,53710.35,0,0.0,0.0,0.0,0.0,-0.01,-1,-1,-0.01,-1,-1,-0.01,-1,-1,-0.01,-1,-1,-0.01,-1,-1,-0.01,-1,-1,-0.01,-1,-1,-0.01,-1,-1,-0.01,-1,-1,-0.01,-1,-1
99926009,2026-05-18 13:19:55+05:30,53489.05,0,0.0,0,0.0,0.0,53282.15,53585.15,52783.45,53710.35,0,0.0,0.0,0.0,0.0,-0.01,-1,-1,-0.01,-1,-1,-0.01,-1,-1,-0.01,-1,-1,-0.01,-1,-1,-0.01,-1,-1,-0.01,-1,-1,-0.01,-1,-1,-0.01,-1,-1,-0.01,-1,-1
99926009,2026-05-18 13:19:56+05:30,53489.85,0,0.0,0,0.0,0.0,53282.15,53585.15,52783.45,53710.35,0,0.0,0.0,0.0,0.0,-0.01,-1,-1,-0.01,-1,-1,-0.01,-1,-1,-0.01,-1,-1,-0.01,-1,-1,-0.01,-1,-1,-0.01,-1,-1,-0.01,-1,-1,-0.01,-1,-1,-0.01,-1,-1
99926009,2026-05-18 13:19:56+05:30,53489.75,0,0.0,0,0.0,0.0,53282.15,53585.15,52783.45,53710.35,0,0.0,0.0,0.0,0.0,-0.01,-1,-1,-0.01,-1,-1,-0.01,-1,-1,-0.01,-1,-1,-0.01,-1,-1,-0.01,-1,-1,-0.01,-1,-1,-0.01,-1,-1,-0.01,-1,-1,-0.01,-1,-1
99926009,2026-05-18 13:19:57+05:30,53489.35,0,0.0,0,0.0,0.0,53282.15,53585.15,52783.45,53710.35,0,0.0,0.0,0.0,0.0,-0.01,-1,-1,-0.01,-1,-1,-0.01,-1,-1,-0.01,-1,-1,-0.01,-1,-1,-0.01,-1,-1,-0.01,-1,-1,-0.01,-1,-1,-0.01,-1,-1,-0.01,-1,-1
99926009,2026-05-18 13:19:57+05:30,53488.25,0,0.0,0,0.0,0.0,53282.15,53585.15,52783.45,53710.35,0,0.0,0.0,0.0,0.0,-0.01,-1,-1,-0.01,-1,-1,-0.01,-1,-1,-0.01,-1,-1,-0.01,-1,-1,-0.01,-1,-1,-0.01,-1,-1,-0.01,-1,-1,-0.01,-1,-1,-0.01,-1,-1
99926009,2026-05-18 13:19:58+05:30,53489.75,0,0.0,0,0.0,0.0,53282.15,53585.15,52783.45,53710.35,0,0.0,0.0,0.0,0.0,-0.01,-1,-1,-0.01,-1,-1,-0.01,-1,-1,-0.01,-1,-1,-0.01,-1,-1,-0.01,-1,-1,-0.01,-1,-1,-0.01,-1,-1,-0.01,-1,-1,-0.01,-1,-1
99926009,2026-05-18 13:19:58+05:30,53492.2,0,0.0,0,0.0,0.0,53282.15,53585.15,52783.45,53710.35,0,0.0,0.0,0.0,0.0,-0.01,-1,-1,-0.01,-1,-1,-0.01,-1,-1,-0.01,-1,-1,-0.01,-1,-1,-0.01,-1,-1,-0.01,-1,-1,-0.01,-1,-1,-0.01,-1,-1,-0.01,-1,-1
99926009,2026-05-18 13:19:59+05:30,53491.5,0,0.0,0,0.0,0.0,53282.15,53585.15,52783.45,53710.35,0,0.0,0.0,0.0,0.0,-0.01,-1,-1,-0.01,-1,-1,-0.01,-1,-1,-0.01,-1,-1,-0.01,-1,-1,-0.01,-1,-1,-0.01,-1,-1,-0.01,-1,-1,-0.01,-1,-1,-0.01,-1,-1
99926009,2026-05-18 13:19:59+05:30,53488.05,0,0.0,0,0.0,0.0,53282.15,53585.15,52783.45,53710.35,0,0.0,0.0,0.0,0.0,-0.01,-1,-1,-0.01,-1,-1,-0.01,-1,-1,-0.01,-1,-1,-0.01,-1,-1,-0.01,-1,-1,-0.01,-1,-1,-0.01,-1,-1,-0.01,-1,-1,-0.01,-1,-1
99926009,2026-05-18 13:20:00+05:30,53487.9,0,0.0,0,0.0,0.0,53282.15,53585.15,52783.45,53710.35,0,0.0,0.0,0.0,0.0,-0.01,-1,-1,-0.01,-1,-1,-0.01,-1,-1,-0.01,-1,-1,-0.01,-1,-1,-0.01,-1,-1,-0.01,-1,-1,-0.01,-1,-1,-0.01,-1,-1,-0.01,-1,-1
99926009,2026-05-18 13:20:00+05:30,53488.85,0,0.0,0,0.0,0.0,53282.15,53585.15,52783.45,53710.35,0,0.0,0.0,0.0,0.0,-0.01,-1,-1,-0.01,-1,-1,-0.01,-1,-1,-0.01,-1,-1,-0.01,-1,-1,-0.01,-1,-1,-0.01,-1,-1,-0.01,-1,-1,-0.01,-1,-1,-0.01,-1,-1
99926009,2026-05-18 13:20:01+05:30,53481.85,0,0.0,0,0.0,0.0,53282.15,53585.15,52783.45,53710.35,0,0.0,0.0,0.0,0.0,-0.01,-1,-1,-0.01,-1,-1,-0.01,-1,-1,-0.01,-1,-1,-0.01,-1,-1,-0.01,-1,-1,-0.01,-1,-1,-0.01,-1,-1,-0.01,-1,-1,-0.01,-1,-1
99926009,2026-05-18 13:20:01+05:30,53483.95,0,0.0,0,0.0,0.0,53282.15,53585.15,52783.45,53710.35,0,0.0,0.0,0.0,0.0,-0.01,-1,-1,-0.01,-1,-1,-0.01,-1,-1,-0.01,-1,-1,-0.01,-1,-1,-0.01,-1,-1,-0.01,-1,-1,-0.01,-1,-1,-0.01,-1,-1,-0.01,-1,-1
99926009,2026-05-18 13:20:02+05:30,53480.6,0,0.0,0,0.0,0.0,53282.15,53585.15,52783.45,53710.35,0,0.0,0.0,0.0,0.0,-0.01,-1,-1,-0.01,-1,-1,-0.01,-1,-1,-0.01,-1,-1,-0.01,-1,-1,-0.01,-1,-1,-0.01,-1,-1,-0.01,-1,-1,-0.01,-1,-1,-0.01,-1,-1
99926009,2026-05-18 13:20:02+05:30,53478.7,0,0.0,0,0.0,0.0,53282.15,53585.15,52783.45,53710.35,0,0.0,0.0,0.0,0.0,-0.01,-1,-1,-0.01,-1,-1,-0.01,-1,-1,-0.01,-1,-1,-0.01,-1,-1,-0.01,-1,-1,-0.01,-1,-1,-0.01,-1,-1,-0.01,-1,-1,-0.01,-1,-1
99926009,2026-05-18 13:20:03+05:30,53478.65,0,0.0,0,0.0,0.0,53282.15,53585.15,52783.45,53710.35,0,0.0,0.0,0.0,0.0,-0.01,-1,-1,-0.01,-1,-1,-0.01,-1,-1,-0.01,-1,-1,-0.01,-1,-1,-0.01,-1,-1,-0.01,-1,-1,-0.01,-1,-1,-0.01,-1,-1,-0.01,-1,-1
99926009,2026-05-18 13:20:03+05:30,53481.25,0,0.0,0,0.0,0.0,53282.15,53585.15,52783.45,53710.35,0,0.0,0.0,0.0,0.0,-0.01,-1,-1,-0.01,-1,-1,-0.01,-1,-1,-0.01,-1,-1,-0.01,-1,-1,-0.01,-1,-1,-0.01,-1,-1,-0.01,-1,-1,-0.01,-1,-1,-0.01,-1,-1
99926009,2026-05-18 13:20:04+05:30,53479.35,0,0.0,0,0.0,0.0,53282.15,53585.15,52783.45,53710.35,0,0.0,0.0,0.0,0.0,-0.01,-1,-1,-0.01,-1,-1,-0.01,-1,-1,-0.01,-1,-1,-0.01,-1,-1,-0.01,-1,-1,-0.01,-1,-1,-0.01,-1,-1,-0.01,-1,-1,-0.01,-1,-1
99926009,2026-05-18 13:20:04+05:30,53479.1,0,0.0,0,0.0,0.0,53282.15,53585.15,52783.45,53710.35,0,0.0,0.0,0.0,0.0,-0.01,-1,-1,-0.01,-1,-1,-0.01,-1,-1,-0.01,-1,-1,-0.01,-1,-1,-0.01,-1,-1,-0.01,-1,-1,-0.01,-1,-1,-0.01,-1,-1,-0.01,-1,-1
99926009,2026-05-18 13:20:05+05:30,53481.5,0,0.0,0,0.0,0.0,53282.15,53585.15,52783.45,53710.35,0,0.0,0.0,0.0,0.0,-0.01,-1,-1,-0.01,-1,-1,-0.01,-1,-1,-0.01,-1,-1,-0.01,-1,-1,-0.01,-1,-1,-0.01,-1,-1,-0.01,-1,-1,-0.01,-1,-1,-0.01,-1,-1
99926009,2026-05-18 13:20:05+05:30,53481.9,0,0.0,0,0.0,0.0,53282.15,53585.15,52783.45,53710.35,0,0.0,0.0,0.0,0.0,-0.01,-1,-1,-0.01,-1,-1,-0.01,-1,-1,-0.01,-1,-1,-0.01,-1,-1,-0.01,-1,-1,-0.01,-1,-1,-0.01,-1,-1,-0.01,-1,-1,-0.01,-1,-1
99926009,2026-05-18 13:20:06+05:30,53479.3,0,0.0,0,0.0,0.0,53282.15,53585.15,52783.45,53710.35,0,0.0,0.0,0.0,0.0,-0.01,-1,-1,-0.01,-1,-1,-0.01,-1,-1,-0.01,-1,-1,-0.01,-1,-1,-0.01,-1,-1,-0.01,-1,-1,-0.01,-1,-1,-0.01,-1,-1,-0.01,-1,-1
99926009,2026-05-18 13:20:06+05:30,53485.0,0,0.0,0,0.0,0.0,53282.15,53585.15,52783.45,53710.35,0,0.0,0.0,0.0,0.0,-0.01,-1,-1,-0.01,-1,-1,-0.01,-1,-1,-0.01,-1,-1,-0.01,-1,-1,-0.01,-1,-1,-0.01,-1,-1,-0.01,-1,-1,-0.01,-1,-1,-0.01,-1,-1
99926009,2026-05-18 13:20:07+05:30,53483.75,0,0.0,0,0.0,0.0,53282.15,53585.15,52783.45,53710.35,0,0.0,0.0,0.0,0.0,-0.01,-1,-1,-0.01,-1,-1,-0.01,-1,-1,-0.01,-1,-1,-0.01,-1,-1,-0.01,-1,-1,-0.01,-1,-1,-0.01,-1,-1,-0.01,-1,-1,-0.01,-1,-1
99926009,2026-05-18 13:20:07+05:30,53483.85,0,0.0,0,0.0,0.0,53282.15,53585.15,52783.45,53710.35,0,0.0,0.0,0.0,0.0,-0.01,-1,-1,-0.01,-1,-1,-0.01,-1,-1,-0.01,-1,-1,-0.01,-1,-1,-0.01,-1,-1,-0.01,-1,-1,-0.01,-1,-1,-0.01,-1,-1,-0.01,-1,-1
99926009,2026-05-18 13:20:08+05:30,53480.9,0,0.0,0,0.0,0.0,53282.15,53585.15,52783.45,53710.35,0,0.0,0.0,0.0,0.0,-0.01,-1,-1,-0.01,-1,-1,-0.01,-1,-1,-0.01,-1,-1,-0.01,-1,-1,-0.01,-1,-1,-0.01,-1,-1,-0.01,-1,-1,-0.01,-1,-1,-0.01,-1,-1
99926009,2026-05-18 13:20:08+05:30,53481.9,0,0.0,0,0.0,0.0,53282.15,53585.15,52783.45,53710.35,0,0.0,0.0,0.0,0.0,-0.01,-1,-1,-0.01,-1,-1,-0.01,-1,-1,-0.01,-1,-1,-0.01,-1,-1,-0.01,-1,-1,-0.01,-1,-1,-0.01,-1,-1,-0.01,-1,-1,-0.01,-1,-1
99926009,2026-05-18 13:20:09+05:30,53481.85,0,0.0,0,0.0,0.0,53282.15,53585.15,52783.45,53710.35,0,0.0,0.0,0.0,0.0,-0.01,-1,-1,-0.01,-1,-1,-0.01,-1,-1,-0.01,-1,-1,-0.01,-1,-1,-0.01,-1,-1,-0.01,-1,-1,-0.01,-1,-1,-0.01,-1,-1,-0.01,-1,-1
99926009,2026-05-18 13:20:09+05:30,53481.2,0,0.0,0,0.0,0.0,53282.15,53585.15,52783.45,53710.35,0,0.0,0.0,0.0,0.0,-0.01,-1,-1,-0.01,-1,-1,-0.01,-1,-1,-0.01,-1,-1,-0.01,-1,-1,-0.01,-1,-1,-0.01,-1,-1,-0.01,-1,-1,-0.01,-1,-1,-0.01,-1,-1
99926009,2026-05-18 13:20:10+05:30,53482.8,0,0.0,0,0.0,0.0,53282.15,53585.15,52783.45,53710.35,0,0.0,0.0,0.0,0.0,-0.01,-1,-1,-0.01,-1,-1,-0.01,-1,-1,-0.01,-1,-1,-0.01,-1,-1,-0.01,-1,-1,-0.01,-1,-1,-0.01,-1,-1,-0.01,-1,-1,-0.01,-1,-1
99926009,2026-05-18 13:20:10+05:30,53485.65,0,0.0,0,0.0,0.0,53282.15,53585.15,52783.45,53710.35,0,0.0,0.0,0.0,0.0,-0.01,-1,-1,-0.01,-1,-1,-0.01,-1,-1,-0.01,-1,-1,-0.01,-1,-1,-0.01,-1,-1,-0.01,-1,-1,-0.01,-1,-1,-0.01,-1,-1,-0.01,-1,-1
99926009,2026-05-18 13:20:11+05:30,53479.15,0,0.0,0,0.0,0.0,53282.15,53585.15,52783.45,53710.35,0,0.0,0.0,0.0,0.0,-0.01,-1,-1,-0.01,-1,-1,-0.01,-1,-1,-0.01,-1,-1,-0.01,-1,-1,-0.01,-1,-1,-0.01,-1,-1,-0.01,-1,-1,-0.01,-1,-1,-0.01,-1,-1
99926009,2026-05-18 13:20:11+05:30,53479.75,0,0.0,0,0.0,0.0,53282.15,53585.15,52783.45,53710.35,0,0.0,0.0,0.0,0.0,-0.01,-1,-1,-0.01,-1,-1,-0.01,-1,-1,-0.01,-1,-1,-0.01,-1,-1,-0.01,-1,-1,-0.01,-1,-1,-0.01,-1,-1,-0.01,-1,-1,-0.01,-1,-1
99926009,2026-05-18 13:20:12+05:30,53479.0,0,0.0,0,0.0,0.0,53282.15,53585.15,52783.45,53710.35,0,0.0,0.0,0.0,0.0,-0.01,-1,-1,-0.01,-1,-1,-0.01,-1,-1,-0.01,-1,-1,-0.01,-1,-1,-0.01,-1,-1,-0.01,-1,-1,-0.01,-1,-1,-0.01,-1,-1,-0.01,-1,-1
99926009,2026-05-18 13:20:12+05:30,53480.8,0,0.0,0,0.0,0.0,53282.15,53585.15,52783.45,53710.35,0,0.0,0.0,0.0,0.0,-0.01,-1,-1,-0.01,-1,-1,-0.01,-1,-1,-0.01,-1,-1,-0.01,-1,-1,-0.01,-1,-1,-0.01,-1,-1,-0.01,-1,-1,-0.01,-1,-1,-0.01,-1,-1
99926009,2026-05-18 13:20:13+05:30,53479.3,0,0.0,0,0.0,0.0,53282.15,53585.15,52783.45,53710.35,0,0.0,0.0,0.0,0.0,-0.01,-1,-1,-0.01,-1,-1,-0.01,-1,-1,-0.01,-1,-1,-0.01,-1,-1,-0.01,-1,-1,-0.01,-1,-1,-0.01,-1,-1,-0.01,-1,-1,-0.01,-1,-1
99926009,2026-05-18 13:20:13+05:30,53480.0,0,0.0,0,0.0,0.0,53282.15,53585.15,52783.45,53710.35,0,0.0,0.0,0.0,0.0,-0.01,-1,-1,-0.01,-1,-1,-0.01,-1,-1,-0.01,-1,-1,-0.01,-1,-1,-0.01,-1,-1,-0.01,-1,-1,-0.01,-1,-1,-0.01,-1,-1,-0.01,-1,-1
99926009,2026-05-18 13:20:14+05:30,53477.85,0,0.0,0,0.0,0.0,53282.15,53585.15,52783.45,53710.35,0,0.0,0.0,0.0,0.0,-0.01,-1,-1,-0.01,-1,-1,-0.01,-1,-1,-0.01,-1,-1,-0.01,-1,-1,-0.01,-1,-1,-0.01,-1,-1,-0.01,-1,-1,-0.01,-1,-1,-0.01,-1,-1
99926009,2026-05-18 13:20:14+05:30,53478.8,0,0.0,0,0.0,0.0,53282.15,53585.15,52783.45,53710.35,0,0.0,0.0,0.0,0.0,-0.01,-1,-1,-0.01,-1,-1,-0.01,-1,-1,-0.01,-1,-1,-0.01,-1,-1,-0.01,-1,-1,-0.01,-1,-1,-0.01,-1,-1,-0.01,-1,-1,-0.01,-1,-1
99926009,2026-05-18 13:20:15+05:30,53477.05,0,0.0,0,0.0,0.0,53282.15,53585.15,52783.45,53710.35,0,0.0,0.0,0.0,0.0,-0.01,-1,-1,-0.01,-1,-1,-0.01,-1,-1,-0.01,-1,-1,-0.01,-1,-1,-0.01,-1,-1,-0.01,-1,-1,-0.01,-1,-1,-0.01,-1,-1,-0.01,-1,-1
99926009,2026-05-18 13:20:15+05:30,53479.65,0,0.0,0,0.0,0.0,53282.15,53585.15,52783.45,53710.35,0,0.0,0.0,0.0,0.0,-0.01,-1,-1,-0.01,-1,-1,-0.01,-1,-1,-0.01,-1,-1,-0.01,-1,-1,-0.01,-1,-1,-0.01,-1,-1,-0.01,-1,-1,-0.01,-1,-1,-0.01,-1,-1
99926009,2026-05-18 13:20:16+05:30,53476.95,0,0.0,0,0.0,0.0,53282.15,53585.15,52783.45,53710.35,0,0.0,0.0,0.0,0.0,-0.01,-1,-1,-0.01,-1,-1,-0.01,-1,-1,-0.01,-1,-1,-0.01,-1,-1,-0.01,-1,-1,-0.01,-1,-1,-0.01,-1,-1,-0.01,-1,-1,-0.01,-1,-1
99926009,2026-05-18 13:20:16+05:30,53477.75,0,0.0,0,0.0,0.0,53282.15,53585.15,52783.45,53710.35,0,0.0,0.0,0.0,0.0,-0.01,-1,-1,-0.01,-1,-1,-0.01,-1,-1,-0.01,-1,-1,-0.01,-1,-1,-0.01,-1,-1,-0.01,-1,-1,-0.01,-1,-1,-0.01,-1,-1,-0.01,-1,-1
99926009,2026-05-18 13:20:17+05:30,53476.45,0,0.0,0,0.0,0.0,53282.15,53585.15,52783.45,53710.35,0,0.0,0.0,0.0,0.0,-0.01,-1,-1,-0.01,-1,-1,-0.01,-1,-1,-0.01,-1,-1,-0.01,-1,-1,-0.01,-1,-1,-0.01,-1,-1,-0.01,-1,-1,-0.01,-1,-1,-0.01,-1,-1
99926009,2026-05-18 13:20:17+05:30,53470.6,0,0.0,0,0.0,0.0,53282.15,53585.15,52783.45,53710.35,0,0.0,0.0,0.0,0.0,-0.01,-1,-1,-0.01,-1,-1,-0.01,-1,-1,-0.01,-1,-1,-0.01,-1,-1,-0.01,-1,-1,-0.01,-1,-1,-0.01,-1,-1,-0.01,-1,-1,-0.01,-1,-1
99926009,2026-05-18 13:20:18+05:30,53472.0,0,0.0,0,0.0,0.0,53282.15,53585.15,52783.45,53710.35,0,0.0,0.0,0.0,0.0,-0.01,-1,-1,-0.01,-1,-1,-0.01,-1,-1,-0.01,-1,-1,-0.01,-1,-1,-0.01,-1,-1,-0.01,-1,-1,-0.01,-1,-1,-0.01,-1,-1,-0.01,-1,-1
99926009,2026-05-18 13:20:18+05:30,53470.3,0,0.0,0,0.0,0.0,53282.15,53585.15,52783.45,53710.35,0,0.0,0.0,0.0,0.0,-0.01,-1,-1,-0.01,-1,-1,-0.01,-1,-1,-0.01,-1,-1,-0.01,-1,-1,-0.01,-1,-1,-0.01,-1,-1,-0.01,-1,-1,-0.01,-1,-1,-0.01,-1,-1
99926009,2026-05-18 13:20:19+05:30,53469.4,0,0.0,0,0.0,0.0,53282.15,53585.15,52783.45,53710.35,0,0.0,0.0,0.0,0.0,-0.01,-1,-1,-0.01,-1,-1,-0.01,-1,-1,-0.01,-1,-1,-0.01,-1,-1,-0.01,-1,-1,-0.01,-1,-1,-0.01,-1,-1,-0.01,-1,-1,-0.01,-1,-1
99926009,2026-05-18 13:20:19+05:30,53468.7,0,0.0,0,0.0,0.0,53282.15,53585.15,52783.45,53710.35,0,0.0,0.0,0.0,0.0,-0.01,-1,-1,-0.01,-1,-1,-0.01,-1,-1,-0.01,-1,-1,-0.01,-1,-1,-0.01,-1,-1,-0.01,-1,-1,-0.01,-1,-1,-0.01,-1,-1,-0.01,-1,-1
99926009,2026-05-18 13:20:20+05:30,53466.95,0,0.0,0,0.0,0.0,53282.15,53585.15,52783.45,53710.35,0,0.0,0.0,0.0,0.0,-0.01,-1,-1,-0.01,-1,-1,-0.01,-1,-1,-0.01,-1,-1,-0.01,-1,-1,-0.01,-1,-1,-0.01,-1,-1,-0.01,-1,-1,-0.01,-1,-1,-0.01,-1,-1
99926009,2026-05-18 13:20:20+05:30,53466.0,0,0.0,0,0.0,0.0,53282.15,53585.15,52783.45,53710.35,0,0.0,0.0,0.0,0.0,-0.01,-1,-1,-0.01,-1,-1,-0.01,-1,-1,-0.01,-1,-1,-0.01,-1,-1,-0.01,-1,-1,-0.01,-1,-1,-0.01,-1,-1,-0.01,-1,-1,-0.01,-1,-1
99926009,2026-05-18 13:20:21+05:30,53466.1,0,0.0,0,0.0,0.0,53282.15,53585.15,52783.45,53710.35,0,0.0,0.0,0.0,0.0,-0.01,-1,-1,-0.01,-1,-1,-0.01,-1,-1,-0.01,-1,-1,-0.01,-1,-1,-0.01,-1,-1,-0.01,-1,-1,-0.01,-1,-1,-0.01,-1,-1,-0.01,-1,-1
99926009,2026-05-18 13:20:21+05:30,53467.75,0,0.0,0,0.0,0.0,53282.15,53585.15,52783.45,53710.35,0,0.0,0.0,0.0,0.0,-0.01,-1,-1,-0.01,-1,-1,-0.01,-1,-1,-0.01,-1,-1,-0.01,-1,-1,-0.01,-1,-1,-0.01,-1,-1,-0.01,-1,-1,-0.01,-1,-1,-0.01,-1,-1
99926009,2026-05-18 13:20:22+05:30,53470.4,0,0.0,0,0.0,0.0,53282.15,53585.15,52783.45,53710.35,0,0.0,0.0,0.0,0.0,-0.01,-1,-1,-0.01,-1,-1,-0.01,-1,-1,-0.01,-1,-1,-0.01,-1,-1,-0.01,-1,-1,-0.01,-1,-1,-0.01,-1,-1,-0.01,-1,-1,-0.01,-1,-1
99926009,2026-05-18 13:20:22+05:30,53465.7,0,0.0,0,0.0,0.0,53282.15,53585.15,52783.45,53710.35,0,0.0,0.0,0.0,0.0,-0.01,-1,-1,-0.01,-1,-1,-0.01,-1,-1,-0.01,-1,-1,-0.01,-1,-1,-0.01,-1,-1,-0.01,-1,-1,-0.01,-1,-1,-0.01,-1,-1,-0.01,-1,-1
99926009,2026-05-18 13:20:23+05:30,53465.45,0,0.0,0,0.0,0.0,53282.15,53585.15,52783.45,53710.35,0,0.0,0.0,0.0,0.0,-0.01,-1,-1,-0.01,-1,-1,-0.01,-1,-1,-0.01,-1,-1,-0.01,-1,-1,-0.01,-1,-1,-0.01,-1,-1,-0.01,-1,-1,-0.01,-1,-1,-0.01,-1,-1
99926009,2026-05-18 13:20:23+05:30,53466.95,0,0.0,0,0.0,0.0,53282.15,53585.15,52783.45,53710.35,0,0.0,0.0,0.0,0.0,-0.01,-1,-1,-0.01,-1,-1,-0.01,-1,-1,-0.01,-1,-1,-0.01,-1,-1,-0.01,-1,-1,-0.01,-1,-1,-0.01,-1,-1,-0.01,-1,-1,-0.01,-1,-1
99926009,2026-05-18 13:20:24+05:30,53467.65,0,0.0,0,0.0,0.0,53282.15,53585.15,52783.45,53710.35,0,0.0,0.0,0.0,0.0,-0.01,-1,-1,-0.01,-1,-1,-0.01,-1,-1,-0.01,-1,-1,-0.01,-1,-1,-0.01,-1,-1,-0.01,-1,-1,-0.01,-1,-1,-0.01,-1,-1,-0.01,-1,-1
99926009,2026-05-18 13:20:24+05:30,53465.85,0,0.0,0,0.0,0.0,53282.15,53585.15,52783.45,53710.35,0,0.0,0.0,0.0,0.0,-0.01,-1,-1,-0.01,-1,-1,-0.01,-1,-1,-0.01,-1,-1,-0.01,-1,-1,-0.01,-1,-1,-0.01,-1,-1,-0.01,-1,-1,-0.01,-1,-1,-0.01,-1,-1
99926009,2026-05-18 13:20:25+05:30,53463.65,0,0.0,0,0.0,0.0,53282.15,53585.15,52783.45,53710.35,0,0.0,0.0,0.0,0.0,-0.01,-1,-1,-0.01,-1,-1,-0.01,-1,-1,-0.01,-1,-1,-0.01,-1,-1,-0.01,-1,-1,-0.01,-1,-1,-0.01,-1,-1,-0.01,-1,-1,-0.01,-1,-1
99926009,2026-05-18 13:20:25+05:30,53462.35,0,0.0,0,0.0,0.0,53282.15,53585.15,52783.45,53710.35,0,0.0,0.0,0.0,0.0,-0.01,-1,-1,-0.01,-1,-1,-0.01,-1,-1,-0.01,-1,-1,-0.01,-1,-1,-0.01,-1,-1,-0.01,-1,-1,-0.01,-1,-1,-0.01,-1,-1,-0.01,-1,-1
99926009,2026-05-18 13:20:26+05:30,53456.85,0,0.0,0,0.0,0.0,53282.15,53585.15,52783.45,53710.35,0,0.0,0.0,0.0,0.0,-0.01,-1,-1,-0.01,-1,-1,-0.01,-1,-1,-0.01,-1,-1,-0.01,-1,-1,-0.01,-1,-1,-0.01,-1,-1,-0.01,-1,-1,-0.01,-1,-1,-0.01,-1,-1
99926009,2026-05-18 13:20:26+05:30,53456.5,0,0.0,0,0.0,0.0,53282.15,53585.15,52783.45,53710.35,0,0.0,0.0,0.0,0.0,-0.01,-1,-1,-0.01,-1,-1,-0.01,-1,-1,-0.01,-1,-1,-0.01,-1,-1,-0.01,-1,-1,-0.01,-1,-1,-0.01,-1,-1,-0.01,-1,-1,-0.01,-1,-1
99926009,2026-05-18 13:20:27+05:30,53455.65,0,0.0,0,0.0,0.0,53282.15,53585.15,52783.45,53710.35,0,0.0,0.0,0.0,0.0,-0.01,-1,-1,-0.01,-1,-1,-0.01,-1,-1,-0.01,-1,-1,-0.01,-1,-1,-0.01,-1,-1,-0.01,-1,-1,-0.01,-1,-1,-0.01,-1,-1,-0.01,-1,-1
99926009,2026-05-18 13:20:27+05:30,53452.75,0,0.0,0,0.0,0.0,53282.15,53585.15,52783.45,53710.35,0,0.0,0.0,0.0,0.0,-0.01,-1,-1,-0.01,-1,-1,-0.01,-1,-1,-0.01,-1,-1,-0.01,-1,-1,-0.01,-1,-1,-0.01,-1,-1,-0.01,-1,-1,-0.01,-1,-1,-0.01,-1,-1
99926009,2026-05-18 13:20:28+05:30,53453.1,0,0.0,0,0.0,0.0,53282.15,53585.15,52783.45,53710.35,0,0.0,0.0,0.0,0.0,-0.01,-1,-1,-0.01,-1,-1,-0.01,-1,-1,-0.01,-1,-1,-0.01,-1,-1,-0.01,-1,-1,-0.01,-1,-1,-0.01,-1,-1,-0.01,-1,-1,-0.01,-1,-1
99926009,2026-05-18 13:20:28+05:30,53454.35,0,0.0,0,0.0,0.0,53282.15,53585.15,52783.45,53710.35,0,0.0,0.0,0.0,0.0,-0.01,-1,-1,-0.01,-1,-1,-0.01,-1,-1,-0.01,-1,-1,-0.01,-1,-1,-0.01,-1,-1,-0.01,-1,-1,-0.01,-1,-1,-0.01,-1,-1,-0.01,-1,-1
99926009,2026-05-18 13:20:29+05:30,53453.85,0,0.0,0,0.0,0.0,53282.15,53585.15,52783.45,53710.35,0,0.0,0.0,0.0,0.0,-0.01,-1,-1,-0.01,-1,-1,-0.01,-1,-1,-0.01,-1,-1,-0.01,-1,-1,-0.01,-1,-1,-0.01,-1,-1,-0.01,-1,-1,-0.01,-1,-1,-0.01,-1,-1
99926009,2026-05-18 13:20:29+05:30,53450.2,0,0.0,0,0.0,0.0,53282.15,53585.15,52783.45,53710.35,0,0.0,0.0,0.0,0.0,-0.01,-1,-1,-0.01,-1,-1,-0.01,-1,-1,-0.01,-1,-1,-0.01,-1,-1,-0.01,-1,-1,-0.01,-1,-1,-0.01,-1,-1,-0.01,-1,-1,-0.01,-1,-1
99926009,2026-05-18 13:20:30+05:30,53452.1,0,0.0,0,0.0,0.0,53282.15,53585.15,52783.45,53710.35,0,0.0,0.0,0.0,0.0,-0.01,-1,-1,-0.01,-1,-1,-0.01,-1,-1,-0.01,-1,-1,-0.01,-1,-1,-0.01,-1,-1,-0.01,-1,-1,-0.01,-1,-1,-0.01,-1,-1,-0.01,-1,-1
99926009,2026-05-18 13:20:30+05:30,53451.25,0,0.0,0,0.0,0.0,53282.15,53585.15,52783.45,53710.35,0,0.0,0.0,0.0,0.0,-0.01,-1,-1,-0.01,-1,-1,-0.01,-1,-1,-0.01,-1,-1,-0.01,-1,-1,-0.01,-1,-1,-0.01,-1,-1,-0.01,-1,-1,-0.01,-1,-1,-0.01,-1,-1
99926009,2026-05-18 13:20:31+05:30,53447.3,0,0.0,0,0.0,0.0,53282.15,53585.15,52783.45,53710.35,0,0.0,0.0,0.0,0.0,-0.01,-1,-1,-0.01,-1,-1,-0.01,-1,-1,-0.01,-1,-1,-0.01,-1,-1,-0.01,-1,-1,-0.01,-1,-1,-0.01,-1,-1,-0.01,-1,-1,-0.01,-1,-1
99926009,2026-05-18 13:20:31+05:30,53451.5,0,0.0,0,0.0,0.0,53282.15,53585.15,52783.45,53710.35,0,0.0,0.0,0.0,0.0,-0.01,-1,-1,-0.01,-1,-1,-0.01,-1,-1,-0.01,-1,-1,-0.01,-1,-1,-0.01,-1,-1,-0.01,-1,-1,-0.01,-1,-1,-0.01,-1,-1,-0.01,-1,-1
99926009,2026-05-18 13:20:32+05:30,53449.8,0,0.0,0,0.0,0.0,53282.15,53585.15,52783.45,53710.35,0,0.0,0.0,0.0,0.0,-0.01,-1,-1,-0.01,-1,-1,-0.01,-1,-1,-0.01,-1,-1,-0.01,-1,-1,-0.01,-1,-1,-0.01,-1,-1,-0.01,-1,-1,-0.01,-1,-1,-0.01,-1,-1
99926009,2026-05-18 13:20:32+05:30,53453.85,0,0.0,0,0.0,0.0,53282.15,53585.15,52783.45,53710.35,0,0.0,0.0,0.0,0.0,-0.01,-1,-1,-0.01,-1,-1,-0.01,-1,-1,-0.01,-1,-1,-0.01,-1,-1,-0.01,-1,-1,-0.01,-1,-1,-0.01,-1,-1,-0.01,-1,-1,-0.01,-1,-1
99926009,2026-05-18 13:20:33+05:30,53453.3,0,0.0,0,0.0,0.0,53282.15,53585.15,52783.45,53710.35,0,0.0,0.0,0.0,0.0,-0.01,-1,-1,-0.01,-1,-1,-0.01,-1,-1,-0.01,-1,-1,-0.01,-1,-1,-0.01,-1,-1,-0.01,-1,-1,-0.01,-1,-1,-0.01,-1,-1,-0.01,-1,-1
99926009,2026-05-18 13:20:33+05:30,53455.2,0,0.0,0,0.0,0.0,53282.15,53585.15,52783.45,53710.35,0,0.0,0.0,0.0,0.0,-0.01,-1,-1,-0.01,-1,-1,-0.01,-1,-1,-0.01,-1,-1,-0.01,-1,-1,-0.01,-1,-1,-0.01,-1,-1,-0.01,-1,-1,-0.01,-1,-1,-0.01,-1,-1
99926009,2026-05-18 13:20:34+05:30,53454.8,0,0.0,0,0.0,0.0,53282.15,53585.15,52783.45,53710.35,0,0.0,0.0,0.0,0.0,-0.01,-1,-1,-0.01,-1,-1,-0.01,-1,-1,-0.01,-1,-1,-0.01,-1,-1,-0.01,-1,-1,-0.01,-1,-1,-0.01,-1,-1,-0.01,-1,-1,-0.01,-1,-1
99926009,2026-05-18 13:20:34+05:30,53455.2,0,0.0,0,0.0,0.0,53282.15,53585.15,52783.45,53710.35,0,0.0,0.0,0.0,0.0,-0.01,-1,-1,-0.01,-1,-1,-0.01,-1,-1,-0.01,-1,-1,-0.01,-1,-1,-0.01,-1,-1,-0.01,-1,-1,-0.01,-1,-1,-0.01,-1,-1,-0.01,-1,-1
99926009,2026-05-18 13:20:35+05:30,53455.7,0,0.0,0,0.0,0.0,53282.15,53585.15,52783.45,53710.35,0,0.0,0.0,0.0,0.0,-0.01,-1,-1,-0.01,-1,-1,-0.01,-1,-1,-0.01,-1,-1,-0.01,-1,-1,-0.01,-1,-1,-0.01,-1,-1,-0.01,-1,-1,-0.01,-1,-1,-0.01,-1,-1
99926009,2026-05-18 13:20:35+05:30,53453.2,0,0.0,0,0.0,0.0,53282.15,53585.15,52783.45,53710.35,0,0.0,0.0,0.0,0.0,-0.01,-1,-1,-0.01,-1,-1,-0.01,-1,-1,-0.01,-1,-1,-0.01,-1,-1,-0.01,-1,-1,-0.01,-1,-1,-0.01,-1,-1,-0.01,-1,-1,-0.01,-1,-1
99926009,2026-05-18 13:20:36+05:30,53450.0,0,0.0,0,0.0,0.0,53282.15,53585.15,52783.45,53710.35,0,0.0,0.0,0.0,0.0,-0.01,-1,-1,-0.01,-1,-1,-0.01,-1,-1,-0.01,-1,-1,-0.01,-1,-1,-0.01,-1,-1,-0.01,-1,-1,-0.01,-1,-1,-0.01,-1,-1,-0.01,-1,-1
99926009,2026-05-18 13:20:36+05:30,53452.55,0,0.0,0,0.0,0.0,53282.15,53585.15,52783.45,53710.35,0,0.0,0.0,0.0,0.0,-0.01,-1,-1,-0.01,-1,-1,-0.01,-1,-1,-0.01,-1,-1,-0.01,-1,-1,-0.01,-1,-1,-0.01,-1,-1,-0.01,-1,-1,-0.01,-1,-1,-0.01,-1,-1
99926009,2026-05-18 13:20:37+05:30,53452.85,0,0.0,0,0.0,0.0,53282.15,53585.15,52783.45,53710.35,0,0.0,0.0,0.0,0.0,-0.01,-1,-1,-0.01,-1,-1,-0.01,-1,-1,-0.01,-1,-1,-0.01,-1,-1,-0.01,-1,-1,-0.01,-1,-1,-0.01,-1,-1,-0.01,-1,-1,-0.01,-1,-1
99926009,2026-05-18 13:20:37+05:30,53452.0,0,0.0,0,0.0,0.0,53282.15,53585.15,52783.45,53710.35,0,0.0,0.0,0.0,0.0,-0.01,-1,-1,-0.01,-1,-1,-0.01,-1,-1,-0.01,-1,-1,-0.01,-1,-1,-0.01,-1,-1,-0.01,-1,-1,-0.01,-1,-1,-0.01,-1,-1,-0.01,-1,-1
99926009,2026-05-18 13:20:38+05:30,53449.85,0,0.0,0,0.0,0.0,53282.15,53585.15,52783.45,53710.35,0,0.0,0.0,0.0,0.0,-0.01,-1,-1,-0.01,-1,-1,-0.01,-1,-1,-0.01,-1,-1,-0.01,-1,-1,-0.01,-1,-1,-0.01,-1,-1,-0.01,-1,-1,-0.01,-1,-1,-0.01,-1,-1
99926009,2026-05-18 13:20:38+05:30,53450.5,0,0.0,0,0.0,0.0,53282.15,53585.15,52783.45,53710.35,0,0.0,0.0,0.0,0.0,-0.01,-1,-1,-0.01,-1,-1,-0.01,-1,-1,-0.01,-1,-1,-0.01,-1,-1,-0.01,-1,-1,-0.01,-1,-1,-0.01,-1,-1,-0.01,-1,-1,-0.01,-1,-1
99926009,2026-05-18 13:20:39+05:30,53452.65,0,0.0,0,0.0,0.0,53282.15,53585.15,52783.45,53710.35,0,0.0,0.0,0.0,0.0,-0.01,-1,-1,-0.01,-1,-1,-0.01,-1,-1,-0.01,-1,-1,-0.01,-1,-1,-0.01,-1,-1,-0.01,-1,-1,-0.01,-1,-1,-0.01,-1,-1,-0.01,-1,-1
99926009,2026-05-18 13:20:39+05:30,53450.35,0,0.0,0,0.0,0.0,53282.15,53585.15,52783.45,53710.35,0,0.0,0.0,0.0,0.0,-0.01,-1,-1,-0.01,-1,-1,-0.01,-1,-1,-0.01,-1,-1,-0.01,-1,-1,-0.01,-1,-1,-0.01,-1,-1,-0.01,-1,-1,-0.01,-1,-1,-0.01,-1,-1
99926009,2026-05-18 13:20:40+05:30,53449.45,0,0.0,0,0.0,0.0,53282.15,53585.15,52783.45,53710.35,0,0.0,0.0,0.0,0.0,-0.01,-1,-1,-0.01,-1,-1,-0.01,-1,-1,-0.01,-1,-1,-0.01,-1,-1,-0.01,-1,-1,-0.01,-1,-1,-0.01,-1,-1,-0.01,-1,-1,-0.01,-1,-1
99926009,2026-05-18 13:20:40+05:30,53452.05,0,0.0,0,0.0,0.0,53282.15,53585.15,52783.45,53710.35,0,0.0,0.0,0.0,0.0,-0.01,-1,-1,-0.01,-1,-1,-0.01,-1,-1,-0.01,-1,-1,-0.01,-1,-1,-0.01,-1,-1,-0.01,-1,-1,-0.01,-1,-1,-0.01,-1,-1,-0.01,-1,-1
99926009,2026-05-18 13:20:41+05:30,53448.2,0,0.0,0,0.0,0.0,53282.15,53585.15,52783.45,53710.35,0,0.0,0.0,0.0,0.0,-0.01,-1,-1,-0.01,-1,-1,-0.01,-1,-1,-0.01,-1,-1,-0.01,-1,-1,-0.01,-1,-1,-0.01,-1,-1,-0.01,-1,-1,-0.01,-1,-1,-0.01,-1,-1
99926009,2026-05-18 13:20:41+05:30,53451.2,0,0.0,0,0.0,0.0,53282.15,53585.15,52783.45,53710.35,0,0.0,0.0,0.0,0.0,-0.01,-1,-1,-0.01,-1,-1,-0.01,-1,-1,-0.01,-1,-1,-0.01,-1,-1,-0.01,-1,-1,-0.01,-1,-1,-0.01,-1,-1,-0.01,-1,-1,-0.01,-1,-1
99926009,2026-05-18 13:20:42+05:30,53451.3,0,0.0,0,0.0,0.0,53282.15,53585.15,52783.45,53710.35,0,0.0,0.0,0.0,0.0,-0.01,-1,-1,-0.01,-1,-1,-0.01,-1,-1,-0.01,-1,-1,-0.01,-1,-1,-0.01,-1,-1,-0.01,-1,-1,-0.01,-1,-1,-0.01,-1,-1,-0.01,-1,-1
99926009,2026-05-18 13:20:42+05:30,53451.75,0,0.0,0,0.0,0.0,53282.15,53585.15,52783.45,53710.35,0,0.0,0.0,0.0,0.0,-0.01,-1,-1,-0.01,-1,-1,-0.01,-1,-1,-0.01,-1,-1,-0.01,-1,-1,-0.01,-1,-1,-0.01,-1,-1,-0.01,-1,-1,-0.01,-1,-1,-0.01,-1,-1
99926009,2026-05-18 13:20:43+05:30,53451.0,0,0.0,0,0.0,0.0,53282.15,53585.15,52783.45,53710.35,0,0.0,0.0,0.0,0.0,-0.01,-1,-1,-0.01,-1,-1,-0.01,-1,-1,-0.01,-1,-1,-0.01,-1,-1,-0.01,-1,-1,-0.01,-1,-1,-0.01,-1,-1,-0.01,-1,-1,-0.01,-1,-1
99926009,2026-05-18 13:20:43+05:30,53452.2,0,0.0,0,0.0,0.0,53282.15,53585.15,52783.45,53710.35,0,0.0,0.0,0.0,0.0,-0.01,-1,-1,-0.01,-1,-1,-0.01,-1,-1,-0.01,-1,-1,-0.01,-1,-1,-0.01,-1,-1,-0.01,-1,-1,-0.01,-1,-1,-0.01,-1,-1,-0.01,-1,-1
99926009,2026-05-18 13:20:44+05:30,53452.2,0,0.0,0,0.0,0.0,53282.15,53585.15,52783.45,53710.35,0,0.0,0.0,0.0,0.0,-0.01,-1,-1,-0.01,-1,-1,-0.01,-1,-1,-0.01,-1,-1,-0.01,-1,-1,-0.01,-1,-1,-0.01,-1,-1,-0.01,-1,-1,-0.01,-1,-1,-0.01,-1,-1
99926009,2026-05-18 13:20:44+05:30,53450.35,0,0.0,0,0.0,0.0,53282.15,53585.15,52783.45,53710.35,0,0.0,0.0,0.0,0.0,-0.01,-1,-1,-0.01,-1,-1,-0.01,-1,-1,-0.01,-1,-1,-0.01,-1,-1,-0.01,-1,-1,-0.01,-1,-1,-0.01,-1,-1,-0.01,-1,-1,-0.01,-1,-1
99926009,2026-05-18 13:20:45+05:30,53452.55,0,0.0,0,0.0,0.0,53282.15,53585.15,52783.45,53710.35,0,0.0,0.0,0.0,0.0,-0.01,-1,-1,-0.01,-1,-1,-0.01,-1,-1,-0.01,-1,-1,-0.01,-1,-1,-0.01,-1,-1,-0.01,-1,-1,-0.01,-1,-1,-0.01,-1,-1,-0.01,-1,-1
99926009,2026-05-18 13:20:45+05:30,53449.6,0,0.0,0,0.0,0.0,53282.15,53585.15,52783.45,53710.35,0,0.0,0.0,0.0,0.0,-0.01,-1,-1,-0.01,-1,-1,-0.01,-1,-1,-0.01,-1,-1,-0.01,-1,-1,-0.01,-1,-1,-0.01,-1,-1,-0.01,-1,-1,-0.01,-1,-1,-0.01,-1,-1
99926009,2026-05-18 13:20:46+05:30,53446.2,0,0.0,0,0.0,0.0,53282.15,53585.15,52783.45,53710.35,0,0.0,0.0,0.0,0.0,-0.01,-1,-1,-0.01,-1,-1,-0.01,-1,-1,-0.01,-1,-1,-0.01,-1,-1,-0.01,-1,-1,-0.01,-1,-1,-0.01,-1,-1,-0.01,-1,-1,-0.01,-1,-1
99926009,2026-05-18 13:20:46+05:30,53447.6,0,0.0,0,0.0,0.0,53282.15,53585.15,52783.45,53710.35,0,0.0,0.0,0.0,0.0,-0.01,-1,-1,-0.01,-1,-1,-0.01,-1,-1,-0.01,-1,-1,-0.01,-1,-1,-0.01,-1,-1,-0.01,-1,-1,-0.01,-1,-1,-0.01,-1,-1,-0.01,-1,-1
99926009,2026-05-18 13:20:47+05:30,53448.0,0,0.0,0,0.0,0.0,53282.15,53585.15,52783.45,53710.35,0,0.0,0.0,0.0,0.0,-0.01,-1,-1,-0.01,-1,-1,-0.01,-1,-1,-0.01,-1,-1,-0.01,-1,-1,-0.01,-1,-1,-0.01,-1,-1,-0.01,-1,-1,-0.01,-1,-1,-0.01,-1,-1
99926009,2026-05-18 13:20:47+05:30,53448.1,0,0.0,0,0.0,0.0,53282.15,53585.15,52783.45,53710.35,0,0.0,0.0,0.0,0.0,-0.01,-1,-1,-0.01,-1,-1,-0.01,-1,-1,-0.01,-1,-1,-0.01,-1,-1,-0.01,-1,-1,-0.01,-1,-1,-0.01,-1,-1,-0.01,-1,-1,-0.01,-1,-1
99926009,2026-05-18 13:20:48+05:30,53447.0,0,0.0,0,0.0,0.0,53282.15,53585.15,52783.45,53710.35,0,0.0,0.0,0.0,0.0,-0.01,-1,-1,-0.01,-1,-1,-0.01,-1,-1,-0.01,-1,-1,-0.01,-1,-1,-0.01,-1,-1,-0.01,-1,-1,-0.01,-1,-1,-0.01,-1,-1,-0.01,-1,-1
99926009,2026-05-18 13:20:48+05:30,53446.0,0,0.0,0,0.0,0.0,53282.15,53585.15,52783.45,53710.35,0,0.0,0.0,0.0,0.0,-0.01,-1,-1,-0.01,-1,-1,-0.01,-1,-1,-0.01,-1,-1,-0.01,-1,-1,-0.01,-1,-1,-0.01,-1,-1,-0.01,-1,-1,-0.01,-1,-1,-0.01,-1,-1
99926009,2026-05-18 13:20:49+05:30,53441.75,0,0.0,0,0.0,0.0,53282.15,53585.15,52783.45,53710.35,0,0.0,0.0,0.0,0.0,-0.01,-1,-1,-0.01,-1,-1,-0.01,-1,-1,-0.01,-1,-1,-0.01,-1,-1,-0.01,-1,-1,-0.01,-1,-1,-0.01,-1,-1,-0.01,-1,-1,-0.01,-1,-1
99926009,2026-05-18 13:20:49+05:30,53436.15,0,0.0,0,0.0,0.0,53282.15,53585.15,52783.45,53710.35,0,0.0,0.0,0.0,0.0,-0.01,-1,-1,-0.01,-1,-1,-0.01,-1,-1,-0.01,-1,-1,-0.01,-1,-1,-0.01,-1,-1,-0.01,-1,-1,-0.01,-1,-1,-0.01,-1,-1,-0.01,-1,-1
99926009,2026-05-18 13:20:50+05:30,53432.75,0,0.0,0,0.0,0.0,53282.15,53585.15,52783.45,53710.35,0,0.0,0.0,0.0,0.0,-0.01,-1,-1,-0.01,-1,-1,-0.01,-1,-1,-0.01,-1,-1,-0.01,-1,-1,-0.01,-1,-1,-0.01,-1,-1,-0.01,-1,-1,-0.01,-1,-1,-0.01,-1,-1
99926009,2026-05-18 13:20:50+05:30,53431.55,0,0.0,0,0.0,0.0,53282.15,53585.15,52783.45,53710.35,0,0.0,0.0,0.0,0.0,-0.01,-1,-1,-0.01,-1,-1,-0.01,-1,-1,-0.01,-1,-1,-0.01,-1,-1,-0.01,-1,-1,-0.01,-1,-1,-0.01,-1,-1,-0.01,-1,-1,-0.01,-1,-1
99926009,2026-05-18 13:20:51+05:30,53429.35,0,0.0,0,0.0,0.0,53282.15,53585.15,52783.45,53710.35,0,0.0,0.0,0.0,0.0,-0.01,-1,-1,-0.01,-1,-1,-0.01,-1,-1,-0.01,-1,-1,-0.01,-1,-1,-0.01,-1,-1,-0.01,-1,-1,-0.01,-1,-1,-0.01,-1,-1,-0.01,-1,-1
99926009,2026-05-18 13:20:51+05:30,53428.35,0,0.0,0,0.0,0.0,53282.15,53585.15,52783.45,53710.35,0,0.0,0.0,0.0,0.0,-0.01,-1,-1,-0.01,-1,-1,-0.01,-1,-1,-0.01,-1,-1,-0.01,-1,-1,-0.01,-1,-1,-0.01,-1,-1,-0.01,-1,-1,-0.01,-1,-1,-0.01,-1,-1
99926009,2026-05-18 13:20:52+05:30,53425.25,0,0.0,0,0.0,0.0,53282.15,53585.15,52783.45,53710.35,0,0.0,0.0,0.0,0.0,-0.01,-1,-1,-0.01,-1,-1,-0.01,-1,-1,-0.01,-1,-1,-0.01,-1,-1,-0.01,-1,-1,-0.01,-1,-1,-0.01,-1,-1,-0.01,-1,-1,-0.01,-1,-1
99926009,2026-05-18 13:20:52+05:30,53426.45,0,0.0,0,0.0,0.0,53282.15,53585.15,52783.45,53710.35,0,0.0,0.0,0.0,0.0,-0.01,-1,-1,-0.01,-1,-1,-0.01,-1,-1,-0.01,-1,-1,-0.01,-1,-1,-0.01,-1,-1,-0.01,-1,-1,-0.01,-1,-1,-0.01,-1,-1,-0.01,-1,-1
99926009,2026-05-18 13:20:53+05:30,53424.95,0,0.0,0,0.0,0.0,53282.15,53585.15,52783.45,53710.35,0,0.0,0.0,0.0,0.0,-0.01,-1,-1,-0.01,-1,-1,-0.01,-1,-1,-0.01,-1,-1,-0.01,-1,-1,-0.01,-1,-1,-0.01,-1,-1,-0.01,-1,-1,-0.01,-1,-1,-0.01,-1,-1
99926009,2026-05-18 13:20:53+05:30,53427.2,0,0.0,0,0.0,0.0,53282.15,53585.15,52783.45,53710.35,0,0.0,0.0,0.0,0.0,-0.01,-1,-1,-0.01,-1,-1,-0.01,-1,-1,-0.01,-1,-1,-0.01,-1,-1,-0.01,-1,-1,-0.01,-1,-1,-0.01,-1,-1,-0.01,-1,-1,-0.01,-1,-1
99926009,2026-05-18 13:20:54+05:30,53424.45,0,0.0,0,0.0,0.0,53282.15,53585.15,52783.45,53710.35,0,0.0,0.0,0.0,0.0,-0.01,-1,-1,-0.01,-1,-1,-0.01,-1,-1,-0.01,-1,-1,-0.01,-1,-1,-0.01,-1,-1,-0.01,-1,-1,-0.01,-1,-1,-0.01,-1,-1,-0.01,-1,-1
99926009,2026-05-18 13:20:54+05:30,53426.0,0,0.0,0,0.0,0.0,53282.15,53585.15,52783.45,53710.35,0,0.0,0.0,0.0,0.0,-0.01,-1,-1,-0.01,-1,-1,-0.01,-1,-1,-0.01,-1,-1,-0.01,-1,-1,-0.01,-1,-1,-0.01,-1,-1,-0.01,-1,-1,-0.01,-1,-1,-0.01,-1,-1
99926009,2026-05-18 13:20:55+05:30,53423.25,0,0.0,0,0.0,0.0,53282.15,53585.15,52783.45,53710.35,0,0.0,0.0,0.0,0.0,-0.01,-1,-1,-0.01,-1,-1,-0.01,-1,-1,-0.01,-1,-1,-0.01,-1,-1,-0.01,-1,-1,-0.01,-1,-1,-0.01,-1,-1,-0.01,-1,-1,-0.01,-1,-1
99926009,2026-05-18 13:20:55+05:30,53422.35,0,0.0,0,0.0,0.0,53282.15,53585.15,52783.45,53710.35,0,0.0,0.0,0.0,0.0,-0.01,-1,-1,-0.01,-1,-1,-0.01,-1,-1,-0.01,-1,-1,-0.01,-1,-1,-0.01,-1,-1,-0.01,-1,-1,-0.01,-1,-1,-0.01,-1,-1,-0.01,-1,-1
99926009,2026-05-18 13:20:56+05:30,53421.15,0,0.0,0,0.0,0.0,53282.15,53585.15,52783.45,53710.35,0,0.0,0.0,0.0,0.0,-0.01,-1,-1,-0.01,-1,-1,-0.01,-1,-1,-0.01,-1,-1,-0.01,-1,-1,-0.01,-1,-1,-0.01,-1,-1,-0.01,-1,-1,-0.01,-1,-1,-0.01,-1,-1
99926009,2026-05-18 13:20:56+05:30,53419.6,0,0.0,0,0.0,0.0,53282.15,53585.15,52783.45,53710.35,0,0.0,0.0,0.0,0.0,-0.01,-1,-1,-0.01,-1,-1,-0.01,-1,-1,-0.01,-1,-1,-0.01,-1,-1,-0.01,-1,-1,-0.01,-1,-1,-0.01,-1,-1,-0.01,-1,-1,-0.01,-1,-1
99926009,2026-05-18 13:20:57+05:30,53422.15,0,0.0,0,0.0,0.0,53282.15,53585.15,52783.45,53710.35,0,0.0,0.0,0.0,0.0,-0.01,-1,-1,-0.01,-1,-1,-0.01,-1,-1,-0.01,-1,-1,-0.01,-1,-1,-0.01,-1,-1,-0.01,-1,-1,-0.01,-1,-1,-0.01,-1,-1,-0.01,-1,-1
99926009,2026-05-18 13:20:57+05:30,53419.0,0,0.0,0,0.0,0.0,53282.15,53585.15,52783.45,53710.35,0,0.0,0.0,0.0,0.0,-0.01,-1,-1,-0.01,-1,-1,-0.01,-1,-1,-0.01,-1,-1,-0.01,-1,-1,-0.01,-1,-1,-0.01,-1,-1,-0.01,-1,-1,-0.01,-1,-1,-0.01,-1,-1
99926009,2026-05-18 13:20:58+05:30,53418.35,0,0.0,0,0.0,0.0,53282.15,53585.15,52783.45,53710.35,0,0.0,0.0,0.0,0.0,-0.01,-1,-1,-0.01,-1,-1,-0.01,-1,-1,-0.01,-1,-1,-0.01,-1,-1,-0.01,-1,-1,-0.01,-1,-1,-0.01,-1,-1,-0.01,-1,-1,-0.01,-1,-1
99926009,2026-05-18 13:20:58+05:30,53416.65,0,0.0,0,0.0,0.0,53282.15,53585.15,52783.45,53710.35,0,0.0,0.0,0.0,0.0,-0.01,-1,-1,-0.01,-1,-1,-0.01,-1,-1,-0.01,-1,-1,-0.01,-1,-1,-0.01,-1,-1,-0.01,-1,-1,-0.01,-1,-1,-0.01,-1,-1,-0.01,-1,-1
99926009,2026-05-18 13:20:59+05:30,53416.4,0,0.0,0,0.0,0.0,53282.15,53585.15,52783.45,53710.35,0,0.0,0.0,0.0,0.0,-0.01,-1,-1,-0.01,-1,-1,-0.01,-1,-1,-0.01,-1,-1,-0.01,-1,-1,-0.01,-1,-1,-0.01,-1,-1,-0.01,-1,-1,-0.01,-1,-1,-0.01,-1,-1
99926009,2026-05-18 13:20:59+05:30,53415.05,0,0.0,0,0.0,0.0,53282.15,53585.15,52783.45,53710.35,0,0.0,0.0,0.0,0.0,-0.01,-1,-1,-0.01,-1,-1,-0.01,-1,-1,-0.01,-1,-1,-0.01,-1,-1,-0.01,-1,-1,-0.01,-1,-1,-0.01,-1,-1,-0.01,-1,-1,-0.01,-1,-1
99926009,2026-05-18 13:21:00+05:30,53414.6,0,0.0,0,0.0,0.0,53282.15,53585.15,52783.45,53710.35,0,0.0,0.0,0.0,0.0,-0.01,-1,-1,-0.01,-1,-1,-0.01,-1,-1,-0.01,-1,-1,-0.01,-1,-1,-0.01,-1,-1,-0.01,-1,-1,-0.01,-1,-1,-0.01,-1,-1,-0.01,-1,-1
99926009,2026-05-18 13:21:00+05:30,53413.85,0,0.0,0,0.0,0.0,53282.15,53585.15,52783.45,53710.35,0,0.0,0.0,0.0,0.0,-0.01,-1,-1,-0.01,-1,-1,-0.01,-1,-1,-0.01,-1,-1,-0.01,-1,-1,-0.01,-1,-1,-0.01,-1,-1,-0.01,-1,-1,-0.01,-1,-1,-0.01,-1,-1
99926009,2026-05-18 13:21:01+05:30,53415.3,0,0.0,0,0.0,0.0,53282.15,53585.15,52783.45,53710.35,0,0.0,0.0,0.0,0.0,-0.01,-1,-1,-0.01,-1,-1,-0.01,-1,-1,-0.01,-1,-1,-0.01,-1,-1,-0.01,-1,-1,-0.01,-1,-1,-0.01,-1,-1,-0.01,-1,-1,-0.01,-1,-1
99926009,2026-05-18 13:21:01+05:30,53417.9,0,0.0,0,0.0,0.0,53282.15,53585.15,52783.45,53710.35,0,0.0,0.0,0.0,0.0,-0.01,-1,-1,-0.01,-1,-1,-0.01,-1,-1,-0.01,-1,-1,-0.01,-1,-1,-0.01,-1,-1,-0.01,-1,-1,-0.01,-1,-1,-0.01,-1,-1,-0.01,-1,-1
99926009,2026-05-18 13:21:02+05:30,53416.0,0,0.0,0,0.0,0.0,53282.15,53585.15,52783.45,53710.35,0,0.0,0.0,0.0,0.0,-0.01,-1,-1,-0.01,-1,-1,-0.01,-1,-1,-0.01,-1,-1,-0.01,-1,-1,-0.01,-1,-1,-0.01,-1,-1,-0.01,-1,-1,-0.01,-1,-1,-0.01,-1,-1
99926009,2026-05-18 13:21:02+05:30,53418.0,0,0.0,0,0.0,0.0,53282.15,53585.15,52783.45,53710.35,0,0.0,0.0,0.0,0.0,-0.01,-1,-1,-0.01,-1,-1,-0.01,-1,-1,-0.01,-1,-1,-0.01,-1,-1,-0.01,-1,-1,-0.01,-1,-1,-0.01,-1,-1,-0.01,-1,-1,-0.01,-1,-1
99926009,2026-05-18 13:21:03+05:30,53416.5,0,0.0,0,0.0,0.0,53282.15,53585.15,52783.45,53710.35,0,0.0,0.0,0.0,0.0,-0.01,-1,-1,-0.01,-1,-1,-0.01,-1,-1,-0.01,-1,-1,-0.01,-1,-1,-0.01,-1,-1,-0.01,-1,-1,-0.01,-1,-1,-0.01,-1,-1,-0.01,-1,-1
99926009,2026-05-18 13:21:03+05:30,53415.25,0,0.0,0,0.0,0.0,53282.15,53585.15,52783.45,53710.35,0,0.0,0.0,0.0,0.0,-0.01,-1,-1,-0.01,-1,-1,-0.01,-1,-1,-0.01,-1,-1,-0.01,-1,-1,-0.01,-1,-1,-0.01,-1,-1,-0.01,-1,-1,-0.01,-1,-1,-0.01,-1,-1
99926009,2026-05-18 13:21:04+05:30,53416.8,0,0.0,0,0.0,0.0,53282.15,53585.15,52783.45,53710.35,0,0.0,0.0,0.0,0.0,-0.01,-1,-1,-0.01,-1,-1,-0.01,-1,-1,-0.01,-1,-1,-0.01,-1,-1,-0.01,-1,-1,-0.01,-1,-1,-0.01,-1,-1,-0.01,-1,-1,-0.01,-1,-1
99926009,2026-05-18 13:21:04+05:30,53416.65,0,0.0,0,0.0,0.0,53282.15,53585.15,52783.45,53710.35,0,0.0,0.0,0.0,0.0,-0.01,-1,-1,-0.01,-1,-1,-0.01,-1,-1,-0.01,-1,-1,-0.01,-1,-1,-0.01,-1,-1,-0.01,-1,-1,-0.01,-1,-1,-0.01,-1,-1,-0.01,-1,-1
99926009,2026-05-18 13:21:05+05:30,53416.5,0,0.0,0,0.0,0.0,53282.15,53585.15,52783.45,53710.35,0,0.0,0.0,0.0,0.0,-0.01,-1,-1,-0.01,-1,-1,-0.01,-1,-1,-0.01,-1,-1,-0.01,-1,-1,-0.01,-1,-1,-0.01,-1,-1,-0.01,-1,-1,-0.01,-1,-1,-0.01,-1,-1
99926009,2026-05-18 13:21:05+05:30,53416.55,0,0.0,0,0.0,0.0,53282.15,53585.15,52783.45,53710.35,0,0.0,0.0,0.0,0.0,-0.01,-1,-1,-0.01,-1,-1,-0.01,-1,-1,-0.01,-1,-1,-0.01,-1,-1,-0.01,-1,-1,-0.01,-1,-1,-0.01,-1,-1,-0.01,-1,-1,-0.01,-1,-1
99926009,2026-05-18 13:21:06+05:30,53416.75,0,0.0,0,0.0,0.0,53282.15,53585.15,52783.45,53710.35,0,0.0,0.0,0.0,0.0,-0.01,-1,-1,-0.01,-1,-1,-0.01,-1,-1,-0.01,-1,-1,-0.01,-1,-1,-0.01,-1,-1,-0.01,-1,-1,-0.01,-1,-1,-0.01,-1,-1,-0.01,-1,-1
99926009,2026-05-18 13:21:06+05:30,53417.35,0,0.0,0,0.0,0.0,53282.15,53585.15,52783.45,53710.35,0,0.0,0.0,0.0,0.0,-0.01,-1,-1,-0.01,-1,-1,-0.01,-1,-1,-0.01,-1,-1,-0.01,-1,-1,-0.01,-1,-1,-0.01,-1,-1,-0.01,-1,-1,-0.01,-1,-1,-0.01,-1,-1
99926009,2026-05-18 13:21:07+05:30,53417.25,0,0.0,0,0.0,0.0,53282.15,53585.15,52783.45,53710.35,0,0.0,0.0,0.0,0.0,-0.01,-1,-1,-0.01,-1,-1,-0.01,-1,-1,-0.01,-1,-1,-0.01,-1,-1,-0.01,-1,-1,-0.01,-1,-1,-0.01,-1,-1,-0.01,-1,-1,-0.01,-1,-1
99926009,2026-05-18 13:21:07+05:30,53421.1,0,0.0,0,0.0,0.0,53282.15,53585.15,52783.45,53710.35,0,0.0,0.0,0.0,0.0,-0.01,-1,-1,-0.01,-1,-1,-0.01,-1,-1,-0.01,-1,-1,-0.01,-1,-1,-0.01,-1,-1,-0.01,-1,-1,-0.01,-1,-1,-0.01,-1,-1,-0.01,-1,-1
99926009,2026-05-18 13:21:08+05:30,53419.45,0,0.0,0,0.0,0.0,53282.15,53585.15,52783.45,53710.35,0,0.0,0.0,0.0,0.0,-0.01,-1,-1,-0.01,-1,-1,-0.01,-1,-1,-0.01,-1,-1,-0.01,-1,-1,-0.01,-1,-1,-0.01,-1,-1,-0.01,-1,-1,-0.01,-1,-1,-0.01,-1,-1
99926009,2026-05-18 13:21:08+05:30,53417.45,0,0.0,0,0.0,0.0,53282.15,53585.15,52783.45,53710.35,0,0.0,0.0,0.0,0.0,-0.01,-1,-1,-0.01,-1,-1,-0.01,-1,-1,-0.01,-1,-1,-0.01,-1,-1,-0.01,-1,-1,-0.01,-1,-1,-0.01,-1,-1,-0.01,-1,-1,-0.01,-1,-1
99926009,2026-05-18 13:21:09+05:30,53418.5,0,0.0,0,0.0,0.0,53282.15,53585.15,52783.45,53710.35,0,0.0,0.0,0.0,0.0,-0.01,-1,-1,-0.01,-1,-1,-0.01,-1,-1,-0.01,-1,-1,-0.01,-1,-1,-0.01,-1,-1,-0.01,-1,-1,-0.01,-1,-1,-0.01,-1,-1,-0.01,-1,-1
99926009,2026-05-18 13:21:09+05:30,53418.4,0,0.0,0,0.0,0.0,53282.15,53585.15,52783.45,53710.35,0,0.0,0.0,0.0,0.0,-0.01,-1,-1,-0.01,-1,-1,-0.01,-1,-1,-0.01,-1,-1,-0.01,-1,-1,-0.01,-1,-1,-0.01,-1,-1,-0.01,-1,-1,-0.01,-1,-1,-0.01,-1,-1
99926009,2026-05-18 13:21:10+05:30,53418.4,0,0.0,0,0.0,0.0,53282.15,53585.15,52783.45,53710.35,0,0.0,0.0,0.0,0.0,-0.01,-1,-1,-0.01,-1,-1,-0.01,-1,-1,-0.01,-1,-1,-0.01,-1,-1,-0.01,-1,-1,-0.01,-1,-1,-0.01,-1,-1,-0.01,-1,-1,-0.01,-1,-1
99926009,2026-05-18 13:21:10+05:30,53418.35,0,0.0,0,0.0,0.0,53282.15,53585.15,52783.45,53710.35,0,0.0,0.0,0.0,0.0,-0.01,-1,-1,-0.01,-1,-1,-0.01,-1,-1,-0.01,-1,-1,-0.01,-1,-1,-0.01,-1,-1,-0.01,-1,-1,-0.01,-1,-1,-0.01,-1,-1,-0.01,-1,-1
99926009,2026-05-18 13:21:11+05:30,53417.7,0,0.0,0,0.0,0.0,53282.15,53585.15,52783.45,53710.35,0,0.0,0.0,0.0,0.0,-0.01,-1,-1,-0.01,-1,-1,-0.01,-1,-1,-0.01,-1,-1,-0.01,-1,-1,-0.01,-1,-1,-0.01,-1,-1,-0.01,-1,-1,-0.01,-1,-1,-0.01,-1,-1
99926009,2026-05-18 13:21:11+05:30,53419.2,0,0.0,0,0.0,0.0,53282.15,53585.15,52783.45,53710.35,0,0.0,0.0,0.0,0.0,-0.01,-1,-1,-0.01,-1,-1,-0.01,-1,-1,-0.01,-1,-1,-0.01,-1,-1,-0.01,-1,-1,-0.01,-1,-1,-0.01,-1,-1,-0.01,-1,-1,-0.01,-1,-1
99926009,2026-05-18 13:21:12+05:30,53418.15,0,0.0,0,0.0,0.0,53282.15,53585.15,52783.45,53710.35,0,0.0,0.0,0.0,0.0,-0.01,-1,-1,-0.01,-1,-1,-0.01,-1,-1,-0.01,-1,-1,-0.01,-1,-1,-0.01,-1,-1,-0.01,-1,-1,-0.01,-1,-1,-0.01,-1,-1,-0.01,-1,-1
99926009,2026-05-18 13:21:12+05:30,53417.85,0,0.0,0,0.0,0.0,53282.15,53585.15,52783.45,53710.35,0,0.0,0.0,0.0,0.0,-0.01,-1,-1,-0.01,-1,-1,-0.01,-1,-1,-0.01,-1,-1,-0.01,-1,-1,-0.01,-1,-1,-0.01,-1,-1,-0.01,-1,-1,-0.01,-1,-1,-0.01,-1,-1
99926009,2026-05-18 13:21:13+05:30,53418.55,0,0.0,0,0.0,0.0,53282.15,53585.15,52783.45,53710.35,0,0.0,0.0,0.0,0.0,-0.01,-1,-1,-0.01,-1,-1,-0.01,-1,-1,-0.01,-1,-1,-0.01,-1,-1,-0.01,-1,-1,-0.01,-1,-1,-0.01,-1,-1,-0.01,-1,-1,-0.01,-1,-1
99926009,2026-05-18 13:21:13+05:30,53417.7,0,0.0,0,0.0,0.0,53282.15,53585.15,52783.45,53710.35,0,0.0,0.0,0.0,0.0,-0.01,-1,-1,-0.01,-1,-1,-0.01,-1,-1,-0.01,-1,-1,-0.01,-1,-1,-0.01,-1,-1,-0.01,-1,-1,-0.01,-1,-1,-0.01,-1,-1,-0.01,-1,-1
99926009,2026-05-18 13:21:14+05:30,53418.45,0,0.0,0,0.0,0.0,53282.15,53585.15,52783.45,53710.35,0,0.0,0.0,0.0,0.0,-0.01,-1,-1,-0.01,-1,-1,-0.01,-1,-1,-0.01,-1,-1,-0.01,-1,-1,-0.01,-1,-1,-0.01,-1,-1,-0.01,-1,-1,-0.01,-1,-1,-0.01,-1,-1
99926009,2026-05-18 13:21:14+05:30,53419.25,0,0.0,0,0.0,0.0,53282.15,53585.15,52783.45,53710.35,0,0.0,0.0,0.0,0.0,-0.01,-1,-1,-0.01,-1,-1,-0.01,-1,-1,-0.01,-1,-1,-0.01,-1,-1,-0.01,-1,-1,-0.01,-1,-1,-0.01,-1,-1,-0.01,-1,-1,-0.01,-1,-1
99926009,2026-05-18 13:21:15+05:30,53418.8,0,0.0,0,0.0,0.0,53282.15,53585.15,52783.45,53710.35,0,0.0,0.0,0.0,0.0,-0.01,-1,-1,-0.01,-1,-1,-0.01,-1,-1,-0.01,-1,-1,-0.01,-1,-1,-0.01,-1,-1,-0.01,-1,-1,-0.01,-1,-1,-0.01,-1,-1,-0.01,-1,-1
99926009,2026-05-18 13:21:15+05:30,53420.2,0,0.0,0,0.0,0.0,53282.15,53585.15,52783.45,53710.35,0,0.0,0.0,0.0,0.0,-0.01,-1,-1,-0.01,-1,-1,-0.01,-1,-1,-0.01,-1,-1,-0.01,-1,-1,-0.01,-1,-1,-0.01,-1,-1,-0.01,-1,-1,-0.01,-1,-1,-0.01,-1,-1
99926009,2026-05-18 13:21:16+05:30,53419.35,0,0.0,0,0.0,0.0,53282.15,53585.15,52783.45,53710.35,0,0.0,0.0,0.0,0.0,-0.01,-1,-1,-0.01,-1,-1,-0.01,-1,-1,-0.01,-1,-1,-0.01,-1,-1,-0.01,-1,-1,-0.01,-1,-1,-0.01,-1,-1,-0.01,-1,-1,-0.01,-1,-1
99926009,2026-05-18 13:21:16+05:30,53419.0,0,0.0,0,0.0,0.0,53282.15,53585.15,52783.45,53710.35,0,0.0,0.0,0.0,0.0,-0.01,-1,-1,-0.01,-1,-1,-0.01,-1,-1,-0.01,-1,-1,-0.01,-1,-1,-0.01,-1,-1,-0.01,-1,-1,-0.01,-1,-1,-0.01,-1,-1,-0.01,-1,-1
99926009,2026-05-18 13:21:17+05:30,53421.65,0,0.0,0,0.0,0.0,53282.15,53585.15,52783.45,53710.35,0,0.0,0.0,0.0,0.0,-0.01,-1,-1,-0.01,-1,-1,-0.01,-1,-1,-0.01,-1,-1,-0.01,-1,-1,-0.01,-1,-1,-0.01,-1,-1,-0.01,-1,-1,-0.01,-1,-1,-0.01,-1,-1
99926009,2026-05-18 13:21:17+05:30,53421.2,0,0.0,0,0.0,0.0,53282.15,53585.15,52783.45,53710.35,0,0.0,0.0,0.0,0.0,-0.01,-1,-1,-0.01,-1,-1,-0.01,-1,-1,-0.01,-1,-1,-0.01,-1,-1,-0.01,-1,-1,-0.01,-1,-1,-0.01,-1,-1,-0.01,-1,-1,-0.01,-1,-1
99926009,2026-05-18 13:21:18+05:30,53424.05,0,0.0,0,0.0,0.0,53282.15,53585.15,52783.45,53710.35,0,0.0,0.0,0.0,0.0,-0.01,-1,-1,-0.01,-1,-1,-0.01,-1,-1,-0.01,-1,-1,-0.01,-1,-1,-0.01,-1,-1,-0.01,-1,-1,-0.01,-1,-1,-0.01,-1,-1,-0.01,-1,-1
99926009,2026-05-18 13:21:18+05:30,53429.2,0,0.0,0,0.0,0.0,53282.15,53585.15,52783.45,53710.35,0,0.0,0.0,0.0,0.0,-0.01,-1,-1,-0.01,-1,-1,-0.01,-1,-1,-0.01,-1,-1,-0.01,-1,-1,-0.01,-1,-1,-0.01,-1,-1,-0.01,-1,-1,-0.01,-1,-1,-0.01,-1,-1
99926009,2026-05-18 13:21:19+05:30,53429.6,0,0.0,0,0.0,0.0,53282.15,53585.15,52783.45,53710.35,0,0.0,0.0,0.0,0.0,-0.01,-1,-1,-0.01,-1,-1,-0.01,-1,-1,-0.01,-1,-1,-0.01,-1,-1,-0.01,-1,-1,-0.01,-1,-1,-0.01,-1,-1,-0.01,-1,-1,-0.01,-1,-1
99926009,2026-05-18 13:21:19+05:30,53428.15,0,0.0,0,0.0,0.0,53282.15,53585.15,52783.45,53710.35,0,0.0,0.0,0.0,0.0,-0.01,-1,-1,-0.01,-1,-1,-0.01,-1,-1,-0.01,-1,-1,-0.01,-1,-1,-0.01,-1,-1,-0.01,-1,-1,-0.01,-1,-1,-0.01,-1,-1,-0.01,-1,-1
99926009,2026-05-18 13:21:20+05:30,53429.95,0,0.0,0,0.0,0.0,53282.15,53585.15,52783.45,53710.35,0,0.0,0.0,0.0,0.0,-0.01,-1,-1,-0.01,-1,-1,-0.01,-1,-1,-0.01,-1,-1,-0.01,-1,-1,-0.01,-1,-1,-0.01,-1,-1,-0.01,-1,-1,-0.01,-1,-1,-0.01,-1,-1
99926009,2026-05-18 13:21:20+05:30,53430.9,0,0.0,0,0.0,0.0,53282.15,53585.15,52783.45,53710.35,0,0.0,0.0,0.0,0.0,-0.01,-1,-1,-0.01,-1,-1,-0.01,-1,-1,-0.01,-1,-1,-0.01,-1,-1,-0.01,-1,-1,-0.01,-1,-1,-0.01,-1,-1,-0.01,-1,-1,-0.01,-1,-1
99926009,2026-05-18 13:21:21+05:30,53429.6,0,0.0,0,0.0,0.0,53282.15,53585.15,52783.45,53710.35,0,0.0,0.0,0.0,0.0,-0.01,-1,-1,-0.01,-1,-1,-0.01,-1,-1,-0.01,-1,-1,-0.01,-1,-1,-0.01,-1,-1,-0.01,-1,-1,-0.01,-1,-1,-0.01,-1,-1,-0.01,-1,-1
99926009,2026-05-18 13:21:21+05:30,53427.85,0,0.0,0,0.0,0.0,53282.15,53585.15,52783.45,53710.35,0,0.0,0.0,0.0,0.0,-0.01,-1,-1,-0.01,-1,-1,-0.01,-1,-1,-0.01,-1,-1,-0.01,-1,-1,-0.01,-1,-1,-0.01,-1,-1,-0.01,-1,-1,-0.01,-1,-1,-0.01,-1,-1
99926009,2026-05-18 13:21:22+05:30,53428.6,0,0.0,0,0.0,0.0,53282.15,53585.15,52783.45,53710.35,0,0.0,0.0,0.0,0.0,-0.01,-1,-1,-0.01,-1,-1,-0.01,-1,-1,-0.01,-1,-1,-0.01,-1,-1,-0.01,-1,-1,-0.01,-1,-1,-0.01,-1,-1,-0.01,-1,-1,-0.01,-1,-1
99926009,2026-05-18 13:21:22+05:30,53426.7,0,0.0,0,0.0,0.0,53282.15,53585.15,52783.45,53710.35,0,0.0,0.0,0.0,0.0,-0.01,-1,-1,-0.01,-1,-1,-0.01,-1,-1,-0.01,-1,-1,-0.01,-1,-1,-0.01,-1,-1,-0.01,-1,-1,-0.01,-1,-1,-0.01,-1,-1,-0.01,-1,-1
99926009,2026-05-18 13:21:23+05:30,53428.45,0,0.0,0,0.0,0.0,53282.15,53585.15,52783.45,53710.35,0,0.0,0.0,0.0,0.0,-0.01,-1,-1,-0.01,-1,-1,-0.01,-1,-1,-0.01,-1,-1,-0.01,-1,-1,-0.01,-1,-1,-0.01,-1,-1,-0.01,-1,-1,-0.01,-1,-1,-0.01,-1,-1
99926009,2026-05-18 13:21:23+05:30,53428.75,0,0.0,0,0.0,0.0,53282.15,53585.15,52783.45,53710.35,0,0.0,0.0,0.0,0.0,-0.01,-1,-1,-0.01,-1,-1,-0.01,-1,-1,-0.01,-1,-1,-0.01,-1,-1,-0.01,-1,-1,-0.01,-1,-1,-0.01,-1,-1,-0.01,-1,-1,-0.01,-1,-1
99926009,2026-05-18 13:21:24+05:30,53427.65,0,0.0,0,0.0,0.0,53282.15,53585.15,52783.45,53710.35,0,0.0,0.0,0.0,0.0,-0.01,-1,-1,-0.01,-1,-1,-0.01,-1,-1,-0.01,-1,-1,-0.01,-1,-1,-0.01,-1,-1,-0.01,-1,-1,-0.01,-1,-1,-0.01,-1,-1,-0.01,-1,-1
99926009,2026-05-18 13:21:24+05:30,53430.85,0,0.0,0,0.0,0.0,53282.15,53585.15,52783.45,53710.35,0,0.0,0.0,0.0,0.0,-0.01,-1,-1,-0.01,-1,-1,-0.01,-1,-1,-0.01,-1,-1,-0.01,-1,-1,-0.01,-1,-1,-0.01,-1,-1,-0.01,-1,-1,-0.01,-1,-1,-0.01,-1,-1
99926009,2026-05-18 13:21:25+05:30,53429.9,0,0.0,0,0.0,0.0,53282.15,53585.15,52783.45,53710.35,0,0.0,0.0,0.0,0.0,-0.01,-1,-1,-0.01,-1,-1,-0.01,-1,-1,-0.01,-1,-1,-0.01,-1,-1,-0.01,-1,-1,-0.01,-1,-1,-0.01,-1,-1,-0.01,-1,-1,-0.01,-1,-1
99926009,2026-05-18 13:21:25+05:30,53428.55,0,0.0,0,0.0,0.0,53282.15,53585.15,52783.45,53710.35,0,0.0,0.0,0.0,0.0,-0.01,-1,-1,-0.01,-1,-1,-0.01,-1,-1,-0.01,-1,-1,-0.01,-1,-1,-0.01,-1,-1,-0.01,-1,-1,-0.01,-1,-1,-0.01,-1,-1,-0.01,-1,-1
99926009,2026-05-18 13:21:26+05:30,53427.8,0,0.0,0,0.0,0.0,53282.15,53585.15,52783.45,53710.35,0,0.0,0.0,0.0,0.0,-0.01,-1,-1,-0.01,-1,-1,-0.01,-1,-1,-0.01,-1,-1,-0.01,-1,-1,-0.01,-1,-1,-0.01,-1,-1,-0.01,-1,-1,-0.01,-1,-1,-0.01,-1,-1
99926009,2026-05-18 13:21:26+05:30,53430.5,0,0.0,0,0.0,0.0,53282.15,53585.15,52783.45,53710.35,0,0.0,0.0,0.0,0.0,-0.01,-1,-1,-0.01,-1,-1,-0.01,-1,-1,-0.01,-1,-1,-0.01,-1,-1,-0.01,-1,-1,-0.01,-1,-1,-0.01,-1,-1,-0.01,-1,-1,-0.01,-1,-1
99926009,2026-05-18 13:21:27+05:30,53430.5,0,0.0,0,0.0,0.0,53282.15,53585.15,52783.45,53710.35,0,0.0,0.0,0.0,0.0,-0.01,-1,-1,-0.01,-1,-1,-0.01,-1,-1,-0.01,-1,-1,-0.01,-1,-1,-0.01,-1,-1,-0.01,-1,-1,-0.01,-1,-1,-0.01,-1,-1,-0.01,-1,-1
99926009,2026-05-18 13:21:27+05:30,53430.6,0,0.0,0,0.0,0.0,53282.15,53585.15,52783.45,53710.35,0,0.0,0.0,0.0,0.0,-0.01,-1,-1,-0.01,-1,-1,-0.01,-1,-1,-0.01,-1,-1,-0.01,-1,-1,-0.01,-1,-1,-0.01,-1,-1,-0.01,-1,-1,-0.01,-1,-1,-0.01,-1,-1
99926009,2026-05-18 13:21:28+05:30,53430.7,0,0.0,0,0.0,0.0,53282.15,53585.15,52783.45,53710.35,0,0.0,0.0,0.0,0.0,-0.01,-1,-1,-0.01,-1,-1,-0.01,-1,-1,-0.01,-1,-1,-0.01,-1,-1,-0.01,-1,-1,-0.01,-1,-1,-0.01,-1,-1,-0.01,-1,-1,-0.01,-1,-1
99926009,2026-05-18 13:21:28+05:30,53430.1,0,0.0,0,0.0,0.0,53282.15,53585.15,52783.45,53710.35,0,0.0,0.0,0.0,0.0,-0.01,-1,-1,-0.01,-1,-1,-0.01,-1,-1,-0.01,-1,-1,-0.01,-1,-1,-0.01,-1,-1,-0.01,-1,-1,-0.01,-1,-1,-0.01,-1,-1,-0.01,-1,-1
99926009,2026-05-18 13:21:29+05:30,53430.8,0,0.0,0,0.0,0.0,53282.15,53585.15,52783.45,53710.35,0,0.0,0.0,0.0,0.0,-0.01,-1,-1,-0.01,-1,-1,-0.01,-1,-1,-0.01,-1,-1,-0.01,-1,-1,-0.01,-1,-1,-0.01,-1,-1,-0.01,-1,-1,-0.01,-1,-1,-0.01,-1,-1
99926009,2026-05-18 13:21:29+05:30,53430.1,0,0.0,0,0.0,0.0,53282.15,53585.15,52783.45,53710.35,0,0.0,0.0,0.0,0.0,-0.01,-1,-1,-0.01,-1,-1,-0.01,-1,-1,-0.01,-1,-1,-0.01,-1,-1,-0.01,-1,-1,-0.01,-1,-1,-0.01,-1,-1,-0.01,-1,-1,-0.01,-1,-1
99926009,2026-05-18 13:21:30+05:30,53433.45,0,0.0,0,0.0,0.0,53282.15,53585.15,52783.45,53710.35,0,0.0,0.0,0.0,0.0,-0.01,-1,-1,-0.01,-1,-1,-0.01,-1,-1,-0.01,-1,-1,-0.01,-1,-1,-0.01,-1,-1,-0.01,-1,-1,-0.01,-1,-1,-0.01,-1,-1,-0.01,-1,-1
99926009,2026-05-18 13:21:30+05:30,53434.15,0,0.0,0,0.0,0.0,53282.15,53585.15,52783.45,53710.35,0,0.0,0.0,0.0,0.0,-0.01,-1,-1,-0.01,-1,-1,-0.01,-1,-1,-0.01,-1,-1,-0.01,-1,-1,-0.01,-1,-1,-0.01,-1,-1,-0.01,-1,-1,-0.01,-1,-1,-0.01,-1,-1
99926009,2026-05-18 13:21:31+05:30,53433.85,0,0.0,0,0.0,0.0,53282.15,53585.15,52783.45,53710.35,0,0.0,0.0,0.0,0.0,-0.01,-1,-1,-0.01,-1,-1,-0.01,-1,-1,-0.01,-1,-1,-0.01,-1,-1,-0.01,-1,-1,-0.01,-1,-1,-0.01,-1,-1,-0.01,-1,-1,-0.01,-1,-1
99926009,2026-05-18 13:21:31+05:30,53443.8,0,0.0,0,0.0,0.0,53282.15,53585.15,52783.45,53710.35,0,0.0,0.0,0.0,0.0,-0.01,-1,-1,-0.01,-1,-1,-0.01,-1,-1,-0.01,-1,-1,-0.01,-1,-1,-0.01,-1,-1,-0.01,-1,-1,-0.01,-1,-1,-0.01,-1,-1,-0.01,-1,-1
99926009,2026-05-18 13:21:32+05:30,53447.45,0,0.0,0,0.0,0.0,53282.15,53585.15,52783.45,53710.35,0,0.0,0.0,0.0,0.0,-0.01,-1,-1,-0.01,-1,-1,-0.01,-1,-1,-0.01,-1,-1,-0.01,-1,-1,-0.01,-1,-1,-0.01,-1,-1,-0.01,-1,-1,-0.01,-1,-1,-0.01,-1,-1
99926009,2026-05-18 13:21:32+05:30,53447.2,0,0.0,0,0.0,0.0,53282.15,53585.15,52783.45,53710.35,0,0.0,0.0,0.0,0.0,-0.01,-1,-1,-0.01,-1,-1,-0.01,-1,-1,-0.01,-1,-1,-0.01,-1,-1,-0.01,-1,-1,-0.01,-1,-1,-0.01,-1,-1,-0.01,-1,-1,-0.01,-1,-1
99926009,2026-05-18 13:21:33+05:30,53450.3,0,0.0,0,0.0,0.0,53282.15,53585.15,52783.45,53710.35,0,0.0,0.0,0.0,0.0,-0.01,-1,-1,-0.01,-1,-1,-0.01,-1,-1,-0.01,-1,-1,-0.01,-1,-1,-0.01,-1,-1,-0.01,-1,-1,-0.01,-1,-1,-0.01,-1,-1,-0.01,-1,-1
99926009,2026-05-18 13:21:33+05:30,53452.15,0,0.0,0,0.0,0.0,53282.15,53585.15,52783.45,53710.35,0,0.0,0.0,0.0,0.0,-0.01,-1,-1,-0.01,-1,-1,-0.01,-1,-1,-0.01,-1,-1,-0.01,-1,-1,-0.01,-1,-1,-0.01,-1,-1,-0.01,-1,-1,-0.01,-1,-1,-0.01,-1,-1
99926009,2026-05-18 13:21:34+05:30,53452.3,0,0.0,0,0.0,0.0,53282.15,53585.15,52783.45,53710.35,0,0.0,0.0,0.0,0.0,-0.01,-1,-1,-0.01,-1,-1,-0.01,-1,-1,-0.01,-1,-1,-0.01,-1,-1,-0.01,-1,-1,-0.01,-1,-1,-0.01,-1,-1,-0.01,-1,-1,-0.01,-1,-1
99926009,2026-05-18 13:21:34+05:30,53450.7,0,0.0,0,0.0,0.0,53282.15,53585.15,52783.45,53710.35,0,0.0,0.0,0.0,0.0,-0.01,-1,-1,-0.01,-1,-1,-0.01,-1,-1,-0.01,-1,-1,-0.01,-1,-1,-0.01,-1,-1,-0.01,-1,-1,-0.01,-1,-1,-0.01,-1,-1,-0.01,-1,-1
99926009,2026-05-18 13:21:35+05:30,53450.05,0,0.0,0,0.0,0.0,53282.15,53585.15,52783.45,53710.35,0,0.0,0.0,0.0,0.0,-0.01,-1,-1,-0.01,-1,-1,-0.01,-1,-1,-0.01,-1,-1,-0.01,-1,-1,-0.01,-1,-1,-0.01,-1,-1,-0.01,-1,-1,-0.01,-1,-1,-0.01,-1,-1
99926009,2026-05-18 13:21:35+05:30,53448.75,0,0.0,0,0.0,0.0,53282.15,53585.15,52783.45,53710.35,0,0.0,0.0,0.0,0.0,-0.01,-1,-1,-0.01,-1,-1,-0.01,-1,-1,-0.01,-1,-1,-0.01,-1,-1,-0.01,-1,-1,-0.01,-1,-1,-0.01,-1,-1,-0.01,-1,-1,-0.01,-1,-1
99926009,2026-05-18 13:21:36+05:30,53448.7,0,0.0,0,0.0,0.0,53282.15,53585.15,52783.45,53710.35,0,0.0,0.0,0.0,0.0,-0.01,-1,-1,-0.01,-1,-1,-0.01,-1,-1,-0.01,-1,-1,-0.01,-1,-1,-0.01,-1,-1,-0.01,-1,-1,-0.01,-1,-1,-0.01,-1,-1,-0.01,-1,-1
99926009,2026-05-18 13:21:36+05:30,53451.95,0,0.0,0,0.0,0.0,53282.15,53585.15,52783.45,53710.35,0,0.0,0.0,0.0,0.0,-0.01,-1,-1,-0.01,-1,-1,-0.01,-1,-1,-0.01,-1,-1,-0.01,-1,-1,-0.01,-1,-1,-0.01,-1,-1,-0.01,-1,-1,-0.01,-1,-1,-0.01,-1,-1
99926009,2026-05-18 13:21:37+05:30,53452.7,0,0.0,0,0.0,0.0,53282.15,53585.15,52783.45,53710.35,0,0.0,0.0,0.0,0.0,-0.01,-1,-1,-0.01,-1,-1,-0.01,-1,-1,-0.01,-1,-1,-0.01,-1,-1,-0.01,-1,-1,-0.01,-1,-1,-0.01,-1,-1,-0.01,-1,-1,-0.01,-1,-1
99926009,2026-05-18 13:21:37+05:30,53451.25,0,0.0,0,0.0,0.0,53282.15,53585.15,52783.45,53710.35,0,0.0,0.0,0.0,0.0,-0.01,-1,-1,-0.01,-1,-1,-0.01,-1,-1,-0.01,-1,-1,-0.01,-1,-1,-0.01,-1,-1,-0.01,-1,-1,-0.01,-1,-1,-0.01,-1,-1,-0.01,-1,-1
99926009,2026-05-18 13:21:38+05:30,53451.1,0,0.0,0,0.0,0.0,53282.15,53585.15,52783.45,53710.35,0,0.0,0.0,0.0,0.0,-0.01,-1,-1,-0.01,-1,-1,-0.01,-1,-1,-0.01,-1,-1,-0.01,-1,-1,-0.01,-1,-1,-0.01,-1,-1,-0.01,-1,-1,-0.01,-1,-1,-0.01,-1,-1
99926009,2026-05-18 13:21:38+05:30,53453.1,0,0.0,0,0.0,0.0,53282.15,53585.15,52783.45,53710.35,0,0.0,0.0,0.0,0.0,-0.01,-1,-1,-0.01,-1,-1,-0.01,-1,-1,-0.01,-1,-1,-0.01,-1,-1,-0.01,-1,-1,-0.01,-1,-1,-0.01,-1,-1,-0.01,-1,-1,-0.01,-1,-1
99926009,2026-05-18 13:21:39+05:30,53453.45,0,0.0,0,0.0,0.0,53282.15,53585.15,52783.45,53710.35,0,0.0,0.0,0.0,0.0,-0.01,-1,-1,-0.01,-1,-1,-0.01,-1,-1,-0.01,-1,-1,-0.01,-1,-1,-0.01,-1,-1,-0.01,-1,-1,-0.01,-1,-1,-0.01,-1,-1,-0.01,-1,-1
99926009,2026-05-18 13:21:39+05:30,53453.1,0,0.0,0,0.0,0.0,53282.15,53585.15,52783.45,53710.35,0,0.0,0.0,0.0,0.0,-0.01,-1,-1,-0.01,-1,-1,-0.01,-1,-1,-0.01,-1,-1,-0.01,-1,-1,-0.01,-1,-1,-0.01,-1,-1,-0.01,-1,-1,-0.01,-1,-1,-0.01,-1,-1
99926009,2026-05-18 13:21:40+05:30,53449.6,0,0.0,0,0.0,0.0,53282.15,53585.15,52783.45,53710.35,0,0.0,0.0,0.0,0.0,-0.01,-1,-1,-0.01,-1,-1,-0.01,-1,-1,-0.01,-1,-1,-0.01,-1,-1,-0.01,-1,-1,-0.01,-1,-1,-0.01,-1,-1,-0.01,-1,-1,-0.01,-1,-1
99926009,2026-05-18 13:21:40+05:30,53451.95,0,0.0,0,0.0,0.0,53282.15,53585.15,52783.45,53710.35,0,0.0,0.0,0.0,0.0,-0.01,-1,-1,-0.01,-1,-1,-0.01,-1,-1,-0.01,-1,-1,-0.01,-1,-1,-0.01,-1,-1,-0.01,-1,-1,-0.01,-1,-1,-0.01,-1,-1,-0.01,-1,-1
99926009,2026-05-18 13:21:41+05:30,53452.25,0,0.0,0,0.0,0.0,53282.15,53585.15,52783.45,53710.35,0,0.0,0.0,0.0,0.0,-0.01,-1,-1,-0.01,-1,-1,-0.01,-1,-1,-0.01,-1,-1,-0.01,-1,-1,-0.01,-1,-1,-0.01,-1,-1,-0.01,-1,-1,-0.01,-1,-1,-0.01,-1,-1
99926009,2026-05-18 13:21:41+05:30,53451.9,0,0.0,0,0.0,0.0,53282.15,53585.15,52783.45,53710.35,0,0.0,0.0,0.0,0.0,-0.01,-1,-1,-0.01,-1,-1,-0.01,-1,-1,-0.01,-1,-1,-0.01,-1,-1,-0.01,-1,-1,-0.01,-1,-1,-0.01,-1,-1,-0.01,-1,-1,-0.01,-1,-1
99926009,2026-05-18 13:21:42+05:30,53451.9,0,0.0,0,0.0,0.0,53282.15,53585.15,52783.45,53710.35,0,0.0,0.0,0.0,0.0,-0.01,-1,-1,-0.01,-1,-1,-0.01,-1,-1,-0.01,-1,-1,-0.01,-1,-1,-0.01,-1,-1,-0.01,-1,-1,-0.01,-1,-1,-0.01,-1,-1,-0.01,-1,-1
99926009,2026-05-18 13:21:42+05:30,53451.9,0,0.0,0,0.0,0.0,53282.15,53585.15,52783.45,53710.35,0,0.0,0.0,0.0,0.0,-0.01,-1,-1,-0.01,-1,-1,-0.01,-1,-1,-0.01,-1,-1,-0.01,-1,-1,-0.01,-1,-1,-0.01,-1,-1,-0.01,-1,-1,-0.01,-1,-1,-0.01,-1,-1
99926009,2026-05-18 13:21:43+05:30,53452.4,0,0.0,0,0.0,0.0,53282.15,53585.15,52783.45,53710.35,0,0.0,0.0,0.0,0.0,-0.01,-1,-1,-0.01,-1,-1,-0.01,-1,-1,-0.01,-1,-1,-0.01,-1,-1,-0.01,-1,-1,-0.01,-1,-1,-0.01,-1,-1,-0.01,-1,-1,-0.01,-1,-1
99926009,2026-05-18 13:21:43+05:30,53452.2,0,0.0,0,0.0,0.0,53282.15,53585.15,52783.45,53710.35,0,0.0,0.0,0.0,0.0,-0.01,-1,-1,-0.01,-1,-1,-0.01,-1,-1,-0.01,-1,-1,-0.01,-1,-1,-0.01,-1,-1,-0.01,-1,-1,-0.01,-1,-1,-0.01,-1,-1,-0.01,-1,-1
99926009,2026-05-18 13:21:44+05:30,53451.85,0,0.0,0,0.0,0.0,53282.15,53585.15,52783.45,53710.35,0,0.0,0.0,0.0,0.0,-0.01,-1,-1,-0.01,-1,-1,-0.01,-1,-1,-0.01,-1,-1,-0.01,-1,-1,-0.01,-1,-1,-0.01,-1,-1,-0.01,-1,-1,-0.01,-1,-1,-0.01,-1,-1
99926009,2026-05-18 13:21:44+05:30,53450.8,0,0.0,0,0.0,0.0,53282.15,53585.15,52783.45,53710.35,0,0.0,0.0,0.0,0.0,-0.01,-1,-1,-0.01,-1,-1,-0.01,-1,-1,-0.01,-1,-1,-0.01,-1,-1,-0.01,-1,-1,-0.01,-1,-1,-0.01,-1,-1,-0.01,-1,-1,-0.01,-1,-1
99926009,2026-05-18 13:21:45+05:30,53451.3,0,0.0,0,0.0,0.0,53282.15,53585.15,52783.45,53710.35,0,0.0,0.0,0.0,0.0,-0.01,-1,-1,-0.01,-1,-1,-0.01,-1,-1,-0.01,-1,-1,-0.01,-1,-1,-0.01,-1,-1,-0.01,-1,-1,-0.01,-1,-1,-0.01,-1,-1,-0.01,-1,-1
99926009,2026-05-18 13:21:45+05:30,53452.25,0,0.0,0,0.0,0.0,53282.15,53585.15,52783.45,53710.35,0,0.0,0.0,0.0,0.0,-0.01,-1,-1,-0.01,-1,-1,-0.01,-1,-1,-0.01,-1,-1,-0.01,-1,-1,-0.01,-1,-1,-0.01,-1,-1,-0.01,-1,-1,-0.01,-1,-1,-0.01,-1,-1
99926009,2026-05-18 13:21:46+05:30,53452.35,0,0.0,0,0.0,0.0,53282.15,53585.15,52783.45,53710.35,0,0.0,0.0,0.0,0.0,-0.01,-1,-1,-0.01,-1,-1,-0.01,-1,-1,-0.01,-1,-1,-0.01,-1,-1,-0.01,-1,-1,-0.01,-1,-1,-0.01,-1,-1,-0.01,-1,-1,-0.01,-1,-1
99926009,2026-05-18 13:21:46+05:30,53451.8,0,0.0,0,0.0,0.0,53282.15,53585.15,52783.45,53710.35,0,0.0,0.0,0.0,0.0,-0.01,-1,-1,-0.01,-1,-1,-0.01,-1,-1,-0.01,-1,-1,-0.01,-1,-1,-0.01,-1,-1,-0.01,-1,-1,-0.01,-1,-1,-0.01,-1,-1,-0.01,-1,-1
99926009,2026-05-18 13:21:47+05:30,53448.4,0,0.0,0,0.0,0.0,53282.15,53585.15,52783.45,53710.35,0,0.0,0.0,0.0,0.0,-0.01,-1,-1,-0.01,-1,-1,-0.01,-1,-1,-0.01,-1,-1,-0.01,-1,-1,-0.01,-1,-1,-0.01,-1,-1,-0.01,-1,-1,-0.01,-1,-1,-0.01,-1,-1
99926009,2026-05-18 13:21:47+05:30,53448.45,0,0.0,0,0.0,0.0,53282.15,53585.15,52783.45,53710.35,0,0.0,0.0,0.0,0.0,-0.01,-1,-1,-0.01,-1,-1,-0.01,-1,-1,-0.01,-1,-1,-0.01,-1,-1,-0.01,-1,-1,-0.01,-1,-1,-0.01,-1,-1,-0.01,-1,-1,-0.01,-1,-1
99926009,2026-05-18 13:21:48+05:30,53447.3,0,0.0,0,0.0,0.0,53282.15,53585.15,52783.45,53710.35,0,0.0,0.0,0.0,0.0,-0.01,-1,-1,-0.01,-1,-1,-0.01,-1,-1,-0.01,-1,-1,-0.01,-1,-1,-0.01,-1,-1,-0.01,-1,-1,-0.01,-1,-1,-0.01,-1,-1,-0.01,-1,-1
99926009,2026-05-18 13:21:48+05:30,53447.4,0,0.0,0,0.0,0.0,53282.15,53585.15,52783.45,53710.35,0,0.0,0.0,0.0,0.0,-0.01,-1,-1,-0.01,-1,-1,-0.01,-1,-1,-0.01,-1,-1,-0.01,-1,-1,-0.01,-1,-1,-0.01,-1,-1,-0.01,-1,-1,-0.01,-1,-1,-0.01,-1,-1
99926009,2026-05-18 13:21:49+05:30,53450.0,0,0.0,0,0.0,0.0,53282.15,53585.15,52783.45,53710.35,0,0.0,0.0,0.0,0.0,-0.01,-1,-1,-0.01,-1,-1,-0.01,-1,-1,-0.01,-1,-1,-0.01,-1,-1,-0.01,-1,-1,-0.01,-1,-1,-0.01,-1,-1,-0.01,-1,-1,-0.01,-1,-1
99926009,2026-05-18 13:21:49+05:30,53449.8,0,0.0,0,0.0,0.0,53282.15,53585.15,52783.45,53710.35,0,0.0,0.0,0.0,0.0,-0.01,-1,-1,-0.01,-1,-1,-0.01,-1,-1,-0.01,-1,-1,-0.01,-1,-1,-0.01,-1,-1,-0.01,-1,-1,-0.01,-1,-1,-0.01,-1,-1,-0.01,-1,-1
99926009,2026-05-18 13:21:50+05:30,53450.4,0,0.0,0,0.0,0.0,53282.15,53585.15,52783.45,53710.35,0,0.0,0.0,0.0,0.0,-0.01,-1,-1,-0.01,-1,-1,-0.01,-1,-1,-0.01,-1,-1,-0.01,-1,-1,-0.01,-1,-1,-0.01,-1,-1,-0.01,-1,-1,-0.01,-1,-1,-0.01,-1,-1
99926009,2026-05-18 13:21:50+05:30,53449.45,0,0.0,0,0.0,0.0,53282.15,53585.15,52783.45,53710.35,0,0.0,0.0,0.0,0.0,-0.01,-1,-1,-0.01,-1,-1,-0.01,-1,-1,-0.01,-1,-1,-0.01,-1,-1,-0.01,-1,-1,-0.01,-1,-1,-0.01,-1,-1,-0.01,-1,-1,-0.01,-1,-1
99926009,2026-05-18 13:21:51+05:30,53448.5,0,0.0,0,0.0,0.0,53282.15,53585.15,52783.45,53710.35,0,0.0,0.0,0.0,0.0,-0.01,-1,-1,-0.01,-1,-1,-0.01,-1,-1,-0.01,-1,-1,-0.01,-1,-1,-0.01,-1,-1,-0.01,-1,-1,-0.01,-1,-1,-0.01,-1,-1,-0.01,-1,-1
99926009,2026-05-18 13:21:51+05:30,53444.25,0,0.0,0,0.0,0.0,53282.15,53585.15,52783.45,53710.35,0,0.0,0.0,0.0,0.0,-0.01,-1,-1,-0.01,-1,-1,-0.01,-1,-1,-0.01,-1,-1,-0.01,-1,-1,-0.01,-1,-1,-0.01,-1,-1,-0.01,-1,-1,-0.01,-1,-1,-0.01,-1,-1
99926009,2026-05-18 13:21:52+05:30,53446.7,0,0.0,0,0.0,0.0,53282.15,53585.15,52783.45,53710.35,0,0.0,0.0,0.0,0.0,-0.01,-1,-1,-0.01,-1,-1,-0.01,-1,-1,-0.01,-1,-1,-0.01,-1,-1,-0.01,-1,-1,-0.01,-1,-1,-0.01,-1,-1,-0.01,-1,-1,-0.01,-1,-1
99926009,2026-05-18 13:21:52+05:30,53446.7,0,0.0,0,0.0,0.0,53282.15,53585.15,52783.45,53710.35,0,0.0,0.0,0.0,0.0,-0.01,-1,-1,-0.01,-1,-1,-0.01,-1,-1,-0.01,-1,-1,-0.01,-1,-1,-0.01,-1,-1,-0.01,-1,-1,-0.01,-1,-1,-0.01,-1,-1,-0.01,-1,-1
99926009,2026-05-18 13:21:53+05:30,53446.95,0,0.0,0,0.0,0.0,53282.15,53585.15,52783.45,53710.35,0,0.0,0.0,0.0,0.0,-0.01,-1,-1,-0.01,-1,-1,-0.01,-1,-1,-0.01,-1,-1,-0.01,-1,-1,-0.01,-1,-1,-0.01,-1,-1,-0.01,-1,-1,-0.01,-1,-1,-0.01,-1,-1
99926009,2026-05-18 13:21:53+05:30,53444.7,0,0.0,0,0.0,0.0,53282.15,53585.15,52783.45,53710.35,0,0.0,0.0,0.0,0.0,-0.01,-1,-1,-0.01,-1,-1,-0.01,-1,-1,-0.01,-1,-1,-0.01,-1,-1,-0.01,-1,-1,-0.01,-1,-1,-0.01,-1,-1,-0.01,-1,-1,-0.01,-1,-1
99926009,2026-05-18 13:21:54+05:30,53440.1,0,0.0,0,0.0,0.0,53282.15,53585.15,52783.45,53710.35,0,0.0,0.0,0.0,0.0,-0.01,-1,-1,-0.01,-1,-1,-0.01,-1,-1,-0.01,-1,-1,-0.01,-1,-1,-0.01,-1,-1,-0.01,-1,-1,-0.01,-1,-1,-0.01,-1,-1,-0.01,-1,-1
99926009,2026-05-18 13:21:54+05:30,53439.35,0,0.0,0,0.0,0.0,53282.15,53585.15,52783.45,53710.35,0,0.0,0.0,0.0,0.0,-0.01,-1,-1,-0.01,-1,-1,-0.01,-1,-1,-0.01,-1,-1,-0.01,-1,-1,-0.01,-1,-1,-0.01,-1,-1,-0.01,-1,-1,-0.01,-1,-1,-0.01,-1,-1
99926009,2026-05-18 13:21:55+05:30,53437.65,0,0.0,0,0.0,0.0,53282.15,53585.15,52783.45,53710.35,0,0.0,0.0,0.0,0.0,-0.01,-1,-1,-0.01,-1,-1,-0.01,-1,-1,-0.01,-1,-1,-0.01,-1,-1,-0.01,-1,-1,-0.01,-1,-1,-0.01,-1,-1,-0.01,-1,-1,-0.01,-1,-1
99926009,2026-05-18 13:21:55+05:30,53438.85,0,0.0,0,0.0,0.0,53282.15,53585.15,52783.45,53710.35,0,0.0,0.0,0.0,0.0,-0.01,-1,-1,-0.01,-1,-1,-0.01,-1,-1,-0.01,-1,-1,-0.01,-1,-1,-0.01,-1,-1,-0.01,-1,-1,-0.01,-1,-1,-0.01,-1,-1,-0.01,-1,-1
99926009,2026-05-18 13:21:56+05:30,53437.4,0,0.0,0,0.0,0.0,53282.15,53585.15,52783.45,53710.35,0,0.0,0.0,0.0,0.0,-0.01,-1,-1,-0.01,-1,-1,-0.01,-1,-1,-0.01,-1,-1,-0.01,-1,-1,-0.01,-1,-1,-0.01,-1,-1,-0.01,-1,-1,-0.01,-1,-1,-0.01,-1,-1
99926009,2026-05-18 13:21:56+05:30,53435.15,0,0.0,0,0.0,0.0,53282.15,53585.15,52783.45,53710.35,0,0.0,0.0,0.0,0.0,-0.01,-1,-1,-0.01,-1,-1,-0.01,-1,-1,-0.01,-1,-1,-0.01,-1,-1,-0.01,-1,-1,-0.01,-1,-1,-0.01,-1,-1,-0.01,-1,-1,-0.01,-1,-1
99926009,2026-05-18 13:21:57+05:30,53437.4,0,0.0,0,0.0,0.0,53282.15,53585.15,52783.45,53710.35,0,0.0,0.0,0.0,0.0,-0.01,-1,-1,-0.01,-1,-1,-0.01,-1,-1,-0.01,-1,-1,-0.01,-1,-1,-0.01,-1,-1,-0.01,-1,-1,-0.01,-1,-1,-0.01,-1,-1,-0.01,-1,-1
99926009,2026-05-18 13:21:57+05:30,53435.9,0,0.0,0,0.0,0.0,53282.15,53585.15,52783.45,53710.35,0,0.0,0.0,0.0,0.0,-0.01,-1,-1,-0.01,-1,-1,-0.01,-1,-1,-0.01,-1,-1,-0.01,-1,-1,-0.01,-1,-1,-0.01,-1,-1,-0.01,-1,-1,-0.01,-1,-1,-0.01,-1,-1
99926009,2026-05-18 13:21:58+05:30,53432.6,0,0.0,0,0.0,0.0,53282.15,53585.15,52783.45,53710.35,0,0.0,0.0,0.0,0.0,-0.01,-1,-1,-0.01,-1,-1,-0.01,-1,-1,-0.01,-1,-1,-0.01,-1,-1,-0.01,-1,-1,-0.01,-1,-1,-0.01,-1,-1,-0.01,-1,-1,-0.01,-1,-1
99926009,2026-05-18 13:21:58+05:30,53433.1,0,0.0,0,0.0,0.0,53282.15,53585.15,52783.45,53710.35,0,0.0,0.0,0.0,0.0,-0.01,-1,-1,-0.01,-1,-1,-0.01,-1,-1,-0.01,-1,-1,-0.01,-1,-1,-0.01,-1,-1,-0.01,-1,-1,-0.01,-1,-1,-0.01,-1,-1,-0.01,-1,-1
99926009,2026-05-18 13:21:59+05:30,53434.4,0,0.0,0,0.0,0.0,53282.15,53585.15,52783.45,53710.35,0,0.0,0.0,0.0,0.0,-0.01,-1,-1,-0.01,-1,-1,-0.01,-1,-1,-0.01,-1,-1,-0.01,-1,-1,-0.01,-1,-1,-0.01,-1,-1,-0.01,-1,-1,-0.01,-1,-1,-0.01,-1,-1
99926009,2026-05-18 13:21:59+05:30,53433.3,0,0.0,0,0.0,0.0,53282.15,53585.15,52783.45,53710.35,0,0.0,0.0,0.0,0.0,-0.01,-1,-1,-0.01,-1,-1,-0.01,-1,-1,-0.01,-1,-1,-0.01,-1,-1,-0.01,-1,-1,-0.01,-1,-1,-0.01,-1,-1,-0.01,-1,-1,-0.01,-1,-1
99926009,2026-05-18 13:22:00+05:30,53435.2,0,0.0,0,0.0,0.0,53282.15,53585.15,52783.45,53710.35,0,0.0,0.0,0.0,0.0,-0.01,-1,-1,-0.01,-1,-1,-0.01,-1,-1,-0.01,-1,-1,-0.01,-1,-1,-0.01,-1,-1,-0.01,-1,-1,-0.01,-1,-1,-0.01,-1,-1,-0.01,-1,-1
99926009,2026-05-18 13:22:00+05:30,53433.45,0,0.0,0,0.0,0.0,53282.15,53585.15,52783.45,53710.35,0,0.0,0.0,0.0,0.0,-0.01,-1,-1,-0.01,-1,-1,-0.01,-1,-1,-0.01,-1,-1,-0.01,-1,-1,-0.01,-1,-1,-0.01,-1,-1,-0.01,-1,-1,-0.01,-1,-1,-0.01,-1,-1
99926009,2026-05-18 13:22:01+05:30,53435.0,0,0.0,0,0.0,0.0,53282.15,53585.15,52783.45,53710.35,0,0.0,0.0,0.0,0.0,-0.01,-1,-1,-0.01,-1,-1,-0.01,-1,-1,-0.01,-1,-1,-0.01,-1,-1,-0.01,-1,-1,-0.01,-1,-1,-0.01,-1,-1,-0.01,-1,-1,-0.01,-1,-1
99926009,2026-05-18 13:22:01+05:30,53437.7,0,0.0,0,0.0,0.0,53282.15,53585.15,52783.45,53710.35,0,0.0,0.0,0.0,0.0,-0.01,-1,-1,-0.01,-1,-1,-0.01,-1,-1,-0.01,-1,-1,-0.01,-1,-1,-0.01,-1,-1,-0.01,-1,-1,-0.01,-1,-1,-0.01,-1,-1,-0.01,-1,-1
99926009,2026-05-18 13:22:02+05:30,53436.25,0,0.0,0,0.0,0.0,53282.15,53585.15,52783.45,53710.35,0,0.0,0.0,0.0,0.0,-0.01,-1,-1,-0.01,-1,-1,-0.01,-1,-1,-0.01,-1,-1,-0.01,-1,-1,-0.01,-1,-1,-0.01,-1,-1,-0.01,-1,-1,-0.01,-1,-1,-0.01,-1,-1
99926009,2026-05-18 13:22:02+05:30,53437.5,0,0.0,0,0.0,0.0,53282.15,53585.15,52783.45,53710.35,0,0.0,0.0,0.0,0.0,-0.01,-1,-1,-0.01,-1,-1,-0.01,-1,-1,-0.01,-1,-1,-0.01,-1,-1,-0.01,-1,-1,-0.01,-1,-1,-0.01,-1,-1,-0.01,-1,-1,-0.01,-1,-1
99926009,2026-05-18 13:22:03+05:30,53438.2,0,0.0,0,0.0,0.0,53282.15,53585.15,52783.45,53710.35,0,0.0,0.0,0.0,0.0,-0.01,-1,-1,-0.01,-1,-1,-0.01,-1,-1,-0.01,-1,-1,-0.01,-1,-1,-0.01,-1,-1,-0.01,-1,-1,-0.01,-1,-1,-0.01,-1,-1,-0.01,-1,-1
99926009,2026-05-18 13:22:03+05:30,53437.4,0,0.0,0,0.0,0.0,53282.15,53585.15,52783.45,53710.35,0,0.0,0.0,0.0,0.0,-0.01,-1,-1,-0.01,-1,-1,-0.01,-1,-1,-0.01,-1,-1,-0.01,-1,-1,-0.01,-1,-1,-0.01,-1,-1,-0.01,-1,-1,-0.01,-1,-1,-0.01,-1,-1
99926009,2026-05-18 13:22:04+05:30,53437.1,0,0.0,0,0.0,0.0,53282.15,53585.15,52783.45,53710.35,0,0.0,0.0,0.0,0.0,-0.01,-1,-1,-0.01,-1,-1,-0.01,-1,-1,-0.01,-1,-1,-0.01,-1,-1,-0.01,-1,-1,-0.01,-1,-1,-0.01,-1,-1,-0.01,-1,-1,-0.01,-1,-1
99926009,2026-05-18 13:22:04+05:30,53436.3,0,0.0,0,0.0,0.0,53282.15,53585.15,52783.45,53710.35,0,0.0,0.0,0.0,0.0,-0.01,-1,-1,-0.01,-1,-1,-0.01,-1,-1,-0.01,-1,-1,-0.01,-1,-1,-0.01,-1,-1,-0.01,-1,-1,-0.01,-1,-1,-0.01,-1,-1,-0.01,-1,-1
99926009,2026-05-18 13:22:05+05:30,53433.35,0,0.0,0,0.0,0.0,53282.15,53585.15,52783.45,53710.35,0,0.0,0.0,0.0,0.0,-0.01,-1,-1,-0.01,-1,-1,-0.01,-1,-1,-0.01,-1,-1,-0.01,-1,-1,-0.01,-1,-1,-0.01,-1,-1,-0.01,-1,-1,-0.01,-1,-1,-0.01,-1,-1
99926009,2026-05-18 13:22:05+05:30,53436.05,0,0.0,0,0.0,0.0,53282.15,53585.15,52783.45,53710.35,0,0.0,0.0,0.0,0.0,-0.01,-1,-1,-0.01,-1,-1,-0.01,-1,-1,-0.01,-1,-1,-0.01,-1,-1,-0.01,-1,-1,-0.01,-1,-1,-0.01,-1,-1,-0.01,-1,-1,-0.01,-1,-1
99926009,2026-05-18 13:22:06+05:30,53433.3,0,0.0,0,0.0,0.0,53282.15,53585.15,52783.45,53710.35,0,0.0,0.0,0.0,0.0,-0.01,-1,-1,-0.01,-1,-1,-0.01,-1,-1,-0.01,-1,-1,-0.01,-1,-1,-0.01,-1,-1,-0.01,-1,-1,-0.01,-1,-1,-0.01,-1,-1,-0.01,-1,-1
99926009,2026-05-18 13:22:06+05:30,53435.55,0,0.0,0,0.0,0.0,53282.15,53585.15,52783.45,53710.35,0,0.0,0.0,0.0,0.0,-0.01,-1,-1,-0.01,-1,-1,-0.01,-1,-1,-0.01,-1,-1,-0.01,-1,-1,-0.01,-1,-1,-0.01,-1,-1,-0.01,-1,-1,-0.01,-1,-1,-0.01,-1,-1
99926009,2026-05-18 13:22:07+05:30,53433.2,0,0.0,0,0.0,0.0,53282.15,53585.15,52783.45,53710.35,0,0.0,0.0,0.0,0.0,-0.01,-1,-1,-0.01,-1,-1,-0.01,-1,-1,-0.01,-1,-1,-0.01,-1,-1,-0.01,-1,-1,-0.01,-1,-1,-0.01,-1,-1,-0.01,-1,-1,-0.01,-1,-1
99926009,2026-05-18 13:22:07+05:30,53433.1,0,0.0,0,0.0,0.0,53282.15,53585.15,52783.45,53710.35,0,0.0,0.0,0.0,0.0,-0.01,-1,-1,-0.01,-1,-1,-0.01,-1,-1,-0.01,-1,-1,-0.01,-1,-1,-0.01,-1,-1,-0.01,-1,-1,-0.01,-1,-1,-0.01,-1,-1,-0.01,-1,-1
99926009,2026-05-18 13:22:08+05:30,53434.45,0,0.0,0,0.0,0.0,53282.15,53585.15,52783.45,53710.35,0,0.0,0.0,0.0,0.0,-0.01,-1,-1,-0.01,-1,-1,-0.01,-1,-1,-0.01,-1,-1,-0.01,-1,-1,-0.01,-1,-1,-0.01,-1,-1,-0.01,-1,-1,-0.01,-1,-1,-0.01,-1,-1
99926009,2026-05-18 13:22:08+05:30,53431.35,0,0.0,0,0.0,0.0,53282.15,53585.15,52783.45,53710.35,0,0.0,0.0,0.0,0.0,-0.01,-1,-1,-0.01,-1,-1,-0.01,-1,-1,-0.01,-1,-1,-0.01,-1,-1,-0.01,-1,-1,-0.01,-1,-1,-0.01,-1,-1,-0.01,-1,-1,-0.01,-1,-1
99926009,2026-05-18 13:22:09+05:30,53431.85,0,0.0,0,0.0,0.0,53282.15,53585.15,52783.45,53710.35,0,0.0,0.0,0.0,0.0,-0.01,-1,-1,-0.01,-1,-1,-0.01,-1,-1,-0.01,-1,-1,-0.01,-1,-1,-0.01,-1,-1,-0.01,-1,-1,-0.01,-1,-1,-0.01,-1,-1,-0.01,-1,-1
99926009,2026-05-18 13:22:09+05:30,53430.55,0,0.0,0,0.0,0.0,53282.15,53585.15,52783.45,53710.35,0,0.0,0.0,0.0,0.0,-0.01,-1,-1,-0.01,-1,-1,-0.01,-1,-1,-0.01,-1,-1,-0.01,-1,-1,-0.01,-1,-1,-0.01,-1,-1,-0.01,-1,-1,-0.01,-1,-1,-0.01,-1,-1
99926009,2026-05-18 13:22:10+05:30,53431.0,0,0.0,0,0.0,0.0,53282.15,53585.15,52783.45,53710.35,0,0.0,0.0,0.0,0.0,-0.01,-1,-1,-0.01,-1,-1,-0.01,-1,-1,-0.01,-1,-1,-0.01,-1,-1,-0.01,-1,-1,-0.01,-1,-1,-0.01,-1,-1,-0.01,-1,-1,-0.01,-1,-1
99926009,2026-05-18 13:22:10+05:30,53433.1,0,0.0,0,0.0,0.0,53282.15,53585.15,52783.45,53710.35,0,0.0,0.0,0.0,0.0,-0.01,-1,-1,-0.01,-1,-1,-0.01,-1,-1,-0.01,-1,-1,-0.01,-1,-1,-0.01,-1,-1,-0.01,-1,-1,-0.01,-1,-1,-0.01,-1,-1,-0.01,-1,-1
99926009,2026-05-18 13:22:11+05:30,53433.05,0,0.0,0,0.0,0.0,53282.15,53585.15,52783.45,53710.35,0,0.0,0.0,0.0,0.0,-0.01,-1,-1,-0.01,-1,-1,-0.01,-1,-1,-0.01,-1,-1,-0.01,-1,-1,-0.01,-1,-1,-0.01,-1,-1,-0.01,-1,-1,-0.01,-1,-1,-0.01,-1,-1
99926009,2026-05-18 13:22:11+05:30,53434.6,0,0.0,0,0.0,0.0,53282.15,53585.15,52783.45,53710.35,0,0.0,0.0,0.0,0.0,-0.01,-1,-1,-0.01,-1,-1,-0.01,-1,-1,-0.01,-1,-1,-0.01,-1,-1,-0.01,-1,-1,-0.01,-1,-1,-0.01,-1,-1,-0.01,-1,-1,-0.01,-1,-1
99926009,2026-05-18 13:22:12+05:30,53433.6,0,0.0,0,0.0,0.0,53282.15,53585.15,52783.45,53710.35,0,0.0,0.0,0.0,0.0,-0.01,-1,-1,-0.01,-1,-1,-0.01,-1,-1,-0.01,-1,-1,-0.01,-1,-1,-0.01,-1,-1,-0.01,-1,-1,-0.01,-1,-1,-0.01,-1,-1,-0.01,-1,-1
99926009,2026-05-18 13:22:12+05:30,53434.95,0,0.0,0,0.0,0.0,53282.15,53585.15,52783.45,53710.35,0,0.0,0.0,0.0,0.0,-0.01,-1,-1,-0.01,-1,-1,-0.01,-1,-1,-0.01,-1,-1,-0.01,-1,-1,-0.01,-1,-1,-0.01,-1,-1,-0.01,-1,-1,-0.01,-1,-1,-0.01,-1,-1
99926009,2026-05-18 13:22:13+05:30,53435.8,0,0.0,0,0.0,0.0,53282.15,53585.15,52783.45,53710.35,0,0.0,0.0,0.0,0.0,-0.01,-1,-1,-0.01,-1,-1,-0.01,-1,-1,-0.01,-1,-1,-0.01,-1,-1,-0.01,-1,-1,-0.01,-1,-1,-0.01,-1,-1,-0.01,-1,-1,-0.01,-1,-1
99926009,2026-05-18 13:22:13+05:30,53437.0,0,0.0,0,0.0,0.0,53282.15,53585.15,52783.45,53710.35,0,0.0,0.0,0.0,0.0,-0.01,-1,-1,-0.01,-1,-1,-0.01,-1,-1,-0.01,-1,-1,-0.01,-1,-1,-0.01,-1,-1,-0.01,-1,-1,-0.01,-1,-1,-0.01,-1,-1,-0.01,-1,-1
99926009,2026-05-18 13:22:14+05:30,53436.05,0,0.0,0,0.0,0.0,53282.15,53585.15,52783.45,53710.35,0,0.0,0.0,0.0,0.0,-0.01,-1,-1,-0.01,-1,-1,-0.01,-1,-1,-0.01,-1,-1,-0.01,-1,-1,-0.01,-1,-1,-0.01,-1,-1,-0.01,-1,-1,-0.01,-1,-1,-0.01,-1,-1
99926009,2026-05-18 13:22:14+05:30,53431.95,0,0.0,0,0.0,0.0,53282.15,53585.15,52783.45,53710.35,0,0.0,0.0,0.0,0.0,-0.01,-1,-1,-0.01,-1,-1,-0.01,-1,-1,-0.01,-1,-1,-0.01,-1,-1,-0.01,-1,-1,-0.01,-1,-1,-0.01,-1,-1,-0.01,-1,-1,-0.01,-1,-1
99926009,2026-05-18 13:22:15+05:30,53435.35,0,0.0,0,0.0,0.0,53282.15,53585.15,52783.45,53710.35,0,0.0,0.0,0.0,0.0,-0.01,-1,-1,-0.01,-1,-1,-0.01,-1,-1,-0.01,-1,-1,-0.01,-1,-1,-0.01,-1,-1,-0.01,-1,-1,-0.01,-1,-1,-0.01,-1,-1,-0.01,-1,-1
99926009,2026-05-18 13:22:15+05:30,53437.25,0,0.0,0,0.0,0.0,53282.15,53585.15,52783.45,53710.35,0,0.0,0.0,0.0,0.0,-0.01,-1,-1,-0.01,-1,-1,-0.01,-1,-1,-0.01,-1,-1,-0.01,-1,-1,-0.01,-1,-1,-0.01,-1,-1,-0.01,-1,-1,-0.01,-1,-1,-0.01,-1,-1
99926009,2026-05-18 13:22:16+05:30,53438.8,0,0.0,0,0.0,0.0,53282.15,53585.15,52783.45,53710.35,0,0.0,0.0,0.0,0.0,-0.01,-1,-1,-0.01,-1,-1,-0.01,-1,-1,-0.01,-1,-1,-0.01,-1,-1,-0.01,-1,-1,-0.01,-1,-1,-0.01,-1,-1,-0.01,-1,-1,-0.01,-1,-1
99926009,2026-05-18 13:22:16+05:30,53438.5,0,0.0,0,0.0,0.0,53282.15,53585.15,52783.45,53710.35,0,0.0,0.0,0.0,0.0,-0.01,-1,-1,-0.01,-1,-1,-0.01,-1,-1,-0.01,-1,-1,-0.01,-1,-1,-0.01,-1,-1,-0.01,-1,-1,-0.01,-1,-1,-0.01,-1,-1,-0.01,-1,-1
99926009,2026-05-18 13:22:17+05:30,53440.05,0,0.0,0,0.0,0.0,53282.15,53585.15,52783.45,53710.35,0,0.0,0.0,0.0,0.0,-0.01,-1,-1,-0.01,-1,-1,-0.01,-1,-1,-0.01,-1,-1,-0.01,-1,-1,-0.01,-1,-1,-0.01,-1,-1,-0.01,-1,-1,-0.01,-1,-1,-0.01,-1,-1
99926009,2026-05-18 13:22:17+05:30,53438.15,0,0.0,0,0.0,0.0,53282.15,53585.15,52783.45,53710.35,0,0.0,0.0,0.0,0.0,-0.01,-1,-1,-0.01,-1,-1,-0.01,-1,-1,-0.01,-1,-1,-0.01,-1,-1,-0.01,-1,-1,-0.01,-1,-1,-0.01,-1,-1,-0.01,-1,-1,-0.01,-1,-1
99926009,2026-05-18 13:22:18+05:30,53438.0,0,0.0,0,0.0,0.0,53282.15,53585.15,52783.45,53710.35,0,0.0,0.0,0.0,0.0,-0.01,-1,-1,-0.01,-1,-1,-0.01,-1,-1,-0.01,-1,-1,-0.01,-1,-1,-0.01,-1,-1,-0.01,-1,-1,-0.01,-1,-1,-0.01,-1,-1,-0.01,-1,-1
99926009,2026-05-18 13:22:18+05:30,53437.3,0,0.0,0,0.0,0.0,53282.15,53585.15,52783.45,53710.35,0,0.0,0.0,0.0,0.0,-0.01,-1,-1,-0.01,-1,-1,-0.01,-1,-1,-0.01,-1,-1,-0.01,-1,-1,-0.01,-1,-1,-0.01,-1,-1,-0.01,-1,-1,-0.01,-1,-1,-0.01,-1,-1
99926009,2026-05-18 13:22:19+05:30,53437.65,0,0.0,0,0.0,0.0,53282.15,53585.15,52783.45,53710.35,0,0.0,0.0,0.0,0.0,-0.01,-1,-1,-0.01,-1,-1,-0.01,-1,-1,-0.01,-1,-1,-0.01,-1,-1,-0.01,-1,-1,-0.01,-1,-1,-0.01,-1,-1,-0.01,-1,-1,-0.01,-1,-1
99926009,2026-05-18 13:22:19+05:30,53436.5,0,0.0,0,0.0,0.0,53282.15,53585.15,52783.45,53710.35,0,0.0,0.0,0.0,0.0,-0.01,-1,-1,-0.01,-1,-1,-0.01,-1,-1,-0.01,-1,-1,-0.01,-1,-1,-0.01,-1,-1,-0.01,-1,-1,-0.01,-1,-1,-0.01,-1,-1,-0.01,-1,-1
99926009,2026-05-18 13:22:20+05:30,53436.3,0,0.0,0,0.0,0.0,53282.15,53585.15,52783.45,53710.35,0,0.0,0.0,0.0,0.0,-0.01,-1,-1,-0.01,-1,-1,-0.01,-1,-1,-0.01,-1,-1,-0.01,-1,-1,-0.01,-1,-1,-0.01,-1,-1,-0.01,-1,-1,-0.01,-1,-1,-0.01,-1,-1
99926009,2026-05-18 13:22:20+05:30,53437.3,0,0.0,0,0.0,0.0,53282.15,53585.15,52783.45,53710.35,0,0.0,0.0,0.0,0.0,-0.01,-1,-1,-0.01,-1,-1,-0.01,-1,-1,-0.01,-1,-1,-0.01,-1,-1,-0.01,-1,-1,-0.01,-1,-1,-0.01,-1,-1,-0.01,-1,-1,-0.01,-1,-1
99926009,2026-05-18 13:22:21+05:30,53435.2,0,0.0,0,0.0,0.0,53282.15,53585.15,52783.45,53710.35,0,0.0,0.0,0.0,0.0,-0.01,-1,-1,-0.01,-1,-1,-0.01,-1,-1,-0.01,-1,-1,-0.01,-1,-1,-0.01,-1,-1,-0.01,-1,-1,-0.01,-1,-1,-0.01,-1,-1,-0.01,-1,-1
99926009,2026-05-18 13:22:21+05:30,53433.2,0,0.0,0,0.0,0.0,53282.15,53585.15,52783.45,53710.35,0,0.0,0.0,0.0,0.0,-0.01,-1,-1,-0.01,-1,-1,-0.01,-1,-1,-0.01,-1,-1,-0.01,-1,-1,-0.01,-1,-1,-0.01,-1,-1,-0.01,-1,-1,-0.01,-1,-1,-0.01,-1,-1
99926009,2026-05-18 13:22:22+05:30,53433.85,0,0.0,0,0.0,0.0,53282.15,53585.15,52783.45,53710.35,0,0.0,0.0,0.0,0.0,-0.01,-1,-1,-0.01,-1,-1,-0.01,-1,-1,-0.01,-1,-1,-0.01,-1,-1,-0.01,-1,-1,-0.01,-1,-1,-0.01,-1,-1,-0.01,-1,-1,-0.01,-1,-1
99926009,2026-05-18 13:22:22+05:30,53432.55,0,0.0,0,0.0,0.0,53282.15,53585.15,52783.45,53710.35,0,0.0,0.0,0.0,0.0,-0.01,-1,-1,-0.01,-1,-1,-0.01,-1,-1,-0.01,-1,-1,-0.01,-1,-1,-0.01,-1,-1,-0.01,-1,-1,-0.01,-1,-1,-0.01,-1,-1,-0.01,-1,-1
99926009,2026-05-18 13:22:23+05:30,53432.9,0,0.0,0,0.0,0.0,53282.15,53585.15,52783.45,53710.35,0,0.0,0.0,0.0,0.0,-0.01,-1,-1,-0.01,-1,-1,-0.01,-1,-1,-0.01,-1,-1,-0.01,-1,-1,-0.01,-1,-1,-0.01,-1,-1,-0.01,-1,-1,-0.01,-1,-1,-0.01,-1,-1
99926009,2026-05-18 13:22:23+05:30,53432.9,0,0.0,0,0.0,0.0,53282.15,53585.15,52783.45,53710.35,0,0.0,0.0,0.0,0.0,-0.01,-1,-1,-0.01,-1,-1,-0.01,-1,-1,-0.01,-1,-1,-0.01,-1,-1,-0.01,-1,-1,-0.01,-1,-1,-0.01,-1,-1,-0.01,-1,-1,-0.01,-1,-1
99926009,2026-05-18 13:22:24+05:30,53434.15,0,0.0,0,0.0,0.0,53282.15,53585.15,52783.45,53710.35,0,0.0,0.0,0.0,0.0,-0.01,-1,-1,-0.01,-1,-1,-0.01,-1,-1,-0.01,-1,-1,-0.01,-1,-1,-0.01,-1,-1,-0.01,-1,-1,-0.01,-1,-1,-0.01,-1,-1,-0.01,-1,-1
99926009,2026-05-18 13:22:24+05:30,53438.2,0,0.0,0,0.0,0.0,53282.15,53585.15,52783.45,53710.35,0,0.0,0.0,0.0,0.0,-0.01,-1,-1,-0.01,-1,-1,-0.01,-1,-1,-0.01,-1,-1,-0.01,-1,-1,-0.01,-1,-1,-0.01,-1,-1,-0.01,-1,-1,-0.01,-1,-1,-0.01,-1,-1
99926009,2026-05-18 13:22:25+05:30,53435.95,0,0.0,0,0.0,0.0,53282.15,53585.15,52783.45,53710.35,0,0.0,0.0,0.0,0.0,-0.01,-1,-1,-0.01,-1,-1,-0.01,-1,-1,-0.01,-1,-1,-0.01,-1,-1,-0.01,-1,-1,-0.01,-1,-1,-0.01,-1,-1,-0.01,-1,-1,-0.01,-1,-1
99926009,2026-05-18 13:22:25+05:30,53436.15,0,0.0,0,0.0,0.0,53282.15,53585.15,52783.45,53710.35,0,0.0,0.0,0.0,0.0,-0.01,-1,-1,-0.01,-1,-1,-0.01,-1,-1,-0.01,-1,-1,-0.01,-1,-1,-0.01,-1,-1,-0.01,-1,-1,-0.01,-1,-1,-0.01,-1,-1,-0.01,-1,-1
99926009,2026-05-18 13:22:26+05:30,53434.3,0,0.0,0,0.0,0.0,53282.15,53585.15,52783.45,53710.35,0,0.0,0.0,0.0,0.0,-0.01,-1,-1,-0.01,-1,-1,-0.01,-1,-1,-0.01,-1,-1,-0.01,-1,-1,-0.01,-1,-1,-0.01,-1,-1,-0.01,-1,-1,-0.01,-1,-1,-0.01,-1,-1
99926009,2026-05-18 13:22:26+05:30,53437.55,0,0.0,0,0.0,0.0,53282.15,53585.15,52783.45,53710.35,0,0.0,0.0,0.0,0.0,-0.01,-1,-1,-0.01,-1,-1,-0.01,-1,-1,-0.01,-1,-1,-0.01,-1,-1,-0.01,-1,-1,-0.01,-1,-1,-0.01,-1,-1,-0.01,-1,-1,-0.01,-1,-1
99926009,2026-05-18 13:22:27+05:30,53436.5,0,0.0,0,0.0,0.0,53282.15,53585.15,52783.45,53710.35,0,0.0,0.0,0.0,0.0,-0.01,-1,-1,-0.01,-1,-1,-0.01,-1,-1,-0.01,-1,-1,-0.01,-1,-1,-0.01,-1,-1,-0.01,-1,-1,-0.01,-1,-1,-0.01,-1,-1,-0.01,-1,-1
99926009,2026-05-18 13:22:27+05:30,53435.3,0,0.0,0,0.0,0.0,53282.15,53585.15,52783.45,53710.35,0,0.0,0.0,0.0,0.0,-0.01,-1,-1,-0.01,-1,-1,-0.01,-1,-1,-0.01,-1,-1,-0.01,-1,-1,-0.01,-1,-1,-0.01,-1,-1,-0.01,-1,-1,-0.01,-1,-1,-0.01,-1,-1
99926009,2026-05-18 13:22:28+05:30,53432.55,0,0.0,0,0.0,0.0,53282.15,53585.15,52783.45,53710.35,0,0.0,0.0,0.0,0.0,-0.01,-1,-1,-0.01,-1,-1,-0.01,-1,-1,-0.01,-1,-1,-0.01,-1,-1,-0.01,-1,-1,-0.01,-1,-1,-0.01,-1,-1,-0.01,-1,-1,-0.01,-1,-1
99926009,2026-05-18 13:22:28+05:30,53433.65,0,0.0,0,0.0,0.0,53282.15,53585.15,52783.45,53710.35,0,0.0,0.0,0.0,0.0,-0.01,-1,-1,-0.01,-1,-1,-0.01,-1,-1,-0.01,-1,-1,-0.01,-1,-1,-0.01,-1,-1,-0.01,-1,-1,-0.01,-1,-1,-0.01,-1,-1,-0.01,-1,-1
99926009,2026-05-18 13:22:29+05:30,53435.55,0,0.0,0,0.0,0.0,53282.15,53585.15,52783.45,53710.35,0,0.0,0.0,0.0,0.0,-0.01,-1,-1,-0.01,-1,-1,-0.01,-1,-1,-0.01,-1,-1,-0.01,-1,-1,-0.01,-1,-1,-0.01,-1,-1,-0.01,-1,-1,-0.01,-1,-1,-0.01,-1,-1
99926009,2026-05-18 13:22:29+05:30,53438.9,0,0.0,0,0.0,0.0,53282.15,53585.15,52783.45,53710.35,0,0.0,0.0,0.0,0.0,-0.01,-1,-1,-0.01,-1,-1,-0.01,-1,-1,-0.01,-1,-1,-0.01,-1,-1,-0.01,-1,-1,-0.01,-1,-1,-0.01,-1,-1,-0.01,-1,-1,-0.01,-1,-1
99926009,2026-05-18 13:22:30+05:30,53438.4,0,0.0,0,0.0,0.0,53282.15,53585.15,52783.45,53710.35,0,0.0,0.0,0.0,0.0,-0.01,-1,-1,-0.01,-1,-1,-0.01,-1,-1,-0.01,-1,-1,-0.01,-1,-1,-0.01,-1,-1,-0.01,-1,-1,-0.01,-1,-1,-0.01,-1,-1,-0.01,-1,-1
99926009,2026-05-18 13:22:30+05:30,53439.5,0,0.0,0,0.0,0.0,53282.15,53585.15,52783.45,53710.35,0,0.0,0.0,0.0,0.0,-0.01,-1,-1,-0.01,-1,-1,-0.01,-1,-1,-0.01,-1,-1,-0.01,-1,-1,-0.01,-1,-1,-0.01,-1,-1,-0.01,-1,-1,-0.01,-1,-1,-0.01,-1,-1
99926009,2026-05-18 13:22:31+05:30,53438.85,0,0.0,0,0.0,0.0,53282.15,53585.15,52783.45,53710.35,0,0.0,0.0,0.0,0.0,-0.01,-1,-1,-0.01,-1,-1,-0.01,-1,-1,-0.01,-1,-1,-0.01,-1,-1,-0.01,-1,-1,-0.01,-1,-1,-0.01,-1,-1,-0.01,-1,-1,-0.01,-1,-1
99926009,2026-05-18 13:22:31+05:30,53439.35,0,0.0,0,0.0,0.0,53282.15,53585.15,52783.45,53710.35,0,0.0,0.0,0.0,0.0,-0.01,-1,-1,-0.01,-1,-1,-0.01,-1,-1,-0.01,-1,-1,-0.01,-1,-1,-0.01,-1,-1,-0.01,-1,-1,-0.01,-1,-1,-0.01,-1,-1,-0.01,-1,-1
99926009,2026-05-18 13:22:32+05:30,53440.5,0,0.0,0,0.0,0.0,53282.15,53585.15,52783.45,53710.35,0,0.0,0.0,0.0,0.0,-0.01,-1,-1,-0.01,-1,-1,-0.01,-1,-1,-0.01,-1,-1,-0.01,-1,-1,-0.01,-1,-1,-0.01,-1,-1,-0.01,-1,-1,-0.01,-1,-1,-0.01,-1,-1
99926009,2026-05-18 13:22:32+05:30,53439.75,0,0.0,0,0.0,0.0,53282.15,53585.15,52783.45,53710.35,0,0.0,0.0,0.0,0.0,-0.01,-1,-1,-0.01,-1,-1,-0.01,-1,-1,-0.01,-1,-1,-0.01,-1,-1,-0.01,-1,-1,-0.01,-1,-1,-0.01,-1,-1,-0.01,-1,-1,-0.01,-1,-1
99926009,2026-05-18 13:22:33+05:30,53440.1,0,0.0,0,0.0,0.0,53282.15,53585.15,52783.45,53710.35,0,0.0,0.0,0.0,0.0,-0.01,-1,-1,-0.01,-1,-1,-0.01,-1,-1,-0.01,-1,-1,-0.01,-1,-1,-0.01,-1,-1,-0.01,-1,-1,-0.01,-1,-1,-0.01,-1,-1,-0.01,-1,-1
99926009,2026-05-18 13:22:33+05:30,53442.0,0,0.0,0,0.0,0.0,53282.15,53585.15,52783.45,53710.35,0,0.0,0.0,0.0,0.0,-0.01,-1,-1,-0.01,-1,-1,-0.01,-1,-1,-0.01,-1,-1,-0.01,-1,-1,-0.01,-1,-1,-0.01,-1,-1,-0.01,-1,-1,-0.01,-1,-1,-0.01,-1,-1
99926009,2026-05-18 13:22:34+05:30,53440.35,0,0.0,0,0.0,0.0,53282.15,53585.15,52783.45,53710.35,0,0.0,0.0,0.0,0.0,-0.01,-1,-1,-0.01,-1,-1,-0.01,-1,-1,-0.01,-1,-1,-0.01,-1,-1,-0.01,-1,-1,-0.01,-1,-1,-0.01,-1,-1,-0.01,-1,-1,-0.01,-1,-1
99926009,2026-05-18 13:22:34+05:30,53441.25,0,0.0,0,0.0,0.0,53282.15,53585.15,52783.45,53710.35,0,0.0,0.0,0.0,0.0,-0.01,-1,-1,-0.01,-1,-1,-0.01,-1,-1,-0.01,-1,-1,-0.01,-1,-1,-0.01,-1,-1,-0.01,-1,-1,-0.01,-1,-1,-0.01,-1,-1,-0.01,-1,-1
99926009,2026-05-18 13:22:35+05:30,53441.95,0,0.0,0,0.0,0.0,53282.15,53585.15,52783.45,53710.35,0,0.0,0.0,0.0,0.0,-0.01,-1,-1,-0.01,-1,-1,-0.01,-1,-1,-0.01,-1,-1,-0.01,-1,-1,-0.01,-1,-1,-0.01,-1,-1,-0.01,-1,-1,-0.01,-1,-1,-0.01,-1,-1
99926009,2026-05-18 13:22:35+05:30,53440.95,0,0.0,0,0.0,0.0,53282.15,53585.15,52783.45,53710.35,0,0.0,0.0,0.0,0.0,-0.01,-1,-1,-0.01,-1,-1,-0.01,-1,-1,-0.01,-1,-1,-0.01,-1,-1,-0.01,-1,-1,-0.01,-1,-1,-0.01,-1,-1,-0.01,-1,-1,-0.01,-1,-1
99926009,2026-05-18 13:22:36+05:30,53439.25,0,0.0,0,0.0,0.0,53282.15,53585.15,52783.45,53710.35,0,0.0,0.0,0.0,0.0,-0.01,-1,-1,-0.01,-1,-1,-0.01,-1,-1,-0.01,-1,-1,-0.01,-1,-1,-0.01,-1,-1,-0.01,-1,-1,-0.01,-1,-1,-0.01,-1,-1,-0.01,-1,-1
99926009,2026-05-18 13:22:36+05:30,53440.8,0,0.0,0,0.0,0.0,53282.15,53585.15,52783.45,53710.35,0,0.0,0.0,0.0,0.0,-0.01,-1,-1,-0.01,-1,-1,-0.01,-1,-1,-0.01,-1,-1,-0.01,-1,-1,-0.01,-1,-1,-0.01,-1,-1,-0.01,-1,-1,-0.01,-1,-1,-0.01,-1,-1
99926009,2026-05-18 13:22:37+05:30,53440.15,0,0.0,0,0.0,0.0,53282.15,53585.15,52783.45,53710.35,0,0.0,0.0,0.0,0.0,-0.01,-1,-1,-0.01,-1,-1,-0.01,-1,-1,-0.01,-1,-1,-0.01,-1,-1,-0.01,-1,-1,-0.01,-1,-1,-0.01,-1,-1,-0.01,-1,-1,-0.01,-1,-1
99926009,2026-05-18 13:22:37+05:30,53439.15,0,0.0,0,0.0,0.0,53282.15,53585.15,52783.45,53710.35,0,0.0,0.0,0.0,0.0,-0.01,-1,-1,-0.01,-1,-1,-0.01,-1,-1,-0.01,-1,-1,-0.01,-1,-1,-0.01,-1,-1,-0.01,-1,-1,-0.01,-1,-1,-0.01,-1,-1,-0.01,-1,-1
99926009,2026-05-18 13:22:38+05:30,53434.95,0,0.0,0,0.0,0.0,53282.15,53585.15,52783.45,53710.35,0,0.0,0.0,0.0,0.0,-0.01,-1,-1,-0.01,-1,-1,-0.01,-1,-1,-0.01,-1,-1,-0.01,-1,-1,-0.01,-1,-1,-0.01,-1,-1,-0.01,-1,-1,-0.01,-1,-1,-0.01,-1,-1
99926009,2026-05-18 13:22:38+05:30,53435.95,0,0.0,0,0.0,0.0,53282.15,53585.15,52783.45,53710.35,0,0.0,0.0,0.0,0.0,-0.01,-1,-1,-0.01,-1,-1,-0.01,-1,-1,-0.01,-1,-1,-0.01,-1,-1,-0.01,-1,-1,-0.01,-1,-1,-0.01,-1,-1,-0.01,-1,-1,-0.01,-1,-1
99926009,2026-05-18 13:22:39+05:30,53436.45,0,0.0,0,0.0,0.0,53282.15,53585.15,52783.45,53710.35,0,0.0,0.0,0.0,0.0,-0.01,-1,-1,-0.01,-1,-1,-0.01,-1,-1,-0.01,-1,-1,-0.01,-1,-1,-0.01,-1,-1,-0.01,-1,-1,-0.01,-1,-1,-0.01,-1,-1,-0.01,-1,-1
99926009,2026-05-18 13:22:39+05:30,53435.85,0,0.0,0,0.0,0.0,53282.15,53585.15,52783.45,53710.35,0,0.0,0.0,0.0,0.0,-0.01,-1,-1,-0.01,-1,-1,-0.01,-1,-1,-0.01,-1,-1,-0.01,-1,-1,-0.01,-1,-1,-0.01,-1,-1,-0.01,-1,-1,-0.01,-1,-1,-0.01,-1,-1
99926009,2026-05-18 13:22:40+05:30,53437.35,0,0.0,0,0.0,0.0,53282.15,53585.15,52783.45,53710.35,0,0.0,0.0,0.0,0.0,-0.01,-1,-1,-0.01,-1,-1,-0.01,-1,-1,-0.01,-1,-1,-0.01,-1,-1,-0.01,-1,-1,-0.01,-1,-1,-0.01,-1,-1,-0.01,-1,-1,-0.01,-1,-1
99926009,2026-05-18 13:22:40+05:30,53439.7,0,0.0,0,0.0,0.0,53282.15,53585.15,52783.45,53710.35,0,0.0,0.0,0.0,0.0,-0.01,-1,-1,-0.01,-1,-1,-0.01,-1,-1,-0.01,-1,-1,-0.01,-1,-1,-0.01,-1,-1,-0.01,-1,-1,-0.01,-1,-1,-0.01,-1,-1,-0.01,-1,-1
99926009,2026-05-18 13:22:41+05:30,53437.7,0,0.0,0,0.0,0.0,53282.15,53585.15,52783.45,53710.35,0,0.0,0.0,0.0,0.0,-0.01,-1,-1,-0.01,-1,-1,-0.01,-1,-1,-0.01,-1,-1,-0.01,-1,-1,-0.01,-1,-1,-0.01,-1,-1,-0.01,-1,-1,-0.01,-1,-1,-0.01,-1,-1
99926009,2026-05-18 13:22:41+05:30,53438.6,0,0.0,0,0.0,0.0,53282.15,53585.15,52783.45,53710.35,0,0.0,0.0,0.0,0.0,-0.01,-1,-1,-0.01,-1,-1,-0.01,-1,-1,-0.01,-1,-1,-0.01,-1,-1,-0.01,-1,-1,-0.01,-1,-1,-0.01,-1,-1,-0.01,-1,-1,-0.01,-1,-1
99926009,2026-05-18 13:22:42+05:30,53438.2,0,0.0,0,0.0,0.0,53282.15,53585.15,52783.45,53710.35,0,0.0,0.0,0.0,0.0,-0.01,-1,-1,-0.01,-1,-1,-0.01,-1,-1,-0.01,-1,-1,-0.01,-1,-1,-0.01,-1,-1,-0.01,-1,-1,-0.01,-1,-1,-0.01,-1,-1,-0.01,-1,-1
99926009,2026-05-18 13:22:42+05:30,53436.55,0,0.0,0,0.0,0.0,53282.15,53585.15,52783.45,53710.35,0,0.0,0.0,0.0,0.0,-0.01,-1,-1,-0.01,-1,-1,-0.01,-1,-1,-0.01,-1,-1,-0.01,-1,-1,-0.01,-1,-1,-0.01,-1,-1,-0.01,-1,-1,-0.01,-1,-1,-0.01,-1,-1
99926009,2026-05-18 13:22:43+05:30,53437.6,0,0.0,0,0.0,0.0,53282.15,53585.15,52783.45,53710.35,0,0.0,0.0,0.0,0.0,-0.01,-1,-1,-0.01,-1,-1,-0.01,-1,-1,-0.01,-1,-1,-0.01,-1,-1,-0.01,-1,-1,-0.01,-1,-1,-0.01,-1,-1,-0.01,-1,-1,-0.01,-1,-1
99926009,2026-05-18 13:22:43+05:30,53437.05,0,0.0,0,0.0,0.0,53282.15,53585.15,52783.45,53710.35,0,0.0,0.0,0.0,0.0,-0.01,-1,-1,-0.01,-1,-1,-0.01,-1,-1,-0.01,-1,-1,-0.01,-1,-1,-0.01,-1,-1,-0.01,-1,-1,-0.01,-1,-1,-0.01,-1,-1,-0.01,-1,-1
99926009,2026-05-18 13:22:44+05:30,53438.7,0,0.0,0,0.0,0.0,53282.15,53585.15,52783.45,53710.35,0,0.0,0.0,0.0,0.0,-0.01,-1,-1,-0.01,-1,-1,-0.01,-1,-1,-0.01,-1,-1,-0.01,-1,-1,-0.01,-1,-1,-0.01,-1,-1,-0.01,-1,-1,-0.01,-1,-1,-0.01,-1,-1
99926009,2026-05-18 13:22:44+05:30,53435.15,0,0.0,0,0.0,0.0,53282.15,53585.15,52783.45,53710.35,0,0.0,0.0,0.0,0.0,-0.01,-1,-1,-0.01,-1,-1,-0.01,-1,-1,-0.01,-1,-1,-0.01,-1,-1,-0.01,-1,-1,-0.01,-1,-1,-0.01,-1,-1,-0.01,-1,-1,-0.01,-1,-1
99926009,2026-05-18 13:22:45+05:30,53436.8,0,0.0,0,0.0,0.0,53282.15,53585.15,52783.45,53710.35,0,0.0,0.0,0.0,0.0,-0.01,-1,-1,-0.01,-1,-1,-0.01,-1,-1,-0.01,-1,-1,-0.01,-1,-1,-0.01,-1,-1,-0.01,-1,-1,-0.01,-1,-1,-0.01,-1,-1,-0.01,-1,-1
99926009,2026-05-18 13:22:45+05:30,53438.8,0,0.0,0,0.0,0.0,53282.15,53585.15,52783.45,53710.35,0,0.0,0.0,0.0,0.0,-0.01,-1,-1,-0.01,-1,-1,-0.01,-1,-1,-0.01,-1,-1,-0.01,-1,-1,-0.01,-1,-1,-0.01,-1,-1,-0.01,-1,-1,-0.01,-1,-1,-0.01,-1,-1
99926009,2026-05-18 13:22:46+05:30,53434.4,0,0.0,0,0.0,0.0,53282.15,53585.15,52783.45,53710.35,0,0.0,0.0,0.0,0.0,-0.01,-1,-1,-0.01,-1,-1,-0.01,-1,-1,-0.01,-1,-1,-0.01,-1,-1,-0.01,-1,-1,-0.01,-1,-1,-0.01,-1,-1,-0.01,-1,-1,-0.01,-1,-1
99926009,2026-05-18 13:22:46+05:30,53434.2,0,0.0,0,0.0,0.0,53282.15,53585.15,52783.45,53710.35,0,0.0,0.0,0.0,0.0,-0.01,-1,-1,-0.01,-1,-1,-0.01,-1,-1,-0.01,-1,-1,-0.01,-1,-1,-0.01,-1,-1,-0.01,-1,-1,-0.01,-1,-1,-0.01,-1,-1,-0.01,-1,-1
99926009,2026-05-18 13:22:47+05:30,53436.15,0,0.0,0,0.0,0.0,53282.15,53585.15,52783.45,53710.35,0,0.0,0.0,0.0,0.0,-0.01,-1,-1,-0.01,-1,-1,-0.01,-1,-1,-0.01,-1,-1,-0.01,-1,-1,-0.01,-1,-1,-0.01,-1,-1,-0.01,-1,-1,-0.01,-1,-1,-0.01,-1,-1
99926009,2026-05-18 13:22:47+05:30,53431.55,0,0.0,0,0.0,0.0,53282.15,53585.15,52783.45,53710.35,0,0.0,0.0,0.0,0.0,-0.01,-1,-1,-0.01,-1,-1,-0.01,-1,-1,-0.01,-1,-1,-0.01,-1,-1,-0.01,-1,-1,-0.01,-1,-1,-0.01,-1,-1,-0.01,-1,-1,-0.01,-1,-1
99926009,2026-05-18 13:22:48+05:30,53431.35,0,0.0,0,0.0,0.0,53282.15,53585.15,52783.45,53710.35,0,0.0,0.0,0.0,0.0,-0.01,-1,-1,-0.01,-1,-1,-0.01,-1,-1,-0.01,-1,-1,-0.01,-1,-1,-0.01,-1,-1,-0.01,-1,-1,-0.01,-1,-1,-0.01,-1,-1,-0.01,-1,-1
99926009,2026-05-18 13:22:48+05:30,53427.35,0,0.0,0,0.0,0.0,53282.15,53585.15,52783.45,53710.35,0,0.0,0.0,0.0,0.0,-0.01,-1,-1,-0.01,-1,-1,-0.01,-1,-1,-0.01,-1,-1,-0.01,-1,-1,-0.01,-1,-1,-0.01,-1,-1,-0.01,-1,-1,-0.01,-1,-1,-0.01,-1,-1
99926009,2026-05-18 13:22:49+05:30,53426.95,0,0.0,0,0.0,0.0,53282.15,53585.15,52783.45,53710.35,0,0.0,0.0,0.0,0.0,-0.01,-1,-1,-0.01,-1,-1,-0.01,-1,-1,-0.01,-1,-1,-0.01,-1,-1,-0.01,-1,-1,-0.01,-1,-1,-0.01,-1,-1,-0.01,-1,-1,-0.01,-1,-1
99926009,2026-05-18 13:22:49+05:30,53423.2,0,0.0,0,0.0,0.0,53282.15,53585.15,52783.45,53710.35,0,0.0,0.0,0.0,0.0,-0.01,-1,-1,-0.01,-1,-1,-0.01,-1,-1,-0.01,-1,-1,-0.01,-1,-1,-0.01,-1,-1,-0.01,-1,-1,-0.01,-1,-1,-0.01,-1,-1,-0.01,-1,-1
99926009,2026-05-18 13:22:50+05:30,53423.2,0,0.0,0,0.0,0.0,53282.15,53585.15,52783.45,53710.35,0,0.0,0.0,0.0,0.0,-0.01,-1,-1,-0.01,-1,-1,-0.01,-1,-1,-0.01,-1,-1,-0.01,-1,-1,-0.01,-1,-1,-0.01,-1,-1,-0.01,-1,-1,-0.01,-1,-1,-0.01,-1,-1
99926009,2026-05-18 13:22:50+05:30,53425.7,0,0.0,0,0.0,0.0,53282.15,53585.15,52783.45,53710.35,0,0.0,0.0,0.0,0.0,-0.01,-1,-1,-0.01,-1,-1,-0.01,-1,-1,-0.01,-1,-1,-0.01,-1,-1,-0.01,-1,-1,-0.01,-1,-1,-0.01,-1,-1,-0.01,-1,-1,-0.01,-1,-1
99926009,2026-05-18 13:22:51+05:30,53422.25,0,0.0,0,0.0,0.0,53282.15,53585.15,52783.45,53710.35,0,0.0,0.0,0.0,0.0,-0.01,-1,-1,-0.01,-1,-1,-0.01,-1,-1,-0.01,-1,-1,-0.01,-1,-1,-0.01,-1,-1,-0.01,-1,-1,-0.01,-1,-1,-0.01,-1,-1,-0.01,-1,-1
99926009,2026-05-18 13:22:51+05:30,53424.85,0,0.0,0,0.0,0.0,53282.15,53585.15,52783.45,53710.35,0,0.0,0.0,0.0,0.0,-0.01,-1,-1,-0.01,-1,-1,-0.01,-1,-1,-0.01,-1,-1,-0.01,-1,-1,-0.01,-1,-1,-0.01,-1,-1,-0.01,-1,-1,-0.01,-1,-1,-0.01,-1,-1
99926009,2026-05-18 13:22:52+05:30,53422.1,0,0.0,0,0.0,0.0,53282.15,53585.15,52783.45,53710.35,0,0.0,0.0,0.0,0.0,-0.01,-1,-1,-0.01,-1,-1,-0.01,-1,-1,-0.01,-1,-1,-0.01,-1,-1,-0.01,-1,-1,-0.01,-1,-1,-0.01,-1,-1,-0.01,-1,-1,-0.01,-1,-1
99926009,2026-05-18 13:22:52+05:30,53423.05,0,0.0,0,0.0,0.0,53282.15,53585.15,52783.45,53710.35,0,0.0,0.0,0.0,0.0,-0.01,-1,-1,-0.01,-1,-1,-0.01,-1,-1,-0.01,-1,-1,-0.01,-1,-1,-0.01,-1,-1,-0.01,-1,-1,-0.01,-1,-1,-0.01,-1,-1,-0.01,-1,-1
99926009,2026-05-18 13:22:53+05:30,53423.2,0,0.0,0,0.0,0.0,53282.15,53585.15,52783.45,53710.35,0,0.0,0.0,0.0,0.0,-0.01,-1,-1,-0.01,-1,-1,-0.01,-1,-1,-0.01,-1,-1,-0.01,-1,-1,-0.01,-1,-1,-0.01,-1,-1,-0.01,-1,-1,-0.01,-1,-1,-0.01,-1,-1
99926009,2026-05-18 13:22:53+05:30,53422.95,0,0.0,0,0.0,0.0,53282.15,53585.15,52783.45,53710.35,0,0.0,0.0,0.0,0.0,-0.01,-1,-1,-0.01,-1,-1,-0.01,-1,-1,-0.01,-1,-1,-0.01,-1,-1,-0.01,-1,-1,-0.01,-1,-1,-0.01,-1,-1,-0.01,-1,-1,-0.01,-1,-1
99926009,2026-05-18 13:22:54+05:30,53424.1,0,0.0,0,0.0,0.0,53282.15,53585.15,52783.45,53710.35,0,0.0,0.0,0.0,0.0,-0.01,-1,-1,-0.01,-1,-1,-0.01,-1,-1,-0.01,-1,-1,-0.01,-1,-1,-0.01,-1,-1,-0.01,-1,-1,-0.01,-1,-1,-0.01,-1,-1,-0.01,-1,-1
99926009,2026-05-18 13:22:54+05:30,53422.3,0,0.0,0,0.0,0.0,53282.15,53585.15,52783.45,53710.35,0,0.0,0.0,0.0,0.0,-0.01,-1,-1,-0.01,-1,-1,-0.01,-1,-1,-0.01,-1,-1,-0.01,-1,-1,-0.01,-1,-1,-0.01,-1,-1,-0.01,-1,-1,-0.01,-1,-1,-0.01,-1,-1
99926009,2026-05-18 13:22:55+05:30,53424.1,0,0.0,0,0.0,0.0,53282.15,53585.15,52783.45,53710.35,0,0.0,0.0,0.0,0.0,-0.01,-1,-1,-0.01,-1,-1,-0.01,-1,-1,-0.01,-1,-1,-0.01,-1,-1,-0.01,-1,-1,-0.01,-1,-1,-0.01,-1,-1,-0.01,-1,-1,-0.01,-1,-1
99926009,2026-05-18 13:22:55+05:30,53422.3,0,0.0,0,0.0,0.0,53282.15,53585.15,52783.45,53710.35,0,0.0,0.0,0.0,0.0,-0.01,-1,-1,-0.01,-1,-1,-0.01,-1,-1,-0.01,-1,-1,-0.01,-1,-1,-0.01,-1,-1,-0.01,-1,-1,-0.01,-1,-1,-0.01,-1,-1,-0.01,-1,-1
99926009,2026-05-18 13:22:56+05:30,53420.95,0,0.0,0,0.0,0.0,53282.15,53585.15,52783.45,53710.35,0,0.0,0.0,0.0,0.0,-0.01,-1,-1,-0.01,-1,-1,-0.01,-1,-1,-0.01,-1,-1,-0.01,-1,-1,-0.01,-1,-1,-0.01,-1,-1,-0.01,-1,-1,-0.01,-1,-1,-0.01,-1,-1
99926009,2026-05-18 13:22:56+05:30,53420.35,0,0.0,0,0.0,0.0,53282.15,53585.15,52783.45,53710.35,0,0.0,0.0,0.0,0.0,-0.01,-1,-1,-0.01,-1,-1,-0.01,-1,-1,-0.01,-1,-1,-0.01,-1,-1,-0.01,-1,-1,-0.01,-1,-1,-0.01,-1,-1,-0.01,-1,-1,-0.01,-1,-1
99926009,2026-05-18 13:22:57+05:30,53420.9,0,0.0,0,0.0,0.0,53282.15,53585.15,52783.45,53710.35,0,0.0,0.0,0.0,0.0,-0.01,-1,-1,-0.01,-1,-1,-0.01,-1,-1,-0.01,-1,-1,-0.01,-1,-1,-0.01,-1,-1,-0.01,-1,-1,-0.01,-1,-1,-0.01,-1,-1,-0.01,-1,-1
99926009,2026-05-18 13:22:57+05:30,53419.85,0,0.0,0,0.0,0.0,53282.15,53585.15,52783.45,53710.35,0,0.0,0.0,0.0,0.0,-0.01,-1,-1,-0.01,-1,-1,-0.01,-1,-1,-0.01,-1,-1,-0.01,-1,-1,-0.01,-1,-1,-0.01,-1,-1,-0.01,-1,-1,-0.01,-1,-1,-0.01,-1,-1
99926009,2026-05-18 13:22:58+05:30,53418.1,0,0.0,0,0.0,0.0,53282.15,53585.15,52783.45,53710.35,0,0.0,0.0,0.0,0.0,-0.01,-1,-1,-0.01,-1,-1,-0.01,-1,-1,-0.01,-1,-1,-0.01,-1,-1,-0.01,-1,-1,-0.01,-1,-1,-0.01,-1,-1,-0.01,-1,-1,-0.01,-1,-1
99926009,2026-05-18 13:22:58+05:30,53416.35,0,0.0,0,0.0,0.0,53282.15,53585.15,52783.45,53710.35,0,0.0,0.0,0.0,0.0,-0.01,-1,-1,-0.01,-1,-1,-0.01,-1,-1,-0.01,-1,-1,-0.01,-1,-1,-0.01,-1,-1,-0.01,-1,-1,-0.01,-1,-1,-0.01,-1,-1,-0.01,-1,-1
99926009,2026-05-18 13:22:59+05:30,53415.1,0,0.0,0,0.0,0.0,53282.15,53585.15,52783.45,53710.35,0,0.0,0.0,0.0,0.0,-0.01,-1,-1,-0.01,-1,-1,-0.01,-1,-1,-0.01,-1,-1,-0.01,-1,-1,-0.01,-1,-1,-0.01,-1,-1,-0.01,-1,-1,-0.01,-1,-1,-0.01,-1,-1
99926009,2026-05-18 13:22:59+05:30,53415.3,0,0.0,0,0.0,0.0,53282.15,53585.15,52783.45,53710.35,0,0.0,0.0,0.0,0.0,-0.01,-1,-1,-0.01,-1,-1,-0.01,-1,-1,-0.01,-1,-1,-0.01,-1,-1,-0.01,-1,-1,-0.01,-1,-1,-0.01,-1,-1,-0.01,-1,-1,-0.01,-1,-1
99926009,2026-05-18 13:23:00+05:30,53417.8,0,0.0,0,0.0,0.0,53282.15,53585.15,52783.45,53710.35,0,0.0,0.0,0.0,0.0,-0.01,-1,-1,-0.01,-1,-1,-0.01,-1,-1,-0.01,-1,-1,-0.01,-1,-1,-0.01,-1,-1,-0.01,-1,-1,-0.01,-1,-1,-0.01,-1,-1,-0.01,-1,-1
99926009,2026-05-18 13:23:00+05:30,53415.0,0,0.0,0,0.0,0.0,53282.15,53585.15,52783.45,53710.35,0,0.0,0.0,0.0,0.0,-0.01,-1,-1,-0.01,-1,-1,-0.01,-1,-1,-0.01,-1,-1,-0.01,-1,-1,-0.01,-1,-1,-0.01,-1,-1,-0.01,-1,-1,-0.01,-1,-1,-0.01,-1,-1
99926009,2026-05-18 13:23:01+05:30,53414.55,0,0.0,0,0.0,0.0,53282.15,53585.15,52783.45,53710.35,0,0.0,0.0,0.0,0.0,-0.01,-1,-1,-0.01,-1,-1,-0.01,-1,-1,-0.01,-1,-1,-0.01,-1,-1,-0.01,-1,-1,-0.01,-1,-1,-0.01,-1,-1,-0.01,-1,-1,-0.01,-1,-1
99926009,2026-05-18 13:23:01+05:30,53414.65,0,0.0,0,0.0,0.0,53282.15,53585.15,52783.45,53710.35,0,0.0,0.0,0.0,0.0,-0.01,-1,-1,-0.01,-1,-1,-0.01,-1,-1,-0.01,-1,-1,-0.01,-1,-1,-0.01,-1,-1,-0.01,-1,-1,-0.01,-1,-1,-0.01,-1,-1,-0.01,-1,-1
99926009,2026-05-18 13:23:02+05:30,53411.4,0,0.0,0,0.0,0.0,53282.15,53585.15,52783.45,53710.35,0,0.0,0.0,0.0,0.0,-0.01,-1,-1,-0.01,-1,-1,-0.01,-1,-1,-0.01,-1,-1,-0.01,-1,-1,-0.01,-1,-1,-0.01,-1,-1,-0.01,-1,-1,-0.01,-1,-1,-0.01,-1,-1
99926009,2026-05-18 13:23:02+05:30,53407.1,0,0.0,0,0.0,0.0,53282.15,53585.15,52783.45,53710.35,0,0.0,0.0,0.0,0.0,-0.01,-1,-1,-0.01,-1,-1,-0.01,-1,-1,-0.01,-1,-1,-0.01,-1,-1,-0.01,-1,-1,-0.01,-1,-1,-0.01,-1,-1,-0.01,-1,-1,-0.01,-1,-1
99926009,2026-05-18 13:23:03+05:30,53403.8,0,0.0,0,0.0,0.0,53282.15,53585.15,52783.45,53710.35,0,0.0,0.0,0.0,0.0,-0.01,-1,-1,-0.01,-1,-1,-0.01,-1,-1,-0.01,-1,-1,-0.01,-1,-1,-0.01,-1,-1,-0.01,-1,-1,-0.01,-1,-1,-0.01,-1,-1,-0.01,-1,-1
99926009,2026-05-18 13:23:03+05:30,53409.05,0,0.0,0,0.0,0.0,53282.15,53585.15,52783.45,53710.35,0,0.0,0.0,0.0,0.0,-0.01,-1,-1,-0.01,-1,-1,-0.01,-1,-1,-0.01,-1,-1,-0.01,-1,-1,-0.01,-1,-1,-0.01,-1,-1,-0.01,-1,-1,-0.01,-1,-1,-0.01,-1,-1
99926009,2026-05-18 13:23:04+05:30,53409.4,0,0.0,0,0.0,0.0,53282.15,53585.15,52783.45,53710.35,0,0.0,0.0,0.0,0.0,-0.01,-1,-1,-0.01,-1,-1,-0.01,-1,-1,-0.01,-1,-1,-0.01,-1,-1,-0.01,-1,-1,-0.01,-1,-1,-0.01,-1,-1,-0.01,-1,-1,-0.01,-1,-1
99926009,2026-05-18 13:23:04+05:30,53412.6,0,0.0,0,0.0,0.0,53282.15,53585.15,52783.45,53710.35,0,0.0,0.0,0.0,0.0,-0.01,-1,-1,-0.01,-1,-1,-0.01,-1,-1,-0.01,-1,-1,-0.01,-1,-1,-0.01,-1,-1,-0.01,-1,-1,-0.01,-1,-1,-0.01,-1,-1,-0.01,-1,-1
99926009,2026-05-18 13:23:05+05:30,53409.6,0,0.0,0,0.0,0.0,53282.15,53585.15,52783.45,53710.35,0,0.0,0.0,0.0,0.0,-0.01,-1,-1,-0.01,-1,-1,-0.01,-1,-1,-0.01,-1,-1,-0.01,-1,-1,-0.01,-1,-1,-0.01,-1,-1,-0.01,-1,-1,-0.01,-1,-1,-0.01,-1,-1
99926009,2026-05-18 13:23:05+05:30,53405.8,0,0.0,0,0.0,0.0,53282.15,53585.15,52783.45,53710.35,0,0.0,0.0,0.0,0.0,-0.01,-1,-1,-0.01,-1,-1,-0.01,-1,-1,-0.01,-1,-1,-0.01,-1,-1,-0.01,-1,-1,-0.01,-1,-1,-0.01,-1,-1,-0.01,-1,-1,-0.01,-1,-1
99926009,2026-05-18 13:23:06+05:30,53410.1,0,0.0,0,0.0,0.0,53282.15,53585.15,52783.45,53710.35,0,0.0,0.0,0.0,0.0,-0.01,-1,-1,-0.01,-1,-1,-0.01,-1,-1,-0.01,-1,-1,-0.01,-1,-1,-0.01,-1,-1,-0.01,-1,-1,-0.01,-1,-1,-0.01,-1,-1,-0.01,-1,-1
99926009,2026-05-18 13:23:06+05:30,53413.6,0,0.0,0,0.0,0.0,53282.15,53585.15,52783.45,53710.35,0,0.0,0.0,0.0,0.0,-0.01,-1,-1,-0.01,-1,-1,-0.01,-1,-1,-0.01,-1,-1,-0.01,-1,-1,-0.01,-1,-1,-0.01,-1,-1,-0.01,-1,-1,-0.01,-1,-1,-0.01,-1,-1
99926009,2026-05-18 13:23:07+05:30,53411.9,0,0.0,0,0.0,0.0,53282.15,53585.15,52783.45,53710.35,0,0.0,0.0,0.0,0.0,-0.01,-1,-1,-0.01,-1,-1,-0.01,-1,-1,-0.01,-1,-1,-0.01,-1,-1,-0.01,-1,-1,-0.01,-1,-1,-0.01,-1,-1,-0.01,-1,-1,-0.01,-1,-1
99926009,2026-05-18 13:23:07+05:30,53411.7,0,0.0,0,0.0,0.0,53282.15,53585.15,52783.45,53710.35,0,0.0,0.0,0.0,0.0,-0.01,-1,-1,-0.01,-1,-1,-0.01,-1,-1,-0.01,-1,-1,-0.01,-1,-1,-0.01,-1,-1,-0.01,-1,-1,-0.01,-1,-1,-0.01,-1,-1,-0.01,-1,-1
99926009,2026-05-18 13:23:08+05:30,53407.9,0,0.0,0,0.0,0.0,53282.15,53585.15,52783.45,53710.35,0,0.0,0.0,0.0,0.0,-0.01,-1,-1,-0.01,-1,-1,-0.01,-1,-1,-0.01,-1,-1,-0.01,-1,-1,-0.01,-1,-1,-0.01,-1,-1,-0.01,-1,-1,-0.01,-1,-1,-0.01,-1,-1
99926009,2026-05-18 13:23:08+05:30,53412.2,0,0.0,0,0.0,0.0,53282.15,53585.15,52783.45,53710.35,0,0.0,0.0,0.0,0.0,-0.01,-1,-1,-0.01,-1,-1,-0.01,-1,-1,-0.01,-1,-1,-0.01,-1,-1,-0.01,-1,-1,-0.01,-1,-1,-0.01,-1,-1,-0.01,-1,-1,-0.01,-1,-1
99926009,2026-05-18 13:23:09+05:30,53410.8,0,0.0,0,0.0,0.0,53282.15,53585.15,52783.45,53710.35,0,0.0,0.0,0.0,0.0,-0.01,-1,-1,-0.01,-1,-1,-0.01,-1,-1,-0.01,-1,-1,-0.01,-1,-1,-0.01,-1,-1,-0.01,-1,-1,-0.01,-1,-1,-0.01,-1,-1,-0.01,-1,-1
99926009,2026-05-18 13:23:09+05:30,53409.95,0,0.0,0,0.0,0.0,53282.15,53585.15,52783.45,53710.35,0,0.0,0.0,0.0,0.0,-0.01,-1,-1,-0.01,-1,-1,-0.01,-1,-1,-0.01,-1,-1,-0.01,-1,-1,-0.01,-1,-1,-0.01,-1,-1,-0.01,-1,-1,-0.01,-1,-1,-0.01,-1,-1
99926009,2026-05-18 13:23:10+05:30,53412.8,0,0.0,0,0.0,0.0,53282.15,53585.15,52783.45,53710.35,0,0.0,0.0,0.0,0.0,-0.01,-1,-1,-0.01,-1,-1,-0.01,-1,-1,-0.01,-1,-1,-0.01,-1,-1,-0.01,-1,-1,-0.01,-1,-1,-0.01,-1,-1,-0.01,-1,-1,-0.01,-1,-1
99926009,2026-05-18 13:23:10+05:30,53413.9,0,0.0,0,0.0,0.0,53282.15,53585.15,52783.45,53710.35,0,0.0,0.0,0.0,0.0,-0.01,-1,-1,-0.01,-1,-1,-0.01,-1,-1,-0.01,-1,-1,-0.01,-1,-1,-0.01,-1,-1,-0.01,-1,-1,-0.01,-1,-1,-0.01,-1,-1,-0.01,-1,-1
99926009,2026-05-18 13:23:11+05:30,53410.1,0,0.0,0,0.0,0.0,53282.15,53585.15,52783.45,53710.35,0,0.0,0.0,0.0,0.0,-0.01,-1,-1,-0.01,-1,-1,-0.01,-1,-1,-0.01,-1,-1,-0.01,-1,-1,-0.01,-1,-1,-0.01,-1,-1,-0.01,-1,-1,-0.01,-1,-1,-0.01,-1,-1
99926009,2026-05-18 13:23:11+05:30,53415.65,0,0.0,0,0.0,0.0,53282.15,53585.15,52783.45,53710.35,0,0.0,0.0,0.0,0.0,-0.01,-1,-1,-0.01,-1,-1,-0.01,-1,-1,-0.01,-1,-1,-0.01,-1,-1,-0.01,-1,-1,-0.01,-1,-1,-0.01,-1,-1,-0.01,-1,-1,-0.01,-1,-1
99926009,2026-05-18 13:23:12+05:30,53411.95,0,0.0,0,0.0,0.0,53282.15,53585.15,52783.45,53710.35,0,0.0,0.0,0.0,0.0,-0.01,-1,-1,-0.01,-1,-1,-0.01,-1,-1,-0.01,-1,-1,-0.01,-1,-1,-0.01,-1,-1,-0.01,-1,-1,-0.01,-1,-1,-0.01,-1,-1,-0.01,-1,-1
99926009,2026-05-18 13:23:12+05:30,53410.3,0,0.0,0,0.0,0.0,53282.15,53585.15,52783.45,53710.35,0,0.0,0.0,0.0,0.0,-0.01,-1,-1,-0.01,-1,-1,-0.01,-1,-1,-0.01,-1,-1,-0.01,-1,-1,-0.01,-1,-1,-0.01,-1,-1,-0.01,-1,-1,-0.01,-1,-1,-0.01,-1,-1
99926009,2026-05-18 13:23:13+05:30,53412.7,0,0.0,0,0.0,0.0,53282.15,53585.15,52783.45,53710.35,0,0.0,0.0,0.0,0.0,-0.01,-1,-1,-0.01,-1,-1,-0.01,-1,-1,-0.01,-1,-1,-0.01,-1,-1,-0.01,-1,-1,-0.01,-1,-1,-0.01,-1,-1,-0.01,-1,-1,-0.01,-1,-1
99926009,2026-05-18 13:23:13+05:30,53411.95,0,0.0,0,0.0,0.0,53282.15,53585.15,52783.45,53710.35,0,0.0,0.0,0.0,0.0,-0.01,-1,-1,-0.01,-1,-1,-0.01,-1,-1,-0.01,-1,-1,-0.01,-1,-1,-0.01,-1,-1,-0.01,-1,-1,-0.01,-1,-1,-0.01,-1,-1,-0.01,-1,-1
99926009,2026-05-18 13:23:14+05:30,53412.65,0,0.0,0,0.0,0.0,53282.15,53585.15,52783.45,53710.35,0,0.0,0.0,0.0,0.0,-0.01,-1,-1,-0.01,-1,-1,-0.01,-1,-1,-0.01,-1,-1,-0.01,-1,-1,-0.01,-1,-1,-0.01,-1,-1,-0.01,-1,-1,-0.01,-1,-1,-0.01,-1,-1
99926009,2026-05-18 13:23:14+05:30,53411.95,0,0.0,0,0.0,0.0,53282.15,53585.15,52783.45,53710.35,0,0.0,0.0,0.0,0.0,-0.01,-1,-1,-0.01,-1,-1,-0.01,-1,-1,-0.01,-1,-1,-0.01,-1,-1,-0.01,-1,-1,-0.01,-1,-1,-0.01,-1,-1,-0.01,-1,-1,-0.01,-1,-1
99926009,2026-05-18 13:23:15+05:30,53409.5,0,0.0,0,0.0,0.0,53282.15,53585.15,52783.45,53710.35,0,0.0,0.0,0.0,0.0,-0.01,-1,-1,-0.01,-1,-1,-0.01,-1,-1,-0.01,-1,-1,-0.01,-1,-1,-0.01,-1,-1,-0.01,-1,-1,-0.01,-1,-1,-0.01,-1,-1,-0.01,-1,-1
99926009,2026-05-18 13:23:15+05:30,53415.65,0,0.0,0,0.0,0.0,53282.15,53585.15,52783.45,53710.35,0,0.0,0.0,0.0,0.0,-0.01,-1,-1,-0.01,-1,-1,-0.01,-1,-1,-0.01,-1,-1,-0.01,-1,-1,-0.01,-1,-1,-0.01,-1,-1,-0.01,-1,-1,-0.01,-1,-1,-0.01,-1,-1
99926009,2026-05-18 13:23:16+05:30,53413.05,0,0.0,0,0.0,0.0,53282.15,53585.15,52783.45,53710.35,0,0.0,0.0,0.0,0.0,-0.01,-1,-1,-0.01,-1,-1,-0.01,-1,-1,-0.01,-1,-1,-0.01,-1,-1,-0.01,-1,-1,-0.01,-1,-1,-0.01,-1,-1,-0.01,-1,-1,-0.01,-1,-1
99926009,2026-05-18 13:23:16+05:30,53413.6,0,0.0,0,0.0,0.0,53282.15,53585.15,52783.45,53710.35,0,0.0,0.0,0.0,0.0,-0.01,-1,-1,-0.01,-1,-1,-0.01,-1,-1,-0.01,-1,-1,-0.01,-1,-1,-0.01,-1,-1,-0.01,-1,-1,-0.01,-1,-1,-0.01,-1,-1,-0.01,-1,-1
99926009,2026-05-18 13:23:17+05:30,53406.85,0,0.0,0,0.0,0.0,53282.15,53585.15,52783.45,53710.35,0,0.0,0.0,0.0,0.0,-0.01,-1,-1,-0.01,-1,-1,-0.01,-1,-1,-0.01,-1,-1,-0.01,-1,-1,-0.01,-1,-1,-0.01,-1,-1,-0.01,-1,-1,-0.01,-1,-1,-0.01,-1,-1
99926009,2026-05-18 13:23:17+05:30,53405.75,0,0.0,0,0.0,0.0,53282.15,53585.15,52783.45,53710.35,0,0.0,0.0,0.0,0.0,-0.01,-1,-1,-0.01,-1,-1,-0.01,-1,-1,-0.01,-1,-1,-0.01,-1,-1,-0.01,-1,-1,-0.01,-1,-1,-0.01,-1,-1,-0.01,-1,-1,-0.01,-1,-1
99926009,2026-05-18 13:23:18+05:30,53409.2,0,0.0,0,0.0,0.0,53282.15,53585.15,52783.45,53710.35,0,0.0,0.0,0.0,0.0,-0.01,-1,-1,-0.01,-1,-1,-0.01,-1,-1,-0.01,-1,-1,-0.01,-1,-1,-0.01,-1,-1,-0.01,-1,-1,-0.01,-1,-1,-0.01,-1,-1,-0.01,-1,-1
99926009,2026-05-18 13:23:18+05:30,53408.95,0,0.0,0,0.0,0.0,53282.15,53585.15,52783.45,53710.35,0,0.0,0.0,0.0,0.0,-0.01,-1,-1,-0.01,-1,-1,-0.01,-1,-1,-0.01,-1,-1,-0.01,-1,-1,-0.01,-1,-1,-0.01,-1,-1,-0.01,-1,-1,-0.01,-1,-1,-0.01,-1,-1
99926009,2026-05-18 13:23:19+05:30,53408.0,0,0.0,0,0.0,0.0,53282.15,53585.15,52783.45,53710.35,0,0.0,0.0,0.0,0.0,-0.01,-1,-1,-0.01,-1,-1,-0.01,-1,-1,-0.01,-1,-1,-0.01,-1,-1,-0.01,-1,-1,-0.01,-1,-1,-0.01,-1,-1,-0.01,-1,-1,-0.01,-1,-1
99926009,2026-05-18 13:23:19+05:30,53408.15,0,0.0,0,0.0,0.0,53282.15,53585.15,52783.45,53710.35,0,0.0,0.0,0.0,0.0,-0.01,-1,-1,-0.01,-1,-1,-0.01,-1,-1,-0.01,-1,-1,-0.01,-1,-1,-0.01,-1,-1,-0.01,-1,-1,-0.01,-1,-1,-0.01,-1,-1,-0.01,-1,-1
99926009,2026-05-18 13:23:20+05:30,53408.05,0,0.0,0,0.0,0.0,53282.15,53585.15,52783.45,53710.35,0,0.0,0.0,0.0,0.0,-0.01,-1,-1,-0.01,-1,-1,-0.01,-1,-1,-0.01,-1,-1,-0.01,-1,-1,-0.01,-1,-1,-0.01,-1,-1,-0.01,-1,-1,-0.01,-1,-1,-0.01,-1,-1
99926009,2026-05-18 13:23:20+05:30,53404.1,0,0.0,0,0.0,0.0,53282.15,53585.15,52783.45,53710.35,0,0.0,0.0,0.0,0.0,-0.01,-1,-1,-0.01,-1,-1,-0.01,-1,-1,-0.01,-1,-1,-0.01,-1,-1,-0.01,-1,-1,-0.01,-1,-1,-0.01,-1,-1,-0.01,-1,-1,-0.01,-1,-1
99926009,2026-05-18 13:23:21+05:30,53403.85,0,0.0,0,0.0,0.0,53282.15,53585.15,52783.45,53710.35,0,0.0,0.0,0.0,0.0,-0.01,-1,-1,-0.01,-1,-1,-0.01,-1,-1,-0.01,-1,-1,-0.01,-1,-1,-0.01,-1,-1,-0.01,-1,-1,-0.01,-1,-1,-0.01,-1,-1,-0.01,-1,-1
99926009,2026-05-18 13:23:21+05:30,53406.05,0,0.0,0,0.0,0.0,53282.15,53585.15,52783.45,53710.35,0,0.0,0.0,0.0,0.0,-0.01,-1,-1,-0.01,-1,-1,-0.01,-1,-1,-0.01,-1,-1,-0.01,-1,-1,-0.01,-1,-1,-0.01,-1,-1,-0.01,-1,-1,-0.01,-1,-1,-0.01,-1,-1
99926009,2026-05-18 13:23:22+05:30,53407.7,0,0.0,0,0.0,0.0,53282.15,53585.15,52783.45,53710.35,0,0.0,0.0,0.0,0.0,-0.01,-1,-1,-0.01,-1,-1,-0.01,-1,-1,-0.01,-1,-1,-0.01,-1,-1,-0.01,-1,-1,-0.01,-1,-1,-0.01,-1,-1,-0.01,-1,-1,-0.01,-1,-1
99926009,2026-05-18 13:23:22+05:30,53407.35,0,0.0,0,0.0,0.0,53282.15,53585.15,52783.45,53710.35,0,0.0,0.0,0.0,0.0,-0.01,-1,-1,-0.01,-1,-1,-0.01,-1,-1,-0.01,-1,-1,-0.01,-1,-1,-0.01,-1,-1,-0.01,-1,-1,-0.01,-1,-1,-0.01,-1,-1,-0.01,-1,-1
99926009,2026-05-18 13:23:23+05:30,53406.0,0,0.0,0,0.0,0.0,53282.15,53585.15,52783.45,53710.35,0,0.0,0.0,0.0,0.0,-0.01,-1,-1,-0.01,-1,-1,-0.01,-1,-1,-0.01,-1,-1,-0.01,-1,-1,-0.01,-1,-1,-0.01,-1,-1,-0.01,-1,-1,-0.01,-1,-1,-0.01,-1,-1
99926009,2026-05-18 13:23:23+05:30,53404.9,0,0.0,0,0.0,0.0,53282.15,53585.15,52783.45,53710.35,0,0.0,0.0,0.0,0.0,-0.01,-1,-1,-0.01,-1,-1,-0.01,-1,-1,-0.01,-1,-1,-0.01,-1,-1,-0.01,-1,-1,-0.01,-1,-1,-0.01,-1,-1,-0.01,-1,-1,-0.01,-1,-1
99926009,2026-05-18 13:23:24+05:30,53408.45,0,0.0,0,0.0,0.0,53282.15,53585.15,52783.45,53710.35,0,0.0,0.0,0.0,0.0,-0.01,-1,-1,-0.01,-1,-1,-0.01,-1,-1,-0.01,-1,-1,-0.01,-1,-1,-0.01,-1,-1,-0.01,-1,-1,-0.01,-1,-1,-0.01,-1,-1,-0.01,-1,-1
99926009,2026-05-18 13:23:24+05:30,53408.15,0,0.0,0,0.0,0.0,53282.15,53585.15,52783.45,53710.35,0,0.0,0.0,0.0,0.0,-0.01,-1,-1,-0.01,-1,-1,-0.01,-1,-1,-0.01,-1,-1,-0.01,-1,-1,-0.01,-1,-1,-0.01,-1,-1,-0.01,-1,-1,-0.01,-1,-1,-0.01,-1,-1
99926009,2026-05-18 13:23:25+05:30,53409.4,0,0.0,0,0.0,0.0,53282.15,53585.15,52783.45,53710.35,0,0.0,0.0,0.0,0.0,-0.01,-1,-1,-0.01,-1,-1,-0.01,-1,-1,-0.01,-1,-1,-0.01,-1,-1,-0.01,-1,-1,-0.01,-1,-1,-0.01,-1,-1,-0.01,-1,-1,-0.01,-1,-1
99926009,2026-05-18 13:23:25+05:30,53409.8,0,0.0,0,0.0,0.0,53282.15,53585.15,52783.45,53710.35,0,0.0,0.0,0.0,0.0,-0.01,-1,-1,-0.01,-1,-1,-0.01,-1,-1,-0.01,-1,-1,-0.01,-1,-1,-0.01,-1,-1,-0.01,-1,-1,-0.01,-1,-1,-0.01,-1,-1,-0.01,-1,-1
99926009,2026-05-18 13:23:26+05:30,53409.65,0,0.0,0,0.0,0.0,53282.15,53585.15,52783.45,53710.35,0,0.0,0.0,0.0,0.0,-0.01,-1,-1,-0.01,-1,-1,-0.01,-1,-1,-0.01,-1,-1,-0.01,-1,-1,-0.01,-1,-1,-0.01,-1,-1,-0.01,-1,-1,-0.01,-1,-1,-0.01,-1,-1
99926009,2026-05-18 13:23:26+05:30,53408.4,0,0.0,0,0.0,0.0,53282.15,53585.15,52783.45,53710.35,0,0.0,0.0,0.0,0.0,-0.01,-1,-1,-0.01,-1,-1,-0.01,-1,-1,-0.01,-1,-1,-0.01,-1,-1,-0.01,-1,-1,-0.01,-1,-1,-0.01,-1,-1,-0.01,-1,-1,-0.01,-1,-1
99926009,2026-05-18 13:23:27+05:30,53408.6,0,0.0,0,0.0,0.0,53282.15,53585.15,52783.45,53710.35,0,0.0,0.0,0.0,0.0,-0.01,-1,-1,-0.01,-1,-1,-0.01,-1,-1,-0.01,-1,-1,-0.01,-1,-1,-0.01,-1,-1,-0.01,-1,-1,-0.01,-1,-1,-0.01,-1,-1,-0.01,-1,-1
99926009,2026-05-18 13:23:27+05:30,53409.8,0,0.0,0,0.0,0.0,53282.15,53585.15,52783.45,53710.35,0,0.0,0.0,0.0,0.0,-0.01,-1,-1,-0.01,-1,-1,-0.01,-1,-1,-0.01,-1,-1,-0.01,-1,-1,-0.01,-1,-1,-0.01,-1,-1,-0.01,-1,-1,-0.01,-1,-1,-0.01,-1,-1
99926009,2026-05-18 13:23:28+05:30,53413.45,0,0.0,0,0.0,0.0,53282.15,53585.15,52783.45,53710.35,0,0.0,0.0,0.0,0.0,-0.01,-1,-1,-0.01,-1,-1,-0.01,-1,-1,-0.01,-1,-1,-0.01,-1,-1,-0.01,-1,-1,-0.01,-1,-1,-0.01,-1,-1,-0.01,-1,-1,-0.01,-1,-1
99926009,2026-05-18 13:23:28+05:30,53422.15,0,0.0,0,0.0,0.0,53282.15,53585.15,52783.45,53710.35,0,0.0,0.0,0.0,0.0,-0.01,-1,-1,-0.01,-1,-1,-0.01,-1,-1,-0.01,-1,-1,-0.01,-1,-1,-0.01,-1,-1,-0.01,-1,-1,-0.01,-1,-1,-0.01,-1,-1,-0.01,-1,-1
99926009,2026-05-18 13:23:29+05:30,53420.25,0,0.0,0,0.0,0.0,53282.15,53585.15,52783.45,53710.35,0,0.0,0.0,0.0,0.0,-0.01,-1,-1,-0.01,-1,-1,-0.01,-1,-1,-0.01,-1,-1,-0.01,-1,-1,-0.01,-1,-1,-0.01,-1,-1,-0.01,-1,-1,-0.01,-1,-1,-0.01,-1,-1
99926009,2026-05-18 13:23:29+05:30,53423.15,0,0.0,0,0.0,0.0,53282.15,53585.15,52783.45,53710.35,0,0.0,0.0,0.0,0.0,-0.01,-1,-1,-0.01,-1,-1,-0.01,-1,-1,-0.01,-1,-1,-0.01,-1,-1,-0.01,-1,-1,-0.01,-1,-1,-0.01,-1,-1,-0.01,-1,-1,-0.01,-1,-1
99926009,2026-05-18 13:23:30+05:30,53424.85,0,0.0,0,0.0,0.0,53282.15,53585.15,52783.45,53710.35,0,0.0,0.0,0.0,0.0,-0.01,-1,-1,-0.01,-1,-1,-0.01,-1,-1,-0.01,-1,-1,-0.01,-1,-1,-0.01,-1,-1,-0.01,-1,-1,-0.01,-1,-1,-0.01,-1,-1,-0.01,-1,-1
99926009,2026-05-18 13:23:30+05:30,53425.65,0,0.0,0,0.0,0.0,53282.15,53585.15,52783.45,53710.35,0,0.0,0.0,0.0,0.0,-0.01,-1,-1,-0.01,-1,-1,-0.01,-1,-1,-0.01,-1,-1,-0.01,-1,-1,-0.01,-1,-1,-0.01,-1,-1,-0.01,-1,-1,-0.01,-1,-1,-0.01,-1,-1
99926009,2026-05-18 13:23:31+05:30,53419.85,0,0.0,0,0.0,0.0,53282.15,53585.15,52783.45,53710.35,0,0.0,0.0,0.0,0.0,-0.01,-1,-1,-0.01,-1,-1,-0.01,-1,-1,-0.01,-1,-1,-0.01,-1,-1,-0.01,-1,-1,-0.01,-1,-1,-0.01,-1,-1,-0.01,-1,-1,-0.01,-1,-1
99926009,2026-05-18 13:23:31+05:30,53424.85,0,0.0,0,0.0,0.0,53282.15,53585.15,52783.45,53710.35,0,0.0,0.0,0.0,0.0,-0.01,-1,-1,-0.01,-1,-1,-0.01,-1,-1,-0.01,-1,-1,-0.01,-1,-1,-0.01,-1,-1,-0.01,-1,-1,-0.01,-1,-1,-0.01,-1,-1,-0.01,-1,-1
99926009,2026-05-18 13:23:32+05:30,53425.1,0,0.0,0,0.0,0.0,53282.15,53585.15,52783.45,53710.35,0,0.0,0.0,0.0,0.0,-0.01,-1,-1,-0.01,-1,-1,-0.01,-1,-1,-0.01,-1,-1,-0.01,-1,-1,-0.01,-1,-1,-0.01,-1,-1,-0.01,-1,-1,-0.01,-1,-1,-0.01,-1,-1
99926009,2026-05-18 13:23:32+05:30,53425.45,0,0.0,0,0.0,0.0,53282.15,53585.15,52783.45,53710.35,0,0.0,0.0,0.0,0.0,-0.01,-1,-1,-0.01,-1,-1,-0.01,-1,-1,-0.01,-1,-1,-0.01,-1,-1,-0.01,-1,-1,-0.01,-1,-1,-0.01,-1,-1,-0.01,-1,-1,-0.01,-1,-1
99926009,2026-05-18 13:23:33+05:30,53424.65,0,0.0,0,0.0,0.0,53282.15,53585.15,52783.45,53710.35,0,0.0,0.0,0.0,0.0,-0.01,-1,-1,-0.01,-1,-1,-0.01,-1,-1,-0.01,-1,-1,-0.01,-1,-1,-0.01,-1,-1,-0.01,-1,-1,-0.01,-1,-1,-0.01,-1,-1,-0.01,-1,-1
99926009,2026-05-18 13:23:33+05:30,53421.7,0,0.0,0,0.0,0.0,53282.15,53585.15,52783.45,53710.35,0,0.0,0.0,0.0,0.0,-0.01,-1,-1,-0.01,-1,-1,-0.01,-1,-1,-0.01,-1,-1,-0.01,-1,-1,-0.01,-1,-1,-0.01,-1,-1,-0.01,-1,-1,-0.01,-1,-1,-0.01,-1,-1
99926009,2026-05-18 13:23:34+05:30,53421.05,0,0.0,0,0.0,0.0,53282.15,53585.15,52783.45,53710.35,0,0.0,0.0,0.0,0.0,-0.01,-1,-1,-0.01,-1,-1,-0.01,-1,-1,-0.01,-1,-1,-0.01,-1,-1,-0.01,-1,-1,-0.01,-1,-1,-0.01,-1,-1,-0.01,-1,-1,-0.01,-1,-1
99926009,2026-05-18 13:23:34+05:30,53422.25,0,0.0,0,0.0,0.0,53282.15,53585.15,52783.45,53710.35,0,0.0,0.0,0.0,0.0,-0.01,-1,-1,-0.01,-1,-1,-0.01,-1,-1,-0.01,-1,-1,-0.01,-1,-1,-0.01,-1,-1,-0.01,-1,-1,-0.01,-1,-1,-0.01,-1,-1,-0.01,-1,-1
99926009,2026-05-18 13:23:35+05:30,53425.35,0,0.0,0,0.0,0.0,53282.15,53585.15,52783.45,53710.35,0,0.0,0.0,0.0,0.0,-0.01,-1,-1,-0.01,-1,-1,-0.01,-1,-1,-0.01,-1,-1,-0.01,-1,-1,-0.01,-1,-1,-0.01,-1,-1,-0.01,-1,-1,-0.01,-1,-1,-0.01,-1,-1
99926009,2026-05-18 13:23:35+05:30,53429.15,0,0.0,0,0.0,0.0,53282.15,53585.15,52783.45,53710.35,0,0.0,0.0,0.0,0.0,-0.01,-1,-1,-0.01,-1,-1,-0.01,-1,-1,-0.01,-1,-1,-0.01,-1,-1,-0.01,-1,-1,-0.01,-1,-1,-0.01,-1,-1,-0.01,-1,-1,-0.01,-1,-1
99926009,2026-05-18 13:23:36+05:30,53424.75,0,0.0,0,0.0,0.0,53282.15,53585.15,52783.45,53710.35,0,0.0,0.0,0.0,0.0,-0.01,-1,-1,-0.01,-1,-1,-0.01,-1,-1,-0.01,-1,-1,-0.01,-1,-1,-0.01,-1,-1,-0.01,-1,-1,-0.01,-1,-1,-0.01,-1,-1,-0.01,-1,-1
99926009,2026-05-18 13:23:36+05:30,53427.05,0,0.0,0,0.0,0.0,53282.15,53585.15,52783.45,53710.35,0,0.0,0.0,0.0,0.0,-0.01,-1,-1,-0.01,-1,-1,-0.01,-1,-1,-0.01,-1,-1,-0.01,-1,-1,-0.01,-1,-1,-0.01,-1,-1,-0.01,-1,-1,-0.01,-1,-1,-0.01,-1,-1
99926009,2026-05-18 13:23:37+05:30,53426.5,0,0.0,0,0.0,0.0,53282.15,53585.15,52783.45,53710.35,0,0.0,0.0,0.0,0.0,-0.01,-1,-1,-0.01,-1,-1,-0.01,-1,-1,-0.01,-1,-1,-0.01,-1,-1,-0.01,-1,-1,-0.01,-1,-1,-0.01,-1,-1,-0.01,-1,-1,-0.01,-1,-1
99926009,2026-05-18 13:23:37+05:30,53427.15,0,0.0,0,0.0,0.0,53282.15,53585.15,52783.45,53710.35,0,0.0,0.0,0.0,0.0,-0.01,-1,-1,-0.01,-1,-1,-0.01,-1,-1,-0.01,-1,-1,-0.01,-1,-1,-0.01,-1,-1,-0.01,-1,-1,-0.01,-1,-1,-0.01,-1,-1,-0.01,-1,-1
99926009,2026-05-18 13:23:38+05:30,53427.1,0,0.0,0,0.0,0.0,53282.15,53585.15,52783.45,53710.35,0,0.0,0.0,0.0,0.0,-0.01,-1,-1,-0.01,-1,-1,-0.01,-1,-1,-0.01,-1,-1,-0.01,-1,-1,-0.01,-1,-1,-0.01,-1,-1,-0.01,-1,-1,-0.01,-1,-1,-0.01,-1,-1
99926009,2026-05-18 13:23:38+05:30,53423.45,0,0.0,0,0.0,0.0,53282.15,53585.15,52783.45,53710.35,0,0.0,0.0,0.0,0.0,-0.01,-1,-1,-0.01,-1,-1,-0.01,-1,-1,-0.01,-1,-1,-0.01,-1,-1,-0.01,-1,-1,-0.01,-1,-1,-0.01,-1,-1,-0.01,-1,-1,-0.01,-1,-1
99926009,2026-05-18 13:23:39+05:30,53423.35,0,0.0,0,0.0,0.0,53282.15,53585.15,52783.45,53710.35,0,0.0,0.0,0.0,0.0,-0.01,-1,-1,-0.01,-1,-1,-0.01,-1,-1,-0.01,-1,-1,-0.01,-1,-1,-0.01,-1,-1,-0.01,-1,-1,-0.01,-1,-1,-0.01,-1,-1,-0.01,-1,-1
99926009,2026-05-18 13:23:39+05:30,53425.85,0,0.0,0,0.0,0.0,53282.15,53585.15,52783.45,53710.35,0,0.0,0.0,0.0,0.0,-0.01,-1,-1,-0.01,-1,-1,-0.01,-1,-1,-0.01,-1,-1,-0.01,-1,-1,-0.01,-1,-1,-0.01,-1,-1,-0.01,-1,-1,-0.01,-1,-1,-0.01,-1,-1
99926009,2026-05-18 13:23:40+05:30,53424.2,0,0.0,0,0.0,0.0,53282.15,53585.15,52783.45,53710.35,0,0.0,0.0,0.0,0.0,-0.01,-1,-1,-0.01,-1,-1,-0.01,-1,-1,-0.01,-1,-1,-0.01,-1,-1,-0.01,-1,-1,-0.01,-1,-1,-0.01,-1,-1,-0.01,-1,-1,-0.01,-1,-1
99926009,2026-05-18 13:23:40+05:30,53424.9,0,0.0,0,0.0,0.0,53282.15,53585.15,52783.45,53710.35,0,0.0,0.0,0.0,0.0,-0.01,-1,-1,-0.01,-1,-1,-0.01,-1,-1,-0.01,-1,-1,-0.01,-1,-1,-0.01,-1,-1,-0.01,-1,-1,-0.01,-1,-1,-0.01,-1,-1,-0.01,-1,-1
99926009,2026-05-18 13:23:41+05:30,53423.9,0,0.0,0,0.0,0.0,53282.15,53585.15,52783.45,53710.35,0,0.0,0.0,0.0,0.0,-0.01,-1,-1,-0.01,-1,-1,-0.01,-1,-1,-0.01,-1,-1,-0.01,-1,-1,-0.01,-1,-1,-0.01,-1,-1,-0.01,-1,-1,-0.01,-1,-1,-0.01,-1,-1
99926009,2026-05-18 13:23:41+05:30,53425.15,0,0.0,0,0.0,0.0,53282.15,53585.15,52783.45,53710.35,0,0.0,0.0,0.0,0.0,-0.01,-1,-1,-0.01,-1,-1,-0.01,-1,-1,-0.01,-1,-1,-0.01,-1,-1,-0.01,-1,-1,-0.01,-1,-1,-0.01,-1,-1,-0.01,-1,-1,-0.01,-1,-1
99926009,2026-05-18 13:23:42+05:30,53424.65,0,0.0,0,0.0,0.0,53282.15,53585.15,52783.45,53710.35,0,0.0,0.0,0.0,0.0,-0.01,-1,-1,-0.01,-1,-1,-0.01,-1,-1,-0.01,-1,-1,-0.01,-1,-1,-0.01,-1,-1,-0.01,-1,-1,-0.01,-1,-1,-0.01,-1,-1,-0.01,-1,-1
99926009,2026-05-18 13:23:42+05:30,53425.5,0,0.0,0,0.0,0.0,53282.15,53585.15,52783.45,53710.35,0,0.0,0.0,0.0,0.0,-0.01,-1,-1,-0.01,-1,-1,-0.01,-1,-1,-0.01,-1,-1,-0.01,-1,-1,-0.01,-1,-1,-0.01,-1,-1,-0.01,-1,-1,-0.01,-1,-1,-0.01,-1,-1
99926009,2026-05-18 13:23:43+05:30,53426.65,0,0.0,0,0.0,0.0,53282.15,53585.15,52783.45,53710.35,0,0.0,0.0,0.0,0.0,-0.01,-1,-1,-0.01,-1,-1,-0.01,-1,-1,-0.01,-1,-1,-0.01,-1,-1,-0.01,-1,-1,-0.01,-1,-1,-0.01,-1,-1,-0.01,-1,-1,-0.01,-1,-1
99926009,2026-05-18 13:23:43+05:30,53426.15,0,0.0,0,0.0,0.0,53282.15,53585.15,52783.45,53710.35,0,0.0,0.0,0.0,0.0,-0.01,-1,-1,-0.01,-1,-1,-0.01,-1,-1,-0.01,-1,-1,-0.01,-1,-1,-0.01,-1,-1,-0.01,-1,-1,-0.01,-1,-1,-0.01,-1,-1,-0.01,-1,-1
99926009,2026-05-18 13:23:44+05:30,53428.4,0,0.0,0,0.0,0.0,53282.15,53585.15,52783.45,53710.35,0,0.0,0.0,0.0,0.0,-0.01,-1,-1,-0.01,-1,-1,-0.01,-1,-1,-0.01,-1,-1,-0.01,-1,-1,-0.01,-1,-1,-0.01,-1,-1,-0.01,-1,-1,-0.01,-1,-1,-0.01,-1,-1
99926009,2026-05-18 13:23:44+05:30,53426.35,0,0.0,0,0.0,0.0,53282.15,53585.15,52783.45,53710.35,0,0.0,0.0,0.0,0.0,-0.01,-1,-1,-0.01,-1,-1,-0.01,-1,-1,-0.01,-1,-1,-0.01,-1,-1,-0.01,-1,-1,-0.01,-1,-1,-0.01,-1,-1,-0.01,-1,-1,-0.01,-1,-1
99926009,2026-05-18 13:23:45+05:30,53429.45,0,0.0,0,0.0,0.0,53282.15,53585.15,52783.45,53710.35,0,0.0,0.0,0.0,0.0,-0.01,-1,-1,-0.01,-1,-1,-0.01,-1,-1,-0.01,-1,-1,-0.01,-1,-1,-0.01,-1,-1,-0.01,-1,-1,-0.01,-1,-1,-0.01,-1,-1,-0.01,-1,-1
99926009,2026-05-18 13:23:45+05:30,53430.2,0,0.0,0,0.0,0.0,53282.15,53585.15,52783.45,53710.35,0,0.0,0.0,0.0,0.0,-0.01,-1,-1,-0.01,-1,-1,-0.01,-1,-1,-0.01,-1,-1,-0.01,-1,-1,-0.01,-1,-1,-0.01,-1,-1,-0.01,-1,-1,-0.01,-1,-1,-0.01,-1,-1
99926009,2026-05-18 13:23:46+05:30,53428.25,0,0.0,0,0.0,0.0,53282.15,53585.15,52783.45,53710.35,0,0.0,0.0,0.0,0.0,-0.01,-1,-1,-0.01,-1,-1,-0.01,-1,-1,-0.01,-1,-1,-0.01,-1,-1,-0.01,-1,-1,-0.01,-1,-1,-0.01,-1,-1,-0.01,-1,-1,-0.01,-1,-1
99926009,2026-05-18 13:23:46+05:30,53430.25,0,0.0,0,0.0,0.0,53282.15,53585.15,52783.45,53710.35,0,0.0,0.0,0.0,0.0,-0.01,-1,-1,-0.01,-1,-1,-0.01,-1,-1,-0.01,-1,-1,-0.01,-1,-1,-0.01,-1,-1,-0.01,-1,-1,-0.01,-1,-1,-0.01,-1,-1,-0.01,-1,-1
99926009,2026-05-18 13:23:47+05:30,53431.05,0,0.0,0,0.0,0.0,53282.15,53585.15,52783.45,53710.35,0,0.0,0.0,0.0,0.0,-0.01,-1,-1,-0.01,-1,-1,-0.01,-1,-1,-0.01,-1,-1,-0.01,-1,-1,-0.01,-1,-1,-0.01,-1,-1,-0.01,-1,-1,-0.01,-1,-1,-0.01,-1,-1
99926009,2026-05-18 13:23:47+05:30,53431.05,0,0.0,0,0.0,0.0,53282.15,53585.15,52783.45,53710.35,0,0.0,0.0,0.0,0.0,-0.01,-1,-1,-0.01,-1,-1,-0.01,-1,-1,-0.01,-1,-1,-0.01,-1,-1,-0.01,-1,-1,-0.01,-1,-1,-0.01,-1,-1,-0.01,-1,-1,-0.01,-1,-1
99926009,2026-05-18 13:23:48+05:30,53430.2,0,0.0,0,0.0,0.0,53282.15,53585.15,52783.45,53710.35,0,0.0,0.0,0.0,0.0,-0.01,-1,-1,-0.01,-1,-1,-0.01,-1,-1,-0.01,-1,-1,-0.01,-1,-1,-0.01,-1,-1,-0.01,-1,-1,-0.01,-1,-1,-0.01,-1,-1,-0.01,-1,-1
99926009,2026-05-18 13:23:48+05:30,53430.7,0,0.0,0,0.0,0.0,53282.15,53585.15,52783.45,53710.35,0,0.0,0.0,0.0,0.0,-0.01,-1,-1,-0.01,-1,-1,-0.01,-1,-1,-0.01,-1,-1,-0.01,-1,-1,-0.01,-1,-1,-0.01,-1,-1,-0.01,-1,-1,-0.01,-1,-1,-0.01,-1,-1
99926009,2026-05-18 13:23:49+05:30,53430.05,0,0.0,0,0.0,0.0,53282.15,53585.15,52783.45,53710.35,0,0.0,0.0,0.0,0.0,-0.01,-1,-1,-0.01,-1,-1,-0.01,-1,-1,-0.01,-1,-1,-0.01,-1,-1,-0.01,-1,-1,-0.01,-1,-1,-0.01,-1,-1,-0.01,-1,-1,-0.01,-1,-1
99926009,2026-05-18 13:23:49+05:30,53428.4,0,0.0,0,0.0,0.0,53282.15,53585.15,52783.45,53710.35,0,0.0,0.0,0.0,0.0,-0.01,-1,-1,-0.01,-1,-1,-0.01,-1,-1,-0.01,-1,-1,-0.01,-1,-1,-0.01,-1,-1,-0.01,-1,-1,-0.01,-1,-1,-0.01,-1,-1,-0.01,-1,-1
99926009,2026-05-18 13:23:50+05:30,53428.65,0,0.0,0,0.0,0.0,53282.15,53585.15,52783.45,53710.35,0,0.0,0.0,0.0,0.0,-0.01,-1,-1,-0.01,-1,-1,-0.01,-1,-1,-0.01,-1,-1,-0.01,-1,-1,-0.01,-1,-1,-0.01,-1,-1,-0.01,-1,-1,-0.01,-1,-1,-0.01,-1,-1
99926009,2026-05-18 13:23:50+05:30,53428.55,0,0.0,0,0.0,0.0,53282.15,53585.15,52783.45,53710.35,0,0.0,0.0,0.0,0.0,-0.01,-1,-1,-0.01,-1,-1,-0.01,-1,-1,-0.01,-1,-1,-0.01,-1,-1,-0.01,-1,-1,-0.01,-1,-1,-0.01,-1,-1,-0.01,-1,-1,-0.01,-1,-1
99926009,2026-05-18 13:23:51+05:30,53428.0,0,0.0,0,0.0,0.0,53282.15,53585.15,52783.45,53710.35,0,0.0,0.0,0.0,0.0,-0.01,-1,-1,-0.01,-1,-1,-0.01,-1,-1,-0.01,-1,-1,-0.01,-1,-1,-0.01,-1,-1,-0.01,-1,-1,-0.01,-1,-1,-0.01,-1,-1,-0.01,-1,-1
99926009,2026-05-18 13:23:51+05:30,53431.1,0,0.0,0,0.0,0.0,53282.15,53585.15,52783.45,53710.35,0,0.0,0.0,0.0,0.0,-0.01,-1,-1,-0.01,-1,-1,-0.01,-1,-1,-0.01,-1,-1,-0.01,-1,-1,-0.01,-1,-1,-0.01,-1,-1,-0.01,-1,-1,-0.01,-1,-1,-0.01,-1,-1
99926009,2026-05-18 13:23:52+05:30,53430.2,0,0.0,0,0.0,0.0,53282.15,53585.15,52783.45,53710.35,0,0.0,0.0,0.0,0.0,-0.01,-1,-1,-0.01,-1,-1,-0.01,-1,-1,-0.01,-1,-1,-0.01,-1,-1,-0.01,-1,-1,-0.01,-1,-1,-0.01,-1,-1,-0.01,-1,-1,-0.01,-1,-1
99926009,2026-05-18 13:23:52+05:30,53431.1,0,0.0,0,0.0,0.0,53282.15,53585.15,52783.45,53710.35,0,0.0,0.0,0.0,0.0,-0.01,-1,-1,-0.01,-1,-1,-0.01,-1,-1,-0.01,-1,-1,-0.01,-1,-1,-0.01,-1,-1,-0.01,-1,-1,-0.01,-1,-1,-0.01,-1,-1,-0.01,-1,-1
99926009,2026-05-18 13:23:53+05:30,53430.6,0,0.0,0,0.0,0.0,53282.15,53585.15,52783.45,53710.35,0,0.0,0.0,0.0,0.0,-0.01,-1,-1,-0.01,-1,-1,-0.01,-1,-1,-0.01,-1,-1,-0.01,-1,-1,-0.01,-1,-1,-0.01,-1,-1,-0.01,-1,-1,-0.01,-1,-1,-0.01,-1,-1
99926009,2026-05-18 13:23:53+05:30,53431.05,0,0.0,0,0.0,0.0,53282.15,53585.15,52783.45,53710.35,0,0.0,0.0,0.0,0.0,-0.01,-1,-1,-0.01,-1,-1,-0.01,-1,-1,-0.01,-1,-1,-0.01,-1,-1,-0.01,-1,-1,-0.01,-1,-1,-0.01,-1,-1,-0.01,-1,-1,-0.01,-1,-1
99926009,2026-05-18 13:23:54+05:30,53434.5,0,0.0,0,0.0,0.0,53282.15,53585.15,52783.45,53710.35,0,0.0,0.0,0.0,0.0,-0.01,-1,-1,-0.01,-1,-1,-0.01,-1,-1,-0.01,-1,-1,-0.01,-1,-1,-0.01,-1,-1,-0.01,-1,-1,-0.01,-1,-1,-0.01,-1,-1,-0.01,-1,-1
99926009,2026-05-18 13:23:54+05:30,53435.4,0,0.0,0,0.0,0.0,53282.15,53585.15,52783.45,53710.35,0,0.0,0.0,0.0,0.0,-0.01,-1,-1,-0.01,-1,-1,-0.01,-1,-1,-0.01,-1,-1,-0.01,-1,-1,-0.01,-1,-1,-0.01,-1,-1,-0.01,-1,-1,-0.01,-1,-1,-0.01,-1,-1
99926009,2026-05-18 13:23:55+05:30,53434.75,0,0.0,0,0.0,0.0,53282.15,53585.15,52783.45,53710.35,0,0.0,0.0,0.0,0.0,-0.01,-1,-1,-0.01,-1,-1,-0.01,-1,-1,-0.01,-1,-1,-0.01,-1,-1,-0.01,-1,-1,-0.01,-1,-1,-0.01,-1,-1,-0.01,-1,-1,-0.01,-1,-1
99926009,2026-05-18 13:23:55+05:30,53436.5,0,0.0,0,0.0,0.0,53282.15,53585.15,52783.45,53710.35,0,0.0,0.0,0.0,0.0,-0.01,-1,-1,-0.01,-1,-1,-0.01,-1,-1,-0.01,-1,-1,-0.01,-1,-1,-0.01,-1,-1,-0.01,-1,-1,-0.01,-1,-1,-0.01,-1,-1,-0.01,-1,-1
99926009,2026-05-18 13:23:56+05:30,53437.8,0,0.0,0,0.0,0.0,53282.15,53585.15,52783.45,53710.35,0,0.0,0.0,0.0,0.0,-0.01,-1,-1,-0.01,-1,-1,-0.01,-1,-1,-0.01,-1,-1,-0.01,-1,-1,-0.01,-1,-1,-0.01,-1,-1,-0.01,-1,-1,-0.01,-1,-1,-0.01,-1,-1
99926009,2026-05-18 13:23:56+05:30,53440.15,0,0.0,0,0.0,0.0,53282.15,53585.15,52783.45,53710.35,0,0.0,0.0,0.0,0.0,-0.01,-1,-1,-0.01,-1,-1,-0.01,-1,-1,-0.01,-1,-1,-0.01,-1,-1,-0.01,-1,-1,-0.01,-1,-1,-0.01,-1,-1,-0.01,-1,-1,-0.01,-1,-1
99926009,2026-05-18 13:23:57+05:30,53436.15,0,0.0,0,0.0,0.0,53282.15,53585.15,52783.45,53710.35,0,0.0,0.0,0.0,0.0,-0.01,-1,-1,-0.01,-1,-1,-0.01,-1,-1,-0.01,-1,-1,-0.01,-1,-1,-0.01,-1,-1,-0.01,-1,-1,-0.01,-1,-1,-0.01,-1,-1,-0.01,-1,-1
99926009,2026-05-18 13:23:57+05:30,53436.3,0,0.0,0,0.0,0.0,53282.15,53585.15,52783.45,53710.35,0,0.0,0.0,0.0,0.0,-0.01,-1,-1,-0.01,-1,-1,-0.01,-1,-1,-0.01,-1,-1,-0.01,-1,-1,-0.01,-1,-1,-0.01,-1,-1,-0.01,-1,-1,-0.01,-1,-1,-0.01,-1,-1
99926009,2026-05-18 13:23:58+05:30,53436.15,0,0.0,0,0.0,0.0,53282.15,53585.15,52783.45,53710.35,0,0.0,0.0,0.0,0.0,-0.01,-1,-1,-0.01,-1,-1,-0.01,-1,-1,-0.01,-1,-1,-0.01,-1,-1,-0.01,-1,-1,-0.01,-1,-1,-0.01,-1,-1,-0.01,-1,-1,-0.01,-1,-1
99926009,2026-05-18 13:23:58+05:30,53436.75,0,0.0,0,0.0,0.0,53282.15,53585.15,52783.45,53710.35,0,0.0,0.0,0.0,0.0,-0.01,-1,-1,-0.01,-1,-1,-0.01,-1,-1,-0.01,-1,-1,-0.01,-1,-1,-0.01,-1,-1,-0.01,-1,-1,-0.01,-1,-1,-0.01,-1,-1,-0.01,-1,-1
99926009,2026-05-18 13:23:59+05:30,53437.8,0,0.0,0,0.0,0.0,53282.15,53585.15,52783.45,53710.35,0,0.0,0.0,0.0,0.0,-0.01,-1,-1,-0.01,-1,-1,-0.01,-1,-1,-0.01,-1,-1,-0.01,-1,-1,-0.01,-1,-1,-0.01,-1,-1,-0.01,-1,-1,-0.01,-1,-1,-0.01,-1,-1
99926009,2026-05-18 13:23:59+05:30,53436.75,0,0.0,0,0.0,0.0,53282.15,53585.15,52783.45,53710.35,0,0.0,0.0,0.0,0.0,-0.01,-1,-1,-0.01,-1,-1,-0.01,-1,-1,-0.01,-1,-1,-0.01,-1,-1,-0.01,-1,-1,-0.01,-1,-1,-0.01,-1,-1,-0.01,-1,-1,-0.01,-1,-1
99926009,2026-05-18 13:24:00+05:30,53436.6,0,0.0,0,0.0,0.0,53282.15,53585.15,52783.45,53710.35,0,0.0,0.0,0.0,0.0,-0.01,-1,-1,-0.01,-1,-1,-0.01,-1,-1,-0.01,-1,-1,-0.01,-1,-1,-0.01,-1,-1,-0.01,-1,-1,-0.01,-1,-1,-0.01,-1,-1,-0.01,-1,-1
99926009,2026-05-18 13:24:00+05:30,53438.85,0,0.0,0,0.0,0.0,53282.15,53585.15,52783.45,53710.35,0,0.0,0.0,0.0,0.0,-0.01,-1,-1,-0.01,-1,-1,-0.01,-1,-1,-0.01,-1,-1,-0.01,-1,-1,-0.01,-1,-1,-0.01,-1,-1,-0.01,-1,-1,-0.01,-1,-1,-0.01,-1,-1
99926009,2026-05-18 13:24:01+05:30,53442.3,0,0.0,0,0.0,0.0,53282.15,53585.15,52783.45,53710.35,0,0.0,0.0,0.0,0.0,-0.01,-1,-1,-0.01,-1,-1,-0.01,-1,-1,-0.01,-1,-1,-0.01,-1,-1,-0.01,-1,-1,-0.01,-1,-1,-0.01,-1,-1,-0.01,-1,-1,-0.01,-1,-1
99926009,2026-05-18 13:24:01+05:30,53444.55,0,0.0,0,0.0,0.0,53282.15,53585.15,52783.45,53710.35,0,0.0,0.0,0.0,0.0,-0.01,-1,-1,-0.01,-1,-1,-0.01,-1,-1,-0.01,-1,-1,-0.01,-1,-1,-0.01,-1,-1,-0.01,-1,-1,-0.01,-1,-1,-0.01,-1,-1,-0.01,-1,-1
99926009,2026-05-18 13:24:02+05:30,53446.45,0,0.0,0,0.0,0.0,53282.15,53585.15,52783.45,53710.35,0,0.0,0.0,0.0,0.0,-0.01,-1,-1,-0.01,-1,-1,-0.01,-1,-1,-0.01,-1,-1,-0.01,-1,-1,-0.01,-1,-1,-0.01,-1,-1,-0.01,-1,-1,-0.01,-1,-1,-0.01,-1,-1
99926009,2026-05-18 13:24:02+05:30,53445.8,0,0.0,0,0.0,0.0,53282.15,53585.15,52783.45,53710.35,0,0.0,0.0,0.0,0.0,-0.01,-1,-1,-0.01,-1,-1,-0.01,-1,-1,-0.01,-1,-1,-0.01,-1,-1,-0.01,-1,-1,-0.01,-1,-1,-0.01,-1,-1,-0.01,-1,-1,-0.01,-1,-1
99926009,2026-05-18 13:24:03+05:30,53444.4,0,0.0,0,0.0,0.0,53282.15,53585.15,52783.45,53710.35,0,0.0,0.0,0.0,0.0,-0.01,-1,-1,-0.01,-1,-1,-0.01,-1,-1,-0.01,-1,-1,-0.01,-1,-1,-0.01,-1,-1,-0.01,-1,-1,-0.01,-1,-1,-0.01,-1,-1,-0.01,-1,-1
99926009,2026-05-18 13:24:03+05:30,53442.85,0,0.0,0,0.0,0.0,53282.15,53585.15,52783.45,53710.35,0,0.0,0.0,0.0,0.0,-0.01,-1,-1,-0.01,-1,-1,-0.01,-1,-1,-0.01,-1,-1,-0.01,-1,-1,-0.01,-1,-1,-0.01,-1,-1,-0.01,-1,-1,-0.01,-1,-1,-0.01,-1,-1
99926009,2026-05-18 13:24:04+05:30,53445.35,0,0.0,0,0.0,0.0,53282.15,53585.15,52783.45,53710.35,0,0.0,0.0,0.0,0.0,-0.01,-1,-1,-0.01,-1,-1,-0.01,-1,-1,-0.01,-1,-1,-0.01,-1,-1,-0.01,-1,-1,-0.01,-1,-1,-0.01,-1,-1,-0.01,-1,-1,-0.01,-1,-1
99926009,2026-05-18 13:24:04+05:30,53445.85,0,0.0,0,0.0,0.0,53282.15,53585.15,52783.45,53710.35,0,0.0,0.0,0.0,0.0,-0.01,-1,-1,-0.01,-1,-1,-0.01,-1,-1,-0.01,-1,-1,-0.01,-1,-1,-0.01,-1,-1,-0.01,-1,-1,-0.01,-1,-1,-0.01,-1,-1,-0.01,-1,-1
99926009,2026-05-18 13:24:05+05:30,53446.95,0,0.0,0,0.0,0.0,53282.15,53585.15,52783.45,53710.35,0,0.0,0.0,0.0,0.0,-0.01,-1,-1,-0.01,-1,-1,-0.01,-1,-1,-0.01,-1,-1,-0.01,-1,-1,-0.01,-1,-1,-0.01,-1,-1,-0.01,-1,-1,-0.01,-1,-1,-0.01,-1,-1
99926009,2026-05-18 13:24:05+05:30,53446.15,0,0.0,0,0.0,0.0,53282.15,53585.15,52783.45,53710.35,0,0.0,0.0,0.0,0.0,-0.01,-1,-1,-0.01,-1,-1,-0.01,-1,-1,-0.01,-1,-1,-0.01,-1,-1,-0.01,-1,-1,-0.01,-1,-1,-0.01,-1,-1,-0.01,-1,-1,-0.01,-1,-1
99926009,2026-05-18 13:24:06+05:30,53444.45,0,0.0,0,0.0,0.0,53282.15,53585.15,52783.45,53710.35,0,0.0,0.0,0.0,0.0,-0.01,-1,-1,-0.01,-1,-1,-0.01,-1,-1,-0.01,-1,-1,-0.01,-1,-1,-0.01,-1,-1,-0.01,-1,-1,-0.01,-1,-1,-0.01,-1,-1,-0.01,-1,-1
99926009,2026-05-18 13:24:06+05:30,53446.35,0,0.0,0,0.0,0.0,53282.15,53585.15,52783.45,53710.35,0,0.0,0.0,0.0,0.0,-0.01,-1,-1,-0.01,-1,-1,-0.01,-1,-1,-0.01,-1,-1,-0.01,-1,-1,-0.01,-1,-1,-0.01,-1,-1,-0.01,-1,-1,-0.01,-1,-1,-0.01,-1,-1
99926009,2026-05-18 13:24:07+05:30,53448.05,0,0.0,0,0.0,0.0,53282.15,53585.15,52783.45,53710.35,0,0.0,0.0,0.0,0.0,-0.01,-1,-1,-0.01,-1,-1,-0.01,-1,-1,-0.01,-1,-1,-0.01,-1,-1,-0.01,-1,-1,-0.01,-1,-1,-0.01,-1,-1,-0.01,-1,-1,-0.01,-1,-1
99926009,2026-05-18 13:24:07+05:30,53447.0,0,0.0,0,0.0,0.0,53282.15,53585.15,52783.45,53710.35,0,0.0,0.0,0.0,0.0,-0.01,-1,-1,-0.01,-1,-1,-0.01,-1,-1,-0.01,-1,-1,-0.01,-1,-1,-0.01,-1,-1,-0.01,-1,-1,-0.01,-1,-1,-0.01,-1,-1,-0.01,-1,-1
99926009,2026-05-18 13:24:08+05:30,53446.25,0,0.0,0,0.0,0.0,53282.15,53585.15,52783.45,53710.35,0,0.0,0.0,0.0,0.0,-0.01,-1,-1,-0.01,-1,-1,-0.01,-1,-1,-0.01,-1,-1,-0.01,-1,-1,-0.01,-1,-1,-0.01,-1,-1,-0.01,-1,-1,-0.01,-1,-1,-0.01,-1,-1
99926009,2026-05-18 13:24:08+05:30,53445.8,0,0.0,0,0.0,0.0,53282.15,53585.15,52783.45,53710.35,0,0.0,0.0,0.0,0.0,-0.01,-1,-1,-0.01,-1,-1,-0.01,-1,-1,-0.01,-1,-1,-0.01,-1,-1,-0.01,-1,-1,-0.01,-1,-1,-0.01,-1,-1,-0.01,-1,-1,-0.01,-1,-1
99926009,2026-05-18 13:24:09+05:30,53446.7,0,0.0,0,0.0,0.0,53282.15,53585.15,52783.45,53710.35,0,0.0,0.0,0.0,0.0,-0.01,-1,-1,-0.01,-1,-1,-0.01,-1,-1,-0.01,-1,-1,-0.01,-1,-1,-0.01,-1,-1,-0.01,-1,-1,-0.01,-1,-1,-0.01,-1,-1,-0.01,-1,-1
99926009,2026-05-18 13:24:09+05:30,53446.25,0,0.0,0,0.0,0.0,53282.15,53585.15,52783.45,53710.35,0,0.0,0.0,0.0,0.0,-0.01,-1,-1,-0.01,-1,-1,-0.01,-1,-1,-0.01,-1,-1,-0.01,-1,-1,-0.01,-1,-1,-0.01,-1,-1,-0.01,-1,-1,-0.01,-1,-1,-0.01,-1,-1
99926009,2026-05-18 13:24:10+05:30,53446.9,0,0.0,0,0.0,0.0,53282.15,53585.15,52783.45,53710.35,0,0.0,0.0,0.0,0.0,-0.01,-1,-1,-0.01,-1,-1,-0.01,-1,-1,-0.01,-1,-1,-0.01,-1,-1,-0.01,-1,-1,-0.01,-1,-1,-0.01,-1,-1,-0.01,-1,-1,-0.01,-1,-1
99926009,2026-05-18 13:24:10+05:30,53447.6,0,0.0,0,0.0,0.0,53282.15,53585.15,52783.45,53710.35,0,0.0,0.0,0.0,0.0,-0.01,-1,-1,-0.01,-1,-1,-0.01,-1,-1,-0.01,-1,-1,-0.01,-1,-1,-0.01,-1,-1,-0.01,-1,-1,-0.01,-1,-1,-0.01,-1,-1,-0.01,-1,-1
99926009,2026-05-18 13:24:11+05:30,53447.35,0,0.0,0,0.0,0.0,53282.15,53585.15,52783.45,53710.35,0,0.0,0.0,0.0,0.0,-0.01,-1,-1,-0.01,-1,-1,-0.01,-1,-1,-0.01,-1,-1,-0.01,-1,-1,-0.01,-1,-1,-0.01,-1,-1,-0.01,-1,-1,-0.01,-1,-1,-0.01,-1,-1
99926009,2026-05-18 13:24:11+05:30,53450.25,0,0.0,0,0.0,0.0,53282.15,53585.15,52783.45,53710.35,0,0.0,0.0,0.0,0.0,-0.01,-1,-1,-0.01,-1,-1,-0.01,-1,-1,-0.01,-1,-1,-0.01,-1,-1,-0.01,-1,-1,-0.01,-1,-1,-0.01,-1,-1,-0.01,-1,-1,-0.01,-1,-1
99926009,2026-05-18 13:24:12+05:30,53450.3,0,0.0,0,0.0,0.0,53282.15,53585.15,52783.45,53710.35,0,0.0,0.0,0.0,0.0,-0.01,-1,-1,-0.01,-1,-1,-0.01,-1,-1,-0.01,-1,-1,-0.01,-1,-1,-0.01,-1,-1,-0.01,-1,-1,-0.01,-1,-1,-0.01,-1,-1,-0.01,-1,-1
99926009,2026-05-18 13:24:12+05:30,53450.65,0,0.0,0,0.0,0.0,53282.15,53585.15,52783.45,53710.35,0,0.0,0.0,0.0,0.0,-0.01,-1,-1,-0.01,-1,-1,-0.01,-1,-1,-0.01,-1,-1,-0.01,-1,-1,-0.01,-1,-1,-0.01,-1,-1,-0.01,-1,-1,-0.01,-1,-1,-0.01,-1,-1
99926009,2026-05-18 13:24:13+05:30,53451.55,0,0.0,0,0.0,0.0,53282.15,53585.15,52783.45,53710.35,0,0.0,0.0,0.0,0.0,-0.01,-1,-1,-0.01,-1,-1,-0.01,-1,-1,-0.01,-1,-1,-0.01,-1,-1,-0.01,-1,-1,-0.01,-1,-1,-0.01,-1,-1,-0.01,-1,-1,-0.01,-1,-1
99926009,2026-05-18 13:24:13+05:30,53449.9,0,0.0,0,0.0,0.0,53282.15,53585.15,52783.45,53710.35,0,0.0,0.0,0.0,0.0,-0.01,-1,-1,-0.01,-1,-1,-0.01,-1,-1,-0.01,-1,-1,-0.01,-1,-1,-0.01,-1,-1,-0.01,-1,-1,-0.01,-1,-1,-0.01,-1,-1,-0.01,-1,-1
99926009,2026-05-18 13:24:14+05:30,53451.05,0,0.0,0,0.0,0.0,53282.15,53585.15,52783.45,53710.35,0,0.0,0.0,0.0,0.0,-0.01,-1,-1,-0.01,-1,-1,-0.01,-1,-1,-0.01,-1,-1,-0.01,-1,-1,-0.01,-1,-1,-0.01,-1,-1,-0.01,-1,-1,-0.01,-1,-1,-0.01,-1,-1
99926009,2026-05-18 13:24:14+05:30,53450.2,0,0.0,0,0.0,0.0,53282.15,53585.15,52783.45,53710.35,0,0.0,0.0,0.0,0.0,-0.01,-1,-1,-0.01,-1,-1,-0.01,-1,-1,-0.01,-1,-1,-0.01,-1,-1,-0.01,-1,-1,-0.01,-1,-1,-0.01,-1,-1,-0.01,-1,-1,-0.01,-1,-1
99926009,2026-05-18 13:24:15+05:30,53449.9,0,0.0,0,0.0,0.0,53282.15,53585.15,52783.45,53710.35,0,0.0,0.0,0.0,0.0,-0.01,-1,-1,-0.01,-1,-1,-0.01,-1,-1,-0.01,-1,-1,-0.01,-1,-1,-0.01,-1,-1,-0.01,-1,-1,-0.01,-1,-1,-0.01,-1,-1,-0.01,-1,-1
99926009,2026-05-18 13:24:15+05:30,53452.65,0,0.0,0,0.0,0.0,53282.15,53585.15,52783.45,53710.35,0,0.0,0.0,0.0,0.0,-0.01,-1,-1,-0.01,-1,-1,-0.01,-1,-1,-0.01,-1,-1,-0.01,-1,-1,-0.01,-1,-1,-0.01,-1,-1,-0.01,-1,-1,-0.01,-1,-1,-0.01,-1,-1
99926009,2026-05-18 13:24:16+05:30,53453.7,0,0.0,0,0.0,0.0,53282.15,53585.15,52783.45,53710.35,0,0.0,0.0,0.0,0.0,-0.01,-1,-1,-0.01,-1,-1,-0.01,-1,-1,-0.01,-1,-1,-0.01,-1,-1,-0.01,-1,-1,-0.01,-1,-1,-0.01,-1,-1,-0.01,-1,-1,-0.01,-1,-1
99926009,2026-05-18 13:24:16+05:30,53455.9,0,0.0,0,0.0,0.0,53282.15,53585.15,52783.45,53710.35,0,0.0,0.0,0.0,0.0,-0.01,-1,-1,-0.01,-1,-1,-0.01,-1,-1,-0.01,-1,-1,-0.01,-1,-1,-0.01,-1,-1,-0.01,-1,-1,-0.01,-1,-1,-0.01,-1,-1,-0.01,-1,-1
99926009,2026-05-18 13:24:17+05:30,53455.9,0,0.0,0,0.0,0.0,53282.15,53585.15,52783.45,53710.35,0,0.0,0.0,0.0,0.0,-0.01,-1,-1,-0.01,-1,-1,-0.01,-1,-1,-0.01,-1,-1,-0.01,-1,-1,-0.01,-1,-1,-0.01,-1,-1,-0.01,-1,-1,-0.01,-1,-1,-0.01,-1,-1
99926009,2026-05-18 13:24:17+05:30,53457.15,0,0.0,0,0.0,0.0,53282.15,53585.15,52783.45,53710.35,0,0.0,0.0,0.0,0.0,-0.01,-1,-1,-0.01,-1,-1,-0.01,-1,-1,-0.01,-1,-1,-0.01,-1,-1,-0.01,-1,-1,-0.01,-1,-1,-0.01,-1,-1,-0.01,-1,-1,-0.01,-1,-1
99926009,2026-05-18 13:24:18+05:30,53457.6,0,0.0,0,0.0,0.0,53282.15,53585.15,52783.45,53710.35,0,0.0,0.0,0.0,0.0,-0.01,-1,-1,-0.01,-1,-1,-0.01,-1,-1,-0.01,-1,-1,-0.01,-1,-1,-0.01,-1,-1,-0.01,-1,-1,-0.01,-1,-1,-0.01,-1,-1,-0.01,-1,-1
99926009,2026-05-18 13:24:18+05:30,53458.2,0,0.0,0,0.0,0.0,53282.15,53585.15,52783.45,53710.35,0,0.0,0.0,0.0,0.0,-0.01,-1,-1,-0.01,-1,-1,-0.01,-1,-1,-0.01,-1,-1,-0.01,-1,-1,-0.01,-1,-1,-0.01,-1,-1,-0.01,-1,-1,-0.01,-1,-1,-0.01,-1,-1
99926009,2026-05-18 13:24:19+05:30,53460.65,0,0.0,0,0.0,0.0,53282.15,53585.15,52783.45,53710.35,0,0.0,0.0,0.0,0.0,-0.01,-1,-1,-0.01,-1,-1,-0.01,-1,-1,-0.01,-1,-1,-0.01,-1,-1,-0.01,-1,-1,-0.01,-1,-1,-0.01,-1,-1,-0.01,-1,-1,-0.01,-1,-1
99926009,2026-05-18 13:24:19+05:30,53461.75,0,0.0,0,0.0,0.0,53282.15,53585.15,52783.45,53710.35,0,0.0,0.0,0.0,0.0,-0.01,-1,-1,-0.01,-1,-1,-0.01,-1,-1,-0.01,-1,-1,-0.01,-1,-1,-0.01,-1,-1,-0.01,-1,-1,-0.01,-1,-1,-0.01,-1,-1,-0.01,-1,-1
99926009,2026-05-18 13:24:20+05:30,53463.25,0,0.0,0,0.0,0.0,53282.15,53585.15,52783.45,53710.35,0,0.0,0.0,0.0,0.0,-0.01,-1,-1,-0.01,-1,-1,-0.01,-1,-1,-0.01,-1,-1,-0.01,-1,-1,-0.01,-1,-1,-0.01,-1,-1,-0.01,-1,-1,-0.01,-1,-1,-0.01,-1,-1
99926009,2026-05-18 13:24:20+05:30,53466.6,0,0.0,0,0.0,0.0,53282.15,53585.15,52783.45,53710.35,0,0.0,0.0,0.0,0.0,-0.01,-1,-1,-0.01,-1,-1,-0.01,-1,-1,-0.01,-1,-1,-0.01,-1,-1,-0.01,-1,-1,-0.01,-1,-1,-0.01,-1,-1,-0.01,-1,-1,-0.01,-1,-1
99926009,2026-05-18 13:24:21+05:30,53467.15,0,0.0,0,0.0,0.0,53282.15,53585.15,52783.45,53710.35,0,0.0,0.0,0.0,0.0,-0.01,-1,-1,-0.01,-1,-1,-0.01,-1,-1,-0.01,-1,-1,-0.01,-1,-1,-0.01,-1,-1,-0.01,-1,-1,-0.01,-1,-1,-0.01,-1,-1,-0.01,-1,-1
99926009,2026-05-18 13:24:21+05:30,53467.15,0,0.0,0,0.0,0.0,53282.15,53585.15,52783.45,53710.35,0,0.0,0.0,0.0,0.0,-0.01,-1,-1,-0.01,-1,-1,-0.01,-1,-1,-0.01,-1,-1,-0.01,-1,-1,-0.01,-1,-1,-0.01,-1,-1,-0.01,-1,-1,-0.01,-1,-1,-0.01,-1,-1
99926009,2026-05-18 13:24:22+05:30,53471.6,0,0.0,0,0.0,0.0,53282.15,53585.15,52783.45,53710.35,0,0.0,0.0,0.0,0.0,-0.01,-1,-1,-0.01,-1,-1,-0.01,-1,-1,-0.01,-1,-1,-0.01,-1,-1,-0.01,-1,-1,-0.01,-1,-1,-0.01,-1,-1,-0.01,-1,-1,-0.01,-1,-1
99926009,2026-05-18 13:24:22+05:30,53469.4,0,0.0,0,0.0,0.0,53282.15,53585.15,52783.45,53710.35,0,0.0,0.0,0.0,0.0,-0.01,-1,-1,-0.01,-1,-1,-0.01,-1,-1,-0.01,-1,-1,-0.01,-1,-1,-0.01,-1,-1,-0.01,-1,-1,-0.01,-1,-1,-0.01,-1,-1,-0.01,-1,-1
99926009,2026-05-18 13:24:23+05:30,53468.7,0,0.0,0,0.0,0.0,53282.15,53585.15,52783.45,53710.35,0,0.0,0.0,0.0,0.0,-0.01,-1,-1,-0.01,-1,-1,-0.01,-1,-1,-0.01,-1,-1,-0.01,-1,-1,-0.01,-1,-1,-0.01,-1,-1,-0.01,-1,-1,-0.01,-1,-1,-0.01,-1,-1
99926009,2026-05-18 13:24:23+05:30,53468.95,0,0.0,0,0.0,0.0,53282.15,53585.15,52783.45,53710.35,0,0.0,0.0,0.0,0.0,-0.01,-1,-1,-0.01,-1,-1,-0.01,-1,-1,-0.01,-1,-1,-0.01,-1,-1,-0.01,-1,-1,-0.01,-1,-1,-0.01,-1,-1,-0.01,-1,-1,-0.01,-1,-1
99926009,2026-05-18 13:24:24+05:30,53470.75,0,0.0,0,0.0,0.0,53282.15,53585.15,52783.45,53710.35,0,0.0,0.0,0.0,0.0,-0.01,-1,-1,-0.01,-1,-1,-0.01,-1,-1,-0.01,-1,-1,-0.01,-1,-1,-0.01,-1,-1,-0.01,-1,-1,-0.01,-1,-1,-0.01,-1,-1,-0.01,-1,-1
99926009,2026-05-18 13:24:24+05:30,53468.7,0,0.0,0,0.0,0.0,53282.15,53585.15,52783.45,53710.35,0,0.0,0.0,0.0,0.0,-0.01,-1,-1,-0.01,-1,-1,-0.01,-1,-1,-0.01,-1,-1,-0.01,-1,-1,-0.01,-1,-1,-0.01,-1,-1,-0.01,-1,-1,-0.01,-1,-1,-0.01,-1,-1
99926009,2026-05-18 13:24:25+05:30,53470.65,0,0.0,0,0.0,0.0,53282.15,53585.15,52783.45,53710.35,0,0.0,0.0,0.0,0.0,-0.01,-1,-1,-0.01,-1,-1,-0.01,-1,-1,-0.01,-1,-1,-0.01,-1,-1,-0.01,-1,-1,-0.01,-1,-1,-0.01,-1,-1,-0.01,-1,-1,-0.01,-1,-1
99926009,2026-05-18 13:24:25+05:30,53471.1,0,0.0,0,0.0,0.0,53282.15,53585.15,52783.45,53710.35,0,0.0,0.0,0.0,0.0,-0.01,-1,-1,-0.01,-1,-1,-0.01,-1,-1,-0.01,-1,-1,-0.01,-1,-1,-0.01,-1,-1,-0.01,-1,-1,-0.01,-1,-1,-0.01,-1,-1,-0.01,-1,-1
99926009,2026-05-18 13:24:26+05:30,53470.15,0,0.0,0,0.0,0.0,53282.15,53585.15,52783.45,53710.35,0,0.0,0.0,0.0,0.0,-0.01,-1,-1,-0.01,-1,-1,-0.01,-1,-1,-0.01,-1,-1,-0.01,-1,-1,-0.01,-1,-1,-0.01,-1,-1,-0.01,-1,-1,-0.01,-1,-1,-0.01,-1,-1
99926009,2026-05-18 13:24:26+05:30,53471.45,0,0.0,0,0.0,0.0,53282.15,53585.15,52783.45,53710.35,0,0.0,0.0,0.0,0.0,-0.01,-1,-1,-0.01,-1,-1,-0.01,-1,-1,-0.01,-1,-1,-0.01,-1,-1,-0.01,-1,-1,-0.01,-1,-1,-0.01,-1,-1,-0.01,-1,-1,-0.01,-1,-1
99926009,2026-05-18 13:24:27+05:30,53471.45,0,0.0,0,0.0,0.0,53282.15,53585.15,52783.45,53710.35,0,0.0,0.0,0.0,0.0,-0.01,-1,-1,-0.01,-1,-1,-0.01,-1,-1,-0.01,-1,-1,-0.01,-1,-1,-0.01,-1,-1,-0.01,-1,-1,-0.01,-1,-1,-0.01,-1,-1,-0.01,-1,-1
99926009,2026-05-18 13:24:27+05:30,53467.2,0,0.0,0,0.0,0.0,53282.15,53585.15,52783.45,53710.35,0,0.0,0.0,0.0,0.0,-0.01,-1,-1,-0.01,-1,-1,-0.01,-1,-1,-0.01,-1,-1,-0.01,-1,-1,-0.01,-1,-1,-0.01,-1,-1,-0.01,-1,-1,-0.01,-1,-1,-0.01,-1,-1
99926009,2026-05-18 13:24:28+05:30,53467.55,0,0.0,0,0.0,0.0,53282.15,53585.15,52783.45,53710.35,0,0.0,0.0,0.0,0.0,-0.01,-1,-1,-0.01,-1,-1,-0.01,-1,-1,-0.01,-1,-1,-0.01,-1,-1,-0.01,-1,-1,-0.01,-1,-1,-0.01,-1,-1,-0.01,-1,-1,-0.01,-1,-1
99926009,2026-05-18 13:24:28+05:30,53469.7,0,0.0,0,0.0,0.0,53282.15,53585.15,52783.45,53710.35,0,0.0,0.0,0.0,0.0,-0.01,-1,-1,-0.01,-1,-1,-0.01,-1,-1,-0.01,-1,-1,-0.01,-1,-1,-0.01,-1,-1,-0.01,-1,-1,-0.01,-1,-1,-0.01,-1,-1,-0.01,-1,-1
99926009,2026-05-18 13:24:29+05:30,53468.25,0,0.0,0,0.0,0.0,53282.15,53585.15,52783.45,53710.35,0,0.0,0.0,0.0,0.0,-0.01,-1,-1,-0.01,-1,-1,-0.01,-1,-1,-0.01,-1,-1,-0.01,-1,-1,-0.01,-1,-1,-0.01,-1,-1,-0.01,-1,-1,-0.01,-1,-1,-0.01,-1,-1
99926009,2026-05-18 13:24:29+05:30,53467.2,0,0.0,0,0.0,0.0,53282.15,53585.15,52783.45,53710.35,0,0.0,0.0,0.0,0.0,-0.01,-1,-1,-0.01,-1,-1,-0.01,-1,-1,-0.01,-1,-1,-0.01,-1,-1,-0.01,-1,-1,-0.01,-1,-1,-0.01,-1,-1,-0.01,-1,-1,-0.01,-1,-1
99926009,2026-05-18 13:24:30+05:30,53469.35,0,0.0,0,0.0,0.0,53282.15,53585.15,52783.45,53710.35,0,0.0,0.0,0.0,0.0,-0.01,-1,-1,-0.01,-1,-1,-0.01,-1,-1,-0.01,-1,-1,-0.01,-1,-1,-0.01,-1,-1,-0.01,-1,-1,-0.01,-1,-1,-0.01,-1,-1,-0.01,-1,-1
99926009,2026-05-18 13:24:30+05:30,53469.4,0,0.0,0,0.0,0.0,53282.15,53585.15,52783.45,53710.35,0,0.0,0.0,0.0,0.0,-0.01,-1,-1,-0.01,-1,-1,-0.01,-1,-1,-0.01,-1,-1,-0.01,-1,-1,-0.01,-1,-1,-0.01,-1,-1,-0.01,-1,-1,-0.01,-1,-1,-0.01,-1,-1
99926009,2026-05-18 13:24:31+05:30,53465.8,0,0.0,0,0.0,0.0,53282.15,53585.15,52783.45,53710.35,0,0.0,0.0,0.0,0.0,-0.01,-1,-1,-0.01,-1,-1,-0.01,-1,-1,-0.01,-1,-1,-0.01,-1,-1,-0.01,-1,-1,-0.01,-1,-1,-0.01,-1,-1,-0.01,-1,-1,-0.01,-1,-1
99926009,2026-05-18 13:24:31+05:30,53470.65,0,0.0,0,0.0,0.0,53282.15,53585.15,52783.45,53710.35,0,0.0,0.0,0.0,0.0,-0.01,-1,-1,-0.01,-1,-1,-0.01,-1,-1,-0.01,-1,-1,-0.01,-1,-1,-0.01,-1,-1,-0.01,-1,-1,-0.01,-1,-1,-0.01,-1,-1,-0.01,-1,-1
99926009,2026-05-18 13:24:32+05:30,53468.25,0,0.0,0,0.0,0.0,53282.15,53585.15,52783.45,53710.35,0,0.0,0.0,0.0,0.0,-0.01,-1,-1,-0.01,-1,-1,-0.01,-1,-1,-0.01,-1,-1,-0.01,-1,-1,-0.01,-1,-1,-0.01,-1,-1,-0.01,-1,-1,-0.01,-1,-1,-0.01,-1,-1
99926009,2026-05-18 13:24:32+05:30,53467.05,0,0.0,0,0.0,0.0,53282.15,53585.15,52783.45,53710.35,0,0.0,0.0,0.0,0.0,-0.01,-1,-1,-0.01,-1,-1,-0.01,-1,-1,-0.01,-1,-1,-0.01,-1,-1,-0.01,-1,-1,-0.01,-1,-1,-0.01,-1,-1,-0.01,-1,-1,-0.01,-1,-1
99926009,2026-05-18 13:24:33+05:30,53468.55,0,0.0,0,0.0,0.0,53282.15,53585.15,52783.45,53710.35,0,0.0,0.0,0.0,0.0,-0.01,-1,-1,-0.01,-1,-1,-0.01,-1,-1,-0.01,-1,-1,-0.01,-1,-1,-0.01,-1,-1,-0.01,-1,-1,-0.01,-1,-1,-0.01,-1,-1,-0.01,-1,-1
99926009,2026-05-18 13:24:33+05:30,53464.95,0,0.0,0,0.0,0.0,53282.15,53585.15,52783.45,53710.35,0,0.0,0.0,0.0,0.0,-0.01,-1,-1,-0.01,-1,-1,-0.01,-1,-1,-0.01,-1,-1,-0.01,-1,-1,-0.01,-1,-1,-0.01,-1,-1,-0.01,-1,-1,-0.01,-1,-1,-0.01,-1,-1
99926009,2026-05-18 13:24:34+05:30,53468.5,0,0.0,0,0.0,0.0,53282.15,53585.15,52783.45,53710.35,0,0.0,0.0,0.0,0.0,-0.01,-1,-1,-0.01,-1,-1,-0.01,-1,-1,-0.01,-1,-1,-0.01,-1,-1,-0.01,-1,-1,-0.01,-1,-1,-0.01,-1,-1,-0.01,-1,-1,-0.01,-1,-1
99926009,2026-05-18 13:24:34+05:30,53468.1,0,0.0,0,0.0,0.0,53282.15,53585.15,52783.45,53710.35,0,0.0,0.0,0.0,0.0,-0.01,-1,-1,-0.01,-1,-1,-0.01,-1,-1,-0.01,-1,-1,-0.01,-1,-1,-0.01,-1,-1,-0.01,-1,-1,-0.01,-1,-1,-0.01,-1,-1,-0.01,-1,-1
99926009,2026-05-18 13:24:35+05:30,53470.5,0,0.0,0,0.0,0.0,53282.15,53585.15,52783.45,53710.35,0,0.0,0.0,0.0,0.0,-0.01,-1,-1,-0.01,-1,-1,-0.01,-1,-1,-0.01,-1,-1,-0.01,-1,-1,-0.01,-1,-1,-0.01,-1,-1,-0.01,-1,-1,-0.01,-1,-1,-0.01,-1,-1
99926009,2026-05-18 13:24:35+05:30,53468.3,0,0.0,0,0.0,0.0,53282.15,53585.15,52783.45,53710.35,0,0.0,0.0,0.0,0.0,-0.01,-1,-1,-0.01,-1,-1,-0.01,-1,-1,-0.01,-1,-1,-0.01,-1,-1,-0.01,-1,-1,-0.01,-1,-1,-0.01,-1,-1,-0.01,-1,-1,-0.01,-1,-1
99926009,2026-05-18 13:24:36+05:30,53468.65,0,0.0,0,0.0,0.0,53282.15,53585.15,52783.45,53710.35,0,0.0,0.0,0.0,0.0,-0.01,-1,-1,-0.01,-1,-1,-0.01,-1,-1,-0.01,-1,-1,-0.01,-1,-1,-0.01,-1,-1,-0.01,-1,-1,-0.01,-1,-1,-0.01,-1,-1,-0.01,-1,-1
99926009,2026-05-18 13:24:36+05:30,53469.4,0,0.0,0,0.0,0.0,53282.15,53585.15,52783.45,53710.35,0,0.0,0.0,0.0,0.0,-0.01,-1,-1,-0.01,-1,-1,-0.01,-1,-1,-0.01,-1,-1,-0.01,-1,-1,-0.01,-1,-1,-0.01,-1,-1,-0.01,-1,-1,-0.01,-1,-1,-0.01,-1,-1
99926009,2026-05-18 13:24:37+05:30,53480.5,0,0.0,0,0.0,0.0,53282.15,53585.15,52783.45,53710.35,0,0.0,0.0,0.0,0.0,-0.01,-1,-1,-0.01,-1,-1,-0.01,-1,-1,-0.01,-1,-1,-0.01,-1,-1,-0.01,-1,-1,-0.01,-1,-1,-0.01,-1,-1,-0.01,-1,-1,-0.01,-1,-1
99926009,2026-05-18 13:24:37+05:30,53484.05,0,0.0,0,0.0,0.0,53282.15,53585.15,52783.45,53710.35,0,0.0,0.0,0.0,0.0,-0.01,-1,-1,-0.01,-1,-1,-0.01,-1,-1,-0.01,-1,-1,-0.01,-1,-1,-0.01,-1,-1,-0.01,-1,-1,-0.01,-1,-1,-0.01,-1,-1,-0.01,-1,-1
99926009,2026-05-18 13:24:38+05:30,53484.6,0,0.0,0,0.0,0.0,53282.15,53585.15,52783.45,53710.35,0,0.0,0.0,0.0,0.0,-0.01,-1,-1,-0.01,-1,-1,-0.01,-1,-1,-0.01,-1,-1,-0.01,-1,-1,-0.01,-1,-1,-0.01,-1,-1,-0.01,-1,-1,-0.01,-1,-1,-0.01,-1,-1
99926009,2026-05-18 13:24:38+05:30,53487.25,0,0.0,0,0.0,0.0,53282.15,53585.15,52783.45,53710.35,0,0.0,0.0,0.0,0.0,-0.01,-1,-1,-0.01,-1,-1,-0.01,-1,-1,-0.01,-1,-1,-0.01,-1,-1,-0.01,-1,-1,-0.01,-1,-1,-0.01,-1,-1,-0.01,-1,-1,-0.01,-1,-1
99926009,2026-05-18 13:24:39+05:30,53488.15,0,0.0,0,0.0,0.0,53282.15,53585.15,52783.45,53710.35,0,0.0,0.0,0.0,0.0,-0.01,-1,-1,-0.01,-1,-1,-0.01,-1,-1,-0.01,-1,-1,-0.01,-1,-1,-0.01,-1,-1,-0.01,-1,-1,-0.01,-1,-1,-0.01,-1,-1,-0.01,-1,-1
99926009,2026-05-18 13:24:39+05:30,53491.85,0,0.0,0,0.0,0.0,53282.15,53585.15,52783.45,53710.35,0,0.0,0.0,0.0,0.0,-0.01,-1,-1,-0.01,-1,-1,-0.01,-1,-1,-0.01,-1,-1,-0.01,-1,-1,-0.01,-1,-1,-0.01,-1,-1,-0.01,-1,-1,-0.01,-1,-1,-0.01,-1,-1
99926009,2026-05-18 13:24:40+05:30,53492.05,0,0.0,0,0.0,0.0,53282.15,53585.15,52783.45,53710.35,0,0.0,0.0,0.0,0.0,-0.01,-1,-1,-0.01,-1,-1,-0.01,-1,-1,-0.01,-1,-1,-0.01,-1,-1,-0.01,-1,-1,-0.01,-1,-1,-0.01,-1,-1,-0.01,-1,-1,-0.01,-1,-1
99926009,2026-05-18 13:24:40+05:30,53490.25,0,0.0,0,0.0,0.0,53282.15,53585.15,52783.45,53710.35,0,0.0,0.0,0.0,0.0,-0.01,-1,-1,-0.01,-1,-1,-0.01,-1,-1,-0.01,-1,-1,-0.01,-1,-1,-0.01,-1,-1,-0.01,-1,-1,-0.01,-1,-1,-0.01,-1,-1,-0.01,-1,-1
99926009,2026-05-18 13:24:41+05:30,53489.2,0,0.0,0,0.0,0.0,53282.15,53585.15,52783.45,53710.35,0,0.0,0.0,0.0,0.0,-0.01,-1,-1,-0.01,-1,-1,-0.01,-1,-1,-0.01,-1,-1,-0.01,-1,-1,-0.01,-1,-1,-0.01,-1,-1,-0.01,-1,-1,-0.01,-1,-1,-0.01,-1,-1
99926009,2026-05-18 13:24:41+05:30,53490.5,0,0.0,0,0.0,0.0,53282.15,53585.15,52783.45,53710.35,0,0.0,0.0,0.0,0.0,-0.01,-1,-1,-0.01,-1,-1,-0.01,-1,-1,-0.01,-1,-1,-0.01,-1,-1,-0.01,-1,-1,-0.01,-1,-1,-0.01,-1,-1,-0.01,-1,-1,-0.01,-1,-1
99926009,2026-05-18 13:24:42+05:30,53494.2,0,0.0,0,0.0,0.0,53282.15,53585.15,52783.45,53710.35,0,0.0,0.0,0.0,0.0,-0.01,-1,-1,-0.01,-1,-1,-0.01,-1,-1,-0.01,-1,-1,-0.01,-1,-1,-0.01,-1,-1,-0.01,-1,-1,-0.01,-1,-1,-0.01,-1,-1,-0.01,-1,-1
99926009,2026-05-18 13:24:42+05:30,53495.35,0,0.0,0,0.0,0.0,53282.15,53585.15,52783.45,53710.35,0,0.0,0.0,0.0,0.0,-0.01,-1,-1,-0.01,-1,-1,-0.01,-1,-1,-0.01,-1,-1,-0.01,-1,-1,-0.01,-1,-1,-0.01,-1,-1,-0.01,-1,-1,-0.01,-1,-1,-0.01,-1,-1
99926009,2026-05-18 13:24:43+05:30,53495.4,0,0.0,0,0.0,0.0,53282.15,53585.15,52783.45,53710.35,0,0.0,0.0,0.0,0.0,-0.01,-1,-1,-0.01,-1,-1,-0.01,-1,-1,-0.01,-1,-1,-0.01,-1,-1,-0.01,-1,-1,-0.01,-1,-1,-0.01,-1,-1,-0.01,-1,-1,-0.01,-1,-1
99926009,2026-05-18 13:24:43+05:30,53499.55,0,0.0,0,0.0,0.0,53282.15,53585.15,52783.45,53710.35,0,0.0,0.0,0.0,0.0,-0.01,-1,-1,-0.01,-1,-1,-0.01,-1,-1,-0.01,-1,-1,-0.01,-1,-1,-0.01,-1,-1,-0.01,-1,-1,-0.01,-1,-1,-0.01,-1,-1,-0.01,-1,-1
99926009,2026-05-18 13:24:44+05:30,53497.35,0,0.0,0,0.0,0.0,53282.15,53585.15,52783.45,53710.35,0,0.0,0.0,0.0,0.0,-0.01,-1,-1,-0.01,-1,-1,-0.01,-1,-1,-0.01,-1,-1,-0.01,-1,-1,-0.01,-1,-1,-0.01,-1,-1,-0.01,-1,-1,-0.01,-1,-1,-0.01,-1,-1
99926009,2026-05-18 13:24:44+05:30,53497.3,0,0.0,0,0.0,0.0,53282.15,53585.15,52783.45,53710.35,0,0.0,0.0,0.0,0.0,-0.01,-1,-1,-0.01,-1,-1,-0.01,-1,-1,-0.01,-1,-1,-0.01,-1,-1,-0.01,-1,-1,-0.01,-1,-1,-0.01,-1,-1,-0.01,-1,-1,-0.01,-1,-1
99926009,2026-05-18 13:24:45+05:30,53497.9,0,0.0,0,0.0,0.0,53282.15,53585.15,52783.45,53710.35,0,0.0,0.0,0.0,0.0,-0.01,-1,-1,-0.01,-1,-1,-0.01,-1,-1,-0.01,-1,-1,-0.01,-1,-1,-0.01,-1,-1,-0.01,-1,-1,-0.01,-1,-1,-0.01,-1,-1,-0.01,-1,-1
99926009,2026-05-18 13:24:45+05:30,53498.05,0,0.0,0,0.0,0.0,53282.15,53585.15,52783.45,53710.35,0,0.0,0.0,0.0,0.0,-0.01,-1,-1,-0.01,-1,-1,-0.01,-1,-1,-0.01,-1,-1,-0.01,-1,-1,-0.01,-1,-1,-0.01,-1,-1,-0.01,-1,-1,-0.01,-1,-1,-0.01,-1,-1
99926009,2026-05-18 13:24:46+05:30,53498.85,0,0.0,0,0.0,0.0,53282.15,53585.15,52783.45,53710.35,0,0.0,0.0,0.0,0.0,-0.01,-1,-1,-0.01,-1,-1,-0.01,-1,-1,-0.01,-1,-1,-0.01,-1,-1,-0.01,-1,-1,-0.01,-1,-1,-0.01,-1,-1,-0.01,-1,-1,-0.01,-1,-1
99926009,2026-05-18 13:24:46+05:30,53498.55,0,0.0,0,0.0,0.0,53282.15,53585.15,52783.45,53710.35,0,0.0,0.0,0.0,0.0,-0.01,-1,-1,-0.01,-1,-1,-0.01,-1,-1,-0.01,-1,-1,-0.01,-1,-1,-0.01,-1,-1,-0.01,-1,-1,-0.01,-1,-1,-0.01,-1,-1,-0.01,-1,-1
99926009,2026-05-18 13:24:47+05:30,53498.05,0,0.0,0,0.0,0.0,53282.15,53585.15,52783.45,53710.35,0,0.0,0.0,0.0,0.0,-0.01,-1,-1,-0.01,-1,-1,-0.01,-1,-1,-0.01,-1,-1,-0.01,-1,-1,-0.01,-1,-1,-0.01,-1,-1,-0.01,-1,-1,-0.01,-1,-1,-0.01,-1,-1
99926009,2026-05-18 13:24:47+05:30,53497.15,0,0.0,0,0.0,0.0,53282.15,53585.15,52783.45,53710.35,0,0.0,0.0,0.0,0.0,-0.01,-1,-1,-0.01,-1,-1,-0.01,-1,-1,-0.01,-1,-1,-0.01,-1,-1,-0.01,-1,-1,-0.01,-1,-1,-0.01,-1,-1,-0.01,-1,-1,-0.01,-1,-1
99926009,2026-05-18 13:24:48+05:30,53499.6,0,0.0,0,0.0,0.0,53282.15,53585.15,52783.45,53710.35,0,0.0,0.0,0.0,0.0,-0.01,-1,-1,-0.01,-1,-1,-0.01,-1,-1,-0.01,-1,-1,-0.01,-1,-1,-0.01,-1,-1,-0.01,-1,-1,-0.01,-1,-1,-0.01,-1,-1,-0.01,-1,-1
99926009,2026-05-18 13:24:48+05:30,53499.95,0,0.0,0,0.0,0.0,53282.15,53585.15,52783.45,53710.35,0,0.0,0.0,0.0,0.0,-0.01,-1,-1,-0.01,-1,-1,-0.01,-1,-1,-0.01,-1,-1,-0.01,-1,-1,-0.01,-1,-1,-0.01,-1,-1,-0.01,-1,-1,-0.01,-1,-1,-0.01,-1,-1
99926009,2026-05-18 13:24:49+05:30,53500.0,0,0.0,0,0.0,0.0,53282.15,53585.15,52783.45,53710.35,0,0.0,0.0,0.0,0.0,-0.01,-1,-1,-0.01,-1,-1,-0.01,-1,-1,-0.01,-1,-1,-0.01,-1,-1,-0.01,-1,-1,-0.01,-1,-1,-0.01,-1,-1,-0.01,-1,-1,-0.01,-1,-1
99926009,2026-05-18 13:24:49+05:30,53501.05,0,0.0,0,0.0,0.0,53282.15,53585.15,52783.45,53710.35,0,0.0,0.0,0.0,0.0,-0.01,-1,-1,-0.01,-1,-1,-0.01,-1,-1,-0.01,-1,-1,-0.01,-1,-1,-0.01,-1,-1,-0.01,-1,-1,-0.01,-1,-1,-0.01,-1,-1,-0.01,-1,-1
99926009,2026-05-18 13:24:50+05:30,53500.8,0,0.0,0,0.0,0.0,53282.15,53585.15,52783.45,53710.35,0,0.0,0.0,0.0,0.0,-0.01,-1,-1,-0.01,-1,-1,-0.01,-1,-1,-0.01,-1,-1,-0.01,-1,-1,-0.01,-1,-1,-0.01,-1,-1,-0.01,-1,-1,-0.01,-1,-1,-0.01,-1,-1
99926009,2026-05-18 13:24:50+05:30,53497.9,0,0.0,0,0.0,0.0,53282.15,53585.15,52783.45,53710.35,0,0.0,0.0,0.0,0.0,-0.01,-1,-1,-0.01,-1,-1,-0.01,-1,-1,-0.01,-1,-1,-0.01,-1,-1,-0.01,-1,-1,-0.01,-1,-1,-0.01,-1,-1,-0.01,-1,-1,-0.01,-1,-1
99926009,2026-05-18 13:24:51+05:30,53500.1,0,0.0,0,0.0,0.0,53282.15,53585.15,52783.45,53710.35,0,0.0,0.0,0.0,0.0,-0.01,-1,-1,-0.01,-1,-1,-0.01,-1,-1,-0.01,-1,-1,-0.01,-1,-1,-0.01,-1,-1,-0.01,-1,-1,-0.01,-1,-1,-0.01,-1,-1,-0.01,-1,-1
99926009,2026-05-18 13:24:51+05:30,53499.7,0,0.0,0,0.0,0.0,53282.15,53585.15,52783.45,53710.35,0,0.0,0.0,0.0,0.0,-0.01,-1,-1,-0.01,-1,-1,-0.01,-1,-1,-0.01,-1,-1,-0.01,-1,-1,-0.01,-1,-1,-0.01,-1,-1,-0.01,-1,-1,-0.01,-1,-1,-0.01,-1,-1
99926009,2026-05-18 13:24:52+05:30,53500.55,0,0.0,0,0.0,0.0,53282.15,53585.15,52783.45,53710.35,0,0.0,0.0,0.0,0.0,-0.01,-1,-1,-0.01,-1,-1,-0.01,-1,-1,-0.01,-1,-1,-0.01,-1,-1,-0.01,-1,-1,-0.01,-1,-1,-0.01,-1,-1,-0.01,-1,-1,-0.01,-1,-1
99926009,2026-05-18 13:24:52+05:30,53498.3,0,0.0,0,0.0,0.0,53282.15,53585.15,52783.45,53710.35,0,0.0,0.0,0.0,0.0,-0.01,-1,-1,-0.01,-1,-1,-0.01,-1,-1,-0.01,-1,-1,-0.01,-1,-1,-0.01,-1,-1,-0.01,-1,-1,-0.01,-1,-1,-0.01,-1,-1,-0.01,-1,-1
99926009,2026-05-18 13:24:53+05:30,53502.1,0,0.0,0,0.0,0.0,53282.15,53585.15,52783.45,53710.35,0,0.0,0.0,0.0,0.0,-0.01,-1,-1,-0.01,-1,-1,-0.01,-1,-1,-0.01,-1,-1,-0.01,-1,-1,-0.01,-1,-1,-0.01,-1,-1,-0.01,-1,-1,-0.01,-1,-1,-0.01,-1,-1
99926009,2026-05-18 13:24:53+05:30,53502.25,0,0.0,0,0.0,0.0,53282.15,53585.15,52783.45,53710.35,0,0.0,0.0,0.0,0.0,-0.01,-1,-1,-0.01,-1,-1,-0.01,-1,-1,-0.01,-1,-1,-0.01,-1,-1,-0.01,-1,-1,-0.01,-1,-1,-0.01,-1,-1,-0.01,-1,-1,-0.01,-1,-1
99926009,2026-05-18 13:24:54+05:30,53501.9,0,0.0,0,0.0,0.0,53282.15,53585.15,52783.45,53710.35,0,0.0,0.0,0.0,0.0,-0.01,-1,-1,-0.01,-1,-1,-0.01,-1,-1,-0.01,-1,-1,-0.01,-1,-1,-0.01,-1,-1,-0.01,-1,-1,-0.01,-1,-1,-0.01,-1,-1,-0.01,-1,-1
99926009,2026-05-18 13:24:54+05:30,53501.6,0,0.0,0,0.0,0.0,53282.15,53585.15,52783.45,53710.35,0,0.0,0.0,0.0,0.0,-0.01,-1,-1,-0.01,-1,-1,-0.01,-1,-1,-0.01,-1,-1,-0.01,-1,-1,-0.01,-1,-1,-0.01,-1,-1,-0.01,-1,-1,-0.01,-1,-1,-0.01,-1,-1
99926009,2026-05-18 13:24:55+05:30,53502.65,0,0.0,0,0.0,0.0,53282.15,53585.15,52783.45,53710.35,0,0.0,0.0,0.0,0.0,-0.01,-1,-1,-0.01,-1,-1,-0.01,-1,-1,-0.01,-1,-1,-0.01,-1,-1,-0.01,-1,-1,-0.01,-1,-1,-0.01,-1,-1,-0.01,-1,-1,-0.01,-1,-1
99926009,2026-05-18 13:24:55+05:30,53501.8,0,0.0,0,0.0,0.0,53282.15,53585.15,52783.45,53710.35,0,0.0,0.0,0.0,0.0,-0.01,-1,-1,-0.01,-1,-1,-0.01,-1,-1,-0.01,-1,-1,-0.01,-1,-1,-0.01,-1,-1,-0.01,-1,-1,-0.01,-1,-1,-0.01,-1,-1,-0.01,-1,-1
99926009,2026-05-18 13:24:56+05:30,53501.65,0,0.0,0,0.0,0.0,53282.15,53585.15,52783.45,53710.35,0,0.0,0.0,0.0,0.0,-0.01,-1,-1,-0.01,-1,-1,-0.01,-1,-1,-0.01,-1,-1,-0.01,-1,-1,-0.01,-1,-1,-0.01,-1,-1,-0.01,-1,-1,-0.01,-1,-1,-0.01,-1,-1
99926009,2026-05-18 13:24:56+05:30,53500.55,0,0.0,0,0.0,0.0,53282.15,53585.15,52783.45,53710.35,0,0.0,0.0,0.0,0.0,-0.01,-1,-1,-0.01,-1,-1,-0.01,-1,-1,-0.01,-1,-1,-0.01,-1,-1,-0.01,-1,-1,-0.01,-1,-1,-0.01,-1,-1,-0.01,-1,-1,-0.01,-1,-1
99926009,2026-05-18 13:24:57+05:30,53500.85,0,0.0,0,0.0,0.0,53282.15,53585.15,52783.45,53710.35,0,0.0,0.0,0.0,0.0,-0.01,-1,-1,-0.01,-1,-1,-0.01,-1,-1,-0.01,-1,-1,-0.01,-1,-1,-0.01,-1,-1,-0.01,-1,-1,-0.01,-1,-1,-0.01,-1,-1,-0.01,-1,-1
99926009,2026-05-18 13:24:57+05:30,53500.35,0,0.0,0,0.0,0.0,53282.15,53585.15,52783.45,53710.35,0,0.0,0.0,0.0,0.0,-0.01,-1,-1,-0.01,-1,-1,-0.01,-1,-1,-0.01,-1,-1,-0.01,-1,-1,-0.01,-1,-1,-0.01,-1,-1,-0.01,-1,-1,-0.01,-1,-1,-0.01,-1,-1
99926009,2026-05-18 13:24:58+05:30,53500.95,0,0.0,0,0.0,0.0,53282.15,53585.15,52783.45,53710.35,0,0.0,0.0,0.0,0.0,-0.01,-1,-1,-0.01,-1,-1,-0.01,-1,-1,-0.01,-1,-1,-0.01,-1,-1,-0.01,-1,-1,-0.01,-1,-1,-0.01,-1,-1,-0.01,-1,-1,-0.01,-1,-1
99926009,2026-05-18 13:24:58+05:30,53501.65,0,0.0,0,0.0,0.0,53282.15,53585.15,52783.45,53710.35,0,0.0,0.0,0.0,0.0,-0.01,-1,-1,-0.01,-1,-1,-0.01,-1,-1,-0.01,-1,-1,-0.01,-1,-1,-0.01,-1,-1,-0.01,-1,-1,-0.01,-1,-1,-0.01,-1,-1,-0.01,-1,-1
99926009,2026-05-18 13:24:59+05:30,53502.35,0,0.0,0,0.0,0.0,53282.15,53585.15,52783.45,53710.35,0,0.0,0.0,0.0,0.0,-0.01,-1,-1,-0.01,-1,-1,-0.01,-1,-1,-0.01,-1,-1,-0.01,-1,-1,-0.01,-1,-1,-0.01,-1,-1,-0.01,-1,-1,-0.01,-1,-1,-0.01,-1,-1
99926009,2026-05-18 13:24:59+05:30,53501.0,0,0.0,0,0.0,0.0,53282.15,53585.15,52783.45,53710.35,0,0.0,0.0,0.0,0.0,-0.01,-1,-1,-0.01,-1,-1,-0.01,-1,-1,-0.01,-1,-1,-0.01,-1,-1,-0.01,-1,-1,-0.01,-1,-1,-0.01,-1,-1,-0.01,-1,-1,-0.01,-1,-1
99926009,2026-05-18 13:25:00+05:30,53501.8,0,0.0,0,0.0,0.0,53282.15,53585.15,52783.45,53710.35,0,0.0,0.0,0.0,0.0,-0.01,-1,-1,-0.01,-1,-1,-0.01,-1,-1,-0.01,-1,-1,-0.01,-1,-1,-0.01,-1,-1,-0.01,-1,-1,-0.01,-1,-1,-0.01,-1,-1,-0.01,-1,-1
99926009,2026-05-18 13:25:00+05:30,53504.4,0,0.0,0,0.0,0.0,53282.15,53585.15,52783.45,53710.35,0,0.0,0.0,0.0,0.0,-0.01,-1,-1,-0.01,-1,-1,-0.01,-1,-1,-0.01,-1,-1,-0.01,-1,-1,-0.01,-1,-1,-0.01,-1,-1,-0.01,-1,-1,-0.01,-1,-1,-0.01,-1,-1
99926009,2026-05-18 13:25:01+05:30,53507.85,0,0.0,0,0.0,0.0,53282.15,53585.15,52783.45,53710.35,0,0.0,0.0,0.0,0.0,-0.01,-1,-1,-0.01,-1,-1,-0.01,-1,-1,-0.01,-1,-1,-0.01,-1,-1,-0.01,-1,-1,-0.01,-1,-1,-0.01,-1,-1,-0.01,-1,-1,-0.01,-1,-1
99926009,2026-05-18 13:25:01+05:30,53507.95,0,0.0,0,0.0,0.0,53282.15,53585.15,52783.45,53710.35,0,0.0,0.0,0.0,0.0,-0.01,-1,-1,-0.01,-1,-1,-0.01,-1,-1,-0.01,-1,-1,-0.01,-1,-1,-0.01,-1,-1,-0.01,-1,-1,-0.01,-1,-1,-0.01,-1,-1,-0.01,-1,-1
99926009,2026-05-18 13:25:02+05:30,53509.35,0,0.0,0,0.0,0.0,53282.15,53585.15,52783.45,53710.35,0,0.0,0.0,0.0,0.0,-0.01,-1,-1,-0.01,-1,-1,-0.01,-1,-1,-0.01,-1,-1,-0.01,-1,-1,-0.01,-1,-1,-0.01,-1,-1,-0.01,-1,-1,-0.01,-1,-1,-0.01,-1,-1
99926009,2026-05-18 13:25:02+05:30,53514.9,0,0.0,0,0.0,0.0,53282.15,53585.15,52783.45,53710.35,0,0.0,0.0,0.0,0.0,-0.01,-1,-1,-0.01,-1,-1,-0.01,-1,-1,-0.01,-1,-1,-0.01,-1,-1,-0.01,-1,-1,-0.01,-1,-1,-0.01,-1,-1,-0.01,-1,-1,-0.01,-1,-1
99926009,2026-05-18 13:25:03+05:30,53515.55,0,0.0,0,0.0,0.0,53282.15,53585.15,52783.45,53710.35,0,0.0,0.0,0.0,0.0,-0.01,-1,-1,-0.01,-1,-1,-0.01,-1,-1,-0.01,-1,-1,-0.01,-1,-1,-0.01,-1,-1,-0.01,-1,-1,-0.01,-1,-1,-0.01,-1,-1,-0.01,-1,-1
99926009,2026-05-18 13:25:03+05:30,53513.75,0,0.0,0,0.0,0.0,53282.15,53585.15,52783.45,53710.35,0,0.0,0.0,0.0,0.0,-0.01,-1,-1,-0.01,-1,-1,-0.01,-1,-1,-0.01,-1,-1,-0.01,-1,-1,-0.01,-1,-1,-0.01,-1,-1,-0.01,-1,-1,-0.01,-1,-1,-0.01,-1,-1
99926009,2026-05-18 13:25:04+05:30,53510.65,0,0.0,0,0.0,0.0,53282.15,53585.15,52783.45,53710.35,0,0.0,0.0,0.0,0.0,-0.01,-1,-1,-0.01,-1,-1,-0.01,-1,-1,-0.01,-1,-1,-0.01,-1,-1,-0.01,-1,-1,-0.01,-1,-1,-0.01,-1,-1,-0.01,-1,-1,-0.01,-1,-1
99926009,2026-05-18 13:25:04+05:30,53511.8,0,0.0,0,0.0,0.0,53282.15,53585.15,52783.45,53710.35,0,0.0,0.0,0.0,0.0,-0.01,-1,-1,-0.01,-1,-1,-0.01,-1,-1,-0.01,-1,-1,-0.01,-1,-1,-0.01,-1,-1,-0.01,-1,-1,-0.01,-1,-1,-0.01,-1,-1,-0.01,-1,-1
99926009,2026-05-18 13:25:05+05:30,53517.95,0,0.0,0,0.0,0.0,53282.15,53585.15,52783.45,53710.35,0,0.0,0.0,0.0,0.0,-0.01,-1,-1,-0.01,-1,-1,-0.01,-1,-1,-0.01,-1,-1,-0.01,-1,-1,-0.01,-1,-1,-0.01,-1,-1,-0.01,-1,-1,-0.01,-1,-1,-0.01,-1,-1
99926009,2026-05-18 13:25:05+05:30,53515.05,0,0.0,0,0.0,0.0,53282.15,53585.15,52783.45,53710.35,0,0.0,0.0,0.0,0.0,-0.01,-1,-1,-0.01,-1,-1,-0.01,-1,-1,-0.01,-1,-1,-0.01,-1,-1,-0.01,-1,-1,-0.01,-1,-1,-0.01,-1,-1,-0.01,-1,-1,-0.01,-1,-1
99926009,2026-05-18 13:25:06+05:30,53516.25,0,0.0,0,0.0,0.0,53282.15,53585.15,52783.45,53710.35,0,0.0,0.0,0.0,0.0,-0.01,-1,-1,-0.01,-1,-1,-0.01,-1,-1,-0.01,-1,-1,-0.01,-1,-1,-0.01,-1,-1,-0.01,-1,-1,-0.01,-1,-1,-0.01,-1,-1,-0.01,-1,-1
99926009,2026-05-18 13:25:06+05:30,53516.8,0,0.0,0,0.0,0.0,53282.15,53585.15,52783.45,53710.35,0,0.0,0.0,0.0,0.0,-0.01,-1,-1,-0.01,-1,-1,-0.01,-1,-1,-0.01,-1,-1,-0.01,-1,-1,-0.01,-1,-1,-0.01,-1,-1,-0.01,-1,-1,-0.01,-1,-1,-0.01,-1,-1
99926009,2026-05-18 13:25:07+05:30,53518.3,0,0.0,0,0.0,0.0,53282.15,53585.15,52783.45,53710.35,0,0.0,0.0,0.0,0.0,-0.01,-1,-1,-0.01,-1,-1,-0.01,-1,-1,-0.01,-1,-1,-0.01,-1,-1,-0.01,-1,-1,-0.01,-1,-1,-0.01,-1,-1,-0.01,-1,-1,-0.01,-1,-1
99926009,2026-05-18 13:25:07+05:30,53515.9,0,0.0,0,0.0,0.0,53282.15,53585.15,52783.45,53710.35,0,0.0,0.0,0.0,0.0,-0.01,-1,-1,-0.01,-1,-1,-0.01,-1,-1,-0.01,-1,-1,-0.01,-1,-1,-0.01,-1,-1,-0.01,-1,-1,-0.01,-1,-1,-0.01,-1,-1,-0.01,-1,-1
99926009,2026-05-18 13:25:08+05:30,53512.3,0,0.0,0,0.0,0.0,53282.15,53585.15,52783.45,53710.35,0,0.0,0.0,0.0,0.0,-0.01,-1,-1,-0.01,-1,-1,-0.01,-1,-1,-0.01,-1,-1,-0.01,-1,-1,-0.01,-1,-1,-0.01,-1,-1,-0.01,-1,-1,-0.01,-1,-1,-0.01,-1,-1
99926009,2026-05-18 13:25:08+05:30,53510.25,0,0.0,0,0.0,0.0,53282.15,53585.15,52783.45,53710.35,0,0.0,0.0,0.0,0.0,-0.01,-1,-1,-0.01,-1,-1,-0.01,-1,-1,-0.01,-1,-1,-0.01,-1,-1,-0.01,-1,-1,-0.01,-1,-1,-0.01,-1,-1,-0.01,-1,-1,-0.01,-1,-1
99926009,2026-05-18 13:25:09+05:30,53512.8,0,0.0,0,0.0,0.0,53282.15,53585.15,52783.45,53710.35,0,0.0,0.0,0.0,0.0,-0.01,-1,-1,-0.01,-1,-1,-0.01,-1,-1,-0.01,-1,-1,-0.01,-1,-1,-0.01,-1,-1,-0.01,-1,-1,-0.01,-1,-1,-0.01,-1,-1,-0.01,-1,-1
99926009,2026-05-18 13:25:09+05:30,53510.45,0,0.0,0,0.0,0.0,53282.15,53585.15,52783.45,53710.35,0,0.0,0.0,0.0,0.0,-0.01,-1,-1,-0.01,-1,-1,-0.01,-1,-1,-0.01,-1,-1,-0.01,-1,-1,-0.01,-1,-1,-0.01,-1,-1,-0.01,-1,-1,-0.01,-1,-1,-0.01,-1,-1
99926009,2026-05-18 13:25:10+05:30,53511.55,0,0.0,0,0.0,0.0,53282.15,53585.15,52783.45,53710.35,0,0.0,0.0,0.0,0.0,-0.01,-1,-1,-0.01,-1,-1,-0.01,-1,-1,-0.01,-1,-1,-0.01,-1,-1,-0.01,-1,-1,-0.01,-1,-1,-0.01,-1,-1,-0.01,-1,-1,-0.01,-1,-1
99926009,2026-05-18 13:25:10+05:30,53512.1,0,0.0,0,0.0,0.0,53282.15,53585.15,52783.45,53710.35,0,0.0,0.0,0.0,0.0,-0.01,-1,-1,-0.01,-1,-1,-0.01,-1,-1,-0.01,-1,-1,-0.01,-1,-1,-0.01,-1,-1,-0.01,-1,-1,-0.01,-1,-1,-0.01,-1,-1,-0.01,-1,-1
99926009,2026-05-18 13:25:11+05:30,53512.8,0,0.0,0,0.0,0.0,53282.15,53585.15,52783.45,53710.35,0,0.0,0.0,0.0,0.0,-0.01,-1,-1,-0.01,-1,-1,-0.01,-1,-1,-0.01,-1,-1,-0.01,-1,-1,-0.01,-1,-1,-0.01,-1,-1,-0.01,-1,-1,-0.01,-1,-1,-0.01,-1,-1
99926009,2026-05-18 13:25:11+05:30,53512.65,0,0.0,0,0.0,0.0,53282.15,53585.15,52783.45,53710.35,0,0.0,0.0,0.0,0.0,-0.01,-1,-1,-0.01,-1,-1,-0.01,-1,-1,-0.01,-1,-1,-0.01,-1,-1,-0.01,-1,-1,-0.01,-1,-1,-0.01,-1,-1,-0.01,-1,-1,-0.01,-1,-1
99926009,2026-05-18 13:25:12+05:30,53514.25,0,0.0,0,0.0,0.0,53282.15,53585.15,52783.45,53710.35,0,0.0,0.0,0.0,0.0,-0.01,-1,-1,-0.01,-1,-1,-0.01,-1,-1,-0.01,-1,-1,-0.01,-1,-1,-0.01,-1,-1,-0.01,-1,-1,-0.01,-1,-1,-0.01,-1,-1,-0.01,-1,-1
99926009,2026-05-18 13:25:12+05:30,53516.1,0,0.0,0,0.0,0.0,53282.15,53585.15,52783.45,53710.35,0,0.0,0.0,0.0,0.0,-0.01,-1,-1,-0.01,-1,-1,-0.01,-1,-1,-0.01,-1,-1,-0.01,-1,-1,-0.01,-1,-1,-0.01,-1,-1,-0.01,-1,-1,-0.01,-1,-1,-0.01,-1,-1
99926009,2026-05-18 13:25:13+05:30,53515.0,0,0.0,0,0.0,0.0,53282.15,53585.15,52783.45,53710.35,0,0.0,0.0,0.0,0.0,-0.01,-1,-1,-0.01,-1,-1,-0.01,-1,-1,-0.01,-1,-1,-0.01,-1,-1,-0.01,-1,-1,-0.01,-1,-1,-0.01,-1,-1,-0.01,-1,-1,-0.01,-1,-1
99926009,2026-05-18 13:25:13+05:30,53517.1,0,0.0,0,0.0,0.0,53282.15,53585.15,52783.45,53710.35,0,0.0,0.0,0.0,0.0,-0.01,-1,-1,-0.01,-1,-1,-0.01,-1,-1,-0.01,-1,-1,-0.01,-1,-1,-0.01,-1,-1,-0.01,-1,-1,-0.01,-1,-1,-0.01,-1,-1,-0.01,-1,-1
99926009,2026-05-18 13:25:14+05:30,53516.85,0,0.0,0,0.0,0.0,53282.15,53585.15,52783.45,53710.35,0,0.0,0.0,0.0,0.0,-0.01,-1,-1,-0.01,-1,-1,-0.01,-1,-1,-0.01,-1,-1,-0.01,-1,-1,-0.01,-1,-1,-0.01,-1,-1,-0.01,-1,-1,-0.01,-1,-1,-0.01,-1,-1
99926009,2026-05-18 13:25:14+05:30,53517.95,0,0.0,0,0.0,0.0,53282.15,53585.15,52783.45,53710.35,0,0.0,0.0,0.0,0.0,-0.01,-1,-1,-0.01,-1,-1,-0.01,-1,-1,-0.01,-1,-1,-0.01,-1,-1,-0.01,-1,-1,-0.01,-1,-1,-0.01,-1,-1,-0.01,-1,-1,-0.01,-1,-1
99926009,2026-05-18 13:25:15+05:30,53515.55,0,0.0,0,0.0,0.0,53282.15,53585.15,52783.45,53710.35,0,0.0,0.0,0.0,0.0,-0.01,-1,-1,-0.01,-1,-1,-0.01,-1,-1,-0.01,-1,-1,-0.01,-1,-1,-0.01,-1,-1,-0.01,-1,-1,-0.01,-1,-1,-0.01,-1,-1,-0.01,-1,-1
99926009,2026-05-18 13:25:15+05:30,53514.1,0,0.0,0,0.0,0.0,53282.15,53585.15,52783.45,53710.35,0,0.0,0.0,0.0,0.0,-0.01,-1,-1,-0.01,-1,-1,-0.01,-1,-1,-0.01,-1,-1,-0.01,-1,-1,-0.01,-1,-1,-0.01,-1,-1,-0.01,-1,-1,-0.01,-1,-1,-0.01,-1,-1
99926009,2026-05-18 13:25:16+05:30,53512.6,0,0.0,0,0.0,0.0,53282.15,53585.15,52783.45,53710.35,0,0.0,0.0,0.0,0.0,-0.01,-1,-1,-0.01,-1,-1,-0.01,-1,-1,-0.01,-1,-1,-0.01,-1,-1,-0.01,-1,-1,-0.01,-1,-1,-0.01,-1,-1,-0.01,-1,-1,-0.01,-1,-1
99926009,2026-05-18 13:25:16+05:30,53513.95,0,0.0,0,0.0,0.0,53282.15,53585.15,52783.45,53710.35,0,0.0,0.0,0.0,0.0,-0.01,-1,-1,-0.01,-1,-1,-0.01,-1,-1,-0.01,-1,-1,-0.01,-1,-1,-0.01,-1,-1,-0.01,-1,-1,-0.01,-1,-1,-0.01,-1,-1,-0.01,-1,-1
99926009,2026-05-18 13:25:17+05:30,53513.0,0,0.0,0,0.0,0.0,53282.15,53585.15,52783.45,53710.35,0,0.0,0.0,0.0,0.0,-0.01,-1,-1,-0.01,-1,-1,-0.01,-1,-1,-0.01,-1,-1,-0.01,-1,-1,-0.01,-1,-1,-0.01,-1,-1,-0.01,-1,-1,-0.01,-1,-1,-0.01,-1,-1
99926009,2026-05-18 13:25:17+05:30,53511.2,0,0.0,0,0.0,0.0,53282.15,53585.15,52783.45,53710.35,0,0.0,0.0,0.0,0.0,-0.01,-1,-1,-0.01,-1,-1,-0.01,-1,-1,-0.01,-1,-1,-0.01,-1,-1,-0.01,-1,-1,-0.01,-1,-1,-0.01,-1,-1,-0.01,-1,-1,-0.01,-1,-1
99926009,2026-05-18 13:25:18+05:30,53507.7,0,0.0,0,0.0,0.0,53282.15,53585.15,52783.45,53710.35,0,0.0,0.0,0.0,0.0,-0.01,-1,-1,-0.01,-1,-1,-0.01,-1,-1,-0.01,-1,-1,-0.01,-1,-1,-0.01,-1,-1,-0.01,-1,-1,-0.01,-1,-1,-0.01,-1,-1,-0.01,-1,-1
99926009,2026-05-18 13:25:18+05:30,53505.05,0,0.0,0,0.0,0.0,53282.15,53585.15,52783.45,53710.35,0,0.0,0.0,0.0,0.0,-0.01,-1,-1,-0.01,-1,-1,-0.01,-1,-1,-0.01,-1,-1,-0.01,-1,-1,-0.01,-1,-1,-0.01,-1,-1,-0.01,-1,-1,-0.01,-1,-1,-0.01,-1,-1
99926009,2026-05-18 13:25:19+05:30,53505.6,0,0.0,0,0.0,0.0,53282.15,53585.15,52783.45,53710.35,0,0.0,0.0,0.0,0.0,-0.01,-1,-1,-0.01,-1,-1,-0.01,-1,-1,-0.01,-1,-1,-0.01,-1,-1,-0.01,-1,-1,-0.01,-1,-1,-0.01,-1,-1,-0.01,-1,-1,-0.01,-1,-1
99926009,2026-05-18 13:25:19+05:30,53498.15,0,0.0,0,0.0,0.0,53282.15,53585.15,52783.45,53710.35,0,0.0,0.0,0.0,0.0,-0.01,-1,-1,-0.01,-1,-1,-0.01,-1,-1,-0.01,-1,-1,-0.01,-1,-1,-0.01,-1,-1,-0.01,-1,-1,-0.01,-1,-1,-0.01,-1,-1,-0.01,-1,-1
99926009,2026-05-18 13:25:20+05:30,53497.3,0,0.0,0,0.0,0.0,53282.15,53585.15,52783.45,53710.35,0,0.0,0.0,0.0,0.0,-0.01,-1,-1,-0.01,-1,-1,-0.01,-1,-1,-0.01,-1,-1,-0.01,-1,-1,-0.01,-1,-1,-0.01,-1,-1,-0.01,-1,-1,-0.01,-1,-1,-0.01,-1,-1
99926009,2026-05-18 13:25:20+05:30,53494.85,0,0.0,0,0.0,0.0,53282.15,53585.15,52783.45,53710.35,0,0.0,0.0,0.0,0.0,-0.01,-1,-1,-0.01,-1,-1,-0.01,-1,-1,-0.01,-1,-1,-0.01,-1,-1,-0.01,-1,-1,-0.01,-1,-1,-0.01,-1,-1,-0.01,-1,-1,-0.01,-1,-1
99926009,2026-05-18 13:25:21+05:30,53494.55,0,0.0,0,0.0,0.0,53282.15,53585.15,52783.45,53710.35,0,0.0,0.0,0.0,0.0,-0.01,-1,-1,-0.01,-1,-1,-0.01,-1,-1,-0.01,-1,-1,-0.01,-1,-1,-0.01,-1,-1,-0.01,-1,-1,-0.01,-1,-1,-0.01,-1,-1,-0.01,-1,-1
99926009,2026-05-18 13:25:21+05:30,53493.0,0,0.0,0,0.0,0.0,53282.15,53585.15,52783.45,53710.35,0,0.0,0.0,0.0,0.0,-0.01,-1,-1,-0.01,-1,-1,-0.01,-1,-1,-0.01,-1,-1,-0.01,-1,-1,-0.01,-1,-1,-0.01,-1,-1,-0.01,-1,-1,-0.01,-1,-1,-0.01,-1,-1
99926009,2026-05-18 13:25:22+05:30,53496.7,0,0.0,0,0.0,0.0,53282.15,53585.15,52783.45,53710.35,0,0.0,0.0,0.0,0.0,-0.01,-1,-1,-0.01,-1,-1,-0.01,-1,-1,-0.01,-1,-1,-0.01,-1,-1,-0.01,-1,-1,-0.01,-1,-1,-0.01,-1,-1,-0.01,-1,-1,-0.01,-1,-1
99926009,2026-05-18 13:25:22+05:30,53494.0,0,0.0,0,0.0,0.0,53282.15,53585.15,52783.45,53710.35,0,0.0,0.0,0.0,0.0,-0.01,-1,-1,-0.01,-1,-1,-0.01,-1,-1,-0.01,-1,-1,-0.01,-1,-1,-0.01,-1,-1,-0.01,-1,-1,-0.01,-1,-1,-0.01,-1,-1,-0.01,-1,-1
99926009,2026-05-18 13:25:23+05:30,53495.0,0,0.0,0,0.0,0.0,53282.15,53585.15,52783.45,53710.35,0,0.0,0.0,0.0,0.0,-0.01,-1,-1,-0.01,-1,-1,-0.01,-1,-1,-0.01,-1,-1,-0.01,-1,-1,-0.01,-1,-1,-0.01,-1,-1,-0.01,-1,-1,-0.01,-1,-1,-0.01,-1,-1
99926009,2026-05-18 13:25:23+05:30,53493.25,0,0.0,0,0.0,0.0,53282.15,53585.15,52783.45,53710.35,0,0.0,0.0,0.0,0.0,-0.01,-1,-1,-0.01,-1,-1,-0.01,-1,-1,-0.01,-1,-1,-0.01,-1,-1,-0.01,-1,-1,-0.01,-1,-1,-0.01,-1,-1,-0.01,-1,-1,-0.01,-1,-1
99926009,2026-05-18 13:25:24+05:30,53493.25,0,0.0,0,0.0,0.0,53282.15,53585.15,52783.45,53710.35,0,0.0,0.0,0.0,0.0,-0.01,-1,-1,-0.01,-1,-1,-0.01,-1,-1,-0.01,-1,-1,-0.01,-1,-1,-0.01,-1,-1,-0.01,-1,-1,-0.01,-1,-1,-0.01,-1,-1,-0.01,-1,-1
99926009,2026-05-18 13:25:24+05:30,53493.75,0,0.0,0,0.0,0.0,53282.15,53585.15,52783.45,53710.35,0,0.0,0.0,0.0,0.0,-0.01,-1,-1,-0.01,-1,-1,-0.01,-1,-1,-0.01,-1,-1,-0.01,-1,-1,-0.01,-1,-1,-0.01,-1,-1,-0.01,-1,-1,-0.01,-1,-1,-0.01,-1,-1
99926009,2026-05-18 13:25:25+05:30,53494.85,0,0.0,0,0.0,0.0,53282.15,53585.15,52783.45,53710.35,0,0.0,0.0,0.0,0.0,-0.01,-1,-1,-0.01,-1,-1,-0.01,-1,-1,-0.01,-1,-1,-0.01,-1,-1,-0.01,-1,-1,-0.01,-1,-1,-0.01,-1,-1,-0.01,-1,-1,-0.01,-1,-1
99926009,2026-05-18 13:25:25+05:30,53494.1,0,0.0,0,0.0,0.0,53282.15,53585.15,52783.45,53710.35,0,0.0,0.0,0.0,0.0,-0.01,-1,-1,-0.01,-1,-1,-0.01,-1,-1,-0.01,-1,-1,-0.01,-1,-1,-0.01,-1,-1,-0.01,-1,-1,-0.01,-1,-1,-0.01,-1,-1,-0.01,-1,-1
99926009,2026-05-18 13:25:26+05:30,53493.25,0,0.0,0,0.0,0.0,53282.15,53585.15,52783.45,53710.35,0,0.0,0.0,0.0,0.0,-0.01,-1,-1,-0.01,-1,-1,-0.01,-1,-1,-0.01,-1,-1,-0.01,-1,-1,-0.01,-1,-1,-0.01,-1,-1,-0.01,-1,-1,-0.01,-1,-1,-0.01,-1,-1
99926009,2026-05-18 13:25:26+05:30,53494.9,0,0.0,0,0.0,0.0,53282.15,53585.15,52783.45,53710.35,0,0.0,0.0,0.0,0.0,-0.01,-1,-1,-0.01,-1,-1,-0.01,-1,-1,-0.01,-1,-1,-0.01,-1,-1,-0.01,-1,-1,-0.01,-1,-1,-0.01,-1,-1,-0.01,-1,-1,-0.01,-1,-1
99926009,2026-05-18 13:25:27+05:30,53497.3,0,0.0,0,0.0,0.0,53282.15,53585.15,52783.45,53710.35,0,0.0,0.0,0.0,0.0,-0.01,-1,-1,-0.01,-1,-1,-0.01,-1,-1,-0.01,-1,-1,-0.01,-1,-1,-0.01,-1,-1,-0.01,-1,-1,-0.01,-1,-1,-0.01,-1,-1,-0.01,-1,-1
99926009,2026-05-18 13:25:27+05:30,53492.8,0,0.0,0,0.0,0.0,53282.15,53585.15,52783.45,53710.35,0,0.0,0.0,0.0,0.0,-0.01,-1,-1,-0.01,-1,-1,-0.01,-1,-1,-0.01,-1,-1,-0.01,-1,-1,-0.01,-1,-1,-0.01,-1,-1,-0.01,-1,-1,-0.01,-1,-1,-0.01,-1,-1
99926009,2026-05-18 13:25:28+05:30,53492.3,0,0.0,0,0.0,0.0,53282.15,53585.15,52783.45,53710.35,0,0.0,0.0,0.0,0.0,-0.01,-1,-1,-0.01,-1,-1,-0.01,-1,-1,-0.01,-1,-1,-0.01,-1,-1,-0.01,-1,-1,-0.01,-1,-1,-0.01,-1,-1,-0.01,-1,-1,-0.01,-1,-1
99926009,2026-05-18 13:25:28+05:30,53492.1,0,0.0,0,0.0,0.0,53282.15,53585.15,52783.45,53710.35,0,0.0,0.0,0.0,0.0,-0.01,-1,-1,-0.01,-1,-1,-0.01,-1,-1,-0.01,-1,-1,-0.01,-1,-1,-0.01,-1,-1,-0.01,-1,-1,-0.01,-1,-1,-0.01,-1,-1,-0.01,-1,-1
99926009,2026-05-18 13:25:29+05:30,53496.75,0,0.0,0,0.0,0.0,53282.15,53585.15,52783.45,53710.35,0,0.0,0.0,0.0,0.0,-0.01,-1,-1,-0.01,-1,-1,-0.01,-1,-1,-0.01,-1,-1,-0.01,-1,-1,-0.01,-1,-1,-0.01,-1,-1,-0.01,-1,-1,-0.01,-1,-1,-0.01,-1,-1
99926009,2026-05-18 13:25:29+05:30,53496.8,0,0.0,0,0.0,0.0,53282.15,53585.15,52783.45,53710.35,0,0.0,0.0,0.0,0.0,-0.01,-1,-1,-0.01,-1,-1,-0.01,-1,-1,-0.01,-1,-1,-0.01,-1,-1,-0.01,-1,-1,-0.01,-1,-1,-0.01,-1,-1,-0.01,-1,-1,-0.01,-1,-1
99926009,2026-05-18 13:25:30+05:30,53496.5,0,0.0,0,0.0,0.0,53282.15,53585.15,52783.45,53710.35,0,0.0,0.0,0.0,0.0,-0.01,-1,-1,-0.01,-1,-1,-0.01,-1,-1,-0.01,-1,-1,-0.01,-1,-1,-0.01,-1,-1,-0.01,-1,-1,-0.01,-1,-1,-0.01,-1,-1,-0.01,-1,-1
99926009,2026-05-18 13:25:30+05:30,53494.8,0,0.0,0,0.0,0.0,53282.15,53585.15,52783.45,53710.35,0,0.0,0.0,0.0,0.0,-0.01,-1,-1,-0.01,-1,-1,-0.01,-1,-1,-0.01,-1,-1,-0.01,-1,-1,-0.01,-1,-1,-0.01,-1,-1,-0.01,-1,-1,-0.01,-1,-1,-0.01,-1,-1
99926009,2026-05-18 13:25:31+05:30,53495.0,0,0.0,0,0.0,0.0,53282.15,53585.15,52783.45,53710.35,0,0.0,0.0,0.0,0.0,-0.01,-1,-1,-0.01,-1,-1,-0.01,-1,-1,-0.01,-1,-1,-0.01,-1,-1,-0.01,-1,-1,-0.01,-1,-1,-0.01,-1,-1,-0.01,-1,-1,-0.01,-1,-1
99926009,2026-05-18 13:25:31+05:30,53498.1,0,0.0,0,0.0,0.0,53282.15,53585.15,52783.45,53710.35,0,0.0,0.0,0.0,0.0,-0.01,-1,-1,-0.01,-1,-1,-0.01,-1,-1,-0.01,-1,-1,-0.01,-1,-1,-0.01,-1,-1,-0.01,-1,-1,-0.01,-1,-1,-0.01,-1,-1,-0.01,-1,-1
99926009,2026-05-18 13:25:32+05:30,53495.45,0,0.0,0,0.0,0.0,53282.15,53585.15,52783.45,53710.35,0,0.0,0.0,0.0,0.0,-0.01,-1,-1,-0.01,-1,-1,-0.01,-1,-1,-0.01,-1,-1,-0.01,-1,-1,-0.01,-1,-1,-0.01,-1,-1,-0.01,-1,-1,-0.01,-1,-1,-0.01,-1,-1
99926009,2026-05-18 13:25:32+05:30,53494.95,0,0.0,0,0.0,0.0,53282.15,53585.15,52783.45,53710.35,0,0.0,0.0,0.0,0.0,-0.01,-1,-1,-0.01,-1,-1,-0.01,-1,-1,-0.01,-1,-1,-0.01,-1,-1,-0.01,-1,-1,-0.01,-1,-1,-0.01,-1,-1,-0.01,-1,-1,-0.01,-1,-1
99926009,2026-05-18 13:25:33+05:30,53491.35,0,0.0,0,0.0,0.0,53282.15,53585.15,52783.45,53710.35,0,0.0,0.0,0.0,0.0,-0.01,-1,-1,-0.01,-1,-1,-0.01,-1,-1,-0.01,-1,-1,-0.01,-1,-1,-0.01,-1,-1,-0.01,-1,-1,-0.01,-1,-1,-0.01,-1,-1,-0.01,-1,-1
99926009,2026-05-18 13:25:33+05:30,53494.2,0,0.0,0,0.0,0.0,53282.15,53585.15,52783.45,53710.35,0,0.0,0.0,0.0,0.0,-0.01,-1,-1,-0.01,-1,-1,-0.01,-1,-1,-0.01,-1,-1,-0.01,-1,-1,-0.01,-1,-1,-0.01,-1,-1,-0.01,-1,-1,-0.01,-1,-1,-0.01,-1,-1
99926009,2026-05-18 13:25:34+05:30,53496.35,0,0.0,0,0.0,0.0,53282.15,53585.15,52783.45,53710.35,0,0.0,0.0,0.0,0.0,-0.01,-1,-1,-0.01,-1,-1,-0.01,-1,-1,-0.01,-1,-1,-0.01,-1,-1,-0.01,-1,-1,-0.01,-1,-1,-0.01,-1,-1,-0.01,-1,-1,-0.01,-1,-1
99926009,2026-05-18 13:25:34+05:30,53493.75,0,0.0,0,0.0,0.0,53282.15,53585.15,52783.45,53710.35,0,0.0,0.0,0.0,0.0,-0.01,-1,-1,-0.01,-1,-1,-0.01,-1,-1,-0.01,-1,-1,-0.01,-1,-1,-0.01,-1,-1,-0.01,-1,-1,-0.01,-1,-1,-0.01,-1,-1,-0.01,-1,-1
99926009,2026-05-18 13:25:35+05:30,53496.6,0,0.0,0,0.0,0.0,53282.15,53585.15,52783.45,53710.35,0,0.0,0.0,0.0,0.0,-0.01,-1,-1,-0.01,-1,-1,-0.01,-1,-1,-0.01,-1,-1,-0.01,-1,-1,-0.01,-1,-1,-0.01,-1,-1,-0.01,-1,-1,-0.01,-1,-1,-0.01,-1,-1
99926009,2026-05-18 13:25:35+05:30,53494.45,0,0.0,0,0.0,0.0,53282.15,53585.15,52783.45,53710.35,0,0.0,0.0,0.0,0.0,-0.01,-1,-1,-0.01,-1,-1,-0.01,-1,-1,-0.01,-1,-1,-0.01,-1,-1,-0.01,-1,-1,-0.01,-1,-1,-0.01,-1,-1,-0.01,-1,-1,-0.01,-1,-1
99926009,2026-05-18 13:25:36+05:30,53493.85,0,0.0,0,0.0,0.0,53282.15,53585.15,52783.45,53710.35,0,0.0,0.0,0.0,0.0,-0.01,-1,-1,-0.01,-1,-1,-0.01,-1,-1,-0.01,-1,-1,-0.01,-1,-1,-0.01,-1,-1,-0.01,-1,-1,-0.01,-1,-1,-0.01,-1,-1,-0.01,-1,-1
99926009,2026-05-18 13:25:36+05:30,53495.4,0,0.0,0,0.0,0.0,53282.15,53585.15,52783.45,53710.35,0,0.0,0.0,0.0,0.0,-0.01,-1,-1,-0.01,-1,-1,-0.01,-1,-1,-0.01,-1,-1,-0.01,-1,-1,-0.01,-1,-1,-0.01,-1,-1,-0.01,-1,-1,-0.01,-1,-1,-0.01,-1,-1
99926009,2026-05-18 13:25:37+05:30,53496.25,0,0.0,0,0.0,0.0,53282.15,53585.15,52783.45,53710.35,0,0.0,0.0,0.0,0.0,-0.01,-1,-1,-0.01,-1,-1,-0.01,-1,-1,-0.01,-1,-1,-0.01,-1,-1,-0.01,-1,-1,-0.01,-1,-1,-0.01,-1,-1,-0.01,-1,-1,-0.01,-1,-1
99926009,2026-05-18 13:25:37+05:30,53495.1,0,0.0,0,0.0,0.0,53282.15,53585.15,52783.45,53710.35,0,0.0,0.0,0.0,0.0,-0.01,-1,-1,-0.01,-1,-1,-0.01,-1,-1,-0.01,-1,-1,-0.01,-1,-1,-0.01,-1,-1,-0.01,-1,-1,-0.01,-1,-1,-0.01,-1,-1,-0.01,-1,-1
99926009,2026-05-18 13:25:38+05:30,53494.35,0,0.0,0,0.0,0.0,53282.15,53585.15,52783.45,53710.35,0,0.0,0.0,0.0,0.0,-0.01,-1,-1,-0.01,-1,-1,-0.01,-1,-1,-0.01,-1,-1,-0.01,-1,-1,-0.01,-1,-1,-0.01,-1,-1,-0.01,-1,-1,-0.01,-1,-1,-0.01,-1,-1
99926009,2026-05-18 13:25:38+05:30,53494.2,0,0.0,0,0.0,0.0,53282.15,53585.15,52783.45,53710.35,0,0.0,0.0,0.0,0.0,-0.01,-1,-1,-0.01,-1,-1,-0.01,-1,-1,-0.01,-1,-1,-0.01,-1,-1,-0.01,-1,-1,-0.01,-1,-1,-0.01,-1,-1,-0.01,-1,-1,-0.01,-1,-1
99926009,2026-05-18 13:25:39+05:30,53493.6,0,0.0,0,0.0,0.0,53282.15,53585.15,52783.45,53710.35,0,0.0,0.0,0.0,0.0,-0.01,-1,-1,-0.01,-1,-1,-0.01,-1,-1,-0.01,-1,-1,-0.01,-1,-1,-0.01,-1,-1,-0.01,-1,-1,-0.01,-1,-1,-0.01,-1,-1,-0.01,-1,-1
99926009,2026-05-18 13:25:39+05:30,53494.6,0,0.0,0,0.0,0.0,53282.15,53585.15,52783.45,53710.35,0,0.0,0.0,0.0,0.0,-0.01,-1,-1,-0.01,-1,-1,-0.01,-1,-1,-0.01,-1,-1,-0.01,-1,-1,-0.01,-1,-1,-0.01,-1,-1,-0.01,-1,-1,-0.01,-1,-1,-0.01,-1,-1
99926009,2026-05-18 13:25:40+05:30,53496.05,0,0.0,0,0.0,0.0,53282.15,53585.15,52783.45,53710.35,0,0.0,0.0,0.0,0.0,-0.01,-1,-1,-0.01,-1,-1,-0.01,-1,-1,-0.01,-1,-1,-0.01,-1,-1,-0.01,-1,-1,-0.01,-1,-1,-0.01,-1,-1,-0.01,-1,-1,-0.01,-1,-1
99926009,2026-05-18 13:25:40+05:30,53495.15,0,0.0,0,0.0,0.0,53282.15,53585.15,52783.45,53710.35,0,0.0,0.0,0.0,0.0,-0.01,-1,-1,-0.01,-1,-1,-0.01,-1,-1,-0.01,-1,-1,-0.01,-1,-1,-0.01,-1,-1,-0.01,-1,-1,-0.01,-1,-1,-0.01,-1,-1,-0.01,-1,-1
99926009,2026-05-18 13:25:41+05:30,53494.7,0,0.0,0,0.0,0.0,53282.15,53585.15,52783.45,53710.35,0,0.0,0.0,0.0,0.0,-0.01,-1,-1,-0.01,-1,-1,-0.01,-1,-1,-0.01,-1,-1,-0.01,-1,-1,-0.01,-1,-1,-0.01,-1,-1,-0.01,-1,-1,-0.01,-1,-1,-0.01,-1,-1
99926009,2026-05-18 13:25:41+05:30,53495.15,0,0.0,0,0.0,0.0,53282.15,53585.15,52783.45,53710.35,0,0.0,0.0,0.0,0.0,-0.01,-1,-1,-0.01,-1,-1,-0.01,-1,-1,-0.01,-1,-1,-0.01,-1,-1,-0.01,-1,-1,-0.01,-1,-1,-0.01,-1,-1,-0.01,-1,-1,-0.01,-1,-1
99926009,2026-05-18 13:25:42+05:30,53494.7,0,0.0,0,0.0,0.0,53282.15,53585.15,52783.45,53710.35,0,0.0,0.0,0.0,0.0,-0.01,-1,-1,-0.01,-1,-1,-0.01,-1,-1,-0.01,-1,-1,-0.01,-1,-1,-0.01,-1,-1,-0.01,-1,-1,-0.01,-1,-1,-0.01,-1,-1,-0.01,-1,-1
99926009,2026-05-18 13:25:42+05:30,53495.05,0,0.0,0,0.0,0.0,53282.15,53585.15,52783.45,53710.35,0,0.0,0.0,0.0,0.0,-0.01,-1,-1,-0.01,-1,-1,-0.01,-1,-1,-0.01,-1,-1,-0.01,-1,-1,-0.01,-1,-1,-0.01,-1,-1,-0.01,-1,-1,-0.01,-1,-1,-0.01,-1,-1
99926009,2026-05-18 13:25:43+05:30,53494.9,0,0.0,0,0.0,0.0,53282.15,53585.15,52783.45,53710.35,0,0.0,0.0,0.0,0.0,-0.01,-1,-1,-0.01,-1,-1,-0.01,-1,-1,-0.01,-1,-1,-0.01,-1,-1,-0.01,-1,-1,-0.01,-1,-1,-0.01,-1,-1,-0.01,-1,-1,-0.01,-1,-1
99926009,2026-05-18 13:25:43+05:30,53494.1,0,0.0,0,0.0,0.0,53282.15,53585.15,52783.45,53710.35,0,0.0,0.0,0.0,0.0,-0.01,-1,-1,-0.01,-1,-1,-0.01,-1,-1,-0.01,-1,-1,-0.01,-1,-1,-0.01,-1,-1,-0.01,-1,-1,-0.01,-1,-1,-0.01,-1,-1,-0.01,-1,-1
99926009,2026-05-18 13:25:44+05:30,53495.05,0,0.0,0,0.0,0.0,53282.15,53585.15,52783.45,53710.35,0,0.0,0.0,0.0,0.0,-0.01,-1,-1,-0.01,-1,-1,-0.01,-1,-1,-0.01,-1,-1,-0.01,-1,-1,-0.01,-1,-1,-0.01,-1,-1,-0.01,-1,-1,-0.01,-1,-1,-0.01,-1,-1
99926009,2026-05-18 13:25:44+05:30,53494.4,0,0.0,0,0.0,0.0,53282.15,53585.15,52783.45,53710.35,0,0.0,0.0,0.0,0.0,-0.01,-1,-1,-0.01,-1,-1,-0.01,-1,-1,-0.01,-1,-1,-0.01,-1,-1,-0.01,-1,-1,-0.01,-1,-1,-0.01,-1,-1,-0.01,-1,-1,-0.01,-1,-1
99926009,2026-05-18 13:25:45+05:30,53495.95,0,0.0,0,0.0,0.0,53282.15,53585.15,52783.45,53710.35,0,0.0,0.0,0.0,0.0,-0.01,-1,-1,-0.01,-1,-1,-0.01,-1,-1,-0.01,-1,-1,-0.01,-1,-1,-0.01,-1,-1,-0.01,-1,-1,-0.01,-1,-1,-0.01,-1,-1,-0.01,-1,-1
99926009,2026-05-18 13:25:45+05:30,53496.2,0,0.0,0,0.0,0.0,53282.15,53585.15,52783.45,53710.35,0,0.0,0.0,0.0,0.0,-0.01,-1,-1,-0.01,-1,-1,-0.01,-1,-1,-0.01,-1,-1,-0.01,-1,-1,-0.01,-1,-1,-0.01,-1,-1,-0.01,-1,-1,-0.01,-1,-1,-0.01,-1,-1
99926009,2026-05-18 13:25:46+05:30,53495.05,0,0.0,0,0.0,0.0,53282.15,53585.15,52783.45,53710.35,0,0.0,0.0,0.0,0.0,-0.01,-1,-1,-0.01,-1,-1,-0.01,-1,-1,-0.01,-1,-1,-0.01,-1,-1,-0.01,-1,-1,-0.01,-1,-1,-0.01,-1,-1,-0.01,-1,-1,-0.01,-1,-1
99926009,2026-05-18 13:25:46+05:30,53496.8,0,0.0,0,0.0,0.0,53282.15,53585.15,52783.45,53710.35,0,0.0,0.0,0.0,0.0,-0.01,-1,-1,-0.01,-1,-1,-0.01,-1,-1,-0.01,-1,-1,-0.01,-1,-1,-0.01,-1,-1,-0.01,-1,-1,-0.01,-1,-1,-0.01,-1,-1,-0.01,-1,-1
99926009,2026-05-18 13:25:47+05:30,53496.65,0,0.0,0,0.0,0.0,53282.15,53585.15,52783.45,53710.35,0,0.0,0.0,0.0,0.0,-0.01,-1,-1,-0.01,-1,-1,-0.01,-1,-1,-0.01,-1,-1,-0.01,-1,-1,-0.01,-1,-1,-0.01,-1,-1,-0.01,-1,-1,-0.01,-1,-1,-0.01,-1,-1
99926009,2026-05-18 13:25:47+05:30,53495.35,0,0.0,0,0.0,0.0,53282.15,53585.15,52783.45,53710.35,0,0.0,0.0,0.0,0.0,-0.01,-1,-1,-0.01,-1,-1,-0.01,-1,-1,-0.01,-1,-1,-0.01,-1,-1,-0.01,-1,-1,-0.01,-1,-1,-0.01,-1,-1,-0.01,-1,-1,-0.01,-1,-1
99926009,2026-05-18 13:25:48+05:30,53494.7,0,0.0,0,0.0,0.0,53282.15,53585.15,52783.45,53710.35,0,0.0,0.0,0.0,0.0,-0.01,-1,-1,-0.01,-1,-1,-0.01,-1,-1,-0.01,-1,-1,-0.01,-1,-1,-0.01,-1,-1,-0.01,-1,-1,-0.01,-1,-1,-0.01,-1,-1,-0.01,-1,-1
99926009,2026-05-18 13:25:48+05:30,53494.7,0,0.0,0,0.0,0.0,53282.15,53585.15,52783.45,53710.35,0,0.0,0.0,0.0,0.0,-0.01,-1,-1,-0.01,-1,-1,-0.01,-1,-1,-0.01,-1,-1,-0.01,-1,-1,-0.01,-1,-1,-0.01,-1,-1,-0.01,-1,-1,-0.01,-1,-1,-0.01,-1,-1
99926009,2026-05-18 13:25:49+05:30,53493.75,0,0.0,0,0.0,0.0,53282.15,53585.15,52783.45,53710.35,0,0.0,0.0,0.0,0.0,-0.01,-1,-1,-0.01,-1,-1,-0.01,-1,-1,-0.01,-1,-1,-0.01,-1,-1,-0.01,-1,-1,-0.01,-1,-1,-0.01,-1,-1,-0.01,-1,-1,-0.01,-1,-1
99926009,2026-05-18 13:25:49+05:30,53495.05,0,0.0,0,0.0,0.0,53282.15,53585.15,52783.45,53710.35,0,0.0,0.0,0.0,0.0,-0.01,-1,-1,-0.01,-1,-1,-0.01,-1,-1,-0.01,-1,-1,-0.01,-1,-1,-0.01,-1,-1,-0.01,-1,-1,-0.01,-1,-1,-0.01,-1,-1,-0.01,-1,-1
99926009,2026-05-18 13:25:50+05:30,53497.7,0,0.0,0,0.0,0.0,53282.15,53585.15,52783.45,53710.35,0,0.0,0.0,0.0,0.0,-0.01,-1,-1,-0.01,-1,-1,-0.01,-1,-1,-0.01,-1,-1,-0.01,-1,-1,-0.01,-1,-1,-0.01,-1,-1,-0.01,-1,-1,-0.01,-1,-1,-0.01,-1,-1
99926009,2026-05-18 13:25:50+05:30,53496.7,0,0.0,0,0.0,0.0,53282.15,53585.15,52783.45,53710.35,0,0.0,0.0,0.0,0.0,-0.01,-1,-1,-0.01,-1,-1,-0.01,-1,-1,-0.01,-1,-1,-0.01,-1,-1,-0.01,-1,-1,-0.01,-1,-1,-0.01,-1,-1,-0.01,-1,-1,-0.01,-1,-1
99926009,2026-05-18 13:25:51+05:30,53497.55,0,0.0,0,0.0,0.0,53282.15,53585.15,52783.45,53710.35,0,0.0,0.0,0.0,0.0,-0.01,-1,-1,-0.01,-1,-1,-0.01,-1,-1,-0.01,-1,-1,-0.01,-1,-1,-0.01,-1,-1,-0.01,-1,-1,-0.01,-1,-1,-0.01,-1,-1,-0.01,-1,-1
99926009,2026-05-18 13:25:51+05:30,53499.55,0,0.0,0,0.0,0.0,53282.15,53585.15,52783.45,53710.35,0,0.0,0.0,0.0,0.0,-0.01,-1,-1,-0.01,-1,-1,-0.01,-1,-1,-0.01,-1,-1,-0.01,-1,-1,-0.01,-1,-1,-0.01,-1,-1,-0.01,-1,-1,-0.01,-1,-1,-0.01,-1,-1
99926009,2026-05-18 13:25:52+05:30,53499.35,0,0.0,0,0.0,0.0,53282.15,53585.15,52783.45,53710.35,0,0.0,0.0,0.0,0.0,-0.01,-1,-1,-0.01,-1,-1,-0.01,-1,-1,-0.01,-1,-1,-0.01,-1,-1,-0.01,-1,-1,-0.01,-1,-1,-0.01,-1,-1,-0.01,-1,-1,-0.01,-1,-1
99926009,2026-05-18 13:25:52+05:30,53501.15,0,0.0,0,0.0,0.0,53282.15,53585.15,52783.45,53710.35,0,0.0,0.0,0.0,0.0,-0.01,-1,-1,-0.01,-1,-1,-0.01,-1,-1,-0.01,-1,-1,-0.01,-1,-1,-0.01,-1,-1,-0.01,-1,-1,-0.01,-1,-1,-0.01,-1,-1,-0.01,-1,-1
99926009,2026-05-18 13:25:53+05:30,53500.75,0,0.0,0,0.0,0.0,53282.15,53585.15,52783.45,53710.35,0,0.0,0.0,0.0,0.0,-0.01,-1,-1,-0.01,-1,-1,-0.01,-1,-1,-0.01,-1,-1,-0.01,-1,-1,-0.01,-1,-1,-0.01,-1,-1,-0.01,-1,-1,-0.01,-1,-1,-0.01,-1,-1
99926009,2026-05-18 13:25:53+05:30,53495.65,0,0.0,0,0.0,0.0,53282.15,53585.15,52783.45,53710.35,0,0.0,0.0,0.0,0.0,-0.01,-1,-1,-0.01,-1,-1,-0.01,-1,-1,-0.01,-1,-1,-0.01,-1,-1,-0.01,-1,-1,-0.01,-1,-1,-0.01,-1,-1,-0.01,-1,-1,-0.01,-1,-1
99926009,2026-05-18 13:25:54+05:30,53496.85,0,0.0,0,0.0,0.0,53282.15,53585.15,52783.45,53710.35,0,0.0,0.0,0.0,0.0,-0.01,-1,-1,-0.01,-1,-1,-0.01,-1,-1,-0.01,-1,-1,-0.01,-1,-1,-0.01,-1,-1,-0.01,-1,-1,-0.01,-1,-1,-0.01,-1,-1,-0.01,-1,-1
99926009,2026-05-18 13:25:54+05:30,53496.15,0,0.0,0,0.0,0.0,53282.15,53585.15,52783.45,53710.35,0,0.0,0.0,0.0,0.0,-0.01,-1,-1,-0.01,-1,-1,-0.01,-1,-1,-0.01,-1,-1,-0.01,-1,-1,-0.01,-1,-1,-0.01,-1,-1,-0.01,-1,-1,-0.01,-1,-1,-0.01,-1,-1
99926009,2026-05-18 13:25:55+05:30,53500.45,0,0.0,0,0.0,0.0,53282.15,53585.15,52783.45,53710.35,0,0.0,0.0,0.0,0.0,-0.01,-1,-1,-0.01,-1,-1,-0.01,-1,-1,-0.01,-1,-1,-0.01,-1,-1,-0.01,-1,-1,-0.01,-1,-1,-0.01,-1,-1,-0.01,-1,-1,-0.01,-1,-1
99926009,2026-05-18 13:25:55+05:30,53497.0,0,0.0,0,0.0,0.0,53282.15,53585.15,52783.45,53710.35,0,0.0,0.0,0.0,0.0,-0.01,-1,-1,-0.01,-1,-1,-0.01,-1,-1,-0.01,-1,-1,-0.01,-1,-1,-0.01,-1,-1,-0.01,-1,-1,-0.01,-1,-1,-0.01,-1,-1,-0.01,-1,-1
99926009,2026-05-18 13:25:56+05:30,53496.25,0,0.0,0,0.0,0.0,53282.15,53585.15,52783.45,53710.35,0,0.0,0.0,0.0,0.0,-0.01,-1,-1,-0.01,-1,-1,-0.01,-1,-1,-0.01,-1,-1,-0.01,-1,-1,-0.01,-1,-1,-0.01,-1,-1,-0.01,-1,-1,-0.01,-1,-1,-0.01,-1,-1
99926009,2026-05-18 13:25:56+05:30,53495.9,0,0.0,0,0.0,0.0,53282.15,53585.15,52783.45,53710.35,0,0.0,0.0,0.0,0.0,-0.01,-1,-1,-0.01,-1,-1,-0.01,-1,-1,-0.01,-1,-1,-0.01,-1,-1,-0.01,-1,-1,-0.01,-1,-1,-0.01,-1,-1,-0.01,-1,-1,-0.01,-1,-1
99926009,2026-05-18 13:25:57+05:30,53498.1,0,0.0,0,0.0,0.0,53282.15,53585.15,52783.45,53710.35,0,0.0,0.0,0.0,0.0,-0.01,-1,-1,-0.01,-1,-1,-0.01,-1,-1,-0.01,-1,-1,-0.01,-1,-1,-0.01,-1,-1,-0.01,-1,-1,-0.01,-1,-1,-0.01,-1,-1,-0.01,-1,-1
99926009,2026-05-18 13:25:57+05:30,53496.65,0,0.0,0,0.0,0.0,53282.15,53585.15,52783.45,53710.35,0,0.0,0.0,0.0,0.0,-0.01,-1,-1,-0.01,-1,-1,-0.01,-1,-1,-0.01,-1,-1,-0.01,-1,-1,-0.01,-1,-1,-0.01,-1,-1,-0.01,-1,-1,-0.01,-1,-1,-0.01,-1,-1
99926009,2026-05-18 13:25:58+05:30,53498.1,0,0.0,0,0.0,0.0,53282.15,53585.15,52783.45,53710.35,0,0.0,0.0,0.0,0.0,-0.01,-1,-1,-0.01,-1,-1,-0.01,-1,-1,-0.01,-1,-1,-0.01,-1,-1,-0.01,-1,-1,-0.01,-1,-1,-0.01,-1,-1,-0.01,-1,-1,-0.01,-1,-1
99926009,2026-05-18 13:25:58+05:30,53502.35,0,0.0,0,0.0,0.0,53282.15,53585.15,52783.45,53710.35,0,0.0,0.0,0.0,0.0,-0.01,-1,-1,-0.01,-1,-1,-0.01,-1,-1,-0.01,-1,-1,-0.01,-1,-1,-0.01,-1,-1,-0.01,-1,-1,-0.01,-1,-1,-0.01,-1,-1,-0.01,-1,-1
99926009,2026-05-18 13:25:59+05:30,53497.7,0,0.0,0,0.0,0.0,53282.15,53585.15,52783.45,53710.35,0,0.0,0.0,0.0,0.0,-0.01,-1,-1,-0.01,-1,-1,-0.01,-1,-1,-0.01,-1,-1,-0.01,-1,-1,-0.01,-1,-1,-0.01,-1,-1,-0.01,-1,-1,-0.01,-1,-1,-0.01,-1,-1
99926009,2026-05-18 13:25:59+05:30,53499.55,0,0.0,0,0.0,0.0,53282.15,53585.15,52783.45,53710.35,0,0.0,0.0,0.0,0.0,-0.01,-1,-1,-0.01,-1,-1,-0.01,-1,-1,-0.01,-1,-1,-0.01,-1,-1,-0.01,-1,-1,-0.01,-1,-1,-0.01,-1,-1,-0.01,-1,-1,-0.01,-1,-1
99926009,2026-05-18 13:26:00+05:30,53503.2,0,0.0,0,0.0,0.0,53282.15,53585.15,52783.45,53710.35,0,0.0,0.0,0.0,0.0,-0.01,-1,-1,-0.01,-1,-1,-0.01,-1,-1,-0.01,-1,-1,-0.01,-1,-1,-0.01,-1,-1,-0.01,-1,-1,-0.01,-1,-1,-0.01,-1,-1,-0.01,-1,-1
99926009,2026-05-18 13:26:00+05:30,53503.05,0,0.0,0,0.0,0.0,53282.15,53585.15,52783.45,53710.35,0,0.0,0.0,0.0,0.0,-0.01,-1,-1,-0.01,-1,-1,-0.01,-1,-1,-0.01,-1,-1,-0.01,-1,-1,-0.01,-1,-1,-0.01,-1,-1,-0.01,-1,-1,-0.01,-1,-1,-0.01,-1,-1
99926009,2026-05-18 13:26:01+05:30,53499.1,0,0.0,0,0.0,0.0,53282.15,53585.15,52783.45,53710.35,0,0.0,0.0,0.0,0.0,-0.01,-1,-1,-0.01,-1,-1,-0.01,-1,-1,-0.01,-1,-1,-0.01,-1,-1,-0.01,-1,-1,-0.01,-1,-1,-0.01,-1,-1,-0.01,-1,-1,-0.01,-1,-1
99926009,2026-05-18 13:26:01+05:30,53502.75,0,0.0,0,0.0,0.0,53282.15,53585.15,52783.45,53710.35,0,0.0,0.0,0.0,0.0,-0.01,-1,-1,-0.01,-1,-1,-0.01,-1,-1,-0.01,-1,-1,-0.01,-1,-1,-0.01,-1,-1,-0.01,-1,-1,-0.01,-1,-1,-0.01,-1,-1,-0.01,-1,-1
99926009,2026-05-18 13:26:02+05:30,53501.65,0,0.0,0,0.0,0.0,53282.15,53585.15,52783.45,53710.35,0,0.0,0.0,0.0,0.0,-0.01,-1,-1,-0.01,-1,-1,-0.01,-1,-1,-0.01,-1,-1,-0.01,-1,-1,-0.01,-1,-1,-0.01,-1,-1,-0.01,-1,-1,-0.01,-1,-1,-0.01,-1,-1
99926009,2026-05-18 13:26:02+05:30,53498.05,0,0.0,0,0.0,0.0,53282.15,53585.15,52783.45,53710.35,0,0.0,0.0,0.0,0.0,-0.01,-1,-1,-0.01,-1,-1,-0.01,-1,-1,-0.01,-1,-1,-0.01,-1,-1,-0.01,-1,-1,-0.01,-1,-1,-0.01,-1,-1,-0.01,-1,-1,-0.01,-1,-1
99926009,2026-05-18 13:26:03+05:30,53496.35,0,0.0,0,0.0,0.0,53282.15,53585.15,52783.45,53710.35,0,0.0,0.0,0.0,0.0,-0.01,-1,-1,-0.01,-1,-1,-0.01,-1,-1,-0.01,-1,-1,-0.01,-1,-1,-0.01,-1,-1,-0.01,-1,-1,-0.01,-1,-1,-0.01,-1,-1,-0.01,-1,-1
99926009,2026-05-18 13:26:03+05:30,53495.55,0,0.0,0,0.0,0.0,53282.15,53585.15,52783.45,53710.35,0,0.0,0.0,0.0,0.0,-0.01,-1,-1,-0.01,-1,-1,-0.01,-1,-1,-0.01,-1,-1,-0.01,-1,-1,-0.01,-1,-1,-0.01,-1,-1,-0.01,-1,-1,-0.01,-1,-1,-0.01,-1,-1
99926009,2026-05-18 13:26:04+05:30,53497.3,0,0.0,0,0.0,0.0,53282.15,53585.15,52783.45,53710.35,0,0.0,0.0,0.0,0.0,-0.01,-1,-1,-0.01,-1,-1,-0.01,-1,-1,-0.01,-1,-1,-0.01,-1,-1,-0.01,-1,-1,-0.01,-1,-1,-0.01,-1,-1,-0.01,-1,-1,-0.01,-1,-1
99926009,2026-05-18 13:26:04+05:30,53496.0,0,0.0,0,0.0,0.0,53282.15,53585.15,52783.45,53710.35,0,0.0,0.0,0.0,0.0,-0.01,-1,-1,-0.01,-1,-1,-0.01,-1,-1,-0.01,-1,-1,-0.01,-1,-1,-0.01,-1,-1,-0.01,-1,-1,-0.01,-1,-1,-0.01,-1,-1,-0.01,-1,-1
99926009,2026-05-18 13:26:05+05:30,53497.2,0,0.0,0,0.0,0.0,53282.15,53585.15,52783.45,53710.35,0,0.0,0.0,0.0,0.0,-0.01,-1,-1,-0.01,-1,-1,-0.01,-1,-1,-0.01,-1,-1,-0.01,-1,-1,-0.01,-1,-1,-0.01,-1,-1,-0.01,-1,-1,-0.01,-1,-1,-0.01,-1,-1
99926009,2026-05-18 13:26:05+05:30,53495.2,0,0.0,0,0.0,0.0,53282.15,53585.15,52783.45,53710.35,0,0.0,0.0,0.0,0.0,-0.01,-1,-1,-0.01,-1,-1,-0.01,-1,-1,-0.01,-1,-1,-0.01,-1,-1,-0.01,-1,-1,-0.01,-1,-1,-0.01,-1,-1,-0.01,-1,-1,-0.01,-1,-1
99926009,2026-05-18 13:26:06+05:30,53495.25,0,0.0,0,0.0,0.0,53282.15,53585.15,52783.45,53710.35,0,0.0,0.0,0.0,0.0,-0.01,-1,-1,-0.01,-1,-1,-0.01,-1,-1,-0.01,-1,-1,-0.01,-1,-1,-0.01,-1,-1,-0.01,-1,-1,-0.01,-1,-1,-0.01,-1,-1,-0.01,-1,-1
99926009,2026-05-18 13:26:06+05:30,53494.1,0,0.0,0,0.0,0.0,53282.15,53585.15,52783.45,53710.35,0,0.0,0.0,0.0,0.0,-0.01,-1,-1,-0.01,-1,-1,-0.01,-1,-1,-0.01,-1,-1,-0.01,-1,-1,-0.01,-1,-1,-0.01,-1,-1,-0.01,-1,-1,-0.01,-1,-1,-0.01,-1,-1
99926009,2026-05-18 13:26:07+05:30,53496.65,0,0.0,0,0.0,0.0,53282.15,53585.15,52783.45,53710.35,0,0.0,0.0,0.0,0.0,-0.01,-1,-1,-0.01,-1,-1,-0.01,-1,-1,-0.01,-1,-1,-0.01,-1,-1,-0.01,-1,-1,-0.01,-1,-1,-0.01,-1,-1,-0.01,-1,-1,-0.01,-1,-1
99926009,2026-05-18 13:26:07+05:30,53496.5,0,0.0,0,0.0,0.0,53282.15,53585.15,52783.45,53710.35,0,0.0,0.0,0.0,0.0,-0.01,-1,-1,-0.01,-1,-1,-0.01,-1,-1,-0.01,-1,-1,-0.01,-1,-1,-0.01,-1,-1,-0.01,-1,-1,-0.01,-1,-1,-0.01,-1,-1,-0.01,-1,-1
99926009,2026-05-18 13:26:08+05:30,53496.5,0,0.0,0,0.0,0.0,53282.15,53585.15,52783.45,53710.35,0,0.0,0.0,0.0,0.0,-0.01,-1,-1,-0.01,-1,-1,-0.01,-1,-1,-0.01,-1,-1,-0.01,-1,-1,-0.01,-1,-1,-0.01,-1,-1,-0.01,-1,-1,-0.01,-1,-1,-0.01,-1,-1
99926009,2026-05-18 13:26:08+05:30,53496.05,0,0.0,0,0.0,0.0,53282.15,53585.15,52783.45,53710.35,0,0.0,0.0,0.0,0.0,-0.01,-1,-1,-0.01,-1,-1,-0.01,-1,-1,-0.01,-1,-1,-0.01,-1,-1,-0.01,-1,-1,-0.01,-1,-1,-0.01,-1,-1,-0.01,-1,-1,-0.01,-1,-1
99926009,2026-05-18 13:26:09+05:30,53491.35,0,0.0,0,0.0,0.0,53282.15,53585.15,52783.45,53710.35,0,0.0,0.0,0.0,0.0,-0.01,-1,-1,-0.01,-1,-1,-0.01,-1,-1,-0.01,-1,-1,-0.01,-1,-1,-0.01,-1,-1,-0.01,-1,-1,-0.01,-1,-1,-0.01,-1,-1,-0.01,-1,-1
99926009,2026-05-18 13:26:09+05:30,53489.6,0,0.0,0,0.0,0.0,53282.15,53585.15,52783.45,53710.35,0,0.0,0.0,0.0,0.0,-0.01,-1,-1,-0.01,-1,-1,-0.01,-1,-1,-0.01,-1,-1,-0.01,-1,-1,-0.01,-1,-1,-0.01,-1,-1,-0.01,-1,-1,-0.01,-1,-1,-0.01,-1,-1
99926009,2026-05-18 13:26:10+05:30,53493.35,0,0.0,0,0.0,0.0,53282.15,53585.15,52783.45,53710.35,0,0.0,0.0,0.0,0.0,-0.01,-1,-1,-0.01,-1,-1,-0.01,-1,-1,-0.01,-1,-1,-0.01,-1,-1,-0.01,-1,-1,-0.01,-1,-1,-0.01,-1,-1,-0.01,-1,-1,-0.01,-1,-1
99926009,2026-05-18 13:26:10+05:30,53488.35,0,0.0,0,0.0,0.0,53282.15,53585.15,52783.45,53710.35,0,0.0,0.0,0.0,0.0,-0.01,-1,-1,-0.01,-1,-1,-0.01,-1,-1,-0.01,-1,-1,-0.01,-1,-1,-0.01,-1,-1,-0.01,-1,-1,-0.01,-1,-1,-0.01,-1,-1,-0.01,-1,-1
99926009,2026-05-18 13:26:11+05:30,53488.05,0,0.0,0,0.0,0.0,53282.15,53585.15,52783.45,53710.35,0,0.0,0.0,0.0,0.0,-0.01,-1,-1,-0.01,-1,-1,-0.01,-1,-1,-0.01,-1,-1,-0.01,-1,-1,-0.01,-1,-1,-0.01,-1,-1,-0.01,-1,-1,-0.01,-1,-1,-0.01,-1,-1
99926009,2026-05-18 13:26:11+05:30,53479.55,0,0.0,0,0.0,0.0,53282.15,53585.15,52783.45,53710.35,0,0.0,0.0,0.0,0.0,-0.01,-1,-1,-0.01,-1,-1,-0.01,-1,-1,-0.01,-1,-1,-0.01,-1,-1,-0.01,-1,-1,-0.01,-1,-1,-0.01,-1,-1,-0.01,-1,-1,-0.01,-1,-1
99926009,2026-05-18 13:26:12+05:30,53481.65,0,0.0,0,0.0,0.0,53282.15,53585.15,52783.45,53710.35,0,0.0,0.0,0.0,0.0,-0.01,-1,-1,-0.01,-1,-1,-0.01,-1,-1,-0.01,-1,-1,-0.01,-1,-1,-0.01,-1,-1,-0.01,-1,-1,-0.01,-1,-1,-0.01,-1,-1,-0.01,-1,-1
99926009,2026-05-18 13:26:12+05:30,53479.75,0,0.0,0,0.0,0.0,53282.15,53585.15,52783.45,53710.35,0,0.0,0.0,0.0,0.0,-0.01,-1,-1,-0.01,-1,-1,-0.01,-1,-1,-0.01,-1,-1,-0.01,-1,-1,-0.01,-1,-1,-0.01,-1,-1,-0.01,-1,-1,-0.01,-1,-1,-0.01,-1,-1
99926009,2026-05-18 13:26:13+05:30,53477.7,0,0.0,0,0.0,0.0,53282.15,53585.15,52783.45,53710.35,0,0.0,0.0,0.0,0.0,-0.01,-1,-1,-0.01,-1,-1,-0.01,-1,-1,-0.01,-1,-1,-0.01,-1,-1,-0.01,-1,-1,-0.01,-1,-1,-0.01,-1,-1,-0.01,-1,-1,-0.01,-1,-1
99926009,2026-05-18 13:26:13+05:30,53480.55,0,0.0,0,0.0,0.0,53282.15,53585.15,52783.45,53710.35,0,0.0,0.0,0.0,0.0,-0.01,-1,-1,-0.01,-1,-1,-0.01,-1,-1,-0.01,-1,-1,-0.01,-1,-1,-0.01,-1,-1,-0.01,-1,-1,-0.01,-1,-1,-0.01,-1,-1,-0.01,-1,-1
99926009,2026-05-18 13:26:14+05:30,53477.6,0,0.0,0,0.0,0.0,53282.15,53585.15,52783.45,53710.35,0,0.0,0.0,0.0,0.0,-0.01,-1,-1,-0.01,-1,-1,-0.01,-1,-1,-0.01,-1,-1,-0.01,-1,-1,-0.01,-1,-1,-0.01,-1,-1,-0.01,-1,-1,-0.01,-1,-1,-0.01,-1,-1
99926009,2026-05-18 13:26:14+05:30,53475.45,0,0.0,0,0.0,0.0,53282.15,53585.15,52783.45,53710.35,0,0.0,0.0,0.0,0.0,-0.01,-1,-1,-0.01,-1,-1,-0.01,-1,-1,-0.01,-1,-1,-0.01,-1,-1,-0.01,-1,-1,-0.01,-1,-1,-0.01,-1,-1,-0.01,-1,-1,-0.01,-1,-1
99926009,2026-05-18 13:26:15+05:30,53480.15,0,0.0,0,0.0,0.0,53282.15,53585.15,52783.45,53710.35,0,0.0,0.0,0.0,0.0,-0.01,-1,-1,-0.01,-1,-1,-0.01,-1,-1,-0.01,-1,-1,-0.01,-1,-1,-0.01,-1,-1,-0.01,-1,-1,-0.01,-1,-1,-0.01,-1,-1,-0.01,-1,-1
99926009,2026-05-18 13:26:15+05:30,53476.8,0,0.0,0,0.0,0.0,53282.15,53585.15,52783.45,53710.35,0,0.0,0.0,0.0,0.0,-0.01,-1,-1,-0.01,-1,-1,-0.01,-1,-1,-0.01,-1,-1,-0.01,-1,-1,-0.01,-1,-1,-0.01,-1,-1,-0.01,-1,-1,-0.01,-1,-1,-0.01,-1,-1
99926009,2026-05-18 13:26:16+05:30,53476.7,0,0.0,0,0.0,0.0,53282.15,53585.15,52783.45,53710.35,0,0.0,0.0,0.0,0.0,-0.01,-1,-1,-0.01,-1,-1,-0.01,-1,-1,-0.01,-1,-1,-0.01,-1,-1,-0.01,-1,-1,-0.01,-1,-1,-0.01,-1,-1,-0.01,-1,-1,-0.01,-1,-1
99926009,2026-05-18 13:26:16+05:30,53482.4,0,0.0,0,0.0,0.0,53282.15,53585.15,52783.45,53710.35,0,0.0,0.0,0.0,0.0,-0.01,-1,-1,-0.01,-1,-1,-0.01,-1,-1,-0.01,-1,-1,-0.01,-1,-1,-0.01,-1,-1,-0.01,-1,-1,-0.01,-1,-1,-0.01,-1,-1,-0.01,-1,-1
99926009,2026-05-18 13:26:17+05:30,53477.45,0,0.0,0,0.0,0.0,53282.15,53585.15,52783.45,53710.35,0,0.0,0.0,0.0,0.0,-0.01,-1,-1,-0.01,-1,-1,-0.01,-1,-1,-0.01,-1,-1,-0.01,-1,-1,-0.01,-1,-1,-0.01,-1,-1,-0.01,-1,-1,-0.01,-1,-1,-0.01,-1,-1
99926009,2026-05-18 13:26:17+05:30,53477.85,0,0.0,0,0.0,0.0,53282.15,53585.15,52783.45,53710.35,0,0.0,0.0,0.0,0.0,-0.01,-1,-1,-0.01,-1,-1,-0.01,-1,-1,-0.01,-1,-1,-0.01,-1,-1,-0.01,-1,-1,-0.01,-1,-1,-0.01,-1,-1,-0.01,-1,-1,-0.01,-1,-1
99926009,2026-05-18 13:26:18+05:30,53476.6,0,0.0,0,0.0,0.0,53282.15,53585.15,52783.45,53710.35,0,0.0,0.0,0.0,0.0,-0.01,-1,-1,-0.01,-1,-1,-0.01,-1,-1,-0.01,-1,-1,-0.01,-1,-1,-0.01,-1,-1,-0.01,-1,-1,-0.01,-1,-1,-0.01,-1,-1,-0.01,-1,-1
99926009,2026-05-18 13:26:18+05:30,53474.7,0,0.0,0,0.0,0.0,53282.15,53585.15,52783.45,53710.35,0,0.0,0.0,0.0,0.0,-0.01,-1,-1,-0.01,-1,-1,-0.01,-1,-1,-0.01,-1,-1,-0.01,-1,-1,-0.01,-1,-1,-0.01,-1,-1,-0.01,-1,-1,-0.01,-1,-1,-0.01,-1,-1
99926009,2026-05-18 13:26:19+05:30,53476.5,0,0.0,0,0.0,0.0,53282.15,53585.15,52783.45,53710.35,0,0.0,0.0,0.0,0.0,-0.01,-1,-1,-0.01,-1,-1,-0.01,-1,-1,-0.01,-1,-1,-0.01,-1,-1,-0.01,-1,-1,-0.01,-1,-1,-0.01,-1,-1,-0.01,-1,-1,-0.01,-1,-1
99926009,2026-05-18 13:26:19+05:30,53478.4,0,0.0,0,0.0,0.0,53282.15,53585.15,52783.45,53710.35,0,0.0,0.0,0.0,0.0,-0.01,-1,-1,-0.01,-1,-1,-0.01,-1,-1,-0.01,-1,-1,-0.01,-1,-1,-0.01,-1,-1,-0.01,-1,-1,-0.01,-1,-1,-0.01,-1,-1,-0.01,-1,-1
99926009,2026-05-18 13:26:20+05:30,53478.7,0,0.0,0,0.0,0.0,53282.15,53585.15,52783.45,53710.35,0,0.0,0.0,0.0,0.0,-0.01,-1,-1,-0.01,-1,-1,-0.01,-1,-1,-0.01,-1,-1,-0.01,-1,-1,-0.01,-1,-1,-0.01,-1,-1,-0.01,-1,-1,-0.01,-1,-1,-0.01,-1,-1
99926009,2026-05-18 13:26:20+05:30,53471.95,0,0.0,0,0.0,0.0,53282.15,53585.15,52783.45,53710.35,0,0.0,0.0,0.0,0.0,-0.01,-1,-1,-0.01,-1,-1,-0.01,-1,-1,-0.01,-1,-1,-0.01,-1,-1,-0.01,-1,-1,-0.01,-1,-1,-0.01,-1,-1,-0.01,-1,-1,-0.01,-1,-1
99926009,2026-05-18 13:26:21+05:30,53474.6,0,0.0,0,0.0,0.0,53282.15,53585.15,52783.45,53710.35,0,0.0,0.0,0.0,0.0,-0.01,-1,-1,-0.01,-1,-1,-0.01,-1,-1,-0.01,-1,-1,-0.01,-1,-1,-0.01,-1,-1,-0.01,-1,-1,-0.01,-1,-1,-0.01,-1,-1,-0.01,-1,-1
99926009,2026-05-18 13:26:21+05:30,53478.6,0,0.0,0,0.0,0.0,53282.15,53585.15,52783.45,53710.35,0,0.0,0.0,0.0,0.0,-0.01,-1,-1,-0.01,-1,-1,-0.01,-1,-1,-0.01,-1,-1,-0.01,-1,-1,-0.01,-1,-1,-0.01,-1,-1,-0.01,-1,-1,-0.01,-1,-1,-0.01,-1,-1
99926009,2026-05-18 13:26:22+05:30,53476.75,0,0.0,0,0.0,0.0,53282.15,53585.15,52783.45,53710.35,0,0.0,0.0,0.0,0.0,-0.01,-1,-1,-0.01,-1,-1,-0.01,-1,-1,-0.01,-1,-1,-0.01,-1,-1,-0.01,-1,-1,-0.01,-1,-1,-0.01,-1,-1,-0.01,-1,-1,-0.01,-1,-1
99926009,2026-05-18 13:26:22+05:30,53471.4,0,0.0,0,0.0,0.0,53282.15,53585.15,52783.45,53710.35,0,0.0,0.0,0.0,0.0,-0.01,-1,-1,-0.01,-1,-1,-0.01,-1,-1,-0.01,-1,-1,-0.01,-1,-1,-0.01,-1,-1,-0.01,-1,-1,-0.01,-1,-1,-0.01,-1,-1,-0.01,-1,-1
99926009,2026-05-18 13:26:23+05:30,53474.95,0,0.0,0,0.0,0.0,53282.15,53585.15,52783.45,53710.35,0,0.0,0.0,0.0,0.0,-0.01,-1,-1,-0.01,-1,-1,-0.01,-1,-1,-0.01,-1,-1,-0.01,-1,-1,-0.01,-1,-1,-0.01,-1,-1,-0.01,-1,-1,-0.01,-1,-1,-0.01,-1,-1
99926009,2026-05-18 13:26:23+05:30,53473.2,0,0.0,0,0.0,0.0,53282.15,53585.15,52783.45,53710.35,0,0.0,0.0,0.0,0.0,-0.01,-1,-1,-0.01,-1,-1,-0.01,-1,-1,-0.01,-1,-1,-0.01,-1,-1,-0.01,-1,-1,-0.01,-1,-1,-0.01,-1,-1,-0.01,-1,-1,-0.01,-1,-1
99926009,2026-05-18 13:26:24+05:30,53477.2,0,0.0,0,0.0,0.0,53282.15,53585.15,52783.45,53710.35,0,0.0,0.0,0.0,0.0,-0.01,-1,-1,-0.01,-1,-1,-0.01,-1,-1,-0.01,-1,-1,-0.01,-1,-1,-0.01,-1,-1,-0.01,-1,-1,-0.01,-1,-1,-0.01,-1,-1,-0.01,-1,-1
99926009,2026-05-18 13:26:24+05:30,53474.45,0,0.0,0,0.0,0.0,53282.15,53585.15,52783.45,53710.35,0,0.0,0.0,0.0,0.0,-0.01,-1,-1,-0.01,-1,-1,-0.01,-1,-1,-0.01,-1,-1,-0.01,-1,-1,-0.01,-1,-1,-0.01,-1,-1,-0.01,-1,-1,-0.01,-1,-1,-0.01,-1,-1
99926009,2026-05-18 13:26:25+05:30,53477.55,0,0.0,0,0.0,0.0,53282.15,53585.15,52783.45,53710.35,0,0.0,0.0,0.0,0.0,-0.01,-1,-1,-0.01,-1,-1,-0.01,-1,-1,-0.01,-1,-1,-0.01,-1,-1,-0.01,-1,-1,-0.01,-1,-1,-0.01,-1,-1,-0.01,-1,-1,-0.01,-1,-1
99926009,2026-05-18 13:26:25+05:30,53476.25,0,0.0,0,0.0,0.0,53282.15,53585.15,52783.45,53710.35,0,0.0,0.0,0.0,0.0,-0.01,-1,-1,-0.01,-1,-1,-0.01,-1,-1,-0.01,-1,-1,-0.01,-1,-1,-0.01,-1,-1,-0.01,-1,-1,-0.01,-1,-1,-0.01,-1,-1,-0.01,-1,-1
99926009,2026-05-18 13:26:26+05:30,53476.95,0,0.0,0,0.0,0.0,53282.15,53585.15,52783.45,53710.35,0,0.0,0.0,0.0,0.0,-0.01,-1,-1,-0.01,-1,-1,-0.01,-1,-1,-0.01,-1,-1,-0.01,-1,-1,-0.01,-1,-1,-0.01,-1,-1,-0.01,-1,-1,-0.01,-1,-1,-0.01,-1,-1
99926009,2026-05-18 13:26:26+05:30,53478.3,0,0.0,0,0.0,0.0,53282.15,53585.15,52783.45,53710.35,0,0.0,0.0,0.0,0.0,-0.01,-1,-1,-0.01,-1,-1,-0.01,-1,-1,-0.01,-1,-1,-0.01,-1,-1,-0.01,-1,-1,-0.01,-1,-1,-0.01,-1,-1,-0.01,-1,-1,-0.01,-1,-1
99926009,2026-05-18 13:26:27+05:30,53476.75,0,0.0,0,0.0,0.0,53282.15,53585.15,52783.45,53710.35,0,0.0,0.0,0.0,0.0,-0.01,-1,-1,-0.01,-1,-1,-0.01,-1,-1,-0.01,-1,-1,-0.01,-1,-1,-0.01,-1,-1,-0.01,-1,-1,-0.01,-1,-1,-0.01,-1,-1,-0.01,-1,-1
99926009,2026-05-18 13:26:27+05:30,53481.3,0,0.0,0,0.0,0.0,53282.15,53585.15,52783.45,53710.35,0,0.0,0.0,0.0,0.0,-0.01,-1,-1,-0.01,-1,-1,-0.01,-1,-1,-0.01,-1,-1,-0.01,-1,-1,-0.01,-1,-1,-0.01,-1,-1,-0.01,-1,-1,-0.01,-1,-1,-0.01,-1,-1
99926009,2026-05-18 13:26:28+05:30,53500.8,0,0.0,0,0.0,0.0,53282.15,53585.15,52783.45,53710.35,0,0.0,0.0,0.0,0.0,-0.01,-1,-1,-0.01,-1,-1,-0.01,-1,-1,-0.01,-1,-1,-0.01,-1,-1,-0.01,-1,-1,-0.01,-1,-1,-0.01,-1,-1,-0.01,-1,-1,-0.01,-1,-1
99926009,2026-05-18 13:26:28+05:30,53499.6,0,0.0,0,0.0,0.0,53282.15,53585.15,52783.45,53710.35,0,0.0,0.0,0.0,0.0,-0.01,-1,-1,-0.01,-1,-1,-0.01,-1,-1,-0.01,-1,-1,-0.01,-1,-1,-0.01,-1,-1,-0.01,-1,-1,-0.01,-1,-1,-0.01,-1,-1,-0.01,-1,-1
99926009,2026-05-18 13:26:29+05:30,53502.0,0,0.0,0,0.0,0.0,53282.15,53585.15,52783.45,53710.35,0,0.0,0.0,0.0,0.0,-0.01,-1,-1,-0.01,-1,-1,-0.01,-1,-1,-0.01,-1,-1,-0.01,-1,-1,-0.01,-1,-1,-0.01,-1,-1,-0.01,-1,-1,-0.01,-1,-1,-0.01,-1,-1
99926009,2026-05-18 13:26:29+05:30,53503.0,0,0.0,0,0.0,0.0,53282.15,53585.15,52783.45,53710.35,0,0.0,0.0,0.0,0.0,-0.01,-1,-1,-0.01,-1,-1,-0.01,-1,-1,-0.01,-1,-1,-0.01,-1,-1,-0.01,-1,-1,-0.01,-1,-1,-0.01,-1,-1,-0.01,-1,-1,-0.01,-1,-1
99926009,2026-05-18 13:26:30+05:30,53507.65,0,0.0,0,0.0,0.0,53282.15,53585.15,52783.45,53710.35,0,0.0,0.0,0.0,0.0,-0.01,-1,-1,-0.01,-1,-1,-0.01,-1,-1,-0.01,-1,-1,-0.01,-1,-1,-0.01,-1,-1,-0.01,-1,-1,-0.01,-1,-1,-0.01,-1,-1,-0.01,-1,-1
99926009,2026-05-18 13:26:30+05:30,53504.65,0,0.0,0,0.0,0.0,53282.15,53585.15,52783.45,53710.35,0,0.0,0.0,0.0,0.0,-0.01,-1,-1,-0.01,-1,-1,-0.01,-1,-1,-0.01,-1,-1,-0.01,-1,-1,-0.01,-1,-1,-0.01,-1,-1,-0.01,-1,-1,-0.01,-1,-1,-0.01,-1,-1
99926009,2026-05-18 13:26:31+05:30,53507.3,0,0.0,0,0.0,0.0,53282.15,53585.15,52783.45,53710.35,0,0.0,0.0,0.0,0.0,-0.01,-1,-1,-0.01,-1,-1,-0.01,-1,-1,-0.01,-1,-1,-0.01,-1,-1,-0.01,-1,-1,-0.01,-1,-1,-0.01,-1,-1,-0.01,-1,-1,-0.01,-1,-1
99926009,2026-05-18 13:26:31+05:30,53510.05,0,0.0,0,0.0,0.0,53282.15,53585.15,52783.45,53710.35,0,0.0,0.0,0.0,0.0,-0.01,-1,-1,-0.01,-1,-1,-0.01,-1,-1,-0.01,-1,-1,-0.01,-1,-1,-0.01,-1,-1,-0.01,-1,-1,-0.01,-1,-1,-0.01,-1,-1,-0.01,-1,-1
99926009,2026-05-18 13:26:32+05:30,53506.95,0,0.0,0,0.0,0.0,53282.15,53585.15,52783.45,53710.35,0,0.0,0.0,0.0,0.0,-0.01,-1,-1,-0.01,-1,-1,-0.01,-1,-1,-0.01,-1,-1,-0.01,-1,-1,-0.01,-1,-1,-0.01,-1,-1,-0.01,-1,-1,-0.01,-1,-1,-0.01,-1,-1
99926009,2026-05-18 13:26:32+05:30,53508.55,0,0.0,0,0.0,0.0,53282.15,53585.15,52783.45,53710.35,0,0.0,0.0,0.0,0.0,-0.01,-1,-1,-0.01,-1,-1,-0.01,-1,-1,-0.01,-1,-1,-0.01,-1,-1,-0.01,-1,-1,-0.01,-1,-1,-0.01,-1,-1,-0.01,-1,-1,-0.01,-1,-1
99926009,2026-05-18 13:26:33+05:30,53509.55,0,0.0,0,0.0,0.0,53282.15,53585.15,52783.45,53710.35,0,0.0,0.0,0.0,0.0,-0.01,-1,-1,-0.01,-1,-1,-0.01,-1,-1,-0.01,-1,-1,-0.01,-1,-1,-0.01,-1,-1,-0.01,-1,-1,-0.01,-1,-1,-0.01,-1,-1,-0.01,-1,-1
99926009,2026-05-18 13:26:33+05:30,53509.75,0,0.0,0,0.0,0.0,53282.15,53585.15,52783.45,53710.35,0,0.0,0.0,0.0,0.0,-0.01,-1,-1,-0.01,-1,-1,-0.01,-1,-1,-0.01,-1,-1,-0.01,-1,-1,-0.01,-1,-1,-0.01,-1,-1,-0.01,-1,-1,-0.01,-1,-1,-0.01,-1,-1
99926009,2026-05-18 13:26:34+05:30,53509.7,0,0.0,0,0.0,0.0,53282.15,53585.15,52783.45,53710.35,0,0.0,0.0,0.0,0.0,-0.01,-1,-1,-0.01,-1,-1,-0.01,-1,-1,-0.01,-1,-1,-0.01,-1,-1,-0.01,-1,-1,-0.01,-1,-1,-0.01,-1,-1,-0.01,-1,-1,-0.01,-1,-1
99926009,2026-05-18 13:26:34+05:30,53509.75,0,0.0,0,0.0,0.0,53282.15,53585.15,52783.45,53710.35,0,0.0,0.0,0.0,0.0,-0.01,-1,-1,-0.01,-1,-1,-0.01,-1,-1,-0.01,-1,-1,-0.01,-1,-1,-0.01,-1,-1,-0.01,-1,-1,-0.01,-1,-1,-0.01,-1,-1,-0.01,-1,-1
99926009,2026-05-18 13:26:35+05:30,53512.5,0,0.0,0,0.0,0.0,53282.15,53585.15,52783.45,53710.35,0,0.0,0.0,0.0,0.0,-0.01,-1,-1,-0.01,-1,-1,-0.01,-1,-1,-0.01,-1,-1,-0.01,-1,-1,-0.01,-1,-1,-0.01,-1,-1,-0.01,-1,-1,-0.01,-1,-1,-0.01,-1,-1
99926009,2026-05-18 13:26:35+05:30,53509.7,0,0.0,0,0.0,0.0,53282.15,53585.15,52783.45,53710.35,0,0.0,0.0,0.0,0.0,-0.01,-1,-1,-0.01,-1,-1,-0.01,-1,-1,-0.01,-1,-1,-0.01,-1,-1,-0.01,-1,-1,-0.01,-1,-1,-0.01,-1,-1,-0.01,-1,-1,-0.01,-1,-1
99926009,2026-05-18 13:26:36+05:30,53508.4,0,0.0,0,0.0,0.0,53282.15,53585.15,52783.45,53710.35,0,0.0,0.0,0.0,0.0,-0.01,-1,-1,-0.01,-1,-1,-0.01,-1,-1,-0.01,-1,-1,-0.01,-1,-1,-0.01,-1,-1,-0.01,-1,-1,-0.01,-1,-1,-0.01,-1,-1,-0.01,-1,-1
99926009,2026-05-18 13:26:36+05:30,53509.1,0,0.0,0,0.0,0.0,53282.15,53585.15,52783.45,53710.35,0,0.0,0.0,0.0,0.0,-0.01,-1,-1,-0.01,-1,-1,-0.01,-1,-1,-0.01,-1,-1,-0.01,-1,-1,-0.01,-1,-1,-0.01,-1,-1,-0.01,-1,-1,-0.01,-1,-1,-0.01,-1,-1
99926009,2026-05-18 13:26:37+05:30,53507.3,0,0.0,0,0.0,0.0,53282.15,53585.15,52783.45,53710.35,0,0.0,0.0,0.0,0.0,-0.01,-1,-1,-0.01,-1,-1,-0.01,-1,-1,-0.01,-1,-1,-0.01,-1,-1,-0.01,-1,-1,-0.01,-1,-1,-0.01,-1,-1,-0.01,-1,-1,-0.01,-1,-1
99926009,2026-05-18 13:26:37+05:30,53508.4,0,0.0,0,0.0,0.0,53282.15,53585.15,52783.45,53710.35,0,0.0,0.0,0.0,0.0,-0.01,-1,-1,-0.01,-1,-1,-0.01,-1,-1,-0.01,-1,-1,-0.01,-1,-1,-0.01,-1,-1,-0.01,-1,-1,-0.01,-1,-1,-0.01,-1,-1,-0.01,-1,-1
99926009,2026-05-18 13:26:38+05:30,53506.15,0,0.0,0,0.0,0.0,53282.15,53585.15,52783.45,53710.35,0,0.0,0.0,0.0,0.0,-0.01,-1,-1,-0.01,-1,-1,-0.01,-1,-1,-0.01,-1,-1,-0.01,-1,-1,-0.01,-1,-1,-0.01,-1,-1,-0.01,-1,-1,-0.01,-1,-1,-0.01,-1,-1
99926009,2026-05-18 13:26:38+05:30,53504.1,0,0.0,0,0.0,0.0,53282.15,53585.15,52783.45,53710.35,0,0.0,0.0,0.0,0.0,-0.01,-1,-1,-0.01,-1,-1,-0.01,-1,-1,-0.01,-1,-1,-0.01,-1,-1,-0.01,-1,-1,-0.01,-1,-1,-0.01,-1,-1,-0.01,-1,-1,-0.01,-1,-1
99926009,2026-05-18 13:26:39+05:30,53503.7,0,0.0,0,0.0,0.0,53282.15,53585.15,52783.45,53710.35,0,0.0,0.0,0.0,0.0,-0.01,-1,-1,-0.01,-1,-1,-0.01,-1,-1,-0.01,-1,-1,-0.01,-1,-1,-0.01,-1,-1,-0.01,-1,-1,-0.01,-1,-1,-0.01,-1,-1,-0.01,-1,-1
99926009,2026-05-18 13:26:39+05:30,53507.5,0,0.0,0,0.0,0.0,53282.15,53585.15,52783.45,53710.35,0,0.0,0.0,0.0,0.0,-0.01,-1,-1,-0.01,-1,-1,-0.01,-1,-1,-0.01,-1,-1,-0.01,-1,-1,-0.01,-1,-1,-0.01,-1,-1,-0.01,-1,-1,-0.01,-1,-1,-0.01,-1,-1
99926009,2026-05-18 13:26:40+05:30,53508.8,0,0.0,0,0.0,0.0,53282.15,53585.15,52783.45,53710.35,0,0.0,0.0,0.0,0.0,-0.01,-1,-1,-0.01,-1,-1,-0.01,-1,-1,-0.01,-1,-1,-0.01,-1,-1,-0.01,-1,-1,-0.01,-1,-1,-0.01,-1,-1,-0.01,-1,-1,-0.01,-1,-1
99926009,2026-05-18 13:26:40+05:30,53508.05,0,0.0,0,0.0,0.0,53282.15,53585.15,52783.45,53710.35,0,0.0,0.0,0.0,0.0,-0.01,-1,-1,-0.01,-1,-1,-0.01,-1,-1,-0.01,-1,-1,-0.01,-1,-1,-0.01,-1,-1,-0.01,-1,-1,-0.01,-1,-1,-0.01,-1,-1,-0.01,-1,-1
99926009,2026-05-18 13:26:41+05:30,53508.25,0,0.0,0,0.0,0.0,53282.15,53585.15,52783.45,53710.35,0,0.0,0.0,0.0,0.0,-0.01,-1,-1,-0.01,-1,-1,-0.01,-1,-1,-0.01,-1,-1,-0.01,-1,-1,-0.01,-1,-1,-0.01,-1,-1,-0.01,-1,-1,-0.01,-1,-1,-0.01,-1,-1
99926009,2026-05-18 13:26:41+05:30,53508.55,0,0.0,0,0.0,0.0,53282.15,53585.15,52783.45,53710.35,0,0.0,0.0,0.0,0.0,-0.01,-1,-1,-0.01,-1,-1,-0.01,-1,-1,-0.01,-1,-1,-0.01,-1,-1,-0.01,-1,-1,-0.01,-1,-1,-0.01,-1,-1,-0.01,-1,-1,-0.01,-1,-1
99926009,2026-05-18 13:26:42+05:30,53508.85,0,0.0,0,0.0,0.0,53282.15,53585.15,52783.45,53710.35,0,0.0,0.0,0.0,0.0,-0.01,-1,-1,-0.01,-1,-1,-0.01,-1,-1,-0.01,-1,-1,-0.01,-1,-1,-0.01,-1,-1,-0.01,-1,-1,-0.01,-1,-1,-0.01,-1,-1,-0.01,-1,-1
99926009,2026-05-18 13:26:42+05:30,53508.6,0,0.0,0,0.0,0.0,53282.15,53585.15,52783.45,53710.35,0,0.0,0.0,0.0,0.0,-0.01,-1,-1,-0.01,-1,-1,-0.01,-1,-1,-0.01,-1,-1,-0.01,-1,-1,-0.01,-1,-1,-0.01,-1,-1,-0.01,-1,-1,-0.01,-1,-1,-0.01,-1,-1
99926009,2026-05-18 13:26:43+05:30,53509.2,0,0.0,0,0.0,0.0,53282.15,53585.15,52783.45,53710.35,0,0.0,0.0,0.0,0.0,-0.01,-1,-1,-0.01,-1,-1,-0.01,-1,-1,-0.01,-1,-1,-0.01,-1,-1,-0.01,-1,-1,-0.01,-1,-1,-0.01,-1,-1,-0.01,-1,-1,-0.01,-1,-1
99926009,2026-05-18 13:26:43+05:30,53508.35,0,0.0,0,0.0,0.0,53282.15,53585.15,52783.45,53710.35,0,0.0,0.0,0.0,0.0,-0.01,-1,-1,-0.01,-1,-1,-0.01,-1,-1,-0.01,-1,-1,-0.01,-1,-1,-0.01,-1,-1,-0.01,-1,-1,-0.01,-1,-1,-0.01,-1,-1,-0.01,-1,-1
99926009,2026-05-18 13:26:44+05:30,53507.45,0,0.0,0,0.0,0.0,53282.15,53585.15,52783.45,53710.35,0,0.0,0.0,0.0,0.0,-0.01,-1,-1,-0.01,-1,-1,-0.01,-1,-1,-0.01,-1,-1,-0.01,-1,-1,-0.01,-1,-1,-0.01,-1,-1,-0.01,-1,-1,-0.01,-1,-1,-0.01,-1,-1
99926009,2026-05-18 13:26:44+05:30,53508.55,0,0.0,0,0.0,0.0,53282.15,53585.15,52783.45,53710.35,0,0.0,0.0,0.0,0.0,-0.01,-1,-1,-0.01,-1,-1,-0.01,-1,-1,-0.01,-1,-1,-0.01,-1,-1,-0.01,-1,-1,-0.01,-1,-1,-0.01,-1,-1,-0.01,-1,-1,-0.01,-1,-1
99926009,2026-05-18 13:26:45+05:30,53509.55,0,0.0,0,0.0,0.0,53282.15,53585.15,52783.45,53710.35,0,0.0,0.0,0.0,0.0,-0.01,-1,-1,-0.01,-1,-1,-0.01,-1,-1,-0.01,-1,-1,-0.01,-1,-1,-0.01,-1,-1,-0.01,-1,-1,-0.01,-1,-1,-0.01,-1,-1,-0.01,-1,-1
99926009,2026-05-18 13:26:45+05:30,53509.4,0,0.0,0,0.0,0.0,53282.15,53585.15,52783.45,53710.35,0,0.0,0.0,0.0,0.0,-0.01,-1,-1,-0.01,-1,-1,-0.01,-1,-1,-0.01,-1,-1,-0.01,-1,-1,-0.01,-1,-1,-0.01,-1,-1,-0.01,-1,-1,-0.01,-1,-1,-0.01,-1,-1
99926009,2026-05-18 13:26:46+05:30,53508.3,0,0.0,0,0.0,0.0,53282.15,53585.15,52783.45,53710.35,0,0.0,0.0,0.0,0.0,-0.01,-1,-1,-0.01,-1,-1,-0.01,-1,-1,-0.01,-1,-1,-0.01,-1,-1,-0.01,-1,-1,-0.01,-1,-1,-0.01,-1,-1,-0.01,-1,-1,-0.01,-1,-1
99926009,2026-05-18 13:26:46+05:30,53509.25,0,0.0,0,0.0,0.0,53282.15,53585.15,52783.45,53710.35,0,0.0,0.0,0.0,0.0,-0.01,-1,-1,-0.01,-1,-1,-0.01,-1,-1,-0.01,-1,-1,-0.01,-1,-1,-0.01,-1,-1,-0.01,-1,-1,-0.01,-1,-1,-0.01,-1,-1,-0.01,-1,-1
99926009,2026-05-18 13:26:47+05:30,53512.05,0,0.0,0,0.0,0.0,53282.15,53585.15,52783.45,53710.35,0,0.0,0.0,0.0,0.0,-0.01,-1,-1,-0.01,-1,-1,-0.01,-1,-1,-0.01,-1,-1,-0.01,-1,-1,-0.01,-1,-1,-0.01,-1,-1,-0.01,-1,-1,-0.01,-1,-1,-0.01,-1,-1
99926009,2026-05-18 13:26:47+05:30,53509.2,0,0.0,0,0.0,0.0,53282.15,53585.15,52783.45,53710.35,0,0.0,0.0,0.0,0.0,-0.01,-1,-1,-0.01,-1,-1,-0.01,-1,-1,-0.01,-1,-1,-0.01,-1,-1,-0.01,-1,-1,-0.01,-1,-1,-0.01,-1,-1,-0.01,-1,-1,-0.01,-1,-1
99926009,2026-05-18 13:26:48+05:30,53510.0,0,0.0,0,0.0,0.0,53282.15,53585.15,52783.45,53710.35,0,0.0,0.0,0.0,0.0,-0.01,-1,-1,-0.01,-1,-1,-0.01,-1,-1,-0.01,-1,-1,-0.01,-1,-1,-0.01,-1,-1,-0.01,-1,-1,-0.01,-1,-1,-0.01,-1,-1,-0.01,-1,-1
99926009,2026-05-18 13:26:48+05:30,53510.8,0,0.0,0,0.0,0.0,53282.15,53585.15,52783.45,53710.35,0,0.0,0.0,0.0,0.0,-0.01,-1,-1,-0.01,-1,-1,-0.01,-1,-1,-0.01,-1,-1,-0.01,-1,-1,-0.01,-1,-1,-0.01,-1,-1,-0.01,-1,-1,-0.01,-1,-1,-0.01,-1,-1
99926009,2026-05-18 13:26:49+05:30,53512.3,0,0.0,0,0.0,0.0,53282.15,53585.15,52783.45,53710.35,0,0.0,0.0,0.0,0.0,-0.01,-1,-1,-0.01,-1,-1,-0.01,-1,-1,-0.01,-1,-1,-0.01,-1,-1,-0.01,-1,-1,-0.01,-1,-1,-0.01,-1,-1,-0.01,-1,-1,-0.01,-1,-1
99926009,2026-05-18 13:26:49+05:30,53511.75,0,0.0,0,0.0,0.0,53282.15,53585.15,52783.45,53710.35,0,0.0,0.0,0.0,0.0,-0.01,-1,-1,-0.01,-1,-1,-0.01,-1,-1,-0.01,-1,-1,-0.01,-1,-1,-0.01,-1,-1,-0.01,-1,-1,-0.01,-1,-1,-0.01,-1,-1,-0.01,-1,-1
99926009,2026-05-18 13:26:50+05:30,53513.45,0,0.0,0,0.0,0.0,53282.15,53585.15,52783.45,53710.35,0,0.0,0.0,0.0,0.0,-0.01,-1,-1,-0.01,-1,-1,-0.01,-1,-1,-0.01,-1,-1,-0.01,-1,-1,-0.01,-1,-1,-0.01,-1,-1,-0.01,-1,-1,-0.01,-1,-1,-0.01,-1,-1
99926009,2026-05-18 13:26:50+05:30,53513.75,0,0.0,0,0.0,0.0,53282.15,53585.15,52783.45,53710.35,0,0.0,0.0,0.0,0.0,-0.01,-1,-1,-0.01,-1,-1,-0.01,-1,-1,-0.01,-1,-1,-0.01,-1,-1,-0.01,-1,-1,-0.01,-1,-1,-0.01,-1,-1,-0.01,-1,-1,-0.01,-1,-1
99926009,2026-05-18 13:26:51+05:30,53508.05,0,0.0,0,0.0,0.0,53282.15,53585.15,52783.45,53710.35,0,0.0,0.0,0.0,0.0,-0.01,-1,-1,-0.01,-1,-1,-0.01,-1,-1,-0.01,-1,-1,-0.01,-1,-1,-0.01,-1,-1,-0.01,-1,-1,-0.01,-1,-1,-0.01,-1,-1,-0.01,-1,-1
99926009,2026-05-18 13:26:51+05:30,53511.9,0,0.0,0,0.0,0.0,53282.15,53585.15,52783.45,53710.35,0,0.0,0.0,0.0,0.0,-0.01,-1,-1,-0.01,-1,-1,-0.01,-1,-1,-0.01,-1,-1,-0.01,-1,-1,-0.01,-1,-1,-0.01,-1,-1,-0.01,-1,-1,-0.01,-1,-1,-0.01,-1,-1
99926009,2026-05-18 13:26:52+05:30,53511.4,0,0.0,0,0.0,0.0,53282.15,53585.15,52783.45,53710.35,0,0.0,0.0,0.0,0.0,-0.01,-1,-1,-0.01,-1,-1,-0.01,-1,-1,-0.01,-1,-1,-0.01,-1,-1,-0.01,-1,-1,-0.01,-1,-1,-0.01,-1,-1,-0.01,-1,-1,-0.01,-1,-1
99926009,2026-05-18 13:26:52+05:30,53513.1,0,0.0,0,0.0,0.0,53282.15,53585.15,52783.45,53710.35,0,0.0,0.0,0.0,0.0,-0.01,-1,-1,-0.01,-1,-1,-0.01,-1,-1,-0.01,-1,-1,-0.01,-1,-1,-0.01,-1,-1,-0.01,-1,-1,-0.01,-1,-1,-0.01,-1,-1,-0.01,-1,-1
99926009,2026-05-18 13:26:53+05:30,53515.4,0,0.0,0,0.0,0.0,53282.15,53585.15,52783.45,53710.35,0,0.0,0.0,0.0,0.0,-0.01,-1,-1,-0.01,-1,-1,-0.01,-1,-1,-0.01,-1,-1,-0.01,-1,-1,-0.01,-1,-1,-0.01,-1,-1,-0.01,-1,-1,-0.01,-1,-1,-0.01,-1,-1
99926009,2026-05-18 13:26:53+05:30,53514.75,0,0.0,0,0.0,0.0,53282.15,53585.15,52783.45,53710.35,0,0.0,0.0,0.0,0.0,-0.01,-1,-1,-0.01,-1,-1,-0.01,-1,-1,-0.01,-1,-1,-0.01,-1,-1,-0.01,-1,-1,-0.01,-1,-1,-0.01,-1,-1,-0.01,-1,-1,-0.01,-1,-1
99926009,2026-05-18 13:26:54+05:30,53509.3,0,0.0,0,0.0,0.0,53282.15,53585.15,52783.45,53710.35,0,0.0,0.0,0.0,0.0,-0.01,-1,-1,-0.01,-1,-1,-0.01,-1,-1,-0.01,-1,-1,-0.01,-1,-1,-0.01,-1,-1,-0.01,-1,-1,-0.01,-1,-1,-0.01,-1,-1,-0.01,-1,-1
99926009,2026-05-18 13:26:54+05:30,53513.0,0,0.0,0,0.0,0.0,53282.15,53585.15,52783.45,53710.35,0,0.0,0.0,0.0,0.0,-0.01,-1,-1,-0.01,-1,-1,-0.01,-1,-1,-0.01,-1,-1,-0.01,-1,-1,-0.01,-1,-1,-0.01,-1,-1,-0.01,-1,-1,-0.01,-1,-1,-0.01,-1,-1
99926009,2026-05-18 13:26:55+05:30,53514.75,0,0.0,0,0.0,0.0,53282.15,53585.15,52783.45,53710.35,0,0.0,0.0,0.0,0.0,-0.01,-1,-1,-0.01,-1,-1,-0.01,-1,-1,-0.01,-1,-1,-0.01,-1,-1,-0.01,-1,-1,-0.01,-1,-1,-0.01,-1,-1,-0.01,-1,-1,-0.01,-1,-1
99926009,2026-05-18 13:26:55+05:30,53513.9,0,0.0,0,0.0,0.0,53282.15,53585.15,52783.45,53710.35,0,0.0,0.0,0.0,0.0,-0.01,-1,-1,-0.01,-1,-1,-0.01,-1,-1,-0.01,-1,-1,-0.01,-1,-1,-0.01,-1,-1,-0.01,-1,-1,-0.01,-1,-1,-0.01,-1,-1,-0.01,-1,-1
99926009,2026-05-18 13:26:56+05:30,53512.75,0,0.0,0,0.0,0.0,53282.15,53585.15,52783.45,53710.35,0,0.0,0.0,0.0,0.0,-0.01,-1,-1,-0.01,-1,-1,-0.01,-1,-1,-0.01,-1,-1,-0.01,-1,-1,-0.01,-1,-1,-0.01,-1,-1,-0.01,-1,-1,-0.01,-1,-1,-0.01,-1,-1
99926009,2026-05-18 13:26:56+05:30,53513.95,0,0.0,0,0.0,0.0,53282.15,53585.15,52783.45,53710.35,0,0.0,0.0,0.0,0.0,-0.01,-1,-1,-0.01,-1,-1,-0.01,-1,-1,-0.01,-1,-1,-0.01,-1,-1,-0.01,-1,-1,-0.01,-1,-1,-0.01,-1,-1,-0.01,-1,-1,-0.01,-1,-1
99926009,2026-05-18 13:26:57+05:30,53515.35,0,0.0,0,0.0,0.0,53282.15,53585.15,52783.45,53710.35,0,0.0,0.0,0.0,0.0,-0.01,-1,-1,-0.01,-1,-1,-0.01,-1,-1,-0.01,-1,-1,-0.01,-1,-1,-0.01,-1,-1,-0.01,-1,-1,-0.01,-1,-1,-0.01,-1,-1,-0.01,-1,-1
99926009,2026-05-18 13:26:57+05:30,53515.3,0,0.0,0,0.0,0.0,53282.15,53585.15,52783.45,53710.35,0,0.0,0.0,0.0,0.0,-0.01,-1,-1,-0.01,-1,-1,-0.01,-1,-1,-0.01,-1,-1,-0.01,-1,-1,-0.01,-1,-1,-0.01,-1,-1,-0.01,-1,-1,-0.01,-1,-1,-0.01,-1,-1
99926009,2026-05-18 13:26:58+05:30,53514.7,0,0.0,0,0.0,0.0,53282.15,53585.15,52783.45,53710.35,0,0.0,0.0,0.0,0.0,-0.01,-1,-1,-0.01,-1,-1,-0.01,-1,-1,-0.01,-1,-1,-0.01,-1,-1,-0.01,-1,-1,-0.01,-1,-1,-0.01,-1,-1,-0.01,-1,-1,-0.01,-1,-1
99926009,2026-05-18 13:26:58+05:30,53515.05,0,0.0,0,0.0,0.0,53282.15,53585.15,52783.45,53710.35,0,0.0,0.0,0.0,0.0,-0.01,-1,-1,-0.01,-1,-1,-0.01,-1,-1,-0.01,-1,-1,-0.01,-1,-1,-0.01,-1,-1,-0.01,-1,-1,-0.01,-1,-1,-0.01,-1,-1,-0.01,-1,-1
99926009,2026-05-18 13:26:59+05:30,53515.85,0,0.0,0,0.0,0.0,53282.15,53585.15,52783.45,53710.35,0,0.0,0.0,0.0,0.0,-0.01,-1,-1,-0.01,-1,-1,-0.01,-1,-1,-0.01,-1,-1,-0.01,-1,-1,-0.01,-1,-1,-0.01,-1,-1,-0.01,-1,-1,-0.01,-1,-1,-0.01,-1,-1
99926009,2026-05-18 13:26:59+05:30,53515.65,0,0.0,0,0.0,0.0,53282.15,53585.15,52783.45,53710.35,0,0.0,0.0,0.0,0.0,-0.01,-1,-1,-0.01,-1,-1,-0.01,-1,-1,-0.01,-1,-1,-0.01,-1,-1,-0.01,-1,-1,-0.01,-1,-1,-0.01,-1,-1,-0.01,-1,-1,-0.01,-1,-1
99926009,2026-05-18 13:27:00+05:30,53517.2,0,0.0,0,0.0,0.0,53282.15,53585.15,52783.45,53710.35,0,0.0,0.0,0.0,0.0,-0.01,-1,-1,-0.01,-1,-1,-0.01,-1,-1,-0.01,-1,-1,-0.01,-1,-1,-0.01,-1,-1,-0.01,-1,-1,-0.01,-1,-1,-0.01,-1,-1,-0.01,-1,-1
99926009,2026-05-18 13:27:00+05:30,53517.45,0,0.0,0,0.0,0.0,53282.15,53585.15,52783.45,53710.35,0,0.0,0.0,0.0,0.0,-0.01,-1,-1,-0.01,-1,-1,-0.01,-1,-1,-0.01,-1,-1,-0.01,-1,-1,-0.01,-1,-1,-0.01,-1,-1,-0.01,-1,-1,-0.01,-1,-1,-0.01,-1,-1
99926009,2026-05-18 13:27:01+05:30,53514.85,0,0.0,0,0.0,0.0,53282.15,53585.15,52783.45,53710.35,0,0.0,0.0,0.0,0.0,-0.01,-1,-1,-0.01,-1,-1,-0.01,-1,-1,-0.01,-1,-1,-0.01,-1,-1,-0.01,-1,-1,-0.01,-1,-1,-0.01,-1,-1,-0.01,-1,-1,-0.01,-1,-1
99926009,2026-05-18 13:27:01+05:30,53514.05,0,0.0,0,0.0,0.0,53282.15,53585.15,52783.45,53710.35,0,0.0,0.0,0.0,0.0,-0.01,-1,-1,-0.01,-1,-1,-0.01,-1,-1,-0.01,-1,-1,-0.01,-1,-1,-0.01,-1,-1,-0.01,-1,-1,-0.01,-1,-1,-0.01,-1,-1,-0.01,-1,-1
99926009,2026-05-18 13:27:02+05:30,53513.7,0,0.0,0,0.0,0.0,53282.15,53585.15,52783.45,53710.35,0,0.0,0.0,0.0,0.0,-0.01,-1,-1,-0.01,-1,-1,-0.01,-1,-1,-0.01,-1,-1,-0.01,-1,-1,-0.01,-1,-1,-0.01,-1,-1,-0.01,-1,-1,-0.01,-1,-1,-0.01,-1,-1
99926009,2026-05-18 13:27:02+05:30,53514.55,0,0.0,0,0.0,0.0,53282.15,53585.15,52783.45,53710.35,0,0.0,0.0,0.0,0.0,-0.01,-1,-1,-0.01,-1,-1,-0.01,-1,-1,-0.01,-1,-1,-0.01,-1,-1,-0.01,-1,-1,-0.01,-1,-1,-0.01,-1,-1,-0.01,-1,-1,-0.01,-1,-1
99926009,2026-05-18 13:27:03+05:30,53513.95,0,0.0,0,0.0,0.0,53282.15,53585.15,52783.45,53710.35,0,0.0,0.0,0.0,0.0,-0.01,-1,-1,-0.01,-1,-1,-0.01,-1,-1,-0.01,-1,-1,-0.01,-1,-1,-0.01,-1,-1,-0.01,-1,-1,-0.01,-1,-1,-0.01,-1,-1,-0.01,-1,-1
99926009,2026-05-18 13:27:03+05:30,53514.55,0,0.0,0,0.0,0.0,53282.15,53585.15,52783.45,53710.35,0,0.0,0.0,0.0,0.0,-0.01,-1,-1,-0.01,-1,-1,-0.01,-1,-1,-0.01,-1,-1,-0.01,-1,-1,-0.01,-1,-1,-0.01,-1,-1,-0.01,-1,-1,-0.01,-1,-1,-0.01,-1,-1
99926009,2026-05-18 13:27:04+05:30,53511.8,0,0.0,0,0.0,0.0,53282.15,53585.15,52783.45,53710.35,0,0.0,0.0,0.0,0.0,-0.01,-1,-1,-0.01,-1,-1,-0.01,-1,-1,-0.01,-1,-1,-0.01,-1,-1,-0.01,-1,-1,-0.01,-1,-1,-0.01,-1,-1,-0.01,-1,-1,-0.01,-1,-1
99926009,2026-05-18 13:27:04+05:30,53512.95,0,0.0,0,0.0,0.0,53282.15,53585.15,52783.45,53710.35,0,0.0,0.0,0.0,0.0,-0.01,-1,-1,-0.01,-1,-1,-0.01,-1,-1,-0.01,-1,-1,-0.01,-1,-1,-0.01,-1,-1,-0.01,-1,-1,-0.01,-1,-1,-0.01,-1,-1,-0.01,-1,-1
99926009,2026-05-18 13:27:05+05:30,53514.5,0,0.0,0,0.0,0.0,53282.15,53585.15,52783.45,53710.35,0,0.0,0.0,0.0,0.0,-0.01,-1,-1,-0.01,-1,-1,-0.01,-1,-1,-0.01,-1,-1,-0.01,-1,-1,-0.01,-1,-1,-0.01,-1,-1,-0.01,-1,-1,-0.01,-1,-1,-0.01,-1,-1
99926009,2026-05-18 13:27:05+05:30,53506.55,0,0.0,0,0.0,0.0,53282.15,53585.15,52783.45,53710.35,0,0.0,0.0,0.0,0.0,-0.01,-1,-1,-0.01,-1,-1,-0.01,-1,-1,-0.01,-1,-1,-0.01,-1,-1,-0.01,-1,-1,-0.01,-1,-1,-0.01,-1,-1,-0.01,-1,-1,-0.01,-1,-1
99926009,2026-05-18 13:27:06+05:30,53508.9,0,0.0,0,0.0,0.0,53282.15,53585.15,52783.45,53710.35,0,0.0,0.0,0.0,0.0,-0.01,-1,-1,-0.01,-1,-1,-0.01,-1,-1,-0.01,-1,-1,-0.01,-1,-1,-0.01,-1,-1,-0.01,-1,-1,-0.01,-1,-1,-0.01,-1,-1,-0.01,-1,-1
99926009,2026-05-18 13:27:06+05:30,53510.3,0,0.0,0,0.0,0.0,53282.15,53585.15,52783.45,53710.35,0,0.0,0.0,0.0,0.0,-0.01,-1,-1,-0.01,-1,-1,-0.01,-1,-1,-0.01,-1,-1,-0.01,-1,-1,-0.01,-1,-1,-0.01,-1,-1,-0.01,-1,-1,-0.01,-1,-1,-0.01,-1,-1
99926009,2026-05-18 13:27:07+05:30,53510.0,0,0.0,0,0.0,0.0,53282.15,53585.15,52783.45,53710.35,0,0.0,0.0,0.0,0.0,-0.01,-1,-1,-0.01,-1,-1,-0.01,-1,-1,-0.01,-1,-1,-0.01,-1,-1,-0.01,-1,-1,-0.01,-1,-1,-0.01,-1,-1,-0.01,-1,-1,-0.01,-1,-1
99926009,2026-05-18 13:27:07+05:30,53507.55,0,0.0,0,0.0,0.0,53282.15,53585.15,52783.45,53710.35,0,0.0,0.0,0.0,0.0,-0.01,-1,-1,-0.01,-1,-1,-0.01,-1,-1,-0.01,-1,-1,-0.01,-1,-1,-0.01,-1,-1,-0.01,-1,-1,-0.01,-1,-1,-0.01,-1,-1,-0.01,-1,-1
99926009,2026-05-18 13:27:08+05:30,53506.5,0,0.0,0,0.0,0.0,53282.15,53585.15,52783.45,53710.35,0,0.0,0.0,0.0,0.0,-0.01,-1,-1,-0.01,-1,-1,-0.01,-1,-1,-0.01,-1,-1,-0.01,-1,-1,-0.01,-1,-1,-0.01,-1,-1,-0.01,-1,-1,-0.01,-1,-1,-0.01,-1,-1
99926009,2026-05-18 13:27:08+05:30,53505.65,0,0.0,0,0.0,0.0,53282.15,53585.15,52783.45,53710.35,0,0.0,0.0,0.0,0.0,-0.01,-1,-1,-0.01,-1,-1,-0.01,-1,-1,-0.01,-1,-1,-0.01,-1,-1,-0.01,-1,-1,-0.01,-1,-1,-0.01,-1,-1,-0.01,-1,-1,-0.01,-1,-1
99926009,2026-05-18 13:27:09+05:30,53508.9,0,0.0,0,0.0,0.0,53282.15,53585.15,52783.45,53710.35,0,0.0,0.0,0.0,0.0,-0.01,-1,-1,-0.01,-1,-1,-0.01,-1,-1,-0.01,-1,-1,-0.01,-1,-1,-0.01,-1,-1,-0.01,-1,-1,-0.01,-1,-1,-0.01,-1,-1,-0.01,-1,-1
99926009,2026-05-18 13:27:09+05:30,53509.4,0,0.0,0,0.0,0.0,53282.15,53585.15,52783.45,53710.35,0,0.0,0.0,0.0,0.0,-0.01,-1,-1,-0.01,-1,-1,-0.01,-1,-1,-0.01,-1,-1,-0.01,-1,-1,-0.01,-1,-1,-0.01,-1,-1,-0.01,-1,-1,-0.01,-1,-1,-0.01,-1,-1
99926009,2026-05-18 13:27:10+05:30,53510.4,0,0.0,0,0.0,0.0,53282.15,53585.15,52783.45,53710.35,0,0.0,0.0,0.0,0.0,-0.01,-1,-1,-0.01,-1,-1,-0.01,-1,-1,-0.01,-1,-1,-0.01,-1,-1,-0.01,-1,-1,-0.01,-1,-1,-0.01,-1,-1,-0.01,-1,-1,-0.01,-1,-1
99926009,2026-05-18 13:27:10+05:30,53508.9,0,0.0,0,0.0,0.0,53282.15,53585.15,52783.45,53710.35,0,0.0,0.0,0.0,0.0,-0.01,-1,-1,-0.01,-1,-1,-0.01,-1,-1,-0.01,-1,-1,-0.01,-1,-1,-0.01,-1,-1,-0.01,-1,-1,-0.01,-1,-1,-0.01,-1,-1,-0.01,-1,-1
99926009,2026-05-18 13:27:11+05:30,53506.75,0,0.0,0,0.0,0.0,53282.15,53585.15,52783.45,53710.35,0,0.0,0.0,0.0,0.0,-0.01,-1,-1,-0.01,-1,-1,-0.01,-1,-1,-0.01,-1,-1,-0.01,-1,-1,-0.01,-1,-1,-0.01,-1,-1,-0.01,-1,-1,-0.01,-1,-1,-0.01,-1,-1
99926009,2026-05-18 13:27:11+05:30,53506.55,0,0.0,0,0.0,0.0,53282.15,53585.15,52783.45,53710.35,0,0.0,0.0,0.0,0.0,-0.01,-1,-1,-0.01,-1,-1,-0.01,-1,-1,-0.01,-1,-1,-0.01,-1,-1,-0.01,-1,-1,-0.01,-1,-1,-0.01,-1,-1,-0.01,-1,-1,-0.01,-1,-1
99926009,2026-05-18 13:27:12+05:30,53505.2,0,0.0,0,0.0,0.0,53282.15,53585.15,52783.45,53710.35,0,0.0,0.0,0.0,0.0,-0.01,-1,-1,-0.01,-1,-1,-0.01,-1,-1,-0.01,-1,-1,-0.01,-1,-1,-0.01,-1,-1,-0.01,-1,-1,-0.01,-1,-1,-0.01,-1,-1,-0.01,-1,-1
99926009,2026-05-18 13:27:12+05:30,53508.6,0,0.0,0,0.0,0.0,53282.15,53585.15,52783.45,53710.35,0,0.0,0.0,0.0,0.0,-0.01,-1,-1,-0.01,-1,-1,-0.01,-1,-1,-0.01,-1,-1,-0.01,-1,-1,-0.01,-1,-1,-0.01,-1,-1,-0.01,-1,-1,-0.01,-1,-1,-0.01,-1,-1
99926009,2026-05-18 13:27:13+05:30,53508.2,0,0.0,0,0.0,0.0,53282.15,53585.15,52783.45,53710.35,0,0.0,0.0,0.0,0.0,-0.01,-1,-1,-0.01,-1,-1,-0.01,-1,-1,-0.01,-1,-1,-0.01,-1,-1,-0.01,-1,-1,-0.01,-1,-1,-0.01,-1,-1,-0.01,-1,-1,-0.01,-1,-1
99926009,2026-05-18 13:27:13+05:30,53508.85,0,0.0,0,0.0,0.0,53282.15,53585.15,52783.45,53710.35,0,0.0,0.0,0.0,0.0,-0.01,-1,-1,-0.01,-1,-1,-0.01,-1,-1,-0.01,-1,-1,-0.01,-1,-1,-0.01,-1,-1,-0.01,-1,-1,-0.01,-1,-1,-0.01,-1,-1,-0.01,-1,-1
99926009,2026-05-18 13:27:14+05:30,53509.3,0,0.0,0,0.0,0.0,53282.15,53585.15,52783.45,53710.35,0,0.0,0.0,0.0,0.0,-0.01,-1,-1,-0.01,-1,-1,-0.01,-1,-1,-0.01,-1,-1,-0.01,-1,-1,-0.01,-1,-1,-0.01,-1,-1,-0.01,-1,-1,-0.01,-1,-1,-0.01,-1,-1
99926009,2026-05-18 13:27:14+05:30,53510.05,0,0.0,0,0.0,0.0,53282.15,53585.15,52783.45,53710.35,0,0.0,0.0,0.0,0.0,-0.01,-1,-1,-0.01,-1,-1,-0.01,-1,-1,-0.01,-1,-1,-0.01,-1,-1,-0.01,-1,-1,-0.01,-1,-1,-0.01,-1,-1,-0.01,-1,-1,-0.01,-1,-1
99926009,2026-05-18 13:27:15+05:30,53511.0,0,0.0,0,0.0,0.0,53282.15,53585.15,52783.45,53710.35,0,0.0,0.0,0.0,0.0,-0.01,-1,-1,-0.01,-1,-1,-0.01,-1,-1,-0.01,-1,-1,-0.01,-1,-1,-0.01,-1,-1,-0.01,-1,-1,-0.01,-1,-1,-0.01,-1,-1,-0.01,-1,-1
99926009,2026-05-18 13:27:15+05:30,53509.45,0,0.0,0,0.0,0.0,53282.15,53585.15,52783.45,53710.35,0,0.0,0.0,0.0,0.0,-0.01,-1,-1,-0.01,-1,-1,-0.01,-1,-1,-0.01,-1,-1,-0.01,-1,-1,-0.01,-1,-1,-0.01,-1,-1,-0.01,-1,-1,-0.01,-1,-1,-0.01,-1,-1
99926009,2026-05-18 13:27:16+05:30,53510.0,0,0.0,0,0.0,0.0,53282.15,53585.15,52783.45,53710.35,0,0.0,0.0,0.0,0.0,-0.01,-1,-1,-0.01,-1,-1,-0.01,-1,-1,-0.01,-1,-1,-0.01,-1,-1,-0.01,-1,-1,-0.01,-1,-1,-0.01,-1,-1,-0.01,-1,-1,-0.01,-1,-1
99926009,2026-05-18 13:27:16+05:30,53512.05,0,0.0,0,0.0,0.0,53282.15,53585.15,52783.45,53710.35,0,0.0,0.0,0.0,0.0,-0.01,-1,-1,-0.01,-1,-1,-0.01,-1,-1,-0.01,-1,-1,-0.01,-1,-1,-0.01,-1,-1,-0.01,-1,-1,-0.01,-1,-1,-0.01,-1,-1,-0.01,-1,-1
99926009,2026-05-18 13:27:17+05:30,53511.4,0,0.0,0,0.0,0.0,53282.15,53585.15,52783.45,53710.35,0,0.0,0.0,0.0,0.0,-0.01,-1,-1,-0.01,-1,-1,-0.01,-1,-1,-0.01,-1,-1,-0.01,-1,-1,-0.01,-1,-1,-0.01,-1,-1,-0.01,-1,-1,-0.01,-1,-1,-0.01,-1,-1
99926009,2026-05-18 13:27:17+05:30,53510.75,0,0.0,0,0.0,0.0,53282.15,53585.15,52783.45,53710.35,0,0.0,0.0,0.0,0.0,-0.01,-1,-1,-0.01,-1,-1,-0.01,-1,-1,-0.01,-1,-1,-0.01,-1,-1,-0.01,-1,-1,-0.01,-1,-1,-0.01,-1,-1,-0.01,-1,-1,-0.01,-1,-1
99926009,2026-05-18 13:27:18+05:30,53511.0,0,0.0,0,0.0,0.0,53282.15,53585.15,52783.45,53710.35,0,0.0,0.0,0.0,0.0,-0.01,-1,-1,-0.01,-1,-1,-0.01,-1,-1,-0.01,-1,-1,-0.01,-1,-1,-0.01,-1,-1,-0.01,-1,-1,-0.01,-1,-1,-0.01,-1,-1,-0.01,-1,-1
99926009,2026-05-18 13:27:18+05:30,53511.75,0,0.0,0,0.0,0.0,53282.15,53585.15,52783.45,53710.35,0,0.0,0.0,0.0,0.0,-0.01,-1,-1,-0.01,-1,-1,-0.01,-1,-1,-0.01,-1,-1,-0.01,-1,-1,-0.01,-1,-1,-0.01,-1,-1,-0.01,-1,-1,-0.01,-1,-1,-0.01,-1,-1
99926009,2026-05-18 13:27:19+05:30,53510.35,0,0.0,0,0.0,0.0,53282.15,53585.15,52783.45,53710.35,0,0.0,0.0,0.0,0.0,-0.01,-1,-1,-0.01,-1,-1,-0.01,-1,-1,-0.01,-1,-1,-0.01,-1,-1,-0.01,-1,-1,-0.01,-1,-1,-0.01,-1,-1,-0.01,-1,-1,-0.01,-1,-1
99926009,2026-05-18 13:27:19+05:30,53514.05,0,0.0,0,0.0,0.0,53282.15,53585.15,52783.45,53710.35,0,0.0,0.0,0.0,0.0,-0.01,-1,-1,-0.01,-1,-1,-0.01,-1,-1,-0.01,-1,-1,-0.01,-1,-1,-0.01,-1,-1,-0.01,-1,-1,-0.01,-1,-1,-0.01,-1,-1,-0.01,-1,-1
99926009,2026-05-18 13:27:20+05:30,53515.9,0,0.0,0,0.0,0.0,53282.15,53585.15,52783.45,53710.35,0,0.0,0.0,0.0,0.0,-0.01,-1,-1,-0.01,-1,-1,-0.01,-1,-1,-0.01,-1,-1,-0.01,-1,-1,-0.01,-1,-1,-0.01,-1,-1,-0.01,-1,-1,-0.01,-1,-1,-0.01,-1,-1
99926009,2026-05-18 13:27:20+05:30,53516.35,0,0.0,0,0.0,0.0,53282.15,53585.15,52783.45,53710.35,0,0.0,0.0,0.0,0.0,-0.01,-1,-1,-0.01,-1,-1,-0.01,-1,-1,-0.01,-1,-1,-0.01,-1,-1,-0.01,-1,-1,-0.01,-1,-1,-0.01,-1,-1,-0.01,-1,-1,-0.01,-1,-1
99926009,2026-05-18 13:27:21+05:30,53515.8,0,0.0,0,0.0,0.0,53282.15,53585.15,52783.45,53710.35,0,0.0,0.0,0.0,0.0,-0.01,-1,-1,-0.01,-1,-1,-0.01,-1,-1,-0.01,-1,-1,-0.01,-1,-1,-0.01,-1,-1,-0.01,-1,-1,-0.01,-1,-1,-0.01,-1,-1,-0.01,-1,-1
99926009,2026-05-18 13:27:21+05:30,53515.75,0,0.0,0,0.0,0.0,53282.15,53585.15,52783.45,53710.35,0,0.0,0.0,0.0,0.0,-0.01,-1,-1,-0.01,-1,-1,-0.01,-1,-1,-0.01,-1,-1,-0.01,-1,-1,-0.01,-1,-1,-0.01,-1,-1,-0.01,-1,-1,-0.01,-1,-1,-0.01,-1,-1
99926009,2026-05-18 13:27:22+05:30,53517.4,0,0.0,0,0.0,0.0,53282.15,53585.15,52783.45,53710.35,0,0.0,0.0,0.0,0.0,-0.01,-1,-1,-0.01,-1,-1,-0.01,-1,-1,-0.01,-1,-1,-0.01,-1,-1,-0.01,-1,-1,-0.01,-1,-1,-0.01,-1,-1,-0.01,-1,-1,-0.01,-1,-1
99926009,2026-05-18 13:27:22+05:30,53517.15,0,0.0,0,0.0,0.0,53282.15,53585.15,52783.45,53710.35,0,0.0,0.0,0.0,0.0,-0.01,-1,-1,-0.01,-1,-1,-0.01,-1,-1,-0.01,-1,-1,-0.01,-1,-1,-0.01,-1,-1,-0.01,-1,-1,-0.01,-1,-1,-0.01,-1,-1,-0.01,-1,-1
99926009,2026-05-18 13:27:23+05:30,53517.8,0,0.0,0,0.0,0.0,53282.15,53585.15,52783.45,53710.35,0,0.0,0.0,0.0,0.0,-0.01,-1,-1,-0.01,-1,-1,-0.01,-1,-1,-0.01,-1,-1,-0.01,-1,-1,-0.01,-1,-1,-0.01,-1,-1,-0.01,-1,-1,-0.01,-1,-1,-0.01,-1,-1
99926009,2026-05-18 13:27:23+05:30,53516.15,0,0.0,0,0.0,0.0,53282.15,53585.15,52783.45,53710.35,0,0.0,0.0,0.0,0.0,-0.01,-1,-1,-0.01,-1,-1,-0.01,-1,-1,-0.01,-1,-1,-0.01,-1,-1,-0.01,-1,-1,-0.01,-1,-1,-0.01,-1,-1,-0.01,-1,-1,-0.01,-1,-1
99926009,2026-05-18 13:27:24+05:30,53518.45,0,0.0,0,0.0,0.0,53282.15,53585.15,52783.45,53710.35,0,0.0,0.0,0.0,0.0,-0.01,-1,-1,-0.01,-1,-1,-0.01,-1,-1,-0.01,-1,-1,-0.01,-1,-1,-0.01,-1,-1,-0.01,-1,-1,-0.01,-1,-1,-0.01,-1,-1,-0.01,-1,-1
99926009,2026-05-18 13:27:24+05:30,53519.65,0,0.0,0,0.0,0.0,53282.15,53585.15,52783.45,53710.35,0,0.0,0.0,0.0,0.0,-0.01,-1,-1,-0.01,-1,-1,-0.01,-1,-1,-0.01,-1,-1,-0.01,-1,-1,-0.01,-1,-1,-0.01,-1,-1,-0.01,-1,-1,-0.01,-1,-1,-0.01,-1,-1
99926009,2026-05-18 13:27:25+05:30,53520.75,0,0.0,0,0.0,0.0,53282.15,53585.15,52783.45,53710.35,0,0.0,0.0,0.0,0.0,-0.01,-1,-1,-0.01,-1,-1,-0.01,-1,-1,-0.01,-1,-1,-0.01,-1,-1,-0.01,-1,-1,-0.01,-1,-1,-0.01,-1,-1,-0.01,-1,-1,-0.01,-1,-1
99926009,2026-05-18 13:27:25+05:30,53519.15,0,0.0,0,0.0,0.0,53282.15,53585.15,52783.45,53710.35,0,0.0,0.0,0.0,0.0,-0.01,-1,-1,-0.01,-1,-1,-0.01,-1,-1,-0.01,-1,-1,-0.01,-1,-1,-0.01,-1,-1,-0.01,-1,-1,-0.01,-1,-1,-0.01,-1,-1,-0.01,-1,-1
99926009,2026-05-18 13:27:26+05:30,53517.35,0,0.0,0,0.0,0.0,53282.15,53585.15,52783.45,53710.35,0,0.0,0.0,0.0,0.0,-0.01,-1,-1,-0.01,-1,-1,-0.01,-1,-1,-0.01,-1,-1,-0.01,-1,-1,-0.01,-1,-1,-0.01,-1,-1,-0.01,-1,-1,-0.01,-1,-1,-0.01,-1,-1
99926009,2026-05-18 13:27:26+05:30,53516.65,0,0.0,0,0.0,0.0,53282.15,53585.15,52783.45,53710.35,0,0.0,0.0,0.0,0.0,-0.01,-1,-1,-0.01,-1,-1,-0.01,-1,-1,-0.01,-1,-1,-0.01,-1,-1,-0.01,-1,-1,-0.01,-1,-1,-0.01,-1,-1,-0.01,-1,-1,-0.01,-1,-1
99926009,2026-05-18 13:27:27+05:30,53519.95,0,0.0,0,0.0,0.0,53282.15,53585.15,52783.45,53710.35,0,0.0,0.0,0.0,0.0,-0.01,-1,-1,-0.01,-1,-1,-0.01,-1,-1,-0.01,-1,-1,-0.01,-1,-1,-0.01,-1,-1,-0.01,-1,-1,-0.01,-1,-1,-0.01,-1,-1,-0.01,-1,-1
99926009,2026-05-18 13:27:27+05:30,53517.75,0,0.0,0,0.0,0.0,53282.15,53585.15,52783.45,53710.35,0,0.0,0.0,0.0,0.0,-0.01,-1,-1,-0.01,-1,-1,-0.01,-1,-1,-0.01,-1,-1,-0.01,-1,-1,-0.01,-1,-1,-0.01,-1,-1,-0.01,-1,-1,-0.01,-1,-1,-0.01,-1,-1
99926009,2026-05-18 13:27:28+05:30,53521.55,0,0.0,0,0.0,0.0,53282.15,53585.15,52783.45,53710.35,0,0.0,0.0,0.0,0.0,-0.01,-1,-1,-0.01,-1,-1,-0.01,-1,-1,-0.01,-1,-1,-0.01,-1,-1,-0.01,-1,-1,-0.01,-1,-1,-0.01,-1,-1,-0.01,-1,-1,-0.01,-1,-1
99926009,2026-05-18 13:27:28+05:30,53520.95,0,0.0,0,0.0,0.0,53282.15,53585.15,52783.45,53710.35,0,0.0,0.0,0.0,0.0,-0.01,-1,-1,-0.01,-1,-1,-0.01,-1,-1,-0.01,-1,-1,-0.01,-1,-1,-0.01,-1,-1,-0.01,-1,-1,-0.01,-1,-1,-0.01,-1,-1,-0.01,-1,-1
99926009,2026-05-18 13:27:29+05:30,53519.4,0,0.0,0,0.0,0.0,53282.15,53585.15,52783.45,53710.35,0,0.0,0.0,0.0,0.0,-0.01,-1,-1,-0.01,-1,-1,-0.01,-1,-1,-0.01,-1,-1,-0.01,-1,-1,-0.01,-1,-1,-0.01,-1,-1,-0.01,-1,-1,-0.01,-1,-1,-0.01,-1,-1
99926009,2026-05-18 13:27:29+05:30,53518.8,0,0.0,0,0.0,0.0,53282.15,53585.15,52783.45,53710.35,0,0.0,0.0,0.0,0.0,-0.01,-1,-1,-0.01,-1,-1,-0.01,-1,-1,-0.01,-1,-1,-0.01,-1,-1,-0.01,-1,-1,-0.01,-1,-1,-0.01,-1,-1,-0.01,-1,-1,-0.01,-1,-1
99926009,2026-05-18 13:27:30+05:30,53518.95,0,0.0,0,0.0,0.0,53282.15,53585.15,52783.45,53710.35,0,0.0,0.0,0.0,0.0,-0.01,-1,-1,-0.01,-1,-1,-0.01,-1,-1,-0.01,-1,-1,-0.01,-1,-1,-0.01,-1,-1,-0.01,-1,-1,-0.01,-1,-1,-0.01,-1,-1,-0.01,-1,-1
99926009,2026-05-18 13:27:30+05:30,53518.7,0,0.0,0,0.0,0.0,53282.15,53585.15,52783.45,53710.35,0,0.0,0.0,0.0,0.0,-0.01,-1,-1,-0.01,-1,-1,-0.01,-1,-1,-0.01,-1,-1,-0.01,-1,-1,-0.01,-1,-1,-0.01,-1,-1,-0.01,-1,-1,-0.01,-1,-1,-0.01,-1,-1
99926009,2026-05-18 13:27:31+05:30,53518.2,0,0.0,0,0.0,0.0,53282.15,53585.15,52783.45,53710.35,0,0.0,0.0,0.0,0.0,-0.01,-1,-1,-0.01,-1,-1,-0.01,-1,-1,-0.01,-1,-1,-0.01,-1,-1,-0.01,-1,-1,-0.01,-1,-1,-0.01,-1,-1,-0.01,-1,-1,-0.01,-1,-1
99926009,2026-05-18 13:27:31+05:30,53518.35,0,0.0,0,0.0,0.0,53282.15,53585.15,52783.45,53710.35,0,0.0,0.0,0.0,0.0,-0.01,-1,-1,-0.01,-1,-1,-0.01,-1,-1,-0.01,-1,-1,-0.01,-1,-1,-0.01,-1,-1,-0.01,-1,-1,-0.01,-1,-1,-0.01,-1,-1,-0.01,-1,-1
99926009,2026-05-18 13:27:32+05:30,53516.7,0,0.0,0,0.0,0.0,53282.15,53585.15,52783.45,53710.35,0,0.0,0.0,0.0,0.0,-0.01,-1,-1,-0.01,-1,-1,-0.01,-1,-1,-0.01,-1,-1,-0.01,-1,-1,-0.01,-1,-1,-0.01,-1,-1,-0.01,-1,-1,-0.01,-1,-1,-0.01,-1,-1
99926009,2026-05-18 13:27:32+05:30,53514.4,0,0.0,0,0.0,0.0,53282.15,53585.15,52783.45,53710.35,0,0.0,0.0,0.0,0.0,-0.01,-1,-1,-0.01,-1,-1,-0.01,-1,-1,-0.01,-1,-1,-0.01,-1,-1,-0.01,-1,-1,-0.01,-1,-1,-0.01,-1,-1,-0.01,-1,-1,-0.01,-1,-1
99926009,2026-05-18 13:27:33+05:30,53516.95,0,0.0,0,0.0,0.0,53282.15,53585.15,52783.45,53710.35,0,0.0,0.0,0.0,0.0,-0.01,-1,-1,-0.01,-1,-1,-0.01,-1,-1,-0.01,-1,-1,-0.01,-1,-1,-0.01,-1,-1,-0.01,-1,-1,-0.01,-1,-1,-0.01,-1,-1,-0.01,-1,-1
99926009,2026-05-18 13:27:33+05:30,53515.75,0,0.0,0,0.0,0.0,53282.15,53585.15,52783.45,53710.35,0,0.0,0.0,0.0,0.0,-0.01,-1,-1,-0.01,-1,-1,-0.01,-1,-1,-0.01,-1,-1,-0.01,-1,-1,-0.01,-1,-1,-0.01,-1,-1,-0.01,-1,-1,-0.01,-1,-1,-0.01,-1,-1
99926009,2026-05-18 13:27:34+05:30,53514.75,0,0.0,0,0.0,0.0,53282.15,53585.15,52783.45,53710.35,0,0.0,0.0,0.0,0.0,-0.01,-1,-1,-0.01,-1,-1,-0.01,-1,-1,-0.01,-1,-1,-0.01,-1,-1,-0.01,-1,-1,-0.01,-1,-1,-0.01,-1,-1,-0.01,-1,-1,-0.01,-1,-1
99926009,2026-05-18 13:27:34+05:30,53518.5,0,0.0,0,0.0,0.0,53282.15,53585.15,52783.45,53710.35,0,0.0,0.0,0.0,0.0,-0.01,-1,-1,-0.01,-1,-1,-0.01,-1,-1,-0.01,-1,-1,-0.01,-1,-1,-0.01,-1,-1,-0.01,-1,-1,-0.01,-1,-1,-0.01,-1,-1,-0.01,-1,-1
99926009,2026-05-18 13:27:35+05:30,53519.25,0,0.0,0,0.0,0.0,53282.15,53585.15,52783.45,53710.35,0,0.0,0.0,0.0,0.0,-0.01,-1,-1,-0.01,-1,-1,-0.01,-1,-1,-0.01,-1,-1,-0.01,-1,-1,-0.01,-1,-1,-0.01,-1,-1,-0.01,-1,-1,-0.01,-1,-1,-0.01,-1,-1
99926009,2026-05-18 13:27:35+05:30,53517.25,0,0.0,0,0.0,0.0,53282.15,53585.15,52783.45,53710.35,0,0.0,0.0,0.0,0.0,-0.01,-1,-1,-0.01,-1,-1,-0.01,-1,-1,-0.01,-1,-1,-0.01,-1,-1,-0.01,-1,-1,-0.01,-1,-1,-0.01,-1,-1,-0.01,-1,-1,-0.01,-1,-1
99926009,2026-05-18 13:27:36+05:30,53517.1,0,0.0,0,0.0,0.0,53282.15,53585.15,52783.45,53710.35,0,0.0,0.0,0.0,0.0,-0.01,-1,-1,-0.01,-1,-1,-0.01,-1,-1,-0.01,-1,-1,-0.01,-1,-1,-0.01,-1,-1,-0.01,-1,-1,-0.01,-1,-1,-0.01,-1,-1,-0.01,-1,-1
99926009,2026-05-18 13:27:36+05:30,53519.2,0,0.0,0,0.0,0.0,53282.15,53585.15,52783.45,53710.35,0,0.0,0.0,0.0,0.0,-0.01,-1,-1,-0.01,-1,-1,-0.01,-1,-1,-0.01,-1,-1,-0.01,-1,-1,-0.01,-1,-1,-0.01,-1,-1,-0.01,-1,-1,-0.01,-1,-1,-0.01,-1,-1
99926009,2026-05-18 13:27:37+05:30,53520.05,0,0.0,0,0.0,0.0,53282.15,53585.15,52783.45,53710.35,0,0.0,0.0,0.0,0.0,-0.01,-1,-1,-0.01,-1,-1,-0.01,-1,-1,-0.01,-1,-1,-0.01,-1,-1,-0.01,-1,-1,-0.01,-1,-1,-0.01,-1,-1,-0.01,-1,-1,-0.01,-1,-1
99926009,2026-05-18 13:27:37+05:30,53519.2,0,0.0,0,0.0,0.0,53282.15,53585.15,52783.45,53710.35,0,0.0,0.0,0.0,0.0,-0.01,-1,-1,-0.01,-1,-1,-0.01,-1,-1,-0.01,-1,-1,-0.01,-1,-1,-0.01,-1,-1,-0.01,-1,-1,-0.01,-1,-1,-0.01,-1,-1,-0.01,-1,-1
99926009,2026-05-18 13:27:38+05:30,53516.65,0,0.0,0,0.0,0.0,53282.15,53585.15,52783.45,53710.35,0,0.0,0.0,0.0,0.0,-0.01,-1,-1,-0.01,-1,-1,-0.01,-1,-1,-0.01,-1,-1,-0.01,-1,-1,-0.01,-1,-1,-0.01,-1,-1,-0.01,-1,-1,-0.01,-1,-1,-0.01,-1,-1
99926009,2026-05-18 13:27:38+05:30,53517.3,0,0.0,0,0.0,0.0,53282.15,53585.15,52783.45,53710.35,0,0.0,0.0,0.0,0.0,-0.01,-1,-1,-0.01,-1,-1,-0.01,-1,-1,-0.01,-1,-1,-0.01,-1,-1,-0.01,-1,-1,-0.01,-1,-1,-0.01,-1,-1,-0.01,-1,-1,-0.01,-1,-1
99926009,2026-05-18 13:27:39+05:30,53516.25,0,0.0,0,0.0,0.0,53282.15,53585.15,52783.45,53710.35,0,0.0,0.0,0.0,0.0,-0.01,-1,-1,-0.01,-1,-1,-0.01,-1,-1,-0.01,-1,-1,-0.01,-1,-1,-0.01,-1,-1,-0.01,-1,-1,-0.01,-1,-1,-0.01,-1,-1,-0.01,-1,-1
99926009,2026-05-18 13:27:39+05:30,53517.8,0,0.0,0,0.0,0.0,53282.15,53585.15,52783.45,53710.35,0,0.0,0.0,0.0,0.0,-0.01,-1,-1,-0.01,-1,-1,-0.01,-1,-1,-0.01,-1,-1,-0.01,-1,-1,-0.01,-1,-1,-0.01,-1,-1,-0.01,-1,-1,-0.01,-1,-1,-0.01,-1,-1
99926009,2026-05-18 13:27:40+05:30,53516.8,0,0.0,0,0.0,0.0,53282.15,53585.15,52783.45,53710.35,0,0.0,0.0,0.0,0.0,-0.01,-1,-1,-0.01,-1,-1,-0.01,-1,-1,-0.01,-1,-1,-0.01,-1,-1,-0.01,-1,-1,-0.01,-1,-1,-0.01,-1,-1,-0.01,-1,-1,-0.01,-1,-1
99926009,2026-05-18 13:27:40+05:30,53517.35,0,0.0,0,0.0,0.0,53282.15,53585.15,52783.45,53710.35,0,0.0,0.0,0.0,0.0,-0.01,-1,-1,-0.01,-1,-1,-0.01,-1,-1,-0.01,-1,-1,-0.01,-1,-1,-0.01,-1,-1,-0.01,-1,-1,-0.01,-1,-1,-0.01,-1,-1,-0.01,-1,-1
99926009,2026-05-18 13:27:41+05:30,53515.2,0,0.0,0,0.0,0.0,53282.15,53585.15,52783.45,53710.35,0,0.0,0.0,0.0,0.0,-0.01,-1,-1,-0.01,-1,-1,-0.01,-1,-1,-0.01,-1,-1,-0.01,-1,-1,-0.01,-1,-1,-0.01,-1,-1,-0.01,-1,-1,-0.01,-1,-1,-0.01,-1,-1
99926009,2026-05-18 13:27:41+05:30,53516.2,0,0.0,0,0.0,0.0,53282.15,53585.15,52783.45,53710.35,0,0.0,0.0,0.0,0.0,-0.01,-1,-1,-0.01,-1,-1,-0.01,-1,-1,-0.01,-1,-1,-0.01,-1,-1,-0.01,-1,-1,-0.01,-1,-1,-0.01,-1,-1,-0.01,-1,-1,-0.01,-1,-1
99926009,2026-05-18 13:27:42+05:30,53515.35,0,0.0,0,0.0,0.0,53282.15,53585.15,52783.45,53710.35,0,0.0,0.0,0.0,0.0,-0.01,-1,-1,-0.01,-1,-1,-0.01,-1,-1,-0.01,-1,-1,-0.01,-1,-1,-0.01,-1,-1,-0.01,-1,-1,-0.01,-1,-1,-0.01,-1,-1,-0.01,-1,-1
99926009,2026-05-18 13:27:42+05:30,53514.45,0,0.0,0,0.0,0.0,53282.15,53585.15,52783.45,53710.35,0,0.0,0.0,0.0,0.0,-0.01,-1,-1,-0.01,-1,-1,-0.01,-1,-1,-0.01,-1,-1,-0.01,-1,-1,-0.01,-1,-1,-0.01,-1,-1,-0.01,-1,-1,-0.01,-1,-1,-0.01,-1,-1
99926009,2026-05-18 13:27:43+05:30,53513.1,0,0.0,0,0.0,0.0,53282.15,53585.15,52783.45,53710.35,0,0.0,0.0,0.0,0.0,-0.01,-1,-1,-0.01,-1,-1,-0.01,-1,-1,-0.01,-1,-1,-0.01,-1,-1,-0.01,-1,-1,-0.01,-1,-1,-0.01,-1,-1,-0.01,-1,-1,-0.01,-1,-1
99926009,2026-05-18 13:27:43+05:30,53516.2,0,0.0,0,0.0,0.0,53282.15,53585.15,52783.45,53710.35,0,0.0,0.0,0.0,0.0,-0.01,-1,-1,-0.01,-1,-1,-0.01,-1,-1,-0.01,-1,-1,-0.01,-1,-1,-0.01,-1,-1,-0.01,-1,-1,-0.01,-1,-1,-0.01,-1,-1,-0.01,-1,-1
99926009,2026-05-18 13:27:44+05:30,53512.25,0,0.0,0,0.0,0.0,53282.15,53585.15,52783.45,53710.35,0,0.0,0.0,0.0,0.0,-0.01,-1,-1,-0.01,-1,-1,-0.01,-1,-1,-0.01,-1,-1,-0.01,-1,-1,-0.01,-1,-1,-0.01,-1,-1,-0.01,-1,-1,-0.01,-1,-1,-0.01,-1,-1
99926009,2026-05-18 13:27:44+05:30,53508.25,0,0.0,0,0.0,0.0,53282.15,53585.15,52783.45,53710.35,0,0.0,0.0,0.0,0.0,-0.01,-1,-1,-0.01,-1,-1,-0.01,-1,-1,-0.01,-1,-1,-0.01,-1,-1,-0.01,-1,-1,-0.01,-1,-1,-0.01,-1,-1,-0.01,-1,-1,-0.01,-1,-1
99926009,2026-05-18 13:27:45+05:30,53510.1,0,0.0,0,0.0,0.0,53282.15,53585.15,52783.45,53710.35,0,0.0,0.0,0.0,0.0,-0.01,-1,-1,-0.01,-1,-1,-0.01,-1,-1,-0.01,-1,-1,-0.01,-1,-1,-0.01,-1,-1,-0.01,-1,-1,-0.01,-1,-1,-0.01,-1,-1,-0.01,-1,-1
99926009,2026-05-18 13:27:45+05:30,53505.9,0,0.0,0,0.0,0.0,53282.15,53585.15,52783.45,53710.35,0,0.0,0.0,0.0,0.0,-0.01,-1,-1,-0.01,-1,-1,-0.01,-1,-1,-0.01,-1,-1,-0.01,-1,-1,-0.01,-1,-1,-0.01,-1,-1,-0.01,-1,-1,-0.01,-1,-1,-0.01,-1,-1
99926009,2026-05-18 13:27:46+05:30,53502.95,0,0.0,0,0.0,0.0,53282.15,53585.15,52783.45,53710.35,0,0.0,0.0,0.0,0.0,-0.01,-1,-1,-0.01,-1,-1,-0.01,-1,-1,-0.01,-1,-1,-0.01,-1,-1,-0.01,-1,-1,-0.01,-1,-1,-0.01,-1,-1,-0.01,-1,-1,-0.01,-1,-1
99926009,2026-05-18 13:27:46+05:30,53507.25,0,0.0,0,0.0,0.0,53282.15,53585.15,52783.45,53710.35,0,0.0,0.0,0.0,0.0,-0.01,-1,-1,-0.01,-1,-1,-0.01,-1,-1,-0.01,-1,-1,-0.01,-1,-1,-0.01,-1,-1,-0.01,-1,-1,-0.01,-1,-1,-0.01,-1,-1,-0.01,-1,-1
99926009,2026-05-18 13:27:47+05:30,53506.15,0,0.0,0,0.0,0.0,53282.15,53585.15,52783.45,53710.35,0,0.0,0.0,0.0,0.0,-0.01,-1,-1,-0.01,-1,-1,-0.01,-1,-1,-0.01,-1,-1,-0.01,-1,-1,-0.01,-1,-1,-0.01,-1,-1,-0.01,-1,-1,-0.01,-1,-1,-0.01,-1,-1
99926009,2026-05-18 13:27:47+05:30,53505.2,0,0.0,0,0.0,0.0,53282.15,53585.15,52783.45,53710.35,0,0.0,0.0,0.0,0.0,-0.01,-1,-1,-0.01,-1,-1,-0.01,-1,-1,-0.01,-1,-1,-0.01,-1,-1,-0.01,-1,-1,-0.01,-1,-1,-0.01,-1,-1,-0.01,-1,-1,-0.01,-1,-1
99926009,2026-05-18 13:27:48+05:30,53505.15,0,0.0,0,0.0,0.0,53282.15,53585.15,52783.45,53710.35,0,0.0,0.0,0.0,0.0,-0.01,-1,-1,-0.01,-1,-1,-0.01,-1,-1,-0.01,-1,-1,-0.01,-1,-1,-0.01,-1,-1,-0.01,-1,-1,-0.01,-1,-1,-0.01,-1,-1,-0.01,-1,-1
99926009,2026-05-18 13:27:48+05:30,53506.0,0,0.0,0,0.0,0.0,53282.15,53585.15,52783.45,53710.35,0,0.0,0.0,0.0,0.0,-0.01,-1,-1,-0.01,-1,-1,-0.01,-1,-1,-0.01,-1,-1,-0.01,-1,-1,-0.01,-1,-1,-0.01,-1,-1,-0.01,-1,-1,-0.01,-1,-1,-0.01,-1,-1
99926009,2026-05-18 13:27:49+05:30,53501.0,0,0.0,0,0.0,0.0,53282.15,53585.15,52783.45,53710.35,0,0.0,0.0,0.0,0.0,-0.01,-1,-1,-0.01,-1,-1,-0.01,-1,-1,-0.01,-1,-1,-0.01,-1,-1,-0.01,-1,-1,-0.01,-1,-1,-0.01,-1,-1,-0.01,-1,-1,-0.01,-1,-1
99926009,2026-05-18 13:27:49+05:30,53503.75,0,0.0,0,0.0,0.0,53282.15,53585.15,52783.45,53710.35,0,0.0,0.0,0.0,0.0,-0.01,-1,-1,-0.01,-1,-1,-0.01,-1,-1,-0.01,-1,-1,-0.01,-1,-1,-0.01,-1,-1,-0.01,-1,-1,-0.01,-1,-1,-0.01,-1,-1,-0.01,-1,-1
99926009,2026-05-18 13:27:50+05:30,53505.05,0,0.0,0,0.0,0.0,53282.15,53585.15,52783.45,53710.35,0,0.0,0.0,0.0,0.0,-0.01,-1,-1,-0.01,-1,-1,-0.01,-1,-1,-0.01,-1,-1,-0.01,-1,-1,-0.01,-1,-1,-0.01,-1,-1,-0.01,-1,-1,-0.01,-1,-1,-0.01,-1,-1
99926009,2026-05-18 13:27:50+05:30,53505.0,0,0.0,0,0.0,0.0,53282.15,53585.15,52783.45,53710.35,0,0.0,0.0,0.0,0.0,-0.01,-1,-1,-0.01,-1,-1,-0.01,-1,-1,-0.01,-1,-1,-0.01,-1,-1,-0.01,-1,-1,-0.01,-1,-1,-0.01,-1,-1,-0.01,-1,-1,-0.01,-1,-1
99926009,2026-05-18 13:27:51+05:30,53504.6,0,0.0,0,0.0,0.0,53282.15,53585.15,52783.45,53710.35,0,0.0,0.0,0.0,0.0,-0.01,-1,-1,-0.01,-1,-1,-0.01,-1,-1,-0.01,-1,-1,-0.01,-1,-1,-0.01,-1,-1,-0.01,-1,-1,-0.01,-1,-1,-0.01,-1,-1,-0.01,-1,-1
99926009,2026-05-18 13:27:51+05:30,53505.4,0,0.0,0,0.0,0.0,53282.15,53585.15,52783.45,53710.35,0,0.0,0.0,0.0,0.0,-0.01,-1,-1,-0.01,-1,-1,-0.01,-1,-1,-0.01,-1,-1,-0.01,-1,-1,-0.01,-1,-1,-0.01,-1,-1,-0.01,-1,-1,-0.01,-1,-1,-0.01,-1,-1
99926009,2026-05-18 13:27:52+05:30,53497.4,0,0.0,0,0.0,0.0,53282.15,53585.15,52783.45,53710.35,0,0.0,0.0,0.0,0.0,-0.01,-1,-1,-0.01,-1,-1,-0.01,-1,-1,-0.01,-1,-1,-0.01,-1,-1,-0.01,-1,-1,-0.01,-1,-1,-0.01,-1,-1,-0.01,-1,-1,-0.01,-1,-1
99926009,2026-05-18 13:27:52+05:30,53501.1,0,0.0,0,0.0,0.0,53282.15,53585.15,52783.45,53710.35,0,0.0,0.0,0.0,0.0,-0.01,-1,-1,-0.01,-1,-1,-0.01,-1,-1,-0.01,-1,-1,-0.01,-1,-1,-0.01,-1,-1,-0.01,-1,-1,-0.01,-1,-1,-0.01,-1,-1,-0.01,-1,-1
99926009,2026-05-18 13:27:53+05:30,53501.95,0,0.0,0,0.0,0.0,53282.15,53585.15,52783.45,53710.35,0,0.0,0.0,0.0,0.0,-0.01,-1,-1,-0.01,-1,-1,-0.01,-1,-1,-0.01,-1,-1,-0.01,-1,-1,-0.01,-1,-1,-0.01,-1,-1,-0.01,-1,-1,-0.01,-1,-1,-0.01,-1,-1
99926009,2026-05-18 13:27:53+05:30,53498.8,0,0.0,0,0.0,0.0,53282.15,53585.15,52783.45,53710.35,0,0.0,0.0,0.0,0.0,-0.01,-1,-1,-0.01,-1,-1,-0.01,-1,-1,-0.01,-1,-1,-0.01,-1,-1,-0.01,-1,-1,-0.01,-1,-1,-0.01,-1,-1,-0.01,-1,-1,-0.01,-1,-1
99926009,2026-05-18 13:27:54+05:30,53501.3,0,0.0,0,0.0,0.0,53282.15,53585.15,52783.45,53710.35,0,0.0,0.0,0.0,0.0,-0.01,-1,-1,-0.01,-1,-1,-0.01,-1,-1,-0.01,-1,-1,-0.01,-1,-1,-0.01,-1,-1,-0.01,-1,-1,-0.01,-1,-1,-0.01,-1,-1,-0.01,-1,-1
99926009,2026-05-18 13:27:54+05:30,53502.05,0,0.0,0,0.0,0.0,53282.15,53585.15,52783.45,53710.35,0,0.0,0.0,0.0,0.0,-0.01,-1,-1,-0.01,-1,-1,-0.01,-1,-1,-0.01,-1,-1,-0.01,-1,-1,-0.01,-1,-1,-0.01,-1,-1,-0.01,-1,-1,-0.01,-1,-1,-0.01,-1,-1
99926009,2026-05-18 13:27:55+05:30,53503.1,0,0.0,0,0.0,0.0,53282.15,53585.15,52783.45,53710.35,0,0.0,0.0,0.0,0.0,-0.01,-1,-1,-0.01,-1,-1,-0.01,-1,-1,-0.01,-1,-1,-0.01,-1,-1,-0.01,-1,-1,-0.01,-1,-1,-0.01,-1,-1,-0.01,-1,-1,-0.01,-1,-1
99926009,2026-05-18 13:27:55+05:30,53500.25,0,0.0,0,0.0,0.0,53282.15,53585.15,52783.45,53710.35,0,0.0,0.0,0.0,0.0,-0.01,-1,-1,-0.01,-1,-1,-0.01,-1,-1,-0.01,-1,-1,-0.01,-1,-1,-0.01,-1,-1,-0.01,-1,-1,-0.01,-1,-1,-0.01,-1,-1,-0.01,-1,-1
99926009,2026-05-18 13:27:56+05:30,53497.45,0,0.0,0,0.0,0.0,53282.15,53585.15,52783.45,53710.35,0,0.0,0.0,0.0,0.0,-0.01,-1,-1,-0.01,-1,-1,-0.01,-1,-1,-0.01,-1,-1,-0.01,-1,-1,-0.01,-1,-1,-0.01,-1,-1,-0.01,-1,-1,-0.01,-1,-1,-0.01,-1,-1
99926009,2026-05-18 13:27:56+05:30,53497.15,0,0.0,0,0.0,0.0,53282.15,53585.15,52783.45,53710.35,0,0.0,0.0,0.0,0.0,-0.01,-1,-1,-0.01,-1,-1,-0.01,-1,-1,-0.01,-1,-1,-0.01,-1,-1,-0.01,-1,-1,-0.01,-1,-1,-0.01,-1,-1,-0.01,-1,-1,-0.01,-1,-1
99926009,2026-05-18 13:27:57+05:30,53498.3,0,0.0,0,0.0,0.0,53282.15,53585.15,52783.45,53710.35,0,0.0,0.0,0.0,0.0,-0.01,-1,-1,-0.01,-1,-1,-0.01,-1,-1,-0.01,-1,-1,-0.01,-1,-1,-0.01,-1,-1,-0.01,-1,-1,-0.01,-1,-1,-0.01,-1,-1,-0.01,-1,-1
99926009,2026-05-18 13:27:57+05:30,53500.1,0,0.0,0,0.0,0.0,53282.15,53585.15,52783.45,53710.35,0,0.0,0.0,0.0,0.0,-0.01,-1,-1,-0.01,-1,-1,-0.01,-1,-1,-0.01,-1,-1,-0.01,-1,-1,-0.01,-1,-1,-0.01,-1,-1,-0.01,-1,-1,-0.01,-1,-1,-0.01,-1,-1
99926009,2026-05-18 13:27:58+05:30,53500.95,0,0.0,0,0.0,0.0,53282.15,53585.15,52783.45,53710.35,0,0.0,0.0,0.0,0.0,-0.01,-1,-1,-0.01,-1,-1,-0.01,-1,-1,-0.01,-1,-1,-0.01,-1,-1,-0.01,-1,-1,-0.01,-1,-1,-0.01,-1,-1,-0.01,-1,-1,-0.01,-1,-1
99926009,2026-05-18 13:27:58+05:30,53500.35,0,0.0,0,0.0,0.0,53282.15,53585.15,52783.45,53710.35,0,0.0,0.0,0.0,0.0,-0.01,-1,-1,-0.01,-1,-1,-0.01,-1,-1,-0.01,-1,-1,-0.01,-1,-1,-0.01,-1,-1,-0.01,-1,-1,-0.01,-1,-1,-0.01,-1,-1,-0.01,-1,-1
99926009,2026-05-18 13:27:59+05:30,53501.35,0,0.0,0,0.0,0.0,53282.15,53585.15,52783.45,53710.35,0,0.0,0.0,0.0,0.0,-0.01,-1,-1,-0.01,-1,-1,-0.01,-1,-1,-0.01,-1,-1,-0.01,-1,-1,-0.01,-1,-1,-0.01,-1,-1,-0.01,-1,-1,-0.01,-1,-1,-0.01,-1,-1
99926009,2026-05-18 13:27:59+05:30,53496.2,0,0.0,0,0.0,0.0,53282.15,53585.15,52783.45,53710.35,0,0.0,0.0,0.0,0.0,-0.01,-1,-1,-0.01,-1,-1,-0.01,-1,-1,-0.01,-1,-1,-0.01,-1,-1,-0.01,-1,-1,-0.01,-1,-1,-0.01,-1,-1,-0.01,-1,-1,-0.01,-1,-1
99926009,2026-05-18 13:28:00+05:30,53496.2,0,0.0,0,0.0,0.0,53282.15,53585.15,52783.45,53710.35,0,0.0,0.0,0.0,0.0,-0.01,-1,-1,-0.01,-1,-1,-0.01,-1,-1,-0.01,-1,-1,-0.01,-1,-1,-0.01,-1,-1,-0.01,-1,-1,-0.01,-1,-1,-0.01,-1,-1,-0.01,-1,-1
99926009,2026-05-18 13:28:00+05:30,53492.95,0,0.0,0,0.0,0.0,53282.15,53585.15,52783.45,53710.35,0,0.0,0.0,0.0,0.0,-0.01,-1,-1,-0.01,-1,-1,-0.01,-1,-1,-0.01,-1,-1,-0.01,-1,-1,-0.01,-1,-1,-0.01,-1,-1,-0.01,-1,-1,-0.01,-1,-1,-0.01,-1,-1
99926009,2026-05-18 13:28:01+05:30,53490.0,0,0.0,0,0.0,0.0,53282.15,53585.15,52783.45,53710.35,0,0.0,0.0,0.0,0.0,-0.01,-1,-1,-0.01,-1,-1,-0.01,-1,-1,-0.01,-1,-1,-0.01,-1,-1,-0.01,-1,-1,-0.01,-1,-1,-0.01,-1,-1,-0.01,-1,-1,-0.01,-1,-1
99926009,2026-05-18 13:28:01+05:30,53491.15,0,0.0,0,0.0,0.0,53282.15,53585.15,52783.45,53710.35,0,0.0,0.0,0.0,0.0,-0.01,-1,-1,-0.01,-1,-1,-0.01,-1,-1,-0.01,-1,-1,-0.01,-1,-1,-0.01,-1,-1,-0.01,-1,-1,-0.01,-1,-1,-0.01,-1,-1,-0.01,-1,-1
99926009,2026-05-18 13:28:02+05:30,53490.3,0,0.0,0,0.0,0.0,53282.15,53585.15,52783.45,53710.35,0,0.0,0.0,0.0,0.0,-0.01,-1,-1,-0.01,-1,-1,-0.01,-1,-1,-0.01,-1,-1,-0.01,-1,-1,-0.01,-1,-1,-0.01,-1,-1,-0.01,-1,-1,-0.01,-1,-1,-0.01,-1,-1
99926009,2026-05-18 13:28:02+05:30,53488.9,0,0.0,0,0.0,0.0,53282.15,53585.15,52783.45,53710.35,0,0.0,0.0,0.0,0.0,-0.01,-1,-1,-0.01,-1,-1,-0.01,-1,-1,-0.01,-1,-1,-0.01,-1,-1,-0.01,-1,-1,-0.01,-1,-1,-0.01,-1,-1,-0.01,-1,-1,-0.01,-1,-1
99926009,2026-05-18 13:28:03+05:30,53489.1,0,0.0,0,0.0,0.0,53282.15,53585.15,52783.45,53710.35,0,0.0,0.0,0.0,0.0,-0.01,-1,-1,-0.01,-1,-1,-0.01,-1,-1,-0.01,-1,-1,-0.01,-1,-1,-0.01,-1,-1,-0.01,-1,-1,-0.01,-1,-1,-0.01,-1,-1,-0.01,-1,-1
99926009,2026-05-18 13:28:03+05:30,53489.8,0,0.0,0,0.0,0.0,53282.15,53585.15,52783.45,53710.35,0,0.0,0.0,0.0,0.0,-0.01,-1,-1,-0.01,-1,-1,-0.01,-1,-1,-0.01,-1,-1,-0.01,-1,-1,-0.01,-1,-1,-0.01,-1,-1,-0.01,-1,-1,-0.01,-1,-1,-0.01,-1,-1
99926009,2026-05-18 13:28:04+05:30,53490.55,0,0.0,0,0.0,0.0,53282.15,53585.15,52783.45,53710.35,0,0.0,0.0,0.0,0.0,-0.01,-1,-1,-0.01,-1,-1,-0.01,-1,-1,-0.01,-1,-1,-0.01,-1,-1,-0.01,-1,-1,-0.01,-1,-1,-0.01,-1,-1,-0.01,-1,-1,-0.01,-1,-1
99926009,2026-05-18 13:28:04+05:30,53492.1,0,0.0,0,0.0,0.0,53282.15,53585.15,52783.45,53710.35,0,0.0,0.0,0.0,0.0,-0.01,-1,-1,-0.01,-1,-1,-0.01,-1,-1,-0.01,-1,-1,-0.01,-1,-1,-0.01,-1,-1,-0.01,-1,-1,-0.01,-1,-1,-0.01,-1,-1,-0.01,-1,-1
99926009,2026-05-18 13:28:05+05:30,53493.05,0,0.0,0,0.0,0.0,53282.15,53585.15,52783.45,53710.35,0,0.0,0.0,0.0,0.0,-0.01,-1,-1,-0.01,-1,-1,-0.01,-1,-1,-0.01,-1,-1,-0.01,-1,-1,-0.01,-1,-1,-0.01,-1,-1,-0.01,-1,-1,-0.01,-1,-1,-0.01,-1,-1
99926009,2026-05-18 13:28:05+05:30,53489.45,0,0.0,0,0.0,0.0,53282.15,53585.15,52783.45,53710.35,0,0.0,0.0,0.0,0.0,-0.01,-1,-1,-0.01,-1,-1,-0.01,-1,-1,-0.01,-1,-1,-0.01,-1,-1,-0.01,-1,-1,-0.01,-1,-1,-0.01,-1,-1,-0.01,-1,-1,-0.01,-1,-1
99926009,2026-05-18 13:28:06+05:30,53488.85,0,0.0,0,0.0,0.0,53282.15,53585.15,52783.45,53710.35,0,0.0,0.0,0.0,0.0,-0.01,-1,-1,-0.01,-1,-1,-0.01,-1,-1,-0.01,-1,-1,-0.01,-1,-1,-0.01,-1,-1,-0.01,-1,-1,-0.01,-1,-1,-0.01,-1,-1,-0.01,-1,-1
99926009,2026-05-18 13:28:06+05:30,53489.5,0,0.0,0,0.0,0.0,53282.15,53585.15,52783.45,53710.35,0,0.0,0.0,0.0,0.0,-0.01,-1,-1,-0.01,-1,-1,-0.01,-1,-1,-0.01,-1,-1,-0.01,-1,-1,-0.01,-1,-1,-0.01,-1,-1,-0.01,-1,-1,-0.01,-1,-1,-0.01,-1,-1
99926009,2026-05-18 13:28:07+05:30,53490.5,0,0.0,0,0.0,0.0,53282.15,53585.15,52783.45,53710.35,0,0.0,0.0,0.0,0.0,-0.01,-1,-1,-0.01,-1,-1,-0.01,-1,-1,-0.01,-1,-1,-0.01,-1,-1,-0.01,-1,-1,-0.01,-1,-1,-0.01,-1,-1,-0.01,-1,-1,-0.01,-1,-1
99926009,2026-05-18 13:28:07+05:30,53487.15,0,0.0,0,0.0,0.0,53282.15,53585.15,52783.45,53710.35,0,0.0,0.0,0.0,0.0,-0.01,-1,-1,-0.01,-1,-1,-0.01,-1,-1,-0.01,-1,-1,-0.01,-1,-1,-0.01,-1,-1,-0.01,-1,-1,-0.01,-1,-1,-0.01,-1,-1,-0.01,-1,-1
99926009,2026-05-18 13:28:08+05:30,53485.95,0,0.0,0,0.0,0.0,53282.15,53585.15,52783.45,53710.35,0,0.0,0.0,0.0,0.0,-0.01,-1,-1,-0.01,-1,-1,-0.01,-1,-1,-0.01,-1,-1,-0.01,-1,-1,-0.01,-1,-1,-0.01,-1,-1,-0.01,-1,-1,-0.01,-1,-1,-0.01,-1,-1
99926009,2026-05-18 13:28:08+05:30,53486.35,0,0.0,0,0.0,0.0,53282.15,53585.15,52783.45,53710.35,0,0.0,0.0,0.0,0.0,-0.01,-1,-1,-0.01,-1,-1,-0.01,-1,-1,-0.01,-1,-1,-0.01,-1,-1,-0.01,-1,-1,-0.01,-1,-1,-0.01,-1,-1,-0.01,-1,-1,-0.01,-1,-1
99926009,2026-05-18 13:28:09+05:30,53488.6,0,0.0,0,0.0,0.0,53282.15,53585.15,52783.45,53710.35,0,0.0,0.0,0.0,0.0,-0.01,-1,-1,-0.01,-1,-1,-0.01,-1,-1,-0.01,-1,-1,-0.01,-1,-1,-0.01,-1,-1,-0.01,-1,-1,-0.01,-1,-1,-0.01,-1,-1,-0.01,-1,-1
99926009,2026-05-18 13:28:09+05:30,53489.3,0,0.0,0,0.0,0.0,53282.15,53585.15,52783.45,53710.35,0,0.0,0.0,0.0,0.0,-0.01,-1,-1,-0.01,-1,-1,-0.01,-1,-1,-0.01,-1,-1,-0.01,-1,-1,-0.01,-1,-1,-0.01,-1,-1,-0.01,-1,-1,-0.01,-1,-1,-0.01,-1,-1
99926009,2026-05-18 13:28:10+05:30,53492.8,0,0.0,0,0.0,0.0,53282.15,53585.15,52783.45,53710.35,0,0.0,0.0,0.0,0.0,-0.01,-1,-1,-0.01,-1,-1,-0.01,-1,-1,-0.01,-1,-1,-0.01,-1,-1,-0.01,-1,-1,-0.01,-1,-1,-0.01,-1,-1,-0.01,-1,-1,-0.01,-1,-1
99926009,2026-05-18 13:28:10+05:30,53490.85,0,0.0,0,0.0,0.0,53282.15,53585.15,52783.45,53710.35,0,0.0,0.0,0.0,0.0,-0.01,-1,-1,-0.01,-1,-1,-0.01,-1,-1,-0.01,-1,-1,-0.01,-1,-1,-0.01,-1,-1,-0.01,-1,-1,-0.01,-1,-1,-0.01,-1,-1,-0.01,-1,-1
99926009,2026-05-18 13:28:11+05:30,53489.4,0,0.0,0,0.0,0.0,53282.15,53585.15,52783.45,53710.35,0,0.0,0.0,0.0,0.0,-0.01,-1,-1,-0.01,-1,-1,-0.01,-1,-1,-0.01,-1,-1,-0.01,-1,-1,-0.01,-1,-1,-0.01,-1,-1,-0.01,-1,-1,-0.01,-1,-1,-0.01,-1,-1
99926009,2026-05-18 13:28:11+05:30,53492.2,0,0.0,0,0.0,0.0,53282.15,53585.15,52783.45,53710.35,0,0.0,0.0,0.0,0.0,-0.01,-1,-1,-0.01,-1,-1,-0.01,-1,-1,-0.01,-1,-1,-0.01,-1,-1,-0.01,-1,-1,-0.01,-1,-1,-0.01,-1,-1,-0.01,-1,-1,-0.01,-1,-1
99926009,2026-05-18 13:28:12+05:30,53490.6,0,0.0,0,0.0,0.0,53282.15,53585.15,52783.45,53710.35,0,0.0,0.0,0.0,0.0,-0.01,-1,-1,-0.01,-1,-1,-0.01,-1,-1,-0.01,-1,-1,-0.01,-1,-1,-0.01,-1,-1,-0.01,-1,-1,-0.01,-1,-1,-0.01,-1,-1,-0.01,-1,-1
99926009,2026-05-18 13:28:12+05:30,53490.6,0,0.0,0,0.0,0.0,53282.15,53585.15,52783.45,53710.35,0,0.0,0.0,0.0,0.0,-0.01,-1,-1,-0.01,-1,-1,-0.01,-1,-1,-0.01,-1,-1,-0.01,-1,-1,-0.01,-1,-1,-0.01,-1,-1,-0.01,-1,-1,-0.01,-1,-1,-0.01,-1,-1
99926009,2026-05-18 13:28:13+05:30,53491.5,0,0.0,0,0.0,0.0,53282.15,53585.15,52783.45,53710.35,0,0.0,0.0,0.0,0.0,-0.01,-1,-1,-0.01,-1,-1,-0.01,-1,-1,-0.01,-1,-1,-0.01,-1,-1,-0.01,-1,-1,-0.01,-1,-1,-0.01,-1,-1,-0.01,-1,-1,-0.01,-1,-1
99926009,2026-05-18 13:28:13+05:30,53490.65,0,0.0,0,0.0,0.0,53282.15,53585.15,52783.45,53710.35,0,0.0,0.0,0.0,0.0,-0.01,-1,-1,-0.01,-1,-1,-0.01,-1,-1,-0.01,-1,-1,-0.01,-1,-1,-0.01,-1,-1,-0.01,-1,-1,-0.01,-1,-1,-0.01,-1,-1,-0.01,-1,-1
99926009,2026-05-18 13:28:14+05:30,53489.15,0,0.0,0,0.0,0.0,53282.15,53585.15,52783.45,53710.35,0,0.0,0.0,0.0,0.0,-0.01,-1,-1,-0.01,-1,-1,-0.01,-1,-1,-0.01,-1,-1,-0.01,-1,-1,-0.01,-1,-1,-0.01,-1,-1,-0.01,-1,-1,-0.01,-1,-1,-0.01,-1,-1
99926009,2026-05-18 13:28:14+05:30,53489.65,0,0.0,0,0.0,0.0,53282.15,53585.15,52783.45,53710.35,0,0.0,0.0,0.0,0.0,-0.01,-1,-1,-0.01,-1,-1,-0.01,-1,-1,-0.01,-1,-1,-0.01,-1,-1,-0.01,-1,-1,-0.01,-1,-1,-0.01,-1,-1,-0.01,-1,-1,-0.01,-1,-1
99926009,2026-05-18 13:28:15+05:30,53491.95,0,0.0,0,0.0,0.0,53282.15,53585.15,52783.45,53710.35,0,0.0,0.0,0.0,0.0,-0.01,-1,-1,-0.01,-1,-1,-0.01,-1,-1,-0.01,-1,-1,-0.01,-1,-1,-0.01,-1,-1,-0.01,-1,-1,-0.01,-1,-1,-0.01,-1,-1,-0.01,-1,-1
99926009,2026-05-18 13:28:15+05:30,53490.5,0,0.0,0,0.0,0.0,53282.15,53585.15,52783.45,53710.35,0,0.0,0.0,0.0,0.0,-0.01,-1,-1,-0.01,-1,-1,-0.01,-1,-1,-0.01,-1,-1,-0.01,-1,-1,-0.01,-1,-1,-0.01,-1,-1,-0.01,-1,-1,-0.01,-1,-1,-0.01,-1,-1
99926009,2026-05-18 13:28:16+05:30,53489.7,0,0.0,0,0.0,0.0,53282.15,53585.15,52783.45,53710.35,0,0.0,0.0,0.0,0.0,-0.01,-1,-1,-0.01,-1,-1,-0.01,-1,-1,-0.01,-1,-1,-0.01,-1,-1,-0.01,-1,-1,-0.01,-1,-1,-0.01,-1,-1,-0.01,-1,-1,-0.01,-1,-1
99926009,2026-05-18 13:28:16+05:30,53488.75,0,0.0,0,0.0,0.0,53282.15,53585.15,52783.45,53710.35,0,0.0,0.0,0.0,0.0,-0.01,-1,-1,-0.01,-1,-1,-0.01,-1,-1,-0.01,-1,-1,-0.01,-1,-1,-0.01,-1,-1,-0.01,-1,-1,-0.01,-1,-1,-0.01,-1,-1,-0.01,-1,-1
99926009,2026-05-18 13:28:17+05:30,53488.55,0,0.0,0,0.0,0.0,53282.15,53585.15,52783.45,53710.35,0,0.0,0.0,0.0,0.0,-0.01,-1,-1,-0.01,-1,-1,-0.01,-1,-1,-0.01,-1,-1,-0.01,-1,-1,-0.01,-1,-1,-0.01,-1,-1,-0.01,-1,-1,-0.01,-1,-1,-0.01,-1,-1
99926009,2026-05-18 13:28:17+05:30,53487.2,0,0.0,0,0.0,0.0,53282.15,53585.15,52783.45,53710.35,0,0.0,0.0,0.0,0.0,-0.01,-1,-1,-0.01,-1,-1,-0.01,-1,-1,-0.01,-1,-1,-0.01,-1,-1,-0.01,-1,-1,-0.01,-1,-1,-0.01,-1,-1,-0.01,-1,-1,-0.01,-1,-1
99926009,2026-05-18 13:28:18+05:30,53489.25,0,0.0,0,0.0,0.0,53282.15,53585.15,52783.45,53710.35,0,0.0,0.0,0.0,0.0,-0.01,-1,-1,-0.01,-1,-1,-0.01,-1,-1,-0.01,-1,-1,-0.01,-1,-1,-0.01,-1,-1,-0.01,-1,-1,-0.01,-1,-1,-0.01,-1,-1,-0.01,-1,-1
99926009,2026-05-18 13:28:18+05:30,53490.45,0,0.0,0,0.0,0.0,53282.15,53585.15,52783.45,53710.35,0,0.0,0.0,0.0,0.0,-0.01,-1,-1,-0.01,-1,-1,-0.01,-1,-1,-0.01,-1,-1,-0.01,-1,-1,-0.01,-1,-1,-0.01,-1,-1,-0.01,-1,-1,-0.01,-1,-1,-0.01,-1,-1
99926009,2026-05-18 13:28:19+05:30,53488.75,0,0.0,0,0.0,0.0,53282.15,53585.15,52783.45,53710.35,0,0.0,0.0,0.0,0.0,-0.01,-1,-1,-0.01,-1,-1,-0.01,-1,-1,-0.01,-1,-1,-0.01,-1,-1,-0.01,-1,-1,-0.01,-1,-1,-0.01,-1,-1,-0.01,-1,-1,-0.01,-1,-1
99926009,2026-05-18 13:28:19+05:30,53494.25,0,0.0,0,0.0,0.0,53282.15,53585.15,52783.45,53710.35,0,0.0,0.0,0.0,0.0,-0.01,-1,-1,-0.01,-1,-1,-0.01,-1,-1,-0.01,-1,-1,-0.01,-1,-1,-0.01,-1,-1,-0.01,-1,-1,-0.01,-1,-1,-0.01,-1,-1,-0.01,-1,-1
99926009,2026-05-18 13:28:20+05:30,53492.95,0,0.0,0,0.0,0.0,53282.15,53585.15,52783.45,53710.35,0,0.0,0.0,0.0,0.0,-0.01,-1,-1,-0.01,-1,-1,-0.01,-1,-1,-0.01,-1,-1,-0.01,-1,-1,-0.01,-1,-1,-0.01,-1,-1,-0.01,-1,-1,-0.01,-1,-1,-0.01,-1,-1
99926009,2026-05-18 13:28:20+05:30,53491.1,0,0.0,0,0.0,0.0,53282.15,53585.15,52783.45,53710.35,0,0.0,0.0,0.0,0.0,-0.01,-1,-1,-0.01,-1,-1,-0.01,-1,-1,-0.01,-1,-1,-0.01,-1,-1,-0.01,-1,-1,-0.01,-1,-1,-0.01,-1,-1,-0.01,-1,-1,-0.01,-1,-1
99926009,2026-05-18 13:28:21+05:30,53491.75,0,0.0,0,0.0,0.0,53282.15,53585.15,52783.45,53710.35,0,0.0,0.0,0.0,0.0,-0.01,-1,-1,-0.01,-1,-1,-0.01,-1,-1,-0.01,-1,-1,-0.01,-1,-1,-0.01,-1,-1,-0.01,-1,-1,-0.01,-1,-1,-0.01,-1,-1,-0.01,-1,-1
99926009,2026-05-18 13:28:21+05:30,53492.45,0,0.0,0,0.0,0.0,53282.15,53585.15,52783.45,53710.35,0,0.0,0.0,0.0,0.0,-0.01,-1,-1,-0.01,-1,-1,-0.01,-1,-1,-0.01,-1,-1,-0.01,-1,-1,-0.01,-1,-1,-0.01,-1,-1,-0.01,-1,-1,-0.01,-1,-1,-0.01,-1,-1
99926009,2026-05-18 13:28:22+05:30,53492.1,0,0.0,0,0.0,0.0,53282.15,53585.15,52783.45,53710.35,0,0.0,0.0,0.0,0.0,-0.01,-1,-1,-0.01,-1,-1,-0.01,-1,-1,-0.01,-1,-1,-0.01,-1,-1,-0.01,-1,-1,-0.01,-1,-1,-0.01,-1,-1,-0.01,-1,-1,-0.01,-1,-1
99926009,2026-05-18 13:28:22+05:30,53492.5,0,0.0,0,0.0,0.0,53282.15,53585.15,52783.45,53710.35,0,0.0,0.0,0.0,0.0,-0.01,-1,-1,-0.01,-1,-1,-0.01,-1,-1,-0.01,-1,-1,-0.01,-1,-1,-0.01,-1,-1,-0.01,-1,-1,-0.01,-1,-1,-0.01,-1,-1,-0.01,-1,-1
99926009,2026-05-18 13:28:23+05:30,53491.65,0,0.0,0,0.0,0.0,53282.15,53585.15,52783.45,53710.35,0,0.0,0.0,0.0,0.0,-0.01,-1,-1,-0.01,-1,-1,-0.01,-1,-1,-0.01,-1,-1,-0.01,-1,-1,-0.01,-1,-1,-0.01,-1,-1,-0.01,-1,-1,-0.01,-1,-1,-0.01,-1,-1
99926009,2026-05-18 13:28:23+05:30,53490.9,0,0.0,0,0.0,0.0,53282.15,53585.15,52783.45,53710.35,0,0.0,0.0,0.0,0.0,-0.01,-1,-1,-0.01,-1,-1,-0.01,-1,-1,-0.01,-1,-1,-0.01,-1,-1,-0.01,-1,-1,-0.01,-1,-1,-0.01,-1,-1,-0.01,-1,-1,-0.01,-1,-1
99926009,2026-05-18 13:28:24+05:30,53491.4,0,0.0,0,0.0,0.0,53282.15,53585.15,52783.45,53710.35,0,0.0,0.0,0.0,0.0,-0.01,-1,-1,-0.01,-1,-1,-0.01,-1,-1,-0.01,-1,-1,-0.01,-1,-1,-0.01,-1,-1,-0.01,-1,-1,-0.01,-1,-1,-0.01,-1,-1,-0.01,-1,-1
99926009,2026-05-18 13:28:24+05:30,53493.9,0,0.0,0,0.0,0.0,53282.15,53585.15,52783.45,53710.35,0,0.0,0.0,0.0,0.0,-0.01,-1,-1,-0.01,-1,-1,-0.01,-1,-1,-0.01,-1,-1,-0.01,-1,-1,-0.01,-1,-1,-0.01,-1,-1,-0.01,-1,-1,-0.01,-1,-1,-0.01,-1,-1
99926009,2026-05-18 13:28:25+05:30,53496.65,0,0.0,0,0.0,0.0,53282.15,53585.15,52783.45,53710.35,0,0.0,0.0,0.0,0.0,-0.01,-1,-1,-0.01,-1,-1,-0.01,-1,-1,-0.01,-1,-1,-0.01,-1,-1,-0.01,-1,-1,-0.01,-1,-1,-0.01,-1,-1,-0.01,-1,-1,-0.01,-1,-1
99926009,2026-05-18 13:28:25+05:30,53493.75,0,0.0,0,0.0,0.0,53282.15,53585.15,52783.45,53710.35,0,0.0,0.0,0.0,0.0,-0.01,-1,-1,-0.01,-1,-1,-0.01,-1,-1,-0.01,-1,-1,-0.01,-1,-1,-0.01,-1,-1,-0.01,-1,-1,-0.01,-1,-1,-0.01,-1,-1,-0.01,-1,-1
99926009,2026-05-18 13:28:26+05:30,53494.4,0,0.0,0,0.0,0.0,53282.15,53585.15,52783.45,53710.35,0,0.0,0.0,0.0,0.0,-0.01,-1,-1,-0.01,-1,-1,-0.01,-1,-1,-0.01,-1,-1,-0.01,-1,-1,-0.01,-1,-1,-0.01,-1,-1,-0.01,-1,-1,-0.01,-1,-1,-0.01,-1,-1
99926009,2026-05-18 13:28:26+05:30,53492.35,0,0.0,0,0.0,0.0,53282.15,53585.15,52783.45,53710.35,0,0.0,0.0,0.0,0.0,-0.01,-1,-1,-0.01,-1,-1,-0.01,-1,-1,-0.01,-1,-1,-0.01,-1,-1,-0.01,-1,-1,-0.01,-1,-1,-0.01,-1,-1,-0.01,-1,-1,-0.01,-1,-1
99926009,2026-05-18 13:28:27+05:30,53493.75,0,0.0,0,0.0,0.0,53282.15,53585.15,52783.45,53710.35,0,0.0,0.0,0.0,0.0,-0.01,-1,-1,-0.01,-1,-1,-0.01,-1,-1,-0.01,-1,-1,-0.01,-1,-1,-0.01,-1,-1,-0.01,-1,-1,-0.01,-1,-1,-0.01,-1,-1,-0.01,-1,-1
99926009,2026-05-18 13:28:27+05:30,53493.7,0,0.0,0,0.0,0.0,53282.15,53585.15,52783.45,53710.35,0,0.0,0.0,0.0,0.0,-0.01,-1,-1,-0.01,-1,-1,-0.01,-1,-1,-0.01,-1,-1,-0.01,-1,-1,-0.01,-1,-1,-0.01,-1,-1,-0.01,-1,-1,-0.01,-1,-1,-0.01,-1,-1
99926009,2026-05-18 13:28:28+05:30,53494.4,0,0.0,0,0.0,0.0,53282.15,53585.15,52783.45,53710.35,0,0.0,0.0,0.0,0.0,-0.01,-1,-1,-0.01,-1,-1,-0.01,-1,-1,-0.01,-1,-1,-0.01,-1,-1,-0.01,-1,-1,-0.01,-1,-1,-0.01,-1,-1,-0.01,-1,-1,-0.01,-1,-1
99926009,2026-05-18 13:28:28+05:30,53493.95,0,0.0,0,0.0,0.0,53282.15,53585.15,52783.45,53710.35,0,0.0,0.0,0.0,0.0,-0.01,-1,-1,-0.01,-1,-1,-0.01,-1,-1,-0.01,-1,-1,-0.01,-1,-1,-0.01,-1,-1,-0.01,-1,-1,-0.01,-1,-1,-0.01,-1,-1,-0.01,-1,-1
99926009,2026-05-18 13:28:29+05:30,53493.65,0,0.0,0,0.0,0.0,53282.15,53585.15,52783.45,53710.35,0,0.0,0.0,0.0,0.0,-0.01,-1,-1,-0.01,-1,-1,-0.01,-1,-1,-0.01,-1,-1,-0.01,-1,-1,-0.01,-1,-1,-0.01,-1,-1,-0.01,-1,-1,-0.01,-1,-1,-0.01,-1,-1
99926009,2026-05-18 13:28:29+05:30,53493.0,0,0.0,0,0.0,0.0,53282.15,53585.15,52783.45,53710.35,0,0.0,0.0,0.0,0.0,-0.01,-1,-1,-0.01,-1,-1,-0.01,-1,-1,-0.01,-1,-1,-0.01,-1,-1,-0.01,-1,-1,-0.01,-1,-1,-0.01,-1,-1,-0.01,-1,-1,-0.01,-1,-1
99926009,2026-05-18 13:28:30+05:30,53495.25,0,0.0,0,0.0,0.0,53282.15,53585.15,52783.45,53710.35,0,0.0,0.0,0.0,0.0,-0.01,-1,-1,-0.01,-1,-1,-0.01,-1,-1,-0.01,-1,-1,-0.01,-1,-1,-0.01,-1,-1,-0.01,-1,-1,-0.01,-1,-1,-0.01,-1,-1,-0.01,-1,-1
99926009,2026-05-18 13:28:30+05:30,53493.75,0,0.0,0,0.0,0.0,53282.15,53585.15,52783.45,53710.35,0,0.0,0.0,0.0,0.0,-0.01,-1,-1,-0.01,-1,-1,-0.01,-1,-1,-0.01,-1,-1,-0.01,-1,-1,-0.01,-1,-1,-0.01,-1,-1,-0.01,-1,-1,-0.01,-1,-1,-0.01,-1,-1
99926009,2026-05-18 13:28:31+05:30,53492.7,0,0.0,0,0.0,0.0,53282.15,53585.15,52783.45,53710.35,0,0.0,0.0,0.0,0.0,-0.01,-1,-1,-0.01,-1,-1,-0.01,-1,-1,-0.01,-1,-1,-0.01,-1,-1,-0.01,-1,-1,-0.01,-1,-1,-0.01,-1,-1,-0.01,-1,-1,-0.01,-1,-1
99926009,2026-05-18 13:28:31+05:30,53492.8,0,0.0,0,0.0,0.0,53282.15,53585.15,52783.45,53710.35,0,0.0,0.0,0.0,0.0,-0.01,-1,-1,-0.01,-1,-1,-0.01,-1,-1,-0.01,-1,-1,-0.01,-1,-1,-0.01,-1,-1,-0.01,-1,-1,-0.01,-1,-1,-0.01,-1,-1,-0.01,-1,-1
99926009,2026-05-18 13:28:32+05:30,53493.5,0,0.0,0,0.0,0.0,53282.15,53585.15,52783.45,53710.35,0,0.0,0.0,0.0,0.0,-0.01,-1,-1,-0.01,-1,-1,-0.01,-1,-1,-0.01,-1,-1,-0.01,-1,-1,-0.01,-1,-1,-0.01,-1,-1,-0.01,-1,-1,-0.01,-1,-1,-0.01,-1,-1
99926009,2026-05-18 13:28:32+05:30,53490.95,0,0.0,0,0.0,0.0,53282.15,53585.15,52783.45,53710.35,0,0.0,0.0,0.0,0.0,-0.01,-1,-1,-0.01,-1,-1,-0.01,-1,-1,-0.01,-1,-1,-0.01,-1,-1,-0.01,-1,-1,-0.01,-1,-1,-0.01,-1,-1,-0.01,-1,-1,-0.01,-1,-1
99926009,2026-05-18 13:28:33+05:30,53489.25,0,0.0,0,0.0,0.0,53282.15,53585.15,52783.45,53710.35,0,0.0,0.0,0.0,0.0,-0.01,-1,-1,-0.01,-1,-1,-0.01,-1,-1,-0.01,-1,-1,-0.01,-1,-1,-0.01,-1,-1,-0.01,-1,-1,-0.01,-1,-1,-0.01,-1,-1,-0.01,-1,-1
99926009,2026-05-18 13:28:33+05:30,53487.6,0,0.0,0,0.0,0.0,53282.15,53585.15,52783.45,53710.35,0,0.0,0.0,0.0,0.0,-0.01,-1,-1,-0.01,-1,-1,-0.01,-1,-1,-0.01,-1,-1,-0.01,-1,-1,-0.01,-1,-1,-0.01,-1,-1,-0.01,-1,-1,-0.01,-1,-1,-0.01,-1,-1
99926009,2026-05-18 13:28:34+05:30,53488.0,0,0.0,0,0.0,0.0,53282.15,53585.15,52783.45,53710.35,0,0.0,0.0,0.0,0.0,-0.01,-1,-1,-0.01,-1,-1,-0.01,-1,-1,-0.01,-1,-1,-0.01,-1,-1,-0.01,-1,-1,-0.01,-1,-1,-0.01,-1,-1,-0.01,-1,-1,-0.01,-1,-1
99926009,2026-05-18 13:28:34+05:30,53488.8,0,0.0,0,0.0,0.0,53282.15,53585.15,52783.45,53710.35,0,0.0,0.0,0.0,0.0,-0.01,-1,-1,-0.01,-1,-1,-0.01,-1,-1,-0.01,-1,-1,-0.01,-1,-1,-0.01,-1,-1,-0.01,-1,-1,-0.01,-1,-1,-0.01,-1,-1,-0.01,-1,-1
99926009,2026-05-18 13:28:35+05:30,53489.25,0,0.0,0,0.0,0.0,53282.15,53585.15,52783.45,53710.35,0,0.0,0.0,0.0,0.0,-0.01,-1,-1,-0.01,-1,-1,-0.01,-1,-1,-0.01,-1,-1,-0.01,-1,-1,-0.01,-1,-1,-0.01,-1,-1,-0.01,-1,-1,-0.01,-1,-1,-0.01,-1,-1
99926009,2026-05-18 13:28:35+05:30,53487.1,0,0.0,0,0.0,0.0,53282.15,53585.15,52783.45,53710.35,0,0.0,0.0,0.0,0.0,-0.01,-1,-1,-0.01,-1,-1,-0.01,-1,-1,-0.01,-1,-1,-0.01,-1,-1,-0.01,-1,-1,-0.01,-1,-1,-0.01,-1,-1,-0.01,-1,-1,-0.01,-1,-1
99926009,2026-05-18 13:28:36+05:30,53486.2,0,0.0,0,0.0,0.0,53282.15,53585.15,52783.45,53710.35,0,0.0,0.0,0.0,0.0,-0.01,-1,-1,-0.01,-1,-1,-0.01,-1,-1,-0.01,-1,-1,-0.01,-1,-1,-0.01,-1,-1,-0.01,-1,-1,-0.01,-1,-1,-0.01,-1,-1,-0.01,-1,-1
99926009,2026-05-18 13:28:36+05:30,53487.2,0,0.0,0,0.0,0.0,53282.15,53585.15,52783.45,53710.35,0,0.0,0.0,0.0,0.0,-0.01,-1,-1,-0.01,-1,-1,-0.01,-1,-1,-0.01,-1,-1,-0.01,-1,-1,-0.01,-1,-1,-0.01,-1,-1,-0.01,-1,-1,-0.01,-1,-1,-0.01,-1,-1
99926009,2026-05-18 13:28:37+05:30,53484.55,0,0.0,0,0.0,0.0,53282.15,53585.15,52783.45,53710.35,0,0.0,0.0,0.0,0.0,-0.01,-1,-1,-0.01,-1,-1,-0.01,-1,-1,-0.01,-1,-1,-0.01,-1,-1,-0.01,-1,-1,-0.01,-1,-1,-0.01,-1,-1,-0.01,-1,-1,-0.01,-1,-1
99926009,2026-05-18 13:28:37+05:30,53484.1,0,0.0,0,0.0,0.0,53282.15,53585.15,52783.45,53710.35,0,0.0,0.0,0.0,0.0,-0.01,-1,-1,-0.01,-1,-1,-0.01,-1,-1,-0.01,-1,-1,-0.01,-1,-1,-0.01,-1,-1,-0.01,-1,-1,-0.01,-1,-1,-0.01,-1,-1,-0.01,-1,-1
99926009,2026-05-18 13:28:38+05:30,53482.4,0,0.0,0,0.0,0.0,53282.15,53585.15,52783.45,53710.35,0,0.0,0.0,0.0,0.0,-0.01,-1,-1,-0.01,-1,-1,-0.01,-1,-1,-0.01,-1,-1,-0.01,-1,-1,-0.01,-1,-1,-0.01,-1,-1,-0.01,-1,-1,-0.01,-1,-1,-0.01,-1,-1
99926009,2026-05-18 13:28:38+05:30,53483.6,0,0.0,0,0.0,0.0,53282.15,53585.15,52783.45,53710.35,0,0.0,0.0,0.0,0.0,-0.01,-1,-1,-0.01,-1,-1,-0.01,-1,-1,-0.01,-1,-1,-0.01,-1,-1,-0.01,-1,-1,-0.01,-1,-1,-0.01,-1,-1,-0.01,-1,-1,-0.01,-1,-1
99926009,2026-05-18 13:28:39+05:30,53482.25,0,0.0,0,0.0,0.0,53282.15,53585.15,52783.45,53710.35,0,0.0,0.0,0.0,0.0,-0.01,-1,-1,-0.01,-1,-1,-0.01,-1,-1,-0.01,-1,-1,-0.01,-1,-1,-0.01,-1,-1,-0.01,-1,-1,-0.01,-1,-1,-0.01,-1,-1,-0.01,-1,-1
99926009,2026-05-18 13:28:39+05:30,53483.0,0,0.0,0,0.0,0.0,53282.15,53585.15,52783.45,53710.35,0,0.0,0.0,0.0,0.0,-0.01,-1,-1,-0.01,-1,-1,-0.01,-1,-1,-0.01,-1,-1,-0.01,-1,-1,-0.01,-1,-1,-0.01,-1,-1,-0.01,-1,-1,-0.01,-1,-1,-0.01,-1,-1
99926009,2026-05-18 13:28:40+05:30,53483.2,0,0.0,0,0.0,0.0,53282.15,53585.15,52783.45,53710.35,0,0.0,0.0,0.0,0.0,-0.01,-1,-1,-0.01,-1,-1,-0.01,-1,-1,-0.01,-1,-1,-0.01,-1,-1,-0.01,-1,-1,-0.01,-1,-1,-0.01,-1,-1,-0.01,-1,-1,-0.01,-1,-1
99926009,2026-05-18 13:28:40+05:30,53479.5,0,0.0,0,0.0,0.0,53282.15,53585.15,52783.45,53710.35,0,0.0,0.0,0.0,0.0,-0.01,-1,-1,-0.01,-1,-1,-0.01,-1,-1,-0.01,-1,-1,-0.01,-1,-1,-0.01,-1,-1,-0.01,-1,-1,-0.01,-1,-1,-0.01,-1,-1,-0.01,-1,-1
99926009,2026-05-18 13:28:41+05:30,53477.1,0,0.0,0,0.0,0.0,53282.15,53585.15,52783.45,53710.35,0,0.0,0.0,0.0,0.0,-0.01,-1,-1,-0.01,-1,-1,-0.01,-1,-1,-0.01,-1,-1,-0.01,-1,-1,-0.01,-1,-1,-0.01,-1,-1,-0.01,-1,-1,-0.01,-1,-1,-0.01,-1,-1
99926009,2026-05-18 13:28:41+05:30,53477.8,0,0.0,0,0.0,0.0,53282.15,53585.15,52783.45,53710.35,0,0.0,0.0,0.0,0.0,-0.01,-1,-1,-0.01,-1,-1,-0.01,-1,-1,-0.01,-1,-1,-0.01,-1,-1,-0.01,-1,-1,-0.01,-1,-1,-0.01,-1,-1,-0.01,-1,-1,-0.01,-1,-1
99926009,2026-05-18 13:28:42+05:30,53474.85,0,0.0,0,0.0,0.0,53282.15,53585.15,52783.45,53710.35,0,0.0,0.0,0.0,0.0,-0.01,-1,-1,-0.01,-1,-1,-0.01,-1,-1,-0.01,-1,-1,-0.01,-1,-1,-0.01,-1,-1,-0.01,-1,-1,-0.01,-1,-1,-0.01,-1,-1,-0.01,-1,-1
99926009,2026-05-18 13:28:42+05:30,53474.25,0,0.0,0,0.0,0.0,53282.15,53585.15,52783.45,53710.35,0,0.0,0.0,0.0,0.0,-0.01,-1,-1,-0.01,-1,-1,-0.01,-1,-1,-0.01,-1,-1,-0.01,-1,-1,-0.01,-1,-1,-0.01,-1,-1,-0.01,-1,-1,-0.01,-1,-1,-0.01,-1,-1
99926009,2026-05-18 13:28:43+05:30,53473.15,0,0.0,0,0.0,0.0,53282.15,53585.15,52783.45,53710.35,0,0.0,0.0,0.0,0.0,-0.01,-1,-1,-0.01,-1,-1,-0.01,-1,-1,-0.01,-1,-1,-0.01,-1,-1,-0.01,-1,-1,-0.01,-1,-1,-0.01,-1,-1,-0.01,-1,-1,-0.01,-1,-1
99926009,2026-05-18 13:28:43+05:30,53477.3,0,0.0,0,0.0,0.0,53282.15,53585.15,52783.45,53710.35,0,0.0,0.0,0.0,0.0,-0.01,-1,-1,-0.01,-1,-1,-0.01,-1,-1,-0.01,-1,-1,-0.01,-1,-1,-0.01,-1,-1,-0.01,-1,-1,-0.01,-1,-1,-0.01,-1,-1,-0.01,-1,-1
99926009,2026-05-18 13:28:44+05:30,53477.6,0,0.0,0,0.0,0.0,53282.15,53585.15,52783.45,53710.35,0,0.0,0.0,0.0,0.0,-0.01,-1,-1,-0.01,-1,-1,-0.01,-1,-1,-0.01,-1,-1,-0.01,-1,-1,-0.01,-1,-1,-0.01,-1,-1,-0.01,-1,-1,-0.01,-1,-1,-0.01,-1,-1
99926009,2026-05-18 13:28:44+05:30,53476.6,0,0.0,0,0.0,0.0,53282.15,53585.15,52783.45,53710.35,0,0.0,0.0,0.0,0.0,-0.01,-1,-1,-0.01,-1,-1,-0.01,-1,-1,-0.01,-1,-1,-0.01,-1,-1,-0.01,-1,-1,-0.01,-1,-1,-0.01,-1,-1,-0.01,-1,-1,-0.01,-1,-1
99926009,2026-05-18 13:28:45+05:30,53469.8,0,0.0,0,0.0,0.0,53282.15,53585.15,52783.45,53710.35,0,0.0,0.0,0.0,0.0,-0.01,-1,-1,-0.01,-1,-1,-0.01,-1,-1,-0.01,-1,-1,-0.01,-1,-1,-0.01,-1,-1,-0.01,-1,-1,-0.01,-1,-1,-0.01,-1,-1,-0.01,-1,-1
99926009,2026-05-18 13:28:45+05:30,53468.5,0,0.0,0,0.0,0.0,53282.15,53585.15,52783.45,53710.35,0,0.0,0.0,0.0,0.0,-0.01,-1,-1,-0.01,-1,-1,-0.01,-1,-1,-0.01,-1,-1,-0.01,-1,-1,-0.01,-1,-1,-0.01,-1,-1,-0.01,-1,-1,-0.01,-1,-1,-0.01,-1,-1
99926009,2026-05-18 13:28:46+05:30,53469.55,0,0.0,0,0.0,0.0,53282.15,53585.15,52783.45,53710.35,0,0.0,0.0,0.0,0.0,-0.01,-1,-1,-0.01,-1,-1,-0.01,-1,-1,-0.01,-1,-1,-0.01,-1,-1,-0.01,-1,-1,-0.01,-1,-1,-0.01,-1,-1,-0.01,-1,-1,-0.01,-1,-1
99926009,2026-05-18 13:28:46+05:30,53468.1,0,0.0,0,0.0,0.0,53282.15,53585.15,52783.45,53710.35,0,0.0,0.0,0.0,0.0,-0.01,-1,-1,-0.01,-1,-1,-0.01,-1,-1,-0.01,-1,-1,-0.01,-1,-1,-0.01,-1,-1,-0.01,-1,-1,-0.01,-1,-1,-0.01,-1,-1,-0.01,-1,-1
99926009,2026-05-18 13:28:47+05:30,53469.35,0,0.0,0,0.0,0.0,53282.15,53585.15,52783.45,53710.35,0,0.0,0.0,0.0,0.0,-0.01,-1,-1,-0.01,-1,-1,-0.01,-1,-1,-0.01,-1,-1,-0.01,-1,-1,-0.01,-1,-1,-0.01,-1,-1,-0.01,-1,-1,-0.01,-1,-1,-0.01,-1,-1
99926009,2026-05-18 13:28:47+05:30,53469.3,0,0.0,0,0.0,0.0,53282.15,53585.15,52783.45,53710.35,0,0.0,0.0,0.0,0.0,-0.01,-1,-1,-0.01,-1,-1,-0.01,-1,-1,-0.01,-1,-1,-0.01,-1,-1,-0.01,-1,-1,-0.01,-1,-1,-0.01,-1,-1,-0.01,-1,-1,-0.01,-1,-1
99926009,2026-05-18 13:28:48+05:30,53465.75,0,0.0,0,0.0,0.0,53282.15,53585.15,52783.45,53710.35,0,0.0,0.0,0.0,0.0,-0.01,-1,-1,-0.01,-1,-1,-0.01,-1,-1,-0.01,-1,-1,-0.01,-1,-1,-0.01,-1,-1,-0.01,-1,-1,-0.01,-1,-1,-0.01,-1,-1,-0.01,-1,-1
99926009,2026-05-18 13:28:48+05:30,53467.6,0,0.0,0,0.0,0.0,53282.15,53585.15,52783.45,53710.35,0,0.0,0.0,0.0,0.0,-0.01,-1,-1,-0.01,-1,-1,-0.01,-1,-1,-0.01,-1,-1,-0.01,-1,-1,-0.01,-1,-1,-0.01,-1,-1,-0.01,-1,-1,-0.01,-1,-1,-0.01,-1,-1
99926009,2026-05-18 13:28:49+05:30,53466.7,0,0.0,0,0.0,0.0,53282.15,53585.15,52783.45,53710.35,0,0.0,0.0,0.0,0.0,-0.01,-1,-1,-0.01,-1,-1,-0.01,-1,-1,-0.01,-1,-1,-0.01,-1,-1,-0.01,-1,-1,-0.01,-1,-1,-0.01,-1,-1,-0.01,-1,-1,-0.01,-1,-1
99926009,2026-05-18 13:28:49+05:30,53465.15,0,0.0,0,0.0,0.0,53282.15,53585.15,52783.45,53710.35,0,0.0,0.0,0.0,0.0,-0.01,-1,-1,-0.01,-1,-1,-0.01,-1,-1,-0.01,-1,-1,-0.01,-1,-1,-0.01,-1,-1,-0.01,-1,-1,-0.01,-1,-1,-0.01,-1,-1,-0.01,-1,-1
99926009,2026-05-18 13:28:50+05:30,53468.05,0,0.0,0,0.0,0.0,53282.15,53585.15,52783.45,53710.35,0,0.0,0.0,0.0,0.0,-0.01,-1,-1,-0.01,-1,-1,-0.01,-1,-1,-0.01,-1,-1,-0.01,-1,-1,-0.01,-1,-1,-0.01,-1,-1,-0.01,-1,-1,-0.01,-1,-1,-0.01,-1,-1
99926009,2026-05-18 13:28:50+05:30,53468.5,0,0.0,0,0.0,0.0,53282.15,53585.15,52783.45,53710.35,0,0.0,0.0,0.0,0.0,-0.01,-1,-1,-0.01,-1,-1,-0.01,-1,-1,-0.01,-1,-1,-0.01,-1,-1,-0.01,-1,-1,-0.01,-1,-1,-0.01,-1,-1,-0.01,-1,-1,-0.01,-1,-1
99926009,2026-05-18 13:28:51+05:30,53466.2,0,0.0,0,0.0,0.0,53282.15,53585.15,52783.45,53710.35,0,0.0,0.0,0.0,0.0,-0.01,-1,-1,-0.01,-1,-1,-0.01,-1,-1,-0.01,-1,-1,-0.01,-1,-1,-0.01,-1,-1,-0.01,-1,-1,-0.01,-1,-1,-0.01,-1,-1,-0.01,-1,-1
99926009,2026-05-18 13:28:51+05:30,53467.3,0,0.0,0,0.0,0.0,53282.15,53585.15,52783.45,53710.35,0,0.0,0.0,0.0,0.0,-0.01,-1,-1,-0.01,-1,-1,-0.01,-1,-1,-0.01,-1,-1,-0.01,-1,-1,-0.01,-1,-1,-0.01,-1,-1,-0.01,-1,-1,-0.01,-1,-1,-0.01,-1,-1
99926009,2026-05-18 13:28:52+05:30,53470.2,0,0.0,0,0.0,0.0,53282.15,53585.15,52783.45,53710.35,0,0.0,0.0,0.0,0.0,-0.01,-1,-1,-0.01,-1,-1,-0.01,-1,-1,-0.01,-1,-1,-0.01,-1,-1,-0.01,-1,-1,-0.01,-1,-1,-0.01,-1,-1,-0.01,-1,-1,-0.01,-1,-1
99926009,2026-05-18 13:28:52+05:30,53468.45,0,0.0,0,0.0,0.0,53282.15,53585.15,52783.45,53710.35,0,0.0,0.0,0.0,0.0,-0.01,-1,-1,-0.01,-1,-1,-0.01,-1,-1,-0.01,-1,-1,-0.01,-1,-1,-0.01,-1,-1,-0.01,-1,-1,-0.01,-1,-1,-0.01,-1,-1,-0.01,-1,-1
99926009,2026-05-18 13:28:53+05:30,53469.95,0,0.0,0,0.0,0.0,53282.15,53585.15,52783.45,53710.35,0,0.0,0.0,0.0,0.0,-0.01,-1,-1,-0.01,-1,-1,-0.01,-1,-1,-0.01,-1,-1,-0.01,-1,-1,-0.01,-1,-1,-0.01,-1,-1,-0.01,-1,-1,-0.01,-1,-1,-0.01,-1,-1
99926009,2026-05-18 13:28:53+05:30,53467.85,0,0.0,0,0.0,0.0,53282.15,53585.15,52783.45,53710.35,0,0.0,0.0,0.0,0.0,-0.01,-1,-1,-0.01,-1,-1,-0.01,-1,-1,-0.01,-1,-1,-0.01,-1,-1,-0.01,-1,-1,-0.01,-1,-1,-0.01,-1,-1,-0.01,-1,-1,-0.01,-1,-1
99926009,2026-05-18 13:28:54+05:30,53467.7,0,0.0,0,0.0,0.0,53282.15,53585.15,52783.45,53710.35,0,0.0,0.0,0.0,0.0,-0.01,-1,-1,-0.01,-1,-1,-0.01,-1,-1,-0.01,-1,-1,-0.01,-1,-1,-0.01,-1,-1,-0.01,-1,-1,-0.01,-1,-1,-0.01,-1,-1,-0.01,-1,-1
99926009,2026-05-18 13:28:54+05:30,53467.85,0,0.0,0,0.0,0.0,53282.15,53585.15,52783.45,53710.35,0,0.0,0.0,0.0,0.0,-0.01,-1,-1,-0.01,-1,-1,-0.01,-1,-1,-0.01,-1,-1,-0.01,-1,-1,-0.01,-1,-1,-0.01,-1,-1,-0.01,-1,-1,-0.01,-1,-1,-0.01,-1,-1
99926009,2026-05-18 13:28:55+05:30,53470.95,0,0.0,0,0.0,0.0,53282.15,53585.15,52783.45,53710.35,0,0.0,0.0,0.0,0.0,-0.01,-1,-1,-0.01,-1,-1,-0.01,-1,-1,-0.01,-1,-1,-0.01,-1,-1,-0.01,-1,-1,-0.01,-1,-1,-0.01,-1,-1,-0.01,-1,-1,-0.01,-1,-1
99926009,2026-05-18 13:28:55+05:30,53470.65,0,0.0,0,0.0,0.0,53282.15,53585.15,52783.45,53710.35,0,0.0,0.0,0.0,0.0,-0.01,-1,-1,-0.01,-1,-1,-0.01,-1,-1,-0.01,-1,-1,-0.01,-1,-1,-0.01,-1,-1,-0.01,-1,-1,-0.01,-1,-1,-0.01,-1,-1,-0.01,-1,-1
99926009,2026-05-18 13:28:56+05:30,53469.65,0,0.0,0,0.0,0.0,53282.15,53585.15,52783.45,53710.35,0,0.0,0.0,0.0,0.0,-0.01,-1,-1,-0.01,-1,-1,-0.01,-1,-1,-0.01,-1,-1,-0.01,-1,-1,-0.01,-1,-1,-0.01,-1,-1,-0.01,-1,-1,-0.01,-1,-1,-0.01,-1,-1
99926009,2026-05-18 13:28:56+05:30,53467.2,0,0.0,0,0.0,0.0,53282.15,53585.15,52783.45,53710.35,0,0.0,0.0,0.0,0.0,-0.01,-1,-1,-0.01,-1,-1,-0.01,-1,-1,-0.01,-1,-1,-0.01,-1,-1,-0.01,-1,-1,-0.01,-1,-1,-0.01,-1,-1,-0.01,-1,-1,-0.01,-1,-1
99926009,2026-05-18 13:28:57+05:30,53467.55,0,0.0,0,0.0,0.0,53282.15,53585.15,52783.45,53710.35,0,0.0,0.0,0.0,0.0,-0.01,-1,-1,-0.01,-1,-1,-0.01,-1,-1,-0.01,-1,-1,-0.01,-1,-1,-0.01,-1,-1,-0.01,-1,-1,-0.01,-1,-1,-0.01,-1,-1,-0.01,-1,-1
99926009,2026-05-18 13:28:57+05:30,53468.6,0,0.0,0,0.0,0.0,53282.15,53585.15,52783.45,53710.35,0,0.0,0.0,0.0,0.0,-0.01,-1,-1,-0.01,-1,-1,-0.01,-1,-1,-0.01,-1,-1,-0.01,-1,-1,-0.01,-1,-1,-0.01,-1,-1,-0.01,-1,-1,-0.01,-1,-1,-0.01,-1,-1
99926009,2026-05-18 13:28:58+05:30,53468.1,0,0.0,0,0.0,0.0,53282.15,53585.15,52783.45,53710.35,0,0.0,0.0,0.0,0.0,-0.01,-1,-1,-0.01,-1,-1,-0.01,-1,-1,-0.01,-1,-1,-0.01,-1,-1,-0.01,-1,-1,-0.01,-1,-1,-0.01,-1,-1,-0.01,-1,-1,-0.01,-1,-1
99926009,2026-05-18 13:28:58+05:30,53467.95,0,0.0,0,0.0,0.0,53282.15,53585.15,52783.45,53710.35,0,0.0,0.0,0.0,0.0,-0.01,-1,-1,-0.01,-1,-1,-0.01,-1,-1,-0.01,-1,-1,-0.01,-1,-1,-0.01,-1,-1,-0.01,-1,-1,-0.01,-1,-1,-0.01,-1,-1,-0.01,-1,-1
99926009,2026-05-18 13:28:59+05:30,53466.6,0,0.0,0,0.0,0.0,53282.15,53585.15,52783.45,53710.35,0,0.0,0.0,0.0,0.0,-0.01,-1,-1,-0.01,-1,-1,-0.01,-1,-1,-0.01,-1,-1,-0.01,-1,-1,-0.01,-1,-1,-0.01,-1,-1,-0.01,-1,-1,-0.01,-1,-1,-0.01,-1,-1
99926009,2026-05-18 13:28:59+05:30,53471.1,0,0.0,0,0.0,0.0,53282.15,53585.15,52783.45,53710.35,0,0.0,0.0,0.0,0.0,-0.01,-1,-1,-0.01,-1,-1,-0.01,-1,-1,-0.01,-1,-1,-0.01,-1,-1,-0.01,-1,-1,-0.01,-1,-1,-0.01,-1,-1,-0.01,-1,-1,-0.01,-1,-1
99926009,2026-05-18 13:29:00+05:30,53471.2,0,0.0,0,0.0,0.0,53282.15,53585.15,52783.45,53710.35,0,0.0,0.0,0.0,0.0,-0.01,-1,-1,-0.01,-1,-1,-0.01,-1,-1,-0.01,-1,-1,-0.01,-1,-1,-0.01,-1,-1,-0.01,-1,-1,-0.01,-1,-1,-0.01,-1,-1,-0.01,-1,-1
99926009,2026-05-18 13:29:00+05:30,53469.6,0,0.0,0,0.0,0.0,53282.15,53585.15,52783.45,53710.35,0,0.0,0.0,0.0,0.0,-0.01,-1,-1,-0.01,-1,-1,-0.01,-1,-1,-0.01,-1,-1,-0.01,-1,-1,-0.01,-1,-1,-0.01,-1,-1,-0.01,-1,-1,-0.01,-1,-1,-0.01,-1,-1
99926009,2026-05-18 13:29:01+05:30,53466.35,0,0.0,0,0.0,0.0,53282.15,53585.15,52783.45,53710.35,0,0.0,0.0,0.0,0.0,-0.01,-1,-1,-0.01,-1,-1,-0.01,-1,-1,-0.01,-1,-1,-0.01,-1,-1,-0.01,-1,-1,-0.01,-1,-1,-0.01,-1,-1,-0.01,-1,-1,-0.01,-1,-1
99926009,2026-05-18 13:29:01+05:30,53469.45,0,0.0,0,0.0,0.0,53282.15,53585.15,52783.45,53710.35,0,0.0,0.0,0.0,0.0,-0.01,-1,-1,-0.01,-1,-1,-0.01,-1,-1,-0.01,-1,-1,-0.01,-1,-1,-0.01,-1,-1,-0.01,-1,-1,-0.01,-1,-1,-0.01,-1,-1,-0.01,-1,-1
99926009,2026-05-18 13:29:02+05:30,53468.25,0,0.0,0,0.0,0.0,53282.15,53585.15,52783.45,53710.35,0,0.0,0.0,0.0,0.0,-0.01,-1,-1,-0.01,-1,-1,-0.01,-1,-1,-0.01,-1,-1,-0.01,-1,-1,-0.01,-1,-1,-0.01,-1,-1,-0.01,-1,-1,-0.01,-1,-1,-0.01,-1,-1
99926009,2026-05-18 13:29:02+05:30,53469.65,0,0.0,0,0.0,0.0,53282.15,53585.15,52783.45,53710.35,0,0.0,0.0,0.0,0.0,-0.01,-1,-1,-0.01,-1,-1,-0.01,-1,-1,-0.01,-1,-1,-0.01,-1,-1,-0.01,-1,-1,-0.01,-1,-1,-0.01,-1,-1,-0.01,-1,-1,-0.01,-1,-1
99926009,2026-05-18 13:29:03+05:30,53469.0,0,0.0,0,0.0,0.0,53282.15,53585.15,52783.45,53710.35,0,0.0,0.0,0.0,0.0,-0.01,-1,-1,-0.01,-1,-1,-0.01,-1,-1,-0.01,-1,-1,-0.01,-1,-1,-0.01,-1,-1,-0.01,-1,-1,-0.01,-1,-1,-0.01,-1,-1,-0.01,-1,-1
99926009,2026-05-18 13:29:03+05:30,53468.75,0,0.0,0,0.0,0.0,53282.15,53585.15,52783.45,53710.35,0,0.0,0.0,0.0,0.0,-0.01,-1,-1,-0.01,-1,-1,-0.01,-1,-1,-0.01,-1,-1,-0.01,-1,-1,-0.01,-1,-1,-0.01,-1,-1,-0.01,-1,-1,-0.01,-1,-1,-0.01,-1,-1
99926009,2026-05-18 13:29:04+05:30,53467.7,0,0.0,0,0.0,0.0,53282.15,53585.15,52783.45,53710.35,0,0.0,0.0,0.0,0.0,-0.01,-1,-1,-0.01,-1,-1,-0.01,-1,-1,-0.01,-1,-1,-0.01,-1,-1,-0.01,-1,-1,-0.01,-1,-1,-0.01,-1,-1,-0.01,-1,-1,-0.01,-1,-1
99926009,2026-05-18 13:29:04+05:30,53468.0,0,0.0,0,0.0,0.0,53282.15,53585.15,52783.45,53710.35,0,0.0,0.0,0.0,0.0,-0.01,-1,-1,-0.01,-1,-1,-0.01,-1,-1,-0.01,-1,-1,-0.01,-1,-1,-0.01,-1,-1,-0.01,-1,-1,-0.01,-1,-1,-0.01,-1,-1,-0.01,-1,-1
99926009,2026-05-18 13:29:05+05:30,53469.35,0,0.0,0,0.0,0.0,53282.15,53585.15,52783.45,53710.35,0,0.0,0.0,0.0,0.0,-0.01,-1,-1,-0.01,-1,-1,-0.01,-1,-1,-0.01,-1,-1,-0.01,-1,-1,-0.01,-1,-1,-0.01,-1,-1,-0.01,-1,-1,-0.01,-1,-1,-0.01,-1,-1
99926009,2026-05-18 13:29:05+05:30,53468.3,0,0.0,0,0.0,0.0,53282.15,53585.15,52783.45,53710.35,0,0.0,0.0,0.0,0.0,-0.01,-1,-1,-0.01,-1,-1,-0.01,-1,-1,-0.01,-1,-1,-0.01,-1,-1,-0.01,-1,-1,-0.01,-1,-1,-0.01,-1,-1,-0.01,-1,-1,-0.01,-1,-1
99926009,2026-05-18 13:29:06+05:30,53466.65,0,0.0,0,0.0,0.0,53282.15,53585.15,52783.45,53710.35,0,0.0,0.0,0.0,0.0,-0.01,-1,-1,-0.01,-1,-1,-0.01,-1,-1,-0.01,-1,-1,-0.01,-1,-1,-0.01,-1,-1,-0.01,-1,-1,-0.01,-1,-1,-0.01,-1,-1,-0.01,-1,-1
99926009,2026-05-18 13:29:06+05:30,53469.1,0,0.0,0,0.0,0.0,53282.15,53585.15,52783.45,53710.35,0,0.0,0.0,0.0,0.0,-0.01,-1,-1,-0.01,-1,-1,-0.01,-1,-1,-0.01,-1,-1,-0.01,-1,-1,-0.01,-1,-1,-0.01,-1,-1,-0.01,-1,-1,-0.01,-1,-1,-0.01,-1,-1
99926009,2026-05-18 13:29:07+05:30,53469.55,0,0.0,0,0.0,0.0,53282.15,53585.15,52783.45,53710.35,0,0.0,0.0,0.0,0.0,-0.01,-1,-1,-0.01,-1,-1,-0.01,-1,-1,-0.01,-1,-1,-0.01,-1,-1,-0.01,-1,-1,-0.01,-1,-1,-0.01,-1,-1,-0.01,-1,-1,-0.01,-1,-1
99926009,2026-05-18 13:29:07+05:30,53468.15,0,0.0,0,0.0,0.0,53282.15,53585.15,52783.45,53710.35,0,0.0,0.0,0.0,0.0,-0.01,-1,-1,-0.01,-1,-1,-0.01,-1,-1,-0.01,-1,-1,-0.01,-1,-1,-0.01,-1,-1,-0.01,-1,-1,-0.01,-1,-1,-0.01,-1,-1,-0.01,-1,-1
99926009,2026-05-18 13:29:08+05:30,53468.15,0,0.0,0,0.0,0.0,53282.15,53585.15,52783.45,53710.35,0,0.0,0.0,0.0,0.0,-0.01,-1,-1,-0.01,-1,-1,-0.01,-1,-1,-0.01,-1,-1,-0.01,-1,-1,-0.01,-1,-1,-0.01,-1,-1,-0.01,-1,-1,-0.01,-1,-1,-0.01,-1,-1
99926009,2026-05-18 13:29:08+05:30,53466.25,0,0.0,0,0.0,0.0,53282.15,53585.15,52783.45,53710.35,0,0.0,0.0,0.0,0.0,-0.01,-1,-1,-0.01,-1,-1,-0.01,-1,-1,-0.01,-1,-1,-0.01,-1,-1,-0.01,-1,-1,-0.01,-1,-1,-0.01,-1,-1,-0.01,-1,-1,-0.01,-1,-1
99926009,2026-05-18 13:29:09+05:30,53462.4,0,0.0,0,0.0,0.0,53282.15,53585.15,52783.45,53710.35,0,0.0,0.0,0.0,0.0,-0.01,-1,-1,-0.01,-1,-1,-0.01,-1,-1,-0.01,-1,-1,-0.01,-1,-1,-0.01,-1,-1,-0.01,-1,-1,-0.01,-1,-1,-0.01,-1,-1,-0.01,-1,-1
99926009,2026-05-18 13:29:09+05:30,53464.95,0,0.0,0,0.0,0.0,53282.15,53585.15,52783.45,53710.35,0,0.0,0.0,0.0,0.0,-0.01,-1,-1,-0.01,-1,-1,-0.01,-1,-1,-0.01,-1,-1,-0.01,-1,-1,-0.01,-1,-1,-0.01,-1,-1,-0.01,-1,-1,-0.01,-1,-1,-0.01,-1,-1
99926009,2026-05-18 13:29:10+05:30,53466.45,0,0.0,0,0.0,0.0,53282.15,53585.15,52783.45,53710.35,0,0.0,0.0,0.0,0.0,-0.01,-1,-1,-0.01,-1,-1,-0.01,-1,-1,-0.01,-1,-1,-0.01,-1,-1,-0.01,-1,-1,-0.01,-1,-1,-0.01,-1,-1,-0.01,-1,-1,-0.01,-1,-1
99926009,2026-05-18 13:29:10+05:30,53464.7,0,0.0,0,0.0,0.0,53282.15,53585.15,52783.45,53710.35,0,0.0,0.0,0.0,0.0,-0.01,-1,-1,-0.01,-1,-1,-0.01,-1,-1,-0.01,-1,-1,-0.01,-1,-1,-0.01,-1,-1,-0.01,-1,-1,-0.01,-1,-1,-0.01,-1,-1,-0.01,-1,-1
99926009,2026-05-18 13:29:11+05:30,53465.8,0,0.0,0,0.0,0.0,53282.15,53585.15,52783.45,53710.35,0,0.0,0.0,0.0,0.0,-0.01,-1,-1,-0.01,-1,-1,-0.01,-1,-1,-0.01,-1,-1,-0.01,-1,-1,-0.01,-1,-1,-0.01,-1,-1,-0.01,-1,-1,-0.01,-1,-1,-0.01,-1,-1
99926009,2026-05-18 13:29:11+05:30,53468.35,0,0.0,0,0.0,0.0,53282.15,53585.15,52783.45,53710.35,0,0.0,0.0,0.0,0.0,-0.01,-1,-1,-0.01,-1,-1,-0.01,-1,-1,-0.01,-1,-1,-0.01,-1,-1,-0.01,-1,-1,-0.01,-1,-1,-0.01,-1,-1,-0.01,-1,-1,-0.01,-1,-1
99926009,2026-05-18 13:29:12+05:30,53465.0,0,0.0,0,0.0,0.0,53282.15,53585.15,52783.45,53710.35,0,0.0,0.0,0.0,0.0,-0.01,-1,-1,-0.01,-1,-1,-0.01,-1,-1,-0.01,-1,-1,-0.01,-1,-1,-0.01,-1,-1,-0.01,-1,-1,-0.01,-1,-1,-0.01,-1,-1,-0.01,-1,-1
99926009,2026-05-18 13:29:12+05:30,53467.05,0,0.0,0,0.0,0.0,53282.15,53585.15,52783.45,53710.35,0,0.0,0.0,0.0,0.0,-0.01,-1,-1,-0.01,-1,-1,-0.01,-1,-1,-0.01,-1,-1,-0.01,-1,-1,-0.01,-1,-1,-0.01,-1,-1,-0.01,-1,-1,-0.01,-1,-1,-0.01,-1,-1
99926009,2026-05-18 13:29:13+05:30,53470.85,0,0.0,0,0.0,0.0,53282.15,53585.15,52783.45,53710.35,0,0.0,0.0,0.0,0.0,-0.01,-1,-1,-0.01,-1,-1,-0.01,-1,-1,-0.01,-1,-1,-0.01,-1,-1,-0.01,-1,-1,-0.01,-1,-1,-0.01,-1,-1,-0.01,-1,-1,-0.01,-1,-1
99926009,2026-05-18 13:29:13+05:30,53469.15,0,0.0,0,0.0,0.0,53282.15,53585.15,52783.45,53710.35,0,0.0,0.0,0.0,0.0,-0.01,-1,-1,-0.01,-1,-1,-0.01,-1,-1,-0.01,-1,-1,-0.01,-1,-1,-0.01,-1,-1,-0.01,-1,-1,-0.01,-1,-1,-0.01,-1,-1,-0.01,-1,-1
99926009,2026-05-18 13:29:14+05:30,53468.3,0,0.0,0,0.0,0.0,53282.15,53585.15,52783.45,53710.35,0,0.0,0.0,0.0,0.0,-0.01,-1,-1,-0.01,-1,-1,-0.01,-1,-1,-0.01,-1,-1,-0.01,-1,-1,-0.01,-1,-1,-0.01,-1,-1,-0.01,-1,-1,-0.01,-1,-1,-0.01,-1,-1
99926009,2026-05-18 13:29:14+05:30,53470.2,0,0.0,0,0.0,0.0,53282.15,53585.15,52783.45,53710.35,0,0.0,0.0,0.0,0.0,-0.01,-1,-1,-0.01,-1,-1,-0.01,-1,-1,-0.01,-1,-1,-0.01,-1,-1,-0.01,-1,-1,-0.01,-1,-1,-0.01,-1,-1,-0.01,-1,-1,-0.01,-1,-1
99926009,2026-05-18 13:29:15+05:30,53469.55,0,0.0,0,0.0,0.0,53282.15,53585.15,52783.45,53710.35,0,0.0,0.0,0.0,0.0,-0.01,-1,-1,-0.01,-1,-1,-0.01,-1,-1,-0.01,-1,-1,-0.01,-1,-1,-0.01,-1,-1,-0.01,-1,-1,-0.01,-1,-1,-0.01,-1,-1,-0.01,-1,-1
99926009,2026-05-18 13:29:15+05:30,53467.6,0,0.0,0,0.0,0.0,53282.15,53585.15,52783.45,53710.35,0,0.0,0.0,0.0,0.0,-0.01,-1,-1,-0.01,-1,-1,-0.01,-1,-1,-0.01,-1,-1,-0.01,-1,-1,-0.01,-1,-1,-0.01,-1,-1,-0.01,-1,-1,-0.01,-1,-1,-0.01,-1,-1
99926009,2026-05-18 13:29:16+05:30,53467.15,0,0.0,0,0.0,0.0,53282.15,53585.15,52783.45,53710.35,0,0.0,0.0,0.0,0.0,-0.01,-1,-1,-0.01,-1,-1,-0.01,-1,-1,-0.01,-1,-1,-0.01,-1,-1,-0.01,-1,-1,-0.01,-1,-1,-0.01,-1,-1,-0.01,-1,-1,-0.01,-1,-1
99926009,2026-05-18 13:29:16+05:30,53470.45,0,0.0,0,0.0,0.0,53282.15,53585.15,52783.45,53710.35,0,0.0,0.0,0.0,0.0,-0.01,-1,-1,-0.01,-1,-1,-0.01,-1,-1,-0.01,-1,-1,-0.01,-1,-1,-0.01,-1,-1,-0.01,-1,-1,-0.01,-1,-1,-0.01,-1,-1,-0.01,-1,-1
99926009,2026-05-18 13:29:17+05:30,53471.6,0,0.0,0,0.0,0.0,53282.15,53585.15,52783.45,53710.35,0,0.0,0.0,0.0,0.0,-0.01,-1,-1,-0.01,-1,-1,-0.01,-1,-1,-0.01,-1,-1,-0.01,-1,-1,-0.01,-1,-1,-0.01,-1,-1,-0.01,-1,-1,-0.01,-1,-1,-0.01,-1,-1
99926009,2026-05-18 13:29:17+05:30,53470.15,0,0.0,0,0.0,0.0,53282.15,53585.15,52783.45,53710.35,0,0.0,0.0,0.0,0.0,-0.01,-1,-1,-0.01,-1,-1,-0.01,-1,-1,-0.01,-1,-1,-0.01,-1,-1,-0.01,-1,-1,-0.01,-1,-1,-0.01,-1,-1,-0.01,-1,-1,-0.01,-1,-1
99926009,2026-05-18 13:29:18+05:30,53470.85,0,0.0,0,0.0,0.0,53282.15,53585.15,52783.45,53710.35,0,0.0,0.0,0.0,0.0,-0.01,-1,-1,-0.01,-1,-1,-0.01,-1,-1,-0.01,-1,-1,-0.01,-1,-1,-0.01,-1,-1,-0.01,-1,-1,-0.01,-1,-1,-0.01,-1,-1,-0.01,-1,-1
99926009,2026-05-18 13:29:18+05:30,53468.9,0,0.0,0,0.0,0.0,53282.15,53585.15,52783.45,53710.35,0,0.0,0.0,0.0,0.0,-0.01,-1,-1,-0.01,-1,-1,-0.01,-1,-1,-0.01,-1,-1,-0.01,-1,-1,-0.01,-1,-1,-0.01,-1,-1,-0.01,-1,-1,-0.01,-1,-1,-0.01,-1,-1
99926009,2026-05-18 13:29:19+05:30,53467.55,0,0.0,0,0.0,0.0,53282.15,53585.15,52783.45,53710.35,0,0.0,0.0,0.0,0.0,-0.01,-1,-1,-0.01,-1,-1,-0.01,-1,-1,-0.01,-1,-1,-0.01,-1,-1,-0.01,-1,-1,-0.01,-1,-1,-0.01,-1,-1,-0.01,-1,-1,-0.01,-1,-1
99926009,2026-05-18 13:29:19+05:30,53468.0,0,0.0,0,0.0,0.0,53282.15,53585.15,52783.45,53710.35,0,0.0,0.0,0.0,0.0,-0.01,-1,-1,-0.01,-1,-1,-0.01,-1,-1,-0.01,-1,-1,-0.01,-1,-1,-0.01,-1,-1,-0.01,-1,-1,-0.01,-1,-1,-0.01,-1,-1,-0.01,-1,-1
99926009,2026-05-18 13:29:20+05:30,53471.55,0,0.0,0,0.0,0.0,53282.15,53585.15,52783.45,53710.35,0,0.0,0.0,0.0,0.0,-0.01,-1,-1,-0.01,-1,-1,-0.01,-1,-1,-0.01,-1,-1,-0.01,-1,-1,-0.01,-1,-1,-0.01,-1,-1,-0.01,-1,-1,-0.01,-1,-1,-0.01,-1,-1
99926009,2026-05-18 13:29:20+05:30,53471.3,0,0.0,0,0.0,0.0,53282.15,53585.15,52783.45,53710.35,0,0.0,0.0,0.0,0.0,-0.01,-1,-1,-0.01,-1,-1,-0.01,-1,-1,-0.01,-1,-1,-0.01,-1,-1,-0.01,-1,-1,-0.01,-1,-1,-0.01,-1,-1,-0.01,-1,-1,-0.01,-1,-1
99926009,2026-05-18 13:29:21+05:30,53470.0,0,0.0,0,0.0,0.0,53282.15,53585.15,52783.45,53710.35,0,0.0,0.0,0.0,0.0,-0.01,-1,-1,-0.01,-1,-1,-0.01,-1,-1,-0.01,-1,-1,-0.01,-1,-1,-0.01,-1,-1,-0.01,-1,-1,-0.01,-1,-1,-0.01,-1,-1,-0.01,-1,-1
99926009,2026-05-18 13:29:21+05:30,53472.05,0,0.0,0,0.0,0.0,53282.15,53585.15,52783.45,53710.35,0,0.0,0.0,0.0,0.0,-0.01,-1,-1,-0.01,-1,-1,-0.01,-1,-1,-0.01,-1,-1,-0.01,-1,-1,-0.01,-1,-1,-0.01,-1,-1,-0.01,-1,-1,-0.01,-1,-1,-0.01,-1,-1
99926009,2026-05-18 13:29:22+05:30,53471.05,0,0.0,0,0.0,0.0,53282.15,53585.15,52783.45,53710.35,0,0.0,0.0,0.0,0.0,-0.01,-1,-1,-0.01,-1,-1,-0.01,-1,-1,-0.01,-1,-1,-0.01,-1,-1,-0.01,-1,-1,-0.01,-1,-1,-0.01,-1,-1,-0.01,-1,-1,-0.01,-1,-1
99926009,2026-05-18 13:29:22+05:30,53470.85,0,0.0,0,0.0,0.0,53282.15,53585.15,52783.45,53710.35,0,0.0,0.0,0.0,0.0,-0.01,-1,-1,-0.01,-1,-1,-0.01,-1,-1,-0.01,-1,-1,-0.01,-1,-1,-0.01,-1,-1,-0.01,-1,-1,-0.01,-1,-1,-0.01,-1,-1,-0.01,-1,-1
99926009,2026-05-18 13:29:23+05:30,53471.35,0,0.0,0,0.0,0.0,53282.15,53585.15,52783.45,53710.35,0,0.0,0.0,0.0,0.0,-0.01,-1,-1,-0.01,-1,-1,-0.01,-1,-1,-0.01,-1,-1,-0.01,-1,-1,-0.01,-1,-1,-0.01,-1,-1,-0.01,-1,-1,-0.01,-1,-1,-0.01,-1,-1
99926009,2026-05-18 13:29:23+05:30,53469.75,0,0.0,0,0.0,0.0,53282.15,53585.15,52783.45,53710.35,0,0.0,0.0,0.0,0.0,-0.01,-1,-1,-0.01,-1,-1,-0.01,-1,-1,-0.01,-1,-1,-0.01,-1,-1,-0.01,-1,-1,-0.01,-1,-1,-0.01,-1,-1,-0.01,-1,-1,-0.01,-1,-1
99926009,2026-05-18 13:29:24+05:30,53471.75,0,0.0,0,0.0,0.0,53282.15,53585.15,52783.45,53710.35,0,0.0,0.0,0.0,0.0,-0.01,-1,-1,-0.01,-1,-1,-0.01,-1,-1,-0.01,-1,-1,-0.01,-1,-1,-0.01,-1,-1,-0.01,-1,-1,-0.01,-1,-1,-0.01,-1,-1,-0.01,-1,-1
99926009,2026-05-18 13:29:24+05:30,53471.45,0,0.0,0,0.0,0.0,53282.15,53585.15,52783.45,53710.35,0,0.0,0.0,0.0,0.0,-0.01,-1,-1,-0.01,-1,-1,-0.01,-1,-1,-0.01,-1,-1,-0.01,-1,-1,-0.01,-1,-1,-0.01,-1,-1,-0.01,-1,-1,-0.01,-1,-1,-0.01,-1,-1
99926009,2026-05-18 13:29:25+05:30,53475.0,0,0.0,0,0.0,0.0,53282.15,53585.15,52783.45,53710.35,0,0.0,0.0,0.0,0.0,-0.01,-1,-1,-0.01,-1,-1,-0.01,-1,-1,-0.01,-1,-1,-0.01,-1,-1,-0.01,-1,-1,-0.01,-1,-1,-0.01,-1,-1,-0.01,-1,-1,-0.01,-1,-1
99926009,2026-05-18 13:29:25+05:30,53470.2,0,0.0,0,0.0,0.0,53282.15,53585.15,52783.45,53710.35,0,0.0,0.0,0.0,0.0,-0.01,-1,-1,-0.01,-1,-1,-0.01,-1,-1,-0.01,-1,-1,-0.01,-1,-1,-0.01,-1,-1,-0.01,-1,-1,-0.01,-1,-1,-0.01,-1,-1,-0.01,-1,-1
99926009,2026-05-18 13:29:26+05:30,53471.75,0,0.0,0,0.0,0.0,53282.15,53585.15,52783.45,53710.35,0,0.0,0.0,0.0,0.0,-0.01,-1,-1,-0.01,-1,-1,-0.01,-1,-1,-0.01,-1,-1,-0.01,-1,-1,-0.01,-1,-1,-0.01,-1,-1,-0.01,-1,-1,-0.01,-1,-1,-0.01,-1,-1
99926009,2026-05-18 13:29:26+05:30,53474.75,0,0.0,0,0.0,0.0,53282.15,53585.15,52783.45,53710.35,0,0.0,0.0,0.0,0.0,-0.01,-1,-1,-0.01,-1,-1,-0.01,-1,-1,-0.01,-1,-1,-0.01,-1,-1,-0.01,-1,-1,-0.01,-1,-1,-0.01,-1,-1,-0.01,-1,-1,-0.01,-1,-1
99926009,2026-05-18 13:29:27+05:30,53475.5,0,0.0,0,0.0,0.0,53282.15,53585.15,52783.45,53710.35,0,0.0,0.0,0.0,0.0,-0.01,-1,-1,-0.01,-1,-1,-0.01,-1,-1,-0.01,-1,-1,-0.01,-1,-1,-0.01,-1,-1,-0.01,-1,-1,-0.01,-1,-1,-0.01,-1,-1,-0.01,-1,-1
99926009,2026-05-18 13:29:27+05:30,53477.55,0,0.0,0,0.0,0.0,53282.15,53585.15,52783.45,53710.35,0,0.0,0.0,0.0,0.0,-0.01,-1,-1,-0.01,-1,-1,-0.01,-1,-1,-0.01,-1,-1,-0.01,-1,-1,-0.01,-1,-1,-0.01,-1,-1,-0.01,-1,-1,-0.01,-1,-1,-0.01,-1,-1
99926009,2026-05-18 13:29:28+05:30,53476.5,0,0.0,0,0.0,0.0,53282.15,53585.15,52783.45,53710.35,0,0.0,0.0,0.0,0.0,-0.01,-1,-1,-0.01,-1,-1,-0.01,-1,-1,-0.01,-1,-1,-0.01,-1,-1,-0.01,-1,-1,-0.01,-1,-1,-0.01,-1,-1,-0.01,-1,-1,-0.01,-1,-1
99926009,2026-05-18 13:29:28+05:30,53473.55,0,0.0,0,0.0,0.0,53282.15,53585.15,52783.45,53710.35,0,0.0,0.0,0.0,0.0,-0.01,-1,-1,-0.01,-1,-1,-0.01,-1,-1,-0.01,-1,-1,-0.01,-1,-1,-0.01,-1,-1,-0.01,-1,-1,-0.01,-1,-1,-0.01,-1,-1,-0.01,-1,-1
99926009,2026-05-18 13:29:29+05:30,53477.25,0,0.0,0,0.0,0.0,53282.15,53585.15,52783.45,53710.35,0,0.0,0.0,0.0,0.0,-0.01,-1,-1,-0.01,-1,-1,-0.01,-1,-1,-0.01,-1,-1,-0.01,-1,-1,-0.01,-1,-1,-0.01,-1,-1,-0.01,-1,-1,-0.01,-1,-1,-0.01,-1,-1
99926009,2026-05-18 13:29:29+05:30,53477.7,0,0.0,0,0.0,0.0,53282.15,53585.15,52783.45,53710.35,0,0.0,0.0,0.0,0.0,-0.01,-1,-1,-0.01,-1,-1,-0.01,-1,-1,-0.01,-1,-1,-0.01,-1,-1,-0.01,-1,-1,-0.01,-1,-1,-0.01,-1,-1,-0.01,-1,-1,-0.01,-1,-1
99926009,2026-05-18 13:29:30+05:30,53482.9,0,0.0,0,0.0,0.0,53282.15,53585.15,52783.45,53710.35,0,0.0,0.0,0.0,0.0,-0.01,-1,-1,-0.01,-1,-1,-0.01,-1,-1,-0.01,-1,-1,-0.01,-1,-1,-0.01,-1,-1,-0.01,-1,-1,-0.01,-1,-1,-0.01,-1,-1,-0.01,-1,-1
99926009,2026-05-18 13:29:30+05:30,53480.85,0,0.0,0,0.0,0.0,53282.15,53585.15,52783.45,53710.35,0,0.0,0.0,0.0,0.0,-0.01,-1,-1,-0.01,-1,-1,-0.01,-1,-1,-0.01,-1,-1,-0.01,-1,-1,-0.01,-1,-1,-0.01,-1,-1,-0.01,-1,-1,-0.01,-1,-1,-0.01,-1,-1
99926009,2026-05-18 13:29:31+05:30,53480.85,0,0.0,0,0.0,0.0,53282.15,53585.15,52783.45,53710.35,0,0.0,0.0,0.0,0.0,-0.01,-1,-1,-0.01,-1,-1,-0.01,-1,-1,-0.01,-1,-1,-0.01,-1,-1,-0.01,-1,-1,-0.01,-1,-1,-0.01,-1,-1,-0.01,-1,-1,-0.01,-1,-1
99926009,2026-05-18 13:29:31+05:30,53484.95,0,0.0,0,0.0,0.0,53282.15,53585.15,52783.45,53710.35,0,0.0,0.0,0.0,0.0,-0.01,-1,-1,-0.01,-1,-1,-0.01,-1,-1,-0.01,-1,-1,-0.01,-1,-1,-0.01,-1,-1,-0.01,-1,-1,-0.01,-1,-1,-0.01,-1,-1,-0.01,-1,-1
99926009,2026-05-18 13:29:32+05:30,53488.6,0,0.0,0,0.0,0.0,53282.15,53585.15,52783.45,53710.35,0,0.0,0.0,0.0,0.0,-0.01,-1,-1,-0.01,-1,-1,-0.01,-1,-1,-0.01,-1,-1,-0.01,-1,-1,-0.01,-1,-1,-0.01,-1,-1,-0.01,-1,-1,-0.01,-1,-1,-0.01,-1,-1
99926009,2026-05-18 13:29:32+05:30,53488.1,0,0.0,0,0.0,0.0,53282.15,53585.15,52783.45,53710.35,0,0.0,0.0,0.0,0.0,-0.01,-1,-1,-0.01,-1,-1,-0.01,-1,-1,-0.01,-1,-1,-0.01,-1,-1,-0.01,-1,-1,-0.01,-1,-1,-0.01,-1,-1,-0.01,-1,-1,-0.01,-1,-1
99926009,2026-05-18 13:29:33+05:30,53485.95,0,0.0,0,0.0,0.0,53282.15,53585.15,52783.45,53710.35,0,0.0,0.0,0.0,0.0,-0.01,-1,-1,-0.01,-1,-1,-0.01,-1,-1,-0.01,-1,-1,-0.01,-1,-1,-0.01,-1,-1,-0.01,-1,-1,-0.01,-1,-1,-0.01,-1,-1,-0.01,-1,-1
99926009,2026-05-18 13:29:33+05:30,53486.5,0,0.0,0,0.0,0.0,53282.15,53585.15,52783.45,53710.35,0,0.0,0.0,0.0,0.0,-0.01,-1,-1,-0.01,-1,-1,-0.01,-1,-1,-0.01,-1,-1,-0.01,-1,-1,-0.01,-1,-1,-0.01,-1,-1,-0.01,-1,-1,-0.01,-1,-1,-0.01,-1,-1
99926009,2026-05-18 13:29:34+05:30,53487.4,0,0.0,0,0.0,0.0,53282.15,53585.15,52783.45,53710.35,0,0.0,0.0,0.0,0.0,-0.01,-1,-1,-0.01,-1,-1,-0.01,-1,-1,-0.01,-1,-1,-0.01,-1,-1,-0.01,-1,-1,-0.01,-1,-1,-0.01,-1,-1,-0.01,-1,-1,-0.01,-1,-1
99926009,2026-05-18 13:29:34+05:30,53487.5,0,0.0,0,0.0,0.0,53282.15,53585.15,52783.45,53710.35,0,0.0,0.0,0.0,0.0,-0.01,-1,-1,-0.01,-1,-1,-0.01,-1,-1,-0.01,-1,-1,-0.01,-1,-1,-0.01,-1,-1,-0.01,-1,-1,-0.01,-1,-1,-0.01,-1,-1,-0.01,-1,-1
99926009,2026-05-18 13:29:35+05:30,53491.2,0,0.0,0,0.0,0.0,53282.15,53585.15,52783.45,53710.35,0,0.0,0.0,0.0,0.0,-0.01,-1,-1,-0.01,-1,-1,-0.01,-1,-1,-0.01,-1,-1,-0.01,-1,-1,-0.01,-1,-1,-0.01,-1,-1,-0.01,-1,-1,-0.01,-1,-1,-0.01,-1,-1
99926009,2026-05-18 13:29:35+05:30,53485.0,0,0.0,0,0.0,0.0,53282.15,53585.15,52783.45,53710.35,0,0.0,0.0,0.0,0.0,-0.01,-1,-1,-0.01,-1,-1,-0.01,-1,-1,-0.01,-1,-1,-0.01,-1,-1,-0.01,-1,-1,-0.01,-1,-1,-0.01,-1,-1,-0.01,-1,-1,-0.01,-1,-1
99926009,2026-05-18 13:29:36+05:30,53486.55,0,0.0,0,0.0,0.0,53282.15,53585.15,52783.45,53710.35,0,0.0,0.0,0.0,0.0,-0.01,-1,-1,-0.01,-1,-1,-0.01,-1,-1,-0.01,-1,-1,-0.01,-1,-1,-0.01,-1,-1,-0.01,-1,-1,-0.01,-1,-1,-0.01,-1,-1,-0.01,-1,-1
99926009,2026-05-18 13:29:36+05:30,53486.2,0,0.0,0,0.0,0.0,53282.15,53585.15,52783.45,53710.35,0,0.0,0.0,0.0,0.0,-0.01,-1,-1,-0.01,-1,-1,-0.01,-1,-1,-0.01,-1,-1,-0.01,-1,-1,-0.01,-1,-1,-0.01,-1,-1,-0.01,-1,-1,-0.01,-1,-1,-0.01,-1,-1
99926009,2026-05-18 13:29:37+05:30,53486.15,0,0.0,0,0.0,0.0,53282.15,53585.15,52783.45,53710.35,0,0.0,0.0,0.0,0.0,-0.01,-1,-1,-0.01,-1,-1,-0.01,-1,-1,-0.01,-1,-1,-0.01,-1,-1,-0.01,-1,-1,-0.01,-1,-1,-0.01,-1,-1,-0.01,-1,-1,-0.01,-1,-1
99926009,2026-05-18 13:29:37+05:30,53488.35,0,0.0,0,0.0,0.0,53282.15,53585.15,52783.45,53710.35,0,0.0,0.0,0.0,0.0,-0.01,-1,-1,-0.01,-1,-1,-0.01,-1,-1,-0.01,-1,-1,-0.01,-1,-1,-0.01,-1,-1,-0.01,-1,-1,-0.01,-1,-1,-0.01,-1,-1,-0.01,-1,-1
99926009,2026-05-18 13:29:38+05:30,53487.05,0,0.0,0,0.0,0.0,53282.15,53585.15,52783.45,53710.35,0,0.0,0.0,0.0,0.0,-0.01,-1,-1,-0.01,-1,-1,-0.01,-1,-1,-0.01,-1,-1,-0.01,-1,-1,-0.01,-1,-1,-0.01,-1,-1,-0.01,-1,-1,-0.01,-1,-1,-0.01,-1,-1
99926009,2026-05-18 13:29:38+05:30,53487.95,0,0.0,0,0.0,0.0,53282.15,53585.15,52783.45,53710.35,0,0.0,0.0,0.0,0.0,-0.01,-1,-1,-0.01,-1,-1,-0.01,-1,-1,-0.01,-1,-1,-0.01,-1,-1,-0.01,-1,-1,-0.01,-1,-1,-0.01,-1,-1,-0.01,-1,-1,-0.01,-1,-1
99926009,2026-05-18 13:29:39+05:30,53485.75,0,0.0,0,0.0,0.0,53282.15,53585.15,52783.45,53710.35,0,0.0,0.0,0.0,0.0,-0.01,-1,-1,-0.01,-1,-1,-0.01,-1,-1,-0.01,-1,-1,-0.01,-1,-1,-0.01,-1,-1,-0.01,-1,-1,-0.01,-1,-1,-0.01,-1,-1,-0.01,-1,-1
99926009,2026-05-18 13:29:39+05:30,53487.25,0,0.0,0,0.0,0.0,53282.15,53585.15,52783.45,53710.35,0,0.0,0.0,0.0,0.0,-0.01,-1,-1,-0.01,-1,-1,-0.01,-1,-1,-0.01,-1,-1,-0.01,-1,-1,-0.01,-1,-1,-0.01,-1,-1,-0.01,-1,-1,-0.01,-1,-1,-0.01,-1,-1
99926009,2026-05-18 13:29:40+05:30,53489.75,0,0.0,0,0.0,0.0,53282.15,53585.15,52783.45,53710.35,0,0.0,0.0,0.0,0.0,-0.01,-1,-1,-0.01,-1,-1,-0.01,-1,-1,-0.01,-1,-1,-0.01,-1,-1,-0.01,-1,-1,-0.01,-1,-1,-0.01,-1,-1,-0.01,-1,-1,-0.01,-1,-1
99926009,2026-05-18 13:29:40+05:30,53487.45,0,0.0,0,0.0,0.0,53282.15,53585.15,52783.45,53710.35,0,0.0,0.0,0.0,0.0,-0.01,-1,-1,-0.01,-1,-1,-0.01,-1,-1,-0.01,-1,-1,-0.01,-1,-1,-0.01,-1,-1,-0.01,-1,-1,-0.01,-1,-1,-0.01,-1,-1,-0.01,-1,-1
99926009,2026-05-18 13:29:41+05:30,53486.0,0,0.0,0,0.0,0.0,53282.15,53585.15,52783.45,53710.35,0,0.0,0.0,0.0,0.0,-0.01,-1,-1,-0.01,-1,-1,-0.01,-1,-1,-0.01,-1,-1,-0.01,-1,-1,-0.01,-1,-1,-0.01,-1,-1,-0.01,-1,-1,-0.01,-1,-1,-0.01,-1,-1
99926009,2026-05-18 13:29:41+05:30,53488.0,0,0.0,0,0.0,0.0,53282.15,53585.15,52783.45,53710.35,0,0.0,0.0,0.0,0.0,-0.01,-1,-1,-0.01,-1,-1,-0.01,-1,-1,-0.01,-1,-1,-0.01,-1,-1,-0.01,-1,-1,-0.01,-1,-1,-0.01,-1,-1,-0.01,-1,-1,-0.01,-1,-1
99926009,2026-05-18 13:29:42+05:30,53489.65,0,0.0,0,0.0,0.0,53282.15,53585.15,52783.45,53710.35,0,0.0,0.0,0.0,0.0,-0.01,-1,-1,-0.01,-1,-1,-0.01,-1,-1,-0.01,-1,-1,-0.01,-1,-1,-0.01,-1,-1,-0.01,-1,-1,-0.01,-1,-1,-0.01,-1,-1,-0.01,-1,-1
99926009,2026-05-18 13:29:42+05:30,53491.95,0,0.0,0,0.0,0.0,53282.15,53585.15,52783.45,53710.35,0,0.0,0.0,0.0,0.0,-0.01,-1,-1,-0.01,-1,-1,-0.01,-1,-1,-0.01,-1,-1,-0.01,-1,-1,-0.01,-1,-1,-0.01,-1,-1,-0.01,-1,-1,-0.01,-1,-1,-0.01,-1,-1
99926009,2026-05-18 13:29:43+05:30,53492.1,0,0.0,0,0.0,0.0,53282.15,53585.15,52783.45,53710.35,0,0.0,0.0,0.0,0.0,-0.01,-1,-1,-0.01,-1,-1,-0.01,-1,-1,-0.01,-1,-1,-0.01,-1,-1,-0.01,-1,-1,-0.01,-1,-1,-0.01,-1,-1,-0.01,-1,-1,-0.01,-1,-1
99926009,2026-05-18 13:29:43+05:30,53489.0,0,0.0,0,0.0,0.0,53282.15,53585.15,52783.45,53710.35,0,0.0,0.0,0.0,0.0,-0.01,-1,-1,-0.01,-1,-1,-0.01,-1,-1,-0.01,-1,-1,-0.01,-1,-1,-0.01,-1,-1,-0.01,-1,-1,-0.01,-1,-1,-0.01,-1,-1,-0.01,-1,-1
99926009,2026-05-18 13:29:44+05:30,53489.0,0,0.0,0,0.0,0.0,53282.15,53585.15,52783.45,53710.35,0,0.0,0.0,0.0,0.0,-0.01,-1,-1,-0.01,-1,-1,-0.01,-1,-1,-0.01,-1,-1,-0.01,-1,-1,-0.01,-1,-1,-0.01,-1,-1,-0.01,-1,-1,-0.01,-1,-1,-0.01,-1,-1
99926009,2026-05-18 13:29:44+05:30,53488.7,0,0.0,0,0.0,0.0,53282.15,53585.15,52783.45,53710.35,0,0.0,0.0,0.0,0.0,-0.01,-1,-1,-0.01,-1,-1,-0.01,-1,-1,-0.01,-1,-1,-0.01,-1,-1,-0.01,-1,-1,-0.01,-1,-1,-0.01,-1,-1,-0.01,-1,-1,-0.01,-1,-1
99926009,2026-05-18 13:29:45+05:30,53491.85,0,0.0,0,0.0,0.0,53282.15,53585.15,52783.45,53710.35,0,0.0,0.0,0.0,0.0,-0.01,-1,-1,-0.01,-1,-1,-0.01,-1,-1,-0.01,-1,-1,-0.01,-1,-1,-0.01,-1,-1,-0.01,-1,-1,-0.01,-1,-1,-0.01,-1,-1,-0.01,-1,-1
99926009,2026-05-18 13:29:45+05:30,53490.15,0,0.0,0,0.0,0.0,53282.15,53585.15,52783.45,53710.35,0,0.0,0.0,0.0,0.0,-0.01,-1,-1,-0.01,-1,-1,-0.01,-1,-1,-0.01,-1,-1,-0.01,-1,-1,-0.01,-1,-1,-0.01,-1,-1,-0.01,-1,-1,-0.01,-1,-1,-0.01,-1,-1
99926009,2026-05-18 13:29:46+05:30,53490.6,0,0.0,0,0.0,0.0,53282.15,53585.15,52783.45,53710.35,0,0.0,0.0,0.0,0.0,-0.01,-1,-1,-0.01,-1,-1,-0.01,-1,-1,-0.01,-1,-1,-0.01,-1,-1,-0.01,-1,-1,-0.01,-1,-1,-0.01,-1,-1,-0.01,-1,-1,-0.01,-1,-1
99926009,2026-05-18 13:29:46+05:30,53492.2,0,0.0,0,0.0,0.0,53282.15,53585.15,52783.45,53710.35,0,0.0,0.0,0.0,0.0,-0.01,-1,-1,-0.01,-1,-1,-0.01,-1,-1,-0.01,-1,-1,-0.01,-1,-1,-0.01,-1,-1,-0.01,-1,-1,-0.01,-1,-1,-0.01,-1,-1,-0.01,-1,-1
99926009,2026-05-18 13:29:47+05:30,53492.45,0,0.0,0,0.0,0.0,53282.15,53585.15,52783.45,53710.35,0,0.0,0.0,0.0,0.0,-0.01,-1,-1,-0.01,-1,-1,-0.01,-1,-1,-0.01,-1,-1,-0.01,-1,-1,-0.01,-1,-1,-0.01,-1,-1,-0.01,-1,-1,-0.01,-1,-1,-0.01,-1,-1
99926009,2026-05-18 13:29:47+05:30,53492.85,0,0.0,0,0.0,0.0,53282.15,53585.15,52783.45,53710.35,0,0.0,0.0,0.0,0.0,-0.01,-1,-1,-0.01,-1,-1,-0.01,-1,-1,-0.01,-1,-1,-0.01,-1,-1,-0.01,-1,-1,-0.01,-1,-1,-0.01,-1,-1,-0.01,-1,-1,-0.01,-1,-1
99926009,2026-05-18 13:29:48+05:30,53494.25,0,0.0,0,0.0,0.0,53282.15,53585.15,52783.45,53710.35,0,0.0,0.0,0.0,0.0,-0.01,-1,-1,-0.01,-1,-1,-0.01,-1,-1,-0.01,-1,-1,-0.01,-1,-1,-0.01,-1,-1,-0.01,-1,-1,-0.01,-1,-1,-0.01,-1,-1,-0.01,-1,-1
99926009,2026-05-18 13:29:48+05:30,53493.5,0,0.0,0,0.0,0.0,53282.15,53585.15,52783.45,53710.35,0,0.0,0.0,0.0,0.0,-0.01,-1,-1,-0.01,-1,-1,-0.01,-1,-1,-0.01,-1,-1,-0.01,-1,-1,-0.01,-1,-1,-0.01,-1,-1,-0.01,-1,-1,-0.01,-1,-1,-0.01,-1,-1
99926009,2026-05-18 13:29:49+05:30,53491.05,0,0.0,0,0.0,0.0,53282.15,53585.15,52783.45,53710.35,0,0.0,0.0,0.0,0.0,-0.01,-1,-1,-0.01,-1,-1,-0.01,-1,-1,-0.01,-1,-1,-0.01,-1,-1,-0.01,-1,-1,-0.01,-1,-1,-0.01,-1,-1,-0.01,-1,-1,-0.01,-1,-1
99926009,2026-05-18 13:29:49+05:30,53491.95,0,0.0,0,0.0,0.0,53282.15,53585.15,52783.45,53710.35,0,0.0,0.0,0.0,0.0,-0.01,-1,-1,-0.01,-1,-1,-0.01,-1,-1,-0.01,-1,-1,-0.01,-1,-1,-0.01,-1,-1,-0.01,-1,-1,-0.01,-1,-1,-0.01,-1,-1,-0.01,-1,-1
99926009,2026-05-18 13:29:50+05:30,53493.95,0,0.0,0,0.0,0.0,53282.15,53585.15,52783.45,53710.35,0,0.0,0.0,0.0,0.0,-0.01,-1,-1,-0.01,-1,-1,-0.01,-1,-1,-0.01,-1,-1,-0.01,-1,-1,-0.01,-1,-1,-0.01,-1,-1,-0.01,-1,-1,-0.01,-1,-1,-0.01,-1,-1
99926009,2026-05-18 13:29:50+05:30,53492.75,0,0.0,0,0.0,0.0,53282.15,53585.15,52783.45,53710.35,0,0.0,0.0,0.0,0.0,-0.01,-1,-1,-0.01,-1,-1,-0.01,-1,-1,-0.01,-1,-1,-0.01,-1,-1,-0.01,-1,-1,-0.01,-1,-1,-0.01,-1,-1,-0.01,-1,-1,-0.01,-1,-1
99926009,2026-05-18 13:29:51+05:30,53491.4,0,0.0,0,0.0,0.0,53282.15,53585.15,52783.45,53710.35,0,0.0,0.0,0.0,0.0,-0.01,-1,-1,-0.01,-1,-1,-0.01,-1,-1,-0.01,-1,-1,-0.01,-1,-1,-0.01,-1,-1,-0.01,-1,-1,-0.01,-1,-1,-0.01,-1,-1,-0.01,-1,-1
99926009,2026-05-18 13:29:51+05:30,53494.25,0,0.0,0,0.0,0.0,53282.15,53585.15,52783.45,53710.35,0,0.0,0.0,0.0,0.0,-0.01,-1,-1,-0.01,-1,-1,-0.01,-1,-1,-0.01,-1,-1,-0.01,-1,-1,-0.01,-1,-1,-0.01,-1,-1,-0.01,-1,-1,-0.01,-1,-1,-0.01,-1,-1
99926009,2026-05-18 13:29:52+05:30,53495.7,0,0.0,0,0.0,0.0,53282.15,53585.15,52783.45,53710.35,0,0.0,0.0,0.0,0.0,-0.01,-1,-1,-0.01,-1,-1,-0.01,-1,-1,-0.01,-1,-1,-0.01,-1,-1,-0.01,-1,-1,-0.01,-1,-1,-0.01,-1,-1,-0.01,-1,-1,-0.01,-1,-1
99926009,2026-05-18 13:29:52+05:30,53496.15,0,0.0,0,0.0,0.0,53282.15,53585.15,52783.45,53710.35,0,0.0,0.0,0.0,0.0,-0.01,-1,-1,-0.01,-1,-1,-0.01,-1,-1,-0.01,-1,-1,-0.01,-1,-1,-0.01,-1,-1,-0.01,-1,-1,-0.01,-1,-1,-0.01,-1,-1,-0.01,-1,-1
99926009,2026-05-18 13:29:53+05:30,53497.3,0,0.0,0,0.0,0.0,53282.15,53585.15,52783.45,53710.35,0,0.0,0.0,0.0,0.0,-0.01,-1,-1,-0.01,-1,-1,-0.01,-1,-1,-0.01,-1,-1,-0.01,-1,-1,-0.01,-1,-1,-0.01,-1,-1,-0.01,-1,-1,-0.01,-1,-1,-0.01,-1,-1
99926009,2026-05-18 13:29:53+05:30,53494.9,0,0.0,0,0.0,0.0,53282.15,53585.15,52783.45,53710.35,0,0.0,0.0,0.0,0.0,-0.01,-1,-1,-0.01,-1,-1,-0.01,-1,-1,-0.01,-1,-1,-0.01,-1,-1,-0.01,-1,-1,-0.01,-1,-1,-0.01,-1,-1,-0.01,-1,-1,-0.01,-1,-1
99926009,2026-05-18 13:29:54+05:30,53494.25,0,0.0,0,0.0,0.0,53282.15,53585.15,52783.45,53710.35,0,0.0,0.0,0.0,0.0,-0.01,-1,-1,-0.01,-1,-1,-0.01,-1,-1,-0.01,-1,-1,-0.01,-1,-1,-0.01,-1,-1,-0.01,-1,-1,-0.01,-1,-1,-0.01,-1,-1,-0.01,-1,-1
99926009,2026-05-18 13:29:54+05:30,53495.1,0,0.0,0,0.0,0.0,53282.15,53585.15,52783.45,53710.35,0,0.0,0.0,0.0,0.0,-0.01,-1,-1,-0.01,-1,-1,-0.01,-1,-1,-0.01,-1,-1,-0.01,-1,-1,-0.01,-1,-1,-0.01,-1,-1,-0.01,-1,-1,-0.01,-1,-1,-0.01,-1,-1
99926009,2026-05-18 13:29:55+05:30,53497.6,0,0.0,0,0.0,0.0,53282.15,53585.15,52783.45,53710.35,0,0.0,0.0,0.0,0.0,-0.01,-1,-1,-0.01,-1,-1,-0.01,-1,-1,-0.01,-1,-1,-0.01,-1,-1,-0.01,-1,-1,-0.01,-1,-1,-0.01,-1,-1,-0.01,-1,-1,-0.01,-1,-1
99926009,2026-05-18 13:29:55+05:30,53495.7,0,0.0,0,0.0,0.0,53282.15,53585.15,52783.45,53710.35,0,0.0,0.0,0.0,0.0,-0.01,-1,-1,-0.01,-1,-1,-0.01,-1,-1,-0.01,-1,-1,-0.01,-1,-1,-0.01,-1,-1,-0.01,-1,-1,-0.01,-1,-1,-0.01,-1,-1,-0.01,-1,-1
99926009,2026-05-18 13:29:56+05:30,53494.8,0,0.0,0,0.0,0.0,53282.15,53585.15,52783.45,53710.35,0,0.0,0.0,0.0,0.0,-0.01,-1,-1,-0.01,-1,-1,-0.01,-1,-1,-0.01,-1,-1,-0.01,-1,-1,-0.01,-1,-1,-0.01,-1,-1,-0.01,-1,-1,-0.01,-1,-1,-0.01,-1,-1
99926009,2026-05-18 13:29:56+05:30,53498.35,0,0.0,0,0.0,0.0,53282.15,53585.15,52783.45,53710.35,0,0.0,0.0,0.0,0.0,-0.01,-1,-1,-0.01,-1,-1,-0.01,-1,-1,-0.01,-1,-1,-0.01,-1,-1,-0.01,-1,-1,-0.01,-1,-1,-0.01,-1,-1,-0.01,-1,-1,-0.01,-1,-1
99926009,2026-05-18 13:29:57+05:30,53498.85,0,0.0,0,0.0,0.0,53282.15,53585.15,52783.45,53710.35,0,0.0,0.0,0.0,0.0,-0.01,-1,-1,-0.01,-1,-1,-0.01,-1,-1,-0.01,-1,-1,-0.01,-1,-1,-0.01,-1,-1,-0.01,-1,-1,-0.01,-1,-1,-0.01,-1,-1,-0.01,-1,-1
99926009,2026-05-18 13:29:57+05:30,53498.2,0,0.0,0,0.0,0.0,53282.15,53585.15,52783.45,53710.35,0,0.0,0.0,0.0,0.0,-0.01,-1,-1,-0.01,-1,-1,-0.01,-1,-1,-0.01,-1,-1,-0.01,-1,-1,-0.01,-1,-1,-0.01,-1,-1,-0.01,-1,-1,-0.01,-1,-1,-0.01,-1,-1
99926009,2026-05-18 13:29:58+05:30,53500.35,0,0.0,0,0.0,0.0,53282.15,53585.15,52783.45,53710.35,0,0.0,0.0,0.0,0.0,-0.01,-1,-1,-0.01,-1,-1,-0.01,-1,-1,-0.01,-1,-1,-0.01,-1,-1,-0.01,-1,-1,-0.01,-1,-1,-0.01,-1,-1,-0.01,-1,-1,-0.01,-1,-1
99926009,2026-05-18 13:29:58+05:30,53497.3,0,0.0,0,0.0,0.0,53282.15,53585.15,52783.45,53710.35,0,0.0,0.0,0.0,0.0,-0.01,-1,-1,-0.01,-1,-1,-0.01,-1,-1,-0.01,-1,-1,-0.01,-1,-1,-0.01,-1,-1,-0.01,-1,-1,-0.01,-1,-1,-0.01,-1,-1,-0.01,-1,-1
99926009,2026-05-18 13:29:59+05:30,53497.85,0,0.0,0,0.0,0.0,53282.15,53585.15,52783.45,53710.35,0,0.0,0.0,0.0,0.0,-0.01,-1,-1,-0.01,-1,-1,-0.01,-1,-1,-0.01,-1,-1,-0.01,-1,-1,-0.01,-1,-1,-0.01,-1,-1,-0.01,-1,-1,-0.01,-1,-1,-0.01,-1,-1
99926009,2026-05-18 13:29:59+05:30,53498.05,0,0.0,0,0.0,0.0,53282.15,53585.15,52783.45,53710.35,0,0.0,0.0,0.0,0.0,-0.01,-1,-1,-0.01,-1,-1,-0.01,-1,-1,-0.01,-1,-1,-0.01,-1,-1,-0.01,-1,-1,-0.01,-1,-1,-0.01,-1,-1,-0.01,-1,-1,-0.01,-1,-1
99926009,2026-05-18 13:30:00+05:30,53504.35,0,0.0,0,0.0,0.0,53282.15,53585.15,52783.45,53710.35,0,0.0,0.0,0.0,0.0,-0.01,-1,-1,-0.01,-1,-1,-0.01,-1,-1,-0.01,-1,-1,-0.01,-1,-1,-0.01,-1,-1,-0.01,-1,-1,-0.01,-1,-1,-0.01,-1,-1,-0.01,-1,-1
99926009,2026-05-18 13:30:00+05:30,53503.55,0,0.0,0,0.0,0.0,53282.15,53585.15,52783.45,53710.35,0,0.0,0.0,0.0,0.0,-0.01,-1,-1,-0.01,-1,-1,-0.01,-1,-1,-0.01,-1,-1,-0.01,-1,-1,-0.01,-1,-1,-0.01,-1,-1,-0.01,-1,-1,-0.01,-1,-1,-0.01,-1,-1
99926009,2026-05-18 13:30:01+05:30,53503.7,0,0.0,0,0.0,0.0,53282.15,53585.15,52783.45,53710.35,0,0.0,0.0,0.0,0.0,-0.01,-1,-1,-0.01,-1,-1,-0.01,-1,-1,-0.01,-1,-1,-0.01,-1,-1,-0.01,-1,-1,-0.01,-1,-1,-0.01,-1,-1,-0.01,-1,-1,-0.01,-1,-1
99926009,2026-05-18 13:30:01+05:30,53505.6,0,0.0,0,0.0,0.0,53282.15,53585.15,52783.45,53710.35,0,0.0,0.0,0.0,0.0,-0.01,-1,-1,-0.01,-1,-1,-0.01,-1,-1,-0.01,-1,-1,-0.01,-1,-1,-0.01,-1,-1,-0.01,-1,-1,-0.01,-1,-1,-0.01,-1,-1,-0.01,-1,-1
99926009,2026-05-18 13:30:02+05:30,53502.9,0,0.0,0,0.0,0.0,53282.15,53585.15,52783.45,53710.35,0,0.0,0.0,0.0,0.0,-0.01,-1,-1,-0.01,-1,-1,-0.01,-1,-1,-0.01,-1,-1,-0.01,-1,-1,-0.01,-1,-1,-0.01,-1,-1,-0.01,-1,-1,-0.01,-1,-1,-0.01,-1,-1
99926009,2026-05-18 13:30:02+05:30,53501.5,0,0.0,0,0.0,0.0,53282.15,53585.15,52783.45,53710.35,0,0.0,0.0,0.0,0.0,-0.01,-1,-1,-0.01,-1,-1,-0.01,-1,-1,-0.01,-1,-1,-0.01,-1,-1,-0.01,-1,-1,-0.01,-1,-1,-0.01,-1,-1,-0.01,-1,-1,-0.01,-1,-1
99926009,2026-05-18 13:30:03+05:30,53500.55,0,0.0,0,0.0,0.0,53282.15,53585.15,52783.45,53710.35,0,0.0,0.0,0.0,0.0,-0.01,-1,-1,-0.01,-1,-1,-0.01,-1,-1,-0.01,-1,-1,-0.01,-1,-1,-0.01,-1,-1,-0.01,-1,-1,-0.01,-1,-1,-0.01,-1,-1,-0.01,-1,-1
99926009,2026-05-18 13:30:03+05:30,53498.95,0,0.0,0,0.0,0.0,53282.15,53585.15,52783.45,53710.35,0,0.0,0.0,0.0,0.0,-0.01,-1,-1,-0.01,-1,-1,-0.01,-1,-1,-0.01,-1,-1,-0.01,-1,-1,-0.01,-1,-1,-0.01,-1,-1,-0.01,-1,-1,-0.01,-1,-1,-0.01,-1,-1
99926009,2026-05-18 13:30:04+05:30,53501.8,0,0.0,0,0.0,0.0,53282.15,53585.15,52783.45,53710.35,0,0.0,0.0,0.0,0.0,-0.01,-1,-1,-0.01,-1,-1,-0.01,-1,-1,-0.01,-1,-1,-0.01,-1,-1,-0.01,-1,-1,-0.01,-1,-1,-0.01,-1,-1,-0.01,-1,-1,-0.01,-1,-1
99926009,2026-05-18 13:30:04+05:30,53500.4,0,0.0,0,0.0,0.0,53282.15,53585.15,52783.45,53710.35,0,0.0,0.0,0.0,0.0,-0.01,-1,-1,-0.01,-1,-1,-0.01,-1,-1,-0.01,-1,-1,-0.01,-1,-1,-0.01,-1,-1,-0.01,-1,-1,-0.01,-1,-1,-0.01,-1,-1,-0.01,-1,-1
99926009,2026-05-18 13:30:05+05:30,53504.2,0,0.0,0,0.0,0.0,53282.15,53585.15,52783.45,53710.35,0,0.0,0.0,0.0,0.0,-0.01,-1,-1,-0.01,-1,-1,-0.01,-1,-1,-0.01,-1,-1,-0.01,-1,-1,-0.01,-1,-1,-0.01,-1,-1,-0.01,-1,-1,-0.01,-1,-1,-0.01,-1,-1
99926009,2026-05-18 13:30:05+05:30,53503.7,0,0.0,0,0.0,0.0,53282.15,53585.15,52783.45,53710.35,0,0.0,0.0,0.0,0.0,-0.01,-1,-1,-0.01,-1,-1,-0.01,-1,-1,-0.01,-1,-1,-0.01,-1,-1,-0.01,-1,-1,-0.01,-1,-1,-0.01,-1,-1,-0.01,-1,-1,-0.01,-1,-1
99926009,2026-05-18 13:30:06+05:30,53502.1,0,0.0,0,0.0,0.0,53282.15,53585.15,52783.45,53710.35,0,0.0,0.0,0.0,0.0,-0.01,-1,-1,-0.01,-1,-1,-0.01,-1,-1,-0.01,-1,-1,-0.01,-1,-1,-0.01,-1,-1,-0.01,-1,-1,-0.01,-1,-1,-0.01,-1,-1,-0.01,-1,-1
99926009,2026-05-18 13:30:06+05:30,53502.8,0,0.0,0,0.0,0.0,53282.15,53585.15,52783.45,53710.35,0,0.0,0.0,0.0,0.0,-0.01,-1,-1,-0.01,-1,-1,-0.01,-1,-1,-0.01,-1,-1,-0.01,-1,-1,-0.01,-1,-1,-0.01,-1,-1,-0.01,-1,-1,-0.01,-1,-1,-0.01,-1,-1
99926009,2026-05-18 13:30:07+05:30,53509.45,0,0.0,0,0.0,0.0,53282.15,53585.15,52783.45,53710.35,0,0.0,0.0,0.0,0.0,-0.01,-1,-1,-0.01,-1,-1,-0.01,-1,-1,-0.01,-1,-1,-0.01,-1,-1,-0.01,-1,-1,-0.01,-1,-1,-0.01,-1,-1,-0.01,-1,-1,-0.01,-1,-1
99926009,2026-05-18 13:30:07+05:30,53511.2,0,0.0,0,0.0,0.0,53282.15,53585.15,52783.45,53710.35,0,0.0,0.0,0.0,0.0,-0.01,-1,-1,-0.01,-1,-1,-0.01,-1,-1,-0.01,-1,-1,-0.01,-1,-1,-0.01,-1,-1,-0.01,-1,-1,-0.01,-1,-1,-0.01,-1,-1,-0.01,-1,-1
99926009,2026-05-18 13:30:08+05:30,53510.75,0,0.0,0,0.0,0.0,53282.15,53585.15,52783.45,53710.35,0,0.0,0.0,0.0,0.0,-0.01,-1,-1,-0.01,-1,-1,-0.01,-1,-1,-0.01,-1,-1,-0.01,-1,-1,-0.01,-1,-1,-0.01,-1,-1,-0.01,-1,-1,-0.01,-1,-1,-0.01,-1,-1
99926009,2026-05-18 13:30:08+05:30,53512.45,0,0.0,0,0.0,0.0,53282.15,53585.15,52783.45,53710.35,0,0.0,0.0,0.0,0.0,-0.01,-1,-1,-0.01,-1,-1,-0.01,-1,-1,-0.01,-1,-1,-0.01,-1,-1,-0.01,-1,-1,-0.01,-1,-1,-0.01,-1,-1,-0.01,-1,-1,-0.01,-1,-1
99926009,2026-05-18 13:30:09+05:30,53512.95,0,0.0,0,0.0,0.0,53282.15,53585.15,52783.45,53710.35,0,0.0,0.0,0.0,0.0,-0.01,-1,-1,-0.01,-1,-1,-0.01,-1,-1,-0.01,-1,-1,-0.01,-1,-1,-0.01,-1,-1,-0.01,-1,-1,-0.01,-1,-1,-0.01,-1,-1,-0.01,-1,-1
99926009,2026-05-18 13:30:09+05:30,53513.75,0,0.0,0,0.0,0.0,53282.15,53585.15,52783.45,53710.35,0,0.0,0.0,0.0,0.0,-0.01,-1,-1,-0.01,-1,-1,-0.01,-1,-1,-0.01,-1,-1,-0.01,-1,-1,-0.01,-1,-1,-0.01,-1,-1,-0.01,-1,-1,-0.01,-1,-1,-0.01,-1,-1
99926009,2026-05-18 13:30:10+05:30,53513.6,0,0.0,0,0.0,0.0,53282.15,53585.15,52783.45,53710.35,0,0.0,0.0,0.0,0.0,-0.01,-1,-1,-0.01,-1,-1,-0.01,-1,-1,-0.01,-1,-1,-0.01,-1,-1,-0.01,-1,-1,-0.01,-1,-1,-0.01,-1,-1,-0.01,-1,-1,-0.01,-1,-1
99926009,2026-05-18 13:30:10+05:30,53509.6,0,0.0,0,0.0,0.0,53282.15,53585.15,52783.45,53710.35,0,0.0,0.0,0.0,0.0,-0.01,-1,-1,-0.01,-1,-1,-0.01,-1,-1,-0.01,-1,-1,-0.01,-1,-1,-0.01,-1,-1,-0.01,-1,-1,-0.01,-1,-1,-0.01,-1,-1,-0.01,-1,-1
99926009,2026-05-18 13:30:11+05:30,53510.45,0,0.0,0,0.0,0.0,53282.15,53585.15,52783.45,53710.35,0,0.0,0.0,0.0,0.0,-0.01,-1,-1,-0.01,-1,-1,-0.01,-1,-1,-0.01,-1,-1,-0.01,-1,-1,-0.01,-1,-1,-0.01,-1,-1,-0.01,-1,-1,-0.01,-1,-1,-0.01,-1,-1
99926009,2026-05-18 13:30:11+05:30,53510.6,0,0.0,0,0.0,0.0,53282.15,53585.15,52783.45,53710.35,0,0.0,0.0,0.0,0.0,-0.01,-1,-1,-0.01,-1,-1,-0.01,-1,-1,-0.01,-1,-1,-0.01,-1,-1,-0.01,-1,-1,-0.01,-1,-1,-0.01,-1,-1,-0.01,-1,-1,-0.01,-1,-1
99926009,2026-05-18 13:30:12+05:30,53511.75,0,0.0,0,0.0,0.0,53282.15,53585.15,52783.45,53710.35,0,0.0,0.0,0.0,0.0,-0.01,-1,-1,-0.01,-1,-1,-0.01,-1,-1,-0.01,-1,-1,-0.01,-1,-1,-0.01,-1,-1,-0.01,-1,-1,-0.01,-1,-1,-0.01,-1,-1,-0.01,-1,-1
99926009,2026-05-18 13:30:12+05:30,53511.2,0,0.0,0,0.0,0.0,53282.15,53585.15,52783.45,53710.35,0,0.0,0.0,0.0,0.0,-0.01,-1,-1,-0.01,-1,-1,-0.01,-1,-1,-0.01,-1,-1,-0.01,-1,-1,-0.01,-1,-1,-0.01,-1,-1,-0.01,-1,-1,-0.01,-1,-1,-0.01,-1,-1
99926009,2026-05-18 13:30:13+05:30,53510.3,0,0.0,0,0.0,0.0,53282.15,53585.15,52783.45,53710.35,0,0.0,0.0,0.0,0.0,-0.01,-1,-1,-0.01,-1,-1,-0.01,-1,-1,-0.01,-1,-1,-0.01,-1,-1,-0.01,-1,-1,-0.01,-1,-1,-0.01,-1,-1,-0.01,-1,-1,-0.01,-1,-1
99926009,2026-05-18 13:30:13+05:30,53510.1,0,0.0,0,0.0,0.0,53282.15,53585.15,52783.45,53710.35,0,0.0,0.0,0.0,0.0,-0.01,-1,-1,-0.01,-1,-1,-0.01,-1,-1,-0.01,-1,-1,-0.01,-1,-1,-0.01,-1,-1,-0.01,-1,-1,-0.01,-1,-1,-0.01,-1,-1,-0.01,-1,-1
99926009,2026-05-18 13:30:14+05:30,53509.3,0,0.0,0,0.0,0.0,53282.15,53585.15,52783.45,53710.35,0,0.0,0.0,0.0,0.0,-0.01,-1,-1,-0.01,-1,-1,-0.01,-1,-1,-0.01,-1,-1,-0.01,-1,-1,-0.01,-1,-1,-0.01,-1,-1,-0.01,-1,-1,-0.01,-1,-1,-0.01,-1,-1
99926009,2026-05-18 13:30:14+05:30,53510.9,0,0.0,0,0.0,0.0,53282.15,53585.15,52783.45,53710.35,0,0.0,0.0,0.0,0.0,-0.01,-1,-1,-0.01,-1,-1,-0.01,-1,-1,-0.01,-1,-1,-0.01,-1,-1,-0.01,-1,-1,-0.01,-1,-1,-0.01,-1,-1,-0.01,-1,-1,-0.01,-1,-1
99926009,2026-05-18 13:30:15+05:30,53512.6,0,0.0,0,0.0,0.0,53282.15,53585.15,52783.45,53710.35,0,0.0,0.0,0.0,0.0,-0.01,-1,-1,-0.01,-1,-1,-0.01,-1,-1,-0.01,-1,-1,-0.01,-1,-1,-0.01,-1,-1,-0.01,-1,-1,-0.01,-1,-1,-0.01,-1,-1,-0.01,-1,-1
99926009,2026-05-18 13:30:15+05:30,53511.3,0,0.0,0,0.0,0.0,53282.15,53585.15,52783.45,53710.35,0,0.0,0.0,0.0,0.0,-0.01,-1,-1,-0.01,-1,-1,-0.01,-1,-1,-0.01,-1,-1,-0.01,-1,-1,-0.01,-1,-1,-0.01,-1,-1,-0.01,-1,-1,-0.01,-1,-1,-0.01,-1,-1
99926009,2026-05-18 13:30:16+05:30,53511.0,0,0.0,0,0.0,0.0,53282.15,53585.15,52783.45,53710.35,0,0.0,0.0,0.0,0.0,-0.01,-1,-1,-0.01,-1,-1,-0.01,-1,-1,-0.01,-1,-1,-0.01,-1,-1,-0.01,-1,-1,-0.01,-1,-1,-0.01,-1,-1,-0.01,-1,-1,-0.01,-1,-1
99926009,2026-05-18 13:30:16+05:30,53513.05,0,0.0,0,0.0,0.0,53282.15,53585.15,52783.45,53710.35,0,0.0,0.0,0.0,0.0,-0.01,-1,-1,-0.01,-1,-1,-0.01,-1,-1,-0.01,-1,-1,-0.01,-1,-1,-0.01,-1,-1,-0.01,-1,-1,-0.01,-1,-1,-0.01,-1,-1,-0.01,-1,-1
99926009,2026-05-18 13:30:17+05:30,53515.25,0,0.0,0,0.0,0.0,53282.15,53585.15,52783.45,53710.35,0,0.0,0.0,0.0,0.0,-0.01,-1,-1,-0.01,-1,-1,-0.01,-1,-1,-0.01,-1,-1,-0.01,-1,-1,-0.01,-1,-1,-0.01,-1,-1,-0.01,-1,-1,-0.01,-1,-1,-0.01,-1,-1
99926009,2026-05-18 13:30:17+05:30,53515.25,0,0.0,0,0.0,0.0,53282.15,53585.15,52783.45,53710.35,0,0.0,0.0,0.0,0.0,-0.01,-1,-1,-0.01,-1,-1,-0.01,-1,-1,-0.01,-1,-1,-0.01,-1,-1,-0.01,-1,-1,-0.01,-1,-1,-0.01,-1,-1,-0.01,-1,-1,-0.01,-1,-1
99926009,2026-05-18 13:30:18+05:30,53517.05,0,0.0,0,0.0,0.0,53282.15,53585.15,52783.45,53710.35,0,0.0,0.0,0.0,0.0,-0.01,-1,-1,-0.01,-1,-1,-0.01,-1,-1,-0.01,-1,-1,-0.01,-1,-1,-0.01,-1,-1,-0.01,-1,-1,-0.01,-1,-1,-0.01,-1,-1,-0.01,-1,-1
99926009,2026-05-18 13:30:18+05:30,53517.15,0,0.0,0,0.0,0.0,53282.15,53585.15,52783.45,53710.35,0,0.0,0.0,0.0,0.0,-0.01,-1,-1,-0.01,-1,-1,-0.01,-1,-1,-0.01,-1,-1,-0.01,-1,-1,-0.01,-1,-1,-0.01,-1,-1,-0.01,-1,-1,-0.01,-1,-1,-0.01,-1,-1
99926009,2026-05-18 13:30:19+05:30,53517.2,0,0.0,0,0.0,0.0,53282.15,53585.15,52783.45,53710.35,0,0.0,0.0,0.0,0.0,-0.01,-1,-1,-0.01,-1,-1,-0.01,-1,-1,-0.01,-1,-1,-0.01,-1,-1,-0.01,-1,-1,-0.01,-1,-1,-0.01,-1,-1,-0.01,-1,-1,-0.01,-1,-1
99926009,2026-05-18 13:30:19+05:30,53513.2,0,0.0,0,0.0,0.0,53282.15,53585.15,52783.45,53710.35,0,0.0,0.0,0.0,0.0,-0.01,-1,-1,-0.01,-1,-1,-0.01,-1,-1,-0.01,-1,-1,-0.01,-1,-1,-0.01,-1,-1,-0.01,-1,-1,-0.01,-1,-1,-0.01,-1,-1,-0.01,-1,-1
99926009,2026-05-18 13:30:20+05:30,53517.2,0,0.0,0,0.0,0.0,53282.15,53585.15,52783.45,53710.35,0,0.0,0.0,0.0,0.0,-0.01,-1,-1,-0.01,-1,-1,-0.01,-1,-1,-0.01,-1,-1,-0.01,-1,-1,-0.01,-1,-1,-0.01,-1,-1,-0.01,-1,-1,-0.01,-1,-1,-0.01,-1,-1
99926009,2026-05-18 13:30:20+05:30,53516.5,0,0.0,0,0.0,0.0,53282.15,53585.15,52783.45,53710.35,0,0.0,0.0,0.0,0.0,-0.01,-1,-1,-0.01,-1,-1,-0.01,-1,-1,-0.01,-1,-1,-0.01,-1,-1,-0.01,-1,-1,-0.01,-1,-1,-0.01,-1,-1,-0.01,-1,-1,-0.01,-1,-1
99926009,2026-05-18 13:30:21+05:30,53515.2,0,0.0,0,0.0,0.0,53282.15,53585.15,52783.45,53710.35,0,0.0,0.0,0.0,0.0,-0.01,-1,-1,-0.01,-1,-1,-0.01,-1,-1,-0.01,-1,-1,-0.01,-1,-1,-0.01,-1,-1,-0.01,-1,-1,-0.01,-1,-1,-0.01,-1,-1,-0.01,-1,-1
99926009,2026-05-18 13:30:21+05:30,53515.0,0,0.0,0,0.0,0.0,53282.15,53585.15,52783.45,53710.35,0,0.0,0.0,0.0,0.0,-0.01,-1,-1,-0.01,-1,-1,-0.01,-1,-1,-0.01,-1,-1,-0.01,-1,-1,-0.01,-1,-1,-0.01,-1,-1,-0.01,-1,-1,-0.01,-1,-1,-0.01,-1,-1
99926009,2026-05-18 13:30:22+05:30,53512.75,0,0.0,0,0.0,0.0,53282.15,53585.15,52783.45,53710.35,0,0.0,0.0,0.0,0.0,-0.01,-1,-1,-0.01,-1,-1,-0.01,-1,-1,-0.01,-1,-1,-0.01,-1,-1,-0.01,-1,-1,-0.01,-1,-1,-0.01,-1,-1,-0.01,-1,-1,-0.01,-1,-1
99926009,2026-05-18 13:30:22+05:30,53512.65,0,0.0,0,0.0,0.0,53282.15,53585.15,52783.45,53710.35,0,0.0,0.0,0.0,0.0,-0.01,-1,-1,-0.01,-1,-1,-0.01,-1,-1,-0.01,-1,-1,-0.01,-1,-1,-0.01,-1,-1,-0.01,-1,-1,-0.01,-1,-1,-0.01,-1,-1,-0.01,-1,-1
99926009,2026-05-18 13:30:23+05:30,53513.25,0,0.0,0,0.0,0.0,53282.15,53585.15,52783.45,53710.35,0,0.0,0.0,0.0,0.0,-0.01,-1,-1,-0.01,-1,-1,-0.01,-1,-1,-0.01,-1,-1,-0.01,-1,-1,-0.01,-1,-1,-0.01,-1,-1,-0.01,-1,-1,-0.01,-1,-1,-0.01,-1,-1
99926009,2026-05-18 13:30:23+05:30,53513.7,0,0.0,0,0.0,0.0,53282.15,53585.15,52783.45,53710.35,0,0.0,0.0,0.0,0.0,-0.01,-1,-1,-0.01,-1,-1,-0.01,-1,-1,-0.01,-1,-1,-0.01,-1,-1,-0.01,-1,-1,-0.01,-1,-1,-0.01,-1,-1,-0.01,-1,-1,-0.01,-1,-1
99926009,2026-05-18 13:30:24+05:30,53509.8,0,0.0,0,0.0,0.0,53282.15,53585.15,52783.45,53710.35,0,0.0,0.0,0.0,0.0,-0.01,-1,-1,-0.01,-1,-1,-0.01,-1,-1,-0.01,-1,-1,-0.01,-1,-1,-0.01,-1,-1,-0.01,-1,-1,-0.01,-1,-1,-0.01,-1,-1,-0.01,-1,-1
99926009,2026-05-18 13:30:24+05:30,53509.8,0,0.0,0,0.0,0.0,53282.15,53585.15,52783.45,53710.35,0,0.0,0.0,0.0,0.0,-0.01,-1,-1,-0.01,-1,-1,-0.01,-1,-1,-0.01,-1,-1,-0.01,-1,-1,-0.01,-1,-1,-0.01,-1,-1,-0.01,-1,-1,-0.01,-1,-1,-0.01,-1,-1
99926009,2026-05-18 13:30:25+05:30,53512.75,0,0.0,0,0.0,0.0,53282.15,53585.15,52783.45,53710.35,0,0.0,0.0,0.0,0.0,-0.01,-1,-1,-0.01,-1,-1,-0.01,-1,-1,-0.01,-1,-1,-0.01,-1,-1,-0.01,-1,-1,-0.01,-1,-1,-0.01,-1,-1,-0.01,-1,-1,-0.01,-1,-1
99926009,2026-05-18 13:30:25+05:30,53511.9,0,0.0,0,0.0,0.0,53282.15,53585.15,52783.45,53710.35,0,0.0,0.0,0.0,0.0,-0.01,-1,-1,-0.01,-1,-1,-0.01,-1,-1,-0.01,-1,-1,-0.01,-1,-1,-0.01,-1,-1,-0.01,-1,-1,-0.01,-1,-1,-0.01,-1,-1,-0.01,-1,-1
99926009,2026-05-18 13:30:26+05:30,53509.15,0,0.0,0,0.0,0.0,53282.15,53585.15,52783.45,53710.35,0,0.0,0.0,0.0,0.0,-0.01,-1,-1,-0.01,-1,-1,-0.01,-1,-1,-0.01,-1,-1,-0.01,-1,-1,-0.01,-1,-1,-0.01,-1,-1,-0.01,-1,-1,-0.01,-1,-1,-0.01,-1,-1
99926009,2026-05-18 13:30:26+05:30,53511.3,0,0.0,0,0.0,0.0,53282.15,53585.15,52783.45,53710.35,0,0.0,0.0,0.0,0.0,-0.01,-1,-1,-0.01,-1,-1,-0.01,-1,-1,-0.01,-1,-1,-0.01,-1,-1,-0.01,-1,-1,-0.01,-1,-1,-0.01,-1,-1,-0.01,-1,-1,-0.01,-1,-1
99926009,2026-05-18 13:30:27+05:30,53510.9,0,0.0,0,0.0,0.0,53282.15,53585.15,52783.45,53710.35,0,0.0,0.0,0.0,0.0,-0.01,-1,-1,-0.01,-1,-1,-0.01,-1,-1,-0.01,-1,-1,-0.01,-1,-1,-0.01,-1,-1,-0.01,-1,-1,-0.01,-1,-1,-0.01,-1,-1,-0.01,-1,-1
99926009,2026-05-18 13:30:27+05:30,53511.35,0,0.0,0,0.0,0.0,53282.15,53585.15,52783.45,53710.35,0,0.0,0.0,0.0,0.0,-0.01,-1,-1,-0.01,-1,-1,-0.01,-1,-1,-0.01,-1,-1,-0.01,-1,-1,-0.01,-1,-1,-0.01,-1,-1,-0.01,-1,-1,-0.01,-1,-1,-0.01,-1,-1
99926009,2026-05-18 13:30:28+05:30,53510.75,0,0.0,0,0.0,0.0,53282.15,53585.15,52783.45,53710.35,0,0.0,0.0,0.0,0.0,-0.01,-1,-1,-0.01,-1,-1,-0.01,-1,-1,-0.01,-1,-1,-0.01,-1,-1,-0.01,-1,-1,-0.01,-1,-1,-0.01,-1,-1,-0.01,-1,-1,-0.01,-1,-1
99926009,2026-05-18 13:30:28+05:30,53509.35,0,0.0,0,0.0,0.0,53282.15,53585.15,52783.45,53710.35,0,0.0,0.0,0.0,0.0,-0.01,-1,-1,-0.01,-1,-1,-0.01,-1,-1,-0.01,-1,-1,-0.01,-1,-1,-0.01,-1,-1,-0.01,-1,-1,-0.01,-1,-1,-0.01,-1,-1,-0.01,-1,-1
99926009,2026-05-18 13:30:29+05:30,53510.7,0,0.0,0,0.0,0.0,53282.15,53585.15,52783.45,53710.35,0,0.0,0.0,0.0,0.0,-0.01,-1,-1,-0.01,-1,-1,-0.01,-1,-1,-0.01,-1,-1,-0.01,-1,-1,-0.01,-1,-1,-0.01,-1,-1,-0.01,-1,-1,-0.01,-1,-1,-0.01,-1,-1
99926009,2026-05-18 13:30:29+05:30,53512.15,0,0.0,0,0.0,0.0,53282.15,53585.15,52783.45,53710.35,0,0.0,0.0,0.0,0.0,-0.01,-1,-1,-0.01,-1,-1,-0.01,-1,-1,-0.01,-1,-1,-0.01,-1,-1,-0.01,-1,-1,-0.01,-1,-1,-0.01,-1,-1,-0.01,-1,-1,-0.01,-1,-1
99926009,2026-05-18 13:30:30+05:30,53515.75,0,0.0,0,0.0,0.0,53282.15,53585.15,52783.45,53710.35,0,0.0,0.0,0.0,0.0,-0.01,-1,-1,-0.01,-1,-1,-0.01,-1,-1,-0.01,-1,-1,-0.01,-1,-1,-0.01,-1,-1,-0.01,-1,-1,-0.01,-1,-1,-0.01,-1,-1,-0.01,-1,-1
99926009,2026-05-18 13:30:30+05:30,53512.15,0,0.0,0,0.0,0.0,53282.15,53585.15,52783.45,53710.35,0,0.0,0.0,0.0,0.0,-0.01,-1,-1,-0.01,-1,-1,-0.01,-1,-1,-0.01,-1,-1,-0.01,-1,-1,-0.01,-1,-1,-0.01,-1,-1,-0.01,-1,-1,-0.01,-1,-1,-0.01,-1,-1
99926009,2026-05-18 13:30:31+05:30,53511.45,0,0.0,0,0.0,0.0,53282.15,53585.15,52783.45,53710.35,0,0.0,0.0,0.0,0.0,-0.01,-1,-1,-0.01,-1,-1,-0.01,-1,-1,-0.01,-1,-1,-0.01,-1,-1,-0.01,-1,-1,-0.01,-1,-1,-0.01,-1,-1,-0.01,-1,-1,-0.01,-1,-1
99926009,2026-05-18 13:30:31+05:30,53513.9,0,0.0,0,0.0,0.0,53282.15,53585.15,52783.45,53710.35,0,0.0,0.0,0.0,0.0,-0.01,-1,-1,-0.01,-1,-1,-0.01,-1,-1,-0.01,-1,-1,-0.01,-1,-1,-0.01,-1,-1,-0.01,-1,-1,-0.01,-1,-1,-0.01,-1,-1,-0.01,-1,-1
99926009,2026-05-18 13:30:32+05:30,53513.65,0,0.0,0,0.0,0.0,53282.15,53585.15,52783.45,53710.35,0,0.0,0.0,0.0,0.0,-0.01,-1,-1,-0.01,-1,-1,-0.01,-1,-1,-0.01,-1,-1,-0.01,-1,-1,-0.01,-1,-1,-0.01,-1,-1,-0.01,-1,-1,-0.01,-1,-1,-0.01,-1,-1
99926009,2026-05-18 13:30:32+05:30,53510.4,0,0.0,0,0.0,0.0,53282.15,53585.15,52783.45,53710.35,0,0.0,0.0,0.0,0.0,-0.01,-1,-1,-0.01,-1,-1,-0.01,-1,-1,-0.01,-1,-1,-0.01,-1,-1,-0.01,-1,-1,-0.01,-1,-1,-0.01,-1,-1,-0.01,-1,-1,-0.01,-1,-1
99926009,2026-05-18 13:30:33+05:30,53513.45,0,0.0,0,0.0,0.0,53282.15,53585.15,52783.45,53710.35,0,0.0,0.0,0.0,0.0,-0.01,-1,-1,-0.01,-1,-1,-0.01,-1,-1,-0.01,-1,-1,-0.01,-1,-1,-0.01,-1,-1,-0.01,-1,-1,-0.01,-1,-1,-0.01,-1,-1,-0.01,-1,-1
99926009,2026-05-18 13:30:33+05:30,53513.4,0,0.0,0,0.0,0.0,53282.15,53585.15,52783.45,53710.35,0,0.0,0.0,0.0,0.0,-0.01,-1,-1,-0.01,-1,-1,-0.01,-1,-1,-0.01,-1,-1,-0.01,-1,-1,-0.01,-1,-1,-0.01,-1,-1,-0.01,-1,-1,-0.01,-1,-1,-0.01,-1,-1
99926009,2026-05-18 13:30:34+05:30,53514.25,0,0.0,0,0.0,0.0,53282.15,53585.15,52783.45,53710.35,0,0.0,0.0,0.0,0.0,-0.01,-1,-1,-0.01,-1,-1,-0.01,-1,-1,-0.01,-1,-1,-0.01,-1,-1,-0.01,-1,-1,-0.01,-1,-1,-0.01,-1,-1,-0.01,-1,-1,-0.01,-1,-1
99926009,2026-05-18 13:30:34+05:30,53511.25,0,0.0,0,0.0,0.0,53282.15,53585.15,52783.45,53710.35,0,0.0,0.0,0.0,0.0,-0.01,-1,-1,-0.01,-1,-1,-0.01,-1,-1,-0.01,-1,-1,-0.01,-1,-1,-0.01,-1,-1,-0.01,-1,-1,-0.01,-1,-1,-0.01,-1,-1,-0.01,-1,-1
99926009,2026-05-18 13:30:35+05:30,53518.9,0,0.0,0,0.0,0.0,53282.15,53585.15,52783.45,53710.35,0,0.0,0.0,0.0,0.0,-0.01,-1,-1,-0.01,-1,-1,-0.01,-1,-1,-0.01,-1,-1,-0.01,-1,-1,-0.01,-1,-1,-0.01,-1,-1,-0.01,-1,-1,-0.01,-1,-1,-0.01,-1,-1
99926009,2026-05-18 13:30:35+05:30,53521.8,0,0.0,0,0.0,0.0,53282.15,53585.15,52783.45,53710.35,0,0.0,0.0,0.0,0.0,-0.01,-1,-1,-0.01,-1,-1,-0.01,-1,-1,-0.01,-1,-1,-0.01,-1,-1,-0.01,-1,-1,-0.01,-1,-1,-0.01,-1,-1,-0.01,-1,-1,-0.01,-1,-1
99926009,2026-05-18 13:30:36+05:30,53520.85,0,0.0,0,0.0,0.0,53282.15,53585.15,52783.45,53710.35,0,0.0,0.0,0.0,0.0,-0.01,-1,-1,-0.01,-1,-1,-0.01,-1,-1,-0.01,-1,-1,-0.01,-1,-1,-0.01,-1,-1,-0.01,-1,-1,-0.01,-1,-1,-0.01,-1,-1,-0.01,-1,-1
99926009,2026-05-18 13:30:36+05:30,53522.95,0,0.0,0,0.0,0.0,53282.15,53585.15,52783.45,53710.35,0,0.0,0.0,0.0,0.0,-0.01,-1,-1,-0.01,-1,-1,-0.01,-1,-1,-0.01,-1,-1,-0.01,-1,-1,-0.01,-1,-1,-0.01,-1,-1,-0.01,-1,-1,-0.01,-1,-1,-0.01,-1,-1
99926009,2026-05-18 13:30:37+05:30,53524.5,0,0.0,0,0.0,0.0,53282.15,53585.15,52783.45,53710.35,0,0.0,0.0,0.0,0.0,-0.01,-1,-1,-0.01,-1,-1,-0.01,-1,-1,-0.01,-1,-1,-0.01,-1,-1,-0.01,-1,-1,-0.01,-1,-1,-0.01,-1,-1,-0.01,-1,-1,-0.01,-1,-1
99926009,2026-05-18 13:30:37+05:30,53526.5,0,0.0,0,0.0,0.0,53282.15,53585.15,52783.45,53710.35,0,0.0,0.0,0.0,0.0,-0.01,-1,-1,-0.01,-1,-1,-0.01,-1,-1,-0.01,-1,-1,-0.01,-1,-1,-0.01,-1,-1,-0.01,-1,-1,-0.01,-1,-1,-0.01,-1,-1,-0.01,-1,-1
99926009,2026-05-18 13:30:38+05:30,53522.7,0,0.0,0,0.0,0.0,53282.15,53585.15,52783.45,53710.35,0,0.0,0.0,0.0,0.0,-0.01,-1,-1,-0.01,-1,-1,-0.01,-1,-1,-0.01,-1,-1,-0.01,-1,-1,-0.01,-1,-1,-0.01,-1,-1,-0.01,-1,-1,-0.01,-1,-1,-0.01,-1,-1
99926009,2026-05-18 13:30:38+05:30,53524.15,0,0.0,0,0.0,0.0,53282.15,53585.15,52783.45,53710.35,0,0.0,0.0,0.0,0.0,-0.01,-1,-1,-0.01,-1,-1,-0.01,-1,-1,-0.01,-1,-1,-0.01,-1,-1,-0.01,-1,-1,-0.01,-1,-1,-0.01,-1,-1,-0.01,-1,-1,-0.01,-1,-1
99926009,2026-05-18 13:30:39+05:30,53521.1,0,0.0,0,0.0,0.0,53282.15,53585.15,52783.45,53710.35,0,0.0,0.0,0.0,0.0,-0.01,-1,-1,-0.01,-1,-1,-0.01,-1,-1,-0.01,-1,-1,-0.01,-1,-1,-0.01,-1,-1,-0.01,-1,-1,-0.01,-1,-1,-0.01,-1,-1,-0.01,-1,-1
99926009,2026-05-18 13:30:39+05:30,53524.15,0,0.0,0,0.0,0.0,53282.15,53585.15,52783.45,53710.35,0,0.0,0.0,0.0,0.0,-0.01,-1,-1,-0.01,-1,-1,-0.01,-1,-1,-0.01,-1,-1,-0.01,-1,-1,-0.01,-1,-1,-0.01,-1,-1,-0.01,-1,-1,-0.01,-1,-1,-0.01,-1,-1
99926009,2026-05-18 13:30:40+05:30,53521.7,0,0.0,0,0.0,0.0,53282.15,53585.15,52783.45,53710.35,0,0.0,0.0,0.0,0.0,-0.01,-1,-1,-0.01,-1,-1,-0.01,-1,-1,-0.01,-1,-1,-0.01,-1,-1,-0.01,-1,-1,-0.01,-1,-1,-0.01,-1,-1,-0.01,-1,-1,-0.01,-1,-1
99926009,2026-05-18 13:30:40+05:30,53523.85,0,0.0,0,0.0,0.0,53282.15,53585.15,52783.45,53710.35,0,0.0,0.0,0.0,0.0,-0.01,-1,-1,-0.01,-1,-1,-0.01,-1,-1,-0.01,-1,-1,-0.01,-1,-1,-0.01,-1,-1,-0.01,-1,-1,-0.01,-1,-1,-0.01,-1,-1,-0.01,-1,-1
99926009,2026-05-18 13:30:41+05:30,53522.35,0,0.0,0,0.0,0.0,53282.15,53585.15,52783.45,53710.35,0,0.0,0.0,0.0,0.0,-0.01,-1,-1,-0.01,-1,-1,-0.01,-1,-1,-0.01,-1,-1,-0.01,-1,-1,-0.01,-1,-1,-0.01,-1,-1,-0.01,-1,-1,-0.01,-1,-1,-0.01,-1,-1
99926009,2026-05-18 13:30:41+05:30,53522.05,0,0.0,0,0.0,0.0,53282.15,53585.15,52783.45,53710.35,0,0.0,0.0,0.0,0.0,-0.01,-1,-1,-0.01,-1,-1,-0.01,-1,-1,-0.01,-1,-1,-0.01,-1,-1,-0.01,-1,-1,-0.01,-1,-1,-0.01,-1,-1,-0.01,-1,-1,-0.01,-1,-1
99926009,2026-05-18 13:30:42+05:30,53519.8,0,0.0,0,0.0,0.0,53282.15,53585.15,52783.45,53710.35,0,0.0,0.0,0.0,0.0,-0.01,-1,-1,-0.01,-1,-1,-0.01,-1,-1,-0.01,-1,-1,-0.01,-1,-1,-0.01,-1,-1,-0.01,-1,-1,-0.01,-1,-1,-0.01,-1,-1,-0.01,-1,-1
99926009,2026-05-18 13:30:42+05:30,53520.3,0,0.0,0,0.0,0.0,53282.15,53585.15,52783.45,53710.35,0,0.0,0.0,0.0,0.0,-0.01,-1,-1,-0.01,-1,-1,-0.01,-1,-1,-0.01,-1,-1,-0.01,-1,-1,-0.01,-1,-1,-0.01,-1,-1,-0.01,-1,-1,-0.01,-1,-1,-0.01,-1,-1
99926009,2026-05-18 13:30:43+05:30,53520.05,0,0.0,0,0.0,0.0,53282.15,53585.15,52783.45,53710.35,0,0.0,0.0,0.0,0.0,-0.01,-1,-1,-0.01,-1,-1,-0.01,-1,-1,-0.01,-1,-1,-0.01,-1,-1,-0.01,-1,-1,-0.01,-1,-1,-0.01,-1,-1,-0.01,-1,-1,-0.01,-1,-1
99926009,2026-05-18 13:30:43+05:30,53522.15,0,0.0,0,0.0,0.0,53282.15,53585.15,52783.45,53710.35,0,0.0,0.0,0.0,0.0,-0.01,-1,-1,-0.01,-1,-1,-0.01,-1,-1,-0.01,-1,-1,-0.01,-1,-1,-0.01,-1,-1,-0.01,-1,-1,-0.01,-1,-1,-0.01,-1,-1,-0.01,-1,-1
99926009,2026-05-18 13:30:44+05:30,53521.45,0,0.0,0,0.0,0.0,53282.15,53585.15,52783.45,53710.35,0,0.0,0.0,0.0,0.0,-0.01,-1,-1,-0.01,-1,-1,-0.01,-1,-1,-0.01,-1,-1,-0.01,-1,-1,-0.01,-1,-1,-0.01,-1,-1,-0.01,-1,-1,-0.01,-1,-1,-0.01,-1,-1
99926009,2026-05-18 13:30:44+05:30,53522.6,0,0.0,0,0.0,0.0,53282.15,53585.15,52783.45,53710.35,0,0.0,0.0,0.0,0.0,-0.01,-1,-1,-0.01,-1,-1,-0.01,-1,-1,-0.01,-1,-1,-0.01,-1,-1,-0.01,-1,-1,-0.01,-1,-1,-0.01,-1,-1,-0.01,-1,-1,-0.01,-1,-1
99926009,2026-05-18 13:30:45+05:30,53524.95,0,0.0,0,0.0,0.0,53282.15,53585.15,52783.45,53710.35,0,0.0,0.0,0.0,0.0,-0.01,-1,-1,-0.01,-1,-1,-0.01,-1,-1,-0.01,-1,-1,-0.01,-1,-1,-0.01,-1,-1,-0.01,-1,-1,-0.01,-1,-1,-0.01,-1,-1,-0.01,-1,-1
99926009,2026-05-18 13:30:45+05:30,53522.95,0,0.0,0,0.0,0.0,53282.15,53585.15,52783.45,53710.35,0,0.0,0.0,0.0,0.0,-0.01,-1,-1,-0.01,-1,-1,-0.01,-1,-1,-0.01,-1,-1,-0.01,-1,-1,-0.01,-1,-1,-0.01,-1,-1,-0.01,-1,-1,-0.01,-1,-1,-0.01,-1,-1
99926009,2026-05-18 13:30:46+05:30,53520.5,0,0.0,0,0.0,0.0,53282.15,53585.15,52783.45,53710.35,0,0.0,0.0,0.0,0.0,-0.01,-1,-1,-0.01,-1,-1,-0.01,-1,-1,-0.01,-1,-1,-0.01,-1,-1,-0.01,-1,-1,-0.01,-1,-1,-0.01,-1,-1,-0.01,-1,-1,-0.01,-1,-1
99926009,2026-05-18 13:30:46+05:30,53522.05,0,0.0,0,0.0,0.0,53282.15,53585.15,52783.45,53710.35,0,0.0,0.0,0.0,0.0,-0.01,-1,-1,-0.01,-1,-1,-0.01,-1,-1,-0.01,-1,-1,-0.01,-1,-1,-0.01,-1,-1,-0.01,-1,-1,-0.01,-1,-1,-0.01,-1,-1,-0.01,-1,-1
99926009,2026-05-18 13:30:47+05:30,53522.55,0,0.0,0,0.0,0.0,53282.15,53585.15,52783.45,53710.35,0,0.0,0.0,0.0,0.0,-0.01,-1,-1,-0.01,-1,-1,-0.01,-1,-1,-0.01,-1,-1,-0.01,-1,-1,-0.01,-1,-1,-0.01,-1,-1,-0.01,-1,-1,-0.01,-1,-1,-0.01,-1,-1
99926009,2026-05-18 13:30:47+05:30,53524.0,0,0.0,0,0.0,0.0,53282.15,53585.15,52783.45,53710.35,0,0.0,0.0,0.0,0.0,-0.01,-1,-1,-0.01,-1,-1,-0.01,-1,-1,-0.01,-1,-1,-0.01,-1,-1,-0.01,-1,-1,-0.01,-1,-1,-0.01,-1,-1,-0.01,-1,-1,-0.01,-1,-1
99926009,2026-05-18 13:30:48+05:30,53526.05,0,0.0,0,0.0,0.0,53282.15,53585.15,52783.45,53710.35,0,0.0,0.0,0.0,0.0,-0.01,-1,-1,-0.01,-1,-1,-0.01,-1,-1,-0.01,-1,-1,-0.01,-1,-1,-0.01,-1,-1,-0.01,-1,-1,-0.01,-1,-1,-0.01,-1,-1,-0.01,-1,-1
99926009,2026-05-18 13:30:48+05:30,53524.9,0,0.0,0,0.0,0.0,53282.15,53585.15,52783.45,53710.35,0,0.0,0.0,0.0,0.0,-0.01,-1,-1,-0.01,-1,-1,-0.01,-1,-1,-0.01,-1,-1,-0.01,-1,-1,-0.01,-1,-1,-0.01,-1,-1,-0.01,-1,-1,-0.01,-1,-1,-0.01,-1,-1
99926009,2026-05-18 13:30:49+05:30,53524.1,0,0.0,0,0.0,0.0,53282.15,53585.15,52783.45,53710.35,0,0.0,0.0,0.0,0.0,-0.01,-1,-1,-0.01,-1,-1,-0.01,-1,-1,-0.01,-1,-1,-0.01,-1,-1,-0.01,-1,-1,-0.01,-1,-1,-0.01,-1,-1,-0.01,-1,-1,-0.01,-1,-1
99926009,2026-05-18 13:30:49+05:30,53524.3,0,0.0,0,0.0,0.0,53282.15,53585.15,52783.45,53710.35,0,0.0,0.0,0.0,0.0,-0.01,-1,-1,-0.01,-1,-1,-0.01,-1,-1,-0.01,-1,-1,-0.01,-1,-1,-0.01,-1,-1,-0.01,-1,-1,-0.01,-1,-1,-0.01,-1,-1,-0.01,-1,-1
99926009,2026-05-18 13:30:50+05:30,53525.65,0,0.0,0,0.0,0.0,53282.15,53585.15,52783.45,53710.35,0,0.0,0.0,0.0,0.0,-0.01,-1,-1,-0.01,-1,-1,-0.01,-1,-1,-0.01,-1,-1,-0.01,-1,-1,-0.01,-1,-1,-0.01,-1,-1,-0.01,-1,-1,-0.01,-1,-1,-0.01,-1,-1
99926009,2026-05-18 13:30:50+05:30,53523.5,0,0.0,0,0.0,0.0,53282.15,53585.15,52783.45,53710.35,0,0.0,0.0,0.0,0.0,-0.01,-1,-1,-0.01,-1,-1,-0.01,-1,-1,-0.01,-1,-1,-0.01,-1,-1,-0.01,-1,-1,-0.01,-1,-1,-0.01,-1,-1,-0.01,-1,-1,-0.01,-1,-1
99926009,2026-05-18 13:30:51+05:30,53523.05,0,0.0,0,0.0,0.0,53282.15,53585.15,52783.45,53710.35,0,0.0,0.0,0.0,0.0,-0.01,-1,-1,-0.01,-1,-1,-0.01,-1,-1,-0.01,-1,-1,-0.01,-1,-1,-0.01,-1,-1,-0.01,-1,-1,-0.01,-1,-1,-0.01,-1,-1,-0.01,-1,-1
99926009,2026-05-18 13:30:51+05:30,53525.65,0,0.0,0,0.0,0.0,53282.15,53585.15,52783.45,53710.35,0,0.0,0.0,0.0,0.0,-0.01,-1,-1,-0.01,-1,-1,-0.01,-1,-1,-0.01,-1,-1,-0.01,-1,-1,-0.01,-1,-1,-0.01,-1,-1,-0.01,-1,-1,-0.01,-1,-1,-0.01,-1,-1
99926009,2026-05-18 13:30:52+05:30,53522.05,0,0.0,0,0.0,0.0,53282.15,53585.15,52783.45,53710.35,0,0.0,0.0,0.0,0.0,-0.01,-1,-1,-0.01,-1,-1,-0.01,-1,-1,-0.01,-1,-1,-0.01,-1,-1,-0.01,-1,-1,-0.01,-1,-1,-0.01,-1,-1,-0.01,-1,-1,-0.01,-1,-1
99926009,2026-05-18 13:30:52+05:30,53524.2,0,0.0,0,0.0,0.0,53282.15,53585.15,52783.45,53710.35,0,0.0,0.0,0.0,0.0,-0.01,-1,-1,-0.01,-1,-1,-0.01,-1,-1,-0.01,-1,-1,-0.01,-1,-1,-0.01,-1,-1,-0.01,-1,-1,-0.01,-1,-1,-0.01,-1,-1,-0.01,-1,-1
99926009,2026-05-18 13:30:53+05:30,53523.75,0,0.0,0,0.0,0.0,53282.15,53585.15,52783.45,53710.35,0,0.0,0.0,0.0,0.0,-0.01,-1,-1,-0.01,-1,-1,-0.01,-1,-1,-0.01,-1,-1,-0.01,-1,-1,-0.01,-1,-1,-0.01,-1,-1,-0.01,-1,-1,-0.01,-1,-1,-0.01,-1,-1
99926009,2026-05-18 13:30:53+05:30,53525.15,0,0.0,0,0.0,0.0,53282.15,53585.15,52783.45,53710.35,0,0.0,0.0,0.0,0.0,-0.01,-1,-1,-0.01,-1,-1,-0.01,-1,-1,-0.01,-1,-1,-0.01,-1,-1,-0.01,-1,-1,-0.01,-1,-1,-0.01,-1,-1,-0.01,-1,-1,-0.01,-1,-1
99926009,2026-05-18 13:30:54+05:30,53525.35,0,0.0,0,0.0,0.0,53282.15,53585.15,52783.45,53710.35,0,0.0,0.0,0.0,0.0,-0.01,-1,-1,-0.01,-1,-1,-0.01,-1,-1,-0.01,-1,-1,-0.01,-1,-1,-0.01,-1,-1,-0.01,-1,-1,-0.01,-1,-1,-0.01,-1,-1,-0.01,-1,-1
99926009,2026-05-18 13:30:54+05:30,53525.7,0,0.0,0,0.0,0.0,53282.15,53585.15,52783.45,53710.35,0,0.0,0.0,0.0,0.0,-0.01,-1,-1,-0.01,-1,-1,-0.01,-1,-1,-0.01,-1,-1,-0.01,-1,-1,-0.01,-1,-1,-0.01,-1,-1,-0.01,-1,-1,-0.01,-1,-1,-0.01,-1,-1
99926009,2026-05-18 13:30:55+05:30,53528.4,0,0.0,0,0.0,0.0,53282.15,53585.15,52783.45,53710.35,0,0.0,0.0,0.0,0.0,-0.01,-1,-1,-0.01,-1,-1,-0.01,-1,-1,-0.01,-1,-1,-0.01,-1,-1,-0.01,-1,-1,-0.01,-1,-1,-0.01,-1,-1,-0.01,-1,-1,-0.01,-1,-1
99926009,2026-05-18 13:30:55+05:30,53528.6,0,0.0,0,0.0,0.0,53282.15,53585.15,52783.45,53710.35,0,0.0,0.0,0.0,0.0,-0.01,-1,-1,-0.01,-1,-1,-0.01,-1,-1,-0.01,-1,-1,-0.01,-1,-1,-0.01,-1,-1,-0.01,-1,-1,-0.01,-1,-1,-0.01,-1,-1,-0.01,-1,-1
99926009,2026-05-18 13:30:56+05:30,53526.7,0,0.0,0,0.0,0.0,53282.15,53585.15,52783.45,53710.35,0,0.0,0.0,0.0,0.0,-0.01,-1,-1,-0.01,-1,-1,-0.01,-1,-1,-0.01,-1,-1,-0.01,-1,-1,-0.01,-1,-1,-0.01,-1,-1,-0.01,-1,-1,-0.01,-1,-1,-0.01,-1,-1
99926009,2026-05-18 13:30:56+05:30,53526.95,0,0.0,0,0.0,0.0,53282.15,53585.15,52783.45,53710.35,0,0.0,0.0,0.0,0.0,-0.01,-1,-1,-0.01,-1,-1,-0.01,-1,-1,-0.01,-1,-1,-0.01,-1,-1,-0.01,-1,-1,-0.01,-1,-1,-0.01,-1,-1,-0.01,-1,-1,-0.01,-1,-1
99926009,2026-05-18 13:30:57+05:30,53527.35,0,0.0,0,0.0,0.0,53282.15,53585.15,52783.45,53710.35,0,0.0,0.0,0.0,0.0,-0.01,-1,-1,-0.01,-1,-1,-0.01,-1,-1,-0.01,-1,-1,-0.01,-1,-1,-0.01,-1,-1,-0.01,-1,-1,-0.01,-1,-1,-0.01,-1,-1,-0.01,-1,-1
99926009,2026-05-18 13:30:57+05:30,53526.15,0,0.0,0,0.0,0.0,53282.15,53585.15,52783.45,53710.35,0,0.0,0.0,0.0,0.0,-0.01,-1,-1,-0.01,-1,-1,-0.01,-1,-1,-0.01,-1,-1,-0.01,-1,-1,-0.01,-1,-1,-0.01,-1,-1,-0.01,-1,-1,-0.01,-1,-1,-0.01,-1,-1
99926009,2026-05-18 13:30:58+05:30,53526.2,0,0.0,0,0.0,0.0,53282.15,53585.15,52783.45,53710.35,0,0.0,0.0,0.0,0.0,-0.01,-1,-1,-0.01,-1,-1,-0.01,-1,-1,-0.01,-1,-1,-0.01,-1,-1,-0.01,-1,-1,-0.01,-1,-1,-0.01,-1,-1,-0.01,-1,-1,-0.01,-1,-1
99926009,2026-05-18 13:30:58+05:30,53525.45,0,0.0,0,0.0,0.0,53282.15,53585.15,52783.45,53710.35,0,0.0,0.0,0.0,0.0,-0.01,-1,-1,-0.01,-1,-1,-0.01,-1,-1,-0.01,-1,-1,-0.01,-1,-1,-0.01,-1,-1,-0.01,-1,-1,-0.01,-1,-1,-0.01,-1,-1,-0.01,-1,-1
99926009,2026-05-18 13:30:59+05:30,53524.6,0,0.0,0,0.0,0.0,53282.15,53585.15,52783.45,53710.35,0,0.0,0.0,0.0,0.0,-0.01,-1,-1,-0.01,-1,-1,-0.01,-1,-1,-0.01,-1,-1,-0.01,-1,-1,-0.01,-1,-1,-0.01,-1,-1,-0.01,-1,-1,-0.01,-1,-1,-0.01,-1,-1
99926009,2026-05-18 13:30:59+05:30,53523.5,0,0.0,0,0.0,0.0,53282.15,53585.15,52783.45,53710.35,0,0.0,0.0,0.0,0.0,-0.01,-1,-1,-0.01,-1,-1,-0.01,-1,-1,-0.01,-1,-1,-0.01,-1,-1,-0.01,-1,-1,-0.01,-1,-1,-0.01,-1,-1,-0.01,-1,-1,-0.01,-1,-1
99926009,2026-05-18 13:31:00+05:30,53526.8,0,0.0,0,0.0,0.0,53282.15,53585.15,52783.45,53710.35,0,0.0,0.0,0.0,0.0,-0.01,-1,-1,-0.01,-1,-1,-0.01,-1,-1,-0.01,-1,-1,-0.01,-1,-1,-0.01,-1,-1,-0.01,-1,-1,-0.01,-1,-1,-0.01,-1,-1,-0.01,-1,-1
99926009,2026-05-18 13:31:00+05:30,53525.75,0,0.0,0,0.0,0.0,53282.15,53585.15,52783.45,53710.35,0,0.0,0.0,0.0,0.0,-0.01,-1,-1,-0.01,-1,-1,-0.01,-1,-1,-0.01,-1,-1,-0.01,-1,-1,-0.01,-1,-1,-0.01,-1,-1,-0.01,-1,-1,-0.01,-1,-1,-0.01,-1,-1
99926009,2026-05-18 13:31:01+05:30,53525.1,0,0.0,0,0.0,0.0,53282.15,53585.15,52783.45,53710.35,0,0.0,0.0,0.0,0.0,-0.01,-1,-1,-0.01,-1,-1,-0.01,-1,-1,-0.01,-1,-1,-0.01,-1,-1,-0.01,-1,-1,-0.01,-1,-1,-0.01,-1,-1,-0.01,-1,-1,-0.01,-1,-1
99926009,2026-05-18 13:31:01+05:30,53526.0,0,0.0,0,0.0,0.0,53282.15,53585.15,52783.45,53710.35,0,0.0,0.0,0.0,0.0,-0.01,-1,-1,-0.01,-1,-1,-0.01,-1,-1,-0.01,-1,-1,-0.01,-1,-1,-0.01,-1,-1,-0.01,-1,-1,-0.01,-1,-1,-0.01,-1,-1,-0.01,-1,-1
99926009,2026-05-18 13:31:02+05:30,53526.6,0,0.0,0,0.0,0.0,53282.15,53585.15,52783.45,53710.35,0,0.0,0.0,0.0,0.0,-0.01,-1,-1,-0.01,-1,-1,-0.01,-1,-1,-0.01,-1,-1,-0.01,-1,-1,-0.01,-1,-1,-0.01,-1,-1,-0.01,-1,-1,-0.01,-1,-1,-0.01,-1,-1
99926009,2026-05-18 13:31:02+05:30,53528.1,0,0.0,0,0.0,0.0,53282.15,53585.15,52783.45,53710.35,0,0.0,0.0,0.0,0.0,-0.01,-1,-1,-0.01,-1,-1,-0.01,-1,-1,-0.01,-1,-1,-0.01,-1,-1,-0.01,-1,-1,-0.01,-1,-1,-0.01,-1,-1,-0.01,-1,-1,-0.01,-1,-1
99926009,2026-05-18 13:31:03+05:30,53524.8,0,0.0,0,0.0,0.0,53282.15,53585.15,52783.45,53710.35,0,0.0,0.0,0.0,0.0,-0.01,-1,-1,-0.01,-1,-1,-0.01,-1,-1,-0.01,-1,-1,-0.01,-1,-1,-0.01,-1,-1,-0.01,-1,-1,-0.01,-1,-1,-0.01,-1,-1,-0.01,-1,-1
99926009,2026-05-18 13:31:03+05:30,53525.65,0,0.0,0,0.0,0.0,53282.15,53585.15,52783.45,53710.35,0,0.0,0.0,0.0,0.0,-0.01,-1,-1,-0.01,-1,-1,-0.01,-1,-1,-0.01,-1,-1,-0.01,-1,-1,-0.01,-1,-1,-0.01,-1,-1,-0.01,-1,-1,-0.01,-1,-1,-0.01,-1,-1
99926009,2026-05-18 13:31:04+05:30,53524.1,0,0.0,0,0.0,0.0,53282.15,53585.15,52783.45,53710.35,0,0.0,0.0,0.0,0.0,-0.01,-1,-1,-0.01,-1,-1,-0.01,-1,-1,-0.01,-1,-1,-0.01,-1,-1,-0.01,-1,-1,-0.01,-1,-1,-0.01,-1,-1,-0.01,-1,-1,-0.01,-1,-1
99926009,2026-05-18 13:31:04+05:30,53525.35,0,0.0,0,0.0,0.0,53282.15,53585.15,52783.45,53710.35,0,0.0,0.0,0.0,0.0,-0.01,-1,-1,-0.01,-1,-1,-0.01,-1,-1,-0.01,-1,-1,-0.01,-1,-1,-0.01,-1,-1,-0.01,-1,-1,-0.01,-1,-1,-0.01,-1,-1,-0.01,-1,-1
99926009,2026-05-18 13:31:05+05:30,53525.1,0,0.0,0,0.0,0.0,53282.15,53585.15,52783.45,53710.35,0,0.0,0.0,0.0,0.0,-0.01,-1,-1,-0.01,-1,-1,-0.01,-1,-1,-0.01,-1,-1,-0.01,-1,-1,-0.01,-1,-1,-0.01,-1,-1,-0.01,-1,-1,-0.01,-1,-1,-0.01,-1,-1
99926009,2026-05-18 13:31:05+05:30,53524.3,0,0.0,0,0.0,0.0,53282.15,53585.15,52783.45,53710.35,0,0.0,0.0,0.0,0.0,-0.01,-1,-1,-0.01,-1,-1,-0.01,-1,-1,-0.01,-1,-1,-0.01,-1,-1,-0.01,-1,-1,-0.01,-1,-1,-0.01,-1,-1,-0.01,-1,-1,-0.01,-1,-1
99926009,2026-05-18 13:31:06+05:30,53522.85,0,0.0,0,0.0,0.0,53282.15,53585.15,52783.45,53710.35,0,0.0,0.0,0.0,0.0,-0.01,-1,-1,-0.01,-1,-1,-0.01,-1,-1,-0.01,-1,-1,-0.01,-1,-1,-0.01,-1,-1,-0.01,-1,-1,-0.01,-1,-1,-0.01,-1,-1,-0.01,-1,-1
99926009,2026-05-18 13:31:06+05:30,53525.85,0,0.0,0,0.0,0.0,53282.15,53585.15,52783.45,53710.35,0,0.0,0.0,0.0,0.0,-0.01,-1,-1,-0.01,-1,-1,-0.01,-1,-1,-0.01,-1,-1,-0.01,-1,-1,-0.01,-1,-1,-0.01,-1,-1,-0.01,-1,-1,-0.01,-1,-1,-0.01,-1,-1
99926009,2026-05-18 13:31:07+05:30,53526.25,0,0.0,0,0.0,0.0,53282.15,53585.15,52783.45,53710.35,0,0.0,0.0,0.0,0.0,-0.01,-1,-1,-0.01,-1,-1,-0.01,-1,-1,-0.01,-1,-1,-0.01,-1,-1,-0.01,-1,-1,-0.01,-1,-1,-0.01,-1,-1,-0.01,-1,-1,-0.01,-1,-1
99926009,2026-05-18 13:31:07+05:30,53527.25,0,0.0,0,0.0,0.0,53282.15,53585.15,52783.45,53710.35,0,0.0,0.0,0.0,0.0,-0.01,-1,-1,-0.01,-1,-1,-0.01,-1,-1,-0.01,-1,-1,-0.01,-1,-1,-0.01,-1,-1,-0.01,-1,-1,-0.01,-1,-1,-0.01,-1,-1,-0.01,-1,-1
99926009,2026-05-18 13:31:08+05:30,53526.25,0,0.0,0,0.0,0.0,53282.15,53585.15,52783.45,53710.35,0,0.0,0.0,0.0,0.0,-0.01,-1,-1,-0.01,-1,-1,-0.01,-1,-1,-0.01,-1,-1,-0.01,-1,-1,-0.01,-1,-1,-0.01,-1,-1,-0.01,-1,-1,-0.01,-1,-1,-0.01,-1,-1
99926009,2026-05-18 13:31:08+05:30,53526.8,0,0.0,0,0.0,0.0,53282.15,53585.15,52783.45,53710.35,0,0.0,0.0,0.0,0.0,-0.01,-1,-1,-0.01,-1,-1,-0.01,-1,-1,-0.01,-1,-1,-0.01,-1,-1,-0.01,-1,-1,-0.01,-1,-1,-0.01,-1,-1,-0.01,-1,-1,-0.01,-1,-1
99926009,2026-05-18 13:31:09+05:30,53527.85,0,0.0,0,0.0,0.0,53282.15,53585.15,52783.45,53710.35,0,0.0,0.0,0.0,0.0,-0.01,-1,-1,-0.01,-1,-1,-0.01,-1,-1,-0.01,-1,-1,-0.01,-1,-1,-0.01,-1,-1,-0.01,-1,-1,-0.01,-1,-1,-0.01,-1,-1,-0.01,-1,-1
99926009,2026-05-18 13:31:09+05:30,53529.55,0,0.0,0,0.0,0.0,53282.15,53585.15,52783.45,53710.35,0,0.0,0.0,0.0,0.0,-0.01,-1,-1,-0.01,-1,-1,-0.01,-1,-1,-0.01,-1,-1,-0.01,-1,-1,-0.01,-1,-1,-0.01,-1,-1,-0.01,-1,-1,-0.01,-1,-1,-0.01,-1,-1
99926009,2026-05-18 13:31:10+05:30,53530.45,0,0.0,0,0.0,0.0,53282.15,53585.15,52783.45,53710.35,0,0.0,0.0,0.0,0.0,-0.01,-1,-1,-0.01,-1,-1,-0.01,-1,-1,-0.01,-1,-1,-0.01,-1,-1,-0.01,-1,-1,-0.01,-1,-1,-0.01,-1,-1,-0.01,-1,-1,-0.01,-1,-1
99926009,2026-05-18 13:31:10+05:30,53529.85,0,0.0,0,0.0,0.0,53282.15,53585.15,52783.45,53710.35,0,0.0,0.0,0.0,0.0,-0.01,-1,-1,-0.01,-1,-1,-0.01,-1,-1,-0.01,-1,-1,-0.01,-1,-1,-0.01,-1,-1,-0.01,-1,-1,-0.01,-1,-1,-0.01,-1,-1,-0.01,-1,-1
99926009,2026-05-18 13:31:11+05:30,53527.25,0,0.0,0,0.0,0.0,53282.15,53585.15,52783.45,53710.35,0,0.0,0.0,0.0,0.0,-0.01,-1,-1,-0.01,-1,-1,-0.01,-1,-1,-0.01,-1,-1,-0.01,-1,-1,-0.01,-1,-1,-0.01,-1,-1,-0.01,-1,-1,-0.01,-1,-1,-0.01,-1,-1
99926009,2026-05-18 13:31:11+05:30,53530.4,0,0.0,0,0.0,0.0,53282.15,53585.15,52783.45,53710.35,0,0.0,0.0,0.0,0.0,-0.01,-1,-1,-0.01,-1,-1,-0.01,-1,-1,-0.01,-1,-1,-0.01,-1,-1,-0.01,-1,-1,-0.01,-1,-1,-0.01,-1,-1,-0.01,-1,-1,-0.01,-1,-1
99926009,2026-05-18 13:31:12+05:30,53526.05,0,0.0,0,0.0,0.0,53282.15,53585.15,52783.45,53710.35,0,0.0,0.0,0.0,0.0,-0.01,-1,-1,-0.01,-1,-1,-0.01,-1,-1,-0.01,-1,-1,-0.01,-1,-1,-0.01,-1,-1,-0.01,-1,-1,-0.01,-1,-1,-0.01,-1,-1,-0.01,-1,-1
99926009,2026-05-18 13:31:12+05:30,53528.5,0,0.0,0,0.0,0.0,53282.15,53585.15,52783.45,53710.35,0,0.0,0.0,0.0,0.0,-0.01,-1,-1,-0.01,-1,-1,-0.01,-1,-1,-0.01,-1,-1,-0.01,-1,-1,-0.01,-1,-1,-0.01,-1,-1,-0.01,-1,-1,-0.01,-1,-1,-0.01,-1,-1
99926009,2026-05-18 13:31:13+05:30,53526.6,0,0.0,0,0.0,0.0,53282.15,53585.15,52783.45,53710.35,0,0.0,0.0,0.0,0.0,-0.01,-1,-1,-0.01,-1,-1,-0.01,-1,-1,-0.01,-1,-1,-0.01,-1,-1,-0.01,-1,-1,-0.01,-1,-1,-0.01,-1,-1,-0.01,-1,-1,-0.01,-1,-1
99926009,2026-05-18 13:31:13+05:30,53526.0,0,0.0,0,0.0,0.0,53282.15,53585.15,52783.45,53710.35,0,0.0,0.0,0.0,0.0,-0.01,-1,-1,-0.01,-1,-1,-0.01,-1,-1,-0.01,-1,-1,-0.01,-1,-1,-0.01,-1,-1,-0.01,-1,-1,-0.01,-1,-1,-0.01,-1,-1,-0.01,-1,-1
99926009,2026-05-18 13:31:14+05:30,53529.2,0,0.0,0,0.0,0.0,53282.15,53585.15,52783.45,53710.35,0,0.0,0.0,0.0,0.0,-0.01,-1,-1,-0.01,-1,-1,-0.01,-1,-1,-0.01,-1,-1,-0.01,-1,-1,-0.01,-1,-1,-0.01,-1,-1,-0.01,-1,-1,-0.01,-1,-1,-0.01,-1,-1
99926009,2026-05-18 13:31:14+05:30,53528.4,0,0.0,0,0.0,0.0,53282.15,53585.15,52783.45,53710.35,0,0.0,0.0,0.0,0.0,-0.01,-1,-1,-0.01,-1,-1,-0.01,-1,-1,-0.01,-1,-1,-0.01,-1,-1,-0.01,-1,-1,-0.01,-1,-1,-0.01,-1,-1,-0.01,-1,-1,-0.01,-1,-1
99926009,2026-05-18 13:31:15+05:30,53529.5,0,0.0,0,0.0,0.0,53282.15,53585.15,52783.45,53710.35,0,0.0,0.0,0.0,0.0,-0.01,-1,-1,-0.01,-1,-1,-0.01,-1,-1,-0.01,-1,-1,-0.01,-1,-1,-0.01,-1,-1,-0.01,-1,-1,-0.01,-1,-1,-0.01,-1,-1,-0.01,-1,-1
99926009,2026-05-18 13:31:15+05:30,53525.65,0,0.0,0,0.0,0.0,53282.15,53585.15,52783.45,53710.35,0,0.0,0.0,0.0,0.0,-0.01,-1,-1,-0.01,-1,-1,-0.01,-1,-1,-0.01,-1,-1,-0.01,-1,-1,-0.01,-1,-1,-0.01,-1,-1,-0.01,-1,-1,-0.01,-1,-1,-0.01,-1,-1
99926009,2026-05-18 13:31:16+05:30,53526.5,0,0.0,0,0.0,0.0,53282.15,53585.15,52783.45,53710.35,0,0.0,0.0,0.0,0.0,-0.01,-1,-1,-0.01,-1,-1,-0.01,-1,-1,-0.01,-1,-1,-0.01,-1,-1,-0.01,-1,-1,-0.01,-1,-1,-0.01,-1,-1,-0.01,-1,-1,-0.01,-1,-1
99926009,2026-05-18 13:31:16+05:30,53524.7,0,0.0,0,0.0,0.0,53282.15,53585.15,52783.45,53710.35,0,0.0,0.0,0.0,0.0,-0.01,-1,-1,-0.01,-1,-1,-0.01,-1,-1,-0.01,-1,-1,-0.01,-1,-1,-0.01,-1,-1,-0.01,-1,-1,-0.01,-1,-1,-0.01,-1,-1,-0.01,-1,-1
99926009,2026-05-18 13:31:17+05:30,53525.95,0,0.0,0,0.0,0.0,53282.15,53585.15,52783.45,53710.35,0,0.0,0.0,0.0,0.0,-0.01,-1,-1,-0.01,-1,-1,-0.01,-1,-1,-0.01,-1,-1,-0.01,-1,-1,-0.01,-1,-1,-0.01,-1,-1,-0.01,-1,-1,-0.01,-1,-1,-0.01,-1,-1
99926009,2026-05-18 13:31:17+05:30,53525.1,0,0.0,0,0.0,0.0,53282.15,53585.15,52783.45,53710.35,0,0.0,0.0,0.0,0.0,-0.01,-1,-1,-0.01,-1,-1,-0.01,-1,-1,-0.01,-1,-1,-0.01,-1,-1,-0.01,-1,-1,-0.01,-1,-1,-0.01,-1,-1,-0.01,-1,-1,-0.01,-1,-1
99926009,2026-05-18 13:31:18+05:30,53524.7,0,0.0,0,0.0,0.0,53282.15,53585.15,52783.45,53710.35,0,0.0,0.0,0.0,0.0,-0.01,-1,-1,-0.01,-1,-1,-0.01,-1,-1,-0.01,-1,-1,-0.01,-1,-1,-0.01,-1,-1,-0.01,-1,-1,-0.01,-1,-1,-0.01,-1,-1,-0.01,-1,-1
99926009,2026-05-18 13:31:18+05:30,53525.5,0,0.0,0,0.0,0.0,53282.15,53585.15,52783.45,53710.35,0,0.0,0.0,0.0,0.0,-0.01,-1,-1,-0.01,-1,-1,-0.01,-1,-1,-0.01,-1,-1,-0.01,-1,-1,-0.01,-1,-1,-0.01,-1,-1,-0.01,-1,-1,-0.01,-1,-1,-0.01,-1,-1
99926009,2026-05-18 13:31:19+05:30,53527.05,0,0.0,0,0.0,0.0,53282.15,53585.15,52783.45,53710.35,0,0.0,0.0,0.0,0.0,-0.01,-1,-1,-0.01,-1,-1,-0.01,-1,-1,-0.01,-1,-1,-0.01,-1,-1,-0.01,-1,-1,-0.01,-1,-1,-0.01,-1,-1,-0.01,-1,-1,-0.01,-1,-1
99926009,2026-05-18 13:31:19+05:30,53526.9,0,0.0,0,0.0,0.0,53282.15,53585.15,52783.45,53710.35,0,0.0,0.0,0.0,0.0,-0.01,-1,-1,-0.01,-1,-1,-0.01,-1,-1,-0.01,-1,-1,-0.01,-1,-1,-0.01,-1,-1,-0.01,-1,-1,-0.01,-1,-1,-0.01,-1,-1,-0.01,-1,-1
99926009,2026-05-18 13:31:20+05:30,53529.25,0,0.0,0,0.0,0.0,53282.15,53585.15,52783.45,53710.35,0,0.0,0.0,0.0,0.0,-0.01,-1,-1,-0.01,-1,-1,-0.01,-1,-1,-0.01,-1,-1,-0.01,-1,-1,-0.01,-1,-1,-0.01,-1,-1,-0.01,-1,-1,-0.01,-1,-1,-0.01,-1,-1
99926009,2026-05-18 13:31:20+05:30,53525.3,0,0.0,0,0.0,0.0,53282.15,53585.15,52783.45,53710.35,0,0.0,0.0,0.0,0.0,-0.01,-1,-1,-0.01,-1,-1,-0.01,-1,-1,-0.01,-1,-1,-0.01,-1,-1,-0.01,-1,-1,-0.01,-1,-1,-0.01,-1,-1,-0.01,-1,-1,-0.01,-1,-1
99926009,2026-05-18 13:31:21+05:30,53524.55,0,0.0,0,0.0,0.0,53282.15,53585.15,52783.45,53710.35,0,0.0,0.0,0.0,0.0,-0.01,-1,-1,-0.01,-1,-1,-0.01,-1,-1,-0.01,-1,-1,-0.01,-1,-1,-0.01,-1,-1,-0.01,-1,-1,-0.01,-1,-1,-0.01,-1,-1,-0.01,-1,-1
99926009,2026-05-18 13:31:21+05:30,53524.6,0,0.0,0,0.0,0.0,53282.15,53585.15,52783.45,53710.35,0,0.0,0.0,0.0,0.0,-0.01,-1,-1,-0.01,-1,-1,-0.01,-1,-1,-0.01,-1,-1,-0.01,-1,-1,-0.01,-1,-1,-0.01,-1,-1,-0.01,-1,-1,-0.01,-1,-1,-0.01,-1,-1
99926009,2026-05-18 13:31:22+05:30,53527.25,0,0.0,0,0.0,0.0,53282.15,53585.15,52783.45,53710.35,0,0.0,0.0,0.0,0.0,-0.01,-1,-1,-0.01,-1,-1,-0.01,-1,-1,-0.01,-1,-1,-0.01,-1,-1,-0.01,-1,-1,-0.01,-1,-1,-0.01,-1,-1,-0.01,-1,-1,-0.01,-1,-1
99926009,2026-05-18 13:31:22+05:30,53524.2,0,0.0,0,0.0,0.0,53282.15,53585.15,52783.45,53710.35,0,0.0,0.0,0.0,0.0,-0.01,-1,-1,-0.01,-1,-1,-0.01,-1,-1,-0.01,-1,-1,-0.01,-1,-1,-0.01,-1,-1,-0.01,-1,-1,-0.01,-1,-1,-0.01,-1,-1,-0.01,-1,-1
99926009,2026-05-18 13:31:23+05:30,53523.35,0,0.0,0,0.0,0.0,53282.15,53585.15,52783.45,53710.35,0,0.0,0.0,0.0,0.0,-0.01,-1,-1,-0.01,-1,-1,-0.01,-1,-1,-0.01,-1,-1,-0.01,-1,-1,-0.01,-1,-1,-0.01,-1,-1,-0.01,-1,-1,-0.01,-1,-1,-0.01,-1,-1
99926009,2026-05-18 13:31:23+05:30,53522.65,0,0.0,0,0.0,0.0,53282.15,53585.15,52783.45,53710.35,0,0.0,0.0,0.0,0.0,-0.01,-1,-1,-0.01,-1,-1,-0.01,-1,-1,-0.01,-1,-1,-0.01,-1,-1,-0.01,-1,-1,-0.01,-1,-1,-0.01,-1,-1,-0.01,-1,-1,-0.01,-1,-1
99926009,2026-05-18 13:31:24+05:30,53520.5,0,0.0,0,0.0,0.0,53282.15,53585.15,52783.45,53710.35,0,0.0,0.0,0.0,0.0,-0.01,-1,-1,-0.01,-1,-1,-0.01,-1,-1,-0.01,-1,-1,-0.01,-1,-1,-0.01,-1,-1,-0.01,-1,-1,-0.01,-1,-1,-0.01,-1,-1,-0.01,-1,-1
99926009,2026-05-18 13:31:24+05:30,53520.15,0,0.0,0,0.0,0.0,53282.15,53585.15,52783.45,53710.35,0,0.0,0.0,0.0,0.0,-0.01,-1,-1,-0.01,-1,-1,-0.01,-1,-1,-0.01,-1,-1,-0.01,-1,-1,-0.01,-1,-1,-0.01,-1,-1,-0.01,-1,-1,-0.01,-1,-1,-0.01,-1,-1
99926009,2026-05-18 13:31:25+05:30,53523.55,0,0.0,0,0.0,0.0,53282.15,53585.15,52783.45,53710.35,0,0.0,0.0,0.0,0.0,-0.01,-1,-1,-0.01,-1,-1,-0.01,-1,-1,-0.01,-1,-1,-0.01,-1,-1,-0.01,-1,-1,-0.01,-1,-1,-0.01,-1,-1,-0.01,-1,-1,-0.01,-1,-1
99926009,2026-05-18 13:31:25+05:30,53520.65,0,0.0,0,0.0,0.0,53282.15,53585.15,52783.45,53710.35,0,0.0,0.0,0.0,0.0,-0.01,-1,-1,-0.01,-1,-1,-0.01,-1,-1,-0.01,-1,-1,-0.01,-1,-1,-0.01,-1,-1,-0.01,-1,-1,-0.01,-1,-1,-0.01,-1,-1,-0.01,-1,-1
99926009,2026-05-18 13:31:26+05:30,53518.9,0,0.0,0,0.0,0.0,53282.15,53585.15,52783.45,53710.35,0,0.0,0.0,0.0,0.0,-0.01,-1,-1,-0.01,-1,-1,-0.01,-1,-1,-0.01,-1,-1,-0.01,-1,-1,-0.01,-1,-1,-0.01,-1,-1,-0.01,-1,-1,-0.01,-1,-1,-0.01,-1,-1
99926009,2026-05-18 13:31:26+05:30,53518.85,0,0.0,0,0.0,0.0,53282.15,53585.15,52783.45,53710.35,0,0.0,0.0,0.0,0.0,-0.01,-1,-1,-0.01,-1,-1,-0.01,-1,-1,-0.01,-1,-1,-0.01,-1,-1,-0.01,-1,-1,-0.01,-1,-1,-0.01,-1,-1,-0.01,-1,-1,-0.01,-1,-1
99926009,2026-05-18 13:31:27+05:30,53520.7,0,0.0,0,0.0,0.0,53282.15,53585.15,52783.45,53710.35,0,0.0,0.0,0.0,0.0,-0.01,-1,-1,-0.01,-1,-1,-0.01,-1,-1,-0.01,-1,-1,-0.01,-1,-1,-0.01,-1,-1,-0.01,-1,-1,-0.01,-1,-1,-0.01,-1,-1,-0.01,-1,-1
99926009,2026-05-18 13:31:27+05:30,53522.05,0,0.0,0,0.0,0.0,53282.15,53585.15,52783.45,53710.35,0,0.0,0.0,0.0,0.0,-0.01,-1,-1,-0.01,-1,-1,-0.01,-1,-1,-0.01,-1,-1,-0.01,-1,-1,-0.01,-1,-1,-0.01,-1,-1,-0.01,-1,-1,-0.01,-1,-1,-0.01,-1,-1
99926009,2026-05-18 13:31:28+05:30,53522.2,0,0.0,0,0.0,0.0,53282.15,53585.15,52783.45,53710.35,0,0.0,0.0,0.0,0.0,-0.01,-1,-1,-0.01,-1,-1,-0.01,-1,-1,-0.01,-1,-1,-0.01,-1,-1,-0.01,-1,-1,-0.01,-1,-1,-0.01,-1,-1,-0.01,-1,-1,-0.01,-1,-1
99926009,2026-05-18 13:31:28+05:30,53519.25,0,0.0,0,0.0,0.0,53282.15,53585.15,52783.45,53710.35,0,0.0,0.0,0.0,0.0,-0.01,-1,-1,-0.01,-1,-1,-0.01,-1,-1,-0.01,-1,-1,-0.01,-1,-1,-0.01,-1,-1,-0.01,-1,-1,-0.01,-1,-1,-0.01,-1,-1,-0.01,-1,-1
99926009,2026-05-18 13:31:29+05:30,53517.65,0,0.0,0,0.0,0.0,53282.15,53585.15,52783.45,53710.35,0,0.0,0.0,0.0,0.0,-0.01,-1,-1,-0.01,-1,-1,-0.01,-1,-1,-0.01,-1,-1,-0.01,-1,-1,-0.01,-1,-1,-0.01,-1,-1,-0.01,-1,-1,-0.01,-1,-1,-0.01,-1,-1
99926009,2026-05-18 13:31:29+05:30,53518.4,0,0.0,0,0.0,0.0,53282.15,53585.15,52783.45,53710.35,0,0.0,0.0,0.0,0.0,-0.01,-1,-1,-0.01,-1,-1,-0.01,-1,-1,-0.01,-1,-1,-0.01,-1,-1,-0.01,-1,-1,-0.01,-1,-1,-0.01,-1,-1,-0.01,-1,-1,-0.01,-1,-1
99926009,2026-05-18 13:31:30+05:30,53519.65,0,0.0,0,0.0,0.0,53282.15,53585.15,52783.45,53710.35,0,0.0,0.0,0.0,0.0,-0.01,-1,-1,-0.01,-1,-1,-0.01,-1,-1,-0.01,-1,-1,-0.01,-1,-1,-0.01,-1,-1,-0.01,-1,-1,-0.01,-1,-1,-0.01,-1,-1,-0.01,-1,-1
99926009,2026-05-18 13:31:30+05:30,53517.05,0,0.0,0,0.0,0.0,53282.15,53585.15,52783.45,53710.35,0,0.0,0.0,0.0,0.0,-0.01,-1,-1,-0.01,-1,-1,-0.01,-1,-1,-0.01,-1,-1,-0.01,-1,-1,-0.01,-1,-1,-0.01,-1,-1,-0.01,-1,-1,-0.01,-1,-1,-0.01,-1,-1
99926009,2026-05-18 13:31:31+05:30,53518.6,0,0.0,0,0.0,0.0,53282.15,53585.15,52783.45,53710.35,0,0.0,0.0,0.0,0.0,-0.01,-1,-1,-0.01,-1,-1,-0.01,-1,-1,-0.01,-1,-1,-0.01,-1,-1,-0.01,-1,-1,-0.01,-1,-1,-0.01,-1,-1,-0.01,-1,-1,-0.01,-1,-1
99926009,2026-05-18 13:31:31+05:30,53516.55,0,0.0,0,0.0,0.0,53282.15,53585.15,52783.45,53710.35,0,0.0,0.0,0.0,0.0,-0.01,-1,-1,-0.01,-1,-1,-0.01,-1,-1,-0.01,-1,-1,-0.01,-1,-1,-0.01,-1,-1,-0.01,-1,-1,-0.01,-1,-1,-0.01,-1,-1,-0.01,-1,-1
99926009,2026-05-18 13:31:32+05:30,53516.9,0,0.0,0,0.0,0.0,53282.15,53585.15,52783.45,53710.35,0,0.0,0.0,0.0,0.0,-0.01,-1,-1,-0.01,-1,-1,-0.01,-1,-1,-0.01,-1,-1,-0.01,-1,-1,-0.01,-1,-1,-0.01,-1,-1,-0.01,-1,-1,-0.01,-1,-1,-0.01,-1,-1
99926009,2026-05-18 13:31:32+05:30,53514.75,0,0.0,0,0.0,0.0,53282.15,53585.15,52783.45,53710.35,0,0.0,0.0,0.0,0.0,-0.01,-1,-1,-0.01,-1,-1,-0.01,-1,-1,-0.01,-1,-1,-0.01,-1,-1,-0.01,-1,-1,-0.01,-1,-1,-0.01,-1,-1,-0.01,-1,-1,-0.01,-1,-1
99926009,2026-05-18 13:31:33+05:30,53513.7,0,0.0,0,0.0,0.0,53282.15,53585.15,52783.45,53710.35,0,0.0,0.0,0.0,0.0,-0.01,-1,-1,-0.01,-1,-1,-0.01,-1,-1,-0.01,-1,-1,-0.01,-1,-1,-0.01,-1,-1,-0.01,-1,-1,-0.01,-1,-1,-0.01,-1,-1,-0.01,-1,-1
99926009,2026-05-18 13:31:33+05:30,53515.0,0,0.0,0,0.0,0.0,53282.15,53585.15,52783.45,53710.35,0,0.0,0.0,0.0,0.0,-0.01,-1,-1,-0.01,-1,-1,-0.01,-1,-1,-0.01,-1,-1,-0.01,-1,-1,-0.01,-1,-1,-0.01,-1,-1,-0.01,-1,-1,-0.01,-1,-1,-0.01,-1,-1
99926009,2026-05-18 13:31:34+05:30,53516.9,0,0.0,0,0.0,0.0,53282.15,53585.15,52783.45,53710.35,0,0.0,0.0,0.0,0.0,-0.01,-1,-1,-0.01,-1,-1,-0.01,-1,-1,-0.01,-1,-1,-0.01,-1,-1,-0.01,-1,-1,-0.01,-1,-1,-0.01,-1,-1,-0.01,-1,-1,-0.01,-1,-1
99926009,2026-05-18 13:31:34+05:30,53518.3,0,0.0,0,0.0,0.0,53282.15,53585.15,52783.45,53710.35,0,0.0,0.0,0.0,0.0,-0.01,-1,-1,-0.01,-1,-1,-0.01,-1,-1,-0.01,-1,-1,-0.01,-1,-1,-0.01,-1,-1,-0.01,-1,-1,-0.01,-1,-1,-0.01,-1,-1,-0.01,-1,-1
99926009,2026-05-18 13:31:35+05:30,53520.1,0,0.0,0,0.0,0.0,53282.15,53585.15,52783.45,53710.35,0,0.0,0.0,0.0,0.0,-0.01,-1,-1,-0.01,-1,-1,-0.01,-1,-1,-0.01,-1,-1,-0.01,-1,-1,-0.01,-1,-1,-0.01,-1,-1,-0.01,-1,-1,-0.01,-1,-1,-0.01,-1,-1
99926009,2026-05-18 13:31:35+05:30,53519.1,0,0.0,0,0.0,0.0,53282.15,53585.15,52783.45,53710.35,0,0.0,0.0,0.0,0.0,-0.01,-1,-1,-0.01,-1,-1,-0.01,-1,-1,-0.01,-1,-1,-0.01,-1,-1,-0.01,-1,-1,-0.01,-1,-1,-0.01,-1,-1,-0.01,-1,-1,-0.01,-1,-1
99926009,2026-05-18 13:31:36+05:30,53519.6,0,0.0,0,0.0,0.0,53282.15,53585.15,52783.45,53710.35,0,0.0,0.0,0.0,0.0,-0.01,-1,-1,-0.01,-1,-1,-0.01,-1,-1,-0.01,-1,-1,-0.01,-1,-1,-0.01,-1,-1,-0.01,-1,-1,-0.01,-1,-1,-0.01,-1,-1,-0.01,-1,-1
99926009,2026-05-18 13:31:36+05:30,53521.45,0,0.0,0,0.0,0.0,53282.15,53585.15,52783.45,53710.35,0,0.0,0.0,0.0,0.0,-0.01,-1,-1,-0.01,-1,-1,-0.01,-1,-1,-0.01,-1,-1,-0.01,-1,-1,-0.01,-1,-1,-0.01,-1,-1,-0.01,-1,-1,-0.01,-1,-1,-0.01,-1,-1
99926009,2026-05-18 13:31:37+05:30,53520.45,0,0.0,0,0.0,0.0,53282.15,53585.15,52783.45,53710.35,0,0.0,0.0,0.0,0.0,-0.01,-1,-1,-0.01,-1,-1,-0.01,-1,-1,-0.01,-1,-1,-0.01,-1,-1,-0.01,-1,-1,-0.01,-1,-1,-0.01,-1,-1,-0.01,-1,-1,-0.01,-1,-1
99926009,2026-05-18 13:31:37+05:30,53520.1,0,0.0,0,0.0,0.0,53282.15,53585.15,52783.45,53710.35,0,0.0,0.0,0.0,0.0,-0.01,-1,-1,-0.01,-1,-1,-0.01,-1,-1,-0.01,-1,-1,-0.01,-1,-1,-0.01,-1,-1,-0.01,-1,-1,-0.01,-1,-1,-0.01,-1,-1,-0.01,-1,-1
99926009,2026-05-18 13:31:38+05:30,53518.3,0,0.0,0,0.0,0.0,53282.15,53585.15,52783.45,53710.35,0,0.0,0.0,0.0,0.0,-0.01,-1,-1,-0.01,-1,-1,-0.01,-1,-1,-0.01,-1,-1,-0.01,-1,-1,-0.01,-1,-1,-0.01,-1,-1,-0.01,-1,-1,-0.01,-1,-1,-0.01,-1,-1
99926009,2026-05-18 13:31:38+05:30,53518.95,0,0.0,0,0.0,0.0,53282.15,53585.15,52783.45,53710.35,0,0.0,0.0,0.0,0.0,-0.01,-1,-1,-0.01,-1,-1,-0.01,-1,-1,-0.01,-1,-1,-0.01,-1,-1,-0.01,-1,-1,-0.01,-1,-1,-0.01,-1,-1,-0.01,-1,-1,-0.01,-1,-1
99926009,2026-05-18 13:31:39+05:30,53519.15,0,0.0,0,0.0,0.0,53282.15,53585.15,52783.45,53710.35,0,0.0,0.0,0.0,0.0,-0.01,-1,-1,-0.01,-1,-1,-0.01,-1,-1,-0.01,-1,-1,-0.01,-1,-1,-0.01,-1,-1,-0.01,-1,-1,-0.01,-1,-1,-0.01,-1,-1,-0.01,-1,-1
99926009,2026-05-18 13:31:39+05:30,53521.9,0,0.0,0,0.0,0.0,53282.15,53585.15,52783.45,53710.35,0,0.0,0.0,0.0,0.0,-0.01,-1,-1,-0.01,-1,-1,-0.01,-1,-1,-0.01,-1,-1,-0.01,-1,-1,-0.01,-1,-1,-0.01,-1,-1,-0.01,-1,-1,-0.01,-1,-1,-0.01,-1,-1
99926009,2026-05-18 13:31:40+05:30,53521.55,0,0.0,0,0.0,0.0,53282.15,53585.15,52783.45,53710.35,0,0.0,0.0,0.0,0.0,-0.01,-1,-1,-0.01,-1,-1,-0.01,-1,-1,-0.01,-1,-1,-0.01,-1,-1,-0.01,-1,-1,-0.01,-1,-1,-0.01,-1,-1,-0.01,-1,-1,-0.01,-1,-1
99926009,2026-05-18 13:31:40+05:30,53520.4,0,0.0,0,0.0,0.0,53282.15,53585.15,52783.45,53710.35,0,0.0,0.0,0.0,0.0,-0.01,-1,-1,-0.01,-1,-1,-0.01,-1,-1,-0.01,-1,-1,-0.01,-1,-1,-0.01,-1,-1,-0.01,-1,-1,-0.01,-1,-1,-0.01,-1,-1,-0.01,-1,-1
99926009,2026-05-18 13:31:41+05:30,53519.1,0,0.0,0,0.0,0.0,53282.15,53585.15,52783.45,53710.35,0,0.0,0.0,0.0,0.0,-0.01,-1,-1,-0.01,-1,-1,-0.01,-1,-1,-0.01,-1,-1,-0.01,-1,-1,-0.01,-1,-1,-0.01,-1,-1,-0.01,-1,-1,-0.01,-1,-1,-0.01,-1,-1
99926009,2026-05-18 13:31:41+05:30,53520.2,0,0.0,0,0.0,0.0,53282.15,53585.15,52783.45,53710.35,0,0.0,0.0,0.0,0.0,-0.01,-1,-1,-0.01,-1,-1,-0.01,-1,-1,-0.01,-1,-1,-0.01,-1,-1,-0.01,-1,-1,-0.01,-1,-1,-0.01,-1,-1,-0.01,-1,-1,-0.01,-1,-1
99926009,2026-05-18 13:31:42+05:30,53519.1,0,0.0,0,0.0,0.0,53282.15,53585.15,52783.45,53710.35,0,0.0,0.0,0.0,0.0,-0.01,-1,-1,-0.01,-1,-1,-0.01,-1,-1,-0.01,-1,-1,-0.01,-1,-1,-0.01,-1,-1,-0.01,-1,-1,-0.01,-1,-1,-0.01,-1,-1,-0.01,-1,-1
99926009,2026-05-18 13:31:42+05:30,53519.95,0,0.0,0,0.0,0.0,53282.15,53585.15,52783.45,53710.35,0,0.0,0.0,0.0,0.0,-0.01,-1,-1,-0.01,-1,-1,-0.01,-1,-1,-0.01,-1,-1,-0.01,-1,-1,-0.01,-1,-1,-0.01,-1,-1,-0.01,-1,-1,-0.01,-1,-1,-0.01,-1,-1
99926009,2026-05-18 13:31:43+05:30,53520.35,0,0.0,0,0.0,0.0,53282.15,53585.15,52783.45,53710.35,0,0.0,0.0,0.0,0.0,-0.01,-1,-1,-0.01,-1,-1,-0.01,-1,-1,-0.01,-1,-1,-0.01,-1,-1,-0.01,-1,-1,-0.01,-1,-1,-0.01,-1,-1,-0.01,-1,-1,-0.01,-1,-1
99926009,2026-05-18 13:31:43+05:30,53517.7,0,0.0,0,0.0,0.0,53282.15,53585.15,52783.45,53710.35,0,0.0,0.0,0.0,0.0,-0.01,-1,-1,-0.01,-1,-1,-0.01,-1,-1,-0.01,-1,-1,-0.01,-1,-1,-0.01,-1,-1,-0.01,-1,-1,-0.01,-1,-1,-0.01,-1,-1,-0.01,-1,-1
99926009,2026-05-18 13:31:44+05:30,53519.35,0,0.0,0,0.0,0.0,53282.15,53585.15,52783.45,53710.35,0,0.0,0.0,0.0,0.0,-0.01,-1,-1,-0.01,-1,-1,-0.01,-1,-1,-0.01,-1,-1,-0.01,-1,-1,-0.01,-1,-1,-0.01,-1,-1,-0.01,-1,-1,-0.01,-1,-1,-0.01,-1,-1
99926009,2026-05-18 13:31:44+05:30,53519.9,0,0.0,0,0.0,0.0,53282.15,53585.15,52783.45,53710.35,0,0.0,0.0,0.0,0.0,-0.01,-1,-1,-0.01,-1,-1,-0.01,-1,-1,-0.01,-1,-1,-0.01,-1,-1,-0.01,-1,-1,-0.01,-1,-1,-0.01,-1,-1,-0.01,-1,-1,-0.01,-1,-1
99926009,2026-05-18 13:31:45+05:30,53521.9,0,0.0,0,0.0,0.0,53282.15,53585.15,52783.45,53710.35,0,0.0,0.0,0.0,0.0,-0.01,-1,-1,-0.01,-1,-1,-0.01,-1,-1,-0.01,-1,-1,-0.01,-1,-1,-0.01,-1,-1,-0.01,-1,-1,-0.01,-1,-1,-0.01,-1,-1,-0.01,-1,-1
99926009,2026-05-18 13:31:45+05:30,53522.9,0,0.0,0,0.0,0.0,53282.15,53585.15,52783.45,53710.35,0,0.0,0.0,0.0,0.0,-0.01,-1,-1,-0.01,-1,-1,-0.01,-1,-1,-0.01,-1,-1,-0.01,-1,-1,-0.01,-1,-1,-0.01,-1,-1,-0.01,-1,-1,-0.01,-1,-1,-0.01,-1,-1
99926009,2026-05-18 13:31:46+05:30,53519.75,0,0.0,0,0.0,0.0,53282.15,53585.15,52783.45,53710.35,0,0.0,0.0,0.0,0.0,-0.01,-1,-1,-0.01,-1,-1,-0.01,-1,-1,-0.01,-1,-1,-0.01,-1,-1,-0.01,-1,-1,-0.01,-1,-1,-0.01,-1,-1,-0.01,-1,-1,-0.01,-1,-1
99926009,2026-05-18 13:31:46+05:30,53521.05,0,0.0,0,0.0,0.0,53282.15,53585.15,52783.45,53710.35,0,0.0,0.0,0.0,0.0,-0.01,-1,-1,-0.01,-1,-1,-0.01,-1,-1,-0.01,-1,-1,-0.01,-1,-1,-0.01,-1,-1,-0.01,-1,-1,-0.01,-1,-1,-0.01,-1,-1,-0.01,-1,-1
99926009,2026-05-18 13:31:47+05:30,53519.25,0,0.0,0,0.0,0.0,53282.15,53585.15,52783.45,53710.35,0,0.0,0.0,0.0,0.0,-0.01,-1,-1,-0.01,-1,-1,-0.01,-1,-1,-0.01,-1,-1,-0.01,-1,-1,-0.01,-1,-1,-0.01,-1,-1,-0.01,-1,-1,-0.01,-1,-1,-0.01,-1,-1
99926009,2026-05-18 13:31:47+05:30,53520.8,0,0.0,0,0.0,0.0,53282.15,53585.15,52783.45,53710.35,0,0.0,0.0,0.0,0.0,-0.01,-1,-1,-0.01,-1,-1,-0.01,-1,-1,-0.01,-1,-1,-0.01,-1,-1,-0.01,-1,-1,-0.01,-1,-1,-0.01,-1,-1,-0.01,-1,-1,-0.01,-1,-1
99926009,2026-05-18 13:31:48+05:30,53519.65,0,0.0,0,0.0,0.0,53282.15,53585.15,52783.45,53710.35,0,0.0,0.0,0.0,0.0,-0.01,-1,-1,-0.01,-1,-1,-0.01,-1,-1,-0.01,-1,-1,-0.01,-1,-1,-0.01,-1,-1,-0.01,-1,-1,-0.01,-1,-1,-0.01,-1,-1,-0.01,-1,-1
99926009,2026-05-18 13:31:48+05:30,53520.7,0,0.0,0,0.0,0.0,53282.15,53585.15,52783.45,53710.35,0,0.0,0.0,0.0,0.0,-0.01,-1,-1,-0.01,-1,-1,-0.01,-1,-1,-0.01,-1,-1,-0.01,-1,-1,-0.01,-1,-1,-0.01,-1,-1,-0.01,-1,-1,-0.01,-1,-1,-0.01,-1,-1
99926009,2026-05-18 13:31:49+05:30,53520.4,0,0.0,0,0.0,0.0,53282.15,53585.15,52783.45,53710.35,0,0.0,0.0,0.0,0.0,-0.01,-1,-1,-0.01,-1,-1,-0.01,-1,-1,-0.01,-1,-1,-0.01,-1,-1,-0.01,-1,-1,-0.01,-1,-1,-0.01,-1,-1,-0.01,-1,-1,-0.01,-1,-1
99926009,2026-05-18 13:31:49+05:30,53521.7,0,0.0,0,0.0,0.0,53282.15,53585.15,52783.45,53710.35,0,0.0,0.0,0.0,0.0,-0.01,-1,-1,-0.01,-1,-1,-0.01,-1,-1,-0.01,-1,-1,-0.01,-1,-1,-0.01,-1,-1,-0.01,-1,-1,-0.01,-1,-1,-0.01,-1,-1,-0.01,-1,-1
99926009,2026-05-18 13:31:50+05:30,53524.75,0,0.0,0,0.0,0.0,53282.15,53585.15,52783.45,53710.35,0,0.0,0.0,0.0,0.0,-0.01,-1,-1,-0.01,-1,-1,-0.01,-1,-1,-0.01,-1,-1,-0.01,-1,-1,-0.01,-1,-1,-0.01,-1,-1,-0.01,-1,-1,-0.01,-1,-1,-0.01,-1,-1
99926009,2026-05-18 13:31:50+05:30,53520.35,0,0.0,0,0.0,0.0,53282.15,53585.15,52783.45,53710.35,0,0.0,0.0,0.0,0.0,-0.01,-1,-1,-0.01,-1,-1,-0.01,-1,-1,-0.01,-1,-1,-0.01,-1,-1,-0.01,-1,-1,-0.01,-1,-1,-0.01,-1,-1,-0.01,-1,-1,-0.01,-1,-1
99926009,2026-05-18 13:31:51+05:30,53518.9,0,0.0,0,0.0,0.0,53282.15,53585.15,52783.45,53710.35,0,0.0,0.0,0.0,0.0,-0.01,-1,-1,-0.01,-1,-1,-0.01,-1,-1,-0.01,-1,-1,-0.01,-1,-1,-0.01,-1,-1,-0.01,-1,-1,-0.01,-1,-1,-0.01,-1,-1,-0.01,-1,-1
99926009,2026-05-18 13:31:51+05:30,53520.1,0,0.0,0,0.0,0.0,53282.15,53585.15,52783.45,53710.35,0,0.0,0.0,0.0,0.0,-0.01,-1,-1,-0.01,-1,-1,-0.01,-1,-1,-0.01,-1,-1,-0.01,-1,-1,-0.01,-1,-1,-0.01,-1,-1,-0.01,-1,-1,-0.01,-1,-1,-0.01,-1,-1
99926009,2026-05-18 13:31:52+05:30,53522.05,0,0.0,0,0.0,0.0,53282.15,53585.15,52783.45,53710.35,0,0.0,0.0,0.0,0.0,-0.01,-1,-1,-0.01,-1,-1,-0.01,-1,-1,-0.01,-1,-1,-0.01,-1,-1,-0.01,-1,-1,-0.01,-1,-1,-0.01,-1,-1,-0.01,-1,-1,-0.01,-1,-1
99926009,2026-05-18 13:31:52+05:30,53518.8,0,0.0,0,0.0,0.0,53282.15,53585.15,52783.45,53710.35,0,0.0,0.0,0.0,0.0,-0.01,-1,-1,-0.01,-1,-1,-0.01,-1,-1,-0.01,-1,-1,-0.01,-1,-1,-0.01,-1,-1,-0.01,-1,-1,-0.01,-1,-1,-0.01,-1,-1,-0.01,-1,-1
99926009,2026-05-18 13:31:53+05:30,53520.35,0,0.0,0,0.0,0.0,53282.15,53585.15,52783.45,53710.35,0,0.0,0.0,0.0,0.0,-0.01,-1,-1,-0.01,-1,-1,-0.01,-1,-1,-0.01,-1,-1,-0.01,-1,-1,-0.01,-1,-1,-0.01,-1,-1,-0.01,-1,-1,-0.01,-1,-1,-0.01,-1,-1
99926009,2026-05-18 13:31:53+05:30,53519.9,0,0.0,0,0.0,0.0,53282.15,53585.15,52783.45,53710.35,0,0.0,0.0,0.0,0.0,-0.01,-1,-1,-0.01,-1,-1,-0.01,-1,-1,-0.01,-1,-1,-0.01,-1,-1,-0.01,-1,-1,-0.01,-1,-1,-0.01,-1,-1,-0.01,-1,-1,-0.01,-1,-1
99926009,2026-05-18 13:31:54+05:30,53522.9,0,0.0,0,0.0,0.0,53282.15,53585.15,52783.45,53710.35,0,0.0,0.0,0.0,0.0,-0.01,-1,-1,-0.01,-1,-1,-0.01,-1,-1,-0.01,-1,-1,-0.01,-1,-1,-0.01,-1,-1,-0.01,-1,-1,-0.01,-1,-1,-0.01,-1,-1,-0.01,-1,-1
99926009,2026-05-18 13:31:54+05:30,53523.95,0,0.0,0,0.0,0.0,53282.15,53585.15,52783.45,53710.35,0,0.0,0.0,0.0,0.0,-0.01,-1,-1,-0.01,-1,-1,-0.01,-1,-1,-0.01,-1,-1,-0.01,-1,-1,-0.01,-1,-1,-0.01,-1,-1,-0.01,-1,-1,-0.01,-1,-1,-0.01,-1,-1
99926009,2026-05-18 13:31:55+05:30,53525.45,0,0.0,0,0.0,0.0,53282.15,53585.15,52783.45,53710.35,0,0.0,0.0,0.0,0.0,-0.01,-1,-1,-0.01,-1,-1,-0.01,-1,-1,-0.01,-1,-1,-0.01,-1,-1,-0.01,-1,-1,-0.01,-1,-1,-0.01,-1,-1,-0.01,-1,-1,-0.01,-1,-1
99926009,2026-05-18 13:31:55+05:30,53525.9,0,0.0,0,0.0,0.0,53282.15,53585.15,52783.45,53710.35,0,0.0,0.0,0.0,0.0,-0.01,-1,-1,-0.01,-1,-1,-0.01,-1,-1,-0.01,-1,-1,-0.01,-1,-1,-0.01,-1,-1,-0.01,-1,-1,-0.01,-1,-1,-0.01,-1,-1,-0.01,-1,-1
99926009,2026-05-18 13:31:56+05:30,53522.65,0,0.0,0,0.0,0.0,53282.15,53585.15,52783.45,53710.35,0,0.0,0.0,0.0,0.0,-0.01,-1,-1,-0.01,-1,-1,-0.01,-1,-1,-0.01,-1,-1,-0.01,-1,-1,-0.01,-1,-1,-0.01,-1,-1,-0.01,-1,-1,-0.01,-1,-1,-0.01,-1,-1
99926009,2026-05-18 13:31:56+05:30,53524.2,0,0.0,0,0.0,0.0,53282.15,53585.15,52783.45,53710.35,0,0.0,0.0,0.0,0.0,-0.01,-1,-1,-0.01,-1,-1,-0.01,-1,-1,-0.01,-1,-1,-0.01,-1,-1,-0.01,-1,-1,-0.01,-1,-1,-0.01,-1,-1,-0.01,-1,-1,-0.01,-1,-1
99926009,2026-05-18 13:31:57+05:30,53524.25,0,0.0,0,0.0,0.0,53282.15,53585.15,52783.45,53710.35,0,0.0,0.0,0.0,0.0,-0.01,-1,-1,-0.01,-1,-1,-0.01,-1,-1,-0.01,-1,-1,-0.01,-1,-1,-0.01,-1,-1,-0.01,-1,-1,-0.01,-1,-1,-0.01,-1,-1,-0.01,-1,-1
99926009,2026-05-18 13:31:57+05:30,53525.05,0,0.0,0,0.0,0.0,53282.15,53585.15,52783.45,53710.35,0,0.0,0.0,0.0,0.0,-0.01,-1,-1,-0.01,-1,-1,-0.01,-1,-1,-0.01,-1,-1,-0.01,-1,-1,-0.01,-1,-1,-0.01,-1,-1,-0.01,-1,-1,-0.01,-1,-1,-0.01,-1,-1
99926009,2026-05-18 13:31:58+05:30,53526.3,0,0.0,0,0.0,0.0,53282.15,53585.15,52783.45,53710.35,0,0.0,0.0,0.0,0.0,-0.01,-1,-1,-0.01,-1,-1,-0.01,-1,-1,-0.01,-1,-1,-0.01,-1,-1,-0.01,-1,-1,-0.01,-1,-1,-0.01,-1,-1,-0.01,-1,-1,-0.01,-1,-1
99926009,2026-05-18 13:31:58+05:30,53525.5,0,0.0,0,0.0,0.0,53282.15,53585.15,52783.45,53710.35,0,0.0,0.0,0.0,0.0,-0.01,-1,-1,-0.01,-1,-1,-0.01,-1,-1,-0.01,-1,-1,-0.01,-1,-1,-0.01,-1,-1,-0.01,-1,-1,-0.01,-1,-1,-0.01,-1,-1,-0.01,-1,-1
99926009,2026-05-18 13:31:59+05:30,53525.0,0,0.0,0,0.0,0.0,53282.15,53585.15,52783.45,53710.35,0,0.0,0.0,0.0,0.0,-0.01,-1,-1,-0.01,-1,-1,-0.01,-1,-1,-0.01,-1,-1,-0.01,-1,-1,-0.01,-1,-1,-0.01,-1,-1,-0.01,-1,-1,-0.01,-1,-1,-0.01,-1,-1
99926009,2026-05-18 13:31:59+05:30,53525.15,0,0.0,0,0.0,0.0,53282.15,53585.15,52783.45,53710.35,0,0.0,0.0,0.0,0.0,-0.01,-1,-1,-0.01,-1,-1,-0.01,-1,-1,-0.01,-1,-1,-0.01,-1,-1,-0.01,-1,-1,-0.01,-1,-1,-0.01,-1,-1,-0.01,-1,-1,-0.01,-1,-1
99926009,2026-05-18 13:32:00+05:30,53526.5,0,0.0,0,0.0,0.0,53282.15,53585.15,52783.45,53710.35,0,0.0,0.0,0.0,0.0,-0.01,-1,-1,-0.01,-1,-1,-0.01,-1,-1,-0.01,-1,-1,-0.01,-1,-1,-0.01,-1,-1,-0.01,-1,-1,-0.01,-1,-1,-0.01,-1,-1,-0.01,-1,-1
99926009,2026-05-18 13:32:00+05:30,53523.85,0,0.0,0,0.0,0.0,53282.15,53585.15,52783.45,53710.35,0,0.0,0.0,0.0,0.0,-0.01,-1,-1,-0.01,-1,-1,-0.01,-1,-1,-0.01,-1,-1,-0.01,-1,-1,-0.01,-1,-1,-0.01,-1,-1,-0.01,-1,-1,-0.01,-1,-1,-0.01,-1,-1
99926009,2026-05-18 13:32:01+05:30,53523.8,0,0.0,0,0.0,0.0,53282.15,53585.15,52783.45,53710.35,0,0.0,0.0,0.0,0.0,-0.01,-1,-1,-0.01,-1,-1,-0.01,-1,-1,-0.01,-1,-1,-0.01,-1,-1,-0.01,-1,-1,-0.01,-1,-1,-0.01,-1,-1,-0.01,-1,-1,-0.01,-1,-1
99926009,2026-05-18 13:32:01+05:30,53524.1,0,0.0,0,0.0,0.0,53282.15,53585.15,52783.45,53710.35,0,0.0,0.0,0.0,0.0,-0.01,-1,-1,-0.01,-1,-1,-0.01,-1,-1,-0.01,-1,-1,-0.01,-1,-1,-0.01,-1,-1,-0.01,-1,-1,-0.01,-1,-1,-0.01,-1,-1,-0.01,-1,-1
99926009,2026-05-18 13:32:02+05:30,53523.0,0,0.0,0,0.0,0.0,53282.15,53585.15,52783.45,53710.35,0,0.0,0.0,0.0,0.0,-0.01,-1,-1,-0.01,-1,-1,-0.01,-1,-1,-0.01,-1,-1,-0.01,-1,-1,-0.01,-1,-1,-0.01,-1,-1,-0.01,-1,-1,-0.01,-1,-1,-0.01,-1,-1
99926009,2026-05-18 13:32:02+05:30,53521.65,0,0.0,0,0.0,0.0,53282.15,53585.15,52783.45,53710.35,0,0.0,0.0,0.0,0.0,-0.01,-1,-1,-0.01,-1,-1,-0.01,-1,-1,-0.01,-1,-1,-0.01,-1,-1,-0.01,-1,-1,-0.01,-1,-1,-0.01,-1,-1,-0.01,-1,-1,-0.01,-1,-1
99926009,2026-05-18 13:32:03+05:30,53521.35,0,0.0,0,0.0,0.0,53282.15,53585.15,52783.45,53710.35,0,0.0,0.0,0.0,0.0,-0.01,-1,-1,-0.01,-1,-1,-0.01,-1,-1,-0.01,-1,-1,-0.01,-1,-1,-0.01,-1,-1,-0.01,-1,-1,-0.01,-1,-1,-0.01,-1,-1,-0.01,-1,-1
99926009,2026-05-18 13:32:03+05:30,53516.95,0,0.0,0,0.0,0.0,53282.15,53585.15,52783.45,53710.35,0,0.0,0.0,0.0,0.0,-0.01,-1,-1,-0.01,-1,-1,-0.01,-1,-1,-0.01,-1,-1,-0.01,-1,-1,-0.01,-1,-1,-0.01,-1,-1,-0.01,-1,-1,-0.01,-1,-1,-0.01,-1,-1
99926009,2026-05-18 13:32:04+05:30,53519.1,0,0.0,0,0.0,0.0,53282.15,53585.15,52783.45,53710.35,0,0.0,0.0,0.0,0.0,-0.01,-1,-1,-0.01,-1,-1,-0.01,-1,-1,-0.01,-1,-1,-0.01,-1,-1,-0.01,-1,-1,-0.01,-1,-1,-0.01,-1,-1,-0.01,-1,-1,-0.01,-1,-1
99926009,2026-05-18 13:32:04+05:30,53520.2,0,0.0,0,0.0,0.0,53282.15,53585.15,52783.45,53710.35,0,0.0,0.0,0.0,0.0,-0.01,-1,-1,-0.01,-1,-1,-0.01,-1,-1,-0.01,-1,-1,-0.01,-1,-1,-0.01,-1,-1,-0.01,-1,-1,-0.01,-1,-1,-0.01,-1,-1,-0.01,-1,-1
99926009,2026-05-18 13:32:05+05:30,53520.05,0,0.0,0,0.0,0.0,53282.15,53585.15,52783.45,53710.35,0,0.0,0.0,0.0,0.0,-0.01,-1,-1,-0.01,-1,-1,-0.01,-1,-1,-0.01,-1,-1,-0.01,-1,-1,-0.01,-1,-1,-0.01,-1,-1,-0.01,-1,-1,-0.01,-1,-1,-0.01,-1,-1
99926009,2026-05-18 13:32:05+05:30,53517.85,0,0.0,0,0.0,0.0,53282.15,53585.15,52783.45,53710.35,0,0.0,0.0,0.0,0.0,-0.01,-1,-1,-0.01,-1,-1,-0.01,-1,-1,-0.01,-1,-1,-0.01,-1,-1,-0.01,-1,-1,-0.01,-1,-1,-0.01,-1,-1,-0.01,-1,-1,-0.01,-1,-1
99926009,2026-05-18 13:32:06+05:30,53516.65,0,0.0,0,0.0,0.0,53282.15,53585.15,52783.45,53710.35,0,0.0,0.0,0.0,0.0,-0.01,-1,-1,-0.01,-1,-1,-0.01,-1,-1,-0.01,-1,-1,-0.01,-1,-1,-0.01,-1,-1,-0.01,-1,-1,-0.01,-1,-1,-0.01,-1,-1,-0.01,-1,-1
99926009,2026-05-18 13:32:06+05:30,53518.1,0,0.0,0,0.0,0.0,53282.15,53585.15,52783.45,53710.35,0,0.0,0.0,0.0,0.0,-0.01,-1,-1,-0.01,-1,-1,-0.01,-1,-1,-0.01,-1,-1,-0.01,-1,-1,-0.01,-1,-1,-0.01,-1,-1,-0.01,-1,-1,-0.01,-1,-1,-0.01,-1,-1
99926009,2026-05-18 13:32:07+05:30,53519.45,0,0.0,0,0.0,0.0,53282.15,53585.15,52783.45,53710.35,0,0.0,0.0,0.0,0.0,-0.01,-1,-1,-0.01,-1,-1,-0.01,-1,-1,-0.01,-1,-1,-0.01,-1,-1,-0.01,-1,-1,-0.01,-1,-1,-0.01,-1,-1,-0.01,-1,-1,-0.01,-1,-1
99926009,2026-05-18 13:32:07+05:30,53519.45,0,0.0,0,0.0,0.0,53282.15,53585.15,52783.45,53710.35,0,0.0,0.0,0.0,0.0,-0.01,-1,-1,-0.01,-1,-1,-0.01,-1,-1,-0.01,-1,-1,-0.01,-1,-1,-0.01,-1,-1,-0.01,-1,-1,-0.01,-1,-1,-0.01,-1,-1,-0.01,-1,-1
99926009,2026-05-18 13:32:08+05:30,53518.1,0,0.0,0,0.0,0.0,53282.15,53585.15,52783.45,53710.35,0,0.0,0.0,0.0,0.0,-0.01,-1,-1,-0.01,-1,-1,-0.01,-1,-1,-0.01,-1,-1,-0.01,-1,-1,-0.01,-1,-1,-0.01,-1,-1,-0.01,-1,-1,-0.01,-1,-1,-0.01,-1,-1
99926009,2026-05-18 13:32:08+05:30,53513.45,0,0.0,0,0.0,0.0,53282.15,53585.15,52783.45,53710.35,0,0.0,0.0,0.0,0.0,-0.01,-1,-1,-0.01,-1,-1,-0.01,-1,-1,-0.01,-1,-1,-0.01,-1,-1,-0.01,-1,-1,-0.01,-1,-1,-0.01,-1,-1,-0.01,-1,-1,-0.01,-1,-1
99926009,2026-05-18 13:32:09+05:30,53518.45,0,0.0,0,0.0,0.0,53282.15,53585.15,52783.45,53710.35,0,0.0,0.0,0.0,0.0,-0.01,-1,-1,-0.01,-1,-1,-0.01,-1,-1,-0.01,-1,-1,-0.01,-1,-1,-0.01,-1,-1,-0.01,-1,-1,-0.01,-1,-1,-0.01,-1,-1,-0.01,-1,-1
99926009,2026-05-18 13:32:09+05:30,53518.6,0,0.0,0,0.0,0.0,53282.15,53585.15,52783.45,53710.35,0,0.0,0.0,0.0,0.0,-0.01,-1,-1,-0.01,-1,-1,-0.01,-1,-1,-0.01,-1,-1,-0.01,-1,-1,-0.01,-1,-1,-0.01,-1,-1,-0.01,-1,-1,-0.01,-1,-1,-0.01,-1,-1
99926009,2026-05-18 13:32:10+05:30,53520.35,0,0.0,0,0.0,0.0,53282.15,53585.15,52783.45,53710.35,0,0.0,0.0,0.0,0.0,-0.01,-1,-1,-0.01,-1,-1,-0.01,-1,-1,-0.01,-1,-1,-0.01,-1,-1,-0.01,-1,-1,-0.01,-1,-1,-0.01,-1,-1,-0.01,-1,-1,-0.01,-1,-1
99926009,2026-05-18 13:32:10+05:30,53518.15,0,0.0,0,0.0,0.0,53282.15,53585.15,52783.45,53710.35,0,0.0,0.0,0.0,0.0,-0.01,-1,-1,-0.01,-1,-1,-0.01,-1,-1,-0.01,-1,-1,-0.01,-1,-1,-0.01,-1,-1,-0.01,-1,-1,-0.01,-1,-1,-0.01,-1,-1,-0.01,-1,-1
99926009,2026-05-18 13:32:11+05:30,53514.2,0,0.0,0,0.0,0.0,53282.15,53585.15,52783.45,53710.35,0,0.0,0.0,0.0,0.0,-0.01,-1,-1,-0.01,-1,-1,-0.01,-1,-1,-0.01,-1,-1,-0.01,-1,-1,-0.01,-1,-1,-0.01,-1,-1,-0.01,-1,-1,-0.01,-1,-1,-0.01,-1,-1
99926009,2026-05-18 13:32:11+05:30,53517.15,0,0.0,0,0.0,0.0,53282.15,53585.15,52783.45,53710.35,0,0.0,0.0,0.0,0.0,-0.01,-1,-1,-0.01,-1,-1,-0.01,-1,-1,-0.01,-1,-1,-0.01,-1,-1,-0.01,-1,-1,-0.01,-1,-1,-0.01,-1,-1,-0.01,-1,-1,-0.01,-1,-1
99926009,2026-05-18 13:32:12+05:30,53516.6,0,0.0,0,0.0,0.0,53282.15,53585.15,52783.45,53710.35,0,0.0,0.0,0.0,0.0,-0.01,-1,-1,-0.01,-1,-1,-0.01,-1,-1,-0.01,-1,-1,-0.01,-1,-1,-0.01,-1,-1,-0.01,-1,-1,-0.01,-1,-1,-0.01,-1,-1,-0.01,-1,-1
99926009,2026-05-18 13:32:12+05:30,53515.2,0,0.0,0,0.0,0.0,53282.15,53585.15,52783.45,53710.35,0,0.0,0.0,0.0,0.0,-0.01,-1,-1,-0.01,-1,-1,-0.01,-1,-1,-0.01,-1,-1,-0.01,-1,-1,-0.01,-1,-1,-0.01,-1,-1,-0.01,-1,-1,-0.01,-1,-1,-0.01,-1,-1
99926009,2026-05-18 13:32:13+05:30,53513.0,0,0.0,0,0.0,0.0,53282.15,53585.15,52783.45,53710.35,0,0.0,0.0,0.0,0.0,-0.01,-1,-1,-0.01,-1,-1,-0.01,-1,-1,-0.01,-1,-1,-0.01,-1,-1,-0.01,-1,-1,-0.01,-1,-1,-0.01,-1,-1,-0.01,-1,-1,-0.01,-1,-1
99926009,2026-05-18 13:32:13+05:30,53514.95,0,0.0,0,0.0,0.0,53282.15,53585.15,52783.45,53710.35,0,0.0,0.0,0.0,0.0,-0.01,-1,-1,-0.01,-1,-1,-0.01,-1,-1,-0.01,-1,-1,-0.01,-1,-1,-0.01,-1,-1,-0.01,-1,-1,-0.01,-1,-1,-0.01,-1,-1,-0.01,-1,-1
99926009,2026-05-18 13:32:14+05:30,53513.7,0,0.0,0,0.0,0.0,53282.15,53585.15,52783.45,53710.35,0,0.0,0.0,0.0,0.0,-0.01,-1,-1,-0.01,-1,-1,-0.01,-1,-1,-0.01,-1,-1,-0.01,-1,-1,-0.01,-1,-1,-0.01,-1,-1,-0.01,-1,-1,-0.01,-1,-1,-0.01,-1,-1
99926009,2026-05-18 13:32:14+05:30,53517.0,0,0.0,0,0.0,0.0,53282.15,53585.15,52783.45,53710.35,0,0.0,0.0,0.0,0.0,-0.01,-1,-1,-0.01,-1,-1,-0.01,-1,-1,-0.01,-1,-1,-0.01,-1,-1,-0.01,-1,-1,-0.01,-1,-1,-0.01,-1,-1,-0.01,-1,-1,-0.01,-1,-1
99926009,2026-05-18 13:32:15+05:30,53517.05,0,0.0,0,0.0,0.0,53282.15,53585.15,52783.45,53710.35,0,0.0,0.0,0.0,0.0,-0.01,-1,-1,-0.01,-1,-1,-0.01,-1,-1,-0.01,-1,-1,-0.01,-1,-1,-0.01,-1,-1,-0.01,-1,-1,-0.01,-1,-1,-0.01,-1,-1,-0.01,-1,-1
99926009,2026-05-18 13:32:15+05:30,53515.35,0,0.0,0,0.0,0.0,53282.15,53585.15,52783.45,53710.35,0,0.0,0.0,0.0,0.0,-0.01,-1,-1,-0.01,-1,-1,-0.01,-1,-1,-0.01,-1,-1,-0.01,-1,-1,-0.01,-1,-1,-0.01,-1,-1,-0.01,-1,-1,-0.01,-1,-1,-0.01,-1,-1
99926009,2026-05-18 13:32:16+05:30,53520.05,0,0.0,0,0.0,0.0,53282.15,53585.15,52783.45,53710.35,0,0.0,0.0,0.0,0.0,-0.01,-1,-1,-0.01,-1,-1,-0.01,-1,-1,-0.01,-1,-1,-0.01,-1,-1,-0.01,-1,-1,-0.01,-1,-1,-0.01,-1,-1,-0.01,-1,-1,-0.01,-1,-1
99926009,2026-05-18 13:32:16+05:30,53520.4,0,0.0,0,0.0,0.0,53282.15,53585.15,52783.45,53710.35,0,0.0,0.0,0.0,0.0,-0.01,-1,-1,-0.01,-1,-1,-0.01,-1,-1,-0.01,-1,-1,-0.01,-1,-1,-0.01,-1,-1,-0.01,-1,-1,-0.01,-1,-1,-0.01,-1,-1,-0.01,-1,-1
99926009,2026-05-18 13:32:17+05:30,53522.75,0,0.0,0,0.0,0.0,53282.15,53585.15,52783.45,53710.35,0,0.0,0.0,0.0,0.0,-0.01,-1,-1,-0.01,-1,-1,-0.01,-1,-1,-0.01,-1,-1,-0.01,-1,-1,-0.01,-1,-1,-0.01,-1,-1,-0.01,-1,-1,-0.01,-1,-1,-0.01,-1,-1
99926009,2026-05-18 13:32:17+05:30,53523.85,0,0.0,0,0.0,0.0,53282.15,53585.15,52783.45,53710.35,0,0.0,0.0,0.0,0.0,-0.01,-1,-1,-0.01,-1,-1,-0.01,-1,-1,-0.01,-1,-1,-0.01,-1,-1,-0.01,-1,-1,-0.01,-1,-1,-0.01,-1,-1,-0.01,-1,-1,-0.01,-1,-1
99926009,2026-05-18 13:32:18+05:30,53524.95,0,0.0,0,0.0,0.0,53282.15,53585.15,52783.45,53710.35,0,0.0,0.0,0.0,0.0,-0.01,-1,-1,-0.01,-1,-1,-0.01,-1,-1,-0.01,-1,-1,-0.01,-1,-1,-0.01,-1,-1,-0.01,-1,-1,-0.01,-1,-1,-0.01,-1,-1,-0.01,-1,-1
99926009,2026-05-18 13:32:18+05:30,53524.1,0,0.0,0,0.0,0.0,53282.15,53585.15,52783.45,53710.35,0,0.0,0.0,0.0,0.0,-0.01,-1,-1,-0.01,-1,-1,-0.01,-1,-1,-0.01,-1,-1,-0.01,-1,-1,-0.01,-1,-1,-0.01,-1,-1,-0.01,-1,-1,-0.01,-1,-1,-0.01,-1,-1
99926009,2026-05-18 13:32:19+05:30,53526.25,0,0.0,0,0.0,0.0,53282.15,53585.15,52783.45,53710.35,0,0.0,0.0,0.0,0.0,-0.01,-1,-1,-0.01,-1,-1,-0.01,-1,-1,-0.01,-1,-1,-0.01,-1,-1,-0.01,-1,-1,-0.01,-1,-1,-0.01,-1,-1,-0.01,-1,-1,-0.01,-1,-1
99926009,2026-05-18 13:32:19+05:30,53529.2,0,0.0,0,0.0,0.0,53282.15,53585.15,52783.45,53710.35,0,0.0,0.0,0.0,0.0,-0.01,-1,-1,-0.01,-1,-1,-0.01,-1,-1,-0.01,-1,-1,-0.01,-1,-1,-0.01,-1,-1,-0.01,-1,-1,-0.01,-1,-1,-0.01,-1,-1,-0.01,-1,-1
99926009,2026-05-18 13:32:20+05:30,53528.9,0,0.0,0,0.0,0.0,53282.15,53585.15,52783.45,53710.35,0,0.0,0.0,0.0,0.0,-0.01,-1,-1,-0.01,-1,-1,-0.01,-1,-1,-0.01,-1,-1,-0.01,-1,-1,-0.01,-1,-1,-0.01,-1,-1,-0.01,-1,-1,-0.01,-1,-1,-0.01,-1,-1
99926009,2026-05-18 13:32:20+05:30,53528.3,0,0.0,0,0.0,0.0,53282.15,53585.15,52783.45,53710.35,0,0.0,0.0,0.0,0.0,-0.01,-1,-1,-0.01,-1,-1,-0.01,-1,-1,-0.01,-1,-1,-0.01,-1,-1,-0.01,-1,-1,-0.01,-1,-1,-0.01,-1,-1,-0.01,-1,-1,-0.01,-1,-1
99926009,2026-05-18 13:32:21+05:30,53526.6,0,0.0,0,0.0,0.0,53282.15,53585.15,52783.45,53710.35,0,0.0,0.0,0.0,0.0,-0.01,-1,-1,-0.01,-1,-1,-0.01,-1,-1,-0.01,-1,-1,-0.01,-1,-1,-0.01,-1,-1,-0.01,-1,-1,-0.01,-1,-1,-0.01,-1,-1,-0.01,-1,-1
99926009,2026-05-18 13:32:21+05:30,53529.4,0,0.0,0,0.0,0.0,53282.15,53585.15,52783.45,53710.35,0,0.0,0.0,0.0,0.0,-0.01,-1,-1,-0.01,-1,-1,-0.01,-1,-1,-0.01,-1,-1,-0.01,-1,-1,-0.01,-1,-1,-0.01,-1,-1,-0.01,-1,-1,-0.01,-1,-1,-0.01,-1,-1
99926009,2026-05-18 13:32:22+05:30,53529.8,0,0.0,0,0.0,0.0,53282.15,53585.15,52783.45,53710.35,0,0.0,0.0,0.0,0.0,-0.01,-1,-1,-0.01,-1,-1,-0.01,-1,-1,-0.01,-1,-1,-0.01,-1,-1,-0.01,-1,-1,-0.01,-1,-1,-0.01,-1,-1,-0.01,-1,-1,-0.01,-1,-1
99926009,2026-05-18 13:32:22+05:30,53529.85,0,0.0,0,0.0,0.0,53282.15,53585.15,52783.45,53710.35,0,0.0,0.0,0.0,0.0,-0.01,-1,-1,-0.01,-1,-1,-0.01,-1,-1,-0.01,-1,-1,-0.01,-1,-1,-0.01,-1,-1,-0.01,-1,-1,-0.01,-1,-1,-0.01,-1,-1,-0.01,-1,-1
99926009,2026-05-18 13:32:23+05:30,53532.3,0,0.0,0,0.0,0.0,53282.15,53585.15,52783.45,53710.35,0,0.0,0.0,0.0,0.0,-0.01,-1,-1,-0.01,-1,-1,-0.01,-1,-1,-0.01,-1,-1,-0.01,-1,-1,-0.01,-1,-1,-0.01,-1,-1,-0.01,-1,-1,-0.01,-1,-1,-0.01,-1,-1
99926009,2026-05-18 13:32:23+05:30,53531.65,0,0.0,0,0.0,0.0,53282.15,53585.15,52783.45,53710.35,0,0.0,0.0,0.0,0.0,-0.01,-1,-1,-0.01,-1,-1,-0.01,-1,-1,-0.01,-1,-1,-0.01,-1,-1,-0.01,-1,-1,-0.01,-1,-1,-0.01,-1,-1,-0.01,-1,-1,-0.01,-1,-1
99926009,2026-05-18 13:32:24+05:30,53534.5,0,0.0,0,0.0,0.0,53282.15,53585.15,52783.45,53710.35,0,0.0,0.0,0.0,0.0,-0.01,-1,-1,-0.01,-1,-1,-0.01,-1,-1,-0.01,-1,-1,-0.01,-1,-1,-0.01,-1,-1,-0.01,-1,-1,-0.01,-1,-1,-0.01,-1,-1,-0.01,-1,-1
99926009,2026-05-18 13:32:24+05:30,53534.2,0,0.0,0,0.0,0.0,53282.15,53585.15,52783.45,53710.35,0,0.0,0.0,0.0,0.0,-0.01,-1,-1,-0.01,-1,-1,-0.01,-1,-1,-0.01,-1,-1,-0.01,-1,-1,-0.01,-1,-1,-0.01,-1,-1,-0.01,-1,-1,-0.01,-1,-1,-0.01,-1,-1
99926009,2026-05-18 13:32:25+05:30,53534.65,0,0.0,0,0.0,0.0,53282.15,53585.15,52783.45,53710.35,0,0.0,0.0,0.0,0.0,-0.01,-1,-1,-0.01,-1,-1,-0.01,-1,-1,-0.01,-1,-1,-0.01,-1,-1,-0.01,-1,-1,-0.01,-1,-1,-0.01,-1,-1,-0.01,-1,-1,-0.01,-1,-1
99926009,2026-05-18 13:32:25+05:30,53533.95,0,0.0,0,0.0,0.0,53282.15,53585.15,52783.45,53710.35,0,0.0,0.0,0.0,0.0,-0.01,-1,-1,-0.01,-1,-1,-0.01,-1,-1,-0.01,-1,-1,-0.01,-1,-1,-0.01,-1,-1,-0.01,-1,-1,-0.01,-1,-1,-0.01,-1,-1,-0.01,-1,-1
99926009,2026-05-18 13:32:26+05:30,53535.85,0,0.0,0,0.0,0.0,53282.15,53585.15,52783.45,53710.35,0,0.0,0.0,0.0,0.0,-0.01,-1,-1,-0.01,-1,-1,-0.01,-1,-1,-0.01,-1,-1,-0.01,-1,-1,-0.01,-1,-1,-0.01,-1,-1,-0.01,-1,-1,-0.01,-1,-1,-0.01,-1,-1
99926009,2026-05-18 13:32:26+05:30,53535.75,0,0.0,0,0.0,0.0,53282.15,53585.15,52783.45,53710.35,0,0.0,0.0,0.0,0.0,-0.01,-1,-1,-0.01,-1,-1,-0.01,-1,-1,-0.01,-1,-1,-0.01,-1,-1,-0.01,-1,-1,-0.01,-1,-1,-0.01,-1,-1,-0.01,-1,-1,-0.01,-1,-1
99926009,2026-05-18 13:32:27+05:30,53535.65,0,0.0,0,0.0,0.0,53282.15,53585.15,52783.45,53710.35,0,0.0,0.0,0.0,0.0,-0.01,-1,-1,-0.01,-1,-1,-0.01,-1,-1,-0.01,-1,-1,-0.01,-1,-1,-0.01,-1,-1,-0.01,-1,-1,-0.01,-1,-1,-0.01,-1,-1,-0.01,-1,-1
99926009,2026-05-18 13:32:27+05:30,53536.0,0,0.0,0,0.0,0.0,53282.15,53585.15,52783.45,53710.35,0,0.0,0.0,0.0,0.0,-0.01,-1,-1,-0.01,-1,-1,-0.01,-1,-1,-0.01,-1,-1,-0.01,-1,-1,-0.01,-1,-1,-0.01,-1,-1,-0.01,-1,-1,-0.01,-1,-1,-0.01,-1,-1
99926009,2026-05-18 13:32:28+05:30,53535.8,0,0.0,0,0.0,0.0,53282.15,53585.15,52783.45,53710.35,0,0.0,0.0,0.0,0.0,-0.01,-1,-1,-0.01,-1,-1,-0.01,-1,-1,-0.01,-1,-1,-0.01,-1,-1,-0.01,-1,-1,-0.01,-1,-1,-0.01,-1,-1,-0.01,-1,-1,-0.01,-1,-1
99926009,2026-05-18 13:32:28+05:30,53533.4,0,0.0,0,0.0,0.0,53282.15,53585.15,52783.45,53710.35,0,0.0,0.0,0.0,0.0,-0.01,-1,-1,-0.01,-1,-1,-0.01,-1,-1,-0.01,-1,-1,-0.01,-1,-1,-0.01,-1,-1,-0.01,-1,-1,-0.01,-1,-1,-0.01,-1,-1,-0.01,-1,-1
99926009,2026-05-18 13:32:29+05:30,53534.05,0,0.0,0,0.0,0.0,53282.15,53585.15,52783.45,53710.35,0,0.0,0.0,0.0,0.0,-0.01,-1,-1,-0.01,-1,-1,-0.01,-1,-1,-0.01,-1,-1,-0.01,-1,-1,-0.01,-1,-1,-0.01,-1,-1,-0.01,-1,-1,-0.01,-1,-1,-0.01,-1,-1
99926009,2026-05-18 13:32:29+05:30,53534.15,0,0.0,0,0.0,0.0,53282.15,53585.15,52783.45,53710.35,0,0.0,0.0,0.0,0.0,-0.01,-1,-1,-0.01,-1,-1,-0.01,-1,-1,-0.01,-1,-1,-0.01,-1,-1,-0.01,-1,-1,-0.01,-1,-1,-0.01,-1,-1,-0.01,-1,-1,-0.01,-1,-1
99926009,2026-05-18 13:32:30+05:30,53535.4,0,0.0,0,0.0,0.0,53282.15,53585.15,52783.45,53710.35,0,0.0,0.0,0.0,0.0,-0.01,-1,-1,-0.01,-1,-1,-0.01,-1,-1,-0.01,-1,-1,-0.01,-1,-1,-0.01,-1,-1,-0.01,-1,-1,-0.01,-1,-1,-0.01,-1,-1,-0.01,-1,-1
99926009,2026-05-18 13:32:30+05:30,53536.15,0,0.0,0,0.0,0.0,53282.15,53585.15,52783.45,53710.35,0,0.0,0.0,0.0,0.0,-0.01,-1,-1,-0.01,-1,-1,-0.01,-1,-1,-0.01,-1,-1,-0.01,-1,-1,-0.01,-1,-1,-0.01,-1,-1,-0.01,-1,-1,-0.01,-1,-1,-0.01,-1,-1
99926009,2026-05-18 13:32:31+05:30,53534.75,0,0.0,0,0.0,0.0,53282.15,53585.15,52783.45,53710.35,0,0.0,0.0,0.0,0.0,-0.01,-1,-1,-0.01,-1,-1,-0.01,-1,-1,-0.01,-1,-1,-0.01,-1,-1,-0.01,-1,-1,-0.01,-1,-1,-0.01,-1,-1,-0.01,-1,-1,-0.01,-1,-1
99926009,2026-05-18 13:32:31+05:30,53537.05,0,0.0,0,0.0,0.0,53282.15,53585.15,52783.45,53710.35,0,0.0,0.0,0.0,0.0,-0.01,-1,-1,-0.01,-1,-1,-0.01,-1,-1,-0.01,-1,-1,-0.01,-1,-1,-0.01,-1,-1,-0.01,-1,-1,-0.01,-1,-1,-0.01,-1,-1,-0.01,-1,-1
99926009,2026-05-18 13:32:32+05:30,53539.4,0,0.0,0,0.0,0.0,53282.15,53585.15,52783.45,53710.35,0,0.0,0.0,0.0,0.0,-0.01,-1,-1,-0.01,-1,-1,-0.01,-1,-1,-0.01,-1,-1,-0.01,-1,-1,-0.01,-1,-1,-0.01,-1,-1,-0.01,-1,-1,-0.01,-1,-1,-0.01,-1,-1
99926009,2026-05-18 13:32:32+05:30,53538.2,0,0.0,0,0.0,0.0,53282.15,53585.15,52783.45,53710.35,0,0.0,0.0,0.0,0.0,-0.01,-1,-1,-0.01,-1,-1,-0.01,-1,-1,-0.01,-1,-1,-0.01,-1,-1,-0.01,-1,-1,-0.01,-1,-1,-0.01,-1,-1,-0.01,-1,-1,-0.01,-1,-1
99926009,2026-05-18 13:32:33+05:30,53539.15,0,0.0,0,0.0,0.0,53282.15,53585.15,52783.45,53710.35,0,0.0,0.0,0.0,0.0,-0.01,-1,-1,-0.01,-1,-1,-0.01,-1,-1,-0.01,-1,-1,-0.01,-1,-1,-0.01,-1,-1,-0.01,-1,-1,-0.01,-1,-1,-0.01,-1,-1,-0.01,-1,-1
99926009,2026-05-18 13:32:33+05:30,53540.45,0,0.0,0,0.0,0.0,53282.15,53585.15,52783.45,53710.35,0,0.0,0.0,0.0,0.0,-0.01,-1,-1,-0.01,-1,-1,-0.01,-1,-1,-0.01,-1,-1,-0.01,-1,-1,-0.01,-1,-1,-0.01,-1,-1,-0.01,-1,-1,-0.01,-1,-1,-0.01,-1,-1
99926009,2026-05-18 13:32:34+05:30,53542.4,0,0.0,0,0.0,0.0,53282.15,53585.15,52783.45,53710.35,0,0.0,0.0,0.0,0.0,-0.01,-1,-1,-0.01,-1,-1,-0.01,-1,-1,-0.01,-1,-1,-0.01,-1,-1,-0.01,-1,-1,-0.01,-1,-1,-0.01,-1,-1,-0.01,-1,-1,-0.01,-1,-1
99926009,2026-05-18 13:32:34+05:30,53543.0,0,0.0,0,0.0,0.0,53282.15,53585.15,52783.45,53710.35,0,0.0,0.0,0.0,0.0,-0.01,-1,-1,-0.01,-1,-1,-0.01,-1,-1,-0.01,-1,-1,-0.01,-1,-1,-0.01,-1,-1,-0.01,-1,-1,-0.01,-1,-1,-0.01,-1,-1,-0.01,-1,-1
99926009,2026-05-18 13:32:35+05:30,53543.3,0,0.0,0,0.0,0.0,53282.15,53585.15,52783.45,53710.35,0,0.0,0.0,0.0,0.0,-0.01,-1,-1,-0.01,-1,-1,-0.01,-1,-1,-0.01,-1,-1,-0.01,-1,-1,-0.01,-1,-1,-0.01,-1,-1,-0.01,-1,-1,-0.01,-1,-1,-0.01,-1,-1
99926009,2026-05-18 13:32:35+05:30,53542.85,0,0.0,0,0.0,0.0,53282.15,53585.15,52783.45,53710.35,0,0.0,0.0,0.0,0.0,-0.01,-1,-1,-0.01,-1,-1,-0.01,-1,-1,-0.01,-1,-1,-0.01,-1,-1,-0.01,-1,-1,-0.01,-1,-1,-0.01,-1,-1,-0.01,-1,-1,-0.01,-1,-1
99926009,2026-05-18 13:32:36+05:30,53542.45,0,0.0,0,0.0,0.0,53282.15,53585.15,52783.45,53710.35,0,0.0,0.0,0.0,0.0,-0.01,-1,-1,-0.01,-1,-1,-0.01,-1,-1,-0.01,-1,-1,-0.01,-1,-1,-0.01,-1,-1,-0.01,-1,-1,-0.01,-1,-1,-0.01,-1,-1,-0.01,-1,-1
99926009,2026-05-18 13:32:36+05:30,53542.75,0,0.0,0,0.0,0.0,53282.15,53585.15,52783.45,53710.35,0,0.0,0.0,0.0,0.0,-0.01,-1,-1,-0.01,-1,-1,-0.01,-1,-1,-0.01,-1,-1,-0.01,-1,-1,-0.01,-1,-1,-0.01,-1,-1,-0.01,-1,-1,-0.01,-1,-1,-0.01,-1,-1
99926009,2026-05-18 13:32:37+05:30,53543.2,0,0.0,0,0.0,0.0,53282.15,53585.15,52783.45,53710.35,0,0.0,0.0,0.0,0.0,-0.01,-1,-1,-0.01,-1,-1,-0.01,-1,-1,-0.01,-1,-1,-0.01,-1,-1,-0.01,-1,-1,-0.01,-1,-1,-0.01,-1,-1,-0.01,-1,-1,-0.01,-1,-1
99926009,2026-05-18 13:32:37+05:30,53542.55,0,0.0,0,0.0,0.0,53282.15,53585.15,52783.45,53710.35,0,0.0,0.0,0.0,0.0,-0.01,-1,-1,-0.01,-1,-1,-0.01,-1,-1,-0.01,-1,-1,-0.01,-1,-1,-0.01,-1,-1,-0.01,-1,-1,-0.01,-1,-1,-0.01,-1,-1,-0.01,-1,-1
99926009,2026-05-18 13:32:38+05:30,53539.5,0,0.0,0,0.0,0.0,53282.15,53585.15,52783.45,53710.35,0,0.0,0.0,0.0,0.0,-0.01,-1,-1,-0.01,-1,-1,-0.01,-1,-1,-0.01,-1,-1,-0.01,-1,-1,-0.01,-1,-1,-0.01,-1,-1,-0.01,-1,-1,-0.01,-1,-1,-0.01,-1,-1
99926009,2026-05-18 13:32:38+05:30,53542.25,0,0.0,0,0.0,0.0,53282.15,53585.15,52783.45,53710.35,0,0.0,0.0,0.0,0.0,-0.01,-1,-1,-0.01,-1,-1,-0.01,-1,-1,-0.01,-1,-1,-0.01,-1,-1,-0.01,-1,-1,-0.01,-1,-1,-0.01,-1,-1,-0.01,-1,-1,-0.01,-1,-1
99926009,2026-05-18 13:32:39+05:30,53541.75,0,0.0,0,0.0,0.0,53282.15,53585.15,52783.45,53710.35,0,0.0,0.0,0.0,0.0,-0.01,-1,-1,-0.01,-1,-1,-0.01,-1,-1,-0.01,-1,-1,-0.01,-1,-1,-0.01,-1,-1,-0.01,-1,-1,-0.01,-1,-1,-0.01,-1,-1,-0.01,-1,-1
99926009,2026-05-18 13:32:39+05:30,53540.65,0,0.0,0,0.0,0.0,53282.15,53585.15,52783.45,53710.35,0,0.0,0.0,0.0,0.0,-0.01,-1,-1,-0.01,-1,-1,-0.01,-1,-1,-0.01,-1,-1,-0.01,-1,-1,-0.01,-1,-1,-0.01,-1,-1,-0.01,-1,-1,-0.01,-1,-1,-0.01,-1,-1
99926009,2026-05-18 13:32:40+05:30,53541.05,0,0.0,0,0.0,0.0,53282.15,53585.15,52783.45,53710.35,0,0.0,0.0,0.0,0.0,-0.01,-1,-1,-0.01,-1,-1,-0.01,-1,-1,-0.01,-1,-1,-0.01,-1,-1,-0.01,-1,-1,-0.01,-1,-1,-0.01,-1,-1,-0.01,-1,-1,-0.01,-1,-1
99926009,2026-05-18 13:32:40+05:30,53541.5,0,0.0,0,0.0,0.0,53282.15,53585.15,52783.45,53710.35,0,0.0,0.0,0.0,0.0,-0.01,-1,-1,-0.01,-1,-1,-0.01,-1,-1,-0.01,-1,-1,-0.01,-1,-1,-0.01,-1,-1,-0.01,-1,-1,-0.01,-1,-1,-0.01,-1,-1,-0.01,-1,-1
99926009,2026-05-18 13:32:41+05:30,53539.8,0,0.0,0,0.0,0.0,53282.15,53585.15,52783.45,53710.35,0,0.0,0.0,0.0,0.0,-0.01,-1,-1,-0.01,-1,-1,-0.01,-1,-1,-0.01,-1,-1,-0.01,-1,-1,-0.01,-1,-1,-0.01,-1,-1,-0.01,-1,-1,-0.01,-1,-1,-0.01,-1,-1
99926009,2026-05-18 13:32:41+05:30,53540.9,0,0.0,0,0.0,0.0,53282.15,53585.15,52783.45,53710.35,0,0.0,0.0,0.0,0.0,-0.01,-1,-1,-0.01,-1,-1,-0.01,-1,-1,-0.01,-1,-1,-0.01,-1,-1,-0.01,-1,-1,-0.01,-1,-1,-0.01,-1,-1,-0.01,-1,-1,-0.01,-1,-1
99926009,2026-05-18 13:32:42+05:30,53538.05,0,0.0,0,0.0,0.0,53282.15,53585.15,52783.45,53710.35,0,0.0,0.0,0.0,0.0,-0.01,-1,-1,-0.01,-1,-1,-0.01,-1,-1,-0.01,-1,-1,-0.01,-1,-1,-0.01,-1,-1,-0.01,-1,-1,-0.01,-1,-1,-0.01,-1,-1,-0.01,-1,-1
99926009,2026-05-18 13:32:42+05:30,53541.0,0,0.0,0,0.0,0.0,53282.15,53585.15,52783.45,53710.35,0,0.0,0.0,0.0,0.0,-0.01,-1,-1,-0.01,-1,-1,-0.01,-1,-1,-0.01,-1,-1,-0.01,-1,-1,-0.01,-1,-1,-0.01,-1,-1,-0.01,-1,-1,-0.01,-1,-1,-0.01,-1,-1
99926009,2026-05-18 13:32:43+05:30,53539.15,0,0.0,0,0.0,0.0,53282.15,53585.15,52783.45,53710.35,0,0.0,0.0,0.0,0.0,-0.01,-1,-1,-0.01,-1,-1,-0.01,-1,-1,-0.01,-1,-1,-0.01,-1,-1,-0.01,-1,-1,-0.01,-1,-1,-0.01,-1,-1,-0.01,-1,-1,-0.01,-1,-1
99926009,2026-05-18 13:32:43+05:30,53539.6,0,0.0,0,0.0,0.0,53282.15,53585.15,52783.45,53710.35,0,0.0,0.0,0.0,0.0,-0.01,-1,-1,-0.01,-1,-1,-0.01,-1,-1,-0.01,-1,-1,-0.01,-1,-1,-0.01,-1,-1,-0.01,-1,-1,-0.01,-1,-1,-0.01,-1,-1,-0.01,-1,-1
99926009,2026-05-18 13:32:44+05:30,53540.45,0,0.0,0,0.0,0.0,53282.15,53585.15,52783.45,53710.35,0,0.0,0.0,0.0,0.0,-0.01,-1,-1,-0.01,-1,-1,-0.01,-1,-1,-0.01,-1,-1,-0.01,-1,-1,-0.01,-1,-1,-0.01,-1,-1,-0.01,-1,-1,-0.01,-1,-1,-0.01,-1,-1
99926009,2026-05-18 13:32:44+05:30,53541.0,0,0.0,0,0.0,0.0,53282.15,53585.15,52783.45,53710.35,0,0.0,0.0,0.0,0.0,-0.01,-1,-1,-0.01,-1,-1,-0.01,-1,-1,-0.01,-1,-1,-0.01,-1,-1,-0.01,-1,-1,-0.01,-1,-1,-0.01,-1,-1,-0.01,-1,-1,-0.01,-1,-1
99926009,2026-05-18 13:32:45+05:30,53541.5,0,0.0,0,0.0,0.0,53282.15,53585.15,52783.45,53710.35,0,0.0,0.0,0.0,0.0,-0.01,-1,-1,-0.01,-1,-1,-0.01,-1,-1,-0.01,-1,-1,-0.01,-1,-1,-0.01,-1,-1,-0.01,-1,-1,-0.01,-1,-1,-0.01,-1,-1,-0.01,-1,-1
99926009,2026-05-18 13:32:45+05:30,53540.75,0,0.0,0,0.0,0.0,53282.15,53585.15,52783.45,53710.35,0,0.0,0.0,0.0,0.0,-0.01,-1,-1,-0.01,-1,-1,-0.01,-1,-1,-0.01,-1,-1,-0.01,-1,-1,-0.01,-1,-1,-0.01,-1,-1,-0.01,-1,-1,-0.01,-1,-1,-0.01,-1,-1
99926009,2026-05-18 13:32:46+05:30,53536.35,0,0.0,0,0.0,0.0,53282.15,53585.15,52783.45,53710.35,0,0.0,0.0,0.0,0.0,-0.01,-1,-1,-0.01,-1,-1,-0.01,-1,-1,-0.01,-1,-1,-0.01,-1,-1,-0.01,-1,-1,-0.01,-1,-1,-0.01,-1,-1,-0.01,-1,-1,-0.01,-1,-1
99926009,2026-05-18 13:32:46+05:30,53540.3,0,0.0,0,0.0,0.0,53282.15,53585.15,52783.45,53710.35,0,0.0,0.0,0.0,0.0,-0.01,-1,-1,-0.01,-1,-1,-0.01,-1,-1,-0.01,-1,-1,-0.01,-1,-1,-0.01,-1,-1,-0.01,-1,-1,-0.01,-1,-1,-0.01,-1,-1,-0.01,-1,-1
99926009,2026-05-18 13:32:47+05:30,53540.65,0,0.0,0,0.0,0.0,53282.15,53585.15,52783.45,53710.35,0,0.0,0.0,0.0,0.0,-0.01,-1,-1,-0.01,-1,-1,-0.01,-1,-1,-0.01,-1,-1,-0.01,-1,-1,-0.01,-1,-1,-0.01,-1,-1,-0.01,-1,-1,-0.01,-1,-1,-0.01,-1,-1
99926009,2026-05-18 13:32:47+05:30,53536.7,0,0.0,0,0.0,0.0,53282.15,53585.15,52783.45,53710.35,0,0.0,0.0,0.0,0.0,-0.01,-1,-1,-0.01,-1,-1,-0.01,-1,-1,-0.01,-1,-1,-0.01,-1,-1,-0.01,-1,-1,-0.01,-1,-1,-0.01,-1,-1,-0.01,-1,-1,-0.01,-1,-1
99926009,2026-05-18 13:32:48+05:30,53535.75,0,0.0,0,0.0,0.0,53282.15,53585.15,52783.45,53710.35,0,0.0,0.0,0.0,0.0,-0.01,-1,-1,-0.01,-1,-1,-0.01,-1,-1,-0.01,-1,-1,-0.01,-1,-1,-0.01,-1,-1,-0.01,-1,-1,-0.01,-1,-1,-0.01,-1,-1,-0.01,-1,-1
99926009,2026-05-18 13:32:48+05:30,53538.25,0,0.0,0,0.0,0.0,53282.15,53585.15,52783.45,53710.35,0,0.0,0.0,0.0,0.0,-0.01,-1,-1,-0.01,-1,-1,-0.01,-1,-1,-0.01,-1,-1,-0.01,-1,-1,-0.01,-1,-1,-0.01,-1,-1,-0.01,-1,-1,-0.01,-1,-1,-0.01,-1,-1
99926009,2026-05-18 13:32:49+05:30,53538.25,0,0.0,0,0.0,0.0,53282.15,53585.15,52783.45,53710.35,0,0.0,0.0,0.0,0.0,-0.01,-1,-1,-0.01,-1,-1,-0.01,-1,-1,-0.01,-1,-1,-0.01,-1,-1,-0.01,-1,-1,-0.01,-1,-1,-0.01,-1,-1,-0.01,-1,-1,-0.01,-1,-1
99926009,2026-05-18 13:32:49+05:30,53541.55,0,0.0,0,0.0,0.0,53282.15,53585.15,52783.45,53710.35,0,0.0,0.0,0.0,0.0,-0.01,-1,-1,-0.01,-1,-1,-0.01,-1,-1,-0.01,-1,-1,-0.01,-1,-1,-0.01,-1,-1,-0.01,-1,-1,-0.01,-1,-1,-0.01,-1,-1,-0.01,-1,-1
99926009,2026-05-18 13:32:50+05:30,53541.75,0,0.0,0,0.0,0.0,53282.15,53585.15,52783.45,53710.35,0,0.0,0.0,0.0,0.0,-0.01,-1,-1,-0.01,-1,-1,-0.01,-1,-1,-0.01,-1,-1,-0.01,-1,-1,-0.01,-1,-1,-0.01,-1,-1,-0.01,-1,-1,-0.01,-1,-1,-0.01,-1,-1
99926009,2026-05-18 13:32:50+05:30,53542.05,0,0.0,0,0.0,0.0,53282.15,53585.15,52783.45,53710.35,0,0.0,0.0,0.0,0.0,-0.01,-1,-1,-0.01,-1,-1,-0.01,-1,-1,-0.01,-1,-1,-0.01,-1,-1,-0.01,-1,-1,-0.01,-1,-1,-0.01,-1,-1,-0.01,-1,-1,-0.01,-1,-1
99926009,2026-05-18 13:32:51+05:30,53541.35,0,0.0,0,0.0,0.0,53282.15,53585.15,52783.45,53710.35,0,0.0,0.0,0.0,0.0,-0.01,-1,-1,-0.01,-1,-1,-0.01,-1,-1,-0.01,-1,-1,-0.01,-1,-1,-0.01,-1,-1,-0.01,-1,-1,-0.01,-1,-1,-0.01,-1,-1,-0.01,-1,-1
99926009,2026-05-18 13:32:51+05:30,53541.05,0,0.0,0,0.0,0.0,53282.15,53585.15,52783.45,53710.35,0,0.0,0.0,0.0,0.0,-0.01,-1,-1,-0.01,-1,-1,-0.01,-1,-1,-0.01,-1,-1,-0.01,-1,-1,-0.01,-1,-1,-0.01,-1,-1,-0.01,-1,-1,-0.01,-1,-1,-0.01,-1,-1
99926009,2026-05-18 13:32:52+05:30,53541.3,0,0.0,0,0.0,0.0,53282.15,53585.15,52783.45,53710.35,0,0.0,0.0,0.0,0.0,-0.01,-1,-1,-0.01,-1,-1,-0.01,-1,-1,-0.01,-1,-1,-0.01,-1,-1,-0.01,-1,-1,-0.01,-1,-1,-0.01,-1,-1,-0.01,-1,-1,-0.01,-1,-1
99926009,2026-05-18 13:32:52+05:30,53542.7,0,0.0,0,0.0,0.0,53282.15,53585.15,52783.45,53710.35,0,0.0,0.0,0.0,0.0,-0.01,-1,-1,-0.01,-1,-1,-0.01,-1,-1,-0.01,-1,-1,-0.01,-1,-1,-0.01,-1,-1,-0.01,-1,-1,-0.01,-1,-1,-0.01,-1,-1,-0.01,-1,-1
99926009,2026-05-18 13:32:53+05:30,53541.85,0,0.0,0,0.0,0.0,53282.15,53585.15,52783.45,53710.35,0,0.0,0.0,0.0,0.0,-0.01,-1,-1,-0.01,-1,-1,-0.01,-1,-1,-0.01,-1,-1,-0.01,-1,-1,-0.01,-1,-1,-0.01,-1,-1,-0.01,-1,-1,-0.01,-1,-1,-0.01,-1,-1
99926009,2026-05-18 13:32:53+05:30,53538.5,0,0.0,0,0.0,0.0,53282.15,53585.15,52783.45,53710.35,0,0.0,0.0,0.0,0.0,-0.01,-1,-1,-0.01,-1,-1,-0.01,-1,-1,-0.01,-1,-1,-0.01,-1,-1,-0.01,-1,-1,-0.01,-1,-1,-0.01,-1,-1,-0.01,-1,-1,-0.01,-1,-1
99926009,2026-05-18 13:32:54+05:30,53537.65,0,0.0,0,0.0,0.0,53282.15,53585.15,52783.45,53710.35,0,0.0,0.0,0.0,0.0,-0.01,-1,-1,-0.01,-1,-1,-0.01,-1,-1,-0.01,-1,-1,-0.01,-1,-1,-0.01,-1,-1,-0.01,-1,-1,-0.01,-1,-1,-0.01,-1,-1,-0.01,-1,-1
99926009,2026-05-18 13:32:54+05:30,53537.25,0,0.0,0,0.0,0.0,53282.15,53585.15,52783.45,53710.35,0,0.0,0.0,0.0,0.0,-0.01,-1,-1,-0.01,-1,-1,-0.01,-1,-1,-0.01,-1,-1,-0.01,-1,-1,-0.01,-1,-1,-0.01,-1,-1,-0.01,-1,-1,-0.01,-1,-1,-0.01,-1,-1
99926009,2026-05-18 13:32:55+05:30,53539.0,0,0.0,0,0.0,0.0,53282.15,53585.15,52783.45,53710.35,0,0.0,0.0,0.0,0.0,-0.01,-1,-1,-0.01,-1,-1,-0.01,-1,-1,-0.01,-1,-1,-0.01,-1,-1,-0.01,-1,-1,-0.01,-1,-1,-0.01,-1,-1,-0.01,-1,-1,-0.01,-1,-1
99926009,2026-05-18 13:32:55+05:30,53538.05,0,0.0,0,0.0,0.0,53282.15,53585.15,52783.45,53710.35,0,0.0,0.0,0.0,0.0,-0.01,-1,-1,-0.01,-1,-1,-0.01,-1,-1,-0.01,-1,-1,-0.01,-1,-1,-0.01,-1,-1,-0.01,-1,-1,-0.01,-1,-1,-0.01,-1,-1,-0.01,-1,-1
99926009,2026-05-18 13:32:56+05:30,53536.25,0,0.0,0,0.0,0.0,53282.15,53585.15,52783.45,53710.35,0,0.0,0.0,0.0,0.0,-0.01,-1,-1,-0.01,-1,-1,-0.01,-1,-1,-0.01,-1,-1,-0.01,-1,-1,-0.01,-1,-1,-0.01,-1,-1,-0.01,-1,-1,-0.01,-1,-1,-0.01,-1,-1
99926009,2026-05-18 13:32:56+05:30,53532.95,0,0.0,0,0.0,0.0,53282.15,53585.15,52783.45,53710.35,0,0.0,0.0,0.0,0.0,-0.01,-1,-1,-0.01,-1,-1,-0.01,-1,-1,-0.01,-1,-1,-0.01,-1,-1,-0.01,-1,-1,-0.01,-1,-1,-0.01,-1,-1,-0.01,-1,-1,-0.01,-1,-1
99926009,2026-05-18 13:32:57+05:30,53534.7,0,0.0,0,0.0,0.0,53282.15,53585.15,52783.45,53710.35,0,0.0,0.0,0.0,0.0,-0.01,-1,-1,-0.01,-1,-1,-0.01,-1,-1,-0.01,-1,-1,-0.01,-1,-1,-0.01,-1,-1,-0.01,-1,-1,-0.01,-1,-1,-0.01,-1,-1,-0.01,-1,-1
99926009,2026-05-18 13:32:57+05:30,53534.45,0,0.0,0,0.0,0.0,53282.15,53585.15,52783.45,53710.35,0,0.0,0.0,0.0,0.0,-0.01,-1,-1,-0.01,-1,-1,-0.01,-1,-1,-0.01,-1,-1,-0.01,-1,-1,-0.01,-1,-1,-0.01,-1,-1,-0.01,-1,-1,-0.01,-1,-1,-0.01,-1,-1
99926009,2026-05-18 13:32:58+05:30,53533.5,0,0.0,0,0.0,0.0,53282.15,53585.15,52783.45,53710.35,0,0.0,0.0,0.0,0.0,-0.01,-1,-1,-0.01,-1,-1,-0.01,-1,-1,-0.01,-1,-1,-0.01,-1,-1,-0.01,-1,-1,-0.01,-1,-1,-0.01,-1,-1,-0.01,-1,-1,-0.01,-1,-1
99926009,2026-05-18 13:32:58+05:30,53533.1,0,0.0,0,0.0,0.0,53282.15,53585.15,52783.45,53710.35,0,0.0,0.0,0.0,0.0,-0.01,-1,-1,-0.01,-1,-1,-0.01,-1,-1,-0.01,-1,-1,-0.01,-1,-1,-0.01,-1,-1,-0.01,-1,-1,-0.01,-1,-1,-0.01,-1,-1,-0.01,-1,-1
99926009,2026-05-18 13:32:59+05:30,53534.3,0,0.0,0,0.0,0.0,53282.15,53585.15,52783.45,53710.35,0,0.0,0.0,0.0,0.0,-0.01,-1,-1,-0.01,-1,-1,-0.01,-1,-1,-0.01,-1,-1,-0.01,-1,-1,-0.01,-1,-1,-0.01,-1,-1,-0.01,-1,-1,-0.01,-1,-1,-0.01,-1,-1
99926009,2026-05-18 13:32:59+05:30,53533.2,0,0.0,0,0.0,0.0,53282.15,53585.15,52783.45,53710.35,0,0.0,0.0,0.0,0.0,-0.01,-1,-1,-0.01,-1,-1,-0.01,-1,-1,-0.01,-1,-1,-0.01,-1,-1,-0.01,-1,-1,-0.01,-1,-1,-0.01,-1,-1,-0.01,-1,-1,-0.01,-1,-1
99926009,2026-05-18 13:33:00+05:30,53536.55,0,0.0,0,0.0,0.0,53282.15,53585.15,52783.45,53710.35,0,0.0,0.0,0.0,0.0,-0.01,-1,-1,-0.01,-1,-1,-0.01,-1,-1,-0.01,-1,-1,-0.01,-1,-1,-0.01,-1,-1,-0.01,-1,-1,-0.01,-1,-1,-0.01,-1,-1,-0.01,-1,-1
99926009,2026-05-18 13:33:00+05:30,53535.7,0,0.0,0,0.0,0.0,53282.15,53585.15,52783.45,53710.35,0,0.0,0.0,0.0,0.0,-0.01,-1,-1,-0.01,-1,-1,-0.01,-1,-1,-0.01,-1,-1,-0.01,-1,-1,-0.01,-1,-1,-0.01,-1,-1,-0.01,-1,-1,-0.01,-1,-1,-0.01,-1,-1
99926009,2026-05-18 13:33:01+05:30,53532.85,0,0.0,0,0.0,0.0,53282.15,53585.15,52783.45,53710.35,0,0.0,0.0,0.0,0.0,-0.01,-1,-1,-0.01,-1,-1,-0.01,-1,-1,-0.01,-1,-1,-0.01,-1,-1,-0.01,-1,-1,-0.01,-1,-1,-0.01,-1,-1,-0.01,-1,-1,-0.01,-1,-1
99926009,2026-05-18 13:33:01+05:30,53535.2,0,0.0,0,0.0,0.0,53282.15,53585.15,52783.45,53710.35,0,0.0,0.0,0.0,0.0,-0.01,-1,-1,-0.01,-1,-1,-0.01,-1,-1,-0.01,-1,-1,-0.01,-1,-1,-0.01,-1,-1,-0.01,-1,-1,-0.01,-1,-1,-0.01,-1,-1,-0.01,-1,-1
99926009,2026-05-18 13:33:02+05:30,53535.25,0,0.0,0,0.0,0.0,53282.15,53585.15,52783.45,53710.35,0,0.0,0.0,0.0,0.0,-0.01,-1,-1,-0.01,-1,-1,-0.01,-1,-1,-0.01,-1,-1,-0.01,-1,-1,-0.01,-1,-1,-0.01,-1,-1,-0.01,-1,-1,-0.01,-1,-1,-0.01,-1,-1
99926009,2026-05-18 13:33:02+05:30,53535.0,0,0.0,0,0.0,0.0,53282.15,53585.15,52783.45,53710.35,0,0.0,0.0,0.0,0.0,-0.01,-1,-1,-0.01,-1,-1,-0.01,-1,-1,-0.01,-1,-1,-0.01,-1,-1,-0.01,-1,-1,-0.01,-1,-1,-0.01,-1,-1,-0.01,-1,-1,-0.01,-1,-1
99926009,2026-05-18 13:33:03+05:30,53531.9,0,0.0,0,0.0,0.0,53282.15,53585.15,52783.45,53710.35,0,0.0,0.0,0.0,0.0,-0.01,-1,-1,-0.01,-1,-1,-0.01,-1,-1,-0.01,-1,-1,-0.01,-1,-1,-0.01,-1,-1,-0.01,-1,-1,-0.01,-1,-1,-0.01,-1,-1,-0.01,-1,-1
99926009,2026-05-18 13:33:03+05:30,53532.6,0,0.0,0,0.0,0.0,53282.15,53585.15,52783.45,53710.35,0,0.0,0.0,0.0,0.0,-0.01,-1,-1,-0.01,-1,-1,-0.01,-1,-1,-0.01,-1,-1,-0.01,-1,-1,-0.01,-1,-1,-0.01,-1,-1,-0.01,-1,-1,-0.01,-1,-1,-0.01,-1,-1
99926009,2026-05-18 13:33:04+05:30,53534.15,0,0.0,0,0.0,0.0,53282.15,53585.15,52783.45,53710.35,0,0.0,0.0,0.0,0.0,-0.01,-1,-1,-0.01,-1,-1,-0.01,-1,-1,-0.01,-1,-1,-0.01,-1,-1,-0.01,-1,-1,-0.01,-1,-1,-0.01,-1,-1,-0.01,-1,-1,-0.01,-1,-1
99926009,2026-05-18 13:33:04+05:30,53533.5,0,0.0,0,0.0,0.0,53282.15,53585.15,52783.45,53710.35,0,0.0,0.0,0.0,0.0,-0.01,-1,-1,-0.01,-1,-1,-0.01,-1,-1,-0.01,-1,-1,-0.01,-1,-1,-0.01,-1,-1,-0.01,-1,-1,-0.01,-1,-1,-0.01,-1,-1,-0.01,-1,-1
99926009,2026-05-18 13:33:05+05:30,53536.35,0,0.0,0,0.0,0.0,53282.15,53585.15,52783.45,53710.35,0,0.0,0.0,0.0,0.0,-0.01,-1,-1,-0.01,-1,-1,-0.01,-1,-1,-0.01,-1,-1,-0.01,-1,-1,-0.01,-1,-1,-0.01,-1,-1,-0.01,-1,-1,-0.01,-1,-1,-0.01,-1,-1
99926009,2026-05-18 13:33:05+05:30,53535.1,0,0.0,0,0.0,0.0,53282.15,53585.15,52783.45,53710.35,0,0.0,0.0,0.0,0.0,-0.01,-1,-1,-0.01,-1,-1,-0.01,-1,-1,-0.01,-1,-1,-0.01,-1,-1,-0.01,-1,-1,-0.01,-1,-1,-0.01,-1,-1,-0.01,-1,-1,-0.01,-1,-1
99926009,2026-05-18 13:33:06+05:30,53534.25,0,0.0,0,0.0,0.0,53282.15,53585.15,52783.45,53710.35,0,0.0,0.0,0.0,0.0,-0.01,-1,-1,-0.01,-1,-1,-0.01,-1,-1,-0.01,-1,-1,-0.01,-1,-1,-0.01,-1,-1,-0.01,-1,-1,-0.01,-1,-1,-0.01,-1,-1,-0.01,-1,-1
99926009,2026-05-18 13:33:06+05:30,53532.25,0,0.0,0,0.0,0.0,53282.15,53585.15,52783.45,53710.35,0,0.0,0.0,0.0,0.0,-0.01,-1,-1,-0.01,-1,-1,-0.01,-1,-1,-0.01,-1,-1,-0.01,-1,-1,-0.01,-1,-1,-0.01,-1,-1,-0.01,-1,-1,-0.01,-1,-1,-0.01,-1,-1
99926009,2026-05-18 13:33:07+05:30,53533.45,0,0.0,0,0.0,0.0,53282.15,53585.15,52783.45,53710.35,0,0.0,0.0,0.0,0.0,-0.01,-1,-1,-0.01,-1,-1,-0.01,-1,-1,-0.01,-1,-1,-0.01,-1,-1,-0.01,-1,-1,-0.01,-1,-1,-0.01,-1,-1,-0.01,-1,-1,-0.01,-1,-1
99926009,2026-05-18 13:33:07+05:30,53534.3,0,0.0,0,0.0,0.0,53282.15,53585.15,52783.45,53710.35,0,0.0,0.0,0.0,0.0,-0.01,-1,-1,-0.01,-1,-1,-0.01,-1,-1,-0.01,-1,-1,-0.01,-1,-1,-0.01,-1,-1,-0.01,-1,-1,-0.01,-1,-1,-0.01,-1,-1,-0.01,-1,-1
99926009,2026-05-18 13:33:08+05:30,53533.55,0,0.0,0,0.0,0.0,53282.15,53585.15,52783.45,53710.35,0,0.0,0.0,0.0,0.0,-0.01,-1,-1,-0.01,-1,-1,-0.01,-1,-1,-0.01,-1,-1,-0.01,-1,-1,-0.01,-1,-1,-0.01,-1,-1,-0.01,-1,-1,-0.01,-1,-1,-0.01,-1,-1
99926009,2026-05-18 13:33:08+05:30,53534.3,0,0.0,0,0.0,0.0,53282.15,53585.15,52783.45,53710.35,0,0.0,0.0,0.0,0.0,-0.01,-1,-1,-0.01,-1,-1,-0.01,-1,-1,-0.01,-1,-1,-0.01,-1,-1,-0.01,-1,-1,-0.01,-1,-1,-0.01,-1,-1,-0.01,-1,-1,-0.01,-1,-1
99926009,2026-05-18 13:33:09+05:30,53536.9,0,0.0,0,0.0,0.0,53282.15,53585.15,52783.45,53710.35,0,0.0,0.0,0.0,0.0,-0.01,-1,-1,-0.01,-1,-1,-0.01,-1,-1,-0.01,-1,-1,-0.01,-1,-1,-0.01,-1,-1,-0.01,-1,-1,-0.01,-1,-1,-0.01,-1,-1,-0.01,-1,-1
99926009,2026-05-18 13:33:09+05:30,53538.25,0,0.0,0,0.0,0.0,53282.15,53585.15,52783.45,53710.35,0,0.0,0.0,0.0,0.0,-0.01,-1,-1,-0.01,-1,-1,-0.01,-1,-1,-0.01,-1,-1,-0.01,-1,-1,-0.01,-1,-1,-0.01,-1,-1,-0.01,-1,-1,-0.01,-1,-1,-0.01,-1,-1
99926009,2026-05-18 13:33:10+05:30,53537.4,0,0.0,0,0.0,0.0,53282.15,53585.15,52783.45,53710.35,0,0.0,0.0,0.0,0.0,-0.01,-1,-1,-0.01,-1,-1,-0.01,-1,-1,-0.01,-1,-1,-0.01,-1,-1,-0.01,-1,-1,-0.01,-1,-1,-0.01,-1,-1,-0.01,-1,-1,-0.01,-1,-1
99926009,2026-05-18 13:33:10+05:30,53536.85,0,0.0,0,0.0,0.0,53282.15,53585.15,52783.45,53710.35,0,0.0,0.0,0.0,0.0,-0.01,-1,-1,-0.01,-1,-1,-0.01,-1,-1,-0.01,-1,-1,-0.01,-1,-1,-0.01,-1,-1,-0.01,-1,-1,-0.01,-1,-1,-0.01,-1,-1,-0.01,-1,-1
99926009,2026-05-18 13:33:11+05:30,53528.9,0,0.0,0,0.0,0.0,53282.15,53585.15,52783.45,53710.35,0,0.0,0.0,0.0,0.0,-0.01,-1,-1,-0.01,-1,-1,-0.01,-1,-1,-0.01,-1,-1,-0.01,-1,-1,-0.01,-1,-1,-0.01,-1,-1,-0.01,-1,-1,-0.01,-1,-1,-0.01,-1,-1
99926009,2026-05-18 13:33:11+05:30,53523.55,0,0.0,0,0.0,0.0,53282.15,53585.15,52783.45,53710.35,0,0.0,0.0,0.0,0.0,-0.01,-1,-1,-0.01,-1,-1,-0.01,-1,-1,-0.01,-1,-1,-0.01,-1,-1,-0.01,-1,-1,-0.01,-1,-1,-0.01,-1,-1,-0.01,-1,-1,-0.01,-1,-1
99926009,2026-05-18 13:33:12+05:30,53521.4,0,0.0,0,0.0,0.0,53282.15,53585.15,52783.45,53710.35,0,0.0,0.0,0.0,0.0,-0.01,-1,-1,-0.01,-1,-1,-0.01,-1,-1,-0.01,-1,-1,-0.01,-1,-1,-0.01,-1,-1,-0.01,-1,-1,-0.01,-1,-1,-0.01,-1,-1,-0.01,-1,-1
99926009,2026-05-18 13:33:12+05:30,53525.95,0,0.0,0,0.0,0.0,53282.15,53585.15,52783.45,53710.35,0,0.0,0.0,0.0,0.0,-0.01,-1,-1,-0.01,-1,-1,-0.01,-1,-1,-0.01,-1,-1,-0.01,-1,-1,-0.01,-1,-1,-0.01,-1,-1,-0.01,-1,-1,-0.01,-1,-1,-0.01,-1,-1
99926009,2026-05-18 13:33:13+05:30,53521.65,0,0.0,0,0.0,0.0,53282.15,53585.15,52783.45,53710.35,0,0.0,0.0,0.0,0.0,-0.01,-1,-1,-0.01,-1,-1,-0.01,-1,-1,-0.01,-1,-1,-0.01,-1,-1,-0.01,-1,-1,-0.01,-1,-1,-0.01,-1,-1,-0.01,-1,-1,-0.01,-1,-1
99926009,2026-05-18 13:33:13+05:30,53524.0,0,0.0,0,0.0,0.0,53282.15,53585.15,52783.45,53710.35,0,0.0,0.0,0.0,0.0,-0.01,-1,-1,-0.01,-1,-1,-0.01,-1,-1,-0.01,-1,-1,-0.01,-1,-1,-0.01,-1,-1,-0.01,-1,-1,-0.01,-1,-1,-0.01,-1,-1,-0.01,-1,-1
99926009,2026-05-18 13:33:14+05:30,53525.8,0,0.0,0,0.0,0.0,53282.15,53585.15,52783.45,53710.35,0,0.0,0.0,0.0,0.0,-0.01,-1,-1,-0.01,-1,-1,-0.01,-1,-1,-0.01,-1,-1,-0.01,-1,-1,-0.01,-1,-1,-0.01,-1,-1,-0.01,-1,-1,-0.01,-1,-1,-0.01,-1,-1
99926009,2026-05-18 13:33:14+05:30,53524.55,0,0.0,0,0.0,0.0,53282.15,53585.15,52783.45,53710.35,0,0.0,0.0,0.0,0.0,-0.01,-1,-1,-0.01,-1,-1,-0.01,-1,-1,-0.01,-1,-1,-0.01,-1,-1,-0.01,-1,-1,-0.01,-1,-1,-0.01,-1,-1,-0.01,-1,-1,-0.01,-1,-1
99926009,2026-05-18 13:33:15+05:30,53525.6,0,0.0,0,0.0,0.0,53282.15,53585.15,52783.45,53710.35,0,0.0,0.0,0.0,0.0,-0.01,-1,-1,-0.01,-1,-1,-0.01,-1,-1,-0.01,-1,-1,-0.01,-1,-1,-0.01,-1,-1,-0.01,-1,-1,-0.01,-1,-1,-0.01,-1,-1,-0.01,-1,-1
99926009,2026-05-18 13:33:15+05:30,53523.5,0,0.0,0,0.0,0.0,53282.15,53585.15,52783.45,53710.35,0,0.0,0.0,0.0,0.0,-0.01,-1,-1,-0.01,-1,-1,-0.01,-1,-1,-0.01,-1,-1,-0.01,-1,-1,-0.01,-1,-1,-0.01,-1,-1,-0.01,-1,-1,-0.01,-1,-1,-0.01,-1,-1
99926009,2026-05-18 13:33:16+05:30,53522.45,0,0.0,0,0.0,0.0,53282.15,53585.15,52783.45,53710.35,0,0.0,0.0,0.0,0.0,-0.01,-1,-1,-0.01,-1,-1,-0.01,-1,-1,-0.01,-1,-1,-0.01,-1,-1,-0.01,-1,-1,-0.01,-1,-1,-0.01,-1,-1,-0.01,-1,-1,-0.01,-1,-1
99926009,2026-05-18 13:33:16+05:30,53523.55,0,0.0,0,0.0,0.0,53282.15,53585.15,52783.45,53710.35,0,0.0,0.0,0.0,0.0,-0.01,-1,-1,-0.01,-1,-1,-0.01,-1,-1,-0.01,-1,-1,-0.01,-1,-1,-0.01,-1,-1,-0.01,-1,-1,-0.01,-1,-1,-0.01,-1,-1,-0.01,-1,-1
99926009,2026-05-18 13:33:17+05:30,53520.9,0,0.0,0,0.0,0.0,53282.15,53585.15,52783.45,53710.35,0,0.0,0.0,0.0,0.0,-0.01,-1,-1,-0.01,-1,-1,-0.01,-1,-1,-0.01,-1,-1,-0.01,-1,-1,-0.01,-1,-1,-0.01,-1,-1,-0.01,-1,-1,-0.01,-1,-1,-0.01,-1,-1
99926009,2026-05-18 13:33:17+05:30,53524.35,0,0.0,0,0.0,0.0,53282.15,53585.15,52783.45,53710.35,0,0.0,0.0,0.0,0.0,-0.01,-1,-1,-0.01,-1,-1,-0.01,-1,-1,-0.01,-1,-1,-0.01,-1,-1,-0.01,-1,-1,-0.01,-1,-1,-0.01,-1,-1,-0.01,-1,-1,-0.01,-1,-1
99926009,2026-05-18 13:33:18+05:30,53523.45,0,0.0,0,0.0,0.0,53282.15,53585.15,52783.45,53710.35,0,0.0,0.0,0.0,0.0,-0.01,-1,-1,-0.01,-1,-1,-0.01,-1,-1,-0.01,-1,-1,-0.01,-1,-1,-0.01,-1,-1,-0.01,-1,-1,-0.01,-1,-1,-0.01,-1,-1,-0.01,-1,-1
99926009,2026-05-18 13:33:18+05:30,53521.8,0,0.0,0,0.0,0.0,53282.15,53585.15,52783.45,53710.35,0,0.0,0.0,0.0,0.0,-0.01,-1,-1,-0.01,-1,-1,-0.01,-1,-1,-0.01,-1,-1,-0.01,-1,-1,-0.01,-1,-1,-0.01,-1,-1,-0.01,-1,-1,-0.01,-1,-1,-0.01,-1,-1
99926009,2026-05-18 13:33:19+05:30,53523.6,0,0.0,0,0.0,0.0,53282.15,53585.15,52783.45,53710.35,0,0.0,0.0,0.0,0.0,-0.01,-1,-1,-0.01,-1,-1,-0.01,-1,-1,-0.01,-1,-1,-0.01,-1,-1,-0.01,-1,-1,-0.01,-1,-1,-0.01,-1,-1,-0.01,-1,-1,-0.01,-1,-1
99926009,2026-05-18 13:33:19+05:30,53520.4,0,0.0,0,0.0,0.0,53282.15,53585.15,52783.45,53710.35,0,0.0,0.0,0.0,0.0,-0.01,-1,-1,-0.01,-1,-1,-0.01,-1,-1,-0.01,-1,-1,-0.01,-1,-1,-0.01,-1,-1,-0.01,-1,-1,-0.01,-1,-1,-0.01,-1,-1,-0.01,-1,-1
99926009,2026-05-18 13:33:20+05:30,53522.3,0,0.0,0,0.0,0.0,53282.15,53585.15,52783.45,53710.35,0,0.0,0.0,0.0,0.0,-0.01,-1,-1,-0.01,-1,-1,-0.01,-1,-1,-0.01,-1,-1,-0.01,-1,-1,-0.01,-1,-1,-0.01,-1,-1,-0.01,-1,-1,-0.01,-1,-1,-0.01,-1,-1
99926009,2026-05-18 13:33:20+05:30,53523.1,0,0.0,0,0.0,0.0,53282.15,53585.15,52783.45,53710.35,0,0.0,0.0,0.0,0.0,-0.01,-1,-1,-0.01,-1,-1,-0.01,-1,-1,-0.01,-1,-1,-0.01,-1,-1,-0.01,-1,-1,-0.01,-1,-1,-0.01,-1,-1,-0.01,-1,-1,-0.01,-1,-1
99926009,2026-05-18 13:33:21+05:30,53522.45,0,0.0,0,0.0,0.0,53282.15,53585.15,52783.45,53710.35,0,0.0,0.0,0.0,0.0,-0.01,-1,-1,-0.01,-1,-1,-0.01,-1,-1,-0.01,-1,-1,-0.01,-1,-1,-0.01,-1,-1,-0.01,-1,-1,-0.01,-1,-1,-0.01,-1,-1,-0.01,-1,-1
99926009,2026-05-18 13:33:21+05:30,53523.15,0,0.0,0,0.0,0.0,53282.15,53585.15,52783.45,53710.35,0,0.0,0.0,0.0,0.0,-0.01,-1,-1,-0.01,-1,-1,-0.01,-1,-1,-0.01,-1,-1,-0.01,-1,-1,-0.01,-1,-1,-0.01,-1,-1,-0.01,-1,-1,-0.01,-1,-1,-0.01,-1,-1
99926009,2026-05-18 13:33:22+05:30,53524.2,0,0.0,0,0.0,0.0,53282.15,53585.15,52783.45,53710.35,0,0.0,0.0,0.0,0.0,-0.01,-1,-1,-0.01,-1,-1,-0.01,-1,-1,-0.01,-1,-1,-0.01,-1,-1,-0.01,-1,-1,-0.01,-1,-1,-0.01,-1,-1,-0.01,-1,-1,-0.01,-1,-1
99926009,2026-05-18 13:33:22+05:30,53523.75,0,0.0,0,0.0,0.0,53282.15,53585.15,52783.45,53710.35,0,0.0,0.0,0.0,0.0,-0.01,-1,-1,-0.01,-1,-1,-0.01,-1,-1,-0.01,-1,-1,-0.01,-1,-1,-0.01,-1,-1,-0.01,-1,-1,-0.01,-1,-1,-0.01,-1,-1,-0.01,-1,-1
99926009,2026-05-18 13:33:23+05:30,53522.65,0,0.0,0,0.0,0.0,53282.15,53585.15,52783.45,53710.35,0,0.0,0.0,0.0,0.0,-0.01,-1,-1,-0.01,-1,-1,-0.01,-1,-1,-0.01,-1,-1,-0.01,-1,-1,-0.01,-1,-1,-0.01,-1,-1,-0.01,-1,-1,-0.01,-1,-1,-0.01,-1,-1
99926009,2026-05-18 13:33:23+05:30,53521.65,0,0.0,0,0.0,0.0,53282.15,53585.15,52783.45,53710.35,0,0.0,0.0,0.0,0.0,-0.01,-1,-1,-0.01,-1,-1,-0.01,-1,-1,-0.01,-1,-1,-0.01,-1,-1,-0.01,-1,-1,-0.01,-1,-1,-0.01,-1,-1,-0.01,-1,-1,-0.01,-1,-1
99926009,2026-05-18 13:33:24+05:30,53523.1,0,0.0,0,0.0,0.0,53282.15,53585.15,52783.45,53710.35,0,0.0,0.0,0.0,0.0,-0.01,-1,-1,-0.01,-1,-1,-0.01,-1,-1,-0.01,-1,-1,-0.01,-1,-1,-0.01,-1,-1,-0.01,-1,-1,-0.01,-1,-1,-0.01,-1,-1,-0.01,-1,-1
99926009,2026-05-18 13:33:24+05:30,53526.0,0,0.0,0,0.0,0.0,53282.15,53585.15,52783.45,53710.35,0,0.0,0.0,0.0,0.0,-0.01,-1,-1,-0.01,-1,-1,-0.01,-1,-1,-0.01,-1,-1,-0.01,-1,-1,-0.01,-1,-1,-0.01,-1,-1,-0.01,-1,-1,-0.01,-1,-1,-0.01,-1,-1
99926009,2026-05-18 13:33:25+05:30,53526.45,0,0.0,0,0.0,0.0,53282.15,53585.15,52783.45,53710.35,0,0.0,0.0,0.0,0.0,-0.01,-1,-1,-0.01,-1,-1,-0.01,-1,-1,-0.01,-1,-1,-0.01,-1,-1,-0.01,-1,-1,-0.01,-1,-1,-0.01,-1,-1,-0.01,-1,-1,-0.01,-1,-1
99926009,2026-05-18 13:33:25+05:30,53526.15,0,0.0,0,0.0,0.0,53282.15,53585.15,52783.45,53710.35,0,0.0,0.0,0.0,0.0,-0.01,-1,-1,-0.01,-1,-1,-0.01,-1,-1,-0.01,-1,-1,-0.01,-1,-1,-0.01,-1,-1,-0.01,-1,-1,-0.01,-1,-1,-0.01,-1,-1,-0.01,-1,-1
99926009,2026-05-18 13:33:26+05:30,53525.5,0,0.0,0,0.0,0.0,53282.15,53585.15,52783.45,53710.35,0,0.0,0.0,0.0,0.0,-0.01,-1,-1,-0.01,-1,-1,-0.01,-1,-1,-0.01,-1,-1,-0.01,-1,-1,-0.01,-1,-1,-0.01,-1,-1,-0.01,-1,-1,-0.01,-1,-1,-0.01,-1,-1
99926009,2026-05-18 13:33:26+05:30,53527.75,0,0.0,0,0.0,0.0,53282.15,53585.15,52783.45,53710.35,0,0.0,0.0,0.0,0.0,-0.01,-1,-1,-0.01,-1,-1,-0.01,-1,-1,-0.01,-1,-1,-0.01,-1,-1,-0.01,-1,-1,-0.01,-1,-1,-0.01,-1,-1,-0.01,-1,-1,-0.01,-1,-1
99926009,2026-05-18 13:33:27+05:30,53527.0,0,0.0,0,0.0,0.0,53282.15,53585.15,52783.45,53710.35,0,0.0,0.0,0.0,0.0,-0.01,-1,-1,-0.01,-1,-1,-0.01,-1,-1,-0.01,-1,-1,-0.01,-1,-1,-0.01,-1,-1,-0.01,-1,-1,-0.01,-1,-1,-0.01,-1,-1,-0.01,-1,-1
99926009,2026-05-18 13:33:27+05:30,53526.55,0,0.0,0,0.0,0.0,53282.15,53585.15,52783.45,53710.35,0,0.0,0.0,0.0,0.0,-0.01,-1,-1,-0.01,-1,-1,-0.01,-1,-1,-0.01,-1,-1,-0.01,-1,-1,-0.01,-1,-1,-0.01,-1,-1,-0.01,-1,-1,-0.01,-1,-1,-0.01,-1,-1
99926009,2026-05-18 13:33:28+05:30,53527.0,0,0.0,0,0.0,0.0,53282.15,53585.15,52783.45,53710.35,0,0.0,0.0,0.0,0.0,-0.01,-1,-1,-0.01,-1,-1,-0.01,-1,-1,-0.01,-1,-1,-0.01,-1,-1,-0.01,-1,-1,-0.01,-1,-1,-0.01,-1,-1,-0.01,-1,-1,-0.01,-1,-1
99926009,2026-05-18 13:33:28+05:30,53528.95,0,0.0,0,0.0,0.0,53282.15,53585.15,52783.45,53710.35,0,0.0,0.0,0.0,0.0,-0.01,-1,-1,-0.01,-1,-1,-0.01,-1,-1,-0.01,-1,-1,-0.01,-1,-1,-0.01,-1,-1,-0.01,-1,-1,-0.01,-1,-1,-0.01,-1,-1,-0.01,-1,-1
99926009,2026-05-18 13:33:29+05:30,53530.1,0,0.0,0,0.0,0.0,53282.15,53585.15,52783.45,53710.35,0,0.0,0.0,0.0,0.0,-0.01,-1,-1,-0.01,-1,-1,-0.01,-1,-1,-0.01,-1,-1,-0.01,-1,-1,-0.01,-1,-1,-0.01,-1,-1,-0.01,-1,-1,-0.01,-1,-1,-0.01,-1,-1
99926009,2026-05-18 13:33:29+05:30,53529.55,0,0.0,0,0.0,0.0,53282.15,53585.15,52783.45,53710.35,0,0.0,0.0,0.0,0.0,-0.01,-1,-1,-0.01,-1,-1,-0.01,-1,-1,-0.01,-1,-1,-0.01,-1,-1,-0.01,-1,-1,-0.01,-1,-1,-0.01,-1,-1,-0.01,-1,-1,-0.01,-1,-1
99926009,2026-05-18 13:33:30+05:30,53530.05,0,0.0,0,0.0,0.0,53282.15,53585.15,52783.45,53710.35,0,0.0,0.0,0.0,0.0,-0.01,-1,-1,-0.01,-1,-1,-0.01,-1,-1,-0.01,-1,-1,-0.01,-1,-1,-0.01,-1,-1,-0.01,-1,-1,-0.01,-1,-1,-0.01,-1,-1,-0.01,-1,-1
99926009,2026-05-18 13:33:30+05:30,53526.55,0,0.0,0,0.0,0.0,53282.15,53585.15,52783.45,53710.35,0,0.0,0.0,0.0,0.0,-0.01,-1,-1,-0.01,-1,-1,-0.01,-1,-1,-0.01,-1,-1,-0.01,-1,-1,-0.01,-1,-1,-0.01,-1,-1,-0.01,-1,-1,-0.01,-1,-1,-0.01,-1,-1
99926009,2026-05-18 13:33:31+05:30,53525.55,0,0.0,0,0.0,0.0,53282.15,53585.15,52783.45,53710.35,0,0.0,0.0,0.0,0.0,-0.01,-1,-1,-0.01,-1,-1,-0.01,-1,-1,-0.01,-1,-1,-0.01,-1,-1,-0.01,-1,-1,-0.01,-1,-1,-0.01,-1,-1,-0.01,-1,-1,-0.01,-1,-1
99926009,2026-05-18 13:33:31+05:30,53528.4,0,0.0,0,0.0,0.0,53282.15,53585.15,52783.45,53710.35,0,0.0,0.0,0.0,0.0,-0.01,-1,-1,-0.01,-1,-1,-0.01,-1,-1,-0.01,-1,-1,-0.01,-1,-1,-0.01,-1,-1,-0.01,-1,-1,-0.01,-1,-1,-0.01,-1,-1,-0.01,-1,-1
99926009,2026-05-18 13:33:32+05:30,53528.9,0,0.0,0,0.0,0.0,53282.15,53585.15,52783.45,53710.35,0,0.0,0.0,0.0,0.0,-0.01,-1,-1,-0.01,-1,-1,-0.01,-1,-1,-0.01,-1,-1,-0.01,-1,-1,-0.01,-1,-1,-0.01,-1,-1,-0.01,-1,-1,-0.01,-1,-1,-0.01,-1,-1
99926009,2026-05-18 13:33:32+05:30,53527.1,0,0.0,0,0.0,0.0,53282.15,53585.15,52783.45,53710.35,0,0.0,0.0,0.0,0.0,-0.01,-1,-1,-0.01,-1,-1,-0.01,-1,-1,-0.01,-1,-1,-0.01,-1,-1,-0.01,-1,-1,-0.01,-1,-1,-0.01,-1,-1,-0.01,-1,-1,-0.01,-1,-1
99926009,2026-05-18 13:33:33+05:30,53526.1,0,0.0,0,0.0,0.0,53282.15,53585.15,52783.45,53710.35,0,0.0,0.0,0.0,0.0,-0.01,-1,-1,-0.01,-1,-1,-0.01,-1,-1,-0.01,-1,-1,-0.01,-1,-1,-0.01,-1,-1,-0.01,-1,-1,-0.01,-1,-1,-0.01,-1,-1,-0.01,-1,-1
99926009,2026-05-18 13:33:33+05:30,53527.65,0,0.0,0,0.0,0.0,53282.15,53585.15,52783.45,53710.35,0,0.0,0.0,0.0,0.0,-0.01,-1,-1,-0.01,-1,-1,-0.01,-1,-1,-0.01,-1,-1,-0.01,-1,-1,-0.01,-1,-1,-0.01,-1,-1,-0.01,-1,-1,-0.01,-1,-1,-0.01,-1,-1
99926009,2026-05-18 13:33:34+05:30,53528.8,0,0.0,0,0.0,0.0,53282.15,53585.15,52783.45,53710.35,0,0.0,0.0,0.0,0.0,-0.01,-1,-1,-0.01,-1,-1,-0.01,-1,-1,-0.01,-1,-1,-0.01,-1,-1,-0.01,-1,-1,-0.01,-1,-1,-0.01,-1,-1,-0.01,-1,-1,-0.01,-1,-1
99926009,2026-05-18 13:33:34+05:30,53528.15,0,0.0,0,0.0,0.0,53282.15,53585.15,52783.45,53710.35,0,0.0,0.0,0.0,0.0,-0.01,-1,-1,-0.01,-1,-1,-0.01,-1,-1,-0.01,-1,-1,-0.01,-1,-1,-0.01,-1,-1,-0.01,-1,-1,-0.01,-1,-1,-0.01,-1,-1,-0.01,-1,-1
99926009,2026-05-18 13:33:35+05:30,53526.7,0,0.0,0,0.0,0.0,53282.15,53585.15,52783.45,53710.35,0,0.0,0.0,0.0,0.0,-0.01,-1,-1,-0.01,-1,-1,-0.01,-1,-1,-0.01,-1,-1,-0.01,-1,-1,-0.01,-1,-1,-0.01,-1,-1,-0.01,-1,-1,-0.01,-1,-1,-0.01,-1,-1
99926009,2026-05-18 13:33:35+05:30,53529.85,0,0.0,0,0.0,0.0,53282.15,53585.15,52783.45,53710.35,0,0.0,0.0,0.0,0.0,-0.01,-1,-1,-0.01,-1,-1,-0.01,-1,-1,-0.01,-1,-1,-0.01,-1,-1,-0.01,-1,-1,-0.01,-1,-1,-0.01,-1,-1,-0.01,-1,-1,-0.01,-1,-1
99926009,2026-05-18 13:33:36+05:30,53526.15,0,0.0,0,0.0,0.0,53282.15,53585.15,52783.45,53710.35,0,0.0,0.0,0.0,0.0,-0.01,-1,-1,-0.01,-1,-1,-0.01,-1,-1,-0.01,-1,-1,-0.01,-1,-1,-0.01,-1,-1,-0.01,-1,-1,-0.01,-1,-1,-0.01,-1,-1,-0.01,-1,-1
99926009,2026-05-18 13:33:36+05:30,53527.0,0,0.0,0,0.0,0.0,53282.15,53585.15,52783.45,53710.35,0,0.0,0.0,0.0,0.0,-0.01,-1,-1,-0.01,-1,-1,-0.01,-1,-1,-0.01,-1,-1,-0.01,-1,-1,-0.01,-1,-1,-0.01,-1,-1,-0.01,-1,-1,-0.01,-1,-1,-0.01,-1,-1
99926009,2026-05-18 13:33:37+05:30,53527.25,0,0.0,0,0.0,0.0,53282.15,53585.15,52783.45,53710.35,0,0.0,0.0,0.0,0.0,-0.01,-1,-1,-0.01,-1,-1,-0.01,-1,-1,-0.01,-1,-1,-0.01,-1,-1,-0.01,-1,-1,-0.01,-1,-1,-0.01,-1,-1,-0.01,-1,-1,-0.01,-1,-1
99926009,2026-05-18 13:33:37+05:30,53529.5,0,0.0,0,0.0,0.0,53282.15,53585.15,52783.45,53710.35,0,0.0,0.0,0.0,0.0,-0.01,-1,-1,-0.01,-1,-1,-0.01,-1,-1,-0.01,-1,-1,-0.01,-1,-1,-0.01,-1,-1,-0.01,-1,-1,-0.01,-1,-1,-0.01,-1,-1,-0.01,-1,-1
99926009,2026-05-18 13:33:38+05:30,53527.75,0,0.0,0,0.0,0.0,53282.15,53585.15,52783.45,53710.35,0,0.0,0.0,0.0,0.0,-0.01,-1,-1,-0.01,-1,-1,-0.01,-1,-1,-0.01,-1,-1,-0.01,-1,-1,-0.01,-1,-1,-0.01,-1,-1,-0.01,-1,-1,-0.01,-1,-1,-0.01,-1,-1
99926009,2026-05-18 13:33:38+05:30,53528.5,0,0.0,0,0.0,0.0,53282.15,53585.15,52783.45,53710.35,0,0.0,0.0,0.0,0.0,-0.01,-1,-1,-0.01,-1,-1,-0.01,-1,-1,-0.01,-1,-1,-0.01,-1,-1,-0.01,-1,-1,-0.01,-1,-1,-0.01,-1,-1,-0.01,-1,-1,-0.01,-1,-1
99926009,2026-05-18 13:33:39+05:30,53523.35,0,0.0,0,0.0,0.0,53282.15,53585.15,52783.45,53710.35,0,0.0,0.0,0.0,0.0,-0.01,-1,-1,-0.01,-1,-1,-0.01,-1,-1,-0.01,-1,-1,-0.01,-1,-1,-0.01,-1,-1,-0.01,-1,-1,-0.01,-1,-1,-0.01,-1,-1,-0.01,-1,-1
99926009,2026-05-18 13:33:39+05:30,53528.95,0,0.0,0,0.0,0.0,53282.15,53585.15,52783.45,53710.35,0,0.0,0.0,0.0,0.0,-0.01,-1,-1,-0.01,-1,-1,-0.01,-1,-1,-0.01,-1,-1,-0.01,-1,-1,-0.01,-1,-1,-0.01,-1,-1,-0.01,-1,-1,-0.01,-1,-1,-0.01,-1,-1
99926009,2026-05-18 13:33:40+05:30,53526.0,0,0.0,0,0.0,0.0,53282.15,53585.15,52783.45,53710.35,0,0.0,0.0,0.0,0.0,-0.01,-1,-1,-0.01,-1,-1,-0.01,-1,-1,-0.01,-1,-1,-0.01,-1,-1,-0.01,-1,-1,-0.01,-1,-1,-0.01,-1,-1,-0.01,-1,-1,-0.01,-1,-1
99926009,2026-05-18 13:33:40+05:30,53524.55,0,0.0,0,0.0,0.0,53282.15,53585.15,52783.45,53710.35,0,0.0,0.0,0.0,0.0,-0.01,-1,-1,-0.01,-1,-1,-0.01,-1,-1,-0.01,-1,-1,-0.01,-1,-1,-0.01,-1,-1,-0.01,-1,-1,-0.01,-1,-1,-0.01,-1,-1,-0.01,-1,-1
99926009,2026-05-18 13:33:41+05:30,53524.05,0,0.0,0,0.0,0.0,53282.15,53585.15,52783.45,53710.35,0,0.0,0.0,0.0,0.0,-0.01,-1,-1,-0.01,-1,-1,-0.01,-1,-1,-0.01,-1,-1,-0.01,-1,-1,-0.01,-1,-1,-0.01,-1,-1,-0.01,-1,-1,-0.01,-1,-1,-0.01,-1,-1
99926009,2026-05-18 13:33:41+05:30,53522.55,0,0.0,0,0.0,0.0,53282.15,53585.15,52783.45,53710.35,0,0.0,0.0,0.0,0.0,-0.01,-1,-1,-0.01,-1,-1,-0.01,-1,-1,-0.01,-1,-1,-0.01,-1,-1,-0.01,-1,-1,-0.01,-1,-1,-0.01,-1,-1,-0.01,-1,-1,-0.01,-1,-1
99926009,2026-05-18 13:33:42+05:30,53520.75,0,0.0,0,0.0,0.0,53282.15,53585.15,52783.45,53710.35,0,0.0,0.0,0.0,0.0,-0.01,-1,-1,-0.01,-1,-1,-0.01,-1,-1,-0.01,-1,-1,-0.01,-1,-1,-0.01,-1,-1,-0.01,-1,-1,-0.01,-1,-1,-0.01,-1,-1,-0.01,-1,-1
99926009,2026-05-18 13:33:42+05:30,53519.65,0,0.0,0,0.0,0.0,53282.15,53585.15,52783.45,53710.35,0,0.0,0.0,0.0,0.0,-0.01,-1,-1,-0.01,-1,-1,-0.01,-1,-1,-0.01,-1,-1,-0.01,-1,-1,-0.01,-1,-1,-0.01,-1,-1,-0.01,-1,-1,-0.01,-1,-1,-0.01,-1,-1
99926009,2026-05-18 13:33:43+05:30,53519.25,0,0.0,0,0.0,0.0,53282.15,53585.15,52783.45,53710.35,0,0.0,0.0,0.0,0.0,-0.01,-1,-1,-0.01,-1,-1,-0.01,-1,-1,-0.01,-1,-1,-0.01,-1,-1,-0.01,-1,-1,-0.01,-1,-1,-0.01,-1,-1,-0.01,-1,-1,-0.01,-1,-1
99926009,2026-05-18 13:33:43+05:30,53514.85,0,0.0,0,0.0,0.0,53282.15,53585.15,52783.45,53710.35,0,0.0,0.0,0.0,0.0,-0.01,-1,-1,-0.01,-1,-1,-0.01,-1,-1,-0.01,-1,-1,-0.01,-1,-1,-0.01,-1,-1,-0.01,-1,-1,-0.01,-1,-1,-0.01,-1,-1,-0.01,-1,-1
99926009,2026-05-18 13:33:44+05:30,53515.35,0,0.0,0,0.0,0.0,53282.15,53585.15,52783.45,53710.35,0,0.0,0.0,0.0,0.0,-0.01,-1,-1,-0.01,-1,-1,-0.01,-1,-1,-0.01,-1,-1,-0.01,-1,-1,-0.01,-1,-1,-0.01,-1,-1,-0.01,-1,-1,-0.01,-1,-1,-0.01,-1,-1
99926009,2026-05-18 13:33:44+05:30,53517.4,0,0.0,0,0.0,0.0,53282.15,53585.15,52783.45,53710.35,0,0.0,0.0,0.0,0.0,-0.01,-1,-1,-0.01,-1,-1,-0.01,-1,-1,-0.01,-1,-1,-0.01,-1,-1,-0.01,-1,-1,-0.01,-1,-1,-0.01,-1,-1,-0.01,-1,-1,-0.01,-1,-1
99926009,2026-05-18 13:33:45+05:30,53515.05,0,0.0,0,0.0,0.0,53282.15,53585.15,52783.45,53710.35,0,0.0,0.0,0.0,0.0,-0.01,-1,-1,-0.01,-1,-1,-0.01,-1,-1,-0.01,-1,-1,-0.01,-1,-1,-0.01,-1,-1,-0.01,-1,-1,-0.01,-1,-1,-0.01,-1,-1,-0.01,-1,-1
99926009,2026-05-18 13:33:45+05:30,53513.9,0,0.0,0,0.0,0.0,53282.15,53585.15,52783.45,53710.35,0,0.0,0.0,0.0,0.0,-0.01,-1,-1,-0.01,-1,-1,-0.01,-1,-1,-0.01,-1,-1,-0.01,-1,-1,-0.01,-1,-1,-0.01,-1,-1,-0.01,-1,-1,-0.01,-1,-1,-0.01,-1,-1
99926009,2026-05-18 13:33:46+05:30,53514.05,0,0.0,0,0.0,0.0,53282.15,53585.15,52783.45,53710.35,0,0.0,0.0,0.0,0.0,-0.01,-1,-1,-0.01,-1,-1,-0.01,-1,-1,-0.01,-1,-1,-0.01,-1,-1,-0.01,-1,-1,-0.01,-1,-1,-0.01,-1,-1,-0.01,-1,-1,-0.01,-1,-1
99926009,2026-05-18 13:33:46+05:30,53512.85,0,0.0,0,0.0,0.0,53282.15,53585.15,52783.45,53710.35,0,0.0,0.0,0.0,0.0,-0.01,-1,-1,-0.01,-1,-1,-0.01,-1,-1,-0.01,-1,-1,-0.01,-1,-1,-0.01,-1,-1,-0.01,-1,-1,-0.01,-1,-1,-0.01,-1,-1,-0.01,-1,-1
99926009,2026-05-18 13:33:47+05:30,53512.75,0,0.0,0,0.0,0.0,53282.15,53585.15,52783.45,53710.35,0,0.0,0.0,0.0,0.0,-0.01,-1,-1,-0.01,-1,-1,-0.01,-1,-1,-0.01,-1,-1,-0.01,-1,-1,-0.01,-1,-1,-0.01,-1,-1,-0.01,-1,-1,-0.01,-1,-1,-0.01,-1,-1
99926009,2026-05-18 13:33:47+05:30,53516.1,0,0.0,0,0.0,0.0,53282.15,53585.15,52783.45,53710.35,0,0.0,0.0,0.0,0.0,-0.01,-1,-1,-0.01,-1,-1,-0.01,-1,-1,-0.01,-1,-1,-0.01,-1,-1,-0.01,-1,-1,-0.01,-1,-1,-0.01,-1,-1,-0.01,-1,-1,-0.01,-1,-1
99926009,2026-05-18 13:33:48+05:30,53513.7,0,0.0,0,0.0,0.0,53282.15,53585.15,52783.45,53710.35,0,0.0,0.0,0.0,0.0,-0.01,-1,-1,-0.01,-1,-1,-0.01,-1,-1,-0.01,-1,-1,-0.01,-1,-1,-0.01,-1,-1,-0.01,-1,-1,-0.01,-1,-1,-0.01,-1,-1,-0.01,-1,-1
99926009,2026-05-18 13:33:48+05:30,53512.55,0,0.0,0,0.0,0.0,53282.15,53585.15,52783.45,53710.35,0,0.0,0.0,0.0,0.0,-0.01,-1,-1,-0.01,-1,-1,-0.01,-1,-1,-0.01,-1,-1,-0.01,-1,-1,-0.01,-1,-1,-0.01,-1,-1,-0.01,-1,-1,-0.01,-1,-1,-0.01,-1,-1
99926009,2026-05-18 13:33:49+05:30,53513.25,0,0.0,0,0.0,0.0,53282.15,53585.15,52783.45,53710.35,0,0.0,0.0,0.0,0.0,-0.01,-1,-1,-0.01,-1,-1,-0.01,-1,-1,-0.01,-1,-1,-0.01,-1,-1,-0.01,-1,-1,-0.01,-1,-1,-0.01,-1,-1,-0.01,-1,-1,-0.01,-1,-1
99926009,2026-05-18 13:33:49+05:30,53513.95,0,0.0,0,0.0,0.0,53282.15,53585.15,52783.45,53710.35,0,0.0,0.0,0.0,0.0,-0.01,-1,-1,-0.01,-1,-1,-0.01,-1,-1,-0.01,-1,-1,-0.01,-1,-1,-0.01,-1,-1,-0.01,-1,-1,-0.01,-1,-1,-0.01,-1,-1,-0.01,-1,-1
99926009,2026-05-18 13:33:50+05:30,53514.8,0,0.0,0,0.0,0.0,53282.15,53585.15,52783.45,53710.35,0,0.0,0.0,0.0,0.0,-0.01,-1,-1,-0.01,-1,-1,-0.01,-1,-1,-0.01,-1,-1,-0.01,-1,-1,-0.01,-1,-1,-0.01,-1,-1,-0.01,-1,-1,-0.01,-1,-1,-0.01,-1,-1
99926009,2026-05-18 13:33:50+05:30,53512.75,0,0.0,0,0.0,0.0,53282.15,53585.15,52783.45,53710.35,0,0.0,0.0,0.0,0.0,-0.01,-1,-1,-0.01,-1,-1,-0.01,-1,-1,-0.01,-1,-1,-0.01,-1,-1,-0.01,-1,-1,-0.01,-1,-1,-0.01,-1,-1,-0.01,-1,-1,-0.01,-1,-1
99926009,2026-05-18 13:33:51+05:30,53512.75,0,0.0,0,0.0,0.0,53282.15,53585.15,52783.45,53710.35,0,0.0,0.0,0.0,0.0,-0.01,-1,-1,-0.01,-1,-1,-0.01,-1,-1,-0.01,-1,-1,-0.01,-1,-1,-0.01,-1,-1,-0.01,-1,-1,-0.01,-1,-1,-0.01,-1,-1,-0.01,-1,-1
99926009,2026-05-18 13:33:51+05:30,53515.55,0,0.0,0,0.0,0.0,53282.15,53585.15,52783.45,53710.35,0,0.0,0.0,0.0,0.0,-0.01,-1,-1,-0.01,-1,-1,-0.01,-1,-1,-0.01,-1,-1,-0.01,-1,-1,-0.01,-1,-1,-0.01,-1,-1,-0.01,-1,-1,-0.01,-1,-1,-0.01,-1,-1
99926009,2026-05-18 13:33:52+05:30,53516.35,0,0.0,0,0.0,0.0,53282.15,53585.15,52783.45,53710.35,0,0.0,0.0,0.0,0.0,-0.01,-1,-1,-0.01,-1,-1,-0.01,-1,-1,-0.01,-1,-1,-0.01,-1,-1,-0.01,-1,-1,-0.01,-1,-1,-0.01,-1,-1,-0.01,-1,-1,-0.01,-1,-1
99926009,2026-05-18 13:33:52+05:30,53517.85,0,0.0,0,0.0,0.0,53282.15,53585.15,52783.45,53710.35,0,0.0,0.0,0.0,0.0,-0.01,-1,-1,-0.01,-1,-1,-0.01,-1,-1,-0.01,-1,-1,-0.01,-1,-1,-0.01,-1,-1,-0.01,-1,-1,-0.01,-1,-1,-0.01,-1,-1,-0.01,-1,-1
99926009,2026-05-18 13:33:53+05:30,53517.0,0,0.0,0,0.0,0.0,53282.15,53585.15,52783.45,53710.35,0,0.0,0.0,0.0,0.0,-0.01,-1,-1,-0.01,-1,-1,-0.01,-1,-1,-0.01,-1,-1,-0.01,-1,-1,-0.01,-1,-1,-0.01,-1,-1,-0.01,-1,-1,-0.01,-1,-1,-0.01,-1,-1
99926009,2026-05-18 13:33:53+05:30,53517.65,0,0.0,0,0.0,0.0,53282.15,53585.15,52783.45,53710.35,0,0.0,0.0,0.0,0.0,-0.01,-1,-1,-0.01,-1,-1,-0.01,-1,-1,-0.01,-1,-1,-0.01,-1,-1,-0.01,-1,-1,-0.01,-1,-1,-0.01,-1,-1,-0.01,-1,-1,-0.01,-1,-1
99926009,2026-05-18 13:33:54+05:30,53516.55,0,0.0,0,0.0,0.0,53282.15,53585.15,52783.45,53710.35,0,0.0,0.0,0.0,0.0,-0.01,-1,-1,-0.01,-1,-1,-0.01,-1,-1,-0.01,-1,-1,-0.01,-1,-1,-0.01,-1,-1,-0.01,-1,-1,-0.01,-1,-1,-0.01,-1,-1,-0.01,-1,-1
99926009,2026-05-18 13:33:54+05:30,53516.8,0,0.0,0,0.0,0.0,53282.15,53585.15,52783.45,53710.35,0,0.0,0.0,0.0,0.0,-0.01,-1,-1,-0.01,-1,-1,-0.01,-1,-1,-0.01,-1,-1,-0.01,-1,-1,-0.01,-1,-1,-0.01,-1,-1,-0.01,-1,-1,-0.01,-1,-1,-0.01,-1,-1
99926009,2026-05-18 13:33:55+05:30,53517.3,0,0.0,0,0.0,0.0,53282.15,53585.15,52783.45,53710.35,0,0.0,0.0,0.0,0.0,-0.01,-1,-1,-0.01,-1,-1,-0.01,-1,-1,-0.01,-1,-1,-0.01,-1,-1,-0.01,-1,-1,-0.01,-1,-1,-0.01,-1,-1,-0.01,-1,-1,-0.01,-1,-1
99926009,2026-05-18 13:33:55+05:30,53517.35,0,0.0,0,0.0,0.0,53282.15,53585.15,52783.45,53710.35,0,0.0,0.0,0.0,0.0,-0.01,-1,-1,-0.01,-1,-1,-0.01,-1,-1,-0.01,-1,-1,-0.01,-1,-1,-0.01,-1,-1,-0.01,-1,-1,-0.01,-1,-1,-0.01,-1,-1,-0.01,-1,-1
99926009,2026-05-18 13:33:56+05:30,53515.15,0,0.0,0,0.0,0.0,53282.15,53585.15,52783.45,53710.35,0,0.0,0.0,0.0,0.0,-0.01,-1,-1,-0.01,-1,-1,-0.01,-1,-1,-0.01,-1,-1,-0.01,-1,-1,-0.01,-1,-1,-0.01,-1,-1,-0.01,-1,-1,-0.01,-1,-1,-0.01,-1,-1
99926009,2026-05-18 13:33:56+05:30,53515.8,0,0.0,0,0.0,0.0,53282.15,53585.15,52783.45,53710.35,0,0.0,0.0,0.0,0.0,-0.01,-1,-1,-0.01,-1,-1,-0.01,-1,-1,-0.01,-1,-1,-0.01,-1,-1,-0.01,-1,-1,-0.01,-1,-1,-0.01,-1,-1,-0.01,-1,-1,-0.01,-1,-1
99926009,2026-05-18 13:33:57+05:30,53514.25,0,0.0,0,0.0,0.0,53282.15,53585.15,52783.45,53710.35,0,0.0,0.0,0.0,0.0,-0.01,-1,-1,-0.01,-1,-1,-0.01,-1,-1,-0.01,-1,-1,-0.01,-1,-1,-0.01,-1,-1,-0.01,-1,-1,-0.01,-1,-1,-0.01,-1,-1,-0.01,-1,-1
99926009,2026-05-18 13:33:57+05:30,53512.7,0,0.0,0,0.0,0.0,53282.15,53585.15,52783.45,53710.35,0,0.0,0.0,0.0,0.0,-0.01,-1,-1,-0.01,-1,-1,-0.01,-1,-1,-0.01,-1,-1,-0.01,-1,-1,-0.01,-1,-1,-0.01,-1,-1,-0.01,-1,-1,-0.01,-1,-1,-0.01,-1,-1
99926009,2026-05-18 13:33:58+05:30,53512.75,0,0.0,0,0.0,0.0,53282.15,53585.15,52783.45,53710.35,0,0.0,0.0,0.0,0.0,-0.01,-1,-1,-0.01,-1,-1,-0.01,-1,-1,-0.01,-1,-1,-0.01,-1,-1,-0.01,-1,-1,-0.01,-1,-1,-0.01,-1,-1,-0.01,-1,-1,-0.01,-1,-1
99926009,2026-05-18 13:33:58+05:30,53512.6,0,0.0,0,0.0,0.0,53282.15,53585.15,52783.45,53710.35,0,0.0,0.0,0.0,0.0,-0.01,-1,-1,-0.01,-1,-1,-0.01,-1,-1,-0.01,-1,-1,-0.01,-1,-1,-0.01,-1,-1,-0.01,-1,-1,-0.01,-1,-1,-0.01,-1,-1,-0.01,-1,-1
99926009,2026-05-18 13:33:59+05:30,53512.35,0,0.0,0,0.0,0.0,53282.15,53585.15,52783.45,53710.35,0,0.0,0.0,0.0,0.0,-0.01,-1,-1,-0.01,-1,-1,-0.01,-1,-1,-0.01,-1,-1,-0.01,-1,-1,-0.01,-1,-1,-0.01,-1,-1,-0.01,-1,-1,-0.01,-1,-1,-0.01,-1,-1
99926009,2026-05-18 13:33:59+05:30,53510.5,0,0.0,0,0.0,0.0,53282.15,53585.15,52783.45,53710.35,0,0.0,0.0,0.0,0.0,-0.01,-1,-1,-0.01,-1,-1,-0.01,-1,-1,-0.01,-1,-1,-0.01,-1,-1,-0.01,-1,-1,-0.01,-1,-1,-0.01,-1,-1,-0.01,-1,-1,-0.01,-1,-1
99926009,2026-05-18 13:34:00+05:30,53513.65,0,0.0,0,0.0,0.0,53282.15,53585.15,52783.45,53710.35,0,0.0,0.0,0.0,0.0,-0.01,-1,-1,-0.01,-1,-1,-0.01,-1,-1,-0.01,-1,-1,-0.01,-1,-1,-0.01,-1,-1,-0.01,-1,-1,-0.01,-1,-1,-0.01,-1,-1,-0.01,-1,-1
99926009,2026-05-18 13:34:00+05:30,53512.0,0,0.0,0,0.0,0.0,53282.15,53585.15,52783.45,53710.35,0,0.0,0.0,0.0,0.0,-0.01,-1,-1,-0.01,-1,-1,-0.01,-1,-1,-0.01,-1,-1,-0.01,-1,-1,-0.01,-1,-1,-0.01,-1,-1,-0.01,-1,-1,-0.01,-1,-1,-0.01,-1,-1
99926009,2026-05-18 13:34:01+05:30,53509.3,0,0.0,0,0.0,0.0,53282.15,53585.15,52783.45,53710.35,0,0.0,0.0,0.0,0.0,-0.01,-1,-1,-0.01,-1,-1,-0.01,-1,-1,-0.01,-1,-1,-0.01,-1,-1,-0.01,-1,-1,-0.01,-1,-1,-0.01,-1,-1,-0.01,-1,-1,-0.01,-1,-1
99926009,2026-05-18 13:34:01+05:30,53509.6,0,0.0,0,0.0,0.0,53282.15,53585.15,52783.45,53710.35,0,0.0,0.0,0.0,0.0,-0.01,-1,-1,-0.01,-1,-1,-0.01,-1,-1,-0.01,-1,-1,-0.01,-1,-1,-0.01,-1,-1,-0.01,-1,-1,-0.01,-1,-1,-0.01,-1,-1,-0.01,-1,-1
99926009,2026-05-18 13:34:02+05:30,53509.95,0,0.0,0,0.0,0.0,53282.15,53585.15,52783.45,53710.35,0,0.0,0.0,0.0,0.0,-0.01,-1,-1,-0.01,-1,-1,-0.01,-1,-1,-0.01,-1,-1,-0.01,-1,-1,-0.01,-1,-1,-0.01,-1,-1,-0.01,-1,-1,-0.01,-1,-1,-0.01,-1,-1
99926009,2026-05-18 13:34:02+05:30,53508.4,0,0.0,0,0.0,0.0,53282.15,53585.15,52783.45,53710.35,0,0.0,0.0,0.0,0.0,-0.01,-1,-1,-0.01,-1,-1,-0.01,-1,-1,-0.01,-1,-1,-0.01,-1,-1,-0.01,-1,-1,-0.01,-1,-1,-0.01,-1,-1,-0.01,-1,-1,-0.01,-1,-1
99926009,2026-05-18 13:34:03+05:30,53505.8,0,0.0,0,0.0,0.0,53282.15,53585.15,52783.45,53710.35,0,0.0,0.0,0.0,0.0,-0.01,-1,-1,-0.01,-1,-1,-0.01,-1,-1,-0.01,-1,-1,-0.01,-1,-1,-0.01,-1,-1,-0.01,-1,-1,-0.01,-1,-1,-0.01,-1,-1,-0.01,-1,-1
99926009,2026-05-18 13:34:03+05:30,53508.65,0,0.0,0,0.0,0.0,53282.15,53585.15,52783.45,53710.35,0,0.0,0.0,0.0,0.0,-0.01,-1,-1,-0.01,-1,-1,-0.01,-1,-1,-0.01,-1,-1,-0.01,-1,-1,-0.01,-1,-1,-0.01,-1,-1,-0.01,-1,-1,-0.01,-1,-1,-0.01,-1,-1
99926009,2026-05-18 13:34:04+05:30,53508.9,0,0.0,0,0.0,0.0,53282.15,53585.15,52783.45,53710.35,0,0.0,0.0,0.0,0.0,-0.01,-1,-1,-0.01,-1,-1,-0.01,-1,-1,-0.01,-1,-1,-0.01,-1,-1,-0.01,-1,-1,-0.01,-1,-1,-0.01,-1,-1,-0.01,-1,-1,-0.01,-1,-1
99926009,2026-05-18 13:34:04+05:30,53510.3,0,0.0,0,0.0,0.0,53282.15,53585.15,52783.45,53710.35,0,0.0,0.0,0.0,0.0,-0.01,-1,-1,-0.01,-1,-1,-0.01,-1,-1,-0.01,-1,-1,-0.01,-1,-1,-0.01,-1,-1,-0.01,-1,-1,-0.01,-1,-1,-0.01,-1,-1,-0.01,-1,-1
99926009,2026-05-18 13:34:05+05:30,53512.75,0,0.0,0,0.0,0.0,53282.15,53585.15,52783.45,53710.35,0,0.0,0.0,0.0,0.0,-0.01,-1,-1,-0.01,-1,-1,-0.01,-1,-1,-0.01,-1,-1,-0.01,-1,-1,-0.01,-1,-1,-0.01,-1,-1,-0.01,-1,-1,-0.01,-1,-1,-0.01,-1,-1
99926009,2026-05-18 13:34:05+05:30,53507.3,0,0.0,0,0.0,0.0,53282.15,53585.15,52783.45,53710.35,0,0.0,0.0,0.0,0.0,-0.01,-1,-1,-0.01,-1,-1,-0.01,-1,-1,-0.01,-1,-1,-0.01,-1,-1,-0.01,-1,-1,-0.01,-1,-1,-0.01,-1,-1,-0.01,-1,-1,-0.01,-1,-1
99926009,2026-05-18 13:34:06+05:30,53501.45,0,0.0,0,0.0,0.0,53282.15,53585.15,52783.45,53710.35,0,0.0,0.0,0.0,0.0,-0.01,-1,-1,-0.01,-1,-1,-0.01,-1,-1,-0.01,-1,-1,-0.01,-1,-1,-0.01,-1,-1,-0.01,-1,-1,-0.01,-1,-1,-0.01,-1,-1,-0.01,-1,-1
99926009,2026-05-18 13:34:06+05:30,53504.4,0,0.0,0,0.0,0.0,53282.15,53585.15,52783.45,53710.35,0,0.0,0.0,0.0,0.0,-0.01,-1,-1,-0.01,-1,-1,-0.01,-1,-1,-0.01,-1,-1,-0.01,-1,-1,-0.01,-1,-1,-0.01,-1,-1,-0.01,-1,-1,-0.01,-1,-1,-0.01,-1,-1
99926009,2026-05-18 13:34:07+05:30,53505.45,0,0.0,0,0.0,0.0,53282.15,53585.15,52783.45,53710.35,0,0.0,0.0,0.0,0.0,-0.01,-1,-1,-0.01,-1,-1,-0.01,-1,-1,-0.01,-1,-1,-0.01,-1,-1,-0.01,-1,-1,-0.01,-1,-1,-0.01,-1,-1,-0.01,-1,-1,-0.01,-1,-1
99926009,2026-05-18 13:34:07+05:30,53501.45,0,0.0,0,0.0,0.0,53282.15,53585.15,52783.45,53710.35,0,0.0,0.0,0.0,0.0,-0.01,-1,-1,-0.01,-1,-1,-0.01,-1,-1,-0.01,-1,-1,-0.01,-1,-1,-0.01,-1,-1,-0.01,-1,-1,-0.01,-1,-1,-0.01,-1,-1,-0.01,-1,-1
99926009,2026-05-18 13:34:08+05:30,53499.3,0,0.0,0,0.0,0.0,53282.15,53585.15,52783.45,53710.35,0,0.0,0.0,0.0,0.0,-0.01,-1,-1,-0.01,-1,-1,-0.01,-1,-1,-0.01,-1,-1,-0.01,-1,-1,-0.01,-1,-1,-0.01,-1,-1,-0.01,-1,-1,-0.01,-1,-1,-0.01,-1,-1
99926009,2026-05-18 13:34:08+05:30,53502.2,0,0.0,0,0.0,0.0,53282.15,53585.15,52783.45,53710.35,0,0.0,0.0,0.0,0.0,-0.01,-1,-1,-0.01,-1,-1,-0.01,-1,-1,-0.01,-1,-1,-0.01,-1,-1,-0.01,-1,-1,-0.01,-1,-1,-0.01,-1,-1,-0.01,-1,-1,-0.01,-1,-1
99926009,2026-05-18 13:34:09+05:30,53502.7,0,0.0,0,0.0,0.0,53282.15,53585.15,52783.45,53710.35,0,0.0,0.0,0.0,0.0,-0.01,-1,-1,-0.01,-1,-1,-0.01,-1,-1,-0.01,-1,-1,-0.01,-1,-1,-0.01,-1,-1,-0.01,-1,-1,-0.01,-1,-1,-0.01,-1,-1,-0.01,-1,-1
99926009,2026-05-18 13:34:09+05:30,53502.15,0,0.0,0,0.0,0.0,53282.15,53585.15,52783.45,53710.35,0,0.0,0.0,0.0,0.0,-0.01,-1,-1,-0.01,-1,-1,-0.01,-1,-1,-0.01,-1,-1,-0.01,-1,-1,-0.01,-1,-1,-0.01,-1,-1,-0.01,-1,-1,-0.01,-1,-1,-0.01,-1,-1
99926009,2026-05-18 13:34:10+05:30,53504.6,0,0.0,0,0.0,0.0,53282.15,53585.15,52783.45,53710.35,0,0.0,0.0,0.0,0.0,-0.01,-1,-1,-0.01,-1,-1,-0.01,-1,-1,-0.01,-1,-1,-0.01,-1,-1,-0.01,-1,-1,-0.01,-1,-1,-0.01,-1,-1,-0.01,-1,-1,-0.01,-1,-1
99926009,2026-05-18 13:34:10+05:30,53501.85,0,0.0,0,0.0,0.0,53282.15,53585.15,52783.45,53710.35,0,0.0,0.0,0.0,0.0,-0.01,-1,-1,-0.01,-1,-1,-0.01,-1,-1,-0.01,-1,-1,-0.01,-1,-1,-0.01,-1,-1,-0.01,-1,-1,-0.01,-1,-1,-0.01,-1,-1,-0.01,-1,-1
99926009,2026-05-18 13:34:11+05:30,53501.45,0,0.0,0,0.0,0.0,53282.15,53585.15,52783.45,53710.35,0,0.0,0.0,0.0,0.0,-0.01,-1,-1,-0.01,-1,-1,-0.01,-1,-1,-0.01,-1,-1,-0.01,-1,-1,-0.01,-1,-1,-0.01,-1,-1,-0.01,-1,-1,-0.01,-1,-1,-0.01,-1,-1
99926009,2026-05-18 13:34:11+05:30,53507.95,0,0.0,0,0.0,0.0,53282.15,53585.15,52783.45,53710.35,0,0.0,0.0,0.0,0.0,-0.01,-1,-1,-0.01,-1,-1,-0.01,-1,-1,-0.01,-1,-1,-0.01,-1,-1,-0.01,-1,-1,-0.01,-1,-1,-0.01,-1,-1,-0.01,-1,-1,-0.01,-1,-1
99926009,2026-05-18 13:34:12+05:30,53507.6,0,0.0,0,0.0,0.0,53282.15,53585.15,52783.45,53710.35,0,0.0,0.0,0.0,0.0,-0.01,-1,-1,-0.01,-1,-1,-0.01,-1,-1,-0.01,-1,-1,-0.01,-1,-1,-0.01,-1,-1,-0.01,-1,-1,-0.01,-1,-1,-0.01,-1,-1,-0.01,-1,-1
99926009,2026-05-18 13:34:12+05:30,53507.3,0,0.0,0,0.0,0.0,53282.15,53585.15,52783.45,53710.35,0,0.0,0.0,0.0,0.0,-0.01,-1,-1,-0.01,-1,-1,-0.01,-1,-1,-0.01,-1,-1,-0.01,-1,-1,-0.01,-1,-1,-0.01,-1,-1,-0.01,-1,-1,-0.01,-1,-1,-0.01,-1,-1
99926009,2026-05-18 13:34:13+05:30,53510.4,0,0.0,0,0.0,0.0,53282.15,53585.15,52783.45,53710.35,0,0.0,0.0,0.0,0.0,-0.01,-1,-1,-0.01,-1,-1,-0.01,-1,-1,-0.01,-1,-1,-0.01,-1,-1,-0.01,-1,-1,-0.01,-1,-1,-0.01,-1,-1,-0.01,-1,-1,-0.01,-1,-1
99926009,2026-05-18 13:34:13+05:30,53508.55,0,0.0,0,0.0,0.0,53282.15,53585.15,52783.45,53710.35,0,0.0,0.0,0.0,0.0,-0.01,-1,-1,-0.01,-1,-1,-0.01,-1,-1,-0.01,-1,-1,-0.01,-1,-1,-0.01,-1,-1,-0.01,-1,-1,-0.01,-1,-1,-0.01,-1,-1,-0.01,-1,-1
99926009,2026-05-18 13:34:14+05:30,53509.95,0,0.0,0,0.0,0.0,53282.15,53585.15,52783.45,53710.35,0,0.0,0.0,0.0,0.0,-0.01,-1,-1,-0.01,-1,-1,-0.01,-1,-1,-0.01,-1,-1,-0.01,-1,-1,-0.01,-1,-1,-0.01,-1,-1,-0.01,-1,-1,-0.01,-1,-1,-0.01,-1,-1
99926009,2026-05-18 13:34:14+05:30,53512.3,0,0.0,0,0.0,0.0,53282.15,53585.15,52783.45,53710.35,0,0.0,0.0,0.0,0.0,-0.01,-1,-1,-0.01,-1,-1,-0.01,-1,-1,-0.01,-1,-1,-0.01,-1,-1,-0.01,-1,-1,-0.01,-1,-1,-0.01,-1,-1,-0.01,-1,-1,-0.01,-1,-1
99926009,2026-05-18 13:34:15+05:30,53512.95,0,0.0,0,0.0,0.0,53282.15,53585.15,52783.45,53710.35,0,0.0,0.0,0.0,0.0,-0.01,-1,-1,-0.01,-1,-1,-0.01,-1,-1,-0.01,-1,-1,-0.01,-1,-1,-0.01,-1,-1,-0.01,-1,-1,-0.01,-1,-1,-0.01,-1,-1,-0.01,-1,-1
99926009,2026-05-18 13:34:15+05:30,53511.4,0,0.0,0,0.0,0.0,53282.15,53585.15,52783.45,53710.35,0,0.0,0.0,0.0,0.0,-0.01,-1,-1,-0.01,-1,-1,-0.01,-1,-1,-0.01,-1,-1,-0.01,-1,-1,-0.01,-1,-1,-0.01,-1,-1,-0.01,-1,-1,-0.01,-1,-1,-0.01,-1,-1
99926009,2026-05-18 13:34:16+05:30,53509.65,0,0.0,0,0.0,0.0,53282.15,53585.15,52783.45,53710.35,0,0.0,0.0,0.0,0.0,-0.01,-1,-1,-0.01,-1,-1,-0.01,-1,-1,-0.01,-1,-1,-0.01,-1,-1,-0.01,-1,-1,-0.01,-1,-1,-0.01,-1,-1,-0.01,-1,-1,-0.01,-1,-1
99926009,2026-05-18 13:34:16+05:30,53512.45,0,0.0,0,0.0,0.0,53282.15,53585.15,52783.45,53710.35,0,0.0,0.0,0.0,0.0,-0.01,-1,-1,-0.01,-1,-1,-0.01,-1,-1,-0.01,-1,-1,-0.01,-1,-1,-0.01,-1,-1,-0.01,-1,-1,-0.01,-1,-1,-0.01,-1,-1,-0.01,-1,-1
99926009,2026-05-18 13:34:17+05:30,53512.15,0,0.0,0,0.0,0.0,53282.15,53585.15,52783.45,53710.35,0,0.0,0.0,0.0,0.0,-0.01,-1,-1,-0.01,-1,-1,-0.01,-1,-1,-0.01,-1,-1,-0.01,-1,-1,-0.01,-1,-1,-0.01,-1,-1,-0.01,-1,-1,-0.01,-1,-1,-0.01,-1,-1
99926009,2026-05-18 13:34:17+05:30,53509.7,0,0.0,0,0.0,0.0,53282.15,53585.15,52783.45,53710.35,0,0.0,0.0,0.0,0.0,-0.01,-1,-1,-0.01,-1,-1,-0.01,-1,-1,-0.01,-1,-1,-0.01,-1,-1,-0.01,-1,-1,-0.01,-1,-1,-0.01,-1,-1,-0.01,-1,-1,-0.01,-1,-1
99926009,2026-05-18 13:34:18+05:30,53513.65,0,0.0,0,0.0,0.0,53282.15,53585.15,52783.45,53710.35,0,0.0,0.0,0.0,0.0,-0.01,-1,-1,-0.01,-1,-1,-0.01,-1,-1,-0.01,-1,-1,-0.01,-1,-1,-0.01,-1,-1,-0.01,-1,-1,-0.01,-1,-1,-0.01,-1,-1,-0.01,-1,-1
99926009,2026-05-18 13:34:18+05:30,53515.15,0,0.0,0,0.0,0.0,53282.15,53585.15,52783.45,53710.35,0,0.0,0.0,0.0,0.0,-0.01,-1,-1,-0.01,-1,-1,-0.01,-1,-1,-0.01,-1,-1,-0.01,-1,-1,-0.01,-1,-1,-0.01,-1,-1,-0.01,-1,-1,-0.01,-1,-1,-0.01,-1,-1
99926009,2026-05-18 13:34:19+05:30,53515.6,0,0.0,0,0.0,0.0,53282.15,53585.15,52783.45,53710.35,0,0.0,0.0,0.0,0.0,-0.01,-1,-1,-0.01,-1,-1,-0.01,-1,-1,-0.01,-1,-1,-0.01,-1,-1,-0.01,-1,-1,-0.01,-1,-1,-0.01,-1,-1,-0.01,-1,-1,-0.01,-1,-1
99926009,2026-05-18 13:34:19+05:30,53515.8,0,0.0,0,0.0,0.0,53282.15,53585.15,52783.45,53710.35,0,0.0,0.0,0.0,0.0,-0.01,-1,-1,-0.01,-1,-1,-0.01,-1,-1,-0.01,-1,-1,-0.01,-1,-1,-0.01,-1,-1,-0.01,-1,-1,-0.01,-1,-1,-0.01,-1,-1,-0.01,-1,-1
99926009,2026-05-18 13:34:20+05:30,53519.35,0,0.0,0,0.0,0.0,53282.15,53585.15,52783.45,53710.35,0,0.0,0.0,0.0,0.0,-0.01,-1,-1,-0.01,-1,-1,-0.01,-1,-1,-0.01,-1,-1,-0.01,-1,-1,-0.01,-1,-1,-0.01,-1,-1,-0.01,-1,-1,-0.01,-1,-1,-0.01,-1,-1
99926009,2026-05-18 13:34:20+05:30,53517.85,0,0.0,0,0.0,0.0,53282.15,53585.15,52783.45,53710.35,0,0.0,0.0,0.0,0.0,-0.01,-1,-1,-0.01,-1,-1,-0.01,-1,-1,-0.01,-1,-1,-0.01,-1,-1,-0.01,-1,-1,-0.01,-1,-1,-0.01,-1,-1,-0.01,-1,-1,-0.01,-1,-1
99926009,2026-05-18 13:34:21+05:30,53518.65,0,0.0,0,0.0,0.0,53282.15,53585.15,52783.45,53710.35,0,0.0,0.0,0.0,0.0,-0.01,-1,-1,-0.01,-1,-1,-0.01,-1,-1,-0.01,-1,-1,-0.01,-1,-1,-0.01,-1,-1,-0.01,-1,-1,-0.01,-1,-1,-0.01,-1,-1,-0.01,-1,-1
99926009,2026-05-18 13:34:21+05:30,53520.35,0,0.0,0,0.0,0.0,53282.15,53585.15,52783.45,53710.35,0,0.0,0.0,0.0,0.0,-0.01,-1,-1,-0.01,-1,-1,-0.01,-1,-1,-0.01,-1,-1,-0.01,-1,-1,-0.01,-1,-1,-0.01,-1,-1,-0.01,-1,-1,-0.01,-1,-1,-0.01,-1,-1
99926009,2026-05-18 13:34:22+05:30,53522.35,0,0.0,0,0.0,0.0,53282.15,53585.15,52783.45,53710.35,0,0.0,0.0,0.0,0.0,-0.01,-1,-1,-0.01,-1,-1,-0.01,-1,-1,-0.01,-1,-1,-0.01,-1,-1,-0.01,-1,-1,-0.01,-1,-1,-0.01,-1,-1,-0.01,-1,-1,-0.01,-1,-1
99926009,2026-05-18 13:34:22+05:30,53520.8,0,0.0,0,0.0,0.0,53282.15,53585.15,52783.45,53710.35,0,0.0,0.0,0.0,0.0,-0.01,-1,-1,-0.01,-1,-1,-0.01,-1,-1,-0.01,-1,-1,-0.01,-1,-1,-0.01,-1,-1,-0.01,-1,-1,-0.01,-1,-1,-0.01,-1,-1,-0.01,-1,-1
99926009,2026-05-18 13:34:23+05:30,53520.6,0,0.0,0,0.0,0.0,53282.15,53585.15,52783.45,53710.35,0,0.0,0.0,0.0,0.0,-0.01,-1,-1,-0.01,-1,-1,-0.01,-1,-1,-0.01,-1,-1,-0.01,-1,-1,-0.01,-1,-1,-0.01,-1,-1,-0.01,-1,-1,-0.01,-1,-1,-0.01,-1,-1
99926009,2026-05-18 13:34:23+05:30,53521.1,0,0.0,0,0.0,0.0,53282.15,53585.15,52783.45,53710.35,0,0.0,0.0,0.0,0.0,-0.01,-1,-1,-0.01,-1,-1,-0.01,-1,-1,-0.01,-1,-1,-0.01,-1,-1,-0.01,-1,-1,-0.01,-1,-1,-0.01,-1,-1,-0.01,-1,-1,-0.01,-1,-1
99926009,2026-05-18 13:34:24+05:30,53523.3,0,0.0,0,0.0,0.0,53282.15,53585.15,52783.45,53710.35,0,0.0,0.0,0.0,0.0,-0.01,-1,-1,-0.01,-1,-1,-0.01,-1,-1,-0.01,-1,-1,-0.01,-1,-1,-0.01,-1,-1,-0.01,-1,-1,-0.01,-1,-1,-0.01,-1,-1,-0.01,-1,-1
99926009,2026-05-18 13:34:24+05:30,53521.7,0,0.0,0,0.0,0.0,53282.15,53585.15,52783.45,53710.35,0,0.0,0.0,0.0,0.0,-0.01,-1,-1,-0.01,-1,-1,-0.01,-1,-1,-0.01,-1,-1,-0.01,-1,-1,-0.01,-1,-1,-0.01,-1,-1,-0.01,-1,-1,-0.01,-1,-1,-0.01,-1,-1
99926009,2026-05-18 13:34:25+05:30,53523.75,0,0.0,0,0.0,0.0,53282.15,53585.15,52783.45,53710.35,0,0.0,0.0,0.0,0.0,-0.01,-1,-1,-0.01,-1,-1,-0.01,-1,-1,-0.01,-1,-1,-0.01,-1,-1,-0.01,-1,-1,-0.01,-1,-1,-0.01,-1,-1,-0.01,-1,-1,-0.01,-1,-1
99926009,2026-05-18 13:34:25+05:30,53529.0,0,0.0,0,0.0,0.0,53282.15,53585.15,52783.45,53710.35,0,0.0,0.0,0.0,0.0,-0.01,-1,-1,-0.01,-1,-1,-0.01,-1,-1,-0.01,-1,-1,-0.01,-1,-1,-0.01,-1,-1,-0.01,-1,-1,-0.01,-1,-1,-0.01,-1,-1,-0.01,-1,-1
99926009,2026-05-18 13:34:26+05:30,53530.85,0,0.0,0,0.0,0.0,53282.15,53585.15,52783.45,53710.35,0,0.0,0.0,0.0,0.0,-0.01,-1,-1,-0.01,-1,-1,-0.01,-1,-1,-0.01,-1,-1,-0.01,-1,-1,-0.01,-1,-1,-0.01,-1,-1,-0.01,-1,-1,-0.01,-1,-1,-0.01,-1,-1
99926009,2026-05-18 13:34:26+05:30,53539.45,0,0.0,0,0.0,0.0,53282.15,53585.15,52783.45,53710.35,0,0.0,0.0,0.0,0.0,-0.01,-1,-1,-0.01,-1,-1,-0.01,-1,-1,-0.01,-1,-1,-0.01,-1,-1,-0.01,-1,-1,-0.01,-1,-1,-0.01,-1,-1,-0.01,-1,-1,-0.01,-1,-1
99926009,2026-05-18 13:34:27+05:30,53538.35,0,0.0,0,0.0,0.0,53282.15,53585.15,52783.45,53710.35,0,0.0,0.0,0.0,0.0,-0.01,-1,-1,-0.01,-1,-1,-0.01,-1,-1,-0.01,-1,-1,-0.01,-1,-1,-0.01,-1,-1,-0.01,-1,-1,-0.01,-1,-1,-0.01,-1,-1,-0.01,-1,-1
99926009,2026-05-18 13:34:27+05:30,53545.75,0,0.0,0,0.0,0.0,53282.15,53585.15,52783.45,53710.35,0,0.0,0.0,0.0,0.0,-0.01,-1,-1,-0.01,-1,-1,-0.01,-1,-1,-0.01,-1,-1,-0.01,-1,-1,-0.01,-1,-1,-0.01,-1,-1,-0.01,-1,-1,-0.01,-1,-1,-0.01,-1,-1
99926009,2026-05-18 13:34:28+05:30,53543.45,0,0.0,0,0.0,0.0,53282.15,53585.15,52783.45,53710.35,0,0.0,0.0,0.0,0.0,-0.01,-1,-1,-0.01,-1,-1,-0.01,-1,-1,-0.01,-1,-1,-0.01,-1,-1,-0.01,-1,-1,-0.01,-1,-1,-0.01,-1,-1,-0.01,-1,-1,-0.01,-1,-1
99926009,2026-05-18 13:34:28+05:30,53545.5,0,0.0,0,0.0,0.0,53282.15,53585.15,52783.45,53710.35,0,0.0,0.0,0.0,0.0,-0.01,-1,-1,-0.01,-1,-1,-0.01,-1,-1,-0.01,-1,-1,-0.01,-1,-1,-0.01,-1,-1,-0.01,-1,-1,-0.01,-1,-1,-0.01,-1,-1,-0.01,-1,-1
99926009,2026-05-18 13:34:29+05:30,53544.15,0,0.0,0,0.0,0.0,53282.15,53585.15,52783.45,53710.35,0,0.0,0.0,0.0,0.0,-0.01,-1,-1,-0.01,-1,-1,-0.01,-1,-1,-0.01,-1,-1,-0.01,-1,-1,-0.01,-1,-1,-0.01,-1,-1,-0.01,-1,-1,-0.01,-1,-1,-0.01,-1,-1
99926009,2026-05-18 13:34:29+05:30,53543.75,0,0.0,0,0.0,0.0,53282.15,53585.15,52783.45,53710.35,0,0.0,0.0,0.0,0.0,-0.01,-1,-1,-0.01,-1,-1,-0.01,-1,-1,-0.01,-1,-1,-0.01,-1,-1,-0.01,-1,-1,-0.01,-1,-1,-0.01,-1,-1,-0.01,-1,-1,-0.01,-1,-1
99926009,2026-05-18 13:34:30+05:30,53544.75,0,0.0,0,0.0,0.0,53282.15,53585.15,52783.45,53710.35,0,0.0,0.0,0.0,0.0,-0.01,-1,-1,-0.01,-1,-1,-0.01,-1,-1,-0.01,-1,-1,-0.01,-1,-1,-0.01,-1,-1,-0.01,-1,-1,-0.01,-1,-1,-0.01,-1,-1,-0.01,-1,-1
99926009,2026-05-18 13:34:30+05:30,53544.2,0,0.0,0,0.0,0.0,53282.15,53585.15,52783.45,53710.35,0,0.0,0.0,0.0,0.0,-0.01,-1,-1,-0.01,-1,-1,-0.01,-1,-1,-0.01,-1,-1,-0.01,-1,-1,-0.01,-1,-1,-0.01,-1,-1,-0.01,-1,-1,-0.01,-1,-1,-0.01,-1,-1
99926009,2026-05-18 13:34:31+05:30,53543.0,0,0.0,0,0.0,0.0,53282.15,53585.15,52783.45,53710.35,0,0.0,0.0,0.0,0.0,-0.01,-1,-1,-0.01,-1,-1,-0.01,-1,-1,-0.01,-1,-1,-0.01,-1,-1,-0.01,-1,-1,-0.01,-1,-1,-0.01,-1,-1,-0.01,-1,-1,-0.01,-1,-1
99926009,2026-05-18 13:34:31+05:30,53546.15,0,0.0,0,0.0,0.0,53282.15,53585.15,52783.45,53710.35,0,0.0,0.0,0.0,0.0,-0.01,-1,-1,-0.01,-1,-1,-0.01,-1,-1,-0.01,-1,-1,-0.01,-1,-1,-0.01,-1,-1,-0.01,-1,-1,-0.01,-1,-1,-0.01,-1,-1,-0.01,-1,-1
99926009,2026-05-18 13:34:32+05:30,53549.65,0,0.0,0,0.0,0.0,53282.15,53585.15,52783.45,53710.35,0,0.0,0.0,0.0,0.0,-0.01,-1,-1,-0.01,-1,-1,-0.01,-1,-1,-0.01,-1,-1,-0.01,-1,-1,-0.01,-1,-1,-0.01,-1,-1,-0.01,-1,-1,-0.01,-1,-1,-0.01,-1,-1
99926009,2026-05-18 13:34:32+05:30,53547.55,0,0.0,0,0.0,0.0,53282.15,53585.15,52783.45,53710.35,0,0.0,0.0,0.0,0.0,-0.01,-1,-1,-0.01,-1,-1,-0.01,-1,-1,-0.01,-1,-1,-0.01,-1,-1,-0.01,-1,-1,-0.01,-1,-1,-0.01,-1,-1,-0.01,-1,-1,-0.01,-1,-1
99926009,2026-05-18 13:34:33+05:30,53550.0,0,0.0,0,0.0,0.0,53282.15,53585.15,52783.45,53710.35,0,0.0,0.0,0.0,0.0,-0.01,-1,-1,-0.01,-1,-1,-0.01,-1,-1,-0.01,-1,-1,-0.01,-1,-1,-0.01,-1,-1,-0.01,-1,-1,-0.01,-1,-1,-0.01,-1,-1,-0.01,-1,-1
99926009,2026-05-18 13:34:33+05:30,53549.75,0,0.0,0,0.0,0.0,53282.15,53585.15,52783.45,53710.35,0,0.0,0.0,0.0,0.0,-0.01,-1,-1,-0.01,-1,-1,-0.01,-1,-1,-0.01,-1,-1,-0.01,-1,-1,-0.01,-1,-1,-0.01,-1,-1,-0.01,-1,-1,-0.01,-1,-1,-0.01,-1,-1
99926009,2026-05-18 13:34:34+05:30,53548.45,0,0.0,0,0.0,0.0,53282.15,53585.15,52783.45,53710.35,0,0.0,0.0,0.0,0.0,-0.01,-1,-1,-0.01,-1,-1,-0.01,-1,-1,-0.01,-1,-1,-0.01,-1,-1,-0.01,-1,-1,-0.01,-1,-1,-0.01,-1,-1,-0.01,-1,-1,-0.01,-1,-1
99926009,2026-05-18 13:34:34+05:30,53547.55,0,0.0,0,0.0,0.0,53282.15,53585.15,52783.45,53710.35,0,0.0,0.0,0.0,0.0,-0.01,-1,-1,-0.01,-1,-1,-0.01,-1,-1,-0.01,-1,-1,-0.01,-1,-1,-0.01,-1,-1,-0.01,-1,-1,-0.01,-1,-1,-0.01,-1,-1,-0.01,-1,-1
99926009,2026-05-18 13:34:35+05:30,53551.25,0,0.0,0,0.0,0.0,53282.15,53585.15,52783.45,53710.35,0,0.0,0.0,0.0,0.0,-0.01,-1,-1,-0.01,-1,-1,-0.01,-1,-1,-0.01,-1,-1,-0.01,-1,-1,-0.01,-1,-1,-0.01,-1,-1,-0.01,-1,-1,-0.01,-1,-1,-0.01,-1,-1
99926009,2026-05-18 13:34:35+05:30,53547.35,0,0.0,0,0.0,0.0,53282.15,53585.15,52783.45,53710.35,0,0.0,0.0,0.0,0.0,-0.01,-1,-1,-0.01,-1,-1,-0.01,-1,-1,-0.01,-1,-1,-0.01,-1,-1,-0.01,-1,-1,-0.01,-1,-1,-0.01,-1,-1,-0.01,-1,-1,-0.01,-1,-1
99926009,2026-05-18 13:34:36+05:30,53549.15,0,0.0,0,0.0,0.0,53282.15,53585.15,52783.45,53710.35,0,0.0,0.0,0.0,0.0,-0.01,-1,-1,-0.01,-1,-1,-0.01,-1,-1,-0.01,-1,-1,-0.01,-1,-1,-0.01,-1,-1,-0.01,-1,-1,-0.01,-1,-1,-0.01,-1,-1,-0.01,-1,-1
99926009,2026-05-18 13:34:36+05:30,53552.55,0,0.0,0,0.0,0.0,53282.15,53585.15,52783.45,53710.35,0,0.0,0.0,0.0,0.0,-0.01,-1,-1,-0.01,-1,-1,-0.01,-1,-1,-0.01,-1,-1,-0.01,-1,-1,-0.01,-1,-1,-0.01,-1,-1,-0.01,-1,-1,-0.01,-1,-1,-0.01,-1,-1
99926009,2026-05-18 13:34:37+05:30,53554.7,0,0.0,0,0.0,0.0,53282.15,53585.15,52783.45,53710.35,0,0.0,0.0,0.0,0.0,-0.01,-1,-1,-0.01,-1,-1,-0.01,-1,-1,-0.01,-1,-1,-0.01,-1,-1,-0.01,-1,-1,-0.01,-1,-1,-0.01,-1,-1,-0.01,-1,-1,-0.01,-1,-1
99926009,2026-05-18 13:34:37+05:30,53552.4,0,0.0,0,0.0,0.0,53282.15,53585.15,52783.45,53710.35,0,0.0,0.0,0.0,0.0,-0.01,-1,-1,-0.01,-1,-1,-0.01,-1,-1,-0.01,-1,-1,-0.01,-1,-1,-0.01,-1,-1,-0.01,-1,-1,-0.01,-1,-1,-0.01,-1,-1,-0.01,-1,-1
99926009,2026-05-18 13:34:38+05:30,53554.7,0,0.0,0,0.0,0.0,53282.15,53585.15,52783.45,53710.35,0,0.0,0.0,0.0,0.0,-0.01,-1,-1,-0.01,-1,-1,-0.01,-1,-1,-0.01,-1,-1,-0.01,-1,-1,-0.01,-1,-1,-0.01,-1,-1,-0.01,-1,-1,-0.01,-1,-1,-0.01,-1,-1
99926009,2026-05-18 13:34:38+05:30,53550.8,0,0.0,0,0.0,0.0,53282.15,53585.15,52783.45,53710.35,0,0.0,0.0,0.0,0.0,-0.01,-1,-1,-0.01,-1,-1,-0.01,-1,-1,-0.01,-1,-1,-0.01,-1,-1,-0.01,-1,-1,-0.01,-1,-1,-0.01,-1,-1,-0.01,-1,-1,-0.01,-1,-1
99926009,2026-05-18 13:34:39+05:30,53550.75,0,0.0,0,0.0,0.0,53282.15,53585.15,52783.45,53710.35,0,0.0,0.0,0.0,0.0,-0.01,-1,-1,-0.01,-1,-1,-0.01,-1,-1,-0.01,-1,-1,-0.01,-1,-1,-0.01,-1,-1,-0.01,-1,-1,-0.01,-1,-1,-0.01,-1,-1,-0.01,-1,-1
99926009,2026-05-18 13:34:39+05:30,53551.5,0,0.0,0,0.0,0.0,53282.15,53585.15,52783.45,53710.35,0,0.0,0.0,0.0,0.0,-0.01,-1,-1,-0.01,-1,-1,-0.01,-1,-1,-0.01,-1,-1,-0.01,-1,-1,-0.01,-1,-1,-0.01,-1,-1,-0.01,-1,-1,-0.01,-1,-1,-0.01,-1,-1
99926009,2026-05-18 13:34:40+05:30,53553.4,0,0.0,0,0.0,0.0,53282.15,53585.15,52783.45,53710.35,0,0.0,0.0,0.0,0.0,-0.01,-1,-1,-0.01,-1,-1,-0.01,-1,-1,-0.01,-1,-1,-0.01,-1,-1,-0.01,-1,-1,-0.01,-1,-1,-0.01,-1,-1,-0.01,-1,-1,-0.01,-1,-1
99926009,2026-05-18 13:34:40+05:30,53551.85,0,0.0,0,0.0,0.0,53282.15,53585.15,52783.45,53710.35,0,0.0,0.0,0.0,0.0,-0.01,-1,-1,-0.01,-1,-1,-0.01,-1,-1,-0.01,-1,-1,-0.01,-1,-1,-0.01,-1,-1,-0.01,-1,-1,-0.01,-1,-1,-0.01,-1,-1,-0.01,-1,-1
99926009,2026-05-18 13:34:41+05:30,53551.55,0,0.0,0,0.0,0.0,53282.15,53585.15,52783.45,53710.35,0,0.0,0.0,0.0,0.0,-0.01,-1,-1,-0.01,-1,-1,-0.01,-1,-1,-0.01,-1,-1,-0.01,-1,-1,-0.01,-1,-1,-0.01,-1,-1,-0.01,-1,-1,-0.01,-1,-1,-0.01,-1,-1
99926009,2026-05-18 13:34:41+05:30,53553.1,0,0.0,0,0.0,0.0,53282.15,53585.15,52783.45,53710.35,0,0.0,0.0,0.0,0.0,-0.01,-1,-1,-0.01,-1,-1,-0.01,-1,-1,-0.01,-1,-1,-0.01,-1,-1,-0.01,-1,-1,-0.01,-1,-1,-0.01,-1,-1,-0.01,-1,-1,-0.01,-1,-1
99926009,2026-05-18 13:34:42+05:30,53550.05,0,0.0,0,0.0,0.0,53282.15,53585.15,52783.45,53710.35,0,0.0,0.0,0.0,0.0,-0.01,-1,-1,-0.01,-1,-1,-0.01,-1,-1,-0.01,-1,-1,-0.01,-1,-1,-0.01,-1,-1,-0.01,-1,-1,-0.01,-1,-1,-0.01,-1,-1,-0.01,-1,-1
99926009,2026-05-18 13:34:42+05:30,53551.05,0,0.0,0,0.0,0.0,53282.15,53585.15,52783.45,53710.35,0,0.0,0.0,0.0,0.0,-0.01,-1,-1,-0.01,-1,-1,-0.01,-1,-1,-0.01,-1,-1,-0.01,-1,-1,-0.01,-1,-1,-0.01,-1,-1,-0.01,-1,-1,-0.01,-1,-1,-0.01,-1,-1
99926009,2026-05-18 13:34:43+05:30,53551.0,0,0.0,0,0.0,0.0,53282.15,53585.15,52783.45,53710.35,0,0.0,0.0,0.0,0.0,-0.01,-1,-1,-0.01,-1,-1,-0.01,-1,-1,-0.01,-1,-1,-0.01,-1,-1,-0.01,-1,-1,-0.01,-1,-1,-0.01,-1,-1,-0.01,-1,-1,-0.01,-1,-1
99926009,2026-05-18 13:34:43+05:30,53551.25,0,0.0,0,0.0,0.0,53282.15,53585.15,52783.45,53710.35,0,0.0,0.0,0.0,0.0,-0.01,-1,-1,-0.01,-1,-1,-0.01,-1,-1,-0.01,-1,-1,-0.01,-1,-1,-0.01,-1,-1,-0.01,-1,-1,-0.01,-1,-1,-0.01,-1,-1,-0.01,-1,-1
99926009,2026-05-18 13:34:44+05:30,53550.15,0,0.0,0,0.0,0.0,53282.15,53585.15,52783.45,53710.35,0,0.0,0.0,0.0,0.0,-0.01,-1,-1,-0.01,-1,-1,-0.01,-1,-1,-0.01,-1,-1,-0.01,-1,-1,-0.01,-1,-1,-0.01,-1,-1,-0.01,-1,-1,-0.01,-1,-1,-0.01,-1,-1
99926009,2026-05-18 13:34:44+05:30,53550.7,0,0.0,0,0.0,0.0,53282.15,53585.15,52783.45,53710.35,0,0.0,0.0,0.0,0.0,-0.01,-1,-1,-0.01,-1,-1,-0.01,-1,-1,-0.01,-1,-1,-0.01,-1,-1,-0.01,-1,-1,-0.01,-1,-1,-0.01,-1,-1,-0.01,-1,-1,-0.01,-1,-1
99926009,2026-05-18 13:34:45+05:30,53551.25,0,0.0,0,0.0,0.0,53282.15,53585.15,52783.45,53710.35,0,0.0,0.0,0.0,0.0,-0.01,-1,-1,-0.01,-1,-1,-0.01,-1,-1,-0.01,-1,-1,-0.01,-1,-1,-0.01,-1,-1,-0.01,-1,-1,-0.01,-1,-1,-0.01,-1,-1,-0.01,-1,-1
99926009,2026-05-18 13:34:45+05:30,53547.85,0,0.0,0,0.0,0.0,53282.15,53585.15,52783.45,53710.35,0,0.0,0.0,0.0,0.0,-0.01,-1,-1,-0.01,-1,-1,-0.01,-1,-1,-0.01,-1,-1,-0.01,-1,-1,-0.01,-1,-1,-0.01,-1,-1,-0.01,-1,-1,-0.01,-1,-1,-0.01,-1,-1
99926009,2026-05-18 13:34:46+05:30,53546.4,0,0.0,0,0.0,0.0,53282.15,53585.15,52783.45,53710.35,0,0.0,0.0,0.0,0.0,-0.01,-1,-1,-0.01,-1,-1,-0.01,-1,-1,-0.01,-1,-1,-0.01,-1,-1,-0.01,-1,-1,-0.01,-1,-1,-0.01,-1,-1,-0.01,-1,-1,-0.01,-1,-1
99926009,2026-05-18 13:34:46+05:30,53548.0,0,0.0,0,0.0,0.0,53282.15,53585.15,52783.45,53710.35,0,0.0,0.0,0.0,0.0,-0.01,-1,-1,-0.01,-1,-1,-0.01,-1,-1,-0.01,-1,-1,-0.01,-1,-1,-0.01,-1,-1,-0.01,-1,-1,-0.01,-1,-1,-0.01,-1,-1,-0.01,-1,-1
99926009,2026-05-18 13:34:47+05:30,53543.45,0,0.0,0,0.0,0.0,53282.15,53585.15,52783.45,53710.35,0,0.0,0.0,0.0,0.0,-0.01,-1,-1,-0.01,-1,-1,-0.01,-1,-1,-0.01,-1,-1,-0.01,-1,-1,-0.01,-1,-1,-0.01,-1,-1,-0.01,-1,-1,-0.01,-1,-1,-0.01,-1,-1
99926009,2026-05-18 13:34:47+05:30,53546.05,0,0.0,0,0.0,0.0,53282.15,53585.15,52783.45,53710.35,0,0.0,0.0,0.0,0.0,-0.01,-1,-1,-0.01,-1,-1,-0.01,-1,-1,-0.01,-1,-1,-0.01,-1,-1,-0.01,-1,-1,-0.01,-1,-1,-0.01,-1,-1,-0.01,-1,-1,-0.01,-1,-1
99926009,2026-05-18 13:34:48+05:30,53543.95,0,0.0,0,0.0,0.0,53282.15,53585.15,52783.45,53710.35,0,0.0,0.0,0.0,0.0,-0.01,-1,-1,-0.01,-1,-1,-0.01,-1,-1,-0.01,-1,-1,-0.01,-1,-1,-0.01,-1,-1,-0.01,-1,-1,-0.01,-1,-1,-0.01,-1,-1,-0.01,-1,-1
99926009,2026-05-18 13:34:48+05:30,53544.1,0,0.0,0,0.0,0.0,53282.15,53585.15,52783.45,53710.35,0,0.0,0.0,0.0,0.0,-0.01,-1,-1,-0.01,-1,-1,-0.01,-1,-1,-0.01,-1,-1,-0.01,-1,-1,-0.01,-1,-1,-0.01,-1,-1,-0.01,-1,-1,-0.01,-1,-1,-0.01,-1,-1
99926009,2026-05-18 13:34:49+05:30,53542.45,0,0.0,0,0.0,0.0,53282.15,53585.15,52783.45,53710.35,0,0.0,0.0,0.0,0.0,-0.01,-1,-1,-0.01,-1,-1,-0.01,-1,-1,-0.01,-1,-1,-0.01,-1,-1,-0.01,-1,-1,-0.01,-1,-1,-0.01,-1,-1,-0.01,-1,-1,-0.01,-1,-1
99926009,2026-05-18 13:34:49+05:30,53542.8,0,0.0,0,0.0,0.0,53282.15,53585.15,52783.45,53710.35,0,0.0,0.0,0.0,0.0,-0.01,-1,-1,-0.01,-1,-1,-0.01,-1,-1,-0.01,-1,-1,-0.01,-1,-1,-0.01,-1,-1,-0.01,-1,-1,-0.01,-1,-1,-0.01,-1,-1,-0.01,-1,-1
99926009,2026-05-18 13:34:50+05:30,53542.8,0,0.0,0,0.0,0.0,53282.15,53585.15,52783.45,53710.35,0,0.0,0.0,0.0,0.0,-0.01,-1,-1,-0.01,-1,-1,-0.01,-1,-1,-0.01,-1,-1,-0.01,-1,-1,-0.01,-1,-1,-0.01,-1,-1,-0.01,-1,-1,-0.01,-1,-1,-0.01,-1,-1
99926009,2026-05-18 13:34:50+05:30,53541.35,0,0.0,0,0.0,0.0,53282.15,53585.15,52783.45,53710.35,0,0.0,0.0,0.0,0.0,-0.01,-1,-1,-0.01,-1,-1,-0.01,-1,-1,-0.01,-1,-1,-0.01,-1,-1,-0.01,-1,-1,-0.01,-1,-1,-0.01,-1,-1,-0.01,-1,-1,-0.01,-1,-1
99926009,2026-05-18 13:34:51+05:30,53542.75,0,0.0,0,0.0,0.0,53282.15,53585.15,52783.45,53710.35,0,0.0,0.0,0.0,0.0,-0.01,-1,-1,-0.01,-1,-1,-0.01,-1,-1,-0.01,-1,-1,-0.01,-1,-1,-0.01,-1,-1,-0.01,-1,-1,-0.01,-1,-1,-0.01,-1,-1,-0.01,-1,-1
99926009,2026-05-18 13:34:51+05:30,53541.05,0,0.0,0,0.0,0.0,53282.15,53585.15,52783.45,53710.35,0,0.0,0.0,0.0,0.0,-0.01,-1,-1,-0.01,-1,-1,-0.01,-1,-1,-0.01,-1,-1,-0.01,-1,-1,-0.01,-1,-1,-0.01,-1,-1,-0.01,-1,-1,-0.01,-1,-1,-0.01,-1,-1
99926009,2026-05-18 13:34:52+05:30,53539.35,0,0.0,0,0.0,0.0,53282.15,53585.15,52783.45,53710.35,0,0.0,0.0,0.0,0.0,-0.01,-1,-1,-0.01,-1,-1,-0.01,-1,-1,-0.01,-1,-1,-0.01,-1,-1,-0.01,-1,-1,-0.01,-1,-1,-0.01,-1,-1,-0.01,-1,-1,-0.01,-1,-1
99926009,2026-05-18 13:34:52+05:30,53540.2,0,0.0,0,0.0,0.0,53282.15,53585.15,52783.45,53710.35,0,0.0,0.0,0.0,0.0,-0.01,-1,-1,-0.01,-1,-1,-0.01,-1,-1,-0.01,-1,-1,-0.01,-1,-1,-0.01,-1,-1,-0.01,-1,-1,-0.01,-1,-1,-0.01,-1,-1,-0.01,-1,-1
99926009,2026-05-18 13:34:53+05:30,53541.4,0,0.0,0,0.0,0.0,53282.15,53585.15,52783.45,53710.35,0,0.0,0.0,0.0,0.0,-0.01,-1,-1,-0.01,-1,-1,-0.01,-1,-1,-0.01,-1,-1,-0.01,-1,-1,-0.01,-1,-1,-0.01,-1,-1,-0.01,-1,-1,-0.01,-1,-1,-0.01,-1,-1
99926009,2026-05-18 13:34:53+05:30,53538.2,0,0.0,0,0.0,0.0,53282.15,53585.15,52783.45,53710.35,0,0.0,0.0,0.0,0.0,-0.01,-1,-1,-0.01,-1,-1,-0.01,-1,-1,-0.01,-1,-1,-0.01,-1,-1,-0.01,-1,-1,-0.01,-1,-1,-0.01,-1,-1,-0.01,-1,-1,-0.01,-1,-1
99926009,2026-05-18 13:34:54+05:30,53537.6,0,0.0,0,0.0,0.0,53282.15,53585.15,52783.45,53710.35,0,0.0,0.0,0.0,0.0,-0.01,-1,-1,-0.01,-1,-1,-0.01,-1,-1,-0.01,-1,-1,-0.01,-1,-1,-0.01,-1,-1,-0.01,-1,-1,-0.01,-1,-1,-0.01,-1,-1,-0.01,-1,-1
99926009,2026-05-18 13:34:54+05:30,53536.8,0,0.0,0,0.0,0.0,53282.15,53585.15,52783.45,53710.35,0,0.0,0.0,0.0,0.0,-0.01,-1,-1,-0.01,-1,-1,-0.01,-1,-1,-0.01,-1,-1,-0.01,-1,-1,-0.01,-1,-1,-0.01,-1,-1,-0.01,-1,-1,-0.01,-1,-1,-0.01,-1,-1
99926009,2026-05-18 13:34:55+05:30,53540.35,0,0.0,0,0.0,0.0,53282.15,53585.15,52783.45,53710.35,0,0.0,0.0,0.0,0.0,-0.01,-1,-1,-0.01,-1,-1,-0.01,-1,-1,-0.01,-1,-1,-0.01,-1,-1,-0.01,-1,-1,-0.01,-1,-1,-0.01,-1,-1,-0.01,-1,-1,-0.01,-1,-1
99926009,2026-05-18 13:34:55+05:30,53537.55,0,0.0,0,0.0,0.0,53282.15,53585.15,52783.45,53710.35,0,0.0,0.0,0.0,0.0,-0.01,-1,-1,-0.01,-1,-1,-0.01,-1,-1,-0.01,-1,-1,-0.01,-1,-1,-0.01,-1,-1,-0.01,-1,-1,-0.01,-1,-1,-0.01,-1,-1,-0.01,-1,-1
99926009,2026-05-18 13:34:56+05:30,53537.7,0,0.0,0,0.0,0.0,53282.15,53585.15,52783.45,53710.35,0,0.0,0.0,0.0,0.0,-0.01,-1,-1,-0.01,-1,-1,-0.01,-1,-1,-0.01,-1,-1,-0.01,-1,-1,-0.01,-1,-1,-0.01,-1,-1,-0.01,-1,-1,-0.01,-1,-1,-0.01,-1,-1
99926009,2026-05-18 13:34:56+05:30,53539.4,0,0.0,0,0.0,0.0,53282.15,53585.15,52783.45,53710.35,0,0.0,0.0,0.0,0.0,-0.01,-1,-1,-0.01,-1,-1,-0.01,-1,-1,-0.01,-1,-1,-0.01,-1,-1,-0.01,-1,-1,-0.01,-1,-1,-0.01,-1,-1,-0.01,-1,-1,-0.01,-1,-1
99926009,2026-05-18 13:34:57+05:30,53540.4,0,0.0,0,0.0,0.0,53282.15,53585.15,52783.45,53710.35,0,0.0,0.0,0.0,0.0,-0.01,-1,-1,-0.01,-1,-1,-0.01,-1,-1,-0.01,-1,-1,-0.01,-1,-1,-0.01,-1,-1,-0.01,-1,-1,-0.01,-1,-1,-0.01,-1,-1,-0.01,-1,-1
99926009,2026-05-18 13:34:57+05:30,53540.45,0,0.0,0,0.0,0.0,53282.15,53585.15,52783.45,53710.35,0,0.0,0.0,0.0,0.0,-0.01,-1,-1,-0.01,-1,-1,-0.01,-1,-1,-0.01,-1,-1,-0.01,-1,-1,-0.01,-1,-1,-0.01,-1,-1,-0.01,-1,-1,-0.01,-1,-1,-0.01,-1,-1
99926009,2026-05-18 13:34:58+05:30,53536.35,0,0.0,0,0.0,0.0,53282.15,53585.15,52783.45,53710.35,0,0.0,0.0,0.0,0.0,-0.01,-1,-1,-0.01,-1,-1,-0.01,-1,-1,-0.01,-1,-1,-0.01,-1,-1,-0.01,-1,-1,-0.01,-1,-1,-0.01,-1,-1,-0.01,-1,-1,-0.01,-1,-1
99926009,2026-05-18 13:34:58+05:30,53539.1,0,0.0,0,0.0,0.0,53282.15,53585.15,52783.45,53710.35,0,0.0,0.0,0.0,0.0,-0.01,-1,-1,-0.01,-1,-1,-0.01,-1,-1,-0.01,-1,-1,-0.01,-1,-1,-0.01,-1,-1,-0.01,-1,-1,-0.01,-1,-1,-0.01,-1,-1,-0.01,-1,-1
99926009,2026-05-18 13:34:59+05:30,53537.35,0,0.0,0,0.0,0.0,53282.15,53585.15,52783.45,53710.35,0,0.0,0.0,0.0,0.0,-0.01,-1,-1,-0.01,-1,-1,-0.01,-1,-1,-0.01,-1,-1,-0.01,-1,-1,-0.01,-1,-1,-0.01,-1,-1,-0.01,-1,-1,-0.01,-1,-1,-0.01,-1,-1
99926009,2026-05-18 13:34:59+05:30,53537.35,0,0.0,0,0.0,0.0,53282.15,53585.15,52783.45,53710.35,0,0.0,0.0,0.0,0.0,-0.01,-1,-1,-0.01,-1,-1,-0.01,-1,-1,-0.01,-1,-1,-0.01,-1,-1,-0.01,-1,-1,-0.01,-1,-1,-0.01,-1,-1,-0.01,-1,-1,-0.01,-1,-1
99926009,2026-05-18 13:35:00+05:30,53545.3,0,0.0,0,0.0,0.0,53282.15,53585.15,52783.45,53710.35,0,0.0,0.0,0.0,0.0,-0.01,-1,-1,-0.01,-1,-1,-0.01,-1,-1,-0.01,-1,-1,-0.01,-1,-1,-0.01,-1,-1,-0.01,-1,-1,-0.01,-1,-1,-0.01,-1,-1,-0.01,-1,-1
99926009,2026-05-18 13:35:00+05:30,53545.15,0,0.0,0,0.0,0.0,53282.15,53585.15,52783.45,53710.35,0,0.0,0.0,0.0,0.0,-0.01,-1,-1,-0.01,-1,-1,-0.01,-1,-1,-0.01,-1,-1,-0.01,-1,-1,-0.01,-1,-1,-0.01,-1,-1,-0.01,-1,-1,-0.01,-1,-1,-0.01,-1,-1
99926009,2026-05-18 13:35:01+05:30,53546.55,0,0.0,0,0.0,0.0,53282.15,53585.15,52783.45,53710.35,0,0.0,0.0,0.0,0.0,-0.01,-1,-1,-0.01,-1,-1,-0.01,-1,-1,-0.01,-1,-1,-0.01,-1,-1,-0.01,-1,-1,-0.01,-1,-1,-0.01,-1,-1,-0.01,-1,-1,-0.01,-1,-1
99926009,2026-05-18 13:35:01+05:30,53548.3,0,0.0,0,0.0,0.0,53282.15,53585.15,52783.45,53710.35,0,0.0,0.0,0.0,0.0,-0.01,-1,-1,-0.01,-1,-1,-0.01,-1,-1,-0.01,-1,-1,-0.01,-1,-1,-0.01,-1,-1,-0.01,-1,-1,-0.01,-1,-1,-0.01,-1,-1,-0.01,-1,-1
99926009,2026-05-18 13:35:02+05:30,53547.7,0,0.0,0,0.0,0.0,53282.15,53585.15,52783.45,53710.35,0,0.0,0.0,0.0,0.0,-0.01,-1,-1,-0.01,-1,-1,-0.01,-1,-1,-0.01,-1,-1,-0.01,-1,-1,-0.01,-1,-1,-0.01,-1,-1,-0.01,-1,-1,-0.01,-1,-1,-0.01,-1,-1
99926009,2026-05-18 13:35:02+05:30,53548.35,0,0.0,0,0.0,0.0,53282.15,53585.15,52783.45,53710.35,0,0.0,0.0,0.0,0.0,-0.01,-1,-1,-0.01,-1,-1,-0.01,-1,-1,-0.01,-1,-1,-0.01,-1,-1,-0.01,-1,-1,-0.01,-1,-1,-0.01,-1,-1,-0.01,-1,-1,-0.01,-1,-1
99926009,2026-05-18 13:35:03+05:30,53548.85,0,0.0,0,0.0,0.0,53282.15,53585.15,52783.45,53710.35,0,0.0,0.0,0.0,0.0,-0.01,-1,-1,-0.01,-1,-1,-0.01,-1,-1,-0.01,-1,-1,-0.01,-1,-1,-0.01,-1,-1,-0.01,-1,-1,-0.01,-1,-1,-0.01,-1,-1,-0.01,-1,-1
99926009,2026-05-18 13:35:03+05:30,53547.4,0,0.0,0,0.0,0.0,53282.15,53585.15,52783.45,53710.35,0,0.0,0.0,0.0,0.0,-0.01,-1,-1,-0.01,-1,-1,-0.01,-1,-1,-0.01,-1,-1,-0.01,-1,-1,-0.01,-1,-1,-0.01,-1,-1,-0.01,-1,-1,-0.01,-1,-1,-0.01,-1,-1
99926009,2026-05-18 13:35:04+05:30,53546.05,0,0.0,0,0.0,0.0,53282.15,53585.15,52783.45,53710.35,0,0.0,0.0,0.0,0.0,-0.01,-1,-1,-0.01,-1,-1,-0.01,-1,-1,-0.01,-1,-1,-0.01,-1,-1,-0.01,-1,-1,-0.01,-1,-1,-0.01,-1,-1,-0.01,-1,-1,-0.01,-1,-1
99926009,2026-05-18 13:35:04+05:30,53547.9,0,0.0,0,0.0,0.0,53282.15,53585.15,52783.45,53710.35,0,0.0,0.0,0.0,0.0,-0.01,-1,-1,-0.01,-1,-1,-0.01,-1,-1,-0.01,-1,-1,-0.01,-1,-1,-0.01,-1,-1,-0.01,-1,-1,-0.01,-1,-1,-0.01,-1,-1,-0.01,-1,-1
99926009,2026-05-18 13:35:05+05:30,53549.8,0,0.0,0,0.0,0.0,53282.15,53585.15,52783.45,53710.35,0,0.0,0.0,0.0,0.0,-0.01,-1,-1,-0.01,-1,-1,-0.01,-1,-1,-0.01,-1,-1,-0.01,-1,-1,-0.01,-1,-1,-0.01,-1,-1,-0.01,-1,-1,-0.01,-1,-1,-0.01,-1,-1
99926009,2026-05-18 13:35:05+05:30,53547.9,0,0.0,0,0.0,0.0,53282.15,53585.15,52783.45,53710.35,0,0.0,0.0,0.0,0.0,-0.01,-1,-1,-0.01,-1,-1,-0.01,-1,-1,-0.01,-1,-1,-0.01,-1,-1,-0.01,-1,-1,-0.01,-1,-1,-0.01,-1,-1,-0.01,-1,-1,-0.01,-1,-1
99926009,2026-05-18 13:35:06+05:30,53545.1,0,0.0,0,0.0,0.0,53282.15,53585.15,52783.45,53710.35,0,0.0,0.0,0.0,0.0,-0.01,-1,-1,-0.01,-1,-1,-0.01,-1,-1,-0.01,-1,-1,-0.01,-1,-1,-0.01,-1,-1,-0.01,-1,-1,-0.01,-1,-1,-0.01,-1,-1,-0.01,-1,-1
99926009,2026-05-18 13:35:06+05:30,53546.55,0,0.0,0,0.0,0.0,53282.15,53585.15,52783.45,53710.35,0,0.0,0.0,0.0,0.0,-0.01,-1,-1,-0.01,-1,-1,-0.01,-1,-1,-0.01,-1,-1,-0.01,-1,-1,-0.01,-1,-1,-0.01,-1,-1,-0.01,-1,-1,-0.01,-1,-1,-0.01,-1,-1
99926009,2026-05-18 13:35:07+05:30,53548.1,0,0.0,0,0.0,0.0,53282.15,53585.15,52783.45,53710.35,0,0.0,0.0,0.0,0.0,-0.01,-1,-1,-0.01,-1,-1,-0.01,-1,-1,-0.01,-1,-1,-0.01,-1,-1,-0.01,-1,-1,-0.01,-1,-1,-0.01,-1,-1,-0.01,-1,-1,-0.01,-1,-1
99926009,2026-05-18 13:35:07+05:30,53546.9,0,0.0,0,0.0,0.0,53282.15,53585.15,52783.45,53710.35,0,0.0,0.0,0.0,0.0,-0.01,-1,-1,-0.01,-1,-1,-0.01,-1,-1,-0.01,-1,-1,-0.01,-1,-1,-0.01,-1,-1,-0.01,-1,-1,-0.01,-1,-1,-0.01,-1,-1,-0.01,-1,-1
99926009,2026-05-18 13:35:08+05:30,53545.55,0,0.0,0,0.0,0.0,53282.15,53585.15,52783.45,53710.35,0,0.0,0.0,0.0,0.0,-0.01,-1,-1,-0.01,-1,-1,-0.01,-1,-1,-0.01,-1,-1,-0.01,-1,-1,-0.01,-1,-1,-0.01,-1,-1,-0.01,-1,-1,-0.01,-1,-1,-0.01,-1,-1
99926009,2026-05-18 13:35:08+05:30,53544.35,0,0.0,0,0.0,0.0,53282.15,53585.15,52783.45,53710.35,0,0.0,0.0,0.0,0.0,-0.01,-1,-1,-0.01,-1,-1,-0.01,-1,-1,-0.01,-1,-1,-0.01,-1,-1,-0.01,-1,-1,-0.01,-1,-1,-0.01,-1,-1,-0.01,-1,-1,-0.01,-1,-1
99926009,2026-05-18 13:35:09+05:30,53546.7,0,0.0,0,0.0,0.0,53282.15,53585.15,52783.45,53710.35,0,0.0,0.0,0.0,0.0,-0.01,-1,-1,-0.01,-1,-1,-0.01,-1,-1,-0.01,-1,-1,-0.01,-1,-1,-0.01,-1,-1,-0.01,-1,-1,-0.01,-1,-1,-0.01,-1,-1,-0.01,-1,-1
99926009,2026-05-18 13:35:09+05:30,53546.05,0,0.0,0,0.0,0.0,53282.15,53585.15,52783.45,53710.35,0,0.0,0.0,0.0,0.0,-0.01,-1,-1,-0.01,-1,-1,-0.01,-1,-1,-0.01,-1,-1,-0.01,-1,-1,-0.01,-1,-1,-0.01,-1,-1,-0.01,-1,-1,-0.01,-1,-1,-0.01,-1,-1
99926009,2026-05-18 13:35:10+05:30,53549.05,0,0.0,0,0.0,0.0,53282.15,53585.15,52783.45,53710.35,0,0.0,0.0,0.0,0.0,-0.01,-1,-1,-0.01,-1,-1,-0.01,-1,-1,-0.01,-1,-1,-0.01,-1,-1,-0.01,-1,-1,-0.01,-1,-1,-0.01,-1,-1,-0.01,-1,-1,-0.01,-1,-1
99926009,2026-05-18 13:35:10+05:30,53547.6,0,0.0,0,0.0,0.0,53282.15,53585.15,52783.45,53710.35,0,0.0,0.0,0.0,0.0,-0.01,-1,-1,-0.01,-1,-1,-0.01,-1,-1,-0.01,-1,-1,-0.01,-1,-1,-0.01,-1,-1,-0.01,-1,-1,-0.01,-1,-1,-0.01,-1,-1,-0.01,-1,-1
99926009,2026-05-18 13:35:11+05:30,53549.1,0,0.0,0,0.0,0.0,53282.15,53585.15,52783.45,53710.35,0,0.0,0.0,0.0,0.0,-0.01,-1,-1,-0.01,-1,-1,-0.01,-1,-1,-0.01,-1,-1,-0.01,-1,-1,-0.01,-1,-1,-0.01,-1,-1,-0.01,-1,-1,-0.01,-1,-1,-0.01,-1,-1
99926009,2026-05-18 13:35:11+05:30,53551.75,0,0.0,0,0.0,0.0,53282.15,53585.15,52783.45,53710.35,0,0.0,0.0,0.0,0.0,-0.01,-1,-1,-0.01,-1,-1,-0.01,-1,-1,-0.01,-1,-1,-0.01,-1,-1,-0.01,-1,-1,-0.01,-1,-1,-0.01,-1,-1,-0.01,-1,-1,-0.01,-1,-1
99926009,2026-05-18 13:35:12+05:30,53548.1,0,0.0,0,0.0,0.0,53282.15,53585.15,52783.45,53710.35,0,0.0,0.0,0.0,0.0,-0.01,-1,-1,-0.01,-1,-1,-0.01,-1,-1,-0.01,-1,-1,-0.01,-1,-1,-0.01,-1,-1,-0.01,-1,-1,-0.01,-1,-1,-0.01,-1,-1,-0.01,-1,-1
99926009,2026-05-18 13:35:12+05:30,53550.95,0,0.0,0,0.0,0.0,53282.15,53585.15,52783.45,53710.35,0,0.0,0.0,0.0,0.0,-0.01,-1,-1,-0.01,-1,-1,-0.01,-1,-1,-0.01,-1,-1,-0.01,-1,-1,-0.01,-1,-1,-0.01,-1,-1,-0.01,-1,-1,-0.01,-1,-1,-0.01,-1,-1
99926009,2026-05-18 13:35:13+05:30,53549.4,0,0.0,0,0.0,0.0,53282.15,53585.15,52783.45,53710.35,0,0.0,0.0,0.0,0.0,-0.01,-1,-1,-0.01,-1,-1,-0.01,-1,-1,-0.01,-1,-1,-0.01,-1,-1,-0.01,-1,-1,-0.01,-1,-1,-0.01,-1,-1,-0.01,-1,-1,-0.01,-1,-1
99926009,2026-05-18 13:35:13+05:30,53549.65,0,0.0,0,0.0,0.0,53282.15,53585.15,52783.45,53710.35,0,0.0,0.0,0.0,0.0,-0.01,-1,-1,-0.01,-1,-1,-0.01,-1,-1,-0.01,-1,-1,-0.01,-1,-1,-0.01,-1,-1,-0.01,-1,-1,-0.01,-1,-1,-0.01,-1,-1,-0.01,-1,-1
99926009,2026-05-18 13:35:14+05:30,53549.55,0,0.0,0,0.0,0.0,53282.15,53585.15,52783.45,53710.35,0,0.0,0.0,0.0,0.0,-0.01,-1,-1,-0.01,-1,-1,-0.01,-1,-1,-0.01,-1,-1,-0.01,-1,-1,-0.01,-1,-1,-0.01,-1,-1,-0.01,-1,-1,-0.01,-1,-1,-0.01,-1,-1
99926009,2026-05-18 13:35:14+05:30,53549.15,0,0.0,0,0.0,0.0,53282.15,53585.15,52783.45,53710.35,0,0.0,0.0,0.0,0.0,-0.01,-1,-1,-0.01,-1,-1,-0.01,-1,-1,-0.01,-1,-1,-0.01,-1,-1,-0.01,-1,-1,-0.01,-1,-1,-0.01,-1,-1,-0.01,-1,-1,-0.01,-1,-1
99926009,2026-05-18 13:35:15+05:30,53549.7,0,0.0,0,0.0,0.0,53282.15,53585.15,52783.45,53710.35,0,0.0,0.0,0.0,0.0,-0.01,-1,-1,-0.01,-1,-1,-0.01,-1,-1,-0.01,-1,-1,-0.01,-1,-1,-0.01,-1,-1,-0.01,-1,-1,-0.01,-1,-1,-0.01,-1,-1,-0.01,-1,-1
99926009,2026-05-18 13:35:15+05:30,53546.35,0,0.0,0,0.0,0.0,53282.15,53585.15,52783.45,53710.35,0,0.0,0.0,0.0,0.0,-0.01,-1,-1,-0.01,-1,-1,-0.01,-1,-1,-0.01,-1,-1,-0.01,-1,-1,-0.01,-1,-1,-0.01,-1,-1,-0.01,-1,-1,-0.01,-1,-1,-0.01,-1,-1
99926009,2026-05-18 13:35:16+05:30,53547.85,0,0.0,0,0.0,0.0,53282.15,53585.15,52783.45,53710.35,0,0.0,0.0,0.0,0.0,-0.01,-1,-1,-0.01,-1,-1,-0.01,-1,-1,-0.01,-1,-1,-0.01,-1,-1,-0.01,-1,-1,-0.01,-1,-1,-0.01,-1,-1,-0.01,-1,-1,-0.01,-1,-1
99926009,2026-05-18 13:35:16+05:30,53549.65,0,0.0,0,0.0,0.0,53282.15,53585.15,52783.45,53710.35,0,0.0,0.0,0.0,0.0,-0.01,-1,-1,-0.01,-1,-1,-0.01,-1,-1,-0.01,-1,-1,-0.01,-1,-1,-0.01,-1,-1,-0.01,-1,-1,-0.01,-1,-1,-0.01,-1,-1,-0.01,-1,-1
99926009,2026-05-18 13:35:17+05:30,53550.15,0,0.0,0,0.0,0.0,53282.15,53585.15,52783.45,53710.35,0,0.0,0.0,0.0,0.0,-0.01,-1,-1,-0.01,-1,-1,-0.01,-1,-1,-0.01,-1,-1,-0.01,-1,-1,-0.01,-1,-1,-0.01,-1,-1,-0.01,-1,-1,-0.01,-1,-1,-0.01,-1,-1
99926009,2026-05-18 13:35:17+05:30,53546.4,0,0.0,0,0.0,0.0,53282.15,53585.15,52783.45,53710.35,0,0.0,0.0,0.0,0.0,-0.01,-1,-1,-0.01,-1,-1,-0.01,-1,-1,-0.01,-1,-1,-0.01,-1,-1,-0.01,-1,-1,-0.01,-1,-1,-0.01,-1,-1,-0.01,-1,-1,-0.01,-1,-1
99926009,2026-05-18 13:35:18+05:30,53547.65,0,0.0,0,0.0,0.0,53282.15,53585.15,52783.45,53710.35,0,0.0,0.0,0.0,0.0,-0.01,-1,-1,-0.01,-1,-1,-0.01,-1,-1,-0.01,-1,-1,-0.01,-1,-1,-0.01,-1,-1,-0.01,-1,-1,-0.01,-1,-1,-0.01,-1,-1,-0.01,-1,-1
99926009,2026-05-18 13:35:18+05:30,53548.2,0,0.0,0,0.0,0.0,53282.15,53585.15,52783.45,53710.35,0,0.0,0.0,0.0,0.0,-0.01,-1,-1,-0.01,-1,-1,-0.01,-1,-1,-0.01,-1,-1,-0.01,-1,-1,-0.01,-1,-1,-0.01,-1,-1,-0.01,-1,-1,-0.01,-1,-1,-0.01,-1,-1
99926009,2026-05-18 13:35:19+05:30,53546.1,0,0.0,0,0.0,0.0,53282.15,53585.15,52783.45,53710.35,0,0.0,0.0,0.0,0.0,-0.01,-1,-1,-0.01,-1,-1,-0.01,-1,-1,-0.01,-1,-1,-0.01,-1,-1,-0.01,-1,-1,-0.01,-1,-1,-0.01,-1,-1,-0.01,-1,-1,-0.01,-1,-1
99926009,2026-05-18 13:35:19+05:30,53548.15,0,0.0,0,0.0,0.0,53282.15,53585.15,52783.45,53710.35,0,0.0,0.0,0.0,0.0,-0.01,-1,-1,-0.01,-1,-1,-0.01,-1,-1,-0.01,-1,-1,-0.01,-1,-1,-0.01,-1,-1,-0.01,-1,-1,-0.01,-1,-1,-0.01,-1,-1,-0.01,-1,-1
99926009,2026-05-18 13:35:20+05:30,53550.1,0,0.0,0,0.0,0.0,53282.15,53585.15,52783.45,53710.35,0,0.0,0.0,0.0,0.0,-0.01,-1,-1,-0.01,-1,-1,-0.01,-1,-1,-0.01,-1,-1,-0.01,-1,-1,-0.01,-1,-1,-0.01,-1,-1,-0.01,-1,-1,-0.01,-1,-1,-0.01,-1,-1
99926009,2026-05-18 13:35:20+05:30,53549.25,0,0.0,0,0.0,0.0,53282.15,53585.15,52783.45,53710.35,0,0.0,0.0,0.0,0.0,-0.01,-1,-1,-0.01,-1,-1,-0.01,-1,-1,-0.01,-1,-1,-0.01,-1,-1,-0.01,-1,-1,-0.01,-1,-1,-0.01,-1,-1,-0.01,-1,-1,-0.01,-1,-1
99926009,2026-05-18 13:35:21+05:30,53547.75,0,0.0,0,0.0,0.0,53282.15,53585.15,52783.45,53710.35,0,0.0,0.0,0.0,0.0,-0.01,-1,-1,-0.01,-1,-1,-0.01,-1,-1,-0.01,-1,-1,-0.01,-1,-1,-0.01,-1,-1,-0.01,-1,-1,-0.01,-1,-1,-0.01,-1,-1,-0.01,-1,-1
99926009,2026-05-18 13:35:21+05:30,53548.55,0,0.0,0,0.0,0.0,53282.15,53585.15,52783.45,53710.35,0,0.0,0.0,0.0,0.0,-0.01,-1,-1,-0.01,-1,-1,-0.01,-1,-1,-0.01,-1,-1,-0.01,-1,-1,-0.01,-1,-1,-0.01,-1,-1,-0.01,-1,-1,-0.01,-1,-1,-0.01,-1,-1
99926009,2026-05-18 13:35:22+05:30,53550.05,0,0.0,0,0.0,0.0,53282.15,53585.15,52783.45,53710.35,0,0.0,0.0,0.0,0.0,-0.01,-1,-1,-0.01,-1,-1,-0.01,-1,-1,-0.01,-1,-1,-0.01,-1,-1,-0.01,-1,-1,-0.01,-1,-1,-0.01,-1,-1,-0.01,-1,-1,-0.01,-1,-1
99926009,2026-05-18 13:35:22+05:30,53550.35,0,0.0,0,0.0,0.0,53282.15,53585.15,52783.45,53710.35,0,0.0,0.0,0.0,0.0,-0.01,-1,-1,-0.01,-1,-1,-0.01,-1,-1,-0.01,-1,-1,-0.01,-1,-1,-0.01,-1,-1,-0.01,-1,-1,-0.01,-1,-1,-0.01,-1,-1,-0.01,-1,-1
99926009,2026-05-18 13:35:23+05:30,53551.75,0,0.0,0,0.0,0.0,53282.15,53585.15,52783.45,53710.35,0,0.0,0.0,0.0,0.0,-0.01,-1,-1,-0.01,-1,-1,-0.01,-1,-1,-0.01,-1,-1,-0.01,-1,-1,-0.01,-1,-1,-0.01,-1,-1,-0.01,-1,-1,-0.01,-1,-1,-0.01,-1,-1
99926009,2026-05-18 13:35:23+05:30,53550.7,0,0.0,0,0.0,0.0,53282.15,53585.15,52783.45,53710.35,0,0.0,0.0,0.0,0.0,-0.01,-1,-1,-0.01,-1,-1,-0.01,-1,-1,-0.01,-1,-1,-0.01,-1,-1,-0.01,-1,-1,-0.01,-1,-1,-0.01,-1,-1,-0.01,-1,-1,-0.01,-1,-1
99926009,2026-05-18 13:35:24+05:30,53548.6,0,0.0,0,0.0,0.0,53282.15,53585.15,52783.45,53710.35,0,0.0,0.0,0.0,0.0,-0.01,-1,-1,-0.01,-1,-1,-0.01,-1,-1,-0.01,-1,-1,-0.01,-1,-1,-0.01,-1,-1,-0.01,-1,-1,-0.01,-1,-1,-0.01,-1,-1,-0.01,-1,-1
99926009,2026-05-18 13:35:24+05:30,53552.25,0,0.0,0,0.0,0.0,53282.15,53585.15,52783.45,53710.35,0,0.0,0.0,0.0,0.0,-0.01,-1,-1,-0.01,-1,-1,-0.01,-1,-1,-0.01,-1,-1,-0.01,-1,-1,-0.01,-1,-1,-0.01,-1,-1,-0.01,-1,-1,-0.01,-1,-1,-0.01,-1,-1
99926009,2026-05-18 13:35:25+05:30,53553.55,0,0.0,0,0.0,0.0,53282.15,53585.15,52783.45,53710.35,0,0.0,0.0,0.0,0.0,-0.01,-1,-1,-0.01,-1,-1,-0.01,-1,-1,-0.01,-1,-1,-0.01,-1,-1,-0.01,-1,-1,-0.01,-1,-1,-0.01,-1,-1,-0.01,-1,-1,-0.01,-1,-1
99926009,2026-05-18 13:35:25+05:30,53552.5,0,0.0,0,0.0,0.0,53282.15,53585.15,52783.45,53710.35,0,0.0,0.0,0.0,0.0,-0.01,-1,-1,-0.01,-1,-1,-0.01,-1,-1,-0.01,-1,-1,-0.01,-1,-1,-0.01,-1,-1,-0.01,-1,-1,-0.01,-1,-1,-0.01,-1,-1,-0.01,-1,-1
99926009,2026-05-18 13:35:26+05:30,53553.2,0,0.0,0,0.0,0.0,53282.15,53585.15,52783.45,53710.35,0,0.0,0.0,0.0,0.0,-0.01,-1,-1,-0.01,-1,-1,-0.01,-1,-1,-0.01,-1,-1,-0.01,-1,-1,-0.01,-1,-1,-0.01,-1,-1,-0.01,-1,-1,-0.01,-1,-1,-0.01,-1,-1
99926009,2026-05-18 13:35:26+05:30,53550.9,0,0.0,0,0.0,0.0,53282.15,53585.15,52783.45,53710.35,0,0.0,0.0,0.0,0.0,-0.01,-1,-1,-0.01,-1,-1,-0.01,-1,-1,-0.01,-1,-1,-0.01,-1,-1,-0.01,-1,-1,-0.01,-1,-1,-0.01,-1,-1,-0.01,-1,-1,-0.01,-1,-1
99926009,2026-05-18 13:35:27+05:30,53553.25,0,0.0,0,0.0,0.0,53282.15,53585.15,52783.45,53710.35,0,0.0,0.0,0.0,0.0,-0.01,-1,-1,-0.01,-1,-1,-0.01,-1,-1,-0.01,-1,-1,-0.01,-1,-1,-0.01,-1,-1,-0.01,-1,-1,-0.01,-1,-1,-0.01,-1,-1,-0.01,-1,-1
99926009,2026-05-18 13:35:27+05:30,53554.3,0,0.0,0,0.0,0.0,53282.15,53585.15,52783.45,53710.35,0,0.0,0.0,0.0,0.0,-0.01,-1,-1,-0.01,-1,-1,-0.01,-1,-1,-0.01,-1,-1,-0.01,-1,-1,-0.01,-1,-1,-0.01,-1,-1,-0.01,-1,-1,-0.01,-1,-1,-0.01,-1,-1
99926009,2026-05-18 13:35:28+05:30,53552.3,0,0.0,0,0.0,0.0,53282.15,53585.15,52783.45,53710.35,0,0.0,0.0,0.0,0.0,-0.01,-1,-1,-0.01,-1,-1,-0.01,-1,-1,-0.01,-1,-1,-0.01,-1,-1,-0.01,-1,-1,-0.01,-1,-1,-0.01,-1,-1,-0.01,-1,-1,-0.01,-1,-1
99926009,2026-05-18 13:35:28+05:30,53551.6,0,0.0,0,0.0,0.0,53282.15,53585.15,52783.45,53710.35,0,0.0,0.0,0.0,0.0,-0.01,-1,-1,-0.01,-1,-1,-0.01,-1,-1,-0.01,-1,-1,-0.01,-1,-1,-0.01,-1,-1,-0.01,-1,-1,-0.01,-1,-1,-0.01,-1,-1,-0.01,-1,-1
99926009,2026-05-18 13:35:29+05:30,53554.4,0,0.0,0,0.0,0.0,53282.15,53585.15,52783.45,53710.35,0,0.0,0.0,0.0,0.0,-0.01,-1,-1,-0.01,-1,-1,-0.01,-1,-1,-0.01,-1,-1,-0.01,-1,-1,-0.01,-1,-1,-0.01,-1,-1,-0.01,-1,-1,-0.01,-1,-1,-0.01,-1,-1
99926009,2026-05-18 13:35:29+05:30,53554.35,0,0.0,0,0.0,0.0,53282.15,53585.15,52783.45,53710.35,0,0.0,0.0,0.0,0.0,-0.01,-1,-1,-0.01,-1,-1,-0.01,-1,-1,-0.01,-1,-1,-0.01,-1,-1,-0.01,-1,-1,-0.01,-1,-1,-0.01,-1,-1,-0.01,-1,-1,-0.01,-1,-1
99926009,2026-05-18 13:35:30+05:30,53555.9,0,0.0,0,0.0,0.0,53282.15,53585.15,52783.45,53710.35,0,0.0,0.0,0.0,0.0,-0.01,-1,-1,-0.01,-1,-1,-0.01,-1,-1,-0.01,-1,-1,-0.01,-1,-1,-0.01,-1,-1,-0.01,-1,-1,-0.01,-1,-1,-0.01,-1,-1,-0.01,-1,-1
99926009,2026-05-18 13:35:30+05:30,53552.35,0,0.0,0,0.0,0.0,53282.15,53585.15,52783.45,53710.35,0,0.0,0.0,0.0,0.0,-0.01,-1,-1,-0.01,-1,-1,-0.01,-1,-1,-0.01,-1,-1,-0.01,-1,-1,-0.01,-1,-1,-0.01,-1,-1,-0.01,-1,-1,-0.01,-1,-1,-0.01,-1,-1
99926009,2026-05-18 13:35:31+05:30,53551.35,0,0.0,0,0.0,0.0,53282.15,53585.15,52783.45,53710.35,0,0.0,0.0,0.0,0.0,-0.01,-1,-1,-0.01,-1,-1,-0.01,-1,-1,-0.01,-1,-1,-0.01,-1,-1,-0.01,-1,-1,-0.01,-1,-1,-0.01,-1,-1,-0.01,-1,-1,-0.01,-1,-1
99926009,2026-05-18 13:35:31+05:30,53552.45,0,0.0,0,0.0,0.0,53282.15,53585.15,52783.45,53710.35,0,0.0,0.0,0.0,0.0,-0.01,-1,-1,-0.01,-1,-1,-0.01,-1,-1,-0.01,-1,-1,-0.01,-1,-1,-0.01,-1,-1,-0.01,-1,-1,-0.01,-1,-1,-0.01,-1,-1,-0.01,-1,-1
99926009,2026-05-18 13:35:32+05:30,53552.05,0,0.0,0,0.0,0.0,53282.15,53585.15,52783.45,53710.35,0,0.0,0.0,0.0,0.0,-0.01,-1,-1,-0.01,-1,-1,-0.01,-1,-1,-0.01,-1,-1,-0.01,-1,-1,-0.01,-1,-1,-0.01,-1,-1,-0.01,-1,-1,-0.01,-1,-1,-0.01,-1,-1
99926009,2026-05-18 13:35:32+05:30,53555.25,0,0.0,0,0.0,0.0,53282.15,53585.15,52783.45,53710.35,0,0.0,0.0,0.0,0.0,-0.01,-1,-1,-0.01,-1,-1,-0.01,-1,-1,-0.01,-1,-1,-0.01,-1,-1,-0.01,-1,-1,-0.01,-1,-1,-0.01,-1,-1,-0.01,-1,-1,-0.01,-1,-1
99926009,2026-05-18 13:35:33+05:30,53555.25,0,0.0,0,0.0,0.0,53282.15,53585.15,52783.45,53710.35,0,0.0,0.0,0.0,0.0,-0.01,-1,-1,-0.01,-1,-1,-0.01,-1,-1,-0.01,-1,-1,-0.01,-1,-1,-0.01,-1,-1,-0.01,-1,-1,-0.01,-1,-1,-0.01,-1,-1,-0.01,-1,-1
99926009,2026-05-18 13:35:33+05:30,53550.85,0,0.0,0,0.0,0.0,53282.15,53585.15,52783.45,53710.35,0,0.0,0.0,0.0,0.0,-0.01,-1,-1,-0.01,-1,-1,-0.01,-1,-1,-0.01,-1,-1,-0.01,-1,-1,-0.01,-1,-1,-0.01,-1,-1,-0.01,-1,-1,-0.01,-1,-1,-0.01,-1,-1
99926009,2026-05-18 13:35:34+05:30,53550.25,0,0.0,0,0.0,0.0,53282.15,53585.15,52783.45,53710.35,0,0.0,0.0,0.0,0.0,-0.01,-1,-1,-0.01,-1,-1,-0.01,-1,-1,-0.01,-1,-1,-0.01,-1,-1,-0.01,-1,-1,-0.01,-1,-1,-0.01,-1,-1,-0.01,-1,-1,-0.01,-1,-1
99926009,2026-05-18 13:35:34+05:30,53550.4,0,0.0,0,0.0,0.0,53282.15,53585.15,52783.45,53710.35,0,0.0,0.0,0.0,0.0,-0.01,-1,-1,-0.01,-1,-1,-0.01,-1,-1,-0.01,-1,-1,-0.01,-1,-1,-0.01,-1,-1,-0.01,-1,-1,-0.01,-1,-1,-0.01,-1,-1,-0.01,-1,-1
99926009,2026-05-18 13:35:35+05:30,53551.55,0,0.0,0,0.0,0.0,53282.15,53585.15,52783.45,53710.35,0,0.0,0.0,0.0,0.0,-0.01,-1,-1,-0.01,-1,-1,-0.01,-1,-1,-0.01,-1,-1,-0.01,-1,-1,-0.01,-1,-1,-0.01,-1,-1,-0.01,-1,-1,-0.01,-1,-1,-0.01,-1,-1
99926009,2026-05-18 13:35:35+05:30,53549.75,0,0.0,0,0.0,0.0,53282.15,53585.15,52783.45,53710.35,0,0.0,0.0,0.0,0.0,-0.01,-1,-1,-0.01,-1,-1,-0.01,-1,-1,-0.01,-1,-1,-0.01,-1,-1,-0.01,-1,-1,-0.01,-1,-1,-0.01,-1,-1,-0.01,-1,-1,-0.01,-1,-1
99926009,2026-05-18 13:35:36+05:30,53549.1,0,0.0,0,0.0,0.0,53282.15,53585.15,52783.45,53710.35,0,0.0,0.0,0.0,0.0,-0.01,-1,-1,-0.01,-1,-1,-0.01,-1,-1,-0.01,-1,-1,-0.01,-1,-1,-0.01,-1,-1,-0.01,-1,-1,-0.01,-1,-1,-0.01,-1,-1,-0.01,-1,-1
99926009,2026-05-18 13:35:36+05:30,53549.45,0,0.0,0,0.0,0.0,53282.15,53585.15,52783.45,53710.35,0,0.0,0.0,0.0,0.0,-0.01,-1,-1,-0.01,-1,-1,-0.01,-1,-1,-0.01,-1,-1,-0.01,-1,-1,-0.01,-1,-1,-0.01,-1,-1,-0.01,-1,-1,-0.01,-1,-1,-0.01,-1,-1
99926009,2026-05-18 13:35:37+05:30,53548.6,0,0.0,0,0.0,0.0,53282.15,53585.15,52783.45,53710.35,0,0.0,0.0,0.0,0.0,-0.01,-1,-1,-0.01,-1,-1,-0.01,-1,-1,-0.01,-1,-1,-0.01,-1,-1,-0.01,-1,-1,-0.01,-1,-1,-0.01,-1,-1,-0.01,-1,-1,-0.01,-1,-1
99926009,2026-05-18 13:35:37+05:30,53548.4,0,0.0,0,0.0,0.0,53282.15,53585.15,52783.45,53710.35,0,0.0,0.0,0.0,0.0,-0.01,-1,-1,-0.01,-1,-1,-0.01,-1,-1,-0.01,-1,-1,-0.01,-1,-1,-0.01,-1,-1,-0.01,-1,-1,-0.01,-1,-1,-0.01,-1,-1,-0.01,-1,-1
99926009,2026-05-18 13:35:38+05:30,53549.8,0,0.0,0,0.0,0.0,53282.15,53585.15,52783.45,53710.35,0,0.0,0.0,0.0,0.0,-0.01,-1,-1,-0.01,-1,-1,-0.01,-1,-1,-0.01,-1,-1,-0.01,-1,-1,-0.01,-1,-1,-0.01,-1,-1,-0.01,-1,-1,-0.01,-1,-1,-0.01,-1,-1
99926009,2026-05-18 13:35:38+05:30,53547.7,0,0.0,0,0.0,0.0,53282.15,53585.15,52783.45,53710.35,0,0.0,0.0,0.0,0.0,-0.01,-1,-1,-0.01,-1,-1,-0.01,-1,-1,-0.01,-1,-1,-0.01,-1,-1,-0.01,-1,-1,-0.01,-1,-1,-0.01,-1,-1,-0.01,-1,-1,-0.01,-1,-1
99926009,2026-05-18 13:35:39+05:30,53547.2,0,0.0,0,0.0,0.0,53282.15,53585.15,52783.45,53710.35,0,0.0,0.0,0.0,0.0,-0.01,-1,-1,-0.01,-1,-1,-0.01,-1,-1,-0.01,-1,-1,-0.01,-1,-1,-0.01,-1,-1,-0.01,-1,-1,-0.01,-1,-1,-0.01,-1,-1,-0.01,-1,-1
99926009,2026-05-18 13:35:39+05:30,53546.85,0,0.0,0,0.0,0.0,53282.15,53585.15,52783.45,53710.35,0,0.0,0.0,0.0,0.0,-0.01,-1,-1,-0.01,-1,-1,-0.01,-1,-1,-0.01,-1,-1,-0.01,-1,-1,-0.01,-1,-1,-0.01,-1,-1,-0.01,-1,-1,-0.01,-1,-1,-0.01,-1,-1
99926009,2026-05-18 13:35:40+05:30,53551.6,0,0.0,0,0.0,0.0,53282.15,53585.15,52783.45,53710.35,0,0.0,0.0,0.0,0.0,-0.01,-1,-1,-0.01,-1,-1,-0.01,-1,-1,-0.01,-1,-1,-0.01,-1,-1,-0.01,-1,-1,-0.01,-1,-1,-0.01,-1,-1,-0.01,-1,-1,-0.01,-1,-1
99926009,2026-05-18 13:35:40+05:30,53550.35,0,0.0,0,0.0,0.0,53282.15,53585.15,52783.45,53710.35,0,0.0,0.0,0.0,0.0,-0.01,-1,-1,-0.01,-1,-1,-0.01,-1,-1,-0.01,-1,-1,-0.01,-1,-1,-0.01,-1,-1,-0.01,-1,-1,-0.01,-1,-1,-0.01,-1,-1,-0.01,-1,-1
99926009,2026-05-18 13:35:41+05:30,53549.55,0,0.0,0,0.0,0.0,53282.15,53585.15,52783.45,53710.35,0,0.0,0.0,0.0,0.0,-0.01,-1,-1,-0.01,-1,-1,-0.01,-1,-1,-0.01,-1,-1,-0.01,-1,-1,-0.01,-1,-1,-0.01,-1,-1,-0.01,-1,-1,-0.01,-1,-1,-0.01,-1,-1
99926009,2026-05-18 13:35:41+05:30,53549.65,0,0.0,0,0.0,0.0,53282.15,53585.15,52783.45,53710.35,0,0.0,0.0,0.0,0.0,-0.01,-1,-1,-0.01,-1,-1,-0.01,-1,-1,-0.01,-1,-1,-0.01,-1,-1,-0.01,-1,-1,-0.01,-1,-1,-0.01,-1,-1,-0.01,-1,-1,-0.01,-1,-1
99926009,2026-05-18 13:35:42+05:30,53551.3,0,0.0,0,0.0,0.0,53282.15,53585.15,52783.45,53710.35,0,0.0,0.0,0.0,0.0,-0.01,-1,-1,-0.01,-1,-1,-0.01,-1,-1,-0.01,-1,-1,-0.01,-1,-1,-0.01,-1,-1,-0.01,-1,-1,-0.01,-1,-1,-0.01,-1,-1,-0.01,-1,-1
99926009,2026-05-18 13:35:42+05:30,53549.85,0,0.0,0,0.0,0.0,53282.15,53585.15,52783.45,53710.35,0,0.0,0.0,0.0,0.0,-0.01,-1,-1,-0.01,-1,-1,-0.01,-1,-1,-0.01,-1,-1,-0.01,-1,-1,-0.01,-1,-1,-0.01,-1,-1,-0.01,-1,-1,-0.01,-1,-1,-0.01,-1,-1
99926009,2026-05-18 13:35:43+05:30,53548.8,0,0.0,0,0.0,0.0,53282.15,53585.15,52783.45,53710.35,0,0.0,0.0,0.0,0.0,-0.01,-1,-1,-0.01,-1,-1,-0.01,-1,-1,-0.01,-1,-1,-0.01,-1,-1,-0.01,-1,-1,-0.01,-1,-1,-0.01,-1,-1,-0.01,-1,-1,-0.01,-1,-1
99926009,2026-05-18 13:35:43+05:30,53549.15,0,0.0,0,0.0,0.0,53282.15,53585.15,52783.45,53710.35,0,0.0,0.0,0.0,0.0,-0.01,-1,-1,-0.01,-1,-1,-0.01,-1,-1,-0.01,-1,-1,-0.01,-1,-1,-0.01,-1,-1,-0.01,-1,-1,-0.01,-1,-1,-0.01,-1,-1,-0.01,-1,-1
99926009,2026-05-18 13:35:44+05:30,53549.55,0,0.0,0,0.0,0.0,53282.15,53585.15,52783.45,53710.35,0,0.0,0.0,0.0,0.0,-0.01,-1,-1,-0.01,-1,-1,-0.01,-1,-1,-0.01,-1,-1,-0.01,-1,-1,-0.01,-1,-1,-0.01,-1,-1,-0.01,-1,-1,-0.01,-1,-1,-0.01,-1,-1
99926009,2026-05-18 13:35:44+05:30,53548.95,0,0.0,0,0.0,0.0,53282.15,53585.15,52783.45,53710.35,0,0.0,0.0,0.0,0.0,-0.01,-1,-1,-0.01,-1,-1,-0.01,-1,-1,-0.01,-1,-1,-0.01,-1,-1,-0.01,-1,-1,-0.01,-1,-1,-0.01,-1,-1,-0.01,-1,-1,-0.01,-1,-1
99926009,2026-05-18 13:35:45+05:30,53550.0,0,0.0,0,0.0,0.0,53282.15,53585.15,52783.45,53710.35,0,0.0,0.0,0.0,0.0,-0.01,-1,-1,-0.01,-1,-1,-0.01,-1,-1,-0.01,-1,-1,-0.01,-1,-1,-0.01,-1,-1,-0.01,-1,-1,-0.01,-1,-1,-0.01,-1,-1,-0.01,-1,-1
99926009,2026-05-18 13:35:45+05:30,53550.0,0,0.0,0,0.0,0.0,53282.15,53585.15,52783.45,53710.35,0,0.0,0.0,0.0,0.0,-0.01,-1,-1,-0.01,-1,-1,-0.01,-1,-1,-0.01,-1,-1,-0.01,-1,-1,-0.01,-1,-1,-0.01,-1,-1,-0.01,-1,-1,-0.01,-1,-1,-0.01,-1,-1
99926009,2026-05-18 13:35:46+05:30,53549.55,0,0.0,0,0.0,0.0,53282.15,53585.15,52783.45,53710.35,0,0.0,0.0,0.0,0.0,-0.01,-1,-1,-0.01,-1,-1,-0.01,-1,-1,-0.01,-1,-1,-0.01,-1,-1,-0.01,-1,-1,-0.01,-1,-1,-0.01,-1,-1,-0.01,-1,-1,-0.01,-1,-1
99926009,2026-05-18 13:35:46+05:30,53551.15,0,0.0,0,0.0,0.0,53282.15,53585.15,52783.45,53710.35,0,0.0,0.0,0.0,0.0,-0.01,-1,-1,-0.01,-1,-1,-0.01,-1,-1,-0.01,-1,-1,-0.01,-1,-1,-0.01,-1,-1,-0.01,-1,-1,-0.01,-1,-1,-0.01,-1,-1,-0.01,-1,-1
99926009,2026-05-18 13:35:47+05:30,53549.4,0,0.0,0,0.0,0.0,53282.15,53585.15,52783.45,53710.35,0,0.0,0.0,0.0,0.0,-0.01,-1,-1,-0.01,-1,-1,-0.01,-1,-1,-0.01,-1,-1,-0.01,-1,-1,-0.01,-1,-1,-0.01,-1,-1,-0.01,-1,-1,-0.01,-1,-1,-0.01,-1,-1
99926009,2026-05-18 13:35:47+05:30,53545.6,0,0.0,0,0.0,0.0,53282.15,53585.15,52783.45,53710.35,0,0.0,0.0,0.0,0.0,-0.01,-1,-1,-0.01,-1,-1,-0.01,-1,-1,-0.01,-1,-1,-0.01,-1,-1,-0.01,-1,-1,-0.01,-1,-1,-0.01,-1,-1,-0.01,-1,-1,-0.01,-1,-1
99926009,2026-05-18 13:35:48+05:30,53542.05,0,0.0,0,0.0,0.0,53282.15,53585.15,52783.45,53710.35,0,0.0,0.0,0.0,0.0,-0.01,-1,-1,-0.01,-1,-1,-0.01,-1,-1,-0.01,-1,-1,-0.01,-1,-1,-0.01,-1,-1,-0.01,-1,-1,-0.01,-1,-1,-0.01,-1,-1,-0.01,-1,-1
99926009,2026-05-18 13:35:48+05:30,53542.8,0,0.0,0,0.0,0.0,53282.15,53585.15,52783.45,53710.35,0,0.0,0.0,0.0,0.0,-0.01,-1,-1,-0.01,-1,-1,-0.01,-1,-1,-0.01,-1,-1,-0.01,-1,-1,-0.01,-1,-1,-0.01,-1,-1,-0.01,-1,-1,-0.01,-1,-1,-0.01,-1,-1
99926009,2026-05-18 13:35:49+05:30,53542.25,0,0.0,0,0.0,0.0,53282.15,53585.15,52783.45,53710.35,0,0.0,0.0,0.0,0.0,-0.01,-1,-1,-0.01,-1,-1,-0.01,-1,-1,-0.01,-1,-1,-0.01,-1,-1,-0.01,-1,-1,-0.01,-1,-1,-0.01,-1,-1,-0.01,-1,-1,-0.01,-1,-1
99926009,2026-05-18 13:35:49+05:30,53543.65,0,0.0,0,0.0,0.0,53282.15,53585.15,52783.45,53710.35,0,0.0,0.0,0.0,0.0,-0.01,-1,-1,-0.01,-1,-1,-0.01,-1,-1,-0.01,-1,-1,-0.01,-1,-1,-0.01,-1,-1,-0.01,-1,-1,-0.01,-1,-1,-0.01,-1,-1,-0.01,-1,-1
99926009,2026-05-18 13:35:50+05:30,53545.8,0,0.0,0,0.0,0.0,53282.15,53585.15,52783.45,53710.35,0,0.0,0.0,0.0,0.0,-0.01,-1,-1,-0.01,-1,-1,-0.01,-1,-1,-0.01,-1,-1,-0.01,-1,-1,-0.01,-1,-1,-0.01,-1,-1,-0.01,-1,-1,-0.01,-1,-1,-0.01,-1,-1
99926009,2026-05-18 13:35:50+05:30,53545.85,0,0.0,0,0.0,0.0,53282.15,53585.15,52783.45,53710.35,0,0.0,0.0,0.0,0.0,-0.01,-1,-1,-0.01,-1,-1,-0.01,-1,-1,-0.01,-1,-1,-0.01,-1,-1,-0.01,-1,-1,-0.01,-1,-1,-0.01,-1,-1,-0.01,-1,-1,-0.01,-1,-1
99926009,2026-05-18 13:35:51+05:30,53544.5,0,0.0,0,0.0,0.0,53282.15,53585.15,52783.45,53710.35,0,0.0,0.0,0.0,0.0,-0.01,-1,-1,-0.01,-1,-1,-0.01,-1,-1,-0.01,-1,-1,-0.01,-1,-1,-0.01,-1,-1,-0.01,-1,-1,-0.01,-1,-1,-0.01,-1,-1,-0.01,-1,-1
99926009,2026-05-18 13:35:51+05:30,53547.4,0,0.0,0,0.0,0.0,53282.15,53585.15,52783.45,53710.35,0,0.0,0.0,0.0,0.0,-0.01,-1,-1,-0.01,-1,-1,-0.01,-1,-1,-0.01,-1,-1,-0.01,-1,-1,-0.01,-1,-1,-0.01,-1,-1,-0.01,-1,-1,-0.01,-1,-1,-0.01,-1,-1
99926009,2026-05-18 13:35:52+05:30,53546.25,0,0.0,0,0.0,0.0,53282.15,53585.15,52783.45,53710.35,0,0.0,0.0,0.0,0.0,-0.01,-1,-1,-0.01,-1,-1,-0.01,-1,-1,-0.01,-1,-1,-0.01,-1,-1,-0.01,-1,-1,-0.01,-1,-1,-0.01,-1,-1,-0.01,-1,-1,-0.01,-1,-1
99926009,2026-05-18 13:35:52+05:30,53547.6,0,0.0,0,0.0,0.0,53282.15,53585.15,52783.45,53710.35,0,0.0,0.0,0.0,0.0,-0.01,-1,-1,-0.01,-1,-1,-0.01,-1,-1,-0.01,-1,-1,-0.01,-1,-1,-0.01,-1,-1,-0.01,-1,-1,-0.01,-1,-1,-0.01,-1,-1,-0.01,-1,-1
99926009,2026-05-18 13:35:53+05:30,53546.9,0,0.0,0,0.0,0.0,53282.15,53585.15,52783.45,53710.35,0,0.0,0.0,0.0,0.0,-0.01,-1,-1,-0.01,-1,-1,-0.01,-1,-1,-0.01,-1,-1,-0.01,-1,-1,-0.01,-1,-1,-0.01,-1,-1,-0.01,-1,-1,-0.01,-1,-1,-0.01,-1,-1
99926009,2026-05-18 13:35:53+05:30,53545.0,0,0.0,0,0.0,0.0,53282.15,53585.15,52783.45,53710.35,0,0.0,0.0,0.0,0.0,-0.01,-1,-1,-0.01,-1,-1,-0.01,-1,-1,-0.01,-1,-1,-0.01,-1,-1,-0.01,-1,-1,-0.01,-1,-1,-0.01,-1,-1,-0.01,-1,-1,-0.01,-1,-1
99926009,2026-05-18 13:35:54+05:30,53546.7,0,0.0,0,0.0,0.0,53282.15,53585.15,52783.45,53710.35,0,0.0,0.0,0.0,0.0,-0.01,-1,-1,-0.01,-1,-1,-0.01,-1,-1,-0.01,-1,-1,-0.01,-1,-1,-0.01,-1,-1,-0.01,-1,-1,-0.01,-1,-1,-0.01,-1,-1,-0.01,-1,-1
99926009,2026-05-18 13:35:54+05:30,53547.4,0,0.0,0,0.0,0.0,53282.15,53585.15,52783.45,53710.35,0,0.0,0.0,0.0,0.0,-0.01,-1,-1,-0.01,-1,-1,-0.01,-1,-1,-0.01,-1,-1,-0.01,-1,-1,-0.01,-1,-1,-0.01,-1,-1,-0.01,-1,-1,-0.01,-1,-1,-0.01,-1,-1
99926009,2026-05-18 13:35:55+05:30,53548.6,0,0.0,0,0.0,0.0,53282.15,53585.15,52783.45,53710.35,0,0.0,0.0,0.0,0.0,-0.01,-1,-1,-0.01,-1,-1,-0.01,-1,-1,-0.01,-1,-1,-0.01,-1,-1,-0.01,-1,-1,-0.01,-1,-1,-0.01,-1,-1,-0.01,-1,-1,-0.01,-1,-1
99926009,2026-05-18 13:35:55+05:30,53542.3,0,0.0,0,0.0,0.0,53282.15,53585.15,52783.45,53710.35,0,0.0,0.0,0.0,0.0,-0.01,-1,-1,-0.01,-1,-1,-0.01,-1,-1,-0.01,-1,-1,-0.01,-1,-1,-0.01,-1,-1,-0.01,-1,-1,-0.01,-1,-1,-0.01,-1,-1,-0.01,-1,-1
99926009,2026-05-18 13:35:56+05:30,53542.1,0,0.0,0,0.0,0.0,53282.15,53585.15,52783.45,53710.35,0,0.0,0.0,0.0,0.0,-0.01,-1,-1,-0.01,-1,-1,-0.01,-1,-1,-0.01,-1,-1,-0.01,-1,-1,-0.01,-1,-1,-0.01,-1,-1,-0.01,-1,-1,-0.01,-1,-1,-0.01,-1,-1
99926009,2026-05-18 13:35:56+05:30,53543.9,0,0.0,0,0.0,0.0,53282.15,53585.15,52783.45,53710.35,0,0.0,0.0,0.0,0.0,-0.01,-1,-1,-0.01,-1,-1,-0.01,-1,-1,-0.01,-1,-1,-0.01,-1,-1,-0.01,-1,-1,-0.01,-1,-1,-0.01,-1,-1,-0.01,-1,-1,-0.01,-1,-1
99926009,2026-05-18 13:35:57+05:30,53545.2,0,0.0,0,0.0,0.0,53282.15,53585.15,52783.45,53710.35,0,0.0,0.0,0.0,0.0,-0.01,-1,-1,-0.01,-1,-1,-0.01,-1,-1,-0.01,-1,-1,-0.01,-1,-1,-0.01,-1,-1,-0.01,-1,-1,-0.01,-1,-1,-0.01,-1,-1,-0.01,-1,-1
99926009,2026-05-18 13:35:57+05:30,53544.4,0,0.0,0,0.0,0.0,53282.15,53585.15,52783.45,53710.35,0,0.0,0.0,0.0,0.0,-0.01,-1,-1,-0.01,-1,-1,-0.01,-1,-1,-0.01,-1,-1,-0.01,-1,-1,-0.01,-1,-1,-0.01,-1,-1,-0.01,-1,-1,-0.01,-1,-1,-0.01,-1,-1
99926009,2026-05-18 13:35:58+05:30,53543.55,0,0.0,0,0.0,0.0,53282.15,53585.15,52783.45,53710.35,0,0.0,0.0,0.0,0.0,-0.01,-1,-1,-0.01,-1,-1,-0.01,-1,-1,-0.01,-1,-1,-0.01,-1,-1,-0.01,-1,-1,-0.01,-1,-1,-0.01,-1,-1,-0.01,-1,-1,-0.01,-1,-1
99926009,2026-05-18 13:35:58+05:30,53542.05,0,0.0,0,0.0,0.0,53282.15,53585.15,52783.45,53710.35,0,0.0,0.0,0.0,0.0,-0.01,-1,-1,-0.01,-1,-1,-0.01,-1,-1,-0.01,-1,-1,-0.01,-1,-1,-0.01,-1,-1,-0.01,-1,-1,-0.01,-1,-1,-0.01,-1,-1,-0.01,-1,-1
99926009,2026-05-18 13:35:59+05:30,53544.75,0,0.0,0,0.0,0.0,53282.15,53585.15,52783.45,53710.35,0,0.0,0.0,0.0,0.0,-0.01,-1,-1,-0.01,-1,-1,-0.01,-1,-1,-0.01,-1,-1,-0.01,-1,-1,-0.01,-1,-1,-0.01,-1,-1,-0.01,-1,-1,-0.01,-1,-1,-0.01,-1,-1
99926009,2026-05-18 13:35:59+05:30,53544.65,0,0.0,0,0.0,0.0,53282.15,53585.15,52783.45,53710.35,0,0.0,0.0,0.0,0.0,-0.01,-1,-1,-0.01,-1,-1,-0.01,-1,-1,-0.01,-1,-1,-0.01,-1,-1,-0.01,-1,-1,-0.01,-1,-1,-0.01,-1,-1,-0.01,-1,-1,-0.01,-1,-1
99926009,2026-05-18 13:36:00+05:30,53543.55,0,0.0,0,0.0,0.0,53282.15,53585.15,52783.45,53710.35,0,0.0,0.0,0.0,0.0,-0.01,-1,-1,-0.01,-1,-1,-0.01,-1,-1,-0.01,-1,-1,-0.01,-1,-1,-0.01,-1,-1,-0.01,-1,-1,-0.01,-1,-1,-0.01,-1,-1,-0.01,-1,-1
99926009,2026-05-18 13:36:00+05:30,53542.1,0,0.0,0,0.0,0.0,53282.15,53585.15,52783.45,53710.35,0,0.0,0.0,0.0,0.0,-0.01,-1,-1,-0.01,-1,-1,-0.01,-1,-1,-0.01,-1,-1,-0.01,-1,-1,-0.01,-1,-1,-0.01,-1,-1,-0.01,-1,-1,-0.01,-1,-1,-0.01,-1,-1
99926009,2026-05-18 13:36:01+05:30,53540.85,0,0.0,0,0.0,0.0,53282.15,53585.15,52783.45,53710.35,0,0.0,0.0,0.0,0.0,-0.01,-1,-1,-0.01,-1,-1,-0.01,-1,-1,-0.01,-1,-1,-0.01,-1,-1,-0.01,-1,-1,-0.01,-1,-1,-0.01,-1,-1,-0.01,-1,-1,-0.01,-1,-1
99926009,2026-05-18 13:36:01+05:30,53542.0,0,0.0,0,0.0,0.0,53282.15,53585.15,52783.45,53710.35,0,0.0,0.0,0.0,0.0,-0.01,-1,-1,-0.01,-1,-1,-0.01,-1,-1,-0.01,-1,-1,-0.01,-1,-1,-0.01,-1,-1,-0.01,-1,-1,-0.01,-1,-1,-0.01,-1,-1,-0.01,-1,-1
99926009,2026-05-18 13:36:02+05:30,53542.4,0,0.0,0,0.0,0.0,53282.15,53585.15,52783.45,53710.35,0,0.0,0.0,0.0,0.0,-0.01,-1,-1,-0.01,-1,-1,-0.01,-1,-1,-0.01,-1,-1,-0.01,-1,-1,-0.01,-1,-1,-0.01,-1,-1,-0.01,-1,-1,-0.01,-1,-1,-0.01,-1,-1
99926009,2026-05-18 13:36:02+05:30,53540.9,0,0.0,0,0.0,0.0,53282.15,53585.15,52783.45,53710.35,0,0.0,0.0,0.0,0.0,-0.01,-1,-1,-0.01,-1,-1,-0.01,-1,-1,-0.01,-1,-1,-0.01,-1,-1,-0.01,-1,-1,-0.01,-1,-1,-0.01,-1,-1,-0.01,-1,-1,-0.01,-1,-1
99926009,2026-05-18 13:36:03+05:30,53539.9,0,0.0,0,0.0,0.0,53282.15,53585.15,52783.45,53710.35,0,0.0,0.0,0.0,0.0,-0.01,-1,-1,-0.01,-1,-1,-0.01,-1,-1,-0.01,-1,-1,-0.01,-1,-1,-0.01,-1,-1,-0.01,-1,-1,-0.01,-1,-1,-0.01,-1,-1,-0.01,-1,-1
99926009,2026-05-18 13:36:03+05:30,53541.2,0,0.0,0,0.0,0.0,53282.15,53585.15,52783.45,53710.35,0,0.0,0.0,0.0,0.0,-0.01,-1,-1,-0.01,-1,-1,-0.01,-1,-1,-0.01,-1,-1,-0.01,-1,-1,-0.01,-1,-1,-0.01,-1,-1,-0.01,-1,-1,-0.01,-1,-1,-0.01,-1,-1
99926009,2026-05-18 13:36:04+05:30,53541.3,0,0.0,0,0.0,0.0,53282.15,53585.15,52783.45,53710.35,0,0.0,0.0,0.0,0.0,-0.01,-1,-1,-0.01,-1,-1,-0.01,-1,-1,-0.01,-1,-1,-0.01,-1,-1,-0.01,-1,-1,-0.01,-1,-1,-0.01,-1,-1,-0.01,-1,-1,-0.01,-1,-1
99926009,2026-05-18 13:36:04+05:30,53542.8,0,0.0,0,0.0,0.0,53282.15,53585.15,52783.45,53710.35,0,0.0,0.0,0.0,0.0,-0.01,-1,-1,-0.01,-1,-1,-0.01,-1,-1,-0.01,-1,-1,-0.01,-1,-1,-0.01,-1,-1,-0.01,-1,-1,-0.01,-1,-1,-0.01,-1,-1,-0.01,-1,-1
99926009,2026-05-18 13:36:05+05:30,53543.95,0,0.0,0,0.0,0.0,53282.15,53585.15,52783.45,53710.35,0,0.0,0.0,0.0,0.0,-0.01,-1,-1,-0.01,-1,-1,-0.01,-1,-1,-0.01,-1,-1,-0.01,-1,-1,-0.01,-1,-1,-0.01,-1,-1,-0.01,-1,-1,-0.01,-1,-1,-0.01,-1,-1
99926009,2026-05-18 13:36:05+05:30,53542.3,0,0.0,0,0.0,0.0,53282.15,53585.15,52783.45,53710.35,0,0.0,0.0,0.0,0.0,-0.01,-1,-1,-0.01,-1,-1,-0.01,-1,-1,-0.01,-1,-1,-0.01,-1,-1,-0.01,-1,-1,-0.01,-1,-1,-0.01,-1,-1,-0.01,-1,-1,-0.01,-1,-1
99926009,2026-05-18 13:36:06+05:30,53543.0,0,0.0,0,0.0,0.0,53282.15,53585.15,52783.45,53710.35,0,0.0,0.0,0.0,0.0,-0.01,-1,-1,-0.01,-1,-1,-0.01,-1,-1,-0.01,-1,-1,-0.01,-1,-1,-0.01,-1,-1,-0.01,-1,-1,-0.01,-1,-1,-0.01,-1,-1,-0.01,-1,-1
99926009,2026-05-18 13:36:06+05:30,53541.95,0,0.0,0,0.0,0.0,53282.15,53585.15,52783.45,53710.35,0,0.0,0.0,0.0,0.0,-0.01,-1,-1,-0.01,-1,-1,-0.01,-1,-1,-0.01,-1,-1,-0.01,-1,-1,-0.01,-1,-1,-0.01,-1,-1,-0.01,-1,-1,-0.01,-1,-1,-0.01,-1,-1
99926009,2026-05-18 13:36:07+05:30,53540.65,0,0.0,0,0.0,0.0,53282.15,53585.15,52783.45,53710.35,0,0.0,0.0,0.0,0.0,-0.01,-1,-1,-0.01,-1,-1,-0.01,-1,-1,-0.01,-1,-1,-0.01,-1,-1,-0.01,-1,-1,-0.01,-1,-1,-0.01,-1,-1,-0.01,-1,-1,-0.01,-1,-1
99926009,2026-05-18 13:36:07+05:30,53541.4,0,0.0,0,0.0,0.0,53282.15,53585.15,52783.45,53710.35,0,0.0,0.0,0.0,0.0,-0.01,-1,-1,-0.01,-1,-1,-0.01,-1,-1,-0.01,-1,-1,-0.01,-1,-1,-0.01,-1,-1,-0.01,-1,-1,-0.01,-1,-1,-0.01,-1,-1,-0.01,-1,-1
99926009,2026-05-18 13:36:08+05:30,53541.5,0,0.0,0,0.0,0.0,53282.15,53585.15,52783.45,53710.35,0,0.0,0.0,0.0,0.0,-0.01,-1,-1,-0.01,-1,-1,-0.01,-1,-1,-0.01,-1,-1,-0.01,-1,-1,-0.01,-1,-1,-0.01,-1,-1,-0.01,-1,-1,-0.01,-1,-1,-0.01,-1,-1
99926009,2026-05-18 13:36:08+05:30,53541.6,0,0.0,0,0.0,0.0,53282.15,53585.15,52783.45,53710.35,0,0.0,0.0,0.0,0.0,-0.01,-1,-1,-0.01,-1,-1,-0.01,-1,-1,-0.01,-1,-1,-0.01,-1,-1,-0.01,-1,-1,-0.01,-1,-1,-0.01,-1,-1,-0.01,-1,-1,-0.01,-1,-1
99926009,2026-05-18 13:36:09+05:30,53542.3,0,0.0,0,0.0,0.0,53282.15,53585.15,52783.45,53710.35,0,0.0,0.0,0.0,0.0,-0.01,-1,-1,-0.01,-1,-1,-0.01,-1,-1,-0.01,-1,-1,-0.01,-1,-1,-0.01,-1,-1,-0.01,-1,-1,-0.01,-1,-1,-0.01,-1,-1,-0.01,-1,-1
99926009,2026-05-18 13:36:09+05:30,53544.05,0,0.0,0,0.0,0.0,53282.15,53585.15,52783.45,53710.35,0,0.0,0.0,0.0,0.0,-0.01,-1,-1,-0.01,-1,-1,-0.01,-1,-1,-0.01,-1,-1,-0.01,-1,-1,-0.01,-1,-1,-0.01,-1,-1,-0.01,-1,-1,-0.01,-1,-1,-0.01,-1,-1
99926009,2026-05-18 13:36:10+05:30,53544.05,0,0.0,0,0.0,0.0,53282.15,53585.15,52783.45,53710.35,0,0.0,0.0,0.0,0.0,-0.01,-1,-1,-0.01,-1,-1,-0.01,-1,-1,-0.01,-1,-1,-0.01,-1,-1,-0.01,-1,-1,-0.01,-1,-1,-0.01,-1,-1,-0.01,-1,-1,-0.01,-1,-1
99926009,2026-05-18 13:36:10+05:30,53543.05,0,0.0,0,0.0,0.0,53282.15,53585.15,52783.45,53710.35,0,0.0,0.0,0.0,0.0,-0.01,-1,-1,-0.01,-1,-1,-0.01,-1,-1,-0.01,-1,-1,-0.01,-1,-1,-0.01,-1,-1,-0.01,-1,-1,-0.01,-1,-1,-0.01,-1,-1,-0.01,-1,-1
99926009,2026-05-18 13:36:11+05:30,53542.4,0,0.0,0,0.0,0.0,53282.15,53585.15,52783.45,53710.35,0,0.0,0.0,0.0,0.0,-0.01,-1,-1,-0.01,-1,-1,-0.01,-1,-1,-0.01,-1,-1,-0.01,-1,-1,-0.01,-1,-1,-0.01,-1,-1,-0.01,-1,-1,-0.01,-1,-1,-0.01,-1,-1
99926009,2026-05-18 13:36:11+05:30,53546.65,0,0.0,0,0.0,0.0,53282.15,53585.15,52783.45,53710.35,0,0.0,0.0,0.0,0.0,-0.01,-1,-1,-0.01,-1,-1,-0.01,-1,-1,-0.01,-1,-1,-0.01,-1,-1,-0.01,-1,-1,-0.01,-1,-1,-0.01,-1,-1,-0.01,-1,-1,-0.01,-1,-1
99926009,2026-05-18 13:36:12+05:30,53547.65,0,0.0,0,0.0,0.0,53282.15,53585.15,52783.45,53710.35,0,0.0,0.0,0.0,0.0,-0.01,-1,-1,-0.01,-1,-1,-0.01,-1,-1,-0.01,-1,-1,-0.01,-1,-1,-0.01,-1,-1,-0.01,-1,-1,-0.01,-1,-1,-0.01,-1,-1,-0.01,-1,-1
99926009,2026-05-18 13:36:12+05:30,53547.65,0,0.0,0,0.0,0.0,53282.15,53585.15,52783.45,53710.35,0,0.0,0.0,0.0,0.0,-0.01,-1,-1,-0.01,-1,-1,-0.01,-1,-1,-0.01,-1,-1,-0.01,-1,-1,-0.01,-1,-1,-0.01,-1,-1,-0.01,-1,-1,-0.01,-1,-1,-0.01,-1,-1
99926009,2026-05-18 13:36:13+05:30,53545.05,0,0.0,0,0.0,0.0,53282.15,53585.15,52783.45,53710.35,0,0.0,0.0,0.0,0.0,-0.01,-1,-1,-0.01,-1,-1,-0.01,-1,-1,-0.01,-1,-1,-0.01,-1,-1,-0.01,-1,-1,-0.01,-1,-1,-0.01,-1,-1,-0.01,-1,-1,-0.01,-1,-1
99926009,2026-05-18 13:36:13+05:30,53545.0,0,0.0,0,0.0,0.0,53282.15,53585.15,52783.45,53710.35,0,0.0,0.0,0.0,0.0,-0.01,-1,-1,-0.01,-1,-1,-0.01,-1,-1,-0.01,-1,-1,-0.01,-1,-1,-0.01,-1,-1,-0.01,-1,-1,-0.01,-1,-1,-0.01,-1,-1,-0.01,-1,-1
99926009,2026-05-18 13:36:14+05:30,53546.75,0,0.0,0,0.0,0.0,53282.15,53585.15,52783.45,53710.35,0,0.0,0.0,0.0,0.0,-0.01,-1,-1,-0.01,-1,-1,-0.01,-1,-1,-0.01,-1,-1,-0.01,-1,-1,-0.01,-1,-1,-0.01,-1,-1,-0.01,-1,-1,-0.01,-1,-1,-0.01,-1,-1
99926009,2026-05-18 13:36:14+05:30,53546.75,0,0.0,0,0.0,0.0,53282.15,53585.15,52783.45,53710.35,0,0.0,0.0,0.0,0.0,-0.01,-1,-1,-0.01,-1,-1,-0.01,-1,-1,-0.01,-1,-1,-0.01,-1,-1,-0.01,-1,-1,-0.01,-1,-1,-0.01,-1,-1,-0.01,-1,-1,-0.01,-1,-1
99926009,2026-05-18 13:36:15+05:30,53548.2,0,0.0,0,0.0,0.0,53282.15,53585.15,52783.45,53710.35,0,0.0,0.0,0.0,0.0,-0.01,-1,-1,-0.01,-1,-1,-0.01,-1,-1,-0.01,-1,-1,-0.01,-1,-1,-0.01,-1,-1,-0.01,-1,-1,-0.01,-1,-1,-0.01,-1,-1,-0.01,-1,-1
99926009,2026-05-18 13:36:15+05:30,53546.85,0,0.0,0,0.0,0.0,53282.15,53585.15,52783.45,53710.35,0,0.0,0.0,0.0,0.0,-0.01,-1,-1,-0.01,-1,-1,-0.01,-1,-1,-0.01,-1,-1,-0.01,-1,-1,-0.01,-1,-1,-0.01,-1,-1,-0.01,-1,-1,-0.01,-1,-1,-0.01,-1,-1
99926009,2026-05-18 13:36:16+05:30,53539.95,0,0.0,0,0.0,0.0,53282.15,53585.15,52783.45,53710.35,0,0.0,0.0,0.0,0.0,-0.01,-1,-1,-0.01,-1,-1,-0.01,-1,-1,-0.01,-1,-1,-0.01,-1,-1,-0.01,-1,-1,-0.01,-1,-1,-0.01,-1,-1,-0.01,-1,-1,-0.01,-1,-1
99926009,2026-05-18 13:36:16+05:30,53544.25,0,0.0,0,0.0,0.0,53282.15,53585.15,52783.45,53710.35,0,0.0,0.0,0.0,0.0,-0.01,-1,-1,-0.01,-1,-1,-0.01,-1,-1,-0.01,-1,-1,-0.01,-1,-1,-0.01,-1,-1,-0.01,-1,-1,-0.01,-1,-1,-0.01,-1,-1,-0.01,-1,-1
99926009,2026-05-18 13:36:17+05:30,53543.55,0,0.0,0,0.0,0.0,53282.15,53585.15,52783.45,53710.35,0,0.0,0.0,0.0,0.0,-0.01,-1,-1,-0.01,-1,-1,-0.01,-1,-1,-0.01,-1,-1,-0.01,-1,-1,-0.01,-1,-1,-0.01,-1,-1,-0.01,-1,-1,-0.01,-1,-1,-0.01,-1,-1
99926009,2026-05-18 13:36:17+05:30,53543.35,0,0.0,0,0.0,0.0,53282.15,53585.15,52783.45,53710.35,0,0.0,0.0,0.0,0.0,-0.01,-1,-1,-0.01,-1,-1,-0.01,-1,-1,-0.01,-1,-1,-0.01,-1,-1,-0.01,-1,-1,-0.01,-1,-1,-0.01,-1,-1,-0.01,-1,-1,-0.01,-1,-1
99926009,2026-05-18 13:36:18+05:30,53541.5,0,0.0,0,0.0,0.0,53282.15,53585.15,52783.45,53710.35,0,0.0,0.0,0.0,0.0,-0.01,-1,-1,-0.01,-1,-1,-0.01,-1,-1,-0.01,-1,-1,-0.01,-1,-1,-0.01,-1,-1,-0.01,-1,-1,-0.01,-1,-1,-0.01,-1,-1,-0.01,-1,-1
99926009,2026-05-18 13:36:18+05:30,53541.5,0,0.0,0,0.0,0.0,53282.15,53585.15,52783.45,53710.35,0,0.0,0.0,0.0,0.0,-0.01,-1,-1,-0.01,-1,-1,-0.01,-1,-1,-0.01,-1,-1,-0.01,-1,-1,-0.01,-1,-1,-0.01,-1,-1,-0.01,-1,-1,-0.01,-1,-1,-0.01,-1,-1
99926009,2026-05-18 13:36:19+05:30,53542.7,0,0.0,0,0.0,0.0,53282.15,53585.15,52783.45,53710.35,0,0.0,0.0,0.0,0.0,-0.01,-1,-1,-0.01,-1,-1,-0.01,-1,-1,-0.01,-1,-1,-0.01,-1,-1,-0.01,-1,-1,-0.01,-1,-1,-0.01,-1,-1,-0.01,-1,-1,-0.01,-1,-1
99926009,2026-05-18 13:36:19+05:30,53543.55,0,0.0,0,0.0,0.0,53282.15,53585.15,52783.45,53710.35,0,0.0,0.0,0.0,0.0,-0.01,-1,-1,-0.01,-1,-1,-0.01,-1,-1,-0.01,-1,-1,-0.01,-1,-1,-0.01,-1,-1,-0.01,-1,-1,-0.01,-1,-1,-0.01,-1,-1,-0.01,-1,-1
99926009,2026-05-18 13:36:20+05:30,53542.7,0,0.0,0,0.0,0.0,53282.15,53585.15,52783.45,53710.35,0,0.0,0.0,0.0,0.0,-0.01,-1,-1,-0.01,-1,-1,-0.01,-1,-1,-0.01,-1,-1,-0.01,-1,-1,-0.01,-1,-1,-0.01,-1,-1,-0.01,-1,-1,-0.01,-1,-1,-0.01,-1,-1
99926009,2026-05-18 13:36:20+05:30,53540.2,0,0.0,0,0.0,0.0,53282.15,53585.15,52783.45,53710.35,0,0.0,0.0,0.0,0.0,-0.01,-1,-1,-0.01,-1,-1,-0.01,-1,-1,-0.01,-1,-1,-0.01,-1,-1,-0.01,-1,-1,-0.01,-1,-1,-0.01,-1,-1,-0.01,-1,-1,-0.01,-1,-1
99926009,2026-05-18 13:36:21+05:30,53542.15,0,0.0,0,0.0,0.0,53282.15,53585.15,52783.45,53710.35,0,0.0,0.0,0.0,0.0,-0.01,-1,-1,-0.01,-1,-1,-0.01,-1,-1,-0.01,-1,-1,-0.01,-1,-1,-0.01,-1,-1,-0.01,-1,-1,-0.01,-1,-1,-0.01,-1,-1,-0.01,-1,-1
99926009,2026-05-18 13:36:21+05:30,53542.5,0,0.0,0,0.0,0.0,53282.15,53585.15,52783.45,53710.35,0,0.0,0.0,0.0,0.0,-0.01,-1,-1,-0.01,-1,-1,-0.01,-1,-1,-0.01,-1,-1,-0.01,-1,-1,-0.01,-1,-1,-0.01,-1,-1,-0.01,-1,-1,-0.01,-1,-1,-0.01,-1,-1
99926009,2026-05-18 13:36:22+05:30,53542.65,0,0.0,0,0.0,0.0,53282.15,53585.15,52783.45,53710.35,0,0.0,0.0,0.0,0.0,-0.01,-1,-1,-0.01,-1,-1,-0.01,-1,-1,-0.01,-1,-1,-0.01,-1,-1,-0.01,-1,-1,-0.01,-1,-1,-0.01,-1,-1,-0.01,-1,-1,-0.01,-1,-1
99926009,2026-05-18 13:36:22+05:30,53542.3,0,0.0,0,0.0,0.0,53282.15,53585.15,52783.45,53710.35,0,0.0,0.0,0.0,0.0,-0.01,-1,-1,-0.01,-1,-1,-0.01,-1,-1,-0.01,-1,-1,-0.01,-1,-1,-0.01,-1,-1,-0.01,-1,-1,-0.01,-1,-1,-0.01,-1,-1,-0.01,-1,-1
99926009,2026-05-18 13:36:23+05:30,53541.8,0,0.0,0,0.0,0.0,53282.15,53585.15,52783.45,53710.35,0,0.0,0.0,0.0,0.0,-0.01,-1,-1,-0.01,-1,-1,-0.01,-1,-1,-0.01,-1,-1,-0.01,-1,-1,-0.01,-1,-1,-0.01,-1,-1,-0.01,-1,-1,-0.01,-1,-1,-0.01,-1,-1
99926009,2026-05-18 13:36:23+05:30,53539.05,0,0.0,0,0.0,0.0,53282.15,53585.15,52783.45,53710.35,0,0.0,0.0,0.0,0.0,-0.01,-1,-1,-0.01,-1,-1,-0.01,-1,-1,-0.01,-1,-1,-0.01,-1,-1,-0.01,-1,-1,-0.01,-1,-1,-0.01,-1,-1,-0.01,-1,-1,-0.01,-1,-1
99926009,2026-05-18 13:36:24+05:30,53540.8,0,0.0,0,0.0,0.0,53282.15,53585.15,52783.45,53710.35,0,0.0,0.0,0.0,0.0,-0.01,-1,-1,-0.01,-1,-1,-0.01,-1,-1,-0.01,-1,-1,-0.01,-1,-1,-0.01,-1,-1,-0.01,-1,-1,-0.01,-1,-1,-0.01,-1,-1,-0.01,-1,-1
99926009,2026-05-18 13:36:24+05:30,53540.6,0,0.0,0,0.0,0.0,53282.15,53585.15,52783.45,53710.35,0,0.0,0.0,0.0,0.0,-0.01,-1,-1,-0.01,-1,-1,-0.01,-1,-1,-0.01,-1,-1,-0.01,-1,-1,-0.01,-1,-1,-0.01,-1,-1,-0.01,-1,-1,-0.01,-1,-1,-0.01,-1,-1
99926009,2026-05-18 13:36:25+05:30,53541.45,0,0.0,0,0.0,0.0,53282.15,53585.15,52783.45,53710.35,0,0.0,0.0,0.0,0.0,-0.01,-1,-1,-0.01,-1,-1,-0.01,-1,-1,-0.01,-1,-1,-0.01,-1,-1,-0.01,-1,-1,-0.01,-1,-1,-0.01,-1,-1,-0.01,-1,-1,-0.01,-1,-1
99926009,2026-05-18 13:36:25+05:30,53539.05,0,0.0,0,0.0,0.0,53282.15,53585.15,52783.45,53710.35,0,0.0,0.0,0.0,0.0,-0.01,-1,-1,-0.01,-1,-1,-0.01,-1,-1,-0.01,-1,-1,-0.01,-1,-1,-0.01,-1,-1,-0.01,-1,-1,-0.01,-1,-1,-0.01,-1,-1,-0.01,-1,-1
99926009,2026-05-18 13:36:26+05:30,53539.05,0,0.0,0,0.0,0.0,53282.15,53585.15,52783.45,53710.35,0,0.0,0.0,0.0,0.0,-0.01,-1,-1,-0.01,-1,-1,-0.01,-1,-1,-0.01,-1,-1,-0.01,-1,-1,-0.01,-1,-1,-0.01,-1,-1,-0.01,-1,-1,-0.01,-1,-1,-0.01,-1,-1
99926009,2026-05-18 13:36:26+05:30,53538.7,0,0.0,0,0.0,0.0,53282.15,53585.15,52783.45,53710.35,0,0.0,0.0,0.0,0.0,-0.01,-1,-1,-0.01,-1,-1,-0.01,-1,-1,-0.01,-1,-1,-0.01,-1,-1,-0.01,-1,-1,-0.01,-1,-1,-0.01,-1,-1,-0.01,-1,-1,-0.01,-1,-1
99926009,2026-05-18 13:36:27+05:30,53539.6,0,0.0,0,0.0,0.0,53282.15,53585.15,52783.45,53710.35,0,0.0,0.0,0.0,0.0,-0.01,-1,-1,-0.01,-1,-1,-0.01,-1,-1,-0.01,-1,-1,-0.01,-1,-1,-0.01,-1,-1,-0.01,-1,-1,-0.01,-1,-1,-0.01,-1,-1,-0.01,-1,-1
99926009,2026-05-18 13:36:27+05:30,53541.0,0,0.0,0,0.0,0.0,53282.15,53585.15,52783.45,53710.35,0,0.0,0.0,0.0,0.0,-0.01,-1,-1,-0.01,-1,-1,-0.01,-1,-1,-0.01,-1,-1,-0.01,-1,-1,-0.01,-1,-1,-0.01,-1,-1,-0.01,-1,-1,-0.01,-1,-1,-0.01,-1,-1
99926009,2026-05-18 13:36:28+05:30,53538.15,0,0.0,0,0.0,0.0,53282.15,53585.15,52783.45,53710.35,0,0.0,0.0,0.0,0.0,-0.01,-1,-1,-0.01,-1,-1,-0.01,-1,-1,-0.01,-1,-1,-0.01,-1,-1,-0.01,-1,-1,-0.01,-1,-1,-0.01,-1,-1,-0.01,-1,-1,-0.01,-1,-1
99926009,2026-05-18 13:36:28+05:30,53534.1,0,0.0,0,0.0,0.0,53282.15,53585.15,52783.45,53710.35,0,0.0,0.0,0.0,0.0,-0.01,-1,-1,-0.01,-1,-1,-0.01,-1,-1,-0.01,-1,-1,-0.01,-1,-1,-0.01,-1,-1,-0.01,-1,-1,-0.01,-1,-1,-0.01,-1,-1,-0.01,-1,-1
99926009,2026-05-18 13:36:29+05:30,53534.6,0,0.0,0,0.0,0.0,53282.15,53585.15,52783.45,53710.35,0,0.0,0.0,0.0,0.0,-0.01,-1,-1,-0.01,-1,-1,-0.01,-1,-1,-0.01,-1,-1,-0.01,-1,-1,-0.01,-1,-1,-0.01,-1,-1,-0.01,-1,-1,-0.01,-1,-1,-0.01,-1,-1
99926009,2026-05-18 13:36:29+05:30,53533.95,0,0.0,0,0.0,0.0,53282.15,53585.15,52783.45,53710.35,0,0.0,0.0,0.0,0.0,-0.01,-1,-1,-0.01,-1,-1,-0.01,-1,-1,-0.01,-1,-1,-0.01,-1,-1,-0.01,-1,-1,-0.01,-1,-1,-0.01,-1,-1,-0.01,-1,-1,-0.01,-1,-1
99926009,2026-05-18 13:36:30+05:30,53534.8,0,0.0,0,0.0,0.0,53282.15,53585.15,52783.45,53710.35,0,0.0,0.0,0.0,0.0,-0.01,-1,-1,-0.01,-1,-1,-0.01,-1,-1,-0.01,-1,-1,-0.01,-1,-1,-0.01,-1,-1,-0.01,-1,-1,-0.01,-1,-1,-0.01,-1,-1,-0.01,-1,-1
99926009,2026-05-18 13:36:30+05:30,53533.6,0,0.0,0,0.0,0.0,53282.15,53585.15,52783.45,53710.35,0,0.0,0.0,0.0,0.0,-0.01,-1,-1,-0.01,-1,-1,-0.01,-1,-1,-0.01,-1,-1,-0.01,-1,-1,-0.01,-1,-1,-0.01,-1,-1,-0.01,-1,-1,-0.01,-1,-1,-0.01,-1,-1
99926009,2026-05-18 13:36:31+05:30,53532.95,0,0.0,0,0.0,0.0,53282.15,53585.15,52783.45,53710.35,0,0.0,0.0,0.0,0.0,-0.01,-1,-1,-0.01,-1,-1,-0.01,-1,-1,-0.01,-1,-1,-0.01,-1,-1,-0.01,-1,-1,-0.01,-1,-1,-0.01,-1,-1,-0.01,-1,-1,-0.01,-1,-1
99926009,2026-05-18 13:36:31+05:30,53532.1,0,0.0,0,0.0,0.0,53282.15,53585.15,52783.45,53710.35,0,0.0,0.0,0.0,0.0,-0.01,-1,-1,-0.01,-1,-1,-0.01,-1,-1,-0.01,-1,-1,-0.01,-1,-1,-0.01,-1,-1,-0.01,-1,-1,-0.01,-1,-1,-0.01,-1,-1,-0.01,-1,-1
99926009,2026-05-18 13:36:32+05:30,53533.0,0,0.0,0,0.0,0.0,53282.15,53585.15,52783.45,53710.35,0,0.0,0.0,0.0,0.0,-0.01,-1,-1,-0.01,-1,-1,-0.01,-1,-1,-0.01,-1,-1,-0.01,-1,-1,-0.01,-1,-1,-0.01,-1,-1,-0.01,-1,-1,-0.01,-1,-1,-0.01,-1,-1
99926009,2026-05-18 13:36:32+05:30,53535.4,0,0.0,0,0.0,0.0,53282.15,53585.15,52783.45,53710.35,0,0.0,0.0,0.0,0.0,-0.01,-1,-1,-0.01,-1,-1,-0.01,-1,-1,-0.01,-1,-1,-0.01,-1,-1,-0.01,-1,-1,-0.01,-1,-1,-0.01,-1,-1,-0.01,-1,-1,-0.01,-1,-1
99926009,2026-05-18 13:36:33+05:30,53533.35,0,0.0,0,0.0,0.0,53282.15,53585.15,52783.45,53710.35,0,0.0,0.0,0.0,0.0,-0.01,-1,-1,-0.01,-1,-1,-0.01,-1,-1,-0.01,-1,-1,-0.01,-1,-1,-0.01,-1,-1,-0.01,-1,-1,-0.01,-1,-1,-0.01,-1,-1,-0.01,-1,-1
99926009,2026-05-18 13:36:33+05:30,53534.1,0,0.0,0,0.0,0.0,53282.15,53585.15,52783.45,53710.35,0,0.0,0.0,0.0,0.0,-0.01,-1,-1,-0.01,-1,-1,-0.01,-1,-1,-0.01,-1,-1,-0.01,-1,-1,-0.01,-1,-1,-0.01,-1,-1,-0.01,-1,-1,-0.01,-1,-1,-0.01,-1,-1
99926009,2026-05-18 13:36:34+05:30,53535.0,0,0.0,0,0.0,0.0,53282.15,53585.15,52783.45,53710.35,0,0.0,0.0,0.0,0.0,-0.01,-1,-1,-0.01,-1,-1,-0.01,-1,-1,-0.01,-1,-1,-0.01,-1,-1,-0.01,-1,-1,-0.01,-1,-1,-0.01,-1,-1,-0.01,-1,-1,-0.01,-1,-1
99926009,2026-05-18 13:36:34+05:30,53534.1,0,0.0,0,0.0,0.0,53282.15,53585.15,52783.45,53710.35,0,0.0,0.0,0.0,0.0,-0.01,-1,-1,-0.01,-1,-1,-0.01,-1,-1,-0.01,-1,-1,-0.01,-1,-1,-0.01,-1,-1,-0.01,-1,-1,-0.01,-1,-1,-0.01,-1,-1,-0.01,-1,-1
99926009,2026-05-18 13:36:35+05:30,53535.8,0,0.0,0,0.0,0.0,53282.15,53585.15,52783.45,53710.35,0,0.0,0.0,0.0,0.0,-0.01,-1,-1,-0.01,-1,-1,-0.01,-1,-1,-0.01,-1,-1,-0.01,-1,-1,-0.01,-1,-1,-0.01,-1,-1,-0.01,-1,-1,-0.01,-1,-1,-0.01,-1,-1
99926009,2026-05-18 13:36:35+05:30,53536.1,0,0.0,0,0.0,0.0,53282.15,53585.15,52783.45,53710.35,0,0.0,0.0,0.0,0.0,-0.01,-1,-1,-0.01,-1,-1,-0.01,-1,-1,-0.01,-1,-1,-0.01,-1,-1,-0.01,-1,-1,-0.01,-1,-1,-0.01,-1,-1,-0.01,-1,-1,-0.01,-1,-1
99926009,2026-05-18 13:36:36+05:30,53534.9,0,0.0,0,0.0,0.0,53282.15,53585.15,52783.45,53710.35,0,0.0,0.0,0.0,0.0,-0.01,-1,-1,-0.01,-1,-1,-0.01,-1,-1,-0.01,-1,-1,-0.01,-1,-1,-0.01,-1,-1,-0.01,-1,-1,-0.01,-1,-1,-0.01,-1,-1,-0.01,-1,-1
99926009,2026-05-18 13:36:36+05:30,53533.85,0,0.0,0,0.0,0.0,53282.15,53585.15,52783.45,53710.35,0,0.0,0.0,0.0,0.0,-0.01,-1,-1,-0.01,-1,-1,-0.01,-1,-1,-0.01,-1,-1,-0.01,-1,-1,-0.01,-1,-1,-0.01,-1,-1,-0.01,-1,-1,-0.01,-1,-1,-0.01,-1,-1
99926009,2026-05-18 13:36:37+05:30,53535.55,0,0.0,0,0.0,0.0,53282.15,53585.15,52783.45,53710.35,0,0.0,0.0,0.0,0.0,-0.01,-1,-1,-0.01,-1,-1,-0.01,-1,-1,-0.01,-1,-1,-0.01,-1,-1,-0.01,-1,-1,-0.01,-1,-1,-0.01,-1,-1,-0.01,-1,-1,-0.01,-1,-1
99926009,2026-05-18 13:36:37+05:30,53536.65,0,0.0,0,0.0,0.0,53282.15,53585.15,52783.45,53710.35,0,0.0,0.0,0.0,0.0,-0.01,-1,-1,-0.01,-1,-1,-0.01,-1,-1,-0.01,-1,-1,-0.01,-1,-1,-0.01,-1,-1,-0.01,-1,-1,-0.01,-1,-1,-0.01,-1,-1,-0.01,-1,-1
99926009,2026-05-18 13:36:38+05:30,53535.85,0,0.0,0,0.0,0.0,53282.15,53585.15,52783.45,53710.35,0,0.0,0.0,0.0,0.0,-0.01,-1,-1,-0.01,-1,-1,-0.01,-1,-1,-0.01,-1,-1,-0.01,-1,-1,-0.01,-1,-1,-0.01,-1,-1,-0.01,-1,-1,-0.01,-1,-1,-0.01,-1,-1
99926009,2026-05-18 13:36:38+05:30,53535.4,0,0.0,0,0.0,0.0,53282.15,53585.15,52783.45,53710.35,0,0.0,0.0,0.0,0.0,-0.01,-1,-1,-0.01,-1,-1,-0.01,-1,-1,-0.01,-1,-1,-0.01,-1,-1,-0.01,-1,-1,-0.01,-1,-1,-0.01,-1,-1,-0.01,-1,-1,-0.01,-1,-1
99926009,2026-05-18 13:36:39+05:30,53534.9,0,0.0,0,0.0,0.0,53282.15,53585.15,52783.45,53710.35,0,0.0,0.0,0.0,0.0,-0.01,-1,-1,-0.01,-1,-1,-0.01,-1,-1,-0.01,-1,-1,-0.01,-1,-1,-0.01,-1,-1,-0.01,-1,-1,-0.01,-1,-1,-0.01,-1,-1,-0.01,-1,-1
99926009,2026-05-18 13:36:39+05:30,53532.15,0,0.0,0,0.0,0.0,53282.15,53585.15,52783.45,53710.35,0,0.0,0.0,0.0,0.0,-0.01,-1,-1,-0.01,-1,-1,-0.01,-1,-1,-0.01,-1,-1,-0.01,-1,-1,-0.01,-1,-1,-0.01,-1,-1,-0.01,-1,-1,-0.01,-1,-1,-0.01,-1,-1
99926009,2026-05-18 13:36:40+05:30,53534.8,0,0.0,0,0.0,0.0,53282.15,53585.15,52783.45,53710.35,0,0.0,0.0,0.0,0.0,-0.01,-1,-1,-0.01,-1,-1,-0.01,-1,-1,-0.01,-1,-1,-0.01,-1,-1,-0.01,-1,-1,-0.01,-1,-1,-0.01,-1,-1,-0.01,-1,-1,-0.01,-1,-1
99926009,2026-05-18 13:36:40+05:30,53535.35,0,0.0,0,0.0,0.0,53282.15,53585.15,52783.45,53710.35,0,0.0,0.0,0.0,0.0,-0.01,-1,-1,-0.01,-1,-1,-0.01,-1,-1,-0.01,-1,-1,-0.01,-1,-1,-0.01,-1,-1,-0.01,-1,-1,-0.01,-1,-1,-0.01,-1,-1,-0.01,-1,-1
99926009,2026-05-18 13:36:41+05:30,53534.4,0,0.0,0,0.0,0.0,53282.15,53585.15,52783.45,53710.35,0,0.0,0.0,0.0,0.0,-0.01,-1,-1,-0.01,-1,-1,-0.01,-1,-1,-0.01,-1,-1,-0.01,-1,-1,-0.01,-1,-1,-0.01,-1,-1,-0.01,-1,-1,-0.01,-1,-1,-0.01,-1,-1
99926009,2026-05-18 13:36:41+05:30,53535.95,0,0.0,0,0.0,0.0,53282.15,53585.15,52783.45,53710.35,0,0.0,0.0,0.0,0.0,-0.01,-1,-1,-0.01,-1,-1,-0.01,-1,-1,-0.01,-1,-1,-0.01,-1,-1,-0.01,-1,-1,-0.01,-1,-1,-0.01,-1,-1,-0.01,-1,-1,-0.01,-1,-1
99926009,2026-05-18 13:36:42+05:30,53536.55,0,0.0,0,0.0,0.0,53282.15,53585.15,52783.45,53710.35,0,0.0,0.0,0.0,0.0,-0.01,-1,-1,-0.01,-1,-1,-0.01,-1,-1,-0.01,-1,-1,-0.01,-1,-1,-0.01,-1,-1,-0.01,-1,-1,-0.01,-1,-1,-0.01,-1,-1,-0.01,-1,-1
99926009,2026-05-18 13:36:42+05:30,53535.7,0,0.0,0,0.0,0.0,53282.15,53585.15,52783.45,53710.35,0,0.0,0.0,0.0,0.0,-0.01,-1,-1,-0.01,-1,-1,-0.01,-1,-1,-0.01,-1,-1,-0.01,-1,-1,-0.01,-1,-1,-0.01,-1,-1,-0.01,-1,-1,-0.01,-1,-1,-0.01,-1,-1
99926009,2026-05-18 13:36:43+05:30,53537.35,0,0.0,0,0.0,0.0,53282.15,53585.15,52783.45,53710.35,0,0.0,0.0,0.0,0.0,-0.01,-1,-1,-0.01,-1,-1,-0.01,-1,-1,-0.01,-1,-1,-0.01,-1,-1,-0.01,-1,-1,-0.01,-1,-1,-0.01,-1,-1,-0.01,-1,-1,-0.01,-1,-1
99926009,2026-05-18 13:36:43+05:30,53537.45,0,0.0,0,0.0,0.0,53282.15,53585.15,52783.45,53710.35,0,0.0,0.0,0.0,0.0,-0.01,-1,-1,-0.01,-1,-1,-0.01,-1,-1,-0.01,-1,-1,-0.01,-1,-1,-0.01,-1,-1,-0.01,-1,-1,-0.01,-1,-1,-0.01,-1,-1,-0.01,-1,-1
99926009,2026-05-18 13:36:44+05:30,53536.25,0,0.0,0,0.0,0.0,53282.15,53585.15,52783.45,53710.35,0,0.0,0.0,0.0,0.0,-0.01,-1,-1,-0.01,-1,-1,-0.01,-1,-1,-0.01,-1,-1,-0.01,-1,-1,-0.01,-1,-1,-0.01,-1,-1,-0.01,-1,-1,-0.01,-1,-1,-0.01,-1,-1
99926009,2026-05-18 13:36:44+05:30,53536.75,0,0.0,0,0.0,0.0,53282.15,53585.15,52783.45,53710.35,0,0.0,0.0,0.0,0.0,-0.01,-1,-1,-0.01,-1,-1,-0.01,-1,-1,-0.01,-1,-1,-0.01,-1,-1,-0.01,-1,-1,-0.01,-1,-1,-0.01,-1,-1,-0.01,-1,-1,-0.01,-1,-1
99926009,2026-05-18 13:36:45+05:30,53536.95,0,0.0,0,0.0,0.0,53282.15,53585.15,52783.45,53710.35,0,0.0,0.0,0.0,0.0,-0.01,-1,-1,-0.01,-1,-1,-0.01,-1,-1,-0.01,-1,-1,-0.01,-1,-1,-0.01,-1,-1,-0.01,-1,-1,-0.01,-1,-1,-0.01,-1,-1,-0.01,-1,-1
99926009,2026-05-18 13:36:45+05:30,53534.1,0,0.0,0,0.0,0.0,53282.15,53585.15,52783.45,53710.35,0,0.0,0.0,0.0,0.0,-0.01,-1,-1,-0.01,-1,-1,-0.01,-1,-1,-0.01,-1,-1,-0.01,-1,-1,-0.01,-1,-1,-0.01,-1,-1,-0.01,-1,-1,-0.01,-1,-1,-0.01,-1,-1
99926009,2026-05-18 13:36:46+05:30,53534.1,0,0.0,0,0.0,0.0,53282.15,53585.15,52783.45,53710.35,0,0.0,0.0,0.0,0.0,-0.01,-1,-1,-0.01,-1,-1,-0.01,-1,-1,-0.01,-1,-1,-0.01,-1,-1,-0.01,-1,-1,-0.01,-1,-1,-0.01,-1,-1,-0.01,-1,-1,-0.01,-1,-1
99926009,2026-05-18 13:36:46+05:30,53534.1,0,0.0,0,0.0,0.0,53282.15,53585.15,52783.45,53710.35,0,0.0,0.0,0.0,0.0,-0.01,-1,-1,-0.01,-1,-1,-0.01,-1,-1,-0.01,-1,-1,-0.01,-1,-1,-0.01,-1,-1,-0.01,-1,-1,-0.01,-1,-1,-0.01,-1,-1,-0.01,-1,-1
99926009,2026-05-18 13:36:47+05:30,53534.15,0,0.0,0,0.0,0.0,53282.15,53585.15,52783.45,53710.35,0,0.0,0.0,0.0,0.0,-0.01,-1,-1,-0.01,-1,-1,-0.01,-1,-1,-0.01,-1,-1,-0.01,-1,-1,-0.01,-1,-1,-0.01,-1,-1,-0.01,-1,-1,-0.01,-1,-1,-0.01,-1,-1
99926009,2026-05-18 13:36:47+05:30,53530.1,0,0.0,0,0.0,0.0,53282.15,53585.15,52783.45,53710.35,0,0.0,0.0,0.0,0.0,-0.01,-1,-1,-0.01,-1,-1,-0.01,-1,-1,-0.01,-1,-1,-0.01,-1,-1,-0.01,-1,-1,-0.01,-1,-1,-0.01,-1,-1,-0.01,-1,-1,-0.01,-1,-1
99926009,2026-05-18 13:36:48+05:30,53526.0,0,0.0,0,0.0,0.0,53282.15,53585.15,52783.45,53710.35,0,0.0,0.0,0.0,0.0,-0.01,-1,-1,-0.01,-1,-1,-0.01,-1,-1,-0.01,-1,-1,-0.01,-1,-1,-0.01,-1,-1,-0.01,-1,-1,-0.01,-1,-1,-0.01,-1,-1,-0.01,-1,-1
99926009,2026-05-18 13:36:48+05:30,53525.3,0,0.0,0,0.0,0.0,53282.15,53585.15,52783.45,53710.35,0,0.0,0.0,0.0,0.0,-0.01,-1,-1,-0.01,-1,-1,-0.01,-1,-1,-0.01,-1,-1,-0.01,-1,-1,-0.01,-1,-1,-0.01,-1,-1,-0.01,-1,-1,-0.01,-1,-1,-0.01,-1,-1
99926009,2026-05-18 13:36:49+05:30,53522.6,0,0.0,0,0.0,0.0,53282.15,53585.15,52783.45,53710.35,0,0.0,0.0,0.0,0.0,-0.01,-1,-1,-0.01,-1,-1,-0.01,-1,-1,-0.01,-1,-1,-0.01,-1,-1,-0.01,-1,-1,-0.01,-1,-1,-0.01,-1,-1,-0.01,-1,-1,-0.01,-1,-1
99926009,2026-05-18 13:36:49+05:30,53520.4,0,0.0,0,0.0,0.0,53282.15,53585.15,52783.45,53710.35,0,0.0,0.0,0.0,0.0,-0.01,-1,-1,-0.01,-1,-1,-0.01,-1,-1,-0.01,-1,-1,-0.01,-1,-1,-0.01,-1,-1,-0.01,-1,-1,-0.01,-1,-1,-0.01,-1,-1,-0.01,-1,-1
99926009,2026-05-18 13:36:50+05:30,53521.0,0,0.0,0,0.0,0.0,53282.15,53585.15,52783.45,53710.35,0,0.0,0.0,0.0,0.0,-0.01,-1,-1,-0.01,-1,-1,-0.01,-1,-1,-0.01,-1,-1,-0.01,-1,-1,-0.01,-1,-1,-0.01,-1,-1,-0.01,-1,-1,-0.01,-1,-1,-0.01,-1,-1
99926009,2026-05-18 13:36:50+05:30,53516.6,0,0.0,0,0.0,0.0,53282.15,53585.15,52783.45,53710.35,0,0.0,0.0,0.0,0.0,-0.01,-1,-1,-0.01,-1,-1,-0.01,-1,-1,-0.01,-1,-1,-0.01,-1,-1,-0.01,-1,-1,-0.01,-1,-1,-0.01,-1,-1,-0.01,-1,-1,-0.01,-1,-1
99926009,2026-05-18 13:36:51+05:30,53517.05,0,0.0,0,0.0,0.0,53282.15,53585.15,52783.45,53710.35,0,0.0,0.0,0.0,0.0,-0.01,-1,-1,-0.01,-1,-1,-0.01,-1,-1,-0.01,-1,-1,-0.01,-1,-1,-0.01,-1,-1,-0.01,-1,-1,-0.01,-1,-1,-0.01,-1,-1,-0.01,-1,-1
99926009,2026-05-18 13:36:51+05:30,53518.1,0,0.0,0,0.0,0.0,53282.15,53585.15,52783.45,53710.35,0,0.0,0.0,0.0,0.0,-0.01,-1,-1,-0.01,-1,-1,-0.01,-1,-1,-0.01,-1,-1,-0.01,-1,-1,-0.01,-1,-1,-0.01,-1,-1,-0.01,-1,-1,-0.01,-1,-1,-0.01,-1,-1
99926009,2026-05-18 13:36:52+05:30,53517.35,0,0.0,0,0.0,0.0,53282.15,53585.15,52783.45,53710.35,0,0.0,0.0,0.0,0.0,-0.01,-1,-1,-0.01,-1,-1,-0.01,-1,-1,-0.01,-1,-1,-0.01,-1,-1,-0.01,-1,-1,-0.01,-1,-1,-0.01,-1,-1,-0.01,-1,-1,-0.01,-1,-1
99926009,2026-05-18 13:36:52+05:30,53513.05,0,0.0,0,0.0,0.0,53282.15,53585.15,52783.45,53710.35,0,0.0,0.0,0.0,0.0,-0.01,-1,-1,-0.01,-1,-1,-0.01,-1,-1,-0.01,-1,-1,-0.01,-1,-1,-0.01,-1,-1,-0.01,-1,-1,-0.01,-1,-1,-0.01,-1,-1,-0.01,-1,-1
99926009,2026-05-18 13:36:53+05:30,53516.1,0,0.0,0,0.0,0.0,53282.15,53585.15,52783.45,53710.35,0,0.0,0.0,0.0,0.0,-0.01,-1,-1,-0.01,-1,-1,-0.01,-1,-1,-0.01,-1,-1,-0.01,-1,-1,-0.01,-1,-1,-0.01,-1,-1,-0.01,-1,-1,-0.01,-1,-1,-0.01,-1,-1
99926009,2026-05-18 13:36:53+05:30,53515.35,0,0.0,0,0.0,0.0,53282.15,53585.15,52783.45,53710.35,0,0.0,0.0,0.0,0.0,-0.01,-1,-1,-0.01,-1,-1,-0.01,-1,-1,-0.01,-1,-1,-0.01,-1,-1,-0.01,-1,-1,-0.01,-1,-1,-0.01,-1,-1,-0.01,-1,-1,-0.01,-1,-1
99926009,2026-05-18 13:36:54+05:30,53512.25,0,0.0,0,0.0,0.0,53282.15,53585.15,52783.45,53710.35,0,0.0,0.0,0.0,0.0,-0.01,-1,-1,-0.01,-1,-1,-0.01,-1,-1,-0.01,-1,-1,-0.01,-1,-1,-0.01,-1,-1,-0.01,-1,-1,-0.01,-1,-1,-0.01,-1,-1,-0.01,-1,-1
99926009,2026-05-18 13:36:54+05:30,53512.65,0,0.0,0,0.0,0.0,53282.15,53585.15,52783.45,53710.35,0,0.0,0.0,0.0,0.0,-0.01,-1,-1,-0.01,-1,-1,-0.01,-1,-1,-0.01,-1,-1,-0.01,-1,-1,-0.01,-1,-1,-0.01,-1,-1,-0.01,-1,-1,-0.01,-1,-1,-0.01,-1,-1
99926009,2026-05-18 13:36:55+05:30,53509.75,0,0.0,0,0.0,0.0,53282.15,53585.15,52783.45,53710.35,0,0.0,0.0,0.0,0.0,-0.01,-1,-1,-0.01,-1,-1,-0.01,-1,-1,-0.01,-1,-1,-0.01,-1,-1,-0.01,-1,-1,-0.01,-1,-1,-0.01,-1,-1,-0.01,-1,-1,-0.01,-1,-1
99926009,2026-05-18 13:36:55+05:30,53509.05,0,0.0,0,0.0,0.0,53282.15,53585.15,52783.45,53710.35,0,0.0,0.0,0.0,0.0,-0.01,-1,-1,-0.01,-1,-1,-0.01,-1,-1,-0.01,-1,-1,-0.01,-1,-1,-0.01,-1,-1,-0.01,-1,-1,-0.01,-1,-1,-0.01,-1,-1,-0.01,-1,-1
99926009,2026-05-18 13:36:56+05:30,53502.9,0,0.0,0,0.0,0.0,53282.15,53585.15,52783.45,53710.35,0,0.0,0.0,0.0,0.0,-0.01,-1,-1,-0.01,-1,-1,-0.01,-1,-1,-0.01,-1,-1,-0.01,-1,-1,-0.01,-1,-1,-0.01,-1,-1,-0.01,-1,-1,-0.01,-1,-1,-0.01,-1,-1
99926009,2026-05-18 13:36:56+05:30,53492.55,0,0.0,0,0.0,0.0,53282.15,53585.15,52783.45,53710.35,0,0.0,0.0,0.0,0.0,-0.01,-1,-1,-0.01,-1,-1,-0.01,-1,-1,-0.01,-1,-1,-0.01,-1,-1,-0.01,-1,-1,-0.01,-1,-1,-0.01,-1,-1,-0.01,-1,-1,-0.01,-1,-1
99926009,2026-05-18 13:36:57+05:30,53494.25,0,0.0,0,0.0,0.0,53282.15,53585.15,52783.45,53710.35,0,0.0,0.0,0.0,0.0,-0.01,-1,-1,-0.01,-1,-1,-0.01,-1,-1,-0.01,-1,-1,-0.01,-1,-1,-0.01,-1,-1,-0.01,-1,-1,-0.01,-1,-1,-0.01,-1,-1,-0.01,-1,-1
99926009,2026-05-18 13:36:57+05:30,53493.15,0,0.0,0,0.0,0.0,53282.15,53585.15,52783.45,53710.35,0,0.0,0.0,0.0,0.0,-0.01,-1,-1,-0.01,-1,-1,-0.01,-1,-1,-0.01,-1,-1,-0.01,-1,-1,-0.01,-1,-1,-0.01,-1,-1,-0.01,-1,-1,-0.01,-1,-1,-0.01,-1,-1
99926009,2026-05-18 13:36:58+05:30,53490.5,0,0.0,0,0.0,0.0,53282.15,53585.15,52783.45,53710.35,0,0.0,0.0,0.0,0.0,-0.01,-1,-1,-0.01,-1,-1,-0.01,-1,-1,-0.01,-1,-1,-0.01,-1,-1,-0.01,-1,-1,-0.01,-1,-1,-0.01,-1,-1,-0.01,-1,-1,-0.01,-1,-1
99926009,2026-05-18 13:36:58+05:30,53486.25,0,0.0,0,0.0,0.0,53282.15,53585.15,52783.45,53710.35,0,0.0,0.0,0.0,0.0,-0.01,-1,-1,-0.01,-1,-1,-0.01,-1,-1,-0.01,-1,-1,-0.01,-1,-1,-0.01,-1,-1,-0.01,-1,-1,-0.01,-1,-1,-0.01,-1,-1,-0.01,-1,-1
99926009,2026-05-18 13:36:59+05:30,53485.35,0,0.0,0,0.0,0.0,53282.15,53585.15,52783.45,53710.35,0,0.0,0.0,0.0,0.0,-0.01,-1,-1,-0.01,-1,-1,-0.01,-1,-1,-0.01,-1,-1,-0.01,-1,-1,-0.01,-1,-1,-0.01,-1,-1,-0.01,-1,-1,-0.01,-1,-1,-0.01,-1,-1
99926009,2026-05-18 13:36:59+05:30,53489.45,0,0.0,0,0.0,0.0,53282.15,53585.15,52783.45,53710.35,0,0.0,0.0,0.0,0.0,-0.01,-1,-1,-0.01,-1,-1,-0.01,-1,-1,-0.01,-1,-1,-0.01,-1,-1,-0.01,-1,-1,-0.01,-1,-1,-0.01,-1,-1,-0.01,-1,-1,-0.01,-1,-1
99926009,2026-05-18 13:37:00+05:30,53491.25,0,0.0,0,0.0,0.0,53282.15,53585.15,52783.45,53710.35,0,0.0,0.0,0.0,0.0,-0.01,-1,-1,-0.01,-1,-1,-0.01,-1,-1,-0.01,-1,-1,-0.01,-1,-1,-0.01,-1,-1,-0.01,-1,-1,-0.01,-1,-1,-0.01,-1,-1,-0.01,-1,-1
99926009,2026-05-18 13:37:00+05:30,53495.75,0,0.0,0,0.0,0.0,53282.15,53585.15,52783.45,53710.35,0,0.0,0.0,0.0,0.0,-0.01,-1,-1,-0.01,-1,-1,-0.01,-1,-1,-0.01,-1,-1,-0.01,-1,-1,-0.01,-1,-1,-0.01,-1,-1,-0.01,-1,-1,-0.01,-1,-1,-0.01,-1,-1
99926009,2026-05-18 13:37:01+05:30,53494.7,0,0.0,0,0.0,0.0,53282.15,53585.15,52783.45,53710.35,0,0.0,0.0,0.0,0.0,-0.01,-1,-1,-0.01,-1,-1,-0.01,-1,-1,-0.01,-1,-1,-0.01,-1,-1,-0.01,-1,-1,-0.01,-1,-1,-0.01,-1,-1,-0.01,-1,-1,-0.01,-1,-1
99926009,2026-05-18 13:37:01+05:30,53494.75,0,0.0,0,0.0,0.0,53282.15,53585.15,52783.45,53710.35,0,0.0,0.0,0.0,0.0,-0.01,-1,-1,-0.01,-1,-1,-0.01,-1,-1,-0.01,-1,-1,-0.01,-1,-1,-0.01,-1,-1,-0.01,-1,-1,-0.01,-1,-1,-0.01,-1,-1,-0.01,-1,-1
99926009,2026-05-18 13:37:02+05:30,53498.85,0,0.0,0,0.0,0.0,53282.15,53585.15,52783.45,53710.35,0,0.0,0.0,0.0,0.0,-0.01,-1,-1,-0.01,-1,-1,-0.01,-1,-1,-0.01,-1,-1,-0.01,-1,-1,-0.01,-1,-1,-0.01,-1,-1,-0.01,-1,-1,-0.01,-1,-1,-0.01,-1,-1
99926009,2026-05-18 13:37:02+05:30,53499.7,0,0.0,0,0.0,0.0,53282.15,53585.15,52783.45,53710.35,0,0.0,0.0,0.0,0.0,-0.01,-1,-1,-0.01,-1,-1,-0.01,-1,-1,-0.01,-1,-1,-0.01,-1,-1,-0.01,-1,-1,-0.01,-1,-1,-0.01,-1,-1,-0.01,-1,-1,-0.01,-1,-1
99926009,2026-05-18 13:37:03+05:30,53499.2,0,0.0,0,0.0,0.0,53282.15,53585.15,52783.45,53710.35,0,0.0,0.0,0.0,0.0,-0.01,-1,-1,-0.01,-1,-1,-0.01,-1,-1,-0.01,-1,-1,-0.01,-1,-1,-0.01,-1,-1,-0.01,-1,-1,-0.01,-1,-1,-0.01,-1,-1,-0.01,-1,-1
99926009,2026-05-18 13:37:03+05:30,53496.05,0,0.0,0,0.0,0.0,53282.15,53585.15,52783.45,53710.35,0,0.0,0.0,0.0,0.0,-0.01,-1,-1,-0.01,-1,-1,-0.01,-1,-1,-0.01,-1,-1,-0.01,-1,-1,-0.01,-1,-1,-0.01,-1,-1,-0.01,-1,-1,-0.01,-1,-1,-0.01,-1,-1
99926009,2026-05-18 13:37:04+05:30,53496.3,0,0.0,0,0.0,0.0,53282.15,53585.15,52783.45,53710.35,0,0.0,0.0,0.0,0.0,-0.01,-1,-1,-0.01,-1,-1,-0.01,-1,-1,-0.01,-1,-1,-0.01,-1,-1,-0.01,-1,-1,-0.01,-1,-1,-0.01,-1,-1,-0.01,-1,-1,-0.01,-1,-1
99926009,2026-05-18 13:37:04+05:30,53495.75,0,0.0,0,0.0,0.0,53282.15,53585.15,52783.45,53710.35,0,0.0,0.0,0.0,0.0,-0.01,-1,-1,-0.01,-1,-1,-0.01,-1,-1,-0.01,-1,-1,-0.01,-1,-1,-0.01,-1,-1,-0.01,-1,-1,-0.01,-1,-1,-0.01,-1,-1,-0.01,-1,-1
99926009,2026-05-18 13:37:05+05:30,53497.1,0,0.0,0,0.0,0.0,53282.15,53585.15,52783.45,53710.35,0,0.0,0.0,0.0,0.0,-0.01,-1,-1,-0.01,-1,-1,-0.01,-1,-1,-0.01,-1,-1,-0.01,-1,-1,-0.01,-1,-1,-0.01,-1,-1,-0.01,-1,-1,-0.01,-1,-1,-0.01,-1,-1
99926009,2026-05-18 13:37:05+05:30,53493.85,0,0.0,0,0.0,0.0,53282.15,53585.15,52783.45,53710.35,0,0.0,0.0,0.0,0.0,-0.01,-1,-1,-0.01,-1,-1,-0.01,-1,-1,-0.01,-1,-1,-0.01,-1,-1,-0.01,-1,-1,-0.01,-1,-1,-0.01,-1,-1,-0.01,-1,-1,-0.01,-1,-1
99926009,2026-05-18 13:37:06+05:30,53495.85,0,0.0,0,0.0,0.0,53282.15,53585.15,52783.45,53710.35,0,0.0,0.0,0.0,0.0,-0.01,-1,-1,-0.01,-1,-1,-0.01,-1,-1,-0.01,-1,-1,-0.01,-1,-1,-0.01,-1,-1,-0.01,-1,-1,-0.01,-1,-1,-0.01,-1,-1,-0.01,-1,-1
99926009,2026-05-18 13:37:06+05:30,53498.7,0,0.0,0,0.0,0.0,53282.15,53585.15,52783.45,53710.35,0,0.0,0.0,0.0,0.0,-0.01,-1,-1,-0.01,-1,-1,-0.01,-1,-1,-0.01,-1,-1,-0.01,-1,-1,-0.01,-1,-1,-0.01,-1,-1,-0.01,-1,-1,-0.01,-1,-1,-0.01,-1,-1
99926009,2026-05-18 13:37:07+05:30,53497.9,0,0.0,0,0.0,0.0,53282.15,53585.15,52783.45,53710.35,0,0.0,0.0,0.0,0.0,-0.01,-1,-1,-0.01,-1,-1,-0.01,-1,-1,-0.01,-1,-1,-0.01,-1,-1,-0.01,-1,-1,-0.01,-1,-1,-0.01,-1,-1,-0.01,-1,-1,-0.01,-1,-1
99926009,2026-05-18 13:37:07+05:30,53495.35,0,0.0,0,0.0,0.0,53282.15,53585.15,52783.45,53710.35,0,0.0,0.0,0.0,0.0,-0.01,-1,-1,-0.01,-1,-1,-0.01,-1,-1,-0.01,-1,-1,-0.01,-1,-1,-0.01,-1,-1,-0.01,-1,-1,-0.01,-1,-1,-0.01,-1,-1,-0.01,-1,-1
99926009,2026-05-18 13:37:08+05:30,53498.15,0,0.0,0,0.0,0.0,53282.15,53585.15,52783.45,53710.35,0,0.0,0.0,0.0,0.0,-0.01,-1,-1,-0.01,-1,-1,-0.01,-1,-1,-0.01,-1,-1,-0.01,-1,-1,-0.01,-1,-1,-0.01,-1,-1,-0.01,-1,-1,-0.01,-1,-1,-0.01,-1,-1
99926009,2026-05-18 13:37:08+05:30,53498.8,0,0.0,0,0.0,0.0,53282.15,53585.15,52783.45,53710.35,0,0.0,0.0,0.0,0.0,-0.01,-1,-1,-0.01,-1,-1,-0.01,-1,-1,-0.01,-1,-1,-0.01,-1,-1,-0.01,-1,-1,-0.01,-1,-1,-0.01,-1,-1,-0.01,-1,-1,-0.01,-1,-1
99926009,2026-05-18 13:37:09+05:30,53501.1,0,0.0,0,0.0,0.0,53282.15,53585.15,52783.45,53710.35,0,0.0,0.0,0.0,0.0,-0.01,-1,-1,-0.01,-1,-1,-0.01,-1,-1,-0.01,-1,-1,-0.01,-1,-1,-0.01,-1,-1,-0.01,-1,-1,-0.01,-1,-1,-0.01,-1,-1,-0.01,-1,-1
99926009,2026-05-18 13:37:09+05:30,53501.15,0,0.0,0,0.0,0.0,53282.15,53585.15,52783.45,53710.35,0,0.0,0.0,0.0,0.0,-0.01,-1,-1,-0.01,-1,-1,-0.01,-1,-1,-0.01,-1,-1,-0.01,-1,-1,-0.01,-1,-1,-0.01,-1,-1,-0.01,-1,-1,-0.01,-1,-1,-0.01,-1,-1
99926009,2026-05-18 13:37:10+05:30,53501.45,0,0.0,0,0.0,0.0,53282.15,53585.15,52783.45,53710.35,0,0.0,0.0,0.0,0.0,-0.01,-1,-1,-0.01,-1,-1,-0.01,-1,-1,-0.01,-1,-1,-0.01,-1,-1,-0.01,-1,-1,-0.01,-1,-1,-0.01,-1,-1,-0.01,-1,-1,-0.01,-1,-1
99926009,2026-05-18 13:37:10+05:30,53499.6,0,0.0,0,0.0,0.0,53282.15,53585.15,52783.45,53710.35,0,0.0,0.0,0.0,0.0,-0.01,-1,-1,-0.01,-1,-1,-0.01,-1,-1,-0.01,-1,-1,-0.01,-1,-1,-0.01,-1,-1,-0.01,-1,-1,-0.01,-1,-1,-0.01,-1,-1,-0.01,-1,-1
99926009,2026-05-18 13:37:11+05:30,53499.25,0,0.0,0,0.0,0.0,53282.15,53585.15,52783.45,53710.35,0,0.0,0.0,0.0,0.0,-0.01,-1,-1,-0.01,-1,-1,-0.01,-1,-1,-0.01,-1,-1,-0.01,-1,-1,-0.01,-1,-1,-0.01,-1,-1,-0.01,-1,-1,-0.01,-1,-1,-0.01,-1,-1
99926009,2026-05-18 13:37:11+05:30,53499.1,0,0.0,0,0.0,0.0,53282.15,53585.15,52783.45,53710.35,0,0.0,0.0,0.0,0.0,-0.01,-1,-1,-0.01,-1,-1,-0.01,-1,-1,-0.01,-1,-1,-0.01,-1,-1,-0.01,-1,-1,-0.01,-1,-1,-0.01,-1,-1,-0.01,-1,-1,-0.01,-1,-1
99926009,2026-05-18 13:37:12+05:30,53499.75,0,0.0,0,0.0,0.0,53282.15,53585.15,52783.45,53710.35,0,0.0,0.0,0.0,0.0,-0.01,-1,-1,-0.01,-1,-1,-0.01,-1,-1,-0.01,-1,-1,-0.01,-1,-1,-0.01,-1,-1,-0.01,-1,-1,-0.01,-1,-1,-0.01,-1,-1,-0.01,-1,-1
99926009,2026-05-18 13:37:12+05:30,53497.8,0,0.0,0,0.0,0.0,53282.15,53585.15,52783.45,53710.35,0,0.0,0.0,0.0,0.0,-0.01,-1,-1,-0.01,-1,-1,-0.01,-1,-1,-0.01,-1,-1,-0.01,-1,-1,-0.01,-1,-1,-0.01,-1,-1,-0.01,-1,-1,-0.01,-1,-1,-0.01,-1,-1
99926009,2026-05-18 13:37:13+05:30,53497.3,0,0.0,0,0.0,0.0,53282.15,53585.15,52783.45,53710.35,0,0.0,0.0,0.0,0.0,-0.01,-1,-1,-0.01,-1,-1,-0.01,-1,-1,-0.01,-1,-1,-0.01,-1,-1,-0.01,-1,-1,-0.01,-1,-1,-0.01,-1,-1,-0.01,-1,-1,-0.01,-1,-1
99926009,2026-05-18 13:37:13+05:30,53497.5,0,0.0,0,0.0,0.0,53282.15,53585.15,52783.45,53710.35,0,0.0,0.0,0.0,0.0,-0.01,-1,-1,-0.01,-1,-1,-0.01,-1,-1,-0.01,-1,-1,-0.01,-1,-1,-0.01,-1,-1,-0.01,-1,-1,-0.01,-1,-1,-0.01,-1,-1,-0.01,-1,-1
99926009,2026-05-18 13:37:14+05:30,53499.3,0,0.0,0,0.0,0.0,53282.15,53585.15,52783.45,53710.35,0,0.0,0.0,0.0,0.0,-0.01,-1,-1,-0.01,-1,-1,-0.01,-1,-1,-0.01,-1,-1,-0.01,-1,-1,-0.01,-1,-1,-0.01,-1,-1,-0.01,-1,-1,-0.01,-1,-1,-0.01,-1,-1
99926009,2026-05-18 13:37:14+05:30,53497.95,0,0.0,0,0.0,0.0,53282.15,53585.15,52783.45,53710.35,0,0.0,0.0,0.0,0.0,-0.01,-1,-1,-0.01,-1,-1,-0.01,-1,-1,-0.01,-1,-1,-0.01,-1,-1,-0.01,-1,-1,-0.01,-1,-1,-0.01,-1,-1,-0.01,-1,-1,-0.01,-1,-1
99926009,2026-05-18 13:37:15+05:30,53502.45,0,0.0,0,0.0,0.0,53282.15,53585.15,52783.45,53710.35,0,0.0,0.0,0.0,0.0,-0.01,-1,-1,-0.01,-1,-1,-0.01,-1,-1,-0.01,-1,-1,-0.01,-1,-1,-0.01,-1,-1,-0.01,-1,-1,-0.01,-1,-1,-0.01,-1,-1,-0.01,-1,-1
99926009,2026-05-18 13:37:15+05:30,53501.1,0,0.0,0,0.0,0.0,53282.15,53585.15,52783.45,53710.35,0,0.0,0.0,0.0,0.0,-0.01,-1,-1,-0.01,-1,-1,-0.01,-1,-1,-0.01,-1,-1,-0.01,-1,-1,-0.01,-1,-1,-0.01,-1,-1,-0.01,-1,-1,-0.01,-1,-1,-0.01,-1,-1
99926009,2026-05-18 13:37:16+05:30,53500.5,0,0.0,0,0.0,0.0,53282.15,53585.15,52783.45,53710.35,0,0.0,0.0,0.0,0.0,-0.01,-1,-1,-0.01,-1,-1,-0.01,-1,-1,-0.01,-1,-1,-0.01,-1,-1,-0.01,-1,-1,-0.01,-1,-1,-0.01,-1,-1,-0.01,-1,-1,-0.01,-1,-1
99926009,2026-05-18 13:37:16+05:30,53501.5,0,0.0,0,0.0,0.0,53282.15,53585.15,52783.45,53710.35,0,0.0,0.0,0.0,0.0,-0.01,-1,-1,-0.01,-1,-1,-0.01,-1,-1,-0.01,-1,-1,-0.01,-1,-1,-0.01,-1,-1,-0.01,-1,-1,-0.01,-1,-1,-0.01,-1,-1,-0.01,-1,-1
99926009,2026-05-18 13:37:17+05:30,53501.9,0,0.0,0,0.0,0.0,53282.15,53585.15,52783.45,53710.35,0,0.0,0.0,0.0,0.0,-0.01,-1,-1,-0.01,-1,-1,-0.01,-1,-1,-0.01,-1,-1,-0.01,-1,-1,-0.01,-1,-1,-0.01,-1,-1,-0.01,-1,-1,-0.01,-1,-1,-0.01,-1,-1
99926009,2026-05-18 13:37:17+05:30,53501.15,0,0.0,0,0.0,0.0,53282.15,53585.15,52783.45,53710.35,0,0.0,0.0,0.0,0.0,-0.01,-1,-1,-0.01,-1,-1,-0.01,-1,-1,-0.01,-1,-1,-0.01,-1,-1,-0.01,-1,-1,-0.01,-1,-1,-0.01,-1,-1,-0.01,-1,-1,-0.01,-1,-1
99926009,2026-05-18 13:37:18+05:30,53498.55,0,0.0,0,0.0,0.0,53282.15,53585.15,52783.45,53710.35,0,0.0,0.0,0.0,0.0,-0.01,-1,-1,-0.01,-1,-1,-0.01,-1,-1,-0.01,-1,-1,-0.01,-1,-1,-0.01,-1,-1,-0.01,-1,-1,-0.01,-1,-1,-0.01,-1,-1,-0.01,-1,-1
99926009,2026-05-18 13:37:18+05:30,53497.0,0,0.0,0,0.0,0.0,53282.15,53585.15,52783.45,53710.35,0,0.0,0.0,0.0,0.0,-0.01,-1,-1,-0.01,-1,-1,-0.01,-1,-1,-0.01,-1,-1,-0.01,-1,-1,-0.01,-1,-1,-0.01,-1,-1,-0.01,-1,-1,-0.01,-1,-1,-0.01,-1,-1
99926009,2026-05-18 13:37:19+05:30,53496.7,0,0.0,0,0.0,0.0,53282.15,53585.15,52783.45,53710.35,0,0.0,0.0,0.0,0.0,-0.01,-1,-1,-0.01,-1,-1,-0.01,-1,-1,-0.01,-1,-1,-0.01,-1,-1,-0.01,-1,-1,-0.01,-1,-1,-0.01,-1,-1,-0.01,-1,-1,-0.01,-1,-1
99926009,2026-05-18 13:37:19+05:30,53497.85,0,0.0,0,0.0,0.0,53282.15,53585.15,52783.45,53710.35,0,0.0,0.0,0.0,0.0,-0.01,-1,-1,-0.01,-1,-1,-0.01,-1,-1,-0.01,-1,-1,-0.01,-1,-1,-0.01,-1,-1,-0.01,-1,-1,-0.01,-1,-1,-0.01,-1,-1,-0.01,-1,-1
99926009,2026-05-18 13:37:20+05:30,53499.0,0,0.0,0,0.0,0.0,53282.15,53585.15,52783.45,53710.35,0,0.0,0.0,0.0,0.0,-0.01,-1,-1,-0.01,-1,-1,-0.01,-1,-1,-0.01,-1,-1,-0.01,-1,-1,-0.01,-1,-1,-0.01,-1,-1,-0.01,-1,-1,-0.01,-1,-1,-0.01,-1,-1
99926009,2026-05-18 13:37:20+05:30,53494.65,0,0.0,0,0.0,0.0,53282.15,53585.15,52783.45,53710.35,0,0.0,0.0,0.0,0.0,-0.01,-1,-1,-0.01,-1,-1,-0.01,-1,-1,-0.01,-1,-1,-0.01,-1,-1,-0.01,-1,-1,-0.01,-1,-1,-0.01,-1,-1,-0.01,-1,-1,-0.01,-1,-1
99926009,2026-05-18 13:37:21+05:30,53494.45,0,0.0,0,0.0,0.0,53282.15,53585.15,52783.45,53710.35,0,0.0,0.0,0.0,0.0,-0.01,-1,-1,-0.01,-1,-1,-0.01,-1,-1,-0.01,-1,-1,-0.01,-1,-1,-0.01,-1,-1,-0.01,-1,-1,-0.01,-1,-1,-0.01,-1,-1,-0.01,-1,-1
99926009,2026-05-18 13:37:21+05:30,53497.2,0,0.0,0,0.0,0.0,53282.15,53585.15,52783.45,53710.35,0,0.0,0.0,0.0,0.0,-0.01,-1,-1,-0.01,-1,-1,-0.01,-1,-1,-0.01,-1,-1,-0.01,-1,-1,-0.01,-1,-1,-0.01,-1,-1,-0.01,-1,-1,-0.01,-1,-1,-0.01,-1,-1
99926009,2026-05-18 13:37:22+05:30,53498.3,0,0.0,0,0.0,0.0,53282.15,53585.15,52783.45,53710.35,0,0.0,0.0,0.0,0.0,-0.01,-1,-1,-0.01,-1,-1,-0.01,-1,-1,-0.01,-1,-1,-0.01,-1,-1,-0.01,-1,-1,-0.01,-1,-1,-0.01,-1,-1,-0.01,-1,-1,-0.01,-1,-1
99926009,2026-05-18 13:37:22+05:30,53499.0,0,0.0,0,0.0,0.0,53282.15,53585.15,52783.45,53710.35,0,0.0,0.0,0.0,0.0,-0.01,-1,-1,-0.01,-1,-1,-0.01,-1,-1,-0.01,-1,-1,-0.01,-1,-1,-0.01,-1,-1,-0.01,-1,-1,-0.01,-1,-1,-0.01,-1,-1,-0.01,-1,-1
99926009,2026-05-18 13:37:23+05:30,53499.35,0,0.0,0,0.0,0.0,53282.15,53585.15,52783.45,53710.35,0,0.0,0.0,0.0,0.0,-0.01,-1,-1,-0.01,-1,-1,-0.01,-1,-1,-0.01,-1,-1,-0.01,-1,-1,-0.01,-1,-1,-0.01,-1,-1,-0.01,-1,-1,-0.01,-1,-1,-0.01,-1,-1
99926009,2026-05-18 13:37:23+05:30,53498.25,0,0.0,0,0.0,0.0,53282.15,53585.15,52783.45,53710.35,0,0.0,0.0,0.0,0.0,-0.01,-1,-1,-0.01,-1,-1,-0.01,-1,-1,-0.01,-1,-1,-0.01,-1,-1,-0.01,-1,-1,-0.01,-1,-1,-0.01,-1,-1,-0.01,-1,-1,-0.01,-1,-1
99926009,2026-05-18 13:37:24+05:30,53498.25,0,0.0,0,0.0,0.0,53282.15,53585.15,52783.45,53710.35,0,0.0,0.0,0.0,0.0,-0.01,-1,-1,-0.01,-1,-1,-0.01,-1,-1,-0.01,-1,-1,-0.01,-1,-1,-0.01,-1,-1,-0.01,-1,-1,-0.01,-1,-1,-0.01,-1,-1,-0.01,-1,-1
99926009,2026-05-18 13:37:24+05:30,53497.85,0,0.0,0,0.0,0.0,53282.15,53585.15,52783.45,53710.35,0,0.0,0.0,0.0,0.0,-0.01,-1,-1,-0.01,-1,-1,-0.01,-1,-1,-0.01,-1,-1,-0.01,-1,-1,-0.01,-1,-1,-0.01,-1,-1,-0.01,-1,-1,-0.01,-1,-1,-0.01,-1,-1
99926009,2026-05-18 13:37:25+05:30,53495.75,0,0.0,0,0.0,0.0,53282.15,53585.15,52783.45,53710.35,0,0.0,0.0,0.0,0.0,-0.01,-1,-1,-0.01,-1,-1,-0.01,-1,-1,-0.01,-1,-1,-0.01,-1,-1,-0.01,-1,-1,-0.01,-1,-1,-0.01,-1,-1,-0.01,-1,-1,-0.01,-1,-1
99926009,2026-05-18 13:37:25+05:30,53492.7,0,0.0,0,0.0,0.0,53282.15,53585.15,52783.45,53710.35,0,0.0,0.0,0.0,0.0,-0.01,-1,-1,-0.01,-1,-1,-0.01,-1,-1,-0.01,-1,-1,-0.01,-1,-1,-0.01,-1,-1,-0.01,-1,-1,-0.01,-1,-1,-0.01,-1,-1,-0.01,-1,-1
99926009,2026-05-18 13:37:26+05:30,53493.2,0,0.0,0,0.0,0.0,53282.15,53585.15,52783.45,53710.35,0,0.0,0.0,0.0,0.0,-0.01,-1,-1,-0.01,-1,-1,-0.01,-1,-1,-0.01,-1,-1,-0.01,-1,-1,-0.01,-1,-1,-0.01,-1,-1,-0.01,-1,-1,-0.01,-1,-1,-0.01,-1,-1
99926009,2026-05-18 13:37:26+05:30,53493.95,0,0.0,0,0.0,0.0,53282.15,53585.15,52783.45,53710.35,0,0.0,0.0,0.0,0.0,-0.01,-1,-1,-0.01,-1,-1,-0.01,-1,-1,-0.01,-1,-1,-0.01,-1,-1,-0.01,-1,-1,-0.01,-1,-1,-0.01,-1,-1,-0.01,-1,-1,-0.01,-1,-1
99926009,2026-05-18 13:37:27+05:30,53496.45,0,0.0,0,0.0,0.0,53282.15,53585.15,52783.45,53710.35,0,0.0,0.0,0.0,0.0,-0.01,-1,-1,-0.01,-1,-1,-0.01,-1,-1,-0.01,-1,-1,-0.01,-1,-1,-0.01,-1,-1,-0.01,-1,-1,-0.01,-1,-1,-0.01,-1,-1,-0.01,-1,-1
99926009,2026-05-18 13:37:27+05:30,53496.9,0,0.0,0,0.0,0.0,53282.15,53585.15,52783.45,53710.35,0,0.0,0.0,0.0,0.0,-0.01,-1,-1,-0.01,-1,-1,-0.01,-1,-1,-0.01,-1,-1,-0.01,-1,-1,-0.01,-1,-1,-0.01,-1,-1,-0.01,-1,-1,-0.01,-1,-1,-0.01,-1,-1
99926009,2026-05-18 13:37:28+05:30,53499.35,0,0.0,0,0.0,0.0,53282.15,53585.15,52783.45,53710.35,0,0.0,0.0,0.0,0.0,-0.01,-1,-1,-0.01,-1,-1,-0.01,-1,-1,-0.01,-1,-1,-0.01,-1,-1,-0.01,-1,-1,-0.01,-1,-1,-0.01,-1,-1,-0.01,-1,-1,-0.01,-1,-1
99926009,2026-05-18 13:37:28+05:30,53499.4,0,0.0,0,0.0,0.0,53282.15,53585.15,52783.45,53710.35,0,0.0,0.0,0.0,0.0,-0.01,-1,-1,-0.01,-1,-1,-0.01,-1,-1,-0.01,-1,-1,-0.01,-1,-1,-0.01,-1,-1,-0.01,-1,-1,-0.01,-1,-1,-0.01,-1,-1,-0.01,-1,-1
99926009,2026-05-18 13:37:29+05:30,53499.6,0,0.0,0,0.0,0.0,53282.15,53585.15,52783.45,53710.35,0,0.0,0.0,0.0,0.0,-0.01,-1,-1,-0.01,-1,-1,-0.01,-1,-1,-0.01,-1,-1,-0.01,-1,-1,-0.01,-1,-1,-0.01,-1,-1,-0.01,-1,-1,-0.01,-1,-1,-0.01,-1,-1
99926009,2026-05-18 13:37:29+05:30,53499.3,0,0.0,0,0.0,0.0,53282.15,53585.15,52783.45,53710.35,0,0.0,0.0,0.0,0.0,-0.01,-1,-1,-0.01,-1,-1,-0.01,-1,-1,-0.01,-1,-1,-0.01,-1,-1,-0.01,-1,-1,-0.01,-1,-1,-0.01,-1,-1,-0.01,-1,-1,-0.01,-1,-1
99926009,2026-05-18 13:37:30+05:30,53501.45,0,0.0,0,0.0,0.0,53282.15,53585.15,52783.45,53710.35,0,0.0,0.0,0.0,0.0,-0.01,-1,-1,-0.01,-1,-1,-0.01,-1,-1,-0.01,-1,-1,-0.01,-1,-1,-0.01,-1,-1,-0.01,-1,-1,-0.01,-1,-1,-0.01,-1,-1,-0.01,-1,-1
99926009,2026-05-18 13:37:30+05:30,53501.0,0,0.0,0,0.0,0.0,53282.15,53585.15,52783.45,53710.35,0,0.0,0.0,0.0,0.0,-0.01,-1,-1,-0.01,-1,-1,-0.01,-1,-1,-0.01,-1,-1,-0.01,-1,-1,-0.01,-1,-1,-0.01,-1,-1,-0.01,-1,-1,-0.01,-1,-1,-0.01,-1,-1
99926009,2026-05-18 13:37:31+05:30,53501.1,0,0.0,0,0.0,0.0,53282.15,53585.15,52783.45,53710.35,0,0.0,0.0,0.0,0.0,-0.01,-1,-1,-0.01,-1,-1,-0.01,-1,-1,-0.01,-1,-1,-0.01,-1,-1,-0.01,-1,-1,-0.01,-1,-1,-0.01,-1,-1,-0.01,-1,-1,-0.01,-1,-1
99926009,2026-05-18 13:37:31+05:30,53498.3,0,0.0,0,0.0,0.0,53282.15,53585.15,52783.45,53710.35,0,0.0,0.0,0.0,0.0,-0.01,-1,-1,-0.01,-1,-1,-0.01,-1,-1,-0.01,-1,-1,-0.01,-1,-1,-0.01,-1,-1,-0.01,-1,-1,-0.01,-1,-1,-0.01,-1,-1,-0.01,-1,-1
99926009,2026-05-18 13:37:32+05:30,53501.25,0,0.0,0,0.0,0.0,53282.15,53585.15,52783.45,53710.35,0,0.0,0.0,0.0,0.0,-0.01,-1,-1,-0.01,-1,-1,-0.01,-1,-1,-0.01,-1,-1,-0.01,-1,-1,-0.01,-1,-1,-0.01,-1,-1,-0.01,-1,-1,-0.01,-1,-1,-0.01,-1,-1
99926009,2026-05-18 13:37:32+05:30,53496.35,0,0.0,0,0.0,0.0,53282.15,53585.15,52783.45,53710.35,0,0.0,0.0,0.0,0.0,-0.01,-1,-1,-0.01,-1,-1,-0.01,-1,-1,-0.01,-1,-1,-0.01,-1,-1,-0.01,-1,-1,-0.01,-1,-1,-0.01,-1,-1,-0.01,-1,-1,-0.01,-1,-1
99926009,2026-05-18 13:37:33+05:30,53499.1,0,0.0,0,0.0,0.0,53282.15,53585.15,52783.45,53710.35,0,0.0,0.0,0.0,0.0,-0.01,-1,-1,-0.01,-1,-1,-0.01,-1,-1,-0.01,-1,-1,-0.01,-1,-1,-0.01,-1,-1,-0.01,-1,-1,-0.01,-1,-1,-0.01,-1,-1,-0.01,-1,-1
99926009,2026-05-18 13:37:33+05:30,53497.35,0,0.0,0,0.0,0.0,53282.15,53585.15,52783.45,53710.35,0,0.0,0.0,0.0,0.0,-0.01,-1,-1,-0.01,-1,-1,-0.01,-1,-1,-0.01,-1,-1,-0.01,-1,-1,-0.01,-1,-1,-0.01,-1,-1,-0.01,-1,-1,-0.01,-1,-1,-0.01,-1,-1
99926009,2026-05-18 13:37:34+05:30,53495.85,0,0.0,0,0.0,0.0,53282.15,53585.15,52783.45,53710.35,0,0.0,0.0,0.0,0.0,-0.01,-1,-1,-0.01,-1,-1,-0.01,-1,-1,-0.01,-1,-1,-0.01,-1,-1,-0.01,-1,-1,-0.01,-1,-1,-0.01,-1,-1,-0.01,-1,-1,-0.01,-1,-1
99926009,2026-05-18 13:37:34+05:30,53497.25,0,0.0,0,0.0,0.0,53282.15,53585.15,52783.45,53710.35,0,0.0,0.0,0.0,0.0,-0.01,-1,-1,-0.01,-1,-1,-0.01,-1,-1,-0.01,-1,-1,-0.01,-1,-1,-0.01,-1,-1,-0.01,-1,-1,-0.01,-1,-1,-0.01,-1,-1,-0.01,-1,-1
99926009,2026-05-18 13:37:35+05:30,53499.2,0,0.0,0,0.0,0.0,53282.15,53585.15,52783.45,53710.35,0,0.0,0.0,0.0,0.0,-0.01,-1,-1,-0.01,-1,-1,-0.01,-1,-1,-0.01,-1,-1,-0.01,-1,-1,-0.01,-1,-1,-0.01,-1,-1,-0.01,-1,-1,-0.01,-1,-1,-0.01,-1,-1
99926009,2026-05-18 13:37:35+05:30,53495.7,0,0.0,0,0.0,0.0,53282.15,53585.15,52783.45,53710.35,0,0.0,0.0,0.0,0.0,-0.01,-1,-1,-0.01,-1,-1,-0.01,-1,-1,-0.01,-1,-1,-0.01,-1,-1,-0.01,-1,-1,-0.01,-1,-1,-0.01,-1,-1,-0.01,-1,-1,-0.01,-1,-1
99926009,2026-05-18 13:37:36+05:30,53497.35,0,0.0,0,0.0,0.0,53282.15,53585.15,52783.45,53710.35,0,0.0,0.0,0.0,0.0,-0.01,-1,-1,-0.01,-1,-1,-0.01,-1,-1,-0.01,-1,-1,-0.01,-1,-1,-0.01,-1,-1,-0.01,-1,-1,-0.01,-1,-1,-0.01,-1,-1,-0.01,-1,-1
99926009,2026-05-18 13:37:36+05:30,53496.4,0,0.0,0,0.0,0.0,53282.15,53585.15,52783.45,53710.35,0,0.0,0.0,0.0,0.0,-0.01,-1,-1,-0.01,-1,-1,-0.01,-1,-1,-0.01,-1,-1,-0.01,-1,-1,-0.01,-1,-1,-0.01,-1,-1,-0.01,-1,-1,-0.01,-1,-1,-0.01,-1,-1
99926009,2026-05-18 13:37:37+05:30,53498.0,0,0.0,0,0.0,0.0,53282.15,53585.15,52783.45,53710.35,0,0.0,0.0,0.0,0.0,-0.01,-1,-1,-0.01,-1,-1,-0.01,-1,-1,-0.01,-1,-1,-0.01,-1,-1,-0.01,-1,-1,-0.01,-1,-1,-0.01,-1,-1,-0.01,-1,-1,-0.01,-1,-1
99926009,2026-05-18 13:37:37+05:30,53497.15,0,0.0,0,0.0,0.0,53282.15,53585.15,52783.45,53710.35,0,0.0,0.0,0.0,0.0,-0.01,-1,-1,-0.01,-1,-1,-0.01,-1,-1,-0.01,-1,-1,-0.01,-1,-1,-0.01,-1,-1,-0.01,-1,-1,-0.01,-1,-1,-0.01,-1,-1,-0.01,-1,-1
99926009,2026-05-18 13:37:38+05:30,53496.85,0,0.0,0,0.0,0.0,53282.15,53585.15,52783.45,53710.35,0,0.0,0.0,0.0,0.0,-0.01,-1,-1,-0.01,-1,-1,-0.01,-1,-1,-0.01,-1,-1,-0.01,-1,-1,-0.01,-1,-1,-0.01,-1,-1,-0.01,-1,-1,-0.01,-1,-1,-0.01,-1,-1
99926009,2026-05-18 13:37:38+05:30,53497.65,0,0.0,0,0.0,0.0,53282.15,53585.15,52783.45,53710.35,0,0.0,0.0,0.0,0.0,-0.01,-1,-1,-0.01,-1,-1,-0.01,-1,-1,-0.01,-1,-1,-0.01,-1,-1,-0.01,-1,-1,-0.01,-1,-1,-0.01,-1,-1,-0.01,-1,-1,-0.01,-1,-1
99926009,2026-05-18 13:37:39+05:30,53494.7,0,0.0,0,0.0,0.0,53282.15,53585.15,52783.45,53710.35,0,0.0,0.0,0.0,0.0,-0.01,-1,-1,-0.01,-1,-1,-0.01,-1,-1,-0.01,-1,-1,-0.01,-1,-1,-0.01,-1,-1,-0.01,-1,-1,-0.01,-1,-1,-0.01,-1,-1,-0.01,-1,-1
99926009,2026-05-18 13:37:39+05:30,53496.0,0,0.0,0,0.0,0.0,53282.15,53585.15,52783.45,53710.35,0,0.0,0.0,0.0,0.0,-0.01,-1,-1,-0.01,-1,-1,-0.01,-1,-1,-0.01,-1,-1,-0.01,-1,-1,-0.01,-1,-1,-0.01,-1,-1,-0.01,-1,-1,-0.01,-1,-1,-0.01,-1,-1
99926009,2026-05-18 13:37:40+05:30,53499.3,0,0.0,0,0.0,0.0,53282.15,53585.15,52783.45,53710.35,0,0.0,0.0,0.0,0.0,-0.01,-1,-1,-0.01,-1,-1,-0.01,-1,-1,-0.01,-1,-1,-0.01,-1,-1,-0.01,-1,-1,-0.01,-1,-1,-0.01,-1,-1,-0.01,-1,-1,-0.01,-1,-1
99926009,2026-05-18 13:37:40+05:30,53498.25,0,0.0,0,0.0,0.0,53282.15,53585.15,52783.45,53710.35,0,0.0,0.0,0.0,0.0,-0.01,-1,-1,-0.01,-1,-1,-0.01,-1,-1,-0.01,-1,-1,-0.01,-1,-1,-0.01,-1,-1,-0.01,-1,-1,-0.01,-1,-1,-0.01,-1,-1,-0.01,-1,-1
99926009,2026-05-18 13:37:41+05:30,53497.3,0,0.0,0,0.0,0.0,53282.15,53585.15,52783.45,53710.35,0,0.0,0.0,0.0,0.0,-0.01,-1,-1,-0.01,-1,-1,-0.01,-1,-1,-0.01,-1,-1,-0.01,-1,-1,-0.01,-1,-1,-0.01,-1,-1,-0.01,-1,-1,-0.01,-1,-1,-0.01,-1,-1
99926009,2026-05-18 13:37:41+05:30,53495.45,0,0.0,0,0.0,0.0,53282.15,53585.15,52783.45,53710.35,0,0.0,0.0,0.0,0.0,-0.01,-1,-1,-0.01,-1,-1,-0.01,-1,-1,-0.01,-1,-1,-0.01,-1,-1,-0.01,-1,-1,-0.01,-1,-1,-0.01,-1,-1,-0.01,-1,-1,-0.01,-1,-1
99926009,2026-05-18 13:37:42+05:30,53496.5,0,0.0,0,0.0,0.0,53282.15,53585.15,52783.45,53710.35,0,0.0,0.0,0.0,0.0,-0.01,-1,-1,-0.01,-1,-1,-0.01,-1,-1,-0.01,-1,-1,-0.01,-1,-1,-0.01,-1,-1,-0.01,-1,-1,-0.01,-1,-1,-0.01,-1,-1,-0.01,-1,-1
99926009,2026-05-18 13:37:42+05:30,53497.5,0,0.0,0,0.0,0.0,53282.15,53585.15,52783.45,53710.35,0,0.0,0.0,0.0,0.0,-0.01,-1,-1,-0.01,-1,-1,-0.01,-1,-1,-0.01,-1,-1,-0.01,-1,-1,-0.01,-1,-1,-0.01,-1,-1,-0.01,-1,-1,-0.01,-1,-1,-0.01,-1,-1
99926009,2026-05-18 13:37:43+05:30,53496.35,0,0.0,0,0.0,0.0,53282.15,53585.15,52783.45,53710.35,0,0.0,0.0,0.0,0.0,-0.01,-1,-1,-0.01,-1,-1,-0.01,-1,-1,-0.01,-1,-1,-0.01,-1,-1,-0.01,-1,-1,-0.01,-1,-1,-0.01,-1,-1,-0.01,-1,-1,-0.01,-1,-1
99926009,2026-05-18 13:37:43+05:30,53497.05,0,0.0,0,0.0,0.0,53282.15,53585.15,52783.45,53710.35,0,0.0,0.0,0.0,0.0,-0.01,-1,-1,-0.01,-1,-1,-0.01,-1,-1,-0.01,-1,-1,-0.01,-1,-1,-0.01,-1,-1,-0.01,-1,-1,-0.01,-1,-1,-0.01,-1,-1,-0.01,-1,-1
99926009,2026-05-18 13:37:44+05:30,53497.0,0,0.0,0,0.0,0.0,53282.15,53585.15,52783.45,53710.35,0,0.0,0.0,0.0,0.0,-0.01,-1,-1,-0.01,-1,-1,-0.01,-1,-1,-0.01,-1,-1,-0.01,-1,-1,-0.01,-1,-1,-0.01,-1,-1,-0.01,-1,-1,-0.01,-1,-1,-0.01,-1,-1
99926009,2026-05-18 13:37:44+05:30,53497.75,0,0.0,0,0.0,0.0,53282.15,53585.15,52783.45,53710.35,0,0.0,0.0,0.0,0.0,-0.01,-1,-1,-0.01,-1,-1,-0.01,-1,-1,-0.01,-1,-1,-0.01,-1,-1,-0.01,-1,-1,-0.01,-1,-1,-0.01,-1,-1,-0.01,-1,-1,-0.01,-1,-1
99926009,2026-05-18 13:37:45+05:30,53498.65,0,0.0,0,0.0,0.0,53282.15,53585.15,52783.45,53710.35,0,0.0,0.0,0.0,0.0,-0.01,-1,-1,-0.01,-1,-1,-0.01,-1,-1,-0.01,-1,-1,-0.01,-1,-1,-0.01,-1,-1,-0.01,-1,-1,-0.01,-1,-1,-0.01,-1,-1,-0.01,-1,-1
99926009,2026-05-18 13:37:45+05:30,53495.85,0,0.0,0,0.0,0.0,53282.15,53585.15,52783.45,53710.35,0,0.0,0.0,0.0,0.0,-0.01,-1,-1,-0.01,-1,-1,-0.01,-1,-1,-0.01,-1,-1,-0.01,-1,-1,-0.01,-1,-1,-0.01,-1,-1,-0.01,-1,-1,-0.01,-1,-1,-0.01,-1,-1
99926009,2026-05-18 13:37:46+05:30,53496.75,0,0.0,0,0.0,0.0,53282.15,53585.15,52783.45,53710.35,0,0.0,0.0,0.0,0.0,-0.01,-1,-1,-0.01,-1,-1,-0.01,-1,-1,-0.01,-1,-1,-0.01,-1,-1,-0.01,-1,-1,-0.01,-1,-1,-0.01,-1,-1,-0.01,-1,-1,-0.01,-1,-1
99926009,2026-05-18 13:37:46+05:30,53495.4,0,0.0,0,0.0,0.0,53282.15,53585.15,52783.45,53710.35,0,0.0,0.0,0.0,0.0,-0.01,-1,-1,-0.01,-1,-1,-0.01,-1,-1,-0.01,-1,-1,-0.01,-1,-1,-0.01,-1,-1,-0.01,-1,-1,-0.01,-1,-1,-0.01,-1,-1,-0.01,-1,-1
99926009,2026-05-18 13:37:47+05:30,53493.95,0,0.0,0,0.0,0.0,53282.15,53585.15,52783.45,53710.35,0,0.0,0.0,0.0,0.0,-0.01,-1,-1,-0.01,-1,-1,-0.01,-1,-1,-0.01,-1,-1,-0.01,-1,-1,-0.01,-1,-1,-0.01,-1,-1,-0.01,-1,-1,-0.01,-1,-1,-0.01,-1,-1
99926009,2026-05-18 13:37:47+05:30,53493.2,0,0.0,0,0.0,0.0,53282.15,53585.15,52783.45,53710.35,0,0.0,0.0,0.0,0.0,-0.01,-1,-1,-0.01,-1,-1,-0.01,-1,-1,-0.01,-1,-1,-0.01,-1,-1,-0.01,-1,-1,-0.01,-1,-1,-0.01,-1,-1,-0.01,-1,-1,-0.01,-1,-1
99926009,2026-05-18 13:37:48+05:30,53490.75,0,0.0,0,0.0,0.0,53282.15,53585.15,52783.45,53710.35,0,0.0,0.0,0.0,0.0,-0.01,-1,-1,-0.01,-1,-1,-0.01,-1,-1,-0.01,-1,-1,-0.01,-1,-1,-0.01,-1,-1,-0.01,-1,-1,-0.01,-1,-1,-0.01,-1,-1,-0.01,-1,-1
99926009,2026-05-18 13:37:48+05:30,53491.8,0,0.0,0,0.0,0.0,53282.15,53585.15,52783.45,53710.35,0,0.0,0.0,0.0,0.0,-0.01,-1,-1,-0.01,-1,-1,-0.01,-1,-1,-0.01,-1,-1,-0.01,-1,-1,-0.01,-1,-1,-0.01,-1,-1,-0.01,-1,-1,-0.01,-1,-1,-0.01,-1,-1
99926009,2026-05-18 13:37:49+05:30,53491.65,0,0.0,0,0.0,0.0,53282.15,53585.15,52783.45,53710.35,0,0.0,0.0,0.0,0.0,-0.01,-1,-1,-0.01,-1,-1,-0.01,-1,-1,-0.01,-1,-1,-0.01,-1,-1,-0.01,-1,-1,-0.01,-1,-1,-0.01,-1,-1,-0.01,-1,-1,-0.01,-1,-1
99926009,2026-05-18 13:37:49+05:30,53491.35,0,0.0,0,0.0,0.0,53282.15,53585.15,52783.45,53710.35,0,0.0,0.0,0.0,0.0,-0.01,-1,-1,-0.01,-1,-1,-0.01,-1,-1,-0.01,-1,-1,-0.01,-1,-1,-0.01,-1,-1,-0.01,-1,-1,-0.01,-1,-1,-0.01,-1,-1,-0.01,-1,-1
99926009,2026-05-18 13:37:50+05:30,53492.3,0,0.0,0,0.0,0.0,53282.15,53585.15,52783.45,53710.35,0,0.0,0.0,0.0,0.0,-0.01,-1,-1,-0.01,-1,-1,-0.01,-1,-1,-0.01,-1,-1,-0.01,-1,-1,-0.01,-1,-1,-0.01,-1,-1,-0.01,-1,-1,-0.01,-1,-1,-0.01,-1,-1
99926009,2026-05-18 13:37:50+05:30,53491.35,0,0.0,0,0.0,0.0,53282.15,53585.15,52783.45,53710.35,0,0.0,0.0,0.0,0.0,-0.01,-1,-1,-0.01,-1,-1,-0.01,-1,-1,-0.01,-1,-1,-0.01,-1,-1,-0.01,-1,-1,-0.01,-1,-1,-0.01,-1,-1,-0.01,-1,-1,-0.01,-1,-1
99926009,2026-05-18 13:37:51+05:30,53491.65,0,0.0,0,0.0,0.0,53282.15,53585.15,52783.45,53710.35,0,0.0,0.0,0.0,0.0,-0.01,-1,-1,-0.01,-1,-1,-0.01,-1,-1,-0.01,-1,-1,-0.01,-1,-1,-0.01,-1,-1,-0.01,-1,-1,-0.01,-1,-1,-0.01,-1,-1,-0.01,-1,-1
99926009,2026-05-18 13:37:51+05:30,53490.5,0,0.0,0,0.0,0.0,53282.15,53585.15,52783.45,53710.35,0,0.0,0.0,0.0,0.0,-0.01,-1,-1,-0.01,-1,-1,-0.01,-1,-1,-0.01,-1,-1,-0.01,-1,-1,-0.01,-1,-1,-0.01,-1,-1,-0.01,-1,-1,-0.01,-1,-1,-0.01,-1,-1
99926009,2026-05-18 13:37:52+05:30,53486.65,0,0.0,0,0.0,0.0,53282.15,53585.15,52783.45,53710.35,0,0.0,0.0,0.0,0.0,-0.01,-1,-1,-0.01,-1,-1,-0.01,-1,-1,-0.01,-1,-1,-0.01,-1,-1,-0.01,-1,-1,-0.01,-1,-1,-0.01,-1,-1,-0.01,-1,-1,-0.01,-1,-1
99926009,2026-05-18 13:37:52+05:30,53484.4,0,0.0,0,0.0,0.0,53282.15,53585.15,52783.45,53710.35,0,0.0,0.0,0.0,0.0,-0.01,-1,-1,-0.01,-1,-1,-0.01,-1,-1,-0.01,-1,-1,-0.01,-1,-1,-0.01,-1,-1,-0.01,-1,-1,-0.01,-1,-1,-0.01,-1,-1,-0.01,-1,-1
99926009,2026-05-18 13:37:53+05:30,53486.75,0,0.0,0,0.0,0.0,53282.15,53585.15,52783.45,53710.35,0,0.0,0.0,0.0,0.0,-0.01,-1,-1,-0.01,-1,-1,-0.01,-1,-1,-0.01,-1,-1,-0.01,-1,-1,-0.01,-1,-1,-0.01,-1,-1,-0.01,-1,-1,-0.01,-1,-1,-0.01,-1,-1
99926009,2026-05-18 13:37:53+05:30,53486.05,0,0.0,0,0.0,0.0,53282.15,53585.15,52783.45,53710.35,0,0.0,0.0,0.0,0.0,-0.01,-1,-1,-0.01,-1,-1,-0.01,-1,-1,-0.01,-1,-1,-0.01,-1,-1,-0.01,-1,-1,-0.01,-1,-1,-0.01,-1,-1,-0.01,-1,-1,-0.01,-1,-1
99926009,2026-05-18 13:37:54+05:30,53484.95,0,0.0,0,0.0,0.0,53282.15,53585.15,52783.45,53710.35,0,0.0,0.0,0.0,0.0,-0.01,-1,-1,-0.01,-1,-1,-0.01,-1,-1,-0.01,-1,-1,-0.01,-1,-1,-0.01,-1,-1,-0.01,-1,-1,-0.01,-1,-1,-0.01,-1,-1,-0.01,-1,-1
99926009,2026-05-18 13:37:54+05:30,53484.8,0,0.0,0,0.0,0.0,53282.15,53585.15,52783.45,53710.35,0,0.0,0.0,0.0,0.0,-0.01,-1,-1,-0.01,-1,-1,-0.01,-1,-1,-0.01,-1,-1,-0.01,-1,-1,-0.01,-1,-1,-0.01,-1,-1,-0.01,-1,-1,-0.01,-1,-1,-0.01,-1,-1
99926009,2026-05-18 13:37:55+05:30,53487.1,0,0.0,0,0.0,0.0,53282.15,53585.15,52783.45,53710.35,0,0.0,0.0,0.0,0.0,-0.01,-1,-1,-0.01,-1,-1,-0.01,-1,-1,-0.01,-1,-1,-0.01,-1,-1,-0.01,-1,-1,-0.01,-1,-1,-0.01,-1,-1,-0.01,-1,-1,-0.01,-1,-1
99926009,2026-05-18 13:37:55+05:30,53485.6,0,0.0,0,0.0,0.0,53282.15,53585.15,52783.45,53710.35,0,0.0,0.0,0.0,0.0,-0.01,-1,-1,-0.01,-1,-1,-0.01,-1,-1,-0.01,-1,-1,-0.01,-1,-1,-0.01,-1,-1,-0.01,-1,-1,-0.01,-1,-1,-0.01,-1,-1,-0.01,-1,-1
99926009,2026-05-18 13:37:56+05:30,53484.95,0,0.0,0,0.0,0.0,53282.15,53585.15,52783.45,53710.35,0,0.0,0.0,0.0,0.0,-0.01,-1,-1,-0.01,-1,-1,-0.01,-1,-1,-0.01,-1,-1,-0.01,-1,-1,-0.01,-1,-1,-0.01,-1,-1,-0.01,-1,-1,-0.01,-1,-1,-0.01,-1,-1
99926009,2026-05-18 13:37:56+05:30,53487.65,0,0.0,0,0.0,0.0,53282.15,53585.15,52783.45,53710.35,0,0.0,0.0,0.0,0.0,-0.01,-1,-1,-0.01,-1,-1,-0.01,-1,-1,-0.01,-1,-1,-0.01,-1,-1,-0.01,-1,-1,-0.01,-1,-1,-0.01,-1,-1,-0.01,-1,-1,-0.01,-1,-1
99926009,2026-05-18 13:37:57+05:30,53486.95,0,0.0,0,0.0,0.0,53282.15,53585.15,52783.45,53710.35,0,0.0,0.0,0.0,0.0,-0.01,-1,-1,-0.01,-1,-1,-0.01,-1,-1,-0.01,-1,-1,-0.01,-1,-1,-0.01,-1,-1,-0.01,-1,-1,-0.01,-1,-1,-0.01,-1,-1,-0.01,-1,-1
99926009,2026-05-18 13:37:57+05:30,53486.45,0,0.0,0,0.0,0.0,53282.15,53585.15,52783.45,53710.35,0,0.0,0.0,0.0,0.0,-0.01,-1,-1,-0.01,-1,-1,-0.01,-1,-1,-0.01,-1,-1,-0.01,-1,-1,-0.01,-1,-1,-0.01,-1,-1,-0.01,-1,-1,-0.01,-1,-1,-0.01,-1,-1
99926009,2026-05-18 13:37:58+05:30,53487.4,0,0.0,0,0.0,0.0,53282.15,53585.15,52783.45,53710.35,0,0.0,0.0,0.0,0.0,-0.01,-1,-1,-0.01,-1,-1,-0.01,-1,-1,-0.01,-1,-1,-0.01,-1,-1,-0.01,-1,-1,-0.01,-1,-1,-0.01,-1,-1,-0.01,-1,-1,-0.01,-1,-1
99926009,2026-05-18 13:37:58+05:30,53484.5,0,0.0,0,0.0,0.0,53282.15,53585.15,52783.45,53710.35,0,0.0,0.0,0.0,0.0,-0.01,-1,-1,-0.01,-1,-1,-0.01,-1,-1,-0.01,-1,-1,-0.01,-1,-1,-0.01,-1,-1,-0.01,-1,-1,-0.01,-1,-1,-0.01,-1,-1,-0.01,-1,-1
99926009,2026-05-18 13:37:59+05:30,53484.7,0,0.0,0,0.0,0.0,53282.15,53585.15,52783.45,53710.35,0,0.0,0.0,0.0,0.0,-0.01,-1,-1,-0.01,-1,-1,-0.01,-1,-1,-0.01,-1,-1,-0.01,-1,-1,-0.01,-1,-1,-0.01,-1,-1,-0.01,-1,-1,-0.01,-1,-1,-0.01,-1,-1
99926009,2026-05-18 13:37:59+05:30,53483.9,0,0.0,0,0.0,0.0,53282.15,53585.15,52783.45,53710.35,0,0.0,0.0,0.0,0.0,-0.01,-1,-1,-0.01,-1,-1,-0.01,-1,-1,-0.01,-1,-1,-0.01,-1,-1,-0.01,-1,-1,-0.01,-1,-1,-0.01,-1,-1,-0.01,-1,-1,-0.01,-1,-1
99926009,2026-05-18 13:38:00+05:30,53482.5,0,0.0,0,0.0,0.0,53282.15,53585.15,52783.45,53710.35,0,0.0,0.0,0.0,0.0,-0.01,-1,-1,-0.01,-1,-1,-0.01,-1,-1,-0.01,-1,-1,-0.01,-1,-1,-0.01,-1,-1,-0.01,-1,-1,-0.01,-1,-1,-0.01,-1,-1,-0.01,-1,-1
99926009,2026-05-18 13:38:00+05:30,53473.1,0,0.0,0,0.0,0.0,53282.15,53585.15,52783.45,53710.35,0,0.0,0.0,0.0,0.0,-0.01,-1,-1,-0.01,-1,-1,-0.01,-1,-1,-0.01,-1,-1,-0.01,-1,-1,-0.01,-1,-1,-0.01,-1,-1,-0.01,-1,-1,-0.01,-1,-1,-0.01,-1,-1
99926009,2026-05-18 13:38:01+05:30,53471.9,0,0.0,0,0.0,0.0,53282.15,53585.15,52783.45,53710.35,0,0.0,0.0,0.0,0.0,-0.01,-1,-1,-0.01,-1,-1,-0.01,-1,-1,-0.01,-1,-1,-0.01,-1,-1,-0.01,-1,-1,-0.01,-1,-1,-0.01,-1,-1,-0.01,-1,-1,-0.01,-1,-1
99926009,2026-05-18 13:38:01+05:30,53473.2,0,0.0,0,0.0,0.0,53282.15,53585.15,52783.45,53710.35,0,0.0,0.0,0.0,0.0,-0.01,-1,-1,-0.01,-1,-1,-0.01,-1,-1,-0.01,-1,-1,-0.01,-1,-1,-0.01,-1,-1,-0.01,-1,-1,-0.01,-1,-1,-0.01,-1,-1,-0.01,-1,-1
99926009,2026-05-18 13:38:02+05:30,53472.85,0,0.0,0,0.0,0.0,53282.15,53585.15,52783.45,53710.35,0,0.0,0.0,0.0,0.0,-0.01,-1,-1,-0.01,-1,-1,-0.01,-1,-1,-0.01,-1,-1,-0.01,-1,-1,-0.01,-1,-1,-0.01,-1,-1,-0.01,-1,-1,-0.01,-1,-1,-0.01,-1,-1
99926009,2026-05-18 13:38:02+05:30,53471.15,0,0.0,0,0.0,0.0,53282.15,53585.15,52783.45,53710.35,0,0.0,0.0,0.0,0.0,-0.01,-1,-1,-0.01,-1,-1,-0.01,-1,-1,-0.01,-1,-1,-0.01,-1,-1,-0.01,-1,-1,-0.01,-1,-1,-0.01,-1,-1,-0.01,-1,-1,-0.01,-1,-1
99926009,2026-05-18 13:38:03+05:30,53470.6,0,0.0,0,0.0,0.0,53282.15,53585.15,52783.45,53710.35,0,0.0,0.0,0.0,0.0,-0.01,-1,-1,-0.01,-1,-1,-0.01,-1,-1,-0.01,-1,-1,-0.01,-1,-1,-0.01,-1,-1,-0.01,-1,-1,-0.01,-1,-1,-0.01,-1,-1,-0.01,-1,-1
99926009,2026-05-18 13:38:03+05:30,53471.15,0,0.0,0,0.0,0.0,53282.15,53585.15,52783.45,53710.35,0,0.0,0.0,0.0,0.0,-0.01,-1,-1,-0.01,-1,-1,-0.01,-1,-1,-0.01,-1,-1,-0.01,-1,-1,-0.01,-1,-1,-0.01,-1,-1,-0.01,-1,-1,-0.01,-1,-1,-0.01,-1,-1
99926009,2026-05-18 13:38:04+05:30,53470.9,0,0.0,0,0.0,0.0,53282.15,53585.15,52783.45,53710.35,0,0.0,0.0,0.0,0.0,-0.01,-1,-1,-0.01,-1,-1,-0.01,-1,-1,-0.01,-1,-1,-0.01,-1,-1,-0.01,-1,-1,-0.01,-1,-1,-0.01,-1,-1,-0.01,-1,-1,-0.01,-1,-1
99926009,2026-05-18 13:38:04+05:30,53471.55,0,0.0,0,0.0,0.0,53282.15,53585.15,52783.45,53710.35,0,0.0,0.0,0.0,0.0,-0.01,-1,-1,-0.01,-1,-1,-0.01,-1,-1,-0.01,-1,-1,-0.01,-1,-1,-0.01,-1,-1,-0.01,-1,-1,-0.01,-1,-1,-0.01,-1,-1,-0.01,-1,-1
99926009,2026-05-18 13:38:05+05:30,53473.9,0,0.0,0,0.0,0.0,53282.15,53585.15,52783.45,53710.35,0,0.0,0.0,0.0,0.0,-0.01,-1,-1,-0.01,-1,-1,-0.01,-1,-1,-0.01,-1,-1,-0.01,-1,-1,-0.01,-1,-1,-0.01,-1,-1,-0.01,-1,-1,-0.01,-1,-1,-0.01,-1,-1
99926009,2026-05-18 13:38:05+05:30,53471.6,0,0.0,0,0.0,0.0,53282.15,53585.15,52783.45,53710.35,0,0.0,0.0,0.0,0.0,-0.01,-1,-1,-0.01,-1,-1,-0.01,-1,-1,-0.01,-1,-1,-0.01,-1,-1,-0.01,-1,-1,-0.01,-1,-1,-0.01,-1,-1,-0.01,-1,-1,-0.01,-1,-1
99926009,2026-05-18 13:38:06+05:30,53472.35,0,0.0,0,0.0,0.0,53282.15,53585.15,52783.45,53710.35,0,0.0,0.0,0.0,0.0,-0.01,-1,-1,-0.01,-1,-1,-0.01,-1,-1,-0.01,-1,-1,-0.01,-1,-1,-0.01,-1,-1,-0.01,-1,-1,-0.01,-1,-1,-0.01,-1,-1,-0.01,-1,-1
99926009,2026-05-18 13:38:06+05:30,53472.0,0,0.0,0,0.0,0.0,53282.15,53585.15,52783.45,53710.35,0,0.0,0.0,0.0,0.0,-0.01,-1,-1,-0.01,-1,-1,-0.01,-1,-1,-0.01,-1,-1,-0.01,-1,-1,-0.01,-1,-1,-0.01,-1,-1,-0.01,-1,-1,-0.01,-1,-1,-0.01,-1,-1
99926009,2026-05-18 13:38:07+05:30,53467.2,0,0.0,0,0.0,0.0,53282.15,53585.15,52783.45,53710.35,0,0.0,0.0,0.0,0.0,-0.01,-1,-1,-0.01,-1,-1,-0.01,-1,-1,-0.01,-1,-1,-0.01,-1,-1,-0.01,-1,-1,-0.01,-1,-1,-0.01,-1,-1,-0.01,-1,-1,-0.01,-1,-1
99926009,2026-05-18 13:38:07+05:30,53465.7,0,0.0,0,0.0,0.0,53282.15,53585.15,52783.45,53710.35,0,0.0,0.0,0.0,0.0,-0.01,-1,-1,-0.01,-1,-1,-0.01,-1,-1,-0.01,-1,-1,-0.01,-1,-1,-0.01,-1,-1,-0.01,-1,-1,-0.01,-1,-1,-0.01,-1,-1,-0.01,-1,-1
99926009,2026-05-18 13:38:08+05:30,53465.2,0,0.0,0,0.0,0.0,53282.15,53585.15,52783.45,53710.35,0,0.0,0.0,0.0,0.0,-0.01,-1,-1,-0.01,-1,-1,-0.01,-1,-1,-0.01,-1,-1,-0.01,-1,-1,-0.01,-1,-1,-0.01,-1,-1,-0.01,-1,-1,-0.01,-1,-1,-0.01,-1,-1
99926009,2026-05-18 13:38:08+05:30,53467.7,0,0.0,0,0.0,0.0,53282.15,53585.15,52783.45,53710.35,0,0.0,0.0,0.0,0.0,-0.01,-1,-1,-0.01,-1,-1,-0.01,-1,-1,-0.01,-1,-1,-0.01,-1,-1,-0.01,-1,-1,-0.01,-1,-1,-0.01,-1,-1,-0.01,-1,-1,-0.01,-1,-1
99926009,2026-05-18 13:38:09+05:30,53463.7,0,0.0,0,0.0,0.0,53282.15,53585.15,52783.45,53710.35,0,0.0,0.0,0.0,0.0,-0.01,-1,-1,-0.01,-1,-1,-0.01,-1,-1,-0.01,-1,-1,-0.01,-1,-1,-0.01,-1,-1,-0.01,-1,-1,-0.01,-1,-1,-0.01,-1,-1,-0.01,-1,-1
99926009,2026-05-18 13:38:09+05:30,53469.55,0,0.0,0,0.0,0.0,53282.15,53585.15,52783.45,53710.35,0,0.0,0.0,0.0,0.0,-0.01,-1,-1,-0.01,-1,-1,-0.01,-1,-1,-0.01,-1,-1,-0.01,-1,-1,-0.01,-1,-1,-0.01,-1,-1,-0.01,-1,-1,-0.01,-1,-1,-0.01,-1,-1
99926009,2026-05-18 13:38:10+05:30,53469.8,0,0.0,0,0.0,0.0,53282.15,53585.15,52783.45,53710.35,0,0.0,0.0,0.0,0.0,-0.01,-1,-1,-0.01,-1,-1,-0.01,-1,-1,-0.01,-1,-1,-0.01,-1,-1,-0.01,-1,-1,-0.01,-1,-1,-0.01,-1,-1,-0.01,-1,-1,-0.01,-1,-1
99926009,2026-05-18 13:38:10+05:30,53469.2,0,0.0,0,0.0,0.0,53282.15,53585.15,52783.45,53710.35,0,0.0,0.0,0.0,0.0,-0.01,-1,-1,-0.01,-1,-1,-0.01,-1,-1,-0.01,-1,-1,-0.01,-1,-1,-0.01,-1,-1,-0.01,-1,-1,-0.01,-1,-1,-0.01,-1,-1,-0.01,-1,-1
99926009,2026-05-18 13:38:11+05:30,53468.0,0,0.0,0,0.0,0.0,53282.15,53585.15,52783.45,53710.35,0,0.0,0.0,0.0,0.0,-0.01,-1,-1,-0.01,-1,-1,-0.01,-1,-1,-0.01,-1,-1,-0.01,-1,-1,-0.01,-1,-1,-0.01,-1,-1,-0.01,-1,-1,-0.01,-1,-1,-0.01,-1,-1
99926009,2026-05-18 13:38:11+05:30,53466.85,0,0.0,0,0.0,0.0,53282.15,53585.15,52783.45,53710.35,0,0.0,0.0,0.0,0.0,-0.01,-1,-1,-0.01,-1,-1,-0.01,-1,-1,-0.01,-1,-1,-0.01,-1,-1,-0.01,-1,-1,-0.01,-1,-1,-0.01,-1,-1,-0.01,-1,-1,-0.01,-1,-1
99926009,2026-05-18 13:38:12+05:30,53468.05,0,0.0,0,0.0,0.0,53282.15,53585.15,52783.45,53710.35,0,0.0,0.0,0.0,0.0,-0.01,-1,-1,-0.01,-1,-1,-0.01,-1,-1,-0.01,-1,-1,-0.01,-1,-1,-0.01,-1,-1,-0.01,-1,-1,-0.01,-1,-1,-0.01,-1,-1,-0.01,-1,-1
99926009,2026-05-18 13:38:12+05:30,53468.9,0,0.0,0,0.0,0.0,53282.15,53585.15,52783.45,53710.35,0,0.0,0.0,0.0,0.0,-0.01,-1,-1,-0.01,-1,-1,-0.01,-1,-1,-0.01,-1,-1,-0.01,-1,-1,-0.01,-1,-1,-0.01,-1,-1,-0.01,-1,-1,-0.01,-1,-1,-0.01,-1,-1
99926009,2026-05-18 13:38:13+05:30,53467.9,0,0.0,0,0.0,0.0,53282.15,53585.15,52783.45,53710.35,0,0.0,0.0,0.0,0.0,-0.01,-1,-1,-0.01,-1,-1,-0.01,-1,-1,-0.01,-1,-1,-0.01,-1,-1,-0.01,-1,-1,-0.01,-1,-1,-0.01,-1,-1,-0.01,-1,-1,-0.01,-1,-1
99926009,2026-05-18 13:38:13+05:30,53467.55,0,0.0,0,0.0,0.0,53282.15,53585.15,52783.45,53710.35,0,0.0,0.0,0.0,0.0,-0.01,-1,-1,-0.01,-1,-1,-0.01,-1,-1,-0.01,-1,-1,-0.01,-1,-1,-0.01,-1,-1,-0.01,-1,-1,-0.01,-1,-1,-0.01,-1,-1,-0.01,-1,-1
99926009,2026-05-18 13:38:14+05:30,53466.6,0,0.0,0,0.0,0.0,53282.15,53585.15,52783.45,53710.35,0,0.0,0.0,0.0,0.0,-0.01,-1,-1,-0.01,-1,-1,-0.01,-1,-1,-0.01,-1,-1,-0.01,-1,-1,-0.01,-1,-1,-0.01,-1,-1,-0.01,-1,-1,-0.01,-1,-1,-0.01,-1,-1
99926009,2026-05-18 13:38:14+05:30,53467.45,0,0.0,0,0.0,0.0,53282.15,53585.15,52783.45,53710.35,0,0.0,0.0,0.0,0.0,-0.01,-1,-1,-0.01,-1,-1,-0.01,-1,-1,-0.01,-1,-1,-0.01,-1,-1,-0.01,-1,-1,-0.01,-1,-1,-0.01,-1,-1,-0.01,-1,-1,-0.01,-1,-1
99926009,2026-05-18 13:38:15+05:30,53470.9,0,0.0,0,0.0,0.0,53282.15,53585.15,52783.45,53710.35,0,0.0,0.0,0.0,0.0,-0.01,-1,-1,-0.01,-1,-1,-0.01,-1,-1,-0.01,-1,-1,-0.01,-1,-1,-0.01,-1,-1,-0.01,-1,-1,-0.01,-1,-1,-0.01,-1,-1,-0.01,-1,-1
99926009,2026-05-18 13:38:15+05:30,53471.7,0,0.0,0,0.0,0.0,53282.15,53585.15,52783.45,53710.35,0,0.0,0.0,0.0,0.0,-0.01,-1,-1,-0.01,-1,-1,-0.01,-1,-1,-0.01,-1,-1,-0.01,-1,-1,-0.01,-1,-1,-0.01,-1,-1,-0.01,-1,-1,-0.01,-1,-1,-0.01,-1,-1
99926009,2026-05-18 13:38:16+05:30,53469.05,0,0.0,0,0.0,0.0,53282.15,53585.15,52783.45,53710.35,0,0.0,0.0,0.0,0.0,-0.01,-1,-1,-0.01,-1,-1,-0.01,-1,-1,-0.01,-1,-1,-0.01,-1,-1,-0.01,-1,-1,-0.01,-1,-1,-0.01,-1,-1,-0.01,-1,-1,-0.01,-1,-1
99926009,2026-05-18 13:38:16+05:30,53470.8,0,0.0,0,0.0,0.0,53282.15,53585.15,52783.45,53710.35,0,0.0,0.0,0.0,0.0,-0.01,-1,-1,-0.01,-1,-1,-0.01,-1,-1,-0.01,-1,-1,-0.01,-1,-1,-0.01,-1,-1,-0.01,-1,-1,-0.01,-1,-1,-0.01,-1,-1,-0.01,-1,-1
99926009,2026-05-18 13:38:17+05:30,53469.4,0,0.0,0,0.0,0.0,53282.15,53585.15,52783.45,53710.35,0,0.0,0.0,0.0,0.0,-0.01,-1,-1,-0.01,-1,-1,-0.01,-1,-1,-0.01,-1,-1,-0.01,-1,-1,-0.01,-1,-1,-0.01,-1,-1,-0.01,-1,-1,-0.01,-1,-1,-0.01,-1,-1
99926009,2026-05-18 13:38:17+05:30,53468.35,0,0.0,0,0.0,0.0,53282.15,53585.15,52783.45,53710.35,0,0.0,0.0,0.0,0.0,-0.01,-1,-1,-0.01,-1,-1,-0.01,-1,-1,-0.01,-1,-1,-0.01,-1,-1,-0.01,-1,-1,-0.01,-1,-1,-0.01,-1,-1,-0.01,-1,-1,-0.01,-1,-1
99926009,2026-05-18 13:38:18+05:30,53468.8,0,0.0,0,0.0,0.0,53282.15,53585.15,52783.45,53710.35,0,0.0,0.0,0.0,0.0,-0.01,-1,-1,-0.01,-1,-1,-0.01,-1,-1,-0.01,-1,-1,-0.01,-1,-1,-0.01,-1,-1,-0.01,-1,-1,-0.01,-1,-1,-0.01,-1,-1,-0.01,-1,-1
99926009,2026-05-18 13:38:18+05:30,53469.8,0,0.0,0,0.0,0.0,53282.15,53585.15,52783.45,53710.35,0,0.0,0.0,0.0,0.0,-0.01,-1,-1,-0.01,-1,-1,-0.01,-1,-1,-0.01,-1,-1,-0.01,-1,-1,-0.01,-1,-1,-0.01,-1,-1,-0.01,-1,-1,-0.01,-1,-1,-0.01,-1,-1
99926009,2026-05-18 13:38:19+05:30,53468.45,0,0.0,0,0.0,0.0,53282.15,53585.15,52783.45,53710.35,0,0.0,0.0,0.0,0.0,-0.01,-1,-1,-0.01,-1,-1,-0.01,-1,-1,-0.01,-1,-1,-0.01,-1,-1,-0.01,-1,-1,-0.01,-1,-1,-0.01,-1,-1,-0.01,-1,-1,-0.01,-1,-1
99926009,2026-05-18 13:38:19+05:30,53466.25,0,0.0,0,0.0,0.0,53282.15,53585.15,52783.45,53710.35,0,0.0,0.0,0.0,0.0,-0.01,-1,-1,-0.01,-1,-1,-0.01,-1,-1,-0.01,-1,-1,-0.01,-1,-1,-0.01,-1,-1,-0.01,-1,-1,-0.01,-1,-1,-0.01,-1,-1,-0.01,-1,-1
99926009,2026-05-18 13:38:20+05:30,53468.55,0,0.0,0,0.0,0.0,53282.15,53585.15,52783.45,53710.35,0,0.0,0.0,0.0,0.0,-0.01,-1,-1,-0.01,-1,-1,-0.01,-1,-1,-0.01,-1,-1,-0.01,-1,-1,-0.01,-1,-1,-0.01,-1,-1,-0.01,-1,-1,-0.01,-1,-1,-0.01,-1,-1
99926009,2026-05-18 13:38:20+05:30,53466.25,0,0.0,0,0.0,0.0,53282.15,53585.15,52783.45,53710.35,0,0.0,0.0,0.0,0.0,-0.01,-1,-1,-0.01,-1,-1,-0.01,-1,-1,-0.01,-1,-1,-0.01,-1,-1,-0.01,-1,-1,-0.01,-1,-1,-0.01,-1,-1,-0.01,-1,-1,-0.01,-1,-1
99926009,2026-05-18 13:38:21+05:30,53468.2,0,0.0,0,0.0,0.0,53282.15,53585.15,52783.45,53710.35,0,0.0,0.0,0.0,0.0,-0.01,-1,-1,-0.01,-1,-1,-0.01,-1,-1,-0.01,-1,-1,-0.01,-1,-1,-0.01,-1,-1,-0.01,-1,-1,-0.01,-1,-1,-0.01,-1,-1,-0.01,-1,-1
99926009,2026-05-18 13:38:21+05:30,53464.7,0,0.0,0,0.0,0.0,53282.15,53585.15,52783.45,53710.35,0,0.0,0.0,0.0,0.0,-0.01,-1,-1,-0.01,-1,-1,-0.01,-1,-1,-0.01,-1,-1,-0.01,-1,-1,-0.01,-1,-1,-0.01,-1,-1,-0.01,-1,-1,-0.01,-1,-1,-0.01,-1,-1
99926009,2026-05-18 13:38:22+05:30,53466.0,0,0.0,0,0.0,0.0,53282.15,53585.15,52783.45,53710.35,0,0.0,0.0,0.0,0.0,-0.01,-1,-1,-0.01,-1,-1,-0.01,-1,-1,-0.01,-1,-1,-0.01,-1,-1,-0.01,-1,-1,-0.01,-1,-1,-0.01,-1,-1,-0.01,-1,-1,-0.01,-1,-1
99926009,2026-05-18 13:38:22+05:30,53466.25,0,0.0,0,0.0,0.0,53282.15,53585.15,52783.45,53710.35,0,0.0,0.0,0.0,0.0,-0.01,-1,-1,-0.01,-1,-1,-0.01,-1,-1,-0.01,-1,-1,-0.01,-1,-1,-0.01,-1,-1,-0.01,-1,-1,-0.01,-1,-1,-0.01,-1,-1,-0.01,-1,-1
99926009,2026-05-18 13:38:23+05:30,53464.35,0,0.0,0,0.0,0.0,53282.15,53585.15,52783.45,53710.35,0,0.0,0.0,0.0,0.0,-0.01,-1,-1,-0.01,-1,-1,-0.01,-1,-1,-0.01,-1,-1,-0.01,-1,-1,-0.01,-1,-1,-0.01,-1,-1,-0.01,-1,-1,-0.01,-1,-1,-0.01,-1,-1
99926009,2026-05-18 13:38:23+05:30,53465.5,0,0.0,0,0.0,0.0,53282.15,53585.15,52783.45,53710.35,0,0.0,0.0,0.0,0.0,-0.01,-1,-1,-0.01,-1,-1,-0.01,-1,-1,-0.01,-1,-1,-0.01,-1,-1,-0.01,-1,-1,-0.01,-1,-1,-0.01,-1,-1,-0.01,-1,-1,-0.01,-1,-1
99926009,2026-05-18 13:38:24+05:30,53464.8,0,0.0,0,0.0,0.0,53282.15,53585.15,52783.45,53710.35,0,0.0,0.0,0.0,0.0,-0.01,-1,-1,-0.01,-1,-1,-0.01,-1,-1,-0.01,-1,-1,-0.01,-1,-1,-0.01,-1,-1,-0.01,-1,-1,-0.01,-1,-1,-0.01,-1,-1,-0.01,-1,-1
99926009,2026-05-18 13:38:24+05:30,53464.75,0,0.0,0,0.0,0.0,53282.15,53585.15,52783.45,53710.35,0,0.0,0.0,0.0,0.0,-0.01,-1,-1,-0.01,-1,-1,-0.01,-1,-1,-0.01,-1,-1,-0.01,-1,-1,-0.01,-1,-1,-0.01,-1,-1,-0.01,-1,-1,-0.01,-1,-1,-0.01,-1,-1
99926009,2026-05-18 13:38:25+05:30,53464.65,0,0.0,0,0.0,0.0,53282.15,53585.15,52783.45,53710.35,0,0.0,0.0,0.0,0.0,-0.01,-1,-1,-0.01,-1,-1,-0.01,-1,-1,-0.01,-1,-1,-0.01,-1,-1,-0.01,-1,-1,-0.01,-1,-1,-0.01,-1,-1,-0.01,-1,-1,-0.01,-1,-1
99926009,2026-05-18 13:38:25+05:30,53465.85,0,0.0,0,0.0,0.0,53282.15,53585.15,52783.45,53710.35,0,0.0,0.0,0.0,0.0,-0.01,-1,-1,-0.01,-1,-1,-0.01,-1,-1,-0.01,-1,-1,-0.01,-1,-1,-0.01,-1,-1,-0.01,-1,-1,-0.01,-1,-1,-0.01,-1,-1,-0.01,-1,-1
99926009,2026-05-18 13:38:26+05:30,53466.95,0,0.0,0,0.0,0.0,53282.15,53585.15,52783.45,53710.35,0,0.0,0.0,0.0,0.0,-0.01,-1,-1,-0.01,-1,-1,-0.01,-1,-1,-0.01,-1,-1,-0.01,-1,-1,-0.01,-1,-1,-0.01,-1,-1,-0.01,-1,-1,-0.01,-1,-1,-0.01,-1,-1
99926009,2026-05-18 13:38:26+05:30,53466.95,0,0.0,0,0.0,0.0,53282.15,53585.15,52783.45,53710.35,0,0.0,0.0,0.0,0.0,-0.01,-1,-1,-0.01,-1,-1,-0.01,-1,-1,-0.01,-1,-1,-0.01,-1,-1,-0.01,-1,-1,-0.01,-1,-1,-0.01,-1,-1,-0.01,-1,-1,-0.01,-1,-1
99926009,2026-05-18 13:38:27+05:30,53467.8,0,0.0,0,0.0,0.0,53282.15,53585.15,52783.45,53710.35,0,0.0,0.0,0.0,0.0,-0.01,-1,-1,-0.01,-1,-1,-0.01,-1,-1,-0.01,-1,-1,-0.01,-1,-1,-0.01,-1,-1,-0.01,-1,-1,-0.01,-1,-1,-0.01,-1,-1,-0.01,-1,-1
99926009,2026-05-18 13:38:27+05:30,53465.6,0,0.0,0,0.0,0.0,53282.15,53585.15,52783.45,53710.35,0,0.0,0.0,0.0,0.0,-0.01,-1,-1,-0.01,-1,-1,-0.01,-1,-1,-0.01,-1,-1,-0.01,-1,-1,-0.01,-1,-1,-0.01,-1,-1,-0.01,-1,-1,-0.01,-1,-1,-0.01,-1,-1
99926009,2026-05-18 13:38:28+05:30,53466.25,0,0.0,0,0.0,0.0,53282.15,53585.15,52783.45,53710.35,0,0.0,0.0,0.0,0.0,-0.01,-1,-1,-0.01,-1,-1,-0.01,-1,-1,-0.01,-1,-1,-0.01,-1,-1,-0.01,-1,-1,-0.01,-1,-1,-0.01,-1,-1,-0.01,-1,-1,-0.01,-1,-1
99926009,2026-05-18 13:38:28+05:30,53466.05,0,0.0,0,0.0,0.0,53282.15,53585.15,52783.45,53710.35,0,0.0,0.0,0.0,0.0,-0.01,-1,-1,-0.01,-1,-1,-0.01,-1,-1,-0.01,-1,-1,-0.01,-1,-1,-0.01,-1,-1,-0.01,-1,-1,-0.01,-1,-1,-0.01,-1,-1,-0.01,-1,-1
99926009,2026-05-18 13:38:29+05:30,53464.2,0,0.0,0,0.0,0.0,53282.15,53585.15,52783.45,53710.35,0,0.0,0.0,0.0,0.0,-0.01,-1,-1,-0.01,-1,-1,-0.01,-1,-1,-0.01,-1,-1,-0.01,-1,-1,-0.01,-1,-1,-0.01,-1,-1,-0.01,-1,-1,-0.01,-1,-1,-0.01,-1,-1
99926009,2026-05-18 13:38:29+05:30,53466.55,0,0.0,0,0.0,0.0,53282.15,53585.15,52783.45,53710.35,0,0.0,0.0,0.0,0.0,-0.01,-1,-1,-0.01,-1,-1,-0.01,-1,-1,-0.01,-1,-1,-0.01,-1,-1,-0.01,-1,-1,-0.01,-1,-1,-0.01,-1,-1,-0.01,-1,-1,-0.01,-1,-1
99926009,2026-05-18 13:38:30+05:30,53468.6,0,0.0,0,0.0,0.0,53282.15,53585.15,52783.45,53710.35,0,0.0,0.0,0.0,0.0,-0.01,-1,-1,-0.01,-1,-1,-0.01,-1,-1,-0.01,-1,-1,-0.01,-1,-1,-0.01,-1,-1,-0.01,-1,-1,-0.01,-1,-1,-0.01,-1,-1,-0.01,-1,-1
99926009,2026-05-18 13:38:30+05:30,53467.25,0,0.0,0,0.0,0.0,53282.15,53585.15,52783.45,53710.35,0,0.0,0.0,0.0,0.0,-0.01,-1,-1,-0.01,-1,-1,-0.01,-1,-1,-0.01,-1,-1,-0.01,-1,-1,-0.01,-1,-1,-0.01,-1,-1,-0.01,-1,-1,-0.01,-1,-1,-0.01,-1,-1
99926009,2026-05-18 13:38:31+05:30,53464.7,0,0.0,0,0.0,0.0,53282.15,53585.15,52783.45,53710.35,0,0.0,0.0,0.0,0.0,-0.01,-1,-1,-0.01,-1,-1,-0.01,-1,-1,-0.01,-1,-1,-0.01,-1,-1,-0.01,-1,-1,-0.01,-1,-1,-0.01,-1,-1,-0.01,-1,-1,-0.01,-1,-1
99926009,2026-05-18 13:38:31+05:30,53463.05,0,0.0,0,0.0,0.0,53282.15,53585.15,52783.45,53710.35,0,0.0,0.0,0.0,0.0,-0.01,-1,-1,-0.01,-1,-1,-0.01,-1,-1,-0.01,-1,-1,-0.01,-1,-1,-0.01,-1,-1,-0.01,-1,-1,-0.01,-1,-1,-0.01,-1,-1,-0.01,-1,-1
99926009,2026-05-18 13:38:32+05:30,53461.85,0,0.0,0,0.0,0.0,53282.15,53585.15,52783.45,53710.35,0,0.0,0.0,0.0,0.0,-0.01,-1,-1,-0.01,-1,-1,-0.01,-1,-1,-0.01,-1,-1,-0.01,-1,-1,-0.01,-1,-1,-0.01,-1,-1,-0.01,-1,-1,-0.01,-1,-1,-0.01,-1,-1
99926009,2026-05-18 13:38:32+05:30,53463.85,0,0.0,0,0.0,0.0,53282.15,53585.15,52783.45,53710.35,0,0.0,0.0,0.0,0.0,-0.01,-1,-1,-0.01,-1,-1,-0.01,-1,-1,-0.01,-1,-1,-0.01,-1,-1,-0.01,-1,-1,-0.01,-1,-1,-0.01,-1,-1,-0.01,-1,-1,-0.01,-1,-1
99926009,2026-05-18 13:38:33+05:30,53458.7,0,0.0,0,0.0,0.0,53282.15,53585.15,52783.45,53710.35,0,0.0,0.0,0.0,0.0,-0.01,-1,-1,-0.01,-1,-1,-0.01,-1,-1,-0.01,-1,-1,-0.01,-1,-1,-0.01,-1,-1,-0.01,-1,-1,-0.01,-1,-1,-0.01,-1,-1,-0.01,-1,-1
99926009,2026-05-18 13:38:33+05:30,53461.55,0,0.0,0,0.0,0.0,53282.15,53585.15,52783.45,53710.35,0,0.0,0.0,0.0,0.0,-0.01,-1,-1,-0.01,-1,-1,-0.01,-1,-1,-0.01,-1,-1,-0.01,-1,-1,-0.01,-1,-1,-0.01,-1,-1,-0.01,-1,-1,-0.01,-1,-1,-0.01,-1,-1
99926009,2026-05-18 13:38:34+05:30,53451.85,0,0.0,0,0.0,0.0,53282.15,53585.15,52783.45,53710.35,0,0.0,0.0,0.0,0.0,-0.01,-1,-1,-0.01,-1,-1,-0.01,-1,-1,-0.01,-1,-1,-0.01,-1,-1,-0.01,-1,-1,-0.01,-1,-1,-0.01,-1,-1,-0.01,-1,-1,-0.01,-1,-1
99926009,2026-05-18 13:38:34+05:30,53458.0,0,0.0,0,0.0,0.0,53282.15,53585.15,52783.45,53710.35,0,0.0,0.0,0.0,0.0,-0.01,-1,-1,-0.01,-1,-1,-0.01,-1,-1,-0.01,-1,-1,-0.01,-1,-1,-0.01,-1,-1,-0.01,-1,-1,-0.01,-1,-1,-0.01,-1,-1,-0.01,-1,-1
99926009,2026-05-18 13:38:35+05:30,53458.75,0,0.0,0,0.0,0.0,53282.15,53585.15,52783.45,53710.35,0,0.0,0.0,0.0,0.0,-0.01,-1,-1,-0.01,-1,-1,-0.01,-1,-1,-0.01,-1,-1,-0.01,-1,-1,-0.01,-1,-1,-0.01,-1,-1,-0.01,-1,-1,-0.01,-1,-1,-0.01,-1,-1
99926009,2026-05-18 13:38:35+05:30,53451.25,0,0.0,0,0.0,0.0,53282.15,53585.15,52783.45,53710.35,0,0.0,0.0,0.0,0.0,-0.01,-1,-1,-0.01,-1,-1,-0.01,-1,-1,-0.01,-1,-1,-0.01,-1,-1,-0.01,-1,-1,-0.01,-1,-1,-0.01,-1,-1,-0.01,-1,-1,-0.01,-1,-1
99926009,2026-05-18 13:38:36+05:30,53448.7,0,0.0,0,0.0,0.0,53282.15,53585.15,52783.45,53710.35,0,0.0,0.0,0.0,0.0,-0.01,-1,-1,-0.01,-1,-1,-0.01,-1,-1,-0.01,-1,-1,-0.01,-1,-1,-0.01,-1,-1,-0.01,-1,-1,-0.01,-1,-1,-0.01,-1,-1,-0.01,-1,-1
99926009,2026-05-18 13:38:36+05:30,53451.4,0,0.0,0,0.0,0.0,53282.15,53585.15,52783.45,53710.35,0,0.0,0.0,0.0,0.0,-0.01,-1,-1,-0.01,-1,-1,-0.01,-1,-1,-0.01,-1,-1,-0.01,-1,-1,-0.01,-1,-1,-0.01,-1,-1,-0.01,-1,-1,-0.01,-1,-1,-0.01,-1,-1
99926009,2026-05-18 13:38:37+05:30,53453.9,0,0.0,0,0.0,0.0,53282.15,53585.15,52783.45,53710.35,0,0.0,0.0,0.0,0.0,-0.01,-1,-1,-0.01,-1,-1,-0.01,-1,-1,-0.01,-1,-1,-0.01,-1,-1,-0.01,-1,-1,-0.01,-1,-1,-0.01,-1,-1,-0.01,-1,-1,-0.01,-1,-1
99926009,2026-05-18 13:38:37+05:30,53455.25,0,0.0,0,0.0,0.0,53282.15,53585.15,52783.45,53710.35,0,0.0,0.0,0.0,0.0,-0.01,-1,-1,-0.01,-1,-1,-0.01,-1,-1,-0.01,-1,-1,-0.01,-1,-1,-0.01,-1,-1,-0.01,-1,-1,-0.01,-1,-1,-0.01,-1,-1,-0.01,-1,-1
99926009,2026-05-18 13:38:38+05:30,53459.2,0,0.0,0,0.0,0.0,53282.15,53585.15,52783.45,53710.35,0,0.0,0.0,0.0,0.0,-0.01,-1,-1,-0.01,-1,-1,-0.01,-1,-1,-0.01,-1,-1,-0.01,-1,-1,-0.01,-1,-1,-0.01,-1,-1,-0.01,-1,-1,-0.01,-1,-1,-0.01,-1,-1
99926009,2026-05-18 13:38:38+05:30,53458.95,0,0.0,0,0.0,0.0,53282.15,53585.15,52783.45,53710.35,0,0.0,0.0,0.0,0.0,-0.01,-1,-1,-0.01,-1,-1,-0.01,-1,-1,-0.01,-1,-1,-0.01,-1,-1,-0.01,-1,-1,-0.01,-1,-1,-0.01,-1,-1,-0.01,-1,-1,-0.01,-1,-1
99926009,2026-05-18 13:38:39+05:30,53454.4,0,0.0,0,0.0,0.0,53282.15,53585.15,52783.45,53710.35,0,0.0,0.0,0.0,0.0,-0.01,-1,-1,-0.01,-1,-1,-0.01,-1,-1,-0.01,-1,-1,-0.01,-1,-1,-0.01,-1,-1,-0.01,-1,-1,-0.01,-1,-1,-0.01,-1,-1,-0.01,-1,-1
99926009,2026-05-18 13:38:39+05:30,53457.8,0,0.0,0,0.0,0.0,53282.15,53585.15,52783.45,53710.35,0,0.0,0.0,0.0,0.0,-0.01,-1,-1,-0.01,-1,-1,-0.01,-1,-1,-0.01,-1,-1,-0.01,-1,-1,-0.01,-1,-1,-0.01,-1,-1,-0.01,-1,-1,-0.01,-1,-1,-0.01,-1,-1
99926009,2026-05-18 13:38:40+05:30,53458.9,0,0.0,0,0.0,0.0,53282.15,53585.15,52783.45,53710.35,0,0.0,0.0,0.0,0.0,-0.01,-1,-1,-0.01,-1,-1,-0.01,-1,-1,-0.01,-1,-1,-0.01,-1,-1,-0.01,-1,-1,-0.01,-1,-1,-0.01,-1,-1,-0.01,-1,-1,-0.01,-1,-1
99926009,2026-05-18 13:38:40+05:30,53452.6,0,0.0,0,0.0,0.0,53282.15,53585.15,52783.45,53710.35,0,0.0,0.0,0.0,0.0,-0.01,-1,-1,-0.01,-1,-1,-0.01,-1,-1,-0.01,-1,-1,-0.01,-1,-1,-0.01,-1,-1,-0.01,-1,-1,-0.01,-1,-1,-0.01,-1,-1,-0.01,-1,-1
99926009,2026-05-18 13:38:41+05:30,53453.9,0,0.0,0,0.0,0.0,53282.15,53585.15,52783.45,53710.35,0,0.0,0.0,0.0,0.0,-0.01,-1,-1,-0.01,-1,-1,-0.01,-1,-1,-0.01,-1,-1,-0.01,-1,-1,-0.01,-1,-1,-0.01,-1,-1,-0.01,-1,-1,-0.01,-1,-1,-0.01,-1,-1
99926009,2026-05-18 13:38:41+05:30,53451.45,0,0.0,0,0.0,0.0,53282.15,53585.15,52783.45,53710.35,0,0.0,0.0,0.0,0.0,-0.01,-1,-1,-0.01,-1,-1,-0.01,-1,-1,-0.01,-1,-1,-0.01,-1,-1,-0.01,-1,-1,-0.01,-1,-1,-0.01,-1,-1,-0.01,-1,-1,-0.01,-1,-1
99926009,2026-05-18 13:38:42+05:30,53453.45,0,0.0,0,0.0,0.0,53282.15,53585.15,52783.45,53710.35,0,0.0,0.0,0.0,0.0,-0.01,-1,-1,-0.01,-1,-1,-0.01,-1,-1,-0.01,-1,-1,-0.01,-1,-1,-0.01,-1,-1,-0.01,-1,-1,-0.01,-1,-1,-0.01,-1,-1,-0.01,-1,-1
99926009,2026-05-18 13:38:42+05:30,53454.75,0,0.0,0,0.0,0.0,53282.15,53585.15,52783.45,53710.35,0,0.0,0.0,0.0,0.0,-0.01,-1,-1,-0.01,-1,-1,-0.01,-1,-1,-0.01,-1,-1,-0.01,-1,-1,-0.01,-1,-1,-0.01,-1,-1,-0.01,-1,-1,-0.01,-1,-1,-0.01,-1,-1
99926009,2026-05-18 13:38:43+05:30,53454.05,0,0.0,0,0.0,0.0,53282.15,53585.15,52783.45,53710.35,0,0.0,0.0,0.0,0.0,-0.01,-1,-1,-0.01,-1,-1,-0.01,-1,-1,-0.01,-1,-1,-0.01,-1,-1,-0.01,-1,-1,-0.01,-1,-1,-0.01,-1,-1,-0.01,-1,-1,-0.01,-1,-1
99926009,2026-05-18 13:38:43+05:30,53455.65,0,0.0,0,0.0,0.0,53282.15,53585.15,52783.45,53710.35,0,0.0,0.0,0.0,0.0,-0.01,-1,-1,-0.01,-1,-1,-0.01,-1,-1,-0.01,-1,-1,-0.01,-1,-1,-0.01,-1,-1,-0.01,-1,-1,-0.01,-1,-1,-0.01,-1,-1,-0.01,-1,-1
99926009,2026-05-18 13:38:44+05:30,53456.3,0,0.0,0,0.0,0.0,53282.15,53585.15,52783.45,53710.35,0,0.0,0.0,0.0,0.0,-0.01,-1,-1,-0.01,-1,-1,-0.01,-1,-1,-0.01,-1,-1,-0.01,-1,-1,-0.01,-1,-1,-0.01,-1,-1,-0.01,-1,-1,-0.01,-1,-1,-0.01,-1,-1
99926009,2026-05-18 13:38:44+05:30,53455.9,0,0.0,0,0.0,0.0,53282.15,53585.15,52783.45,53710.35,0,0.0,0.0,0.0,0.0,-0.01,-1,-1,-0.01,-1,-1,-0.01,-1,-1,-0.01,-1,-1,-0.01,-1,-1,-0.01,-1,-1,-0.01,-1,-1,-0.01,-1,-1,-0.01,-1,-1,-0.01,-1,-1
99926009,2026-05-18 13:38:45+05:30,53457.6,0,0.0,0,0.0,0.0,53282.15,53585.15,52783.45,53710.35,0,0.0,0.0,0.0,0.0,-0.01,-1,-1,-0.01,-1,-1,-0.01,-1,-1,-0.01,-1,-1,-0.01,-1,-1,-0.01,-1,-1,-0.01,-1,-1,-0.01,-1,-1,-0.01,-1,-1,-0.01,-1,-1
99926009,2026-05-18 13:38:45+05:30,53456.75,0,0.0,0,0.0,0.0,53282.15,53585.15,52783.45,53710.35,0,0.0,0.0,0.0,0.0,-0.01,-1,-1,-0.01,-1,-1,-0.01,-1,-1,-0.01,-1,-1,-0.01,-1,-1,-0.01,-1,-1,-0.01,-1,-1,-0.01,-1,-1,-0.01,-1,-1,-0.01,-1,-1
99926009,2026-05-18 13:38:46+05:30,53455.5,0,0.0,0,0.0,0.0,53282.15,53585.15,52783.45,53710.35,0,0.0,0.0,0.0,0.0,-0.01,-1,-1,-0.01,-1,-1,-0.01,-1,-1,-0.01,-1,-1,-0.01,-1,-1,-0.01,-1,-1,-0.01,-1,-1,-0.01,-1,-1,-0.01,-1,-1,-0.01,-1,-1
99926009,2026-05-18 13:38:46+05:30,53457.15,0,0.0,0,0.0,0.0,53282.15,53585.15,52783.45,53710.35,0,0.0,0.0,0.0,0.0,-0.01,-1,-1,-0.01,-1,-1,-0.01,-1,-1,-0.01,-1,-1,-0.01,-1,-1,-0.01,-1,-1,-0.01,-1,-1,-0.01,-1,-1,-0.01,-1,-1,-0.01,-1,-1
99926009,2026-05-18 13:38:47+05:30,53456.8,0,0.0,0,0.0,0.0,53282.15,53585.15,52783.45,53710.35,0,0.0,0.0,0.0,0.0,-0.01,-1,-1,-0.01,-1,-1,-0.01,-1,-1,-0.01,-1,-1,-0.01,-1,-1,-0.01,-1,-1,-0.01,-1,-1,-0.01,-1,-1,-0.01,-1,-1,-0.01,-1,-1
99926009,2026-05-18 13:38:47+05:30,53457.3,0,0.0,0,0.0,0.0,53282.15,53585.15,52783.45,53710.35,0,0.0,0.0,0.0,0.0,-0.01,-1,-1,-0.01,-1,-1,-0.01,-1,-1,-0.01,-1,-1,-0.01,-1,-1,-0.01,-1,-1,-0.01,-1,-1,-0.01,-1,-1,-0.01,-1,-1,-0.01,-1,-1
99926009,2026-05-18 13:38:48+05:30,53455.5,0,0.0,0,0.0,0.0,53282.15,53585.15,52783.45,53710.35,0,0.0,0.0,0.0,0.0,-0.01,-1,-1,-0.01,-1,-1,-0.01,-1,-1,-0.01,-1,-1,-0.01,-1,-1,-0.01,-1,-1,-0.01,-1,-1,-0.01,-1,-1,-0.01,-1,-1,-0.01,-1,-1
99926009,2026-05-18 13:38:48+05:30,53456.1,0,0.0,0,0.0,0.0,53282.15,53585.15,52783.45,53710.35,0,0.0,0.0,0.0,0.0,-0.01,-1,-1,-0.01,-1,-1,-0.01,-1,-1,-0.01,-1,-1,-0.01,-1,-1,-0.01,-1,-1,-0.01,-1,-1,-0.01,-1,-1,-0.01,-1,-1,-0.01,-1,-1
99926009,2026-05-18 13:38:49+05:30,53455.75,0,0.0,0,0.0,0.0,53282.15,53585.15,52783.45,53710.35,0,0.0,0.0,0.0,0.0,-0.01,-1,-1,-0.01,-1,-1,-0.01,-1,-1,-0.01,-1,-1,-0.01,-1,-1,-0.01,-1,-1,-0.01,-1,-1,-0.01,-1,-1,-0.01,-1,-1,-0.01,-1,-1
99926009,2026-05-18 13:38:49+05:30,53457.7,0,0.0,0,0.0,0.0,53282.15,53585.15,52783.45,53710.35,0,0.0,0.0,0.0,0.0,-0.01,-1,-1,-0.01,-1,-1,-0.01,-1,-1,-0.01,-1,-1,-0.01,-1,-1,-0.01,-1,-1,-0.01,-1,-1,-0.01,-1,-1,-0.01,-1,-1,-0.01,-1,-1
99926009,2026-05-18 13:38:50+05:30,53458.35,0,0.0,0,0.0,0.0,53282.15,53585.15,52783.45,53710.35,0,0.0,0.0,0.0,0.0,-0.01,-1,-1,-0.01,-1,-1,-0.01,-1,-1,-0.01,-1,-1,-0.01,-1,-1,-0.01,-1,-1,-0.01,-1,-1,-0.01,-1,-1,-0.01,-1,-1,-0.01,-1,-1
99926009,2026-05-18 13:38:50+05:30,53461.6,0,0.0,0,0.0,0.0,53282.15,53585.15,52783.45,53710.35,0,0.0,0.0,0.0,0.0,-0.01,-1,-1,-0.01,-1,-1,-0.01,-1,-1,-0.01,-1,-1,-0.01,-1,-1,-0.01,-1,-1,-0.01,-1,-1,-0.01,-1,-1,-0.01,-1,-1,-0.01,-1,-1
99926009,2026-05-18 13:38:51+05:30,53463.05,0,0.0,0,0.0,0.0,53282.15,53585.15,52783.45,53710.35,0,0.0,0.0,0.0,0.0,-0.01,-1,-1,-0.01,-1,-1,-0.01,-1,-1,-0.01,-1,-1,-0.01,-1,-1,-0.01,-1,-1,-0.01,-1,-1,-0.01,-1,-1,-0.01,-1,-1,-0.01,-1,-1
99926009,2026-05-18 13:38:51+05:30,53461.25,0,0.0,0,0.0,0.0,53282.15,53585.15,52783.45,53710.35,0,0.0,0.0,0.0,0.0,-0.01,-1,-1,-0.01,-1,-1,-0.01,-1,-1,-0.01,-1,-1,-0.01,-1,-1,-0.01,-1,-1,-0.01,-1,-1,-0.01,-1,-1,-0.01,-1,-1,-0.01,-1,-1
99926009,2026-05-18 13:38:52+05:30,53463.45,0,0.0,0,0.0,0.0,53282.15,53585.15,52783.45,53710.35,0,0.0,0.0,0.0,0.0,-0.01,-1,-1,-0.01,-1,-1,-0.01,-1,-1,-0.01,-1,-1,-0.01,-1,-1,-0.01,-1,-1,-0.01,-1,-1,-0.01,-1,-1,-0.01,-1,-1,-0.01,-1,-1
99926009,2026-05-18 13:38:52+05:30,53462.6,0,0.0,0,0.0,0.0,53282.15,53585.15,52783.45,53710.35,0,0.0,0.0,0.0,0.0,-0.01,-1,-1,-0.01,-1,-1,-0.01,-1,-1,-0.01,-1,-1,-0.01,-1,-1,-0.01,-1,-1,-0.01,-1,-1,-0.01,-1,-1,-0.01,-1,-1,-0.01,-1,-1
99926009,2026-05-18 13:38:53+05:30,53461.45,0,0.0,0,0.0,0.0,53282.15,53585.15,52783.45,53710.35,0,0.0,0.0,0.0,0.0,-0.01,-1,-1,-0.01,-1,-1,-0.01,-1,-1,-0.01,-1,-1,-0.01,-1,-1,-0.01,-1,-1,-0.01,-1,-1,-0.01,-1,-1,-0.01,-1,-1,-0.01,-1,-1
99926009,2026-05-18 13:38:53+05:30,53461.55,0,0.0,0,0.0,0.0,53282.15,53585.15,52783.45,53710.35,0,0.0,0.0,0.0,0.0,-0.01,-1,-1,-0.01,-1,-1,-0.01,-1,-1,-0.01,-1,-1,-0.01,-1,-1,-0.01,-1,-1,-0.01,-1,-1,-0.01,-1,-1,-0.01,-1,-1,-0.01,-1,-1
99926009,2026-05-18 13:38:54+05:30,53460.1,0,0.0,0,0.0,0.0,53282.15,53585.15,52783.45,53710.35,0,0.0,0.0,0.0,0.0,-0.01,-1,-1,-0.01,-1,-1,-0.01,-1,-1,-0.01,-1,-1,-0.01,-1,-1,-0.01,-1,-1,-0.01,-1,-1,-0.01,-1,-1,-0.01,-1,-1,-0.01,-1,-1
99926009,2026-05-18 13:38:54+05:30,53461.1,0,0.0,0,0.0,0.0,53282.15,53585.15,52783.45,53710.35,0,0.0,0.0,0.0,0.0,-0.01,-1,-1,-0.01,-1,-1,-0.01,-1,-1,-0.01,-1,-1,-0.01,-1,-1,-0.01,-1,-1,-0.01,-1,-1,-0.01,-1,-1,-0.01,-1,-1,-0.01,-1,-1
99926009,2026-05-18 13:38:55+05:30,53458.55,0,0.0,0,0.0,0.0,53282.15,53585.15,52783.45,53710.35,0,0.0,0.0,0.0,0.0,-0.01,-1,-1,-0.01,-1,-1,-0.01,-1,-1,-0.01,-1,-1,-0.01,-1,-1,-0.01,-1,-1,-0.01,-1,-1,-0.01,-1,-1,-0.01,-1,-1,-0.01,-1,-1
99926009,2026-05-18 13:38:55+05:30,53458.85,0,0.0,0,0.0,0.0,53282.15,53585.15,52783.45,53710.35,0,0.0,0.0,0.0,0.0,-0.01,-1,-1,-0.01,-1,-1,-0.01,-1,-1,-0.01,-1,-1,-0.01,-1,-1,-0.01,-1,-1,-0.01,-1,-1,-0.01,-1,-1,-0.01,-1,-1,-0.01,-1,-1
99926009,2026-05-18 13:38:56+05:30,53461.95,0,0.0,0,0.0,0.0,53282.15,53585.15,52783.45,53710.35,0,0.0,0.0,0.0,0.0,-0.01,-1,-1,-0.01,-1,-1,-0.01,-1,-1,-0.01,-1,-1,-0.01,-1,-1,-0.01,-1,-1,-0.01,-1,-1,-0.01,-1,-1,-0.01,-1,-1,-0.01,-1,-1
99926009,2026-05-18 13:38:56+05:30,53459.95,0,0.0,0,0.0,0.0,53282.15,53585.15,52783.45,53710.35,0,0.0,0.0,0.0,0.0,-0.01,-1,-1,-0.01,-1,-1,-0.01,-1,-1,-0.01,-1,-1,-0.01,-1,-1,-0.01,-1,-1,-0.01,-1,-1,-0.01,-1,-1,-0.01,-1,-1,-0.01,-1,-1
99926009,2026-05-18 13:38:57+05:30,53458.85,0,0.0,0,0.0,0.0,53282.15,53585.15,52783.45,53710.35,0,0.0,0.0,0.0,0.0,-0.01,-1,-1,-0.01,-1,-1,-0.01,-1,-1,-0.01,-1,-1,-0.01,-1,-1,-0.01,-1,-1,-0.01,-1,-1,-0.01,-1,-1,-0.01,-1,-1,-0.01,-1,-1
99926009,2026-05-18 13:38:57+05:30,53459.5,0,0.0,0,0.0,0.0,53282.15,53585.15,52783.45,53710.35,0,0.0,0.0,0.0,0.0,-0.01,-1,-1,-0.01,-1,-1,-0.01,-1,-1,-0.01,-1,-1,-0.01,-1,-1,-0.01,-1,-1,-0.01,-1,-1,-0.01,-1,-1,-0.01,-1,-1,-0.01,-1,-1
99926009,2026-05-18 13:38:58+05:30,53462.15,0,0.0,0,0.0,0.0,53282.15,53585.15,52783.45,53710.35,0,0.0,0.0,0.0,0.0,-0.01,-1,-1,-0.01,-1,-1,-0.01,-1,-1,-0.01,-1,-1,-0.01,-1,-1,-0.01,-1,-1,-0.01,-1,-1,-0.01,-1,-1,-0.01,-1,-1,-0.01,-1,-1
99926009,2026-05-18 13:38:58+05:30,53465.4,0,0.0,0,0.0,0.0,53282.15,53585.15,52783.45,53710.35,0,0.0,0.0,0.0,0.0,-0.01,-1,-1,-0.01,-1,-1,-0.01,-1,-1,-0.01,-1,-1,-0.01,-1,-1,-0.01,-1,-1,-0.01,-1,-1,-0.01,-1,-1,-0.01,-1,-1,-0.01,-1,-1
99926009,2026-05-18 13:38:59+05:30,53469.65,0,0.0,0,0.0,0.0,53282.15,53585.15,52783.45,53710.35,0,0.0,0.0,0.0,0.0,-0.01,-1,-1,-0.01,-1,-1,-0.01,-1,-1,-0.01,-1,-1,-0.01,-1,-1,-0.01,-1,-1,-0.01,-1,-1,-0.01,-1,-1,-0.01,-1,-1,-0.01,-1,-1
99926009,2026-05-18 13:38:59+05:30,53469.5,0,0.0,0,0.0,0.0,53282.15,53585.15,52783.45,53710.35,0,0.0,0.0,0.0,0.0,-0.01,-1,-1,-0.01,-1,-1,-0.01,-1,-1,-0.01,-1,-1,-0.01,-1,-1,-0.01,-1,-1,-0.01,-1,-1,-0.01,-1,-1,-0.01,-1,-1,-0.01,-1,-1
99926009,2026-05-18 13:39:00+05:30,53471.45,0,0.0,0,0.0,0.0,53282.15,53585.15,52783.45,53710.35,0,0.0,0.0,0.0,0.0,-0.01,-1,-1,-0.01,-1,-1,-0.01,-1,-1,-0.01,-1,-1,-0.01,-1,-1,-0.01,-1,-1,-0.01,-1,-1,-0.01,-1,-1,-0.01,-1,-1,-0.01,-1,-1
99926009,2026-05-18 13:39:00+05:30,53470.0,0,0.0,0,0.0,0.0,53282.15,53585.15,52783.45,53710.35,0,0.0,0.0,0.0,0.0,-0.01,-1,-1,-0.01,-1,-1,-0.01,-1,-1,-0.01,-1,-1,-0.01,-1,-1,-0.01,-1,-1,-0.01,-1,-1,-0.01,-1,-1,-0.01,-1,-1,-0.01,-1,-1
99926009,2026-05-18 13:39:01+05:30,53471.45,0,0.0,0,0.0,0.0,53282.15,53585.15,52783.45,53710.35,0,0.0,0.0,0.0,0.0,-0.01,-1,-1,-0.01,-1,-1,-0.01,-1,-1,-0.01,-1,-1,-0.01,-1,-1,-0.01,-1,-1,-0.01,-1,-1,-0.01,-1,-1,-0.01,-1,-1,-0.01,-1,-1
99926009,2026-05-18 13:39:01+05:30,53470.3,0,0.0,0,0.0,0.0,53282.15,53585.15,52783.45,53710.35,0,0.0,0.0,0.0,0.0,-0.01,-1,-1,-0.01,-1,-1,-0.01,-1,-1,-0.01,-1,-1,-0.01,-1,-1,-0.01,-1,-1,-0.01,-1,-1,-0.01,-1,-1,-0.01,-1,-1,-0.01,-1,-1
99926009,2026-05-18 13:39:02+05:30,53469.8,0,0.0,0,0.0,0.0,53282.15,53585.15,52783.45,53710.35,0,0.0,0.0,0.0,0.0,-0.01,-1,-1,-0.01,-1,-1,-0.01,-1,-1,-0.01,-1,-1,-0.01,-1,-1,-0.01,-1,-1,-0.01,-1,-1,-0.01,-1,-1,-0.01,-1,-1,-0.01,-1,-1
99926009,2026-05-18 13:39:02+05:30,53468.6,0,0.0,0,0.0,0.0,53282.15,53585.15,52783.45,53710.35,0,0.0,0.0,0.0,0.0,-0.01,-1,-1,-0.01,-1,-1,-0.01,-1,-1,-0.01,-1,-1,-0.01,-1,-1,-0.01,-1,-1,-0.01,-1,-1,-0.01,-1,-1,-0.01,-1,-1,-0.01,-1,-1
99926009,2026-05-18 13:39:03+05:30,53474.35,0,0.0,0,0.0,0.0,53282.15,53585.15,52783.45,53710.35,0,0.0,0.0,0.0,0.0,-0.01,-1,-1,-0.01,-1,-1,-0.01,-1,-1,-0.01,-1,-1,-0.01,-1,-1,-0.01,-1,-1,-0.01,-1,-1,-0.01,-1,-1,-0.01,-1,-1,-0.01,-1,-1
99926009,2026-05-18 13:39:03+05:30,53475.55,0,0.0,0,0.0,0.0,53282.15,53585.15,52783.45,53710.35,0,0.0,0.0,0.0,0.0,-0.01,-1,-1,-0.01,-1,-1,-0.01,-1,-1,-0.01,-1,-1,-0.01,-1,-1,-0.01,-1,-1,-0.01,-1,-1,-0.01,-1,-1,-0.01,-1,-1,-0.01,-1,-1
99926009,2026-05-18 13:39:04+05:30,53474.3,0,0.0,0,0.0,0.0,53282.15,53585.15,52783.45,53710.35,0,0.0,0.0,0.0,0.0,-0.01,-1,-1,-0.01,-1,-1,-0.01,-1,-1,-0.01,-1,-1,-0.01,-1,-1,-0.01,-1,-1,-0.01,-1,-1,-0.01,-1,-1,-0.01,-1,-1,-0.01,-1,-1
99926009,2026-05-18 13:39:04+05:30,53474.65,0,0.0,0,0.0,0.0,53282.15,53585.15,52783.45,53710.35,0,0.0,0.0,0.0,0.0,-0.01,-1,-1,-0.01,-1,-1,-0.01,-1,-1,-0.01,-1,-1,-0.01,-1,-1,-0.01,-1,-1,-0.01,-1,-1,-0.01,-1,-1,-0.01,-1,-1,-0.01,-1,-1
99926009,2026-05-18 13:39:05+05:30,53477.7,0,0.0,0,0.0,0.0,53282.15,53585.15,52783.45,53710.35,0,0.0,0.0,0.0,0.0,-0.01,-1,-1,-0.01,-1,-1,-0.01,-1,-1,-0.01,-1,-1,-0.01,-1,-1,-0.01,-1,-1,-0.01,-1,-1,-0.01,-1,-1,-0.01,-1,-1,-0.01,-1,-1
99926009,2026-05-18 13:39:05+05:30,53476.55,0,0.0,0,0.0,0.0,53282.15,53585.15,52783.45,53710.35,0,0.0,0.0,0.0,0.0,-0.01,-1,-1,-0.01,-1,-1,-0.01,-1,-1,-0.01,-1,-1,-0.01,-1,-1,-0.01,-1,-1,-0.01,-1,-1,-0.01,-1,-1,-0.01,-1,-1,-0.01,-1,-1
99926009,2026-05-18 13:39:06+05:30,53480.75,0,0.0,0,0.0,0.0,53282.15,53585.15,52783.45,53710.35,0,0.0,0.0,0.0,0.0,-0.01,-1,-1,-0.01,-1,-1,-0.01,-1,-1,-0.01,-1,-1,-0.01,-1,-1,-0.01,-1,-1,-0.01,-1,-1,-0.01,-1,-1,-0.01,-1,-1,-0.01,-1,-1
99926009,2026-05-18 13:39:06+05:30,53479.45,0,0.0,0,0.0,0.0,53282.15,53585.15,52783.45,53710.35,0,0.0,0.0,0.0,0.0,-0.01,-1,-1,-0.01,-1,-1,-0.01,-1,-1,-0.01,-1,-1,-0.01,-1,-1,-0.01,-1,-1,-0.01,-1,-1,-0.01,-1,-1,-0.01,-1,-1,-0.01,-1,-1
99926009,2026-05-18 13:39:07+05:30,53478.2,0,0.0,0,0.0,0.0,53282.15,53585.15,52783.45,53710.35,0,0.0,0.0,0.0,0.0,-0.01,-1,-1,-0.01,-1,-1,-0.01,-1,-1,-0.01,-1,-1,-0.01,-1,-1,-0.01,-1,-1,-0.01,-1,-1,-0.01,-1,-1,-0.01,-1,-1,-0.01,-1,-1
99926009,2026-05-18 13:39:07+05:30,53475.6,0,0.0,0,0.0,0.0,53282.15,53585.15,52783.45,53710.35,0,0.0,0.0,0.0,0.0,-0.01,-1,-1,-0.01,-1,-1,-0.01,-1,-1,-0.01,-1,-1,-0.01,-1,-1,-0.01,-1,-1,-0.01,-1,-1,-0.01,-1,-1,-0.01,-1,-1,-0.01,-1,-1
99926009,2026-05-18 13:39:08+05:30,53477.25,0,0.0,0,0.0,0.0,53282.15,53585.15,52783.45,53710.35,0,0.0,0.0,0.0,0.0,-0.01,-1,-1,-0.01,-1,-1,-0.01,-1,-1,-0.01,-1,-1,-0.01,-1,-1,-0.01,-1,-1,-0.01,-1,-1,-0.01,-1,-1,-0.01,-1,-1,-0.01,-1,-1
99926009,2026-05-18 13:39:08+05:30,53477.45,0,0.0,0,0.0,0.0,53282.15,53585.15,52783.45,53710.35,0,0.0,0.0,0.0,0.0,-0.01,-1,-1,-0.01,-1,-1,-0.01,-1,-1,-0.01,-1,-1,-0.01,-1,-1,-0.01,-1,-1,-0.01,-1,-1,-0.01,-1,-1,-0.01,-1,-1,-0.01,-1,-1
99926009,2026-05-18 13:39:09+05:30,53475.5,0,0.0,0,0.0,0.0,53282.15,53585.15,52783.45,53710.35,0,0.0,0.0,0.0,0.0,-0.01,-1,-1,-0.01,-1,-1,-0.01,-1,-1,-0.01,-1,-1,-0.01,-1,-1,-0.01,-1,-1,-0.01,-1,-1,-0.01,-1,-1,-0.01,-1,-1,-0.01,-1,-1
99926009,2026-05-18 13:39:09+05:30,53478.35,0,0.0,0,0.0,0.0,53282.15,53585.15,52783.45,53710.35,0,0.0,0.0,0.0,0.0,-0.01,-1,-1,-0.01,-1,-1,-0.01,-1,-1,-0.01,-1,-1,-0.01,-1,-1,-0.01,-1,-1,-0.01,-1,-1,-0.01,-1,-1,-0.01,-1,-1,-0.01,-1,-1
99926009,2026-05-18 13:39:10+05:30,53476.25,0,0.0,0,0.0,0.0,53282.15,53585.15,52783.45,53710.35,0,0.0,0.0,0.0,0.0,-0.01,-1,-1,-0.01,-1,-1,-0.01,-1,-1,-0.01,-1,-1,-0.01,-1,-1,-0.01,-1,-1,-0.01,-1,-1,-0.01,-1,-1,-0.01,-1,-1,-0.01,-1,-1
99926009,2026-05-18 13:39:10+05:30,53475.95,0,0.0,0,0.0,0.0,53282.15,53585.15,52783.45,53710.35,0,0.0,0.0,0.0,0.0,-0.01,-1,-1,-0.01,-1,-1,-0.01,-1,-1,-0.01,-1,-1,-0.01,-1,-1,-0.01,-1,-1,-0.01,-1,-1,-0.01,-1,-1,-0.01,-1,-1,-0.01,-1,-1
99926009,2026-05-18 13:39:11+05:30,53479.2,0,0.0,0,0.0,0.0,53282.15,53585.15,52783.45,53710.35,0,0.0,0.0,0.0,0.0,-0.01,-1,-1,-0.01,-1,-1,-0.01,-1,-1,-0.01,-1,-1,-0.01,-1,-1,-0.01,-1,-1,-0.01,-1,-1,-0.01,-1,-1,-0.01,-1,-1,-0.01,-1,-1
99926009,2026-05-18 13:39:11+05:30,53478.0,0,0.0,0,0.0,0.0,53282.15,53585.15,52783.45,53710.35,0,0.0,0.0,0.0,0.0,-0.01,-1,-1,-0.01,-1,-1,-0.01,-1,-1,-0.01,-1,-1,-0.01,-1,-1,-0.01,-1,-1,-0.01,-1,-1,-0.01,-1,-1,-0.01,-1,-1,-0.01,-1,-1
99926009,2026-05-18 13:39:12+05:30,53472.95,0,0.0,0,0.0,0.0,53282.15,53585.15,52783.45,53710.35,0,0.0,0.0,0.0,0.0,-0.01,-1,-1,-0.01,-1,-1,-0.01,-1,-1,-0.01,-1,-1,-0.01,-1,-1,-0.01,-1,-1,-0.01,-1,-1,-0.01,-1,-1,-0.01,-1,-1,-0.01,-1,-1
99926009,2026-05-18 13:39:12+05:30,53475.2,0,0.0,0,0.0,0.0,53282.15,53585.15,52783.45,53710.35,0,0.0,0.0,0.0,0.0,-0.01,-1,-1,-0.01,-1,-1,-0.01,-1,-1,-0.01,-1,-1,-0.01,-1,-1,-0.01,-1,-1,-0.01,-1,-1,-0.01,-1,-1,-0.01,-1,-1,-0.01,-1,-1
99926009,2026-05-18 13:39:13+05:30,53475.6,0,0.0,0,0.0,0.0,53282.15,53585.15,52783.45,53710.35,0,0.0,0.0,0.0,0.0,-0.01,-1,-1,-0.01,-1,-1,-0.01,-1,-1,-0.01,-1,-1,-0.01,-1,-1,-0.01,-1,-1,-0.01,-1,-1,-0.01,-1,-1,-0.01,-1,-1,-0.01,-1,-1
99926009,2026-05-18 13:39:13+05:30,53476.3,0,0.0,0,0.0,0.0,53282.15,53585.15,52783.45,53710.35,0,0.0,0.0,0.0,0.0,-0.01,-1,-1,-0.01,-1,-1,-0.01,-1,-1,-0.01,-1,-1,-0.01,-1,-1,-0.01,-1,-1,-0.01,-1,-1,-0.01,-1,-1,-0.01,-1,-1,-0.01,-1,-1
99926009,2026-05-18 13:39:14+05:30,53476.2,0,0.0,0,0.0,0.0,53282.15,53585.15,52783.45,53710.35,0,0.0,0.0,0.0,0.0,-0.01,-1,-1,-0.01,-1,-1,-0.01,-1,-1,-0.01,-1,-1,-0.01,-1,-1,-0.01,-1,-1,-0.01,-1,-1,-0.01,-1,-1,-0.01,-1,-1,-0.01,-1,-1
99926009,2026-05-18 13:39:14+05:30,53475.4,0,0.0,0,0.0,0.0,53282.15,53585.15,52783.45,53710.35,0,0.0,0.0,0.0,0.0,-0.01,-1,-1,-0.01,-1,-1,-0.01,-1,-1,-0.01,-1,-1,-0.01,-1,-1,-0.01,-1,-1,-0.01,-1,-1,-0.01,-1,-1,-0.01,-1,-1,-0.01,-1,-1
99926009,2026-05-18 13:39:15+05:30,53483.35,0,0.0,0,0.0,0.0,53282.15,53585.15,52783.45,53710.35,0,0.0,0.0,0.0,0.0,-0.01,-1,-1,-0.01,-1,-1,-0.01,-1,-1,-0.01,-1,-1,-0.01,-1,-1,-0.01,-1,-1,-0.01,-1,-1,-0.01,-1,-1,-0.01,-1,-1,-0.01,-1,-1
99926009,2026-05-18 13:39:15+05:30,53479.95,0,0.0,0,0.0,0.0,53282.15,53585.15,52783.45,53710.35,0,0.0,0.0,0.0,0.0,-0.01,-1,-1,-0.01,-1,-1,-0.01,-1,-1,-0.01,-1,-1,-0.01,-1,-1,-0.01,-1,-1,-0.01,-1,-1,-0.01,-1,-1,-0.01,-1,-1,-0.01,-1,-1
99926009,2026-05-18 13:39:16+05:30,53482.75,0,0.0,0,0.0,0.0,53282.15,53585.15,52783.45,53710.35,0,0.0,0.0,0.0,0.0,-0.01,-1,-1,-0.01,-1,-1,-0.01,-1,-1,-0.01,-1,-1,-0.01,-1,-1,-0.01,-1,-1,-0.01,-1,-1,-0.01,-1,-1,-0.01,-1,-1,-0.01,-1,-1
99926009,2026-05-18 13:39:16+05:30,53480.15,0,0.0,0,0.0,0.0,53282.15,53585.15,52783.45,53710.35,0,0.0,0.0,0.0,0.0,-0.01,-1,-1,-0.01,-1,-1,-0.01,-1,-1,-0.01,-1,-1,-0.01,-1,-1,-0.01,-1,-1,-0.01,-1,-1,-0.01,-1,-1,-0.01,-1,-1,-0.01,-1,-1
99926009,2026-05-18 13:39:17+05:30,53478.55,0,0.0,0,0.0,0.0,53282.15,53585.15,52783.45,53710.35,0,0.0,0.0,0.0,0.0,-0.01,-1,-1,-0.01,-1,-1,-0.01,-1,-1,-0.01,-1,-1,-0.01,-1,-1,-0.01,-1,-1,-0.01,-1,-1,-0.01,-1,-1,-0.01,-1,-1,-0.01,-1,-1
99926009,2026-05-18 13:39:17+05:30,53477.1,0,0.0,0,0.0,0.0,53282.15,53585.15,52783.45,53710.35,0,0.0,0.0,0.0,0.0,-0.01,-1,-1,-0.01,-1,-1,-0.01,-1,-1,-0.01,-1,-1,-0.01,-1,-1,-0.01,-1,-1,-0.01,-1,-1,-0.01,-1,-1,-0.01,-1,-1,-0.01,-1,-1
99926009,2026-05-18 13:39:18+05:30,53478.3,0,0.0,0,0.0,0.0,53282.15,53585.15,52783.45,53710.35,0,0.0,0.0,0.0,0.0,-0.01,-1,-1,-0.01,-1,-1,-0.01,-1,-1,-0.01,-1,-1,-0.01,-1,-1,-0.01,-1,-1,-0.01,-1,-1,-0.01,-1,-1,-0.01,-1,-1,-0.01,-1,-1
99926009,2026-05-18 13:39:18+05:30,53477.75,0,0.0,0,0.0,0.0,53282.15,53585.15,52783.45,53710.35,0,0.0,0.0,0.0,0.0,-0.01,-1,-1,-0.01,-1,-1,-0.01,-1,-1,-0.01,-1,-1,-0.01,-1,-1,-0.01,-1,-1,-0.01,-1,-1,-0.01,-1,-1,-0.01,-1,-1,-0.01,-1,-1
99926009,2026-05-18 13:39:19+05:30,53477.9,0,0.0,0,0.0,0.0,53282.15,53585.15,52783.45,53710.35,0,0.0,0.0,0.0,0.0,-0.01,-1,-1,-0.01,-1,-1,-0.01,-1,-1,-0.01,-1,-1,-0.01,-1,-1,-0.01,-1,-1,-0.01,-1,-1,-0.01,-1,-1,-0.01,-1,-1,-0.01,-1,-1
99926009,2026-05-18 13:39:19+05:30,53476.4,0,0.0,0,0.0,0.0,53282.15,53585.15,52783.45,53710.35,0,0.0,0.0,0.0,0.0,-0.01,-1,-1,-0.01,-1,-1,-0.01,-1,-1,-0.01,-1,-1,-0.01,-1,-1,-0.01,-1,-1,-0.01,-1,-1,-0.01,-1,-1,-0.01,-1,-1,-0.01,-1,-1
99926009,2026-05-18 13:39:20+05:30,53478.0,0,0.0,0,0.0,0.0,53282.15,53585.15,52783.45,53710.35,0,0.0,0.0,0.0,0.0,-0.01,-1,-1,-0.01,-1,-1,-0.01,-1,-1,-0.01,-1,-1,-0.01,-1,-1,-0.01,-1,-1,-0.01,-1,-1,-0.01,-1,-1,-0.01,-1,-1,-0.01,-1,-1
99926009,2026-05-18 13:39:20+05:30,53476.8,0,0.0,0,0.0,0.0,53282.15,53585.15,52783.45,53710.35,0,0.0,0.0,0.0,0.0,-0.01,-1,-1,-0.01,-1,-1,-0.01,-1,-1,-0.01,-1,-1,-0.01,-1,-1,-0.01,-1,-1,-0.01,-1,-1,-0.01,-1,-1,-0.01,-1,-1,-0.01,-1,-1
99926009,2026-05-18 13:39:21+05:30,53476.15,0,0.0,0,0.0,0.0,53282.15,53585.15,52783.45,53710.35,0,0.0,0.0,0.0,0.0,-0.01,-1,-1,-0.01,-1,-1,-0.01,-1,-1,-0.01,-1,-1,-0.01,-1,-1,-0.01,-1,-1,-0.01,-1,-1,-0.01,-1,-1,-0.01,-1,-1,-0.01,-1,-1
99926009,2026-05-18 13:39:21+05:30,53472.35,0,0.0,0,0.0,0.0,53282.15,53585.15,52783.45,53710.35,0,0.0,0.0,0.0,0.0,-0.01,-1,-1,-0.01,-1,-1,-0.01,-1,-1,-0.01,-1,-1,-0.01,-1,-1,-0.01,-1,-1,-0.01,-1,-1,-0.01,-1,-1,-0.01,-1,-1,-0.01,-1,-1
99926009,2026-05-18 13:39:22+05:30,53473.8,0,0.0,0,0.0,0.0,53282.15,53585.15,52783.45,53710.35,0,0.0,0.0,0.0,0.0,-0.01,-1,-1,-0.01,-1,-1,-0.01,-1,-1,-0.01,-1,-1,-0.01,-1,-1,-0.01,-1,-1,-0.01,-1,-1,-0.01,-1,-1,-0.01,-1,-1,-0.01,-1,-1
99926009,2026-05-18 13:39:22+05:30,53475.15,0,0.0,0,0.0,0.0,53282.15,53585.15,52783.45,53710.35,0,0.0,0.0,0.0,0.0,-0.01,-1,-1,-0.01,-1,-1,-0.01,-1,-1,-0.01,-1,-1,-0.01,-1,-1,-0.01,-1,-1,-0.01,-1,-1,-0.01,-1,-1,-0.01,-1,-1,-0.01,-1,-1
99926009,2026-05-18 13:39:23+05:30,53474.65,0,0.0,0,0.0,0.0,53282.15,53585.15,52783.45,53710.35,0,0.0,0.0,0.0,0.0,-0.01,-1,-1,-0.01,-1,-1,-0.01,-1,-1,-0.01,-1,-1,-0.01,-1,-1,-0.01,-1,-1,-0.01,-1,-1,-0.01,-1,-1,-0.01,-1,-1,-0.01,-1,-1
99926009,2026-05-18 13:39:23+05:30,53474.1,0,0.0,0,0.0,0.0,53282.15,53585.15,52783.45,53710.35,0,0.0,0.0,0.0,0.0,-0.01,-1,-1,-0.01,-1,-1,-0.01,-1,-1,-0.01,-1,-1,-0.01,-1,-1,-0.01,-1,-1,-0.01,-1,-1,-0.01,-1,-1,-0.01,-1,-1,-0.01,-1,-1
99926009,2026-05-18 13:39:24+05:30,53475.45,0,0.0,0,0.0,0.0,53282.15,53585.15,52783.45,53710.35,0,0.0,0.0,0.0,0.0,-0.01,-1,-1,-0.01,-1,-1,-0.01,-1,-1,-0.01,-1,-1,-0.01,-1,-1,-0.01,-1,-1,-0.01,-1,-1,-0.01,-1,-1,-0.01,-1,-1,-0.01,-1,-1
99926009,2026-05-18 13:39:24+05:30,53475.9,0,0.0,0,0.0,0.0,53282.15,53585.15,52783.45,53710.35,0,0.0,0.0,0.0,0.0,-0.01,-1,-1,-0.01,-1,-1,-0.01,-1,-1,-0.01,-1,-1,-0.01,-1,-1,-0.01,-1,-1,-0.01,-1,-1,-0.01,-1,-1,-0.01,-1,-1,-0.01,-1,-1
99926009,2026-05-18 13:39:25+05:30,53475.45,0,0.0,0,0.0,0.0,53282.15,53585.15,52783.45,53710.35,0,0.0,0.0,0.0,0.0,-0.01,-1,-1,-0.01,-1,-1,-0.01,-1,-1,-0.01,-1,-1,-0.01,-1,-1,-0.01,-1,-1,-0.01,-1,-1,-0.01,-1,-1,-0.01,-1,-1,-0.01,-1,-1
99926009,2026-05-18 13:39:25+05:30,53476.65,0,0.0,0,0.0,0.0,53282.15,53585.15,52783.45,53710.35,0,0.0,0.0,0.0,0.0,-0.01,-1,-1,-0.01,-1,-1,-0.01,-1,-1,-0.01,-1,-1,-0.01,-1,-1,-0.01,-1,-1,-0.01,-1,-1,-0.01,-1,-1,-0.01,-1,-1,-0.01,-1,-1
99926009,2026-05-18 13:39:26+05:30,53477.75,0,0.0,0,0.0,0.0,53282.15,53585.15,52783.45,53710.35,0,0.0,0.0,0.0,0.0,-0.01,-1,-1,-0.01,-1,-1,-0.01,-1,-1,-0.01,-1,-1,-0.01,-1,-1,-0.01,-1,-1,-0.01,-1,-1,-0.01,-1,-1,-0.01,-1,-1,-0.01,-1,-1
99926009,2026-05-18 13:39:26+05:30,53476.65,0,0.0,0,0.0,0.0,53282.15,53585.15,52783.45,53710.35,0,0.0,0.0,0.0,0.0,-0.01,-1,-1,-0.01,-1,-1,-0.01,-1,-1,-0.01,-1,-1,-0.01,-1,-1,-0.01,-1,-1,-0.01,-1,-1,-0.01,-1,-1,-0.01,-1,-1,-0.01,-1,-1
99926009,2026-05-18 13:39:27+05:30,53478.3,0,0.0,0,0.0,0.0,53282.15,53585.15,52783.45,53710.35,0,0.0,0.0,0.0,0.0,-0.01,-1,-1,-0.01,-1,-1,-0.01,-1,-1,-0.01,-1,-1,-0.01,-1,-1,-0.01,-1,-1,-0.01,-1,-1,-0.01,-1,-1,-0.01,-1,-1,-0.01,-1,-1
99926009,2026-05-18 13:39:27+05:30,53477.6,0,0.0,0,0.0,0.0,53282.15,53585.15,52783.45,53710.35,0,0.0,0.0,0.0,0.0,-0.01,-1,-1,-0.01,-1,-1,-0.01,-1,-1,-0.01,-1,-1,-0.01,-1,-1,-0.01,-1,-1,-0.01,-1,-1,-0.01,-1,-1,-0.01,-1,-1,-0.01,-1,-1
99926009,2026-05-18 13:39:28+05:30,53479.65,0,0.0,0,0.0,0.0,53282.15,53585.15,52783.45,53710.35,0,0.0,0.0,0.0,0.0,-0.01,-1,-1,-0.01,-1,-1,-0.01,-1,-1,-0.01,-1,-1,-0.01,-1,-1,-0.01,-1,-1,-0.01,-1,-1,-0.01,-1,-1,-0.01,-1,-1,-0.01,-1,-1
99926009,2026-05-18 13:39:28+05:30,53480.2,0,0.0,0,0.0,0.0,53282.15,53585.15,52783.45,53710.35,0,0.0,0.0,0.0,0.0,-0.01,-1,-1,-0.01,-1,-1,-0.01,-1,-1,-0.01,-1,-1,-0.01,-1,-1,-0.01,-1,-1,-0.01,-1,-1,-0.01,-1,-1,-0.01,-1,-1,-0.01,-1,-1
99926009,2026-05-18 13:39:29+05:30,53485.3,0,0.0,0,0.0,0.0,53282.15,53585.15,52783.45,53710.35,0,0.0,0.0,0.0,0.0,-0.01,-1,-1,-0.01,-1,-1,-0.01,-1,-1,-0.01,-1,-1,-0.01,-1,-1,-0.01,-1,-1,-0.01,-1,-1,-0.01,-1,-1,-0.01,-1,-1,-0.01,-1,-1
99926009,2026-05-18 13:39:29+05:30,53484.9,0,0.0,0,0.0,0.0,53282.15,53585.15,52783.45,53710.35,0,0.0,0.0,0.0,0.0,-0.01,-1,-1,-0.01,-1,-1,-0.01,-1,-1,-0.01,-1,-1,-0.01,-1,-1,-0.01,-1,-1,-0.01,-1,-1,-0.01,-1,-1,-0.01,-1,-1,-0.01,-1,-1
99926009,2026-05-18 13:39:30+05:30,53493.0,0,0.0,0,0.0,0.0,53282.15,53585.15,52783.45,53710.35,0,0.0,0.0,0.0,0.0,-0.01,-1,-1,-0.01,-1,-1,-0.01,-1,-1,-0.01,-1,-1,-0.01,-1,-1,-0.01,-1,-1,-0.01,-1,-1,-0.01,-1,-1,-0.01,-1,-1,-0.01,-1,-1
99926009,2026-05-18 13:39:30+05:30,53489.95,0,0.0,0,0.0,0.0,53282.15,53585.15,52783.45,53710.35,0,0.0,0.0,0.0,0.0,-0.01,-1,-1,-0.01,-1,-1,-0.01,-1,-1,-0.01,-1,-1,-0.01,-1,-1,-0.01,-1,-1,-0.01,-1,-1,-0.01,-1,-1,-0.01,-1,-1,-0.01,-1,-1
99926009,2026-05-18 13:39:31+05:30,53493.85,0,0.0,0,0.0,0.0,53282.15,53585.15,52783.45,53710.35,0,0.0,0.0,0.0,0.0,-0.01,-1,-1,-0.01,-1,-1,-0.01,-1,-1,-0.01,-1,-1,-0.01,-1,-1,-0.01,-1,-1,-0.01,-1,-1,-0.01,-1,-1,-0.01,-1,-1,-0.01,-1,-1
99926009,2026-05-18 13:39:31+05:30,53492.75,0,0.0,0,0.0,0.0,53282.15,53585.15,52783.45,53710.35,0,0.0,0.0,0.0,0.0,-0.01,-1,-1,-0.01,-1,-1,-0.01,-1,-1,-0.01,-1,-1,-0.01,-1,-1,-0.01,-1,-1,-0.01,-1,-1,-0.01,-1,-1,-0.01,-1,-1,-0.01,-1,-1
99926009,2026-05-18 13:39:32+05:30,53493.8,0,0.0,0,0.0,0.0,53282.15,53585.15,52783.45,53710.35,0,0.0,0.0,0.0,0.0,-0.01,-1,-1,-0.01,-1,-1,-0.01,-1,-1,-0.01,-1,-1,-0.01,-1,-1,-0.01,-1,-1,-0.01,-1,-1,-0.01,-1,-1,-0.01,-1,-1,-0.01,-1,-1
99926009,2026-05-18 13:39:32+05:30,53490.25,0,0.0,0,0.0,0.0,53282.15,53585.15,52783.45,53710.35,0,0.0,0.0,0.0,0.0,-0.01,-1,-1,-0.01,-1,-1,-0.01,-1,-1,-0.01,-1,-1,-0.01,-1,-1,-0.01,-1,-1,-0.01,-1,-1,-0.01,-1,-1,-0.01,-1,-1,-0.01,-1,-1
99926009,2026-05-18 13:39:33+05:30,53491.45,0,0.0,0,0.0,0.0,53282.15,53585.15,52783.45,53710.35,0,0.0,0.0,0.0,0.0,-0.01,-1,-1,-0.01,-1,-1,-0.01,-1,-1,-0.01,-1,-1,-0.01,-1,-1,-0.01,-1,-1,-0.01,-1,-1,-0.01,-1,-1,-0.01,-1,-1,-0.01,-1,-1
99926009,2026-05-18 13:39:33+05:30,53492.7,0,0.0,0,0.0,0.0,53282.15,53585.15,52783.45,53710.35,0,0.0,0.0,0.0,0.0,-0.01,-1,-1,-0.01,-1,-1,-0.01,-1,-1,-0.01,-1,-1,-0.01,-1,-1,-0.01,-1,-1,-0.01,-1,-1,-0.01,-1,-1,-0.01,-1,-1,-0.01,-1,-1
99926009,2026-05-18 13:39:34+05:30,53490.55,0,0.0,0,0.0,0.0,53282.15,53585.15,52783.45,53710.35,0,0.0,0.0,0.0,0.0,-0.01,-1,-1,-0.01,-1,-1,-0.01,-1,-1,-0.01,-1,-1,-0.01,-1,-1,-0.01,-1,-1,-0.01,-1,-1,-0.01,-1,-1,-0.01,-1,-1,-0.01,-1,-1
99926009,2026-05-18 13:39:34+05:30,53490.7,0,0.0,0,0.0,0.0,53282.15,53585.15,52783.45,53710.35,0,0.0,0.0,0.0,0.0,-0.01,-1,-1,-0.01,-1,-1,-0.01,-1,-1,-0.01,-1,-1,-0.01,-1,-1,-0.01,-1,-1,-0.01,-1,-1,-0.01,-1,-1,-0.01,-1,-1,-0.01,-1,-1
99926009,2026-05-18 13:39:35+05:30,53490.55,0,0.0,0,0.0,0.0,53282.15,53585.15,52783.45,53710.35,0,0.0,0.0,0.0,0.0,-0.01,-1,-1,-0.01,-1,-1,-0.01,-1,-1,-0.01,-1,-1,-0.01,-1,-1,-0.01,-1,-1,-0.01,-1,-1,-0.01,-1,-1,-0.01,-1,-1,-0.01,-1,-1
99926009,2026-05-18 13:39:35+05:30,53488.2,0,0.0,0,0.0,0.0,53282.15,53585.15,52783.45,53710.35,0,0.0,0.0,0.0,0.0,-0.01,-1,-1,-0.01,-1,-1,-0.01,-1,-1,-0.01,-1,-1,-0.01,-1,-1,-0.01,-1,-1,-0.01,-1,-1,-0.01,-1,-1,-0.01,-1,-1,-0.01,-1,-1
99926009,2026-05-18 13:39:36+05:30,53492.2,0,0.0,0,0.0,0.0,53282.15,53585.15,52783.45,53710.35,0,0.0,0.0,0.0,0.0,-0.01,-1,-1,-0.01,-1,-1,-0.01,-1,-1,-0.01,-1,-1,-0.01,-1,-1,-0.01,-1,-1,-0.01,-1,-1,-0.01,-1,-1,-0.01,-1,-1,-0.01,-1,-1
99926009,2026-05-18 13:39:36+05:30,53492.9,0,0.0,0,0.0,0.0,53282.15,53585.15,52783.45,53710.35,0,0.0,0.0,0.0,0.0,-0.01,-1,-1,-0.01,-1,-1,-0.01,-1,-1,-0.01,-1,-1,-0.01,-1,-1,-0.01,-1,-1,-0.01,-1,-1,-0.01,-1,-1,-0.01,-1,-1,-0.01,-1,-1
99926009,2026-05-18 13:39:37+05:30,53489.7,0,0.0,0,0.0,0.0,53282.15,53585.15,52783.45,53710.35,0,0.0,0.0,0.0,0.0,-0.01,-1,-1,-0.01,-1,-1,-0.01,-1,-1,-0.01,-1,-1,-0.01,-1,-1,-0.01,-1,-1,-0.01,-1,-1,-0.01,-1,-1,-0.01,-1,-1,-0.01,-1,-1
99926009,2026-05-18 13:39:37+05:30,53489.15,0,0.0,0,0.0,0.0,53282.15,53585.15,52783.45,53710.35,0,0.0,0.0,0.0,0.0,-0.01,-1,-1,-0.01,-1,-1,-0.01,-1,-1,-0.01,-1,-1,-0.01,-1,-1,-0.01,-1,-1,-0.01,-1,-1,-0.01,-1,-1,-0.01,-1,-1,-0.01,-1,-1
99926009,2026-05-18 13:39:38+05:30,53488.2,0,0.0,0,0.0,0.0,53282.15,53585.15,52783.45,53710.35,0,0.0,0.0,0.0,0.0,-0.01,-1,-1,-0.01,-1,-1,-0.01,-1,-1,-0.01,-1,-1,-0.01,-1,-1,-0.01,-1,-1,-0.01,-1,-1,-0.01,-1,-1,-0.01,-1,-1,-0.01,-1,-1
99926009,2026-05-18 13:39:38+05:30,53490.3,0,0.0,0,0.0,0.0,53282.15,53585.15,52783.45,53710.35,0,0.0,0.0,0.0,0.0,-0.01,-1,-1,-0.01,-1,-1,-0.01,-1,-1,-0.01,-1,-1,-0.01,-1,-1,-0.01,-1,-1,-0.01,-1,-1,-0.01,-1,-1,-0.01,-1,-1,-0.01,-1,-1
99926009,2026-05-18 13:39:39+05:30,53490.45,0,0.0,0,0.0,0.0,53282.15,53585.15,52783.45,53710.35,0,0.0,0.0,0.0,0.0,-0.01,-1,-1,-0.01,-1,-1,-0.01,-1,-1,-0.01,-1,-1,-0.01,-1,-1,-0.01,-1,-1,-0.01,-1,-1,-0.01,-1,-1,-0.01,-1,-1,-0.01,-1,-1
99926009,2026-05-18 13:39:39+05:30,53490.3,0,0.0,0,0.0,0.0,53282.15,53585.15,52783.45,53710.35,0,0.0,0.0,0.0,0.0,-0.01,-1,-1,-0.01,-1,-1,-0.01,-1,-1,-0.01,-1,-1,-0.01,-1,-1,-0.01,-1,-1,-0.01,-1,-1,-0.01,-1,-1,-0.01,-1,-1,-0.01,-1,-1
99926009,2026-05-18 13:39:40+05:30,53494.5,0,0.0,0,0.0,0.0,53282.15,53585.15,52783.45,53710.35,0,0.0,0.0,0.0,0.0,-0.01,-1,-1,-0.01,-1,-1,-0.01,-1,-1,-0.01,-1,-1,-0.01,-1,-1,-0.01,-1,-1,-0.01,-1,-1,-0.01,-1,-1,-0.01,-1,-1,-0.01,-1,-1
99926009,2026-05-18 13:39:40+05:30,53496.1,0,0.0,0,0.0,0.0,53282.15,53585.15,52783.45,53710.35,0,0.0,0.0,0.0,0.0,-0.01,-1,-1,-0.01,-1,-1,-0.01,-1,-1,-0.01,-1,-1,-0.01,-1,-1,-0.01,-1,-1,-0.01,-1,-1,-0.01,-1,-1,-0.01,-1,-1,-0.01,-1,-1
99926009,2026-05-18 13:39:41+05:30,53497.4,0,0.0,0,0.0,0.0,53282.15,53585.15,52783.45,53710.35,0,0.0,0.0,0.0,0.0,-0.01,-1,-1,-0.01,-1,-1,-0.01,-1,-1,-0.01,-1,-1,-0.01,-1,-1,-0.01,-1,-1,-0.01,-1,-1,-0.01,-1,-1,-0.01,-1,-1,-0.01,-1,-1
99926009,2026-05-18 13:39:41+05:30,53497.6,0,0.0,0,0.0,0.0,53282.15,53585.15,52783.45,53710.35,0,0.0,0.0,0.0,0.0,-0.01,-1,-1,-0.01,-1,-1,-0.01,-1,-1,-0.01,-1,-1,-0.01,-1,-1,-0.01,-1,-1,-0.01,-1,-1,-0.01,-1,-1,-0.01,-1,-1,-0.01,-1,-1
99926009,2026-05-18 13:39:42+05:30,53497.3,0,0.0,0,0.0,0.0,53282.15,53585.15,52783.45,53710.35,0,0.0,0.0,0.0,0.0,-0.01,-1,-1,-0.01,-1,-1,-0.01,-1,-1,-0.01,-1,-1,-0.01,-1,-1,-0.01,-1,-1,-0.01,-1,-1,-0.01,-1,-1,-0.01,-1,-1,-0.01,-1,-1
99926009,2026-05-18 13:39:42+05:30,53493.5,0,0.0,0,0.0,0.0,53282.15,53585.15,52783.45,53710.35,0,0.0,0.0,0.0,0.0,-0.01,-1,-1,-0.01,-1,-1,-0.01,-1,-1,-0.01,-1,-1,-0.01,-1,-1,-0.01,-1,-1,-0.01,-1,-1,-0.01,-1,-1,-0.01,-1,-1,-0.01,-1,-1
99926009,2026-05-18 13:39:43+05:30,53496.05,0,0.0,0,0.0,0.0,53282.15,53585.15,52783.45,53710.35,0,0.0,0.0,0.0,0.0,-0.01,-1,-1,-0.01,-1,-1,-0.01,-1,-1,-0.01,-1,-1,-0.01,-1,-1,-0.01,-1,-1,-0.01,-1,-1,-0.01,-1,-1,-0.01,-1,-1,-0.01,-1,-1
99926009,2026-05-18 13:39:43+05:30,53495.9,0,0.0,0,0.0,0.0,53282.15,53585.15,52783.45,53710.35,0,0.0,0.0,0.0,0.0,-0.01,-1,-1,-0.01,-1,-1,-0.01,-1,-1,-0.01,-1,-1,-0.01,-1,-1,-0.01,-1,-1,-0.01,-1,-1,-0.01,-1,-1,-0.01,-1,-1,-0.01,-1,-1
99926009,2026-05-18 13:39:44+05:30,53494.4,0,0.0,0,0.0,0.0,53282.15,53585.15,52783.45,53710.35,0,0.0,0.0,0.0,0.0,-0.01,-1,-1,-0.01,-1,-1,-0.01,-1,-1,-0.01,-1,-1,-0.01,-1,-1,-0.01,-1,-1,-0.01,-1,-1,-0.01,-1,-1,-0.01,-1,-1,-0.01,-1,-1
99926009,2026-05-18 13:39:44+05:30,53494.3,0,0.0,0,0.0,0.0,53282.15,53585.15,52783.45,53710.35,0,0.0,0.0,0.0,0.0,-0.01,-1,-1,-0.01,-1,-1,-0.01,-1,-1,-0.01,-1,-1,-0.01,-1,-1,-0.01,-1,-1,-0.01,-1,-1,-0.01,-1,-1,-0.01,-1,-1,-0.01,-1,-1
99926009,2026-05-18 13:39:45+05:30,53497.75,0,0.0,0,0.0,0.0,53282.15,53585.15,52783.45,53710.35,0,0.0,0.0,0.0,0.0,-0.01,-1,-1,-0.01,-1,-1,-0.01,-1,-1,-0.01,-1,-1,-0.01,-1,-1,-0.01,-1,-1,-0.01,-1,-1,-0.01,-1,-1,-0.01,-1,-1,-0.01,-1,-1
99926009,2026-05-18 13:39:45+05:30,53497.15,0,0.0,0,0.0,0.0,53282.15,53585.15,52783.45,53710.35,0,0.0,0.0,0.0,0.0,-0.01,-1,-1,-0.01,-1,-1,-0.01,-1,-1,-0.01,-1,-1,-0.01,-1,-1,-0.01,-1,-1,-0.01,-1,-1,-0.01,-1,-1,-0.01,-1,-1,-0.01,-1,-1
99926009,2026-05-18 13:39:46+05:30,53497.05,0,0.0,0,0.0,0.0,53282.15,53585.15,52783.45,53710.35,0,0.0,0.0,0.0,0.0,-0.01,-1,-1,-0.01,-1,-1,-0.01,-1,-1,-0.01,-1,-1,-0.01,-1,-1,-0.01,-1,-1,-0.01,-1,-1,-0.01,-1,-1,-0.01,-1,-1,-0.01,-1,-1
99926009,2026-05-18 13:39:46+05:30,53492.85,0,0.0,0,0.0,0.0,53282.15,53585.15,52783.45,53710.35,0,0.0,0.0,0.0,0.0,-0.01,-1,-1,-0.01,-1,-1,-0.01,-1,-1,-0.01,-1,-1,-0.01,-1,-1,-0.01,-1,-1,-0.01,-1,-1,-0.01,-1,-1,-0.01,-1,-1,-0.01,-1,-1
99926009,2026-05-18 13:39:47+05:30,53491.75,0,0.0,0,0.0,0.0,53282.15,53585.15,52783.45,53710.35,0,0.0,0.0,0.0,0.0,-0.01,-1,-1,-0.01,-1,-1,-0.01,-1,-1,-0.01,-1,-1,-0.01,-1,-1,-0.01,-1,-1,-0.01,-1,-1,-0.01,-1,-1,-0.01,-1,-1,-0.01,-1,-1
99926009,2026-05-18 13:39:47+05:30,53488.65,0,0.0,0,0.0,0.0,53282.15,53585.15,52783.45,53710.35,0,0.0,0.0,0.0,0.0,-0.01,-1,-1,-0.01,-1,-1,-0.01,-1,-1,-0.01,-1,-1,-0.01,-1,-1,-0.01,-1,-1,-0.01,-1,-1,-0.01,-1,-1,-0.01,-1,-1,-0.01,-1,-1
99926009,2026-05-18 13:39:48+05:30,53491.2,0,0.0,0,0.0,0.0,53282.15,53585.15,52783.45,53710.35,0,0.0,0.0,0.0,0.0,-0.01,-1,-1,-0.01,-1,-1,-0.01,-1,-1,-0.01,-1,-1,-0.01,-1,-1,-0.01,-1,-1,-0.01,-1,-1,-0.01,-1,-1,-0.01,-1,-1,-0.01,-1,-1
99926009,2026-05-18 13:39:48+05:30,53487.05,0,0.0,0,0.0,0.0,53282.15,53585.15,52783.45,53710.35,0,0.0,0.0,0.0,0.0,-0.01,-1,-1,-0.01,-1,-1,-0.01,-1,-1,-0.01,-1,-1,-0.01,-1,-1,-0.01,-1,-1,-0.01,-1,-1,-0.01,-1,-1,-0.01,-1,-1,-0.01,-1,-1
99926009,2026-05-18 13:39:49+05:30,53487.1,0,0.0,0,0.0,0.0,53282.15,53585.15,52783.45,53710.35,0,0.0,0.0,0.0,0.0,-0.01,-1,-1,-0.01,-1,-1,-0.01,-1,-1,-0.01,-1,-1,-0.01,-1,-1,-0.01,-1,-1,-0.01,-1,-1,-0.01,-1,-1,-0.01,-1,-1,-0.01,-1,-1
99926009,2026-05-18 13:39:49+05:30,53485.05,0,0.0,0,0.0,0.0,53282.15,53585.15,52783.45,53710.35,0,0.0,0.0,0.0,0.0,-0.01,-1,-1,-0.01,-1,-1,-0.01,-1,-1,-0.01,-1,-1,-0.01,-1,-1,-0.01,-1,-1,-0.01,-1,-1,-0.01,-1,-1,-0.01,-1,-1,-0.01,-1,-1
99926009,2026-05-18 13:39:50+05:30,53487.35,0,0.0,0,0.0,0.0,53282.15,53585.15,52783.45,53710.35,0,0.0,0.0,0.0,0.0,-0.01,-1,-1,-0.01,-1,-1,-0.01,-1,-1,-0.01,-1,-1,-0.01,-1,-1,-0.01,-1,-1,-0.01,-1,-1,-0.01,-1,-1,-0.01,-1,-1,-0.01,-1,-1
99926009,2026-05-18 13:39:50+05:30,53491.0,0,0.0,0,0.0,0.0,53282.15,53585.15,52783.45,53710.35,0,0.0,0.0,0.0,0.0,-0.01,-1,-1,-0.01,-1,-1,-0.01,-1,-1,-0.01,-1,-1,-0.01,-1,-1,-0.01,-1,-1,-0.01,-1,-1,-0.01,-1,-1,-0.01,-1,-1,-0.01,-1,-1
99926009,2026-05-18 13:39:51+05:30,53492.7,0,0.0,0,0.0,0.0,53282.15,53585.15,52783.45,53710.35,0,0.0,0.0,0.0,0.0,-0.01,-1,-1,-0.01,-1,-1,-0.01,-1,-1,-0.01,-1,-1,-0.01,-1,-1,-0.01,-1,-1,-0.01,-1,-1,-0.01,-1,-1,-0.01,-1,-1,-0.01,-1,-1
99926009,2026-05-18 13:39:51+05:30,53488.95,0,0.0,0,0.0,0.0,53282.15,53585.15,52783.45,53710.35,0,0.0,0.0,0.0,0.0,-0.01,-1,-1,-0.01,-1,-1,-0.01,-1,-1,-0.01,-1,-1,-0.01,-1,-1,-0.01,-1,-1,-0.01,-1,-1,-0.01,-1,-1,-0.01,-1,-1,-0.01,-1,-1
99926009,2026-05-18 13:39:52+05:30,53488.65,0,0.0,0,0.0,0.0,53282.15,53585.15,52783.45,53710.35,0,0.0,0.0,0.0,0.0,-0.01,-1,-1,-0.01,-1,-1,-0.01,-1,-1,-0.01,-1,-1,-0.01,-1,-1,-0.01,-1,-1,-0.01,-1,-1,-0.01,-1,-1,-0.01,-1,-1,-0.01,-1,-1
99926009,2026-05-18 13:39:52+05:30,53486.55,0,0.0,0,0.0,0.0,53282.15,53585.15,52783.45,53710.35,0,0.0,0.0,0.0,0.0,-0.01,-1,-1,-0.01,-1,-1,-0.01,-1,-1,-0.01,-1,-1,-0.01,-1,-1,-0.01,-1,-1,-0.01,-1,-1,-0.01,-1,-1,-0.01,-1,-1,-0.01,-1,-1
99926009,2026-05-18 13:39:53+05:30,53489.75,0,0.0,0,0.0,0.0,53282.15,53585.15,52783.45,53710.35,0,0.0,0.0,0.0,0.0,-0.01,-1,-1,-0.01,-1,-1,-0.01,-1,-1,-0.01,-1,-1,-0.01,-1,-1,-0.01,-1,-1,-0.01,-1,-1,-0.01,-1,-1,-0.01,-1,-1,-0.01,-1,-1
99926009,2026-05-18 13:39:53+05:30,53487.9,0,0.0,0,0.0,0.0,53282.15,53585.15,52783.45,53710.35,0,0.0,0.0,0.0,0.0,-0.01,-1,-1,-0.01,-1,-1,-0.01,-1,-1,-0.01,-1,-1,-0.01,-1,-1,-0.01,-1,-1,-0.01,-1,-1,-0.01,-1,-1,-0.01,-1,-1,-0.01,-1,-1
99926009,2026-05-18 13:39:54+05:30,53487.6,0,0.0,0,0.0,0.0,53282.15,53585.15,52783.45,53710.35,0,0.0,0.0,0.0,0.0,-0.01,-1,-1,-0.01,-1,-1,-0.01,-1,-1,-0.01,-1,-1,-0.01,-1,-1,-0.01,-1,-1,-0.01,-1,-1,-0.01,-1,-1,-0.01,-1,-1,-0.01,-1,-1
99926009,2026-05-18 13:39:54+05:30,53487.3,0,0.0,0,0.0,0.0,53282.15,53585.15,52783.45,53710.35,0,0.0,0.0,0.0,0.0,-0.01,-1,-1,-0.01,-1,-1,-0.01,-1,-1,-0.01,-1,-1,-0.01,-1,-1,-0.01,-1,-1,-0.01,-1,-1,-0.01,-1,-1,-0.01,-1,-1,-0.01,-1,-1
99926009,2026-05-18 13:39:55+05:30,53488.95,0,0.0,0,0.0,0.0,53282.15,53585.15,52783.45,53710.35,0,0.0,0.0,0.0,0.0,-0.01,-1,-1,-0.01,-1,-1,-0.01,-1,-1,-0.01,-1,-1,-0.01,-1,-1,-0.01,-1,-1,-0.01,-1,-1,-0.01,-1,-1,-0.01,-1,-1,-0.01,-1,-1
99926009,2026-05-18 13:39:55+05:30,53488.15,0,0.0,0,0.0,0.0,53282.15,53585.15,52783.45,53710.35,0,0.0,0.0,0.0,0.0,-0.01,-1,-1,-0.01,-1,-1,-0.01,-1,-1,-0.01,-1,-1,-0.01,-1,-1,-0.01,-1,-1,-0.01,-1,-1,-0.01,-1,-1,-0.01,-1,-1,-0.01,-1,-1
99926009,2026-05-18 13:39:56+05:30,53486.95,0,0.0,0,0.0,0.0,53282.15,53585.15,52783.45,53710.35,0,0.0,0.0,0.0,0.0,-0.01,-1,-1,-0.01,-1,-1,-0.01,-1,-1,-0.01,-1,-1,-0.01,-1,-1,-0.01,-1,-1,-0.01,-1,-1,-0.01,-1,-1,-0.01,-1,-1,-0.01,-1,-1
99926009,2026-05-18 13:39:56+05:30,53483.35,0,0.0,0,0.0,0.0,53282.15,53585.15,52783.45,53710.35,0,0.0,0.0,0.0,0.0,-0.01,-1,-1,-0.01,-1,-1,-0.01,-1,-1,-0.01,-1,-1,-0.01,-1,-1,-0.01,-1,-1,-0.01,-1,-1,-0.01,-1,-1,-0.01,-1,-1,-0.01,-1,-1
99926009,2026-05-18 13:39:57+05:30,53481.8,0,0.0,0,0.0,0.0,53282.15,53585.15,52783.45,53710.35,0,0.0,0.0,0.0,0.0,-0.01,-1,-1,-0.01,-1,-1,-0.01,-1,-1,-0.01,-1,-1,-0.01,-1,-1,-0.01,-1,-1,-0.01,-1,-1,-0.01,-1,-1,-0.01,-1,-1,-0.01,-1,-1
99926009,2026-05-18 13:39:57+05:30,53475.75,0,0.0,0,0.0,0.0,53282.15,53585.15,52783.45,53710.35,0,0.0,0.0,0.0,0.0,-0.01,-1,-1,-0.01,-1,-1,-0.01,-1,-1,-0.01,-1,-1,-0.01,-1,-1,-0.01,-1,-1,-0.01,-1,-1,-0.01,-1,-1,-0.01,-1,-1,-0.01,-1,-1
99926009,2026-05-18 13:39:58+05:30,53471.4,0,0.0,0,0.0,0.0,53282.15,53585.15,52783.45,53710.35,0,0.0,0.0,0.0,0.0,-0.01,-1,-1,-0.01,-1,-1,-0.01,-1,-1,-0.01,-1,-1,-0.01,-1,-1,-0.01,-1,-1,-0.01,-1,-1,-0.01,-1,-1,-0.01,-1,-1,-0.01,-1,-1
99926009,2026-05-18 13:39:58+05:30,53475.8,0,0.0,0,0.0,0.0,53282.15,53585.15,52783.45,53710.35,0,0.0,0.0,0.0,0.0,-0.01,-1,-1,-0.01,-1,-1,-0.01,-1,-1,-0.01,-1,-1,-0.01,-1,-1,-0.01,-1,-1,-0.01,-1,-1,-0.01,-1,-1,-0.01,-1,-1,-0.01,-1,-1
99926009,2026-05-18 13:39:59+05:30,53479.25,0,0.0,0,0.0,0.0,53282.15,53585.15,52783.45,53710.35,0,0.0,0.0,0.0,0.0,-0.01,-1,-1,-0.01,-1,-1,-0.01,-1,-1,-0.01,-1,-1,-0.01,-1,-1,-0.01,-1,-1,-0.01,-1,-1,-0.01,-1,-1,-0.01,-1,-1,-0.01,-1,-1
99926009,2026-05-18 13:39:59+05:30,53481.0,0,0.0,0,0.0,0.0,53282.15,53585.15,52783.45,53710.35,0,0.0,0.0,0.0,0.0,-0.01,-1,-1,-0.01,-1,-1,-0.01,-1,-1,-0.01,-1,-1,-0.01,-1,-1,-0.01,-1,-1,-0.01,-1,-1,-0.01,-1,-1,-0.01,-1,-1,-0.01,-1,-1
99926009,2026-05-18 13:40:00+05:30,53480.65,0,0.0,0,0.0,0.0,53282.15,53585.15,52783.45,53710.35,0,0.0,0.0,0.0,0.0,-0.01,-1,-1,-0.01,-1,-1,-0.01,-1,-1,-0.01,-1,-1,-0.01,-1,-1,-0.01,-1,-1,-0.01,-1,-1,-0.01,-1,-1,-0.01,-1,-1,-0.01,-1,-1
99926009,2026-05-18 13:40:00+05:30,53479.9,0,0.0,0,0.0,0.0,53282.15,53585.15,52783.45,53710.35,0,0.0,0.0,0.0,0.0,-0.01,-1,-1,-0.01,-1,-1,-0.01,-1,-1,-0.01,-1,-1,-0.01,-1,-1,-0.01,-1,-1,-0.01,-1,-1,-0.01,-1,-1,-0.01,-1,-1,-0.01,-1,-1
99926009,2026-05-18 13:40:01+05:30,53482.85,0,0.0,0,0.0,0.0,53282.15,53585.15,52783.45,53710.35,0,0.0,0.0,0.0,0.0,-0.01,-1,-1,-0.01,-1,-1,-0.01,-1,-1,-0.01,-1,-1,-0.01,-1,-1,-0.01,-1,-1,-0.01,-1,-1,-0.01,-1,-1,-0.01,-1,-1,-0.01,-1,-1
99926009,2026-05-18 13:40:01+05:30,53482.5,0,0.0,0,0.0,0.0,53282.15,53585.15,52783.45,53710.35,0,0.0,0.0,0.0,0.0,-0.01,-1,-1,-0.01,-1,-1,-0.01,-1,-1,-0.01,-1,-1,-0.01,-1,-1,-0.01,-1,-1,-0.01,-1,-1,-0.01,-1,-1,-0.01,-1,-1,-0.01,-1,-1
99926009,2026-05-18 13:40:02+05:30,53481.95,0,0.0,0,0.0,0.0,53282.15,53585.15,52783.45,53710.35,0,0.0,0.0,0.0,0.0,-0.01,-1,-1,-0.01,-1,-1,-0.01,-1,-1,-0.01,-1,-1,-0.01,-1,-1,-0.01,-1,-1,-0.01,-1,-1,-0.01,-1,-1,-0.01,-1,-1,-0.01,-1,-1
99926009,2026-05-18 13:40:02+05:30,53481.0,0,0.0,0,0.0,0.0,53282.15,53585.15,52783.45,53710.35,0,0.0,0.0,0.0,0.0,-0.01,-1,-1,-0.01,-1,-1,-0.01,-1,-1,-0.01,-1,-1,-0.01,-1,-1,-0.01,-1,-1,-0.01,-1,-1,-0.01,-1,-1,-0.01,-1,-1,-0.01,-1,-1
99926009,2026-05-18 13:40:03+05:30,53482.4,0,0.0,0,0.0,0.0,53282.15,53585.15,52783.45,53710.35,0,0.0,0.0,0.0,0.0,-0.01,-1,-1,-0.01,-1,-1,-0.01,-1,-1,-0.01,-1,-1,-0.01,-1,-1,-0.01,-1,-1,-0.01,-1,-1,-0.01,-1,-1,-0.01,-1,-1,-0.01,-1,-1
99926009,2026-05-18 13:40:03+05:30,53479.4,0,0.0,0,0.0,0.0,53282.15,53585.15,52783.45,53710.35,0,0.0,0.0,0.0,0.0,-0.01,-1,-1,-0.01,-1,-1,-0.01,-1,-1,-0.01,-1,-1,-0.01,-1,-1,-0.01,-1,-1,-0.01,-1,-1,-0.01,-1,-1,-0.01,-1,-1,-0.01,-1,-1
99926009,2026-05-18 13:40:04+05:30,53481.75,0,0.0,0,0.0,0.0,53282.15,53585.15,52783.45,53710.35,0,0.0,0.0,0.0,0.0,-0.01,-1,-1,-0.01,-1,-1,-0.01,-1,-1,-0.01,-1,-1,-0.01,-1,-1,-0.01,-1,-1,-0.01,-1,-1,-0.01,-1,-1,-0.01,-1,-1,-0.01,-1,-1
99926009,2026-05-18 13:40:04+05:30,53482.15,0,0.0,0,0.0,0.0,53282.15,53585.15,52783.45,53710.35,0,0.0,0.0,0.0,0.0,-0.01,-1,-1,-0.01,-1,-1,-0.01,-1,-1,-0.01,-1,-1,-0.01,-1,-1,-0.01,-1,-1,-0.01,-1,-1,-0.01,-1,-1,-0.01,-1,-1,-0.01,-1,-1
99926009,2026-05-18 13:40:05+05:30,53483.6,0,0.0,0,0.0,0.0,53282.15,53585.15,52783.45,53710.35,0,0.0,0.0,0.0,0.0,-0.01,-1,-1,-0.01,-1,-1,-0.01,-1,-1,-0.01,-1,-1,-0.01,-1,-1,-0.01,-1,-1,-0.01,-1,-1,-0.01,-1,-1,-0.01,-1,-1,-0.01,-1,-1
99926009,2026-05-18 13:40:05+05:30,53480.65,0,0.0,0,0.0,0.0,53282.15,53585.15,52783.45,53710.35,0,0.0,0.0,0.0,0.0,-0.01,-1,-1,-0.01,-1,-1,-0.01,-1,-1,-0.01,-1,-1,-0.01,-1,-1,-0.01,-1,-1,-0.01,-1,-1,-0.01,-1,-1,-0.01,-1,-1,-0.01,-1,-1
99926009,2026-05-18 13:40:06+05:30,53479.95,0,0.0,0,0.0,0.0,53282.15,53585.15,52783.45,53710.35,0,0.0,0.0,0.0,0.0,-0.01,-1,-1,-0.01,-1,-1,-0.01,-1,-1,-0.01,-1,-1,-0.01,-1,-1,-0.01,-1,-1,-0.01,-1,-1,-0.01,-1,-1,-0.01,-1,-1,-0.01,-1,-1
99926009,2026-05-18 13:40:06+05:30,53477.25,0,0.0,0,0.0,0.0,53282.15,53585.15,52783.45,53710.35,0,0.0,0.0,0.0,0.0,-0.01,-1,-1,-0.01,-1,-1,-0.01,-1,-1,-0.01,-1,-1,-0.01,-1,-1,-0.01,-1,-1,-0.01,-1,-1,-0.01,-1,-1,-0.01,-1,-1,-0.01,-1,-1
99926009,2026-05-18 13:40:07+05:30,53474.7,0,0.0,0,0.0,0.0,53282.15,53585.15,52783.45,53710.35,0,0.0,0.0,0.0,0.0,-0.01,-1,-1,-0.01,-1,-1,-0.01,-1,-1,-0.01,-1,-1,-0.01,-1,-1,-0.01,-1,-1,-0.01,-1,-1,-0.01,-1,-1,-0.01,-1,-1,-0.01,-1,-1
99926009,2026-05-18 13:40:07+05:30,53478.65,0,0.0,0,0.0,0.0,53282.15,53585.15,52783.45,53710.35,0,0.0,0.0,0.0,0.0,-0.01,-1,-1,-0.01,-1,-1,-0.01,-1,-1,-0.01,-1,-1,-0.01,-1,-1,-0.01,-1,-1,-0.01,-1,-1,-0.01,-1,-1,-0.01,-1,-1,-0.01,-1,-1
99926009,2026-05-18 13:40:08+05:30,53478.55,0,0.0,0,0.0,0.0,53282.15,53585.15,52783.45,53710.35,0,0.0,0.0,0.0,0.0,-0.01,-1,-1,-0.01,-1,-1,-0.01,-1,-1,-0.01,-1,-1,-0.01,-1,-1,-0.01,-1,-1,-0.01,-1,-1,-0.01,-1,-1,-0.01,-1,-1,-0.01,-1,-1
99926009,2026-05-18 13:40:08+05:30,53477.1,0,0.0,0,0.0,0.0,53282.15,53585.15,52783.45,53710.35,0,0.0,0.0,0.0,0.0,-0.01,-1,-1,-0.01,-1,-1,-0.01,-1,-1,-0.01,-1,-1,-0.01,-1,-1,-0.01,-1,-1,-0.01,-1,-1,-0.01,-1,-1,-0.01,-1,-1,-0.01,-1,-1
99926009,2026-05-18 13:40:09+05:30,53476.7,0,0.0,0,0.0,0.0,53282.15,53585.15,52783.45,53710.35,0,0.0,0.0,0.0,0.0,-0.01,-1,-1,-0.01,-1,-1,-0.01,-1,-1,-0.01,-1,-1,-0.01,-1,-1,-0.01,-1,-1,-0.01,-1,-1,-0.01,-1,-1,-0.01,-1,-1,-0.01,-1,-1
99926009,2026-05-18 13:40:09+05:30,53474.95,0,0.0,0,0.0,0.0,53282.15,53585.15,52783.45,53710.35,0,0.0,0.0,0.0,0.0,-0.01,-1,-1,-0.01,-1,-1,-0.01,-1,-1,-0.01,-1,-1,-0.01,-1,-1,-0.01,-1,-1,-0.01,-1,-1,-0.01,-1,-1,-0.01,-1,-1,-0.01,-1,-1
99926009,2026-05-18 13:40:10+05:30,53480.55,0,0.0,0,0.0,0.0,53282.15,53585.15,52783.45,53710.35,0,0.0,0.0,0.0,0.0,-0.01,-1,-1,-0.01,-1,-1,-0.01,-1,-1,-0.01,-1,-1,-0.01,-1,-1,-0.01,-1,-1,-0.01,-1,-1,-0.01,-1,-1,-0.01,-1,-1,-0.01,-1,-1
99926009,2026-05-18 13:40:10+05:30,53476.3,0,0.0,0,0.0,0.0,53282.15,53585.15,52783.45,53710.35,0,0.0,0.0,0.0,0.0,-0.01,-1,-1,-0.01,-1,-1,-0.01,-1,-1,-0.01,-1,-1,-0.01,-1,-1,-0.01,-1,-1,-0.01,-1,-1,-0.01,-1,-1,-0.01,-1,-1,-0.01,-1,-1
99926009,2026-05-18 13:40:11+05:30,53478.05,0,0.0,0,0.0,0.0,53282.15,53585.15,52783.45,53710.35,0,0.0,0.0,0.0,0.0,-0.01,-1,-1,-0.01,-1,-1,-0.01,-1,-1,-0.01,-1,-1,-0.01,-1,-1,-0.01,-1,-1,-0.01,-1,-1,-0.01,-1,-1,-0.01,-1,-1,-0.01,-1,-1
99926009,2026-05-18 13:40:11+05:30,53478.2,0,0.0,0,0.0,0.0,53282.15,53585.15,52783.45,53710.35,0,0.0,0.0,0.0,0.0,-0.01,-1,-1,-0.01,-1,-1,-0.01,-1,-1,-0.01,-1,-1,-0.01,-1,-1,-0.01,-1,-1,-0.01,-1,-1,-0.01,-1,-1,-0.01,-1,-1,-0.01,-1,-1
99926009,2026-05-18 13:40:12+05:30,53474.8,0,0.0,0,0.0,0.0,53282.15,53585.15,52783.45,53710.35,0,0.0,0.0,0.0,0.0,-0.01,-1,-1,-0.01,-1,-1,-0.01,-1,-1,-0.01,-1,-1,-0.01,-1,-1,-0.01,-1,-1,-0.01,-1,-1,-0.01,-1,-1,-0.01,-1,-1,-0.01,-1,-1
99926009,2026-05-18 13:40:12+05:30,53473.4,0,0.0,0,0.0,0.0,53282.15,53585.15,52783.45,53710.35,0,0.0,0.0,0.0,0.0,-0.01,-1,-1,-0.01,-1,-1,-0.01,-1,-1,-0.01,-1,-1,-0.01,-1,-1,-0.01,-1,-1,-0.01,-1,-1,-0.01,-1,-1,-0.01,-1,-1,-0.01,-1,-1
99926009,2026-05-18 13:40:13+05:30,53470.95,0,0.0,0,0.0,0.0,53282.15,53585.15,52783.45,53710.35,0,0.0,0.0,0.0,0.0,-0.01,-1,-1,-0.01,-1,-1,-0.01,-1,-1,-0.01,-1,-1,-0.01,-1,-1,-0.01,-1,-1,-0.01,-1,-1,-0.01,-1,-1,-0.01,-1,-1,-0.01,-1,-1
99926009,2026-05-18 13:40:13+05:30,53471.75,0,0.0,0,0.0,0.0,53282.15,53585.15,52783.45,53710.35,0,0.0,0.0,0.0,0.0,-0.01,-1,-1,-0.01,-1,-1,-0.01,-1,-1,-0.01,-1,-1,-0.01,-1,-1,-0.01,-1,-1,-0.01,-1,-1,-0.01,-1,-1,-0.01,-1,-1,-0.01,-1,-1
99926009,2026-05-18 13:40:14+05:30,53474.75,0,0.0,0,0.0,0.0,53282.15,53585.15,52783.45,53710.35,0,0.0,0.0,0.0,0.0,-0.01,-1,-1,-0.01,-1,-1,-0.01,-1,-1,-0.01,-1,-1,-0.01,-1,-1,-0.01,-1,-1,-0.01,-1,-1,-0.01,-1,-1,-0.01,-1,-1,-0.01,-1,-1
99926009,2026-05-18 13:40:14+05:30,53473.75,0,0.0,0,0.0,0.0,53282.15,53585.15,52783.45,53710.35,0,0.0,0.0,0.0,0.0,-0.01,-1,-1,-0.01,-1,-1,-0.01,-1,-1,-0.01,-1,-1,-0.01,-1,-1,-0.01,-1,-1,-0.01,-1,-1,-0.01,-1,-1,-0.01,-1,-1,-0.01,-1,-1
99926009,2026-05-18 13:40:15+05:30,53474.55,0,0.0,0,0.0,0.0,53282.15,53585.15,52783.45,53710.35,0,0.0,0.0,0.0,0.0,-0.01,-1,-1,-0.01,-1,-1,-0.01,-1,-1,-0.01,-1,-1,-0.01,-1,-1,-0.01,-1,-1,-0.01,-1,-1,-0.01,-1,-1,-0.01,-1,-1,-0.01,-1,-1
99926009,2026-05-18 13:40:15+05:30,53469.55,0,0.0,0,0.0,0.0,53282.15,53585.15,52783.45,53710.35,0,0.0,0.0,0.0,0.0,-0.01,-1,-1,-0.01,-1,-1,-0.01,-1,-1,-0.01,-1,-1,-0.01,-1,-1,-0.01,-1,-1,-0.01,-1,-1,-0.01,-1,-1,-0.01,-1,-1,-0.01,-1,-1
99926009,2026-05-18 13:40:16+05:30,53474.45,0,0.0,0,0.0,0.0,53282.15,53585.15,52783.45,53710.35,0,0.0,0.0,0.0,0.0,-0.01,-1,-1,-0.01,-1,-1,-0.01,-1,-1,-0.01,-1,-1,-0.01,-1,-1,-0.01,-1,-1,-0.01,-1,-1,-0.01,-1,-1,-0.01,-1,-1,-0.01,-1,-1
99926009,2026-05-18 13:40:16+05:30,53473.0,0,0.0,0,0.0,0.0,53282.15,53585.15,52783.45,53710.35,0,0.0,0.0,0.0,0.0,-0.01,-1,-1,-0.01,-1,-1,-0.01,-1,-1,-0.01,-1,-1,-0.01,-1,-1,-0.01,-1,-1,-0.01,-1,-1,-0.01,-1,-1,-0.01,-1,-1,-0.01,-1,-1
99926009,2026-05-18 13:40:17+05:30,53471.8,0,0.0,0,0.0,0.0,53282.15,53585.15,52783.45,53710.35,0,0.0,0.0,0.0,0.0,-0.01,-1,-1,-0.01,-1,-1,-0.01,-1,-1,-0.01,-1,-1,-0.01,-1,-1,-0.01,-1,-1,-0.01,-1,-1,-0.01,-1,-1,-0.01,-1,-1,-0.01,-1,-1
99926009,2026-05-18 13:40:17+05:30,53465.15,0,0.0,0,0.0,0.0,53282.15,53585.15,52783.45,53710.35,0,0.0,0.0,0.0,0.0,-0.01,-1,-1,-0.01,-1,-1,-0.01,-1,-1,-0.01,-1,-1,-0.01,-1,-1,-0.01,-1,-1,-0.01,-1,-1,-0.01,-1,-1,-0.01,-1,-1,-0.01,-1,-1
99926009,2026-05-18 13:40:18+05:30,53457.85,0,0.0,0,0.0,0.0,53282.15,53585.15,52783.45,53710.35,0,0.0,0.0,0.0,0.0,-0.01,-1,-1,-0.01,-1,-1,-0.01,-1,-1,-0.01,-1,-1,-0.01,-1,-1,-0.01,-1,-1,-0.01,-1,-1,-0.01,-1,-1,-0.01,-1,-1,-0.01,-1,-1
99926009,2026-05-18 13:40:18+05:30,53459.95,0,0.0,0,0.0,0.0,53282.15,53585.15,52783.45,53710.35,0,0.0,0.0,0.0,0.0,-0.01,-1,-1,-0.01,-1,-1,-0.01,-1,-1,-0.01,-1,-1,-0.01,-1,-1,-0.01,-1,-1,-0.01,-1,-1,-0.01,-1,-1,-0.01,-1,-1,-0.01,-1,-1
99926009,2026-05-18 13:40:19+05:30,53455.3,0,0.0,0,0.0,0.0,53282.15,53585.15,52783.45,53710.35,0,0.0,0.0,0.0,0.0,-0.01,-1,-1,-0.01,-1,-1,-0.01,-1,-1,-0.01,-1,-1,-0.01,-1,-1,-0.01,-1,-1,-0.01,-1,-1,-0.01,-1,-1,-0.01,-1,-1,-0.01,-1,-1
99926009,2026-05-18 13:40:19+05:30,53457.5,0,0.0,0,0.0,0.0,53282.15,53585.15,52783.45,53710.35,0,0.0,0.0,0.0,0.0,-0.01,-1,-1,-0.01,-1,-1,-0.01,-1,-1,-0.01,-1,-1,-0.01,-1,-1,-0.01,-1,-1,-0.01,-1,-1,-0.01,-1,-1,-0.01,-1,-1,-0.01,-1,-1
99926009,2026-05-18 13:40:20+05:30,53462.15,0,0.0,0,0.0,0.0,53282.15,53585.15,52783.45,53710.35,0,0.0,0.0,0.0,0.0,-0.01,-1,-1,-0.01,-1,-1,-0.01,-1,-1,-0.01,-1,-1,-0.01,-1,-1,-0.01,-1,-1,-0.01,-1,-1,-0.01,-1,-1,-0.01,-1,-1,-0.01,-1,-1
99926009,2026-05-18 13:40:20+05:30,53453.25,0,0.0,0,0.0,0.0,53282.15,53585.15,52783.45,53710.35,0,0.0,0.0,0.0,0.0,-0.01,-1,-1,-0.01,-1,-1,-0.01,-1,-1,-0.01,-1,-1,-0.01,-1,-1,-0.01,-1,-1,-0.01,-1,-1,-0.01,-1,-1,-0.01,-1,-1,-0.01,-1,-1
99926009,2026-05-18 13:40:21+05:30,53460.8,0,0.0,0,0.0,0.0,53282.15,53585.15,52783.45,53710.35,0,0.0,0.0,0.0,0.0,-0.01,-1,-1,-0.01,-1,-1,-0.01,-1,-1,-0.01,-1,-1,-0.01,-1,-1,-0.01,-1,-1,-0.01,-1,-1,-0.01,-1,-1,-0.01,-1,-1,-0.01,-1,-1
99926009,2026-05-18 13:40:21+05:30,53460.25,0,0.0,0,0.0,0.0,53282.15,53585.15,52783.45,53710.35,0,0.0,0.0,0.0,0.0,-0.01,-1,-1,-0.01,-1,-1,-0.01,-1,-1,-0.01,-1,-1,-0.01,-1,-1,-0.01,-1,-1,-0.01,-1,-1,-0.01,-1,-1,-0.01,-1,-1,-0.01,-1,-1
99926009,2026-05-18 13:40:22+05:30,53459.5,0,0.0,0,0.0,0.0,53282.15,53585.15,52783.45,53710.35,0,0.0,0.0,0.0,0.0,-0.01,-1,-1,-0.01,-1,-1,-0.01,-1,-1,-0.01,-1,-1,-0.01,-1,-1,-0.01,-1,-1,-0.01,-1,-1,-0.01,-1,-1,-0.01,-1,-1,-0.01,-1,-1
99926009,2026-05-18 13:40:22+05:30,53463.2,0,0.0,0,0.0,0.0,53282.15,53585.15,52783.45,53710.35,0,0.0,0.0,0.0,0.0,-0.01,-1,-1,-0.01,-1,-1,-0.01,-1,-1,-0.01,-1,-1,-0.01,-1,-1,-0.01,-1,-1,-0.01,-1,-1,-0.01,-1,-1,-0.01,-1,-1,-0.01,-1,-1
99926009,2026-05-18 13:40:23+05:30,53463.85,0,0.0,0,0.0,0.0,53282.15,53585.15,52783.45,53710.35,0,0.0,0.0,0.0,0.0,-0.01,-1,-1,-0.01,-1,-1,-0.01,-1,-1,-0.01,-1,-1,-0.01,-1,-1,-0.01,-1,-1,-0.01,-1,-1,-0.01,-1,-1,-0.01,-1,-1,-0.01,-1,-1
99926009,2026-05-18 13:40:23+05:30,53456.65,0,0.0,0,0.0,0.0,53282.15,53585.15,52783.45,53710.35,0,0.0,0.0,0.0,0.0,-0.01,-1,-1,-0.01,-1,-1,-0.01,-1,-1,-0.01,-1,-1,-0.01,-1,-1,-0.01,-1,-1,-0.01,-1,-1,-0.01,-1,-1,-0.01,-1,-1,-0.01,-1,-1
99926009,2026-05-18 13:40:24+05:30,53458.4,0,0.0,0,0.0,0.0,53282.15,53585.15,52783.45,53710.35,0,0.0,0.0,0.0,0.0,-0.01,-1,-1,-0.01,-1,-1,-0.01,-1,-1,-0.01,-1,-1,-0.01,-1,-1,-0.01,-1,-1,-0.01,-1,-1,-0.01,-1,-1,-0.01,-1,-1,-0.01,-1,-1
99926009,2026-05-18 13:40:24+05:30,53460.55,0,0.0,0,0.0,0.0,53282.15,53585.15,52783.45,53710.35,0,0.0,0.0,0.0,0.0,-0.01,-1,-1,-0.01,-1,-1,-0.01,-1,-1,-0.01,-1,-1,-0.01,-1,-1,-0.01,-1,-1,-0.01,-1,-1,-0.01,-1,-1,-0.01,-1,-1,-0.01,-1,-1
99926009,2026-05-18 13:40:25+05:30,53464.6,0,0.0,0,0.0,0.0,53282.15,53585.15,52783.45,53710.35,0,0.0,0.0,0.0,0.0,-0.01,-1,-1,-0.01,-1,-1,-0.01,-1,-1,-0.01,-1,-1,-0.01,-1,-1,-0.01,-1,-1,-0.01,-1,-1,-0.01,-1,-1,-0.01,-1,-1,-0.01,-1,-1
99926009,2026-05-18 13:40:25+05:30,53463.95,0,0.0,0,0.0,0.0,53282.15,53585.15,52783.45,53710.35,0,0.0,0.0,0.0,0.0,-0.01,-1,-1,-0.01,-1,-1,-0.01,-1,-1,-0.01,-1,-1,-0.01,-1,-1,-0.01,-1,-1,-0.01,-1,-1,-0.01,-1,-1,-0.01,-1,-1,-0.01,-1,-1
99926009,2026-05-18 13:40:26+05:30,53465.75,0,0.0,0,0.0,0.0,53282.15,53585.15,52783.45,53710.35,0,0.0,0.0,0.0,0.0,-0.01,-1,-1,-0.01,-1,-1,-0.01,-1,-1,-0.01,-1,-1,-0.01,-1,-1,-0.01,-1,-1,-0.01,-1,-1,-0.01,-1,-1,-0.01,-1,-1,-0.01,-1,-1
99926009,2026-05-18 13:40:26+05:30,53465.7,0,0.0,0,0.0,0.0,53282.15,53585.15,52783.45,53710.35,0,0.0,0.0,0.0,0.0,-0.01,-1,-1,-0.01,-1,-1,-0.01,-1,-1,-0.01,-1,-1,-0.01,-1,-1,-0.01,-1,-1,-0.01,-1,-1,-0.01,-1,-1,-0.01,-1,-1,-0.01,-1,-1
99926009,2026-05-18 13:40:27+05:30,53464.55,0,0.0,0,0.0,0.0,53282.15,53585.15,52783.45,53710.35,0,0.0,0.0,0.0,0.0,-0.01,-1,-1,-0.01,-1,-1,-0.01,-1,-1,-0.01,-1,-1,-0.01,-1,-1,-0.01,-1,-1,-0.01,-1,-1,-0.01,-1,-1,-0.01,-1,-1,-0.01,-1,-1
99926009,2026-05-18 13:40:27+05:30,53463.75,0,0.0,0,0.0,0.0,53282.15,53585.15,52783.45,53710.35,0,0.0,0.0,0.0,0.0,-0.01,-1,-1,-0.01,-1,-1,-0.01,-1,-1,-0.01,-1,-1,-0.01,-1,-1,-0.01,-1,-1,-0.01,-1,-1,-0.01,-1,-1,-0.01,-1,-1,-0.01,-1,-1
99926009,2026-05-18 13:40:28+05:30,53463.95,0,0.0,0,0.0,0.0,53282.15,53585.15,52783.45,53710.35,0,0.0,0.0,0.0,0.0,-0.01,-1,-1,-0.01,-1,-1,-0.01,-1,-1,-0.01,-1,-1,-0.01,-1,-1,-0.01,-1,-1,-0.01,-1,-1,-0.01,-1,-1,-0.01,-1,-1,-0.01,-1,-1
99926009,2026-05-18 13:40:28+05:30,53466.3,0,0.0,0,0.0,0.0,53282.15,53585.15,52783.45,53710.35,0,0.0,0.0,0.0,0.0,-0.01,-1,-1,-0.01,-1,-1,-0.01,-1,-1,-0.01,-1,-1,-0.01,-1,-1,-0.01,-1,-1,-0.01,-1,-1,-0.01,-1,-1,-0.01,-1,-1,-0.01,-1,-1
99926009,2026-05-18 13:40:29+05:30,53465.95,0,0.0,0,0.0,0.0,53282.15,53585.15,52783.45,53710.35,0,0.0,0.0,0.0,0.0,-0.01,-1,-1,-0.01,-1,-1,-0.01,-1,-1,-0.01,-1,-1,-0.01,-1,-1,-0.01,-1,-1,-0.01,-1,-1,-0.01,-1,-1,-0.01,-1,-1,-0.01,-1,-1
99926009,2026-05-18 13:40:29+05:30,53465.75,0,0.0,0,0.0,0.0,53282.15,53585.15,52783.45,53710.35,0,0.0,0.0,0.0,0.0,-0.01,-1,-1,-0.01,-1,-1,-0.01,-1,-1,-0.01,-1,-1,-0.01,-1,-1,-0.01,-1,-1,-0.01,-1,-1,-0.01,-1,-1,-0.01,-1,-1,-0.01,-1,-1
99926009,2026-05-18 13:40:30+05:30,53466.2,0,0.0,0,0.0,0.0,53282.15,53585.15,52783.45,53710.35,0,0.0,0.0,0.0,0.0,-0.01,-1,-1,-0.01,-1,-1,-0.01,-1,-1,-0.01,-1,-1,-0.01,-1,-1,-0.01,-1,-1,-0.01,-1,-1,-0.01,-1,-1,-0.01,-1,-1,-0.01,-1,-1
99926009,2026-05-18 13:40:30+05:30,53466.8,0,0.0,0,0.0,0.0,53282.15,53585.15,52783.45,53710.35,0,0.0,0.0,0.0,0.0,-0.01,-1,-1,-0.01,-1,-1,-0.01,-1,-1,-0.01,-1,-1,-0.01,-1,-1,-0.01,-1,-1,-0.01,-1,-1,-0.01,-1,-1,-0.01,-1,-1,-0.01,-1,-1
99926009,2026-05-18 13:40:31+05:30,53467.75,0,0.0,0,0.0,0.0,53282.15,53585.15,52783.45,53710.35,0,0.0,0.0,0.0,0.0,-0.01,-1,-1,-0.01,-1,-1,-0.01,-1,-1,-0.01,-1,-1,-0.01,-1,-1,-0.01,-1,-1,-0.01,-1,-1,-0.01,-1,-1,-0.01,-1,-1,-0.01,-1,-1
99926009,2026-05-18 13:40:31+05:30,53466.85,0,0.0,0,0.0,0.0,53282.15,53585.15,52783.45,53710.35,0,0.0,0.0,0.0,0.0,-0.01,-1,-1,-0.01,-1,-1,-0.01,-1,-1,-0.01,-1,-1,-0.01,-1,-1,-0.01,-1,-1,-0.01,-1,-1,-0.01,-1,-1,-0.01,-1,-1,-0.01,-1,-1
99926009,2026-05-18 13:40:32+05:30,53465.45,0,0.0,0,0.0,0.0,53282.15,53585.15,52783.45,53710.35,0,0.0,0.0,0.0,0.0,-0.01,-1,-1,-0.01,-1,-1,-0.01,-1,-1,-0.01,-1,-1,-0.01,-1,-1,-0.01,-1,-1,-0.01,-1,-1,-0.01,-1,-1,-0.01,-1,-1,-0.01,-1,-1
99926009,2026-05-18 13:40:32+05:30,53468.8,0,0.0,0,0.0,0.0,53282.15,53585.15,52783.45,53710.35,0,0.0,0.0,0.0,0.0,-0.01,-1,-1,-0.01,-1,-1,-0.01,-1,-1,-0.01,-1,-1,-0.01,-1,-1,-0.01,-1,-1,-0.01,-1,-1,-0.01,-1,-1,-0.01,-1,-1,-0.01,-1,-1
99926009,2026-05-18 13:40:33+05:30,53467.15,0,0.0,0,0.0,0.0,53282.15,53585.15,52783.45,53710.35,0,0.0,0.0,0.0,0.0,-0.01,-1,-1,-0.01,-1,-1,-0.01,-1,-1,-0.01,-1,-1,-0.01,-1,-1,-0.01,-1,-1,-0.01,-1,-1,-0.01,-1,-1,-0.01,-1,-1,-0.01,-1,-1
99926009,2026-05-18 13:40:33+05:30,53469.25,0,0.0,0,0.0,0.0,53282.15,53585.15,52783.45,53710.35,0,0.0,0.0,0.0,0.0,-0.01,-1,-1,-0.01,-1,-1,-0.01,-1,-1,-0.01,-1,-1,-0.01,-1,-1,-0.01,-1,-1,-0.01,-1,-1,-0.01,-1,-1,-0.01,-1,-1,-0.01,-1,-1
99926009,2026-05-18 13:40:34+05:30,53469.05,0,0.0,0,0.0,0.0,53282.15,53585.15,52783.45,53710.35,0,0.0,0.0,0.0,0.0,-0.01,-1,-1,-0.01,-1,-1,-0.01,-1,-1,-0.01,-1,-1,-0.01,-1,-1,-0.01,-1,-1,-0.01,-1,-1,-0.01,-1,-1,-0.01,-1,-1,-0.01,-1,-1
99926009,2026-05-18 13:40:34+05:30,53467.8,0,0.0,0,0.0,0.0,53282.15,53585.15,52783.45,53710.35,0,0.0,0.0,0.0,0.0,-0.01,-1,-1,-0.01,-1,-1,-0.01,-1,-1,-0.01,-1,-1,-0.01,-1,-1,-0.01,-1,-1,-0.01,-1,-1,-0.01,-1,-1,-0.01,-1,-1,-0.01,-1,-1
99926009,2026-05-18 13:40:35+05:30,53469.35,0,0.0,0,0.0,0.0,53282.15,53585.15,52783.45,53710.35,0,0.0,0.0,0.0,0.0,-0.01,-1,-1,-0.01,-1,-1,-0.01,-1,-1,-0.01,-1,-1,-0.01,-1,-1,-0.01,-1,-1,-0.01,-1,-1,-0.01,-1,-1,-0.01,-1,-1,-0.01,-1,-1
99926009,2026-05-18 13:40:35+05:30,53466.7,0,0.0,0,0.0,0.0,53282.15,53585.15,52783.45,53710.35,0,0.0,0.0,0.0,0.0,-0.01,-1,-1,-0.01,-1,-1,-0.01,-1,-1,-0.01,-1,-1,-0.01,-1,-1,-0.01,-1,-1,-0.01,-1,-1,-0.01,-1,-1,-0.01,-1,-1,-0.01,-1,-1
99926009,2026-05-18 13:40:36+05:30,53469.45,0,0.0,0,0.0,0.0,53282.15,53585.15,52783.45,53710.35,0,0.0,0.0,0.0,0.0,-0.01,-1,-1,-0.01,-1,-1,-0.01,-1,-1,-0.01,-1,-1,-0.01,-1,-1,-0.01,-1,-1,-0.01,-1,-1,-0.01,-1,-1,-0.01,-1,-1,-0.01,-1,-1
99926009,2026-05-18 13:40:36+05:30,53467.6,0,0.0,0,0.0,0.0,53282.15,53585.15,52783.45,53710.35,0,0.0,0.0,0.0,0.0,-0.01,-1,-1,-0.01,-1,-1,-0.01,-1,-1,-0.01,-1,-1,-0.01,-1,-1,-0.01,-1,-1,-0.01,-1,-1,-0.01,-1,-1,-0.01,-1,-1,-0.01,-1,-1
99926009,2026-05-18 13:40:37+05:30,53468.25,0,0.0,0,0.0,0.0,53282.15,53585.15,52783.45,53710.35,0,0.0,0.0,0.0,0.0,-0.01,-1,-1,-0.01,-1,-1,-0.01,-1,-1,-0.01,-1,-1,-0.01,-1,-1,-0.01,-1,-1,-0.01,-1,-1,-0.01,-1,-1,-0.01,-1,-1,-0.01,-1,-1
99926009,2026-05-18 13:40:37+05:30,53465.45,0,0.0,0,0.0,0.0,53282.15,53585.15,52783.45,53710.35,0,0.0,0.0,0.0,0.0,-0.01,-1,-1,-0.01,-1,-1,-0.01,-1,-1,-0.01,-1,-1,-0.01,-1,-1,-0.01,-1,-1,-0.01,-1,-1,-0.01,-1,-1,-0.01,-1,-1,-0.01,-1,-1
99926009,2026-05-18 13:40:38+05:30,53465.15,0,0.0,0,0.0,0.0,53282.15,53585.15,52783.45,53710.35,0,0.0,0.0,0.0,0.0,-0.01,-1,-1,-0.01,-1,-1,-0.01,-1,-1,-0.01,-1,-1,-0.01,-1,-1,-0.01,-1,-1,-0.01,-1,-1,-0.01,-1,-1,-0.01,-1,-1,-0.01,-1,-1
99926009,2026-05-18 13:40:38+05:30,53463.05,0,0.0,0,0.0,0.0,53282.15,53585.15,52783.45,53710.35,0,0.0,0.0,0.0,0.0,-0.01,-1,-1,-0.01,-1,-1,-0.01,-1,-1,-0.01,-1,-1,-0.01,-1,-1,-0.01,-1,-1,-0.01,-1,-1,-0.01,-1,-1,-0.01,-1,-1,-0.01,-1,-1
99926009,2026-05-18 13:40:39+05:30,53464.4,0,0.0,0,0.0,0.0,53282.15,53585.15,52783.45,53710.35,0,0.0,0.0,0.0,0.0,-0.01,-1,-1,-0.01,-1,-1,-0.01,-1,-1,-0.01,-1,-1,-0.01,-1,-1,-0.01,-1,-1,-0.01,-1,-1,-0.01,-1,-1,-0.01,-1,-1,-0.01,-1,-1
99926009,2026-05-18 13:40:39+05:30,53463.9,0,0.0,0,0.0,0.0,53282.15,53585.15,52783.45,53710.35,0,0.0,0.0,0.0,0.0,-0.01,-1,-1,-0.01,-1,-1,-0.01,-1,-1,-0.01,-1,-1,-0.01,-1,-1,-0.01,-1,-1,-0.01,-1,-1,-0.01,-1,-1,-0.01,-1,-1,-0.01,-1,-1
99926009,2026-05-18 13:40:40+05:30,53463.2,0,0.0,0,0.0,0.0,53282.15,53585.15,52783.45,53710.35,0,0.0,0.0,0.0,0.0,-0.01,-1,-1,-0.01,-1,-1,-0.01,-1,-1,-0.01,-1,-1,-0.01,-1,-1,-0.01,-1,-1,-0.01,-1,-1,-0.01,-1,-1,-0.01,-1,-1,-0.01,-1,-1
99926009,2026-05-18 13:40:40+05:30,53460.2,0,0.0,0,0.0,0.0,53282.15,53585.15,52783.45,53710.35,0,0.0,0.0,0.0,0.0,-0.01,-1,-1,-0.01,-1,-1,-0.01,-1,-1,-0.01,-1,-1,-0.01,-1,-1,-0.01,-1,-1,-0.01,-1,-1,-0.01,-1,-1,-0.01,-1,-1,-0.01,-1,-1
99926009,2026-05-18 13:40:41+05:30,53463.05,0,0.0,0,0.0,0.0,53282.15,53585.15,52783.45,53710.35,0,0.0,0.0,0.0,0.0,-0.01,-1,-1,-0.01,-1,-1,-0.01,-1,-1,-0.01,-1,-1,-0.01,-1,-1,-0.01,-1,-1,-0.01,-1,-1,-0.01,-1,-1,-0.01,-1,-1,-0.01,-1,-1
99926009,2026-05-18 13:40:41+05:30,53463.75,0,0.0,0,0.0,0.0,53282.15,53585.15,52783.45,53710.35,0,0.0,0.0,0.0,0.0,-0.01,-1,-1,-0.01,-1,-1,-0.01,-1,-1,-0.01,-1,-1,-0.01,-1,-1,-0.01,-1,-1,-0.01,-1,-1,-0.01,-1,-1,-0.01,-1,-1,-0.01,-1,-1
99926009,2026-05-18 13:40:42+05:30,53462.15,0,0.0,0,0.0,0.0,53282.15,53585.15,52783.45,53710.35,0,0.0,0.0,0.0,0.0,-0.01,-1,-1,-0.01,-1,-1,-0.01,-1,-1,-0.01,-1,-1,-0.01,-1,-1,-0.01,-1,-1,-0.01,-1,-1,-0.01,-1,-1,-0.01,-1,-1,-0.01,-1,-1
99926009,2026-05-18 13:40:42+05:30,53462.15,0,0.0,0,0.0,0.0,53282.15,53585.15,52783.45,53710.35,0,0.0,0.0,0.0,0.0,-0.01,-1,-1,-0.01,-1,-1,-0.01,-1,-1,-0.01,-1,-1,-0.01,-1,-1,-0.01,-1,-1,-0.01,-1,-1,-0.01,-1,-1,-0.01,-1,-1,-0.01,-1,-1
99926009,2026-05-18 13:40:43+05:30,53461.85,0,0.0,0,0.0,0.0,53282.15,53585.15,52783.45,53710.35,0,0.0,0.0,0.0,0.0,-0.01,-1,-1,-0.01,-1,-1,-0.01,-1,-1,-0.01,-1,-1,-0.01,-1,-1,-0.01,-1,-1,-0.01,-1,-1,-0.01,-1,-1,-0.01,-1,-1,-0.01,-1,-1
99926009,2026-05-18 13:40:43+05:30,53462.9,0,0.0,0,0.0,0.0,53282.15,53585.15,52783.45,53710.35,0,0.0,0.0,0.0,0.0,-0.01,-1,-1,-0.01,-1,-1,-0.01,-1,-1,-0.01,-1,-1,-0.01,-1,-1,-0.01,-1,-1,-0.01,-1,-1,-0.01,-1,-1,-0.01,-1,-1,-0.01,-1,-1
99926009,2026-05-18 13:40:44+05:30,53463.6,0,0.0,0,0.0,0.0,53282.15,53585.15,52783.45,53710.35,0,0.0,0.0,0.0,0.0,-0.01,-1,-1,-0.01,-1,-1,-0.01,-1,-1,-0.01,-1,-1,-0.01,-1,-1,-0.01,-1,-1,-0.01,-1,-1,-0.01,-1,-1,-0.01,-1,-1,-0.01,-1,-1
99926009,2026-05-18 13:40:44+05:30,53461.3,0,0.0,0,0.0,0.0,53282.15,53585.15,52783.45,53710.35,0,0.0,0.0,0.0,0.0,-0.01,-1,-1,-0.01,-1,-1,-0.01,-1,-1,-0.01,-1,-1,-0.01,-1,-1,-0.01,-1,-1,-0.01,-1,-1,-0.01,-1,-1,-0.01,-1,-1,-0.01,-1,-1
99926009,2026-05-18 13:40:45+05:30,53464.9,0,0.0,0,0.0,0.0,53282.15,53585.15,52783.45,53710.35,0,0.0,0.0,0.0,0.0,-0.01,-1,-1,-0.01,-1,-1,-0.01,-1,-1,-0.01,-1,-1,-0.01,-1,-1,-0.01,-1,-1,-0.01,-1,-1,-0.01,-1,-1,-0.01,-1,-1,-0.01,-1,-1
99926009,2026-05-18 13:40:45+05:30,53460.45,0,0.0,0,0.0,0.0,53282.15,53585.15,52783.45,53710.35,0,0.0,0.0,0.0,0.0,-0.01,-1,-1,-0.01,-1,-1,-0.01,-1,-1,-0.01,-1,-1,-0.01,-1,-1,-0.01,-1,-1,-0.01,-1,-1,-0.01,-1,-1,-0.01,-1,-1,-0.01,-1,-1
99926009,2026-05-18 13:40:46+05:30,53464.3,0,0.0,0,0.0,0.0,53282.15,53585.15,52783.45,53710.35,0,0.0,0.0,0.0,0.0,-0.01,-1,-1,-0.01,-1,-1,-0.01,-1,-1,-0.01,-1,-1,-0.01,-1,-1,-0.01,-1,-1,-0.01,-1,-1,-0.01,-1,-1,-0.01,-1,-1,-0.01,-1,-1
99926009,2026-05-18 13:40:46+05:30,53464.15,0,0.0,0,0.0,0.0,53282.15,53585.15,52783.45,53710.35,0,0.0,0.0,0.0,0.0,-0.01,-1,-1,-0.01,-1,-1,-0.01,-1,-1,-0.01,-1,-1,-0.01,-1,-1,-0.01,-1,-1,-0.01,-1,-1,-0.01,-1,-1,-0.01,-1,-1,-0.01,-1,-1
99926009,2026-05-18 13:40:47+05:30,53462.1,0,0.0,0,0.0,0.0,53282.15,53585.15,52783.45,53710.35,0,0.0,0.0,0.0,0.0,-0.01,-1,-1,-0.01,-1,-1,-0.01,-1,-1,-0.01,-1,-1,-0.01,-1,-1,-0.01,-1,-1,-0.01,-1,-1,-0.01,-1,-1,-0.01,-1,-1,-0.01,-1,-1
99926009,2026-05-18 13:40:47+05:30,53459.75,0,0.0,0,0.0,0.0,53282.15,53585.15,52783.45,53710.35,0,0.0,0.0,0.0,0.0,-0.01,-1,-1,-0.01,-1,-1,-0.01,-1,-1,-0.01,-1,-1,-0.01,-1,-1,-0.01,-1,-1,-0.01,-1,-1,-0.01,-1,-1,-0.01,-1,-1,-0.01,-1,-1
99926009,2026-05-18 13:40:48+05:30,53460.7,0,0.0,0,0.0,0.0,53282.15,53585.15,52783.45,53710.35,0,0.0,0.0,0.0,0.0,-0.01,-1,-1,-0.01,-1,-1,-0.01,-1,-1,-0.01,-1,-1,-0.01,-1,-1,-0.01,-1,-1,-0.01,-1,-1,-0.01,-1,-1,-0.01,-1,-1,-0.01,-1,-1
99926009,2026-05-18 13:40:48+05:30,53460.9,0,0.0,0,0.0,0.0,53282.15,53585.15,52783.45,53710.35,0,0.0,0.0,0.0,0.0,-0.01,-1,-1,-0.01,-1,-1,-0.01,-1,-1,-0.01,-1,-1,-0.01,-1,-1,-0.01,-1,-1,-0.01,-1,-1,-0.01,-1,-1,-0.01,-1,-1,-0.01,-1,-1
99926009,2026-05-18 13:40:49+05:30,53463.45,0,0.0,0,0.0,0.0,53282.15,53585.15,52783.45,53710.35,0,0.0,0.0,0.0,0.0,-0.01,-1,-1,-0.01,-1,-1,-0.01,-1,-1,-0.01,-1,-1,-0.01,-1,-1,-0.01,-1,-1,-0.01,-1,-1,-0.01,-1,-1,-0.01,-1,-1,-0.01,-1,-1
99926009,2026-05-18 13:40:49+05:30,53461.8,0,0.0,0,0.0,0.0,53282.15,53585.15,52783.45,53710.35,0,0.0,0.0,0.0,0.0,-0.01,-1,-1,-0.01,-1,-1,-0.01,-1,-1,-0.01,-1,-1,-0.01,-1,-1,-0.01,-1,-1,-0.01,-1,-1,-0.01,-1,-1,-0.01,-1,-1,-0.01,-1,-1
99926009,2026-05-18 13:40:50+05:30,53465.4,0,0.0,0,0.0,0.0,53282.15,53585.15,52783.45,53710.35,0,0.0,0.0,0.0,0.0,-0.01,-1,-1,-0.01,-1,-1,-0.01,-1,-1,-0.01,-1,-1,-0.01,-1,-1,-0.01,-1,-1,-0.01,-1,-1,-0.01,-1,-1,-0.01,-1,-1,-0.01,-1,-1
99926009,2026-05-18 13:40:50+05:30,53461.55,0,0.0,0,0.0,0.0,53282.15,53585.15,52783.45,53710.35,0,0.0,0.0,0.0,0.0,-0.01,-1,-1,-0.01,-1,-1,-0.01,-1,-1,-0.01,-1,-1,-0.01,-1,-1,-0.01,-1,-1,-0.01,-1,-1,-0.01,-1,-1,-0.01,-1,-1,-0.01,-1,-1
99926009,2026-05-18 13:40:51+05:30,53463.25,0,0.0,0,0.0,0.0,53282.15,53585.15,52783.45,53710.35,0,0.0,0.0,0.0,0.0,-0.01,-1,-1,-0.01,-1,-1,-0.01,-1,-1,-0.01,-1,-1,-0.01,-1,-1,-0.01,-1,-1,-0.01,-1,-1,-0.01,-1,-1,-0.01,-1,-1,-0.01,-1,-1
99926009,2026-05-18 13:40:51+05:30,53462.6,0,0.0,0,0.0,0.0,53282.15,53585.15,52783.45,53710.35,0,0.0,0.0,0.0,0.0,-0.01,-1,-1,-0.01,-1,-1,-0.01,-1,-1,-0.01,-1,-1,-0.01,-1,-1,-0.01,-1,-1,-0.01,-1,-1,-0.01,-1,-1,-0.01,-1,-1,-0.01,-1,-1
99926009,2026-05-18 13:40:52+05:30,53466.5,0,0.0,0,0.0,0.0,53282.15,53585.15,52783.45,53710.35,0,0.0,0.0,0.0,0.0,-0.01,-1,-1,-0.01,-1,-1,-0.01,-1,-1,-0.01,-1,-1,-0.01,-1,-1,-0.01,-1,-1,-0.01,-1,-1,-0.01,-1,-1,-0.01,-1,-1,-0.01,-1,-1
99926009,2026-05-18 13:40:52+05:30,53466.05,0,0.0,0,0.0,0.0,53282.15,53585.15,52783.45,53710.35,0,0.0,0.0,0.0,0.0,-0.01,-1,-1,-0.01,-1,-1,-0.01,-1,-1,-0.01,-1,-1,-0.01,-1,-1,-0.01,-1,-1,-0.01,-1,-1,-0.01,-1,-1,-0.01,-1,-1,-0.01,-1,-1
99926009,2026-05-18 13:40:53+05:30,53465.3,0,0.0,0,0.0,0.0,53282.15,53585.15,52783.45,53710.35,0,0.0,0.0,0.0,0.0,-0.01,-1,-1,-0.01,-1,-1,-0.01,-1,-1,-0.01,-1,-1,-0.01,-1,-1,-0.01,-1,-1,-0.01,-1,-1,-0.01,-1,-1,-0.01,-1,-1,-0.01,-1,-1
99926009,2026-05-18 13:40:53+05:30,53464.95,0,0.0,0,0.0,0.0,53282.15,53585.15,52783.45,53710.35,0,0.0,0.0,0.0,0.0,-0.01,-1,-1,-0.01,-1,-1,-0.01,-1,-1,-0.01,-1,-1,-0.01,-1,-1,-0.01,-1,-1,-0.01,-1,-1,-0.01,-1,-1,-0.01,-1,-1,-0.01,-1,-1
99926009,2026-05-18 13:40:54+05:30,53462.8,0,0.0,0,0.0,0.0,53282.15,53585.15,52783.45,53710.35,0,0.0,0.0,0.0,0.0,-0.01,-1,-1,-0.01,-1,-1,-0.01,-1,-1,-0.01,-1,-1,-0.01,-1,-1,-0.01,-1,-1,-0.01,-1,-1,-0.01,-1,-1,-0.01,-1,-1,-0.01,-1,-1
99926009,2026-05-18 13:40:54+05:30,53457.95,0,0.0,0,0.0,0.0,53282.15,53585.15,52783.45,53710.35,0,0.0,0.0,0.0,0.0,-0.01,-1,-1,-0.01,-1,-1,-0.01,-1,-1,-0.01,-1,-1,-0.01,-1,-1,-0.01,-1,-1,-0.01,-1,-1,-0.01,-1,-1,-0.01,-1,-1,-0.01,-1,-1
99926009,2026-05-18 13:40:55+05:30,53459.55,0,0.0,0,0.0,0.0,53282.15,53585.15,52783.45,53710.35,0,0.0,0.0,0.0,0.0,-0.01,-1,-1,-0.01,-1,-1,-0.01,-1,-1,-0.01,-1,-1,-0.01,-1,-1,-0.01,-1,-1,-0.01,-1,-1,-0.01,-1,-1,-0.01,-1,-1,-0.01,-1,-1
99926009,2026-05-18 13:40:55+05:30,53458.7,0,0.0,0,0.0,0.0,53282.15,53585.15,52783.45,53710.35,0,0.0,0.0,0.0,0.0,-0.01,-1,-1,-0.01,-1,-1,-0.01,-1,-1,-0.01,-1,-1,-0.01,-1,-1,-0.01,-1,-1,-0.01,-1,-1,-0.01,-1,-1,-0.01,-1,-1,-0.01,-1,-1
99926009,2026-05-18 13:40:56+05:30,53459.8,0,0.0,0,0.0,0.0,53282.15,53585.15,52783.45,53710.35,0,0.0,0.0,0.0,0.0,-0.01,-1,-1,-0.01,-1,-1,-0.01,-1,-1,-0.01,-1,-1,-0.01,-1,-1,-0.01,-1,-1,-0.01,-1,-1,-0.01,-1,-1,-0.01,-1,-1,-0.01,-1,-1
99926009,2026-05-18 13:40:56+05:30,53456.95,0,0.0,0,0.0,0.0,53282.15,53585.15,52783.45,53710.35,0,0.0,0.0,0.0,0.0,-0.01,-1,-1,-0.01,-1,-1,-0.01,-1,-1,-0.01,-1,-1,-0.01,-1,-1,-0.01,-1,-1,-0.01,-1,-1,-0.01,-1,-1,-0.01,-1,-1,-0.01,-1,-1
99926009,2026-05-18 13:40:57+05:30,53461.65,0,0.0,0,0.0,0.0,53282.15,53585.15,52783.45,53710.35,0,0.0,0.0,0.0,0.0,-0.01,-1,-1,-0.01,-1,-1,-0.01,-1,-1,-0.01,-1,-1,-0.01,-1,-1,-0.01,-1,-1,-0.01,-1,-1,-0.01,-1,-1,-0.01,-1,-1,-0.01,-1,-1
99926009,2026-05-18 13:40:57+05:30,53462.5,0,0.0,0,0.0,0.0,53282.15,53585.15,52783.45,53710.35,0,0.0,0.0,0.0,0.0,-0.01,-1,-1,-0.01,-1,-1,-0.01,-1,-1,-0.01,-1,-1,-0.01,-1,-1,-0.01,-1,-1,-0.01,-1,-1,-0.01,-1,-1,-0.01,-1,-1,-0.01,-1,-1
99926009,2026-05-18 13:40:58+05:30,53464.9,0,0.0,0,0.0,0.0,53282.15,53585.15,52783.45,53710.35,0,0.0,0.0,0.0,0.0,-0.01,-1,-1,-0.01,-1,-1,-0.01,-1,-1,-0.01,-1,-1,-0.01,-1,-1,-0.01,-1,-1,-0.01,-1,-1,-0.01,-1,-1,-0.01,-1,-1,-0.01,-1,-1
99926009,2026-05-18 13:40:58+05:30,53465.95,0,0.0,0,0.0,0.0,53282.15,53585.15,52783.45,53710.35,0,0.0,0.0,0.0,0.0,-0.01,-1,-1,-0.01,-1,-1,-0.01,-1,-1,-0.01,-1,-1,-0.01,-1,-1,-0.01,-1,-1,-0.01,-1,-1,-0.01,-1,-1,-0.01,-1,-1,-0.01,-1,-1
99926009,2026-05-18 13:40:59+05:30,53467.05,0,0.0,0,0.0,0.0,53282.15,53585.15,52783.45,53710.35,0,0.0,0.0,0.0,0.0,-0.01,-1,-1,-0.01,-1,-1,-0.01,-1,-1,-0.01,-1,-1,-0.01,-1,-1,-0.01,-1,-1,-0.01,-1,-1,-0.01,-1,-1,-0.01,-1,-1,-0.01,-1,-1
99926009,2026-05-18 13:40:59+05:30,53464.7,0,0.0,0,0.0,0.0,53282.15,53585.15,52783.45,53710.35,0,0.0,0.0,0.0,0.0,-0.01,-1,-1,-0.01,-1,-1,-0.01,-1,-1,-0.01,-1,-1,-0.01,-1,-1,-0.01,-1,-1,-0.01,-1,-1,-0.01,-1,-1,-0.01,-1,-1,-0.01,-1,-1
99926009,2026-05-18 13:41:00+05:30,53466.3,0,0.0,0,0.0,0.0,53282.15,53585.15,52783.45,53710.35,0,0.0,0.0,0.0,0.0,-0.01,-1,-1,-0.01,-1,-1,-0.01,-1,-1,-0.01,-1,-1,-0.01,-1,-1,-0.01,-1,-1,-0.01,-1,-1,-0.01,-1,-1,-0.01,-1,-1,-0.01,-1,-1
99926009,2026-05-18 13:41:00+05:30,53464.75,0,0.0,0,0.0,0.0,53282.15,53585.15,52783.45,53710.35,0,0.0,0.0,0.0,0.0,-0.01,-1,-1,-0.01,-1,-1,-0.01,-1,-1,-0.01,-1,-1,-0.01,-1,-1,-0.01,-1,-1,-0.01,-1,-1,-0.01,-1,-1,-0.01,-1,-1,-0.01,-1,-1
99926009,2026-05-18 13:41:01+05:30,53466.1,0,0.0,0,0.0,0.0,53282.15,53585.15,52783.45,53710.35,0,0.0,0.0,0.0,0.0,-0.01,-1,-1,-0.01,-1,-1,-0.01,-1,-1,-0.01,-1,-1,-0.01,-1,-1,-0.01,-1,-1,-0.01,-1,-1,-0.01,-1,-1,-0.01,-1,-1,-0.01,-1,-1
99926009,2026-05-18 13:41:01+05:30,53466.75,0,0.0,0,0.0,0.0,53282.15,53585.15,52783.45,53710.35,0,0.0,0.0,0.0,0.0,-0.01,-1,-1,-0.01,-1,-1,-0.01,-1,-1,-0.01,-1,-1,-0.01,-1,-1,-0.01,-1,-1,-0.01,-1,-1,-0.01,-1,-1,-0.01,-1,-1,-0.01,-1,-1
99926009,2026-05-18 13:41:02+05:30,53466.1,0,0.0,0,0.0,0.0,53282.15,53585.15,52783.45,53710.35,0,0.0,0.0,0.0,0.0,-0.01,-1,-1,-0.01,-1,-1,-0.01,-1,-1,-0.01,-1,-1,-0.01,-1,-1,-0.01,-1,-1,-0.01,-1,-1,-0.01,-1,-1,-0.01,-1,-1,-0.01,-1,-1
99926009,2026-05-18 13:41:02+05:30,53467.45,0,0.0,0,0.0,0.0,53282.15,53585.15,52783.45,53710.35,0,0.0,0.0,0.0,0.0,-0.01,-1,-1,-0.01,-1,-1,-0.01,-1,-1,-0.01,-1,-1,-0.01,-1,-1,-0.01,-1,-1,-0.01,-1,-1,-0.01,-1,-1,-0.01,-1,-1,-0.01,-1,-1
99926009,2026-05-18 13:41:03+05:30,53465.15,0,0.0,0,0.0,0.0,53282.15,53585.15,52783.45,53710.35,0,0.0,0.0,0.0,0.0,-0.01,-1,-1,-0.01,-1,-1,-0.01,-1,-1,-0.01,-1,-1,-0.01,-1,-1,-0.01,-1,-1,-0.01,-1,-1,-0.01,-1,-1,-0.01,-1,-1,-0.01,-1,-1
99926009,2026-05-18 13:41:03+05:30,53466.6,0,0.0,0,0.0,0.0,53282.15,53585.15,52783.45,53710.35,0,0.0,0.0,0.0,0.0,-0.01,-1,-1,-0.01,-1,-1,-0.01,-1,-1,-0.01,-1,-1,-0.01,-1,-1,-0.01,-1,-1,-0.01,-1,-1,-0.01,-1,-1,-0.01,-1,-1,-0.01,-1,-1
99926009,2026-05-18 13:41:04+05:30,53466.25,0,0.0,0,0.0,0.0,53282.15,53585.15,52783.45,53710.35,0,0.0,0.0,0.0,0.0,-0.01,-1,-1,-0.01,-1,-1,-0.01,-1,-1,-0.01,-1,-1,-0.01,-1,-1,-0.01,-1,-1,-0.01,-1,-1,-0.01,-1,-1,-0.01,-1,-1,-0.01,-1,-1
99926009,2026-05-18 13:41:04+05:30,53467.4,0,0.0,0,0.0,0.0,53282.15,53585.15,52783.45,53710.35,0,0.0,0.0,0.0,0.0,-0.01,-1,-1,-0.01,-1,-1,-0.01,-1,-1,-0.01,-1,-1,-0.01,-1,-1,-0.01,-1,-1,-0.01,-1,-1,-0.01,-1,-1,-0.01,-1,-1,-0.01,-1,-1
99926009,2026-05-18 13:41:05+05:30,53467.05,0,0.0,0,0.0,0.0,53282.15,53585.15,52783.45,53710.35,0,0.0,0.0,0.0,0.0,-0.01,-1,-1,-0.01,-1,-1,-0.01,-1,-1,-0.01,-1,-1,-0.01,-1,-1,-0.01,-1,-1,-0.01,-1,-1,-0.01,-1,-1,-0.01,-1,-1,-0.01,-1,-1
99926009,2026-05-18 13:41:05+05:30,53464.4,0,0.0,0,0.0,0.0,53282.15,53585.15,52783.45,53710.35,0,0.0,0.0,0.0,0.0,-0.01,-1,-1,-0.01,-1,-1,-0.01,-1,-1,-0.01,-1,-1,-0.01,-1,-1,-0.01,-1,-1,-0.01,-1,-1,-0.01,-1,-1,-0.01,-1,-1,-0.01,-1,-1
99926009,2026-05-18 13:41:06+05:30,53466.1,0,0.0,0,0.0,0.0,53282.15,53585.15,52783.45,53710.35,0,0.0,0.0,0.0,0.0,-0.01,-1,-1,-0.01,-1,-1,-0.01,-1,-1,-0.01,-1,-1,-0.01,-1,-1,-0.01,-1,-1,-0.01,-1,-1,-0.01,-1,-1,-0.01,-1,-1,-0.01,-1,-1
99926009,2026-05-18 13:41:06+05:30,53463.2,0,0.0,0,0.0,0.0,53282.15,53585.15,52783.45,53710.35,0,0.0,0.0,0.0,0.0,-0.01,-1,-1,-0.01,-1,-1,-0.01,-1,-1,-0.01,-1,-1,-0.01,-1,-1,-0.01,-1,-1,-0.01,-1,-1,-0.01,-1,-1,-0.01,-1,-1,-0.01,-1,-1
99926009,2026-05-18 13:41:07+05:30,53464.0,0,0.0,0,0.0,0.0,53282.15,53585.15,52783.45,53710.35,0,0.0,0.0,0.0,0.0,-0.01,-1,-1,-0.01,-1,-1,-0.01,-1,-1,-0.01,-1,-1,-0.01,-1,-1,-0.01,-1,-1,-0.01,-1,-1,-0.01,-1,-1,-0.01,-1,-1,-0.01,-1,-1
99926009,2026-05-18 13:41:07+05:30,53459.45,0,0.0,0,0.0,0.0,53282.15,53585.15,52783.45,53710.35,0,0.0,0.0,0.0,0.0,-0.01,-1,-1,-0.01,-1,-1,-0.01,-1,-1,-0.01,-1,-1,-0.01,-1,-1,-0.01,-1,-1,-0.01,-1,-1,-0.01,-1,-1,-0.01,-1,-1,-0.01,-1,-1
99926009,2026-05-18 13:41:08+05:30,53460.65,0,0.0,0,0.0,0.0,53282.15,53585.15,52783.45,53710.35,0,0.0,0.0,0.0,0.0,-0.01,-1,-1,-0.01,-1,-1,-0.01,-1,-1,-0.01,-1,-1,-0.01,-1,-1,-0.01,-1,-1,-0.01,-1,-1,-0.01,-1,-1,-0.01,-1,-1,-0.01,-1,-1
99926009,2026-05-18 13:41:08+05:30,53463.85,0,0.0,0,0.0,0.0,53282.15,53585.15,52783.45,53710.35,0,0.0,0.0,0.0,0.0,-0.01,-1,-1,-0.01,-1,-1,-0.01,-1,-1,-0.01,-1,-1,-0.01,-1,-1,-0.01,-1,-1,-0.01,-1,-1,-0.01,-1,-1,-0.01,-1,-1,-0.01,-1,-1
99926009,2026-05-18 13:41:09+05:30,53464.8,0,0.0,0,0.0,0.0,53282.15,53585.15,52783.45,53710.35,0,0.0,0.0,0.0,0.0,-0.01,-1,-1,-0.01,-1,-1,-0.01,-1,-1,-0.01,-1,-1,-0.01,-1,-1,-0.01,-1,-1,-0.01,-1,-1,-0.01,-1,-1,-0.01,-1,-1,-0.01,-1,-1
99926009,2026-05-18 13:41:09+05:30,53464.45,0,0.0,0,0.0,0.0,53282.15,53585.15,52783.45,53710.35,0,0.0,0.0,0.0,0.0,-0.01,-1,-1,-0.01,-1,-1,-0.01,-1,-1,-0.01,-1,-1,-0.01,-1,-1,-0.01,-1,-1,-0.01,-1,-1,-0.01,-1,-1,-0.01,-1,-1,-0.01,-1,-1
99926009,2026-05-18 13:41:10+05:30,53467.1,0,0.0,0,0.0,0.0,53282.15,53585.15,52783.45,53710.35,0,0.0,0.0,0.0,0.0,-0.01,-1,-1,-0.01,-1,-1,-0.01,-1,-1,-0.01,-1,-1,-0.01,-1,-1,-0.01,-1,-1,-0.01,-1,-1,-0.01,-1,-1,-0.01,-1,-1,-0.01,-1,-1
99926009,2026-05-18 13:41:10+05:30,53462.75,0,0.0,0,0.0,0.0,53282.15,53585.15,52783.45,53710.35,0,0.0,0.0,0.0,0.0,-0.01,-1,-1,-0.01,-1,-1,-0.01,-1,-1,-0.01,-1,-1,-0.01,-1,-1,-0.01,-1,-1,-0.01,-1,-1,-0.01,-1,-1,-0.01,-1,-1,-0.01,-1,-1
99926009,2026-05-18 13:41:11+05:30,53464.35,0,0.0,0,0.0,0.0,53282.15,53585.15,52783.45,53710.35,0,0.0,0.0,0.0,0.0,-0.01,-1,-1,-0.01,-1,-1,-0.01,-1,-1,-0.01,-1,-1,-0.01,-1,-1,-0.01,-1,-1,-0.01,-1,-1,-0.01,-1,-1,-0.01,-1,-1,-0.01,-1,-1
99926009,2026-05-18 13:41:11+05:30,53464.4,0,0.0,0,0.0,0.0,53282.15,53585.15,52783.45,53710.35,0,0.0,0.0,0.0,0.0,-0.01,-1,-1,-0.01,-1,-1,-0.01,-1,-1,-0.01,-1,-1,-0.01,-1,-1,-0.01,-1,-1,-0.01,-1,-1,-0.01,-1,-1,-0.01,-1,-1,-0.01,-1,-1
99926009,2026-05-18 13:41:12+05:30,53462.75,0,0.0,0,0.0,0.0,53282.15,53585.15,52783.45,53710.35,0,0.0,0.0,0.0,0.0,-0.01,-1,-1,-0.01,-1,-1,-0.01,-1,-1,-0.01,-1,-1,-0.01,-1,-1,-0.01,-1,-1,-0.01,-1,-1,-0.01,-1,-1,-0.01,-1,-1,-0.01,-1,-1
99926009,2026-05-18 13:41:12+05:30,53465.25,0,0.0,0,0.0,0.0,53282.15,53585.15,52783.45,53710.35,0,0.0,0.0,0.0,0.0,-0.01,-1,-1,-0.01,-1,-1,-0.01,-1,-1,-0.01,-1,-1,-0.01,-1,-1,-0.01,-1,-1,-0.01,-1,-1,-0.01,-1,-1,-0.01,-1,-1,-0.01,-1,-1
99926009,2026-05-18 13:41:13+05:30,53465.6,0,0.0,0,0.0,0.0,53282.15,53585.15,52783.45,53710.35,0,0.0,0.0,0.0,0.0,-0.01,-1,-1,-0.01,-1,-1,-0.01,-1,-1,-0.01,-1,-1,-0.01,-1,-1,-0.01,-1,-1,-0.01,-1,-1,-0.01,-1,-1,-0.01,-1,-1,-0.01,-1,-1
99926009,2026-05-18 13:41:13+05:30,53465.7,0,0.0,0,0.0,0.0,53282.15,53585.15,52783.45,53710.35,0,0.0,0.0,0.0,0.0,-0.01,-1,-1,-0.01,-1,-1,-0.01,-1,-1,-0.01,-1,-1,-0.01,-1,-1,-0.01,-1,-1,-0.01,-1,-1,-0.01,-1,-1,-0.01,-1,-1,-0.01,-1,-1
99926009,2026-05-18 13:41:14+05:30,53467.25,0,0.0,0,0.0,0.0,53282.15,53585.15,52783.45,53710.35,0,0.0,0.0,0.0,0.0,-0.01,-1,-1,-0.01,-1,-1,-0.01,-1,-1,-0.01,-1,-1,-0.01,-1,-1,-0.01,-1,-1,-0.01,-1,-1,-0.01,-1,-1,-0.01,-1,-1,-0.01,-1,-1
99926009,2026-05-18 13:41:14+05:30,53463.3,0,0.0,0,0.0,0.0,53282.15,53585.15,52783.45,53710.35,0,0.0,0.0,0.0,0.0,-0.01,-1,-1,-0.01,-1,-1,-0.01,-1,-1,-0.01,-1,-1,-0.01,-1,-1,-0.01,-1,-1,-0.01,-1,-1,-0.01,-1,-1,-0.01,-1,-1,-0.01,-1,-1
99926009,2026-05-18 13:41:15+05:30,53469.8,0,0.0,0,0.0,0.0,53282.15,53585.15,52783.45,53710.35,0,0.0,0.0,0.0,0.0,-0.01,-1,-1,-0.01,-1,-1,-0.01,-1,-1,-0.01,-1,-1,-0.01,-1,-1,-0.01,-1,-1,-0.01,-1,-1,-0.01,-1,-1,-0.01,-1,-1,-0.01,-1,-1
99926009,2026-05-18 13:41:15+05:30,53468.65,0,0.0,0,0.0,0.0,53282.15,53585.15,52783.45,53710.35,0,0.0,0.0,0.0,0.0,-0.01,-1,-1,-0.01,-1,-1,-0.01,-1,-1,-0.01,-1,-1,-0.01,-1,-1,-0.01,-1,-1,-0.01,-1,-1,-0.01,-1,-1,-0.01,-1,-1,-0.01,-1,-1
99926009,2026-05-18 13:41:16+05:30,53468.6,0,0.0,0,0.0,0.0,53282.15,53585.15,52783.45,53710.35,0,0.0,0.0,0.0,0.0,-0.01,-1,-1,-0.01,-1,-1,-0.01,-1,-1,-0.01,-1,-1,-0.01,-1,-1,-0.01,-1,-1,-0.01,-1,-1,-0.01,-1,-1,-0.01,-1,-1,-0.01,-1,-1
99926009,2026-05-18 13:41:16+05:30,53468.4,0,0.0,0,0.0,0.0,53282.15,53585.15,52783.45,53710.35,0,0.0,0.0,0.0,0.0,-0.01,-1,-1,-0.01,-1,-1,-0.01,-1,-1,-0.01,-1,-1,-0.01,-1,-1,-0.01,-1,-1,-0.01,-1,-1,-0.01,-1,-1,-0.01,-1,-1,-0.01,-1,-1
99926009,2026-05-18 13:41:17+05:30,53465.3,0,0.0,0,0.0,0.0,53282.15,53585.15,52783.45,53710.35,0,0.0,0.0,0.0,0.0,-0.01,-1,-1,-0.01,-1,-1,-0.01,-1,-1,-0.01,-1,-1,-0.01,-1,-1,-0.01,-1,-1,-0.01,-1,-1,-0.01,-1,-1,-0.01,-1,-1,-0.01,-1,-1
99926009,2026-05-18 13:41:17+05:30,53466.15,0,0.0,0,0.0,0.0,53282.15,53585.15,52783.45,53710.35,0,0.0,0.0,0.0,0.0,-0.01,-1,-1,-0.01,-1,-1,-0.01,-1,-1,-0.01,-1,-1,-0.01,-1,-1,-0.01,-1,-1,-0.01,-1,-1,-0.01,-1,-1,-0.01,-1,-1,-0.01,-1,-1
99926009,2026-05-18 13:41:18+05:30,53465.25,0,0.0,0,0.0,0.0,53282.15,53585.15,52783.45,53710.35,0,0.0,0.0,0.0,0.0,-0.01,-1,-1,-0.01,-1,-1,-0.01,-1,-1,-0.01,-1,-1,-0.01,-1,-1,-0.01,-1,-1,-0.01,-1,-1,-0.01,-1,-1,-0.01,-1,-1,-0.01,-1,-1
99926009,2026-05-18 13:41:18+05:30,53463.4,0,0.0,0,0.0,0.0,53282.15,53585.15,52783.45,53710.35,0,0.0,0.0,0.0,0.0,-0.01,-1,-1,-0.01,-1,-1,-0.01,-1,-1,-0.01,-1,-1,-0.01,-1,-1,-0.01,-1,-1,-0.01,-1,-1,-0.01,-1,-1,-0.01,-1,-1,-0.01,-1,-1
99926009,2026-05-18 13:41:19+05:30,53459.1,0,0.0,0,0.0,0.0,53282.15,53585.15,52783.45,53710.35,0,0.0,0.0,0.0,0.0,-0.01,-1,-1,-0.01,-1,-1,-0.01,-1,-1,-0.01,-1,-1,-0.01,-1,-1,-0.01,-1,-1,-0.01,-1,-1,-0.01,-1,-1,-0.01,-1,-1,-0.01,-1,-1
99926009,2026-05-18 13:41:19+05:30,53460.45,0,0.0,0,0.0,0.0,53282.15,53585.15,52783.45,53710.35,0,0.0,0.0,0.0,0.0,-0.01,-1,-1,-0.01,-1,-1,-0.01,-1,-1,-0.01,-1,-1,-0.01,-1,-1,-0.01,-1,-1,-0.01,-1,-1,-0.01,-1,-1,-0.01,-1,-1,-0.01,-1,-1
99926009,2026-05-18 13:41:20+05:30,53462.75,0,0.0,0,0.0,0.0,53282.15,53585.15,52783.45,53710.35,0,0.0,0.0,0.0,0.0,-0.01,-1,-1,-0.01,-1,-1,-0.01,-1,-1,-0.01,-1,-1,-0.01,-1,-1,-0.01,-1,-1,-0.01,-1,-1,-0.01,-1,-1,-0.01,-1,-1,-0.01,-1,-1
99926009,2026-05-18 13:41:20+05:30,53459.8,0,0.0,0,0.0,0.0,53282.15,53585.15,52783.45,53710.35,0,0.0,0.0,0.0,0.0,-0.01,-1,-1,-0.01,-1,-1,-0.01,-1,-1,-0.01,-1,-1,-0.01,-1,-1,-0.01,-1,-1,-0.01,-1,-1,-0.01,-1,-1,-0.01,-1,-1,-0.01,-1,-1
99926009,2026-05-18 13:41:21+05:30,53463.45,0,0.0,0,0.0,0.0,53282.15,53585.15,52783.45,53710.35,0,0.0,0.0,0.0,0.0,-0.01,-1,-1,-0.01,-1,-1,-0.01,-1,-1,-0.01,-1,-1,-0.01,-1,-1,-0.01,-1,-1,-0.01,-1,-1,-0.01,-1,-1,-0.01,-1,-1,-0.01,-1,-1
99926009,2026-05-18 13:41:21+05:30,53461.25,0,0.0,0,0.0,0.0,53282.15,53585.15,52783.45,53710.35,0,0.0,0.0,0.0,0.0,-0.01,-1,-1,-0.01,-1,-1,-0.01,-1,-1,-0.01,-1,-1,-0.01,-1,-1,-0.01,-1,-1,-0.01,-1,-1,-0.01,-1,-1,-0.01,-1,-1,-0.01,-1,-1
99926009,2026-05-18 13:41:22+05:30,53464.4,0,0.0,0,0.0,0.0,53282.15,53585.15,52783.45,53710.35,0,0.0,0.0,0.0,0.0,-0.01,-1,-1,-0.01,-1,-1,-0.01,-1,-1,-0.01,-1,-1,-0.01,-1,-1,-0.01,-1,-1,-0.01,-1,-1,-0.01,-1,-1,-0.01,-1,-1,-0.01,-1,-1
99926009,2026-05-18 13:41:22+05:30,53460.25,0,0.0,0,0.0,0.0,53282.15,53585.15,52783.45,53710.35,0,0.0,0.0,0.0,0.0,-0.01,-1,-1,-0.01,-1,-1,-0.01,-1,-1,-0.01,-1,-1,-0.01,-1,-1,-0.01,-1,-1,-0.01,-1,-1,-0.01,-1,-1,-0.01,-1,-1,-0.01,-1,-1
99926009,2026-05-18 13:41:23+05:30,53462.25,0,0.0,0,0.0,0.0,53282.15,53585.15,52783.45,53710.35,0,0.0,0.0,0.0,0.0,-0.01,-1,-1,-0.01,-1,-1,-0.01,-1,-1,-0.01,-1,-1,-0.01,-1,-1,-0.01,-1,-1,-0.01,-1,-1,-0.01,-1,-1,-0.01,-1,-1,-0.01,-1,-1
99926009,2026-05-18 13:41:23+05:30,53459.75,0,0.0,0,0.0,0.0,53282.15,53585.15,52783.45,53710.35,0,0.0,0.0,0.0,0.0,-0.01,-1,-1,-0.01,-1,-1,-0.01,-1,-1,-0.01,-1,-1,-0.01,-1,-1,-0.01,-1,-1,-0.01,-1,-1,-0.01,-1,-1,-0.01,-1,-1,-0.01,-1,-1
99926009,2026-05-18 13:41:24+05:30,53458.3,0,0.0,0,0.0,0.0,53282.15,53585.15,52783.45,53710.35,0,0.0,0.0,0.0,0.0,-0.01,-1,-1,-0.01,-1,-1,-0.01,-1,-1,-0.01,-1,-1,-0.01,-1,-1,-0.01,-1,-1,-0.01,-1,-1,-0.01,-1,-1,-0.01,-1,-1,-0.01,-1,-1
99926009,2026-05-18 13:41:24+05:30,53459.1,0,0.0,0,0.0,0.0,53282.15,53585.15,52783.45,53710.35,0,0.0,0.0,0.0,0.0,-0.01,-1,-1,-0.01,-1,-1,-0.01,-1,-1,-0.01,-1,-1,-0.01,-1,-1,-0.01,-1,-1,-0.01,-1,-1,-0.01,-1,-1,-0.01,-1,-1,-0.01,-1,-1
99926009,2026-05-18 13:41:25+05:30,53464.95,0,0.0,0,0.0,0.0,53282.15,53585.15,52783.45,53710.35,0,0.0,0.0,0.0,0.0,-0.01,-1,-1,-0.01,-1,-1,-0.01,-1,-1,-0.01,-1,-1,-0.01,-1,-1,-0.01,-1,-1,-0.01,-1,-1,-0.01,-1,-1,-0.01,-1,-1,-0.01,-1,-1
99926009,2026-05-18 13:41:25+05:30,53462.7,0,0.0,0,0.0,0.0,53282.15,53585.15,52783.45,53710.35,0,0.0,0.0,0.0,0.0,-0.01,-1,-1,-0.01,-1,-1,-0.01,-1,-1,-0.01,-1,-1,-0.01,-1,-1,-0.01,-1,-1,-0.01,-1,-1,-0.01,-1,-1,-0.01,-1,-1,-0.01,-1,-1
99926009,2026-05-18 13:41:26+05:30,53464.45,0,0.0,0,0.0,0.0,53282.15,53585.15,52783.45,53710.35,0,0.0,0.0,0.0,0.0,-0.01,-1,-1,-0.01,-1,-1,-0.01,-1,-1,-0.01,-1,-1,-0.01,-1,-1,-0.01,-1,-1,-0.01,-1,-1,-0.01,-1,-1,-0.01,-1,-1,-0.01,-1,-1
99926009,2026-05-18 13:41:26+05:30,53461.65,0,0.0,0,0.0,0.0,53282.15,53585.15,52783.45,53710.35,0,0.0,0.0,0.0,0.0,-0.01,-1,-1,-0.01,-1,-1,-0.01,-1,-1,-0.01,-1,-1,-0.01,-1,-1,-0.01,-1,-1,-0.01,-1,-1,-0.01,-1,-1,-0.01,-1,-1,-0.01,-1,-1
99926009,2026-05-18 13:41:27+05:30,53462.5,0,0.0,0,0.0,0.0,53282.15,53585.15,52783.45,53710.35,0,0.0,0.0,0.0,0.0,-0.01,-1,-1,-0.01,-1,-1,-0.01,-1,-1,-0.01,-1,-1,-0.01,-1,-1,-0.01,-1,-1,-0.01,-1,-1,-0.01,-1,-1,-0.01,-1,-1,-0.01,-1,-1
99926009,2026-05-18 13:41:27+05:30,53460.0,0,0.0,0,0.0,0.0,53282.15,53585.15,52783.45,53710.35,0,0.0,0.0,0.0,0.0,-0.01,-1,-1,-0.01,-1,-1,-0.01,-1,-1,-0.01,-1,-1,-0.01,-1,-1,-0.01,-1,-1,-0.01,-1,-1,-0.01,-1,-1,-0.01,-1,-1,-0.01,-1,-1
99926009,2026-05-18 13:41:28+05:30,53461.2,0,0.0,0,0.0,0.0,53282.15,53585.15,52783.45,53710.35,0,0.0,0.0,0.0,0.0,-0.01,-1,-1,-0.01,-1,-1,-0.01,-1,-1,-0.01,-1,-1,-0.01,-1,-1,-0.01,-1,-1,-0.01,-1,-1,-0.01,-1,-1,-0.01,-1,-1,-0.01,-1,-1
99926009,2026-05-18 13:41:28+05:30,53459.55,0,0.0,0,0.0,0.0,53282.15,53585.15,52783.45,53710.35,0,0.0,0.0,0.0,0.0,-0.01,-1,-1,-0.01,-1,-1,-0.01,-1,-1,-0.01,-1,-1,-0.01,-1,-1,-0.01,-1,-1,-0.01,-1,-1,-0.01,-1,-1,-0.01,-1,-1,-0.01,-1,-1
99926009,2026-05-18 13:41:29+05:30,53461.15,0,0.0,0,0.0,0.0,53282.15,53585.15,52783.45,53710.35,0,0.0,0.0,0.0,0.0,-0.01,-1,-1,-0.01,-1,-1,-0.01,-1,-1,-0.01,-1,-1,-0.01,-1,-1,-0.01,-1,-1,-0.01,-1,-1,-0.01,-1,-1,-0.01,-1,-1,-0.01,-1,-1
99926009,2026-05-18 13:41:29+05:30,53461.85,0,0.0,0,0.0,0.0,53282.15,53585.15,52783.45,53710.35,0,0.0,0.0,0.0,0.0,-0.01,-1,-1,-0.01,-1,-1,-0.01,-1,-1,-0.01,-1,-1,-0.01,-1,-1,-0.01,-1,-1,-0.01,-1,-1,-0.01,-1,-1,-0.01,-1,-1,-0.01,-1,-1
99926009,2026-05-18 13:41:30+05:30,53464.05,0,0.0,0,0.0,0.0,53282.15,53585.15,52783.45,53710.35,0,0.0,0.0,0.0,0.0,-0.01,-1,-1,-0.01,-1,-1,-0.01,-1,-1,-0.01,-1,-1,-0.01,-1,-1,-0.01,-1,-1,-0.01,-1,-1,-0.01,-1,-1,-0.01,-1,-1,-0.01,-1,-1
99926009,2026-05-18 13:41:30+05:30,53461.55,0,0.0,0,0.0,0.0,53282.15,53585.15,52783.45,53710.35,0,0.0,0.0,0.0,0.0,-0.01,-1,-1,-0.01,-1,-1,-0.01,-1,-1,-0.01,-1,-1,-0.01,-1,-1,-0.01,-1,-1,-0.01,-1,-1,-0.01,-1,-1,-0.01,-1,-1,-0.01,-1,-1
99926009,2026-05-18 13:41:31+05:30,53465.0,0,0.0,0,0.0,0.0,53282.15,53585.15,52783.45,53710.35,0,0.0,0.0,0.0,0.0,-0.01,-1,-1,-0.01,-1,-1,-0.01,-1,-1,-0.01,-1,-1,-0.01,-1,-1,-0.01,-1,-1,-0.01,-1,-1,-0.01,-1,-1,-0.01,-1,-1,-0.01,-1,-1
99926009,2026-05-18 13:41:31+05:30,53463.05,0,0.0,0,0.0,0.0,53282.15,53585.15,52783.45,53710.35,0,0.0,0.0,0.0,0.0,-0.01,-1,-1,-0.01,-1,-1,-0.01,-1,-1,-0.01,-1,-1,-0.01,-1,-1,-0.01,-1,-1,-0.01,-1,-1,-0.01,-1,-1,-0.01,-1,-1,-0.01,-1,-1
99926009,2026-05-18 13:41:32+05:30,53460.9,0,0.0,0,0.0,0.0,53282.15,53585.15,52783.45,53710.35,0,0.0,0.0,0.0,0.0,-0.01,-1,-1,-0.01,-1,-1,-0.01,-1,-1,-0.01,-1,-1,-0.01,-1,-1,-0.01,-1,-1,-0.01,-1,-1,-0.01,-1,-1,-0.01,-1,-1,-0.01,-1,-1
99926009,2026-05-18 13:41:32+05:30,53462.5,0,0.0,0,0.0,0.0,53282.15,53585.15,52783.45,53710.35,0,0.0,0.0,0.0,0.0,-0.01,-1,-1,-0.01,-1,-1,-0.01,-1,-1,-0.01,-1,-1,-0.01,-1,-1,-0.01,-1,-1,-0.01,-1,-1,-0.01,-1,-1,-0.01,-1,-1,-0.01,-1,-1
99926009,2026-05-18 13:41:33+05:30,53463.35,0,0.0,0,0.0,0.0,53282.15,53585.15,52783.45,53710.35,0,0.0,0.0,0.0,0.0,-0.01,-1,-1,-0.01,-1,-1,-0.01,-1,-1,-0.01,-1,-1,-0.01,-1,-1,-0.01,-1,-1,-0.01,-1,-1,-0.01,-1,-1,-0.01,-1,-1,-0.01,-1,-1
99926009,2026-05-18 13:41:33+05:30,53461.7,0,0.0,0,0.0,0.0,53282.15,53585.15,52783.45,53710.35,0,0.0,0.0,0.0,0.0,-0.01,-1,-1,-0.01,-1,-1,-0.01,-1,-1,-0.01,-1,-1,-0.01,-1,-1,-0.01,-1,-1,-0.01,-1,-1,-0.01,-1,-1,-0.01,-1,-1,-0.01,-1,-1
99926009,2026-05-18 13:41:34+05:30,53459.15,0,0.0,0,0.0,0.0,53282.15,53585.15,52783.45,53710.35,0,0.0,0.0,0.0,0.0,-0.01,-1,-1,-0.01,-1,-1,-0.01,-1,-1,-0.01,-1,-1,-0.01,-1,-1,-0.01,-1,-1,-0.01,-1,-1,-0.01,-1,-1,-0.01,-1,-1,-0.01,-1,-1
99926009,2026-05-18 13:41:34+05:30,53460.9,0,0.0,0,0.0,0.0,53282.15,53585.15,52783.45,53710.35,0,0.0,0.0,0.0,0.0,-0.01,-1,-1,-0.01,-1,-1,-0.01,-1,-1,-0.01,-1,-1,-0.01,-1,-1,-0.01,-1,-1,-0.01,-1,-1,-0.01,-1,-1,-0.01,-1,-1,-0.01,-1,-1
99926009,2026-05-18 13:41:35+05:30,53463.15,0,0.0,0,0.0,0.0,53282.15,53585.15,52783.45,53710.35,0,0.0,0.0,0.0,0.0,-0.01,-1,-1,-0.01,-1,-1,-0.01,-1,-1,-0.01,-1,-1,-0.01,-1,-1,-0.01,-1,-1,-0.01,-1,-1,-0.01,-1,-1,-0.01,-1,-1,-0.01,-1,-1
99926009,2026-05-18 13:41:35+05:30,53461.45,0,0.0,0,0.0,0.0,53282.15,53585.15,52783.45,53710.35,0,0.0,0.0,0.0,0.0,-0.01,-1,-1,-0.01,-1,-1,-0.01,-1,-1,-0.01,-1,-1,-0.01,-1,-1,-0.01,-1,-1,-0.01,-1,-1,-0.01,-1,-1,-0.01,-1,-1,-0.01,-1,-1
99926009,2026-05-18 13:41:36+05:30,53462.15,0,0.0,0,0.0,0.0,53282.15,53585.15,52783.45,53710.35,0,0.0,0.0,0.0,0.0,-0.01,-1,-1,-0.01,-1,-1,-0.01,-1,-1,-0.01,-1,-1,-0.01,-1,-1,-0.01,-1,-1,-0.01,-1,-1,-0.01,-1,-1,-0.01,-1,-1,-0.01,-1,-1
99926009,2026-05-18 13:41:36+05:30,53458.8,0,0.0,0,0.0,0.0,53282.15,53585.15,52783.45,53710.35,0,0.0,0.0,0.0,0.0,-0.01,-1,-1,-0.01,-1,-1,-0.01,-1,-1,-0.01,-1,-1,-0.01,-1,-1,-0.01,-1,-1,-0.01,-1,-1,-0.01,-1,-1,-0.01,-1,-1,-0.01,-1,-1
99926009,2026-05-18 13:41:37+05:30,53459.2,0,0.0,0,0.0,0.0,53282.15,53585.15,52783.45,53710.35,0,0.0,0.0,0.0,0.0,-0.01,-1,-1,-0.01,-1,-1,-0.01,-1,-1,-0.01,-1,-1,-0.01,-1,-1,-0.01,-1,-1,-0.01,-1,-1,-0.01,-1,-1,-0.01,-1,-1,-0.01,-1,-1
99926009,2026-05-18 13:41:37+05:30,53459.75,0,0.0,0,0.0,0.0,53282.15,53585.15,52783.45,53710.35,0,0.0,0.0,0.0,0.0,-0.01,-1,-1,-0.01,-1,-1,-0.01,-1,-1,-0.01,-1,-1,-0.01,-1,-1,-0.01,-1,-1,-0.01,-1,-1,-0.01,-1,-1,-0.01,-1,-1,-0.01,-1,-1
99926009,2026-05-18 13:41:38+05:30,53457.35,0,0.0,0,0.0,0.0,53282.15,53585.15,52783.45,53710.35,0,0.0,0.0,0.0,0.0,-0.01,-1,-1,-0.01,-1,-1,-0.01,-1,-1,-0.01,-1,-1,-0.01,-1,-1,-0.01,-1,-1,-0.01,-1,-1,-0.01,-1,-1,-0.01,-1,-1,-0.01,-1,-1
99926009,2026-05-18 13:41:38+05:30,53459.25,0,0.0,0,0.0,0.0,53282.15,53585.15,52783.45,53710.35,0,0.0,0.0,0.0,0.0,-0.01,-1,-1,-0.01,-1,-1,-0.01,-1,-1,-0.01,-1,-1,-0.01,-1,-1,-0.01,-1,-1,-0.01,-1,-1,-0.01,-1,-1,-0.01,-1,-1,-0.01,-1,-1
99926009,2026-05-18 13:41:39+05:30,53458.7,0,0.0,0,0.0,0.0,53282.15,53585.15,52783.45,53710.35,0,0.0,0.0,0.0,0.0,-0.01,-1,-1,-0.01,-1,-1,-0.01,-1,-1,-0.01,-1,-1,-0.01,-1,-1,-0.01,-1,-1,-0.01,-1,-1,-0.01,-1,-1,-0.01,-1,-1,-0.01,-1,-1
99926009,2026-05-18 13:41:39+05:30,53458.4,0,0.0,0,0.0,0.0,53282.15,53585.15,52783.45,53710.35,0,0.0,0.0,0.0,0.0,-0.01,-1,-1,-0.01,-1,-1,-0.01,-1,-1,-0.01,-1,-1,-0.01,-1,-1,-0.01,-1,-1,-0.01,-1,-1,-0.01,-1,-1,-0.01,-1,-1,-0.01,-1,-1
99926009,2026-05-18 13:41:40+05:30,53462.35,0,0.0,0,0.0,0.0,53282.15,53585.15,52783.45,53710.35,0,0.0,0.0,0.0,0.0,-0.01,-1,-1,-0.01,-1,-1,-0.01,-1,-1,-0.01,-1,-1,-0.01,-1,-1,-0.01,-1,-1,-0.01,-1,-1,-0.01,-1,-1,-0.01,-1,-1,-0.01,-1,-1
99926009,2026-05-18 13:41:40+05:30,53461.4,0,0.0,0,0.0,0.0,53282.15,53585.15,52783.45,53710.35,0,0.0,0.0,0.0,0.0,-0.01,-1,-1,-0.01,-1,-1,-0.01,-1,-1,-0.01,-1,-1,-0.01,-1,-1,-0.01,-1,-1,-0.01,-1,-1,-0.01,-1,-1,-0.01,-1,-1,-0.01,-1,-1
99926009,2026-05-18 13:41:41+05:30,53461.7,0,0.0,0,0.0,0.0,53282.15,53585.15,52783.45,53710.35,0,0.0,0.0,0.0,0.0,-0.01,-1,-1,-0.01,-1,-1,-0.01,-1,-1,-0.01,-1,-1,-0.01,-1,-1,-0.01,-1,-1,-0.01,-1,-1,-0.01,-1,-1,-0.01,-1,-1,-0.01,-1,-1
99926009,2026-05-18 13:41:41+05:30,53462.05,0,0.0,0,0.0,0.0,53282.15,53585.15,52783.45,53710.35,0,0.0,0.0,0.0,0.0,-0.01,-1,-1,-0.01,-1,-1,-0.01,-1,-1,-0.01,-1,-1,-0.01,-1,-1,-0.01,-1,-1,-0.01,-1,-1,-0.01,-1,-1,-0.01,-1,-1,-0.01,-1,-1
99926009,2026-05-18 13:41:42+05:30,53459.8,0,0.0,0,0.0,0.0,53282.15,53585.15,52783.45,53710.35,0,0.0,0.0,0.0,0.0,-0.01,-1,-1,-0.01,-1,-1,-0.01,-1,-1,-0.01,-1,-1,-0.01,-1,-1,-0.01,-1,-1,-0.01,-1,-1,-0.01,-1,-1,-0.01,-1,-1,-0.01,-1,-1
99926009,2026-05-18 13:41:42+05:30,53460.6,0,0.0,0,0.0,0.0,53282.15,53585.15,52783.45,53710.35,0,0.0,0.0,0.0,0.0,-0.01,-1,-1,-0.01,-1,-1,-0.01,-1,-1,-0.01,-1,-1,-0.01,-1,-1,-0.01,-1,-1,-0.01,-1,-1,-0.01,-1,-1,-0.01,-1,-1,-0.01,-1,-1
99926009,2026-05-18 13:41:43+05:30,53460.9,0,0.0,0,0.0,0.0,53282.15,53585.15,52783.45,53710.35,0,0.0,0.0,0.0,0.0,-0.01,-1,-1,-0.01,-1,-1,-0.01,-1,-1,-0.01,-1,-1,-0.01,-1,-1,-0.01,-1,-1,-0.01,-1,-1,-0.01,-1,-1,-0.01,-1,-1,-0.01,-1,-1
99926009,2026-05-18 13:41:43+05:30,53456.65,0,0.0,0,0.0,0.0,53282.15,53585.15,52783.45,53710.35,0,0.0,0.0,0.0,0.0,-0.01,-1,-1,-0.01,-1,-1,-0.01,-1,-1,-0.01,-1,-1,-0.01,-1,-1,-0.01,-1,-1,-0.01,-1,-1,-0.01,-1,-1,-0.01,-1,-1,-0.01,-1,-1
99926009,2026-05-18 13:41:44+05:30,53458.8,0,0.0,0,0.0,0.0,53282.15,53585.15,52783.45,53710.35,0,0.0,0.0,0.0,0.0,-0.01,-1,-1,-0.01,-1,-1,-0.01,-1,-1,-0.01,-1,-1,-0.01,-1,-1,-0.01,-1,-1,-0.01,-1,-1,-0.01,-1,-1,-0.01,-1,-1,-0.01,-1,-1
99926009,2026-05-18 13:41:44+05:30,53458.95,0,0.0,0,0.0,0.0,53282.15,53585.15,52783.45,53710.35,0,0.0,0.0,0.0,0.0,-0.01,-1,-1,-0.01,-1,-1,-0.01,-1,-1,-0.01,-1,-1,-0.01,-1,-1,-0.01,-1,-1,-0.01,-1,-1,-0.01,-1,-1,-0.01,-1,-1,-0.01,-1,-1
99926009,2026-05-18 13:41:45+05:30,53461.45,0,0.0,0,0.0,0.0,53282.15,53585.15,52783.45,53710.35,0,0.0,0.0,0.0,0.0,-0.01,-1,-1,-0.01,-1,-1,-0.01,-1,-1,-0.01,-1,-1,-0.01,-1,-1,-0.01,-1,-1,-0.01,-1,-1,-0.01,-1,-1,-0.01,-1,-1,-0.01,-1,-1
99926009,2026-05-18 13:41:45+05:30,53460.45,0,0.0,0,0.0,0.0,53282.15,53585.15,52783.45,53710.35,0,0.0,0.0,0.0,0.0,-0.01,-1,-1,-0.01,-1,-1,-0.01,-1,-1,-0.01,-1,-1,-0.01,-1,-1,-0.01,-1,-1,-0.01,-1,-1,-0.01,-1,-1,-0.01,-1,-1,-0.01,-1,-1
99926009,2026-05-18 13:41:46+05:30,53461.75,0,0.0,0,0.0,0.0,53282.15,53585.15,52783.45,53710.35,0,0.0,0.0,0.0,0.0,-0.01,-1,-1,-0.01,-1,-1,-0.01,-1,-1,-0.01,-1,-1,-0.01,-1,-1,-0.01,-1,-1,-0.01,-1,-1,-0.01,-1,-1,-0.01,-1,-1,-0.01,-1,-1
99926009,2026-05-18 13:41:46+05:30,53458.55,0,0.0,0,0.0,0.0,53282.15,53585.15,52783.45,53710.35,0,0.0,0.0,0.0,0.0,-0.01,-1,-1,-0.01,-1,-1,-0.01,-1,-1,-0.01,-1,-1,-0.01,-1,-1,-0.01,-1,-1,-0.01,-1,-1,-0.01,-1,-1,-0.01,-1,-1,-0.01,-1,-1
99926009,2026-05-18 13:41:47+05:30,53456.55,0,0.0,0,0.0,0.0,53282.15,53585.15,52783.45,53710.35,0,0.0,0.0,0.0,0.0,-0.01,-1,-1,-0.01,-1,-1,-0.01,-1,-1,-0.01,-1,-1,-0.01,-1,-1,-0.01,-1,-1,-0.01,-1,-1,-0.01,-1,-1,-0.01,-1,-1,-0.01,-1,-1
99926009,2026-05-18 13:41:47+05:30,53457.95,0,0.0,0,0.0,0.0,53282.15,53585.15,52783.45,53710.35,0,0.0,0.0,0.0,0.0,-0.01,-1,-1,-0.01,-1,-1,-0.01,-1,-1,-0.01,-1,-1,-0.01,-1,-1,-0.01,-1,-1,-0.01,-1,-1,-0.01,-1,-1,-0.01,-1,-1,-0.01,-1,-1
99926009,2026-05-18 13:41:48+05:30,53460.1,0,0.0,0,0.0,0.0,53282.15,53585.15,52783.45,53710.35,0,0.0,0.0,0.0,0.0,-0.01,-1,-1,-0.01,-1,-1,-0.01,-1,-1,-0.01,-1,-1,-0.01,-1,-1,-0.01,-1,-1,-0.01,-1,-1,-0.01,-1,-1,-0.01,-1,-1,-0.01,-1,-1
99926009,2026-05-18 13:41:48+05:30,53464.1,0,0.0,0,0.0,0.0,53282.15,53585.15,52783.45,53710.35,0,0.0,0.0,0.0,0.0,-0.01,-1,-1,-0.01,-1,-1,-0.01,-1,-1,-0.01,-1,-1,-0.01,-1,-1,-0.01,-1,-1,-0.01,-1,-1,-0.01,-1,-1,-0.01,-1,-1,-0.01,-1,-1
99926009,2026-05-18 13:41:49+05:30,53463.15,0,0.0,0,0.0,0.0,53282.15,53585.15,52783.45,53710.35,0,0.0,0.0,0.0,0.0,-0.01,-1,-1,-0.01,-1,-1,-0.01,-1,-1,-0.01,-1,-1,-0.01,-1,-1,-0.01,-1,-1,-0.01,-1,-1,-0.01,-1,-1,-0.01,-1,-1,-0.01,-1,-1
99926009,2026-05-18 13:41:49+05:30,53464.45,0,0.0,0,0.0,0.0,53282.15,53585.15,52783.45,53710.35,0,0.0,0.0,0.0,0.0,-0.01,-1,-1,-0.01,-1,-1,-0.01,-1,-1,-0.01,-1,-1,-0.01,-1,-1,-0.01,-1,-1,-0.01,-1,-1,-0.01,-1,-1,-0.01,-1,-1,-0.01,-1,-1
99926009,2026-05-18 13:41:50+05:30,53466.1,0,0.0,0,0.0,0.0,53282.15,53585.15,52783.45,53710.35,0,0.0,0.0,0.0,0.0,-0.01,-1,-1,-0.01,-1,-1,-0.01,-1,-1,-0.01,-1,-1,-0.01,-1,-1,-0.01,-1,-1,-0.01,-1,-1,-0.01,-1,-1,-0.01,-1,-1,-0.01,-1,-1
99926009,2026-05-18 13:41:50+05:30,53466.35,0,0.0,0,0.0,0.0,53282.15,53585.15,52783.45,53710.35,0,0.0,0.0,0.0,0.0,-0.01,-1,-1,-0.01,-1,-1,-0.01,-1,-1,-0.01,-1,-1,-0.01,-1,-1,-0.01,-1,-1,-0.01,-1,-1,-0.01,-1,-1,-0.01,-1,-1,-0.01,-1,-1
99926009,2026-05-18 13:41:51+05:30,53467.6,0,0.0,0,0.0,0.0,53282.15,53585.15,52783.45,53710.35,0,0.0,0.0,0.0,0.0,-0.01,-1,-1,-0.01,-1,-1,-0.01,-1,-1,-0.01,-1,-1,-0.01,-1,-1,-0.01,-1,-1,-0.01,-1,-1,-0.01,-1,-1,-0.01,-1,-1,-0.01,-1,-1
99926009,2026-05-18 13:41:51+05:30,53466.55,0,0.0,0,0.0,0.0,53282.15,53585.15,52783.45,53710.35,0,0.0,0.0,0.0,0.0,-0.01,-1,-1,-0.01,-1,-1,-0.01,-1,-1,-0.01,-1,-1,-0.01,-1,-1,-0.01,-1,-1,-0.01,-1,-1,-0.01,-1,-1,-0.01,-1,-1,-0.01,-1,-1
99926009,2026-05-18 13:41:52+05:30,53468.05,0,0.0,0,0.0,0.0,53282.15,53585.15,52783.45,53710.35,0,0.0,0.0,0.0,0.0,-0.01,-1,-1,-0.01,-1,-1,-0.01,-1,-1,-0.01,-1,-1,-0.01,-1,-1,-0.01,-1,-1,-0.01,-1,-1,-0.01,-1,-1,-0.01,-1,-1,-0.01,-1,-1
99926009,2026-05-18 13:41:52+05:30,53468.9,0,0.0,0,0.0,0.0,53282.15,53585.15,52783.45,53710.35,0,0.0,0.0,0.0,0.0,-0.01,-1,-1,-0.01,-1,-1,-0.01,-1,-1,-0.01,-1,-1,-0.01,-1,-1,-0.01,-1,-1,-0.01,-1,-1,-0.01,-1,-1,-0.01,-1,-1,-0.01,-1,-1
99926009,2026-05-18 13:41:53+05:30,53467.5,0,0.0,0,0.0,0.0,53282.15,53585.15,52783.45,53710.35,0,0.0,0.0,0.0,0.0,-0.01,-1,-1,-0.01,-1,-1,-0.01,-1,-1,-0.01,-1,-1,-0.01,-1,-1,-0.01,-1,-1,-0.01,-1,-1,-0.01,-1,-1,-0.01,-1,-1,-0.01,-1,-1
99926009,2026-05-18 13:41:53+05:30,53466.05,0,0.0,0,0.0,0.0,53282.15,53585.15,52783.45,53710.35,0,0.0,0.0,0.0,0.0,-0.01,-1,-1,-0.01,-1,-1,-0.01,-1,-1,-0.01,-1,-1,-0.01,-1,-1,-0.01,-1,-1,-0.01,-1,-1,-0.01,-1,-1,-0.01,-1,-1,-0.01,-1,-1
99926009,2026-05-18 13:41:54+05:30,53466.05,0,0.0,0,0.0,0.0,53282.15,53585.15,52783.45,53710.35,0,0.0,0.0,0.0,0.0,-0.01,-1,-1,-0.01,-1,-1,-0.01,-1,-1,-0.01,-1,-1,-0.01,-1,-1,-0.01,-1,-1,-0.01,-1,-1,-0.01,-1,-1,-0.01,-1,-1,-0.01,-1,-1
99926009,2026-05-18 13:41:54+05:30,53464.5,0,0.0,0,0.0,0.0,53282.15,53585.15,52783.45,53710.35,0,0.0,0.0,0.0,0.0,-0.01,-1,-1,-0.01,-1,-1,-0.01,-1,-1,-0.01,-1,-1,-0.01,-1,-1,-0.01,-1,-1,-0.01,-1,-1,-0.01,-1,-1,-0.01,-1,-1,-0.01,-1,-1
99926009,2026-05-18 13:41:55+05:30,53466.3,0,0.0,0,0.0,0.0,53282.15,53585.15,52783.45,53710.35,0,0.0,0.0,0.0,0.0,-0.01,-1,-1,-0.01,-1,-1,-0.01,-1,-1,-0.01,-1,-1,-0.01,-1,-1,-0.01,-1,-1,-0.01,-1,-1,-0.01,-1,-1,-0.01,-1,-1,-0.01,-1,-1
99926009,2026-05-18 13:41:55+05:30,53462.45,0,0.0,0,0.0,0.0,53282.15,53585.15,52783.45,53710.35,0,0.0,0.0,0.0,0.0,-0.01,-1,-1,-0.01,-1,-1,-0.01,-1,-1,-0.01,-1,-1,-0.01,-1,-1,-0.01,-1,-1,-0.01,-1,-1,-0.01,-1,-1,-0.01,-1,-1,-0.01,-1,-1
99926009,2026-05-18 13:41:56+05:30,53466.15,0,0.0,0,0.0,0.0,53282.15,53585.15,52783.45,53710.35,0,0.0,0.0,0.0,0.0,-0.01,-1,-1,-0.01,-1,-1,-0.01,-1,-1,-0.01,-1,-1,-0.01,-1,-1,-0.01,-1,-1,-0.01,-1,-1,-0.01,-1,-1,-0.01,-1,-1,-0.01,-1,-1
99926009,2026-05-18 13:41:56+05:30,53469.35,0,0.0,0,0.0,0.0,53282.15,53585.15,52783.45,53710.35,0,0.0,0.0,0.0,0.0,-0.01,-1,-1,-0.01,-1,-1,-0.01,-1,-1,-0.01,-1,-1,-0.01,-1,-1,-0.01,-1,-1,-0.01,-1,-1,-0.01,-1,-1,-0.01,-1,-1,-0.01,-1,-1
99926009,2026-05-18 13:41:57+05:30,53463.9,0,0.0,0,0.0,0.0,53282.15,53585.15,52783.45,53710.35,0,0.0,0.0,0.0,0.0,-0.01,-1,-1,-0.01,-1,-1,-0.01,-1,-1,-0.01,-1,-1,-0.01,-1,-1,-0.01,-1,-1,-0.01,-1,-1,-0.01,-1,-1,-0.01,-1,-1,-0.01,-1,-1
99926009,2026-05-18 13:41:57+05:30,53463.75,0,0.0,0,0.0,0.0,53282.15,53585.15,52783.45,53710.35,0,0.0,0.0,0.0,0.0,-0.01,-1,-1,-0.01,-1,-1,-0.01,-1,-1,-0.01,-1,-1,-0.01,-1,-1,-0.01,-1,-1,-0.01,-1,-1,-0.01,-1,-1,-0.01,-1,-1,-0.01,-1,-1
99926009,2026-05-18 13:41:58+05:30,53465.0,0,0.0,0,0.0,0.0,53282.15,53585.15,52783.45,53710.35,0,0.0,0.0,0.0,0.0,-0.01,-1,-1,-0.01,-1,-1,-0.01,-1,-1,-0.01,-1,-1,-0.01,-1,-1,-0.01,-1,-1,-0.01,-1,-1,-0.01,-1,-1,-0.01,-1,-1,-0.01,-1,-1
99926009,2026-05-18 13:41:58+05:30,53467.85,0,0.0,0,0.0,0.0,53282.15,53585.15,52783.45,53710.35,0,0.0,0.0,0.0,0.0,-0.01,-1,-1,-0.01,-1,-1,-0.01,-1,-1,-0.01,-1,-1,-0.01,-1,-1,-0.01,-1,-1,-0.01,-1,-1,-0.01,-1,-1,-0.01,-1,-1,-0.01,-1,-1
99926009,2026-05-18 13:41:59+05:30,53466.0,0,0.0,0,0.0,0.0,53282.15,53585.15,52783.45,53710.35,0,0.0,0.0,0.0,0.0,-0.01,-1,-1,-0.01,-1,-1,-0.01,-1,-1,-0.01,-1,-1,-0.01,-1,-1,-0.01,-1,-1,-0.01,-1,-1,-0.01,-1,-1,-0.01,-1,-1,-0.01,-1,-1
99926009,2026-05-18 13:41:59+05:30,53465.9,0,0.0,0,0.0,0.0,53282.15,53585.15,52783.45,53710.35,0,0.0,0.0,0.0,0.0,-0.01,-1,-1,-0.01,-1,-1,-0.01,-1,-1,-0.01,-1,-1,-0.01,-1,-1,-0.01,-1,-1,-0.01,-1,-1,-0.01,-1,-1,-0.01,-1,-1,-0.01,-1,-1
99926009,2026-05-18 13:42:00+05:30,53469.05,0,0.0,0,0.0,0.0,53282.15,53585.15,52783.45,53710.35,0,0.0,0.0,0.0,0.0,-0.01,-1,-1,-0.01,-1,-1,-0.01,-1,-1,-0.01,-1,-1,-0.01,-1,-1,-0.01,-1,-1,-0.01,-1,-1,-0.01,-1,-1,-0.01,-1,-1,-0.01,-1,-1
99926009,2026-05-18 13:42:00+05:30,53469.4,0,0.0,0,0.0,0.0,53282.15,53585.15,52783.45,53710.35,0,0.0,0.0,0.0,0.0,-0.01,-1,-1,-0.01,-1,-1,-0.01,-1,-1,-0.01,-1,-1,-0.01,-1,-1,-0.01,-1,-1,-0.01,-1,-1,-0.01,-1,-1,-0.01,-1,-1,-0.01,-1,-1
99926009,2026-05-18 13:42:01+05:30,53472.55,0,0.0,0,0.0,0.0,53282.15,53585.15,52783.45,53710.35,0,0.0,0.0,0.0,0.0,-0.01,-1,-1,-0.01,-1,-1,-0.01,-1,-1,-0.01,-1,-1,-0.01,-1,-1,-0.01,-1,-1,-0.01,-1,-1,-0.01,-1,-1,-0.01,-1,-1,-0.01,-1,-1
99926009,2026-05-18 13:42:01+05:30,53470.0,0,0.0,0,0.0,0.0,53282.15,53585.15,52783.45,53710.35,0,0.0,0.0,0.0,0.0,-0.01,-1,-1,-0.01,-1,-1,-0.01,-1,-1,-0.01,-1,-1,-0.01,-1,-1,-0.01,-1,-1,-0.01,-1,-1,-0.01,-1,-1,-0.01,-1,-1,-0.01,-1,-1
99926009,2026-05-18 13:42:02+05:30,53472.75,0,0.0,0,0.0,0.0,53282.15,53585.15,52783.45,53710.35,0,0.0,0.0,0.0,0.0,-0.01,-1,-1,-0.01,-1,-1,-0.01,-1,-1,-0.01,-1,-1,-0.01,-1,-1,-0.01,-1,-1,-0.01,-1,-1,-0.01,-1,-1,-0.01,-1,-1,-0.01,-1,-1
99926009,2026-05-18 13:42:02+05:30,53471.85,0,0.0,0,0.0,0.0,53282.15,53585.15,52783.45,53710.35,0,0.0,0.0,0.0,0.0,-0.01,-1,-1,-0.01,-1,-1,-0.01,-1,-1,-0.01,-1,-1,-0.01,-1,-1,-0.01,-1,-1,-0.01,-1,-1,-0.01,-1,-1,-0.01,-1,-1,-0.01,-1,-1
99926009,2026-05-18 13:42:03+05:30,53471.85,0,0.0,0,0.0,0.0,53282.15,53585.15,52783.45,53710.35,0,0.0,0.0,0.0,0.0,-0.01,-1,-1,-0.01,-1,-1,-0.01,-1,-1,-0.01,-1,-1,-0.01,-1,-1,-0.01,-1,-1,-0.01,-1,-1,-0.01,-1,-1,-0.01,-1,-1,-0.01,-1,-1
99926009,2026-05-18 13:42:03+05:30,53472.5,0,0.0,0,0.0,0.0,53282.15,53585.15,52783.45,53710.35,0,0.0,0.0,0.0,0.0,-0.01,-1,-1,-0.01,-1,-1,-0.01,-1,-1,-0.01,-1,-1,-0.01,-1,-1,-0.01,-1,-1,-0.01,-1,-1,-0.01,-1,-1,-0.01,-1,-1,-0.01,-1,-1
99926009,2026-05-18 13:42:04+05:30,53474.45,0,0.0,0,0.0,0.0,53282.15,53585.15,52783.45,53710.35,0,0.0,0.0,0.0,0.0,-0.01,-1,-1,-0.01,-1,-1,-0.01,-1,-1,-0.01,-1,-1,-0.01,-1,-1,-0.01,-1,-1,-0.01,-1,-1,-0.01,-1,-1,-0.01,-1,-1,-0.01,-1,-1
99926009,2026-05-18 13:42:04+05:30,53476.7,0,0.0,0,0.0,0.0,53282.15,53585.15,52783.45,53710.35,0,0.0,0.0,0.0,0.0,-0.01,-1,-1,-0.01,-1,-1,-0.01,-1,-1,-0.01,-1,-1,-0.01,-1,-1,-0.01,-1,-1,-0.01,-1,-1,-0.01,-1,-1,-0.01,-1,-1,-0.01,-1,-1
99926009,2026-05-18 13:42:05+05:30,53481.3,0,0.0,0,0.0,0.0,53282.15,53585.15,52783.45,53710.35,0,0.0,0.0,0.0,0.0,-0.01,-1,-1,-0.01,-1,-1,-0.01,-1,-1,-0.01,-1,-1,-0.01,-1,-1,-0.01,-1,-1,-0.01,-1,-1,-0.01,-1,-1,-0.01,-1,-1,-0.01,-1,-1
99926009,2026-05-18 13:42:05+05:30,53482.55,0,0.0,0,0.0,0.0,53282.15,53585.15,52783.45,53710.35,0,0.0,0.0,0.0,0.0,-0.01,-1,-1,-0.01,-1,-1,-0.01,-1,-1,-0.01,-1,-1,-0.01,-1,-1,-0.01,-1,-1,-0.01,-1,-1,-0.01,-1,-1,-0.01,-1,-1,-0.01,-1,-1
99926009,2026-05-18 13:42:06+05:30,53481.85,0,0.0,0,0.0,0.0,53282.15,53585.15,52783.45,53710.35,0,0.0,0.0,0.0,0.0,-0.01,-1,-1,-0.01,-1,-1,-0.01,-1,-1,-0.01,-1,-1,-0.01,-1,-1,-0.01,-1,-1,-0.01,-1,-1,-0.01,-1,-1,-0.01,-1,-1,-0.01,-1,-1
99926009,2026-05-18 13:42:06+05:30,53483.5,0,0.0,0,0.0,0.0,53282.15,53585.15,52783.45,53710.35,0,0.0,0.0,0.0,0.0,-0.01,-1,-1,-0.01,-1,-1,-0.01,-1,-1,-0.01,-1,-1,-0.01,-1,-1,-0.01,-1,-1,-0.01,-1,-1,-0.01,-1,-1,-0.01,-1,-1,-0.01,-1,-1
99926009,2026-05-18 13:42:07+05:30,53482.2,0,0.0,0,0.0,0.0,53282.15,53585.15,52783.45,53710.35,0,0.0,0.0,0.0,0.0,-0.01,-1,-1,-0.01,-1,-1,-0.01,-1,-1,-0.01,-1,-1,-0.01,-1,-1,-0.01,-1,-1,-0.01,-1,-1,-0.01,-1,-1,-0.01,-1,-1,-0.01,-1,-1
99926009,2026-05-18 13:42:07+05:30,53482.2,0,0.0,0,0.0,0.0,53282.15,53585.15,52783.45,53710.35,0,0.0,0.0,0.0,0.0,-0.01,-1,-1,-0.01,-1,-1,-0.01,-1,-1,-0.01,-1,-1,-0.01,-1,-1,-0.01,-1,-1,-0.01,-1,-1,-0.01,-1,-1,-0.01,-1,-1,-0.01,-1,-1
99926009,2026-05-18 13:42:08+05:30,53479.35,0,0.0,0,0.0,0.0,53282.15,53585.15,52783.45,53710.35,0,0.0,0.0,0.0,0.0,-0.01,-1,-1,-0.01,-1,-1,-0.01,-1,-1,-0.01,-1,-1,-0.01,-1,-1,-0.01,-1,-1,-0.01,-1,-1,-0.01,-1,-1,-0.01,-1,-1,-0.01,-1,-1
99926009,2026-05-18 13:42:08+05:30,53480.65,0,0.0,0,0.0,0.0,53282.15,53585.15,52783.45,53710.35,0,0.0,0.0,0.0,0.0,-0.01,-1,-1,-0.01,-1,-1,-0.01,-1,-1,-0.01,-1,-1,-0.01,-1,-1,-0.01,-1,-1,-0.01,-1,-1,-0.01,-1,-1,-0.01,-1,-1,-0.01,-1,-1
99926009,2026-05-18 13:42:09+05:30,53482.55,0,0.0,0,0.0,0.0,53282.15,53585.15,52783.45,53710.35,0,0.0,0.0,0.0,0.0,-0.01,-1,-1,-0.01,-1,-1,-0.01,-1,-1,-0.01,-1,-1,-0.01,-1,-1,-0.01,-1,-1,-0.01,-1,-1,-0.01,-1,-1,-0.01,-1,-1,-0.01,-1,-1
99926009,2026-05-18 13:42:09+05:30,53482.05,0,0.0,0,0.0,0.0,53282.15,53585.15,52783.45,53710.35,0,0.0,0.0,0.0,0.0,-0.01,-1,-1,-0.01,-1,-1,-0.01,-1,-1,-0.01,-1,-1,-0.01,-1,-1,-0.01,-1,-1,-0.01,-1,-1,-0.01,-1,-1,-0.01,-1,-1,-0.01,-1,-1
99926009,2026-05-18 13:42:10+05:30,53483.55,0,0.0,0,0.0,0.0,53282.15,53585.15,52783.45,53710.35,0,0.0,0.0,0.0,0.0,-0.01,-1,-1,-0.01,-1,-1,-0.01,-1,-1,-0.01,-1,-1,-0.01,-1,-1,-0.01,-1,-1,-0.01,-1,-1,-0.01,-1,-1,-0.01,-1,-1,-0.01,-1,-1
99926009,2026-05-18 13:42:10+05:30,53483.55,0,0.0,0,0.0,0.0,53282.15,53585.15,52783.45,53710.35,0,0.0,0.0,0.0,0.0,-0.01,-1,-1,-0.01,-1,-1,-0.01,-1,-1,-0.01,-1,-1,-0.01,-1,-1,-0.01,-1,-1,-0.01,-1,-1,-0.01,-1,-1,-0.01,-1,-1,-0.01,-1,-1
99926009,2026-05-18 13:42:11+05:30,53483.75,0,0.0,0,0.0,0.0,53282.15,53585.15,52783.45,53710.35,0,0.0,0.0,0.0,0.0,-0.01,-1,-1,-0.01,-1,-1,-0.01,-1,-1,-0.01,-1,-1,-0.01,-1,-1,-0.01,-1,-1,-0.01,-1,-1,-0.01,-1,-1,-0.01,-1,-1,-0.01,-1,-1
99926009,2026-05-18 13:42:11+05:30,53482.65,0,0.0,0,0.0,0.0,53282.15,53585.15,52783.45,53710.35,0,0.0,0.0,0.0,0.0,-0.01,-1,-1,-0.01,-1,-1,-0.01,-1,-1,-0.01,-1,-1,-0.01,-1,-1,-0.01,-1,-1,-0.01,-1,-1,-0.01,-1,-1,-0.01,-1,-1,-0.01,-1,-1
99926009,2026-05-18 13:42:12+05:30,53482.1,0,0.0,0,0.0,0.0,53282.15,53585.15,52783.45,53710.35,0,0.0,0.0,0.0,0.0,-0.01,-1,-1,-0.01,-1,-1,-0.01,-1,-1,-0.01,-1,-1,-0.01,-1,-1,-0.01,-1,-1,-0.01,-1,-1,-0.01,-1,-1,-0.01,-1,-1,-0.01,-1,-1
99926009,2026-05-18 13:42:12+05:30,53485.15,0,0.0,0,0.0,0.0,53282.15,53585.15,52783.45,53710.35,0,0.0,0.0,0.0,0.0,-0.01,-1,-1,-0.01,-1,-1,-0.01,-1,-1,-0.01,-1,-1,-0.01,-1,-1,-0.01,-1,-1,-0.01,-1,-1,-0.01,-1,-1,-0.01,-1,-1,-0.01,-1,-1
99926009,2026-05-18 13:42:13+05:30,53483.3,0,0.0,0,0.0,0.0,53282.15,53585.15,52783.45,53710.35,0,0.0,0.0,0.0,0.0,-0.01,-1,-1,-0.01,-1,-1,-0.01,-1,-1,-0.01,-1,-1,-0.01,-1,-1,-0.01,-1,-1,-0.01,-1,-1,-0.01,-1,-1,-0.01,-1,-1,-0.01,-1,-1
99926009,2026-05-18 13:42:13+05:30,53484.1,0,0.0,0,0.0,0.0,53282.15,53585.15,52783.45,53710.35,0,0.0,0.0,0.0,0.0,-0.01,-1,-1,-0.01,-1,-1,-0.01,-1,-1,-0.01,-1,-1,-0.01,-1,-1,-0.01,-1,-1,-0.01,-1,-1,-0.01,-1,-1,-0.01,-1,-1,-0.01,-1,-1
99926009,2026-05-18 13:42:14+05:30,53486.0,0,0.0,0,0.0,0.0,53282.15,53585.15,52783.45,53710.35,0,0.0,0.0,0.0,0.0,-0.01,-1,-1,-0.01,-1,-1,-0.01,-1,-1,-0.01,-1,-1,-0.01,-1,-1,-0.01,-1,-1,-0.01,-1,-1,-0.01,-1,-1,-0.01,-1,-1,-0.01,-1,-1
99926009,2026-05-18 13:42:14+05:30,53487.8,0,0.0,0,0.0,0.0,53282.15,53585.15,52783.45,53710.35,0,0.0,0.0,0.0,0.0,-0.01,-1,-1,-0.01,-1,-1,-0.01,-1,-1,-0.01,-1,-1,-0.01,-1,-1,-0.01,-1,-1,-0.01,-1,-1,-0.01,-1,-1,-0.01,-1,-1,-0.01,-1,-1
99926009,2026-05-18 13:42:15+05:30,53493.0,0,0.0,0,0.0,0.0,53282.15,53585.15,52783.45,53710.35,0,0.0,0.0,0.0,0.0,-0.01,-1,-1,-0.01,-1,-1,-0.01,-1,-1,-0.01,-1,-1,-0.01,-1,-1,-0.01,-1,-1,-0.01,-1,-1,-0.01,-1,-1,-0.01,-1,-1,-0.01,-1,-1
99926009,2026-05-18 13:42:15+05:30,53492.25,0,0.0,0,0.0,0.0,53282.15,53585.15,52783.45,53710.35,0,0.0,0.0,0.0,0.0,-0.01,-1,-1,-0.01,-1,-1,-0.01,-1,-1,-0.01,-1,-1,-0.01,-1,-1,-0.01,-1,-1,-0.01,-1,-1,-0.01,-1,-1,-0.01,-1,-1,-0.01,-1,-1
99926009,2026-05-18 13:42:16+05:30,53495.2,0,0.0,0,0.0,0.0,53282.15,53585.15,52783.45,53710.35,0,0.0,0.0,0.0,0.0,-0.01,-1,-1,-0.01,-1,-1,-0.01,-1,-1,-0.01,-1,-1,-0.01,-1,-1,-0.01,-1,-1,-0.01,-1,-1,-0.01,-1,-1,-0.01,-1,-1,-0.01,-1,-1
99926009,2026-05-18 13:42:16+05:30,53494.55,0,0.0,0,0.0,0.0,53282.15,53585.15,52783.45,53710.35,0,0.0,0.0,0.0,0.0,-0.01,-1,-1,-0.01,-1,-1,-0.01,-1,-1,-0.01,-1,-1,-0.01,-1,-1,-0.01,-1,-1,-0.01,-1,-1,-0.01,-1,-1,-0.01,-1,-1,-0.01,-1,-1
99926009,2026-05-18 13:42:17+05:30,53492.55,0,0.0,0,0.0,0.0,53282.15,53585.15,52783.45,53710.35,0,0.0,0.0,0.0,0.0,-0.01,-1,-1,-0.01,-1,-1,-0.01,-1,-1,-0.01,-1,-1,-0.01,-1,-1,-0.01,-1,-1,-0.01,-1,-1,-0.01,-1,-1,-0.01,-1,-1,-0.01,-1,-1
99926009,2026-05-18 13:42:17+05:30,53491.5,0,0.0,0,0.0,0.0,53282.15,53585.15,52783.45,53710.35,0,0.0,0.0,0.0,0.0,-0.01,-1,-1,-0.01,-1,-1,-0.01,-1,-1,-0.01,-1,-1,-0.01,-1,-1,-0.01,-1,-1,-0.01,-1,-1,-0.01,-1,-1,-0.01,-1,-1,-0.01,-1,-1
99926009,2026-05-18 13:42:18+05:30,53491.75,0,0.0,0,0.0,0.0,53282.15,53585.15,52783.45,53710.35,0,0.0,0.0,0.0,0.0,-0.01,-1,-1,-0.01,-1,-1,-0.01,-1,-1,-0.01,-1,-1,-0.01,-1,-1,-0.01,-1,-1,-0.01,-1,-1,-0.01,-1,-1,-0.01,-1,-1,-0.01,-1,-1
99926009,2026-05-18 13:42:18+05:30,53490.45,0,0.0,0,0.0,0.0,53282.15,53585.15,52783.45,53710.35,0,0.0,0.0,0.0,0.0,-0.01,-1,-1,-0.01,-1,-1,-0.01,-1,-1,-0.01,-1,-1,-0.01,-1,-1,-0.01,-1,-1,-0.01,-1,-1,-0.01,-1,-1,-0.01,-1,-1,-0.01,-1,-1
99926009,2026-05-18 13:42:19+05:30,53490.6,0,0.0,0,0.0,0.0,53282.15,53585.15,52783.45,53710.35,0,0.0,0.0,0.0,0.0,-0.01,-1,-1,-0.01,-1,-1,-0.01,-1,-1,-0.01,-1,-1,-0.01,-1,-1,-0.01,-1,-1,-0.01,-1,-1,-0.01,-1,-1,-0.01,-1,-1,-0.01,-1,-1
99926009,2026-05-18 13:42:19+05:30,53490.9,0,0.0,0,0.0,0.0,53282.15,53585.15,52783.45,53710.35,0,0.0,0.0,0.0,0.0,-0.01,-1,-1,-0.01,-1,-1,-0.01,-1,-1,-0.01,-1,-1,-0.01,-1,-1,-0.01,-1,-1,-0.01,-1,-1,-0.01,-1,-1,-0.01,-1,-1,-0.01,-1,-1
99926009,2026-05-18 13:42:20+05:30,53495.25,0,0.0,0,0.0,0.0,53282.15,53585.15,52783.45,53710.35,0,0.0,0.0,0.0,0.0,-0.01,-1,-1,-0.01,-1,-1,-0.01,-1,-1,-0.01,-1,-1,-0.01,-1,-1,-0.01,-1,-1,-0.01,-1,-1,-0.01,-1,-1,-0.01,-1,-1,-0.01,-1,-1
99926009,2026-05-18 13:42:20+05:30,53493.05,0,0.0,0,0.0,0.0,53282.15,53585.15,52783.45,53710.35,0,0.0,0.0,0.0,0.0,-0.01,-1,-1,-0.01,-1,-1,-0.01,-1,-1,-0.01,-1,-1,-0.01,-1,-1,-0.01,-1,-1,-0.01,-1,-1,-0.01,-1,-1,-0.01,-1,-1,-0.01,-1,-1
99926009,2026-05-18 13:42:21+05:30,53496.35,0,0.0,0,0.0,0.0,53282.15,53585.15,52783.45,53710.35,0,0.0,0.0,0.0,0.0,-0.01,-1,-1,-0.01,-1,-1,-0.01,-1,-1,-0.01,-1,-1,-0.01,-1,-1,-0.01,-1,-1,-0.01,-1,-1,-0.01,-1,-1,-0.01,-1,-1,-0.01,-1,-1
99926009,2026-05-18 13:42:21+05:30,53496.5,0,0.0,0,0.0,0.0,53282.15,53585.15,52783.45,53710.35,0,0.0,0.0,0.0,0.0,-0.01,-1,-1,-0.01,-1,-1,-0.01,-1,-1,-0.01,-1,-1,-0.01,-1,-1,-0.01,-1,-1,-0.01,-1,-1,-0.01,-1,-1,-0.01,-1,-1,-0.01,-1,-1
99926009,2026-05-18 13:42:22+05:30,53494.4,0,0.0,0,0.0,0.0,53282.15,53585.15,52783.45,53710.35,0,0.0,0.0,0.0,0.0,-0.01,-1,-1,-0.01,-1,-1,-0.01,-1,-1,-0.01,-1,-1,-0.01,-1,-1,-0.01,-1,-1,-0.01,-1,-1,-0.01,-1,-1,-0.01,-1,-1,-0.01,-1,-1
99926009,2026-05-18 13:42:22+05:30,53494.75,0,0.0,0,0.0,0.0,53282.15,53585.15,52783.45,53710.35,0,0.0,0.0,0.0,0.0,-0.01,-1,-1,-0.01,-1,-1,-0.01,-1,-1,-0.01,-1,-1,-0.01,-1,-1,-0.01,-1,-1,-0.01,-1,-1,-0.01,-1,-1,-0.01,-1,-1,-0.01,-1,-1
99926009,2026-05-18 13:42:23+05:30,53491.7,0,0.0,0,0.0,0.0,53282.15,53585.15,52783.45,53710.35,0,0.0,0.0,0.0,0.0,-0.01,-1,-1,-0.01,-1,-1,-0.01,-1,-1,-0.01,-1,-1,-0.01,-1,-1,-0.01,-1,-1,-0.01,-1,-1,-0.01,-1,-1,-0.01,-1,-1,-0.01,-1,-1
99926009,2026-05-18 13:42:23+05:30,53490.55,0,0.0,0,0.0,0.0,53282.15,53585.15,52783.45,53710.35,0,0.0,0.0,0.0,0.0,-0.01,-1,-1,-0.01,-1,-1,-0.01,-1,-1,-0.01,-1,-1,-0.01,-1,-1,-0.01,-1,-1,-0.01,-1,-1,-0.01,-1,-1,-0.01,-1,-1,-0.01,-1,-1
99926009,2026-05-18 13:42:24+05:30,53491.7,0,0.0,0,0.0,0.0,53282.15,53585.15,52783.45,53710.35,0,0.0,0.0,0.0,0.0,-0.01,-1,-1,-0.01,-1,-1,-0.01,-1,-1,-0.01,-1,-1,-0.01,-1,-1,-0.01,-1,-1,-0.01,-1,-1,-0.01,-1,-1,-0.01,-1,-1,-0.01,-1,-1
99926009,2026-05-18 13:42:24+05:30,53491.2,0,0.0,0,0.0,0.0,53282.15,53585.15,52783.45,53710.35,0,0.0,0.0,0.0,0.0,-0.01,-1,-1,-0.01,-1,-1,-0.01,-1,-1,-0.01,-1,-1,-0.01,-1,-1,-0.01,-1,-1,-0.01,-1,-1,-0.01,-1,-1,-0.01,-1,-1,-0.01,-1,-1
99926009,2026-05-18 13:42:25+05:30,53493.05,0,0.0,0,0.0,0.0,53282.15,53585.15,52783.45,53710.35,0,0.0,0.0,0.0,0.0,-0.01,-1,-1,-0.01,-1,-1,-0.01,-1,-1,-0.01,-1,-1,-0.01,-1,-1,-0.01,-1,-1,-0.01,-1,-1,-0.01,-1,-1,-0.01,-1,-1,-0.01,-1,-1
99926009,2026-05-18 13:42:25+05:30,53492.1,0,0.0,0,0.0,0.0,53282.15,53585.15,52783.45,53710.35,0,0.0,0.0,0.0,0.0,-0.01,-1,-1,-0.01,-1,-1,-0.01,-1,-1,-0.01,-1,-1,-0.01,-1,-1,-0.01,-1,-1,-0.01,-1,-1,-0.01,-1,-1,-0.01,-1,-1,-0.01,-1,-1
99926009,2026-05-18 13:42:26+05:30,53497.15,0,0.0,0,0.0,0.0,53282.15,53585.15,52783.45,53710.35,0,0.0,0.0,0.0,0.0,-0.01,-1,-1,-0.01,-1,-1,-0.01,-1,-1,-0.01,-1,-1,-0.01,-1,-1,-0.01,-1,-1,-0.01,-1,-1,-0.01,-1,-1,-0.01,-1,-1,-0.01,-1,-1
99926009,2026-05-18 13:42:26+05:30,53494.95,0,0.0,0,0.0,0.0,53282.15,53585.15,52783.45,53710.35,0,0.0,0.0,0.0,0.0,-0.01,-1,-1,-0.01,-1,-1,-0.01,-1,-1,-0.01,-1,-1,-0.01,-1,-1,-0.01,-1,-1,-0.01,-1,-1,-0.01,-1,-1,-0.01,-1,-1,-0.01,-1,-1
99926009,2026-05-18 13:42:27+05:30,53494.15,0,0.0,0,0.0,0.0,53282.15,53585.15,52783.45,53710.35,0,0.0,0.0,0.0,0.0,-0.01,-1,-1,-0.01,-1,-1,-0.01,-1,-1,-0.01,-1,-1,-0.01,-1,-1,-0.01,-1,-1,-0.01,-1,-1,-0.01,-1,-1,-0.01,-1,-1,-0.01,-1,-1
99926009,2026-05-18 13:42:27+05:30,53494.95,0,0.0,0,0.0,0.0,53282.15,53585.15,52783.45,53710.35,0,0.0,0.0,0.0,0.0,-0.01,-1,-1,-0.01,-1,-1,-0.01,-1,-1,-0.01,-1,-1,-0.01,-1,-1,-0.01,-1,-1,-0.01,-1,-1,-0.01,-1,-1,-0.01,-1,-1,-0.01,-1,-1
99926009,2026-05-18 13:42:28+05:30,53493.5,0,0.0,0,0.0,0.0,53282.15,53585.15,52783.45,53710.35,0,0.0,0.0,0.0,0.0,-0.01,-1,-1,-0.01,-1,-1,-0.01,-1,-1,-0.01,-1,-1,-0.01,-1,-1,-0.01,-1,-1,-0.01,-1,-1,-0.01,-1,-1,-0.01,-1,-1,-0.01,-1,-1
99926009,2026-05-18 13:42:28+05:30,53493.5,0,0.0,0,0.0,0.0,53282.15,53585.15,52783.45,53710.35,0,0.0,0.0,0.0,0.0,-0.01,-1,-1,-0.01,-1,-1,-0.01,-1,-1,-0.01,-1,-1,-0.01,-1,-1,-0.01,-1,-1,-0.01,-1,-1,-0.01,-1,-1,-0.01,-1,-1,-0.01,-1,-1
99926009,2026-05-18 13:42:29+05:30,53494.0,0,0.0,0,0.0,0.0,53282.15,53585.15,52783.45,53710.35,0,0.0,0.0,0.0,0.0,-0.01,-1,-1,-0.01,-1,-1,-0.01,-1,-1,-0.01,-1,-1,-0.01,-1,-1,-0.01,-1,-1,-0.01,-1,-1,-0.01,-1,-1,-0.01,-1,-1,-0.01,-1,-1
99926009,2026-05-18 13:42:29+05:30,53492.15,0,0.0,0,0.0,0.0,53282.15,53585.15,52783.45,53710.35,0,0.0,0.0,0.0,0.0,-0.01,-1,-1,-0.01,-1,-1,-0.01,-1,-1,-0.01,-1,-1,-0.01,-1,-1,-0.01,-1,-1,-0.01,-1,-1,-0.01,-1,-1,-0.01,-1,-1,-0.01,-1,-1
99926009,2026-05-18 13:42:30+05:30,53493.4,0,0.0,0,0.0,0.0,53282.15,53585.15,52783.45,53710.35,0,0.0,0.0,0.0,0.0,-0.01,-1,-1,-0.01,-1,-1,-0.01,-1,-1,-0.01,-1,-1,-0.01,-1,-1,-0.01,-1,-1,-0.01,-1,-1,-0.01,-1,-1,-0.01,-1,-1,-0.01,-1,-1
99926009,2026-05-18 13:42:30+05:30,53493.55,0,0.0,0,0.0,0.0,53282.15,53585.15,52783.45,53710.35,0,0.0,0.0,0.0,0.0,-0.01,-1,-1,-0.01,-1,-1,-0.01,-1,-1,-0.01,-1,-1,-0.01,-1,-1,-0.01,-1,-1,-0.01,-1,-1,-0.01,-1,-1,-0.01,-1,-1,-0.01,-1,-1
99926009,2026-05-18 13:42:31+05:30,53495.25,0,0.0,0,0.0,0.0,53282.15,53585.15,52783.45,53710.35,0,0.0,0.0,0.0,0.0,-0.01,-1,-1,-0.01,-1,-1,-0.01,-1,-1,-0.01,-1,-1,-0.01,-1,-1,-0.01,-1,-1,-0.01,-1,-1,-0.01,-1,-1,-0.01,-1,-1,-0.01,-1,-1
99926009,2026-05-18 13:42:31+05:30,53494.25,0,0.0,0,0.0,0.0,53282.15,53585.15,52783.45,53710.35,0,0.0,0.0,0.0,0.0,-0.01,-1,-1,-0.01,-1,-1,-0.01,-1,-1,-0.01,-1,-1,-0.01,-1,-1,-0.01,-1,-1,-0.01,-1,-1,-0.01,-1,-1,-0.01,-1,-1,-0.01,-1,-1
99926009,2026-05-18 13:42:32+05:30,53492.0,0,0.0,0,0.0,0.0,53282.15,53585.15,52783.45,53710.35,0,0.0,0.0,0.0,0.0,-0.01,-1,-1,-0.01,-1,-1,-0.01,-1,-1,-0.01,-1,-1,-0.01,-1,-1,-0.01,-1,-1,-0.01,-1,-1,-0.01,-1,-1,-0.01,-1,-1,-0.01,-1,-1
99926009,2026-05-18 13:42:32+05:30,53491.85,0,0.0,0,0.0,0.0,53282.15,53585.15,52783.45,53710.35,0,0.0,0.0,0.0,0.0,-0.01,-1,-1,-0.01,-1,-1,-0.01,-1,-1,-0.01,-1,-1,-0.01,-1,-1,-0.01,-1,-1,-0.01,-1,-1,-0.01,-1,-1,-0.01,-1,-1,-0.01,-1,-1
99926009,2026-05-18 13:42:33+05:30,53491.6,0,0.0,0,0.0,0.0,53282.15,53585.15,52783.45,53710.35,0,0.0,0.0,0.0,0.0,-0.01,-1,-1,-0.01,-1,-1,-0.01,-1,-1,-0.01,-1,-1,-0.01,-1,-1,-0.01,-1,-1,-0.01,-1,-1,-0.01,-1,-1,-0.01,-1,-1,-0.01,-1,-1
99926009,2026-05-18 13:42:33+05:30,53490.5,0,0.0,0,0.0,0.0,53282.15,53585.15,52783.45,53710.35,0,0.0,0.0,0.0,0.0,-0.01,-1,-1,-0.01,-1,-1,-0.01,-1,-1,-0.01,-1,-1,-0.01,-1,-1,-0.01,-1,-1,-0.01,-1,-1,-0.01,-1,-1,-0.01,-1,-1,-0.01,-1,-1
99926009,2026-05-18 13:42:34+05:30,53490.0,0,0.0,0,0.0,0.0,53282.15,53585.15,52783.45,53710.35,0,0.0,0.0,0.0,0.0,-0.01,-1,-1,-0.01,-1,-1,-0.01,-1,-1,-0.01,-1,-1,-0.01,-1,-1,-0.01,-1,-1,-0.01,-1,-1,-0.01,-1,-1,-0.01,-1,-1,-0.01,-1,-1
99926009,2026-05-18 13:42:34+05:30,53491.5,0,0.0,0,0.0,0.0,53282.15,53585.15,52783.45,53710.35,0,0.0,0.0,0.0,0.0,-0.01,-1,-1,-0.01,-1,-1,-0.01,-1,-1,-0.01,-1,-1,-0.01,-1,-1,-0.01,-1,-1,-0.01,-1,-1,-0.01,-1,-1,-0.01,-1,-1,-0.01,-1,-1
99926009,2026-05-18 13:42:35+05:30,53495.0,0,0.0,0,0.0,0.0,53282.15,53585.15,52783.45,53710.35,0,0.0,0.0,0.0,0.0,-0.01,-1,-1,-0.01,-1,-1,-0.01,-1,-1,-0.01,-1,-1,-0.01,-1,-1,-0.01,-1,-1,-0.01,-1,-1,-0.01,-1,-1,-0.01,-1,-1,-0.01,-1,-1
99926009,2026-05-18 13:42:35+05:30,53492.4,0,0.0,0,0.0,0.0,53282.15,53585.15,52783.45,53710.35,0,0.0,0.0,0.0,0.0,-0.01,-1,-1,-0.01,-1,-1,-0.01,-1,-1,-0.01,-1,-1,-0.01,-1,-1,-0.01,-1,-1,-0.01,-1,-1,-0.01,-1,-1,-0.01,-1,-1,-0.01,-1,-1
99926009,2026-05-18 13:42:36+05:30,53495.65,0,0.0,0,0.0,0.0,53282.15,53585.15,52783.45,53710.35,0,0.0,0.0,0.0,0.0,-0.01,-1,-1,-0.01,-1,-1,-0.01,-1,-1,-0.01,-1,-1,-0.01,-1,-1,-0.01,-1,-1,-0.01,-1,-1,-0.01,-1,-1,-0.01,-1,-1,-0.01,-1,-1
99926009,2026-05-18 13:42:36+05:30,53495.9,0,0.0,0,0.0,0.0,53282.15,53585.15,52783.45,53710.35,0,0.0,0.0,0.0,0.0,-0.01,-1,-1,-0.01,-1,-1,-0.01,-1,-1,-0.01,-1,-1,-0.01,-1,-1,-0.01,-1,-1,-0.01,-1,-1,-0.01,-1,-1,-0.01,-1,-1,-0.01,-1,-1
99926009,2026-05-18 13:42:37+05:30,53495.6,0,0.0,0,0.0,0.0,53282.15,53585.15,52783.45,53710.35,0,0.0,0.0,0.0,0.0,-0.01,-1,-1,-0.01,-1,-1,-0.01,-1,-1,-0.01,-1,-1,-0.01,-1,-1,-0.01,-1,-1,-0.01,-1,-1,-0.01,-1,-1,-0.01,-1,-1,-0.01,-1,-1
99926009,2026-05-18 13:42:37+05:30,53495.3,0,0.0,0,0.0,0.0,53282.15,53585.15,52783.45,53710.35,0,0.0,0.0,0.0,0.0,-0.01,-1,-1,-0.01,-1,-1,-0.01,-1,-1,-0.01,-1,-1,-0.01,-1,-1,-0.01,-1,-1,-0.01,-1,-1,-0.01,-1,-1,-0.01,-1,-1,-0.01,-1,-1
99926009,2026-05-18 13:42:38+05:30,53495.1,0,0.0,0,0.0,0.0,53282.15,53585.15,52783.45,53710.35,0,0.0,0.0,0.0,0.0,-0.01,-1,-1,-0.01,-1,-1,-0.01,-1,-1,-0.01,-1,-1,-0.01,-1,-1,-0.01,-1,-1,-0.01,-1,-1,-0.01,-1,-1,-0.01,-1,-1,-0.01,-1,-1
99926009,2026-05-18 13:42:38+05:30,53493.45,0,0.0,0,0.0,0.0,53282.15,53585.15,52783.45,53710.35,0,0.0,0.0,0.0,0.0,-0.01,-1,-1,-0.01,-1,-1,-0.01,-1,-1,-0.01,-1,-1,-0.01,-1,-1,-0.01,-1,-1,-0.01,-1,-1,-0.01,-1,-1,-0.01,-1,-1,-0.01,-1,-1
99926009,2026-05-18 13:42:39+05:30,53495.05,0,0.0,0,0.0,0.0,53282.15,53585.15,52783.45,53710.35,0,0.0,0.0,0.0,0.0,-0.01,-1,-1,-0.01,-1,-1,-0.01,-1,-1,-0.01,-1,-1,-0.01,-1,-1,-0.01,-1,-1,-0.01,-1,-1,-0.01,-1,-1,-0.01,-1,-1,-0.01,-1,-1
99926009,2026-05-18 13:42:39+05:30,53500.15,0,0.0,0,0.0,0.0,53282.15,53585.15,52783.45,53710.35,0,0.0,0.0,0.0,0.0,-0.01,-1,-1,-0.01,-1,-1,-0.01,-1,-1,-0.01,-1,-1,-0.01,-1,-1,-0.01,-1,-1,-0.01,-1,-1,-0.01,-1,-1,-0.01,-1,-1,-0.01,-1,-1
99926009,2026-05-18 13:42:40+05:30,53499.5,0,0.0,0,0.0,0.0,53282.15,53585.15,52783.45,53710.35,0,0.0,0.0,0.0,0.0,-0.01,-1,-1,-0.01,-1,-1,-0.01,-1,-1,-0.01,-1,-1,-0.01,-1,-1,-0.01,-1,-1,-0.01,-1,-1,-0.01,-1,-1,-0.01,-1,-1,-0.01,-1,-1
99926009,2026-05-18 13:42:40+05:30,53498.35,0,0.0,0,0.0,0.0,53282.15,53585.15,52783.45,53710.35,0,0.0,0.0,0.0,0.0,-0.01,-1,-1,-0.01,-1,-1,-0.01,-1,-1,-0.01,-1,-1,-0.01,-1,-1,-0.01,-1,-1,-0.01,-1,-1,-0.01,-1,-1,-0.01,-1,-1,-0.01,-1,-1
99926009,2026-05-18 13:42:41+05:30,53499.05,0,0.0,0,0.0,0.0,53282.15,53585.15,52783.45,53710.35,0,0.0,0.0,0.0,0.0,-0.01,-1,-1,-0.01,-1,-1,-0.01,-1,-1,-0.01,-1,-1,-0.01,-1,-1,-0.01,-1,-1,-0.01,-1,-1,-0.01,-1,-1,-0.01,-1,-1,-0.01,-1,-1
99926009,2026-05-18 13:42:41+05:30,53497.1,0,0.0,0,0.0,0.0,53282.15,53585.15,52783.45,53710.35,0,0.0,0.0,0.0,0.0,-0.01,-1,-1,-0.01,-1,-1,-0.01,-1,-1,-0.01,-1,-1,-0.01,-1,-1,-0.01,-1,-1,-0.01,-1,-1,-0.01,-1,-1,-0.01,-1,-1,-0.01,-1,-1
99926009,2026-05-18 13:42:42+05:30,53495.95,0,0.0,0,0.0,0.0,53282.15,53585.15,52783.45,53710.35,0,0.0,0.0,0.0,0.0,-0.01,-1,-1,-0.01,-1,-1,-0.01,-1,-1,-0.01,-1,-1,-0.01,-1,-1,-0.01,-1,-1,-0.01,-1,-1,-0.01,-1,-1,-0.01,-1,-1,-0.01,-1,-1
99926009,2026-05-18 13:42:42+05:30,53496.95,0,0.0,0,0.0,0.0,53282.15,53585.15,52783.45,53710.35,0,0.0,0.0,0.0,0.0,-0.01,-1,-1,-0.01,-1,-1,-0.01,-1,-1,-0.01,-1,-1,-0.01,-1,-1,-0.01,-1,-1,-0.01,-1,-1,-0.01,-1,-1,-0.01,-1,-1,-0.01,-1,-1
99926009,2026-05-18 13:42:43+05:30,53494.3,0,0.0,0,0.0,0.0,53282.15,53585.15,52783.45,53710.35,0,0.0,0.0,0.0,0.0,-0.01,-1,-1,-0.01,-1,-1,-0.01,-1,-1,-0.01,-1,-1,-0.01,-1,-1,-0.01,-1,-1,-0.01,-1,-1,-0.01,-1,-1,-0.01,-1,-1,-0.01,-1,-1
99926009,2026-05-18 13:42:43+05:30,53497.5,0,0.0,0,0.0,0.0,53282.15,53585.15,52783.45,53710.35,0,0.0,0.0,0.0,0.0,-0.01,-1,-1,-0.01,-1,-1,-0.01,-1,-1,-0.01,-1,-1,-0.01,-1,-1,-0.01,-1,-1,-0.01,-1,-1,-0.01,-1,-1,-0.01,-1,-1,-0.01,-1,-1
99926009,2026-05-18 13:42:44+05:30,53497.1,0,0.0,0,0.0,0.0,53282.15,53585.15,52783.45,53710.35,0,0.0,0.0,0.0,0.0,-0.01,-1,-1,-0.01,-1,-1,-0.01,-1,-1,-0.01,-1,-1,-0.01,-1,-1,-0.01,-1,-1,-0.01,-1,-1,-0.01,-1,-1,-0.01,-1,-1,-0.01,-1,-1
99926009,2026-05-18 13:42:44+05:30,53496.3,0,0.0,0,0.0,0.0,53282.15,53585.15,52783.45,53710.35,0,0.0,0.0,0.0,0.0,-0.01,-1,-1,-0.01,-1,-1,-0.01,-1,-1,-0.01,-1,-1,-0.01,-1,-1,-0.01,-1,-1,-0.01,-1,-1,-0.01,-1,-1,-0.01,-1,-1,-0.01,-1,-1
99926009,2026-05-18 13:42:45+05:30,53498.95,0,0.0,0,0.0,0.0,53282.15,53585.15,52783.45,53710.35,0,0.0,0.0,0.0,0.0,-0.01,-1,-1,-0.01,-1,-1,-0.01,-1,-1,-0.01,-1,-1,-0.01,-1,-1,-0.01,-1,-1,-0.01,-1,-1,-0.01,-1,-1,-0.01,-1,-1,-0.01,-1,-1
99926009,2026-05-18 13:42:45+05:30,53499.15,0,0.0,0,0.0,0.0,53282.15,53585.15,52783.45,53710.35,0,0.0,0.0,0.0,0.0,-0.01,-1,-1,-0.01,-1,-1,-0.01,-1,-1,-0.01,-1,-1,-0.01,-1,-1,-0.01,-1,-1,-0.01,-1,-1,-0.01,-1,-1,-0.01,-1,-1,-0.01,-1,-1
99926009,2026-05-18 13:42:46+05:30,53501.0,0,0.0,0,0.0,0.0,53282.15,53585.15,52783.45,53710.35,0,0.0,0.0,0.0,0.0,-0.01,-1,-1,-0.01,-1,-1,-0.01,-1,-1,-0.01,-1,-1,-0.01,-1,-1,-0.01,-1,-1,-0.01,-1,-1,-0.01,-1,-1,-0.01,-1,-1,-0.01,-1,-1
99926009,2026-05-18 13:42:46+05:30,53500.5,0,0.0,0,0.0,0.0,53282.15,53585.15,52783.45,53710.35,0,0.0,0.0,0.0,0.0,-0.01,-1,-1,-0.01,-1,-1,-0.01,-1,-1,-0.01,-1,-1,-0.01,-1,-1,-0.01,-1,-1,-0.01,-1,-1,-0.01,-1,-1,-0.01,-1,-1,-0.01,-1,-1
99926009,2026-05-18 13:42:47+05:30,53497.0,0,0.0,0,0.0,0.0,53282.15,53585.15,52783.45,53710.35,0,0.0,0.0,0.0,0.0,-0.01,-1,-1,-0.01,-1,-1,-0.01,-1,-1,-0.01,-1,-1,-0.01,-1,-1,-0.01,-1,-1,-0.01,-1,-1,-0.01,-1,-1,-0.01,-1,-1,-0.01,-1,-1
99926009,2026-05-18 13:42:47+05:30,53496.9,0,0.0,0,0.0,0.0,53282.15,53585.15,52783.45,53710.35,0,0.0,0.0,0.0,0.0,-0.01,-1,-1,-0.01,-1,-1,-0.01,-1,-1,-0.01,-1,-1,-0.01,-1,-1,-0.01,-1,-1,-0.01,-1,-1,-0.01,-1,-1,-0.01,-1,-1,-0.01,-1,-1
99926009,2026-05-18 13:42:48+05:30,53501.25,0,0.0,0,0.0,0.0,53282.15,53585.15,52783.45,53710.35,0,0.0,0.0,0.0,0.0,-0.01,-1,-1,-0.01,-1,-1,-0.01,-1,-1,-0.01,-1,-1,-0.01,-1,-1,-0.01,-1,-1,-0.01,-1,-1,-0.01,-1,-1,-0.01,-1,-1,-0.01,-1,-1
99926009,2026-05-18 13:42:48+05:30,53502.6,0,0.0,0,0.0,0.0,53282.15,53585.15,52783.45,53710.35,0,0.0,0.0,0.0,0.0,-0.01,-1,-1,-0.01,-1,-1,-0.01,-1,-1,-0.01,-1,-1,-0.01,-1,-1,-0.01,-1,-1,-0.01,-1,-1,-0.01,-1,-1,-0.01,-1,-1,-0.01,-1,-1
99926009,2026-05-18 13:42:49+05:30,53501.25,0,0.0,0,0.0,0.0,53282.15,53585.15,52783.45,53710.35,0,0.0,0.0,0.0,0.0,-0.01,-1,-1,-0.01,-1,-1,-0.01,-1,-1,-0.01,-1,-1,-0.01,-1,-1,-0.01,-1,-1,-0.01,-1,-1,-0.01,-1,-1,-0.01,-1,-1,-0.01,-1,-1
99926009,2026-05-18 13:42:49+05:30,53501.9,0,0.0,0,0.0,0.0,53282.15,53585.15,52783.45,53710.35,0,0.0,0.0,0.0,0.0,-0.01,-1,-1,-0.01,-1,-1,-0.01,-1,-1,-0.01,-1,-1,-0.01,-1,-1,-0.01,-1,-1,-0.01,-1,-1,-0.01,-1,-1,-0.01,-1,-1,-0.01,-1,-1
99926009,2026-05-18 13:42:50+05:30,53505.15,0,0.0,0,0.0,0.0,53282.15,53585.15,52783.45,53710.35,0,0.0,0.0,0.0,0.0,-0.01,-1,-1,-0.01,-1,-1,-0.01,-1,-1,-0.01,-1,-1,-0.01,-1,-1,-0.01,-1,-1,-0.01,-1,-1,-0.01,-1,-1,-0.01,-1,-1,-0.01,-1,-1
99926009,2026-05-18 13:42:50+05:30,53501.9,0,0.0,0,0.0,0.0,53282.15,53585.15,52783.45,53710.35,0,0.0,0.0,0.0,0.0,-0.01,-1,-1,-0.01,-1,-1,-0.01,-1,-1,-0.01,-1,-1,-0.01,-1,-1,-0.01,-1,-1,-0.01,-1,-1,-0.01,-1,-1,-0.01,-1,-1,-0.01,-1,-1
99926009,2026-05-18 13:42:51+05:30,53505.15,0,0.0,0,0.0,0.0,53282.15,53585.15,52783.45,53710.35,0,0.0,0.0,0.0,0.0,-0.01,-1,-1,-0.01,-1,-1,-0.01,-1,-1,-0.01,-1,-1,-0.01,-1,-1,-0.01,-1,-1,-0.01,-1,-1,-0.01,-1,-1,-0.01,-1,-1,-0.01,-1,-1
99926009,2026-05-18 13:42:51+05:30,53504.65,0,0.0,0,0.0,0.0,53282.15,53585.15,52783.45,53710.35,0,0.0,0.0,0.0,0.0,-0.01,-1,-1,-0.01,-1,-1,-0.01,-1,-1,-0.01,-1,-1,-0.01,-1,-1,-0.01,-1,-1,-0.01,-1,-1,-0.01,-1,-1,-0.01,-1,-1,-0.01,-1,-1
99926009,2026-05-18 13:42:52+05:30,53503.2,0,0.0,0,0.0,0.0,53282.15,53585.15,52783.45,53710.35,0,0.0,0.0,0.0,0.0,-0.01,-1,-1,-0.01,-1,-1,-0.01,-1,-1,-0.01,-1,-1,-0.01,-1,-1,-0.01,-1,-1,-0.01,-1,-1,-0.01,-1,-1,-0.01,-1,-1,-0.01,-1,-1
99926009,2026-05-18 13:42:53+05:30,53503.35,0,0.0,0,0.0,0.0,53282.15,53585.15,52783.45,53710.35,0,0.0,0.0,0.0,0.0,-0.01,-1,-1,-0.01,-1,-1,-0.01,-1,-1,-0.01,-1,-1,-0.01,-1,-1,-0.01,-1,-1,-0.01,-1,-1,-0.01,-1,-1,-0.01,-1,-1,-0.01,-1,-1
99926009,2026-05-18 13:42:53+05:30,53504.55,0,0.0,0,0.0,0.0,53282.15,53585.15,52783.45,53710.35,0,0.0,0.0,0.0,0.0,-0.01,-1,-1,-0.01,-1,-1,-0.01,-1,-1,-0.01,-1,-1,-0.01,-1,-1,-0.01,-1,-1,-0.01,-1,-1,-0.01,-1,-1,-0.01,-1,-1,-0.01,-1,-1
99926009,2026-05-18 13:42:54+05:30,53504.5,0,0.0,0,0.0,0.0,53282.15,53585.15,52783.45,53710.35,0,0.0,0.0,0.0,0.0,-0.01,-1,-1,-0.01,-1,-1,-0.01,-1,-1,-0.01,-1,-1,-0.01,-1,-1,-0.01,-1,-1,-0.01,-1,-1,-0.01,-1,-1,-0.01,-1,-1,-0.01,-1,-1
99926009,2026-05-18 13:42:54+05:30,53503.55,0,0.0,0,0.0,0.0,53282.15,53585.15,52783.45,53710.35,0,0.0,0.0,0.0,0.0,-0.01,-1,-1,-0.01,-1,-1,-0.01,-1,-1,-0.01,-1,-1,-0.01,-1,-1,-0.01,-1,-1,-0.01,-1,-1,-0.01,-1,-1,-0.01,-1,-1,-0.01,-1,-1
99926009,2026-05-18 13:42:55+05:30,53505.75,0,0.0,0,0.0,0.0,53282.15,53585.15,52783.45,53710.35,0,0.0,0.0,0.0,0.0,-0.01,-1,-1,-0.01,-1,-1,-0.01,-1,-1,-0.01,-1,-1,-0.01,-1,-1,-0.01,-1,-1,-0.01,-1,-1,-0.01,-1,-1,-0.01,-1,-1,-0.01,-1,-1
99926009,2026-05-18 13:42:55+05:30,53504.65,0,0.0,0,0.0,0.0,53282.15,53585.15,52783.45,53710.35,0,0.0,0.0,0.0,0.0,-0.01,-1,-1,-0.01,-1,-1,-0.01,-1,-1,-0.01,-1,-1,-0.01,-1,-1,-0.01,-1,-1,-0.01,-1,-1,-0.01,-1,-1,-0.01,-1,-1,-0.01,-1,-1
99926009,2026-05-18 13:42:56+05:30,53507.65,0,0.0,0,0.0,0.0,53282.15,53585.15,52783.45,53710.35,0,0.0,0.0,0.0,0.0,-0.01,-1,-1,-0.01,-1,-1,-0.01,-1,-1,-0.01,-1,-1,-0.01,-1,-1,-0.01,-1,-1,-0.01,-1,-1,-0.01,-1,-1,-0.01,-1,-1,-0.01,-1,-1
99926009,2026-05-18 13:42:56+05:30,53502.4,0,0.0,0,0.0,0.0,53282.15,53585.15,52783.45,53710.35,0,0.0,0.0,0.0,0.0,-0.01,-1,-1,-0.01,-1,-1,-0.01,-1,-1,-0.01,-1,-1,-0.01,-1,-1,-0.01,-1,-1,-0.01,-1,-1,-0.01,-1,-1,-0.01,-1,-1,-0.01,-1,-1
99926009,2026-05-18 13:42:57+05:30,53506.1,0,0.0,0,0.0,0.0,53282.15,53585.15,52783.45,53710.35,0,0.0,0.0,0.0,0.0,-0.01,-1,-1,-0.01,-1,-1,-0.01,-1,-1,-0.01,-1,-1,-0.01,-1,-1,-0.01,-1,-1,-0.01,-1,-1,-0.01,-1,-1,-0.01,-1,-1,-0.01,-1,-1
99926009,2026-05-18 13:42:57+05:30,53505.35,0,0.0,0,0.0,0.0,53282.15,53585.15,52783.45,53710.35,0,0.0,0.0,0.0,0.0,-0.01,-1,-1,-0.01,-1,-1,-0.01,-1,-1,-0.01,-1,-1,-0.01,-1,-1,-0.01,-1,-1,-0.01,-1,-1,-0.01,-1,-1,-0.01,-1,-1,-0.01,-1,-1
99926009,2026-05-18 13:42:58+05:30,53507.45,0,0.0,0,0.0,0.0,53282.15,53585.15,52783.45,53710.35,0,0.0,0.0,0.0,0.0,-0.01,-1,-1,-0.01,-1,-1,-0.01,-1,-1,-0.01,-1,-1,-0.01,-1,-1,-0.01,-1,-1,-0.01,-1,-1,-0.01,-1,-1,-0.01,-1,-1,-0.01,-1,-1
99926009,2026-05-18 13:42:58+05:30,53504.65,0,0.0,0,0.0,0.0,53282.15,53585.15,52783.45,53710.35,0,0.0,0.0,0.0,0.0,-0.01,-1,-1,-0.01,-1,-1,-0.01,-1,-1,-0.01,-1,-1,-0.01,-1,-1,-0.01,-1,-1,-0.01,-1,-1,-0.01,-1,-1,-0.01,-1,-1,-0.01,-1,-1
99926009,2026-05-18 13:42:59+05:30,53502.2,0,0.0,0,0.0,0.0,53282.15,53585.15,52783.45,53710.35,0,0.0,0.0,0.0,0.0,-0.01,-1,-1,-0.01,-1,-1,-0.01,-1,-1,-0.01,-1,-1,-0.01,-1,-1,-0.01,-1,-1,-0.01,-1,-1,-0.01,-1,-1,-0.01,-1,-1,-0.01,-1,-1
99926009,2026-05-18 13:42:59+05:30,53503.7,0,0.0,0,0.0,0.0,53282.15,53585.15,52783.45,53710.35,0,0.0,0.0,0.0,0.0,-0.01,-1,-1,-0.01,-1,-1,-0.01,-1,-1,-0.01,-1,-1,-0.01,-1,-1,-0.01,-1,-1,-0.01,-1,-1,-0.01,-1,-1,-0.01,-1,-1,-0.01,-1,-1
99926009,2026-05-18 13:43:00+05:30,53503.9,0,0.0,0,0.0,0.0,53282.15,53585.15,52783.45,53710.35,0,0.0,0.0,0.0,0.0,-0.01,-1,-1,-0.01,-1,-1,-0.01,-1,-1,-0.01,-1,-1,-0.01,-1,-1,-0.01,-1,-1,-0.01,-1,-1,-0.01,-1,-1,-0.01,-1,-1,-0.01,-1,-1
99926009,2026-05-18 13:43:00+05:30,53504.7,0,0.0,0,0.0,0.0,53282.15,53585.15,52783.45,53710.35,0,0.0,0.0,0.0,0.0,-0.01,-1,-1,-0.01,-1,-1,-0.01,-1,-1,-0.01,-1,-1,-0.01,-1,-1,-0.01,-1,-1,-0.01,-1,-1,-0.01,-1,-1,-0.01,-1,-1,-0.01,-1,-1
99926009,2026-05-18 13:43:01+05:30,53508.45,0,0.0,0,0.0,0.0,53282.15,53585.15,52783.45,53710.35,0,0.0,0.0,0.0,0.0,-0.01,-1,-1,-0.01,-1,-1,-0.01,-1,-1,-0.01,-1,-1,-0.01,-1,-1,-0.01,-1,-1,-0.01,-1,-1,-0.01,-1,-1,-0.01,-1,-1,-0.01,-1,-1
99926009,2026-05-18 13:43:01+05:30,53510.35,0,0.0,0,0.0,0.0,53282.15,53585.15,52783.45,53710.35,0,0.0,0.0,0.0,0.0,-0.01,-1,-1,-0.01,-1,-1,-0.01,-1,-1,-0.01,-1,-1,-0.01,-1,-1,-0.01,-1,-1,-0.01,-1,-1,-0.01,-1,-1,-0.01,-1,-1,-0.01,-1,-1
99926009,2026-05-18 13:43:02+05:30,53509.8,0,0.0,0,0.0,0.0,53282.15,53585.15,52783.45,53710.35,0,0.0,0.0,0.0,0.0,-0.01,-1,-1,-0.01,-1,-1,-0.01,-1,-1,-0.01,-1,-1,-0.01,-1,-1,-0.01,-1,-1,-0.01,-1,-1,-0.01,-1,-1,-0.01,-1,-1,-0.01,-1,-1
99926009,2026-05-18 13:43:02+05:30,53506.55,0,0.0,0,0.0,0.0,53282.15,53585.15,52783.45,53710.35,0,0.0,0.0,0.0,0.0,-0.01,-1,-1,-0.01,-1,-1,-0.01,-1,-1,-0.01,-1,-1,-0.01,-1,-1,-0.01,-1,-1,-0.01,-1,-1,-0.01,-1,-1,-0.01,-1,-1,-0.01,-1,-1
99926009,2026-05-18 13:43:03+05:30,53507.45,0,0.0,0,0.0,0.0,53282.15,53585.15,52783.45,53710.35,0,0.0,0.0,0.0,0.0,-0.01,-1,-1,-0.01,-1,-1,-0.01,-1,-1,-0.01,-1,-1,-0.01,-1,-1,-0.01,-1,-1,-0.01,-1,-1,-0.01,-1,-1,-0.01,-1,-1,-0.01,-1,-1
99926009,2026-05-18 13:43:03+05:30,53506.85,0,0.0,0,0.0,0.0,53282.15,53585.15,52783.45,53710.35,0,0.0,0.0,0.0,0.0,-0.01,-1,-1,-0.01,-1,-1,-0.01,-1,-1,-0.01,-1,-1,-0.01,-1,-1,-0.01,-1,-1,-0.01,-1,-1,-0.01,-1,-1,-0.01,-1,-1,-0.01,-1,-1
99926009,2026-05-18 13:43:04+05:30,53505.55,0,0.0,0,0.0,0.0,53282.15,53585.15,52783.45,53710.35,0,0.0,0.0,0.0,0.0,-0.01,-1,-1,-0.01,-1,-1,-0.01,-1,-1,-0.01,-1,-1,-0.01,-1,-1,-0.01,-1,-1,-0.01,-1,-1,-0.01,-1,-1,-0.01,-1,-1,-0.01,-1,-1
99926009,2026-05-18 13:43:04+05:30,53506.15,0,0.0,0,0.0,0.0,53282.15,53585.15,52783.45,53710.35,0,0.0,0.0,0.0,0.0,-0.01,-1,-1,-0.01,-1,-1,-0.01,-1,-1,-0.01,-1,-1,-0.01,-1,-1,-0.01,-1,-1,-0.01,-1,-1,-0.01,-1,-1,-0.01,-1,-1,-0.01,-1,-1
99926009,2026-05-18 13:43:05+05:30,53507.35,0,0.0,0,0.0,0.0,53282.15,53585.15,52783.45,53710.35,0,0.0,0.0,0.0,0.0,-0.01,-1,-1,-0.01,-1,-1,-0.01,-1,-1,-0.01,-1,-1,-0.01,-1,-1,-0.01,-1,-1,-0.01,-1,-1,-0.01,-1,-1,-0.01,-1,-1,-0.01,-1,-1
99926009,2026-05-18 13:43:05+05:30,53504.9,0,0.0,0,0.0,0.0,53282.15,53585.15,52783.45,53710.35,0,0.0,0.0,0.0,0.0,-0.01,-1,-1,-0.01,-1,-1,-0.01,-1,-1,-0.01,-1,-1,-0.01,-1,-1,-0.01,-1,-1,-0.01,-1,-1,-0.01,-1,-1,-0.01,-1,-1,-0.01,-1,-1
99926009,2026-05-18 13:43:06+05:30,53506.7,0,0.0,0,0.0,0.0,53282.15,53585.15,52783.45,53710.35,0,0.0,0.0,0.0,0.0,-0.01,-1,-1,-0.01,-1,-1,-0.01,-1,-1,-0.01,-1,-1,-0.01,-1,-1,-0.01,-1,-1,-0.01,-1,-1,-0.01,-1,-1,-0.01,-1,-1,-0.01,-1,-1
99926009,2026-05-18 13:43:06+05:30,53506.05,0,0.0,0,0.0,0.0,53282.15,53585.15,52783.45,53710.35,0,0.0,0.0,0.0,0.0,-0.01,-1,-1,-0.01,-1,-1,-0.01,-1,-1,-0.01,-1,-1,-0.01,-1,-1,-0.01,-1,-1,-0.01,-1,-1,-0.01,-1,-1,-0.01,-1,-1,-0.01,-1,-1
99926009,2026-05-18 13:43:07+05:30,53506.0,0,0.0,0,0.0,0.0,53282.15,53585.15,52783.45,53710.35,0,0.0,0.0,0.0,0.0,-0.01,-1,-1,-0.01,-1,-1,-0.01,-1,-1,-0.01,-1,-1,-0.01,-1,-1,-0.01,-1,-1,-0.01,-1,-1,-0.01,-1,-1,-0.01,-1,-1,-0.01,-1,-1
99926009,2026-05-18 13:43:07+05:30,53507.25,0,0.0,0,0.0,0.0,53282.15,53585.15,52783.45,53710.35,0,0.0,0.0,0.0,0.0,-0.01,-1,-1,-0.01,-1,-1,-0.01,-1,-1,-0.01,-1,-1,-0.01,-1,-1,-0.01,-1,-1,-0.01,-1,-1,-0.01,-1,-1,-0.01,-1,-1,-0.01,-1,-1
99926009,2026-05-18 13:43:08+05:30,53503.6,0,0.0,0,0.0,0.0,53282.15,53585.15,52783.45,53710.35,0,0.0,0.0,0.0,0.0,-0.01,-1,-1,-0.01,-1,-1,-0.01,-1,-1,-0.01,-1,-1,-0.01,-1,-1,-0.01,-1,-1,-0.01,-1,-1,-0.01,-1,-1,-0.01,-1,-1,-0.01,-1,-1
99926009,2026-05-18 13:43:08+05:30,53504.1,0,0.0,0,0.0,0.0,53282.15,53585.15,52783.45,53710.35,0,0.0,0.0,0.0,0.0,-0.01,-1,-1,-0.01,-1,-1,-0.01,-1,-1,-0.01,-1,-1,-0.01,-1,-1,-0.01,-1,-1,-0.01,-1,-1,-0.01,-1,-1,-0.01,-1,-1,-0.01,-1,-1
99926009,2026-05-18 13:43:09+05:30,53503.35,0,0.0,0,0.0,0.0,53282.15,53585.15,52783.45,53710.35,0,0.0,0.0,0.0,0.0,-0.01,-1,-1,-0.01,-1,-1,-0.01,-1,-1,-0.01,-1,-1,-0.01,-1,-1,-0.01,-1,-1,-0.01,-1,-1,-0.01,-1,-1,-0.01,-1,-1,-0.01,-1,-1
99926009,2026-05-18 13:43:09+05:30,53507.95,0,0.0,0,0.0,0.0,53282.15,53585.15,52783.45,53710.35,0,0.0,0.0,0.0,0.0,-0.01,-1,-1,-0.01,-1,-1,-0.01,-1,-1,-0.01,-1,-1,-0.01,-1,-1,-0.01,-1,-1,-0.01,-1,-1,-0.01,-1,-1,-0.01,-1,-1,-0.01,-1,-1
99926009,2026-05-18 13:43:10+05:30,53508.2,0,0.0,0,0.0,0.0,53282.15,53585.15,52783.45,53710.35,0,0.0,0.0,0.0,0.0,-0.01,-1,-1,-0.01,-1,-1,-0.01,-1,-1,-0.01,-1,-1,-0.01,-1,-1,-0.01,-1,-1,-0.01,-1,-1,-0.01,-1,-1,-0.01,-1,-1,-0.01,-1,-1
99926009,2026-05-18 13:43:10+05:30,53505.75,0,0.0,0,0.0,0.0,53282.15,53585.15,52783.45,53710.35,0,0.0,0.0,0.0,0.0,-0.01,-1,-1,-0.01,-1,-1,-0.01,-1,-1,-0.01,-1,-1,-0.01,-1,-1,-0.01,-1,-1,-0.01,-1,-1,-0.01,-1,-1,-0.01,-1,-1,-0.01,-1,-1
99926009,2026-05-18 13:43:11+05:30,53507.75,0,0.0,0,0.0,0.0,53282.15,53585.15,52783.45,53710.35,0,0.0,0.0,0.0,0.0,-0.01,-1,-1,-0.01,-1,-1,-0.01,-1,-1,-0.01,-1,-1,-0.01,-1,-1,-0.01,-1,-1,-0.01,-1,-1,-0.01,-1,-1,-0.01,-1,-1,-0.01,-1,-1
99926009,2026-05-18 13:43:11+05:30,53507.0,0,0.0,0,0.0,0.0,53282.15,53585.15,52783.45,53710.35,0,0.0,0.0,0.0,0.0,-0.01,-1,-1,-0.01,-1,-1,-0.01,-1,-1,-0.01,-1,-1,-0.01,-1,-1,-0.01,-1,-1,-0.01,-1,-1,-0.01,-1,-1,-0.01,-1,-1,-0.01,-1,-1
99926009,2026-05-18 13:43:12+05:30,53505.9,0,0.0,0,0.0,0.0,53282.15,53585.15,52783.45,53710.35,0,0.0,0.0,0.0,0.0,-0.01,-1,-1,-0.01,-1,-1,-0.01,-1,-1,-0.01,-1,-1,-0.01,-1,-1,-0.01,-1,-1,-0.01,-1,-1,-0.01,-1,-1,-0.01,-1,-1,-0.01,-1,-1
99926009,2026-05-18 13:43:12+05:30,53508.65,0,0.0,0,0.0,0.0,53282.15,53585.15,52783.45,53710.35,0,0.0,0.0,0.0,0.0,-0.01,-1,-1,-0.01,-1,-1,-0.01,-1,-1,-0.01,-1,-1,-0.01,-1,-1,-0.01,-1,-1,-0.01,-1,-1,-0.01,-1,-1,-0.01,-1,-1,-0.01,-1,-1
99926009,2026-05-18 13:43:13+05:30,53509.15,0,0.0,0,0.0,0.0,53282.15,53585.15,52783.45,53710.35,0,0.0,0.0,0.0,0.0,-0.01,-1,-1,-0.01,-1,-1,-0.01,-1,-1,-0.01,-1,-1,-0.01,-1,-1,-0.01,-1,-1,-0.01,-1,-1,-0.01,-1,-1,-0.01,-1,-1,-0.01,-1,-1
99926009,2026-05-18 13:43:13+05:30,53510.8,0,0.0,0,0.0,0.0,53282.15,53585.15,52783.45,53710.35,0,0.0,0.0,0.0,0.0,-0.01,-1,-1,-0.01,-1,-1,-0.01,-1,-1,-0.01,-1,-1,-0.01,-1,-1,-0.01,-1,-1,-0.01,-1,-1,-0.01,-1,-1,-0.01,-1,-1,-0.01,-1,-1
99926009,2026-05-18 13:43:14+05:30,53508.3,0,0.0,0,0.0,0.0,53282.15,53585.15,52783.45,53710.35,0,0.0,0.0,0.0,0.0,-0.01,-1,-1,-0.01,-1,-1,-0.01,-1,-1,-0.01,-1,-1,-0.01,-1,-1,-0.01,-1,-1,-0.01,-1,-1,-0.01,-1,-1,-0.01,-1,-1,-0.01,-1,-1
99926009,2026-05-18 13:43:14+05:30,53508.5,0,0.0,0,0.0,0.0,53282.15,53585.15,52783.45,53710.35,0,0.0,0.0,0.0,0.0,-0.01,-1,-1,-0.01,-1,-1,-0.01,-1,-1,-0.01,-1,-1,-0.01,-1,-1,-0.01,-1,-1,-0.01,-1,-1,-0.01,-1,-1,-0.01,-1,-1,-0.01,-1,-1
99926009,2026-05-18 13:43:15+05:30,53511.15,0,0.0,0,0.0,0.0,53282.15,53585.15,52783.45,53710.35,0,0.0,0.0,0.0,0.0,-0.01,-1,-1,-0.01,-1,-1,-0.01,-1,-1,-0.01,-1,-1,-0.01,-1,-1,-0.01,-1,-1,-0.01,-1,-1,-0.01,-1,-1,-0.01,-1,-1,-0.01,-1,-1
99926009,2026-05-18 13:43:15+05:30,53511.4,0,0.0,0,0.0,0.0,53282.15,53585.15,52783.45,53710.35,0,0.0,0.0,0.0,0.0,-0.01,-1,-1,-0.01,-1,-1,-0.01,-1,-1,-0.01,-1,-1,-0.01,-1,-1,-0.01,-1,-1,-0.01,-1,-1,-0.01,-1,-1,-0.01,-1,-1,-0.01,-1,-1
99926009,2026-05-18 13:43:16+05:30,53516.5,0,0.0,0,0.0,0.0,53282.15,53585.15,52783.45,53710.35,0,0.0,0.0,0.0,0.0,-0.01,-1,-1,-0.01,-1,-1,-0.01,-1,-1,-0.01,-1,-1,-0.01,-1,-1,-0.01,-1,-1,-0.01,-1,-1,-0.01,-1,-1,-0.01,-1,-1,-0.01,-1,-1
99926009,2026-05-18 13:43:16+05:30,53516.05,0,0.0,0,0.0,0.0,53282.15,53585.15,52783.45,53710.35,0,0.0,0.0,0.0,0.0,-0.01,-1,-1,-0.01,-1,-1,-0.01,-1,-1,-0.01,-1,-1,-0.01,-1,-1,-0.01,-1,-1,-0.01,-1,-1,-0.01,-1,-1,-0.01,-1,-1,-0.01,-1,-1
99926009,2026-05-18 13:43:17+05:30,53512.7,0,0.0,0,0.0,0.0,53282.15,53585.15,52783.45,53710.35,0,0.0,0.0,0.0,0.0,-0.01,-1,-1,-0.01,-1,-1,-0.01,-1,-1,-0.01,-1,-1,-0.01,-1,-1,-0.01,-1,-1,-0.01,-1,-1,-0.01,-1,-1,-0.01,-1,-1,-0.01,-1,-1
99926009,2026-05-18 13:43:17+05:30,53516.1,0,0.0,0,0.0,0.0,53282.15,53585.15,52783.45,53710.35,0,0.0,0.0,0.0,0.0,-0.01,-1,-1,-0.01,-1,-1,-0.01,-1,-1,-0.01,-1,-1,-0.01,-1,-1,-0.01,-1,-1,-0.01,-1,-1,-0.01,-1,-1,-0.01,-1,-1,-0.01,-1,-1
99926009,2026-05-18 13:43:18+05:30,53514.6,0,0.0,0,0.0,0.0,53282.15,53585.15,52783.45,53710.35,0,0.0,0.0,0.0,0.0,-0.01,-1,-1,-0.01,-1,-1,-0.01,-1,-1,-0.01,-1,-1,-0.01,-1,-1,-0.01,-1,-1,-0.01,-1,-1,-0.01,-1,-1,-0.01,-1,-1,-0.01,-1,-1
99926009,2026-05-18 13:43:18+05:30,53515.55,0,0.0,0,0.0,0.0,53282.15,53585.15,52783.45,53710.35,0,0.0,0.0,0.0,0.0,-0.01,-1,-1,-0.01,-1,-1,-0.01,-1,-1,-0.01,-1,-1,-0.01,-1,-1,-0.01,-1,-1,-0.01,-1,-1,-0.01,-1,-1,-0.01,-1,-1,-0.01,-1,-1
99926009,2026-05-18 13:43:19+05:30,53518.35,0,0.0,0,0.0,0.0,53282.15,53585.15,52783.45,53710.35,0,0.0,0.0,0.0,0.0,-0.01,-1,-1,-0.01,-1,-1,-0.01,-1,-1,-0.01,-1,-1,-0.01,-1,-1,-0.01,-1,-1,-0.01,-1,-1,-0.01,-1,-1,-0.01,-1,-1,-0.01,-1,-1
99926009,2026-05-18 13:43:19+05:30,53518.0,0,0.0,0,0.0,0.0,53282.15,53585.15,52783.45,53710.35,0,0.0,0.0,0.0,0.0,-0.01,-1,-1,-0.01,-1,-1,-0.01,-1,-1,-0.01,-1,-1,-0.01,-1,-1,-0.01,-1,-1,-0.01,-1,-1,-0.01,-1,-1,-0.01,-1,-1,-0.01,-1,-1
99926009,2026-05-18 13:43:20+05:30,53520.45,0,0.0,0,0.0,0.0,53282.15,53585.15,52783.45,53710.35,0,0.0,0.0,0.0,0.0,-0.01,-1,-1,-0.01,-1,-1,-0.01,-1,-1,-0.01,-1,-1,-0.01,-1,-1,-0.01,-1,-1,-0.01,-1,-1,-0.01,-1,-1,-0.01,-1,-1,-0.01,-1,-1
99926009,2026-05-18 13:43:20+05:30,53518.55,0,0.0,0,0.0,0.0,53282.15,53585.15,52783.45,53710.35,0,0.0,0.0,0.0,0.0,-0.01,-1,-1,-0.01,-1,-1,-0.01,-1,-1,-0.01,-1,-1,-0.01,-1,-1,-0.01,-1,-1,-0.01,-1,-1,-0.01,-1,-1,-0.01,-1,-1,-0.01,-1,-1
99926009,2026-05-18 13:43:21+05:30,53520.45,0,0.0,0,0.0,0.0,53282.15,53585.15,52783.45,53710.35,0,0.0,0.0,0.0,0.0,-0.01,-1,-1,-0.01,-1,-1,-0.01,-1,-1,-0.01,-1,-1,-0.01,-1,-1,-0.01,-1,-1,-0.01,-1,-1,-0.01,-1,-1,-0.01,-1,-1,-0.01,-1,-1
99926009,2026-05-18 13:43:21+05:30,53521.3,0,0.0,0,0.0,0.0,53282.15,53585.15,52783.45,53710.35,0,0.0,0.0,0.0,0.0,-0.01,-1,-1,-0.01,-1,-1,-0.01,-1,-1,-0.01,-1,-1,-0.01,-1,-1,-0.01,-1,-1,-0.01,-1,-1,-0.01,-1,-1,-0.01,-1,-1,-0.01,-1,-1
99926009,2026-05-18 13:43:22+05:30,53519.1,0,0.0,0,0.0,0.0,53282.15,53585.15,52783.45,53710.35,0,0.0,0.0,0.0,0.0,-0.01,-1,-1,-0.01,-1,-1,-0.01,-1,-1,-0.01,-1,-1,-0.01,-1,-1,-0.01,-1,-1,-0.01,-1,-1,-0.01,-1,-1,-0.01,-1,-1,-0.01,-1,-1
99926009,2026-05-18 13:43:22+05:30,53521.1,0,0.0,0,0.0,0.0,53282.15,53585.15,52783.45,53710.35,0,0.0,0.0,0.0,0.0,-0.01,-1,-1,-0.01,-1,-1,-0.01,-1,-1,-0.01,-1,-1,-0.01,-1,-1,-0.01,-1,-1,-0.01,-1,-1,-0.01,-1,-1,-0.01,-1,-1,-0.01,-1,-1
99926009,2026-05-18 13:43:23+05:30,53519.65,0,0.0,0,0.0,0.0,53282.15,53585.15,52783.45,53710.35,0,0.0,0.0,0.0,0.0,-0.01,-1,-1,-0.01,-1,-1,-0.01,-1,-1,-0.01,-1,-1,-0.01,-1,-1,-0.01,-1,-1,-0.01,-1,-1,-0.01,-1,-1,-0.01,-1,-1,-0.01,-1,-1
99926009,2026-05-18 13:43:23+05:30,53517.85,0,0.0,0,0.0,0.0,53282.15,53585.15,52783.45,53710.35,0,0.0,0.0,0.0,0.0,-0.01,-1,-1,-0.01,-1,-1,-0.01,-1,-1,-0.01,-1,-1,-0.01,-1,-1,-0.01,-1,-1,-0.01,-1,-1,-0.01,-1,-1,-0.01,-1,-1,-0.01,-1,-1
99926009,2026-05-18 13:43:24+05:30,53520.1,0,0.0,0,0.0,0.0,53282.15,53585.15,52783.45,53710.35,0,0.0,0.0,0.0,0.0,-0.01,-1,-1,-0.01,-1,-1,-0.01,-1,-1,-0.01,-1,-1,-0.01,-1,-1,-0.01,-1,-1,-0.01,-1,-1,-0.01,-1,-1,-0.01,-1,-1,-0.01,-1,-1
99926009,2026-05-18 13:43:24+05:30,53519.1,0,0.0,0,0.0,0.0,53282.15,53585.15,52783.45,53710.35,0,0.0,0.0,0.0,0.0,-0.01,-1,-1,-0.01,-1,-1,-0.01,-1,-1,-0.01,-1,-1,-0.01,-1,-1,-0.01,-1,-1,-0.01,-1,-1,-0.01,-1,-1,-0.01,-1,-1,-0.01,-1,-1
99926009,2026-05-18 13:43:25+05:30,53521.0,0,0.0,0,0.0,0.0,53282.15,53585.15,52783.45,53710.35,0,0.0,0.0,0.0,0.0,-0.01,-1,-1,-0.01,-1,-1,-0.01,-1,-1,-0.01,-1,-1,-0.01,-1,-1,-0.01,-1,-1,-0.01,-1,-1,-0.01,-1,-1,-0.01,-1,-1,-0.01,-1,-1
99926009,2026-05-18 13:43:25+05:30,53520.8,0,0.0,0,0.0,0.0,53282.15,53585.15,52783.45,53710.35,0,0.0,0.0,0.0,0.0,-0.01,-1,-1,-0.01,-1,-1,-0.01,-1,-1,-0.01,-1,-1,-0.01,-1,-1,-0.01,-1,-1,-0.01,-1,-1,-0.01,-1,-1,-0.01,-1,-1,-0.01,-1,-1
99926009,2026-05-18 13:43:26+05:30,53520.75,0,0.0,0,0.0,0.0,53282.15,53585.15,52783.45,53710.35,0,0.0,0.0,0.0,0.0,-0.01,-1,-1,-0.01,-1,-1,-0.01,-1,-1,-0.01,-1,-1,-0.01,-1,-1,-0.01,-1,-1,-0.01,-1,-1,-0.01,-1,-1,-0.01,-1,-1,-0.01,-1,-1
99926009,2026-05-18 13:43:26+05:30,53519.9,0,0.0,0,0.0,0.0,53282.15,53585.15,52783.45,53710.35,0,0.0,0.0,0.0,0.0,-0.01,-1,-1,-0.01,-1,-1,-0.01,-1,-1,-0.01,-1,-1,-0.01,-1,-1,-0.01,-1,-1,-0.01,-1,-1,-0.01,-1,-1,-0.01,-1,-1,-0.01,-1,-1
99926009,2026-05-18 13:43:27+05:30,53513.65,0,0.0,0,0.0,0.0,53282.15,53585.15,52783.45,53710.35,0,0.0,0.0,0.0,0.0,-0.01,-1,-1,-0.01,-1,-1,-0.01,-1,-1,-0.01,-1,-1,-0.01,-1,-1,-0.01,-1,-1,-0.01,-1,-1,-0.01,-1,-1,-0.01,-1,-1,-0.01,-1,-1
99926009,2026-05-18 13:43:27+05:30,53512.15,0,0.0,0,0.0,0.0,53282.15,53585.15,52783.45,53710.35,0,0.0,0.0,0.0,0.0,-0.01,-1,-1,-0.01,-1,-1,-0.01,-1,-1,-0.01,-1,-1,-0.01,-1,-1,-0.01,-1,-1,-0.01,-1,-1,-0.01,-1,-1,-0.01,-1,-1,-0.01,-1,-1
99926009,2026-05-18 13:43:28+05:30,53511.95,0,0.0,0,0.0,0.0,53282.15,53585.15,52783.45,53710.35,0,0.0,0.0,0.0,0.0,-0.01,-1,-1,-0.01,-1,-1,-0.01,-1,-1,-0.01,-1,-1,-0.01,-1,-1,-0.01,-1,-1,-0.01,-1,-1,-0.01,-1,-1,-0.01,-1,-1,-0.01,-1,-1
99926009,2026-05-18 13:43:28+05:30,53506.8,0,0.0,0,0.0,0.0,53282.15,53585.15,52783.45,53710.35,0,0.0,0.0,0.0,0.0,-0.01,-1,-1,-0.01,-1,-1,-0.01,-1,-1,-0.01,-1,-1,-0.01,-1,-1,-0.01,-1,-1,-0.01,-1,-1,-0.01,-1,-1,-0.01,-1,-1,-0.01,-1,-1
99926009,2026-05-18 13:43:29+05:30,53512.65,0,0.0,0,0.0,0.0,53282.15,53585.15,52783.45,53710.35,0,0.0,0.0,0.0,0.0,-0.01,-1,-1,-0.01,-1,-1,-0.01,-1,-1,-0.01,-1,-1,-0.01,-1,-1,-0.01,-1,-1,-0.01,-1,-1,-0.01,-1,-1,-0.01,-1,-1,-0.01,-1,-1
99926009,2026-05-18 13:43:30+05:30,53510.75,0,0.0,0,0.0,0.0,53282.15,53585.15,52783.45,53710.35,0,0.0,0.0,0.0,0.0,-0.01,-1,-1,-0.01,-1,-1,-0.01,-1,-1,-0.01,-1,-1,-0.01,-1,-1,-0.01,-1,-1,-0.01,-1,-1,-0.01,-1,-1,-0.01,-1,-1,-0.01,-1,-1
99926009,2026-05-18 13:43:30+05:30,53506.8,0,0.0,0,0.0,0.0,53282.15,53585.15,52783.45,53710.35,0,0.0,0.0,0.0,0.0,-0.01,-1,-1,-0.01,-1,-1,-0.01,-1,-1,-0.01,-1,-1,-0.01,-1,-1,-0.01,-1,-1,-0.01,-1,-1,-0.01,-1,-1,-0.01,-1,-1,-0.01,-1,-1
99926009,2026-05-18 13:43:31+05:30,53509.4,0,0.0,0,0.0,0.0,53282.15,53585.15,52783.45,53710.35,0,0.0,0.0,0.0,0.0,-0.01,-1,-1,-0.01,-1,-1,-0.01,-1,-1,-0.01,-1,-1,-0.01,-1,-1,-0.01,-1,-1,-0.01,-1,-1,-0.01,-1,-1,-0.01,-1,-1,-0.01,-1,-1
99926009,2026-05-18 13:43:31+05:30,53505.65,0,0.0,0,0.0,0.0,53282.15,53585.15,52783.45,53710.35,0,0.0,0.0,0.0,0.0,-0.01,-1,-1,-0.01,-1,-1,-0.01,-1,-1,-0.01,-1,-1,-0.01,-1,-1,-0.01,-1,-1,-0.01,-1,-1,-0.01,-1,-1,-0.01,-1,-1,-0.01,-1,-1
99926009,2026-05-18 13:43:32+05:30,53505.65,0,0.0,0,0.0,0.0,53282.15,53585.15,52783.45,53710.35,0,0.0,0.0,0.0,0.0,-0.01,-1,-1,-0.01,-1,-1,-0.01,-1,-1,-0.01,-1,-1,-0.01,-1,-1,-0.01,-1,-1,-0.01,-1,-1,-0.01,-1,-1,-0.01,-1,-1,-0.01,-1,-1
99926009,2026-05-18 13:43:32+05:30,53504.3,0,0.0,0,0.0,0.0,53282.15,53585.15,52783.45,53710.35,0,0.0,0.0,0.0,0.0,-0.01,-1,-1,-0.01,-1,-1,-0.01,-1,-1,-0.01,-1,-1,-0.01,-1,-1,-0.01,-1,-1,-0.01,-1,-1,-0.01,-1,-1,-0.01,-1,-1,-0.01,-1,-1
99926009,2026-05-18 13:43:33+05:30,53505.8,0,0.0,0,0.0,0.0,53282.15,53585.15,52783.45,53710.35,0,0.0,0.0,0.0,0.0,-0.01,-1,-1,-0.01,-1,-1,-0.01,-1,-1,-0.01,-1,-1,-0.01,-1,-1,-0.01,-1,-1,-0.01,-1,-1,-0.01,-1,-1,-0.01,-1,-1,-0.01,-1,-1
99926009,2026-05-18 13:43:33+05:30,53508.45,0,0.0,0,0.0,0.0,53282.15,53585.15,52783.45,53710.35,0,0.0,0.0,0.0,0.0,-0.01,-1,-1,-0.01,-1,-1,-0.01,-1,-1,-0.01,-1,-1,-0.01,-1,-1,-0.01,-1,-1,-0.01,-1,-1,-0.01,-1,-1,-0.01,-1,-1,-0.01,-1,-1
99926009,2026-05-18 13:43:34+05:30,53506.85,0,0.0,0,0.0,0.0,53282.15,53585.15,52783.45,53710.35,0,0.0,0.0,0.0,0.0,-0.01,-1,-1,-0.01,-1,-1,-0.01,-1,-1,-0.01,-1,-1,-0.01,-1,-1,-0.01,-1,-1,-0.01,-1,-1,-0.01,-1,-1,-0.01,-1,-1,-0.01,-1,-1
99926009,2026-05-18 13:43:34+05:30,53504.45,0,0.0,0,0.0,0.0,53282.15,53585.15,52783.45,53710.35,0,0.0,0.0,0.0,0.0,-0.01,-1,-1,-0.01,-1,-1,-0.01,-1,-1,-0.01,-1,-1,-0.01,-1,-1,-0.01,-1,-1,-0.01,-1,-1,-0.01,-1,-1,-0.01,-1,-1,-0.01,-1,-1
99926009,2026-05-18 13:43:35+05:30,53503.55,0,0.0,0,0.0,0.0,53282.15,53585.15,52783.45,53710.35,0,0.0,0.0,0.0,0.0,-0.01,-1,-1,-0.01,-1,-1,-0.01,-1,-1,-0.01,-1,-1,-0.01,-1,-1,-0.01,-1,-1,-0.01,-1,-1,-0.01,-1,-1,-0.01,-1,-1,-0.01,-1,-1
99926009,2026-05-18 13:43:35+05:30,53499.25,0,0.0,0,0.0,0.0,53282.15,53585.15,52783.45,53710.35,0,0.0,0.0,0.0,0.0,-0.01,-1,-1,-0.01,-1,-1,-0.01,-1,-1,-0.01,-1,-1,-0.01,-1,-1,-0.01,-1,-1,-0.01,-1,-1,-0.01,-1,-1,-0.01,-1,-1,-0.01,-1,-1
99926009,2026-05-18 13:43:36+05:30,53500.6,0,0.0,0,0.0,0.0,53282.15,53585.15,52783.45,53710.35,0,0.0,0.0,0.0,0.0,-0.01,-1,-1,-0.01,-1,-1,-0.01,-1,-1,-0.01,-1,-1,-0.01,-1,-1,-0.01,-1,-1,-0.01,-1,-1,-0.01,-1,-1,-0.01,-1,-1,-0.01,-1,-1
99926009,2026-05-18 13:43:36+05:30,53499.85,0,0.0,0,0.0,0.0,53282.15,53585.15,52783.45,53710.35,0,0.0,0.0,0.0,0.0,-0.01,-1,-1,-0.01,-1,-1,-0.01,-1,-1,-0.01,-1,-1,-0.01,-1,-1,-0.01,-1,-1,-0.01,-1,-1,-0.01,-1,-1,-0.01,-1,-1,-0.01,-1,-1
99926009,2026-05-18 13:43:37+05:30,53500.25,0,0.0,0,0.0,0.0,53282.15,53585.15,52783.45,53710.35,0,0.0,0.0,0.0,0.0,-0.01,-1,-1,-0.01,-1,-1,-0.01,-1,-1,-0.01,-1,-1,-0.01,-1,-1,-0.01,-1,-1,-0.01,-1,-1,-0.01,-1,-1,-0.01,-1,-1,-0.01,-1,-1
99926009,2026-05-18 13:43:37+05:30,53497.75,0,0.0,0,0.0,0.0,53282.15,53585.15,52783.45,53710.35,0,0.0,0.0,0.0,0.0,-0.01,-1,-1,-0.01,-1,-1,-0.01,-1,-1,-0.01,-1,-1,-0.01,-1,-1,-0.01,-1,-1,-0.01,-1,-1,-0.01,-1,-1,-0.01,-1,-1,-0.01,-1,-1
99926009,2026-05-18 13:43:38+05:30,53497.75,0,0.0,0,0.0,0.0,53282.15,53585.15,52783.45,53710.35,0,0.0,0.0,0.0,0.0,-0.01,-1,-1,-0.01,-1,-1,-0.01,-1,-1,-0.01,-1,-1,-0.01,-1,-1,-0.01,-1,-1,-0.01,-1,-1,-0.01,-1,-1,-0.01,-1,-1,-0.01,-1,-1
99926009,2026-05-18 13:43:38+05:30,53498.95,0,0.0,0,0.0,0.0,53282.15,53585.15,52783.45,53710.35,0,0.0,0.0,0.0,0.0,-0.01,-1,-1,-0.01,-1,-1,-0.01,-1,-1,-0.01,-1,-1,-0.01,-1,-1,-0.01,-1,-1,-0.01,-1,-1,-0.01,-1,-1,-0.01,-1,-1,-0.01,-1,-1
99926009,2026-05-18 13:43:39+05:30,53498.3,0,0.0,0,0.0,0.0,53282.15,53585.15,52783.45,53710.35,0,0.0,0.0,0.0,0.0,-0.01,-1,-1,-0.01,-1,-1,-0.01,-1,-1,-0.01,-1,-1,-0.01,-1,-1,-0.01,-1,-1,-0.01,-1,-1,-0.01,-1,-1,-0.01,-1,-1,-0.01,-1,-1
99926009,2026-05-18 13:43:39+05:30,53497.8,0,0.0,0,0.0,0.0,53282.15,53585.15,52783.45,53710.35,0,0.0,0.0,0.0,0.0,-0.01,-1,-1,-0.01,-1,-1,-0.01,-1,-1,-0.01,-1,-1,-0.01,-1,-1,-0.01,-1,-1,-0.01,-1,-1,-0.01,-1,-1,-0.01,-1,-1,-0.01,-1,-1
99926009,2026-05-18 13:43:40+05:30,53499.05,0,0.0,0,0.0,0.0,53282.15,53585.15,52783.45,53710.35,0,0.0,0.0,0.0,0.0,-0.01,-1,-1,-0.01,-1,-1,-0.01,-1,-1,-0.01,-1,-1,-0.01,-1,-1,-0.01,-1,-1,-0.01,-1,-1,-0.01,-1,-1,-0.01,-1,-1,-0.01,-1,-1
99926009,2026-05-18 13:43:40+05:30,53498.6,0,0.0,0,0.0,0.0,53282.15,53585.15,52783.45,53710.35,0,0.0,0.0,0.0,0.0,-0.01,-1,-1,-0.01,-1,-1,-0.01,-1,-1,-0.01,-1,-1,-0.01,-1,-1,-0.01,-1,-1,-0.01,-1,-1,-0.01,-1,-1,-0.01,-1,-1,-0.01,-1,-1
99926009,2026-05-18 13:43:41+05:30,53499.85,0,0.0,0,0.0,0.0,53282.15,53585.15,52783.45,53710.35,0,0.0,0.0,0.0,0.0,-0.01,-1,-1,-0.01,-1,-1,-0.01,-1,-1,-0.01,-1,-1,-0.01,-1,-1,-0.01,-1,-1,-0.01,-1,-1,-0.01,-1,-1,-0.01,-1,-1,-0.01,-1,-1
99926009,2026-05-18 13:43:41+05:30,53498.7,0,0.0,0,0.0,0.0,53282.15,53585.15,52783.45,53710.35,0,0.0,0.0,0.0,0.0,-0.01,-1,-1,-0.01,-1,-1,-0.01,-1,-1,-0.01,-1,-1,-0.01,-1,-1,-0.01,-1,-1,-0.01,-1,-1,-0.01,-1,-1,-0.01,-1,-1,-0.01,-1,-1
99926009,2026-05-18 13:43:42+05:30,53499.05,0,0.0,0,0.0,0.0,53282.15,53585.15,52783.45,53710.35,0,0.0,0.0,0.0,0.0,-0.01,-1,-1,-0.01,-1,-1,-0.01,-1,-1,-0.01,-1,-1,-0.01,-1,-1,-0.01,-1,-1,-0.01,-1,-1,-0.01,-1,-1,-0.01,-1,-1,-0.01,-1,-1
99926009,2026-05-18 13:43:42+05:30,53498.15,0,0.0,0,0.0,0.0,53282.15,53585.15,52783.45,53710.35,0,0.0,0.0,0.0,0.0,-0.01,-1,-1,-0.01,-1,-1,-0.01,-1,-1,-0.01,-1,-1,-0.01,-1,-1,-0.01,-1,-1,-0.01,-1,-1,-0.01,-1,-1,-0.01,-1,-1,-0.01,-1,-1
99926009,2026-05-18 13:43:43+05:30,53496.55,0,0.0,0,0.0,0.0,53282.15,53585.15,52783.45,53710.35,0,0.0,0.0,0.0,0.0,-0.01,-1,-1,-0.01,-1,-1,-0.01,-1,-1,-0.01,-1,-1,-0.01,-1,-1,-0.01,-1,-1,-0.01,-1,-1,-0.01,-1,-1,-0.01,-1,-1,-0.01,-1,-1
99926009,2026-05-18 13:43:43+05:30,53497.35,0,0.0,0,0.0,0.0,53282.15,53585.15,52783.45,53710.35,0,0.0,0.0,0.0,0.0,-0.01,-1,-1,-0.01,-1,-1,-0.01,-1,-1,-0.01,-1,-1,-0.01,-1,-1,-0.01,-1,-1,-0.01,-1,-1,-0.01,-1,-1,-0.01,-1,-1,-0.01,-1,-1
99926009,2026-05-18 13:43:44+05:30,53496.25,0,0.0,0,0.0,0.0,53282.15,53585.15,52783.45,53710.35,0,0.0,0.0,0.0,0.0,-0.01,-1,-1,-0.01,-1,-1,-0.01,-1,-1,-0.01,-1,-1,-0.01,-1,-1,-0.01,-1,-1,-0.01,-1,-1,-0.01,-1,-1,-0.01,-1,-1,-0.01,-1,-1
99926009,2026-05-18 13:43:44+05:30,53499.05,0,0.0,0,0.0,0.0,53282.15,53585.15,52783.45,53710.35,0,0.0,0.0,0.0,0.0,-0.01,-1,-1,-0.01,-1,-1,-0.01,-1,-1,-0.01,-1,-1,-0.01,-1,-1,-0.01,-1,-1,-0.01,-1,-1,-0.01,-1,-1,-0.01,-1,-1,-0.01,-1,-1
99926009,2026-05-18 13:43:45+05:30,53501.45,0,0.0,0,0.0,0.0,53282.15,53585.15,52783.45,53710.35,0,0.0,0.0,0.0,0.0,-0.01,-1,-1,-0.01,-1,-1,-0.01,-1,-1,-0.01,-1,-1,-0.01,-1,-1,-0.01,-1,-1,-0.01,-1,-1,-0.01,-1,-1,-0.01,-1,-1,-0.01,-1,-1
99926009,2026-05-18 13:43:45+05:30,53500.05,0,0.0,0,0.0,0.0,53282.15,53585.15,52783.45,53710.35,0,0.0,0.0,0.0,0.0,-0.01,-1,-1,-0.01,-1,-1,-0.01,-1,-1,-0.01,-1,-1,-0.01,-1,-1,-0.01,-1,-1,-0.01,-1,-1,-0.01,-1,-1,-0.01,-1,-1,-0.01,-1,-1
99926009,2026-05-18 13:43:46+05:30,53499.1,0,0.0,0,0.0,0.0,53282.15,53585.15,52783.45,53710.35,0,0.0,0.0,0.0,0.0,-0.01,-1,-1,-0.01,-1,-1,-0.01,-1,-1,-0.01,-1,-1,-0.01,-1,-1,-0.01,-1,-1,-0.01,-1,-1,-0.01,-1,-1,-0.01,-1,-1,-0.01,-1,-1
99926009,2026-05-18 13:43:46+05:30,53498.45,0,0.0,0,0.0,0.0,53282.15,53585.15,52783.45,53710.35,0,0.0,0.0,0.0,0.0,-0.01,-1,-1,-0.01,-1,-1,-0.01,-1,-1,-0.01,-1,-1,-0.01,-1,-1,-0.01,-1,-1,-0.01,-1,-1,-0.01,-1,-1,-0.01,-1,-1,-0.01,-1,-1
99926009,2026-05-18 13:43:47+05:30,53497.35,0,0.0,0,0.0,0.0,53282.15,53585.15,52783.45,53710.35,0,0.0,0.0,0.0,0.0,-0.01,-1,-1,-0.01,-1,-1,-0.01,-1,-1,-0.01,-1,-1,-0.01,-1,-1,-0.01,-1,-1,-0.01,-1,-1,-0.01,-1,-1,-0.01,-1,-1,-0.01,-1,-1
99926009,2026-05-18 13:43:47+05:30,53496.9,0,0.0,0,0.0,0.0,53282.15,53585.15,52783.45,53710.35,0,0.0,0.0,0.0,0.0,-0.01,-1,-1,-0.01,-1,-1,-0.01,-1,-1,-0.01,-1,-1,-0.01,-1,-1,-0.01,-1,-1,-0.01,-1,-1,-0.01,-1,-1,-0.01,-1,-1,-0.01,-1,-1
99926009,2026-05-18 13:43:48+05:30,53498.05,0,0.0,0,0.0,0.0,53282.15,53585.15,52783.45,53710.35,0,0.0,0.0,0.0,0.0,-0.01,-1,-1,-0.01,-1,-1,-0.01,-1,-1,-0.01,-1,-1,-0.01,-1,-1,-0.01,-1,-1,-0.01,-1,-1,-0.01,-1,-1,-0.01,-1,-1,-0.01,-1,-1
99926009,2026-05-18 13:43:48+05:30,53495.9,0,0.0,0,0.0,0.0,53282.15,53585.15,52783.45,53710.35,0,0.0,0.0,0.0,0.0,-0.01,-1,-1,-0.01,-1,-1,-0.01,-1,-1,-0.01,-1,-1,-0.01,-1,-1,-0.01,-1,-1,-0.01,-1,-1,-0.01,-1,-1,-0.01,-1,-1,-0.01,-1,-1
99926009,2026-05-18 13:43:49+05:30,53496.7,0,0.0,0,0.0,0.0,53282.15,53585.15,52783.45,53710.35,0,0.0,0.0,0.0,0.0,-0.01,-1,-1,-0.01,-1,-1,-0.01,-1,-1,-0.01,-1,-1,-0.01,-1,-1,-0.01,-1,-1,-0.01,-1,-1,-0.01,-1,-1,-0.01,-1,-1,-0.01,-1,-1
99926009,2026-05-18 13:43:49+05:30,53496.15,0,0.0,0,0.0,0.0,53282.15,53585.15,52783.45,53710.35,0,0.0,0.0,0.0,0.0,-0.01,-1,-1,-0.01,-1,-1,-0.01,-1,-1,-0.01,-1,-1,-0.01,-1,-1,-0.01,-1,-1,-0.01,-1,-1,-0.01,-1,-1,-0.01,-1,-1,-0.01,-1,-1
99926009,2026-05-18 13:43:50+05:30,53497.85,0,0.0,0,0.0,0.0,53282.15,53585.15,52783.45,53710.35,0,0.0,0.0,0.0,0.0,-0.01,-1,-1,-0.01,-1,-1,-0.01,-1,-1,-0.01,-1,-1,-0.01,-1,-1,-0.01,-1,-1,-0.01,-1,-1,-0.01,-1,-1,-0.01,-1,-1,-0.01,-1,-1
99926009,2026-05-18 13:43:50+05:30,53494.75,0,0.0,0,0.0,0.0,53282.15,53585.15,52783.45,53710.35,0,0.0,0.0,0.0,0.0,-0.01,-1,-1,-0.01,-1,-1,-0.01,-1,-1,-0.01,-1,-1,-0.01,-1,-1,-0.01,-1,-1,-0.01,-1,-1,-0.01,-1,-1,-0.01,-1,-1,-0.01,-1,-1
99926009,2026-05-18 13:43:51+05:30,53496.65,0,0.0,0,0.0,0.0,53282.15,53585.15,52783.45,53710.35,0,0.0,0.0,0.0,0.0,-0.01,-1,-1,-0.01,-1,-1,-0.01,-1,-1,-0.01,-1,-1,-0.01,-1,-1,-0.01,-1,-1,-0.01,-1,-1,-0.01,-1,-1,-0.01,-1,-1,-0.01,-1,-1
99926009,2026-05-18 13:43:51+05:30,53493.1,0,0.0,0,0.0,0.0,53282.15,53585.15,52783.45,53710.35,0,0.0,0.0,0.0,0.0,-0.01,-1,-1,-0.01,-1,-1,-0.01,-1,-1,-0.01,-1,-1,-0.01,-1,-1,-0.01,-1,-1,-0.01,-1,-1,-0.01,-1,-1,-0.01,-1,-1,-0.01,-1,-1
99926009,2026-05-18 13:43:52+05:30,53496.15,0,0.0,0,0.0,0.0,53282.15,53585.15,52783.45,53710.35,0,0.0,0.0,0.0,0.0,-0.01,-1,-1,-0.01,-1,-1,-0.01,-1,-1,-0.01,-1,-1,-0.01,-1,-1,-0.01,-1,-1,-0.01,-1,-1,-0.01,-1,-1,-0.01,-1,-1,-0.01,-1,-1
99926009,2026-05-18 13:43:52+05:30,53494.65,0,0.0,0,0.0,0.0,53282.15,53585.15,52783.45,53710.35,0,0.0,0.0,0.0,0.0,-0.01,-1,-1,-0.01,-1,-1,-0.01,-1,-1,-0.01,-1,-1,-0.01,-1,-1,-0.01,-1,-1,-0.01,-1,-1,-0.01,-1,-1,-0.01,-1,-1,-0.01,-1,-1
99926009,2026-05-18 13:43:53+05:30,53494.0,0,0.0,0,0.0,0.0,53282.15,53585.15,52783.45,53710.35,0,0.0,0.0,0.0,0.0,-0.01,-1,-1,-0.01,-1,-1,-0.01,-1,-1,-0.01,-1,-1,-0.01,-1,-1,-0.01,-1,-1,-0.01,-1,-1,-0.01,-1,-1,-0.01,-1,-1,-0.01,-1,-1
99926009,2026-05-18 13:43:53+05:30,53492.7,0,0.0,0,0.0,0.0,53282.15,53585.15,52783.45,53710.35,0,0.0,0.0,0.0,0.0,-0.01,-1,-1,-0.01,-1,-1,-0.01,-1,-1,-0.01,-1,-1,-0.01,-1,-1,-0.01,-1,-1,-0.01,-1,-1,-0.01,-1,-1,-0.01,-1,-1,-0.01,-1,-1
99926009,2026-05-18 13:43:54+05:30,53491.85,0,0.0,0,0.0,0.0,53282.15,53585.15,52783.45,53710.35,0,0.0,0.0,0.0,0.0,-0.01,-1,-1,-0.01,-1,-1,-0.01,-1,-1,-0.01,-1,-1,-0.01,-1,-1,-0.01,-1,-1,-0.01,-1,-1,-0.01,-1,-1,-0.01,-1,-1,-0.01,-1,-1
99926009,2026-05-18 13:43:54+05:30,53492.2,0,0.0,0,0.0,0.0,53282.15,53585.15,52783.45,53710.35,0,0.0,0.0,0.0,0.0,-0.01,-1,-1,-0.01,-1,-1,-0.01,-1,-1,-0.01,-1,-1,-0.01,-1,-1,-0.01,-1,-1,-0.01,-1,-1,-0.01,-1,-1,-0.01,-1,-1,-0.01,-1,-1
99926009,2026-05-18 13:43:55+05:30,53489.75,0,0.0,0,0.0,0.0,53282.15,53585.15,52783.45,53710.35,0,0.0,0.0,0.0,0.0,-0.01,-1,-1,-0.01,-1,-1,-0.01,-1,-1,-0.01,-1,-1,-0.01,-1,-1,-0.01,-1,-1,-0.01,-1,-1,-0.01,-1,-1,-0.01,-1,-1,-0.01,-1,-1
99926009,2026-05-18 13:43:55+05:30,53486.55,0,0.0,0,0.0,0.0,53282.15,53585.15,52783.45,53710.35,0,0.0,0.0,0.0,0.0,-0.01,-1,-1,-0.01,-1,-1,-0.01,-1,-1,-0.01,-1,-1,-0.01,-1,-1,-0.01,-1,-1,-0.01,-1,-1,-0.01,-1,-1,-0.01,-1,-1,-0.01,-1,-1
99926009,2026-05-18 13:43:56+05:30,53486.5,0,0.0,0,0.0,0.0,53282.15,53585.15,52783.45,53710.35,0,0.0,0.0,0.0,0.0,-0.01,-1,-1,-0.01,-1,-1,-0.01,-1,-1,-0.01,-1,-1,-0.01,-1,-1,-0.01,-1,-1,-0.01,-1,-1,-0.01,-1,-1,-0.01,-1,-1,-0.01,-1,-1
99926009,2026-05-18 13:43:56+05:30,53485.65,0,0.0,0,0.0,0.0,53282.15,53585.15,52783.45,53710.35,0,0.0,0.0,0.0,0.0,-0.01,-1,-1,-0.01,-1,-1,-0.01,-1,-1,-0.01,-1,-1,-0.01,-1,-1,-0.01,-1,-1,-0.01,-1,-1,-0.01,-1,-1,-0.01,-1,-1,-0.01,-1,-1
99926009,2026-05-18 13:43:57+05:30,53483.65,0,0.0,0,0.0,0.0,53282.15,53585.15,52783.45,53710.35,0,0.0,0.0,0.0,0.0,-0.01,-1,-1,-0.01,-1,-1,-0.01,-1,-1,-0.01,-1,-1,-0.01,-1,-1,-0.01,-1,-1,-0.01,-1,-1,-0.01,-1,-1,-0.01,-1,-1,-0.01,-1,-1
99926009,2026-05-18 13:43:57+05:30,53482.95,0,0.0,0,0.0,0.0,53282.15,53585.15,52783.45,53710.35,0,0.0,0.0,0.0,0.0,-0.01,-1,-1,-0.01,-1,-1,-0.01,-1,-1,-0.01,-1,-1,-0.01,-1,-1,-0.01,-1,-1,-0.01,-1,-1,-0.01,-1,-1,-0.01,-1,-1,-0.01,-1,-1
99926009,2026-05-18 13:43:58+05:30,53482.85,0,0.0,0,0.0,0.0,53282.15,53585.15,52783.45,53710.35,0,0.0,0.0,0.0,0.0,-0.01,-1,-1,-0.01,-1,-1,-0.01,-1,-1,-0.01,-1,-1,-0.01,-1,-1,-0.01,-1,-1,-0.01,-1,-1,-0.01,-1,-1,-0.01,-1,-1,-0.01,-1,-1
99926009,2026-05-18 13:43:58+05:30,53485.3,0,0.0,0,0.0,0.0,53282.15,53585.15,52783.45,53710.35,0,0.0,0.0,0.0,0.0,-0.01,-1,-1,-0.01,-1,-1,-0.01,-1,-1,-0.01,-1,-1,-0.01,-1,-1,-0.01,-1,-1,-0.01,-1,-1,-0.01,-1,-1,-0.01,-1,-1,-0.01,-1,-1
99926009,2026-05-18 13:43:59+05:30,53484.6,0,0.0,0,0.0,0.0,53282.15,53585.15,52783.45,53710.35,0,0.0,0.0,0.0,0.0,-0.01,-1,-1,-0.01,-1,-1,-0.01,-1,-1,-0.01,-1,-1,-0.01,-1,-1,-0.01,-1,-1,-0.01,-1,-1,-0.01,-1,-1,-0.01,-1,-1,-0.01,-1,-1
99926009,2026-05-18 13:43:59+05:30,53480.85,0,0.0,0,0.0,0.0,53282.15,53585.15,52783.45,53710.35,0,0.0,0.0,0.0,0.0,-0.01,-1,-1,-0.01,-1,-1,-0.01,-1,-1,-0.01,-1,-1,-0.01,-1,-1,-0.01,-1,-1,-0.01,-1,-1,-0.01,-1,-1,-0.01,-1,-1,-0.01,-1,-1
99926009,2026-05-18 13:44:00+05:30,53482.55,0,0.0,0,0.0,0.0,53282.15,53585.15,52783.45,53710.35,0,0.0,0.0,0.0,0.0,-0.01,-1,-1,-0.01,-1,-1,-0.01,-1,-1,-0.01,-1,-1,-0.01,-1,-1,-0.01,-1,-1,-0.01,-1,-1,-0.01,-1,-1,-0.01,-1,-1,-0.01,-1,-1
99926009,2026-05-18 13:44:00+05:30,53488.35,0,0.0,0,0.0,0.0,53282.15,53585.15,52783.45,53710.35,0,0.0,0.0,0.0,0.0,-0.01,-1,-1,-0.01,-1,-1,-0.01,-1,-1,-0.01,-1,-1,-0.01,-1,-1,-0.01,-1,-1,-0.01,-1,-1,-0.01,-1,-1,-0.01,-1,-1,-0.01,-1,-1
99926009,2026-05-18 13:44:01+05:30,53489.75,0,0.0,0,0.0,0.0,53282.15,53585.15,52783.45,53710.35,0,0.0,0.0,0.0,0.0,-0.01,-1,-1,-0.01,-1,-1,-0.01,-1,-1,-0.01,-1,-1,-0.01,-1,-1,-0.01,-1,-1,-0.01,-1,-1,-0.01,-1,-1,-0.01,-1,-1,-0.01,-1,-1
99926009,2026-05-18 13:44:01+05:30,53490.45,0,0.0,0,0.0,0.0,53282.15,53585.15,52783.45,53710.35,0,0.0,0.0,0.0,0.0,-0.01,-1,-1,-0.01,-1,-1,-0.01,-1,-1,-0.01,-1,-1,-0.01,-1,-1,-0.01,-1,-1,-0.01,-1,-1,-0.01,-1,-1,-0.01,-1,-1,-0.01,-1,-1
99926009,2026-05-18 13:44:02+05:30,53491.2,0,0.0,0,0.0,0.0,53282.15,53585.15,52783.45,53710.35,0,0.0,0.0,0.0,0.0,-0.01,-1,-1,-0.01,-1,-1,-0.01,-1,-1,-0.01,-1,-1,-0.01,-1,-1,-0.01,-1,-1,-0.01,-1,-1,-0.01,-1,-1,-0.01,-1,-1,-0.01,-1,-1
99926009,2026-05-18 13:44:02+05:30,53490.65,0,0.0,0,0.0,0.0,53282.15,53585.15,52783.45,53710.35,0,0.0,0.0,0.0,0.0,-0.01,-1,-1,-0.01,-1,-1,-0.01,-1,-1,-0.01,-1,-1,-0.01,-1,-1,-0.01,-1,-1,-0.01,-1,-1,-0.01,-1,-1,-0.01,-1,-1,-0.01,-1,-1
99926009,2026-05-18 13:44:03+05:30,53492.15,0,0.0,0,0.0,0.0,53282.15,53585.15,52783.45,53710.35,0,0.0,0.0,0.0,0.0,-0.01,-1,-1,-0.01,-1,-1,-0.01,-1,-1,-0.01,-1,-1,-0.01,-1,-1,-0.01,-1,-1,-0.01,-1,-1,-0.01,-1,-1,-0.01,-1,-1,-0.01,-1,-1
99926009,2026-05-18 13:44:03+05:30,53493.9,0,0.0,0,0.0,0.0,53282.15,53585.15,52783.45,53710.35,0,0.0,0.0,0.0,0.0,-0.01,-1,-1,-0.01,-1,-1,-0.01,-1,-1,-0.01,-1,-1,-0.01,-1,-1,-0.01,-1,-1,-0.01,-1,-1,-0.01,-1,-1,-0.01,-1,-1,-0.01,-1,-1
99926009,2026-05-18 13:44:04+05:30,53493.1,0,0.0,0,0.0,0.0,53282.15,53585.15,52783.45,53710.35,0,0.0,0.0,0.0,0.0,-0.01,-1,-1,-0.01,-1,-1,-0.01,-1,-1,-0.01,-1,-1,-0.01,-1,-1,-0.01,-1,-1,-0.01,-1,-1,-0.01,-1,-1,-0.01,-1,-1,-0.01,-1,-1
99926009,2026-05-18 13:44:04+05:30,53493.0,0,0.0,0,0.0,0.0,53282.15,53585.15,52783.45,53710.35,0,0.0,0.0,0.0,0.0,-0.01,-1,-1,-0.01,-1,-1,-0.01,-1,-1,-0.01,-1,-1,-0.01,-1,-1,-0.01,-1,-1,-0.01,-1,-1,-0.01,-1,-1,-0.01,-1,-1,-0.01,-1,-1
99926009,2026-05-18 13:44:05+05:30,53493.0,0,0.0,0,0.0,0.0,53282.15,53585.15,52783.45,53710.35,0,0.0,0.0,0.0,0.0,-0.01,-1,-1,-0.01,-1,-1,-0.01,-1,-1,-0.01,-1,-1,-0.01,-1,-1,-0.01,-1,-1,-0.01,-1,-1,-0.01,-1,-1,-0.01,-1,-1,-0.01,-1,-1
99926009,2026-05-18 13:44:05+05:30,53491.4,0,0.0,0,0.0,0.0,53282.15,53585.15,52783.45,53710.35,0,0.0,0.0,0.0,0.0,-0.01,-1,-1,-0.01,-1,-1,-0.01,-1,-1,-0.01,-1,-1,-0.01,-1,-1,-0.01,-1,-1,-0.01,-1,-1,-0.01,-1,-1,-0.01,-1,-1,-0.01,-1,-1
99926009,2026-05-18 13:44:06+05:30,53493.95,0,0.0,0,0.0,0.0,53282.15,53585.15,52783.45,53710.35,0,0.0,0.0,0.0,0.0,-0.01,-1,-1,-0.01,-1,-1,-0.01,-1,-1,-0.01,-1,-1,-0.01,-1,-1,-0.01,-1,-1,-0.01,-1,-1,-0.01,-1,-1,-0.01,-1,-1,-0.01,-1,-1
99926009,2026-05-18 13:44:06+05:30,53494.2,0,0.0,0,0.0,0.0,53282.15,53585.15,52783.45,53710.35,0,0.0,0.0,0.0,0.0,-0.01,-1,-1,-0.01,-1,-1,-0.01,-1,-1,-0.01,-1,-1,-0.01,-1,-1,-0.01,-1,-1,-0.01,-1,-1,-0.01,-1,-1,-0.01,-1,-1,-0.01,-1,-1
99926009,2026-05-18 13:44:07+05:30,53488.35,0,0.0,0,0.0,0.0,53282.15,53585.15,52783.45,53710.35,0,0.0,0.0,0.0,0.0,-0.01,-1,-1,-0.01,-1,-1,-0.01,-1,-1,-0.01,-1,-1,-0.01,-1,-1,-0.01,-1,-1,-0.01,-1,-1,-0.01,-1,-1,-0.01,-1,-1,-0.01,-1,-1
99926009,2026-05-18 13:44:07+05:30,53489.7,0,0.0,0,0.0,0.0,53282.15,53585.15,52783.45,53710.35,0,0.0,0.0,0.0,0.0,-0.01,-1,-1,-0.01,-1,-1,-0.01,-1,-1,-0.01,-1,-1,-0.01,-1,-1,-0.01,-1,-1,-0.01,-1,-1,-0.01,-1,-1,-0.01,-1,-1,-0.01,-1,-1
99926009,2026-05-18 13:44:08+05:30,53487.9,0,0.0,0,0.0,0.0,53282.15,53585.15,52783.45,53710.35,0,0.0,0.0,0.0,0.0,-0.01,-1,-1,-0.01,-1,-1,-0.01,-1,-1,-0.01,-1,-1,-0.01,-1,-1,-0.01,-1,-1,-0.01,-1,-1,-0.01,-1,-1,-0.01,-1,-1,-0.01,-1,-1
99926009,2026-05-18 13:44:08+05:30,53490.5,0,0.0,0,0.0,0.0,53282.15,53585.15,52783.45,53710.35,0,0.0,0.0,0.0,0.0,-0.01,-1,-1,-0.01,-1,-1,-0.01,-1,-1,-0.01,-1,-1,-0.01,-1,-1,-0.01,-1,-1,-0.01,-1,-1,-0.01,-1,-1,-0.01,-1,-1,-0.01,-1,-1
99926009,2026-05-18 13:44:09+05:30,53487.35,0,0.0,0,0.0,0.0,53282.15,53585.15,52783.45,53710.35,0,0.0,0.0,0.0,0.0,-0.01,-1,-1,-0.01,-1,-1,-0.01,-1,-1,-0.01,-1,-1,-0.01,-1,-1,-0.01,-1,-1,-0.01,-1,-1,-0.01,-1,-1,-0.01,-1,-1,-0.01,-1,-1
99926009,2026-05-18 13:44:09+05:30,53491.1,0,0.0,0,0.0,0.0,53282.15,53585.15,52783.45,53710.35,0,0.0,0.0,0.0,0.0,-0.01,-1,-1,-0.01,-1,-1,-0.01,-1,-1,-0.01,-1,-1,-0.01,-1,-1,-0.01,-1,-1,-0.01,-1,-1,-0.01,-1,-1,-0.01,-1,-1,-0.01,-1,-1
99926009,2026-05-18 13:44:10+05:30,53490.35,0,0.0,0,0.0,0.0,53282.15,53585.15,52783.45,53710.35,0,0.0,0.0,0.0,0.0,-0.01,-1,-1,-0.01,-1,-1,-0.01,-1,-1,-0.01,-1,-1,-0.01,-1,-1,-0.01,-1,-1,-0.01,-1,-1,-0.01,-1,-1,-0.01,-1,-1,-0.01,-1,-1
99926009,2026-05-18 13:44:10+05:30,53491.15,0,0.0,0,0.0,0.0,53282.15,53585.15,52783.45,53710.35,0,0.0,0.0,0.0,0.0,-0.01,-1,-1,-0.01,-1,-1,-0.01,-1,-1,-0.01,-1,-1,-0.01,-1,-1,-0.01,-1,-1,-0.01,-1,-1,-0.01,-1,-1,-0.01,-1,-1,-0.01,-1,-1
99926009,2026-05-18 13:44:11+05:30,53493.95,0,0.0,0,0.0,0.0,53282.15,53585.15,52783.45,53710.35,0,0.0,0.0,0.0,0.0,-0.01,-1,-1,-0.01,-1,-1,-0.01,-1,-1,-0.01,-1,-1,-0.01,-1,-1,-0.01,-1,-1,-0.01,-1,-1,-0.01,-1,-1,-0.01,-1,-1,-0.01,-1,-1
99926009,2026-05-18 13:44:11+05:30,53490.55,0,0.0,0,0.0,0.0,53282.15,53585.15,52783.45,53710.35,0,0.0,0.0,0.0,0.0,-0.01,-1,-1,-0.01,-1,-1,-0.01,-1,-1,-0.01,-1,-1,-0.01,-1,-1,-0.01,-1,-1,-0.01,-1,-1,-0.01,-1,-1,-0.01,-1,-1,-0.01,-1,-1
99926009,2026-05-18 13:44:12+05:30,53492.65,0,0.0,0,0.0,0.0,53282.15,53585.15,52783.45,53710.35,0,0.0,0.0,0.0,0.0,-0.01,-1,-1,-0.01,-1,-1,-0.01,-1,-1,-0.01,-1,-1,-0.01,-1,-1,-0.01,-1,-1,-0.01,-1,-1,-0.01,-1,-1,-0.01,-1,-1,-0.01,-1,-1
99926009,2026-05-18 13:44:12+05:30,53491.7,0,0.0,0,0.0,0.0,53282.15,53585.15,52783.45,53710.35,0,0.0,0.0,0.0,0.0,-0.01,-1,-1,-0.01,-1,-1,-0.01,-1,-1,-0.01,-1,-1,-0.01,-1,-1,-0.01,-1,-1,-0.01,-1,-1,-0.01,-1,-1,-0.01,-1,-1,-0.01,-1,-1
99926009,2026-05-18 13:44:13+05:30,53490.7,0,0.0,0,0.0,0.0,53282.15,53585.15,52783.45,53710.35,0,0.0,0.0,0.0,0.0,-0.01,-1,-1,-0.01,-1,-1,-0.01,-1,-1,-0.01,-1,-1,-0.01,-1,-1,-0.01,-1,-1,-0.01,-1,-1,-0.01,-1,-1,-0.01,-1,-1,-0.01,-1,-1
99926009,2026-05-18 13:44:13+05:30,53491.2,0,0.0,0,0.0,0.0,53282.15,53585.15,52783.45,53710.35,0,0.0,0.0,0.0,0.0,-0.01,-1,-1,-0.01,-1,-1,-0.01,-1,-1,-0.01,-1,-1,-0.01,-1,-1,-0.01,-1,-1,-0.01,-1,-1,-0.01,-1,-1,-0.01,-1,-1,-0.01,-1,-1
99926009,2026-05-18 13:44:14+05:30,53490.6,0,0.0,0,0.0,0.0,53282.15,53585.15,52783.45,53710.35,0,0.0,0.0,0.0,0.0,-0.01,-1,-1,-0.01,-1,-1,-0.01,-1,-1,-0.01,-1,-1,-0.01,-1,-1,-0.01,-1,-1,-0.01,-1,-1,-0.01,-1,-1,-0.01,-1,-1,-0.01,-1,-1
99926009,2026-05-18 13:44:14+05:30,53492.1,0,0.0,0,0.0,0.0,53282.15,53585.15,52783.45,53710.35,0,0.0,0.0,0.0,0.0,-0.01,-1,-1,-0.01,-1,-1,-0.01,-1,-1,-0.01,-1,-1,-0.01,-1,-1,-0.01,-1,-1,-0.01,-1,-1,-0.01,-1,-1,-0.01,-1,-1,-0.01,-1,-1
99926009,2026-05-18 13:44:15+05:30,53496.45,0,0.0,0,0.0,0.0,53282.15,53585.15,52783.45,53710.35,0,0.0,0.0,0.0,0.0,-0.01,-1,-1,-0.01,-1,-1,-0.01,-1,-1,-0.01,-1,-1,-0.01,-1,-1,-0.01,-1,-1,-0.01,-1,-1,-0.01,-1,-1,-0.01,-1,-1,-0.01,-1,-1
99926009,2026-05-18 13:44:15+05:30,53492.75,0,0.0,0,0.0,0.0,53282.15,53585.15,52783.45,53710.35,0,0.0,0.0,0.0,0.0,-0.01,-1,-1,-0.01,-1,-1,-0.01,-1,-1,-0.01,-1,-1,-0.01,-1,-1,-0.01,-1,-1,-0.01,-1,-1,-0.01,-1,-1,-0.01,-1,-1,-0.01,-1,-1
99926009,2026-05-18 13:44:16+05:30,53492.95,0,0.0,0,0.0,0.0,53282.15,53585.15,52783.45,53710.35,0,0.0,0.0,0.0,0.0,-0.01,-1,-1,-0.01,-1,-1,-0.01,-1,-1,-0.01,-1,-1,-0.01,-1,-1,-0.01,-1,-1,-0.01,-1,-1,-0.01,-1,-1,-0.01,-1,-1,-0.01,-1,-1
99926009,2026-05-18 13:44:16+05:30,53494.0,0,0.0,0,0.0,0.0,53282.15,53585.15,52783.45,53710.35,0,0.0,0.0,0.0,0.0,-0.01,-1,-1,-0.01,-1,-1,-0.01,-1,-1,-0.01,-1,-1,-0.01,-1,-1,-0.01,-1,-1,-0.01,-1,-1,-0.01,-1,-1,-0.01,-1,-1,-0.01,-1,-1
99926009,2026-05-18 13:44:17+05:30,53496.3,0,0.0,0,0.0,0.0,53282.15,53585.15,52783.45,53710.35,0,0.0,0.0,0.0,0.0,-0.01,-1,-1,-0.01,-1,-1,-0.01,-1,-1,-0.01,-1,-1,-0.01,-1,-1,-0.01,-1,-1,-0.01,-1,-1,-0.01,-1,-1,-0.01,-1,-1,-0.01,-1,-1
99926009,2026-05-18 13:44:17+05:30,53496.9,0,0.0,0,0.0,0.0,53282.15,53585.15,52783.45,53710.35,0,0.0,0.0,0.0,0.0,-0.01,-1,-1,-0.01,-1,-1,-0.01,-1,-1,-0.01,-1,-1,-0.01,-1,-1,-0.01,-1,-1,-0.01,-1,-1,-0.01,-1,-1,-0.01,-1,-1,-0.01,-1,-1
99926009,2026-05-18 13:44:18+05:30,53502.7,0,0.0,0,0.0,0.0,53282.15,53585.15,52783.45,53710.35,0,0.0,0.0,0.0,0.0,-0.01,-1,-1,-0.01,-1,-1,-0.01,-1,-1,-0.01,-1,-1,-0.01,-1,-1,-0.01,-1,-1,-0.01,-1,-1,-0.01,-1,-1,-0.01,-1,-1,-0.01,-1,-1
99926009,2026-05-18 13:44:18+05:30,53499.5,0,0.0,0,0.0,0.0,53282.15,53585.15,52783.45,53710.35,0,0.0,0.0,0.0,0.0,-0.01,-1,-1,-0.01,-1,-1,-0.01,-1,-1,-0.01,-1,-1,-0.01,-1,-1,-0.01,-1,-1,-0.01,-1,-1,-0.01,-1,-1,-0.01,-1,-1,-0.01,-1,-1
99926009,2026-05-18 13:44:19+05:30,53500.5,0,0.0,0,0.0,0.0,53282.15,53585.15,52783.45,53710.35,0,0.0,0.0,0.0,0.0,-0.01,-1,-1,-0.01,-1,-1,-0.01,-1,-1,-0.01,-1,-1,-0.01,-1,-1,-0.01,-1,-1,-0.01,-1,-1,-0.01,-1,-1,-0.01,-1,-1,-0.01,-1,-1
99926009,2026-05-18 13:44:19+05:30,53502.15,0,0.0,0,0.0,0.0,53282.15,53585.15,52783.45,53710.35,0,0.0,0.0,0.0,0.0,-0.01,-1,-1,-0.01,-1,-1,-0.01,-1,-1,-0.01,-1,-1,-0.01,-1,-1,-0.01,-1,-1,-0.01,-1,-1,-0.01,-1,-1,-0.01,-1,-1,-0.01,-1,-1
99926009,2026-05-18 13:44:20+05:30,53501.6,0,0.0,0,0.0,0.0,53282.15,53585.15,52783.45,53710.35,0,0.0,0.0,0.0,0.0,-0.01,-1,-1,-0.01,-1,-1,-0.01,-1,-1,-0.01,-1,-1,-0.01,-1,-1,-0.01,-1,-1,-0.01,-1,-1,-0.01,-1,-1,-0.01,-1,-1,-0.01,-1,-1
99926009,2026-05-18 13:44:20+05:30,53498.25,0,0.0,0,0.0,0.0,53282.15,53585.15,52783.45,53710.35,0,0.0,0.0,0.0,0.0,-0.01,-1,-1,-0.01,-1,-1,-0.01,-1,-1,-0.01,-1,-1,-0.01,-1,-1,-0.01,-1,-1,-0.01,-1,-1,-0.01,-1,-1,-0.01,-1,-1,-0.01,-1,-1
99926009,2026-05-18 13:44:21+05:30,53500.9,0,0.0,0,0.0,0.0,53282.15,53585.15,52783.45,53710.35,0,0.0,0.0,0.0,0.0,-0.01,-1,-1,-0.01,-1,-1,-0.01,-1,-1,-0.01,-1,-1,-0.01,-1,-1,-0.01,-1,-1,-0.01,-1,-1,-0.01,-1,-1,-0.01,-1,-1,-0.01,-1,-1
99926009,2026-05-18 13:44:21+05:30,53499.9,0,0.0,0,0.0,0.0,53282.15,53585.15,52783.45,53710.35,0,0.0,0.0,0.0,0.0,-0.01,-1,-1,-0.01,-1,-1,-0.01,-1,-1,-0.01,-1,-1,-0.01,-1,-1,-0.01,-1,-1,-0.01,-1,-1,-0.01,-1,-1,-0.01,-1,-1,-0.01,-1,-1
99926009,2026-05-18 13:44:22+05:30,53497.3,0,0.0,0,0.0,0.0,53282.15,53585.15,52783.45,53710.35,0,0.0,0.0,0.0,0.0,-0.01,-1,-1,-0.01,-1,-1,-0.01,-1,-1,-0.01,-1,-1,-0.01,-1,-1,-0.01,-1,-1,-0.01,-1,-1,-0.01,-1,-1,-0.01,-1,-1,-0.01,-1,-1
99926009,2026-05-18 13:44:22+05:30,53497.1,0,0.0,0,0.0,0.0,53282.15,53585.15,52783.45,53710.35,0,0.0,0.0,0.0,0.0,-0.01,-1,-1,-0.01,-1,-1,-0.01,-1,-1,-0.01,-1,-1,-0.01,-1,-1,-0.01,-1,-1,-0.01,-1,-1,-0.01,-1,-1,-0.01,-1,-1,-0.01,-1,-1
99926009,2026-05-18 13:44:23+05:30,53499.0,0,0.0,0,0.0,0.0,53282.15,53585.15,52783.45,53710.35,0,0.0,0.0,0.0,0.0,-0.01,-1,-1,-0.01,-1,-1,-0.01,-1,-1,-0.01,-1,-1,-0.01,-1,-1,-0.01,-1,-1,-0.01,-1,-1,-0.01,-1,-1,-0.01,-1,-1,-0.01,-1,-1
99926009,2026-05-18 13:44:23+05:30,53498.65,0,0.0,0,0.0,0.0,53282.15,53585.15,52783.45,53710.35,0,0.0,0.0,0.0,0.0,-0.01,-1,-1,-0.01,-1,-1,-0.01,-1,-1,-0.01,-1,-1,-0.01,-1,-1,-0.01,-1,-1,-0.01,-1,-1,-0.01,-1,-1,-0.01,-1,-1,-0.01,-1,-1
99926009,2026-05-18 13:44:24+05:30,53496.45,0,0.0,0,0.0,0.0,53282.15,53585.15,52783.45,53710.35,0,0.0,0.0,0.0,0.0,-0.01,-1,-1,-0.01,-1,-1,-0.01,-1,-1,-0.01,-1,-1,-0.01,-1,-1,-0.01,-1,-1,-0.01,-1,-1,-0.01,-1,-1,-0.01,-1,-1,-0.01,-1,-1
99926009,2026-05-18 13:44:24+05:30,53500.35,0,0.0,0,0.0,0.0,53282.15,53585.15,52783.45,53710.35,0,0.0,0.0,0.0,0.0,-0.01,-1,-1,-0.01,-1,-1,-0.01,-1,-1,-0.01,-1,-1,-0.01,-1,-1,-0.01,-1,-1,-0.01,-1,-1,-0.01,-1,-1,-0.01,-1,-1,-0.01,-1,-1
99926009,2026-05-18 13:44:25+05:30,53501.95,0,0.0,0,0.0,0.0,53282.15,53585.15,52783.45,53710.35,0,0.0,0.0,0.0,0.0,-0.01,-1,-1,-0.01,-1,-1,-0.01,-1,-1,-0.01,-1,-1,-0.01,-1,-1,-0.01,-1,-1,-0.01,-1,-1,-0.01,-1,-1,-0.01,-1,-1,-0.01,-1,-1
99926009,2026-05-18 13:44:25+05:30,53499.25,0,0.0,0,0.0,0.0,53282.15,53585.15,52783.45,53710.35,0,0.0,0.0,0.0,0.0,-0.01,-1,-1,-0.01,-1,-1,-0.01,-1,-1,-0.01,-1,-1,-0.01,-1,-1,-0.01,-1,-1,-0.01,-1,-1,-0.01,-1,-1,-0.01,-1,-1,-0.01,-1,-1
99926009,2026-05-18 13:44:26+05:30,53499.55,0,0.0,0,0.0,0.0,53282.15,53585.15,52783.45,53710.35,0,0.0,0.0,0.0,0.0,-0.01,-1,-1,-0.01,-1,-1,-0.01,-1,-1,-0.01,-1,-1,-0.01,-1,-1,-0.01,-1,-1,-0.01,-1,-1,-0.01,-1,-1,-0.01,-1,-1,-0.01,-1,-1
99926009,2026-05-18 13:44:26+05:30,53495.65,0,0.0,0,0.0,0.0,53282.15,53585.15,52783.45,53710.35,0,0.0,0.0,0.0,0.0,-0.01,-1,-1,-0.01,-1,-1,-0.01,-1,-1,-0.01,-1,-1,-0.01,-1,-1,-0.01,-1,-1,-0.01,-1,-1,-0.01,-1,-1,-0.01,-1,-1,-0.01,-1,-1
99926009,2026-05-18 13:44:27+05:30,53496.3,0,0.0,0,0.0,0.0,53282.15,53585.15,52783.45,53710.35,0,0.0,0.0,0.0,0.0,-0.01,-1,-1,-0.01,-1,-1,-0.01,-1,-1,-0.01,-1,-1,-0.01,-1,-1,-0.01,-1,-1,-0.01,-1,-1,-0.01,-1,-1,-0.01,-1,-1,-0.01,-1,-1
99926009,2026-05-18 13:44:27+05:30,53496.45,0,0.0,0,0.0,0.0,53282.15,53585.15,52783.45,53710.35,0,0.0,0.0,0.0,0.0,-0.01,-1,-1,-0.01,-1,-1,-0.01,-1,-1,-0.01,-1,-1,-0.01,-1,-1,-0.01,-1,-1,-0.01,-1,-1,-0.01,-1,-1,-0.01,-1,-1,-0.01,-1,-1
99926009,2026-05-18 13:44:28+05:30,53497.15,0,0.0,0,0.0,0.0,53282.15,53585.15,52783.45,53710.35,0,0.0,0.0,0.0,0.0,-0.01,-1,-1,-0.01,-1,-1,-0.01,-1,-1,-0.01,-1,-1,-0.01,-1,-1,-0.01,-1,-1,-0.01,-1,-1,-0.01,-1,-1,-0.01,-1,-1,-0.01,-1,-1
99926009,2026-05-18 13:44:28+05:30,53497.6,0,0.0,0,0.0,0.0,53282.15,53585.15,52783.45,53710.35,0,0.0,0.0,0.0,0.0,-0.01,-1,-1,-0.01,-1,-1,-0.01,-1,-1,-0.01,-1,-1,-0.01,-1,-1,-0.01,-1,-1,-0.01,-1,-1,-0.01,-1,-1,-0.01,-1,-1,-0.01,-1,-1
99926009,2026-05-18 13:44:29+05:30,53498.6,0,0.0,0,0.0,0.0,53282.15,53585.15,52783.45,53710.35,0,0.0,0.0,0.0,0.0,-0.01,-1,-1,-0.01,-1,-1,-0.01,-1,-1,-0.01,-1,-1,-0.01,-1,-1,-0.01,-1,-1,-0.01,-1,-1,-0.01,-1,-1,-0.01,-1,-1,-0.01,-1,-1
99926009,2026-05-18 13:44:29+05:30,53499.5,0,0.0,0,0.0,0.0,53282.15,53585.15,52783.45,53710.35,0,0.0,0.0,0.0,0.0,-0.01,-1,-1,-0.01,-1,-1,-0.01,-1,-1,-0.01,-1,-1,-0.01,-1,-1,-0.01,-1,-1,-0.01,-1,-1,-0.01,-1,-1,-0.01,-1,-1,-0.01,-1,-1
99926009,2026-05-18 13:44:30+05:30,53497.65,0,0.0,0,0.0,0.0,53282.15,53585.15,52783.45,53710.35,0,0.0,0.0,0.0,0.0,-0.01,-1,-1,-0.01,-1,-1,-0.01,-1,-1,-0.01,-1,-1,-0.01,-1,-1,-0.01,-1,-1,-0.01,-1,-1,-0.01,-1,-1,-0.01,-1,-1,-0.01,-1,-1
99926009,2026-05-18 13:44:30+05:30,53497.0,0,0.0,0,0.0,0.0,53282.15,53585.15,52783.45,53710.35,0,0.0,0.0,0.0,0.0,-0.01,-1,-1,-0.01,-1,-1,-0.01,-1,-1,-0.01,-1,-1,-0.01,-1,-1,-0.01,-1,-1,-0.01,-1,-1,-0.01,-1,-1,-0.01,-1,-1,-0.01,-1,-1
99926009,2026-05-18 13:44:31+05:30,53497.95,0,0.0,0,0.0,0.0,53282.15,53585.15,52783.45,53710.35,0,0.0,0.0,0.0,0.0,-0.01,-1,-1,-0.01,-1,-1,-0.01,-1,-1,-0.01,-1,-1,-0.01,-1,-1,-0.01,-1,-1,-0.01,-1,-1,-0.01,-1,-1,-0.01,-1,-1,-0.01,-1,-1
99926009,2026-05-18 13:44:32+05:30,53496.2,0,0.0,0,0.0,0.0,53282.15,53585.15,52783.45,53710.35,0,0.0,0.0,0.0,0.0,-0.01,-1,-1,-0.01,-1,-1,-0.01,-1,-1,-0.01,-1,-1,-0.01,-1,-1,-0.01,-1,-1,-0.01,-1,-1,-0.01,-1,-1,-0.01,-1,-1,-0.01,-1,-1
99926009,2026-05-18 13:44:32+05:30,53493.3,0,0.0,0,0.0,0.0,53282.15,53585.15,52783.45,53710.35,0,0.0,0.0,0.0,0.0,-0.01,-1,-1,-0.01,-1,-1,-0.01,-1,-1,-0.01,-1,-1,-0.01,-1,-1,-0.01,-1,-1,-0.01,-1,-1,-0.01,-1,-1,-0.01,-1,-1,-0.01,-1,-1
99926009,2026-05-18 13:44:33+05:30,53494.95,0,0.0,0,0.0,0.0,53282.15,53585.15,52783.45,53710.35,0,0.0,0.0,0.0,0.0,-0.01,-1,-1,-0.01,-1,-1,-0.01,-1,-1,-0.01,-1,-1,-0.01,-1,-1,-0.01,-1,-1,-0.01,-1,-1,-0.01,-1,-1,-0.01,-1,-1,-0.01,-1,-1
99926009,2026-05-18 13:44:33+05:30,53493.4,0,0.0,0,0.0,0.0,53282.15,53585.15,52783.45,53710.35,0,0.0,0.0,0.0,0.0,-0.01,-1,-1,-0.01,-1,-1,-0.01,-1,-1,-0.01,-1,-1,-0.01,-1,-1,-0.01,-1,-1,-0.01,-1,-1,-0.01,-1,-1,-0.01,-1,-1,-0.01,-1,-1
99926009,2026-05-18 13:44:34+05:30,53493.5,0,0.0,0,0.0,0.0,53282.15,53585.15,52783.45,53710.35,0,0.0,0.0,0.0,0.0,-0.01,-1,-1,-0.01,-1,-1,-0.01,-1,-1,-0.01,-1,-1,-0.01,-1,-1,-0.01,-1,-1,-0.01,-1,-1,-0.01,-1,-1,-0.01,-1,-1,-0.01,-1,-1
99926009,2026-05-18 13:44:34+05:30,53489.3,0,0.0,0,0.0,0.0,53282.15,53585.15,52783.45,53710.35,0,0.0,0.0,0.0,0.0,-0.01,-1,-1,-0.01,-1,-1,-0.01,-1,-1,-0.01,-1,-1,-0.01,-1,-1,-0.01,-1,-1,-0.01,-1,-1,-0.01,-1,-1,-0.01,-1,-1,-0.01,-1,-1
99926009,2026-05-18 13:44:35+05:30,53490.75,0,0.0,0,0.0,0.0,53282.15,53585.15,52783.45,53710.35,0,0.0,0.0,0.0,0.0,-0.01,-1,-1,-0.01,-1,-1,-0.01,-1,-1,-0.01,-1,-1,-0.01,-1,-1,-0.01,-1,-1,-0.01,-1,-1,-0.01,-1,-1,-0.01,-1,-1,-0.01,-1,-1
99926009,2026-05-18 13:44:35+05:30,53487.55,0,0.0,0,0.0,0.0,53282.15,53585.15,52783.45,53710.35,0,0.0,0.0,0.0,0.0,-0.01,-1,-1,-0.01,-1,-1,-0.01,-1,-1,-0.01,-1,-1,-0.01,-1,-1,-0.01,-1,-1,-0.01,-1,-1,-0.01,-1,-1,-0.01,-1,-1,-0.01,-1,-1
99926009,2026-05-18 13:44:36+05:30,53492.0,0,0.0,0,0.0,0.0,53282.15,53585.15,52783.45,53710.35,0,0.0,0.0,0.0,0.0,-0.01,-1,-1,-0.01,-1,-1,-0.01,-1,-1,-0.01,-1,-1,-0.01,-1,-1,-0.01,-1,-1,-0.01,-1,-1,-0.01,-1,-1,-0.01,-1,-1,-0.01,-1,-1
99926009,2026-05-18 13:44:36+05:30,53490.1,0,0.0,0,0.0,0.0,53282.15,53585.15,52783.45,53710.35,0,0.0,0.0,0.0,0.0,-0.01,-1,-1,-0.01,-1,-1,-0.01,-1,-1,-0.01,-1,-1,-0.01,-1,-1,-0.01,-1,-1,-0.01,-1,-1,-0.01,-1,-1,-0.01,-1,-1,-0.01,-1,-1
99926009,2026-05-18 13:44:37+05:30,53491.15,0,0.0,0,0.0,0.0,53282.15,53585.15,52783.45,53710.35,0,0.0,0.0,0.0,0.0,-0.01,-1,-1,-0.01,-1,-1,-0.01,-1,-1,-0.01,-1,-1,-0.01,-1,-1,-0.01,-1,-1,-0.01,-1,-1,-0.01,-1,-1,-0.01,-1,-1,-0.01,-1,-1
99926009,2026-05-18 13:44:37+05:30,53490.3,0,0.0,0,0.0,0.0,53282.15,53585.15,52783.45,53710.35,0,0.0,0.0,0.0,0.0,-0.01,-1,-1,-0.01,-1,-1,-0.01,-1,-1,-0.01,-1,-1,-0.01,-1,-1,-0.01,-1,-1,-0.01,-1,-1,-0.01,-1,-1,-0.01,-1,-1,-0.01,-1,-1
99926009,2026-05-18 13:44:38+05:30,53488.9,0,0.0,0,0.0,0.0,53282.15,53585.15,52783.45,53710.35,0,0.0,0.0,0.0,0.0,-0.01,-1,-1,-0.01,-1,-1,-0.01,-1,-1,-0.01,-1,-1,-0.01,-1,-1,-0.01,-1,-1,-0.01,-1,-1,-0.01,-1,-1,-0.01,-1,-1,-0.01,-1,-1
99926009,2026-05-18 13:44:38+05:30,53491.0,0,0.0,0,0.0,0.0,53282.15,53585.15,52783.45,53710.35,0,0.0,0.0,0.0,0.0,-0.01,-1,-1,-0.01,-1,-1,-0.01,-1,-1,-0.01,-1,-1,-0.01,-1,-1,-0.01,-1,-1,-0.01,-1,-1,-0.01,-1,-1,-0.01,-1,-1,-0.01,-1,-1
99926009,2026-05-18 13:44:39+05:30,53490.0,0,0.0,0,0.0,0.0,53282.15,53585.15,52783.45,53710.35,0,0.0,0.0,0.0,0.0,-0.01,-1,-1,-0.01,-1,-1,-0.01,-1,-1,-0.01,-1,-1,-0.01,-1,-1,-0.01,-1,-1,-0.01,-1,-1,-0.01,-1,-1,-0.01,-1,-1,-0.01,-1,-1
99926009,2026-05-18 13:44:39+05:30,53491.45,0,0.0,0,0.0,0.0,53282.15,53585.15,52783.45,53710.35,0,0.0,0.0,0.0,0.0,-0.01,-1,-1,-0.01,-1,-1,-0.01,-1,-1,-0.01,-1,-1,-0.01,-1,-1,-0.01,-1,-1,-0.01,-1,-1,-0.01,-1,-1,-0.01,-1,-1,-0.01,-1,-1
99926009,2026-05-18 13:44:40+05:30,53490.75,0,0.0,0,0.0,0.0,53282.15,53585.15,52783.45,53710.35,0,0.0,0.0,0.0,0.0,-0.01,-1,-1,-0.01,-1,-1,-0.01,-1,-1,-0.01,-1,-1,-0.01,-1,-1,-0.01,-1,-1,-0.01,-1,-1,-0.01,-1,-1,-0.01,-1,-1,-0.01,-1,-1
99926009,2026-05-18 13:44:40+05:30,53490.9,0,0.0,0,0.0,0.0,53282.15,53585.15,52783.45,53710.35,0,0.0,0.0,0.0,0.0,-0.01,-1,-1,-0.01,-1,-1,-0.01,-1,-1,-0.01,-1,-1,-0.01,-1,-1,-0.01,-1,-1,-0.01,-1,-1,-0.01,-1,-1,-0.01,-1,-1,-0.01,-1,-1
99926009,2026-05-18 13:44:41+05:30,53492.9,0,0.0,0,0.0,0.0,53282.15,53585.15,52783.45,53710.35,0,0.0,0.0,0.0,0.0,-0.01,-1,-1,-0.01,-1,-1,-0.01,-1,-1,-0.01,-1,-1,-0.01,-1,-1,-0.01,-1,-1,-0.01,-1,-1,-0.01,-1,-1,-0.01,-1,-1,-0.01,-1,-1
99926009,2026-05-18 13:44:41+05:30,53492.85,0,0.0,0,0.0,0.0,53282.15,53585.15,52783.45,53710.35,0,0.0,0.0,0.0,0.0,-0.01,-1,-1,-0.01,-1,-1,-0.01,-1,-1,-0.01,-1,-1,-0.01,-1,-1,-0.01,-1,-1,-0.01,-1,-1,-0.01,-1,-1,-0.01,-1,-1,-0.01,-1,-1
99926009,2026-05-18 13:44:42+05:30,53492.65,0,0.0,0,0.0,0.0,53282.15,53585.15,52783.45,53710.35,0,0.0,0.0,0.0,0.0,-0.01,-1,-1,-0.01,-1,-1,-0.01,-1,-1,-0.01,-1,-1,-0.01,-1,-1,-0.01,-1,-1,-0.01,-1,-1,-0.01,-1,-1,-0.01,-1,-1,-0.01,-1,-1
99926009,2026-05-18 13:44:42+05:30,53491.7,0,0.0,0,0.0,0.0,53282.15,53585.15,52783.45,53710.35,0,0.0,0.0,0.0,0.0,-0.01,-1,-1,-0.01,-1,-1,-0.01,-1,-1,-0.01,-1,-1,-0.01,-1,-1,-0.01,-1,-1,-0.01,-1,-1,-0.01,-1,-1,-0.01,-1,-1,-0.01,-1,-1
99926009,2026-05-18 13:44:43+05:30,53492.95,0,0.0,0,0.0,0.0,53282.15,53585.15,52783.45,53710.35,0,0.0,0.0,0.0,0.0,-0.01,-1,-1,-0.01,-1,-1,-0.01,-1,-1,-0.01,-1,-1,-0.01,-1,-1,-0.01,-1,-1,-0.01,-1,-1,-0.01,-1,-1,-0.01,-1,-1,-0.01,-1,-1
99926009,2026-05-18 13:44:43+05:30,53494.2,0,0.0,0,0.0,0.0,53282.15,53585.15,52783.45,53710.35,0,0.0,0.0,0.0,0.0,-0.01,-1,-1,-0.01,-1,-1,-0.01,-1,-1,-0.01,-1,-1,-0.01,-1,-1,-0.01,-1,-1,-0.01,-1,-1,-0.01,-1,-1,-0.01,-1,-1,-0.01,-1,-1
99926009,2026-05-18 13:44:44+05:30,53494.0,0,0.0,0,0.0,0.0,53282.15,53585.15,52783.45,53710.35,0,0.0,0.0,0.0,0.0,-0.01,-1,-1,-0.01,-1,-1,-0.01,-1,-1,-0.01,-1,-1,-0.01,-1,-1,-0.01,-1,-1,-0.01,-1,-1,-0.01,-1,-1,-0.01,-1,-1,-0.01,-1,-1
99926009,2026-05-18 13:44:44+05:30,53491.65,0,0.0,0,0.0,0.0,53282.15,53585.15,52783.45,53710.35,0,0.0,0.0,0.0,0.0,-0.01,-1,-1,-0.01,-1,-1,-0.01,-1,-1,-0.01,-1,-1,-0.01,-1,-1,-0.01,-1,-1,-0.01,-1,-1,-0.01,-1,-1,-0.01,-1,-1,-0.01,-1,-1
99926009,2026-05-18 13:44:45+05:30,53494.5,0,0.0,0,0.0,0.0,53282.15,53585.15,52783.45,53710.35,0,0.0,0.0,0.0,0.0,-0.01,-1,-1,-0.01,-1,-1,-0.01,-1,-1,-0.01,-1,-1,-0.01,-1,-1,-0.01,-1,-1,-0.01,-1,-1,-0.01,-1,-1,-0.01,-1,-1,-0.01,-1,-1
99926009,2026-05-18 13:44:45+05:30,53492.85,0,0.0,0,0.0,0.0,53282.15,53585.15,52783.45,53710.35,0,0.0,0.0,0.0,0.0,-0.01,-1,-1,-0.01,-1,-1,-0.01,-1,-1,-0.01,-1,-1,-0.01,-1,-1,-0.01,-1,-1,-0.01,-1,-1,-0.01,-1,-1,-0.01,-1,-1,-0.01,-1,-1
99926009,2026-05-18 13:44:46+05:30,53495.0,0,0.0,0,0.0,0.0,53282.15,53585.15,52783.45,53710.35,0,0.0,0.0,0.0,0.0,-0.01,-1,-1,-0.01,-1,-1,-0.01,-1,-1,-0.01,-1,-1,-0.01,-1,-1,-0.01,-1,-1,-0.01,-1,-1,-0.01,-1,-1,-0.01,-1,-1,-0.01,-1,-1
99926009,2026-05-18 13:44:46+05:30,53493.4,0,0.0,0,0.0,0.0,53282.15,53585.15,52783.45,53710.35,0,0.0,0.0,0.0,0.0,-0.01,-1,-1,-0.01,-1,-1,-0.01,-1,-1,-0.01,-1,-1,-0.01,-1,-1,-0.01,-1,-1,-0.01,-1,-1,-0.01,-1,-1,-0.01,-1,-1,-0.01,-1,-1
99926009,2026-05-18 13:44:47+05:30,53494.0,0,0.0,0,0.0,0.0,53282.15,53585.15,52783.45,53710.35,0,0.0,0.0,0.0,0.0,-0.01,-1,-1,-0.01,-1,-1,-0.01,-1,-1,-0.01,-1,-1,-0.01,-1,-1,-0.01,-1,-1,-0.01,-1,-1,-0.01,-1,-1,-0.01,-1,-1,-0.01,-1,-1
99926009,2026-05-18 13:44:47+05:30,53495.3,0,0.0,0,0.0,0.0,53282.15,53585.15,52783.45,53710.35,0,0.0,0.0,0.0,0.0,-0.01,-1,-1,-0.01,-1,-1,-0.01,-1,-1,-0.01,-1,-1,-0.01,-1,-1,-0.01,-1,-1,-0.01,-1,-1,-0.01,-1,-1,-0.01,-1,-1,-0.01,-1,-1
99926009,2026-05-18 13:44:48+05:30,53495.3,0,0.0,0,0.0,0.0,53282.15,53585.15,52783.45,53710.35,0,0.0,0.0,0.0,0.0,-0.01,-1,-1,-0.01,-1,-1,-0.01,-1,-1,-0.01,-1,-1,-0.01,-1,-1,-0.01,-1,-1,-0.01,-1,-1,-0.01,-1,-1,-0.01,-1,-1,-0.01,-1,-1
99926009,2026-05-18 13:44:48+05:30,53501.8,0,0.0,0,0.0,0.0,53282.15,53585.15,52783.45,53710.35,0,0.0,0.0,0.0,0.0,-0.01,-1,-1,-0.01,-1,-1,-0.01,-1,-1,-0.01,-1,-1,-0.01,-1,-1,-0.01,-1,-1,-0.01,-1,-1,-0.01,-1,-1,-0.01,-1,-1,-0.01,-1,-1
99926009,2026-05-18 13:44:49+05:30,53500.85,0,0.0,0,0.0,0.0,53282.15,53585.15,52783.45,53710.35,0,0.0,0.0,0.0,0.0,-0.01,-1,-1,-0.01,-1,-1,-0.01,-1,-1,-0.01,-1,-1,-0.01,-1,-1,-0.01,-1,-1,-0.01,-1,-1,-0.01,-1,-1,-0.01,-1,-1,-0.01,-1,-1
99926009,2026-05-18 13:44:49+05:30,53502.0,0,0.0,0,0.0,0.0,53282.15,53585.15,52783.45,53710.35,0,0.0,0.0,0.0,0.0,-0.01,-1,-1,-0.01,-1,-1,-0.01,-1,-1,-0.01,-1,-1,-0.01,-1,-1,-0.01,-1,-1,-0.01,-1,-1,-0.01,-1,-1,-0.01,-1,-1,-0.01,-1,-1
99926009,2026-05-18 13:44:50+05:30,53502.95,0,0.0,0,0.0,0.0,53282.15,53585.15,52783.45,53710.35,0,0.0,0.0,0.0,0.0,-0.01,-1,-1,-0.01,-1,-1,-0.01,-1,-1,-0.01,-1,-1,-0.01,-1,-1,-0.01,-1,-1,-0.01,-1,-1,-0.01,-1,-1,-0.01,-1,-1,-0.01,-1,-1
99926009,2026-05-18 13:44:50+05:30,53498.7,0,0.0,0,0.0,0.0,53282.15,53585.15,52783.45,53710.35,0,0.0,0.0,0.0,0.0,-0.01,-1,-1,-0.01,-1,-1,-0.01,-1,-1,-0.01,-1,-1,-0.01,-1,-1,-0.01,-1,-1,-0.01,-1,-1,-0.01,-1,-1,-0.01,-1,-1,-0.01,-1,-1
99926009,2026-05-18 13:44:51+05:30,53502.85,0,0.0,0,0.0,0.0,53282.15,53585.15,52783.45,53710.35,0,0.0,0.0,0.0,0.0,-0.01,-1,-1,-0.01,-1,-1,-0.01,-1,-1,-0.01,-1,-1,-0.01,-1,-1,-0.01,-1,-1,-0.01,-1,-1,-0.01,-1,-1,-0.01,-1,-1,-0.01,-1,-1
99926009,2026-05-18 13:44:51+05:30,53502.35,0,0.0,0,0.0,0.0,53282.15,53585.15,52783.45,53710.35,0,0.0,0.0,0.0,0.0,-0.01,-1,-1,-0.01,-1,-1,-0.01,-1,-1,-0.01,-1,-1,-0.01,-1,-1,-0.01,-1,-1,-0.01,-1,-1,-0.01,-1,-1,-0.01,-1,-1,-0.01,-1,-1
99926009,2026-05-18 13:44:52+05:30,53498.85,0,0.0,0,0.0,0.0,53282.15,53585.15,52783.45,53710.35,0,0.0,0.0,0.0,0.0,-0.01,-1,-1,-0.01,-1,-1,-0.01,-1,-1,-0.01,-1,-1,-0.01,-1,-1,-0.01,-1,-1,-0.01,-1,-1,-0.01,-1,-1,-0.01,-1,-1,-0.01,-1,-1
99926009,2026-05-18 13:44:52+05:30,53498.35,0,0.0,0,0.0,0.0,53282.15,53585.15,52783.45,53710.35,0,0.0,0.0,0.0,0.0,-0.01,-1,-1,-0.01,-1,-1,-0.01,-1,-1,-0.01,-1,-1,-0.01,-1,-1,-0.01,-1,-1,-0.01,-1,-1,-0.01,-1,-1,-0.01,-1,-1,-0.01,-1,-1
99926009,2026-05-18 13:44:53+05:30,53500.1,0,0.0,0,0.0,0.0,53282.15,53585.15,52783.45,53710.35,0,0.0,0.0,0.0,0.0,-0.01,-1,-1,-0.01,-1,-1,-0.01,-1,-1,-0.01,-1,-1,-0.01,-1,-1,-0.01,-1,-1,-0.01,-1,-1,-0.01,-1,-1,-0.01,-1,-1,-0.01,-1,-1
99926009,2026-05-18 13:44:53+05:30,53497.35,0,0.0,0,0.0,0.0,53282.15,53585.15,52783.45,53710.35,0,0.0,0.0,0.0,0.0,-0.01,-1,-1,-0.01,-1,-1,-0.01,-1,-1,-0.01,-1,-1,-0.01,-1,-1,-0.01,-1,-1,-0.01,-1,-1,-0.01,-1,-1,-0.01,-1,-1,-0.01,-1,-1
99926009,2026-05-18 13:44:54+05:30,53498.4,0,0.0,0,0.0,0.0,53282.15,53585.15,52783.45,53710.35,0,0.0,0.0,0.0,0.0,-0.01,-1,-1,-0.01,-1,-1,-0.01,-1,-1,-0.01,-1,-1,-0.01,-1,-1,-0.01,-1,-1,-0.01,-1,-1,-0.01,-1,-1,-0.01,-1,-1,-0.01,-1,-1
99926009,2026-05-18 13:44:54+05:30,53496.2,0,0.0,0,0.0,0.0,53282.15,53585.15,52783.45,53710.35,0,0.0,0.0,0.0,0.0,-0.01,-1,-1,-0.01,-1,-1,-0.01,-1,-1,-0.01,-1,-1,-0.01,-1,-1,-0.01,-1,-1,-0.01,-1,-1,-0.01,-1,-1,-0.01,-1,-1,-0.01,-1,-1
99926009,2026-05-18 13:44:55+05:30,53497.9,0,0.0,0,0.0,0.0,53282.15,53585.15,52783.45,53710.35,0,0.0,0.0,0.0,0.0,-0.01,-1,-1,-0.01,-1,-1,-0.01,-1,-1,-0.01,-1,-1,-0.01,-1,-1,-0.01,-1,-1,-0.01,-1,-1,-0.01,-1,-1,-0.01,-1,-1,-0.01,-1,-1
99926009,2026-05-18 13:44:55+05:30,53496.8,0,0.0,0,0.0,0.0,53282.15,53585.15,52783.45,53710.35,0,0.0,0.0,0.0,0.0,-0.01,-1,-1,-0.01,-1,-1,-0.01,-1,-1,-0.01,-1,-1,-0.01,-1,-1,-0.01,-1,-1,-0.01,-1,-1,-0.01,-1,-1,-0.01,-1,-1,-0.01,-1,-1
99926009,2026-05-18 13:44:56+05:30,53500.05,0,0.0,0,0.0,0.0,53282.15,53585.15,52783.45,53710.35,0,0.0,0.0,0.0,0.0,-0.01,-1,-1,-0.01,-1,-1,-0.01,-1,-1,-0.01,-1,-1,-0.01,-1,-1,-0.01,-1,-1,-0.01,-1,-1,-0.01,-1,-1,-0.01,-1,-1,-0.01,-1,-1
99926009,2026-05-18 13:44:56+05:30,53500.2,0,0.0,0,0.0,0.0,53282.15,53585.15,52783.45,53710.35,0,0.0,0.0,0.0,0.0,-0.01,-1,-1,-0.01,-1,-1,-0.01,-1,-1,-0.01,-1,-1,-0.01,-1,-1,-0.01,-1,-1,-0.01,-1,-1,-0.01,-1,-1,-0.01,-1,-1,-0.01,-1,-1
99926009,2026-05-18 13:44:57+05:30,53499.2,0,0.0,0,0.0,0.0,53282.15,53585.15,52783.45,53710.35,0,0.0,0.0,0.0,0.0,-0.01,-1,-1,-0.01,-1,-1,-0.01,-1,-1,-0.01,-1,-1,-0.01,-1,-1,-0.01,-1,-1,-0.01,-1,-1,-0.01,-1,-1,-0.01,-1,-1,-0.01,-1,-1
99926009,2026-05-18 13:44:57+05:30,53496.7,0,0.0,0,0.0,0.0,53282.15,53585.15,52783.45,53710.35,0,0.0,0.0,0.0,0.0,-0.01,-1,-1,-0.01,-1,-1,-0.01,-1,-1,-0.01,-1,-1,-0.01,-1,-1,-0.01,-1,-1,-0.01,-1,-1,-0.01,-1,-1,-0.01,-1,-1,-0.01,-1,-1
99926009,2026-05-18 13:44:58+05:30,53495.6,0,0.0,0,0.0,0.0,53282.15,53585.15,52783.45,53710.35,0,0.0,0.0,0.0,0.0,-0.01,-1,-1,-0.01,-1,-1,-0.01,-1,-1,-0.01,-1,-1,-0.01,-1,-1,-0.01,-1,-1,-0.01,-1,-1,-0.01,-1,-1,-0.01,-1,-1,-0.01,-1,-1
99926009,2026-05-18 13:44:58+05:30,53496.0,0,0.0,0,0.0,0.0,53282.15,53585.15,52783.45,53710.35,0,0.0,0.0,0.0,0.0,-0.01,-1,-1,-0.01,-1,-1,-0.01,-1,-1,-0.01,-1,-1,-0.01,-1,-1,-0.01,-1,-1,-0.01,-1,-1,-0.01,-1,-1,-0.01,-1,-1,-0.01,-1,-1
99926009,2026-05-18 13:44:59+05:30,53496.1,0,0.0,0,0.0,0.0,53282.15,53585.15,52783.45,53710.35,0,0.0,0.0,0.0,0.0,-0.01,-1,-1,-0.01,-1,-1,-0.01,-1,-1,-0.01,-1,-1,-0.01,-1,-1,-0.01,-1,-1,-0.01,-1,-1,-0.01,-1,-1,-0.01,-1,-1,-0.01,-1,-1
99926009,2026-05-18 13:44:59+05:30,53499.65,0,0.0,0,0.0,0.0,53282.15,53585.15,52783.45,53710.35,0,0.0,0.0,0.0,0.0,-0.01,-1,-1,-0.01,-1,-1,-0.01,-1,-1,-0.01,-1,-1,-0.01,-1,-1,-0.01,-1,-1,-0.01,-1,-1,-0.01,-1,-1,-0.01,-1,-1,-0.01,-1,-1
99926009,2026-05-18 13:45:00+05:30,53498.7,0,0.0,0,0.0,0.0,53282.15,53585.15,52783.45,53710.35,0,0.0,0.0,0.0,0.0,-0.01,-1,-1,-0.01,-1,-1,-0.01,-1,-1,-0.01,-1,-1,-0.01,-1,-1,-0.01,-1,-1,-0.01,-1,-1,-0.01,-1,-1,-0.01,-1,-1,-0.01,-1,-1
99926009,2026-05-18 13:45:00+05:30,53497.65,0,0.0,0,0.0,0.0,53282.15,53585.15,52783.45,53710.35,0,0.0,0.0,0.0,0.0,-0.01,-1,-1,-0.01,-1,-1,-0.01,-1,-1,-0.01,-1,-1,-0.01,-1,-1,-0.01,-1,-1,-0.01,-1,-1,-0.01,-1,-1,-0.01,-1,-1,-0.01,-1,-1
99926009,2026-05-18 13:45:01+05:30,53498.7,0,0.0,0,0.0,0.0,53282.15,53585.15,52783.45,53710.35,0,0.0,0.0,0.0,0.0,-0.01,-1,-1,-0.01,-1,-1,-0.01,-1,-1,-0.01,-1,-1,-0.01,-1,-1,-0.01,-1,-1,-0.01,-1,-1,-0.01,-1,-1,-0.01,-1,-1,-0.01,-1,-1
99926009,2026-05-18 13:45:01+05:30,53496.4,0,0.0,0,0.0,0.0,53282.15,53585.15,52783.45,53710.35,0,0.0,0.0,0.0,0.0,-0.01,-1,-1,-0.01,-1,-1,-0.01,-1,-1,-0.01,-1,-1,-0.01,-1,-1,-0.01,-1,-1,-0.01,-1,-1,-0.01,-1,-1,-0.01,-1,-1,-0.01,-1,-1
99926009,2026-05-18 13:45:02+05:30,53497.85,0,0.0,0,0.0,0.0,53282.15,53585.15,52783.45,53710.35,0,0.0,0.0,0.0,0.0,-0.01,-1,-1,-0.01,-1,-1,-0.01,-1,-1,-0.01,-1,-1,-0.01,-1,-1,-0.01,-1,-1,-0.01,-1,-1,-0.01,-1,-1,-0.01,-1,-1,-0.01,-1,-1
99926009,2026-05-18 13:45:02+05:30,53496.8,0,0.0,0,0.0,0.0,53282.15,53585.15,52783.45,53710.35,0,0.0,0.0,0.0,0.0,-0.01,-1,-1,-0.01,-1,-1,-0.01,-1,-1,-0.01,-1,-1,-0.01,-1,-1,-0.01,-1,-1,-0.01,-1,-1,-0.01,-1,-1,-0.01,-1,-1,-0.01,-1,-1
99926009,2026-05-18 13:45:03+05:30,53496.75,0,0.0,0,0.0,0.0,53282.15,53585.15,52783.45,53710.35,0,0.0,0.0,0.0,0.0,-0.01,-1,-1,-0.01,-1,-1,-0.01,-1,-1,-0.01,-1,-1,-0.01,-1,-1,-0.01,-1,-1,-0.01,-1,-1,-0.01,-1,-1,-0.01,-1,-1,-0.01,-1,-1
99926009,2026-05-18 13:45:03+05:30,53495.95,0,0.0,0,0.0,0.0,53282.15,53585.15,52783.45,53710.35,0,0.0,0.0,0.0,0.0,-0.01,-1,-1,-0.01,-1,-1,-0.01,-1,-1,-0.01,-1,-1,-0.01,-1,-1,-0.01,-1,-1,-0.01,-1,-1,-0.01,-1,-1,-0.01,-1,-1,-0.01,-1,-1
99926009,2026-05-18 13:45:04+05:30,53498.3,0,0.0,0,0.0,0.0,53282.15,53585.15,52783.45,53710.35,0,0.0,0.0,0.0,0.0,-0.01,-1,-1,-0.01,-1,-1,-0.01,-1,-1,-0.01,-1,-1,-0.01,-1,-1,-0.01,-1,-1,-0.01,-1,-1,-0.01,-1,-1,-0.01,-1,-1,-0.01,-1,-1
99926009,2026-05-18 13:45:04+05:30,53497.75,0,0.0,0,0.0,0.0,53282.15,53585.15,52783.45,53710.35,0,0.0,0.0,0.0,0.0,-0.01,-1,-1,-0.01,-1,-1,-0.01,-1,-1,-0.01,-1,-1,-0.01,-1,-1,-0.01,-1,-1,-0.01,-1,-1,-0.01,-1,-1,-0.01,-1,-1,-0.01,-1,-1
99926009,2026-05-18 13:45:05+05:30,53499.15,0,0.0,0,0.0,0.0,53282.15,53585.15,52783.45,53710.35,0,0.0,0.0,0.0,0.0,-0.01,-1,-1,-0.01,-1,-1,-0.01,-1,-1,-0.01,-1,-1,-0.01,-1,-1,-0.01,-1,-1,-0.01,-1,-1,-0.01,-1,-1,-0.01,-1,-1,-0.01,-1,-1
99926009,2026-05-18 13:45:05+05:30,53496.8,0,0.0,0,0.0,0.0,53282.15,53585.15,52783.45,53710.35,0,0.0,0.0,0.0,0.0,-0.01,-1,-1,-0.01,-1,-1,-0.01,-1,-1,-0.01,-1,-1,-0.01,-1,-1,-0.01,-1,-1,-0.01,-1,-1,-0.01,-1,-1,-0.01,-1,-1,-0.01,-1,-1
99926009,2026-05-18 13:45:06+05:30,53500.0,0,0.0,0,0.0,0.0,53282.15,53585.15,52783.45,53710.35,0,0.0,0.0,0.0,0.0,-0.01,-1,-1,-0.01,-1,-1,-0.01,-1,-1,-0.01,-1,-1,-0.01,-1,-1,-0.01,-1,-1,-0.01,-1,-1,-0.01,-1,-1,-0.01,-1,-1,-0.01,-1,-1
99926009,2026-05-18 13:45:06+05:30,53497.9,0,0.0,0,0.0,0.0,53282.15,53585.15,52783.45,53710.35,0,0.0,0.0,0.0,0.0,-0.01,-1,-1,-0.01,-1,-1,-0.01,-1,-1,-0.01,-1,-1,-0.01,-1,-1,-0.01,-1,-1,-0.01,-1,-1,-0.01,-1,-1,-0.01,-1,-1,-0.01,-1,-1
99926009,2026-05-18 13:45:07+05:30,53498.05,0,0.0,0,0.0,0.0,53282.15,53585.15,52783.45,53710.35,0,0.0,0.0,0.0,0.0,-0.01,-1,-1,-0.01,-1,-1,-0.01,-1,-1,-0.01,-1,-1,-0.01,-1,-1,-0.01,-1,-1,-0.01,-1,-1,-0.01,-1,-1,-0.01,-1,-1,-0.01,-1,-1
99926009,2026-05-18 13:45:07+05:30,53496.65,0,0.0,0,0.0,0.0,53282.15,53585.15,52783.45,53710.35,0,0.0,0.0,0.0,0.0,-0.01,-1,-1,-0.01,-1,-1,-0.01,-1,-1,-0.01,-1,-1,-0.01,-1,-1,-0.01,-1,-1,-0.01,-1,-1,-0.01,-1,-1,-0.01,-1,-1,-0.01,-1,-1
99926009,2026-05-18 13:45:08+05:30,53493.8,0,0.0,0,0.0,0.0,53282.15,53585.15,52783.45,53710.35,0,0.0,0.0,0.0,0.0,-0.01,-1,-1,-0.01,-1,-1,-0.01,-1,-1,-0.01,-1,-1,-0.01,-1,-1,-0.01,-1,-1,-0.01,-1,-1,-0.01,-1,-1,-0.01,-1,-1,-0.01,-1,-1
99926009,2026-05-18 13:45:08+05:30,53495.3,0,0.0,0,0.0,0.0,53282.15,53585.15,52783.45,53710.35,0,0.0,0.0,0.0,0.0,-0.01,-1,-1,-0.01,-1,-1,-0.01,-1,-1,-0.01,-1,-1,-0.01,-1,-1,-0.01,-1,-1,-0.01,-1,-1,-0.01,-1,-1,-0.01,-1,-1,-0.01,-1,-1
99926009,2026-05-18 13:45:09+05:30,53494.0,0,0.0,0,0.0,0.0,53282.15,53585.15,52783.45,53710.35,0,0.0,0.0,0.0,0.0,-0.01,-1,-1,-0.01,-1,-1,-0.01,-1,-1,-0.01,-1,-1,-0.01,-1,-1,-0.01,-1,-1,-0.01,-1,-1,-0.01,-1,-1,-0.01,-1,-1,-0.01,-1,-1
99926009,2026-05-18 13:45:09+05:30,53494.9,0,0.0,0,0.0,0.0,53282.15,53585.15,52783.45,53710.35,0,0.0,0.0,0.0,0.0,-0.01,-1,-1,-0.01,-1,-1,-0.01,-1,-1,-0.01,-1,-1,-0.01,-1,-1,-0.01,-1,-1,-0.01,-1,-1,-0.01,-1,-1,-0.01,-1,-1,-0.01,-1,-1
99926009,2026-05-18 13:45:10+05:30,53498.25,0,0.0,0,0.0,0.0,53282.15,53585.15,52783.45,53710.35,0,0.0,0.0,0.0,0.0,-0.01,-1,-1,-0.01,-1,-1,-0.01,-1,-1,-0.01,-1,-1,-0.01,-1,-1,-0.01,-1,-1,-0.01,-1,-1,-0.01,-1,-1,-0.01,-1,-1,-0.01,-1,-1
99926009,2026-05-18 13:45:10+05:30,53497.7,0,0.0,0,0.0,0.0,53282.15,53585.15,52783.45,53710.35,0,0.0,0.0,0.0,0.0,-0.01,-1,-1,-0.01,-1,-1,-0.01,-1,-1,-0.01,-1,-1,-0.01,-1,-1,-0.01,-1,-1,-0.01,-1,-1,-0.01,-1,-1,-0.01,-1,-1,-0.01,-1,-1
99926009,2026-05-18 13:45:11+05:30,53501.3,0,0.0,0,0.0,0.0,53282.15,53585.15,52783.45,53710.35,0,0.0,0.0,0.0,0.0,-0.01,-1,-1,-0.01,-1,-1,-0.01,-1,-1,-0.01,-1,-1,-0.01,-1,-1,-0.01,-1,-1,-0.01,-1,-1,-0.01,-1,-1,-0.01,-1,-1,-0.01,-1,-1
99926009,2026-05-18 13:45:11+05:30,53498.1,0,0.0,0,0.0,0.0,53282.15,53585.15,52783.45,53710.35,0,0.0,0.0,0.0,0.0,-0.01,-1,-1,-0.01,-1,-1,-0.01,-1,-1,-0.01,-1,-1,-0.01,-1,-1,-0.01,-1,-1,-0.01,-1,-1,-0.01,-1,-1,-0.01,-1,-1,-0.01,-1,-1
99926009,2026-05-18 13:45:12+05:30,53499.85,0,0.0,0,0.0,0.0,53282.15,53585.15,52783.45,53710.35,0,0.0,0.0,0.0,0.0,-0.01,-1,-1,-0.01,-1,-1,-0.01,-1,-1,-0.01,-1,-1,-0.01,-1,-1,-0.01,-1,-1,-0.01,-1,-1,-0.01,-1,-1,-0.01,-1,-1,-0.01,-1,-1
99926009,2026-05-18 13:45:12+05:30,53499.4,0,0.0,0,0.0,0.0,53282.15,53585.15,52783.45,53710.35,0,0.0,0.0,0.0,0.0,-0.01,-1,-1,-0.01,-1,-1,-0.01,-1,-1,-0.01,-1,-1,-0.01,-1,-1,-0.01,-1,-1,-0.01,-1,-1,-0.01,-1,-1,-0.01,-1,-1,-0.01,-1,-1
99926009,2026-05-18 13:45:13+05:30,53500.05,0,0.0,0,0.0,0.0,53282.15,53585.15,52783.45,53710.35,0,0.0,0.0,0.0,0.0,-0.01,-1,-1,-0.01,-1,-1,-0.01,-1,-1,-0.01,-1,-1,-0.01,-1,-1,-0.01,-1,-1,-0.01,-1,-1,-0.01,-1,-1,-0.01,-1,-1,-0.01,-1,-1
99926009,2026-05-18 13:45:13+05:30,53500.75,0,0.0,0,0.0,0.0,53282.15,53585.15,52783.45,53710.35,0,0.0,0.0,0.0,0.0,-0.01,-1,-1,-0.01,-1,-1,-0.01,-1,-1,-0.01,-1,-1,-0.01,-1,-1,-0.01,-1,-1,-0.01,-1,-1,-0.01,-1,-1,-0.01,-1,-1,-0.01,-1,-1
99926009,2026-05-18 13:45:14+05:30,53503.7,0,0.0,0,0.0,0.0,53282.15,53585.15,52783.45,53710.35,0,0.0,0.0,0.0,0.0,-0.01,-1,-1,-0.01,-1,-1,-0.01,-1,-1,-0.01,-1,-1,-0.01,-1,-1,-0.01,-1,-1,-0.01,-1,-1,-0.01,-1,-1,-0.01,-1,-1,-0.01,-1,-1
99926009,2026-05-18 13:45:14+05:30,53504.15,0,0.0,0,0.0,0.0,53282.15,53585.15,52783.45,53710.35,0,0.0,0.0,0.0,0.0,-0.01,-1,-1,-0.01,-1,-1,-0.01,-1,-1,-0.01,-1,-1,-0.01,-1,-1,-0.01,-1,-1,-0.01,-1,-1,-0.01,-1,-1,-0.01,-1,-1,-0.01,-1,-1
99926009,2026-05-18 13:45:15+05:30,53503.7,0,0.0,0,0.0,0.0,53282.15,53585.15,52783.45,53710.35,0,0.0,0.0,0.0,0.0,-0.01,-1,-1,-0.01,-1,-1,-0.01,-1,-1,-0.01,-1,-1,-0.01,-1,-1,-0.01,-1,-1,-0.01,-1,-1,-0.01,-1,-1,-0.01,-1,-1,-0.01,-1,-1
99926009,2026-05-18 13:45:15+05:30,53501.75,0,0.0,0,0.0,0.0,53282.15,53585.15,52783.45,53710.35,0,0.0,0.0,0.0,0.0,-0.01,-1,-1,-0.01,-1,-1,-0.01,-1,-1,-0.01,-1,-1,-0.01,-1,-1,-0.01,-1,-1,-0.01,-1,-1,-0.01,-1,-1,-0.01,-1,-1,-0.01,-1,-1
99926009,2026-05-18 13:45:16+05:30,53502.55,0,0.0,0,0.0,0.0,53282.15,53585.15,52783.45,53710.35,0,0.0,0.0,0.0,0.0,-0.01,-1,-1,-0.01,-1,-1,-0.01,-1,-1,-0.01,-1,-1,-0.01,-1,-1,-0.01,-1,-1,-0.01,-1,-1,-0.01,-1,-1,-0.01,-1,-1,-0.01,-1,-1
99926009,2026-05-18 13:45:16+05:30,53501.85,0,0.0,0,0.0,0.0,53282.15,53585.15,52783.45,53710.35,0,0.0,0.0,0.0,0.0,-0.01,-1,-1,-0.01,-1,-1,-0.01,-1,-1,-0.01,-1,-1,-0.01,-1,-1,-0.01,-1,-1,-0.01,-1,-1,-0.01,-1,-1,-0.01,-1,-1,-0.01,-1,-1
99926009,2026-05-18 13:45:17+05:30,53499.35,0,0.0,0,0.0,0.0,53282.15,53585.15,52783.45,53710.35,0,0.0,0.0,0.0,0.0,-0.01,-1,-1,-0.01,-1,-1,-0.01,-1,-1,-0.01,-1,-1,-0.01,-1,-1,-0.01,-1,-1,-0.01,-1,-1,-0.01,-1,-1,-0.01,-1,-1,-0.01,-1,-1
99926009,2026-05-18 13:45:17+05:30,53500.25,0,0.0,0,0.0,0.0,53282.15,53585.15,52783.45,53710.35,0,0.0,0.0,0.0,0.0,-0.01,-1,-1,-0.01,-1,-1,-0.01,-1,-1,-0.01,-1,-1,-0.01,-1,-1,-0.01,-1,-1,-0.01,-1,-1,-0.01,-1,-1,-0.01,-1,-1,-0.01,-1,-1
99926009,2026-05-18 13:45:18+05:30,53498.9,0,0.0,0,0.0,0.0,53282.15,53585.15,52783.45,53710.35,0,0.0,0.0,0.0,0.0,-0.01,-1,-1,-0.01,-1,-1,-0.01,-1,-1,-0.01,-1,-1,-0.01,-1,-1,-0.01,-1,-1,-0.01,-1,-1,-0.01,-1,-1,-0.01,-1,-1,-0.01,-1,-1
99926009,2026-05-18 13:45:18+05:30,53500.5,0,0.0,0,0.0,0.0,53282.15,53585.15,52783.45,53710.35,0,0.0,0.0,0.0,0.0,-0.01,-1,-1,-0.01,-1,-1,-0.01,-1,-1,-0.01,-1,-1,-0.01,-1,-1,-0.01,-1,-1,-0.01,-1,-1,-0.01,-1,-1,-0.01,-1,-1,-0.01,-1,-1
99926009,2026-05-18 13:45:19+05:30,53502.15,0,0.0,0,0.0,0.0,53282.15,53585.15,52783.45,53710.35,0,0.0,0.0,0.0,0.0,-0.01,-1,-1,-0.01,-1,-1,-0.01,-1,-1,-0.01,-1,-1,-0.01,-1,-1,-0.01,-1,-1,-0.01,-1,-1,-0.01,-1,-1,-0.01,-1,-1,-0.01,-1,-1
99926009,2026-05-18 13:45:19+05:30,53500.75,0,0.0,0,0.0,0.0,53282.15,53585.15,52783.45,53710.35,0,0.0,0.0,0.0,0.0,-0.01,-1,-1,-0.01,-1,-1,-0.01,-1,-1,-0.01,-1,-1,-0.01,-1,-1,-0.01,-1,-1,-0.01,-1,-1,-0.01,-1,-1,-0.01,-1,-1,-0.01,-1,-1
99926009,2026-05-18 13:45:20+05:30,53500.0,0,0.0,0,0.0,0.0,53282.15,53585.15,52783.45,53710.35,0,0.0,0.0,0.0,0.0,-0.01,-1,-1,-0.01,-1,-1,-0.01,-1,-1,-0.01,-1,-1,-0.01,-1,-1,-0.01,-1,-1,-0.01,-1,-1,-0.01,-1,-1,-0.01,-1,-1,-0.01,-1,-1
99926009,2026-05-18 13:45:20+05:30,53497.9,0,0.0,0,0.0,0.0,53282.15,53585.15,52783.45,53710.35,0,0.0,0.0,0.0,0.0,-0.01,-1,-1,-0.01,-1,-1,-0.01,-1,-1,-0.01,-1,-1,-0.01,-1,-1,-0.01,-1,-1,-0.01,-1,-1,-0.01,-1,-1,-0.01,-1,-1,-0.01,-1,-1
99926009,2026-05-18 13:45:21+05:30,53499.55,0,0.0,0,0.0,0.0,53282.15,53585.15,52783.45,53710.35,0,0.0,0.0,0.0,0.0,-0.01,-1,-1,-0.01,-1,-1,-0.01,-1,-1,-0.01,-1,-1,-0.01,-1,-1,-0.01,-1,-1,-0.01,-1,-1,-0.01,-1,-1,-0.01,-1,-1,-0.01,-1,-1
99926009,2026-05-18 13:45:21+05:30,53498.0,0,0.0,0,0.0,0.0,53282.15,53585.15,52783.45,53710.35,0,0.0,0.0,0.0,0.0,-0.01,-1,-1,-0.01,-1,-1,-0.01,-1,-1,-0.01,-1,-1,-0.01,-1,-1,-0.01,-1,-1,-0.01,-1,-1,-0.01,-1,-1,-0.01,-1,-1,-0.01,-1,-1
99926009,2026-05-18 13:45:22+05:30,53496.3,0,0.0,0,0.0,0.0,53282.15,53585.15,52783.45,53710.35,0,0.0,0.0,0.0,0.0,-0.01,-1,-1,-0.01,-1,-1,-0.01,-1,-1,-0.01,-1,-1,-0.01,-1,-1,-0.01,-1,-1,-0.01,-1,-1,-0.01,-1,-1,-0.01,-1,-1,-0.01,-1,-1
99926009,2026-05-18 13:45:22+05:30,53497.45,0,0.0,0,0.0,0.0,53282.15,53585.15,52783.45,53710.35,0,0.0,0.0,0.0,0.0,-0.01,-1,-1,-0.01,-1,-1,-0.01,-1,-1,-0.01,-1,-1,-0.01,-1,-1,-0.01,-1,-1,-0.01,-1,-1,-0.01,-1,-1,-0.01,-1,-1,-0.01,-1,-1
99926009,2026-05-18 13:45:23+05:30,53498.85,0,0.0,0,0.0,0.0,53282.15,53585.15,52783.45,53710.35,0,0.0,0.0,0.0,0.0,-0.01,-1,-1,-0.01,-1,-1,-0.01,-1,-1,-0.01,-1,-1,-0.01,-1,-1,-0.01,-1,-1,-0.01,-1,-1,-0.01,-1,-1,-0.01,-1,-1,-0.01,-1,-1
99926009,2026-05-18 13:45:23+05:30,53496.7,0,0.0,0,0.0,0.0,53282.15,53585.15,52783.45,53710.35,0,0.0,0.0,0.0,0.0,-0.01,-1,-1,-0.01,-1,-1,-0.01,-1,-1,-0.01,-1,-1,-0.01,-1,-1,-0.01,-1,-1,-0.01,-1,-1,-0.01,-1,-1,-0.01,-1,-1,-0.01,-1,-1
99926009,2026-05-18 13:45:24+05:30,53496.35,0,0.0,0,0.0,0.0,53282.15,53585.15,52783.45,53710.35,0,0.0,0.0,0.0,0.0,-0.01,-1,-1,-0.01,-1,-1,-0.01,-1,-1,-0.01,-1,-1,-0.01,-1,-1,-0.01,-1,-1,-0.01,-1,-1,-0.01,-1,-1,-0.01,-1,-1,-0.01,-1,-1
99926009,2026-05-18 13:45:24+05:30,53493.1,0,0.0,0,0.0,0.0,53282.15,53585.15,52783.45,53710.35,0,0.0,0.0,0.0,0.0,-0.01,-1,-1,-0.01,-1,-1,-0.01,-1,-1,-0.01,-1,-1,-0.01,-1,-1,-0.01,-1,-1,-0.01,-1,-1,-0.01,-1,-1,-0.01,-1,-1,-0.01,-1,-1
99926009,2026-05-18 13:45:25+05:30,53494.2,0,0.0,0,0.0,0.0,53282.15,53585.15,52783.45,53710.35,0,0.0,0.0,0.0,0.0,-0.01,-1,-1,-0.01,-1,-1,-0.01,-1,-1,-0.01,-1,-1,-0.01,-1,-1,-0.01,-1,-1,-0.01,-1,-1,-0.01,-1,-1,-0.01,-1,-1,-0.01,-1,-1
99926009,2026-05-18 13:45:25+05:30,53488.65,0,0.0,0,0.0,0.0,53282.15,53585.15,52783.45,53710.35,0,0.0,0.0,0.0,0.0,-0.01,-1,-1,-0.01,-1,-1,-0.01,-1,-1,-0.01,-1,-1,-0.01,-1,-1,-0.01,-1,-1,-0.01,-1,-1,-0.01,-1,-1,-0.01,-1,-1,-0.01,-1,-1
99926009,2026-05-18 13:45:26+05:30,53490.85,0,0.0,0,0.0,0.0,53282.15,53585.15,52783.45,53710.35,0,0.0,0.0,0.0,0.0,-0.01,-1,-1,-0.01,-1,-1,-0.01,-1,-1,-0.01,-1,-1,-0.01,-1,-1,-0.01,-1,-1,-0.01,-1,-1,-0.01,-1,-1,-0.01,-1,-1,-0.01,-1,-1
99926009,2026-05-18 13:45:26+05:30,53487.9,0,0.0,0,0.0,0.0,53282.15,53585.15,52783.45,53710.35,0,0.0,0.0,0.0,0.0,-0.01,-1,-1,-0.01,-1,-1,-0.01,-1,-1,-0.01,-1,-1,-0.01,-1,-1,-0.01,-1,-1,-0.01,-1,-1,-0.01,-1,-1,-0.01,-1,-1,-0.01,-1,-1
99926009,2026-05-18 13:45:27+05:30,53487.5,0,0.0,0,0.0,0.0,53282.15,53585.15,52783.45,53710.35,0,0.0,0.0,0.0,0.0,-0.01,-1,-1,-0.01,-1,-1,-0.01,-1,-1,-0.01,-1,-1,-0.01,-1,-1,-0.01,-1,-1,-0.01,-1,-1,-0.01,-1,-1,-0.01,-1,-1,-0.01,-1,-1
99926009,2026-05-18 13:45:27+05:30,53487.5,0,0.0,0,0.0,0.0,53282.15,53585.15,52783.45,53710.35,0,0.0,0.0,0.0,0.0,-0.01,-1,-1,-0.01,-1,-1,-0.01,-1,-1,-0.01,-1,-1,-0.01,-1,-1,-0.01,-1,-1,-0.01,-1,-1,-0.01,-1,-1,-0.01,-1,-1,-0.01,-1,-1
99926009,2026-05-18 13:45:28+05:30,53487.5,0,0.0,0,0.0,0.0,53282.15,53585.15,52783.45,53710.35,0,0.0,0.0,0.0,0.0,-0.01,-1,-1,-0.01,-1,-1,-0.01,-1,-1,-0.01,-1,-1,-0.01,-1,-1,-0.01,-1,-1,-0.01,-1,-1,-0.01,-1,-1,-0.01,-1,-1,-0.01,-1,-1
99926009,2026-05-18 13:45:28+05:30,53487.05,0,0.0,0,0.0,0.0,53282.15,53585.15,52783.45,53710.35,0,0.0,0.0,0.0,0.0,-0.01,-1,-1,-0.01,-1,-1,-0.01,-1,-1,-0.01,-1,-1,-0.01,-1,-1,-0.01,-1,-1,-0.01,-1,-1,-0.01,-1,-1,-0.01,-1,-1,-0.01,-1,-1
99926009,2026-05-18 13:45:29+05:30,53486.0,0,0.0,0,0.0,0.0,53282.15,53585.15,52783.45,53710.35,0,0.0,0.0,0.0,0.0,-0.01,-1,-1,-0.01,-1,-1,-0.01,-1,-1,-0.01,-1,-1,-0.01,-1,-1,-0.01,-1,-1,-0.01,-1,-1,-0.01,-1,-1,-0.01,-1,-1,-0.01,-1,-1
99926009,2026-05-18 13:45:29+05:30,53488.0,0,0.0,0,0.0,0.0,53282.15,53585.15,52783.45,53710.35,0,0.0,0.0,0.0,0.0,-0.01,-1,-1,-0.01,-1,-1,-0.01,-1,-1,-0.01,-1,-1,-0.01,-1,-1,-0.01,-1,-1,-0.01,-1,-1,-0.01,-1,-1,-0.01,-1,-1,-0.01,-1,-1
99926009,2026-05-18 13:45:30+05:30,53489.05,0,0.0,0,0.0,0.0,53282.15,53585.15,52783.45,53710.35,0,0.0,0.0,0.0,0.0,-0.01,-1,-1,-0.01,-1,-1,-0.01,-1,-1,-0.01,-1,-1,-0.01,-1,-1,-0.01,-1,-1,-0.01,-1,-1,-0.01,-1,-1,-0.01,-1,-1,-0.01,-1,-1
99926009,2026-05-18 13:45:30+05:30,53488.3,0,0.0,0,0.0,0.0,53282.15,53585.15,52783.45,53710.35,0,0.0,0.0,0.0,0.0,-0.01,-1,-1,-0.01,-1,-1,-0.01,-1,-1,-0.01,-1,-1,-0.01,-1,-1,-0.01,-1,-1,-0.01,-1,-1,-0.01,-1,-1,-0.01,-1,-1,-0.01,-1,-1
99926009,2026-05-18 13:45:31+05:30,53489.55,0,0.0,0,0.0,0.0,53282.15,53585.15,52783.45,53710.35,0,0.0,0.0,0.0,0.0,-0.01,-1,-1,-0.01,-1,-1,-0.01,-1,-1,-0.01,-1,-1,-0.01,-1,-1,-0.01,-1,-1,-0.01,-1,-1,-0.01,-1,-1,-0.01,-1,-1,-0.01,-1,-1
99926009,2026-05-18 13:45:31+05:30,53486.8,0,0.0,0,0.0,0.0,53282.15,53585.15,52783.45,53710.35,0,0.0,0.0,0.0,0.0,-0.01,-1,-1,-0.01,-1,-1,-0.01,-1,-1,-0.01,-1,-1,-0.01,-1,-1,-0.01,-1,-1,-0.01,-1,-1,-0.01,-1,-1,-0.01,-1,-1,-0.01,-1,-1
99926009,2026-05-18 13:45:32+05:30,53488.0,0,0.0,0,0.0,0.0,53282.15,53585.15,52783.45,53710.35,0,0.0,0.0,0.0,0.0,-0.01,-1,-1,-0.01,-1,-1,-0.01,-1,-1,-0.01,-1,-1,-0.01,-1,-1,-0.01,-1,-1,-0.01,-1,-1,-0.01,-1,-1,-0.01,-1,-1,-0.01,-1,-1
99926009,2026-05-18 13:45:32+05:30,53488.1,0,0.0,0,0.0,0.0,53282.15,53585.15,52783.45,53710.35,0,0.0,0.0,0.0,0.0,-0.01,-1,-1,-0.01,-1,-1,-0.01,-1,-1,-0.01,-1,-1,-0.01,-1,-1,-0.01,-1,-1,-0.01,-1,-1,-0.01,-1,-1,-0.01,-1,-1,-0.01,-1,-1
99926009,2026-05-18 13:45:33+05:30,53488.1,0,0.0,0,0.0,0.0,53282.15,53585.15,52783.45,53710.35,0,0.0,0.0,0.0,0.0,-0.01,-1,-1,-0.01,-1,-1,-0.01,-1,-1,-0.01,-1,-1,-0.01,-1,-1,-0.01,-1,-1,-0.01,-1,-1,-0.01,-1,-1,-0.01,-1,-1,-0.01,-1,-1
99926009,2026-05-18 13:45:33+05:30,53489.0,0,0.0,0,0.0,0.0,53282.15,53585.15,52783.45,53710.35,0,0.0,0.0,0.0,0.0,-0.01,-1,-1,-0.01,-1,-1,-0.01,-1,-1,-0.01,-1,-1,-0.01,-1,-1,-0.01,-1,-1,-0.01,-1,-1,-0.01,-1,-1,-0.01,-1,-1,-0.01,-1,-1
99926009,2026-05-18 13:45:34+05:30,53488.55,0,0.0,0,0.0,0.0,53282.15,53585.15,52783.45,53710.35,0,0.0,0.0,0.0,0.0,-0.01,-1,-1,-0.01,-1,-1,-0.01,-1,-1,-0.01,-1,-1,-0.01,-1,-1,-0.01,-1,-1,-0.01,-1,-1,-0.01,-1,-1,-0.01,-1,-1,-0.01,-1,-1
99926009,2026-05-18 13:45:34+05:30,53487.7,0,0.0,0,0.0,0.0,53282.15,53585.15,52783.45,53710.35,0,0.0,0.0,0.0,0.0,-0.01,-1,-1,-0.01,-1,-1,-0.01,-1,-1,-0.01,-1,-1,-0.01,-1,-1,-0.01,-1,-1,-0.01,-1,-1,-0.01,-1,-1,-0.01,-1,-1,-0.01,-1,-1
99926009,2026-05-18 13:45:35+05:30,53491.1,0,0.0,0,0.0,0.0,53282.15,53585.15,52783.45,53710.35,0,0.0,0.0,0.0,0.0,-0.01,-1,-1,-0.01,-1,-1,-0.01,-1,-1,-0.01,-1,-1,-0.01,-1,-1,-0.01,-1,-1,-0.01,-1,-1,-0.01,-1,-1,-0.01,-1,-1,-0.01,-1,-1
99926009,2026-05-18 13:45:35+05:30,53487.75,0,0.0,0,0.0,0.0,53282.15,53585.15,52783.45,53710.35,0,0.0,0.0,0.0,0.0,-0.01,-1,-1,-0.01,-1,-1,-0.01,-1,-1,-0.01,-1,-1,-0.01,-1,-1,-0.01,-1,-1,-0.01,-1,-1,-0.01,-1,-1,-0.01,-1,-1,-0.01,-1,-1
99926009,2026-05-18 13:45:36+05:30,53491.3,0,0.0,0,0.0,0.0,53282.15,53585.15,52783.45,53710.35,0,0.0,0.0,0.0,0.0,-0.01,-1,-1,-0.01,-1,-1,-0.01,-1,-1,-0.01,-1,-1,-0.01,-1,-1,-0.01,-1,-1,-0.01,-1,-1,-0.01,-1,-1,-0.01,-1,-1,-0.01,-1,-1
99926009,2026-05-18 13:45:36+05:30,53487.75,0,0.0,0,0.0,0.0,53282.15,53585.15,52783.45,53710.35,0,0.0,0.0,0.0,0.0,-0.01,-1,-1,-0.01,-1,-1,-0.01,-1,-1,-0.01,-1,-1,-0.01,-1,-1,-0.01,-1,-1,-0.01,-1,-1,-0.01,-1,-1,-0.01,-1,-1,-0.01,-1,-1
99926009,2026-05-18 13:45:37+05:30,53491.9,0,0.0,0,0.0,0.0,53282.15,53585.15,52783.45,53710.35,0,0.0,0.0,0.0,0.0,-0.01,-1,-1,-0.01,-1,-1,-0.01,-1,-1,-0.01,-1,-1,-0.01,-1,-1,-0.01,-1,-1,-0.01,-1,-1,-0.01,-1,-1,-0.01,-1,-1,-0.01,-1,-1
99926009,2026-05-18 13:45:37+05:30,53489.45,0,0.0,0,0.0,0.0,53282.15,53585.15,52783.45,53710.35,0,0.0,0.0,0.0,0.0,-0.01,-1,-1,-0.01,-1,-1,-0.01,-1,-1,-0.01,-1,-1,-0.01,-1,-1,-0.01,-1,-1,-0.01,-1,-1,-0.01,-1,-1,-0.01,-1,-1,-0.01,-1,-1
99926009,2026-05-18 13:45:38+05:30,53485.9,0,0.0,0,0.0,0.0,53282.15,53585.15,52783.45,53710.35,0,0.0,0.0,0.0,0.0,-0.01,-1,-1,-0.01,-1,-1,-0.01,-1,-1,-0.01,-1,-1,-0.01,-1,-1,-0.01,-1,-1,-0.01,-1,-1,-0.01,-1,-1,-0.01,-1,-1,-0.01,-1,-1
99926009,2026-05-18 13:45:38+05:30,53483.5,0,0.0,0,0.0,0.0,53282.15,53585.15,52783.45,53710.35,0,0.0,0.0,0.0,0.0,-0.01,-1,-1,-0.01,-1,-1,-0.01,-1,-1,-0.01,-1,-1,-0.01,-1,-1,-0.01,-1,-1,-0.01,-1,-1,-0.01,-1,-1,-0.01,-1,-1,-0.01,-1,-1
99926009,2026-05-18 13:45:39+05:30,53483.15,0,0.0,0,0.0,0.0,53282.15,53585.15,52783.45,53710.35,0,0.0,0.0,0.0,0.0,-0.01,-1,-1,-0.01,-1,-1,-0.01,-1,-1,-0.01,-1,-1,-0.01,-1,-1,-0.01,-1,-1,-0.01,-1,-1,-0.01,-1,-1,-0.01,-1,-1,-0.01,-1,-1
99926009,2026-05-18 13:45:39+05:30,53482.5,0,0.0,0,0.0,0.0,53282.15,53585.15,52783.45,53710.35,0,0.0,0.0,0.0,0.0,-0.01,-1,-1,-0.01,-1,-1,-0.01,-1,-1,-0.01,-1,-1,-0.01,-1,-1,-0.01,-1,-1,-0.01,-1,-1,-0.01,-1,-1,-0.01,-1,-1,-0.01,-1,-1
99926009,2026-05-18 13:45:40+05:30,53485.2,0,0.0,0,0.0,0.0,53282.15,53585.15,52783.45,53710.35,0,0.0,0.0,0.0,0.0,-0.01,-1,-1,-0.01,-1,-1,-0.01,-1,-1,-0.01,-1,-1,-0.01,-1,-1,-0.01,-1,-1,-0.01,-1,-1,-0.01,-1,-1,-0.01,-1,-1,-0.01,-1,-1
99926009,2026-05-18 13:45:40+05:30,53481.5,0,0.0,0,0.0,0.0,53282.15,53585.15,52783.45,53710.35,0,0.0,0.0,0.0,0.0,-0.01,-1,-1,-0.01,-1,-1,-0.01,-1,-1,-0.01,-1,-1,-0.01,-1,-1,-0.01,-1,-1,-0.01,-1,-1,-0.01,-1,-1,-0.01,-1,-1,-0.01,-1,-1
99926009,2026-05-18 13:45:41+05:30,53485.35,0,0.0,0,0.0,0.0,53282.15,53585.15,52783.45,53710.35,0,0.0,0.0,0.0,0.0,-0.01,-1,-1,-0.01,-1,-1,-0.01,-1,-1,-0.01,-1,-1,-0.01,-1,-1,-0.01,-1,-1,-0.01,-1,-1,-0.01,-1,-1,-0.01,-1,-1,-0.01,-1,-1
99926009,2026-05-18 13:45:41+05:30,53486.8,0,0.0,0,0.0,0.0,53282.15,53585.15,52783.45,53710.35,0,0.0,0.0,0.0,0.0,-0.01,-1,-1,-0.01,-1,-1,-0.01,-1,-1,-0.01,-1,-1,-0.01,-1,-1,-0.01,-1,-1,-0.01,-1,-1,-0.01,-1,-1,-0.01,-1,-1,-0.01,-1,-1
99926009,2026-05-18 13:45:42+05:30,53485.3,0,0.0,0,0.0,0.0,53282.15,53585.15,52783.45,53710.35,0,0.0,0.0,0.0,0.0,-0.01,-1,-1,-0.01,-1,-1,-0.01,-1,-1,-0.01,-1,-1,-0.01,-1,-1,-0.01,-1,-1,-0.01,-1,-1,-0.01,-1,-1,-0.01,-1,-1,-0.01,-1,-1
99926009,2026-05-18 13:45:42+05:30,53486.6,0,0.0,0,0.0,0.0,53282.15,53585.15,52783.45,53710.35,0,0.0,0.0,0.0,0.0,-0.01,-1,-1,-0.01,-1,-1,-0.01,-1,-1,-0.01,-1,-1,-0.01,-1,-1,-0.01,-1,-1,-0.01,-1,-1,-0.01,-1,-1,-0.01,-1,-1,-0.01,-1,-1
99926009,2026-05-18 13:45:43+05:30,53485.75,0,0.0,0,0.0,0.0,53282.15,53585.15,52783.45,53710.35,0,0.0,0.0,0.0,0.0,-0.01,-1,-1,-0.01,-1,-1,-0.01,-1,-1,-0.01,-1,-1,-0.01,-1,-1,-0.01,-1,-1,-0.01,-1,-1,-0.01,-1,-1,-0.01,-1,-1,-0.01,-1,-1
99926009,2026-05-18 13:45:43+05:30,53485.15,0,0.0,0,0.0,0.0,53282.15,53585.15,52783.45,53710.35,0,0.0,0.0,0.0,0.0,-0.01,-1,-1,-0.01,-1,-1,-0.01,-1,-1,-0.01,-1,-1,-0.01,-1,-1,-0.01,-1,-1,-0.01,-1,-1,-0.01,-1,-1,-0.01,-1,-1,-0.01,-1,-1
99926009,2026-05-18 13:45:44+05:30,53484.5,0,0.0,0,0.0,0.0,53282.15,53585.15,52783.45,53710.35,0,0.0,0.0,0.0,0.0,-0.01,-1,-1,-0.01,-1,-1,-0.01,-1,-1,-0.01,-1,-1,-0.01,-1,-1,-0.01,-1,-1,-0.01,-1,-1,-0.01,-1,-1,-0.01,-1,-1,-0.01,-1,-1
99926009,2026-05-18 13:45:44+05:30,53484.85,0,0.0,0,0.0,0.0,53282.15,53585.15,52783.45,53710.35,0,0.0,0.0,0.0,0.0,-0.01,-1,-1,-0.01,-1,-1,-0.01,-1,-1,-0.01,-1,-1,-0.01,-1,-1,-0.01,-1,-1,-0.01,-1,-1,-0.01,-1,-1,-0.01,-1,-1,-0.01,-1,-1
99926009,2026-05-18 13:45:45+05:30,53487.5,0,0.0,0,0.0,0.0,53282.15,53585.15,52783.45,53710.35,0,0.0,0.0,0.0,0.0,-0.01,-1,-1,-0.01,-1,-1,-0.01,-1,-1,-0.01,-1,-1,-0.01,-1,-1,-0.01,-1,-1,-0.01,-1,-1,-0.01,-1,-1,-0.01,-1,-1,-0.01,-1,-1
99926009,2026-05-18 13:45:45+05:30,53483.9,0,0.0,0,0.0,0.0,53282.15,53585.15,52783.45,53710.35,0,0.0,0.0,0.0,0.0,-0.01,-1,-1,-0.01,-1,-1,-0.01,-1,-1,-0.01,-1,-1,-0.01,-1,-1,-0.01,-1,-1,-0.01,-1,-1,-0.01,-1,-1,-0.01,-1,-1,-0.01,-1,-1
99926009,2026-05-18 13:45:46+05:30,53485.15,0,0.0,0,0.0,0.0,53282.15,53585.15,52783.45,53710.35,0,0.0,0.0,0.0,0.0,-0.01,-1,-1,-0.01,-1,-1,-0.01,-1,-1,-0.01,-1,-1,-0.01,-1,-1,-0.01,-1,-1,-0.01,-1,-1,-0.01,-1,-1,-0.01,-1,-1,-0.01,-1,-1
99926009,2026-05-18 13:45:46+05:30,53480.35,0,0.0,0,0.0,0.0,53282.15,53585.15,52783.45,53710.35,0,0.0,0.0,0.0,0.0,-0.01,-1,-1,-0.01,-1,-1,-0.01,-1,-1,-0.01,-1,-1,-0.01,-1,-1,-0.01,-1,-1,-0.01,-1,-1,-0.01,-1,-1,-0.01,-1,-1,-0.01,-1,-1
99926009,2026-05-18 13:45:47+05:30,53480.7,0,0.0,0,0.0,0.0,53282.15,53585.15,52783.45,53710.35,0,0.0,0.0,0.0,0.0,-0.01,-1,-1,-0.01,-1,-1,-0.01,-1,-1,-0.01,-1,-1,-0.01,-1,-1,-0.01,-1,-1,-0.01,-1,-1,-0.01,-1,-1,-0.01,-1,-1,-0.01,-1,-1
99926009,2026-05-18 13:45:47+05:30,53476.45,0,0.0,0,0.0,0.0,53282.15,53585.15,52783.45,53710.35,0,0.0,0.0,0.0,0.0,-0.01,-1,-1,-0.01,-1,-1,-0.01,-1,-1,-0.01,-1,-1,-0.01,-1,-1,-0.01,-1,-1,-0.01,-1,-1,-0.01,-1,-1,-0.01,-1,-1,-0.01,-1,-1
99926009,2026-05-18 13:45:48+05:30,53481.2,0,0.0,0,0.0,0.0,53282.15,53585.15,52783.45,53710.35,0,0.0,0.0,0.0,0.0,-0.01,-1,-1,-0.01,-1,-1,-0.01,-1,-1,-0.01,-1,-1,-0.01,-1,-1,-0.01,-1,-1,-0.01,-1,-1,-0.01,-1,-1,-0.01,-1,-1,-0.01,-1,-1
99926009,2026-05-18 13:45:48+05:30,53480.85,0,0.0,0,0.0,0.0,53282.15,53585.15,52783.45,53710.35,0,0.0,0.0,0.0,0.0,-0.01,-1,-1,-0.01,-1,-1,-0.01,-1,-1,-0.01,-1,-1,-0.01,-1,-1,-0.01,-1,-1,-0.01,-1,-1,-0.01,-1,-1,-0.01,-1,-1,-0.01,-1,-1
99926009,2026-05-18 13:45:49+05:30,53480.7,0,0.0,0,0.0,0.0,53282.15,53585.15,52783.45,53710.35,0,0.0,0.0,0.0,0.0,-0.01,-1,-1,-0.01,-1,-1,-0.01,-1,-1,-0.01,-1,-1,-0.01,-1,-1,-0.01,-1,-1,-0.01,-1,-1,-0.01,-1,-1,-0.01,-1,-1,-0.01,-1,-1
99926009,2026-05-18 13:45:49+05:30,53477.2,0,0.0,0,0.0,0.0,53282.15,53585.15,52783.45,53710.35,0,0.0,0.0,0.0,0.0,-0.01,-1,-1,-0.01,-1,-1,-0.01,-1,-1,-0.01,-1,-1,-0.01,-1,-1,-0.01,-1,-1,-0.01,-1,-1,-0.01,-1,-1,-0.01,-1,-1,-0.01,-1,-1
99926009,2026-05-18 13:45:50+05:30,53477.85,0,0.0,0,0.0,0.0,53282.15,53585.15,52783.45,53710.35,0,0.0,0.0,0.0,0.0,-0.01,-1,-1,-0.01,-1,-1,-0.01,-1,-1,-0.01,-1,-1,-0.01,-1,-1,-0.01,-1,-1,-0.01,-1,-1,-0.01,-1,-1,-0.01,-1,-1,-0.01,-1,-1
99926009,2026-05-18 13:45:50+05:30,53477.0,0,0.0,0,0.0,0.0,53282.15,53585.15,52783.45,53710.35,0,0.0,0.0,0.0,0.0,-0.01,-1,-1,-0.01,-1,-1,-0.01,-1,-1,-0.01,-1,-1,-0.01,-1,-1,-0.01,-1,-1,-0.01,-1,-1,-0.01,-1,-1,-0.01,-1,-1,-0.01,-1,-1
99926009,2026-05-18 13:45:51+05:30,53479.4,0,0.0,0,0.0,0.0,53282.15,53585.15,52783.45,53710.35,0,0.0,0.0,0.0,0.0,-0.01,-1,-1,-0.01,-1,-1,-0.01,-1,-1,-0.01,-1,-1,-0.01,-1,-1,-0.01,-1,-1,-0.01,-1,-1,-0.01,-1,-1,-0.01,-1,-1,-0.01,-1,-1
99926009,2026-05-18 13:45:51+05:30,53477.8,0,0.0,0,0.0,0.0,53282.15,53585.15,52783.45,53710.35,0,0.0,0.0,0.0,0.0,-0.01,-1,-1,-0.01,-1,-1,-0.01,-1,-1,-0.01,-1,-1,-0.01,-1,-1,-0.01,-1,-1,-0.01,-1,-1,-0.01,-1,-1,-0.01,-1,-1,-0.01,-1,-1
99926009,2026-05-18 13:45:52+05:30,53477.25,0,0.0,0,0.0,0.0,53282.15,53585.15,52783.45,53710.35,0,0.0,0.0,0.0,0.0,-0.01,-1,-1,-0.01,-1,-1,-0.01,-1,-1,-0.01,-1,-1,-0.01,-1,-1,-0.01,-1,-1,-0.01,-1,-1,-0.01,-1,-1,-0.01,-1,-1,-0.01,-1,-1
99926009,2026-05-18 13:45:52+05:30,53479.9,0,0.0,0,0.0,0.0,53282.15,53585.15,52783.45,53710.35,0,0.0,0.0,0.0,0.0,-0.01,-1,-1,-0.01,-1,-1,-0.01,-1,-1,-0.01,-1,-1,-0.01,-1,-1,-0.01,-1,-1,-0.01,-1,-1,-0.01,-1,-1,-0.01,-1,-1,-0.01,-1,-1
99926009,2026-05-18 13:45:53+05:30,53477.4,0,0.0,0,0.0,0.0,53282.15,53585.15,52783.45,53710.35,0,0.0,0.0,0.0,0.0,-0.01,-1,-1,-0.01,-1,-1,-0.01,-1,-1,-0.01,-1,-1,-0.01,-1,-1,-0.01,-1,-1,-0.01,-1,-1,-0.01,-1,-1,-0.01,-1,-1,-0.01,-1,-1
99926009,2026-05-18 13:45:53+05:30,53475.6,0,0.0,0,0.0,0.0,53282.15,53585.15,52783.45,53710.35,0,0.0,0.0,0.0,0.0,-0.01,-1,-1,-0.01,-1,-1,-0.01,-1,-1,-0.01,-1,-1,-0.01,-1,-1,-0.01,-1,-1,-0.01,-1,-1,-0.01,-1,-1,-0.01,-1,-1,-0.01,-1,-1
99926009,2026-05-18 13:45:54+05:30,53477.0,0,0.0,0,0.0,0.0,53282.15,53585.15,52783.45,53710.35,0,0.0,0.0,0.0,0.0,-0.01,-1,-1,-0.01,-1,-1,-0.01,-1,-1,-0.01,-1,-1,-0.01,-1,-1,-0.01,-1,-1,-0.01,-1,-1,-0.01,-1,-1,-0.01,-1,-1,-0.01,-1,-1
99926009,2026-05-18 13:45:54+05:30,53474.55,0,0.0,0,0.0,0.0,53282.15,53585.15,52783.45,53710.35,0,0.0,0.0,0.0,0.0,-0.01,-1,-1,-0.01,-1,-1,-0.01,-1,-1,-0.01,-1,-1,-0.01,-1,-1,-0.01,-1,-1,-0.01,-1,-1,-0.01,-1,-1,-0.01,-1,-1,-0.01,-1,-1
99926009,2026-05-18 13:45:55+05:30,53474.75,0,0.0,0,0.0,0.0,53282.15,53585.15,52783.45,53710.35,0,0.0,0.0,0.0,0.0,-0.01,-1,-1,-0.01,-1,-1,-0.01,-1,-1,-0.01,-1,-1,-0.01,-1,-1,-0.01,-1,-1,-0.01,-1,-1,-0.01,-1,-1,-0.01,-1,-1,-0.01,-1,-1
99926009,2026-05-18 13:45:55+05:30,53476.85,0,0.0,0,0.0,0.0,53282.15,53585.15,52783.45,53710.35,0,0.0,0.0,0.0,0.0,-0.01,-1,-1,-0.01,-1,-1,-0.01,-1,-1,-0.01,-1,-1,-0.01,-1,-1,-0.01,-1,-1,-0.01,-1,-1,-0.01,-1,-1,-0.01,-1,-1,-0.01,-1,-1
99926009,2026-05-18 13:45:56+05:30,53472.85,0,0.0,0,0.0,0.0,53282.15,53585.15,52783.45,53710.35,0,0.0,0.0,0.0,0.0,-0.01,-1,-1,-0.01,-1,-1,-0.01,-1,-1,-0.01,-1,-1,-0.01,-1,-1,-0.01,-1,-1,-0.01,-1,-1,-0.01,-1,-1,-0.01,-1,-1,-0.01,-1,-1
99926009,2026-05-18 13:45:56+05:30,53467.95,0,0.0,0,0.0,0.0,53282.15,53585.15,52783.45,53710.35,0,0.0,0.0,0.0,0.0,-0.01,-1,-1,-0.01,-1,-1,-0.01,-1,-1,-0.01,-1,-1,-0.01,-1,-1,-0.01,-1,-1,-0.01,-1,-1,-0.01,-1,-1,-0.01,-1,-1,-0.01,-1,-1
99926009,2026-05-18 13:45:57+05:30,53466.15,0,0.0,0,0.0,0.0,53282.15,53585.15,52783.45,53710.35,0,0.0,0.0,0.0,0.0,-0.01,-1,-1,-0.01,-1,-1,-0.01,-1,-1,-0.01,-1,-1,-0.01,-1,-1,-0.01,-1,-1,-0.01,-1,-1,-0.01,-1,-1,-0.01,-1,-1,-0.01,-1,-1
99926009,2026-05-18 13:45:57+05:30,53466.0,0,0.0,0,0.0,0.0,53282.15,53585.15,52783.45,53710.35,0,0.0,0.0,0.0,0.0,-0.01,-1,-1,-0.01,-1,-1,-0.01,-1,-1,-0.01,-1,-1,-0.01,-1,-1,-0.01,-1,-1,-0.01,-1,-1,-0.01,-1,-1,-0.01,-1,-1,-0.01,-1,-1
99926009,2026-05-18 13:45:58+05:30,53467.45,0,0.0,0,0.0,0.0,53282.15,53585.15,52783.45,53710.35,0,0.0,0.0,0.0,0.0,-0.01,-1,-1,-0.01,-1,-1,-0.01,-1,-1,-0.01,-1,-1,-0.01,-1,-1,-0.01,-1,-1,-0.01,-1,-1,-0.01,-1,-1,-0.01,-1,-1,-0.01,-1,-1
99926009,2026-05-18 13:45:58+05:30,53461.45,0,0.0,0,0.0,0.0,53282.15,53585.15,52783.45,53710.35,0,0.0,0.0,0.0,0.0,-0.01,-1,-1,-0.01,-1,-1,-0.01,-1,-1,-0.01,-1,-1,-0.01,-1,-1,-0.01,-1,-1,-0.01,-1,-1,-0.01,-1,-1,-0.01,-1,-1,-0.01,-1,-1
99926009,2026-05-18 13:45:59+05:30,53461.85,0,0.0,0,0.0,0.0,53282.15,53585.15,52783.45,53710.35,0,0.0,0.0,0.0,0.0,-0.01,-1,-1,-0.01,-1,-1,-0.01,-1,-1,-0.01,-1,-1,-0.01,-1,-1,-0.01,-1,-1,-0.01,-1,-1,-0.01,-1,-1,-0.01,-1,-1,-0.01,-1,-1
99926009,2026-05-18 13:45:59+05:30,53460.25,0,0.0,0,0.0,0.0,53282.15,53585.15,52783.45,53710.35,0,0.0,0.0,0.0,0.0,-0.01,-1,-1,-0.01,-1,-1,-0.01,-1,-1,-0.01,-1,-1,-0.01,-1,-1,-0.01,-1,-1,-0.01,-1,-1,-0.01,-1,-1,-0.01,-1,-1,-0.01,-1,-1
99926009,2026-05-18 13:46:00+05:30,53465.75,0,0.0,0,0.0,0.0,53282.15,53585.15,52783.45,53710.35,0,0.0,0.0,0.0,0.0,-0.01,-1,-1,-0.01,-1,-1,-0.01,-1,-1,-0.01,-1,-1,-0.01,-1,-1,-0.01,-1,-1,-0.01,-1,-1,-0.01,-1,-1,-0.01,-1,-1,-0.01,-1,-1
99926009,2026-05-18 13:46:00+05:30,53462.45,0,0.0,0,0.0,0.0,53282.15,53585.15,52783.45,53710.35,0,0.0,0.0,0.0,0.0,-0.01,-1,-1,-0.01,-1,-1,-0.01,-1,-1,-0.01,-1,-1,-0.01,-1,-1,-0.01,-1,-1,-0.01,-1,-1,-0.01,-1,-1,-0.01,-1,-1,-0.01,-1,-1
99926009,2026-05-18 13:46:01+05:30,53462.4,0,0.0,0,0.0,0.0,53282.15,53585.15,52783.45,53710.35,0,0.0,0.0,0.0,0.0,-0.01,-1,-1,-0.01,-1,-1,-0.01,-1,-1,-0.01,-1,-1,-0.01,-1,-1,-0.01,-1,-1,-0.01,-1,-1,-0.01,-1,-1,-0.01,-1,-1,-0.01,-1,-1
99926009,2026-05-18 13:46:01+05:30,53458.6,0,0.0,0,0.0,0.0,53282.15,53585.15,52783.45,53710.35,0,0.0,0.0,0.0,0.0,-0.01,-1,-1,-0.01,-1,-1,-0.01,-1,-1,-0.01,-1,-1,-0.01,-1,-1,-0.01,-1,-1,-0.01,-1,-1,-0.01,-1,-1,-0.01,-1,-1,-0.01,-1,-1
99926009,2026-05-18 13:46:02+05:30,53456.4,0,0.0,0,0.0,0.0,53282.15,53585.15,52783.45,53710.35,0,0.0,0.0,0.0,0.0,-0.01,-1,-1,-0.01,-1,-1,-0.01,-1,-1,-0.01,-1,-1,-0.01,-1,-1,-0.01,-1,-1,-0.01,-1,-1,-0.01,-1,-1,-0.01,-1,-1,-0.01,-1,-1
99926009,2026-05-18 13:46:02+05:30,53455.8,0,0.0,0,0.0,0.0,53282.15,53585.15,52783.45,53710.35,0,0.0,0.0,0.0,0.0,-0.01,-1,-1,-0.01,-1,-1,-0.01,-1,-1,-0.01,-1,-1,-0.01,-1,-1,-0.01,-1,-1,-0.01,-1,-1,-0.01,-1,-1,-0.01,-1,-1,-0.01,-1,-1
99926009,2026-05-18 13:46:03+05:30,53456.1,0,0.0,0,0.0,0.0,53282.15,53585.15,52783.45,53710.35,0,0.0,0.0,0.0,0.0,-0.01,-1,-1,-0.01,-1,-1,-0.01,-1,-1,-0.01,-1,-1,-0.01,-1,-1,-0.01,-1,-1,-0.01,-1,-1,-0.01,-1,-1,-0.01,-1,-1,-0.01,-1,-1
99926009,2026-05-18 13:46:03+05:30,53455.65,0,0.0,0,0.0,0.0,53282.15,53585.15,52783.45,53710.35,0,0.0,0.0,0.0,0.0,-0.01,-1,-1,-0.01,-1,-1,-0.01,-1,-1,-0.01,-1,-1,-0.01,-1,-1,-0.01,-1,-1,-0.01,-1,-1,-0.01,-1,-1,-0.01,-1,-1,-0.01,-1,-1
99926009,2026-05-18 13:46:04+05:30,53453.5,0,0.0,0,0.0,0.0,53282.15,53585.15,52783.45,53710.35,0,0.0,0.0,0.0,0.0,-0.01,-1,-1,-0.01,-1,-1,-0.01,-1,-1,-0.01,-1,-1,-0.01,-1,-1,-0.01,-1,-1,-0.01,-1,-1,-0.01,-1,-1,-0.01,-1,-1,-0.01,-1,-1
99926009,2026-05-18 13:46:04+05:30,53450.45,0,0.0,0,0.0,0.0,53282.15,53585.15,52783.45,53710.35,0,0.0,0.0,0.0,0.0,-0.01,-1,-1,-0.01,-1,-1,-0.01,-1,-1,-0.01,-1,-1,-0.01,-1,-1,-0.01,-1,-1,-0.01,-1,-1,-0.01,-1,-1,-0.01,-1,-1,-0.01,-1,-1
99926009,2026-05-18 13:46:05+05:30,53451.4,0,0.0,0,0.0,0.0,53282.15,53585.15,52783.45,53710.35,0,0.0,0.0,0.0,0.0,-0.01,-1,-1,-0.01,-1,-1,-0.01,-1,-1,-0.01,-1,-1,-0.01,-1,-1,-0.01,-1,-1,-0.01,-1,-1,-0.01,-1,-1,-0.01,-1,-1,-0.01,-1,-1
99926009,2026-05-18 13:46:05+05:30,53448.65,0,0.0,0,0.0,0.0,53282.15,53585.15,52783.45,53710.35,0,0.0,0.0,0.0,0.0,-0.01,-1,-1,-0.01,-1,-1,-0.01,-1,-1,-0.01,-1,-1,-0.01,-1,-1,-0.01,-1,-1,-0.01,-1,-1,-0.01,-1,-1,-0.01,-1,-1,-0.01,-1,-1
99926009,2026-05-18 13:46:06+05:30,53451.75,0,0.0,0,0.0,0.0,53282.15,53585.15,52783.45,53710.35,0,0.0,0.0,0.0,0.0,-0.01,-1,-1,-0.01,-1,-1,-0.01,-1,-1,-0.01,-1,-1,-0.01,-1,-1,-0.01,-1,-1,-0.01,-1,-1,-0.01,-1,-1,-0.01,-1,-1,-0.01,-1,-1
99926009,2026-05-18 13:46:06+05:30,53448.3,0,0.0,0,0.0,0.0,53282.15,53585.15,52783.45,53710.35,0,0.0,0.0,0.0,0.0,-0.01,-1,-1,-0.01,-1,-1,-0.01,-1,-1,-0.01,-1,-1,-0.01,-1,-1,-0.01,-1,-1,-0.01,-1,-1,-0.01,-1,-1,-0.01,-1,-1,-0.01,-1,-1
99926009,2026-05-18 13:46:07+05:30,53448.65,0,0.0,0,0.0,0.0,53282.15,53585.15,52783.45,53710.35,0,0.0,0.0,0.0,0.0,-0.01,-1,-1,-0.01,-1,-1,-0.01,-1,-1,-0.01,-1,-1,-0.01,-1,-1,-0.01,-1,-1,-0.01,-1,-1,-0.01,-1,-1,-0.01,-1,-1,-0.01,-1,-1
99926009,2026-05-18 13:46:07+05:30,53449.5,0,0.0,0,0.0,0.0,53282.15,53585.15,52783.45,53710.35,0,0.0,0.0,0.0,0.0,-0.01,-1,-1,-0.01,-1,-1,-0.01,-1,-1,-0.01,-1,-1,-0.01,-1,-1,-0.01,-1,-1,-0.01,-1,-1,-0.01,-1,-1,-0.01,-1,-1,-0.01,-1,-1
99926009,2026-05-18 13:46:08+05:30,53446.9,0,0.0,0,0.0,0.0,53282.15,53585.15,52783.45,53710.35,0,0.0,0.0,0.0,0.0,-0.01,-1,-1,-0.01,-1,-1,-0.01,-1,-1,-0.01,-1,-1,-0.01,-1,-1,-0.01,-1,-1,-0.01,-1,-1,-0.01,-1,-1,-0.01,-1,-1,-0.01,-1,-1
99926009,2026-05-18 13:46:08+05:30,53447.3,0,0.0,0,0.0,0.0,53282.15,53585.15,52783.45,53710.35,0,0.0,0.0,0.0,0.0,-0.01,-1,-1,-0.01,-1,-1,-0.01,-1,-1,-0.01,-1,-1,-0.01,-1,-1,-0.01,-1,-1,-0.01,-1,-1,-0.01,-1,-1,-0.01,-1,-1,-0.01,-1,-1
99926009,2026-05-18 13:46:09+05:30,53446.9,0,0.0,0,0.0,0.0,53282.15,53585.15,52783.45,53710.35,0,0.0,0.0,0.0,0.0,-0.01,-1,-1,-0.01,-1,-1,-0.01,-1,-1,-0.01,-1,-1,-0.01,-1,-1,-0.01,-1,-1,-0.01,-1,-1,-0.01,-1,-1,-0.01,-1,-1,-0.01,-1,-1
99926009,2026-05-18 13:46:09+05:30,53447.45,0,0.0,0,0.0,0.0,53282.15,53585.15,52783.45,53710.35,0,0.0,0.0,0.0,0.0,-0.01,-1,-1,-0.01,-1,-1,-0.01,-1,-1,-0.01,-1,-1,-0.01,-1,-1,-0.01,-1,-1,-0.01,-1,-1,-0.01,-1,-1,-0.01,-1,-1,-0.01,-1,-1
99926009,2026-05-18 13:46:10+05:30,53449.85,0,0.0,0,0.0,0.0,53282.15,53585.15,52783.45,53710.35,0,0.0,0.0,0.0,0.0,-0.01,-1,-1,-0.01,-1,-1,-0.01,-1,-1,-0.01,-1,-1,-0.01,-1,-1,-0.01,-1,-1,-0.01,-1,-1,-0.01,-1,-1,-0.01,-1,-1,-0.01,-1,-1
99926009,2026-05-18 13:46:10+05:30,53449.85,0,0.0,0,0.0,0.0,53282.15,53585.15,52783.45,53710.35,0,0.0,0.0,0.0,0.0,-0.01,-1,-1,-0.01,-1,-1,-0.01,-1,-1,-0.01,-1,-1,-0.01,-1,-1,-0.01,-1,-1,-0.01,-1,-1,-0.01,-1,-1,-0.01,-1,-1,-0.01,-1,-1
99926009,2026-05-18 13:46:11+05:30,53453.05,0,0.0,0,0.0,0.0,53282.15,53585.15,52783.45,53710.35,0,0.0,0.0,0.0,0.0,-0.01,-1,-1,-0.01,-1,-1,-0.01,-1,-1,-0.01,-1,-1,-0.01,-1,-1,-0.01,-1,-1,-0.01,-1,-1,-0.01,-1,-1,-0.01,-1,-1,-0.01,-1,-1
99926009,2026-05-18 13:46:11+05:30,53446.7,0,0.0,0,0.0,0.0,53282.15,53585.15,52783.45,53710.35,0,0.0,0.0,0.0,0.0,-0.01,-1,-1,-0.01,-1,-1,-0.01,-1,-1,-0.01,-1,-1,-0.01,-1,-1,-0.01,-1,-1,-0.01,-1,-1,-0.01,-1,-1,-0.01,-1,-1,-0.01,-1,-1
99926009,2026-05-18 13:46:12+05:30,53443.25,0,0.0,0,0.0,0.0,53282.15,53585.15,52783.45,53710.35,0,0.0,0.0,0.0,0.0,-0.01,-1,-1,-0.01,-1,-1,-0.01,-1,-1,-0.01,-1,-1,-0.01,-1,-1,-0.01,-1,-1,-0.01,-1,-1,-0.01,-1,-1,-0.01,-1,-1,-0.01,-1,-1
99926009,2026-05-18 13:46:12+05:30,53446.2,0,0.0,0,0.0,0.0,53282.15,53585.15,52783.45,53710.35,0,0.0,0.0,0.0,0.0,-0.01,-1,-1,-0.01,-1,-1,-0.01,-1,-1,-0.01,-1,-1,-0.01,-1,-1,-0.01,-1,-1,-0.01,-1,-1,-0.01,-1,-1,-0.01,-1,-1,-0.01,-1,-1
99926009,2026-05-18 13:46:13+05:30,53445.15,0,0.0,0,0.0,0.0,53282.15,53585.15,52783.45,53710.35,0,0.0,0.0,0.0,0.0,-0.01,-1,-1,-0.01,-1,-1,-0.01,-1,-1,-0.01,-1,-1,-0.01,-1,-1,-0.01,-1,-1,-0.01,-1,-1,-0.01,-1,-1,-0.01,-1,-1,-0.01,-1,-1
99926009,2026-05-18 13:46:13+05:30,53447.3,0,0.0,0,0.0,0.0,53282.15,53585.15,52783.45,53710.35,0,0.0,0.0,0.0,0.0,-0.01,-1,-1,-0.01,-1,-1,-0.01,-1,-1,-0.01,-1,-1,-0.01,-1,-1,-0.01,-1,-1,-0.01,-1,-1,-0.01,-1,-1,-0.01,-1,-1,-0.01,-1,-1
99926009,2026-05-18 13:46:14+05:30,53447.85,0,0.0,0,0.0,0.0,53282.15,53585.15,52783.45,53710.35,0,0.0,0.0,0.0,0.0,-0.01,-1,-1,-0.01,-1,-1,-0.01,-1,-1,-0.01,-1,-1,-0.01,-1,-1,-0.01,-1,-1,-0.01,-1,-1,-0.01,-1,-1,-0.01,-1,-1,-0.01,-1,-1
99926009,2026-05-18 13:46:14+05:30,53447.0,0,0.0,0,0.0,0.0,53282.15,53585.15,52783.45,53710.35,0,0.0,0.0,0.0,0.0,-0.01,-1,-1,-0.01,-1,-1,-0.01,-1,-1,-0.01,-1,-1,-0.01,-1,-1,-0.01,-1,-1,-0.01,-1,-1,-0.01,-1,-1,-0.01,-1,-1,-0.01,-1,-1
99926009,2026-05-18 13:46:15+05:30,53449.95,0,0.0,0,0.0,0.0,53282.15,53585.15,52783.45,53710.35,0,0.0,0.0,0.0,0.0,-0.01,-1,-1,-0.01,-1,-1,-0.01,-1,-1,-0.01,-1,-1,-0.01,-1,-1,-0.01,-1,-1,-0.01,-1,-1,-0.01,-1,-1,-0.01,-1,-1,-0.01,-1,-1
99926009,2026-05-18 13:46:15+05:30,53450.5,0,0.0,0,0.0,0.0,53282.15,53585.15,52783.45,53710.35,0,0.0,0.0,0.0,0.0,-0.01,-1,-1,-0.01,-1,-1,-0.01,-1,-1,-0.01,-1,-1,-0.01,-1,-1,-0.01,-1,-1,-0.01,-1,-1,-0.01,-1,-1,-0.01,-1,-1,-0.01,-1,-1
99926009,2026-05-18 13:46:16+05:30,53453.25,0,0.0,0,0.0,0.0,53282.15,53585.15,52783.45,53710.35,0,0.0,0.0,0.0,0.0,-0.01,-1,-1,-0.01,-1,-1,-0.01,-1,-1,-0.01,-1,-1,-0.01,-1,-1,-0.01,-1,-1,-0.01,-1,-1,-0.01,-1,-1,-0.01,-1,-1,-0.01,-1,-1
99926009,2026-05-18 13:46:16+05:30,53450.45,0,0.0,0,0.0,0.0,53282.15,53585.15,52783.45,53710.35,0,0.0,0.0,0.0,0.0,-0.01,-1,-1,-0.01,-1,-1,-0.01,-1,-1,-0.01,-1,-1,-0.01,-1,-1,-0.01,-1,-1,-0.01,-1,-1,-0.01,-1,-1,-0.01,-1,-1,-0.01,-1,-1
99926009,2026-05-18 13:46:17+05:30,53450.0,0,0.0,0,0.0,0.0,53282.15,53585.15,52783.45,53710.35,0,0.0,0.0,0.0,0.0,-0.01,-1,-1,-0.01,-1,-1,-0.01,-1,-1,-0.01,-1,-1,-0.01,-1,-1,-0.01,-1,-1,-0.01,-1,-1,-0.01,-1,-1,-0.01,-1,-1,-0.01,-1,-1
99926009,2026-05-18 13:46:17+05:30,53450.15,0,0.0,0,0.0,0.0,53282.15,53585.15,52783.45,53710.35,0,0.0,0.0,0.0,0.0,-0.01,-1,-1,-0.01,-1,-1,-0.01,-1,-1,-0.01,-1,-1,-0.01,-1,-1,-0.01,-1,-1,-0.01,-1,-1,-0.01,-1,-1,-0.01,-1,-1,-0.01,-1,-1
99926009,2026-05-18 13:46:18+05:30,53447.5,0,0.0,0,0.0,0.0,53282.15,53585.15,52783.45,53710.35,0,0.0,0.0,0.0,0.0,-0.01,-1,-1,-0.01,-1,-1,-0.01,-1,-1,-0.01,-1,-1,-0.01,-1,-1,-0.01,-1,-1,-0.01,-1,-1,-0.01,-1,-1,-0.01,-1,-1,-0.01,-1,-1
99926009,2026-05-18 13:46:18+05:30,53448.35,0,0.0,0,0.0,0.0,53282.15,53585.15,52783.45,53710.35,0,0.0,0.0,0.0,0.0,-0.01,-1,-1,-0.01,-1,-1,-0.01,-1,-1,-0.01,-1,-1,-0.01,-1,-1,-0.01,-1,-1,-0.01,-1,-1,-0.01,-1,-1,-0.01,-1,-1,-0.01,-1,-1
99926009,2026-05-18 13:46:19+05:30,53449.75,0,0.0,0,0.0,0.0,53282.15,53585.15,52783.45,53710.35,0,0.0,0.0,0.0,0.0,-0.01,-1,-1,-0.01,-1,-1,-0.01,-1,-1,-0.01,-1,-1,-0.01,-1,-1,-0.01,-1,-1,-0.01,-1,-1,-0.01,-1,-1,-0.01,-1,-1,-0.01,-1,-1
99926009,2026-05-18 13:46:19+05:30,53449.75,0,0.0,0,0.0,0.0,53282.15,53585.15,52783.45,53710.35,0,0.0,0.0,0.0,0.0,-0.01,-1,-1,-0.01,-1,-1,-0.01,-1,-1,-0.01,-1,-1,-0.01,-1,-1,-0.01,-1,-1,-0.01,-1,-1,-0.01,-1,-1,-0.01,-1,-1,-0.01,-1,-1
99926009,2026-05-18 13:46:20+05:30,53449.15,0,0.0,0,0.0,0.0,53282.15,53585.15,52783.45,53710.35,0,0.0,0.0,0.0,0.0,-0.01,-1,-1,-0.01,-1,-1,-0.01,-1,-1,-0.01,-1,-1,-0.01,-1,-1,-0.01,-1,-1,-0.01,-1,-1,-0.01,-1,-1,-0.01,-1,-1,-0.01,-1,-1
99926009,2026-05-18 13:46:20+05:30,53450.35,0,0.0,0,0.0,0.0,53282.15,53585.15,52783.45,53710.35,0,0.0,0.0,0.0,0.0,-0.01,-1,-1,-0.01,-1,-1,-0.01,-1,-1,-0.01,-1,-1,-0.01,-1,-1,-0.01,-1,-1,-0.01,-1,-1,-0.01,-1,-1,-0.01,-1,-1,-0.01,-1,-1
99926009,2026-05-18 13:46:21+05:30,53450.45,0,0.0,0,0.0,0.0,53282.15,53585.15,52783.45,53710.35,0,0.0,0.0,0.0,0.0,-0.01,-1,-1,-0.01,-1,-1,-0.01,-1,-1,-0.01,-1,-1,-0.01,-1,-1,-0.01,-1,-1,-0.01,-1,-1,-0.01,-1,-1,-0.01,-1,-1,-0.01,-1,-1
99926009,2026-05-18 13:46:21+05:30,53451.9,0,0.0,0,0.0,0.0,53282.15,53585.15,52783.45,53710.35,0,0.0,0.0,0.0,0.0,-0.01,-1,-1,-0.01,-1,-1,-0.01,-1,-1,-0.01,-1,-1,-0.01,-1,-1,-0.01,-1,-1,-0.01,-1,-1,-0.01,-1,-1,-0.01,-1,-1,-0.01,-1,-1
99926009,2026-05-18 13:46:22+05:30,53450.95,0,0.0,0,0.0,0.0,53282.15,53585.15,52783.45,53710.35,0,0.0,0.0,0.0,0.0,-0.01,-1,-1,-0.01,-1,-1,-0.01,-1,-1,-0.01,-1,-1,-0.01,-1,-1,-0.01,-1,-1,-0.01,-1,-1,-0.01,-1,-1,-0.01,-1,-1,-0.01,-1,-1
99926009,2026-05-18 13:46:22+05:30,53450.45,0,0.0,0,0.0,0.0,53282.15,53585.15,52783.45,53710.35,0,0.0,0.0,0.0,0.0,-0.01,-1,-1,-0.01,-1,-1,-0.01,-1,-1,-0.01,-1,-1,-0.01,-1,-1,-0.01,-1,-1,-0.01,-1,-1,-0.01,-1,-1,-0.01,-1,-1,-0.01,-1,-1
99926009,2026-05-18 13:46:23+05:30,53455.9,0,0.0,0,0.0,0.0,53282.15,53585.15,52783.45,53710.35,0,0.0,0.0,0.0,0.0,-0.01,-1,-1,-0.01,-1,-1,-0.01,-1,-1,-0.01,-1,-1,-0.01,-1,-1,-0.01,-1,-1,-0.01,-1,-1,-0.01,-1,-1,-0.01,-1,-1,-0.01,-1,-1
99926009,2026-05-18 13:46:23+05:30,53454.5,0,0.0,0,0.0,0.0,53282.15,53585.15,52783.45,53710.35,0,0.0,0.0,0.0,0.0,-0.01,-1,-1,-0.01,-1,-1,-0.01,-1,-1,-0.01,-1,-1,-0.01,-1,-1,-0.01,-1,-1,-0.01,-1,-1,-0.01,-1,-1,-0.01,-1,-1,-0.01,-1,-1
99926009,2026-05-18 13:46:24+05:30,53456.8,0,0.0,0,0.0,0.0,53282.15,53585.15,52783.45,53710.35,0,0.0,0.0,0.0,0.0,-0.01,-1,-1,-0.01,-1,-1,-0.01,-1,-1,-0.01,-1,-1,-0.01,-1,-1,-0.01,-1,-1,-0.01,-1,-1,-0.01,-1,-1,-0.01,-1,-1,-0.01,-1,-1
99926009,2026-05-18 13:46:24+05:30,53456.3,0,0.0,0,0.0,0.0,53282.15,53585.15,52783.45,53710.35,0,0.0,0.0,0.0,0.0,-0.01,-1,-1,-0.01,-1,-1,-0.01,-1,-1,-0.01,-1,-1,-0.01,-1,-1,-0.01,-1,-1,-0.01,-1,-1,-0.01,-1,-1,-0.01,-1,-1,-0.01,-1,-1
99926009,2026-05-18 13:46:25+05:30,53457.5,0,0.0,0,0.0,0.0,53282.15,53585.15,52783.45,53710.35,0,0.0,0.0,0.0,0.0,-0.01,-1,-1,-0.01,-1,-1,-0.01,-1,-1,-0.01,-1,-1,-0.01,-1,-1,-0.01,-1,-1,-0.01,-1,-1,-0.01,-1,-1,-0.01,-1,-1,-0.01,-1,-1
99926009,2026-05-18 13:46:25+05:30,53453.65,0,0.0,0,0.0,0.0,53282.15,53585.15,52783.45,53710.35,0,0.0,0.0,0.0,0.0,-0.01,-1,-1,-0.01,-1,-1,-0.01,-1,-1,-0.01,-1,-1,-0.01,-1,-1,-0.01,-1,-1,-0.01,-1,-1,-0.01,-1,-1,-0.01,-1,-1,-0.01,-1,-1
99926009,2026-05-18 13:46:26+05:30,53458.15,0,0.0,0,0.0,0.0,53282.15,53585.15,52783.45,53710.35,0,0.0,0.0,0.0,0.0,-0.01,-1,-1,-0.01,-1,-1,-0.01,-1,-1,-0.01,-1,-1,-0.01,-1,-1,-0.01,-1,-1,-0.01,-1,-1,-0.01,-1,-1,-0.01,-1,-1,-0.01,-1,-1
99926009,2026-05-18 13:46:26+05:30,53458.65,0,0.0,0,0.0,0.0,53282.15,53585.15,52783.45,53710.35,0,0.0,0.0,0.0,0.0,-0.01,-1,-1,-0.01,-1,-1,-0.01,-1,-1,-0.01,-1,-1,-0.01,-1,-1,-0.01,-1,-1,-0.01,-1,-1,-0.01,-1,-1,-0.01,-1,-1,-0.01,-1,-1
99926009,2026-05-18 13:46:27+05:30,53457.7,0,0.0,0,0.0,0.0,53282.15,53585.15,52783.45,53710.35,0,0.0,0.0,0.0,0.0,-0.01,-1,-1,-0.01,-1,-1,-0.01,-1,-1,-0.01,-1,-1,-0.01,-1,-1,-0.01,-1,-1,-0.01,-1,-1,-0.01,-1,-1,-0.01,-1,-1,-0.01,-1,-1
99926009,2026-05-18 13:46:27+05:30,53456.15,0,0.0,0,0.0,0.0,53282.15,53585.15,52783.45,53710.35,0,0.0,0.0,0.0,0.0,-0.01,-1,-1,-0.01,-1,-1,-0.01,-1,-1,-0.01,-1,-1,-0.01,-1,-1,-0.01,-1,-1,-0.01,-1,-1,-0.01,-1,-1,-0.01,-1,-1,-0.01,-1,-1
99926009,2026-05-18 13:46:28+05:30,53458.0,0,0.0,0,0.0,0.0,53282.15,53585.15,52783.45,53710.35,0,0.0,0.0,0.0,0.0,-0.01,-1,-1,-0.01,-1,-1,-0.01,-1,-1,-0.01,-1,-1,-0.01,-1,-1,-0.01,-1,-1,-0.01,-1,-1,-0.01,-1,-1,-0.01,-1,-1,-0.01,-1,-1
99926009,2026-05-18 13:46:28+05:30,53457.7,0,0.0,0,0.0,0.0,53282.15,53585.15,52783.45,53710.35,0,0.0,0.0,0.0,0.0,-0.01,-1,-1,-0.01,-1,-1,-0.01,-1,-1,-0.01,-1,-1,-0.01,-1,-1,-0.01,-1,-1,-0.01,-1,-1,-0.01,-1,-1,-0.01,-1,-1,-0.01,-1,-1
99926009,2026-05-18 13:46:29+05:30,53457.75,0,0.0,0,0.0,0.0,53282.15,53585.15,52783.45,53710.35,0,0.0,0.0,0.0,0.0,-0.01,-1,-1,-0.01,-1,-1,-0.01,-1,-1,-0.01,-1,-1,-0.01,-1,-1,-0.01,-1,-1,-0.01,-1,-1,-0.01,-1,-1,-0.01,-1,-1,-0.01,-1,-1
99926009,2026-05-18 13:46:29+05:30,53460.05,0,0.0,0,0.0,0.0,53282.15,53585.15,52783.45,53710.35,0,0.0,0.0,0.0,0.0,-0.01,-1,-1,-0.01,-1,-1,-0.01,-1,-1,-0.01,-1,-1,-0.01,-1,-1,-0.01,-1,-1,-0.01,-1,-1,-0.01,-1,-1,-0.01,-1,-1,-0.01,-1,-1
99926009,2026-05-18 13:46:30+05:30,53461.25,0,0.0,0,0.0,0.0,53282.15,53585.15,52783.45,53710.35,0,0.0,0.0,0.0,0.0,-0.01,-1,-1,-0.01,-1,-1,-0.01,-1,-1,-0.01,-1,-1,-0.01,-1,-1,-0.01,-1,-1,-0.01,-1,-1,-0.01,-1,-1,-0.01,-1,-1,-0.01,-1,-1
99926009,2026-05-18 13:46:30+05:30,53461.0,0,0.0,0,0.0,0.0,53282.15,53585.15,52783.45,53710.35,0,0.0,0.0,0.0,0.0,-0.01,-1,-1,-0.01,-1,-1,-0.01,-1,-1,-0.01,-1,-1,-0.01,-1,-1,-0.01,-1,-1,-0.01,-1,-1,-0.01,-1,-1,-0.01,-1,-1,-0.01,-1,-1
99926009,2026-05-18 13:46:31+05:30,53464.0,0,0.0,0,0.0,0.0,53282.15,53585.15,52783.45,53710.35,0,0.0,0.0,0.0,0.0,-0.01,-1,-1,-0.01,-1,-1,-0.01,-1,-1,-0.01,-1,-1,-0.01,-1,-1,-0.01,-1,-1,-0.01,-1,-1,-0.01,-1,-1,-0.01,-1,-1,-0.01,-1,-1
99926009,2026-05-18 13:46:31+05:30,53466.25,0,0.0,0,0.0,0.0,53282.15,53585.15,52783.45,53710.35,0,0.0,0.0,0.0,0.0,-0.01,-1,-1,-0.01,-1,-1,-0.01,-1,-1,-0.01,-1,-1,-0.01,-1,-1,-0.01,-1,-1,-0.01,-1,-1,-0.01,-1,-1,-0.01,-1,-1,-0.01,-1,-1
99926009,2026-05-18 13:46:32+05:30,53466.85,0,0.0,0,0.0,0.0,53282.15,53585.15,52783.45,53710.35,0,0.0,0.0,0.0,0.0,-0.01,-1,-1,-0.01,-1,-1,-0.01,-1,-1,-0.01,-1,-1,-0.01,-1,-1,-0.01,-1,-1,-0.01,-1,-1,-0.01,-1,-1,-0.01,-1,-1,-0.01,-1,-1
99926009,2026-05-18 13:46:32+05:30,53463.3,0,0.0,0,0.0,0.0,53282.15,53585.15,52783.45,53710.35,0,0.0,0.0,0.0,0.0,-0.01,-1,-1,-0.01,-1,-1,-0.01,-1,-1,-0.01,-1,-1,-0.01,-1,-1,-0.01,-1,-1,-0.01,-1,-1,-0.01,-1,-1,-0.01,-1,-1,-0.01,-1,-1
99926009,2026-05-18 13:46:33+05:30,53466.5,0,0.0,0,0.0,0.0,53282.15,53585.15,52783.45,53710.35,0,0.0,0.0,0.0,0.0,-0.01,-1,-1,-0.01,-1,-1,-0.01,-1,-1,-0.01,-1,-1,-0.01,-1,-1,-0.01,-1,-1,-0.01,-1,-1,-0.01,-1,-1,-0.01,-1,-1,-0.01,-1,-1
99926009,2026-05-18 13:46:33+05:30,53468.45,0,0.0,0,0.0,0.0,53282.15,53585.15,52783.45,53710.35,0,0.0,0.0,0.0,0.0,-0.01,-1,-1,-0.01,-1,-1,-0.01,-1,-1,-0.01,-1,-1,-0.01,-1,-1,-0.01,-1,-1,-0.01,-1,-1,-0.01,-1,-1,-0.01,-1,-1,-0.01,-1,-1
99926009,2026-05-18 13:46:34+05:30,53469.8,0,0.0,0,0.0,0.0,53282.15,53585.15,52783.45,53710.35,0,0.0,0.0,0.0,0.0,-0.01,-1,-1,-0.01,-1,-1,-0.01,-1,-1,-0.01,-1,-1,-0.01,-1,-1,-0.01,-1,-1,-0.01,-1,-1,-0.01,-1,-1,-0.01,-1,-1,-0.01,-1,-1
99926009,2026-05-18 13:46:34+05:30,53465.15,0,0.0,0,0.0,0.0,53282.15,53585.15,52783.45,53710.35,0,0.0,0.0,0.0,0.0,-0.01,-1,-1,-0.01,-1,-1,-0.01,-1,-1,-0.01,-1,-1,-0.01,-1,-1,-0.01,-1,-1,-0.01,-1,-1,-0.01,-1,-1,-0.01,-1,-1,-0.01,-1,-1
99926009,2026-05-18 13:46:35+05:30,53468.65,0,0.0,0,0.0,0.0,53282.15,53585.15,52783.45,53710.35,0,0.0,0.0,0.0,0.0,-0.01,-1,-1,-0.01,-1,-1,-0.01,-1,-1,-0.01,-1,-1,-0.01,-1,-1,-0.01,-1,-1,-0.01,-1,-1,-0.01,-1,-1,-0.01,-1,-1,-0.01,-1,-1
99926009,2026-05-18 13:46:35+05:30,53467.7,0,0.0,0,0.0,0.0,53282.15,53585.15,52783.45,53710.35,0,0.0,0.0,0.0,0.0,-0.01,-1,-1,-0.01,-1,-1,-0.01,-1,-1,-0.01,-1,-1,-0.01,-1,-1,-0.01,-1,-1,-0.01,-1,-1,-0.01,-1,-1,-0.01,-1,-1,-0.01,-1,-1
99926009,2026-05-18 13:46:36+05:30,53470.1,0,0.0,0,0.0,0.0,53282.15,53585.15,52783.45,53710.35,0,0.0,0.0,0.0,0.0,-0.01,-1,-1,-0.01,-1,-1,-0.01,-1,-1,-0.01,-1,-1,-0.01,-1,-1,-0.01,-1,-1,-0.01,-1,-1,-0.01,-1,-1,-0.01,-1,-1,-0.01,-1,-1
99926009,2026-05-18 13:46:36+05:30,53466.5,0,0.0,0,0.0,0.0,53282.15,53585.15,52783.45,53710.35,0,0.0,0.0,0.0,0.0,-0.01,-1,-1,-0.01,-1,-1,-0.01,-1,-1,-0.01,-1,-1,-0.01,-1,-1,-0.01,-1,-1,-0.01,-1,-1,-0.01,-1,-1,-0.01,-1,-1,-0.01,-1,-1
99926009,2026-05-18 13:46:37+05:30,53464.95,0,0.0,0,0.0,0.0,53282.15,53585.15,52783.45,53710.35,0,0.0,0.0,0.0,0.0,-0.01,-1,-1,-0.01,-1,-1,-0.01,-1,-1,-0.01,-1,-1,-0.01,-1,-1,-0.01,-1,-1,-0.01,-1,-1,-0.01,-1,-1,-0.01,-1,-1,-0.01,-1,-1
99926009,2026-05-18 13:46:37+05:30,53465.15,0,0.0,0,0.0,0.0,53282.15,53585.15,52783.45,53710.35,0,0.0,0.0,0.0,0.0,-0.01,-1,-1,-0.01,-1,-1,-0.01,-1,-1,-0.01,-1,-1,-0.01,-1,-1,-0.01,-1,-1,-0.01,-1,-1,-0.01,-1,-1,-0.01,-1,-1,-0.01,-1,-1
99926009,2026-05-18 13:46:38+05:30,53466.9,0,0.0,0,0.0,0.0,53282.15,53585.15,52783.45,53710.35,0,0.0,0.0,0.0,0.0,-0.01,-1,-1,-0.01,-1,-1,-0.01,-1,-1,-0.01,-1,-1,-0.01,-1,-1,-0.01,-1,-1,-0.01,-1,-1,-0.01,-1,-1,-0.01,-1,-1,-0.01,-1,-1
99926009,2026-05-18 13:46:38+05:30,53468.3,0,0.0,0,0.0,0.0,53282.15,53585.15,52783.45,53710.35,0,0.0,0.0,0.0,0.0,-0.01,-1,-1,-0.01,-1,-1,-0.01,-1,-1,-0.01,-1,-1,-0.01,-1,-1,-0.01,-1,-1,-0.01,-1,-1,-0.01,-1,-1,-0.01,-1,-1,-0.01,-1,-1
99926009,2026-05-18 13:46:39+05:30,53474.4,0,0.0,0,0.0,0.0,53282.15,53585.15,52783.45,53710.35,0,0.0,0.0,0.0,0.0,-0.01,-1,-1,-0.01,-1,-1,-0.01,-1,-1,-0.01,-1,-1,-0.01,-1,-1,-0.01,-1,-1,-0.01,-1,-1,-0.01,-1,-1,-0.01,-1,-1,-0.01,-1,-1
99926009,2026-05-18 13:46:39+05:30,53473.1,0,0.0,0,0.0,0.0,53282.15,53585.15,52783.45,53710.35,0,0.0,0.0,0.0,0.0,-0.01,-1,-1,-0.01,-1,-1,-0.01,-1,-1,-0.01,-1,-1,-0.01,-1,-1,-0.01,-1,-1,-0.01,-1,-1,-0.01,-1,-1,-0.01,-1,-1,-0.01,-1,-1
99926009,2026-05-18 13:46:40+05:30,53473.25,0,0.0,0,0.0,0.0,53282.15,53585.15,52783.45,53710.35,0,0.0,0.0,0.0,0.0,-0.01,-1,-1,-0.01,-1,-1,-0.01,-1,-1,-0.01,-1,-1,-0.01,-1,-1,-0.01,-1,-1,-0.01,-1,-1,-0.01,-1,-1,-0.01,-1,-1,-0.01,-1,-1
99926009,2026-05-18 13:46:40+05:30,53474.45,0,0.0,0,0.0,0.0,53282.15,53585.15,52783.45,53710.35,0,0.0,0.0,0.0,0.0,-0.01,-1,-1,-0.01,-1,-1,-0.01,-1,-1,-0.01,-1,-1,-0.01,-1,-1,-0.01,-1,-1,-0.01,-1,-1,-0.01,-1,-1,-0.01,-1,-1,-0.01,-1,-1
99926009,2026-05-18 13:46:41+05:30,53475.5,0,0.0,0,0.0,0.0,53282.15,53585.15,52783.45,53710.35,0,0.0,0.0,0.0,0.0,-0.01,-1,-1,-0.01,-1,-1,-0.01,-1,-1,-0.01,-1,-1,-0.01,-1,-1,-0.01,-1,-1,-0.01,-1,-1,-0.01,-1,-1,-0.01,-1,-1,-0.01,-1,-1
99926009,2026-05-18 13:46:41+05:30,53473.4,0,0.0,0,0.0,0.0,53282.15,53585.15,52783.45,53710.35,0,0.0,0.0,0.0,0.0,-0.01,-1,-1,-0.01,-1,-1,-0.01,-1,-1,-0.01,-1,-1,-0.01,-1,-1,-0.01,-1,-1,-0.01,-1,-1,-0.01,-1,-1,-0.01,-1,-1,-0.01,-1,-1
99926009,2026-05-18 13:46:42+05:30,53478.6,0,0.0,0,0.0,0.0,53282.15,53585.15,52783.45,53710.35,0,0.0,0.0,0.0,0.0,-0.01,-1,-1,-0.01,-1,-1,-0.01,-1,-1,-0.01,-1,-1,-0.01,-1,-1,-0.01,-1,-1,-0.01,-1,-1,-0.01,-1,-1,-0.01,-1,-1,-0.01,-1,-1
99926009,2026-05-18 13:46:42+05:30,53475.3,0,0.0,0,0.0,0.0,53282.15,53585.15,52783.45,53710.35,0,0.0,0.0,0.0,0.0,-0.01,-1,-1,-0.01,-1,-1,-0.01,-1,-1,-0.01,-1,-1,-0.01,-1,-1,-0.01,-1,-1,-0.01,-1,-1,-0.01,-1,-1,-0.01,-1,-1,-0.01,-1,-1
99926009,2026-05-18 13:46:43+05:30,53472.45,0,0.0,0,0.0,0.0,53282.15,53585.15,52783.45,53710.35,0,0.0,0.0,0.0,0.0,-0.01,-1,-1,-0.01,-1,-1,-0.01,-1,-1,-0.01,-1,-1,-0.01,-1,-1,-0.01,-1,-1,-0.01,-1,-1,-0.01,-1,-1,-0.01,-1,-1,-0.01,-1,-1
99926009,2026-05-18 13:46:43+05:30,53471.6,0,0.0,0,0.0,0.0,53282.15,53585.15,52783.45,53710.35,0,0.0,0.0,0.0,0.0,-0.01,-1,-1,-0.01,-1,-1,-0.01,-1,-1,-0.01,-1,-1,-0.01,-1,-1,-0.01,-1,-1,-0.01,-1,-1,-0.01,-1,-1,-0.01,-1,-1,-0.01,-1,-1
99926009,2026-05-18 13:46:44+05:30,53474.1,0,0.0,0,0.0,0.0,53282.15,53585.15,52783.45,53710.35,0,0.0,0.0,0.0,0.0,-0.01,-1,-1,-0.01,-1,-1,-0.01,-1,-1,-0.01,-1,-1,-0.01,-1,-1,-0.01,-1,-1,-0.01,-1,-1,-0.01,-1,-1,-0.01,-1,-1,-0.01,-1,-1
99926009,2026-05-18 13:46:44+05:30,53475.9,0,0.0,0,0.0,0.0,53282.15,53585.15,52783.45,53710.35,0,0.0,0.0,0.0,0.0,-0.01,-1,-1,-0.01,-1,-1,-0.01,-1,-1,-0.01,-1,-1,-0.01,-1,-1,-0.01,-1,-1,-0.01,-1,-1,-0.01,-1,-1,-0.01,-1,-1,-0.01,-1,-1
99926009,2026-05-18 13:46:45+05:30,53477.15,0,0.0,0,0.0,0.0,53282.15,53585.15,52783.45,53710.35,0,0.0,0.0,0.0,0.0,-0.01,-1,-1,-0.01,-1,-1,-0.01,-1,-1,-0.01,-1,-1,-0.01,-1,-1,-0.01,-1,-1,-0.01,-1,-1,-0.01,-1,-1,-0.01,-1,-1,-0.01,-1,-1
99926009,2026-05-18 13:46:45+05:30,53482.7,0,0.0,0,0.0,0.0,53282.15,53585.15,52783.45,53710.35,0,0.0,0.0,0.0,0.0,-0.01,-1,-1,-0.01,-1,-1,-0.01,-1,-1,-0.01,-1,-1,-0.01,-1,-1,-0.01,-1,-1,-0.01,-1,-1,-0.01,-1,-1,-0.01,-1,-1,-0.01,-1,-1
99926009,2026-05-18 13:46:46+05:30,53484.85,0,0.0,0,0.0,0.0,53282.15,53585.15,52783.45,53710.35,0,0.0,0.0,0.0,0.0,-0.01,-1,-1,-0.01,-1,-1,-0.01,-1,-1,-0.01,-1,-1,-0.01,-1,-1,-0.01,-1,-1,-0.01,-1,-1,-0.01,-1,-1,-0.01,-1,-1,-0.01,-1,-1
99926009,2026-05-18 13:46:46+05:30,53485.45,0,0.0,0,0.0,0.0,53282.15,53585.15,52783.45,53710.35,0,0.0,0.0,0.0,0.0,-0.01,-1,-1,-0.01,-1,-1,-0.01,-1,-1,-0.01,-1,-1,-0.01,-1,-1,-0.01,-1,-1,-0.01,-1,-1,-0.01,-1,-1,-0.01,-1,-1,-0.01,-1,-1
99926009,2026-05-18 13:46:47+05:30,53486.0,0,0.0,0,0.0,0.0,53282.15,53585.15,52783.45,53710.35,0,0.0,0.0,0.0,0.0,-0.01,-1,-1,-0.01,-1,-1,-0.01,-1,-1,-0.01,-1,-1,-0.01,-1,-1,-0.01,-1,-1,-0.01,-1,-1,-0.01,-1,-1,-0.01,-1,-1,-0.01,-1,-1
99926009,2026-05-18 13:46:47+05:30,53485.85,0,0.0,0,0.0,0.0,53282.15,53585.15,52783.45,53710.35,0,0.0,0.0,0.0,0.0,-0.01,-1,-1,-0.01,-1,-1,-0.01,-1,-1,-0.01,-1,-1,-0.01,-1,-1,-0.01,-1,-1,-0.01,-1,-1,-0.01,-1,-1,-0.01,-1,-1,-0.01,-1,-1
99926009,2026-05-18 13:46:48+05:30,53485.3,0,0.0,0,0.0,0.0,53282.15,53585.15,52783.45,53710.35,0,0.0,0.0,0.0,0.0,-0.01,-1,-1,-0.01,-1,-1,-0.01,-1,-1,-0.01,-1,-1,-0.01,-1,-1,-0.01,-1,-1,-0.01,-1,-1,-0.01,-1,-1,-0.01,-1,-1,-0.01,-1,-1
99926009,2026-05-18 13:46:48+05:30,53484.4,0,0.0,0,0.0,0.0,53282.15,53585.15,52783.45,53710.35,0,0.0,0.0,0.0,0.0,-0.01,-1,-1,-0.01,-1,-1,-0.01,-1,-1,-0.01,-1,-1,-0.01,-1,-1,-0.01,-1,-1,-0.01,-1,-1,-0.01,-1,-1,-0.01,-1,-1,-0.01,-1,-1
99926009,2026-05-18 13:46:49+05:30,53491.25,0,0.0,0,0.0,0.0,53282.15,53585.15,52783.45,53710.35,0,0.0,0.0,0.0,0.0,-0.01,-1,-1,-0.01,-1,-1,-0.01,-1,-1,-0.01,-1,-1,-0.01,-1,-1,-0.01,-1,-1,-0.01,-1,-1,-0.01,-1,-1,-0.01,-1,-1,-0.01,-1,-1
99926009,2026-05-18 13:46:49+05:30,53487.65,0,0.0,0,0.0,0.0,53282.15,53585.15,52783.45,53710.35,0,0.0,0.0,0.0,0.0,-0.01,-1,-1,-0.01,-1,-1,-0.01,-1,-1,-0.01,-1,-1,-0.01,-1,-1,-0.01,-1,-1,-0.01,-1,-1,-0.01,-1,-1,-0.01,-1,-1,-0.01,-1,-1
99926009,2026-05-18 13:46:50+05:30,53492.55,0,0.0,0,0.0,0.0,53282.15,53585.15,52783.45,53710.35,0,0.0,0.0,0.0,0.0,-0.01,-1,-1,-0.01,-1,-1,-0.01,-1,-1,-0.01,-1,-1,-0.01,-1,-1,-0.01,-1,-1,-0.01,-1,-1,-0.01,-1,-1,-0.01,-1,-1,-0.01,-1,-1
99926009,2026-05-18 13:46:50+05:30,53488.15,0,0.0,0,0.0,0.0,53282.15,53585.15,52783.45,53710.35,0,0.0,0.0,0.0,0.0,-0.01,-1,-1,-0.01,-1,-1,-0.01,-1,-1,-0.01,-1,-1,-0.01,-1,-1,-0.01,-1,-1,-0.01,-1,-1,-0.01,-1,-1,-0.01,-1,-1,-0.01,-1,-1
99926009,2026-05-18 13:46:51+05:30,53493.8,0,0.0,0,0.0,0.0,53282.15,53585.15,52783.45,53710.35,0,0.0,0.0,0.0,0.0,-0.01,-1,-1,-0.01,-1,-1,-0.01,-1,-1,-0.01,-1,-1,-0.01,-1,-1,-0.01,-1,-1,-0.01,-1,-1,-0.01,-1,-1,-0.01,-1,-1,-0.01,-1,-1
99926009,2026-05-18 13:46:51+05:30,53492.8,0,0.0,0,0.0,0.0,53282.15,53585.15,52783.45,53710.35,0,0.0,0.0,0.0,0.0,-0.01,-1,-1,-0.01,-1,-1,-0.01,-1,-1,-0.01,-1,-1,-0.01,-1,-1,-0.01,-1,-1,-0.01,-1,-1,-0.01,-1,-1,-0.01,-1,-1,-0.01,-1,-1
99926009,2026-05-18 13:46:52+05:30,53493.85,0,0.0,0,0.0,0.0,53282.15,53585.15,52783.45,53710.35,0,0.0,0.0,0.0,0.0,-0.01,-1,-1,-0.01,-1,-1,-0.01,-1,-1,-0.01,-1,-1,-0.01,-1,-1,-0.01,-1,-1,-0.01,-1,-1,-0.01,-1,-1,-0.01,-1,-1,-0.01,-1,-1
99926009,2026-05-18 13:46:52+05:30,53496.15,0,0.0,0,0.0,0.0,53282.15,53585.15,52783.45,53710.35,0,0.0,0.0,0.0,0.0,-0.01,-1,-1,-0.01,-1,-1,-0.01,-1,-1,-0.01,-1,-1,-0.01,-1,-1,-0.01,-1,-1,-0.01,-1,-1,-0.01,-1,-1,-0.01,-1,-1,-0.01,-1,-1
99926009,2026-05-18 13:46:53+05:30,53497.8,0,0.0,0,0.0,0.0,53282.15,53585.15,52783.45,53710.35,0,0.0,0.0,0.0,0.0,-0.01,-1,-1,-0.01,-1,-1,-0.01,-1,-1,-0.01,-1,-1,-0.01,-1,-1,-0.01,-1,-1,-0.01,-1,-1,-0.01,-1,-1,-0.01,-1,-1,-0.01,-1,-1
99926009,2026-05-18 13:46:53+05:30,53496.45,0,0.0,0,0.0,0.0,53282.15,53585.15,52783.45,53710.35,0,0.0,0.0,0.0,0.0,-0.01,-1,-1,-0.01,-1,-1,-0.01,-1,-1,-0.01,-1,-1,-0.01,-1,-1,-0.01,-1,-1,-0.01,-1,-1,-0.01,-1,-1,-0.01,-1,-1,-0.01,-1,-1
99926009,2026-05-18 13:46:54+05:30,53496.65,0,0.0,0,0.0,0.0,53282.15,53585.15,52783.45,53710.35,0,0.0,0.0,0.0,0.0,-0.01,-1,-1,-0.01,-1,-1,-0.01,-1,-1,-0.01,-1,-1,-0.01,-1,-1,-0.01,-1,-1,-0.01,-1,-1,-0.01,-1,-1,-0.01,-1,-1,-0.01,-1,-1
99926009,2026-05-18 13:46:54+05:30,53494.65,0,0.0,0,0.0,0.0,53282.15,53585.15,52783.45,53710.35,0,0.0,0.0,0.0,0.0,-0.01,-1,-1,-0.01,-1,-1,-0.01,-1,-1,-0.01,-1,-1,-0.01,-1,-1,-0.01,-1,-1,-0.01,-1,-1,-0.01,-1,-1,-0.01,-1,-1,-0.01,-1,-1
99926009,2026-05-18 13:46:55+05:30,53496.4,0,0.0,0,0.0,0.0,53282.15,53585.15,52783.45,53710.35,0,0.0,0.0,0.0,0.0,-0.01,-1,-1,-0.01,-1,-1,-0.01,-1,-1,-0.01,-1,-1,-0.01,-1,-1,-0.01,-1,-1,-0.01,-1,-1,-0.01,-1,-1,-0.01,-1,-1,-0.01,-1,-1
99926009,2026-05-18 13:46:55+05:30,53493.4,0,0.0,0,0.0,0.0,53282.15,53585.15,52783.45,53710.35,0,0.0,0.0,0.0,0.0,-0.01,-1,-1,-0.01,-1,-1,-0.01,-1,-1,-0.01,-1,-1,-0.01,-1,-1,-0.01,-1,-1,-0.01,-1,-1,-0.01,-1,-1,-0.01,-1,-1,-0.01,-1,-1
99926009,2026-05-18 13:46:56+05:30,53495.55,0,0.0,0,0.0,0.0,53282.15,53585.15,52783.45,53710.35,0,0.0,0.0,0.0,0.0,-0.01,-1,-1,-0.01,-1,-1,-0.01,-1,-1,-0.01,-1,-1,-0.01,-1,-1,-0.01,-1,-1,-0.01,-1,-1,-0.01,-1,-1,-0.01,-1,-1,-0.01,-1,-1
99926009,2026-05-18 13:46:56+05:30,53495.1,0,0.0,0,0.0,0.0,53282.15,53585.15,52783.45,53710.35,0,0.0,0.0,0.0,0.0,-0.01,-1,-1,-0.01,-1,-1,-0.01,-1,-1,-0.01,-1,-1,-0.01,-1,-1,-0.01,-1,-1,-0.01,-1,-1,-0.01,-1,-1,-0.01,-1,-1,-0.01,-1,-1
99926009,2026-05-18 13:46:57+05:30,53495.65,0,0.0,0,0.0,0.0,53282.15,53585.15,52783.45,53710.35,0,0.0,0.0,0.0,0.0,-0.01,-1,-1,-0.01,-1,-1,-0.01,-1,-1,-0.01,-1,-1,-0.01,-1,-1,-0.01,-1,-1,-0.01,-1,-1,-0.01,-1,-1,-0.01,-1,-1,-0.01,-1,-1
99926009,2026-05-18 13:46:57+05:30,53497.6,0,0.0,0,0.0,0.0,53282.15,53585.15,52783.45,53710.35,0,0.0,0.0,0.0,0.0,-0.01,-1,-1,-0.01,-1,-1,-0.01,-1,-1,-0.01,-1,-1,-0.01,-1,-1,-0.01,-1,-1,-0.01,-1,-1,-0.01,-1,-1,-0.01,-1,-1,-0.01,-1,-1
99926009,2026-05-18 13:46:58+05:30,53493.65,0,0.0,0,0.0,0.0,53282.15,53585.15,52783.45,53710.35,0,0.0,0.0,0.0,0.0,-0.01,-1,-1,-0.01,-1,-1,-0.01,-1,-1,-0.01,-1,-1,-0.01,-1,-1,-0.01,-1,-1,-0.01,-1,-1,-0.01,-1,-1,-0.01,-1,-1,-0.01,-1,-1
99926009,2026-05-18 13:46:58+05:30,53495.65,0,0.0,0,0.0,0.0,53282.15,53585.15,52783.45,53710.35,0,0.0,0.0,0.0,0.0,-0.01,-1,-1,-0.01,-1,-1,-0.01,-1,-1,-0.01,-1,-1,-0.01,-1,-1,-0.01,-1,-1,-0.01,-1,-1,-0.01,-1,-1,-0.01,-1,-1,-0.01,-1,-1
99926009,2026-05-18 13:46:59+05:30,53497.9,0,0.0,0,0.0,0.0,53282.15,53585.15,52783.45,53710.35,0,0.0,0.0,0.0,0.0,-0.01,-1,-1,-0.01,-1,-1,-0.01,-1,-1,-0.01,-1,-1,-0.01,-1,-1,-0.01,-1,-1,-0.01,-1,-1,-0.01,-1,-1,-0.01,-1,-1,-0.01,-1,-1
99926009,2026-05-18 13:46:59+05:30,53497.25,0,0.0,0,0.0,0.0,53282.15,53585.15,52783.45,53710.35,0,0.0,0.0,0.0,0.0,-0.01,-1,-1,-0.01,-1,-1,-0.01,-1,-1,-0.01,-1,-1,-0.01,-1,-1,-0.01,-1,-1,-0.01,-1,-1,-0.01,-1,-1,-0.01,-1,-1,-0.01,-1,-1
99926009,2026-05-18 13:47:00+05:30,53502.3,0,0.0,0,0.0,0.0,53282.15,53585.15,52783.45,53710.35,0,0.0,0.0,0.0,0.0,-0.01,-1,-1,-0.01,-1,-1,-0.01,-1,-1,-0.01,-1,-1,-0.01,-1,-1,-0.01,-1,-1,-0.01,-1,-1,-0.01,-1,-1,-0.01,-1,-1,-0.01,-1,-1
99926009,2026-05-18 13:47:00+05:30,53499.1,0,0.0,0,0.0,0.0,53282.15,53585.15,52783.45,53710.35,0,0.0,0.0,0.0,0.0,-0.01,-1,-1,-0.01,-1,-1,-0.01,-1,-1,-0.01,-1,-1,-0.01,-1,-1,-0.01,-1,-1,-0.01,-1,-1,-0.01,-1,-1,-0.01,-1,-1,-0.01,-1,-1
99926009,2026-05-18 13:47:01+05:30,53500.05,0,0.0,0,0.0,0.0,53282.15,53585.15,52783.45,53710.35,0,0.0,0.0,0.0,0.0,-0.01,-1,-1,-0.01,-1,-1,-0.01,-1,-1,-0.01,-1,-1,-0.01,-1,-1,-0.01,-1,-1,-0.01,-1,-1,-0.01,-1,-1,-0.01,-1,-1,-0.01,-1,-1
99926009,2026-05-18 13:47:01+05:30,53493.9,0,0.0,0,0.0,0.0,53282.15,53585.15,52783.45,53710.35,0,0.0,0.0,0.0,0.0,-0.01,-1,-1,-0.01,-1,-1,-0.01,-1,-1,-0.01,-1,-1,-0.01,-1,-1,-0.01,-1,-1,-0.01,-1,-1,-0.01,-1,-1,-0.01,-1,-1,-0.01,-1,-1
99926009,2026-05-18 13:47:02+05:30,53495.55,0,0.0,0,0.0,0.0,53282.15,53585.15,52783.45,53710.35,0,0.0,0.0,0.0,0.0,-0.01,-1,-1,-0.01,-1,-1,-0.01,-1,-1,-0.01,-1,-1,-0.01,-1,-1,-0.01,-1,-1,-0.01,-1,-1,-0.01,-1,-1,-0.01,-1,-1,-0.01,-1,-1
99926009,2026-05-18 13:47:02+05:30,53498.0,0,0.0,0,0.0,0.0,53282.15,53585.15,52783.45,53710.35,0,0.0,0.0,0.0,0.0,-0.01,-1,-1,-0.01,-1,-1,-0.01,-1,-1,-0.01,-1,-1,-0.01,-1,-1,-0.01,-1,-1,-0.01,-1,-1,-0.01,-1,-1,-0.01,-1,-1,-0.01,-1,-1
99926009,2026-05-18 13:47:03+05:30,53493.6,0,0.0,0,0.0,0.0,53282.15,53585.15,52783.45,53710.35,0,0.0,0.0,0.0,0.0,-0.01,-1,-1,-0.01,-1,-1,-0.01,-1,-1,-0.01,-1,-1,-0.01,-1,-1,-0.01,-1,-1,-0.01,-1,-1,-0.01,-1,-1,-0.01,-1,-1,-0.01,-1,-1
99926009,2026-05-18 13:47:03+05:30,53495.9,0,0.0,0,0.0,0.0,53282.15,53585.15,52783.45,53710.35,0,0.0,0.0,0.0,0.0,-0.01,-1,-1,-0.01,-1,-1,-0.01,-1,-1,-0.01,-1,-1,-0.01,-1,-1,-0.01,-1,-1,-0.01,-1,-1,-0.01,-1,-1,-0.01,-1,-1,-0.01,-1,-1
99926009,2026-05-18 13:47:04+05:30,53493.9,0,0.0,0,0.0,0.0,53282.15,53585.15,52783.45,53710.35,0,0.0,0.0,0.0,0.0,-0.01,-1,-1,-0.01,-1,-1,-0.01,-1,-1,-0.01,-1,-1,-0.01,-1,-1,-0.01,-1,-1,-0.01,-1,-1,-0.01,-1,-1,-0.01,-1,-1,-0.01,-1,-1
99926009,2026-05-18 13:47:04+05:30,53495.25,0,0.0,0,0.0,0.0,53282.15,53585.15,52783.45,53710.35,0,0.0,0.0,0.0,0.0,-0.01,-1,-1,-0.01,-1,-1,-0.01,-1,-1,-0.01,-1,-1,-0.01,-1,-1,-0.01,-1,-1,-0.01,-1,-1,-0.01,-1,-1,-0.01,-1,-1,-0.01,-1,-1
99926009,2026-05-18 13:47:05+05:30,53496.9,0,0.0,0,0.0,0.0,53282.15,53585.15,52783.45,53710.35,0,0.0,0.0,0.0,0.0,-0.01,-1,-1,-0.01,-1,-1,-0.01,-1,-1,-0.01,-1,-1,-0.01,-1,-1,-0.01,-1,-1,-0.01,-1,-1,-0.01,-1,-1,-0.01,-1,-1,-0.01,-1,-1
99926009,2026-05-18 13:47:05+05:30,53492.8,0,0.0,0,0.0,0.0,53282.15,53585.15,52783.45,53710.35,0,0.0,0.0,0.0,0.0,-0.01,-1,-1,-0.01,-1,-1,-0.01,-1,-1,-0.01,-1,-1,-0.01,-1,-1,-0.01,-1,-1,-0.01,-1,-1,-0.01,-1,-1,-0.01,-1,-1,-0.01,-1,-1
99926009,2026-05-18 13:47:06+05:30,53492.3,0,0.0,0,0.0,0.0,53282.15,53585.15,52783.45,53710.35,0,0.0,0.0,0.0,0.0,-0.01,-1,-1,-0.01,-1,-1,-0.01,-1,-1,-0.01,-1,-1,-0.01,-1,-1,-0.01,-1,-1,-0.01,-1,-1,-0.01,-1,-1,-0.01,-1,-1,-0.01,-1,-1
99926009,2026-05-18 13:47:06+05:30,53497.45,0,0.0,0,0.0,0.0,53282.15,53585.15,52783.45,53710.35,0,0.0,0.0,0.0,0.0,-0.01,-1,-1,-0.01,-1,-1,-0.01,-1,-1,-0.01,-1,-1,-0.01,-1,-1,-0.01,-1,-1,-0.01,-1,-1,-0.01,-1,-1,-0.01,-1,-1,-0.01,-1,-1
99926009,2026-05-18 13:47:07+05:30,53498.15,0,0.0,0,0.0,0.0,53282.15,53585.15,52783.45,53710.35,0,0.0,0.0,0.0,0.0,-0.01,-1,-1,-0.01,-1,-1,-0.01,-1,-1,-0.01,-1,-1,-0.01,-1,-1,-0.01,-1,-1,-0.01,-1,-1,-0.01,-1,-1,-0.01,-1,-1,-0.01,-1,-1
99926009,2026-05-18 13:47:07+05:30,53496.8,0,0.0,0,0.0,0.0,53282.15,53585.15,52783.45,53710.35,0,0.0,0.0,0.0,0.0,-0.01,-1,-1,-0.01,-1,-1,-0.01,-1,-1,-0.01,-1,-1,-0.01,-1,-1,-0.01,-1,-1,-0.01,-1,-1,-0.01,-1,-1,-0.01,-1,-1,-0.01,-1,-1
99926009,2026-05-18 13:47:08+05:30,53492.1,0,0.0,0,0.0,0.0,53282.15,53585.15,52783.45,53710.35,0,0.0,0.0,0.0,0.0,-0.01,-1,-1,-0.01,-1,-1,-0.01,-1,-1,-0.01,-1,-1,-0.01,-1,-1,-0.01,-1,-1,-0.01,-1,-1,-0.01,-1,-1,-0.01,-1,-1,-0.01,-1,-1
99926009,2026-05-18 13:47:08+05:30,53495.65,0,0.0,0,0.0,0.0,53282.15,53585.15,52783.45,53710.35,0,0.0,0.0,0.0,0.0,-0.01,-1,-1,-0.01,-1,-1,-0.01,-1,-1,-0.01,-1,-1,-0.01,-1,-1,-0.01,-1,-1,-0.01,-1,-1,-0.01,-1,-1,-0.01,-1,-1,-0.01,-1,-1
99926009,2026-05-18 13:47:09+05:30,53493.55,0,0.0,0,0.0,0.0,53282.15,53585.15,52783.45,53710.35,0,0.0,0.0,0.0,0.0,-0.01,-1,-1,-0.01,-1,-1,-0.01,-1,-1,-0.01,-1,-1,-0.01,-1,-1,-0.01,-1,-1,-0.01,-1,-1,-0.01,-1,-1,-0.01,-1,-1,-0.01,-1,-1
99926009,2026-05-18 13:47:09+05:30,53496.65,0,0.0,0,0.0,0.0,53282.15,53585.15,52783.45,53710.35,0,0.0,0.0,0.0,0.0,-0.01,-1,-1,-0.01,-1,-1,-0.01,-1,-1,-0.01,-1,-1,-0.01,-1,-1,-0.01,-1,-1,-0.01,-1,-1,-0.01,-1,-1,-0.01,-1,-1,-0.01,-1,-1
99926009,2026-05-18 13:47:10+05:30,53495.25,0,0.0,0,0.0,0.0,53282.15,53585.15,52783.45,53710.35,0,0.0,0.0,0.0,0.0,-0.01,-1,-1,-0.01,-1,-1,-0.01,-1,-1,-0.01,-1,-1,-0.01,-1,-1,-0.01,-1,-1,-0.01,-1,-1,-0.01,-1,-1,-0.01,-1,-1,-0.01,-1,-1
99926009,2026-05-18 13:47:10+05:30,53495.5,0,0.0,0,0.0,0.0,53282.15,53585.15,52783.45,53710.35,0,0.0,0.0,0.0,0.0,-0.01,-1,-1,-0.01,-1,-1,-0.01,-1,-1,-0.01,-1,-1,-0.01,-1,-1,-0.01,-1,-1,-0.01,-1,-1,-0.01,-1,-1,-0.01,-1,-1,-0.01,-1,-1
99926009,2026-05-18 13:47:11+05:30,53493.85,0,0.0,0,0.0,0.0,53282.15,53585.15,52783.45,53710.35,0,0.0,0.0,0.0,0.0,-0.01,-1,-1,-0.01,-1,-1,-0.01,-1,-1,-0.01,-1,-1,-0.01,-1,-1,-0.01,-1,-1,-0.01,-1,-1,-0.01,-1,-1,-0.01,-1,-1,-0.01,-1,-1
99926009,2026-05-18 13:47:11+05:30,53491.7,0,0.0,0,0.0,0.0,53282.15,53585.15,52783.45,53710.35,0,0.0,0.0,0.0,0.0,-0.01,-1,-1,-0.01,-1,-1,-0.01,-1,-1,-0.01,-1,-1,-0.01,-1,-1,-0.01,-1,-1,-0.01,-1,-1,-0.01,-1,-1,-0.01,-1,-1,-0.01,-1,-1
99926009,2026-05-18 13:47:12+05:30,53493.45,0,0.0,0,0.0,0.0,53282.15,53585.15,52783.45,53710.35,0,0.0,0.0,0.0,0.0,-0.01,-1,-1,-0.01,-1,-1,-0.01,-1,-1,-0.01,-1,-1,-0.01,-1,-1,-0.01,-1,-1,-0.01,-1,-1,-0.01,-1,-1,-0.01,-1,-1,-0.01,-1,-1
99926009,2026-05-18 13:47:12+05:30,53492.5,0,0.0,0,0.0,0.0,53282.15,53585.15,52783.45,53710.35,0,0.0,0.0,0.0,0.0,-0.01,-1,-1,-0.01,-1,-1,-0.01,-1,-1,-0.01,-1,-1,-0.01,-1,-1,-0.01,-1,-1,-0.01,-1,-1,-0.01,-1,-1,-0.01,-1,-1,-0.01,-1,-1
99926009,2026-05-18 13:47:13+05:30,53490.7,0,0.0,0,0.0,0.0,53282.15,53585.15,52783.45,53710.35,0,0.0,0.0,0.0,0.0,-0.01,-1,-1,-0.01,-1,-1,-0.01,-1,-1,-0.01,-1,-1,-0.01,-1,-1,-0.01,-1,-1,-0.01,-1,-1,-0.01,-1,-1,-0.01,-1,-1,-0.01,-1,-1
99926009,2026-05-18 13:47:13+05:30,53494.9,0,0.0,0,0.0,0.0,53282.15,53585.15,52783.45,53710.35,0,0.0,0.0,0.0,0.0,-0.01,-1,-1,-0.01,-1,-1,-0.01,-1,-1,-0.01,-1,-1,-0.01,-1,-1,-0.01,-1,-1,-0.01,-1,-1,-0.01,-1,-1,-0.01,-1,-1,-0.01,-1,-1
99926009,2026-05-18 13:47:14+05:30,53490.2,0,0.0,0,0.0,0.0,53282.15,53585.15,52783.45,53710.35,0,0.0,0.0,0.0,0.0,-0.01,-1,-1,-0.01,-1,-1,-0.01,-1,-1,-0.01,-1,-1,-0.01,-1,-1,-0.01,-1,-1,-0.01,-1,-1,-0.01,-1,-1,-0.01,-1,-1,-0.01,-1,-1
99926009,2026-05-18 13:47:14+05:30,53492.75,0,0.0,0,0.0,0.0,53282.15,53585.15,52783.45,53710.35,0,0.0,0.0,0.0,0.0,-0.01,-1,-1,-0.01,-1,-1,-0.01,-1,-1,-0.01,-1,-1,-0.01,-1,-1,-0.01,-1,-1,-0.01,-1,-1,-0.01,-1,-1,-0.01,-1,-1,-0.01,-1,-1
99926009,2026-05-18 13:47:15+05:30,53494.5,0,0.0,0,0.0,0.0,53282.15,53585.15,52783.45,53710.35,0,0.0,0.0,0.0,0.0,-0.01,-1,-1,-0.01,-1,-1,-0.01,-1,-1,-0.01,-1,-1,-0.01,-1,-1,-0.01,-1,-1,-0.01,-1,-1,-0.01,-1,-1,-0.01,-1,-1,-0.01,-1,-1
99926009,2026-05-18 13:47:15+05:30,53495.9,0,0.0,0,0.0,0.0,53282.15,53585.15,52783.45,53710.35,0,0.0,0.0,0.0,0.0,-0.01,-1,-1,-0.01,-1,-1,-0.01,-1,-1,-0.01,-1,-1,-0.01,-1,-1,-0.01,-1,-1,-0.01,-1,-1,-0.01,-1,-1,-0.01,-1,-1,-0.01,-1,-1
99926009,2026-05-18 13:47:16+05:30,53497.95,0,0.0,0,0.0,0.0,53282.15,53585.15,52783.45,53710.35,0,0.0,0.0,0.0,0.0,-0.01,-1,-1,-0.01,-1,-1,-0.01,-1,-1,-0.01,-1,-1,-0.01,-1,-1,-0.01,-1,-1,-0.01,-1,-1,-0.01,-1,-1,-0.01,-1,-1,-0.01,-1,-1
99926009,2026-05-18 13:47:16+05:30,53494.9,0,0.0,0,0.0,0.0,53282.15,53585.15,52783.45,53710.35,0,0.0,0.0,0.0,0.0,-0.01,-1,-1,-0.01,-1,-1,-0.01,-1,-1,-0.01,-1,-1,-0.01,-1,-1,-0.01,-1,-1,-0.01,-1,-1,-0.01,-1,-1,-0.01,-1,-1,-0.01,-1,-1
99926009,2026-05-18 13:47:17+05:30,53491.3,0,0.0,0,0.0,0.0,53282.15,53585.15,52783.45,53710.35,0,0.0,0.0,0.0,0.0,-0.01,-1,-1,-0.01,-1,-1,-0.01,-1,-1,-0.01,-1,-1,-0.01,-1,-1,-0.01,-1,-1,-0.01,-1,-1,-0.01,-1,-1,-0.01,-1,-1,-0.01,-1,-1
99926009,2026-05-18 13:47:17+05:30,53490.15,0,0.0,0,0.0,0.0,53282.15,53585.15,52783.45,53710.35,0,0.0,0.0,0.0,0.0,-0.01,-1,-1,-0.01,-1,-1,-0.01,-1,-1,-0.01,-1,-1,-0.01,-1,-1,-0.01,-1,-1,-0.01,-1,-1,-0.01,-1,-1,-0.01,-1,-1,-0.01,-1,-1
99926009,2026-05-18 13:47:18+05:30,53489.8,0,0.0,0,0.0,0.0,53282.15,53585.15,52783.45,53710.35,0,0.0,0.0,0.0,0.0,-0.01,-1,-1,-0.01,-1,-1,-0.01,-1,-1,-0.01,-1,-1,-0.01,-1,-1,-0.01,-1,-1,-0.01,-1,-1,-0.01,-1,-1,-0.01,-1,-1,-0.01,-1,-1
99926009,2026-05-18 13:47:18+05:30,53490.55,0,0.0,0,0.0,0.0,53282.15,53585.15,52783.45,53710.35,0,0.0,0.0,0.0,0.0,-0.01,-1,-1,-0.01,-1,-1,-0.01,-1,-1,-0.01,-1,-1,-0.01,-1,-1,-0.01,-1,-1,-0.01,-1,-1,-0.01,-1,-1,-0.01,-1,-1,-0.01,-1,-1
99926009,2026-05-18 13:47:19+05:30,53489.65,0,0.0,0,0.0,0.0,53282.15,53585.15,52783.45,53710.35,0,0.0,0.0,0.0,0.0,-0.01,-1,-1,-0.01,-1,-1,-0.01,-1,-1,-0.01,-1,-1,-0.01,-1,-1,-0.01,-1,-1,-0.01,-1,-1,-0.01,-1,-1,-0.01,-1,-1,-0.01,-1,-1
99926009,2026-05-18 13:47:19+05:30,53488.25,0,0.0,0,0.0,0.0,53282.15,53585.15,52783.45,53710.35,0,0.0,0.0,0.0,0.0,-0.01,-1,-1,-0.01,-1,-1,-0.01,-1,-1,-0.01,-1,-1,-0.01,-1,-1,-0.01,-1,-1,-0.01,-1,-1,-0.01,-1,-1,-0.01,-1,-1,-0.01,-1,-1
99926009,2026-05-18 13:47:20+05:30,53491.9,0,0.0,0,0.0,0.0,53282.15,53585.15,52783.45,53710.35,0,0.0,0.0,0.0,0.0,-0.01,-1,-1,-0.01,-1,-1,-0.01,-1,-1,-0.01,-1,-1,-0.01,-1,-1,-0.01,-1,-1,-0.01,-1,-1,-0.01,-1,-1,-0.01,-1,-1,-0.01,-1,-1
99926009,2026-05-18 13:47:20+05:30,53487.4,0,0.0,0,0.0,0.0,53282.15,53585.15,52783.45,53710.35,0,0.0,0.0,0.0,0.0,-0.01,-1,-1,-0.01,-1,-1,-0.01,-1,-1,-0.01,-1,-1,-0.01,-1,-1,-0.01,-1,-1,-0.01,-1,-1,-0.01,-1,-1,-0.01,-1,-1,-0.01,-1,-1
99926009,2026-05-18 13:47:21+05:30,53492.7,0,0.0,0,0.0,0.0,53282.15,53585.15,52783.45,53710.35,0,0.0,0.0,0.0,0.0,-0.01,-1,-1,-0.01,-1,-1,-0.01,-1,-1,-0.01,-1,-1,-0.01,-1,-1,-0.01,-1,-1,-0.01,-1,-1,-0.01,-1,-1,-0.01,-1,-1,-0.01,-1,-1
99926009,2026-05-18 13:47:21+05:30,53488.95,0,0.0,0,0.0,0.0,53282.15,53585.15,52783.45,53710.35,0,0.0,0.0,0.0,0.0,-0.01,-1,-1,-0.01,-1,-1,-0.01,-1,-1,-0.01,-1,-1,-0.01,-1,-1,-0.01,-1,-1,-0.01,-1,-1,-0.01,-1,-1,-0.01,-1,-1,-0.01,-1,-1
99926009,2026-05-18 13:47:22+05:30,53494.0,0,0.0,0,0.0,0.0,53282.15,53585.15,52783.45,53710.35,0,0.0,0.0,0.0,0.0,-0.01,-1,-1,-0.01,-1,-1,-0.01,-1,-1,-0.01,-1,-1,-0.01,-1,-1,-0.01,-1,-1,-0.01,-1,-1,-0.01,-1,-1,-0.01,-1,-1,-0.01,-1,-1
99926009,2026-05-18 13:47:22+05:30,53493.8,0,0.0,0,0.0,0.0,53282.15,53585.15,52783.45,53710.35,0,0.0,0.0,0.0,0.0,-0.01,-1,-1,-0.01,-1,-1,-0.01,-1,-1,-0.01,-1,-1,-0.01,-1,-1,-0.01,-1,-1,-0.01,-1,-1,-0.01,-1,-1,-0.01,-1,-1,-0.01,-1,-1
99926009,2026-05-18 13:47:23+05:30,53489.85,0,0.0,0,0.0,0.0,53282.15,53585.15,52783.45,53710.35,0,0.0,0.0,0.0,0.0,-0.01,-1,-1,-0.01,-1,-1,-0.01,-1,-1,-0.01,-1,-1,-0.01,-1,-1,-0.01,-1,-1,-0.01,-1,-1,-0.01,-1,-1,-0.01,-1,-1,-0.01,-1,-1
99926009,2026-05-18 13:47:23+05:30,53489.5,0,0.0,0,0.0,0.0,53282.15,53585.15,52783.45,53710.35,0,0.0,0.0,0.0,0.0,-0.01,-1,-1,-0.01,-1,-1,-0.01,-1,-1,-0.01,-1,-1,-0.01,-1,-1,-0.01,-1,-1,-0.01,-1,-1,-0.01,-1,-1,-0.01,-1,-1,-0.01,-1,-1
99926009,2026-05-18 13:47:24+05:30,53489.7,0,0.0,0,0.0,0.0,53282.15,53585.15,52783.45,53710.35,0,0.0,0.0,0.0,0.0,-0.01,-1,-1,-0.01,-1,-1,-0.01,-1,-1,-0.01,-1,-1,-0.01,-1,-1,-0.01,-1,-1,-0.01,-1,-1,-0.01,-1,-1,-0.01,-1,-1,-0.01,-1,-1
99926009,2026-05-18 13:47:24+05:30,53488.95,0,0.0,0,0.0,0.0,53282.15,53585.15,52783.45,53710.35,0,0.0,0.0,0.0,0.0,-0.01,-1,-1,-0.01,-1,-1,-0.01,-1,-1,-0.01,-1,-1,-0.01,-1,-1,-0.01,-1,-1,-0.01,-1,-1,-0.01,-1,-1,-0.01,-1,-1,-0.01,-1,-1
99926009,2026-05-18 13:47:25+05:30,53489.65,0,0.0,0,0.0,0.0,53282.15,53585.15,52783.45,53710.35,0,0.0,0.0,0.0,0.0,-0.01,-1,-1,-0.01,-1,-1,-0.01,-1,-1,-0.01,-1,-1,-0.01,-1,-1,-0.01,-1,-1,-0.01,-1,-1,-0.01,-1,-1,-0.01,-1,-1,-0.01,-1,-1
99926009,2026-05-18 13:47:25+05:30,53488.95,0,0.0,0,0.0,0.0,53282.15,53585.15,52783.45,53710.35,0,0.0,0.0,0.0,0.0,-0.01,-1,-1,-0.01,-1,-1,-0.01,-1,-1,-0.01,-1,-1,-0.01,-1,-1,-0.01,-1,-1,-0.01,-1,-1,-0.01,-1,-1,-0.01,-1,-1,-0.01,-1,-1
99926009,2026-05-18 13:47:26+05:30,53487.3,0,0.0,0,0.0,0.0,53282.15,53585.15,52783.45,53710.35,0,0.0,0.0,0.0,0.0,-0.01,-1,-1,-0.01,-1,-1,-0.01,-1,-1,-0.01,-1,-1,-0.01,-1,-1,-0.01,-1,-1,-0.01,-1,-1,-0.01,-1,-1,-0.01,-1,-1,-0.01,-1,-1
99926009,2026-05-18 13:47:26+05:30,53483.0,0,0.0,0,0.0,0.0,53282.15,53585.15,52783.45,53710.35,0,0.0,0.0,0.0,0.0,-0.01,-1,-1,-0.01,-1,-1,-0.01,-1,-1,-0.01,-1,-1,-0.01,-1,-1,-0.01,-1,-1,-0.01,-1,-1,-0.01,-1,-1,-0.01,-1,-1,-0.01,-1,-1
99926009,2026-05-18 13:47:27+05:30,53479.65,0,0.0,0,0.0,0.0,53282.15,53585.15,52783.45,53710.35,0,0.0,0.0,0.0,0.0,-0.01,-1,-1,-0.01,-1,-1,-0.01,-1,-1,-0.01,-1,-1,-0.01,-1,-1,-0.01,-1,-1,-0.01,-1,-1,-0.01,-1,-1,-0.01,-1,-1,-0.01,-1,-1
99926009,2026-05-18 13:47:27+05:30,53478.35,0,0.0,0,0.0,0.0,53282.15,53585.15,52783.45,53710.35,0,0.0,0.0,0.0,0.0,-0.01,-1,-1,-0.01,-1,-1,-0.01,-1,-1,-0.01,-1,-1,-0.01,-1,-1,-0.01,-1,-1,-0.01,-1,-1,-0.01,-1,-1,-0.01,-1,-1,-0.01,-1,-1
99926009,2026-05-18 13:47:28+05:30,53478.3,0,0.0,0,0.0,0.0,53282.15,53585.15,52783.45,53710.35,0,0.0,0.0,0.0,0.0,-0.01,-1,-1,-0.01,-1,-1,-0.01,-1,-1,-0.01,-1,-1,-0.01,-1,-1,-0.01,-1,-1,-0.01,-1,-1,-0.01,-1,-1,-0.01,-1,-1,-0.01,-1,-1
99926009,2026-05-18 13:47:28+05:30,53479.45,0,0.0,0,0.0,0.0,53282.15,53585.15,52783.45,53710.35,0,0.0,0.0,0.0,0.0,-0.01,-1,-1,-0.01,-1,-1,-0.01,-1,-1,-0.01,-1,-1,-0.01,-1,-1,-0.01,-1,-1,-0.01,-1,-1,-0.01,-1,-1,-0.01,-1,-1,-0.01,-1,-1
99926009,2026-05-18 13:47:29+05:30,53475.15,0,0.0,0,0.0,0.0,53282.15,53585.15,52783.45,53710.35,0,0.0,0.0,0.0,0.0,-0.01,-1,-1,-0.01,-1,-1,-0.01,-1,-1,-0.01,-1,-1,-0.01,-1,-1,-0.01,-1,-1,-0.01,-1,-1,-0.01,-1,-1,-0.01,-1,-1,-0.01,-1,-1
99926009,2026-05-18 13:47:29+05:30,53477.0,0,0.0,0,0.0,0.0,53282.15,53585.15,52783.45,53710.35,0,0.0,0.0,0.0,0.0,-0.01,-1,-1,-0.01,-1,-1,-0.01,-1,-1,-0.01,-1,-1,-0.01,-1,-1,-0.01,-1,-1,-0.01,-1,-1,-0.01,-1,-1,-0.01,-1,-1,-0.01,-1,-1
99926009,2026-05-18 13:47:30+05:30,53479.45,0,0.0,0,0.0,0.0,53282.15,53585.15,52783.45,53710.35,0,0.0,0.0,0.0,0.0,-0.01,-1,-1,-0.01,-1,-1,-0.01,-1,-1,-0.01,-1,-1,-0.01,-1,-1,-0.01,-1,-1,-0.01,-1,-1,-0.01,-1,-1,-0.01,-1,-1,-0.01,-1,-1
99926009,2026-05-18 13:47:30+05:30,53475.75,0,0.0,0,0.0,0.0,53282.15,53585.15,52783.45,53710.35,0,0.0,0.0,0.0,0.0,-0.01,-1,-1,-0.01,-1,-1,-0.01,-1,-1,-0.01,-1,-1,-0.01,-1,-1,-0.01,-1,-1,-0.01,-1,-1,-0.01,-1,-1,-0.01,-1,-1,-0.01,-1,-1
99926009,2026-05-18 13:47:31+05:30,53479.1,0,0.0,0,0.0,0.0,53282.15,53585.15,52783.45,53710.35,0,0.0,0.0,0.0,0.0,-0.01,-1,-1,-0.01,-1,-1,-0.01,-1,-1,-0.01,-1,-1,-0.01,-1,-1,-0.01,-1,-1,-0.01,-1,-1,-0.01,-1,-1,-0.01,-1,-1,-0.01,-1,-1
99926009,2026-05-18 13:47:31+05:30,53473.65,0,0.0,0,0.0,0.0,53282.15,53585.15,52783.45,53710.35,0,0.0,0.0,0.0,0.0,-0.01,-1,-1,-0.01,-1,-1,-0.01,-1,-1,-0.01,-1,-1,-0.01,-1,-1,-0.01,-1,-1,-0.01,-1,-1,-0.01,-1,-1,-0.01,-1,-1,-0.01,-1,-1
99926009,2026-05-18 13:47:32+05:30,53471.9,0,0.0,0,0.0,0.0,53282.15,53585.15,52783.45,53710.35,0,0.0,0.0,0.0,0.0,-0.01,-1,-1,-0.01,-1,-1,-0.01,-1,-1,-0.01,-1,-1,-0.01,-1,-1,-0.01,-1,-1,-0.01,-1,-1,-0.01,-1,-1,-0.01,-1,-1,-0.01,-1,-1
99926009,2026-05-18 13:47:32+05:30,53472.15,0,0.0,0,0.0,0.0,53282.15,53585.15,52783.45,53710.35,0,0.0,0.0,0.0,0.0,-0.01,-1,-1,-0.01,-1,-1,-0.01,-1,-1,-0.01,-1,-1,-0.01,-1,-1,-0.01,-1,-1,-0.01,-1,-1,-0.01,-1,-1,-0.01,-1,-1,-0.01,-1,-1
99926009,2026-05-18 13:47:33+05:30,53471.35,0,0.0,0,0.0,0.0,53282.15,53585.15,52783.45,53710.35,0,0.0,0.0,0.0,0.0,-0.01,-1,-1,-0.01,-1,-1,-0.01,-1,-1,-0.01,-1,-1,-0.01,-1,-1,-0.01,-1,-1,-0.01,-1,-1,-0.01,-1,-1,-0.01,-1,-1,-0.01,-1,-1
99926009,2026-05-18 13:47:33+05:30,53472.35,0,0.0,0,0.0,0.0,53282.15,53585.15,52783.45,53710.35,0,0.0,0.0,0.0,0.0,-0.01,-1,-1,-0.01,-1,-1,-0.01,-1,-1,-0.01,-1,-1,-0.01,-1,-1,-0.01,-1,-1,-0.01,-1,-1,-0.01,-1,-1,-0.01,-1,-1,-0.01,-1,-1
99926009,2026-05-18 13:47:34+05:30,53473.5,0,0.0,0,0.0,0.0,53282.15,53585.15,52783.45,53710.35,0,0.0,0.0,0.0,0.0,-0.01,-1,-1,-0.01,-1,-1,-0.01,-1,-1,-0.01,-1,-1,-0.01,-1,-1,-0.01,-1,-1,-0.01,-1,-1,-0.01,-1,-1,-0.01,-1,-1,-0.01,-1,-1
99926009,2026-05-18 13:47:34+05:30,53471.75,0,0.0,0,0.0,0.0,53282.15,53585.15,52783.45,53710.35,0,0.0,0.0,0.0,0.0,-0.01,-1,-1,-0.01,-1,-1,-0.01,-1,-1,-0.01,-1,-1,-0.01,-1,-1,-0.01,-1,-1,-0.01,-1,-1,-0.01,-1,-1,-0.01,-1,-1,-0.01,-1,-1
99926009,2026-05-18 13:47:35+05:30,53477.4,0,0.0,0,0.0,0.0,53282.15,53585.15,52783.45,53710.35,0,0.0,0.0,0.0,0.0,-0.01,-1,-1,-0.01,-1,-1,-0.01,-1,-1,-0.01,-1,-1,-0.01,-1,-1,-0.01,-1,-1,-0.01,-1,-1,-0.01,-1,-1,-0.01,-1,-1,-0.01,-1,-1
99926009,2026-05-18 13:47:35+05:30,53477.4,0,0.0,0,0.0,0.0,53282.15,53585.15,52783.45,53710.35,0,0.0,0.0,0.0,0.0,-0.01,-1,-1,-0.01,-1,-1,-0.01,-1,-1,-0.01,-1,-1,-0.01,-1,-1,-0.01,-1,-1,-0.01,-1,-1,-0.01,-1,-1,-0.01,-1,-1,-0.01,-1,-1
99926009,2026-05-18 13:47:36+05:30,53477.55,0,0.0,0,0.0,0.0,53282.15,53585.15,52783.45,53710.35,0,0.0,0.0,0.0,0.0,-0.01,-1,-1,-0.01,-1,-1,-0.01,-1,-1,-0.01,-1,-1,-0.01,-1,-1,-0.01,-1,-1,-0.01,-1,-1,-0.01,-1,-1,-0.01,-1,-1,-0.01,-1,-1
99926009,2026-05-18 13:47:36+05:30,53475.4,0,0.0,0,0.0,0.0,53282.15,53585.15,52783.45,53710.35,0,0.0,0.0,0.0,0.0,-0.01,-1,-1,-0.01,-1,-1,-0.01,-1,-1,-0.01,-1,-1,-0.01,-1,-1,-0.01,-1,-1,-0.01,-1,-1,-0.01,-1,-1,-0.01,-1,-1,-0.01,-1,-1
99926009,2026-05-18 13:47:37+05:30,53476.45,0,0.0,0,0.0,0.0,53282.15,53585.15,52783.45,53710.35,0,0.0,0.0,0.0,0.0,-0.01,-1,-1,-0.01,-1,-1,-0.01,-1,-1,-0.01,-1,-1,-0.01,-1,-1,-0.01,-1,-1,-0.01,-1,-1,-0.01,-1,-1,-0.01,-1,-1,-0.01,-1,-1
99926009,2026-05-18 13:47:37+05:30,53472.25,0,0.0,0,0.0,0.0,53282.15,53585.15,52783.45,53710.35,0,0.0,0.0,0.0,0.0,-0.01,-1,-1,-0.01,-1,-1,-0.01,-1,-1,-0.01,-1,-1,-0.01,-1,-1,-0.01,-1,-1,-0.01,-1,-1,-0.01,-1,-1,-0.01,-1,-1,-0.01,-1,-1
99926009,2026-05-18 13:47:38+05:30,53473.05,0,0.0,0,0.0,0.0,53282.15,53585.15,52783.45,53710.35,0,0.0,0.0,0.0,0.0,-0.01,-1,-1,-0.01,-1,-1,-0.01,-1,-1,-0.01,-1,-1,-0.01,-1,-1,-0.01,-1,-1,-0.01,-1,-1,-0.01,-1,-1,-0.01,-1,-1,-0.01,-1,-1
99926009,2026-05-18 13:47:38+05:30,53466.05,0,0.0,0,0.0,0.0,53282.15,53585.15,52783.45,53710.35,0,0.0,0.0,0.0,0.0,-0.01,-1,-1,-0.01,-1,-1,-0.01,-1,-1,-0.01,-1,-1,-0.01,-1,-1,-0.01,-1,-1,-0.01,-1,-1,-0.01,-1,-1,-0.01,-1,-1,-0.01,-1,-1
99926009,2026-05-18 13:47:39+05:30,53467.45,0,0.0,0,0.0,0.0,53282.15,53585.15,52783.45,53710.35,0,0.0,0.0,0.0,0.0,-0.01,-1,-1,-0.01,-1,-1,-0.01,-1,-1,-0.01,-1,-1,-0.01,-1,-1,-0.01,-1,-1,-0.01,-1,-1,-0.01,-1,-1,-0.01,-1,-1,-0.01,-1,-1
99926009,2026-05-18 13:47:39+05:30,53469.3,0,0.0,0,0.0,0.0,53282.15,53585.15,52783.45,53710.35,0,0.0,0.0,0.0,0.0,-0.01,-1,-1,-0.01,-1,-1,-0.01,-1,-1,-0.01,-1,-1,-0.01,-1,-1,-0.01,-1,-1,-0.01,-1,-1,-0.01,-1,-1,-0.01,-1,-1,-0.01,-1,-1
99926009,2026-05-18 13:47:40+05:30,53472.5,0,0.0,0,0.0,0.0,53282.15,53585.15,52783.45,53710.35,0,0.0,0.0,0.0,0.0,-0.01,-1,-1,-0.01,-1,-1,-0.01,-1,-1,-0.01,-1,-1,-0.01,-1,-1,-0.01,-1,-1,-0.01,-1,-1,-0.01,-1,-1,-0.01,-1,-1,-0.01,-1,-1
99926009,2026-05-18 13:47:40+05:30,53468.35,0,0.0,0,0.0,0.0,53282.15,53585.15,52783.45,53710.35,0,0.0,0.0,0.0,0.0,-0.01,-1,-1,-0.01,-1,-1,-0.01,-1,-1,-0.01,-1,-1,-0.01,-1,-1,-0.01,-1,-1,-0.01,-1,-1,-0.01,-1,-1,-0.01,-1,-1,-0.01,-1,-1
99926009,2026-05-18 13:47:41+05:30,53471.55,0,0.0,0,0.0,0.0,53282.15,53585.15,52783.45,53710.35,0,0.0,0.0,0.0,0.0,-0.01,-1,-1,-0.01,-1,-1,-0.01,-1,-1,-0.01,-1,-1,-0.01,-1,-1,-0.01,-1,-1,-0.01,-1,-1,-0.01,-1,-1,-0.01,-1,-1,-0.01,-1,-1
99926009,2026-05-18 13:47:41+05:30,53471.9,0,0.0,0,0.0,0.0,53282.15,53585.15,52783.45,53710.35,0,0.0,0.0,0.0,0.0,-0.01,-1,-1,-0.01,-1,-1,-0.01,-1,-1,-0.01,-1,-1,-0.01,-1,-1,-0.01,-1,-1,-0.01,-1,-1,-0.01,-1,-1,-0.01,-1,-1,-0.01,-1,-1
99926009,2026-05-18 13:47:42+05:30,53468.25,0,0.0,0,0.0,0.0,53282.15,53585.15,52783.45,53710.35,0,0.0,0.0,0.0,0.0,-0.01,-1,-1,-0.01,-1,-1,-0.01,-1,-1,-0.01,-1,-1,-0.01,-1,-1,-0.01,-1,-1,-0.01,-1,-1,-0.01,-1,-1,-0.01,-1,-1,-0.01,-1,-1
99926009,2026-05-18 13:47:42+05:30,53469.1,0,0.0,0,0.0,0.0,53282.15,53585.15,52783.45,53710.35,0,0.0,0.0,0.0,0.0,-0.01,-1,-1,-0.01,-1,-1,-0.01,-1,-1,-0.01,-1,-1,-0.01,-1,-1,-0.01,-1,-1,-0.01,-1,-1,-0.01,-1,-1,-0.01,-1,-1,-0.01,-1,-1
99926009,2026-05-18 13:47:43+05:30,53468.9,0,0.0,0,0.0,0.0,53282.15,53585.15,52783.45,53710.35,0,0.0,0.0,0.0,0.0,-0.01,-1,-1,-0.01,-1,-1,-0.01,-1,-1,-0.01,-1,-1,-0.01,-1,-1,-0.01,-1,-1,-0.01,-1,-1,-0.01,-1,-1,-0.01,-1,-1,-0.01,-1,-1
99926009,2026-05-18 13:47:43+05:30,53469.7,0,0.0,0,0.0,0.0,53282.15,53585.15,52783.45,53710.35,0,0.0,0.0,0.0,0.0,-0.01,-1,-1,-0.01,-1,-1,-0.01,-1,-1,-0.01,-1,-1,-0.01,-1,-1,-0.01,-1,-1,-0.01,-1,-1,-0.01,-1,-1,-0.01,-1,-1,-0.01,-1,-1
99926009,2026-05-18 13:47:44+05:30,53469.6,0,0.0,0,0.0,0.0,53282.15,53585.15,52783.45,53710.35,0,0.0,0.0,0.0,0.0,-0.01,-1,-1,-0.01,-1,-1,-0.01,-1,-1,-0.01,-1,-1,-0.01,-1,-1,-0.01,-1,-1,-0.01,-1,-1,-0.01,-1,-1,-0.01,-1,-1,-0.01,-1,-1
99926009,2026-05-18 13:47:44+05:30,53471.65,0,0.0,0,0.0,0.0,53282.15,53585.15,52783.45,53710.35,0,0.0,0.0,0.0,0.0,-0.01,-1,-1,-0.01,-1,-1,-0.01,-1,-1,-0.01,-1,-1,-0.01,-1,-1,-0.01,-1,-1,-0.01,-1,-1,-0.01,-1,-1,-0.01,-1,-1,-0.01,-1,-1
99926009,2026-05-18 13:47:45+05:30,53470.6,0,0.0,0,0.0,0.0,53282.15,53585.15,52783.45,53710.35,0,0.0,0.0,0.0,0.0,-0.01,-1,-1,-0.01,-1,-1,-0.01,-1,-1,-0.01,-1,-1,-0.01,-1,-1,-0.01,-1,-1,-0.01,-1,-1,-0.01,-1,-1,-0.01,-1,-1,-0.01,-1,-1
99926009,2026-05-18 13:47:45+05:30,53471.3,0,0.0,0,0.0,0.0,53282.15,53585.15,52783.45,53710.35,0,0.0,0.0,0.0,0.0,-0.01,-1,-1,-0.01,-1,-1,-0.01,-1,-1,-0.01,-1,-1,-0.01,-1,-1,-0.01,-1,-1,-0.01,-1,-1,-0.01,-1,-1,-0.01,-1,-1,-0.01,-1,-1
99926009,2026-05-18 13:47:46+05:30,53472.4,0,0.0,0,0.0,0.0,53282.15,53585.15,52783.45,53710.35,0,0.0,0.0,0.0,0.0,-0.01,-1,-1,-0.01,-1,-1,-0.01,-1,-1,-0.01,-1,-1,-0.01,-1,-1,-0.01,-1,-1,-0.01,-1,-1,-0.01,-1,-1,-0.01,-1,-1,-0.01,-1,-1
99926009,2026-05-18 13:47:46+05:30,53473.25,0,0.0,0,0.0,0.0,53282.15,53585.15,52783.45,53710.35,0,0.0,0.0,0.0,0.0,-0.01,-1,-1,-0.01,-1,-1,-0.01,-1,-1,-0.01,-1,-1,-0.01,-1,-1,-0.01,-1,-1,-0.01,-1,-1,-0.01,-1,-1,-0.01,-1,-1,-0.01,-1,-1
99926009,2026-05-18 13:47:47+05:30,53473.1,0,0.0,0,0.0,0.0,53282.15,53585.15,52783.45,53710.35,0,0.0,0.0,0.0,0.0,-0.01,-1,-1,-0.01,-1,-1,-0.01,-1,-1,-0.01,-1,-1,-0.01,-1,-1,-0.01,-1,-1,-0.01,-1,-1,-0.01,-1,-1,-0.01,-1,-1,-0.01,-1,-1
99926009,2026-05-18 13:47:47+05:30,53471.45,0,0.0,0,0.0,0.0,53282.15,53585.15,52783.45,53710.35,0,0.0,0.0,0.0,0.0,-0.01,-1,-1,-0.01,-1,-1,-0.01,-1,-1,-0.01,-1,-1,-0.01,-1,-1,-0.01,-1,-1,-0.01,-1,-1,-0.01,-1,-1,-0.01,-1,-1,-0.01,-1,-1
99926009,2026-05-18 13:47:48+05:30,53469.7,0,0.0,0,0.0,0.0,53282.15,53585.15,52783.45,53710.35,0,0.0,0.0,0.0,0.0,-0.01,-1,-1,-0.01,-1,-1,-0.01,-1,-1,-0.01,-1,-1,-0.01,-1,-1,-0.01,-1,-1,-0.01,-1,-1,-0.01,-1,-1,-0.01,-1,-1,-0.01,-1,-1
99926009,2026-05-18 13:47:48+05:30,53470.95,0,0.0,0,0.0,0.0,53282.15,53585.15,52783.45,53710.35,0,0.0,0.0,0.0,0.0,-0.01,-1,-1,-0.01,-1,-1,-0.01,-1,-1,-0.01,-1,-1,-0.01,-1,-1,-0.01,-1,-1,-0.01,-1,-1,-0.01,-1,-1,-0.01,-1,-1,-0.01,-1,-1
99926009,2026-05-18 13:47:49+05:30,53469.2,0,0.0,0,0.0,0.0,53282.15,53585.15,52783.45,53710.35,0,0.0,0.0,0.0,0.0,-0.01,-1,-1,-0.01,-1,-1,-0.01,-1,-1,-0.01,-1,-1,-0.01,-1,-1,-0.01,-1,-1,-0.01,-1,-1,-0.01,-1,-1,-0.01,-1,-1,-0.01,-1,-1
99926009,2026-05-18 13:47:49+05:30,53470.0,0,0.0,0,0.0,0.0,53282.15,53585.15,52783.45,53710.35,0,0.0,0.0,0.0,0.0,-0.01,-1,-1,-0.01,-1,-1,-0.01,-1,-1,-0.01,-1,-1,-0.01,-1,-1,-0.01,-1,-1,-0.01,-1,-1,-0.01,-1,-1,-0.01,-1,-1,-0.01,-1,-1
99926009,2026-05-18 13:47:50+05:30,53471.3,0,0.0,0,0.0,0.0,53282.15,53585.15,52783.45,53710.35,0,0.0,0.0,0.0,0.0,-0.01,-1,-1,-0.01,-1,-1,-0.01,-1,-1,-0.01,-1,-1,-0.01,-1,-1,-0.01,-1,-1,-0.01,-1,-1,-0.01,-1,-1,-0.01,-1,-1,-0.01,-1,-1
99926009,2026-05-18 13:47:50+05:30,53470.55,0,0.0,0,0.0,0.0,53282.15,53585.15,52783.45,53710.35,0,0.0,0.0,0.0,0.0,-0.01,-1,-1,-0.01,-1,-1,-0.01,-1,-1,-0.01,-1,-1,-0.01,-1,-1,-0.01,-1,-1,-0.01,-1,-1,-0.01,-1,-1,-0.01,-1,-1,-0.01,-1,-1
99926009,2026-05-18 13:47:51+05:30,53472.15,0,0.0,0,0.0,0.0,53282.15,53585.15,52783.45,53710.35,0,0.0,0.0,0.0,0.0,-0.01,-1,-1,-0.01,-1,-1,-0.01,-1,-1,-0.01,-1,-1,-0.01,-1,-1,-0.01,-1,-1,-0.01,-1,-1,-0.01,-1,-1,-0.01,-1,-1,-0.01,-1,-1
99926009,2026-05-18 13:47:51+05:30,53475.75,0,0.0,0,0.0,0.0,53282.15,53585.15,52783.45,53710.35,0,0.0,0.0,0.0,0.0,-0.01,-1,-1,-0.01,-1,-1,-0.01,-1,-1,-0.01,-1,-1,-0.01,-1,-1,-0.01,-1,-1,-0.01,-1,-1,-0.01,-1,-1,-0.01,-1,-1,-0.01,-1,-1
99926009,2026-05-18 13:47:52+05:30,53475.7,0,0.0,0,0.0,0.0,53282.15,53585.15,52783.45,53710.35,0,0.0,0.0,0.0,0.0,-0.01,-1,-1,-0.01,-1,-1,-0.01,-1,-1,-0.01,-1,-1,-0.01,-1,-1,-0.01,-1,-1,-0.01,-1,-1,-0.01,-1,-1,-0.01,-1,-1,-0.01,-1,-1
99926009,2026-05-18 13:47:52+05:30,53479.0,0,0.0,0,0.0,0.0,53282.15,53585.15,52783.45,53710.35,0,0.0,0.0,0.0,0.0,-0.01,-1,-1,-0.01,-1,-1,-0.01,-1,-1,-0.01,-1,-1,-0.01,-1,-1,-0.01,-1,-1,-0.01,-1,-1,-0.01,-1,-1,-0.01,-1,-1,-0.01,-1,-1
99926009,2026-05-18 13:47:53+05:30,53474.35,0,0.0,0,0.0,0.0,53282.15,53585.15,52783.45,53710.35,0,0.0,0.0,0.0,0.0,-0.01,-1,-1,-0.01,-1,-1,-0.01,-1,-1,-0.01,-1,-1,-0.01,-1,-1,-0.01,-1,-1,-0.01,-1,-1,-0.01,-1,-1,-0.01,-1,-1,-0.01,-1,-1
99926009,2026-05-18 13:47:53+05:30,53477.45,0,0.0,0,0.0,0.0,53282.15,53585.15,52783.45,53710.35,0,0.0,0.0,0.0,0.0,-0.01,-1,-1,-0.01,-1,-1,-0.01,-1,-1,-0.01,-1,-1,-0.01,-1,-1,-0.01,-1,-1,-0.01,-1,-1,-0.01,-1,-1,-0.01,-1,-1,-0.01,-1,-1
99926009,2026-05-18 13:47:54+05:30,53474.7,0,0.0,0,0.0,0.0,53282.15,53585.15,52783.45,53710.35,0,0.0,0.0,0.0,0.0,-0.01,-1,-1,-0.01,-1,-1,-0.01,-1,-1,-0.01,-1,-1,-0.01,-1,-1,-0.01,-1,-1,-0.01,-1,-1,-0.01,-1,-1,-0.01,-1,-1,-0.01,-1,-1
99926009,2026-05-18 13:47:54+05:30,53476.6,0,0.0,0,0.0,0.0,53282.15,53585.15,52783.45,53710.35,0,0.0,0.0,0.0,0.0,-0.01,-1,-1,-0.01,-1,-1,-0.01,-1,-1,-0.01,-1,-1,-0.01,-1,-1,-0.01,-1,-1,-0.01,-1,-1,-0.01,-1,-1,-0.01,-1,-1,-0.01,-1,-1
99926009,2026-05-18 13:47:55+05:30,53475.5,0,0.0,0,0.0,0.0,53282.15,53585.15,52783.45,53710.35,0,0.0,0.0,0.0,0.0,-0.01,-1,-1,-0.01,-1,-1,-0.01,-1,-1,-0.01,-1,-1,-0.01,-1,-1,-0.01,-1,-1,-0.01,-1,-1,-0.01,-1,-1,-0.01,-1,-1,-0.01,-1,-1
99926009,2026-05-18 13:47:55+05:30,53477.85,0,0.0,0,0.0,0.0,53282.15,53585.15,52783.45,53710.35,0,0.0,0.0,0.0,0.0,-0.01,-1,-1,-0.01,-1,-1,-0.01,-1,-1,-0.01,-1,-1,-0.01,-1,-1,-0.01,-1,-1,-0.01,-1,-1,-0.01,-1,-1,-0.01,-1,-1,-0.01,-1,-1
99926009,2026-05-18 13:47:56+05:30,53476.15,0,0.0,0,0.0,0.0,53282.15,53585.15,52783.45,53710.35,0,0.0,0.0,0.0,0.0,-0.01,-1,-1,-0.01,-1,-1,-0.01,-1,-1,-0.01,-1,-1,-0.01,-1,-1,-0.01,-1,-1,-0.01,-1,-1,-0.01,-1,-1,-0.01,-1,-1,-0.01,-1,-1
99926009,2026-05-18 13:47:56+05:30,53476.9,0,0.0,0,0.0,0.0,53282.15,53585.15,52783.45,53710.35,0,0.0,0.0,0.0,0.0,-0.01,-1,-1,-0.01,-1,-1,-0.01,-1,-1,-0.01,-1,-1,-0.01,-1,-1,-0.01,-1,-1,-0.01,-1,-1,-0.01,-1,-1,-0.01,-1,-1,-0.01,-1,-1
99926009,2026-05-18 13:47:57+05:30,53473.65,0,0.0,0,0.0,0.0,53282.15,53585.15,52783.45,53710.35,0,0.0,0.0,0.0,0.0,-0.01,-1,-1,-0.01,-1,-1,-0.01,-1,-1,-0.01,-1,-1,-0.01,-1,-1,-0.01,-1,-1,-0.01,-1,-1,-0.01,-1,-1,-0.01,-1,-1,-0.01,-1,-1
99926009,2026-05-18 13:47:57+05:30,53477.5,0,0.0,0,0.0,0.0,53282.15,53585.15,52783.45,53710.35,0,0.0,0.0,0.0,0.0,-0.01,-1,-1,-0.01,-1,-1,-0.01,-1,-1,-0.01,-1,-1,-0.01,-1,-1,-0.01,-1,-1,-0.01,-1,-1,-0.01,-1,-1,-0.01,-1,-1,-0.01,-1,-1
99926009,2026-05-18 13:47:58+05:30,53478.0,0,0.0,0,0.0,0.0,53282.15,53585.15,52783.45,53710.35,0,0.0,0.0,0.0,0.0,-0.01,-1,-1,-0.01,-1,-1,-0.01,-1,-1,-0.01,-1,-1,-0.01,-1,-1,-0.01,-1,-1,-0.01,-1,-1,-0.01,-1,-1,-0.01,-1,-1,-0.01,-1,-1
99926009,2026-05-18 13:47:58+05:30,53477.3,0,0.0,0,0.0,0.0,53282.15,53585.15,52783.45,53710.35,0,0.0,0.0,0.0,0.0,-0.01,-1,-1,-0.01,-1,-1,-0.01,-1,-1,-0.01,-1,-1,-0.01,-1,-1,-0.01,-1,-1,-0.01,-1,-1,-0.01,-1,-1,-0.01,-1,-1,-0.01,-1,-1
99926009,2026-05-18 13:47:59+05:30,53475.05,0,0.0,0,0.0,0.0,53282.15,53585.15,52783.45,53710.35,0,0.0,0.0,0.0,0.0,-0.01,-1,-1,-0.01,-1,-1,-0.01,-1,-1,-0.01,-1,-1,-0.01,-1,-1,-0.01,-1,-1,-0.01,-1,-1,-0.01,-1,-1,-0.01,-1,-1,-0.01,-1,-1
99926009,2026-05-18 13:47:59+05:30,53475.0,0,0.0,0,0.0,0.0,53282.15,53585.15,52783.45,53710.35,0,0.0,0.0,0.0,0.0,-0.01,-1,-1,-0.01,-1,-1,-0.01,-1,-1,-0.01,-1,-1,-0.01,-1,-1,-0.01,-1,-1,-0.01,-1,-1,-0.01,-1,-1,-0.01,-1,-1,-0.01,-1,-1
99926009,2026-05-18 13:48:00+05:30,53476.75,0,0.0,0,0.0,0.0,53282.15,53585.15,52783.45,53710.35,0,0.0,0.0,0.0,0.0,-0.01,-1,-1,-0.01,-1,-1,-0.01,-1,-1,-0.01,-1,-1,-0.01,-1,-1,-0.01,-1,-1,-0.01,-1,-1,-0.01,-1,-1,-0.01,-1,-1,-0.01,-1,-1
99926009,2026-05-18 13:48:00+05:30,53475.65,0,0.0,0,0.0,0.0,53282.15,53585.15,52783.45,53710.35,0,0.0,0.0,0.0,0.0,-0.01,-1,-1,-0.01,-1,-1,-0.01,-1,-1,-0.01,-1,-1,-0.01,-1,-1,-0.01,-1,-1,-0.01,-1,-1,-0.01,-1,-1,-0.01,-1,-1,-0.01,-1,-1
99926009,2026-05-18 13:48:01+05:30,53477.5,0,0.0,0,0.0,0.0,53282.15,53585.15,52783.45,53710.35,0,0.0,0.0,0.0,0.0,-0.01,-1,-1,-0.01,-1,-1,-0.01,-1,-1,-0.01,-1,-1,-0.01,-1,-1,-0.01,-1,-1,-0.01,-1,-1,-0.01,-1,-1,-0.01,-1,-1,-0.01,-1,-1
99926009,2026-05-18 13:48:01+05:30,53477.65,0,0.0,0,0.0,0.0,53282.15,53585.15,52783.45,53710.35,0,0.0,0.0,0.0,0.0,-0.01,-1,-1,-0.01,-1,-1,-0.01,-1,-1,-0.01,-1,-1,-0.01,-1,-1,-0.01,-1,-1,-0.01,-1,-1,-0.01,-1,-1,-0.01,-1,-1,-0.01,-1,-1
99926009,2026-05-18 13:48:02+05:30,53477.85,0,0.0,0,0.0,0.0,53282.15,53585.15,52783.45,53710.35,0,0.0,0.0,0.0,0.0,-0.01,-1,-1,-0.01,-1,-1,-0.01,-1,-1,-0.01,-1,-1,-0.01,-1,-1,-0.01,-1,-1,-0.01,-1,-1,-0.01,-1,-1,-0.01,-1,-1,-0.01,-1,-1
99926009,2026-05-18 13:48:02+05:30,53480.1,0,0.0,0,0.0,0.0,53282.15,53585.15,52783.45,53710.35,0,0.0,0.0,0.0,0.0,-0.01,-1,-1,-0.01,-1,-1,-0.01,-1,-1,-0.01,-1,-1,-0.01,-1,-1,-0.01,-1,-1,-0.01,-1,-1,-0.01,-1,-1,-0.01,-1,-1,-0.01,-1,-1
99926009,2026-05-18 13:48:03+05:30,53480.65,0,0.0,0,0.0,0.0,53282.15,53585.15,52783.45,53710.35,0,0.0,0.0,0.0,0.0,-0.01,-1,-1,-0.01,-1,-1,-0.01,-1,-1,-0.01,-1,-1,-0.01,-1,-1,-0.01,-1,-1,-0.01,-1,-1,-0.01,-1,-1,-0.01,-1,-1,-0.01,-1,-1
99926009,2026-05-18 13:48:03+05:30,53479.55,0,0.0,0,0.0,0.0,53282.15,53585.15,52783.45,53710.35,0,0.0,0.0,0.0,0.0,-0.01,-1,-1,-0.01,-1,-1,-0.01,-1,-1,-0.01,-1,-1,-0.01,-1,-1,-0.01,-1,-1,-0.01,-1,-1,-0.01,-1,-1,-0.01,-1,-1,-0.01,-1,-1
99926009,2026-05-18 13:48:04+05:30,53480.2,0,0.0,0,0.0,0.0,53282.15,53585.15,52783.45,53710.35,0,0.0,0.0,0.0,0.0,-0.01,-1,-1,-0.01,-1,-1,-0.01,-1,-1,-0.01,-1,-1,-0.01,-1,-1,-0.01,-1,-1,-0.01,-1,-1,-0.01,-1,-1,-0.01,-1,-1,-0.01,-1,-1
99926009,2026-05-18 13:48:04+05:30,53479.85,0,0.0,0,0.0,0.0,53282.15,53585.15,52783.45,53710.35,0,0.0,0.0,0.0,0.0,-0.01,-1,-1,-0.01,-1,-1,-0.01,-1,-1,-0.01,-1,-1,-0.01,-1,-1,-0.01,-1,-1,-0.01,-1,-1,-0.01,-1,-1,-0.01,-1,-1,-0.01,-1,-1
99926009,2026-05-18 13:48:05+05:30,53479.15,0,0.0,0,0.0,0.0,53282.15,53585.15,52783.45,53710.35,0,0.0,0.0,0.0,0.0,-0.01,-1,-1,-0.01,-1,-1,-0.01,-1,-1,-0.01,-1,-1,-0.01,-1,-1,-0.01,-1,-1,-0.01,-1,-1,-0.01,-1,-1,-0.01,-1,-1,-0.01,-1,-1
99926009,2026-05-18 13:48:05+05:30,53478.8,0,0.0,0,0.0,0.0,53282.15,53585.15,52783.45,53710.35,0,0.0,0.0,0.0,0.0,-0.01,-1,-1,-0.01,-1,-1,-0.01,-1,-1,-0.01,-1,-1,-0.01,-1,-1,-0.01,-1,-1,-0.01,-1,-1,-0.01,-1,-1,-0.01,-1,-1,-0.01,-1,-1
99926009,2026-05-18 13:48:06+05:30,53480.9,0,0.0,0,0.0,0.0,53282.15,53585.15,52783.45,53710.35,0,0.0,0.0,0.0,0.0,-0.01,-1,-1,-0.01,-1,-1,-0.01,-1,-1,-0.01,-1,-1,-0.01,-1,-1,-0.01,-1,-1,-0.01,-1,-1,-0.01,-1,-1,-0.01,-1,-1,-0.01,-1,-1
99926009,2026-05-18 13:48:06+05:30,53479.0,0,0.0,0,0.0,0.0,53282.15,53585.15,52783.45,53710.35,0,0.0,0.0,0.0,0.0,-0.01,-1,-1,-0.01,-1,-1,-0.01,-1,-1,-0.01,-1,-1,-0.01,-1,-1,-0.01,-1,-1,-0.01,-1,-1,-0.01,-1,-1,-0.01,-1,-1,-0.01,-1,-1
99926009,2026-05-18 13:48:07+05:30,53478.9,0,0.0,0,0.0,0.0,53282.15,53585.15,52783.45,53710.35,0,0.0,0.0,0.0,0.0,-0.01,-1,-1,-0.01,-1,-1,-0.01,-1,-1,-0.01,-1,-1,-0.01,-1,-1,-0.01,-1,-1,-0.01,-1,-1,-0.01,-1,-1,-0.01,-1,-1,-0.01,-1,-1
99926009,2026-05-18 13:48:07+05:30,53478.35,0,0.0,0,0.0,0.0,53282.15,53585.15,52783.45,53710.35,0,0.0,0.0,0.0,0.0,-0.01,-1,-1,-0.01,-1,-1,-0.01,-1,-1,-0.01,-1,-1,-0.01,-1,-1,-0.01,-1,-1,-0.01,-1,-1,-0.01,-1,-1,-0.01,-1,-1,-0.01,-1,-1
99926009,2026-05-18 13:48:08+05:30,53476.4,0,0.0,0,0.0,0.0,53282.15,53585.15,52783.45,53710.35,0,0.0,0.0,0.0,0.0,-0.01,-1,-1,-0.01,-1,-1,-0.01,-1,-1,-0.01,-1,-1,-0.01,-1,-1,-0.01,-1,-1,-0.01,-1,-1,-0.01,-1,-1,-0.01,-1,-1,-0.01,-1,-1
99926009,2026-05-18 13:48:08+05:30,53475.85,0,0.0,0,0.0,0.0,53282.15,53585.15,52783.45,53710.35,0,0.0,0.0,0.0,0.0,-0.01,-1,-1,-0.01,-1,-1,-0.01,-1,-1,-0.01,-1,-1,-0.01,-1,-1,-0.01,-1,-1,-0.01,-1,-1,-0.01,-1,-1,-0.01,-1,-1,-0.01,-1,-1
99926009,2026-05-18 13:48:09+05:30,53477.1,0,0.0,0,0.0,0.0,53282.15,53585.15,52783.45,53710.35,0,0.0,0.0,0.0,0.0,-0.01,-1,-1,-0.01,-1,-1,-0.01,-1,-1,-0.01,-1,-1,-0.01,-1,-1,-0.01,-1,-1,-0.01,-1,-1,-0.01,-1,-1,-0.01,-1,-1,-0.01,-1,-1
99926009,2026-05-18 13:48:09+05:30,53473.75,0,0.0,0,0.0,0.0,53282.15,53585.15,52783.45,53710.35,0,0.0,0.0,0.0,0.0,-0.01,-1,-1,-0.01,-1,-1,-0.01,-1,-1,-0.01,-1,-1,-0.01,-1,-1,-0.01,-1,-1,-0.01,-1,-1,-0.01,-1,-1,-0.01,-1,-1,-0.01,-1,-1
99926009,2026-05-18 13:48:10+05:30,53478.35,0,0.0,0,0.0,0.0,53282.15,53585.15,52783.45,53710.35,0,0.0,0.0,0.0,0.0,-0.01,-1,-1,-0.01,-1,-1,-0.01,-1,-1,-0.01,-1,-1,-0.01,-1,-1,-0.01,-1,-1,-0.01,-1,-1,-0.01,-1,-1,-0.01,-1,-1,-0.01,-1,-1
99926009,2026-05-18 13:48:10+05:30,53478.85,0,0.0,0,0.0,0.0,53282.15,53585.15,52783.45,53710.35,0,0.0,0.0,0.0,0.0,-0.01,-1,-1,-0.01,-1,-1,-0.01,-1,-1,-0.01,-1,-1,-0.01,-1,-1,-0.01,-1,-1,-0.01,-1,-1,-0.01,-1,-1,-0.01,-1,-1,-0.01,-1,-1
99926009,2026-05-18 13:48:11+05:30,53481.5,0,0.0,0,0.0,0.0,53282.15,53585.15,52783.45,53710.35,0,0.0,0.0,0.0,0.0,-0.01,-1,-1,-0.01,-1,-1,-0.01,-1,-1,-0.01,-1,-1,-0.01,-1,-1,-0.01,-1,-1,-0.01,-1,-1,-0.01,-1,-1,-0.01,-1,-1,-0.01,-1,-1
99926009,2026-05-18 13:48:11+05:30,53481.25,0,0.0,0,0.0,0.0,53282.15,53585.15,52783.45,53710.35,0,0.0,0.0,0.0,0.0,-0.01,-1,-1,-0.01,-1,-1,-0.01,-1,-1,-0.01,-1,-1,-0.01,-1,-1,-0.01,-1,-1,-0.01,-1,-1,-0.01,-1,-1,-0.01,-1,-1,-0.01,-1,-1
99926009,2026-05-18 13:48:12+05:30,53480.5,0,0.0,0,0.0,0.0,53282.15,53585.15,52783.45,53710.35,0,0.0,0.0,0.0,0.0,-0.01,-1,-1,-0.01,-1,-1,-0.01,-1,-1,-0.01,-1,-1,-0.01,-1,-1,-0.01,-1,-1,-0.01,-1,-1,-0.01,-1,-1,-0.01,-1,-1,-0.01,-1,-1
99926009,2026-05-18 13:48:12+05:30,53481.2,0,0.0,0,0.0,0.0,53282.15,53585.15,52783.45,53710.35,0,0.0,0.0,0.0,0.0,-0.01,-1,-1,-0.01,-1,-1,-0.01,-1,-1,-0.01,-1,-1,-0.01,-1,-1,-0.01,-1,-1,-0.01,-1,-1,-0.01,-1,-1,-0.01,-1,-1,-0.01,-1,-1
99926009,2026-05-18 13:48:13+05:30,53478.2,0,0.0,0,0.0,0.0,53282.15,53585.15,52783.45,53710.35,0,0.0,0.0,0.0,0.0,-0.01,-1,-1,-0.01,-1,-1,-0.01,-1,-1,-0.01,-1,-1,-0.01,-1,-1,-0.01,-1,-1,-0.01,-1,-1,-0.01,-1,-1,-0.01,-1,-1,-0.01,-1,-1
99926009,2026-05-18 13:48:13+05:30,53476.55,0,0.0,0,0.0,0.0,53282.15,53585.15,52783.45,53710.35,0,0.0,0.0,0.0,0.0,-0.01,-1,-1,-0.01,-1,-1,-0.01,-1,-1,-0.01,-1,-1,-0.01,-1,-1,-0.01,-1,-1,-0.01,-1,-1,-0.01,-1,-1,-0.01,-1,-1,-0.01,-1,-1
99926009,2026-05-18 13:48:14+05:30,53475.85,0,0.0,0,0.0,0.0,53282.15,53585.15,52783.45,53710.35,0,0.0,0.0,0.0,0.0,-0.01,-1,-1,-0.01,-1,-1,-0.01,-1,-1,-0.01,-1,-1,-0.01,-1,-1,-0.01,-1,-1,-0.01,-1,-1,-0.01,-1,-1,-0.01,-1,-1,-0.01,-1,-1
99926009,2026-05-18 13:48:14+05:30,53475.85,0,0.0,0,0.0,0.0,53282.15,53585.15,52783.45,53710.35,0,0.0,0.0,0.0,0.0,-0.01,-1,-1,-0.01,-1,-1,-0.01,-1,-1,-0.01,-1,-1,-0.01,-1,-1,-0.01,-1,-1,-0.01,-1,-1,-0.01,-1,-1,-0.01,-1,-1,-0.01,-1,-1
99926009,2026-05-18 13:48:15+05:30,53480.55,0,0.0,0,0.0,0.0,53282.15,53585.15,52783.45,53710.35,0,0.0,0.0,0.0,0.0,-0.01,-1,-1,-0.01,-1,-1,-0.01,-1,-1,-0.01,-1,-1,-0.01,-1,-1,-0.01,-1,-1,-0.01,-1,-1,-0.01,-1,-1,-0.01,-1,-1,-0.01,-1,-1
99926009,2026-05-18 13:48:15+05:30,53479.85,0,0.0,0,0.0,0.0,53282.15,53585.15,52783.45,53710.35,0,0.0,0.0,0.0,0.0,-0.01,-1,-1,-0.01,-1,-1,-0.01,-1,-1,-0.01,-1,-1,-0.01,-1,-1,-0.01,-1,-1,-0.01,-1,-1,-0.01,-1,-1,-0.01,-1,-1,-0.01,-1,-1
99926009,2026-05-18 13:48:16+05:30,53480.05,0,0.0,0,0.0,0.0,53282.15,53585.15,52783.45,53710.35,0,0.0,0.0,0.0,0.0,-0.01,-1,-1,-0.01,-1,-1,-0.01,-1,-1,-0.01,-1,-1,-0.01,-1,-1,-0.01,-1,-1,-0.01,-1,-1,-0.01,-1,-1,-0.01,-1,-1,-0.01,-1,-1
99926009,2026-05-18 13:48:16+05:30,53479.6,0,0.0,0,0.0,0.0,53282.15,53585.15,52783.45,53710.35,0,0.0,0.0,0.0,0.0,-0.01,-1,-1,-0.01,-1,-1,-0.01,-1,-1,-0.01,-1,-1,-0.01,-1,-1,-0.01,-1,-1,-0.01,-1,-1,-0.01,-1,-1,-0.01,-1,-1,-0.01,-1,-1
99926009,2026-05-18 13:48:17+05:30,53479.1,0,0.0,0,0.0,0.0,53282.15,53585.15,52783.45,53710.35,0,0.0,0.0,0.0,0.0,-0.01,-1,-1,-0.01,-1,-1,-0.01,-1,-1,-0.01,-1,-1,-0.01,-1,-1,-0.01,-1,-1,-0.01,-1,-1,-0.01,-1,-1,-0.01,-1,-1,-0.01,-1,-1
99926009,2026-05-18 13:48:17+05:30,53479.95,0,0.0,0,0.0,0.0,53282.15,53585.15,52783.45,53710.35,0,0.0,0.0,0.0,0.0,-0.01,-1,-1,-0.01,-1,-1,-0.01,-1,-1,-0.01,-1,-1,-0.01,-1,-1,-0.01,-1,-1,-0.01,-1,-1,-0.01,-1,-1,-0.01,-1,-1,-0.01,-1,-1
99926009,2026-05-18 13:48:18+05:30,53480.55,0,0.0,0,0.0,0.0,53282.15,53585.15,52783.45,53710.35,0,0.0,0.0,0.0,0.0,-0.01,-1,-1,-0.01,-1,-1,-0.01,-1,-1,-0.01,-1,-1,-0.01,-1,-1,-0.01,-1,-1,-0.01,-1,-1,-0.01,-1,-1,-0.01,-1,-1,-0.01,-1,-1
99926009,2026-05-18 13:48:18+05:30,53478.5,0,0.0,0,0.0,0.0,53282.15,53585.15,52783.45,53710.35,0,0.0,0.0,0.0,0.0,-0.01,-1,-1,-0.01,-1,-1,-0.01,-1,-1,-0.01,-1,-1,-0.01,-1,-1,-0.01,-1,-1,-0.01,-1,-1,-0.01,-1,-1,-0.01,-1,-1,-0.01,-1,-1
99926009,2026-05-18 13:48:19+05:30,53478.4,0,0.0,0,0.0,0.0,53282.15,53585.15,52783.45,53710.35,0,0.0,0.0,0.0,0.0,-0.01,-1,-1,-0.01,-1,-1,-0.01,-1,-1,-0.01,-1,-1,-0.01,-1,-1,-0.01,-1,-1,-0.01,-1,-1,-0.01,-1,-1,-0.01,-1,-1,-0.01,-1,-1
99926009,2026-05-18 13:48:19+05:30,53477.55,0,0.0,0,0.0,0.0,53282.15,53585.15,52783.45,53710.35,0,0.0,0.0,0.0,0.0,-0.01,-1,-1,-0.01,-1,-1,-0.01,-1,-1,-0.01,-1,-1,-0.01,-1,-1,-0.01,-1,-1,-0.01,-1,-1,-0.01,-1,-1,-0.01,-1,-1,-0.01,-1,-1
99926009,2026-05-18 13:48:20+05:30,53479.2,0,0.0,0,0.0,0.0,53282.15,53585.15,52783.45,53710.35,0,0.0,0.0,0.0,0.0,-0.01,-1,-1,-0.01,-1,-1,-0.01,-1,-1,-0.01,-1,-1,-0.01,-1,-1,-0.01,-1,-1,-0.01,-1,-1,-0.01,-1,-1,-0.01,-1,-1,-0.01,-1,-1
99926009,2026-05-18 13:48:20+05:30,53474.9,0,0.0,0,0.0,0.0,53282.15,53585.15,52783.45,53710.35,0,0.0,0.0,0.0,0.0,-0.01,-1,-1,-0.01,-1,-1,-0.01,-1,-1,-0.01,-1,-1,-0.01,-1,-1,-0.01,-1,-1,-0.01,-1,-1,-0.01,-1,-1,-0.01,-1,-1,-0.01,-1,-1
99926009,2026-05-18 13:48:21+05:30,53477.4,0,0.0,0,0.0,0.0,53282.15,53585.15,52783.45,53710.35,0,0.0,0.0,0.0,0.0,-0.01,-1,-1,-0.01,-1,-1,-0.01,-1,-1,-0.01,-1,-1,-0.01,-1,-1,-0.01,-1,-1,-0.01,-1,-1,-0.01,-1,-1,-0.01,-1,-1,-0.01,-1,-1
99926009,2026-05-18 13:48:21+05:30,53477.15,0,0.0,0,0.0,0.0,53282.15,53585.15,52783.45,53710.35,0,0.0,0.0,0.0,0.0,-0.01,-1,-1,-0.01,-1,-1,-0.01,-1,-1,-0.01,-1,-1,-0.01,-1,-1,-0.01,-1,-1,-0.01,-1,-1,-0.01,-1,-1,-0.01,-1,-1,-0.01,-1,-1
99926009,2026-05-18 13:48:22+05:30,53478.75,0,0.0,0,0.0,0.0,53282.15,53585.15,52783.45,53710.35,0,0.0,0.0,0.0,0.0,-0.01,-1,-1,-0.01,-1,-1,-0.01,-1,-1,-0.01,-1,-1,-0.01,-1,-1,-0.01,-1,-1,-0.01,-1,-1,-0.01,-1,-1,-0.01,-1,-1,-0.01,-1,-1
99926009,2026-05-18 13:48:22+05:30,53478.6,0,0.0,0,0.0,0.0,53282.15,53585.15,52783.45,53710.35,0,0.0,0.0,0.0,0.0,-0.01,-1,-1,-0.01,-1,-1,-0.01,-1,-1,-0.01,-1,-1,-0.01,-1,-1,-0.01,-1,-1,-0.01,-1,-1,-0.01,-1,-1,-0.01,-1,-1,-0.01,-1,-1
99926009,2026-05-18 13:48:23+05:30,53477.65,0,0.0,0,0.0,0.0,53282.15,53585.15,52783.45,53710.35,0,0.0,0.0,0.0,0.0,-0.01,-1,-1,-0.01,-1,-1,-0.01,-1,-1,-0.01,-1,-1,-0.01,-1,-1,-0.01,-1,-1,-0.01,-1,-1,-0.01,-1,-1,-0.01,-1,-1,-0.01,-1,-1
99926009,2026-05-18 13:48:23+05:30,53476.0,0,0.0,0,0.0,0.0,53282.15,53585.15,52783.45,53710.35,0,0.0,0.0,0.0,0.0,-0.01,-1,-1,-0.01,-1,-1,-0.01,-1,-1,-0.01,-1,-1,-0.01,-1,-1,-0.01,-1,-1,-0.01,-1,-1,-0.01,-1,-1,-0.01,-1,-1,-0.01,-1,-1
99926009,2026-05-18 13:48:24+05:30,53477.35,0,0.0,0,0.0,0.0,53282.15,53585.15,52783.45,53710.35,0,0.0,0.0,0.0,0.0,-0.01,-1,-1,-0.01,-1,-1,-0.01,-1,-1,-0.01,-1,-1,-0.01,-1,-1,-0.01,-1,-1,-0.01,-1,-1,-0.01,-1,-1,-0.01,-1,-1,-0.01,-1,-1
99926009,2026-05-18 13:48:24+05:30,53474.4,0,0.0,0,0.0,0.0,53282.15,53585.15,52783.45,53710.35,0,0.0,0.0,0.0,0.0,-0.01,-1,-1,-0.01,-1,-1,-0.01,-1,-1,-0.01,-1,-1,-0.01,-1,-1,-0.01,-1,-1,-0.01,-1,-1,-0.01,-1,-1,-0.01,-1,-1,-0.01,-1,-1
99926009,2026-05-18 13:48:25+05:30,53478.6,0,0.0,0,0.0,0.0,53282.15,53585.15,52783.45,53710.35,0,0.0,0.0,0.0,0.0,-0.01,-1,-1,-0.01,-1,-1,-0.01,-1,-1,-0.01,-1,-1,-0.01,-1,-1,-0.01,-1,-1,-0.01,-1,-1,-0.01,-1,-1,-0.01,-1,-1,-0.01,-1,-1
99926009,2026-05-18 13:48:25+05:30,53477.65,0,0.0,0,0.0,0.0,53282.15,53585.15,52783.45,53710.35,0,0.0,0.0,0.0,0.0,-0.01,-1,-1,-0.01,-1,-1,-0.01,-1,-1,-0.01,-1,-1,-0.01,-1,-1,-0.01,-1,-1,-0.01,-1,-1,-0.01,-1,-1,-0.01,-1,-1,-0.01,-1,-1
99926009,2026-05-18 13:48:26+05:30,53477.5,0,0.0,0,0.0,0.0,53282.15,53585.15,52783.45,53710.35,0,0.0,0.0,0.0,0.0,-0.01,-1,-1,-0.01,-1,-1,-0.01,-1,-1,-0.01,-1,-1,-0.01,-1,-1,-0.01,-1,-1,-0.01,-1,-1,-0.01,-1,-1,-0.01,-1,-1,-0.01,-1,-1
99926009,2026-05-18 13:48:26+05:30,53476.9,0,0.0,0,0.0,0.0,53282.15,53585.15,52783.45,53710.35,0,0.0,0.0,0.0,0.0,-0.01,-1,-1,-0.01,-1,-1,-0.01,-1,-1,-0.01,-1,-1,-0.01,-1,-1,-0.01,-1,-1,-0.01,-1,-1,-0.01,-1,-1,-0.01,-1,-1,-0.01,-1,-1
99926009,2026-05-18 13:48:27+05:30,53476.25,0,0.0,0,0.0,0.0,53282.15,53585.15,52783.45,53710.35,0,0.0,0.0,0.0,0.0,-0.01,-1,-1,-0.01,-1,-1,-0.01,-1,-1,-0.01,-1,-1,-0.01,-1,-1,-0.01,-1,-1,-0.01,-1,-1,-0.01,-1,-1,-0.01,-1,-1,-0.01,-1,-1
99926009,2026-05-18 13:48:27+05:30,53477.35,0,0.0,0,0.0,0.0,53282.15,53585.15,52783.45,53710.35,0,0.0,0.0,0.0,0.0,-0.01,-1,-1,-0.01,-1,-1,-0.01,-1,-1,-0.01,-1,-1,-0.01,-1,-1,-0.01,-1,-1,-0.01,-1,-1,-0.01,-1,-1,-0.01,-1,-1,-0.01,-1,-1
99926009,2026-05-18 13:48:28+05:30,53478.7,0,0.0,0,0.0,0.0,53282.15,53585.15,52783.45,53710.35,0,0.0,0.0,0.0,0.0,-0.01,-1,-1,-0.01,-1,-1,-0.01,-1,-1,-0.01,-1,-1,-0.01,-1,-1,-0.01,-1,-1,-0.01,-1,-1,-0.01,-1,-1,-0.01,-1,-1,-0.01,-1,-1
99926009,2026-05-18 13:48:28+05:30,53477.75,0,0.0,0,0.0,0.0,53282.15,53585.15,52783.45,53710.35,0,0.0,0.0,0.0,0.0,-0.01,-1,-1,-0.01,-1,-1,-0.01,-1,-1,-0.01,-1,-1,-0.01,-1,-1,-0.01,-1,-1,-0.01,-1,-1,-0.01,-1,-1,-0.01,-1,-1,-0.01,-1,-1
99926009,2026-05-18 13:48:29+05:30,53479.45,0,0.0,0,0.0,0.0,53282.15,53585.15,52783.45,53710.35,0,0.0,0.0,0.0,0.0,-0.01,-1,-1,-0.01,-1,-1,-0.01,-1,-1,-0.01,-1,-1,-0.01,-1,-1,-0.01,-1,-1,-0.01,-1,-1,-0.01,-1,-1,-0.01,-1,-1,-0.01,-1,-1
99926009,2026-05-18 13:48:29+05:30,53474.55,0,0.0,0,0.0,0.0,53282.15,53585.15,52783.45,53710.35,0,0.0,0.0,0.0,0.0,-0.01,-1,-1,-0.01,-1,-1,-0.01,-1,-1,-0.01,-1,-1,-0.01,-1,-1,-0.01,-1,-1,-0.01,-1,-1,-0.01,-1,-1,-0.01,-1,-1,-0.01,-1,-1
99926009,2026-05-18 13:48:30+05:30,53477.35,0,0.0,0,0.0,0.0,53282.15,53585.15,52783.45,53710.35,0,0.0,0.0,0.0,0.0,-0.01,-1,-1,-0.01,-1,-1,-0.01,-1,-1,-0.01,-1,-1,-0.01,-1,-1,-0.01,-1,-1,-0.01,-1,-1,-0.01,-1,-1,-0.01,-1,-1,-0.01,-1,-1
99926009,2026-05-18 13:48:30+05:30,53476.85,0,0.0,0,0.0,0.0,53282.15,53585.15,52783.45,53710.35,0,0.0,0.0,0.0,0.0,-0.01,-1,-1,-0.01,-1,-1,-0.01,-1,-1,-0.01,-1,-1,-0.01,-1,-1,-0.01,-1,-1,-0.01,-1,-1,-0.01,-1,-1,-0.01,-1,-1,-0.01,-1,-1
99926009,2026-05-18 13:48:31+05:30,53479.8,0,0.0,0,0.0,0.0,53282.15,53585.15,52783.45,53710.35,0,0.0,0.0,0.0,0.0,-0.01,-1,-1,-0.01,-1,-1,-0.01,-1,-1,-0.01,-1,-1,-0.01,-1,-1,-0.01,-1,-1,-0.01,-1,-1,-0.01,-1,-1,-0.01,-1,-1,-0.01,-1,-1
99926009,2026-05-18 13:48:31+05:30,53475.05,0,0.0,0,0.0,0.0,53282.15,53585.15,52783.45,53710.35,0,0.0,0.0,0.0,0.0,-0.01,-1,-1,-0.01,-1,-1,-0.01,-1,-1,-0.01,-1,-1,-0.01,-1,-1,-0.01,-1,-1,-0.01,-1,-1,-0.01,-1,-1,-0.01,-1,-1,-0.01,-1,-1
99926009,2026-05-18 13:48:32+05:30,53478.55,0,0.0,0,0.0,0.0,53282.15,53585.15,52783.45,53710.35,0,0.0,0.0,0.0,0.0,-0.01,-1,-1,-0.01,-1,-1,-0.01,-1,-1,-0.01,-1,-1,-0.01,-1,-1,-0.01,-1,-1,-0.01,-1,-1,-0.01,-1,-1,-0.01,-1,-1,-0.01,-1,-1
99926009,2026-05-18 13:48:32+05:30,53477.85,0,0.0,0,0.0,0.0,53282.15,53585.15,52783.45,53710.35,0,0.0,0.0,0.0,0.0,-0.01,-1,-1,-0.01,-1,-1,-0.01,-1,-1,-0.01,-1,-1,-0.01,-1,-1,-0.01,-1,-1,-0.01,-1,-1,-0.01,-1,-1,-0.01,-1,-1,-0.01,-1,-1
99926009,2026-05-18 13:48:33+05:30,53475.4,0,0.0,0,0.0,0.0,53282.15,53585.15,52783.45,53710.35,0,0.0,0.0,0.0,0.0,-0.01,-1,-1,-0.01,-1,-1,-0.01,-1,-1,-0.01,-1,-1,-0.01,-1,-1,-0.01,-1,-1,-0.01,-1,-1,-0.01,-1,-1,-0.01,-1,-1,-0.01,-1,-1
99926009,2026-05-18 13:48:33+05:30,53475.55,0,0.0,0,0.0,0.0,53282.15,53585.15,52783.45,53710.35,0,0.0,0.0,0.0,0.0,-0.01,-1,-1,-0.01,-1,-1,-0.01,-1,-1,-0.01,-1,-1,-0.01,-1,-1,-0.01,-1,-1,-0.01,-1,-1,-0.01,-1,-1,-0.01,-1,-1,-0.01,-1,-1
99926009,2026-05-18 13:48:34+05:30,53475.25,0,0.0,0,0.0,0.0,53282.15,53585.15,52783.45,53710.35,0,0.0,0.0,0.0,0.0,-0.01,-1,-1,-0.01,-1,-1,-0.01,-1,-1,-0.01,-1,-1,-0.01,-1,-1,-0.01,-1,-1,-0.01,-1,-1,-0.01,-1,-1,-0.01,-1,-1,-0.01,-1,-1
99926009,2026-05-18 13:48:34+05:30,53475.05,0,0.0,0,0.0,0.0,53282.15,53585.15,52783.45,53710.35,0,0.0,0.0,0.0,0.0,-0.01,-1,-1,-0.01,-1,-1,-0.01,-1,-1,-0.01,-1,-1,-0.01,-1,-1,-0.01,-1,-1,-0.01,-1,-1,-0.01,-1,-1,-0.01,-1,-1,-0.01,-1,-1
99926009,2026-05-18 13:48:35+05:30,53477.65,0,0.0,0,0.0,0.0,53282.15,53585.15,52783.45,53710.35,0,0.0,0.0,0.0,0.0,-0.01,-1,-1,-0.01,-1,-1,-0.01,-1,-1,-0.01,-1,-1,-0.01,-1,-1,-0.01,-1,-1,-0.01,-1,-1,-0.01,-1,-1,-0.01,-1,-1,-0.01,-1,-1
99926009,2026-05-18 13:48:35+05:30,53474.35,0,0.0,0,0.0,0.0,53282.15,53585.15,52783.45,53710.35,0,0.0,0.0,0.0,0.0,-0.01,-1,-1,-0.01,-1,-1,-0.01,-1,-1,-0.01,-1,-1,-0.01,-1,-1,-0.01,-1,-1,-0.01,-1,-1,-0.01,-1,-1,-0.01,-1,-1,-0.01,-1,-1
99926009,2026-05-18 13:48:36+05:30,53476.8,0,0.0,0,0.0,0.0,53282.15,53585.15,52783.45,53710.35,0,0.0,0.0,0.0,0.0,-0.01,-1,-1,-0.01,-1,-1,-0.01,-1,-1,-0.01,-1,-1,-0.01,-1,-1,-0.01,-1,-1,-0.01,-1,-1,-0.01,-1,-1,-0.01,-1,-1,-0.01,-1,-1
99926009,2026-05-18 13:48:36+05:30,53474.0,0,0.0,0,0.0,0.0,53282.15,53585.15,52783.45,53710.35,0,0.0,0.0,0.0,0.0,-0.01,-1,-1,-0.01,-1,-1,-0.01,-1,-1,-0.01,-1,-1,-0.01,-1,-1,-0.01,-1,-1,-0.01,-1,-1,-0.01,-1,-1,-0.01,-1,-1,-0.01,-1,-1
99926009,2026-05-18 13:48:37+05:30,53474.8,0,0.0,0,0.0,0.0,53282.15,53585.15,52783.45,53710.35,0,0.0,0.0,0.0,0.0,-0.01,-1,-1,-0.01,-1,-1,-0.01,-1,-1,-0.01,-1,-1,-0.01,-1,-1,-0.01,-1,-1,-0.01,-1,-1,-0.01,-1,-1,-0.01,-1,-1,-0.01,-1,-1
99926009,2026-05-18 13:48:37+05:30,53475.9,0,0.0,0,0.0,0.0,53282.15,53585.15,52783.45,53710.35,0,0.0,0.0,0.0,0.0,-0.01,-1,-1,-0.01,-1,-1,-0.01,-1,-1,-0.01,-1,-1,-0.01,-1,-1,-0.01,-1,-1,-0.01,-1,-1,-0.01,-1,-1,-0.01,-1,-1,-0.01,-1,-1
99926009,2026-05-18 13:48:38+05:30,53472.75,0,0.0,0,0.0,0.0,53282.15,53585.15,52783.45,53710.35,0,0.0,0.0,0.0,0.0,-0.01,-1,-1,-0.01,-1,-1,-0.01,-1,-1,-0.01,-1,-1,-0.01,-1,-1,-0.01,-1,-1,-0.01,-1,-1,-0.01,-1,-1,-0.01,-1,-1,-0.01,-1,-1
99926009,2026-05-18 13:48:38+05:30,53472.5,0,0.0,0,0.0,0.0,53282.15,53585.15,52783.45,53710.35,0,0.0,0.0,0.0,0.0,-0.01,-1,-1,-0.01,-1,-1,-0.01,-1,-1,-0.01,-1,-1,-0.01,-1,-1,-0.01,-1,-1,-0.01,-1,-1,-0.01,-1,-1,-0.01,-1,-1,-0.01,-1,-1
99926009,2026-05-18 13:48:39+05:30,53473.5,0,0.0,0,0.0,0.0,53282.15,53585.15,52783.45,53710.35,0,0.0,0.0,0.0,0.0,-0.01,-1,-1,-0.01,-1,-1,-0.01,-1,-1,-0.01,-1,-1,-0.01,-1,-1,-0.01,-1,-1,-0.01,-1,-1,-0.01,-1,-1,-0.01,-1,-1,-0.01,-1,-1
99926009,2026-05-18 13:48:39+05:30,53474.75,0,0.0,0,0.0,0.0,53282.15,53585.15,52783.45,53710.35,0,0.0,0.0,0.0,0.0,-0.01,-1,-1,-0.01,-1,-1,-0.01,-1,-1,-0.01,-1,-1,-0.01,-1,-1,-0.01,-1,-1,-0.01,-1,-1,-0.01,-1,-1,-0.01,-1,-1,-0.01,-1,-1
99926009,2026-05-18 13:48:40+05:30,53476.1,0,0.0,0,0.0,0.0,53282.15,53585.15,52783.45,53710.35,0,0.0,0.0,0.0,0.0,-0.01,-1,-1,-0.01,-1,-1,-0.01,-1,-1,-0.01,-1,-1,-0.01,-1,-1,-0.01,-1,-1,-0.01,-1,-1,-0.01,-1,-1,-0.01,-1,-1,-0.01,-1,-1
99926009,2026-05-18 13:48:40+05:30,53475.15,0,0.0,0,0.0,0.0,53282.15,53585.15,52783.45,53710.35,0,0.0,0.0,0.0,0.0,-0.01,-1,-1,-0.01,-1,-1,-0.01,-1,-1,-0.01,-1,-1,-0.01,-1,-1,-0.01,-1,-1,-0.01,-1,-1,-0.01,-1,-1,-0.01,-1,-1,-0.01,-1,-1
99926009,2026-05-18 13:48:41+05:30,53476.1,0,0.0,0,0.0,0.0,53282.15,53585.15,52783.45,53710.35,0,0.0,0.0,0.0,0.0,-0.01,-1,-1,-0.01,-1,-1,-0.01,-1,-1,-0.01,-1,-1,-0.01,-1,-1,-0.01,-1,-1,-0.01,-1,-1,-0.01,-1,-1,-0.01,-1,-1,-0.01,-1,-1
99926009,2026-05-18 13:48:41+05:30,53474.15,0,0.0,0,0.0,0.0,53282.15,53585.15,52783.45,53710.35,0,0.0,0.0,0.0,0.0,-0.01,-1,-1,-0.01,-1,-1,-0.01,-1,-1,-0.01,-1,-1,-0.01,-1,-1,-0.01,-1,-1,-0.01,-1,-1,-0.01,-1,-1,-0.01,-1,-1,-0.01,-1,-1
99926009,2026-05-18 13:48:42+05:30,53472.7,0,0.0,0,0.0,0.0,53282.15,53585.15,52783.45,53710.35,0,0.0,0.0,0.0,0.0,-0.01,-1,-1,-0.01,-1,-1,-0.01,-1,-1,-0.01,-1,-1,-0.01,-1,-1,-0.01,-1,-1,-0.01,-1,-1,-0.01,-1,-1,-0.01,-1,-1,-0.01,-1,-1
99926009,2026-05-18 13:48:42+05:30,53472.45,0,0.0,0,0.0,0.0,53282.15,53585.15,52783.45,53710.35,0,0.0,0.0,0.0,0.0,-0.01,-1,-1,-0.01,-1,-1,-0.01,-1,-1,-0.01,-1,-1,-0.01,-1,-1,-0.01,-1,-1,-0.01,-1,-1,-0.01,-1,-1,-0.01,-1,-1,-0.01,-1,-1
99926009,2026-05-18 13:48:43+05:30,53475.25,0,0.0,0,0.0,0.0,53282.15,53585.15,52783.45,53710.35,0,0.0,0.0,0.0,0.0,-0.01,-1,-1,-0.01,-1,-1,-0.01,-1,-1,-0.01,-1,-1,-0.01,-1,-1,-0.01,-1,-1,-0.01,-1,-1,-0.01,-1,-1,-0.01,-1,-1,-0.01,-1,-1
99926009,2026-05-18 13:48:43+05:30,53471.2,0,0.0,0,0.0,0.0,53282.15,53585.15,52783.45,53710.35,0,0.0,0.0,0.0,0.0,-0.01,-1,-1,-0.01,-1,-1,-0.01,-1,-1,-0.01,-1,-1,-0.01,-1,-1,-0.01,-1,-1,-0.01,-1,-1,-0.01,-1,-1,-0.01,-1,-1,-0.01,-1,-1
99926009,2026-05-18 13:48:44+05:30,53472.35,0,0.0,0,0.0,0.0,53282.15,53585.15,52783.45,53710.35,0,0.0,0.0,0.0,0.0,-0.01,-1,-1,-0.01,-1,-1,-0.01,-1,-1,-0.01,-1,-1,-0.01,-1,-1,-0.01,-1,-1,-0.01,-1,-1,-0.01,-1,-1,-0.01,-1,-1,-0.01,-1,-1
99926009,2026-05-18 13:48:44+05:30,53471.55,0,0.0,0,0.0,0.0,53282.15,53585.15,52783.45,53710.35,0,0.0,0.0,0.0,0.0,-0.01,-1,-1,-0.01,-1,-1,-0.01,-1,-1,-0.01,-1,-1,-0.01,-1,-1,-0.01,-1,-1,-0.01,-1,-1,-0.01,-1,-1,-0.01,-1,-1,-0.01,-1,-1
99926009,2026-05-18 13:48:45+05:30,53474.05,0,0.0,0,0.0,0.0,53282.15,53585.15,52783.45,53710.35,0,0.0,0.0,0.0,0.0,-0.01,-1,-1,-0.01,-1,-1,-0.01,-1,-1,-0.01,-1,-1,-0.01,-1,-1,-0.01,-1,-1,-0.01,-1,-1,-0.01,-1,-1,-0.01,-1,-1,-0.01,-1,-1
99926009,2026-05-18 13:48:45+05:30,53478.1,0,0.0,0,0.0,0.0,53282.15,53585.15,52783.45,53710.35,0,0.0,0.0,0.0,0.0,-0.01,-1,-1,-0.01,-1,-1,-0.01,-1,-1,-0.01,-1,-1,-0.01,-1,-1,-0.01,-1,-1,-0.01,-1,-1,-0.01,-1,-1,-0.01,-1,-1,-0.01,-1,-1
99926009,2026-05-18 13:48:46+05:30,53482.8,0,0.0,0,0.0,0.0,53282.15,53585.15,52783.45,53710.35,0,0.0,0.0,0.0,0.0,-0.01,-1,-1,-0.01,-1,-1,-0.01,-1,-1,-0.01,-1,-1,-0.01,-1,-1,-0.01,-1,-1,-0.01,-1,-1,-0.01,-1,-1,-0.01,-1,-1,-0.01,-1,-1
99926009,2026-05-18 13:48:46+05:30,53481.3,0,0.0,0,0.0,0.0,53282.15,53585.15,52783.45,53710.35,0,0.0,0.0,0.0,0.0,-0.01,-1,-1,-0.01,-1,-1,-0.01,-1,-1,-0.01,-1,-1,-0.01,-1,-1,-0.01,-1,-1,-0.01,-1,-1,-0.01,-1,-1,-0.01,-1,-1,-0.01,-1,-1
99926009,2026-05-18 13:48:47+05:30,53478.85,0,0.0,0,0.0,0.0,53282.15,53585.15,52783.45,53710.35,0,0.0,0.0,0.0,0.0,-0.01,-1,-1,-0.01,-1,-1,-0.01,-1,-1,-0.01,-1,-1,-0.01,-1,-1,-0.01,-1,-1,-0.01,-1,-1,-0.01,-1,-1,-0.01,-1,-1,-0.01,-1,-1
99926009,2026-05-18 13:48:47+05:30,53479.3,0,0.0,0,0.0,0.0,53282.15,53585.15,52783.45,53710.35,0,0.0,0.0,0.0,0.0,-0.01,-1,-1,-0.01,-1,-1,-0.01,-1,-1,-0.01,-1,-1,-0.01,-1,-1,-0.01,-1,-1,-0.01,-1,-1,-0.01,-1,-1,-0.01,-1,-1,-0.01,-1,-1
99926009,2026-05-18 13:48:48+05:30,53481.55,0,0.0,0,0.0,0.0,53282.15,53585.15,52783.45,53710.35,0,0.0,0.0,0.0,0.0,-0.01,-1,-1,-0.01,-1,-1,-0.01,-1,-1,-0.01,-1,-1,-0.01,-1,-1,-0.01,-1,-1,-0.01,-1,-1,-0.01,-1,-1,-0.01,-1,-1,-0.01,-1,-1
99926009,2026-05-18 13:48:48+05:30,53483.3,0,0.0,0,0.0,0.0,53282.15,53585.15,52783.45,53710.35,0,0.0,0.0,0.0,0.0,-0.01,-1,-1,-0.01,-1,-1,-0.01,-1,-1,-0.01,-1,-1,-0.01,-1,-1,-0.01,-1,-1,-0.01,-1,-1,-0.01,-1,-1,-0.01,-1,-1,-0.01,-1,-1
99926009,2026-05-18 13:48:49+05:30,53486.4,0,0.0,0,0.0,0.0,53282.15,53585.15,52783.45,53710.35,0,0.0,0.0,0.0,0.0,-0.01,-1,-1,-0.01,-1,-1,-0.01,-1,-1,-0.01,-1,-1,-0.01,-1,-1,-0.01,-1,-1,-0.01,-1,-1,-0.01,-1,-1,-0.01,-1,-1,-0.01,-1,-1
99926009,2026-05-18 13:48:49+05:30,53496.95,0,0.0,0,0.0,0.0,53282.15,53585.15,52783.45,53710.35,0,0.0,0.0,0.0,0.0,-0.01,-1,-1,-0.01,-1,-1,-0.01,-1,-1,-0.01,-1,-1,-0.01,-1,-1,-0.01,-1,-1,-0.01,-1,-1,-0.01,-1,-1,-0.01,-1,-1,-0.01,-1,-1
99926009,2026-05-18 13:48:50+05:30,53498.5,0,0.0,0,0.0,0.0,53282.15,53585.15,52783.45,53710.35,0,0.0,0.0,0.0,0.0,-0.01,-1,-1,-0.01,-1,-1,-0.01,-1,-1,-0.01,-1,-1,-0.01,-1,-1,-0.01,-1,-1,-0.01,-1,-1,-0.01,-1,-1,-0.01,-1,-1,-0.01,-1,-1
99926009,2026-05-18 13:48:50+05:30,53497.5,0,0.0,0,0.0,0.0,53282.15,53585.15,52783.45,53710.35,0,0.0,0.0,0.0,0.0,-0.01,-1,-1,-0.01,-1,-1,-0.01,-1,-1,-0.01,-1,-1,-0.01,-1,-1,-0.01,-1,-1,-0.01,-1,-1,-0.01,-1,-1,-0.01,-1,-1,-0.01,-1,-1
99926009,2026-05-18 13:48:51+05:30,53501.7,0,0.0,0,0.0,0.0,53282.15,53585.15,52783.45,53710.35,0,0.0,0.0,0.0,0.0,-0.01,-1,-1,-0.01,-1,-1,-0.01,-1,-1,-0.01,-1,-1,-0.01,-1,-1,-0.01,-1,-1,-0.01,-1,-1,-0.01,-1,-1,-0.01,-1,-1,-0.01,-1,-1
99926009,2026-05-18 13:48:51+05:30,53498.25,0,0.0,0,0.0,0.0,53282.15,53585.15,52783.45,53710.35,0,0.0,0.0,0.0,0.0,-0.01,-1,-1,-0.01,-1,-1,-0.01,-1,-1,-0.01,-1,-1,-0.01,-1,-1,-0.01,-1,-1,-0.01,-1,-1,-0.01,-1,-1,-0.01,-1,-1,-0.01,-1,-1
99926009,2026-05-18 13:48:52+05:30,53496.95,0,0.0,0,0.0,0.0,53282.15,53585.15,52783.45,53710.35,0,0.0,0.0,0.0,0.0,-0.01,-1,-1,-0.01,-1,-1,-0.01,-1,-1,-0.01,-1,-1,-0.01,-1,-1,-0.01,-1,-1,-0.01,-1,-1,-0.01,-1,-1,-0.01,-1,-1,-0.01,-1,-1
99926009,2026-05-18 13:48:52+05:30,53497.2,0,0.0,0,0.0,0.0,53282.15,53585.15,52783.45,53710.35,0,0.0,0.0,0.0,0.0,-0.01,-1,-1,-0.01,-1,-1,-0.01,-1,-1,-0.01,-1,-1,-0.01,-1,-1,-0.01,-1,-1,-0.01,-1,-1,-0.01,-1,-1,-0.01,-1,-1,-0.01,-1,-1
99926009,2026-05-18 13:48:53+05:30,53496.3,0,0.0,0,0.0,0.0,53282.15,53585.15,52783.45,53710.35,0,0.0,0.0,0.0,0.0,-0.01,-1,-1,-0.01,-1,-1,-0.01,-1,-1,-0.01,-1,-1,-0.01,-1,-1,-0.01,-1,-1,-0.01,-1,-1,-0.01,-1,-1,-0.01,-1,-1,-0.01,-1,-1
99926009,2026-05-18 13:48:53+05:30,53495.9,0,0.0,0,0.0,0.0,53282.15,53585.15,52783.45,53710.35,0,0.0,0.0,0.0,0.0,-0.01,-1,-1,-0.01,-1,-1,-0.01,-1,-1,-0.01,-1,-1,-0.01,-1,-1,-0.01,-1,-1,-0.01,-1,-1,-0.01,-1,-1,-0.01,-1,-1,-0.01,-1,-1
99926009,2026-05-18 13:48:54+05:30,53497.85,0,0.0,0,0.0,0.0,53282.15,53585.15,52783.45,53710.35,0,0.0,0.0,0.0,0.0,-0.01,-1,-1,-0.01,-1,-1,-0.01,-1,-1,-0.01,-1,-1,-0.01,-1,-1,-0.01,-1,-1,-0.01,-1,-1,-0.01,-1,-1,-0.01,-1,-1,-0.01,-1,-1
99926009,2026-05-18 13:48:54+05:30,53495.65,0,0.0,0,0.0,0.0,53282.15,53585.15,52783.45,53710.35,0,0.0,0.0,0.0,0.0,-0.01,-1,-1,-0.01,-1,-1,-0.01,-1,-1,-0.01,-1,-1,-0.01,-1,-1,-0.01,-1,-1,-0.01,-1,-1,-0.01,-1,-1,-0.01,-1,-1,-0.01,-1,-1
99926009,2026-05-18 13:48:55+05:30,53498.65,0,0.0,0,0.0,0.0,53282.15,53585.15,52783.45,53710.35,0,0.0,0.0,0.0,0.0,-0.01,-1,-1,-0.01,-1,-1,-0.01,-1,-1,-0.01,-1,-1,-0.01,-1,-1,-0.01,-1,-1,-0.01,-1,-1,-0.01,-1,-1,-0.01,-1,-1,-0.01,-1,-1
99926009,2026-05-18 13:48:55+05:30,53498.65,0,0.0,0,0.0,0.0,53282.15,53585.15,52783.45,53710.35,0,0.0,0.0,0.0,0.0,-0.01,-1,-1,-0.01,-1,-1,-0.01,-1,-1,-0.01,-1,-1,-0.01,-1,-1,-0.01,-1,-1,-0.01,-1,-1,-0.01,-1,-1,-0.01,-1,-1,-0.01,-1,-1
99926009,2026-05-18 13:48:56+05:30,53496.1,0,0.0,0,0.0,0.0,53282.15,53585.15,52783.45,53710.35,0,0.0,0.0,0.0,0.0,-0.01,-1,-1,-0.01,-1,-1,-0.01,-1,-1,-0.01,-1,-1,-0.01,-1,-1,-0.01,-1,-1,-0.01,-1,-1,-0.01,-1,-1,-0.01,-1,-1,-0.01,-1,-1
99926009,2026-05-18 13:48:56+05:30,53493.7,0,0.0,0,0.0,0.0,53282.15,53585.15,52783.45,53710.35,0,0.0,0.0,0.0,0.0,-0.01,-1,-1,-0.01,-1,-1,-0.01,-1,-1,-0.01,-1,-1,-0.01,-1,-1,-0.01,-1,-1,-0.01,-1,-1,-0.01,-1,-1,-0.01,-1,-1,-0.01,-1,-1
99926009,2026-05-18 13:48:57+05:30,53496.3,0,0.0,0,0.0,0.0,53282.15,53585.15,52783.45,53710.35,0,0.0,0.0,0.0,0.0,-0.01,-1,-1,-0.01,-1,-1,-0.01,-1,-1,-0.01,-1,-1,-0.01,-1,-1,-0.01,-1,-1,-0.01,-1,-1,-0.01,-1,-1,-0.01,-1,-1,-0.01,-1,-1
99926009,2026-05-18 13:48:57+05:30,53493.15,0,0.0,0,0.0,0.0,53282.15,53585.15,52783.45,53710.35,0,0.0,0.0,0.0,0.0,-0.01,-1,-1,-0.01,-1,-1,-0.01,-1,-1,-0.01,-1,-1,-0.01,-1,-1,-0.01,-1,-1,-0.01,-1,-1,-0.01,-1,-1,-0.01,-1,-1,-0.01,-1,-1
99926009,2026-05-18 13:48:58+05:30,53493.05,0,0.0,0,0.0,0.0,53282.15,53585.15,52783.45,53710.35,0,0.0,0.0,0.0,0.0,-0.01,-1,-1,-0.01,-1,-1,-0.01,-1,-1,-0.01,-1,-1,-0.01,-1,-1,-0.01,-1,-1,-0.01,-1,-1,-0.01,-1,-1,-0.01,-1,-1,-0.01,-1,-1
99926009,2026-05-18 13:48:58+05:30,53490.9,0,0.0,0,0.0,0.0,53282.15,53585.15,52783.45,53710.35,0,0.0,0.0,0.0,0.0,-0.01,-1,-1,-0.01,-1,-1,-0.01,-1,-1,-0.01,-1,-1,-0.01,-1,-1,-0.01,-1,-1,-0.01,-1,-1,-0.01,-1,-1,-0.01,-1,-1,-0.01,-1,-1
99926009,2026-05-18 13:48:59+05:30,53491.0,0,0.0,0,0.0,0.0,53282.15,53585.15,52783.45,53710.35,0,0.0,0.0,0.0,0.0,-0.01,-1,-1,-0.01,-1,-1,-0.01,-1,-1,-0.01,-1,-1,-0.01,-1,-1,-0.01,-1,-1,-0.01,-1,-1,-0.01,-1,-1,-0.01,-1,-1,-0.01,-1,-1
99926009,2026-05-18 13:48:59+05:30,53489.4,0,0.0,0,0.0,0.0,53282.15,53585.15,52783.45,53710.35,0,0.0,0.0,0.0,0.0,-0.01,-1,-1,-0.01,-1,-1,-0.01,-1,-1,-0.01,-1,-1,-0.01,-1,-1,-0.01,-1,-1,-0.01,-1,-1,-0.01,-1,-1,-0.01,-1,-1,-0.01,-1,-1
99926009,2026-05-18 13:49:00+05:30,53492.35,0,0.0,0,0.0,0.0,53282.15,53585.15,52783.45,53710.35,0,0.0,0.0,0.0,0.0,-0.01,-1,-1,-0.01,-1,-1,-0.01,-1,-1,-0.01,-1,-1,-0.01,-1,-1,-0.01,-1,-1,-0.01,-1,-1,-0.01,-1,-1,-0.01,-1,-1,-0.01,-1,-1
99926009,2026-05-18 13:49:00+05:30,53490.8,0,0.0,0,0.0,0.0,53282.15,53585.15,52783.45,53710.35,0,0.0,0.0,0.0,0.0,-0.01,-1,-1,-0.01,-1,-1,-0.01,-1,-1,-0.01,-1,-1,-0.01,-1,-1,-0.01,-1,-1,-0.01,-1,-1,-0.01,-1,-1,-0.01,-1,-1,-0.01,-1,-1
99926009,2026-05-18 13:49:01+05:30,53491.4,0,0.0,0,0.0,0.0,53282.15,53585.15,52783.45,53710.35,0,0.0,0.0,0.0,0.0,-0.01,-1,-1,-0.01,-1,-1,-0.01,-1,-1,-0.01,-1,-1,-0.01,-1,-1,-0.01,-1,-1,-0.01,-1,-1,-0.01,-1,-1,-0.01,-1,-1,-0.01,-1,-1
99926009,2026-05-18 13:49:01+05:30,53488.45,0,0.0,0,0.0,0.0,53282.15,53585.15,52783.45,53710.35,0,0.0,0.0,0.0,0.0,-0.01,-1,-1,-0.01,-1,-1,-0.01,-1,-1,-0.01,-1,-1,-0.01,-1,-1,-0.01,-1,-1,-0.01,-1,-1,-0.01,-1,-1,-0.01,-1,-1,-0.01,-1,-1
99926009,2026-05-18 13:49:02+05:30,53487.9,0,0.0,0,0.0,0.0,53282.15,53585.15,52783.45,53710.35,0,0.0,0.0,0.0,0.0,-0.01,-1,-1,-0.01,-1,-1,-0.01,-1,-1,-0.01,-1,-1,-0.01,-1,-1,-0.01,-1,-1,-0.01,-1,-1,-0.01,-1,-1,-0.01,-1,-1,-0.01,-1,-1
99926009,2026-05-18 13:49:02+05:30,53488.1,0,0.0,0,0.0,0.0,53282.15,53585.15,52783.45,53710.35,0,0.0,0.0,0.0,0.0,-0.01,-1,-1,-0.01,-1,-1,-0.01,-1,-1,-0.01,-1,-1,-0.01,-1,-1,-0.01,-1,-1,-0.01,-1,-1,-0.01,-1,-1,-0.01,-1,-1,-0.01,-1,-1
99926009,2026-05-18 13:49:03+05:30,53489.75,0,0.0,0,0.0,0.0,53282.15,53585.15,52783.45,53710.35,0,0.0,0.0,0.0,0.0,-0.01,-1,-1,-0.01,-1,-1,-0.01,-1,-1,-0.01,-1,-1,-0.01,-1,-1,-0.01,-1,-1,-0.01,-1,-1,-0.01,-1,-1,-0.01,-1,-1,-0.01,-1,-1
99926009,2026-05-18 13:49:03+05:30,53492.3,0,0.0,0,0.0,0.0,53282.15,53585.15,52783.45,53710.35,0,0.0,0.0,0.0,0.0,-0.01,-1,-1,-0.01,-1,-1,-0.01,-1,-1,-0.01,-1,-1,-0.01,-1,-1,-0.01,-1,-1,-0.01,-1,-1,-0.01,-1,-1,-0.01,-1,-1,-0.01,-1,-1
99926009,2026-05-18 13:49:04+05:30,53492.5,0,0.0,0,0.0,0.0,53282.15,53585.15,52783.45,53710.35,0,0.0,0.0,0.0,0.0,-0.01,-1,-1,-0.01,-1,-1,-0.01,-1,-1,-0.01,-1,-1,-0.01,-1,-1,-0.01,-1,-1,-0.01,-1,-1,-0.01,-1,-1,-0.01,-1,-1,-0.01,-1,-1
99926009,2026-05-18 13:49:04+05:30,53493.5,0,0.0,0,0.0,0.0,53282.15,53585.15,52783.45,53710.35,0,0.0,0.0,0.0,0.0,-0.01,-1,-1,-0.01,-1,-1,-0.01,-1,-1,-0.01,-1,-1,-0.01,-1,-1,-0.01,-1,-1,-0.01,-1,-1,-0.01,-1,-1,-0.01,-1,-1,-0.01,-1,-1
99926009,2026-05-18 13:49:05+05:30,53492.55,0,0.0,0,0.0,0.0,53282.15,53585.15,52783.45,53710.35,0,0.0,0.0,0.0,0.0,-0.01,-1,-1,-0.01,-1,-1,-0.01,-1,-1,-0.01,-1,-1,-0.01,-1,-1,-0.01,-1,-1,-0.01,-1,-1,-0.01,-1,-1,-0.01,-1,-1,-0.01,-1,-1
99926009,2026-05-18 13:49:05+05:30,53492.25,0,0.0,0,0.0,0.0,53282.15,53585.15,52783.45,53710.35,0,0.0,0.0,0.0,0.0,-0.01,-1,-1,-0.01,-1,-1,-0.01,-1,-1,-0.01,-1,-1,-0.01,-1,-1,-0.01,-1,-1,-0.01,-1,-1,-0.01,-1,-1,-0.01,-1,-1,-0.01,-1,-1
99926009,2026-05-18 13:49:06+05:30,53493.2,0,0.0,0,0.0,0.0,53282.15,53585.15,52783.45,53710.35,0,0.0,0.0,0.0,0.0,-0.01,-1,-1,-0.01,-1,-1,-0.01,-1,-1,-0.01,-1,-1,-0.01,-1,-1,-0.01,-1,-1,-0.01,-1,-1,-0.01,-1,-1,-0.01,-1,-1,-0.01,-1,-1
99926009,2026-05-18 13:49:06+05:30,53492.5,0,0.0,0,0.0,0.0,53282.15,53585.15,52783.45,53710.35,0,0.0,0.0,0.0,0.0,-0.01,-1,-1,-0.01,-1,-1,-0.01,-1,-1,-0.01,-1,-1,-0.01,-1,-1,-0.01,-1,-1,-0.01,-1,-1,-0.01,-1,-1,-0.01,-1,-1,-0.01,-1,-1
99926009,2026-05-18 13:49:07+05:30,53493.5,0,0.0,0,0.0,0.0,53282.15,53585.15,52783.45,53710.35,0,0.0,0.0,0.0,0.0,-0.01,-1,-1,-0.01,-1,-1,-0.01,-1,-1,-0.01,-1,-1,-0.01,-1,-1,-0.01,-1,-1,-0.01,-1,-1,-0.01,-1,-1,-0.01,-1,-1,-0.01,-1,-1
99926009,2026-05-18 13:49:07+05:30,53491.55,0,0.0,0,0.0,0.0,53282.15,53585.15,52783.45,53710.35,0,0.0,0.0,0.0,0.0,-0.01,-1,-1,-0.01,-1,-1,-0.01,-1,-1,-0.01,-1,-1,-0.01,-1,-1,-0.01,-1,-1,-0.01,-1,-1,-0.01,-1,-1,-0.01,-1,-1,-0.01,-1,-1
99926009,2026-05-18 13:49:08+05:30,53491.25,0,0.0,0,0.0,0.0,53282.15,53585.15,52783.45,53710.35,0,0.0,0.0,0.0,0.0,-0.01,-1,-1,-0.01,-1,-1,-0.01,-1,-1,-0.01,-1,-1,-0.01,-1,-1,-0.01,-1,-1,-0.01,-1,-1,-0.01,-1,-1,-0.01,-1,-1,-0.01,-1,-1
99926009,2026-05-18 13:49:08+05:30,53494.5,0,0.0,0,0.0,0.0,53282.15,53585.15,52783.45,53710.35,0,0.0,0.0,0.0,0.0,-0.01,-1,-1,-0.01,-1,-1,-0.01,-1,-1,-0.01,-1,-1,-0.01,-1,-1,-0.01,-1,-1,-0.01,-1,-1,-0.01,-1,-1,-0.01,-1,-1,-0.01,-1,-1
99926009,2026-05-18 13:49:09+05:30,53495.7,0,0.0,0,0.0,0.0,53282.15,53585.15,52783.45,53710.35,0,0.0,0.0,0.0,0.0,-0.01,-1,-1,-0.01,-1,-1,-0.01,-1,-1,-0.01,-1,-1,-0.01,-1,-1,-0.01,-1,-1,-0.01,-1,-1,-0.01,-1,-1,-0.01,-1,-1,-0.01,-1,-1
99926009,2026-05-18 13:49:09+05:30,53496.9,0,0.0,0,0.0,0.0,53282.15,53585.15,52783.45,53710.35,0,0.0,0.0,0.0,0.0,-0.01,-1,-1,-0.01,-1,-1,-0.01,-1,-1,-0.01,-1,-1,-0.01,-1,-1,-0.01,-1,-1,-0.01,-1,-1,-0.01,-1,-1,-0.01,-1,-1,-0.01,-1,-1
99926009,2026-05-18 13:49:10+05:30,53495.35,0,0.0,0,0.0,0.0,53282.15,53585.15,52783.45,53710.35,0,0.0,0.0,0.0,0.0,-0.01,-1,-1,-0.01,-1,-1,-0.01,-1,-1,-0.01,-1,-1,-0.01,-1,-1,-0.01,-1,-1,-0.01,-1,-1,-0.01,-1,-1,-0.01,-1,-1,-0.01,-1,-1
99926009,2026-05-18 13:49:10+05:30,53494.05,0,0.0,0,0.0,0.0,53282.15,53585.15,52783.45,53710.35,0,0.0,0.0,0.0,0.0,-0.01,-1,-1,-0.01,-1,-1,-0.01,-1,-1,-0.01,-1,-1,-0.01,-1,-1,-0.01,-1,-1,-0.01,-1,-1,-0.01,-1,-1,-0.01,-1,-1,-0.01,-1,-1
99926009,2026-05-18 13:49:11+05:30,53496.3,0,0.0,0,0.0,0.0,53282.15,53585.15,52783.45,53710.35,0,0.0,0.0,0.0,0.0,-0.01,-1,-1,-0.01,-1,-1,-0.01,-1,-1,-0.01,-1,-1,-0.01,-1,-1,-0.01,-1,-1,-0.01,-1,-1,-0.01,-1,-1,-0.01,-1,-1,-0.01,-1,-1
99926009,2026-05-18 13:49:11+05:30,53494.4,0,0.0,0,0.0,0.0,53282.15,53585.15,52783.45,53710.35,0,0.0,0.0,0.0,0.0,-0.01,-1,-1,-0.01,-1,-1,-0.01,-1,-1,-0.01,-1,-1,-0.01,-1,-1,-0.01,-1,-1,-0.01,-1,-1,-0.01,-1,-1,-0.01,-1,-1,-0.01,-1,-1
99926009,2026-05-18 13:49:12+05:30,53495.55,0,0.0,0,0.0,0.0,53282.15,53585.15,52783.45,53710.35,0,0.0,0.0,0.0,0.0,-0.01,-1,-1,-0.01,-1,-1,-0.01,-1,-1,-0.01,-1,-1,-0.01,-1,-1,-0.01,-1,-1,-0.01,-1,-1,-0.01,-1,-1,-0.01,-1,-1,-0.01,-1,-1
99926009,2026-05-18 13:49:12+05:30,53495.4,0,0.0,0,0.0,0.0,53282.15,53585.15,52783.45,53710.35,0,0.0,0.0,0.0,0.0,-0.01,-1,-1,-0.01,-1,-1,-0.01,-1,-1,-0.01,-1,-1,-0.01,-1,-1,-0.01,-1,-1,-0.01,-1,-1,-0.01,-1,-1,-0.01,-1,-1,-0.01,-1,-1
99926009,2026-05-18 13:49:13+05:30,53495.2,0,0.0,0,0.0,0.0,53282.15,53585.15,52783.45,53710.35,0,0.0,0.0,0.0,0.0,-0.01,-1,-1,-0.01,-1,-1,-0.01,-1,-1,-0.01,-1,-1,-0.01,-1,-1,-0.01,-1,-1,-0.01,-1,-1,-0.01,-1,-1,-0.01,-1,-1,-0.01,-1,-1
99926009,2026-05-18 13:49:13+05:30,53495.1,0,0.0,0,0.0,0.0,53282.15,53585.15,52783.45,53710.35,0,0.0,0.0,0.0,0.0,-0.01,-1,-1,-0.01,-1,-1,-0.01,-1,-1,-0.01,-1,-1,-0.01,-1,-1,-0.01,-1,-1,-0.01,-1,-1,-0.01,-1,-1,-0.01,-1,-1,-0.01,-1,-1
99926009,2026-05-18 13:49:14+05:30,53496.15,0,0.0,0,0.0,0.0,53282.15,53585.15,52783.45,53710.35,0,0.0,0.0,0.0,0.0,-0.01,-1,-1,-0.01,-1,-1,-0.01,-1,-1,-0.01,-1,-1,-0.01,-1,-1,-0.01,-1,-1,-0.01,-1,-1,-0.01,-1,-1,-0.01,-1,-1,-0.01,-1,-1
99926009,2026-05-18 13:49:14+05:30,53494.05,0,0.0,0,0.0,0.0,53282.15,53585.15,52783.45,53710.35,0,0.0,0.0,0.0,0.0,-0.01,-1,-1,-0.01,-1,-1,-0.01,-1,-1,-0.01,-1,-1,-0.01,-1,-1,-0.01,-1,-1,-0.01,-1,-1,-0.01,-1,-1,-0.01,-1,-1,-0.01,-1,-1
99926009,2026-05-18 13:49:15+05:30,53496.5,0,0.0,0,0.0,0.0,53282.15,53585.15,52783.45,53710.35,0,0.0,0.0,0.0,0.0,-0.01,-1,-1,-0.01,-1,-1,-0.01,-1,-1,-0.01,-1,-1,-0.01,-1,-1,-0.01,-1,-1,-0.01,-1,-1,-0.01,-1,-1,-0.01,-1,-1,-0.01,-1,-1
99926009,2026-05-18 13:49:15+05:30,53496.8,0,0.0,0,0.0,0.0,53282.15,53585.15,52783.45,53710.35,0,0.0,0.0,0.0,0.0,-0.01,-1,-1,-0.01,-1,-1,-0.01,-1,-1,-0.01,-1,-1,-0.01,-1,-1,-0.01,-1,-1,-0.01,-1,-1,-0.01,-1,-1,-0.01,-1,-1,-0.01,-1,-1
99926009,2026-05-18 13:49:16+05:30,53496.65,0,0.0,0,0.0,0.0,53282.15,53585.15,52783.45,53710.35,0,0.0,0.0,0.0,0.0,-0.01,-1,-1,-0.01,-1,-1,-0.01,-1,-1,-0.01,-1,-1,-0.01,-1,-1,-0.01,-1,-1,-0.01,-1,-1,-0.01,-1,-1,-0.01,-1,-1,-0.01,-1,-1
99926009,2026-05-18 13:49:16+05:30,53494.3,0,0.0,0,0.0,0.0,53282.15,53585.15,52783.45,53710.35,0,0.0,0.0,0.0,0.0,-0.01,-1,-1,-0.01,-1,-1,-0.01,-1,-1,-0.01,-1,-1,-0.01,-1,-1,-0.01,-1,-1,-0.01,-1,-1,-0.01,-1,-1,-0.01,-1,-1,-0.01,-1,-1
99926009,2026-05-18 13:49:17+05:30,53493.2,0,0.0,0,0.0,0.0,53282.15,53585.15,52783.45,53710.35,0,0.0,0.0,0.0,0.0,-0.01,-1,-1,-0.01,-1,-1,-0.01,-1,-1,-0.01,-1,-1,-0.01,-1,-1,-0.01,-1,-1,-0.01,-1,-1,-0.01,-1,-1,-0.01,-1,-1,-0.01,-1,-1
99926009,2026-05-18 13:49:17+05:30,53491.85,0,0.0,0,0.0,0.0,53282.15,53585.15,52783.45,53710.35,0,0.0,0.0,0.0,0.0,-0.01,-1,-1,-0.01,-1,-1,-0.01,-1,-1,-0.01,-1,-1,-0.01,-1,-1,-0.01,-1,-1,-0.01,-1,-1,-0.01,-1,-1,-0.01,-1,-1,-0.01,-1,-1
99926009,2026-05-18 13:49:18+05:30,53495.1,0,0.0,0,0.0,0.0,53282.15,53585.15,52783.45,53710.35,0,0.0,0.0,0.0,0.0,-0.01,-1,-1,-0.01,-1,-1,-0.01,-1,-1,-0.01,-1,-1,-0.01,-1,-1,-0.01,-1,-1,-0.01,-1,-1,-0.01,-1,-1,-0.01,-1,-1,-0.01,-1,-1
99926009,2026-05-18 13:49:18+05:30,53494.6,0,0.0,0,0.0,0.0,53282.15,53585.15,52783.45,53710.35,0,0.0,0.0,0.0,0.0,-0.01,-1,-1,-0.01,-1,-1,-0.01,-1,-1,-0.01,-1,-1,-0.01,-1,-1,-0.01,-1,-1,-0.01,-1,-1,-0.01,-1,-1,-0.01,-1,-1,-0.01,-1,-1
99926009,2026-05-18 13:49:19+05:30,53495.0,0,0.0,0,0.0,0.0,53282.15,53585.15,52783.45,53710.35,0,0.0,0.0,0.0,0.0,-0.01,-1,-1,-0.01,-1,-1,-0.01,-1,-1,-0.01,-1,-1,-0.01,-1,-1,-0.01,-1,-1,-0.01,-1,-1,-0.01,-1,-1,-0.01,-1,-1,-0.01,-1,-1
99926009,2026-05-18 13:49:19+05:30,53494.5,0,0.0,0,0.0,0.0,53282.15,53585.15,52783.45,53710.35,0,0.0,0.0,0.0,0.0,-0.01,-1,-1,-0.01,-1,-1,-0.01,-1,-1,-0.01,-1,-1,-0.01,-1,-1,-0.01,-1,-1,-0.01,-1,-1,-0.01,-1,-1,-0.01,-1,-1,-0.01,-1,-1
99926009,2026-05-18 13:49:20+05:30,53495.8,0,0.0,0,0.0,0.0,53282.15,53585.15,52783.45,53710.35,0,0.0,0.0,0.0,0.0,-0.01,-1,-1,-0.01,-1,-1,-0.01,-1,-1,-0.01,-1,-1,-0.01,-1,-1,-0.01,-1,-1,-0.01,-1,-1,-0.01,-1,-1,-0.01,-1,-1,-0.01,-1,-1
99926009,2026-05-18 13:49:20+05:30,53492.85,0,0.0,0,0.0,0.0,53282.15,53585.15,52783.45,53710.35,0,0.0,0.0,0.0,0.0,-0.01,-1,-1,-0.01,-1,-1,-0.01,-1,-1,-0.01,-1,-1,-0.01,-1,-1,-0.01,-1,-1,-0.01,-1,-1,-0.01,-1,-1,-0.01,-1,-1,-0.01,-1,-1
99926009,2026-05-18 13:49:21+05:30,53499.75,0,0.0,0,0.0,0.0,53282.15,53585.15,52783.45,53710.35,0,0.0,0.0,0.0,0.0,-0.01,-1,-1,-0.01,-1,-1,-0.01,-1,-1,-0.01,-1,-1,-0.01,-1,-1,-0.01,-1,-1,-0.01,-1,-1,-0.01,-1,-1,-0.01,-1,-1,-0.01,-1,-1
99926009,2026-05-18 13:49:21+05:30,53497.8,0,0.0,0,0.0,0.0,53282.15,53585.15,52783.45,53710.35,0,0.0,0.0,0.0,0.0,-0.01,-1,-1,-0.01,-1,-1,-0.01,-1,-1,-0.01,-1,-1,-0.01,-1,-1,-0.01,-1,-1,-0.01,-1,-1,-0.01,-1,-1,-0.01,-1,-1,-0.01,-1,-1
99926009,2026-05-18 13:49:22+05:30,53496.9,0,0.0,0,0.0,0.0,53282.15,53585.15,52783.45,53710.35,0,0.0,0.0,0.0,0.0,-0.01,-1,-1,-0.01,-1,-1,-0.01,-1,-1,-0.01,-1,-1,-0.01,-1,-1,-0.01,-1,-1,-0.01,-1,-1,-0.01,-1,-1,-0.01,-1,-1,-0.01,-1,-1
99926009,2026-05-18 13:49:22+05:30,53497.6,0,0.0,0,0.0,0.0,53282.15,53585.15,52783.45,53710.35,0,0.0,0.0,0.0,0.0,-0.01,-1,-1,-0.01,-1,-1,-0.01,-1,-1,-0.01,-1,-1,-0.01,-1,-1,-0.01,-1,-1,-0.01,-1,-1,-0.01,-1,-1,-0.01,-1,-1,-0.01,-1,-1
99926009,2026-05-18 13:49:23+05:30,53495.95,0,0.0,0,0.0,0.0,53282.15,53585.15,52783.45,53710.35,0,0.0,0.0,0.0,0.0,-0.01,-1,-1,-0.01,-1,-1,-0.01,-1,-1,-0.01,-1,-1,-0.01,-1,-1,-0.01,-1,-1,-0.01,-1,-1,-0.01,-1,-1,-0.01,-1,-1,-0.01,-1,-1
99926009,2026-05-18 13:49:23+05:30,53496.75,0,0.0,0,0.0,0.0,53282.15,53585.15,52783.45,53710.35,0,0.0,0.0,0.0,0.0,-0.01,-1,-1,-0.01,-1,-1,-0.01,-1,-1,-0.01,-1,-1,-0.01,-1,-1,-0.01,-1,-1,-0.01,-1,-1,-0.01,-1,-1,-0.01,-1,-1,-0.01,-1,-1
99926009,2026-05-18 13:49:24+05:30,53495.95,0,0.0,0,0.0,0.0,53282.15,53585.15,52783.45,53710.35,0,0.0,0.0,0.0,0.0,-0.01,-1,-1,-0.01,-1,-1,-0.01,-1,-1,-0.01,-1,-1,-0.01,-1,-1,-0.01,-1,-1,-0.01,-1,-1,-0.01,-1,-1,-0.01,-1,-1,-0.01,-1,-1
99926009,2026-05-18 13:49:24+05:30,53499.35,0,0.0,0,0.0,0.0,53282.15,53585.15,52783.45,53710.35,0,0.0,0.0,0.0,0.0,-0.01,-1,-1,-0.01,-1,-1,-0.01,-1,-1,-0.01,-1,-1,-0.01,-1,-1,-0.01,-1,-1,-0.01,-1,-1,-0.01,-1,-1,-0.01,-1,-1,-0.01,-1,-1
99926009,2026-05-18 13:49:25+05:30,53499.0,0,0.0,0,0.0,0.0,53282.15,53585.15,52783.45,53710.35,0,0.0,0.0,0.0,0.0,-0.01,-1,-1,-0.01,-1,-1,-0.01,-1,-1,-0.01,-1,-1,-0.01,-1,-1,-0.01,-1,-1,-0.01,-1,-1,-0.01,-1,-1,-0.01,-1,-1,-0.01,-1,-1
99926009,2026-05-18 13:49:25+05:30,53498.8,0,0.0,0,0.0,0.0,53282.15,53585.15,52783.45,53710.35,0,0.0,0.0,0.0,0.0,-0.01,-1,-1,-0.01,-1,-1,-0.01,-1,-1,-0.01,-1,-1,-0.01,-1,-1,-0.01,-1,-1,-0.01,-1,-1,-0.01,-1,-1,-0.01,-1,-1,-0.01,-1,-1
99926009,2026-05-18 13:49:26+05:30,53500.3,0,0.0,0,0.0,0.0,53282.15,53585.15,52783.45,53710.35,0,0.0,0.0,0.0,0.0,-0.01,-1,-1,-0.01,-1,-1,-0.01,-1,-1,-0.01,-1,-1,-0.01,-1,-1,-0.01,-1,-1,-0.01,-1,-1,-0.01,-1,-1,-0.01,-1,-1,-0.01,-1,-1
99926009,2026-05-18 13:49:26+05:30,53499.7,0,0.0,0,0.0,0.0,53282.15,53585.15,52783.45,53710.35,0,0.0,0.0,0.0,0.0,-0.01,-1,-1,-0.01,-1,-1,-0.01,-1,-1,-0.01,-1,-1,-0.01,-1,-1,-0.01,-1,-1,-0.01,-1,-1,-0.01,-1,-1,-0.01,-1,-1,-0.01,-1,-1
99926009,2026-05-18 13:49:27+05:30,53500.85,0,0.0,0,0.0,0.0,53282.15,53585.15,52783.45,53710.35,0,0.0,0.0,0.0,0.0,-0.01,-1,-1,-0.01,-1,-1,-0.01,-1,-1,-0.01,-1,-1,-0.01,-1,-1,-0.01,-1,-1,-0.01,-1,-1,-0.01,-1,-1,-0.01,-1,-1,-0.01,-1,-1
99926009,2026-05-18 13:49:27+05:30,53500.7,0,0.0,0,0.0,0.0,53282.15,53585.15,52783.45,53710.35,0,0.0,0.0,0.0,0.0,-0.01,-1,-1,-0.01,-1,-1,-0.01,-1,-1,-0.01,-1,-1,-0.01,-1,-1,-0.01,-1,-1,-0.01,-1,-1,-0.01,-1,-1,-0.01,-1,-1,-0.01,-1,-1
99926009,2026-05-18 13:49:28+05:30,53501.9,0,0.0,0,0.0,0.0,53282.15,53585.15,52783.45,53710.35,0,0.0,0.0,0.0,0.0,-0.01,-1,-1,-0.01,-1,-1,-0.01,-1,-1,-0.01,-1,-1,-0.01,-1,-1,-0.01,-1,-1,-0.01,-1,-1,-0.01,-1,-1,-0.01,-1,-1,-0.01,-1,-1
99926009,2026-05-18 13:49:28+05:30,53502.45,0,0.0,0,0.0,0.0,53282.15,53585.15,52783.45,53710.35,0,0.0,0.0,0.0,0.0,-0.01,-1,-1,-0.01,-1,-1,-0.01,-1,-1,-0.01,-1,-1,-0.01,-1,-1,-0.01,-1,-1,-0.01,-1,-1,-0.01,-1,-1,-0.01,-1,-1,-0.01,-1,-1
99926009,2026-05-18 13:49:29+05:30,53504.65,0,0.0,0,0.0,0.0,53282.15,53585.15,52783.45,53710.35,0,0.0,0.0,0.0,0.0,-0.01,-1,-1,-0.01,-1,-1,-0.01,-1,-1,-0.01,-1,-1,-0.01,-1,-1,-0.01,-1,-1,-0.01,-1,-1,-0.01,-1,-1,-0.01,-1,-1,-0.01,-1,-1
99926009,2026-05-18 13:49:29+05:30,53503.6,0,0.0,0,0.0,0.0,53282.15,53585.15,52783.45,53710.35,0,0.0,0.0,0.0,0.0,-0.01,-1,-1,-0.01,-1,-1,-0.01,-1,-1,-0.01,-1,-1,-0.01,-1,-1,-0.01,-1,-1,-0.01,-1,-1,-0.01,-1,-1,-0.01,-1,-1,-0.01,-1,-1
99926009,2026-05-18 13:49:30+05:30,53500.1,0,0.0,0,0.0,0.0,53282.15,53585.15,52783.45,53710.35,0,0.0,0.0,0.0,0.0,-0.01,-1,-1,-0.01,-1,-1,-0.01,-1,-1,-0.01,-1,-1,-0.01,-1,-1,-0.01,-1,-1,-0.01,-1,-1,-0.01,-1,-1,-0.01,-1,-1,-0.01,-1,-1
99926009,2026-05-18 13:49:30+05:30,53502.9,0,0.0,0,0.0,0.0,53282.15,53585.15,52783.45,53710.35,0,0.0,0.0,0.0,0.0,-0.01,-1,-1,-0.01,-1,-1,-0.01,-1,-1,-0.01,-1,-1,-0.01,-1,-1,-0.01,-1,-1,-0.01,-1,-1,-0.01,-1,-1,-0.01,-1,-1,-0.01,-1,-1
99926009,2026-05-18 13:49:31+05:30,53504.1,0,0.0,0,0.0,0.0,53282.15,53585.15,52783.45,53710.35,0,0.0,0.0,0.0,0.0,-0.01,-1,-1,-0.01,-1,-1,-0.01,-1,-1,-0.01,-1,-1,-0.01,-1,-1,-0.01,-1,-1,-0.01,-1,-1,-0.01,-1,-1,-0.01,-1,-1,-0.01,-1,-1
99926009,2026-05-18 13:49:31+05:30,53501.9,0,0.0,0,0.0,0.0,53282.15,53585.15,52783.45,53710.35,0,0.0,0.0,0.0,0.0,-0.01,-1,-1,-0.01,-1,-1,-0.01,-1,-1,-0.01,-1,-1,-0.01,-1,-1,-0.01,-1,-1,-0.01,-1,-1,-0.01,-1,-1,-0.01,-1,-1,-0.01,-1,-1
99926009,2026-05-18 13:49:32+05:30,53502.4,0,0.0,0,0.0,0.0,53282.15,53585.15,52783.45,53710.35,0,0.0,0.0,0.0,0.0,-0.01,-1,-1,-0.01,-1,-1,-0.01,-1,-1,-0.01,-1,-1,-0.01,-1,-1,-0.01,-1,-1,-0.01,-1,-1,-0.01,-1,-1,-0.01,-1,-1,-0.01,-1,-1
99926009,2026-05-18 13:49:32+05:30,53503.25,0,0.0,0,0.0,0.0,53282.15,53585.15,52783.45,53710.35,0,0.0,0.0,0.0,0.0,-0.01,-1,-1,-0.01,-1,-1,-0.01,-1,-1,-0.01,-1,-1,-0.01,-1,-1,-0.01,-1,-1,-0.01,-1,-1,-0.01,-1,-1,-0.01,-1,-1,-0.01,-1,-1
99926009,2026-05-18 13:49:33+05:30,53503.8,0,0.0,0,0.0,0.0,53282.15,53585.15,52783.45,53710.35,0,0.0,0.0,0.0,0.0,-0.01,-1,-1,-0.01,-1,-1,-0.01,-1,-1,-0.01,-1,-1,-0.01,-1,-1,-0.01,-1,-1,-0.01,-1,-1,-0.01,-1,-1,-0.01,-1,-1,-0.01,-1,-1
99926009,2026-05-18 13:49:33+05:30,53503.55,0,0.0,0,0.0,0.0,53282.15,53585.15,52783.45,53710.35,0,0.0,0.0,0.0,0.0,-0.01,-1,-1,-0.01,-1,-1,-0.01,-1,-1,-0.01,-1,-1,-0.01,-1,-1,-0.01,-1,-1,-0.01,-1,-1,-0.01,-1,-1,-0.01,-1,-1,-0.01,-1,-1
99926009,2026-05-18 13:49:34+05:30,53501.95,0,0.0,0,0.0,0.0,53282.15,53585.15,52783.45,53710.35,0,0.0,0.0,0.0,0.0,-0.01,-1,-1,-0.01,-1,-1,-0.01,-1,-1,-0.01,-1,-1,-0.01,-1,-1,-0.01,-1,-1,-0.01,-1,-1,-0.01,-1,-1,-0.01,-1,-1,-0.01,-1,-1
99926009,2026-05-18 13:49:34+05:30,53502.4,0,0.0,0,0.0,0.0,53282.15,53585.15,52783.45,53710.35,0,0.0,0.0,0.0,0.0,-0.01,-1,-1,-0.01,-1,-1,-0.01,-1,-1,-0.01,-1,-1,-0.01,-1,-1,-0.01,-1,-1,-0.01,-1,-1,-0.01,-1,-1,-0.01,-1,-1,-0.01,-1,-1
99926009,2026-05-18 13:49:35+05:30,53503.1,0,0.0,0,0.0,0.0,53282.15,53585.15,52783.45,53710.35,0,0.0,0.0,0.0,0.0,-0.01,-1,-1,-0.01,-1,-1,-0.01,-1,-1,-0.01,-1,-1,-0.01,-1,-1,-0.01,-1,-1,-0.01,-1,-1,-0.01,-1,-1,-0.01,-1,-1,-0.01,-1,-1
99926009,2026-05-18 13:49:35+05:30,53503.3,0,0.0,0,0.0,0.0,53282.15,53585.15,52783.45,53710.35,0,0.0,0.0,0.0,0.0,-0.01,-1,-1,-0.01,-1,-1,-0.01,-1,-1,-0.01,-1,-1,-0.01,-1,-1,-0.01,-1,-1,-0.01,-1,-1,-0.01,-1,-1,-0.01,-1,-1,-0.01,-1,-1
99926009,2026-05-18 13:49:36+05:30,53504.65,0,0.0,0,0.0,0.0,53282.15,53585.15,52783.45,53710.35,0,0.0,0.0,0.0,0.0,-0.01,-1,-1,-0.01,-1,-1,-0.01,-1,-1,-0.01,-1,-1,-0.01,-1,-1,-0.01,-1,-1,-0.01,-1,-1,-0.01,-1,-1,-0.01,-1,-1,-0.01,-1,-1
99926009,2026-05-18 13:49:36+05:30,53503.45,0,0.0,0,0.0,0.0,53282.15,53585.15,52783.45,53710.35,0,0.0,0.0,0.0,0.0,-0.01,-1,-1,-0.01,-1,-1,-0.01,-1,-1,-0.01,-1,-1,-0.01,-1,-1,-0.01,-1,-1,-0.01,-1,-1,-0.01,-1,-1,-0.01,-1,-1,-0.01,-1,-1
99926009,2026-05-18 13:49:37+05:30,53500.45,0,0.0,0,0.0,0.0,53282.15,53585.15,52783.45,53710.35,0,0.0,0.0,0.0,0.0,-0.01,-1,-1,-0.01,-1,-1,-0.01,-1,-1,-0.01,-1,-1,-0.01,-1,-1,-0.01,-1,-1,-0.01,-1,-1,-0.01,-1,-1,-0.01,-1,-1,-0.01,-1,-1
99926009,2026-05-18 13:49:37+05:30,53501.9,0,0.0,0,0.0,0.0,53282.15,53585.15,52783.45,53710.35,0,0.0,0.0,0.0,0.0,-0.01,-1,-1,-0.01,-1,-1,-0.01,-1,-1,-0.01,-1,-1,-0.01,-1,-1,-0.01,-1,-1,-0.01,-1,-1,-0.01,-1,-1,-0.01,-1,-1,-0.01,-1,-1
99926009,2026-05-18 13:49:38+05:30,53501.55,0,0.0,0,0.0,0.0,53282.15,53585.15,52783.45,53710.35,0,0.0,0.0,0.0,0.0,-0.01,-1,-1,-0.01,-1,-1,-0.01,-1,-1,-0.01,-1,-1,-0.01,-1,-1,-0.01,-1,-1,-0.01,-1,-1,-0.01,-1,-1,-0.01,-1,-1,-0.01,-1,-1
99926009,2026-05-18 13:49:38+05:30,53500.7,0,0.0,0,0.0,0.0,53282.15,53585.15,52783.45,53710.35,0,0.0,0.0,0.0,0.0,-0.01,-1,-1,-0.01,-1,-1,-0.01,-1,-1,-0.01,-1,-1,-0.01,-1,-1,-0.01,-1,-1,-0.01,-1,-1,-0.01,-1,-1,-0.01,-1,-1,-0.01,-1,-1
99926009,2026-05-18 13:49:39+05:30,53498.8,0,0.0,0,0.0,0.0,53282.15,53585.15,52783.45,53710.35,0,0.0,0.0,0.0,0.0,-0.01,-1,-1,-0.01,-1,-1,-0.01,-1,-1,-0.01,-1,-1,-0.01,-1,-1,-0.01,-1,-1,-0.01,-1,-1,-0.01,-1,-1,-0.01,-1,-1,-0.01,-1,-1
99926009,2026-05-18 13:49:39+05:30,53501.85,0,0.0,0,0.0,0.0,53282.15,53585.15,52783.45,53710.35,0,0.0,0.0,0.0,0.0,-0.01,-1,-1,-0.01,-1,-1,-0.01,-1,-1,-0.01,-1,-1,-0.01,-1,-1,-0.01,-1,-1,-0.01,-1,-1,-0.01,-1,-1,-0.01,-1,-1,-0.01,-1,-1
99926009,2026-05-18 13:49:40+05:30,53502.8,0,0.0,0,0.0,0.0,53282.15,53585.15,52783.45,53710.35,0,0.0,0.0,0.0,0.0,-0.01,-1,-1,-0.01,-1,-1,-0.01,-1,-1,-0.01,-1,-1,-0.01,-1,-1,-0.01,-1,-1,-0.01,-1,-1,-0.01,-1,-1,-0.01,-1,-1,-0.01,-1,-1
99926009,2026-05-18 13:49:40+05:30,53501.25,0,0.0,0,0.0,0.0,53282.15,53585.15,52783.45,53710.35,0,0.0,0.0,0.0,0.0,-0.01,-1,-1,-0.01,-1,-1,-0.01,-1,-1,-0.01,-1,-1,-0.01,-1,-1,-0.01,-1,-1,-0.01,-1,-1,-0.01,-1,-1,-0.01,-1,-1,-0.01,-1,-1
99926009,2026-05-18 13:49:41+05:30,53504.35,0,0.0,0,0.0,0.0,53282.15,53585.15,52783.45,53710.35,0,0.0,0.0,0.0,0.0,-0.01,-1,-1,-0.01,-1,-1,-0.01,-1,-1,-0.01,-1,-1,-0.01,-1,-1,-0.01,-1,-1,-0.01,-1,-1,-0.01,-1,-1,-0.01,-1,-1,-0.01,-1,-1
99926009,2026-05-18 13:49:41+05:30,53502.65,0,0.0,0,0.0,0.0,53282.15,53585.15,52783.45,53710.35,0,0.0,0.0,0.0,0.0,-0.01,-1,-1,-0.01,-1,-1,-0.01,-1,-1,-0.01,-1,-1,-0.01,-1,-1,-0.01,-1,-1,-0.01,-1,-1,-0.01,-1,-1,-0.01,-1,-1,-0.01,-1,-1
99926009,2026-05-18 13:49:42+05:30,53502.25,0,0.0,0,0.0,0.0,53282.15,53585.15,52783.45,53710.35,0,0.0,0.0,0.0,0.0,-0.01,-1,-1,-0.01,-1,-1,-0.01,-1,-1,-0.01,-1,-1,-0.01,-1,-1,-0.01,-1,-1,-0.01,-1,-1,-0.01,-1,-1,-0.01,-1,-1,-0.01,-1,-1
99926009,2026-05-18 13:49:42+05:30,53504.15,0,0.0,0,0.0,0.0,53282.15,53585.15,52783.45,53710.35,0,0.0,0.0,0.0,0.0,-0.01,-1,-1,-0.01,-1,-1,-0.01,-1,-1,-0.01,-1,-1,-0.01,-1,-1,-0.01,-1,-1,-0.01,-1,-1,-0.01,-1,-1,-0.01,-1,-1,-0.01,-1,-1
99926009,2026-05-18 13:49:43+05:30,53503.5,0,0.0,0,0.0,0.0,53282.15,53585.15,52783.45,53710.35,0,0.0,0.0,0.0,0.0,-0.01,-1,-1,-0.01,-1,-1,-0.01,-1,-1,-0.01,-1,-1,-0.01,-1,-1,-0.01,-1,-1,-0.01,-1,-1,-0.01,-1,-1,-0.01,-1,-1,-0.01,-1,-1
99926009,2026-05-18 13:49:43+05:30,53502.05,0,0.0,0,0.0,0.0,53282.15,53585.15,52783.45,53710.35,0,0.0,0.0,0.0,0.0,-0.01,-1,-1,-0.01,-1,-1,-0.01,-1,-1,-0.01,-1,-1,-0.01,-1,-1,-0.01,-1,-1,-0.01,-1,-1,-0.01,-1,-1,-0.01,-1,-1,-0.01,-1,-1
99926009,2026-05-18 13:49:44+05:30,53502.25,0,0.0,0,0.0,0.0,53282.15,53585.15,52783.45,53710.35,0,0.0,0.0,0.0,0.0,-0.01,-1,-1,-0.01,-1,-1,-0.01,-1,-1,-0.01,-1,-1,-0.01,-1,-1,-0.01,-1,-1,-0.01,-1,-1,-0.01,-1,-1,-0.01,-1,-1,-0.01,-1,-1
99926009,2026-05-18 13:49:44+05:30,53504.45,0,0.0,0,0.0,0.0,53282.15,53585.15,52783.45,53710.35,0,0.0,0.0,0.0,0.0,-0.01,-1,-1,-0.01,-1,-1,-0.01,-1,-1,-0.01,-1,-1,-0.01,-1,-1,-0.01,-1,-1,-0.01,-1,-1,-0.01,-1,-1,-0.01,-1,-1,-0.01,-1,-1
99926009,2026-05-18 13:49:45+05:30,53506.3,0,0.0,0,0.0,0.0,53282.15,53585.15,52783.45,53710.35,0,0.0,0.0,0.0,0.0,-0.01,-1,-1,-0.01,-1,-1,-0.01,-1,-1,-0.01,-1,-1,-0.01,-1,-1,-0.01,-1,-1,-0.01,-1,-1,-0.01,-1,-1,-0.01,-1,-1,-0.01,-1,-1
99926009,2026-05-18 13:49:45+05:30,53506.15,0,0.0,0,0.0,0.0,53282.15,53585.15,52783.45,53710.35,0,0.0,0.0,0.0,0.0,-0.01,-1,-1,-0.01,-1,-1,-0.01,-1,-1,-0.01,-1,-1,-0.01,-1,-1,-0.01,-1,-1,-0.01,-1,-1,-0.01,-1,-1,-0.01,-1,-1,-0.01,-1,-1
99926009,2026-05-18 13:49:46+05:30,53506.3,0,0.0,0,0.0,0.0,53282.15,53585.15,52783.45,53710.35,0,0.0,0.0,0.0,0.0,-0.01,-1,-1,-0.01,-1,-1,-0.01,-1,-1,-0.01,-1,-1,-0.01,-1,-1,-0.01,-1,-1,-0.01,-1,-1,-0.01,-1,-1,-0.01,-1,-1,-0.01,-1,-1
99926009,2026-05-18 13:49:46+05:30,53505.85,0,0.0,0,0.0,0.0,53282.15,53585.15,52783.45,53710.35,0,0.0,0.0,0.0,0.0,-0.01,-1,-1,-0.01,-1,-1,-0.01,-1,-1,-0.01,-1,-1,-0.01,-1,-1,-0.01,-1,-1,-0.01,-1,-1,-0.01,-1,-1,-0.01,-1,-1,-0.01,-1,-1
99926009,2026-05-18 13:49:47+05:30,53506.15,0,0.0,0,0.0,0.0,53282.15,53585.15,52783.45,53710.35,0,0.0,0.0,0.0,0.0,-0.01,-1,-1,-0.01,-1,-1,-0.01,-1,-1,-0.01,-1,-1,-0.01,-1,-1,-0.01,-1,-1,-0.01,-1,-1,-0.01,-1,-1,-0.01,-1,-1,-0.01,-1,-1
99926009,2026-05-18 13:49:47+05:30,53506.75,0,0.0,0,0.0,0.0,53282.15,53585.15,52783.45,53710.35,0,0.0,0.0,0.0,0.0,-0.01,-1,-1,-0.01,-1,-1,-0.01,-1,-1,-0.01,-1,-1,-0.01,-1,-1,-0.01,-1,-1,-0.01,-1,-1,-0.01,-1,-1,-0.01,-1,-1,-0.01,-1,-1
99926009,2026-05-18 13:49:48+05:30,53506.4,0,0.0,0,0.0,0.0,53282.15,53585.15,52783.45,53710.35,0,0.0,0.0,0.0,0.0,-0.01,-1,-1,-0.01,-1,-1,-0.01,-1,-1,-0.01,-1,-1,-0.01,-1,-1,-0.01,-1,-1,-0.01,-1,-1,-0.01,-1,-1,-0.01,-1,-1,-0.01,-1,-1
99926009,2026-05-18 13:49:48+05:30,53507.7,0,0.0,0,0.0,0.0,53282.15,53585.15,52783.45,53710.35,0,0.0,0.0,0.0,0.0,-0.01,-1,-1,-0.01,-1,-1,-0.01,-1,-1,-0.01,-1,-1,-0.01,-1,-1,-0.01,-1,-1,-0.01,-1,-1,-0.01,-1,-1,-0.01,-1,-1,-0.01,-1,-1
99926009,2026-05-18 13:49:49+05:30,53504.65,0,0.0,0,0.0,0.0,53282.15,53585.15,52783.45,53710.35,0,0.0,0.0,0.0,0.0,-0.01,-1,-1,-0.01,-1,-1,-0.01,-1,-1,-0.01,-1,-1,-0.01,-1,-1,-0.01,-1,-1,-0.01,-1,-1,-0.01,-1,-1,-0.01,-1,-1,-0.01,-1,-1
99926009,2026-05-18 13:49:49+05:30,53504.35,0,0.0,0,0.0,0.0,53282.15,53585.15,52783.45,53710.35,0,0.0,0.0,0.0,0.0,-0.01,-1,-1,-0.01,-1,-1,-0.01,-1,-1,-0.01,-1,-1,-0.01,-1,-1,-0.01,-1,-1,-0.01,-1,-1,-0.01,-1,-1,-0.01,-1,-1,-0.01,-1,-1
99926009,2026-05-18 13:49:50+05:30,53507.3,0,0.0,0,0.0,0.0,53282.15,53585.15,52783.45,53710.35,0,0.0,0.0,0.0,0.0,-0.01,-1,-1,-0.01,-1,-1,-0.01,-1,-1,-0.01,-1,-1,-0.01,-1,-1,-0.01,-1,-1,-0.01,-1,-1,-0.01,-1,-1,-0.01,-1,-1,-0.01,-1,-1
99926009,2026-05-18 13:49:50+05:30,53506.75,0,0.0,0,0.0,0.0,53282.15,53585.15,52783.45,53710.35,0,0.0,0.0,0.0,0.0,-0.01,-1,-1,-0.01,-1,-1,-0.01,-1,-1,-0.01,-1,-1,-0.01,-1,-1,-0.01,-1,-1,-0.01,-1,-1,-0.01,-1,-1,-0.01,-1,-1,-0.01,-1,-1
99926009,2026-05-18 13:49:51+05:30,53503.5,0,0.0,0,0.0,0.0,53282.15,53585.15,52783.45,53710.35,0,0.0,0.0,0.0,0.0,-0.01,-1,-1,-0.01,-1,-1,-0.01,-1,-1,-0.01,-1,-1,-0.01,-1,-1,-0.01,-1,-1,-0.01,-1,-1,-0.01,-1,-1,-0.01,-1,-1,-0.01,-1,-1
99926009,2026-05-18 13:49:51+05:30,53506.15,0,0.0,0,0.0,0.0,53282.15,53585.15,52783.45,53710.35,0,0.0,0.0,0.0,0.0,-0.01,-1,-1,-0.01,-1,-1,-0.01,-1,-1,-0.01,-1,-1,-0.01,-1,-1,-0.01,-1,-1,-0.01,-1,-1,-0.01,-1,-1,-0.01,-1,-1,-0.01,-1,-1
99926009,2026-05-18 13:49:52+05:30,53506.3,0,0.0,0,0.0,0.0,53282.15,53585.15,52783.45,53710.35,0,0.0,0.0,0.0,0.0,-0.01,-1,-1,-0.01,-1,-1,-0.01,-1,-1,-0.01,-1,-1,-0.01,-1,-1,-0.01,-1,-1,-0.01,-1,-1,-0.01,-1,-1,-0.01,-1,-1,-0.01,-1,-1
99926009,2026-05-18 13:49:52+05:30,53507.3,0,0.0,0,0.0,0.0,53282.15,53585.15,52783.45,53710.35,0,0.0,0.0,0.0,0.0,-0.01,-1,-1,-0.01,-1,-1,-0.01,-1,-1,-0.01,-1,-1,-0.01,-1,-1,-0.01,-1,-1,-0.01,-1,-1,-0.01,-1,-1,-0.01,-1,-1,-0.01,-1,-1
99926009,2026-05-18 13:49:53+05:30,53507.85,0,0.0,0,0.0,0.0,53282.15,53585.15,52783.45,53710.35,0,0.0,0.0,0.0,0.0,-0.01,-1,-1,-0.01,-1,-1,-0.01,-1,-1,-0.01,-1,-1,-0.01,-1,-1,-0.01,-1,-1,-0.01,-1,-1,-0.01,-1,-1,-0.01,-1,-1,-0.01,-1,-1
99926009,2026-05-18 13:49:53+05:30,53506.65,0,0.0,0,0.0,0.0,53282.15,53585.15,52783.45,53710.35,0,0.0,0.0,0.0,0.0,-0.01,-1,-1,-0.01,-1,-1,-0.01,-1,-1,-0.01,-1,-1,-0.01,-1,-1,-0.01,-1,-1,-0.01,-1,-1,-0.01,-1,-1,-0.01,-1,-1,-0.01,-1,-1
99926009,2026-05-18 13:49:54+05:30,53507.8,0,0.0,0,0.0,0.0,53282.15,53585.15,52783.45,53710.35,0,0.0,0.0,0.0,0.0,-0.01,-1,-1,-0.01,-1,-1,-0.01,-1,-1,-0.01,-1,-1,-0.01,-1,-1,-0.01,-1,-1,-0.01,-1,-1,-0.01,-1,-1,-0.01,-1,-1,-0.01,-1,-1
99926009,2026-05-18 13:49:54+05:30,53508.45,0,0.0,0,0.0,0.0,53282.15,53585.15,52783.45,53710.35,0,0.0,0.0,0.0,0.0,-0.01,-1,-1,-0.01,-1,-1,-0.01,-1,-1,-0.01,-1,-1,-0.01,-1,-1,-0.01,-1,-1,-0.01,-1,-1,-0.01,-1,-1,-0.01,-1,-1,-0.01,-1,-1
99926009,2026-05-18 13:49:55+05:30,53510.4,0,0.0,0,0.0,0.0,53282.15,53585.15,52783.45,53710.35,0,0.0,0.0,0.0,0.0,-0.01,-1,-1,-0.01,-1,-1,-0.01,-1,-1,-0.01,-1,-1,-0.01,-1,-1,-0.01,-1,-1,-0.01,-1,-1,-0.01,-1,-1,-0.01,-1,-1,-0.01,-1,-1
99926009,2026-05-18 13:49:55+05:30,53507.75,0,0.0,0,0.0,0.0,53282.15,53585.15,52783.45,53710.35,0,0.0,0.0,0.0,0.0,-0.01,-1,-1,-0.01,-1,-1,-0.01,-1,-1,-0.01,-1,-1,-0.01,-1,-1,-0.01,-1,-1,-0.01,-1,-1,-0.01,-1,-1,-0.01,-1,-1,-0.01,-1,-1
99926009,2026-05-18 13:49:56+05:30,53511.6,0,0.0,0,0.0,0.0,53282.15,53585.15,52783.45,53710.35,0,0.0,0.0,0.0,0.0,-0.01,-1,-1,-0.01,-1,-1,-0.01,-1,-1,-0.01,-1,-1,-0.01,-1,-1,-0.01,-1,-1,-0.01,-1,-1,-0.01,-1,-1,-0.01,-1,-1,-0.01,-1,-1
99926009,2026-05-18 13:49:56+05:30,53508.15,0,0.0,0,0.0,0.0,53282.15,53585.15,52783.45,53710.35,0,0.0,0.0,0.0,0.0,-0.01,-1,-1,-0.01,-1,-1,-0.01,-1,-1,-0.01,-1,-1,-0.01,-1,-1,-0.01,-1,-1,-0.01,-1,-1,-0.01,-1,-1,-0.01,-1,-1,-0.01,-1,-1
99926009,2026-05-18 13:49:57+05:30,53507.85,0,0.0,0,0.0,0.0,53282.15,53585.15,52783.45,53710.35,0,0.0,0.0,0.0,0.0,-0.01,-1,-1,-0.01,-1,-1,-0.01,-1,-1,-0.01,-1,-1,-0.01,-1,-1,-0.01,-1,-1,-0.01,-1,-1,-0.01,-1,-1,-0.01,-1,-1,-0.01,-1,-1
99926009,2026-05-18 13:49:57+05:30,53510.05,0,0.0,0,0.0,0.0,53282.15,53585.15,52783.45,53710.35,0,0.0,0.0,0.0,0.0,-0.01,-1,-1,-0.01,-1,-1,-0.01,-1,-1,-0.01,-1,-1,-0.01,-1,-1,-0.01,-1,-1,-0.01,-1,-1,-0.01,-1,-1,-0.01,-1,-1,-0.01,-1,-1
99926009,2026-05-18 13:49:58+05:30,53510.25,0,0.0,0,0.0,0.0,53282.15,53585.15,52783.45,53710.35,0,0.0,0.0,0.0,0.0,-0.01,-1,-1,-0.01,-1,-1,-0.01,-1,-1,-0.01,-1,-1,-0.01,-1,-1,-0.01,-1,-1,-0.01,-1,-1,-0.01,-1,-1,-0.01,-1,-1,-0.01,-1,-1
99926009,2026-05-18 13:49:58+05:30,53509.4,0,0.0,0,0.0,0.0,53282.15,53585.15,52783.45,53710.35,0,0.0,0.0,0.0,0.0,-0.01,-1,-1,-0.01,-1,-1,-0.01,-1,-1,-0.01,-1,-1,-0.01,-1,-1,-0.01,-1,-1,-0.01,-1,-1,-0.01,-1,-1,-0.01,-1,-1,-0.01,-1,-1
99926009,2026-05-18 13:49:59+05:30,53509.4,0,0.0,0,0.0,0.0,53282.15,53585.15,52783.45,53710.35,0,0.0,0.0,0.0,0.0,-0.01,-1,-1,-0.01,-1,-1,-0.01,-1,-1,-0.01,-1,-1,-0.01,-1,-1,-0.01,-1,-1,-0.01,-1,-1,-0.01,-1,-1,-0.01,-1,-1,-0.01,-1,-1
99926009,2026-05-18 13:49:59+05:30,53509.25,0,0.0,0,0.0,0.0,53282.15,53585.15,52783.45,53710.35,0,0.0,0.0,0.0,0.0,-0.01,-1,-1,-0.01,-1,-1,-0.01,-1,-1,-0.01,-1,-1,-0.01,-1,-1,-0.01,-1,-1,-0.01,-1,-1,-0.01,-1,-1,-0.01,-1,-1,-0.01,-1,-1
99926009,2026-05-18 13:50:00+05:30,53512.6,0,0.0,0,0.0,0.0,53282.15,53585.15,52783.45,53710.35,0,0.0,0.0,0.0,0.0,-0.01,-1,-1,-0.01,-1,-1,-0.01,-1,-1,-0.01,-1,-1,-0.01,-1,-1,-0.01,-1,-1,-0.01,-1,-1,-0.01,-1,-1,-0.01,-1,-1,-0.01,-1,-1
99926009,2026-05-18 13:50:00+05:30,53512.8,0,0.0,0,0.0,0.0,53282.15,53585.15,52783.45,53710.35,0,0.0,0.0,0.0,0.0,-0.01,-1,-1,-0.01,-1,-1,-0.01,-1,-1,-0.01,-1,-1,-0.01,-1,-1,-0.01,-1,-1,-0.01,-1,-1,-0.01,-1,-1,-0.01,-1,-1,-0.01,-1,-1
99926009,2026-05-18 13:50:01+05:30,53516.5,0,0.0,0,0.0,0.0,53282.15,53585.15,52783.45,53710.35,0,0.0,0.0,0.0,0.0,-0.01,-1,-1,-0.01,-1,-1,-0.01,-1,-1,-0.01,-1,-1,-0.01,-1,-1,-0.01,-1,-1,-0.01,-1,-1,-0.01,-1,-1,-0.01,-1,-1,-0.01,-1,-1
99926009,2026-05-18 13:50:01+05:30,53512.95,0,0.0,0,0.0,0.0,53282.15,53585.15,52783.45,53710.35,0,0.0,0.0,0.0,0.0,-0.01,-1,-1,-0.01,-1,-1,-0.01,-1,-1,-0.01,-1,-1,-0.01,-1,-1,-0.01,-1,-1,-0.01,-1,-1,-0.01,-1,-1,-0.01,-1,-1,-0.01,-1,-1
99926009,2026-05-18 13:50:02+05:30,53512.55,0,0.0,0,0.0,0.0,53282.15,53585.15,52783.45,53710.35,0,0.0,0.0,0.0,0.0,-0.01,-1,-1,-0.01,-1,-1,-0.01,-1,-1,-0.01,-1,-1,-0.01,-1,-1,-0.01,-1,-1,-0.01,-1,-1,-0.01,-1,-1,-0.01,-1,-1,-0.01,-1,-1
99926009,2026-05-18 13:50:02+05:30,53512.5,0,0.0,0,0.0,0.0,53282.15,53585.15,52783.45,53710.35,0,0.0,0.0,0.0,0.0,-0.01,-1,-1,-0.01,-1,-1,-0.01,-1,-1,-0.01,-1,-1,-0.01,-1,-1,-0.01,-1,-1,-0.01,-1,-1,-0.01,-1,-1,-0.01,-1,-1,-0.01,-1,-1
99926009,2026-05-18 13:50:03+05:30,53514.75,0,0.0,0,0.0,0.0,53282.15,53585.15,52783.45,53710.35,0,0.0,0.0,0.0,0.0,-0.01,-1,-1,-0.01,-1,-1,-0.01,-1,-1,-0.01,-1,-1,-0.01,-1,-1,-0.01,-1,-1,-0.01,-1,-1,-0.01,-1,-1,-0.01,-1,-1,-0.01,-1,-1
99926009,2026-05-18 13:50:03+05:30,53514.3,0,0.0,0,0.0,0.0,53282.15,53585.15,52783.45,53710.35,0,0.0,0.0,0.0,0.0,-0.01,-1,-1,-0.01,-1,-1,-0.01,-1,-1,-0.01,-1,-1,-0.01,-1,-1,-0.01,-1,-1,-0.01,-1,-1,-0.01,-1,-1,-0.01,-1,-1,-0.01,-1,-1
99926009,2026-05-18 13:50:04+05:30,53511.6,0,0.0,0,0.0,0.0,53282.15,53585.15,52783.45,53710.35,0,0.0,0.0,0.0,0.0,-0.01,-1,-1,-0.01,-1,-1,-0.01,-1,-1,-0.01,-1,-1,-0.01,-1,-1,-0.01,-1,-1,-0.01,-1,-1,-0.01,-1,-1,-0.01,-1,-1,-0.01,-1,-1
99926009,2026-05-18 13:50:04+05:30,53511.6,0,0.0,0,0.0,0.0,53282.15,53585.15,52783.45,53710.35,0,0.0,0.0,0.0,0.0,-0.01,-1,-1,-0.01,-1,-1,-0.01,-1,-1,-0.01,-1,-1,-0.01,-1,-1,-0.01,-1,-1,-0.01,-1,-1,-0.01,-1,-1,-0.01,-1,-1,-0.01,-1,-1
99926009,2026-05-18 13:50:05+05:30,53514.85,0,0.0,0,0.0,0.0,53282.15,53585.15,52783.45,53710.35,0,0.0,0.0,0.0,0.0,-0.01,-1,-1,-0.01,-1,-1,-0.01,-1,-1,-0.01,-1,-1,-0.01,-1,-1,-0.01,-1,-1,-0.01,-1,-1,-0.01,-1,-1,-0.01,-1,-1,-0.01,-1,-1
99926009,2026-05-18 13:50:05+05:30,53510.7,0,0.0,0,0.0,0.0,53282.15,53585.15,52783.45,53710.35,0,0.0,0.0,0.0,0.0,-0.01,-1,-1,-0.01,-1,-1,-0.01,-1,-1,-0.01,-1,-1,-0.01,-1,-1,-0.01,-1,-1,-0.01,-1,-1,-0.01,-1,-1,-0.01,-1,-1,-0.01,-1,-1
99926009,2026-05-18 13:50:06+05:30,53514.7,0,0.0,0,0.0,0.0,53282.15,53585.15,52783.45,53710.35,0,0.0,0.0,0.0,0.0,-0.01,-1,-1,-0.01,-1,-1,-0.01,-1,-1,-0.01,-1,-1,-0.01,-1,-1,-0.01,-1,-1,-0.01,-1,-1,-0.01,-1,-1,-0.01,-1,-1,-0.01,-1,-1
99926009,2026-05-18 13:50:06+05:30,53513.85,0,0.0,0,0.0,0.0,53282.15,53585.15,52783.45,53710.35,0,0.0,0.0,0.0,0.0,-0.01,-1,-1,-0.01,-1,-1,-0.01,-1,-1,-0.01,-1,-1,-0.01,-1,-1,-0.01,-1,-1,-0.01,-1,-1,-0.01,-1,-1,-0.01,-1,-1,-0.01,-1,-1
99926009,2026-05-18 13:50:07+05:30,53506.65,0,0.0,0,0.0,0.0,53282.15,53585.15,52783.45,53710.35,0,0.0,0.0,0.0,0.0,-0.01,-1,-1,-0.01,-1,-1,-0.01,-1,-1,-0.01,-1,-1,-0.01,-1,-1,-0.01,-1,-1,-0.01,-1,-1,-0.01,-1,-1,-0.01,-1,-1,-0.01,-1,-1
99926009,2026-05-18 13:50:07+05:30,53511.2,0,0.0,0,0.0,0.0,53282.15,53585.15,52783.45,53710.35,0,0.0,0.0,0.0,0.0,-0.01,-1,-1,-0.01,-1,-1,-0.01,-1,-1,-0.01,-1,-1,-0.01,-1,-1,-0.01,-1,-1,-0.01,-1,-1,-0.01,-1,-1,-0.01,-1,-1,-0.01,-1,-1
99926009,2026-05-18 13:50:08+05:30,53508.6,0,0.0,0,0.0,0.0,53282.15,53585.15,52783.45,53710.35,0,0.0,0.0,0.0,0.0,-0.01,-1,-1,-0.01,-1,-1,-0.01,-1,-1,-0.01,-1,-1,-0.01,-1,-1,-0.01,-1,-1,-0.01,-1,-1,-0.01,-1,-1,-0.01,-1,-1,-0.01,-1,-1
99926009,2026-05-18 13:50:08+05:30,53509.4,0,0.0,0,0.0,0.0,53282.15,53585.15,52783.45,53710.35,0,0.0,0.0,0.0,0.0,-0.01,-1,-1,-0.01,-1,-1,-0.01,-1,-1,-0.01,-1,-1,-0.01,-1,-1,-0.01,-1,-1,-0.01,-1,-1,-0.01,-1,-1,-0.01,-1,-1,-0.01,-1,-1
99926009,2026-05-18 13:50:09+05:30,53510.4,0,0.0,0,0.0,0.0,53282.15,53585.15,52783.45,53710.35,0,0.0,0.0,0.0,0.0,-0.01,-1,-1,-0.01,-1,-1,-0.01,-1,-1,-0.01,-1,-1,-0.01,-1,-1,-0.01,-1,-1,-0.01,-1,-1,-0.01,-1,-1,-0.01,-1,-1,-0.01,-1,-1
99926009,2026-05-18 13:50:09+05:30,53509.75,0,0.0,0,0.0,0.0,53282.15,53585.15,52783.45,53710.35,0,0.0,0.0,0.0,0.0,-0.01,-1,-1,-0.01,-1,-1,-0.01,-1,-1,-0.01,-1,-1,-0.01,-1,-1,-0.01,-1,-1,-0.01,-1,-1,-0.01,-1,-1,-0.01,-1,-1,-0.01,-1,-1
99926009,2026-05-18 13:50:10+05:30,53511.45,0,0.0,0,0.0,0.0,53282.15,53585.15,52783.45,53710.35,0,0.0,0.0,0.0,0.0,-0.01,-1,-1,-0.01,-1,-1,-0.01,-1,-1,-0.01,-1,-1,-0.01,-1,-1,-0.01,-1,-1,-0.01,-1,-1,-0.01,-1,-1,-0.01,-1,-1,-0.01,-1,-1
99926009,2026-05-18 13:50:10+05:30,53509.5,0,0.0,0,0.0,0.0,53282.15,53585.15,52783.45,53710.35,0,0.0,0.0,0.0,0.0,-0.01,-1,-1,-0.01,-1,-1,-0.01,-1,-1,-0.01,-1,-1,-0.01,-1,-1,-0.01,-1,-1,-0.01,-1,-1,-0.01,-1,-1,-0.01,-1,-1,-0.01,-1,-1
99926009,2026-05-18 13:50:11+05:30,53514.55,0,0.0,0,0.0,0.0,53282.15,53585.15,52783.45,53710.35,0,0.0,0.0,0.0,0.0,-0.01,-1,-1,-0.01,-1,-1,-0.01,-1,-1,-0.01,-1,-1,-0.01,-1,-1,-0.01,-1,-1,-0.01,-1,-1,-0.01,-1,-1,-0.01,-1,-1,-0.01,-1,-1
99926009,2026-05-18 13:50:11+05:30,53512.2,0,0.0,0,0.0,0.0,53282.15,53585.15,52783.45,53710.35,0,0.0,0.0,0.0,0.0,-0.01,-1,-1,-0.01,-1,-1,-0.01,-1,-1,-0.01,-1,-1,-0.01,-1,-1,-0.01,-1,-1,-0.01,-1,-1,-0.01,-1,-1,-0.01,-1,-1,-0.01,-1,-1
99926009,2026-05-18 13:50:12+05:30,53512.05,0,0.0,0,0.0,0.0,53282.15,53585.15,52783.45,53710.35,0,0.0,0.0,0.0,0.0,-0.01,-1,-1,-0.01,-1,-1,-0.01,-1,-1,-0.01,-1,-1,-0.01,-1,-1,-0.01,-1,-1,-0.01,-1,-1,-0.01,-1,-1,-0.01,-1,-1,-0.01,-1,-1
99926009,2026-05-18 13:50:12+05:30,53512.5,0,0.0,0,0.0,0.0,53282.15,53585.15,52783.45,53710.35,0,0.0,0.0,0.0,0.0,-0.01,-1,-1,-0.01,-1,-1,-0.01,-1,-1,-0.01,-1,-1,-0.01,-1,-1,-0.01,-1,-1,-0.01,-1,-1,-0.01,-1,-1,-0.01,-1,-1,-0.01,-1,-1
99926009,2026-05-18 13:50:13+05:30,53512.7,0,0.0,0,0.0,0.0,53282.15,53585.15,52783.45,53710.35,0,0.0,0.0,0.0,0.0,-0.01,-1,-1,-0.01,-1,-1,-0.01,-1,-1,-0.01,-1,-1,-0.01,-1,-1,-0.01,-1,-1,-0.01,-1,-1,-0.01,-1,-1,-0.01,-1,-1,-0.01,-1,-1
99926009,2026-05-18 13:50:13+05:30,53511.7,0,0.0,0,0.0,0.0,53282.15,53585.15,52783.45,53710.35,0,0.0,0.0,0.0,0.0,-0.01,-1,-1,-0.01,-1,-1,-0.01,-1,-1,-0.01,-1,-1,-0.01,-1,-1,-0.01,-1,-1,-0.01,-1,-1,-0.01,-1,-1,-0.01,-1,-1,-0.01,-1,-1
99926009,2026-05-18 13:50:14+05:30,53510.3,0,0.0,0,0.0,0.0,53282.15,53585.15,52783.45,53710.35,0,0.0,0.0,0.0,0.0,-0.01,-1,-1,-0.01,-1,-1,-0.01,-1,-1,-0.01,-1,-1,-0.01,-1,-1,-0.01,-1,-1,-0.01,-1,-1,-0.01,-1,-1,-0.01,-1,-1,-0.01,-1,-1
99926009,2026-05-18 13:50:14+05:30,53509.5,0,0.0,0,0.0,0.0,53282.15,53585.15,52783.45,53710.35,0,0.0,0.0,0.0,0.0,-0.01,-1,-1,-0.01,-1,-1,-0.01,-1,-1,-0.01,-1,-1,-0.01,-1,-1,-0.01,-1,-1,-0.01,-1,-1,-0.01,-1,-1,-0.01,-1,-1,-0.01,-1,-1
99926009,2026-05-18 13:50:15+05:30,53511.4,0,0.0,0,0.0,0.0,53282.15,53585.15,52783.45,53710.35,0,0.0,0.0,0.0,0.0,-0.01,-1,-1,-0.01,-1,-1,-0.01,-1,-1,-0.01,-1,-1,-0.01,-1,-1,-0.01,-1,-1,-0.01,-1,-1,-0.01,-1,-1,-0.01,-1,-1,-0.01,-1,-1
99926009,2026-05-18 13:50:15+05:30,53510.75,0,0.0,0,0.0,0.0,53282.15,53585.15,52783.45,53710.35,0,0.0,0.0,0.0,0.0,-0.01,-1,-1,-0.01,-1,-1,-0.01,-1,-1,-0.01,-1,-1,-0.01,-1,-1,-0.01,-1,-1,-0.01,-1,-1,-0.01,-1,-1,-0.01,-1,-1,-0.01,-1,-1
99926009,2026-05-18 13:50:16+05:30,53513.85,0,0.0,0,0.0,0.0,53282.15,53585.15,52783.45,53710.35,0,0.0,0.0,0.0,0.0,-0.01,-1,-1,-0.01,-1,-1,-0.01,-1,-1,-0.01,-1,-1,-0.01,-1,-1,-0.01,-1,-1,-0.01,-1,-1,-0.01,-1,-1,-0.01,-1,-1,-0.01,-1,-1
99926009,2026-05-18 13:50:16+05:30,53512.05,0,0.0,0,0.0,0.0,53282.15,53585.15,52783.45,53710.35,0,0.0,0.0,0.0,0.0,-0.01,-1,-1,-0.01,-1,-1,-0.01,-1,-1,-0.01,-1,-1,-0.01,-1,-1,-0.01,-1,-1,-0.01,-1,-1,-0.01,-1,-1,-0.01,-1,-1,-0.01,-1,-1
99926009,2026-05-18 13:50:17+05:30,53509.85,0,0.0,0,0.0,0.0,53282.15,53585.15,52783.45,53710.35,0,0.0,0.0,0.0,0.0,-0.01,-1,-1,-0.01,-1,-1,-0.01,-1,-1,-0.01,-1,-1,-0.01,-1,-1,-0.01,-1,-1,-0.01,-1,-1,-0.01,-1,-1,-0.01,-1,-1,-0.01,-1,-1
99926009,2026-05-18 13:50:17+05:30,53510.75,0,0.0,0,0.0,0.0,53282.15,53585.15,52783.45,53710.35,0,0.0,0.0,0.0,0.0,-0.01,-1,-1,-0.01,-1,-1,-0.01,-1,-1,-0.01,-1,-1,-0.01,-1,-1,-0.01,-1,-1,-0.01,-1,-1,-0.01,-1,-1,-0.01,-1,-1,-0.01,-1,-1
99926009,2026-05-18 13:50:18+05:30,53509.4,0,0.0,0,0.0,0.0,53282.15,53585.15,52783.45,53710.35,0,0.0,0.0,0.0,0.0,-0.01,-1,-1,-0.01,-1,-1,-0.01,-1,-1,-0.01,-1,-1,-0.01,-1,-1,-0.01,-1,-1,-0.01,-1,-1,-0.01,-1,-1,-0.01,-1,-1,-0.01,-1,-1
99926009,2026-05-18 13:50:18+05:30,53508.55,0,0.0,0,0.0,0.0,53282.15,53585.15,52783.45,53710.35,0,0.0,0.0,0.0,0.0,-0.01,-1,-1,-0.01,-1,-1,-0.01,-1,-1,-0.01,-1,-1,-0.01,-1,-1,-0.01,-1,-1,-0.01,-1,-1,-0.01,-1,-1,-0.01,-1,-1,-0.01,-1,-1
99926009,2026-05-18 13:50:19+05:30,53507.75,0,0.0,0,0.0,0.0,53282.15,53585.15,52783.45,53710.35,0,0.0,0.0,0.0,0.0,-0.01,-1,-1,-0.01,-1,-1,-0.01,-1,-1,-0.01,-1,-1,-0.01,-1,-1,-0.01,-1,-1,-0.01,-1,-1,-0.01,-1,-1,-0.01,-1,-1,-0.01,-1,-1
99926009,2026-05-18 13:50:19+05:30,53512.4,0,0.0,0,0.0,0.0,53282.15,53585.15,52783.45,53710.35,0,0.0,0.0,0.0,0.0,-0.01,-1,-1,-0.01,-1,-1,-0.01,-1,-1,-0.01,-1,-1,-0.01,-1,-1,-0.01,-1,-1,-0.01,-1,-1,-0.01,-1,-1,-0.01,-1,-1,-0.01,-1,-1
99926009,2026-05-18 13:50:20+05:30,53512.9,0,0.0,0,0.0,0.0,53282.15,53585.15,52783.45,53710.35,0,0.0,0.0,0.0,0.0,-0.01,-1,-1,-0.01,-1,-1,-0.01,-1,-1,-0.01,-1,-1,-0.01,-1,-1,-0.01,-1,-1,-0.01,-1,-1,-0.01,-1,-1,-0.01,-1,-1,-0.01,-1,-1
99926009,2026-05-18 13:50:20+05:30,53509.3,0,0.0,0,0.0,0.0,53282.15,53585.15,52783.45,53710.35,0,0.0,0.0,0.0,0.0,-0.01,-1,-1,-0.01,-1,-1,-0.01,-1,-1,-0.01,-1,-1,-0.01,-1,-1,-0.01,-1,-1,-0.01,-1,-1,-0.01,-1,-1,-0.01,-1,-1,-0.01,-1,-1
99926009,2026-05-18 13:50:21+05:30,53512.5,0,0.0,0,0.0,0.0,53282.15,53585.15,52783.45,53710.35,0,0.0,0.0,0.0,0.0,-0.01,-1,-1,-0.01,-1,-1,-0.01,-1,-1,-0.01,-1,-1,-0.01,-1,-1,-0.01,-1,-1,-0.01,-1,-1,-0.01,-1,-1,-0.01,-1,-1,-0.01,-1,-1
99926009,2026-05-18 13:50:21+05:30,53509.4,0,0.0,0,0.0,0.0,53282.15,53585.15,52783.45,53710.35,0,0.0,0.0,0.0,0.0,-0.01,-1,-1,-0.01,-1,-1,-0.01,-1,-1,-0.01,-1,-1,-0.01,-1,-1,-0.01,-1,-1,-0.01,-1,-1,-0.01,-1,-1,-0.01,-1,-1,-0.01,-1,-1
99926009,2026-05-18 13:50:22+05:30,53509.6,0,0.0,0,0.0,0.0,53282.15,53585.15,52783.45,53710.35,0,0.0,0.0,0.0,0.0,-0.01,-1,-1,-0.01,-1,-1,-0.01,-1,-1,-0.01,-1,-1,-0.01,-1,-1,-0.01,-1,-1,-0.01,-1,-1,-0.01,-1,-1,-0.01,-1,-1,-0.01,-1,-1
99926009,2026-05-18 13:50:22+05:30,53506.25,0,0.0,0,0.0,0.0,53282.15,53585.15,52783.45,53710.35,0,0.0,0.0,0.0,0.0,-0.01,-1,-1,-0.01,-1,-1,-0.01,-1,-1,-0.01,-1,-1,-0.01,-1,-1,-0.01,-1,-1,-0.01,-1,-1,-0.01,-1,-1,-0.01,-1,-1,-0.01,-1,-1
99926009,2026-05-18 13:50:23+05:30,53506.4,0,0.0,0,0.0,0.0,53282.15,53585.15,52783.45,53710.35,0,0.0,0.0,0.0,0.0,-0.01,-1,-1,-0.01,-1,-1,-0.01,-1,-1,-0.01,-1,-1,-0.01,-1,-1,-0.01,-1,-1,-0.01,-1,-1,-0.01,-1,-1,-0.01,-1,-1,-0.01,-1,-1
99926009,2026-05-18 13:50:23+05:30,53504.85,0,0.0,0,0.0,0.0,53282.15,53585.15,52783.45,53710.35,0,0.0,0.0,0.0,0.0,-0.01,-1,-1,-0.01,-1,-1,-0.01,-1,-1,-0.01,-1,-1,-0.01,-1,-1,-0.01,-1,-1,-0.01,-1,-1,-0.01,-1,-1,-0.01,-1,-1,-0.01,-1,-1
99926009,2026-05-18 13:50:24+05:30,53505.7,0,0.0,0,0.0,0.0,53282.15,53585.15,52783.45,53710.35,0,0.0,0.0,0.0,0.0,-0.01,-1,-1,-0.01,-1,-1,-0.01,-1,-1,-0.01,-1,-1,-0.01,-1,-1,-0.01,-1,-1,-0.01,-1,-1,-0.01,-1,-1,-0.01,-1,-1,-0.01,-1,-1
99926009,2026-05-18 13:50:24+05:30,53507.9,0,0.0,0,0.0,0.0,53282.15,53585.15,52783.45,53710.35,0,0.0,0.0,0.0,0.0,-0.01,-1,-1,-0.01,-1,-1,-0.01,-1,-1,-0.01,-1,-1,-0.01,-1,-1,-0.01,-1,-1,-0.01,-1,-1,-0.01,-1,-1,-0.01,-1,-1,-0.01,-1,-1
99926009,2026-05-18 13:50:25+05:30,53510.35,0,0.0,0,0.0,0.0,53282.15,53585.15,52783.45,53710.35,0,0.0,0.0,0.0,0.0,-0.01,-1,-1,-0.01,-1,-1,-0.01,-1,-1,-0.01,-1,-1,-0.01,-1,-1,-0.01,-1,-1,-0.01,-1,-1,-0.01,-1,-1,-0.01,-1,-1,-0.01,-1,-1
99926009,2026-05-18 13:50:25+05:30,53508.4,0,0.0,0,0.0,0.0,53282.15,53585.15,52783.45,53710.35,0,0.0,0.0,0.0,0.0,-0.01,-1,-1,-0.01,-1,-1,-0.01,-1,-1,-0.01,-1,-1,-0.01,-1,-1,-0.01,-1,-1,-0.01,-1,-1,-0.01,-1,-1,-0.01,-1,-1,-0.01,-1,-1
99926009,2026-05-18 13:50:26+05:30,53509.15,0,0.0,0,0.0,0.0,53282.15,53585.15,52783.45,53710.35,0,0.0,0.0,0.0,0.0,-0.01,-1,-1,-0.01,-1,-1,-0.01,-1,-1,-0.01,-1,-1,-0.01,-1,-1,-0.01,-1,-1,-0.01,-1,-1,-0.01,-1,-1,-0.01,-1,-1,-0.01,-1,-1
99926009,2026-05-18 13:50:26+05:30,53507.75,0,0.0,0,0.0,0.0,53282.15,53585.15,52783.45,53710.35,0,0.0,0.0,0.0,0.0,-0.01,-1,-1,-0.01,-1,-1,-0.01,-1,-1,-0.01,-1,-1,-0.01,-1,-1,-0.01,-1,-1,-0.01,-1,-1,-0.01,-1,-1,-0.01,-1,-1,-0.01,-1,-1
99926009,2026-05-18 13:50:27+05:30,53507.2,0,0.0,0,0.0,0.0,53282.15,53585.15,52783.45,53710.35,0,0.0,0.0,0.0,0.0,-0.01,-1,-1,-0.01,-1,-1,-0.01,-1,-1,-0.01,-1,-1,-0.01,-1,-1,-0.01,-1,-1,-0.01,-1,-1,-0.01,-1,-1,-0.01,-1,-1,-0.01,-1,-1
99926009,2026-05-18 13:50:27+05:30,53507.2,0,0.0,0,0.0,0.0,53282.15,53585.15,52783.45,53710.35,0,0.0,0.0,0.0,0.0,-0.01,-1,-1,-0.01,-1,-1,-0.01,-1,-1,-0.01,-1,-1,-0.01,-1,-1,-0.01,-1,-1,-0.01,-1,-1,-0.01,-1,-1,-0.01,-1,-1,-0.01,-1,-1
99926009,2026-05-18 13:50:28+05:30,53508.05,0,0.0,0,0.0,0.0,53282.15,53585.15,52783.45,53710.35,0,0.0,0.0,0.0,0.0,-0.01,-1,-1,-0.01,-1,-1,-0.01,-1,-1,-0.01,-1,-1,-0.01,-1,-1,-0.01,-1,-1,-0.01,-1,-1,-0.01,-1,-1,-0.01,-1,-1,-0.01,-1,-1
99926009,2026-05-18 13:50:28+05:30,53509.2,0,0.0,0,0.0,0.0,53282.15,53585.15,52783.45,53710.35,0,0.0,0.0,0.0,0.0,-0.01,-1,-1,-0.01,-1,-1,-0.01,-1,-1,-0.01,-1,-1,-0.01,-1,-1,-0.01,-1,-1,-0.01,-1,-1,-0.01,-1,-1,-0.01,-1,-1,-0.01,-1,-1
99926009,2026-05-18 13:50:29+05:30,53507.15,0,0.0,0,0.0,0.0,53282.15,53585.15,52783.45,53710.35,0,0.0,0.0,0.0,0.0,-0.01,-1,-1,-0.01,-1,-1,-0.01,-1,-1,-0.01,-1,-1,-0.01,-1,-1,-0.01,-1,-1,-0.01,-1,-1,-0.01,-1,-1,-0.01,-1,-1,-0.01,-1,-1
99926009,2026-05-18 13:50:29+05:30,53509.55,0,0.0,0,0.0,0.0,53282.15,53585.15,52783.45,53710.35,0,0.0,0.0,0.0,0.0,-0.01,-1,-1,-0.01,-1,-1,-0.01,-1,-1,-0.01,-1,-1,-0.01,-1,-1,-0.01,-1,-1,-0.01,-1,-1,-0.01,-1,-1,-0.01,-1,-1,-0.01,-1,-1
99926009,2026-05-18 13:50:30+05:30,53509.25,0,0.0,0,0.0,0.0,53282.15,53585.15,52783.45,53710.35,0,0.0,0.0,0.0,0.0,-0.01,-1,-1,-0.01,-1,-1,-0.01,-1,-1,-0.01,-1,-1,-0.01,-1,-1,-0.01,-1,-1,-0.01,-1,-1,-0.01,-1,-1,-0.01,-1,-1,-0.01,-1,-1
99926009,2026-05-18 13:50:30+05:30,53507.85,0,0.0,0,0.0,0.0,53282.15,53585.15,52783.45,53710.35,0,0.0,0.0,0.0,0.0,-0.01,-1,-1,-0.01,-1,-1,-0.01,-1,-1,-0.01,-1,-1,-0.01,-1,-1,-0.01,-1,-1,-0.01,-1,-1,-0.01,-1,-1,-0.01,-1,-1,-0.01,-1,-1
99926009,2026-05-18 13:50:31+05:30,53509.4,0,0.0,0,0.0,0.0,53282.15,53585.15,52783.45,53710.35,0,0.0,0.0,0.0,0.0,-0.01,-1,-1,-0.01,-1,-1,-0.01,-1,-1,-0.01,-1,-1,-0.01,-1,-1,-0.01,-1,-1,-0.01,-1,-1,-0.01,-1,-1,-0.01,-1,-1,-0.01,-1,-1
99926009,2026-05-18 13:50:31+05:30,53508.25,0,0.0,0,0.0,0.0,53282.15,53585.15,52783.45,53710.35,0,0.0,0.0,0.0,0.0,-0.01,-1,-1,-0.01,-1,-1,-0.01,-1,-1,-0.01,-1,-1,-0.01,-1,-1,-0.01,-1,-1,-0.01,-1,-1,-0.01,-1,-1,-0.01,-1,-1,-0.01,-1,-1
99926009,2026-05-18 13:50:32+05:30,53509.0,0,0.0,0,0.0,0.0,53282.15,53585.15,52783.45,53710.35,0,0.0,0.0,0.0,0.0,-0.01,-1,-1,-0.01,-1,-1,-0.01,-1,-1,-0.01,-1,-1,-0.01,-1,-1,-0.01,-1,-1,-0.01,-1,-1,-0.01,-1,-1,-0.01,-1,-1,-0.01,-1,-1
99926009,2026-05-18 13:50:32+05:30,53509.2,0,0.0,0,0.0,0.0,53282.15,53585.15,52783.45,53710.35,0,0.0,0.0,0.0,0.0,-0.01,-1,-1,-0.01,-1,-1,-0.01,-1,-1,-0.01,-1,-1,-0.01,-1,-1,-0.01,-1,-1,-0.01,-1,-1,-0.01,-1,-1,-0.01,-1,-1,-0.01,-1,-1
99926009,2026-05-18 13:50:33+05:30,53510.75,0,0.0,0,0.0,0.0,53282.15,53585.15,52783.45,53710.35,0,0.0,0.0,0.0,0.0,-0.01,-1,-1,-0.01,-1,-1,-0.01,-1,-1,-0.01,-1,-1,-0.01,-1,-1,-0.01,-1,-1,-0.01,-1,-1,-0.01,-1,-1,-0.01,-1,-1,-0.01,-1,-1
99926009,2026-05-18 13:50:33+05:30,53509.5,0,0.0,0,0.0,0.0,53282.15,53585.15,52783.45,53710.35,0,0.0,0.0,0.0,0.0,-0.01,-1,-1,-0.01,-1,-1,-0.01,-1,-1,-0.01,-1,-1,-0.01,-1,-1,-0.01,-1,-1,-0.01,-1,-1,-0.01,-1,-1,-0.01,-1,-1,-0.01,-1,-1
99926009,2026-05-18 13:50:34+05:30,53507.65,0,0.0,0,0.0,0.0,53282.15,53585.15,52783.45,53710.35,0,0.0,0.0,0.0,0.0,-0.01,-1,-1,-0.01,-1,-1,-0.01,-1,-1,-0.01,-1,-1,-0.01,-1,-1,-0.01,-1,-1,-0.01,-1,-1,-0.01,-1,-1,-0.01,-1,-1,-0.01,-1,-1
99926009,2026-05-18 13:50:34+05:30,53507.55,0,0.0,0,0.0,0.0,53282.15,53585.15,52783.45,53710.35,0,0.0,0.0,0.0,0.0,-0.01,-1,-1,-0.01,-1,-1,-0.01,-1,-1,-0.01,-1,-1,-0.01,-1,-1,-0.01,-1,-1,-0.01,-1,-1,-0.01,-1,-1,-0.01,-1,-1,-0.01,-1,-1
99926009,2026-05-18 13:50:35+05:30,53507.5,0,0.0,0,0.0,0.0,53282.15,53585.15,52783.45,53710.35,0,0.0,0.0,0.0,0.0,-0.01,-1,-1,-0.01,-1,-1,-0.01,-1,-1,-0.01,-1,-1,-0.01,-1,-1,-0.01,-1,-1,-0.01,-1,-1,-0.01,-1,-1,-0.01,-1,-1,-0.01,-1,-1
99926009,2026-05-18 13:50:35+05:30,53506.75,0,0.0,0,0.0,0.0,53282.15,53585.15,52783.45,53710.35,0,0.0,0.0,0.0,0.0,-0.01,-1,-1,-0.01,-1,-1,-0.01,-1,-1,-0.01,-1,-1,-0.01,-1,-1,-0.01,-1,-1,-0.01,-1,-1,-0.01,-1,-1,-0.01,-1,-1,-0.01,-1,-1
99926009,2026-05-18 13:50:36+05:30,53509.1,0,0.0,0,0.0,0.0,53282.15,53585.15,52783.45,53710.35,0,0.0,0.0,0.0,0.0,-0.01,-1,-1,-0.01,-1,-1,-0.01,-1,-1,-0.01,-1,-1,-0.01,-1,-1,-0.01,-1,-1,-0.01,-1,-1,-0.01,-1,-1,-0.01,-1,-1,-0.01,-1,-1
99926009,2026-05-18 13:50:36+05:30,53510.0,0,0.0,0,0.0,0.0,53282.15,53585.15,52783.45,53710.35,0,0.0,0.0,0.0,0.0,-0.01,-1,-1,-0.01,-1,-1,-0.01,-1,-1,-0.01,-1,-1,-0.01,-1,-1,-0.01,-1,-1,-0.01,-1,-1,-0.01,-1,-1,-0.01,-1,-1,-0.01,-1,-1
99926009,2026-05-18 13:50:37+05:30,53507.25,0,0.0,0,0.0,0.0,53282.15,53585.15,52783.45,53710.35,0,0.0,0.0,0.0,0.0,-0.01,-1,-1,-0.01,-1,-1,-0.01,-1,-1,-0.01,-1,-1,-0.01,-1,-1,-0.01,-1,-1,-0.01,-1,-1,-0.01,-1,-1,-0.01,-1,-1,-0.01,-1,-1
99926009,2026-05-18 13:50:37+05:30,53511.6,0,0.0,0,0.0,0.0,53282.15,53585.15,52783.45,53710.35,0,0.0,0.0,0.0,0.0,-0.01,-1,-1,-0.01,-1,-1,-0.01,-1,-1,-0.01,-1,-1,-0.01,-1,-1,-0.01,-1,-1,-0.01,-1,-1,-0.01,-1,-1,-0.01,-1,-1,-0.01,-1,-1
99926009,2026-05-18 13:50:38+05:30,53507.5,0,0.0,0,0.0,0.0,53282.15,53585.15,52783.45,53710.35,0,0.0,0.0,0.0,0.0,-0.01,-1,-1,-0.01,-1,-1,-0.01,-1,-1,-0.01,-1,-1,-0.01,-1,-1,-0.01,-1,-1,-0.01,-1,-1,-0.01,-1,-1,-0.01,-1,-1,-0.01,-1,-1
99926009,2026-05-18 13:50:38+05:30,53508.25,0,0.0,0,0.0,0.0,53282.15,53585.15,52783.45,53710.35,0,0.0,0.0,0.0,0.0,-0.01,-1,-1,-0.01,-1,-1,-0.01,-1,-1,-0.01,-1,-1,-0.01,-1,-1,-0.01,-1,-1,-0.01,-1,-1,-0.01,-1,-1,-0.01,-1,-1,-0.01,-1,-1
99926009,2026-05-18 13:50:39+05:30,53509.5,0,0.0,0,0.0,0.0,53282.15,53585.15,52783.45,53710.35,0,0.0,0.0,0.0,0.0,-0.01,-1,-1,-0.01,-1,-1,-0.01,-1,-1,-0.01,-1,-1,-0.01,-1,-1,-0.01,-1,-1,-0.01,-1,-1,-0.01,-1,-1,-0.01,-1,-1,-0.01,-1,-1
99926009,2026-05-18 13:50:39+05:30,53511.35,0,0.0,0,0.0,0.0,53282.15,53585.15,52783.45,53710.35,0,0.0,0.0,0.0,0.0,-0.01,-1,-1,-0.01,-1,-1,-0.01,-1,-1,-0.01,-1,-1,-0.01,-1,-1,-0.01,-1,-1,-0.01,-1,-1,-0.01,-1,-1,-0.01,-1,-1,-0.01,-1,-1
99926009,2026-05-18 13:50:40+05:30,53509.9,0,0.0,0,0.0,0.0,53282.15,53585.15,52783.45,53710.35,0,0.0,0.0,0.0,0.0,-0.01,-1,-1,-0.01,-1,-1,-0.01,-1,-1,-0.01,-1,-1,-0.01,-1,-1,-0.01,-1,-1,-0.01,-1,-1,-0.01,-1,-1,-0.01,-1,-1,-0.01,-1,-1
99926009,2026-05-18 13:50:40+05:30,53508.4,0,0.0,0,0.0,0.0,53282.15,53585.15,52783.45,53710.35,0,0.0,0.0,0.0,0.0,-0.01,-1,-1,-0.01,-1,-1,-0.01,-1,-1,-0.01,-1,-1,-0.01,-1,-1,-0.01,-1,-1,-0.01,-1,-1,-0.01,-1,-1,-0.01,-1,-1,-0.01,-1,-1
99926009,2026-05-18 13:50:41+05:30,53511.55,0,0.0,0,0.0,0.0,53282.15,53585.15,52783.45,53710.35,0,0.0,0.0,0.0,0.0,-0.01,-1,-1,-0.01,-1,-1,-0.01,-1,-1,-0.01,-1,-1,-0.01,-1,-1,-0.01,-1,-1,-0.01,-1,-1,-0.01,-1,-1,-0.01,-1,-1,-0.01,-1,-1
99926009,2026-05-18 13:50:41+05:30,53508.8,0,0.0,0,0.0,0.0,53282.15,53585.15,52783.45,53710.35,0,0.0,0.0,0.0,0.0,-0.01,-1,-1,-0.01,-1,-1,-0.01,-1,-1,-0.01,-1,-1,-0.01,-1,-1,-0.01,-1,-1,-0.01,-1,-1,-0.01,-1,-1,-0.01,-1,-1,-0.01,-1,-1
99926009,2026-05-18 13:50:42+05:30,53508.85,0,0.0,0,0.0,0.0,53282.15,53585.15,52783.45,53710.35,0,0.0,0.0,0.0,0.0,-0.01,-1,-1,-0.01,-1,-1,-0.01,-1,-1,-0.01,-1,-1,-0.01,-1,-1,-0.01,-1,-1,-0.01,-1,-1,-0.01,-1,-1,-0.01,-1,-1,-0.01,-1,-1
99926009,2026-05-18 13:50:42+05:30,53510.4,0,0.0,0,0.0,0.0,53282.15,53585.15,52783.45,53710.35,0,0.0,0.0,0.0,0.0,-0.01,-1,-1,-0.01,-1,-1,-0.01,-1,-1,-0.01,-1,-1,-0.01,-1,-1,-0.01,-1,-1,-0.01,-1,-1,-0.01,-1,-1,-0.01,-1,-1,-0.01,-1,-1
99926009,2026-05-18 13:50:43+05:30,53508.6,0,0.0,0,0.0,0.0,53282.15,53585.15,52783.45,53710.35,0,0.0,0.0,0.0,0.0,-0.01,-1,-1,-0.01,-1,-1,-0.01,-1,-1,-0.01,-1,-1,-0.01,-1,-1,-0.01,-1,-1,-0.01,-1,-1,-0.01,-1,-1,-0.01,-1,-1,-0.01,-1,-1
99926009,2026-05-18 13:50:43+05:30,53506.3,0,0.0,0,0.0,0.0,53282.15,53585.15,52783.45,53710.35,0,0.0,0.0,0.0,0.0,-0.01,-1,-1,-0.01,-1,-1,-0.01,-1,-1,-0.01,-1,-1,-0.01,-1,-1,-0.01,-1,-1,-0.01,-1,-1,-0.01,-1,-1,-0.01,-1,-1,-0.01,-1,-1
99926009,2026-05-18 13:50:44+05:30,53506.05,0,0.0,0,0.0,0.0,53282.15,53585.15,52783.45,53710.35,0,0.0,0.0,0.0,0.0,-0.01,-1,-1,-0.01,-1,-1,-0.01,-1,-1,-0.01,-1,-1,-0.01,-1,-1,-0.01,-1,-1,-0.01,-1,-1,-0.01,-1,-1,-0.01,-1,-1,-0.01,-1,-1
99926009,2026-05-18 13:50:44+05:30,53507.7,0,0.0,0,0.0,0.0,53282.15,53585.15,52783.45,53710.35,0,0.0,0.0,0.0,0.0,-0.01,-1,-1,-0.01,-1,-1,-0.01,-1,-1,-0.01,-1,-1,-0.01,-1,-1,-0.01,-1,-1,-0.01,-1,-1,-0.01,-1,-1,-0.01,-1,-1,-0.01,-1,-1
99926009,2026-05-18 13:50:45+05:30,53508.95,0,0.0,0,0.0,0.0,53282.15,53585.15,52783.45,53710.35,0,0.0,0.0,0.0,0.0,-0.01,-1,-1,-0.01,-1,-1,-0.01,-1,-1,-0.01,-1,-1,-0.01,-1,-1,-0.01,-1,-1,-0.01,-1,-1,-0.01,-1,-1,-0.01,-1,-1,-0.01,-1,-1
99926009,2026-05-18 13:50:45+05:30,53506.9,0,0.0,0,0.0,0.0,53282.15,53585.15,52783.45,53710.35,0,0.0,0.0,0.0,0.0,-0.01,-1,-1,-0.01,-1,-1,-0.01,-1,-1,-0.01,-1,-1,-0.01,-1,-1,-0.01,-1,-1,-0.01,-1,-1,-0.01,-1,-1,-0.01,-1,-1,-0.01,-1,-1
99926009,2026-05-18 13:50:46+05:30,53506.9,0,0.0,0,0.0,0.0,53282.15,53585.15,52783.45,53710.35,0,0.0,0.0,0.0,0.0,-0.01,-1,-1,-0.01,-1,-1,-0.01,-1,-1,-0.01,-1,-1,-0.01,-1,-1,-0.01,-1,-1,-0.01,-1,-1,-0.01,-1,-1,-0.01,-1,-1,-0.01,-1,-1
99926009,2026-05-18 13:50:46+05:30,53505.1,0,0.0,0,0.0,0.0,53282.15,53585.15,52783.45,53710.35,0,0.0,0.0,0.0,0.0,-0.01,-1,-1,-0.01,-1,-1,-0.01,-1,-1,-0.01,-1,-1,-0.01,-1,-1,-0.01,-1,-1,-0.01,-1,-1,-0.01,-1,-1,-0.01,-1,-1,-0.01,-1,-1
99926009,2026-05-18 13:50:47+05:30,53506.2,0,0.0,0,0.0,0.0,53282.15,53585.15,52783.45,53710.35,0,0.0,0.0,0.0,0.0,-0.01,-1,-1,-0.01,-1,-1,-0.01,-1,-1,-0.01,-1,-1,-0.01,-1,-1,-0.01,-1,-1,-0.01,-1,-1,-0.01,-1,-1,-0.01,-1,-1,-0.01,-1,-1
99926009,2026-05-18 13:50:47+05:30,53508.05,0,0.0,0,0.0,0.0,53282.15,53585.15,52783.45,53710.35,0,0.0,0.0,0.0,0.0,-0.01,-1,-1,-0.01,-1,-1,-0.01,-1,-1,-0.01,-1,-1,-0.01,-1,-1,-0.01,-1,-1,-0.01,-1,-1,-0.01,-1,-1,-0.01,-1,-1,-0.01,-1,-1
99926009,2026-05-18 13:50:48+05:30,53508.8,0,0.0,0,0.0,0.0,53282.15,53585.15,52783.45,53710.35,0,0.0,0.0,0.0,0.0,-0.01,-1,-1,-0.01,-1,-1,-0.01,-1,-1,-0.01,-1,-1,-0.01,-1,-1,-0.01,-1,-1,-0.01,-1,-1,-0.01,-1,-1,-0.01,-1,-1,-0.01,-1,-1
99926009,2026-05-18 13:50:48+05:30,53508.85,0,0.0,0,0.0,0.0,53282.15,53585.15,52783.45,53710.35,0,0.0,0.0,0.0,0.0,-0.01,-1,-1,-0.01,-1,-1,-0.01,-1,-1,-0.01,-1,-1,-0.01,-1,-1,-0.01,-1,-1,-0.01,-1,-1,-0.01,-1,-1,-0.01,-1,-1,-0.01,-1,-1
99926009,2026-05-18 13:50:49+05:30,53508.85,0,0.0,0,0.0,0.0,53282.15,53585.15,52783.45,53710.35,0,0.0,0.0,0.0,0.0,-0.01,-1,-1,-0.01,-1,-1,-0.01,-1,-1,-0.01,-1,-1,-0.01,-1,-1,-0.01,-1,-1,-0.01,-1,-1,-0.01,-1,-1,-0.01,-1,-1,-0.01,-1,-1
99926009,2026-05-18 13:50:49+05:30,53509.9,0,0.0,0,0.0,0.0,53282.15,53585.15,52783.45,53710.35,0,0.0,0.0,0.0,0.0,-0.01,-1,-1,-0.01,-1,-1,-0.01,-1,-1,-0.01,-1,-1,-0.01,-1,-1,-0.01,-1,-1,-0.01,-1,-1,-0.01,-1,-1,-0.01,-1,-1,-0.01,-1,-1
99926009,2026-05-18 13:50:50+05:30,53511.15,0,0.0,0,0.0,0.0,53282.15,53585.15,52783.45,53710.35,0,0.0,0.0,0.0,0.0,-0.01,-1,-1,-0.01,-1,-1,-0.01,-1,-1,-0.01,-1,-1,-0.01,-1,-1,-0.01,-1,-1,-0.01,-1,-1,-0.01,-1,-1,-0.01,-1,-1,-0.01,-1,-1
99926009,2026-05-18 13:50:50+05:30,53510.8,0,0.0,0,0.0,0.0,53282.15,53585.15,52783.45,53710.35,0,0.0,0.0,0.0,0.0,-0.01,-1,-1,-0.01,-1,-1,-0.01,-1,-1,-0.01,-1,-1,-0.01,-1,-1,-0.01,-1,-1,-0.01,-1,-1,-0.01,-1,-1,-0.01,-1,-1,-0.01,-1,-1
99926009,2026-05-18 13:50:51+05:30,53513.0,0,0.0,0,0.0,0.0,53282.15,53585.15,52783.45,53710.35,0,0.0,0.0,0.0,0.0,-0.01,-1,-1,-0.01,-1,-1,-0.01,-1,-1,-0.01,-1,-1,-0.01,-1,-1,-0.01,-1,-1,-0.01,-1,-1,-0.01,-1,-1,-0.01,-1,-1,-0.01,-1,-1
99926009,2026-05-18 13:50:51+05:30,53511.75,0,0.0,0,0.0,0.0,53282.15,53585.15,52783.45,53710.35,0,0.0,0.0,0.0,0.0,-0.01,-1,-1,-0.01,-1,-1,-0.01,-1,-1,-0.01,-1,-1,-0.01,-1,-1,-0.01,-1,-1,-0.01,-1,-1,-0.01,-1,-1,-0.01,-1,-1,-0.01,-1,-1
99926009,2026-05-18 13:50:52+05:30,53512.25,0,0.0,0,0.0,0.0,53282.15,53585.15,52783.45,53710.35,0,0.0,0.0,0.0,0.0,-0.01,-1,-1,-0.01,-1,-1,-0.01,-1,-1,-0.01,-1,-1,-0.01,-1,-1,-0.01,-1,-1,-0.01,-1,-1,-0.01,-1,-1,-0.01,-1,-1,-0.01,-1,-1
99926009,2026-05-18 13:50:52+05:30,53512.9,0,0.0,0,0.0,0.0,53282.15,53585.15,52783.45,53710.35,0,0.0,0.0,0.0,0.0,-0.01,-1,-1,-0.01,-1,-1,-0.01,-1,-1,-0.01,-1,-1,-0.01,-1,-1,-0.01,-1,-1,-0.01,-1,-1,-0.01,-1,-1,-0.01,-1,-1,-0.01,-1,-1
99926009,2026-05-18 13:50:53+05:30,53520.95,0,0.0,0,0.0,0.0,53282.15,53585.15,52783.45,53710.35,0,0.0,0.0,0.0,0.0,-0.01,-1,-1,-0.01,-1,-1,-0.01,-1,-1,-0.01,-1,-1,-0.01,-1,-1,-0.01,-1,-1,-0.01,-1,-1,-0.01,-1,-1,-0.01,-1,-1,-0.01,-1,-1
99926009,2026-05-18 13:50:53+05:30,53521.55,0,0.0,0,0.0,0.0,53282.15,53585.15,52783.45,53710.35,0,0.0,0.0,0.0,0.0,-0.01,-1,-1,-0.01,-1,-1,-0.01,-1,-1,-0.01,-1,-1,-0.01,-1,-1,-0.01,-1,-1,-0.01,-1,-1,-0.01,-1,-1,-0.01,-1,-1,-0.01,-1,-1
99926009,2026-05-18 13:50:54+05:30,53521.2,0,0.0,0,0.0,0.0,53282.15,53585.15,52783.45,53710.35,0,0.0,0.0,0.0,0.0,-0.01,-1,-1,-0.01,-1,-1,-0.01,-1,-1,-0.01,-1,-1,-0.01,-1,-1,-0.01,-1,-1,-0.01,-1,-1,-0.01,-1,-1,-0.01,-1,-1,-0.01,-1,-1
99926009,2026-05-18 13:50:55+05:30,53518.7,0,0.0,0,0.0,0.0,53282.15,53585.15,52783.45,53710.35,0,0.0,0.0,0.0,0.0,-0.01,-1,-1,-0.01,-1,-1,-0.01,-1,-1,-0.01,-1,-1,-0.01,-1,-1,-0.01,-1,-1,-0.01,-1,-1,-0.01,-1,-1,-0.01,-1,-1,-0.01,-1,-1
99926009,2026-05-18 13:50:55+05:30,53518.7,0,0.0,0,0.0,0.0,53282.15,53585.15,52783.45,53710.35,0,0.0,0.0,0.0,0.0,-0.01,-1,-1,-0.01,-1,-1,-0.01,-1,-1,-0.01,-1,-1,-0.01,-1,-1,-0.01,-1,-1,-0.01,-1,-1,-0.01,-1,-1,-0.01,-1,-1,-0.01,-1,-1
99926009,2026-05-18 13:50:56+05:30,53517.85,0,0.0,0,0.0,0.0,53282.15,53585.15,52783.45,53710.35,0,0.0,0.0,0.0,0.0,-0.01,-1,-1,-0.01,-1,-1,-0.01,-1,-1,-0.01,-1,-1,-0.01,-1,-1,-0.01,-1,-1,-0.01,-1,-1,-0.01,-1,-1,-0.01,-1,-1,-0.01,-1,-1
99926009,2026-05-18 13:50:56+05:30,53519.15,0,0.0,0,0.0,0.0,53282.15,53585.15,52783.45,53710.35,0,0.0,0.0,0.0,0.0,-0.01,-1,-1,-0.01,-1,-1,-0.01,-1,-1,-0.01,-1,-1,-0.01,-1,-1,-0.01,-1,-1,-0.01,-1,-1,-0.01,-1,-1,-0.01,-1,-1,-0.01,-1,-1
99926009,2026-05-18 13:50:57+05:30,53516.9,0,0.0,0,0.0,0.0,53282.15,53585.15,52783.45,53710.35,0,0.0,0.0,0.0,0.0,-0.01,-1,-1,-0.01,-1,-1,-0.01,-1,-1,-0.01,-1,-1,-0.01,-1,-1,-0.01,-1,-1,-0.01,-1,-1,-0.01,-1,-1,-0.01,-1,-1,-0.01,-1,-1
99926009,2026-05-18 13:50:57+05:30,53515.4,0,0.0,0,0.0,0.0,53282.15,53585.15,52783.45,53710.35,0,0.0,0.0,0.0,0.0,-0.01,-1,-1,-0.01,-1,-1,-0.01,-1,-1,-0.01,-1,-1,-0.01,-1,-1,-0.01,-1,-1,-0.01,-1,-1,-0.01,-1,-1,-0.01,-1,-1,-0.01,-1,-1
99926009,2026-05-18 13:50:58+05:30,53518.1,0,0.0,0,0.0,0.0,53282.15,53585.15,52783.45,53710.35,0,0.0,0.0,0.0,0.0,-0.01,-1,-1,-0.01,-1,-1,-0.01,-1,-1,-0.01,-1,-1,-0.01,-1,-1,-0.01,-1,-1,-0.01,-1,-1,-0.01,-1,-1,-0.01,-1,-1,-0.01,-1,-1
99926009,2026-05-18 13:50:58+05:30,53521.15,0,0.0,0,0.0,0.0,53282.15,53585.15,52783.45,53710.35,0,0.0,0.0,0.0,0.0,-0.01,-1,-1,-0.01,-1,-1,-0.01,-1,-1,-0.01,-1,-1,-0.01,-1,-1,-0.01,-1,-1,-0.01,-1,-1,-0.01,-1,-1,-0.01,-1,-1,-0.01,-1,-1
99926009,2026-05-18 13:50:59+05:30,53524.6,0,0.0,0,0.0,0.0,53282.15,53585.15,52783.45,53710.35,0,0.0,0.0,0.0,0.0,-0.01,-1,-1,-0.01,-1,-1,-0.01,-1,-1,-0.01,-1,-1,-0.01,-1,-1,-0.01,-1,-1,-0.01,-1,-1,-0.01,-1,-1,-0.01,-1,-1,-0.01,-1,-1
99926009,2026-05-18 13:50:59+05:30,53521.35,0,0.0,0,0.0,0.0,53282.15,53585.15,52783.45,53710.35,0,0.0,0.0,0.0,0.0,-0.01,-1,-1,-0.01,-1,-1,-0.01,-1,-1,-0.01,-1,-1,-0.01,-1,-1,-0.01,-1,-1,-0.01,-1,-1,-0.01,-1,-1,-0.01,-1,-1,-0.01,-1,-1
99926009,2026-05-18 13:51:00+05:30,53522.25,0,0.0,0,0.0,0.0,53282.15,53585.15,52783.45,53710.35,0,0.0,0.0,0.0,0.0,-0.01,-1,-1,-0.01,-1,-1,-0.01,-1,-1,-0.01,-1,-1,-0.01,-1,-1,-0.01,-1,-1,-0.01,-1,-1,-0.01,-1,-1,-0.01,-1,-1,-0.01,-1,-1
99926009,2026-05-18 13:51:00+05:30,53519.25,0,0.0,0,0.0,0.0,53282.15,53585.15,52783.45,53710.35,0,0.0,0.0,0.0,0.0,-0.01,-1,-1,-0.01,-1,-1,-0.01,-1,-1,-0.01,-1,-1,-0.01,-1,-1,-0.01,-1,-1,-0.01,-1,-1,-0.01,-1,-1,-0.01,-1,-1,-0.01,-1,-1
99926009,2026-05-18 13:51:01+05:30,53522.45,0,0.0,0,0.0,0.0,53282.15,53585.15,52783.45,53710.35,0,0.0,0.0,0.0,0.0,-0.01,-1,-1,-0.01,-1,-1,-0.01,-1,-1,-0.01,-1,-1,-0.01,-1,-1,-0.01,-1,-1,-0.01,-1,-1,-0.01,-1,-1,-0.01,-1,-1,-0.01,-1,-1
99926009,2026-05-18 13:51:01+05:30,53523.2,0,0.0,0,0.0,0.0,53282.15,53585.15,52783.45,53710.35,0,0.0,0.0,0.0,0.0,-0.01,-1,-1,-0.01,-1,-1,-0.01,-1,-1,-0.01,-1,-1,-0.01,-1,-1,-0.01,-1,-1,-0.01,-1,-1,-0.01,-1,-1,-0.01,-1,-1,-0.01,-1,-1
99926009,2026-05-18 13:51:02+05:30,53520.75,0,0.0,0,0.0,0.0,53282.15,53585.15,52783.45,53710.35,0,0.0,0.0,0.0,0.0,-0.01,-1,-1,-0.01,-1,-1,-0.01,-1,-1,-0.01,-1,-1,-0.01,-1,-1,-0.01,-1,-1,-0.01,-1,-1,-0.01,-1,-1,-0.01,-1,-1,-0.01,-1,-1
99926009,2026-05-18 13:51:02+05:30,53519.85,0,0.0,0,0.0,0.0,53282.15,53585.15,52783.45,53710.35,0,0.0,0.0,0.0,0.0,-0.01,-1,-1,-0.01,-1,-1,-0.01,-1,-1,-0.01,-1,-1,-0.01,-1,-1,-0.01,-1,-1,-0.01,-1,-1,-0.01,-1,-1,-0.01,-1,-1,-0.01,-1,-1
99926009,2026-05-18 13:51:03+05:30,53516.65,0,0.0,0,0.0,0.0,53282.15,53585.15,52783.45,53710.35,0,0.0,0.0,0.0,0.0,-0.01,-1,-1,-0.01,-1,-1,-0.01,-1,-1,-0.01,-1,-1,-0.01,-1,-1,-0.01,-1,-1,-0.01,-1,-1,-0.01,-1,-1,-0.01,-1,-1,-0.01,-1,-1
99926009,2026-05-18 13:51:03+05:30,53522.9,0,0.0,0,0.0,0.0,53282.15,53585.15,52783.45,53710.35,0,0.0,0.0,0.0,0.0,-0.01,-1,-1,-0.01,-1,-1,-0.01,-1,-1,-0.01,-1,-1,-0.01,-1,-1,-0.01,-1,-1,-0.01,-1,-1,-0.01,-1,-1,-0.01,-1,-1,-0.01,-1,-1
99926009,2026-05-18 13:51:04+05:30,53519.7,0,0.0,0,0.0,0.0,53282.15,53585.15,52783.45,53710.35,0,0.0,0.0,0.0,0.0,-0.01,-1,-1,-0.01,-1,-1,-0.01,-1,-1,-0.01,-1,-1,-0.01,-1,-1,-0.01,-1,-1,-0.01,-1,-1,-0.01,-1,-1,-0.01,-1,-1,-0.01,-1,-1
99926009,2026-05-18 13:51:04+05:30,53522.5,0,0.0,0,0.0,0.0,53282.15,53585.15,52783.45,53710.35,0,0.0,0.0,0.0,0.0,-0.01,-1,-1,-0.01,-1,-1,-0.01,-1,-1,-0.01,-1,-1,-0.01,-1,-1,-0.01,-1,-1,-0.01,-1,-1,-0.01,-1,-1,-0.01,-1,-1,-0.01,-1,-1
99926009,2026-05-18 13:51:05+05:30,53524.7,0,0.0,0,0.0,0.0,53282.15,53585.15,52783.45,53710.35,0,0.0,0.0,0.0,0.0,-0.01,-1,-1,-0.01,-1,-1,-0.01,-1,-1,-0.01,-1,-1,-0.01,-1,-1,-0.01,-1,-1,-0.01,-1,-1,-0.01,-1,-1,-0.01,-1,-1,-0.01,-1,-1
99926009,2026-05-18 13:51:05+05:30,53524.7,0,0.0,0,0.0,0.0,53282.15,53585.15,52783.45,53710.35,0,0.0,0.0,0.0,0.0,-0.01,-1,-1,-0.01,-1,-1,-0.01,-1,-1,-0.01,-1,-1,-0.01,-1,-1,-0.01,-1,-1,-0.01,-1,-1,-0.01,-1,-1,-0.01,-1,-1,-0.01,-1,-1
99926009,2026-05-18 13:51:06+05:30,53526.3,0,0.0,0,0.0,0.0,53282.15,53585.15,52783.45,53710.35,0,0.0,0.0,0.0,0.0,-0.01,-1,-1,-0.01,-1,-1,-0.01,-1,-1,-0.01,-1,-1,-0.01,-1,-1,-0.01,-1,-1,-0.01,-1,-1,-0.01,-1,-1,-0.01,-1,-1,-0.01,-1,-1
99926009,2026-05-18 13:51:06+05:30,53526.4,0,0.0,0,0.0,0.0,53282.15,53585.15,52783.45,53710.35,0,0.0,0.0,0.0,0.0,-0.01,-1,-1,-0.01,-1,-1,-0.01,-1,-1,-0.01,-1,-1,-0.01,-1,-1,-0.01,-1,-1,-0.01,-1,-1,-0.01,-1,-1,-0.01,-1,-1,-0.01,-1,-1
99926009,2026-05-18 13:51:07+05:30,53525.7,0,0.0,0,0.0,0.0,53282.15,53585.15,52783.45,53710.35,0,0.0,0.0,0.0,0.0,-0.01,-1,-1,-0.01,-1,-1,-0.01,-1,-1,-0.01,-1,-1,-0.01,-1,-1,-0.01,-1,-1,-0.01,-1,-1,-0.01,-1,-1,-0.01,-1,-1,-0.01,-1,-1
99926009,2026-05-18 13:51:07+05:30,53525.85,0,0.0,0,0.0,0.0,53282.15,53585.15,52783.45,53710.35,0,0.0,0.0,0.0,0.0,-0.01,-1,-1,-0.01,-1,-1,-0.01,-1,-1,-0.01,-1,-1,-0.01,-1,-1,-0.01,-1,-1,-0.01,-1,-1,-0.01,-1,-1,-0.01,-1,-1,-0.01,-1,-1
99926009,2026-05-18 13:51:08+05:30,53530.85,0,0.0,0,0.0,0.0,53282.15,53585.15,52783.45,53710.35,0,0.0,0.0,0.0,0.0,-0.01,-1,-1,-0.01,-1,-1,-0.01,-1,-1,-0.01,-1,-1,-0.01,-1,-1,-0.01,-1,-1,-0.01,-1,-1,-0.01,-1,-1,-0.01,-1,-1,-0.01,-1,-1
99926009,2026-05-18 13:51:08+05:30,53532.15,0,0.0,0,0.0,0.0,53282.15,53585.15,52783.45,53710.35,0,0.0,0.0,0.0,0.0,-0.01,-1,-1,-0.01,-1,-1,-0.01,-1,-1,-0.01,-1,-1,-0.01,-1,-1,-0.01,-1,-1,-0.01,-1,-1,-0.01,-1,-1,-0.01,-1,-1,-0.01,-1,-1
99926009,2026-05-18 13:51:09+05:30,53533.65,0,0.0,0,0.0,0.0,53282.15,53585.15,52783.45,53710.35,0,0.0,0.0,0.0,0.0,-0.01,-1,-1,-0.01,-1,-1,-0.01,-1,-1,-0.01,-1,-1,-0.01,-1,-1,-0.01,-1,-1,-0.01,-1,-1,-0.01,-1,-1,-0.01,-1,-1,-0.01,-1,-1
99926009,2026-05-18 13:51:09+05:30,53533.05,0,0.0,0,0.0,0.0,53282.15,53585.15,52783.45,53710.35,0,0.0,0.0,0.0,0.0,-0.01,-1,-1,-0.01,-1,-1,-0.01,-1,-1,-0.01,-1,-1,-0.01,-1,-1,-0.01,-1,-1,-0.01,-1,-1,-0.01,-1,-1,-0.01,-1,-1,-0.01,-1,-1
99926009,2026-05-18 13:51:10+05:30,53533.85,0,0.0,0,0.0,0.0,53282.15,53585.15,52783.45,53710.35,0,0.0,0.0,0.0,0.0,-0.01,-1,-1,-0.01,-1,-1,-0.01,-1,-1,-0.01,-1,-1,-0.01,-1,-1,-0.01,-1,-1,-0.01,-1,-1,-0.01,-1,-1,-0.01,-1,-1,-0.01,-1,-1
99926009,2026-05-18 13:51:10+05:30,53530.9,0,0.0,0,0.0,0.0,53282.15,53585.15,52783.45,53710.35,0,0.0,0.0,0.0,0.0,-0.01,-1,-1,-0.01,-1,-1,-0.01,-1,-1,-0.01,-1,-1,-0.01,-1,-1,-0.01,-1,-1,-0.01,-1,-1,-0.01,-1,-1,-0.01,-1,-1,-0.01,-1,-1
99926009,2026-05-18 13:51:11+05:30,53533.15,0,0.0,0,0.0,0.0,53282.15,53585.15,52783.45,53710.35,0,0.0,0.0,0.0,0.0,-0.01,-1,-1,-0.01,-1,-1,-0.01,-1,-1,-0.01,-1,-1,-0.01,-1,-1,-0.01,-1,-1,-0.01,-1,-1,-0.01,-1,-1,-0.01,-1,-1,-0.01,-1,-1
99926009,2026-05-18 13:51:11+05:30,53531.85,0,0.0,0,0.0,0.0,53282.15,53585.15,52783.45,53710.35,0,0.0,0.0,0.0,0.0,-0.01,-1,-1,-0.01,-1,-1,-0.01,-1,-1,-0.01,-1,-1,-0.01,-1,-1,-0.01,-1,-1,-0.01,-1,-1,-0.01,-1,-1,-0.01,-1,-1,-0.01,-1,-1
99926009,2026-05-18 13:51:12+05:30,53530.6,0,0.0,0,0.0,0.0,53282.15,53585.15,52783.45,53710.35,0,0.0,0.0,0.0,0.0,-0.01,-1,-1,-0.01,-1,-1,-0.01,-1,-1,-0.01,-1,-1,-0.01,-1,-1,-0.01,-1,-1,-0.01,-1,-1,-0.01,-1,-1,-0.01,-1,-1,-0.01,-1,-1
99926009,2026-05-18 13:51:12+05:30,53531.25,0,0.0,0,0.0,0.0,53282.15,53585.15,52783.45,53710.35,0,0.0,0.0,0.0,0.0,-0.01,-1,-1,-0.01,-1,-1,-0.01,-1,-1,-0.01,-1,-1,-0.01,-1,-1,-0.01,-1,-1,-0.01,-1,-1,-0.01,-1,-1,-0.01,-1,-1,-0.01,-1,-1
99926009,2026-05-18 13:51:13+05:30,53532.0,0,0.0,0,0.0,0.0,53282.15,53585.15,52783.45,53710.35,0,0.0,0.0,0.0,0.0,-0.01,-1,-1,-0.01,-1,-1,-0.01,-1,-1,-0.01,-1,-1,-0.01,-1,-1,-0.01,-1,-1,-0.01,-1,-1,-0.01,-1,-1,-0.01,-1,-1,-0.01,-1,-1
99926009,2026-05-18 13:51:13+05:30,53533.95,0,0.0,0,0.0,0.0,53282.15,53585.15,52783.45,53710.35,0,0.0,0.0,0.0,0.0,-0.01,-1,-1,-0.01,-1,-1,-0.01,-1,-1,-0.01,-1,-1,-0.01,-1,-1,-0.01,-1,-1,-0.01,-1,-1,-0.01,-1,-1,-0.01,-1,-1,-0.01,-1,-1
99926009,2026-05-18 13:51:14+05:30,53530.65,0,0.0,0,0.0,0.0,53282.15,53585.15,52783.45,53710.35,0,0.0,0.0,0.0,0.0,-0.01,-1,-1,-0.01,-1,-1,-0.01,-1,-1,-0.01,-1,-1,-0.01,-1,-1,-0.01,-1,-1,-0.01,-1,-1,-0.01,-1,-1,-0.01,-1,-1,-0.01,-1,-1
99926009,2026-05-18 13:51:14+05:30,53532.05,0,0.0,0,0.0,0.0,53282.15,53585.15,52783.45,53710.35,0,0.0,0.0,0.0,0.0,-0.01,-1,-1,-0.01,-1,-1,-0.01,-1,-1,-0.01,-1,-1,-0.01,-1,-1,-0.01,-1,-1,-0.01,-1,-1,-0.01,-1,-1,-0.01,-1,-1,-0.01,-1,-1
99926009,2026-05-18 13:51:15+05:30,53532.5,0,0.0,0,0.0,0.0,53282.15,53585.15,52783.45,53710.35,0,0.0,0.0,0.0,0.0,-0.01,-1,-1,-0.01,-1,-1,-0.01,-1,-1,-0.01,-1,-1,-0.01,-1,-1,-0.01,-1,-1,-0.01,-1,-1,-0.01,-1,-1,-0.01,-1,-1,-0.01,-1,-1
99926009,2026-05-18 13:51:15+05:30,53530.0,0,0.0,0,0.0,0.0,53282.15,53585.15,52783.45,53710.35,0,0.0,0.0,0.0,0.0,-0.01,-1,-1,-0.01,-1,-1,-0.01,-1,-1,-0.01,-1,-1,-0.01,-1,-1,-0.01,-1,-1,-0.01,-1,-1,-0.01,-1,-1,-0.01,-1,-1,-0.01,-1,-1
99926009,2026-05-18 13:51:16+05:30,53533.3,0,0.0,0,0.0,0.0,53282.15,53585.15,52783.45,53710.35,0,0.0,0.0,0.0,0.0,-0.01,-1,-1,-0.01,-1,-1,-0.01,-1,-1,-0.01,-1,-1,-0.01,-1,-1,-0.01,-1,-1,-0.01,-1,-1,-0.01,-1,-1,-0.01,-1,-1,-0.01,-1,-1
99926009,2026-05-18 13:51:16+05:30,53532.45,0,0.0,0,0.0,0.0,53282.15,53585.15,52783.45,53710.35,0,0.0,0.0,0.0,0.0,-0.01,-1,-1,-0.01,-1,-1,-0.01,-1,-1,-0.01,-1,-1,-0.01,-1,-1,-0.01,-1,-1,-0.01,-1,-1,-0.01,-1,-1,-0.01,-1,-1,-0.01,-1,-1
99926009,2026-05-18 13:51:17+05:30,53532.3,0,0.0,0,0.0,0.0,53282.15,53585.15,52783.45,53710.35,0,0.0,0.0,0.0,0.0,-0.01,-1,-1,-0.01,-1,-1,-0.01,-1,-1,-0.01,-1,-1,-0.01,-1,-1,-0.01,-1,-1,-0.01,-1,-1,-0.01,-1,-1,-0.01,-1,-1,-0.01,-1,-1
99926009,2026-05-18 13:51:17+05:30,53531.9,0,0.0,0,0.0,0.0,53282.15,53585.15,52783.45,53710.35,0,0.0,0.0,0.0,0.0,-0.01,-1,-1,-0.01,-1,-1,-0.01,-1,-1,-0.01,-1,-1,-0.01,-1,-1,-0.01,-1,-1,-0.01,-1,-1,-0.01,-1,-1,-0.01,-1,-1,-0.01,-1,-1
99926009,2026-05-18 13:51:18+05:30,53532.45,0,0.0,0,0.0,0.0,53282.15,53585.15,52783.45,53710.35,0,0.0,0.0,0.0,0.0,-0.01,-1,-1,-0.01,-1,-1,-0.01,-1,-1,-0.01,-1,-1,-0.01,-1,-1,-0.01,-1,-1,-0.01,-1,-1,-0.01,-1,-1,-0.01,-1,-1,-0.01,-1,-1
99926009,2026-05-18 13:51:18+05:30,53532.65,0,0.0,0,0.0,0.0,53282.15,53585.15,52783.45,53710.35,0,0.0,0.0,0.0,0.0,-0.01,-1,-1,-0.01,-1,-1,-0.01,-1,-1,-0.01,-1,-1,-0.01,-1,-1,-0.01,-1,-1,-0.01,-1,-1,-0.01,-1,-1,-0.01,-1,-1,-0.01,-1,-1
99926009,2026-05-18 13:51:19+05:30,53533.1,0,0.0,0,0.0,0.0,53282.15,53585.15,52783.45,53710.35,0,0.0,0.0,0.0,0.0,-0.01,-1,-1,-0.01,-1,-1,-0.01,-1,-1,-0.01,-1,-1,-0.01,-1,-1,-0.01,-1,-1,-0.01,-1,-1,-0.01,-1,-1,-0.01,-1,-1,-0.01,-1,-1
99926009,2026-05-18 13:51:19+05:30,53532.6,0,0.0,0,0.0,0.0,53282.15,53585.15,52783.45,53710.35,0,0.0,0.0,0.0,0.0,-0.01,-1,-1,-0.01,-1,-1,-0.01,-1,-1,-0.01,-1,-1,-0.01,-1,-1,-0.01,-1,-1,-0.01,-1,-1,-0.01,-1,-1,-0.01,-1,-1,-0.01,-1,-1
99926009,2026-05-18 13:51:20+05:30,53531.15,0,0.0,0,0.0,0.0,53282.15,53585.15,52783.45,53710.35,0,0.0,0.0,0.0,0.0,-0.01,-1,-1,-0.01,-1,-1,-0.01,-1,-1,-0.01,-1,-1,-0.01,-1,-1,-0.01,-1,-1,-0.01,-1,-1,-0.01,-1,-1,-0.01,-1,-1,-0.01,-1,-1
99926009,2026-05-18 13:51:20+05:30,53529.15,0,0.0,0,0.0,0.0,53282.15,53585.15,52783.45,53710.35,0,0.0,0.0,0.0,0.0,-0.01,-1,-1,-0.01,-1,-1,-0.01,-1,-1,-0.01,-1,-1,-0.01,-1,-1,-0.01,-1,-1,-0.01,-1,-1,-0.01,-1,-1,-0.01,-1,-1,-0.01,-1,-1
99926009,2026-05-18 13:51:21+05:30,53531.65,0,0.0,0,0.0,0.0,53282.15,53585.15,52783.45,53710.35,0,0.0,0.0,0.0,0.0,-0.01,-1,-1,-0.01,-1,-1,-0.01,-1,-1,-0.01,-1,-1,-0.01,-1,-1,-0.01,-1,-1,-0.01,-1,-1,-0.01,-1,-1,-0.01,-1,-1,-0.01,-1,-1
99926009,2026-05-18 13:51:21+05:30,53531.65,0,0.0,0,0.0,0.0,53282.15,53585.15,52783.45,53710.35,0,0.0,0.0,0.0,0.0,-0.01,-1,-1,-0.01,-1,-1,-0.01,-1,-1,-0.01,-1,-1,-0.01,-1,-1,-0.01,-1,-1,-0.01,-1,-1,-0.01,-1,-1,-0.01,-1,-1,-0.01,-1,-1
99926009,2026-05-18 13:51:22+05:30,53530.0,0,0.0,0,0.0,0.0,53282.15,53585.15,52783.45,53710.35,0,0.0,0.0,0.0,0.0,-0.01,-1,-1,-0.01,-1,-1,-0.01,-1,-1,-0.01,-1,-1,-0.01,-1,-1,-0.01,-1,-1,-0.01,-1,-1,-0.01,-1,-1,-0.01,-1,-1,-0.01,-1,-1
99926009,2026-05-18 13:51:22+05:30,53531.8,0,0.0,0,0.0,0.0,53282.15,53585.15,52783.45,53710.35,0,0.0,0.0,0.0,0.0,-0.01,-1,-1,-0.01,-1,-1,-0.01,-1,-1,-0.01,-1,-1,-0.01,-1,-1,-0.01,-1,-1,-0.01,-1,-1,-0.01,-1,-1,-0.01,-1,-1,-0.01,-1,-1
99926009,2026-05-18 13:51:23+05:30,53530.95,0,0.0,0,0.0,0.0,53282.15,53585.15,52783.45,53710.35,0,0.0,0.0,0.0,0.0,-0.01,-1,-1,-0.01,-1,-1,-0.01,-1,-1,-0.01,-1,-1,-0.01,-1,-1,-0.01,-1,-1,-0.01,-1,-1,-0.01,-1,-1,-0.01,-1,-1,-0.01,-1,-1
99926009,2026-05-18 13:51:23+05:30,53532.3,0,0.0,0,0.0,0.0,53282.15,53585.15,52783.45,53710.35,0,0.0,0.0,0.0,0.0,-0.01,-1,-1,-0.01,-1,-1,-0.01,-1,-1,-0.01,-1,-1,-0.01,-1,-1,-0.01,-1,-1,-0.01,-1,-1,-0.01,-1,-1,-0.01,-1,-1,-0.01,-1,-1
99926009,2026-05-18 13:51:24+05:30,53534.1,0,0.0,0,0.0,0.0,53282.15,53585.15,52783.45,53710.35,0,0.0,0.0,0.0,0.0,-0.01,-1,-1,-0.01,-1,-1,-0.01,-1,-1,-0.01,-1,-1,-0.01,-1,-1,-0.01,-1,-1,-0.01,-1,-1,-0.01,-1,-1,-0.01,-1,-1,-0.01,-1,-1
99926009,2026-05-18 13:51:24+05:30,53534.85,0,0.0,0,0.0,0.0,53282.15,53585.15,52783.45,53710.35,0,0.0,0.0,0.0,0.0,-0.01,-1,-1,-0.01,-1,-1,-0.01,-1,-1,-0.01,-1,-1,-0.01,-1,-1,-0.01,-1,-1,-0.01,-1,-1,-0.01,-1,-1,-0.01,-1,-1,-0.01,-1,-1
99926009,2026-05-18 13:51:25+05:30,53534.6,0,0.0,0,0.0,0.0,53282.15,53585.15,52783.45,53710.35,0,0.0,0.0,0.0,0.0,-0.01,-1,-1,-0.01,-1,-1,-0.01,-1,-1,-0.01,-1,-1,-0.01,-1,-1,-0.01,-1,-1,-0.01,-1,-1,-0.01,-1,-1,-0.01,-1,-1,-0.01,-1,-1
99926009,2026-05-18 13:51:25+05:30,53531.2,0,0.0,0,0.0,0.0,53282.15,53585.15,52783.45,53710.35,0,0.0,0.0,0.0,0.0,-0.01,-1,-1,-0.01,-1,-1,-0.01,-1,-1,-0.01,-1,-1,-0.01,-1,-1,-0.01,-1,-1,-0.01,-1,-1,-0.01,-1,-1,-0.01,-1,-1,-0.01,-1,-1
99926009,2026-05-18 13:51:26+05:30,53534.65,0,0.0,0,0.0,0.0,53282.15,53585.15,52783.45,53710.35,0,0.0,0.0,0.0,0.0,-0.01,-1,-1,-0.01,-1,-1,-0.01,-1,-1,-0.01,-1,-1,-0.01,-1,-1,-0.01,-1,-1,-0.01,-1,-1,-0.01,-1,-1,-0.01,-1,-1,-0.01,-1,-1
99926009,2026-05-18 13:51:26+05:30,53531.55,0,0.0,0,0.0,0.0,53282.15,53585.15,52783.45,53710.35,0,0.0,0.0,0.0,0.0,-0.01,-1,-1,-0.01,-1,-1,-0.01,-1,-1,-0.01,-1,-1,-0.01,-1,-1,-0.01,-1,-1,-0.01,-1,-1,-0.01,-1,-1,-0.01,-1,-1,-0.01,-1,-1
99926009,2026-05-18 13:51:27+05:30,53529.85,0,0.0,0,0.0,0.0,53282.15,53585.15,52783.45,53710.35,0,0.0,0.0,0.0,0.0,-0.01,-1,-1,-0.01,-1,-1,-0.01,-1,-1,-0.01,-1,-1,-0.01,-1,-1,-0.01,-1,-1,-0.01,-1,-1,-0.01,-1,-1,-0.01,-1,-1,-0.01,-1,-1
99926009,2026-05-18 13:51:27+05:30,53528.95,0,0.0,0,0.0,0.0,53282.15,53585.15,52783.45,53710.35,0,0.0,0.0,0.0,0.0,-0.01,-1,-1,-0.01,-1,-1,-0.01,-1,-1,-0.01,-1,-1,-0.01,-1,-1,-0.01,-1,-1,-0.01,-1,-1,-0.01,-1,-1,-0.01,-1,-1,-0.01,-1,-1
99926009,2026-05-18 13:51:28+05:30,53529.8,0,0.0,0,0.0,0.0,53282.15,53585.15,52783.45,53710.35,0,0.0,0.0,0.0,0.0,-0.01,-1,-1,-0.01,-1,-1,-0.01,-1,-1,-0.01,-1,-1,-0.01,-1,-1,-0.01,-1,-1,-0.01,-1,-1,-0.01,-1,-1,-0.01,-1,-1,-0.01,-1,-1
99926009,2026-05-18 13:51:28+05:30,53527.05,0,0.0,0,0.0,0.0,53282.15,53585.15,52783.45,53710.35,0,0.0,0.0,0.0,0.0,-0.01,-1,-1,-0.01,-1,-1,-0.01,-1,-1,-0.01,-1,-1,-0.01,-1,-1,-0.01,-1,-1,-0.01,-1,-1,-0.01,-1,-1,-0.01,-1,-1,-0.01,-1,-1
99926009,2026-05-18 13:51:29+05:30,53527.45,0,0.0,0,0.0,0.0,53282.15,53585.15,52783.45,53710.35,0,0.0,0.0,0.0,0.0,-0.01,-1,-1,-0.01,-1,-1,-0.01,-1,-1,-0.01,-1,-1,-0.01,-1,-1,-0.01,-1,-1,-0.01,-1,-1,-0.01,-1,-1,-0.01,-1,-1,-0.01,-1,-1
99926009,2026-05-18 13:51:29+05:30,53529.0,0,0.0,0,0.0,0.0,53282.15,53585.15,52783.45,53710.35,0,0.0,0.0,0.0,0.0,-0.01,-1,-1,-0.01,-1,-1,-0.01,-1,-1,-0.01,-1,-1,-0.01,-1,-1,-0.01,-1,-1,-0.01,-1,-1,-0.01,-1,-1,-0.01,-1,-1,-0.01,-1,-1
99926009,2026-05-18 13:51:30+05:30,53530.55,0,0.0,0,0.0,0.0,53282.15,53585.15,52783.45,53710.35,0,0.0,0.0,0.0,0.0,-0.01,-1,-1,-0.01,-1,-1,-0.01,-1,-1,-0.01,-1,-1,-0.01,-1,-1,-0.01,-1,-1,-0.01,-1,-1,-0.01,-1,-1,-0.01,-1,-1,-0.01,-1,-1
99926009,2026-05-18 13:51:30+05:30,53529.5,0,0.0,0,0.0,0.0,53282.15,53585.15,52783.45,53710.35,0,0.0,0.0,0.0,0.0,-0.01,-1,-1,-0.01,-1,-1,-0.01,-1,-1,-0.01,-1,-1,-0.01,-1,-1,-0.01,-1,-1,-0.01,-1,-1,-0.01,-1,-1,-0.01,-1,-1,-0.01,-1,-1
99926009,2026-05-18 13:51:31+05:30,53530.0,0,0.0,0,0.0,0.0,53282.15,53585.15,52783.45,53710.35,0,0.0,0.0,0.0,0.0,-0.01,-1,-1,-0.01,-1,-1,-0.01,-1,-1,-0.01,-1,-1,-0.01,-1,-1,-0.01,-1,-1,-0.01,-1,-1,-0.01,-1,-1,-0.01,-1,-1,-0.01,-1,-1
99926009,2026-05-18 13:51:31+05:30,53528.05,0,0.0,0,0.0,0.0,53282.15,53585.15,52783.45,53710.35,0,0.0,0.0,0.0,0.0,-0.01,-1,-1,-0.01,-1,-1,-0.01,-1,-1,-0.01,-1,-1,-0.01,-1,-1,-0.01,-1,-1,-0.01,-1,-1,-0.01,-1,-1,-0.01,-1,-1,-0.01,-1,-1
99926009,2026-05-18 13:51:32+05:30,53528.95,0,0.0,0,0.0,0.0,53282.15,53585.15,52783.45,53710.35,0,0.0,0.0,0.0,0.0,-0.01,-1,-1,-0.01,-1,-1,-0.01,-1,-1,-0.01,-1,-1,-0.01,-1,-1,-0.01,-1,-1,-0.01,-1,-1,-0.01,-1,-1,-0.01,-1,-1,-0.01,-1,-1
99926009,2026-05-18 13:51:32+05:30,53529.6,0,0.0,0,0.0,0.0,53282.15,53585.15,52783.45,53710.35,0,0.0,0.0,0.0,0.0,-0.01,-1,-1,-0.01,-1,-1,-0.01,-1,-1,-0.01,-1,-1,-0.01,-1,-1,-0.01,-1,-1,-0.01,-1,-1,-0.01,-1,-1,-0.01,-1,-1,-0.01,-1,-1
99926009,2026-05-18 13:51:33+05:30,53533.2,0,0.0,0,0.0,0.0,53282.15,53585.15,52783.45,53710.35,0,0.0,0.0,0.0,0.0,-0.01,-1,-1,-0.01,-1,-1,-0.01,-1,-1,-0.01,-1,-1,-0.01,-1,-1,-0.01,-1,-1,-0.01,-1,-1,-0.01,-1,-1,-0.01,-1,-1,-0.01,-1,-1
99926009,2026-05-18 13:51:33+05:30,53532.75,0,0.0,0,0.0,0.0,53282.15,53585.15,52783.45,53710.35,0,0.0,0.0,0.0,0.0,-0.01,-1,-1,-0.01,-1,-1,-0.01,-1,-1,-0.01,-1,-1,-0.01,-1,-1,-0.01,-1,-1,-0.01,-1,-1,-0.01,-1,-1,-0.01,-1,-1,-0.01,-1,-1
99926009,2026-05-18 13:51:34+05:30,53531.2,0,0.0,0,0.0,0.0,53282.15,53585.15,52783.45,53710.35,0,0.0,0.0,0.0,0.0,-0.01,-1,-1,-0.01,-1,-1,-0.01,-1,-1,-0.01,-1,-1,-0.01,-1,-1,-0.01,-1,-1,-0.01,-1,-1,-0.01,-1,-1,-0.01,-1,-1,-0.01,-1,-1
99926009,2026-05-18 13:51:34+05:30,53530.35,0,0.0,0,0.0,0.0,53282.15,53585.15,52783.45,53710.35,0,0.0,0.0,0.0,0.0,-0.01,-1,-1,-0.01,-1,-1,-0.01,-1,-1,-0.01,-1,-1,-0.01,-1,-1,-0.01,-1,-1,-0.01,-1,-1,-0.01,-1,-1,-0.01,-1,-1,-0.01,-1,-1
99926009,2026-05-18 13:51:35+05:30,53532.05,0,0.0,0,0.0,0.0,53282.15,53585.15,52783.45,53710.35,0,0.0,0.0,0.0,0.0,-0.01,-1,-1,-0.01,-1,-1,-0.01,-1,-1,-0.01,-1,-1,-0.01,-1,-1,-0.01,-1,-1,-0.01,-1,-1,-0.01,-1,-1,-0.01,-1,-1,-0.01,-1,-1
99926009,2026-05-18 13:51:35+05:30,53530.1,0,0.0,0,0.0,0.0,53282.15,53585.15,52783.45,53710.35,0,0.0,0.0,0.0,0.0,-0.01,-1,-1,-0.01,-1,-1,-0.01,-1,-1,-0.01,-1,-1,-0.01,-1,-1,-0.01,-1,-1,-0.01,-1,-1,-0.01,-1,-1,-0.01,-1,-1,-0.01,-1,-1
99926009,2026-05-18 13:51:36+05:30,53532.6,0,0.0,0,0.0,0.0,53282.15,53585.15,52783.45,53710.35,0,0.0,0.0,0.0,0.0,-0.01,-1,-1,-0.01,-1,-1,-0.01,-1,-1,-0.01,-1,-1,-0.01,-1,-1,-0.01,-1,-1,-0.01,-1,-1,-0.01,-1,-1,-0.01,-1,-1,-0.01,-1,-1
99926009,2026-05-18 13:51:36+05:30,53533.1,0,0.0,0,0.0,0.0,53282.15,53585.15,52783.45,53710.35,0,0.0,0.0,0.0,0.0,-0.01,-1,-1,-0.01,-1,-1,-0.01,-1,-1,-0.01,-1,-1,-0.01,-1,-1,-0.01,-1,-1,-0.01,-1,-1,-0.01,-1,-1,-0.01,-1,-1,-0.01,-1,-1
99926009,2026-05-18 13:51:37+05:30,53531.25,0,0.0,0,0.0,0.0,53282.15,53585.15,52783.45,53710.35,0,0.0,0.0,0.0,0.0,-0.01,-1,-1,-0.01,-1,-1,-0.01,-1,-1,-0.01,-1,-1,-0.01,-1,-1,-0.01,-1,-1,-0.01,-1,-1,-0.01,-1,-1,-0.01,-1,-1,-0.01,-1,-1
99926009,2026-05-18 13:51:37+05:30,53531.8,0,0.0,0,0.0,0.0,53282.15,53585.15,52783.45,53710.35,0,0.0,0.0,0.0,0.0,-0.01,-1,-1,-0.01,-1,-1,-0.01,-1,-1,-0.01,-1,-1,-0.01,-1,-1,-0.01,-1,-1,-0.01,-1,-1,-0.01,-1,-1,-0.01,-1,-1,-0.01,-1,-1
99926009,2026-05-18 13:51:38+05:30,53532.55,0,0.0,0,0.0,0.0,53282.15,53585.15,52783.45,53710.35,0,0.0,0.0,0.0,0.0,-0.01,-1,-1,-0.01,-1,-1,-0.01,-1,-1,-0.01,-1,-1,-0.01,-1,-1,-0.01,-1,-1,-0.01,-1,-1,-0.01,-1,-1,-0.01,-1,-1,-0.01,-1,-1
99926009,2026-05-18 13:51:38+05:30,53532.7,0,0.0,0,0.0,0.0,53282.15,53585.15,52783.45,53710.35,0,0.0,0.0,0.0,0.0,-0.01,-1,-1,-0.01,-1,-1,-0.01,-1,-1,-0.01,-1,-1,-0.01,-1,-1,-0.01,-1,-1,-0.01,-1,-1,-0.01,-1,-1,-0.01,-1,-1,-0.01,-1,-1
99926009,2026-05-18 13:51:39+05:30,53533.6,0,0.0,0,0.0,0.0,53282.15,53585.15,52783.45,53710.35,0,0.0,0.0,0.0,0.0,-0.01,-1,-1,-0.01,-1,-1,-0.01,-1,-1,-0.01,-1,-1,-0.01,-1,-1,-0.01,-1,-1,-0.01,-1,-1,-0.01,-1,-1,-0.01,-1,-1,-0.01,-1,-1
99926009,2026-05-18 13:51:39+05:30,53532.95,0,0.0,0,0.0,0.0,53282.15,53585.15,52783.45,53710.35,0,0.0,0.0,0.0,0.0,-0.01,-1,-1,-0.01,-1,-1,-0.01,-1,-1,-0.01,-1,-1,-0.01,-1,-1,-0.01,-1,-1,-0.01,-1,-1,-0.01,-1,-1,-0.01,-1,-1,-0.01,-1,-1
99926009,2026-05-18 13:51:40+05:30,53533.6,0,0.0,0,0.0,0.0,53282.15,53585.15,52783.45,53710.35,0,0.0,0.0,0.0,0.0,-0.01,-1,-1,-0.01,-1,-1,-0.01,-1,-1,-0.01,-1,-1,-0.01,-1,-1,-0.01,-1,-1,-0.01,-1,-1,-0.01,-1,-1,-0.01,-1,-1,-0.01,-1,-1
99926009,2026-05-18 13:51:40+05:30,53532.85,0,0.0,0,0.0,0.0,53282.15,53585.15,52783.45,53710.35,0,0.0,0.0,0.0,0.0,-0.01,-1,-1,-0.01,-1,-1,-0.01,-1,-1,-0.01,-1,-1,-0.01,-1,-1,-0.01,-1,-1,-0.01,-1,-1,-0.01,-1,-1,-0.01,-1,-1,-0.01,-1,-1
99926009,2026-05-18 13:51:41+05:30,53533.95,0,0.0,0,0.0,0.0,53282.15,53585.15,52783.45,53710.35,0,0.0,0.0,0.0,0.0,-0.01,-1,-1,-0.01,-1,-1,-0.01,-1,-1,-0.01,-1,-1,-0.01,-1,-1,-0.01,-1,-1,-0.01,-1,-1,-0.01,-1,-1,-0.01,-1,-1,-0.01,-1,-1
99926009,2026-05-18 13:51:41+05:30,53532.65,0,0.0,0,0.0,0.0,53282.15,53585.15,52783.45,53710.35,0,0.0,0.0,0.0,0.0,-0.01,-1,-1,-0.01,-1,-1,-0.01,-1,-1,-0.01,-1,-1,-0.01,-1,-1,-0.01,-1,-1,-0.01,-1,-1,-0.01,-1,-1,-0.01,-1,-1,-0.01,-1,-1
99926009,2026-05-18 13:51:42+05:30,53530.95,0,0.0,0,0.0,0.0,53282.15,53585.15,52783.45,53710.35,0,0.0,0.0,0.0,0.0,-0.01,-1,-1,-0.01,-1,-1,-0.01,-1,-1,-0.01,-1,-1,-0.01,-1,-1,-0.01,-1,-1,-0.01,-1,-1,-0.01,-1,-1,-0.01,-1,-1,-0.01,-1,-1
99926009,2026-05-18 13:51:42+05:30,53532.9,0,0.0,0,0.0,0.0,53282.15,53585.15,52783.45,53710.35,0,0.0,0.0,0.0,0.0,-0.01,-1,-1,-0.01,-1,-1,-0.01,-1,-1,-0.01,-1,-1,-0.01,-1,-1,-0.01,-1,-1,-0.01,-1,-1,-0.01,-1,-1,-0.01,-1,-1,-0.01,-1,-1
99926009,2026-05-18 13:51:43+05:30,53533.0,0,0.0,0,0.0,0.0,53282.15,53585.15,52783.45,53710.35,0,0.0,0.0,0.0,0.0,-0.01,-1,-1,-0.01,-1,-1,-0.01,-1,-1,-0.01,-1,-1,-0.01,-1,-1,-0.01,-1,-1,-0.01,-1,-1,-0.01,-1,-1,-0.01,-1,-1,-0.01,-1,-1
99926009,2026-05-18 13:51:43+05:30,53533.0,0,0.0,0,0.0,0.0,53282.15,53585.15,52783.45,53710.35,0,0.0,0.0,0.0,0.0,-0.01,-1,-1,-0.01,-1,-1,-0.01,-1,-1,-0.01,-1,-1,-0.01,-1,-1,-0.01,-1,-1,-0.01,-1,-1,-0.01,-1,-1,-0.01,-1,-1,-0.01,-1,-1
99926009,2026-05-18 13:51:44+05:30,53532.55,0,0.0,0,0.0,0.0,53282.15,53585.15,52783.45,53710.35,0,0.0,0.0,0.0,0.0,-0.01,-1,-1,-0.01,-1,-1,-0.01,-1,-1,-0.01,-1,-1,-0.01,-1,-1,-0.01,-1,-1,-0.01,-1,-1,-0.01,-1,-1,-0.01,-1,-1,-0.01,-1,-1
99926009,2026-05-18 13:51:44+05:30,53532.2,0,0.0,0,0.0,0.0,53282.15,53585.15,52783.45,53710.35,0,0.0,0.0,0.0,0.0,-0.01,-1,-1,-0.01,-1,-1,-0.01,-1,-1,-0.01,-1,-1,-0.01,-1,-1,-0.01,-1,-1,-0.01,-1,-1,-0.01,-1,-1,-0.01,-1,-1,-0.01,-1,-1
99926009,2026-05-18 13:51:45+05:30,53534.05,0,0.0,0,0.0,0.0,53282.15,53585.15,52783.45,53710.35,0,0.0,0.0,0.0,0.0,-0.01,-1,-1,-0.01,-1,-1,-0.01,-1,-1,-0.01,-1,-1,-0.01,-1,-1,-0.01,-1,-1,-0.01,-1,-1,-0.01,-1,-1,-0.01,-1,-1,-0.01,-1,-1
99926009,2026-05-18 13:51:45+05:30,53533.6,0,0.0,0,0.0,0.0,53282.15,53585.15,52783.45,53710.35,0,0.0,0.0,0.0,0.0,-0.01,-1,-1,-0.01,-1,-1,-0.01,-1,-1,-0.01,-1,-1,-0.01,-1,-1,-0.01,-1,-1,-0.01,-1,-1,-0.01,-1,-1,-0.01,-1,-1,-0.01,-1,-1
99926009,2026-05-18 13:51:46+05:30,53533.3,0,0.0,0,0.0,0.0,53282.15,53585.15,52783.45,53710.35,0,0.0,0.0,0.0,0.0,-0.01,-1,-1,-0.01,-1,-1,-0.01,-1,-1,-0.01,-1,-1,-0.01,-1,-1,-0.01,-1,-1,-0.01,-1,-1,-0.01,-1,-1,-0.01,-1,-1,-0.01,-1,-1
99926009,2026-05-18 13:51:46+05:30,53531.85,0,0.0,0,0.0,0.0,53282.15,53585.15,52783.45,53710.35,0,0.0,0.0,0.0,0.0,-0.01,-1,-1,-0.01,-1,-1,-0.01,-1,-1,-0.01,-1,-1,-0.01,-1,-1,-0.01,-1,-1,-0.01,-1,-1,-0.01,-1,-1,-0.01,-1,-1,-0.01,-1,-1
99926009,2026-05-18 13:51:47+05:30,53531.4,0,0.0,0,0.0,0.0,53282.15,53585.15,52783.45,53710.35,0,0.0,0.0,0.0,0.0,-0.01,-1,-1,-0.01,-1,-1,-0.01,-1,-1,-0.01,-1,-1,-0.01,-1,-1,-0.01,-1,-1,-0.01,-1,-1,-0.01,-1,-1,-0.01,-1,-1,-0.01,-1,-1
99926009,2026-05-18 13:51:47+05:30,53531.45,0,0.0,0,0.0,0.0,53282.15,53585.15,52783.45,53710.35,0,0.0,0.0,0.0,0.0,-0.01,-1,-1,-0.01,-1,-1,-0.01,-1,-1,-0.01,-1,-1,-0.01,-1,-1,-0.01,-1,-1,-0.01,-1,-1,-0.01,-1,-1,-0.01,-1,-1,-0.01,-1,-1
99926009,2026-05-18 13:51:48+05:30,53530.8,0,0.0,0,0.0,0.0,53282.15,53585.15,52783.45,53710.35,0,0.0,0.0,0.0,0.0,-0.01,-1,-1,-0.01,-1,-1,-0.01,-1,-1,-0.01,-1,-1,-0.01,-1,-1,-0.01,-1,-1,-0.01,-1,-1,-0.01,-1,-1,-0.01,-1,-1,-0.01,-1,-1
99926009,2026-05-18 13:51:48+05:30,53531.45,0,0.0,0,0.0,0.0,53282.15,53585.15,52783.45,53710.35,0,0.0,0.0,0.0,0.0,-0.01,-1,-1,-0.01,-1,-1,-0.01,-1,-1,-0.01,-1,-1,-0.01,-1,-1,-0.01,-1,-1,-0.01,-1,-1,-0.01,-1,-1,-0.01,-1,-1,-0.01,-1,-1
99926009,2026-05-18 13:51:49+05:30,53532.7,0,0.0,0,0.0,0.0,53282.15,53585.15,52783.45,53710.35,0,0.0,0.0,0.0,0.0,-0.01,-1,-1,-0.01,-1,-1,-0.01,-1,-1,-0.01,-1,-1,-0.01,-1,-1,-0.01,-1,-1,-0.01,-1,-1,-0.01,-1,-1,-0.01,-1,-1,-0.01,-1,-1
99926009,2026-05-18 13:51:49+05:30,53532.35,0,0.0,0,0.0,0.0,53282.15,53585.15,52783.45,53710.35,0,0.0,0.0,0.0,0.0,-0.01,-1,-1,-0.01,-1,-1,-0.01,-1,-1,-0.01,-1,-1,-0.01,-1,-1,-0.01,-1,-1,-0.01,-1,-1,-0.01,-1,-1,-0.01,-1,-1,-0.01,-1,-1
99926009,2026-05-18 13:51:50+05:30,53533.1,0,0.0,0,0.0,0.0,53282.15,53585.15,52783.45,53710.35,0,0.0,0.0,0.0,0.0,-0.01,-1,-1,-0.01,-1,-1,-0.01,-1,-1,-0.01,-1,-1,-0.01,-1,-1,-0.01,-1,-1,-0.01,-1,-1,-0.01,-1,-1,-0.01,-1,-1,-0.01,-1,-1
99926009,2026-05-18 13:51:50+05:30,53533.55,0,0.0,0,0.0,0.0,53282.15,53585.15,52783.45,53710.35,0,0.0,0.0,0.0,0.0,-0.01,-1,-1,-0.01,-1,-1,-0.01,-1,-1,-0.01,-1,-1,-0.01,-1,-1,-0.01,-1,-1,-0.01,-1,-1,-0.01,-1,-1,-0.01,-1,-1,-0.01,-1,-1
99926009,2026-05-18 13:51:51+05:30,53533.55,0,0.0,0,0.0,0.0,53282.15,53585.15,52783.45,53710.35,0,0.0,0.0,0.0,0.0,-0.01,-1,-1,-0.01,-1,-1,-0.01,-1,-1,-0.01,-1,-1,-0.01,-1,-1,-0.01,-1,-1,-0.01,-1,-1,-0.01,-1,-1,-0.01,-1,-1,-0.01,-1,-1
99926009,2026-05-18 13:51:51+05:30,53532.7,0,0.0,0,0.0,0.0,53282.15,53585.15,52783.45,53710.35,0,0.0,0.0,0.0,0.0,-0.01,-1,-1,-0.01,-1,-1,-0.01,-1,-1,-0.01,-1,-1,-0.01,-1,-1,-0.01,-1,-1,-0.01,-1,-1,-0.01,-1,-1,-0.01,-1,-1,-0.01,-1,-1
99926009,2026-05-18 13:51:52+05:30,53529.05,0,0.0,0,0.0,0.0,53282.15,53585.15,52783.45,53710.35,0,0.0,0.0,0.0,0.0,-0.01,-1,-1,-0.01,-1,-1,-0.01,-1,-1,-0.01,-1,-1,-0.01,-1,-1,-0.01,-1,-1,-0.01,-1,-1,-0.01,-1,-1,-0.01,-1,-1,-0.01,-1,-1
99926009,2026-05-18 13:51:52+05:30,53529.9,0,0.0,0,0.0,0.0,53282.15,53585.15,52783.45,53710.35,0,0.0,0.0,0.0,0.0,-0.01,-1,-1,-0.01,-1,-1,-0.01,-1,-1,-0.01,-1,-1,-0.01,-1,-1,-0.01,-1,-1,-0.01,-1,-1,-0.01,-1,-1,-0.01,-1,-1,-0.01,-1,-1
99926009,2026-05-18 13:51:53+05:30,53531.2,0,0.0,0,0.0,0.0,53282.15,53585.15,52783.45,53710.35,0,0.0,0.0,0.0,0.0,-0.01,-1,-1,-0.01,-1,-1,-0.01,-1,-1,-0.01,-1,-1,-0.01,-1,-1,-0.01,-1,-1,-0.01,-1,-1,-0.01,-1,-1,-0.01,-1,-1,-0.01,-1,-1
99926009,2026-05-18 13:51:53+05:30,53530.05,0,0.0,0,0.0,0.0,53282.15,53585.15,52783.45,53710.35,0,0.0,0.0,0.0,0.0,-0.01,-1,-1,-0.01,-1,-1,-0.01,-1,-1,-0.01,-1,-1,-0.01,-1,-1,-0.01,-1,-1,-0.01,-1,-1,-0.01,-1,-1,-0.01,-1,-1,-0.01,-1,-1
99926009,2026-05-18 13:51:54+05:30,53533.55,0,0.0,0,0.0,0.0,53282.15,53585.15,52783.45,53710.35,0,0.0,0.0,0.0,0.0,-0.01,-1,-1,-0.01,-1,-1,-0.01,-1,-1,-0.01,-1,-1,-0.01,-1,-1,-0.01,-1,-1,-0.01,-1,-1,-0.01,-1,-1,-0.01,-1,-1,-0.01,-1,-1
99926009,2026-05-18 13:51:54+05:30,53533.25,0,0.0,0,0.0,0.0,53282.15,53585.15,52783.45,53710.35,0,0.0,0.0,0.0,0.0,-0.01,-1,-1,-0.01,-1,-1,-0.01,-1,-1,-0.01,-1,-1,-0.01,-1,-1,-0.01,-1,-1,-0.01,-1,-1,-0.01,-1,-1,-0.01,-1,-1,-0.01,-1,-1
99926009,2026-05-18 13:51:55+05:30,53536.9,0,0.0,0,0.0,0.0,53282.15,53585.15,52783.45,53710.35,0,0.0,0.0,0.0,0.0,-0.01,-1,-1,-0.01,-1,-1,-0.01,-1,-1,-0.01,-1,-1,-0.01,-1,-1,-0.01,-1,-1,-0.01,-1,-1,-0.01,-1,-1,-0.01,-1,-1,-0.01,-1,-1
99926009,2026-05-18 13:51:55+05:30,53537.05,0,0.0,0,0.0,0.0,53282.15,53585.15,52783.45,53710.35,0,0.0,0.0,0.0,0.0,-0.01,-1,-1,-0.01,-1,-1,-0.01,-1,-1,-0.01,-1,-1,-0.01,-1,-1,-0.01,-1,-1,-0.01,-1,-1,-0.01,-1,-1,-0.01,-1,-1,-0.01,-1,-1
99926009,2026-05-18 13:51:56+05:30,53538.95,0,0.0,0,0.0,0.0,53282.15,53585.15,52783.45,53710.35,0,0.0,0.0,0.0,0.0,-0.01,-1,-1,-0.01,-1,-1,-0.01,-1,-1,-0.01,-1,-1,-0.01,-1,-1,-0.01,-1,-1,-0.01,-1,-1,-0.01,-1,-1,-0.01,-1,-1,-0.01,-1,-1
99926009,2026-05-18 13:51:56+05:30,53541.35,0,0.0,0,0.0,0.0,53282.15,53585.15,52783.45,53710.35,0,0.0,0.0,0.0,0.0,-0.01,-1,-1,-0.01,-1,-1,-0.01,-1,-1,-0.01,-1,-1,-0.01,-1,-1,-0.01,-1,-1,-0.01,-1,-1,-0.01,-1,-1,-0.01,-1,-1,-0.01,-1,-1
99926009,2026-05-18 13:51:57+05:30,53538.75,0,0.0,0,0.0,0.0,53282.15,53585.15,52783.45,53710.35,0,0.0,0.0,0.0,0.0,-0.01,-1,-1,-0.01,-1,-1,-0.01,-1,-1,-0.01,-1,-1,-0.01,-1,-1,-0.01,-1,-1,-0.01,-1,-1,-0.01,-1,-1,-0.01,-1,-1,-0.01,-1,-1
99926009,2026-05-18 13:51:57+05:30,53537.4,0,0.0,0,0.0,0.0,53282.15,53585.15,52783.45,53710.35,0,0.0,0.0,0.0,0.0,-0.01,-1,-1,-0.01,-1,-1,-0.01,-1,-1,-0.01,-1,-1,-0.01,-1,-1,-0.01,-1,-1,-0.01,-1,-1,-0.01,-1,-1,-0.01,-1,-1,-0.01,-1,-1
99926009,2026-05-18 13:51:58+05:30,53538.25,0,0.0,0,0.0,0.0,53282.15,53585.15,52783.45,53710.35,0,0.0,0.0,0.0,0.0,-0.01,-1,-1,-0.01,-1,-1,-0.01,-1,-1,-0.01,-1,-1,-0.01,-1,-1,-0.01,-1,-1,-0.01,-1,-1,-0.01,-1,-1,-0.01,-1,-1,-0.01,-1,-1
99926009,2026-05-18 13:51:58+05:30,53539.55,0,0.0,0,0.0,0.0,53282.15,53585.15,52783.45,53710.35,0,0.0,0.0,0.0,0.0,-0.01,-1,-1,-0.01,-1,-1,-0.01,-1,-1,-0.01,-1,-1,-0.01,-1,-1,-0.01,-1,-1,-0.01,-1,-1,-0.01,-1,-1,-0.01,-1,-1,-0.01,-1,-1
99926009,2026-05-18 13:51:59+05:30,53539.8,0,0.0,0,0.0,0.0,53282.15,53585.15,52783.45,53710.35,0,0.0,0.0,0.0,0.0,-0.01,-1,-1,-0.01,-1,-1,-0.01,-1,-1,-0.01,-1,-1,-0.01,-1,-1,-0.01,-1,-1,-0.01,-1,-1,-0.01,-1,-1,-0.01,-1,-1,-0.01,-1,-1
99926009,2026-05-18 13:51:59+05:30,53542.15,0,0.0,0,0.0,0.0,53282.15,53585.15,52783.45,53710.35,0,0.0,0.0,0.0,0.0,-0.01,-1,-1,-0.01,-1,-1,-0.01,-1,-1,-0.01,-1,-1,-0.01,-1,-1,-0.01,-1,-1,-0.01,-1,-1,-0.01,-1,-1,-0.01,-1,-1,-0.01,-1,-1
99926009,2026-05-18 13:52:00+05:30,53542.55,0,0.0,0,0.0,0.0,53282.15,53585.15,52783.45,53710.35,0,0.0,0.0,0.0,0.0,-0.01,-1,-1,-0.01,-1,-1,-0.01,-1,-1,-0.01,-1,-1,-0.01,-1,-1,-0.01,-1,-1,-0.01,-1,-1,-0.01,-1,-1,-0.01,-1,-1,-0.01,-1,-1
99926009,2026-05-18 13:52:00+05:30,53541.7,0,0.0,0,0.0,0.0,53282.15,53585.15,52783.45,53710.35,0,0.0,0.0,0.0,0.0,-0.01,-1,-1,-0.01,-1,-1,-0.01,-1,-1,-0.01,-1,-1,-0.01,-1,-1,-0.01,-1,-1,-0.01,-1,-1,-0.01,-1,-1,-0.01,-1,-1,-0.01,-1,-1
99926009,2026-05-18 13:52:01+05:30,53541.4,0,0.0,0,0.0,0.0,53282.15,53585.15,52783.45,53710.35,0,0.0,0.0,0.0,0.0,-0.01,-1,-1,-0.01,-1,-1,-0.01,-1,-1,-0.01,-1,-1,-0.01,-1,-1,-0.01,-1,-1,-0.01,-1,-1,-0.01,-1,-1,-0.01,-1,-1,-0.01,-1,-1
99926009,2026-05-18 13:52:01+05:30,53542.5,0,0.0,0,0.0,0.0,53282.15,53585.15,52783.45,53710.35,0,0.0,0.0,0.0,0.0,-0.01,-1,-1,-0.01,-1,-1,-0.01,-1,-1,-0.01,-1,-1,-0.01,-1,-1,-0.01,-1,-1,-0.01,-1,-1,-0.01,-1,-1,-0.01,-1,-1,-0.01,-1,-1
99926009,2026-05-18 13:52:02+05:30,53543.4,0,0.0,0,0.0,0.0,53282.15,53585.15,52783.45,53710.35,0,0.0,0.0,0.0,0.0,-0.01,-1,-1,-0.01,-1,-1,-0.01,-1,-1,-0.01,-1,-1,-0.01,-1,-1,-0.01,-1,-1,-0.01,-1,-1,-0.01,-1,-1,-0.01,-1,-1,-0.01,-1,-1
99926009,2026-05-18 13:52:02+05:30,53536.5,0,0.0,0,0.0,0.0,53282.15,53585.15,52783.45,53710.35,0,0.0,0.0,0.0,0.0,-0.01,-1,-1,-0.01,-1,-1,-0.01,-1,-1,-0.01,-1,-1,-0.01,-1,-1,-0.01,-1,-1,-0.01,-1,-1,-0.01,-1,-1,-0.01,-1,-1,-0.01,-1,-1
99926009,2026-05-18 13:52:03+05:30,53539.55,0,0.0,0,0.0,0.0,53282.15,53585.15,52783.45,53710.35,0,0.0,0.0,0.0,0.0,-0.01,-1,-1,-0.01,-1,-1,-0.01,-1,-1,-0.01,-1,-1,-0.01,-1,-1,-0.01,-1,-1,-0.01,-1,-1,-0.01,-1,-1,-0.01,-1,-1,-0.01,-1,-1
99926009,2026-05-18 13:52:03+05:30,53541.9,0,0.0,0,0.0,0.0,53282.15,53585.15,52783.45,53710.35,0,0.0,0.0,0.0,0.0,-0.01,-1,-1,-0.01,-1,-1,-0.01,-1,-1,-0.01,-1,-1,-0.01,-1,-1,-0.01,-1,-1,-0.01,-1,-1,-0.01,-1,-1,-0.01,-1,-1,-0.01,-1,-1
99926009,2026-05-18 13:52:04+05:30,53541.2,0,0.0,0,0.0,0.0,53282.15,53585.15,52783.45,53710.35,0,0.0,0.0,0.0,0.0,-0.01,-1,-1,-0.01,-1,-1,-0.01,-1,-1,-0.01,-1,-1,-0.01,-1,-1,-0.01,-1,-1,-0.01,-1,-1,-0.01,-1,-1,-0.01,-1,-1,-0.01,-1,-1
99926009,2026-05-18 13:52:04+05:30,53541.65,0,0.0,0,0.0,0.0,53282.15,53585.15,52783.45,53710.35,0,0.0,0.0,0.0,0.0,-0.01,-1,-1,-0.01,-1,-1,-0.01,-1,-1,-0.01,-1,-1,-0.01,-1,-1,-0.01,-1,-1,-0.01,-1,-1,-0.01,-1,-1,-0.01,-1,-1,-0.01,-1,-1
99926009,2026-05-18 13:52:05+05:30,53541.8,0,0.0,0,0.0,0.0,53282.15,53585.15,52783.45,53710.35,0,0.0,0.0,0.0,0.0,-0.01,-1,-1,-0.01,-1,-1,-0.01,-1,-1,-0.01,-1,-1,-0.01,-1,-1,-0.01,-1,-1,-0.01,-1,-1,-0.01,-1,-1,-0.01,-1,-1,-0.01,-1,-1
99926009,2026-05-18 13:52:05+05:30,53538.6,0,0.0,0,0.0,0.0,53282.15,53585.15,52783.45,53710.35,0,0.0,0.0,0.0,0.0,-0.01,-1,-1,-0.01,-1,-1,-0.01,-1,-1,-0.01,-1,-1,-0.01,-1,-1,-0.01,-1,-1,-0.01,-1,-1,-0.01,-1,-1,-0.01,-1,-1,-0.01,-1,-1
99926009,2026-05-18 13:52:06+05:30,53542.5,0,0.0,0,0.0,0.0,53282.15,53585.15,52783.45,53710.35,0,0.0,0.0,0.0,0.0,-0.01,-1,-1,-0.01,-1,-1,-0.01,-1,-1,-0.01,-1,-1,-0.01,-1,-1,-0.01,-1,-1,-0.01,-1,-1,-0.01,-1,-1,-0.01,-1,-1,-0.01,-1,-1
99926009,2026-05-18 13:52:06+05:30,53543.75,0,0.0,0,0.0,0.0,53282.15,53585.15,52783.45,53710.35,0,0.0,0.0,0.0,0.0,-0.01,-1,-1,-0.01,-1,-1,-0.01,-1,-1,-0.01,-1,-1,-0.01,-1,-1,-0.01,-1,-1,-0.01,-1,-1,-0.01,-1,-1,-0.01,-1,-1,-0.01,-1,-1
99926009,2026-05-18 13:52:07+05:30,53541.35,0,0.0,0,0.0,0.0,53282.15,53585.15,52783.45,53710.35,0,0.0,0.0,0.0,0.0,-0.01,-1,-1,-0.01,-1,-1,-0.01,-1,-1,-0.01,-1,-1,-0.01,-1,-1,-0.01,-1,-1,-0.01,-1,-1,-0.01,-1,-1,-0.01,-1,-1,-0.01,-1,-1
99926009,2026-05-18 13:52:07+05:30,53541.25,0,0.0,0,0.0,0.0,53282.15,53585.15,52783.45,53710.35,0,0.0,0.0,0.0,0.0,-0.01,-1,-1,-0.01,-1,-1,-0.01,-1,-1,-0.01,-1,-1,-0.01,-1,-1,-0.01,-1,-1,-0.01,-1,-1,-0.01,-1,-1,-0.01,-1,-1,-0.01,-1,-1
99926009,2026-05-18 13:52:08+05:30,53541.75,0,0.0,0,0.0,0.0,53282.15,53585.15,52783.45,53710.35,0,0.0,0.0,0.0,0.0,-0.01,-1,-1,-0.01,-1,-1,-0.01,-1,-1,-0.01,-1,-1,-0.01,-1,-1,-0.01,-1,-1,-0.01,-1,-1,-0.01,-1,-1,-0.01,-1,-1,-0.01,-1,-1
99926009,2026-05-18 13:52:08+05:30,53544.0,0,0.0,0,0.0,0.0,53282.15,53585.15,52783.45,53710.35,0,0.0,0.0,0.0,0.0,-0.01,-1,-1,-0.01,-1,-1,-0.01,-1,-1,-0.01,-1,-1,-0.01,-1,-1,-0.01,-1,-1,-0.01,-1,-1,-0.01,-1,-1,-0.01,-1,-1,-0.01,-1,-1
99926009,2026-05-18 13:52:09+05:30,53543.55,0,0.0,0,0.0,0.0,53282.15,53585.15,52783.45,53710.35,0,0.0,0.0,0.0,0.0,-0.01,-1,-1,-0.01,-1,-1,-0.01,-1,-1,-0.01,-1,-1,-0.01,-1,-1,-0.01,-1,-1,-0.01,-1,-1,-0.01,-1,-1,-0.01,-1,-1,-0.01,-1,-1
99926009,2026-05-18 13:52:09+05:30,53546.15,0,0.0,0,0.0,0.0,53282.15,53585.15,52783.45,53710.35,0,0.0,0.0,0.0,0.0,-0.01,-1,-1,-0.01,-1,-1,-0.01,-1,-1,-0.01,-1,-1,-0.01,-1,-1,-0.01,-1,-1,-0.01,-1,-1,-0.01,-1,-1,-0.01,-1,-1,-0.01,-1,-1
99926009,2026-05-18 13:52:10+05:30,53546.2,0,0.0,0,0.0,0.0,53282.15,53585.15,52783.45,53710.35,0,0.0,0.0,0.0,0.0,-0.01,-1,-1,-0.01,-1,-1,-0.01,-1,-1,-0.01,-1,-1,-0.01,-1,-1,-0.01,-1,-1,-0.01,-1,-1,-0.01,-1,-1,-0.01,-1,-1,-0.01,-1,-1
99926009,2026-05-18 13:52:10+05:30,53544.15,0,0.0,0,0.0,0.0,53282.15,53585.15,52783.45,53710.35,0,0.0,0.0,0.0,0.0,-0.01,-1,-1,-0.01,-1,-1,-0.01,-1,-1,-0.01,-1,-1,-0.01,-1,-1,-0.01,-1,-1,-0.01,-1,-1,-0.01,-1,-1,-0.01,-1,-1,-0.01,-1,-1
99926009,2026-05-18 13:52:11+05:30,53545.75,0,0.0,0,0.0,0.0,53282.15,53585.15,52783.45,53710.35,0,0.0,0.0,0.0,0.0,-0.01,-1,-1,-0.01,-1,-1,-0.01,-1,-1,-0.01,-1,-1,-0.01,-1,-1,-0.01,-1,-1,-0.01,-1,-1,-0.01,-1,-1,-0.01,-1,-1,-0.01,-1,-1
99926009,2026-05-18 13:52:11+05:30,53545.8,0,0.0,0,0.0,0.0,53282.15,53585.15,52783.45,53710.35,0,0.0,0.0,0.0,0.0,-0.01,-1,-1,-0.01,-1,-1,-0.01,-1,-1,-0.01,-1,-1,-0.01,-1,-1,-0.01,-1,-1,-0.01,-1,-1,-0.01,-1,-1,-0.01,-1,-1,-0.01,-1,-1
99926009,2026-05-18 13:52:12+05:30,53548.5,0,0.0,0,0.0,0.0,53282.15,53585.15,52783.45,53710.35,0,0.0,0.0,0.0,0.0,-0.01,-1,-1,-0.01,-1,-1,-0.01,-1,-1,-0.01,-1,-1,-0.01,-1,-1,-0.01,-1,-1,-0.01,-1,-1,-0.01,-1,-1,-0.01,-1,-1,-0.01,-1,-1
99926009,2026-05-18 13:52:12+05:30,53549.25,0,0.0,0,0.0,0.0,53282.15,53585.15,52783.45,53710.35,0,0.0,0.0,0.0,0.0,-0.01,-1,-1,-0.01,-1,-1,-0.01,-1,-1,-0.01,-1,-1,-0.01,-1,-1,-0.01,-1,-1,-0.01,-1,-1,-0.01,-1,-1,-0.01,-1,-1,-0.01,-1,-1
99926009,2026-05-18 13:52:13+05:30,53551.45,0,0.0,0,0.0,0.0,53282.15,53585.15,52783.45,53710.35,0,0.0,0.0,0.0,0.0,-0.01,-1,-1,-0.01,-1,-1,-0.01,-1,-1,-0.01,-1,-1,-0.01,-1,-1,-0.01,-1,-1,-0.01,-1,-1,-0.01,-1,-1,-0.01,-1,-1,-0.01,-1,-1
99926009,2026-05-18 13:52:13+05:30,53552.15,0,0.0,0,0.0,0.0,53282.15,53585.15,52783.45,53710.35,0,0.0,0.0,0.0,0.0,-0.01,-1,-1,-0.01,-1,-1,-0.01,-1,-1,-0.01,-1,-1,-0.01,-1,-1,-0.01,-1,-1,-0.01,-1,-1,-0.01,-1,-1,-0.01,-1,-1,-0.01,-1,-1
99926009,2026-05-18 13:52:14+05:30,53552.7,0,0.0,0,0.0,0.0,53282.15,53585.15,52783.45,53710.35,0,0.0,0.0,0.0,0.0,-0.01,-1,-1,-0.01,-1,-1,-0.01,-1,-1,-0.01,-1,-1,-0.01,-1,-1,-0.01,-1,-1,-0.01,-1,-1,-0.01,-1,-1,-0.01,-1,-1,-0.01,-1,-1
99926009,2026-05-18 13:52:14+05:30,53551.15,0,0.0,0,0.0,0.0,53282.15,53585.15,52783.45,53710.35,0,0.0,0.0,0.0,0.0,-0.01,-1,-1,-0.01,-1,-1,-0.01,-1,-1,-0.01,-1,-1,-0.01,-1,-1,-0.01,-1,-1,-0.01,-1,-1,-0.01,-1,-1,-0.01,-1,-1,-0.01,-1,-1
99926009,2026-05-18 13:52:15+05:30,53549.7,0,0.0,0,0.0,0.0,53282.15,53585.15,52783.45,53710.35,0,0.0,0.0,0.0,0.0,-0.01,-1,-1,-0.01,-1,-1,-0.01,-1,-1,-0.01,-1,-1,-0.01,-1,-1,-0.01,-1,-1,-0.01,-1,-1,-0.01,-1,-1,-0.01,-1,-1,-0.01,-1,-1
99926009,2026-05-18 13:52:15+05:30,53551.8,0,0.0,0,0.0,0.0,53282.15,53585.15,52783.45,53710.35,0,0.0,0.0,0.0,0.0,-0.01,-1,-1,-0.01,-1,-1,-0.01,-1,-1,-0.01,-1,-1,-0.01,-1,-1,-0.01,-1,-1,-0.01,-1,-1,-0.01,-1,-1,-0.01,-1,-1,-0.01,-1,-1
99926009,2026-05-18 13:52:16+05:30,53551.85,0,0.0,0,0.0,0.0,53282.15,53585.15,52783.45,53710.35,0,0.0,0.0,0.0,0.0,-0.01,-1,-1,-0.01,-1,-1,-0.01,-1,-1,-0.01,-1,-1,-0.01,-1,-1,-0.01,-1,-1,-0.01,-1,-1,-0.01,-1,-1,-0.01,-1,-1,-0.01,-1,-1
99926009,2026-05-18 13:52:16+05:30,53551.5,0,0.0,0,0.0,0.0,53282.15,53585.15,52783.45,53710.35,0,0.0,0.0,0.0,0.0,-0.01,-1,-1,-0.01,-1,-1,-0.01,-1,-1,-0.01,-1,-1,-0.01,-1,-1,-0.01,-1,-1,-0.01,-1,-1,-0.01,-1,-1,-0.01,-1,-1,-0.01,-1,-1
99926009,2026-05-18 13:52:17+05:30,53551.95,0,0.0,0,0.0,0.0,53282.15,53585.15,52783.45,53710.35,0,0.0,0.0,0.0,0.0,-0.01,-1,-1,-0.01,-1,-1,-0.01,-1,-1,-0.01,-1,-1,-0.01,-1,-1,-0.01,-1,-1,-0.01,-1,-1,-0.01,-1,-1,-0.01,-1,-1,-0.01,-1,-1
99926009,2026-05-18 13:52:17+05:30,53554.55,0,0.0,0,0.0,0.0,53282.15,53585.15,52783.45,53710.35,0,0.0,0.0,0.0,0.0,-0.01,-1,-1,-0.01,-1,-1,-0.01,-1,-1,-0.01,-1,-1,-0.01,-1,-1,-0.01,-1,-1,-0.01,-1,-1,-0.01,-1,-1,-0.01,-1,-1,-0.01,-1,-1
99926009,2026-05-18 13:52:18+05:30,53552.05,0,0.0,0,0.0,0.0,53282.15,53585.15,52783.45,53710.35,0,0.0,0.0,0.0,0.0,-0.01,-1,-1,-0.01,-1,-1,-0.01,-1,-1,-0.01,-1,-1,-0.01,-1,-1,-0.01,-1,-1,-0.01,-1,-1,-0.01,-1,-1,-0.01,-1,-1,-0.01,-1,-1
99926009,2026-05-18 13:52:18+05:30,53554.05,0,0.0,0,0.0,0.0,53282.15,53585.15,52783.45,53710.35,0,0.0,0.0,0.0,0.0,-0.01,-1,-1,-0.01,-1,-1,-0.01,-1,-1,-0.01,-1,-1,-0.01,-1,-1,-0.01,-1,-1,-0.01,-1,-1,-0.01,-1,-1,-0.01,-1,-1,-0.01,-1,-1
99926009,2026-05-18 13:52:19+05:30,53551.05,0,0.0,0,0.0,0.0,53282.15,53585.15,52783.45,53710.35,0,0.0,0.0,0.0,0.0,-0.01,-1,-1,-0.01,-1,-1,-0.01,-1,-1,-0.01,-1,-1,-0.01,-1,-1,-0.01,-1,-1,-0.01,-1,-1,-0.01,-1,-1,-0.01,-1,-1,-0.01,-1,-1
99926009,2026-05-18 13:52:19+05:30,53552.15,0,0.0,0,0.0,0.0,53282.15,53585.15,52783.45,53710.35,0,0.0,0.0,0.0,0.0,-0.01,-1,-1,-0.01,-1,-1,-0.01,-1,-1,-0.01,-1,-1,-0.01,-1,-1,-0.01,-1,-1,-0.01,-1,-1,-0.01,-1,-1,-0.01,-1,-1,-0.01,-1,-1
99926009,2026-05-18 13:52:20+05:30,53551.75,0,0.0,0,0.0,0.0,53282.15,53585.15,52783.45,53710.35,0,0.0,0.0,0.0,0.0,-0.01,-1,-1,-0.01,-1,-1,-0.01,-1,-1,-0.01,-1,-1,-0.01,-1,-1,-0.01,-1,-1,-0.01,-1,-1,-0.01,-1,-1,-0.01,-1,-1,-0.01,-1,-1
99926009,2026-05-18 13:52:20+05:30,53549.2,0,0.0,0,0.0,0.0,53282.15,53585.15,52783.45,53710.35,0,0.0,0.0,0.0,0.0,-0.01,-1,-1,-0.01,-1,-1,-0.01,-1,-1,-0.01,-1,-1,-0.01,-1,-1,-0.01,-1,-1,-0.01,-1,-1,-0.01,-1,-1,-0.01,-1,-1,-0.01,-1,-1
99926009,2026-05-18 13:52:21+05:30,53551.1,0,0.0,0,0.0,0.0,53282.15,53585.15,52783.45,53710.35,0,0.0,0.0,0.0,0.0,-0.01,-1,-1,-0.01,-1,-1,-0.01,-1,-1,-0.01,-1,-1,-0.01,-1,-1,-0.01,-1,-1,-0.01,-1,-1,-0.01,-1,-1,-0.01,-1,-1,-0.01,-1,-1
99926009,2026-05-18 13:52:21+05:30,53552.1,0,0.0,0,0.0,0.0,53282.15,53585.15,52783.45,53710.35,0,0.0,0.0,0.0,0.0,-0.01,-1,-1,-0.01,-1,-1,-0.01,-1,-1,-0.01,-1,-1,-0.01,-1,-1,-0.01,-1,-1,-0.01,-1,-1,-0.01,-1,-1,-0.01,-1,-1,-0.01,-1,-1
99926009,2026-05-18 13:52:22+05:30,53551.25,0,0.0,0,0.0,0.0,53282.15,53585.15,52783.45,53710.35,0,0.0,0.0,0.0,0.0,-0.01,-1,-1,-0.01,-1,-1,-0.01,-1,-1,-0.01,-1,-1,-0.01,-1,-1,-0.01,-1,-1,-0.01,-1,-1,-0.01,-1,-1,-0.01,-1,-1,-0.01,-1,-1
99926009,2026-05-18 13:52:22+05:30,53549.35,0,0.0,0,0.0,0.0,53282.15,53585.15,52783.45,53710.35,0,0.0,0.0,0.0,0.0,-0.01,-1,-1,-0.01,-1,-1,-0.01,-1,-1,-0.01,-1,-1,-0.01,-1,-1,-0.01,-1,-1,-0.01,-1,-1,-0.01,-1,-1,-0.01,-1,-1,-0.01,-1,-1
99926009,2026-05-18 13:52:23+05:30,53553.85,0,0.0,0,0.0,0.0,53282.15,53585.15,52783.45,53710.35,0,0.0,0.0,0.0,0.0,-0.01,-1,-1,-0.01,-1,-1,-0.01,-1,-1,-0.01,-1,-1,-0.01,-1,-1,-0.01,-1,-1,-0.01,-1,-1,-0.01,-1,-1,-0.01,-1,-1,-0.01,-1,-1
99926009,2026-05-18 13:52:23+05:30,53550.8,0,0.0,0,0.0,0.0,53282.15,53585.15,52783.45,53710.35,0,0.0,0.0,0.0,0.0,-0.01,-1,-1,-0.01,-1,-1,-0.01,-1,-1,-0.01,-1,-1,-0.01,-1,-1,-0.01,-1,-1,-0.01,-1,-1,-0.01,-1,-1,-0.01,-1,-1,-0.01,-1,-1
99926009,2026-05-18 13:52:24+05:30,53552.1,0,0.0,0,0.0,0.0,53282.15,53585.15,52783.45,53710.35,0,0.0,0.0,0.0,0.0,-0.01,-1,-1,-0.01,-1,-1,-0.01,-1,-1,-0.01,-1,-1,-0.01,-1,-1,-0.01,-1,-1,-0.01,-1,-1,-0.01,-1,-1,-0.01,-1,-1,-0.01,-1,-1
99926009,2026-05-18 13:52:24+05:30,53551.7,0,0.0,0,0.0,0.0,53282.15,53585.15,52783.45,53710.35,0,0.0,0.0,0.0,0.0,-0.01,-1,-1,-0.01,-1,-1,-0.01,-1,-1,-0.01,-1,-1,-0.01,-1,-1,-0.01,-1,-1,-0.01,-1,-1,-0.01,-1,-1,-0.01,-1,-1,-0.01,-1,-1
99926009,2026-05-18 13:52:25+05:30,53551.5,0,0.0,0,0.0,0.0,53282.15,53585.15,52783.45,53710.35,0,0.0,0.0,0.0,0.0,-0.01,-1,-1,-0.01,-1,-1,-0.01,-1,-1,-0.01,-1,-1,-0.01,-1,-1,-0.01,-1,-1,-0.01,-1,-1,-0.01,-1,-1,-0.01,-1,-1,-0.01,-1,-1
99926009,2026-05-18 13:52:25+05:30,53552.1,0,0.0,0,0.0,0.0,53282.15,53585.15,52783.45,53710.35,0,0.0,0.0,0.0,0.0,-0.01,-1,-1,-0.01,-1,-1,-0.01,-1,-1,-0.01,-1,-1,-0.01,-1,-1,-0.01,-1,-1,-0.01,-1,-1,-0.01,-1,-1,-0.01,-1,-1,-0.01,-1,-1
99926009,2026-05-18 13:52:26+05:30,53552.15,0,0.0,0,0.0,0.0,53282.15,53585.15,52783.45,53710.35,0,0.0,0.0,0.0,0.0,-0.01,-1,-1,-0.01,-1,-1,-0.01,-1,-1,-0.01,-1,-1,-0.01,-1,-1,-0.01,-1,-1,-0.01,-1,-1,-0.01,-1,-1,-0.01,-1,-1,-0.01,-1,-1
99926009,2026-05-18 13:52:26+05:30,53550.6,0,0.0,0,0.0,0.0,53282.15,53585.15,52783.45,53710.35,0,0.0,0.0,0.0,0.0,-0.01,-1,-1,-0.01,-1,-1,-0.01,-1,-1,-0.01,-1,-1,-0.01,-1,-1,-0.01,-1,-1,-0.01,-1,-1,-0.01,-1,-1,-0.01,-1,-1,-0.01,-1,-1
99926009,2026-05-18 13:52:27+05:30,53549.8,0,0.0,0,0.0,0.0,53282.15,53585.15,52783.45,53710.35,0,0.0,0.0,0.0,0.0,-0.01,-1,-1,-0.01,-1,-1,-0.01,-1,-1,-0.01,-1,-1,-0.01,-1,-1,-0.01,-1,-1,-0.01,-1,-1,-0.01,-1,-1,-0.01,-1,-1,-0.01,-1,-1
99926009,2026-05-18 13:52:27+05:30,53550.45,0,0.0,0,0.0,0.0,53282.15,53585.15,52783.45,53710.35,0,0.0,0.0,0.0,0.0,-0.01,-1,-1,-0.01,-1,-1,-0.01,-1,-1,-0.01,-1,-1,-0.01,-1,-1,-0.01,-1,-1,-0.01,-1,-1,-0.01,-1,-1,-0.01,-1,-1,-0.01,-1,-1
99926009,2026-05-18 13:52:28+05:30,53550.8,0,0.0,0,0.0,0.0,53282.15,53585.15,52783.45,53710.35,0,0.0,0.0,0.0,0.0,-0.01,-1,-1,-0.01,-1,-1,-0.01,-1,-1,-0.01,-1,-1,-0.01,-1,-1,-0.01,-1,-1,-0.01,-1,-1,-0.01,-1,-1,-0.01,-1,-1,-0.01,-1,-1
99926009,2026-05-18 13:52:28+05:30,53548.3,0,0.0,0,0.0,0.0,53282.15,53585.15,52783.45,53710.35,0,0.0,0.0,0.0,0.0,-0.01,-1,-1,-0.01,-1,-1,-0.01,-1,-1,-0.01,-1,-1,-0.01,-1,-1,-0.01,-1,-1,-0.01,-1,-1,-0.01,-1,-1,-0.01,-1,-1,-0.01,-1,-1
99926009,2026-05-18 13:52:29+05:30,53548.6,0,0.0,0,0.0,0.0,53282.15,53585.15,52783.45,53710.35,0,0.0,0.0,0.0,0.0,-0.01,-1,-1,-0.01,-1,-1,-0.01,-1,-1,-0.01,-1,-1,-0.01,-1,-1,-0.01,-1,-1,-0.01,-1,-1,-0.01,-1,-1,-0.01,-1,-1,-0.01,-1,-1
99926009,2026-05-18 13:52:29+05:30,53550.2,0,0.0,0,0.0,0.0,53282.15,53585.15,52783.45,53710.35,0,0.0,0.0,0.0,0.0,-0.01,-1,-1,-0.01,-1,-1,-0.01,-1,-1,-0.01,-1,-1,-0.01,-1,-1,-0.01,-1,-1,-0.01,-1,-1,-0.01,-1,-1,-0.01,-1,-1,-0.01,-1,-1
99926009,2026-05-18 13:52:30+05:30,53550.4,0,0.0,0,0.0,0.0,53282.15,53585.15,52783.45,53710.35,0,0.0,0.0,0.0,0.0,-0.01,-1,-1,-0.01,-1,-1,-0.01,-1,-1,-0.01,-1,-1,-0.01,-1,-1,-0.01,-1,-1,-0.01,-1,-1,-0.01,-1,-1,-0.01,-1,-1,-0.01,-1,-1
99926009,2026-05-18 13:52:30+05:30,53552.0,0,0.0,0,0.0,0.0,53282.15,53585.15,52783.45,53710.35,0,0.0,0.0,0.0,0.0,-0.01,-1,-1,-0.01,-1,-1,-0.01,-1,-1,-0.01,-1,-1,-0.01,-1,-1,-0.01,-1,-1,-0.01,-1,-1,-0.01,-1,-1,-0.01,-1,-1,-0.01,-1,-1
99926009,2026-05-18 13:52:31+05:30,53554.95,0,0.0,0,0.0,0.0,53282.15,53585.15,52783.45,53710.35,0,0.0,0.0,0.0,0.0,-0.01,-1,-1,-0.01,-1,-1,-0.01,-1,-1,-0.01,-1,-1,-0.01,-1,-1,-0.01,-1,-1,-0.01,-1,-1,-0.01,-1,-1,-0.01,-1,-1,-0.01,-1,-1
99926009,2026-05-18 13:52:31+05:30,53553.6,0,0.0,0,0.0,0.0,53282.15,53585.15,52783.45,53710.35,0,0.0,0.0,0.0,0.0,-0.01,-1,-1,-0.01,-1,-1,-0.01,-1,-1,-0.01,-1,-1,-0.01,-1,-1,-0.01,-1,-1,-0.01,-1,-1,-0.01,-1,-1,-0.01,-1,-1,-0.01,-1,-1
99926009,2026-05-18 13:52:32+05:30,53553.45,0,0.0,0,0.0,0.0,53282.15,53585.15,52783.45,53710.35,0,0.0,0.0,0.0,0.0,-0.01,-1,-1,-0.01,-1,-1,-0.01,-1,-1,-0.01,-1,-1,-0.01,-1,-1,-0.01,-1,-1,-0.01,-1,-1,-0.01,-1,-1,-0.01,-1,-1,-0.01,-1,-1
99926009,2026-05-18 13:52:32+05:30,53553.65,0,0.0,0,0.0,0.0,53282.15,53585.15,52783.45,53710.35,0,0.0,0.0,0.0,0.0,-0.01,-1,-1,-0.01,-1,-1,-0.01,-1,-1,-0.01,-1,-1,-0.01,-1,-1,-0.01,-1,-1,-0.01,-1,-1,-0.01,-1,-1,-0.01,-1,-1,-0.01,-1,-1
99926009,2026-05-18 13:52:33+05:30,53554.05,0,0.0,0,0.0,0.0,53282.15,53585.15,52783.45,53710.35,0,0.0,0.0,0.0,0.0,-0.01,-1,-1,-0.01,-1,-1,-0.01,-1,-1,-0.01,-1,-1,-0.01,-1,-1,-0.01,-1,-1,-0.01,-1,-1,-0.01,-1,-1,-0.01,-1,-1,-0.01,-1,-1
99926009,2026-05-18 13:52:33+05:30,53554.45,0,0.0,0,0.0,0.0,53282.15,53585.15,52783.45,53710.35,0,0.0,0.0,0.0,0.0,-0.01,-1,-1,-0.01,-1,-1,-0.01,-1,-1,-0.01,-1,-1,-0.01,-1,-1,-0.01,-1,-1,-0.01,-1,-1,-0.01,-1,-1,-0.01,-1,-1,-0.01,-1,-1
99926009,2026-05-18 13:52:34+05:30,53553.4,0,0.0,0,0.0,0.0,53282.15,53585.15,52783.45,53710.35,0,0.0,0.0,0.0,0.0,-0.01,-1,-1,-0.01,-1,-1,-0.01,-1,-1,-0.01,-1,-1,-0.01,-1,-1,-0.01,-1,-1,-0.01,-1,-1,-0.01,-1,-1,-0.01,-1,-1,-0.01,-1,-1
99926009,2026-05-18 13:52:34+05:30,53552.0,0,0.0,0,0.0,0.0,53282.15,53585.15,52783.45,53710.35,0,0.0,0.0,0.0,0.0,-0.01,-1,-1,-0.01,-1,-1,-0.01,-1,-1,-0.01,-1,-1,-0.01,-1,-1,-0.01,-1,-1,-0.01,-1,-1,-0.01,-1,-1,-0.01,-1,-1,-0.01,-1,-1
99926009,2026-05-18 13:52:35+05:30,53554.95,0,0.0,0,0.0,0.0,53282.15,53585.15,52783.45,53710.35,0,0.0,0.0,0.0,0.0,-0.01,-1,-1,-0.01,-1,-1,-0.01,-1,-1,-0.01,-1,-1,-0.01,-1,-1,-0.01,-1,-1,-0.01,-1,-1,-0.01,-1,-1,-0.01,-1,-1,-0.01,-1,-1
99926009,2026-05-18 13:52:35+05:30,53554.8,0,0.0,0,0.0,0.0,53282.15,53585.15,52783.45,53710.35,0,0.0,0.0,0.0,0.0,-0.01,-1,-1,-0.01,-1,-1,-0.01,-1,-1,-0.01,-1,-1,-0.01,-1,-1,-0.01,-1,-1,-0.01,-1,-1,-0.01,-1,-1,-0.01,-1,-1,-0.01,-1,-1
99926009,2026-05-18 13:52:36+05:30,53555.3,0,0.0,0,0.0,0.0,53282.15,53585.15,52783.45,53710.35,0,0.0,0.0,0.0,0.0,-0.01,-1,-1,-0.01,-1,-1,-0.01,-1,-1,-0.01,-1,-1,-0.01,-1,-1,-0.01,-1,-1,-0.01,-1,-1,-0.01,-1,-1,-0.01,-1,-1,-0.01,-1,-1
99926009,2026-05-18 13:52:36+05:30,53556.5,0,0.0,0,0.0,0.0,53282.15,53585.15,52783.45,53710.35,0,0.0,0.0,0.0,0.0,-0.01,-1,-1,-0.01,-1,-1,-0.01,-1,-1,-0.01,-1,-1,-0.01,-1,-1,-0.01,-1,-1,-0.01,-1,-1,-0.01,-1,-1,-0.01,-1,-1,-0.01,-1,-1
99926009,2026-05-18 13:52:37+05:30,53554.65,0,0.0,0,0.0,0.0,53282.15,53585.15,52783.45,53710.35,0,0.0,0.0,0.0,0.0,-0.01,-1,-1,-0.01,-1,-1,-0.01,-1,-1,-0.01,-1,-1,-0.01,-1,-1,-0.01,-1,-1,-0.01,-1,-1,-0.01,-1,-1,-0.01,-1,-1,-0.01,-1,-1
99926009,2026-05-18 13:52:37+05:30,53555.65,0,0.0,0,0.0,0.0,53282.15,53585.15,52783.45,53710.35,0,0.0,0.0,0.0,0.0,-0.01,-1,-1,-0.01,-1,-1,-0.01,-1,-1,-0.01,-1,-1,-0.01,-1,-1,-0.01,-1,-1,-0.01,-1,-1,-0.01,-1,-1,-0.01,-1,-1,-0.01,-1,-1
99926009,2026-05-18 13:52:38+05:30,53553.3,0,0.0,0,0.0,0.0,53282.15,53585.15,52783.45,53710.35,0,0.0,0.0,0.0,0.0,-0.01,-1,-1,-0.01,-1,-1,-0.01,-1,-1,-0.01,-1,-1,-0.01,-1,-1,-0.01,-1,-1,-0.01,-1,-1,-0.01,-1,-1,-0.01,-1,-1,-0.01,-1,-1
99926009,2026-05-18 13:52:38+05:30,53555.8,0,0.0,0,0.0,0.0,53282.15,53585.15,52783.45,53710.35,0,0.0,0.0,0.0,0.0,-0.01,-1,-1,-0.01,-1,-1,-0.01,-1,-1,-0.01,-1,-1,-0.01,-1,-1,-0.01,-1,-1,-0.01,-1,-1,-0.01,-1,-1,-0.01,-1,-1,-0.01,-1,-1
99926009,2026-05-18 13:52:39+05:30,53556.15,0,0.0,0,0.0,0.0,53282.15,53585.15,52783.45,53710.35,0,0.0,0.0,0.0,0.0,-0.01,-1,-1,-0.01,-1,-1,-0.01,-1,-1,-0.01,-1,-1,-0.01,-1,-1,-0.01,-1,-1,-0.01,-1,-1,-0.01,-1,-1,-0.01,-1,-1,-0.01,-1,-1
99926009,2026-05-18 13:52:39+05:30,53558.6,0,0.0,0,0.0,0.0,53282.15,53585.15,52783.45,53710.35,0,0.0,0.0,0.0,0.0,-0.01,-1,-1,-0.01,-1,-1,-0.01,-1,-1,-0.01,-1,-1,-0.01,-1,-1,-0.01,-1,-1,-0.01,-1,-1,-0.01,-1,-1,-0.01,-1,-1,-0.01,-1,-1
99926009,2026-05-18 13:52:40+05:30,53559.65,0,0.0,0,0.0,0.0,53282.15,53585.15,52783.45,53710.35,0,0.0,0.0,0.0,0.0,-0.01,-1,-1,-0.01,-1,-1,-0.01,-1,-1,-0.01,-1,-1,-0.01,-1,-1,-0.01,-1,-1,-0.01,-1,-1,-0.01,-1,-1,-0.01,-1,-1,-0.01,-1,-1
99926009,2026-05-18 13:52:40+05:30,53558.1,0,0.0,0,0.0,0.0,53282.15,53585.15,52783.45,53710.35,0,0.0,0.0,0.0,0.0,-0.01,-1,-1,-0.01,-1,-1,-0.01,-1,-1,-0.01,-1,-1,-0.01,-1,-1,-0.01,-1,-1,-0.01,-1,-1,-0.01,-1,-1,-0.01,-1,-1,-0.01,-1,-1
99926009,2026-05-18 13:52:41+05:30,53559.3,0,0.0,0,0.0,0.0,53282.15,53585.15,52783.45,53710.35,0,0.0,0.0,0.0,0.0,-0.01,-1,-1,-0.01,-1,-1,-0.01,-1,-1,-0.01,-1,-1,-0.01,-1,-1,-0.01,-1,-1,-0.01,-1,-1,-0.01,-1,-1,-0.01,-1,-1,-0.01,-1,-1
99926009,2026-05-18 13:52:41+05:30,53558.8,0,0.0,0,0.0,0.0,53282.15,53585.15,52783.45,53710.35,0,0.0,0.0,0.0,0.0,-0.01,-1,-1,-0.01,-1,-1,-0.01,-1,-1,-0.01,-1,-1,-0.01,-1,-1,-0.01,-1,-1,-0.01,-1,-1,-0.01,-1,-1,-0.01,-1,-1,-0.01,-1,-1
99926009,2026-05-18 13:52:42+05:30,53557.75,0,0.0,0,0.0,0.0,53282.15,53585.15,52783.45,53710.35,0,0.0,0.0,0.0,0.0,-0.01,-1,-1,-0.01,-1,-1,-0.01,-1,-1,-0.01,-1,-1,-0.01,-1,-1,-0.01,-1,-1,-0.01,-1,-1,-0.01,-1,-1,-0.01,-1,-1,-0.01,-1,-1
99926009,2026-05-18 13:52:42+05:30,53557.35,0,0.0,0,0.0,0.0,53282.15,53585.15,52783.45,53710.35,0,0.0,0.0,0.0,0.0,-0.01,-1,-1,-0.01,-1,-1,-0.01,-1,-1,-0.01,-1,-1,-0.01,-1,-1,-0.01,-1,-1,-0.01,-1,-1,-0.01,-1,-1,-0.01,-1,-1,-0.01,-1,-1
99926009,2026-05-18 13:52:43+05:30,53556.55,0,0.0,0,0.0,0.0,53282.15,53585.15,52783.45,53710.35,0,0.0,0.0,0.0,0.0,-0.01,-1,-1,-0.01,-1,-1,-0.01,-1,-1,-0.01,-1,-1,-0.01,-1,-1,-0.01,-1,-1,-0.01,-1,-1,-0.01,-1,-1,-0.01,-1,-1,-0.01,-1,-1
99926009,2026-05-18 13:52:43+05:30,53556.05,0,0.0,0,0.0,0.0,53282.15,53585.15,52783.45,53710.35,0,0.0,0.0,0.0,0.0,-0.01,-1,-1,-0.01,-1,-1,-0.01,-1,-1,-0.01,-1,-1,-0.01,-1,-1,-0.01,-1,-1,-0.01,-1,-1,-0.01,-1,-1,-0.01,-1,-1,-0.01,-1,-1
99926009,2026-05-18 13:52:44+05:30,53558.5,0,0.0,0,0.0,0.0,53282.15,53585.15,52783.45,53710.35,0,0.0,0.0,0.0,0.0,-0.01,-1,-1,-0.01,-1,-1,-0.01,-1,-1,-0.01,-1,-1,-0.01,-1,-1,-0.01,-1,-1,-0.01,-1,-1,-0.01,-1,-1,-0.01,-1,-1,-0.01,-1,-1
99926009,2026-05-18 13:52:44+05:30,53558.25,0,0.0,0,0.0,0.0,53282.15,53585.15,52783.45,53710.35,0,0.0,0.0,0.0,0.0,-0.01,-1,-1,-0.01,-1,-1,-0.01,-1,-1,-0.01,-1,-1,-0.01,-1,-1,-0.01,-1,-1,-0.01,-1,-1,-0.01,-1,-1,-0.01,-1,-1,-0.01,-1,-1
99926009,2026-05-18 13:52:45+05:30,53558.65,0,0.0,0,0.0,0.0,53282.15,53585.15,52783.45,53710.35,0,0.0,0.0,0.0,0.0,-0.01,-1,-1,-0.01,-1,-1,-0.01,-1,-1,-0.01,-1,-1,-0.01,-1,-1,-0.01,-1,-1,-0.01,-1,-1,-0.01,-1,-1,-0.01,-1,-1,-0.01,-1,-1
99926009,2026-05-18 13:52:45+05:30,53559.25,0,0.0,0,0.0,0.0,53282.15,53585.15,52783.45,53710.35,0,0.0,0.0,0.0,0.0,-0.01,-1,-1,-0.01,-1,-1,-0.01,-1,-1,-0.01,-1,-1,-0.01,-1,-1,-0.01,-1,-1,-0.01,-1,-1,-0.01,-1,-1,-0.01,-1,-1,-0.01,-1,-1
99926009,2026-05-18 13:52:46+05:30,53558.85,0,0.0,0,0.0,0.0,53282.15,53585.15,52783.45,53710.35,0,0.0,0.0,0.0,0.0,-0.01,-1,-1,-0.01,-1,-1,-0.01,-1,-1,-0.01,-1,-1,-0.01,-1,-1,-0.01,-1,-1,-0.01,-1,-1,-0.01,-1,-1,-0.01,-1,-1,-0.01,-1,-1
99926009,2026-05-18 13:52:46+05:30,53557.45,0,0.0,0,0.0,0.0,53282.15,53585.15,52783.45,53710.35,0,0.0,0.0,0.0,0.0,-0.01,-1,-1,-0.01,-1,-1,-0.01,-1,-1,-0.01,-1,-1,-0.01,-1,-1,-0.01,-1,-1,-0.01,-1,-1,-0.01,-1,-1,-0.01,-1,-1,-0.01,-1,-1
99926009,2026-05-18 13:52:47+05:30,53556.5,0,0.0,0,0.0,0.0,53282.15,53585.15,52783.45,53710.35,0,0.0,0.0,0.0,0.0,-0.01,-1,-1,-0.01,-1,-1,-0.01,-1,-1,-0.01,-1,-1,-0.01,-1,-1,-0.01,-1,-1,-0.01,-1,-1,-0.01,-1,-1,-0.01,-1,-1,-0.01,-1,-1
99926009,2026-05-18 13:52:47+05:30,53558.7,0,0.0,0,0.0,0.0,53282.15,53585.15,52783.45,53710.35,0,0.0,0.0,0.0,0.0,-0.01,-1,-1,-0.01,-1,-1,-0.01,-1,-1,-0.01,-1,-1,-0.01,-1,-1,-0.01,-1,-1,-0.01,-1,-1,-0.01,-1,-1,-0.01,-1,-1,-0.01,-1,-1
99926009,2026-05-18 13:52:48+05:30,53558.9,0,0.0,0,0.0,0.0,53282.15,53585.15,52783.45,53710.35,0,0.0,0.0,0.0,0.0,-0.01,-1,-1,-0.01,-1,-1,-0.01,-1,-1,-0.01,-1,-1,-0.01,-1,-1,-0.01,-1,-1,-0.01,-1,-1,-0.01,-1,-1,-0.01,-1,-1,-0.01,-1,-1
99926009,2026-05-18 13:52:48+05:30,53557.4,0,0.0,0,0.0,0.0,53282.15,53585.15,52783.45,53710.35,0,0.0,0.0,0.0,0.0,-0.01,-1,-1,-0.01,-1,-1,-0.01,-1,-1,-0.01,-1,-1,-0.01,-1,-1,-0.01,-1,-1,-0.01,-1,-1,-0.01,-1,-1,-0.01,-1,-1,-0.01,-1,-1
99926009,2026-05-18 13:52:49+05:30,53559.45,0,0.0,0,0.0,0.0,53282.15,53585.15,52783.45,53710.35,0,0.0,0.0,0.0,0.0,-0.01,-1,-1,-0.01,-1,-1,-0.01,-1,-1,-0.01,-1,-1,-0.01,-1,-1,-0.01,-1,-1,-0.01,-1,-1,-0.01,-1,-1,-0.01,-1,-1,-0.01,-1,-1
99926009,2026-05-18 13:52:49+05:30,53557.6,0,0.0,0,0.0,0.0,53282.15,53585.15,52783.45,53710.35,0,0.0,0.0,0.0,0.0,-0.01,-1,-1,-0.01,-1,-1,-0.01,-1,-1,-0.01,-1,-1,-0.01,-1,-1,-0.01,-1,-1,-0.01,-1,-1,-0.01,-1,-1,-0.01,-1,-1,-0.01,-1,-1
99926009,2026-05-18 13:52:50+05:30,53560.2,0,0.0,0,0.0,0.0,53282.15,53585.15,52783.45,53710.35,0,0.0,0.0,0.0,0.0,-0.01,-1,-1,-0.01,-1,-1,-0.01,-1,-1,-0.01,-1,-1,-0.01,-1,-1,-0.01,-1,-1,-0.01,-1,-1,-0.01,-1,-1,-0.01,-1,-1,-0.01,-1,-1
99926009,2026-05-18 13:52:50+05:30,53559.2,0,0.0,0,0.0,0.0,53282.15,53585.15,52783.45,53710.35,0,0.0,0.0,0.0,0.0,-0.01,-1,-1,-0.01,-1,-1,-0.01,-1,-1,-0.01,-1,-1,-0.01,-1,-1,-0.01,-1,-1,-0.01,-1,-1,-0.01,-1,-1,-0.01,-1,-1,-0.01,-1,-1
99926009,2026-05-18 13:52:51+05:30,53560.45,0,0.0,0,0.0,0.0,53282.15,53585.15,52783.45,53710.35,0,0.0,0.0,0.0,0.0,-0.01,-1,-1,-0.01,-1,-1,-0.01,-1,-1,-0.01,-1,-1,-0.01,-1,-1,-0.01,-1,-1,-0.01,-1,-1,-0.01,-1,-1,-0.01,-1,-1,-0.01,-1,-1
99926009,2026-05-18 13:52:51+05:30,53560.45,0,0.0,0,0.0,0.0,53282.15,53585.15,52783.45,53710.35,0,0.0,0.0,0.0,0.0,-0.01,-1,-1,-0.01,-1,-1,-0.01,-1,-1,-0.01,-1,-1,-0.01,-1,-1,-0.01,-1,-1,-0.01,-1,-1,-0.01,-1,-1,-0.01,-1,-1,-0.01,-1,-1
99926009,2026-05-18 13:52:52+05:30,53561.2,0,0.0,0,0.0,0.0,53282.15,53585.15,52783.45,53710.35,0,0.0,0.0,0.0,0.0,-0.01,-1,-1,-0.01,-1,-1,-0.01,-1,-1,-0.01,-1,-1,-0.01,-1,-1,-0.01,-1,-1,-0.01,-1,-1,-0.01,-1,-1,-0.01,-1,-1,-0.01,-1,-1
99926009,2026-05-18 13:52:52+05:30,53560.85,0,0.0,0,0.0,0.0,53282.15,53585.15,52783.45,53710.35,0,0.0,0.0,0.0,0.0,-0.01,-1,-1,-0.01,-1,-1,-0.01,-1,-1,-0.01,-1,-1,-0.01,-1,-1,-0.01,-1,-1,-0.01,-1,-1,-0.01,-1,-1,-0.01,-1,-1,-0.01,-1,-1
99926009,2026-05-18 13:52:53+05:30,53560.7,0,0.0,0,0.0,0.0,53282.15,53585.15,52783.45,53710.35,0,0.0,0.0,0.0,0.0,-0.01,-1,-1,-0.01,-1,-1,-0.01,-1,-1,-0.01,-1,-1,-0.01,-1,-1,-0.01,-1,-1,-0.01,-1,-1,-0.01,-1,-1,-0.01,-1,-1,-0.01,-1,-1
99926009,2026-05-18 13:52:53+05:30,53561.25,0,0.0,0,0.0,0.0,53282.15,53585.15,52783.45,53710.35,0,0.0,0.0,0.0,0.0,-0.01,-1,-1,-0.01,-1,-1,-0.01,-1,-1,-0.01,-1,-1,-0.01,-1,-1,-0.01,-1,-1,-0.01,-1,-1,-0.01,-1,-1,-0.01,-1,-1,-0.01,-1,-1
99926009,2026-05-18 13:52:54+05:30,53559.85,0,0.0,0,0.0,0.0,53282.15,53585.15,52783.45,53710.35,0,0.0,0.0,0.0,0.0,-0.01,-1,-1,-0.01,-1,-1,-0.01,-1,-1,-0.01,-1,-1,-0.01,-1,-1,-0.01,-1,-1,-0.01,-1,-1,-0.01,-1,-1,-0.01,-1,-1,-0.01,-1,-1
99926009,2026-05-18 13:52:54+05:30,53559.15,0,0.0,0,0.0,0.0,53282.15,53585.15,52783.45,53710.35,0,0.0,0.0,0.0,0.0,-0.01,-1,-1,-0.01,-1,-1,-0.01,-1,-1,-0.01,-1,-1,-0.01,-1,-1,-0.01,-1,-1,-0.01,-1,-1,-0.01,-1,-1,-0.01,-1,-1,-0.01,-1,-1
99926009,2026-05-18 13:52:55+05:30,53561.4,0,0.0,0,0.0,0.0,53282.15,53585.15,52783.45,53710.35,0,0.0,0.0,0.0,0.0,-0.01,-1,-1,-0.01,-1,-1,-0.01,-1,-1,-0.01,-1,-1,-0.01,-1,-1,-0.01,-1,-1,-0.01,-1,-1,-0.01,-1,-1,-0.01,-1,-1,-0.01,-1,-1
99926009,2026-05-18 13:52:55+05:30,53558.65,0,0.0,0,0.0,0.0,53282.15,53585.15,52783.45,53710.35,0,0.0,0.0,0.0,0.0,-0.01,-1,-1,-0.01,-1,-1,-0.01,-1,-1,-0.01,-1,-1,-0.01,-1,-1,-0.01,-1,-1,-0.01,-1,-1,-0.01,-1,-1,-0.01,-1,-1,-0.01,-1,-1
99926009,2026-05-18 13:52:56+05:30,53558.45,0,0.0,0,0.0,0.0,53282.15,53585.15,52783.45,53710.35,0,0.0,0.0,0.0,0.0,-0.01,-1,-1,-0.01,-1,-1,-0.01,-1,-1,-0.01,-1,-1,-0.01,-1,-1,-0.01,-1,-1,-0.01,-1,-1,-0.01,-1,-1,-0.01,-1,-1,-0.01,-1,-1
99926009,2026-05-18 13:52:56+05:30,53557.95,0,0.0,0,0.0,0.0,53282.15,53585.15,52783.45,53710.35,0,0.0,0.0,0.0,0.0,-0.01,-1,-1,-0.01,-1,-1,-0.01,-1,-1,-0.01,-1,-1,-0.01,-1,-1,-0.01,-1,-1,-0.01,-1,-1,-0.01,-1,-1,-0.01,-1,-1,-0.01,-1,-1
99926009,2026-05-18 13:52:57+05:30,53556.1,0,0.0,0,0.0,0.0,53282.15,53585.15,52783.45,53710.35,0,0.0,0.0,0.0,0.0,-0.01,-1,-1,-0.01,-1,-1,-0.01,-1,-1,-0.01,-1,-1,-0.01,-1,-1,-0.01,-1,-1,-0.01,-1,-1,-0.01,-1,-1,-0.01,-1,-1,-0.01,-1,-1
99926009,2026-05-18 13:52:57+05:30,53556.5,0,0.0,0,0.0,0.0,53282.15,53585.15,52783.45,53710.35,0,0.0,0.0,0.0,0.0,-0.01,-1,-1,-0.01,-1,-1,-0.01,-1,-1,-0.01,-1,-1,-0.01,-1,-1,-0.01,-1,-1,-0.01,-1,-1,-0.01,-1,-1,-0.01,-1,-1,-0.01,-1,-1
99926009,2026-05-18 13:52:58+05:30,53553.75,0,0.0,0,0.0,0.0,53282.15,53585.15,52783.45,53710.35,0,0.0,0.0,0.0,0.0,-0.01,-1,-1,-0.01,-1,-1,-0.01,-1,-1,-0.01,-1,-1,-0.01,-1,-1,-0.01,-1,-1,-0.01,-1,-1,-0.01,-1,-1,-0.01,-1,-1,-0.01,-1,-1
99926009,2026-05-18 13:52:58+05:30,53555.35,0,0.0,0,0.0,0.0,53282.15,53585.15,52783.45,53710.35,0,0.0,0.0,0.0,0.0,-0.01,-1,-1,-0.01,-1,-1,-0.01,-1,-1,-0.01,-1,-1,-0.01,-1,-1,-0.01,-1,-1,-0.01,-1,-1,-0.01,-1,-1,-0.01,-1,-1,-0.01,-1,-1
99926009,2026-05-18 13:52:59+05:30,53557.55,0,0.0,0,0.0,0.0,53282.15,53585.15,52783.45,53710.35,0,0.0,0.0,0.0,0.0,-0.01,-1,-1,-0.01,-1,-1,-0.01,-1,-1,-0.01,-1,-1,-0.01,-1,-1,-0.01,-1,-1,-0.01,-1,-1,-0.01,-1,-1,-0.01,-1,-1,-0.01,-1,-1
99926009,2026-05-18 13:52:59+05:30,53556.05,0,0.0,0,0.0,0.0,53282.15,53585.15,52783.45,53710.35,0,0.0,0.0,0.0,0.0,-0.01,-1,-1,-0.01,-1,-1,-0.01,-1,-1,-0.01,-1,-1,-0.01,-1,-1,-0.01,-1,-1,-0.01,-1,-1,-0.01,-1,-1,-0.01,-1,-1,-0.01,-1,-1
99926009,2026-05-18 13:53:00+05:30,53558.3,0,0.0,0,0.0,0.0,53282.15,53585.15,52783.45,53710.35,0,0.0,0.0,0.0,0.0,-0.01,-1,-1,-0.01,-1,-1,-0.01,-1,-1,-0.01,-1,-1,-0.01,-1,-1,-0.01,-1,-1,-0.01,-1,-1,-0.01,-1,-1,-0.01,-1,-1,-0.01,-1,-1
99926009,2026-05-18 13:53:00+05:30,53558.7,0,0.0,0,0.0,0.0,53282.15,53585.15,52783.45,53710.35,0,0.0,0.0,0.0,0.0,-0.01,-1,-1,-0.01,-1,-1,-0.01,-1,-1,-0.01,-1,-1,-0.01,-1,-1,-0.01,-1,-1,-0.01,-1,-1,-0.01,-1,-1,-0.01,-1,-1,-0.01,-1,-1
99926009,2026-05-18 13:53:01+05:30,53561.4,0,0.0,0,0.0,0.0,53282.15,53585.15,52783.45,53710.35,0,0.0,0.0,0.0,0.0,-0.01,-1,-1,-0.01,-1,-1,-0.01,-1,-1,-0.01,-1,-1,-0.01,-1,-1,-0.01,-1,-1,-0.01,-1,-1,-0.01,-1,-1,-0.01,-1,-1,-0.01,-1,-1
99926009,2026-05-18 13:53:01+05:30,53559.9,0,0.0,0,0.0,0.0,53282.15,53585.15,52783.45,53710.35,0,0.0,0.0,0.0,0.0,-0.01,-1,-1,-0.01,-1,-1,-0.01,-1,-1,-0.01,-1,-1,-0.01,-1,-1,-0.01,-1,-1,-0.01,-1,-1,-0.01,-1,-1,-0.01,-1,-1,-0.01,-1,-1
99926009,2026-05-18 13:53:02+05:30,53559.75,0,0.0,0,0.0,0.0,53282.15,53585.15,52783.45,53710.35,0,0.0,0.0,0.0,0.0,-0.01,-1,-1,-0.01,-1,-1,-0.01,-1,-1,-0.01,-1,-1,-0.01,-1,-1,-0.01,-1,-1,-0.01,-1,-1,-0.01,-1,-1,-0.01,-1,-1,-0.01,-1,-1
99926009,2026-05-18 13:53:02+05:30,53557.15,0,0.0,0,0.0,0.0,53282.15,53585.15,52783.45,53710.35,0,0.0,0.0,0.0,0.0,-0.01,-1,-1,-0.01,-1,-1,-0.01,-1,-1,-0.01,-1,-1,-0.01,-1,-1,-0.01,-1,-1,-0.01,-1,-1,-0.01,-1,-1,-0.01,-1,-1,-0.01,-1,-1
99926009,2026-05-18 13:53:03+05:30,53556.2,0,0.0,0,0.0,0.0,53282.15,53585.15,52783.45,53710.35,0,0.0,0.0,0.0,0.0,-0.01,-1,-1,-0.01,-1,-1,-0.01,-1,-1,-0.01,-1,-1,-0.01,-1,-1,-0.01,-1,-1,-0.01,-1,-1,-0.01,-1,-1,-0.01,-1,-1,-0.01,-1,-1
99926009,2026-05-18 13:53:03+05:30,53556.25,0,0.0,0,0.0,0.0,53282.15,53585.15,52783.45,53710.35,0,0.0,0.0,0.0,0.0,-0.01,-1,-1,-0.01,-1,-1,-0.01,-1,-1,-0.01,-1,-1,-0.01,-1,-1,-0.01,-1,-1,-0.01,-1,-1,-0.01,-1,-1,-0.01,-1,-1,-0.01,-1,-1
99926009,2026-05-18 13:53:04+05:30,53553.7,0,0.0,0,0.0,0.0,53282.15,53585.15,52783.45,53710.35,0,0.0,0.0,0.0,0.0,-0.01,-1,-1,-0.01,-1,-1,-0.01,-1,-1,-0.01,-1,-1,-0.01,-1,-1,-0.01,-1,-1,-0.01,-1,-1,-0.01,-1,-1,-0.01,-1,-1,-0.01,-1,-1
99926009,2026-05-18 13:53:04+05:30,53558.0,0,0.0,0,0.0,0.0,53282.15,53585.15,52783.45,53710.35,0,0.0,0.0,0.0,0.0,-0.01,-1,-1,-0.01,-1,-1,-0.01,-1,-1,-0.01,-1,-1,-0.01,-1,-1,-0.01,-1,-1,-0.01,-1,-1,-0.01,-1,-1,-0.01,-1,-1,-0.01,-1,-1
99926009,2026-05-18 13:53:05+05:30,53555.6,0,0.0,0,0.0,0.0,53282.15,53585.15,52783.45,53710.35,0,0.0,0.0,0.0,0.0,-0.01,-1,-1,-0.01,-1,-1,-0.01,-1,-1,-0.01,-1,-1,-0.01,-1,-1,-0.01,-1,-1,-0.01,-1,-1,-0.01,-1,-1,-0.01,-1,-1,-0.01,-1,-1
99926009,2026-05-18 13:53:05+05:30,53556.15,0,0.0,0,0.0,0.0,53282.15,53585.15,52783.45,53710.35,0,0.0,0.0,0.0,0.0,-0.01,-1,-1,-0.01,-1,-1,-0.01,-1,-1,-0.01,-1,-1,-0.01,-1,-1,-0.01,-1,-1,-0.01,-1,-1,-0.01,-1,-1,-0.01,-1,-1,-0.01,-1,-1
99926009,2026-05-18 13:53:06+05:30,53556.6,0,0.0,0,0.0,0.0,53282.15,53585.15,52783.45,53710.35,0,0.0,0.0,0.0,0.0,-0.01,-1,-1,-0.01,-1,-1,-0.01,-1,-1,-0.01,-1,-1,-0.01,-1,-1,-0.01,-1,-1,-0.01,-1,-1,-0.01,-1,-1,-0.01,-1,-1,-0.01,-1,-1
99926009,2026-05-18 13:53:06+05:30,53558.45,0,0.0,0,0.0,0.0,53282.15,53585.15,52783.45,53710.35,0,0.0,0.0,0.0,0.0,-0.01,-1,-1,-0.01,-1,-1,-0.01,-1,-1,-0.01,-1,-1,-0.01,-1,-1,-0.01,-1,-1,-0.01,-1,-1,-0.01,-1,-1,-0.01,-1,-1,-0.01,-1,-1
99926009,2026-05-18 13:53:07+05:30,53557.05,0,0.0,0,0.0,0.0,53282.15,53585.15,52783.45,53710.35,0,0.0,0.0,0.0,0.0,-0.01,-1,-1,-0.01,-1,-1,-0.01,-1,-1,-0.01,-1,-1,-0.01,-1,-1,-0.01,-1,-1,-0.01,-1,-1,-0.01,-1,-1,-0.01,-1,-1,-0.01,-1,-1
99926009,2026-05-18 13:53:07+05:30,53554.55,0,0.0,0,0.0,0.0,53282.15,53585.15,52783.45,53710.35,0,0.0,0.0,0.0,0.0,-0.01,-1,-1,-0.01,-1,-1,-0.01,-1,-1,-0.01,-1,-1,-0.01,-1,-1,-0.01,-1,-1,-0.01,-1,-1,-0.01,-1,-1,-0.01,-1,-1,-0.01,-1,-1
99926009,2026-05-18 13:53:08+05:30,53553.6,0,0.0,0,0.0,0.0,53282.15,53585.15,52783.45,53710.35,0,0.0,0.0,0.0,0.0,-0.01,-1,-1,-0.01,-1,-1,-0.01,-1,-1,-0.01,-1,-1,-0.01,-1,-1,-0.01,-1,-1,-0.01,-1,-1,-0.01,-1,-1,-0.01,-1,-1,-0.01,-1,-1
99926009,2026-05-18 13:53:08+05:30,53556.15,0,0.0,0,0.0,0.0,53282.15,53585.15,52783.45,53710.35,0,0.0,0.0,0.0,0.0,-0.01,-1,-1,-0.01,-1,-1,-0.01,-1,-1,-0.01,-1,-1,-0.01,-1,-1,-0.01,-1,-1,-0.01,-1,-1,-0.01,-1,-1,-0.01,-1,-1,-0.01,-1,-1
99926009,2026-05-18 13:53:09+05:30,53564.05,0,0.0,0,0.0,0.0,53282.15,53585.15,52783.45,53710.35,0,0.0,0.0,0.0,0.0,-0.01,-1,-1,-0.01,-1,-1,-0.01,-1,-1,-0.01,-1,-1,-0.01,-1,-1,-0.01,-1,-1,-0.01,-1,-1,-0.01,-1,-1,-0.01,-1,-1,-0.01,-1,-1
99926009,2026-05-18 13:53:09+05:30,53562.1,0,0.0,0,0.0,0.0,53282.15,53585.15,52783.45,53710.35,0,0.0,0.0,0.0,0.0,-0.01,-1,-1,-0.01,-1,-1,-0.01,-1,-1,-0.01,-1,-1,-0.01,-1,-1,-0.01,-1,-1,-0.01,-1,-1,-0.01,-1,-1,-0.01,-1,-1,-0.01,-1,-1
99926009,2026-05-18 13:53:10+05:30,53565.1,0,0.0,0,0.0,0.0,53282.15,53585.15,52783.45,53710.35,0,0.0,0.0,0.0,0.0,-0.01,-1,-1,-0.01,-1,-1,-0.01,-1,-1,-0.01,-1,-1,-0.01,-1,-1,-0.01,-1,-1,-0.01,-1,-1,-0.01,-1,-1,-0.01,-1,-1,-0.01,-1,-1
99926009,2026-05-18 13:53:10+05:30,53562.75,0,0.0,0,0.0,0.0,53282.15,53585.15,52783.45,53710.35,0,0.0,0.0,0.0,0.0,-0.01,-1,-1,-0.01,-1,-1,-0.01,-1,-1,-0.01,-1,-1,-0.01,-1,-1,-0.01,-1,-1,-0.01,-1,-1,-0.01,-1,-1,-0.01,-1,-1,-0.01,-1,-1
99926009,2026-05-18 13:53:11+05:30,53566.7,0,0.0,0,0.0,0.0,53282.15,53585.15,52783.45,53710.35,0,0.0,0.0,0.0,0.0,-0.01,-1,-1,-0.01,-1,-1,-0.01,-1,-1,-0.01,-1,-1,-0.01,-1,-1,-0.01,-1,-1,-0.01,-1,-1,-0.01,-1,-1,-0.01,-1,-1,-0.01,-1,-1
99926009,2026-05-18 13:53:11+05:30,53565.75,0,0.0,0,0.0,0.0,53282.15,53585.15,52783.45,53710.35,0,0.0,0.0,0.0,0.0,-0.01,-1,-1,-0.01,-1,-1,-0.01,-1,-1,-0.01,-1,-1,-0.01,-1,-1,-0.01,-1,-1,-0.01,-1,-1,-0.01,-1,-1,-0.01,-1,-1,-0.01,-1,-1
99926009,2026-05-18 13:53:12+05:30,53561.85,0,0.0,0,0.0,0.0,53282.15,53585.15,52783.45,53710.35,0,0.0,0.0,0.0,0.0,-0.01,-1,-1,-0.01,-1,-1,-0.01,-1,-1,-0.01,-1,-1,-0.01,-1,-1,-0.01,-1,-1,-0.01,-1,-1,-0.01,-1,-1,-0.01,-1,-1,-0.01,-1,-1
99926009,2026-05-18 13:53:12+05:30,53564.6,0,0.0,0,0.0,0.0,53282.15,53585.15,52783.45,53710.35,0,0.0,0.0,0.0,0.0,-0.01,-1,-1,-0.01,-1,-1,-0.01,-1,-1,-0.01,-1,-1,-0.01,-1,-1,-0.01,-1,-1,-0.01,-1,-1,-0.01,-1,-1,-0.01,-1,-1,-0.01,-1,-1
99926009,2026-05-18 13:53:13+05:30,53564.6,0,0.0,0,0.0,0.0,53282.15,53585.15,52783.45,53710.35,0,0.0,0.0,0.0,0.0,-0.01,-1,-1,-0.01,-1,-1,-0.01,-1,-1,-0.01,-1,-1,-0.01,-1,-1,-0.01,-1,-1,-0.01,-1,-1,-0.01,-1,-1,-0.01,-1,-1,-0.01,-1,-1
99926009,2026-05-18 13:53:13+05:30,53565.4,0,0.0,0,0.0,0.0,53282.15,53585.15,52783.45,53710.35,0,0.0,0.0,0.0,0.0,-0.01,-1,-1,-0.01,-1,-1,-0.01,-1,-1,-0.01,-1,-1,-0.01,-1,-1,-0.01,-1,-1,-0.01,-1,-1,-0.01,-1,-1,-0.01,-1,-1,-0.01,-1,-1
99926009,2026-05-18 13:53:14+05:30,53564.55,0,0.0,0,0.0,0.0,53282.15,53585.15,52783.45,53710.35,0,0.0,0.0,0.0,0.0,-0.01,-1,-1,-0.01,-1,-1,-0.01,-1,-1,-0.01,-1,-1,-0.01,-1,-1,-0.01,-1,-1,-0.01,-1,-1,-0.01,-1,-1,-0.01,-1,-1,-0.01,-1,-1
99926009,2026-05-18 13:53:14+05:30,53562.95,0,0.0,0,0.0,0.0,53282.15,53585.15,52783.45,53710.35,0,0.0,0.0,0.0,0.0,-0.01,-1,-1,-0.01,-1,-1,-0.01,-1,-1,-0.01,-1,-1,-0.01,-1,-1,-0.01,-1,-1,-0.01,-1,-1,-0.01,-1,-1,-0.01,-1,-1,-0.01,-1,-1
99926009,2026-05-18 13:53:15+05:30,53564.25,0,0.0,0,0.0,0.0,53282.15,53585.15,52783.45,53710.35,0,0.0,0.0,0.0,0.0,-0.01,-1,-1,-0.01,-1,-1,-0.01,-1,-1,-0.01,-1,-1,-0.01,-1,-1,-0.01,-1,-1,-0.01,-1,-1,-0.01,-1,-1,-0.01,-1,-1,-0.01,-1,-1
99926009,2026-05-18 13:53:15+05:30,53561.75,0,0.0,0,0.0,0.0,53282.15,53585.15,52783.45,53710.35,0,0.0,0.0,0.0,0.0,-0.01,-1,-1,-0.01,-1,-1,-0.01,-1,-1,-0.01,-1,-1,-0.01,-1,-1,-0.01,-1,-1,-0.01,-1,-1,-0.01,-1,-1,-0.01,-1,-1,-0.01,-1,-1
99926009,2026-05-18 13:53:16+05:30,53560.85,0,0.0,0,0.0,0.0,53282.15,53585.15,52783.45,53710.35,0,0.0,0.0,0.0,0.0,-0.01,-1,-1,-0.01,-1,-1,-0.01,-1,-1,-0.01,-1,-1,-0.01,-1,-1,-0.01,-1,-1,-0.01,-1,-1,-0.01,-1,-1,-0.01,-1,-1,-0.01,-1,-1
99926009,2026-05-18 13:53:16+05:30,53560.0,0,0.0,0,0.0,0.0,53282.15,53585.15,52783.45,53710.35,0,0.0,0.0,0.0,0.0,-0.01,-1,-1,-0.01,-1,-1,-0.01,-1,-1,-0.01,-1,-1,-0.01,-1,-1,-0.01,-1,-1,-0.01,-1,-1,-0.01,-1,-1,-0.01,-1,-1,-0.01,-1,-1
99926009,2026-05-18 13:53:17+05:30,53557.55,0,0.0,0,0.0,0.0,53282.15,53585.15,52783.45,53710.35,0,0.0,0.0,0.0,0.0,-0.01,-1,-1,-0.01,-1,-1,-0.01,-1,-1,-0.01,-1,-1,-0.01,-1,-1,-0.01,-1,-1,-0.01,-1,-1,-0.01,-1,-1,-0.01,-1,-1,-0.01,-1,-1
99926009,2026-05-18 13:53:17+05:30,53556.55,0,0.0,0,0.0,0.0,53282.15,53585.15,52783.45,53710.35,0,0.0,0.0,0.0,0.0,-0.01,-1,-1,-0.01,-1,-1,-0.01,-1,-1,-0.01,-1,-1,-0.01,-1,-1,-0.01,-1,-1,-0.01,-1,-1,-0.01,-1,-1,-0.01,-1,-1,-0.01,-1,-1
99926009,2026-05-18 13:53:18+05:30,53556.2,0,0.0,0,0.0,0.0,53282.15,53585.15,52783.45,53710.35,0,0.0,0.0,0.0,0.0,-0.01,-1,-1,-0.01,-1,-1,-0.01,-1,-1,-0.01,-1,-1,-0.01,-1,-1,-0.01,-1,-1,-0.01,-1,-1,-0.01,-1,-1,-0.01,-1,-1,-0.01,-1,-1
99926009,2026-05-18 13:53:18+05:30,53557.35,0,0.0,0,0.0,0.0,53282.15,53585.15,52783.45,53710.35,0,0.0,0.0,0.0,0.0,-0.01,-1,-1,-0.01,-1,-1,-0.01,-1,-1,-0.01,-1,-1,-0.01,-1,-1,-0.01,-1,-1,-0.01,-1,-1,-0.01,-1,-1,-0.01,-1,-1,-0.01,-1,-1
99926009,2026-05-18 13:53:19+05:30,53555.95,0,0.0,0,0.0,0.0,53282.15,53585.15,52783.45,53710.35,0,0.0,0.0,0.0,0.0,-0.01,-1,-1,-0.01,-1,-1,-0.01,-1,-1,-0.01,-1,-1,-0.01,-1,-1,-0.01,-1,-1,-0.01,-1,-1,-0.01,-1,-1,-0.01,-1,-1,-0.01,-1,-1
99926009,2026-05-18 13:53:19+05:30,53556.6,0,0.0,0,0.0,0.0,53282.15,53585.15,52783.45,53710.35,0,0.0,0.0,0.0,0.0,-0.01,-1,-1,-0.01,-1,-1,-0.01,-1,-1,-0.01,-1,-1,-0.01,-1,-1,-0.01,-1,-1,-0.01,-1,-1,-0.01,-1,-1,-0.01,-1,-1,-0.01,-1,-1
99926009,2026-05-18 13:53:20+05:30,53556.85,0,0.0,0,0.0,0.0,53282.15,53585.15,52783.45,53710.35,0,0.0,0.0,0.0,0.0,-0.01,-1,-1,-0.01,-1,-1,-0.01,-1,-1,-0.01,-1,-1,-0.01,-1,-1,-0.01,-1,-1,-0.01,-1,-1,-0.01,-1,-1,-0.01,-1,-1,-0.01,-1,-1
99926009,2026-05-18 13:53:20+05:30,53556.65,0,0.0,0,0.0,0.0,53282.15,53585.15,52783.45,53710.35,0,0.0,0.0,0.0,0.0,-0.01,-1,-1,-0.01,-1,-1,-0.01,-1,-1,-0.01,-1,-1,-0.01,-1,-1,-0.01,-1,-1,-0.01,-1,-1,-0.01,-1,-1,-0.01,-1,-1,-0.01,-1,-1
99926009,2026-05-18 13:53:21+05:30,53558.0,0,0.0,0,0.0,0.0,53282.15,53585.15,52783.45,53710.35,0,0.0,0.0,0.0,0.0,-0.01,-1,-1,-0.01,-1,-1,-0.01,-1,-1,-0.01,-1,-1,-0.01,-1,-1,-0.01,-1,-1,-0.01,-1,-1,-0.01,-1,-1,-0.01,-1,-1,-0.01,-1,-1
99926009,2026-05-18 13:53:21+05:30,53554.5,0,0.0,0,0.0,0.0,53282.15,53585.15,52783.45,53710.35,0,0.0,0.0,0.0,0.0,-0.01,-1,-1,-0.01,-1,-1,-0.01,-1,-1,-0.01,-1,-1,-0.01,-1,-1,-0.01,-1,-1,-0.01,-1,-1,-0.01,-1,-1,-0.01,-1,-1,-0.01,-1,-1
99926009,2026-05-18 13:53:22+05:30,53554.1,0,0.0,0,0.0,0.0,53282.15,53585.15,52783.45,53710.35,0,0.0,0.0,0.0,0.0,-0.01,-1,-1,-0.01,-1,-1,-0.01,-1,-1,-0.01,-1,-1,-0.01,-1,-1,-0.01,-1,-1,-0.01,-1,-1,-0.01,-1,-1,-0.01,-1,-1,-0.01,-1,-1
99926009,2026-05-18 13:53:22+05:30,53552.85,0,0.0,0,0.0,0.0,53282.15,53585.15,52783.45,53710.35,0,0.0,0.0,0.0,0.0,-0.01,-1,-1,-0.01,-1,-1,-0.01,-1,-1,-0.01,-1,-1,-0.01,-1,-1,-0.01,-1,-1,-0.01,-1,-1,-0.01,-1,-1,-0.01,-1,-1,-0.01,-1,-1
99926009,2026-05-18 13:53:23+05:30,53551.35,0,0.0,0,0.0,0.0,53282.15,53585.15,52783.45,53710.35,0,0.0,0.0,0.0,0.0,-0.01,-1,-1,-0.01,-1,-1,-0.01,-1,-1,-0.01,-1,-1,-0.01,-1,-1,-0.01,-1,-1,-0.01,-1,-1,-0.01,-1,-1,-0.01,-1,-1,-0.01,-1,-1
99926009,2026-05-18 13:53:23+05:30,53550.95,0,0.0,0,0.0,0.0,53282.15,53585.15,52783.45,53710.35,0,0.0,0.0,0.0,0.0,-0.01,-1,-1,-0.01,-1,-1,-0.01,-1,-1,-0.01,-1,-1,-0.01,-1,-1,-0.01,-1,-1,-0.01,-1,-1,-0.01,-1,-1,-0.01,-1,-1,-0.01,-1,-1
99926009,2026-05-18 13:53:24+05:30,53549.2,0,0.0,0,0.0,0.0,53282.15,53585.15,52783.45,53710.35,0,0.0,0.0,0.0,0.0,-0.01,-1,-1,-0.01,-1,-1,-0.01,-1,-1,-0.01,-1,-1,-0.01,-1,-1,-0.01,-1,-1,-0.01,-1,-1,-0.01,-1,-1,-0.01,-1,-1,-0.01,-1,-1
99926009,2026-05-18 13:53:24+05:30,53549.95,0,0.0,0,0.0,0.0,53282.15,53585.15,52783.45,53710.35,0,0.0,0.0,0.0,0.0,-0.01,-1,-1,-0.01,-1,-1,-0.01,-1,-1,-0.01,-1,-1,-0.01,-1,-1,-0.01,-1,-1,-0.01,-1,-1,-0.01,-1,-1,-0.01,-1,-1,-0.01,-1,-1
99926009,2026-05-18 13:53:25+05:30,53549.7,0,0.0,0,0.0,0.0,53282.15,53585.15,52783.45,53710.35,0,0.0,0.0,0.0,0.0,-0.01,-1,-1,-0.01,-1,-1,-0.01,-1,-1,-0.01,-1,-1,-0.01,-1,-1,-0.01,-1,-1,-0.01,-1,-1,-0.01,-1,-1,-0.01,-1,-1,-0.01,-1,-1
99926009,2026-05-18 13:53:25+05:30,53549.65,0,0.0,0,0.0,0.0,53282.15,53585.15,52783.45,53710.35,0,0.0,0.0,0.0,0.0,-0.01,-1,-1,-0.01,-1,-1,-0.01,-1,-1,-0.01,-1,-1,-0.01,-1,-1,-0.01,-1,-1,-0.01,-1,-1,-0.01,-1,-1,-0.01,-1,-1,-0.01,-1,-1
99926009,2026-05-18 13:53:26+05:30,53550.95,0,0.0,0,0.0,0.0,53282.15,53585.15,52783.45,53710.35,0,0.0,0.0,0.0,0.0,-0.01,-1,-1,-0.01,-1,-1,-0.01,-1,-1,-0.01,-1,-1,-0.01,-1,-1,-0.01,-1,-1,-0.01,-1,-1,-0.01,-1,-1,-0.01,-1,-1,-0.01,-1,-1
99926009,2026-05-18 13:53:26+05:30,53545.6,0,0.0,0,0.0,0.0,53282.15,53585.15,52783.45,53710.35,0,0.0,0.0,0.0,0.0,-0.01,-1,-1,-0.01,-1,-1,-0.01,-1,-1,-0.01,-1,-1,-0.01,-1,-1,-0.01,-1,-1,-0.01,-1,-1,-0.01,-1,-1,-0.01,-1,-1,-0.01,-1,-1
99926009,2026-05-18 13:53:27+05:30,53547.1,0,0.0,0,0.0,0.0,53282.15,53585.15,52783.45,53710.35,0,0.0,0.0,0.0,0.0,-0.01,-1,-1,-0.01,-1,-1,-0.01,-1,-1,-0.01,-1,-1,-0.01,-1,-1,-0.01,-1,-1,-0.01,-1,-1,-0.01,-1,-1,-0.01,-1,-1,-0.01,-1,-1
99926009,2026-05-18 13:53:27+05:30,53549.2,0,0.0,0,0.0,0.0,53282.15,53585.15,52783.45,53710.35,0,0.0,0.0,0.0,0.0,-0.01,-1,-1,-0.01,-1,-1,-0.01,-1,-1,-0.01,-1,-1,-0.01,-1,-1,-0.01,-1,-1,-0.01,-1,-1,-0.01,-1,-1,-0.01,-1,-1,-0.01,-1,-1
99926009,2026-05-18 13:53:28+05:30,53552.6,0,0.0,0,0.0,0.0,53282.15,53585.15,52783.45,53710.35,0,0.0,0.0,0.0,0.0,-0.01,-1,-1,-0.01,-1,-1,-0.01,-1,-1,-0.01,-1,-1,-0.01,-1,-1,-0.01,-1,-1,-0.01,-1,-1,-0.01,-1,-1,-0.01,-1,-1,-0.01,-1,-1
99926009,2026-05-18 13:53:28+05:30,53550.4,0,0.0,0,0.0,0.0,53282.15,53585.15,52783.45,53710.35,0,0.0,0.0,0.0,0.0,-0.01,-1,-1,-0.01,-1,-1,-0.01,-1,-1,-0.01,-1,-1,-0.01,-1,-1,-0.01,-1,-1,-0.01,-1,-1,-0.01,-1,-1,-0.01,-1,-1,-0.01,-1,-1
99926009,2026-05-18 13:53:29+05:30,53553.0,0,0.0,0,0.0,0.0,53282.15,53585.15,52783.45,53710.35,0,0.0,0.0,0.0,0.0,-0.01,-1,-1,-0.01,-1,-1,-0.01,-1,-1,-0.01,-1,-1,-0.01,-1,-1,-0.01,-1,-1,-0.01,-1,-1,-0.01,-1,-1,-0.01,-1,-1,-0.01,-1,-1
99926009,2026-05-18 13:53:29+05:30,53550.4,0,0.0,0,0.0,0.0,53282.15,53585.15,52783.45,53710.35,0,0.0,0.0,0.0,0.0,-0.01,-1,-1,-0.01,-1,-1,-0.01,-1,-1,-0.01,-1,-1,-0.01,-1,-1,-0.01,-1,-1,-0.01,-1,-1,-0.01,-1,-1,-0.01,-1,-1,-0.01,-1,-1
99926009,2026-05-18 13:53:30+05:30,53553.8,0,0.0,0,0.0,0.0,53282.15,53585.15,52783.45,53710.35,0,0.0,0.0,0.0,0.0,-0.01,-1,-1,-0.01,-1,-1,-0.01,-1,-1,-0.01,-1,-1,-0.01,-1,-1,-0.01,-1,-1,-0.01,-1,-1,-0.01,-1,-1,-0.01,-1,-1,-0.01,-1,-1
99926009,2026-05-18 13:53:30+05:30,53554.8,0,0.0,0,0.0,0.0,53282.15,53585.15,52783.45,53710.35,0,0.0,0.0,0.0,0.0,-0.01,-1,-1,-0.01,-1,-1,-0.01,-1,-1,-0.01,-1,-1,-0.01,-1,-1,-0.01,-1,-1,-0.01,-1,-1,-0.01,-1,-1,-0.01,-1,-1,-0.01,-1,-1
99926009,2026-05-18 13:53:31+05:30,53555.45,0,0.0,0,0.0,0.0,53282.15,53585.15,52783.45,53710.35,0,0.0,0.0,0.0,0.0,-0.01,-1,-1,-0.01,-1,-1,-0.01,-1,-1,-0.01,-1,-1,-0.01,-1,-1,-0.01,-1,-1,-0.01,-1,-1,-0.01,-1,-1,-0.01,-1,-1,-0.01,-1,-1
99926009,2026-05-18 13:53:31+05:30,53556.45,0,0.0,0,0.0,0.0,53282.15,53585.15,52783.45,53710.35,0,0.0,0.0,0.0,0.0,-0.01,-1,-1,-0.01,-1,-1,-0.01,-1,-1,-0.01,-1,-1,-0.01,-1,-1,-0.01,-1,-1,-0.01,-1,-1,-0.01,-1,-1,-0.01,-1,-1,-0.01,-1,-1
99926009,2026-05-18 13:53:32+05:30,53555.1,0,0.0,0,0.0,0.0,53282.15,53585.15,52783.45,53710.35,0,0.0,0.0,0.0,0.0,-0.01,-1,-1,-0.01,-1,-1,-0.01,-1,-1,-0.01,-1,-1,-0.01,-1,-1,-0.01,-1,-1,-0.01,-1,-1,-0.01,-1,-1,-0.01,-1,-1,-0.01,-1,-1
99926009,2026-05-18 13:53:32+05:30,53554.3,0,0.0,0,0.0,0.0,53282.15,53585.15,52783.45,53710.35,0,0.0,0.0,0.0,0.0,-0.01,-1,-1,-0.01,-1,-1,-0.01,-1,-1,-0.01,-1,-1,-0.01,-1,-1,-0.01,-1,-1,-0.01,-1,-1,-0.01,-1,-1,-0.01,-1,-1,-0.01,-1,-1
99926009,2026-05-18 13:53:33+05:30,53555.5,0,0.0,0,0.0,0.0,53282.15,53585.15,52783.45,53710.35,0,0.0,0.0,0.0,0.0,-0.01,-1,-1,-0.01,-1,-1,-0.01,-1,-1,-0.01,-1,-1,-0.01,-1,-1,-0.01,-1,-1,-0.01,-1,-1,-0.01,-1,-1,-0.01,-1,-1,-0.01,-1,-1
99926009,2026-05-18 13:53:33+05:30,53555.5,0,0.0,0,0.0,0.0,53282.15,53585.15,52783.45,53710.35,0,0.0,0.0,0.0,0.0,-0.01,-1,-1,-0.01,-1,-1,-0.01,-1,-1,-0.01,-1,-1,-0.01,-1,-1,-0.01,-1,-1,-0.01,-1,-1,-0.01,-1,-1,-0.01,-1,-1,-0.01,-1,-1
99926009,2026-05-18 13:53:34+05:30,53556.15,0,0.0,0,0.0,0.0,53282.15,53585.15,52783.45,53710.35,0,0.0,0.0,0.0,0.0,-0.01,-1,-1,-0.01,-1,-1,-0.01,-1,-1,-0.01,-1,-1,-0.01,-1,-1,-0.01,-1,-1,-0.01,-1,-1,-0.01,-1,-1,-0.01,-1,-1,-0.01,-1,-1
99926009,2026-05-18 13:53:34+05:30,53556.05,0,0.0,0,0.0,0.0,53282.15,53585.15,52783.45,53710.35,0,0.0,0.0,0.0,0.0,-0.01,-1,-1,-0.01,-1,-1,-0.01,-1,-1,-0.01,-1,-1,-0.01,-1,-1,-0.01,-1,-1,-0.01,-1,-1,-0.01,-1,-1,-0.01,-1,-1,-0.01,-1,-1
99926009,2026-05-18 13:53:35+05:30,53557.4,0,0.0,0,0.0,0.0,53282.15,53585.15,52783.45,53710.35,0,0.0,0.0,0.0,0.0,-0.01,-1,-1,-0.01,-1,-1,-0.01,-1,-1,-0.01,-1,-1,-0.01,-1,-1,-0.01,-1,-1,-0.01,-1,-1,-0.01,-1,-1,-0.01,-1,-1,-0.01,-1,-1
99926009,2026-05-18 13:53:35+05:30,53555.4,0,0.0,0,0.0,0.0,53282.15,53585.15,52783.45,53710.35,0,0.0,0.0,0.0,0.0,-0.01,-1,-1,-0.01,-1,-1,-0.01,-1,-1,-0.01,-1,-1,-0.01,-1,-1,-0.01,-1,-1,-0.01,-1,-1,-0.01,-1,-1,-0.01,-1,-1,-0.01,-1,-1
99926009,2026-05-18 13:53:36+05:30,53557.1,0,0.0,0,0.0,0.0,53282.15,53585.15,52783.45,53710.35,0,0.0,0.0,0.0,0.0,-0.01,-1,-1,-0.01,-1,-1,-0.01,-1,-1,-0.01,-1,-1,-0.01,-1,-1,-0.01,-1,-1,-0.01,-1,-1,-0.01,-1,-1,-0.01,-1,-1,-0.01,-1,-1
99926009,2026-05-18 13:53:36+05:30,53557.25,0,0.0,0,0.0,0.0,53282.15,53585.15,52783.45,53710.35,0,0.0,0.0,0.0,0.0,-0.01,-1,-1,-0.01,-1,-1,-0.01,-1,-1,-0.01,-1,-1,-0.01,-1,-1,-0.01,-1,-1,-0.01,-1,-1,-0.01,-1,-1,-0.01,-1,-1,-0.01,-1,-1
99926009,2026-05-18 13:53:37+05:30,53556.25,0,0.0,0,0.0,0.0,53282.15,53585.15,52783.45,53710.35,0,0.0,0.0,0.0,0.0,-0.01,-1,-1,-0.01,-1,-1,-0.01,-1,-1,-0.01,-1,-1,-0.01,-1,-1,-0.01,-1,-1,-0.01,-1,-1,-0.01,-1,-1,-0.01,-1,-1,-0.01,-1,-1
99926009,2026-05-18 13:53:37+05:30,53555.65,0,0.0,0,0.0,0.0,53282.15,53585.15,52783.45,53710.35,0,0.0,0.0,0.0,0.0,-0.01,-1,-1,-0.01,-1,-1,-0.01,-1,-1,-0.01,-1,-1,-0.01,-1,-1,-0.01,-1,-1,-0.01,-1,-1,-0.01,-1,-1,-0.01,-1,-1,-0.01,-1,-1
99926009,2026-05-18 13:53:38+05:30,53554.55,0,0.0,0,0.0,0.0,53282.15,53585.15,52783.45,53710.35,0,0.0,0.0,0.0,0.0,-0.01,-1,-1,-0.01,-1,-1,-0.01,-1,-1,-0.01,-1,-1,-0.01,-1,-1,-0.01,-1,-1,-0.01,-1,-1,-0.01,-1,-1,-0.01,-1,-1,-0.01,-1,-1
99926009,2026-05-18 13:53:38+05:30,53556.4,0,0.0,0,0.0,0.0,53282.15,53585.15,52783.45,53710.35,0,0.0,0.0,0.0,0.0,-0.01,-1,-1,-0.01,-1,-1,-0.01,-1,-1,-0.01,-1,-1,-0.01,-1,-1,-0.01,-1,-1,-0.01,-1,-1,-0.01,-1,-1,-0.01,-1,-1,-0.01,-1,-1
99926009,2026-05-18 13:53:39+05:30,53556.75,0,0.0,0,0.0,0.0,53282.15,53585.15,52783.45,53710.35,0,0.0,0.0,0.0,0.0,-0.01,-1,-1,-0.01,-1,-1,-0.01,-1,-1,-0.01,-1,-1,-0.01,-1,-1,-0.01,-1,-1,-0.01,-1,-1,-0.01,-1,-1,-0.01,-1,-1,-0.01,-1,-1
99926009,2026-05-18 13:53:39+05:30,53557.65,0,0.0,0,0.0,0.0,53282.15,53585.15,52783.45,53710.35,0,0.0,0.0,0.0,0.0,-0.01,-1,-1,-0.01,-1,-1,-0.01,-1,-1,-0.01,-1,-1,-0.01,-1,-1,-0.01,-1,-1,-0.01,-1,-1,-0.01,-1,-1,-0.01,-1,-1,-0.01,-1,-1
99926009,2026-05-18 13:53:40+05:30,53557.5,0,0.0,0,0.0,0.0,53282.15,53585.15,52783.45,53710.35,0,0.0,0.0,0.0,0.0,-0.01,-1,-1,-0.01,-1,-1,-0.01,-1,-1,-0.01,-1,-1,-0.01,-1,-1,-0.01,-1,-1,-0.01,-1,-1,-0.01,-1,-1,-0.01,-1,-1,-0.01,-1,-1
99926009,2026-05-18 13:53:40+05:30,53554.7,0,0.0,0,0.0,0.0,53282.15,53585.15,52783.45,53710.35,0,0.0,0.0,0.0,0.0,-0.01,-1,-1,-0.01,-1,-1,-0.01,-1,-1,-0.01,-1,-1,-0.01,-1,-1,-0.01,-1,-1,-0.01,-1,-1,-0.01,-1,-1,-0.01,-1,-1,-0.01,-1,-1
99926009,2026-05-18 13:53:41+05:30,53555.15,0,0.0,0,0.0,0.0,53282.15,53585.15,52783.45,53710.35,0,0.0,0.0,0.0,0.0,-0.01,-1,-1,-0.01,-1,-1,-0.01,-1,-1,-0.01,-1,-1,-0.01,-1,-1,-0.01,-1,-1,-0.01,-1,-1,-0.01,-1,-1,-0.01,-1,-1,-0.01,-1,-1
99926009,2026-05-18 13:53:41+05:30,53554.4,0,0.0,0,0.0,0.0,53282.15,53585.15,52783.45,53710.35,0,0.0,0.0,0.0,0.0,-0.01,-1,-1,-0.01,-1,-1,-0.01,-1,-1,-0.01,-1,-1,-0.01,-1,-1,-0.01,-1,-1,-0.01,-1,-1,-0.01,-1,-1,-0.01,-1,-1,-0.01,-1,-1
99926009,2026-05-18 13:53:42+05:30,53554.9,0,0.0,0,0.0,0.0,53282.15,53585.15,52783.45,53710.35,0,0.0,0.0,0.0,0.0,-0.01,-1,-1,-0.01,-1,-1,-0.01,-1,-1,-0.01,-1,-1,-0.01,-1,-1,-0.01,-1,-1,-0.01,-1,-1,-0.01,-1,-1,-0.01,-1,-1,-0.01,-1,-1
99926009,2026-05-18 13:53:42+05:30,53555.2,0,0.0,0,0.0,0.0,53282.15,53585.15,52783.45,53710.35,0,0.0,0.0,0.0,0.0,-0.01,-1,-1,-0.01,-1,-1,-0.01,-1,-1,-0.01,-1,-1,-0.01,-1,-1,-0.01,-1,-1,-0.01,-1,-1,-0.01,-1,-1,-0.01,-1,-1,-0.01,-1,-1
99926009,2026-05-18 13:53:43+05:30,53551.6,0,0.0,0,0.0,0.0,53282.15,53585.15,52783.45,53710.35,0,0.0,0.0,0.0,0.0,-0.01,-1,-1,-0.01,-1,-1,-0.01,-1,-1,-0.01,-1,-1,-0.01,-1,-1,-0.01,-1,-1,-0.01,-1,-1,-0.01,-1,-1,-0.01,-1,-1,-0.01,-1,-1
99926009,2026-05-18 13:53:43+05:30,53553.95,0,0.0,0,0.0,0.0,53282.15,53585.15,52783.45,53710.35,0,0.0,0.0,0.0,0.0,-0.01,-1,-1,-0.01,-1,-1,-0.01,-1,-1,-0.01,-1,-1,-0.01,-1,-1,-0.01,-1,-1,-0.01,-1,-1,-0.01,-1,-1,-0.01,-1,-1,-0.01,-1,-1
99926009,2026-05-18 13:53:44+05:30,53553.95,0,0.0,0,0.0,0.0,53282.15,53585.15,52783.45,53710.35,0,0.0,0.0,0.0,0.0,-0.01,-1,-1,-0.01,-1,-1,-0.01,-1,-1,-0.01,-1,-1,-0.01,-1,-1,-0.01,-1,-1,-0.01,-1,-1,-0.01,-1,-1,-0.01,-1,-1,-0.01,-1,-1
99926009,2026-05-18 13:53:44+05:30,53552.1,0,0.0,0,0.0,0.0,53282.15,53585.15,52783.45,53710.35,0,0.0,0.0,0.0,0.0,-0.01,-1,-1,-0.01,-1,-1,-0.01,-1,-1,-0.01,-1,-1,-0.01,-1,-1,-0.01,-1,-1,-0.01,-1,-1,-0.01,-1,-1,-0.01,-1,-1,-0.01,-1,-1
99926009,2026-05-18 13:53:45+05:30,53555.5,0,0.0,0,0.0,0.0,53282.15,53585.15,52783.45,53710.35,0,0.0,0.0,0.0,0.0,-0.01,-1,-1,-0.01,-1,-1,-0.01,-1,-1,-0.01,-1,-1,-0.01,-1,-1,-0.01,-1,-1,-0.01,-1,-1,-0.01,-1,-1,-0.01,-1,-1,-0.01,-1,-1
99926009,2026-05-18 13:53:45+05:30,53554.55,0,0.0,0,0.0,0.0,53282.15,53585.15,52783.45,53710.35,0,0.0,0.0,0.0,0.0,-0.01,-1,-1,-0.01,-1,-1,-0.01,-1,-1,-0.01,-1,-1,-0.01,-1,-1,-0.01,-1,-1,-0.01,-1,-1,-0.01,-1,-1,-0.01,-1,-1,-0.01,-1,-1
99926009,2026-05-18 13:53:46+05:30,53554.9,0,0.0,0,0.0,0.0,53282.15,53585.15,52783.45,53710.35,0,0.0,0.0,0.0,0.0,-0.01,-1,-1,-0.01,-1,-1,-0.01,-1,-1,-0.01,-1,-1,-0.01,-1,-1,-0.01,-1,-1,-0.01,-1,-1,-0.01,-1,-1,-0.01,-1,-1,-0.01,-1,-1
99926009,2026-05-18 13:53:46+05:30,53555.5,0,0.0,0,0.0,0.0,53282.15,53585.15,52783.45,53710.35,0,0.0,0.0,0.0,0.0,-0.01,-1,-1,-0.01,-1,-1,-0.01,-1,-1,-0.01,-1,-1,-0.01,-1,-1,-0.01,-1,-1,-0.01,-1,-1,-0.01,-1,-1,-0.01,-1,-1,-0.01,-1,-1
99926009,2026-05-18 13:53:47+05:30,53555.0,0,0.0,0,0.0,0.0,53282.15,53585.15,52783.45,53710.35,0,0.0,0.0,0.0,0.0,-0.01,-1,-1,-0.01,-1,-1,-0.01,-1,-1,-0.01,-1,-1,-0.01,-1,-1,-0.01,-1,-1,-0.01,-1,-1,-0.01,-1,-1,-0.01,-1,-1,-0.01,-1,-1
99926009,2026-05-18 13:53:47+05:30,53555.0,0,0.0,0,0.0,0.0,53282.15,53585.15,52783.45,53710.35,0,0.0,0.0,0.0,0.0,-0.01,-1,-1,-0.01,-1,-1,-0.01,-1,-1,-0.01,-1,-1,-0.01,-1,-1,-0.01,-1,-1,-0.01,-1,-1,-0.01,-1,-1,-0.01,-1,-1,-0.01,-1,-1
99926009,2026-05-18 13:53:48+05:30,53555.25,0,0.0,0,0.0,0.0,53282.15,53585.15,52783.45,53710.35,0,0.0,0.0,0.0,0.0,-0.01,-1,-1,-0.01,-1,-1,-0.01,-1,-1,-0.01,-1,-1,-0.01,-1,-1,-0.01,-1,-1,-0.01,-1,-1,-0.01,-1,-1,-0.01,-1,-1,-0.01,-1,-1
99926009,2026-05-18 13:53:48+05:30,53553.9,0,0.0,0,0.0,0.0,53282.15,53585.15,52783.45,53710.35,0,0.0,0.0,0.0,0.0,-0.01,-1,-1,-0.01,-1,-1,-0.01,-1,-1,-0.01,-1,-1,-0.01,-1,-1,-0.01,-1,-1,-0.01,-1,-1,-0.01,-1,-1,-0.01,-1,-1,-0.01,-1,-1
99926009,2026-05-18 13:53:49+05:30,53554.25,0,0.0,0,0.0,0.0,53282.15,53585.15,52783.45,53710.35,0,0.0,0.0,0.0,0.0,-0.01,-1,-1,-0.01,-1,-1,-0.01,-1,-1,-0.01,-1,-1,-0.01,-1,-1,-0.01,-1,-1,-0.01,-1,-1,-0.01,-1,-1,-0.01,-1,-1,-0.01,-1,-1
99926009,2026-05-18 13:53:49+05:30,53554.55,0,0.0,0,0.0,0.0,53282.15,53585.15,52783.45,53710.35,0,0.0,0.0,0.0,0.0,-0.01,-1,-1,-0.01,-1,-1,-0.01,-1,-1,-0.01,-1,-1,-0.01,-1,-1,-0.01,-1,-1,-0.01,-1,-1,-0.01,-1,-1,-0.01,-1,-1,-0.01,-1,-1
99926009,2026-05-18 13:53:50+05:30,53553.3,0,0.0,0,0.0,0.0,53282.15,53585.15,52783.45,53710.35,0,0.0,0.0,0.0,0.0,-0.01,-1,-1,-0.01,-1,-1,-0.01,-1,-1,-0.01,-1,-1,-0.01,-1,-1,-0.01,-1,-1,-0.01,-1,-1,-0.01,-1,-1,-0.01,-1,-1,-0.01,-1,-1
99926009,2026-05-18 13:53:50+05:30,53554.5,0,0.0,0,0.0,0.0,53282.15,53585.15,52783.45,53710.35,0,0.0,0.0,0.0,0.0,-0.01,-1,-1,-0.01,-1,-1,-0.01,-1,-1,-0.01,-1,-1,-0.01,-1,-1,-0.01,-1,-1,-0.01,-1,-1,-0.01,-1,-1,-0.01,-1,-1,-0.01,-1,-1
99926009,2026-05-18 13:53:51+05:30,53554.4,0,0.0,0,0.0,0.0,53282.15,53585.15,52783.45,53710.35,0,0.0,0.0,0.0,0.0,-0.01,-1,-1,-0.01,-1,-1,-0.01,-1,-1,-0.01,-1,-1,-0.01,-1,-1,-0.01,-1,-1,-0.01,-1,-1,-0.01,-1,-1,-0.01,-1,-1,-0.01,-1,-1
99926009,2026-05-18 13:53:51+05:30,53557.3,0,0.0,0,0.0,0.0,53282.15,53585.15,52783.45,53710.35,0,0.0,0.0,0.0,0.0,-0.01,-1,-1,-0.01,-1,-1,-0.01,-1,-1,-0.01,-1,-1,-0.01,-1,-1,-0.01,-1,-1,-0.01,-1,-1,-0.01,-1,-1,-0.01,-1,-1,-0.01,-1,-1
99926009,2026-05-18 13:53:52+05:30,53555.4,0,0.0,0,0.0,0.0,53282.15,53585.15,52783.45,53710.35,0,0.0,0.0,0.0,0.0,-0.01,-1,-1,-0.01,-1,-1,-0.01,-1,-1,-0.01,-1,-1,-0.01,-1,-1,-0.01,-1,-1,-0.01,-1,-1,-0.01,-1,-1,-0.01,-1,-1,-0.01,-1,-1
99926009,2026-05-18 13:53:52+05:30,53553.2,0,0.0,0,0.0,0.0,53282.15,53585.15,52783.45,53710.35,0,0.0,0.0,0.0,0.0,-0.01,-1,-1,-0.01,-1,-1,-0.01,-1,-1,-0.01,-1,-1,-0.01,-1,-1,-0.01,-1,-1,-0.01,-1,-1,-0.01,-1,-1,-0.01,-1,-1,-0.01,-1,-1
99926009,2026-05-18 13:53:53+05:30,53556.1,0,0.0,0,0.0,0.0,53282.15,53585.15,52783.45,53710.35,0,0.0,0.0,0.0,0.0,-0.01,-1,-1,-0.01,-1,-1,-0.01,-1,-1,-0.01,-1,-1,-0.01,-1,-1,-0.01,-1,-1,-0.01,-1,-1,-0.01,-1,-1,-0.01,-1,-1,-0.01,-1,-1
99926009,2026-05-18 13:53:53+05:30,53555.0,0,0.0,0,0.0,0.0,53282.15,53585.15,52783.45,53710.35,0,0.0,0.0,0.0,0.0,-0.01,-1,-1,-0.01,-1,-1,-0.01,-1,-1,-0.01,-1,-1,-0.01,-1,-1,-0.01,-1,-1,-0.01,-1,-1,-0.01,-1,-1,-0.01,-1,-1,-0.01,-1,-1
99926009,2026-05-18 13:53:54+05:30,53554.8,0,0.0,0,0.0,0.0,53282.15,53585.15,52783.45,53710.35,0,0.0,0.0,0.0,0.0,-0.01,-1,-1,-0.01,-1,-1,-0.01,-1,-1,-0.01,-1,-1,-0.01,-1,-1,-0.01,-1,-1,-0.01,-1,-1,-0.01,-1,-1,-0.01,-1,-1,-0.01,-1,-1
99926009,2026-05-18 13:53:54+05:30,53554.8,0,0.0,0,0.0,0.0,53282.15,53585.15,52783.45,53710.35,0,0.0,0.0,0.0,0.0,-0.01,-1,-1,-0.01,-1,-1,-0.01,-1,-1,-0.01,-1,-1,-0.01,-1,-1,-0.01,-1,-1,-0.01,-1,-1,-0.01,-1,-1,-0.01,-1,-1,-0.01,-1,-1
99926009,2026-05-18 13:53:55+05:30,53555.1,0,0.0,0,0.0,0.0,53282.15,53585.15,52783.45,53710.35,0,0.0,0.0,0.0,0.0,-0.01,-1,-1,-0.01,-1,-1,-0.01,-1,-1,-0.01,-1,-1,-0.01,-1,-1,-0.01,-1,-1,-0.01,-1,-1,-0.01,-1,-1,-0.01,-1,-1,-0.01,-1,-1
99926009,2026-05-18 13:53:55+05:30,53553.65,0,0.0,0,0.0,0.0,53282.15,53585.15,52783.45,53710.35,0,0.0,0.0,0.0,0.0,-0.01,-1,-1,-0.01,-1,-1,-0.01,-1,-1,-0.01,-1,-1,-0.01,-1,-1,-0.01,-1,-1,-0.01,-1,-1,-0.01,-1,-1,-0.01,-1,-1,-0.01,-1,-1
99926009,2026-05-18 13:53:56+05:30,53554.15,0,0.0,0,0.0,0.0,53282.15,53585.15,52783.45,53710.35,0,0.0,0.0,0.0,0.0,-0.01,-1,-1,-0.01,-1,-1,-0.01,-1,-1,-0.01,-1,-1,-0.01,-1,-1,-0.01,-1,-1,-0.01,-1,-1,-0.01,-1,-1,-0.01,-1,-1,-0.01,-1,-1
99926009,2026-05-18 13:53:56+05:30,53554.3,0,0.0,0,0.0,0.0,53282.15,53585.15,52783.45,53710.35,0,0.0,0.0,0.0,0.0,-0.01,-1,-1,-0.01,-1,-1,-0.01,-1,-1,-0.01,-1,-1,-0.01,-1,-1,-0.01,-1,-1,-0.01,-1,-1,-0.01,-1,-1,-0.01,-1,-1,-0.01,-1,-1
99926009,2026-05-18 13:53:57+05:30,53554.75,0,0.0,0,0.0,0.0,53282.15,53585.15,52783.45,53710.35,0,0.0,0.0,0.0,0.0,-0.01,-1,-1,-0.01,-1,-1,-0.01,-1,-1,-0.01,-1,-1,-0.01,-1,-1,-0.01,-1,-1,-0.01,-1,-1,-0.01,-1,-1,-0.01,-1,-1,-0.01,-1,-1
99926009,2026-05-18 13:53:57+05:30,53554.5,0,0.0,0,0.0,0.0,53282.15,53585.15,52783.45,53710.35,0,0.0,0.0,0.0,0.0,-0.01,-1,-1,-0.01,-1,-1,-0.01,-1,-1,-0.01,-1,-1,-0.01,-1,-1,-0.01,-1,-1,-0.01,-1,-1,-0.01,-1,-1,-0.01,-1,-1,-0.01,-1,-1
99926009,2026-05-18 13:53:58+05:30,53553.7,0,0.0,0,0.0,0.0,53282.15,53585.15,52783.45,53710.35,0,0.0,0.0,0.0,0.0,-0.01,-1,-1,-0.01,-1,-1,-0.01,-1,-1,-0.01,-1,-1,-0.01,-1,-1,-0.01,-1,-1,-0.01,-1,-1,-0.01,-1,-1,-0.01,-1,-1,-0.01,-1,-1
99926009,2026-05-18 13:53:58+05:30,53553.15,0,0.0,0,0.0,0.0,53282.15,53585.15,52783.45,53710.35,0,0.0,0.0,0.0,0.0,-0.01,-1,-1,-0.01,-1,-1,-0.01,-1,-1,-0.01,-1,-1,-0.01,-1,-1,-0.01,-1,-1,-0.01,-1,-1,-0.01,-1,-1,-0.01,-1,-1,-0.01,-1,-1
99926009,2026-05-18 13:53:59+05:30,53553.2,0,0.0,0,0.0,0.0,53282.15,53585.15,52783.45,53710.35,0,0.0,0.0,0.0,0.0,-0.01,-1,-1,-0.01,-1,-1,-0.01,-1,-1,-0.01,-1,-1,-0.01,-1,-1,-0.01,-1,-1,-0.01,-1,-1,-0.01,-1,-1,-0.01,-1,-1,-0.01,-1,-1
99926009,2026-05-18 13:53:59+05:30,53555.15,0,0.0,0,0.0,0.0,53282.15,53585.15,52783.45,53710.35,0,0.0,0.0,0.0,0.0,-0.01,-1,-1,-0.01,-1,-1,-0.01,-1,-1,-0.01,-1,-1,-0.01,-1,-1,-0.01,-1,-1,-0.01,-1,-1,-0.01,-1,-1,-0.01,-1,-1,-0.01,-1,-1
99926009,2026-05-18 13:54:00+05:30,53552.85,0,0.0,0,0.0,0.0,53282.15,53585.15,52783.45,53710.35,0,0.0,0.0,0.0,0.0,-0.01,-1,-1,-0.01,-1,-1,-0.01,-1,-1,-0.01,-1,-1,-0.01,-1,-1,-0.01,-1,-1,-0.01,-1,-1,-0.01,-1,-1,-0.01,-1,-1,-0.01,-1,-1
99926009,2026-05-18 13:54:00+05:30,53550.7,0,0.0,0,0.0,0.0,53282.15,53585.15,52783.45,53710.35,0,0.0,0.0,0.0,0.0,-0.01,-1,-1,-0.01,-1,-1,-0.01,-1,-1,-0.01,-1,-1,-0.01,-1,-1,-0.01,-1,-1,-0.01,-1,-1,-0.01,-1,-1,-0.01,-1,-1,-0.01,-1,-1
99926009,2026-05-18 13:54:01+05:30,53552.45,0,0.0,0,0.0,0.0,53282.15,53585.15,52783.45,53710.35,0,0.0,0.0,0.0,0.0,-0.01,-1,-1,-0.01,-1,-1,-0.01,-1,-1,-0.01,-1,-1,-0.01,-1,-1,-0.01,-1,-1,-0.01,-1,-1,-0.01,-1,-1,-0.01,-1,-1,-0.01,-1,-1
99926009,2026-05-18 13:54:01+05:30,53552.55,0,0.0,0,0.0,0.0,53282.15,53585.15,52783.45,53710.35,0,0.0,0.0,0.0,0.0,-0.01,-1,-1,-0.01,-1,-1,-0.01,-1,-1,-0.01,-1,-1,-0.01,-1,-1,-0.01,-1,-1,-0.01,-1,-1,-0.01,-1,-1,-0.01,-1,-1,-0.01,-1,-1
99926009,2026-05-18 13:54:02+05:30,53551.8,0,0.0,0,0.0,0.0,53282.15,53585.15,52783.45,53710.35,0,0.0,0.0,0.0,0.0,-0.01,-1,-1,-0.01,-1,-1,-0.01,-1,-1,-0.01,-1,-1,-0.01,-1,-1,-0.01,-1,-1,-0.01,-1,-1,-0.01,-1,-1,-0.01,-1,-1,-0.01,-1,-1
99926009,2026-05-18 13:54:02+05:30,53550.95,0,0.0,0,0.0,0.0,53282.15,53585.15,52783.45,53710.35,0,0.0,0.0,0.0,0.0,-0.01,-1,-1,-0.01,-1,-1,-0.01,-1,-1,-0.01,-1,-1,-0.01,-1,-1,-0.01,-1,-1,-0.01,-1,-1,-0.01,-1,-1,-0.01,-1,-1,-0.01,-1,-1
99926009,2026-05-18 13:54:03+05:30,53553.9,0,0.0,0,0.0,0.0,53282.15,53585.15,52783.45,53710.35,0,0.0,0.0,0.0,0.0,-0.01,-1,-1,-0.01,-1,-1,-0.01,-1,-1,-0.01,-1,-1,-0.01,-1,-1,-0.01,-1,-1,-0.01,-1,-1,-0.01,-1,-1,-0.01,-1,-1,-0.01,-1,-1
99926009,2026-05-18 13:54:03+05:30,53552.5,0,0.0,0,0.0,0.0,53282.15,53585.15,52783.45,53710.35,0,0.0,0.0,0.0,0.0,-0.01,-1,-1,-0.01,-1,-1,-0.01,-1,-1,-0.01,-1,-1,-0.01,-1,-1,-0.01,-1,-1,-0.01,-1,-1,-0.01,-1,-1,-0.01,-1,-1,-0.01,-1,-1
99926009,2026-05-18 13:54:04+05:30,53553.0,0,0.0,0,0.0,0.0,53282.15,53585.15,52783.45,53710.35,0,0.0,0.0,0.0,0.0,-0.01,-1,-1,-0.01,-1,-1,-0.01,-1,-1,-0.01,-1,-1,-0.01,-1,-1,-0.01,-1,-1,-0.01,-1,-1,-0.01,-1,-1,-0.01,-1,-1,-0.01,-1,-1
99926009,2026-05-18 13:54:04+05:30,53553.2,0,0.0,0,0.0,0.0,53282.15,53585.15,52783.45,53710.35,0,0.0,0.0,0.0,0.0,-0.01,-1,-1,-0.01,-1,-1,-0.01,-1,-1,-0.01,-1,-1,-0.01,-1,-1,-0.01,-1,-1,-0.01,-1,-1,-0.01,-1,-1,-0.01,-1,-1,-0.01,-1,-1
99926009,2026-05-18 13:54:05+05:30,53555.15,0,0.0,0,0.0,0.0,53282.15,53585.15,52783.45,53710.35,0,0.0,0.0,0.0,0.0,-0.01,-1,-1,-0.01,-1,-1,-0.01,-1,-1,-0.01,-1,-1,-0.01,-1,-1,-0.01,-1,-1,-0.01,-1,-1,-0.01,-1,-1,-0.01,-1,-1,-0.01,-1,-1
99926009,2026-05-18 13:54:05+05:30,53553.65,0,0.0,0,0.0,0.0,53282.15,53585.15,52783.45,53710.35,0,0.0,0.0,0.0,0.0,-0.01,-1,-1,-0.01,-1,-1,-0.01,-1,-1,-0.01,-1,-1,-0.01,-1,-1,-0.01,-1,-1,-0.01,-1,-1,-0.01,-1,-1,-0.01,-1,-1,-0.01,-1,-1
99926009,2026-05-18 13:54:06+05:30,53553.85,0,0.0,0,0.0,0.0,53282.15,53585.15,52783.45,53710.35,0,0.0,0.0,0.0,0.0,-0.01,-1,-1,-0.01,-1,-1,-0.01,-1,-1,-0.01,-1,-1,-0.01,-1,-1,-0.01,-1,-1,-0.01,-1,-1,-0.01,-1,-1,-0.01,-1,-1,-0.01,-1,-1
99926009,2026-05-18 13:54:06+05:30,53551.6,0,0.0,0,0.0,0.0,53282.15,53585.15,52783.45,53710.35,0,0.0,0.0,0.0,0.0,-0.01,-1,-1,-0.01,-1,-1,-0.01,-1,-1,-0.01,-1,-1,-0.01,-1,-1,-0.01,-1,-1,-0.01,-1,-1,-0.01,-1,-1,-0.01,-1,-1,-0.01,-1,-1
99926009,2026-05-18 13:54:07+05:30,53549.4,0,0.0,0,0.0,0.0,53282.15,53585.15,52783.45,53710.35,0,0.0,0.0,0.0,0.0,-0.01,-1,-1,-0.01,-1,-1,-0.01,-1,-1,-0.01,-1,-1,-0.01,-1,-1,-0.01,-1,-1,-0.01,-1,-1,-0.01,-1,-1,-0.01,-1,-1,-0.01,-1,-1
99926009,2026-05-18 13:54:07+05:30,53546.7,0,0.0,0,0.0,0.0,53282.15,53585.15,52783.45,53710.35,0,0.0,0.0,0.0,0.0,-0.01,-1,-1,-0.01,-1,-1,-0.01,-1,-1,-0.01,-1,-1,-0.01,-1,-1,-0.01,-1,-1,-0.01,-1,-1,-0.01,-1,-1,-0.01,-1,-1,-0.01,-1,-1
99926009,2026-05-18 13:54:08+05:30,53544.75,0,0.0,0,0.0,0.0,53282.15,53585.15,52783.45,53710.35,0,0.0,0.0,0.0,0.0,-0.01,-1,-1,-0.01,-1,-1,-0.01,-1,-1,-0.01,-1,-1,-0.01,-1,-1,-0.01,-1,-1,-0.01,-1,-1,-0.01,-1,-1,-0.01,-1,-1,-0.01,-1,-1
99926009,2026-05-18 13:54:08+05:30,53545.7,0,0.0,0,0.0,0.0,53282.15,53585.15,52783.45,53710.35,0,0.0,0.0,0.0,0.0,-0.01,-1,-1,-0.01,-1,-1,-0.01,-1,-1,-0.01,-1,-1,-0.01,-1,-1,-0.01,-1,-1,-0.01,-1,-1,-0.01,-1,-1,-0.01,-1,-1,-0.01,-1,-1
99926009,2026-05-18 13:54:09+05:30,53544.15,0,0.0,0,0.0,0.0,53282.15,53585.15,52783.45,53710.35,0,0.0,0.0,0.0,0.0,-0.01,-1,-1,-0.01,-1,-1,-0.01,-1,-1,-0.01,-1,-1,-0.01,-1,-1,-0.01,-1,-1,-0.01,-1,-1,-0.01,-1,-1,-0.01,-1,-1,-0.01,-1,-1
99926009,2026-05-18 13:54:09+05:30,53544.25,0,0.0,0,0.0,0.0,53282.15,53585.15,52783.45,53710.35,0,0.0,0.0,0.0,0.0,-0.01,-1,-1,-0.01,-1,-1,-0.01,-1,-1,-0.01,-1,-1,-0.01,-1,-1,-0.01,-1,-1,-0.01,-1,-1,-0.01,-1,-1,-0.01,-1,-1,-0.01,-1,-1
99926009,2026-05-18 13:54:10+05:30,53545.45,0,0.0,0,0.0,0.0,53282.15,53585.15,52783.45,53710.35,0,0.0,0.0,0.0,0.0,-0.01,-1,-1,-0.01,-1,-1,-0.01,-1,-1,-0.01,-1,-1,-0.01,-1,-1,-0.01,-1,-1,-0.01,-1,-1,-0.01,-1,-1,-0.01,-1,-1,-0.01,-1,-1
99926009,2026-05-18 13:54:10+05:30,53546.15,0,0.0,0,0.0,0.0,53282.15,53585.15,52783.45,53710.35,0,0.0,0.0,0.0,0.0,-0.01,-1,-1,-0.01,-1,-1,-0.01,-1,-1,-0.01,-1,-1,-0.01,-1,-1,-0.01,-1,-1,-0.01,-1,-1,-0.01,-1,-1,-0.01,-1,-1,-0.01,-1,-1
99926009,2026-05-18 13:54:11+05:30,53545.2,0,0.0,0,0.0,0.0,53282.15,53585.15,52783.45,53710.35,0,0.0,0.0,0.0,0.0,-0.01,-1,-1,-0.01,-1,-1,-0.01,-1,-1,-0.01,-1,-1,-0.01,-1,-1,-0.01,-1,-1,-0.01,-1,-1,-0.01,-1,-1,-0.01,-1,-1,-0.01,-1,-1
99926009,2026-05-18 13:54:11+05:30,53542.5,0,0.0,0,0.0,0.0,53282.15,53585.15,52783.45,53710.35,0,0.0,0.0,0.0,0.0,-0.01,-1,-1,-0.01,-1,-1,-0.01,-1,-1,-0.01,-1,-1,-0.01,-1,-1,-0.01,-1,-1,-0.01,-1,-1,-0.01,-1,-1,-0.01,-1,-1,-0.01,-1,-1
99926009,2026-05-18 13:54:12+05:30,53542.75,0,0.0,0,0.0,0.0,53282.15,53585.15,52783.45,53710.35,0,0.0,0.0,0.0,0.0,-0.01,-1,-1,-0.01,-1,-1,-0.01,-1,-1,-0.01,-1,-1,-0.01,-1,-1,-0.01,-1,-1,-0.01,-1,-1,-0.01,-1,-1,-0.01,-1,-1,-0.01,-1,-1
99926009,2026-05-18 13:54:12+05:30,53545.2,0,0.0,0,0.0,0.0,53282.15,53585.15,52783.45,53710.35,0,0.0,0.0,0.0,0.0,-0.01,-1,-1,-0.01,-1,-1,-0.01,-1,-1,-0.01,-1,-1,-0.01,-1,-1,-0.01,-1,-1,-0.01,-1,-1,-0.01,-1,-1,-0.01,-1,-1,-0.01,-1,-1
99926009,2026-05-18 13:54:13+05:30,53543.05,0,0.0,0,0.0,0.0,53282.15,53585.15,52783.45,53710.35,0,0.0,0.0,0.0,0.0,-0.01,-1,-1,-0.01,-1,-1,-0.01,-1,-1,-0.01,-1,-1,-0.01,-1,-1,-0.01,-1,-1,-0.01,-1,-1,-0.01,-1,-1,-0.01,-1,-1,-0.01,-1,-1
99926009,2026-05-18 13:54:13+05:30,53544.6,0,0.0,0,0.0,0.0,53282.15,53585.15,52783.45,53710.35,0,0.0,0.0,0.0,0.0,-0.01,-1,-1,-0.01,-1,-1,-0.01,-1,-1,-0.01,-1,-1,-0.01,-1,-1,-0.01,-1,-1,-0.01,-1,-1,-0.01,-1,-1,-0.01,-1,-1,-0.01,-1,-1
99926009,2026-05-18 13:54:14+05:30,53544.45,0,0.0,0,0.0,0.0,53282.15,53585.15,52783.45,53710.35,0,0.0,0.0,0.0,0.0,-0.01,-1,-1,-0.01,-1,-1,-0.01,-1,-1,-0.01,-1,-1,-0.01,-1,-1,-0.01,-1,-1,-0.01,-1,-1,-0.01,-1,-1,-0.01,-1,-1,-0.01,-1,-1
99926009,2026-05-18 13:54:14+05:30,53544.8,0,0.0,0,0.0,0.0,53282.15,53585.15,52783.45,53710.35,0,0.0,0.0,0.0,0.0,-0.01,-1,-1,-0.01,-1,-1,-0.01,-1,-1,-0.01,-1,-1,-0.01,-1,-1,-0.01,-1,-1,-0.01,-1,-1,-0.01,-1,-1,-0.01,-1,-1,-0.01,-1,-1
99926009,2026-05-18 13:54:15+05:30,53545.0,0,0.0,0,0.0,0.0,53282.15,53585.15,52783.45,53710.35,0,0.0,0.0,0.0,0.0,-0.01,-1,-1,-0.01,-1,-1,-0.01,-1,-1,-0.01,-1,-1,-0.01,-1,-1,-0.01,-1,-1,-0.01,-1,-1,-0.01,-1,-1,-0.01,-1,-1,-0.01,-1,-1
99926009,2026-05-18 13:54:15+05:30,53545.25,0,0.0,0,0.0,0.0,53282.15,53585.15,52783.45,53710.35,0,0.0,0.0,0.0,0.0,-0.01,-1,-1,-0.01,-1,-1,-0.01,-1,-1,-0.01,-1,-1,-0.01,-1,-1,-0.01,-1,-1,-0.01,-1,-1,-0.01,-1,-1,-0.01,-1,-1,-0.01,-1,-1
99926009,2026-05-18 13:54:16+05:30,53547.75,0,0.0,0,0.0,0.0,53282.15,53585.15,52783.45,53710.35,0,0.0,0.0,0.0,0.0,-0.01,-1,-1,-0.01,-1,-1,-0.01,-1,-1,-0.01,-1,-1,-0.01,-1,-1,-0.01,-1,-1,-0.01,-1,-1,-0.01,-1,-1,-0.01,-1,-1,-0.01,-1,-1
99926009,2026-05-18 13:54:16+05:30,53547.15,0,0.0,0,0.0,0.0,53282.15,53585.15,52783.45,53710.35,0,0.0,0.0,0.0,0.0,-0.01,-1,-1,-0.01,-1,-1,-0.01,-1,-1,-0.01,-1,-1,-0.01,-1,-1,-0.01,-1,-1,-0.01,-1,-1,-0.01,-1,-1,-0.01,-1,-1,-0.01,-1,-1
99926009,2026-05-18 13:54:17+05:30,53546.35,0,0.0,0,0.0,0.0,53282.15,53585.15,52783.45,53710.35,0,0.0,0.0,0.0,0.0,-0.01,-1,-1,-0.01,-1,-1,-0.01,-1,-1,-0.01,-1,-1,-0.01,-1,-1,-0.01,-1,-1,-0.01,-1,-1,-0.01,-1,-1,-0.01,-1,-1,-0.01,-1,-1
99926009,2026-05-18 13:54:17+05:30,53546.25,0,0.0,0,0.0,0.0,53282.15,53585.15,52783.45,53710.35,0,0.0,0.0,0.0,0.0,-0.01,-1,-1,-0.01,-1,-1,-0.01,-1,-1,-0.01,-1,-1,-0.01,-1,-1,-0.01,-1,-1,-0.01,-1,-1,-0.01,-1,-1,-0.01,-1,-1,-0.01,-1,-1
99926009,2026-05-18 13:54:18+05:30,53546.75,0,0.0,0,0.0,0.0,53282.15,53585.15,52783.45,53710.35,0,0.0,0.0,0.0,0.0,-0.01,-1,-1,-0.01,-1,-1,-0.01,-1,-1,-0.01,-1,-1,-0.01,-1,-1,-0.01,-1,-1,-0.01,-1,-1,-0.01,-1,-1,-0.01,-1,-1,-0.01,-1,-1
99926009,2026-05-18 13:54:18+05:30,53545.9,0,0.0,0,0.0,0.0,53282.15,53585.15,52783.45,53710.35,0,0.0,0.0,0.0,0.0,-0.01,-1,-1,-0.01,-1,-1,-0.01,-1,-1,-0.01,-1,-1,-0.01,-1,-1,-0.01,-1,-1,-0.01,-1,-1,-0.01,-1,-1,-0.01,-1,-1,-0.01,-1,-1
99926009,2026-05-18 13:54:19+05:30,53546.25,0,0.0,0,0.0,0.0,53282.15,53585.15,52783.45,53710.35,0,0.0,0.0,0.0,0.0,-0.01,-1,-1,-0.01,-1,-1,-0.01,-1,-1,-0.01,-1,-1,-0.01,-1,-1,-0.01,-1,-1,-0.01,-1,-1,-0.01,-1,-1,-0.01,-1,-1,-0.01,-1,-1
99926009,2026-05-18 13:54:19+05:30,53548.4,0,0.0,0,0.0,0.0,53282.15,53585.15,52783.45,53710.35,0,0.0,0.0,0.0,0.0,-0.01,-1,-1,-0.01,-1,-1,-0.01,-1,-1,-0.01,-1,-1,-0.01,-1,-1,-0.01,-1,-1,-0.01,-1,-1,-0.01,-1,-1,-0.01,-1,-1,-0.01,-1,-1
99926009,2026-05-18 13:54:20+05:30,53550.55,0,0.0,0,0.0,0.0,53282.15,53585.15,52783.45,53710.35,0,0.0,0.0,0.0,0.0,-0.01,-1,-1,-0.01,-1,-1,-0.01,-1,-1,-0.01,-1,-1,-0.01,-1,-1,-0.01,-1,-1,-0.01,-1,-1,-0.01,-1,-1,-0.01,-1,-1,-0.01,-1,-1
99926009,2026-05-18 13:54:20+05:30,53549.55,0,0.0,0,0.0,0.0,53282.15,53585.15,52783.45,53710.35,0,0.0,0.0,0.0,0.0,-0.01,-1,-1,-0.01,-1,-1,-0.01,-1,-1,-0.01,-1,-1,-0.01,-1,-1,-0.01,-1,-1,-0.01,-1,-1,-0.01,-1,-1,-0.01,-1,-1,-0.01,-1,-1
99926009,2026-05-18 13:54:21+05:30,53551.5,0,0.0,0,0.0,0.0,53282.15,53585.15,52783.45,53710.35,0,0.0,0.0,0.0,0.0,-0.01,-1,-1,-0.01,-1,-1,-0.01,-1,-1,-0.01,-1,-1,-0.01,-1,-1,-0.01,-1,-1,-0.01,-1,-1,-0.01,-1,-1,-0.01,-1,-1,-0.01,-1,-1
99926009,2026-05-18 13:54:21+05:30,53551.5,0,0.0,0,0.0,0.0,53282.15,53585.15,52783.45,53710.35,0,0.0,0.0,0.0,0.0,-0.01,-1,-1,-0.01,-1,-1,-0.01,-1,-1,-0.01,-1,-1,-0.01,-1,-1,-0.01,-1,-1,-0.01,-1,-1,-0.01,-1,-1,-0.01,-1,-1,-0.01,-1,-1
99926009,2026-05-18 13:54:22+05:30,53552.8,0,0.0,0,0.0,0.0,53282.15,53585.15,52783.45,53710.35,0,0.0,0.0,0.0,0.0,-0.01,-1,-1,-0.01,-1,-1,-0.01,-1,-1,-0.01,-1,-1,-0.01,-1,-1,-0.01,-1,-1,-0.01,-1,-1,-0.01,-1,-1,-0.01,-1,-1,-0.01,-1,-1
99926009,2026-05-18 13:54:22+05:30,53552.4,0,0.0,0,0.0,0.0,53282.15,53585.15,52783.45,53710.35,0,0.0,0.0,0.0,0.0,-0.01,-1,-1,-0.01,-1,-1,-0.01,-1,-1,-0.01,-1,-1,-0.01,-1,-1,-0.01,-1,-1,-0.01,-1,-1,-0.01,-1,-1,-0.01,-1,-1,-0.01,-1,-1
99926009,2026-05-18 13:54:23+05:30,53553.65,0,0.0,0,0.0,0.0,53282.15,53585.15,52783.45,53710.35,0,0.0,0.0,0.0,0.0,-0.01,-1,-1,-0.01,-1,-1,-0.01,-1,-1,-0.01,-1,-1,-0.01,-1,-1,-0.01,-1,-1,-0.01,-1,-1,-0.01,-1,-1,-0.01,-1,-1,-0.01,-1,-1
99926009,2026-05-18 13:54:23+05:30,53553.15,0,0.0,0,0.0,0.0,53282.15,53585.15,52783.45,53710.35,0,0.0,0.0,0.0,0.0,-0.01,-1,-1,-0.01,-1,-1,-0.01,-1,-1,-0.01,-1,-1,-0.01,-1,-1,-0.01,-1,-1,-0.01,-1,-1,-0.01,-1,-1,-0.01,-1,-1,-0.01,-1,-1
99926009,2026-05-18 13:54:24+05:30,53552.5,0,0.0,0,0.0,0.0,53282.15,53585.15,52783.45,53710.35,0,0.0,0.0,0.0,0.0,-0.01,-1,-1,-0.01,-1,-1,-0.01,-1,-1,-0.01,-1,-1,-0.01,-1,-1,-0.01,-1,-1,-0.01,-1,-1,-0.01,-1,-1,-0.01,-1,-1,-0.01,-1,-1
99926009,2026-05-18 13:54:24+05:30,53553.05,0,0.0,0,0.0,0.0,53282.15,53585.15,52783.45,53710.35,0,0.0,0.0,0.0,0.0,-0.01,-1,-1,-0.01,-1,-1,-0.01,-1,-1,-0.01,-1,-1,-0.01,-1,-1,-0.01,-1,-1,-0.01,-1,-1,-0.01,-1,-1,-0.01,-1,-1,-0.01,-1,-1
99926009,2026-05-18 13:54:25+05:30,53551.9,0,0.0,0,0.0,0.0,53282.15,53585.15,52783.45,53710.35,0,0.0,0.0,0.0,0.0,-0.01,-1,-1,-0.01,-1,-1,-0.01,-1,-1,-0.01,-1,-1,-0.01,-1,-1,-0.01,-1,-1,-0.01,-1,-1,-0.01,-1,-1,-0.01,-1,-1,-0.01,-1,-1
99926009,2026-05-18 13:54:25+05:30,53552.25,0,0.0,0,0.0,0.0,53282.15,53585.15,52783.45,53710.35,0,0.0,0.0,0.0,0.0,-0.01,-1,-1,-0.01,-1,-1,-0.01,-1,-1,-0.01,-1,-1,-0.01,-1,-1,-0.01,-1,-1,-0.01,-1,-1,-0.01,-1,-1,-0.01,-1,-1,-0.01,-1,-1
99926009,2026-05-18 13:54:26+05:30,53553.75,0,0.0,0,0.0,0.0,53282.15,53585.15,52783.45,53710.35,0,0.0,0.0,0.0,0.0,-0.01,-1,-1,-0.01,-1,-1,-0.01,-1,-1,-0.01,-1,-1,-0.01,-1,-1,-0.01,-1,-1,-0.01,-1,-1,-0.01,-1,-1,-0.01,-1,-1,-0.01,-1,-1
99926009,2026-05-18 13:54:26+05:30,53555.0,0,0.0,0,0.0,0.0,53282.15,53585.15,52783.45,53710.35,0,0.0,0.0,0.0,0.0,-0.01,-1,-1,-0.01,-1,-1,-0.01,-1,-1,-0.01,-1,-1,-0.01,-1,-1,-0.01,-1,-1,-0.01,-1,-1,-0.01,-1,-1,-0.01,-1,-1,-0.01,-1,-1
99926009,2026-05-18 13:54:27+05:30,53553.85,0,0.0,0,0.0,0.0,53282.15,53585.15,52783.45,53710.35,0,0.0,0.0,0.0,0.0,-0.01,-1,-1,-0.01,-1,-1,-0.01,-1,-1,-0.01,-1,-1,-0.01,-1,-1,-0.01,-1,-1,-0.01,-1,-1,-0.01,-1,-1,-0.01,-1,-1,-0.01,-1,-1
99926009,2026-05-18 13:54:27+05:30,53552.9,0,0.0,0,0.0,0.0,53282.15,53585.15,52783.45,53710.35,0,0.0,0.0,0.0,0.0,-0.01,-1,-1,-0.01,-1,-1,-0.01,-1,-1,-0.01,-1,-1,-0.01,-1,-1,-0.01,-1,-1,-0.01,-1,-1,-0.01,-1,-1,-0.01,-1,-1,-0.01,-1,-1
99926009,2026-05-18 13:54:28+05:30,53553.6,0,0.0,0,0.0,0.0,53282.15,53585.15,52783.45,53710.35,0,0.0,0.0,0.0,0.0,-0.01,-1,-1,-0.01,-1,-1,-0.01,-1,-1,-0.01,-1,-1,-0.01,-1,-1,-0.01,-1,-1,-0.01,-1,-1,-0.01,-1,-1,-0.01,-1,-1,-0.01,-1,-1
99926009,2026-05-18 13:54:28+05:30,53552.75,0,0.0,0,0.0,0.0,53282.15,53585.15,52783.45,53710.35,0,0.0,0.0,0.0,0.0,-0.01,-1,-1,-0.01,-1,-1,-0.01,-1,-1,-0.01,-1,-1,-0.01,-1,-1,-0.01,-1,-1,-0.01,-1,-1,-0.01,-1,-1,-0.01,-1,-1,-0.01,-1,-1
99926009,2026-05-18 13:54:29+05:30,53553.35,0,0.0,0,0.0,0.0,53282.15,53585.15,52783.45,53710.35,0,0.0,0.0,0.0,0.0,-0.01,-1,-1,-0.01,-1,-1,-0.01,-1,-1,-0.01,-1,-1,-0.01,-1,-1,-0.01,-1,-1,-0.01,-1,-1,-0.01,-1,-1,-0.01,-1,-1,-0.01,-1,-1
99926009,2026-05-18 13:54:29+05:30,53552.55,0,0.0,0,0.0,0.0,53282.15,53585.15,52783.45,53710.35,0,0.0,0.0,0.0,0.0,-0.01,-1,-1,-0.01,-1,-1,-0.01,-1,-1,-0.01,-1,-1,-0.01,-1,-1,-0.01,-1,-1,-0.01,-1,-1,-0.01,-1,-1,-0.01,-1,-1,-0.01,-1,-1
99926009,2026-05-18 13:54:30+05:30,53554.8,0,0.0,0,0.0,0.0,53282.15,53585.15,52783.45,53710.35,0,0.0,0.0,0.0,0.0,-0.01,-1,-1,-0.01,-1,-1,-0.01,-1,-1,-0.01,-1,-1,-0.01,-1,-1,-0.01,-1,-1,-0.01,-1,-1,-0.01,-1,-1,-0.01,-1,-1,-0.01,-1,-1
99926009,2026-05-18 13:54:30+05:30,53553.85,0,0.0,0,0.0,0.0,53282.15,53585.15,52783.45,53710.35,0,0.0,0.0,0.0,0.0,-0.01,-1,-1,-0.01,-1,-1,-0.01,-1,-1,-0.01,-1,-1,-0.01,-1,-1,-0.01,-1,-1,-0.01,-1,-1,-0.01,-1,-1,-0.01,-1,-1,-0.01,-1,-1
99926009,2026-05-18 13:54:31+05:30,53553.0,0,0.0,0,0.0,0.0,53282.15,53585.15,52783.45,53710.35,0,0.0,0.0,0.0,0.0,-0.01,-1,-1,-0.01,-1,-1,-0.01,-1,-1,-0.01,-1,-1,-0.01,-1,-1,-0.01,-1,-1,-0.01,-1,-1,-0.01,-1,-1,-0.01,-1,-1,-0.01,-1,-1
99926009,2026-05-18 13:54:31+05:30,53554.35,0,0.0,0,0.0,0.0,53282.15,53585.15,52783.45,53710.35,0,0.0,0.0,0.0,0.0,-0.01,-1,-1,-0.01,-1,-1,-0.01,-1,-1,-0.01,-1,-1,-0.01,-1,-1,-0.01,-1,-1,-0.01,-1,-1,-0.01,-1,-1,-0.01,-1,-1,-0.01,-1,-1
99926009,2026-05-18 13:54:32+05:30,53554.15,0,0.0,0,0.0,0.0,53282.15,53585.15,52783.45,53710.35,0,0.0,0.0,0.0,0.0,-0.01,-1,-1,-0.01,-1,-1,-0.01,-1,-1,-0.01,-1,-1,-0.01,-1,-1,-0.01,-1,-1,-0.01,-1,-1,-0.01,-1,-1,-0.01,-1,-1,-0.01,-1,-1
99926009,2026-05-18 13:54:32+05:30,53553.9,0,0.0,0,0.0,0.0,53282.15,53585.15,52783.45,53710.35,0,0.0,0.0,0.0,0.0,-0.01,-1,-1,-0.01,-1,-1,-0.01,-1,-1,-0.01,-1,-1,-0.01,-1,-1,-0.01,-1,-1,-0.01,-1,-1,-0.01,-1,-1,-0.01,-1,-1,-0.01,-1,-1
99926009,2026-05-18 13:54:33+05:30,53551.15,0,0.0,0,0.0,0.0,53282.15,53585.15,52783.45,53710.35,0,0.0,0.0,0.0,0.0,-0.01,-1,-1,-0.01,-1,-1,-0.01,-1,-1,-0.01,-1,-1,-0.01,-1,-1,-0.01,-1,-1,-0.01,-1,-1,-0.01,-1,-1,-0.01,-1,-1,-0.01,-1,-1
99926009,2026-05-18 13:54:33+05:30,53551.25,0,0.0,0,0.0,0.0,53282.15,53585.15,52783.45,53710.35,0,0.0,0.0,0.0,0.0,-0.01,-1,-1,-0.01,-1,-1,-0.01,-1,-1,-0.01,-1,-1,-0.01,-1,-1,-0.01,-1,-1,-0.01,-1,-1,-0.01,-1,-1,-0.01,-1,-1,-0.01,-1,-1
99926009,2026-05-18 13:54:34+05:30,53547.8,0,0.0,0,0.0,0.0,53282.15,53585.15,52783.45,53710.35,0,0.0,0.0,0.0,0.0,-0.01,-1,-1,-0.01,-1,-1,-0.01,-1,-1,-0.01,-1,-1,-0.01,-1,-1,-0.01,-1,-1,-0.01,-1,-1,-0.01,-1,-1,-0.01,-1,-1,-0.01,-1,-1
99926009,2026-05-18 13:54:34+05:30,53550.3,0,0.0,0,0.0,0.0,53282.15,53585.15,52783.45,53710.35,0,0.0,0.0,0.0,0.0,-0.01,-1,-1,-0.01,-1,-1,-0.01,-1,-1,-0.01,-1,-1,-0.01,-1,-1,-0.01,-1,-1,-0.01,-1,-1,-0.01,-1,-1,-0.01,-1,-1,-0.01,-1,-1
99926009,2026-05-18 13:54:35+05:30,53549.2,0,0.0,0,0.0,0.0,53282.15,53585.15,52783.45,53710.35,0,0.0,0.0,0.0,0.0,-0.01,-1,-1,-0.01,-1,-1,-0.01,-1,-1,-0.01,-1,-1,-0.01,-1,-1,-0.01,-1,-1,-0.01,-1,-1,-0.01,-1,-1,-0.01,-1,-1,-0.01,-1,-1
99926009,2026-05-18 13:54:35+05:30,53551.3,0,0.0,0,0.0,0.0,53282.15,53585.15,52783.45,53710.35,0,0.0,0.0,0.0,0.0,-0.01,-1,-1,-0.01,-1,-1,-0.01,-1,-1,-0.01,-1,-1,-0.01,-1,-1,-0.01,-1,-1,-0.01,-1,-1,-0.01,-1,-1,-0.01,-1,-1,-0.01,-1,-1
99926009,2026-05-18 13:54:36+05:30,53555.05,0,0.0,0,0.0,0.0,53282.15,53585.15,52783.45,53710.35,0,0.0,0.0,0.0,0.0,-0.01,-1,-1,-0.01,-1,-1,-0.01,-1,-1,-0.01,-1,-1,-0.01,-1,-1,-0.01,-1,-1,-0.01,-1,-1,-0.01,-1,-1,-0.01,-1,-1,-0.01,-1,-1
99926009,2026-05-18 13:54:36+05:30,53555.2,0,0.0,0,0.0,0.0,53282.15,53585.15,52783.45,53710.35,0,0.0,0.0,0.0,0.0,-0.01,-1,-1,-0.01,-1,-1,-0.01,-1,-1,-0.01,-1,-1,-0.01,-1,-1,-0.01,-1,-1,-0.01,-1,-1,-0.01,-1,-1,-0.01,-1,-1,-0.01,-1,-1
99926009,2026-05-18 13:54:37+05:30,53556.35,0,0.0,0,0.0,0.0,53282.15,53585.15,52783.45,53710.35,0,0.0,0.0,0.0,0.0,-0.01,-1,-1,-0.01,-1,-1,-0.01,-1,-1,-0.01,-1,-1,-0.01,-1,-1,-0.01,-1,-1,-0.01,-1,-1,-0.01,-1,-1,-0.01,-1,-1,-0.01,-1,-1
99926009,2026-05-18 13:54:37+05:30,53555.65,0,0.0,0,0.0,0.0,53282.15,53585.15,52783.45,53710.35,0,0.0,0.0,0.0,0.0,-0.01,-1,-1,-0.01,-1,-1,-0.01,-1,-1,-0.01,-1,-1,-0.01,-1,-1,-0.01,-1,-1,-0.01,-1,-1,-0.01,-1,-1,-0.01,-1,-1,-0.01,-1,-1
99926009,2026-05-18 13:54:38+05:30,53558.35,0,0.0,0,0.0,0.0,53282.15,53585.15,52783.45,53710.35,0,0.0,0.0,0.0,0.0,-0.01,-1,-1,-0.01,-1,-1,-0.01,-1,-1,-0.01,-1,-1,-0.01,-1,-1,-0.01,-1,-1,-0.01,-1,-1,-0.01,-1,-1,-0.01,-1,-1,-0.01,-1,-1
99926009,2026-05-18 13:54:38+05:30,53558.4,0,0.0,0,0.0,0.0,53282.15,53585.15,52783.45,53710.35,0,0.0,0.0,0.0,0.0,-0.01,-1,-1,-0.01,-1,-1,-0.01,-1,-1,-0.01,-1,-1,-0.01,-1,-1,-0.01,-1,-1,-0.01,-1,-1,-0.01,-1,-1,-0.01,-1,-1,-0.01,-1,-1
99926009,2026-05-18 13:54:39+05:30,53556.6,0,0.0,0,0.0,0.0,53282.15,53585.15,52783.45,53710.35,0,0.0,0.0,0.0,0.0,-0.01,-1,-1,-0.01,-1,-1,-0.01,-1,-1,-0.01,-1,-1,-0.01,-1,-1,-0.01,-1,-1,-0.01,-1,-1,-0.01,-1,-1,-0.01,-1,-1,-0.01,-1,-1
99926009,2026-05-18 13:54:39+05:30,53557.3,0,0.0,0,0.0,0.0,53282.15,53585.15,52783.45,53710.35,0,0.0,0.0,0.0,0.0,-0.01,-1,-1,-0.01,-1,-1,-0.01,-1,-1,-0.01,-1,-1,-0.01,-1,-1,-0.01,-1,-1,-0.01,-1,-1,-0.01,-1,-1,-0.01,-1,-1,-0.01,-1,-1
99926009,2026-05-18 13:54:40+05:30,53558.0,0,0.0,0,0.0,0.0,53282.15,53585.15,52783.45,53710.35,0,0.0,0.0,0.0,0.0,-0.01,-1,-1,-0.01,-1,-1,-0.01,-1,-1,-0.01,-1,-1,-0.01,-1,-1,-0.01,-1,-1,-0.01,-1,-1,-0.01,-1,-1,-0.01,-1,-1,-0.01,-1,-1
99926009,2026-05-18 13:54:40+05:30,53557.65,0,0.0,0,0.0,0.0,53282.15,53585.15,52783.45,53710.35,0,0.0,0.0,0.0,0.0,-0.01,-1,-1,-0.01,-1,-1,-0.01,-1,-1,-0.01,-1,-1,-0.01,-1,-1,-0.01,-1,-1,-0.01,-1,-1,-0.01,-1,-1,-0.01,-1,-1,-0.01,-1,-1
99926009,2026-05-18 13:54:41+05:30,53559.7,0,0.0,0,0.0,0.0,53282.15,53585.15,52783.45,53710.35,0,0.0,0.0,0.0,0.0,-0.01,-1,-1,-0.01,-1,-1,-0.01,-1,-1,-0.01,-1,-1,-0.01,-1,-1,-0.01,-1,-1,-0.01,-1,-1,-0.01,-1,-1,-0.01,-1,-1,-0.01,-1,-1
99926009,2026-05-18 13:54:41+05:30,53558.9,0,0.0,0,0.0,0.0,53282.15,53585.15,52783.45,53710.35,0,0.0,0.0,0.0,0.0,-0.01,-1,-1,-0.01,-1,-1,-0.01,-1,-1,-0.01,-1,-1,-0.01,-1,-1,-0.01,-1,-1,-0.01,-1,-1,-0.01,-1,-1,-0.01,-1,-1,-0.01,-1,-1
99926009,2026-05-18 13:54:42+05:30,53555.8,0,0.0,0,0.0,0.0,53282.15,53585.15,52783.45,53710.35,0,0.0,0.0,0.0,0.0,-0.01,-1,-1,-0.01,-1,-1,-0.01,-1,-1,-0.01,-1,-1,-0.01,-1,-1,-0.01,-1,-1,-0.01,-1,-1,-0.01,-1,-1,-0.01,-1,-1,-0.01,-1,-1
99926009,2026-05-18 13:54:42+05:30,53557.3,0,0.0,0,0.0,0.0,53282.15,53585.15,52783.45,53710.35,0,0.0,0.0,0.0,0.0,-0.01,-1,-1,-0.01,-1,-1,-0.01,-1,-1,-0.01,-1,-1,-0.01,-1,-1,-0.01,-1,-1,-0.01,-1,-1,-0.01,-1,-1,-0.01,-1,-1,-0.01,-1,-1
99926009,2026-05-18 13:54:43+05:30,53558.15,0,0.0,0,0.0,0.0,53282.15,53585.15,52783.45,53710.35,0,0.0,0.0,0.0,0.0,-0.01,-1,-1,-0.01,-1,-1,-0.01,-1,-1,-0.01,-1,-1,-0.01,-1,-1,-0.01,-1,-1,-0.01,-1,-1,-0.01,-1,-1,-0.01,-1,-1,-0.01,-1,-1
99926009,2026-05-18 13:54:43+05:30,53560.95,0,0.0,0,0.0,0.0,53282.15,53585.15,52783.45,53710.35,0,0.0,0.0,0.0,0.0,-0.01,-1,-1,-0.01,-1,-1,-0.01,-1,-1,-0.01,-1,-1,-0.01,-1,-1,-0.01,-1,-1,-0.01,-1,-1,-0.01,-1,-1,-0.01,-1,-1,-0.01,-1,-1
99926009,2026-05-18 13:54:44+05:30,53559.5,0,0.0,0,0.0,0.0,53282.15,53585.15,52783.45,53710.35,0,0.0,0.0,0.0,0.0,-0.01,-1,-1,-0.01,-1,-1,-0.01,-1,-1,-0.01,-1,-1,-0.01,-1,-1,-0.01,-1,-1,-0.01,-1,-1,-0.01,-1,-1,-0.01,-1,-1,-0.01,-1,-1
99926009,2026-05-18 13:54:44+05:30,53562.15,0,0.0,0,0.0,0.0,53282.15,53585.15,52783.45,53710.35,0,0.0,0.0,0.0,0.0,-0.01,-1,-1,-0.01,-1,-1,-0.01,-1,-1,-0.01,-1,-1,-0.01,-1,-1,-0.01,-1,-1,-0.01,-1,-1,-0.01,-1,-1,-0.01,-1,-1,-0.01,-1,-1
99926009,2026-05-18 13:54:45+05:30,53561.4,0,0.0,0,0.0,0.0,53282.15,53585.15,52783.45,53710.35,0,0.0,0.0,0.0,0.0,-0.01,-1,-1,-0.01,-1,-1,-0.01,-1,-1,-0.01,-1,-1,-0.01,-1,-1,-0.01,-1,-1,-0.01,-1,-1,-0.01,-1,-1,-0.01,-1,-1,-0.01,-1,-1
99926009,2026-05-18 13:54:45+05:30,53557.5,0,0.0,0,0.0,0.0,53282.15,53585.15,52783.45,53710.35,0,0.0,0.0,0.0,0.0,-0.01,-1,-1,-0.01,-1,-1,-0.01,-1,-1,-0.01,-1,-1,-0.01,-1,-1,-0.01,-1,-1,-0.01,-1,-1,-0.01,-1,-1,-0.01,-1,-1,-0.01,-1,-1
99926009,2026-05-18 13:54:46+05:30,53563.15,0,0.0,0,0.0,0.0,53282.15,53585.15,52783.45,53710.35,0,0.0,0.0,0.0,0.0,-0.01,-1,-1,-0.01,-1,-1,-0.01,-1,-1,-0.01,-1,-1,-0.01,-1,-1,-0.01,-1,-1,-0.01,-1,-1,-0.01,-1,-1,-0.01,-1,-1,-0.01,-1,-1
99926009,2026-05-18 13:54:46+05:30,53561.65,0,0.0,0,0.0,0.0,53282.15,53585.15,52783.45,53710.35,0,0.0,0.0,0.0,0.0,-0.01,-1,-1,-0.01,-1,-1,-0.01,-1,-1,-0.01,-1,-1,-0.01,-1,-1,-0.01,-1,-1,-0.01,-1,-1,-0.01,-1,-1,-0.01,-1,-1,-0.01,-1,-1
99926009,2026-05-18 13:54:47+05:30,53561.0,0,0.0,0,0.0,0.0,53282.15,53585.15,52783.45,53710.35,0,0.0,0.0,0.0,0.0,-0.01,-1,-1,-0.01,-1,-1,-0.01,-1,-1,-0.01,-1,-1,-0.01,-1,-1,-0.01,-1,-1,-0.01,-1,-1,-0.01,-1,-1,-0.01,-1,-1,-0.01,-1,-1
99926009,2026-05-18 13:54:47+05:30,53561.35,0,0.0,0,0.0,0.0,53282.15,53585.15,52783.45,53710.35,0,0.0,0.0,0.0,0.0,-0.01,-1,-1,-0.01,-1,-1,-0.01,-1,-1,-0.01,-1,-1,-0.01,-1,-1,-0.01,-1,-1,-0.01,-1,-1,-0.01,-1,-1,-0.01,-1,-1,-0.01,-1,-1
99926009,2026-05-18 13:54:48+05:30,53563.8,0,0.0,0,0.0,0.0,53282.15,53585.15,52783.45,53710.35,0,0.0,0.0,0.0,0.0,-0.01,-1,-1,-0.01,-1,-1,-0.01,-1,-1,-0.01,-1,-1,-0.01,-1,-1,-0.01,-1,-1,-0.01,-1,-1,-0.01,-1,-1,-0.01,-1,-1,-0.01,-1,-1
99926009,2026-05-18 13:54:48+05:30,53562.3,0,0.0,0,0.0,0.0,53282.15,53585.15,52783.45,53710.35,0,0.0,0.0,0.0,0.0,-0.01,-1,-1,-0.01,-1,-1,-0.01,-1,-1,-0.01,-1,-1,-0.01,-1,-1,-0.01,-1,-1,-0.01,-1,-1,-0.01,-1,-1,-0.01,-1,-1,-0.01,-1,-1
99926009,2026-05-18 13:54:49+05:30,53563.8,0,0.0,0,0.0,0.0,53282.15,53585.15,52783.45,53710.35,0,0.0,0.0,0.0,0.0,-0.01,-1,-1,-0.01,-1,-1,-0.01,-1,-1,-0.01,-1,-1,-0.01,-1,-1,-0.01,-1,-1,-0.01,-1,-1,-0.01,-1,-1,-0.01,-1,-1,-0.01,-1,-1
99926009,2026-05-18 13:54:49+05:30,53563.7,0,0.0,0,0.0,0.0,53282.15,53585.15,52783.45,53710.35,0,0.0,0.0,0.0,0.0,-0.01,-1,-1,-0.01,-1,-1,-0.01,-1,-1,-0.01,-1,-1,-0.01,-1,-1,-0.01,-1,-1,-0.01,-1,-1,-0.01,-1,-1,-0.01,-1,-1,-0.01,-1,-1
99926009,2026-05-18 13:54:50+05:30,53565.15,0,0.0,0,0.0,0.0,53282.15,53585.15,52783.45,53710.35,0,0.0,0.0,0.0,0.0,-0.01,-1,-1,-0.01,-1,-1,-0.01,-1,-1,-0.01,-1,-1,-0.01,-1,-1,-0.01,-1,-1,-0.01,-1,-1,-0.01,-1,-1,-0.01,-1,-1,-0.01,-1,-1
99926009,2026-05-18 13:54:50+05:30,53564.8,0,0.0,0,0.0,0.0,53282.15,53585.15,52783.45,53710.35,0,0.0,0.0,0.0,0.0,-0.01,-1,-1,-0.01,-1,-1,-0.01,-1,-1,-0.01,-1,-1,-0.01,-1,-1,-0.01,-1,-1,-0.01,-1,-1,-0.01,-1,-1,-0.01,-1,-1,-0.01,-1,-1
99926009,2026-05-18 13:54:51+05:30,53564.3,0,0.0,0,0.0,0.0,53282.15,53585.15,52783.45,53710.35,0,0.0,0.0,0.0,0.0,-0.01,-1,-1,-0.01,-1,-1,-0.01,-1,-1,-0.01,-1,-1,-0.01,-1,-1,-0.01,-1,-1,-0.01,-1,-1,-0.01,-1,-1,-0.01,-1,-1,-0.01,-1,-1
99926009,2026-05-18 13:54:51+05:30,53566.2,0,0.0,0,0.0,0.0,53282.15,53585.15,52783.45,53710.35,0,0.0,0.0,0.0,0.0,-0.01,-1,-1,-0.01,-1,-1,-0.01,-1,-1,-0.01,-1,-1,-0.01,-1,-1,-0.01,-1,-1,-0.01,-1,-1,-0.01,-1,-1,-0.01,-1,-1,-0.01,-1,-1
99926009,2026-05-18 13:54:52+05:30,53563.65,0,0.0,0,0.0,0.0,53282.15,53585.15,52783.45,53710.35,0,0.0,0.0,0.0,0.0,-0.01,-1,-1,-0.01,-1,-1,-0.01,-1,-1,-0.01,-1,-1,-0.01,-1,-1,-0.01,-1,-1,-0.01,-1,-1,-0.01,-1,-1,-0.01,-1,-1,-0.01,-1,-1
99926009,2026-05-18 13:54:52+05:30,53564.0,0,0.0,0,0.0,0.0,53282.15,53585.15,52783.45,53710.35,0,0.0,0.0,0.0,0.0,-0.01,-1,-1,-0.01,-1,-1,-0.01,-1,-1,-0.01,-1,-1,-0.01,-1,-1,-0.01,-1,-1,-0.01,-1,-1,-0.01,-1,-1,-0.01,-1,-1,-0.01,-1,-1
99926009,2026-05-18 13:54:53+05:30,53563.75,0,0.0,0,0.0,0.0,53282.15,53585.15,52783.45,53710.35,0,0.0,0.0,0.0,0.0,-0.01,-1,-1,-0.01,-1,-1,-0.01,-1,-1,-0.01,-1,-1,-0.01,-1,-1,-0.01,-1,-1,-0.01,-1,-1,-0.01,-1,-1,-0.01,-1,-1,-0.01,-1,-1
99926009,2026-05-18 13:54:53+05:30,53562.7,0,0.0,0,0.0,0.0,53282.15,53585.15,52783.45,53710.35,0,0.0,0.0,0.0,0.0,-0.01,-1,-1,-0.01,-1,-1,-0.01,-1,-1,-0.01,-1,-1,-0.01,-1,-1,-0.01,-1,-1,-0.01,-1,-1,-0.01,-1,-1,-0.01,-1,-1,-0.01,-1,-1
99926009,2026-05-18 13:54:54+05:30,53563.55,0,0.0,0,0.0,0.0,53282.15,53585.15,52783.45,53710.35,0,0.0,0.0,0.0,0.0,-0.01,-1,-1,-0.01,-1,-1,-0.01,-1,-1,-0.01,-1,-1,-0.01,-1,-1,-0.01,-1,-1,-0.01,-1,-1,-0.01,-1,-1,-0.01,-1,-1,-0.01,-1,-1
99926009,2026-05-18 13:54:54+05:30,53564.2,0,0.0,0,0.0,0.0,53282.15,53585.15,52783.45,53710.35,0,0.0,0.0,0.0,0.0,-0.01,-1,-1,-0.01,-1,-1,-0.01,-1,-1,-0.01,-1,-1,-0.01,-1,-1,-0.01,-1,-1,-0.01,-1,-1,-0.01,-1,-1,-0.01,-1,-1,-0.01,-1,-1
99926009,2026-05-18 13:54:55+05:30,53563.6,0,0.0,0,0.0,0.0,53282.15,53585.15,52783.45,53710.35,0,0.0,0.0,0.0,0.0,-0.01,-1,-1,-0.01,-1,-1,-0.01,-1,-1,-0.01,-1,-1,-0.01,-1,-1,-0.01,-1,-1,-0.01,-1,-1,-0.01,-1,-1,-0.01,-1,-1,-0.01,-1,-1
99926009,2026-05-18 13:54:55+05:30,53564.95,0,0.0,0,0.0,0.0,53282.15,53585.15,52783.45,53710.35,0,0.0,0.0,0.0,0.0,-0.01,-1,-1,-0.01,-1,-1,-0.01,-1,-1,-0.01,-1,-1,-0.01,-1,-1,-0.01,-1,-1,-0.01,-1,-1,-0.01,-1,-1,-0.01,-1,-1,-0.01,-1,-1
99926009,2026-05-18 13:54:56+05:30,53566.25,0,0.0,0,0.0,0.0,53282.15,53585.15,52783.45,53710.35,0,0.0,0.0,0.0,0.0,-0.01,-1,-1,-0.01,-1,-1,-0.01,-1,-1,-0.01,-1,-1,-0.01,-1,-1,-0.01,-1,-1,-0.01,-1,-1,-0.01,-1,-1,-0.01,-1,-1,-0.01,-1,-1
99926009,2026-05-18 13:54:56+05:30,53560.35,0,0.0,0,0.0,0.0,53282.15,53585.15,52783.45,53710.35,0,0.0,0.0,0.0,0.0,-0.01,-1,-1,-0.01,-1,-1,-0.01,-1,-1,-0.01,-1,-1,-0.01,-1,-1,-0.01,-1,-1,-0.01,-1,-1,-0.01,-1,-1,-0.01,-1,-1,-0.01,-1,-1
99926009,2026-05-18 13:54:57+05:30,53560.8,0,0.0,0,0.0,0.0,53282.15,53585.15,52783.45,53710.35,0,0.0,0.0,0.0,0.0,-0.01,-1,-1,-0.01,-1,-1,-0.01,-1,-1,-0.01,-1,-1,-0.01,-1,-1,-0.01,-1,-1,-0.01,-1,-1,-0.01,-1,-1,-0.01,-1,-1,-0.01,-1,-1
99926009,2026-05-18 13:54:57+05:30,53563.85,0,0.0,0,0.0,0.0,53282.15,53585.15,52783.45,53710.35,0,0.0,0.0,0.0,0.0,-0.01,-1,-1,-0.01,-1,-1,-0.01,-1,-1,-0.01,-1,-1,-0.01,-1,-1,-0.01,-1,-1,-0.01,-1,-1,-0.01,-1,-1,-0.01,-1,-1,-0.01,-1,-1
99926009,2026-05-18 13:54:58+05:30,53566.45,0,0.0,0,0.0,0.0,53282.15,53585.15,52783.45,53710.35,0,0.0,0.0,0.0,0.0,-0.01,-1,-1,-0.01,-1,-1,-0.01,-1,-1,-0.01,-1,-1,-0.01,-1,-1,-0.01,-1,-1,-0.01,-1,-1,-0.01,-1,-1,-0.01,-1,-1,-0.01,-1,-1
99926009,2026-05-18 13:54:58+05:30,53567.2,0,0.0,0,0.0,0.0,53282.15,53585.15,52783.45,53710.35,0,0.0,0.0,0.0,0.0,-0.01,-1,-1,-0.01,-1,-1,-0.01,-1,-1,-0.01,-1,-1,-0.01,-1,-1,-0.01,-1,-1,-0.01,-1,-1,-0.01,-1,-1,-0.01,-1,-1,-0.01,-1,-1
99926009,2026-05-18 13:54:59+05:30,53567.15,0,0.0,0,0.0,0.0,53282.15,53585.15,52783.45,53710.35,0,0.0,0.0,0.0,0.0,-0.01,-1,-1,-0.01,-1,-1,-0.01,-1,-1,-0.01,-1,-1,-0.01,-1,-1,-0.01,-1,-1,-0.01,-1,-1,-0.01,-1,-1,-0.01,-1,-1,-0.01,-1,-1
99926009,2026-05-18 13:54:59+05:30,53565.85,0,0.0,0,0.0,0.0,53282.15,53585.15,52783.45,53710.35,0,0.0,0.0,0.0,0.0,-0.01,-1,-1,-0.01,-1,-1,-0.01,-1,-1,-0.01,-1,-1,-0.01,-1,-1,-0.01,-1,-1,-0.01,-1,-1,-0.01,-1,-1,-0.01,-1,-1,-0.01,-1,-1
99926009,2026-05-18 13:55:00+05:30,53566.65,0,0.0,0,0.0,0.0,53282.15,53585.15,52783.45,53710.35,0,0.0,0.0,0.0,0.0,-0.01,-1,-1,-0.01,-1,-1,-0.01,-1,-1,-0.01,-1,-1,-0.01,-1,-1,-0.01,-1,-1,-0.01,-1,-1,-0.01,-1,-1,-0.01,-1,-1,-0.01,-1,-1
99926009,2026-05-18 13:55:00+05:30,53566.9,0,0.0,0,0.0,0.0,53282.15,53585.15,52783.45,53710.35,0,0.0,0.0,0.0,0.0,-0.01,-1,-1,-0.01,-1,-1,-0.01,-1,-1,-0.01,-1,-1,-0.01,-1,-1,-0.01,-1,-1,-0.01,-1,-1,-0.01,-1,-1,-0.01,-1,-1,-0.01,-1,-1
99926009,2026-05-18 13:55:01+05:30,53566.2,0,0.0,0,0.0,0.0,53282.15,53585.15,52783.45,53710.35,0,0.0,0.0,0.0,0.0,-0.01,-1,-1,-0.01,-1,-1,-0.01,-1,-1,-0.01,-1,-1,-0.01,-1,-1,-0.01,-1,-1,-0.01,-1,-1,-0.01,-1,-1,-0.01,-1,-1,-0.01,-1,-1
99926009,2026-05-18 13:55:01+05:30,53566.05,0,0.0,0,0.0,0.0,53282.15,53585.15,52783.45,53710.35,0,0.0,0.0,0.0,0.0,-0.01,-1,-1,-0.01,-1,-1,-0.01,-1,-1,-0.01,-1,-1,-0.01,-1,-1,-0.01,-1,-1,-0.01,-1,-1,-0.01,-1,-1,-0.01,-1,-1,-0.01,-1,-1
99926009,2026-05-18 13:55:02+05:30,53566.15,0,0.0,0,0.0,0.0,53282.15,53585.15,52783.45,53710.35,0,0.0,0.0,0.0,0.0,-0.01,-1,-1,-0.01,-1,-1,-0.01,-1,-1,-0.01,-1,-1,-0.01,-1,-1,-0.01,-1,-1,-0.01,-1,-1,-0.01,-1,-1,-0.01,-1,-1,-0.01,-1,-1
99926009,2026-05-18 13:55:02+05:30,53565.75,0,0.0,0,0.0,0.0,53282.15,53585.15,52783.45,53710.35,0,0.0,0.0,0.0,0.0,-0.01,-1,-1,-0.01,-1,-1,-0.01,-1,-1,-0.01,-1,-1,-0.01,-1,-1,-0.01,-1,-1,-0.01,-1,-1,-0.01,-1,-1,-0.01,-1,-1,-0.01,-1,-1
99926009,2026-05-18 13:55:03+05:30,53564.85,0,0.0,0,0.0,0.0,53282.15,53585.15,52783.45,53710.35,0,0.0,0.0,0.0,0.0,-0.01,-1,-1,-0.01,-1,-1,-0.01,-1,-1,-0.01,-1,-1,-0.01,-1,-1,-0.01,-1,-1,-0.01,-1,-1,-0.01,-1,-1,-0.01,-1,-1,-0.01,-1,-1
99926009,2026-05-18 13:55:03+05:30,53565.75,0,0.0,0,0.0,0.0,53282.15,53585.15,52783.45,53710.35,0,0.0,0.0,0.0,0.0,-0.01,-1,-1,-0.01,-1,-1,-0.01,-1,-1,-0.01,-1,-1,-0.01,-1,-1,-0.01,-1,-1,-0.01,-1,-1,-0.01,-1,-1,-0.01,-1,-1,-0.01,-1,-1
99926009,2026-05-18 13:55:04+05:30,53566.5,0,0.0,0,0.0,0.0,53282.15,53585.15,52783.45,53710.35,0,0.0,0.0,0.0,0.0,-0.01,-1,-1,-0.01,-1,-1,-0.01,-1,-1,-0.01,-1,-1,-0.01,-1,-1,-0.01,-1,-1,-0.01,-1,-1,-0.01,-1,-1,-0.01,-1,-1,-0.01,-1,-1
99926009,2026-05-18 13:55:04+05:30,53566.5,0,0.0,0,0.0,0.0,53282.15,53585.15,52783.45,53710.35,0,0.0,0.0,0.0,0.0,-0.01,-1,-1,-0.01,-1,-1,-0.01,-1,-1,-0.01,-1,-1,-0.01,-1,-1,-0.01,-1,-1,-0.01,-1,-1,-0.01,-1,-1,-0.01,-1,-1,-0.01,-1,-1
99926009,2026-05-18 13:55:05+05:30,53565.35,0,0.0,0,0.0,0.0,53282.15,53585.15,52783.45,53710.35,0,0.0,0.0,0.0,0.0,-0.01,-1,-1,-0.01,-1,-1,-0.01,-1,-1,-0.01,-1,-1,-0.01,-1,-1,-0.01,-1,-1,-0.01,-1,-1,-0.01,-1,-1,-0.01,-1,-1,-0.01,-1,-1
99926009,2026-05-18 13:55:05+05:30,53563.85,0,0.0,0,0.0,0.0,53282.15,53585.15,52783.45,53710.35,0,0.0,0.0,0.0,0.0,-0.01,-1,-1,-0.01,-1,-1,-0.01,-1,-1,-0.01,-1,-1,-0.01,-1,-1,-0.01,-1,-1,-0.01,-1,-1,-0.01,-1,-1,-0.01,-1,-1,-0.01,-1,-1
99926009,2026-05-18 13:55:06+05:30,53564.75,0,0.0,0,0.0,0.0,53282.15,53585.15,52783.45,53710.35,0,0.0,0.0,0.0,0.0,-0.01,-1,-1,-0.01,-1,-1,-0.01,-1,-1,-0.01,-1,-1,-0.01,-1,-1,-0.01,-1,-1,-0.01,-1,-1,-0.01,-1,-1,-0.01,-1,-1,-0.01,-1,-1
99926009,2026-05-18 13:55:06+05:30,53565.1,0,0.0,0,0.0,0.0,53282.15,53585.15,52783.45,53710.35,0,0.0,0.0,0.0,0.0,-0.01,-1,-1,-0.01,-1,-1,-0.01,-1,-1,-0.01,-1,-1,-0.01,-1,-1,-0.01,-1,-1,-0.01,-1,-1,-0.01,-1,-1,-0.01,-1,-1,-0.01,-1,-1
99926009,2026-05-18 13:55:07+05:30,53564.2,0,0.0,0,0.0,0.0,53282.15,53585.15,52783.45,53710.35,0,0.0,0.0,0.0,0.0,-0.01,-1,-1,-0.01,-1,-1,-0.01,-1,-1,-0.01,-1,-1,-0.01,-1,-1,-0.01,-1,-1,-0.01,-1,-1,-0.01,-1,-1,-0.01,-1,-1,-0.01,-1,-1
99926009,2026-05-18 13:55:07+05:30,53565.3,0,0.0,0,0.0,0.0,53282.15,53585.15,52783.45,53710.35,0,0.0,0.0,0.0,0.0,-0.01,-1,-1,-0.01,-1,-1,-0.01,-1,-1,-0.01,-1,-1,-0.01,-1,-1,-0.01,-1,-1,-0.01,-1,-1,-0.01,-1,-1,-0.01,-1,-1,-0.01,-1,-1
99926009,2026-05-18 13:55:08+05:30,53563.65,0,0.0,0,0.0,0.0,53282.15,53585.15,52783.45,53710.35,0,0.0,0.0,0.0,0.0,-0.01,-1,-1,-0.01,-1,-1,-0.01,-1,-1,-0.01,-1,-1,-0.01,-1,-1,-0.01,-1,-1,-0.01,-1,-1,-0.01,-1,-1,-0.01,-1,-1,-0.01,-1,-1
99926009,2026-05-18 13:55:08+05:30,53565.85,0,0.0,0,0.0,0.0,53282.15,53585.15,52783.45,53710.35,0,0.0,0.0,0.0,0.0,-0.01,-1,-1,-0.01,-1,-1,-0.01,-1,-1,-0.01,-1,-1,-0.01,-1,-1,-0.01,-1,-1,-0.01,-1,-1,-0.01,-1,-1,-0.01,-1,-1,-0.01,-1,-1
99926009,2026-05-18 13:55:09+05:30,53566.9,0,0.0,0,0.0,0.0,53282.15,53585.15,52783.45,53710.35,0,0.0,0.0,0.0,0.0,-0.01,-1,-1,-0.01,-1,-1,-0.01,-1,-1,-0.01,-1,-1,-0.01,-1,-1,-0.01,-1,-1,-0.01,-1,-1,-0.01,-1,-1,-0.01,-1,-1,-0.01,-1,-1
99926009,2026-05-18 13:55:09+05:30,53566.9,0,0.0,0,0.0,0.0,53282.15,53585.15,52783.45,53710.35,0,0.0,0.0,0.0,0.0,-0.01,-1,-1,-0.01,-1,-1,-0.01,-1,-1,-0.01,-1,-1,-0.01,-1,-1,-0.01,-1,-1,-0.01,-1,-1,-0.01,-1,-1,-0.01,-1,-1,-0.01,-1,-1
99926009,2026-05-18 13:55:10+05:30,53567.25,0,0.0,0,0.0,0.0,53282.15,53585.15,52783.45,53710.35,0,0.0,0.0,0.0,0.0,-0.01,-1,-1,-0.01,-1,-1,-0.01,-1,-1,-0.01,-1,-1,-0.01,-1,-1,-0.01,-1,-1,-0.01,-1,-1,-0.01,-1,-1,-0.01,-1,-1,-0.01,-1,-1
99926009,2026-05-18 13:55:10+05:30,53568.45,0,0.0,0,0.0,0.0,53282.15,53585.15,52783.45,53710.35,0,0.0,0.0,0.0,0.0,-0.01,-1,-1,-0.01,-1,-1,-0.01,-1,-1,-0.01,-1,-1,-0.01,-1,-1,-0.01,-1,-1,-0.01,-1,-1,-0.01,-1,-1,-0.01,-1,-1,-0.01,-1,-1
99926009,2026-05-18 13:55:11+05:30,53569.15,0,0.0,0,0.0,0.0,53282.15,53585.15,52783.45,53710.35,0,0.0,0.0,0.0,0.0,-0.01,-1,-1,-0.01,-1,-1,-0.01,-1,-1,-0.01,-1,-1,-0.01,-1,-1,-0.01,-1,-1,-0.01,-1,-1,-0.01,-1,-1,-0.01,-1,-1,-0.01,-1,-1
99926009,2026-05-18 13:55:11+05:30,53568.5,0,0.0,0,0.0,0.0,53282.15,53585.15,52783.45,53710.35,0,0.0,0.0,0.0,0.0,-0.01,-1,-1,-0.01,-1,-1,-0.01,-1,-1,-0.01,-1,-1,-0.01,-1,-1,-0.01,-1,-1,-0.01,-1,-1,-0.01,-1,-1,-0.01,-1,-1,-0.01,-1,-1
99926009,2026-05-18 13:55:12+05:30,53568.45,0,0.0,0,0.0,0.0,53282.15,53585.15,52783.45,53710.35,0,0.0,0.0,0.0,0.0,-0.01,-1,-1,-0.01,-1,-1,-0.01,-1,-1,-0.01,-1,-1,-0.01,-1,-1,-0.01,-1,-1,-0.01,-1,-1,-0.01,-1,-1,-0.01,-1,-1,-0.01,-1,-1
99926009,2026-05-18 13:55:12+05:30,53568.15,0,0.0,0,0.0,0.0,53282.15,53585.15,52783.45,53710.35,0,0.0,0.0,0.0,0.0,-0.01,-1,-1,-0.01,-1,-1,-0.01,-1,-1,-0.01,-1,-1,-0.01,-1,-1,-0.01,-1,-1,-0.01,-1,-1,-0.01,-1,-1,-0.01,-1,-1,-0.01,-1,-1
99926009,2026-05-18 13:55:13+05:30,53569.7,0,0.0,0,0.0,0.0,53282.15,53585.15,52783.45,53710.35,0,0.0,0.0,0.0,0.0,-0.01,-1,-1,-0.01,-1,-1,-0.01,-1,-1,-0.01,-1,-1,-0.01,-1,-1,-0.01,-1,-1,-0.01,-1,-1,-0.01,-1,-1,-0.01,-1,-1,-0.01,-1,-1
99926009,2026-05-18 13:55:13+05:30,53569.65,0,0.0,0,0.0,0.0,53282.15,53585.15,52783.45,53710.35,0,0.0,0.0,0.0,0.0,-0.01,-1,-1,-0.01,-1,-1,-0.01,-1,-1,-0.01,-1,-1,-0.01,-1,-1,-0.01,-1,-1,-0.01,-1,-1,-0.01,-1,-1,-0.01,-1,-1,-0.01,-1,-1
99926009,2026-05-18 13:55:14+05:30,53567.0,0,0.0,0,0.0,0.0,53282.15,53585.15,52783.45,53710.35,0,0.0,0.0,0.0,0.0,-0.01,-1,-1,-0.01,-1,-1,-0.01,-1,-1,-0.01,-1,-1,-0.01,-1,-1,-0.01,-1,-1,-0.01,-1,-1,-0.01,-1,-1,-0.01,-1,-1,-0.01,-1,-1
99926009,2026-05-18 13:55:14+05:30,53566.8,0,0.0,0,0.0,0.0,53282.15,53585.15,52783.45,53710.35,0,0.0,0.0,0.0,0.0,-0.01,-1,-1,-0.01,-1,-1,-0.01,-1,-1,-0.01,-1,-1,-0.01,-1,-1,-0.01,-1,-1,-0.01,-1,-1,-0.01,-1,-1,-0.01,-1,-1,-0.01,-1,-1
99926009,2026-05-18 13:55:15+05:30,53567.2,0,0.0,0,0.0,0.0,53282.15,53585.15,52783.45,53710.35,0,0.0,0.0,0.0,0.0,-0.01,-1,-1,-0.01,-1,-1,-0.01,-1,-1,-0.01,-1,-1,-0.01,-1,-1,-0.01,-1,-1,-0.01,-1,-1,-0.01,-1,-1,-0.01,-1,-1,-0.01,-1,-1
99926009,2026-05-18 13:55:15+05:30,53565.65,0,0.0,0,0.0,0.0,53282.15,53585.15,52783.45,53710.35,0,0.0,0.0,0.0,0.0,-0.01,-1,-1,-0.01,-1,-1,-0.01,-1,-1,-0.01,-1,-1,-0.01,-1,-1,-0.01,-1,-1,-0.01,-1,-1,-0.01,-1,-1,-0.01,-1,-1,-0.01,-1,-1
99926009,2026-05-18 13:55:16+05:30,53568.55,0,0.0,0,0.0,0.0,53282.15,53585.15,52783.45,53710.35,0,0.0,0.0,0.0,0.0,-0.01,-1,-1,-0.01,-1,-1,-0.01,-1,-1,-0.01,-1,-1,-0.01,-1,-1,-0.01,-1,-1,-0.01,-1,-1,-0.01,-1,-1,-0.01,-1,-1,-0.01,-1,-1
99926009,2026-05-18 13:55:16+05:30,53572.1,0,0.0,0,0.0,0.0,53282.15,53585.15,52783.45,53710.35,0,0.0,0.0,0.0,0.0,-0.01,-1,-1,-0.01,-1,-1,-0.01,-1,-1,-0.01,-1,-1,-0.01,-1,-1,-0.01,-1,-1,-0.01,-1,-1,-0.01,-1,-1,-0.01,-1,-1,-0.01,-1,-1
99926009,2026-05-18 13:55:17+05:30,53576.4,0,0.0,0,0.0,0.0,53282.15,53585.15,52783.45,53710.35,0,0.0,0.0,0.0,0.0,-0.01,-1,-1,-0.01,-1,-1,-0.01,-1,-1,-0.01,-1,-1,-0.01,-1,-1,-0.01,-1,-1,-0.01,-1,-1,-0.01,-1,-1,-0.01,-1,-1,-0.01,-1,-1
99926009,2026-05-18 13:55:17+05:30,53575.25,0,0.0,0,0.0,0.0,53282.15,53585.15,52783.45,53710.35,0,0.0,0.0,0.0,0.0,-0.01,-1,-1,-0.01,-1,-1,-0.01,-1,-1,-0.01,-1,-1,-0.01,-1,-1,-0.01,-1,-1,-0.01,-1,-1,-0.01,-1,-1,-0.01,-1,-1,-0.01,-1,-1
99926009,2026-05-18 13:55:18+05:30,53577.15,0,0.0,0,0.0,0.0,53282.15,53585.15,52783.45,53710.35,0,0.0,0.0,0.0,0.0,-0.01,-1,-1,-0.01,-1,-1,-0.01,-1,-1,-0.01,-1,-1,-0.01,-1,-1,-0.01,-1,-1,-0.01,-1,-1,-0.01,-1,-1,-0.01,-1,-1,-0.01,-1,-1
99926009,2026-05-18 13:55:18+05:30,53574.85,0,0.0,0,0.0,0.0,53282.15,53585.15,52783.45,53710.35,0,0.0,0.0,0.0,0.0,-0.01,-1,-1,-0.01,-1,-1,-0.01,-1,-1,-0.01,-1,-1,-0.01,-1,-1,-0.01,-1,-1,-0.01,-1,-1,-0.01,-1,-1,-0.01,-1,-1,-0.01,-1,-1
99926009,2026-05-18 13:55:19+05:30,53574.45,0,0.0,0,0.0,0.0,53282.15,53585.15,52783.45,53710.35,0,0.0,0.0,0.0,0.0,-0.01,-1,-1,-0.01,-1,-1,-0.01,-1,-1,-0.01,-1,-1,-0.01,-1,-1,-0.01,-1,-1,-0.01,-1,-1,-0.01,-1,-1,-0.01,-1,-1,-0.01,-1,-1
99926009,2026-05-18 13:55:19+05:30,53575.2,0,0.0,0,0.0,0.0,53282.15,53585.15,52783.45,53710.35,0,0.0,0.0,0.0,0.0,-0.01,-1,-1,-0.01,-1,-1,-0.01,-1,-1,-0.01,-1,-1,-0.01,-1,-1,-0.01,-1,-1,-0.01,-1,-1,-0.01,-1,-1,-0.01,-1,-1,-0.01,-1,-1
99926009,2026-05-18 13:55:20+05:30,53574.1,0,0.0,0,0.0,0.0,53282.15,53585.15,52783.45,53710.35,0,0.0,0.0,0.0,0.0,-0.01,-1,-1,-0.01,-1,-1,-0.01,-1,-1,-0.01,-1,-1,-0.01,-1,-1,-0.01,-1,-1,-0.01,-1,-1,-0.01,-1,-1,-0.01,-1,-1,-0.01,-1,-1
99926009,2026-05-18 13:55:20+05:30,53574.75,0,0.0,0,0.0,0.0,53282.15,53585.15,52783.45,53710.35,0,0.0,0.0,0.0,0.0,-0.01,-1,-1,-0.01,-1,-1,-0.01,-1,-1,-0.01,-1,-1,-0.01,-1,-1,-0.01,-1,-1,-0.01,-1,-1,-0.01,-1,-1,-0.01,-1,-1,-0.01,-1,-1
99926009,2026-05-18 13:55:21+05:30,53575.1,0,0.0,0,0.0,0.0,53282.15,53585.15,52783.45,53710.35,0,0.0,0.0,0.0,0.0,-0.01,-1,-1,-0.01,-1,-1,-0.01,-1,-1,-0.01,-1,-1,-0.01,-1,-1,-0.01,-1,-1,-0.01,-1,-1,-0.01,-1,-1,-0.01,-1,-1,-0.01,-1,-1
99926009,2026-05-18 13:55:21+05:30,53575.95,0,0.0,0,0.0,0.0,53282.15,53585.15,52783.45,53710.35,0,0.0,0.0,0.0,0.0,-0.01,-1,-1,-0.01,-1,-1,-0.01,-1,-1,-0.01,-1,-1,-0.01,-1,-1,-0.01,-1,-1,-0.01,-1,-1,-0.01,-1,-1,-0.01,-1,-1,-0.01,-1,-1
99926009,2026-05-18 13:55:22+05:30,53573.35,0,0.0,0,0.0,0.0,53282.15,53585.15,52783.45,53710.35,0,0.0,0.0,0.0,0.0,-0.01,-1,-1,-0.01,-1,-1,-0.01,-1,-1,-0.01,-1,-1,-0.01,-1,-1,-0.01,-1,-1,-0.01,-1,-1,-0.01,-1,-1,-0.01,-1,-1,-0.01,-1,-1
99926009,2026-05-18 13:55:22+05:30,53576.0,0,0.0,0,0.0,0.0,53282.15,53585.15,52783.45,53710.35,0,0.0,0.0,0.0,0.0,-0.01,-1,-1,-0.01,-1,-1,-0.01,-1,-1,-0.01,-1,-1,-0.01,-1,-1,-0.01,-1,-1,-0.01,-1,-1,-0.01,-1,-1,-0.01,-1,-1,-0.01,-1,-1
99926009,2026-05-18 13:55:23+05:30,53572.2,0,0.0,0,0.0,0.0,53282.15,53585.15,52783.45,53710.35,0,0.0,0.0,0.0,0.0,-0.01,-1,-1,-0.01,-1,-1,-0.01,-1,-1,-0.01,-1,-1,-0.01,-1,-1,-0.01,-1,-1,-0.01,-1,-1,-0.01,-1,-1,-0.01,-1,-1,-0.01,-1,-1
99926009,2026-05-18 13:55:23+05:30,53572.85,0,0.0,0,0.0,0.0,53282.15,53585.15,52783.45,53710.35,0,0.0,0.0,0.0,0.0,-0.01,-1,-1,-0.01,-1,-1,-0.01,-1,-1,-0.01,-1,-1,-0.01,-1,-1,-0.01,-1,-1,-0.01,-1,-1,-0.01,-1,-1,-0.01,-1,-1,-0.01,-1,-1
99926009,2026-05-18 13:55:24+05:30,53576.3,0,0.0,0,0.0,0.0,53282.15,53585.15,52783.45,53710.35,0,0.0,0.0,0.0,0.0,-0.01,-1,-1,-0.01,-1,-1,-0.01,-1,-1,-0.01,-1,-1,-0.01,-1,-1,-0.01,-1,-1,-0.01,-1,-1,-0.01,-1,-1,-0.01,-1,-1,-0.01,-1,-1
99926009,2026-05-18 13:55:24+05:30,53575.0,0,0.0,0,0.0,0.0,53282.15,53585.15,52783.45,53710.35,0,0.0,0.0,0.0,0.0,-0.01,-1,-1,-0.01,-1,-1,-0.01,-1,-1,-0.01,-1,-1,-0.01,-1,-1,-0.01,-1,-1,-0.01,-1,-1,-0.01,-1,-1,-0.01,-1,-1,-0.01,-1,-1
99926009,2026-05-18 13:55:25+05:30,53575.85,0,0.0,0,0.0,0.0,53282.15,53585.15,52783.45,53710.35,0,0.0,0.0,0.0,0.0,-0.01,-1,-1,-0.01,-1,-1,-0.01,-1,-1,-0.01,-1,-1,-0.01,-1,-1,-0.01,-1,-1,-0.01,-1,-1,-0.01,-1,-1,-0.01,-1,-1,-0.01,-1,-1
99926009,2026-05-18 13:55:25+05:30,53572.8,0,0.0,0,0.0,0.0,53282.15,53585.15,52783.45,53710.35,0,0.0,0.0,0.0,0.0,-0.01,-1,-1,-0.01,-1,-1,-0.01,-1,-1,-0.01,-1,-1,-0.01,-1,-1,-0.01,-1,-1,-0.01,-1,-1,-0.01,-1,-1,-0.01,-1,-1,-0.01,-1,-1
99926009,2026-05-18 13:55:26+05:30,53576.0,0,0.0,0,0.0,0.0,53282.15,53585.15,52783.45,53710.35,0,0.0,0.0,0.0,0.0,-0.01,-1,-1,-0.01,-1,-1,-0.01,-1,-1,-0.01,-1,-1,-0.01,-1,-1,-0.01,-1,-1,-0.01,-1,-1,-0.01,-1,-1,-0.01,-1,-1,-0.01,-1,-1
99926009,2026-05-18 13:55:26+05:30,53576.7,0,0.0,0,0.0,0.0,53282.15,53585.15,52783.45,53710.35,0,0.0,0.0,0.0,0.0,-0.01,-1,-1,-0.01,-1,-1,-0.01,-1,-1,-0.01,-1,-1,-0.01,-1,-1,-0.01,-1,-1,-0.01,-1,-1,-0.01,-1,-1,-0.01,-1,-1,-0.01,-1,-1
99926009,2026-05-18 13:55:27+05:30,53576.8,0,0.0,0,0.0,0.0,53282.15,53585.15,52783.45,53710.35,0,0.0,0.0,0.0,0.0,-0.01,-1,-1,-0.01,-1,-1,-0.01,-1,-1,-0.01,-1,-1,-0.01,-1,-1,-0.01,-1,-1,-0.01,-1,-1,-0.01,-1,-1,-0.01,-1,-1,-0.01,-1,-1
99926009,2026-05-18 13:55:27+05:30,53577.3,0,0.0,0,0.0,0.0,53282.15,53585.15,52783.45,53710.35,0,0.0,0.0,0.0,0.0,-0.01,-1,-1,-0.01,-1,-1,-0.01,-1,-1,-0.01,-1,-1,-0.01,-1,-1,-0.01,-1,-1,-0.01,-1,-1,-0.01,-1,-1,-0.01,-1,-1,-0.01,-1,-1
99926009,2026-05-18 13:55:28+05:30,53577.3,0,0.0,0,0.0,0.0,53282.15,53585.15,52783.45,53710.35,0,0.0,0.0,0.0,0.0,-0.01,-1,-1,-0.01,-1,-1,-0.01,-1,-1,-0.01,-1,-1,-0.01,-1,-1,-0.01,-1,-1,-0.01,-1,-1,-0.01,-1,-1,-0.01,-1,-1,-0.01,-1,-1
99926009,2026-05-18 13:55:28+05:30,53575.05,0,0.0,0,0.0,0.0,53282.15,53585.15,52783.45,53710.35,0,0.0,0.0,0.0,0.0,-0.01,-1,-1,-0.01,-1,-1,-0.01,-1,-1,-0.01,-1,-1,-0.01,-1,-1,-0.01,-1,-1,-0.01,-1,-1,-0.01,-1,-1,-0.01,-1,-1,-0.01,-1,-1
99926009,2026-05-18 13:55:29+05:30,53577.5,0,0.0,0,0.0,0.0,53282.15,53585.15,52783.45,53710.35,0,0.0,0.0,0.0,0.0,-0.01,-1,-1,-0.01,-1,-1,-0.01,-1,-1,-0.01,-1,-1,-0.01,-1,-1,-0.01,-1,-1,-0.01,-1,-1,-0.01,-1,-1,-0.01,-1,-1,-0.01,-1,-1
99926009,2026-05-18 13:55:29+05:30,53578.95,0,0.0,0,0.0,0.0,53282.15,53585.15,52783.45,53710.35,0,0.0,0.0,0.0,0.0,-0.01,-1,-1,-0.01,-1,-1,-0.01,-1,-1,-0.01,-1,-1,-0.01,-1,-1,-0.01,-1,-1,-0.01,-1,-1,-0.01,-1,-1,-0.01,-1,-1,-0.01,-1,-1
99926009,2026-05-18 13:55:30+05:30,53579.25,0,0.0,0,0.0,0.0,53282.15,53585.15,52783.45,53710.35,0,0.0,0.0,0.0,0.0,-0.01,-1,-1,-0.01,-1,-1,-0.01,-1,-1,-0.01,-1,-1,-0.01,-1,-1,-0.01,-1,-1,-0.01,-1,-1,-0.01,-1,-1,-0.01,-1,-1,-0.01,-1,-1
99926009,2026-05-18 13:55:30+05:30,53579.4,0,0.0,0,0.0,0.0,53282.15,53585.15,52783.45,53710.35,0,0.0,0.0,0.0,0.0,-0.01,-1,-1,-0.01,-1,-1,-0.01,-1,-1,-0.01,-1,-1,-0.01,-1,-1,-0.01,-1,-1,-0.01,-1,-1,-0.01,-1,-1,-0.01,-1,-1,-0.01,-1,-1
99926009,2026-05-18 13:55:31+05:30,53579.7,0,0.0,0,0.0,0.0,53282.15,53585.15,52783.45,53710.35,0,0.0,0.0,0.0,0.0,-0.01,-1,-1,-0.01,-1,-1,-0.01,-1,-1,-0.01,-1,-1,-0.01,-1,-1,-0.01,-1,-1,-0.01,-1,-1,-0.01,-1,-1,-0.01,-1,-1,-0.01,-1,-1
99926009,2026-05-18 13:55:31+05:30,53578.2,0,0.0,0,0.0,0.0,53282.15,53585.15,52783.45,53710.35,0,0.0,0.0,0.0,0.0,-0.01,-1,-1,-0.01,-1,-1,-0.01,-1,-1,-0.01,-1,-1,-0.01,-1,-1,-0.01,-1,-1,-0.01,-1,-1,-0.01,-1,-1,-0.01,-1,-1,-0.01,-1,-1
99926009,2026-05-18 13:55:32+05:30,53578.4,0,0.0,0,0.0,0.0,53282.15,53585.15,52783.45,53710.35,0,0.0,0.0,0.0,0.0,-0.01,-1,-1,-0.01,-1,-1,-0.01,-1,-1,-0.01,-1,-1,-0.01,-1,-1,-0.01,-1,-1,-0.01,-1,-1,-0.01,-1,-1,-0.01,-1,-1,-0.01,-1,-1
99926009,2026-05-18 13:55:32+05:30,53576.85,0,0.0,0,0.0,0.0,53282.15,53585.15,52783.45,53710.35,0,0.0,0.0,0.0,0.0,-0.01,-1,-1,-0.01,-1,-1,-0.01,-1,-1,-0.01,-1,-1,-0.01,-1,-1,-0.01,-1,-1,-0.01,-1,-1,-0.01,-1,-1,-0.01,-1,-1,-0.01,-1,-1
99926009,2026-05-18 13:55:33+05:30,53576.55,0,0.0,0,0.0,0.0,53282.15,53585.15,52783.45,53710.35,0,0.0,0.0,0.0,0.0,-0.01,-1,-1,-0.01,-1,-1,-0.01,-1,-1,-0.01,-1,-1,-0.01,-1,-1,-0.01,-1,-1,-0.01,-1,-1,-0.01,-1,-1,-0.01,-1,-1,-0.01,-1,-1
99926009,2026-05-18 13:55:33+05:30,53576.55,0,0.0,0,0.0,0.0,53282.15,53585.15,52783.45,53710.35,0,0.0,0.0,0.0,0.0,-0.01,-1,-1,-0.01,-1,-1,-0.01,-1,-1,-0.01,-1,-1,-0.01,-1,-1,-0.01,-1,-1,-0.01,-1,-1,-0.01,-1,-1,-0.01,-1,-1,-0.01,-1,-1
99926009,2026-05-18 13:55:34+05:30,53577.05,0,0.0,0,0.0,0.0,53282.15,53585.15,52783.45,53710.35,0,0.0,0.0,0.0,0.0,-0.01,-1,-1,-0.01,-1,-1,-0.01,-1,-1,-0.01,-1,-1,-0.01,-1,-1,-0.01,-1,-1,-0.01,-1,-1,-0.01,-1,-1,-0.01,-1,-1,-0.01,-1,-1
99926009,2026-05-18 13:55:34+05:30,53577.05,0,0.0,0,0.0,0.0,53282.15,53585.15,52783.45,53710.35,0,0.0,0.0,0.0,0.0,-0.01,-1,-1,-0.01,-1,-1,-0.01,-1,-1,-0.01,-1,-1,-0.01,-1,-1,-0.01,-1,-1,-0.01,-1,-1,-0.01,-1,-1,-0.01,-1,-1,-0.01,-1,-1
99926009,2026-05-18 13:55:35+05:30,53578.15,0,0.0,0,0.0,0.0,53282.15,53585.15,52783.45,53710.35,0,0.0,0.0,0.0,0.0,-0.01,-1,-1,-0.01,-1,-1,-0.01,-1,-1,-0.01,-1,-1,-0.01,-1,-1,-0.01,-1,-1,-0.01,-1,-1,-0.01,-1,-1,-0.01,-1,-1,-0.01,-1,-1
99926009,2026-05-18 13:55:35+05:30,53576.65,0,0.0,0,0.0,0.0,53282.15,53585.15,52783.45,53710.35,0,0.0,0.0,0.0,0.0,-0.01,-1,-1,-0.01,-1,-1,-0.01,-1,-1,-0.01,-1,-1,-0.01,-1,-1,-0.01,-1,-1,-0.01,-1,-1,-0.01,-1,-1,-0.01,-1,-1,-0.01,-1,-1
99926009,2026-05-18 13:55:36+05:30,53577.95,0,0.0,0,0.0,0.0,53282.15,53585.15,52783.45,53710.35,0,0.0,0.0,0.0,0.0,-0.01,-1,-1,-0.01,-1,-1,-0.01,-1,-1,-0.01,-1,-1,-0.01,-1,-1,-0.01,-1,-1,-0.01,-1,-1,-0.01,-1,-1,-0.01,-1,-1,-0.01,-1,-1
99926009,2026-05-18 13:55:36+05:30,53579.05,0,0.0,0,0.0,0.0,53282.15,53585.15,52783.45,53710.35,0,0.0,0.0,0.0,0.0,-0.01,-1,-1,-0.01,-1,-1,-0.01,-1,-1,-0.01,-1,-1,-0.01,-1,-1,-0.01,-1,-1,-0.01,-1,-1,-0.01,-1,-1,-0.01,-1,-1,-0.01,-1,-1
99926009,2026-05-18 13:55:37+05:30,53578.65,0,0.0,0,0.0,0.0,53282.15,53585.15,52783.45,53710.35,0,0.0,0.0,0.0,0.0,-0.01,-1,-1,-0.01,-1,-1,-0.01,-1,-1,-0.01,-1,-1,-0.01,-1,-1,-0.01,-1,-1,-0.01,-1,-1,-0.01,-1,-1,-0.01,-1,-1,-0.01,-1,-1
99926009,2026-05-18 13:55:37+05:30,53579.2,0,0.0,0,0.0,0.0,53282.15,53585.15,52783.45,53710.35,0,0.0,0.0,0.0,0.0,-0.01,-1,-1,-0.01,-1,-1,-0.01,-1,-1,-0.01,-1,-1,-0.01,-1,-1,-0.01,-1,-1,-0.01,-1,-1,-0.01,-1,-1,-0.01,-1,-1,-0.01,-1,-1
99926009,2026-05-18 13:55:38+05:30,53575.9,0,0.0,0,0.0,0.0,53282.15,53585.15,52783.45,53710.35,0,0.0,0.0,0.0,0.0,-0.01,-1,-1,-0.01,-1,-1,-0.01,-1,-1,-0.01,-1,-1,-0.01,-1,-1,-0.01,-1,-1,-0.01,-1,-1,-0.01,-1,-1,-0.01,-1,-1,-0.01,-1,-1
99926009,2026-05-18 13:55:38+05:30,53577.15,0,0.0,0,0.0,0.0,53282.15,53585.15,52783.45,53710.35,0,0.0,0.0,0.0,0.0,-0.01,-1,-1,-0.01,-1,-1,-0.01,-1,-1,-0.01,-1,-1,-0.01,-1,-1,-0.01,-1,-1,-0.01,-1,-1,-0.01,-1,-1,-0.01,-1,-1,-0.01,-1,-1
99926009,2026-05-18 13:55:39+05:30,53577.8,0,0.0,0,0.0,0.0,53282.15,53585.15,52783.45,53710.35,0,0.0,0.0,0.0,0.0,-0.01,-1,-1,-0.01,-1,-1,-0.01,-1,-1,-0.01,-1,-1,-0.01,-1,-1,-0.01,-1,-1,-0.01,-1,-1,-0.01,-1,-1,-0.01,-1,-1,-0.01,-1,-1
99926009,2026-05-18 13:55:39+05:30,53579.25,0,0.0,0,0.0,0.0,53282.15,53585.15,52783.45,53710.35,0,0.0,0.0,0.0,0.0,-0.01,-1,-1,-0.01,-1,-1,-0.01,-1,-1,-0.01,-1,-1,-0.01,-1,-1,-0.01,-1,-1,-0.01,-1,-1,-0.01,-1,-1,-0.01,-1,-1,-0.01,-1,-1
99926009,2026-05-18 13:55:40+05:30,53579.2,0,0.0,0,0.0,0.0,53282.15,53585.15,52783.45,53710.35,0,0.0,0.0,0.0,0.0,-0.01,-1,-1,-0.01,-1,-1,-0.01,-1,-1,-0.01,-1,-1,-0.01,-1,-1,-0.01,-1,-1,-0.01,-1,-1,-0.01,-1,-1,-0.01,-1,-1,-0.01,-1,-1
99926009,2026-05-18 13:55:40+05:30,53576.6,0,0.0,0,0.0,0.0,53282.15,53585.15,52783.45,53710.35,0,0.0,0.0,0.0,0.0,-0.01,-1,-1,-0.01,-1,-1,-0.01,-1,-1,-0.01,-1,-1,-0.01,-1,-1,-0.01,-1,-1,-0.01,-1,-1,-0.01,-1,-1,-0.01,-1,-1,-0.01,-1,-1
99926009,2026-05-18 13:55:41+05:30,53578.5,0,0.0,0,0.0,0.0,53282.15,53585.15,52783.45,53710.35,0,0.0,0.0,0.0,0.0,-0.01,-1,-1,-0.01,-1,-1,-0.01,-1,-1,-0.01,-1,-1,-0.01,-1,-1,-0.01,-1,-1,-0.01,-1,-1,-0.01,-1,-1,-0.01,-1,-1,-0.01,-1,-1
99926009,2026-05-18 13:55:41+05:30,53578.05,0,0.0,0,0.0,0.0,53282.15,53585.15,52783.45,53710.35,0,0.0,0.0,0.0,0.0,-0.01,-1,-1,-0.01,-1,-1,-0.01,-1,-1,-0.01,-1,-1,-0.01,-1,-1,-0.01,-1,-1,-0.01,-1,-1,-0.01,-1,-1,-0.01,-1,-1,-0.01,-1,-1
99926009,2026-05-18 13:55:42+05:30,53578.05,0,0.0,0,0.0,0.0,53282.15,53585.15,52783.45,53710.35,0,0.0,0.0,0.0,0.0,-0.01,-1,-1,-0.01,-1,-1,-0.01,-1,-1,-0.01,-1,-1,-0.01,-1,-1,-0.01,-1,-1,-0.01,-1,-1,-0.01,-1,-1,-0.01,-1,-1,-0.01,-1,-1
99926009,2026-05-18 13:55:42+05:30,53576.2,0,0.0,0,0.0,0.0,53282.15,53585.15,52783.45,53710.35,0,0.0,0.0,0.0,0.0,-0.01,-1,-1,-0.01,-1,-1,-0.01,-1,-1,-0.01,-1,-1,-0.01,-1,-1,-0.01,-1,-1,-0.01,-1,-1,-0.01,-1,-1,-0.01,-1,-1,-0.01,-1,-1
99926009,2026-05-18 13:55:43+05:30,53577.5,0,0.0,0,0.0,0.0,53282.15,53585.15,52783.45,53710.35,0,0.0,0.0,0.0,0.0,-0.01,-1,-1,-0.01,-1,-1,-0.01,-1,-1,-0.01,-1,-1,-0.01,-1,-1,-0.01,-1,-1,-0.01,-1,-1,-0.01,-1,-1,-0.01,-1,-1,-0.01,-1,-1
99926009,2026-05-18 13:55:43+05:30,53577.65,0,0.0,0,0.0,0.0,53282.15,53585.15,52783.45,53710.35,0,0.0,0.0,0.0,0.0,-0.01,-1,-1,-0.01,-1,-1,-0.01,-1,-1,-0.01,-1,-1,-0.01,-1,-1,-0.01,-1,-1,-0.01,-1,-1,-0.01,-1,-1,-0.01,-1,-1,-0.01,-1,-1
99926009,2026-05-18 13:55:44+05:30,53579.0,0,0.0,0,0.0,0.0,53282.15,53585.15,52783.45,53710.35,0,0.0,0.0,0.0,0.0,-0.01,-1,-1,-0.01,-1,-1,-0.01,-1,-1,-0.01,-1,-1,-0.01,-1,-1,-0.01,-1,-1,-0.01,-1,-1,-0.01,-1,-1,-0.01,-1,-1,-0.01,-1,-1
99926009,2026-05-18 13:55:44+05:30,53578.25,0,0.0,0,0.0,0.0,53282.15,53585.15,52783.45,53710.35,0,0.0,0.0,0.0,0.0,-0.01,-1,-1,-0.01,-1,-1,-0.01,-1,-1,-0.01,-1,-1,-0.01,-1,-1,-0.01,-1,-1,-0.01,-1,-1,-0.01,-1,-1,-0.01,-1,-1,-0.01,-1,-1
99926009,2026-05-18 13:55:45+05:30,53578.05,0,0.0,0,0.0,0.0,53282.15,53585.15,52783.45,53710.35,0,0.0,0.0,0.0,0.0,-0.01,-1,-1,-0.01,-1,-1,-0.01,-1,-1,-0.01,-1,-1,-0.01,-1,-1,-0.01,-1,-1,-0.01,-1,-1,-0.01,-1,-1,-0.01,-1,-1,-0.01,-1,-1
99926009,2026-05-18 13:55:45+05:30,53578.75,0,0.0,0,0.0,0.0,53282.15,53585.15,52783.45,53710.35,0,0.0,0.0,0.0,0.0,-0.01,-1,-1,-0.01,-1,-1,-0.01,-1,-1,-0.01,-1,-1,-0.01,-1,-1,-0.01,-1,-1,-0.01,-1,-1,-0.01,-1,-1,-0.01,-1,-1,-0.01,-1,-1
99926009,2026-05-18 13:55:46+05:30,53578.4,0,0.0,0,0.0,0.0,53282.15,53585.15,52783.45,53710.35,0,0.0,0.0,0.0,0.0,-0.01,-1,-1,-0.01,-1,-1,-0.01,-1,-1,-0.01,-1,-1,-0.01,-1,-1,-0.01,-1,-1,-0.01,-1,-1,-0.01,-1,-1,-0.01,-1,-1,-0.01,-1,-1
99926009,2026-05-18 13:55:46+05:30,53577.9,0,0.0,0,0.0,0.0,53282.15,53585.15,52783.45,53710.35,0,0.0,0.0,0.0,0.0,-0.01,-1,-1,-0.01,-1,-1,-0.01,-1,-1,-0.01,-1,-1,-0.01,-1,-1,-0.01,-1,-1,-0.01,-1,-1,-0.01,-1,-1,-0.01,-1,-1,-0.01,-1,-1
99926009,2026-05-18 13:55:47+05:30,53574.65,0,0.0,0,0.0,0.0,53282.15,53585.15,52783.45,53710.35,0,0.0,0.0,0.0,0.0,-0.01,-1,-1,-0.01,-1,-1,-0.01,-1,-1,-0.01,-1,-1,-0.01,-1,-1,-0.01,-1,-1,-0.01,-1,-1,-0.01,-1,-1,-0.01,-1,-1,-0.01,-1,-1
99926009,2026-05-18 13:55:47+05:30,53577.1,0,0.0,0,0.0,0.0,53282.15,53585.15,52783.45,53710.35,0,0.0,0.0,0.0,0.0,-0.01,-1,-1,-0.01,-1,-1,-0.01,-1,-1,-0.01,-1,-1,-0.01,-1,-1,-0.01,-1,-1,-0.01,-1,-1,-0.01,-1,-1,-0.01,-1,-1,-0.01,-1,-1
99926009,2026-05-18 13:55:48+05:30,53576.35,0,0.0,0,0.0,0.0,53282.15,53585.15,52783.45,53710.35,0,0.0,0.0,0.0,0.0,-0.01,-1,-1,-0.01,-1,-1,-0.01,-1,-1,-0.01,-1,-1,-0.01,-1,-1,-0.01,-1,-1,-0.01,-1,-1,-0.01,-1,-1,-0.01,-1,-1,-0.01,-1,-1
99926009,2026-05-18 13:55:48+05:30,53577.95,0,0.0,0,0.0,0.0,53282.15,53585.15,52783.45,53710.35,0,0.0,0.0,0.0,0.0,-0.01,-1,-1,-0.01,-1,-1,-0.01,-1,-1,-0.01,-1,-1,-0.01,-1,-1,-0.01,-1,-1,-0.01,-1,-1,-0.01,-1,-1,-0.01,-1,-1,-0.01,-1,-1
99926009,2026-05-18 13:55:49+05:30,53581.65,0,0.0,0,0.0,0.0,53282.15,53585.15,52783.45,53710.35,0,0.0,0.0,0.0,0.0,-0.01,-1,-1,-0.01,-1,-1,-0.01,-1,-1,-0.01,-1,-1,-0.01,-1,-1,-0.01,-1,-1,-0.01,-1,-1,-0.01,-1,-1,-0.01,-1,-1,-0.01,-1,-1
99926009,2026-05-18 13:55:49+05:30,53579.65,0,0.0,0,0.0,0.0,53282.15,53585.15,52783.45,53710.35,0,0.0,0.0,0.0,0.0,-0.01,-1,-1,-0.01,-1,-1,-0.01,-1,-1,-0.01,-1,-1,-0.01,-1,-1,-0.01,-1,-1,-0.01,-1,-1,-0.01,-1,-1,-0.01,-1,-1,-0.01,-1,-1
99926009,2026-05-18 13:55:50+05:30,53578.9,0,0.0,0,0.0,0.0,53282.15,53585.15,52783.45,53710.35,0,0.0,0.0,0.0,0.0,-0.01,-1,-1,-0.01,-1,-1,-0.01,-1,-1,-0.01,-1,-1,-0.01,-1,-1,-0.01,-1,-1,-0.01,-1,-1,-0.01,-1,-1,-0.01,-1,-1,-0.01,-1,-1
99926009,2026-05-18 13:55:50+05:30,53577.8,0,0.0,0,0.0,0.0,53282.15,53585.15,52783.45,53710.35,0,0.0,0.0,0.0,0.0,-0.01,-1,-1,-0.01,-1,-1,-0.01,-1,-1,-0.01,-1,-1,-0.01,-1,-1,-0.01,-1,-1,-0.01,-1,-1,-0.01,-1,-1,-0.01,-1,-1,-0.01,-1,-1
99926009,2026-05-18 13:55:51+05:30,53578.4,0,0.0,0,0.0,0.0,53282.15,53585.15,52783.45,53710.35,0,0.0,0.0,0.0,0.0,-0.01,-1,-1,-0.01,-1,-1,-0.01,-1,-1,-0.01,-1,-1,-0.01,-1,-1,-0.01,-1,-1,-0.01,-1,-1,-0.01,-1,-1,-0.01,-1,-1,-0.01,-1,-1
99926009,2026-05-18 13:55:51+05:30,53578.2,0,0.0,0,0.0,0.0,53282.15,53585.15,52783.45,53710.35,0,0.0,0.0,0.0,0.0,-0.01,-1,-1,-0.01,-1,-1,-0.01,-1,-1,-0.01,-1,-1,-0.01,-1,-1,-0.01,-1,-1,-0.01,-1,-1,-0.01,-1,-1,-0.01,-1,-1,-0.01,-1,-1
99926009,2026-05-18 13:55:52+05:30,53574.95,0,0.0,0,0.0,0.0,53282.15,53585.15,52783.45,53710.35,0,0.0,0.0,0.0,0.0,-0.01,-1,-1,-0.01,-1,-1,-0.01,-1,-1,-0.01,-1,-1,-0.01,-1,-1,-0.01,-1,-1,-0.01,-1,-1,-0.01,-1,-1,-0.01,-1,-1,-0.01,-1,-1
99926009,2026-05-18 13:55:52+05:30,53577.2,0,0.0,0,0.0,0.0,53282.15,53585.15,52783.45,53710.35,0,0.0,0.0,0.0,0.0,-0.01,-1,-1,-0.01,-1,-1,-0.01,-1,-1,-0.01,-1,-1,-0.01,-1,-1,-0.01,-1,-1,-0.01,-1,-1,-0.01,-1,-1,-0.01,-1,-1,-0.01,-1,-1
99926009,2026-05-18 13:55:53+05:30,53577.7,0,0.0,0,0.0,0.0,53282.15,53585.15,52783.45,53710.35,0,0.0,0.0,0.0,0.0,-0.01,-1,-1,-0.01,-1,-1,-0.01,-1,-1,-0.01,-1,-1,-0.01,-1,-1,-0.01,-1,-1,-0.01,-1,-1,-0.01,-1,-1,-0.01,-1,-1,-0.01,-1,-1
99926009,2026-05-18 13:55:53+05:30,53575.45,0,0.0,0,0.0,0.0,53282.15,53585.15,52783.45,53710.35,0,0.0,0.0,0.0,0.0,-0.01,-1,-1,-0.01,-1,-1,-0.01,-1,-1,-0.01,-1,-1,-0.01,-1,-1,-0.01,-1,-1,-0.01,-1,-1,-0.01,-1,-1,-0.01,-1,-1,-0.01,-1,-1
99926009,2026-05-18 13:55:54+05:30,53575.65,0,0.0,0,0.0,0.0,53282.15,53585.15,52783.45,53710.35,0,0.0,0.0,0.0,0.0,-0.01,-1,-1,-0.01,-1,-1,-0.01,-1,-1,-0.01,-1,-1,-0.01,-1,-1,-0.01,-1,-1,-0.01,-1,-1,-0.01,-1,-1,-0.01,-1,-1,-0.01,-1,-1
99926009,2026-05-18 13:55:54+05:30,53575.9,0,0.0,0,0.0,0.0,53282.15,53585.15,52783.45,53710.35,0,0.0,0.0,0.0,0.0,-0.01,-1,-1,-0.01,-1,-1,-0.01,-1,-1,-0.01,-1,-1,-0.01,-1,-1,-0.01,-1,-1,-0.01,-1,-1,-0.01,-1,-1,-0.01,-1,-1,-0.01,-1,-1
99926009,2026-05-18 13:55:55+05:30,53576.95,0,0.0,0,0.0,0.0,53282.15,53585.15,52783.45,53710.35,0,0.0,0.0,0.0,0.0,-0.01,-1,-1,-0.01,-1,-1,-0.01,-1,-1,-0.01,-1,-1,-0.01,-1,-1,-0.01,-1,-1,-0.01,-1,-1,-0.01,-1,-1,-0.01,-1,-1,-0.01,-1,-1
99926009,2026-05-18 13:55:55+05:30,53576.55,0,0.0,0,0.0,0.0,53282.15,53585.15,52783.45,53710.35,0,0.0,0.0,0.0,0.0,-0.01,-1,-1,-0.01,-1,-1,-0.01,-1,-1,-0.01,-1,-1,-0.01,-1,-1,-0.01,-1,-1,-0.01,-1,-1,-0.01,-1,-1,-0.01,-1,-1,-0.01,-1,-1
99926009,2026-05-18 13:55:56+05:30,53575.75,0,0.0,0,0.0,0.0,53282.15,53585.15,52783.45,53710.35,0,0.0,0.0,0.0,0.0,-0.01,-1,-1,-0.01,-1,-1,-0.01,-1,-1,-0.01,-1,-1,-0.01,-1,-1,-0.01,-1,-1,-0.01,-1,-1,-0.01,-1,-1,-0.01,-1,-1,-0.01,-1,-1
99926009,2026-05-18 13:55:57+05:30,53576.1,0,0.0,0,0.0,0.0,53282.15,53585.15,52783.45,53710.35,0,0.0,0.0,0.0,0.0,-0.01,-1,-1,-0.01,-1,-1,-0.01,-1,-1,-0.01,-1,-1,-0.01,-1,-1,-0.01,-1,-1,-0.01,-1,-1,-0.01,-1,-1,-0.01,-1,-1,-0.01,-1,-1
99926009,2026-05-18 13:55:57+05:30,53574.9,0,0.0,0,0.0,0.0,53282.15,53585.15,52783.45,53710.35,0,0.0,0.0,0.0,0.0,-0.01,-1,-1,-0.01,-1,-1,-0.01,-1,-1,-0.01,-1,-1,-0.01,-1,-1,-0.01,-1,-1,-0.01,-1,-1,-0.01,-1,-1,-0.01,-1,-1,-0.01,-1,-1
99926009,2026-05-18 13:55:58+05:30,53576.0,0,0.0,0,0.0,0.0,53282.15,53585.15,52783.45,53710.35,0,0.0,0.0,0.0,0.0,-0.01,-1,-1,-0.01,-1,-1,-0.01,-1,-1,-0.01,-1,-1,-0.01,-1,-1,-0.01,-1,-1,-0.01,-1,-1,-0.01,-1,-1,-0.01,-1,-1,-0.01,-1,-1
99926009,2026-05-18 13:55:58+05:30,53575.9,0,0.0,0,0.0,0.0,53282.15,53585.15,52783.45,53710.35,0,0.0,0.0,0.0,0.0,-0.01,-1,-1,-0.01,-1,-1,-0.01,-1,-1,-0.01,-1,-1,-0.01,-1,-1,-0.01,-1,-1,-0.01,-1,-1,-0.01,-1,-1,-0.01,-1,-1,-0.01,-1,-1
99926009,2026-05-18 13:55:59+05:30,53578.2,0,0.0,0,0.0,0.0,53282.15,53585.15,52783.45,53710.35,0,0.0,0.0,0.0,0.0,-0.01,-1,-1,-0.01,-1,-1,-0.01,-1,-1,-0.01,-1,-1,-0.01,-1,-1,-0.01,-1,-1,-0.01,-1,-1,-0.01,-1,-1,-0.01,-1,-1,-0.01,-1,-1
99926009,2026-05-18 13:55:59+05:30,53579.35,0,0.0,0,0.0,0.0,53282.15,53585.15,52783.45,53710.35,0,0.0,0.0,0.0,0.0,-0.01,-1,-1,-0.01,-1,-1,-0.01,-1,-1,-0.01,-1,-1,-0.01,-1,-1,-0.01,-1,-1,-0.01,-1,-1,-0.01,-1,-1,-0.01,-1,-1,-0.01,-1,-1
99926009,2026-05-18 13:56:00+05:30,53576.6,0,0.0,0,0.0,0.0,53282.15,53585.15,52783.45,53710.35,0,0.0,0.0,0.0,0.0,-0.01,-1,-1,-0.01,-1,-1,-0.01,-1,-1,-0.01,-1,-1,-0.01,-1,-1,-0.01,-1,-1,-0.01,-1,-1,-0.01,-1,-1,-0.01,-1,-1,-0.01,-1,-1
99926009,2026-05-18 13:56:00+05:30,53578.0,0,0.0,0,0.0,0.0,53282.15,53585.15,52783.45,53710.35,0,0.0,0.0,0.0,0.0,-0.01,-1,-1,-0.01,-1,-1,-0.01,-1,-1,-0.01,-1,-1,-0.01,-1,-1,-0.01,-1,-1,-0.01,-1,-1,-0.01,-1,-1,-0.01,-1,-1,-0.01,-1,-1
99926009,2026-05-18 13:56:01+05:30,53575.85,0,0.0,0,0.0,0.0,53282.15,53585.15,52783.45,53710.35,0,0.0,0.0,0.0,0.0,-0.01,-1,-1,-0.01,-1,-1,-0.01,-1,-1,-0.01,-1,-1,-0.01,-1,-1,-0.01,-1,-1,-0.01,-1,-1,-0.01,-1,-1,-0.01,-1,-1,-0.01,-1,-1
99926009,2026-05-18 13:56:01+05:30,53577.0,0,0.0,0,0.0,0.0,53282.15,53585.15,52783.45,53710.35,0,0.0,0.0,0.0,0.0,-0.01,-1,-1,-0.01,-1,-1,-0.01,-1,-1,-0.01,-1,-1,-0.01,-1,-1,-0.01,-1,-1,-0.01,-1,-1,-0.01,-1,-1,-0.01,-1,-1,-0.01,-1,-1
99926009,2026-05-18 13:56:02+05:30,53577.75,0,0.0,0,0.0,0.0,53282.15,53585.15,52783.45,53710.35,0,0.0,0.0,0.0,0.0,-0.01,-1,-1,-0.01,-1,-1,-0.01,-1,-1,-0.01,-1,-1,-0.01,-1,-1,-0.01,-1,-1,-0.01,-1,-1,-0.01,-1,-1,-0.01,-1,-1,-0.01,-1,-1
99926009,2026-05-18 13:56:02+05:30,53575.5,0,0.0,0,0.0,0.0,53282.15,53585.15,52783.45,53710.35,0,0.0,0.0,0.0,0.0,-0.01,-1,-1,-0.01,-1,-1,-0.01,-1,-1,-0.01,-1,-1,-0.01,-1,-1,-0.01,-1,-1,-0.01,-1,-1,-0.01,-1,-1,-0.01,-1,-1,-0.01,-1,-1
99926009,2026-05-18 13:56:03+05:30,53578.6,0,0.0,0,0.0,0.0,53282.15,53585.15,52783.45,53710.35,0,0.0,0.0,0.0,0.0,-0.01,-1,-1,-0.01,-1,-1,-0.01,-1,-1,-0.01,-1,-1,-0.01,-1,-1,-0.01,-1,-1,-0.01,-1,-1,-0.01,-1,-1,-0.01,-1,-1,-0.01,-1,-1
99926009,2026-05-18 13:56:03+05:30,53578.7,0,0.0,0,0.0,0.0,53282.15,53585.15,52783.45,53710.35,0,0.0,0.0,0.0,0.0,-0.01,-1,-1,-0.01,-1,-1,-0.01,-1,-1,-0.01,-1,-1,-0.01,-1,-1,-0.01,-1,-1,-0.01,-1,-1,-0.01,-1,-1,-0.01,-1,-1,-0.01,-1,-1
99926009,2026-05-18 13:56:04+05:30,53576.85,0,0.0,0,0.0,0.0,53282.15,53585.15,52783.45,53710.35,0,0.0,0.0,0.0,0.0,-0.01,-1,-1,-0.01,-1,-1,-0.01,-1,-1,-0.01,-1,-1,-0.01,-1,-1,-0.01,-1,-1,-0.01,-1,-1,-0.01,-1,-1,-0.01,-1,-1,-0.01,-1,-1
99926009,2026-05-18 13:56:04+05:30,53576.8,0,0.0,0,0.0,0.0,53282.15,53585.15,52783.45,53710.35,0,0.0,0.0,0.0,0.0,-0.01,-1,-1,-0.01,-1,-1,-0.01,-1,-1,-0.01,-1,-1,-0.01,-1,-1,-0.01,-1,-1,-0.01,-1,-1,-0.01,-1,-1,-0.01,-1,-1,-0.01,-1,-1
99926009,2026-05-18 13:56:05+05:30,53577.85,0,0.0,0,0.0,0.0,53282.15,53585.15,52783.45,53710.35,0,0.0,0.0,0.0,0.0,-0.01,-1,-1,-0.01,-1,-1,-0.01,-1,-1,-0.01,-1,-1,-0.01,-1,-1,-0.01,-1,-1,-0.01,-1,-1,-0.01,-1,-1,-0.01,-1,-1,-0.01,-1,-1
99926009,2026-05-18 13:56:05+05:30,53576.45,0,0.0,0,0.0,0.0,53282.15,53585.15,52783.45,53710.35,0,0.0,0.0,0.0,0.0,-0.01,-1,-1,-0.01,-1,-1,-0.01,-1,-1,-0.01,-1,-1,-0.01,-1,-1,-0.01,-1,-1,-0.01,-1,-1,-0.01,-1,-1,-0.01,-1,-1,-0.01,-1,-1
99926009,2026-05-18 13:56:06+05:30,53579.0,0,0.0,0,0.0,0.0,53282.15,53585.15,52783.45,53710.35,0,0.0,0.0,0.0,0.0,-0.01,-1,-1,-0.01,-1,-1,-0.01,-1,-1,-0.01,-1,-1,-0.01,-1,-1,-0.01,-1,-1,-0.01,-1,-1,-0.01,-1,-1,-0.01,-1,-1,-0.01,-1,-1
99926009,2026-05-18 13:56:06+05:30,53578.65,0,0.0,0,0.0,0.0,53282.15,53585.15,52783.45,53710.35,0,0.0,0.0,0.0,0.0,-0.01,-1,-1,-0.01,-1,-1,-0.01,-1,-1,-0.01,-1,-1,-0.01,-1,-1,-0.01,-1,-1,-0.01,-1,-1,-0.01,-1,-1,-0.01,-1,-1,-0.01,-1,-1
99926009,2026-05-18 13:56:07+05:30,53577.8,0,0.0,0,0.0,0.0,53282.15,53585.15,52783.45,53710.35,0,0.0,0.0,0.0,0.0,-0.01,-1,-1,-0.01,-1,-1,-0.01,-1,-1,-0.01,-1,-1,-0.01,-1,-1,-0.01,-1,-1,-0.01,-1,-1,-0.01,-1,-1,-0.01,-1,-1,-0.01,-1,-1
99926009,2026-05-18 13:56:07+05:30,53576.9,0,0.0,0,0.0,0.0,53282.15,53585.15,52783.45,53710.35,0,0.0,0.0,0.0,0.0,-0.01,-1,-1,-0.01,-1,-1,-0.01,-1,-1,-0.01,-1,-1,-0.01,-1,-1,-0.01,-1,-1,-0.01,-1,-1,-0.01,-1,-1,-0.01,-1,-1,-0.01,-1,-1
99926009,2026-05-18 13:56:08+05:30,53575.0,0,0.0,0,0.0,0.0,53282.15,53585.15,52783.45,53710.35,0,0.0,0.0,0.0,0.0,-0.01,-1,-1,-0.01,-1,-1,-0.01,-1,-1,-0.01,-1,-1,-0.01,-1,-1,-0.01,-1,-1,-0.01,-1,-1,-0.01,-1,-1,-0.01,-1,-1,-0.01,-1,-1
99926009,2026-05-18 13:56:08+05:30,53573.8,0,0.0,0,0.0,0.0,53282.15,53585.15,52783.45,53710.35,0,0.0,0.0,0.0,0.0,-0.01,-1,-1,-0.01,-1,-1,-0.01,-1,-1,-0.01,-1,-1,-0.01,-1,-1,-0.01,-1,-1,-0.01,-1,-1,-0.01,-1,-1,-0.01,-1,-1,-0.01,-1,-1
99926009,2026-05-18 13:56:09+05:30,53576.65,0,0.0,0,0.0,0.0,53282.15,53585.15,52783.45,53710.35,0,0.0,0.0,0.0,0.0,-0.01,-1,-1,-0.01,-1,-1,-0.01,-1,-1,-0.01,-1,-1,-0.01,-1,-1,-0.01,-1,-1,-0.01,-1,-1,-0.01,-1,-1,-0.01,-1,-1,-0.01,-1,-1
99926009,2026-05-18 13:56:09+05:30,53574.65,0,0.0,0,0.0,0.0,53282.15,53585.15,52783.45,53710.35,0,0.0,0.0,0.0,0.0,-0.01,-1,-1,-0.01,-1,-1,-0.01,-1,-1,-0.01,-1,-1,-0.01,-1,-1,-0.01,-1,-1,-0.01,-1,-1,-0.01,-1,-1,-0.01,-1,-1,-0.01,-1,-1
99926009,2026-05-18 13:56:10+05:30,53576.65,0,0.0,0,0.0,0.0,53282.15,53585.15,52783.45,53710.35,0,0.0,0.0,0.0,0.0,-0.01,-1,-1,-0.01,-1,-1,-0.01,-1,-1,-0.01,-1,-1,-0.01,-1,-1,-0.01,-1,-1,-0.01,-1,-1,-0.01,-1,-1,-0.01,-1,-1,-0.01,-1,-1
99926009,2026-05-18 13:56:10+05:30,53575.85,0,0.0,0,0.0,0.0,53282.15,53585.15,52783.45,53710.35,0,0.0,0.0,0.0,0.0,-0.01,-1,-1,-0.01,-1,-1,-0.01,-1,-1,-0.01,-1,-1,-0.01,-1,-1,-0.01,-1,-1,-0.01,-1,-1,-0.01,-1,-1,-0.01,-1,-1,-0.01,-1,-1
99926009,2026-05-18 13:56:11+05:30,53578.1,0,0.0,0,0.0,0.0,53282.15,53585.15,52783.45,53710.35,0,0.0,0.0,0.0,0.0,-0.01,-1,-1,-0.01,-1,-1,-0.01,-1,-1,-0.01,-1,-1,-0.01,-1,-1,-0.01,-1,-1,-0.01,-1,-1,-0.01,-1,-1,-0.01,-1,-1,-0.01,-1,-1
99926009,2026-05-18 13:56:11+05:30,53577.6,0,0.0,0,0.0,0.0,53282.15,53585.15,52783.45,53710.35,0,0.0,0.0,0.0,0.0,-0.01,-1,-1,-0.01,-1,-1,-0.01,-1,-1,-0.01,-1,-1,-0.01,-1,-1,-0.01,-1,-1,-0.01,-1,-1,-0.01,-1,-1,-0.01,-1,-1,-0.01,-1,-1
99926009,2026-05-18 13:56:12+05:30,53578.05,0,0.0,0,0.0,0.0,53282.15,53585.15,52783.45,53710.35,0,0.0,0.0,0.0,0.0,-0.01,-1,-1,-0.01,-1,-1,-0.01,-1,-1,-0.01,-1,-1,-0.01,-1,-1,-0.01,-1,-1,-0.01,-1,-1,-0.01,-1,-1,-0.01,-1,-1,-0.01,-1,-1
99926009,2026-05-18 13:56:12+05:30,53578.05,0,0.0,0,0.0,0.0,53282.15,53585.15,52783.45,53710.35,0,0.0,0.0,0.0,0.0,-0.01,-1,-1,-0.01,-1,-1,-0.01,-1,-1,-0.01,-1,-1,-0.01,-1,-1,-0.01,-1,-1,-0.01,-1,-1,-0.01,-1,-1,-0.01,-1,-1,-0.01,-1,-1
99926009,2026-05-18 13:56:13+05:30,53576.9,0,0.0,0,0.0,0.0,53282.15,53585.15,52783.45,53710.35,0,0.0,0.0,0.0,0.0,-0.01,-1,-1,-0.01,-1,-1,-0.01,-1,-1,-0.01,-1,-1,-0.01,-1,-1,-0.01,-1,-1,-0.01,-1,-1,-0.01,-1,-1,-0.01,-1,-1,-0.01,-1,-1
99926009,2026-05-18 13:56:13+05:30,53578.55,0,0.0,0,0.0,0.0,53282.15,53585.15,52783.45,53710.35,0,0.0,0.0,0.0,0.0,-0.01,-1,-1,-0.01,-1,-1,-0.01,-1,-1,-0.01,-1,-1,-0.01,-1,-1,-0.01,-1,-1,-0.01,-1,-1,-0.01,-1,-1,-0.01,-1,-1,-0.01,-1,-1
99926009,2026-05-18 13:56:14+05:30,53581.65,0,0.0,0,0.0,0.0,53282.15,53585.15,52783.45,53710.35,0,0.0,0.0,0.0,0.0,-0.01,-1,-1,-0.01,-1,-1,-0.01,-1,-1,-0.01,-1,-1,-0.01,-1,-1,-0.01,-1,-1,-0.01,-1,-1,-0.01,-1,-1,-0.01,-1,-1,-0.01,-1,-1
99926009,2026-05-18 13:56:14+05:30,53580.85,0,0.0,0,0.0,0.0,53282.15,53585.15,52783.45,53710.35,0,0.0,0.0,0.0,0.0,-0.01,-1,-1,-0.01,-1,-1,-0.01,-1,-1,-0.01,-1,-1,-0.01,-1,-1,-0.01,-1,-1,-0.01,-1,-1,-0.01,-1,-1,-0.01,-1,-1,-0.01,-1,-1
99926009,2026-05-18 13:56:15+05:30,53580.0,0,0.0,0,0.0,0.0,53282.15,53585.15,52783.45,53710.35,0,0.0,0.0,0.0,0.0,-0.01,-1,-1,-0.01,-1,-1,-0.01,-1,-1,-0.01,-1,-1,-0.01,-1,-1,-0.01,-1,-1,-0.01,-1,-1,-0.01,-1,-1,-0.01,-1,-1,-0.01,-1,-1
99926009,2026-05-18 13:56:15+05:30,53581.4,0,0.0,0,0.0,0.0,53282.15,53585.15,52783.45,53710.35,0,0.0,0.0,0.0,0.0,-0.01,-1,-1,-0.01,-1,-1,-0.01,-1,-1,-0.01,-1,-1,-0.01,-1,-1,-0.01,-1,-1,-0.01,-1,-1,-0.01,-1,-1,-0.01,-1,-1,-0.01,-1,-1
99926009,2026-05-18 13:56:16+05:30,53582.6,0,0.0,0,0.0,0.0,53282.15,53585.15,52783.45,53710.35,0,0.0,0.0,0.0,0.0,-0.01,-1,-1,-0.01,-1,-1,-0.01,-1,-1,-0.01,-1,-1,-0.01,-1,-1,-0.01,-1,-1,-0.01,-1,-1,-0.01,-1,-1,-0.01,-1,-1,-0.01,-1,-1
99926009,2026-05-18 13:56:16+05:30,53583.45,0,0.0,0,0.0,0.0,53282.15,53585.15,52783.45,53710.35,0,0.0,0.0,0.0,0.0,-0.01,-1,-1,-0.01,-1,-1,-0.01,-1,-1,-0.01,-1,-1,-0.01,-1,-1,-0.01,-1,-1,-0.01,-1,-1,-0.01,-1,-1,-0.01,-1,-1,-0.01,-1,-1
99926009,2026-05-18 13:56:17+05:30,53580.5,0,0.0,0,0.0,0.0,53282.15,53585.15,52783.45,53710.35,0,0.0,0.0,0.0,0.0,-0.01,-1,-1,-0.01,-1,-1,-0.01,-1,-1,-0.01,-1,-1,-0.01,-1,-1,-0.01,-1,-1,-0.01,-1,-1,-0.01,-1,-1,-0.01,-1,-1,-0.01,-1,-1
99926009,2026-05-18 13:56:17+05:30,53582.45,0,0.0,0,0.0,0.0,53282.15,53585.15,52783.45,53710.35,0,0.0,0.0,0.0,0.0,-0.01,-1,-1,-0.01,-1,-1,-0.01,-1,-1,-0.01,-1,-1,-0.01,-1,-1,-0.01,-1,-1,-0.01,-1,-1,-0.01,-1,-1,-0.01,-1,-1,-0.01,-1,-1
99926009,2026-05-18 13:56:18+05:30,53584.25,0,0.0,0,0.0,0.0,53282.15,53585.15,52783.45,53710.35,0,0.0,0.0,0.0,0.0,-0.01,-1,-1,-0.01,-1,-1,-0.01,-1,-1,-0.01,-1,-1,-0.01,-1,-1,-0.01,-1,-1,-0.01,-1,-1,-0.01,-1,-1,-0.01,-1,-1,-0.01,-1,-1
99926009,2026-05-18 13:56:18+05:30,53582.0,0,0.0,0,0.0,0.0,53282.15,53585.15,52783.45,53710.35,0,0.0,0.0,0.0,0.0,-0.01,-1,-1,-0.01,-1,-1,-0.01,-1,-1,-0.01,-1,-1,-0.01,-1,-1,-0.01,-1,-1,-0.01,-1,-1,-0.01,-1,-1,-0.01,-1,-1,-0.01,-1,-1
99926009,2026-05-18 13:56:19+05:30,53581.85,0,0.0,0,0.0,0.0,53282.15,53585.15,52783.45,53710.35,0,0.0,0.0,0.0,0.0,-0.01,-1,-1,-0.01,-1,-1,-0.01,-1,-1,-0.01,-1,-1,-0.01,-1,-1,-0.01,-1,-1,-0.01,-1,-1,-0.01,-1,-1,-0.01,-1,-1,-0.01,-1,-1
99926009,2026-05-18 13:56:19+05:30,53582.15,0,0.0,0,0.0,0.0,53282.15,53585.15,52783.45,53710.35,0,0.0,0.0,0.0,0.0,-0.01,-1,-1,-0.01,-1,-1,-0.01,-1,-1,-0.01,-1,-1,-0.01,-1,-1,-0.01,-1,-1,-0.01,-1,-1,-0.01,-1,-1,-0.01,-1,-1,-0.01,-1,-1
99926009,2026-05-18 13:56:20+05:30,53579.6,0,0.0,0,0.0,0.0,53282.15,53585.15,52783.45,53710.35,0,0.0,0.0,0.0,0.0,-0.01,-1,-1,-0.01,-1,-1,-0.01,-1,-1,-0.01,-1,-1,-0.01,-1,-1,-0.01,-1,-1,-0.01,-1,-1,-0.01,-1,-1,-0.01,-1,-1,-0.01,-1,-1
99926009,2026-05-18 13:56:20+05:30,53577.9,0,0.0,0,0.0,0.0,53282.15,53585.15,52783.45,53710.35,0,0.0,0.0,0.0,0.0,-0.01,-1,-1,-0.01,-1,-1,-0.01,-1,-1,-0.01,-1,-1,-0.01,-1,-1,-0.01,-1,-1,-0.01,-1,-1,-0.01,-1,-1,-0.01,-1,-1,-0.01,-1,-1
99926009,2026-05-18 13:56:21+05:30,53577.1,0,0.0,0,0.0,0.0,53282.15,53585.15,52783.45,53710.35,0,0.0,0.0,0.0,0.0,-0.01,-1,-1,-0.01,-1,-1,-0.01,-1,-1,-0.01,-1,-1,-0.01,-1,-1,-0.01,-1,-1,-0.01,-1,-1,-0.01,-1,-1,-0.01,-1,-1,-0.01,-1,-1
99926009,2026-05-18 13:56:21+05:30,53579.5,0,0.0,0,0.0,0.0,53282.15,53585.15,52783.45,53710.35,0,0.0,0.0,0.0,0.0,-0.01,-1,-1,-0.01,-1,-1,-0.01,-1,-1,-0.01,-1,-1,-0.01,-1,-1,-0.01,-1,-1,-0.01,-1,-1,-0.01,-1,-1,-0.01,-1,-1,-0.01,-1,-1
99926009,2026-05-18 13:56:22+05:30,53578.9,0,0.0,0,0.0,0.0,53282.15,53585.15,52783.45,53710.35,0,0.0,0.0,0.0,0.0,-0.01,-1,-1,-0.01,-1,-1,-0.01,-1,-1,-0.01,-1,-1,-0.01,-1,-1,-0.01,-1,-1,-0.01,-1,-1,-0.01,-1,-1,-0.01,-1,-1,-0.01,-1,-1
99926009,2026-05-18 13:56:22+05:30,53577.25,0,0.0,0,0.0,0.0,53282.15,53585.15,52783.45,53710.35,0,0.0,0.0,0.0,0.0,-0.01,-1,-1,-0.01,-1,-1,-0.01,-1,-1,-0.01,-1,-1,-0.01,-1,-1,-0.01,-1,-1,-0.01,-1,-1,-0.01,-1,-1,-0.01,-1,-1,-0.01,-1,-1
99926009,2026-05-18 13:56:23+05:30,53575.95,0,0.0,0,0.0,0.0,53282.15,53585.15,52783.45,53710.35,0,0.0,0.0,0.0,0.0,-0.01,-1,-1,-0.01,-1,-1,-0.01,-1,-1,-0.01,-1,-1,-0.01,-1,-1,-0.01,-1,-1,-0.01,-1,-1,-0.01,-1,-1,-0.01,-1,-1,-0.01,-1,-1
99926009,2026-05-18 13:56:23+05:30,53578.3,0,0.0,0,0.0,0.0,53282.15,53585.15,52783.45,53710.35,0,0.0,0.0,0.0,0.0,-0.01,-1,-1,-0.01,-1,-1,-0.01,-1,-1,-0.01,-1,-1,-0.01,-1,-1,-0.01,-1,-1,-0.01,-1,-1,-0.01,-1,-1,-0.01,-1,-1,-0.01,-1,-1
99926009,2026-05-18 13:56:24+05:30,53579.25,0,0.0,0,0.0,0.0,53282.15,53585.15,52783.45,53710.35,0,0.0,0.0,0.0,0.0,-0.01,-1,-1,-0.01,-1,-1,-0.01,-1,-1,-0.01,-1,-1,-0.01,-1,-1,-0.01,-1,-1,-0.01,-1,-1,-0.01,-1,-1,-0.01,-1,-1,-0.01,-1,-1
99926009,2026-05-18 13:56:24+05:30,53581.15,0,0.0,0,0.0,0.0,53282.15,53585.15,52783.45,53710.35,0,0.0,0.0,0.0,0.0,-0.01,-1,-1,-0.01,-1,-1,-0.01,-1,-1,-0.01,-1,-1,-0.01,-1,-1,-0.01,-1,-1,-0.01,-1,-1,-0.01,-1,-1,-0.01,-1,-1,-0.01,-1,-1
99926009,2026-05-18 13:56:25+05:30,53580.7,0,0.0,0,0.0,0.0,53282.15,53585.15,52783.45,53710.35,0,0.0,0.0,0.0,0.0,-0.01,-1,-1,-0.01,-1,-1,-0.01,-1,-1,-0.01,-1,-1,-0.01,-1,-1,-0.01,-1,-1,-0.01,-1,-1,-0.01,-1,-1,-0.01,-1,-1,-0.01,-1,-1
99926009,2026-05-18 13:56:25+05:30,53581.65,0,0.0,0,0.0,0.0,53282.15,53585.15,52783.45,53710.35,0,0.0,0.0,0.0,0.0,-0.01,-1,-1,-0.01,-1,-1,-0.01,-1,-1,-0.01,-1,-1,-0.01,-1,-1,-0.01,-1,-1,-0.01,-1,-1,-0.01,-1,-1,-0.01,-1,-1,-0.01,-1,-1
99926009,2026-05-18 13:56:26+05:30,53582.0,0,0.0,0,0.0,0.0,53282.15,53585.15,52783.45,53710.35,0,0.0,0.0,0.0,0.0,-0.01,-1,-1,-0.01,-1,-1,-0.01,-1,-1,-0.01,-1,-1,-0.01,-1,-1,-0.01,-1,-1,-0.01,-1,-1,-0.01,-1,-1,-0.01,-1,-1,-0.01,-1,-1
99926009,2026-05-18 13:56:26+05:30,53580.1,0,0.0,0,0.0,0.0,53282.15,53585.15,52783.45,53710.35,0,0.0,0.0,0.0,0.0,-0.01,-1,-1,-0.01,-1,-1,-0.01,-1,-1,-0.01,-1,-1,-0.01,-1,-1,-0.01,-1,-1,-0.01,-1,-1,-0.01,-1,-1,-0.01,-1,-1,-0.01,-1,-1
99926009,2026-05-18 13:56:27+05:30,53581.05,0,0.0,0,0.0,0.0,53282.15,53585.15,52783.45,53710.35,0,0.0,0.0,0.0,0.0,-0.01,-1,-1,-0.01,-1,-1,-0.01,-1,-1,-0.01,-1,-1,-0.01,-1,-1,-0.01,-1,-1,-0.01,-1,-1,-0.01,-1,-1,-0.01,-1,-1,-0.01,-1,-1
99926009,2026-05-18 13:56:27+05:30,53580.25,0,0.0,0,0.0,0.0,53282.15,53585.15,52783.45,53710.35,0,0.0,0.0,0.0,0.0,-0.01,-1,-1,-0.01,-1,-1,-0.01,-1,-1,-0.01,-1,-1,-0.01,-1,-1,-0.01,-1,-1,-0.01,-1,-1,-0.01,-1,-1,-0.01,-1,-1,-0.01,-1,-1
99926009,2026-05-18 13:56:28+05:30,53580.85,0,0.0,0,0.0,0.0,53282.15,53585.15,52783.45,53710.35,0,0.0,0.0,0.0,0.0,-0.01,-1,-1,-0.01,-1,-1,-0.01,-1,-1,-0.01,-1,-1,-0.01,-1,-1,-0.01,-1,-1,-0.01,-1,-1,-0.01,-1,-1,-0.01,-1,-1,-0.01,-1,-1
99926009,2026-05-18 13:56:28+05:30,53581.7,0,0.0,0,0.0,0.0,53282.15,53585.15,52783.45,53710.35,0,0.0,0.0,0.0,0.0,-0.01,-1,-1,-0.01,-1,-1,-0.01,-1,-1,-0.01,-1,-1,-0.01,-1,-1,-0.01,-1,-1,-0.01,-1,-1,-0.01,-1,-1,-0.01,-1,-1,-0.01,-1,-1
99926009,2026-05-18 13:56:29+05:30,53581.55,0,0.0,0,0.0,0.0,53282.15,53585.15,52783.45,53710.35,0,0.0,0.0,0.0,0.0,-0.01,-1,-1,-0.01,-1,-1,-0.01,-1,-1,-0.01,-1,-1,-0.01,-1,-1,-0.01,-1,-1,-0.01,-1,-1,-0.01,-1,-1,-0.01,-1,-1,-0.01,-1,-1
99926009,2026-05-18 13:56:29+05:30,53581.9,0,0.0,0,0.0,0.0,53282.15,53585.15,52783.45,53710.35,0,0.0,0.0,0.0,0.0,-0.01,-1,-1,-0.01,-1,-1,-0.01,-1,-1,-0.01,-1,-1,-0.01,-1,-1,-0.01,-1,-1,-0.01,-1,-1,-0.01,-1,-1,-0.01,-1,-1,-0.01,-1,-1
99926009,2026-05-18 13:56:30+05:30,53581.9,0,0.0,0,0.0,0.0,53282.15,53585.15,52783.45,53710.35,0,0.0,0.0,0.0,0.0,-0.01,-1,-1,-0.01,-1,-1,-0.01,-1,-1,-0.01,-1,-1,-0.01,-1,-1,-0.01,-1,-1,-0.01,-1,-1,-0.01,-1,-1,-0.01,-1,-1,-0.01,-1,-1
99926009,2026-05-18 13:56:30+05:30,53583.7,0,0.0,0,0.0,0.0,53282.15,53585.15,52783.45,53710.35,0,0.0,0.0,0.0,0.0,-0.01,-1,-1,-0.01,-1,-1,-0.01,-1,-1,-0.01,-1,-1,-0.01,-1,-1,-0.01,-1,-1,-0.01,-1,-1,-0.01,-1,-1,-0.01,-1,-1,-0.01,-1,-1
99926009,2026-05-18 13:56:31+05:30,53583.4,0,0.0,0,0.0,0.0,53282.15,53585.15,52783.45,53710.35,0,0.0,0.0,0.0,0.0,-0.01,-1,-1,-0.01,-1,-1,-0.01,-1,-1,-0.01,-1,-1,-0.01,-1,-1,-0.01,-1,-1,-0.01,-1,-1,-0.01,-1,-1,-0.01,-1,-1,-0.01,-1,-1
99926009,2026-05-18 13:56:31+05:30,53582.9,0,0.0,0,0.0,0.0,53282.15,53585.15,52783.45,53710.35,0,0.0,0.0,0.0,0.0,-0.01,-1,-1,-0.01,-1,-1,-0.01,-1,-1,-0.01,-1,-1,-0.01,-1,-1,-0.01,-1,-1,-0.01,-1,-1,-0.01,-1,-1,-0.01,-1,-1,-0.01,-1,-1
99926009,2026-05-18 13:56:32+05:30,53583.55,0,0.0,0,0.0,0.0,53282.15,53585.15,52783.45,53710.35,0,0.0,0.0,0.0,0.0,-0.01,-1,-1,-0.01,-1,-1,-0.01,-1,-1,-0.01,-1,-1,-0.01,-1,-1,-0.01,-1,-1,-0.01,-1,-1,-0.01,-1,-1,-0.01,-1,-1,-0.01,-1,-1
99926009,2026-05-18 13:56:32+05:30,53582.5,0,0.0,0,0.0,0.0,53282.15,53585.15,52783.45,53710.35,0,0.0,0.0,0.0,0.0,-0.01,-1,-1,-0.01,-1,-1,-0.01,-1,-1,-0.01,-1,-1,-0.01,-1,-1,-0.01,-1,-1,-0.01,-1,-1,-0.01,-1,-1,-0.01,-1,-1,-0.01,-1,-1
99926009,2026-05-18 13:56:33+05:30,53582.65,0,0.0,0,0.0,0.0,53282.15,53585.15,52783.45,53710.35,0,0.0,0.0,0.0,0.0,-0.01,-1,-1,-0.01,-1,-1,-0.01,-1,-1,-0.01,-1,-1,-0.01,-1,-1,-0.01,-1,-1,-0.01,-1,-1,-0.01,-1,-1,-0.01,-1,-1,-0.01,-1,-1
99926009,2026-05-18 13:56:33+05:30,53583.5,0,0.0,0,0.0,0.0,53282.15,53585.15,52783.45,53710.35,0,0.0,0.0,0.0,0.0,-0.01,-1,-1,-0.01,-1,-1,-0.01,-1,-1,-0.01,-1,-1,-0.01,-1,-1,-0.01,-1,-1,-0.01,-1,-1,-0.01,-1,-1,-0.01,-1,-1,-0.01,-1,-1
99926009,2026-05-18 13:56:34+05:30,53579.6,0,0.0,0,0.0,0.0,53282.15,53585.15,52783.45,53710.35,0,0.0,0.0,0.0,0.0,-0.01,-1,-1,-0.01,-1,-1,-0.01,-1,-1,-0.01,-1,-1,-0.01,-1,-1,-0.01,-1,-1,-0.01,-1,-1,-0.01,-1,-1,-0.01,-1,-1,-0.01,-1,-1
99926009,2026-05-18 13:56:34+05:30,53582.05,0,0.0,0,0.0,0.0,53282.15,53585.15,52783.45,53710.35,0,0.0,0.0,0.0,0.0,-0.01,-1,-1,-0.01,-1,-1,-0.01,-1,-1,-0.01,-1,-1,-0.01,-1,-1,-0.01,-1,-1,-0.01,-1,-1,-0.01,-1,-1,-0.01,-1,-1,-0.01,-1,-1
99926009,2026-05-18 13:56:35+05:30,53581.2,0,0.0,0,0.0,0.0,53282.15,53585.15,52783.45,53710.35,0,0.0,0.0,0.0,0.0,-0.01,-1,-1,-0.01,-1,-1,-0.01,-1,-1,-0.01,-1,-1,-0.01,-1,-1,-0.01,-1,-1,-0.01,-1,-1,-0.01,-1,-1,-0.01,-1,-1,-0.01,-1,-1
99926009,2026-05-18 13:56:35+05:30,53579.45,0,0.0,0,0.0,0.0,53282.15,53585.15,52783.45,53710.35,0,0.0,0.0,0.0,0.0,-0.01,-1,-1,-0.01,-1,-1,-0.01,-1,-1,-0.01,-1,-1,-0.01,-1,-1,-0.01,-1,-1,-0.01,-1,-1,-0.01,-1,-1,-0.01,-1,-1,-0.01,-1,-1
99926009,2026-05-18 13:56:36+05:30,53583.4,0,0.0,0,0.0,0.0,53282.15,53585.15,52783.45,53710.35,0,0.0,0.0,0.0,0.0,-0.01,-1,-1,-0.01,-1,-1,-0.01,-1,-1,-0.01,-1,-1,-0.01,-1,-1,-0.01,-1,-1,-0.01,-1,-1,-0.01,-1,-1,-0.01,-1,-1,-0.01,-1,-1
99926009,2026-05-18 13:56:36+05:30,53584.8,0,0.0,0,0.0,0.0,53282.15,53585.15,52783.45,53710.35,0,0.0,0.0,0.0,0.0,-0.01,-1,-1,-0.01,-1,-1,-0.01,-1,-1,-0.01,-1,-1,-0.01,-1,-1,-0.01,-1,-1,-0.01,-1,-1,-0.01,-1,-1,-0.01,-1,-1,-0.01,-1,-1
99926009,2026-05-18 13:56:37+05:30,53583.6,0,0.0,0,0.0,0.0,53282.15,53585.15,52783.45,53710.35,0,0.0,0.0,0.0,0.0,-0.01,-1,-1,-0.01,-1,-1,-0.01,-1,-1,-0.01,-1,-1,-0.01,-1,-1,-0.01,-1,-1,-0.01,-1,-1,-0.01,-1,-1,-0.01,-1,-1,-0.01,-1,-1
99926009,2026-05-18 13:56:37+05:30,53582.0,0,0.0,0,0.0,0.0,53282.15,53585.15,52783.45,53710.35,0,0.0,0.0,0.0,0.0,-0.01,-1,-1,-0.01,-1,-1,-0.01,-1,-1,-0.01,-1,-1,-0.01,-1,-1,-0.01,-1,-1,-0.01,-1,-1,-0.01,-1,-1,-0.01,-1,-1,-0.01,-1,-1
99926009,2026-05-18 13:56:38+05:30,53580.8,0,0.0,0,0.0,0.0,53282.15,53585.15,52783.45,53710.35,0,0.0,0.0,0.0,0.0,-0.01,-1,-1,-0.01,-1,-1,-0.01,-1,-1,-0.01,-1,-1,-0.01,-1,-1,-0.01,-1,-1,-0.01,-1,-1,-0.01,-1,-1,-0.01,-1,-1,-0.01,-1,-1
99926009,2026-05-18 13:56:38+05:30,53582.3,0,0.0,0,0.0,0.0,53282.15,53585.15,52783.45,53710.35,0,0.0,0.0,0.0,0.0,-0.01,-1,-1,-0.01,-1,-1,-0.01,-1,-1,-0.01,-1,-1,-0.01,-1,-1,-0.01,-1,-1,-0.01,-1,-1,-0.01,-1,-1,-0.01,-1,-1,-0.01,-1,-1
99926009,2026-05-18 13:56:39+05:30,53583.45,0,0.0,0,0.0,0.0,53282.15,53585.15,52783.45,53710.35,0,0.0,0.0,0.0,0.0,-0.01,-1,-1,-0.01,-1,-1,-0.01,-1,-1,-0.01,-1,-1,-0.01,-1,-1,-0.01,-1,-1,-0.01,-1,-1,-0.01,-1,-1,-0.01,-1,-1,-0.01,-1,-1
99926009,2026-05-18 13:56:39+05:30,53584.0,0,0.0,0,0.0,0.0,53282.15,53585.15,52783.45,53710.35,0,0.0,0.0,0.0,0.0,-0.01,-1,-1,-0.01,-1,-1,-0.01,-1,-1,-0.01,-1,-1,-0.01,-1,-1,-0.01,-1,-1,-0.01,-1,-1,-0.01,-1,-1,-0.01,-1,-1,-0.01,-1,-1
99926009,2026-05-18 13:56:40+05:30,53583.15,0,0.0,0,0.0,0.0,53282.15,53585.15,52783.45,53710.35,0,0.0,0.0,0.0,0.0,-0.01,-1,-1,-0.01,-1,-1,-0.01,-1,-1,-0.01,-1,-1,-0.01,-1,-1,-0.01,-1,-1,-0.01,-1,-1,-0.01,-1,-1,-0.01,-1,-1,-0.01,-1,-1
99926009,2026-05-18 13:56:40+05:30,53581.2,0,0.0,0,0.0,0.0,53282.15,53585.15,52783.45,53710.35,0,0.0,0.0,0.0,0.0,-0.01,-1,-1,-0.01,-1,-1,-0.01,-1,-1,-0.01,-1,-1,-0.01,-1,-1,-0.01,-1,-1,-0.01,-1,-1,-0.01,-1,-1,-0.01,-1,-1,-0.01,-1,-1
99926009,2026-05-18 13:56:41+05:30,53585.35,0,0.0,0,0.0,0.0,53282.15,53585.35,52783.45,53710.35,0,0.0,0.0,0.0,0.0,-0.01,-1,-1,-0.01,-1,-1,-0.01,-1,-1,-0.01,-1,-1,-0.01,-1,-1,-0.01,-1,-1,-0.01,-1,-1,-0.01,-1,-1,-0.01,-1,-1,-0.01,-1,-1
99926009,2026-05-18 13:56:41+05:30,53588.25,0,0.0,0,0.0,0.0,53282.15,53588.25,52783.45,53710.35,0,0.0,0.0,0.0,0.0,-0.01,-1,-1,-0.01,-1,-1,-0.01,-1,-1,-0.01,-1,-1,-0.01,-1,-1,-0.01,-1,-1,-0.01,-1,-1,-0.01,-1,-1,-0.01,-1,-1,-0.01,-1,-1
99926009,2026-05-18 13:56:42+05:30,53583.95,0,0.0,0,0.0,0.0,53282.15,53588.25,52783.45,53710.35,0,0.0,0.0,0.0,0.0,-0.01,-1,-1,-0.01,-1,-1,-0.01,-1,-1,-0.01,-1,-1,-0.01,-1,-1,-0.01,-1,-1,-0.01,-1,-1,-0.01,-1,-1,-0.01,-1,-1,-0.01,-1,-1
99926009,2026-05-18 13:56:42+05:30,53585.5,0,0.0,0,0.0,0.0,53282.15,53588.25,52783.45,53710.35,0,0.0,0.0,0.0,0.0,-0.01,-1,-1,-0.01,-1,-1,-0.01,-1,-1,-0.01,-1,-1,-0.01,-1,-1,-0.01,-1,-1,-0.01,-1,-1,-0.01,-1,-1,-0.01,-1,-1,-0.01,-1,-1
99926009,2026-05-18 13:56:43+05:30,53585.45,0,0.0,0,0.0,0.0,53282.15,53588.25,52783.45,53710.35,0,0.0,0.0,0.0,0.0,-0.01,-1,-1,-0.01,-1,-1,-0.01,-1,-1,-0.01,-1,-1,-0.01,-1,-1,-0.01,-1,-1,-0.01,-1,-1,-0.01,-1,-1,-0.01,-1,-1,-0.01,-1,-1
99926009,2026-05-18 13:56:43+05:30,53586.8,0,0.0,0,0.0,0.0,53282.15,53588.25,52783.45,53710.35,0,0.0,0.0,0.0,0.0,-0.01,-1,-1,-0.01,-1,-1,-0.01,-1,-1,-0.01,-1,-1,-0.01,-1,-1,-0.01,-1,-1,-0.01,-1,-1,-0.01,-1,-1,-0.01,-1,-1,-0.01,-1,-1
99926009,2026-05-18 13:56:44+05:30,53585.35,0,0.0,0,0.0,0.0,53282.15,53588.25,52783.45,53710.35,0,0.0,0.0,0.0,0.0,-0.01,-1,-1,-0.01,-1,-1,-0.01,-1,-1,-0.01,-1,-1,-0.01,-1,-1,-0.01,-1,-1,-0.01,-1,-1,-0.01,-1,-1,-0.01,-1,-1,-0.01,-1,-1
99926009,2026-05-18 13:56:44+05:30,53583.2,0,0.0,0,0.0,0.0,53282.15,53588.25,52783.45,53710.35,0,0.0,0.0,0.0,0.0,-0.01,-1,-1,-0.01,-1,-1,-0.01,-1,-1,-0.01,-1,-1,-0.01,-1,-1,-0.01,-1,-1,-0.01,-1,-1,-0.01,-1,-1,-0.01,-1,-1,-0.01,-1,-1
99926009,2026-05-18 13:56:45+05:30,53585.35,0,0.0,0,0.0,0.0,53282.15,53588.25,52783.45,53710.35,0,0.0,0.0,0.0,0.0,-0.01,-1,-1,-0.01,-1,-1,-0.01,-1,-1,-0.01,-1,-1,-0.01,-1,-1,-0.01,-1,-1,-0.01,-1,-1,-0.01,-1,-1,-0.01,-1,-1,-0.01,-1,-1
99926009,2026-05-18 13:56:45+05:30,53585.15,0,0.0,0,0.0,0.0,53282.15,53588.25,52783.45,53710.35,0,0.0,0.0,0.0,0.0,-0.01,-1,-1,-0.01,-1,-1,-0.01,-1,-1,-0.01,-1,-1,-0.01,-1,-1,-0.01,-1,-1,-0.01,-1,-1,-0.01,-1,-1,-0.01,-1,-1,-0.01,-1,-1
99926009,2026-05-18 13:56:46+05:30,53587.65,0,0.0,0,0.0,0.0,53282.15,53588.25,52783.45,53710.35,0,0.0,0.0,0.0,0.0,-0.01,-1,-1,-0.01,-1,-1,-0.01,-1,-1,-0.01,-1,-1,-0.01,-1,-1,-0.01,-1,-1,-0.01,-1,-1,-0.01,-1,-1,-0.01,-1,-1,-0.01,-1,-1
99926009,2026-05-18 13:56:46+05:30,53586.5,0,0.0,0,0.0,0.0,53282.15,53588.25,52783.45,53710.35,0,0.0,0.0,0.0,0.0,-0.01,-1,-1,-0.01,-1,-1,-0.01,-1,-1,-0.01,-1,-1,-0.01,-1,-1,-0.01,-1,-1,-0.01,-1,-1,-0.01,-1,-1,-0.01,-1,-1,-0.01,-1,-1
99926009,2026-05-18 13:56:47+05:30,53585.1,0,0.0,0,0.0,0.0,53282.15,53588.25,52783.45,53710.35,0,0.0,0.0,0.0,0.0,-0.01,-1,-1,-0.01,-1,-1,-0.01,-1,-1,-0.01,-1,-1,-0.01,-1,-1,-0.01,-1,-1,-0.01,-1,-1,-0.01,-1,-1,-0.01,-1,-1,-0.01,-1,-1
99926009,2026-05-18 13:56:47+05:30,53585.1,0,0.0,0,0.0,0.0,53282.15,53588.25,52783.45,53710.35,0,0.0,0.0,0.0,0.0,-0.01,-1,-1,-0.01,-1,-1,-0.01,-1,-1,-0.01,-1,-1,-0.01,-1,-1,-0.01,-1,-1,-0.01,-1,-1,-0.01,-1,-1,-0.01,-1,-1,-0.01,-1,-1
99926009,2026-05-18 13:56:48+05:30,53585.1,0,0.0,0,0.0,0.0,53282.15,53588.25,52783.45,53710.35,0,0.0,0.0,0.0,0.0,-0.01,-1,-1,-0.01,-1,-1,-0.01,-1,-1,-0.01,-1,-1,-0.01,-1,-1,-0.01,-1,-1,-0.01,-1,-1,-0.01,-1,-1,-0.01,-1,-1,-0.01,-1,-1
99926009,2026-05-18 13:56:48+05:30,53585.55,0,0.0,0,0.0,0.0,53282.15,53588.25,52783.45,53710.35,0,0.0,0.0,0.0,0.0,-0.01,-1,-1,-0.01,-1,-1,-0.01,-1,-1,-0.01,-1,-1,-0.01,-1,-1,-0.01,-1,-1,-0.01,-1,-1,-0.01,-1,-1,-0.01,-1,-1,-0.01,-1,-1
99926009,2026-05-18 13:56:49+05:30,53585.6,0,0.0,0,0.0,0.0,53282.15,53588.9,52783.45,53710.35,0,0.0,0.0,0.0,0.0,-0.01,-1,-1,-0.01,-1,-1,-0.01,-1,-1,-0.01,-1,-1,-0.01,-1,-1,-0.01,-1,-1,-0.01,-1,-1,-0.01,-1,-1,-0.01,-1,-1,-0.01,-1,-1
99926009,2026-05-18 13:56:49+05:30,53584.95,0,0.0,0,0.0,0.0,53282.15,53588.9,52783.45,53710.35,0,0.0,0.0,0.0,0.0,-0.01,-1,-1,-0.01,-1,-1,-0.01,-1,-1,-0.01,-1,-1,-0.01,-1,-1,-0.01,-1,-1,-0.01,-1,-1,-0.01,-1,-1,-0.01,-1,-1,-0.01,-1,-1
99926009,2026-05-18 13:56:50+05:30,53582.05,0,0.0,0,0.0,0.0,53282.15,53588.9,52783.45,53710.35,0,0.0,0.0,0.0,0.0,-0.01,-1,-1,-0.01,-1,-1,-0.01,-1,-1,-0.01,-1,-1,-0.01,-1,-1,-0.01,-1,-1,-0.01,-1,-1,-0.01,-1,-1,-0.01,-1,-1,-0.01,-1,-1
99926009,2026-05-18 13:56:50+05:30,53583.6,0,0.0,0,0.0,0.0,53282.15,53588.9,52783.45,53710.35,0,0.0,0.0,0.0,0.0,-0.01,-1,-1,-0.01,-1,-1,-0.01,-1,-1,-0.01,-1,-1,-0.01,-1,-1,-0.01,-1,-1,-0.01,-1,-1,-0.01,-1,-1,-0.01,-1,-1,-0.01,-1,-1
99926009,2026-05-18 13:56:51+05:30,53587.4,0,0.0,0,0.0,0.0,53282.15,53588.9,52783.45,53710.35,0,0.0,0.0,0.0,0.0,-0.01,-1,-1,-0.01,-1,-1,-0.01,-1,-1,-0.01,-1,-1,-0.01,-1,-1,-0.01,-1,-1,-0.01,-1,-1,-0.01,-1,-1,-0.01,-1,-1,-0.01,-1,-1
99926009,2026-05-18 13:56:51+05:30,53585.8,0,0.0,0,0.0,0.0,53282.15,53589.9,52783.45,53710.35,0,0.0,0.0,0.0,0.0,-0.01,-1,-1,-0.01,-1,-1,-0.01,-1,-1,-0.01,-1,-1,-0.01,-1,-1,-0.01,-1,-1,-0.01,-1,-1,-0.01,-1,-1,-0.01,-1,-1,-0.01,-1,-1
99926009,2026-05-18 13:56:52+05:30,53585.7,0,0.0,0,0.0,0.0,53282.15,53589.9,52783.45,53710.35,0,0.0,0.0,0.0,0.0,-0.01,-1,-1,-0.01,-1,-1,-0.01,-1,-1,-0.01,-1,-1,-0.01,-1,-1,-0.01,-1,-1,-0.01,-1,-1,-0.01,-1,-1,-0.01,-1,-1,-0.01,-1,-1
99926009,2026-05-18 13:56:52+05:30,53586.5,0,0.0,0,0.0,0.0,53282.15,53589.9,52783.45,53710.35,0,0.0,0.0,0.0,0.0,-0.01,-1,-1,-0.01,-1,-1,-0.01,-1,-1,-0.01,-1,-1,-0.01,-1,-1,-0.01,-1,-1,-0.01,-1,-1,-0.01,-1,-1,-0.01,-1,-1,-0.01,-1,-1
99926009,2026-05-18 13:56:53+05:30,53586.4,0,0.0,0,0.0,0.0,53282.15,53589.9,52783.45,53710.35,0,0.0,0.0,0.0,0.0,-0.01,-1,-1,-0.01,-1,-1,-0.01,-1,-1,-0.01,-1,-1,-0.01,-1,-1,-0.01,-1,-1,-0.01,-1,-1,-0.01,-1,-1,-0.01,-1,-1,-0.01,-1,-1
99926009,2026-05-18 13:56:53+05:30,53588.6,0,0.0,0,0.0,0.0,53282.15,53589.9,52783.45,53710.35,0,0.0,0.0,0.0,0.0,-0.01,-1,-1,-0.01,-1,-1,-0.01,-1,-1,-0.01,-1,-1,-0.01,-1,-1,-0.01,-1,-1,-0.01,-1,-1,-0.01,-1,-1,-0.01,-1,-1,-0.01,-1,-1
99926009,2026-05-18 13:56:54+05:30,53591.45,0,0.0,0,0.0,0.0,53282.15,53593.7,52783.45,53710.35,0,0.0,0.0,0.0,0.0,-0.01,-1,-1,-0.01,-1,-1,-0.01,-1,-1,-0.01,-1,-1,-0.01,-1,-1,-0.01,-1,-1,-0.01,-1,-1,-0.01,-1,-1,-0.01,-1,-1,-0.01,-1,-1
99926009,2026-05-18 13:56:54+05:30,53593.4,0,0.0,0,0.0,0.0,53282.15,53596.95,52783.45,53710.35,0,0.0,0.0,0.0,0.0,-0.01,-1,-1,-0.01,-1,-1,-0.01,-1,-1,-0.01,-1,-1,-0.01,-1,-1,-0.01,-1,-1,-0.01,-1,-1,-0.01,-1,-1,-0.01,-1,-1,-0.01,-1,-1
99926009,2026-05-18 13:56:55+05:30,53595.35,0,0.0,0,0.0,0.0,53282.15,53596.95,52783.45,53710.35,0,0.0,0.0,0.0,0.0,-0.01,-1,-1,-0.01,-1,-1,-0.01,-1,-1,-0.01,-1,-1,-0.01,-1,-1,-0.01,-1,-1,-0.01,-1,-1,-0.01,-1,-1,-0.01,-1,-1,-0.01,-1,-1
99926009,2026-05-18 13:56:55+05:30,53598.5,0,0.0,0,0.0,0.0,53282.15,53599.7,52783.45,53710.35,0,0.0,0.0,0.0,0.0,-0.01,-1,-1,-0.01,-1,-1,-0.01,-1,-1,-0.01,-1,-1,-0.01,-1,-1,-0.01,-1,-1,-0.01,-1,-1,-0.01,-1,-1,-0.01,-1,-1,-0.01,-1,-1
99926009,2026-05-18 13:56:56+05:30,53594.35,0,0.0,0,0.0,0.0,53282.15,53599.95,52783.45,53710.35,0,0.0,0.0,0.0,0.0,-0.01,-1,-1,-0.01,-1,-1,-0.01,-1,-1,-0.01,-1,-1,-0.01,-1,-1,-0.01,-1,-1,-0.01,-1,-1,-0.01,-1,-1,-0.01,-1,-1,-0.01,-1,-1
99926009,2026-05-18 13:56:56+05:30,53593.85,0,0.0,0,0.0,0.0,53282.15,53599.95,52783.45,53710.35,0,0.0,0.0,0.0,0.0,-0.01,-1,-1,-0.01,-1,-1,-0.01,-1,-1,-0.01,-1,-1,-0.01,-1,-1,-0.01,-1,-1,-0.01,-1,-1,-0.01,-1,-1,-0.01,-1,-1,-0.01,-1,-1
99926009,2026-05-18 13:56:57+05:30,53594.5,0,0.0,0,0.0,0.0,53282.15,53599.95,52783.45,53710.35,0,0.0,0.0,0.0,0.0,-0.01,-1,-1,-0.01,-1,-1,-0.01,-1,-1,-0.01,-1,-1,-0.01,-1,-1,-0.01,-1,-1,-0.01,-1,-1,-0.01,-1,-1,-0.01,-1,-1,-0.01,-1,-1
99926009,2026-05-18 13:56:57+05:30,53597.1,0,0.0,0,0.0,0.0,53282.15,53599.95,52783.45,53710.35,0,0.0,0.0,0.0,0.0,-0.01,-1,-1,-0.01,-1,-1,-0.01,-1,-1,-0.01,-1,-1,-0.01,-1,-1,-0.01,-1,-1,-0.01,-1,-1,-0.01,-1,-1,-0.01,-1,-1,-0.01,-1,-1
99926009,2026-05-18 13:56:58+05:30,53597.2,0,0.0,0,0.0,0.0,53282.15,53599.95,52783.45,53710.35,0,0.0,0.0,0.0,0.0,-0.01,-1,-1,-0.01,-1,-1,-0.01,-1,-1,-0.01,-1,-1,-0.01,-1,-1,-0.01,-1,-1,-0.01,-1,-1,-0.01,-1,-1,-0.01,-1,-1,-0.01,-1,-1
99926009,2026-05-18 13:56:58+05:30,53597.4,0,0.0,0,0.0,0.0,53282.15,53599.95,52783.45,53710.35,0,0.0,0.0,0.0,0.0,-0.01,-1,-1,-0.01,-1,-1,-0.01,-1,-1,-0.01,-1,-1,-0.01,-1,-1,-0.01,-1,-1,-0.01,-1,-1,-0.01,-1,-1,-0.01,-1,-1,-0.01,-1,-1
99926009,2026-05-18 13:56:59+05:30,53601.4,0,0.0,0,0.0,0.0,53282.15,53601.4,52783.45,53710.35,0,0.0,0.0,0.0,0.0,-0.01,-1,-1,-0.01,-1,-1,-0.01,-1,-1,-0.01,-1,-1,-0.01,-1,-1,-0.01,-1,-1,-0.01,-1,-1,-0.01,-1,-1,-0.01,-1,-1,-0.01,-1,-1
99926009,2026-05-18 13:56:59+05:30,53601.4,0,0.0,0,0.0,0.0,53282.15,53601.4,52783.45,53710.35,0,0.0,0.0,0.0,0.0,-0.01,-1,-1,-0.01,-1,-1,-0.01,-1,-1,-0.01,-1,-1,-0.01,-1,-1,-0.01,-1,-1,-0.01,-1,-1,-0.01,-1,-1,-0.01,-1,-1,-0.01,-1,-1
99926009,2026-05-18 13:57:00+05:30,53603.55,0,0.0,0,0.0,0.0,53282.15,53603.75,52783.45,53710.35,0,0.0,0.0,0.0,0.0,-0.01,-1,-1,-0.01,-1,-1,-0.01,-1,-1,-0.01,-1,-1,-0.01,-1,-1,-0.01,-1,-1,-0.01,-1,-1,-0.01,-1,-1,-0.01,-1,-1,-0.01,-1,-1
99926009,2026-05-18 13:57:00+05:30,53602.7,0,0.0,0,0.0,0.0,53282.15,53605.65,52783.45,53710.35,0,0.0,0.0,0.0,0.0,-0.01,-1,-1,-0.01,-1,-1,-0.01,-1,-1,-0.01,-1,-1,-0.01,-1,-1,-0.01,-1,-1,-0.01,-1,-1,-0.01,-1,-1,-0.01,-1,-1,-0.01,-1,-1
99926009,2026-05-18 13:57:01+05:30,53603.45,0,0.0,0,0.0,0.0,53282.15,53605.65,52783.45,53710.35,0,0.0,0.0,0.0,0.0,-0.01,-1,-1,-0.01,-1,-1,-0.01,-1,-1,-0.01,-1,-1,-0.01,-1,-1,-0.01,-1,-1,-0.01,-1,-1,-0.01,-1,-1,-0.01,-1,-1,-0.01,-1,-1
99926009,2026-05-18 13:57:01+05:30,53603.75,0,0.0,0,0.0,0.0,53282.15,53605.65,52783.45,53710.35,0,0.0,0.0,0.0,0.0,-0.01,-1,-1,-0.01,-1,-1,-0.01,-1,-1,-0.01,-1,-1,-0.01,-1,-1,-0.01,-1,-1,-0.01,-1,-1,-0.01,-1,-1,-0.01,-1,-1,-0.01,-1,-1
99926009,2026-05-18 13:57:02+05:30,53601.75,0,0.0,0,0.0,0.0,53282.15,53605.65,52783.45,53710.35,0,0.0,0.0,0.0,0.0,-0.01,-1,-1,-0.01,-1,-1,-0.01,-1,-1,-0.01,-1,-1,-0.01,-1,-1,-0.01,-1,-1,-0.01,-1,-1,-0.01,-1,-1,-0.01,-1,-1,-0.01,-1,-1
99926009,2026-05-18 13:57:02+05:30,53600.25,0,0.0,0,0.0,0.0,53282.15,53605.65,52783.45,53710.35,0,0.0,0.0,0.0,0.0,-0.01,-1,-1,-0.01,-1,-1,-0.01,-1,-1,-0.01,-1,-1,-0.01,-1,-1,-0.01,-1,-1,-0.01,-1,-1,-0.01,-1,-1,-0.01,-1,-1,-0.01,-1,-1
99926009,2026-05-18 13:57:03+05:30,53600.8,0,0.0,0,0.0,0.0,53282.15,53605.65,52783.45,53710.35,0,0.0,0.0,0.0,0.0,-0.01,-1,-1,-0.01,-1,-1,-0.01,-1,-1,-0.01,-1,-1,-0.01,-1,-1,-0.01,-1,-1,-0.01,-1,-1,-0.01,-1,-1,-0.01,-1,-1,-0.01,-1,-1
99926009,2026-05-18 13:57:03+05:30,53600.7,0,0.0,0,0.0,0.0,53282.15,53605.65,52783.45,53710.35,0,0.0,0.0,0.0,0.0,-0.01,-1,-1,-0.01,-1,-1,-0.01,-1,-1,-0.01,-1,-1,-0.01,-1,-1,-0.01,-1,-1,-0.01,-1,-1,-0.01,-1,-1,-0.01,-1,-1,-0.01,-1,-1
99926009,2026-05-18 13:57:04+05:30,53600.1,0,0.0,0,0.0,0.0,53282.15,53605.65,52783.45,53710.35,0,0.0,0.0,0.0,0.0,-0.01,-1,-1,-0.01,-1,-1,-0.01,-1,-1,-0.01,-1,-1,-0.01,-1,-1,-0.01,-1,-1,-0.01,-1,-1,-0.01,-1,-1,-0.01,-1,-1,-0.01,-1,-1
99926009,2026-05-18 13:57:04+05:30,53601.6,0,0.0,0,0.0,0.0,53282.15,53605.65,52783.45,53710.35,0,0.0,0.0,0.0,0.0,-0.01,-1,-1,-0.01,-1,-1,-0.01,-1,-1,-0.01,-1,-1,-0.01,-1,-1,-0.01,-1,-1,-0.01,-1,-1,-0.01,-1,-1,-0.01,-1,-1,-0.01,-1,-1
99926009,2026-05-18 13:57:05+05:30,53600.65,0,0.0,0,0.0,0.0,53282.15,53605.65,52783.45,53710.35,0,0.0,0.0,0.0,0.0,-0.01,-1,-1,-0.01,-1,-1,-0.01,-1,-1,-0.01,-1,-1,-0.01,-1,-1,-0.01,-1,-1,-0.01,-1,-1,-0.01,-1,-1,-0.01,-1,-1,-0.01,-1,-1
99926009,2026-05-18 13:57:05+05:30,53601.0,0,0.0,0,0.0,0.0,53282.15,53605.65,52783.45,53710.35,0,0.0,0.0,0.0,0.0,-0.01,-1,-1,-0.01,-1,-1,-0.01,-1,-1,-0.01,-1,-1,-0.01,-1,-1,-0.01,-1,-1,-0.01,-1,-1,-0.01,-1,-1,-0.01,-1,-1,-0.01,-1,-1
99926009,2026-05-18 13:57:06+05:30,53601.85,0,0.0,0,0.0,0.0,53282.15,53605.65,52783.45,53710.35,0,0.0,0.0,0.0,0.0,-0.01,-1,-1,-0.01,-1,-1,-0.01,-1,-1,-0.01,-1,-1,-0.01,-1,-1,-0.01,-1,-1,-0.01,-1,-1,-0.01,-1,-1,-0.01,-1,-1,-0.01,-1,-1
99926009,2026-05-18 13:57:06+05:30,53602.7,0,0.0,0,0.0,0.0,53282.15,53605.65,52783.45,53710.35,0,0.0,0.0,0.0,0.0,-0.01,-1,-1,-0.01,-1,-1,-0.01,-1,-1,-0.01,-1,-1,-0.01,-1,-1,-0.01,-1,-1,-0.01,-1,-1,-0.01,-1,-1,-0.01,-1,-1,-0.01,-1,-1
99926009,2026-05-18 13:57:07+05:30,53602.1,0,0.0,0,0.0,0.0,53282.15,53605.65,52783.45,53710.35,0,0.0,0.0,0.0,0.0,-0.01,-1,-1,-0.01,-1,-1,-0.01,-1,-1,-0.01,-1,-1,-0.01,-1,-1,-0.01,-1,-1,-0.01,-1,-1,-0.01,-1,-1,-0.01,-1,-1,-0.01,-1,-1
99926009,2026-05-18 13:57:07+05:30,53600.0,0,0.0,0,0.0,0.0,53282.15,53605.65,52783.45,53710.35,0,0.0,0.0,0.0,0.0,-0.01,-1,-1,-0.01,-1,-1,-0.01,-1,-1,-0.01,-1,-1,-0.01,-1,-1,-0.01,-1,-1,-0.01,-1,-1,-0.01,-1,-1,-0.01,-1,-1,-0.01,-1,-1
99926009,2026-05-18 13:57:08+05:30,53598.95,0,0.0,0,0.0,0.0,53282.15,53605.65,52783.45,53710.35,0,0.0,0.0,0.0,0.0,-0.01,-1,-1,-0.01,-1,-1,-0.01,-1,-1,-0.01,-1,-1,-0.01,-1,-1,-0.01,-1,-1,-0.01,-1,-1,-0.01,-1,-1,-0.01,-1,-1,-0.01,-1,-1
99926009,2026-05-18 13:57:08+05:30,53600.4,0,0.0,0,0.0,0.0,53282.15,53605.65,52783.45,53710.35,0,0.0,0.0,0.0,0.0,-0.01,-1,-1,-0.01,-1,-1,-0.01,-1,-1,-0.01,-1,-1,-0.01,-1,-1,-0.01,-1,-1,-0.01,-1,-1,-0.01,-1,-1,-0.01,-1,-1,-0.01,-1,-1
99926009,2026-05-18 13:57:09+05:30,53602.0,0,0.0,0,0.0,0.0,53282.15,53605.65,52783.45,53710.35,0,0.0,0.0,0.0,0.0,-0.01,-1,-1,-0.01,-1,-1,-0.01,-1,-1,-0.01,-1,-1,-0.01,-1,-1,-0.01,-1,-1,-0.01,-1,-1,-0.01,-1,-1,-0.01,-1,-1,-0.01,-1,-1
99926009,2026-05-18 13:57:09+05:30,53603.1,0,0.0,0,0.0,0.0,53282.15,53605.65,52783.45,53710.35,0,0.0,0.0,0.0,0.0,-0.01,-1,-1,-0.01,-1,-1,-0.01,-1,-1,-0.01,-1,-1,-0.01,-1,-1,-0.01,-1,-1,-0.01,-1,-1,-0.01,-1,-1,-0.01,-1,-1,-0.01,-1,-1
99926009,2026-05-18 13:57:10+05:30,53603.2,0,0.0,0,0.0,0.0,53282.15,53605.65,52783.45,53710.35,0,0.0,0.0,0.0,0.0,-0.01,-1,-1,-0.01,-1,-1,-0.01,-1,-1,-0.01,-1,-1,-0.01,-1,-1,-0.01,-1,-1,-0.01,-1,-1,-0.01,-1,-1,-0.01,-1,-1,-0.01,-1,-1
99926009,2026-05-18 13:57:10+05:30,53603.7,0,0.0,0,0.0,0.0,53282.15,53605.65,52783.45,53710.35,0,0.0,0.0,0.0,0.0,-0.01,-1,-1,-0.01,-1,-1,-0.01,-1,-1,-0.01,-1,-1,-0.01,-1,-1,-0.01,-1,-1,-0.01,-1,-1,-0.01,-1,-1,-0.01,-1,-1,-0.01,-1,-1
99926009,2026-05-18 13:57:11+05:30,53603.75,0,0.0,0,0.0,0.0,53282.15,53605.65,52783.45,53710.35,0,0.0,0.0,0.0,0.0,-0.01,-1,-1,-0.01,-1,-1,-0.01,-1,-1,-0.01,-1,-1,-0.01,-1,-1,-0.01,-1,-1,-0.01,-1,-1,-0.01,-1,-1,-0.01,-1,-1,-0.01,-1,-1
99926009,2026-05-18 13:57:11+05:30,53603.7,0,0.0,0,0.0,0.0,53282.15,53605.65,52783.45,53710.35,0,0.0,0.0,0.0,0.0,-0.01,-1,-1,-0.01,-1,-1,-0.01,-1,-1,-0.01,-1,-1,-0.01,-1,-1,-0.01,-1,-1,-0.01,-1,-1,-0.01,-1,-1,-0.01,-1,-1,-0.01,-1,-1
99926009,2026-05-18 13:57:12+05:30,53602.9,0,0.0,0,0.0,0.0,53282.15,53605.65,52783.45,53710.35,0,0.0,0.0,0.0,0.0,-0.01,-1,-1,-0.01,-1,-1,-0.01,-1,-1,-0.01,-1,-1,-0.01,-1,-1,-0.01,-1,-1,-0.01,-1,-1,-0.01,-1,-1,-0.01,-1,-1,-0.01,-1,-1
99926009,2026-05-18 13:57:12+05:30,53602.0,0,0.0,0,0.0,0.0,53282.15,53605.65,52783.45,53710.35,0,0.0,0.0,0.0,0.0,-0.01,-1,-1,-0.01,-1,-1,-0.01,-1,-1,-0.01,-1,-1,-0.01,-1,-1,-0.01,-1,-1,-0.01,-1,-1,-0.01,-1,-1,-0.01,-1,-1,-0.01,-1,-1
99926009,2026-05-18 13:57:13+05:30,53603.65,0,0.0,0,0.0,0.0,53282.15,53605.65,52783.45,53710.35,0,0.0,0.0,0.0,0.0,-0.01,-1,-1,-0.01,-1,-1,-0.01,-1,-1,-0.01,-1,-1,-0.01,-1,-1,-0.01,-1,-1,-0.01,-1,-1,-0.01,-1,-1,-0.01,-1,-1,-0.01,-1,-1
99926009,2026-05-18 13:57:13+05:30,53603.0,0,0.0,0,0.0,0.0,53282.15,53605.65,52783.45,53710.35,0,0.0,0.0,0.0,0.0,-0.01,-1,-1,-0.01,-1,-1,-0.01,-1,-1,-0.01,-1,-1,-0.01,-1,-1,-0.01,-1,-1,-0.01,-1,-1,-0.01,-1,-1,-0.01,-1,-1,-0.01,-1,-1
99926009,2026-05-18 13:57:14+05:30,53604.35,0,0.0,0,0.0,0.0,53282.15,53605.65,52783.45,53710.35,0,0.0,0.0,0.0,0.0,-0.01,-1,-1,-0.01,-1,-1,-0.01,-1,-1,-0.01,-1,-1,-0.01,-1,-1,-0.01,-1,-1,-0.01,-1,-1,-0.01,-1,-1,-0.01,-1,-1,-0.01,-1,-1
99926009,2026-05-18 13:57:14+05:30,53604.2,0,0.0,0,0.0,0.0,53282.15,53605.65,52783.45,53710.35,0,0.0,0.0,0.0,0.0,-0.01,-1,-1,-0.01,-1,-1,-0.01,-1,-1,-0.01,-1,-1,-0.01,-1,-1,-0.01,-1,-1,-0.01,-1,-1,-0.01,-1,-1,-0.01,-1,-1,-0.01,-1,-1
99926009,2026-05-18 13:57:15+05:30,53605.15,0,0.0,0,0.0,0.0,53282.15,53605.65,52783.45,53710.35,0,0.0,0.0,0.0,0.0,-0.01,-1,-1,-0.01,-1,-1,-0.01,-1,-1,-0.01,-1,-1,-0.01,-1,-1,-0.01,-1,-1,-0.01,-1,-1,-0.01,-1,-1,-0.01,-1,-1,-0.01,-1,-1
99926009,2026-05-18 13:57:15+05:30,53604.4,0,0.0,0,0.0,0.0,53282.15,53605.65,52783.45,53710.35,0,0.0,0.0,0.0,0.0,-0.01,-1,-1,-0.01,-1,-1,-0.01,-1,-1,-0.01,-1,-1,-0.01,-1,-1,-0.01,-1,-1,-0.01,-1,-1,-0.01,-1,-1,-0.01,-1,-1,-0.01,-1,-1
99926009,2026-05-18 13:57:16+05:30,53605.6,0,0.0,0,0.0,0.0,53282.15,53606.25,52783.45,53710.35,0,0.0,0.0,0.0,0.0,-0.01,-1,-1,-0.01,-1,-1,-0.01,-1,-1,-0.01,-1,-1,-0.01,-1,-1,-0.01,-1,-1,-0.01,-1,-1,-0.01,-1,-1,-0.01,-1,-1,-0.01,-1,-1
99926009,2026-05-18 13:57:16+05:30,53606.25,0,0.0,0,0.0,0.0,53282.15,53606.25,52783.45,53710.35,0,0.0,0.0,0.0,0.0,-0.01,-1,-1,-0.01,-1,-1,-0.01,-1,-1,-0.01,-1,-1,-0.01,-1,-1,-0.01,-1,-1,-0.01,-1,-1,-0.01,-1,-1,-0.01,-1,-1,-0.01,-1,-1
99926009,2026-05-18 13:57:17+05:30,53604.55,0,0.0,0,0.0,0.0,53282.15,53606.25,52783.45,53710.35,0,0.0,0.0,0.0,0.0,-0.01,-1,-1,-0.01,-1,-1,-0.01,-1,-1,-0.01,-1,-1,-0.01,-1,-1,-0.01,-1,-1,-0.01,-1,-1,-0.01,-1,-1,-0.01,-1,-1,-0.01,-1,-1
99926009,2026-05-18 13:57:17+05:30,53604.65,0,0.0,0,0.0,0.0,53282.15,53606.25,52783.45,53710.35,0,0.0,0.0,0.0,0.0,-0.01,-1,-1,-0.01,-1,-1,-0.01,-1,-1,-0.01,-1,-1,-0.01,-1,-1,-0.01,-1,-1,-0.01,-1,-1,-0.01,-1,-1,-0.01,-1,-1,-0.01,-1,-1
99926009,2026-05-18 13:57:18+05:30,53604.1,0,0.0,0,0.0,0.0,53282.15,53606.25,52783.45,53710.35,0,0.0,0.0,0.0,0.0,-0.01,-1,-1,-0.01,-1,-1,-0.01,-1,-1,-0.01,-1,-1,-0.01,-1,-1,-0.01,-1,-1,-0.01,-1,-1,-0.01,-1,-1,-0.01,-1,-1,-0.01,-1,-1
99926009,2026-05-18 13:57:18+05:30,53603.25,0,0.0,0,0.0,0.0,53282.15,53606.25,52783.45,53710.35,0,0.0,0.0,0.0,0.0,-0.01,-1,-1,-0.01,-1,-1,-0.01,-1,-1,-0.01,-1,-1,-0.01,-1,-1,-0.01,-1,-1,-0.01,-1,-1,-0.01,-1,-1,-0.01,-1,-1,-0.01,-1,-1
99926009,2026-05-18 13:57:19+05:30,53603.3,0,0.0,0,0.0,0.0,53282.15,53606.25,52783.45,53710.35,0,0.0,0.0,0.0,0.0,-0.01,-1,-1,-0.01,-1,-1,-0.01,-1,-1,-0.01,-1,-1,-0.01,-1,-1,-0.01,-1,-1,-0.01,-1,-1,-0.01,-1,-1,-0.01,-1,-1,-0.01,-1,-1
99926009,2026-05-18 13:57:19+05:30,53604.9,0,0.0,0,0.0,0.0,53282.15,53606.45,52783.45,53710.35,0,0.0,0.0,0.0,0.0,-0.01,-1,-1,-0.01,-1,-1,-0.01,-1,-1,-0.01,-1,-1,-0.01,-1,-1,-0.01,-1,-1,-0.01,-1,-1,-0.01,-1,-1,-0.01,-1,-1,-0.01,-1,-1
99926009,2026-05-18 13:57:20+05:30,53604.15,0,0.0,0,0.0,0.0,53282.15,53606.45,52783.45,53710.35,0,0.0,0.0,0.0,0.0,-0.01,-1,-1,-0.01,-1,-1,-0.01,-1,-1,-0.01,-1,-1,-0.01,-1,-1,-0.01,-1,-1,-0.01,-1,-1,-0.01,-1,-1,-0.01,-1,-1,-0.01,-1,-1
99926009,2026-05-18 13:57:20+05:30,53601.95,0,0.0,0,0.0,0.0,53282.15,53606.45,52783.45,53710.35,0,0.0,0.0,0.0,0.0,-0.01,-1,-1,-0.01,-1,-1,-0.01,-1,-1,-0.01,-1,-1,-0.01,-1,-1,-0.01,-1,-1,-0.01,-1,-1,-0.01,-1,-1,-0.01,-1,-1,-0.01,-1,-1
99926009,2026-05-18 13:57:21+05:30,53602.0,0,0.0,0,0.0,0.0,53282.15,53606.45,52783.45,53710.35,0,0.0,0.0,0.0,0.0,-0.01,-1,-1,-0.01,-1,-1,-0.01,-1,-1,-0.01,-1,-1,-0.01,-1,-1,-0.01,-1,-1,-0.01,-1,-1,-0.01,-1,-1,-0.01,-1,-1,-0.01,-1,-1
99926009,2026-05-18 13:57:21+05:30,53605.95,0,0.0,0,0.0,0.0,53282.15,53606.45,52783.45,53710.35,0,0.0,0.0,0.0,0.0,-0.01,-1,-1,-0.01,-1,-1,-0.01,-1,-1,-0.01,-1,-1,-0.01,-1,-1,-0.01,-1,-1,-0.01,-1,-1,-0.01,-1,-1,-0.01,-1,-1,-0.01,-1,-1
99926009,2026-05-18 13:57:22+05:30,53606.25,0,0.0,0,0.0,0.0,53282.15,53606.45,52783.45,53710.35,0,0.0,0.0,0.0,0.0,-0.01,-1,-1,-0.01,-1,-1,-0.01,-1,-1,-0.01,-1,-1,-0.01,-1,-1,-0.01,-1,-1,-0.01,-1,-1,-0.01,-1,-1,-0.01,-1,-1,-0.01,-1,-1
99926009,2026-05-18 13:57:22+05:30,53605.75,0,0.0,0,0.0,0.0,53282.15,53606.45,52783.45,53710.35,0,0.0,0.0,0.0,0.0,-0.01,-1,-1,-0.01,-1,-1,-0.01,-1,-1,-0.01,-1,-1,-0.01,-1,-1,-0.01,-1,-1,-0.01,-1,-1,-0.01,-1,-1,-0.01,-1,-1,-0.01,-1,-1
99926009,2026-05-18 13:57:23+05:30,53605.45,0,0.0,0,0.0,0.0,53282.15,53606.45,52783.45,53710.35,0,0.0,0.0,0.0,0.0,-0.01,-1,-1,-0.01,-1,-1,-0.01,-1,-1,-0.01,-1,-1,-0.01,-1,-1,-0.01,-1,-1,-0.01,-1,-1,-0.01,-1,-1,-0.01,-1,-1,-0.01,-1,-1
99926009,2026-05-18 13:57:23+05:30,53603.45,0,0.0,0,0.0,0.0,53282.15,53606.45,52783.45,53710.35,0,0.0,0.0,0.0,0.0,-0.01,-1,-1,-0.01,-1,-1,-0.01,-1,-1,-0.01,-1,-1,-0.01,-1,-1,-0.01,-1,-1,-0.01,-1,-1,-0.01,-1,-1,-0.01,-1,-1,-0.01,-1,-1
99926009,2026-05-18 13:57:24+05:30,53605.85,0,0.0,0,0.0,0.0,53282.15,53607.9,52783.45,53710.35,0,0.0,0.0,0.0,0.0,-0.01,-1,-1,-0.01,-1,-1,-0.01,-1,-1,-0.01,-1,-1,-0.01,-1,-1,-0.01,-1,-1,-0.01,-1,-1,-0.01,-1,-1,-0.01,-1,-1,-0.01,-1,-1
99926009,2026-05-18 13:57:24+05:30,53604.25,0,0.0,0,0.0,0.0,53282.15,53607.9,52783.45,53710.35,0,0.0,0.0,0.0,0.0,-0.01,-1,-1,-0.01,-1,-1,-0.01,-1,-1,-0.01,-1,-1,-0.01,-1,-1,-0.01,-1,-1,-0.01,-1,-1,-0.01,-1,-1,-0.01,-1,-1,-0.01,-1,-1
99926009,2026-05-18 13:57:25+05:30,53606.0,0,0.0,0,0.0,0.0,53282.15,53607.9,52783.45,53710.35,0,0.0,0.0,0.0,0.0,-0.01,-1,-1,-0.01,-1,-1,-0.01,-1,-1,-0.01,-1,-1,-0.01,-1,-1,-0.01,-1,-1,-0.01,-1,-1,-0.01,-1,-1,-0.01,-1,-1,-0.01,-1,-1
99926009,2026-05-18 13:57:25+05:30,53606.15,0,0.0,0,0.0,0.0,53282.15,53607.9,52783.45,53710.35,0,0.0,0.0,0.0,0.0,-0.01,-1,-1,-0.01,-1,-1,-0.01,-1,-1,-0.01,-1,-1,-0.01,-1,-1,-0.01,-1,-1,-0.01,-1,-1,-0.01,-1,-1,-0.01,-1,-1,-0.01,-1,-1
99926009,2026-05-18 13:57:26+05:30,53604.35,0,0.0,0,0.0,0.0,53282.15,53607.9,52783.45,53710.35,0,0.0,0.0,0.0,0.0,-0.01,-1,-1,-0.01,-1,-1,-0.01,-1,-1,-0.01,-1,-1,-0.01,-1,-1,-0.01,-1,-1,-0.01,-1,-1,-0.01,-1,-1,-0.01,-1,-1,-0.01,-1,-1
99926009,2026-05-18 13:57:26+05:30,53604.45,0,0.0,0,0.0,0.0,53282.15,53607.9,52783.45,53710.35,0,0.0,0.0,0.0,0.0,-0.01,-1,-1,-0.01,-1,-1,-0.01,-1,-1,-0.01,-1,-1,-0.01,-1,-1,-0.01,-1,-1,-0.01,-1,-1,-0.01,-1,-1,-0.01,-1,-1,-0.01,-1,-1
99926009,2026-05-18 13:57:27+05:30,53605.5,0,0.0,0,0.0,0.0,53282.15,53608.65,52783.45,53710.35,0,0.0,0.0,0.0,0.0,-0.01,-1,-1,-0.01,-1,-1,-0.01,-1,-1,-0.01,-1,-1,-0.01,-1,-1,-0.01,-1,-1,-0.01,-1,-1,-0.01,-1,-1,-0.01,-1,-1,-0.01,-1,-1
99926009,2026-05-18 13:57:27+05:30,53606.3,0,0.0,0,0.0,0.0,53282.15,53608.65,52783.45,53710.35,0,0.0,0.0,0.0,0.0,-0.01,-1,-1,-0.01,-1,-1,-0.01,-1,-1,-0.01,-1,-1,-0.01,-1,-1,-0.01,-1,-1,-0.01,-1,-1,-0.01,-1,-1,-0.01,-1,-1,-0.01,-1,-1
99926009,2026-05-18 13:57:28+05:30,53612.6,0,0.0,0,0.0,0.0,53282.15,53613.0,52783.45,53710.35,0,0.0,0.0,0.0,0.0,-0.01,-1,-1,-0.01,-1,-1,-0.01,-1,-1,-0.01,-1,-1,-0.01,-1,-1,-0.01,-1,-1,-0.01,-1,-1,-0.01,-1,-1,-0.01,-1,-1,-0.01,-1,-1
99926009,2026-05-18 13:57:28+05:30,53609.3,0,0.0,0,0.0,0.0,53282.15,53613.0,52783.45,53710.35,0,0.0,0.0,0.0,0.0,-0.01,-1,-1,-0.01,-1,-1,-0.01,-1,-1,-0.01,-1,-1,-0.01,-1,-1,-0.01,-1,-1,-0.01,-1,-1,-0.01,-1,-1,-0.01,-1,-1,-0.01,-1,-1
99926009,2026-05-18 13:57:29+05:30,53607.15,0,0.0,0,0.0,0.0,53282.15,53613.0,52783.45,53710.35,0,0.0,0.0,0.0,0.0,-0.01,-1,-1,-0.01,-1,-1,-0.01,-1,-1,-0.01,-1,-1,-0.01,-1,-1,-0.01,-1,-1,-0.01,-1,-1,-0.01,-1,-1,-0.01,-1,-1,-0.01,-1,-1
99926009,2026-05-18 13:57:29+05:30,53607.95,0,0.0,0,0.0,0.0,53282.15,53613.0,52783.45,53710.35,0,0.0,0.0,0.0,0.0,-0.01,-1,-1,-0.01,-1,-1,-0.01,-1,-1,-0.01,-1,-1,-0.01,-1,-1,-0.01,-1,-1,-0.01,-1,-1,-0.01,-1,-1,-0.01,-1,-1,-0.01,-1,-1
99926009,2026-05-18 13:57:30+05:30,53606.8,0,0.0,0,0.0,0.0,53282.15,53613.0,52783.45,53710.35,0,0.0,0.0,0.0,0.0,-0.01,-1,-1,-0.01,-1,-1,-0.01,-1,-1,-0.01,-1,-1,-0.01,-1,-1,-0.01,-1,-1,-0.01,-1,-1,-0.01,-1,-1,-0.01,-1,-1,-0.01,-1,-1
99926009,2026-05-18 13:57:30+05:30,53606.95,0,0.0,0,0.0,0.0,53282.15,53613.0,52783.45,53710.35,0,0.0,0.0,0.0,0.0,-0.01,-1,-1,-0.01,-1,-1,-0.01,-1,-1,-0.01,-1,-1,-0.01,-1,-1,-0.01,-1,-1,-0.01,-1,-1,-0.01,-1,-1,-0.01,-1,-1,-0.01,-1,-1
99926009,2026-05-18 13:57:31+05:30,53607.05,0,0.0,0,0.0,0.0,53282.15,53613.0,52783.45,53710.35,0,0.0,0.0,0.0,0.0,-0.01,-1,-1,-0.01,-1,-1,-0.01,-1,-1,-0.01,-1,-1,-0.01,-1,-1,-0.01,-1,-1,-0.01,-1,-1,-0.01,-1,-1,-0.01,-1,-1,-0.01,-1,-1
99926009,2026-05-18 13:57:31+05:30,53605.8,0,0.0,0,0.0,0.0,53282.15,53613.0,52783.45,53710.35,0,0.0,0.0,0.0,0.0,-0.01,-1,-1,-0.01,-1,-1,-0.01,-1,-1,-0.01,-1,-1,-0.01,-1,-1,-0.01,-1,-1,-0.01,-1,-1,-0.01,-1,-1,-0.01,-1,-1,-0.01,-1,-1
99926009,2026-05-18 13:57:32+05:30,53608.4,0,0.0,0,0.0,0.0,53282.15,53613.0,52783.45,53710.35,0,0.0,0.0,0.0,0.0,-0.01,-1,-1,-0.01,-1,-1,-0.01,-1,-1,-0.01,-1,-1,-0.01,-1,-1,-0.01,-1,-1,-0.01,-1,-1,-0.01,-1,-1,-0.01,-1,-1,-0.01,-1,-1
99926009,2026-05-18 13:57:32+05:30,53605.75,0,0.0,0,0.0,0.0,53282.15,53613.0,52783.45,53710.35,0,0.0,0.0,0.0,0.0,-0.01,-1,-1,-0.01,-1,-1,-0.01,-1,-1,-0.01,-1,-1,-0.01,-1,-1,-0.01,-1,-1,-0.01,-1,-1,-0.01,-1,-1,-0.01,-1,-1,-0.01,-1,-1
99926009,2026-05-18 13:57:33+05:30,53604.5,0,0.0,0,0.0,0.0,53282.15,53613.0,52783.45,53710.35,0,0.0,0.0,0.0,0.0,-0.01,-1,-1,-0.01,-1,-1,-0.01,-1,-1,-0.01,-1,-1,-0.01,-1,-1,-0.01,-1,-1,-0.01,-1,-1,-0.01,-1,-1,-0.01,-1,-1,-0.01,-1,-1
99926009,2026-05-18 13:57:33+05:30,53605.8,0,0.0,0,0.0,0.0,53282.15,53613.0,52783.45,53710.35,0,0.0,0.0,0.0,0.0,-0.01,-1,-1,-0.01,-1,-1,-0.01,-1,-1,-0.01,-1,-1,-0.01,-1,-1,-0.01,-1,-1,-0.01,-1,-1,-0.01,-1,-1,-0.01,-1,-1,-0.01,-1,-1
99926009,2026-05-18 13:57:34+05:30,53610.85,0,0.0,0,0.0,0.0,53282.15,53613.0,52783.45,53710.35,0,0.0,0.0,0.0,0.0,-0.01,-1,-1,-0.01,-1,-1,-0.01,-1,-1,-0.01,-1,-1,-0.01,-1,-1,-0.01,-1,-1,-0.01,-1,-1,-0.01,-1,-1,-0.01,-1,-1,-0.01,-1,-1
99926009,2026-05-18 13:57:34+05:30,53607.2,0,0.0,0,0.0,0.0,53282.15,53613.0,52783.45,53710.35,0,0.0,0.0,0.0,0.0,-0.01,-1,-1,-0.01,-1,-1,-0.01,-1,-1,-0.01,-1,-1,-0.01,-1,-1,-0.01,-1,-1,-0.01,-1,-1,-0.01,-1,-1,-0.01,-1,-1,-0.01,-1,-1
99926009,2026-05-18 13:57:35+05:30,53610.0,0,0.0,0,0.0,0.0,53282.15,53613.05,52783.45,53710.35,0,0.0,0.0,0.0,0.0,-0.01,-1,-1,-0.01,-1,-1,-0.01,-1,-1,-0.01,-1,-1,-0.01,-1,-1,-0.01,-1,-1,-0.01,-1,-1,-0.01,-1,-1,-0.01,-1,-1,-0.01,-1,-1
99926009,2026-05-18 13:57:35+05:30,53608.05,0,0.0,0,0.0,0.0,53282.15,53613.05,52783.45,53710.35,0,0.0,0.0,0.0,0.0,-0.01,-1,-1,-0.01,-1,-1,-0.01,-1,-1,-0.01,-1,-1,-0.01,-1,-1,-0.01,-1,-1,-0.01,-1,-1,-0.01,-1,-1,-0.01,-1,-1,-0.01,-1,-1
99926009,2026-05-18 13:57:36+05:30,53608.15,0,0.0,0,0.0,0.0,53282.15,53613.05,52783.45,53710.35,0,0.0,0.0,0.0,0.0,-0.01,-1,-1,-0.01,-1,-1,-0.01,-1,-1,-0.01,-1,-1,-0.01,-1,-1,-0.01,-1,-1,-0.01,-1,-1,-0.01,-1,-1,-0.01,-1,-1,-0.01,-1,-1
99926009,2026-05-18 13:57:36+05:30,53607.5,0,0.0,0,0.0,0.0,53282.15,53613.05,52783.45,53710.35,0,0.0,0.0,0.0,0.0,-0.01,-1,-1,-0.01,-1,-1,-0.01,-1,-1,-0.01,-1,-1,-0.01,-1,-1,-0.01,-1,-1,-0.01,-1,-1,-0.01,-1,-1,-0.01,-1,-1,-0.01,-1,-1
99926009,2026-05-18 13:57:37+05:30,53610.1,0,0.0,0,0.0,0.0,53282.15,53613.05,52783.45,53710.35,0,0.0,0.0,0.0,0.0,-0.01,-1,-1,-0.01,-1,-1,-0.01,-1,-1,-0.01,-1,-1,-0.01,-1,-1,-0.01,-1,-1,-0.01,-1,-1,-0.01,-1,-1,-0.01,-1,-1,-0.01,-1,-1
99926009,2026-05-18 13:57:37+05:30,53606.25,0,0.0,0,0.0,0.0,53282.15,53613.05,52783.45,53710.35,0,0.0,0.0,0.0,0.0,-0.01,-1,-1,-0.01,-1,-1,-0.01,-1,-1,-0.01,-1,-1,-0.01,-1,-1,-0.01,-1,-1,-0.01,-1,-1,-0.01,-1,-1,-0.01,-1,-1,-0.01,-1,-1
99926009,2026-05-18 13:57:38+05:30,53606.75,0,0.0,0,0.0,0.0,53282.15,53613.05,52783.45,53710.35,0,0.0,0.0,0.0,0.0,-0.01,-1,-1,-0.01,-1,-1,-0.01,-1,-1,-0.01,-1,-1,-0.01,-1,-1,-0.01,-1,-1,-0.01,-1,-1,-0.01,-1,-1,-0.01,-1,-1,-0.01,-1,-1
99926009,2026-05-18 13:57:38+05:30,53597.6,0,0.0,0,0.0,0.0,53282.15,53613.05,52783.45,53710.35,0,0.0,0.0,0.0,0.0,-0.01,-1,-1,-0.01,-1,-1,-0.01,-1,-1,-0.01,-1,-1,-0.01,-1,-1,-0.01,-1,-1,-0.01,-1,-1,-0.01,-1,-1,-0.01,-1,-1,-0.01,-1,-1
99926009,2026-05-18 13:57:39+05:30,53602.75,0,0.0,0,0.0,0.0,53282.15,53613.05,52783.45,53710.35,0,0.0,0.0,0.0,0.0,-0.01,-1,-1,-0.01,-1,-1,-0.01,-1,-1,-0.01,-1,-1,-0.01,-1,-1,-0.01,-1,-1,-0.01,-1,-1,-0.01,-1,-1,-0.01,-1,-1,-0.01,-1,-1
99926009,2026-05-18 13:57:39+05:30,53601.35,0,0.0,0,0.0,0.0,53282.15,53613.05,52783.45,53710.35,0,0.0,0.0,0.0,0.0,-0.01,-1,-1,-0.01,-1,-1,-0.01,-1,-1,-0.01,-1,-1,-0.01,-1,-1,-0.01,-1,-1,-0.01,-1,-1,-0.01,-1,-1,-0.01,-1,-1,-0.01,-1,-1
99926009,2026-05-18 13:57:40+05:30,53601.8,0,0.0,0,0.0,0.0,53282.15,53613.05,52783.45,53710.35,0,0.0,0.0,0.0,0.0,-0.01,-1,-1,-0.01,-1,-1,-0.01,-1,-1,-0.01,-1,-1,-0.01,-1,-1,-0.01,-1,-1,-0.01,-1,-1,-0.01,-1,-1,-0.01,-1,-1,-0.01,-1,-1
99926009,2026-05-18 13:57:40+05:30,53602.35,0,0.0,0,0.0,0.0,53282.15,53613.05,52783.45,53710.35,0,0.0,0.0,0.0,0.0,-0.01,-1,-1,-0.01,-1,-1,-0.01,-1,-1,-0.01,-1,-1,-0.01,-1,-1,-0.01,-1,-1,-0.01,-1,-1,-0.01,-1,-1,-0.01,-1,-1,-0.01,-1,-1
99926009,2026-05-18 13:57:41+05:30,53596.45,0,0.0,0,0.0,0.0,53282.15,53613.05,52783.45,53710.35,0,0.0,0.0,0.0,0.0,-0.01,-1,-1,-0.01,-1,-1,-0.01,-1,-1,-0.01,-1,-1,-0.01,-1,-1,-0.01,-1,-1,-0.01,-1,-1,-0.01,-1,-1,-0.01,-1,-1,-0.01,-1,-1
99926009,2026-05-18 13:57:41+05:30,53592.95,0,0.0,0,0.0,0.0,53282.15,53613.05,52783.45,53710.35,0,0.0,0.0,0.0,0.0,-0.01,-1,-1,-0.01,-1,-1,-0.01,-1,-1,-0.01,-1,-1,-0.01,-1,-1,-0.01,-1,-1,-0.01,-1,-1,-0.01,-1,-1,-0.01,-1,-1,-0.01,-1,-1
99926009,2026-05-18 13:57:42+05:30,53590.25,0,0.0,0,0.0,0.0,53282.15,53613.05,52783.45,53710.35,0,0.0,0.0,0.0,0.0,-0.01,-1,-1,-0.01,-1,-1,-0.01,-1,-1,-0.01,-1,-1,-0.01,-1,-1,-0.01,-1,-1,-0.01,-1,-1,-0.01,-1,-1,-0.01,-1,-1,-0.01,-1,-1
99926009,2026-05-18 13:57:42+05:30,53588.9,0,0.0,0,0.0,0.0,53282.15,53613.05,52783.45,53710.35,0,0.0,0.0,0.0,0.0,-0.01,-1,-1,-0.01,-1,-1,-0.01,-1,-1,-0.01,-1,-1,-0.01,-1,-1,-0.01,-1,-1,-0.01,-1,-1,-0.01,-1,-1,-0.01,-1,-1,-0.01,-1,-1
99926009,2026-05-18 13:57:43+05:30,53586.9,0,0.0,0,0.0,0.0,53282.15,53613.05,52783.45,53710.35,0,0.0,0.0,0.0,0.0,-0.01,-1,-1,-0.01,-1,-1,-0.01,-1,-1,-0.01,-1,-1,-0.01,-1,-1,-0.01,-1,-1,-0.01,-1,-1,-0.01,-1,-1,-0.01,-1,-1,-0.01,-1,-1
99926009,2026-05-18 13:57:43+05:30,53589.2,0,0.0,0,0.0,0.0,53282.15,53613.05,52783.45,53710.35,0,0.0,0.0,0.0,0.0,-0.01,-1,-1,-0.01,-1,-1,-0.01,-1,-1,-0.01,-1,-1,-0.01,-1,-1,-0.01,-1,-1,-0.01,-1,-1,-0.01,-1,-1,-0.01,-1,-1,-0.01,-1,-1
99926009,2026-05-18 13:57:44+05:30,53593.15,0,0.0,0,0.0,0.0,53282.15,53613.05,52783.45,53710.35,0,0.0,0.0,0.0,0.0,-0.01,-1,-1,-0.01,-1,-1,-0.01,-1,-1,-0.01,-1,-1,-0.01,-1,-1,-0.01,-1,-1,-0.01,-1,-1,-0.01,-1,-1,-0.01,-1,-1,-0.01,-1,-1
99926009,2026-05-18 13:57:44+05:30,53591.85,0,0.0,0,0.0,0.0,53282.15,53613.05,52783.45,53710.35,0,0.0,0.0,0.0,0.0,-0.01,-1,-1,-0.01,-1,-1,-0.01,-1,-1,-0.01,-1,-1,-0.01,-1,-1,-0.01,-1,-1,-0.01,-1,-1,-0.01,-1,-1,-0.01,-1,-1,-0.01,-1,-1
99926009,2026-05-18 13:57:45+05:30,53593.3,0,0.0,0,0.0,0.0,53282.15,53613.05,52783.45,53710.35,0,0.0,0.0,0.0,0.0,-0.01,-1,-1,-0.01,-1,-1,-0.01,-1,-1,-0.01,-1,-1,-0.01,-1,-1,-0.01,-1,-1,-0.01,-1,-1,-0.01,-1,-1,-0.01,-1,-1,-0.01,-1,-1
99926009,2026-05-18 13:57:45+05:30,53590.25,0,0.0,0,0.0,0.0,53282.15,53613.05,52783.45,53710.35,0,0.0,0.0,0.0,0.0,-0.01,-1,-1,-0.01,-1,-1,-0.01,-1,-1,-0.01,-1,-1,-0.01,-1,-1,-0.01,-1,-1,-0.01,-1,-1,-0.01,-1,-1,-0.01,-1,-1,-0.01,-1,-1
99926009,2026-05-18 13:57:46+05:30,53590.9,0,0.0,0,0.0,0.0,53282.15,53613.05,52783.45,53710.35,0,0.0,0.0,0.0,0.0,-0.01,-1,-1,-0.01,-1,-1,-0.01,-1,-1,-0.01,-1,-1,-0.01,-1,-1,-0.01,-1,-1,-0.01,-1,-1,-0.01,-1,-1,-0.01,-1,-1,-0.01,-1,-1
99926009,2026-05-18 13:57:46+05:30,53592.65,0,0.0,0,0.0,0.0,53282.15,53613.05,52783.45,53710.35,0,0.0,0.0,0.0,0.0,-0.01,-1,-1,-0.01,-1,-1,-0.01,-1,-1,-0.01,-1,-1,-0.01,-1,-1,-0.01,-1,-1,-0.01,-1,-1,-0.01,-1,-1,-0.01,-1,-1,-0.01,-1,-1
99926009,2026-05-18 13:57:47+05:30,53590.45,0,0.0,0,0.0,0.0,53282.15,53613.05,52783.45,53710.35,0,0.0,0.0,0.0,0.0,-0.01,-1,-1,-0.01,-1,-1,-0.01,-1,-1,-0.01,-1,-1,-0.01,-1,-1,-0.01,-1,-1,-0.01,-1,-1,-0.01,-1,-1,-0.01,-1,-1,-0.01,-1,-1
99926009,2026-05-18 13:57:47+05:30,53592.45,0,0.0,0,0.0,0.0,53282.15,53613.05,52783.45,53710.35,0,0.0,0.0,0.0,0.0,-0.01,-1,-1,-0.01,-1,-1,-0.01,-1,-1,-0.01,-1,-1,-0.01,-1,-1,-0.01,-1,-1,-0.01,-1,-1,-0.01,-1,-1,-0.01,-1,-1,-0.01,-1,-1
99926009,2026-05-18 13:57:48+05:30,53590.9,0,0.0,0,0.0,0.0,53282.15,53613.05,52783.45,53710.35,0,0.0,0.0,0.0,0.0,-0.01,-1,-1,-0.01,-1,-1,-0.01,-1,-1,-0.01,-1,-1,-0.01,-1,-1,-0.01,-1,-1,-0.01,-1,-1,-0.01,-1,-1,-0.01,-1,-1,-0.01,-1,-1
99926009,2026-05-18 13:57:48+05:30,53590.1,0,0.0,0,0.0,0.0,53282.15,53613.05,52783.45,53710.35,0,0.0,0.0,0.0,0.0,-0.01,-1,-1,-0.01,-1,-1,-0.01,-1,-1,-0.01,-1,-1,-0.01,-1,-1,-0.01,-1,-1,-0.01,-1,-1,-0.01,-1,-1,-0.01,-1,-1,-0.01,-1,-1
99926009,2026-05-18 13:57:49+05:30,53589.55,0,0.0,0,0.0,0.0,53282.15,53613.05,52783.45,53710.35,0,0.0,0.0,0.0,0.0,-0.01,-1,-1,-0.01,-1,-1,-0.01,-1,-1,-0.01,-1,-1,-0.01,-1,-1,-0.01,-1,-1,-0.01,-1,-1,-0.01,-1,-1,-0.01,-1,-1,-0.01,-1,-1
99926009,2026-05-18 13:57:49+05:30,53588.25,0,0.0,0,0.0,0.0,53282.15,53613.05,52783.45,53710.35,0,0.0,0.0,0.0,0.0,-0.01,-1,-1,-0.01,-1,-1,-0.01,-1,-1,-0.01,-1,-1,-0.01,-1,-1,-0.01,-1,-1,-0.01,-1,-1,-0.01,-1,-1,-0.01,-1,-1,-0.01,-1,-1
99926009,2026-05-18 13:57:50+05:30,53591.3,0,0.0,0,0.0,0.0,53282.15,53613.05,52783.45,53710.35,0,0.0,0.0,0.0,0.0,-0.01,-1,-1,-0.01,-1,-1,-0.01,-1,-1,-0.01,-1,-1,-0.01,-1,-1,-0.01,-1,-1,-0.01,-1,-1,-0.01,-1,-1,-0.01,-1,-1,-0.01,-1,-1
99926009,2026-05-18 13:57:50+05:30,53590.8,0,0.0,0,0.0,0.0,53282.15,53613.05,52783.45,53710.35,0,0.0,0.0,0.0,0.0,-0.01,-1,-1,-0.01,-1,-1,-0.01,-1,-1,-0.01,-1,-1,-0.01,-1,-1,-0.01,-1,-1,-0.01,-1,-1,-0.01,-1,-1,-0.01,-1,-1,-0.01,-1,-1
99926009,2026-05-18 13:57:51+05:30,53590.5,0,0.0,0,0.0,0.0,53282.15,53613.05,52783.45,53710.35,0,0.0,0.0,0.0,0.0,-0.01,-1,-1,-0.01,-1,-1,-0.01,-1,-1,-0.01,-1,-1,-0.01,-1,-1,-0.01,-1,-1,-0.01,-1,-1,-0.01,-1,-1,-0.01,-1,-1,-0.01,-1,-1
99926009,2026-05-18 13:57:51+05:30,53590.85,0,0.0,0,0.0,0.0,53282.15,53613.05,52783.45,53710.35,0,0.0,0.0,0.0,0.0,-0.01,-1,-1,-0.01,-1,-1,-0.01,-1,-1,-0.01,-1,-1,-0.01,-1,-1,-0.01,-1,-1,-0.01,-1,-1,-0.01,-1,-1,-0.01,-1,-1,-0.01,-1,-1
99926009,2026-05-18 13:57:52+05:30,53589.4,0,0.0,0,0.0,0.0,53282.15,53613.05,52783.45,53710.35,0,0.0,0.0,0.0,0.0,-0.01,-1,-1,-0.01,-1,-1,-0.01,-1,-1,-0.01,-1,-1,-0.01,-1,-1,-0.01,-1,-1,-0.01,-1,-1,-0.01,-1,-1,-0.01,-1,-1,-0.01,-1,-1
99926009,2026-05-18 13:57:52+05:30,53588.65,0,0.0,0,0.0,0.0,53282.15,53613.05,52783.45,53710.35,0,0.0,0.0,0.0,0.0,-0.01,-1,-1,-0.01,-1,-1,-0.01,-1,-1,-0.01,-1,-1,-0.01,-1,-1,-0.01,-1,-1,-0.01,-1,-1,-0.01,-1,-1,-0.01,-1,-1,-0.01,-1,-1
99926009,2026-05-18 13:57:53+05:30,53590.35,0,0.0,0,0.0,0.0,53282.15,53613.05,52783.45,53710.35,0,0.0,0.0,0.0,0.0,-0.01,-1,-1,-0.01,-1,-1,-0.01,-1,-1,-0.01,-1,-1,-0.01,-1,-1,-0.01,-1,-1,-0.01,-1,-1,-0.01,-1,-1,-0.01,-1,-1,-0.01,-1,-1
99926009,2026-05-18 13:57:53+05:30,53589.8,0,0.0,0,0.0,0.0,53282.15,53613.05,52783.45,53710.35,0,0.0,0.0,0.0,0.0,-0.01,-1,-1,-0.01,-1,-1,-0.01,-1,-1,-0.01,-1,-1,-0.01,-1,-1,-0.01,-1,-1,-0.01,-1,-1,-0.01,-1,-1,-0.01,-1,-1,-0.01,-1,-1
99926009,2026-05-18 13:57:54+05:30,53587.75,0,0.0,0,0.0,0.0,53282.15,53613.05,52783.45,53710.35,0,0.0,0.0,0.0,0.0,-0.01,-1,-1,-0.01,-1,-1,-0.01,-1,-1,-0.01,-1,-1,-0.01,-1,-1,-0.01,-1,-1,-0.01,-1,-1,-0.01,-1,-1,-0.01,-1,-1,-0.01,-1,-1
99926009,2026-05-18 13:57:54+05:30,53586.15,0,0.0,0,0.0,0.0,53282.15,53613.05,52783.45,53710.35,0,0.0,0.0,0.0,0.0,-0.01,-1,-1,-0.01,-1,-1,-0.01,-1,-1,-0.01,-1,-1,-0.01,-1,-1,-0.01,-1,-1,-0.01,-1,-1,-0.01,-1,-1,-0.01,-1,-1,-0.01,-1,-1
99926009,2026-05-18 13:57:55+05:30,53587.65,0,0.0,0,0.0,0.0,53282.15,53613.05,52783.45,53710.35,0,0.0,0.0,0.0,0.0,-0.01,-1,-1,-0.01,-1,-1,-0.01,-1,-1,-0.01,-1,-1,-0.01,-1,-1,-0.01,-1,-1,-0.01,-1,-1,-0.01,-1,-1,-0.01,-1,-1,-0.01,-1,-1
99926009,2026-05-18 13:57:55+05:30,53585.7,0,0.0,0,0.0,0.0,53282.15,53613.05,52783.45,53710.35,0,0.0,0.0,0.0,0.0,-0.01,-1,-1,-0.01,-1,-1,-0.01,-1,-1,-0.01,-1,-1,-0.01,-1,-1,-0.01,-1,-1,-0.01,-1,-1,-0.01,-1,-1,-0.01,-1,-1,-0.01,-1,-1
99926009,2026-05-18 13:57:56+05:30,53590.85,0,0.0,0,0.0,0.0,53282.15,53613.05,52783.45,53710.35,0,0.0,0.0,0.0,0.0,-0.01,-1,-1,-0.01,-1,-1,-0.01,-1,-1,-0.01,-1,-1,-0.01,-1,-1,-0.01,-1,-1,-0.01,-1,-1,-0.01,-1,-1,-0.01,-1,-1,-0.01,-1,-1
99926009,2026-05-18 13:57:56+05:30,53589.55,0,0.0,0,0.0,0.0,53282.15,53613.05,52783.45,53710.35,0,0.0,0.0,0.0,0.0,-0.01,-1,-1,-0.01,-1,-1,-0.01,-1,-1,-0.01,-1,-1,-0.01,-1,-1,-0.01,-1,-1,-0.01,-1,-1,-0.01,-1,-1,-0.01,-1,-1,-0.01,-1,-1
99926009,2026-05-18 13:57:57+05:30,53584.85,0,0.0,0,0.0,0.0,53282.15,53613.05,52783.45,53710.35,0,0.0,0.0,0.0,0.0,-0.01,-1,-1,-0.01,-1,-1,-0.01,-1,-1,-0.01,-1,-1,-0.01,-1,-1,-0.01,-1,-1,-0.01,-1,-1,-0.01,-1,-1,-0.01,-1,-1,-0.01,-1,-1
99926009,2026-05-18 13:57:57+05:30,53582.35,0,0.0,0,0.0,0.0,53282.15,53613.05,52783.45,53710.35,0,0.0,0.0,0.0,0.0,-0.01,-1,-1,-0.01,-1,-1,-0.01,-1,-1,-0.01,-1,-1,-0.01,-1,-1,-0.01,-1,-1,-0.01,-1,-1,-0.01,-1,-1,-0.01,-1,-1,-0.01,-1,-1
99926009,2026-05-18 13:57:58+05:30,53577.35,0,0.0,0,0.0,0.0,53282.15,53613.05,52783.45,53710.35,0,0.0,0.0,0.0,0.0,-0.01,-1,-1,-0.01,-1,-1,-0.01,-1,-1,-0.01,-1,-1,-0.01,-1,-1,-0.01,-1,-1,-0.01,-1,-1,-0.01,-1,-1,-0.01,-1,-1,-0.01,-1,-1
99926009,2026-05-18 13:57:58+05:30,53576.05,0,0.0,0,0.0,0.0,53282.15,53613.05,52783.45,53710.35,0,0.0,0.0,0.0,0.0,-0.01,-1,-1,-0.01,-1,-1,-0.01,-1,-1,-0.01,-1,-1,-0.01,-1,-1,-0.01,-1,-1,-0.01,-1,-1,-0.01,-1,-1,-0.01,-1,-1,-0.01,-1,-1
99926009,2026-05-18 13:57:59+05:30,53571.9,0,0.0,0,0.0,0.0,53282.15,53613.05,52783.45,53710.35,0,0.0,0.0,0.0,0.0,-0.01,-1,-1,-0.01,-1,-1,-0.01,-1,-1,-0.01,-1,-1,-0.01,-1,-1,-0.01,-1,-1,-0.01,-1,-1,-0.01,-1,-1,-0.01,-1,-1,-0.01,-1,-1
99926009,2026-05-18 13:57:59+05:30,53572.15,0,0.0,0,0.0,0.0,53282.15,53613.05,52783.45,53710.35,0,0.0,0.0,0.0,0.0,-0.01,-1,-1,-0.01,-1,-1,-0.01,-1,-1,-0.01,-1,-1,-0.01,-1,-1,-0.01,-1,-1,-0.01,-1,-1,-0.01,-1,-1,-0.01,-1,-1,-0.01,-1,-1
99926009,2026-05-18 13:58:00+05:30,53571.55,0,0.0,0,0.0,0.0,53282.15,53613.05,52783.45,53710.35,0,0.0,0.0,0.0,0.0,-0.01,-1,-1,-0.01,-1,-1,-0.01,-1,-1,-0.01,-1,-1,-0.01,-1,-1,-0.01,-1,-1,-0.01,-1,-1,-0.01,-1,-1,-0.01,-1,-1,-0.01,-1,-1
99926009,2026-05-18 13:58:00+05:30,53568.9,0,0.0,0,0.0,0.0,53282.15,53613.05,52783.45,53710.35,0,0.0,0.0,0.0,0.0,-0.01,-1,-1,-0.01,-1,-1,-0.01,-1,-1,-0.01,-1,-1,-0.01,-1,-1,-0.01,-1,-1,-0.01,-1,-1,-0.01,-1,-1,-0.01,-1,-1,-0.01,-1,-1
99926009,2026-05-18 13:58:01+05:30,53568.6,0,0.0,0,0.0,0.0,53282.15,53613.05,52783.45,53710.35,0,0.0,0.0,0.0,0.0,-0.01,-1,-1,-0.01,-1,-1,-0.01,-1,-1,-0.01,-1,-1,-0.01,-1,-1,-0.01,-1,-1,-0.01,-1,-1,-0.01,-1,-1,-0.01,-1,-1,-0.01,-1,-1
99926009,2026-05-18 13:58:01+05:30,53568.5,0,0.0,0,0.0,0.0,53282.15,53613.05,52783.45,53710.35,0,0.0,0.0,0.0,0.0,-0.01,-1,-1,-0.01,-1,-1,-0.01,-1,-1,-0.01,-1,-1,-0.01,-1,-1,-0.01,-1,-1,-0.01,-1,-1,-0.01,-1,-1,-0.01,-1,-1,-0.01,-1,-1
99926009,2026-05-18 13:58:02+05:30,53569.3,0,0.0,0,0.0,0.0,53282.15,53613.05,52783.45,53710.35,0,0.0,0.0,0.0,0.0,-0.01,-1,-1,-0.01,-1,-1,-0.01,-1,-1,-0.01,-1,-1,-0.01,-1,-1,-0.01,-1,-1,-0.01,-1,-1,-0.01,-1,-1,-0.01,-1,-1,-0.01,-1,-1
99926009,2026-05-18 13:58:02+05:30,53567.95,0,0.0,0,0.0,0.0,53282.15,53613.05,52783.45,53710.35,0,0.0,0.0,0.0,0.0,-0.01,-1,-1,-0.01,-1,-1,-0.01,-1,-1,-0.01,-1,-1,-0.01,-1,-1,-0.01,-1,-1,-0.01,-1,-1,-0.01,-1,-1,-0.01,-1,-1,-0.01,-1,-1
99926009,2026-05-18 13:58:03+05:30,53568.5,0,0.0,0,0.0,0.0,53282.15,53613.05,52783.45,53710.35,0,0.0,0.0,0.0,0.0,-0.01,-1,-1,-0.01,-1,-1,-0.01,-1,-1,-0.01,-1,-1,-0.01,-1,-1,-0.01,-1,-1,-0.01,-1,-1,-0.01,-1,-1,-0.01,-1,-1,-0.01,-1,-1
99926009,2026-05-18 13:58:03+05:30,53568.85,0,0.0,0,0.0,0.0,53282.15,53613.05,52783.45,53710.35,0,0.0,0.0,0.0,0.0,-0.01,-1,-1,-0.01,-1,-1,-0.01,-1,-1,-0.01,-1,-1,-0.01,-1,-1,-0.01,-1,-1,-0.01,-1,-1,-0.01,-1,-1,-0.01,-1,-1,-0.01,-1,-1
99926009,2026-05-18 13:58:04+05:30,53571.8,0,0.0,0,0.0,0.0,53282.15,53613.05,52783.45,53710.35,0,0.0,0.0,0.0,0.0,-0.01,-1,-1,-0.01,-1,-1,-0.01,-1,-1,-0.01,-1,-1,-0.01,-1,-1,-0.01,-1,-1,-0.01,-1,-1,-0.01,-1,-1,-0.01,-1,-1,-0.01,-1,-1
99926009,2026-05-18 13:58:04+05:30,53567.1,0,0.0,0,0.0,0.0,53282.15,53613.05,52783.45,53710.35,0,0.0,0.0,0.0,0.0,-0.01,-1,-1,-0.01,-1,-1,-0.01,-1,-1,-0.01,-1,-1,-0.01,-1,-1,-0.01,-1,-1,-0.01,-1,-1,-0.01,-1,-1,-0.01,-1,-1,-0.01,-1,-1
99926009,2026-05-18 13:58:05+05:30,53567.45,0,0.0,0,0.0,0.0,53282.15,53613.05,52783.45,53710.35,0,0.0,0.0,0.0,0.0,-0.01,-1,-1,-0.01,-1,-1,-0.01,-1,-1,-0.01,-1,-1,-0.01,-1,-1,-0.01,-1,-1,-0.01,-1,-1,-0.01,-1,-1,-0.01,-1,-1,-0.01,-1,-1
99926009,2026-05-18 13:58:05+05:30,53567.45,0,0.0,0,0.0,0.0,53282.15,53613.05,52783.45,53710.35,0,0.0,0.0,0.0,0.0,-0.01,-1,-1,-0.01,-1,-1,-0.01,-1,-1,-0.01,-1,-1,-0.01,-1,-1,-0.01,-1,-1,-0.01,-1,-1,-0.01,-1,-1,-0.01,-1,-1,-0.01,-1,-1
99926009,2026-05-18 13:58:06+05:30,53569.4,0,0.0,0,0.0,0.0,53282.15,53613.05,52783.45,53710.35,0,0.0,0.0,0.0,0.0,-0.01,-1,-1,-0.01,-1,-1,-0.01,-1,-1,-0.01,-1,-1,-0.01,-1,-1,-0.01,-1,-1,-0.01,-1,-1,-0.01,-1,-1,-0.01,-1,-1,-0.01,-1,-1
99926009,2026-05-18 13:58:06+05:30,53570.85,0,0.0,0,0.0,0.0,53282.15,53613.05,52783.45,53710.35,0,0.0,0.0,0.0,0.0,-0.01,-1,-1,-0.01,-1,-1,-0.01,-1,-1,-0.01,-1,-1,-0.01,-1,-1,-0.01,-1,-1,-0.01,-1,-1,-0.01,-1,-1,-0.01,-1,-1,-0.01,-1,-1
99926009,2026-05-18 13:58:07+05:30,53570.95,0,0.0,0,0.0,0.0,53282.15,53613.05,52783.45,53710.35,0,0.0,0.0,0.0,0.0,-0.01,-1,-1,-0.01,-1,-1,-0.01,-1,-1,-0.01,-1,-1,-0.01,-1,-1,-0.01,-1,-1,-0.01,-1,-1,-0.01,-1,-1,-0.01,-1,-1,-0.01,-1,-1
99926009,2026-05-18 13:58:07+05:30,53569.15,0,0.0,0,0.0,0.0,53282.15,53613.05,52783.45,53710.35,0,0.0,0.0,0.0,0.0,-0.01,-1,-1,-0.01,-1,-1,-0.01,-1,-1,-0.01,-1,-1,-0.01,-1,-1,-0.01,-1,-1,-0.01,-1,-1,-0.01,-1,-1,-0.01,-1,-1,-0.01,-1,-1
99926009,2026-05-18 13:58:08+05:30,53570.5,0,0.0,0,0.0,0.0,53282.15,53613.05,52783.45,53710.35,0,0.0,0.0,0.0,0.0,-0.01,-1,-1,-0.01,-1,-1,-0.01,-1,-1,-0.01,-1,-1,-0.01,-1,-1,-0.01,-1,-1,-0.01,-1,-1,-0.01,-1,-1,-0.01,-1,-1,-0.01,-1,-1
99926009,2026-05-18 13:58:08+05:30,53565.2,0,0.0,0,0.0,0.0,53282.15,53613.05,52783.45,53710.35,0,0.0,0.0,0.0,0.0,-0.01,-1,-1,-0.01,-1,-1,-0.01,-1,-1,-0.01,-1,-1,-0.01,-1,-1,-0.01,-1,-1,-0.01,-1,-1,-0.01,-1,-1,-0.01,-1,-1,-0.01,-1,-1
99926009,2026-05-18 13:58:09+05:30,53567.1,0,0.0,0,0.0,0.0,53282.15,53613.05,52783.45,53710.35,0,0.0,0.0,0.0,0.0,-0.01,-1,-1,-0.01,-1,-1,-0.01,-1,-1,-0.01,-1,-1,-0.01,-1,-1,-0.01,-1,-1,-0.01,-1,-1,-0.01,-1,-1,-0.01,-1,-1,-0.01,-1,-1
99926009,2026-05-18 13:58:09+05:30,53560.75,0,0.0,0,0.0,0.0,53282.15,53613.05,52783.45,53710.35,0,0.0,0.0,0.0,0.0,-0.01,-1,-1,-0.01,-1,-1,-0.01,-1,-1,-0.01,-1,-1,-0.01,-1,-1,-0.01,-1,-1,-0.01,-1,-1,-0.01,-1,-1,-0.01,-1,-1,-0.01,-1,-1
99926009,2026-05-18 13:58:10+05:30,53563.0,0,0.0,0,0.0,0.0,53282.15,53613.05,52783.45,53710.35,0,0.0,0.0,0.0,0.0,-0.01,-1,-1,-0.01,-1,-1,-0.01,-1,-1,-0.01,-1,-1,-0.01,-1,-1,-0.01,-1,-1,-0.01,-1,-1,-0.01,-1,-1,-0.01,-1,-1,-0.01,-1,-1
99926009,2026-05-18 13:58:10+05:30,53560.0,0,0.0,0,0.0,0.0,53282.15,53613.05,52783.45,53710.35,0,0.0,0.0,0.0,0.0,-0.01,-1,-1,-0.01,-1,-1,-0.01,-1,-1,-0.01,-1,-1,-0.01,-1,-1,-0.01,-1,-1,-0.01,-1,-1,-0.01,-1,-1,-0.01,-1,-1,-0.01,-1,-1
99926009,2026-05-18 13:58:11+05:30,53562.6,0,0.0,0,0.0,0.0,53282.15,53613.05,52783.45,53710.35,0,0.0,0.0,0.0,0.0,-0.01,-1,-1,-0.01,-1,-1,-0.01,-1,-1,-0.01,-1,-1,-0.01,-1,-1,-0.01,-1,-1,-0.01,-1,-1,-0.01,-1,-1,-0.01,-1,-1,-0.01,-1,-1
99926009,2026-05-18 13:58:11+05:30,53557.35,0,0.0,0,0.0,0.0,53282.15,53613.05,52783.45,53710.35,0,0.0,0.0,0.0,0.0,-0.01,-1,-1,-0.01,-1,-1,-0.01,-1,-1,-0.01,-1,-1,-0.01,-1,-1,-0.01,-1,-1,-0.01,-1,-1,-0.01,-1,-1,-0.01,-1,-1,-0.01,-1,-1
99926009,2026-05-18 13:58:12+05:30,53561.15,0,0.0,0,0.0,0.0,53282.15,53613.05,52783.45,53710.35,0,0.0,0.0,0.0,0.0,-0.01,-1,-1,-0.01,-1,-1,-0.01,-1,-1,-0.01,-1,-1,-0.01,-1,-1,-0.01,-1,-1,-0.01,-1,-1,-0.01,-1,-1,-0.01,-1,-1,-0.01,-1,-1
99926009,2026-05-18 13:58:12+05:30,53559.25,0,0.0,0,0.0,0.0,53282.15,53613.05,52783.45,53710.35,0,0.0,0.0,0.0,0.0,-0.01,-1,-1,-0.01,-1,-1,-0.01,-1,-1,-0.01,-1,-1,-0.01,-1,-1,-0.01,-1,-1,-0.01,-1,-1,-0.01,-1,-1,-0.01,-1,-1,-0.01,-1,-1
99926009,2026-05-18 13:58:13+05:30,53560.9,0,0.0,0,0.0,0.0,53282.15,53613.05,52783.45,53710.35,0,0.0,0.0,0.0,0.0,-0.01,-1,-1,-0.01,-1,-1,-0.01,-1,-1,-0.01,-1,-1,-0.01,-1,-1,-0.01,-1,-1,-0.01,-1,-1,-0.01,-1,-1,-0.01,-1,-1,-0.01,-1,-1
99926009,2026-05-18 13:58:13+05:30,53560.35,0,0.0,0,0.0,0.0,53282.15,53613.05,52783.45,53710.35,0,0.0,0.0,0.0,0.0,-0.01,-1,-1,-0.01,-1,-1,-0.01,-1,-1,-0.01,-1,-1,-0.01,-1,-1,-0.01,-1,-1,-0.01,-1,-1,-0.01,-1,-1,-0.01,-1,-1,-0.01,-1,-1
99926009,2026-05-18 13:58:14+05:30,53559.5,0,0.0,0,0.0,0.0,53282.15,53613.05,52783.45,53710.35,0,0.0,0.0,0.0,0.0,-0.01,-1,-1,-0.01,-1,-1,-0.01,-1,-1,-0.01,-1,-1,-0.01,-1,-1,-0.01,-1,-1,-0.01,-1,-1,-0.01,-1,-1,-0.01,-1,-1,-0.01,-1,-1
99926009,2026-05-18 13:58:14+05:30,53556.9,0,0.0,0,0.0,0.0,53282.15,53613.05,52783.45,53710.35,0,0.0,0.0,0.0,0.0,-0.01,-1,-1,-0.01,-1,-1,-0.01,-1,-1,-0.01,-1,-1,-0.01,-1,-1,-0.01,-1,-1,-0.01,-1,-1,-0.01,-1,-1,-0.01,-1,-1,-0.01,-1,-1
99926009,2026-05-18 13:58:15+05:30,53555.4,0,0.0,0,0.0,0.0,53282.15,53613.05,52783.45,53710.35,0,0.0,0.0,0.0,0.0,-0.01,-1,-1,-0.01,-1,-1,-0.01,-1,-1,-0.01,-1,-1,-0.01,-1,-1,-0.01,-1,-1,-0.01,-1,-1,-0.01,-1,-1,-0.01,-1,-1,-0.01,-1,-1
99926009,2026-05-18 13:58:15+05:30,53557.6,0,0.0,0,0.0,0.0,53282.15,53613.05,52783.45,53710.35,0,0.0,0.0,0.0,0.0,-0.01,-1,-1,-0.01,-1,-1,-0.01,-1,-1,-0.01,-1,-1,-0.01,-1,-1,-0.01,-1,-1,-0.01,-1,-1,-0.01,-1,-1,-0.01,-1,-1,-0.01,-1,-1
99926009,2026-05-18 13:58:16+05:30,53556.2,0,0.0,0,0.0,0.0,53282.15,53613.05,52783.45,53710.35,0,0.0,0.0,0.0,0.0,-0.01,-1,-1,-0.01,-1,-1,-0.01,-1,-1,-0.01,-1,-1,-0.01,-1,-1,-0.01,-1,-1,-0.01,-1,-1,-0.01,-1,-1,-0.01,-1,-1,-0.01,-1,-1
99926009,2026-05-18 13:58:16+05:30,53552.6,0,0.0,0,0.0,0.0,53282.15,53613.05,52783.45,53710.35,0,0.0,0.0,0.0,0.0,-0.01,-1,-1,-0.01,-1,-1,-0.01,-1,-1,-0.01,-1,-1,-0.01,-1,-1,-0.01,-1,-1,-0.01,-1,-1,-0.01,-1,-1,-0.01,-1,-1,-0.01,-1,-1
99926009,2026-05-18 13:58:17+05:30,53551.75,0,0.0,0,0.0,0.0,53282.15,53613.05,52783.45,53710.35,0,0.0,0.0,0.0,0.0,-0.01,-1,-1,-0.01,-1,-1,-0.01,-1,-1,-0.01,-1,-1,-0.01,-1,-1,-0.01,-1,-1,-0.01,-1,-1,-0.01,-1,-1,-0.01,-1,-1,-0.01,-1,-1
99926009,2026-05-18 13:58:17+05:30,53554.65,0,0.0,0,0.0,0.0,53282.15,53613.05,52783.45,53710.35,0,0.0,0.0,0.0,0.0,-0.01,-1,-1,-0.01,-1,-1,-0.01,-1,-1,-0.01,-1,-1,-0.01,-1,-1,-0.01,-1,-1,-0.01,-1,-1,-0.01,-1,-1,-0.01,-1,-1,-0.01,-1,-1
99926009,2026-05-18 13:58:18+05:30,53553.8,0,0.0,0,0.0,0.0,53282.15,53613.05,52783.45,53710.35,0,0.0,0.0,0.0,0.0,-0.01,-1,-1,-0.01,-1,-1,-0.01,-1,-1,-0.01,-1,-1,-0.01,-1,-1,-0.01,-1,-1,-0.01,-1,-1,-0.01,-1,-1,-0.01,-1,-1,-0.01,-1,-1
99926009,2026-05-18 13:58:18+05:30,53550.55,0,0.0,0,0.0,0.0,53282.15,53613.05,52783.45,53710.35,0,0.0,0.0,0.0,0.0,-0.01,-1,-1,-0.01,-1,-1,-0.01,-1,-1,-0.01,-1,-1,-0.01,-1,-1,-0.01,-1,-1,-0.01,-1,-1,-0.01,-1,-1,-0.01,-1,-1,-0.01,-1,-1
99926009,2026-05-18 13:58:19+05:30,53553.7,0,0.0,0,0.0,0.0,53282.15,53613.05,52783.45,53710.35,0,0.0,0.0,0.0,0.0,-0.01,-1,-1,-0.01,-1,-1,-0.01,-1,-1,-0.01,-1,-1,-0.01,-1,-1,-0.01,-1,-1,-0.01,-1,-1,-0.01,-1,-1,-0.01,-1,-1,-0.01,-1,-1
99926009,2026-05-18 13:58:19+05:30,53551.65,0,0.0,0,0.0,0.0,53282.15,53613.05,52783.45,53710.35,0,0.0,0.0,0.0,0.0,-0.01,-1,-1,-0.01,-1,-1,-0.01,-1,-1,-0.01,-1,-1,-0.01,-1,-1,-0.01,-1,-1,-0.01,-1,-1,-0.01,-1,-1,-0.01,-1,-1,-0.01,-1,-1
99926009,2026-05-18 13:58:20+05:30,53549.05,0,0.0,0,0.0,0.0,53282.15,53613.05,52783.45,53710.35,0,0.0,0.0,0.0,0.0,-0.01,-1,-1,-0.01,-1,-1,-0.01,-1,-1,-0.01,-1,-1,-0.01,-1,-1,-0.01,-1,-1,-0.01,-1,-1,-0.01,-1,-1,-0.01,-1,-1,-0.01,-1,-1
99926009,2026-05-18 13:58:20+05:30,53548.6,0,0.0,0,0.0,0.0,53282.15,53613.05,52783.45,53710.35,0,0.0,0.0,0.0,0.0,-0.01,-1,-1,-0.01,-1,-1,-0.01,-1,-1,-0.01,-1,-1,-0.01,-1,-1,-0.01,-1,-1,-0.01,-1,-1,-0.01,-1,-1,-0.01,-1,-1,-0.01,-1,-1
99926009,2026-05-18 13:58:21+05:30,53550.5,0,0.0,0,0.0,0.0,53282.15,53613.05,52783.45,53710.35,0,0.0,0.0,0.0,0.0,-0.01,-1,-1,-0.01,-1,-1,-0.01,-1,-1,-0.01,-1,-1,-0.01,-1,-1,-0.01,-1,-1,-0.01,-1,-1,-0.01,-1,-1,-0.01,-1,-1,-0.01,-1,-1
99926009,2026-05-18 13:58:21+05:30,53551.0,0,0.0,0,0.0,0.0,53282.15,53613.05,52783.45,53710.35,0,0.0,0.0,0.0,0.0,-0.01,-1,-1,-0.01,-1,-1,-0.01,-1,-1,-0.01,-1,-1,-0.01,-1,-1,-0.01,-1,-1,-0.01,-1,-1,-0.01,-1,-1,-0.01,-1,-1,-0.01,-1,-1
99926009,2026-05-18 13:58:22+05:30,53545.55,0,0.0,0,0.0,0.0,53282.15,53613.05,52783.45,53710.35,0,0.0,0.0,0.0,0.0,-0.01,-1,-1,-0.01,-1,-1,-0.01,-1,-1,-0.01,-1,-1,-0.01,-1,-1,-0.01,-1,-1,-0.01,-1,-1,-0.01,-1,-1,-0.01,-1,-1,-0.01,-1,-1
99926009,2026-05-18 13:58:22+05:30,53546.9,0,0.0,0,0.0,0.0,53282.15,53613.05,52783.45,53710.35,0,0.0,0.0,0.0,0.0,-0.01,-1,-1,-0.01,-1,-1,-0.01,-1,-1,-0.01,-1,-1,-0.01,-1,-1,-0.01,-1,-1,-0.01,-1,-1,-0.01,-1,-1,-0.01,-1,-1,-0.01,-1,-1
99926009,2026-05-18 13:58:23+05:30,53541.25,0,0.0,0,0.0,0.0,53282.15,53613.05,52783.45,53710.35,0,0.0,0.0,0.0,0.0,-0.01,-1,-1,-0.01,-1,-1,-0.01,-1,-1,-0.01,-1,-1,-0.01,-1,-1,-0.01,-1,-1,-0.01,-1,-1,-0.01,-1,-1,-0.01,-1,-1,-0.01,-1,-1
99926009,2026-05-18 13:58:23+05:30,53542.55,0,0.0,0,0.0,0.0,53282.15,53613.05,52783.45,53710.35,0,0.0,0.0,0.0,0.0,-0.01,-1,-1,-0.01,-1,-1,-0.01,-1,-1,-0.01,-1,-1,-0.01,-1,-1,-0.01,-1,-1,-0.01,-1,-1,-0.01,-1,-1,-0.01,-1,-1,-0.01,-1,-1
99926009,2026-05-18 13:58:24+05:30,53544.15,0,0.0,0,0.0,0.0,53282.15,53613.05,52783.45,53710.35,0,0.0,0.0,0.0,0.0,-0.01,-1,-1,-0.01,-1,-1,-0.01,-1,-1,-0.01,-1,-1,-0.01,-1,-1,-0.01,-1,-1,-0.01,-1,-1,-0.01,-1,-1,-0.01,-1,-1,-0.01,-1,-1
99926009,2026-05-18 13:58:24+05:30,53542.75,0,0.0,0,0.0,0.0,53282.15,53613.05,52783.45,53710.35,0,0.0,0.0,0.0,0.0,-0.01,-1,-1,-0.01,-1,-1,-0.01,-1,-1,-0.01,-1,-1,-0.01,-1,-1,-0.01,-1,-1,-0.01,-1,-1,-0.01,-1,-1,-0.01,-1,-1,-0.01,-1,-1
99926009,2026-05-18 13:58:25+05:30,53543.85,0,0.0,0,0.0,0.0,53282.15,53613.05,52783.45,53710.35,0,0.0,0.0,0.0,0.0,-0.01,-1,-1,-0.01,-1,-1,-0.01,-1,-1,-0.01,-1,-1,-0.01,-1,-1,-0.01,-1,-1,-0.01,-1,-1,-0.01,-1,-1,-0.01,-1,-1,-0.01,-1,-1
99926009,2026-05-18 13:58:25+05:30,53543.95,0,0.0,0,0.0,0.0,53282.15,53613.05,52783.45,53710.35,0,0.0,0.0,0.0,0.0,-0.01,-1,-1,-0.01,-1,-1,-0.01,-1,-1,-0.01,-1,-1,-0.01,-1,-1,-0.01,-1,-1,-0.01,-1,-1,-0.01,-1,-1,-0.01,-1,-1,-0.01,-1,-1
99926009,2026-05-18 13:58:26+05:30,53540.9,0,0.0,0,0.0,0.0,53282.15,53613.05,52783.45,53710.35,0,0.0,0.0,0.0,0.0,-0.01,-1,-1,-0.01,-1,-1,-0.01,-1,-1,-0.01,-1,-1,-0.01,-1,-1,-0.01,-1,-1,-0.01,-1,-1,-0.01,-1,-1,-0.01,-1,-1,-0.01,-1,-1
99926009,2026-05-18 13:58:26+05:30,53541.55,0,0.0,0,0.0,0.0,53282.15,53613.05,52783.45,53710.35,0,0.0,0.0,0.0,0.0,-0.01,-1,-1,-0.01,-1,-1,-0.01,-1,-1,-0.01,-1,-1,-0.01,-1,-1,-0.01,-1,-1,-0.01,-1,-1,-0.01,-1,-1,-0.01,-1,-1,-0.01,-1,-1
99926009,2026-05-18 13:58:27+05:30,53538.85,0,0.0,0,0.0,0.0,53282.15,53613.05,52783.45,53710.35,0,0.0,0.0,0.0,0.0,-0.01,-1,-1,-0.01,-1,-1,-0.01,-1,-1,-0.01,-1,-1,-0.01,-1,-1,-0.01,-1,-1,-0.01,-1,-1,-0.01,-1,-1,-0.01,-1,-1,-0.01,-1,-1
99926009,2026-05-18 13:58:27+05:30,53539.0,0,0.0,0,0.0,0.0,53282.15,53613.05,52783.45,53710.35,0,0.0,0.0,0.0,0.0,-0.01,-1,-1,-0.01,-1,-1,-0.01,-1,-1,-0.01,-1,-1,-0.01,-1,-1,-0.01,-1,-1,-0.01,-1,-1,-0.01,-1,-1,-0.01,-1,-1,-0.01,-1,-1
99926009,2026-05-18 13:58:28+05:30,53540.0,0,0.0,0,0.0,0.0,53282.15,53613.05,52783.45,53710.35,0,0.0,0.0,0.0,0.0,-0.01,-1,-1,-0.01,-1,-1,-0.01,-1,-1,-0.01,-1,-1,-0.01,-1,-1,-0.01,-1,-1,-0.01,-1,-1,-0.01,-1,-1,-0.01,-1,-1,-0.01,-1,-1
99926009,2026-05-18 13:58:28+05:30,53538.25,0,0.0,0,0.0,0.0,53282.15,53613.05,52783.45,53710.35,0,0.0,0.0,0.0,0.0,-0.01,-1,-1,-0.01,-1,-1,-0.01,-1,-1,-0.01,-1,-1,-0.01,-1,-1,-0.01,-1,-1,-0.01,-1,-1,-0.01,-1,-1,-0.01,-1,-1,-0.01,-1,-1
99926009,2026-05-18 13:58:29+05:30,53541.05,0,0.0,0,0.0,0.0,53282.15,53613.05,52783.45,53710.35,0,0.0,0.0,0.0,0.0,-0.01,-1,-1,-0.01,-1,-1,-0.01,-1,-1,-0.01,-1,-1,-0.01,-1,-1,-0.01,-1,-1,-0.01,-1,-1,-0.01,-1,-1,-0.01,-1,-1,-0.01,-1,-1
99926009,2026-05-18 13:58:29+05:30,53538.6,0,0.0,0,0.0,0.0,53282.15,53613.05,52783.45,53710.35,0,0.0,0.0,0.0,0.0,-0.01,-1,-1,-0.01,-1,-1,-0.01,-1,-1,-0.01,-1,-1,-0.01,-1,-1,-0.01,-1,-1,-0.01,-1,-1,-0.01,-1,-1,-0.01,-1,-1,-0.01,-1,-1
99926009,2026-05-18 13:58:30+05:30,53540.45,0,0.0,0,0.0,0.0,53282.15,53613.05,52783.45,53710.35,0,0.0,0.0,0.0,0.0,-0.01,-1,-1,-0.01,-1,-1,-0.01,-1,-1,-0.01,-1,-1,-0.01,-1,-1,-0.01,-1,-1,-0.01,-1,-1,-0.01,-1,-1,-0.01,-1,-1,-0.01,-1,-1
99926009,2026-05-18 13:58:30+05:30,53539.25,0,0.0,0,0.0,0.0,53282.15,53613.05,52783.45,53710.35,0,0.0,0.0,0.0,0.0,-0.01,-1,-1,-0.01,-1,-1,-0.01,-1,-1,-0.01,-1,-1,-0.01,-1,-1,-0.01,-1,-1,-0.01,-1,-1,-0.01,-1,-1,-0.01,-1,-1,-0.01,-1,-1
99926009,2026-05-18 13:58:31+05:30,53543.2,0,0.0,0,0.0,0.0,53282.15,53613.05,52783.45,53710.35,0,0.0,0.0,0.0,0.0,-0.01,-1,-1,-0.01,-1,-1,-0.01,-1,-1,-0.01,-1,-1,-0.01,-1,-1,-0.01,-1,-1,-0.01,-1,-1,-0.01,-1,-1,-0.01,-1,-1,-0.01,-1,-1
99926009,2026-05-18 13:58:31+05:30,53552.1,0,0.0,0,0.0,0.0,53282.15,53613.05,52783.45,53710.35,0,0.0,0.0,0.0,0.0,-0.01,-1,-1,-0.01,-1,-1,-0.01,-1,-1,-0.01,-1,-1,-0.01,-1,-1,-0.01,-1,-1,-0.01,-1,-1,-0.01,-1,-1,-0.01,-1,-1,-0.01,-1,-1
99926009,2026-05-18 13:58:32+05:30,53551.0,0,0.0,0,0.0,0.0,53282.15,53613.05,52783.45,53710.35,0,0.0,0.0,0.0,0.0,-0.01,-1,-1,-0.01,-1,-1,-0.01,-1,-1,-0.01,-1,-1,-0.01,-1,-1,-0.01,-1,-1,-0.01,-1,-1,-0.01,-1,-1,-0.01,-1,-1,-0.01,-1,-1
99926009,2026-05-18 13:58:32+05:30,53549.45,0,0.0,0,0.0,0.0,53282.15,53613.05,52783.45,53710.35,0,0.0,0.0,0.0,0.0,-0.01,-1,-1,-0.01,-1,-1,-0.01,-1,-1,-0.01,-1,-1,-0.01,-1,-1,-0.01,-1,-1,-0.01,-1,-1,-0.01,-1,-1,-0.01,-1,-1,-0.01,-1,-1
99926009,2026-05-18 13:58:33+05:30,53549.25,0,0.0,0,0.0,0.0,53282.15,53613.05,52783.45,53710.35,0,0.0,0.0,0.0,0.0,-0.01,-1,-1,-0.01,-1,-1,-0.01,-1,-1,-0.01,-1,-1,-0.01,-1,-1,-0.01,-1,-1,-0.01,-1,-1,-0.01,-1,-1,-0.01,-1,-1,-0.01,-1,-1
99926009,2026-05-18 13:58:33+05:30,53550.6,0,0.0,0,0.0,0.0,53282.15,53613.05,52783.45,53710.35,0,0.0,0.0,0.0,0.0,-0.01,-1,-1,-0.01,-1,-1,-0.01,-1,-1,-0.01,-1,-1,-0.01,-1,-1,-0.01,-1,-1,-0.01,-1,-1,-0.01,-1,-1,-0.01,-1,-1,-0.01,-1,-1
99926009,2026-05-18 13:58:34+05:30,53551.65,0,0.0,0,0.0,0.0,53282.15,53613.05,52783.45,53710.35,0,0.0,0.0,0.0,0.0,-0.01,-1,-1,-0.01,-1,-1,-0.01,-1,-1,-0.01,-1,-1,-0.01,-1,-1,-0.01,-1,-1,-0.01,-1,-1,-0.01,-1,-1,-0.01,-1,-1,-0.01,-1,-1
99926009,2026-05-18 13:58:34+05:30,53551.6,0,0.0,0,0.0,0.0,53282.15,53613.05,52783.45,53710.35,0,0.0,0.0,0.0,0.0,-0.01,-1,-1,-0.01,-1,-1,-0.01,-1,-1,-0.01,-1,-1,-0.01,-1,-1,-0.01,-1,-1,-0.01,-1,-1,-0.01,-1,-1,-0.01,-1,-1,-0.01,-1,-1
99926009,2026-05-18 13:58:35+05:30,53550.6,0,0.0,0,0.0,0.0,53282.15,53613.05,52783.45,53710.35,0,0.0,0.0,0.0,0.0,-0.01,-1,-1,-0.01,-1,-1,-0.01,-1,-1,-0.01,-1,-1,-0.01,-1,-1,-0.01,-1,-1,-0.01,-1,-1,-0.01,-1,-1,-0.01,-1,-1,-0.01,-1,-1
99926009,2026-05-18 13:58:35+05:30,53550.05,0,0.0,0,0.0,0.0,53282.15,53613.05,52783.45,53710.35,0,0.0,0.0,0.0,0.0,-0.01,-1,-1,-0.01,-1,-1,-0.01,-1,-1,-0.01,-1,-1,-0.01,-1,-1,-0.01,-1,-1,-0.01,-1,-1,-0.01,-1,-1,-0.01,-1,-1,-0.01,-1,-1
99926009,2026-05-18 13:58:36+05:30,53551.6,0,0.0,0,0.0,0.0,53282.15,53613.05,52783.45,53710.35,0,0.0,0.0,0.0,0.0,-0.01,-1,-1,-0.01,-1,-1,-0.01,-1,-1,-0.01,-1,-1,-0.01,-1,-1,-0.01,-1,-1,-0.01,-1,-1,-0.01,-1,-1,-0.01,-1,-1,-0.01,-1,-1
99926009,2026-05-18 13:58:36+05:30,53552.45,0,0.0,0,0.0,0.0,53282.15,53613.05,52783.45,53710.35,0,0.0,0.0,0.0,0.0,-0.01,-1,-1,-0.01,-1,-1,-0.01,-1,-1,-0.01,-1,-1,-0.01,-1,-1,-0.01,-1,-1,-0.01,-1,-1,-0.01,-1,-1,-0.01,-1,-1,-0.01,-1,-1
99926009,2026-05-18 13:58:37+05:30,53553.4,0,0.0,0,0.0,0.0,53282.15,53613.05,52783.45,53710.35,0,0.0,0.0,0.0,0.0,-0.01,-1,-1,-0.01,-1,-1,-0.01,-1,-1,-0.01,-1,-1,-0.01,-1,-1,-0.01,-1,-1,-0.01,-1,-1,-0.01,-1,-1,-0.01,-1,-1,-0.01,-1,-1
99926009,2026-05-18 13:58:37+05:30,53557.3,0,0.0,0,0.0,0.0,53282.15,53613.05,52783.45,53710.35,0,0.0,0.0,0.0,0.0,-0.01,-1,-1,-0.01,-1,-1,-0.01,-1,-1,-0.01,-1,-1,-0.01,-1,-1,-0.01,-1,-1,-0.01,-1,-1,-0.01,-1,-1,-0.01,-1,-1,-0.01,-1,-1
99926009,2026-05-18 13:58:38+05:30,53555.35,0,0.0,0,0.0,0.0,53282.15,53613.05,52783.45,53710.35,0,0.0,0.0,0.0,0.0,-0.01,-1,-1,-0.01,-1,-1,-0.01,-1,-1,-0.01,-1,-1,-0.01,-1,-1,-0.01,-1,-1,-0.01,-1,-1,-0.01,-1,-1,-0.01,-1,-1,-0.01,-1,-1
99926009,2026-05-18 13:58:38+05:30,53554.3,0,0.0,0,0.0,0.0,53282.15,53613.05,52783.45,53710.35,0,0.0,0.0,0.0,0.0,-0.01,-1,-1,-0.01,-1,-1,-0.01,-1,-1,-0.01,-1,-1,-0.01,-1,-1,-0.01,-1,-1,-0.01,-1,-1,-0.01,-1,-1,-0.01,-1,-1,-0.01,-1,-1
99926009,2026-05-18 13:58:39+05:30,53553.4,0,0.0,0,0.0,0.0,53282.15,53613.05,52783.45,53710.35,0,0.0,0.0,0.0,0.0,-0.01,-1,-1,-0.01,-1,-1,-0.01,-1,-1,-0.01,-1,-1,-0.01,-1,-1,-0.01,-1,-1,-0.01,-1,-1,-0.01,-1,-1,-0.01,-1,-1,-0.01,-1,-1
99926009,2026-05-18 13:58:39+05:30,53553.2,0,0.0,0,0.0,0.0,53282.15,53613.05,52783.45,53710.35,0,0.0,0.0,0.0,0.0,-0.01,-1,-1,-0.01,-1,-1,-0.01,-1,-1,-0.01,-1,-1,-0.01,-1,-1,-0.01,-1,-1,-0.01,-1,-1,-0.01,-1,-1,-0.01,-1,-1,-0.01,-1,-1
99926009,2026-05-18 13:58:40+05:30,53553.75,0,0.0,0,0.0,0.0,53282.15,53613.05,52783.45,53710.35,0,0.0,0.0,0.0,0.0,-0.01,-1,-1,-0.01,-1,-1,-0.01,-1,-1,-0.01,-1,-1,-0.01,-1,-1,-0.01,-1,-1,-0.01,-1,-1,-0.01,-1,-1,-0.01,-1,-1,-0.01,-1,-1
99926009,2026-05-18 13:58:40+05:30,53552.2,0,0.0,0,0.0,0.0,53282.15,53613.05,52783.45,53710.35,0,0.0,0.0,0.0,0.0,-0.01,-1,-1,-0.01,-1,-1,-0.01,-1,-1,-0.01,-1,-1,-0.01,-1,-1,-0.01,-1,-1,-0.01,-1,-1,-0.01,-1,-1,-0.01,-1,-1,-0.01,-1,-1
99926009,2026-05-18 13:58:41+05:30,53553.2,0,0.0,0,0.0,0.0,53282.15,53613.05,52783.45,53710.35,0,0.0,0.0,0.0,0.0,-0.01,-1,-1,-0.01,-1,-1,-0.01,-1,-1,-0.01,-1,-1,-0.01,-1,-1,-0.01,-1,-1,-0.01,-1,-1,-0.01,-1,-1,-0.01,-1,-1,-0.01,-1,-1
99926009,2026-05-18 13:58:41+05:30,53552.4,0,0.0,0,0.0,0.0,53282.15,53613.05,52783.45,53710.35,0,0.0,0.0,0.0,0.0,-0.01,-1,-1,-0.01,-1,-1,-0.01,-1,-1,-0.01,-1,-1,-0.01,-1,-1,-0.01,-1,-1,-0.01,-1,-1,-0.01,-1,-1,-0.01,-1,-1,-0.01,-1,-1
99926009,2026-05-18 13:58:42+05:30,53552.65,0,0.0,0,0.0,0.0,53282.15,53613.05,52783.45,53710.35,0,0.0,0.0,0.0,0.0,-0.01,-1,-1,-0.01,-1,-1,-0.01,-1,-1,-0.01,-1,-1,-0.01,-1,-1,-0.01,-1,-1,-0.01,-1,-1,-0.01,-1,-1,-0.01,-1,-1,-0.01,-1,-1
99926009,2026-05-18 13:58:42+05:30,53552.5,0,0.0,0,0.0,0.0,53282.15,53613.05,52783.45,53710.35,0,0.0,0.0,0.0,0.0,-0.01,-1,-1,-0.01,-1,-1,-0.01,-1,-1,-0.01,-1,-1,-0.01,-1,-1,-0.01,-1,-1,-0.01,-1,-1,-0.01,-1,-1,-0.01,-1,-1,-0.01,-1,-1
99926009,2026-05-18 13:58:43+05:30,53551.35,0,0.0,0,0.0,0.0,53282.15,53613.05,52783.45,53710.35,0,0.0,0.0,0.0,0.0,-0.01,-1,-1,-0.01,-1,-1,-0.01,-1,-1,-0.01,-1,-1,-0.01,-1,-1,-0.01,-1,-1,-0.01,-1,-1,-0.01,-1,-1,-0.01,-1,-1,-0.01,-1,-1
99926009,2026-05-18 13:58:43+05:30,53551.25,0,0.0,0,0.0,0.0,53282.15,53613.05,52783.45,53710.35,0,0.0,0.0,0.0,0.0,-0.01,-1,-1,-0.01,-1,-1,-0.01,-1,-1,-0.01,-1,-1,-0.01,-1,-1,-0.01,-1,-1,-0.01,-1,-1,-0.01,-1,-1,-0.01,-1,-1,-0.01,-1,-1
99926009,2026-05-18 13:58:44+05:30,53550.75,0,0.0,0,0.0,0.0,53282.15,53613.05,52783.45,53710.35,0,0.0,0.0,0.0,0.0,-0.01,-1,-1,-0.01,-1,-1,-0.01,-1,-1,-0.01,-1,-1,-0.01,-1,-1,-0.01,-1,-1,-0.01,-1,-1,-0.01,-1,-1,-0.01,-1,-1,-0.01,-1,-1
99926009,2026-05-18 13:58:44+05:30,53554.7,0,0.0,0,0.0,0.0,53282.15,53613.05,52783.45,53710.35,0,0.0,0.0,0.0,0.0,-0.01,-1,-1,-0.01,-1,-1,-0.01,-1,-1,-0.01,-1,-1,-0.01,-1,-1,-0.01,-1,-1,-0.01,-1,-1,-0.01,-1,-1,-0.01,-1,-1,-0.01,-1,-1
99926009,2026-05-18 13:58:45+05:30,53554.0,0,0.0,0,0.0,0.0,53282.15,53613.05,52783.45,53710.35,0,0.0,0.0,0.0,0.0,-0.01,-1,-1,-0.01,-1,-1,-0.01,-1,-1,-0.01,-1,-1,-0.01,-1,-1,-0.01,-1,-1,-0.01,-1,-1,-0.01,-1,-1,-0.01,-1,-1,-0.01,-1,-1
99926009,2026-05-18 13:58:45+05:30,53551.5,0,0.0,0,0.0,0.0,53282.15,53613.05,52783.45,53710.35,0,0.0,0.0,0.0,0.0,-0.01,-1,-1,-0.01,-1,-1,-0.01,-1,-1,-0.01,-1,-1,-0.01,-1,-1,-0.01,-1,-1,-0.01,-1,-1,-0.01,-1,-1,-0.01,-1,-1,-0.01,-1,-1
99926009,2026-05-18 13:58:46+05:30,53554.8,0,0.0,0,0.0,0.0,53282.15,53613.05,52783.45,53710.35,0,0.0,0.0,0.0,0.0,-0.01,-1,-1,-0.01,-1,-1,-0.01,-1,-1,-0.01,-1,-1,-0.01,-1,-1,-0.01,-1,-1,-0.01,-1,-1,-0.01,-1,-1,-0.01,-1,-1,-0.01,-1,-1
99926009,2026-05-18 13:58:46+05:30,53555.7,0,0.0,0,0.0,0.0,53282.15,53613.05,52783.45,53710.35,0,0.0,0.0,0.0,0.0,-0.01,-1,-1,-0.01,-1,-1,-0.01,-1,-1,-0.01,-1,-1,-0.01,-1,-1,-0.01,-1,-1,-0.01,-1,-1,-0.01,-1,-1,-0.01,-1,-1,-0.01,-1,-1
99926009,2026-05-18 13:58:47+05:30,53555.1,0,0.0,0,0.0,0.0,53282.15,53613.05,52783.45,53710.35,0,0.0,0.0,0.0,0.0,-0.01,-1,-1,-0.01,-1,-1,-0.01,-1,-1,-0.01,-1,-1,-0.01,-1,-1,-0.01,-1,-1,-0.01,-1,-1,-0.01,-1,-1,-0.01,-1,-1,-0.01,-1,-1
99926009,2026-05-18 13:58:47+05:30,53554.6,0,0.0,0,0.0,0.0,53282.15,53613.05,52783.45,53710.35,0,0.0,0.0,0.0,0.0,-0.01,-1,-1,-0.01,-1,-1,-0.01,-1,-1,-0.01,-1,-1,-0.01,-1,-1,-0.01,-1,-1,-0.01,-1,-1,-0.01,-1,-1,-0.01,-1,-1,-0.01,-1,-1
99926009,2026-05-18 13:58:48+05:30,53552.1,0,0.0,0,0.0,0.0,53282.15,53613.05,52783.45,53710.35,0,0.0,0.0,0.0,0.0,-0.01,-1,-1,-0.01,-1,-1,-0.01,-1,-1,-0.01,-1,-1,-0.01,-1,-1,-0.01,-1,-1,-0.01,-1,-1,-0.01,-1,-1,-0.01,-1,-1,-0.01,-1,-1
99926009,2026-05-18 13:58:48+05:30,53553.9,0,0.0,0,0.0,0.0,53282.15,53613.05,52783.45,53710.35,0,0.0,0.0,0.0,0.0,-0.01,-1,-1,-0.01,-1,-1,-0.01,-1,-1,-0.01,-1,-1,-0.01,-1,-1,-0.01,-1,-1,-0.01,-1,-1,-0.01,-1,-1,-0.01,-1,-1,-0.01,-1,-1
99926009,2026-05-18 13:58:49+05:30,53555.2,0,0.0,0,0.0,0.0,53282.15,53613.05,52783.45,53710.35,0,0.0,0.0,0.0,0.0,-0.01,-1,-1,-0.01,-1,-1,-0.01,-1,-1,-0.01,-1,-1,-0.01,-1,-1,-0.01,-1,-1,-0.01,-1,-1,-0.01,-1,-1,-0.01,-1,-1,-0.01,-1,-1
99926009,2026-05-18 13:58:49+05:30,53555.5,0,0.0,0,0.0,0.0,53282.15,53613.05,52783.45,53710.35,0,0.0,0.0,0.0,0.0,-0.01,-1,-1,-0.01,-1,-1,-0.01,-1,-1,-0.01,-1,-1,-0.01,-1,-1,-0.01,-1,-1,-0.01,-1,-1,-0.01,-1,-1,-0.01,-1,-1,-0.01,-1,-1
99926009,2026-05-18 13:58:50+05:30,53555.3,0,0.0,0,0.0,0.0,53282.15,53613.05,52783.45,53710.35,0,0.0,0.0,0.0,0.0,-0.01,-1,-1,-0.01,-1,-1,-0.01,-1,-1,-0.01,-1,-1,-0.01,-1,-1,-0.01,-1,-1,-0.01,-1,-1,-0.01,-1,-1,-0.01,-1,-1,-0.01,-1,-1
99926009,2026-05-18 13:58:50+05:30,53557.6,0,0.0,0,0.0,0.0,53282.15,53613.05,52783.45,53710.35,0,0.0,0.0,0.0,0.0,-0.01,-1,-1,-0.01,-1,-1,-0.01,-1,-1,-0.01,-1,-1,-0.01,-1,-1,-0.01,-1,-1,-0.01,-1,-1,-0.01,-1,-1,-0.01,-1,-1,-0.01,-1,-1
99926009,2026-05-18 13:58:51+05:30,53559.3,0,0.0,0,0.0,0.0,53282.15,53613.05,52783.45,53710.35,0,0.0,0.0,0.0,0.0,-0.01,-1,-1,-0.01,-1,-1,-0.01,-1,-1,-0.01,-1,-1,-0.01,-1,-1,-0.01,-1,-1,-0.01,-1,-1,-0.01,-1,-1,-0.01,-1,-1,-0.01,-1,-1
99926009,2026-05-18 13:58:51+05:30,53565.05,0,0.0,0,0.0,0.0,53282.15,53613.05,52783.45,53710.35,0,0.0,0.0,0.0,0.0,-0.01,-1,-1,-0.01,-1,-1,-0.01,-1,-1,-0.01,-1,-1,-0.01,-1,-1,-0.01,-1,-1,-0.01,-1,-1,-0.01,-1,-1,-0.01,-1,-1,-0.01,-1,-1
99926009,2026-05-18 13:58:52+05:30,53562.9,0,0.0,0,0.0,0.0,53282.15,53613.05,52783.45,53710.35,0,0.0,0.0,0.0,0.0,-0.01,-1,-1,-0.01,-1,-1,-0.01,-1,-1,-0.01,-1,-1,-0.01,-1,-1,-0.01,-1,-1,-0.01,-1,-1,-0.01,-1,-1,-0.01,-1,-1,-0.01,-1,-1
99926009,2026-05-18 13:58:52+05:30,53562.65,0,0.0,0,0.0,0.0,53282.15,53613.05,52783.45,53710.35,0,0.0,0.0,0.0,0.0,-0.01,-1,-1,-0.01,-1,-1,-0.01,-1,-1,-0.01,-1,-1,-0.01,-1,-1,-0.01,-1,-1,-0.01,-1,-1,-0.01,-1,-1,-0.01,-1,-1,-0.01,-1,-1
99926009,2026-05-18 13:58:53+05:30,53562.05,0,0.0,0,0.0,0.0,53282.15,53613.05,52783.45,53710.35,0,0.0,0.0,0.0,0.0,-0.01,-1,-1,-0.01,-1,-1,-0.01,-1,-1,-0.01,-1,-1,-0.01,-1,-1,-0.01,-1,-1,-0.01,-1,-1,-0.01,-1,-1,-0.01,-1,-1,-0.01,-1,-1
99926009,2026-05-18 13:58:53+05:30,53562.15,0,0.0,0,0.0,0.0,53282.15,53613.05,52783.45,53710.35,0,0.0,0.0,0.0,0.0,-0.01,-1,-1,-0.01,-1,-1,-0.01,-1,-1,-0.01,-1,-1,-0.01,-1,-1,-0.01,-1,-1,-0.01,-1,-1,-0.01,-1,-1,-0.01,-1,-1,-0.01,-1,-1
99926009,2026-05-18 13:58:54+05:30,53564.5,0,0.0,0,0.0,0.0,53282.15,53613.05,52783.45,53710.35,0,0.0,0.0,0.0,0.0,-0.01,-1,-1,-0.01,-1,-1,-0.01,-1,-1,-0.01,-1,-1,-0.01,-1,-1,-0.01,-1,-1,-0.01,-1,-1,-0.01,-1,-1,-0.01,-1,-1,-0.01,-1,-1
99926009,2026-05-18 13:58:54+05:30,53564.0,0,0.0,0,0.0,0.0,53282.15,53613.05,52783.45,53710.35,0,0.0,0.0,0.0,0.0,-0.01,-1,-1,-0.01,-1,-1,-0.01,-1,-1,-0.01,-1,-1,-0.01,-1,-1,-0.01,-1,-1,-0.01,-1,-1,-0.01,-1,-1,-0.01,-1,-1,-0.01,-1,-1
99926009,2026-05-18 13:58:55+05:30,53564.15,0,0.0,0,0.0,0.0,53282.15,53613.05,52783.45,53710.35,0,0.0,0.0,0.0,0.0,-0.01,-1,-1,-0.01,-1,-1,-0.01,-1,-1,-0.01,-1,-1,-0.01,-1,-1,-0.01,-1,-1,-0.01,-1,-1,-0.01,-1,-1,-0.01,-1,-1,-0.01,-1,-1
99926009,2026-05-18 13:58:55+05:30,53562.5,0,0.0,0,0.0,0.0,53282.15,53613.05,52783.45,53710.35,0,0.0,0.0,0.0,0.0,-0.01,-1,-1,-0.01,-1,-1,-0.01,-1,-1,-0.01,-1,-1,-0.01,-1,-1,-0.01,-1,-1,-0.01,-1,-1,-0.01,-1,-1,-0.01,-1,-1,-0.01,-1,-1
99926009,2026-05-18 13:58:56+05:30,53564.0,0,0.0,0,0.0,0.0,53282.15,53613.05,52783.45,53710.35,0,0.0,0.0,0.0,0.0,-0.01,-1,-1,-0.01,-1,-1,-0.01,-1,-1,-0.01,-1,-1,-0.01,-1,-1,-0.01,-1,-1,-0.01,-1,-1,-0.01,-1,-1,-0.01,-1,-1,-0.01,-1,-1
99926009,2026-05-18 13:58:56+05:30,53565.25,0,0.0,0,0.0,0.0,53282.15,53613.05,52783.45,53710.35,0,0.0,0.0,0.0,0.0,-0.01,-1,-1,-0.01,-1,-1,-0.01,-1,-1,-0.01,-1,-1,-0.01,-1,-1,-0.01,-1,-1,-0.01,-1,-1,-0.01,-1,-1,-0.01,-1,-1,-0.01,-1,-1
99926009,2026-05-18 13:58:57+05:30,53565.95,0,0.0,0,0.0,0.0,53282.15,53613.05,52783.45,53710.35,0,0.0,0.0,0.0,0.0,-0.01,-1,-1,-0.01,-1,-1,-0.01,-1,-1,-0.01,-1,-1,-0.01,-1,-1,-0.01,-1,-1,-0.01,-1,-1,-0.01,-1,-1,-0.01,-1,-1,-0.01,-1,-1
99926009,2026-05-18 13:58:57+05:30,53566.3,0,0.0,0,0.0,0.0,53282.15,53613.05,52783.45,53710.35,0,0.0,0.0,0.0,0.0,-0.01,-1,-1,-0.01,-1,-1,-0.01,-1,-1,-0.01,-1,-1,-0.01,-1,-1,-0.01,-1,-1,-0.01,-1,-1,-0.01,-1,-1,-0.01,-1,-1,-0.01,-1,-1
99926009,2026-05-18 13:58:58+05:30,53566.6,0,0.0,0,0.0,0.0,53282.15,53613.05,52783.45,53710.35,0,0.0,0.0,0.0,0.0,-0.01,-1,-1,-0.01,-1,-1,-0.01,-1,-1,-0.01,-1,-1,-0.01,-1,-1,-0.01,-1,-1,-0.01,-1,-1,-0.01,-1,-1,-0.01,-1,-1,-0.01,-1,-1
99926009,2026-05-18 13:58:58+05:30,53569.0,0,0.0,0,0.0,0.0,53282.15,53613.05,52783.45,53710.35,0,0.0,0.0,0.0,0.0,-0.01,-1,-1,-0.01,-1,-1,-0.01,-1,-1,-0.01,-1,-1,-0.01,-1,-1,-0.01,-1,-1,-0.01,-1,-1,-0.01,-1,-1,-0.01,-1,-1,-0.01,-1,-1
99926009,2026-05-18 13:58:59+05:30,53567.3,0,0.0,0,0.0,0.0,53282.15,53613.05,52783.45,53710.35,0,0.0,0.0,0.0,0.0,-0.01,-1,-1,-0.01,-1,-1,-0.01,-1,-1,-0.01,-1,-1,-0.01,-1,-1,-0.01,-1,-1,-0.01,-1,-1,-0.01,-1,-1,-0.01,-1,-1,-0.01,-1,-1
99926009,2026-05-18 13:58:59+05:30,53565.85,0,0.0,0,0.0,0.0,53282.15,53613.05,52783.45,53710.35,0,0.0,0.0,0.0,0.0,-0.01,-1,-1,-0.01,-1,-1,-0.01,-1,-1,-0.01,-1,-1,-0.01,-1,-1,-0.01,-1,-1,-0.01,-1,-1,-0.01,-1,-1,-0.01,-1,-1,-0.01,-1,-1
99926009,2026-05-18 13:59:00+05:30,53570.2,0,0.0,0,0.0,0.0,53282.15,53613.05,52783.45,53710.35,0,0.0,0.0,0.0,0.0,-0.01,-1,-1,-0.01,-1,-1,-0.01,-1,-1,-0.01,-1,-1,-0.01,-1,-1,-0.01,-1,-1,-0.01,-1,-1,-0.01,-1,-1,-0.01,-1,-1,-0.01,-1,-1
99926009,2026-05-18 13:59:00+05:30,53572.0,0,0.0,0,0.0,0.0,53282.15,53613.05,52783.45,53710.35,0,0.0,0.0,0.0,0.0,-0.01,-1,-1,-0.01,-1,-1,-0.01,-1,-1,-0.01,-1,-1,-0.01,-1,-1,-0.01,-1,-1,-0.01,-1,-1,-0.01,-1,-1,-0.01,-1,-1,-0.01,-1,-1
99926009,2026-05-18 13:59:01+05:30,53574.45,0,0.0,0,0.0,0.0,53282.15,53613.05,52783.45,53710.35,0,0.0,0.0,0.0,0.0,-0.01,-1,-1,-0.01,-1,-1,-0.01,-1,-1,-0.01,-1,-1,-0.01,-1,-1,-0.01,-1,-1,-0.01,-1,-1,-0.01,-1,-1,-0.01,-1,-1,-0.01,-1,-1
99926009,2026-05-18 13:59:01+05:30,53573.85,0,0.0,0,0.0,0.0,53282.15,53613.05,52783.45,53710.35,0,0.0,0.0,0.0,0.0,-0.01,-1,-1,-0.01,-1,-1,-0.01,-1,-1,-0.01,-1,-1,-0.01,-1,-1,-0.01,-1,-1,-0.01,-1,-1,-0.01,-1,-1,-0.01,-1,-1,-0.01,-1,-1
99926009,2026-05-18 13:59:02+05:30,53571.5,0,0.0,0,0.0,0.0,53282.15,53613.05,52783.45,53710.35,0,0.0,0.0,0.0,0.0,-0.01,-1,-1,-0.01,-1,-1,-0.01,-1,-1,-0.01,-1,-1,-0.01,-1,-1,-0.01,-1,-1,-0.01,-1,-1,-0.01,-1,-1,-0.01,-1,-1,-0.01,-1,-1
99926009,2026-05-18 13:59:02+05:30,53570.9,0,0.0,0,0.0,0.0,53282.15,53613.05,52783.45,53710.35,0,0.0,0.0,0.0,0.0,-0.01,-1,-1,-0.01,-1,-1,-0.01,-1,-1,-0.01,-1,-1,-0.01,-1,-1,-0.01,-1,-1,-0.01,-1,-1,-0.01,-1,-1,-0.01,-1,-1,-0.01,-1,-1
99926009,2026-05-18 13:59:03+05:30,53570.9,0,0.0,0,0.0,0.0,53282.15,53613.05,52783.45,53710.35,0,0.0,0.0,0.0,0.0,-0.01,-1,-1,-0.01,-1,-1,-0.01,-1,-1,-0.01,-1,-1,-0.01,-1,-1,-0.01,-1,-1,-0.01,-1,-1,-0.01,-1,-1,-0.01,-1,-1,-0.01,-1,-1
99926009,2026-05-18 13:59:03+05:30,53569.7,0,0.0,0,0.0,0.0,53282.15,53613.05,52783.45,53710.35,0,0.0,0.0,0.0,0.0,-0.01,-1,-1,-0.01,-1,-1,-0.01,-1,-1,-0.01,-1,-1,-0.01,-1,-1,-0.01,-1,-1,-0.01,-1,-1,-0.01,-1,-1,-0.01,-1,-1,-0.01,-1,-1
99926009,2026-05-18 13:59:04+05:30,53574.25,0,0.0,0,0.0,0.0,53282.15,53613.05,52783.45,53710.35,0,0.0,0.0,0.0,0.0,-0.01,-1,-1,-0.01,-1,-1,-0.01,-1,-1,-0.01,-1,-1,-0.01,-1,-1,-0.01,-1,-1,-0.01,-1,-1,-0.01,-1,-1,-0.01,-1,-1,-0.01,-1,-1
99926009,2026-05-18 13:59:04+05:30,53572.8,0,0.0,0,0.0,0.0,53282.15,53613.05,52783.45,53710.35,0,0.0,0.0,0.0,0.0,-0.01,-1,-1,-0.01,-1,-1,-0.01,-1,-1,-0.01,-1,-1,-0.01,-1,-1,-0.01,-1,-1,-0.01,-1,-1,-0.01,-1,-1,-0.01,-1,-1,-0.01,-1,-1
99926009,2026-05-18 13:59:05+05:30,53573.25,0,0.0,0,0.0,0.0,53282.15,53613.05,52783.45,53710.35,0,0.0,0.0,0.0,0.0,-0.01,-1,-1,-0.01,-1,-1,-0.01,-1,-1,-0.01,-1,-1,-0.01,-1,-1,-0.01,-1,-1,-0.01,-1,-1,-0.01,-1,-1,-0.01,-1,-1,-0.01,-1,-1
99926009,2026-05-18 13:59:05+05:30,53571.65,0,0.0,0,0.0,0.0,53282.15,53613.05,52783.45,53710.35,0,0.0,0.0,0.0,0.0,-0.01,-1,-1,-0.01,-1,-1,-0.01,-1,-1,-0.01,-1,-1,-0.01,-1,-1,-0.01,-1,-1,-0.01,-1,-1,-0.01,-1,-1,-0.01,-1,-1,-0.01,-1,-1
99926009,2026-05-18 13:59:06+05:30,53573.0,0,0.0,0,0.0,0.0,53282.15,53613.05,52783.45,53710.35,0,0.0,0.0,0.0,0.0,-0.01,-1,-1,-0.01,-1,-1,-0.01,-1,-1,-0.01,-1,-1,-0.01,-1,-1,-0.01,-1,-1,-0.01,-1,-1,-0.01,-1,-1,-0.01,-1,-1,-0.01,-1,-1
99926009,2026-05-18 13:59:06+05:30,53572.2,0,0.0,0,0.0,0.0,53282.15,53613.05,52783.45,53710.35,0,0.0,0.0,0.0,0.0,-0.01,-1,-1,-0.01,-1,-1,-0.01,-1,-1,-0.01,-1,-1,-0.01,-1,-1,-0.01,-1,-1,-0.01,-1,-1,-0.01,-1,-1,-0.01,-1,-1,-0.01,-1,-1
99926009,2026-05-18 13:59:07+05:30,53570.95,0,0.0,0,0.0,0.0,53282.15,53613.05,52783.45,53710.35,0,0.0,0.0,0.0,0.0,-0.01,-1,-1,-0.01,-1,-1,-0.01,-1,-1,-0.01,-1,-1,-0.01,-1,-1,-0.01,-1,-1,-0.01,-1,-1,-0.01,-1,-1,-0.01,-1,-1,-0.01,-1,-1
99926009,2026-05-18 13:59:07+05:30,53571.05,0,0.0,0,0.0,0.0,53282.15,53613.05,52783.45,53710.35,0,0.0,0.0,0.0,0.0,-0.01,-1,-1,-0.01,-1,-1,-0.01,-1,-1,-0.01,-1,-1,-0.01,-1,-1,-0.01,-1,-1,-0.01,-1,-1,-0.01,-1,-1,-0.01,-1,-1,-0.01,-1,-1
99926009,2026-05-18 13:59:08+05:30,53570.75,0,0.0,0,0.0,0.0,53282.15,53613.05,52783.45,53710.35,0,0.0,0.0,0.0,0.0,-0.01,-1,-1,-0.01,-1,-1,-0.01,-1,-1,-0.01,-1,-1,-0.01,-1,-1,-0.01,-1,-1,-0.01,-1,-1,-0.01,-1,-1,-0.01,-1,-1,-0.01,-1,-1
99926009,2026-05-18 13:59:08+05:30,53569.6,0,0.0,0,0.0,0.0,53282.15,53613.05,52783.45,53710.35,0,0.0,0.0,0.0,0.0,-0.01,-1,-1,-0.01,-1,-1,-0.01,-1,-1,-0.01,-1,-1,-0.01,-1,-1,-0.01,-1,-1,-0.01,-1,-1,-0.01,-1,-1,-0.01,-1,-1,-0.01,-1,-1
99926009,2026-05-18 13:59:09+05:30,53570.8,0,0.0,0,0.0,0.0,53282.15,53613.05,52783.45,53710.35,0,0.0,0.0,0.0,0.0,-0.01,-1,-1,-0.01,-1,-1,-0.01,-1,-1,-0.01,-1,-1,-0.01,-1,-1,-0.01,-1,-1,-0.01,-1,-1,-0.01,-1,-1,-0.01,-1,-1,-0.01,-1,-1
99926009,2026-05-18 13:59:09+05:30,53571.1,0,0.0,0,0.0,0.0,53282.15,53613.05,52783.45,53710.35,0,0.0,0.0,0.0,0.0,-0.01,-1,-1,-0.01,-1,-1,-0.01,-1,-1,-0.01,-1,-1,-0.01,-1,-1,-0.01,-1,-1,-0.01,-1,-1,-0.01,-1,-1,-0.01,-1,-1,-0.01,-1,-1
99926009,2026-05-18 13:59:10+05:30,53570.65,0,0.0,0,0.0,0.0,53282.15,53613.05,52783.45,53710.35,0,0.0,0.0,0.0,0.0,-0.01,-1,-1,-0.01,-1,-1,-0.01,-1,-1,-0.01,-1,-1,-0.01,-1,-1,-0.01,-1,-1,-0.01,-1,-1,-0.01,-1,-1,-0.01,-1,-1,-0.01,-1,-1
99926009,2026-05-18 13:59:10+05:30,53570.55,0,0.0,0,0.0,0.0,53282.15,53613.05,52783.45,53710.35,0,0.0,0.0,0.0,0.0,-0.01,-1,-1,-0.01,-1,-1,-0.01,-1,-1,-0.01,-1,-1,-0.01,-1,-1,-0.01,-1,-1,-0.01,-1,-1,-0.01,-1,-1,-0.01,-1,-1,-0.01,-1,-1
99926009,2026-05-18 13:59:11+05:30,53573.2,0,0.0,0,0.0,0.0,53282.15,53613.05,52783.45,53710.35,0,0.0,0.0,0.0,0.0,-0.01,-1,-1,-0.01,-1,-1,-0.01,-1,-1,-0.01,-1,-1,-0.01,-1,-1,-0.01,-1,-1,-0.01,-1,-1,-0.01,-1,-1,-0.01,-1,-1,-0.01,-1,-1
99926009,2026-05-18 13:59:11+05:30,53572.3,0,0.0,0,0.0,0.0,53282.15,53613.05,52783.45,53710.35,0,0.0,0.0,0.0,0.0,-0.01,-1,-1,-0.01,-1,-1,-0.01,-1,-1,-0.01,-1,-1,-0.01,-1,-1,-0.01,-1,-1,-0.01,-1,-1,-0.01,-1,-1,-0.01,-1,-1,-0.01,-1,-1
99926009,2026-05-18 13:59:12+05:30,53571.95,0,0.0,0,0.0,0.0,53282.15,53613.05,52783.45,53710.35,0,0.0,0.0,0.0,0.0,-0.01,-1,-1,-0.01,-1,-1,-0.01,-1,-1,-0.01,-1,-1,-0.01,-1,-1,-0.01,-1,-1,-0.01,-1,-1,-0.01,-1,-1,-0.01,-1,-1,-0.01,-1,-1
99926009,2026-05-18 13:59:12+05:30,53572.25,0,0.0,0,0.0,0.0,53282.15,53613.05,52783.45,53710.35,0,0.0,0.0,0.0,0.0,-0.01,-1,-1,-0.01,-1,-1,-0.01,-1,-1,-0.01,-1,-1,-0.01,-1,-1,-0.01,-1,-1,-0.01,-1,-1,-0.01,-1,-1,-0.01,-1,-1,-0.01,-1,-1
99926009,2026-05-18 13:59:13+05:30,53575.2,0,0.0,0,0.0,0.0,53282.15,53613.05,52783.45,53710.35,0,0.0,0.0,0.0,0.0,-0.01,-1,-1,-0.01,-1,-1,-0.01,-1,-1,-0.01,-1,-1,-0.01,-1,-1,-0.01,-1,-1,-0.01,-1,-1,-0.01,-1,-1,-0.01,-1,-1,-0.01,-1,-1
99926009,2026-05-18 13:59:13+05:30,53573.5,0,0.0,0,0.0,0.0,53282.15,53613.05,52783.45,53710.35,0,0.0,0.0,0.0,0.0,-0.01,-1,-1,-0.01,-1,-1,-0.01,-1,-1,-0.01,-1,-1,-0.01,-1,-1,-0.01,-1,-1,-0.01,-1,-1,-0.01,-1,-1,-0.01,-1,-1,-0.01,-1,-1
99926009,2026-05-18 13:59:14+05:30,53574.0,0,0.0,0,0.0,0.0,53282.15,53613.05,52783.45,53710.35,0,0.0,0.0,0.0,0.0,-0.01,-1,-1,-0.01,-1,-1,-0.01,-1,-1,-0.01,-1,-1,-0.01,-1,-1,-0.01,-1,-1,-0.01,-1,-1,-0.01,-1,-1,-0.01,-1,-1,-0.01,-1,-1
99926009,2026-05-18 13:59:14+05:30,53571.95,0,0.0,0,0.0,0.0,53282.15,53613.05,52783.45,53710.35,0,0.0,0.0,0.0,0.0,-0.01,-1,-1,-0.01,-1,-1,-0.01,-1,-1,-0.01,-1,-1,-0.01,-1,-1,-0.01,-1,-1,-0.01,-1,-1,-0.01,-1,-1,-0.01,-1,-1,-0.01,-1,-1
99926009,2026-05-18 13:59:15+05:30,53571.45,0,0.0,0,0.0,0.0,53282.15,53613.05,52783.45,53710.35,0,0.0,0.0,0.0,0.0,-0.01,-1,-1,-0.01,-1,-1,-0.01,-1,-1,-0.01,-1,-1,-0.01,-1,-1,-0.01,-1,-1,-0.01,-1,-1,-0.01,-1,-1,-0.01,-1,-1,-0.01,-1,-1
99926009,2026-05-18 13:59:15+05:30,53570.35,0,0.0,0,0.0,0.0,53282.15,53613.05,52783.45,53710.35,0,0.0,0.0,0.0,0.0,-0.01,-1,-1,-0.01,-1,-1,-0.01,-1,-1,-0.01,-1,-1,-0.01,-1,-1,-0.01,-1,-1,-0.01,-1,-1,-0.01,-1,-1,-0.01,-1,-1,-0.01,-1,-1
99926009,2026-05-18 13:59:16+05:30,53572.2,0,0.0,0,0.0,0.0,53282.15,53613.05,52783.45,53710.35,0,0.0,0.0,0.0,0.0,-0.01,-1,-1,-0.01,-1,-1,-0.01,-1,-1,-0.01,-1,-1,-0.01,-1,-1,-0.01,-1,-1,-0.01,-1,-1,-0.01,-1,-1,-0.01,-1,-1,-0.01,-1,-1
99926009,2026-05-18 13:59:16+05:30,53572.4,0,0.0,0,0.0,0.0,53282.15,53613.05,52783.45,53710.35,0,0.0,0.0,0.0,0.0,-0.01,-1,-1,-0.01,-1,-1,-0.01,-1,-1,-0.01,-1,-1,-0.01,-1,-1,-0.01,-1,-1,-0.01,-1,-1,-0.01,-1,-1,-0.01,-1,-1,-0.01,-1,-1
99926009,2026-05-18 13:59:17+05:30,53571.1,0,0.0,0,0.0,0.0,53282.15,53613.05,52783.45,53710.35,0,0.0,0.0,0.0,0.0,-0.01,-1,-1,-0.01,-1,-1,-0.01,-1,-1,-0.01,-1,-1,-0.01,-1,-1,-0.01,-1,-1,-0.01,-1,-1,-0.01,-1,-1,-0.01,-1,-1,-0.01,-1,-1
99926009,2026-05-18 13:59:17+05:30,53572.3,0,0.0,0,0.0,0.0,53282.15,53613.05,52783.45,53710.35,0,0.0,0.0,0.0,0.0,-0.01,-1,-1,-0.01,-1,-1,-0.01,-1,-1,-0.01,-1,-1,-0.01,-1,-1,-0.01,-1,-1,-0.01,-1,-1,-0.01,-1,-1,-0.01,-1,-1,-0.01,-1,-1
99926009,2026-05-18 13:59:18+05:30,53571.5,0,0.0,0,0.0,0.0,53282.15,53613.05,52783.45,53710.35,0,0.0,0.0,0.0,0.0,-0.01,-1,-1,-0.01,-1,-1,-0.01,-1,-1,-0.01,-1,-1,-0.01,-1,-1,-0.01,-1,-1,-0.01,-1,-1,-0.01,-1,-1,-0.01,-1,-1,-0.01,-1,-1
99926009,2026-05-18 13:59:18+05:30,53574.7,0,0.0,0,0.0,0.0,53282.15,53613.05,52783.45,53710.35,0,0.0,0.0,0.0,0.0,-0.01,-1,-1,-0.01,-1,-1,-0.01,-1,-1,-0.01,-1,-1,-0.01,-1,-1,-0.01,-1,-1,-0.01,-1,-1,-0.01,-1,-1,-0.01,-1,-1,-0.01,-1,-1
99926009,2026-05-18 13:59:19+05:30,53576.6,0,0.0,0,0.0,0.0,53282.15,53613.05,52783.45,53710.35,0,0.0,0.0,0.0,0.0,-0.01,-1,-1,-0.01,-1,-1,-0.01,-1,-1,-0.01,-1,-1,-0.01,-1,-1,-0.01,-1,-1,-0.01,-1,-1,-0.01,-1,-1,-0.01,-1,-1,-0.01,-1,-1
99926009,2026-05-18 13:59:19+05:30,53574.65,0,0.0,0,0.0,0.0,53282.15,53613.05,52783.45,53710.35,0,0.0,0.0,0.0,0.0,-0.01,-1,-1,-0.01,-1,-1,-0.01,-1,-1,-0.01,-1,-1,-0.01,-1,-1,-0.01,-1,-1,-0.01,-1,-1,-0.01,-1,-1,-0.01,-1,-1,-0.01,-1,-1
99926009,2026-05-18 13:59:20+05:30,53576.85,0,0.0,0,0.0,0.0,53282.15,53613.05,52783.45,53710.35,0,0.0,0.0,0.0,0.0,-0.01,-1,-1,-0.01,-1,-1,-0.01,-1,-1,-0.01,-1,-1,-0.01,-1,-1,-0.01,-1,-1,-0.01,-1,-1,-0.01,-1,-1,-0.01,-1,-1,-0.01,-1,-1
99926009,2026-05-18 13:59:20+05:30,53574.3,0,0.0,0,0.0,0.0,53282.15,53613.05,52783.45,53710.35,0,0.0,0.0,0.0,0.0,-0.01,-1,-1,-0.01,-1,-1,-0.01,-1,-1,-0.01,-1,-1,-0.01,-1,-1,-0.01,-1,-1,-0.01,-1,-1,-0.01,-1,-1,-0.01,-1,-1,-0.01,-1,-1
99926009,2026-05-18 13:59:21+05:30,53576.1,0,0.0,0,0.0,0.0,53282.15,53613.05,52783.45,53710.35,0,0.0,0.0,0.0,0.0,-0.01,-1,-1,-0.01,-1,-1,-0.01,-1,-1,-0.01,-1,-1,-0.01,-1,-1,-0.01,-1,-1,-0.01,-1,-1,-0.01,-1,-1,-0.01,-1,-1,-0.01,-1,-1
99926009,2026-05-18 13:59:21+05:30,53578.15,0,0.0,0,0.0,0.0,53282.15,53613.05,52783.45,53710.35,0,0.0,0.0,0.0,0.0,-0.01,-1,-1,-0.01,-1,-1,-0.01,-1,-1,-0.01,-1,-1,-0.01,-1,-1,-0.01,-1,-1,-0.01,-1,-1,-0.01,-1,-1,-0.01,-1,-1,-0.01,-1,-1
99926009,2026-05-18 13:59:22+05:30,53578.15,0,0.0,0,0.0,0.0,53282.15,53613.05,52783.45,53710.35,0,0.0,0.0,0.0,0.0,-0.01,-1,-1,-0.01,-1,-1,-0.01,-1,-1,-0.01,-1,-1,-0.01,-1,-1,-0.01,-1,-1,-0.01,-1,-1,-0.01,-1,-1,-0.01,-1,-1,-0.01,-1,-1
99926009,2026-05-18 13:59:22+05:30,53574.3,0,0.0,0,0.0,0.0,53282.15,53613.05,52783.45,53710.35,0,0.0,0.0,0.0,0.0,-0.01,-1,-1,-0.01,-1,-1,-0.01,-1,-1,-0.01,-1,-1,-0.01,-1,-1,-0.01,-1,-1,-0.01,-1,-1,-0.01,-1,-1,-0.01,-1,-1,-0.01,-1,-1
99926009,2026-05-18 13:59:23+05:30,53578.15,0,0.0,0,0.0,0.0,53282.15,53613.05,52783.45,53710.35,0,0.0,0.0,0.0,0.0,-0.01,-1,-1,-0.01,-1,-1,-0.01,-1,-1,-0.01,-1,-1,-0.01,-1,-1,-0.01,-1,-1,-0.01,-1,-1,-0.01,-1,-1,-0.01,-1,-1,-0.01,-1,-1
99926009,2026-05-18 13:59:23+05:30,53582.6,0,0.0,0,0.0,0.0,53282.15,53613.05,52783.45,53710.35,0,0.0,0.0,0.0,0.0,-0.01,-1,-1,-0.01,-1,-1,-0.01,-1,-1,-0.01,-1,-1,-0.01,-1,-1,-0.01,-1,-1,-0.01,-1,-1,-0.01,-1,-1,-0.01,-1,-1,-0.01,-1,-1
99926009,2026-05-18 13:59:24+05:30,53584.6,0,0.0,0,0.0,0.0,53282.15,53613.05,52783.45,53710.35,0,0.0,0.0,0.0,0.0,-0.01,-1,-1,-0.01,-1,-1,-0.01,-1,-1,-0.01,-1,-1,-0.01,-1,-1,-0.01,-1,-1,-0.01,-1,-1,-0.01,-1,-1,-0.01,-1,-1,-0.01,-1,-1
99926009,2026-05-18 13:59:24+05:30,53585.6,0,0.0,0,0.0,0.0,53282.15,53613.05,52783.45,53710.35,0,0.0,0.0,0.0,0.0,-0.01,-1,-1,-0.01,-1,-1,-0.01,-1,-1,-0.01,-1,-1,-0.01,-1,-1,-0.01,-1,-1,-0.01,-1,-1,-0.01,-1,-1,-0.01,-1,-1,-0.01,-1,-1
99926009,2026-05-18 13:59:25+05:30,53584.75,0,0.0,0,0.0,0.0,53282.15,53613.05,52783.45,53710.35,0,0.0,0.0,0.0,0.0,-0.01,-1,-1,-0.01,-1,-1,-0.01,-1,-1,-0.01,-1,-1,-0.01,-1,-1,-0.01,-1,-1,-0.01,-1,-1,-0.01,-1,-1,-0.01,-1,-1,-0.01,-1,-1
99926009,2026-05-18 13:59:25+05:30,53586.15,0,0.0,0,0.0,0.0,53282.15,53613.05,52783.45,53710.35,0,0.0,0.0,0.0,0.0,-0.01,-1,-1,-0.01,-1,-1,-0.01,-1,-1,-0.01,-1,-1,-0.01,-1,-1,-0.01,-1,-1,-0.01,-1,-1,-0.01,-1,-1,-0.01,-1,-1,-0.01,-1,-1
99926009,2026-05-18 13:59:26+05:30,53585.85,0,0.0,0,0.0,0.0,53282.15,53613.05,52783.45,53710.35,0,0.0,0.0,0.0,0.0,-0.01,-1,-1,-0.01,-1,-1,-0.01,-1,-1,-0.01,-1,-1,-0.01,-1,-1,-0.01,-1,-1,-0.01,-1,-1,-0.01,-1,-1,-0.01,-1,-1,-0.01,-1,-1
99926009,2026-05-18 13:59:26+05:30,53586.7,0,0.0,0,0.0,0.0,53282.15,53613.05,52783.45,53710.35,0,0.0,0.0,0.0,0.0,-0.01,-1,-1,-0.01,-1,-1,-0.01,-1,-1,-0.01,-1,-1,-0.01,-1,-1,-0.01,-1,-1,-0.01,-1,-1,-0.01,-1,-1,-0.01,-1,-1,-0.01,-1,-1
99926009,2026-05-18 13:59:27+05:30,53585.65,0,0.0,0,0.0,0.0,53282.15,53613.05,52783.45,53710.35,0,0.0,0.0,0.0,0.0,-0.01,-1,-1,-0.01,-1,-1,-0.01,-1,-1,-0.01,-1,-1,-0.01,-1,-1,-0.01,-1,-1,-0.01,-1,-1,-0.01,-1,-1,-0.01,-1,-1,-0.01,-1,-1
99926009,2026-05-18 13:59:27+05:30,53582.9,0,0.0,0,0.0,0.0,53282.15,53613.05,52783.45,53710.35,0,0.0,0.0,0.0,0.0,-0.01,-1,-1,-0.01,-1,-1,-0.01,-1,-1,-0.01,-1,-1,-0.01,-1,-1,-0.01,-1,-1,-0.01,-1,-1,-0.01,-1,-1,-0.01,-1,-1,-0.01,-1,-1
99926009,2026-05-18 13:59:28+05:30,53585.25,0,0.0,0,0.0,0.0,53282.15,53613.05,52783.45,53710.35,0,0.0,0.0,0.0,0.0,-0.01,-1,-1,-0.01,-1,-1,-0.01,-1,-1,-0.01,-1,-1,-0.01,-1,-1,-0.01,-1,-1,-0.01,-1,-1,-0.01,-1,-1,-0.01,-1,-1,-0.01,-1,-1
99926009,2026-05-18 13:59:28+05:30,53582.0,0,0.0,0,0.0,0.0,53282.15,53613.05,52783.45,53710.35,0,0.0,0.0,0.0,0.0,-0.01,-1,-1,-0.01,-1,-1,-0.01,-1,-1,-0.01,-1,-1,-0.01,-1,-1,-0.01,-1,-1,-0.01,-1,-1,-0.01,-1,-1,-0.01,-1,-1,-0.01,-1,-1
99926009,2026-05-18 13:59:29+05:30,53579.9,0,0.0,0,0.0,0.0,53282.15,53613.05,52783.45,53710.35,0,0.0,0.0,0.0,0.0,-0.01,-1,-1,-0.01,-1,-1,-0.01,-1,-1,-0.01,-1,-1,-0.01,-1,-1,-0.01,-1,-1,-0.01,-1,-1,-0.01,-1,-1,-0.01,-1,-1,-0.01,-1,-1
99926009,2026-05-18 13:59:29+05:30,53579.1,0,0.0,0,0.0,0.0,53282.15,53613.05,52783.45,53710.35,0,0.0,0.0,0.0,0.0,-0.01,-1,-1,-0.01,-1,-1,-0.01,-1,-1,-0.01,-1,-1,-0.01,-1,-1,-0.01,-1,-1,-0.01,-1,-1,-0.01,-1,-1,-0.01,-1,-1,-0.01,-1,-1
99926009,2026-05-18 13:59:30+05:30,53579.9,0,0.0,0,0.0,0.0,53282.15,53613.05,52783.45,53710.35,0,0.0,0.0,0.0,0.0,-0.01,-1,-1,-0.01,-1,-1,-0.01,-1,-1,-0.01,-1,-1,-0.01,-1,-1,-0.01,-1,-1,-0.01,-1,-1,-0.01,-1,-1,-0.01,-1,-1,-0.01,-1,-1
99926009,2026-05-18 13:59:30+05:30,53578.45,0,0.0,0,0.0,0.0,53282.15,53613.05,52783.45,53710.35,0,0.0,0.0,0.0,0.0,-0.01,-1,-1,-0.01,-1,-1,-0.01,-1,-1,-0.01,-1,-1,-0.01,-1,-1,-0.01,-1,-1,-0.01,-1,-1,-0.01,-1,-1,-0.01,-1,-1,-0.01,-1,-1
99926009,2026-05-18 13:59:31+05:30,53582.3,0,0.0,0,0.0,0.0,53282.15,53613.05,52783.45,53710.35,0,0.0,0.0,0.0,0.0,-0.01,-1,-1,-0.01,-1,-1,-0.01,-1,-1,-0.01,-1,-1,-0.01,-1,-1,-0.01,-1,-1,-0.01,-1,-1,-0.01,-1,-1,-0.01,-1,-1,-0.01,-1,-1
99926009,2026-05-18 13:59:31+05:30,53577.25,0,0.0,0,0.0,0.0,53282.15,53613.05,52783.45,53710.35,0,0.0,0.0,0.0,0.0,-0.01,-1,-1,-0.01,-1,-1,-0.01,-1,-1,-0.01,-1,-1,-0.01,-1,-1,-0.01,-1,-1,-0.01,-1,-1,-0.01,-1,-1,-0.01,-1,-1,-0.01,-1,-1
99926009,2026-05-18 13:59:32+05:30,53579.05,0,0.0,0,0.0,0.0,53282.15,53613.05,52783.45,53710.35,0,0.0,0.0,0.0,0.0,-0.01,-1,-1,-0.01,-1,-1,-0.01,-1,-1,-0.01,-1,-1,-0.01,-1,-1,-0.01,-1,-1,-0.01,-1,-1,-0.01,-1,-1,-0.01,-1,-1,-0.01,-1,-1
99926009,2026-05-18 13:59:32+05:30,53578.5,0,0.0,0,0.0,0.0,53282.15,53613.05,52783.45,53710.35,0,0.0,0.0,0.0,0.0,-0.01,-1,-1,-0.01,-1,-1,-0.01,-1,-1,-0.01,-1,-1,-0.01,-1,-1,-0.01,-1,-1,-0.01,-1,-1,-0.01,-1,-1,-0.01,-1,-1,-0.01,-1,-1
99926009,2026-05-18 13:59:33+05:30,53578.15,0,0.0,0,0.0,0.0,53282.15,53613.05,52783.45,53710.35,0,0.0,0.0,0.0,0.0,-0.01,-1,-1,-0.01,-1,-1,-0.01,-1,-1,-0.01,-1,-1,-0.01,-1,-1,-0.01,-1,-1,-0.01,-1,-1,-0.01,-1,-1,-0.01,-1,-1,-0.01,-1,-1
99926009,2026-05-18 13:59:33+05:30,53578.55,0,0.0,0,0.0,0.0,53282.15,53613.05,52783.45,53710.35,0,0.0,0.0,0.0,0.0,-0.01,-1,-1,-0.01,-1,-1,-0.01,-1,-1,-0.01,-1,-1,-0.01,-1,-1,-0.01,-1,-1,-0.01,-1,-1,-0.01,-1,-1,-0.01,-1,-1,-0.01,-1,-1
99926009,2026-05-18 13:59:34+05:30,53574.0,0,0.0,0,0.0,0.0,53282.15,53613.05,52783.45,53710.35,0,0.0,0.0,0.0,0.0,-0.01,-1,-1,-0.01,-1,-1,-0.01,-1,-1,-0.01,-1,-1,-0.01,-1,-1,-0.01,-1,-1,-0.01,-1,-1,-0.01,-1,-1,-0.01,-1,-1,-0.01,-1,-1
99926009,2026-05-18 13:59:34+05:30,53575.8,0,0.0,0,0.0,0.0,53282.15,53613.05,52783.45,53710.35,0,0.0,0.0,0.0,0.0,-0.01,-1,-1,-0.01,-1,-1,-0.01,-1,-1,-0.01,-1,-1,-0.01,-1,-1,-0.01,-1,-1,-0.01,-1,-1,-0.01,-1,-1,-0.01,-1,-1,-0.01,-1,-1
99926009,2026-05-18 13:59:35+05:30,53573.95,0,0.0,0,0.0,0.0,53282.15,53613.05,52783.45,53710.35,0,0.0,0.0,0.0,0.0,-0.01,-1,-1,-0.01,-1,-1,-0.01,-1,-1,-0.01,-1,-1,-0.01,-1,-1,-0.01,-1,-1,-0.01,-1,-1,-0.01,-1,-1,-0.01,-1,-1,-0.01,-1,-1
99926009,2026-05-18 13:59:35+05:30,53574.8,0,0.0,0,0.0,0.0,53282.15,53613.05,52783.45,53710.35,0,0.0,0.0,0.0,0.0,-0.01,-1,-1,-0.01,-1,-1,-0.01,-1,-1,-0.01,-1,-1,-0.01,-1,-1,-0.01,-1,-1,-0.01,-1,-1,-0.01,-1,-1,-0.01,-1,-1,-0.01,-1,-1
99926009,2026-05-18 13:59:36+05:30,53574.0,0,0.0,0,0.0,0.0,53282.15,53613.05,52783.45,53710.35,0,0.0,0.0,0.0,0.0,-0.01,-1,-1,-0.01,-1,-1,-0.01,-1,-1,-0.01,-1,-1,-0.01,-1,-1,-0.01,-1,-1,-0.01,-1,-1,-0.01,-1,-1,-0.01,-1,-1,-0.01,-1,-1
99926009,2026-05-18 13:59:36+05:30,53574.35,0,0.0,0,0.0,0.0,53282.15,53613.05,52783.45,53710.35,0,0.0,0.0,0.0,0.0,-0.01,-1,-1,-0.01,-1,-1,-0.01,-1,-1,-0.01,-1,-1,-0.01,-1,-1,-0.01,-1,-1,-0.01,-1,-1,-0.01,-1,-1,-0.01,-1,-1,-0.01,-1,-1
99926009,2026-05-18 13:59:37+05:30,53570.65,0,0.0,0,0.0,0.0,53282.15,53613.05,52783.45,53710.35,0,0.0,0.0,0.0,0.0,-0.01,-1,-1,-0.01,-1,-1,-0.01,-1,-1,-0.01,-1,-1,-0.01,-1,-1,-0.01,-1,-1,-0.01,-1,-1,-0.01,-1,-1,-0.01,-1,-1,-0.01,-1,-1
99926009,2026-05-18 13:59:37+05:30,53567.35,0,0.0,0,0.0,0.0,53282.15,53613.05,52783.45,53710.35,0,0.0,0.0,0.0,0.0,-0.01,-1,-1,-0.01,-1,-1,-0.01,-1,-1,-0.01,-1,-1,-0.01,-1,-1,-0.01,-1,-1,-0.01,-1,-1,-0.01,-1,-1,-0.01,-1,-1,-0.01,-1,-1
99926009,2026-05-18 13:59:38+05:30,53566.85,0,0.0,0,0.0,0.0,53282.15,53613.05,52783.45,53710.35,0,0.0,0.0,0.0,0.0,-0.01,-1,-1,-0.01,-1,-1,-0.01,-1,-1,-0.01,-1,-1,-0.01,-1,-1,-0.01,-1,-1,-0.01,-1,-1,-0.01,-1,-1,-0.01,-1,-1,-0.01,-1,-1
99926009,2026-05-18 13:59:38+05:30,53563.2,0,0.0,0,0.0,0.0,53282.15,53613.05,52783.45,53710.35,0,0.0,0.0,0.0,0.0,-0.01,-1,-1,-0.01,-1,-1,-0.01,-1,-1,-0.01,-1,-1,-0.01,-1,-1,-0.01,-1,-1,-0.01,-1,-1,-0.01,-1,-1,-0.01,-1,-1,-0.01,-1,-1
99926009,2026-05-18 13:59:39+05:30,53564.35,0,0.0,0,0.0,0.0,53282.15,53613.05,52783.45,53710.35,0,0.0,0.0,0.0,0.0,-0.01,-1,-1,-0.01,-1,-1,-0.01,-1,-1,-0.01,-1,-1,-0.01,-1,-1,-0.01,-1,-1,-0.01,-1,-1,-0.01,-1,-1,-0.01,-1,-1,-0.01,-1,-1
99926009,2026-05-18 13:59:39+05:30,53563.5,0,0.0,0,0.0,0.0,53282.15,53613.05,52783.45,53710.35,0,0.0,0.0,0.0,0.0,-0.01,-1,-1,-0.01,-1,-1,-0.01,-1,-1,-0.01,-1,-1,-0.01,-1,-1,-0.01,-1,-1,-0.01,-1,-1,-0.01,-1,-1,-0.01,-1,-1,-0.01,-1,-1
99926009,2026-05-18 13:59:40+05:30,53568.35,0,0.0,0,0.0,0.0,53282.15,53613.05,52783.45,53710.35,0,0.0,0.0,0.0,0.0,-0.01,-1,-1,-0.01,-1,-1,-0.01,-1,-1,-0.01,-1,-1,-0.01,-1,-1,-0.01,-1,-1,-0.01,-1,-1,-0.01,-1,-1,-0.01,-1,-1,-0.01,-1,-1
99926009,2026-05-18 13:59:40+05:30,53565.1,0,0.0,0,0.0,0.0,53282.15,53613.05,52783.45,53710.35,0,0.0,0.0,0.0,0.0,-0.01,-1,-1,-0.01,-1,-1,-0.01,-1,-1,-0.01,-1,-1,-0.01,-1,-1,-0.01,-1,-1,-0.01,-1,-1,-0.01,-1,-1,-0.01,-1,-1,-0.01,-1,-1
99926009,2026-05-18 13:59:41+05:30,53567.1,0,0.0,0,0.0,0.0,53282.15,53613.05,52783.45,53710.35,0,0.0,0.0,0.0,0.0,-0.01,-1,-1,-0.01,-1,-1,-0.01,-1,-1,-0.01,-1,-1,-0.01,-1,-1,-0.01,-1,-1,-0.01,-1,-1,-0.01,-1,-1,-0.01,-1,-1,-0.01,-1,-1
99926009,2026-05-18 13:59:41+05:30,53564.9,0,0.0,0,0.0,0.0,53282.15,53613.05,52783.45,53710.35,0,0.0,0.0,0.0,0.0,-0.01,-1,-1,-0.01,-1,-1,-0.01,-1,-1,-0.01,-1,-1,-0.01,-1,-1,-0.01,-1,-1,-0.01,-1,-1,-0.01,-1,-1,-0.01,-1,-1,-0.01,-1,-1
99926009,2026-05-18 13:59:42+05:30,53565.75,0,0.0,0,0.0,0.0,53282.15,53613.05,52783.45,53710.35,0,0.0,0.0,0.0,0.0,-0.01,-1,-1,-0.01,-1,-1,-0.01,-1,-1,-0.01,-1,-1,-0.01,-1,-1,-0.01,-1,-1,-0.01,-1,-1,-0.01,-1,-1,-0.01,-1,-1,-0.01,-1,-1
99926009,2026-05-18 13:59:42+05:30,53563.4,0,0.0,0,0.0,0.0,53282.15,53613.05,52783.45,53710.35,0,0.0,0.0,0.0,0.0,-0.01,-1,-1,-0.01,-1,-1,-0.01,-1,-1,-0.01,-1,-1,-0.01,-1,-1,-0.01,-1,-1,-0.01,-1,-1,-0.01,-1,-1,-0.01,-1,-1,-0.01,-1,-1
99926009,2026-05-18 13:59:43+05:30,53565.1,0,0.0,0,0.0,0.0,53282.15,53613.05,52783.45,53710.35,0,0.0,0.0,0.0,0.0,-0.01,-1,-1,-0.01,-1,-1,-0.01,-1,-1,-0.01,-1,-1,-0.01,-1,-1,-0.01,-1,-1,-0.01,-1,-1,-0.01,-1,-1,-0.01,-1,-1,-0.01,-1,-1
99926009,2026-05-18 13:59:43+05:30,53563.5,0,0.0,0,0.0,0.0,53282.15,53613.05,52783.45,53710.35,0,0.0,0.0,0.0,0.0,-0.01,-1,-1,-0.01,-1,-1,-0.01,-1,-1,-0.01,-1,-1,-0.01,-1,-1,-0.01,-1,-1,-0.01,-1,-1,-0.01,-1,-1,-0.01,-1,-1,-0.01,-1,-1
99926009,2026-05-18 13:59:44+05:30,53565.75,0,0.0,0,0.0,0.0,53282.15,53613.05,52783.45,53710.35,0,0.0,0.0,0.0,0.0,-0.01,-1,-1,-0.01,-1,-1,-0.01,-1,-1,-0.01,-1,-1,-0.01,-1,-1,-0.01,-1,-1,-0.01,-1,-1,-0.01,-1,-1,-0.01,-1,-1,-0.01,-1,-1
99926009,2026-05-18 13:59:44+05:30,53566.85,0,0.0,0,0.0,0.0,53282.15,53613.05,52783.45,53710.35,0,0.0,0.0,0.0,0.0,-0.01,-1,-1,-0.01,-1,-1,-0.01,-1,-1,-0.01,-1,-1,-0.01,-1,-1,-0.01,-1,-1,-0.01,-1,-1,-0.01,-1,-1,-0.01,-1,-1,-0.01,-1,-1
99926009,2026-05-18 13:59:45+05:30,53564.85,0,0.0,0,0.0,0.0,53282.15,53613.05,52783.45,53710.35,0,0.0,0.0,0.0,0.0,-0.01,-1,-1,-0.01,-1,-1,-0.01,-1,-1,-0.01,-1,-1,-0.01,-1,-1,-0.01,-1,-1,-0.01,-1,-1,-0.01,-1,-1,-0.01,-1,-1,-0.01,-1,-1
99926009,2026-05-18 13:59:45+05:30,53563.2,0,0.0,0,0.0,0.0,53282.15,53613.05,52783.45,53710.35,0,0.0,0.0,0.0,0.0,-0.01,-1,-1,-0.01,-1,-1,-0.01,-1,-1,-0.01,-1,-1,-0.01,-1,-1,-0.01,-1,-1,-0.01,-1,-1,-0.01,-1,-1,-0.01,-1,-1,-0.01,-1,-1
99926009,2026-05-18 13:59:46+05:30,53566.45,0,0.0,0,0.0,0.0,53282.15,53613.05,52783.45,53710.35,0,0.0,0.0,0.0,0.0,-0.01,-1,-1,-0.01,-1,-1,-0.01,-1,-1,-0.01,-1,-1,-0.01,-1,-1,-0.01,-1,-1,-0.01,-1,-1,-0.01,-1,-1,-0.01,-1,-1,-0.01,-1,-1
99926009,2026-05-18 13:59:46+05:30,53565.45,0,0.0,0,0.0,0.0,53282.15,53613.05,52783.45,53710.35,0,0.0,0.0,0.0,0.0,-0.01,-1,-1,-0.01,-1,-1,-0.01,-1,-1,-0.01,-1,-1,-0.01,-1,-1,-0.01,-1,-1,-0.01,-1,-1,-0.01,-1,-1,-0.01,-1,-1,-0.01,-1,-1
99926009,2026-05-18 13:59:47+05:30,53563.6,0,0.0,0,0.0,0.0,53282.15,53613.05,52783.45,53710.35,0,0.0,0.0,0.0,0.0,-0.01,-1,-1,-0.01,-1,-1,-0.01,-1,-1,-0.01,-1,-1,-0.01,-1,-1,-0.01,-1,-1,-0.01,-1,-1,-0.01,-1,-1,-0.01,-1,-1,-0.01,-1,-1
99926009,2026-05-18 13:59:47+05:30,53561.65,0,0.0,0,0.0,0.0,53282.15,53613.05,52783.45,53710.35,0,0.0,0.0,0.0,0.0,-0.01,-1,-1,-0.01,-1,-1,-0.01,-1,-1,-0.01,-1,-1,-0.01,-1,-1,-0.01,-1,-1,-0.01,-1,-1,-0.01,-1,-1,-0.01,-1,-1,-0.01,-1,-1
99926009,2026-05-18 13:59:48+05:30,53564.1,0,0.0,0,0.0,0.0,53282.15,53613.05,52783.45,53710.35,0,0.0,0.0,0.0,0.0,-0.01,-1,-1,-0.01,-1,-1,-0.01,-1,-1,-0.01,-1,-1,-0.01,-1,-1,-0.01,-1,-1,-0.01,-1,-1,-0.01,-1,-1,-0.01,-1,-1,-0.01,-1,-1
99926009,2026-05-18 13:59:48+05:30,53565.5,0,0.0,0,0.0,0.0,53282.15,53613.05,52783.45,53710.35,0,0.0,0.0,0.0,0.0,-0.01,-1,-1,-0.01,-1,-1,-0.01,-1,-1,-0.01,-1,-1,-0.01,-1,-1,-0.01,-1,-1,-0.01,-1,-1,-0.01,-1,-1,-0.01,-1,-1,-0.01,-1,-1
99926009,2026-05-18 13:59:49+05:30,53566.6,0,0.0,0,0.0,0.0,53282.15,53613.05,52783.45,53710.35,0,0.0,0.0,0.0,0.0,-0.01,-1,-1,-0.01,-1,-1,-0.01,-1,-1,-0.01,-1,-1,-0.01,-1,-1,-0.01,-1,-1,-0.01,-1,-1,-0.01,-1,-1,-0.01,-1,-1,-0.01,-1,-1
99926009,2026-05-18 13:59:49+05:30,53564.65,0,0.0,0,0.0,0.0,53282.15,53613.05,52783.45,53710.35,0,0.0,0.0,0.0,0.0,-0.01,-1,-1,-0.01,-1,-1,-0.01,-1,-1,-0.01,-1,-1,-0.01,-1,-1,-0.01,-1,-1,-0.01,-1,-1,-0.01,-1,-1,-0.01,-1,-1,-0.01,-1,-1
99926009,2026-05-18 13:59:50+05:30,53565.85,0,0.0,0,0.0,0.0,53282.15,53613.05,52783.45,53710.35,0,0.0,0.0,0.0,0.0,-0.01,-1,-1,-0.01,-1,-1,-0.01,-1,-1,-0.01,-1,-1,-0.01,-1,-1,-0.01,-1,-1,-0.01,-1,-1,-0.01,-1,-1,-0.01,-1,-1,-0.01,-1,-1
99926009,2026-05-18 13:59:50+05:30,53565.1,0,0.0,0,0.0,0.0,53282.15,53613.05,52783.45,53710.35,0,0.0,0.0,0.0,0.0,-0.01,-1,-1,-0.01,-1,-1,-0.01,-1,-1,-0.01,-1,-1,-0.01,-1,-1,-0.01,-1,-1,-0.01,-1,-1,-0.01,-1,-1,-0.01,-1,-1,-0.01,-1,-1
99926009,2026-05-18 13:59:51+05:30,53566.85,0,0.0,0,0.0,0.0,53282.15,53613.05,52783.45,53710.35,0,0.0,0.0,0.0,0.0,-0.01,-1,-1,-0.01,-1,-1,-0.01,-1,-1,-0.01,-1,-1,-0.01,-1,-1,-0.01,-1,-1,-0.01,-1,-1,-0.01,-1,-1,-0.01,-1,-1,-0.01,-1,-1
99926009,2026-05-18 13:59:51+05:30,53565.35,0,0.0,0,0.0,0.0,53282.15,53613.05,52783.45,53710.35,0,0.0,0.0,0.0,0.0,-0.01,-1,-1,-0.01,-1,-1,-0.01,-1,-1,-0.01,-1,-1,-0.01,-1,-1,-0.01,-1,-1,-0.01,-1,-1,-0.01,-1,-1,-0.01,-1,-1,-0.01,-1,-1
99926009,2026-05-18 13:59:52+05:30,53565.9,0,0.0,0,0.0,0.0,53282.15,53613.05,52783.45,53710.35,0,0.0,0.0,0.0,0.0,-0.01,-1,-1,-0.01,-1,-1,-0.01,-1,-1,-0.01,-1,-1,-0.01,-1,-1,-0.01,-1,-1,-0.01,-1,-1,-0.01,-1,-1,-0.01,-1,-1,-0.01,-1,-1
99926009,2026-05-18 13:59:52+05:30,53567.0,0,0.0,0,0.0,0.0,53282.15,53613.05,52783.45,53710.35,0,0.0,0.0,0.0,0.0,-0.01,-1,-1,-0.01,-1,-1,-0.01,-1,-1,-0.01,-1,-1,-0.01,-1,-1,-0.01,-1,-1,-0.01,-1,-1,-0.01,-1,-1,-0.01,-1,-1,-0.01,-1,-1
99926009,2026-05-18 13:59:53+05:30,53562.5,0,0.0,0,0.0,0.0,53282.15,53613.05,52783.45,53710.35,0,0.0,0.0,0.0,0.0,-0.01,-1,-1,-0.01,-1,-1,-0.01,-1,-1,-0.01,-1,-1,-0.01,-1,-1,-0.01,-1,-1,-0.01,-1,-1,-0.01,-1,-1,-0.01,-1,-1,-0.01,-1,-1
99926009,2026-05-18 13:59:53+05:30,53565.75,0,0.0,0,0.0,0.0,53282.15,53613.05,52783.45,53710.35,0,0.0,0.0,0.0,0.0,-0.01,-1,-1,-0.01,-1,-1,-0.01,-1,-1,-0.01,-1,-1,-0.01,-1,-1,-0.01,-1,-1,-0.01,-1,-1,-0.01,-1,-1,-0.01,-1,-1,-0.01,-1,-1
99926009,2026-05-18 13:59:54+05:30,53568.4,0,0.0,0,0.0,0.0,53282.15,53613.05,52783.45,53710.35,0,0.0,0.0,0.0,0.0,-0.01,-1,-1,-0.01,-1,-1,-0.01,-1,-1,-0.01,-1,-1,-0.01,-1,-1,-0.01,-1,-1,-0.01,-1,-1,-0.01,-1,-1,-0.01,-1,-1,-0.01,-1,-1
99926009,2026-05-18 13:59:54+05:30,53570.6,0,0.0,0,0.0,0.0,53282.15,53613.05,52783.45,53710.35,0,0.0,0.0,0.0,0.0,-0.01,-1,-1,-0.01,-1,-1,-0.01,-1,-1,-0.01,-1,-1,-0.01,-1,-1,-0.01,-1,-1,-0.01,-1,-1,-0.01,-1,-1,-0.01,-1,-1,-0.01,-1,-1
99926009,2026-05-18 13:59:55+05:30,53569.0,0,0.0,0,0.0,0.0,53282.15,53613.05,52783.45,53710.35,0,0.0,0.0,0.0,0.0,-0.01,-1,-1,-0.01,-1,-1,-0.01,-1,-1,-0.01,-1,-1,-0.01,-1,-1,-0.01,-1,-1,-0.01,-1,-1,-0.01,-1,-1,-0.01,-1,-1,-0.01,-1,-1
99926009,2026-05-18 13:59:55+05:30,53570.15,0,0.0,0,0.0,0.0,53282.15,53613.05,52783.45,53710.35,0,0.0,0.0,0.0,0.0,-0.01,-1,-1,-0.01,-1,-1,-0.01,-1,-1,-0.01,-1,-1,-0.01,-1,-1,-0.01,-1,-1,-0.01,-1,-1,-0.01,-1,-1,-0.01,-1,-1,-0.01,-1,-1
99926009,2026-05-18 13:59:56+05:30,53568.4,0,0.0,0,0.0,0.0,53282.15,53613.05,52783.45,53710.35,0,0.0,0.0,0.0,0.0,-0.01,-1,-1,-0.01,-1,-1,-0.01,-1,-1,-0.01,-1,-1,-0.01,-1,-1,-0.01,-1,-1,-0.01,-1,-1,-0.01,-1,-1,-0.01,-1,-1,-0.01,-1,-1
99926009,2026-05-18 13:59:56+05:30,53567.0,0,0.0,0,0.0,0.0,53282.15,53613.05,52783.45,53710.35,0,0.0,0.0,0.0,0.0,-0.01,-1,-1,-0.01,-1,-1,-0.01,-1,-1,-0.01,-1,-1,-0.01,-1,-1,-0.01,-1,-1,-0.01,-1,-1,-0.01,-1,-1,-0.01,-1,-1,-0.01,-1,-1
99926009,2026-05-18 13:59:57+05:30,53569.25,0,0.0,0,0.0,0.0,53282.15,53613.05,52783.45,53710.35,0,0.0,0.0,0.0,0.0,-0.01,-1,-1,-0.01,-1,-1,-0.01,-1,-1,-0.01,-1,-1,-0.01,-1,-1,-0.01,-1,-1,-0.01,-1,-1,-0.01,-1,-1,-0.01,-1,-1,-0.01,-1,-1
99926009,2026-05-18 13:59:57+05:30,53568.65,0,0.0,0,0.0,0.0,53282.15,53613.05,52783.45,53710.35,0,0.0,0.0,0.0,0.0,-0.01,-1,-1,-0.01,-1,-1,-0.01,-1,-1,-0.01,-1,-1,-0.01,-1,-1,-0.01,-1,-1,-0.01,-1,-1,-0.01,-1,-1,-0.01,-1,-1,-0.01,-1,-1
99926009,2026-05-18 13:59:58+05:30,53569.35,0,0.0,0,0.0,0.0,53282.15,53613.05,52783.45,53710.35,0,0.0,0.0,0.0,0.0,-0.01,-1,-1,-0.01,-1,-1,-0.01,-1,-1,-0.01,-1,-1,-0.01,-1,-1,-0.01,-1,-1,-0.01,-1,-1,-0.01,-1,-1,-0.01,-1,-1,-0.01,-1,-1
99926009,2026-05-18 13:59:58+05:30,53565.55,0,0.0,0,0.0,0.0,53282.15,53613.05,52783.45,53710.35,0,0.0,0.0,0.0,0.0,-0.01,-1,-1,-0.01,-1,-1,-0.01,-1,-1,-0.01,-1,-1,-0.01,-1,-1,-0.01,-1,-1,-0.01,-1,-1,-0.01,-1,-1,-0.01,-1,-1,-0.01,-1,-1
99926009,2026-05-18 13:59:59+05:30,53568.35,0,0.0,0,0.0,0.0,53282.15,53613.05,52783.45,53710.35,0,0.0,0.0,0.0,0.0,-0.01,-1,-1,-0.01,-1,-1,-0.01,-1,-1,-0.01,-1,-1,-0.01,-1,-1,-0.01,-1,-1,-0.01,-1,-1,-0.01,-1,-1,-0.01,-1,-1,-0.01,-1,-1
99926009,2026-05-18 13:59:59+05:30,53572.05,0,0.0,0,0.0,0.0,53282.15,53613.05,52783.45,53710.35,0,0.0,0.0,0.0,0.0,-0.01,-1,-1,-0.01,-1,-1,-0.01,-1,-1,-0.01,-1,-1,-0.01,-1,-1,-0.01,-1,-1,-0.01,-1,-1,-0.01,-1,-1,-0.01,-1,-1,-0.01,-1,-1
99926009,2026-05-18 14:00:00+05:30,53571.55,0,0.0,0,0.0,0.0,53282.15,53613.05,52783.45,53710.35,0,0.0,0.0,0.0,0.0,-0.01,-1,-1,-0.01,-1,-1,-0.01,-1,-1,-0.01,-1,-1,-0.01,-1,-1,-0.01,-1,-1,-0.01,-1,-1,-0.01,-1,-1,-0.01,-1,-1,-0.01,-1,-1
99926009,2026-05-18 14:00:00+05:30,53567.45,0,0.0,0,0.0,0.0,53282.15,53613.05,52783.45,53710.35,0,0.0,0.0,0.0,0.0,-0.01,-1,-1,-0.01,-1,-1,-0.01,-1,-1,-0.01,-1,-1,-0.01,-1,-1,-0.01,-1,-1,-0.01,-1,-1,-0.01,-1,-1,-0.01,-1,-1,-0.01,-1,-1
99926009,2026-05-18 14:00:01+05:30,53569.25,0,0.0,0,0.0,0.0,53282.15,53613.05,52783.45,53710.35,0,0.0,0.0,0.0,0.0,-0.01,-1,-1,-0.01,-1,-1,-0.01,-1,-1,-0.01,-1,-1,-0.01,-1,-1,-0.01,-1,-1,-0.01,-1,-1,-0.01,-1,-1,-0.01,-1,-1,-0.01,-1,-1
99926009,2026-05-18 14:00:01+05:30,53567.6,0,0.0,0,0.0,0.0,53282.15,53613.05,52783.45,53710.35,0,0.0,0.0,0.0,0.0,-0.01,-1,-1,-0.01,-1,-1,-0.01,-1,-1,-0.01,-1,-1,-0.01,-1,-1,-0.01,-1,-1,-0.01,-1,-1,-0.01,-1,-1,-0.01,-1,-1,-0.01,-1,-1
99926009,2026-05-18 14:00:02+05:30,53565.3,0,0.0,0,0.0,0.0,53282.15,53613.05,52783.45,53710.35,0,0.0,0.0,0.0,0.0,-0.01,-1,-1,-0.01,-1,-1,-0.01,-1,-1,-0.01,-1,-1,-0.01,-1,-1,-0.01,-1,-1,-0.01,-1,-1,-0.01,-1,-1,-0.01,-1,-1,-0.01,-1,-1
99926009,2026-05-18 14:00:02+05:30,53567.05,0,0.0,0,0.0,0.0,53282.15,53613.05,52783.45,53710.35,0,0.0,0.0,0.0,0.0,-0.01,-1,-1,-0.01,-1,-1,-0.01,-1,-1,-0.01,-1,-1,-0.01,-1,-1,-0.01,-1,-1,-0.01,-1,-1,-0.01,-1,-1,-0.01,-1,-1,-0.01,-1,-1
99926009,2026-05-18 14:00:03+05:30,53573.3,0,0.0,0,0.0,0.0,53282.15,53613.05,52783.45,53710.35,0,0.0,0.0,0.0,0.0,-0.01,-1,-1,-0.01,-1,-1,-0.01,-1,-1,-0.01,-1,-1,-0.01,-1,-1,-0.01,-1,-1,-0.01,-1,-1,-0.01,-1,-1,-0.01,-1,-1,-0.01,-1,-1
99926009,2026-05-18 14:00:03+05:30,53571.7,0,0.0,0,0.0,0.0,53282.15,53613.05,52783.45,53710.35,0,0.0,0.0,0.0,0.0,-0.01,-1,-1,-0.01,-1,-1,-0.01,-1,-1,-0.01,-1,-1,-0.01,-1,-1,-0.01,-1,-1,-0.01,-1,-1,-0.01,-1,-1,-0.01,-1,-1,-0.01,-1,-1
99926009,2026-05-18 14:00:04+05:30,53569.6,0,0.0,0,0.0,0.0,53282.15,53613.05,52783.45,53710.35,0,0.0,0.0,0.0,0.0,-0.01,-1,-1,-0.01,-1,-1,-0.01,-1,-1,-0.01,-1,-1,-0.01,-1,-1,-0.01,-1,-1,-0.01,-1,-1,-0.01,-1,-1,-0.01,-1,-1,-0.01,-1,-1
99926009,2026-05-18 14:00:04+05:30,53570.3,0,0.0,0,0.0,0.0,53282.15,53613.05,52783.45,53710.35,0,0.0,0.0,0.0,0.0,-0.01,-1,-1,-0.01,-1,-1,-0.01,-1,-1,-0.01,-1,-1,-0.01,-1,-1,-0.01,-1,-1,-0.01,-1,-1,-0.01,-1,-1,-0.01,-1,-1,-0.01,-1,-1
99926009,2026-05-18 14:00:05+05:30,53568.85,0,0.0,0,0.0,0.0,53282.15,53613.05,52783.45,53710.35,0,0.0,0.0,0.0,0.0,-0.01,-1,-1,-0.01,-1,-1,-0.01,-1,-1,-0.01,-1,-1,-0.01,-1,-1,-0.01,-1,-1,-0.01,-1,-1,-0.01,-1,-1,-0.01,-1,-1,-0.01,-1,-1
99926009,2026-05-18 14:00:05+05:30,53565.4,0,0.0,0,0.0,0.0,53282.15,53613.05,52783.45,53710.35,0,0.0,0.0,0.0,0.0,-0.01,-1,-1,-0.01,-1,-1,-0.01,-1,-1,-0.01,-1,-1,-0.01,-1,-1,-0.01,-1,-1,-0.01,-1,-1,-0.01,-1,-1,-0.01,-1,-1,-0.01,-1,-1
99926009,2026-05-18 14:00:06+05:30,53569.65,0,0.0,0,0.0,0.0,53282.15,53613.05,52783.45,53710.35,0,0.0,0.0,0.0,0.0,-0.01,-1,-1,-0.01,-1,-1,-0.01,-1,-1,-0.01,-1,-1,-0.01,-1,-1,-0.01,-1,-1,-0.01,-1,-1,-0.01,-1,-1,-0.01,-1,-1,-0.01,-1,-1
99926009,2026-05-18 14:00:06+05:30,53564.6,0,0.0,0,0.0,0.0,53282.15,53613.05,52783.45,53710.35,0,0.0,0.0,0.0,0.0,-0.01,-1,-1,-0.01,-1,-1,-0.01,-1,-1,-0.01,-1,-1,-0.01,-1,-1,-0.01,-1,-1,-0.01,-1,-1,-0.01,-1,-1,-0.01,-1,-1,-0.01,-1,-1
99926009,2026-05-18 14:00:07+05:30,53563.25,0,0.0,0,0.0,0.0,53282.15,53613.05,52783.45,53710.35,0,0.0,0.0,0.0,0.0,-0.01,-1,-1,-0.01,-1,-1,-0.01,-1,-1,-0.01,-1,-1,-0.01,-1,-1,-0.01,-1,-1,-0.01,-1,-1,-0.01,-1,-1,-0.01,-1,-1,-0.01,-1,-1
99926009,2026-05-18 14:00:07+05:30,53562.0,0,0.0,0,0.0,0.0,53282.15,53613.05,52783.45,53710.35,0,0.0,0.0,0.0,0.0,-0.01,-1,-1,-0.01,-1,-1,-0.01,-1,-1,-0.01,-1,-1,-0.01,-1,-1,-0.01,-1,-1,-0.01,-1,-1,-0.01,-1,-1,-0.01,-1,-1,-0.01,-1,-1
99926009,2026-05-18 14:00:08+05:30,53559.9,0,0.0,0,0.0,0.0,53282.15,53613.05,52783.45,53710.35,0,0.0,0.0,0.0,0.0,-0.01,-1,-1,-0.01,-1,-1,-0.01,-1,-1,-0.01,-1,-1,-0.01,-1,-1,-0.01,-1,-1,-0.01,-1,-1,-0.01,-1,-1,-0.01,-1,-1,-0.01,-1,-1
99926009,2026-05-18 14:00:08+05:30,53560.2,0,0.0,0,0.0,0.0,53282.15,53613.05,52783.45,53710.35,0,0.0,0.0,0.0,0.0,-0.01,-1,-1,-0.01,-1,-1,-0.01,-1,-1,-0.01,-1,-1,-0.01,-1,-1,-0.01,-1,-1,-0.01,-1,-1,-0.01,-1,-1,-0.01,-1,-1,-0.01,-1,-1
99926009,2026-05-18 14:00:09+05:30,53558.05,0,0.0,0,0.0,0.0,53282.15,53613.05,52783.45,53710.35,0,0.0,0.0,0.0,0.0,-0.01,-1,-1,-0.01,-1,-1,-0.01,-1,-1,-0.01,-1,-1,-0.01,-1,-1,-0.01,-1,-1,-0.01,-1,-1,-0.01,-1,-1,-0.01,-1,-1,-0.01,-1,-1
99926009,2026-05-18 14:00:09+05:30,53558.2,0,0.0,0,0.0,0.0,53282.15,53613.05,52783.45,53710.35,0,0.0,0.0,0.0,0.0,-0.01,-1,-1,-0.01,-1,-1,-0.01,-1,-1,-0.01,-1,-1,-0.01,-1,-1,-0.01,-1,-1,-0.01,-1,-1,-0.01,-1,-1,-0.01,-1,-1,-0.01,-1,-1
99926009,2026-05-18 14:00:10+05:30,53559.5,0,0.0,0,0.0,0.0,53282.15,53613.05,52783.45,53710.35,0,0.0,0.0,0.0,0.0,-0.01,-1,-1,-0.01,-1,-1,-0.01,-1,-1,-0.01,-1,-1,-0.01,-1,-1,-0.01,-1,-1,-0.01,-1,-1,-0.01,-1,-1,-0.01,-1,-1,-0.01,-1,-1
99926009,2026-05-18 14:00:10+05:30,53558.15,0,0.0,0,0.0,0.0,53282.15,53613.05,52783.45,53710.35,0,0.0,0.0,0.0,0.0,-0.01,-1,-1,-0.01,-1,-1,-0.01,-1,-1,-0.01,-1,-1,-0.01,-1,-1,-0.01,-1,-1,-0.01,-1,-1,-0.01,-1,-1,-0.01,-1,-1,-0.01,-1,-1
99926009,2026-05-18 14:00:11+05:30,53562.6,0,0.0,0,0.0,0.0,53282.15,53613.05,52783.45,53710.35,0,0.0,0.0,0.0,0.0,-0.01,-1,-1,-0.01,-1,-1,-0.01,-1,-1,-0.01,-1,-1,-0.01,-1,-1,-0.01,-1,-1,-0.01,-1,-1,-0.01,-1,-1,-0.01,-1,-1,-0.01,-1,-1
99926009,2026-05-18 14:00:11+05:30,53559.7,0,0.0,0,0.0,0.0,53282.15,53613.05,52783.45,53710.35,0,0.0,0.0,0.0,0.0,-0.01,-1,-1,-0.01,-1,-1,-0.01,-1,-1,-0.01,-1,-1,-0.01,-1,-1,-0.01,-1,-1,-0.01,-1,-1,-0.01,-1,-1,-0.01,-1,-1,-0.01,-1,-1
99926009,2026-05-18 14:00:12+05:30,53560.05,0,0.0,0,0.0,0.0,53282.15,53613.05,52783.45,53710.35,0,0.0,0.0,0.0,0.0,-0.01,-1,-1,-0.01,-1,-1,-0.01,-1,-1,-0.01,-1,-1,-0.01,-1,-1,-0.01,-1,-1,-0.01,-1,-1,-0.01,-1,-1,-0.01,-1,-1,-0.01,-1,-1
99926009,2026-05-18 14:00:12+05:30,53562.35,0,0.0,0,0.0,0.0,53282.15,53613.05,52783.45,53710.35,0,0.0,0.0,0.0,0.0,-0.01,-1,-1,-0.01,-1,-1,-0.01,-1,-1,-0.01,-1,-1,-0.01,-1,-1,-0.01,-1,-1,-0.01,-1,-1,-0.01,-1,-1,-0.01,-1,-1,-0.01,-1,-1
99926009,2026-05-18 14:00:13+05:30,53562.3,0,0.0,0,0.0,0.0,53282.15,53613.05,52783.45,53710.35,0,0.0,0.0,0.0,0.0,-0.01,-1,-1,-0.01,-1,-1,-0.01,-1,-1,-0.01,-1,-1,-0.01,-1,-1,-0.01,-1,-1,-0.01,-1,-1,-0.01,-1,-1,-0.01,-1,-1,-0.01,-1,-1
99926009,2026-05-18 14:00:13+05:30,53560.5,0,0.0,0,0.0,0.0,53282.15,53613.05,52783.45,53710.35,0,0.0,0.0,0.0,0.0,-0.01,-1,-1,-0.01,-1,-1,-0.01,-1,-1,-0.01,-1,-1,-0.01,-1,-1,-0.01,-1,-1,-0.01,-1,-1,-0.01,-1,-1,-0.01,-1,-1,-0.01,-1,-1
99926009,2026-05-18 14:00:14+05:30,53558.65,0,0.0,0,0.0,0.0,53282.15,53613.05,52783.45,53710.35,0,0.0,0.0,0.0,0.0,-0.01,-1,-1,-0.01,-1,-1,-0.01,-1,-1,-0.01,-1,-1,-0.01,-1,-1,-0.01,-1,-1,-0.01,-1,-1,-0.01,-1,-1,-0.01,-1,-1,-0.01,-1,-1
99926009,2026-05-18 14:00:14+05:30,53556.15,0,0.0,0,0.0,0.0,53282.15,53613.05,52783.45,53710.35,0,0.0,0.0,0.0,0.0,-0.01,-1,-1,-0.01,-1,-1,-0.01,-1,-1,-0.01,-1,-1,-0.01,-1,-1,-0.01,-1,-1,-0.01,-1,-1,-0.01,-1,-1,-0.01,-1,-1,-0.01,-1,-1
99926009,2026-05-18 14:00:15+05:30,53551.75,0,0.0,0,0.0,0.0,53282.15,53613.05,52783.45,53710.35,0,0.0,0.0,0.0,0.0,-0.01,-1,-1,-0.01,-1,-1,-0.01,-1,-1,-0.01,-1,-1,-0.01,-1,-1,-0.01,-1,-1,-0.01,-1,-1,-0.01,-1,-1,-0.01,-1,-1,-0.01,-1,-1
99926009,2026-05-18 14:00:15+05:30,53550.1,0,0.0,0,0.0,0.0,53282.15,53613.05,52783.45,53710.35,0,0.0,0.0,0.0,0.0,-0.01,-1,-1,-0.01,-1,-1,-0.01,-1,-1,-0.01,-1,-1,-0.01,-1,-1,-0.01,-1,-1,-0.01,-1,-1,-0.01,-1,-1,-0.01,-1,-1,-0.01,-1,-1
99926009,2026-05-18 14:00:16+05:30,53547.45,0,0.0,0,0.0,0.0,53282.15,53613.05,52783.45,53710.35,0,0.0,0.0,0.0,0.0,-0.01,-1,-1,-0.01,-1,-1,-0.01,-1,-1,-0.01,-1,-1,-0.01,-1,-1,-0.01,-1,-1,-0.01,-1,-1,-0.01,-1,-1,-0.01,-1,-1,-0.01,-1,-1
99926009,2026-05-18 14:00:16+05:30,53544.65,0,0.0,0,0.0,0.0,53282.15,53613.05,52783.45,53710.35,0,0.0,0.0,0.0,0.0,-0.01,-1,-1,-0.01,-1,-1,-0.01,-1,-1,-0.01,-1,-1,-0.01,-1,-1,-0.01,-1,-1,-0.01,-1,-1,-0.01,-1,-1,-0.01,-1,-1,-0.01,-1,-1
99926009,2026-05-18 14:00:17+05:30,53538.45,0,0.0,0,0.0,0.0,53282.15,53613.05,52783.45,53710.35,0,0.0,0.0,0.0,0.0,-0.01,-1,-1,-0.01,-1,-1,-0.01,-1,-1,-0.01,-1,-1,-0.01,-1,-1,-0.01,-1,-1,-0.01,-1,-1,-0.01,-1,-1,-0.01,-1,-1,-0.01,-1,-1
99926009,2026-05-18 14:00:17+05:30,53541.3,0,0.0,0,0.0,0.0,53282.15,53613.05,52783.45,53710.35,0,0.0,0.0,0.0,0.0,-0.01,-1,-1,-0.01,-1,-1,-0.01,-1,-1,-0.01,-1,-1,-0.01,-1,-1,-0.01,-1,-1,-0.01,-1,-1,-0.01,-1,-1,-0.01,-1,-1,-0.01,-1,-1
99926009,2026-05-18 14:00:18+05:30,53537.05,0,0.0,0,0.0,0.0,53282.15,53613.05,52783.45,53710.35,0,0.0,0.0,0.0,0.0,-0.01,-1,-1,-0.01,-1,-1,-0.01,-1,-1,-0.01,-1,-1,-0.01,-1,-1,-0.01,-1,-1,-0.01,-1,-1,-0.01,-1,-1,-0.01,-1,-1,-0.01,-1,-1
99926009,2026-05-18 14:00:18+05:30,53538.8,0,0.0,0,0.0,0.0,53282.15,53613.05,52783.45,53710.35,0,0.0,0.0,0.0,0.0,-0.01,-1,-1,-0.01,-1,-1,-0.01,-1,-1,-0.01,-1,-1,-0.01,-1,-1,-0.01,-1,-1,-0.01,-1,-1,-0.01,-1,-1,-0.01,-1,-1,-0.01,-1,-1
99926009,2026-05-18 14:00:19+05:30,53535.65,0,0.0,0,0.0,0.0,53282.15,53613.05,52783.45,53710.35,0,0.0,0.0,0.0,0.0,-0.01,-1,-1,-0.01,-1,-1,-0.01,-1,-1,-0.01,-1,-1,-0.01,-1,-1,-0.01,-1,-1,-0.01,-1,-1,-0.01,-1,-1,-0.01,-1,-1,-0.01,-1,-1
99926009,2026-05-18 14:00:19+05:30,53538.85,0,0.0,0,0.0,0.0,53282.15,53613.05,52783.45,53710.35,0,0.0,0.0,0.0,0.0,-0.01,-1,-1,-0.01,-1,-1,-0.01,-1,-1,-0.01,-1,-1,-0.01,-1,-1,-0.01,-1,-1,-0.01,-1,-1,-0.01,-1,-1,-0.01,-1,-1,-0.01,-1,-1
99926009,2026-05-18 14:00:20+05:30,53537.1,0,0.0,0,0.0,0.0,53282.15,53613.05,52783.45,53710.35,0,0.0,0.0,0.0,0.0,-0.01,-1,-1,-0.01,-1,-1,-0.01,-1,-1,-0.01,-1,-1,-0.01,-1,-1,-0.01,-1,-1,-0.01,-1,-1,-0.01,-1,-1,-0.01,-1,-1,-0.01,-1,-1
99926009,2026-05-18 14:00:20+05:30,53534.7,0,0.0,0,0.0,0.0,53282.15,53613.05,52783.45,53710.35,0,0.0,0.0,0.0,0.0,-0.01,-1,-1,-0.01,-1,-1,-0.01,-1,-1,-0.01,-1,-1,-0.01,-1,-1,-0.01,-1,-1,-0.01,-1,-1,-0.01,-1,-1,-0.01,-1,-1,-0.01,-1,-1
99926009,2026-05-18 14:00:21+05:30,53535.55,0,0.0,0,0.0,0.0,53282.15,53613.05,52783.45,53710.35,0,0.0,0.0,0.0,0.0,-0.01,-1,-1,-0.01,-1,-1,-0.01,-1,-1,-0.01,-1,-1,-0.01,-1,-1,-0.01,-1,-1,-0.01,-1,-1,-0.01,-1,-1,-0.01,-1,-1,-0.01,-1,-1
99926009,2026-05-18 14:00:21+05:30,53537.2,0,0.0,0,0.0,0.0,53282.15,53613.05,52783.45,53710.35,0,0.0,0.0,0.0,0.0,-0.01,-1,-1,-0.01,-1,-1,-0.01,-1,-1,-0.01,-1,-1,-0.01,-1,-1,-0.01,-1,-1,-0.01,-1,-1,-0.01,-1,-1,-0.01,-1,-1,-0.01,-1,-1
99926009,2026-05-18 14:00:22+05:30,53537.6,0,0.0,0,0.0,0.0,53282.15,53613.05,52783.45,53710.35,0,0.0,0.0,0.0,0.0,-0.01,-1,-1,-0.01,-1,-1,-0.01,-1,-1,-0.01,-1,-1,-0.01,-1,-1,-0.01,-1,-1,-0.01,-1,-1,-0.01,-1,-1,-0.01,-1,-1,-0.01,-1,-1
99926009,2026-05-18 14:00:22+05:30,53535.8,0,0.0,0,0.0,0.0,53282.15,53613.05,52783.45,53710.35,0,0.0,0.0,0.0,0.0,-0.01,-1,-1,-0.01,-1,-1,-0.01,-1,-1,-0.01,-1,-1,-0.01,-1,-1,-0.01,-1,-1,-0.01,-1,-1,-0.01,-1,-1,-0.01,-1,-1,-0.01,-1,-1
99926009,2026-05-18 14:00:23+05:30,53539.85,0,0.0,0,0.0,0.0,53282.15,53613.05,52783.45,53710.35,0,0.0,0.0,0.0,0.0,-0.01,-1,-1,-0.01,-1,-1,-0.01,-1,-1,-0.01,-1,-1,-0.01,-1,-1,-0.01,-1,-1,-0.01,-1,-1,-0.01,-1,-1,-0.01,-1,-1,-0.01,-1,-1
99926009,2026-05-18 14:00:23+05:30,53533.2,0,0.0,0,0.0,0.0,53282.15,53613.05,52783.45,53710.35,0,0.0,0.0,0.0,0.0,-0.01,-1,-1,-0.01,-1,-1,-0.01,-1,-1,-0.01,-1,-1,-0.01,-1,-1,-0.01,-1,-1,-0.01,-1,-1,-0.01,-1,-1,-0.01,-1,-1,-0.01,-1,-1
99926009,2026-05-18 14:00:24+05:30,53541.2,0,0.0,0,0.0,0.0,53282.15,53613.05,52783.45,53710.35,0,0.0,0.0,0.0,0.0,-0.01,-1,-1,-0.01,-1,-1,-0.01,-1,-1,-0.01,-1,-1,-0.01,-1,-1,-0.01,-1,-1,-0.01,-1,-1,-0.01,-1,-1,-0.01,-1,-1,-0.01,-1,-1
99926009,2026-05-18 14:00:24+05:30,53538.5,0,0.0,0,0.0,0.0,53282.15,53613.05,52783.45,53710.35,0,0.0,0.0,0.0,0.0,-0.01,-1,-1,-0.01,-1,-1,-0.01,-1,-1,-0.01,-1,-1,-0.01,-1,-1,-0.01,-1,-1,-0.01,-1,-1,-0.01,-1,-1,-0.01,-1,-1,-0.01,-1,-1
99926009,2026-05-18 14:00:25+05:30,53543.6,0,0.0,0,0.0,0.0,53282.15,53613.05,52783.45,53710.35,0,0.0,0.0,0.0,0.0,-0.01,-1,-1,-0.01,-1,-1,-0.01,-1,-1,-0.01,-1,-1,-0.01,-1,-1,-0.01,-1,-1,-0.01,-1,-1,-0.01,-1,-1,-0.01,-1,-1,-0.01,-1,-1
99926009,2026-05-18 14:00:25+05:30,53539.8,0,0.0,0,0.0,0.0,53282.15,53613.05,52783.45,53710.35,0,0.0,0.0,0.0,0.0,-0.01,-1,-1,-0.01,-1,-1,-0.01,-1,-1,-0.01,-1,-1,-0.01,-1,-1,-0.01,-1,-1,-0.01,-1,-1,-0.01,-1,-1,-0.01,-1,-1,-0.01,-1,-1
99926009,2026-05-18 14:00:26+05:30,53540.05,0,0.0,0,0.0,0.0,53282.15,53613.05,52783.45,53710.35,0,0.0,0.0,0.0,0.0,-0.01,-1,-1,-0.01,-1,-1,-0.01,-1,-1,-0.01,-1,-1,-0.01,-1,-1,-0.01,-1,-1,-0.01,-1,-1,-0.01,-1,-1,-0.01,-1,-1,-0.01,-1,-1
99926009,2026-05-18 14:00:26+05:30,53542.55,0,0.0,0,0.0,0.0,53282.15,53613.05,52783.45,53710.35,0,0.0,0.0,0.0,0.0,-0.01,-1,-1,-0.01,-1,-1,-0.01,-1,-1,-0.01,-1,-1,-0.01,-1,-1,-0.01,-1,-1,-0.01,-1,-1,-0.01,-1,-1,-0.01,-1,-1,-0.01,-1,-1
99926009,2026-05-18 14:00:27+05:30,53539.0,0,0.0,0,0.0,0.0,53282.15,53613.05,52783.45,53710.35,0,0.0,0.0,0.0,0.0,-0.01,-1,-1,-0.01,-1,-1,-0.01,-1,-1,-0.01,-1,-1,-0.01,-1,-1,-0.01,-1,-1,-0.01,-1,-1,-0.01,-1,-1,-0.01,-1,-1,-0.01,-1,-1
99926009,2026-05-18 14:00:27+05:30,53542.15,0,0.0,0,0.0,0.0,53282.15,53613.05,52783.45,53710.35,0,0.0,0.0,0.0,0.0,-0.01,-1,-1,-0.01,-1,-1,-0.01,-1,-1,-0.01,-1,-1,-0.01,-1,-1,-0.01,-1,-1,-0.01,-1,-1,-0.01,-1,-1,-0.01,-1,-1,-0.01,-1,-1
99926009,2026-05-18 14:00:28+05:30,53539.85,0,0.0,0,0.0,0.0,53282.15,53613.05,52783.45,53710.35,0,0.0,0.0,0.0,0.0,-0.01,-1,-1,-0.01,-1,-1,-0.01,-1,-1,-0.01,-1,-1,-0.01,-1,-1,-0.01,-1,-1,-0.01,-1,-1,-0.01,-1,-1,-0.01,-1,-1,-0.01,-1,-1
99926009,2026-05-18 14:00:28+05:30,53541.95,0,0.0,0,0.0,0.0,53282.15,53613.05,52783.45,53710.35,0,0.0,0.0,0.0,0.0,-0.01,-1,-1,-0.01,-1,-1,-0.01,-1,-1,-0.01,-1,-1,-0.01,-1,-1,-0.01,-1,-1,-0.01,-1,-1,-0.01,-1,-1,-0.01,-1,-1,-0.01,-1,-1
99926009,2026-05-18 14:00:29+05:30,53541.45,0,0.0,0,0.0,0.0,53282.15,53613.05,52783.45,53710.35,0,0.0,0.0,0.0,0.0,-0.01,-1,-1,-0.01,-1,-1,-0.01,-1,-1,-0.01,-1,-1,-0.01,-1,-1,-0.01,-1,-1,-0.01,-1,-1,-0.01,-1,-1,-0.01,-1,-1,-0.01,-1,-1
99926009,2026-05-18 14:00:29+05:30,53541.35,0,0.0,0,0.0,0.0,53282.15,53613.05,52783.45,53710.35,0,0.0,0.0,0.0,0.0,-0.01,-1,-1,-0.01,-1,-1,-0.01,-1,-1,-0.01,-1,-1,-0.01,-1,-1,-0.01,-1,-1,-0.01,-1,-1,-0.01,-1,-1,-0.01,-1,-1,-0.01,-1,-1
99926009,2026-05-18 14:00:30+05:30,53542.35,0,0.0,0,0.0,0.0,53282.15,53613.05,52783.45,53710.35,0,0.0,0.0,0.0,0.0,-0.01,-1,-1,-0.01,-1,-1,-0.01,-1,-1,-0.01,-1,-1,-0.01,-1,-1,-0.01,-1,-1,-0.01,-1,-1,-0.01,-1,-1,-0.01,-1,-1,-0.01,-1,-1
99926009,2026-05-18 14:00:30+05:30,53542.4,0,0.0,0,0.0,0.0,53282.15,53613.05,52783.45,53710.35,0,0.0,0.0,0.0,0.0,-0.01,-1,-1,-0.01,-1,-1,-0.01,-1,-1,-0.01,-1,-1,-0.01,-1,-1,-0.01,-1,-1,-0.01,-1,-1,-0.01,-1,-1,-0.01,-1,-1,-0.01,-1,-1
99926009,2026-05-18 14:00:31+05:30,53546.4,0,0.0,0,0.0,0.0,53282.15,53613.05,52783.45,53710.35,0,0.0,0.0,0.0,0.0,-0.01,-1,-1,-0.01,-1,-1,-0.01,-1,-1,-0.01,-1,-1,-0.01,-1,-1,-0.01,-1,-1,-0.01,-1,-1,-0.01,-1,-1,-0.01,-1,-1,-0.01,-1,-1
99926009,2026-05-18 14:00:31+05:30,53544.95,0,0.0,0,0.0,0.0,53282.15,53613.05,52783.45,53710.35,0,0.0,0.0,0.0,0.0,-0.01,-1,-1,-0.01,-1,-1,-0.01,-1,-1,-0.01,-1,-1,-0.01,-1,-1,-0.01,-1,-1,-0.01,-1,-1,-0.01,-1,-1,-0.01,-1,-1,-0.01,-1,-1
99926009,2026-05-18 14:00:32+05:30,53543.95,0,0.0,0,0.0,0.0,53282.15,53613.05,52783.45,53710.35,0,0.0,0.0,0.0,0.0,-0.01,-1,-1,-0.01,-1,-1,-0.01,-1,-1,-0.01,-1,-1,-0.01,-1,-1,-0.01,-1,-1,-0.01,-1,-1,-0.01,-1,-1,-0.01,-1,-1,-0.01,-1,-1
99926009,2026-05-18 14:00:32+05:30,53540.0,0,0.0,0,0.0,0.0,53282.15,53613.05,52783.45,53710.35,0,0.0,0.0,0.0,0.0,-0.01,-1,-1,-0.01,-1,-1,-0.01,-1,-1,-0.01,-1,-1,-0.01,-1,-1,-0.01,-1,-1,-0.01,-1,-1,-0.01,-1,-1,-0.01,-1,-1,-0.01,-1,-1
99926009,2026-05-18 14:00:33+05:30,53544.55,0,0.0,0,0.0,0.0,53282.15,53613.05,52783.45,53710.35,0,0.0,0.0,0.0,0.0,-0.01,-1,-1,-0.01,-1,-1,-0.01,-1,-1,-0.01,-1,-1,-0.01,-1,-1,-0.01,-1,-1,-0.01,-1,-1,-0.01,-1,-1,-0.01,-1,-1,-0.01,-1,-1
99926009,2026-05-18 14:00:33+05:30,53538.55,0,0.0,0,0.0,0.0,53282.15,53613.05,52783.45,53710.35,0,0.0,0.0,0.0,0.0,-0.01,-1,-1,-0.01,-1,-1,-0.01,-1,-1,-0.01,-1,-1,-0.01,-1,-1,-0.01,-1,-1,-0.01,-1,-1,-0.01,-1,-1,-0.01,-1,-1,-0.01,-1,-1
99926009,2026-05-18 14:00:34+05:30,53543.05,0,0.0,0,0.0,0.0,53282.15,53613.05,52783.45,53710.35,0,0.0,0.0,0.0,0.0,-0.01,-1,-1,-0.01,-1,-1,-0.01,-1,-1,-0.01,-1,-1,-0.01,-1,-1,-0.01,-1,-1,-0.01,-1,-1,-0.01,-1,-1,-0.01,-1,-1,-0.01,-1,-1
99926009,2026-05-18 14:00:34+05:30,53541.75,0,0.0,0,0.0,0.0,53282.15,53613.05,52783.45,53710.35,0,0.0,0.0,0.0,0.0,-0.01,-1,-1,-0.01,-1,-1,-0.01,-1,-1,-0.01,-1,-1,-0.01,-1,-1,-0.01,-1,-1,-0.01,-1,-1,-0.01,-1,-1,-0.01,-1,-1,-0.01,-1,-1
99926009,2026-05-18 14:00:35+05:30,53541.35,0,0.0,0,0.0,0.0,53282.15,53613.05,52783.45,53710.35,0,0.0,0.0,0.0,0.0,-0.01,-1,-1,-0.01,-1,-1,-0.01,-1,-1,-0.01,-1,-1,-0.01,-1,-1,-0.01,-1,-1,-0.01,-1,-1,-0.01,-1,-1,-0.01,-1,-1,-0.01,-1,-1
99926009,2026-05-18 14:00:35+05:30,53540.8,0,0.0,0,0.0,0.0,53282.15,53613.05,52783.45,53710.35,0,0.0,0.0,0.0,0.0,-0.01,-1,-1,-0.01,-1,-1,-0.01,-1,-1,-0.01,-1,-1,-0.01,-1,-1,-0.01,-1,-1,-0.01,-1,-1,-0.01,-1,-1,-0.01,-1,-1,-0.01,-1,-1
99926009,2026-05-18 14:00:36+05:30,53542.4,0,0.0,0,0.0,0.0,53282.15,53613.05,52783.45,53710.35,0,0.0,0.0,0.0,0.0,-0.01,-1,-1,-0.01,-1,-1,-0.01,-1,-1,-0.01,-1,-1,-0.01,-1,-1,-0.01,-1,-1,-0.01,-1,-1,-0.01,-1,-1,-0.01,-1,-1,-0.01,-1,-1
99926009,2026-05-18 14:00:36+05:30,53541.05,0,0.0,0,0.0,0.0,53282.15,53613.05,52783.45,53710.35,0,0.0,0.0,0.0,0.0,-0.01,-1,-1,-0.01,-1,-1,-0.01,-1,-1,-0.01,-1,-1,-0.01,-1,-1,-0.01,-1,-1,-0.01,-1,-1,-0.01,-1,-1,-0.01,-1,-1,-0.01,-1,-1
99926009,2026-05-18 14:00:37+05:30,53539.55,0,0.0,0,0.0,0.0,53282.15,53613.05,52783.45,53710.35,0,0.0,0.0,0.0,0.0,-0.01,-1,-1,-0.01,-1,-1,-0.01,-1,-1,-0.01,-1,-1,-0.01,-1,-1,-0.01,-1,-1,-0.01,-1,-1,-0.01,-1,-1,-0.01,-1,-1,-0.01,-1,-1
99926009,2026-05-18 14:00:37+05:30,53539.3,0,0.0,0,0.0,0.0,53282.15,53613.05,52783.45,53710.35,0,0.0,0.0,0.0,0.0,-0.01,-1,-1,-0.01,-1,-1,-0.01,-1,-1,-0.01,-1,-1,-0.01,-1,-1,-0.01,-1,-1,-0.01,-1,-1,-0.01,-1,-1,-0.01,-1,-1,-0.01,-1,-1
99926009,2026-05-18 14:00:38+05:30,53540.0,0,0.0,0,0.0,0.0,53282.15,53613.05,52783.45,53710.35,0,0.0,0.0,0.0,0.0,-0.01,-1,-1,-0.01,-1,-1,-0.01,-1,-1,-0.01,-1,-1,-0.01,-1,-1,-0.01,-1,-1,-0.01,-1,-1,-0.01,-1,-1,-0.01,-1,-1,-0.01,-1,-1
99926009,2026-05-18 14:00:38+05:30,53539.75,0,0.0,0,0.0,0.0,53282.15,53613.05,52783.45,53710.35,0,0.0,0.0,0.0,0.0,-0.01,-1,-1,-0.01,-1,-1,-0.01,-1,-1,-0.01,-1,-1,-0.01,-1,-1,-0.01,-1,-1,-0.01,-1,-1,-0.01,-1,-1,-0.01,-1,-1,-0.01,-1,-1
99926009,2026-05-18 14:00:39+05:30,53537.15,0,0.0,0,0.0,0.0,53282.15,53613.05,52783.45,53710.35,0,0.0,0.0,0.0,0.0,-0.01,-1,-1,-0.01,-1,-1,-0.01,-1,-1,-0.01,-1,-1,-0.01,-1,-1,-0.01,-1,-1,-0.01,-1,-1,-0.01,-1,-1,-0.01,-1,-1,-0.01,-1,-1
99926009,2026-05-18 14:00:39+05:30,53536.7,0,0.0,0,0.0,0.0,53282.15,53613.05,52783.45,53710.35,0,0.0,0.0,0.0,0.0,-0.01,-1,-1,-0.01,-1,-1,-0.01,-1,-1,-0.01,-1,-1,-0.01,-1,-1,-0.01,-1,-1,-0.01,-1,-1,-0.01,-1,-1,-0.01,-1,-1,-0.01,-1,-1
99926009,2026-05-18 14:00:40+05:30,53538.45,0,0.0,0,0.0,0.0,53282.15,53613.05,52783.45,53710.35,0,0.0,0.0,0.0,0.0,-0.01,-1,-1,-0.01,-1,-1,-0.01,-1,-1,-0.01,-1,-1,-0.01,-1,-1,-0.01,-1,-1,-0.01,-1,-1,-0.01,-1,-1,-0.01,-1,-1,-0.01,-1,-1
99926009,2026-05-18 14:00:40+05:30,53540.6,0,0.0,0,0.0,0.0,53282.15,53613.05,52783.45,53710.35,0,0.0,0.0,0.0,0.0,-0.01,-1,-1,-0.01,-1,-1,-0.01,-1,-1,-0.01,-1,-1,-0.01,-1,-1,-0.01,-1,-1,-0.01,-1,-1,-0.01,-1,-1,-0.01,-1,-1,-0.01,-1,-1
99926009,2026-05-18 14:00:41+05:30,53537.35,0,0.0,0,0.0,0.0,53282.15,53613.05,52783.45,53710.35,0,0.0,0.0,0.0,0.0,-0.01,-1,-1,-0.01,-1,-1,-0.01,-1,-1,-0.01,-1,-1,-0.01,-1,-1,-0.01,-1,-1,-0.01,-1,-1,-0.01,-1,-1,-0.01,-1,-1,-0.01,-1,-1
99926009,2026-05-18 14:00:41+05:30,53540.2,0,0.0,0,0.0,0.0,53282.15,53613.05,52783.45,53710.35,0,0.0,0.0,0.0,0.0,-0.01,-1,-1,-0.01,-1,-1,-0.01,-1,-1,-0.01,-1,-1,-0.01,-1,-1,-0.01,-1,-1,-0.01,-1,-1,-0.01,-1,-1,-0.01,-1,-1,-0.01,-1,-1
99926009,2026-05-18 14:00:42+05:30,53538.75,0,0.0,0,0.0,0.0,53282.15,53613.05,52783.45,53710.35,0,0.0,0.0,0.0,0.0,-0.01,-1,-1,-0.01,-1,-1,-0.01,-1,-1,-0.01,-1,-1,-0.01,-1,-1,-0.01,-1,-1,-0.01,-1,-1,-0.01,-1,-1,-0.01,-1,-1,-0.01,-1,-1
99926009,2026-05-18 14:00:42+05:30,53546.6,0,0.0,0,0.0,0.0,53282.15,53613.05,52783.45,53710.35,0,0.0,0.0,0.0,0.0,-0.01,-1,-1,-0.01,-1,-1,-0.01,-1,-1,-0.01,-1,-1,-0.01,-1,-1,-0.01,-1,-1,-0.01,-1,-1,-0.01,-1,-1,-0.01,-1,-1,-0.01,-1,-1
99926009,2026-05-18 14:00:43+05:30,53539.55,0,0.0,0,0.0,0.0,53282.15,53613.05,52783.45,53710.35,0,0.0,0.0,0.0,0.0,-0.01,-1,-1,-0.01,-1,-1,-0.01,-1,-1,-0.01,-1,-1,-0.01,-1,-1,-0.01,-1,-1,-0.01,-1,-1,-0.01,-1,-1,-0.01,-1,-1,-0.01,-1,-1
99926009,2026-05-18 14:00:43+05:30,53543.85,0,0.0,0,0.0,0.0,53282.15,53613.05,52783.45,53710.35,0,0.0,0.0,0.0,0.0,-0.01,-1,-1,-0.01,-1,-1,-0.01,-1,-1,-0.01,-1,-1,-0.01,-1,-1,-0.01,-1,-1,-0.01,-1,-1,-0.01,-1,-1,-0.01,-1,-1,-0.01,-1,-1
99926009,2026-05-18 14:00:44+05:30,53542.6,0,0.0,0,0.0,0.0,53282.15,53613.05,52783.45,53710.35,0,0.0,0.0,0.0,0.0,-0.01,-1,-1,-0.01,-1,-1,-0.01,-1,-1,-0.01,-1,-1,-0.01,-1,-1,-0.01,-1,-1,-0.01,-1,-1,-0.01,-1,-1,-0.01,-1,-1,-0.01,-1,-1
99926009,2026-05-18 14:00:44+05:30,53543.95,0,0.0,0,0.0,0.0,53282.15,53613.05,52783.45,53710.35,0,0.0,0.0,0.0,0.0,-0.01,-1,-1,-0.01,-1,-1,-0.01,-1,-1,-0.01,-1,-1,-0.01,-1,-1,-0.01,-1,-1,-0.01,-1,-1,-0.01,-1,-1,-0.01,-1,-1,-0.01,-1,-1
99926009,2026-05-18 14:00:45+05:30,53543.6,0,0.0,0,0.0,0.0,53282.15,53613.05,52783.45,53710.35,0,0.0,0.0,0.0,0.0,-0.01,-1,-1,-0.01,-1,-1,-0.01,-1,-1,-0.01,-1,-1,-0.01,-1,-1,-0.01,-1,-1,-0.01,-1,-1,-0.01,-1,-1,-0.01,-1,-1,-0.01,-1,-1
99926009,2026-05-18 14:00:45+05:30,53542.85,0,0.0,0,0.0,0.0,53282.15,53613.05,52783.45,53710.35,0,0.0,0.0,0.0,0.0,-0.01,-1,-1,-0.01,-1,-1,-0.01,-1,-1,-0.01,-1,-1,-0.01,-1,-1,-0.01,-1,-1,-0.01,-1,-1,-0.01,-1,-1,-0.01,-1,-1,-0.01,-1,-1
99926009,2026-05-18 14:00:46+05:30,53541.8,0,0.0,0,0.0,0.0,53282.15,53613.05,52783.45,53710.35,0,0.0,0.0,0.0,0.0,-0.01,-1,-1,-0.01,-1,-1,-0.01,-1,-1,-0.01,-1,-1,-0.01,-1,-1,-0.01,-1,-1,-0.01,-1,-1,-0.01,-1,-1,-0.01,-1,-1,-0.01,-1,-1
99926009,2026-05-18 14:00:46+05:30,53539.35,0,0.0,0,0.0,0.0,53282.15,53613.05,52783.45,53710.35,0,0.0,0.0,0.0,0.0,-0.01,-1,-1,-0.01,-1,-1,-0.01,-1,-1,-0.01,-1,-1,-0.01,-1,-1,-0.01,-1,-1,-0.01,-1,-1,-0.01,-1,-1,-0.01,-1,-1,-0.01,-1,-1
99926009,2026-05-18 14:00:47+05:30,53539.3,0,0.0,0,0.0,0.0,53282.15,53613.05,52783.45,53710.35,0,0.0,0.0,0.0,0.0,-0.01,-1,-1,-0.01,-1,-1,-0.01,-1,-1,-0.01,-1,-1,-0.01,-1,-1,-0.01,-1,-1,-0.01,-1,-1,-0.01,-1,-1,-0.01,-1,-1,-0.01,-1,-1
99926009,2026-05-18 14:00:47+05:30,53540.15,0,0.0,0,0.0,0.0,53282.15,53613.05,52783.45,53710.35,0,0.0,0.0,0.0,0.0,-0.01,-1,-1,-0.01,-1,-1,-0.01,-1,-1,-0.01,-1,-1,-0.01,-1,-1,-0.01,-1,-1,-0.01,-1,-1,-0.01,-1,-1,-0.01,-1,-1,-0.01,-1,-1
99926009,2026-05-18 14:00:48+05:30,53540.3,0,0.0,0,0.0,0.0,53282.15,53613.05,52783.45,53710.35,0,0.0,0.0,0.0,0.0,-0.01,-1,-1,-0.01,-1,-1,-0.01,-1,-1,-0.01,-1,-1,-0.01,-1,-1,-0.01,-1,-1,-0.01,-1,-1,-0.01,-1,-1,-0.01,-1,-1,-0.01,-1,-1
99926009,2026-05-18 14:00:48+05:30,53542.35,0,0.0,0,0.0,0.0,53282.15,53613.05,52783.45,53710.35,0,0.0,0.0,0.0,0.0,-0.01,-1,-1,-0.01,-1,-1,-0.01,-1,-1,-0.01,-1,-1,-0.01,-1,-1,-0.01,-1,-1,-0.01,-1,-1,-0.01,-1,-1,-0.01,-1,-1,-0.01,-1,-1
99926009,2026-05-18 14:00:49+05:30,53543.35,0,0.0,0,0.0,0.0,53282.15,53613.05,52783.45,53710.35,0,0.0,0.0,0.0,0.0,-0.01,-1,-1,-0.01,-1,-1,-0.01,-1,-1,-0.01,-1,-1,-0.01,-1,-1,-0.01,-1,-1,-0.01,-1,-1,-0.01,-1,-1,-0.01,-1,-1,-0.01,-1,-1
99926009,2026-05-18 14:00:49+05:30,53556.85,0,0.0,0,0.0,0.0,53282.15,53613.05,52783.45,53710.35,0,0.0,0.0,0.0,0.0,-0.01,-1,-1,-0.01,-1,-1,-0.01,-1,-1,-0.01,-1,-1,-0.01,-1,-1,-0.01,-1,-1,-0.01,-1,-1,-0.01,-1,-1,-0.01,-1,-1,-0.01,-1,-1
99926009,2026-05-18 14:00:50+05:30,53555.05,0,0.0,0,0.0,0.0,53282.15,53613.05,52783.45,53710.35,0,0.0,0.0,0.0,0.0,-0.01,-1,-1,-0.01,-1,-1,-0.01,-1,-1,-0.01,-1,-1,-0.01,-1,-1,-0.01,-1,-1,-0.01,-1,-1,-0.01,-1,-1,-0.01,-1,-1,-0.01,-1,-1
99926009,2026-05-18 14:00:50+05:30,53557.55,0,0.0,0,0.0,0.0,53282.15,53613.05,52783.45,53710.35,0,0.0,0.0,0.0,0.0,-0.01,-1,-1,-0.01,-1,-1,-0.01,-1,-1,-0.01,-1,-1,-0.01,-1,-1,-0.01,-1,-1,-0.01,-1,-1,-0.01,-1,-1,-0.01,-1,-1,-0.01,-1,-1
99926009,2026-05-18 14:00:51+05:30,53555.65,0,0.0,0,0.0,0.0,53282.15,53613.05,52783.45,53710.35,0,0.0,0.0,0.0,0.0,-0.01,-1,-1,-0.01,-1,-1,-0.01,-1,-1,-0.01,-1,-1,-0.01,-1,-1,-0.01,-1,-1,-0.01,-1,-1,-0.01,-1,-1,-0.01,-1,-1,-0.01,-1,-1
99926009,2026-05-18 14:00:51+05:30,53554.6,0,0.0,0,0.0,0.0,53282.15,53613.05,52783.45,53710.35,0,0.0,0.0,0.0,0.0,-0.01,-1,-1,-0.01,-1,-1,-0.01,-1,-1,-0.01,-1,-1,-0.01,-1,-1,-0.01,-1,-1,-0.01,-1,-1,-0.01,-1,-1,-0.01,-1,-1,-0.01,-1,-1
99926009,2026-05-18 14:00:52+05:30,53553.55,0,0.0,0,0.0,0.0,53282.15,53613.05,52783.45,53710.35,0,0.0,0.0,0.0,0.0,-0.01,-1,-1,-0.01,-1,-1,-0.01,-1,-1,-0.01,-1,-1,-0.01,-1,-1,-0.01,-1,-1,-0.01,-1,-1,-0.01,-1,-1,-0.01,-1,-1,-0.01,-1,-1
99926009,2026-05-18 14:00:52+05:30,53552.75,0,0.0,0,0.0,0.0,53282.15,53613.05,52783.45,53710.35,0,0.0,0.0,0.0,0.0,-0.01,-1,-1,-0.01,-1,-1,-0.01,-1,-1,-0.01,-1,-1,-0.01,-1,-1,-0.01,-1,-1,-0.01,-1,-1,-0.01,-1,-1,-0.01,-1,-1,-0.01,-1,-1
99926009,2026-05-18 14:00:53+05:30,53554.9,0,0.0,0,0.0,0.0,53282.15,53613.05,52783.45,53710.35,0,0.0,0.0,0.0,0.0,-0.01,-1,-1,-0.01,-1,-1,-0.01,-1,-1,-0.01,-1,-1,-0.01,-1,-1,-0.01,-1,-1,-0.01,-1,-1,-0.01,-1,-1,-0.01,-1,-1,-0.01,-1,-1
99926009,2026-05-18 14:00:53+05:30,53552.65,0,0.0,0,0.0,0.0,53282.15,53613.05,52783.45,53710.35,0,0.0,0.0,0.0,0.0,-0.01,-1,-1,-0.01,-1,-1,-0.01,-1,-1,-0.01,-1,-1,-0.01,-1,-1,-0.01,-1,-1,-0.01,-1,-1,-0.01,-1,-1,-0.01,-1,-1,-0.01,-1,-1
99926009,2026-05-18 14:00:54+05:30,53555.15,0,0.0,0,0.0,0.0,53282.15,53613.05,52783.45,53710.35,0,0.0,0.0,0.0,0.0,-0.01,-1,-1,-0.01,-1,-1,-0.01,-1,-1,-0.01,-1,-1,-0.01,-1,-1,-0.01,-1,-1,-0.01,-1,-1,-0.01,-1,-1,-0.01,-1,-1,-0.01,-1,-1
99926009,2026-05-18 14:00:54+05:30,53553.05,0,0.0,0,0.0,0.0,53282.15,53613.05,52783.45,53710.35,0,0.0,0.0,0.0,0.0,-0.01,-1,-1,-0.01,-1,-1,-0.01,-1,-1,-0.01,-1,-1,-0.01,-1,-1,-0.01,-1,-1,-0.01,-1,-1,-0.01,-1,-1,-0.01,-1,-1,-0.01,-1,-1
99926009,2026-05-18 14:00:55+05:30,53553.0,0,0.0,0,0.0,0.0,53282.15,53613.05,52783.45,53710.35,0,0.0,0.0,0.0,0.0,-0.01,-1,-1,-0.01,-1,-1,-0.01,-1,-1,-0.01,-1,-1,-0.01,-1,-1,-0.01,-1,-1,-0.01,-1,-1,-0.01,-1,-1,-0.01,-1,-1,-0.01,-1,-1
99926009,2026-05-18 14:00:55+05:30,53553.8,0,0.0,0,0.0,0.0,53282.15,53613.05,52783.45,53710.35,0,0.0,0.0,0.0,0.0,-0.01,-1,-1,-0.01,-1,-1,-0.01,-1,-1,-0.01,-1,-1,-0.01,-1,-1,-0.01,-1,-1,-0.01,-1,-1,-0.01,-1,-1,-0.01,-1,-1,-0.01,-1,-1
99926009,2026-05-18 14:00:56+05:30,53555.7,0,0.0,0,0.0,0.0,53282.15,53613.05,52783.45,53710.35,0,0.0,0.0,0.0,0.0,-0.01,-1,-1,-0.01,-1,-1,-0.01,-1,-1,-0.01,-1,-1,-0.01,-1,-1,-0.01,-1,-1,-0.01,-1,-1,-0.01,-1,-1,-0.01,-1,-1,-0.01,-1,-1
99926009,2026-05-18 14:00:56+05:30,53553.15,0,0.0,0,0.0,0.0,53282.15,53613.05,52783.45,53710.35,0,0.0,0.0,0.0,0.0,-0.01,-1,-1,-0.01,-1,-1,-0.01,-1,-1,-0.01,-1,-1,-0.01,-1,-1,-0.01,-1,-1,-0.01,-1,-1,-0.01,-1,-1,-0.01,-1,-1,-0.01,-1,-1
99926009,2026-05-18 14:00:57+05:30,53554.75,0,0.0,0,0.0,0.0,53282.15,53613.05,52783.45,53710.35,0,0.0,0.0,0.0,0.0,-0.01,-1,-1,-0.01,-1,-1,-0.01,-1,-1,-0.01,-1,-1,-0.01,-1,-1,-0.01,-1,-1,-0.01,-1,-1,-0.01,-1,-1,-0.01,-1,-1,-0.01,-1,-1
99926009,2026-05-18 14:00:57+05:30,53556.8,0,0.0,0,0.0,0.0,53282.15,53613.05,52783.45,53710.35,0,0.0,0.0,0.0,0.0,-0.01,-1,-1,-0.01,-1,-1,-0.01,-1,-1,-0.01,-1,-1,-0.01,-1,-1,-0.01,-1,-1,-0.01,-1,-1,-0.01,-1,-1,-0.01,-1,-1,-0.01,-1,-1
99926009,2026-05-18 14:00:58+05:30,53552.55,0,0.0,0,0.0,0.0,53282.15,53613.05,52783.45,53710.35,0,0.0,0.0,0.0,0.0,-0.01,-1,-1,-0.01,-1,-1,-0.01,-1,-1,-0.01,-1,-1,-0.01,-1,-1,-0.01,-1,-1,-0.01,-1,-1,-0.01,-1,-1,-0.01,-1,-1,-0.01,-1,-1
99926009,2026-05-18 14:00:58+05:30,53553.7,0,0.0,0,0.0,0.0,53282.15,53613.05,52783.45,53710.35,0,0.0,0.0,0.0,0.0,-0.01,-1,-1,-0.01,-1,-1,-0.01,-1,-1,-0.01,-1,-1,-0.01,-1,-1,-0.01,-1,-1,-0.01,-1,-1,-0.01,-1,-1,-0.01,-1,-1,-0.01,-1,-1
99926009,2026-05-18 14:00:59+05:30,53554.7,0,0.0,0,0.0,0.0,53282.15,53613.05,52783.45,53710.35,0,0.0,0.0,0.0,0.0,-0.01,-1,-1,-0.01,-1,-1,-0.01,-1,-1,-0.01,-1,-1,-0.01,-1,-1,-0.01,-1,-1,-0.01,-1,-1,-0.01,-1,-1,-0.01,-1,-1,-0.01,-1,-1
99926009,2026-05-18 14:00:59+05:30,53556.0,0,0.0,0,0.0,0.0,53282.15,53613.05,52783.45,53710.35,0,0.0,0.0,0.0,0.0,-0.01,-1,-1,-0.01,-1,-1,-0.01,-1,-1,-0.01,-1,-1,-0.01,-1,-1,-0.01,-1,-1,-0.01,-1,-1,-0.01,-1,-1,-0.01,-1,-1,-0.01,-1,-1
99926009,2026-05-18 14:01:00+05:30,53552.2,0,0.0,0,0.0,0.0,53282.15,53613.05,52783.45,53710.35,0,0.0,0.0,0.0,0.0,-0.01,-1,-1,-0.01,-1,-1,-0.01,-1,-1,-0.01,-1,-1,-0.01,-1,-1,-0.01,-1,-1,-0.01,-1,-1,-0.01,-1,-1,-0.01,-1,-1,-0.01,-1,-1
99926009,2026-05-18 14:01:00+05:30,53553.95,0,0.0,0,0.0,0.0,53282.15,53613.05,52783.45,53710.35,0,0.0,0.0,0.0,0.0,-0.01,-1,-1,-0.01,-1,-1,-0.01,-1,-1,-0.01,-1,-1,-0.01,-1,-1,-0.01,-1,-1,-0.01,-1,-1,-0.01,-1,-1,-0.01,-1,-1,-0.01,-1,-1
99926009,2026-05-18 14:01:01+05:30,53555.2,0,0.0,0,0.0,0.0,53282.15,53613.05,52783.45,53710.35,0,0.0,0.0,0.0,0.0,-0.01,-1,-1,-0.01,-1,-1,-0.01,-1,-1,-0.01,-1,-1,-0.01,-1,-1,-0.01,-1,-1,-0.01,-1,-1,-0.01,-1,-1,-0.01,-1,-1,-0.01,-1,-1
99926009,2026-05-18 14:01:01+05:30,53552.25,0,0.0,0,0.0,0.0,53282.15,53613.05,52783.45,53710.35,0,0.0,0.0,0.0,0.0,-0.01,-1,-1,-0.01,-1,-1,-0.01,-1,-1,-0.01,-1,-1,-0.01,-1,-1,-0.01,-1,-1,-0.01,-1,-1,-0.01,-1,-1,-0.01,-1,-1,-0.01,-1,-1
99926009,2026-05-18 14:01:02+05:30,53555.1,0,0.0,0,0.0,0.0,53282.15,53613.05,52783.45,53710.35,0,0.0,0.0,0.0,0.0,-0.01,-1,-1,-0.01,-1,-1,-0.01,-1,-1,-0.01,-1,-1,-0.01,-1,-1,-0.01,-1,-1,-0.01,-1,-1,-0.01,-1,-1,-0.01,-1,-1,-0.01,-1,-1
99926009,2026-05-18 14:01:02+05:30,53554.35,0,0.0,0,0.0,0.0,53282.15,53613.05,52783.45,53710.35,0,0.0,0.0,0.0,0.0,-0.01,-1,-1,-0.01,-1,-1,-0.01,-1,-1,-0.01,-1,-1,-0.01,-1,-1,-0.01,-1,-1,-0.01,-1,-1,-0.01,-1,-1,-0.01,-1,-1,-0.01,-1,-1
99926009,2026-05-18 14:01:03+05:30,53552.5,0,0.0,0,0.0,0.0,53282.15,53613.05,52783.45,53710.35,0,0.0,0.0,0.0,0.0,-0.01,-1,-1,-0.01,-1,-1,-0.01,-1,-1,-0.01,-1,-1,-0.01,-1,-1,-0.01,-1,-1,-0.01,-1,-1,-0.01,-1,-1,-0.01,-1,-1,-0.01,-1,-1
99926009,2026-05-18 14:01:03+05:30,53553.1,0,0.0,0,0.0,0.0,53282.15,53613.05,52783.45,53710.35,0,0.0,0.0,0.0,0.0,-0.01,-1,-1,-0.01,-1,-1,-0.01,-1,-1,-0.01,-1,-1,-0.01,-1,-1,-0.01,-1,-1,-0.01,-1,-1,-0.01,-1,-1,-0.01,-1,-1,-0.01,-1,-1
99926009,2026-05-18 14:01:04+05:30,53554.4,0,0.0,0,0.0,0.0,53282.15,53613.05,52783.45,53710.35,0,0.0,0.0,0.0,0.0,-0.01,-1,-1,-0.01,-1,-1,-0.01,-1,-1,-0.01,-1,-1,-0.01,-1,-1,-0.01,-1,-1,-0.01,-1,-1,-0.01,-1,-1,-0.01,-1,-1,-0.01,-1,-1
99926009,2026-05-18 14:01:04+05:30,53554.65,0,0.0,0,0.0,0.0,53282.15,53613.05,52783.45,53710.35,0,0.0,0.0,0.0,0.0,-0.01,-1,-1,-0.01,-1,-1,-0.01,-1,-1,-0.01,-1,-1,-0.01,-1,-1,-0.01,-1,-1,-0.01,-1,-1,-0.01,-1,-1,-0.01,-1,-1,-0.01,-1,-1
99926009,2026-05-18 14:01:05+05:30,53552.35,0,0.0,0,0.0,0.0,53282.15,53613.05,52783.45,53710.35,0,0.0,0.0,0.0,0.0,-0.01,-1,-1,-0.01,-1,-1,-0.01,-1,-1,-0.01,-1,-1,-0.01,-1,-1,-0.01,-1,-1,-0.01,-1,-1,-0.01,-1,-1,-0.01,-1,-1,-0.01,-1,-1
99926009,2026-05-18 14:01:05+05:30,53549.2,0,0.0,0,0.0,0.0,53282.15,53613.05,52783.45,53710.35,0,0.0,0.0,0.0,0.0,-0.01,-1,-1,-0.01,-1,-1,-0.01,-1,-1,-0.01,-1,-1,-0.01,-1,-1,-0.01,-1,-1,-0.01,-1,-1,-0.01,-1,-1,-0.01,-1,-1,-0.01,-1,-1
99926009,2026-05-18 14:01:06+05:30,53550.45,0,0.0,0,0.0,0.0,53282.15,53613.05,52783.45,53710.35,0,0.0,0.0,0.0,0.0,-0.01,-1,-1,-0.01,-1,-1,-0.01,-1,-1,-0.01,-1,-1,-0.01,-1,-1,-0.01,-1,-1,-0.01,-1,-1,-0.01,-1,-1,-0.01,-1,-1,-0.01,-1,-1
99926009,2026-05-18 14:01:06+05:30,53556.55,0,0.0,0,0.0,0.0,53282.15,53613.05,52783.45,53710.35,0,0.0,0.0,0.0,0.0,-0.01,-1,-1,-0.01,-1,-1,-0.01,-1,-1,-0.01,-1,-1,-0.01,-1,-1,-0.01,-1,-1,-0.01,-1,-1,-0.01,-1,-1,-0.01,-1,-1,-0.01,-1,-1
99926009,2026-05-18 14:01:07+05:30,53555.35,0,0.0,0,0.0,0.0,53282.15,53613.05,52783.45,53710.35,0,0.0,0.0,0.0,0.0,-0.01,-1,-1,-0.01,-1,-1,-0.01,-1,-1,-0.01,-1,-1,-0.01,-1,-1,-0.01,-1,-1,-0.01,-1,-1,-0.01,-1,-1,-0.01,-1,-1,-0.01,-1,-1
99926009,2026-05-18 14:01:07+05:30,53557.6,0,0.0,0,0.0,0.0,53282.15,53613.05,52783.45,53710.35,0,0.0,0.0,0.0,0.0,-0.01,-1,-1,-0.01,-1,-1,-0.01,-1,-1,-0.01,-1,-1,-0.01,-1,-1,-0.01,-1,-1,-0.01,-1,-1,-0.01,-1,-1,-0.01,-1,-1,-0.01,-1,-1
99926009,2026-05-18 14:01:08+05:30,53560.75,0,0.0,0,0.0,0.0,53282.15,53613.05,52783.45,53710.35,0,0.0,0.0,0.0,0.0,-0.01,-1,-1,-0.01,-1,-1,-0.01,-1,-1,-0.01,-1,-1,-0.01,-1,-1,-0.01,-1,-1,-0.01,-1,-1,-0.01,-1,-1,-0.01,-1,-1,-0.01,-1,-1
99926009,2026-05-18 14:01:08+05:30,53561.0,0,0.0,0,0.0,0.0,53282.15,53613.05,52783.45,53710.35,0,0.0,0.0,0.0,0.0,-0.01,-1,-1,-0.01,-1,-1,-0.01,-1,-1,-0.01,-1,-1,-0.01,-1,-1,-0.01,-1,-1,-0.01,-1,-1,-0.01,-1,-1,-0.01,-1,-1,-0.01,-1,-1
99926009,2026-05-18 14:01:09+05:30,53560.3,0,0.0,0,0.0,0.0,53282.15,53613.05,52783.45,53710.35,0,0.0,0.0,0.0,0.0,-0.01,-1,-1,-0.01,-1,-1,-0.01,-1,-1,-0.01,-1,-1,-0.01,-1,-1,-0.01,-1,-1,-0.01,-1,-1,-0.01,-1,-1,-0.01,-1,-1,-0.01,-1,-1
99926009,2026-05-18 14:01:09+05:30,53559.2,0,0.0,0,0.0,0.0,53282.15,53613.05,52783.45,53710.35,0,0.0,0.0,0.0,0.0,-0.01,-1,-1,-0.01,-1,-1,-0.01,-1,-1,-0.01,-1,-1,-0.01,-1,-1,-0.01,-1,-1,-0.01,-1,-1,-0.01,-1,-1,-0.01,-1,-1,-0.01,-1,-1
99926009,2026-05-18 14:01:10+05:30,53559.65,0,0.0,0,0.0,0.0,53282.15,53613.05,52783.45,53710.35,0,0.0,0.0,0.0,0.0,-0.01,-1,-1,-0.01,-1,-1,-0.01,-1,-1,-0.01,-1,-1,-0.01,-1,-1,-0.01,-1,-1,-0.01,-1,-1,-0.01,-1,-1,-0.01,-1,-1,-0.01,-1,-1
99926009,2026-05-18 14:01:10+05:30,53559.15,0,0.0,0,0.0,0.0,53282.15,53613.05,52783.45,53710.35,0,0.0,0.0,0.0,0.0,-0.01,-1,-1,-0.01,-1,-1,-0.01,-1,-1,-0.01,-1,-1,-0.01,-1,-1,-0.01,-1,-1,-0.01,-1,-1,-0.01,-1,-1,-0.01,-1,-1,-0.01,-1,-1
99926009,2026-05-18 14:01:11+05:30,53560.75,0,0.0,0,0.0,0.0,53282.15,53613.05,52783.45,53710.35,0,0.0,0.0,0.0,0.0,-0.01,-1,-1,-0.01,-1,-1,-0.01,-1,-1,-0.01,-1,-1,-0.01,-1,-1,-0.01,-1,-1,-0.01,-1,-1,-0.01,-1,-1,-0.01,-1,-1,-0.01,-1,-1
99926009,2026-05-18 14:01:11+05:30,53560.55,0,0.0,0,0.0,0.0,53282.15,53613.05,52783.45,53710.35,0,0.0,0.0,0.0,0.0,-0.01,-1,-1,-0.01,-1,-1,-0.01,-1,-1,-0.01,-1,-1,-0.01,-1,-1,-0.01,-1,-1,-0.01,-1,-1,-0.01,-1,-1,-0.01,-1,-1,-0.01,-1,-1
99926009,2026-05-18 14:01:12+05:30,53558.8,0,0.0,0,0.0,0.0,53282.15,53613.05,52783.45,53710.35,0,0.0,0.0,0.0,0.0,-0.01,-1,-1,-0.01,-1,-1,-0.01,-1,-1,-0.01,-1,-1,-0.01,-1,-1,-0.01,-1,-1,-0.01,-1,-1,-0.01,-1,-1,-0.01,-1,-1,-0.01,-1,-1
99926009,2026-05-18 14:01:12+05:30,53558.45,0,0.0,0,0.0,0.0,53282.15,53613.05,52783.45,53710.35,0,0.0,0.0,0.0,0.0,-0.01,-1,-1,-0.01,-1,-1,-0.01,-1,-1,-0.01,-1,-1,-0.01,-1,-1,-0.01,-1,-1,-0.01,-1,-1,-0.01,-1,-1,-0.01,-1,-1,-0.01,-1,-1
99926009,2026-05-18 14:01:13+05:30,53559.95,0,0.0,0,0.0,0.0,53282.15,53613.05,52783.45,53710.35,0,0.0,0.0,0.0,0.0,-0.01,-1,-1,-0.01,-1,-1,-0.01,-1,-1,-0.01,-1,-1,-0.01,-1,-1,-0.01,-1,-1,-0.01,-1,-1,-0.01,-1,-1,-0.01,-1,-1,-0.01,-1,-1
99926009,2026-05-18 14:01:13+05:30,53557.15,0,0.0,0,0.0,0.0,53282.15,53613.05,52783.45,53710.35,0,0.0,0.0,0.0,0.0,-0.01,-1,-1,-0.01,-1,-1,-0.01,-1,-1,-0.01,-1,-1,-0.01,-1,-1,-0.01,-1,-1,-0.01,-1,-1,-0.01,-1,-1,-0.01,-1,-1,-0.01,-1,-1
99926009,2026-05-18 14:01:14+05:30,53557.6,0,0.0,0,0.0,0.0,53282.15,53613.05,52783.45,53710.35,0,0.0,0.0,0.0,0.0,-0.01,-1,-1,-0.01,-1,-1,-0.01,-1,-1,-0.01,-1,-1,-0.01,-1,-1,-0.01,-1,-1,-0.01,-1,-1,-0.01,-1,-1,-0.01,-1,-1,-0.01,-1,-1
99926009,2026-05-18 14:01:14+05:30,53558.6,0,0.0,0,0.0,0.0,53282.15,53613.05,52783.45,53710.35,0,0.0,0.0,0.0,0.0,-0.01,-1,-1,-0.01,-1,-1,-0.01,-1,-1,-0.01,-1,-1,-0.01,-1,-1,-0.01,-1,-1,-0.01,-1,-1,-0.01,-1,-1,-0.01,-1,-1,-0.01,-1,-1
99926009,2026-05-18 14:01:15+05:30,53554.5,0,0.0,0,0.0,0.0,53282.15,53613.05,52783.45,53710.35,0,0.0,0.0,0.0,0.0,-0.01,-1,-1,-0.01,-1,-1,-0.01,-1,-1,-0.01,-1,-1,-0.01,-1,-1,-0.01,-1,-1,-0.01,-1,-1,-0.01,-1,-1,-0.01,-1,-1,-0.01,-1,-1
99926009,2026-05-18 14:01:15+05:30,53557.1,0,0.0,0,0.0,0.0,53282.15,53613.05,52783.45,53710.35,0,0.0,0.0,0.0,0.0,-0.01,-1,-1,-0.01,-1,-1,-0.01,-1,-1,-0.01,-1,-1,-0.01,-1,-1,-0.01,-1,-1,-0.01,-1,-1,-0.01,-1,-1,-0.01,-1,-1,-0.01,-1,-1
99926009,2026-05-18 14:01:16+05:30,53559.2,0,0.0,0,0.0,0.0,53282.15,53613.05,52783.45,53710.35,0,0.0,0.0,0.0,0.0,-0.01,-1,-1,-0.01,-1,-1,-0.01,-1,-1,-0.01,-1,-1,-0.01,-1,-1,-0.01,-1,-1,-0.01,-1,-1,-0.01,-1,-1,-0.01,-1,-1,-0.01,-1,-1
99926009,2026-05-18 14:01:16+05:30,53561.0,0,0.0,0,0.0,0.0,53282.15,53613.05,52783.45,53710.35,0,0.0,0.0,0.0,0.0,-0.01,-1,-1,-0.01,-1,-1,-0.01,-1,-1,-0.01,-1,-1,-0.01,-1,-1,-0.01,-1,-1,-0.01,-1,-1,-0.01,-1,-1,-0.01,-1,-1,-0.01,-1,-1
99926009,2026-05-18 14:01:17+05:30,53560.55,0,0.0,0,0.0,0.0,53282.15,53613.05,52783.45,53710.35,0,0.0,0.0,0.0,0.0,-0.01,-1,-1,-0.01,-1,-1,-0.01,-1,-1,-0.01,-1,-1,-0.01,-1,-1,-0.01,-1,-1,-0.01,-1,-1,-0.01,-1,-1,-0.01,-1,-1,-0.01,-1,-1
99926009,2026-05-18 14:01:17+05:30,53557.35,0,0.0,0,0.0,0.0,53282.15,53613.05,52783.45,53710.35,0,0.0,0.0,0.0,0.0,-0.01,-1,-1,-0.01,-1,-1,-0.01,-1,-1,-0.01,-1,-1,-0.01,-1,-1,-0.01,-1,-1,-0.01,-1,-1,-0.01,-1,-1,-0.01,-1,-1,-0.01,-1,-1
99926009,2026-05-18 14:01:18+05:30,53555.95,0,0.0,0,0.0,0.0,53282.15,53613.05,52783.45,53710.35,0,0.0,0.0,0.0,0.0,-0.01,-1,-1,-0.01,-1,-1,-0.01,-1,-1,-0.01,-1,-1,-0.01,-1,-1,-0.01,-1,-1,-0.01,-1,-1,-0.01,-1,-1,-0.01,-1,-1,-0.01,-1,-1
99926009,2026-05-18 14:01:18+05:30,53556.2,0,0.0,0,0.0,0.0,53282.15,53613.05,52783.45,53710.35,0,0.0,0.0,0.0,0.0,-0.01,-1,-1,-0.01,-1,-1,-0.01,-1,-1,-0.01,-1,-1,-0.01,-1,-1,-0.01,-1,-1,-0.01,-1,-1,-0.01,-1,-1,-0.01,-1,-1,-0.01,-1,-1
99926009,2026-05-18 14:01:19+05:30,53559.0,0,0.0,0,0.0,0.0,53282.15,53613.05,52783.45,53710.35,0,0.0,0.0,0.0,0.0,-0.01,-1,-1,-0.01,-1,-1,-0.01,-1,-1,-0.01,-1,-1,-0.01,-1,-1,-0.01,-1,-1,-0.01,-1,-1,-0.01,-1,-1,-0.01,-1,-1,-0.01,-1,-1
99926009,2026-05-18 14:01:19+05:30,53557.1,0,0.0,0,0.0,0.0,53282.15,53613.05,52783.45,53710.35,0,0.0,0.0,0.0,0.0,-0.01,-1,-1,-0.01,-1,-1,-0.01,-1,-1,-0.01,-1,-1,-0.01,-1,-1,-0.01,-1,-1,-0.01,-1,-1,-0.01,-1,-1,-0.01,-1,-1,-0.01,-1,-1
99926009,2026-05-18 14:01:20+05:30,53555.5,0,0.0,0,0.0,0.0,53282.15,53613.05,52783.45,53710.35,0,0.0,0.0,0.0,0.0,-0.01,-1,-1,-0.01,-1,-1,-0.01,-1,-1,-0.01,-1,-1,-0.01,-1,-1,-0.01,-1,-1,-0.01,-1,-1,-0.01,-1,-1,-0.01,-1,-1,-0.01,-1,-1
99926009,2026-05-18 14:01:20+05:30,53551.95,0,0.0,0,0.0,0.0,53282.15,53613.05,52783.45,53710.35,0,0.0,0.0,0.0,0.0,-0.01,-1,-1,-0.01,-1,-1,-0.01,-1,-1,-0.01,-1,-1,-0.01,-1,-1,-0.01,-1,-1,-0.01,-1,-1,-0.01,-1,-1,-0.01,-1,-1,-0.01,-1,-1
99926009,2026-05-18 14:01:21+05:30,53553.65,0,0.0,0,0.0,0.0,53282.15,53613.05,52783.45,53710.35,0,0.0,0.0,0.0,0.0,-0.01,-1,-1,-0.01,-1,-1,-0.01,-1,-1,-0.01,-1,-1,-0.01,-1,-1,-0.01,-1,-1,-0.01,-1,-1,-0.01,-1,-1,-0.01,-1,-1,-0.01,-1,-1
99926009,2026-05-18 14:01:21+05:30,53555.85,0,0.0,0,0.0,0.0,53282.15,53613.05,52783.45,53710.35,0,0.0,0.0,0.0,0.0,-0.01,-1,-1,-0.01,-1,-1,-0.01,-1,-1,-0.01,-1,-1,-0.01,-1,-1,-0.01,-1,-1,-0.01,-1,-1,-0.01,-1,-1,-0.01,-1,-1,-0.01,-1,-1
99926009,2026-05-18 14:01:22+05:30,53554.9,0,0.0,0,0.0,0.0,53282.15,53613.05,52783.45,53710.35,0,0.0,0.0,0.0,0.0,-0.01,-1,-1,-0.01,-1,-1,-0.01,-1,-1,-0.01,-1,-1,-0.01,-1,-1,-0.01,-1,-1,-0.01,-1,-1,-0.01,-1,-1,-0.01,-1,-1,-0.01,-1,-1
99926009,2026-05-18 14:01:22+05:30,53556.5,0,0.0,0,0.0,0.0,53282.15,53613.05,52783.45,53710.35,0,0.0,0.0,0.0,0.0,-0.01,-1,-1,-0.01,-1,-1,-0.01,-1,-1,-0.01,-1,-1,-0.01,-1,-1,-0.01,-1,-1,-0.01,-1,-1,-0.01,-1,-1,-0.01,-1,-1,-0.01,-1,-1
99926009,2026-05-18 14:01:23+05:30,53557.0,0,0.0,0,0.0,0.0,53282.15,53613.05,52783.45,53710.35,0,0.0,0.0,0.0,0.0,-0.01,-1,-1,-0.01,-1,-1,-0.01,-1,-1,-0.01,-1,-1,-0.01,-1,-1,-0.01,-1,-1,-0.01,-1,-1,-0.01,-1,-1,-0.01,-1,-1,-0.01,-1,-1
99926009,2026-05-18 14:01:23+05:30,53558.75,0,0.0,0,0.0,0.0,53282.15,53613.05,52783.45,53710.35,0,0.0,0.0,0.0,0.0,-0.01,-1,-1,-0.01,-1,-1,-0.01,-1,-1,-0.01,-1,-1,-0.01,-1,-1,-0.01,-1,-1,-0.01,-1,-1,-0.01,-1,-1,-0.01,-1,-1,-0.01,-1,-1
99926009,2026-05-18 14:01:24+05:30,53556.15,0,0.0,0,0.0,0.0,53282.15,53613.05,52783.45,53710.35,0,0.0,0.0,0.0,0.0,-0.01,-1,-1,-0.01,-1,-1,-0.01,-1,-1,-0.01,-1,-1,-0.01,-1,-1,-0.01,-1,-1,-0.01,-1,-1,-0.01,-1,-1,-0.01,-1,-1,-0.01,-1,-1
99926009,2026-05-18 14:01:24+05:30,53558.8,0,0.0,0,0.0,0.0,53282.15,53613.05,52783.45,53710.35,0,0.0,0.0,0.0,0.0,-0.01,-1,-1,-0.01,-1,-1,-0.01,-1,-1,-0.01,-1,-1,-0.01,-1,-1,-0.01,-1,-1,-0.01,-1,-1,-0.01,-1,-1,-0.01,-1,-1,-0.01,-1,-1
99926009,2026-05-18 14:01:25+05:30,53557.5,0,0.0,0,0.0,0.0,53282.15,53613.05,52783.45,53710.35,0,0.0,0.0,0.0,0.0,-0.01,-1,-1,-0.01,-1,-1,-0.01,-1,-1,-0.01,-1,-1,-0.01,-1,-1,-0.01,-1,-1,-0.01,-1,-1,-0.01,-1,-1,-0.01,-1,-1,-0.01,-1,-1
99926009,2026-05-18 14:01:25+05:30,53557.15,0,0.0,0,0.0,0.0,53282.15,53613.05,52783.45,53710.35,0,0.0,0.0,0.0,0.0,-0.01,-1,-1,-0.01,-1,-1,-0.01,-1,-1,-0.01,-1,-1,-0.01,-1,-1,-0.01,-1,-1,-0.01,-1,-1,-0.01,-1,-1,-0.01,-1,-1,-0.01,-1,-1
99926009,2026-05-18 14:01:26+05:30,53558.9,0,0.0,0,0.0,0.0,53282.15,53613.05,52783.45,53710.35,0,0.0,0.0,0.0,0.0,-0.01,-1,-1,-0.01,-1,-1,-0.01,-1,-1,-0.01,-1,-1,-0.01,-1,-1,-0.01,-1,-1,-0.01,-1,-1,-0.01,-1,-1,-0.01,-1,-1,-0.01,-1,-1
99926009,2026-05-18 14:01:26+05:30,53560.5,0,0.0,0,0.0,0.0,53282.15,53613.05,52783.45,53710.35,0,0.0,0.0,0.0,0.0,-0.01,-1,-1,-0.01,-1,-1,-0.01,-1,-1,-0.01,-1,-1,-0.01,-1,-1,-0.01,-1,-1,-0.01,-1,-1,-0.01,-1,-1,-0.01,-1,-1,-0.01,-1,-1
99926009,2026-05-18 14:01:27+05:30,53557.35,0,0.0,0,0.0,0.0,53282.15,53613.05,52783.45,53710.35,0,0.0,0.0,0.0,0.0,-0.01,-1,-1,-0.01,-1,-1,-0.01,-1,-1,-0.01,-1,-1,-0.01,-1,-1,-0.01,-1,-1,-0.01,-1,-1,-0.01,-1,-1,-0.01,-1,-1,-0.01,-1,-1
99926009,2026-05-18 14:01:27+05:30,53554.6,0,0.0,0,0.0,0.0,53282.15,53613.05,52783.45,53710.35,0,0.0,0.0,0.0,0.0,-0.01,-1,-1,-0.01,-1,-1,-0.01,-1,-1,-0.01,-1,-1,-0.01,-1,-1,-0.01,-1,-1,-0.01,-1,-1,-0.01,-1,-1,-0.01,-1,-1,-0.01,-1,-1
99926009,2026-05-18 14:01:28+05:30,53556.55,0,0.0,0,0.0,0.0,53282.15,53613.05,52783.45,53710.35,0,0.0,0.0,0.0,0.0,-0.01,-1,-1,-0.01,-1,-1,-0.01,-1,-1,-0.01,-1,-1,-0.01,-1,-1,-0.01,-1,-1,-0.01,-1,-1,-0.01,-1,-1,-0.01,-1,-1,-0.01,-1,-1
99926009,2026-05-18 14:01:28+05:30,53557.35,0,0.0,0,0.0,0.0,53282.15,53613.05,52783.45,53710.35,0,0.0,0.0,0.0,0.0,-0.01,-1,-1,-0.01,-1,-1,-0.01,-1,-1,-0.01,-1,-1,-0.01,-1,-1,-0.01,-1,-1,-0.01,-1,-1,-0.01,-1,-1,-0.01,-1,-1,-0.01,-1,-1
99926009,2026-05-18 14:01:29+05:30,53558.05,0,0.0,0,0.0,0.0,53282.15,53613.05,52783.45,53710.35,0,0.0,0.0,0.0,0.0,-0.01,-1,-1,-0.01,-1,-1,-0.01,-1,-1,-0.01,-1,-1,-0.01,-1,-1,-0.01,-1,-1,-0.01,-1,-1,-0.01,-1,-1,-0.01,-1,-1,-0.01,-1,-1
99926009,2026-05-18 14:01:29+05:30,53554.6,0,0.0,0,0.0,0.0,53282.15,53613.05,52783.45,53710.35,0,0.0,0.0,0.0,0.0,-0.01,-1,-1,-0.01,-1,-1,-0.01,-1,-1,-0.01,-1,-1,-0.01,-1,-1,-0.01,-1,-1,-0.01,-1,-1,-0.01,-1,-1,-0.01,-1,-1,-0.01,-1,-1
99926009,2026-05-18 14:01:30+05:30,53555.65,0,0.0,0,0.0,0.0,53282.15,53613.05,52783.45,53710.35,0,0.0,0.0,0.0,0.0,-0.01,-1,-1,-0.01,-1,-1,-0.01,-1,-1,-0.01,-1,-1,-0.01,-1,-1,-0.01,-1,-1,-0.01,-1,-1,-0.01,-1,-1,-0.01,-1,-1,-0.01,-1,-1
99926009,2026-05-18 14:01:30+05:30,53555.5,0,0.0,0,0.0,0.0,53282.15,53613.05,52783.45,53710.35,0,0.0,0.0,0.0,0.0,-0.01,-1,-1,-0.01,-1,-1,-0.01,-1,-1,-0.01,-1,-1,-0.01,-1,-1,-0.01,-1,-1,-0.01,-1,-1,-0.01,-1,-1,-0.01,-1,-1,-0.01,-1,-1
99926009,2026-05-18 14:01:31+05:30,53555.9,0,0.0,0,0.0,0.0,53282.15,53613.05,52783.45,53710.35,0,0.0,0.0,0.0,0.0,-0.01,-1,-1,-0.01,-1,-1,-0.01,-1,-1,-0.01,-1,-1,-0.01,-1,-1,-0.01,-1,-1,-0.01,-1,-1,-0.01,-1,-1,-0.01,-1,-1,-0.01,-1,-1
99926009,2026-05-18 14:01:31+05:30,53556.6,0,0.0,0,0.0,0.0,53282.15,53613.05,52783.45,53710.35,0,0.0,0.0,0.0,0.0,-0.01,-1,-1,-0.01,-1,-1,-0.01,-1,-1,-0.01,-1,-1,-0.01,-1,-1,-0.01,-1,-1,-0.01,-1,-1,-0.01,-1,-1,-0.01,-1,-1,-0.01,-1,-1
99926009,2026-05-18 14:01:32+05:30,53555.15,0,0.0,0,0.0,0.0,53282.15,53613.05,52783.45,53710.35,0,0.0,0.0,0.0,0.0,-0.01,-1,-1,-0.01,-1,-1,-0.01,-1,-1,-0.01,-1,-1,-0.01,-1,-1,-0.01,-1,-1,-0.01,-1,-1,-0.01,-1,-1,-0.01,-1,-1,-0.01,-1,-1
99926009,2026-05-18 14:01:32+05:30,53556.4,0,0.0,0,0.0,0.0,53282.15,53613.05,52783.45,53710.35,0,0.0,0.0,0.0,0.0,-0.01,-1,-1,-0.01,-1,-1,-0.01,-1,-1,-0.01,-1,-1,-0.01,-1,-1,-0.01,-1,-1,-0.01,-1,-1,-0.01,-1,-1,-0.01,-1,-1,-0.01,-1,-1
99926009,2026-05-18 14:01:33+05:30,53555.6,0,0.0,0,0.0,0.0,53282.15,53613.05,52783.45,53710.35,0,0.0,0.0,0.0,0.0,-0.01,-1,-1,-0.01,-1,-1,-0.01,-1,-1,-0.01,-1,-1,-0.01,-1,-1,-0.01,-1,-1,-0.01,-1,-1,-0.01,-1,-1,-0.01,-1,-1,-0.01,-1,-1
99926009,2026-05-18 14:01:33+05:30,53554.35,0,0.0,0,0.0,0.0,53282.15,53613.05,52783.45,53710.35,0,0.0,0.0,0.0,0.0,-0.01,-1,-1,-0.01,-1,-1,-0.01,-1,-1,-0.01,-1,-1,-0.01,-1,-1,-0.01,-1,-1,-0.01,-1,-1,-0.01,-1,-1,-0.01,-1,-1,-0.01,-1,-1
99926009,2026-05-18 14:01:34+05:30,53553.1,0,0.0,0,0.0,0.0,53282.15,53613.05,52783.45,53710.35,0,0.0,0.0,0.0,0.0,-0.01,-1,-1,-0.01,-1,-1,-0.01,-1,-1,-0.01,-1,-1,-0.01,-1,-1,-0.01,-1,-1,-0.01,-1,-1,-0.01,-1,-1,-0.01,-1,-1,-0.01,-1,-1
99926009,2026-05-18 14:01:34+05:30,53554.45,0,0.0,0,0.0,0.0,53282.15,53613.05,52783.45,53710.35,0,0.0,0.0,0.0,0.0,-0.01,-1,-1,-0.01,-1,-1,-0.01,-1,-1,-0.01,-1,-1,-0.01,-1,-1,-0.01,-1,-1,-0.01,-1,-1,-0.01,-1,-1,-0.01,-1,-1,-0.01,-1,-1
99926009,2026-05-18 14:01:35+05:30,53556.7,0,0.0,0,0.0,0.0,53282.15,53613.05,52783.45,53710.35,0,0.0,0.0,0.0,0.0,-0.01,-1,-1,-0.01,-1,-1,-0.01,-1,-1,-0.01,-1,-1,-0.01,-1,-1,-0.01,-1,-1,-0.01,-1,-1,-0.01,-1,-1,-0.01,-1,-1,-0.01,-1,-1
99926009,2026-05-18 14:01:35+05:30,53556.2,0,0.0,0,0.0,0.0,53282.15,53613.05,52783.45,53710.35,0,0.0,0.0,0.0,0.0,-0.01,-1,-1,-0.01,-1,-1,-0.01,-1,-1,-0.01,-1,-1,-0.01,-1,-1,-0.01,-1,-1,-0.01,-1,-1,-0.01,-1,-1,-0.01,-1,-1,-0.01,-1,-1
99926009,2026-05-18 14:01:36+05:30,53555.85,0,0.0,0,0.0,0.0,53282.15,53613.05,52783.45,53710.35,0,0.0,0.0,0.0,0.0,-0.01,-1,-1,-0.01,-1,-1,-0.01,-1,-1,-0.01,-1,-1,-0.01,-1,-1,-0.01,-1,-1,-0.01,-1,-1,-0.01,-1,-1,-0.01,-1,-1,-0.01,-1,-1
99926009,2026-05-18 14:01:36+05:30,53553.45,0,0.0,0,0.0,0.0,53282.15,53613.05,52783.45,53710.35,0,0.0,0.0,0.0,0.0,-0.01,-1,-1,-0.01,-1,-1,-0.01,-1,-1,-0.01,-1,-1,-0.01,-1,-1,-0.01,-1,-1,-0.01,-1,-1,-0.01,-1,-1,-0.01,-1,-1,-0.01,-1,-1
99926009,2026-05-18 14:01:37+05:30,53551.5,0,0.0,0,0.0,0.0,53282.15,53613.05,52783.45,53710.35,0,0.0,0.0,0.0,0.0,-0.01,-1,-1,-0.01,-1,-1,-0.01,-1,-1,-0.01,-1,-1,-0.01,-1,-1,-0.01,-1,-1,-0.01,-1,-1,-0.01,-1,-1,-0.01,-1,-1,-0.01,-1,-1
99926009,2026-05-18 14:01:37+05:30,53551.9,0,0.0,0,0.0,0.0,53282.15,53613.05,52783.45,53710.35,0,0.0,0.0,0.0,0.0,-0.01,-1,-1,-0.01,-1,-1,-0.01,-1,-1,-0.01,-1,-1,-0.01,-1,-1,-0.01,-1,-1,-0.01,-1,-1,-0.01,-1,-1,-0.01,-1,-1,-0.01,-1,-1
99926009,2026-05-18 14:01:38+05:30,53556.9,0,0.0,0,0.0,0.0,53282.15,53613.05,52783.45,53710.35,0,0.0,0.0,0.0,0.0,-0.01,-1,-1,-0.01,-1,-1,-0.01,-1,-1,-0.01,-1,-1,-0.01,-1,-1,-0.01,-1,-1,-0.01,-1,-1,-0.01,-1,-1,-0.01,-1,-1,-0.01,-1,-1
99926009,2026-05-18 14:01:38+05:30,53558.95,0,0.0,0,0.0,0.0,53282.15,53613.05,52783.45,53710.35,0,0.0,0.0,0.0,0.0,-0.01,-1,-1,-0.01,-1,-1,-0.01,-1,-1,-0.01,-1,-1,-0.01,-1,-1,-0.01,-1,-1,-0.01,-1,-1,-0.01,-1,-1,-0.01,-1,-1,-0.01,-1,-1
99926009,2026-05-18 14:01:39+05:30,53560.4,0,0.0,0,0.0,0.0,53282.15,53613.05,52783.45,53710.35,0,0.0,0.0,0.0,0.0,-0.01,-1,-1,-0.01,-1,-1,-0.01,-1,-1,-0.01,-1,-1,-0.01,-1,-1,-0.01,-1,-1,-0.01,-1,-1,-0.01,-1,-1,-0.01,-1,-1,-0.01,-1,-1
99926009,2026-05-18 14:01:39+05:30,53560.45,0,0.0,0,0.0,0.0,53282.15,53613.05,52783.45,53710.35,0,0.0,0.0,0.0,0.0,-0.01,-1,-1,-0.01,-1,-1,-0.01,-1,-1,-0.01,-1,-1,-0.01,-1,-1,-0.01,-1,-1,-0.01,-1,-1,-0.01,-1,-1,-0.01,-1,-1,-0.01,-1,-1
99926009,2026-05-18 14:01:40+05:30,53559.0,0,0.0,0,0.0,0.0,53282.15,53613.05,52783.45,53710.35,0,0.0,0.0,0.0,0.0,-0.01,-1,-1,-0.01,-1,-1,-0.01,-1,-1,-0.01,-1,-1,-0.01,-1,-1,-0.01,-1,-1,-0.01,-1,-1,-0.01,-1,-1,-0.01,-1,-1,-0.01,-1,-1
99926009,2026-05-18 14:01:40+05:30,53558.35,0,0.0,0,0.0,0.0,53282.15,53613.05,52783.45,53710.35,0,0.0,0.0,0.0,0.0,-0.01,-1,-1,-0.01,-1,-1,-0.01,-1,-1,-0.01,-1,-1,-0.01,-1,-1,-0.01,-1,-1,-0.01,-1,-1,-0.01,-1,-1,-0.01,-1,-1,-0.01,-1,-1
99926009,2026-05-18 14:01:41+05:30,53558.9,0,0.0,0,0.0,0.0,53282.15,53613.05,52783.45,53710.35,0,0.0,0.0,0.0,0.0,-0.01,-1,-1,-0.01,-1,-1,-0.01,-1,-1,-0.01,-1,-1,-0.01,-1,-1,-0.01,-1,-1,-0.01,-1,-1,-0.01,-1,-1,-0.01,-1,-1,-0.01,-1,-1
99926009,2026-05-18 14:01:41+05:30,53557.45,0,0.0,0,0.0,0.0,53282.15,53613.05,52783.45,53710.35,0,0.0,0.0,0.0,0.0,-0.01,-1,-1,-0.01,-1,-1,-0.01,-1,-1,-0.01,-1,-1,-0.01,-1,-1,-0.01,-1,-1,-0.01,-1,-1,-0.01,-1,-1,-0.01,-1,-1,-0.01,-1,-1
99926009,2026-05-18 14:01:42+05:30,53556.95,0,0.0,0,0.0,0.0,53282.15,53613.05,52783.45,53710.35,0,0.0,0.0,0.0,0.0,-0.01,-1,-1,-0.01,-1,-1,-0.01,-1,-1,-0.01,-1,-1,-0.01,-1,-1,-0.01,-1,-1,-0.01,-1,-1,-0.01,-1,-1,-0.01,-1,-1,-0.01,-1,-1
99926009,2026-05-18 14:01:42+05:30,53560.7,0,0.0,0,0.0,0.0,53282.15,53613.05,52783.45,53710.35,0,0.0,0.0,0.0,0.0,-0.01,-1,-1,-0.01,-1,-1,-0.01,-1,-1,-0.01,-1,-1,-0.01,-1,-1,-0.01,-1,-1,-0.01,-1,-1,-0.01,-1,-1,-0.01,-1,-1,-0.01,-1,-1
99926009,2026-05-18 14:01:43+05:30,53556.55,0,0.0,0,0.0,0.0,53282.15,53613.05,52783.45,53710.35,0,0.0,0.0,0.0,0.0,-0.01,-1,-1,-0.01,-1,-1,-0.01,-1,-1,-0.01,-1,-1,-0.01,-1,-1,-0.01,-1,-1,-0.01,-1,-1,-0.01,-1,-1,-0.01,-1,-1,-0.01,-1,-1
99926009,2026-05-18 14:01:43+05:30,53559.5,0,0.0,0,0.0,0.0,53282.15,53613.05,52783.45,53710.35,0,0.0,0.0,0.0,0.0,-0.01,-1,-1,-0.01,-1,-1,-0.01,-1,-1,-0.01,-1,-1,-0.01,-1,-1,-0.01,-1,-1,-0.01,-1,-1,-0.01,-1,-1,-0.01,-1,-1,-0.01,-1,-1
99926009,2026-05-18 14:01:44+05:30,53556.7,0,0.0,0,0.0,0.0,53282.15,53613.05,52783.45,53710.35,0,0.0,0.0,0.0,0.0,-0.01,-1,-1,-0.01,-1,-1,-0.01,-1,-1,-0.01,-1,-1,-0.01,-1,-1,-0.01,-1,-1,-0.01,-1,-1,-0.01,-1,-1,-0.01,-1,-1,-0.01,-1,-1
99926009,2026-05-18 14:01:44+05:30,53559.75,0,0.0,0,0.0,0.0,53282.15,53613.05,52783.45,53710.35,0,0.0,0.0,0.0,0.0,-0.01,-1,-1,-0.01,-1,-1,-0.01,-1,-1,-0.01,-1,-1,-0.01,-1,-1,-0.01,-1,-1,-0.01,-1,-1,-0.01,-1,-1,-0.01,-1,-1,-0.01,-1,-1
99926009,2026-05-18 14:01:45+05:30,53557.2,0,0.0,0,0.0,0.0,53282.15,53613.05,52783.45,53710.35,0,0.0,0.0,0.0,0.0,-0.01,-1,-1,-0.01,-1,-1,-0.01,-1,-1,-0.01,-1,-1,-0.01,-1,-1,-0.01,-1,-1,-0.01,-1,-1,-0.01,-1,-1,-0.01,-1,-1,-0.01,-1,-1
99926009,2026-05-18 14:01:45+05:30,53551.65,0,0.0,0,0.0,0.0,53282.15,53613.05,52783.45,53710.35,0,0.0,0.0,0.0,0.0,-0.01,-1,-1,-0.01,-1,-1,-0.01,-1,-1,-0.01,-1,-1,-0.01,-1,-1,-0.01,-1,-1,-0.01,-1,-1,-0.01,-1,-1,-0.01,-1,-1,-0.01,-1,-1
99926009,2026-05-18 14:01:46+05:30,53554.45,0,0.0,0,0.0,0.0,53282.15,53613.05,52783.45,53710.35,0,0.0,0.0,0.0,0.0,-0.01,-1,-1,-0.01,-1,-1,-0.01,-1,-1,-0.01,-1,-1,-0.01,-1,-1,-0.01,-1,-1,-0.01,-1,-1,-0.01,-1,-1,-0.01,-1,-1,-0.01,-1,-1
99926009,2026-05-18 14:01:46+05:30,53553.1,0,0.0,0,0.0,0.0,53282.15,53613.05,52783.45,53710.35,0,0.0,0.0,0.0,0.0,-0.01,-1,-1,-0.01,-1,-1,-0.01,-1,-1,-0.01,-1,-1,-0.01,-1,-1,-0.01,-1,-1,-0.01,-1,-1,-0.01,-1,-1,-0.01,-1,-1,-0.01,-1,-1
99926009,2026-05-18 14:01:47+05:30,53553.9,0,0.0,0,0.0,0.0,53282.15,53613.05,52783.45,53710.35,0,0.0,0.0,0.0,0.0,-0.01,-1,-1,-0.01,-1,-1,-0.01,-1,-1,-0.01,-1,-1,-0.01,-1,-1,-0.01,-1,-1,-0.01,-1,-1,-0.01,-1,-1,-0.01,-1,-1,-0.01,-1,-1
99926009,2026-05-18 14:01:47+05:30,53555.15,0,0.0,0,0.0,0.0,53282.15,53613.05,52783.45,53710.35,0,0.0,0.0,0.0,0.0,-0.01,-1,-1,-0.01,-1,-1,-0.01,-1,-1,-0.01,-1,-1,-0.01,-1,-1,-0.01,-1,-1,-0.01,-1,-1,-0.01,-1,-1,-0.01,-1,-1,-0.01,-1,-1
99926009,2026-05-18 14:01:48+05:30,53554.85,0,0.0,0,0.0,0.0,53282.15,53613.05,52783.45,53710.35,0,0.0,0.0,0.0,0.0,-0.01,-1,-1,-0.01,-1,-1,-0.01,-1,-1,-0.01,-1,-1,-0.01,-1,-1,-0.01,-1,-1,-0.01,-1,-1,-0.01,-1,-1,-0.01,-1,-1,-0.01,-1,-1
99926009,2026-05-18 14:01:48+05:30,53553.75,0,0.0,0,0.0,0.0,53282.15,53613.05,52783.45,53710.35,0,0.0,0.0,0.0,0.0,-0.01,-1,-1,-0.01,-1,-1,-0.01,-1,-1,-0.01,-1,-1,-0.01,-1,-1,-0.01,-1,-1,-0.01,-1,-1,-0.01,-1,-1,-0.01,-1,-1,-0.01,-1,-1
99926009,2026-05-18 14:01:49+05:30,53556.75,0,0.0,0,0.0,0.0,53282.15,53613.05,52783.45,53710.35,0,0.0,0.0,0.0,0.0,-0.01,-1,-1,-0.01,-1,-1,-0.01,-1,-1,-0.01,-1,-1,-0.01,-1,-1,-0.01,-1,-1,-0.01,-1,-1,-0.01,-1,-1,-0.01,-1,-1,-0.01,-1,-1
99926009,2026-05-18 14:01:49+05:30,53555.5,0,0.0,0,0.0,0.0,53282.15,53613.05,52783.45,53710.35,0,0.0,0.0,0.0,0.0,-0.01,-1,-1,-0.01,-1,-1,-0.01,-1,-1,-0.01,-1,-1,-0.01,-1,-1,-0.01,-1,-1,-0.01,-1,-1,-0.01,-1,-1,-0.01,-1,-1,-0.01,-1,-1
99926009,2026-05-18 14:01:50+05:30,53554.45,0,0.0,0,0.0,0.0,53282.15,53613.05,52783.45,53710.35,0,0.0,0.0,0.0,0.0,-0.01,-1,-1,-0.01,-1,-1,-0.01,-1,-1,-0.01,-1,-1,-0.01,-1,-1,-0.01,-1,-1,-0.01,-1,-1,-0.01,-1,-1,-0.01,-1,-1,-0.01,-1,-1
99926009,2026-05-18 14:01:50+05:30,53554.85,0,0.0,0,0.0,0.0,53282.15,53613.05,52783.45,53710.35,0,0.0,0.0,0.0,0.0,-0.01,-1,-1,-0.01,-1,-1,-0.01,-1,-1,-0.01,-1,-1,-0.01,-1,-1,-0.01,-1,-1,-0.01,-1,-1,-0.01,-1,-1,-0.01,-1,-1,-0.01,-1,-1
99926009,2026-05-18 14:01:51+05:30,53554.7,0,0.0,0,0.0,0.0,53282.15,53613.05,52783.45,53710.35,0,0.0,0.0,0.0,0.0,-0.01,-1,-1,-0.01,-1,-1,-0.01,-1,-1,-0.01,-1,-1,-0.01,-1,-1,-0.01,-1,-1,-0.01,-1,-1,-0.01,-1,-1,-0.01,-1,-1,-0.01,-1,-1
99926009,2026-05-18 14:01:51+05:30,53555.2,0,0.0,0,0.0,0.0,53282.15,53613.05,52783.45,53710.35,0,0.0,0.0,0.0,0.0,-0.01,-1,-1,-0.01,-1,-1,-0.01,-1,-1,-0.01,-1,-1,-0.01,-1,-1,-0.01,-1,-1,-0.01,-1,-1,-0.01,-1,-1,-0.01,-1,-1,-0.01,-1,-1
99926009,2026-05-18 14:01:52+05:30,53549.4,0,0.0,0,0.0,0.0,53282.15,53613.05,52783.45,53710.35,0,0.0,0.0,0.0,0.0,-0.01,-1,-1,-0.01,-1,-1,-0.01,-1,-1,-0.01,-1,-1,-0.01,-1,-1,-0.01,-1,-1,-0.01,-1,-1,-0.01,-1,-1,-0.01,-1,-1,-0.01,-1,-1
99926009,2026-05-18 14:01:52+05:30,53551.65,0,0.0,0,0.0,0.0,53282.15,53613.05,52783.45,53710.35,0,0.0,0.0,0.0,0.0,-0.01,-1,-1,-0.01,-1,-1,-0.01,-1,-1,-0.01,-1,-1,-0.01,-1,-1,-0.01,-1,-1,-0.01,-1,-1,-0.01,-1,-1,-0.01,-1,-1,-0.01,-1,-1
99926009,2026-05-18 14:01:53+05:30,53552.1,0,0.0,0,0.0,0.0,53282.15,53613.05,52783.45,53710.35,0,0.0,0.0,0.0,0.0,-0.01,-1,-1,-0.01,-1,-1,-0.01,-1,-1,-0.01,-1,-1,-0.01,-1,-1,-0.01,-1,-1,-0.01,-1,-1,-0.01,-1,-1,-0.01,-1,-1,-0.01,-1,-1
99926009,2026-05-18 14:01:53+05:30,53553.25,0,0.0,0,0.0,0.0,53282.15,53613.05,52783.45,53710.35,0,0.0,0.0,0.0,0.0,-0.01,-1,-1,-0.01,-1,-1,-0.01,-1,-1,-0.01,-1,-1,-0.01,-1,-1,-0.01,-1,-1,-0.01,-1,-1,-0.01,-1,-1,-0.01,-1,-1,-0.01,-1,-1
99926009,2026-05-18 14:01:54+05:30,53554.15,0,0.0,0,0.0,0.0,53282.15,53613.05,52783.45,53710.35,0,0.0,0.0,0.0,0.0,-0.01,-1,-1,-0.01,-1,-1,-0.01,-1,-1,-0.01,-1,-1,-0.01,-1,-1,-0.01,-1,-1,-0.01,-1,-1,-0.01,-1,-1,-0.01,-1,-1,-0.01,-1,-1
99926009,2026-05-18 14:01:54+05:30,53553.95,0,0.0,0,0.0,0.0,53282.15,53613.05,52783.45,53710.35,0,0.0,0.0,0.0,0.0,-0.01,-1,-1,-0.01,-1,-1,-0.01,-1,-1,-0.01,-1,-1,-0.01,-1,-1,-0.01,-1,-1,-0.01,-1,-1,-0.01,-1,-1,-0.01,-1,-1,-0.01,-1,-1
99926009,2026-05-18 14:01:55+05:30,53555.85,0,0.0,0,0.0,0.0,53282.15,53613.05,52783.45,53710.35,0,0.0,0.0,0.0,0.0,-0.01,-1,-1,-0.01,-1,-1,-0.01,-1,-1,-0.01,-1,-1,-0.01,-1,-1,-0.01,-1,-1,-0.01,-1,-1,-0.01,-1,-1,-0.01,-1,-1,-0.01,-1,-1
99926009,2026-05-18 14:01:55+05:30,53556.65,0,0.0,0,0.0,0.0,53282.15,53613.05,52783.45,53710.35,0,0.0,0.0,0.0,0.0,-0.01,-1,-1,-0.01,-1,-1,-0.01,-1,-1,-0.01,-1,-1,-0.01,-1,-1,-0.01,-1,-1,-0.01,-1,-1,-0.01,-1,-1,-0.01,-1,-1,-0.01,-1,-1
99926009,2026-05-18 14:01:56+05:30,53555.95,0,0.0,0,0.0,0.0,53282.15,53613.05,52783.45,53710.35,0,0.0,0.0,0.0,0.0,-0.01,-1,-1,-0.01,-1,-1,-0.01,-1,-1,-0.01,-1,-1,-0.01,-1,-1,-0.01,-1,-1,-0.01,-1,-1,-0.01,-1,-1,-0.01,-1,-1,-0.01,-1,-1
99926009,2026-05-18 14:01:56+05:30,53557.9,0,0.0,0,0.0,0.0,53282.15,53613.05,52783.45,53710.35,0,0.0,0.0,0.0,0.0,-0.01,-1,-1,-0.01,-1,-1,-0.01,-1,-1,-0.01,-1,-1,-0.01,-1,-1,-0.01,-1,-1,-0.01,-1,-1,-0.01,-1,-1,-0.01,-1,-1,-0.01,-1,-1
99926009,2026-05-18 14:01:57+05:30,53558.3,0,0.0,0,0.0,0.0,53282.15,53613.05,52783.45,53710.35,0,0.0,0.0,0.0,0.0,-0.01,-1,-1,-0.01,-1,-1,-0.01,-1,-1,-0.01,-1,-1,-0.01,-1,-1,-0.01,-1,-1,-0.01,-1,-1,-0.01,-1,-1,-0.01,-1,-1,-0.01,-1,-1
99926009,2026-05-18 14:01:57+05:30,53555.05,0,0.0,0,0.0,0.0,53282.15,53613.05,52783.45,53710.35,0,0.0,0.0,0.0,0.0,-0.01,-1,-1,-0.01,-1,-1,-0.01,-1,-1,-0.01,-1,-1,-0.01,-1,-1,-0.01,-1,-1,-0.01,-1,-1,-0.01,-1,-1,-0.01,-1,-1,-0.01,-1,-1
99926009,2026-05-18 14:01:58+05:30,53552.65,0,0.0,0,0.0,0.0,53282.15,53613.05,52783.45,53710.35,0,0.0,0.0,0.0,0.0,-0.01,-1,-1,-0.01,-1,-1,-0.01,-1,-1,-0.01,-1,-1,-0.01,-1,-1,-0.01,-1,-1,-0.01,-1,-1,-0.01,-1,-1,-0.01,-1,-1,-0.01,-1,-1
99926009,2026-05-18 14:01:58+05:30,53553.7,0,0.0,0,0.0,0.0,53282.15,53613.05,52783.45,53710.35,0,0.0,0.0,0.0,0.0,-0.01,-1,-1,-0.01,-1,-1,-0.01,-1,-1,-0.01,-1,-1,-0.01,-1,-1,-0.01,-1,-1,-0.01,-1,-1,-0.01,-1,-1,-0.01,-1,-1,-0.01,-1,-1
99926009,2026-05-18 14:01:59+05:30,53554.5,0,0.0,0,0.0,0.0,53282.15,53613.05,52783.45,53710.35,0,0.0,0.0,0.0,0.0,-0.01,-1,-1,-0.01,-1,-1,-0.01,-1,-1,-0.01,-1,-1,-0.01,-1,-1,-0.01,-1,-1,-0.01,-1,-1,-0.01,-1,-1,-0.01,-1,-1,-0.01,-1,-1
99926009,2026-05-18 14:01:59+05:30,53558.65,0,0.0,0,0.0,0.0,53282.15,53613.05,52783.45,53710.35,0,0.0,0.0,0.0,0.0,-0.01,-1,-1,-0.01,-1,-1,-0.01,-1,-1,-0.01,-1,-1,-0.01,-1,-1,-0.01,-1,-1,-0.01,-1,-1,-0.01,-1,-1,-0.01,-1,-1,-0.01,-1,-1
99926009,2026-05-18 14:02:00+05:30,53558.7,0,0.0,0,0.0,0.0,53282.15,53613.05,52783.45,53710.35,0,0.0,0.0,0.0,0.0,-0.01,-1,-1,-0.01,-1,-1,-0.01,-1,-1,-0.01,-1,-1,-0.01,-1,-1,-0.01,-1,-1,-0.01,-1,-1,-0.01,-1,-1,-0.01,-1,-1,-0.01,-1,-1
99926009,2026-05-18 14:02:00+05:30,53558.15,0,0.0,0,0.0,0.0,53282.15,53613.05,52783.45,53710.35,0,0.0,0.0,0.0,0.0,-0.01,-1,-1,-0.01,-1,-1,-0.01,-1,-1,-0.01,-1,-1,-0.01,-1,-1,-0.01,-1,-1,-0.01,-1,-1,-0.01,-1,-1,-0.01,-1,-1,-0.01,-1,-1
99926009,2026-05-18 14:02:01+05:30,53559.85,0,0.0,0,0.0,0.0,53282.15,53613.05,52783.45,53710.35,0,0.0,0.0,0.0,0.0,-0.01,-1,-1,-0.01,-1,-1,-0.01,-1,-1,-0.01,-1,-1,-0.01,-1,-1,-0.01,-1,-1,-0.01,-1,-1,-0.01,-1,-1,-0.01,-1,-1,-0.01,-1,-1
99926009,2026-05-18 14:02:01+05:30,53558.45,0,0.0,0,0.0,0.0,53282.15,53613.05,52783.45,53710.35,0,0.0,0.0,0.0,0.0,-0.01,-1,-1,-0.01,-1,-1,-0.01,-1,-1,-0.01,-1,-1,-0.01,-1,-1,-0.01,-1,-1,-0.01,-1,-1,-0.01,-1,-1,-0.01,-1,-1,-0.01,-1,-1
99926009,2026-05-18 14:02:02+05:30,53560.9,0,0.0,0,0.0,0.0,53282.15,53613.05,52783.45,53710.35,0,0.0,0.0,0.0,0.0,-0.01,-1,-1,-0.01,-1,-1,-0.01,-1,-1,-0.01,-1,-1,-0.01,-1,-1,-0.01,-1,-1,-0.01,-1,-1,-0.01,-1,-1,-0.01,-1,-1,-0.01,-1,-1
99926009,2026-05-18 14:02:02+05:30,53561.75,0,0.0,0,0.0,0.0,53282.15,53613.05,52783.45,53710.35,0,0.0,0.0,0.0,0.0,-0.01,-1,-1,-0.01,-1,-1,-0.01,-1,-1,-0.01,-1,-1,-0.01,-1,-1,-0.01,-1,-1,-0.01,-1,-1,-0.01,-1,-1,-0.01,-1,-1,-0.01,-1,-1
99926009,2026-05-18 14:02:03+05:30,53563.4,0,0.0,0,0.0,0.0,53282.15,53613.05,52783.45,53710.35,0,0.0,0.0,0.0,0.0,-0.01,-1,-1,-0.01,-1,-1,-0.01,-1,-1,-0.01,-1,-1,-0.01,-1,-1,-0.01,-1,-1,-0.01,-1,-1,-0.01,-1,-1,-0.01,-1,-1,-0.01,-1,-1
99926009,2026-05-18 14:02:03+05:30,53562.2,0,0.0,0,0.0,0.0,53282.15,53613.05,52783.45,53710.35,0,0.0,0.0,0.0,0.0,-0.01,-1,-1,-0.01,-1,-1,-0.01,-1,-1,-0.01,-1,-1,-0.01,-1,-1,-0.01,-1,-1,-0.01,-1,-1,-0.01,-1,-1,-0.01,-1,-1,-0.01,-1,-1
99926009,2026-05-18 14:02:04+05:30,53563.5,0,0.0,0,0.0,0.0,53282.15,53613.05,52783.45,53710.35,0,0.0,0.0,0.0,0.0,-0.01,-1,-1,-0.01,-1,-1,-0.01,-1,-1,-0.01,-1,-1,-0.01,-1,-1,-0.01,-1,-1,-0.01,-1,-1,-0.01,-1,-1,-0.01,-1,-1,-0.01,-1,-1
99926009,2026-05-18 14:02:04+05:30,53563.7,0,0.0,0,0.0,0.0,53282.15,53613.05,52783.45,53710.35,0,0.0,0.0,0.0,0.0,-0.01,-1,-1,-0.01,-1,-1,-0.01,-1,-1,-0.01,-1,-1,-0.01,-1,-1,-0.01,-1,-1,-0.01,-1,-1,-0.01,-1,-1,-0.01,-1,-1,-0.01,-1,-1
99926009,2026-05-18 14:02:05+05:30,53563.25,0,0.0,0,0.0,0.0,53282.15,53613.05,52783.45,53710.35,0,0.0,0.0,0.0,0.0,-0.01,-1,-1,-0.01,-1,-1,-0.01,-1,-1,-0.01,-1,-1,-0.01,-1,-1,-0.01,-1,-1,-0.01,-1,-1,-0.01,-1,-1,-0.01,-1,-1,-0.01,-1,-1
99926009,2026-05-18 14:02:05+05:30,53560.8,0,0.0,0,0.0,0.0,53282.15,53613.05,52783.45,53710.35,0,0.0,0.0,0.0,0.0,-0.01,-1,-1,-0.01,-1,-1,-0.01,-1,-1,-0.01,-1,-1,-0.01,-1,-1,-0.01,-1,-1,-0.01,-1,-1,-0.01,-1,-1,-0.01,-1,-1,-0.01,-1,-1
99926009,2026-05-18 14:02:06+05:30,53563.5,0,0.0,0,0.0,0.0,53282.15,53613.05,52783.45,53710.35,0,0.0,0.0,0.0,0.0,-0.01,-1,-1,-0.01,-1,-1,-0.01,-1,-1,-0.01,-1,-1,-0.01,-1,-1,-0.01,-1,-1,-0.01,-1,-1,-0.01,-1,-1,-0.01,-1,-1,-0.01,-1,-1
99926009,2026-05-18 14:02:06+05:30,53566.25,0,0.0,0,0.0,0.0,53282.15,53613.05,52783.45,53710.35,0,0.0,0.0,0.0,0.0,-0.01,-1,-1,-0.01,-1,-1,-0.01,-1,-1,-0.01,-1,-1,-0.01,-1,-1,-0.01,-1,-1,-0.01,-1,-1,-0.01,-1,-1,-0.01,-1,-1,-0.01,-1,-1
99926009,2026-05-18 14:02:07+05:30,53566.6,0,0.0,0,0.0,0.0,53282.15,53613.05,52783.45,53710.35,0,0.0,0.0,0.0,0.0,-0.01,-1,-1,-0.01,-1,-1,-0.01,-1,-1,-0.01,-1,-1,-0.01,-1,-1,-0.01,-1,-1,-0.01,-1,-1,-0.01,-1,-1,-0.01,-1,-1,-0.01,-1,-1
99926009,2026-05-18 14:02:07+05:30,53565.9,0,0.0,0,0.0,0.0,53282.15,53613.05,52783.45,53710.35,0,0.0,0.0,0.0,0.0,-0.01,-1,-1,-0.01,-1,-1,-0.01,-1,-1,-0.01,-1,-1,-0.01,-1,-1,-0.01,-1,-1,-0.01,-1,-1,-0.01,-1,-1,-0.01,-1,-1,-0.01,-1,-1
99926009,2026-05-18 14:02:08+05:30,53566.1,0,0.0,0,0.0,0.0,53282.15,53613.05,52783.45,53710.35,0,0.0,0.0,0.0,0.0,-0.01,-1,-1,-0.01,-1,-1,-0.01,-1,-1,-0.01,-1,-1,-0.01,-1,-1,-0.01,-1,-1,-0.01,-1,-1,-0.01,-1,-1,-0.01,-1,-1,-0.01,-1,-1
99926009,2026-05-18 14:02:08+05:30,53563.75,0,0.0,0,0.0,0.0,53282.15,53613.05,52783.45,53710.35,0,0.0,0.0,0.0,0.0,-0.01,-1,-1,-0.01,-1,-1,-0.01,-1,-1,-0.01,-1,-1,-0.01,-1,-1,-0.01,-1,-1,-0.01,-1,-1,-0.01,-1,-1,-0.01,-1,-1,-0.01,-1,-1
99926009,2026-05-18 14:02:09+05:30,53564.6,0,0.0,0,0.0,0.0,53282.15,53613.05,52783.45,53710.35,0,0.0,0.0,0.0,0.0,-0.01,-1,-1,-0.01,-1,-1,-0.01,-1,-1,-0.01,-1,-1,-0.01,-1,-1,-0.01,-1,-1,-0.01,-1,-1,-0.01,-1,-1,-0.01,-1,-1,-0.01,-1,-1
99926009,2026-05-18 14:02:09+05:30,53565.3,0,0.0,0,0.0,0.0,53282.15,53613.05,52783.45,53710.35,0,0.0,0.0,0.0,0.0,-0.01,-1,-1,-0.01,-1,-1,-0.01,-1,-1,-0.01,-1,-1,-0.01,-1,-1,-0.01,-1,-1,-0.01,-1,-1,-0.01,-1,-1,-0.01,-1,-1,-0.01,-1,-1
99926009,2026-05-18 14:02:10+05:30,53565.4,0,0.0,0,0.0,0.0,53282.15,53613.05,52783.45,53710.35,0,0.0,0.0,0.0,0.0,-0.01,-1,-1,-0.01,-1,-1,-0.01,-1,-1,-0.01,-1,-1,-0.01,-1,-1,-0.01,-1,-1,-0.01,-1,-1,-0.01,-1,-1,-0.01,-1,-1,-0.01,-1,-1
99926009,2026-05-18 14:02:10+05:30,53564.8,0,0.0,0,0.0,0.0,53282.15,53613.05,52783.45,53710.35,0,0.0,0.0,0.0,0.0,-0.01,-1,-1,-0.01,-1,-1,-0.01,-1,-1,-0.01,-1,-1,-0.01,-1,-1,-0.01,-1,-1,-0.01,-1,-1,-0.01,-1,-1,-0.01,-1,-1,-0.01,-1,-1
99926009,2026-05-18 14:02:11+05:30,53564.65,0,0.0,0,0.0,0.0,53282.15,53613.05,52783.45,53710.35,0,0.0,0.0,0.0,0.0,-0.01,-1,-1,-0.01,-1,-1,-0.01,-1,-1,-0.01,-1,-1,-0.01,-1,-1,-0.01,-1,-1,-0.01,-1,-1,-0.01,-1,-1,-0.01,-1,-1,-0.01,-1,-1
99926009,2026-05-18 14:02:11+05:30,53563.3,0,0.0,0,0.0,0.0,53282.15,53613.05,52783.45,53710.35,0,0.0,0.0,0.0,0.0,-0.01,-1,-1,-0.01,-1,-1,-0.01,-1,-1,-0.01,-1,-1,-0.01,-1,-1,-0.01,-1,-1,-0.01,-1,-1,-0.01,-1,-1,-0.01,-1,-1,-0.01,-1,-1
99926009,2026-05-18 14:02:12+05:30,53564.8,0,0.0,0,0.0,0.0,53282.15,53613.05,52783.45,53710.35,0,0.0,0.0,0.0,0.0,-0.01,-1,-1,-0.01,-1,-1,-0.01,-1,-1,-0.01,-1,-1,-0.01,-1,-1,-0.01,-1,-1,-0.01,-1,-1,-0.01,-1,-1,-0.01,-1,-1,-0.01,-1,-1
99926009,2026-05-18 14:02:12+05:30,53564.15,0,0.0,0,0.0,0.0,53282.15,53613.05,52783.45,53710.35,0,0.0,0.0,0.0,0.0,-0.01,-1,-1,-0.01,-1,-1,-0.01,-1,-1,-0.01,-1,-1,-0.01,-1,-1,-0.01,-1,-1,-0.01,-1,-1,-0.01,-1,-1,-0.01,-1,-1,-0.01,-1,-1
99926009,2026-05-18 14:02:13+05:30,53562.8,0,0.0,0,0.0,0.0,53282.15,53613.05,52783.45,53710.35,0,0.0,0.0,0.0,0.0,-0.01,-1,-1,-0.01,-1,-1,-0.01,-1,-1,-0.01,-1,-1,-0.01,-1,-1,-0.01,-1,-1,-0.01,-1,-1,-0.01,-1,-1,-0.01,-1,-1,-0.01,-1,-1
99926009,2026-05-18 14:02:13+05:30,53563.1,0,0.0,0,0.0,0.0,53282.15,53613.05,52783.45,53710.35,0,0.0,0.0,0.0,0.0,-0.01,-1,-1,-0.01,-1,-1,-0.01,-1,-1,-0.01,-1,-1,-0.01,-1,-1,-0.01,-1,-1,-0.01,-1,-1,-0.01,-1,-1,-0.01,-1,-1,-0.01,-1,-1
99926009,2026-05-18 14:02:14+05:30,53564.4,0,0.0,0,0.0,0.0,53282.15,53613.05,52783.45,53710.35,0,0.0,0.0,0.0,0.0,-0.01,-1,-1,-0.01,-1,-1,-0.01,-1,-1,-0.01,-1,-1,-0.01,-1,-1,-0.01,-1,-1,-0.01,-1,-1,-0.01,-1,-1,-0.01,-1,-1,-0.01,-1,-1
99926009,2026-05-18 14:02:14+05:30,53564.85,0,0.0,0,0.0,0.0,53282.15,53613.05,52783.45,53710.35,0,0.0,0.0,0.0,0.0,-0.01,-1,-1,-0.01,-1,-1,-0.01,-1,-1,-0.01,-1,-1,-0.01,-1,-1,-0.01,-1,-1,-0.01,-1,-1,-0.01,-1,-1,-0.01,-1,-1,-0.01,-1,-1
99926009,2026-05-18 14:02:15+05:30,53565.0,0,0.0,0,0.0,0.0,53282.15,53613.05,52783.45,53710.35,0,0.0,0.0,0.0,0.0,-0.01,-1,-1,-0.01,-1,-1,-0.01,-1,-1,-0.01,-1,-1,-0.01,-1,-1,-0.01,-1,-1,-0.01,-1,-1,-0.01,-1,-1,-0.01,-1,-1,-0.01,-1,-1
99926009,2026-05-18 14:02:15+05:30,53564.85,0,0.0,0,0.0,0.0,53282.15,53613.05,52783.45,53710.35,0,0.0,0.0,0.0,0.0,-0.01,-1,-1,-0.01,-1,-1,-0.01,-1,-1,-0.01,-1,-1,-0.01,-1,-1,-0.01,-1,-1,-0.01,-1,-1,-0.01,-1,-1,-0.01,-1,-1,-0.01,-1,-1
99926009,2026-05-18 14:02:16+05:30,53566.9,0,0.0,0,0.0,0.0,53282.15,53613.05,52783.45,53710.35,0,0.0,0.0,0.0,0.0,-0.01,-1,-1,-0.01,-1,-1,-0.01,-1,-1,-0.01,-1,-1,-0.01,-1,-1,-0.01,-1,-1,-0.01,-1,-1,-0.01,-1,-1,-0.01,-1,-1,-0.01,-1,-1
99926009,2026-05-18 14:02:16+05:30,53564.75,0,0.0,0,0.0,0.0,53282.15,53613.05,52783.45,53710.35,0,0.0,0.0,0.0,0.0,-0.01,-1,-1,-0.01,-1,-1,-0.01,-1,-1,-0.01,-1,-1,-0.01,-1,-1,-0.01,-1,-1,-0.01,-1,-1,-0.01,-1,-1,-0.01,-1,-1,-0.01,-1,-1
99926009,2026-05-18 14:02:17+05:30,53563.95,0,0.0,0,0.0,0.0,53282.15,53613.05,52783.45,53710.35,0,0.0,0.0,0.0,0.0,-0.01,-1,-1,-0.01,-1,-1,-0.01,-1,-1,-0.01,-1,-1,-0.01,-1,-1,-0.01,-1,-1,-0.01,-1,-1,-0.01,-1,-1,-0.01,-1,-1,-0.01,-1,-1
99926009,2026-05-18 14:02:17+05:30,53565.75,0,0.0,0,0.0,0.0,53282.15,53613.05,52783.45,53710.35,0,0.0,0.0,0.0,0.0,-0.01,-1,-1,-0.01,-1,-1,-0.01,-1,-1,-0.01,-1,-1,-0.01,-1,-1,-0.01,-1,-1,-0.01,-1,-1,-0.01,-1,-1,-0.01,-1,-1,-0.01,-1,-1
99926009,2026-05-18 14:02:18+05:30,53565.35,0,0.0,0,0.0,0.0,53282.15,53613.05,52783.45,53710.35,0,0.0,0.0,0.0,0.0,-0.01,-1,-1,-0.01,-1,-1,-0.01,-1,-1,-0.01,-1,-1,-0.01,-1,-1,-0.01,-1,-1,-0.01,-1,-1,-0.01,-1,-1,-0.01,-1,-1,-0.01,-1,-1
99926009,2026-05-18 14:02:18+05:30,53565.9,0,0.0,0,0.0,0.0,53282.15,53613.05,52783.45,53710.35,0,0.0,0.0,0.0,0.0,-0.01,-1,-1,-0.01,-1,-1,-0.01,-1,-1,-0.01,-1,-1,-0.01,-1,-1,-0.01,-1,-1,-0.01,-1,-1,-0.01,-1,-1,-0.01,-1,-1,-0.01,-1,-1
99926009,2026-05-18 14:02:19+05:30,53564.55,0,0.0,0,0.0,0.0,53282.15,53613.05,52783.45,53710.35,0,0.0,0.0,0.0,0.0,-0.01,-1,-1,-0.01,-1,-1,-0.01,-1,-1,-0.01,-1,-1,-0.01,-1,-1,-0.01,-1,-1,-0.01,-1,-1,-0.01,-1,-1,-0.01,-1,-1,-0.01,-1,-1
99926009,2026-05-18 14:02:19+05:30,53567.85,0,0.0,0,0.0,0.0,53282.15,53613.05,52783.45,53710.35,0,0.0,0.0,0.0,0.0,-0.01,-1,-1,-0.01,-1,-1,-0.01,-1,-1,-0.01,-1,-1,-0.01,-1,-1,-0.01,-1,-1,-0.01,-1,-1,-0.01,-1,-1,-0.01,-1,-1,-0.01,-1,-1
99926009,2026-05-18 14:02:20+05:30,53568.15,0,0.0,0,0.0,0.0,53282.15,53613.05,52783.45,53710.35,0,0.0,0.0,0.0,0.0,-0.01,-1,-1,-0.01,-1,-1,-0.01,-1,-1,-0.01,-1,-1,-0.01,-1,-1,-0.01,-1,-1,-0.01,-1,-1,-0.01,-1,-1,-0.01,-1,-1,-0.01,-1,-1
99926009,2026-05-18 14:02:20+05:30,53566.25,0,0.0,0,0.0,0.0,53282.15,53613.05,52783.45,53710.35,0,0.0,0.0,0.0,0.0,-0.01,-1,-1,-0.01,-1,-1,-0.01,-1,-1,-0.01,-1,-1,-0.01,-1,-1,-0.01,-1,-1,-0.01,-1,-1,-0.01,-1,-1,-0.01,-1,-1,-0.01,-1,-1
99926009,2026-05-18 14:02:21+05:30,53566.05,0,0.0,0,0.0,0.0,53282.15,53613.05,52783.45,53710.35,0,0.0,0.0,0.0,0.0,-0.01,-1,-1,-0.01,-1,-1,-0.01,-1,-1,-0.01,-1,-1,-0.01,-1,-1,-0.01,-1,-1,-0.01,-1,-1,-0.01,-1,-1,-0.01,-1,-1,-0.01,-1,-1
99926009,2026-05-18 14:02:21+05:30,53566.4,0,0.0,0,0.0,0.0,53282.15,53613.05,52783.45,53710.35,0,0.0,0.0,0.0,0.0,-0.01,-1,-1,-0.01,-1,-1,-0.01,-1,-1,-0.01,-1,-1,-0.01,-1,-1,-0.01,-1,-1,-0.01,-1,-1,-0.01,-1,-1,-0.01,-1,-1,-0.01,-1,-1
99926009,2026-05-18 14:02:22+05:30,53564.35,0,0.0,0,0.0,0.0,53282.15,53613.05,52783.45,53710.35,0,0.0,0.0,0.0,0.0,-0.01,-1,-1,-0.01,-1,-1,-0.01,-1,-1,-0.01,-1,-1,-0.01,-1,-1,-0.01,-1,-1,-0.01,-1,-1,-0.01,-1,-1,-0.01,-1,-1,-0.01,-1,-1
99926009,2026-05-18 14:02:22+05:30,53563.9,0,0.0,0,0.0,0.0,53282.15,53613.05,52783.45,53710.35,0,0.0,0.0,0.0,0.0,-0.01,-1,-1,-0.01,-1,-1,-0.01,-1,-1,-0.01,-1,-1,-0.01,-1,-1,-0.01,-1,-1,-0.01,-1,-1,-0.01,-1,-1,-0.01,-1,-1,-0.01,-1,-1
99926009,2026-05-18 14:02:23+05:30,53563.25,0,0.0,0,0.0,0.0,53282.15,53613.05,52783.45,53710.35,0,0.0,0.0,0.0,0.0,-0.01,-1,-1,-0.01,-1,-1,-0.01,-1,-1,-0.01,-1,-1,-0.01,-1,-1,-0.01,-1,-1,-0.01,-1,-1,-0.01,-1,-1,-0.01,-1,-1,-0.01,-1,-1
99926009,2026-05-18 14:02:23+05:30,53563.5,0,0.0,0,0.0,0.0,53282.15,53613.05,52783.45,53710.35,0,0.0,0.0,0.0,0.0,-0.01,-1,-1,-0.01,-1,-1,-0.01,-1,-1,-0.01,-1,-1,-0.01,-1,-1,-0.01,-1,-1,-0.01,-1,-1,-0.01,-1,-1,-0.01,-1,-1,-0.01,-1,-1
99926009,2026-05-18 14:02:24+05:30,53566.95,0,0.0,0,0.0,0.0,53282.15,53613.05,52783.45,53710.35,0,0.0,0.0,0.0,0.0,-0.01,-1,-1,-0.01,-1,-1,-0.01,-1,-1,-0.01,-1,-1,-0.01,-1,-1,-0.01,-1,-1,-0.01,-1,-1,-0.01,-1,-1,-0.01,-1,-1,-0.01,-1,-1
99926009,2026-05-18 14:02:24+05:30,53566.1,0,0.0,0,0.0,0.0,53282.15,53613.05,52783.45,53710.35,0,0.0,0.0,0.0,0.0,-0.01,-1,-1,-0.01,-1,-1,-0.01,-1,-1,-0.01,-1,-1,-0.01,-1,-1,-0.01,-1,-1,-0.01,-1,-1,-0.01,-1,-1,-0.01,-1,-1,-0.01,-1,-1
99926009,2026-05-18 14:02:25+05:30,53566.85,0,0.0,0,0.0,0.0,53282.15,53613.05,52783.45,53710.35,0,0.0,0.0,0.0,0.0,-0.01,-1,-1,-0.01,-1,-1,-0.01,-1,-1,-0.01,-1,-1,-0.01,-1,-1,-0.01,-1,-1,-0.01,-1,-1,-0.01,-1,-1,-0.01,-1,-1,-0.01,-1,-1
99926009,2026-05-18 14:02:25+05:30,53564.75,0,0.0,0,0.0,0.0,53282.15,53613.05,52783.45,53710.35,0,0.0,0.0,0.0,0.0,-0.01,-1,-1,-0.01,-1,-1,-0.01,-1,-1,-0.01,-1,-1,-0.01,-1,-1,-0.01,-1,-1,-0.01,-1,-1,-0.01,-1,-1,-0.01,-1,-1,-0.01,-1,-1
99926009,2026-05-18 14:02:26+05:30,53564.8,0,0.0,0,0.0,0.0,53282.15,53613.05,52783.45,53710.35,0,0.0,0.0,0.0,0.0,-0.01,-1,-1,-0.01,-1,-1,-0.01,-1,-1,-0.01,-1,-1,-0.01,-1,-1,-0.01,-1,-1,-0.01,-1,-1,-0.01,-1,-1,-0.01,-1,-1,-0.01,-1,-1
99926009,2026-05-18 14:02:26+05:30,53564.35,0,0.0,0,0.0,0.0,53282.15,53613.05,52783.45,53710.35,0,0.0,0.0,0.0,0.0,-0.01,-1,-1,-0.01,-1,-1,-0.01,-1,-1,-0.01,-1,-1,-0.01,-1,-1,-0.01,-1,-1,-0.01,-1,-1,-0.01,-1,-1,-0.01,-1,-1,-0.01,-1,-1
99926009,2026-05-18 14:02:27+05:30,53564.35,0,0.0,0,0.0,0.0,53282.15,53613.05,52783.45,53710.35,0,0.0,0.0,0.0,0.0,-0.01,-1,-1,-0.01,-1,-1,-0.01,-1,-1,-0.01,-1,-1,-0.01,-1,-1,-0.01,-1,-1,-0.01,-1,-1,-0.01,-1,-1,-0.01,-1,-1,-0.01,-1,-1
99926009,2026-05-18 14:02:27+05:30,53568.5,0,0.0,0,0.0,0.0,53282.15,53613.05,52783.45,53710.35,0,0.0,0.0,0.0,0.0,-0.01,-1,-1,-0.01,-1,-1,-0.01,-1,-1,-0.01,-1,-1,-0.01,-1,-1,-0.01,-1,-1,-0.01,-1,-1,-0.01,-1,-1,-0.01,-1,-1,-0.01,-1,-1
99926009,2026-05-18 14:02:28+05:30,53572.95,0,0.0,0,0.0,0.0,53282.15,53613.05,52783.45,53710.35,0,0.0,0.0,0.0,0.0,-0.01,-1,-1,-0.01,-1,-1,-0.01,-1,-1,-0.01,-1,-1,-0.01,-1,-1,-0.01,-1,-1,-0.01,-1,-1,-0.01,-1,-1,-0.01,-1,-1,-0.01,-1,-1
99926009,2026-05-18 14:02:28+05:30,53575.1,0,0.0,0,0.0,0.0,53282.15,53613.05,52783.45,53710.35,0,0.0,0.0,0.0,0.0,-0.01,-1,-1,-0.01,-1,-1,-0.01,-1,-1,-0.01,-1,-1,-0.01,-1,-1,-0.01,-1,-1,-0.01,-1,-1,-0.01,-1,-1,-0.01,-1,-1,-0.01,-1,-1
99926009,2026-05-18 14:02:29+05:30,53574.05,0,0.0,0,0.0,0.0,53282.15,53613.05,52783.45,53710.35,0,0.0,0.0,0.0,0.0,-0.01,-1,-1,-0.01,-1,-1,-0.01,-1,-1,-0.01,-1,-1,-0.01,-1,-1,-0.01,-1,-1,-0.01,-1,-1,-0.01,-1,-1,-0.01,-1,-1,-0.01,-1,-1
99926009,2026-05-18 14:02:29+05:30,53574.55,0,0.0,0,0.0,0.0,53282.15,53613.05,52783.45,53710.35,0,0.0,0.0,0.0,0.0,-0.01,-1,-1,-0.01,-1,-1,-0.01,-1,-1,-0.01,-1,-1,-0.01,-1,-1,-0.01,-1,-1,-0.01,-1,-1,-0.01,-1,-1,-0.01,-1,-1,-0.01,-1,-1
99926009,2026-05-18 14:02:30+05:30,53576.2,0,0.0,0,0.0,0.0,53282.15,53613.05,52783.45,53710.35,0,0.0,0.0,0.0,0.0,-0.01,-1,-1,-0.01,-1,-1,-0.01,-1,-1,-0.01,-1,-1,-0.01,-1,-1,-0.01,-1,-1,-0.01,-1,-1,-0.01,-1,-1,-0.01,-1,-1,-0.01,-1,-1
99926009,2026-05-18 14:02:30+05:30,53572.95,0,0.0,0,0.0,0.0,53282.15,53613.05,52783.45,53710.35,0,0.0,0.0,0.0,0.0,-0.01,-1,-1,-0.01,-1,-1,-0.01,-1,-1,-0.01,-1,-1,-0.01,-1,-1,-0.01,-1,-1,-0.01,-1,-1,-0.01,-1,-1,-0.01,-1,-1,-0.01,-1,-1
99926009,2026-05-18 14:02:31+05:30,53572.6,0,0.0,0,0.0,0.0,53282.15,53613.05,52783.45,53710.35,0,0.0,0.0,0.0,0.0,-0.01,-1,-1,-0.01,-1,-1,-0.01,-1,-1,-0.01,-1,-1,-0.01,-1,-1,-0.01,-1,-1,-0.01,-1,-1,-0.01,-1,-1,-0.01,-1,-1,-0.01,-1,-1
99926009,2026-05-18 14:02:31+05:30,53569.7,0,0.0,0,0.0,0.0,53282.15,53613.05,52783.45,53710.35,0,0.0,0.0,0.0,0.0,-0.01,-1,-1,-0.01,-1,-1,-0.01,-1,-1,-0.01,-1,-1,-0.01,-1,-1,-0.01,-1,-1,-0.01,-1,-1,-0.01,-1,-1,-0.01,-1,-1,-0.01,-1,-1
99926009,2026-05-18 14:02:32+05:30,53568.9,0,0.0,0,0.0,0.0,53282.15,53613.05,52783.45,53710.35,0,0.0,0.0,0.0,0.0,-0.01,-1,-1,-0.01,-1,-1,-0.01,-1,-1,-0.01,-1,-1,-0.01,-1,-1,-0.01,-1,-1,-0.01,-1,-1,-0.01,-1,-1,-0.01,-1,-1,-0.01,-1,-1
99926009,2026-05-18 14:02:32+05:30,53568.7,0,0.0,0,0.0,0.0,53282.15,53613.05,52783.45,53710.35,0,0.0,0.0,0.0,0.0,-0.01,-1,-1,-0.01,-1,-1,-0.01,-1,-1,-0.01,-1,-1,-0.01,-1,-1,-0.01,-1,-1,-0.01,-1,-1,-0.01,-1,-1,-0.01,-1,-1,-0.01,-1,-1
99926009,2026-05-18 14:02:33+05:30,53569.75,0,0.0,0,0.0,0.0,53282.15,53613.05,52783.45,53710.35,0,0.0,0.0,0.0,0.0,-0.01,-1,-1,-0.01,-1,-1,-0.01,-1,-1,-0.01,-1,-1,-0.01,-1,-1,-0.01,-1,-1,-0.01,-1,-1,-0.01,-1,-1,-0.01,-1,-1,-0.01,-1,-1
99926009,2026-05-18 14:02:33+05:30,53569.3,0,0.0,0,0.0,0.0,53282.15,53613.05,52783.45,53710.35,0,0.0,0.0,0.0,0.0,-0.01,-1,-1,-0.01,-1,-1,-0.01,-1,-1,-0.01,-1,-1,-0.01,-1,-1,-0.01,-1,-1,-0.01,-1,-1,-0.01,-1,-1,-0.01,-1,-1,-0.01,-1,-1
99926009,2026-05-18 14:02:34+05:30,53566.0,0,0.0,0,0.0,0.0,53282.15,53613.05,52783.45,53710.35,0,0.0,0.0,0.0,0.0,-0.01,-1,-1,-0.01,-1,-1,-0.01,-1,-1,-0.01,-1,-1,-0.01,-1,-1,-0.01,-1,-1,-0.01,-1,-1,-0.01,-1,-1,-0.01,-1,-1,-0.01,-1,-1
99926009,2026-05-18 14:02:34+05:30,53565.85,0,0.0,0,0.0,0.0,53282.15,53613.05,52783.45,53710.35,0,0.0,0.0,0.0,0.0,-0.01,-1,-1,-0.01,-1,-1,-0.01,-1,-1,-0.01,-1,-1,-0.01,-1,-1,-0.01,-1,-1,-0.01,-1,-1,-0.01,-1,-1,-0.01,-1,-1,-0.01,-1,-1
99926009,2026-05-18 14:02:35+05:30,53567.7,0,0.0,0,0.0,0.0,53282.15,53613.05,52783.45,53710.35,0,0.0,0.0,0.0,0.0,-0.01,-1,-1,-0.01,-1,-1,-0.01,-1,-1,-0.01,-1,-1,-0.01,-1,-1,-0.01,-1,-1,-0.01,-1,-1,-0.01,-1,-1,-0.01,-1,-1,-0.01,-1,-1
99926009,2026-05-18 14:02:35+05:30,53564.65,0,0.0,0,0.0,0.0,53282.15,53613.05,52783.45,53710.35,0,0.0,0.0,0.0,0.0,-0.01,-1,-1,-0.01,-1,-1,-0.01,-1,-1,-0.01,-1,-1,-0.01,-1,-1,-0.01,-1,-1,-0.01,-1,-1,-0.01,-1,-1,-0.01,-1,-1,-0.01,-1,-1
99926009,2026-05-18 14:02:36+05:30,53565.55,0,0.0,0,0.0,0.0,53282.15,53613.05,52783.45,53710.35,0,0.0,0.0,0.0,0.0,-0.01,-1,-1,-0.01,-1,-1,-0.01,-1,-1,-0.01,-1,-1,-0.01,-1,-1,-0.01,-1,-1,-0.01,-1,-1,-0.01,-1,-1,-0.01,-1,-1,-0.01,-1,-1
99926009,2026-05-18 14:02:36+05:30,53567.05,0,0.0,0,0.0,0.0,53282.15,53613.05,52783.45,53710.35,0,0.0,0.0,0.0,0.0,-0.01,-1,-1,-0.01,-1,-1,-0.01,-1,-1,-0.01,-1,-1,-0.01,-1,-1,-0.01,-1,-1,-0.01,-1,-1,-0.01,-1,-1,-0.01,-1,-1,-0.01,-1,-1
99926009,2026-05-18 14:02:37+05:30,53565.9,0,0.0,0,0.0,0.0,53282.15,53613.05,52783.45,53710.35,0,0.0,0.0,0.0,0.0,-0.01,-1,-1,-0.01,-1,-1,-0.01,-1,-1,-0.01,-1,-1,-0.01,-1,-1,-0.01,-1,-1,-0.01,-1,-1,-0.01,-1,-1,-0.01,-1,-1,-0.01,-1,-1
99926009,2026-05-18 14:02:37+05:30,53568.25,0,0.0,0,0.0,0.0,53282.15,53613.05,52783.45,53710.35,0,0.0,0.0,0.0,0.0,-0.01,-1,-1,-0.01,-1,-1,-0.01,-1,-1,-0.01,-1,-1,-0.01,-1,-1,-0.01,-1,-1,-0.01,-1,-1,-0.01,-1,-1,-0.01,-1,-1,-0.01,-1,-1
99926009,2026-05-18 14:02:38+05:30,53564.1,0,0.0,0,0.0,0.0,53282.15,53613.05,52783.45,53710.35,0,0.0,0.0,0.0,0.0,-0.01,-1,-1,-0.01,-1,-1,-0.01,-1,-1,-0.01,-1,-1,-0.01,-1,-1,-0.01,-1,-1,-0.01,-1,-1,-0.01,-1,-1,-0.01,-1,-1,-0.01,-1,-1
99926009,2026-05-18 14:02:38+05:30,53564.8,0,0.0,0,0.0,0.0,53282.15,53613.05,52783.45,53710.35,0,0.0,0.0,0.0,0.0,-0.01,-1,-1,-0.01,-1,-1,-0.01,-1,-1,-0.01,-1,-1,-0.01,-1,-1,-0.01,-1,-1,-0.01,-1,-1,-0.01,-1,-1,-0.01,-1,-1,-0.01,-1,-1
99926009,2026-05-18 14:02:39+05:30,53564.7,0,0.0,0,0.0,0.0,53282.15,53613.05,52783.45,53710.35,0,0.0,0.0,0.0,0.0,-0.01,-1,-1,-0.01,-1,-1,-0.01,-1,-1,-0.01,-1,-1,-0.01,-1,-1,-0.01,-1,-1,-0.01,-1,-1,-0.01,-1,-1,-0.01,-1,-1,-0.01,-1,-1
99926009,2026-05-18 14:02:39+05:30,53566.55,0,0.0,0,0.0,0.0,53282.15,53613.05,52783.45,53710.35,0,0.0,0.0,0.0,0.0,-0.01,-1,-1,-0.01,-1,-1,-0.01,-1,-1,-0.01,-1,-1,-0.01,-1,-1,-0.01,-1,-1,-0.01,-1,-1,-0.01,-1,-1,-0.01,-1,-1,-0.01,-1,-1
99926009,2026-05-18 14:02:40+05:30,53567.7,0,0.0,0,0.0,0.0,53282.15,53613.05,52783.45,53710.35,0,0.0,0.0,0.0,0.0,-0.01,-1,-1,-0.01,-1,-1,-0.01,-1,-1,-0.01,-1,-1,-0.01,-1,-1,-0.01,-1,-1,-0.01,-1,-1,-0.01,-1,-1,-0.01,-1,-1,-0.01,-1,-1
99926009,2026-05-18 14:02:40+05:30,53567.2,0,0.0,0,0.0,0.0,53282.15,53613.05,52783.45,53710.35,0,0.0,0.0,0.0,0.0,-0.01,-1,-1,-0.01,-1,-1,-0.01,-1,-1,-0.01,-1,-1,-0.01,-1,-1,-0.01,-1,-1,-0.01,-1,-1,-0.01,-1,-1,-0.01,-1,-1,-0.01,-1,-1
99926009,2026-05-18 14:02:41+05:30,53572.65,0,0.0,0,0.0,0.0,53282.15,53613.05,52783.45,53710.35,0,0.0,0.0,0.0,0.0,-0.01,-1,-1,-0.01,-1,-1,-0.01,-1,-1,-0.01,-1,-1,-0.01,-1,-1,-0.01,-1,-1,-0.01,-1,-1,-0.01,-1,-1,-0.01,-1,-1,-0.01,-1,-1
99926009,2026-05-18 14:02:41+05:30,53571.25,0,0.0,0,0.0,0.0,53282.15,53613.05,52783.45,53710.35,0,0.0,0.0,0.0,0.0,-0.01,-1,-1,-0.01,-1,-1,-0.01,-1,-1,-0.01,-1,-1,-0.01,-1,-1,-0.01,-1,-1,-0.01,-1,-1,-0.01,-1,-1,-0.01,-1,-1,-0.01,-1,-1
99926009,2026-05-18 14:02:42+05:30,53570.4,0,0.0,0,0.0,0.0,53282.15,53613.05,52783.45,53710.35,0,0.0,0.0,0.0,0.0,-0.01,-1,-1,-0.01,-1,-1,-0.01,-1,-1,-0.01,-1,-1,-0.01,-1,-1,-0.01,-1,-1,-0.01,-1,-1,-0.01,-1,-1,-0.01,-1,-1,-0.01,-1,-1
99926009,2026-05-18 14:02:42+05:30,53568.4,0,0.0,0,0.0,0.0,53282.15,53613.05,52783.45,53710.35,0,0.0,0.0,0.0,0.0,-0.01,-1,-1,-0.01,-1,-1,-0.01,-1,-1,-0.01,-1,-1,-0.01,-1,-1,-0.01,-1,-1,-0.01,-1,-1,-0.01,-1,-1,-0.01,-1,-1,-0.01,-1,-1
99926009,2026-05-18 14:02:43+05:30,53566.55,0,0.0,0,0.0,0.0,53282.15,53613.05,52783.45,53710.35,0,0.0,0.0,0.0,0.0,-0.01,-1,-1,-0.01,-1,-1,-0.01,-1,-1,-0.01,-1,-1,-0.01,-1,-1,-0.01,-1,-1,-0.01,-1,-1,-0.01,-1,-1,-0.01,-1,-1,-0.01,-1,-1
99926009,2026-05-18 14:02:43+05:30,53567.8,0,0.0,0,0.0,0.0,53282.15,53613.05,52783.45,53710.35,0,0.0,0.0,0.0,0.0,-0.01,-1,-1,-0.01,-1,-1,-0.01,-1,-1,-0.01,-1,-1,-0.01,-1,-1,-0.01,-1,-1,-0.01,-1,-1,-0.01,-1,-1,-0.01,-1,-1,-0.01,-1,-1
99926009,2026-05-18 14:02:44+05:30,53567.5,0,0.0,0,0.0,0.0,53282.15,53613.05,52783.45,53710.35,0,0.0,0.0,0.0,0.0,-0.01,-1,-1,-0.01,-1,-1,-0.01,-1,-1,-0.01,-1,-1,-0.01,-1,-1,-0.01,-1,-1,-0.01,-1,-1,-0.01,-1,-1,-0.01,-1,-1,-0.01,-1,-1
99926009,2026-05-18 14:02:44+05:30,53566.9,0,0.0,0,0.0,0.0,53282.15,53613.05,52783.45,53710.35,0,0.0,0.0,0.0,0.0,-0.01,-1,-1,-0.01,-1,-1,-0.01,-1,-1,-0.01,-1,-1,-0.01,-1,-1,-0.01,-1,-1,-0.01,-1,-1,-0.01,-1,-1,-0.01,-1,-1,-0.01,-1,-1
99926009,2026-05-18 14:02:45+05:30,53573.1,0,0.0,0,0.0,0.0,53282.15,53613.05,52783.45,53710.35,0,0.0,0.0,0.0,0.0,-0.01,-1,-1,-0.01,-1,-1,-0.01,-1,-1,-0.01,-1,-1,-0.01,-1,-1,-0.01,-1,-1,-0.01,-1,-1,-0.01,-1,-1,-0.01,-1,-1,-0.01,-1,-1
99926009,2026-05-18 14:02:45+05:30,53570.3,0,0.0,0,0.0,0.0,53282.15,53613.05,52783.45,53710.35,0,0.0,0.0,0.0,0.0,-0.01,-1,-1,-0.01,-1,-1,-0.01,-1,-1,-0.01,-1,-1,-0.01,-1,-1,-0.01,-1,-1,-0.01,-1,-1,-0.01,-1,-1,-0.01,-1,-1,-0.01,-1,-1
99926009,2026-05-18 14:02:46+05:30,53571.45,0,0.0,0,0.0,0.0,53282.15,53613.05,52783.45,53710.35,0,0.0,0.0,0.0,0.0,-0.01,-1,-1,-0.01,-1,-1,-0.01,-1,-1,-0.01,-1,-1,-0.01,-1,-1,-0.01,-1,-1,-0.01,-1,-1,-0.01,-1,-1,-0.01,-1,-1,-0.01,-1,-1
99926009,2026-05-18 14:02:46+05:30,53569.1,0,0.0,0,0.0,0.0,53282.15,53613.05,52783.45,53710.35,0,0.0,0.0,0.0,0.0,-0.01,-1,-1,-0.01,-1,-1,-0.01,-1,-1,-0.01,-1,-1,-0.01,-1,-1,-0.01,-1,-1,-0.01,-1,-1,-0.01,-1,-1,-0.01,-1,-1,-0.01,-1,-1
99926009,2026-05-18 14:02:47+05:30,53570.3,0,0.0,0,0.0,0.0,53282.15,53613.05,52783.45,53710.35,0,0.0,0.0,0.0,0.0,-0.01,-1,-1,-0.01,-1,-1,-0.01,-1,-1,-0.01,-1,-1,-0.01,-1,-1,-0.01,-1,-1,-0.01,-1,-1,-0.01,-1,-1,-0.01,-1,-1,-0.01,-1,-1
99926009,2026-05-18 14:02:47+05:30,53570.6,0,0.0,0,0.0,0.0,53282.15,53613.05,52783.45,53710.35,0,0.0,0.0,0.0,0.0,-0.01,-1,-1,-0.01,-1,-1,-0.01,-1,-1,-0.01,-1,-1,-0.01,-1,-1,-0.01,-1,-1,-0.01,-1,-1,-0.01,-1,-1,-0.01,-1,-1,-0.01,-1,-1
99926009,2026-05-18 14:02:48+05:30,53574.25,0,0.0,0,0.0,0.0,53282.15,53613.05,52783.45,53710.35,0,0.0,0.0,0.0,0.0,-0.01,-1,-1,-0.01,-1,-1,-0.01,-1,-1,-0.01,-1,-1,-0.01,-1,-1,-0.01,-1,-1,-0.01,-1,-1,-0.01,-1,-1,-0.01,-1,-1,-0.01,-1,-1
99926009,2026-05-18 14:02:48+05:30,53572.3,0,0.0,0,0.0,0.0,53282.15,53613.05,52783.45,53710.35,0,0.0,0.0,0.0,0.0,-0.01,-1,-1,-0.01,-1,-1,-0.01,-1,-1,-0.01,-1,-1,-0.01,-1,-1,-0.01,-1,-1,-0.01,-1,-1,-0.01,-1,-1,-0.01,-1,-1,-0.01,-1,-1
99926009,2026-05-18 14:02:49+05:30,53576.75,0,0.0,0,0.0,0.0,53282.15,53613.05,52783.45,53710.35,0,0.0,0.0,0.0,0.0,-0.01,-1,-1,-0.01,-1,-1,-0.01,-1,-1,-0.01,-1,-1,-0.01,-1,-1,-0.01,-1,-1,-0.01,-1,-1,-0.01,-1,-1,-0.01,-1,-1,-0.01,-1,-1
99926009,2026-05-18 14:02:49+05:30,53577.4,0,0.0,0,0.0,0.0,53282.15,53613.05,52783.45,53710.35,0,0.0,0.0,0.0,0.0,-0.01,-1,-1,-0.01,-1,-1,-0.01,-1,-1,-0.01,-1,-1,-0.01,-1,-1,-0.01,-1,-1,-0.01,-1,-1,-0.01,-1,-1,-0.01,-1,-1,-0.01,-1,-1
99926009,2026-05-18 14:02:50+05:30,53576.0,0,0.0,0,0.0,0.0,53282.15,53613.05,52783.45,53710.35,0,0.0,0.0,0.0,0.0,-0.01,-1,-1,-0.01,-1,-1,-0.01,-1,-1,-0.01,-1,-1,-0.01,-1,-1,-0.01,-1,-1,-0.01,-1,-1,-0.01,-1,-1,-0.01,-1,-1,-0.01,-1,-1
99926009,2026-05-18 14:02:50+05:30,53575.7,0,0.0,0,0.0,0.0,53282.15,53613.05,52783.45,53710.35,0,0.0,0.0,0.0,0.0,-0.01,-1,-1,-0.01,-1,-1,-0.01,-1,-1,-0.01,-1,-1,-0.01,-1,-1,-0.01,-1,-1,-0.01,-1,-1,-0.01,-1,-1,-0.01,-1,-1,-0.01,-1,-1
99926009,2026-05-18 14:02:51+05:30,53576.8,0,0.0,0,0.0,0.0,53282.15,53613.05,52783.45,53710.35,0,0.0,0.0,0.0,0.0,-0.01,-1,-1,-0.01,-1,-1,-0.01,-1,-1,-0.01,-1,-1,-0.01,-1,-1,-0.01,-1,-1,-0.01,-1,-1,-0.01,-1,-1,-0.01,-1,-1,-0.01,-1,-1
99926009,2026-05-18 14:02:51+05:30,53578.35,0,0.0,0,0.0,0.0,53282.15,53613.05,52783.45,53710.35,0,0.0,0.0,0.0,0.0,-0.01,-1,-1,-0.01,-1,-1,-0.01,-1,-1,-0.01,-1,-1,-0.01,-1,-1,-0.01,-1,-1,-0.01,-1,-1,-0.01,-1,-1,-0.01,-1,-1,-0.01,-1,-1
99926009,2026-05-18 14:02:52+05:30,53575.35,0,0.0,0,0.0,0.0,53282.15,53613.05,52783.45,53710.35,0,0.0,0.0,0.0,0.0,-0.01,-1,-1,-0.01,-1,-1,-0.01,-1,-1,-0.01,-1,-1,-0.01,-1,-1,-0.01,-1,-1,-0.01,-1,-1,-0.01,-1,-1,-0.01,-1,-1,-0.01,-1,-1
99926009,2026-05-18 14:02:52+05:30,53579.55,0,0.0,0,0.0,0.0,53282.15,53613.05,52783.45,53710.35,0,0.0,0.0,0.0,0.0,-0.01,-1,-1,-0.01,-1,-1,-0.01,-1,-1,-0.01,-1,-1,-0.01,-1,-1,-0.01,-1,-1,-0.01,-1,-1,-0.01,-1,-1,-0.01,-1,-1,-0.01,-1,-1
99926009,2026-05-18 14:02:53+05:30,53576.8,0,0.0,0,0.0,0.0,53282.15,53613.05,52783.45,53710.35,0,0.0,0.0,0.0,0.0,-0.01,-1,-1,-0.01,-1,-1,-0.01,-1,-1,-0.01,-1,-1,-0.01,-1,-1,-0.01,-1,-1,-0.01,-1,-1,-0.01,-1,-1,-0.01,-1,-1,-0.01,-1,-1
99926009,2026-05-18 14:02:53+05:30,53578.75,0,0.0,0,0.0,0.0,53282.15,53613.05,52783.45,53710.35,0,0.0,0.0,0.0,0.0,-0.01,-1,-1,-0.01,-1,-1,-0.01,-1,-1,-0.01,-1,-1,-0.01,-1,-1,-0.01,-1,-1,-0.01,-1,-1,-0.01,-1,-1,-0.01,-1,-1,-0.01,-1,-1
99926009,2026-05-18 14:02:54+05:30,53576.15,0,0.0,0,0.0,0.0,53282.15,53613.05,52783.45,53710.35,0,0.0,0.0,0.0,0.0,-0.01,-1,-1,-0.01,-1,-1,-0.01,-1,-1,-0.01,-1,-1,-0.01,-1,-1,-0.01,-1,-1,-0.01,-1,-1,-0.01,-1,-1,-0.01,-1,-1,-0.01,-1,-1
99926009,2026-05-18 14:02:54+05:30,53578.35,0,0.0,0,0.0,0.0,53282.15,53613.05,52783.45,53710.35,0,0.0,0.0,0.0,0.0,-0.01,-1,-1,-0.01,-1,-1,-0.01,-1,-1,-0.01,-1,-1,-0.01,-1,-1,-0.01,-1,-1,-0.01,-1,-1,-0.01,-1,-1,-0.01,-1,-1,-0.01,-1,-1
99926009,2026-05-18 14:02:55+05:30,53576.85,0,0.0,0,0.0,0.0,53282.15,53613.05,52783.45,53710.35,0,0.0,0.0,0.0,0.0,-0.01,-1,-1,-0.01,-1,-1,-0.01,-1,-1,-0.01,-1,-1,-0.01,-1,-1,-0.01,-1,-1,-0.01,-1,-1,-0.01,-1,-1,-0.01,-1,-1,-0.01,-1,-1
99926009,2026-05-18 14:02:55+05:30,53578.55,0,0.0,0,0.0,0.0,53282.15,53613.05,52783.45,53710.35,0,0.0,0.0,0.0,0.0,-0.01,-1,-1,-0.01,-1,-1,-0.01,-1,-1,-0.01,-1,-1,-0.01,-1,-1,-0.01,-1,-1,-0.01,-1,-1,-0.01,-1,-1,-0.01,-1,-1,-0.01,-1,-1
99926009,2026-05-18 14:02:56+05:30,53577.3,0,0.0,0,0.0,0.0,53282.15,53613.05,52783.45,53710.35,0,0.0,0.0,0.0,0.0,-0.01,-1,-1,-0.01,-1,-1,-0.01,-1,-1,-0.01,-1,-1,-0.01,-1,-1,-0.01,-1,-1,-0.01,-1,-1,-0.01,-1,-1,-0.01,-1,-1,-0.01,-1,-1
99926009,2026-05-18 14:02:56+05:30,53578.3,0,0.0,0,0.0,0.0,53282.15,53613.05,52783.45,53710.35,0,0.0,0.0,0.0,0.0,-0.01,-1,-1,-0.01,-1,-1,-0.01,-1,-1,-0.01,-1,-1,-0.01,-1,-1,-0.01,-1,-1,-0.01,-1,-1,-0.01,-1,-1,-0.01,-1,-1,-0.01,-1,-1
99926009,2026-05-18 14:02:57+05:30,53578.0,0,0.0,0,0.0,0.0,53282.15,53613.05,52783.45,53710.35,0,0.0,0.0,0.0,0.0,-0.01,-1,-1,-0.01,-1,-1,-0.01,-1,-1,-0.01,-1,-1,-0.01,-1,-1,-0.01,-1,-1,-0.01,-1,-1,-0.01,-1,-1,-0.01,-1,-1,-0.01,-1,-1
99926009,2026-05-18 14:02:57+05:30,53575.35,0,0.0,0,0.0,0.0,53282.15,53613.05,52783.45,53710.35,0,0.0,0.0,0.0,0.0,-0.01,-1,-1,-0.01,-1,-1,-0.01,-1,-1,-0.01,-1,-1,-0.01,-1,-1,-0.01,-1,-1,-0.01,-1,-1,-0.01,-1,-1,-0.01,-1,-1,-0.01,-1,-1
99926009,2026-05-18 14:02:58+05:30,53578.9,0,0.0,0,0.0,0.0,53282.15,53613.05,52783.45,53710.35,0,0.0,0.0,0.0,0.0,-0.01,-1,-1,-0.01,-1,-1,-0.01,-1,-1,-0.01,-1,-1,-0.01,-1,-1,-0.01,-1,-1,-0.01,-1,-1,-0.01,-1,-1,-0.01,-1,-1,-0.01,-1,-1
99926009,2026-05-18 14:02:58+05:30,53576.45,0,0.0,0,0.0,0.0,53282.15,53613.05,52783.45,53710.35,0,0.0,0.0,0.0,0.0,-0.01,-1,-1,-0.01,-1,-1,-0.01,-1,-1,-0.01,-1,-1,-0.01,-1,-1,-0.01,-1,-1,-0.01,-1,-1,-0.01,-1,-1,-0.01,-1,-1,-0.01,-1,-1
99926009,2026-05-18 14:02:59+05:30,53579.55,0,0.0,0,0.0,0.0,53282.15,53613.05,52783.45,53710.35,0,0.0,0.0,0.0,0.0,-0.01,-1,-1,-0.01,-1,-1,-0.01,-1,-1,-0.01,-1,-1,-0.01,-1,-1,-0.01,-1,-1,-0.01,-1,-1,-0.01,-1,-1,-0.01,-1,-1,-0.01,-1,-1
99926009,2026-05-18 14:02:59+05:30,53577.7,0,0.0,0,0.0,0.0,53282.15,53613.05,52783.45,53710.35,0,0.0,0.0,0.0,0.0,-0.01,-1,-1,-0.01,-1,-1,-0.01,-1,-1,-0.01,-1,-1,-0.01,-1,-1,-0.01,-1,-1,-0.01,-1,-1,-0.01,-1,-1,-0.01,-1,-1,-0.01,-1,-1
99926009,2026-05-18 14:03:00+05:30,53582.2,0,0.0,0,0.0,0.0,53282.15,53613.05,52783.45,53710.35,0,0.0,0.0,0.0,0.0,-0.01,-1,-1,-0.01,-1,-1,-0.01,-1,-1,-0.01,-1,-1,-0.01,-1,-1,-0.01,-1,-1,-0.01,-1,-1,-0.01,-1,-1,-0.01,-1,-1,-0.01,-1,-1
99926009,2026-05-18 14:03:00+05:30,53575.95,0,0.0,0,0.0,0.0,53282.15,53613.05,52783.45,53710.35,0,0.0,0.0,0.0,0.0,-0.01,-1,-1,-0.01,-1,-1,-0.01,-1,-1,-0.01,-1,-1,-0.01,-1,-1,-0.01,-1,-1,-0.01,-1,-1,-0.01,-1,-1,-0.01,-1,-1,-0.01,-1,-1
99926009,2026-05-18 14:03:01+05:30,53578.95,0,0.0,0,0.0,0.0,53282.15,53613.05,52783.45,53710.35,0,0.0,0.0,0.0,0.0,-0.01,-1,-1,-0.01,-1,-1,-0.01,-1,-1,-0.01,-1,-1,-0.01,-1,-1,-0.01,-1,-1,-0.01,-1,-1,-0.01,-1,-1,-0.01,-1,-1,-0.01,-1,-1
99926009,2026-05-18 14:03:01+05:30,53579.35,0,0.0,0,0.0,0.0,53282.15,53613.05,52783.45,53710.35,0,0.0,0.0,0.0,0.0,-0.01,-1,-1,-0.01,-1,-1,-0.01,-1,-1,-0.01,-1,-1,-0.01,-1,-1,-0.01,-1,-1,-0.01,-1,-1,-0.01,-1,-1,-0.01,-1,-1,-0.01,-1,-1
99926009,2026-05-18 14:03:02+05:30,53579.9,0,0.0,0,0.0,0.0,53282.15,53613.05,52783.45,53710.35,0,0.0,0.0,0.0,0.0,-0.01,-1,-1,-0.01,-1,-1,-0.01,-1,-1,-0.01,-1,-1,-0.01,-1,-1,-0.01,-1,-1,-0.01,-1,-1,-0.01,-1,-1,-0.01,-1,-1,-0.01,-1,-1
99926009,2026-05-18 14:03:02+05:30,53580.0,0,0.0,0,0.0,0.0,53282.15,53613.05,52783.45,53710.35,0,0.0,0.0,0.0,0.0,-0.01,-1,-1,-0.01,-1,-1,-0.01,-1,-1,-0.01,-1,-1,-0.01,-1,-1,-0.01,-1,-1,-0.01,-1,-1,-0.01,-1,-1,-0.01,-1,-1,-0.01,-1,-1
99926009,2026-05-18 14:03:03+05:30,53583.8,0,0.0,0,0.0,0.0,53282.15,53613.05,52783.45,53710.35,0,0.0,0.0,0.0,0.0,-0.01,-1,-1,-0.01,-1,-1,-0.01,-1,-1,-0.01,-1,-1,-0.01,-1,-1,-0.01,-1,-1,-0.01,-1,-1,-0.01,-1,-1,-0.01,-1,-1,-0.01,-1,-1
99926009,2026-05-18 14:03:03+05:30,53584.7,0,0.0,0,0.0,0.0,53282.15,53613.05,52783.45,53710.35,0,0.0,0.0,0.0,0.0,-0.01,-1,-1,-0.01,-1,-1,-0.01,-1,-1,-0.01,-1,-1,-0.01,-1,-1,-0.01,-1,-1,-0.01,-1,-1,-0.01,-1,-1,-0.01,-1,-1,-0.01,-1,-1
99926009,2026-05-18 14:03:04+05:30,53582.55,0,0.0,0,0.0,0.0,53282.15,53613.05,52783.45,53710.35,0,0.0,0.0,0.0,0.0,-0.01,-1,-1,-0.01,-1,-1,-0.01,-1,-1,-0.01,-1,-1,-0.01,-1,-1,-0.01,-1,-1,-0.01,-1,-1,-0.01,-1,-1,-0.01,-1,-1,-0.01,-1,-1
99926009,2026-05-18 14:03:04+05:30,53585.15,0,0.0,0,0.0,0.0,53282.15,53613.05,52783.45,53710.35,0,0.0,0.0,0.0,0.0,-0.01,-1,-1,-0.01,-1,-1,-0.01,-1,-1,-0.01,-1,-1,-0.01,-1,-1,-0.01,-1,-1,-0.01,-1,-1,-0.01,-1,-1,-0.01,-1,-1,-0.01,-1,-1
99926009,2026-05-18 14:03:05+05:30,53584.25,0,0.0,0,0.0,0.0,53282.15,53613.05,52783.45,53710.35,0,0.0,0.0,0.0,0.0,-0.01,-1,-1,-0.01,-1,-1,-0.01,-1,-1,-0.01,-1,-1,-0.01,-1,-1,-0.01,-1,-1,-0.01,-1,-1,-0.01,-1,-1,-0.01,-1,-1,-0.01,-1,-1
99926009,2026-05-18 14:03:05+05:30,53586.65,0,0.0,0,0.0,0.0,53282.15,53613.05,52783.45,53710.35,0,0.0,0.0,0.0,0.0,-0.01,-1,-1,-0.01,-1,-1,-0.01,-1,-1,-0.01,-1,-1,-0.01,-1,-1,-0.01,-1,-1,-0.01,-1,-1,-0.01,-1,-1,-0.01,-1,-1,-0.01,-1,-1
99926009,2026-05-18 14:03:06+05:30,53587.3,0,0.0,0,0.0,0.0,53282.15,53613.05,52783.45,53710.35,0,0.0,0.0,0.0,0.0,-0.01,-1,-1,-0.01,-1,-1,-0.01,-1,-1,-0.01,-1,-1,-0.01,-1,-1,-0.01,-1,-1,-0.01,-1,-1,-0.01,-1,-1,-0.01,-1,-1,-0.01,-1,-1
99926009,2026-05-18 14:03:06+05:30,53589.1,0,0.0,0,0.0,0.0,53282.15,53613.05,52783.45,53710.35,0,0.0,0.0,0.0,0.0,-0.01,-1,-1,-0.01,-1,-1,-0.01,-1,-1,-0.01,-1,-1,-0.01,-1,-1,-0.01,-1,-1,-0.01,-1,-1,-0.01,-1,-1,-0.01,-1,-1,-0.01,-1,-1
99926009,2026-05-18 14:03:07+05:30,53589.0,0,0.0,0,0.0,0.0,53282.15,53613.05,52783.45,53710.35,0,0.0,0.0,0.0,0.0,-0.01,-1,-1,-0.01,-1,-1,-0.01,-1,-1,-0.01,-1,-1,-0.01,-1,-1,-0.01,-1,-1,-0.01,-1,-1,-0.01,-1,-1,-0.01,-1,-1,-0.01,-1,-1
99926009,2026-05-18 14:03:07+05:30,53586.9,0,0.0,0,0.0,0.0,53282.15,53613.05,52783.45,53710.35,0,0.0,0.0,0.0,0.0,-0.01,-1,-1,-0.01,-1,-1,-0.01,-1,-1,-0.01,-1,-1,-0.01,-1,-1,-0.01,-1,-1,-0.01,-1,-1,-0.01,-1,-1,-0.01,-1,-1,-0.01,-1,-1
99926009,2026-05-18 14:03:08+05:30,53589.6,0,0.0,0,0.0,0.0,53282.15,53613.05,52783.45,53710.35,0,0.0,0.0,0.0,0.0,-0.01,-1,-1,-0.01,-1,-1,-0.01,-1,-1,-0.01,-1,-1,-0.01,-1,-1,-0.01,-1,-1,-0.01,-1,-1,-0.01,-1,-1,-0.01,-1,-1,-0.01,-1,-1
99926009,2026-05-18 14:03:08+05:30,53589.4,0,0.0,0,0.0,0.0,53282.15,53613.05,52783.45,53710.35,0,0.0,0.0,0.0,0.0,-0.01,-1,-1,-0.01,-1,-1,-0.01,-1,-1,-0.01,-1,-1,-0.01,-1,-1,-0.01,-1,-1,-0.01,-1,-1,-0.01,-1,-1,-0.01,-1,-1,-0.01,-1,-1
99926009,2026-05-18 14:03:09+05:30,53587.65,0,0.0,0,0.0,0.0,53282.15,53613.05,52783.45,53710.35,0,0.0,0.0,0.0,0.0,-0.01,-1,-1,-0.01,-1,-1,-0.01,-1,-1,-0.01,-1,-1,-0.01,-1,-1,-0.01,-1,-1,-0.01,-1,-1,-0.01,-1,-1,-0.01,-1,-1,-0.01,-1,-1
99926009,2026-05-18 14:03:09+05:30,53586.8,0,0.0,0,0.0,0.0,53282.15,53613.05,52783.45,53710.35,0,0.0,0.0,0.0,0.0,-0.01,-1,-1,-0.01,-1,-1,-0.01,-1,-1,-0.01,-1,-1,-0.01,-1,-1,-0.01,-1,-1,-0.01,-1,-1,-0.01,-1,-1,-0.01,-1,-1,-0.01,-1,-1
99926009,2026-05-18 14:03:10+05:30,53590.9,0,0.0,0,0.0,0.0,53282.15,53613.05,52783.45,53710.35,0,0.0,0.0,0.0,0.0,-0.01,-1,-1,-0.01,-1,-1,-0.01,-1,-1,-0.01,-1,-1,-0.01,-1,-1,-0.01,-1,-1,-0.01,-1,-1,-0.01,-1,-1,-0.01,-1,-1,-0.01,-1,-1
99926009,2026-05-18 14:03:10+05:30,53589.25,0,0.0,0,0.0,0.0,53282.15,53613.05,52783.45,53710.35,0,0.0,0.0,0.0,0.0,-0.01,-1,-1,-0.01,-1,-1,-0.01,-1,-1,-0.01,-1,-1,-0.01,-1,-1,-0.01,-1,-1,-0.01,-1,-1,-0.01,-1,-1,-0.01,-1,-1,-0.01,-1,-1
99926009,2026-05-18 14:03:11+05:30,53587.5,0,0.0,0,0.0,0.0,53282.15,53613.05,52783.45,53710.35,0,0.0,0.0,0.0,0.0,-0.01,-1,-1,-0.01,-1,-1,-0.01,-1,-1,-0.01,-1,-1,-0.01,-1,-1,-0.01,-1,-1,-0.01,-1,-1,-0.01,-1,-1,-0.01,-1,-1,-0.01,-1,-1
99926009,2026-05-18 14:03:11+05:30,53587.5,0,0.0,0,0.0,0.0,53282.15,53613.05,52783.45,53710.35,0,0.0,0.0,0.0,0.0,-0.01,-1,-1,-0.01,-1,-1,-0.01,-1,-1,-0.01,-1,-1,-0.01,-1,-1,-0.01,-1,-1,-0.01,-1,-1,-0.01,-1,-1,-0.01,-1,-1,-0.01,-1,-1
99926009,2026-05-18 14:03:12+05:30,53588.5,0,0.0,0,0.0,0.0,53282.15,53613.05,52783.45,53710.35,0,0.0,0.0,0.0,0.0,-0.01,-1,-1,-0.01,-1,-1,-0.01,-1,-1,-0.01,-1,-1,-0.01,-1,-1,-0.01,-1,-1,-0.01,-1,-1,-0.01,-1,-1,-0.01,-1,-1,-0.01,-1,-1
99926009,2026-05-18 14:03:12+05:30,53588.8,0,0.0,0,0.0,0.0,53282.15,53613.05,52783.45,53710.35,0,0.0,0.0,0.0,0.0,-0.01,-1,-1,-0.01,-1,-1,-0.01,-1,-1,-0.01,-1,-1,-0.01,-1,-1,-0.01,-1,-1,-0.01,-1,-1,-0.01,-1,-1,-0.01,-1,-1,-0.01,-1,-1
99926009,2026-05-18 14:03:13+05:30,53589.75,0,0.0,0,0.0,0.0,53282.15,53613.05,52783.45,53710.35,0,0.0,0.0,0.0,0.0,-0.01,-1,-1,-0.01,-1,-1,-0.01,-1,-1,-0.01,-1,-1,-0.01,-1,-1,-0.01,-1,-1,-0.01,-1,-1,-0.01,-1,-1,-0.01,-1,-1,-0.01,-1,-1
99926009,2026-05-18 14:03:13+05:30,53591.85,0,0.0,0,0.0,0.0,53282.15,53613.05,52783.45,53710.35,0,0.0,0.0,0.0,0.0,-0.01,-1,-1,-0.01,-1,-1,-0.01,-1,-1,-0.01,-1,-1,-0.01,-1,-1,-0.01,-1,-1,-0.01,-1,-1,-0.01,-1,-1,-0.01,-1,-1,-0.01,-1,-1
99926009,2026-05-18 14:03:14+05:30,53593.0,0,0.0,0,0.0,0.0,53282.15,53613.05,52783.45,53710.35,0,0.0,0.0,0.0,0.0,-0.01,-1,-1,-0.01,-1,-1,-0.01,-1,-1,-0.01,-1,-1,-0.01,-1,-1,-0.01,-1,-1,-0.01,-1,-1,-0.01,-1,-1,-0.01,-1,-1,-0.01,-1,-1
99926009,2026-05-18 14:03:14+05:30,53594.0,0,0.0,0,0.0,0.0,53282.15,53613.05,52783.45,53710.35,0,0.0,0.0,0.0,0.0,-0.01,-1,-1,-0.01,-1,-1,-0.01,-1,-1,-0.01,-1,-1,-0.01,-1,-1,-0.01,-1,-1,-0.01,-1,-1,-0.01,-1,-1,-0.01,-1,-1,-0.01,-1,-1
99926009,2026-05-18 14:03:15+05:30,53595.3,0,0.0,0,0.0,0.0,53282.15,53613.05,52783.45,53710.35,0,0.0,0.0,0.0,0.0,-0.01,-1,-1,-0.01,-1,-1,-0.01,-1,-1,-0.01,-1,-1,-0.01,-1,-1,-0.01,-1,-1,-0.01,-1,-1,-0.01,-1,-1,-0.01,-1,-1,-0.01,-1,-1
99926009,2026-05-18 14:03:15+05:30,53595.25,0,0.0,0,0.0,0.0,53282.15,53613.05,52783.45,53710.35,0,0.0,0.0,0.0,0.0,-0.01,-1,-1,-0.01,-1,-1,-0.01,-1,-1,-0.01,-1,-1,-0.01,-1,-1,-0.01,-1,-1,-0.01,-1,-1,-0.01,-1,-1,-0.01,-1,-1,-0.01,-1,-1
99926009,2026-05-18 14:03:16+05:30,53597.05,0,0.0,0,0.0,0.0,53282.15,53613.05,52783.45,53710.35,0,0.0,0.0,0.0,0.0,-0.01,-1,-1,-0.01,-1,-1,-0.01,-1,-1,-0.01,-1,-1,-0.01,-1,-1,-0.01,-1,-1,-0.01,-1,-1,-0.01,-1,-1,-0.01,-1,-1,-0.01,-1,-1
99926009,2026-05-18 14:03:16+05:30,53595.3,0,0.0,0,0.0,0.0,53282.15,53613.05,52783.45,53710.35,0,0.0,0.0,0.0,0.0,-0.01,-1,-1,-0.01,-1,-1,-0.01,-1,-1,-0.01,-1,-1,-0.01,-1,-1,-0.01,-1,-1,-0.01,-1,-1,-0.01,-1,-1,-0.01,-1,-1,-0.01,-1,-1
99926009,2026-05-18 14:03:17+05:30,53597.35,0,0.0,0,0.0,0.0,53282.15,53613.05,52783.45,53710.35,0,0.0,0.0,0.0,0.0,-0.01,-1,-1,-0.01,-1,-1,-0.01,-1,-1,-0.01,-1,-1,-0.01,-1,-1,-0.01,-1,-1,-0.01,-1,-1,-0.01,-1,-1,-0.01,-1,-1,-0.01,-1,-1
99926009,2026-05-18 14:03:17+05:30,53595.85,0,0.0,0,0.0,0.0,53282.15,53613.05,52783.45,53710.35,0,0.0,0.0,0.0,0.0,-0.01,-1,-1,-0.01,-1,-1,-0.01,-1,-1,-0.01,-1,-1,-0.01,-1,-1,-0.01,-1,-1,-0.01,-1,-1,-0.01,-1,-1,-0.01,-1,-1,-0.01,-1,-1
99926009,2026-05-18 14:03:18+05:30,53598.4,0,0.0,0,0.0,0.0,53282.15,53613.05,52783.45,53710.35,0,0.0,0.0,0.0,0.0,-0.01,-1,-1,-0.01,-1,-1,-0.01,-1,-1,-0.01,-1,-1,-0.01,-1,-1,-0.01,-1,-1,-0.01,-1,-1,-0.01,-1,-1,-0.01,-1,-1,-0.01,-1,-1
99926009,2026-05-18 14:03:18+05:30,53594.35,0,0.0,0,0.0,0.0,53282.15,53613.05,52783.45,53710.35,0,0.0,0.0,0.0,0.0,-0.01,-1,-1,-0.01,-1,-1,-0.01,-1,-1,-0.01,-1,-1,-0.01,-1,-1,-0.01,-1,-1,-0.01,-1,-1,-0.01,-1,-1,-0.01,-1,-1,-0.01,-1,-1
99926009,2026-05-18 14:03:19+05:30,53597.0,0,0.0,0,0.0,0.0,53282.15,53613.05,52783.45,53710.35,0,0.0,0.0,0.0,0.0,-0.01,-1,-1,-0.01,-1,-1,-0.01,-1,-1,-0.01,-1,-1,-0.01,-1,-1,-0.01,-1,-1,-0.01,-1,-1,-0.01,-1,-1,-0.01,-1,-1,-0.01,-1,-1
99926009,2026-05-18 14:03:19+05:30,53599.2,0,0.0,0,0.0,0.0,53282.15,53613.05,52783.45,53710.35,0,0.0,0.0,0.0,0.0,-0.01,-1,-1,-0.01,-1,-1,-0.01,-1,-1,-0.01,-1,-1,-0.01,-1,-1,-0.01,-1,-1,-0.01,-1,-1,-0.01,-1,-1,-0.01,-1,-1,-0.01,-1,-1
99926009,2026-05-18 14:03:20+05:30,53598.0,0,0.0,0,0.0,0.0,53282.15,53613.05,52783.45,53710.35,0,0.0,0.0,0.0,0.0,-0.01,-1,-1,-0.01,-1,-1,-0.01,-1,-1,-0.01,-1,-1,-0.01,-1,-1,-0.01,-1,-1,-0.01,-1,-1,-0.01,-1,-1,-0.01,-1,-1,-0.01,-1,-1
99926009,2026-05-18 14:03:20+05:30,53597.05,0,0.0,0,0.0,0.0,53282.15,53613.05,52783.45,53710.35,0,0.0,0.0,0.0,0.0,-0.01,-1,-1,-0.01,-1,-1,-0.01,-1,-1,-0.01,-1,-1,-0.01,-1,-1,-0.01,-1,-1,-0.01,-1,-1,-0.01,-1,-1,-0.01,-1,-1,-0.01,-1,-1
99926009,2026-05-18 14:03:21+05:30,53598.3,0,0.0,0,0.0,0.0,53282.15,53613.05,52783.45,53710.35,0,0.0,0.0,0.0,0.0,-0.01,-1,-1,-0.01,-1,-1,-0.01,-1,-1,-0.01,-1,-1,-0.01,-1,-1,-0.01,-1,-1,-0.01,-1,-1,-0.01,-1,-1,-0.01,-1,-1,-0.01,-1,-1
99926009,2026-05-18 14:03:21+05:30,53599.25,0,0.0,0,0.0,0.0,53282.15,53613.05,52783.45,53710.35,0,0.0,0.0,0.0,0.0,-0.01,-1,-1,-0.01,-1,-1,-0.01,-1,-1,-0.01,-1,-1,-0.01,-1,-1,-0.01,-1,-1,-0.01,-1,-1,-0.01,-1,-1,-0.01,-1,-1,-0.01,-1,-1
99926009,2026-05-18 14:03:22+05:30,53598.75,0,0.0,0,0.0,0.0,53282.15,53613.05,52783.45,53710.35,0,0.0,0.0,0.0,0.0,-0.01,-1,-1,-0.01,-1,-1,-0.01,-1,-1,-0.01,-1,-1,-0.01,-1,-1,-0.01,-1,-1,-0.01,-1,-1,-0.01,-1,-1,-0.01,-1,-1,-0.01,-1,-1
99926009,2026-05-18 14:03:22+05:30,53598.8,0,0.0,0,0.0,0.0,53282.15,53613.05,52783.45,53710.35,0,0.0,0.0,0.0,0.0,-0.01,-1,-1,-0.01,-1,-1,-0.01,-1,-1,-0.01,-1,-1,-0.01,-1,-1,-0.01,-1,-1,-0.01,-1,-1,-0.01,-1,-1,-0.01,-1,-1,-0.01,-1,-1
99926009,2026-05-18 14:03:23+05:30,53598.9,0,0.0,0,0.0,0.0,53282.15,53613.05,52783.45,53710.35,0,0.0,0.0,0.0,0.0,-0.01,-1,-1,-0.01,-1,-1,-0.01,-1,-1,-0.01,-1,-1,-0.01,-1,-1,-0.01,-1,-1,-0.01,-1,-1,-0.01,-1,-1,-0.01,-1,-1,-0.01,-1,-1
99926009,2026-05-18 14:03:23+05:30,53596.2,0,0.0,0,0.0,0.0,53282.15,53613.05,52783.45,53710.35,0,0.0,0.0,0.0,0.0,-0.01,-1,-1,-0.01,-1,-1,-0.01,-1,-1,-0.01,-1,-1,-0.01,-1,-1,-0.01,-1,-1,-0.01,-1,-1,-0.01,-1,-1,-0.01,-1,-1,-0.01,-1,-1
99926009,2026-05-18 14:03:24+05:30,53597.4,0,0.0,0,0.0,0.0,53282.15,53613.05,52783.45,53710.35,0,0.0,0.0,0.0,0.0,-0.01,-1,-1,-0.01,-1,-1,-0.01,-1,-1,-0.01,-1,-1,-0.01,-1,-1,-0.01,-1,-1,-0.01,-1,-1,-0.01,-1,-1,-0.01,-1,-1,-0.01,-1,-1
99926009,2026-05-18 14:03:24+05:30,53601.1,0,0.0,0,0.0,0.0,53282.15,53613.05,52783.45,53710.35,0,0.0,0.0,0.0,0.0,-0.01,-1,-1,-0.01,-1,-1,-0.01,-1,-1,-0.01,-1,-1,-0.01,-1,-1,-0.01,-1,-1,-0.01,-1,-1,-0.01,-1,-1,-0.01,-1,-1,-0.01,-1,-1
99926009,2026-05-18 14:03:25+05:30,53599.1,0,0.0,0,0.0,0.0,53282.15,53613.05,52783.45,53710.35,0,0.0,0.0,0.0,0.0,-0.01,-1,-1,-0.01,-1,-1,-0.01,-1,-1,-0.01,-1,-1,-0.01,-1,-1,-0.01,-1,-1,-0.01,-1,-1,-0.01,-1,-1,-0.01,-1,-1,-0.01,-1,-1
99926009,2026-05-18 14:03:25+05:30,53598.3,0,0.0,0,0.0,0.0,53282.15,53613.05,52783.45,53710.35,0,0.0,0.0,0.0,0.0,-0.01,-1,-1,-0.01,-1,-1,-0.01,-1,-1,-0.01,-1,-1,-0.01,-1,-1,-0.01,-1,-1,-0.01,-1,-1,-0.01,-1,-1,-0.01,-1,-1,-0.01,-1,-1
99926009,2026-05-18 14:03:26+05:30,53600.85,0,0.0,0,0.0,0.0,53282.15,53613.05,52783.45,53710.35,0,0.0,0.0,0.0,0.0,-0.01,-1,-1,-0.01,-1,-1,-0.01,-1,-1,-0.01,-1,-1,-0.01,-1,-1,-0.01,-1,-1,-0.01,-1,-1,-0.01,-1,-1,-0.01,-1,-1,-0.01,-1,-1
99926009,2026-05-18 14:03:26+05:30,53599.5,0,0.0,0,0.0,0.0,53282.15,53613.05,52783.45,53710.35,0,0.0,0.0,0.0,0.0,-0.01,-1,-1,-0.01,-1,-1,-0.01,-1,-1,-0.01,-1,-1,-0.01,-1,-1,-0.01,-1,-1,-0.01,-1,-1,-0.01,-1,-1,-0.01,-1,-1,-0.01,-1,-1
99926009,2026-05-18 14:03:27+05:30,53598.05,0,0.0,0,0.0,0.0,53282.15,53613.05,52783.45,53710.35,0,0.0,0.0,0.0,0.0,-0.01,-1,-1,-0.01,-1,-1,-0.01,-1,-1,-0.01,-1,-1,-0.01,-1,-1,-0.01,-1,-1,-0.01,-1,-1,-0.01,-1,-1,-0.01,-1,-1,-0.01,-1,-1
99926009,2026-05-18 14:03:27+05:30,53598.7,0,0.0,0,0.0,0.0,53282.15,53613.05,52783.45,53710.35,0,0.0,0.0,0.0,0.0,-0.01,-1,-1,-0.01,-1,-1,-0.01,-1,-1,-0.01,-1,-1,-0.01,-1,-1,-0.01,-1,-1,-0.01,-1,-1,-0.01,-1,-1,-0.01,-1,-1,-0.01,-1,-1
99926009,2026-05-18 14:03:28+05:30,53596.55,0,0.0,0,0.0,0.0,53282.15,53613.05,52783.45,53710.35,0,0.0,0.0,0.0,0.0,-0.01,-1,-1,-0.01,-1,-1,-0.01,-1,-1,-0.01,-1,-1,-0.01,-1,-1,-0.01,-1,-1,-0.01,-1,-1,-0.01,-1,-1,-0.01,-1,-1,-0.01,-1,-1
99926009,2026-05-18 14:03:28+05:30,53598.0,0,0.0,0,0.0,0.0,53282.15,53613.05,52783.45,53710.35,0,0.0,0.0,0.0,0.0,-0.01,-1,-1,-0.01,-1,-1,-0.01,-1,-1,-0.01,-1,-1,-0.01,-1,-1,-0.01,-1,-1,-0.01,-1,-1,-0.01,-1,-1,-0.01,-1,-1,-0.01,-1,-1
99926009,2026-05-18 14:03:29+05:30,53598.1,0,0.0,0,0.0,0.0,53282.15,53613.05,52783.45,53710.35,0,0.0,0.0,0.0,0.0,-0.01,-1,-1,-0.01,-1,-1,-0.01,-1,-1,-0.01,-1,-1,-0.01,-1,-1,-0.01,-1,-1,-0.01,-1,-1,-0.01,-1,-1,-0.01,-1,-1,-0.01,-1,-1
99926009,2026-05-18 14:03:29+05:30,53598.55,0,0.0,0,0.0,0.0,53282.15,53613.05,52783.45,53710.35,0,0.0,0.0,0.0,0.0,-0.01,-1,-1,-0.01,-1,-1,-0.01,-1,-1,-0.01,-1,-1,-0.01,-1,-1,-0.01,-1,-1,-0.01,-1,-1,-0.01,-1,-1,-0.01,-1,-1,-0.01,-1,-1
99926009,2026-05-18 14:03:30+05:30,53599.45,0,0.0,0,0.0,0.0,53282.15,53613.05,52783.45,53710.35,0,0.0,0.0,0.0,0.0,-0.01,-1,-1,-0.01,-1,-1,-0.01,-1,-1,-0.01,-1,-1,-0.01,-1,-1,-0.01,-1,-1,-0.01,-1,-1,-0.01,-1,-1,-0.01,-1,-1,-0.01,-1,-1
99926009,2026-05-18 14:03:30+05:30,53599.1,0,0.0,0,0.0,0.0,53282.15,53613.05,52783.45,53710.35,0,0.0,0.0,0.0,0.0,-0.01,-1,-1,-0.01,-1,-1,-0.01,-1,-1,-0.01,-1,-1,-0.01,-1,-1,-0.01,-1,-1,-0.01,-1,-1,-0.01,-1,-1,-0.01,-1,-1,-0.01,-1,-1
99926009,2026-05-18 14:03:31+05:30,53602.1,0,0.0,0,0.0,0.0,53282.15,53613.05,52783.45,53710.35,0,0.0,0.0,0.0,0.0,-0.01,-1,-1,-0.01,-1,-1,-0.01,-1,-1,-0.01,-1,-1,-0.01,-1,-1,-0.01,-1,-1,-0.01,-1,-1,-0.01,-1,-1,-0.01,-1,-1,-0.01,-1,-1
99926009,2026-05-18 14:03:31+05:30,53602.15,0,0.0,0,0.0,0.0,53282.15,53613.05,52783.45,53710.35,0,0.0,0.0,0.0,0.0,-0.01,-1,-1,-0.01,-1,-1,-0.01,-1,-1,-0.01,-1,-1,-0.01,-1,-1,-0.01,-1,-1,-0.01,-1,-1,-0.01,-1,-1,-0.01,-1,-1,-0.01,-1,-1
99926009,2026-05-18 14:03:32+05:30,53597.45,0,0.0,0,0.0,0.0,53282.15,53613.05,52783.45,53710.35,0,0.0,0.0,0.0,0.0,-0.01,-1,-1,-0.01,-1,-1,-0.01,-1,-1,-0.01,-1,-1,-0.01,-1,-1,-0.01,-1,-1,-0.01,-1,-1,-0.01,-1,-1,-0.01,-1,-1,-0.01,-1,-1
99926009,2026-05-18 14:03:32+05:30,53599.45,0,0.0,0,0.0,0.0,53282.15,53613.05,52783.45,53710.35,0,0.0,0.0,0.0,0.0,-0.01,-1,-1,-0.01,-1,-1,-0.01,-1,-1,-0.01,-1,-1,-0.01,-1,-1,-0.01,-1,-1,-0.01,-1,-1,-0.01,-1,-1,-0.01,-1,-1,-0.01,-1,-1
99926009,2026-05-18 14:03:33+05:30,53599.9,0,0.0,0,0.0,0.0,53282.15,53613.05,52783.45,53710.35,0,0.0,0.0,0.0,0.0,-0.01,-1,-1,-0.01,-1,-1,-0.01,-1,-1,-0.01,-1,-1,-0.01,-1,-1,-0.01,-1,-1,-0.01,-1,-1,-0.01,-1,-1,-0.01,-1,-1,-0.01,-1,-1
99926009,2026-05-18 14:03:33+05:30,53599.9,0,0.0,0,0.0,0.0,53282.15,53613.05,52783.45,53710.35,0,0.0,0.0,0.0,0.0,-0.01,-1,-1,-0.01,-1,-1,-0.01,-1,-1,-0.01,-1,-1,-0.01,-1,-1,-0.01,-1,-1,-0.01,-1,-1,-0.01,-1,-1,-0.01,-1,-1,-0.01,-1,-1
99926009,2026-05-18 14:03:34+05:30,53599.15,0,0.0,0,0.0,0.0,53282.15,53613.05,52783.45,53710.35,0,0.0,0.0,0.0,0.0,-0.01,-1,-1,-0.01,-1,-1,-0.01,-1,-1,-0.01,-1,-1,-0.01,-1,-1,-0.01,-1,-1,-0.01,-1,-1,-0.01,-1,-1,-0.01,-1,-1,-0.01,-1,-1
99926009,2026-05-18 14:03:34+05:30,53599.5,0,0.0,0,0.0,0.0,53282.15,53613.05,52783.45,53710.35,0,0.0,0.0,0.0,0.0,-0.01,-1,-1,-0.01,-1,-1,-0.01,-1,-1,-0.01,-1,-1,-0.01,-1,-1,-0.01,-1,-1,-0.01,-1,-1,-0.01,-1,-1,-0.01,-1,-1,-0.01,-1,-1
99926009,2026-05-18 14:03:35+05:30,53601.9,0,0.0,0,0.0,0.0,53282.15,53613.05,52783.45,53710.35,0,0.0,0.0,0.0,0.0,-0.01,-1,-1,-0.01,-1,-1,-0.01,-1,-1,-0.01,-1,-1,-0.01,-1,-1,-0.01,-1,-1,-0.01,-1,-1,-0.01,-1,-1,-0.01,-1,-1,-0.01,-1,-1
99926009,2026-05-18 14:03:35+05:30,53599.95,0,0.0,0,0.0,0.0,53282.15,53613.05,52783.45,53710.35,0,0.0,0.0,0.0,0.0,-0.01,-1,-1,-0.01,-1,-1,-0.01,-1,-1,-0.01,-1,-1,-0.01,-1,-1,-0.01,-1,-1,-0.01,-1,-1,-0.01,-1,-1,-0.01,-1,-1,-0.01,-1,-1
99926009,2026-05-18 14:03:36+05:30,53601.9,0,0.0,0,0.0,0.0,53282.15,53613.05,52783.45,53710.35,0,0.0,0.0,0.0,0.0,-0.01,-1,-1,-0.01,-1,-1,-0.01,-1,-1,-0.01,-1,-1,-0.01,-1,-1,-0.01,-1,-1,-0.01,-1,-1,-0.01,-1,-1,-0.01,-1,-1,-0.01,-1,-1
99926009,2026-05-18 14:03:36+05:30,53603.55,0,0.0,0,0.0,0.0,53282.15,53613.05,52783.45,53710.35,0,0.0,0.0,0.0,0.0,-0.01,-1,-1,-0.01,-1,-1,-0.01,-1,-1,-0.01,-1,-1,-0.01,-1,-1,-0.01,-1,-1,-0.01,-1,-1,-0.01,-1,-1,-0.01,-1,-1,-0.01,-1,-1
99926009,2026-05-18 14:03:37+05:30,53603.2,0,0.0,0,0.0,0.0,53282.15,53613.05,52783.45,53710.35,0,0.0,0.0,0.0,0.0,-0.01,-1,-1,-0.01,-1,-1,-0.01,-1,-1,-0.01,-1,-1,-0.01,-1,-1,-0.01,-1,-1,-0.01,-1,-1,-0.01,-1,-1,-0.01,-1,-1,-0.01,-1,-1
99926009,2026-05-18 14:03:37+05:30,53604.4,0,0.0,0,0.0,0.0,53282.15,53613.05,52783.45,53710.35,0,0.0,0.0,0.0,0.0,-0.01,-1,-1,-0.01,-1,-1,-0.01,-1,-1,-0.01,-1,-1,-0.01,-1,-1,-0.01,-1,-1,-0.01,-1,-1,-0.01,-1,-1,-0.01,-1,-1,-0.01,-1,-1
99926009,2026-05-18 14:03:38+05:30,53603.25,0,0.0,0,0.0,0.0,53282.15,53613.05,52783.45,53710.35,0,0.0,0.0,0.0,0.0,-0.01,-1,-1,-0.01,-1,-1,-0.01,-1,-1,-0.01,-1,-1,-0.01,-1,-1,-0.01,-1,-1,-0.01,-1,-1,-0.01,-1,-1,-0.01,-1,-1,-0.01,-1,-1
99926009,2026-05-18 14:03:38+05:30,53607.0,0,0.0,0,0.0,0.0,53282.15,53613.05,52783.45,53710.35,0,0.0,0.0,0.0,0.0,-0.01,-1,-1,-0.01,-1,-1,-0.01,-1,-1,-0.01,-1,-1,-0.01,-1,-1,-0.01,-1,-1,-0.01,-1,-1,-0.01,-1,-1,-0.01,-1,-1,-0.01,-1,-1
99926009,2026-05-18 14:03:39+05:30,53607.15,0,0.0,0,0.0,0.0,53282.15,53613.05,52783.45,53710.35,0,0.0,0.0,0.0,0.0,-0.01,-1,-1,-0.01,-1,-1,-0.01,-1,-1,-0.01,-1,-1,-0.01,-1,-1,-0.01,-1,-1,-0.01,-1,-1,-0.01,-1,-1,-0.01,-1,-1,-0.01,-1,-1
99926009,2026-05-18 14:03:39+05:30,53607.85,0,0.0,0,0.0,0.0,53282.15,53613.05,52783.45,53710.35,0,0.0,0.0,0.0,0.0,-0.01,-1,-1,-0.01,-1,-1,-0.01,-1,-1,-0.01,-1,-1,-0.01,-1,-1,-0.01,-1,-1,-0.01,-1,-1,-0.01,-1,-1,-0.01,-1,-1,-0.01,-1,-1
99926009,2026-05-18 14:03:40+05:30,53609.0,0,0.0,0,0.0,0.0,53282.15,53613.05,52783.45,53710.35,0,0.0,0.0,0.0,0.0,-0.01,-1,-1,-0.01,-1,-1,-0.01,-1,-1,-0.01,-1,-1,-0.01,-1,-1,-0.01,-1,-1,-0.01,-1,-1,-0.01,-1,-1,-0.01,-1,-1,-0.01,-1,-1
99926009,2026-05-18 14:03:40+05:30,53610.2,0,0.0,0,0.0,0.0,53282.15,53613.05,52783.45,53710.35,0,0.0,0.0,0.0,0.0,-0.01,-1,-1,-0.01,-1,-1,-0.01,-1,-1,-0.01,-1,-1,-0.01,-1,-1,-0.01,-1,-1,-0.01,-1,-1,-0.01,-1,-1,-0.01,-1,-1,-0.01,-1,-1
99926009,2026-05-18 14:03:41+05:30,53609.5,0,0.0,0,0.0,0.0,53282.15,53613.05,52783.45,53710.35,0,0.0,0.0,0.0,0.0,-0.01,-1,-1,-0.01,-1,-1,-0.01,-1,-1,-0.01,-1,-1,-0.01,-1,-1,-0.01,-1,-1,-0.01,-1,-1,-0.01,-1,-1,-0.01,-1,-1,-0.01,-1,-1
99926009,2026-05-18 14:03:41+05:30,53606.3,0,0.0,0,0.0,0.0,53282.15,53613.05,52783.45,53710.35,0,0.0,0.0,0.0,0.0,-0.01,-1,-1,-0.01,-1,-1,-0.01,-1,-1,-0.01,-1,-1,-0.01,-1,-1,-0.01,-1,-1,-0.01,-1,-1,-0.01,-1,-1,-0.01,-1,-1,-0.01,-1,-1
99926009,2026-05-18 14:03:42+05:30,53606.2,0,0.0,0,0.0,0.0,53282.15,53613.05,52783.45,53710.35,0,0.0,0.0,0.0,0.0,-0.01,-1,-1,-0.01,-1,-1,-0.01,-1,-1,-0.01,-1,-1,-0.01,-1,-1,-0.01,-1,-1,-0.01,-1,-1,-0.01,-1,-1,-0.01,-1,-1,-0.01,-1,-1
99926009,2026-05-18 14:03:42+05:30,53606.65,0,0.0,0,0.0,0.0,53282.15,53613.05,52783.45,53710.35,0,0.0,0.0,0.0,0.0,-0.01,-1,-1,-0.01,-1,-1,-0.01,-1,-1,-0.01,-1,-1,-0.01,-1,-1,-0.01,-1,-1,-0.01,-1,-1,-0.01,-1,-1,-0.01,-1,-1,-0.01,-1,-1
99926009,2026-05-18 14:03:43+05:30,53610.1,0,0.0,0,0.0,0.0,53282.15,53613.05,52783.45,53710.35,0,0.0,0.0,0.0,0.0,-0.01,-1,-1,-0.01,-1,-1,-0.01,-1,-1,-0.01,-1,-1,-0.01,-1,-1,-0.01,-1,-1,-0.01,-1,-1,-0.01,-1,-1,-0.01,-1,-1,-0.01,-1,-1
99926009,2026-05-18 14:03:43+05:30,53609.4,0,0.0,0,0.0,0.0,53282.15,53613.05,52783.45,53710.35,0,0.0,0.0,0.0,0.0,-0.01,-1,-1,-0.01,-1,-1,-0.01,-1,-1,-0.01,-1,-1,-0.01,-1,-1,-0.01,-1,-1,-0.01,-1,-1,-0.01,-1,-1,-0.01,-1,-1,-0.01,-1,-1
99926009,2026-05-18 14:03:44+05:30,53607.3,0,0.0,0,0.0,0.0,53282.15,53613.05,52783.45,53710.35,0,0.0,0.0,0.0,0.0,-0.01,-1,-1,-0.01,-1,-1,-0.01,-1,-1,-0.01,-1,-1,-0.01,-1,-1,-0.01,-1,-1,-0.01,-1,-1,-0.01,-1,-1,-0.01,-1,-1,-0.01,-1,-1
99926009,2026-05-18 14:03:44+05:30,53609.6,0,0.0,0,0.0,0.0,53282.15,53613.05,52783.45,53710.35,0,0.0,0.0,0.0,0.0,-0.01,-1,-1,-0.01,-1,-1,-0.01,-1,-1,-0.01,-1,-1,-0.01,-1,-1,-0.01,-1,-1,-0.01,-1,-1,-0.01,-1,-1,-0.01,-1,-1,-0.01,-1,-1
99926009,2026-05-18 14:03:45+05:30,53610.45,0,0.0,0,0.0,0.0,53282.15,53613.05,52783.45,53710.35,0,0.0,0.0,0.0,0.0,-0.01,-1,-1,-0.01,-1,-1,-0.01,-1,-1,-0.01,-1,-1,-0.01,-1,-1,-0.01,-1,-1,-0.01,-1,-1,-0.01,-1,-1,-0.01,-1,-1,-0.01,-1,-1
99926009,2026-05-18 14:03:45+05:30,53610.7,0,0.0,0,0.0,0.0,53282.15,53613.05,52783.45,53710.35,0,0.0,0.0,0.0,0.0,-0.01,-1,-1,-0.01,-1,-1,-0.01,-1,-1,-0.01,-1,-1,-0.01,-1,-1,-0.01,-1,-1,-0.01,-1,-1,-0.01,-1,-1,-0.01,-1,-1,-0.01,-1,-1
99926009,2026-05-18 14:03:46+05:30,53612.65,0,0.0,0,0.0,0.0,53282.15,53613.05,52783.45,53710.35,0,0.0,0.0,0.0,0.0,-0.01,-1,-1,-0.01,-1,-1,-0.01,-1,-1,-0.01,-1,-1,-0.01,-1,-1,-0.01,-1,-1,-0.01,-1,-1,-0.01,-1,-1,-0.01,-1,-1,-0.01,-1,-1
99926009,2026-05-18 14:03:46+05:30,53614.65,0,0.0,0,0.0,0.0,53282.15,53614.65,52783.45,53710.35,0,0.0,0.0,0.0,0.0,-0.01,-1,-1,-0.01,-1,-1,-0.01,-1,-1,-0.01,-1,-1,-0.01,-1,-1,-0.01,-1,-1,-0.01,-1,-1,-0.01,-1,-1,-0.01,-1,-1,-0.01,-1,-1
99926009,2026-05-18 14:03:47+05:30,53610.7,0,0.0,0,0.0,0.0,53282.15,53614.65,52783.45,53710.35,0,0.0,0.0,0.0,0.0,-0.01,-1,-1,-0.01,-1,-1,-0.01,-1,-1,-0.01,-1,-1,-0.01,-1,-1,-0.01,-1,-1,-0.01,-1,-1,-0.01,-1,-1,-0.01,-1,-1,-0.01,-1,-1
99926009,2026-05-18 14:03:47+05:30,53613.85,0,0.0,0,0.0,0.0,53282.15,53614.65,52783.45,53710.35,0,0.0,0.0,0.0,0.0,-0.01,-1,-1,-0.01,-1,-1,-0.01,-1,-1,-0.01,-1,-1,-0.01,-1,-1,-0.01,-1,-1,-0.01,-1,-1,-0.01,-1,-1,-0.01,-1,-1,-0.01,-1,-1
99926009,2026-05-18 14:03:48+05:30,53612.8,0,0.0,0,0.0,0.0,53282.15,53614.65,52783.45,53710.35,0,0.0,0.0,0.0,0.0,-0.01,-1,-1,-0.01,-1,-1,-0.01,-1,-1,-0.01,-1,-1,-0.01,-1,-1,-0.01,-1,-1,-0.01,-1,-1,-0.01,-1,-1,-0.01,-1,-1,-0.01,-1,-1
99926009,2026-05-18 14:03:48+05:30,53614.6,0,0.0,0,0.0,0.0,53282.15,53614.95,52783.45,53710.35,0,0.0,0.0,0.0,0.0,-0.01,-1,-1,-0.01,-1,-1,-0.01,-1,-1,-0.01,-1,-1,-0.01,-1,-1,-0.01,-1,-1,-0.01,-1,-1,-0.01,-1,-1,-0.01,-1,-1,-0.01,-1,-1
99926009,2026-05-18 14:03:49+05:30,53618.05,0,0.0,0,0.0,0.0,53282.15,53619.2,52783.45,53710.35,0,0.0,0.0,0.0,0.0,-0.01,-1,-1,-0.01,-1,-1,-0.01,-1,-1,-0.01,-1,-1,-0.01,-1,-1,-0.01,-1,-1,-0.01,-1,-1,-0.01,-1,-1,-0.01,-1,-1,-0.01,-1,-1
99926009,2026-05-18 14:03:49+05:30,53614.7,0,0.0,0,0.0,0.0,53282.15,53619.2,52783.45,53710.35,0,0.0,0.0,0.0,0.0,-0.01,-1,-1,-0.01,-1,-1,-0.01,-1,-1,-0.01,-1,-1,-0.01,-1,-1,-0.01,-1,-1,-0.01,-1,-1,-0.01,-1,-1,-0.01,-1,-1,-0.01,-1,-1
99926009,2026-05-18 14:03:50+05:30,53616.0,0,0.0,0,0.0,0.0,53282.15,53619.2,52783.45,53710.35,0,0.0,0.0,0.0,0.0,-0.01,-1,-1,-0.01,-1,-1,-0.01,-1,-1,-0.01,-1,-1,-0.01,-1,-1,-0.01,-1,-1,-0.01,-1,-1,-0.01,-1,-1,-0.01,-1,-1,-0.01,-1,-1
99926009,2026-05-18 14:03:50+05:30,53614.35,0,0.0,0,0.0,0.0,53282.15,53619.2,52783.45,53710.35,0,0.0,0.0,0.0,0.0,-0.01,-1,-1,-0.01,-1,-1,-0.01,-1,-1,-0.01,-1,-1,-0.01,-1,-1,-0.01,-1,-1,-0.01,-1,-1,-0.01,-1,-1,-0.01,-1,-1,-0.01,-1,-1
99926009,2026-05-18 14:03:51+05:30,53613.4,0,0.0,0,0.0,0.0,53282.15,53619.2,52783.45,53710.35,0,0.0,0.0,0.0,0.0,-0.01,-1,-1,-0.01,-1,-1,-0.01,-1,-1,-0.01,-1,-1,-0.01,-1,-1,-0.01,-1,-1,-0.01,-1,-1,-0.01,-1,-1,-0.01,-1,-1,-0.01,-1,-1
99926009,2026-05-18 14:03:51+05:30,53613.95,0,0.0,0,0.0,0.0,53282.15,53619.2,52783.45,53710.35,0,0.0,0.0,0.0,0.0,-0.01,-1,-1,-0.01,-1,-1,-0.01,-1,-1,-0.01,-1,-1,-0.01,-1,-1,-0.01,-1,-1,-0.01,-1,-1,-0.01,-1,-1,-0.01,-1,-1,-0.01,-1,-1
99926009,2026-05-18 14:03:52+05:30,53614.55,0,0.0,0,0.0,0.0,53282.15,53619.2,52783.45,53710.35,0,0.0,0.0,0.0,0.0,-0.01,-1,-1,-0.01,-1,-1,-0.01,-1,-1,-0.01,-1,-1,-0.01,-1,-1,-0.01,-1,-1,-0.01,-1,-1,-0.01,-1,-1,-0.01,-1,-1,-0.01,-1,-1
99926009,2026-05-18 14:03:52+05:30,53612.15,0,0.0,0,0.0,0.0,53282.15,53619.2,52783.45,53710.35,0,0.0,0.0,0.0,0.0,-0.01,-1,-1,-0.01,-1,-1,-0.01,-1,-1,-0.01,-1,-1,-0.01,-1,-1,-0.01,-1,-1,-0.01,-1,-1,-0.01,-1,-1,-0.01,-1,-1,-0.01,-1,-1
99926009,2026-05-18 14:03:53+05:30,53616.45,0,0.0,0,0.0,0.0,53282.15,53619.2,52783.45,53710.35,0,0.0,0.0,0.0,0.0,-0.01,-1,-1,-0.01,-1,-1,-0.01,-1,-1,-0.01,-1,-1,-0.01,-1,-1,-0.01,-1,-1,-0.01,-1,-1,-0.01,-1,-1,-0.01,-1,-1,-0.01,-1,-1
99926009,2026-05-18 14:03:53+05:30,53610.25,0,0.0,0,0.0,0.0,53282.15,53619.2,52783.45,53710.35,0,0.0,0.0,0.0,0.0,-0.01,-1,-1,-0.01,-1,-1,-0.01,-1,-1,-0.01,-1,-1,-0.01,-1,-1,-0.01,-1,-1,-0.01,-1,-1,-0.01,-1,-1,-0.01,-1,-1,-0.01,-1,-1
99926009,2026-05-18 14:03:54+05:30,53613.4,0,0.0,0,0.0,0.0,53282.15,53619.2,52783.45,53710.35,0,0.0,0.0,0.0,0.0,-0.01,-1,-1,-0.01,-1,-1,-0.01,-1,-1,-0.01,-1,-1,-0.01,-1,-1,-0.01,-1,-1,-0.01,-1,-1,-0.01,-1,-1,-0.01,-1,-1,-0.01,-1,-1
99926009,2026-05-18 14:03:54+05:30,53612.35,0,0.0,0,0.0,0.0,53282.15,53619.2,52783.45,53710.35,0,0.0,0.0,0.0,0.0,-0.01,-1,-1,-0.01,-1,-1,-0.01,-1,-1,-0.01,-1,-1,-0.01,-1,-1,-0.01,-1,-1,-0.01,-1,-1,-0.01,-1,-1,-0.01,-1,-1,-0.01,-1,-1
99926009,2026-05-18 14:03:55+05:30,53611.5,0,0.0,0,0.0,0.0,53282.15,53619.2,52783.45,53710.35,0,0.0,0.0,0.0,0.0,-0.01,-1,-1,-0.01,-1,-1,-0.01,-1,-1,-0.01,-1,-1,-0.01,-1,-1,-0.01,-1,-1,-0.01,-1,-1,-0.01,-1,-1,-0.01,-1,-1,-0.01,-1,-1
99926009,2026-05-18 14:03:55+05:30,53611.05,0,0.0,0,0.0,0.0,53282.15,53619.2,52783.45,53710.35,0,0.0,0.0,0.0,0.0,-0.01,-1,-1,-0.01,-1,-1,-0.01,-1,-1,-0.01,-1,-1,-0.01,-1,-1,-0.01,-1,-1,-0.01,-1,-1,-0.01,-1,-1,-0.01,-1,-1,-0.01,-1,-1
99926009,2026-05-18 14:03:56+05:30,53611.65,0,0.0,0,0.0,0.0,53282.15,53619.2,52783.45,53710.35,0,0.0,0.0,0.0,0.0,-0.01,-1,-1,-0.01,-1,-1,-0.01,-1,-1,-0.01,-1,-1,-0.01,-1,-1,-0.01,-1,-1,-0.01,-1,-1,-0.01,-1,-1,-0.01,-1,-1,-0.01,-1,-1
99926009,2026-05-18 14:03:56+05:30,53611.15,0,0.0,0,0.0,0.0,53282.15,53619.2,52783.45,53710.35,0,0.0,0.0,0.0,0.0,-0.01,-1,-1,-0.01,-1,-1,-0.01,-1,-1,-0.01,-1,-1,-0.01,-1,-1,-0.01,-1,-1,-0.01,-1,-1,-0.01,-1,-1,-0.01,-1,-1,-0.01,-1,-1
99926009,2026-05-18 14:03:57+05:30,53609.95,0,0.0,0,0.0,0.0,53282.15,53619.2,52783.45,53710.35,0,0.0,0.0,0.0,0.0,-0.01,-1,-1,-0.01,-1,-1,-0.01,-1,-1,-0.01,-1,-1,-0.01,-1,-1,-0.01,-1,-1,-0.01,-1,-1,-0.01,-1,-1,-0.01,-1,-1,-0.01,-1,-1
99926009,2026-05-18 14:03:57+05:30,53610.85,0,0.0,0,0.0,0.0,53282.15,53619.2,52783.45,53710.35,0,0.0,0.0,0.0,0.0,-0.01,-1,-1,-0.01,-1,-1,-0.01,-1,-1,-0.01,-1,-1,-0.01,-1,-1,-0.01,-1,-1,-0.01,-1,-1,-0.01,-1,-1,-0.01,-1,-1,-0.01,-1,-1
99926009,2026-05-18 14:03:58+05:30,53602.2,0,0.0,0,0.0,0.0,53282.15,53619.2,52783.45,53710.35,0,0.0,0.0,0.0,0.0,-0.01,-1,-1,-0.01,-1,-1,-0.01,-1,-1,-0.01,-1,-1,-0.01,-1,-1,-0.01,-1,-1,-0.01,-1,-1,-0.01,-1,-1,-0.01,-1,-1,-0.01,-1,-1
99926009,2026-05-18 14:03:58+05:30,53601.45,0,0.0,0,0.0,0.0,53282.15,53619.2,52783.45,53710.35,0,0.0,0.0,0.0,0.0,-0.01,-1,-1,-0.01,-1,-1,-0.01,-1,-1,-0.01,-1,-1,-0.01,-1,-1,-0.01,-1,-1,-0.01,-1,-1,-0.01,-1,-1,-0.01,-1,-1,-0.01,-1,-1
99926009,2026-05-18 14:03:59+05:30,53600.5,0,0.0,0,0.0,0.0,53282.15,53619.2,52783.45,53710.35,0,0.0,0.0,0.0,0.0,-0.01,-1,-1,-0.01,-1,-1,-0.01,-1,-1,-0.01,-1,-1,-0.01,-1,-1,-0.01,-1,-1,-0.01,-1,-1,-0.01,-1,-1,-0.01,-1,-1,-0.01,-1,-1
99926009,2026-05-18 14:03:59+05:30,53600.1,0,0.0,0,0.0,0.0,53282.15,53619.2,52783.45,53710.35,0,0.0,0.0,0.0,0.0,-0.01,-1,-1,-0.01,-1,-1,-0.01,-1,-1,-0.01,-1,-1,-0.01,-1,-1,-0.01,-1,-1,-0.01,-1,-1,-0.01,-1,-1,-0.01,-1,-1,-0.01,-1,-1
99926009,2026-05-18 14:04:00+05:30,53600.6,0,0.0,0,0.0,0.0,53282.15,53619.2,52783.45,53710.35,0,0.0,0.0,0.0,0.0,-0.01,-1,-1,-0.01,-1,-1,-0.01,-1,-1,-0.01,-1,-1,-0.01,-1,-1,-0.01,-1,-1,-0.01,-1,-1,-0.01,-1,-1,-0.01,-1,-1,-0.01,-1,-1
99926009,2026-05-18 14:04:00+05:30,53600.8,0,0.0,0,0.0,0.0,53282.15,53619.2,52783.45,53710.35,0,0.0,0.0,0.0,0.0,-0.01,-1,-1,-0.01,-1,-1,-0.01,-1,-1,-0.01,-1,-1,-0.01,-1,-1,-0.01,-1,-1,-0.01,-1,-1,-0.01,-1,-1,-0.01,-1,-1,-0.01,-1,-1
99926009,2026-05-18 14:04:01+05:30,53604.0,0,0.0,0,0.0,0.0,53282.15,53619.2,52783.45,53710.35,0,0.0,0.0,0.0,0.0,-0.01,-1,-1,-0.01,-1,-1,-0.01,-1,-1,-0.01,-1,-1,-0.01,-1,-1,-0.01,-1,-1,-0.01,-1,-1,-0.01,-1,-1,-0.01,-1,-1,-0.01,-1,-1
99926009,2026-05-18 14:04:01+05:30,53604.85,0,0.0,0,0.0,0.0,53282.15,53619.2,52783.45,53710.35,0,0.0,0.0,0.0,0.0,-0.01,-1,-1,-0.01,-1,-1,-0.01,-1,-1,-0.01,-1,-1,-0.01,-1,-1,-0.01,-1,-1,-0.01,-1,-1,-0.01,-1,-1,-0.01,-1,-1,-0.01,-1,-1
99926009,2026-05-18 14:04:02+05:30,53604.8,0,0.0,0,0.0,0.0,53282.15,53619.2,52783.45,53710.35,0,0.0,0.0,0.0,0.0,-0.01,-1,-1,-0.01,-1,-1,-0.01,-1,-1,-0.01,-1,-1,-0.01,-1,-1,-0.01,-1,-1,-0.01,-1,-1,-0.01,-1,-1,-0.01,-1,-1,-0.01,-1,-1
99926009,2026-05-18 14:04:02+05:30,53606.6,0,0.0,0,0.0,0.0,53282.15,53619.2,52783.45,53710.35,0,0.0,0.0,0.0,0.0,-0.01,-1,-1,-0.01,-1,-1,-0.01,-1,-1,-0.01,-1,-1,-0.01,-1,-1,-0.01,-1,-1,-0.01,-1,-1,-0.01,-1,-1,-0.01,-1,-1,-0.01,-1,-1
99926009,2026-05-18 14:04:03+05:30,53604.5,0,0.0,0,0.0,0.0,53282.15,53619.2,52783.45,53710.35,0,0.0,0.0,0.0,0.0,-0.01,-1,-1,-0.01,-1,-1,-0.01,-1,-1,-0.01,-1,-1,-0.01,-1,-1,-0.01,-1,-1,-0.01,-1,-1,-0.01,-1,-1,-0.01,-1,-1,-0.01,-1,-1
99926009,2026-05-18 14:04:03+05:30,53601.35,0,0.0,0,0.0,0.0,53282.15,53619.2,52783.45,53710.35,0,0.0,0.0,0.0,0.0,-0.01,-1,-1,-0.01,-1,-1,-0.01,-1,-1,-0.01,-1,-1,-0.01,-1,-1,-0.01,-1,-1,-0.01,-1,-1,-0.01,-1,-1,-0.01,-1,-1,-0.01,-1,-1
99926009,2026-05-18 14:04:04+05:30,53604.3,0,0.0,0,0.0,0.0,53282.15,53619.2,52783.45,53710.35,0,0.0,0.0,0.0,0.0,-0.01,-1,-1,-0.01,-1,-1,-0.01,-1,-1,-0.01,-1,-1,-0.01,-1,-1,-0.01,-1,-1,-0.01,-1,-1,-0.01,-1,-1,-0.01,-1,-1,-0.01,-1,-1
99926009,2026-05-18 14:04:04+05:30,53598.65,0,0.0,0,0.0,0.0,53282.15,53619.2,52783.45,53710.35,0,0.0,0.0,0.0,0.0,-0.01,-1,-1,-0.01,-1,-1,-0.01,-1,-1,-0.01,-1,-1,-0.01,-1,-1,-0.01,-1,-1,-0.01,-1,-1,-0.01,-1,-1,-0.01,-1,-1,-0.01,-1,-1
99926009,2026-05-18 14:04:05+05:30,53600.2,0,0.0,0,0.0,0.0,53282.15,53619.2,52783.45,53710.35,0,0.0,0.0,0.0,0.0,-0.01,-1,-1,-0.01,-1,-1,-0.01,-1,-1,-0.01,-1,-1,-0.01,-1,-1,-0.01,-1,-1,-0.01,-1,-1,-0.01,-1,-1,-0.01,-1,-1,-0.01,-1,-1
99926009,2026-05-18 14:04:05+05:30,53598.85,0,0.0,0,0.0,0.0,53282.15,53619.2,52783.45,53710.35,0,0.0,0.0,0.0,0.0,-0.01,-1,-1,-0.01,-1,-1,-0.01,-1,-1,-0.01,-1,-1,-0.01,-1,-1,-0.01,-1,-1,-0.01,-1,-1,-0.01,-1,-1,-0.01,-1,-1,-0.01,-1,-1
99926009,2026-05-18 14:04:06+05:30,53601.2,0,0.0,0,0.0,0.0,53282.15,53619.2,52783.45,53710.35,0,0.0,0.0,0.0,0.0,-0.01,-1,-1,-0.01,-1,-1,-0.01,-1,-1,-0.01,-1,-1,-0.01,-1,-1,-0.01,-1,-1,-0.01,-1,-1,-0.01,-1,-1,-0.01,-1,-1,-0.01,-1,-1
99926009,2026-05-18 14:04:06+05:30,53602.0,0,0.0,0,0.0,0.0,53282.15,53619.2,52783.45,53710.35,0,0.0,0.0,0.0,0.0,-0.01,-1,-1,-0.01,-1,-1,-0.01,-1,-1,-0.01,-1,-1,-0.01,-1,-1,-0.01,-1,-1,-0.01,-1,-1,-0.01,-1,-1,-0.01,-1,-1,-0.01,-1,-1
99926009,2026-05-18 14:04:07+05:30,53600.2,0,0.0,0,0.0,0.0,53282.15,53619.2,52783.45,53710.35,0,0.0,0.0,0.0,0.0,-0.01,-1,-1,-0.01,-1,-1,-0.01,-1,-1,-0.01,-1,-1,-0.01,-1,-1,-0.01,-1,-1,-0.01,-1,-1,-0.01,-1,-1,-0.01,-1,-1,-0.01,-1,-1
99926009,2026-05-18 14:04:07+05:30,53600.6,0,0.0,0,0.0,0.0,53282.15,53619.2,52783.45,53710.35,0,0.0,0.0,0.0,0.0,-0.01,-1,-1,-0.01,-1,-1,-0.01,-1,-1,-0.01,-1,-1,-0.01,-1,-1,-0.01,-1,-1,-0.01,-1,-1,-0.01,-1,-1,-0.01,-1,-1,-0.01,-1,-1
99926009,2026-05-18 14:04:08+05:30,53599.7,0,0.0,0,0.0,0.0,53282.15,53619.2,52783.45,53710.35,0,0.0,0.0,0.0,0.0,-0.01,-1,-1,-0.01,-1,-1,-0.01,-1,-1,-0.01,-1,-1,-0.01,-1,-1,-0.01,-1,-1,-0.01,-1,-1,-0.01,-1,-1,-0.01,-1,-1,-0.01,-1,-1
99926009,2026-05-18 14:04:08+05:30,53598.7,0,0.0,0,0.0,0.0,53282.15,53619.2,52783.45,53710.35,0,0.0,0.0,0.0,0.0,-0.01,-1,-1,-0.01,-1,-1,-0.01,-1,-1,-0.01,-1,-1,-0.01,-1,-1,-0.01,-1,-1,-0.01,-1,-1,-0.01,-1,-1,-0.01,-1,-1,-0.01,-1,-1
99926009,2026-05-18 14:04:09+05:30,53602.1,0,0.0,0,0.0,0.0,53282.15,53619.2,52783.45,53710.35,0,0.0,0.0,0.0,0.0,-0.01,-1,-1,-0.01,-1,-1,-0.01,-1,-1,-0.01,-1,-1,-0.01,-1,-1,-0.01,-1,-1,-0.01,-1,-1,-0.01,-1,-1,-0.01,-1,-1,-0.01,-1,-1
99926009,2026-05-18 14:04:09+05:30,53601.65,0,0.0,0,0.0,0.0,53282.15,53619.2,52783.45,53710.35,0,0.0,0.0,0.0,0.0,-0.01,-1,-1,-0.01,-1,-1,-0.01,-1,-1,-0.01,-1,-1,-0.01,-1,-1,-0.01,-1,-1,-0.01,-1,-1,-0.01,-1,-1,-0.01,-1,-1,-0.01,-1,-1
99926009,2026-05-18 14:04:10+05:30,53603.4,0,0.0,0,0.0,0.0,53282.15,53619.2,52783.45,53710.35,0,0.0,0.0,0.0,0.0,-0.01,-1,-1,-0.01,-1,-1,-0.01,-1,-1,-0.01,-1,-1,-0.01,-1,-1,-0.01,-1,-1,-0.01,-1,-1,-0.01,-1,-1,-0.01,-1,-1,-0.01,-1,-1
99926009,2026-05-18 14:04:10+05:30,53599.75,0,0.0,0,0.0,0.0,53282.15,53619.2,52783.45,53710.35,0,0.0,0.0,0.0,0.0,-0.01,-1,-1,-0.01,-1,-1,-0.01,-1,-1,-0.01,-1,-1,-0.01,-1,-1,-0.01,-1,-1,-0.01,-1,-1,-0.01,-1,-1,-0.01,-1,-1,-0.01,-1,-1
99926009,2026-05-18 14:04:11+05:30,53603.85,0,0.0,0,0.0,0.0,53282.15,53619.2,52783.45,53710.35,0,0.0,0.0,0.0,0.0,-0.01,-1,-1,-0.01,-1,-1,-0.01,-1,-1,-0.01,-1,-1,-0.01,-1,-1,-0.01,-1,-1,-0.01,-1,-1,-0.01,-1,-1,-0.01,-1,-1,-0.01,-1,-1
99926009,2026-05-18 14:04:11+05:30,53601.15,0,0.0,0,0.0,0.0,53282.15,53619.2,52783.45,53710.35,0,0.0,0.0,0.0,0.0,-0.01,-1,-1,-0.01,-1,-1,-0.01,-1,-1,-0.01,-1,-1,-0.01,-1,-1,-0.01,-1,-1,-0.01,-1,-1,-0.01,-1,-1,-0.01,-1,-1,-0.01,-1,-1
99926009,2026-05-18 14:04:12+05:30,53600.55,0,0.0,0,0.0,0.0,53282.15,53619.2,52783.45,53710.35,0,0.0,0.0,0.0,0.0,-0.01,-1,-1,-0.01,-1,-1,-0.01,-1,-1,-0.01,-1,-1,-0.01,-1,-1,-0.01,-1,-1,-0.01,-1,-1,-0.01,-1,-1,-0.01,-1,-1,-0.01,-1,-1
99926009,2026-05-18 14:04:12+05:30,53598.3,0,0.0,0,0.0,0.0,53282.15,53619.2,52783.45,53710.35,0,0.0,0.0,0.0,0.0,-0.01,-1,-1,-0.01,-1,-1,-0.01,-1,-1,-0.01,-1,-1,-0.01,-1,-1,-0.01,-1,-1,-0.01,-1,-1,-0.01,-1,-1,-0.01,-1,-1,-0.01,-1,-1
99926009,2026-05-18 14:04:13+05:30,53597.8,0,0.0,0,0.0,0.0,53282.15,53619.2,52783.45,53710.35,0,0.0,0.0,0.0,0.0,-0.01,-1,-1,-0.01,-1,-1,-0.01,-1,-1,-0.01,-1,-1,-0.01,-1,-1,-0.01,-1,-1,-0.01,-1,-1,-0.01,-1,-1,-0.01,-1,-1,-0.01,-1,-1
99926009,2026-05-18 14:04:13+05:30,53593.2,0,0.0,0,0.0,0.0,53282.15,53619.2,52783.45,53710.35,0,0.0,0.0,0.0,0.0,-0.01,-1,-1,-0.01,-1,-1,-0.01,-1,-1,-0.01,-1,-1,-0.01,-1,-1,-0.01,-1,-1,-0.01,-1,-1,-0.01,-1,-1,-0.01,-1,-1,-0.01,-1,-1
99926009,2026-05-18 14:04:14+05:30,53594.8,0,0.0,0,0.0,0.0,53282.15,53619.2,52783.45,53710.35,0,0.0,0.0,0.0,0.0,-0.01,-1,-1,-0.01,-1,-1,-0.01,-1,-1,-0.01,-1,-1,-0.01,-1,-1,-0.01,-1,-1,-0.01,-1,-1,-0.01,-1,-1,-0.01,-1,-1,-0.01,-1,-1
99926009,2026-05-18 14:04:14+05:30,53598.95,0,0.0,0,0.0,0.0,53282.15,53619.2,52783.45,53710.35,0,0.0,0.0,0.0,0.0,-0.01,-1,-1,-0.01,-1,-1,-0.01,-1,-1,-0.01,-1,-1,-0.01,-1,-1,-0.01,-1,-1,-0.01,-1,-1,-0.01,-1,-1,-0.01,-1,-1,-0.01,-1,-1
99926009,2026-05-18 14:04:15+05:30,53596.9,0,0.0,0,0.0,0.0,53282.15,53619.2,52783.45,53710.35,0,0.0,0.0,0.0,0.0,-0.01,-1,-1,-0.01,-1,-1,-0.01,-1,-1,-0.01,-1,-1,-0.01,-1,-1,-0.01,-1,-1,-0.01,-1,-1,-0.01,-1,-1,-0.01,-1,-1,-0.01,-1,-1
99926009,2026-05-18 14:04:15+05:30,53596.8,0,0.0,0,0.0,0.0,53282.15,53619.2,52783.45,53710.35,0,0.0,0.0,0.0,0.0,-0.01,-1,-1,-0.01,-1,-1,-0.01,-1,-1,-0.01,-1,-1,-0.01,-1,-1,-0.01,-1,-1,-0.01,-1,-1,-0.01,-1,-1,-0.01,-1,-1,-0.01,-1,-1
99926009,2026-05-18 14:04:16+05:30,53596.7,0,0.0,0,0.0,0.0,53282.15,53619.2,52783.45,53710.35,0,0.0,0.0,0.0,0.0,-0.01,-1,-1,-0.01,-1,-1,-0.01,-1,-1,-0.01,-1,-1,-0.01,-1,-1,-0.01,-1,-1,-0.01,-1,-1,-0.01,-1,-1,-0.01,-1,-1,-0.01,-1,-1
99926009,2026-05-18 14:04:16+05:30,53596.85,0,0.0,0,0.0,0.0,53282.15,53619.2,52783.45,53710.35,0,0.0,0.0,0.0,0.0,-0.01,-1,-1,-0.01,-1,-1,-0.01,-1,-1,-0.01,-1,-1,-0.01,-1,-1,-0.01,-1,-1,-0.01,-1,-1,-0.01,-1,-1,-0.01,-1,-1,-0.01,-1,-1
99926009,2026-05-18 14:04:17+05:30,53595.65,0,0.0,0,0.0,0.0,53282.15,53619.2,52783.45,53710.35,0,0.0,0.0,0.0,0.0,-0.01,-1,-1,-0.01,-1,-1,-0.01,-1,-1,-0.01,-1,-1,-0.01,-1,-1,-0.01,-1,-1,-0.01,-1,-1,-0.01,-1,-1,-0.01,-1,-1,-0.01,-1,-1
99926009,2026-05-18 14:04:17+05:30,53599.6,0,0.0,0,0.0,0.0,53282.15,53619.2,52783.45,53710.35,0,0.0,0.0,0.0,0.0,-0.01,-1,-1,-0.01,-1,-1,-0.01,-1,-1,-0.01,-1,-1,-0.01,-1,-1,-0.01,-1,-1,-0.01,-1,-1,-0.01,-1,-1,-0.01,-1,-1,-0.01,-1,-1
99926009,2026-05-18 14:04:18+05:30,53594.2,0,0.0,0,0.0,0.0,53282.15,53619.2,52783.45,53710.35,0,0.0,0.0,0.0,0.0,-0.01,-1,-1,-0.01,-1,-1,-0.01,-1,-1,-0.01,-1,-1,-0.01,-1,-1,-0.01,-1,-1,-0.01,-1,-1,-0.01,-1,-1,-0.01,-1,-1,-0.01,-1,-1
99926009,2026-05-18 14:04:18+05:30,53593.05,0,0.0,0,0.0,0.0,53282.15,53619.2,52783.45,53710.35,0,0.0,0.0,0.0,0.0,-0.01,-1,-1,-0.01,-1,-1,-0.01,-1,-1,-0.01,-1,-1,-0.01,-1,-1,-0.01,-1,-1,-0.01,-1,-1,-0.01,-1,-1,-0.01,-1,-1,-0.01,-1,-1
99926009,2026-05-18 14:04:19+05:30,53601.15,0,0.0,0,0.0,0.0,53282.15,53619.2,52783.45,53710.35,0,0.0,0.0,0.0,0.0,-0.01,-1,-1,-0.01,-1,-1,-0.01,-1,-1,-0.01,-1,-1,-0.01,-1,-1,-0.01,-1,-1,-0.01,-1,-1,-0.01,-1,-1,-0.01,-1,-1,-0.01,-1,-1
99926009,2026-05-18 14:04:19+05:30,53600.15,0,0.0,0,0.0,0.0,53282.15,53619.2,52783.45,53710.35,0,0.0,0.0,0.0,0.0,-0.01,-1,-1,-0.01,-1,-1,-0.01,-1,-1,-0.01,-1,-1,-0.01,-1,-1,-0.01,-1,-1,-0.01,-1,-1,-0.01,-1,-1,-0.01,-1,-1,-0.01,-1,-1
99926009,2026-05-18 14:04:20+05:30,53602.95,0,0.0,0,0.0,0.0,53282.15,53619.2,52783.45,53710.35,0,0.0,0.0,0.0,0.0,-0.01,-1,-1,-0.01,-1,-1,-0.01,-1,-1,-0.01,-1,-1,-0.01,-1,-1,-0.01,-1,-1,-0.01,-1,-1,-0.01,-1,-1,-0.01,-1,-1,-0.01,-1,-1
99926009,2026-05-18 14:04:20+05:30,53600.15,0,0.0,0,0.0,0.0,53282.15,53619.2,52783.45,53710.35,0,0.0,0.0,0.0,0.0,-0.01,-1,-1,-0.01,-1,-1,-0.01,-1,-1,-0.01,-1,-1,-0.01,-1,-1,-0.01,-1,-1,-0.01,-1,-1,-0.01,-1,-1,-0.01,-1,-1,-0.01,-1,-1
99926009,2026-05-18 14:04:21+05:30,53605.45,0,0.0,0,0.0,0.0,53282.15,53619.2,52783.45,53710.35,0,0.0,0.0,0.0,0.0,-0.01,-1,-1,-0.01,-1,-1,-0.01,-1,-1,-0.01,-1,-1,-0.01,-1,-1,-0.01,-1,-1,-0.01,-1,-1,-0.01,-1,-1,-0.01,-1,-1,-0.01,-1,-1
99926009,2026-05-18 14:04:21+05:30,53605.65,0,0.0,0,0.0,0.0,53282.15,53619.2,52783.45,53710.35,0,0.0,0.0,0.0,0.0,-0.01,-1,-1,-0.01,-1,-1,-0.01,-1,-1,-0.01,-1,-1,-0.01,-1,-1,-0.01,-1,-1,-0.01,-1,-1,-0.01,-1,-1,-0.01,-1,-1,-0.01,-1,-1
99926009,2026-05-18 14:04:22+05:30,53604.4,0,0.0,0,0.0,0.0,53282.15,53619.2,52783.45,53710.35,0,0.0,0.0,0.0,0.0,-0.01,-1,-1,-0.01,-1,-1,-0.01,-1,-1,-0.01,-1,-1,-0.01,-1,-1,-0.01,-1,-1,-0.01,-1,-1,-0.01,-1,-1,-0.01,-1,-1,-0.01,-1,-1
99926009,2026-05-18 14:04:22+05:30,53604.5,0,0.0,0,0.0,0.0,53282.15,53619.2,52783.45,53710.35,0,0.0,0.0,0.0,0.0,-0.01,-1,-1,-0.01,-1,-1,-0.01,-1,-1,-0.01,-1,-1,-0.01,-1,-1,-0.01,-1,-1,-0.01,-1,-1,-0.01,-1,-1,-0.01,-1,-1,-0.01,-1,-1
99926009,2026-05-18 14:04:23+05:30,53601.1,0,0.0,0,0.0,0.0,53282.15,53619.2,52783.45,53710.35,0,0.0,0.0,0.0,0.0,-0.01,-1,-1,-0.01,-1,-1,-0.01,-1,-1,-0.01,-1,-1,-0.01,-1,-1,-0.01,-1,-1,-0.01,-1,-1,-0.01,-1,-1,-0.01,-1,-1,-0.01,-1,-1
99926009,2026-05-18 14:04:23+05:30,53602.1,0,0.0,0,0.0,0.0,53282.15,53619.2,52783.45,53710.35,0,0.0,0.0,0.0,0.0,-0.01,-1,-1,-0.01,-1,-1,-0.01,-1,-1,-0.01,-1,-1,-0.01,-1,-1,-0.01,-1,-1,-0.01,-1,-1,-0.01,-1,-1,-0.01,-1,-1,-0.01,-1,-1
99926009,2026-05-18 14:04:24+05:30,53604.65,0,0.0,0,0.0,0.0,53282.15,53619.2,52783.45,53710.35,0,0.0,0.0,0.0,0.0,-0.01,-1,-1,-0.01,-1,-1,-0.01,-1,-1,-0.01,-1,-1,-0.01,-1,-1,-0.01,-1,-1,-0.01,-1,-1,-0.01,-1,-1,-0.01,-1,-1,-0.01,-1,-1
99926009,2026-05-18 14:04:24+05:30,53604.6,0,0.0,0,0.0,0.0,53282.15,53619.2,52783.45,53710.35,0,0.0,0.0,0.0,0.0,-0.01,-1,-1,-0.01,-1,-1,-0.01,-1,-1,-0.01,-1,-1,-0.01,-1,-1,-0.01,-1,-1,-0.01,-1,-1,-0.01,-1,-1,-0.01,-1,-1,-0.01,-1,-1
99926009,2026-05-18 14:04:25+05:30,53603.85,0,0.0,0,0.0,0.0,53282.15,53619.2,52783.45,53710.35,0,0.0,0.0,0.0,0.0,-0.01,-1,-1,-0.01,-1,-1,-0.01,-1,-1,-0.01,-1,-1,-0.01,-1,-1,-0.01,-1,-1,-0.01,-1,-1,-0.01,-1,-1,-0.01,-1,-1,-0.01,-1,-1
99926009,2026-05-18 14:04:25+05:30,53604.45,0,0.0,0,0.0,0.0,53282.15,53619.2,52783.45,53710.35,0,0.0,0.0,0.0,0.0,-0.01,-1,-1,-0.01,-1,-1,-0.01,-1,-1,-0.01,-1,-1,-0.01,-1,-1,-0.01,-1,-1,-0.01,-1,-1,-0.01,-1,-1,-0.01,-1,-1,-0.01,-1,-1
99926009,2026-05-18 14:04:26+05:30,53606.35,0,0.0,0,0.0,0.0,53282.15,53619.2,52783.45,53710.35,0,0.0,0.0,0.0,0.0,-0.01,-1,-1,-0.01,-1,-1,-0.01,-1,-1,-0.01,-1,-1,-0.01,-1,-1,-0.01,-1,-1,-0.01,-1,-1,-0.01,-1,-1,-0.01,-1,-1,-0.01,-1,-1
99926009,2026-05-18 14:04:26+05:30,53605.75,0,0.0,0,0.0,0.0,53282.15,53619.2,52783.45,53710.35,0,0.0,0.0,0.0,0.0,-0.01,-1,-1,-0.01,-1,-1,-0.01,-1,-1,-0.01,-1,-1,-0.01,-1,-1,-0.01,-1,-1,-0.01,-1,-1,-0.01,-1,-1,-0.01,-1,-1,-0.01,-1,-1
99926009,2026-05-18 14:04:27+05:30,53600.35,0,0.0,0,0.0,0.0,53282.15,53619.2,52783.45,53710.35,0,0.0,0.0,0.0,0.0,-0.01,-1,-1,-0.01,-1,-1,-0.01,-1,-1,-0.01,-1,-1,-0.01,-1,-1,-0.01,-1,-1,-0.01,-1,-1,-0.01,-1,-1,-0.01,-1,-1,-0.01,-1,-1
99926009,2026-05-18 14:04:27+05:30,53602.85,0,0.0,0,0.0,0.0,53282.15,53619.2,52783.45,53710.35,0,0.0,0.0,0.0,0.0,-0.01,-1,-1,-0.01,-1,-1,-0.01,-1,-1,-0.01,-1,-1,-0.01,-1,-1,-0.01,-1,-1,-0.01,-1,-1,-0.01,-1,-1,-0.01,-1,-1,-0.01,-1,-1
99926009,2026-05-18 14:04:28+05:30,53603.0,0,0.0,0,0.0,0.0,53282.15,53619.2,52783.45,53710.35,0,0.0,0.0,0.0,0.0,-0.01,-1,-1,-0.01,-1,-1,-0.01,-1,-1,-0.01,-1,-1,-0.01,-1,-1,-0.01,-1,-1,-0.01,-1,-1,-0.01,-1,-1,-0.01,-1,-1,-0.01,-1,-1
99926009,2026-05-18 14:04:28+05:30,53603.25,0,0.0,0,0.0,0.0,53282.15,53619.2,52783.45,53710.35,0,0.0,0.0,0.0,0.0,-0.01,-1,-1,-0.01,-1,-1,-0.01,-1,-1,-0.01,-1,-1,-0.01,-1,-1,-0.01,-1,-1,-0.01,-1,-1,-0.01,-1,-1,-0.01,-1,-1,-0.01,-1,-1
99926009,2026-05-18 14:04:29+05:30,53603.5,0,0.0,0,0.0,0.0,53282.15,53619.2,52783.45,53710.35,0,0.0,0.0,0.0,0.0,-0.01,-1,-1,-0.01,-1,-1,-0.01,-1,-1,-0.01,-1,-1,-0.01,-1,-1,-0.01,-1,-1,-0.01,-1,-1,-0.01,-1,-1,-0.01,-1,-1,-0.01,-1,-1
99926009,2026-05-18 14:04:29+05:30,53599.55,0,0.0,0,0.0,0.0,53282.15,53619.2,52783.45,53710.35,0,0.0,0.0,0.0,0.0,-0.01,-1,-1,-0.01,-1,-1,-0.01,-1,-1,-0.01,-1,-1,-0.01,-1,-1,-0.01,-1,-1,-0.01,-1,-1,-0.01,-1,-1,-0.01,-1,-1,-0.01,-1,-1
99926009,2026-05-18 14:04:30+05:30,53603.1,0,0.0,0,0.0,0.0,53282.15,53619.2,52783.45,53710.35,0,0.0,0.0,0.0,0.0,-0.01,-1,-1,-0.01,-1,-1,-0.01,-1,-1,-0.01,-1,-1,-0.01,-1,-1,-0.01,-1,-1,-0.01,-1,-1,-0.01,-1,-1,-0.01,-1,-1,-0.01,-1,-1
99926009,2026-05-18 14:04:30+05:30,53601.4,0,0.0,0,0.0,0.0,53282.15,53619.2,52783.45,53710.35,0,0.0,0.0,0.0,0.0,-0.01,-1,-1,-0.01,-1,-1,-0.01,-1,-1,-0.01,-1,-1,-0.01,-1,-1,-0.01,-1,-1,-0.01,-1,-1,-0.01,-1,-1,-0.01,-1,-1,-0.01,-1,-1
99926009,2026-05-18 14:04:31+05:30,53600.3,0,0.0,0,0.0,0.0,53282.15,53619.2,52783.45,53710.35,0,0.0,0.0,0.0,0.0,-0.01,-1,-1,-0.01,-1,-1,-0.01,-1,-1,-0.01,-1,-1,-0.01,-1,-1,-0.01,-1,-1,-0.01,-1,-1,-0.01,-1,-1,-0.01,-1,-1,-0.01,-1,-1
99926009,2026-05-18 14:04:31+05:30,53597.4,0,0.0,0,0.0,0.0,53282.15,53619.2,52783.45,53710.35,0,0.0,0.0,0.0,0.0,-0.01,-1,-1,-0.01,-1,-1,-0.01,-1,-1,-0.01,-1,-1,-0.01,-1,-1,-0.01,-1,-1,-0.01,-1,-1,-0.01,-1,-1,-0.01,-1,-1,-0.01,-1,-1
99926009,2026-05-18 14:04:32+05:30,53592.65,0,0.0,0,0.0,0.0,53282.15,53619.2,52783.45,53710.35,0,0.0,0.0,0.0,0.0,-0.01,-1,-1,-0.01,-1,-1,-0.01,-1,-1,-0.01,-1,-1,-0.01,-1,-1,-0.01,-1,-1,-0.01,-1,-1,-0.01,-1,-1,-0.01,-1,-1,-0.01,-1,-1
99926009,2026-05-18 14:04:32+05:30,53590.7,0,0.0,0,0.0,0.0,53282.15,53619.2,52783.45,53710.35,0,0.0,0.0,0.0,0.0,-0.01,-1,-1,-0.01,-1,-1,-0.01,-1,-1,-0.01,-1,-1,-0.01,-1,-1,-0.01,-1,-1,-0.01,-1,-1,-0.01,-1,-1,-0.01,-1,-1,-0.01,-1,-1
99926009,2026-05-18 14:04:33+05:30,53590.5,0,0.0,0,0.0,0.0,53282.15,53619.2,52783.45,53710.35,0,0.0,0.0,0.0,0.0,-0.01,-1,-1,-0.01,-1,-1,-0.01,-1,-1,-0.01,-1,-1,-0.01,-1,-1,-0.01,-1,-1,-0.01,-1,-1,-0.01,-1,-1,-0.01,-1,-1,-0.01,-1,-1
99926009,2026-05-18 14:04:33+05:30,53595.2,0,0.0,0,0.0,0.0,53282.15,53619.2,52783.45,53710.35,0,0.0,0.0,0.0,0.0,-0.01,-1,-1,-0.01,-1,-1,-0.01,-1,-1,-0.01,-1,-1,-0.01,-1,-1,-0.01,-1,-1,-0.01,-1,-1,-0.01,-1,-1,-0.01,-1,-1,-0.01,-1,-1
99926009,2026-05-18 14:04:34+05:30,53593.65,0,0.0,0,0.0,0.0,53282.15,53619.2,52783.45,53710.35,0,0.0,0.0,0.0,0.0,-0.01,-1,-1,-0.01,-1,-1,-0.01,-1,-1,-0.01,-1,-1,-0.01,-1,-1,-0.01,-1,-1,-0.01,-1,-1,-0.01,-1,-1,-0.01,-1,-1,-0.01,-1,-1
99926009,2026-05-18 14:04:34+05:30,53595.7,0,0.0,0,0.0,0.0,53282.15,53619.2,52783.45,53710.35,0,0.0,0.0,0.0,0.0,-0.01,-1,-1,-0.01,-1,-1,-0.01,-1,-1,-0.01,-1,-1,-0.01,-1,-1,-0.01,-1,-1,-0.01,-1,-1,-0.01,-1,-1,-0.01,-1,-1,-0.01,-1,-1
99926009,2026-05-18 14:04:35+05:30,53596.05,0,0.0,0,0.0,0.0,53282.15,53619.2,52783.45,53710.35,0,0.0,0.0,0.0,0.0,-0.01,-1,-1,-0.01,-1,-1,-0.01,-1,-1,-0.01,-1,-1,-0.01,-1,-1,-0.01,-1,-1,-0.01,-1,-1,-0.01,-1,-1,-0.01,-1,-1,-0.01,-1,-1
99926009,2026-05-18 14:04:35+05:30,53599.7,0,0.0,0,0.0,0.0,53282.15,53619.2,52783.45,53710.35,0,0.0,0.0,0.0,0.0,-0.01,-1,-1,-0.01,-1,-1,-0.01,-1,-1,-0.01,-1,-1,-0.01,-1,-1,-0.01,-1,-1,-0.01,-1,-1,-0.01,-1,-1,-0.01,-1,-1,-0.01,-1,-1
99926009,2026-05-18 14:04:36+05:30,53600.05,0,0.0,0,0.0,0.0,53282.15,53619.2,52783.45,53710.35,0,0.0,0.0,0.0,0.0,-0.01,-1,-1,-0.01,-1,-1,-0.01,-1,-1,-0.01,-1,-1,-0.01,-1,-1,-0.01,-1,-1,-0.01,-1,-1,-0.01,-1,-1,-0.01,-1,-1,-0.01,-1,-1
99926009,2026-05-18 14:04:36+05:30,53599.7,0,0.0,0,0.0,0.0,53282.15,53619.2,52783.45,53710.35,0,0.0,0.0,0.0,0.0,-0.01,-1,-1,-0.01,-1,-1,-0.01,-1,-1,-0.01,-1,-1,-0.01,-1,-1,-0.01,-1,-1,-0.01,-1,-1,-0.01,-1,-1,-0.01,-1,-1,-0.01,-1,-1
99926009,2026-05-18 14:04:37+05:30,53597.05,0,0.0,0,0.0,0.0,53282.15,53619.2,52783.45,53710.35,0,0.0,0.0,0.0,0.0,-0.01,-1,-1,-0.01,-1,-1,-0.01,-1,-1,-0.01,-1,-1,-0.01,-1,-1,-0.01,-1,-1,-0.01,-1,-1,-0.01,-1,-1,-0.01,-1,-1,-0.01,-1,-1
99926009,2026-05-18 14:04:37+05:30,53598.45,0,0.0,0,0.0,0.0,53282.15,53619.2,52783.45,53710.35,0,0.0,0.0,0.0,0.0,-0.01,-1,-1,-0.01,-1,-1,-0.01,-1,-1,-0.01,-1,-1,-0.01,-1,-1,-0.01,-1,-1,-0.01,-1,-1,-0.01,-1,-1,-0.01,-1,-1,-0.01,-1,-1
99926009,2026-05-18 14:04:38+05:30,53596.7,0,0.0,0,0.0,0.0,53282.15,53619.2,52783.45,53710.35,0,0.0,0.0,0.0,0.0,-0.01,-1,-1,-0.01,-1,-1,-0.01,-1,-1,-0.01,-1,-1,-0.01,-1,-1,-0.01,-1,-1,-0.01,-1,-1,-0.01,-1,-1,-0.01,-1,-1,-0.01,-1,-1
99926009,2026-05-18 14:04:38+05:30,53593.6,0,0.0,0,0.0,0.0,53282.15,53619.2,52783.45,53710.35,0,0.0,0.0,0.0,0.0,-0.01,-1,-1,-0.01,-1,-1,-0.01,-1,-1,-0.01,-1,-1,-0.01,-1,-1,-0.01,-1,-1,-0.01,-1,-1,-0.01,-1,-1,-0.01,-1,-1,-0.01,-1,-1
99926009,2026-05-18 14:04:39+05:30,53598.6,0,0.0,0,0.0,0.0,53282.15,53619.2,52783.45,53710.35,0,0.0,0.0,0.0,0.0,-0.01,-1,-1,-0.01,-1,-1,-0.01,-1,-1,-0.01,-1,-1,-0.01,-1,-1,-0.01,-1,-1,-0.01,-1,-1,-0.01,-1,-1,-0.01,-1,-1,-0.01,-1,-1
99926009,2026-05-18 14:04:39+05:30,53595.75,0,0.0,0,0.0,0.0,53282.15,53619.2,52783.45,53710.35,0,0.0,0.0,0.0,0.0,-0.01,-1,-1,-0.01,-1,-1,-0.01,-1,-1,-0.01,-1,-1,-0.01,-1,-1,-0.01,-1,-1,-0.01,-1,-1,-0.01,-1,-1,-0.01,-1,-1,-0.01,-1,-1
99926009,2026-05-18 14:04:40+05:30,53595.2,0,0.0,0,0.0,0.0,53282.15,53619.2,52783.45,53710.35,0,0.0,0.0,0.0,0.0,-0.01,-1,-1,-0.01,-1,-1,-0.01,-1,-1,-0.01,-1,-1,-0.01,-1,-1,-0.01,-1,-1,-0.01,-1,-1,-0.01,-1,-1,-0.01,-1,-1,-0.01,-1,-1
99926009,2026-05-18 14:04:40+05:30,53592.6,0,0.0,0,0.0,0.0,53282.15,53619.2,52783.45,53710.35,0,0.0,0.0,0.0,0.0,-0.01,-1,-1,-0.01,-1,-1,-0.01,-1,-1,-0.01,-1,-1,-0.01,-1,-1,-0.01,-1,-1,-0.01,-1,-1,-0.01,-1,-1,-0.01,-1,-1,-0.01,-1,-1
99926009,2026-05-18 14:04:41+05:30,53592.5,0,0.0,0,0.0,0.0,53282.15,53619.2,52783.45,53710.35,0,0.0,0.0,0.0,0.0,-0.01,-1,-1,-0.01,-1,-1,-0.01,-1,-1,-0.01,-1,-1,-0.01,-1,-1,-0.01,-1,-1,-0.01,-1,-1,-0.01,-1,-1,-0.01,-1,-1,-0.01,-1,-1
99926009,2026-05-18 14:04:41+05:30,53591.8,0,0.0,0,0.0,0.0,53282.15,53619.2,52783.45,53710.35,0,0.0,0.0,0.0,0.0,-0.01,-1,-1,-0.01,-1,-1,-0.01,-1,-1,-0.01,-1,-1,-0.01,-1,-1,-0.01,-1,-1,-0.01,-1,-1,-0.01,-1,-1,-0.01,-1,-1,-0.01,-1,-1
99926009,2026-05-18 14:04:42+05:30,53581.05,0,0.0,0,0.0,0.0,53282.15,53619.2,52783.45,53710.35,0,0.0,0.0,0.0,0.0,-0.01,-1,-1,-0.01,-1,-1,-0.01,-1,-1,-0.01,-1,-1,-0.01,-1,-1,-0.01,-1,-1,-0.01,-1,-1,-0.01,-1,-1,-0.01,-1,-1,-0.01,-1,-1
99926009,2026-05-18 14:04:42+05:30,53583.35,0,0.0,0,0.0,0.0,53282.15,53619.2,52783.45,53710.35,0,0.0,0.0,0.0,0.0,-0.01,-1,-1,-0.01,-1,-1,-0.01,-1,-1,-0.01,-1,-1,-0.01,-1,-1,-0.01,-1,-1,-0.01,-1,-1,-0.01,-1,-1,-0.01,-1,-1,-0.01,-1,-1
99926009,2026-05-18 14:04:43+05:30,53588.95,0,0.0,0,0.0,0.0,53282.15,53619.2,52783.45,53710.35,0,0.0,0.0,0.0,0.0,-0.01,-1,-1,-0.01,-1,-1,-0.01,-1,-1,-0.01,-1,-1,-0.01,-1,-1,-0.01,-1,-1,-0.01,-1,-1,-0.01,-1,-1,-0.01,-1,-1,-0.01,-1,-1
99926009,2026-05-18 14:04:43+05:30,53588.9,0,0.0,0,0.0,0.0,53282.15,53619.2,52783.45,53710.35,0,0.0,0.0,0.0,0.0,-0.01,-1,-1,-0.01,-1,-1,-0.01,-1,-1,-0.01,-1,-1,-0.01,-1,-1,-0.01,-1,-1,-0.01,-1,-1,-0.01,-1,-1,-0.01,-1,-1,-0.01,-1,-1
99926009,2026-05-18 14:04:44+05:30,53590.55,0,0.0,0,0.0,0.0,53282.15,53619.2,52783.45,53710.35,0,0.0,0.0,0.0,0.0,-0.01,-1,-1,-0.01,-1,-1,-0.01,-1,-1,-0.01,-1,-1,-0.01,-1,-1,-0.01,-1,-1,-0.01,-1,-1,-0.01,-1,-1,-0.01,-1,-1,-0.01,-1,-1
99926009,2026-05-18 14:04:44+05:30,53586.0,0,0.0,0,0.0,0.0,53282.15,53619.2,52783.45,53710.35,0,0.0,0.0,0.0,0.0,-0.01,-1,-1,-0.01,-1,-1,-0.01,-1,-1,-0.01,-1,-1,-0.01,-1,-1,-0.01,-1,-1,-0.01,-1,-1,-0.01,-1,-1,-0.01,-1,-1,-0.01,-1,-1
99926009,2026-05-18 14:04:45+05:30,53584.8,0,0.0,0,0.0,0.0,53282.15,53619.2,52783.45,53710.35,0,0.0,0.0,0.0,0.0,-0.01,-1,-1,-0.01,-1,-1,-0.01,-1,-1,-0.01,-1,-1,-0.01,-1,-1,-0.01,-1,-1,-0.01,-1,-1,-0.01,-1,-1,-0.01,-1,-1,-0.01,-1,-1
99926009,2026-05-18 14:04:45+05:30,53582.7,0,0.0,0,0.0,0.0,53282.15,53619.2,52783.45,53710.35,0,0.0,0.0,0.0,0.0,-0.01,-1,-1,-0.01,-1,-1,-0.01,-1,-1,-0.01,-1,-1,-0.01,-1,-1,-0.01,-1,-1,-0.01,-1,-1,-0.01,-1,-1,-0.01,-1,-1,-0.01,-1,-1
99926009,2026-05-18 14:04:46+05:30,53588.25,0,0.0,0,0.0,0.0,53282.15,53619.2,52783.45,53710.35,0,0.0,0.0,0.0,0.0,-0.01,-1,-1,-0.01,-1,-1,-0.01,-1,-1,-0.01,-1,-1,-0.01,-1,-1,-0.01,-1,-1,-0.01,-1,-1,-0.01,-1,-1,-0.01,-1,-1,-0.01,-1,-1
99926009,2026-05-18 14:04:46+05:30,53584.45,0,0.0,0,0.0,0.0,53282.15,53619.2,52783.45,53710.35,0,0.0,0.0,0.0,0.0,-0.01,-1,-1,-0.01,-1,-1,-0.01,-1,-1,-0.01,-1,-1,-0.01,-1,-1,-0.01,-1,-1,-0.01,-1,-1,-0.01,-1,-1,-0.01,-1,-1,-0.01,-1,-1
99926009,2026-05-18 14:04:47+05:30,53585.95,0,0.0,0,0.0,0.0,53282.15,53619.2,52783.45,53710.35,0,0.0,0.0,0.0,0.0,-0.01,-1,-1,-0.01,-1,-1,-0.01,-1,-1,-0.01,-1,-1,-0.01,-1,-1,-0.01,-1,-1,-0.01,-1,-1,-0.01,-1,-1,-0.01,-1,-1,-0.01,-1,-1
99926009,2026-05-18 14:04:47+05:30,53585.65,0,0.0,0,0.0,0.0,53282.15,53619.2,52783.45,53710.35,0,0.0,0.0,0.0,0.0,-0.01,-1,-1,-0.01,-1,-1,-0.01,-1,-1,-0.01,-1,-1,-0.01,-1,-1,-0.01,-1,-1,-0.01,-1,-1,-0.01,-1,-1,-0.01,-1,-1,-0.01,-1,-1
99926009,2026-05-18 14:04:48+05:30,53586.4,0,0.0,0,0.0,0.0,53282.15,53619.2,52783.45,53710.35,0,0.0,0.0,0.0,0.0,-0.01,-1,-1,-0.01,-1,-1,-0.01,-1,-1,-0.01,-1,-1,-0.01,-1,-1,-0.01,-1,-1,-0.01,-1,-1,-0.01,-1,-1,-0.01,-1,-1,-0.01,-1,-1
99926009,2026-05-18 14:04:48+05:30,53585.05,0,0.0,0,0.0,0.0,53282.15,53619.2,52783.45,53710.35,0,0.0,0.0,0.0,0.0,-0.01,-1,-1,-0.01,-1,-1,-0.01,-1,-1,-0.01,-1,-1,-0.01,-1,-1,-0.01,-1,-1,-0.01,-1,-1,-0.01,-1,-1,-0.01,-1,-1,-0.01,-1,-1
99926009,2026-05-18 14:04:49+05:30,53582.5,0,0.0,0,0.0,0.0,53282.15,53619.2,52783.45,53710.35,0,0.0,0.0,0.0,0.0,-0.01,-1,-1,-0.01,-1,-1,-0.01,-1,-1,-0.01,-1,-1,-0.01,-1,-1,-0.01,-1,-1,-0.01,-1,-1,-0.01,-1,-1,-0.01,-1,-1,-0.01,-1,-1
99926009,2026-05-18 14:04:49+05:30,53583.15,0,0.0,0,0.0,0.0,53282.15,53619.2,52783.45,53710.35,0,0.0,0.0,0.0,0.0,-0.01,-1,-1,-0.01,-1,-1,-0.01,-1,-1,-0.01,-1,-1,-0.01,-1,-1,-0.01,-1,-1,-0.01,-1,-1,-0.01,-1,-1,-0.01,-1,-1,-0.01,-1,-1
99926009,2026-05-18 14:04:50+05:30,53586.45,0,0.0,0,0.0,0.0,53282.15,53619.2,52783.45,53710.35,0,0.0,0.0,0.0,0.0,-0.01,-1,-1,-0.01,-1,-1,-0.01,-1,-1,-0.01,-1,-1,-0.01,-1,-1,-0.01,-1,-1,-0.01,-1,-1,-0.01,-1,-1,-0.01,-1,-1,-0.01,-1,-1
99926009,2026-05-18 14:04:50+05:30,53583.6,0,0.0,0,0.0,0.0,53282.15,53619.2,52783.45,53710.35,0,0.0,0.0,0.0,0.0,-0.01,-1,-1,-0.01,-1,-1,-0.01,-1,-1,-0.01,-1,-1,-0.01,-1,-1,-0.01,-1,-1,-0.01,-1,-1,-0.01,-1,-1,-0.01,-1,-1,-0.01,-1,-1
99926009,2026-05-18 14:04:51+05:30,53582.8,0,0.0,0,0.0,0.0,53282.15,53619.2,52783.45,53710.35,0,0.0,0.0,0.0,0.0,-0.01,-1,-1,-0.01,-1,-1,-0.01,-1,-1,-0.01,-1,-1,-0.01,-1,-1,-0.01,-1,-1,-0.01,-1,-1,-0.01,-1,-1,-0.01,-1,-1,-0.01,-1,-1
99926009,2026-05-18 14:04:51+05:30,53585.7,0,0.0,0,0.0,0.0,53282.15,53619.2,52783.45,53710.35,0,0.0,0.0,0.0,0.0,-0.01,-1,-1,-0.01,-1,-1,-0.01,-1,-1,-0.01,-1,-1,-0.01,-1,-1,-0.01,-1,-1,-0.01,-1,-1,-0.01,-1,-1,-0.01,-1,-1,-0.01,-1,-1
99926009,2026-05-18 14:04:52+05:30,53585.1,0,0.0,0,0.0,0.0,53282.15,53619.2,52783.45,53710.35,0,0.0,0.0,0.0,0.0,-0.01,-1,-1,-0.01,-1,-1,-0.01,-1,-1,-0.01,-1,-1,-0.01,-1,-1,-0.01,-1,-1,-0.01,-1,-1,-0.01,-1,-1,-0.01,-1,-1,-0.01,-1,-1
99926009,2026-05-18 14:04:52+05:30,53582.65,0,0.0,0,0.0,0.0,53282.15,53619.2,52783.45,53710.35,0,0.0,0.0,0.0,0.0,-0.01,-1,-1,-0.01,-1,-1,-0.01,-1,-1,-0.01,-1,-1,-0.01,-1,-1,-0.01,-1,-1,-0.01,-1,-1,-0.01,-1,-1,-0.01,-1,-1,-0.01,-1,-1
99926009,2026-05-18 14:04:53+05:30,53585.2,0,0.0,0,0.0,0.0,53282.15,53619.2,52783.45,53710.35,0,0.0,0.0,0.0,0.0,-0.01,-1,-1,-0.01,-1,-1,-0.01,-1,-1,-0.01,-1,-1,-0.01,-1,-1,-0.01,-1,-1,-0.01,-1,-1,-0.01,-1,-1,-0.01,-1,-1,-0.01,-1,-1
99926009,2026-05-18 14:04:53+05:30,53581.6,0,0.0,0,0.0,0.0,53282.15,53619.2,52783.45,53710.35,0,0.0,0.0,0.0,0.0,-0.01,-1,-1,-0.01,-1,-1,-0.01,-1,-1,-0.01,-1,-1,-0.01,-1,-1,-0.01,-1,-1,-0.01,-1,-1,-0.01,-1,-1,-0.01,-1,-1,-0.01,-1,-1
99926009,2026-05-18 14:04:54+05:30,53583.15,0,0.0,0,0.0,0.0,53282.15,53619.2,52783.45,53710.35,0,0.0,0.0,0.0,0.0,-0.01,-1,-1,-0.01,-1,-1,-0.01,-1,-1,-0.01,-1,-1,-0.01,-1,-1,-0.01,-1,-1,-0.01,-1,-1,-0.01,-1,-1,-0.01,-1,-1,-0.01,-1,-1
99926009,2026-05-18 14:04:54+05:30,53585.55,0,0.0,0,0.0,0.0,53282.15,53619.2,52783.45,53710.35,0,0.0,0.0,0.0,0.0,-0.01,-1,-1,-0.01,-1,-1,-0.01,-1,-1,-0.01,-1,-1,-0.01,-1,-1,-0.01,-1,-1,-0.01,-1,-1,-0.01,-1,-1,-0.01,-1,-1,-0.01,-1,-1
99926009,2026-05-18 14:04:55+05:30,53588.9,0,0.0,0,0.0,0.0,53282.15,53619.2,52783.45,53710.35,0,0.0,0.0,0.0,0.0,-0.01,-1,-1,-0.01,-1,-1,-0.01,-1,-1,-0.01,-1,-1,-0.01,-1,-1,-0.01,-1,-1,-0.01,-1,-1,-0.01,-1,-1,-0.01,-1,-1,-0.01,-1,-1
99926009,2026-05-18 14:04:55+05:30,53587.7,0,0.0,0,0.0,0.0,53282.15,53619.2,52783.45,53710.35,0,0.0,0.0,0.0,0.0,-0.01,-1,-1,-0.01,-1,-1,-0.01,-1,-1,-0.01,-1,-1,-0.01,-1,-1,-0.01,-1,-1,-0.01,-1,-1,-0.01,-1,-1,-0.01,-1,-1,-0.01,-1,-1
99926009,2026-05-18 14:04:56+05:30,53589.55,0,0.0,0,0.0,0.0,53282.15,53619.2,52783.45,53710.35,0,0.0,0.0,0.0,0.0,-0.01,-1,-1,-0.01,-1,-1,-0.01,-1,-1,-0.01,-1,-1,-0.01,-1,-1,-0.01,-1,-1,-0.01,-1,-1,-0.01,-1,-1,-0.01,-1,-1,-0.01,-1,-1
99926009,2026-05-18 14:04:56+05:30,53587.95,0,0.0,0,0.0,0.0,53282.15,53619.2,52783.45,53710.35,0,0.0,0.0,0.0,0.0,-0.01,-1,-1,-0.01,-1,-1,-0.01,-1,-1,-0.01,-1,-1,-0.01,-1,-1,-0.01,-1,-1,-0.01,-1,-1,-0.01,-1,-1,-0.01,-1,-1,-0.01,-1,-1
99926009,2026-05-18 14:04:57+05:30,53590.2,0,0.0,0,0.0,0.0,53282.15,53619.2,52783.45,53710.35,0,0.0,0.0,0.0,0.0,-0.01,-1,-1,-0.01,-1,-1,-0.01,-1,-1,-0.01,-1,-1,-0.01,-1,-1,-0.01,-1,-1,-0.01,-1,-1,-0.01,-1,-1,-0.01,-1,-1,-0.01,-1,-1
99926009,2026-05-18 14:04:57+05:30,53586.75,0,0.0,0,0.0,0.0,53282.15,53619.2,52783.45,53710.35,0,0.0,0.0,0.0,0.0,-0.01,-1,-1,-0.01,-1,-1,-0.01,-1,-1,-0.01,-1,-1,-0.01,-1,-1,-0.01,-1,-1,-0.01,-1,-1,-0.01,-1,-1,-0.01,-1,-1,-0.01,-1,-1
99926009,2026-05-18 14:04:58+05:30,53590.8,0,0.0,0,0.0,0.0,53282.15,53619.2,52783.45,53710.35,0,0.0,0.0,0.0,0.0,-0.01,-1,-1,-0.01,-1,-1,-0.01,-1,-1,-0.01,-1,-1,-0.01,-1,-1,-0.01,-1,-1,-0.01,-1,-1,-0.01,-1,-1,-0.01,-1,-1,-0.01,-1,-1
99926009,2026-05-18 14:04:58+05:30,53587.8,0,0.0,0,0.0,0.0,53282.15,53619.2,52783.45,53710.35,0,0.0,0.0,0.0,0.0,-0.01,-1,-1,-0.01,-1,-1,-0.01,-1,-1,-0.01,-1,-1,-0.01,-1,-1,-0.01,-1,-1,-0.01,-1,-1,-0.01,-1,-1,-0.01,-1,-1,-0.01,-1,-1
99926009,2026-05-18 14:04:59+05:30,53588.5,0,0.0,0,0.0,0.0,53282.15,53619.2,52783.45,53710.35,0,0.0,0.0,0.0,0.0,-0.01,-1,-1,-0.01,-1,-1,-0.01,-1,-1,-0.01,-1,-1,-0.01,-1,-1,-0.01,-1,-1,-0.01,-1,-1,-0.01,-1,-1,-0.01,-1,-1,-0.01,-1,-1
99926009,2026-05-18 14:04:59+05:30,53586.7,0,0.0,0,0.0,0.0,53282.15,53619.2,52783.45,53710.35,0,0.0,0.0,0.0,0.0,-0.01,-1,-1,-0.01,-1,-1,-0.01,-1,-1,-0.01,-1,-1,-0.01,-1,-1,-0.01,-1,-1,-0.01,-1,-1,-0.01,-1,-1,-0.01,-1,-1,-0.01,-1,-1
99926009,2026-05-18 14:05:00+05:30,53585.35,0,0.0,0,0.0,0.0,53282.15,53619.2,52783.45,53710.35,0,0.0,0.0,0.0,0.0,-0.01,-1,-1,-0.01,-1,-1,-0.01,-1,-1,-0.01,-1,-1,-0.01,-1,-1,-0.01,-1,-1,-0.01,-1,-1,-0.01,-1,-1,-0.01,-1,-1,-0.01,-1,-1
99926009,2026-05-18 14:05:00+05:30,53583.9,0,0.0,0,0.0,0.0,53282.15,53619.2,52783.45,53710.35,0,0.0,0.0,0.0,0.0,-0.01,-1,-1,-0.01,-1,-1,-0.01,-1,-1,-0.01,-1,-1,-0.01,-1,-1,-0.01,-1,-1,-0.01,-1,-1,-0.01,-1,-1,-0.01,-1,-1,-0.01,-1,-1
99926009,2026-05-18 14:05:01+05:30,53586.15,0,0.0,0,0.0,0.0,53282.15,53619.2,52783.45,53710.35,0,0.0,0.0,0.0,0.0,-0.01,-1,-1,-0.01,-1,-1,-0.01,-1,-1,-0.01,-1,-1,-0.01,-1,-1,-0.01,-1,-1,-0.01,-1,-1,-0.01,-1,-1,-0.01,-1,-1,-0.01,-1,-1
99926009,2026-05-18 14:05:01+05:30,53586.45,0,0.0,0,0.0,0.0,53282.15,53619.2,52783.45,53710.35,0,0.0,0.0,0.0,0.0,-0.01,-1,-1,-0.01,-1,-1,-0.01,-1,-1,-0.01,-1,-1,-0.01,-1,-1,-0.01,-1,-1,-0.01,-1,-1,-0.01,-1,-1,-0.01,-1,-1,-0.01,-1,-1
99926009,2026-05-18 14:05:02+05:30,53585.75,0,0.0,0,0.0,0.0,53282.15,53619.2,52783.45,53710.35,0,0.0,0.0,0.0,0.0,-0.01,-1,-1,-0.01,-1,-1,-0.01,-1,-1,-0.01,-1,-1,-0.01,-1,-1,-0.01,-1,-1,-0.01,-1,-1,-0.01,-1,-1,-0.01,-1,-1,-0.01,-1,-1
99926009,2026-05-18 14:05:02+05:30,53586.55,0,0.0,0,0.0,0.0,53282.15,53619.2,52783.45,53710.35,0,0.0,0.0,0.0,0.0,-0.01,-1,-1,-0.01,-1,-1,-0.01,-1,-1,-0.01,-1,-1,-0.01,-1,-1,-0.01,-1,-1,-0.01,-1,-1,-0.01,-1,-1,-0.01,-1,-1,-0.01,-1,-1
99926009,2026-05-18 14:05:03+05:30,53588.05,0,0.0,0,0.0,0.0,53282.15,53619.2,52783.45,53710.35,0,0.0,0.0,0.0,0.0,-0.01,-1,-1,-0.01,-1,-1,-0.01,-1,-1,-0.01,-1,-1,-0.01,-1,-1,-0.01,-1,-1,-0.01,-1,-1,-0.01,-1,-1,-0.01,-1,-1,-0.01,-1,-1
99926009,2026-05-18 14:05:03+05:30,53587.4,0,0.0,0,0.0,0.0,53282.15,53619.2,52783.45,53710.35,0,0.0,0.0,0.0,0.0,-0.01,-1,-1,-0.01,-1,-1,-0.01,-1,-1,-0.01,-1,-1,-0.01,-1,-1,-0.01,-1,-1,-0.01,-1,-1,-0.01,-1,-1,-0.01,-1,-1,-0.01,-1,-1
99926009,2026-05-18 14:05:04+05:30,53586.95,0,0.0,0,0.0,0.0,53282.15,53619.2,52783.45,53710.35,0,0.0,0.0,0.0,0.0,-0.01,-1,-1,-0.01,-1,-1,-0.01,-1,-1,-0.01,-1,-1,-0.01,-1,-1,-0.01,-1,-1,-0.01,-1,-1,-0.01,-1,-1,-0.01,-1,-1,-0.01,-1,-1
99926009,2026-05-18 14:05:04+05:30,53585.6,0,0.0,0,0.0,0.0,53282.15,53619.2,52783.45,53710.35,0,0.0,0.0,0.0,0.0,-0.01,-1,-1,-0.01,-1,-1,-0.01,-1,-1,-0.01,-1,-1,-0.01,-1,-1,-0.01,-1,-1,-0.01,-1,-1,-0.01,-1,-1,-0.01,-1,-1,-0.01,-1,-1
99926009,2026-05-18 14:05:05+05:30,53587.8,0,0.0,0,0.0,0.0,53282.15,53619.2,52783.45,53710.35,0,0.0,0.0,0.0,0.0,-0.01,-1,-1,-0.01,-1,-1,-0.01,-1,-1,-0.01,-1,-1,-0.01,-1,-1,-0.01,-1,-1,-0.01,-1,-1,-0.01,-1,-1,-0.01,-1,-1,-0.01,-1,-1
99926009,2026-05-18 14:05:05+05:30,53585.65,0,0.0,0,0.0,0.0,53282.15,53619.2,52783.45,53710.35,0,0.0,0.0,0.0,0.0,-0.01,-1,-1,-0.01,-1,-1,-0.01,-1,-1,-0.01,-1,-1,-0.01,-1,-1,-0.01,-1,-1,-0.01,-1,-1,-0.01,-1,-1,-0.01,-1,-1,-0.01,-1,-1
99926009,2026-05-18 14:05:06+05:30,53588.65,0,0.0,0,0.0,0.0,53282.15,53619.2,52783.45,53710.35,0,0.0,0.0,0.0,0.0,-0.01,-1,-1,-0.01,-1,-1,-0.01,-1,-1,-0.01,-1,-1,-0.01,-1,-1,-0.01,-1,-1,-0.01,-1,-1,-0.01,-1,-1,-0.01,-1,-1,-0.01,-1,-1
99926009,2026-05-18 14:05:06+05:30,53590.1,0,0.0,0,0.0,0.0,53282.15,53619.2,52783.45,53710.35,0,0.0,0.0,0.0,0.0,-0.01,-1,-1,-0.01,-1,-1,-0.01,-1,-1,-0.01,-1,-1,-0.01,-1,-1,-0.01,-1,-1,-0.01,-1,-1,-0.01,-1,-1,-0.01,-1,-1,-0.01,-1,-1
99926009,2026-05-18 14:05:07+05:30,53590.8,0,0.0,0,0.0,0.0,53282.15,53619.2,52783.45,53710.35,0,0.0,0.0,0.0,0.0,-0.01,-1,-1,-0.01,-1,-1,-0.01,-1,-1,-0.01,-1,-1,-0.01,-1,-1,-0.01,-1,-1,-0.01,-1,-1,-0.01,-1,-1,-0.01,-1,-1,-0.01,-1,-1
99926009,2026-05-18 14:05:07+05:30,53590.9,0,0.0,0,0.0,0.0,53282.15,53619.2,52783.45,53710.35,0,0.0,0.0,0.0,0.0,-0.01,-1,-1,-0.01,-1,-1,-0.01,-1,-1,-0.01,-1,-1,-0.01,-1,-1,-0.01,-1,-1,-0.01,-1,-1,-0.01,-1,-1,-0.01,-1,-1,-0.01,-1,-1
99926009,2026-05-18 14:05:08+05:30,53591.05,0,0.0,0,0.0,0.0,53282.15,53619.2,52783.45,53710.35,0,0.0,0.0,0.0,0.0,-0.01,-1,-1,-0.01,-1,-1,-0.01,-1,-1,-0.01,-1,-1,-0.01,-1,-1,-0.01,-1,-1,-0.01,-1,-1,-0.01,-1,-1,-0.01,-1,-1,-0.01,-1,-1
99926009,2026-05-18 14:05:08+05:30,53589.2,0,0.0,0,0.0,0.0,53282.15,53619.2,52783.45,53710.35,0,0.0,0.0,0.0,0.0,-0.01,-1,-1,-0.01,-1,-1,-0.01,-1,-1,-0.01,-1,-1,-0.01,-1,-1,-0.01,-1,-1,-0.01,-1,-1,-0.01,-1,-1,-0.01,-1,-1,-0.01,-1,-1
99926009,2026-05-18 14:05:09+05:30,53586.4,0,0.0,0,0.0,0.0,53282.15,53619.2,52783.45,53710.35,0,0.0,0.0,0.0,0.0,-0.01,-1,-1,-0.01,-1,-1,-0.01,-1,-1,-0.01,-1,-1,-0.01,-1,-1,-0.01,-1,-1,-0.01,-1,-1,-0.01,-1,-1,-0.01,-1,-1,-0.01,-1,-1
99926009,2026-05-18 14:05:09+05:30,53588.0,0,0.0,0,0.0,0.0,53282.15,53619.2,52783.45,53710.35,0,0.0,0.0,0.0,0.0,-0.01,-1,-1,-0.01,-1,-1,-0.01,-1,-1,-0.01,-1,-1,-0.01,-1,-1,-0.01,-1,-1,-0.01,-1,-1,-0.01,-1,-1,-0.01,-1,-1,-0.01,-1,-1
99926009,2026-05-18 14:05:10+05:30,53589.8,0,0.0,0,0.0,0.0,53282.15,53619.2,52783.45,53710.35,0,0.0,0.0,0.0,0.0,-0.01,-1,-1,-0.01,-1,-1,-0.01,-1,-1,-0.01,-1,-1,-0.01,-1,-1,-0.01,-1,-1,-0.01,-1,-1,-0.01,-1,-1,-0.01,-1,-1,-0.01,-1,-1
99926009,2026-05-18 14:05:10+05:30,53588.95,0,0.0,0,0.0,0.0,53282.15,53619.2,52783.45,53710.35,0,0.0,0.0,0.0,0.0,-0.01,-1,-1,-0.01,-1,-1,-0.01,-1,-1,-0.01,-1,-1,-0.01,-1,-1,-0.01,-1,-1,-0.01,-1,-1,-0.01,-1,-1,-0.01,-1,-1,-0.01,-1,-1
99926009,2026-05-18 14:05:11+05:30,53588.9,0,0.0,0,0.0,0.0,53282.15,53619.2,52783.45,53710.35,0,0.0,0.0,0.0,0.0,-0.01,-1,-1,-0.01,-1,-1,-0.01,-1,-1,-0.01,-1,-1,-0.01,-1,-1,-0.01,-1,-1,-0.01,-1,-1,-0.01,-1,-1,-0.01,-1,-1,-0.01,-1,-1
99926009,2026-05-18 14:05:11+05:30,53588.6,0,0.0,0,0.0,0.0,53282.15,53619.2,52783.45,53710.35,0,0.0,0.0,0.0,0.0,-0.01,-1,-1,-0.01,-1,-1,-0.01,-1,-1,-0.01,-1,-1,-0.01,-1,-1,-0.01,-1,-1,-0.01,-1,-1,-0.01,-1,-1,-0.01,-1,-1,-0.01,-1,-1
99926009,2026-05-18 14:05:12+05:30,53585.75,0,0.0,0,0.0,0.0,53282.15,53619.2,52783.45,53710.35,0,0.0,0.0,0.0,0.0,-0.01,-1,-1,-0.01,-1,-1,-0.01,-1,-1,-0.01,-1,-1,-0.01,-1,-1,-0.01,-1,-1,-0.01,-1,-1,-0.01,-1,-1,-0.01,-1,-1,-0.01,-1,-1
99926009,2026-05-18 14:05:12+05:30,53586.55,0,0.0,0,0.0,0.0,53282.15,53619.2,52783.45,53710.35,0,0.0,0.0,0.0,0.0,-0.01,-1,-1,-0.01,-1,-1,-0.01,-1,-1,-0.01,-1,-1,-0.01,-1,-1,-0.01,-1,-1,-0.01,-1,-1,-0.01,-1,-1,-0.01,-1,-1,-0.01,-1,-1
99926009,2026-05-18 14:05:13+05:30,53586.0,0,0.0,0,0.0,0.0,53282.15,53619.2,52783.45,53710.35,0,0.0,0.0,0.0,0.0,-0.01,-1,-1,-0.01,-1,-1,-0.01,-1,-1,-0.01,-1,-1,-0.01,-1,-1,-0.01,-1,-1,-0.01,-1,-1,-0.01,-1,-1,-0.01,-1,-1,-0.01,-1,-1
99926009,2026-05-18 14:05:13+05:30,53584.65,0,0.0,0,0.0,0.0,53282.15,53619.2,52783.45,53710.35,0,0.0,0.0,0.0,0.0,-0.01,-1,-1,-0.01,-1,-1,-0.01,-1,-1,-0.01,-1,-1,-0.01,-1,-1,-0.01,-1,-1,-0.01,-1,-1,-0.01,-1,-1,-0.01,-1,-1,-0.01,-1,-1
99926009,2026-05-18 14:05:14+05:30,53586.7,0,0.0,0,0.0,0.0,53282.15,53619.2,52783.45,53710.35,0,0.0,0.0,0.0,0.0,-0.01,-1,-1,-0.01,-1,-1,-0.01,-1,-1,-0.01,-1,-1,-0.01,-1,-1,-0.01,-1,-1,-0.01,-1,-1,-0.01,-1,-1,-0.01,-1,-1,-0.01,-1,-1
99926009,2026-05-18 14:05:14+05:30,53587.85,0,0.0,0,0.0,0.0,53282.15,53619.2,52783.45,53710.35,0,0.0,0.0,0.0,0.0,-0.01,-1,-1,-0.01,-1,-1,-0.01,-1,-1,-0.01,-1,-1,-0.01,-1,-1,-0.01,-1,-1,-0.01,-1,-1,-0.01,-1,-1,-0.01,-1,-1,-0.01,-1,-1
99926009,2026-05-18 14:05:15+05:30,53588.45,0,0.0,0,0.0,0.0,53282.15,53619.2,52783.45,53710.35,0,0.0,0.0,0.0,0.0,-0.01,-1,-1,-0.01,-1,-1,-0.01,-1,-1,-0.01,-1,-1,-0.01,-1,-1,-0.01,-1,-1,-0.01,-1,-1,-0.01,-1,-1,-0.01,-1,-1,-0.01,-1,-1
99926009,2026-05-18 14:05:15+05:30,53590.05,0,0.0,0,0.0,0.0,53282.15,53619.2,52783.45,53710.35,0,0.0,0.0,0.0,0.0,-0.01,-1,-1,-0.01,-1,-1,-0.01,-1,-1,-0.01,-1,-1,-0.01,-1,-1,-0.01,-1,-1,-0.01,-1,-1,-0.01,-1,-1,-0.01,-1,-1,-0.01,-1,-1
99926009,2026-05-18 14:05:16+05:30,53590.7,0,0.0,0,0.0,0.0,53282.15,53619.2,52783.45,53710.35,0,0.0,0.0,0.0,0.0,-0.01,-1,-1,-0.01,-1,-1,-0.01,-1,-1,-0.01,-1,-1,-0.01,-1,-1,-0.01,-1,-1,-0.01,-1,-1,-0.01,-1,-1,-0.01,-1,-1,-0.01,-1,-1
99926009,2026-05-18 14:05:16+05:30,53589.05,0,0.0,0,0.0,0.0,53282.15,53619.2,52783.45,53710.35,0,0.0,0.0,0.0,0.0,-0.01,-1,-1,-0.01,-1,-1,-0.01,-1,-1,-0.01,-1,-1,-0.01,-1,-1,-0.01,-1,-1,-0.01,-1,-1,-0.01,-1,-1,-0.01,-1,-1,-0.01,-1,-1
99926009,2026-05-18 14:05:17+05:30,53590.45,0,0.0,0,0.0,0.0,53282.15,53619.2,52783.45,53710.35,0,0.0,0.0,0.0,0.0,-0.01,-1,-1,-0.01,-1,-1,-0.01,-1,-1,-0.01,-1,-1,-0.01,-1,-1,-0.01,-1,-1,-0.01,-1,-1,-0.01,-1,-1,-0.01,-1,-1,-0.01,-1,-1
99926009,2026-05-18 14:05:17+05:30,53587.25,0,0.0,0,0.0,0.0,53282.15,53619.2,52783.45,53710.35,0,0.0,0.0,0.0,0.0,-0.01,-1,-1,-0.01,-1,-1,-0.01,-1,-1,-0.01,-1,-1,-0.01,-1,-1,-0.01,-1,-1,-0.01,-1,-1,-0.01,-1,-1,-0.01,-1,-1,-0.01,-1,-1
99926009,2026-05-18 14:05:18+05:30,53589.75,0,0.0,0,0.0,0.0,53282.15,53619.2,52783.45,53710.35,0,0.0,0.0,0.0,0.0,-0.01,-1,-1,-0.01,-1,-1,-0.01,-1,-1,-0.01,-1,-1,-0.01,-1,-1,-0.01,-1,-1,-0.01,-1,-1,-0.01,-1,-1,-0.01,-1,-1,-0.01,-1,-1
99926009,2026-05-18 14:05:18+05:30,53592.1,0,0.0,0,0.0,0.0,53282.15,53619.2,52783.45,53710.35,0,0.0,0.0,0.0,0.0,-0.01,-1,-1,-0.01,-1,-1,-0.01,-1,-1,-0.01,-1,-1,-0.01,-1,-1,-0.01,-1,-1,-0.01,-1,-1,-0.01,-1,-1,-0.01,-1,-1,-0.01,-1,-1
99926009,2026-05-18 14:05:19+05:30,53591.95,0,0.0,0,0.0,0.0,53282.15,53619.2,52783.45,53710.35,0,0.0,0.0,0.0,0.0,-0.01,-1,-1,-0.01,-1,-1,-0.01,-1,-1,-0.01,-1,-1,-0.01,-1,-1,-0.01,-1,-1,-0.01,-1,-1,-0.01,-1,-1,-0.01,-1,-1,-0.01,-1,-1
99926009,2026-05-18 14:05:19+05:30,53589.3,0,0.0,0,0.0,0.0,53282.15,53619.2,52783.45,53710.35,0,0.0,0.0,0.0,0.0,-0.01,-1,-1,-0.01,-1,-1,-0.01,-1,-1,-0.01,-1,-1,-0.01,-1,-1,-0.01,-1,-1,-0.01,-1,-1,-0.01,-1,-1,-0.01,-1,-1,-0.01,-1,-1
99926009,2026-05-18 14:05:20+05:30,53593.8,0,0.0,0,0.0,0.0,53282.15,53619.2,52783.45,53710.35,0,0.0,0.0,0.0,0.0,-0.01,-1,-1,-0.01,-1,-1,-0.01,-1,-1,-0.01,-1,-1,-0.01,-1,-1,-0.01,-1,-1,-0.01,-1,-1,-0.01,-1,-1,-0.01,-1,-1,-0.01,-1,-1
99926009,2026-05-18 14:05:20+05:30,53591.95,0,0.0,0,0.0,0.0,53282.15,53619.2,52783.45,53710.35,0,0.0,0.0,0.0,0.0,-0.01,-1,-1,-0.01,-1,-1,-0.01,-1,-1,-0.01,-1,-1,-0.01,-1,-1,-0.01,-1,-1,-0.01,-1,-1,-0.01,-1,-1,-0.01,-1,-1,-0.01,-1,-1
99926009,2026-05-18 14:05:21+05:30,53594.35,0,0.0,0,0.0,0.0,53282.15,53619.2,52783.45,53710.35,0,0.0,0.0,0.0,0.0,-0.01,-1,-1,-0.01,-1,-1,-0.01,-1,-1,-0.01,-1,-1,-0.01,-1,-1,-0.01,-1,-1,-0.01,-1,-1,-0.01,-1,-1,-0.01,-1,-1,-0.01,-1,-1
99926009,2026-05-18 14:05:21+05:30,53594.1,0,0.0,0,0.0,0.0,53282.15,53619.2,52783.45,53710.35,0,0.0,0.0,0.0,0.0,-0.01,-1,-1,-0.01,-1,-1,-0.01,-1,-1,-0.01,-1,-1,-0.01,-1,-1,-0.01,-1,-1,-0.01,-1,-1,-0.01,-1,-1,-0.01,-1,-1,-0.01,-1,-1
99926009,2026-05-18 14:05:22+05:30,53594.1,0,0.0,0,0.0,0.0,53282.15,53619.2,52783.45,53710.35,0,0.0,0.0,0.0,0.0,-0.01,-1,-1,-0.01,-1,-1,-0.01,-1,-1,-0.01,-1,-1,-0.01,-1,-1,-0.01,-1,-1,-0.01,-1,-1,-0.01,-1,-1,-0.01,-1,-1,-0.01,-1,-1
99926009,2026-05-18 14:05:22+05:30,53593.7,0,0.0,0,0.0,0.0,53282.15,53619.2,52783.45,53710.35,0,0.0,0.0,0.0,0.0,-0.01,-1,-1,-0.01,-1,-1,-0.01,-1,-1,-0.01,-1,-1,-0.01,-1,-1,-0.01,-1,-1,-0.01,-1,-1,-0.01,-1,-1,-0.01,-1,-1,-0.01,-1,-1
99926009,2026-05-18 14:05:23+05:30,53594.7,0,0.0,0,0.0,0.0,53282.15,53619.2,52783.45,53710.35,0,0.0,0.0,0.0,0.0,-0.01,-1,-1,-0.01,-1,-1,-0.01,-1,-1,-0.01,-1,-1,-0.01,-1,-1,-0.01,-1,-1,-0.01,-1,-1,-0.01,-1,-1,-0.01,-1,-1,-0.01,-1,-1
99926009,2026-05-18 14:05:23+05:30,53592.15,0,0.0,0,0.0,0.0,53282.15,53619.2,52783.45,53710.35,0,0.0,0.0,0.0,0.0,-0.01,-1,-1,-0.01,-1,-1,-0.01,-1,-1,-0.01,-1,-1,-0.01,-1,-1,-0.01,-1,-1,-0.01,-1,-1,-0.01,-1,-1,-0.01,-1,-1,-0.01,-1,-1
99926009,2026-05-18 14:05:24+05:30,53591.95,0,0.0,0,0.0,0.0,53282.15,53619.2,52783.45,53710.35,0,0.0,0.0,0.0,0.0,-0.01,-1,-1,-0.01,-1,-1,-0.01,-1,-1,-0.01,-1,-1,-0.01,-1,-1,-0.01,-1,-1,-0.01,-1,-1,-0.01,-1,-1,-0.01,-1,-1,-0.01,-1,-1
99926009,2026-05-18 14:05:24+05:30,53594.55,0,0.0,0,0.0,0.0,53282.15,53619.2,52783.45,53710.35,0,0.0,0.0,0.0,0.0,-0.01,-1,-1,-0.01,-1,-1,-0.01,-1,-1,-0.01,-1,-1,-0.01,-1,-1,-0.01,-1,-1,-0.01,-1,-1,-0.01,-1,-1,-0.01,-1,-1,-0.01,-1,-1
99926009,2026-05-18 14:05:25+05:30,53591.25,0,0.0,0,0.0,0.0,53282.15,53619.2,52783.45,53710.35,0,0.0,0.0,0.0,0.0,-0.01,-1,-1,-0.01,-1,-1,-0.01,-1,-1,-0.01,-1,-1,-0.01,-1,-1,-0.01,-1,-1,-0.01,-1,-1,-0.01,-1,-1,-0.01,-1,-1,-0.01,-1,-1
99926009,2026-05-18 14:05:25+05:30,53592.45,0,0.0,0,0.0,0.0,53282.15,53619.2,52783.45,53710.35,0,0.0,0.0,0.0,0.0,-0.01,-1,-1,-0.01,-1,-1,-0.01,-1,-1,-0.01,-1,-1,-0.01,-1,-1,-0.01,-1,-1,-0.01,-1,-1,-0.01,-1,-1,-0.01,-1,-1,-0.01,-1,-1
99926009,2026-05-18 14:05:26+05:30,53594.6,0,0.0,0,0.0,0.0,53282.15,53619.2,52783.45,53710.35,0,0.0,0.0,0.0,0.0,-0.01,-1,-1,-0.01,-1,-1,-0.01,-1,-1,-0.01,-1,-1,-0.01,-1,-1,-0.01,-1,-1,-0.01,-1,-1,-0.01,-1,-1,-0.01,-1,-1,-0.01,-1,-1
99926009,2026-05-18 14:05:26+05:30,53591.35,0,0.0,0,0.0,0.0,53282.15,53619.2,52783.45,53710.35,0,0.0,0.0,0.0,0.0,-0.01,-1,-1,-0.01,-1,-1,-0.01,-1,-1,-0.01,-1,-1,-0.01,-1,-1,-0.01,-1,-1,-0.01,-1,-1,-0.01,-1,-1,-0.01,-1,-1,-0.01,-1,-1
99926009,2026-05-18 14:05:27+05:30,53591.9,0,0.0,0,0.0,0.0,53282.15,53619.2,52783.45,53710.35,0,0.0,0.0,0.0,0.0,-0.01,-1,-1,-0.01,-1,-1,-0.01,-1,-1,-0.01,-1,-1,-0.01,-1,-1,-0.01,-1,-1,-0.01,-1,-1,-0.01,-1,-1,-0.01,-1,-1,-0.01,-1,-1
99926009,2026-05-18 14:05:27+05:30,53590.9,0,0.0,0,0.0,0.0,53282.15,53619.2,52783.45,53710.35,0,0.0,0.0,0.0,0.0,-0.01,-1,-1,-0.01,-1,-1,-0.01,-1,-1,-0.01,-1,-1,-0.01,-1,-1,-0.01,-1,-1,-0.01,-1,-1,-0.01,-1,-1,-0.01,-1,-1,-0.01,-1,-1
99926009,2026-05-18 14:05:28+05:30,53594.9,0,0.0,0,0.0,0.0,53282.15,53619.2,52783.45,53710.35,0,0.0,0.0,0.0,0.0,-0.01,-1,-1,-0.01,-1,-1,-0.01,-1,-1,-0.01,-1,-1,-0.01,-1,-1,-0.01,-1,-1,-0.01,-1,-1,-0.01,-1,-1,-0.01,-1,-1,-0.01,-1,-1
99926009,2026-05-18 14:05:28+05:30,53594.75,0,0.0,0,0.0,0.0,53282.15,53619.2,52783.45,53710.35,0,0.0,0.0,0.0,0.0,-0.01,-1,-1,-0.01,-1,-1,-0.01,-1,-1,-0.01,-1,-1,-0.01,-1,-1,-0.01,-1,-1,-0.01,-1,-1,-0.01,-1,-1,-0.01,-1,-1,-0.01,-1,-1
99926009,2026-05-18 14:05:29+05:30,53590.6,0,0.0,0,0.0,0.0,53282.15,53619.2,52783.45,53710.35,0,0.0,0.0,0.0,0.0,-0.01,-1,-1,-0.01,-1,-1,-0.01,-1,-1,-0.01,-1,-1,-0.01,-1,-1,-0.01,-1,-1,-0.01,-1,-1,-0.01,-1,-1,-0.01,-1,-1,-0.01,-1,-1
99926009,2026-05-18 14:05:29+05:30,53595.1,0,0.0,0,0.0,0.0,53282.15,53619.2,52783.45,53710.35,0,0.0,0.0,0.0,0.0,-0.01,-1,-1,-0.01,-1,-1,-0.01,-1,-1,-0.01,-1,-1,-0.01,-1,-1,-0.01,-1,-1,-0.01,-1,-1,-0.01,-1,-1,-0.01,-1,-1,-0.01,-1,-1
99926009,2026-05-18 14:05:30+05:30,53593.35,0,0.0,0,0.0,0.0,53282.15,53619.2,52783.45,53710.35,0,0.0,0.0,0.0,0.0,-0.01,-1,-1,-0.01,-1,-1,-0.01,-1,-1,-0.01,-1,-1,-0.01,-1,-1,-0.01,-1,-1,-0.01,-1,-1,-0.01,-1,-1,-0.01,-1,-1,-0.01,-1,-1
99926009,2026-05-18 14:05:30+05:30,53595.25,0,0.0,0,0.0,0.0,53282.15,53619.2,52783.45,53710.35,0,0.0,0.0,0.0,0.0,-0.01,-1,-1,-0.01,-1,-1,-0.01,-1,-1,-0.01,-1,-1,-0.01,-1,-1,-0.01,-1,-1,-0.01,-1,-1,-0.01,-1,-1,-0.01,-1,-1,-0.01,-1,-1
99926009,2026-05-18 14:05:31+05:30,53594.8,0,0.0,0,0.0,0.0,53282.15,53619.2,52783.45,53710.35,0,0.0,0.0,0.0,0.0,-0.01,-1,-1,-0.01,-1,-1,-0.01,-1,-1,-0.01,-1,-1,-0.01,-1,-1,-0.01,-1,-1,-0.01,-1,-1,-0.01,-1,-1,-0.01,-1,-1,-0.01,-1,-1
99926009,2026-05-18 14:05:31+05:30,53591.55,0,0.0,0,0.0,0.0,53282.15,53619.2,52783.45,53710.35,0,0.0,0.0,0.0,0.0,-0.01,-1,-1,-0.01,-1,-1,-0.01,-1,-1,-0.01,-1,-1,-0.01,-1,-1,-0.01,-1,-1,-0.01,-1,-1,-0.01,-1,-1,-0.01,-1,-1,-0.01,-1,-1
99926009,2026-05-18 14:05:32+05:30,53590.55,0,0.0,0,0.0,0.0,53282.15,53619.2,52783.45,53710.35,0,0.0,0.0,0.0,0.0,-0.01,-1,-1,-0.01,-1,-1,-0.01,-1,-1,-0.01,-1,-1,-0.01,-1,-1,-0.01,-1,-1,-0.01,-1,-1,-0.01,-1,-1,-0.01,-1,-1,-0.01,-1,-1
99926009,2026-05-18 14:05:32+05:30,53590.45,0,0.0,0,0.0,0.0,53282.15,53619.2,52783.45,53710.35,0,0.0,0.0,0.0,0.0,-0.01,-1,-1,-0.01,-1,-1,-0.01,-1,-1,-0.01,-1,-1,-0.01,-1,-1,-0.01,-1,-1,-0.01,-1,-1,-0.01,-1,-1,-0.01,-1,-1,-0.01,-1,-1
99926009,2026-05-18 14:05:33+05:30,53591.7,0,0.0,0,0.0,0.0,53282.15,53619.2,52783.45,53710.35,0,0.0,0.0,0.0,0.0,-0.01,-1,-1,-0.01,-1,-1,-0.01,-1,-1,-0.01,-1,-1,-0.01,-1,-1,-0.01,-1,-1,-0.01,-1,-1,-0.01,-1,-1,-0.01,-1,-1,-0.01,-1,-1
99926009,2026-05-18 14:05:33+05:30,53589.85,0,0.0,0,0.0,0.0,53282.15,53619.2,52783.45,53710.35,0,0.0,0.0,0.0,0.0,-0.01,-1,-1,-0.01,-1,-1,-0.01,-1,-1,-0.01,-1,-1,-0.01,-1,-1,-0.01,-1,-1,-0.01,-1,-1,-0.01,-1,-1,-0.01,-1,-1,-0.01,-1,-1
99926009,2026-05-18 14:05:34+05:30,53592.5,0,0.0,0,0.0,0.0,53282.15,53619.2,52783.45,53710.35,0,0.0,0.0,0.0,0.0,-0.01,-1,-1,-0.01,-1,-1,-0.01,-1,-1,-0.01,-1,-1,-0.01,-1,-1,-0.01,-1,-1,-0.01,-1,-1,-0.01,-1,-1,-0.01,-1,-1,-0.01,-1,-1
99926009,2026-05-18 14:05:34+05:30,53590.8,0,0.0,0,0.0,0.0,53282.15,53619.2,52783.45,53710.35,0,0.0,0.0,0.0,0.0,-0.01,-1,-1,-0.01,-1,-1,-0.01,-1,-1,-0.01,-1,-1,-0.01,-1,-1,-0.01,-1,-1,-0.01,-1,-1,-0.01,-1,-1,-0.01,-1,-1,-0.01,-1,-1
99926009,2026-05-18 14:05:35+05:30,53591.1,0,0.0,0,0.0,0.0,53282.15,53619.2,52783.45,53710.35,0,0.0,0.0,0.0,0.0,-0.01,-1,-1,-0.01,-1,-1,-0.01,-1,-1,-0.01,-1,-1,-0.01,-1,-1,-0.01,-1,-1,-0.01,-1,-1,-0.01,-1,-1,-0.01,-1,-1,-0.01,-1,-1
99926009,2026-05-18 14:05:35+05:30,53589.15,0,0.0,0,0.0,0.0,53282.15,53619.2,52783.45,53710.35,0,0.0,0.0,0.0,0.0,-0.01,-1,-1,-0.01,-1,-1,-0.01,-1,-1,-0.01,-1,-1,-0.01,-1,-1,-0.01,-1,-1,-0.01,-1,-1,-0.01,-1,-1,-0.01,-1,-1,-0.01,-1,-1
99926009,2026-05-18 14:05:36+05:30,53592.75,0,0.0,0,0.0,0.0,53282.15,53619.2,52783.45,53710.35,0,0.0,0.0,0.0,0.0,-0.01,-1,-1,-0.01,-1,-1,-0.01,-1,-1,-0.01,-1,-1,-0.01,-1,-1,-0.01,-1,-1,-0.01,-1,-1,-0.01,-1,-1,-0.01,-1,-1,-0.01,-1,-1
99926009,2026-05-18 14:05:36+05:30,53593.7,0,0.0,0,0.0,0.0,53282.15,53619.2,52783.45,53710.35,0,0.0,0.0,0.0,0.0,-0.01,-1,-1,-0.01,-1,-1,-0.01,-1,-1,-0.01,-1,-1,-0.01,-1,-1,-0.01,-1,-1,-0.01,-1,-1,-0.01,-1,-1,-0.01,-1,-1,-0.01,-1,-1
99926009,2026-05-18 14:05:37+05:30,53595.55,0,0.0,0,0.0,0.0,53282.15,53619.2,52783.45,53710.35,0,0.0,0.0,0.0,0.0,-0.01,-1,-1,-0.01,-1,-1,-0.01,-1,-1,-0.01,-1,-1,-0.01,-1,-1,-0.01,-1,-1,-0.01,-1,-1,-0.01,-1,-1,-0.01,-1,-1,-0.01,-1,-1
99926009,2026-05-18 14:05:37+05:30,53594.55,0,0.0,0,0.0,0.0,53282.15,53619.2,52783.45,53710.35,0,0.0,0.0,0.0,0.0,-0.01,-1,-1,-0.01,-1,-1,-0.01,-1,-1,-0.01,-1,-1,-0.01,-1,-1,-0.01,-1,-1,-0.01,-1,-1,-0.01,-1,-1,-0.01,-1,-1,-0.01,-1,-1
99926009,2026-05-18 14:05:38+05:30,53593.5,0,0.0,0,0.0,0.0,53282.15,53619.2,52783.45,53710.35,0,0.0,0.0,0.0,0.0,-0.01,-1,-1,-0.01,-1,-1,-0.01,-1,-1,-0.01,-1,-1,-0.01,-1,-1,-0.01,-1,-1,-0.01,-1,-1,-0.01,-1,-1,-0.01,-1,-1,-0.01,-1,-1
99926009,2026-05-18 14:05:38+05:30,53593.55,0,0.0,0,0.0,0.0,53282.15,53619.2,52783.45,53710.35,0,0.0,0.0,0.0,0.0,-0.01,-1,-1,-0.01,-1,-1,-0.01,-1,-1,-0.01,-1,-1,-0.01,-1,-1,-0.01,-1,-1,-0.01,-1,-1,-0.01,-1,-1,-0.01,-1,-1,-0.01,-1,-1
99926009,2026-05-18 14:05:39+05:30,53594.65,0,0.0,0,0.0,0.0,53282.15,53619.2,52783.45,53710.35,0,0.0,0.0,0.0,0.0,-0.01,-1,-1,-0.01,-1,-1,-0.01,-1,-1,-0.01,-1,-1,-0.01,-1,-1,-0.01,-1,-1,-0.01,-1,-1,-0.01,-1,-1,-0.01,-1,-1,-0.01,-1,-1
99926009,2026-05-18 14:05:39+05:30,53595.3,0,0.0,0,0.0,0.0,53282.15,53619.2,52783.45,53710.35,0,0.0,0.0,0.0,0.0,-0.01,-1,-1,-0.01,-1,-1,-0.01,-1,-1,-0.01,-1,-1,-0.01,-1,-1,-0.01,-1,-1,-0.01,-1,-1,-0.01,-1,-1,-0.01,-1,-1,-0.01,-1,-1
99926009,2026-05-18 14:05:40+05:30,53593.4,0,0.0,0,0.0,0.0,53282.15,53619.2,52783.45,53710.35,0,0.0,0.0,0.0,0.0,-0.01,-1,-1,-0.01,-1,-1,-0.01,-1,-1,-0.01,-1,-1,-0.01,-1,-1,-0.01,-1,-1,-0.01,-1,-1,-0.01,-1,-1,-0.01,-1,-1,-0.01,-1,-1
99926009,2026-05-18 14:05:40+05:30,53594.1,0,0.0,0,0.0,0.0,53282.15,53619.2,52783.45,53710.35,0,0.0,0.0,0.0,0.0,-0.01,-1,-1,-0.01,-1,-1,-0.01,-1,-1,-0.01,-1,-1,-0.01,-1,-1,-0.01,-1,-1,-0.01,-1,-1,-0.01,-1,-1,-0.01,-1,-1,-0.01,-1,-1
99926009,2026-05-18 14:05:41+05:30,53594.7,0,0.0,0,0.0,0.0,53282.15,53619.2,52783.45,53710.35,0,0.0,0.0,0.0,0.0,-0.01,-1,-1,-0.01,-1,-1,-0.01,-1,-1,-0.01,-1,-1,-0.01,-1,-1,-0.01,-1,-1,-0.01,-1,-1,-0.01,-1,-1,-0.01,-1,-1,-0.01,-1,-1
99926009,2026-05-18 14:05:41+05:30,53593.9,0,0.0,0,0.0,0.0,53282.15,53619.2,52783.45,53710.35,0,0.0,0.0,0.0,0.0,-0.01,-1,-1,-0.01,-1,-1,-0.01,-1,-1,-0.01,-1,-1,-0.01,-1,-1,-0.01,-1,-1,-0.01,-1,-1,-0.01,-1,-1,-0.01,-1,-1,-0.01,-1,-1
99926009,2026-05-18 14:05:42+05:30,53594.0,0,0.0,0,0.0,0.0,53282.15,53619.2,52783.45,53710.35,0,0.0,0.0,0.0,0.0,-0.01,-1,-1,-0.01,-1,-1,-0.01,-1,-1,-0.01,-1,-1,-0.01,-1,-1,-0.01,-1,-1,-0.01,-1,-1,-0.01,-1,-1,-0.01,-1,-1,-0.01,-1,-1
99926009,2026-05-18 14:05:42+05:30,53591.75,0,0.0,0,0.0,0.0,53282.15,53619.2,52783.45,53710.35,0,0.0,0.0,0.0,0.0,-0.01,-1,-1,-0.01,-1,-1,-0.01,-1,-1,-0.01,-1,-1,-0.01,-1,-1,-0.01,-1,-1,-0.01,-1,-1,-0.01,-1,-1,-0.01,-1,-1,-0.01,-1,-1
99926009,2026-05-18 14:05:43+05:30,53593.45,0,0.0,0,0.0,0.0,53282.15,53619.2,52783.45,53710.35,0,0.0,0.0,0.0,0.0,-0.01,-1,-1,-0.01,-1,-1,-0.01,-1,-1,-0.01,-1,-1,-0.01,-1,-1,-0.01,-1,-1,-0.01,-1,-1,-0.01,-1,-1,-0.01,-1,-1,-0.01,-1,-1
99926009,2026-05-18 14:05:43+05:30,53593.8,0,0.0,0,0.0,0.0,53282.15,53619.2,52783.45,53710.35,0,0.0,0.0,0.0,0.0,-0.01,-1,-1,-0.01,-1,-1,-0.01,-1,-1,-0.01,-1,-1,-0.01,-1,-1,-0.01,-1,-1,-0.01,-1,-1,-0.01,-1,-1,-0.01,-1,-1,-0.01,-1,-1
99926009,2026-05-18 14:05:44+05:30,53592.9,0,0.0,0,0.0,0.0,53282.15,53619.2,52783.45,53710.35,0,0.0,0.0,0.0,0.0,-0.01,-1,-1,-0.01,-1,-1,-0.01,-1,-1,-0.01,-1,-1,-0.01,-1,-1,-0.01,-1,-1,-0.01,-1,-1,-0.01,-1,-1,-0.01,-1,-1,-0.01,-1,-1
99926009,2026-05-18 14:05:44+05:30,53591.95,0,0.0,0,0.0,0.0,53282.15,53619.2,52783.45,53710.35,0,0.0,0.0,0.0,0.0,-0.01,-1,-1,-0.01,-1,-1,-0.01,-1,-1,-0.01,-1,-1,-0.01,-1,-1,-0.01,-1,-1,-0.01,-1,-1,-0.01,-1,-1,-0.01,-1,-1,-0.01,-1,-1
99926009,2026-05-18 14:05:45+05:30,53587.65,0,0.0,0,0.0,0.0,53282.15,53619.2,52783.45,53710.35,0,0.0,0.0,0.0,0.0,-0.01,-1,-1,-0.01,-1,-1,-0.01,-1,-1,-0.01,-1,-1,-0.01,-1,-1,-0.01,-1,-1,-0.01,-1,-1,-0.01,-1,-1,-0.01,-1,-1,-0.01,-1,-1
99926009,2026-05-18 14:05:45+05:30,53588.0,0,0.0,0,0.0,0.0,53282.15,53619.2,52783.45,53710.35,0,0.0,0.0,0.0,0.0,-0.01,-1,-1,-0.01,-1,-1,-0.01,-1,-1,-0.01,-1,-1,-0.01,-1,-1,-0.01,-1,-1,-0.01,-1,-1,-0.01,-1,-1,-0.01,-1,-1,-0.01,-1,-1
99926009,2026-05-18 14:05:46+05:30,53585.45,0,0.0,0,0.0,0.0,53282.15,53619.2,52783.45,53710.35,0,0.0,0.0,0.0,0.0,-0.01,-1,-1,-0.01,-1,-1,-0.01,-1,-1,-0.01,-1,-1,-0.01,-1,-1,-0.01,-1,-1,-0.01,-1,-1,-0.01,-1,-1,-0.01,-1,-1,-0.01,-1,-1
99926009,2026-05-18 14:05:46+05:30,53586.3,0,0.0,0,0.0,0.0,53282.15,53619.2,52783.45,53710.35,0,0.0,0.0,0.0,0.0,-0.01,-1,-1,-0.01,-1,-1,-0.01,-1,-1,-0.01,-1,-1,-0.01,-1,-1,-0.01,-1,-1,-0.01,-1,-1,-0.01,-1,-1,-0.01,-1,-1,-0.01,-1,-1
99926009,2026-05-18 14:05:47+05:30,53584.9,0,0.0,0,0.0,0.0,53282.15,53619.2,52783.45,53710.35,0,0.0,0.0,0.0,0.0,-0.01,-1,-1,-0.01,-1,-1,-0.01,-1,-1,-0.01,-1,-1,-0.01,-1,-1,-0.01,-1,-1,-0.01,-1,-1,-0.01,-1,-1,-0.01,-1,-1,-0.01,-1,-1
99926009,2026-05-18 14:05:47+05:30,53590.4,0,0.0,0,0.0,0.0,53282.15,53619.2,52783.45,53710.35,0,0.0,0.0,0.0,0.0,-0.01,-1,-1,-0.01,-1,-1,-0.01,-1,-1,-0.01,-1,-1,-0.01,-1,-1,-0.01,-1,-1,-0.01,-1,-1,-0.01,-1,-1,-0.01,-1,-1,-0.01,-1,-1
99926009,2026-05-18 14:05:48+05:30,53588.45,0,0.0,0,0.0,0.0,53282.15,53619.2,52783.45,53710.35,0,0.0,0.0,0.0,0.0,-0.01,-1,-1,-0.01,-1,-1,-0.01,-1,-1,-0.01,-1,-1,-0.01,-1,-1,-0.01,-1,-1,-0.01,-1,-1,-0.01,-1,-1,-0.01,-1,-1,-0.01,-1,-1
99926009,2026-05-18 14:05:48+05:30,53591.1,0,0.0,0,0.0,0.0,53282.15,53619.2,52783.45,53710.35,0,0.0,0.0,0.0,0.0,-0.01,-1,-1,-0.01,-1,-1,-0.01,-1,-1,-0.01,-1,-1,-0.01,-1,-1,-0.01,-1,-1,-0.01,-1,-1,-0.01,-1,-1,-0.01,-1,-1,-0.01,-1,-1
99926009,2026-05-18 14:05:49+05:30,53589.9,0,0.0,0,0.0,0.0,53282.15,53619.2,52783.45,53710.35,0,0.0,0.0,0.0,0.0,-0.01,-1,-1,-0.01,-1,-1,-0.01,-1,-1,-0.01,-1,-1,-0.01,-1,-1,-0.01,-1,-1,-0.01,-1,-1,-0.01,-1,-1,-0.01,-1,-1,-0.01,-1,-1
99926009,2026-05-18 14:05:49+05:30,53589.25,0,0.0,0,0.0,0.0,53282.15,53619.2,52783.45,53710.35,0,0.0,0.0,0.0,0.0,-0.01,-1,-1,-0.01,-1,-1,-0.01,-1,-1,-0.01,-1,-1,-0.01,-1,-1,-0.01,-1,-1,-0.01,-1,-1,-0.01,-1,-1,-0.01,-1,-1,-0.01,-1,-1
99926009,2026-05-18 14:05:50+05:30,53589.95,0,0.0,0,0.0,0.0,53282.15,53619.2,52783.45,53710.35,0,0.0,0.0,0.0,0.0,-0.01,-1,-1,-0.01,-1,-1,-0.01,-1,-1,-0.01,-1,-1,-0.01,-1,-1,-0.01,-1,-1,-0.01,-1,-1,-0.01,-1,-1,-0.01,-1,-1,-0.01,-1,-1
99926009,2026-05-18 14:05:50+05:30,53590.35,0,0.0,0,0.0,0.0,53282.15,53619.2,52783.45,53710.35,0,0.0,0.0,0.0,0.0,-0.01,-1,-1,-0.01,-1,-1,-0.01,-1,-1,-0.01,-1,-1,-0.01,-1,-1,-0.01,-1,-1,-0.01,-1,-1,-0.01,-1,-1,-0.01,-1,-1,-0.01,-1,-1
99926009,2026-05-18 14:05:51+05:30,53589.45,0,0.0,0,0.0,0.0,53282.15,53619.2,52783.45,53710.35,0,0.0,0.0,0.0,0.0,-0.01,-1,-1,-0.01,-1,-1,-0.01,-1,-1,-0.01,-1,-1,-0.01,-1,-1,-0.01,-1,-1,-0.01,-1,-1,-0.01,-1,-1,-0.01,-1,-1,-0.01,-1,-1
99926009,2026-05-18 14:05:51+05:30,53590.85,0,0.0,0,0.0,0.0,53282.15,53619.2,52783.45,53710.35,0,0.0,0.0,0.0,0.0,-0.01,-1,-1,-0.01,-1,-1,-0.01,-1,-1,-0.01,-1,-1,-0.01,-1,-1,-0.01,-1,-1,-0.01,-1,-1,-0.01,-1,-1,-0.01,-1,-1,-0.01,-1,-1
99926009,2026-05-18 14:05:52+05:30,53588.45,0,0.0,0,0.0,0.0,53282.15,53619.2,52783.45,53710.35,0,0.0,0.0,0.0,0.0,-0.01,-1,-1,-0.01,-1,-1,-0.01,-1,-1,-0.01,-1,-1,-0.01,-1,-1,-0.01,-1,-1,-0.01,-1,-1,-0.01,-1,-1,-0.01,-1,-1,-0.01,-1,-1
99926009,2026-05-18 14:05:52+05:30,53590.6,0,0.0,0,0.0,0.0,53282.15,53619.2,52783.45,53710.35,0,0.0,0.0,0.0,0.0,-0.01,-1,-1,-0.01,-1,-1,-0.01,-1,-1,-0.01,-1,-1,-0.01,-1,-1,-0.01,-1,-1,-0.01,-1,-1,-0.01,-1,-1,-0.01,-1,-1,-0.01,-1,-1
99926009,2026-05-18 14:05:53+05:30,53589.95,0,0.0,0,0.0,0.0,53282.15,53619.2,52783.45,53710.35,0,0.0,0.0,0.0,0.0,-0.01,-1,-1,-0.01,-1,-1,-0.01,-1,-1,-0.01,-1,-1,-0.01,-1,-1,-0.01,-1,-1,-0.01,-1,-1,-0.01,-1,-1,-0.01,-1,-1,-0.01,-1,-1
99926009,2026-05-18 14:05:53+05:30,53591.05,0,0.0,0,0.0,0.0,53282.15,53619.2,52783.45,53710.35,0,0.0,0.0,0.0,0.0,-0.01,-1,-1,-0.01,-1,-1,-0.01,-1,-1,-0.01,-1,-1,-0.01,-1,-1,-0.01,-1,-1,-0.01,-1,-1,-0.01,-1,-1,-0.01,-1,-1,-0.01,-1,-1
99926009,2026-05-18 14:05:54+05:30,53591.55,0,0.0,0,0.0,0.0,53282.15,53619.2,52783.45,53710.35,0,0.0,0.0,0.0,0.0,-0.01,-1,-1,-0.01,-1,-1,-0.01,-1,-1,-0.01,-1,-1,-0.01,-1,-1,-0.01,-1,-1,-0.01,-1,-1,-0.01,-1,-1,-0.01,-1,-1,-0.01,-1,-1
99926009,2026-05-18 14:05:54+05:30,53590.3,0,0.0,0,0.0,0.0,53282.15,53619.2,52783.45,53710.35,0,0.0,0.0,0.0,0.0,-0.01,-1,-1,-0.01,-1,-1,-0.01,-1,-1,-0.01,-1,-1,-0.01,-1,-1,-0.01,-1,-1,-0.01,-1,-1,-0.01,-1,-1,-0.01,-1,-1,-0.01,-1,-1
99926009,2026-05-18 14:05:55+05:30,53589.65,0,0.0,0,0.0,0.0,53282.15,53619.2,52783.45,53710.35,0,0.0,0.0,0.0,0.0,-0.01,-1,-1,-0.01,-1,-1,-0.01,-1,-1,-0.01,-1,-1,-0.01,-1,-1,-0.01,-1,-1,-0.01,-1,-1,-0.01,-1,-1,-0.01,-1,-1,-0.01,-1,-1
99926009,2026-05-18 14:05:55+05:30,53588.25,0,0.0,0,0.0,0.0,53282.15,53619.2,52783.45,53710.35,0,0.0,0.0,0.0,0.0,-0.01,-1,-1,-0.01,-1,-1,-0.01,-1,-1,-0.01,-1,-1,-0.01,-1,-1,-0.01,-1,-1,-0.01,-1,-1,-0.01,-1,-1,-0.01,-1,-1,-0.01,-1,-1
99926009,2026-05-18 14:05:56+05:30,53591.25,0,0.0,0,0.0,0.0,53282.15,53619.2,52783.45,53710.35,0,0.0,0.0,0.0,0.0,-0.01,-1,-1,-0.01,-1,-1,-0.01,-1,-1,-0.01,-1,-1,-0.01,-1,-1,-0.01,-1,-1,-0.01,-1,-1,-0.01,-1,-1,-0.01,-1,-1,-0.01,-1,-1
99926009,2026-05-18 14:05:56+05:30,53589.9,0,0.0,0,0.0,0.0,53282.15,53619.2,52783.45,53710.35,0,0.0,0.0,0.0,0.0,-0.01,-1,-1,-0.01,-1,-1,-0.01,-1,-1,-0.01,-1,-1,-0.01,-1,-1,-0.01,-1,-1,-0.01,-1,-1,-0.01,-1,-1,-0.01,-1,-1,-0.01,-1,-1
99926009,2026-05-18 14:05:57+05:30,53587.15,0,0.0,0,0.0,0.0,53282.15,53619.2,52783.45,53710.35,0,0.0,0.0,0.0,0.0,-0.01,-1,-1,-0.01,-1,-1,-0.01,-1,-1,-0.01,-1,-1,-0.01,-1,-1,-0.01,-1,-1,-0.01,-1,-1,-0.01,-1,-1,-0.01,-1,-1,-0.01,-1,-1
99926009,2026-05-18 14:05:57+05:30,53584.25,0,0.0,0,0.0,0.0,53282.15,53619.2,52783.45,53710.35,0,0.0,0.0,0.0,0.0,-0.01,-1,-1,-0.01,-1,-1,-0.01,-1,-1,-0.01,-1,-1,-0.01,-1,-1,-0.01,-1,-1,-0.01,-1,-1,-0.01,-1,-1,-0.01,-1,-1,-0.01,-1,-1
99926009,2026-05-18 14:05:58+05:30,53582.05,0,0.0,0,0.0,0.0,53282.15,53619.2,52783.45,53710.35,0,0.0,0.0,0.0,0.0,-0.01,-1,-1,-0.01,-1,-1,-0.01,-1,-1,-0.01,-1,-1,-0.01,-1,-1,-0.01,-1,-1,-0.01,-1,-1,-0.01,-1,-1,-0.01,-1,-1,-0.01,-1,-1
99926009,2026-05-18 14:05:58+05:30,53582.35,0,0.0,0,0.0,0.0,53282.15,53619.2,52783.45,53710.35,0,0.0,0.0,0.0,0.0,-0.01,-1,-1,-0.01,-1,-1,-0.01,-1,-1,-0.01,-1,-1,-0.01,-1,-1,-0.01,-1,-1,-0.01,-1,-1,-0.01,-1,-1,-0.01,-1,-1,-0.01,-1,-1
99926009,2026-05-18 14:05:59+05:30,53582.7,0,0.0,0,0.0,0.0,53282.15,53619.2,52783.45,53710.35,0,0.0,0.0,0.0,0.0,-0.01,-1,-1,-0.01,-1,-1,-0.01,-1,-1,-0.01,-1,-1,-0.01,-1,-1,-0.01,-1,-1,-0.01,-1,-1,-0.01,-1,-1,-0.01,-1,-1,-0.01,-1,-1
99926009,2026-05-18 14:05:59+05:30,53577.95,0,0.0,0,0.0,0.0,53282.15,53619.2,52783.45,53710.35,0,0.0,0.0,0.0,0.0,-0.01,-1,-1,-0.01,-1,-1,-0.01,-1,-1,-0.01,-1,-1,-0.01,-1,-1,-0.01,-1,-1,-0.01,-1,-1,-0.01,-1,-1,-0.01,-1,-1,-0.01,-1,-1
99926009,2026-05-18 14:06:00+05:30,53578.4,0,0.0,0,0.0,0.0,53282.15,53619.2,52783.45,53710.35,0,0.0,0.0,0.0,0.0,-0.01,-1,-1,-0.01,-1,-1,-0.01,-1,-1,-0.01,-1,-1,-0.01,-1,-1,-0.01,-1,-1,-0.01,-1,-1,-0.01,-1,-1,-0.01,-1,-1,-0.01,-1,-1
99926009,2026-05-18 14:06:00+05:30,53576.9,0,0.0,0,0.0,0.0,53282.15,53619.2,52783.45,53710.35,0,0.0,0.0,0.0,0.0,-0.01,-1,-1,-0.01,-1,-1,-0.01,-1,-1,-0.01,-1,-1,-0.01,-1,-1,-0.01,-1,-1,-0.01,-1,-1,-0.01,-1,-1,-0.01,-1,-1,-0.01,-1,-1
99926009,2026-05-18 14:06:01+05:30,53578.25,0,0.0,0,0.0,0.0,53282.15,53619.2,52783.45,53710.35,0,0.0,0.0,0.0,0.0,-0.01,-1,-1,-0.01,-1,-1,-0.01,-1,-1,-0.01,-1,-1,-0.01,-1,-1,-0.01,-1,-1,-0.01,-1,-1,-0.01,-1,-1,-0.01,-1,-1,-0.01,-1,-1
99926009,2026-05-18 14:06:01+05:30,53576.55,0,0.0,0,0.0,0.0,53282.15,53619.2,52783.45,53710.35,0,0.0,0.0,0.0,0.0,-0.01,-1,-1,-0.01,-1,-1,-0.01,-1,-1,-0.01,-1,-1,-0.01,-1,-1,-0.01,-1,-1,-0.01,-1,-1,-0.01,-1,-1,-0.01,-1,-1,-0.01,-1,-1
99926009,2026-05-18 14:06:02+05:30,53577.35,0,0.0,0,0.0,0.0,53282.15,53619.2,52783.45,53710.35,0,0.0,0.0,0.0,0.0,-0.01,-1,-1,-0.01,-1,-1,-0.01,-1,-1,-0.01,-1,-1,-0.01,-1,-1,-0.01,-1,-1,-0.01,-1,-1,-0.01,-1,-1,-0.01,-1,-1,-0.01,-1,-1
99926009,2026-05-18 14:06:02+05:30,53573.65,0,0.0,0,0.0,0.0,53282.15,53619.2,52783.45,53710.35,0,0.0,0.0,0.0,0.0,-0.01,-1,-1,-0.01,-1,-1,-0.01,-1,-1,-0.01,-1,-1,-0.01,-1,-1,-0.01,-1,-1,-0.01,-1,-1,-0.01,-1,-1,-0.01,-1,-1,-0.01,-1,-1
99926009,2026-05-18 14:06:03+05:30,53580.35,0,0.0,0,0.0,0.0,53282.15,53619.2,52783.45,53710.35,0,0.0,0.0,0.0,0.0,-0.01,-1,-1,-0.01,-1,-1,-0.01,-1,-1,-0.01,-1,-1,-0.01,-1,-1,-0.01,-1,-1,-0.01,-1,-1,-0.01,-1,-1,-0.01,-1,-1,-0.01,-1,-1
99926009,2026-05-18 14:06:03+05:30,53580.6,0,0.0,0,0.0,0.0,53282.15,53619.2,52783.45,53710.35,0,0.0,0.0,0.0,0.0,-0.01,-1,-1,-0.01,-1,-1,-0.01,-1,-1,-0.01,-1,-1,-0.01,-1,-1,-0.01,-1,-1,-0.01,-1,-1,-0.01,-1,-1,-0.01,-1,-1,-0.01,-1,-1
99926009,2026-05-18 14:06:04+05:30,53582.15,0,0.0,0,0.0,0.0,53282.15,53619.2,52783.45,53710.35,0,0.0,0.0,0.0,0.0,-0.01,-1,-1,-0.01,-1,-1,-0.01,-1,-1,-0.01,-1,-1,-0.01,-1,-1,-0.01,-1,-1,-0.01,-1,-1,-0.01,-1,-1,-0.01,-1,-1,-0.01,-1,-1
99926009,2026-05-18 14:06:04+05:30,53583.7,0,0.0,0,0.0,0.0,53282.15,53619.2,52783.45,53710.35,0,0.0,0.0,0.0,0.0,-0.01,-1,-1,-0.01,-1,-1,-0.01,-1,-1,-0.01,-1,-1,-0.01,-1,-1,-0.01,-1,-1,-0.01,-1,-1,-0.01,-1,-1,-0.01,-1,-1,-0.01,-1,-1
99926009,2026-05-18 14:06:05+05:30,53585.35,0,0.0,0,0.0,0.0,53282.15,53619.2,52783.45,53710.35,0,0.0,0.0,0.0,0.0,-0.01,-1,-1,-0.01,-1,-1,-0.01,-1,-1,-0.01,-1,-1,-0.01,-1,-1,-0.01,-1,-1,-0.01,-1,-1,-0.01,-1,-1,-0.01,-1,-1,-0.01,-1,-1
99926009,2026-05-18 14:06:05+05:30,53583.8,0,0.0,0,0.0,0.0,53282.15,53619.2,52783.45,53710.35,0,0.0,0.0,0.0,0.0,-0.01,-1,-1,-0.01,-1,-1,-0.01,-1,-1,-0.01,-1,-1,-0.01,-1,-1,-0.01,-1,-1,-0.01,-1,-1,-0.01,-1,-1,-0.01,-1,-1,-0.01,-1,-1
99926009,2026-05-18 14:06:06+05:30,53583.15,0,0.0,0,0.0,0.0,53282.15,53619.2,52783.45,53710.35,0,0.0,0.0,0.0,0.0,-0.01,-1,-1,-0.01,-1,-1,-0.01,-1,-1,-0.01,-1,-1,-0.01,-1,-1,-0.01,-1,-1,-0.01,-1,-1,-0.01,-1,-1,-0.01,-1,-1,-0.01,-1,-1
99926009,2026-05-18 14:06:06+05:30,53586.1,0,0.0,0,0.0,0.0,53282.15,53619.2,52783.45,53710.35,0,0.0,0.0,0.0,0.0,-0.01,-1,-1,-0.01,-1,-1,-0.01,-1,-1,-0.01,-1,-1,-0.01,-1,-1,-0.01,-1,-1,-0.01,-1,-1,-0.01,-1,-1,-0.01,-1,-1,-0.01,-1,-1
99926009,2026-05-18 14:06:07+05:30,53580.5,0,0.0,0,0.0,0.0,53282.15,53619.2,52783.45,53710.35,0,0.0,0.0,0.0,0.0,-0.01,-1,-1,-0.01,-1,-1,-0.01,-1,-1,-0.01,-1,-1,-0.01,-1,-1,-0.01,-1,-1,-0.01,-1,-1,-0.01,-1,-1,-0.01,-1,-1,-0.01,-1,-1
99926009,2026-05-18 14:06:07+05:30,53582.3,0,0.0,0,0.0,0.0,53282.15,53619.2,52783.45,53710.35,0,0.0,0.0,0.0,0.0,-0.01,-1,-1,-0.01,-1,-1,-0.01,-1,-1,-0.01,-1,-1,-0.01,-1,-1,-0.01,-1,-1,-0.01,-1,-1,-0.01,-1,-1,-0.01,-1,-1,-0.01,-1,-1
99926009,2026-05-18 14:06:08+05:30,53583.75,0,0.0,0,0.0,0.0,53282.15,53619.2,52783.45,53710.35,0,0.0,0.0,0.0,0.0,-0.01,-1,-1,-0.01,-1,-1,-0.01,-1,-1,-0.01,-1,-1,-0.01,-1,-1,-0.01,-1,-1,-0.01,-1,-1,-0.01,-1,-1,-0.01,-1,-1,-0.01,-1,-1
99926009,2026-05-18 14:06:08+05:30,53586.55,0,0.0,0,0.0,0.0,53282.15,53619.2,52783.45,53710.35,0,0.0,0.0,0.0,0.0,-0.01,-1,-1,-0.01,-1,-1,-0.01,-1,-1,-0.01,-1,-1,-0.01,-1,-1,-0.01,-1,-1,-0.01,-1,-1,-0.01,-1,-1,-0.01,-1,-1,-0.01,-1,-1
99926009,2026-05-18 14:06:09+05:30,53583.15,0,0.0,0,0.0,0.0,53282.15,53619.2,52783.45,53710.35,0,0.0,0.0,0.0,0.0,-0.01,-1,-1,-0.01,-1,-1,-0.01,-1,-1,-0.01,-1,-1,-0.01,-1,-1,-0.01,-1,-1,-0.01,-1,-1,-0.01,-1,-1,-0.01,-1,-1,-0.01,-1,-1
99926009,2026-05-18 14:06:09+05:30,53583.5,0,0.0,0,0.0,0.0,53282.15,53619.2,52783.45,53710.35,0,0.0,0.0,0.0,0.0,-0.01,-1,-1,-0.01,-1,-1,-0.01,-1,-1,-0.01,-1,-1,-0.01,-1,-1,-0.01,-1,-1,-0.01,-1,-1,-0.01,-1,-1,-0.01,-1,-1,-0.01,-1,-1
99926009,2026-05-18 14:06:10+05:30,53582.55,0,0.0,0,0.0,0.0,53282.15,53619.2,52783.45,53710.35,0,0.0,0.0,0.0,0.0,-0.01,-1,-1,-0.01,-1,-1,-0.01,-1,-1,-0.01,-1,-1,-0.01,-1,-1,-0.01,-1,-1,-0.01,-1,-1,-0.01,-1,-1,-0.01,-1,-1,-0.01,-1,-1
99926009,2026-05-18 14:06:10+05:30,53582.45,0,0.0,0,0.0,0.0,53282.15,53619.2,52783.45,53710.35,0,0.0,0.0,0.0,0.0,-0.01,-1,-1,-0.01,-1,-1,-0.01,-1,-1,-0.01,-1,-1,-0.01,-1,-1,-0.01,-1,-1,-0.01,-1,-1,-0.01,-1,-1,-0.01,-1,-1,-0.01,-1,-1
99926009,2026-05-18 14:06:11+05:30,53582.9,0,0.0,0,0.0,0.0,53282.15,53619.2,52783.45,53710.35,0,0.0,0.0,0.0,0.0,-0.01,-1,-1,-0.01,-1,-1,-0.01,-1,-1,-0.01,-1,-1,-0.01,-1,-1,-0.01,-1,-1,-0.01,-1,-1,-0.01,-1,-1,-0.01,-1,-1,-0.01,-1,-1
99926009,2026-05-18 14:06:11+05:30,53582.2,0,0.0,0,0.0,0.0,53282.15,53619.2,52783.45,53710.35,0,0.0,0.0,0.0,0.0,-0.01,-1,-1,-0.01,-1,-1,-0.01,-1,-1,-0.01,-1,-1,-0.01,-1,-1,-0.01,-1,-1,-0.01,-1,-1,-0.01,-1,-1,-0.01,-1,-1,-0.01,-1,-1
99926009,2026-05-18 14:06:12+05:30,53579.0,0,0.0,0,0.0,0.0,53282.15,53619.2,52783.45,53710.35,0,0.0,0.0,0.0,0.0,-0.01,-1,-1,-0.01,-1,-1,-0.01,-1,-1,-0.01,-1,-1,-0.01,-1,-1,-0.01,-1,-1,-0.01,-1,-1,-0.01,-1,-1,-0.01,-1,-1,-0.01,-1,-1
99926009,2026-05-18 14:06:12+05:30,53580.15,0,0.0,0,0.0,0.0,53282.15,53619.2,52783.45,53710.35,0,0.0,0.0,0.0,0.0,-0.01,-1,-1,-0.01,-1,-1,-0.01,-1,-1,-0.01,-1,-1,-0.01,-1,-1,-0.01,-1,-1,-0.01,-1,-1,-0.01,-1,-1,-0.01,-1,-1,-0.01,-1,-1
99926009,2026-05-18 14:06:13+05:30,53576.45,0,0.0,0,0.0,0.0,53282.15,53619.2,52783.45,53710.35,0,0.0,0.0,0.0,0.0,-0.01,-1,-1,-0.01,-1,-1,-0.01,-1,-1,-0.01,-1,-1,-0.01,-1,-1,-0.01,-1,-1,-0.01,-1,-1,-0.01,-1,-1,-0.01,-1,-1,-0.01,-1,-1
99926009,2026-05-18 14:06:13+05:30,53574.5,0,0.0,0,0.0,0.0,53282.15,53619.2,52783.45,53710.35,0,0.0,0.0,0.0,0.0,-0.01,-1,-1,-0.01,-1,-1,-0.01,-1,-1,-0.01,-1,-1,-0.01,-1,-1,-0.01,-1,-1,-0.01,-1,-1,-0.01,-1,-1,-0.01,-1,-1,-0.01,-1,-1
99926009,2026-05-18 14:06:14+05:30,53571.8,0,0.0,0,0.0,0.0,53282.15,53619.2,52783.45,53710.35,0,0.0,0.0,0.0,0.0,-0.01,-1,-1,-0.01,-1,-1,-0.01,-1,-1,-0.01,-1,-1,-0.01,-1,-1,-0.01,-1,-1,-0.01,-1,-1,-0.01,-1,-1,-0.01,-1,-1,-0.01,-1,-1
99926009,2026-05-18 14:06:14+05:30,53573.15,0,0.0,0,0.0,0.0,53282.15,53619.2,52783.45,53710.35,0,0.0,0.0,0.0,0.0,-0.01,-1,-1,-0.01,-1,-1,-0.01,-1,-1,-0.01,-1,-1,-0.01,-1,-1,-0.01,-1,-1,-0.01,-1,-1,-0.01,-1,-1,-0.01,-1,-1,-0.01,-1,-1
99926009,2026-05-18 14:06:15+05:30,53572.75,0,0.0,0,0.0,0.0,53282.15,53619.2,52783.45,53710.35,0,0.0,0.0,0.0,0.0,-0.01,-1,-1,-0.01,-1,-1,-0.01,-1,-1,-0.01,-1,-1,-0.01,-1,-1,-0.01,-1,-1,-0.01,-1,-1,-0.01,-1,-1,-0.01,-1,-1,-0.01,-1,-1
99926009,2026-05-18 14:06:15+05:30,53570.35,0,0.0,0,0.0,0.0,53282.15,53619.2,52783.45,53710.35,0,0.0,0.0,0.0,0.0,-0.01,-1,-1,-0.01,-1,-1,-0.01,-1,-1,-0.01,-1,-1,-0.01,-1,-1,-0.01,-1,-1,-0.01,-1,-1,-0.01,-1,-1,-0.01,-1,-1,-0.01,-1,-1
99926009,2026-05-18 14:06:16+05:30,53569.8,0,0.0,0,0.0,0.0,53282.15,53619.2,52783.45,53710.35,0,0.0,0.0,0.0,0.0,-0.01,-1,-1,-0.01,-1,-1,-0.01,-1,-1,-0.01,-1,-1,-0.01,-1,-1,-0.01,-1,-1,-0.01,-1,-1,-0.01,-1,-1,-0.01,-1,-1,-0.01,-1,-1
99926009,2026-05-18 14:06:16+05:30,53571.0,0,0.0,0,0.0,0.0,53282.15,53619.2,52783.45,53710.35,0,0.0,0.0,0.0,0.0,-0.01,-1,-1,-0.01,-1,-1,-0.01,-1,-1,-0.01,-1,-1,-0.01,-1,-1,-0.01,-1,-1,-0.01,-1,-1,-0.01,-1,-1,-0.01,-1,-1,-0.01,-1,-1
99926009,2026-05-18 14:06:17+05:30,53572.4,0,0.0,0,0.0,0.0,53282.15,53619.2,52783.45,53710.35,0,0.0,0.0,0.0,0.0,-0.01,-1,-1,-0.01,-1,-1,-0.01,-1,-1,-0.01,-1,-1,-0.01,-1,-1,-0.01,-1,-1,-0.01,-1,-1,-0.01,-1,-1,-0.01,-1,-1,-0.01,-1,-1
99926009,2026-05-18 14:06:17+05:30,53570.35,0,0.0,0,0.0,0.0,53282.15,53619.2,52783.45,53710.35,0,0.0,0.0,0.0,0.0,-0.01,-1,-1,-0.01,-1,-1,-0.01,-1,-1,-0.01,-1,-1,-0.01,-1,-1,-0.01,-1,-1,-0.01,-1,-1,-0.01,-1,-1,-0.01,-1,-1,-0.01,-1,-1
99926009,2026-05-18 14:06:18+05:30,53568.75,0,0.0,0,0.0,0.0,53282.15,53619.2,52783.45,53710.35,0,0.0,0.0,0.0,0.0,-0.01,-1,-1,-0.01,-1,-1,-0.01,-1,-1,-0.01,-1,-1,-0.01,-1,-1,-0.01,-1,-1,-0.01,-1,-1,-0.01,-1,-1,-0.01,-1,-1,-0.01,-1,-1
99926009,2026-05-18 14:06:18+05:30,53568.7,0,0.0,0,0.0,0.0,53282.15,53619.2,52783.45,53710.35,0,0.0,0.0,0.0,0.0,-0.01,-1,-1,-0.01,-1,-1,-0.01,-1,-1,-0.01,-1,-1,-0.01,-1,-1,-0.01,-1,-1,-0.01,-1,-1,-0.01,-1,-1,-0.01,-1,-1,-0.01,-1,-1
99926009,2026-05-18 14:06:19+05:30,53569.2,0,0.0,0,0.0,0.0,53282.15,53619.2,52783.45,53710.35,0,0.0,0.0,0.0,0.0,-0.01,-1,-1,-0.01,-1,-1,-0.01,-1,-1,-0.01,-1,-1,-0.01,-1,-1,-0.01,-1,-1,-0.01,-1,-1,-0.01,-1,-1,-0.01,-1,-1,-0.01,-1,-1
99926009,2026-05-18 14:06:19+05:30,53568.7,0,0.0,0,0.0,0.0,53282.15,53619.2,52783.45,53710.35,0,0.0,0.0,0.0,0.0,-0.01,-1,-1,-0.01,-1,-1,-0.01,-1,-1,-0.01,-1,-1,-0.01,-1,-1,-0.01,-1,-1,-0.01,-1,-1,-0.01,-1,-1,-0.01,-1,-1,-0.01,-1,-1
99926009,2026-05-18 14:06:20+05:30,53568.25,0,0.0,0,0.0,0.0,53282.15,53619.2,52783.45,53710.35,0,0.0,0.0,0.0,0.0,-0.01,-1,-1,-0.01,-1,-1,-0.01,-1,-1,-0.01,-1,-1,-0.01,-1,-1,-0.01,-1,-1,-0.01,-1,-1,-0.01,-1,-1,-0.01,-1,-1,-0.01,-1,-1
99926009,2026-05-18 14:06:20+05:30,53562.6,0,0.0,0,0.0,0.0,53282.15,53619.2,52783.45,53710.35,0,0.0,0.0,0.0,0.0,-0.01,-1,-1,-0.01,-1,-1,-0.01,-1,-1,-0.01,-1,-1,-0.01,-1,-1,-0.01,-1,-1,-0.01,-1,-1,-0.01,-1,-1,-0.01,-1,-1,-0.01,-1,-1
99926009,2026-05-18 14:06:21+05:30,53568.1,0,0.0,0,0.0,0.0,53282.15,53619.2,52783.45,53710.35,0,0.0,0.0,0.0,0.0,-0.01,-1,-1,-0.01,-1,-1,-0.01,-1,-1,-0.01,-1,-1,-0.01,-1,-1,-0.01,-1,-1,-0.01,-1,-1,-0.01,-1,-1,-0.01,-1,-1,-0.01,-1,-1
99926009,2026-05-18 14:06:21+05:30,53566.45,0,0.0,0,0.0,0.0,53282.15,53619.2,52783.45,53710.35,0,0.0,0.0,0.0,0.0,-0.01,-1,-1,-0.01,-1,-1,-0.01,-1,-1,-0.01,-1,-1,-0.01,-1,-1,-0.01,-1,-1,-0.01,-1,-1,-0.01,-1,-1,-0.01,-1,-1,-0.01,-1,-1
99926009,2026-05-18 14:06:22+05:30,53566.85,0,0.0,0,0.0,0.0,53282.15,53619.2,52783.45,53710.35,0,0.0,0.0,0.0,0.0,-0.01,-1,-1,-0.01,-1,-1,-0.01,-1,-1,-0.01,-1,-1,-0.01,-1,-1,-0.01,-1,-1,-0.01,-1,-1,-0.01,-1,-1,-0.01,-1,-1,-0.01,-1,-1
99926009,2026-05-18 14:06:22+05:30,53569.6,0,0.0,0,0.0,0.0,53282.15,53619.2,52783.45,53710.35,0,0.0,0.0,0.0,0.0,-0.01,-1,-1,-0.01,-1,-1,-0.01,-1,-1,-0.01,-1,-1,-0.01,-1,-1,-0.01,-1,-1,-0.01,-1,-1,-0.01,-1,-1,-0.01,-1,-1,-0.01,-1,-1
99926009,2026-05-18 14:06:23+05:30,53569.6,0,0.0,0,0.0,0.0,53282.15,53619.2,52783.45,53710.35,0,0.0,0.0,0.0,0.0,-0.01,-1,-1,-0.01,-1,-1,-0.01,-1,-1,-0.01,-1,-1,-0.01,-1,-1,-0.01,-1,-1,-0.01,-1,-1,-0.01,-1,-1,-0.01,-1,-1,-0.01,-1,-1
99926009,2026-05-18 14:06:23+05:30,53568.0,0,0.0,0,0.0,0.0,53282.15,53619.2,52783.45,53710.35,0,0.0,0.0,0.0,0.0,-0.01,-1,-1,-0.01,-1,-1,-0.01,-1,-1,-0.01,-1,-1,-0.01,-1,-1,-0.01,-1,-1,-0.01,-1,-1,-0.01,-1,-1,-0.01,-1,-1,-0.01,-1,-1
99926009,2026-05-18 14:06:24+05:30,53568.25,0,0.0,0,0.0,0.0,53282.15,53619.2,52783.45,53710.35,0,0.0,0.0,0.0,0.0,-0.01,-1,-1,-0.01,-1,-1,-0.01,-1,-1,-0.01,-1,-1,-0.01,-1,-1,-0.01,-1,-1,-0.01,-1,-1,-0.01,-1,-1,-0.01,-1,-1,-0.01,-1,-1
99926009,2026-05-18 14:06:24+05:30,53569.05,0,0.0,0,0.0,0.0,53282.15,53619.2,52783.45,53710.35,0,0.0,0.0,0.0,0.0,-0.01,-1,-1,-0.01,-1,-1,-0.01,-1,-1,-0.01,-1,-1,-0.01,-1,-1,-0.01,-1,-1,-0.01,-1,-1,-0.01,-1,-1,-0.01,-1,-1,-0.01,-1,-1
99926009,2026-05-18 14:06:25+05:30,53569.7,0,0.0,0,0.0,0.0,53282.15,53619.2,52783.45,53710.35,0,0.0,0.0,0.0,0.0,-0.01,-1,-1,-0.01,-1,-1,-0.01,-1,-1,-0.01,-1,-1,-0.01,-1,-1,-0.01,-1,-1,-0.01,-1,-1,-0.01,-1,-1,-0.01,-1,-1,-0.01,-1,-1
99926009,2026-05-18 14:06:25+05:30,53566.5,0,0.0,0,0.0,0.0,53282.15,53619.2,52783.45,53710.35,0,0.0,0.0,0.0,0.0,-0.01,-1,-1,-0.01,-1,-1,-0.01,-1,-1,-0.01,-1,-1,-0.01,-1,-1,-0.01,-1,-1,-0.01,-1,-1,-0.01,-1,-1,-0.01,-1,-1,-0.01,-1,-1
99926009,2026-05-18 14:06:26+05:30,53569.65,0,0.0,0,0.0,0.0,53282.15,53619.2,52783.45,53710.35,0,0.0,0.0,0.0,0.0,-0.01,-1,-1,-0.01,-1,-1,-0.01,-1,-1,-0.01,-1,-1,-0.01,-1,-1,-0.01,-1,-1,-0.01,-1,-1,-0.01,-1,-1,-0.01,-1,-1,-0.01,-1,-1
99926009,2026-05-18 14:06:26+05:30,53569.0,0,0.0,0,0.0,0.0,53282.15,53619.2,52783.45,53710.35,0,0.0,0.0,0.0,0.0,-0.01,-1,-1,-0.01,-1,-1,-0.01,-1,-1,-0.01,-1,-1,-0.01,-1,-1,-0.01,-1,-1,-0.01,-1,-1,-0.01,-1,-1,-0.01,-1,-1,-0.01,-1,-1
99926009,2026-05-18 14:06:27+05:30,53565.35,0,0.0,0,0.0,0.0,53282.15,53619.2,52783.45,53710.35,0,0.0,0.0,0.0,0.0,-0.01,-1,-1,-0.01,-1,-1,-0.01,-1,-1,-0.01,-1,-1,-0.01,-1,-1,-0.01,-1,-1,-0.01,-1,-1,-0.01,-1,-1,-0.01,-1,-1,-0.01,-1,-1
99926009,2026-05-18 14:06:27+05:30,53562.45,0,0.0,0,0.0,0.0,53282.15,53619.2,52783.45,53710.35,0,0.0,0.0,0.0,0.0,-0.01,-1,-1,-0.01,-1,-1,-0.01,-1,-1,-0.01,-1,-1,-0.01,-1,-1,-0.01,-1,-1,-0.01,-1,-1,-0.01,-1,-1,-0.01,-1,-1,-0.01,-1,-1
99926009,2026-05-18 14:06:28+05:30,53565.2,0,0.0,0,0.0,0.0,53282.15,53619.2,52783.45,53710.35,0,0.0,0.0,0.0,0.0,-0.01,-1,-1,-0.01,-1,-1,-0.01,-1,-1,-0.01,-1,-1,-0.01,-1,-1,-0.01,-1,-1,-0.01,-1,-1,-0.01,-1,-1,-0.01,-1,-1,-0.01,-1,-1
99926009,2026-05-18 14:06:28+05:30,53566.55,0,0.0,0,0.0,0.0,53282.15,53619.2,52783.45,53710.35,0,0.0,0.0,0.0,0.0,-0.01,-1,-1,-0.01,-1,-1,-0.01,-1,-1,-0.01,-1,-1,-0.01,-1,-1,-0.01,-1,-1,-0.01,-1,-1,-0.01,-1,-1,-0.01,-1,-1,-0.01,-1,-1
99926009,2026-05-18 14:06:29+05:30,53566.45,0,0.0,0,0.0,0.0,53282.15,53619.2,52783.45,53710.35,0,0.0,0.0,0.0,0.0,-0.01,-1,-1,-0.01,-1,-1,-0.01,-1,-1,-0.01,-1,-1,-0.01,-1,-1,-0.01,-1,-1,-0.01,-1,-1,-0.01,-1,-1,-0.01,-1,-1,-0.01,-1,-1
99926009,2026-05-18 14:06:29+05:30,53561.3,0,0.0,0,0.0,0.0,53282.15,53619.2,52783.45,53710.35,0,0.0,0.0,0.0,0.0,-0.01,-1,-1,-0.01,-1,-1,-0.01,-1,-1,-0.01,-1,-1,-0.01,-1,-1,-0.01,-1,-1,-0.01,-1,-1,-0.01,-1,-1,-0.01,-1,-1,-0.01,-1,-1
99926009,2026-05-18 14:06:30+05:30,53563.75,0,0.0,0,0.0,0.0,53282.15,53619.2,52783.45,53710.35,0,0.0,0.0,0.0,0.0,-0.01,-1,-1,-0.01,-1,-1,-0.01,-1,-1,-0.01,-1,-1,-0.01,-1,-1,-0.01,-1,-1,-0.01,-1,-1,-0.01,-1,-1,-0.01,-1,-1,-0.01,-1,-1
99926009,2026-05-18 14:06:30+05:30,53562.2,0,0.0,0,0.0,0.0,53282.15,53619.2,52783.45,53710.35,0,0.0,0.0,0.0,0.0,-0.01,-1,-1,-0.01,-1,-1,-0.01,-1,-1,-0.01,-1,-1,-0.01,-1,-1,-0.01,-1,-1,-0.01,-1,-1,-0.01,-1,-1,-0.01,-1,-1,-0.01,-1,-1
99926009,2026-05-18 14:06:31+05:30,53562.5,0,0.0,0,0.0,0.0,53282.15,53619.2,52783.45,53710.35,0,0.0,0.0,0.0,0.0,-0.01,-1,-1,-0.01,-1,-1,-0.01,-1,-1,-0.01,-1,-1,-0.01,-1,-1,-0.01,-1,-1,-0.01,-1,-1,-0.01,-1,-1,-0.01,-1,-1,-0.01,-1,-1
99926009,2026-05-18 14:06:31+05:30,53560.1,0,0.0,0,0.0,0.0,53282.15,53619.2,52783.45,53710.35,0,0.0,0.0,0.0,0.0,-0.01,-1,-1,-0.01,-1,-1,-0.01,-1,-1,-0.01,-1,-1,-0.01,-1,-1,-0.01,-1,-1,-0.01,-1,-1,-0.01,-1,-1,-0.01,-1,-1,-0.01,-1,-1
99926009,2026-05-18 14:06:32+05:30,53558.2,0,0.0,0,0.0,0.0,53282.15,53619.2,52783.45,53710.35,0,0.0,0.0,0.0,0.0,-0.01,-1,-1,-0.01,-1,-1,-0.01,-1,-1,-0.01,-1,-1,-0.01,-1,-1,-0.01,-1,-1,-0.01,-1,-1,-0.01,-1,-1,-0.01,-1,-1,-0.01,-1,-1
99926009,2026-05-18 14:06:32+05:30,53561.15,0,0.0,0,0.0,0.0,53282.15,53619.2,52783.45,53710.35,0,0.0,0.0,0.0,0.0,-0.01,-1,-1,-0.01,-1,-1,-0.01,-1,-1,-0.01,-1,-1,-0.01,-1,-1,-0.01,-1,-1,-0.01,-1,-1,-0.01,-1,-1,-0.01,-1,-1,-0.01,-1,-1
99926009,2026-05-18 14:06:33+05:30,53562.65,0,0.0,0,0.0,0.0,53282.15,53619.2,52783.45,53710.35,0,0.0,0.0,0.0,0.0,-0.01,-1,-1,-0.01,-1,-1,-0.01,-1,-1,-0.01,-1,-1,-0.01,-1,-1,-0.01,-1,-1,-0.01,-1,-1,-0.01,-1,-1,-0.01,-1,-1,-0.01,-1,-1
99926009,2026-05-18 14:06:33+05:30,53560.5,0,0.0,0,0.0,0.0,53282.15,53619.2,52783.45,53710.35,0,0.0,0.0,0.0,0.0,-0.01,-1,-1,-0.01,-1,-1,-0.01,-1,-1,-0.01,-1,-1,-0.01,-1,-1,-0.01,-1,-1,-0.01,-1,-1,-0.01,-1,-1,-0.01,-1,-1,-0.01,-1,-1
99926009,2026-05-18 14:06:34+05:30,53559.2,0,0.0,0,0.0,0.0,53282.15,53619.2,52783.45,53710.35,0,0.0,0.0,0.0,0.0,-0.01,-1,-1,-0.01,-1,-1,-0.01,-1,-1,-0.01,-1,-1,-0.01,-1,-1,-0.01,-1,-1,-0.01,-1,-1,-0.01,-1,-1,-0.01,-1,-1,-0.01,-1,-1
99926009,2026-05-18 14:06:34+05:30,53561.1,0,0.0,0,0.0,0.0,53282.15,53619.2,52783.45,53710.35,0,0.0,0.0,0.0,0.0,-0.01,-1,-1,-0.01,-1,-1,-0.01,-1,-1,-0.01,-1,-1,-0.01,-1,-1,-0.01,-1,-1,-0.01,-1,-1,-0.01,-1,-1,-0.01,-1,-1,-0.01,-1,-1
99926009,2026-05-18 14:06:35+05:30,53561.2,0,0.0,0,0.0,0.0,53282.15,53619.2,52783.45,53710.35,0,0.0,0.0,0.0,0.0,-0.01,-1,-1,-0.01,-1,-1,-0.01,-1,-1,-0.01,-1,-1,-0.01,-1,-1,-0.01,-1,-1,-0.01,-1,-1,-0.01,-1,-1,-0.01,-1,-1,-0.01,-1,-1
99926009,2026-05-18 14:06:35+05:30,53556.7,0,0.0,0,0.0,0.0,53282.15,53619.2,52783.45,53710.35,0,0.0,0.0,0.0,0.0,-0.01,-1,-1,-0.01,-1,-1,-0.01,-1,-1,-0.01,-1,-1,-0.01,-1,-1,-0.01,-1,-1,-0.01,-1,-1,-0.01,-1,-1,-0.01,-1,-1,-0.01,-1,-1
99926009,2026-05-18 14:06:36+05:30,53560.75,0,0.0,0,0.0,0.0,53282.15,53619.2,52783.45,53710.35,0,0.0,0.0,0.0,0.0,-0.01,-1,-1,-0.01,-1,-1,-0.01,-1,-1,-0.01,-1,-1,-0.01,-1,-1,-0.01,-1,-1,-0.01,-1,-1,-0.01,-1,-1,-0.01,-1,-1,-0.01,-1,-1
99926009,2026-05-18 14:06:36+05:30,53560.8,0,0.0,0,0.0,0.0,53282.15,53619.2,52783.45,53710.35,0,0.0,0.0,0.0,0.0,-0.01,-1,-1,-0.01,-1,-1,-0.01,-1,-1,-0.01,-1,-1,-0.01,-1,-1,-0.01,-1,-1,-0.01,-1,-1,-0.01,-1,-1,-0.01,-1,-1,-0.01,-1,-1
99926009,2026-05-18 14:06:37+05:30,53557.05,0,0.0,0,0.0,0.0,53282.15,53619.2,52783.45,53710.35,0,0.0,0.0,0.0,0.0,-0.01,-1,-1,-0.01,-1,-1,-0.01,-1,-1,-0.01,-1,-1,-0.01,-1,-1,-0.01,-1,-1,-0.01,-1,-1,-0.01,-1,-1,-0.01,-1,-1,-0.01,-1,-1
99926009,2026-05-18 14:06:37+05:30,53557.1,0,0.0,0,0.0,0.0,53282.15,53619.2,52783.45,53710.35,0,0.0,0.0,0.0,0.0,-0.01,-1,-1,-0.01,-1,-1,-0.01,-1,-1,-0.01,-1,-1,-0.01,-1,-1,-0.01,-1,-1,-0.01,-1,-1,-0.01,-1,-1,-0.01,-1,-1,-0.01,-1,-1
99926009,2026-05-18 14:06:38+05:30,53557.1,0,0.0,0,0.0,0.0,53282.15,53619.2,52783.45,53710.35,0,0.0,0.0,0.0,0.0,-0.01,-1,-1,-0.01,-1,-1,-0.01,-1,-1,-0.01,-1,-1,-0.01,-1,-1,-0.01,-1,-1,-0.01,-1,-1,-0.01,-1,-1,-0.01,-1,-1,-0.01,-1,-1
99926009,2026-05-18 14:06:38+05:30,53555.6,0,0.0,0,0.0,0.0,53282.15,53619.2,52783.45,53710.35,0,0.0,0.0,0.0,0.0,-0.01,-1,-1,-0.01,-1,-1,-0.01,-1,-1,-0.01,-1,-1,-0.01,-1,-1,-0.01,-1,-1,-0.01,-1,-1,-0.01,-1,-1,-0.01,-1,-1,-0.01,-1,-1
99926009,2026-05-18 14:06:39+05:30,53552.45,0,0.0,0,0.0,0.0,53282.15,53619.2,52783.45,53710.35,0,0.0,0.0,0.0,0.0,-0.01,-1,-1,-0.01,-1,-1,-0.01,-1,-1,-0.01,-1,-1,-0.01,-1,-1,-0.01,-1,-1,-0.01,-1,-1,-0.01,-1,-1,-0.01,-1,-1,-0.01,-1,-1
99926009,2026-05-18 14:06:39+05:30,53547.55,0,0.0,0,0.0,0.0,53282.15,53619.2,52783.45,53710.35,0,0.0,0.0,0.0,0.0,-0.01,-1,-1,-0.01,-1,-1,-0.01,-1,-1,-0.01,-1,-1,-0.01,-1,-1,-0.01,-1,-1,-0.01,-1,-1,-0.01,-1,-1,-0.01,-1,-1,-0.01,-1,-1
99926009,2026-05-18 14:06:40+05:30,53541.65,0,0.0,0,0.0,0.0,53282.15,53619.2,52783.45,53710.35,0,0.0,0.0,0.0,0.0,-0.01,-1,-1,-0.01,-1,-1,-0.01,-1,-1,-0.01,-1,-1,-0.01,-1,-1,-0.01,-1,-1,-0.01,-1,-1,-0.01,-1,-1,-0.01,-1,-1,-0.01,-1,-1
99926009,2026-05-18 14:06:40+05:30,53540.15,0,0.0,0,0.0,0.0,53282.15,53619.2,52783.45,53710.35,0,0.0,0.0,0.0,0.0,-0.01,-1,-1,-0.01,-1,-1,-0.01,-1,-1,-0.01,-1,-1,-0.01,-1,-1,-0.01,-1,-1,-0.01,-1,-1,-0.01,-1,-1,-0.01,-1,-1,-0.01,-1,-1
99926009,2026-05-18 14:06:41+05:30,53539.95,0,0.0,0,0.0,0.0,53282.15,53619.2,52783.45,53710.35,0,0.0,0.0,0.0,0.0,-0.01,-1,-1,-0.01,-1,-1,-0.01,-1,-1,-0.01,-1,-1,-0.01,-1,-1,-0.01,-1,-1,-0.01,-1,-1,-0.01,-1,-1,-0.01,-1,-1,-0.01,-1,-1
99926009,2026-05-18 14:06:41+05:30,53540.25,0,0.0,0,0.0,0.0,53282.15,53619.2,52783.45,53710.35,0,0.0,0.0,0.0,0.0,-0.01,-1,-1,-0.01,-1,-1,-0.01,-1,-1,-0.01,-1,-1,-0.01,-1,-1,-0.01,-1,-1,-0.01,-1,-1,-0.01,-1,-1,-0.01,-1,-1,-0.01,-1,-1
99926009,2026-05-18 14:06:42+05:30,53538.55,0,0.0,0,0.0,0.0,53282.15,53619.2,52783.45,53710.35,0,0.0,0.0,0.0,0.0,-0.01,-1,-1,-0.01,-1,-1,-0.01,-1,-1,-0.01,-1,-1,-0.01,-1,-1,-0.01,-1,-1,-0.01,-1,-1,-0.01,-1,-1,-0.01,-1,-1,-0.01,-1,-1
99926009,2026-05-18 14:06:42+05:30,53541.1,0,0.0,0,0.0,0.0,53282.15,53619.2,52783.45,53710.35,0,0.0,0.0,0.0,0.0,-0.01,-1,-1,-0.01,-1,-1,-0.01,-1,-1,-0.01,-1,-1,-0.01,-1,-1,-0.01,-1,-1,-0.01,-1,-1,-0.01,-1,-1,-0.01,-1,-1,-0.01,-1,-1
99926009,2026-05-18 14:06:43+05:30,53539.15,0,0.0,0,0.0,0.0,53282.15,53619.2,52783.45,53710.35,0,0.0,0.0,0.0,0.0,-0.01,-1,-1,-0.01,-1,-1,-0.01,-1,-1,-0.01,-1,-1,-0.01,-1,-1,-0.01,-1,-1,-0.01,-1,-1,-0.01,-1,-1,-0.01,-1,-1,-0.01,-1,-1
99926009,2026-05-18 14:06:43+05:30,53541.1,0,0.0,0,0.0,0.0,53282.15,53619.2,52783.45,53710.35,0,0.0,0.0,0.0,0.0,-0.01,-1,-1,-0.01,-1,-1,-0.01,-1,-1,-0.01,-1,-1,-0.01,-1,-1,-0.01,-1,-1,-0.01,-1,-1,-0.01,-1,-1,-0.01,-1,-1,-0.01,-1,-1
99926009,2026-05-18 14:06:44+05:30,53543.9,0,0.0,0,0.0,0.0,53282.15,53619.2,52783.45,53710.35,0,0.0,0.0,0.0,0.0,-0.01,-1,-1,-0.01,-1,-1,-0.01,-1,-1,-0.01,-1,-1,-0.01,-1,-1,-0.01,-1,-1,-0.01,-1,-1,-0.01,-1,-1,-0.01,-1,-1,-0.01,-1,-1
99926009,2026-05-18 14:06:44+05:30,53538.0,0,0.0,0,0.0,0.0,53282.15,53619.2,52783.45,53710.35,0,0.0,0.0,0.0,0.0,-0.01,-1,-1,-0.01,-1,-1,-0.01,-1,-1,-0.01,-1,-1,-0.01,-1,-1,-0.01,-1,-1,-0.01,-1,-1,-0.01,-1,-1,-0.01,-1,-1,-0.01,-1,-1
99926009,2026-05-18 14:06:45+05:30,53541.0,0,0.0,0,0.0,0.0,53282.15,53619.2,52783.45,53710.35,0,0.0,0.0,0.0,0.0,-0.01,-1,-1,-0.01,-1,-1,-0.01,-1,-1,-0.01,-1,-1,-0.01,-1,-1,-0.01,-1,-1,-0.01,-1,-1,-0.01,-1,-1,-0.01,-1,-1,-0.01,-1,-1
99926009,2026-05-18 14:06:45+05:30,53538.65,0,0.0,0,0.0,0.0,53282.15,53619.2,52783.45,53710.35,0,0.0,0.0,0.0,0.0,-0.01,-1,-1,-0.01,-1,-1,-0.01,-1,-1,-0.01,-1,-1,-0.01,-1,-1,-0.01,-1,-1,-0.01,-1,-1,-0.01,-1,-1,-0.01,-1,-1,-0.01,-1,-1
99926009,2026-05-18 14:06:46+05:30,53535.1,0,0.0,0,0.0,0.0,53282.15,53619.2,52783.45,53710.35,0,0.0,0.0,0.0,0.0,-0.01,-1,-1,-0.01,-1,-1,-0.01,-1,-1,-0.01,-1,-1,-0.01,-1,-1,-0.01,-1,-1,-0.01,-1,-1,-0.01,-1,-1,-0.01,-1,-1,-0.01,-1,-1
99926009,2026-05-18 14:06:46+05:30,53533.8,0,0.0,0,0.0,0.0,53282.15,53619.2,52783.45,53710.35,0,0.0,0.0,0.0,0.0,-0.01,-1,-1,-0.01,-1,-1,-0.01,-1,-1,-0.01,-1,-1,-0.01,-1,-1,-0.01,-1,-1,-0.01,-1,-1,-0.01,-1,-1,-0.01,-1,-1,-0.01,-1,-1
99926009,2026-05-18 14:06:47+05:30,53534.15,0,0.0,0,0.0,0.0,53282.15,53619.2,52783.45,53710.35,0,0.0,0.0,0.0,0.0,-0.01,-1,-1,-0.01,-1,-1,-0.01,-1,-1,-0.01,-1,-1,-0.01,-1,-1,-0.01,-1,-1,-0.01,-1,-1,-0.01,-1,-1,-0.01,-1,-1,-0.01,-1,-1
99926009,2026-05-18 14:06:47+05:30,53534.6,0,0.0,0,0.0,0.0,53282.15,53619.2,52783.45,53710.35,0,0.0,0.0,0.0,0.0,-0.01,-1,-1,-0.01,-1,-1,-0.01,-1,-1,-0.01,-1,-1,-0.01,-1,-1,-0.01,-1,-1,-0.01,-1,-1,-0.01,-1,-1,-0.01,-1,-1,-0.01,-1,-1
99926009,2026-05-18 14:06:48+05:30,53535.45,0,0.0,0,0.0,0.0,53282.15,53619.2,52783.45,53710.35,0,0.0,0.0,0.0,0.0,-0.01,-1,-1,-0.01,-1,-1,-0.01,-1,-1,-0.01,-1,-1,-0.01,-1,-1,-0.01,-1,-1,-0.01,-1,-1,-0.01,-1,-1,-0.01,-1,-1,-0.01,-1,-1
99926009,2026-05-18 14:06:48+05:30,53536.55,0,0.0,0,0.0,0.0,53282.15,53619.2,52783.45,53710.35,0,0.0,0.0,0.0,0.0,-0.01,-1,-1,-0.01,-1,-1,-0.01,-1,-1,-0.01,-1,-1,-0.01,-1,-1,-0.01,-1,-1,-0.01,-1,-1,-0.01,-1,-1,-0.01,-1,-1,-0.01,-1,-1
99926009,2026-05-18 14:06:49+05:30,53533.75,0,0.0,0,0.0,0.0,53282.15,53619.2,52783.45,53710.35,0,0.0,0.0,0.0,0.0,-0.01,-1,-1,-0.01,-1,-1,-0.01,-1,-1,-0.01,-1,-1,-0.01,-1,-1,-0.01,-1,-1,-0.01,-1,-1,-0.01,-1,-1,-0.01,-1,-1,-0.01,-1,-1
99926009,2026-05-18 14:06:49+05:30,53534.95,0,0.0,0,0.0,0.0,53282.15,53619.2,52783.45,53710.35,0,0.0,0.0,0.0,0.0,-0.01,-1,-1,-0.01,-1,-1,-0.01,-1,-1,-0.01,-1,-1,-0.01,-1,-1,-0.01,-1,-1,-0.01,-1,-1,-0.01,-1,-1,-0.01,-1,-1,-0.01,-1,-1
99926009,2026-05-18 14:06:50+05:30,53534.7,0,0.0,0,0.0,0.0,53282.15,53619.2,52783.45,53710.35,0,0.0,0.0,0.0,0.0,-0.01,-1,-1,-0.01,-1,-1,-0.01,-1,-1,-0.01,-1,-1,-0.01,-1,-1,-0.01,-1,-1,-0.01,-1,-1,-0.01,-1,-1,-0.01,-1,-1,-0.01,-1,-1
99926009,2026-05-18 14:06:50+05:30,53535.0,0,0.0,0,0.0,0.0,53282.15,53619.2,52783.45,53710.35,0,0.0,0.0,0.0,0.0,-0.01,-1,-1,-0.01,-1,-1,-0.01,-1,-1,-0.01,-1,-1,-0.01,-1,-1,-0.01,-1,-1,-0.01,-1,-1,-0.01,-1,-1,-0.01,-1,-1,-0.01,-1,-1
99926009,2026-05-18 14:06:51+05:30,53535.25,0,0.0,0,0.0,0.0,53282.15,53619.2,52783.45,53710.35,0,0.0,0.0,0.0,0.0,-0.01,-1,-1,-0.01,-1,-1,-0.01,-1,-1,-0.01,-1,-1,-0.01,-1,-1,-0.01,-1,-1,-0.01,-1,-1,-0.01,-1,-1,-0.01,-1,-1,-0.01,-1,-1
99926009,2026-05-18 14:06:51+05:30,53533.75,0,0.0,0,0.0,0.0,53282.15,53619.2,52783.45,53710.35,0,0.0,0.0,0.0,0.0,-0.01,-1,-1,-0.01,-1,-1,-0.01,-1,-1,-0.01,-1,-1,-0.01,-1,-1,-0.01,-1,-1,-0.01,-1,-1,-0.01,-1,-1,-0.01,-1,-1,-0.01,-1,-1
99926009,2026-05-18 14:06:52+05:30,53532.6,0,0.0,0,0.0,0.0,53282.15,53619.2,52783.45,53710.35,0,0.0,0.0,0.0,0.0,-0.01,-1,-1,-0.01,-1,-1,-0.01,-1,-1,-0.01,-1,-1,-0.01,-1,-1,-0.01,-1,-1,-0.01,-1,-1,-0.01,-1,-1,-0.01,-1,-1,-0.01,-1,-1
99926009,2026-05-18 14:06:52+05:30,53537.7,0,0.0,0,0.0,0.0,53282.15,53619.2,52783.45,53710.35,0,0.0,0.0,0.0,0.0,-0.01,-1,-1,-0.01,-1,-1,-0.01,-1,-1,-0.01,-1,-1,-0.01,-1,-1,-0.01,-1,-1,-0.01,-1,-1,-0.01,-1,-1,-0.01,-1,-1,-0.01,-1,-1
99926009,2026-05-18 14:06:53+05:30,53536.6,0,0.0,0,0.0,0.0,53282.15,53619.2,52783.45,53710.35,0,0.0,0.0,0.0,0.0,-0.01,-1,-1,-0.01,-1,-1,-0.01,-1,-1,-0.01,-1,-1,-0.01,-1,-1,-0.01,-1,-1,-0.01,-1,-1,-0.01,-1,-1,-0.01,-1,-1,-0.01,-1,-1
99926009,2026-05-18 14:06:53+05:30,53537.35,0,0.0,0,0.0,0.0,53282.15,53619.2,52783.45,53710.35,0,0.0,0.0,0.0,0.0,-0.01,-1,-1,-0.01,-1,-1,-0.01,-1,-1,-0.01,-1,-1,-0.01,-1,-1,-0.01,-1,-1,-0.01,-1,-1,-0.01,-1,-1,-0.01,-1,-1,-0.01,-1,-1
99926009,2026-05-18 14:06:54+05:30,53529.85,0,0.0,0,0.0,0.0,53282.15,53619.2,52783.45,53710.35,0,0.0,0.0,0.0,0.0,-0.01,-1,-1,-0.01,-1,-1,-0.01,-1,-1,-0.01,-1,-1,-0.01,-1,-1,-0.01,-1,-1,-0.01,-1,-1,-0.01,-1,-1,-0.01,-1,-1,-0.01,-1,-1
99926009,2026-05-18 14:06:54+05:30,53527.55,0,0.0,0,0.0,0.0,53282.15,53619.2,52783.45,53710.35,0,0.0,0.0,0.0,0.0,-0.01,-1,-1,-0.01,-1,-1,-0.01,-1,-1,-0.01,-1,-1,-0.01,-1,-1,-0.01,-1,-1,-0.01,-1,-1,-0.01,-1,-1,-0.01,-1,-1,-0.01,-1,-1
99926009,2026-05-18 14:06:55+05:30,53529.3,0,0.0,0,0.0,0.0,53282.15,53619.2,52783.45,53710.35,0,0.0,0.0,0.0,0.0,-0.01,-1,-1,-0.01,-1,-1,-0.01,-1,-1,-0.01,-1,-1,-0.01,-1,-1,-0.01,-1,-1,-0.01,-1,-1,-0.01,-1,-1,-0.01,-1,-1,-0.01,-1,-1
99926009,2026-05-18 14:06:55+05:30,53527.55,0,0.0,0,0.0,0.0,53282.15,53619.2,52783.45,53710.35,0,0.0,0.0,0.0,0.0,-0.01,-1,-1,-0.01,-1,-1,-0.01,-1,-1,-0.01,-1,-1,-0.01,-1,-1,-0.01,-1,-1,-0.01,-1,-1,-0.01,-1,-1,-0.01,-1,-1,-0.01,-1,-1
99926009,2026-05-18 14:06:56+05:30,53525.6,0,0.0,0,0.0,0.0,53282.15,53619.2,52783.45,53710.35,0,0.0,0.0,0.0,0.0,-0.01,-1,-1,-0.01,-1,-1,-0.01,-1,-1,-0.01,-1,-1,-0.01,-1,-1,-0.01,-1,-1,-0.01,-1,-1,-0.01,-1,-1,-0.01,-1,-1,-0.01,-1,-1
99926009,2026-05-18 14:06:56+05:30,53523.6,0,0.0,0,0.0,0.0,53282.15,53619.2,52783.45,53710.35,0,0.0,0.0,0.0,0.0,-0.01,-1,-1,-0.01,-1,-1,-0.01,-1,-1,-0.01,-1,-1,-0.01,-1,-1,-0.01,-1,-1,-0.01,-1,-1,-0.01,-1,-1,-0.01,-1,-1,-0.01,-1,-1
99926009,2026-05-18 14:06:57+05:30,53524.75,0,0.0,0,0.0,0.0,53282.15,53619.2,52783.45,53710.35,0,0.0,0.0,0.0,0.0,-0.01,-1,-1,-0.01,-1,-1,-0.01,-1,-1,-0.01,-1,-1,-0.01,-1,-1,-0.01,-1,-1,-0.01,-1,-1,-0.01,-1,-1,-0.01,-1,-1,-0.01,-1,-1
99926009,2026-05-18 14:06:57+05:30,53522.1,0,0.0,0,0.0,0.0,53282.15,53619.2,52783.45,53710.35,0,0.0,0.0,0.0,0.0,-0.01,-1,-1,-0.01,-1,-1,-0.01,-1,-1,-0.01,-1,-1,-0.01,-1,-1,-0.01,-1,-1,-0.01,-1,-1,-0.01,-1,-1,-0.01,-1,-1,-0.01,-1,-1
99926009,2026-05-18 14:06:58+05:30,53523.6,0,0.0,0,0.0,0.0,53282.15,53619.2,52783.45,53710.35,0,0.0,0.0,0.0,0.0,-0.01,-1,-1,-0.01,-1,-1,-0.01,-1,-1,-0.01,-1,-1,-0.01,-1,-1,-0.01,-1,-1,-0.01,-1,-1,-0.01,-1,-1,-0.01,-1,-1,-0.01,-1,-1
99926009,2026-05-18 14:06:58+05:30,53521.6,0,0.0,0,0.0,0.0,53282.15,53619.2,52783.45,53710.35,0,0.0,0.0,0.0,0.0,-0.01,-1,-1,-0.01,-1,-1,-0.01,-1,-1,-0.01,-1,-1,-0.01,-1,-1,-0.01,-1,-1,-0.01,-1,-1,-0.01,-1,-1,-0.01,-1,-1,-0.01,-1,-1
99926009,2026-05-18 14:06:59+05:30,53522.25,0,0.0,0,0.0,0.0,53282.15,53619.2,52783.45,53710.35,0,0.0,0.0,0.0,0.0,-0.01,-1,-1,-0.01,-1,-1,-0.01,-1,-1,-0.01,-1,-1,-0.01,-1,-1,-0.01,-1,-1,-0.01,-1,-1,-0.01,-1,-1,-0.01,-1,-1,-0.01,-1,-1
99926009,2026-05-18 14:06:59+05:30,53522.8,0,0.0,0,0.0,0.0,53282.15,53619.2,52783.45,53710.35,0,0.0,0.0,0.0,0.0,-0.01,-1,-1,-0.01,-1,-1,-0.01,-1,-1,-0.01,-1,-1,-0.01,-1,-1,-0.01,-1,-1,-0.01,-1,-1,-0.01,-1,-1,-0.01,-1,-1,-0.01,-1,-1
99926009,2026-05-18 14:07:00+05:30,53521.45,0,0.0,0,0.0,0.0,53282.15,53619.2,52783.45,53710.35,0,0.0,0.0,0.0,0.0,-0.01,-1,-1,-0.01,-1,-1,-0.01,-1,-1,-0.01,-1,-1,-0.01,-1,-1,-0.01,-1,-1,-0.01,-1,-1,-0.01,-1,-1,-0.01,-1,-1,-0.01,-1,-1
99926009,2026-05-18 14:07:00+05:30,53521.85,0,0.0,0,0.0,0.0,53282.15,53619.2,52783.45,53710.35,0,0.0,0.0,0.0,0.0,-0.01,-1,-1,-0.01,-1,-1,-0.01,-1,-1,-0.01,-1,-1,-0.01,-1,-1,-0.01,-1,-1,-0.01,-1,-1,-0.01,-1,-1,-0.01,-1,-1,-0.01,-1,-1
99926009,2026-05-18 14:07:01+05:30,53522.75,0,0.0,0,0.0,0.0,53282.15,53619.2,52783.45,53710.35,0,0.0,0.0,0.0,0.0,-0.01,-1,-1,-0.01,-1,-1,-0.01,-1,-1,-0.01,-1,-1,-0.01,-1,-1,-0.01,-1,-1,-0.01,-1,-1,-0.01,-1,-1,-0.01,-1,-1,-0.01,-1,-1
99926009,2026-05-18 14:07:01+05:30,53522.5,0,0.0,0,0.0,0.0,53282.15,53619.2,52783.45,53710.35,0,0.0,0.0,0.0,0.0,-0.01,-1,-1,-0.01,-1,-1,-0.01,-1,-1,-0.01,-1,-1,-0.01,-1,-1,-0.01,-1,-1,-0.01,-1,-1,-0.01,-1,-1,-0.01,-1,-1,-0.01,-1,-1
99926009,2026-05-18 14:07:02+05:30,53523.4,0,0.0,0,0.0,0.0,53282.15,53619.2,52783.45,53710.35,0,0.0,0.0,0.0,0.0,-0.01,-1,-1,-0.01,-1,-1,-0.01,-1,-1,-0.01,-1,-1,-0.01,-1,-1,-0.01,-1,-1,-0.01,-1,-1,-0.01,-1,-1,-0.01,-1,-1,-0.01,-1,-1
99926009,2026-05-18 14:07:02+05:30,53519.05,0,0.0,0,0.0,0.0,53282.15,53619.2,52783.45,53710.35,0,0.0,0.0,0.0,0.0,-0.01,-1,-1,-0.01,-1,-1,-0.01,-1,-1,-0.01,-1,-1,-0.01,-1,-1,-0.01,-1,-1,-0.01,-1,-1,-0.01,-1,-1,-0.01,-1,-1,-0.01,-1,-1
99926009,2026-05-18 14:07:03+05:30,53520.5,0,0.0,0,0.0,0.0,53282.15,53619.2,52783.45,53710.35,0,0.0,0.0,0.0,0.0,-0.01,-1,-1,-0.01,-1,-1,-0.01,-1,-1,-0.01,-1,-1,-0.01,-1,-1,-0.01,-1,-1,-0.01,-1,-1,-0.01,-1,-1,-0.01,-1,-1,-0.01,-1,-1
99926009,2026-05-18 14:07:03+05:30,53518.7,0,0.0,0,0.0,0.0,53282.15,53619.2,52783.45,53710.35,0,0.0,0.0,0.0,0.0,-0.01,-1,-1,-0.01,-1,-1,-0.01,-1,-1,-0.01,-1,-1,-0.01,-1,-1,-0.01,-1,-1,-0.01,-1,-1,-0.01,-1,-1,-0.01,-1,-1,-0.01,-1,-1
99926009,2026-05-18 14:07:04+05:30,53516.45,0,0.0,0,0.0,0.0,53282.15,53619.2,52783.45,53710.35,0,0.0,0.0,0.0,0.0,-0.01,-1,-1,-0.01,-1,-1,-0.01,-1,-1,-0.01,-1,-1,-0.01,-1,-1,-0.01,-1,-1,-0.01,-1,-1,-0.01,-1,-1,-0.01,-1,-1,-0.01,-1,-1
99926009,2026-05-18 14:07:04+05:30,53515.25,0,0.0,0,0.0,0.0,53282.15,53619.2,52783.45,53710.35,0,0.0,0.0,0.0,0.0,-0.01,-1,-1,-0.01,-1,-1,-0.01,-1,-1,-0.01,-1,-1,-0.01,-1,-1,-0.01,-1,-1,-0.01,-1,-1,-0.01,-1,-1,-0.01,-1,-1,-0.01,-1,-1
99926009,2026-05-18 14:07:05+05:30,53516.75,0,0.0,0,0.0,0.0,53282.15,53619.2,52783.45,53710.35,0,0.0,0.0,0.0,0.0,-0.01,-1,-1,-0.01,-1,-1,-0.01,-1,-1,-0.01,-1,-1,-0.01,-1,-1,-0.01,-1,-1,-0.01,-1,-1,-0.01,-1,-1,-0.01,-1,-1,-0.01,-1,-1
99926009,2026-05-18 14:07:05+05:30,53511.7,0,0.0,0,0.0,0.0,53282.15,53619.2,52783.45,53710.35,0,0.0,0.0,0.0,0.0,-0.01,-1,-1,-0.01,-1,-1,-0.01,-1,-1,-0.01,-1,-1,-0.01,-1,-1,-0.01,-1,-1,-0.01,-1,-1,-0.01,-1,-1,-0.01,-1,-1,-0.01,-1,-1
99926009,2026-05-18 14:07:06+05:30,53512.8,0,0.0,0,0.0,0.0,53282.15,53619.2,52783.45,53710.35,0,0.0,0.0,0.0,0.0,-0.01,-1,-1,-0.01,-1,-1,-0.01,-1,-1,-0.01,-1,-1,-0.01,-1,-1,-0.01,-1,-1,-0.01,-1,-1,-0.01,-1,-1,-0.01,-1,-1,-0.01,-1,-1
99926009,2026-05-18 14:07:06+05:30,53515.25,0,0.0,0,0.0,0.0,53282.15,53619.2,52783.45,53710.35,0,0.0,0.0,0.0,0.0,-0.01,-1,-1,-0.01,-1,-1,-0.01,-1,-1,-0.01,-1,-1,-0.01,-1,-1,-0.01,-1,-1,-0.01,-1,-1,-0.01,-1,-1,-0.01,-1,-1,-0.01,-1,-1
99926009,2026-05-18 14:07:07+05:30,53514.75,0,0.0,0,0.0,0.0,53282.15,53619.2,52783.45,53710.35,0,0.0,0.0,0.0,0.0,-0.01,-1,-1,-0.01,-1,-1,-0.01,-1,-1,-0.01,-1,-1,-0.01,-1,-1,-0.01,-1,-1,-0.01,-1,-1,-0.01,-1,-1,-0.01,-1,-1,-0.01,-1,-1
99926009,2026-05-18 14:07:07+05:30,53512.5,0,0.0,0,0.0,0.0,53282.15,53619.2,52783.45,53710.35,0,0.0,0.0,0.0,0.0,-0.01,-1,-1,-0.01,-1,-1,-0.01,-1,-1,-0.01,-1,-1,-0.01,-1,-1,-0.01,-1,-1,-0.01,-1,-1,-0.01,-1,-1,-0.01,-1,-1,-0.01,-1,-1
99926009,2026-05-18 14:07:08+05:30,53510.1,0,0.0,0,0.0,0.0,53282.15,53619.2,52783.45,53710.35,0,0.0,0.0,0.0,0.0,-0.01,-1,-1,-0.01,-1,-1,-0.01,-1,-1,-0.01,-1,-1,-0.01,-1,-1,-0.01,-1,-1,-0.01,-1,-1,-0.01,-1,-1,-0.01,-1,-1,-0.01,-1,-1
99926009,2026-05-18 14:07:08+05:30,53515.65,0,0.0,0,0.0,0.0,53282.15,53619.2,52783.45,53710.35,0,0.0,0.0,0.0,0.0,-0.01,-1,-1,-0.01,-1,-1,-0.01,-1,-1,-0.01,-1,-1,-0.01,-1,-1,-0.01,-1,-1,-0.01,-1,-1,-0.01,-1,-1,-0.01,-1,-1,-0.01,-1,-1
99926009,2026-05-18 14:07:09+05:30,53513.8,0,0.0,0,0.0,0.0,53282.15,53619.2,52783.45,53710.35,0,0.0,0.0,0.0,0.0,-0.01,-1,-1,-0.01,-1,-1,-0.01,-1,-1,-0.01,-1,-1,-0.01,-1,-1,-0.01,-1,-1,-0.01,-1,-1,-0.01,-1,-1,-0.01,-1,-1,-0.01,-1,-1
99926009,2026-05-18 14:07:09+05:30,53511.45,0,0.0,0,0.0,0.0,53282.15,53619.2,52783.45,53710.35,0,0.0,0.0,0.0,0.0,-0.01,-1,-1,-0.01,-1,-1,-0.01,-1,-1,-0.01,-1,-1,-0.01,-1,-1,-0.01,-1,-1,-0.01,-1,-1,-0.01,-1,-1,-0.01,-1,-1,-0.01,-1,-1
99926009,2026-05-18 14:07:10+05:30,53513.3,0,0.0,0,0.0,0.0,53282.15,53619.2,52783.45,53710.35,0,0.0,0.0,0.0,0.0,-0.01,-1,-1,-0.01,-1,-1,-0.01,-1,-1,-0.01,-1,-1,-0.01,-1,-1,-0.01,-1,-1,-0.01,-1,-1,-0.01,-1,-1,-0.01,-1,-1,-0.01,-1,-1
99926009,2026-05-18 14:07:10+05:30,53511.85,0,0.0,0,0.0,0.0,53282.15,53619.2,52783.45,53710.35,0,0.0,0.0,0.0,0.0,-0.01,-1,-1,-0.01,-1,-1,-0.01,-1,-1,-0.01,-1,-1,-0.01,-1,-1,-0.01,-1,-1,-0.01,-1,-1,-0.01,-1,-1,-0.01,-1,-1,-0.01,-1,-1
99926009,2026-05-18 14:07:11+05:30,53512.85,0,0.0,0,0.0,0.0,53282.15,53619.2,52783.45,53710.35,0,0.0,0.0,0.0,0.0,-0.01,-1,-1,-0.01,-1,-1,-0.01,-1,-1,-0.01,-1,-1,-0.01,-1,-1,-0.01,-1,-1,-0.01,-1,-1,-0.01,-1,-1,-0.01,-1,-1,-0.01,-1,-1
99926009,2026-05-18 14:07:11+05:30,53512.0,0,0.0,0,0.0,0.0,53282.15,53619.2,52783.45,53710.35,0,0.0,0.0,0.0,0.0,-0.01,-1,-1,-0.01,-1,-1,-0.01,-1,-1,-0.01,-1,-1,-0.01,-1,-1,-0.01,-1,-1,-0.01,-1,-1,-0.01,-1,-1,-0.01,-1,-1,-0.01,-1,-1
99926009,2026-05-18 14:07:12+05:30,53512.85,0,0.0,0,0.0,0.0,53282.15,53619.2,52783.45,53710.35,0,0.0,0.0,0.0,0.0,-0.01,-1,-1,-0.01,-1,-1,-0.01,-1,-1,-0.01,-1,-1,-0.01,-1,-1,-0.01,-1,-1,-0.01,-1,-1,-0.01,-1,-1,-0.01,-1,-1,-0.01,-1,-1
99926009,2026-05-18 14:07:12+05:30,53511.55,0,0.0,0,0.0,0.0,53282.15,53619.2,52783.45,53710.35,0,0.0,0.0,0.0,0.0,-0.01,-1,-1,-0.01,-1,-1,-0.01,-1,-1,-0.01,-1,-1,-0.01,-1,-1,-0.01,-1,-1,-0.01,-1,-1,-0.01,-1,-1,-0.01,-1,-1,-0.01,-1,-1
99926009,2026-05-18 14:07:13+05:30,53510.65,0,0.0,0,0.0,0.0,53282.15,53619.2,52783.45,53710.35,0,0.0,0.0,0.0,0.0,-0.01,-1,-1,-0.01,-1,-1,-0.01,-1,-1,-0.01,-1,-1,-0.01,-1,-1,-0.01,-1,-1,-0.01,-1,-1,-0.01,-1,-1,-0.01,-1,-1,-0.01,-1,-1
99926009,2026-05-18 14:07:13+05:30,53508.7,0,0.0,0,0.0,0.0,53282.15,53619.2,52783.45,53710.35,0,0.0,0.0,0.0,0.0,-0.01,-1,-1,-0.01,-1,-1,-0.01,-1,-1,-0.01,-1,-1,-0.01,-1,-1,-0.01,-1,-1,-0.01,-1,-1,-0.01,-1,-1,-0.01,-1,-1,-0.01,-1,-1
99926009,2026-05-18 14:07:14+05:30,53504.25,0,0.0,0,0.0,0.0,53282.15,53619.2,52783.45,53710.35,0,0.0,0.0,0.0,0.0,-0.01,-1,-1,-0.01,-1,-1,-0.01,-1,-1,-0.01,-1,-1,-0.01,-1,-1,-0.01,-1,-1,-0.01,-1,-1,-0.01,-1,-1,-0.01,-1,-1,-0.01,-1,-1
99926009,2026-05-18 14:07:14+05:30,53504.3,0,0.0,0,0.0,0.0,53282.15,53619.2,52783.45,53710.35,0,0.0,0.0,0.0,0.0,-0.01,-1,-1,-0.01,-1,-1,-0.01,-1,-1,-0.01,-1,-1,-0.01,-1,-1,-0.01,-1,-1,-0.01,-1,-1,-0.01,-1,-1,-0.01,-1,-1,-0.01,-1,-1
99926009,2026-05-18 14:07:15+05:30,53505.7,0,0.0,0,0.0,0.0,53282.15,53619.2,52783.45,53710.35,0,0.0,0.0,0.0,0.0,-0.01,-1,-1,-0.01,-1,-1,-0.01,-1,-1,-0.01,-1,-1,-0.01,-1,-1,-0.01,-1,-1,-0.01,-1,-1,-0.01,-1,-1,-0.01,-1,-1,-0.01,-1,-1
99926009,2026-05-18 14:07:15+05:30,53500.95,0,0.0,0,0.0,0.0,53282.15,53619.2,52783.45,53710.35,0,0.0,0.0,0.0,0.0,-0.01,-1,-1,-0.01,-1,-1,-0.01,-1,-1,-0.01,-1,-1,-0.01,-1,-1,-0.01,-1,-1,-0.01,-1,-1,-0.01,-1,-1,-0.01,-1,-1,-0.01,-1,-1
99926009,2026-05-18 14:07:16+05:30,53506.55,0,0.0,0,0.0,0.0,53282.15,53619.2,52783.45,53710.35,0,0.0,0.0,0.0,0.0,-0.01,-1,-1,-0.01,-1,-1,-0.01,-1,-1,-0.01,-1,-1,-0.01,-1,-1,-0.01,-1,-1,-0.01,-1,-1,-0.01,-1,-1,-0.01,-1,-1,-0.01,-1,-1
99926009,2026-05-18 14:07:16+05:30,53506.95,0,0.0,0,0.0,0.0,53282.15,53619.2,52783.45,53710.35,0,0.0,0.0,0.0,0.0,-0.01,-1,-1,-0.01,-1,-1,-0.01,-1,-1,-0.01,-1,-1,-0.01,-1,-1,-0.01,-1,-1,-0.01,-1,-1,-0.01,-1,-1,-0.01,-1,-1,-0.01,-1,-1
99926009,2026-05-18 14:07:17+05:30,53504.7,0,0.0,0,0.0,0.0,53282.15,53619.2,52783.45,53710.35,0,0.0,0.0,0.0,0.0,-0.01,-1,-1,-0.01,-1,-1,-0.01,-1,-1,-0.01,-1,-1,-0.01,-1,-1,-0.01,-1,-1,-0.01,-1,-1,-0.01,-1,-1,-0.01,-1,-1,-0.01,-1,-1
99926009,2026-05-18 14:07:17+05:30,53504.4,0,0.0,0,0.0,0.0,53282.15,53619.2,52783.45,53710.35,0,0.0,0.0,0.0,0.0,-0.01,-1,-1,-0.01,-1,-1,-0.01,-1,-1,-0.01,-1,-1,-0.01,-1,-1,-0.01,-1,-1,-0.01,-1,-1,-0.01,-1,-1,-0.01,-1,-1,-0.01,-1,-1
99926009,2026-05-18 14:07:18+05:30,53502.55,0,0.0,0,0.0,0.0,53282.15,53619.2,52783.45,53710.35,0,0.0,0.0,0.0,0.0,-0.01,-1,-1,-0.01,-1,-1,-0.01,-1,-1,-0.01,-1,-1,-0.01,-1,-1,-0.01,-1,-1,-0.01,-1,-1,-0.01,-1,-1,-0.01,-1,-1,-0.01,-1,-1
99926009,2026-05-18 14:07:18+05:30,53502.8,0,0.0,0,0.0,0.0,53282.15,53619.2,52783.45,53710.35,0,0.0,0.0,0.0,0.0,-0.01,-1,-1,-0.01,-1,-1,-0.01,-1,-1,-0.01,-1,-1,-0.01,-1,-1,-0.01,-1,-1,-0.01,-1,-1,-0.01,-1,-1,-0.01,-1,-1,-0.01,-1,-1
99926009,2026-05-18 14:07:19+05:30,53503.4,0,0.0,0,0.0,0.0,53282.15,53619.2,52783.45,53710.35,0,0.0,0.0,0.0,0.0,-0.01,-1,-1,-0.01,-1,-1,-0.01,-1,-1,-0.01,-1,-1,-0.01,-1,-1,-0.01,-1,-1,-0.01,-1,-1,-0.01,-1,-1,-0.01,-1,-1,-0.01,-1,-1
99926009,2026-05-18 14:07:19+05:30,53508.35,0,0.0,0,0.0,0.0,53282.15,53619.2,52783.45,53710.35,0,0.0,0.0,0.0,0.0,-0.01,-1,-1,-0.01,-1,-1,-0.01,-1,-1,-0.01,-1,-1,-0.01,-1,-1,-0.01,-1,-1,-0.01,-1,-1,-0.01,-1,-1,-0.01,-1,-1,-0.01,-1,-1
99926009,2026-05-18 14:07:20+05:30,53508.9,0,0.0,0,0.0,0.0,53282.15,53619.2,52783.45,53710.35,0,0.0,0.0,0.0,0.0,-0.01,-1,-1,-0.01,-1,-1,-0.01,-1,-1,-0.01,-1,-1,-0.01,-1,-1,-0.01,-1,-1,-0.01,-1,-1,-0.01,-1,-1,-0.01,-1,-1,-0.01,-1,-1
99926009,2026-05-18 14:07:20+05:30,53506.85,0,0.0,0,0.0,0.0,53282.15,53619.2,52783.45,53710.35,0,0.0,0.0,0.0,0.0,-0.01,-1,-1,-0.01,-1,-1,-0.01,-1,-1,-0.01,-1,-1,-0.01,-1,-1,-0.01,-1,-1,-0.01,-1,-1,-0.01,-1,-1,-0.01,-1,-1,-0.01,-1,-1
99926009,2026-05-18 14:07:21+05:30,53506.3,0,0.0,0,0.0,0.0,53282.15,53619.2,52783.45,53710.35,0,0.0,0.0,0.0,0.0,-0.01,-1,-1,-0.01,-1,-1,-0.01,-1,-1,-0.01,-1,-1,-0.01,-1,-1,-0.01,-1,-1,-0.01,-1,-1,-0.01,-1,-1,-0.01,-1,-1,-0.01,-1,-1
99926009,2026-05-18 14:07:21+05:30,53508.15,0,0.0,0,0.0,0.0,53282.15,53619.2,52783.45,53710.35,0,0.0,0.0,0.0,0.0,-0.01,-1,-1,-0.01,-1,-1,-0.01,-1,-1,-0.01,-1,-1,-0.01,-1,-1,-0.01,-1,-1,-0.01,-1,-1,-0.01,-1,-1,-0.01,-1,-1,-0.01,-1,-1
99926009,2026-05-18 14:07:22+05:30,53504.7,0,0.0,0,0.0,0.0,53282.15,53619.2,52783.45,53710.35,0,0.0,0.0,0.0,0.0,-0.01,-1,-1,-0.01,-1,-1,-0.01,-1,-1,-0.01,-1,-1,-0.01,-1,-1,-0.01,-1,-1,-0.01,-1,-1,-0.01,-1,-1,-0.01,-1,-1,-0.01,-1,-1
99926009,2026-05-18 14:07:22+05:30,53506.55,0,0.0,0,0.0,0.0,53282.15,53619.2,52783.45,53710.35,0,0.0,0.0,0.0,0.0,-0.01,-1,-1,-0.01,-1,-1,-0.01,-1,-1,-0.01,-1,-1,-0.01,-1,-1,-0.01,-1,-1,-0.01,-1,-1,-0.01,-1,-1,-0.01,-1,-1,-0.01,-1,-1
99926009,2026-05-18 14:07:23+05:30,53511.2,0,0.0,0,0.0,0.0,53282.15,53619.2,52783.45,53710.35,0,0.0,0.0,0.0,0.0,-0.01,-1,-1,-0.01,-1,-1,-0.01,-1,-1,-0.01,-1,-1,-0.01,-1,-1,-0.01,-1,-1,-0.01,-1,-1,-0.01,-1,-1,-0.01,-1,-1,-0.01,-1,-1
99926009,2026-05-18 14:07:23+05:30,53509.2,0,0.0,0,0.0,0.0,53282.15,53619.2,52783.45,53710.35,0,0.0,0.0,0.0,0.0,-0.01,-1,-1,-0.01,-1,-1,-0.01,-1,-1,-0.01,-1,-1,-0.01,-1,-1,-0.01,-1,-1,-0.01,-1,-1,-0.01,-1,-1,-0.01,-1,-1,-0.01,-1,-1
99926009,2026-05-18 14:07:24+05:30,53511.95,0,0.0,0,0.0,0.0,53282.15,53619.2,52783.45,53710.35,0,0.0,0.0,0.0,0.0,-0.01,-1,-1,-0.01,-1,-1,-0.01,-1,-1,-0.01,-1,-1,-0.01,-1,-1,-0.01,-1,-1,-0.01,-1,-1,-0.01,-1,-1,-0.01,-1,-1,-0.01,-1,-1
99926009,2026-05-18 14:07:24+05:30,53508.75,0,0.0,0,0.0,0.0,53282.15,53619.2,52783.45,53710.35,0,0.0,0.0,0.0,0.0,-0.01,-1,-1,-0.01,-1,-1,-0.01,-1,-1,-0.01,-1,-1,-0.01,-1,-1,-0.01,-1,-1,-0.01,-1,-1,-0.01,-1,-1,-0.01,-1,-1,-0.01,-1,-1
99926009,2026-05-18 14:07:25+05:30,53511.05,0,0.0,0,0.0,0.0,53282.15,53619.2,52783.45,53710.35,0,0.0,0.0,0.0,0.0,-0.01,-1,-1,-0.01,-1,-1,-0.01,-1,-1,-0.01,-1,-1,-0.01,-1,-1,-0.01,-1,-1,-0.01,-1,-1,-0.01,-1,-1,-0.01,-1,-1,-0.01,-1,-1
99926009,2026-05-18 14:07:25+05:30,53508.15,0,0.0,0,0.0,0.0,53282.15,53619.2,52783.45,53710.35,0,0.0,0.0,0.0,0.0,-0.01,-1,-1,-0.01,-1,-1,-0.01,-1,-1,-0.01,-1,-1,-0.01,-1,-1,-0.01,-1,-1,-0.01,-1,-1,-0.01,-1,-1,-0.01,-1,-1,-0.01,-1,-1
99926009,2026-05-18 14:07:26+05:30,53509.4,0,0.0,0,0.0,0.0,53282.15,53619.2,52783.45,53710.35,0,0.0,0.0,0.0,0.0,-0.01,-1,-1,-0.01,-1,-1,-0.01,-1,-1,-0.01,-1,-1,-0.01,-1,-1,-0.01,-1,-1,-0.01,-1,-1,-0.01,-1,-1,-0.01,-1,-1,-0.01,-1,-1
99926009,2026-05-18 14:07:26+05:30,53508.1,0,0.0,0,0.0,0.0,53282.15,53619.2,52783.45,53710.35,0,0.0,0.0,0.0,0.0,-0.01,-1,-1,-0.01,-1,-1,-0.01,-1,-1,-0.01,-1,-1,-0.01,-1,-1,-0.01,-1,-1,-0.01,-1,-1,-0.01,-1,-1,-0.01,-1,-1,-0.01,-1,-1
99926009,2026-05-18 14:07:27+05:30,53509.0,0,0.0,0,0.0,0.0,53282.15,53619.2,52783.45,53710.35,0,0.0,0.0,0.0,0.0,-0.01,-1,-1,-0.01,-1,-1,-0.01,-1,-1,-0.01,-1,-1,-0.01,-1,-1,-0.01,-1,-1,-0.01,-1,-1,-0.01,-1,-1,-0.01,-1,-1,-0.01,-1,-1
99926009,2026-05-18 14:07:27+05:30,53506.6,0,0.0,0,0.0,0.0,53282.15,53619.2,52783.45,53710.35,0,0.0,0.0,0.0,0.0,-0.01,-1,-1,-0.01,-1,-1,-0.01,-1,-1,-0.01,-1,-1,-0.01,-1,-1,-0.01,-1,-1,-0.01,-1,-1,-0.01,-1,-1,-0.01,-1,-1,-0.01,-1,-1
99926009,2026-05-18 14:07:28+05:30,53511.85,0,0.0,0,0.0,0.0,53282.15,53619.2,52783.45,53710.35,0,0.0,0.0,0.0,0.0,-0.01,-1,-1,-0.01,-1,-1,-0.01,-1,-1,-0.01,-1,-1,-0.01,-1,-1,-0.01,-1,-1,-0.01,-1,-1,-0.01,-1,-1,-0.01,-1,-1,-0.01,-1,-1
99926009,2026-05-18 14:07:28+05:30,53509.65,0,0.0,0,0.0,0.0,53282.15,53619.2,52783.45,53710.35,0,0.0,0.0,0.0,0.0,-0.01,-1,-1,-0.01,-1,-1,-0.01,-1,-1,-0.01,-1,-1,-0.01,-1,-1,-0.01,-1,-1,-0.01,-1,-1,-0.01,-1,-1,-0.01,-1,-1,-0.01,-1,-1
99926009,2026-05-18 14:07:29+05:30,53511.3,0,0.0,0,0.0,0.0,53282.15,53619.2,52783.45,53710.35,0,0.0,0.0,0.0,0.0,-0.01,-1,-1,-0.01,-1,-1,-0.01,-1,-1,-0.01,-1,-1,-0.01,-1,-1,-0.01,-1,-1,-0.01,-1,-1,-0.01,-1,-1,-0.01,-1,-1,-0.01,-1,-1
99926009,2026-05-18 14:07:29+05:30,53512.2,0,0.0,0,0.0,0.0,53282.15,53619.2,52783.45,53710.35,0,0.0,0.0,0.0,0.0,-0.01,-1,-1,-0.01,-1,-1,-0.01,-1,-1,-0.01,-1,-1,-0.01,-1,-1,-0.01,-1,-1,-0.01,-1,-1,-0.01,-1,-1,-0.01,-1,-1,-0.01,-1,-1
99926009,2026-05-18 14:07:30+05:30,53511.3,0,0.0,0,0.0,0.0,53282.15,53619.2,52783.45,53710.35,0,0.0,0.0,0.0,0.0,-0.01,-1,-1,-0.01,-1,-1,-0.01,-1,-1,-0.01,-1,-1,-0.01,-1,-1,-0.01,-1,-1,-0.01,-1,-1,-0.01,-1,-1,-0.01,-1,-1,-0.01,-1,-1
99926009,2026-05-18 14:07:30+05:30,53510.05,0,0.0,0,0.0,0.0,53282.15,53619.2,52783.45,53710.35,0,0.0,0.0,0.0,0.0,-0.01,-1,-1,-0.01,-1,-1,-0.01,-1,-1,-0.01,-1,-1,-0.01,-1,-1,-0.01,-1,-1,-0.01,-1,-1,-0.01,-1,-1,-0.01,-1,-1,-0.01,-1,-1
99926009,2026-05-18 14:07:31+05:30,53513.65,0,0.0,0,0.0,0.0,53282.15,53619.2,52783.45,53710.35,0,0.0,0.0,0.0,0.0,-0.01,-1,-1,-0.01,-1,-1,-0.01,-1,-1,-0.01,-1,-1,-0.01,-1,-1,-0.01,-1,-1,-0.01,-1,-1,-0.01,-1,-1,-0.01,-1,-1,-0.01,-1,-1
99926009,2026-05-18 14:07:31+05:30,53512.55,0,0.0,0,0.0,0.0,53282.15,53619.2,52783.45,53710.35,0,0.0,0.0,0.0,0.0,-0.01,-1,-1,-0.01,-1,-1,-0.01,-1,-1,-0.01,-1,-1,-0.01,-1,-1,-0.01,-1,-1,-0.01,-1,-1,-0.01,-1,-1,-0.01,-1,-1,-0.01,-1,-1
99926009,2026-05-18 14:07:32+05:30,53509.05,0,0.0,0,0.0,0.0,53282.15,53619.2,52783.45,53710.35,0,0.0,0.0,0.0,0.0,-0.01,-1,-1,-0.01,-1,-1,-0.01,-1,-1,-0.01,-1,-1,-0.01,-1,-1,-0.01,-1,-1,-0.01,-1,-1,-0.01,-1,-1,-0.01,-1,-1,-0.01,-1,-1
99926009,2026-05-18 14:07:32+05:30,53507.7,0,0.0,0,0.0,0.0,53282.15,53619.2,52783.45,53710.35,0,0.0,0.0,0.0,0.0,-0.01,-1,-1,-0.01,-1,-1,-0.01,-1,-1,-0.01,-1,-1,-0.01,-1,-1,-0.01,-1,-1,-0.01,-1,-1,-0.01,-1,-1,-0.01,-1,-1,-0.01,-1,-1
99926009,2026-05-18 14:07:33+05:30,53510.05,0,0.0,0,0.0,0.0,53282.15,53619.2,52783.45,53710.35,0,0.0,0.0,0.0,0.0,-0.01,-1,-1,-0.01,-1,-1,-0.01,-1,-1,-0.01,-1,-1,-0.01,-1,-1,-0.01,-1,-1,-0.01,-1,-1,-0.01,-1,-1,-0.01,-1,-1,-0.01,-1,-1
99926009,2026-05-18 14:07:33+05:30,53510.5,0,0.0,0,0.0,0.0,53282.15,53619.2,52783.45,53710.35,0,0.0,0.0,0.0,0.0,-0.01,-1,-1,-0.01,-1,-1,-0.01,-1,-1,-0.01,-1,-1,-0.01,-1,-1,-0.01,-1,-1,-0.01,-1,-1,-0.01,-1,-1,-0.01,-1,-1,-0.01,-1,-1
99926009,2026-05-18 14:07:34+05:30,53514.2,0,0.0,0,0.0,0.0,53282.15,53619.2,52783.45,53710.35,0,0.0,0.0,0.0,0.0,-0.01,-1,-1,-0.01,-1,-1,-0.01,-1,-1,-0.01,-1,-1,-0.01,-1,-1,-0.01,-1,-1,-0.01,-1,-1,-0.01,-1,-1,-0.01,-1,-1,-0.01,-1,-1
99926009,2026-05-18 14:07:34+05:30,53513.2,0,0.0,0,0.0,0.0,53282.15,53619.2,52783.45,53710.35,0,0.0,0.0,0.0,0.0,-0.01,-1,-1,-0.01,-1,-1,-0.01,-1,-1,-0.01,-1,-1,-0.01,-1,-1,-0.01,-1,-1,-0.01,-1,-1,-0.01,-1,-1,-0.01,-1,-1,-0.01,-1,-1
99926009,2026-05-18 14:07:35+05:30,53513.8,0,0.0,0,0.0,0.0,53282.15,53619.2,52783.45,53710.35,0,0.0,0.0,0.0,0.0,-0.01,-1,-1,-0.01,-1,-1,-0.01,-1,-1,-0.01,-1,-1,-0.01,-1,-1,-0.01,-1,-1,-0.01,-1,-1,-0.01,-1,-1,-0.01,-1,-1,-0.01,-1,-1
99926009,2026-05-18 14:07:35+05:30,53510.25,0,0.0,0,0.0,0.0,53282.15,53619.2,52783.45,53710.35,0,0.0,0.0,0.0,0.0,-0.01,-1,-1,-0.01,-1,-1,-0.01,-1,-1,-0.01,-1,-1,-0.01,-1,-1,-0.01,-1,-1,-0.01,-1,-1,-0.01,-1,-1,-0.01,-1,-1,-0.01,-1,-1
99926009,2026-05-18 14:07:36+05:30,53509.45,0,0.0,0,0.0,0.0,53282.15,53619.2,52783.45,53710.35,0,0.0,0.0,0.0,0.0,-0.01,-1,-1,-0.01,-1,-1,-0.01,-1,-1,-0.01,-1,-1,-0.01,-1,-1,-0.01,-1,-1,-0.01,-1,-1,-0.01,-1,-1,-0.01,-1,-1,-0.01,-1,-1
99926009,2026-05-18 14:07:36+05:30,53512.45,0,0.0,0,0.0,0.0,53282.15,53619.2,52783.45,53710.35,0,0.0,0.0,0.0,0.0,-0.01,-1,-1,-0.01,-1,-1,-0.01,-1,-1,-0.01,-1,-1,-0.01,-1,-1,-0.01,-1,-1,-0.01,-1,-1,-0.01,-1,-1,-0.01,-1,-1,-0.01,-1,-1
99926009,2026-05-18 14:07:37+05:30,53511.3,0,0.0,0,0.0,0.0,53282.15,53619.2,52783.45,53710.35,0,0.0,0.0,0.0,0.0,-0.01,-1,-1,-0.01,-1,-1,-0.01,-1,-1,-0.01,-1,-1,-0.01,-1,-1,-0.01,-1,-1,-0.01,-1,-1,-0.01,-1,-1,-0.01,-1,-1,-0.01,-1,-1
99926009,2026-05-18 14:07:37+05:30,53511.65,0,0.0,0,0.0,0.0,53282.15,53619.2,52783.45,53710.35,0,0.0,0.0,0.0,0.0,-0.01,-1,-1,-0.01,-1,-1,-0.01,-1,-1,-0.01,-1,-1,-0.01,-1,-1,-0.01,-1,-1,-0.01,-1,-1,-0.01,-1,-1,-0.01,-1,-1,-0.01,-1,-1
99926009,2026-05-18 14:07:38+05:30,53508.9,0,0.0,0,0.0,0.0,53282.15,53619.2,52783.45,53710.35,0,0.0,0.0,0.0,0.0,-0.01,-1,-1,-0.01,-1,-1,-0.01,-1,-1,-0.01,-1,-1,-0.01,-1,-1,-0.01,-1,-1,-0.01,-1,-1,-0.01,-1,-1,-0.01,-1,-1,-0.01,-1,-1
99926009,2026-05-18 14:07:38+05:30,53511.0,0,0.0,0,0.0,0.0,53282.15,53619.2,52783.45,53710.35,0,0.0,0.0,0.0,0.0,-0.01,-1,-1,-0.01,-1,-1,-0.01,-1,-1,-0.01,-1,-1,-0.01,-1,-1,-0.01,-1,-1,-0.01,-1,-1,-0.01,-1,-1,-0.01,-1,-1,-0.01,-1,-1
99926009,2026-05-18 14:07:39+05:30,53511.0,0,0.0,0,0.0,0.0,53282.15,53619.2,52783.45,53710.35,0,0.0,0.0,0.0,0.0,-0.01,-1,-1,-0.01,-1,-1,-0.01,-1,-1,-0.01,-1,-1,-0.01,-1,-1,-0.01,-1,-1,-0.01,-1,-1,-0.01,-1,-1,-0.01,-1,-1,-0.01,-1,-1
99926009,2026-05-18 14:07:39+05:30,53511.7,0,0.0,0,0.0,0.0,53282.15,53619.2,52783.45,53710.35,0,0.0,0.0,0.0,0.0,-0.01,-1,-1,-0.01,-1,-1,-0.01,-1,-1,-0.01,-1,-1,-0.01,-1,-1,-0.01,-1,-1,-0.01,-1,-1,-0.01,-1,-1,-0.01,-1,-1,-0.01,-1,-1
99926009,2026-05-18 14:07:40+05:30,53511.75,0,0.0,0,0.0,0.0,53282.15,53619.2,52783.45,53710.35,0,0.0,0.0,0.0,0.0,-0.01,-1,-1,-0.01,-1,-1,-0.01,-1,-1,-0.01,-1,-1,-0.01,-1,-1,-0.01,-1,-1,-0.01,-1,-1,-0.01,-1,-1,-0.01,-1,-1,-0.01,-1,-1
99926009,2026-05-18 14:07:40+05:30,53512.8,0,0.0,0,0.0,0.0,53282.15,53619.2,52783.45,53710.35,0,0.0,0.0,0.0,0.0,-0.01,-1,-1,-0.01,-1,-1,-0.01,-1,-1,-0.01,-1,-1,-0.01,-1,-1,-0.01,-1,-1,-0.01,-1,-1,-0.01,-1,-1,-0.01,-1,-1,-0.01,-1,-1
99926009,2026-05-18 14:07:41+05:30,53514.0,0,0.0,0,0.0,0.0,53282.15,53619.2,52783.45,53710.35,0,0.0,0.0,0.0,0.0,-0.01,-1,-1,-0.01,-1,-1,-0.01,-1,-1,-0.01,-1,-1,-0.01,-1,-1,-0.01,-1,-1,-0.01,-1,-1,-0.01,-1,-1,-0.01,-1,-1,-0.01,-1,-1
99926009,2026-05-18 14:07:41+05:30,53513.6,0,0.0,0,0.0,0.0,53282.15,53619.2,52783.45,53710.35,0,0.0,0.0,0.0,0.0,-0.01,-1,-1,-0.01,-1,-1,-0.01,-1,-1,-0.01,-1,-1,-0.01,-1,-1,-0.01,-1,-1,-0.01,-1,-1,-0.01,-1,-1,-0.01,-1,-1,-0.01,-1,-1
99926009,2026-05-18 14:07:42+05:30,53513.65,0,0.0,0,0.0,0.0,53282.15,53619.2,52783.45,53710.35,0,0.0,0.0,0.0,0.0,-0.01,-1,-1,-0.01,-1,-1,-0.01,-1,-1,-0.01,-1,-1,-0.01,-1,-1,-0.01,-1,-1,-0.01,-1,-1,-0.01,-1,-1,-0.01,-1,-1,-0.01,-1,-1
99926009,2026-05-18 14:07:42+05:30,53514.45,0,0.0,0,0.0,0.0,53282.15,53619.2,52783.45,53710.35,0,0.0,0.0,0.0,0.0,-0.01,-1,-1,-0.01,-1,-1,-0.01,-1,-1,-0.01,-1,-1,-0.01,-1,-1,-0.01,-1,-1,-0.01,-1,-1,-0.01,-1,-1,-0.01,-1,-1,-0.01,-1,-1
99926009,2026-05-18 14:07:43+05:30,53513.3,0,0.0,0,0.0,0.0,53282.15,53619.2,52783.45,53710.35,0,0.0,0.0,0.0,0.0,-0.01,-1,-1,-0.01,-1,-1,-0.01,-1,-1,-0.01,-1,-1,-0.01,-1,-1,-0.01,-1,-1,-0.01,-1,-1,-0.01,-1,-1,-0.01,-1,-1,-0.01,-1,-1
99926009,2026-05-18 14:07:43+05:30,53515.7,0,0.0,0,0.0,0.0,53282.15,53619.2,52783.45,53710.35,0,0.0,0.0,0.0,0.0,-0.01,-1,-1,-0.01,-1,-1,-0.01,-1,-1,-0.01,-1,-1,-0.01,-1,-1,-0.01,-1,-1,-0.01,-1,-1,-0.01,-1,-1,-0.01,-1,-1,-0.01,-1,-1
99926009,2026-05-18 14:07:44+05:30,53516.95,0,0.0,0,0.0,0.0,53282.15,53619.2,52783.45,53710.35,0,0.0,0.0,0.0,0.0,-0.01,-1,-1,-0.01,-1,-1,-0.01,-1,-1,-0.01,-1,-1,-0.01,-1,-1,-0.01,-1,-1,-0.01,-1,-1,-0.01,-1,-1,-0.01,-1,-1,-0.01,-1,-1
99926009,2026-05-18 14:07:44+05:30,53513.0,0,0.0,0,0.0,0.0,53282.15,53619.2,52783.45,53710.35,0,0.0,0.0,0.0,0.0,-0.01,-1,-1,-0.01,-1,-1,-0.01,-1,-1,-0.01,-1,-1,-0.01,-1,-1,-0.01,-1,-1,-0.01,-1,-1,-0.01,-1,-1,-0.01,-1,-1,-0.01,-1,-1
99926009,2026-05-18 14:07:45+05:30,53514.0,0,0.0,0,0.0,0.0,53282.15,53619.2,52783.45,53710.35,0,0.0,0.0,0.0,0.0,-0.01,-1,-1,-0.01,-1,-1,-0.01,-1,-1,-0.01,-1,-1,-0.01,-1,-1,-0.01,-1,-1,-0.01,-1,-1,-0.01,-1,-1,-0.01,-1,-1,-0.01,-1,-1
99926009,2026-05-18 14:07:45+05:30,53515.0,0,0.0,0,0.0,0.0,53282.15,53619.2,52783.45,53710.35,0,0.0,0.0,0.0,0.0,-0.01,-1,-1,-0.01,-1,-1,-0.01,-1,-1,-0.01,-1,-1,-0.01,-1,-1,-0.01,-1,-1,-0.01,-1,-1,-0.01,-1,-1,-0.01,-1,-1,-0.01,-1,-1
99926009,2026-05-18 14:07:46+05:30,53514.25,0,0.0,0,0.0,0.0,53282.15,53619.2,52783.45,53710.35,0,0.0,0.0,0.0,0.0,-0.01,-1,-1,-0.01,-1,-1,-0.01,-1,-1,-0.01,-1,-1,-0.01,-1,-1,-0.01,-1,-1,-0.01,-1,-1,-0.01,-1,-1,-0.01,-1,-1,-0.01,-1,-1
99926009,2026-05-18 14:07:46+05:30,53514.2,0,0.0,0,0.0,0.0,53282.15,53619.2,52783.45,53710.35,0,0.0,0.0,0.0,0.0,-0.01,-1,-1,-0.01,-1,-1,-0.01,-1,-1,-0.01,-1,-1,-0.01,-1,-1,-0.01,-1,-1,-0.01,-1,-1,-0.01,-1,-1,-0.01,-1,-1,-0.01,-1,-1
99926009,2026-05-18 14:07:47+05:30,53518.25,0,0.0,0,0.0,0.0,53282.15,53619.2,52783.45,53710.35,0,0.0,0.0,0.0,0.0,-0.01,-1,-1,-0.01,-1,-1,-0.01,-1,-1,-0.01,-1,-1,-0.01,-1,-1,-0.01,-1,-1,-0.01,-1,-1,-0.01,-1,-1,-0.01,-1,-1,-0.01,-1,-1
99926009,2026-05-18 14:07:47+05:30,53517.55,0,0.0,0,0.0,0.0,53282.15,53619.2,52783.45,53710.35,0,0.0,0.0,0.0,0.0,-0.01,-1,-1,-0.01,-1,-1,-0.01,-1,-1,-0.01,-1,-1,-0.01,-1,-1,-0.01,-1,-1,-0.01,-1,-1,-0.01,-1,-1,-0.01,-1,-1,-0.01,-1,-1
99926009,2026-05-18 14:07:48+05:30,53518.1,0,0.0,0,0.0,0.0,53282.15,53619.2,52783.45,53710.35,0,0.0,0.0,0.0,0.0,-0.01,-1,-1,-0.01,-1,-1,-0.01,-1,-1,-0.01,-1,-1,-0.01,-1,-1,-0.01,-1,-1,-0.01,-1,-1,-0.01,-1,-1,-0.01,-1,-1,-0.01,-1,-1
99926009,2026-05-18 14:07:48+05:30,53518.5,0,0.0,0,0.0,0.0,53282.15,53619.2,52783.45,53710.35,0,0.0,0.0,0.0,0.0,-0.01,-1,-1,-0.01,-1,-1,-0.01,-1,-1,-0.01,-1,-1,-0.01,-1,-1,-0.01,-1,-1,-0.01,-1,-1,-0.01,-1,-1,-0.01,-1,-1,-0.01,-1,-1
99926009,2026-05-18 14:07:49+05:30,53519.25,0,0.0,0,0.0,0.0,53282.15,53619.2,52783.45,53710.35,0,0.0,0.0,0.0,0.0,-0.01,-1,-1,-0.01,-1,-1,-0.01,-1,-1,-0.01,-1,-1,-0.01,-1,-1,-0.01,-1,-1,-0.01,-1,-1,-0.01,-1,-1,-0.01,-1,-1,-0.01,-1,-1
99926009,2026-05-18 14:07:49+05:30,53520.15,0,0.0,0,0.0,0.0,53282.15,53619.2,52783.45,53710.35,0,0.0,0.0,0.0,0.0,-0.01,-1,-1,-0.01,-1,-1,-0.01,-1,-1,-0.01,-1,-1,-0.01,-1,-1,-0.01,-1,-1,-0.01,-1,-1,-0.01,-1,-1,-0.01,-1,-1,-0.01,-1,-1
99926009,2026-05-18 14:07:50+05:30,53521.7,0,0.0,0,0.0,0.0,53282.15,53619.2,52783.45,53710.35,0,0.0,0.0,0.0,0.0,-0.01,-1,-1,-0.01,-1,-1,-0.01,-1,-1,-0.01,-1,-1,-0.01,-1,-1,-0.01,-1,-1,-0.01,-1,-1,-0.01,-1,-1,-0.01,-1,-1,-0.01,-1,-1
99926009,2026-05-18 14:07:50+05:30,53521.0,0,0.0,0,0.0,0.0,53282.15,53619.2,52783.45,53710.35,0,0.0,0.0,0.0,0.0,-0.01,-1,-1,-0.01,-1,-1,-0.01,-1,-1,-0.01,-1,-1,-0.01,-1,-1,-0.01,-1,-1,-0.01,-1,-1,-0.01,-1,-1,-0.01,-1,-1,-0.01,-1,-1
99926009,2026-05-18 14:07:51+05:30,53520.35,0,0.0,0,0.0,0.0,53282.15,53619.2,52783.45,53710.35,0,0.0,0.0,0.0,0.0,-0.01,-1,-1,-0.01,-1,-1,-0.01,-1,-1,-0.01,-1,-1,-0.01,-1,-1,-0.01,-1,-1,-0.01,-1,-1,-0.01,-1,-1,-0.01,-1,-1,-0.01,-1,-1
99926009,2026-05-18 14:07:51+05:30,53519.5,0,0.0,0,0.0,0.0,53282.15,53619.2,52783.45,53710.35,0,0.0,0.0,0.0,0.0,-0.01,-1,-1,-0.01,-1,-1,-0.01,-1,-1,-0.01,-1,-1,-0.01,-1,-1,-0.01,-1,-1,-0.01,-1,-1,-0.01,-1,-1,-0.01,-1,-1,-0.01,-1,-1
99926009,2026-05-18 14:07:52+05:30,53520.2,0,0.0,0,0.0,0.0,53282.15,53619.2,52783.45,53710.35,0,0.0,0.0,0.0,0.0,-0.01,-1,-1,-0.01,-1,-1,-0.01,-1,-1,-0.01,-1,-1,-0.01,-1,-1,-0.01,-1,-1,-0.01,-1,-1,-0.01,-1,-1,-0.01,-1,-1,-0.01,-1,-1
99926009,2026-05-18 14:07:52+05:30,53517.0,0,0.0,0,0.0,0.0,53282.15,53619.2,52783.45,53710.35,0,0.0,0.0,0.0,0.0,-0.01,-1,-1,-0.01,-1,-1,-0.01,-1,-1,-0.01,-1,-1,-0.01,-1,-1,-0.01,-1,-1,-0.01,-1,-1,-0.01,-1,-1,-0.01,-1,-1,-0.01,-1,-1
99926009,2026-05-18 14:07:53+05:30,53514.35,0,0.0,0,0.0,0.0,53282.15,53619.2,52783.45,53710.35,0,0.0,0.0,0.0,0.0,-0.01,-1,-1,-0.01,-1,-1,-0.01,-1,-1,-0.01,-1,-1,-0.01,-1,-1,-0.01,-1,-1,-0.01,-1,-1,-0.01,-1,-1,-0.01,-1,-1,-0.01,-1,-1
99926009,2026-05-18 14:07:53+05:30,53516.55,0,0.0,0,0.0,0.0,53282.15,53619.2,52783.45,53710.35,0,0.0,0.0,0.0,0.0,-0.01,-1,-1,-0.01,-1,-1,-0.01,-1,-1,-0.01,-1,-1,-0.01,-1,-1,-0.01,-1,-1,-0.01,-1,-1,-0.01,-1,-1,-0.01,-1,-1,-0.01,-1,-1
99926009,2026-05-18 14:07:54+05:30,53515.25,0,0.0,0,0.0,0.0,53282.15,53619.2,52783.45,53710.35,0,0.0,0.0,0.0,0.0,-0.01,-1,-1,-0.01,-1,-1,-0.01,-1,-1,-0.01,-1,-1,-0.01,-1,-1,-0.01,-1,-1,-0.01,-1,-1,-0.01,-1,-1,-0.01,-1,-1,-0.01,-1,-1
99926009,2026-05-18 14:07:54+05:30,53515.7,0,0.0,0,0.0,0.0,53282.15,53619.2,52783.45,53710.35,0,0.0,0.0,0.0,0.0,-0.01,-1,-1,-0.01,-1,-1,-0.01,-1,-1,-0.01,-1,-1,-0.01,-1,-1,-0.01,-1,-1,-0.01,-1,-1,-0.01,-1,-1,-0.01,-1,-1,-0.01,-1,-1
99926009,2026-05-18 14:07:55+05:30,53520.8,0,0.0,0,0.0,0.0,53282.15,53619.2,52783.45,53710.35,0,0.0,0.0,0.0,0.0,-0.01,-1,-1,-0.01,-1,-1,-0.01,-1,-1,-0.01,-1,-1,-0.01,-1,-1,-0.01,-1,-1,-0.01,-1,-1,-0.01,-1,-1,-0.01,-1,-1,-0.01,-1,-1
99926009,2026-05-18 14:07:55+05:30,53519.6,0,0.0,0,0.0,0.0,53282.15,53619.2,52783.45,53710.35,0,0.0,0.0,0.0,0.0,-0.01,-1,-1,-0.01,-1,-1,-0.01,-1,-1,-0.01,-1,-1,-0.01,-1,-1,-0.01,-1,-1,-0.01,-1,-1,-0.01,-1,-1,-0.01,-1,-1,-0.01,-1,-1
99926009,2026-05-18 14:07:56+05:30,53516.15,0,0.0,0,0.0,0.0,53282.15,53619.2,52783.45,53710.35,0,0.0,0.0,0.0,0.0,-0.01,-1,-1,-0.01,-1,-1,-0.01,-1,-1,-0.01,-1,-1,-0.01,-1,-1,-0.01,-1,-1,-0.01,-1,-1,-0.01,-1,-1,-0.01,-1,-1,-0.01,-1,-1
99926009,2026-05-18 14:07:56+05:30,53517.85,0,0.0,0,0.0,0.0,53282.15,53619.2,52783.45,53710.35,0,0.0,0.0,0.0,0.0,-0.01,-1,-1,-0.01,-1,-1,-0.01,-1,-1,-0.01,-1,-1,-0.01,-1,-1,-0.01,-1,-1,-0.01,-1,-1,-0.01,-1,-1,-0.01,-1,-1,-0.01,-1,-1
99926009,2026-05-18 14:07:57+05:30,53520.05,0,0.0,0,0.0,0.0,53282.15,53619.2,52783.45,53710.35,0,0.0,0.0,0.0,0.0,-0.01,-1,-1,-0.01,-1,-1,-0.01,-1,-1,-0.01,-1,-1,-0.01,-1,-1,-0.01,-1,-1,-0.01,-1,-1,-0.01,-1,-1,-0.01,-1,-1,-0.01,-1,-1
99926009,2026-05-18 14:07:57+05:30,53517.85,0,0.0,0,0.0,0.0,53282.15,53619.2,52783.45,53710.35,0,0.0,0.0,0.0,0.0,-0.01,-1,-1,-0.01,-1,-1,-0.01,-1,-1,-0.01,-1,-1,-0.01,-1,-1,-0.01,-1,-1,-0.01,-1,-1,-0.01,-1,-1,-0.01,-1,-1,-0.01,-1,-1
99926009,2026-05-18 14:07:58+05:30,53517.7,0,0.0,0,0.0,0.0,53282.15,53619.2,52783.45,53710.35,0,0.0,0.0,0.0,0.0,-0.01,-1,-1,-0.01,-1,-1,-0.01,-1,-1,-0.01,-1,-1,-0.01,-1,-1,-0.01,-1,-1,-0.01,-1,-1,-0.01,-1,-1,-0.01,-1,-1,-0.01,-1,-1
99926009,2026-05-18 14:07:58+05:30,53517.15,0,0.0,0,0.0,0.0,53282.15,53619.2,52783.45,53710.35,0,0.0,0.0,0.0,0.0,-0.01,-1,-1,-0.01,-1,-1,-0.01,-1,-1,-0.01,-1,-1,-0.01,-1,-1,-0.01,-1,-1,-0.01,-1,-1,-0.01,-1,-1,-0.01,-1,-1,-0.01,-1,-1
99926009,2026-05-18 14:07:59+05:30,53516.45,0,0.0,0,0.0,0.0,53282.15,53619.2,52783.45,53710.35,0,0.0,0.0,0.0,0.0,-0.01,-1,-1,-0.01,-1,-1,-0.01,-1,-1,-0.01,-1,-1,-0.01,-1,-1,-0.01,-1,-1,-0.01,-1,-1,-0.01,-1,-1,-0.01,-1,-1,-0.01,-1,-1
99926009,2026-05-18 14:07:59+05:30,53516.1,0,0.0,0,0.0,0.0,53282.15,53619.2,52783.45,53710.35,0,0.0,0.0,0.0,0.0,-0.01,-1,-1,-0.01,-1,-1,-0.01,-1,-1,-0.01,-1,-1,-0.01,-1,-1,-0.01,-1,-1,-0.01,-1,-1,-0.01,-1,-1,-0.01,-1,-1,-0.01,-1,-1
99926009,2026-05-18 14:08:00+05:30,53517.25,0,0.0,0,0.0,0.0,53282.15,53619.2,52783.45,53710.35,0,0.0,0.0,0.0,0.0,-0.01,-1,-1,-0.01,-1,-1,-0.01,-1,-1,-0.01,-1,-1,-0.01,-1,-1,-0.01,-1,-1,-0.01,-1,-1,-0.01,-1,-1,-0.01,-1,-1,-0.01,-1,-1
99926009,2026-05-18 14:08:00+05:30,53516.55,0,0.0,0,0.0,0.0,53282.15,53619.2,52783.45,53710.35,0,0.0,0.0,0.0,0.0,-0.01,-1,-1,-0.01,-1,-1,-0.01,-1,-1,-0.01,-1,-1,-0.01,-1,-1,-0.01,-1,-1,-0.01,-1,-1,-0.01,-1,-1,-0.01,-1,-1,-0.01,-1,-1
99926009,2026-05-18 14:08:01+05:30,53517.95,0,0.0,0,0.0,0.0,53282.15,53619.2,52783.45,53710.35,0,0.0,0.0,0.0,0.0,-0.01,-1,-1,-0.01,-1,-1,-0.01,-1,-1,-0.01,-1,-1,-0.01,-1,-1,-0.01,-1,-1,-0.01,-1,-1,-0.01,-1,-1,-0.01,-1,-1,-0.01,-1,-1
99926009,2026-05-18 14:08:01+05:30,53513.85,0,0.0,0,0.0,0.0,53282.15,53619.2,52783.45,53710.35,0,0.0,0.0,0.0,0.0,-0.01,-1,-1,-0.01,-1,-1,-0.01,-1,-1,-0.01,-1,-1,-0.01,-1,-1,-0.01,-1,-1,-0.01,-1,-1,-0.01,-1,-1,-0.01,-1,-1,-0.01,-1,-1
99926009,2026-05-18 14:08:02+05:30,53516.3,0,0.0,0,0.0,0.0,53282.15,53619.2,52783.45,53710.35,0,0.0,0.0,0.0,0.0,-0.01,-1,-1,-0.01,-1,-1,-0.01,-1,-1,-0.01,-1,-1,-0.01,-1,-1,-0.01,-1,-1,-0.01,-1,-1,-0.01,-1,-1,-0.01,-1,-1,-0.01,-1,-1
99926009,2026-05-18 14:08:02+05:30,53516.25,0,0.0,0,0.0,0.0,53282.15,53619.2,52783.45,53710.35,0,0.0,0.0,0.0,0.0,-0.01,-1,-1,-0.01,-1,-1,-0.01,-1,-1,-0.01,-1,-1,-0.01,-1,-1,-0.01,-1,-1,-0.01,-1,-1,-0.01,-1,-1,-0.01,-1,-1,-0.01,-1,-1
99926009,2026-05-18 14:08:03+05:30,53513.95,0,0.0,0,0.0,0.0,53282.15,53619.2,52783.45,53710.35,0,0.0,0.0,0.0,0.0,-0.01,-1,-1,-0.01,-1,-1,-0.01,-1,-1,-0.01,-1,-1,-0.01,-1,-1,-0.01,-1,-1,-0.01,-1,-1,-0.01,-1,-1,-0.01,-1,-1,-0.01,-1,-1
99926009,2026-05-18 14:08:03+05:30,53513.05,0,0.0,0,0.0,0.0,53282.15,53619.2,52783.45,53710.35,0,0.0,0.0,0.0,0.0,-0.01,-1,-1,-0.01,-1,-1,-0.01,-1,-1,-0.01,-1,-1,-0.01,-1,-1,-0.01,-1,-1,-0.01,-1,-1,-0.01,-1,-1,-0.01,-1,-1,-0.01,-1,-1
99926009,2026-05-18 14:08:04+05:30,53514.65,0,0.0,0,0.0,0.0,53282.15,53619.2,52783.45,53710.35,0,0.0,0.0,0.0,0.0,-0.01,-1,-1,-0.01,-1,-1,-0.01,-1,-1,-0.01,-1,-1,-0.01,-1,-1,-0.01,-1,-1,-0.01,-1,-1,-0.01,-1,-1,-0.01,-1,-1,-0.01,-1,-1
99926009,2026-05-18 14:08:04+05:30,53516.35,0,0.0,0,0.0,0.0,53282.15,53619.2,52783.45,53710.35,0,0.0,0.0,0.0,0.0,-0.01,-1,-1,-0.01,-1,-1,-0.01,-1,-1,-0.01,-1,-1,-0.01,-1,-1,-0.01,-1,-1,-0.01,-1,-1,-0.01,-1,-1,-0.01,-1,-1,-0.01,-1,-1
99926009,2026-05-18 14:08:05+05:30,53514.55,0,0.0,0,0.0,0.0,53282.15,53619.2,52783.45,53710.35,0,0.0,0.0,0.0,0.0,-0.01,-1,-1,-0.01,-1,-1,-0.01,-1,-1,-0.01,-1,-1,-0.01,-1,-1,-0.01,-1,-1,-0.01,-1,-1,-0.01,-1,-1,-0.01,-1,-1,-0.01,-1,-1
99926009,2026-05-18 14:08:05+05:30,53515.15,0,0.0,0,0.0,0.0,53282.15,53619.2,52783.45,53710.35,0,0.0,0.0,0.0,0.0,-0.01,-1,-1,-0.01,-1,-1,-0.01,-1,-1,-0.01,-1,-1,-0.01,-1,-1,-0.01,-1,-1,-0.01,-1,-1,-0.01,-1,-1,-0.01,-1,-1,-0.01,-1,-1
99926009,2026-05-18 14:08:06+05:30,53515.95,0,0.0,0,0.0,0.0,53282.15,53619.2,52783.45,53710.35,0,0.0,0.0,0.0,0.0,-0.01,-1,-1,-0.01,-1,-1,-0.01,-1,-1,-0.01,-1,-1,-0.01,-1,-1,-0.01,-1,-1,-0.01,-1,-1,-0.01,-1,-1,-0.01,-1,-1,-0.01,-1,-1
99926009,2026-05-18 14:08:06+05:30,53517.2,0,0.0,0,0.0,0.0,53282.15,53619.2,52783.45,53710.35,0,0.0,0.0,0.0,0.0,-0.01,-1,-1,-0.01,-1,-1,-0.01,-1,-1,-0.01,-1,-1,-0.01,-1,-1,-0.01,-1,-1,-0.01,-1,-1,-0.01,-1,-1,-0.01,-1,-1,-0.01,-1,-1
99926009,2026-05-18 14:08:07+05:30,53518.55,0,0.0,0,0.0,0.0,53282.15,53619.2,52783.45,53710.35,0,0.0,0.0,0.0,0.0,-0.01,-1,-1,-0.01,-1,-1,-0.01,-1,-1,-0.01,-1,-1,-0.01,-1,-1,-0.01,-1,-1,-0.01,-1,-1,-0.01,-1,-1,-0.01,-1,-1,-0.01,-1,-1
99926009,2026-05-18 14:08:07+05:30,53519.0,0,0.0,0,0.0,0.0,53282.15,53619.2,52783.45,53710.35,0,0.0,0.0,0.0,0.0,-0.01,-1,-1,-0.01,-1,-1,-0.01,-1,-1,-0.01,-1,-1,-0.01,-1,-1,-0.01,-1,-1,-0.01,-1,-1,-0.01,-1,-1,-0.01,-1,-1,-0.01,-1,-1
99926009,2026-05-18 14:08:08+05:30,53519.25,0,0.0,0,0.0,0.0,53282.15,53619.2,52783.45,53710.35,0,0.0,0.0,0.0,0.0,-0.01,-1,-1,-0.01,-1,-1,-0.01,-1,-1,-0.01,-1,-1,-0.01,-1,-1,-0.01,-1,-1,-0.01,-1,-1,-0.01,-1,-1,-0.01,-1,-1,-0.01,-1,-1
99926009,2026-05-18 14:08:08+05:30,53519.55,0,0.0,0,0.0,0.0,53282.15,53619.2,52783.45,53710.35,0,0.0,0.0,0.0,0.0,-0.01,-1,-1,-0.01,-1,-1,-0.01,-1,-1,-0.01,-1,-1,-0.01,-1,-1,-0.01,-1,-1,-0.01,-1,-1,-0.01,-1,-1,-0.01,-1,-1,-0.01,-1,-1
99926009,2026-05-18 14:08:09+05:30,53522.75,0,0.0,0,0.0,0.0,53282.15,53619.2,52783.45,53710.35,0,0.0,0.0,0.0,0.0,-0.01,-1,-1,-0.01,-1,-1,-0.01,-1,-1,-0.01,-1,-1,-0.01,-1,-1,-0.01,-1,-1,-0.01,-1,-1,-0.01,-1,-1,-0.01,-1,-1,-0.01,-1,-1
99926009,2026-05-18 14:08:09+05:30,53521.25,0,0.0,0,0.0,0.0,53282.15,53619.2,52783.45,53710.35,0,0.0,0.0,0.0,0.0,-0.01,-1,-1,-0.01,-1,-1,-0.01,-1,-1,-0.01,-1,-1,-0.01,-1,-1,-0.01,-1,-1,-0.01,-1,-1,-0.01,-1,-1,-0.01,-1,-1,-0.01,-1,-1
99926009,2026-05-18 14:08:10+05:30,53521.2,0,0.0,0,0.0,0.0,53282.15,53619.2,52783.45,53710.35,0,0.0,0.0,0.0,0.0,-0.01,-1,-1,-0.01,-1,-1,-0.01,-1,-1,-0.01,-1,-1,-0.01,-1,-1,-0.01,-1,-1,-0.01,-1,-1,-0.01,-1,-1,-0.01,-1,-1,-0.01,-1,-1
99926009,2026-05-18 14:08:10+05:30,53522.0,0,0.0,0,0.0,0.0,53282.15,53619.2,52783.45,53710.35,0,0.0,0.0,0.0,0.0,-0.01,-1,-1,-0.01,-1,-1,-0.01,-1,-1,-0.01,-1,-1,-0.01,-1,-1,-0.01,-1,-1,-0.01,-1,-1,-0.01,-1,-1,-0.01,-1,-1,-0.01,-1,-1
99926009,2026-05-18 14:08:11+05:30,53524.8,0,0.0,0,0.0,0.0,53282.15,53619.2,52783.45,53710.35,0,0.0,0.0,0.0,0.0,-0.01,-1,-1,-0.01,-1,-1,-0.01,-1,-1,-0.01,-1,-1,-0.01,-1,-1,-0.01,-1,-1,-0.01,-1,-1,-0.01,-1,-1,-0.01,-1,-1,-0.01,-1,-1
99926009,2026-05-18 14:08:11+05:30,53524.2,0,0.0,0,0.0,0.0,53282.15,53619.2,52783.45,53710.35,0,0.0,0.0,0.0,0.0,-0.01,-1,-1,-0.01,-1,-1,-0.01,-1,-1,-0.01,-1,-1,-0.01,-1,-1,-0.01,-1,-1,-0.01,-1,-1,-0.01,-1,-1,-0.01,-1,-1,-0.01,-1,-1
99926009,2026-05-18 14:08:12+05:30,53525.3,0,0.0,0,0.0,0.0,53282.15,53619.2,52783.45,53710.35,0,0.0,0.0,0.0,0.0,-0.01,-1,-1,-0.01,-1,-1,-0.01,-1,-1,-0.01,-1,-1,-0.01,-1,-1,-0.01,-1,-1,-0.01,-1,-1,-0.01,-1,-1,-0.01,-1,-1,-0.01,-1,-1
99926009,2026-05-18 14:08:12+05:30,53523.1,0,0.0,0,0.0,0.0,53282.15,53619.2,52783.45,53710.35,0,0.0,0.0,0.0,0.0,-0.01,-1,-1,-0.01,-1,-1,-0.01,-1,-1,-0.01,-1,-1,-0.01,-1,-1,-0.01,-1,-1,-0.01,-1,-1,-0.01,-1,-1,-0.01,-1,-1,-0.01,-1,-1
99926009,2026-05-18 14:08:13+05:30,53525.2,0,0.0,0,0.0,0.0,53282.15,53619.2,52783.45,53710.35,0,0.0,0.0,0.0,0.0,-0.01,-1,-1,-0.01,-1,-1,-0.01,-1,-1,-0.01,-1,-1,-0.01,-1,-1,-0.01,-1,-1,-0.01,-1,-1,-0.01,-1,-1,-0.01,-1,-1,-0.01,-1,-1
99926009,2026-05-18 14:08:13+05:30,53521.6,0,0.0,0,0.0,0.0,53282.15,53619.2,52783.45,53710.35,0,0.0,0.0,0.0,0.0,-0.01,-1,-1,-0.01,-1,-1,-0.01,-1,-1,-0.01,-1,-1,-0.01,-1,-1,-0.01,-1,-1,-0.01,-1,-1,-0.01,-1,-1,-0.01,-1,-1,-0.01,-1,-1
99926009,2026-05-18 14:08:14+05:30,53521.8,0,0.0,0,0.0,0.0,53282.15,53619.2,52783.45,53710.35,0,0.0,0.0,0.0,0.0,-0.01,-1,-1,-0.01,-1,-1,-0.01,-1,-1,-0.01,-1,-1,-0.01,-1,-1,-0.01,-1,-1,-0.01,-1,-1,-0.01,-1,-1,-0.01,-1,-1,-0.01,-1,-1
99926009,2026-05-18 14:08:14+05:30,53521.6,0,0.0,0,0.0,0.0,53282.15,53619.2,52783.45,53710.35,0,0.0,0.0,0.0,0.0,-0.01,-1,-1,-0.01,-1,-1,-0.01,-1,-1,-0.01,-1,-1,-0.01,-1,-1,-0.01,-1,-1,-0.01,-1,-1,-0.01,-1,-1,-0.01,-1,-1,-0.01,-1,-1
99926009,2026-05-18 14:08:15+05:30,53524.55,0,0.0,0,0.0,0.0,53282.15,53619.2,52783.45,53710.35,0,0.0,0.0,0.0,0.0,-0.01,-1,-1,-0.01,-1,-1,-0.01,-1,-1,-0.01,-1,-1,-0.01,-1,-1,-0.01,-1,-1,-0.01,-1,-1,-0.01,-1,-1,-0.01,-1,-1,-0.01,-1,-1
99926009,2026-05-18 14:08:15+05:30,53525.8,0,0.0,0,0.0,0.0,53282.15,53619.2,52783.45,53710.35,0,0.0,0.0,0.0,0.0,-0.01,-1,-1,-0.01,-1,-1,-0.01,-1,-1,-0.01,-1,-1,-0.01,-1,-1,-0.01,-1,-1,-0.01,-1,-1,-0.01,-1,-1,-0.01,-1,-1,-0.01,-1,-1
99926009,2026-05-18 14:08:16+05:30,53525.35,0,0.0,0,0.0,0.0,53282.15,53619.2,52783.45,53710.35,0,0.0,0.0,0.0,0.0,-0.01,-1,-1,-0.01,-1,-1,-0.01,-1,-1,-0.01,-1,-1,-0.01,-1,-1,-0.01,-1,-1,-0.01,-1,-1,-0.01,-1,-1,-0.01,-1,-1,-0.01,-1,-1
99926009,2026-05-18 14:08:16+05:30,53524.65,0,0.0,0,0.0,0.0,53282.15,53619.2,52783.45,53710.35,0,0.0,0.0,0.0,0.0,-0.01,-1,-1,-0.01,-1,-1,-0.01,-1,-1,-0.01,-1,-1,-0.01,-1,-1,-0.01,-1,-1,-0.01,-1,-1,-0.01,-1,-1,-0.01,-1,-1,-0.01,-1,-1
99926009,2026-05-18 14:08:17+05:30,53525.25,0,0.0,0,0.0,0.0,53282.15,53619.2,52783.45,53710.35,0,0.0,0.0,0.0,0.0,-0.01,-1,-1,-0.01,-1,-1,-0.01,-1,-1,-0.01,-1,-1,-0.01,-1,-1,-0.01,-1,-1,-0.01,-1,-1,-0.01,-1,-1,-0.01,-1,-1,-0.01,-1,-1
99926009,2026-05-18 14:08:17+05:30,53525.4,0,0.0,0,0.0,0.0,53282.15,53619.2,52783.45,53710.35,0,0.0,0.0,0.0,0.0,-0.01,-1,-1,-0.01,-1,-1,-0.01,-1,-1,-0.01,-1,-1,-0.01,-1,-1,-0.01,-1,-1,-0.01,-1,-1,-0.01,-1,-1,-0.01,-1,-1,-0.01,-1,-1
99926009,2026-05-18 14:08:18+05:30,53525.5,0,0.0,0,0.0,0.0,53282.15,53619.2,52783.45,53710.35,0,0.0,0.0,0.0,0.0,-0.01,-1,-1,-0.01,-1,-1,-0.01,-1,-1,-0.01,-1,-1,-0.01,-1,-1,-0.01,-1,-1,-0.01,-1,-1,-0.01,-1,-1,-0.01,-1,-1,-0.01,-1,-1
99926009,2026-05-18 14:08:18+05:30,53525.75,0,0.0,0,0.0,0.0,53282.15,53619.2,52783.45,53710.35,0,0.0,0.0,0.0,0.0,-0.01,-1,-1,-0.01,-1,-1,-0.01,-1,-1,-0.01,-1,-1,-0.01,-1,-1,-0.01,-1,-1,-0.01,-1,-1,-0.01,-1,-1,-0.01,-1,-1,-0.01,-1,-1
99926009,2026-05-18 14:08:19+05:30,53525.55,0,0.0,0,0.0,0.0,53282.15,53619.2,52783.45,53710.35,0,0.0,0.0,0.0,0.0,-0.01,-1,-1,-0.01,-1,-1,-0.01,-1,-1,-0.01,-1,-1,-0.01,-1,-1,-0.01,-1,-1,-0.01,-1,-1,-0.01,-1,-1,-0.01,-1,-1,-0.01,-1,-1
99926009,2026-05-18 14:08:19+05:30,53528.6,0,0.0,0,0.0,0.0,53282.15,53619.2,52783.45,53710.35,0,0.0,0.0,0.0,0.0,-0.01,-1,-1,-0.01,-1,-1,-0.01,-1,-1,-0.01,-1,-1,-0.01,-1,-1,-0.01,-1,-1,-0.01,-1,-1,-0.01,-1,-1,-0.01,-1,-1,-0.01,-1,-1
99926009,2026-05-18 14:08:20+05:30,53526.75,0,0.0,0,0.0,0.0,53282.15,53619.2,52783.45,53710.35,0,0.0,0.0,0.0,0.0,-0.01,-1,-1,-0.01,-1,-1,-0.01,-1,-1,-0.01,-1,-1,-0.01,-1,-1,-0.01,-1,-1,-0.01,-1,-1,-0.01,-1,-1,-0.01,-1,-1,-0.01,-1,-1
99926009,2026-05-18 14:08:20+05:30,53526.25,0,0.0,0,0.0,0.0,53282.15,53619.2,52783.45,53710.35,0,0.0,0.0,0.0,0.0,-0.01,-1,-1,-0.01,-1,-1,-0.01,-1,-1,-0.01,-1,-1,-0.01,-1,-1,-0.01,-1,-1,-0.01,-1,-1,-0.01,-1,-1,-0.01,-1,-1,-0.01,-1,-1
99926009,2026-05-18 14:08:21+05:30,53525.55,0,0.0,0,0.0,0.0,53282.15,53619.2,52783.45,53710.35,0,0.0,0.0,0.0,0.0,-0.01,-1,-1,-0.01,-1,-1,-0.01,-1,-1,-0.01,-1,-1,-0.01,-1,-1,-0.01,-1,-1,-0.01,-1,-1,-0.01,-1,-1,-0.01,-1,-1,-0.01,-1,-1
99926009,2026-05-18 14:08:21+05:30,53527.5,0,0.0,0,0.0,0.0,53282.15,53619.2,52783.45,53710.35,0,0.0,0.0,0.0,0.0,-0.01,-1,-1,-0.01,-1,-1,-0.01,-1,-1,-0.01,-1,-1,-0.01,-1,-1,-0.01,-1,-1,-0.01,-1,-1,-0.01,-1,-1,-0.01,-1,-1,-0.01,-1,-1
99926009,2026-05-18 14:08:22+05:30,53526.05,0,0.0,0,0.0,0.0,53282.15,53619.2,52783.45,53710.35,0,0.0,0.0,0.0,0.0,-0.01,-1,-1,-0.01,-1,-1,-0.01,-1,-1,-0.01,-1,-1,-0.01,-1,-1,-0.01,-1,-1,-0.01,-1,-1,-0.01,-1,-1,-0.01,-1,-1,-0.01,-1,-1
99926009,2026-05-18 14:08:22+05:30,53524.15,0,0.0,0,0.0,0.0,53282.15,53619.2,52783.45,53710.35,0,0.0,0.0,0.0,0.0,-0.01,-1,-1,-0.01,-1,-1,-0.01,-1,-1,-0.01,-1,-1,-0.01,-1,-1,-0.01,-1,-1,-0.01,-1,-1,-0.01,-1,-1,-0.01,-1,-1,-0.01,-1,-1
99926009,2026-05-18 14:08:23+05:30,53522.75,0,0.0,0,0.0,0.0,53282.15,53619.2,52783.45,53710.35,0,0.0,0.0,0.0,0.0,-0.01,-1,-1,-0.01,-1,-1,-0.01,-1,-1,-0.01,-1,-1,-0.01,-1,-1,-0.01,-1,-1,-0.01,-1,-1,-0.01,-1,-1,-0.01,-1,-1,-0.01,-1,-1
99926009,2026-05-18 14:08:23+05:30,53524.55,0,0.0,0,0.0,0.0,53282.15,53619.2,52783.45,53710.35,0,0.0,0.0,0.0,0.0,-0.01,-1,-1,-0.01,-1,-1,-0.01,-1,-1,-0.01,-1,-1,-0.01,-1,-1,-0.01,-1,-1,-0.01,-1,-1,-0.01,-1,-1,-0.01,-1,-1,-0.01,-1,-1
99926009,2026-05-18 14:08:24+05:30,53526.05,0,0.0,0,0.0,0.0,53282.15,53619.2,52783.45,53710.35,0,0.0,0.0,0.0,0.0,-0.01,-1,-1,-0.01,-1,-1,-0.01,-1,-1,-0.01,-1,-1,-0.01,-1,-1,-0.01,-1,-1,-0.01,-1,-1,-0.01,-1,-1,-0.01,-1,-1,-0.01,-1,-1
99926009,2026-05-18 14:08:24+05:30,53525.55,0,0.0,0,0.0,0.0,53282.15,53619.2,52783.45,53710.35,0,0.0,0.0,0.0,0.0,-0.01,-1,-1,-0.01,-1,-1,-0.01,-1,-1,-0.01,-1,-1,-0.01,-1,-1,-0.01,-1,-1,-0.01,-1,-1,-0.01,-1,-1,-0.01,-1,-1,-0.01,-1,-1
99926009,2026-05-18 14:08:25+05:30,53526.65,0,0.0,0,0.0,0.0,53282.15,53619.2,52783.45,53710.35,0,0.0,0.0,0.0,0.0,-0.01,-1,-1,-0.01,-1,-1,-0.01,-1,-1,-0.01,-1,-1,-0.01,-1,-1,-0.01,-1,-1,-0.01,-1,-1,-0.01,-1,-1,-0.01,-1,-1,-0.01,-1,-1
99926009,2026-05-18 14:08:25+05:30,53527.4,0,0.0,0,0.0,0.0,53282.15,53619.2,52783.45,53710.35,0,0.0,0.0,0.0,0.0,-0.01,-1,-1,-0.01,-1,-1,-0.01,-1,-1,-0.01,-1,-1,-0.01,-1,-1,-0.01,-1,-1,-0.01,-1,-1,-0.01,-1,-1,-0.01,-1,-1,-0.01,-1,-1
99926009,2026-05-18 14:08:26+05:30,53525.85,0,0.0,0,0.0,0.0,53282.15,53619.2,52783.45,53710.35,0,0.0,0.0,0.0,0.0,-0.01,-1,-1,-0.01,-1,-1,-0.01,-1,-1,-0.01,-1,-1,-0.01,-1,-1,-0.01,-1,-1,-0.01,-1,-1,-0.01,-1,-1,-0.01,-1,-1,-0.01,-1,-1
99926009,2026-05-18 14:08:26+05:30,53522.55,0,0.0,0,0.0,0.0,53282.15,53619.2,52783.45,53710.35,0,0.0,0.0,0.0,0.0,-0.01,-1,-1,-0.01,-1,-1,-0.01,-1,-1,-0.01,-1,-1,-0.01,-1,-1,-0.01,-1,-1,-0.01,-1,-1,-0.01,-1,-1,-0.01,-1,-1,-0.01,-1,-1
99926009,2026-05-18 14:08:27+05:30,53522.75,0,0.0,0,0.0,0.0,53282.15,53619.2,52783.45,53710.35,0,0.0,0.0,0.0,0.0,-0.01,-1,-1,-0.01,-1,-1,-0.01,-1,-1,-0.01,-1,-1,-0.01,-1,-1,-0.01,-1,-1,-0.01,-1,-1,-0.01,-1,-1,-0.01,-1,-1,-0.01,-1,-1
99926009,2026-05-18 14:08:27+05:30,53524.85,0,0.0,0,0.0,0.0,53282.15,53619.2,52783.45,53710.35,0,0.0,0.0,0.0,0.0,-0.01,-1,-1,-0.01,-1,-1,-0.01,-1,-1,-0.01,-1,-1,-0.01,-1,-1,-0.01,-1,-1,-0.01,-1,-1,-0.01,-1,-1,-0.01,-1,-1,-0.01,-1,-1
99926009,2026-05-18 14:08:28+05:30,53525.45,0,0.0,0,0.0,0.0,53282.15,53619.2,52783.45,53710.35,0,0.0,0.0,0.0,0.0,-0.01,-1,-1,-0.01,-1,-1,-0.01,-1,-1,-0.01,-1,-1,-0.01,-1,-1,-0.01,-1,-1,-0.01,-1,-1,-0.01,-1,-1,-0.01,-1,-1,-0.01,-1,-1
99926009,2026-05-18 14:08:28+05:30,53526.5,0,0.0,0,0.0,0.0,53282.15,53619.2,52783.45,53710.35,0,0.0,0.0,0.0,0.0,-0.01,-1,-1,-0.01,-1,-1,-0.01,-1,-1,-0.01,-1,-1,-0.01,-1,-1,-0.01,-1,-1,-0.01,-1,-1,-0.01,-1,-1,-0.01,-1,-1,-0.01,-1,-1
99926009,2026-05-18 14:08:29+05:30,53525.45,0,0.0,0,0.0,0.0,53282.15,53619.2,52783.45,53710.35,0,0.0,0.0,0.0,0.0,-0.01,-1,-1,-0.01,-1,-1,-0.01,-1,-1,-0.01,-1,-1,-0.01,-1,-1,-0.01,-1,-1,-0.01,-1,-1,-0.01,-1,-1,-0.01,-1,-1,-0.01,-1,-1
99926009,2026-05-18 14:08:29+05:30,53519.6,0,0.0,0,0.0,0.0,53282.15,53619.2,52783.45,53710.35,0,0.0,0.0,0.0,0.0,-0.01,-1,-1,-0.01,-1,-1,-0.01,-1,-1,-0.01,-1,-1,-0.01,-1,-1,-0.01,-1,-1,-0.01,-1,-1,-0.01,-1,-1,-0.01,-1,-1,-0.01,-1,-1
99926009,2026-05-18 14:08:30+05:30,53523.8,0,0.0,0,0.0,0.0,53282.15,53619.2,52783.45,53710.35,0,0.0,0.0,0.0,0.0,-0.01,-1,-1,-0.01,-1,-1,-0.01,-1,-1,-0.01,-1,-1,-0.01,-1,-1,-0.01,-1,-1,-0.01,-1,-1,-0.01,-1,-1,-0.01,-1,-1,-0.01,-1,-1
99926009,2026-05-18 14:08:30+05:30,53524.25,0,0.0,0,0.0,0.0,53282.15,53619.2,52783.45,53710.35,0,0.0,0.0,0.0,0.0,-0.01,-1,-1,-0.01,-1,-1,-0.01,-1,-1,-0.01,-1,-1,-0.01,-1,-1,-0.01,-1,-1,-0.01,-1,-1,-0.01,-1,-1,-0.01,-1,-1,-0.01,-1,-1
99926009,2026-05-18 14:08:31+05:30,53524.85,0,0.0,0,0.0,0.0,53282.15,53619.2,52783.45,53710.35,0,0.0,0.0,0.0,0.0,-0.01,-1,-1,-0.01,-1,-1,-0.01,-1,-1,-0.01,-1,-1,-0.01,-1,-1,-0.01,-1,-1,-0.01,-1,-1,-0.01,-1,-1,-0.01,-1,-1,-0.01,-1,-1
99926009,2026-05-18 14:08:31+05:30,53524.6,0,0.0,0,0.0,0.0,53282.15,53619.2,52783.45,53710.35,0,0.0,0.0,0.0,0.0,-0.01,-1,-1,-0.01,-1,-1,-0.01,-1,-1,-0.01,-1,-1,-0.01,-1,-1,-0.01,-1,-1,-0.01,-1,-1,-0.01,-1,-1,-0.01,-1,-1,-0.01,-1,-1
99926009,2026-05-18 14:08:32+05:30,53521.35,0,0.0,0,0.0,0.0,53282.15,53619.2,52783.45,53710.35,0,0.0,0.0,0.0,0.0,-0.01,-1,-1,-0.01,-1,-1,-0.01,-1,-1,-0.01,-1,-1,-0.01,-1,-1,-0.01,-1,-1,-0.01,-1,-1,-0.01,-1,-1,-0.01,-1,-1,-0.01,-1,-1
99926009,2026-05-18 14:08:32+05:30,53522.55,0,0.0,0,0.0,0.0,53282.15,53619.2,52783.45,53710.35,0,0.0,0.0,0.0,0.0,-0.01,-1,-1,-0.01,-1,-1,-0.01,-1,-1,-0.01,-1,-1,-0.01,-1,-1,-0.01,-1,-1,-0.01,-1,-1,-0.01,-1,-1,-0.01,-1,-1,-0.01,-1,-1
99926009,2026-05-18 14:08:33+05:30,53524.25,0,0.0,0,0.0,0.0,53282.15,53619.2,52783.45,53710.35,0,0.0,0.0,0.0,0.0,-0.01,-1,-1,-0.01,-1,-1,-0.01,-1,-1,-0.01,-1,-1,-0.01,-1,-1,-0.01,-1,-1,-0.01,-1,-1,-0.01,-1,-1,-0.01,-1,-1,-0.01,-1,-1
99926009,2026-05-18 14:08:33+05:30,53525.8,0,0.0,0,0.0,0.0,53282.15,53619.2,52783.45,53710.35,0,0.0,0.0,0.0,0.0,-0.01,-1,-1,-0.01,-1,-1,-0.01,-1,-1,-0.01,-1,-1,-0.01,-1,-1,-0.01,-1,-1,-0.01,-1,-1,-0.01,-1,-1,-0.01,-1,-1,-0.01,-1,-1
99926009,2026-05-18 14:08:34+05:30,53525.35,0,0.0,0,0.0,0.0,53282.15,53619.2,52783.45,53710.35,0,0.0,0.0,0.0,0.0,-0.01,-1,-1,-0.01,-1,-1,-0.01,-1,-1,-0.01,-1,-1,-0.01,-1,-1,-0.01,-1,-1,-0.01,-1,-1,-0.01,-1,-1,-0.01,-1,-1,-0.01,-1,-1
99926009,2026-05-18 14:08:34+05:30,53523.95,0,0.0,0,0.0,0.0,53282.15,53619.2,52783.45,53710.35,0,0.0,0.0,0.0,0.0,-0.01,-1,-1,-0.01,-1,-1,-0.01,-1,-1,-0.01,-1,-1,-0.01,-1,-1,-0.01,-1,-1,-0.01,-1,-1,-0.01,-1,-1,-0.01,-1,-1,-0.01,-1,-1
99926009,2026-05-18 14:08:35+05:30,53522.25,0,0.0,0,0.0,0.0,53282.15,53619.2,52783.45,53710.35,0,0.0,0.0,0.0,0.0,-0.01,-1,-1,-0.01,-1,-1,-0.01,-1,-1,-0.01,-1,-1,-0.01,-1,-1,-0.01,-1,-1,-0.01,-1,-1,-0.01,-1,-1,-0.01,-1,-1,-0.01,-1,-1
99926009,2026-05-18 14:08:35+05:30,53522.45,0,0.0,0,0.0,0.0,53282.15,53619.2,52783.45,53710.35,0,0.0,0.0,0.0,0.0,-0.01,-1,-1,-0.01,-1,-1,-0.01,-1,-1,-0.01,-1,-1,-0.01,-1,-1,-0.01,-1,-1,-0.01,-1,-1,-0.01,-1,-1,-0.01,-1,-1,-0.01,-1,-1
99926009,2026-05-18 14:08:36+05:30,53523.6,0,0.0,0,0.0,0.0,53282.15,53619.2,52783.45,53710.35,0,0.0,0.0,0.0,0.0,-0.01,-1,-1,-0.01,-1,-1,-0.01,-1,-1,-0.01,-1,-1,-0.01,-1,-1,-0.01,-1,-1,-0.01,-1,-1,-0.01,-1,-1,-0.01,-1,-1,-0.01,-1,-1
99926009,2026-05-18 14:08:36+05:30,53522.15,0,0.0,0,0.0,0.0,53282.15,53619.2,52783.45,53710.35,0,0.0,0.0,0.0,0.0,-0.01,-1,-1,-0.01,-1,-1,-0.01,-1,-1,-0.01,-1,-1,-0.01,-1,-1,-0.01,-1,-1,-0.01,-1,-1,-0.01,-1,-1,-0.01,-1,-1,-0.01,-1,-1
99926009,2026-05-18 14:08:37+05:30,53521.65,0,0.0,0,0.0,0.0,53282.15,53619.2,52783.45,53710.35,0,0.0,0.0,0.0,0.0,-0.01,-1,-1,-0.01,-1,-1,-0.01,-1,-1,-0.01,-1,-1,-0.01,-1,-1,-0.01,-1,-1,-0.01,-1,-1,-0.01,-1,-1,-0.01,-1,-1,-0.01,-1,-1
99926009,2026-05-18 14:08:37+05:30,53523.4,0,0.0,0,0.0,0.0,53282.15,53619.2,52783.45,53710.35,0,0.0,0.0,0.0,0.0,-0.01,-1,-1,-0.01,-1,-1,-0.01,-1,-1,-0.01,-1,-1,-0.01,-1,-1,-0.01,-1,-1,-0.01,-1,-1,-0.01,-1,-1,-0.01,-1,-1,-0.01,-1,-1
99926009,2026-05-18 14:08:38+05:30,53520.45,0,0.0,0,0.0,0.0,53282.15,53619.2,52783.45,53710.35,0,0.0,0.0,0.0,0.0,-0.01,-1,-1,-0.01,-1,-1,-0.01,-1,-1,-0.01,-1,-1,-0.01,-1,-1,-0.01,-1,-1,-0.01,-1,-1,-0.01,-1,-1,-0.01,-1,-1,-0.01,-1,-1
99926009,2026-05-18 14:08:38+05:30,53524.55,0,0.0,0,0.0,0.0,53282.15,53619.2,52783.45,53710.35,0,0.0,0.0,0.0,0.0,-0.01,-1,-1,-0.01,-1,-1,-0.01,-1,-1,-0.01,-1,-1,-0.01,-1,-1,-0.01,-1,-1,-0.01,-1,-1,-0.01,-1,-1,-0.01,-1,-1,-0.01,-1,-1
99926009,2026-05-18 14:08:39+05:30,53523.7,0,0.0,0,0.0,0.0,53282.15,53619.2,52783.45,53710.35,0,0.0,0.0,0.0,0.0,-0.01,-1,-1,-0.01,-1,-1,-0.01,-1,-1,-0.01,-1,-1,-0.01,-1,-1,-0.01,-1,-1,-0.01,-1,-1,-0.01,-1,-1,-0.01,-1,-1,-0.01,-1,-1
99926009,2026-05-18 14:08:39+05:30,53520.35,0,0.0,0,0.0,0.0,53282.15,53619.2,52783.45,53710.35,0,0.0,0.0,0.0,0.0,-0.01,-1,-1,-0.01,-1,-1,-0.01,-1,-1,-0.01,-1,-1,-0.01,-1,-1,-0.01,-1,-1,-0.01,-1,-1,-0.01,-1,-1,-0.01,-1,-1,-0.01,-1,-1
99926009,2026-05-18 14:08:40+05:30,53519.85,0,0.0,0,0.0,0.0,53282.15,53619.2,52783.45,53710.35,0,0.0,0.0,0.0,0.0,-0.01,-1,-1,-0.01,-1,-1,-0.01,-1,-1,-0.01,-1,-1,-0.01,-1,-1,-0.01,-1,-1,-0.01,-1,-1,-0.01,-1,-1,-0.01,-1,-1,-0.01,-1,-1
99926009,2026-05-18 14:08:40+05:30,53518.3,0,0.0,0,0.0,0.0,53282.15,53619.2,52783.45,53710.35,0,0.0,0.0,0.0,0.0,-0.01,-1,-1,-0.01,-1,-1,-0.01,-1,-1,-0.01,-1,-1,-0.01,-1,-1,-0.01,-1,-1,-0.01,-1,-1,-0.01,-1,-1,-0.01,-1,-1,-0.01,-1,-1
99926009,2026-05-18 14:08:41+05:30,53520.5,0,0.0,0,0.0,0.0,53282.15,53619.2,52783.45,53710.35,0,0.0,0.0,0.0,0.0,-0.01,-1,-1,-0.01,-1,-1,-0.01,-1,-1,-0.01,-1,-1,-0.01,-1,-1,-0.01,-1,-1,-0.01,-1,-1,-0.01,-1,-1,-0.01,-1,-1,-0.01,-1,-1
99926009,2026-05-18 14:08:41+05:30,53517.75,0,0.0,0,0.0,0.0,53282.15,53619.2,52783.45,53710.35,0,0.0,0.0,0.0,0.0,-0.01,-1,-1,-0.01,-1,-1,-0.01,-1,-1,-0.01,-1,-1,-0.01,-1,-1,-0.01,-1,-1,-0.01,-1,-1,-0.01,-1,-1,-0.01,-1,-1,-0.01,-1,-1
99926009,2026-05-18 14:08:42+05:30,53518.75,0,0.0,0,0.0,0.0,53282.15,53619.2,52783.45,53710.35,0,0.0,0.0,0.0,0.0,-0.01,-1,-1,-0.01,-1,-1,-0.01,-1,-1,-0.01,-1,-1,-0.01,-1,-1,-0.01,-1,-1,-0.01,-1,-1,-0.01,-1,-1,-0.01,-1,-1,-0.01,-1,-1
99926009,2026-05-18 14:08:42+05:30,53520.65,0,0.0,0,0.0,0.0,53282.15,53619.2,52783.45,53710.35,0,0.0,0.0,0.0,0.0,-0.01,-1,-1,-0.01,-1,-1,-0.01,-1,-1,-0.01,-1,-1,-0.01,-1,-1,-0.01,-1,-1,-0.01,-1,-1,-0.01,-1,-1,-0.01,-1,-1,-0.01,-1,-1
99926009,2026-05-18 14:08:43+05:30,53519.9,0,0.0,0,0.0,0.0,53282.15,53619.2,52783.45,53710.35,0,0.0,0.0,0.0,0.0,-0.01,-1,-1,-0.01,-1,-1,-0.01,-1,-1,-0.01,-1,-1,-0.01,-1,-1,-0.01,-1,-1,-0.01,-1,-1,-0.01,-1,-1,-0.01,-1,-1,-0.01,-1,-1
99926009,2026-05-18 14:08:43+05:30,53519.75,0,0.0,0,0.0,0.0,53282.15,53619.2,52783.45,53710.35,0,0.0,0.0,0.0,0.0,-0.01,-1,-1,-0.01,-1,-1,-0.01,-1,-1,-0.01,-1,-1,-0.01,-1,-1,-0.01,-1,-1,-0.01,-1,-1,-0.01,-1,-1,-0.01,-1,-1,-0.01,-1,-1
99926009,2026-05-18 14:08:44+05:30,53517.95,0,0.0,0,0.0,0.0,53282.15,53619.2,52783.45,53710.35,0,0.0,0.0,0.0,0.0,-0.01,-1,-1,-0.01,-1,-1,-0.01,-1,-1,-0.01,-1,-1,-0.01,-1,-1,-0.01,-1,-1,-0.01,-1,-1,-0.01,-1,-1,-0.01,-1,-1,-0.01,-1,-1
99926009,2026-05-18 14:08:44+05:30,53522.3,0,0.0,0,0.0,0.0,53282.15,53619.2,52783.45,53710.35,0,0.0,0.0,0.0,0.0,-0.01,-1,-1,-0.01,-1,-1,-0.01,-1,-1,-0.01,-1,-1,-0.01,-1,-1,-0.01,-1,-1,-0.01,-1,-1,-0.01,-1,-1,-0.01,-1,-1,-0.01,-1,-1
99926009,2026-05-18 14:08:45+05:30,53519.95,0,0.0,0,0.0,0.0,53282.15,53619.2,52783.45,53710.35,0,0.0,0.0,0.0,0.0,-0.01,-1,-1,-0.01,-1,-1,-0.01,-1,-1,-0.01,-1,-1,-0.01,-1,-1,-0.01,-1,-1,-0.01,-1,-1,-0.01,-1,-1,-0.01,-1,-1,-0.01,-1,-1
99926009,2026-05-18 14:08:45+05:30,53524.2,0,0.0,0,0.0,0.0,53282.15,53619.2,52783.45,53710.35,0,0.0,0.0,0.0,0.0,-0.01,-1,-1,-0.01,-1,-1,-0.01,-1,-1,-0.01,-1,-1,-0.01,-1,-1,-0.01,-1,-1,-0.01,-1,-1,-0.01,-1,-1,-0.01,-1,-1,-0.01,-1,-1
99926009,2026-05-18 14:08:46+05:30,53522.85,0,0.0,0,0.0,0.0,53282.15,53619.2,52783.45,53710.35,0,0.0,0.0,0.0,0.0,-0.01,-1,-1,-0.01,-1,-1,-0.01,-1,-1,-0.01,-1,-1,-0.01,-1,-1,-0.01,-1,-1,-0.01,-1,-1,-0.01,-1,-1,-0.01,-1,-1,-0.01,-1,-1
99926009,2026-05-18 14:08:46+05:30,53522.65,0,0.0,0,0.0,0.0,53282.15,53619.2,52783.45,53710.35,0,0.0,0.0,0.0,0.0,-0.01,-1,-1,-0.01,-1,-1,-0.01,-1,-1,-0.01,-1,-1,-0.01,-1,-1,-0.01,-1,-1,-0.01,-1,-1,-0.01,-1,-1,-0.01,-1,-1,-0.01,-1,-1
99926009,2026-05-18 14:08:47+05:30,53522.9,0,0.0,0,0.0,0.0,53282.15,53619.2,52783.45,53710.35,0,0.0,0.0,0.0,0.0,-0.01,-1,-1,-0.01,-1,-1,-0.01,-1,-1,-0.01,-1,-1,-0.01,-1,-1,-0.01,-1,-1,-0.01,-1,-1,-0.01,-1,-1,-0.01,-1,-1,-0.01,-1,-1
99926009,2026-05-18 14:08:47+05:30,53526.65,0,0.0,0,0.0,0.0,53282.15,53619.2,52783.45,53710.35,0,0.0,0.0,0.0,0.0,-0.01,-1,-1,-0.01,-1,-1,-0.01,-1,-1,-0.01,-1,-1,-0.01,-1,-1,-0.01,-1,-1,-0.01,-1,-1,-0.01,-1,-1,-0.01,-1,-1,-0.01,-1,-1
99926009,2026-05-18 14:08:48+05:30,53525.5,0,0.0,0,0.0,0.0,53282.15,53619.2,52783.45,53710.35,0,0.0,0.0,0.0,0.0,-0.01,-1,-1,-0.01,-1,-1,-0.01,-1,-1,-0.01,-1,-1,-0.01,-1,-1,-0.01,-1,-1,-0.01,-1,-1,-0.01,-1,-1,-0.01,-1,-1,-0.01,-1,-1
99926009,2026-05-18 14:08:48+05:30,53523.45,0,0.0,0,0.0,0.0,53282.15,53619.2,52783.45,53710.35,0,0.0,0.0,0.0,0.0,-0.01,-1,-1,-0.01,-1,-1,-0.01,-1,-1,-0.01,-1,-1,-0.01,-1,-1,-0.01,-1,-1,-0.01,-1,-1,-0.01,-1,-1,-0.01,-1,-1,-0.01,-1,-1
99926009,2026-05-18 14:08:49+05:30,53525.65,0,0.0,0,0.0,0.0,53282.15,53619.2,52783.45,53710.35,0,0.0,0.0,0.0,0.0,-0.01,-1,-1,-0.01,-1,-1,-0.01,-1,-1,-0.01,-1,-1,-0.01,-1,-1,-0.01,-1,-1,-0.01,-1,-1,-0.01,-1,-1,-0.01,-1,-1,-0.01,-1,-1
99926009,2026-05-18 14:08:49+05:30,53526.75,0,0.0,0,0.0,0.0,53282.15,53619.2,52783.45,53710.35,0,0.0,0.0,0.0,0.0,-0.01,-1,-1,-0.01,-1,-1,-0.01,-1,-1,-0.01,-1,-1,-0.01,-1,-1,-0.01,-1,-1,-0.01,-1,-1,-0.01,-1,-1,-0.01,-1,-1,-0.01,-1,-1
99926009,2026-05-18 14:08:50+05:30,53522.9,0,0.0,0,0.0,0.0,53282.15,53619.2,52783.45,53710.35,0,0.0,0.0,0.0,0.0,-0.01,-1,-1,-0.01,-1,-1,-0.01,-1,-1,-0.01,-1,-1,-0.01,-1,-1,-0.01,-1,-1,-0.01,-1,-1,-0.01,-1,-1,-0.01,-1,-1,-0.01,-1,-1
99926009,2026-05-18 14:08:50+05:30,53524.7,0,0.0,0,0.0,0.0,53282.15,53619.2,52783.45,53710.35,0,0.0,0.0,0.0,0.0,-0.01,-1,-1,-0.01,-1,-1,-0.01,-1,-1,-0.01,-1,-1,-0.01,-1,-1,-0.01,-1,-1,-0.01,-1,-1,-0.01,-1,-1,-0.01,-1,-1,-0.01,-1,-1
99926009,2026-05-18 14:08:51+05:30,53526.9,0,0.0,0,0.0,0.0,53282.15,53619.2,52783.45,53710.35,0,0.0,0.0,0.0,0.0,-0.01,-1,-1,-0.01,-1,-1,-0.01,-1,-1,-0.01,-1,-1,-0.01,-1,-1,-0.01,-1,-1,-0.01,-1,-1,-0.01,-1,-1,-0.01,-1,-1,-0.01,-1,-1
99926009,2026-05-18 14:08:51+05:30,53528.1,0,0.0,0,0.0,0.0,53282.15,53619.2,52783.45,53710.35,0,0.0,0.0,0.0,0.0,-0.01,-1,-1,-0.01,-1,-1,-0.01,-1,-1,-0.01,-1,-1,-0.01,-1,-1,-0.01,-1,-1,-0.01,-1,-1,-0.01,-1,-1,-0.01,-1,-1,-0.01,-1,-1
99926009,2026-05-18 14:08:52+05:30,53526.35,0,0.0,0,0.0,0.0,53282.15,53619.2,52783.45,53710.35,0,0.0,0.0,0.0,0.0,-0.01,-1,-1,-0.01,-1,-1,-0.01,-1,-1,-0.01,-1,-1,-0.01,-1,-1,-0.01,-1,-1,-0.01,-1,-1,-0.01,-1,-1,-0.01,-1,-1,-0.01,-1,-1
99926009,2026-05-18 14:08:52+05:30,53526.45,0,0.0,0,0.0,0.0,53282.15,53619.2,52783.45,53710.35,0,0.0,0.0,0.0,0.0,-0.01,-1,-1,-0.01,-1,-1,-0.01,-1,-1,-0.01,-1,-1,-0.01,-1,-1,-0.01,-1,-1,-0.01,-1,-1,-0.01,-1,-1,-0.01,-1,-1,-0.01,-1,-1
99926009,2026-05-18 14:08:53+05:30,53522.8,0,0.0,0,0.0,0.0,53282.15,53619.2,52783.45,53710.35,0,0.0,0.0,0.0,0.0,-0.01,-1,-1,-0.01,-1,-1,-0.01,-1,-1,-0.01,-1,-1,-0.01,-1,-1,-0.01,-1,-1,-0.01,-1,-1,-0.01,-1,-1,-0.01,-1,-1,-0.01,-1,-1
99926009,2026-05-18 14:08:53+05:30,53519.4,0,0.0,0,0.0,0.0,53282.15,53619.2,52783.45,53710.35,0,0.0,0.0,0.0,0.0,-0.01,-1,-1,-0.01,-1,-1,-0.01,-1,-1,-0.01,-1,-1,-0.01,-1,-1,-0.01,-1,-1,-0.01,-1,-1,-0.01,-1,-1,-0.01,-1,-1,-0.01,-1,-1
99926009,2026-05-18 14:08:54+05:30,53519.65,0,0.0,0,0.0,0.0,53282.15,53619.2,52783.45,53710.35,0,0.0,0.0,0.0,0.0,-0.01,-1,-1,-0.01,-1,-1,-0.01,-1,-1,-0.01,-1,-1,-0.01,-1,-1,-0.01,-1,-1,-0.01,-1,-1,-0.01,-1,-1,-0.01,-1,-1,-0.01,-1,-1
99926009,2026-05-18 14:08:54+05:30,53517.9,0,0.0,0,0.0,0.0,53282.15,53619.2,52783.45,53710.35,0,0.0,0.0,0.0,0.0,-0.01,-1,-1,-0.01,-1,-1,-0.01,-1,-1,-0.01,-1,-1,-0.01,-1,-1,-0.01,-1,-1,-0.01,-1,-1,-0.01,-1,-1,-0.01,-1,-1,-0.01,-1,-1
99926009,2026-05-18 14:08:55+05:30,53515.6,0,0.0,0,0.0,0.0,53282.15,53619.2,52783.45,53710.35,0,0.0,0.0,0.0,0.0,-0.01,-1,-1,-0.01,-1,-1,-0.01,-1,-1,-0.01,-1,-1,-0.01,-1,-1,-0.01,-1,-1,-0.01,-1,-1,-0.01,-1,-1,-0.01,-1,-1,-0.01,-1,-1
99926009,2026-05-18 14:08:55+05:30,53513.0,0,0.0,0,0.0,0.0,53282.15,53619.2,52783.45,53710.35,0,0.0,0.0,0.0,0.0,-0.01,-1,-1,-0.01,-1,-1,-0.01,-1,-1,-0.01,-1,-1,-0.01,-1,-1,-0.01,-1,-1,-0.01,-1,-1,-0.01,-1,-1,-0.01,-1,-1,-0.01,-1,-1
99926009,2026-05-18 14:08:56+05:30,53512.4,0,0.0,0,0.0,0.0,53282.15,53619.2,52783.45,53710.35,0,0.0,0.0,0.0,0.0,-0.01,-1,-1,-0.01,-1,-1,-0.01,-1,-1,-0.01,-1,-1,-0.01,-1,-1,-0.01,-1,-1,-0.01,-1,-1,-0.01,-1,-1,-0.01,-1,-1,-0.01,-1,-1
99926009,2026-05-18 14:08:56+05:30,53510.4,0,0.0,0,0.0,0.0,53282.15,53619.2,52783.45,53710.35,0,0.0,0.0,0.0,0.0,-0.01,-1,-1,-0.01,-1,-1,-0.01,-1,-1,-0.01,-1,-1,-0.01,-1,-1,-0.01,-1,-1,-0.01,-1,-1,-0.01,-1,-1,-0.01,-1,-1,-0.01,-1,-1
99926009,2026-05-18 14:08:57+05:30,53511.0,0,0.0,0,0.0,0.0,53282.15,53619.2,52783.45,53710.35,0,0.0,0.0,0.0,0.0,-0.01,-1,-1,-0.01,-1,-1,-0.01,-1,-1,-0.01,-1,-1,-0.01,-1,-1,-0.01,-1,-1,-0.01,-1,-1,-0.01,-1,-1,-0.01,-1,-1,-0.01,-1,-1
99926009,2026-05-18 14:08:57+05:30,53511.1,0,0.0,0,0.0,0.0,53282.15,53619.2,52783.45,53710.35,0,0.0,0.0,0.0,0.0,-0.01,-1,-1,-0.01,-1,-1,-0.01,-1,-1,-0.01,-1,-1,-0.01,-1,-1,-0.01,-1,-1,-0.01,-1,-1,-0.01,-1,-1,-0.01,-1,-1,-0.01,-1,-1
99926009,2026-05-18 14:08:58+05:30,53509.8,0,0.0,0,0.0,0.0,53282.15,53619.2,52783.45,53710.35,0,0.0,0.0,0.0,0.0,-0.01,-1,-1,-0.01,-1,-1,-0.01,-1,-1,-0.01,-1,-1,-0.01,-1,-1,-0.01,-1,-1,-0.01,-1,-1,-0.01,-1,-1,-0.01,-1,-1,-0.01,-1,-1
99926009,2026-05-18 14:08:58+05:30,53509.0,0,0.0,0,0.0,0.0,53282.15,53619.2,52783.45,53710.35,0,0.0,0.0,0.0,0.0,-0.01,-1,-1,-0.01,-1,-1,-0.01,-1,-1,-0.01,-1,-1,-0.01,-1,-1,-0.01,-1,-1,-0.01,-1,-1,-0.01,-1,-1,-0.01,-1,-1,-0.01,-1,-1
99926009,2026-05-18 14:08:59+05:30,53511.3,0,0.0,0,0.0,0.0,53282.15,53619.2,52783.45,53710.35,0,0.0,0.0,0.0,0.0,-0.01,-1,-1,-0.01,-1,-1,-0.01,-1,-1,-0.01,-1,-1,-0.01,-1,-1,-0.01,-1,-1,-0.01,-1,-1,-0.01,-1,-1,-0.01,-1,-1,-0.01,-1,-1
99926009,2026-05-18 14:08:59+05:30,53509.45,0,0.0,0,0.0,0.0,53282.15,53619.2,52783.45,53710.35,0,0.0,0.0,0.0,0.0,-0.01,-1,-1,-0.01,-1,-1,-0.01,-1,-1,-0.01,-1,-1,-0.01,-1,-1,-0.01,-1,-1,-0.01,-1,-1,-0.01,-1,-1,-0.01,-1,-1,-0.01,-1,-1
99926009,2026-05-18 14:09:00+05:30,53510.25,0,0.0,0,0.0,0.0,53282.15,53619.2,52783.45,53710.35,0,0.0,0.0,0.0,0.0,-0.01,-1,-1,-0.01,-1,-1,-0.01,-1,-1,-0.01,-1,-1,-0.01,-1,-1,-0.01,-1,-1,-0.01,-1,-1,-0.01,-1,-1,-0.01,-1,-1,-0.01,-1,-1
99926009,2026-05-18 14:09:00+05:30,53512.25,0,0.0,0,0.0,0.0,53282.15,53619.2,52783.45,53710.35,0,0.0,0.0,0.0,0.0,-0.01,-1,-1,-0.01,-1,-1,-0.01,-1,-1,-0.01,-1,-1,-0.01,-1,-1,-0.01,-1,-1,-0.01,-1,-1,-0.01,-1,-1,-0.01,-1,-1,-0.01,-1,-1
99926009,2026-05-18 14:09:01+05:30,53512.65,0,0.0,0,0.0,0.0,53282.15,53619.2,52783.45,53710.35,0,0.0,0.0,0.0,0.0,-0.01,-1,-1,-0.01,-1,-1,-0.01,-1,-1,-0.01,-1,-1,-0.01,-1,-1,-0.01,-1,-1,-0.01,-1,-1,-0.01,-1,-1,-0.01,-1,-1,-0.01,-1,-1
99926009,2026-05-18 14:09:01+05:30,53511.55,0,0.0,0,0.0,0.0,53282.15,53619.2,52783.45,53710.35,0,0.0,0.0,0.0,0.0,-0.01,-1,-1,-0.01,-1,-1,-0.01,-1,-1,-0.01,-1,-1,-0.01,-1,-1,-0.01,-1,-1,-0.01,-1,-1,-0.01,-1,-1,-0.01,-1,-1,-0.01,-1,-1
99926009,2026-05-18 14:09:02+05:30,53512.1,0,0.0,0,0.0,0.0,53282.15,53619.2,52783.45,53710.35,0,0.0,0.0,0.0,0.0,-0.01,-1,-1,-0.01,-1,-1,-0.01,-1,-1,-0.01,-1,-1,-0.01,-1,-1,-0.01,-1,-1,-0.01,-1,-1,-0.01,-1,-1,-0.01,-1,-1,-0.01,-1,-1
99926009,2026-05-18 14:09:02+05:30,53509.7,0,0.0,0,0.0,0.0,53282.15,53619.2,52783.45,53710.35,0,0.0,0.0,0.0,0.0,-0.01,-1,-1,-0.01,-1,-1,-0.01,-1,-1,-0.01,-1,-1,-0.01,-1,-1,-0.01,-1,-1,-0.01,-1,-1,-0.01,-1,-1,-0.01,-1,-1,-0.01,-1,-1
99926009,2026-05-18 14:09:03+05:30,53511.9,0,0.0,0,0.0,0.0,53282.15,53619.2,52783.45,53710.35,0,0.0,0.0,0.0,0.0,-0.01,-1,-1,-0.01,-1,-1,-0.01,-1,-1,-0.01,-1,-1,-0.01,-1,-1,-0.01,-1,-1,-0.01,-1,-1,-0.01,-1,-1,-0.01,-1,-1,-0.01,-1,-1
99926009,2026-05-18 14:09:03+05:30,53520.35,0,0.0,0,0.0,0.0,53282.15,53619.2,52783.45,53710.35,0,0.0,0.0,0.0,0.0,-0.01,-1,-1,-0.01,-1,-1,-0.01,-1,-1,-0.01,-1,-1,-0.01,-1,-1,-0.01,-1,-1,-0.01,-1,-1,-0.01,-1,-1,-0.01,-1,-1,-0.01,-1,-1
99926009,2026-05-18 14:09:04+05:30,53517.05,0,0.0,0,0.0,0.0,53282.15,53619.2,52783.45,53710.35,0,0.0,0.0,0.0,0.0,-0.01,-1,-1,-0.01,-1,-1,-0.01,-1,-1,-0.01,-1,-1,-0.01,-1,-1,-0.01,-1,-1,-0.01,-1,-1,-0.01,-1,-1,-0.01,-1,-1,-0.01,-1,-1
99926009,2026-05-18 14:09:04+05:30,53516.7,0,0.0,0,0.0,0.0,53282.15,53619.2,52783.45,53710.35,0,0.0,0.0,0.0,0.0,-0.01,-1,-1,-0.01,-1,-1,-0.01,-1,-1,-0.01,-1,-1,-0.01,-1,-1,-0.01,-1,-1,-0.01,-1,-1,-0.01,-1,-1,-0.01,-1,-1,-0.01,-1,-1
99926009,2026-05-18 14:09:05+05:30,53520.3,0,0.0,0,0.0,0.0,53282.15,53619.2,52783.45,53710.35,0,0.0,0.0,0.0,0.0,-0.01,-1,-1,-0.01,-1,-1,-0.01,-1,-1,-0.01,-1,-1,-0.01,-1,-1,-0.01,-1,-1,-0.01,-1,-1,-0.01,-1,-1,-0.01,-1,-1,-0.01,-1,-1
99926009,2026-05-18 14:09:05+05:30,53517.45,0,0.0,0,0.0,0.0,53282.15,53619.2,52783.45,53710.35,0,0.0,0.0,0.0,0.0,-0.01,-1,-1,-0.01,-1,-1,-0.01,-1,-1,-0.01,-1,-1,-0.01,-1,-1,-0.01,-1,-1,-0.01,-1,-1,-0.01,-1,-1,-0.01,-1,-1,-0.01,-1,-1
99926009,2026-05-18 14:09:06+05:30,53517.3,0,0.0,0,0.0,0.0,53282.15,53619.2,52783.45,53710.35,0,0.0,0.0,0.0,0.0,-0.01,-1,-1,-0.01,-1,-1,-0.01,-1,-1,-0.01,-1,-1,-0.01,-1,-1,-0.01,-1,-1,-0.01,-1,-1,-0.01,-1,-1,-0.01,-1,-1,-0.01,-1,-1
99926009,2026-05-18 14:09:06+05:30,53526.6,0,0.0,0,0.0,0.0,53282.15,53619.2,52783.45,53710.35,0,0.0,0.0,0.0,0.0,-0.01,-1,-1,-0.01,-1,-1,-0.01,-1,-1,-0.01,-1,-1,-0.01,-1,-1,-0.01,-1,-1,-0.01,-1,-1,-0.01,-1,-1,-0.01,-1,-1,-0.01,-1,-1
99926009,2026-05-18 14:09:07+05:30,53524.0,0,0.0,0,0.0,0.0,53282.15,53619.2,52783.45,53710.35,0,0.0,0.0,0.0,0.0,-0.01,-1,-1,-0.01,-1,-1,-0.01,-1,-1,-0.01,-1,-1,-0.01,-1,-1,-0.01,-1,-1,-0.01,-1,-1,-0.01,-1,-1,-0.01,-1,-1,-0.01,-1,-1
99926009,2026-05-18 14:09:07+05:30,53521.35,0,0.0,0,0.0,0.0,53282.15,53619.2,52783.45,53710.35,0,0.0,0.0,0.0,0.0,-0.01,-1,-1,-0.01,-1,-1,-0.01,-1,-1,-0.01,-1,-1,-0.01,-1,-1,-0.01,-1,-1,-0.01,-1,-1,-0.01,-1,-1,-0.01,-1,-1,-0.01,-1,-1
99926009,2026-05-18 14:09:08+05:30,53522.65,0,0.0,0,0.0,0.0,53282.15,53619.2,52783.45,53710.35,0,0.0,0.0,0.0,0.0,-0.01,-1,-1,-0.01,-1,-1,-0.01,-1,-1,-0.01,-1,-1,-0.01,-1,-1,-0.01,-1,-1,-0.01,-1,-1,-0.01,-1,-1,-0.01,-1,-1,-0.01,-1,-1
99926009,2026-05-18 14:09:08+05:30,53523.15,0,0.0,0,0.0,0.0,53282.15,53619.2,52783.45,53710.35,0,0.0,0.0,0.0,0.0,-0.01,-1,-1,-0.01,-1,-1,-0.01,-1,-1,-0.01,-1,-1,-0.01,-1,-1,-0.01,-1,-1,-0.01,-1,-1,-0.01,-1,-1,-0.01,-1,-1,-0.01,-1,-1
99926009,2026-05-18 14:09:09+05:30,53521.0,0,0.0,0,0.0,0.0,53282.15,53619.2,52783.45,53710.35,0,0.0,0.0,0.0,0.0,-0.01,-1,-1,-0.01,-1,-1,-0.01,-1,-1,-0.01,-1,-1,-0.01,-1,-1,-0.01,-1,-1,-0.01,-1,-1,-0.01,-1,-1,-0.01,-1,-1,-0.01,-1,-1
99926009,2026-05-18 14:09:09+05:30,53521.2,0,0.0,0,0.0,0.0,53282.15,53619.2,52783.45,53710.35,0,0.0,0.0,0.0,0.0,-0.01,-1,-1,-0.01,-1,-1,-0.01,-1,-1,-0.01,-1,-1,-0.01,-1,-1,-0.01,-1,-1,-0.01,-1,-1,-0.01,-1,-1,-0.01,-1,-1,-0.01,-1,-1
99926009,2026-05-18 14:09:10+05:30,53522.1,0,0.0,0,0.0,0.0,53282.15,53619.2,52783.45,53710.35,0,0.0,0.0,0.0,0.0,-0.01,-1,-1,-0.01,-1,-1,-0.01,-1,-1,-0.01,-1,-1,-0.01,-1,-1,-0.01,-1,-1,-0.01,-1,-1,-0.01,-1,-1,-0.01,-1,-1,-0.01,-1,-1
99926009,2026-05-18 14:09:10+05:30,53520.65,0,0.0,0,0.0,0.0,53282.15,53619.2,52783.45,53710.35,0,0.0,0.0,0.0,0.0,-0.01,-1,-1,-0.01,-1,-1,-0.01,-1,-1,-0.01,-1,-1,-0.01,-1,-1,-0.01,-1,-1,-0.01,-1,-1,-0.01,-1,-1,-0.01,-1,-1,-0.01,-1,-1
99926009,2026-05-18 14:09:11+05:30,53523.05,0,0.0,0,0.0,0.0,53282.15,53619.2,52783.45,53710.35,0,0.0,0.0,0.0,0.0,-0.01,-1,-1,-0.01,-1,-1,-0.01,-1,-1,-0.01,-1,-1,-0.01,-1,-1,-0.01,-1,-1,-0.01,-1,-1,-0.01,-1,-1,-0.01,-1,-1,-0.01,-1,-1
99926009,2026-05-18 14:09:11+05:30,53520.5,0,0.0,0,0.0,0.0,53282.15,53619.2,52783.45,53710.35,0,0.0,0.0,0.0,0.0,-0.01,-1,-1,-0.01,-1,-1,-0.01,-1,-1,-0.01,-1,-1,-0.01,-1,-1,-0.01,-1,-1,-0.01,-1,-1,-0.01,-1,-1,-0.01,-1,-1,-0.01,-1,-1
99926009,2026-05-18 14:09:12+05:30,53521.8,0,0.0,0,0.0,0.0,53282.15,53619.2,52783.45,53710.35,0,0.0,0.0,0.0,0.0,-0.01,-1,-1,-0.01,-1,-1,-0.01,-1,-1,-0.01,-1,-1,-0.01,-1,-1,-0.01,-1,-1,-0.01,-1,-1,-0.01,-1,-1,-0.01,-1,-1,-0.01,-1,-1
99926009,2026-05-18 14:09:12+05:30,53522.15,0,0.0,0,0.0,0.0,53282.15,53619.2,52783.45,53710.35,0,0.0,0.0,0.0,0.0,-0.01,-1,-1,-0.01,-1,-1,-0.01,-1,-1,-0.01,-1,-1,-0.01,-1,-1,-0.01,-1,-1,-0.01,-1,-1,-0.01,-1,-1,-0.01,-1,-1,-0.01,-1,-1
99926009,2026-05-18 14:09:13+05:30,53523.65,0,0.0,0,0.0,0.0,53282.15,53619.2,52783.45,53710.35,0,0.0,0.0,0.0,0.0,-0.01,-1,-1,-0.01,-1,-1,-0.01,-1,-1,-0.01,-1,-1,-0.01,-1,-1,-0.01,-1,-1,-0.01,-1,-1,-0.01,-1,-1,-0.01,-1,-1,-0.01,-1,-1
99926009,2026-05-18 14:09:13+05:30,53523.55,0,0.0,0,0.0,0.0,53282.15,53619.2,52783.45,53710.35,0,0.0,0.0,0.0,0.0,-0.01,-1,-1,-0.01,-1,-1,-0.01,-1,-1,-0.01,-1,-1,-0.01,-1,-1,-0.01,-1,-1,-0.01,-1,-1,-0.01,-1,-1,-0.01,-1,-1,-0.01,-1,-1
99926009,2026-05-18 14:09:14+05:30,53525.15,0,0.0,0,0.0,0.0,53282.15,53619.2,52783.45,53710.35,0,0.0,0.0,0.0,0.0,-0.01,-1,-1,-0.01,-1,-1,-0.01,-1,-1,-0.01,-1,-1,-0.01,-1,-1,-0.01,-1,-1,-0.01,-1,-1,-0.01,-1,-1,-0.01,-1,-1,-0.01,-1,-1
99926009,2026-05-18 14:09:14+05:30,53526.45,0,0.0,0,0.0,0.0,53282.15,53619.2,52783.45,53710.35,0,0.0,0.0,0.0,0.0,-0.01,-1,-1,-0.01,-1,-1,-0.01,-1,-1,-0.01,-1,-1,-0.01,-1,-1,-0.01,-1,-1,-0.01,-1,-1,-0.01,-1,-1,-0.01,-1,-1,-0.01,-1,-1
99926009,2026-05-18 14:09:15+05:30,53526.9,0,0.0,0,0.0,0.0,53282.15,53619.2,52783.45,53710.35,0,0.0,0.0,0.0,0.0,-0.01,-1,-1,-0.01,-1,-1,-0.01,-1,-1,-0.01,-1,-1,-0.01,-1,-1,-0.01,-1,-1,-0.01,-1,-1,-0.01,-1,-1,-0.01,-1,-1,-0.01,-1,-1
99926009,2026-05-18 14:09:15+05:30,53526.3,0,0.0,0,0.0,0.0,53282.15,53619.2,52783.45,53710.35,0,0.0,0.0,0.0,0.0,-0.01,-1,-1,-0.01,-1,-1,-0.01,-1,-1,-0.01,-1,-1,-0.01,-1,-1,-0.01,-1,-1,-0.01,-1,-1,-0.01,-1,-1,-0.01,-1,-1,-0.01,-1,-1
99926009,2026-05-18 14:09:16+05:30,53527.0,0,0.0,0,0.0,0.0,53282.15,53619.2,52783.45,53710.35,0,0.0,0.0,0.0,0.0,-0.01,-1,-1,-0.01,-1,-1,-0.01,-1,-1,-0.01,-1,-1,-0.01,-1,-1,-0.01,-1,-1,-0.01,-1,-1,-0.01,-1,-1,-0.01,-1,-1,-0.01,-1,-1
99926009,2026-05-18 14:09:16+05:30,53526.5,0,0.0,0,0.0,0.0,53282.15,53619.2,52783.45,53710.35,0,0.0,0.0,0.0,0.0,-0.01,-1,-1,-0.01,-1,-1,-0.01,-1,-1,-0.01,-1,-1,-0.01,-1,-1,-0.01,-1,-1,-0.01,-1,-1,-0.01,-1,-1,-0.01,-1,-1,-0.01,-1,-1
99926009,2026-05-18 14:09:17+05:30,53524.5,0,0.0,0,0.0,0.0,53282.15,53619.2,52783.45,53710.35,0,0.0,0.0,0.0,0.0,-0.01,-1,-1,-0.01,-1,-1,-0.01,-1,-1,-0.01,-1,-1,-0.01,-1,-1,-0.01,-1,-1,-0.01,-1,-1,-0.01,-1,-1,-0.01,-1,-1,-0.01,-1,-1
99926009,2026-05-18 14:09:17+05:30,53523.8,0,0.0,0,0.0,0.0,53282.15,53619.2,52783.45,53710.35,0,0.0,0.0,0.0,0.0,-0.01,-1,-1,-0.01,-1,-1,-0.01,-1,-1,-0.01,-1,-1,-0.01,-1,-1,-0.01,-1,-1,-0.01,-1,-1,-0.01,-1,-1,-0.01,-1,-1,-0.01,-1,-1
99926009,2026-05-18 14:09:18+05:30,53523.75,0,0.0,0,0.0,0.0,53282.15,53619.2,52783.45,53710.35,0,0.0,0.0,0.0,0.0,-0.01,-1,-1,-0.01,-1,-1,-0.01,-1,-1,-0.01,-1,-1,-0.01,-1,-1,-0.01,-1,-1,-0.01,-1,-1,-0.01,-1,-1,-0.01,-1,-1,-0.01,-1,-1
99926009,2026-05-18 14:09:18+05:30,53525.55,0,0.0,0,0.0,0.0,53282.15,53619.2,52783.45,53710.35,0,0.0,0.0,0.0,0.0,-0.01,-1,-1,-0.01,-1,-1,-0.01,-1,-1,-0.01,-1,-1,-0.01,-1,-1,-0.01,-1,-1,-0.01,-1,-1,-0.01,-1,-1,-0.01,-1,-1,-0.01,-1,-1
99926009,2026-05-18 14:09:19+05:30,53532.0,0,0.0,0,0.0,0.0,53282.15,53619.2,52783.45,53710.35,0,0.0,0.0,0.0,0.0,-0.01,-1,-1,-0.01,-1,-1,-0.01,-1,-1,-0.01,-1,-1,-0.01,-1,-1,-0.01,-1,-1,-0.01,-1,-1,-0.01,-1,-1,-0.01,-1,-1,-0.01,-1,-1
99926009,2026-05-18 14:09:19+05:30,53527.05,0,0.0,0,0.0,0.0,53282.15,53619.2,52783.45,53710.35,0,0.0,0.0,0.0,0.0,-0.01,-1,-1,-0.01,-1,-1,-0.01,-1,-1,-0.01,-1,-1,-0.01,-1,-1,-0.01,-1,-1,-0.01,-1,-1,-0.01,-1,-1,-0.01,-1,-1,-0.01,-1,-1
99926009,2026-05-18 14:09:20+05:30,53526.85,0,0.0,0,0.0,0.0,53282.15,53619.2,52783.45,53710.35,0,0.0,0.0,0.0,0.0,-0.01,-1,-1,-0.01,-1,-1,-0.01,-1,-1,-0.01,-1,-1,-0.01,-1,-1,-0.01,-1,-1,-0.01,-1,-1,-0.01,-1,-1,-0.01,-1,-1,-0.01,-1,-1
99926009,2026-05-18 14:09:20+05:30,53526.85,0,0.0,0,0.0,0.0,53282.15,53619.2,52783.45,53710.35,0,0.0,0.0,0.0,0.0,-0.01,-1,-1,-0.01,-1,-1,-0.01,-1,-1,-0.01,-1,-1,-0.01,-1,-1,-0.01,-1,-1,-0.01,-1,-1,-0.01,-1,-1,-0.01,-1,-1,-0.01,-1,-1
99926009,2026-05-18 14:09:21+05:30,53528.0,0,0.0,0,0.0,0.0,53282.15,53619.2,52783.45,53710.35,0,0.0,0.0,0.0,0.0,-0.01,-1,-1,-0.01,-1,-1,-0.01,-1,-1,-0.01,-1,-1,-0.01,-1,-1,-0.01,-1,-1,-0.01,-1,-1,-0.01,-1,-1,-0.01,-1,-1,-0.01,-1,-1
99926009,2026-05-18 14:09:21+05:30,53529.7,0,0.0,0,0.0,0.0,53282.15,53619.2,52783.45,53710.35,0,0.0,0.0,0.0,0.0,-0.01,-1,-1,-0.01,-1,-1,-0.01,-1,-1,-0.01,-1,-1,-0.01,-1,-1,-0.01,-1,-1,-0.01,-1,-1,-0.01,-1,-1,-0.01,-1,-1,-0.01,-1,-1
99926009,2026-05-18 14:09:22+05:30,53524.7,0,0.0,0,0.0,0.0,53282.15,53619.2,52783.45,53710.35,0,0.0,0.0,0.0,0.0,-0.01,-1,-1,-0.01,-1,-1,-0.01,-1,-1,-0.01,-1,-1,-0.01,-1,-1,-0.01,-1,-1,-0.01,-1,-1,-0.01,-1,-1,-0.01,-1,-1,-0.01,-1,-1
99926009,2026-05-18 14:09:22+05:30,53523.95,0,0.0,0,0.0,0.0,53282.15,53619.2,52783.45,53710.35,0,0.0,0.0,0.0,0.0,-0.01,-1,-1,-0.01,-1,-1,-0.01,-1,-1,-0.01,-1,-1,-0.01,-1,-1,-0.01,-1,-1,-0.01,-1,-1,-0.01,-1,-1,-0.01,-1,-1,-0.01,-1,-1
99926009,2026-05-18 14:09:23+05:30,53521.95,0,0.0,0,0.0,0.0,53282.15,53619.2,52783.45,53710.35,0,0.0,0.0,0.0,0.0,-0.01,-1,-1,-0.01,-1,-1,-0.01,-1,-1,-0.01,-1,-1,-0.01,-1,-1,-0.01,-1,-1,-0.01,-1,-1,-0.01,-1,-1,-0.01,-1,-1,-0.01,-1,-1
99926009,2026-05-18 14:09:23+05:30,53523.0,0,0.0,0,0.0,0.0,53282.15,53619.2,52783.45,53710.35,0,0.0,0.0,0.0,0.0,-0.01,-1,-1,-0.01,-1,-1,-0.01,-1,-1,-0.01,-1,-1,-0.01,-1,-1,-0.01,-1,-1,-0.01,-1,-1,-0.01,-1,-1,-0.01,-1,-1,-0.01,-1,-1
99926009,2026-05-18 14:09:24+05:30,53520.6,0,0.0,0,0.0,0.0,53282.15,53619.2,52783.45,53710.35,0,0.0,0.0,0.0,0.0,-0.01,-1,-1,-0.01,-1,-1,-0.01,-1,-1,-0.01,-1,-1,-0.01,-1,-1,-0.01,-1,-1,-0.01,-1,-1,-0.01,-1,-1,-0.01,-1,-1,-0.01,-1,-1
99926009,2026-05-18 14:09:24+05:30,53519.6,0,0.0,0,0.0,0.0,53282.15,53619.2,52783.45,53710.35,0,0.0,0.0,0.0,0.0,-0.01,-1,-1,-0.01,-1,-1,-0.01,-1,-1,-0.01,-1,-1,-0.01,-1,-1,-0.01,-1,-1,-0.01,-1,-1,-0.01,-1,-1,-0.01,-1,-1,-0.01,-1,-1
99926009,2026-05-18 14:09:25+05:30,53521.7,0,0.0,0,0.0,0.0,53282.15,53619.2,52783.45,53710.35,0,0.0,0.0,0.0,0.0,-0.01,-1,-1,-0.01,-1,-1,-0.01,-1,-1,-0.01,-1,-1,-0.01,-1,-1,-0.01,-1,-1,-0.01,-1,-1,-0.01,-1,-1,-0.01,-1,-1,-0.01,-1,-1
99926009,2026-05-18 14:09:25+05:30,53522.45,0,0.0,0,0.0,0.0,53282.15,53619.2,52783.45,53710.35,0,0.0,0.0,0.0,0.0,-0.01,-1,-1,-0.01,-1,-1,-0.01,-1,-1,-0.01,-1,-1,-0.01,-1,-1,-0.01,-1,-1,-0.01,-1,-1,-0.01,-1,-1,-0.01,-1,-1,-0.01,-1,-1
99926009,2026-05-18 14:09:26+05:30,53524.05,0,0.0,0,0.0,0.0,53282.15,53619.2,52783.45,53710.35,0,0.0,0.0,0.0,0.0,-0.01,-1,-1,-0.01,-1,-1,-0.01,-1,-1,-0.01,-1,-1,-0.01,-1,-1,-0.01,-1,-1,-0.01,-1,-1,-0.01,-1,-1,-0.01,-1,-1,-0.01,-1,-1
99926009,2026-05-18 14:09:26+05:30,53524.55,0,0.0,0,0.0,0.0,53282.15,53619.2,52783.45,53710.35,0,0.0,0.0,0.0,0.0,-0.01,-1,-1,-0.01,-1,-1,-0.01,-1,-1,-0.01,-1,-1,-0.01,-1,-1,-0.01,-1,-1,-0.01,-1,-1,-0.01,-1,-1,-0.01,-1,-1,-0.01,-1,-1
99926009,2026-05-18 14:09:27+05:30,53525.15,0,0.0,0,0.0,0.0,53282.15,53619.2,52783.45,53710.35,0,0.0,0.0,0.0,0.0,-0.01,-1,-1,-0.01,-1,-1,-0.01,-1,-1,-0.01,-1,-1,-0.01,-1,-1,-0.01,-1,-1,-0.01,-1,-1,-0.01,-1,-1,-0.01,-1,-1,-0.01,-1,-1
99926009,2026-05-18 14:09:27+05:30,53524.1,0,0.0,0,0.0,0.0,53282.15,53619.2,52783.45,53710.35,0,0.0,0.0,0.0,0.0,-0.01,-1,-1,-0.01,-1,-1,-0.01,-1,-1,-0.01,-1,-1,-0.01,-1,-1,-0.01,-1,-1,-0.01,-1,-1,-0.01,-1,-1,-0.01,-1,-1,-0.01,-1,-1
99926009,2026-05-18 14:09:28+05:30,53526.15,0,0.0,0,0.0,0.0,53282.15,53619.2,52783.45,53710.35,0,0.0,0.0,0.0,0.0,-0.01,-1,-1,-0.01,-1,-1,-0.01,-1,-1,-0.01,-1,-1,-0.01,-1,-1,-0.01,-1,-1,-0.01,-1,-1,-0.01,-1,-1,-0.01,-1,-1,-0.01,-1,-1
99926009,2026-05-18 14:09:28+05:30,53522.7,0,0.0,0,0.0,0.0,53282.15,53619.2,52783.45,53710.35,0,0.0,0.0,0.0,0.0,-0.01,-1,-1,-0.01,-1,-1,-0.01,-1,-1,-0.01,-1,-1,-0.01,-1,-1,-0.01,-1,-1,-0.01,-1,-1,-0.01,-1,-1,-0.01,-1,-1,-0.01,-1,-1
99926009,2026-05-18 14:09:29+05:30,53522.55,0,0.0,0,0.0,0.0,53282.15,53619.2,52783.45,53710.35,0,0.0,0.0,0.0,0.0,-0.01,-1,-1,-0.01,-1,-1,-0.01,-1,-1,-0.01,-1,-1,-0.01,-1,-1,-0.01,-1,-1,-0.01,-1,-1,-0.01,-1,-1,-0.01,-1,-1,-0.01,-1,-1
99926009,2026-05-18 14:09:29+05:30,53523.6,0,0.0,0,0.0,0.0,53282.15,53619.2,52783.45,53710.35,0,0.0,0.0,0.0,0.0,-0.01,-1,-1,-0.01,-1,-1,-0.01,-1,-1,-0.01,-1,-1,-0.01,-1,-1,-0.01,-1,-1,-0.01,-1,-1,-0.01,-1,-1,-0.01,-1,-1,-0.01,-1,-1
99926009,2026-05-18 14:09:30+05:30,53522.75,0,0.0,0,0.0,0.0,53282.15,53619.2,52783.45,53710.35,0,0.0,0.0,0.0,0.0,-0.01,-1,-1,-0.01,-1,-1,-0.01,-1,-1,-0.01,-1,-1,-0.01,-1,-1,-0.01,-1,-1,-0.01,-1,-1,-0.01,-1,-1,-0.01,-1,-1,-0.01,-1,-1
99926009,2026-05-18 14:09:30+05:30,53524.05,0,0.0,0,0.0,0.0,53282.15,53619.2,52783.45,53710.35,0,0.0,0.0,0.0,0.0,-0.01,-1,-1,-0.01,-1,-1,-0.01,-1,-1,-0.01,-1,-1,-0.01,-1,-1,-0.01,-1,-1,-0.01,-1,-1,-0.01,-1,-1,-0.01,-1,-1,-0.01,-1,-1
99926009,2026-05-18 14:09:31+05:30,53525.1,0,0.0,0,0.0,0.0,53282.15,53619.2,52783.45,53710.35,0,0.0,0.0,0.0,0.0,-0.01,-1,-1,-0.01,-1,-1,-0.01,-1,-1,-0.01,-1,-1,-0.01,-1,-1,-0.01,-1,-1,-0.01,-1,-1,-0.01,-1,-1,-0.01,-1,-1,-0.01,-1,-1
99926009,2026-05-18 14:09:31+05:30,53522.1,0,0.0,0,0.0,0.0,53282.15,53619.2,52783.45,53710.35,0,0.0,0.0,0.0,0.0,-0.01,-1,-1,-0.01,-1,-1,-0.01,-1,-1,-0.01,-1,-1,-0.01,-1,-1,-0.01,-1,-1,-0.01,-1,-1,-0.01,-1,-1,-0.01,-1,-1,-0.01,-1,-1
99926009,2026-05-18 14:09:32+05:30,53522.75,0,0.0,0,0.0,0.0,53282.15,53619.2,52783.45,53710.35,0,0.0,0.0,0.0,0.0,-0.01,-1,-1,-0.01,-1,-1,-0.01,-1,-1,-0.01,-1,-1,-0.01,-1,-1,-0.01,-1,-1,-0.01,-1,-1,-0.01,-1,-1,-0.01,-1,-1,-0.01,-1,-1
99926009,2026-05-18 14:09:32+05:30,53521.8,0,0.0,0,0.0,0.0,53282.15,53619.2,52783.45,53710.35,0,0.0,0.0,0.0,0.0,-0.01,-1,-1,-0.01,-1,-1,-0.01,-1,-1,-0.01,-1,-1,-0.01,-1,-1,-0.01,-1,-1,-0.01,-1,-1,-0.01,-1,-1,-0.01,-1,-1,-0.01,-1,-1
99926009,2026-05-18 14:09:33+05:30,53521.7,0,0.0,0,0.0,0.0,53282.15,53619.2,52783.45,53710.35,0,0.0,0.0,0.0,0.0,-0.01,-1,-1,-0.01,-1,-1,-0.01,-1,-1,-0.01,-1,-1,-0.01,-1,-1,-0.01,-1,-1,-0.01,-1,-1,-0.01,-1,-1,-0.01,-1,-1,-0.01,-1,-1
99926009,2026-05-18 14:09:33+05:30,53523.35,0,0.0,0,0.0,0.0,53282.15,53619.2,52783.45,53710.35,0,0.0,0.0,0.0,0.0,-0.01,-1,-1,-0.01,-1,-1,-0.01,-1,-1,-0.01,-1,-1,-0.01,-1,-1,-0.01,-1,-1,-0.01,-1,-1,-0.01,-1,-1,-0.01,-1,-1,-0.01,-1,-1
99926009,2026-05-18 14:09:34+05:30,53520.35,0,0.0,0,0.0,0.0,53282.15,53619.2,52783.45,53710.35,0,0.0,0.0,0.0,0.0,-0.01,-1,-1,-0.01,-1,-1,-0.01,-1,-1,-0.01,-1,-1,-0.01,-1,-1,-0.01,-1,-1,-0.01,-1,-1,-0.01,-1,-1,-0.01,-1,-1,-0.01,-1,-1
99926009,2026-05-18 14:09:34+05:30,53519.5,0,0.0,0,0.0,0.0,53282.15,53619.2,52783.45,53710.35,0,0.0,0.0,0.0,0.0,-0.01,-1,-1,-0.01,-1,-1,-0.01,-1,-1,-0.01,-1,-1,-0.01,-1,-1,-0.01,-1,-1,-0.01,-1,-1,-0.01,-1,-1,-0.01,-1,-1,-0.01,-1,-1
99926009,2026-05-18 14:09:35+05:30,53520.5,0,0.0,0,0.0,0.0,53282.15,53619.2,52783.45,53710.35,0,0.0,0.0,0.0,0.0,-0.01,-1,-1,-0.01,-1,-1,-0.01,-1,-1,-0.01,-1,-1,-0.01,-1,-1,-0.01,-1,-1,-0.01,-1,-1,-0.01,-1,-1,-0.01,-1,-1,-0.01,-1,-1
99926009,2026-05-18 14:09:35+05:30,53518.45,0,0.0,0,0.0,0.0,53282.15,53619.2,52783.45,53710.35,0,0.0,0.0,0.0,0.0,-0.01,-1,-1,-0.01,-1,-1,-0.01,-1,-1,-0.01,-1,-1,-0.01,-1,-1,-0.01,-1,-1,-0.01,-1,-1,-0.01,-1,-1,-0.01,-1,-1,-0.01,-1,-1
99926009,2026-05-18 14:09:36+05:30,53523.8,0,0.0,0,0.0,0.0,53282.15,53619.2,52783.45,53710.35,0,0.0,0.0,0.0,0.0,-0.01,-1,-1,-0.01,-1,-1,-0.01,-1,-1,-0.01,-1,-1,-0.01,-1,-1,-0.01,-1,-1,-0.01,-1,-1,-0.01,-1,-1,-0.01,-1,-1,-0.01,-1,-1
99926009,2026-05-18 14:09:36+05:30,53524.05,0,0.0,0,0.0,0.0,53282.15,53619.2,52783.45,53710.35,0,0.0,0.0,0.0,0.0,-0.01,-1,-1,-0.01,-1,-1,-0.01,-1,-1,-0.01,-1,-1,-0.01,-1,-1,-0.01,-1,-1,-0.01,-1,-1,-0.01,-1,-1,-0.01,-1,-1,-0.01,-1,-1
99926009,2026-05-18 14:09:37+05:30,53518.9,0,0.0,0,0.0,0.0,53282.15,53619.2,52783.45,53710.35,0,0.0,0.0,0.0,0.0,-0.01,-1,-1,-0.01,-1,-1,-0.01,-1,-1,-0.01,-1,-1,-0.01,-1,-1,-0.01,-1,-1,-0.01,-1,-1,-0.01,-1,-1,-0.01,-1,-1,-0.01,-1,-1
99926009,2026-05-18 14:09:37+05:30,53521.25,0,0.0,0,0.0,0.0,53282.15,53619.2,52783.45,53710.35,0,0.0,0.0,0.0,0.0,-0.01,-1,-1,-0.01,-1,-1,-0.01,-1,-1,-0.01,-1,-1,-0.01,-1,-1,-0.01,-1,-1,-0.01,-1,-1,-0.01,-1,-1,-0.01,-1,-1,-0.01,-1,-1
99926009,2026-05-18 14:09:38+05:30,53521.4,0,0.0,0,0.0,0.0,53282.15,53619.2,52783.45,53710.35,0,0.0,0.0,0.0,0.0,-0.01,-1,-1,-0.01,-1,-1,-0.01,-1,-1,-0.01,-1,-1,-0.01,-1,-1,-0.01,-1,-1,-0.01,-1,-1,-0.01,-1,-1,-0.01,-1,-1,-0.01,-1,-1
99926009,2026-05-18 14:09:38+05:30,53519.1,0,0.0,0,0.0,0.0,53282.15,53619.2,52783.45,53710.35,0,0.0,0.0,0.0,0.0,-0.01,-1,-1,-0.01,-1,-1,-0.01,-1,-1,-0.01,-1,-1,-0.01,-1,-1,-0.01,-1,-1,-0.01,-1,-1,-0.01,-1,-1,-0.01,-1,-1,-0.01,-1,-1
99926009,2026-05-18 14:09:39+05:30,53520.75,0,0.0,0,0.0,0.0,53282.15,53619.2,52783.45,53710.35,0,0.0,0.0,0.0,0.0,-0.01,-1,-1,-0.01,-1,-1,-0.01,-1,-1,-0.01,-1,-1,-0.01,-1,-1,-0.01,-1,-1,-0.01,-1,-1,-0.01,-1,-1,-0.01,-1,-1,-0.01,-1,-1
99926009,2026-05-18 14:09:39+05:30,53519.6,0,0.0,0,0.0,0.0,53282.15,53619.2,52783.45,53710.35,0,0.0,0.0,0.0,0.0,-0.01,-1,-1,-0.01,-1,-1,-0.01,-1,-1,-0.01,-1,-1,-0.01,-1,-1,-0.01,-1,-1,-0.01,-1,-1,-0.01,-1,-1,-0.01,-1,-1,-0.01,-1,-1
99926009,2026-05-18 14:09:40+05:30,53521.8,0,0.0,0,0.0,0.0,53282.15,53619.2,52783.45,53710.35,0,0.0,0.0,0.0,0.0,-0.01,-1,-1,-0.01,-1,-1,-0.01,-1,-1,-0.01,-1,-1,-0.01,-1,-1,-0.01,-1,-1,-0.01,-1,-1,-0.01,-1,-1,-0.01,-1,-1,-0.01,-1,-1
99926009,2026-05-18 14:09:40+05:30,53522.5,0,0.0,0,0.0,0.0,53282.15,53619.2,52783.45,53710.35,0,0.0,0.0,0.0,0.0,-0.01,-1,-1,-0.01,-1,-1,-0.01,-1,-1,-0.01,-1,-1,-0.01,-1,-1,-0.01,-1,-1,-0.01,-1,-1,-0.01,-1,-1,-0.01,-1,-1,-0.01,-1,-1
99926009,2026-05-18 14:09:41+05:30,53524.65,0,0.0,0,0.0,0.0,53282.15,53619.2,52783.45,53710.35,0,0.0,0.0,0.0,0.0,-0.01,-1,-1,-0.01,-1,-1,-0.01,-1,-1,-0.01,-1,-1,-0.01,-1,-1,-0.01,-1,-1,-0.01,-1,-1,-0.01,-1,-1,-0.01,-1,-1,-0.01,-1,-1
99926009,2026-05-18 14:09:41+05:30,53526.65,0,0.0,0,0.0,0.0,53282.15,53619.2,52783.45,53710.35,0,0.0,0.0,0.0,0.0,-0.01,-1,-1,-0.01,-1,-1,-0.01,-1,-1,-0.01,-1,-1,-0.01,-1,-1,-0.01,-1,-1,-0.01,-1,-1,-0.01,-1,-1,-0.01,-1,-1,-0.01,-1,-1
99926009,2026-05-18 14:09:42+05:30,53525.6,0,0.0,0,0.0,0.0,53282.15,53619.2,52783.45,53710.35,0,0.0,0.0,0.0,0.0,-0.01,-1,-1,-0.01,-1,-1,-0.01,-1,-1,-0.01,-1,-1,-0.01,-1,-1,-0.01,-1,-1,-0.01,-1,-1,-0.01,-1,-1,-0.01,-1,-1,-0.01,-1,-1
99926009,2026-05-18 14:09:42+05:30,53529.95,0,0.0,0,0.0,0.0,53282.15,53619.2,52783.45,53710.35,0,0.0,0.0,0.0,0.0,-0.01,-1,-1,-0.01,-1,-1,-0.01,-1,-1,-0.01,-1,-1,-0.01,-1,-1,-0.01,-1,-1,-0.01,-1,-1,-0.01,-1,-1,-0.01,-1,-1,-0.01,-1,-1
99926009,2026-05-18 14:09:43+05:30,53529.3,0,0.0,0,0.0,0.0,53282.15,53619.2,52783.45,53710.35,0,0.0,0.0,0.0,0.0,-0.01,-1,-1,-0.01,-1,-1,-0.01,-1,-1,-0.01,-1,-1,-0.01,-1,-1,-0.01,-1,-1,-0.01,-1,-1,-0.01,-1,-1,-0.01,-1,-1,-0.01,-1,-1
99926009,2026-05-18 14:09:43+05:30,53529.2,0,0.0,0,0.0,0.0,53282.15,53619.2,52783.45,53710.35,0,0.0,0.0,0.0,0.0,-0.01,-1,-1,-0.01,-1,-1,-0.01,-1,-1,-0.01,-1,-1,-0.01,-1,-1,-0.01,-1,-1,-0.01,-1,-1,-0.01,-1,-1,-0.01,-1,-1,-0.01,-1,-1
99926009,2026-05-18 14:09:44+05:30,53529.2,0,0.0,0,0.0,0.0,53282.15,53619.2,52783.45,53710.35,0,0.0,0.0,0.0,0.0,-0.01,-1,-1,-0.01,-1,-1,-0.01,-1,-1,-0.01,-1,-1,-0.01,-1,-1,-0.01,-1,-1,-0.01,-1,-1,-0.01,-1,-1,-0.01,-1,-1,-0.01,-1,-1
99926009,2026-05-18 14:09:44+05:30,53527.7,0,0.0,0,0.0,0.0,53282.15,53619.2,52783.45,53710.35,0,0.0,0.0,0.0,0.0,-0.01,-1,-1,-0.01,-1,-1,-0.01,-1,-1,-0.01,-1,-1,-0.01,-1,-1,-0.01,-1,-1,-0.01,-1,-1,-0.01,-1,-1,-0.01,-1,-1,-0.01,-1,-1
99926009,2026-05-18 14:09:45+05:30,53527.05,0,0.0,0,0.0,0.0,53282.15,53619.2,52783.45,53710.35,0,0.0,0.0,0.0,0.0,-0.01,-1,-1,-0.01,-1,-1,-0.01,-1,-1,-0.01,-1,-1,-0.01,-1,-1,-0.01,-1,-1,-0.01,-1,-1,-0.01,-1,-1,-0.01,-1,-1,-0.01,-1,-1
99926009,2026-05-18 14:09:45+05:30,53527.1,0,0.0,0,0.0,0.0,53282.15,53619.2,52783.45,53710.35,0,0.0,0.0,0.0,0.0,-0.01,-1,-1,-0.01,-1,-1,-0.01,-1,-1,-0.01,-1,-1,-0.01,-1,-1,-0.01,-1,-1,-0.01,-1,-1,-0.01,-1,-1,-0.01,-1,-1,-0.01,-1,-1
99926009,2026-05-18 14:09:46+05:30,53529.65,0,0.0,0,0.0,0.0,53282.15,53619.2,52783.45,53710.35,0,0.0,0.0,0.0,0.0,-0.01,-1,-1,-0.01,-1,-1,-0.01,-1,-1,-0.01,-1,-1,-0.01,-1,-1,-0.01,-1,-1,-0.01,-1,-1,-0.01,-1,-1,-0.01,-1,-1,-0.01,-1,-1
99926009,2026-05-18 14:09:46+05:30,53529.65,0,0.0,0,0.0,0.0,53282.15,53619.2,52783.45,53710.35,0,0.0,0.0,0.0,0.0,-0.01,-1,-1,-0.01,-1,-1,-0.01,-1,-1,-0.01,-1,-1,-0.01,-1,-1,-0.01,-1,-1,-0.01,-1,-1,-0.01,-1,-1,-0.01,-1,-1,-0.01,-1,-1
99926009,2026-05-18 14:09:47+05:30,53529.55,0,0.0,0,0.0,0.0,53282.15,53619.2,52783.45,53710.35,0,0.0,0.0,0.0,0.0,-0.01,-1,-1,-0.01,-1,-1,-0.01,-1,-1,-0.01,-1,-1,-0.01,-1,-1,-0.01,-1,-1,-0.01,-1,-1,-0.01,-1,-1,-0.01,-1,-1,-0.01,-1,-1
99926009,2026-05-18 14:09:47+05:30,53526.95,0,0.0,0,0.0,0.0,53282.15,53619.2,52783.45,53710.35,0,0.0,0.0,0.0,0.0,-0.01,-1,-1,-0.01,-1,-1,-0.01,-1,-1,-0.01,-1,-1,-0.01,-1,-1,-0.01,-1,-1,-0.01,-1,-1,-0.01,-1,-1,-0.01,-1,-1,-0.01,-1,-1
99926009,2026-05-18 14:09:48+05:30,53528.9,0,0.0,0,0.0,0.0,53282.15,53619.2,52783.45,53710.35,0,0.0,0.0,0.0,0.0,-0.01,-1,-1,-0.01,-1,-1,-0.01,-1,-1,-0.01,-1,-1,-0.01,-1,-1,-0.01,-1,-1,-0.01,-1,-1,-0.01,-1,-1,-0.01,-1,-1,-0.01,-1,-1
99926009,2026-05-18 14:09:48+05:30,53526.2,0,0.0,0,0.0,0.0,53282.15,53619.2,52783.45,53710.35,0,0.0,0.0,0.0,0.0,-0.01,-1,-1,-0.01,-1,-1,-0.01,-1,-1,-0.01,-1,-1,-0.01,-1,-1,-0.01,-1,-1,-0.01,-1,-1,-0.01,-1,-1,-0.01,-1,-1,-0.01,-1,-1
99926009,2026-05-18 14:09:49+05:30,53528.0,0,0.0,0,0.0,0.0,53282.15,53619.2,52783.45,53710.35,0,0.0,0.0,0.0,0.0,-0.01,-1,-1,-0.01,-1,-1,-0.01,-1,-1,-0.01,-1,-1,-0.01,-1,-1,-0.01,-1,-1,-0.01,-1,-1,-0.01,-1,-1,-0.01,-1,-1,-0.01,-1,-1
99926009,2026-05-18 14:09:49+05:30,53527.95,0,0.0,0,0.0,0.0,53282.15,53619.2,52783.45,53710.35,0,0.0,0.0,0.0,0.0,-0.01,-1,-1,-0.01,-1,-1,-0.01,-1,-1,-0.01,-1,-1,-0.01,-1,-1,-0.01,-1,-1,-0.01,-1,-1,-0.01,-1,-1,-0.01,-1,-1,-0.01,-1,-1
99926009,2026-05-18 14:09:50+05:30,53528.0,0,0.0,0,0.0,0.0,53282.15,53619.2,52783.45,53710.35,0,0.0,0.0,0.0,0.0,-0.01,-1,-1,-0.01,-1,-1,-0.01,-1,-1,-0.01,-1,-1,-0.01,-1,-1,-0.01,-1,-1,-0.01,-1,-1,-0.01,-1,-1,-0.01,-1,-1,-0.01,-1,-1
99926009,2026-05-18 14:09:50+05:30,53525.05,0,0.0,0,0.0,0.0,53282.15,53619.2,52783.45,53710.35,0,0.0,0.0,0.0,0.0,-0.01,-1,-1,-0.01,-1,-1,-0.01,-1,-1,-0.01,-1,-1,-0.01,-1,-1,-0.01,-1,-1,-0.01,-1,-1,-0.01,-1,-1,-0.01,-1,-1,-0.01,-1,-1
99926009,2026-05-18 14:09:51+05:30,53528.6,0,0.0,0,0.0,0.0,53282.15,53619.2,52783.45,53710.35,0,0.0,0.0,0.0,0.0,-0.01,-1,-1,-0.01,-1,-1,-0.01,-1,-1,-0.01,-1,-1,-0.01,-1,-1,-0.01,-1,-1,-0.01,-1,-1,-0.01,-1,-1,-0.01,-1,-1,-0.01,-1,-1
99926009,2026-05-18 14:09:51+05:30,53529.7,0,0.0,0,0.0,0.0,53282.15,53619.2,52783.45,53710.35,0,0.0,0.0,0.0,0.0,-0.01,-1,-1,-0.01,-1,-1,-0.01,-1,-1,-0.01,-1,-1,-0.01,-1,-1,-0.01,-1,-1,-0.01,-1,-1,-0.01,-1,-1,-0.01,-1,-1,-0.01,-1,-1
99926009,2026-05-18 14:09:52+05:30,53525.85,0,0.0,0,0.0,0.0,53282.15,53619.2,52783.45,53710.35,0,0.0,0.0,0.0,0.0,-0.01,-1,-1,-0.01,-1,-1,-0.01,-1,-1,-0.01,-1,-1,-0.01,-1,-1,-0.01,-1,-1,-0.01,-1,-1,-0.01,-1,-1,-0.01,-1,-1,-0.01,-1,-1
99926009,2026-05-18 14:09:52+05:30,53523.0,0,0.0,0,0.0,0.0,53282.15,53619.2,52783.45,53710.35,0,0.0,0.0,0.0,0.0,-0.01,-1,-1,-0.01,-1,-1,-0.01,-1,-1,-0.01,-1,-1,-0.01,-1,-1,-0.01,-1,-1,-0.01,-1,-1,-0.01,-1,-1,-0.01,-1,-1,-0.01,-1,-1
99926009,2026-05-18 14:09:53+05:30,53523.2,0,0.0,0,0.0,0.0,53282.15,53619.2,52783.45,53710.35,0,0.0,0.0,0.0,0.0,-0.01,-1,-1,-0.01,-1,-1,-0.01,-1,-1,-0.01,-1,-1,-0.01,-1,-1,-0.01,-1,-1,-0.01,-1,-1,-0.01,-1,-1,-0.01,-1,-1,-0.01,-1,-1
99926009,2026-05-18 14:09:53+05:30,53520.55,0,0.0,0,0.0,0.0,53282.15,53619.2,52783.45,53710.35,0,0.0,0.0,0.0,0.0,-0.01,-1,-1,-0.01,-1,-1,-0.01,-1,-1,-0.01,-1,-1,-0.01,-1,-1,-0.01,-1,-1,-0.01,-1,-1,-0.01,-1,-1,-0.01,-1,-1,-0.01,-1,-1
99926009,2026-05-18 14:09:54+05:30,53523.4,0,0.0,0,0.0,0.0,53282.15,53619.2,52783.45,53710.35,0,0.0,0.0,0.0,0.0,-0.01,-1,-1,-0.01,-1,-1,-0.01,-1,-1,-0.01,-1,-1,-0.01,-1,-1,-0.01,-1,-1,-0.01,-1,-1,-0.01,-1,-1,-0.01,-1,-1,-0.01,-1,-1
99926009,2026-05-18 14:09:54+05:30,53520.95,0,0.0,0,0.0,0.0,53282.15,53619.2,52783.45,53710.35,0,0.0,0.0,0.0,0.0,-0.01,-1,-1,-0.01,-1,-1,-0.01,-1,-1,-0.01,-1,-1,-0.01,-1,-1,-0.01,-1,-1,-0.01,-1,-1,-0.01,-1,-1,-0.01,-1,-1,-0.01,-1,-1
99926009,2026-05-18 14:09:55+05:30,53523.2,0,0.0,0,0.0,0.0,53282.15,53619.2,52783.45,53710.35,0,0.0,0.0,0.0,0.0,-0.01,-1,-1,-0.01,-1,-1,-0.01,-1,-1,-0.01,-1,-1,-0.01,-1,-1,-0.01,-1,-1,-0.01,-1,-1,-0.01,-1,-1,-0.01,-1,-1,-0.01,-1,-1
99926009,2026-05-18 14:09:55+05:30,53524.9,0,0.0,0,0.0,0.0,53282.15,53619.2,52783.45,53710.35,0,0.0,0.0,0.0,0.0,-0.01,-1,-1,-0.01,-1,-1,-0.01,-1,-1,-0.01,-1,-1,-0.01,-1,-1,-0.01,-1,-1,-0.01,-1,-1,-0.01,-1,-1,-0.01,-1,-1,-0.01,-1,-1
99926009,2026-05-18 14:09:56+05:30,53524.55,0,0.0,0,0.0,0.0,53282.15,53619.2,52783.45,53710.35,0,0.0,0.0,0.0,0.0,-0.01,-1,-1,-0.01,-1,-1,-0.01,-1,-1,-0.01,-1,-1,-0.01,-1,-1,-0.01,-1,-1,-0.01,-1,-1,-0.01,-1,-1,-0.01,-1,-1,-0.01,-1,-1
99926009,2026-05-18 14:09:56+05:30,53524.25,0,0.0,0,0.0,0.0,53282.15,53619.2,52783.45,53710.35,0,0.0,0.0,0.0,0.0,-0.01,-1,-1,-0.01,-1,-1,-0.01,-1,-1,-0.01,-1,-1,-0.01,-1,-1,-0.01,-1,-1,-0.01,-1,-1,-0.01,-1,-1,-0.01,-1,-1,-0.01,-1,-1
99926009,2026-05-18 14:09:57+05:30,53523.75,0,0.0,0,0.0,0.0,53282.15,53619.2,52783.45,53710.35,0,0.0,0.0,0.0,0.0,-0.01,-1,-1,-0.01,-1,-1,-0.01,-1,-1,-0.01,-1,-1,-0.01,-1,-1,-0.01,-1,-1,-0.01,-1,-1,-0.01,-1,-1,-0.01,-1,-1,-0.01,-1,-1
99926009,2026-05-18 14:09:57+05:30,53522.5,0,0.0,0,0.0,0.0,53282.15,53619.2,52783.45,53710.35,0,0.0,0.0,0.0,0.0,-0.01,-1,-1,-0.01,-1,-1,-0.01,-1,-1,-0.01,-1,-1,-0.01,-1,-1,-0.01,-1,-1,-0.01,-1,-1,-0.01,-1,-1,-0.01,-1,-1,-0.01,-1,-1
99926009,2026-05-18 14:09:58+05:30,53522.75,0,0.0,0,0.0,0.0,53282.15,53619.2,52783.45,53710.35,0,0.0,0.0,0.0,0.0,-0.01,-1,-1,-0.01,-1,-1,-0.01,-1,-1,-0.01,-1,-1,-0.01,-1,-1,-0.01,-1,-1,-0.01,-1,-1,-0.01,-1,-1,-0.01,-1,-1,-0.01,-1,-1
99926009,2026-05-18 14:09:58+05:30,53524.2,0,0.0,0,0.0,0.0,53282.15,53619.2,52783.45,53710.35,0,0.0,0.0,0.0,0.0,-0.01,-1,-1,-0.01,-1,-1,-0.01,-1,-1,-0.01,-1,-1,-0.01,-1,-1,-0.01,-1,-1,-0.01,-1,-1,-0.01,-1,-1,-0.01,-1,-1,-0.01,-1,-1
99926009,2026-05-18 14:09:59+05:30,53523.7,0,0.0,0,0.0,0.0,53282.15,53619.2,52783.45,53710.35,0,0.0,0.0,0.0,0.0,-0.01,-1,-1,-0.01,-1,-1,-0.01,-1,-1,-0.01,-1,-1,-0.01,-1,-1,-0.01,-1,-1,-0.01,-1,-1,-0.01,-1,-1,-0.01,-1,-1,-0.01,-1,-1
99926009,2026-05-18 14:09:59+05:30,53522.2,0,0.0,0,0.0,0.0,53282.15,53619.2,52783.45,53710.35,0,0.0,0.0,0.0,0.0,-0.01,-1,-1,-0.01,-1,-1,-0.01,-1,-1,-0.01,-1,-1,-0.01,-1,-1,-0.01,-1,-1,-0.01,-1,-1,-0.01,-1,-1,-0.01,-1,-1,-0.01,-1,-1
99926009,2026-05-18 14:10:00+05:30,53522.15,0,0.0,0,0.0,0.0,53282.15,53619.2,52783.45,53710.35,0,0.0,0.0,0.0,0.0,-0.01,-1,-1,-0.01,-1,-1,-0.01,-1,-1,-0.01,-1,-1,-0.01,-1,-1,-0.01,-1,-1,-0.01,-1,-1,-0.01,-1,-1,-0.01,-1,-1,-0.01,-1,-1
99926009,2026-05-18 14:10:00+05:30,53521.9,0,0.0,0,0.0,0.0,53282.15,53619.2,52783.45,53710.35,0,0.0,0.0,0.0,0.0,-0.01,-1,-1,-0.01,-1,-1,-0.01,-1,-1,-0.01,-1,-1,-0.01,-1,-1,-0.01,-1,-1,-0.01,-1,-1,-0.01,-1,-1,-0.01,-1,-1,-0.01,-1,-1
99926009,2026-05-18 14:10:01+05:30,53520.85,0,0.0,0,0.0,0.0,53282.15,53619.2,52783.45,53710.35,0,0.0,0.0,0.0,0.0,-0.01,-1,-1,-0.01,-1,-1,-0.01,-1,-1,-0.01,-1,-1,-0.01,-1,-1,-0.01,-1,-1,-0.01,-1,-1,-0.01,-1,-1,-0.01,-1,-1,-0.01,-1,-1
99926009,2026-05-18 14:10:01+05:30,53519.85,0,0.0,0,0.0,0.0,53282.15,53619.2,52783.45,53710.35,0,0.0,0.0,0.0,0.0,-0.01,-1,-1,-0.01,-1,-1,-0.01,-1,-1,-0.01,-1,-1,-0.01,-1,-1,-0.01,-1,-1,-0.01,-1,-1,-0.01,-1,-1,-0.01,-1,-1,-0.01,-1,-1
99926009,2026-05-18 14:10:02+05:30,53517.8,0,0.0,0,0.0,0.0,53282.15,53619.2,52783.45,53710.35,0,0.0,0.0,0.0,0.0,-0.01,-1,-1,-0.01,-1,-1,-0.01,-1,-1,-0.01,-1,-1,-0.01,-1,-1,-0.01,-1,-1,-0.01,-1,-1,-0.01,-1,-1,-0.01,-1,-1,-0.01,-1,-1
99926009,2026-05-18 14:10:02+05:30,53518.35,0,0.0,0,0.0,0.0,53282.15,53619.2,52783.45,53710.35,0,0.0,0.0,0.0,0.0,-0.01,-1,-1,-0.01,-1,-1,-0.01,-1,-1,-0.01,-1,-1,-0.01,-1,-1,-0.01,-1,-1,-0.01,-1,-1,-0.01,-1,-1,-0.01,-1,-1,-0.01,-1,-1
99926009,2026-05-18 14:10:03+05:30,53522.75,0,0.0,0,0.0,0.0,53282.15,53619.2,52783.45,53710.35,0,0.0,0.0,0.0,0.0,-0.01,-1,-1,-0.01,-1,-1,-0.01,-1,-1,-0.01,-1,-1,-0.01,-1,-1,-0.01,-1,-1,-0.01,-1,-1,-0.01,-1,-1,-0.01,-1,-1,-0.01,-1,-1
99926009,2026-05-18 14:10:03+05:30,53521.15,0,0.0,0,0.0,0.0,53282.15,53619.2,52783.45,53710.35,0,0.0,0.0,0.0,0.0,-0.01,-1,-1,-0.01,-1,-1,-0.01,-1,-1,-0.01,-1,-1,-0.01,-1,-1,-0.01,-1,-1,-0.01,-1,-1,-0.01,-1,-1,-0.01,-1,-1,-0.01,-1,-1
99926009,2026-05-18 14:10:04+05:30,53520.5,0,0.0,0,0.0,0.0,53282.15,53619.2,52783.45,53710.35,0,0.0,0.0,0.0,0.0,-0.01,-1,-1,-0.01,-1,-1,-0.01,-1,-1,-0.01,-1,-1,-0.01,-1,-1,-0.01,-1,-1,-0.01,-1,-1,-0.01,-1,-1,-0.01,-1,-1,-0.01,-1,-1
99926009,2026-05-18 14:10:04+05:30,53521.55,0,0.0,0,0.0,0.0,53282.15,53619.2,52783.45,53710.35,0,0.0,0.0,0.0,0.0,-0.01,-1,-1,-0.01,-1,-1,-0.01,-1,-1,-0.01,-1,-1,-0.01,-1,-1,-0.01,-1,-1,-0.01,-1,-1,-0.01,-1,-1,-0.01,-1,-1,-0.01,-1,-1
99926009,2026-05-18 14:10:05+05:30,53521.85,0,0.0,0,0.0,0.0,53282.15,53619.2,52783.45,53710.35,0,0.0,0.0,0.0,0.0,-0.01,-1,-1,-0.01,-1,-1,-0.01,-1,-1,-0.01,-1,-1,-0.01,-1,-1,-0.01,-1,-1,-0.01,-1,-1,-0.01,-1,-1,-0.01,-1,-1,-0.01,-1,-1
99926009,2026-05-18 14:10:05+05:30,53520.5,0,0.0,0,0.0,0.0,53282.15,53619.2,52783.45,53710.35,0,0.0,0.0,0.0,0.0,-0.01,-1,-1,-0.01,-1,-1,-0.01,-1,-1,-0.01,-1,-1,-0.01,-1,-1,-0.01,-1,-1,-0.01,-1,-1,-0.01,-1,-1,-0.01,-1,-1,-0.01,-1,-1
99926009,2026-05-18 14:10:06+05:30,53522.2,0,0.0,0,0.0,0.0,53282.15,53619.2,52783.45,53710.35,0,0.0,0.0,0.0,0.0,-0.01,-1,-1,-0.01,-1,-1,-0.01,-1,-1,-0.01,-1,-1,-0.01,-1,-1,-0.01,-1,-1,-0.01,-1,-1,-0.01,-1,-1,-0.01,-1,-1,-0.01,-1,-1
99926009,2026-05-18 14:10:06+05:30,53521.35,0,0.0,0,0.0,0.0,53282.15,53619.2,52783.45,53710.35,0,0.0,0.0,0.0,0.0,-0.01,-1,-1,-0.01,-1,-1,-0.01,-1,-1,-0.01,-1,-1,-0.01,-1,-1,-0.01,-1,-1,-0.01,-1,-1,-0.01,-1,-1,-0.01,-1,-1,-0.01,-1,-1
99926009,2026-05-18 14:10:07+05:30,53523.45,0,0.0,0,0.0,0.0,53282.15,53619.2,52783.45,53710.35,0,0.0,0.0,0.0,0.0,-0.01,-1,-1,-0.01,-1,-1,-0.01,-1,-1,-0.01,-1,-1,-0.01,-1,-1,-0.01,-1,-1,-0.01,-1,-1,-0.01,-1,-1,-0.01,-1,-1,-0.01,-1,-1
99926009,2026-05-18 14:10:07+05:30,53522.75,0,0.0,0,0.0,0.0,53282.15,53619.2,52783.45,53710.35,0,0.0,0.0,0.0,0.0,-0.01,-1,-1,-0.01,-1,-1,-0.01,-1,-1,-0.01,-1,-1,-0.01,-1,-1,-0.01,-1,-1,-0.01,-1,-1,-0.01,-1,-1,-0.01,-1,-1,-0.01,-1,-1
99926009,2026-05-18 14:10:08+05:30,53523.3,0,0.0,0,0.0,0.0,53282.15,53619.2,52783.45,53710.35,0,0.0,0.0,0.0,0.0,-0.01,-1,-1,-0.01,-1,-1,-0.01,-1,-1,-0.01,-1,-1,-0.01,-1,-1,-0.01,-1,-1,-0.01,-1,-1,-0.01,-1,-1,-0.01,-1,-1,-0.01,-1,-1
99926009,2026-05-18 14:10:08+05:30,53521.8,0,0.0,0,0.0,0.0,53282.15,53619.2,52783.45,53710.35,0,0.0,0.0,0.0,0.0,-0.01,-1,-1,-0.01,-1,-1,-0.01,-1,-1,-0.01,-1,-1,-0.01,-1,-1,-0.01,-1,-1,-0.01,-1,-1,-0.01,-1,-1,-0.01,-1,-1,-0.01,-1,-1
99926009,2026-05-18 14:10:09+05:30,53521.95,0,0.0,0,0.0,0.0,53282.15,53619.2,52783.45,53710.35,0,0.0,0.0,0.0,0.0,-0.01,-1,-1,-0.01,-1,-1,-0.01,-1,-1,-0.01,-1,-1,-0.01,-1,-1,-0.01,-1,-1,-0.01,-1,-1,-0.01,-1,-1,-0.01,-1,-1,-0.01,-1,-1
99926009,2026-05-18 14:10:09+05:30,53519.6,0,0.0,0,0.0,0.0,53282.15,53619.2,52783.45,53710.35,0,0.0,0.0,0.0,0.0,-0.01,-1,-1,-0.01,-1,-1,-0.01,-1,-1,-0.01,-1,-1,-0.01,-1,-1,-0.01,-1,-1,-0.01,-1,-1,-0.01,-1,-1,-0.01,-1,-1,-0.01,-1,-1
99926009,2026-05-18 14:10:10+05:30,53518.05,0,0.0,0,0.0,0.0,53282.15,53619.2,52783.45,53710.35,0,0.0,0.0,0.0,0.0,-0.01,-1,-1,-0.01,-1,-1,-0.01,-1,-1,-0.01,-1,-1,-0.01,-1,-1,-0.01,-1,-1,-0.01,-1,-1,-0.01,-1,-1,-0.01,-1,-1,-0.01,-1,-1
99926009,2026-05-18 14:10:10+05:30,53519.8,0,0.0,0,0.0,0.0,53282.15,53619.2,52783.45,53710.35,0,0.0,0.0,0.0,0.0,-0.01,-1,-1,-0.01,-1,-1,-0.01,-1,-1,-0.01,-1,-1,-0.01,-1,-1,-0.01,-1,-1,-0.01,-1,-1,-0.01,-1,-1,-0.01,-1,-1,-0.01,-1,-1
99926009,2026-05-18 14:10:11+05:30,53519.9,0,0.0,0,0.0,0.0,53282.15,53619.2,52783.45,53710.35,0,0.0,0.0,0.0,0.0,-0.01,-1,-1,-0.01,-1,-1,-0.01,-1,-1,-0.01,-1,-1,-0.01,-1,-1,-0.01,-1,-1,-0.01,-1,-1,-0.01,-1,-1,-0.01,-1,-1,-0.01,-1,-1
99926009,2026-05-18 14:10:11+05:30,53518.05,0,0.0,0,0.0,0.0,53282.15,53619.2,52783.45,53710.35,0,0.0,0.0,0.0,0.0,-0.01,-1,-1,-0.01,-1,-1,-0.01,-1,-1,-0.01,-1,-1,-0.01,-1,-1,-0.01,-1,-1,-0.01,-1,-1,-0.01,-1,-1,-0.01,-1,-1,-0.01,-1,-1
99926009,2026-05-18 14:10:12+05:30,53518.7,0,0.0,0,0.0,0.0,53282.15,53619.2,52783.45,53710.35,0,0.0,0.0,0.0,0.0,-0.01,-1,-1,-0.01,-1,-1,-0.01,-1,-1,-0.01,-1,-1,-0.01,-1,-1,-0.01,-1,-1,-0.01,-1,-1,-0.01,-1,-1,-0.01,-1,-1,-0.01,-1,-1
99926009,2026-05-18 14:10:12+05:30,53519.6,0,0.0,0,0.0,0.0,53282.15,53619.2,52783.45,53710.35,0,0.0,0.0,0.0,0.0,-0.01,-1,-1,-0.01,-1,-1,-0.01,-1,-1,-0.01,-1,-1,-0.01,-1,-1,-0.01,-1,-1,-0.01,-1,-1,-0.01,-1,-1,-0.01,-1,-1,-0.01,-1,-1
99926009,2026-05-18 14:10:13+05:30,53519.65,0,0.0,0,0.0,0.0,53282.15,53619.2,52783.45,53710.35,0,0.0,0.0,0.0,0.0,-0.01,-1,-1,-0.01,-1,-1,-0.01,-1,-1,-0.01,-1,-1,-0.01,-1,-1,-0.01,-1,-1,-0.01,-1,-1,-0.01,-1,-1,-0.01,-1,-1,-0.01,-1,-1
99926009,2026-05-18 14:10:13+05:30,53523.45,0,0.0,0,0.0,0.0,53282.15,53619.2,52783.45,53710.35,0,0.0,0.0,0.0,0.0,-0.01,-1,-1,-0.01,-1,-1,-0.01,-1,-1,-0.01,-1,-1,-0.01,-1,-1,-0.01,-1,-1,-0.01,-1,-1,-0.01,-1,-1,-0.01,-1,-1,-0.01,-1,-1
99926009,2026-05-18 14:10:14+05:30,53523.6,0,0.0,0,0.0,0.0,53282.15,53619.2,52783.45,53710.35,0,0.0,0.0,0.0,0.0,-0.01,-1,-1,-0.01,-1,-1,-0.01,-1,-1,-0.01,-1,-1,-0.01,-1,-1,-0.01,-1,-1,-0.01,-1,-1,-0.01,-1,-1,-0.01,-1,-1,-0.01,-1,-1
99926009,2026-05-18 14:10:14+05:30,53520.5,0,0.0,0,0.0,0.0,53282.15,53619.2,52783.45,53710.35,0,0.0,0.0,0.0,0.0,-0.01,-1,-1,-0.01,-1,-1,-0.01,-1,-1,-0.01,-1,-1,-0.01,-1,-1,-0.01,-1,-1,-0.01,-1,-1,-0.01,-1,-1,-0.01,-1,-1,-0.01,-1,-1
99926009,2026-05-18 14:10:15+05:30,53523.55,0,0.0,0,0.0,0.0,53282.15,53619.2,52783.45,53710.35,0,0.0,0.0,0.0,0.0,-0.01,-1,-1,-0.01,-1,-1,-0.01,-1,-1,-0.01,-1,-1,-0.01,-1,-1,-0.01,-1,-1,-0.01,-1,-1,-0.01,-1,-1,-0.01,-1,-1,-0.01,-1,-1
99926009,2026-05-18 14:10:15+05:30,53522.9,0,0.0,0,0.0,0.0,53282.15,53619.2,52783.45,53710.35,0,0.0,0.0,0.0,0.0,-0.01,-1,-1,-0.01,-1,-1,-0.01,-1,-1,-0.01,-1,-1,-0.01,-1,-1,-0.01,-1,-1,-0.01,-1,-1,-0.01,-1,-1,-0.01,-1,-1,-0.01,-1,-1
99926009,2026-05-18 14:10:16+05:30,53524.05,0,0.0,0,0.0,0.0,53282.15,53619.2,52783.45,53710.35,0,0.0,0.0,0.0,0.0,-0.01,-1,-1,-0.01,-1,-1,-0.01,-1,-1,-0.01,-1,-1,-0.01,-1,-1,-0.01,-1,-1,-0.01,-1,-1,-0.01,-1,-1,-0.01,-1,-1,-0.01,-1,-1
99926009,2026-05-18 14:10:16+05:30,53524.05,0,0.0,0,0.0,0.0,53282.15,53619.2,52783.45,53710.35,0,0.0,0.0,0.0,0.0,-0.01,-1,-1,-0.01,-1,-1,-0.01,-1,-1,-0.01,-1,-1,-0.01,-1,-1,-0.01,-1,-1,-0.01,-1,-1,-0.01,-1,-1,-0.01,-1,-1,-0.01,-1,-1
99926009,2026-05-18 14:10:17+05:30,53522.05,0,0.0,0,0.0,0.0,53282.15,53619.2,52783.45,53710.35,0,0.0,0.0,0.0,0.0,-0.01,-1,-1,-0.01,-1,-1,-0.01,-1,-1,-0.01,-1,-1,-0.01,-1,-1,-0.01,-1,-1,-0.01,-1,-1,-0.01,-1,-1,-0.01,-1,-1,-0.01,-1,-1
99926009,2026-05-18 14:10:17+05:30,53520.15,0,0.0,0,0.0,0.0,53282.15,53619.2,52783.45,53710.35,0,0.0,0.0,0.0,0.0,-0.01,-1,-1,-0.01,-1,-1,-0.01,-1,-1,-0.01,-1,-1,-0.01,-1,-1,-0.01,-1,-1,-0.01,-1,-1,-0.01,-1,-1,-0.01,-1,-1,-0.01,-1,-1
99926009,2026-05-18 14:10:18+05:30,53521.3,0,0.0,0,0.0,0.0,53282.15,53619.2,52783.45,53710.35,0,0.0,0.0,0.0,0.0,-0.01,-1,-1,-0.01,-1,-1,-0.01,-1,-1,-0.01,-1,-1,-0.01,-1,-1,-0.01,-1,-1,-0.01,-1,-1,-0.01,-1,-1,-0.01,-1,-1,-0.01,-1,-1
99926009,2026-05-18 14:10:18+05:30,53521.95,0,0.0,0,0.0,0.0,53282.15,53619.2,52783.45,53710.35,0,0.0,0.0,0.0,0.0,-0.01,-1,-1,-0.01,-1,-1,-0.01,-1,-1,-0.01,-1,-1,-0.01,-1,-1,-0.01,-1,-1,-0.01,-1,-1,-0.01,-1,-1,-0.01,-1,-1,-0.01,-1,-1
99926009,2026-05-18 14:10:19+05:30,53521.25,0,0.0,0,0.0,0.0,53282.15,53619.2,52783.45,53710.35,0,0.0,0.0,0.0,0.0,-0.01,-1,-1,-0.01,-1,-1,-0.01,-1,-1,-0.01,-1,-1,-0.01,-1,-1,-0.01,-1,-1,-0.01,-1,-1,-0.01,-1,-1,-0.01,-1,-1,-0.01,-1,-1
99926009,2026-05-18 14:10:19+05:30,53520.6,0,0.0,0,0.0,0.0,53282.15,53619.2,52783.45,53710.35,0,0.0,0.0,0.0,0.0,-0.01,-1,-1,-0.01,-1,-1,-0.01,-1,-1,-0.01,-1,-1,-0.01,-1,-1,-0.01,-1,-1,-0.01,-1,-1,-0.01,-1,-1,-0.01,-1,-1,-0.01,-1,-1
99926009,2026-05-18 14:10:20+05:30,53518.7,0,0.0,0,0.0,0.0,53282.15,53619.2,52783.45,53710.35,0,0.0,0.0,0.0,0.0,-0.01,-1,-1,-0.01,-1,-1,-0.01,-1,-1,-0.01,-1,-1,-0.01,-1,-1,-0.01,-1,-1,-0.01,-1,-1,-0.01,-1,-1,-0.01,-1,-1,-0.01,-1,-1
99926009,2026-05-18 14:10:20+05:30,53518.55,0,0.0,0,0.0,0.0,53282.15,53619.2,52783.45,53710.35,0,0.0,0.0,0.0,0.0,-0.01,-1,-1,-0.01,-1,-1,-0.01,-1,-1,-0.01,-1,-1,-0.01,-1,-1,-0.01,-1,-1,-0.01,-1,-1,-0.01,-1,-1,-0.01,-1,-1,-0.01,-1,-1
99926009,2026-05-18 14:10:21+05:30,53520.7,0,0.0,0,0.0,0.0,53282.15,53619.2,52783.45,53710.35,0,0.0,0.0,0.0,0.0,-0.01,-1,-1,-0.01,-1,-1,-0.01,-1,-1,-0.01,-1,-1,-0.01,-1,-1,-0.01,-1,-1,-0.01,-1,-1,-0.01,-1,-1,-0.01,-1,-1,-0.01,-1,-1
99926009,2026-05-18 14:10:21+05:30,53521.0,0,0.0,0,0.0,0.0,53282.15,53619.2,52783.45,53710.35,0,0.0,0.0,0.0,0.0,-0.01,-1,-1,-0.01,-1,-1,-0.01,-1,-1,-0.01,-1,-1,-0.01,-1,-1,-0.01,-1,-1,-0.01,-1,-1,-0.01,-1,-1,-0.01,-1,-1,-0.01,-1,-1
99926009,2026-05-18 14:10:22+05:30,53521.0,0,0.0,0,0.0,0.0,53282.15,53619.2,52783.45,53710.35,0,0.0,0.0,0.0,0.0,-0.01,-1,-1,-0.01,-1,-1,-0.01,-1,-1,-0.01,-1,-1,-0.01,-1,-1,-0.01,-1,-1,-0.01,-1,-1,-0.01,-1,-1,-0.01,-1,-1,-0.01,-1,-1
99926009,2026-05-18 14:10:22+05:30,53519.1,0,0.0,0,0.0,0.0,53282.15,53619.2,52783.45,53710.35,0,0.0,0.0,0.0,0.0,-0.01,-1,-1,-0.01,-1,-1,-0.01,-1,-1,-0.01,-1,-1,-0.01,-1,-1,-0.01,-1,-1,-0.01,-1,-1,-0.01,-1,-1,-0.01,-1,-1,-0.01,-1,-1
99926009,2026-05-18 14:10:23+05:30,53515.3,0,0.0,0,0.0,0.0,53282.15,53619.2,52783.45,53710.35,0,0.0,0.0,0.0,0.0,-0.01,-1,-1,-0.01,-1,-1,-0.01,-1,-1,-0.01,-1,-1,-0.01,-1,-1,-0.01,-1,-1,-0.01,-1,-1,-0.01,-1,-1,-0.01,-1,-1,-0.01,-1,-1
99926009,2026-05-18 14:10:23+05:30,53509.75,0,0.0,0,0.0,0.0,53282.15,53619.2,52783.45,53710.35,0,0.0,0.0,0.0,0.0,-0.01,-1,-1,-0.01,-1,-1,-0.01,-1,-1,-0.01,-1,-1,-0.01,-1,-1,-0.01,-1,-1,-0.01,-1,-1,-0.01,-1,-1,-0.01,-1,-1,-0.01,-1,-1
99926009,2026-05-18 14:10:24+05:30,53506.95,0,0.0,0,0.0,0.0,53282.15,53619.2,52783.45,53710.35,0,0.0,0.0,0.0,0.0,-0.01,-1,-1,-0.01,-1,-1,-0.01,-1,-1,-0.01,-1,-1,-0.01,-1,-1,-0.01,-1,-1,-0.01,-1,-1,-0.01,-1,-1,-0.01,-1,-1,-0.01,-1,-1
99926009,2026-05-18 14:10:24+05:30,53505.0,0,0.0,0,0.0,0.0,53282.15,53619.2,52783.45,53710.35,0,0.0,0.0,0.0,0.0,-0.01,-1,-1,-0.01,-1,-1,-0.01,-1,-1,-0.01,-1,-1,-0.01,-1,-1,-0.01,-1,-1,-0.01,-1,-1,-0.01,-1,-1,-0.01,-1,-1,-0.01,-1,-1
99926009,2026-05-18 14:10:25+05:30,53507.75,0,0.0,0,0.0,0.0,53282.15,53619.2,52783.45,53710.35,0,0.0,0.0,0.0,0.0,-0.01,-1,-1,-0.01,-1,-1,-0.01,-1,-1,-0.01,-1,-1,-0.01,-1,-1,-0.01,-1,-1,-0.01,-1,-1,-0.01,-1,-1,-0.01,-1,-1,-0.01,-1,-1
99926009,2026-05-18 14:10:25+05:30,53505.85,0,0.0,0,0.0,0.0,53282.15,53619.2,52783.45,53710.35,0,0.0,0.0,0.0,0.0,-0.01,-1,-1,-0.01,-1,-1,-0.01,-1,-1,-0.01,-1,-1,-0.01,-1,-1,-0.01,-1,-1,-0.01,-1,-1,-0.01,-1,-1,-0.01,-1,-1,-0.01,-1,-1
99926009,2026-05-18 14:10:26+05:30,53507.7,0,0.0,0,0.0,0.0,53282.15,53619.2,52783.45,53710.35,0,0.0,0.0,0.0,0.0,-0.01,-1,-1,-0.01,-1,-1,-0.01,-1,-1,-0.01,-1,-1,-0.01,-1,-1,-0.01,-1,-1,-0.01,-1,-1,-0.01,-1,-1,-0.01,-1,-1,-0.01,-1,-1
99926009,2026-05-18 14:10:26+05:30,53510.2,0,0.0,0,0.0,0.0,53282.15,53619.2,52783.45,53710.35,0,0.0,0.0,0.0,0.0,-0.01,-1,-1,-0.01,-1,-1,-0.01,-1,-1,-0.01,-1,-1,-0.01,-1,-1,-0.01,-1,-1,-0.01,-1,-1,-0.01,-1,-1,-0.01,-1,-1,-0.01,-1,-1
99926009,2026-05-18 14:10:27+05:30,53507.3,0,0.0,0,0.0,0.0,53282.15,53619.2,52783.45,53710.35,0,0.0,0.0,0.0,0.0,-0.01,-1,-1,-0.01,-1,-1,-0.01,-1,-1,-0.01,-1,-1,-0.01,-1,-1,-0.01,-1,-1,-0.01,-1,-1,-0.01,-1,-1,-0.01,-1,-1,-0.01,-1,-1
99926009,2026-05-18 14:10:27+05:30,53509.25,0,0.0,0,0.0,0.0,53282.15,53619.2,52783.45,53710.35,0,0.0,0.0,0.0,0.0,-0.01,-1,-1,-0.01,-1,-1,-0.01,-1,-1,-0.01,-1,-1,-0.01,-1,-1,-0.01,-1,-1,-0.01,-1,-1,-0.01,-1,-1,-0.01,-1,-1,-0.01,-1,-1
99926009,2026-05-18 14:10:28+05:30,53506.3,0,0.0,0,0.0,0.0,53282.15,53619.2,52783.45,53710.35,0,0.0,0.0,0.0,0.0,-0.01,-1,-1,-0.01,-1,-1,-0.01,-1,-1,-0.01,-1,-1,-0.01,-1,-1,-0.01,-1,-1,-0.01,-1,-1,-0.01,-1,-1,-0.01,-1,-1,-0.01,-1,-1
99926009,2026-05-18 14:10:28+05:30,53504.95,0,0.0,0,0.0,0.0,53282.15,53619.2,52783.45,53710.35,0,0.0,0.0,0.0,0.0,-0.01,-1,-1,-0.01,-1,-1,-0.01,-1,-1,-0.01,-1,-1,-0.01,-1,-1,-0.01,-1,-1,-0.01,-1,-1,-0.01,-1,-1,-0.01,-1,-1,-0.01,-1,-1
99926009,2026-05-18 14:10:29+05:30,53507.4,0,0.0,0,0.0,0.0,53282.15,53619.2,52783.45,53710.35,0,0.0,0.0,0.0,0.0,-0.01,-1,-1,-0.01,-1,-1,-0.01,-1,-1,-0.01,-1,-1,-0.01,-1,-1,-0.01,-1,-1,-0.01,-1,-1,-0.01,-1,-1,-0.01,-1,-1,-0.01,-1,-1
99926009,2026-05-18 14:10:29+05:30,53505.8,0,0.0,0,0.0,0.0,53282.15,53619.2,52783.45,53710.35,0,0.0,0.0,0.0,0.0,-0.01,-1,-1,-0.01,-1,-1,-0.01,-1,-1,-0.01,-1,-1,-0.01,-1,-1,-0.01,-1,-1,-0.01,-1,-1,-0.01,-1,-1,-0.01,-1,-1,-0.01,-1,-1
99926009,2026-05-18 14:10:30+05:30,53503.05,0,0.0,0,0.0,0.0,53282.15,53619.2,52783.45,53710.35,0,0.0,0.0,0.0,0.0,-0.01,-1,-1,-0.01,-1,-1,-0.01,-1,-1,-0.01,-1,-1,-0.01,-1,-1,-0.01,-1,-1,-0.01,-1,-1,-0.01,-1,-1,-0.01,-1,-1,-0.01,-1,-1
99926009,2026-05-18 14:10:30+05:30,53506.45,0,0.0,0,0.0,0.0,53282.15,53619.2,52783.45,53710.35,0,0.0,0.0,0.0,0.0,-0.01,-1,-1,-0.01,-1,-1,-0.01,-1,-1,-0.01,-1,-1,-0.01,-1,-1,-0.01,-1,-1,-0.01,-1,-1,-0.01,-1,-1,-0.01,-1,-1,-0.01,-1,-1
99926009,2026-05-18 14:10:31+05:30,53508.3,0,0.0,0,0.0,0.0,53282.15,53619.2,52783.45,53710.35,0,0.0,0.0,0.0,0.0,-0.01,-1,-1,-0.01,-1,-1,-0.01,-1,-1,-0.01,-1,-1,-0.01,-1,-1,-0.01,-1,-1,-0.01,-1,-1,-0.01,-1,-1,-0.01,-1,-1,-0.01,-1,-1
99926009,2026-05-18 14:10:31+05:30,53508.25,0,0.0,0,0.0,0.0,53282.15,53619.2,52783.45,53710.35,0,0.0,0.0,0.0,0.0,-0.01,-1,-1,-0.01,-1,-1,-0.01,-1,-1,-0.01,-1,-1,-0.01,-1,-1,-0.01,-1,-1,-0.01,-1,-1,-0.01,-1,-1,-0.01,-1,-1,-0.01,-1,-1
99926009,2026-05-18 14:10:32+05:30,53505.8,0,0.0,0,0.0,0.0,53282.15,53619.2,52783.45,53710.35,0,0.0,0.0,0.0,0.0,-0.01,-1,-1,-0.01,-1,-1,-0.01,-1,-1,-0.01,-1,-1,-0.01,-1,-1,-0.01,-1,-1,-0.01,-1,-1,-0.01,-1,-1,-0.01,-1,-1,-0.01,-1,-1
99926009,2026-05-18 14:10:32+05:30,53502.95,0,0.0,0,0.0,0.0,53282.15,53619.2,52783.45,53710.35,0,0.0,0.0,0.0,0.0,-0.01,-1,-1,-0.01,-1,-1,-0.01,-1,-1,-0.01,-1,-1,-0.01,-1,-1,-0.01,-1,-1,-0.01,-1,-1,-0.01,-1,-1,-0.01,-1,-1,-0.01,-1,-1
99926009,2026-05-18 14:10:33+05:30,53507.7,0,0.0,0,0.0,0.0,53282.15,53619.2,52783.45,53710.35,0,0.0,0.0,0.0,0.0,-0.01,-1,-1,-0.01,-1,-1,-0.01,-1,-1,-0.01,-1,-1,-0.01,-1,-1,-0.01,-1,-1,-0.01,-1,-1,-0.01,-1,-1,-0.01,-1,-1,-0.01,-1,-1
99926009,2026-05-18 14:10:33+05:30,53508.9,0,0.0,0,0.0,0.0,53282.15,53619.2,52783.45,53710.35,0,0.0,0.0,0.0,0.0,-0.01,-1,-1,-0.01,-1,-1,-0.01,-1,-1,-0.01,-1,-1,-0.01,-1,-1,-0.01,-1,-1,-0.01,-1,-1,-0.01,-1,-1,-0.01,-1,-1,-0.01,-1,-1
99926009,2026-05-18 14:10:34+05:30,53506.2,0,0.0,0,0.0,0.0,53282.15,53619.2,52783.45,53710.35,0,0.0,0.0,0.0,0.0,-0.01,-1,-1,-0.01,-1,-1,-0.01,-1,-1,-0.01,-1,-1,-0.01,-1,-1,-0.01,-1,-1,-0.01,-1,-1,-0.01,-1,-1,-0.01,-1,-1,-0.01,-1,-1
99926009,2026-05-18 14:10:34+05:30,53509.05,0,0.0,0,0.0,0.0,53282.15,53619.2,52783.45,53710.35,0,0.0,0.0,0.0,0.0,-0.01,-1,-1,-0.01,-1,-1,-0.01,-1,-1,-0.01,-1,-1,-0.01,-1,-1,-0.01,-1,-1,-0.01,-1,-1,-0.01,-1,-1,-0.01,-1,-1,-0.01,-1,-1
99926009,2026-05-18 14:10:35+05:30,53507.75,0,0.0,0,0.0,0.0,53282.15,53619.2,52783.45,53710.35,0,0.0,0.0,0.0,0.0,-0.01,-1,-1,-0.01,-1,-1,-0.01,-1,-1,-0.01,-1,-1,-0.01,-1,-1,-0.01,-1,-1,-0.01,-1,-1,-0.01,-1,-1,-0.01,-1,-1,-0.01,-1,-1
99926009,2026-05-18 14:10:35+05:30,53508.6,0,0.0,0,0.0,0.0,53282.15,53619.2,52783.45,53710.35,0,0.0,0.0,0.0,0.0,-0.01,-1,-1,-0.01,-1,-1,-0.01,-1,-1,-0.01,-1,-1,-0.01,-1,-1,-0.01,-1,-1,-0.01,-1,-1,-0.01,-1,-1,-0.01,-1,-1,-0.01,-1,-1
99926009,2026-05-18 14:10:36+05:30,53501.9,0,0.0,0,0.0,0.0,53282.15,53619.2,52783.45,53710.35,0,0.0,0.0,0.0,0.0,-0.01,-1,-1,-0.01,-1,-1,-0.01,-1,-1,-0.01,-1,-1,-0.01,-1,-1,-0.01,-1,-1,-0.01,-1,-1,-0.01,-1,-1,-0.01,-1,-1,-0.01,-1,-1
99926009,2026-05-18 14:10:36+05:30,53501.45,0,0.0,0,0.0,0.0,53282.15,53619.2,52783.45,53710.35,0,0.0,0.0,0.0,0.0,-0.01,-1,-1,-0.01,-1,-1,-0.01,-1,-1,-0.01,-1,-1,-0.01,-1,-1,-0.01,-1,-1,-0.01,-1,-1,-0.01,-1,-1,-0.01,-1,-1,-0.01,-1,-1
99926009,2026-05-18 14:10:37+05:30,53505.0,0,0.0,0,0.0,0.0,53282.15,53619.2,52783.45,53710.35,0,0.0,0.0,0.0,0.0,-0.01,-1,-1,-0.01,-1,-1,-0.01,-1,-1,-0.01,-1,-1,-0.01,-1,-1,-0.01,-1,-1,-0.01,-1,-1,-0.01,-1,-1,-0.01,-1,-1,-0.01,-1,-1
99926009,2026-05-18 14:10:37+05:30,53502.8,0,0.0,0,0.0,0.0,53282.15,53619.2,52783.45,53710.35,0,0.0,0.0,0.0,0.0,-0.01,-1,-1,-0.01,-1,-1,-0.01,-1,-1,-0.01,-1,-1,-0.01,-1,-1,-0.01,-1,-1,-0.01,-1,-1,-0.01,-1,-1,-0.01,-1,-1,-0.01,-1,-1
99926009,2026-05-18 14:10:38+05:30,53500.15,0,0.0,0,0.0,0.0,53282.15,53619.2,52783.45,53710.35,0,0.0,0.0,0.0,0.0,-0.01,-1,-1,-0.01,-1,-1,-0.01,-1,-1,-0.01,-1,-1,-0.01,-1,-1,-0.01,-1,-1,-0.01,-1,-1,-0.01,-1,-1,-0.01,-1,-1,-0.01,-1,-1
99926009,2026-05-18 14:10:38+05:30,53497.5,0,0.0,0,0.0,0.0,53282.15,53619.2,52783.45,53710.35,0,0.0,0.0,0.0,0.0,-0.01,-1,-1,-0.01,-1,-1,-0.01,-1,-1,-0.01,-1,-1,-0.01,-1,-1,-0.01,-1,-1,-0.01,-1,-1,-0.01,-1,-1,-0.01,-1,-1,-0.01,-1,-1
99926009,2026-05-18 14:10:39+05:30,53499.2,0,0.0,0,0.0,0.0,53282.15,53619.2,52783.45,53710.35,0,0.0,0.0,0.0,0.0,-0.01,-1,-1,-0.01,-1,-1,-0.01,-1,-1,-0.01,-1,-1,-0.01,-1,-1,-0.01,-1,-1,-0.01,-1,-1,-0.01,-1,-1,-0.01,-1,-1,-0.01,-1,-1
99926009,2026-05-18 14:10:39+05:30,53496.4,0,0.0,0,0.0,0.0,53282.15,53619.2,52783.45,53710.35,0,0.0,0.0,0.0,0.0,-0.01,-1,-1,-0.01,-1,-1,-0.01,-1,-1,-0.01,-1,-1,-0.01,-1,-1,-0.01,-1,-1,-0.01,-1,-1,-0.01,-1,-1,-0.01,-1,-1,-0.01,-1,-1
99926009,2026-05-18 14:10:40+05:30,53493.95,0,0.0,0,0.0,0.0,53282.15,53619.2,52783.45,53710.35,0,0.0,0.0,0.0,0.0,-0.01,-1,-1,-0.01,-1,-1,-0.01,-1,-1,-0.01,-1,-1,-0.01,-1,-1,-0.01,-1,-1,-0.01,-1,-1,-0.01,-1,-1,-0.01,-1,-1,-0.01,-1,-1
99926009,2026-05-18 14:10:40+05:30,53490.35,0,0.0,0,0.0,0.0,53282.15,53619.2,52783.45,53710.35,0,0.0,0.0,0.0,0.0,-0.01,-1,-1,-0.01,-1,-1,-0.01,-1,-1,-0.01,-1,-1,-0.01,-1,-1,-0.01,-1,-1,-0.01,-1,-1,-0.01,-1,-1,-0.01,-1,-1,-0.01,-1,-1
99926009,2026-05-18 14:10:41+05:30,53497.3,0,0.0,0,0.0,0.0,53282.15,53619.2,52783.45,53710.35,0,0.0,0.0,0.0,0.0,-0.01,-1,-1,-0.01,-1,-1,-0.01,-1,-1,-0.01,-1,-1,-0.01,-1,-1,-0.01,-1,-1,-0.01,-1,-1,-0.01,-1,-1,-0.01,-1,-1,-0.01,-1,-1
99926009,2026-05-18 14:10:41+05:30,53495.0,0,0.0,0,0.0,0.0,53282.15,53619.2,52783.45,53710.35,0,0.0,0.0,0.0,0.0,-0.01,-1,-1,-0.01,-1,-1,-0.01,-1,-1,-0.01,-1,-1,-0.01,-1,-1,-0.01,-1,-1,-0.01,-1,-1,-0.01,-1,-1,-0.01,-1,-1,-0.01,-1,-1
99926009,2026-05-18 14:10:42+05:30,53494.25,0,0.0,0,0.0,0.0,53282.15,53619.2,52783.45,53710.35,0,0.0,0.0,0.0,0.0,-0.01,-1,-1,-0.01,-1,-1,-0.01,-1,-1,-0.01,-1,-1,-0.01,-1,-1,-0.01,-1,-1,-0.01,-1,-1,-0.01,-1,-1,-0.01,-1,-1,-0.01,-1,-1
99926009,2026-05-18 14:10:42+05:30,53492.65,0,0.0,0,0.0,0.0,53282.15,53619.2,52783.45,53710.35,0,0.0,0.0,0.0,0.0,-0.01,-1,-1,-0.01,-1,-1,-0.01,-1,-1,-0.01,-1,-1,-0.01,-1,-1,-0.01,-1,-1,-0.01,-1,-1,-0.01,-1,-1,-0.01,-1,-1,-0.01,-1,-1
99926009,2026-05-18 14:10:43+05:30,53493.95,0,0.0,0,0.0,0.0,53282.15,53619.2,52783.45,53710.35,0,0.0,0.0,0.0,0.0,-0.01,-1,-1,-0.01,-1,-1,-0.01,-1,-1,-0.01,-1,-1,-0.01,-1,-1,-0.01,-1,-1,-0.01,-1,-1,-0.01,-1,-1,-0.01,-1,-1,-0.01,-1,-1
99926009,2026-05-18 14:10:43+05:30,53491.55,0,0.0,0,0.0,0.0,53282.15,53619.2,52783.45,53710.35,0,0.0,0.0,0.0,0.0,-0.01,-1,-1,-0.01,-1,-1,-0.01,-1,-1,-0.01,-1,-1,-0.01,-1,-1,-0.01,-1,-1,-0.01,-1,-1,-0.01,-1,-1,-0.01,-1,-1,-0.01,-1,-1
99926009,2026-05-18 14:10:44+05:30,53493.65,0,0.0,0,0.0,0.0,53282.15,53619.2,52783.45,53710.35,0,0.0,0.0,0.0,0.0,-0.01,-1,-1,-0.01,-1,-1,-0.01,-1,-1,-0.01,-1,-1,-0.01,-1,-1,-0.01,-1,-1,-0.01,-1,-1,-0.01,-1,-1,-0.01,-1,-1,-0.01,-1,-1
99926009,2026-05-18 14:10:44+05:30,53491.35,0,0.0,0,0.0,0.0,53282.15,53619.2,52783.45,53710.35,0,0.0,0.0,0.0,0.0,-0.01,-1,-1,-0.01,-1,-1,-0.01,-1,-1,-0.01,-1,-1,-0.01,-1,-1,-0.01,-1,-1,-0.01,-1,-1,-0.01,-1,-1,-0.01,-1,-1,-0.01,-1,-1
99926009,2026-05-18 14:10:45+05:30,53495.25,0,0.0,0,0.0,0.0,53282.15,53619.2,52783.45,53710.35,0,0.0,0.0,0.0,0.0,-0.01,-1,-1,-0.01,-1,-1,-0.01,-1,-1,-0.01,-1,-1,-0.01,-1,-1,-0.01,-1,-1,-0.01,-1,-1,-0.01,-1,-1,-0.01,-1,-1,-0.01,-1,-1
99926009,2026-05-18 14:10:45+05:30,53494.6,0,0.0,0,0.0,0.0,53282.15,53619.2,52783.45,53710.35,0,0.0,0.0,0.0,0.0,-0.01,-1,-1,-0.01,-1,-1,-0.01,-1,-1,-0.01,-1,-1,-0.01,-1,-1,-0.01,-1,-1,-0.01,-1,-1,-0.01,-1,-1,-0.01,-1,-1,-0.01,-1,-1
99926009,2026-05-18 14:10:46+05:30,53495.6,0,0.0,0,0.0,0.0,53282.15,53619.2,52783.45,53710.35,0,0.0,0.0,0.0,0.0,-0.01,-1,-1,-0.01,-1,-1,-0.01,-1,-1,-0.01,-1,-1,-0.01,-1,-1,-0.01,-1,-1,-0.01,-1,-1,-0.01,-1,-1,-0.01,-1,-1,-0.01,-1,-1
99926009,2026-05-18 14:10:46+05:30,53494.65,0,0.0,0,0.0,0.0,53282.15,53619.2,52783.45,53710.35,0,0.0,0.0,0.0,0.0,-0.01,-1,-1,-0.01,-1,-1,-0.01,-1,-1,-0.01,-1,-1,-0.01,-1,-1,-0.01,-1,-1,-0.01,-1,-1,-0.01,-1,-1,-0.01,-1,-1,-0.01,-1,-1
99926009,2026-05-18 14:10:47+05:30,53494.55,0,0.0,0,0.0,0.0,53282.15,53619.2,52783.45,53710.35,0,0.0,0.0,0.0,0.0,-0.01,-1,-1,-0.01,-1,-1,-0.01,-1,-1,-0.01,-1,-1,-0.01,-1,-1,-0.01,-1,-1,-0.01,-1,-1,-0.01,-1,-1,-0.01,-1,-1,-0.01,-1,-1
99926009,2026-05-18 14:10:47+05:30,53494.45,0,0.0,0,0.0,0.0,53282.15,53619.2,52783.45,53710.35,0,0.0,0.0,0.0,0.0,-0.01,-1,-1,-0.01,-1,-1,-0.01,-1,-1,-0.01,-1,-1,-0.01,-1,-1,-0.01,-1,-1,-0.01,-1,-1,-0.01,-1,-1,-0.01,-1,-1,-0.01,-1,-1
99926009,2026-05-18 14:10:48+05:30,53492.7,0,0.0,0,0.0,0.0,53282.15,53619.2,52783.45,53710.35,0,0.0,0.0,0.0,0.0,-0.01,-1,-1,-0.01,-1,-1,-0.01,-1,-1,-0.01,-1,-1,-0.01,-1,-1,-0.01,-1,-1,-0.01,-1,-1,-0.01,-1,-1,-0.01,-1,-1,-0.01,-1,-1
99926009,2026-05-18 14:10:48+05:30,53488.95,0,0.0,0,0.0,0.0,53282.15,53619.2,52783.45,53710.35,0,0.0,0.0,0.0,0.0,-0.01,-1,-1,-0.01,-1,-1,-0.01,-1,-1,-0.01,-1,-1,-0.01,-1,-1,-0.01,-1,-1,-0.01,-1,-1,-0.01,-1,-1,-0.01,-1,-1,-0.01,-1,-1
99926009,2026-05-18 14:10:49+05:30,53492.55,0,0.0,0,0.0,0.0,53282.15,53619.2,52783.45,53710.35,0,0.0,0.0,0.0,0.0,-0.01,-1,-1,-0.01,-1,-1,-0.01,-1,-1,-0.01,-1,-1,-0.01,-1,-1,-0.01,-1,-1,-0.01,-1,-1,-0.01,-1,-1,-0.01,-1,-1,-0.01,-1,-1
99926009,2026-05-18 14:10:49+05:30,53490.95,0,0.0,0,0.0,0.0,53282.15,53619.2,52783.45,53710.35,0,0.0,0.0,0.0,0.0,-0.01,-1,-1,-0.01,-1,-1,-0.01,-1,-1,-0.01,-1,-1,-0.01,-1,-1,-0.01,-1,-1,-0.01,-1,-1,-0.01,-1,-1,-0.01,-1,-1,-0.01,-1,-1
99926009,2026-05-18 14:10:50+05:30,53491.7,0,0.0,0,0.0,0.0,53282.15,53619.2,52783.45,53710.35,0,0.0,0.0,0.0,0.0,-0.01,-1,-1,-0.01,-1,-1,-0.01,-1,-1,-0.01,-1,-1,-0.01,-1,-1,-0.01,-1,-1,-0.01,-1,-1,-0.01,-1,-1,-0.01,-1,-1,-0.01,-1,-1
99926009,2026-05-18 14:10:50+05:30,53493.1,0,0.0,0,0.0,0.0,53282.15,53619.2,52783.45,53710.35,0,0.0,0.0,0.0,0.0,-0.01,-1,-1,-0.01,-1,-1,-0.01,-1,-1,-0.01,-1,-1,-0.01,-1,-1,-0.01,-1,-1,-0.01,-1,-1,-0.01,-1,-1,-0.01,-1,-1,-0.01,-1,-1
99926009,2026-05-18 14:10:51+05:30,53491.95,0,0.0,0,0.0,0.0,53282.15,53619.2,52783.45,53710.35,0,0.0,0.0,0.0,0.0,-0.01,-1,-1,-0.01,-1,-1,-0.01,-1,-1,-0.01,-1,-1,-0.01,-1,-1,-0.01,-1,-1,-0.01,-1,-1,-0.01,-1,-1,-0.01,-1,-1,-0.01,-1,-1
99926009,2026-05-18 14:10:51+05:30,53490.15,0,0.0,0,0.0,0.0,53282.15,53619.2,52783.45,53710.35,0,0.0,0.0,0.0,0.0,-0.01,-1,-1,-0.01,-1,-1,-0.01,-1,-1,-0.01,-1,-1,-0.01,-1,-1,-0.01,-1,-1,-0.01,-1,-1,-0.01,-1,-1,-0.01,-1,-1,-0.01,-1,-1
99926009,2026-05-18 14:10:52+05:30,53491.85,0,0.0,0,0.0,0.0,53282.15,53619.2,52783.45,53710.35,0,0.0,0.0,0.0,0.0,-0.01,-1,-1,-0.01,-1,-1,-0.01,-1,-1,-0.01,-1,-1,-0.01,-1,-1,-0.01,-1,-1,-0.01,-1,-1,-0.01,-1,-1,-0.01,-1,-1,-0.01,-1,-1
99926009,2026-05-18 14:10:52+05:30,53495.2,0,0.0,0,0.0,0.0,53282.15,53619.2,52783.45,53710.35,0,0.0,0.0,0.0,0.0,-0.01,-1,-1,-0.01,-1,-1,-0.01,-1,-1,-0.01,-1,-1,-0.01,-1,-1,-0.01,-1,-1,-0.01,-1,-1,-0.01,-1,-1,-0.01,-1,-1,-0.01,-1,-1
99926009,2026-05-18 14:10:53+05:30,53493.65,0,0.0,0,0.0,0.0,53282.15,53619.2,52783.45,53710.35,0,0.0,0.0,0.0,0.0,-0.01,-1,-1,-0.01,-1,-1,-0.01,-1,-1,-0.01,-1,-1,-0.01,-1,-1,-0.01,-1,-1,-0.01,-1,-1,-0.01,-1,-1,-0.01,-1,-1,-0.01,-1,-1
99926009,2026-05-18 14:10:53+05:30,53490.05,0,0.0,0,0.0,0.0,53282.15,53619.2,52783.45,53710.35,0,0.0,0.0,0.0,0.0,-0.01,-1,-1,-0.01,-1,-1,-0.01,-1,-1,-0.01,-1,-1,-0.01,-1,-1,-0.01,-1,-1,-0.01,-1,-1,-0.01,-1,-1,-0.01,-1,-1,-0.01,-1,-1
99926009,2026-05-18 14:10:54+05:30,53490.25,0,0.0,0,0.0,0.0,53282.15,53619.2,52783.45,53710.35,0,0.0,0.0,0.0,0.0,-0.01,-1,-1,-0.01,-1,-1,-0.01,-1,-1,-0.01,-1,-1,-0.01,-1,-1,-0.01,-1,-1,-0.01,-1,-1,-0.01,-1,-1,-0.01,-1,-1,-0.01,-1,-1
99926009,2026-05-18 14:10:54+05:30,53492.75,0,0.0,0,0.0,0.0,53282.15,53619.2,52783.45,53710.35,0,0.0,0.0,0.0,0.0,-0.01,-1,-1,-0.01,-1,-1,-0.01,-1,-1,-0.01,-1,-1,-0.01,-1,-1,-0.01,-1,-1,-0.01,-1,-1,-0.01,-1,-1,-0.01,-1,-1,-0.01,-1,-1
99926009,2026-05-18 14:10:55+05:30,53493.75,0,0.0,0,0.0,0.0,53282.15,53619.2,52783.45,53710.35,0,0.0,0.0,0.0,0.0,-0.01,-1,-1,-0.01,-1,-1,-0.01,-1,-1,-0.01,-1,-1,-0.01,-1,-1,-0.01,-1,-1,-0.01,-1,-1,-0.01,-1,-1,-0.01,-1,-1,-0.01,-1,-1
99926009,2026-05-18 14:10:55+05:30,53492.45,0,0.0,0,0.0,0.0,53282.15,53619.2,52783.45,53710.35,0,0.0,0.0,0.0,0.0,-0.01,-1,-1,-0.01,-1,-1,-0.01,-1,-1,-0.01,-1,-1,-0.01,-1,-1,-0.01,-1,-1,-0.01,-1,-1,-0.01,-1,-1,-0.01,-1,-1,-0.01,-1,-1
99926009,2026-05-18 14:10:56+05:30,53494.05,0,0.0,0,0.0,0.0,53282.15,53619.2,52783.45,53710.35,0,0.0,0.0,0.0,0.0,-0.01,-1,-1,-0.01,-1,-1,-0.01,-1,-1,-0.01,-1,-1,-0.01,-1,-1,-0.01,-1,-1,-0.01,-1,-1,-0.01,-1,-1,-0.01,-1,-1,-0.01,-1,-1
99926009,2026-05-18 14:10:56+05:30,53493.75,0,0.0,0,0.0,0.0,53282.15,53619.2,52783.45,53710.35,0,0.0,0.0,0.0,0.0,-0.01,-1,-1,-0.01,-1,-1,-0.01,-1,-1,-0.01,-1,-1,-0.01,-1,-1,-0.01,-1,-1,-0.01,-1,-1,-0.01,-1,-1,-0.01,-1,-1,-0.01,-1,-1
99926009,2026-05-18 14:10:57+05:30,53492.65,0,0.0,0,0.0,0.0,53282.15,53619.2,52783.45,53710.35,0,0.0,0.0,0.0,0.0,-0.01,-1,-1,-0.01,-1,-1,-0.01,-1,-1,-0.01,-1,-1,-0.01,-1,-1,-0.01,-1,-1,-0.01,-1,-1,-0.01,-1,-1,-0.01,-1,-1,-0.01,-1,-1
99926009,2026-05-18 14:10:57+05:30,53492.9,0,0.0,0,0.0,0.0,53282.15,53619.2,52783.45,53710.35,0,0.0,0.0,0.0,0.0,-0.01,-1,-1,-0.01,-1,-1,-0.01,-1,-1,-0.01,-1,-1,-0.01,-1,-1,-0.01,-1,-1,-0.01,-1,-1,-0.01,-1,-1,-0.01,-1,-1,-0.01,-1,-1
99926009,2026-05-18 14:10:58+05:30,53491.45,0,0.0,0,0.0,0.0,53282.15,53619.2,52783.45,53710.35,0,0.0,0.0,0.0,0.0,-0.01,-1,-1,-0.01,-1,-1,-0.01,-1,-1,-0.01,-1,-1,-0.01,-1,-1,-0.01,-1,-1,-0.01,-1,-1,-0.01,-1,-1,-0.01,-1,-1,-0.01,-1,-1
99926009,2026-05-18 14:10:58+05:30,53490.6,0,0.0,0,0.0,0.0,53282.15,53619.2,52783.45,53710.35,0,0.0,0.0,0.0,0.0,-0.01,-1,-1,-0.01,-1,-1,-0.01,-1,-1,-0.01,-1,-1,-0.01,-1,-1,-0.01,-1,-1,-0.01,-1,-1,-0.01,-1,-1,-0.01,-1,-1,-0.01,-1,-1
99926009,2026-05-18 14:10:59+05:30,53489.4,0,0.0,0,0.0,0.0,53282.15,53619.2,52783.45,53710.35,0,0.0,0.0,0.0,0.0,-0.01,-1,-1,-0.01,-1,-1,-0.01,-1,-1,-0.01,-1,-1,-0.01,-1,-1,-0.01,-1,-1,-0.01,-1,-1,-0.01,-1,-1,-0.01,-1,-1,-0.01,-1,-1
99926009,2026-05-18 14:10:59+05:30,53493.0,0,0.0,0,0.0,0.0,53282.15,53619.2,52783.45,53710.35,0,0.0,0.0,0.0,0.0,-0.01,-1,-1,-0.01,-1,-1,-0.01,-1,-1,-0.01,-1,-1,-0.01,-1,-1,-0.01,-1,-1,-0.01,-1,-1,-0.01,-1,-1,-0.01,-1,-1,-0.01,-1,-1
99926009,2026-05-18 14:11:00+05:30,53494.3,0,0.0,0,0.0,0.0,53282.15,53619.2,52783.45,53710.35,0,0.0,0.0,0.0,0.0,-0.01,-1,-1,-0.01,-1,-1,-0.01,-1,-1,-0.01,-1,-1,-0.01,-1,-1,-0.01,-1,-1,-0.01,-1,-1,-0.01,-1,-1,-0.01,-1,-1,-0.01,-1,-1
99926009,2026-05-18 14:11:00+05:30,53494.45,0,0.0,0,0.0,0.0,53282.15,53619.2,52783.45,53710.35,0,0.0,0.0,0.0,0.0,-0.01,-1,-1,-0.01,-1,-1,-0.01,-1,-1,-0.01,-1,-1,-0.01,-1,-1,-0.01,-1,-1,-0.01,-1,-1,-0.01,-1,-1,-0.01,-1,-1,-0.01,-1,-1
99926009,2026-05-18 14:11:01+05:30,53494.75,0,0.0,0,0.0,0.0,53282.15,53619.2,52783.45,53710.35,0,0.0,0.0,0.0,0.0,-0.01,-1,-1,-0.01,-1,-1,-0.01,-1,-1,-0.01,-1,-1,-0.01,-1,-1,-0.01,-1,-1,-0.01,-1,-1,-0.01,-1,-1,-0.01,-1,-1,-0.01,-1,-1
99926009,2026-05-18 14:11:01+05:30,53494.75,0,0.0,0,0.0,0.0,53282.15,53619.2,52783.45,53710.35,0,0.0,0.0,0.0,0.0,-0.01,-1,-1,-0.01,-1,-1,-0.01,-1,-1,-0.01,-1,-1,-0.01,-1,-1,-0.01,-1,-1,-0.01,-1,-1,-0.01,-1,-1,-0.01,-1,-1,-0.01,-1,-1
99926009,2026-05-18 14:11:02+05:30,53494.75,0,0.0,0,0.0,0.0,53282.15,53619.2,52783.45,53710.35,0,0.0,0.0,0.0,0.0,-0.01,-1,-1,-0.01,-1,-1,-0.01,-1,-1,-0.01,-1,-1,-0.01,-1,-1,-0.01,-1,-1,-0.01,-1,-1,-0.01,-1,-1,-0.01,-1,-1,-0.01,-1,-1
99926009,2026-05-18 14:11:02+05:30,53493.0,0,0.0,0,0.0,0.0,53282.15,53619.2,52783.45,53710.35,0,0.0,0.0,0.0,0.0,-0.01,-1,-1,-0.01,-1,-1,-0.01,-1,-1,-0.01,-1,-1,-0.01,-1,-1,-0.01,-1,-1,-0.01,-1,-1,-0.01,-1,-1,-0.01,-1,-1,-0.01,-1,-1
99926009,2026-05-18 14:11:03+05:30,53495.3,0,0.0,0,0.0,0.0,53282.15,53619.2,52783.45,53710.35,0,0.0,0.0,0.0,0.0,-0.01,-1,-1,-0.01,-1,-1,-0.01,-1,-1,-0.01,-1,-1,-0.01,-1,-1,-0.01,-1,-1,-0.01,-1,-1,-0.01,-1,-1,-0.01,-1,-1,-0.01,-1,-1
99926009,2026-05-18 14:11:03+05:30,53494.85,0,0.0,0,0.0,0.0,53282.15,53619.2,52783.45,53710.35,0,0.0,0.0,0.0,0.0,-0.01,-1,-1,-0.01,-1,-1,-0.01,-1,-1,-0.01,-1,-1,-0.01,-1,-1,-0.01,-1,-1,-0.01,-1,-1,-0.01,-1,-1,-0.01,-1,-1,-0.01,-1,-1
99926009,2026-05-18 14:11:04+05:30,53494.4,0,0.0,0,0.0,0.0,53282.15,53619.2,52783.45,53710.35,0,0.0,0.0,0.0,0.0,-0.01,-1,-1,-0.01,-1,-1,-0.01,-1,-1,-0.01,-1,-1,-0.01,-1,-1,-0.01,-1,-1,-0.01,-1,-1,-0.01,-1,-1,-0.01,-1,-1,-0.01,-1,-1
99926009,2026-05-18 14:11:04+05:30,53494.25,0,0.0,0,0.0,0.0,53282.15,53619.2,52783.45,53710.35,0,0.0,0.0,0.0,0.0,-0.01,-1,-1,-0.01,-1,-1,-0.01,-1,-1,-0.01,-1,-1,-0.01,-1,-1,-0.01,-1,-1,-0.01,-1,-1,-0.01,-1,-1,-0.01,-1,-1,-0.01,-1,-1
99926009,2026-05-18 14:11:05+05:30,53498.55,0,0.0,0,0.0,0.0,53282.15,53619.2,52783.45,53710.35,0,0.0,0.0,0.0,0.0,-0.01,-1,-1,-0.01,-1,-1,-0.01,-1,-1,-0.01,-1,-1,-0.01,-1,-1,-0.01,-1,-1,-0.01,-1,-1,-0.01,-1,-1,-0.01,-1,-1,-0.01,-1,-1
99926009,2026-05-18 14:11:05+05:30,53497.65,0,0.0,0,0.0,0.0,53282.15,53619.2,52783.45,53710.35,0,0.0,0.0,0.0,0.0,-0.01,-1,-1,-0.01,-1,-1,-0.01,-1,-1,-0.01,-1,-1,-0.01,-1,-1,-0.01,-1,-1,-0.01,-1,-1,-0.01,-1,-1,-0.01,-1,-1,-0.01,-1,-1
99926009,2026-05-18 14:11:06+05:30,53499.45,0,0.0,0,0.0,0.0,53282.15,53619.2,52783.45,53710.35,0,0.0,0.0,0.0,0.0,-0.01,-1,-1,-0.01,-1,-1,-0.01,-1,-1,-0.01,-1,-1,-0.01,-1,-1,-0.01,-1,-1,-0.01,-1,-1,-0.01,-1,-1,-0.01,-1,-1,-0.01,-1,-1
99926009,2026-05-18 14:11:06+05:30,53500.85,0,0.0,0,0.0,0.0,53282.15,53619.2,52783.45,53710.35,0,0.0,0.0,0.0,0.0,-0.01,-1,-1,-0.01,-1,-1,-0.01,-1,-1,-0.01,-1,-1,-0.01,-1,-1,-0.01,-1,-1,-0.01,-1,-1,-0.01,-1,-1,-0.01,-1,-1,-0.01,-1,-1
99926009,2026-05-18 14:11:07+05:30,53497.4,0,0.0,0,0.0,0.0,53282.15,53619.2,52783.45,53710.35,0,0.0,0.0,0.0,0.0,-0.01,-1,-1,-0.01,-1,-1,-0.01,-1,-1,-0.01,-1,-1,-0.01,-1,-1,-0.01,-1,-1,-0.01,-1,-1,-0.01,-1,-1,-0.01,-1,-1,-0.01,-1,-1
99926009,2026-05-18 14:11:07+05:30,53498.0,0,0.0,0,0.0,0.0,53282.15,53619.2,52783.45,53710.35,0,0.0,0.0,0.0,0.0,-0.01,-1,-1,-0.01,-1,-1,-0.01,-1,-1,-0.01,-1,-1,-0.01,-1,-1,-0.01,-1,-1,-0.01,-1,-1,-0.01,-1,-1,-0.01,-1,-1,-0.01,-1,-1
99926009,2026-05-18 14:11:08+05:30,53501.65,0,0.0,0,0.0,0.0,53282.15,53619.2,52783.45,53710.35,0,0.0,0.0,0.0,0.0,-0.01,-1,-1,-0.01,-1,-1,-0.01,-1,-1,-0.01,-1,-1,-0.01,-1,-1,-0.01,-1,-1,-0.01,-1,-1,-0.01,-1,-1,-0.01,-1,-1,-0.01,-1,-1
99926009,2026-05-18 14:11:08+05:30,53498.7,0,0.0,0,0.0,0.0,53282.15,53619.2,52783.45,53710.35,0,0.0,0.0,0.0,0.0,-0.01,-1,-1,-0.01,-1,-1,-0.01,-1,-1,-0.01,-1,-1,-0.01,-1,-1,-0.01,-1,-1,-0.01,-1,-1,-0.01,-1,-1,-0.01,-1,-1,-0.01,-1,-1
99926009,2026-05-18 14:11:09+05:30,53503.2,0,0.0,0,0.0,0.0,53282.15,53619.2,52783.45,53710.35,0,0.0,0.0,0.0,0.0,-0.01,-1,-1,-0.01,-1,-1,-0.01,-1,-1,-0.01,-1,-1,-0.01,-1,-1,-0.01,-1,-1,-0.01,-1,-1,-0.01,-1,-1,-0.01,-1,-1,-0.01,-1,-1
99926009,2026-05-18 14:11:09+05:30,53503.25,0,0.0,0,0.0,0.0,53282.15,53619.2,52783.45,53710.35,0,0.0,0.0,0.0,0.0,-0.01,-1,-1,-0.01,-1,-1,-0.01,-1,-1,-0.01,-1,-1,-0.01,-1,-1,-0.01,-1,-1,-0.01,-1,-1,-0.01,-1,-1,-0.01,-1,-1,-0.01,-1,-1
99926009,2026-05-18 14:11:10+05:30,53504.85,0,0.0,0,0.0,0.0,53282.15,53619.2,52783.45,53710.35,0,0.0,0.0,0.0,0.0,-0.01,-1,-1,-0.01,-1,-1,-0.01,-1,-1,-0.01,-1,-1,-0.01,-1,-1,-0.01,-1,-1,-0.01,-1,-1,-0.01,-1,-1,-0.01,-1,-1,-0.01,-1,-1
99926009,2026-05-18 14:11:10+05:30,53501.55,0,0.0,0,0.0,0.0,53282.15,53619.2,52783.45,53710.35,0,0.0,0.0,0.0,0.0,-0.01,-1,-1,-0.01,-1,-1,-0.01,-1,-1,-0.01,-1,-1,-0.01,-1,-1,-0.01,-1,-1,-0.01,-1,-1,-0.01,-1,-1,-0.01,-1,-1,-0.01,-1,-1
99926009,2026-05-18 14:11:11+05:30,53505.2,0,0.0,0,0.0,0.0,53282.15,53619.2,52783.45,53710.35,0,0.0,0.0,0.0,0.0,-0.01,-1,-1,-0.01,-1,-1,-0.01,-1,-1,-0.01,-1,-1,-0.01,-1,-1,-0.01,-1,-1,-0.01,-1,-1,-0.01,-1,-1,-0.01,-1,-1,-0.01,-1,-1
99926009,2026-05-18 14:11:11+05:30,53500.75,0,0.0,0,0.0,0.0,53282.15,53619.2,52783.45,53710.35,0,0.0,0.0,0.0,0.0,-0.01,-1,-1,-0.01,-1,-1,-0.01,-1,-1,-0.01,-1,-1,-0.01,-1,-1,-0.01,-1,-1,-0.01,-1,-1,-0.01,-1,-1,-0.01,-1,-1,-0.01,-1,-1
99926009,2026-05-18 14:11:12+05:30,53505.3,0,0.0,0,0.0,0.0,53282.15,53619.2,52783.45,53710.35,0,0.0,0.0,0.0,0.0,-0.01,-1,-1,-0.01,-1,-1,-0.01,-1,-1,-0.01,-1,-1,-0.01,-1,-1,-0.01,-1,-1,-0.01,-1,-1,-0.01,-1,-1,-0.01,-1,-1,-0.01,-1,-1
99926009,2026-05-18 14:11:12+05:30,53503.3,0,0.0,0,0.0,0.0,53282.15,53619.2,52783.45,53710.35,0,0.0,0.0,0.0,0.0,-0.01,-1,-1,-0.01,-1,-1,-0.01,-1,-1,-0.01,-1,-1,-0.01,-1,-1,-0.01,-1,-1,-0.01,-1,-1,-0.01,-1,-1,-0.01,-1,-1,-0.01,-1,-1
99926009,2026-05-18 14:11:13+05:30,53506.1,0,0.0,0,0.0,0.0,53282.15,53619.2,52783.45,53710.35,0,0.0,0.0,0.0,0.0,-0.01,-1,-1,-0.01,-1,-1,-0.01,-1,-1,-0.01,-1,-1,-0.01,-1,-1,-0.01,-1,-1,-0.01,-1,-1,-0.01,-1,-1,-0.01,-1,-1,-0.01,-1,-1
99926009,2026-05-18 14:11:13+05:30,53508.35,0,0.0,0,0.0,0.0,53282.15,53619.2,52783.45,53710.35,0,0.0,0.0,0.0,0.0,-0.01,-1,-1,-0.01,-1,-1,-0.01,-1,-1,-0.01,-1,-1,-0.01,-1,-1,-0.01,-1,-1,-0.01,-1,-1,-0.01,-1,-1,-0.01,-1,-1,-0.01,-1,-1
99926009,2026-05-18 14:11:14+05:30,53509.2,0,0.0,0,0.0,0.0,53282.15,53619.2,52783.45,53710.35,0,0.0,0.0,0.0,0.0,-0.01,-1,-1,-0.01,-1,-1,-0.01,-1,-1,-0.01,-1,-1,-0.01,-1,-1,-0.01,-1,-1,-0.01,-1,-1,-0.01,-1,-1,-0.01,-1,-1,-0.01,-1,-1
99926009,2026-05-18 14:11:14+05:30,53511.9,0,0.0,0,0.0,0.0,53282.15,53619.2,52783.45,53710.35,0,0.0,0.0,0.0,0.0,-0.01,-1,-1,-0.01,-1,-1,-0.01,-1,-1,-0.01,-1,-1,-0.01,-1,-1,-0.01,-1,-1,-0.01,-1,-1,-0.01,-1,-1,-0.01,-1,-1,-0.01,-1,-1
99926009,2026-05-18 14:11:15+05:30,53507.0,0,0.0,0,0.0,0.0,53282.15,53619.2,52783.45,53710.35,0,0.0,0.0,0.0,0.0,-0.01,-1,-1,-0.01,-1,-1,-0.01,-1,-1,-0.01,-1,-1,-0.01,-1,-1,-0.01,-1,-1,-0.01,-1,-1,-0.01,-1,-1,-0.01,-1,-1,-0.01,-1,-1
99926009,2026-05-18 14:11:15+05:30,53506.95,0,0.0,0,0.0,0.0,53282.15,53619.2,52783.45,53710.35,0,0.0,0.0,0.0,0.0,-0.01,-1,-1,-0.01,-1,-1,-0.01,-1,-1,-0.01,-1,-1,-0.01,-1,-1,-0.01,-1,-1,-0.01,-1,-1,-0.01,-1,-1,-0.01,-1,-1,-0.01,-1,-1
99926009,2026-05-18 14:11:16+05:30,53505.75,0,0.0,0,0.0,0.0,53282.15,53619.2,52783.45,53710.35,0,0.0,0.0,0.0,0.0,-0.01,-1,-1,-0.01,-1,-1,-0.01,-1,-1,-0.01,-1,-1,-0.01,-1,-1,-0.01,-1,-1,-0.01,-1,-1,-0.01,-1,-1,-0.01,-1,-1,-0.01,-1,-1
99926009,2026-05-18 14:11:16+05:30,53501.55,0,0.0,0,0.0,0.0,53282.15,53619.2,52783.45,53710.35,0,0.0,0.0,0.0,0.0,-0.01,-1,-1,-0.01,-1,-1,-0.01,-1,-1,-0.01,-1,-1,-0.01,-1,-1,-0.01,-1,-1,-0.01,-1,-1,-0.01,-1,-1,-0.01,-1,-1,-0.01,-1,-1
99926009,2026-05-18 14:11:17+05:30,53501.7,0,0.0,0,0.0,0.0,53282.15,53619.2,52783.45,53710.35,0,0.0,0.0,0.0,0.0,-0.01,-1,-1,-0.01,-1,-1,-0.01,-1,-1,-0.01,-1,-1,-0.01,-1,-1,-0.01,-1,-1,-0.01,-1,-1,-0.01,-1,-1,-0.01,-1,-1,-0.01,-1,-1
99926009,2026-05-18 14:11:17+05:30,53503.0,0,0.0,0,0.0,0.0,53282.15,53619.2,52783.45,53710.35,0,0.0,0.0,0.0,0.0,-0.01,-1,-1,-0.01,-1,-1,-0.01,-1,-1,-0.01,-1,-1,-0.01,-1,-1,-0.01,-1,-1,-0.01,-1,-1,-0.01,-1,-1,-0.01,-1,-1,-0.01,-1,-1
99926009,2026-05-18 14:11:18+05:30,53502.35,0,0.0,0,0.0,0.0,53282.15,53619.2,52783.45,53710.35,0,0.0,0.0,0.0,0.0,-0.01,-1,-1,-0.01,-1,-1,-0.01,-1,-1,-0.01,-1,-1,-0.01,-1,-1,-0.01,-1,-1,-0.01,-1,-1,-0.01,-1,-1,-0.01,-1,-1,-0.01,-1,-1
99926009,2026-05-18 14:11:18+05:30,53502.75,0,0.0,0,0.0,0.0,53282.15,53619.2,52783.45,53710.35,0,0.0,0.0,0.0,0.0,-0.01,-1,-1,-0.01,-1,-1,-0.01,-1,-1,-0.01,-1,-1,-0.01,-1,-1,-0.01,-1,-1,-0.01,-1,-1,-0.01,-1,-1,-0.01,-1,-1,-0.01,-1,-1
99926009,2026-05-18 14:11:19+05:30,53500.95,0,0.0,0,0.0,0.0,53282.15,53619.2,52783.45,53710.35,0,0.0,0.0,0.0,0.0,-0.01,-1,-1,-0.01,-1,-1,-0.01,-1,-1,-0.01,-1,-1,-0.01,-1,-1,-0.01,-1,-1,-0.01,-1,-1,-0.01,-1,-1,-0.01,-1,-1,-0.01,-1,-1
99926009,2026-05-18 14:11:19+05:30,53501.9,0,0.0,0,0.0,0.0,53282.15,53619.2,52783.45,53710.35,0,0.0,0.0,0.0,0.0,-0.01,-1,-1,-0.01,-1,-1,-0.01,-1,-1,-0.01,-1,-1,-0.01,-1,-1,-0.01,-1,-1,-0.01,-1,-1,-0.01,-1,-1,-0.01,-1,-1,-0.01,-1,-1
99926009,2026-05-18 14:11:20+05:30,53503.85,0,0.0,0,0.0,0.0,53282.15,53619.2,52783.45,53710.35,0,0.0,0.0,0.0,0.0,-0.01,-1,-1,-0.01,-1,-1,-0.01,-1,-1,-0.01,-1,-1,-0.01,-1,-1,-0.01,-1,-1,-0.01,-1,-1,-0.01,-1,-1,-0.01,-1,-1,-0.01,-1,-1
99926009,2026-05-18 14:11:20+05:30,53502.05,0,0.0,0,0.0,0.0,53282.15,53619.2,52783.45,53710.35,0,0.0,0.0,0.0,0.0,-0.01,-1,-1,-0.01,-1,-1,-0.01,-1,-1,-0.01,-1,-1,-0.01,-1,-1,-0.01,-1,-1,-0.01,-1,-1,-0.01,-1,-1,-0.01,-1,-1,-0.01,-1,-1
99926009,2026-05-18 14:11:21+05:30,53503.95,0,0.0,0,0.0,0.0,53282.15,53619.2,52783.45,53710.35,0,0.0,0.0,0.0,0.0,-0.01,-1,-1,-0.01,-1,-1,-0.01,-1,-1,-0.01,-1,-1,-0.01,-1,-1,-0.01,-1,-1,-0.01,-1,-1,-0.01,-1,-1,-0.01,-1,-1,-0.01,-1,-1
99926009,2026-05-18 14:11:21+05:30,53506.95,0,0.0,0,0.0,0.0,53282.15,53619.2,52783.45,53710.35,0,0.0,0.0,0.0,0.0,-0.01,-1,-1,-0.01,-1,-1,-0.01,-1,-1,-0.01,-1,-1,-0.01,-1,-1,-0.01,-1,-1,-0.01,-1,-1,-0.01,-1,-1,-0.01,-1,-1,-0.01,-1,-1
99926009,2026-05-18 14:11:22+05:30,53506.2,0,0.0,0,0.0,0.0,53282.15,53619.2,52783.45,53710.35,0,0.0,0.0,0.0,0.0,-0.01,-1,-1,-0.01,-1,-1,-0.01,-1,-1,-0.01,-1,-1,-0.01,-1,-1,-0.01,-1,-1,-0.01,-1,-1,-0.01,-1,-1,-0.01,-1,-1,-0.01,-1,-1
99926009,2026-05-18 14:11:22+05:30,53504.3,0,0.0,0,0.0,0.0,53282.15,53619.2,52783.45,53710.35,0,0.0,0.0,0.0,0.0,-0.01,-1,-1,-0.01,-1,-1,-0.01,-1,-1,-0.01,-1,-1,-0.01,-1,-1,-0.01,-1,-1,-0.01,-1,-1,-0.01,-1,-1,-0.01,-1,-1,-0.01,-1,-1
99926009,2026-05-18 14:11:23+05:30,53504.9,0,0.0,0,0.0,0.0,53282.15,53619.2,52783.45,53710.35,0,0.0,0.0,0.0,0.0,-0.01,-1,-1,-0.01,-1,-1,-0.01,-1,-1,-0.01,-1,-1,-0.01,-1,-1,-0.01,-1,-1,-0.01,-1,-1,-0.01,-1,-1,-0.01,-1,-1,-0.01,-1,-1
99926009,2026-05-18 14:11:23+05:30,53508.15,0,0.0,0,0.0,0.0,53282.15,53619.2,52783.45,53710.35,0,0.0,0.0,0.0,0.0,-0.01,-1,-1,-0.01,-1,-1,-0.01,-1,-1,-0.01,-1,-1,-0.01,-1,-1,-0.01,-1,-1,-0.01,-1,-1,-0.01,-1,-1,-0.01,-1,-1,-0.01,-1,-1
99926009,2026-05-18 14:11:24+05:30,53510.5,0,0.0,0,0.0,0.0,53282.15,53619.2,52783.45,53710.35,0,0.0,0.0,0.0,0.0,-0.01,-1,-1,-0.01,-1,-1,-0.01,-1,-1,-0.01,-1,-1,-0.01,-1,-1,-0.01,-1,-1,-0.01,-1,-1,-0.01,-1,-1,-0.01,-1,-1,-0.01,-1,-1
99926009,2026-05-18 14:11:24+05:30,53511.35,0,0.0,0,0.0,0.0,53282.15,53619.2,52783.45,53710.35,0,0.0,0.0,0.0,0.0,-0.01,-1,-1,-0.01,-1,-1,-0.01,-1,-1,-0.01,-1,-1,-0.01,-1,-1,-0.01,-1,-1,-0.01,-1,-1,-0.01,-1,-1,-0.01,-1,-1,-0.01,-1,-1
99926009,2026-05-18 14:11:25+05:30,53509.5,0,0.0,0,0.0,0.0,53282.15,53619.2,52783.45,53710.35,0,0.0,0.0,0.0,0.0,-0.01,-1,-1,-0.01,-1,-1,-0.01,-1,-1,-0.01,-1,-1,-0.01,-1,-1,-0.01,-1,-1,-0.01,-1,-1,-0.01,-1,-1,-0.01,-1,-1,-0.01,-1,-1
99926009,2026-05-18 14:11:25+05:30,53514.35,0,0.0,0,0.0,0.0,53282.15,53619.2,52783.45,53710.35,0,0.0,0.0,0.0,0.0,-0.01,-1,-1,-0.01,-1,-1,-0.01,-1,-1,-0.01,-1,-1,-0.01,-1,-1,-0.01,-1,-1,-0.01,-1,-1,-0.01,-1,-1,-0.01,-1,-1,-0.01,-1,-1
99926009,2026-05-18 14:11:26+05:30,53510.05,0,0.0,0,0.0,0.0,53282.15,53619.2,52783.45,53710.35,0,0.0,0.0,0.0,0.0,-0.01,-1,-1,-0.01,-1,-1,-0.01,-1,-1,-0.01,-1,-1,-0.01,-1,-1,-0.01,-1,-1,-0.01,-1,-1,-0.01,-1,-1,-0.01,-1,-1,-0.01,-1,-1
99926009,2026-05-18 14:11:26+05:30,53509.85,0,0.0,0,0.0,0.0,53282.15,53619.2,52783.45,53710.35,0,0.0,0.0,0.0,0.0,-0.01,-1,-1,-0.01,-1,-1,-0.01,-1,-1,-0.01,-1,-1,-0.01,-1,-1,-0.01,-1,-1,-0.01,-1,-1,-0.01,-1,-1,-0.01,-1,-1,-0.01,-1,-1
99926009,2026-05-18 14:11:27+05:30,53506.8,0,0.0,0,0.0,0.0,53282.15,53619.2,52783.45,53710.35,0,0.0,0.0,0.0,0.0,-0.01,-1,-1,-0.01,-1,-1,-0.01,-1,-1,-0.01,-1,-1,-0.01,-1,-1,-0.01,-1,-1,-0.01,-1,-1,-0.01,-1,-1,-0.01,-1,-1,-0.01,-1,-1
99926009,2026-05-18 14:11:27+05:30,53503.8,0,0.0,0,0.0,0.0,53282.15,53619.2,52783.45,53710.35,0,0.0,0.0,0.0,0.0,-0.01,-1,-1,-0.01,-1,-1,-0.01,-1,-1,-0.01,-1,-1,-0.01,-1,-1,-0.01,-1,-1,-0.01,-1,-1,-0.01,-1,-1,-0.01,-1,-1,-0.01,-1,-1
99926009,2026-05-18 14:11:28+05:30,53505.75,0,0.0,0,0.0,0.0,53282.15,53619.2,52783.45,53710.35,0,0.0,0.0,0.0,0.0,-0.01,-1,-1,-0.01,-1,-1,-0.01,-1,-1,-0.01,-1,-1,-0.01,-1,-1,-0.01,-1,-1,-0.01,-1,-1,-0.01,-1,-1,-0.01,-1,-1,-0.01,-1,-1
99926009,2026-05-18 14:11:28+05:30,53503.0,0,0.0,0,0.0,0.0,53282.15,53619.2,52783.45,53710.35,0,0.0,0.0,0.0,0.0,-0.01,-1,-1,-0.01,-1,-1,-0.01,-1,-1,-0.01,-1,-1,-0.01,-1,-1,-0.01,-1,-1,-0.01,-1,-1,-0.01,-1,-1,-0.01,-1,-1,-0.01,-1,-1
99926009,2026-05-18 14:11:29+05:30,53508.25,0,0.0,0,0.0,0.0,53282.15,53619.2,52783.45,53710.35,0,0.0,0.0,0.0,0.0,-0.01,-1,-1,-0.01,-1,-1,-0.01,-1,-1,-0.01,-1,-1,-0.01,-1,-1,-0.01,-1,-1,-0.01,-1,-1,-0.01,-1,-1,-0.01,-1,-1,-0.01,-1,-1
99926009,2026-05-18 14:11:29+05:30,53503.1,0,0.0,0,0.0,0.0,53282.15,53619.2,52783.45,53710.35,0,0.0,0.0,0.0,0.0,-0.01,-1,-1,-0.01,-1,-1,-0.01,-1,-1,-0.01,-1,-1,-0.01,-1,-1,-0.01,-1,-1,-0.01,-1,-1,-0.01,-1,-1,-0.01,-1,-1,-0.01,-1,-1
99926009,2026-05-18 14:11:30+05:30,53507.1,0,0.0,0,0.0,0.0,53282.15,53619.2,52783.45,53710.35,0,0.0,0.0,0.0,0.0,-0.01,-1,-1,-0.01,-1,-1,-0.01,-1,-1,-0.01,-1,-1,-0.01,-1,-1,-0.01,-1,-1,-0.01,-1,-1,-0.01,-1,-1,-0.01,-1,-1,-0.01,-1,-1
99926009,2026-05-18 14:11:30+05:30,53505.05,0,0.0,0,0.0,0.0,53282.15,53619.2,52783.45,53710.35,0,0.0,0.0,0.0,0.0,-0.01,-1,-1,-0.01,-1,-1,-0.01,-1,-1,-0.01,-1,-1,-0.01,-1,-1,-0.01,-1,-1,-0.01,-1,-1,-0.01,-1,-1,-0.01,-1,-1,-0.01,-1,-1
99926009,2026-05-18 14:11:31+05:30,53506.8,0,0.0,0,0.0,0.0,53282.15,53619.2,52783.45,53710.35,0,0.0,0.0,0.0,0.0,-0.01,-1,-1,-0.01,-1,-1,-0.01,-1,-1,-0.01,-1,-1,-0.01,-1,-1,-0.01,-1,-1,-0.01,-1,-1,-0.01,-1,-1,-0.01,-1,-1,-0.01,-1,-1
99926009,2026-05-18 14:11:31+05:30,53503.6,0,0.0,0,0.0,0.0,53282.15,53619.2,52783.45,53710.35,0,0.0,0.0,0.0,0.0,-0.01,-1,-1,-0.01,-1,-1,-0.01,-1,-1,-0.01,-1,-1,-0.01,-1,-1,-0.01,-1,-1,-0.01,-1,-1,-0.01,-1,-1,-0.01,-1,-1,-0.01,-1,-1
99926009,2026-05-18 14:11:32+05:30,53507.2,0,0.0,0,0.0,0.0,53282.15,53619.2,52783.45,53710.35,0,0.0,0.0,0.0,0.0,-0.01,-1,-1,-0.01,-1,-1,-0.01,-1,-1,-0.01,-1,-1,-0.01,-1,-1,-0.01,-1,-1,-0.01,-1,-1,-0.01,-1,-1,-0.01,-1,-1,-0.01,-1,-1
99926009,2026-05-18 14:11:32+05:30,53510.6,0,0.0,0,0.0,0.0,53282.15,53619.2,52783.45,53710.35,0,0.0,0.0,0.0,0.0,-0.01,-1,-1,-0.01,-1,-1,-0.01,-1,-1,-0.01,-1,-1,-0.01,-1,-1,-0.01,-1,-1,-0.01,-1,-1,-0.01,-1,-1,-0.01,-1,-1,-0.01,-1,-1
99926009,2026-05-18 14:11:33+05:30,53512.5,0,0.0,0,0.0,0.0,53282.15,53619.2,52783.45,53710.35,0,0.0,0.0,0.0,0.0,-0.01,-1,-1,-0.01,-1,-1,-0.01,-1,-1,-0.01,-1,-1,-0.01,-1,-1,-0.01,-1,-1,-0.01,-1,-1,-0.01,-1,-1,-0.01,-1,-1,-0.01,-1,-1
99926009,2026-05-18 14:11:33+05:30,53510.05,0,0.0,0,0.0,0.0,53282.15,53619.2,52783.45,53710.35,0,0.0,0.0,0.0,0.0,-0.01,-1,-1,-0.01,-1,-1,-0.01,-1,-1,-0.01,-1,-1,-0.01,-1,-1,-0.01,-1,-1,-0.01,-1,-1,-0.01,-1,-1,-0.01,-1,-1,-0.01,-1,-1
99926009,2026-05-18 14:11:34+05:30,53509.4,0,0.0,0,0.0,0.0,53282.15,53619.2,52783.45,53710.35,0,0.0,0.0,0.0,0.0,-0.01,-1,-1,-0.01,-1,-1,-0.01,-1,-1,-0.01,-1,-1,-0.01,-1,-1,-0.01,-1,-1,-0.01,-1,-1,-0.01,-1,-1,-0.01,-1,-1,-0.01,-1,-1
99926009,2026-05-18 14:11:34+05:30,53514.2,0,0.0,0,0.0,0.0,53282.15,53619.2,52783.45,53710.35,0,0.0,0.0,0.0,0.0,-0.01,-1,-1,-0.01,-1,-1,-0.01,-1,-1,-0.01,-1,-1,-0.01,-1,-1,-0.01,-1,-1,-0.01,-1,-1,-0.01,-1,-1,-0.01,-1,-1,-0.01,-1,-1
99926009,2026-05-18 14:11:35+05:30,53513.4,0,0.0,0,0.0,0.0,53282.15,53619.2,52783.45,53710.35,0,0.0,0.0,0.0,0.0,-0.01,-1,-1,-0.01,-1,-1,-0.01,-1,-1,-0.01,-1,-1,-0.01,-1,-1,-0.01,-1,-1,-0.01,-1,-1,-0.01,-1,-1,-0.01,-1,-1,-0.01,-1,-1
99926009,2026-05-18 14:11:35+05:30,53509.65,0,0.0,0,0.0,0.0,53282.15,53619.2,52783.45,53710.35,0,0.0,0.0,0.0,0.0,-0.01,-1,-1,-0.01,-1,-1,-0.01,-1,-1,-0.01,-1,-1,-0.01,-1,-1,-0.01,-1,-1,-0.01,-1,-1,-0.01,-1,-1,-0.01,-1,-1,-0.01,-1,-1
99926009,2026-05-18 14:11:36+05:30,53509.25,0,0.0,0,0.0,0.0,53282.15,53619.2,52783.45,53710.35,0,0.0,0.0,0.0,0.0,-0.01,-1,-1,-0.01,-1,-1,-0.01,-1,-1,-0.01,-1,-1,-0.01,-1,-1,-0.01,-1,-1,-0.01,-1,-1,-0.01,-1,-1,-0.01,-1,-1,-0.01,-1,-1
99926009,2026-05-18 14:11:36+05:30,53511.95,0,0.0,0,0.0,0.0,53282.15,53619.2,52783.45,53710.35,0,0.0,0.0,0.0,0.0,-0.01,-1,-1,-0.01,-1,-1,-0.01,-1,-1,-0.01,-1,-1,-0.01,-1,-1,-0.01,-1,-1,-0.01,-1,-1,-0.01,-1,-1,-0.01,-1,-1,-0.01,-1,-1
99926009,2026-05-18 14:11:37+05:30,53514.0,0,0.0,0,0.0,0.0,53282.15,53619.2,52783.45,53710.35,0,0.0,0.0,0.0,0.0,-0.01,-1,-1,-0.01,-1,-1,-0.01,-1,-1,-0.01,-1,-1,-0.01,-1,-1,-0.01,-1,-1,-0.01,-1,-1,-0.01,-1,-1,-0.01,-1,-1,-0.01,-1,-1
99926009,2026-05-18 14:11:37+05:30,53509.3,0,0.0,0,0.0,0.0,53282.15,53619.2,52783.45,53710.35,0,0.0,0.0,0.0,0.0,-0.01,-1,-1,-0.01,-1,-1,-0.01,-1,-1,-0.01,-1,-1,-0.01,-1,-1,-0.01,-1,-1,-0.01,-1,-1,-0.01,-1,-1,-0.01,-1,-1,-0.01,-1,-1
99926009,2026-05-18 14:11:38+05:30,53509.7,0,0.0,0,0.0,0.0,53282.15,53619.2,52783.45,53710.35,0,0.0,0.0,0.0,0.0,-0.01,-1,-1,-0.01,-1,-1,-0.01,-1,-1,-0.01,-1,-1,-0.01,-1,-1,-0.01,-1,-1,-0.01,-1,-1,-0.01,-1,-1,-0.01,-1,-1,-0.01,-1,-1
99926009,2026-05-18 14:11:38+05:30,53508.6,0,0.0,0,0.0,0.0,53282.15,53619.2,52783.45,53710.35,0,0.0,0.0,0.0,0.0,-0.01,-1,-1,-0.01,-1,-1,-0.01,-1,-1,-0.01,-1,-1,-0.01,-1,-1,-0.01,-1,-1,-0.01,-1,-1,-0.01,-1,-1,-0.01,-1,-1,-0.01,-1,-1
99926009,2026-05-18 14:11:39+05:30,53513.8,0,0.0,0,0.0,0.0,53282.15,53619.2,52783.45,53710.35,0,0.0,0.0,0.0,0.0,-0.01,-1,-1,-0.01,-1,-1,-0.01,-1,-1,-0.01,-1,-1,-0.01,-1,-1,-0.01,-1,-1,-0.01,-1,-1,-0.01,-1,-1,-0.01,-1,-1,-0.01,-1,-1
99926009,2026-05-18 14:11:39+05:30,53510.6,0,0.0,0,0.0,0.0,53282.15,53619.2,52783.45,53710.35,0,0.0,0.0,0.0,0.0,-0.01,-1,-1,-0.01,-1,-1,-0.01,-1,-1,-0.01,-1,-1,-0.01,-1,-1,-0.01,-1,-1,-0.01,-1,-1,-0.01,-1,-1,-0.01,-1,-1,-0.01,-1,-1
99926009,2026-05-18 14:11:40+05:30,53514.9,0,0.0,0,0.0,0.0,53282.15,53619.2,52783.45,53710.35,0,0.0,0.0,0.0,0.0,-0.01,-1,-1,-0.01,-1,-1,-0.01,-1,-1,-0.01,-1,-1,-0.01,-1,-1,-0.01,-1,-1,-0.01,-1,-1,-0.01,-1,-1,-0.01,-1,-1,-0.01,-1,-1
99926009,2026-05-18 14:11:40+05:30,53509.1,0,0.0,0,0.0,0.0,53282.15,53619.2,52783.45,53710.35,0,0.0,0.0,0.0,0.0,-0.01,-1,-1,-0.01,-1,-1,-0.01,-1,-1,-0.01,-1,-1,-0.01,-1,-1,-0.01,-1,-1,-0.01,-1,-1,-0.01,-1,-1,-0.01,-1,-1,-0.01,-1,-1
99926009,2026-05-18 14:11:41+05:30,53511.75,0,0.0,0,0.0,0.0,53282.15,53619.2,52783.45,53710.35,0,0.0,0.0,0.0,0.0,-0.01,-1,-1,-0.01,-1,-1,-0.01,-1,-1,-0.01,-1,-1,-0.01,-1,-1,-0.01,-1,-1,-0.01,-1,-1,-0.01,-1,-1,-0.01,-1,-1,-0.01,-1,-1
99926009,2026-05-18 14:11:41+05:30,53510.8,0,0.0,0,0.0,0.0,53282.15,53619.2,52783.45,53710.35,0,0.0,0.0,0.0,0.0,-0.01,-1,-1,-0.01,-1,-1,-0.01,-1,-1,-0.01,-1,-1,-0.01,-1,-1,-0.01,-1,-1,-0.01,-1,-1,-0.01,-1,-1,-0.01,-1,-1,-0.01,-1,-1
99926009,2026-05-18 14:11:42+05:30,53509.1,0,0.0,0,0.0,0.0,53282.15,53619.2,52783.45,53710.35,0,0.0,0.0,0.0,0.0,-0.01,-1,-1,-0.01,-1,-1,-0.01,-1,-1,-0.01,-1,-1,-0.01,-1,-1,-0.01,-1,-1,-0.01,-1,-1,-0.01,-1,-1,-0.01,-1,-1,-0.01,-1,-1
99926009,2026-05-18 14:11:42+05:30,53510.95,0,0.0,0,0.0,0.0,53282.15,53619.2,52783.45,53710.35,0,0.0,0.0,0.0,0.0,-0.01,-1,-1,-0.01,-1,-1,-0.01,-1,-1,-0.01,-1,-1,-0.01,-1,-1,-0.01,-1,-1,-0.01,-1,-1,-0.01,-1,-1,-0.01,-1,-1,-0.01,-1,-1
99926009,2026-05-18 14:11:43+05:30,53510.25,0,0.0,0,0.0,0.0,53282.15,53619.2,52783.45,53710.35,0,0.0,0.0,0.0,0.0,-0.01,-1,-1,-0.01,-1,-1,-0.01,-1,-1,-0.01,-1,-1,-0.01,-1,-1,-0.01,-1,-1,-0.01,-1,-1,-0.01,-1,-1,-0.01,-1,-1,-0.01,-1,-1
99926009,2026-05-18 14:11:43+05:30,53508.6,0,0.0,0,0.0,0.0,53282.15,53619.2,52783.45,53710.35,0,0.0,0.0,0.0,0.0,-0.01,-1,-1,-0.01,-1,-1,-0.01,-1,-1,-0.01,-1,-1,-0.01,-1,-1,-0.01,-1,-1,-0.01,-1,-1,-0.01,-1,-1,-0.01,-1,-1,-0.01,-1,-1
99926009,2026-05-18 14:11:44+05:30,53508.15,0,0.0,0,0.0,0.0,53282.15,53619.2,52783.45,53710.35,0,0.0,0.0,0.0,0.0,-0.01,-1,-1,-0.01,-1,-1,-0.01,-1,-1,-0.01,-1,-1,-0.01,-1,-1,-0.01,-1,-1,-0.01,-1,-1,-0.01,-1,-1,-0.01,-1,-1,-0.01,-1,-1
99926009,2026-05-18 14:11:44+05:30,53510.95,0,0.0,0,0.0,0.0,53282.15,53619.2,52783.45,53710.35,0,0.0,0.0,0.0,0.0,-0.01,-1,-1,-0.01,-1,-1,-0.01,-1,-1,-0.01,-1,-1,-0.01,-1,-1,-0.01,-1,-1,-0.01,-1,-1,-0.01,-1,-1,-0.01,-1,-1,-0.01,-1,-1
99926009,2026-05-18 14:11:45+05:30,53511.15,0,0.0,0,0.0,0.0,53282.15,53619.2,52783.45,53710.35,0,0.0,0.0,0.0,0.0,-0.01,-1,-1,-0.01,-1,-1,-0.01,-1,-1,-0.01,-1,-1,-0.01,-1,-1,-0.01,-1,-1,-0.01,-1,-1,-0.01,-1,-1,-0.01,-1,-1,-0.01,-1,-1
99926009,2026-05-18 14:11:45+05:30,53507.75,0,0.0,0,0.0,0.0,53282.15,53619.2,52783.45,53710.35,0,0.0,0.0,0.0,0.0,-0.01,-1,-1,-0.01,-1,-1,-0.01,-1,-1,-0.01,-1,-1,-0.01,-1,-1,-0.01,-1,-1,-0.01,-1,-1,-0.01,-1,-1,-0.01,-1,-1,-0.01,-1,-1
99926009,2026-05-18 14:11:46+05:30,53510.8,0,0.0,0,0.0,0.0,53282.15,53619.2,52783.45,53710.35,0,0.0,0.0,0.0,0.0,-0.01,-1,-1,-0.01,-1,-1,-0.01,-1,-1,-0.01,-1,-1,-0.01,-1,-1,-0.01,-1,-1,-0.01,-1,-1,-0.01,-1,-1,-0.01,-1,-1,-0.01,-1,-1
99926009,2026-05-18 14:11:46+05:30,53508.7,0,0.0,0,0.0,0.0,53282.15,53619.2,52783.45,53710.35,0,0.0,0.0,0.0,0.0,-0.01,-1,-1,-0.01,-1,-1,-0.01,-1,-1,-0.01,-1,-1,-0.01,-1,-1,-0.01,-1,-1,-0.01,-1,-1,-0.01,-1,-1,-0.01,-1,-1,-0.01,-1,-1
99926009,2026-05-18 14:11:47+05:30,53508.8,0,0.0,0,0.0,0.0,53282.15,53619.2,52783.45,53710.35,0,0.0,0.0,0.0,0.0,-0.01,-1,-1,-0.01,-1,-1,-0.01,-1,-1,-0.01,-1,-1,-0.01,-1,-1,-0.01,-1,-1,-0.01,-1,-1,-0.01,-1,-1,-0.01,-1,-1,-0.01,-1,-1
99926009,2026-05-18 14:11:47+05:30,53507.95,0,0.0,0,0.0,0.0,53282.15,53619.2,52783.45,53710.35,0,0.0,0.0,0.0,0.0,-0.01,-1,-1,-0.01,-1,-1,-0.01,-1,-1,-0.01,-1,-1,-0.01,-1,-1,-0.01,-1,-1,-0.01,-1,-1,-0.01,-1,-1,-0.01,-1,-1,-0.01,-1,-1
99926009,2026-05-18 14:11:48+05:30,53509.5,0,0.0,0,0.0,0.0,53282.15,53619.2,52783.45,53710.35,0,0.0,0.0,0.0,0.0,-0.01,-1,-1,-0.01,-1,-1,-0.01,-1,-1,-0.01,-1,-1,-0.01,-1,-1,-0.01,-1,-1,-0.01,-1,-1,-0.01,-1,-1,-0.01,-1,-1,-0.01,-1,-1
99926009,2026-05-18 14:11:48+05:30,53509.75,0,0.0,0,0.0,0.0,53282.15,53619.2,52783.45,53710.35,0,0.0,0.0,0.0,0.0,-0.01,-1,-1,-0.01,-1,-1,-0.01,-1,-1,-0.01,-1,-1,-0.01,-1,-1,-0.01,-1,-1,-0.01,-1,-1,-0.01,-1,-1,-0.01,-1,-1,-0.01,-1,-1
99926009,2026-05-18 14:11:49+05:30,53512.0,0,0.0,0,0.0,0.0,53282.15,53619.2,52783.45,53710.35,0,0.0,0.0,0.0,0.0,-0.01,-1,-1,-0.01,-1,-1,-0.01,-1,-1,-0.01,-1,-1,-0.01,-1,-1,-0.01,-1,-1,-0.01,-1,-1,-0.01,-1,-1,-0.01,-1,-1,-0.01,-1,-1
99926009,2026-05-18 14:11:49+05:30,53513.95,0,0.0,0,0.0,0.0,53282.15,53619.2,52783.45,53710.35,0,0.0,0.0,0.0,0.0,-0.01,-1,-1,-0.01,-1,-1,-0.01,-1,-1,-0.01,-1,-1,-0.01,-1,-1,-0.01,-1,-1,-0.01,-1,-1,-0.01,-1,-1,-0.01,-1,-1,-0.01,-1,-1
99926009,2026-05-18 14:11:50+05:30,53512.75,0,0.0,0,0.0,0.0,53282.15,53619.2,52783.45,53710.35,0,0.0,0.0,0.0,0.0,-0.01,-1,-1,-0.01,-1,-1,-0.01,-1,-1,-0.01,-1,-1,-0.01,-1,-1,-0.01,-1,-1,-0.01,-1,-1,-0.01,-1,-1,-0.01,-1,-1,-0.01,-1,-1
99926009,2026-05-18 14:11:50+05:30,53508.1,0,0.0,0,0.0,0.0,53282.15,53619.2,52783.45,53710.35,0,0.0,0.0,0.0,0.0,-0.01,-1,-1,-0.01,-1,-1,-0.01,-1,-1,-0.01,-1,-1,-0.01,-1,-1,-0.01,-1,-1,-0.01,-1,-1,-0.01,-1,-1,-0.01,-1,-1,-0.01,-1,-1
99926009,2026-05-18 14:11:51+05:30,53511.25,0,0.0,0,0.0,0.0,53282.15,53619.2,52783.45,53710.35,0,0.0,0.0,0.0,0.0,-0.01,-1,-1,-0.01,-1,-1,-0.01,-1,-1,-0.01,-1,-1,-0.01,-1,-1,-0.01,-1,-1,-0.01,-1,-1,-0.01,-1,-1,-0.01,-1,-1,-0.01,-1,-1
99926009,2026-05-18 14:11:51+05:30,53512.8,0,0.0,0,0.0,0.0,53282.15,53619.2,52783.45,53710.35,0,0.0,0.0,0.0,0.0,-0.01,-1,-1,-0.01,-1,-1,-0.01,-1,-1,-0.01,-1,-1,-0.01,-1,-1,-0.01,-1,-1,-0.01,-1,-1,-0.01,-1,-1,-0.01,-1,-1,-0.01,-1,-1
99926009,2026-05-18 14:11:52+05:30,53513.4,0,0.0,0,0.0,0.0,53282.15,53619.2,52783.45,53710.35,0,0.0,0.0,0.0,0.0,-0.01,-1,-1,-0.01,-1,-1,-0.01,-1,-1,-0.01,-1,-1,-0.01,-1,-1,-0.01,-1,-1,-0.01,-1,-1,-0.01,-1,-1,-0.01,-1,-1,-0.01,-1,-1
99926009,2026-05-18 14:11:53+05:30,53510.9,0,0.0,0,0.0,0.0,53282.15,53619.2,52783.45,53710.35,0,0.0,0.0,0.0,0.0,-0.01,-1,-1,-0.01,-1,-1,-0.01,-1,-1,-0.01,-1,-1,-0.01,-1,-1,-0.01,-1,-1,-0.01,-1,-1,-0.01,-1,-1,-0.01,-1,-1,-0.01,-1,-1
99926009,2026-05-18 14:11:53+05:30,53512.1,0,0.0,0,0.0,0.0,53282.15,53619.2,52783.45,53710.35,0,0.0,0.0,0.0,0.0,-0.01,-1,-1,-0.01,-1,-1,-0.01,-1,-1,-0.01,-1,-1,-0.01,-1,-1,-0.01,-1,-1,-0.01,-1,-1,-0.01,-1,-1,-0.01,-1,-1,-0.01,-1,-1
99926009,2026-05-18 14:11:54+05:30,53509.6,0,0.0,0,0.0,0.0,53282.15,53619.2,52783.45,53710.35,0,0.0,0.0,0.0,0.0,-0.01,-1,-1,-0.01,-1,-1,-0.01,-1,-1,-0.01,-1,-1,-0.01,-1,-1,-0.01,-1,-1,-0.01,-1,-1,-0.01,-1,-1,-0.01,-1,-1,-0.01,-1,-1
99926009,2026-05-18 14:11:54+05:30,53514.4,0,0.0,0,0.0,0.0,53282.15,53619.2,52783.45,53710.35,0,0.0,0.0,0.0,0.0,-0.01,-1,-1,-0.01,-1,-1,-0.01,-1,-1,-0.01,-1,-1,-0.01,-1,-1,-0.01,-1,-1,-0.01,-1,-1,-0.01,-1,-1,-0.01,-1,-1,-0.01,-1,-1
99926009,2026-05-18 14:11:54+05:30,53513.85,0,0.0,0,0.0,0.0,53282.15,53619.2,52783.45,53710.35,0,0.0,0.0,0.0,0.0,-0.01,-1,-1,-0.01,-1,-1,-0.01,-1,-1,-0.01,-1,-1,-0.01,-1,-1,-0.01,-1,-1,-0.01,-1,-1,-0.01,-1,-1,-0.01,-1,-1,-0.01,-1,-1
99926009,2026-05-18 14:11:55+05:30,53520.55,0,0.0,0,0.0,0.0,53282.15,53619.2,52783.45,53710.35,0,0.0,0.0,0.0,0.0,-0.01,-1,-1,-0.01,-1,-1,-0.01,-1,-1,-0.01,-1,-1,-0.01,-1,-1,-0.01,-1,-1,-0.01,-1,-1,-0.01,-1,-1,-0.01,-1,-1,-0.01,-1,-1
99926009,2026-05-18 14:11:56+05:30,53517.55,0,0.0,0,0.0,0.0,53282.15,53619.2,52783.45,53710.35,0,0.0,0.0,0.0,0.0,-0.01,-1,-1,-0.01,-1,-1,-0.01,-1,-1,-0.01,-1,-1,-0.01,-1,-1,-0.01,-1,-1,-0.01,-1,-1,-0.01,-1,-1,-0.01,-1,-1,-0.01,-1,-1
99926009,2026-05-18 14:11:56+05:30,53522.2,0,0.0,0,0.0,0.0,53282.15,53619.2,52783.45,53710.35,0,0.0,0.0,0.0,0.0,-0.01,-1,-1,-0.01,-1,-1,-0.01,-1,-1,-0.01,-1,-1,-0.01,-1,-1,-0.01,-1,-1,-0.01,-1,-1,-0.01,-1,-1,-0.01,-1,-1,-0.01,-1,-1
99926009,2026-05-18 14:11:56+05:30,53518.1,0,0.0,0,0.0,0.0,53282.15,53619.2,52783.45,53710.35,0,0.0,0.0,0.0,0.0,-0.01,-1,-1,-0.01,-1,-1,-0.01,-1,-1,-0.01,-1,-1,-0.01,-1,-1,-0.01,-1,-1,-0.01,-1,-1,-0.01,-1,-1,-0.01,-1,-1,-0.01,-1,-1
99926009,2026-05-18 14:11:57+05:30,53516.25,0,0.0,0,0.0,0.0,53282.15,53619.2,52783.45,53710.35,0,0.0,0.0,0.0,0.0,-0.01,-1,-1,-0.01,-1,-1,-0.01,-1,-1,-0.01,-1,-1,-0.01,-1,-1,-0.01,-1,-1,-0.01,-1,-1,-0.01,-1,-1,-0.01,-1,-1,-0.01,-1,-1
99926009,2026-05-18 14:11:57+05:30,53513.8,0,0.0,0,0.0,0.0,53282.15,53619.2,52783.45,53710.35,0,0.0,0.0,0.0,0.0,-0.01,-1,-1,-0.01,-1,-1,-0.01,-1,-1,-0.01,-1,-1,-0.01,-1,-1,-0.01,-1,-1,-0.01,-1,-1,-0.01,-1,-1,-0.01,-1,-1,-0.01,-1,-1
99926009,2026-05-18 14:11:58+05:30,53517.15,0,0.0,0,0.0,0.0,53282.15,53619.2,52783.45,53710.35,0,0.0,0.0,0.0,0.0,-0.01,-1,-1,-0.01,-1,-1,-0.01,-1,-1,-0.01,-1,-1,-0.01,-1,-1,-0.01,-1,-1,-0.01,-1,-1,-0.01,-1,-1,-0.01,-1,-1,-0.01,-1,-1
99926009,2026-05-18 14:11:59+05:30,53518.45,0,0.0,0,0.0,0.0,53282.15,53619.2,52783.45,53710.35,0,0.0,0.0,0.0,0.0,-0.01,-1,-1,-0.01,-1,-1,-0.01,-1,-1,-0.01,-1,-1,-0.01,-1,-1,-0.01,-1,-1,-0.01,-1,-1,-0.01,-1,-1,-0.01,-1,-1,-0.01,-1,-1
99926009,2026-05-18 14:11:59+05:30,53515.95,0,0.0,0,0.0,0.0,53282.15,53619.2,52783.45,53710.35,0,0.0,0.0,0.0,0.0,-0.01,-1,-1,-0.01,-1,-1,-0.01,-1,-1,-0.01,-1,-1,-0.01,-1,-1,-0.01,-1,-1,-0.01,-1,-1,-0.01,-1,-1,-0.01,-1,-1,-0.01,-1,-1
99926009,2026-05-18 14:11:59+05:30,53517.9,0,0.0,0,0.0,0.0,53282.15,53619.2,52783.45,53710.35,0,0.0,0.0,0.0,0.0,-0.01,-1,-1,-0.01,-1,-1,-0.01,-1,-1,-0.01,-1,-1,-0.01,-1,-1,-0.01,-1,-1,-0.01,-1,-1,-0.01,-1,-1,-0.01,-1,-1,-0.01,-1,-1
99926009,2026-05-18 14:12:00+05:30,53517.7,0,0.0,0,0.0,0.0,53282.15,53619.2,52783.45,53710.35,0,0.0,0.0,0.0,0.0,-0.01,-1,-1,-0.01,-1,-1,-0.01,-1,-1,-0.01,-1,-1,-0.01,-1,-1,-0.01,-1,-1,-0.01,-1,-1,-0.01,-1,-1,-0.01,-1,-1,-0.01,-1,-1
99926009,2026-05-18 14:12:00+05:30,53520.35,0,0.0,0,0.0,0.0,53282.15,53619.2,52783.45,53710.35,0,0.0,0.0,0.0,0.0,-0.01,-1,-1,-0.01,-1,-1,-0.01,-1,-1,-0.01,-1,-1,-0.01,-1,-1,-0.01,-1,-1,-0.01,-1,-1,-0.01,-1,-1,-0.01,-1,-1,-0.01,-1,-1
99926009,2026-05-18 14:12:01+05:30,53526.7,0,0.0,0,0.0,0.0,53282.15,53619.2,52783.45,53710.35,0,0.0,0.0,0.0,0.0,-0.01,-1,-1,-0.01,-1,-1,-0.01,-1,-1,-0.01,-1,-1,-0.01,-1,-1,-0.01,-1,-1,-0.01,-1,-1,-0.01,-1,-1,-0.01,-1,-1,-0.01,-1,-1
99926009,2026-05-18 14:12:02+05:30,53526.7,0,0.0,0,0.0,0.0,53282.15,53619.2,52783.45,53710.35,0,0.0,0.0,0.0,0.0,-0.01,-1,-1,-0.01,-1,-1,-0.01,-1,-1,-0.01,-1,-1,-0.01,-1,-1,-0.01,-1,-1,-0.01,-1,-1,-0.01,-1,-1,-0.01,-1,-1,-0.01,-1,-1
99926009,2026-05-18 14:12:02+05:30,53531.3,0,0.0,0,0.0,0.0,53282.15,53619.2,52783.45,53710.35,0,0.0,0.0,0.0,0.0,-0.01,-1,-1,-0.01,-1,-1,-0.01,-1,-1,-0.01,-1,-1,-0.01,-1,-1,-0.01,-1,-1,-0.01,-1,-1,-0.01,-1,-1,-0.01,-1,-1,-0.01,-1,-1
99926009,2026-05-18 14:12:02+05:30,53531.85,0,0.0,0,0.0,0.0,53282.15,53619.2,52783.45,53710.35,0,0.0,0.0,0.0,0.0,-0.01,-1,-1,-0.01,-1,-1,-0.01,-1,-1,-0.01,-1,-1,-0.01,-1,-1,-0.01,-1,-1,-0.01,-1,-1,-0.01,-1,-1,-0.01,-1,-1,-0.01,-1,-1
99926009,2026-05-18 14:12:03+05:30,53536.3,0,0.0,0,0.0,0.0,53282.15,53619.2,52783.45,53710.35,0,0.0,0.0,0.0,0.0,-0.01,-1,-1,-0.01,-1,-1,-0.01,-1,-1,-0.01,-1,-1,-0.01,-1,-1,-0.01,-1,-1,-0.01,-1,-1,-0.01,-1,-1,-0.01,-1,-1,-0.01,-1,-1
99926009,2026-05-18 14:12:04+05:30,53535.3,0,0.0,0,0.0,0.0,53282.15,53619.2,52783.45,53710.35,0,0.0,0.0,0.0,0.0,-0.01,-1,-1,-0.01,-1,-1,-0.01,-1,-1,-0.01,-1,-1,-0.01,-1,-1,-0.01,-1,-1,-0.01,-1,-1,-0.01,-1,-1,-0.01,-1,-1,-0.01,-1,-1
99926009,2026-05-18 14:12:04+05:30,53533.9,0,0.0,0,0.0,0.0,53282.15,53619.2,52783.45,53710.35,0,0.0,0.0,0.0,0.0,-0.01,-1,-1,-0.01,-1,-1,-0.01,-1,-1,-0.01,-1,-1,-0.01,-1,-1,-0.01,-1,-1,-0.01,-1,-1,-0.01,-1,-1,-0.01,-1,-1,-0.01,-1,-1
99926009,2026-05-18 14:12:04+05:30,53531.2,0,0.0,0,0.0,0.0,53282.15,53619.2,52783.45,53710.35,0,0.0,0.0,0.0,0.0,-0.01,-1,-1,-0.01,-1,-1,-0.01,-1,-1,-0.01,-1,-1,-0.01,-1,-1,-0.01,-1,-1,-0.01,-1,-1,-0.01,-1,-1,-0.01,-1,-1,-0.01,-1,-1
99926009,2026-05-18 14:12:05+05:30,53533.15,0,0.0,0,0.0,0.0,53282.15,53619.2,52783.45,53710.35,0,0.0,0.0,0.0,0.0,-0.01,-1,-1,-0.01,-1,-1,-0.01,-1,-1,-0.01,-1,-1,-0.01,-1,-1,-0.01,-1,-1,-0.01,-1,-1,-0.01,-1,-1,-0.01,-1,-1,-0.01,-1,-1
99926009,2026-05-18 14:12:06+05:30,53532.5,0,0.0,0,0.0,0.0,53282.15,53619.2,52783.45,53710.35,0,0.0,0.0,0.0,0.0,-0.01,-1,-1,-0.01,-1,-1,-0.01,-1,-1,-0.01,-1,-1,-0.01,-1,-1,-0.01,-1,-1,-0.01,-1,-1,-0.01,-1,-1,-0.01,-1,-1,-0.01,-1,-1
99926009,2026-05-18 14:12:06+05:30,53535.25,0,0.0,0,0.0,0.0,53282.15,53619.2,52783.45,53710.35,0,0.0,0.0,0.0,0.0,-0.01,-1,-1,-0.01,-1,-1,-0.01,-1,-1,-0.01,-1,-1,-0.01,-1,-1,-0.01,-1,-1,-0.01,-1,-1,-0.01,-1,-1,-0.01,-1,-1,-0.01,-1,-1
99926009,2026-05-18 14:12:06+05:30,53535.8,0,0.0,0,0.0,0.0,53282.15,53619.2,52783.45,53710.35,0,0.0,0.0,0.0,0.0,-0.01,-1,-1,-0.01,-1,-1,-0.01,-1,-1,-0.01,-1,-1,-0.01,-1,-1,-0.01,-1,-1,-0.01,-1,-1,-0.01,-1,-1,-0.01,-1,-1,-0.01,-1,-1
99926009,2026-05-18 14:12:07+05:30,53535.8,0,0.0,0,0.0,0.0,53282.15,53619.2,52783.45,53710.35,0,0.0,0.0,0.0,0.0,-0.01,-1,-1,-0.01,-1,-1,-0.01,-1,-1,-0.01,-1,-1,-0.01,-1,-1,-0.01,-1,-1,-0.01,-1,-1,-0.01,-1,-1,-0.01,-1,-1,-0.01,-1,-1
99926009,2026-05-18 14:12:07+05:30,53533.85,0,0.0,0,0.0,0.0,53282.15,53619.2,52783.45,53710.35,0,0.0,0.0,0.0,0.0,-0.01,-1,-1,-0.01,-1,-1,-0.01,-1,-1,-0.01,-1,-1,-0.01,-1,-1,-0.01,-1,-1,-0.01,-1,-1,-0.01,-1,-1,-0.01,-1,-1,-0.01,-1,-1
99926009,2026-05-18 14:12:08+05:30,53533.35,0,0.0,0,0.0,0.0,53282.15,53619.2,52783.45,53710.35,0,0.0,0.0,0.0,0.0,-0.01,-1,-1,-0.01,-1,-1,-0.01,-1,-1,-0.01,-1,-1,-0.01,-1,-1,-0.01,-1,-1,-0.01,-1,-1,-0.01,-1,-1,-0.01,-1,-1,-0.01,-1,-1
99926009,2026-05-18 14:12:08+05:30,53532.15,0,0.0,0,0.0,0.0,53282.15,53619.2,52783.45,53710.35,0,0.0,0.0,0.0,0.0,-0.01,-1,-1,-0.01,-1,-1,-0.01,-1,-1,-0.01,-1,-1,-0.01,-1,-1,-0.01,-1,-1,-0.01,-1,-1,-0.01,-1,-1,-0.01,-1,-1,-0.01,-1,-1
99926009,2026-05-18 14:12:09+05:30,53531.45,0,0.0,0,0.0,0.0,53282.15,53619.2,52783.45,53710.35,0,0.0,0.0,0.0,0.0,-0.01,-1,-1,-0.01,-1,-1,-0.01,-1,-1,-0.01,-1,-1,-0.01,-1,-1,-0.01,-1,-1,-0.01,-1,-1,-0.01,-1,-1,-0.01,-1,-1,-0.01,-1,-1
99926009,2026-05-18 14:12:09+05:30,53530.95,0,0.0,0,0.0,0.0,53282.15,53619.2,52783.45,53710.35,0,0.0,0.0,0.0,0.0,-0.01,-1,-1,-0.01,-1,-1,-0.01,-1,-1,-0.01,-1,-1,-0.01,-1,-1,-0.01,-1,-1,-0.01,-1,-1,-0.01,-1,-1,-0.01,-1,-1,-0.01,-1,-1
99926009,2026-05-18 14:12:10+05:30,53533.15,0,0.0,0,0.0,0.0,53282.15,53619.2,52783.45,53710.35,0,0.0,0.0,0.0,0.0,-0.01,-1,-1,-0.01,-1,-1,-0.01,-1,-1,-0.01,-1,-1,-0.01,-1,-1,-0.01,-1,-1,-0.01,-1,-1,-0.01,-1,-1,-0.01,-1,-1,-0.01,-1,-1
99926009,2026-05-18 14:12:10+05:30,53531.3,0,0.0,0,0.0,0.0,53282.15,53619.2,52783.45,53710.35,0,0.0,0.0,0.0,0.0,-0.01,-1,-1,-0.01,-1,-1,-0.01,-1,-1,-0.01,-1,-1,-0.01,-1,-1,-0.01,-1,-1,-0.01,-1,-1,-0.01,-1,-1,-0.01,-1,-1,-0.01,-1,-1
99926009,2026-05-18 14:12:11+05:30,53533.55,0,0.0,0,0.0,0.0,53282.15,53619.2,52783.45,53710.35,0,0.0,0.0,0.0,0.0,-0.01,-1,-1,-0.01,-1,-1,-0.01,-1,-1,-0.01,-1,-1,-0.01,-1,-1,-0.01,-1,-1,-0.01,-1,-1,-0.01,-1,-1,-0.01,-1,-1,-0.01,-1,-1
99926009,2026-05-18 14:12:11+05:30,53531.9,0,0.0,0,0.0,0.0,53282.15,53619.2,52783.45,53710.35,0,0.0,0.0,0.0,0.0,-0.01,-1,-1,-0.01,-1,-1,-0.01,-1,-1,-0.01,-1,-1,-0.01,-1,-1,-0.01,-1,-1,-0.01,-1,-1,-0.01,-1,-1,-0.01,-1,-1,-0.01,-1,-1
99926009,2026-05-18 14:12:12+05:30,53531.05,0,0.0,0,0.0,0.0,53282.15,53619.2,52783.45,53710.35,0,0.0,0.0,0.0,0.0,-0.01,-1,-1,-0.01,-1,-1,-0.01,-1,-1,-0.01,-1,-1,-0.01,-1,-1,-0.01,-1,-1,-0.01,-1,-1,-0.01,-1,-1,-0.01,-1,-1,-0.01,-1,-1
99926009,2026-05-18 14:12:12+05:30,53531.35,0,0.0,0,0.0,0.0,53282.15,53619.2,52783.45,53710.35,0,0.0,0.0,0.0,0.0,-0.01,-1,-1,-0.01,-1,-1,-0.01,-1,-1,-0.01,-1,-1,-0.01,-1,-1,-0.01,-1,-1,-0.01,-1,-1,-0.01,-1,-1,-0.01,-1,-1,-0.01,-1,-1
99926009,2026-05-18 14:12:13+05:30,53530.85,0,0.0,0,0.0,0.0,53282.15,53619.2,52783.45,53710.35,0,0.0,0.0,0.0,0.0,-0.01,-1,-1,-0.01,-1,-1,-0.01,-1,-1,-0.01,-1,-1,-0.01,-1,-1,-0.01,-1,-1,-0.01,-1,-1,-0.01,-1,-1,-0.01,-1,-1,-0.01,-1,-1
99926009,2026-05-18 14:12:13+05:30,53531.4,0,0.0,0,0.0,0.0,53282.15,53619.2,52783.45,53710.35,0,0.0,0.0,0.0,0.0,-0.01,-1,-1,-0.01,-1,-1,-0.01,-1,-1,-0.01,-1,-1,-0.01,-1,-1,-0.01,-1,-1,-0.01,-1,-1,-0.01,-1,-1,-0.01,-1,-1,-0.01,-1,-1
99926009,2026-05-18 14:12:14+05:30,53531.75,0,0.0,0,0.0,0.0,53282.15,53619.2,52783.45,53710.35,0,0.0,0.0,0.0,0.0,-0.01,-1,-1,-0.01,-1,-1,-0.01,-1,-1,-0.01,-1,-1,-0.01,-1,-1,-0.01,-1,-1,-0.01,-1,-1,-0.01,-1,-1,-0.01,-1,-1,-0.01,-1,-1
99926009,2026-05-18 14:12:15+05:30,53530.75,0,0.0,0,0.0,0.0,53282.15,53619.2,52783.45,53710.35,0,0.0,0.0,0.0,0.0,-0.01,-1,-1,-0.01,-1,-1,-0.01,-1,-1,-0.01,-1,-1,-0.01,-1,-1,-0.01,-1,-1,-0.01,-1,-1,-0.01,-1,-1,-0.01,-1,-1,-0.01,-1,-1
99926009,2026-05-18 14:12:15+05:30,53534.55,0,0.0,0,0.0,0.0,53282.15,53619.2,52783.45,53710.35,0,0.0,0.0,0.0,0.0,-0.01,-1,-1,-0.01,-1,-1,-0.01,-1,-1,-0.01,-1,-1,-0.01,-1,-1,-0.01,-1,-1,-0.01,-1,-1,-0.01,-1,-1,-0.01,-1,-1,-0.01,-1,-1
99926009,2026-05-18 14:12:16+05:30,53533.45,0,0.0,0,0.0,0.0,53282.15,53619.2,52783.45,53710.35,0,0.0,0.0,0.0,0.0,-0.01,-1,-1,-0.01,-1,-1,-0.01,-1,-1,-0.01,-1,-1,-0.01,-1,-1,-0.01,-1,-1,-0.01,-1,-1,-0.01,-1,-1,-0.01,-1,-1,-0.01,-1,-1
99926009,2026-05-18 14:12:16+05:30,53533.6,0,0.0,0,0.0,0.0,53282.15,53619.2,52783.45,53710.35,0,0.0,0.0,0.0,0.0,-0.01,-1,-1,-0.01,-1,-1,-0.01,-1,-1,-0.01,-1,-1,-0.01,-1,-1,-0.01,-1,-1,-0.01,-1,-1,-0.01,-1,-1,-0.01,-1,-1,-0.01,-1,-1
99926009,2026-05-18 14:12:17+05:30,53535.4,0,0.0,0,0.0,0.0,53282.15,53619.2,52783.45,53710.35,0,0.0,0.0,0.0,0.0,-0.01,-1,-1,-0.01,-1,-1,-0.01,-1,-1,-0.01,-1,-1,-0.01,-1,-1,-0.01,-1,-1,-0.01,-1,-1,-0.01,-1,-1,-0.01,-1,-1,-0.01,-1,-1
99926009,2026-05-18 14:12:17+05:30,53532.1,0,0.0,0,0.0,0.0,53282.15,53619.2,52783.45,53710.35,0,0.0,0.0,0.0,0.0,-0.01,-1,-1,-0.01,-1,-1,-0.01,-1,-1,-0.01,-1,-1,-0.01,-1,-1,-0.01,-1,-1,-0.01,-1,-1,-0.01,-1,-1,-0.01,-1,-1,-0.01,-1,-1
99926009,2026-05-18 14:12:18+05:30,53530.7,0,0.0,0,0.0,0.0,53282.15,53619.2,52783.45,53710.35,0,0.0,0.0,0.0,0.0,-0.01,-1,-1,-0.01,-1,-1,-0.01,-1,-1,-0.01,-1,-1,-0.01,-1,-1,-0.01,-1,-1,-0.01,-1,-1,-0.01,-1,-1,-0.01,-1,-1,-0.01,-1,-1
99926009,2026-05-18 14:12:18+05:30,53530.7,0,0.0,0,0.0,0.0,53282.15,53619.2,52783.45,53710.35,0,0.0,0.0,0.0,0.0,-0.01,-1,-1,-0.01,-1,-1,-0.01,-1,-1,-0.01,-1,-1,-0.01,-1,-1,-0.01,-1,-1,-0.01,-1,-1,-0.01,-1,-1,-0.01,-1,-1,-0.01,-1,-1
99926009,2026-05-18 14:12:19+05:30,53530.75,0,0.0,0,0.0,0.0,53282.15,53619.2,52783.45,53710.35,0,0.0,0.0,0.0,0.0,-0.01,-1,-1,-0.01,-1,-1,-0.01,-1,-1,-0.01,-1,-1,-0.01,-1,-1,-0.01,-1,-1,-0.01,-1,-1,-0.01,-1,-1,-0.01,-1,-1,-0.01,-1,-1
99926009,2026-05-18 14:12:19+05:30,53533.3,0,0.0,0,0.0,0.0,53282.15,53619.2,52783.45,53710.35,0,0.0,0.0,0.0,0.0,-0.01,-1,-1,-0.01,-1,-1,-0.01,-1,-1,-0.01,-1,-1,-0.01,-1,-1,-0.01,-1,-1,-0.01,-1,-1,-0.01,-1,-1,-0.01,-1,-1,-0.01,-1,-1
99926009,2026-05-18 14:12:20+05:30,53536.1,0,0.0,0,0.0,0.0,53282.15,53619.2,52783.45,53710.35,0,0.0,0.0,0.0,0.0,-0.01,-1,-1,-0.01,-1,-1,-0.01,-1,-1,-0.01,-1,-1,-0.01,-1,-1,-0.01,-1,-1,-0.01,-1,-1,-0.01,-1,-1,-0.01,-1,-1,-0.01,-1,-1
99926009,2026-05-18 14:12:20+05:30,53536.55,0,0.0,0,0.0,0.0,53282.15,53619.2,52783.45,53710.35,0,0.0,0.0,0.0,0.0,-0.01,-1,-1,-0.01,-1,-1,-0.01,-1,-1,-0.01,-1,-1,-0.01,-1,-1,-0.01,-1,-1,-0.01,-1,-1,-0.01,-1,-1,-0.01,-1,-1,-0.01,-1,-1
99926009,2026-05-18 14:12:21+05:30,53534.55,0,0.0,0,0.0,0.0,53282.15,53619.2,52783.45,53710.35,0,0.0,0.0,0.0,0.0,-0.01,-1,-1,-0.01,-1,-1,-0.01,-1,-1,-0.01,-1,-1,-0.01,-1,-1,-0.01,-1,-1,-0.01,-1,-1,-0.01,-1,-1,-0.01,-1,-1,-0.01,-1,-1
99926009,2026-05-18 14:12:21+05:30,53538.2,0,0.0,0,0.0,0.0,53282.15,53619.2,52783.45,53710.35,0,0.0,0.0,0.0,0.0,-0.01,-1,-1,-0.01,-1,-1,-0.01,-1,-1,-0.01,-1,-1,-0.01,-1,-1,-0.01,-1,-1,-0.01,-1,-1,-0.01,-1,-1,-0.01,-1,-1,-0.01,-1,-1
99926009,2026-05-18 14:12:22+05:30,53537.5,0,0.0,0,0.0,0.0,53282.15,53619.2,52783.45,53710.35,0,0.0,0.0,0.0,0.0,-0.01,-1,-1,-0.01,-1,-1,-0.01,-1,-1,-0.01,-1,-1,-0.01,-1,-1,-0.01,-1,-1,-0.01,-1,-1,-0.01,-1,-1,-0.01,-1,-1,-0.01,-1,-1
99926009,2026-05-18 14:12:22+05:30,53535.8,0,0.0,0,0.0,0.0,53282.15,53619.2,52783.45,53710.35,0,0.0,0.0,0.0,0.0,-0.01,-1,-1,-0.01,-1,-1,-0.01,-1,-1,-0.01,-1,-1,-0.01,-1,-1,-0.01,-1,-1,-0.01,-1,-1,-0.01,-1,-1,-0.01,-1,-1,-0.01,-1,-1
99926009,2026-05-18 14:12:23+05:30,53534.65,0,0.0,0,0.0,0.0,53282.15,53619.2,52783.45,53710.35,0,0.0,0.0,0.0,0.0,-0.01,-1,-1,-0.01,-1,-1,-0.01,-1,-1,-0.01,-1,-1,-0.01,-1,-1,-0.01,-1,-1,-0.01,-1,-1,-0.01,-1,-1,-0.01,-1,-1,-0.01,-1,-1
99926009,2026-05-18 14:12:23+05:30,53536.9,0,0.0,0,0.0,0.0,53282.15,53619.2,52783.45,53710.35,0,0.0,0.0,0.0,0.0,-0.01,-1,-1,-0.01,-1,-1,-0.01,-1,-1,-0.01,-1,-1,-0.01,-1,-1,-0.01,-1,-1,-0.01,-1,-1,-0.01,-1,-1,-0.01,-1,-1,-0.01,-1,-1
99926009,2026-05-18 14:12:24+05:30,53534.4,0,0.0,0,0.0,0.0,53282.15,53619.2,52783.45,53710.35,0,0.0,0.0,0.0,0.0,-0.01,-1,-1,-0.01,-1,-1,-0.01,-1,-1,-0.01,-1,-1,-0.01,-1,-1,-0.01,-1,-1,-0.01,-1,-1,-0.01,-1,-1,-0.01,-1,-1,-0.01,-1,-1
99926009,2026-05-18 14:12:24+05:30,53535.35,0,0.0,0,0.0,0.0,53282.15,53619.2,52783.45,53710.35,0,0.0,0.0,0.0,0.0,-0.01,-1,-1,-0.01,-1,-1,-0.01,-1,-1,-0.01,-1,-1,-0.01,-1,-1,-0.01,-1,-1,-0.01,-1,-1,-0.01,-1,-1,-0.01,-1,-1,-0.01,-1,-1
99926009,2026-05-18 14:12:25+05:30,53533.95,0,0.0,0,0.0,0.0,53282.15,53619.2,52783.45,53710.35,0,0.0,0.0,0.0,0.0,-0.01,-1,-1,-0.01,-1,-1,-0.01,-1,-1,-0.01,-1,-1,-0.01,-1,-1,-0.01,-1,-1,-0.01,-1,-1,-0.01,-1,-1,-0.01,-1,-1,-0.01,-1,-1
99926009,2026-05-18 14:12:25+05:30,53538.0,0,0.0,0,0.0,0.0,53282.15,53619.2,52783.45,53710.35,0,0.0,0.0,0.0,0.0,-0.01,-1,-1,-0.01,-1,-1,-0.01,-1,-1,-0.01,-1,-1,-0.01,-1,-1,-0.01,-1,-1,-0.01,-1,-1,-0.01,-1,-1,-0.01,-1,-1,-0.01,-1,-1
99926009,2026-05-18 14:12:26+05:30,53537.0,0,0.0,0,0.0,0.0,53282.15,53619.2,52783.45,53710.35,0,0.0,0.0,0.0,0.0,-0.01,-1,-1,-0.01,-1,-1,-0.01,-1,-1,-0.01,-1,-1,-0.01,-1,-1,-0.01,-1,-1,-0.01,-1,-1,-0.01,-1,-1,-0.01,-1,-1,-0.01,-1,-1
99926009,2026-05-18 14:12:26+05:30,53534.95,0,0.0,0,0.0,0.0,53282.15,53619.2,52783.45,53710.35,0,0.0,0.0,0.0,0.0,-0.01,-1,-1,-0.01,-1,-1,-0.01,-1,-1,-0.01,-1,-1,-0.01,-1,-1,-0.01,-1,-1,-0.01,-1,-1,-0.01,-1,-1,-0.01,-1,-1,-0.01,-1,-1
99926009,2026-05-18 14:12:27+05:30,53538.05,0,0.0,0,0.0,0.0,53282.15,53619.2,52783.45,53710.35,0,0.0,0.0,0.0,0.0,-0.01,-1,-1,-0.01,-1,-1,-0.01,-1,-1,-0.01,-1,-1,-0.01,-1,-1,-0.01,-1,-1,-0.01,-1,-1,-0.01,-1,-1,-0.01,-1,-1,-0.01,-1,-1
99926009,2026-05-18 14:12:27+05:30,53536.9,0,0.0,0,0.0,0.0,53282.15,53619.2,52783.45,53710.35,0,0.0,0.0,0.0,0.0,-0.01,-1,-1,-0.01,-1,-1,-0.01,-1,-1,-0.01,-1,-1,-0.01,-1,-1,-0.01,-1,-1,-0.01,-1,-1,-0.01,-1,-1,-0.01,-1,-1,-0.01,-1,-1
99926009,2026-05-18 14:12:28+05:30,53537.85,0,0.0,0,0.0,0.0,53282.15,53619.2,52783.45,53710.35,0,0.0,0.0,0.0,0.0,-0.01,-1,-1,-0.01,-1,-1,-0.01,-1,-1,-0.01,-1,-1,-0.01,-1,-1,-0.01,-1,-1,-0.01,-1,-1,-0.01,-1,-1,-0.01,-1,-1,-0.01,-1,-1
99926009,2026-05-18 14:12:28+05:30,53537.55,0,0.0,0,0.0,0.0,53282.15,53619.2,52783.45,53710.35,0,0.0,0.0,0.0,0.0,-0.01,-1,-1,-0.01,-1,-1,-0.01,-1,-1,-0.01,-1,-1,-0.01,-1,-1,-0.01,-1,-1,-0.01,-1,-1,-0.01,-1,-1,-0.01,-1,-1,-0.01,-1,-1
99926009,2026-05-18 14:12:29+05:30,53534.7,0,0.0,0,0.0,0.0,53282.15,53619.2,52783.45,53710.35,0,0.0,0.0,0.0,0.0,-0.01,-1,-1,-0.01,-1,-1,-0.01,-1,-1,-0.01,-1,-1,-0.01,-1,-1,-0.01,-1,-1,-0.01,-1,-1,-0.01,-1,-1,-0.01,-1,-1,-0.01,-1,-1
99926009,2026-05-18 14:12:29+05:30,53533.2,0,0.0,0,0.0,0.0,53282.15,53619.2,52783.45,53710.35,0,0.0,0.0,0.0,0.0,-0.01,-1,-1,-0.01,-1,-1,-0.01,-1,-1,-0.01,-1,-1,-0.01,-1,-1,-0.01,-1,-1,-0.01,-1,-1,-0.01,-1,-1,-0.01,-1,-1,-0.01,-1,-1
99926009,2026-05-18 14:12:30+05:30,53533.7,0,0.0,0,0.0,0.0,53282.15,53619.2,52783.45,53710.35,0,0.0,0.0,0.0,0.0,-0.01,-1,-1,-0.01,-1,-1,-0.01,-1,-1,-0.01,-1,-1,-0.01,-1,-1,-0.01,-1,-1,-0.01,-1,-1,-0.01,-1,-1,-0.01,-1,-1,-0.01,-1,-1
99926009,2026-05-18 14:12:30+05:30,53535.7,0,0.0,0,0.0,0.0,53282.15,53619.2,52783.45,53710.35,0,0.0,0.0,0.0,0.0,-0.01,-1,-1,-0.01,-1,-1,-0.01,-1,-1,-0.01,-1,-1,-0.01,-1,-1,-0.01,-1,-1,-0.01,-1,-1,-0.01,-1,-1,-0.01,-1,-1,-0.01,-1,-1
99926009,2026-05-18 14:12:31+05:30,53535.15,0,0.0,0,0.0,0.0,53282.15,53619.2,52783.45,53710.35,0,0.0,0.0,0.0,0.0,-0.01,-1,-1,-0.01,-1,-1,-0.01,-1,-1,-0.01,-1,-1,-0.01,-1,-1,-0.01,-1,-1,-0.01,-1,-1,-0.01,-1,-1,-0.01,-1,-1,-0.01,-1,-1
99926009,2026-05-18 14:12:31+05:30,53538.55,0,0.0,0,0.0,0.0,53282.15,53619.2,52783.45,53710.35,0,0.0,0.0,0.0,0.0,-0.01,-1,-1,-0.01,-1,-1,-0.01,-1,-1,-0.01,-1,-1,-0.01,-1,-1,-0.01,-1,-1,-0.01,-1,-1,-0.01,-1,-1,-0.01,-1,-1,-0.01,-1,-1
99926009,2026-05-18 14:12:32+05:30,53538.55,0,0.0,0,0.0,0.0,53282.15,53619.2,52783.45,53710.35,0,0.0,0.0,0.0,0.0,-0.01,-1,-1,-0.01,-1,-1,-0.01,-1,-1,-0.01,-1,-1,-0.01,-1,-1,-0.01,-1,-1,-0.01,-1,-1,-0.01,-1,-1,-0.01,-1,-1,-0.01,-1,-1
99926009,2026-05-18 14:12:32+05:30,53534.9,0,0.0,0,0.0,0.0,53282.15,53619.2,52783.45,53710.35,0,0.0,0.0,0.0,0.0,-0.01,-1,-1,-0.01,-1,-1,-0.01,-1,-1,-0.01,-1,-1,-0.01,-1,-1,-0.01,-1,-1,-0.01,-1,-1,-0.01,-1,-1,-0.01,-1,-1,-0.01,-1,-1
99926009,2026-05-18 14:12:33+05:30,53534.15,0,0.0,0,0.0,0.0,53282.15,53619.2,52783.45,53710.35,0,0.0,0.0,0.0,0.0,-0.01,-1,-1,-0.01,-1,-1,-0.01,-1,-1,-0.01,-1,-1,-0.01,-1,-1,-0.01,-1,-1,-0.01,-1,-1,-0.01,-1,-1,-0.01,-1,-1,-0.01,-1,-1
99926009,2026-05-18 14:12:33+05:30,53533.5,0,0.0,0,0.0,0.0,53282.15,53619.2,52783.45,53710.35,0,0.0,0.0,0.0,0.0,-0.01,-1,-1,-0.01,-1,-1,-0.01,-1,-1,-0.01,-1,-1,-0.01,-1,-1,-0.01,-1,-1,-0.01,-1,-1,-0.01,-1,-1,-0.01,-1,-1,-0.01,-1,-1
99926009,2026-05-18 14:12:34+05:30,53535.85,0,0.0,0,0.0,0.0,53282.15,53619.2,52783.45,53710.35,0,0.0,0.0,0.0,0.0,-0.01,-1,-1,-0.01,-1,-1,-0.01,-1,-1,-0.01,-1,-1,-0.01,-1,-1,-0.01,-1,-1,-0.01,-1,-1,-0.01,-1,-1,-0.01,-1,-1,-0.01,-1,-1
99926009,2026-05-18 14:12:34+05:30,53532.75,0,0.0,0,0.0,0.0,53282.15,53619.2,52783.45,53710.35,0,0.0,0.0,0.0,0.0,-0.01,-1,-1,-0.01,-1,-1,-0.01,-1,-1,-0.01,-1,-1,-0.01,-1,-1,-0.01,-1,-1,-0.01,-1,-1,-0.01,-1,-1,-0.01,-1,-1,-0.01,-1,-1
99926009,2026-05-18 14:12:35+05:30,53532.15,0,0.0,0,0.0,0.0,53282.15,53619.2,52783.45,53710.35,0,0.0,0.0,0.0,0.0,-0.01,-1,-1,-0.01,-1,-1,-0.01,-1,-1,-0.01,-1,-1,-0.01,-1,-1,-0.01,-1,-1,-0.01,-1,-1,-0.01,-1,-1,-0.01,-1,-1,-0.01,-1,-1
99926009,2026-05-18 14:12:35+05:30,53534.25,0,0.0,0,0.0,0.0,53282.15,53619.2,52783.45,53710.35,0,0.0,0.0,0.0,0.0,-0.01,-1,-1,-0.01,-1,-1,-0.01,-1,-1,-0.01,-1,-1,-0.01,-1,-1,-0.01,-1,-1,-0.01,-1,-1,-0.01,-1,-1,-0.01,-1,-1,-0.01,-1,-1
99926009,2026-05-18 14:12:36+05:30,53532.85,0,0.0,0,0.0,0.0,53282.15,53619.2,52783.45,53710.35,0,0.0,0.0,0.0,0.0,-0.01,-1,-1,-0.01,-1,-1,-0.01,-1,-1,-0.01,-1,-1,-0.01,-1,-1,-0.01,-1,-1,-0.01,-1,-1,-0.01,-1,-1,-0.01,-1,-1,-0.01,-1,-1
99926009,2026-05-18 14:12:36+05:30,53536.8,0,0.0,0,0.0,0.0,53282.15,53619.2,52783.45,53710.35,0,0.0,0.0,0.0,0.0,-0.01,-1,-1,-0.01,-1,-1,-0.01,-1,-1,-0.01,-1,-1,-0.01,-1,-1,-0.01,-1,-1,-0.01,-1,-1,-0.01,-1,-1,-0.01,-1,-1,-0.01,-1,-1
99926009,2026-05-18 14:12:37+05:30,53537.2,0,0.0,0,0.0,0.0,53282.15,53619.2,52783.45,53710.35,0,0.0,0.0,0.0,0.0,-0.01,-1,-1,-0.01,-1,-1,-0.01,-1,-1,-0.01,-1,-1,-0.01,-1,-1,-0.01,-1,-1,-0.01,-1,-1,-0.01,-1,-1,-0.01,-1,-1,-0.01,-1,-1
99926009,2026-05-18 14:12:37+05:30,53536.0,0,0.0,0,0.0,0.0,53282.15,53619.2,52783.45,53710.35,0,0.0,0.0,0.0,0.0,-0.01,-1,-1,-0.01,-1,-1,-0.01,-1,-1,-0.01,-1,-1,-0.01,-1,-1,-0.01,-1,-1,-0.01,-1,-1,-0.01,-1,-1,-0.01,-1,-1,-0.01,-1,-1
99926009,2026-05-18 14:12:38+05:30,53535.45,0,0.0,0,0.0,0.0,53282.15,53619.2,52783.45,53710.35,0,0.0,0.0,0.0,0.0,-0.01,-1,-1,-0.01,-1,-1,-0.01,-1,-1,-0.01,-1,-1,-0.01,-1,-1,-0.01,-1,-1,-0.01,-1,-1,-0.01,-1,-1,-0.01,-1,-1,-0.01,-1,-1
99926009,2026-05-18 14:12:38+05:30,53532.5,0,0.0,0,0.0,0.0,53282.15,53619.2,52783.45,53710.35,0,0.0,0.0,0.0,0.0,-0.01,-1,-1,-0.01,-1,-1,-0.01,-1,-1,-0.01,-1,-1,-0.01,-1,-1,-0.01,-1,-1,-0.01,-1,-1,-0.01,-1,-1,-0.01,-1,-1,-0.01,-1,-1
99926009,2026-05-18 14:12:39+05:30,53532.9,0,0.0,0,0.0,0.0,53282.15,53619.2,52783.45,53710.35,0,0.0,0.0,0.0,0.0,-0.01,-1,-1,-0.01,-1,-1,-0.01,-1,-1,-0.01,-1,-1,-0.01,-1,-1,-0.01,-1,-1,-0.01,-1,-1,-0.01,-1,-1,-0.01,-1,-1,-0.01,-1,-1
99926009,2026-05-18 14:12:39+05:30,53532.1,0,0.0,0,0.0,0.0,53282.15,53619.2,52783.45,53710.35,0,0.0,0.0,0.0,0.0,-0.01,-1,-1,-0.01,-1,-1,-0.01,-1,-1,-0.01,-1,-1,-0.01,-1,-1,-0.01,-1,-1,-0.01,-1,-1,-0.01,-1,-1,-0.01,-1,-1,-0.01,-1,-1
99926009,2026-05-18 14:12:40+05:30,53533.5,0,0.0,0,0.0,0.0,53282.15,53619.2,52783.45,53710.35,0,0.0,0.0,0.0,0.0,-0.01,-1,-1,-0.01,-1,-1,-0.01,-1,-1,-0.01,-1,-1,-0.01,-1,-1,-0.01,-1,-1,-0.01,-1,-1,-0.01,-1,-1,-0.01,-1,-1,-0.01,-1,-1
99926009,2026-05-18 14:12:40+05:30,53533.1,0,0.0,0,0.0,0.0,53282.15,53619.2,52783.45,53710.35,0,0.0,0.0,0.0,0.0,-0.01,-1,-1,-0.01,-1,-1,-0.01,-1,-1,-0.01,-1,-1,-0.01,-1,-1,-0.01,-1,-1,-0.01,-1,-1,-0.01,-1,-1,-0.01,-1,-1,-0.01,-1,-1
99926009,2026-05-18 14:12:41+05:30,53533.9,0,0.0,0,0.0,0.0,53282.15,53619.2,52783.45,53710.35,0,0.0,0.0,0.0,0.0,-0.01,-1,-1,-0.01,-1,-1,-0.01,-1,-1,-0.01,-1,-1,-0.01,-1,-1,-0.01,-1,-1,-0.01,-1,-1,-0.01,-1,-1,-0.01,-1,-1,-0.01,-1,-1
99926009,2026-05-18 14:12:41+05:30,53535.8,0,0.0,0,0.0,0.0,53282.15,53619.2,52783.45,53710.35,0,0.0,0.0,0.0,0.0,-0.01,-1,-1,-0.01,-1,-1,-0.01,-1,-1,-0.01,-1,-1,-0.01,-1,-1,-0.01,-1,-1,-0.01,-1,-1,-0.01,-1,-1,-0.01,-1,-1,-0.01,-1,-1
99926009,2026-05-18 14:12:42+05:30,53533.9,0,0.0,0,0.0,0.0,53282.15,53619.2,52783.45,53710.35,0,0.0,0.0,0.0,0.0,-0.01,-1,-1,-0.01,-1,-1,-0.01,-1,-1,-0.01,-1,-1,-0.01,-1,-1,-0.01,-1,-1,-0.01,-1,-1,-0.01,-1,-1,-0.01,-1,-1,-0.01,-1,-1
99926009,2026-05-18 14:12:42+05:30,53533.35,0,0.0,0,0.0,0.0,53282.15,53619.2,52783.45,53710.35,0,0.0,0.0,0.0,0.0,-0.01,-1,-1,-0.01,-1,-1,-0.01,-1,-1,-0.01,-1,-1,-0.01,-1,-1,-0.01,-1,-1,-0.01,-1,-1,-0.01,-1,-1,-0.01,-1,-1,-0.01,-1,-1
99926009,2026-05-18 14:12:43+05:30,53531.95,0,0.0,0,0.0,0.0,53282.15,53619.2,52783.45,53710.35,0,0.0,0.0,0.0,0.0,-0.01,-1,-1,-0.01,-1,-1,-0.01,-1,-1,-0.01,-1,-1,-0.01,-1,-1,-0.01,-1,-1,-0.01,-1,-1,-0.01,-1,-1,-0.01,-1,-1,-0.01,-1,-1
99926009,2026-05-18 14:12:43+05:30,53530.85,0,0.0,0,0.0,0.0,53282.15,53619.2,52783.45,53710.35,0,0.0,0.0,0.0,0.0,-0.01,-1,-1,-0.01,-1,-1,-0.01,-1,-1,-0.01,-1,-1,-0.01,-1,-1,-0.01,-1,-1,-0.01,-1,-1,-0.01,-1,-1,-0.01,-1,-1,-0.01,-1,-1
99926009,2026-05-18 14:12:44+05:30,53531.5,0,0.0,0,0.0,0.0,53282.15,53619.2,52783.45,53710.35,0,0.0,0.0,0.0,0.0,-0.01,-1,-1,-0.01,-1,-1,-0.01,-1,-1,-0.01,-1,-1,-0.01,-1,-1,-0.01,-1,-1,-0.01,-1,-1,-0.01,-1,-1,-0.01,-1,-1,-0.01,-1,-1
99926009,2026-05-18 14:12:44+05:30,53532.15,0,0.0,0,0.0,0.0,53282.15,53619.2,52783.45,53710.35,0,0.0,0.0,0.0,0.0,-0.01,-1,-1,-0.01,-1,-1,-0.01,-1,-1,-0.01,-1,-1,-0.01,-1,-1,-0.01,-1,-1,-0.01,-1,-1,-0.01,-1,-1,-0.01,-1,-1,-0.01,-1,-1
99926009,2026-05-18 14:12:45+05:30,53531.75,0,0.0,0,0.0,0.0,53282.15,53619.2,52783.45,53710.35,0,0.0,0.0,0.0,0.0,-0.01,-1,-1,-0.01,-1,-1,-0.01,-1,-1,-0.01,-1,-1,-0.01,-1,-1,-0.01,-1,-1,-0.01,-1,-1,-0.01,-1,-1,-0.01,-1,-1,-0.01,-1,-1
99926009,2026-05-18 14:12:45+05:30,53534.6,0,0.0,0,0.0,0.0,53282.15,53619.2,52783.45,53710.35,0,0.0,0.0,0.0,0.0,-0.01,-1,-1,-0.01,-1,-1,-0.01,-1,-1,-0.01,-1,-1,-0.01,-1,-1,-0.01,-1,-1,-0.01,-1,-1,-0.01,-1,-1,-0.01,-1,-1,-0.01,-1,-1
99926009,2026-05-18 14:12:46+05:30,53533.55,0,0.0,0,0.0,0.0,53282.15,53619.2,52783.45,53710.35,0,0.0,0.0,0.0,0.0,-0.01,-1,-1,-0.01,-1,-1,-0.01,-1,-1,-0.01,-1,-1,-0.01,-1,-1,-0.01,-1,-1,-0.01,-1,-1,-0.01,-1,-1,-0.01,-1,-1,-0.01,-1,-1
99926009,2026-05-18 14:12:46+05:30,53532.25,0,0.0,0,0.0,0.0,53282.15,53619.2,52783.45,53710.35,0,0.0,0.0,0.0,0.0,-0.01,-1,-1,-0.01,-1,-1,-0.01,-1,-1,-0.01,-1,-1,-0.01,-1,-1,-0.01,-1,-1,-0.01,-1,-1,-0.01,-1,-1,-0.01,-1,-1,-0.01,-1,-1
99926009,2026-05-18 14:12:47+05:30,53531.95,0,0.0,0,0.0,0.0,53282.15,53619.2,52783.45,53710.35,0,0.0,0.0,0.0,0.0,-0.01,-1,-1,-0.01,-1,-1,-0.01,-1,-1,-0.01,-1,-1,-0.01,-1,-1,-0.01,-1,-1,-0.01,-1,-1,-0.01,-1,-1,-0.01,-1,-1,-0.01,-1,-1
99926009,2026-05-18 14:12:47+05:30,53530.3,0,0.0,0,0.0,0.0,53282.15,53619.2,52783.45,53710.35,0,0.0,0.0,0.0,0.0,-0.01,-1,-1,-0.01,-1,-1,-0.01,-1,-1,-0.01,-1,-1,-0.01,-1,-1,-0.01,-1,-1,-0.01,-1,-1,-0.01,-1,-1,-0.01,-1,-1,-0.01,-1,-1
99926009,2026-05-18 14:12:48+05:30,53532.05,0,0.0,0,0.0,0.0,53282.15,53619.2,52783.45,53710.35,0,0.0,0.0,0.0,0.0,-0.01,-1,-1,-0.01,-1,-1,-0.01,-1,-1,-0.01,-1,-1,-0.01,-1,-1,-0.01,-1,-1,-0.01,-1,-1,-0.01,-1,-1,-0.01,-1,-1,-0.01,-1,-1
99926009,2026-05-18 14:12:48+05:30,53531.65,0,0.0,0,0.0,0.0,53282.15,53619.2,52783.45,53710.35,0,0.0,0.0,0.0,0.0,-0.01,-1,-1,-0.01,-1,-1,-0.01,-1,-1,-0.01,-1,-1,-0.01,-1,-1,-0.01,-1,-1,-0.01,-1,-1,-0.01,-1,-1,-0.01,-1,-1,-0.01,-1,-1
99926009,2026-05-18 14:12:49+05:30,53537.3,0,0.0,0,0.0,0.0,53282.15,53619.2,52783.45,53710.35,0,0.0,0.0,0.0,0.0,-0.01,-1,-1,-0.01,-1,-1,-0.01,-1,-1,-0.01,-1,-1,-0.01,-1,-1,-0.01,-1,-1,-0.01,-1,-1,-0.01,-1,-1,-0.01,-1,-1,-0.01,-1,-1
99926009,2026-05-18 14:12:49+05:30,53534.6,0,0.0,0,0.0,0.0,53282.15,53619.2,52783.45,53710.35,0,0.0,0.0,0.0,0.0,-0.01,-1,-1,-0.01,-1,-1,-0.01,-1,-1,-0.01,-1,-1,-0.01,-1,-1,-0.01,-1,-1,-0.01,-1,-1,-0.01,-1,-1,-0.01,-1,-1,-0.01,-1,-1
99926009,2026-05-18 14:12:50+05:30,53537.9,0,0.0,0,0.0,0.0,53282.15,53619.2,52783.45,53710.35,0,0.0,0.0,0.0,0.0,-0.01,-1,-1,-0.01,-1,-1,-0.01,-1,-1,-0.01,-1,-1,-0.01,-1,-1,-0.01,-1,-1,-0.01,-1,-1,-0.01,-1,-1,-0.01,-1,-1,-0.01,-1,-1
99926009,2026-05-18 14:12:50+05:30,53539.5,0,0.0,0,0.0,0.0,53282.15,53619.2,52783.45,53710.35,0,0.0,0.0,0.0,0.0,-0.01,-1,-1,-0.01,-1,-1,-0.01,-1,-1,-0.01,-1,-1,-0.01,-1,-1,-0.01,-1,-1,-0.01,-1,-1,-0.01,-1,-1,-0.01,-1,-1,-0.01,-1,-1
99926009,2026-05-18 14:12:51+05:30,53539.8,0,0.0,0,0.0,0.0,53282.15,53619.2,52783.45,53710.35,0,0.0,0.0,0.0,0.0,-0.01,-1,-1,-0.01,-1,-1,-0.01,-1,-1,-0.01,-1,-1,-0.01,-1,-1,-0.01,-1,-1,-0.01,-1,-1,-0.01,-1,-1,-0.01,-1,-1,-0.01,-1,-1
99926009,2026-05-18 14:12:51+05:30,53540.05,0,0.0,0,0.0,0.0,53282.15,53619.2,52783.45,53710.35,0,0.0,0.0,0.0,0.0,-0.01,-1,-1,-0.01,-1,-1,-0.01,-1,-1,-0.01,-1,-1,-0.01,-1,-1,-0.01,-1,-1,-0.01,-1,-1,-0.01,-1,-1,-0.01,-1,-1,-0.01,-1,-1
99926009,2026-05-18 14:12:52+05:30,53541.45,0,0.0,0,0.0,0.0,53282.15,53619.2,52783.45,53710.35,0,0.0,0.0,0.0,0.0,-0.01,-1,-1,-0.01,-1,-1,-0.01,-1,-1,-0.01,-1,-1,-0.01,-1,-1,-0.01,-1,-1,-0.01,-1,-1,-0.01,-1,-1,-0.01,-1,-1,-0.01,-1,-1
99926009,2026-05-18 14:12:52+05:30,53537.25,0,0.0,0,0.0,0.0,53282.15,53619.2,52783.45,53710.35,0,0.0,0.0,0.0,0.0,-0.01,-1,-1,-0.01,-1,-1,-0.01,-1,-1,-0.01,-1,-1,-0.01,-1,-1,-0.01,-1,-1,-0.01,-1,-1,-0.01,-1,-1,-0.01,-1,-1,-0.01,-1,-1
99926009,2026-05-18 14:12:53+05:30,53535.75,0,0.0,0,0.0,0.0,53282.15,53619.2,52783.45,53710.35,0,0.0,0.0,0.0,0.0,-0.01,-1,-1,-0.01,-1,-1,-0.01,-1,-1,-0.01,-1,-1,-0.01,-1,-1,-0.01,-1,-1,-0.01,-1,-1,-0.01,-1,-1,-0.01,-1,-1,-0.01,-1,-1
99926009,2026-05-18 14:12:53+05:30,53538.8,0,0.0,0,0.0,0.0,53282.15,53619.2,52783.45,53710.35,0,0.0,0.0,0.0,0.0,-0.01,-1,-1,-0.01,-1,-1,-0.01,-1,-1,-0.01,-1,-1,-0.01,-1,-1,-0.01,-1,-1,-0.01,-1,-1,-0.01,-1,-1,-0.01,-1,-1,-0.01,-1,-1
99926009,2026-05-18 14:12:54+05:30,53538.1,0,0.0,0,0.0,0.0,53282.15,53619.2,52783.45,53710.35,0,0.0,0.0,0.0,0.0,-0.01,-1,-1,-0.01,-1,-1,-0.01,-1,-1,-0.01,-1,-1,-0.01,-1,-1,-0.01,-1,-1,-0.01,-1,-1,-0.01,-1,-1,-0.01,-1,-1,-0.01,-1,-1
99926009,2026-05-18 14:12:54+05:30,53539.55,0,0.0,0,0.0,0.0,53282.15,53619.2,52783.45,53710.35,0,0.0,0.0,0.0,0.0,-0.01,-1,-1,-0.01,-1,-1,-0.01,-1,-1,-0.01,-1,-1,-0.01,-1,-1,-0.01,-1,-1,-0.01,-1,-1,-0.01,-1,-1,-0.01,-1,-1,-0.01,-1,-1
99926009,2026-05-18 14:12:55+05:30,53537.55,0,0.0,0,0.0,0.0,53282.15,53619.2,52783.45,53710.35,0,0.0,0.0,0.0,0.0,-0.01,-1,-1,-0.01,-1,-1,-0.01,-1,-1,-0.01,-1,-1,-0.01,-1,-1,-0.01,-1,-1,-0.01,-1,-1,-0.01,-1,-1,-0.01,-1,-1,-0.01,-1,-1
99926009,2026-05-18 14:12:55+05:30,53537.9,0,0.0,0,0.0,0.0,53282.15,53619.2,52783.45,53710.35,0,0.0,0.0,0.0,0.0,-0.01,-1,-1,-0.01,-1,-1,-0.01,-1,-1,-0.01,-1,-1,-0.01,-1,-1,-0.01,-1,-1,-0.01,-1,-1,-0.01,-1,-1,-0.01,-1,-1,-0.01,-1,-1
99926009,2026-05-18 14:12:56+05:30,53535.55,0,0.0,0,0.0,0.0,53282.15,53619.2,52783.45,53710.35,0,0.0,0.0,0.0,0.0,-0.01,-1,-1,-0.01,-1,-1,-0.01,-1,-1,-0.01,-1,-1,-0.01,-1,-1,-0.01,-1,-1,-0.01,-1,-1,-0.01,-1,-1,-0.01,-1,-1,-0.01,-1,-1
99926009,2026-05-18 14:12:56+05:30,53536.85,0,0.0,0,0.0,0.0,53282.15,53619.2,52783.45,53710.35,0,0.0,0.0,0.0,0.0,-0.01,-1,-1,-0.01,-1,-1,-0.01,-1,-1,-0.01,-1,-1,-0.01,-1,-1,-0.01,-1,-1,-0.01,-1,-1,-0.01,-1,-1,-0.01,-1,-1,-0.01,-1,-1
99926009,2026-05-18 14:12:57+05:30,53535.8,0,0.0,0,0.0,0.0,53282.15,53619.2,52783.45,53710.35,0,0.0,0.0,0.0,0.0,-0.01,-1,-1,-0.01,-1,-1,-0.01,-1,-1,-0.01,-1,-1,-0.01,-1,-1,-0.01,-1,-1,-0.01,-1,-1,-0.01,-1,-1,-0.01,-1,-1,-0.01,-1,-1
99926009,2026-05-18 14:12:57+05:30,53533.45,0,0.0,0,0.0,0.0,53282.15,53619.2,52783.45,53710.35,0,0.0,0.0,0.0,0.0,-0.01,-1,-1,-0.01,-1,-1,-0.01,-1,-1,-0.01,-1,-1,-0.01,-1,-1,-0.01,-1,-1,-0.01,-1,-1,-0.01,-1,-1,-0.01,-1,-1,-0.01,-1,-1
99926009,2026-05-18 14:12:58+05:30,53531.25,0,0.0,0,0.0,0.0,53282.15,53619.2,52783.45,53710.35,0,0.0,0.0,0.0,0.0,-0.01,-1,-1,-0.01,-1,-1,-0.01,-1,-1,-0.01,-1,-1,-0.01,-1,-1,-0.01,-1,-1,-0.01,-1,-1,-0.01,-1,-1,-0.01,-1,-1,-0.01,-1,-1
99926009,2026-05-18 14:12:58+05:30,53530.9,0,0.0,0,0.0,0.0,53282.15,53619.2,52783.45,53710.35,0,0.0,0.0,0.0,0.0,-0.01,-1,-1,-0.01,-1,-1,-0.01,-1,-1,-0.01,-1,-1,-0.01,-1,-1,-0.01,-1,-1,-0.01,-1,-1,-0.01,-1,-1,-0.01,-1,-1,-0.01,-1,-1
99926009,2026-05-18 14:12:59+05:30,53531.75,0,0.0,0,0.0,0.0,53282.15,53619.2,52783.45,53710.35,0,0.0,0.0,0.0,0.0,-0.01,-1,-1,-0.01,-1,-1,-0.01,-1,-1,-0.01,-1,-1,-0.01,-1,-1,-0.01,-1,-1,-0.01,-1,-1,-0.01,-1,-1,-0.01,-1,-1,-0.01,-1,-1
99926009,2026-05-18 14:12:59+05:30,53534.2,0,0.0,0,0.0,0.0,53282.15,53619.2,52783.45,53710.35,0,0.0,0.0,0.0,0.0,-0.01,-1,-1,-0.01,-1,-1,-0.01,-1,-1,-0.01,-1,-1,-0.01,-1,-1,-0.01,-1,-1,-0.01,-1,-1,-0.01,-1,-1,-0.01,-1,-1,-0.01,-1,-1
99926009,2026-05-18 14:13:00+05:30,53538.4,0,0.0,0,0.0,0.0,53282.15,53619.2,52783.45,53710.35,0,0.0,0.0,0.0,0.0,-0.01,-1,-1,-0.01,-1,-1,-0.01,-1,-1,-0.01,-1,-1,-0.01,-1,-1,-0.01,-1,-1,-0.01,-1,-1,-0.01,-1,-1,-0.01,-1,-1,-0.01,-1,-1
99926009,2026-05-18 14:13:00+05:30,53537.95,0,0.0,0,0.0,0.0,53282.15,53619.2,52783.45,53710.35,0,0.0,0.0,0.0,0.0,-0.01,-1,-1,-0.01,-1,-1,-0.01,-1,-1,-0.01,-1,-1,-0.01,-1,-1,-0.01,-1,-1,-0.01,-1,-1,-0.01,-1,-1,-0.01,-1,-1,-0.01,-1,-1
99926009,2026-05-18 14:13:01+05:30,53538.4,0,0.0,0,0.0,0.0,53282.15,53619.2,52783.45,53710.35,0,0.0,0.0,0.0,0.0,-0.01,-1,-1,-0.01,-1,-1,-0.01,-1,-1,-0.01,-1,-1,-0.01,-1,-1,-0.01,-1,-1,-0.01,-1,-1,-0.01,-1,-1,-0.01,-1,-1,-0.01,-1,-1
99926009,2026-05-18 14:13:01+05:30,53540.5,0,0.0,0,0.0,0.0,53282.15,53619.2,52783.45,53710.35,0,0.0,0.0,0.0,0.0,-0.01,-1,-1,-0.01,-1,-1,-0.01,-1,-1,-0.01,-1,-1,-0.01,-1,-1,-0.01,-1,-1,-0.01,-1,-1,-0.01,-1,-1,-0.01,-1,-1,-0.01,-1,-1
99926009,2026-05-18 14:13:02+05:30,53544.95,0,0.0,0,0.0,0.0,53282.15,53619.2,52783.45,53710.35,0,0.0,0.0,0.0,0.0,-0.01,-1,-1,-0.01,-1,-1,-0.01,-1,-1,-0.01,-1,-1,-0.01,-1,-1,-0.01,-1,-1,-0.01,-1,-1,-0.01,-1,-1,-0.01,-1,-1,-0.01,-1,-1
99926009,2026-05-18 14:13:02+05:30,53552.3,0,0.0,0,0.0,0.0,53282.15,53619.2,52783.45,53710.35,0,0.0,0.0,0.0,0.0,-0.01,-1,-1,-0.01,-1,-1,-0.01,-1,-1,-0.01,-1,-1,-0.01,-1,-1,-0.01,-1,-1,-0.01,-1,-1,-0.01,-1,-1,-0.01,-1,-1,-0.01,-1,-1
99926009,2026-05-18 14:13:03+05:30,53554.05,0,0.0,0,0.0,0.0,53282.15,53619.2,52783.45,53710.35,0,0.0,0.0,0.0,0.0,-0.01,-1,-1,-0.01,-1,-1,-0.01,-1,-1,-0.01,-1,-1,-0.01,-1,-1,-0.01,-1,-1,-0.01,-1,-1,-0.01,-1,-1,-0.01,-1,-1,-0.01,-1,-1
99926009,2026-05-18 14:13:03+05:30,53553.95,0,0.0,0,0.0,0.0,53282.15,53619.2,52783.45,53710.35,0,0.0,0.0,0.0,0.0,-0.01,-1,-1,-0.01,-1,-1,-0.01,-1,-1,-0.01,-1,-1,-0.01,-1,-1,-0.01,-1,-1,-0.01,-1,-1,-0.01,-1,-1,-0.01,-1,-1,-0.01,-1,-1
99926009,2026-05-18 14:13:04+05:30,53557.25,0,0.0,0,0.0,0.0,53282.15,53619.2,52783.45,53710.35,0,0.0,0.0,0.0,0.0,-0.01,-1,-1,-0.01,-1,-1,-0.01,-1,-1,-0.01,-1,-1,-0.01,-1,-1,-0.01,-1,-1,-0.01,-1,-1,-0.01,-1,-1,-0.01,-1,-1,-0.01,-1,-1
99926009,2026-05-18 14:13:04+05:30,53555.0,0,0.0,0,0.0,0.0,53282.15,53619.2,52783.45,53710.35,0,0.0,0.0,0.0,0.0,-0.01,-1,-1,-0.01,-1,-1,-0.01,-1,-1,-0.01,-1,-1,-0.01,-1,-1,-0.01,-1,-1,-0.01,-1,-1,-0.01,-1,-1,-0.01,-1,-1,-0.01,-1,-1
99926009,2026-05-18 14:13:05+05:30,53555.25,0,0.0,0,0.0,0.0,53282.15,53619.2,52783.45,53710.35,0,0.0,0.0,0.0,0.0,-0.01,-1,-1,-0.01,-1,-1,-0.01,-1,-1,-0.01,-1,-1,-0.01,-1,-1,-0.01,-1,-1,-0.01,-1,-1,-0.01,-1,-1,-0.01,-1,-1,-0.01,-1,-1
99926009,2026-05-18 14:13:05+05:30,53557.15,0,0.0,0,0.0,0.0,53282.15,53619.2,52783.45,53710.35,0,0.0,0.0,0.0,0.0,-0.01,-1,-1,-0.01,-1,-1,-0.01,-1,-1,-0.01,-1,-1,-0.01,-1,-1,-0.01,-1,-1,-0.01,-1,-1,-0.01,-1,-1,-0.01,-1,-1,-0.01,-1,-1
99926009,2026-05-18 14:13:06+05:30,53558.9,0,0.0,0,0.0,0.0,53282.15,53619.2,52783.45,53710.35,0,0.0,0.0,0.0,0.0,-0.01,-1,-1,-0.01,-1,-1,-0.01,-1,-1,-0.01,-1,-1,-0.01,-1,-1,-0.01,-1,-1,-0.01,-1,-1,-0.01,-1,-1,-0.01,-1,-1,-0.01,-1,-1
99926009,2026-05-18 14:13:06+05:30,53559.55,0,0.0,0,0.0,0.0,53282.15,53619.2,52783.45,53710.35,0,0.0,0.0,0.0,0.0,-0.01,-1,-1,-0.01,-1,-1,-0.01,-1,-1,-0.01,-1,-1,-0.01,-1,-1,-0.01,-1,-1,-0.01,-1,-1,-0.01,-1,-1,-0.01,-1,-1,-0.01,-1,-1
99926009,2026-05-18 14:13:07+05:30,53564.7,0,0.0,0,0.0,0.0,53282.15,53619.2,52783.45,53710.35,0,0.0,0.0,0.0,0.0,-0.01,-1,-1,-0.01,-1,-1,-0.01,-1,-1,-0.01,-1,-1,-0.01,-1,-1,-0.01,-1,-1,-0.01,-1,-1,-0.01,-1,-1,-0.01,-1,-1,-0.01,-1,-1
99926009,2026-05-18 14:13:07+05:30,53566.8,0,0.0,0,0.0,0.0,53282.15,53619.2,52783.45,53710.35,0,0.0,0.0,0.0,0.0,-0.01,-1,-1,-0.01,-1,-1,-0.01,-1,-1,-0.01,-1,-1,-0.01,-1,-1,-0.01,-1,-1,-0.01,-1,-1,-0.01,-1,-1,-0.01,-1,-1,-0.01,-1,-1
99926009,2026-05-18 14:13:08+05:30,53565.45,0,0.0,0,0.0,0.0,53282.15,53619.2,52783.45,53710.35,0,0.0,0.0,0.0,0.0,-0.01,-1,-1,-0.01,-1,-1,-0.01,-1,-1,-0.01,-1,-1,-0.01,-1,-1,-0.01,-1,-1,-0.01,-1,-1,-0.01,-1,-1,-0.01,-1,-1,-0.01,-1,-1
99926009,2026-05-18 14:13:08+05:30,53567.45,0,0.0,0,0.0,0.0,53282.15,53619.2,52783.45,53710.35,0,0.0,0.0,0.0,0.0,-0.01,-1,-1,-0.01,-1,-1,-0.01,-1,-1,-0.01,-1,-1,-0.01,-1,-1,-0.01,-1,-1,-0.01,-1,-1,-0.01,-1,-1,-0.01,-1,-1,-0.01,-1,-1
99926009,2026-05-18 14:13:09+05:30,53563.0,0,0.0,0,0.0,0.0,53282.15,53619.2,52783.45,53710.35,0,0.0,0.0,0.0,0.0,-0.01,-1,-1,-0.01,-1,-1,-0.01,-1,-1,-0.01,-1,-1,-0.01,-1,-1,-0.01,-1,-1,-0.01,-1,-1,-0.01,-1,-1,-0.01,-1,-1,-0.01,-1,-1
99926009,2026-05-18 14:13:09+05:30,53565.55,0,0.0,0,0.0,0.0,53282.15,53619.2,52783.45,53710.35,0,0.0,0.0,0.0,0.0,-0.01,-1,-1,-0.01,-1,-1,-0.01,-1,-1,-0.01,-1,-1,-0.01,-1,-1,-0.01,-1,-1,-0.01,-1,-1,-0.01,-1,-1,-0.01,-1,-1,-0.01,-1,-1
99926009,2026-05-18 14:13:10+05:30,53561.8,0,0.0,0,0.0,0.0,53282.15,53619.2,52783.45,53710.35,0,0.0,0.0,0.0,0.0,-0.01,-1,-1,-0.01,-1,-1,-0.01,-1,-1,-0.01,-1,-1,-0.01,-1,-1,-0.01,-1,-1,-0.01,-1,-1,-0.01,-1,-1,-0.01,-1,-1,-0.01,-1,-1
99926009,2026-05-18 14:13:10+05:30,53561.25,0,0.0,0,0.0,0.0,53282.15,53619.2,52783.45,53710.35,0,0.0,0.0,0.0,0.0,-0.01,-1,-1,-0.01,-1,-1,-0.01,-1,-1,-0.01,-1,-1,-0.01,-1,-1,-0.01,-1,-1,-0.01,-1,-1,-0.01,-1,-1,-0.01,-1,-1,-0.01,-1,-1
99926009,2026-05-18 14:13:11+05:30,53556.4,0,0.0,0,0.0,0.0,53282.15,53619.2,52783.45,53710.35,0,0.0,0.0,0.0,0.0,-0.01,-1,-1,-0.01,-1,-1,-0.01,-1,-1,-0.01,-1,-1,-0.01,-1,-1,-0.01,-1,-1,-0.01,-1,-1,-0.01,-1,-1,-0.01,-1,-1,-0.01,-1,-1
99926009,2026-05-18 14:13:11+05:30,53560.45,0,0.0,0,0.0,0.0,53282.15,53619.2,52783.45,53710.35,0,0.0,0.0,0.0,0.0,-0.01,-1,-1,-0.01,-1,-1,-0.01,-1,-1,-0.01,-1,-1,-0.01,-1,-1,-0.01,-1,-1,-0.01,-1,-1,-0.01,-1,-1,-0.01,-1,-1,-0.01,-1,-1
99926009,2026-05-18 14:13:12+05:30,53556.4,0,0.0,0,0.0,0.0,53282.15,53619.2,52783.45,53710.35,0,0.0,0.0,0.0,0.0,-0.01,-1,-1,-0.01,-1,-1,-0.01,-1,-1,-0.01,-1,-1,-0.01,-1,-1,-0.01,-1,-1,-0.01,-1,-1,-0.01,-1,-1,-0.01,-1,-1,-0.01,-1,-1
99926009,2026-05-18 14:13:12+05:30,53561.2,0,0.0,0,0.0,0.0,53282.15,53619.2,52783.45,53710.35,0,0.0,0.0,0.0,0.0,-0.01,-1,-1,-0.01,-1,-1,-0.01,-1,-1,-0.01,-1,-1,-0.01,-1,-1,-0.01,-1,-1,-0.01,-1,-1,-0.01,-1,-1,-0.01,-1,-1,-0.01,-1,-1
99926009,2026-05-18 14:13:13+05:30,53557.6,0,0.0,0,0.0,0.0,53282.15,53619.2,52783.45,53710.35,0,0.0,0.0,0.0,0.0,-0.01,-1,-1,-0.01,-1,-1,-0.01,-1,-1,-0.01,-1,-1,-0.01,-1,-1,-0.01,-1,-1,-0.01,-1,-1,-0.01,-1,-1,-0.01,-1,-1,-0.01,-1,-1
99926009,2026-05-18 14:13:13+05:30,53557.6,0,0.0,0,0.0,0.0,53282.15,53619.2,52783.45,53710.35,0,0.0,0.0,0.0,0.0,-0.01,-1,-1,-0.01,-1,-1,-0.01,-1,-1,-0.01,-1,-1,-0.01,-1,-1,-0.01,-1,-1,-0.01,-1,-1,-0.01,-1,-1,-0.01,-1,-1,-0.01,-1,-1
99926009,2026-05-18 14:13:14+05:30,53561.1,0,0.0,0,0.0,0.0,53282.15,53619.2,52783.45,53710.35,0,0.0,0.0,0.0,0.0,-0.01,-1,-1,-0.01,-1,-1,-0.01,-1,-1,-0.01,-1,-1,-0.01,-1,-1,-0.01,-1,-1,-0.01,-1,-1,-0.01,-1,-1,-0.01,-1,-1,-0.01,-1,-1
99926009,2026-05-18 14:13:14+05:30,53562.3,0,0.0,0,0.0,0.0,53282.15,53619.2,52783.45,53710.35,0,0.0,0.0,0.0,0.0,-0.01,-1,-1,-0.01,-1,-1,-0.01,-1,-1,-0.01,-1,-1,-0.01,-1,-1,-0.01,-1,-1,-0.01,-1,-1,-0.01,-1,-1,-0.01,-1,-1,-0.01,-1,-1
99926009,2026-05-18 14:13:15+05:30,53560.55,0,0.0,0,0.0,0.0,53282.15,53619.2,52783.45,53710.35,0,0.0,0.0,0.0,0.0,-0.01,-1,-1,-0.01,-1,-1,-0.01,-1,-1,-0.01,-1,-1,-0.01,-1,-1,-0.01,-1,-1,-0.01,-1,-1,-0.01,-1,-1,-0.01,-1,-1,-0.01,-1,-1
99926009,2026-05-18 14:13:15+05:30,53558.8,0,0.0,0,0.0,0.0,53282.15,53619.2,52783.45,53710.35,0,0.0,0.0,0.0,0.0,-0.01,-1,-1,-0.01,-1,-1,-0.01,-1,-1,-0.01,-1,-1,-0.01,-1,-1,-0.01,-1,-1,-0.01,-1,-1,-0.01,-1,-1,-0.01,-1,-1,-0.01,-1,-1
99926009,2026-05-18 14:13:16+05:30,53561.35,0,0.0,0,0.0,0.0,53282.15,53619.2,52783.45,53710.35,0,0.0,0.0,0.0,0.0,-0.01,-1,-1,-0.01,-1,-1,-0.01,-1,-1,-0.01,-1,-1,-0.01,-1,-1,-0.01,-1,-1,-0.01,-1,-1,-0.01,-1,-1,-0.01,-1,-1,-0.01,-1,-1
99926009,2026-05-18 14:13:16+05:30,53560.6,0,0.0,0,0.0,0.0,53282.15,53619.2,52783.45,53710.35,0,0.0,0.0,0.0,0.0,-0.01,-1,-1,-0.01,-1,-1,-0.01,-1,-1,-0.01,-1,-1,-0.01,-1,-1,-0.01,-1,-1,-0.01,-1,-1,-0.01,-1,-1,-0.01,-1,-1,-0.01,-1,-1
99926009,2026-05-18 14:13:17+05:30,53559.45,0,0.0,0,0.0,0.0,53282.15,53619.2,52783.45,53710.35,0,0.0,0.0,0.0,0.0,-0.01,-1,-1,-0.01,-1,-1,-0.01,-1,-1,-0.01,-1,-1,-0.01,-1,-1,-0.01,-1,-1,-0.01,-1,-1,-0.01,-1,-1,-0.01,-1,-1,-0.01,-1,-1
99926009,2026-05-18 14:13:17+05:30,53561.15,0,0.0,0,0.0,0.0,53282.15,53619.2,52783.45,53710.35,0,0.0,0.0,0.0,0.0,-0.01,-1,-1,-0.01,-1,-1,-0.01,-1,-1,-0.01,-1,-1,-0.01,-1,-1,-0.01,-1,-1,-0.01,-1,-1,-0.01,-1,-1,-0.01,-1,-1,-0.01,-1,-1
99926009,2026-05-18 14:13:18+05:30,53559.55,0,0.0,0,0.0,0.0,53282.15,53619.2,52783.45,53710.35,0,0.0,0.0,0.0,0.0,-0.01,-1,-1,-0.01,-1,-1,-0.01,-1,-1,-0.01,-1,-1,-0.01,-1,-1,-0.01,-1,-1,-0.01,-1,-1,-0.01,-1,-1,-0.01,-1,-1,-0.01,-1,-1
99926009,2026-05-18 14:13:18+05:30,53560.75,0,0.0,0,0.0,0.0,53282.15,53619.2,52783.45,53710.35,0,0.0,0.0,0.0,0.0,-0.01,-1,-1,-0.01,-1,-1,-0.01,-1,-1,-0.01,-1,-1,-0.01,-1,-1,-0.01,-1,-1,-0.01,-1,-1,-0.01,-1,-1,-0.01,-1,-1,-0.01,-1,-1
99926009,2026-05-18 14:13:19+05:30,53563.2,0,0.0,0,0.0,0.0,53282.15,53619.2,52783.45,53710.35,0,0.0,0.0,0.0,0.0,-0.01,-1,-1,-0.01,-1,-1,-0.01,-1,-1,-0.01,-1,-1,-0.01,-1,-1,-0.01,-1,-1,-0.01,-1,-1,-0.01,-1,-1,-0.01,-1,-1,-0.01,-1,-1
99926009,2026-05-18 14:13:19+05:30,53565.3,0,0.0,0,0.0,0.0,53282.15,53619.2,52783.45,53710.35,0,0.0,0.0,0.0,0.0,-0.01,-1,-1,-0.01,-1,-1,-0.01,-1,-1,-0.01,-1,-1,-0.01,-1,-1,-0.01,-1,-1,-0.01,-1,-1,-0.01,-1,-1,-0.01,-1,-1,-0.01,-1,-1
99926009,2026-05-18 14:13:20+05:30,53567.1,0,0.0,0,0.0,0.0,53282.15,53619.2,52783.45,53710.35,0,0.0,0.0,0.0,0.0,-0.01,-1,-1,-0.01,-1,-1,-0.01,-1,-1,-0.01,-1,-1,-0.01,-1,-1,-0.01,-1,-1,-0.01,-1,-1,-0.01,-1,-1,-0.01,-1,-1,-0.01,-1,-1
99926009,2026-05-18 14:13:20+05:30,53566.1,0,0.0,0,0.0,0.0,53282.15,53619.2,52783.45,53710.35,0,0.0,0.0,0.0,0.0,-0.01,-1,-1,-0.01,-1,-1,-0.01,-1,-1,-0.01,-1,-1,-0.01,-1,-1,-0.01,-1,-1,-0.01,-1,-1,-0.01,-1,-1,-0.01,-1,-1,-0.01,-1,-1
99926009,2026-05-18 14:13:21+05:30,53566.15,0,0.0,0,0.0,0.0,53282.15,53619.2,52783.45,53710.35,0,0.0,0.0,0.0,0.0,-0.01,-1,-1,-0.01,-1,-1,-0.01,-1,-1,-0.01,-1,-1,-0.01,-1,-1,-0.01,-1,-1,-0.01,-1,-1,-0.01,-1,-1,-0.01,-1,-1,-0.01,-1,-1
99926009,2026-05-18 14:13:21+05:30,53566.7,0,0.0,0,0.0,0.0,53282.15,53619.2,52783.45,53710.35,0,0.0,0.0,0.0,0.0,-0.01,-1,-1,-0.01,-1,-1,-0.01,-1,-1,-0.01,-1,-1,-0.01,-1,-1,-0.01,-1,-1,-0.01,-1,-1,-0.01,-1,-1,-0.01,-1,-1,-0.01,-1,-1
99926009,2026-05-18 14:13:22+05:30,53568.0,0,0.0,0,0.0,0.0,53282.15,53619.2,52783.45,53710.35,0,0.0,0.0,0.0,0.0,-0.01,-1,-1,-0.01,-1,-1,-0.01,-1,-1,-0.01,-1,-1,-0.01,-1,-1,-0.01,-1,-1,-0.01,-1,-1,-0.01,-1,-1,-0.01,-1,-1,-0.01,-1,-1
99926009,2026-05-18 14:13:22+05:30,53565.8,0,0.0,0,0.0,0.0,53282.15,53619.2,52783.45,53710.35,0,0.0,0.0,0.0,0.0,-0.01,-1,-1,-0.01,-1,-1,-0.01,-1,-1,-0.01,-1,-1,-0.01,-1,-1,-0.01,-1,-1,-0.01,-1,-1,-0.01,-1,-1,-0.01,-1,-1,-0.01,-1,-1
99926009,2026-05-18 14:13:23+05:30,53567.1,0,0.0,0,0.0,0.0,53282.15,53619.2,52783.45,53710.35,0,0.0,0.0,0.0,0.0,-0.01,-1,-1,-0.01,-1,-1,-0.01,-1,-1,-0.01,-1,-1,-0.01,-1,-1,-0.01,-1,-1,-0.01,-1,-1,-0.01,-1,-1,-0.01,-1,-1,-0.01,-1,-1
99926009,2026-05-18 14:13:23+05:30,53561.2,0,0.0,0,0.0,0.0,53282.15,53619.2,52783.45,53710.35,0,0.0,0.0,0.0,0.0,-0.01,-1,-1,-0.01,-1,-1,-0.01,-1,-1,-0.01,-1,-1,-0.01,-1,-1,-0.01,-1,-1,-0.01,-1,-1,-0.01,-1,-1,-0.01,-1,-1,-0.01,-1,-1
99926009,2026-05-18 14:13:24+05:30,53559.5,0,0.0,0,0.0,0.0,53282.15,53619.2,52783.45,53710.35,0,0.0,0.0,0.0,0.0,-0.01,-1,-1,-0.01,-1,-1,-0.01,-1,-1,-0.01,-1,-1,-0.01,-1,-1,-0.01,-1,-1,-0.01,-1,-1,-0.01,-1,-1,-0.01,-1,-1,-0.01,-1,-1
99926009,2026-05-18 14:13:24+05:30,53559.5,0,0.0,0,0.0,0.0,53282.15,53619.2,52783.45,53710.35,0,0.0,0.0,0.0,0.0,-0.01,-1,-1,-0.01,-1,-1,-0.01,-1,-1,-0.01,-1,-1,-0.01,-1,-1,-0.01,-1,-1,-0.01,-1,-1,-0.01,-1,-1,-0.01,-1,-1,-0.01,-1,-1
99926009,2026-05-18 14:13:25+05:30,53560.75,0,0.0,0,0.0,0.0,53282.15,53619.2,52783.45,53710.35,0,0.0,0.0,0.0,0.0,-0.01,-1,-1,-0.01,-1,-1,-0.01,-1,-1,-0.01,-1,-1,-0.01,-1,-1,-0.01,-1,-1,-0.01,-1,-1,-0.01,-1,-1,-0.01,-1,-1,-0.01,-1,-1
99926009,2026-05-18 14:13:25+05:30,53559.65,0,0.0,0,0.0,0.0,53282.15,53619.2,52783.45,53710.35,0,0.0,0.0,0.0,0.0,-0.01,-1,-1,-0.01,-1,-1,-0.01,-1,-1,-0.01,-1,-1,-0.01,-1,-1,-0.01,-1,-1,-0.01,-1,-1,-0.01,-1,-1,-0.01,-1,-1,-0.01,-1,-1
99926009,2026-05-18 14:13:26+05:30,53560.9,0,0.0,0,0.0,0.0,53282.15,53619.2,52783.45,53710.35,0,0.0,0.0,0.0,0.0,-0.01,-1,-1,-0.01,-1,-1,-0.01,-1,-1,-0.01,-1,-1,-0.01,-1,-1,-0.01,-1,-1,-0.01,-1,-1,-0.01,-1,-1,-0.01,-1,-1,-0.01,-1,-1
99926009,2026-05-18 14:13:26+05:30,53561.75,0,0.0,0,0.0,0.0,53282.15,53619.2,52783.45,53710.35,0,0.0,0.0,0.0,0.0,-0.01,-1,-1,-0.01,-1,-1,-0.01,-1,-1,-0.01,-1,-1,-0.01,-1,-1,-0.01,-1,-1,-0.01,-1,-1,-0.01,-1,-1,-0.01,-1,-1,-0.01,-1,-1
99926009,2026-05-18 14:13:27+05:30,53562.3,0,0.0,0,0.0,0.0,53282.15,53619.2,52783.45,53710.35,0,0.0,0.0,0.0,0.0,-0.01,-1,-1,-0.01,-1,-1,-0.01,-1,-1,-0.01,-1,-1,-0.01,-1,-1,-0.01,-1,-1,-0.01,-1,-1,-0.01,-1,-1,-0.01,-1,-1,-0.01,-1,-1
99926009,2026-05-18 14:13:27+05:30,53561.65,0,0.0,0,0.0,0.0,53282.15,53619.2,52783.45,53710.35,0,0.0,0.0,0.0,0.0,-0.01,-1,-1,-0.01,-1,-1,-0.01,-1,-1,-0.01,-1,-1,-0.01,-1,-1,-0.01,-1,-1,-0.01,-1,-1,-0.01,-1,-1,-0.01,-1,-1,-0.01,-1,-1
99926009,2026-05-18 14:13:28+05:30,53560.85,0,0.0,0,0.0,0.0,53282.15,53619.2,52783.45,53710.35,0,0.0,0.0,0.0,0.0,-0.01,-1,-1,-0.01,-1,-1,-0.01,-1,-1,-0.01,-1,-1,-0.01,-1,-1,-0.01,-1,-1,-0.01,-1,-1,-0.01,-1,-1,-0.01,-1,-1,-0.01,-1,-1
99926009,2026-05-18 14:13:28+05:30,53559.9,0,0.0,0,0.0,0.0,53282.15,53619.2,52783.45,53710.35,0,0.0,0.0,0.0,0.0,-0.01,-1,-1,-0.01,-1,-1,-0.01,-1,-1,-0.01,-1,-1,-0.01,-1,-1,-0.01,-1,-1,-0.01,-1,-1,-0.01,-1,-1,-0.01,-1,-1,-0.01,-1,-1
99926009,2026-05-18 14:13:29+05:30,53561.15,0,0.0,0,0.0,0.0,53282.15,53619.2,52783.45,53710.35,0,0.0,0.0,0.0,0.0,-0.01,-1,-1,-0.01,-1,-1,-0.01,-1,-1,-0.01,-1,-1,-0.01,-1,-1,-0.01,-1,-1,-0.01,-1,-1,-0.01,-1,-1,-0.01,-1,-1,-0.01,-1,-1
99926009,2026-05-18 14:13:29+05:30,53560.2,0,0.0,0,0.0,0.0,53282.15,53619.2,52783.45,53710.35,0,0.0,0.0,0.0,0.0,-0.01,-1,-1,-0.01,-1,-1,-0.01,-1,-1,-0.01,-1,-1,-0.01,-1,-1,-0.01,-1,-1,-0.01,-1,-1,-0.01,-1,-1,-0.01,-1,-1,-0.01,-1,-1
99926009,2026-05-18 14:13:30+05:30,53558.15,0,0.0,0,0.0,0.0,53282.15,53619.2,52783.45,53710.35,0,0.0,0.0,0.0,0.0,-0.01,-1,-1,-0.01,-1,-1,-0.01,-1,-1,-0.01,-1,-1,-0.01,-1,-1,-0.01,-1,-1,-0.01,-1,-1,-0.01,-1,-1,-0.01,-1,-1,-0.01,-1,-1
99926009,2026-05-18 14:13:30+05:30,53556.25,0,0.0,0,0.0,0.0,53282.15,53619.2,52783.45,53710.35,0,0.0,0.0,0.0,0.0,-0.01,-1,-1,-0.01,-1,-1,-0.01,-1,-1,-0.01,-1,-1,-0.01,-1,-1,-0.01,-1,-1,-0.01,-1,-1,-0.01,-1,-1,-0.01,-1,-1,-0.01,-1,-1
99926009,2026-05-18 14:13:31+05:30,53554.0,0,0.0,0,0.0,0.0,53282.15,53619.2,52783.45,53710.35,0,0.0,0.0,0.0,0.0,-0.01,-1,-1,-0.01,-1,-1,-0.01,-1,-1,-0.01,-1,-1,-0.01,-1,-1,-0.01,-1,-1,-0.01,-1,-1,-0.01,-1,-1,-0.01,-1,-1,-0.01,-1,-1
99926009,2026-05-18 14:13:31+05:30,53554.6,0,0.0,0,0.0,0.0,53282.15,53619.2,52783.45,53710.35,0,0.0,0.0,0.0,0.0,-0.01,-1,-1,-0.01,-1,-1,-0.01,-1,-1,-0.01,-1,-1,-0.01,-1,-1,-0.01,-1,-1,-0.01,-1,-1,-0.01,-1,-1,-0.01,-1,-1,-0.01,-1,-1
99926009,2026-05-18 14:13:32+05:30,53557.8,0,0.0,0,0.0,0.0,53282.15,53619.2,52783.45,53710.35,0,0.0,0.0,0.0,0.0,-0.01,-1,-1,-0.01,-1,-1,-0.01,-1,-1,-0.01,-1,-1,-0.01,-1,-1,-0.01,-1,-1,-0.01,-1,-1,-0.01,-1,-1,-0.01,-1,-1,-0.01,-1,-1
99926009,2026-05-18 14:13:32+05:30,53555.1,0,0.0,0,0.0,0.0,53282.15,53619.2,52783.45,53710.35,0,0.0,0.0,0.0,0.0,-0.01,-1,-1,-0.01,-1,-1,-0.01,-1,-1,-0.01,-1,-1,-0.01,-1,-1,-0.01,-1,-1,-0.01,-1,-1,-0.01,-1,-1,-0.01,-1,-1,-0.01,-1,-1
99926009,2026-05-18 14:13:33+05:30,53555.4,0,0.0,0,0.0,0.0,53282.15,53619.2,52783.45,53710.35,0,0.0,0.0,0.0,0.0,-0.01,-1,-1,-0.01,-1,-1,-0.01,-1,-1,-0.01,-1,-1,-0.01,-1,-1,-0.01,-1,-1,-0.01,-1,-1,-0.01,-1,-1,-0.01,-1,-1,-0.01,-1,-1
99926009,2026-05-18 14:13:33+05:30,53555.2,0,0.0,0,0.0,0.0,53282.15,53619.2,52783.45,53710.35,0,0.0,0.0,0.0,0.0,-0.01,-1,-1,-0.01,-1,-1,-0.01,-1,-1,-0.01,-1,-1,-0.01,-1,-1,-0.01,-1,-1,-0.01,-1,-1,-0.01,-1,-1,-0.01,-1,-1,-0.01,-1,-1
99926009,2026-05-18 14:13:34+05:30,53556.85,0,0.0,0,0.0,0.0,53282.15,53619.2,52783.45,53710.35,0,0.0,0.0,0.0,0.0,-0.01,-1,-1,-0.01,-1,-1,-0.01,-1,-1,-0.01,-1,-1,-0.01,-1,-1,-0.01,-1,-1,-0.01,-1,-1,-0.01,-1,-1,-0.01,-1,-1,-0.01,-1,-1
99926009,2026-05-18 14:13:34+05:30,53555.55,0,0.0,0,0.0,0.0,53282.15,53619.2,52783.45,53710.35,0,0.0,0.0,0.0,0.0,-0.01,-1,-1,-0.01,-1,-1,-0.01,-1,-1,-0.01,-1,-1,-0.01,-1,-1,-0.01,-1,-1,-0.01,-1,-1,-0.01,-1,-1,-0.01,-1,-1,-0.01,-1,-1
99926009,2026-05-18 14:13:35+05:30,53556.75,0,0.0,0,0.0,0.0,53282.15,53619.2,52783.45,53710.35,0,0.0,0.0,0.0,0.0,-0.01,-1,-1,-0.01,-1,-1,-0.01,-1,-1,-0.01,-1,-1,-0.01,-1,-1,-0.01,-1,-1,-0.01,-1,-1,-0.01,-1,-1,-0.01,-1,-1,-0.01,-1,-1
99926009,2026-05-18 14:13:35+05:30,53556.65,0,0.0,0,0.0,0.0,53282.15,53619.2,52783.45,53710.35,0,0.0,0.0,0.0,0.0,-0.01,-1,-1,-0.01,-1,-1,-0.01,-1,-1,-0.01,-1,-1,-0.01,-1,-1,-0.01,-1,-1,-0.01,-1,-1,-0.01,-1,-1,-0.01,-1,-1,-0.01,-1,-1
99926009,2026-05-18 14:13:36+05:30,53558.1,0,0.0,0,0.0,0.0,53282.15,53619.2,52783.45,53710.35,0,0.0,0.0,0.0,0.0,-0.01,-1,-1,-0.01,-1,-1,-0.01,-1,-1,-0.01,-1,-1,-0.01,-1,-1,-0.01,-1,-1,-0.01,-1,-1,-0.01,-1,-1,-0.01,-1,-1,-0.01,-1,-1
99926009,2026-05-18 14:13:36+05:30,53558.75,0,0.0,0,0.0,0.0,53282.15,53619.2,52783.45,53710.35,0,0.0,0.0,0.0,0.0,-0.01,-1,-1,-0.01,-1,-1,-0.01,-1,-1,-0.01,-1,-1,-0.01,-1,-1,-0.01,-1,-1,-0.01,-1,-1,-0.01,-1,-1,-0.01,-1,-1,-0.01,-1,-1
99926009,2026-05-18 14:13:37+05:30,53560.5,0,0.0,0,0.0,0.0,53282.15,53619.2,52783.45,53710.35,0,0.0,0.0,0.0,0.0,-0.01,-1,-1,-0.01,-1,-1,-0.01,-1,-1,-0.01,-1,-1,-0.01,-1,-1,-0.01,-1,-1,-0.01,-1,-1,-0.01,-1,-1,-0.01,-1,-1,-0.01,-1,-1
99926009,2026-05-18 14:13:37+05:30,53558.3,0,0.0,0,0.0,0.0,53282.15,53619.2,52783.45,53710.35,0,0.0,0.0,0.0,0.0,-0.01,-1,-1,-0.01,-1,-1,-0.01,-1,-1,-0.01,-1,-1,-0.01,-1,-1,-0.01,-1,-1,-0.01,-1,-1,-0.01,-1,-1,-0.01,-1,-1,-0.01,-1,-1
99926009,2026-05-18 14:13:38+05:30,53556.7,0,0.0,0,0.0,0.0,53282.15,53619.2,52783.45,53710.35,0,0.0,0.0,0.0,0.0,-0.01,-1,-1,-0.01,-1,-1,-0.01,-1,-1,-0.01,-1,-1,-0.01,-1,-1,-0.01,-1,-1,-0.01,-1,-1,-0.01,-1,-1,-0.01,-1,-1,-0.01,-1,-1
99926009,2026-05-18 14:13:38+05:30,53559.3,0,0.0,0,0.0,0.0,53282.15,53619.2,52783.45,53710.35,0,0.0,0.0,0.0,0.0,-0.01,-1,-1,-0.01,-1,-1,-0.01,-1,-1,-0.01,-1,-1,-0.01,-1,-1,-0.01,-1,-1,-0.01,-1,-1,-0.01,-1,-1,-0.01,-1,-1,-0.01,-1,-1
99926009,2026-05-18 14:13:39+05:30,53558.65,0,0.0,0,0.0,0.0,53282.15,53619.2,52783.45,53710.35,0,0.0,0.0,0.0,0.0,-0.01,-1,-1,-0.01,-1,-1,-0.01,-1,-1,-0.01,-1,-1,-0.01,-1,-1,-0.01,-1,-1,-0.01,-1,-1,-0.01,-1,-1,-0.01,-1,-1,-0.01,-1,-1
99926009,2026-05-18 14:13:39+05:30,53559.25,0,0.0,0,0.0,0.0,53282.15,53619.2,52783.45,53710.35,0,0.0,0.0,0.0,0.0,-0.01,-1,-1,-0.01,-1,-1,-0.01,-1,-1,-0.01,-1,-1,-0.01,-1,-1,-0.01,-1,-1,-0.01,-1,-1,-0.01,-1,-1,-0.01,-1,-1,-0.01,-1,-1
99926009,2026-05-18 14:13:40+05:30,53560.4,0,0.0,0,0.0,0.0,53282.15,53619.2,52783.45,53710.35,0,0.0,0.0,0.0,0.0,-0.01,-1,-1,-0.01,-1,-1,-0.01,-1,-1,-0.01,-1,-1,-0.01,-1,-1,-0.01,-1,-1,-0.01,-1,-1,-0.01,-1,-1,-0.01,-1,-1,-0.01,-1,-1
99926009,2026-05-18 14:13:40+05:30,53556.85,0,0.0,0,0.0,0.0,53282.15,53619.2,52783.45,53710.35,0,0.0,0.0,0.0,0.0,-0.01,-1,-1,-0.01,-1,-1,-0.01,-1,-1,-0.01,-1,-1,-0.01,-1,-1,-0.01,-1,-1,-0.01,-1,-1,-0.01,-1,-1,-0.01,-1,-1,-0.01,-1,-1
99926009,2026-05-18 14:13:41+05:30,53555.1,0,0.0,0,0.0,0.0,53282.15,53619.2,52783.45,53710.35,0,0.0,0.0,0.0,0.0,-0.01,-1,-1,-0.01,-1,-1,-0.01,-1,-1,-0.01,-1,-1,-0.01,-1,-1,-0.01,-1,-1,-0.01,-1,-1,-0.01,-1,-1,-0.01,-1,-1,-0.01,-1,-1
99926009,2026-05-18 14:13:41+05:30,53555.35,0,0.0,0,0.0,0.0,53282.15,53619.2,52783.45,53710.35,0,0.0,0.0,0.0,0.0,-0.01,-1,-1,-0.01,-1,-1,-0.01,-1,-1,-0.01,-1,-1,-0.01,-1,-1,-0.01,-1,-1,-0.01,-1,-1,-0.01,-1,-1,-0.01,-1,-1,-0.01,-1,-1
99926009,2026-05-18 14:13:42+05:30,53553.65,0,0.0,0,0.0,0.0,53282.15,53619.2,52783.45,53710.35,0,0.0,0.0,0.0,0.0,-0.01,-1,-1,-0.01,-1,-1,-0.01,-1,-1,-0.01,-1,-1,-0.01,-1,-1,-0.01,-1,-1,-0.01,-1,-1,-0.01,-1,-1,-0.01,-1,-1,-0.01,-1,-1
99926009,2026-05-18 14:13:42+05:30,53552.8,0,0.0,0,0.0,0.0,53282.15,53619.2,52783.45,53710.35,0,0.0,0.0,0.0,0.0,-0.01,-1,-1,-0.01,-1,-1,-0.01,-1,-1,-0.01,-1,-1,-0.01,-1,-1,-0.01,-1,-1,-0.01,-1,-1,-0.01,-1,-1,-0.01,-1,-1,-0.01,-1,-1
99926009,2026-05-18 14:13:43+05:30,53556.15,0,0.0,0,0.0,0.0,53282.15,53619.2,52783.45,53710.35,0,0.0,0.0,0.0,0.0,-0.01,-1,-1,-0.01,-1,-1,-0.01,-1,-1,-0.01,-1,-1,-0.01,-1,-1,-0.01,-1,-1,-0.01,-1,-1,-0.01,-1,-1,-0.01,-1,-1,-0.01,-1,-1
99926009,2026-05-18 14:13:43+05:30,53554.15,0,0.0,0,0.0,0.0,53282.15,53619.2,52783.45,53710.35,0,0.0,0.0,0.0,0.0,-0.01,-1,-1,-0.01,-1,-1,-0.01,-1,-1,-0.01,-1,-1,-0.01,-1,-1,-0.01,-1,-1,-0.01,-1,-1,-0.01,-1,-1,-0.01,-1,-1,-0.01,-1,-1
99926009,2026-05-18 14:13:44+05:30,53556.1,0,0.0,0,0.0,0.0,53282.15,53619.2,52783.45,53710.35,0,0.0,0.0,0.0,0.0,-0.01,-1,-1,-0.01,-1,-1,-0.01,-1,-1,-0.01,-1,-1,-0.01,-1,-1,-0.01,-1,-1,-0.01,-1,-1,-0.01,-1,-1,-0.01,-1,-1,-0.01,-1,-1
99926009,2026-05-18 14:13:44+05:30,53558.2,0,0.0,0,0.0,0.0,53282.15,53619.2,52783.45,53710.35,0,0.0,0.0,0.0,0.0,-0.01,-1,-1,-0.01,-1,-1,-0.01,-1,-1,-0.01,-1,-1,-0.01,-1,-1,-0.01,-1,-1,-0.01,-1,-1,-0.01,-1,-1,-0.01,-1,-1,-0.01,-1,-1
99926009,2026-05-18 14:13:45+05:30,53559.45,0,0.0,0,0.0,0.0,53282.15,53619.2,52783.45,53710.35,0,0.0,0.0,0.0,0.0,-0.01,-1,-1,-0.01,-1,-1,-0.01,-1,-1,-0.01,-1,-1,-0.01,-1,-1,-0.01,-1,-1,-0.01,-1,-1,-0.01,-1,-1,-0.01,-1,-1,-0.01,-1,-1
99926009,2026-05-18 14:13:45+05:30,53558.2,0,0.0,0,0.0,0.0,53282.15,53619.2,52783.45,53710.35,0,0.0,0.0,0.0,0.0,-0.01,-1,-1,-0.01,-1,-1,-0.01,-1,-1,-0.01,-1,-1,-0.01,-1,-1,-0.01,-1,-1,-0.01,-1,-1,-0.01,-1,-1,-0.01,-1,-1,-0.01,-1,-1
99926009,2026-05-18 14:13:46+05:30,53557.5,0,0.0,0,0.0,0.0,53282.15,53619.2,52783.45,53710.35,0,0.0,0.0,0.0,0.0,-0.01,-1,-1,-0.01,-1,-1,-0.01,-1,-1,-0.01,-1,-1,-0.01,-1,-1,-0.01,-1,-1,-0.01,-1,-1,-0.01,-1,-1,-0.01,-1,-1,-0.01,-1,-1
99926009,2026-05-18 14:13:46+05:30,53559.25,0,0.0,0,0.0,0.0,53282.15,53619.2,52783.45,53710.35,0,0.0,0.0,0.0,0.0,-0.01,-1,-1,-0.01,-1,-1,-0.01,-1,-1,-0.01,-1,-1,-0.01,-1,-1,-0.01,-1,-1,-0.01,-1,-1,-0.01,-1,-1,-0.01,-1,-1,-0.01,-1,-1
99926009,2026-05-18 14:13:47+05:30,53556.5,0,0.0,0,0.0,0.0,53282.15,53619.2,52783.45,53710.35,0,0.0,0.0,0.0,0.0,-0.01,-1,-1,-0.01,-1,-1,-0.01,-1,-1,-0.01,-1,-1,-0.01,-1,-1,-0.01,-1,-1,-0.01,-1,-1,-0.01,-1,-1,-0.01,-1,-1,-0.01,-1,-1
99926009,2026-05-18 14:13:47+05:30,53557.2,0,0.0,0,0.0,0.0,53282.15,53619.2,52783.45,53710.35,0,0.0,0.0,0.0,0.0,-0.01,-1,-1,-0.01,-1,-1,-0.01,-1,-1,-0.01,-1,-1,-0.01,-1,-1,-0.01,-1,-1,-0.01,-1,-1,-0.01,-1,-1,-0.01,-1,-1,-0.01,-1,-1
99926009,2026-05-18 14:13:48+05:30,53556.6,0,0.0,0,0.0,0.0,53282.15,53619.2,52783.45,53710.35,0,0.0,0.0,0.0,0.0,-0.01,-1,-1,-0.01,-1,-1,-0.01,-1,-1,-0.01,-1,-1,-0.01,-1,-1,-0.01,-1,-1,-0.01,-1,-1,-0.01,-1,-1,-0.01,-1,-1,-0.01,-1,-1
99926009,2026-05-18 14:13:48+05:30,53556.75,0,0.0,0,0.0,0.0,53282.15,53619.2,52783.45,53710.35,0,0.0,0.0,0.0,0.0,-0.01,-1,-1,-0.01,-1,-1,-0.01,-1,-1,-0.01,-1,-1,-0.01,-1,-1,-0.01,-1,-1,-0.01,-1,-1,-0.01,-1,-1,-0.01,-1,-1,-0.01,-1,-1
99926009,2026-05-18 14:13:49+05:30,53556.6,0,0.0,0,0.0,0.0,53282.15,53619.2,52783.45,53710.35,0,0.0,0.0,0.0,0.0,-0.01,-1,-1,-0.01,-1,-1,-0.01,-1,-1,-0.01,-1,-1,-0.01,-1,-1,-0.01,-1,-1,-0.01,-1,-1,-0.01,-1,-1,-0.01,-1,-1,-0.01,-1,-1
99926009,2026-05-18 14:13:49+05:30,53555.6,0,0.0,0,0.0,0.0,53282.15,53619.2,52783.45,53710.35,0,0.0,0.0,0.0,0.0,-0.01,-1,-1,-0.01,-1,-1,-0.01,-1,-1,-0.01,-1,-1,-0.01,-1,-1,-0.01,-1,-1,-0.01,-1,-1,-0.01,-1,-1,-0.01,-1,-1,-0.01,-1,-1
99926009,2026-05-18 14:13:50+05:30,53554.4,0,0.0,0,0.0,0.0,53282.15,53619.2,52783.45,53710.35,0,0.0,0.0,0.0,0.0,-0.01,-1,-1,-0.01,-1,-1,-0.01,-1,-1,-0.01,-1,-1,-0.01,-1,-1,-0.01,-1,-1,-0.01,-1,-1,-0.01,-1,-1,-0.01,-1,-1,-0.01,-1,-1
99926009,2026-05-18 14:13:50+05:30,53547.95,0,0.0,0,0.0,0.0,53282.15,53619.2,52783.45,53710.35,0,0.0,0.0,0.0,0.0,-0.01,-1,-1,-0.01,-1,-1,-0.01,-1,-1,-0.01,-1,-1,-0.01,-1,-1,-0.01,-1,-1,-0.01,-1,-1,-0.01,-1,-1,-0.01,-1,-1,-0.01,-1,-1
99926009,2026-05-18 14:13:51+05:30,53546.45,0,0.0,0,0.0,0.0,53282.15,53619.2,52783.45,53710.35,0,0.0,0.0,0.0,0.0,-0.01,-1,-1,-0.01,-1,-1,-0.01,-1,-1,-0.01,-1,-1,-0.01,-1,-1,-0.01,-1,-1,-0.01,-1,-1,-0.01,-1,-1,-0.01,-1,-1,-0.01,-1,-1
99926009,2026-05-18 14:13:51+05:30,53541.8,0,0.0,0,0.0,0.0,53282.15,53619.2,52783.45,53710.35,0,0.0,0.0,0.0,0.0,-0.01,-1,-1,-0.01,-1,-1,-0.01,-1,-1,-0.01,-1,-1,-0.01,-1,-1,-0.01,-1,-1,-0.01,-1,-1,-0.01,-1,-1,-0.01,-1,-1,-0.01,-1,-1
99926009,2026-05-18 14:13:52+05:30,53545.4,0,0.0,0,0.0,0.0,53282.15,53619.2,52783.45,53710.35,0,0.0,0.0,0.0,0.0,-0.01,-1,-1,-0.01,-1,-1,-0.01,-1,-1,-0.01,-1,-1,-0.01,-1,-1,-0.01,-1,-1,-0.01,-1,-1,-0.01,-1,-1,-0.01,-1,-1,-0.01,-1,-1
99926009,2026-05-18 14:13:52+05:30,53542.5,0,0.0,0,0.0,0.0,53282.15,53619.2,52783.45,53710.35,0,0.0,0.0,0.0,0.0,-0.01,-1,-1,-0.01,-1,-1,-0.01,-1,-1,-0.01,-1,-1,-0.01,-1,-1,-0.01,-1,-1,-0.01,-1,-1,-0.01,-1,-1,-0.01,-1,-1,-0.01,-1,-1
99926009,2026-05-18 14:13:53+05:30,53542.0,0,0.0,0,0.0,0.0,53282.15,53619.2,52783.45,53710.35,0,0.0,0.0,0.0,0.0,-0.01,-1,-1,-0.01,-1,-1,-0.01,-1,-1,-0.01,-1,-1,-0.01,-1,-1,-0.01,-1,-1,-0.01,-1,-1,-0.01,-1,-1,-0.01,-1,-1,-0.01,-1,-1
99926009,2026-05-18 14:13:53+05:30,53542.2,0,0.0,0,0.0,0.0,53282.15,53619.2,52783.45,53710.35,0,0.0,0.0,0.0,0.0,-0.01,-1,-1,-0.01,-1,-1,-0.01,-1,-1,-0.01,-1,-1,-0.01,-1,-1,-0.01,-1,-1,-0.01,-1,-1,-0.01,-1,-1,-0.01,-1,-1,-0.01,-1,-1
99926009,2026-05-18 14:13:54+05:30,53544.25,0,0.0,0,0.0,0.0,53282.15,53619.2,52783.45,53710.35,0,0.0,0.0,0.0,0.0,-0.01,-1,-1,-0.01,-1,-1,-0.01,-1,-1,-0.01,-1,-1,-0.01,-1,-1,-0.01,-1,-1,-0.01,-1,-1,-0.01,-1,-1,-0.01,-1,-1,-0.01,-1,-1
99926009,2026-05-18 14:13:54+05:30,53543.65,0,0.0,0,0.0,0.0,53282.15,53619.2,52783.45,53710.35,0,0.0,0.0,0.0,0.0,-0.01,-1,-1,-0.01,-1,-1,-0.01,-1,-1,-0.01,-1,-1,-0.01,-1,-1,-0.01,-1,-1,-0.01,-1,-1,-0.01,-1,-1,-0.01,-1,-1,-0.01,-1,-1
99926009,2026-05-18 14:13:55+05:30,53541.85,0,0.0,0,0.0,0.0,53282.15,53619.2,52783.45,53710.35,0,0.0,0.0,0.0,0.0,-0.01,-1,-1,-0.01,-1,-1,-0.01,-1,-1,-0.01,-1,-1,-0.01,-1,-1,-0.01,-1,-1,-0.01,-1,-1,-0.01,-1,-1,-0.01,-1,-1,-0.01,-1,-1
99926009,2026-05-18 14:13:55+05:30,53542.25,0,0.0,0,0.0,0.0,53282.15,53619.2,52783.45,53710.35,0,0.0,0.0,0.0,0.0,-0.01,-1,-1,-0.01,-1,-1,-0.01,-1,-1,-0.01,-1,-1,-0.01,-1,-1,-0.01,-1,-1,-0.01,-1,-1,-0.01,-1,-1,-0.01,-1,-1,-0.01,-1,-1
99926009,2026-05-18 14:13:56+05:30,53538.55,0,0.0,0,0.0,0.0,53282.15,53619.2,52783.45,53710.35,0,0.0,0.0,0.0,0.0,-0.01,-1,-1,-0.01,-1,-1,-0.01,-1,-1,-0.01,-1,-1,-0.01,-1,-1,-0.01,-1,-1,-0.01,-1,-1,-0.01,-1,-1,-0.01,-1,-1,-0.01,-1,-1
99926009,2026-05-18 14:13:56+05:30,53537.8,0,0.0,0,0.0,0.0,53282.15,53619.2,52783.45,53710.35,0,0.0,0.0,0.0,0.0,-0.01,-1,-1,-0.01,-1,-1,-0.01,-1,-1,-0.01,-1,-1,-0.01,-1,-1,-0.01,-1,-1,-0.01,-1,-1,-0.01,-1,-1,-0.01,-1,-1,-0.01,-1,-1
99926009,2026-05-18 14:13:57+05:30,53536.8,0,0.0,0,0.0,0.0,53282.15,53619.2,52783.45,53710.35,0,0.0,0.0,0.0,0.0,-0.01,-1,-1,-0.01,-1,-1,-0.01,-1,-1,-0.01,-1,-1,-0.01,-1,-1,-0.01,-1,-1,-0.01,-1,-1,-0.01,-1,-1,-0.01,-1,-1,-0.01,-1,-1
99926009,2026-05-18 14:13:57+05:30,53538.1,0,0.0,0,0.0,0.0,53282.15,53619.2,52783.45,53710.35,0,0.0,0.0,0.0,0.0,-0.01,-1,-1,-0.01,-1,-1,-0.01,-1,-1,-0.01,-1,-1,-0.01,-1,-1,-0.01,-1,-1,-0.01,-1,-1,-0.01,-1,-1,-0.01,-1,-1,-0.01,-1,-1
99926009,2026-05-18 14:13:58+05:30,53540.15,0,0.0,0,0.0,0.0,53282.15,53619.2,52783.45,53710.35,0,0.0,0.0,0.0,0.0,-0.01,-1,-1,-0.01,-1,-1,-0.01,-1,-1,-0.01,-1,-1,-0.01,-1,-1,-0.01,-1,-1,-0.01,-1,-1,-0.01,-1,-1,-0.01,-1,-1,-0.01,-1,-1
99926009,2026-05-18 14:13:58+05:30,53539.6,0,0.0,0,0.0,0.0,53282.15,53619.2,52783.45,53710.35,0,0.0,0.0,0.0,0.0,-0.01,-1,-1,-0.01,-1,-1,-0.01,-1,-1,-0.01,-1,-1,-0.01,-1,-1,-0.01,-1,-1,-0.01,-1,-1,-0.01,-1,-1,-0.01,-1,-1,-0.01,-1,-1
99926009,2026-05-18 14:13:59+05:30,53536.4,0,0.0,0,0.0,0.0,53282.15,53619.2,52783.45,53710.35,0,0.0,0.0,0.0,0.0,-0.01,-1,-1,-0.01,-1,-1,-0.01,-1,-1,-0.01,-1,-1,-0.01,-1,-1,-0.01,-1,-1,-0.01,-1,-1,-0.01,-1,-1,-0.01,-1,-1,-0.01,-1,-1
99926009,2026-05-18 14:13:59+05:30,53536.7,0,0.0,0,0.0,0.0,53282.15,53619.2,52783.45,53710.35,0,0.0,0.0,0.0,0.0,-0.01,-1,-1,-0.01,-1,-1,-0.01,-1,-1,-0.01,-1,-1,-0.01,-1,-1,-0.01,-1,-1,-0.01,-1,-1,-0.01,-1,-1,-0.01,-1,-1,-0.01,-1,-1
99926009,2026-05-18 14:14:00+05:30,53534.95,0,0.0,0,0.0,0.0,53282.15,53619.2,52783.45,53710.35,0,0.0,0.0,0.0,0.0,-0.01,-1,-1,-0.01,-1,-1,-0.01,-1,-1,-0.01,-1,-1,-0.01,-1,-1,-0.01,-1,-1,-0.01,-1,-1,-0.01,-1,-1,-0.01,-1,-1,-0.01,-1,-1
99926009,2026-05-18 14:14:00+05:30,53535.15,0,0.0,0,0.0,0.0,53282.15,53619.2,52783.45,53710.35,0,0.0,0.0,0.0,0.0,-0.01,-1,-1,-0.01,-1,-1,-0.01,-1,-1,-0.01,-1,-1,-0.01,-1,-1,-0.01,-1,-1,-0.01,-1,-1,-0.01,-1,-1,-0.01,-1,-1,-0.01,-1,-1
99926009,2026-05-18 14:14:01+05:30,53536.45,0,0.0,0,0.0,0.0,53282.15,53619.2,52783.45,53710.35,0,0.0,0.0,0.0,0.0,-0.01,-1,-1,-0.01,-1,-1,-0.01,-1,-1,-0.01,-1,-1,-0.01,-1,-1,-0.01,-1,-1,-0.01,-1,-1,-0.01,-1,-1,-0.01,-1,-1,-0.01,-1,-1
99926009,2026-05-18 14:14:01+05:30,53536.15,0,0.0,0,0.0,0.0,53282.15,53619.2,52783.45,53710.35,0,0.0,0.0,0.0,0.0,-0.01,-1,-1,-0.01,-1,-1,-0.01,-1,-1,-0.01,-1,-1,-0.01,-1,-1,-0.01,-1,-1,-0.01,-1,-1,-0.01,-1,-1,-0.01,-1,-1,-0.01,-1,-1
99926009,2026-05-18 14:14:02+05:30,53537.15,0,0.0,0,0.0,0.0,53282.15,53619.2,52783.45,53710.35,0,0.0,0.0,0.0,0.0,-0.01,-1,-1,-0.01,-1,-1,-0.01,-1,-1,-0.01,-1,-1,-0.01,-1,-1,-0.01,-1,-1,-0.01,-1,-1,-0.01,-1,-1,-0.01,-1,-1,-0.01,-1,-1
99926009,2026-05-18 14:14:02+05:30,53533.4,0,0.0,0,0.0,0.0,53282.15,53619.2,52783.45,53710.35,0,0.0,0.0,0.0,0.0,-0.01,-1,-1,-0.01,-1,-1,-0.01,-1,-1,-0.01,-1,-1,-0.01,-1,-1,-0.01,-1,-1,-0.01,-1,-1,-0.01,-1,-1,-0.01,-1,-1,-0.01,-1,-1
99926009,2026-05-18 14:14:03+05:30,53535.7,0,0.0,0,0.0,0.0,53282.15,53619.2,52783.45,53710.35,0,0.0,0.0,0.0,0.0,-0.01,-1,-1,-0.01,-1,-1,-0.01,-1,-1,-0.01,-1,-1,-0.01,-1,-1,-0.01,-1,-1,-0.01,-1,-1,-0.01,-1,-1,-0.01,-1,-1,-0.01,-1,-1
99926009,2026-05-18 14:14:03+05:30,53535.7,0,0.0,0,0.0,0.0,53282.15,53619.2,52783.45,53710.35,0,0.0,0.0,0.0,0.0,-0.01,-1,-1,-0.01,-1,-1,-0.01,-1,-1,-0.01,-1,-1,-0.01,-1,-1,-0.01,-1,-1,-0.01,-1,-1,-0.01,-1,-1,-0.01,-1,-1,-0.01,-1,-1
99926009,2026-05-18 14:14:04+05:30,53536.35,0,0.0,0,0.0,0.0,53282.15,53619.2,52783.45,53710.35,0,0.0,0.0,0.0,0.0,-0.01,-1,-1,-0.01,-1,-1,-0.01,-1,-1,-0.01,-1,-1,-0.01,-1,-1,-0.01,-1,-1,-0.01,-1,-1,-0.01,-1,-1,-0.01,-1,-1,-0.01,-1,-1
99926009,2026-05-18 14:14:04+05:30,53535.2,0,0.0,0,0.0,0.0,53282.15,53619.2,52783.45,53710.35,0,0.0,0.0,0.0,0.0,-0.01,-1,-1,-0.01,-1,-1,-0.01,-1,-1,-0.01,-1,-1,-0.01,-1,-1,-0.01,-1,-1,-0.01,-1,-1,-0.01,-1,-1,-0.01,-1,-1,-0.01,-1,-1
99926009,2026-05-18 14:14:05+05:30,53536.7,0,0.0,0,0.0,0.0,53282.15,53619.2,52783.45,53710.35,0,0.0,0.0,0.0,0.0,-0.01,-1,-1,-0.01,-1,-1,-0.01,-1,-1,-0.01,-1,-1,-0.01,-1,-1,-0.01,-1,-1,-0.01,-1,-1,-0.01,-1,-1,-0.01,-1,-1,-0.01,-1,-1
99926009,2026-05-18 14:14:05+05:30,53535.95,0,0.0,0,0.0,0.0,53282.15,53619.2,52783.45,53710.35,0,0.0,0.0,0.0,0.0,-0.01,-1,-1,-0.01,-1,-1,-0.01,-1,-1,-0.01,-1,-1,-0.01,-1,-1,-0.01,-1,-1,-0.01,-1,-1,-0.01,-1,-1,-0.01,-1,-1,-0.01,-1,-1
99926009,2026-05-18 14:14:06+05:30,53534.55,0,0.0,0,0.0,0.0,53282.15,53619.2,52783.45,53710.35,0,0.0,0.0,0.0,0.0,-0.01,-1,-1,-0.01,-1,-1,-0.01,-1,-1,-0.01,-1,-1,-0.01,-1,-1,-0.01,-1,-1,-0.01,-1,-1,-0.01,-1,-1,-0.01,-1,-1,-0.01,-1,-1
99926009,2026-05-18 14:14:06+05:30,53537.45,0,0.0,0,0.0,0.0,53282.15,53619.2,52783.45,53710.35,0,0.0,0.0,0.0,0.0,-0.01,-1,-1,-0.01,-1,-1,-0.01,-1,-1,-0.01,-1,-1,-0.01,-1,-1,-0.01,-1,-1,-0.01,-1,-1,-0.01,-1,-1,-0.01,-1,-1,-0.01,-1,-1
99926009,2026-05-18 14:14:07+05:30,53537.65,0,0.0,0,0.0,0.0,53282.15,53619.2,52783.45,53710.35,0,0.0,0.0,0.0,0.0,-0.01,-1,-1,-0.01,-1,-1,-0.01,-1,-1,-0.01,-1,-1,-0.01,-1,-1,-0.01,-1,-1,-0.01,-1,-1,-0.01,-1,-1,-0.01,-1,-1,-0.01,-1,-1
99926009,2026-05-18 14:14:07+05:30,53536.45,0,0.0,0,0.0,0.0,53282.15,53619.2,52783.45,53710.35,0,0.0,0.0,0.0,0.0,-0.01,-1,-1,-0.01,-1,-1,-0.01,-1,-1,-0.01,-1,-1,-0.01,-1,-1,-0.01,-1,-1,-0.01,-1,-1,-0.01,-1,-1,-0.01,-1,-1,-0.01,-1,-1
99926009,2026-05-18 14:14:08+05:30,53533.95,0,0.0,0,0.0,0.0,53282.15,53619.2,52783.45,53710.35,0,0.0,0.0,0.0,0.0,-0.01,-1,-1,-0.01,-1,-1,-0.01,-1,-1,-0.01,-1,-1,-0.01,-1,-1,-0.01,-1,-1,-0.01,-1,-1,-0.01,-1,-1,-0.01,-1,-1,-0.01,-1,-1
99926009,2026-05-18 14:14:08+05:30,53535.85,0,0.0,0,0.0,0.0,53282.15,53619.2,52783.45,53710.35,0,0.0,0.0,0.0,0.0,-0.01,-1,-1,-0.01,-1,-1,-0.01,-1,-1,-0.01,-1,-1,-0.01,-1,-1,-0.01,-1,-1,-0.01,-1,-1,-0.01,-1,-1,-0.01,-1,-1,-0.01,-1,-1
99926009,2026-05-18 14:14:09+05:30,53537.4,0,0.0,0,0.0,0.0,53282.15,53619.2,52783.45,53710.35,0,0.0,0.0,0.0,0.0,-0.01,-1,-1,-0.01,-1,-1,-0.01,-1,-1,-0.01,-1,-1,-0.01,-1,-1,-0.01,-1,-1,-0.01,-1,-1,-0.01,-1,-1,-0.01,-1,-1,-0.01,-1,-1
99926009,2026-05-18 14:14:09+05:30,53539.1,0,0.0,0,0.0,0.0,53282.15,53619.2,52783.45,53710.35,0,0.0,0.0,0.0,0.0,-0.01,-1,-1,-0.01,-1,-1,-0.01,-1,-1,-0.01,-1,-1,-0.01,-1,-1,-0.01,-1,-1,-0.01,-1,-1,-0.01,-1,-1,-0.01,-1,-1,-0.01,-1,-1
99926009,2026-05-18 14:14:10+05:30,53538.2,0,0.0,0,0.0,0.0,53282.15,53619.2,52783.45,53710.35,0,0.0,0.0,0.0,0.0,-0.01,-1,-1,-0.01,-1,-1,-0.01,-1,-1,-0.01,-1,-1,-0.01,-1,-1,-0.01,-1,-1,-0.01,-1,-1,-0.01,-1,-1,-0.01,-1,-1,-0.01,-1,-1
99926009,2026-05-18 14:14:10+05:30,53537.6,0,0.0,0,0.0,0.0,53282.15,53619.2,52783.45,53710.35,0,0.0,0.0,0.0,0.0,-0.01,-1,-1,-0.01,-1,-1,-0.01,-1,-1,-0.01,-1,-1,-0.01,-1,-1,-0.01,-1,-1,-0.01,-1,-1,-0.01,-1,-1,-0.01,-1,-1,-0.01,-1,-1
99926009,2026-05-18 14:14:11+05:30,53537.0,0,0.0,0,0.0,0.0,53282.15,53619.2,52783.45,53710.35,0,0.0,0.0,0.0,0.0,-0.01,-1,-1,-0.01,-1,-1,-0.01,-1,-1,-0.01,-1,-1,-0.01,-1,-1,-0.01,-1,-1,-0.01,-1,-1,-0.01,-1,-1,-0.01,-1,-1,-0.01,-1,-1
99926009,2026-05-18 14:14:11+05:30,53538.8,0,0.0,0,0.0,0.0,53282.15,53619.2,52783.45,53710.35,0,0.0,0.0,0.0,0.0,-0.01,-1,-1,-0.01,-1,-1,-0.01,-1,-1,-0.01,-1,-1,-0.01,-1,-1,-0.01,-1,-1,-0.01,-1,-1,-0.01,-1,-1,-0.01,-1,-1,-0.01,-1,-1
99926009,2026-05-18 14:14:12+05:30,53538.0,0,0.0,0,0.0,0.0,53282.15,53619.2,52783.45,53710.35,0,0.0,0.0,0.0,0.0,-0.01,-1,-1,-0.01,-1,-1,-0.01,-1,-1,-0.01,-1,-1,-0.01,-1,-1,-0.01,-1,-1,-0.01,-1,-1,-0.01,-1,-1,-0.01,-1,-1,-0.01,-1,-1
99926009,2026-05-18 14:14:12+05:30,53536.95,0,0.0,0,0.0,0.0,53282.15,53619.2,52783.45,53710.35,0,0.0,0.0,0.0,0.0,-0.01,-1,-1,-0.01,-1,-1,-0.01,-1,-1,-0.01,-1,-1,-0.01,-1,-1,-0.01,-1,-1,-0.01,-1,-1,-0.01,-1,-1,-0.01,-1,-1,-0.01,-1,-1
99926009,2026-05-18 14:14:13+05:30,53536.35,0,0.0,0,0.0,0.0,53282.15,53619.2,52783.45,53710.35,0,0.0,0.0,0.0,0.0,-0.01,-1,-1,-0.01,-1,-1,-0.01,-1,-1,-0.01,-1,-1,-0.01,-1,-1,-0.01,-1,-1,-0.01,-1,-1,-0.01,-1,-1,-0.01,-1,-1,-0.01,-1,-1
99926009,2026-05-18 14:14:13+05:30,53537.0,0,0.0,0,0.0,0.0,53282.15,53619.2,52783.45,53710.35,0,0.0,0.0,0.0,0.0,-0.01,-1,-1,-0.01,-1,-1,-0.01,-1,-1,-0.01,-1,-1,-0.01,-1,-1,-0.01,-1,-1,-0.01,-1,-1,-0.01,-1,-1,-0.01,-1,-1,-0.01,-1,-1
99926009,2026-05-18 14:14:14+05:30,53536.9,0,0.0,0,0.0,0.0,53282.15,53619.2,52783.45,53710.35,0,0.0,0.0,0.0,0.0,-0.01,-1,-1,-0.01,-1,-1,-0.01,-1,-1,-0.01,-1,-1,-0.01,-1,-1,-0.01,-1,-1,-0.01,-1,-1,-0.01,-1,-1,-0.01,-1,-1,-0.01,-1,-1
99926009,2026-05-18 14:14:14+05:30,53537.75,0,0.0,0,0.0,0.0,53282.15,53619.2,52783.45,53710.35,0,0.0,0.0,0.0,0.0,-0.01,-1,-1,-0.01,-1,-1,-0.01,-1,-1,-0.01,-1,-1,-0.01,-1,-1,-0.01,-1,-1,-0.01,-1,-1,-0.01,-1,-1,-0.01,-1,-1,-0.01,-1,-1
99926009,2026-05-18 14:14:15+05:30,53537.2,0,0.0,0,0.0,0.0,53282.15,53619.2,52783.45,53710.35,0,0.0,0.0,0.0,0.0,-0.01,-1,-1,-0.01,-1,-1,-0.01,-1,-1,-0.01,-1,-1,-0.01,-1,-1,-0.01,-1,-1,-0.01,-1,-1,-0.01,-1,-1,-0.01,-1,-1,-0.01,-1,-1
99926009,2026-05-18 14:14:15+05:30,53537.5,0,0.0,0,0.0,0.0,53282.15,53619.2,52783.45,53710.35,0,0.0,0.0,0.0,0.0,-0.01,-1,-1,-0.01,-1,-1,-0.01,-1,-1,-0.01,-1,-1,-0.01,-1,-1,-0.01,-1,-1,-0.01,-1,-1,-0.01,-1,-1,-0.01,-1,-1,-0.01,-1,-1
99926009,2026-05-18 14:14:16+05:30,53536.85,0,0.0,0,0.0,0.0,53282.15,53619.2,52783.45,53710.35,0,0.0,0.0,0.0,0.0,-0.01,-1,-1,-0.01,-1,-1,-0.01,-1,-1,-0.01,-1,-1,-0.01,-1,-1,-0.01,-1,-1,-0.01,-1,-1,-0.01,-1,-1,-0.01,-1,-1,-0.01,-1,-1
99926009,2026-05-18 14:14:16+05:30,53538.55,0,0.0,0,0.0,0.0,53282.15,53619.2,52783.45,53710.35,0,0.0,0.0,0.0,0.0,-0.01,-1,-1,-0.01,-1,-1,-0.01,-1,-1,-0.01,-1,-1,-0.01,-1,-1,-0.01,-1,-1,-0.01,-1,-1,-0.01,-1,-1,-0.01,-1,-1,-0.01,-1,-1
99926009,2026-05-18 14:14:17+05:30,53538.2,0,0.0,0,0.0,0.0,53282.15,53619.2,52783.45,53710.35,0,0.0,0.0,0.0,0.0,-0.01,-1,-1,-0.01,-1,-1,-0.01,-1,-1,-0.01,-1,-1,-0.01,-1,-1,-0.01,-1,-1,-0.01,-1,-1,-0.01,-1,-1,-0.01,-1,-1,-0.01,-1,-1
99926009,2026-05-18 14:14:17+05:30,53538.3,0,0.0,0,0.0,0.0,53282.15,53619.2,52783.45,53710.35,0,0.0,0.0,0.0,0.0,-0.01,-1,-1,-0.01,-1,-1,-0.01,-1,-1,-0.01,-1,-1,-0.01,-1,-1,-0.01,-1,-1,-0.01,-1,-1,-0.01,-1,-1,-0.01,-1,-1,-0.01,-1,-1
99926009,2026-05-18 14:14:18+05:30,53539.8,0,0.0,0,0.0,0.0,53282.15,53619.2,52783.45,53710.35,0,0.0,0.0,0.0,0.0,-0.01,-1,-1,-0.01,-1,-1,-0.01,-1,-1,-0.01,-1,-1,-0.01,-1,-1,-0.01,-1,-1,-0.01,-1,-1,-0.01,-1,-1,-0.01,-1,-1,-0.01,-1,-1
99926009,2026-05-18 14:14:18+05:30,53540.05,0,0.0,0,0.0,0.0,53282.15,53619.2,52783.45,53710.35,0,0.0,0.0,0.0,0.0,-0.01,-1,-1,-0.01,-1,-1,-0.01,-1,-1,-0.01,-1,-1,-0.01,-1,-1,-0.01,-1,-1,-0.01,-1,-1,-0.01,-1,-1,-0.01,-1,-1,-0.01,-1,-1
99926009,2026-05-18 14:14:19+05:30,53538.4,0,0.0,0,0.0,0.0,53282.15,53619.2,52783.45,53710.35,0,0.0,0.0,0.0,0.0,-0.01,-1,-1,-0.01,-1,-1,-0.01,-1,-1,-0.01,-1,-1,-0.01,-1,-1,-0.01,-1,-1,-0.01,-1,-1,-0.01,-1,-1,-0.01,-1,-1,-0.01,-1,-1
99926009,2026-05-18 14:14:19+05:30,53535.95,0,0.0,0,0.0,0.0,53282.15,53619.2,52783.45,53710.35,0,0.0,0.0,0.0,0.0,-0.01,-1,-1,-0.01,-1,-1,-0.01,-1,-1,-0.01,-1,-1,-0.01,-1,-1,-0.01,-1,-1,-0.01,-1,-1,-0.01,-1,-1,-0.01,-1,-1,-0.01,-1,-1
99926009,2026-05-18 14:14:20+05:30,53535.35,0,0.0,0,0.0,0.0,53282.15,53619.2,52783.45,53710.35,0,0.0,0.0,0.0,0.0,-0.01,-1,-1,-0.01,-1,-1,-0.01,-1,-1,-0.01,-1,-1,-0.01,-1,-1,-0.01,-1,-1,-0.01,-1,-1,-0.01,-1,-1,-0.01,-1,-1,-0.01,-1,-1
99926009,2026-05-18 14:14:20+05:30,53530.55,0,0.0,0,0.0,0.0,53282.15,53619.2,52783.45,53710.35,0,0.0,0.0,0.0,0.0,-0.01,-1,-1,-0.01,-1,-1,-0.01,-1,-1,-0.01,-1,-1,-0.01,-1,-1,-0.01,-1,-1,-0.01,-1,-1,-0.01,-1,-1,-0.01,-1,-1,-0.01,-1,-1
99926009,2026-05-18 14:14:21+05:30,53530.45,0,0.0,0,0.0,0.0,53282.15,53619.2,52783.45,53710.35,0,0.0,0.0,0.0,0.0,-0.01,-1,-1,-0.01,-1,-1,-0.01,-1,-1,-0.01,-1,-1,-0.01,-1,-1,-0.01,-1,-1,-0.01,-1,-1,-0.01,-1,-1,-0.01,-1,-1,-0.01,-1,-1
99926009,2026-05-18 14:14:21+05:30,53531.45,0,0.0,0,0.0,0.0,53282.15,53619.2,52783.45,53710.35,0,0.0,0.0,0.0,0.0,-0.01,-1,-1,-0.01,-1,-1,-0.01,-1,-1,-0.01,-1,-1,-0.01,-1,-1,-0.01,-1,-1,-0.01,-1,-1,-0.01,-1,-1,-0.01,-1,-1,-0.01,-1,-1
99926009,2026-05-18 14:14:22+05:30,53532.0,0,0.0,0,0.0,0.0,53282.15,53619.2,52783.45,53710.35,0,0.0,0.0,0.0,0.0,-0.01,-1,-1,-0.01,-1,-1,-0.01,-1,-1,-0.01,-1,-1,-0.01,-1,-1,-0.01,-1,-1,-0.01,-1,-1,-0.01,-1,-1,-0.01,-1,-1,-0.01,-1,-1
99926009,2026-05-18 14:14:22+05:30,53531.95,0,0.0,0,0.0,0.0,53282.15,53619.2,52783.45,53710.35,0,0.0,0.0,0.0,0.0,-0.01,-1,-1,-0.01,-1,-1,-0.01,-1,-1,-0.01,-1,-1,-0.01,-1,-1,-0.01,-1,-1,-0.01,-1,-1,-0.01,-1,-1,-0.01,-1,-1,-0.01,-1,-1
99926009,2026-05-18 14:14:23+05:30,53533.05,0,0.0,0,0.0,0.0,53282.15,53619.2,52783.45,53710.35,0,0.0,0.0,0.0,0.0,-0.01,-1,-1,-0.01,-1,-1,-0.01,-1,-1,-0.01,-1,-1,-0.01,-1,-1,-0.01,-1,-1,-0.01,-1,-1,-0.01,-1,-1,-0.01,-1,-1,-0.01,-1,-1
99926009,2026-05-18 14:14:23+05:30,53532.55,0,0.0,0,0.0,0.0,53282.15,53619.2,52783.45,53710.35,0,0.0,0.0,0.0,0.0,-0.01,-1,-1,-0.01,-1,-1,-0.01,-1,-1,-0.01,-1,-1,-0.01,-1,-1,-0.01,-1,-1,-0.01,-1,-1,-0.01,-1,-1,-0.01,-1,-1,-0.01,-1,-1
99926009,2026-05-18 14:14:24+05:30,53531.1,0,0.0,0,0.0,0.0,53282.15,53619.2,52783.45,53710.35,0,0.0,0.0,0.0,0.0,-0.01,-1,-1,-0.01,-1,-1,-0.01,-1,-1,-0.01,-1,-1,-0.01,-1,-1,-0.01,-1,-1,-0.01,-1,-1,-0.01,-1,-1,-0.01,-1,-1,-0.01,-1,-1
99926009,2026-05-18 14:14:24+05:30,53532.1,0,0.0,0,0.0,0.0,53282.15,53619.2,52783.45,53710.35,0,0.0,0.0,0.0,0.0,-0.01,-1,-1,-0.01,-1,-1,-0.01,-1,-1,-0.01,-1,-1,-0.01,-1,-1,-0.01,-1,-1,-0.01,-1,-1,-0.01,-1,-1,-0.01,-1,-1,-0.01,-1,-1
99926009,2026-05-18 14:14:25+05:30,53532.55,0,0.0,0,0.0,0.0,53282.15,53619.2,52783.45,53710.35,0,0.0,0.0,0.0,0.0,-0.01,-1,-1,-0.01,-1,-1,-0.01,-1,-1,-0.01,-1,-1,-0.01,-1,-1,-0.01,-1,-1,-0.01,-1,-1,-0.01,-1,-1,-0.01,-1,-1,-0.01,-1,-1
99926009,2026-05-18 14:14:25+05:30,53532.75,0,0.0,0,0.0,0.0,53282.15,53619.2,52783.45,53710.35,0,0.0,0.0,0.0,0.0,-0.01,-1,-1,-0.01,-1,-1,-0.01,-1,-1,-0.01,-1,-1,-0.01,-1,-1,-0.01,-1,-1,-0.01,-1,-1,-0.01,-1,-1,-0.01,-1,-1,-0.01,-1,-1
99926009,2026-05-18 14:14:26+05:30,53532.45,0,0.0,0,0.0,0.0,53282.15,53619.2,52783.45,53710.35,0,0.0,0.0,0.0,0.0,-0.01,-1,-1,-0.01,-1,-1,-0.01,-1,-1,-0.01,-1,-1,-0.01,-1,-1,-0.01,-1,-1,-0.01,-1,-1,-0.01,-1,-1,-0.01,-1,-1,-0.01,-1,-1
99926009,2026-05-18 14:14:26+05:30,53533.2,0,0.0,0,0.0,0.0,53282.15,53619.2,52783.45,53710.35,0,0.0,0.0,0.0,0.0,-0.01,-1,-1,-0.01,-1,-1,-0.01,-1,-1,-0.01,-1,-1,-0.01,-1,-1,-0.01,-1,-1,-0.01,-1,-1,-0.01,-1,-1,-0.01,-1,-1,-0.01,-1,-1
99926009,2026-05-18 14:14:27+05:30,53534.05,0,0.0,0,0.0,0.0,53282.15,53619.2,52783.45,53710.35,0,0.0,0.0,0.0,0.0,-0.01,-1,-1,-0.01,-1,-1,-0.01,-1,-1,-0.01,-1,-1,-0.01,-1,-1,-0.01,-1,-1,-0.01,-1,-1,-0.01,-1,-1,-0.01,-1,-1,-0.01,-1,-1
99926009,2026-05-18 14:14:27+05:30,53534.35,0,0.0,0,0.0,0.0,53282.15,53619.2,52783.45,53710.35,0,0.0,0.0,0.0,0.0,-0.01,-1,-1,-0.01,-1,-1,-0.01,-1,-1,-0.01,-1,-1,-0.01,-1,-1,-0.01,-1,-1,-0.01,-1,-1,-0.01,-1,-1,-0.01,-1,-1,-0.01,-1,-1
99926009,2026-05-18 14:14:28+05:30,53533.4,0,0.0,0,0.0,0.0,53282.15,53619.2,52783.45,53710.35,0,0.0,0.0,0.0,0.0,-0.01,-1,-1,-0.01,-1,-1,-0.01,-1,-1,-0.01,-1,-1,-0.01,-1,-1,-0.01,-1,-1,-0.01,-1,-1,-0.01,-1,-1,-0.01,-1,-1,-0.01,-1,-1
99926009,2026-05-18 14:14:28+05:30,53533.4,0,0.0,0,0.0,0.0,53282.15,53619.2,52783.45,53710.35,0,0.0,0.0,0.0,0.0,-0.01,-1,-1,-0.01,-1,-1,-0.01,-1,-1,-0.01,-1,-1,-0.01,-1,-1,-0.01,-1,-1,-0.01,-1,-1,-0.01,-1,-1,-0.01,-1,-1,-0.01,-1,-1
99926009,2026-05-18 14:14:29+05:30,53532.0,0,0.0,0,0.0,0.0,53282.15,53619.2,52783.45,53710.35,0,0.0,0.0,0.0,0.0,-0.01,-1,-1,-0.01,-1,-1,-0.01,-1,-1,-0.01,-1,-1,-0.01,-1,-1,-0.01,-1,-1,-0.01,-1,-1,-0.01,-1,-1,-0.01,-1,-1,-0.01,-1,-1
99926009,2026-05-18 14:14:29+05:30,53532.2,0,0.0,0,0.0,0.0,53282.15,53619.2,52783.45,53710.35,0,0.0,0.0,0.0,0.0,-0.01,-1,-1,-0.01,-1,-1,-0.01,-1,-1,-0.01,-1,-1,-0.01,-1,-1,-0.01,-1,-1,-0.01,-1,-1,-0.01,-1,-1,-0.01,-1,-1,-0.01,-1,-1
99926009,2026-05-18 14:14:30+05:30,53533.3,0,0.0,0,0.0,0.0,53282.15,53619.2,52783.45,53710.35,0,0.0,0.0,0.0,0.0,-0.01,-1,-1,-0.01,-1,-1,-0.01,-1,-1,-0.01,-1,-1,-0.01,-1,-1,-0.01,-1,-1,-0.01,-1,-1,-0.01,-1,-1,-0.01,-1,-1,-0.01,-1,-1
99926009,2026-05-18 14:14:30+05:30,53534.25,0,0.0,0,0.0,0.0,53282.15,53619.2,52783.45,53710.35,0,0.0,0.0,0.0,0.0,-0.01,-1,-1,-0.01,-1,-1,-0.01,-1,-1,-0.01,-1,-1,-0.01,-1,-1,-0.01,-1,-1,-0.01,-1,-1,-0.01,-1,-1,-0.01,-1,-1,-0.01,-1,-1
99926009,2026-05-18 14:14:31+05:30,53533.4,0,0.0,0,0.0,0.0,53282.15,53619.2,52783.45,53710.35,0,0.0,0.0,0.0,0.0,-0.01,-1,-1,-0.01,-1,-1,-0.01,-1,-1,-0.01,-1,-1,-0.01,-1,-1,-0.01,-1,-1,-0.01,-1,-1,-0.01,-1,-1,-0.01,-1,-1,-0.01,-1,-1
99926009,2026-05-18 14:14:31+05:30,53533.1,0,0.0,0,0.0,0.0,53282.15,53619.2,52783.45,53710.35,0,0.0,0.0,0.0,0.0,-0.01,-1,-1,-0.01,-1,-1,-0.01,-1,-1,-0.01,-1,-1,-0.01,-1,-1,-0.01,-1,-1,-0.01,-1,-1,-0.01,-1,-1,-0.01,-1,-1,-0.01,-1,-1
99926009,2026-05-18 14:14:32+05:30,53530.25,0,0.0,0,0.0,0.0,53282.15,53619.2,52783.45,53710.35,0,0.0,0.0,0.0,0.0,-0.01,-1,-1,-0.01,-1,-1,-0.01,-1,-1,-0.01,-1,-1,-0.01,-1,-1,-0.01,-1,-1,-0.01,-1,-1,-0.01,-1,-1,-0.01,-1,-1,-0.01,-1,-1
99926009,2026-05-18 14:14:32+05:30,53530.0,0,0.0,0,0.0,0.0,53282.15,53619.2,52783.45,53710.35,0,0.0,0.0,0.0,0.0,-0.01,-1,-1,-0.01,-1,-1,-0.01,-1,-1,-0.01,-1,-1,-0.01,-1,-1,-0.01,-1,-1,-0.01,-1,-1,-0.01,-1,-1,-0.01,-1,-1,-0.01,-1,-1
99926009,2026-05-18 14:14:33+05:30,53530.35,0,0.0,0,0.0,0.0,53282.15,53619.2,52783.45,53710.35,0,0.0,0.0,0.0,0.0,-0.01,-1,-1,-0.01,-1,-1,-0.01,-1,-1,-0.01,-1,-1,-0.01,-1,-1,-0.01,-1,-1,-0.01,-1,-1,-0.01,-1,-1,-0.01,-1,-1,-0.01,-1,-1
99926009,2026-05-18 14:14:33+05:30,53527.75,0,0.0,0,0.0,0.0,53282.15,53619.2,52783.45,53710.35,0,0.0,0.0,0.0,0.0,-0.01,-1,-1,-0.01,-1,-1,-0.01,-1,-1,-0.01,-1,-1,-0.01,-1,-1,-0.01,-1,-1,-0.01,-1,-1,-0.01,-1,-1,-0.01,-1,-1,-0.01,-1,-1
99926009,2026-05-18 14:14:34+05:30,53528.1,0,0.0,0,0.0,0.0,53282.15,53619.2,52783.45,53710.35,0,0.0,0.0,0.0,0.0,-0.01,-1,-1,-0.01,-1,-1,-0.01,-1,-1,-0.01,-1,-1,-0.01,-1,-1,-0.01,-1,-1,-0.01,-1,-1,-0.01,-1,-1,-0.01,-1,-1,-0.01,-1,-1
99926009,2026-05-18 14:14:34+05:30,53524.45,0,0.0,0,0.0,0.0,53282.15,53619.2,52783.45,53710.35,0,0.0,0.0,0.0,0.0,-0.01,-1,-1,-0.01,-1,-1,-0.01,-1,-1,-0.01,-1,-1,-0.01,-1,-1,-0.01,-1,-1,-0.01,-1,-1,-0.01,-1,-1,-0.01,-1,-1,-0.01,-1,-1
99926009,2026-05-18 14:14:35+05:30,53523.6,0,0.0,0,0.0,0.0,53282.15,53619.2,52783.45,53710.35,0,0.0,0.0,0.0,0.0,-0.01,-1,-1,-0.01,-1,-1,-0.01,-1,-1,-0.01,-1,-1,-0.01,-1,-1,-0.01,-1,-1,-0.01,-1,-1,-0.01,-1,-1,-0.01,-1,-1,-0.01,-1,-1
99926009,2026-05-18 14:14:35+05:30,53523.45,0,0.0,0,0.0,0.0,53282.15,53619.2,52783.45,53710.35,0,0.0,0.0,0.0,0.0,-0.01,-1,-1,-0.01,-1,-1,-0.01,-1,-1,-0.01,-1,-1,-0.01,-1,-1,-0.01,-1,-1,-0.01,-1,-1,-0.01,-1,-1,-0.01,-1,-1,-0.01,-1,-1
99926009,2026-05-18 14:14:36+05:30,53525.4,0,0.0,0,0.0,0.0,53282.15,53619.2,52783.45,53710.35,0,0.0,0.0,0.0,0.0,-0.01,-1,-1,-0.01,-1,-1,-0.01,-1,-1,-0.01,-1,-1,-0.01,-1,-1,-0.01,-1,-1,-0.01,-1,-1,-0.01,-1,-1,-0.01,-1,-1,-0.01,-1,-1
99926009,2026-05-18 14:14:36+05:30,53526.85,0,0.0,0,0.0,0.0,53282.15,53619.2,52783.45,53710.35,0,0.0,0.0,0.0,0.0,-0.01,-1,-1,-0.01,-1,-1,-0.01,-1,-1,-0.01,-1,-1,-0.01,-1,-1,-0.01,-1,-1,-0.01,-1,-1,-0.01,-1,-1,-0.01,-1,-1,-0.01,-1,-1
99926009,2026-05-18 14:14:37+05:30,53528.9,0,0.0,0,0.0,0.0,53282.15,53619.2,52783.45,53710.35,0,0.0,0.0,0.0,0.0,-0.01,-1,-1,-0.01,-1,-1,-0.01,-1,-1,-0.01,-1,-1,-0.01,-1,-1,-0.01,-1,-1,-0.01,-1,-1,-0.01,-1,-1,-0.01,-1,-1,-0.01,-1,-1
99926009,2026-05-18 14:14:37+05:30,53528.4,0,0.0,0,0.0,0.0,53282.15,53619.2,52783.45,53710.35,0,0.0,0.0,0.0,0.0,-0.01,-1,-1,-0.01,-1,-1,-0.01,-1,-1,-0.01,-1,-1,-0.01,-1,-1,-0.01,-1,-1,-0.01,-1,-1,-0.01,-1,-1,-0.01,-1,-1,-0.01,-1,-1
99926009,2026-05-18 14:14:38+05:30,53529.6,0,0.0,0,0.0,0.0,53282.15,53619.2,52783.45,53710.35,0,0.0,0.0,0.0,0.0,-0.01,-1,-1,-0.01,-1,-1,-0.01,-1,-1,-0.01,-1,-1,-0.01,-1,-1,-0.01,-1,-1,-0.01,-1,-1,-0.01,-1,-1,-0.01,-1,-1,-0.01,-1,-1
99926009,2026-05-18 14:14:38+05:30,53529.0,0,0.0,0,0.0,0.0,53282.15,53619.2,52783.45,53710.35,0,0.0,0.0,0.0,0.0,-0.01,-1,-1,-0.01,-1,-1,-0.01,-1,-1,-0.01,-1,-1,-0.01,-1,-1,-0.01,-1,-1,-0.01,-1,-1,-0.01,-1,-1,-0.01,-1,-1,-0.01,-1,-1
99926009,2026-05-18 14:14:39+05:30,53528.1,0,0.0,0,0.0,0.0,53282.15,53619.2,52783.45,53710.35,0,0.0,0.0,0.0,0.0,-0.01,-1,-1,-0.01,-1,-1,-0.01,-1,-1,-0.01,-1,-1,-0.01,-1,-1,-0.01,-1,-1,-0.01,-1,-1,-0.01,-1,-1,-0.01,-1,-1,-0.01,-1,-1
99926009,2026-05-18 14:14:39+05:30,53527.9,0,0.0,0,0.0,0.0,53282.15,53619.2,52783.45,53710.35,0,0.0,0.0,0.0,0.0,-0.01,-1,-1,-0.01,-1,-1,-0.01,-1,-1,-0.01,-1,-1,-0.01,-1,-1,-0.01,-1,-1,-0.01,-1,-1,-0.01,-1,-1,-0.01,-1,-1,-0.01,-1,-1
99926009,2026-05-18 14:14:40+05:30,53530.75,0,0.0,0,0.0,0.0,53282.15,53619.2,52783.45,53710.35,0,0.0,0.0,0.0,0.0,-0.01,-1,-1,-0.01,-1,-1,-0.01,-1,-1,-0.01,-1,-1,-0.01,-1,-1,-0.01,-1,-1,-0.01,-1,-1,-0.01,-1,-1,-0.01,-1,-1,-0.01,-1,-1
99926009,2026-05-18 14:14:40+05:30,53528.55,0,0.0,0,0.0,0.0,53282.15,53619.2,52783.45,53710.35,0,0.0,0.0,0.0,0.0,-0.01,-1,-1,-0.01,-1,-1,-0.01,-1,-1,-0.01,-1,-1,-0.01,-1,-1,-0.01,-1,-1,-0.01,-1,-1,-0.01,-1,-1,-0.01,-1,-1,-0.01,-1,-1
99926009,2026-05-18 14:14:41+05:30,53528.5,0,0.0,0,0.0,0.0,53282.15,53619.2,52783.45,53710.35,0,0.0,0.0,0.0,0.0,-0.01,-1,-1,-0.01,-1,-1,-0.01,-1,-1,-0.01,-1,-1,-0.01,-1,-1,-0.01,-1,-1,-0.01,-1,-1,-0.01,-1,-1,-0.01,-1,-1,-0.01,-1,-1
99926009,2026-05-18 14:14:41+05:30,53530.6,0,0.0,0,0.0,0.0,53282.15,53619.2,52783.45,53710.35,0,0.0,0.0,0.0,0.0,-0.01,-1,-1,-0.01,-1,-1,-0.01,-1,-1,-0.01,-1,-1,-0.01,-1,-1,-0.01,-1,-1,-0.01,-1,-1,-0.01,-1,-1,-0.01,-1,-1,-0.01,-1,-1
99926009,2026-05-18 14:14:42+05:30,53531.8,0,0.0,0,0.0,0.0,53282.15,53619.2,52783.45,53710.35,0,0.0,0.0,0.0,0.0,-0.01,-1,-1,-0.01,-1,-1,-0.01,-1,-1,-0.01,-1,-1,-0.01,-1,-1,-0.01,-1,-1,-0.01,-1,-1,-0.01,-1,-1,-0.01,-1,-1,-0.01,-1,-1
99926009,2026-05-18 14:14:42+05:30,53530.95,0,0.0,0,0.0,0.0,53282.15,53619.2,52783.45,53710.35,0,0.0,0.0,0.0,0.0,-0.01,-1,-1,-0.01,-1,-1,-0.01,-1,-1,-0.01,-1,-1,-0.01,-1,-1,-0.01,-1,-1,-0.01,-1,-1,-0.01,-1,-1,-0.01,-1,-1,-0.01,-1,-1
99926009,2026-05-18 14:14:43+05:30,53531.5,0,0.0,0,0.0,0.0,53282.15,53619.2,52783.45,53710.35,0,0.0,0.0,0.0,0.0,-0.01,-1,-1,-0.01,-1,-1,-0.01,-1,-1,-0.01,-1,-1,-0.01,-1,-1,-0.01,-1,-1,-0.01,-1,-1,-0.01,-1,-1,-0.01,-1,-1,-0.01,-1,-1
99926009,2026-05-18 14:14:43+05:30,53526.4,0,0.0,0,0.0,0.0,53282.15,53619.2,52783.45,53710.35,0,0.0,0.0,0.0,0.0,-0.01,-1,-1,-0.01,-1,-1,-0.01,-1,-1,-0.01,-1,-1,-0.01,-1,-1,-0.01,-1,-1,-0.01,-1,-1,-0.01,-1,-1,-0.01,-1,-1,-0.01,-1,-1
99926009,2026-05-18 14:14:44+05:30,53524.6,0,0.0,0,0.0,0.0,53282.15,53619.2,52783.45,53710.35,0,0.0,0.0,0.0,0.0,-0.01,-1,-1,-0.01,-1,-1,-0.01,-1,-1,-0.01,-1,-1,-0.01,-1,-1,-0.01,-1,-1,-0.01,-1,-1,-0.01,-1,-1,-0.01,-1,-1,-0.01,-1,-1
99926009,2026-05-18 14:14:44+05:30,53522.65,0,0.0,0,0.0,0.0,53282.15,53619.2,52783.45,53710.35,0,0.0,0.0,0.0,0.0,-0.01,-1,-1,-0.01,-1,-1,-0.01,-1,-1,-0.01,-1,-1,-0.01,-1,-1,-0.01,-1,-1,-0.01,-1,-1,-0.01,-1,-1,-0.01,-1,-1,-0.01,-1,-1
99926009,2026-05-18 14:14:45+05:30,53523.55,0,0.0,0,0.0,0.0,53282.15,53619.2,52783.45,53710.35,0,0.0,0.0,0.0,0.0,-0.01,-1,-1,-0.01,-1,-1,-0.01,-1,-1,-0.01,-1,-1,-0.01,-1,-1,-0.01,-1,-1,-0.01,-1,-1,-0.01,-1,-1,-0.01,-1,-1,-0.01,-1,-1
99926009,2026-05-18 14:14:45+05:30,53525.7,0,0.0,0,0.0,0.0,53282.15,53619.2,52783.45,53710.35,0,0.0,0.0,0.0,0.0,-0.01,-1,-1,-0.01,-1,-1,-0.01,-1,-1,-0.01,-1,-1,-0.01,-1,-1,-0.01,-1,-1,-0.01,-1,-1,-0.01,-1,-1,-0.01,-1,-1,-0.01,-1,-1
99926009,2026-05-18 14:14:46+05:30,53524.4,0,0.0,0,0.0,0.0,53282.15,53619.2,52783.45,53710.35,0,0.0,0.0,0.0,0.0,-0.01,-1,-1,-0.01,-1,-1,-0.01,-1,-1,-0.01,-1,-1,-0.01,-1,-1,-0.01,-1,-1,-0.01,-1,-1,-0.01,-1,-1,-0.01,-1,-1,-0.01,-1,-1
99926009,2026-05-18 14:14:46+05:30,53522.55,0,0.0,0,0.0,0.0,53282.15,53619.2,52783.45,53710.35,0,0.0,0.0,0.0,0.0,-0.01,-1,-1,-0.01,-1,-1,-0.01,-1,-1,-0.01,-1,-1,-0.01,-1,-1,-0.01,-1,-1,-0.01,-1,-1,-0.01,-1,-1,-0.01,-1,-1,-0.01,-1,-1
99926009,2026-05-18 14:14:47+05:30,53522.45,0,0.0,0,0.0,0.0,53282.15,53619.2,52783.45,53710.35,0,0.0,0.0,0.0,0.0,-0.01,-1,-1,-0.01,-1,-1,-0.01,-1,-1,-0.01,-1,-1,-0.01,-1,-1,-0.01,-1,-1,-0.01,-1,-1,-0.01,-1,-1,-0.01,-1,-1,-0.01,-1,-1
99926009,2026-05-18 14:14:47+05:30,53521.9,0,0.0,0,0.0,0.0,53282.15,53619.2,52783.45,53710.35,0,0.0,0.0,0.0,0.0,-0.01,-1,-1,-0.01,-1,-1,-0.01,-1,-1,-0.01,-1,-1,-0.01,-1,-1,-0.01,-1,-1,-0.01,-1,-1,-0.01,-1,-1,-0.01,-1,-1,-0.01,-1,-1
99926009,2026-05-18 14:14:48+05:30,53520.85,0,0.0,0,0.0,0.0,53282.15,53619.2,52783.45,53710.35,0,0.0,0.0,0.0,0.0,-0.01,-1,-1,-0.01,-1,-1,-0.01,-1,-1,-0.01,-1,-1,-0.01,-1,-1,-0.01,-1,-1,-0.01,-1,-1,-0.01,-1,-1,-0.01,-1,-1,-0.01,-1,-1
99926009,2026-05-18 14:14:48+05:30,53521.65,0,0.0,0,0.0,0.0,53282.15,53619.2,52783.45,53710.35,0,0.0,0.0,0.0,0.0,-0.01,-1,-1,-0.01,-1,-1,-0.01,-1,-1,-0.01,-1,-1,-0.01,-1,-1,-0.01,-1,-1,-0.01,-1,-1,-0.01,-1,-1,-0.01,-1,-1,-0.01,-1,-1
99926009,2026-05-18 14:14:49+05:30,53517.1,0,0.0,0,0.0,0.0,53282.15,53619.2,52783.45,53710.35,0,0.0,0.0,0.0,0.0,-0.01,-1,-1,-0.01,-1,-1,-0.01,-1,-1,-0.01,-1,-1,-0.01,-1,-1,-0.01,-1,-1,-0.01,-1,-1,-0.01,-1,-1,-0.01,-1,-1,-0.01,-1,-1
99926009,2026-05-18 14:14:49+05:30,53516.9,0,0.0,0,0.0,0.0,53282.15,53619.2,52783.45,53710.35,0,0.0,0.0,0.0,0.0,-0.01,-1,-1,-0.01,-1,-1,-0.01,-1,-1,-0.01,-1,-1,-0.01,-1,-1,-0.01,-1,-1,-0.01,-1,-1,-0.01,-1,-1,-0.01,-1,-1,-0.01,-1,-1
99926009,2026-05-18 14:14:50+05:30,53517.7,0,0.0,0,0.0,0.0,53282.15,53619.2,52783.45,53710.35,0,0.0,0.0,0.0,0.0,-0.01,-1,-1,-0.01,-1,-1,-0.01,-1,-1,-0.01,-1,-1,-0.01,-1,-1,-0.01,-1,-1,-0.01,-1,-1,-0.01,-1,-1,-0.01,-1,-1,-0.01,-1,-1
99926009,2026-05-18 14:14:50+05:30,53513.65,0,0.0,0,0.0,0.0,53282.15,53619.2,52783.45,53710.35,0,0.0,0.0,0.0,0.0,-0.01,-1,-1,-0.01,-1,-1,-0.01,-1,-1,-0.01,-1,-1,-0.01,-1,-1,-0.01,-1,-1,-0.01,-1,-1,-0.01,-1,-1,-0.01,-1,-1,-0.01,-1,-1
99926009,2026-05-18 14:14:51+05:30,53515.95,0,0.0,0,0.0,0.0,53282.15,53619.2,52783.45,53710.35,0,0.0,0.0,0.0,0.0,-0.01,-1,-1,-0.01,-1,-1,-0.01,-1,-1,-0.01,-1,-1,-0.01,-1,-1,-0.01,-1,-1,-0.01,-1,-1,-0.01,-1,-1,-0.01,-1,-1,-0.01,-1,-1
99926009,2026-05-18 14:14:51+05:30,53519.7,0,0.0,0,0.0,0.0,53282.15,53619.2,52783.45,53710.35,0,0.0,0.0,0.0,0.0,-0.01,-1,-1,-0.01,-1,-1,-0.01,-1,-1,-0.01,-1,-1,-0.01,-1,-1,-0.01,-1,-1,-0.01,-1,-1,-0.01,-1,-1,-0.01,-1,-1,-0.01,-1,-1
99926009,2026-05-18 14:14:52+05:30,53520.9,0,0.0,0,0.0,0.0,53282.15,53619.2,52783.45,53710.35,0,0.0,0.0,0.0,0.0,-0.01,-1,-1,-0.01,-1,-1,-0.01,-1,-1,-0.01,-1,-1,-0.01,-1,-1,-0.01,-1,-1,-0.01,-1,-1,-0.01,-1,-1,-0.01,-1,-1,-0.01,-1,-1
99926009,2026-05-18 14:14:52+05:30,53518.8,0,0.0,0,0.0,0.0,53282.15,53619.2,52783.45,53710.35,0,0.0,0.0,0.0,0.0,-0.01,-1,-1,-0.01,-1,-1,-0.01,-1,-1,-0.01,-1,-1,-0.01,-1,-1,-0.01,-1,-1,-0.01,-1,-1,-0.01,-1,-1,-0.01,-1,-1,-0.01,-1,-1
99926009,2026-05-18 14:14:53+05:30,53521.75,0,0.0,0,0.0,0.0,53282.15,53619.2,52783.45,53710.35,0,0.0,0.0,0.0,0.0,-0.01,-1,-1,-0.01,-1,-1,-0.01,-1,-1,-0.01,-1,-1,-0.01,-1,-1,-0.01,-1,-1,-0.01,-1,-1,-0.01,-1,-1,-0.01,-1,-1,-0.01,-1,-1
99926009,2026-05-18 14:14:53+05:30,53524.3,0,0.0,0,0.0,0.0,53282.15,53619.2,52783.45,53710.35,0,0.0,0.0,0.0,0.0,-0.01,-1,-1,-0.01,-1,-1,-0.01,-1,-1,-0.01,-1,-1,-0.01,-1,-1,-0.01,-1,-1,-0.01,-1,-1,-0.01,-1,-1,-0.01,-1,-1,-0.01,-1,-1
99926009,2026-05-18 14:14:54+05:30,53523.0,0,0.0,0,0.0,0.0,53282.15,53619.2,52783.45,53710.35,0,0.0,0.0,0.0,0.0,-0.01,-1,-1,-0.01,-1,-1,-0.01,-1,-1,-0.01,-1,-1,-0.01,-1,-1,-0.01,-1,-1,-0.01,-1,-1,-0.01,-1,-1,-0.01,-1,-1,-0.01,-1,-1
99926009,2026-05-18 14:14:54+05:30,53525.45,0,0.0,0,0.0,0.0,53282.15,53619.2,52783.45,53710.35,0,0.0,0.0,0.0,0.0,-0.01,-1,-1,-0.01,-1,-1,-0.01,-1,-1,-0.01,-1,-1,-0.01,-1,-1,-0.01,-1,-1,-0.01,-1,-1,-0.01,-1,-1,-0.01,-1,-1,-0.01,-1,-1
99926009,2026-05-18 14:14:55+05:30,53527.25,0,0.0,0,0.0,0.0,53282.15,53619.2,52783.45,53710.35,0,0.0,0.0,0.0,0.0,-0.01,-1,-1,-0.01,-1,-1,-0.01,-1,-1,-0.01,-1,-1,-0.01,-1,-1,-0.01,-1,-1,-0.01,-1,-1,-0.01,-1,-1,-0.01,-1,-1,-0.01,-1,-1
99926009,2026-05-18 14:14:55+05:30,53528.1,0,0.0,0,0.0,0.0,53282.15,53619.2,52783.45,53710.35,0,0.0,0.0,0.0,0.0,-0.01,-1,-1,-0.01,-1,-1,-0.01,-1,-1,-0.01,-1,-1,-0.01,-1,-1,-0.01,-1,-1,-0.01,-1,-1,-0.01,-1,-1,-0.01,-1,-1,-0.01,-1,-1
99926009,2026-05-18 14:14:56+05:30,53528.15,0,0.0,0,0.0,0.0,53282.15,53619.2,52783.45,53710.35,0,0.0,0.0,0.0,0.0,-0.01,-1,-1,-0.01,-1,-1,-0.01,-1,-1,-0.01,-1,-1,-0.01,-1,-1,-0.01,-1,-1,-0.01,-1,-1,-0.01,-1,-1,-0.01,-1,-1,-0.01,-1,-1
99926009,2026-05-18 14:14:56+05:30,53526.45,0,0.0,0,0.0,0.0,53282.15,53619.2,52783.45,53710.35,0,0.0,0.0,0.0,0.0,-0.01,-1,-1,-0.01,-1,-1,-0.01,-1,-1,-0.01,-1,-1,-0.01,-1,-1,-0.01,-1,-1,-0.01,-1,-1,-0.01,-1,-1,-0.01,-1,-1,-0.01,-1,-1
99926009,2026-05-18 14:14:57+05:30,53527.3,0,0.0,0,0.0,0.0,53282.15,53619.2,52783.45,53710.35,0,0.0,0.0,0.0,0.0,-0.01,-1,-1,-0.01,-1,-1,-0.01,-1,-1,-0.01,-1,-1,-0.01,-1,-1,-0.01,-1,-1,-0.01,-1,-1,-0.01,-1,-1,-0.01,-1,-1,-0.01,-1,-1
99926009,2026-05-18 14:14:57+05:30,53527.8,0,0.0,0,0.0,0.0,53282.15,53619.2,52783.45,53710.35,0,0.0,0.0,0.0,0.0,-0.01,-1,-1,-0.01,-1,-1,-0.01,-1,-1,-0.01,-1,-1,-0.01,-1,-1,-0.01,-1,-1,-0.01,-1,-1,-0.01,-1,-1,-0.01,-1,-1,-0.01,-1,-1
99926009,2026-05-18 14:14:58+05:30,53529.5,0,0.0,0,0.0,0.0,53282.15,53619.2,52783.45,53710.35,0,0.0,0.0,0.0,0.0,-0.01,-1,-1,-0.01,-1,-1,-0.01,-1,-1,-0.01,-1,-1,-0.01,-1,-1,-0.01,-1,-1,-0.01,-1,-1,-0.01,-1,-1,-0.01,-1,-1,-0.01,-1,-1
99926009,2026-05-18 14:14:58+05:30,53533.55,0,0.0,0,0.0,0.0,53282.15,53619.2,52783.45,53710.35,0,0.0,0.0,0.0,0.0,-0.01,-1,-1,-0.01,-1,-1,-0.01,-1,-1,-0.01,-1,-1,-0.01,-1,-1,-0.01,-1,-1,-0.01,-1,-1,-0.01,-1,-1,-0.01,-1,-1,-0.01,-1,-1
99926009,2026-05-18 14:14:59+05:30,53534.1,0,0.0,0,0.0,0.0,53282.15,53619.2,52783.45,53710.35,0,0.0,0.0,0.0,0.0,-0.01,-1,-1,-0.01,-1,-1,-0.01,-1,-1,-0.01,-1,-1,-0.01,-1,-1,-0.01,-1,-1,-0.01,-1,-1,-0.01,-1,-1,-0.01,-1,-1,-0.01,-1,-1
99926009,2026-05-18 14:14:59+05:30,53535.45,0,0.0,0,0.0,0.0,53282.15,53619.2,52783.45,53710.35,0,0.0,0.0,0.0,0.0,-0.01,-1,-1,-0.01,-1,-1,-0.01,-1,-1,-0.01,-1,-1,-0.01,-1,-1,-0.01,-1,-1,-0.01,-1,-1,-0.01,-1,-1,-0.01,-1,-1,-0.01,-1,-1
99926009,2026-05-18 14:15:00+05:30,53535.25,0,0.0,0,0.0,0.0,53282.15,53619.2,52783.45,53710.35,0,0.0,0.0,0.0,0.0,-0.01,-1,-1,-0.01,-1,-1,-0.01,-1,-1,-0.01,-1,-1,-0.01,-1,-1,-0.01,-1,-1,-0.01,-1,-1,-0.01,-1,-1,-0.01,-1,-1,-0.01,-1,-1
99926009,2026-05-18 14:15:00+05:30,53535.8,0,0.0,0,0.0,0.0,53282.15,53619.2,52783.45,53710.35,0,0.0,0.0,0.0,0.0,-0.01,-1,-1,-0.01,-1,-1,-0.01,-1,-1,-0.01,-1,-1,-0.01,-1,-1,-0.01,-1,-1,-0.01,-1,-1,-0.01,-1,-1,-0.01,-1,-1,-0.01,-1,-1
99926009,2026-05-18 14:15:01+05:30,53530.5,0,0.0,0,0.0,0.0,53282.15,53619.2,52783.45,53710.35,0,0.0,0.0,0.0,0.0,-0.01,-1,-1,-0.01,-1,-1,-0.01,-1,-1,-0.01,-1,-1,-0.01,-1,-1,-0.01,-1,-1,-0.01,-1,-1,-0.01,-1,-1,-0.01,-1,-1,-0.01,-1,-1
99926009,2026-05-18 14:15:01+05:30,53520.25,0,0.0,0,0.0,0.0,53282.15,53619.2,52783.45,53710.35,0,0.0,0.0,0.0,0.0,-0.01,-1,-1,-0.01,-1,-1,-0.01,-1,-1,-0.01,-1,-1,-0.01,-1,-1,-0.01,-1,-1,-0.01,-1,-1,-0.01,-1,-1,-0.01,-1,-1,-0.01,-1,-1
99926009,2026-05-18 14:15:02+05:30,53514.6,0,0.0,0,0.0,0.0,53282.15,53619.2,52783.45,53710.35,0,0.0,0.0,0.0,0.0,-0.01,-1,-1,-0.01,-1,-1,-0.01,-1,-1,-0.01,-1,-1,-0.01,-1,-1,-0.01,-1,-1,-0.01,-1,-1,-0.01,-1,-1,-0.01,-1,-1,-0.01,-1,-1
99926009,2026-05-18 14:15:02+05:30,53510.9,0,0.0,0,0.0,0.0,53282.15,53619.2,52783.45,53710.35,0,0.0,0.0,0.0,0.0,-0.01,-1,-1,-0.01,-1,-1,-0.01,-1,-1,-0.01,-1,-1,-0.01,-1,-1,-0.01,-1,-1,-0.01,-1,-1,-0.01,-1,-1,-0.01,-1,-1,-0.01,-1,-1
99926009,2026-05-18 14:15:03+05:30,53509.35,0,0.0,0,0.0,0.0,53282.15,53619.2,52783.45,53710.35,0,0.0,0.0,0.0,0.0,-0.01,-1,-1,-0.01,-1,-1,-0.01,-1,-1,-0.01,-1,-1,-0.01,-1,-1,-0.01,-1,-1,-0.01,-1,-1,-0.01,-1,-1,-0.01,-1,-1,-0.01,-1,-1
99926009,2026-05-18 14:15:03+05:30,53507.35,0,0.0,0,0.0,0.0,53282.15,53619.2,52783.45,53710.35,0,0.0,0.0,0.0,0.0,-0.01,-1,-1,-0.01,-1,-1,-0.01,-1,-1,-0.01,-1,-1,-0.01,-1,-1,-0.01,-1,-1,-0.01,-1,-1,-0.01,-1,-1,-0.01,-1,-1,-0.01,-1,-1
99926009,2026-05-18 14:15:04+05:30,53505.85,0,0.0,0,0.0,0.0,53282.15,53619.2,52783.45,53710.35,0,0.0,0.0,0.0,0.0,-0.01,-1,-1,-0.01,-1,-1,-0.01,-1,-1,-0.01,-1,-1,-0.01,-1,-1,-0.01,-1,-1,-0.01,-1,-1,-0.01,-1,-1,-0.01,-1,-1,-0.01,-1,-1
99926009,2026-05-18 14:15:04+05:30,53508.0,0,0.0,0,0.0,0.0,53282.15,53619.2,52783.45,53710.35,0,0.0,0.0,0.0,0.0,-0.01,-1,-1,-0.01,-1,-1,-0.01,-1,-1,-0.01,-1,-1,-0.01,-1,-1,-0.01,-1,-1,-0.01,-1,-1,-0.01,-1,-1,-0.01,-1,-1,-0.01,-1,-1
99926009,2026-05-18 14:15:05+05:30,53508.5,0,0.0,0,0.0,0.0,53282.15,53619.2,52783.45,53710.35,0,0.0,0.0,0.0,0.0,-0.01,-1,-1,-0.01,-1,-1,-0.01,-1,-1,-0.01,-1,-1,-0.01,-1,-1,-0.01,-1,-1,-0.01,-1,-1,-0.01,-1,-1,-0.01,-1,-1,-0.01,-1,-1
99926009,2026-05-18 14:15:05+05:30,53507.8,0,0.0,0,0.0,0.0,53282.15,53619.2,52783.45,53710.35,0,0.0,0.0,0.0,0.0,-0.01,-1,-1,-0.01,-1,-1,-0.01,-1,-1,-0.01,-1,-1,-0.01,-1,-1,-0.01,-1,-1,-0.01,-1,-1,-0.01,-1,-1,-0.01,-1,-1,-0.01,-1,-1
99926009,2026-05-18 14:15:06+05:30,53500.1,0,0.0,0,0.0,0.0,53282.15,53619.2,52783.45,53710.35,0,0.0,0.0,0.0,0.0,-0.01,-1,-1,-0.01,-1,-1,-0.01,-1,-1,-0.01,-1,-1,-0.01,-1,-1,-0.01,-1,-1,-0.01,-1,-1,-0.01,-1,-1,-0.01,-1,-1,-0.01,-1,-1
99926009,2026-05-18 14:15:06+05:30,53486.2,0,0.0,0,0.0,0.0,53282.15,53619.2,52783.45,53710.35,0,0.0,0.0,0.0,0.0,-0.01,-1,-1,-0.01,-1,-1,-0.01,-1,-1,-0.01,-1,-1,-0.01,-1,-1,-0.01,-1,-1,-0.01,-1,-1,-0.01,-1,-1,-0.01,-1,-1,-0.01,-1,-1
99926009,2026-05-18 14:15:07+05:30,53482.1,0,0.0,0,0.0,0.0,53282.15,53619.2,52783.45,53710.35,0,0.0,0.0,0.0,0.0,-0.01,-1,-1,-0.01,-1,-1,-0.01,-1,-1,-0.01,-1,-1,-0.01,-1,-1,-0.01,-1,-1,-0.01,-1,-1,-0.01,-1,-1,-0.01,-1,-1,-0.01,-1,-1
99926009,2026-05-18 14:15:07+05:30,53479.95,0,0.0,0,0.0,0.0,53282.15,53619.2,52783.45,53710.35,0,0.0,0.0,0.0,0.0,-0.01,-1,-1,-0.01,-1,-1,-0.01,-1,-1,-0.01,-1,-1,-0.01,-1,-1,-0.01,-1,-1,-0.01,-1,-1,-0.01,-1,-1,-0.01,-1,-1,-0.01,-1,-1
99926009,2026-05-18 14:15:08+05:30,53481.7,0,0.0,0,0.0,0.0,53282.15,53619.2,52783.45,53710.35,0,0.0,0.0,0.0,0.0,-0.01,-1,-1,-0.01,-1,-1,-0.01,-1,-1,-0.01,-1,-1,-0.01,-1,-1,-0.01,-1,-1,-0.01,-1,-1,-0.01,-1,-1,-0.01,-1,-1,-0.01,-1,-1
99926009,2026-05-18 14:15:08+05:30,53482.25,0,0.0,0,0.0,0.0,53282.15,53619.2,52783.45,53710.35,0,0.0,0.0,0.0,0.0,-0.01,-1,-1,-0.01,-1,-1,-0.01,-1,-1,-0.01,-1,-1,-0.01,-1,-1,-0.01,-1,-1,-0.01,-1,-1,-0.01,-1,-1,-0.01,-1,-1,-0.01,-1,-1
99926009,2026-05-18 14:15:09+05:30,53479.1,0,0.0,0,0.0,0.0,53282.15,53619.2,52783.45,53710.35,0,0.0,0.0,0.0,0.0,-0.01,-1,-1,-0.01,-1,-1,-0.01,-1,-1,-0.01,-1,-1,-0.01,-1,-1,-0.01,-1,-1,-0.01,-1,-1,-0.01,-1,-1,-0.01,-1,-1,-0.01,-1,-1
99926009,2026-05-18 14:15:09+05:30,53484.55,0,0.0,0,0.0,0.0,53282.15,53619.2,52783.45,53710.35,0,0.0,0.0,0.0,0.0,-0.01,-1,-1,-0.01,-1,-1,-0.01,-1,-1,-0.01,-1,-1,-0.01,-1,-1,-0.01,-1,-1,-0.01,-1,-1,-0.01,-1,-1,-0.01,-1,-1,-0.01,-1,-1
99926009,2026-05-18 14:15:10+05:30,53482.45,0,0.0,0,0.0,0.0,53282.15,53619.2,52783.45,53710.35,0,0.0,0.0,0.0,0.0,-0.01,-1,-1,-0.01,-1,-1,-0.01,-1,-1,-0.01,-1,-1,-0.01,-1,-1,-0.01,-1,-1,-0.01,-1,-1,-0.01,-1,-1,-0.01,-1,-1,-0.01,-1,-1
99926009,2026-05-18 14:15:10+05:30,53483.4,0,0.0,0,0.0,0.0,53282.15,53619.2,52783.45,53710.35,0,0.0,0.0,0.0,0.0,-0.01,-1,-1,-0.01,-1,-1,-0.01,-1,-1,-0.01,-1,-1,-0.01,-1,-1,-0.01,-1,-1,-0.01,-1,-1,-0.01,-1,-1,-0.01,-1,-1,-0.01,-1,-1
99926009,2026-05-18 14:15:11+05:30,53485.35,0,0.0,0,0.0,0.0,53282.15,53619.2,52783.45,53710.35,0,0.0,0.0,0.0,0.0,-0.01,-1,-1,-0.01,-1,-1,-0.01,-1,-1,-0.01,-1,-1,-0.01,-1,-1,-0.01,-1,-1,-0.01,-1,-1,-0.01,-1,-1,-0.01,-1,-1,-0.01,-1,-1
99926009,2026-05-18 14:15:11+05:30,53486.85,0,0.0,0,0.0,0.0,53282.15,53619.2,52783.45,53710.35,0,0.0,0.0,0.0,0.0,-0.01,-1,-1,-0.01,-1,-1,-0.01,-1,-1,-0.01,-1,-1,-0.01,-1,-1,-0.01,-1,-1,-0.01,-1,-1,-0.01,-1,-1,-0.01,-1,-1,-0.01,-1,-1
99926009,2026-05-18 14:15:12+05:30,53482.8,0,0.0,0,0.0,0.0,53282.15,53619.2,52783.45,53710.35,0,0.0,0.0,0.0,0.0,-0.01,-1,-1,-0.01,-1,-1,-0.01,-1,-1,-0.01,-1,-1,-0.01,-1,-1,-0.01,-1,-1,-0.01,-1,-1,-0.01,-1,-1,-0.01,-1,-1,-0.01,-1,-1
99926009,2026-05-18 14:15:12+05:30,53479.55,0,0.0,0,0.0,0.0,53282.15,53619.2,52783.45,53710.35,0,0.0,0.0,0.0,0.0,-0.01,-1,-1,-0.01,-1,-1,-0.01,-1,-1,-0.01,-1,-1,-0.01,-1,-1,-0.01,-1,-1,-0.01,-1,-1,-0.01,-1,-1,-0.01,-1,-1,-0.01,-1,-1
99926009,2026-05-18 14:15:13+05:30,53482.05,0,0.0,0,0.0,0.0,53282.15,53619.2,52783.45,53710.35,0,0.0,0.0,0.0,0.0,-0.01,-1,-1,-0.01,-1,-1,-0.01,-1,-1,-0.01,-1,-1,-0.01,-1,-1,-0.01,-1,-1,-0.01,-1,-1,-0.01,-1,-1,-0.01,-1,-1,-0.01,-1,-1
99926009,2026-05-18 14:15:13+05:30,53482.95,0,0.0,0,0.0,0.0,53282.15,53619.2,52783.45,53710.35,0,0.0,0.0,0.0,0.0,-0.01,-1,-1,-0.01,-1,-1,-0.01,-1,-1,-0.01,-1,-1,-0.01,-1,-1,-0.01,-1,-1,-0.01,-1,-1,-0.01,-1,-1,-0.01,-1,-1,-0.01,-1,-1
99926009,2026-05-18 14:15:14+05:30,53478.8,0,0.0,0,0.0,0.0,53282.15,53619.2,52783.45,53710.35,0,0.0,0.0,0.0,0.0,-0.01,-1,-1,-0.01,-1,-1,-0.01,-1,-1,-0.01,-1,-1,-0.01,-1,-1,-0.01,-1,-1,-0.01,-1,-1,-0.01,-1,-1,-0.01,-1,-1,-0.01,-1,-1
99926009,2026-05-18 14:15:14+05:30,53483.7,0,0.0,0,0.0,0.0,53282.15,53619.2,52783.45,53710.35,0,0.0,0.0,0.0,0.0,-0.01,-1,-1,-0.01,-1,-1,-0.01,-1,-1,-0.01,-1,-1,-0.01,-1,-1,-0.01,-1,-1,-0.01,-1,-1,-0.01,-1,-1,-0.01,-1,-1,-0.01,-1,-1
99926009,2026-05-18 14:15:15+05:30,53481.55,0,0.0,0,0.0,0.0,53282.15,53619.2,52783.45,53710.35,0,0.0,0.0,0.0,0.0,-0.01,-1,-1,-0.01,-1,-1,-0.01,-1,-1,-0.01,-1,-1,-0.01,-1,-1,-0.01,-1,-1,-0.01,-1,-1,-0.01,-1,-1,-0.01,-1,-1,-0.01,-1,-1
99926009,2026-05-18 14:15:15+05:30,53482.65,0,0.0,0,0.0,0.0,53282.15,53619.2,52783.45,53710.35,0,0.0,0.0,0.0,0.0,-0.01,-1,-1,-0.01,-1,-1,-0.01,-1,-1,-0.01,-1,-1,-0.01,-1,-1,-0.01,-1,-1,-0.01,-1,-1,-0.01,-1,-1,-0.01,-1,-1,-0.01,-1,-1
99926009,2026-05-18 14:15:16+05:30,53478.2,0,0.0,0,0.0,0.0,53282.15,53619.2,52783.45,53710.35,0,0.0,0.0,0.0,0.0,-0.01,-1,-1,-0.01,-1,-1,-0.01,-1,-1,-0.01,-1,-1,-0.01,-1,-1,-0.01,-1,-1,-0.01,-1,-1,-0.01,-1,-1,-0.01,-1,-1,-0.01,-1,-1
99926009,2026-05-18 14:15:16+05:30,53478.65,0,0.0,0,0.0,0.0,53282.15,53619.2,52783.45,53710.35,0,0.0,0.0,0.0,0.0,-0.01,-1,-1,-0.01,-1,-1,-0.01,-1,-1,-0.01,-1,-1,-0.01,-1,-1,-0.01,-1,-1,-0.01,-1,-1,-0.01,-1,-1,-0.01,-1,-1,-0.01,-1,-1
99926009,2026-05-18 14:15:17+05:30,53480.8,0,0.0,0,0.0,0.0,53282.15,53619.2,52783.45,53710.35,0,0.0,0.0,0.0,0.0,-0.01,-1,-1,-0.01,-1,-1,-0.01,-1,-1,-0.01,-1,-1,-0.01,-1,-1,-0.01,-1,-1,-0.01,-1,-1,-0.01,-1,-1,-0.01,-1,-1,-0.01,-1,-1
99926009,2026-05-18 14:15:17+05:30,53478.7,0,0.0,0,0.0,0.0,53282.15,53619.2,52783.45,53710.35,0,0.0,0.0,0.0,0.0,-0.01,-1,-1,-0.01,-1,-1,-0.01,-1,-1,-0.01,-1,-1,-0.01,-1,-1,-0.01,-1,-1,-0.01,-1,-1,-0.01,-1,-1,-0.01,-1,-1,-0.01,-1,-1
99926009,2026-05-18 14:15:18+05:30,53479.1,0,0.0,0,0.0,0.0,53282.15,53619.2,52783.45,53710.35,0,0.0,0.0,0.0,0.0,-0.01,-1,-1,-0.01,-1,-1,-0.01,-1,-1,-0.01,-1,-1,-0.01,-1,-1,-0.01,-1,-1,-0.01,-1,-1,-0.01,-1,-1,-0.01,-1,-1,-0.01,-1,-1
99926009,2026-05-18 14:15:18+05:30,53478.8,0,0.0,0,0.0,0.0,53282.15,53619.2,52783.45,53710.35,0,0.0,0.0,0.0,0.0,-0.01,-1,-1,-0.01,-1,-1,-0.01,-1,-1,-0.01,-1,-1,-0.01,-1,-1,-0.01,-1,-1,-0.01,-1,-1,-0.01,-1,-1,-0.01,-1,-1,-0.01,-1,-1
99926009,2026-05-18 14:15:19+05:30,53478.45,0,0.0,0,0.0,0.0,53282.15,53619.2,52783.45,53710.35,0,0.0,0.0,0.0,0.0,-0.01,-1,-1,-0.01,-1,-1,-0.01,-1,-1,-0.01,-1,-1,-0.01,-1,-1,-0.01,-1,-1,-0.01,-1,-1,-0.01,-1,-1,-0.01,-1,-1,-0.01,-1,-1
99926009,2026-05-18 14:15:19+05:30,53478.75,0,0.0,0,0.0,0.0,53282.15,53619.2,52783.45,53710.35,0,0.0,0.0,0.0,0.0,-0.01,-1,-1,-0.01,-1,-1,-0.01,-1,-1,-0.01,-1,-1,-0.01,-1,-1,-0.01,-1,-1,-0.01,-1,-1,-0.01,-1,-1,-0.01,-1,-1,-0.01,-1,-1
99926009,2026-05-18 14:15:20+05:30,53475.9,0,0.0,0,0.0,0.0,53282.15,53619.2,52783.45,53710.35,0,0.0,0.0,0.0,0.0,-0.01,-1,-1,-0.01,-1,-1,-0.01,-1,-1,-0.01,-1,-1,-0.01,-1,-1,-0.01,-1,-1,-0.01,-1,-1,-0.01,-1,-1,-0.01,-1,-1,-0.01,-1,-1
99926009,2026-05-18 14:15:20+05:30,53479.85,0,0.0,0,0.0,0.0,53282.15,53619.2,52783.45,53710.35,0,0.0,0.0,0.0,0.0,-0.01,-1,-1,-0.01,-1,-1,-0.01,-1,-1,-0.01,-1,-1,-0.01,-1,-1,-0.01,-1,-1,-0.01,-1,-1,-0.01,-1,-1,-0.01,-1,-1,-0.01,-1,-1
99926009,2026-05-18 14:15:21+05:30,53477.0,0,0.0,0,0.0,0.0,53282.15,53619.2,52783.45,53710.35,0,0.0,0.0,0.0,0.0,-0.01,-1,-1,-0.01,-1,-1,-0.01,-1,-1,-0.01,-1,-1,-0.01,-1,-1,-0.01,-1,-1,-0.01,-1,-1,-0.01,-1,-1,-0.01,-1,-1,-0.01,-1,-1
99926009,2026-05-18 14:15:21+05:30,53480.3,0,0.0,0,0.0,0.0,53282.15,53619.2,52783.45,53710.35,0,0.0,0.0,0.0,0.0,-0.01,-1,-1,-0.01,-1,-1,-0.01,-1,-1,-0.01,-1,-1,-0.01,-1,-1,-0.01,-1,-1,-0.01,-1,-1,-0.01,-1,-1,-0.01,-1,-1,-0.01,-1,-1
99926009,2026-05-18 14:15:22+05:30,53482.1,0,0.0,0,0.0,0.0,53282.15,53619.2,52783.45,53710.35,0,0.0,0.0,0.0,0.0,-0.01,-1,-1,-0.01,-1,-1,-0.01,-1,-1,-0.01,-1,-1,-0.01,-1,-1,-0.01,-1,-1,-0.01,-1,-1,-0.01,-1,-1,-0.01,-1,-1,-0.01,-1,-1
99926009,2026-05-18 14:15:22+05:30,53481.85,0,0.0,0,0.0,0.0,53282.15,53619.2,52783.45,53710.35,0,0.0,0.0,0.0,0.0,-0.01,-1,-1,-0.01,-1,-1,-0.01,-1,-1,-0.01,-1,-1,-0.01,-1,-1,-0.01,-1,-1,-0.01,-1,-1,-0.01,-1,-1,-0.01,-1,-1,-0.01,-1,-1
99926009,2026-05-18 14:15:23+05:30,53478.5,0,0.0,0,0.0,0.0,53282.15,53619.2,52783.45,53710.35,0,0.0,0.0,0.0,0.0,-0.01,-1,-1,-0.01,-1,-1,-0.01,-1,-1,-0.01,-1,-1,-0.01,-1,-1,-0.01,-1,-1,-0.01,-1,-1,-0.01,-1,-1,-0.01,-1,-1,-0.01,-1,-1
99926009,2026-05-18 14:15:23+05:30,53476.45,0,0.0,0,0.0,0.0,53282.15,53619.2,52783.45,53710.35,0,0.0,0.0,0.0,0.0,-0.01,-1,-1,-0.01,-1,-1,-0.01,-1,-1,-0.01,-1,-1,-0.01,-1,-1,-0.01,-1,-1,-0.01,-1,-1,-0.01,-1,-1,-0.01,-1,-1,-0.01,-1,-1
99926009,2026-05-18 14:15:24+05:30,53474.9,0,0.0,0,0.0,0.0,53282.15,53619.2,52783.45,53710.35,0,0.0,0.0,0.0,0.0,-0.01,-1,-1,-0.01,-1,-1,-0.01,-1,-1,-0.01,-1,-1,-0.01,-1,-1,-0.01,-1,-1,-0.01,-1,-1,-0.01,-1,-1,-0.01,-1,-1,-0.01,-1,-1
99926009,2026-05-18 14:15:24+05:30,53473.85,0,0.0,0,0.0,0.0,53282.15,53619.2,52783.45,53710.35,0,0.0,0.0,0.0,0.0,-0.01,-1,-1,-0.01,-1,-1,-0.01,-1,-1,-0.01,-1,-1,-0.01,-1,-1,-0.01,-1,-1,-0.01,-1,-1,-0.01,-1,-1,-0.01,-1,-1,-0.01,-1,-1
99926009,2026-05-18 14:15:25+05:30,53476.35,0,0.0,0,0.0,0.0,53282.15,53619.2,52783.45,53710.35,0,0.0,0.0,0.0,0.0,-0.01,-1,-1,-0.01,-1,-1,-0.01,-1,-1,-0.01,-1,-1,-0.01,-1,-1,-0.01,-1,-1,-0.01,-1,-1,-0.01,-1,-1,-0.01,-1,-1,-0.01,-1,-1
99926009,2026-05-18 14:15:25+05:30,53483.6,0,0.0,0,0.0,0.0,53282.15,53619.2,52783.45,53710.35,0,0.0,0.0,0.0,0.0,-0.01,-1,-1,-0.01,-1,-1,-0.01,-1,-1,-0.01,-1,-1,-0.01,-1,-1,-0.01,-1,-1,-0.01,-1,-1,-0.01,-1,-1,-0.01,-1,-1,-0.01,-1,-1
99926009,2026-05-18 14:15:26+05:30,53481.1,0,0.0,0,0.0,0.0,53282.15,53619.2,52783.45,53710.35,0,0.0,0.0,0.0,0.0,-0.01,-1,-1,-0.01,-1,-1,-0.01,-1,-1,-0.01,-1,-1,-0.01,-1,-1,-0.01,-1,-1,-0.01,-1,-1,-0.01,-1,-1,-0.01,-1,-1,-0.01,-1,-1
99926009,2026-05-18 14:15:26+05:30,53478.5,0,0.0,0,0.0,0.0,53282.15,53619.2,52783.45,53710.35,0,0.0,0.0,0.0,0.0,-0.01,-1,-1,-0.01,-1,-1,-0.01,-1,-1,-0.01,-1,-1,-0.01,-1,-1,-0.01,-1,-1,-0.01,-1,-1,-0.01,-1,-1,-0.01,-1,-1,-0.01,-1,-1
99926009,2026-05-18 14:15:27+05:30,53479.65,0,0.0,0,0.0,0.0,53282.15,53619.2,52783.45,53710.35,0,0.0,0.0,0.0,0.0,-0.01,-1,-1,-0.01,-1,-1,-0.01,-1,-1,-0.01,-1,-1,-0.01,-1,-1,-0.01,-1,-1,-0.01,-1,-1,-0.01,-1,-1,-0.01,-1,-1,-0.01,-1,-1
99926009,2026-05-18 14:15:27+05:30,53482.1,0,0.0,0,0.0,0.0,53282.15,53619.2,52783.45,53710.35,0,0.0,0.0,0.0,0.0,-0.01,-1,-1,-0.01,-1,-1,-0.01,-1,-1,-0.01,-1,-1,-0.01,-1,-1,-0.01,-1,-1,-0.01,-1,-1,-0.01,-1,-1,-0.01,-1,-1,-0.01,-1,-1
99926009,2026-05-18 14:15:28+05:30,53478.2,0,0.0,0,0.0,0.0,53282.15,53619.2,52783.45,53710.35,0,0.0,0.0,0.0,0.0,-0.01,-1,-1,-0.01,-1,-1,-0.01,-1,-1,-0.01,-1,-1,-0.01,-1,-1,-0.01,-1,-1,-0.01,-1,-1,-0.01,-1,-1,-0.01,-1,-1,-0.01,-1,-1
99926009,2026-05-18 14:15:28+05:30,53479.5,0,0.0,0,0.0,0.0,53282.15,53619.2,52783.45,53710.35,0,0.0,0.0,0.0,0.0,-0.01,-1,-1,-0.01,-1,-1,-0.01,-1,-1,-0.01,-1,-1,-0.01,-1,-1,-0.01,-1,-1,-0.01,-1,-1,-0.01,-1,-1,-0.01,-1,-1,-0.01,-1,-1
99926009,2026-05-18 14:15:29+05:30,53483.3,0,0.0,0,0.0,0.0,53282.15,53619.2,52783.45,53710.35,0,0.0,0.0,0.0,0.0,-0.01,-1,-1,-0.01,-1,-1,-0.01,-1,-1,-0.01,-1,-1,-0.01,-1,-1,-0.01,-1,-1,-0.01,-1,-1,-0.01,-1,-1,-0.01,-1,-1,-0.01,-1,-1
99926009,2026-05-18 14:15:29+05:30,53481.95,0,0.0,0,0.0,0.0,53282.15,53619.2,52783.45,53710.35,0,0.0,0.0,0.0,0.0,-0.01,-1,-1,-0.01,-1,-1,-0.01,-1,-1,-0.01,-1,-1,-0.01,-1,-1,-0.01,-1,-1,-0.01,-1,-1,-0.01,-1,-1,-0.01,-1,-1,-0.01,-1,-1
99926009,2026-05-18 14:15:30+05:30,53482.15,0,0.0,0,0.0,0.0,53282.15,53619.2,52783.45,53710.35,0,0.0,0.0,0.0,0.0,-0.01,-1,-1,-0.01,-1,-1,-0.01,-1,-1,-0.01,-1,-1,-0.01,-1,-1,-0.01,-1,-1,-0.01,-1,-1,-0.01,-1,-1,-0.01,-1,-1,-0.01,-1,-1
99926009,2026-05-18 14:15:30+05:30,53483.85,0,0.0,0,0.0,0.0,53282.15,53619.2,52783.45,53710.35,0,0.0,0.0,0.0,0.0,-0.01,-1,-1,-0.01,-1,-1,-0.01,-1,-1,-0.01,-1,-1,-0.01,-1,-1,-0.01,-1,-1,-0.01,-1,-1,-0.01,-1,-1,-0.01,-1,-1,-0.01,-1,-1
99926009,2026-05-18 14:15:31+05:30,53484.75,0,0.0,0,0.0,0.0,53282.15,53619.2,52783.45,53710.35,0,0.0,0.0,0.0,0.0,-0.01,-1,-1,-0.01,-1,-1,-0.01,-1,-1,-0.01,-1,-1,-0.01,-1,-1,-0.01,-1,-1,-0.01,-1,-1,-0.01,-1,-1,-0.01,-1,-1,-0.01,-1,-1
99926009,2026-05-18 14:15:31+05:30,53484.6,0,0.0,0,0.0,0.0,53282.15,53619.2,52783.45,53710.35,0,0.0,0.0,0.0,0.0,-0.01,-1,-1,-0.01,-1,-1,-0.01,-1,-1,-0.01,-1,-1,-0.01,-1,-1,-0.01,-1,-1,-0.01,-1,-1,-0.01,-1,-1,-0.01,-1,-1,-0.01,-1,-1
99926009,2026-05-18 14:15:32+05:30,53484.1,0,0.0,0,0.0,0.0,53282.15,53619.2,52783.45,53710.35,0,0.0,0.0,0.0,0.0,-0.01,-1,-1,-0.01,-1,-1,-0.01,-1,-1,-0.01,-1,-1,-0.01,-1,-1,-0.01,-1,-1,-0.01,-1,-1,-0.01,-1,-1,-0.01,-1,-1,-0.01,-1,-1
99926009,2026-05-18 14:15:32+05:30,53484.75,0,0.0,0,0.0,0.0,53282.15,53619.2,52783.45,53710.35,0,0.0,0.0,0.0,0.0,-0.01,-1,-1,-0.01,-1,-1,-0.01,-1,-1,-0.01,-1,-1,-0.01,-1,-1,-0.01,-1,-1,-0.01,-1,-1,-0.01,-1,-1,-0.01,-1,-1,-0.01,-1,-1
99926009,2026-05-18 14:15:33+05:30,53488.05,0,0.0,0,0.0,0.0,53282.15,53619.2,52783.45,53710.35,0,0.0,0.0,0.0,0.0,-0.01,-1,-1,-0.01,-1,-1,-0.01,-1,-1,-0.01,-1,-1,-0.01,-1,-1,-0.01,-1,-1,-0.01,-1,-1,-0.01,-1,-1,-0.01,-1,-1,-0.01,-1,-1
99926009,2026-05-18 14:15:33+05:30,53488.5,0,0.0,0,0.0,0.0,53282.15,53619.2,52783.45,53710.35,0,0.0,0.0,0.0,0.0,-0.01,-1,-1,-0.01,-1,-1,-0.01,-1,-1,-0.01,-1,-1,-0.01,-1,-1,-0.01,-1,-1,-0.01,-1,-1,-0.01,-1,-1,-0.01,-1,-1,-0.01,-1,-1
99926009,2026-05-18 14:15:34+05:30,53487.0,0,0.0,0,0.0,0.0,53282.15,53619.2,52783.45,53710.35,0,0.0,0.0,0.0,0.0,-0.01,-1,-1,-0.01,-1,-1,-0.01,-1,-1,-0.01,-1,-1,-0.01,-1,-1,-0.01,-1,-1,-0.01,-1,-1,-0.01,-1,-1,-0.01,-1,-1,-0.01,-1,-1
99926009,2026-05-18 14:15:34+05:30,53486.05,0,0.0,0,0.0,0.0,53282.15,53619.2,52783.45,53710.35,0,0.0,0.0,0.0,0.0,-0.01,-1,-1,-0.01,-1,-1,-0.01,-1,-1,-0.01,-1,-1,-0.01,-1,-1,-0.01,-1,-1,-0.01,-1,-1,-0.01,-1,-1,-0.01,-1,-1,-0.01,-1,-1
99926009,2026-05-18 14:15:35+05:30,53485.9,0,0.0,0,0.0,0.0,53282.15,53619.2,52783.45,53710.35,0,0.0,0.0,0.0,0.0,-0.01,-1,-1,-0.01,-1,-1,-0.01,-1,-1,-0.01,-1,-1,-0.01,-1,-1,-0.01,-1,-1,-0.01,-1,-1,-0.01,-1,-1,-0.01,-1,-1,-0.01,-1,-1
99926009,2026-05-18 14:15:35+05:30,53487.2,0,0.0,0,0.0,0.0,53282.15,53619.2,52783.45,53710.35,0,0.0,0.0,0.0,0.0,-0.01,-1,-1,-0.01,-1,-1,-0.01,-1,-1,-0.01,-1,-1,-0.01,-1,-1,-0.01,-1,-1,-0.01,-1,-1,-0.01,-1,-1,-0.01,-1,-1,-0.01,-1,-1
99926009,2026-05-18 14:15:36+05:30,53488.25,0,0.0,0,0.0,0.0,53282.15,53619.2,52783.45,53710.35,0,0.0,0.0,0.0,0.0,-0.01,-1,-1,-0.01,-1,-1,-0.01,-1,-1,-0.01,-1,-1,-0.01,-1,-1,-0.01,-1,-1,-0.01,-1,-1,-0.01,-1,-1,-0.01,-1,-1,-0.01,-1,-1
99926009,2026-05-18 14:15:36+05:30,53492.2,0,0.0,0,0.0,0.0,53282.15,53619.2,52783.45,53710.35,0,0.0,0.0,0.0,0.0,-0.01,-1,-1,-0.01,-1,-1,-0.01,-1,-1,-0.01,-1,-1,-0.01,-1,-1,-0.01,-1,-1,-0.01,-1,-1,-0.01,-1,-1,-0.01,-1,-1,-0.01,-1,-1
99926009,2026-05-18 14:15:37+05:30,53495.35,0,0.0,0,0.0,0.0,53282.15,53619.2,52783.45,53710.35,0,0.0,0.0,0.0,0.0,-0.01,-1,-1,-0.01,-1,-1,-0.01,-1,-1,-0.01,-1,-1,-0.01,-1,-1,-0.01,-1,-1,-0.01,-1,-1,-0.01,-1,-1,-0.01,-1,-1,-0.01,-1,-1
99926009,2026-05-18 14:15:37+05:30,53495.5,0,0.0,0,0.0,0.0,53282.15,53619.2,52783.45,53710.35,0,0.0,0.0,0.0,0.0,-0.01,-1,-1,-0.01,-1,-1,-0.01,-1,-1,-0.01,-1,-1,-0.01,-1,-1,-0.01,-1,-1,-0.01,-1,-1,-0.01,-1,-1,-0.01,-1,-1,-0.01,-1,-1
99926009,2026-05-18 14:15:38+05:30,53496.05,0,0.0,0,0.0,0.0,53282.15,53619.2,52783.45,53710.35,0,0.0,0.0,0.0,0.0,-0.01,-1,-1,-0.01,-1,-1,-0.01,-1,-1,-0.01,-1,-1,-0.01,-1,-1,-0.01,-1,-1,-0.01,-1,-1,-0.01,-1,-1,-0.01,-1,-1,-0.01,-1,-1
99926009,2026-05-18 14:15:38+05:30,53497.0,0,0.0,0,0.0,0.0,53282.15,53619.2,52783.45,53710.35,0,0.0,0.0,0.0,0.0,-0.01,-1,-1,-0.01,-1,-1,-0.01,-1,-1,-0.01,-1,-1,-0.01,-1,-1,-0.01,-1,-1,-0.01,-1,-1,-0.01,-1,-1,-0.01,-1,-1,-0.01,-1,-1
99926009,2026-05-18 14:15:39+05:30,53497.0,0,0.0,0,0.0,0.0,53282.15,53619.2,52783.45,53710.35,0,0.0,0.0,0.0,0.0,-0.01,-1,-1,-0.01,-1,-1,-0.01,-1,-1,-0.01,-1,-1,-0.01,-1,-1,-0.01,-1,-1,-0.01,-1,-1,-0.01,-1,-1,-0.01,-1,-1,-0.01,-1,-1
99926009,2026-05-18 14:15:39+05:30,53500.75,0,0.0,0,0.0,0.0,53282.15,53619.2,52783.45,53710.35,0,0.0,0.0,0.0,0.0,-0.01,-1,-1,-0.01,-1,-1,-0.01,-1,-1,-0.01,-1,-1,-0.01,-1,-1,-0.01,-1,-1,-0.01,-1,-1,-0.01,-1,-1,-0.01,-1,-1,-0.01,-1,-1
99926009,2026-05-18 14:15:40+05:30,53497.15,0,0.0,0,0.0,0.0,53282.15,53619.2,52783.45,53710.35,0,0.0,0.0,0.0,0.0,-0.01,-1,-1,-0.01,-1,-1,-0.01,-1,-1,-0.01,-1,-1,-0.01,-1,-1,-0.01,-1,-1,-0.01,-1,-1,-0.01,-1,-1,-0.01,-1,-1,-0.01,-1,-1
99926009,2026-05-18 14:15:40+05:30,53499.85,0,0.0,0,0.0,0.0,53282.15,53619.2,52783.45,53710.35,0,0.0,0.0,0.0,0.0,-0.01,-1,-1,-0.01,-1,-1,-0.01,-1,-1,-0.01,-1,-1,-0.01,-1,-1,-0.01,-1,-1,-0.01,-1,-1,-0.01,-1,-1,-0.01,-1,-1,-0.01,-1,-1
99926009,2026-05-18 14:15:41+05:30,53497.75,0,0.0,0,0.0,0.0,53282.15,53619.2,52783.45,53710.35,0,0.0,0.0,0.0,0.0,-0.01,-1,-1,-0.01,-1,-1,-0.01,-1,-1,-0.01,-1,-1,-0.01,-1,-1,-0.01,-1,-1,-0.01,-1,-1,-0.01,-1,-1,-0.01,-1,-1,-0.01,-1,-1
99926009,2026-05-18 14:15:41+05:30,53499.75,0,0.0,0,0.0,0.0,53282.15,53619.2,52783.45,53710.35,0,0.0,0.0,0.0,0.0,-0.01,-1,-1,-0.01,-1,-1,-0.01,-1,-1,-0.01,-1,-1,-0.01,-1,-1,-0.01,-1,-1,-0.01,-1,-1,-0.01,-1,-1,-0.01,-1,-1,-0.01,-1,-1
99926009,2026-05-18 14:15:42+05:30,53500.3,0,0.0,0,0.0,0.0,53282.15,53619.2,52783.45,53710.35,0,0.0,0.0,0.0,0.0,-0.01,-1,-1,-0.01,-1,-1,-0.01,-1,-1,-0.01,-1,-1,-0.01,-1,-1,-0.01,-1,-1,-0.01,-1,-1,-0.01,-1,-1,-0.01,-1,-1,-0.01,-1,-1
99926009,2026-05-18 14:15:42+05:30,53497.55,0,0.0,0,0.0,0.0,53282.15,53619.2,52783.45,53710.35,0,0.0,0.0,0.0,0.0,-0.01,-1,-1,-0.01,-1,-1,-0.01,-1,-1,-0.01,-1,-1,-0.01,-1,-1,-0.01,-1,-1,-0.01,-1,-1,-0.01,-1,-1,-0.01,-1,-1,-0.01,-1,-1
99926009,2026-05-18 14:15:43+05:30,53497.45,0,0.0,0,0.0,0.0,53282.15,53619.2,52783.45,53710.35,0,0.0,0.0,0.0,0.0,-0.01,-1,-1,-0.01,-1,-1,-0.01,-1,-1,-0.01,-1,-1,-0.01,-1,-1,-0.01,-1,-1,-0.01,-1,-1,-0.01,-1,-1,-0.01,-1,-1,-0.01,-1,-1
99926009,2026-05-18 14:15:43+05:30,53499.55,0,0.0,0,0.0,0.0,53282.15,53619.2,52783.45,53710.35,0,0.0,0.0,0.0,0.0,-0.01,-1,-1,-0.01,-1,-1,-0.01,-1,-1,-0.01,-1,-1,-0.01,-1,-1,-0.01,-1,-1,-0.01,-1,-1,-0.01,-1,-1,-0.01,-1,-1,-0.01,-1,-1
99926009,2026-05-18 14:15:44+05:30,53504.25,0,0.0,0,0.0,0.0,53282.15,53619.2,52783.45,53710.35,0,0.0,0.0,0.0,0.0,-0.01,-1,-1,-0.01,-1,-1,-0.01,-1,-1,-0.01,-1,-1,-0.01,-1,-1,-0.01,-1,-1,-0.01,-1,-1,-0.01,-1,-1,-0.01,-1,-1,-0.01,-1,-1
99926009,2026-05-18 14:15:44+05:30,53504.8,0,0.0,0,0.0,0.0,53282.15,53619.2,52783.45,53710.35,0,0.0,0.0,0.0,0.0,-0.01,-1,-1,-0.01,-1,-1,-0.01,-1,-1,-0.01,-1,-1,-0.01,-1,-1,-0.01,-1,-1,-0.01,-1,-1,-0.01,-1,-1,-0.01,-1,-1,-0.01,-1,-1
99926009,2026-05-18 14:15:45+05:30,53508.3,0,0.0,0,0.0,0.0,53282.15,53619.2,52783.45,53710.35,0,0.0,0.0,0.0,0.0,-0.01,-1,-1,-0.01,-1,-1,-0.01,-1,-1,-0.01,-1,-1,-0.01,-1,-1,-0.01,-1,-1,-0.01,-1,-1,-0.01,-1,-1,-0.01,-1,-1,-0.01,-1,-1
99926009,2026-05-18 14:15:45+05:30,53513.1,0,0.0,0,0.0,0.0,53282.15,53619.2,52783.45,53710.35,0,0.0,0.0,0.0,0.0,-0.01,-1,-1,-0.01,-1,-1,-0.01,-1,-1,-0.01,-1,-1,-0.01,-1,-1,-0.01,-1,-1,-0.01,-1,-1,-0.01,-1,-1,-0.01,-1,-1,-0.01,-1,-1
99926009,2026-05-18 14:15:46+05:30,53511.7,0,0.0,0,0.0,0.0,53282.15,53619.2,52783.45,53710.35,0,0.0,0.0,0.0,0.0,-0.01,-1,-1,-0.01,-1,-1,-0.01,-1,-1,-0.01,-1,-1,-0.01,-1,-1,-0.01,-1,-1,-0.01,-1,-1,-0.01,-1,-1,-0.01,-1,-1,-0.01,-1,-1
99926009,2026-05-18 14:15:46+05:30,53511.95,0,0.0,0,0.0,0.0,53282.15,53619.2,52783.45,53710.35,0,0.0,0.0,0.0,0.0,-0.01,-1,-1,-0.01,-1,-1,-0.01,-1,-1,-0.01,-1,-1,-0.01,-1,-1,-0.01,-1,-1,-0.01,-1,-1,-0.01,-1,-1,-0.01,-1,-1,-0.01,-1,-1
99926009,2026-05-18 14:15:47+05:30,53512.85,0,0.0,0,0.0,0.0,53282.15,53619.2,52783.45,53710.35,0,0.0,0.0,0.0,0.0,-0.01,-1,-1,-0.01,-1,-1,-0.01,-1,-1,-0.01,-1,-1,-0.01,-1,-1,-0.01,-1,-1,-0.01,-1,-1,-0.01,-1,-1,-0.01,-1,-1,-0.01,-1,-1
99926009,2026-05-18 14:15:47+05:30,53514.1,0,0.0,0,0.0,0.0,53282.15,53619.2,52783.45,53710.35,0,0.0,0.0,0.0,0.0,-0.01,-1,-1,-0.01,-1,-1,-0.01,-1,-1,-0.01,-1,-1,-0.01,-1,-1,-0.01,-1,-1,-0.01,-1,-1,-0.01,-1,-1,-0.01,-1,-1,-0.01,-1,-1
99926009,2026-05-18 14:15:48+05:30,53510.95,0,0.0,0,0.0,0.0,53282.15,53619.2,52783.45,53710.35,0,0.0,0.0,0.0,0.0,-0.01,-1,-1,-0.01,-1,-1,-0.01,-1,-1,-0.01,-1,-1,-0.01,-1,-1,-0.01,-1,-1,-0.01,-1,-1,-0.01,-1,-1,-0.01,-1,-1,-0.01,-1,-1
99926009,2026-05-18 14:15:48+05:30,53512.8,0,0.0,0,0.0,0.0,53282.15,53619.2,52783.45,53710.35,0,0.0,0.0,0.0,0.0,-0.01,-1,-1,-0.01,-1,-1,-0.01,-1,-1,-0.01,-1,-1,-0.01,-1,-1,-0.01,-1,-1,-0.01,-1,-1,-0.01,-1,-1,-0.01,-1,-1,-0.01,-1,-1
99926009,2026-05-18 14:15:49+05:30,53510.5,0,0.0,0,0.0,0.0,53282.15,53619.2,52783.45,53710.35,0,0.0,0.0,0.0,0.0,-0.01,-1,-1,-0.01,-1,-1,-0.01,-1,-1,-0.01,-1,-1,-0.01,-1,-1,-0.01,-1,-1,-0.01,-1,-1,-0.01,-1,-1,-0.01,-1,-1,-0.01,-1,-1
99926009,2026-05-18 14:15:49+05:30,53513.45,0,0.0,0,0.0,0.0,53282.15,53619.2,52783.45,53710.35,0,0.0,0.0,0.0,0.0,-0.01,-1,-1,-0.01,-1,-1,-0.01,-1,-1,-0.01,-1,-1,-0.01,-1,-1,-0.01,-1,-1,-0.01,-1,-1,-0.01,-1,-1,-0.01,-1,-1,-0.01,-1,-1
99926009,2026-05-18 14:15:50+05:30,53512.6,0,0.0,0,0.0,0.0,53282.15,53619.2,52783.45,53710.35,0,0.0,0.0,0.0,0.0,-0.01,-1,-1,-0.01,-1,-1,-0.01,-1,-1,-0.01,-1,-1,-0.01,-1,-1,-0.01,-1,-1,-0.01,-1,-1,-0.01,-1,-1,-0.01,-1,-1,-0.01,-1,-1
99926009,2026-05-18 14:15:50+05:30,53513.1,0,0.0,0,0.0,0.0,53282.15,53619.2,52783.45,53710.35,0,0.0,0.0,0.0,0.0,-0.01,-1,-1,-0.01,-1,-1,-0.01,-1,-1,-0.01,-1,-1,-0.01,-1,-1,-0.01,-1,-1,-0.01,-1,-1,-0.01,-1,-1,-0.01,-1,-1,-0.01,-1,-1
99926009,2026-05-18 14:15:51+05:30,53513.45,0,0.0,0,0.0,0.0,53282.15,53619.2,52783.45,53710.35,0,0.0,0.0,0.0,0.0,-0.01,-1,-1,-0.01,-1,-1,-0.01,-1,-1,-0.01,-1,-1,-0.01,-1,-1,-0.01,-1,-1,-0.01,-1,-1,-0.01,-1,-1,-0.01,-1,-1,-0.01,-1,-1
99926009,2026-05-18 14:15:51+05:30,53516.9,0,0.0,0,0.0,0.0,53282.15,53619.2,52783.45,53710.35,0,0.0,0.0,0.0,0.0,-0.01,-1,-1,-0.01,-1,-1,-0.01,-1,-1,-0.01,-1,-1,-0.01,-1,-1,-0.01,-1,-1,-0.01,-1,-1,-0.01,-1,-1,-0.01,-1,-1,-0.01,-1,-1
99926009,2026-05-18 14:15:52+05:30,53512.7,0,0.0,0,0.0,0.0,53282.15,53619.2,52783.45,53710.35,0,0.0,0.0,0.0,0.0,-0.01,-1,-1,-0.01,-1,-1,-0.01,-1,-1,-0.01,-1,-1,-0.01,-1,-1,-0.01,-1,-1,-0.01,-1,-1,-0.01,-1,-1,-0.01,-1,-1,-0.01,-1,-1
99926009,2026-05-18 14:15:52+05:30,53514.15,0,0.0,0,0.0,0.0,53282.15,53619.2,52783.45,53710.35,0,0.0,0.0,0.0,0.0,-0.01,-1,-1,-0.01,-1,-1,-0.01,-1,-1,-0.01,-1,-1,-0.01,-1,-1,-0.01,-1,-1,-0.01,-1,-1,-0.01,-1,-1,-0.01,-1,-1,-0.01,-1,-1
99926009,2026-05-18 14:15:53+05:30,53512.7,0,0.0,0,0.0,0.0,53282.15,53619.2,52783.45,53710.35,0,0.0,0.0,0.0,0.0,-0.01,-1,-1,-0.01,-1,-1,-0.01,-1,-1,-0.01,-1,-1,-0.01,-1,-1,-0.01,-1,-1,-0.01,-1,-1,-0.01,-1,-1,-0.01,-1,-1,-0.01,-1,-1
99926009,2026-05-18 14:15:53+05:30,53515.4,0,0.0,0,0.0,0.0,53282.15,53619.2,52783.45,53710.35,0,0.0,0.0,0.0,0.0,-0.01,-1,-1,-0.01,-1,-1,-0.01,-1,-1,-0.01,-1,-1,-0.01,-1,-1,-0.01,-1,-1,-0.01,-1,-1,-0.01,-1,-1,-0.01,-1,-1,-0.01,-1,-1
99926009,2026-05-18 14:15:54+05:30,53513.55,0,0.0,0,0.0,0.0,53282.15,53619.2,52783.45,53710.35,0,0.0,0.0,0.0,0.0,-0.01,-1,-1,-0.01,-1,-1,-0.01,-1,-1,-0.01,-1,-1,-0.01,-1,-1,-0.01,-1,-1,-0.01,-1,-1,-0.01,-1,-1,-0.01,-1,-1,-0.01,-1,-1
99926009,2026-05-18 14:15:54+05:30,53515.3,0,0.0,0,0.0,0.0,53282.15,53619.2,52783.45,53710.35,0,0.0,0.0,0.0,0.0,-0.01,-1,-1,-0.01,-1,-1,-0.01,-1,-1,-0.01,-1,-1,-0.01,-1,-1,-0.01,-1,-1,-0.01,-1,-1,-0.01,-1,-1,-0.01,-1,-1,-0.01,-1,-1
99926009,2026-05-18 14:15:55+05:30,53517.2,0,0.0,0,0.0,0.0,53282.15,53619.2,52783.45,53710.35,0,0.0,0.0,0.0,0.0,-0.01,-1,-1,-0.01,-1,-1,-0.01,-1,-1,-0.01,-1,-1,-0.01,-1,-1,-0.01,-1,-1,-0.01,-1,-1,-0.01,-1,-1,-0.01,-1,-1,-0.01,-1,-1
99926009,2026-05-18 14:15:55+05:30,53518.75,0,0.0,0,0.0,0.0,53282.15,53619.2,52783.45,53710.35,0,0.0,0.0,0.0,0.0,-0.01,-1,-1,-0.01,-1,-1,-0.01,-1,-1,-0.01,-1,-1,-0.01,-1,-1,-0.01,-1,-1,-0.01,-1,-1,-0.01,-1,-1,-0.01,-1,-1,-0.01,-1,-1
99926009,2026-05-18 14:15:56+05:30,53520.45,0,0.0,0,0.0,0.0,53282.15,53619.2,52783.45,53710.35,0,0.0,0.0,0.0,0.0,-0.01,-1,-1,-0.01,-1,-1,-0.01,-1,-1,-0.01,-1,-1,-0.01,-1,-1,-0.01,-1,-1,-0.01,-1,-1,-0.01,-1,-1,-0.01,-1,-1,-0.01,-1,-1
99926009,2026-05-18 14:15:56+05:30,53515.65,0,0.0,0,0.0,0.0,53282.15,53619.2,52783.45,53710.35,0,0.0,0.0,0.0,0.0,-0.01,-1,-1,-0.01,-1,-1,-0.01,-1,-1,-0.01,-1,-1,-0.01,-1,-1,-0.01,-1,-1,-0.01,-1,-1,-0.01,-1,-1,-0.01,-1,-1,-0.01,-1,-1
99926009,2026-05-18 14:15:57+05:30,53518.2,0,0.0,0,0.0,0.0,53282.15,53619.2,52783.45,53710.35,0,0.0,0.0,0.0,0.0,-0.01,-1,-1,-0.01,-1,-1,-0.01,-1,-1,-0.01,-1,-1,-0.01,-1,-1,-0.01,-1,-1,-0.01,-1,-1,-0.01,-1,-1,-0.01,-1,-1,-0.01,-1,-1
99926009,2026-05-18 14:15:57+05:30,53518.85,0,0.0,0,0.0,0.0,53282.15,53619.2,52783.45,53710.35,0,0.0,0.0,0.0,0.0,-0.01,-1,-1,-0.01,-1,-1,-0.01,-1,-1,-0.01,-1,-1,-0.01,-1,-1,-0.01,-1,-1,-0.01,-1,-1,-0.01,-1,-1,-0.01,-1,-1,-0.01,-1,-1
99926009,2026-05-18 14:15:58+05:30,53516.4,0,0.0,0,0.0,0.0,53282.15,53619.2,52783.45,53710.35,0,0.0,0.0,0.0,0.0,-0.01,-1,-1,-0.01,-1,-1,-0.01,-1,-1,-0.01,-1,-1,-0.01,-1,-1,-0.01,-1,-1,-0.01,-1,-1,-0.01,-1,-1,-0.01,-1,-1,-0.01,-1,-1
99926009,2026-05-18 14:15:58+05:30,53515.2,0,0.0,0,0.0,0.0,53282.15,53619.2,52783.45,53710.35,0,0.0,0.0,0.0,0.0,-0.01,-1,-1,-0.01,-1,-1,-0.01,-1,-1,-0.01,-1,-1,-0.01,-1,-1,-0.01,-1,-1,-0.01,-1,-1,-0.01,-1,-1,-0.01,-1,-1,-0.01,-1,-1
99926009,2026-05-18 14:15:59+05:30,53515.9,0,0.0,0,0.0,0.0,53282.15,53619.2,52783.45,53710.35,0,0.0,0.0,0.0,0.0,-0.01,-1,-1,-0.01,-1,-1,-0.01,-1,-1,-0.01,-1,-1,-0.01,-1,-1,-0.01,-1,-1,-0.01,-1,-1,-0.01,-1,-1,-0.01,-1,-1,-0.01,-1,-1
99926009,2026-05-18 14:15:59+05:30,53516.4,0,0.0,0,0.0,0.0,53282.15,53619.2,52783.45,53710.35,0,0.0,0.0,0.0,0.0,-0.01,-1,-1,-0.01,-1,-1,-0.01,-1,-1,-0.01,-1,-1,-0.01,-1,-1,-0.01,-1,-1,-0.01,-1,-1,-0.01,-1,-1,-0.01,-1,-1,-0.01,-1,-1
99926009,2026-05-18 14:16:00+05:30,53515.75,0,0.0,0,0.0,0.0,53282.15,53619.2,52783.45,53710.35,0,0.0,0.0,0.0,0.0,-0.01,-1,-1,-0.01,-1,-1,-0.01,-1,-1,-0.01,-1,-1,-0.01,-1,-1,-0.01,-1,-1,-0.01,-1,-1,-0.01,-1,-1,-0.01,-1,-1,-0.01,-1,-1
99926009,2026-05-18 14:16:00+05:30,53517.5,0,0.0,0,0.0,0.0,53282.15,53619.2,52783.45,53710.35,0,0.0,0.0,0.0,0.0,-0.01,-1,-1,-0.01,-1,-1,-0.01,-1,-1,-0.01,-1,-1,-0.01,-1,-1,-0.01,-1,-1,-0.01,-1,-1,-0.01,-1,-1,-0.01,-1,-1,-0.01,-1,-1
99926009,2026-05-18 14:16:01+05:30,53512.0,0,0.0,0,0.0,0.0,53282.15,53619.2,52783.45,53710.35,0,0.0,0.0,0.0,0.0,-0.01,-1,-1,-0.01,-1,-1,-0.01,-1,-1,-0.01,-1,-1,-0.01,-1,-1,-0.01,-1,-1,-0.01,-1,-1,-0.01,-1,-1,-0.01,-1,-1,-0.01,-1,-1
99926009,2026-05-18 14:16:01+05:30,53511.75,0,0.0,0,0.0,0.0,53282.15,53619.2,52783.45,53710.35,0,0.0,0.0,0.0,0.0,-0.01,-1,-1,-0.01,-1,-1,-0.01,-1,-1,-0.01,-1,-1,-0.01,-1,-1,-0.01,-1,-1,-0.01,-1,-1,-0.01,-1,-1,-0.01,-1,-1,-0.01,-1,-1
99926009,2026-05-18 14:16:02+05:30,53513.55,0,0.0,0,0.0,0.0,53282.15,53619.2,52783.45,53710.35,0,0.0,0.0,0.0,0.0,-0.01,-1,-1,-0.01,-1,-1,-0.01,-1,-1,-0.01,-1,-1,-0.01,-1,-1,-0.01,-1,-1,-0.01,-1,-1,-0.01,-1,-1,-0.01,-1,-1,-0.01,-1,-1
99926009,2026-05-18 14:16:02+05:30,53512.7,0,0.0,0,0.0,0.0,53282.15,53619.2,52783.45,53710.35,0,0.0,0.0,0.0,0.0,-0.01,-1,-1,-0.01,-1,-1,-0.01,-1,-1,-0.01,-1,-1,-0.01,-1,-1,-0.01,-1,-1,-0.01,-1,-1,-0.01,-1,-1,-0.01,-1,-1,-0.01,-1,-1
99926009,2026-05-18 14:16:03+05:30,53514.25,0,0.0,0,0.0,0.0,53282.15,53619.2,52783.45,53710.35,0,0.0,0.0,0.0,0.0,-0.01,-1,-1,-0.01,-1,-1,-0.01,-1,-1,-0.01,-1,-1,-0.01,-1,-1,-0.01,-1,-1,-0.01,-1,-1,-0.01,-1,-1,-0.01,-1,-1,-0.01,-1,-1
99926009,2026-05-18 14:16:03+05:30,53514.05,0,0.0,0,0.0,0.0,53282.15,53619.2,52783.45,53710.35,0,0.0,0.0,0.0,0.0,-0.01,-1,-1,-0.01,-1,-1,-0.01,-1,-1,-0.01,-1,-1,-0.01,-1,-1,-0.01,-1,-1,-0.01,-1,-1,-0.01,-1,-1,-0.01,-1,-1,-0.01,-1,-1
99926009,2026-05-18 14:16:04+05:30,53511.4,0,0.0,0,0.0,0.0,53282.15,53619.2,52783.45,53710.35,0,0.0,0.0,0.0,0.0,-0.01,-1,-1,-0.01,-1,-1,-0.01,-1,-1,-0.01,-1,-1,-0.01,-1,-1,-0.01,-1,-1,-0.01,-1,-1,-0.01,-1,-1,-0.01,-1,-1,-0.01,-1,-1
99926009,2026-05-18 14:16:04+05:30,53512.8,0,0.0,0,0.0,0.0,53282.15,53619.2,52783.45,53710.35,0,0.0,0.0,0.0,0.0,-0.01,-1,-1,-0.01,-1,-1,-0.01,-1,-1,-0.01,-1,-1,-0.01,-1,-1,-0.01,-1,-1,-0.01,-1,-1,-0.01,-1,-1,-0.01,-1,-1,-0.01,-1,-1
99926009,2026-05-18 14:16:05+05:30,53513.55,0,0.0,0,0.0,0.0,53282.15,53619.2,52783.45,53710.35,0,0.0,0.0,0.0,0.0,-0.01,-1,-1,-0.01,-1,-1,-0.01,-1,-1,-0.01,-1,-1,-0.01,-1,-1,-0.01,-1,-1,-0.01,-1,-1,-0.01,-1,-1,-0.01,-1,-1,-0.01,-1,-1
99926009,2026-05-18 14:16:05+05:30,53511.0,0,0.0,0,0.0,0.0,53282.15,53619.2,52783.45,53710.35,0,0.0,0.0,0.0,0.0,-0.01,-1,-1,-0.01,-1,-1,-0.01,-1,-1,-0.01,-1,-1,-0.01,-1,-1,-0.01,-1,-1,-0.01,-1,-1,-0.01,-1,-1,-0.01,-1,-1,-0.01,-1,-1
99926009,2026-05-18 14:16:06+05:30,53513.6,0,0.0,0,0.0,0.0,53282.15,53619.2,52783.45,53710.35,0,0.0,0.0,0.0,0.0,-0.01,-1,-1,-0.01,-1,-1,-0.01,-1,-1,-0.01,-1,-1,-0.01,-1,-1,-0.01,-1,-1,-0.01,-1,-1,-0.01,-1,-1,-0.01,-1,-1,-0.01,-1,-1
99926009,2026-05-18 14:16:06+05:30,53517.95,0,0.0,0,0.0,0.0,53282.15,53619.2,52783.45,53710.35,0,0.0,0.0,0.0,0.0,-0.01,-1,-1,-0.01,-1,-1,-0.01,-1,-1,-0.01,-1,-1,-0.01,-1,-1,-0.01,-1,-1,-0.01,-1,-1,-0.01,-1,-1,-0.01,-1,-1,-0.01,-1,-1
99926009,2026-05-18 14:16:07+05:30,53518.4,0,0.0,0,0.0,0.0,53282.15,53619.2,52783.45,53710.35,0,0.0,0.0,0.0,0.0,-0.01,-1,-1,-0.01,-1,-1,-0.01,-1,-1,-0.01,-1,-1,-0.01,-1,-1,-0.01,-1,-1,-0.01,-1,-1,-0.01,-1,-1,-0.01,-1,-1,-0.01,-1,-1
99926009,2026-05-18 14:16:07+05:30,53520.1,0,0.0,0,0.0,0.0,53282.15,53619.2,52783.45,53710.35,0,0.0,0.0,0.0,0.0,-0.01,-1,-1,-0.01,-1,-1,-0.01,-1,-1,-0.01,-1,-1,-0.01,-1,-1,-0.01,-1,-1,-0.01,-1,-1,-0.01,-1,-1,-0.01,-1,-1,-0.01,-1,-1
99926009,2026-05-18 14:16:08+05:30,53520.4,0,0.0,0,0.0,0.0,53282.15,53619.2,52783.45,53710.35,0,0.0,0.0,0.0,0.0,-0.01,-1,-1,-0.01,-1,-1,-0.01,-1,-1,-0.01,-1,-1,-0.01,-1,-1,-0.01,-1,-1,-0.01,-1,-1,-0.01,-1,-1,-0.01,-1,-1,-0.01,-1,-1
99926009,2026-05-18 14:16:08+05:30,53521.8,0,0.0,0,0.0,0.0,53282.15,53619.2,52783.45,53710.35,0,0.0,0.0,0.0,0.0,-0.01,-1,-1,-0.01,-1,-1,-0.01,-1,-1,-0.01,-1,-1,-0.01,-1,-1,-0.01,-1,-1,-0.01,-1,-1,-0.01,-1,-1,-0.01,-1,-1,-0.01,-1,-1
99926009,2026-05-18 14:16:09+05:30,53522.1,0,0.0,0,0.0,0.0,53282.15,53619.2,52783.45,53710.35,0,0.0,0.0,0.0,0.0,-0.01,-1,-1,-0.01,-1,-1,-0.01,-1,-1,-0.01,-1,-1,-0.01,-1,-1,-0.01,-1,-1,-0.01,-1,-1,-0.01,-1,-1,-0.01,-1,-1,-0.01,-1,-1
99926009,2026-05-18 14:16:09+05:30,53522.3,0,0.0,0,0.0,0.0,53282.15,53619.2,52783.45,53710.35,0,0.0,0.0,0.0,0.0,-0.01,-1,-1,-0.01,-1,-1,-0.01,-1,-1,-0.01,-1,-1,-0.01,-1,-1,-0.01,-1,-1,-0.01,-1,-1,-0.01,-1,-1,-0.01,-1,-1,-0.01,-1,-1
99926009,2026-05-18 14:16:10+05:30,53521.45,0,0.0,0,0.0,0.0,53282.15,53619.2,52783.45,53710.35,0,0.0,0.0,0.0,0.0,-0.01,-1,-1,-0.01,-1,-1,-0.01,-1,-1,-0.01,-1,-1,-0.01,-1,-1,-0.01,-1,-1,-0.01,-1,-1,-0.01,-1,-1,-0.01,-1,-1,-0.01,-1,-1
99926009,2026-05-18 14:16:10+05:30,53518.2,0,0.0,0,0.0,0.0,53282.15,53619.2,52783.45,53710.35,0,0.0,0.0,0.0,0.0,-0.01,-1,-1,-0.01,-1,-1,-0.01,-1,-1,-0.01,-1,-1,-0.01,-1,-1,-0.01,-1,-1,-0.01,-1,-1,-0.01,-1,-1,-0.01,-1,-1,-0.01,-1,-1
99926009,2026-05-18 14:16:11+05:30,53517.4,0,0.0,0,0.0,0.0,53282.15,53619.2,52783.45,53710.35,0,0.0,0.0,0.0,0.0,-0.01,-1,-1,-0.01,-1,-1,-0.01,-1,-1,-0.01,-1,-1,-0.01,-1,-1,-0.01,-1,-1,-0.01,-1,-1,-0.01,-1,-1,-0.01,-1,-1,-0.01,-1,-1
99926009,2026-05-18 14:16:11+05:30,53520.1,0,0.0,0,0.0,0.0,53282.15,53619.2,52783.45,53710.35,0,0.0,0.0,0.0,0.0,-0.01,-1,-1,-0.01,-1,-1,-0.01,-1,-1,-0.01,-1,-1,-0.01,-1,-1,-0.01,-1,-1,-0.01,-1,-1,-0.01,-1,-1,-0.01,-1,-1,-0.01,-1,-1
99926009,2026-05-18 14:16:12+05:30,53519.85,0,0.0,0,0.0,0.0,53282.15,53619.2,52783.45,53710.35,0,0.0,0.0,0.0,0.0,-0.01,-1,-1,-0.01,-1,-1,-0.01,-1,-1,-0.01,-1,-1,-0.01,-1,-1,-0.01,-1,-1,-0.01,-1,-1,-0.01,-1,-1,-0.01,-1,-1,-0.01,-1,-1
99926009,2026-05-18 14:16:12+05:30,53518.95,0,0.0,0,0.0,0.0,53282.15,53619.2,52783.45,53710.35,0,0.0,0.0,0.0,0.0,-0.01,-1,-1,-0.01,-1,-1,-0.01,-1,-1,-0.01,-1,-1,-0.01,-1,-1,-0.01,-1,-1,-0.01,-1,-1,-0.01,-1,-1,-0.01,-1,-1,-0.01,-1,-1
99926009,2026-05-18 14:16:13+05:30,53520.0,0,0.0,0,0.0,0.0,53282.15,53619.2,52783.45,53710.35,0,0.0,0.0,0.0,0.0,-0.01,-1,-1,-0.01,-1,-1,-0.01,-1,-1,-0.01,-1,-1,-0.01,-1,-1,-0.01,-1,-1,-0.01,-1,-1,-0.01,-1,-1,-0.01,-1,-1,-0.01,-1,-1
99926009,2026-05-18 14:16:13+05:30,53519.6,0,0.0,0,0.0,0.0,53282.15,53619.2,52783.45,53710.35,0,0.0,0.0,0.0,0.0,-0.01,-1,-1,-0.01,-1,-1,-0.01,-1,-1,-0.01,-1,-1,-0.01,-1,-1,-0.01,-1,-1,-0.01,-1,-1,-0.01,-1,-1,-0.01,-1,-1,-0.01,-1,-1
99926009,2026-05-18 14:16:14+05:30,53520.0,0,0.0,0,0.0,0.0,53282.15,53619.2,52783.45,53710.35,0,0.0,0.0,0.0,0.0,-0.01,-1,-1,-0.01,-1,-1,-0.01,-1,-1,-0.01,-1,-1,-0.01,-1,-1,-0.01,-1,-1,-0.01,-1,-1,-0.01,-1,-1,-0.01,-1,-1,-0.01,-1,-1
99926009,2026-05-18 14:16:14+05:30,53522.95,0,0.0,0,0.0,0.0,53282.15,53619.2,52783.45,53710.35,0,0.0,0.0,0.0,0.0,-0.01,-1,-1,-0.01,-1,-1,-0.01,-1,-1,-0.01,-1,-1,-0.01,-1,-1,-0.01,-1,-1,-0.01,-1,-1,-0.01,-1,-1,-0.01,-1,-1,-0.01,-1,-1
99926009,2026-05-18 14:16:15+05:30,53524.4,0,0.0,0,0.0,0.0,53282.15,53619.2,52783.45,53710.35,0,0.0,0.0,0.0,0.0,-0.01,-1,-1,-0.01,-1,-1,-0.01,-1,-1,-0.01,-1,-1,-0.01,-1,-1,-0.01,-1,-1,-0.01,-1,-1,-0.01,-1,-1,-0.01,-1,-1,-0.01,-1,-1
99926009,2026-05-18 14:16:15+05:30,53526.15,0,0.0,0,0.0,0.0,53282.15,53619.2,52783.45,53710.35,0,0.0,0.0,0.0,0.0,-0.01,-1,-1,-0.01,-1,-1,-0.01,-1,-1,-0.01,-1,-1,-0.01,-1,-1,-0.01,-1,-1,-0.01,-1,-1,-0.01,-1,-1,-0.01,-1,-1,-0.01,-1,-1
99926009,2026-05-18 14:16:16+05:30,53527.9,0,0.0,0,0.0,0.0,53282.15,53619.2,52783.45,53710.35,0,0.0,0.0,0.0,0.0,-0.01,-1,-1,-0.01,-1,-1,-0.01,-1,-1,-0.01,-1,-1,-0.01,-1,-1,-0.01,-1,-1,-0.01,-1,-1,-0.01,-1,-1,-0.01,-1,-1,-0.01,-1,-1
99926009,2026-05-18 14:16:16+05:30,53526.6,0,0.0,0,0.0,0.0,53282.15,53619.2,52783.45,53710.35,0,0.0,0.0,0.0,0.0,-0.01,-1,-1,-0.01,-1,-1,-0.01,-1,-1,-0.01,-1,-1,-0.01,-1,-1,-0.01,-1,-1,-0.01,-1,-1,-0.01,-1,-1,-0.01,-1,-1,-0.01,-1,-1
99926009,2026-05-18 14:16:17+05:30,53527.1,0,0.0,0,0.0,0.0,53282.15,53619.2,52783.45,53710.35,0,0.0,0.0,0.0,0.0,-0.01,-1,-1,-0.01,-1,-1,-0.01,-1,-1,-0.01,-1,-1,-0.01,-1,-1,-0.01,-1,-1,-0.01,-1,-1,-0.01,-1,-1,-0.01,-1,-1,-0.01,-1,-1
99926009,2026-05-18 14:16:17+05:30,53524.15,0,0.0,0,0.0,0.0,53282.15,53619.2,52783.45,53710.35,0,0.0,0.0,0.0,0.0,-0.01,-1,-1,-0.01,-1,-1,-0.01,-1,-1,-0.01,-1,-1,-0.01,-1,-1,-0.01,-1,-1,-0.01,-1,-1,-0.01,-1,-1,-0.01,-1,-1,-0.01,-1,-1
99926009,2026-05-18 14:16:18+05:30,53524.8,0,0.0,0,0.0,0.0,53282.15,53619.2,52783.45,53710.35,0,0.0,0.0,0.0,0.0,-0.01,-1,-1,-0.01,-1,-1,-0.01,-1,-1,-0.01,-1,-1,-0.01,-1,-1,-0.01,-1,-1,-0.01,-1,-1,-0.01,-1,-1,-0.01,-1,-1,-0.01,-1,-1
99926009,2026-05-18 14:16:18+05:30,53523.65,0,0.0,0,0.0,0.0,53282.15,53619.2,52783.45,53710.35,0,0.0,0.0,0.0,0.0,-0.01,-1,-1,-0.01,-1,-1,-0.01,-1,-1,-0.01,-1,-1,-0.01,-1,-1,-0.01,-1,-1,-0.01,-1,-1,-0.01,-1,-1,-0.01,-1,-1,-0.01,-1,-1
99926009,2026-05-18 14:16:19+05:30,53523.95,0,0.0,0,0.0,0.0,53282.15,53619.2,52783.45,53710.35,0,0.0,0.0,0.0,0.0,-0.01,-1,-1,-0.01,-1,-1,-0.01,-1,-1,-0.01,-1,-1,-0.01,-1,-1,-0.01,-1,-1,-0.01,-1,-1,-0.01,-1,-1,-0.01,-1,-1,-0.01,-1,-1
99926009,2026-05-18 14:16:19+05:30,53523.55,0,0.0,0,0.0,0.0,53282.15,53619.2,52783.45,53710.35,0,0.0,0.0,0.0,0.0,-0.01,-1,-1,-0.01,-1,-1,-0.01,-1,-1,-0.01,-1,-1,-0.01,-1,-1,-0.01,-1,-1,-0.01,-1,-1,-0.01,-1,-1,-0.01,-1,-1,-0.01,-1,-1
99926009,2026-05-18 14:16:20+05:30,53522.1,0,0.0,0,0.0,0.0,53282.15,53619.2,52783.45,53710.35,0,0.0,0.0,0.0,0.0,-0.01,-1,-1,-0.01,-1,-1,-0.01,-1,-1,-0.01,-1,-1,-0.01,-1,-1,-0.01,-1,-1,-0.01,-1,-1,-0.01,-1,-1,-0.01,-1,-1,-0.01,-1,-1
99926009,2026-05-18 14:16:20+05:30,53521.95,0,0.0,0,0.0,0.0,53282.15,53619.2,52783.45,53710.35,0,0.0,0.0,0.0,0.0,-0.01,-1,-1,-0.01,-1,-1,-0.01,-1,-1,-0.01,-1,-1,-0.01,-1,-1,-0.01,-1,-1,-0.01,-1,-1,-0.01,-1,-1,-0.01,-1,-1,-0.01,-1,-1
99926009,2026-05-18 14:16:21+05:30,53522.0,0,0.0,0,0.0,0.0,53282.15,53619.2,52783.45,53710.35,0,0.0,0.0,0.0,0.0,-0.01,-1,-1,-0.01,-1,-1,-0.01,-1,-1,-0.01,-1,-1,-0.01,-1,-1,-0.01,-1,-1,-0.01,-1,-1,-0.01,-1,-1,-0.01,-1,-1,-0.01,-1,-1
99926009,2026-05-18 14:16:21+05:30,53523.75,0,0.0,0,0.0,0.0,53282.15,53619.2,52783.45,53710.35,0,0.0,0.0,0.0,0.0,-0.01,-1,-1,-0.01,-1,-1,-0.01,-1,-1,-0.01,-1,-1,-0.01,-1,-1,-0.01,-1,-1,-0.01,-1,-1,-0.01,-1,-1,-0.01,-1,-1,-0.01,-1,-1
99926009,2026-05-18 14:16:22+05:30,53524.8,0,0.0,0,0.0,0.0,53282.15,53619.2,52783.45,53710.35,0,0.0,0.0,0.0,0.0,-0.01,-1,-1,-0.01,-1,-1,-0.01,-1,-1,-0.01,-1,-1,-0.01,-1,-1,-0.01,-1,-1,-0.01,-1,-1,-0.01,-1,-1,-0.01,-1,-1,-0.01,-1,-1
99926009,2026-05-18 14:16:22+05:30,53523.7,0,0.0,0,0.0,0.0,53282.15,53619.2,52783.45,53710.35,0,0.0,0.0,0.0,0.0,-0.01,-1,-1,-0.01,-1,-1,-0.01,-1,-1,-0.01,-1,-1,-0.01,-1,-1,-0.01,-1,-1,-0.01,-1,-1,-0.01,-1,-1,-0.01,-1,-1,-0.01,-1,-1
99926009,2026-05-18 14:16:23+05:30,53523.5,0,0.0,0,0.0,0.0,53282.15,53619.2,52783.45,53710.35,0,0.0,0.0,0.0,0.0,-0.01,-1,-1,-0.01,-1,-1,-0.01,-1,-1,-0.01,-1,-1,-0.01,-1,-1,-0.01,-1,-1,-0.01,-1,-1,-0.01,-1,-1,-0.01,-1,-1,-0.01,-1,-1
99926009,2026-05-18 14:16:23+05:30,53524.65,0,0.0,0,0.0,0.0,53282.15,53619.2,52783.45,53710.35,0,0.0,0.0,0.0,0.0,-0.01,-1,-1,-0.01,-1,-1,-0.01,-1,-1,-0.01,-1,-1,-0.01,-1,-1,-0.01,-1,-1,-0.01,-1,-1,-0.01,-1,-1,-0.01,-1,-1,-0.01,-1,-1
99926009,2026-05-18 14:16:24+05:30,53524.05,0,0.0,0,0.0,0.0,53282.15,53619.2,52783.45,53710.35,0,0.0,0.0,0.0,0.0,-0.01,-1,-1,-0.01,-1,-1,-0.01,-1,-1,-0.01,-1,-1,-0.01,-1,-1,-0.01,-1,-1,-0.01,-1,-1,-0.01,-1,-1,-0.01,-1,-1,-0.01,-1,-1
99926009,2026-05-18 14:16:24+05:30,53524.5,0,0.0,0,0.0,0.0,53282.15,53619.2,52783.45,53710.35,0,0.0,0.0,0.0,0.0,-0.01,-1,-1,-0.01,-1,-1,-0.01,-1,-1,-0.01,-1,-1,-0.01,-1,-1,-0.01,-1,-1,-0.01,-1,-1,-0.01,-1,-1,-0.01,-1,-1,-0.01,-1,-1
99926009,2026-05-18 14:16:25+05:30,53524.3,0,0.0,0,0.0,0.0,53282.15,53619.2,52783.45,53710.35,0,0.0,0.0,0.0,0.0,-0.01,-1,-1,-0.01,-1,-1,-0.01,-1,-1,-0.01,-1,-1,-0.01,-1,-1,-0.01,-1,-1,-0.01,-1,-1,-0.01,-1,-1,-0.01,-1,-1,-0.01,-1,-1
99926009,2026-05-18 14:16:25+05:30,53523.95,0,0.0,0,0.0,0.0,53282.15,53619.2,52783.45,53710.35,0,0.0,0.0,0.0,0.0,-0.01,-1,-1,-0.01,-1,-1,-0.01,-1,-1,-0.01,-1,-1,-0.01,-1,-1,-0.01,-1,-1,-0.01,-1,-1,-0.01,-1,-1,-0.01,-1,-1,-0.01,-1,-1
99926009,2026-05-18 14:16:26+05:30,53527.9,0,0.0,0,0.0,0.0,53282.15,53619.2,52783.45,53710.35,0,0.0,0.0,0.0,0.0,-0.01,-1,-1,-0.01,-1,-1,-0.01,-1,-1,-0.01,-1,-1,-0.01,-1,-1,-0.01,-1,-1,-0.01,-1,-1,-0.01,-1,-1,-0.01,-1,-1,-0.01,-1,-1
99926009,2026-05-18 14:16:26+05:30,53526.65,0,0.0,0,0.0,0.0,53282.15,53619.2,52783.45,53710.35,0,0.0,0.0,0.0,0.0,-0.01,-1,-1,-0.01,-1,-1,-0.01,-1,-1,-0.01,-1,-1,-0.01,-1,-1,-0.01,-1,-1,-0.01,-1,-1,-0.01,-1,-1,-0.01,-1,-1,-0.01,-1,-1
99926009,2026-05-18 14:16:27+05:30,53527.05,0,0.0,0,0.0,0.0,53282.15,53619.2,52783.45,53710.35,0,0.0,0.0,0.0,0.0,-0.01,-1,-1,-0.01,-1,-1,-0.01,-1,-1,-0.01,-1,-1,-0.01,-1,-1,-0.01,-1,-1,-0.01,-1,-1,-0.01,-1,-1,-0.01,-1,-1,-0.01,-1,-1
99926009,2026-05-18 14:16:27+05:30,53524.3,0,0.0,0,0.0,0.0,53282.15,53619.2,52783.45,53710.35,0,0.0,0.0,0.0,0.0,-0.01,-1,-1,-0.01,-1,-1,-0.01,-1,-1,-0.01,-1,-1,-0.01,-1,-1,-0.01,-1,-1,-0.01,-1,-1,-0.01,-1,-1,-0.01,-1,-1,-0.01,-1,-1
99926009,2026-05-18 14:16:28+05:30,53524.9,0,0.0,0,0.0,0.0,53282.15,53619.2,52783.45,53710.35,0,0.0,0.0,0.0,0.0,-0.01,-1,-1,-0.01,-1,-1,-0.01,-1,-1,-0.01,-1,-1,-0.01,-1,-1,-0.01,-1,-1,-0.01,-1,-1,-0.01,-1,-1,-0.01,-1,-1,-0.01,-1,-1
99926009,2026-05-18 14:16:28+05:30,53523.9,0,0.0,0,0.0,0.0,53282.15,53619.2,52783.45,53710.35,0,0.0,0.0,0.0,0.0,-0.01,-1,-1,-0.01,-1,-1,-0.01,-1,-1,-0.01,-1,-1,-0.01,-1,-1,-0.01,-1,-1,-0.01,-1,-1,-0.01,-1,-1,-0.01,-1,-1,-0.01,-1,-1
99926009,2026-05-18 14:16:29+05:30,53521.05,0,0.0,0,0.0,0.0,53282.15,53619.2,52783.45,53710.35,0,0.0,0.0,0.0,0.0,-0.01,-1,-1,-0.01,-1,-1,-0.01,-1,-1,-0.01,-1,-1,-0.01,-1,-1,-0.01,-1,-1,-0.01,-1,-1,-0.01,-1,-1,-0.01,-1,-1,-0.01,-1,-1
99926009,2026-05-18 14:16:29+05:30,53522.65,0,0.0,0,0.0,0.0,53282.15,53619.2,52783.45,53710.35,0,0.0,0.0,0.0,0.0,-0.01,-1,-1,-0.01,-1,-1,-0.01,-1,-1,-0.01,-1,-1,-0.01,-1,-1,-0.01,-1,-1,-0.01,-1,-1,-0.01,-1,-1,-0.01,-1,-1,-0.01,-1,-1
99926009,2026-05-18 14:16:30+05:30,53526.5,0,0.0,0,0.0,0.0,53282.15,53619.2,52783.45,53710.35,0,0.0,0.0,0.0,0.0,-0.01,-1,-1,-0.01,-1,-1,-0.01,-1,-1,-0.01,-1,-1,-0.01,-1,-1,-0.01,-1,-1,-0.01,-1,-1,-0.01,-1,-1,-0.01,-1,-1,-0.01,-1,-1
99926009,2026-05-18 14:16:30+05:30,53523.4,0,0.0,0,0.0,0.0,53282.15,53619.2,52783.45,53710.35,0,0.0,0.0,0.0,0.0,-0.01,-1,-1,-0.01,-1,-1,-0.01,-1,-1,-0.01,-1,-1,-0.01,-1,-1,-0.01,-1,-1,-0.01,-1,-1,-0.01,-1,-1,-0.01,-1,-1,-0.01,-1,-1
99926009,2026-05-18 14:16:31+05:30,53523.15,0,0.0,0,0.0,0.0,53282.15,53619.2,52783.45,53710.35,0,0.0,0.0,0.0,0.0,-0.01,-1,-1,-0.01,-1,-1,-0.01,-1,-1,-0.01,-1,-1,-0.01,-1,-1,-0.01,-1,-1,-0.01,-1,-1,-0.01,-1,-1,-0.01,-1,-1,-0.01,-1,-1
99926009,2026-05-18 14:16:31+05:30,53526.2,0,0.0,0,0.0,0.0,53282.15,53619.2,52783.45,53710.35,0,0.0,0.0,0.0,0.0,-0.01,-1,-1,-0.01,-1,-1,-0.01,-1,-1,-0.01,-1,-1,-0.01,-1,-1,-0.01,-1,-1,-0.01,-1,-1,-0.01,-1,-1,-0.01,-1,-1,-0.01,-1,-1
99926009,2026-05-18 14:16:32+05:30,53524.25,0,0.0,0,0.0,0.0,53282.15,53619.2,52783.45,53710.35,0,0.0,0.0,0.0,0.0,-0.01,-1,-1,-0.01,-1,-1,-0.01,-1,-1,-0.01,-1,-1,-0.01,-1,-1,-0.01,-1,-1,-0.01,-1,-1,-0.01,-1,-1,-0.01,-1,-1,-0.01,-1,-1
99926009,2026-05-18 14:16:32+05:30,53522.9,0,0.0,0,0.0,0.0,53282.15,53619.2,52783.45,53710.35,0,0.0,0.0,0.0,0.0,-0.01,-1,-1,-0.01,-1,-1,-0.01,-1,-1,-0.01,-1,-1,-0.01,-1,-1,-0.01,-1,-1,-0.01,-1,-1,-0.01,-1,-1,-0.01,-1,-1,-0.01,-1,-1
99926009,2026-05-18 14:16:33+05:30,53524.75,0,0.0,0,0.0,0.0,53282.15,53619.2,52783.45,53710.35,0,0.0,0.0,0.0,0.0,-0.01,-1,-1,-0.01,-1,-1,-0.01,-1,-1,-0.01,-1,-1,-0.01,-1,-1,-0.01,-1,-1,-0.01,-1,-1,-0.01,-1,-1,-0.01,-1,-1,-0.01,-1,-1
99926009,2026-05-18 14:16:33+05:30,53523.05,0,0.0,0,0.0,0.0,53282.15,53619.2,52783.45,53710.35,0,0.0,0.0,0.0,0.0,-0.01,-1,-1,-0.01,-1,-1,-0.01,-1,-1,-0.01,-1,-1,-0.01,-1,-1,-0.01,-1,-1,-0.01,-1,-1,-0.01,-1,-1,-0.01,-1,-1,-0.01,-1,-1
99926009,2026-05-18 14:16:34+05:30,53525.0,0,0.0,0,0.0,0.0,53282.15,53619.2,52783.45,53710.35,0,0.0,0.0,0.0,0.0,-0.01,-1,-1,-0.01,-1,-1,-0.01,-1,-1,-0.01,-1,-1,-0.01,-1,-1,-0.01,-1,-1,-0.01,-1,-1,-0.01,-1,-1,-0.01,-1,-1,-0.01,-1,-1
99926009,2026-05-18 14:16:34+05:30,53521.0,0,0.0,0,0.0,0.0,53282.15,53619.2,52783.45,53710.35,0,0.0,0.0,0.0,0.0,-0.01,-1,-1,-0.01,-1,-1,-0.01,-1,-1,-0.01,-1,-1,-0.01,-1,-1,-0.01,-1,-1,-0.01,-1,-1,-0.01,-1,-1,-0.01,-1,-1,-0.01,-1,-1
99926009,2026-05-18 14:16:35+05:30,53521.1,0,0.0,0,0.0,0.0,53282.15,53619.2,52783.45,53710.35,0,0.0,0.0,0.0,0.0,-0.01,-1,-1,-0.01,-1,-1,-0.01,-1,-1,-0.01,-1,-1,-0.01,-1,-1,-0.01,-1,-1,-0.01,-1,-1,-0.01,-1,-1,-0.01,-1,-1,-0.01,-1,-1
99926009,2026-05-18 14:16:35+05:30,53519.95,0,0.0,0,0.0,0.0,53282.15,53619.2,52783.45,53710.35,0,0.0,0.0,0.0,0.0,-0.01,-1,-1,-0.01,-1,-1,-0.01,-1,-1,-0.01,-1,-1,-0.01,-1,-1,-0.01,-1,-1,-0.01,-1,-1,-0.01,-1,-1,-0.01,-1,-1,-0.01,-1,-1
99926009,2026-05-18 14:16:36+05:30,53520.9,0,0.0,0,0.0,0.0,53282.15,53619.2,52783.45,53710.35,0,0.0,0.0,0.0,0.0,-0.01,-1,-1,-0.01,-1,-1,-0.01,-1,-1,-0.01,-1,-1,-0.01,-1,-1,-0.01,-1,-1,-0.01,-1,-1,-0.01,-1,-1,-0.01,-1,-1,-0.01,-1,-1
99926009,2026-05-18 14:16:36+05:30,53521.1,0,0.0,0,0.0,0.0,53282.15,53619.2,52783.45,53710.35,0,0.0,0.0,0.0,0.0,-0.01,-1,-1,-0.01,-1,-1,-0.01,-1,-1,-0.01,-1,-1,-0.01,-1,-1,-0.01,-1,-1,-0.01,-1,-1,-0.01,-1,-1,-0.01,-1,-1,-0.01,-1,-1
99926009,2026-05-18 14:16:37+05:30,53522.85,0,0.0,0,0.0,0.0,53282.15,53619.2,52783.45,53710.35,0,0.0,0.0,0.0,0.0,-0.01,-1,-1,-0.01,-1,-1,-0.01,-1,-1,-0.01,-1,-1,-0.01,-1,-1,-0.01,-1,-1,-0.01,-1,-1,-0.01,-1,-1,-0.01,-1,-1,-0.01,-1,-1
99926009,2026-05-18 14:16:37+05:30,53521.95,0,0.0,0,0.0,0.0,53282.15,53619.2,52783.45,53710.35,0,0.0,0.0,0.0,0.0,-0.01,-1,-1,-0.01,-1,-1,-0.01,-1,-1,-0.01,-1,-1,-0.01,-1,-1,-0.01,-1,-1,-0.01,-1,-1,-0.01,-1,-1,-0.01,-1,-1,-0.01,-1,-1
99926009,2026-05-18 14:16:38+05:30,53522.0,0,0.0,0,0.0,0.0,53282.15,53619.2,52783.45,53710.35,0,0.0,0.0,0.0,0.0,-0.01,-1,-1,-0.01,-1,-1,-0.01,-1,-1,-0.01,-1,-1,-0.01,-1,-1,-0.01,-1,-1,-0.01,-1,-1,-0.01,-1,-1,-0.01,-1,-1,-0.01,-1,-1
99926009,2026-05-18 14:16:38+05:30,53519.75,0,0.0,0,0.0,0.0,53282.15,53619.2,52783.45,53710.35,0,0.0,0.0,0.0,0.0,-0.01,-1,-1,-0.01,-1,-1,-0.01,-1,-1,-0.01,-1,-1,-0.01,-1,-1,-0.01,-1,-1,-0.01,-1,-1,-0.01,-1,-1,-0.01,-1,-1,-0.01,-1,-1
99926009,2026-05-18 14:16:39+05:30,53519.4,0,0.0,0,0.0,0.0,53282.15,53619.2,52783.45,53710.35,0,0.0,0.0,0.0,0.0,-0.01,-1,-1,-0.01,-1,-1,-0.01,-1,-1,-0.01,-1,-1,-0.01,-1,-1,-0.01,-1,-1,-0.01,-1,-1,-0.01,-1,-1,-0.01,-1,-1,-0.01,-1,-1
99926009,2026-05-18 14:16:39+05:30,53522.7,0,0.0,0,0.0,0.0,53282.15,53619.2,52783.45,53710.35,0,0.0,0.0,0.0,0.0,-0.01,-1,-1,-0.01,-1,-1,-0.01,-1,-1,-0.01,-1,-1,-0.01,-1,-1,-0.01,-1,-1,-0.01,-1,-1,-0.01,-1,-1,-0.01,-1,-1,-0.01,-1,-1
99926009,2026-05-18 14:16:40+05:30,53521.85,0,0.0,0,0.0,0.0,53282.15,53619.2,52783.45,53710.35,0,0.0,0.0,0.0,0.0,-0.01,-1,-1,-0.01,-1,-1,-0.01,-1,-1,-0.01,-1,-1,-0.01,-1,-1,-0.01,-1,-1,-0.01,-1,-1,-0.01,-1,-1,-0.01,-1,-1,-0.01,-1,-1
99926009,2026-05-18 14:16:40+05:30,53522.05,0,0.0,0,0.0,0.0,53282.15,53619.2,52783.45,53710.35,0,0.0,0.0,0.0,0.0,-0.01,-1,-1,-0.01,-1,-1,-0.01,-1,-1,-0.01,-1,-1,-0.01,-1,-1,-0.01,-1,-1,-0.01,-1,-1,-0.01,-1,-1,-0.01,-1,-1,-0.01,-1,-1
99926009,2026-05-18 14:16:41+05:30,53521.35,0,0.0,0,0.0,0.0,53282.15,53619.2,52783.45,53710.35,0,0.0,0.0,0.0,0.0,-0.01,-1,-1,-0.01,-1,-1,-0.01,-1,-1,-0.01,-1,-1,-0.01,-1,-1,-0.01,-1,-1,-0.01,-1,-1,-0.01,-1,-1,-0.01,-1,-1,-0.01,-1,-1
99926009,2026-05-18 14:16:41+05:30,53521.4,0,0.0,0,0.0,0.0,53282.15,53619.2,52783.45,53710.35,0,0.0,0.0,0.0,0.0,-0.01,-1,-1,-0.01,-1,-1,-0.01,-1,-1,-0.01,-1,-1,-0.01,-1,-1,-0.01,-1,-1,-0.01,-1,-1,-0.01,-1,-1,-0.01,-1,-1,-0.01,-1,-1
99926009,2026-05-18 14:16:42+05:30,53520.5,0,0.0,0,0.0,0.0,53282.15,53619.2,52783.45,53710.35,0,0.0,0.0,0.0,0.0,-0.01,-1,-1,-0.01,-1,-1,-0.01,-1,-1,-0.01,-1,-1,-0.01,-1,-1,-0.01,-1,-1,-0.01,-1,-1,-0.01,-1,-1,-0.01,-1,-1,-0.01,-1,-1
99926009,2026-05-18 14:16:42+05:30,53520.35,0,0.0,0,0.0,0.0,53282.15,53619.2,52783.45,53710.35,0,0.0,0.0,0.0,0.0,-0.01,-1,-1,-0.01,-1,-1,-0.01,-1,-1,-0.01,-1,-1,-0.01,-1,-1,-0.01,-1,-1,-0.01,-1,-1,-0.01,-1,-1,-0.01,-1,-1,-0.01,-1,-1
99926009,2026-05-18 14:16:43+05:30,53519.4,0,0.0,0,0.0,0.0,53282.15,53619.2,52783.45,53710.35,0,0.0,0.0,0.0,0.0,-0.01,-1,-1,-0.01,-1,-1,-0.01,-1,-1,-0.01,-1,-1,-0.01,-1,-1,-0.01,-1,-1,-0.01,-1,-1,-0.01,-1,-1,-0.01,-1,-1,-0.01,-1,-1
99926009,2026-05-18 14:16:43+05:30,53521.05,0,0.0,0,0.0,0.0,53282.15,53619.2,52783.45,53710.35,0,0.0,0.0,0.0,0.0,-0.01,-1,-1,-0.01,-1,-1,-0.01,-1,-1,-0.01,-1,-1,-0.01,-1,-1,-0.01,-1,-1,-0.01,-1,-1,-0.01,-1,-1,-0.01,-1,-1,-0.01,-1,-1
99926009,2026-05-18 14:16:44+05:30,53520.65,0,0.0,0,0.0,0.0,53282.15,53619.2,52783.45,53710.35,0,0.0,0.0,0.0,0.0,-0.01,-1,-1,-0.01,-1,-1,-0.01,-1,-1,-0.01,-1,-1,-0.01,-1,-1,-0.01,-1,-1,-0.01,-1,-1,-0.01,-1,-1,-0.01,-1,-1,-0.01,-1,-1
99926009,2026-05-18 14:16:44+05:30,53521.4,0,0.0,0,0.0,0.0,53282.15,53619.2,52783.45,53710.35,0,0.0,0.0,0.0,0.0,-0.01,-1,-1,-0.01,-1,-1,-0.01,-1,-1,-0.01,-1,-1,-0.01,-1,-1,-0.01,-1,-1,-0.01,-1,-1,-0.01,-1,-1,-0.01,-1,-1,-0.01,-1,-1
99926009,2026-05-18 14:16:45+05:30,53521.9,0,0.0,0,0.0,0.0,53282.15,53619.2,52783.45,53710.35,0,0.0,0.0,0.0,0.0,-0.01,-1,-1,-0.01,-1,-1,-0.01,-1,-1,-0.01,-1,-1,-0.01,-1,-1,-0.01,-1,-1,-0.01,-1,-1,-0.01,-1,-1,-0.01,-1,-1,-0.01,-1,-1
99926009,2026-05-18 14:16:45+05:30,53523.2,0,0.0,0,0.0,0.0,53282.15,53619.2,52783.45,53710.35,0,0.0,0.0,0.0,0.0,-0.01,-1,-1,-0.01,-1,-1,-0.01,-1,-1,-0.01,-1,-1,-0.01,-1,-1,-0.01,-1,-1,-0.01,-1,-1,-0.01,-1,-1,-0.01,-1,-1,-0.01,-1,-1
99926009,2026-05-18 14:16:46+05:30,53522.8,0,0.0,0,0.0,0.0,53282.15,53619.2,52783.45,53710.35,0,0.0,0.0,0.0,0.0,-0.01,-1,-1,-0.01,-1,-1,-0.01,-1,-1,-0.01,-1,-1,-0.01,-1,-1,-0.01,-1,-1,-0.01,-1,-1,-0.01,-1,-1,-0.01,-1,-1,-0.01,-1,-1
99926009,2026-05-18 14:16:46+05:30,53523.5,0,0.0,0,0.0,0.0,53282.15,53619.2,52783.45,53710.35,0,0.0,0.0,0.0,0.0,-0.01,-1,-1,-0.01,-1,-1,-0.01,-1,-1,-0.01,-1,-1,-0.01,-1,-1,-0.01,-1,-1,-0.01,-1,-1,-0.01,-1,-1,-0.01,-1,-1,-0.01,-1,-1
99926009,2026-05-18 14:16:47+05:30,53521.6,0,0.0,0,0.0,0.0,53282.15,53619.2,52783.45,53710.35,0,0.0,0.0,0.0,0.0,-0.01,-1,-1,-0.01,-1,-1,-0.01,-1,-1,-0.01,-1,-1,-0.01,-1,-1,-0.01,-1,-1,-0.01,-1,-1,-0.01,-1,-1,-0.01,-1,-1,-0.01,-1,-1
99926009,2026-05-18 14:16:47+05:30,53521.4,0,0.0,0,0.0,0.0,53282.15,53619.2,52783.45,53710.35,0,0.0,0.0,0.0,0.0,-0.01,-1,-1,-0.01,-1,-1,-0.01,-1,-1,-0.01,-1,-1,-0.01,-1,-1,-0.01,-1,-1,-0.01,-1,-1,-0.01,-1,-1,-0.01,-1,-1,-0.01,-1,-1
99926009,2026-05-18 14:16:48+05:30,53522.85,0,0.0,0,0.0,0.0,53282.15,53619.2,52783.45,53710.35,0,0.0,0.0,0.0,0.0,-0.01,-1,-1,-0.01,-1,-1,-0.01,-1,-1,-0.01,-1,-1,-0.01,-1,-1,-0.01,-1,-1,-0.01,-1,-1,-0.01,-1,-1,-0.01,-1,-1,-0.01,-1,-1
99926009,2026-05-18 14:16:48+05:30,53523.55,0,0.0,0,0.0,0.0,53282.15,53619.2,52783.45,53710.35,0,0.0,0.0,0.0,0.0,-0.01,-1,-1,-0.01,-1,-1,-0.01,-1,-1,-0.01,-1,-1,-0.01,-1,-1,-0.01,-1,-1,-0.01,-1,-1,-0.01,-1,-1,-0.01,-1,-1,-0.01,-1,-1
99926009,2026-05-18 14:16:49+05:30,53524.75,0,0.0,0,0.0,0.0,53282.15,53619.2,52783.45,53710.35,0,0.0,0.0,0.0,0.0,-0.01,-1,-1,-0.01,-1,-1,-0.01,-1,-1,-0.01,-1,-1,-0.01,-1,-1,-0.01,-1,-1,-0.01,-1,-1,-0.01,-1,-1,-0.01,-1,-1,-0.01,-1,-1
99926009,2026-05-18 14:16:49+05:30,53523.55,0,0.0,0,0.0,0.0,53282.15,53619.2,52783.45,53710.35,0,0.0,0.0,0.0,0.0,-0.01,-1,-1,-0.01,-1,-1,-0.01,-1,-1,-0.01,-1,-1,-0.01,-1,-1,-0.01,-1,-1,-0.01,-1,-1,-0.01,-1,-1,-0.01,-1,-1,-0.01,-1,-1
99926009,2026-05-18 14:16:50+05:30,53524.95,0,0.0,0,0.0,0.0,53282.15,53619.2,52783.45,53710.35,0,0.0,0.0,0.0,0.0,-0.01,-1,-1,-0.01,-1,-1,-0.01,-1,-1,-0.01,-1,-1,-0.01,-1,-1,-0.01,-1,-1,-0.01,-1,-1,-0.01,-1,-1,-0.01,-1,-1,-0.01,-1,-1
99926009,2026-05-18 14:16:50+05:30,53523.1,0,0.0,0,0.0,0.0,53282.15,53619.2,52783.45,53710.35,0,0.0,0.0,0.0,0.0,-0.01,-1,-1,-0.01,-1,-1,-0.01,-1,-1,-0.01,-1,-1,-0.01,-1,-1,-0.01,-1,-1,-0.01,-1,-1,-0.01,-1,-1,-0.01,-1,-1,-0.01,-1,-1
99926009,2026-05-18 14:16:51+05:30,53523.6,0,0.0,0,0.0,0.0,53282.15,53619.2,52783.45,53710.35,0,0.0,0.0,0.0,0.0,-0.01,-1,-1,-0.01,-1,-1,-0.01,-1,-1,-0.01,-1,-1,-0.01,-1,-1,-0.01,-1,-1,-0.01,-1,-1,-0.01,-1,-1,-0.01,-1,-1,-0.01,-1,-1
99926009,2026-05-18 14:16:51+05:30,53523.4,0,0.0,0,0.0,0.0,53282.15,53619.2,52783.45,53710.35,0,0.0,0.0,0.0,0.0,-0.01,-1,-1,-0.01,-1,-1,-0.01,-1,-1,-0.01,-1,-1,-0.01,-1,-1,-0.01,-1,-1,-0.01,-1,-1,-0.01,-1,-1,-0.01,-1,-1,-0.01,-1,-1
99926009,2026-05-18 14:16:52+05:30,53523.0,0,0.0,0,0.0,0.0,53282.15,53619.2,52783.45,53710.35,0,0.0,0.0,0.0,0.0,-0.01,-1,-1,-0.01,-1,-1,-0.01,-1,-1,-0.01,-1,-1,-0.01,-1,-1,-0.01,-1,-1,-0.01,-1,-1,-0.01,-1,-1,-0.01,-1,-1,-0.01,-1,-1
99926009,2026-05-18 14:16:52+05:30,53521.85,0,0.0,0,0.0,0.0,53282.15,53619.2,52783.45,53710.35,0,0.0,0.0,0.0,0.0,-0.01,-1,-1,-0.01,-1,-1,-0.01,-1,-1,-0.01,-1,-1,-0.01,-1,-1,-0.01,-1,-1,-0.01,-1,-1,-0.01,-1,-1,-0.01,-1,-1,-0.01,-1,-1
99926009,2026-05-18 14:16:53+05:30,53522.25,0,0.0,0,0.0,0.0,53282.15,53619.2,52783.45,53710.35,0,0.0,0.0,0.0,0.0,-0.01,-1,-1,-0.01,-1,-1,-0.01,-1,-1,-0.01,-1,-1,-0.01,-1,-1,-0.01,-1,-1,-0.01,-1,-1,-0.01,-1,-1,-0.01,-1,-1,-0.01,-1,-1
99926009,2026-05-18 14:16:53+05:30,53517.65,0,0.0,0,0.0,0.0,53282.15,53619.2,52783.45,53710.35,0,0.0,0.0,0.0,0.0,-0.01,-1,-1,-0.01,-1,-1,-0.01,-1,-1,-0.01,-1,-1,-0.01,-1,-1,-0.01,-1,-1,-0.01,-1,-1,-0.01,-1,-1,-0.01,-1,-1,-0.01,-1,-1
99926009,2026-05-18 14:16:54+05:30,53518.6,0,0.0,0,0.0,0.0,53282.15,53619.2,52783.45,53710.35,0,0.0,0.0,0.0,0.0,-0.01,-1,-1,-0.01,-1,-1,-0.01,-1,-1,-0.01,-1,-1,-0.01,-1,-1,-0.01,-1,-1,-0.01,-1,-1,-0.01,-1,-1,-0.01,-1,-1,-0.01,-1,-1
99926009,2026-05-18 14:16:54+05:30,53515.0,0,0.0,0,0.0,0.0,53282.15,53619.2,52783.45,53710.35,0,0.0,0.0,0.0,0.0,-0.01,-1,-1,-0.01,-1,-1,-0.01,-1,-1,-0.01,-1,-1,-0.01,-1,-1,-0.01,-1,-1,-0.01,-1,-1,-0.01,-1,-1,-0.01,-1,-1,-0.01,-1,-1
99926009,2026-05-18 14:16:55+05:30,53513.95,0,0.0,0,0.0,0.0,53282.15,53619.2,52783.45,53710.35,0,0.0,0.0,0.0,0.0,-0.01,-1,-1,-0.01,-1,-1,-0.01,-1,-1,-0.01,-1,-1,-0.01,-1,-1,-0.01,-1,-1,-0.01,-1,-1,-0.01,-1,-1,-0.01,-1,-1,-0.01,-1,-1
99926009,2026-05-18 14:16:55+05:30,53513.35,0,0.0,0,0.0,0.0,53282.15,53619.2,52783.45,53710.35,0,0.0,0.0,0.0,0.0,-0.01,-1,-1,-0.01,-1,-1,-0.01,-1,-1,-0.01,-1,-1,-0.01,-1,-1,-0.01,-1,-1,-0.01,-1,-1,-0.01,-1,-1,-0.01,-1,-1,-0.01,-1,-1
99926009,2026-05-18 14:16:56+05:30,53513.65,0,0.0,0,0.0,0.0,53282.15,53619.2,52783.45,53710.35,0,0.0,0.0,0.0,0.0,-0.01,-1,-1,-0.01,-1,-1,-0.01,-1,-1,-0.01,-1,-1,-0.01,-1,-1,-0.01,-1,-1,-0.01,-1,-1,-0.01,-1,-1,-0.01,-1,-1,-0.01,-1,-1
99926009,2026-05-18 14:16:56+05:30,53516.5,0,0.0,0,0.0,0.0,53282.15,53619.2,52783.45,53710.35,0,0.0,0.0,0.0,0.0,-0.01,-1,-1,-0.01,-1,-1,-0.01,-1,-1,-0.01,-1,-1,-0.01,-1,-1,-0.01,-1,-1,-0.01,-1,-1,-0.01,-1,-1,-0.01,-1,-1,-0.01,-1,-1
99926009,2026-05-18 14:16:57+05:30,53514.8,0,0.0,0,0.0,0.0,53282.15,53619.2,52783.45,53710.35,0,0.0,0.0,0.0,0.0,-0.01,-1,-1,-0.01,-1,-1,-0.01,-1,-1,-0.01,-1,-1,-0.01,-1,-1,-0.01,-1,-1,-0.01,-1,-1,-0.01,-1,-1,-0.01,-1,-1,-0.01,-1,-1
99926009,2026-05-18 14:16:57+05:30,53514.5,0,0.0,0,0.0,0.0,53282.15,53619.2,52783.45,53710.35,0,0.0,0.0,0.0,0.0,-0.01,-1,-1,-0.01,-1,-1,-0.01,-1,-1,-0.01,-1,-1,-0.01,-1,-1,-0.01,-1,-1,-0.01,-1,-1,-0.01,-1,-1,-0.01,-1,-1,-0.01,-1,-1
99926009,2026-05-18 14:16:58+05:30,53515.6,0,0.0,0,0.0,0.0,53282.15,53619.2,52783.45,53710.35,0,0.0,0.0,0.0,0.0,-0.01,-1,-1,-0.01,-1,-1,-0.01,-1,-1,-0.01,-1,-1,-0.01,-1,-1,-0.01,-1,-1,-0.01,-1,-1,-0.01,-1,-1,-0.01,-1,-1,-0.01,-1,-1
99926009,2026-05-18 14:16:58+05:30,53514.45,0,0.0,0,0.0,0.0,53282.15,53619.2,52783.45,53710.35,0,0.0,0.0,0.0,0.0,-0.01,-1,-1,-0.01,-1,-1,-0.01,-1,-1,-0.01,-1,-1,-0.01,-1,-1,-0.01,-1,-1,-0.01,-1,-1,-0.01,-1,-1,-0.01,-1,-1,-0.01,-1,-1
99926009,2026-05-18 14:16:59+05:30,53513.65,0,0.0,0,0.0,0.0,53282.15,53619.2,52783.45,53710.35,0,0.0,0.0,0.0,0.0,-0.01,-1,-1,-0.01,-1,-1,-0.01,-1,-1,-0.01,-1,-1,-0.01,-1,-1,-0.01,-1,-1,-0.01,-1,-1,-0.01,-1,-1,-0.01,-1,-1,-0.01,-1,-1
99926009,2026-05-18 14:16:59+05:30,53514.45,0,0.0,0,0.0,0.0,53282.15,53619.2,52783.45,53710.35,0,0.0,0.0,0.0,0.0,-0.01,-1,-1,-0.01,-1,-1,-0.01,-1,-1,-0.01,-1,-1,-0.01,-1,-1,-0.01,-1,-1,-0.01,-1,-1,-0.01,-1,-1,-0.01,-1,-1,-0.01,-1,-1
99926009,2026-05-18 14:17:00+05:30,53515.2,0,0.0,0,0.0,0.0,53282.15,53619.2,52783.45,53710.35,0,0.0,0.0,0.0,0.0,-0.01,-1,-1,-0.01,-1,-1,-0.01,-1,-1,-0.01,-1,-1,-0.01,-1,-1,-0.01,-1,-1,-0.01,-1,-1,-0.01,-1,-1,-0.01,-1,-1,-0.01,-1,-1
99926009,2026-05-18 14:17:00+05:30,53515.6,0,0.0,0,0.0,0.0,53282.15,53619.2,52783.45,53710.35,0,0.0,0.0,0.0,0.0,-0.01,-1,-1,-0.01,-1,-1,-0.01,-1,-1,-0.01,-1,-1,-0.01,-1,-1,-0.01,-1,-1,-0.01,-1,-1,-0.01,-1,-1,-0.01,-1,-1,-0.01,-1,-1
99926009,2026-05-18 14:17:01+05:30,53515.65,0,0.0,0,0.0,0.0,53282.15,53619.2,52783.45,53710.35,0,0.0,0.0,0.0,0.0,-0.01,-1,-1,-0.01,-1,-1,-0.01,-1,-1,-0.01,-1,-1,-0.01,-1,-1,-0.01,-1,-1,-0.01,-1,-1,-0.01,-1,-1,-0.01,-1,-1,-0.01,-1,-1
99926009,2026-05-18 14:17:01+05:30,53518.95,0,0.0,0,0.0,0.0,53282.15,53619.2,52783.45,53710.35,0,0.0,0.0,0.0,0.0,-0.01,-1,-1,-0.01,-1,-1,-0.01,-1,-1,-0.01,-1,-1,-0.01,-1,-1,-0.01,-1,-1,-0.01,-1,-1,-0.01,-1,-1,-0.01,-1,-1,-0.01,-1,-1
99926009,2026-05-18 14:17:02+05:30,53516.8,0,0.0,0,0.0,0.0,53282.15,53619.2,52783.45,53710.35,0,0.0,0.0,0.0,0.0,-0.01,-1,-1,-0.01,-1,-1,-0.01,-1,-1,-0.01,-1,-1,-0.01,-1,-1,-0.01,-1,-1,-0.01,-1,-1,-0.01,-1,-1,-0.01,-1,-1,-0.01,-1,-1
99926009,2026-05-18 14:17:02+05:30,53515.6,0,0.0,0,0.0,0.0,53282.15,53619.2,52783.45,53710.35,0,0.0,0.0,0.0,0.0,-0.01,-1,-1,-0.01,-1,-1,-0.01,-1,-1,-0.01,-1,-1,-0.01,-1,-1,-0.01,-1,-1,-0.01,-1,-1,-0.01,-1,-1,-0.01,-1,-1,-0.01,-1,-1
99926009,2026-05-18 14:17:03+05:30,53515.4,0,0.0,0,0.0,0.0,53282.15,53619.2,52783.45,53710.35,0,0.0,0.0,0.0,0.0,-0.01,-1,-1,-0.01,-1,-1,-0.01,-1,-1,-0.01,-1,-1,-0.01,-1,-1,-0.01,-1,-1,-0.01,-1,-1,-0.01,-1,-1,-0.01,-1,-1,-0.01,-1,-1
99926009,2026-05-18 14:17:03+05:30,53517.1,0,0.0,0,0.0,0.0,53282.15,53619.2,52783.45,53710.35,0,0.0,0.0,0.0,0.0,-0.01,-1,-1,-0.01,-1,-1,-0.01,-1,-1,-0.01,-1,-1,-0.01,-1,-1,-0.01,-1,-1,-0.01,-1,-1,-0.01,-1,-1,-0.01,-1,-1,-0.01,-1,-1
99926009,2026-05-18 14:17:04+05:30,53517.75,0,0.0,0,0.0,0.0,53282.15,53619.2,52783.45,53710.35,0,0.0,0.0,0.0,0.0,-0.01,-1,-1,-0.01,-1,-1,-0.01,-1,-1,-0.01,-1,-1,-0.01,-1,-1,-0.01,-1,-1,-0.01,-1,-1,-0.01,-1,-1,-0.01,-1,-1,-0.01,-1,-1
99926009,2026-05-18 14:17:04+05:30,53518.6,0,0.0,0,0.0,0.0,53282.15,53619.2,52783.45,53710.35,0,0.0,0.0,0.0,0.0,-0.01,-1,-1,-0.01,-1,-1,-0.01,-1,-1,-0.01,-1,-1,-0.01,-1,-1,-0.01,-1,-1,-0.01,-1,-1,-0.01,-1,-1,-0.01,-1,-1,-0.01,-1,-1
99926009,2026-05-18 14:17:05+05:30,53516.6,0,0.0,0,0.0,0.0,53282.15,53619.2,52783.45,53710.35,0,0.0,0.0,0.0,0.0,-0.01,-1,-1,-0.01,-1,-1,-0.01,-1,-1,-0.01,-1,-1,-0.01,-1,-1,-0.01,-1,-1,-0.01,-1,-1,-0.01,-1,-1,-0.01,-1,-1,-0.01,-1,-1
99926009,2026-05-18 14:17:05+05:30,53519.3,0,0.0,0,0.0,0.0,53282.15,53619.2,52783.45,53710.35,0,0.0,0.0,0.0,0.0,-0.01,-1,-1,-0.01,-1,-1,-0.01,-1,-1,-0.01,-1,-1,-0.01,-1,-1,-0.01,-1,-1,-0.01,-1,-1,-0.01,-1,-1,-0.01,-1,-1,-0.01,-1,-1
99926009,2026-05-18 14:17:06+05:30,53517.0,0,0.0,0,0.0,0.0,53282.15,53619.2,52783.45,53710.35,0,0.0,0.0,0.0,0.0,-0.01,-1,-1,-0.01,-1,-1,-0.01,-1,-1,-0.01,-1,-1,-0.01,-1,-1,-0.01,-1,-1,-0.01,-1,-1,-0.01,-1,-1,-0.01,-1,-1,-0.01,-1,-1
99926009,2026-05-18 14:17:06+05:30,53518.5,0,0.0,0,0.0,0.0,53282.15,53619.2,52783.45,53710.35,0,0.0,0.0,0.0,0.0,-0.01,-1,-1,-0.01,-1,-1,-0.01,-1,-1,-0.01,-1,-1,-0.01,-1,-1,-0.01,-1,-1,-0.01,-1,-1,-0.01,-1,-1,-0.01,-1,-1,-0.01,-1,-1
99926009,2026-05-18 14:17:07+05:30,53517.95,0,0.0,0,0.0,0.0,53282.15,53619.2,52783.45,53710.35,0,0.0,0.0,0.0,0.0,-0.01,-1,-1,-0.01,-1,-1,-0.01,-1,-1,-0.01,-1,-1,-0.01,-1,-1,-0.01,-1,-1,-0.01,-1,-1,-0.01,-1,-1,-0.01,-1,-1,-0.01,-1,-1
99926009,2026-05-18 14:17:07+05:30,53513.9,0,0.0,0,0.0,0.0,53282.15,53619.2,52783.45,53710.35,0,0.0,0.0,0.0,0.0,-0.01,-1,-1,-0.01,-1,-1,-0.01,-1,-1,-0.01,-1,-1,-0.01,-1,-1,-0.01,-1,-1,-0.01,-1,-1,-0.01,-1,-1,-0.01,-1,-1,-0.01,-1,-1
99926009,2026-05-18 14:17:08+05:30,53513.9,0,0.0,0,0.0,0.0,53282.15,53619.2,52783.45,53710.35,0,0.0,0.0,0.0,0.0,-0.01,-1,-1,-0.01,-1,-1,-0.01,-1,-1,-0.01,-1,-1,-0.01,-1,-1,-0.01,-1,-1,-0.01,-1,-1,-0.01,-1,-1,-0.01,-1,-1,-0.01,-1,-1
99926009,2026-05-18 14:17:08+05:30,53516.7,0,0.0,0,0.0,0.0,53282.15,53619.2,52783.45,53710.35,0,0.0,0.0,0.0,0.0,-0.01,-1,-1,-0.01,-1,-1,-0.01,-1,-1,-0.01,-1,-1,-0.01,-1,-1,-0.01,-1,-1,-0.01,-1,-1,-0.01,-1,-1,-0.01,-1,-1,-0.01,-1,-1
99926009,2026-05-18 14:17:09+05:30,53515.25,0,0.0,0,0.0,0.0,53282.15,53619.2,52783.45,53710.35,0,0.0,0.0,0.0,0.0,-0.01,-1,-1,-0.01,-1,-1,-0.01,-1,-1,-0.01,-1,-1,-0.01,-1,-1,-0.01,-1,-1,-0.01,-1,-1,-0.01,-1,-1,-0.01,-1,-1,-0.01,-1,-1
99926009,2026-05-18 14:17:09+05:30,53515.75,0,0.0,0,0.0,0.0,53282.15,53619.2,52783.45,53710.35,0,0.0,0.0,0.0,0.0,-0.01,-1,-1,-0.01,-1,-1,-0.01,-1,-1,-0.01,-1,-1,-0.01,-1,-1,-0.01,-1,-1,-0.01,-1,-1,-0.01,-1,-1,-0.01,-1,-1,-0.01,-1,-1
99926009,2026-05-18 14:17:10+05:30,53514.5,0,0.0,0,0.0,0.0,53282.15,53619.2,52783.45,53710.35,0,0.0,0.0,0.0,0.0,-0.01,-1,-1,-0.01,-1,-1,-0.01,-1,-1,-0.01,-1,-1,-0.01,-1,-1,-0.01,-1,-1,-0.01,-1,-1,-0.01,-1,-1,-0.01,-1,-1,-0.01,-1,-1
99926009,2026-05-18 14:17:10+05:30,53516.05,0,0.0,0,0.0,0.0,53282.15,53619.2,52783.45,53710.35,0,0.0,0.0,0.0,0.0,-0.01,-1,-1,-0.01,-1,-1,-0.01,-1,-1,-0.01,-1,-1,-0.01,-1,-1,-0.01,-1,-1,-0.01,-1,-1,-0.01,-1,-1,-0.01,-1,-1,-0.01,-1,-1
99926009,2026-05-18 14:17:11+05:30,53514.7,0,0.0,0,0.0,0.0,53282.15,53619.2,52783.45,53710.35,0,0.0,0.0,0.0,0.0,-0.01,-1,-1,-0.01,-1,-1,-0.01,-1,-1,-0.01,-1,-1,-0.01,-1,-1,-0.01,-1,-1,-0.01,-1,-1,-0.01,-1,-1,-0.01,-1,-1,-0.01,-1,-1
99926009,2026-05-18 14:17:11+05:30,53518.95,0,0.0,0,0.0,0.0,53282.15,53619.2,52783.45,53710.35,0,0.0,0.0,0.0,0.0,-0.01,-1,-1,-0.01,-1,-1,-0.01,-1,-1,-0.01,-1,-1,-0.01,-1,-1,-0.01,-1,-1,-0.01,-1,-1,-0.01,-1,-1,-0.01,-1,-1,-0.01,-1,-1
99926009,2026-05-18 14:17:12+05:30,53516.5,0,0.0,0,0.0,0.0,53282.15,53619.2,52783.45,53710.35,0,0.0,0.0,0.0,0.0,-0.01,-1,-1,-0.01,-1,-1,-0.01,-1,-1,-0.01,-1,-1,-0.01,-1,-1,-0.01,-1,-1,-0.01,-1,-1,-0.01,-1,-1,-0.01,-1,-1,-0.01,-1,-1
99926009,2026-05-18 14:17:12+05:30,53517.15,0,0.0,0,0.0,0.0,53282.15,53619.2,52783.45,53710.35,0,0.0,0.0,0.0,0.0,-0.01,-1,-1,-0.01,-1,-1,-0.01,-1,-1,-0.01,-1,-1,-0.01,-1,-1,-0.01,-1,-1,-0.01,-1,-1,-0.01,-1,-1,-0.01,-1,-1,-0.01,-1,-1
99926009,2026-05-18 14:17:13+05:30,53514.4,0,0.0,0,0.0,0.0,53282.15,53619.2,52783.45,53710.35,0,0.0,0.0,0.0,0.0,-0.01,-1,-1,-0.01,-1,-1,-0.01,-1,-1,-0.01,-1,-1,-0.01,-1,-1,-0.01,-1,-1,-0.01,-1,-1,-0.01,-1,-1,-0.01,-1,-1,-0.01,-1,-1
99926009,2026-05-18 14:17:13+05:30,53517.65,0,0.0,0,0.0,0.0,53282.15,53619.2,52783.45,53710.35,0,0.0,0.0,0.0,0.0,-0.01,-1,-1,-0.01,-1,-1,-0.01,-1,-1,-0.01,-1,-1,-0.01,-1,-1,-0.01,-1,-1,-0.01,-1,-1,-0.01,-1,-1,-0.01,-1,-1,-0.01,-1,-1
99926009,2026-05-18 14:17:14+05:30,53515.6,0,0.0,0,0.0,0.0,53282.15,53619.2,52783.45,53710.35,0,0.0,0.0,0.0,0.0,-0.01,-1,-1,-0.01,-1,-1,-0.01,-1,-1,-0.01,-1,-1,-0.01,-1,-1,-0.01,-1,-1,-0.01,-1,-1,-0.01,-1,-1,-0.01,-1,-1,-0.01,-1,-1
99926009,2026-05-18 14:17:14+05:30,53516.45,0,0.0,0,0.0,0.0,53282.15,53619.2,52783.45,53710.35,0,0.0,0.0,0.0,0.0,-0.01,-1,-1,-0.01,-1,-1,-0.01,-1,-1,-0.01,-1,-1,-0.01,-1,-1,-0.01,-1,-1,-0.01,-1,-1,-0.01,-1,-1,-0.01,-1,-1,-0.01,-1,-1
99926009,2026-05-18 14:17:15+05:30,53517.25,0,0.0,0,0.0,0.0,53282.15,53619.2,52783.45,53710.35,0,0.0,0.0,0.0,0.0,-0.01,-1,-1,-0.01,-1,-1,-0.01,-1,-1,-0.01,-1,-1,-0.01,-1,-1,-0.01,-1,-1,-0.01,-1,-1,-0.01,-1,-1,-0.01,-1,-1,-0.01,-1,-1
99926009,2026-05-18 14:17:15+05:30,53515.95,0,0.0,0,0.0,0.0,53282.15,53619.2,52783.45,53710.35,0,0.0,0.0,0.0,0.0,-0.01,-1,-1,-0.01,-1,-1,-0.01,-1,-1,-0.01,-1,-1,-0.01,-1,-1,-0.01,-1,-1,-0.01,-1,-1,-0.01,-1,-1,-0.01,-1,-1,-0.01,-1,-1
99926009,2026-05-18 14:17:16+05:30,53515.3,0,0.0,0,0.0,0.0,53282.15,53619.2,52783.45,53710.35,0,0.0,0.0,0.0,0.0,-0.01,-1,-1,-0.01,-1,-1,-0.01,-1,-1,-0.01,-1,-1,-0.01,-1,-1,-0.01,-1,-1,-0.01,-1,-1,-0.01,-1,-1,-0.01,-1,-1,-0.01,-1,-1
99926009,2026-05-18 14:17:16+05:30,53515.5,0,0.0,0,0.0,0.0,53282.15,53619.2,52783.45,53710.35,0,0.0,0.0,0.0,0.0,-0.01,-1,-1,-0.01,-1,-1,-0.01,-1,-1,-0.01,-1,-1,-0.01,-1,-1,-0.01,-1,-1,-0.01,-1,-1,-0.01,-1,-1,-0.01,-1,-1,-0.01,-1,-1
99926009,2026-05-18 14:17:17+05:30,53514.75,0,0.0,0,0.0,0.0,53282.15,53619.2,52783.45,53710.35,0,0.0,0.0,0.0,0.0,-0.01,-1,-1,-0.01,-1,-1,-0.01,-1,-1,-0.01,-1,-1,-0.01,-1,-1,-0.01,-1,-1,-0.01,-1,-1,-0.01,-1,-1,-0.01,-1,-1,-0.01,-1,-1
99926009,2026-05-18 14:17:17+05:30,53517.45,0,0.0,0,0.0,0.0,53282.15,53619.2,52783.45,53710.35,0,0.0,0.0,0.0,0.0,-0.01,-1,-1,-0.01,-1,-1,-0.01,-1,-1,-0.01,-1,-1,-0.01,-1,-1,-0.01,-1,-1,-0.01,-1,-1,-0.01,-1,-1,-0.01,-1,-1,-0.01,-1,-1
99926009,2026-05-18 14:17:18+05:30,53515.75,0,0.0,0,0.0,0.0,53282.15,53619.2,52783.45,53710.35,0,0.0,0.0,0.0,0.0,-0.01,-1,-1,-0.01,-1,-1,-0.01,-1,-1,-0.01,-1,-1,-0.01,-1,-1,-0.01,-1,-1,-0.01,-1,-1,-0.01,-1,-1,-0.01,-1,-1,-0.01,-1,-1
99926009,2026-05-18 14:17:18+05:30,53515.35,0,0.0,0,0.0,0.0,53282.15,53619.2,52783.45,53710.35,0,0.0,0.0,0.0,0.0,-0.01,-1,-1,-0.01,-1,-1,-0.01,-1,-1,-0.01,-1,-1,-0.01,-1,-1,-0.01,-1,-1,-0.01,-1,-1,-0.01,-1,-1,-0.01,-1,-1,-0.01,-1,-1
99926009,2026-05-18 14:17:19+05:30,53513.85,0,0.0,0,0.0,0.0,53282.15,53619.2,52783.45,53710.35,0,0.0,0.0,0.0,0.0,-0.01,-1,-1,-0.01,-1,-1,-0.01,-1,-1,-0.01,-1,-1,-0.01,-1,-1,-0.01,-1,-1,-0.01,-1,-1,-0.01,-1,-1,-0.01,-1,-1,-0.01,-1,-1
99926009,2026-05-18 14:17:19+05:30,53516.9,0,0.0,0,0.0,0.0,53282.15,53619.2,52783.45,53710.35,0,0.0,0.0,0.0,0.0,-0.01,-1,-1,-0.01,-1,-1,-0.01,-1,-1,-0.01,-1,-1,-0.01,-1,-1,-0.01,-1,-1,-0.01,-1,-1,-0.01,-1,-1,-0.01,-1,-1,-0.01,-1,-1
99926009,2026-05-18 14:17:20+05:30,53511.25,0,0.0,0,0.0,0.0,53282.15,53619.2,52783.45,53710.35,0,0.0,0.0,0.0,0.0,-0.01,-1,-1,-0.01,-1,-1,-0.01,-1,-1,-0.01,-1,-1,-0.01,-1,-1,-0.01,-1,-1,-0.01,-1,-1,-0.01,-1,-1,-0.01,-1,-1,-0.01,-1,-1
99926009,2026-05-18 14:17:20+05:30,53509.85,0,0.0,0,0.0,0.0,53282.15,53619.2,52783.45,53710.35,0,0.0,0.0,0.0,0.0,-0.01,-1,-1,-0.01,-1,-1,-0.01,-1,-1,-0.01,-1,-1,-0.01,-1,-1,-0.01,-1,-1,-0.01,-1,-1,-0.01,-1,-1,-0.01,-1,-1,-0.01,-1,-1
99926009,2026-05-18 14:17:21+05:30,53513.2,0,0.0,0,0.0,0.0,53282.15,53619.2,52783.45,53710.35,0,0.0,0.0,0.0,0.0,-0.01,-1,-1,-0.01,-1,-1,-0.01,-1,-1,-0.01,-1,-1,-0.01,-1,-1,-0.01,-1,-1,-0.01,-1,-1,-0.01,-1,-1,-0.01,-1,-1,-0.01,-1,-1
99926009,2026-05-18 14:17:21+05:30,53511.2,0,0.0,0,0.0,0.0,53282.15,53619.2,52783.45,53710.35,0,0.0,0.0,0.0,0.0,-0.01,-1,-1,-0.01,-1,-1,-0.01,-1,-1,-0.01,-1,-1,-0.01,-1,-1,-0.01,-1,-1,-0.01,-1,-1,-0.01,-1,-1,-0.01,-1,-1,-0.01,-1,-1
99926009,2026-05-18 14:17:22+05:30,53512.2,0,0.0,0,0.0,0.0,53282.15,53619.2,52783.45,53710.35,0,0.0,0.0,0.0,0.0,-0.01,-1,-1,-0.01,-1,-1,-0.01,-1,-1,-0.01,-1,-1,-0.01,-1,-1,-0.01,-1,-1,-0.01,-1,-1,-0.01,-1,-1,-0.01,-1,-1,-0.01,-1,-1
99926009,2026-05-18 14:17:22+05:30,53509.3,0,0.0,0,0.0,0.0,53282.15,53619.2,52783.45,53710.35,0,0.0,0.0,0.0,0.0,-0.01,-1,-1,-0.01,-1,-1,-0.01,-1,-1,-0.01,-1,-1,-0.01,-1,-1,-0.01,-1,-1,-0.01,-1,-1,-0.01,-1,-1,-0.01,-1,-1,-0.01,-1,-1
99926009,2026-05-18 14:17:23+05:30,53506.85,0,0.0,0,0.0,0.0,53282.15,53619.2,52783.45,53710.35,0,0.0,0.0,0.0,0.0,-0.01,-1,-1,-0.01,-1,-1,-0.01,-1,-1,-0.01,-1,-1,-0.01,-1,-1,-0.01,-1,-1,-0.01,-1,-1,-0.01,-1,-1,-0.01,-1,-1,-0.01,-1,-1
99926009,2026-05-18 14:17:23+05:30,53508.65,0,0.0,0,0.0,0.0,53282.15,53619.2,52783.45,53710.35,0,0.0,0.0,0.0,0.0,-0.01,-1,-1,-0.01,-1,-1,-0.01,-1,-1,-0.01,-1,-1,-0.01,-1,-1,-0.01,-1,-1,-0.01,-1,-1,-0.01,-1,-1,-0.01,-1,-1,-0.01,-1,-1
99926009,2026-05-18 14:17:24+05:30,53506.45,0,0.0,0,0.0,0.0,53282.15,53619.2,52783.45,53710.35,0,0.0,0.0,0.0,0.0,-0.01,-1,-1,-0.01,-1,-1,-0.01,-1,-1,-0.01,-1,-1,-0.01,-1,-1,-0.01,-1,-1,-0.01,-1,-1,-0.01,-1,-1,-0.01,-1,-1,-0.01,-1,-1
99926009,2026-05-18 14:17:24+05:30,53510.9,0,0.0,0,0.0,0.0,53282.15,53619.2,52783.45,53710.35,0,0.0,0.0,0.0,0.0,-0.01,-1,-1,-0.01,-1,-1,-0.01,-1,-1,-0.01,-1,-1,-0.01,-1,-1,-0.01,-1,-1,-0.01,-1,-1,-0.01,-1,-1,-0.01,-1,-1,-0.01,-1,-1
99926009,2026-05-18 14:17:25+05:30,53509.45,0,0.0,0,0.0,0.0,53282.15,53619.2,52783.45,53710.35,0,0.0,0.0,0.0,0.0,-0.01,-1,-1,-0.01,-1,-1,-0.01,-1,-1,-0.01,-1,-1,-0.01,-1,-1,-0.01,-1,-1,-0.01,-1,-1,-0.01,-1,-1,-0.01,-1,-1,-0.01,-1,-1
99926009,2026-05-18 14:17:25+05:30,53508.65,0,0.0,0,0.0,0.0,53282.15,53619.2,52783.45,53710.35,0,0.0,0.0,0.0,0.0,-0.01,-1,-1,-0.01,-1,-1,-0.01,-1,-1,-0.01,-1,-1,-0.01,-1,-1,-0.01,-1,-1,-0.01,-1,-1,-0.01,-1,-1,-0.01,-1,-1,-0.01,-1,-1
99926009,2026-05-18 14:17:26+05:30,53505.85,0,0.0,0,0.0,0.0,53282.15,53619.2,52783.45,53710.35,0,0.0,0.0,0.0,0.0,-0.01,-1,-1,-0.01,-1,-1,-0.01,-1,-1,-0.01,-1,-1,-0.01,-1,-1,-0.01,-1,-1,-0.01,-1,-1,-0.01,-1,-1,-0.01,-1,-1,-0.01,-1,-1
99926009,2026-05-18 14:17:26+05:30,53512.35,0,0.0,0,0.0,0.0,53282.15,53619.2,52783.45,53710.35,0,0.0,0.0,0.0,0.0,-0.01,-1,-1,-0.01,-1,-1,-0.01,-1,-1,-0.01,-1,-1,-0.01,-1,-1,-0.01,-1,-1,-0.01,-1,-1,-0.01,-1,-1,-0.01,-1,-1,-0.01,-1,-1
99926009,2026-05-18 14:17:27+05:30,53507.25,0,0.0,0,0.0,0.0,53282.15,53619.2,52783.45,53710.35,0,0.0,0.0,0.0,0.0,-0.01,-1,-1,-0.01,-1,-1,-0.01,-1,-1,-0.01,-1,-1,-0.01,-1,-1,-0.01,-1,-1,-0.01,-1,-1,-0.01,-1,-1,-0.01,-1,-1,-0.01,-1,-1
99926009,2026-05-18 14:17:27+05:30,53507.25,0,0.0,0,0.0,0.0,53282.15,53619.2,52783.45,53710.35,0,0.0,0.0,0.0,0.0,-0.01,-1,-1,-0.01,-1,-1,-0.01,-1,-1,-0.01,-1,-1,-0.01,-1,-1,-0.01,-1,-1,-0.01,-1,-1,-0.01,-1,-1,-0.01,-1,-1,-0.01,-1,-1
99926009,2026-05-18 14:17:28+05:30,53505.4,0,0.0,0,0.0,0.0,53282.15,53619.2,52783.45,53710.35,0,0.0,0.0,0.0,0.0,-0.01,-1,-1,-0.01,-1,-1,-0.01,-1,-1,-0.01,-1,-1,-0.01,-1,-1,-0.01,-1,-1,-0.01,-1,-1,-0.01,-1,-1,-0.01,-1,-1,-0.01,-1,-1
99926009,2026-05-18 14:17:28+05:30,53504.3,0,0.0,0,0.0,0.0,53282.15,53619.2,52783.45,53710.35,0,0.0,0.0,0.0,0.0,-0.01,-1,-1,-0.01,-1,-1,-0.01,-1,-1,-0.01,-1,-1,-0.01,-1,-1,-0.01,-1,-1,-0.01,-1,-1,-0.01,-1,-1,-0.01,-1,-1,-0.01,-1,-1
99926009,2026-05-18 14:17:29+05:30,53504.95,0,0.0,0,0.0,0.0,53282.15,53619.2,52783.45,53710.35,0,0.0,0.0,0.0,0.0,-0.01,-1,-1,-0.01,-1,-1,-0.01,-1,-1,-0.01,-1,-1,-0.01,-1,-1,-0.01,-1,-1,-0.01,-1,-1,-0.01,-1,-1,-0.01,-1,-1,-0.01,-1,-1
99926009,2026-05-18 14:17:29+05:30,53508.35,0,0.0,0,0.0,0.0,53282.15,53619.2,52783.45,53710.35,0,0.0,0.0,0.0,0.0,-0.01,-1,-1,-0.01,-1,-1,-0.01,-1,-1,-0.01,-1,-1,-0.01,-1,-1,-0.01,-1,-1,-0.01,-1,-1,-0.01,-1,-1,-0.01,-1,-1,-0.01,-1,-1
99926009,2026-05-18 14:17:30+05:30,53503.6,0,0.0,0,0.0,0.0,53282.15,53619.2,52783.45,53710.35,0,0.0,0.0,0.0,0.0,-0.01,-1,-1,-0.01,-1,-1,-0.01,-1,-1,-0.01,-1,-1,-0.01,-1,-1,-0.01,-1,-1,-0.01,-1,-1,-0.01,-1,-1,-0.01,-1,-1,-0.01,-1,-1
99926009,2026-05-18 14:17:30+05:30,53502.4,0,0.0,0,0.0,0.0,53282.15,53619.2,52783.45,53710.35,0,0.0,0.0,0.0,0.0,-0.01,-1,-1,-0.01,-1,-1,-0.01,-1,-1,-0.01,-1,-1,-0.01,-1,-1,-0.01,-1,-1,-0.01,-1,-1,-0.01,-1,-1,-0.01,-1,-1,-0.01,-1,-1
99926009,2026-05-18 14:17:31+05:30,53502.25,0,0.0,0,0.0,0.0,53282.15,53619.2,52783.45,53710.35,0,0.0,0.0,0.0,0.0,-0.01,-1,-1,-0.01,-1,-1,-0.01,-1,-1,-0.01,-1,-1,-0.01,-1,-1,-0.01,-1,-1,-0.01,-1,-1,-0.01,-1,-1,-0.01,-1,-1,-0.01,-1,-1
99926009,2026-05-18 14:17:31+05:30,53503.15,0,0.0,0,0.0,0.0,53282.15,53619.2,52783.45,53710.35,0,0.0,0.0,0.0,0.0,-0.01,-1,-1,-0.01,-1,-1,-0.01,-1,-1,-0.01,-1,-1,-0.01,-1,-1,-0.01,-1,-1,-0.01,-1,-1,-0.01,-1,-1,-0.01,-1,-1,-0.01,-1,-1
99926009,2026-05-18 14:17:32+05:30,53501.55,0,0.0,0,0.0,0.0,53282.15,53619.2,52783.45,53710.35,0,0.0,0.0,0.0,0.0,-0.01,-1,-1,-0.01,-1,-1,-0.01,-1,-1,-0.01,-1,-1,-0.01,-1,-1,-0.01,-1,-1,-0.01,-1,-1,-0.01,-1,-1,-0.01,-1,-1,-0.01,-1,-1
99926009,2026-05-18 14:17:32+05:30,53501.2,0,0.0,0,0.0,0.0,53282.15,53619.2,52783.45,53710.35,0,0.0,0.0,0.0,0.0,-0.01,-1,-1,-0.01,-1,-1,-0.01,-1,-1,-0.01,-1,-1,-0.01,-1,-1,-0.01,-1,-1,-0.01,-1,-1,-0.01,-1,-1,-0.01,-1,-1,-0.01,-1,-1
99926009,2026-05-18 14:17:33+05:30,53499.6,0,0.0,0,0.0,0.0,53282.15,53619.2,52783.45,53710.35,0,0.0,0.0,0.0,0.0,-0.01,-1,-1,-0.01,-1,-1,-0.01,-1,-1,-0.01,-1,-1,-0.01,-1,-1,-0.01,-1,-1,-0.01,-1,-1,-0.01,-1,-1,-0.01,-1,-1,-0.01,-1,-1
99926009,2026-05-18 14:17:33+05:30,53500.25,0,0.0,0,0.0,0.0,53282.15,53619.2,52783.45,53710.35,0,0.0,0.0,0.0,0.0,-0.01,-1,-1,-0.01,-1,-1,-0.01,-1,-1,-0.01,-1,-1,-0.01,-1,-1,-0.01,-1,-1,-0.01,-1,-1,-0.01,-1,-1,-0.01,-1,-1,-0.01,-1,-1
99926009,2026-05-18 14:17:34+05:30,53499.9,0,0.0,0,0.0,0.0,53282.15,53619.2,52783.45,53710.35,0,0.0,0.0,0.0,0.0,-0.01,-1,-1,-0.01,-1,-1,-0.01,-1,-1,-0.01,-1,-1,-0.01,-1,-1,-0.01,-1,-1,-0.01,-1,-1,-0.01,-1,-1,-0.01,-1,-1,-0.01,-1,-1
99926009,2026-05-18 14:17:34+05:30,53502.55,0,0.0,0,0.0,0.0,53282.15,53619.2,52783.45,53710.35,0,0.0,0.0,0.0,0.0,-0.01,-1,-1,-0.01,-1,-1,-0.01,-1,-1,-0.01,-1,-1,-0.01,-1,-1,-0.01,-1,-1,-0.01,-1,-1,-0.01,-1,-1,-0.01,-1,-1,-0.01,-1,-1
99926009,2026-05-18 14:17:35+05:30,53500.7,0,0.0,0,0.0,0.0,53282.15,53619.2,52783.45,53710.35,0,0.0,0.0,0.0,0.0,-0.01,-1,-1,-0.01,-1,-1,-0.01,-1,-1,-0.01,-1,-1,-0.01,-1,-1,-0.01,-1,-1,-0.01,-1,-1,-0.01,-1,-1,-0.01,-1,-1,-0.01,-1,-1
99926009,2026-05-18 14:17:35+05:30,53505.05,0,0.0,0,0.0,0.0,53282.15,53619.2,52783.45,53710.35,0,0.0,0.0,0.0,0.0,-0.01,-1,-1,-0.01,-1,-1,-0.01,-1,-1,-0.01,-1,-1,-0.01,-1,-1,-0.01,-1,-1,-0.01,-1,-1,-0.01,-1,-1,-0.01,-1,-1,-0.01,-1,-1
99926009,2026-05-18 14:17:36+05:30,53504.35,0,0.0,0,0.0,0.0,53282.15,53619.2,52783.45,53710.35,0,0.0,0.0,0.0,0.0,-0.01,-1,-1,-0.01,-1,-1,-0.01,-1,-1,-0.01,-1,-1,-0.01,-1,-1,-0.01,-1,-1,-0.01,-1,-1,-0.01,-1,-1,-0.01,-1,-1,-0.01,-1,-1
99926009,2026-05-18 14:17:36+05:30,53504.45,0,0.0,0,0.0,0.0,53282.15,53619.2,52783.45,53710.35,0,0.0,0.0,0.0,0.0,-0.01,-1,-1,-0.01,-1,-1,-0.01,-1,-1,-0.01,-1,-1,-0.01,-1,-1,-0.01,-1,-1,-0.01,-1,-1,-0.01,-1,-1,-0.01,-1,-1,-0.01,-1,-1
99926009,2026-05-18 14:17:37+05:30,53505.55,0,0.0,0,0.0,0.0,53282.15,53619.2,52783.45,53710.35,0,0.0,0.0,0.0,0.0,-0.01,-1,-1,-0.01,-1,-1,-0.01,-1,-1,-0.01,-1,-1,-0.01,-1,-1,-0.01,-1,-1,-0.01,-1,-1,-0.01,-1,-1,-0.01,-1,-1,-0.01,-1,-1
99926009,2026-05-18 14:17:37+05:30,53503.55,0,0.0,0,0.0,0.0,53282.15,53619.2,52783.45,53710.35,0,0.0,0.0,0.0,0.0,-0.01,-1,-1,-0.01,-1,-1,-0.01,-1,-1,-0.01,-1,-1,-0.01,-1,-1,-0.01,-1,-1,-0.01,-1,-1,-0.01,-1,-1,-0.01,-1,-1,-0.01,-1,-1
99926009,2026-05-18 14:17:38+05:30,53500.05,0,0.0,0,0.0,0.0,53282.15,53619.2,52783.45,53710.35,0,0.0,0.0,0.0,0.0,-0.01,-1,-1,-0.01,-1,-1,-0.01,-1,-1,-0.01,-1,-1,-0.01,-1,-1,-0.01,-1,-1,-0.01,-1,-1,-0.01,-1,-1,-0.01,-1,-1,-0.01,-1,-1
99926009,2026-05-18 14:17:38+05:30,53499.5,0,0.0,0,0.0,0.0,53282.15,53619.2,52783.45,53710.35,0,0.0,0.0,0.0,0.0,-0.01,-1,-1,-0.01,-1,-1,-0.01,-1,-1,-0.01,-1,-1,-0.01,-1,-1,-0.01,-1,-1,-0.01,-1,-1,-0.01,-1,-1,-0.01,-1,-1,-0.01,-1,-1
99926009,2026-05-18 14:17:39+05:30,53503.7,0,0.0,0,0.0,0.0,53282.15,53619.2,52783.45,53710.35,0,0.0,0.0,0.0,0.0,-0.01,-1,-1,-0.01,-1,-1,-0.01,-1,-1,-0.01,-1,-1,-0.01,-1,-1,-0.01,-1,-1,-0.01,-1,-1,-0.01,-1,-1,-0.01,-1,-1,-0.01,-1,-1
99926009,2026-05-18 14:17:39+05:30,53498.75,0,0.0,0,0.0,0.0,53282.15,53619.2,52783.45,53710.35,0,0.0,0.0,0.0,0.0,-0.01,-1,-1,-0.01,-1,-1,-0.01,-1,-1,-0.01,-1,-1,-0.01,-1,-1,-0.01,-1,-1,-0.01,-1,-1,-0.01,-1,-1,-0.01,-1,-1,-0.01,-1,-1
99926009,2026-05-18 14:17:40+05:30,53499.6,0,0.0,0,0.0,0.0,53282.15,53619.2,52783.45,53710.35,0,0.0,0.0,0.0,0.0,-0.01,-1,-1,-0.01,-1,-1,-0.01,-1,-1,-0.01,-1,-1,-0.01,-1,-1,-0.01,-1,-1,-0.01,-1,-1,-0.01,-1,-1,-0.01,-1,-1,-0.01,-1,-1
99926009,2026-05-18 14:17:40+05:30,53501.2,0,0.0,0,0.0,0.0,53282.15,53619.2,52783.45,53710.35,0,0.0,0.0,0.0,0.0,-0.01,-1,-1,-0.01,-1,-1,-0.01,-1,-1,-0.01,-1,-1,-0.01,-1,-1,-0.01,-1,-1,-0.01,-1,-1,-0.01,-1,-1,-0.01,-1,-1,-0.01,-1,-1
99926009,2026-05-18 14:17:41+05:30,53500.0,0,0.0,0,0.0,0.0,53282.15,53619.2,52783.45,53710.35,0,0.0,0.0,0.0,0.0,-0.01,-1,-1,-0.01,-1,-1,-0.01,-1,-1,-0.01,-1,-1,-0.01,-1,-1,-0.01,-1,-1,-0.01,-1,-1,-0.01,-1,-1,-0.01,-1,-1,-0.01,-1,-1
99926009,2026-05-18 14:17:41+05:30,53502.6,0,0.0,0,0.0,0.0,53282.15,53619.2,52783.45,53710.35,0,0.0,0.0,0.0,0.0,-0.01,-1,-1,-0.01,-1,-1,-0.01,-1,-1,-0.01,-1,-1,-0.01,-1,-1,-0.01,-1,-1,-0.01,-1,-1,-0.01,-1,-1,-0.01,-1,-1,-0.01,-1,-1
99926009,2026-05-18 14:17:42+05:30,53500.7,0,0.0,0,0.0,0.0,53282.15,53619.2,52783.45,53710.35,0,0.0,0.0,0.0,0.0,-0.01,-1,-1,-0.01,-1,-1,-0.01,-1,-1,-0.01,-1,-1,-0.01,-1,-1,-0.01,-1,-1,-0.01,-1,-1,-0.01,-1,-1,-0.01,-1,-1,-0.01,-1,-1
99926009,2026-05-18 14:17:42+05:30,53498.9,0,0.0,0,0.0,0.0,53282.15,53619.2,52783.45,53710.35,0,0.0,0.0,0.0,0.0,-0.01,-1,-1,-0.01,-1,-1,-0.01,-1,-1,-0.01,-1,-1,-0.01,-1,-1,-0.01,-1,-1,-0.01,-1,-1,-0.01,-1,-1,-0.01,-1,-1,-0.01,-1,-1
99926009,2026-05-18 14:17:43+05:30,53499.5,0,0.0,0,0.0,0.0,53282.15,53619.2,52783.45,53710.35,0,0.0,0.0,0.0,0.0,-0.01,-1,-1,-0.01,-1,-1,-0.01,-1,-1,-0.01,-1,-1,-0.01,-1,-1,-0.01,-1,-1,-0.01,-1,-1,-0.01,-1,-1,-0.01,-1,-1,-0.01,-1,-1
99926009,2026-05-18 14:17:43+05:30,53503.2,0,0.0,0,0.0,0.0,53282.15,53619.2,52783.45,53710.35,0,0.0,0.0,0.0,0.0,-0.01,-1,-1,-0.01,-1,-1,-0.01,-1,-1,-0.01,-1,-1,-0.01,-1,-1,-0.01,-1,-1,-0.01,-1,-1,-0.01,-1,-1,-0.01,-1,-1,-0.01,-1,-1
99926009,2026-05-18 14:17:44+05:30,53502.3,0,0.0,0,0.0,0.0,53282.15,53619.2,52783.45,53710.35,0,0.0,0.0,0.0,0.0,-0.01,-1,-1,-0.01,-1,-1,-0.01,-1,-1,-0.01,-1,-1,-0.01,-1,-1,-0.01,-1,-1,-0.01,-1,-1,-0.01,-1,-1,-0.01,-1,-1,-0.01,-1,-1
99926009,2026-05-18 14:17:44+05:30,53501.0,0,0.0,0,0.0,0.0,53282.15,53619.2,52783.45,53710.35,0,0.0,0.0,0.0,0.0,-0.01,-1,-1,-0.01,-1,-1,-0.01,-1,-1,-0.01,-1,-1,-0.01,-1,-1,-0.01,-1,-1,-0.01,-1,-1,-0.01,-1,-1,-0.01,-1,-1,-0.01,-1,-1
99926009,2026-05-18 14:17:45+05:30,53500.55,0,0.0,0,0.0,0.0,53282.15,53619.2,52783.45,53710.35,0,0.0,0.0,0.0,0.0,-0.01,-1,-1,-0.01,-1,-1,-0.01,-1,-1,-0.01,-1,-1,-0.01,-1,-1,-0.01,-1,-1,-0.01,-1,-1,-0.01,-1,-1,-0.01,-1,-1,-0.01,-1,-1
99926009,2026-05-18 14:17:45+05:30,53502.35,0,0.0,0,0.0,0.0,53282.15,53619.2,52783.45,53710.35,0,0.0,0.0,0.0,0.0,-0.01,-1,-1,-0.01,-1,-1,-0.01,-1,-1,-0.01,-1,-1,-0.01,-1,-1,-0.01,-1,-1,-0.01,-1,-1,-0.01,-1,-1,-0.01,-1,-1,-0.01,-1,-1
99926009,2026-05-18 14:17:46+05:30,53501.7,0,0.0,0,0.0,0.0,53282.15,53619.2,52783.45,53710.35,0,0.0,0.0,0.0,0.0,-0.01,-1,-1,-0.01,-1,-1,-0.01,-1,-1,-0.01,-1,-1,-0.01,-1,-1,-0.01,-1,-1,-0.01,-1,-1,-0.01,-1,-1,-0.01,-1,-1,-0.01,-1,-1
99926009,2026-05-18 14:17:46+05:30,53504.5,0,0.0,0,0.0,0.0,53282.15,53619.2,52783.45,53710.35,0,0.0,0.0,0.0,0.0,-0.01,-1,-1,-0.01,-1,-1,-0.01,-1,-1,-0.01,-1,-1,-0.01,-1,-1,-0.01,-1,-1,-0.01,-1,-1,-0.01,-1,-1,-0.01,-1,-1,-0.01,-1,-1
99926009,2026-05-18 14:17:47+05:30,53502.65,0,0.0,0,0.0,0.0,53282.15,53619.2,52783.45,53710.35,0,0.0,0.0,0.0,0.0,-0.01,-1,-1,-0.01,-1,-1,-0.01,-1,-1,-0.01,-1,-1,-0.01,-1,-1,-0.01,-1,-1,-0.01,-1,-1,-0.01,-1,-1,-0.01,-1,-1,-0.01,-1,-1
99926009,2026-05-18 14:17:47+05:30,53501.25,0,0.0,0,0.0,0.0,53282.15,53619.2,52783.45,53710.35,0,0.0,0.0,0.0,0.0,-0.01,-1,-1,-0.01,-1,-1,-0.01,-1,-1,-0.01,-1,-1,-0.01,-1,-1,-0.01,-1,-1,-0.01,-1,-1,-0.01,-1,-1,-0.01,-1,-1,-0.01,-1,-1
99926009,2026-05-18 14:17:48+05:30,53499.45,0,0.0,0,0.0,0.0,53282.15,53619.2,52783.45,53710.35,0,0.0,0.0,0.0,0.0,-0.01,-1,-1,-0.01,-1,-1,-0.01,-1,-1,-0.01,-1,-1,-0.01,-1,-1,-0.01,-1,-1,-0.01,-1,-1,-0.01,-1,-1,-0.01,-1,-1,-0.01,-1,-1
99926009,2026-05-18 14:17:48+05:30,53500.1,0,0.0,0,0.0,0.0,53282.15,53619.2,52783.45,53710.35,0,0.0,0.0,0.0,0.0,-0.01,-1,-1,-0.01,-1,-1,-0.01,-1,-1,-0.01,-1,-1,-0.01,-1,-1,-0.01,-1,-1,-0.01,-1,-1,-0.01,-1,-1,-0.01,-1,-1,-0.01,-1,-1
99926009,2026-05-18 14:17:49+05:30,53498.75,0,0.0,0,0.0,0.0,53282.15,53619.2,52783.45,53710.35,0,0.0,0.0,0.0,0.0,-0.01,-1,-1,-0.01,-1,-1,-0.01,-1,-1,-0.01,-1,-1,-0.01,-1,-1,-0.01,-1,-1,-0.01,-1,-1,-0.01,-1,-1,-0.01,-1,-1,-0.01,-1,-1
99926009,2026-05-18 14:17:49+05:30,53498.9,0,0.0,0,0.0,0.0,53282.15,53619.2,52783.45,53710.35,0,0.0,0.0,0.0,0.0,-0.01,-1,-1,-0.01,-1,-1,-0.01,-1,-1,-0.01,-1,-1,-0.01,-1,-1,-0.01,-1,-1,-0.01,-1,-1,-0.01,-1,-1,-0.01,-1,-1,-0.01,-1,-1
99926009,2026-05-18 14:17:50+05:30,53497.95,0,0.0,0,0.0,0.0,53282.15,53619.2,52783.45,53710.35,0,0.0,0.0,0.0,0.0,-0.01,-1,-1,-0.01,-1,-1,-0.01,-1,-1,-0.01,-1,-1,-0.01,-1,-1,-0.01,-1,-1,-0.01,-1,-1,-0.01,-1,-1,-0.01,-1,-1,-0.01,-1,-1
99926009,2026-05-18 14:17:50+05:30,53502.15,0,0.0,0,0.0,0.0,53282.15,53619.2,52783.45,53710.35,0,0.0,0.0,0.0,0.0,-0.01,-1,-1,-0.01,-1,-1,-0.01,-1,-1,-0.01,-1,-1,-0.01,-1,-1,-0.01,-1,-1,-0.01,-1,-1,-0.01,-1,-1,-0.01,-1,-1,-0.01,-1,-1
99926009,2026-05-18 14:17:51+05:30,53506.1,0,0.0,0,0.0,0.0,53282.15,53619.2,52783.45,53710.35,0,0.0,0.0,0.0,0.0,-0.01,-1,-1,-0.01,-1,-1,-0.01,-1,-1,-0.01,-1,-1,-0.01,-1,-1,-0.01,-1,-1,-0.01,-1,-1,-0.01,-1,-1,-0.01,-1,-1,-0.01,-1,-1
99926009,2026-05-18 14:17:51+05:30,53510.05,0,0.0,0,0.0,0.0,53282.15,53619.2,52783.45,53710.35,0,0.0,0.0,0.0,0.0,-0.01,-1,-1,-0.01,-1,-1,-0.01,-1,-1,-0.01,-1,-1,-0.01,-1,-1,-0.01,-1,-1,-0.01,-1,-1,-0.01,-1,-1,-0.01,-1,-1,-0.01,-1,-1
99926009,2026-05-18 14:17:52+05:30,53513.0,0,0.0,0,0.0,0.0,53282.15,53619.2,52783.45,53710.35,0,0.0,0.0,0.0,0.0,-0.01,-1,-1,-0.01,-1,-1,-0.01,-1,-1,-0.01,-1,-1,-0.01,-1,-1,-0.01,-1,-1,-0.01,-1,-1,-0.01,-1,-1,-0.01,-1,-1,-0.01,-1,-1
99926009,2026-05-18 14:17:52+05:30,53512.3,0,0.0,0,0.0,0.0,53282.15,53619.2,52783.45,53710.35,0,0.0,0.0,0.0,0.0,-0.01,-1,-1,-0.01,-1,-1,-0.01,-1,-1,-0.01,-1,-1,-0.01,-1,-1,-0.01,-1,-1,-0.01,-1,-1,-0.01,-1,-1,-0.01,-1,-1,-0.01,-1,-1
99926009,2026-05-18 14:17:53+05:30,53508.7,0,0.0,0,0.0,0.0,53282.15,53619.2,52783.45,53710.35,0,0.0,0.0,0.0,0.0,-0.01,-1,-1,-0.01,-1,-1,-0.01,-1,-1,-0.01,-1,-1,-0.01,-1,-1,-0.01,-1,-1,-0.01,-1,-1,-0.01,-1,-1,-0.01,-1,-1,-0.01,-1,-1
99926009,2026-05-18 14:17:53+05:30,53509.65,0,0.0,0,0.0,0.0,53282.15,53619.2,52783.45,53710.35,0,0.0,0.0,0.0,0.0,-0.01,-1,-1,-0.01,-1,-1,-0.01,-1,-1,-0.01,-1,-1,-0.01,-1,-1,-0.01,-1,-1,-0.01,-1,-1,-0.01,-1,-1,-0.01,-1,-1,-0.01,-1,-1
99926009,2026-05-18 14:17:54+05:30,53507.6,0,0.0,0,0.0,0.0,53282.15,53619.2,52783.45,53710.35,0,0.0,0.0,0.0,0.0,-0.01,-1,-1,-0.01,-1,-1,-0.01,-1,-1,-0.01,-1,-1,-0.01,-1,-1,-0.01,-1,-1,-0.01,-1,-1,-0.01,-1,-1,-0.01,-1,-1,-0.01,-1,-1
99926009,2026-05-18 14:17:54+05:30,53507.75,0,0.0,0,0.0,0.0,53282.15,53619.2,52783.45,53710.35,0,0.0,0.0,0.0,0.0,-0.01,-1,-1,-0.01,-1,-1,-0.01,-1,-1,-0.01,-1,-1,-0.01,-1,-1,-0.01,-1,-1,-0.01,-1,-1,-0.01,-1,-1,-0.01,-1,-1,-0.01,-1,-1
99926009,2026-05-18 14:17:55+05:30,53507.3,0,0.0,0,0.0,0.0,53282.15,53619.2,52783.45,53710.35,0,0.0,0.0,0.0,0.0,-0.01,-1,-1,-0.01,-1,-1,-0.01,-1,-1,-0.01,-1,-1,-0.01,-1,-1,-0.01,-1,-1,-0.01,-1,-1,-0.01,-1,-1,-0.01,-1,-1,-0.01,-1,-1
99926009,2026-05-18 14:17:55+05:30,53511.05,0,0.0,0,0.0,0.0,53282.15,53619.2,52783.45,53710.35,0,0.0,0.0,0.0,0.0,-0.01,-1,-1,-0.01,-1,-1,-0.01,-1,-1,-0.01,-1,-1,-0.01,-1,-1,-0.01,-1,-1,-0.01,-1,-1,-0.01,-1,-1,-0.01,-1,-1,-0.01,-1,-1
99926009,2026-05-18 14:17:56+05:30,53510.75,0,0.0,0,0.0,0.0,53282.15,53619.2,52783.45,53710.35,0,0.0,0.0,0.0,0.0,-0.01,-1,-1,-0.01,-1,-1,-0.01,-1,-1,-0.01,-1,-1,-0.01,-1,-1,-0.01,-1,-1,-0.01,-1,-1,-0.01,-1,-1,-0.01,-1,-1,-0.01,-1,-1
99926009,2026-05-18 14:17:56+05:30,53509.25,0,0.0,0,0.0,0.0,53282.15,53619.2,52783.45,53710.35,0,0.0,0.0,0.0,0.0,-0.01,-1,-1,-0.01,-1,-1,-0.01,-1,-1,-0.01,-1,-1,-0.01,-1,-1,-0.01,-1,-1,-0.01,-1,-1,-0.01,-1,-1,-0.01,-1,-1,-0.01,-1,-1
99926009,2026-05-18 14:17:57+05:30,53510.25,0,0.0,0,0.0,0.0,53282.15,53619.2,52783.45,53710.35,0,0.0,0.0,0.0,0.0,-0.01,-1,-1,-0.01,-1,-1,-0.01,-1,-1,-0.01,-1,-1,-0.01,-1,-1,-0.01,-1,-1,-0.01,-1,-1,-0.01,-1,-1,-0.01,-1,-1,-0.01,-1,-1
99926009,2026-05-18 14:17:57+05:30,53512.3,0,0.0,0,0.0,0.0,53282.15,53619.2,52783.45,53710.35,0,0.0,0.0,0.0,0.0,-0.01,-1,-1,-0.01,-1,-1,-0.01,-1,-1,-0.01,-1,-1,-0.01,-1,-1,-0.01,-1,-1,-0.01,-1,-1,-0.01,-1,-1,-0.01,-1,-1,-0.01,-1,-1
99926009,2026-05-18 14:17:58+05:30,53511.1,0,0.0,0,0.0,0.0,53282.15,53619.2,52783.45,53710.35,0,0.0,0.0,0.0,0.0,-0.01,-1,-1,-0.01,-1,-1,-0.01,-1,-1,-0.01,-1,-1,-0.01,-1,-1,-0.01,-1,-1,-0.01,-1,-1,-0.01,-1,-1,-0.01,-1,-1,-0.01,-1,-1
99926009,2026-05-18 14:17:58+05:30,53511.9,0,0.0,0,0.0,0.0,53282.15,53619.2,52783.45,53710.35,0,0.0,0.0,0.0,0.0,-0.01,-1,-1,-0.01,-1,-1,-0.01,-1,-1,-0.01,-1,-1,-0.01,-1,-1,-0.01,-1,-1,-0.01,-1,-1,-0.01,-1,-1,-0.01,-1,-1,-0.01,-1,-1
99926009,2026-05-18 14:17:59+05:30,53508.4,0,0.0,0,0.0,0.0,53282.15,53619.2,52783.45,53710.35,0,0.0,0.0,0.0,0.0,-0.01,-1,-1,-0.01,-1,-1,-0.01,-1,-1,-0.01,-1,-1,-0.01,-1,-1,-0.01,-1,-1,-0.01,-1,-1,-0.01,-1,-1,-0.01,-1,-1,-0.01,-1,-1
99926009,2026-05-18 14:17:59+05:30,53510.05,0,0.0,0,0.0,0.0,53282.15,53619.2,52783.45,53710.35,0,0.0,0.0,0.0,0.0,-0.01,-1,-1,-0.01,-1,-1,-0.01,-1,-1,-0.01,-1,-1,-0.01,-1,-1,-0.01,-1,-1,-0.01,-1,-1,-0.01,-1,-1,-0.01,-1,-1,-0.01,-1,-1
99926009,2026-05-18 14:18:00+05:30,53509.55,0,0.0,0,0.0,0.0,53282.15,53619.2,52783.45,53710.35,0,0.0,0.0,0.0,0.0,-0.01,-1,-1,-0.01,-1,-1,-0.01,-1,-1,-0.01,-1,-1,-0.01,-1,-1,-0.01,-1,-1,-0.01,-1,-1,-0.01,-1,-1,-0.01,-1,-1,-0.01,-1,-1
99926009,2026-05-18 14:18:00+05:30,53510.45,0,0.0,0,0.0,0.0,53282.15,53619.2,52783.45,53710.35,0,0.0,0.0,0.0,0.0,-0.01,-1,-1,-0.01,-1,-1,-0.01,-1,-1,-0.01,-1,-1,-0.01,-1,-1,-0.01,-1,-1,-0.01,-1,-1,-0.01,-1,-1,-0.01,-1,-1,-0.01,-1,-1
99926009,2026-05-18 14:18:01+05:30,53508.25,0,0.0,0,0.0,0.0,53282.15,53619.2,52783.45,53710.35,0,0.0,0.0,0.0,0.0,-0.01,-1,-1,-0.01,-1,-1,-0.01,-1,-1,-0.01,-1,-1,-0.01,-1,-1,-0.01,-1,-1,-0.01,-1,-1,-0.01,-1,-1,-0.01,-1,-1,-0.01,-1,-1
99926009,2026-05-18 14:18:01+05:30,53507.7,0,0.0,0,0.0,0.0,53282.15,53619.2,52783.45,53710.35,0,0.0,0.0,0.0,0.0,-0.01,-1,-1,-0.01,-1,-1,-0.01,-1,-1,-0.01,-1,-1,-0.01,-1,-1,-0.01,-1,-1,-0.01,-1,-1,-0.01,-1,-1,-0.01,-1,-1,-0.01,-1,-1
99926009,2026-05-18 14:18:02+05:30,53509.0,0,0.0,0,0.0,0.0,53282.15,53619.2,52783.45,53710.35,0,0.0,0.0,0.0,0.0,-0.01,-1,-1,-0.01,-1,-1,-0.01,-1,-1,-0.01,-1,-1,-0.01,-1,-1,-0.01,-1,-1,-0.01,-1,-1,-0.01,-1,-1,-0.01,-1,-1,-0.01,-1,-1
99926009,2026-05-18 14:18:02+05:30,53511.05,0,0.0,0,0.0,0.0,53282.15,53619.2,52783.45,53710.35,0,0.0,0.0,0.0,0.0,-0.01,-1,-1,-0.01,-1,-1,-0.01,-1,-1,-0.01,-1,-1,-0.01,-1,-1,-0.01,-1,-1,-0.01,-1,-1,-0.01,-1,-1,-0.01,-1,-1,-0.01,-1,-1
99926009,2026-05-18 14:18:03+05:30,53508.35,0,0.0,0,0.0,0.0,53282.15,53619.2,52783.45,53710.35,0,0.0,0.0,0.0,0.0,-0.01,-1,-1,-0.01,-1,-1,-0.01,-1,-1,-0.01,-1,-1,-0.01,-1,-1,-0.01,-1,-1,-0.01,-1,-1,-0.01,-1,-1,-0.01,-1,-1,-0.01,-1,-1
99926009,2026-05-18 14:18:03+05:30,53507.95,0,0.0,0,0.0,0.0,53282.15,53619.2,52783.45,53710.35,0,0.0,0.0,0.0,0.0,-0.01,-1,-1,-0.01,-1,-1,-0.01,-1,-1,-0.01,-1,-1,-0.01,-1,-1,-0.01,-1,-1,-0.01,-1,-1,-0.01,-1,-1,-0.01,-1,-1,-0.01,-1,-1
99926009,2026-05-18 14:18:04+05:30,53508.15,0,0.0,0,0.0,0.0,53282.15,53619.2,52783.45,53710.35,0,0.0,0.0,0.0,0.0,-0.01,-1,-1,-0.01,-1,-1,-0.01,-1,-1,-0.01,-1,-1,-0.01,-1,-1,-0.01,-1,-1,-0.01,-1,-1,-0.01,-1,-1,-0.01,-1,-1,-0.01,-1,-1
99926009,2026-05-18 14:18:04+05:30,53510.3,0,0.0,0,0.0,0.0,53282.15,53619.2,52783.45,53710.35,0,0.0,0.0,0.0,0.0,-0.01,-1,-1,-0.01,-1,-1,-0.01,-1,-1,-0.01,-1,-1,-0.01,-1,-1,-0.01,-1,-1,-0.01,-1,-1,-0.01,-1,-1,-0.01,-1,-1,-0.01,-1,-1
99926009,2026-05-18 14:18:05+05:30,53509.15,0,0.0,0,0.0,0.0,53282.15,53619.2,52783.45,53710.35,0,0.0,0.0,0.0,0.0,-0.01,-1,-1,-0.01,-1,-1,-0.01,-1,-1,-0.01,-1,-1,-0.01,-1,-1,-0.01,-1,-1,-0.01,-1,-1,-0.01,-1,-1,-0.01,-1,-1,-0.01,-1,-1
99926009,2026-05-18 14:18:05+05:30,53510.75,0,0.0,0,0.0,0.0,53282.15,53619.2,52783.45,53710.35,0,0.0,0.0,0.0,0.0,-0.01,-1,-1,-0.01,-1,-1,-0.01,-1,-1,-0.01,-1,-1,-0.01,-1,-1,-0.01,-1,-1,-0.01,-1,-1,-0.01,-1,-1,-0.01,-1,-1,-0.01,-1,-1
99926009,2026-05-18 14:18:06+05:30,53511.95,0,0.0,0,0.0,0.0,53282.15,53619.2,52783.45,53710.35,0,0.0,0.0,0.0,0.0,-0.01,-1,-1,-0.01,-1,-1,-0.01,-1,-1,-0.01,-1,-1,-0.01,-1,-1,-0.01,-1,-1,-0.01,-1,-1,-0.01,-1,-1,-0.01,-1,-1,-0.01,-1,-1
99926009,2026-05-18 14:18:06+05:30,53509.0,0,0.0,0,0.0,0.0,53282.15,53619.2,52783.45,53710.35,0,0.0,0.0,0.0,0.0,-0.01,-1,-1,-0.01,-1,-1,-0.01,-1,-1,-0.01,-1,-1,-0.01,-1,-1,-0.01,-1,-1,-0.01,-1,-1,-0.01,-1,-1,-0.01,-1,-1,-0.01,-1,-1
99926009,2026-05-18 14:18:07+05:30,53510.95,0,0.0,0,0.0,0.0,53282.15,53619.2,52783.45,53710.35,0,0.0,0.0,0.0,0.0,-0.01,-1,-1,-0.01,-1,-1,-0.01,-1,-1,-0.01,-1,-1,-0.01,-1,-1,-0.01,-1,-1,-0.01,-1,-1,-0.01,-1,-1,-0.01,-1,-1,-0.01,-1,-1
99926009,2026-05-18 14:18:07+05:30,53510.65,0,0.0,0,0.0,0.0,53282.15,53619.2,52783.45,53710.35,0,0.0,0.0,0.0,0.0,-0.01,-1,-1,-0.01,-1,-1,-0.01,-1,-1,-0.01,-1,-1,-0.01,-1,-1,-0.01,-1,-1,-0.01,-1,-1,-0.01,-1,-1,-0.01,-1,-1,-0.01,-1,-1
99926009,2026-05-18 14:18:08+05:30,53508.05,0,0.0,0,0.0,0.0,53282.15,53619.2,52783.45,53710.35,0,0.0,0.0,0.0,0.0,-0.01,-1,-1,-0.01,-1,-1,-0.01,-1,-1,-0.01,-1,-1,-0.01,-1,-1,-0.01,-1,-1,-0.01,-1,-1,-0.01,-1,-1,-0.01,-1,-1,-0.01,-1,-1
99926009,2026-05-18 14:18:08+05:30,53507.6,0,0.0,0,0.0,0.0,53282.15,53619.2,52783.45,53710.35,0,0.0,0.0,0.0,0.0,-0.01,-1,-1,-0.01,-1,-1,-0.01,-1,-1,-0.01,-1,-1,-0.01,-1,-1,-0.01,-1,-1,-0.01,-1,-1,-0.01,-1,-1,-0.01,-1,-1,-0.01,-1,-1
99926009,2026-05-18 14:18:09+05:30,53508.9,0,0.0,0,0.0,0.0,53282.15,53619.2,52783.45,53710.35,0,0.0,0.0,0.0,0.0,-0.01,-1,-1,-0.01,-1,-1,-0.01,-1,-1,-0.01,-1,-1,-0.01,-1,-1,-0.01,-1,-1,-0.01,-1,-1,-0.01,-1,-1,-0.01,-1,-1,-0.01,-1,-1
99926009,2026-05-18 14:18:09+05:30,53511.65,0,0.0,0,0.0,0.0,53282.15,53619.2,52783.45,53710.35,0,0.0,0.0,0.0,0.0,-0.01,-1,-1,-0.01,-1,-1,-0.01,-1,-1,-0.01,-1,-1,-0.01,-1,-1,-0.01,-1,-1,-0.01,-1,-1,-0.01,-1,-1,-0.01,-1,-1,-0.01,-1,-1
99926009,2026-05-18 14:18:10+05:30,53510.5,0,0.0,0,0.0,0.0,53282.15,53619.2,52783.45,53710.35,0,0.0,0.0,0.0,0.0,-0.01,-1,-1,-0.01,-1,-1,-0.01,-1,-1,-0.01,-1,-1,-0.01,-1,-1,-0.01,-1,-1,-0.01,-1,-1,-0.01,-1,-1,-0.01,-1,-1,-0.01,-1,-1
99926009,2026-05-18 14:18:10+05:30,53511.5,0,0.0,0,0.0,0.0,53282.15,53619.2,52783.45,53710.35,0,0.0,0.0,0.0,0.0,-0.01,-1,-1,-0.01,-1,-1,-0.01,-1,-1,-0.01,-1,-1,-0.01,-1,-1,-0.01,-1,-1,-0.01,-1,-1,-0.01,-1,-1,-0.01,-1,-1,-0.01,-1,-1
99926009,2026-05-18 14:18:11+05:30,53510.45,0,0.0,0,0.0,0.0,53282.15,53619.2,52783.45,53710.35,0,0.0,0.0,0.0,0.0,-0.01,-1,-1,-0.01,-1,-1,-0.01,-1,-1,-0.01,-1,-1,-0.01,-1,-1,-0.01,-1,-1,-0.01,-1,-1,-0.01,-1,-1,-0.01,-1,-1,-0.01,-1,-1
99926009,2026-05-18 14:18:11+05:30,53511.0,0,0.0,0,0.0,0.0,53282.15,53619.2,52783.45,53710.35,0,0.0,0.0,0.0,0.0,-0.01,-1,-1,-0.01,-1,-1,-0.01,-1,-1,-0.01,-1,-1,-0.01,-1,-1,-0.01,-1,-1,-0.01,-1,-1,-0.01,-1,-1,-0.01,-1,-1,-0.01,-1,-1
99926009,2026-05-18 14:18:12+05:30,53510.85,0,0.0,0,0.0,0.0,53282.15,53619.2,52783.45,53710.35,0,0.0,0.0,0.0,0.0,-0.01,-1,-1,-0.01,-1,-1,-0.01,-1,-1,-0.01,-1,-1,-0.01,-1,-1,-0.01,-1,-1,-0.01,-1,-1,-0.01,-1,-1,-0.01,-1,-1,-0.01,-1,-1
99926009,2026-05-18 14:18:12+05:30,53511.5,0,0.0,0,0.0,0.0,53282.15,53619.2,52783.45,53710.35,0,0.0,0.0,0.0,0.0,-0.01,-1,-1,-0.01,-1,-1,-0.01,-1,-1,-0.01,-1,-1,-0.01,-1,-1,-0.01,-1,-1,-0.01,-1,-1,-0.01,-1,-1,-0.01,-1,-1,-0.01,-1,-1
99926009,2026-05-18 14:18:13+05:30,53512.85,0,0.0,0,0.0,0.0,53282.15,53619.2,52783.45,53710.35,0,0.0,0.0,0.0,0.0,-0.01,-1,-1,-0.01,-1,-1,-0.01,-1,-1,-0.01,-1,-1,-0.01,-1,-1,-0.01,-1,-1,-0.01,-1,-1,-0.01,-1,-1,-0.01,-1,-1,-0.01,-1,-1
99926009,2026-05-18 14:18:13+05:30,53512.9,0,0.0,0,0.0,0.0,53282.15,53619.2,52783.45,53710.35,0,0.0,0.0,0.0,0.0,-0.01,-1,-1,-0.01,-1,-1,-0.01,-1,-1,-0.01,-1,-1,-0.01,-1,-1,-0.01,-1,-1,-0.01,-1,-1,-0.01,-1,-1,-0.01,-1,-1,-0.01,-1,-1
99926009,2026-05-18 14:18:14+05:30,53513.05,0,0.0,0,0.0,0.0,53282.15,53619.2,52783.45,53710.35,0,0.0,0.0,0.0,0.0,-0.01,-1,-1,-0.01,-1,-1,-0.01,-1,-1,-0.01,-1,-1,-0.01,-1,-1,-0.01,-1,-1,-0.01,-1,-1,-0.01,-1,-1,-0.01,-1,-1,-0.01,-1,-1
99926009,2026-05-18 14:18:14+05:30,53513.35,0,0.0,0,0.0,0.0,53282.15,53619.2,52783.45,53710.35,0,0.0,0.0,0.0,0.0,-0.01,-1,-1,-0.01,-1,-1,-0.01,-1,-1,-0.01,-1,-1,-0.01,-1,-1,-0.01,-1,-1,-0.01,-1,-1,-0.01,-1,-1,-0.01,-1,-1,-0.01,-1,-1
99926009,2026-05-18 14:18:15+05:30,53512.75,0,0.0,0,0.0,0.0,53282.15,53619.2,52783.45,53710.35,0,0.0,0.0,0.0,0.0,-0.01,-1,-1,-0.01,-1,-1,-0.01,-1,-1,-0.01,-1,-1,-0.01,-1,-1,-0.01,-1,-1,-0.01,-1,-1,-0.01,-1,-1,-0.01,-1,-1,-0.01,-1,-1
99926009,2026-05-18 14:18:15+05:30,53511.45,0,0.0,0,0.0,0.0,53282.15,53619.2,52783.45,53710.35,0,0.0,0.0,0.0,0.0,-0.01,-1,-1,-0.01,-1,-1,-0.01,-1,-1,-0.01,-1,-1,-0.01,-1,-1,-0.01,-1,-1,-0.01,-1,-1,-0.01,-1,-1,-0.01,-1,-1,-0.01,-1,-1
99926009,2026-05-18 14:18:16+05:30,53512.45,0,0.0,0,0.0,0.0,53282.15,53619.2,52783.45,53710.35,0,0.0,0.0,0.0,0.0,-0.01,-1,-1,-0.01,-1,-1,-0.01,-1,-1,-0.01,-1,-1,-0.01,-1,-1,-0.01,-1,-1,-0.01,-1,-1,-0.01,-1,-1,-0.01,-1,-1,-0.01,-1,-1
99926009,2026-05-18 14:18:16+05:30,53512.55,0,0.0,0,0.0,0.0,53282.15,53619.2,52783.45,53710.35,0,0.0,0.0,0.0,0.0,-0.01,-1,-1,-0.01,-1,-1,-0.01,-1,-1,-0.01,-1,-1,-0.01,-1,-1,-0.01,-1,-1,-0.01,-1,-1,-0.01,-1,-1,-0.01,-1,-1,-0.01,-1,-1
99926009,2026-05-18 14:18:17+05:30,53513.35,0,0.0,0,0.0,0.0,53282.15,53619.2,52783.45,53710.35,0,0.0,0.0,0.0,0.0,-0.01,-1,-1,-0.01,-1,-1,-0.01,-1,-1,-0.01,-1,-1,-0.01,-1,-1,-0.01,-1,-1,-0.01,-1,-1,-0.01,-1,-1,-0.01,-1,-1,-0.01,-1,-1
99926009,2026-05-18 14:18:17+05:30,53512.65,0,0.0,0,0.0,0.0,53282.15,53619.2,52783.45,53710.35,0,0.0,0.0,0.0,0.0,-0.01,-1,-1,-0.01,-1,-1,-0.01,-1,-1,-0.01,-1,-1,-0.01,-1,-1,-0.01,-1,-1,-0.01,-1,-1,-0.01,-1,-1,-0.01,-1,-1,-0.01,-1,-1
99926009,2026-05-18 14:18:18+05:30,53511.05,0,0.0,0,0.0,0.0,53282.15,53619.2,52783.45,53710.35,0,0.0,0.0,0.0,0.0,-0.01,-1,-1,-0.01,-1,-1,-0.01,-1,-1,-0.01,-1,-1,-0.01,-1,-1,-0.01,-1,-1,-0.01,-1,-1,-0.01,-1,-1,-0.01,-1,-1,-0.01,-1,-1
99926009,2026-05-18 14:18:18+05:30,53512.6,0,0.0,0,0.0,0.0,53282.15,53619.2,52783.45,53710.35,0,0.0,0.0,0.0,0.0,-0.01,-1,-1,-0.01,-1,-1,-0.01,-1,-1,-0.01,-1,-1,-0.01,-1,-1,-0.01,-1,-1,-0.01,-1,-1,-0.01,-1,-1,-0.01,-1,-1,-0.01,-1,-1
99926009,2026-05-18 14:18:19+05:30,53515.35,0,0.0,0,0.0,0.0,53282.15,53619.2,52783.45,53710.35,0,0.0,0.0,0.0,0.0,-0.01,-1,-1,-0.01,-1,-1,-0.01,-1,-1,-0.01,-1,-1,-0.01,-1,-1,-0.01,-1,-1,-0.01,-1,-1,-0.01,-1,-1,-0.01,-1,-1,-0.01,-1,-1
99926009,2026-05-18 14:18:19+05:30,53514.25,0,0.0,0,0.0,0.0,53282.15,53619.2,52783.45,53710.35,0,0.0,0.0,0.0,0.0,-0.01,-1,-1,-0.01,-1,-1,-0.01,-1,-1,-0.01,-1,-1,-0.01,-1,-1,-0.01,-1,-1,-0.01,-1,-1,-0.01,-1,-1,-0.01,-1,-1,-0.01,-1,-1
99926009,2026-05-18 14:18:20+05:30,53514.9,0,0.0,0,0.0,0.0,53282.15,53619.2,52783.45,53710.35,0,0.0,0.0,0.0,0.0,-0.01,-1,-1,-0.01,-1,-1,-0.01,-1,-1,-0.01,-1,-1,-0.01,-1,-1,-0.01,-1,-1,-0.01,-1,-1,-0.01,-1,-1,-0.01,-1,-1,-0.01,-1,-1
99926009,2026-05-18 14:18:20+05:30,53515.6,0,0.0,0,0.0,0.0,53282.15,53619.2,52783.45,53710.35,0,0.0,0.0,0.0,0.0,-0.01,-1,-1,-0.01,-1,-1,-0.01,-1,-1,-0.01,-1,-1,-0.01,-1,-1,-0.01,-1,-1,-0.01,-1,-1,-0.01,-1,-1,-0.01,-1,-1,-0.01,-1,-1
99926009,2026-05-18 14:18:21+05:30,53515.0,0,0.0,0,0.0,0.0,53282.15,53619.2,52783.45,53710.35,0,0.0,0.0,0.0,0.0,-0.01,-1,-1,-0.01,-1,-1,-0.01,-1,-1,-0.01,-1,-1,-0.01,-1,-1,-0.01,-1,-1,-0.01,-1,-1,-0.01,-1,-1,-0.01,-1,-1,-0.01,-1,-1
99926009,2026-05-18 14:18:21+05:30,53516.25,0,0.0,0,0.0,0.0,53282.15,53619.2,52783.45,53710.35,0,0.0,0.0,0.0,0.0,-0.01,-1,-1,-0.01,-1,-1,-0.01,-1,-1,-0.01,-1,-1,-0.01,-1,-1,-0.01,-1,-1,-0.01,-1,-1,-0.01,-1,-1,-0.01,-1,-1,-0.01,-1,-1
99926009,2026-05-18 14:18:22+05:30,53517.3,0,0.0,0,0.0,0.0,53282.15,53619.2,52783.45,53710.35,0,0.0,0.0,0.0,0.0,-0.01,-1,-1,-0.01,-1,-1,-0.01,-1,-1,-0.01,-1,-1,-0.01,-1,-1,-0.01,-1,-1,-0.01,-1,-1,-0.01,-1,-1,-0.01,-1,-1,-0.01,-1,-1
99926009,2026-05-18 14:18:22+05:30,53519.15,0,0.0,0,0.0,0.0,53282.15,53619.2,52783.45,53710.35,0,0.0,0.0,0.0,0.0,-0.01,-1,-1,-0.01,-1,-1,-0.01,-1,-1,-0.01,-1,-1,-0.01,-1,-1,-0.01,-1,-1,-0.01,-1,-1,-0.01,-1,-1,-0.01,-1,-1,-0.01,-1,-1
99926009,2026-05-18 14:18:23+05:30,53518.4,0,0.0,0,0.0,0.0,53282.15,53619.2,52783.45,53710.35,0,0.0,0.0,0.0,0.0,-0.01,-1,-1,-0.01,-1,-1,-0.01,-1,-1,-0.01,-1,-1,-0.01,-1,-1,-0.01,-1,-1,-0.01,-1,-1,-0.01,-1,-1,-0.01,-1,-1,-0.01,-1,-1
99926009,2026-05-18 14:18:23+05:30,53515.0,0,0.0,0,0.0,0.0,53282.15,53619.2,52783.45,53710.35,0,0.0,0.0,0.0,0.0,-0.01,-1,-1,-0.01,-1,-1,-0.01,-1,-1,-0.01,-1,-1,-0.01,-1,-1,-0.01,-1,-1,-0.01,-1,-1,-0.01,-1,-1,-0.01,-1,-1,-0.01,-1,-1
99926009,2026-05-18 14:18:24+05:30,53517.35,0,0.0,0,0.0,0.0,53282.15,53619.2,52783.45,53710.35,0,0.0,0.0,0.0,0.0,-0.01,-1,-1,-0.01,-1,-1,-0.01,-1,-1,-0.01,-1,-1,-0.01,-1,-1,-0.01,-1,-1,-0.01,-1,-1,-0.01,-1,-1,-0.01,-1,-1,-0.01,-1,-1
99926009,2026-05-18 14:18:24+05:30,53518.8,0,0.0,0,0.0,0.0,53282.15,53619.2,52783.45,53710.35,0,0.0,0.0,0.0,0.0,-0.01,-1,-1,-0.01,-1,-1,-0.01,-1,-1,-0.01,-1,-1,-0.01,-1,-1,-0.01,-1,-1,-0.01,-1,-1,-0.01,-1,-1,-0.01,-1,-1,-0.01,-1,-1
99926009,2026-05-18 14:18:25+05:30,53519.0,0,0.0,0,0.0,0.0,53282.15,53619.2,52783.45,53710.35,0,0.0,0.0,0.0,0.0,-0.01,-1,-1,-0.01,-1,-1,-0.01,-1,-1,-0.01,-1,-1,-0.01,-1,-1,-0.01,-1,-1,-0.01,-1,-1,-0.01,-1,-1,-0.01,-1,-1,-0.01,-1,-1
99926009,2026-05-18 14:18:25+05:30,53518.6,0,0.0,0,0.0,0.0,53282.15,53619.2,52783.45,53710.35,0,0.0,0.0,0.0,0.0,-0.01,-1,-1,-0.01,-1,-1,-0.01,-1,-1,-0.01,-1,-1,-0.01,-1,-1,-0.01,-1,-1,-0.01,-1,-1,-0.01,-1,-1,-0.01,-1,-1,-0.01,-1,-1
99926009,2026-05-18 14:18:26+05:30,53518.8,0,0.0,0,0.0,0.0,53282.15,53619.2,52783.45,53710.35,0,0.0,0.0,0.0,0.0,-0.01,-1,-1,-0.01,-1,-1,-0.01,-1,-1,-0.01,-1,-1,-0.01,-1,-1,-0.01,-1,-1,-0.01,-1,-1,-0.01,-1,-1,-0.01,-1,-1,-0.01,-1,-1
99926009,2026-05-18 14:18:26+05:30,53518.8,0,0.0,0,0.0,0.0,53282.15,53619.2,52783.45,53710.35,0,0.0,0.0,0.0,0.0,-0.01,-1,-1,-0.01,-1,-1,-0.01,-1,-1,-0.01,-1,-1,-0.01,-1,-1,-0.01,-1,-1,-0.01,-1,-1,-0.01,-1,-1,-0.01,-1,-1,-0.01,-1,-1
99926009,2026-05-18 14:18:27+05:30,53517.85,0,0.0,0,0.0,0.0,53282.15,53619.2,52783.45,53710.35,0,0.0,0.0,0.0,0.0,-0.01,-1,-1,-0.01,-1,-1,-0.01,-1,-1,-0.01,-1,-1,-0.01,-1,-1,-0.01,-1,-1,-0.01,-1,-1,-0.01,-1,-1,-0.01,-1,-1,-0.01,-1,-1
99926009,2026-05-18 14:18:27+05:30,53519.75,0,0.0,0,0.0,0.0,53282.15,53619.2,52783.45,53710.35,0,0.0,0.0,0.0,0.0,-0.01,-1,-1,-0.01,-1,-1,-0.01,-1,-1,-0.01,-1,-1,-0.01,-1,-1,-0.01,-1,-1,-0.01,-1,-1,-0.01,-1,-1,-0.01,-1,-1,-0.01,-1,-1
99926009,2026-05-18 14:18:28+05:30,53519.0,0,0.0,0,0.0,0.0,53282.15,53619.2,52783.45,53710.35,0,0.0,0.0,0.0,0.0,-0.01,-1,-1,-0.01,-1,-1,-0.01,-1,-1,-0.01,-1,-1,-0.01,-1,-1,-0.01,-1,-1,-0.01,-1,-1,-0.01,-1,-1,-0.01,-1,-1,-0.01,-1,-1
99926009,2026-05-18 14:18:28+05:30,53519.2,0,0.0,0,0.0,0.0,53282.15,53619.2,52783.45,53710.35,0,0.0,0.0,0.0,0.0,-0.01,-1,-1,-0.01,-1,-1,-0.01,-1,-1,-0.01,-1,-1,-0.01,-1,-1,-0.01,-1,-1,-0.01,-1,-1,-0.01,-1,-1,-0.01,-1,-1,-0.01,-1,-1
99926009,2026-05-18 14:18:29+05:30,53517.0,0,0.0,0,0.0,0.0,53282.15,53619.2,52783.45,53710.35,0,0.0,0.0,0.0,0.0,-0.01,-1,-1,-0.01,-1,-1,-0.01,-1,-1,-0.01,-1,-1,-0.01,-1,-1,-0.01,-1,-1,-0.01,-1,-1,-0.01,-1,-1,-0.01,-1,-1,-0.01,-1,-1
99926009,2026-05-18 14:18:29+05:30,53516.0,0,0.0,0,0.0,0.0,53282.15,53619.2,52783.45,53710.35,0,0.0,0.0,0.0,0.0,-0.01,-1,-1,-0.01,-1,-1,-0.01,-1,-1,-0.01,-1,-1,-0.01,-1,-1,-0.01,-1,-1,-0.01,-1,-1,-0.01,-1,-1,-0.01,-1,-1,-0.01,-1,-1
99926009,2026-05-18 14:18:30+05:30,53516.2,0,0.0,0,0.0,0.0,53282.15,53619.2,52783.45,53710.35,0,0.0,0.0,0.0,0.0,-0.01,-1,-1,-0.01,-1,-1,-0.01,-1,-1,-0.01,-1,-1,-0.01,-1,-1,-0.01,-1,-1,-0.01,-1,-1,-0.01,-1,-1,-0.01,-1,-1,-0.01,-1,-1
99926009,2026-05-18 14:18:30+05:30,53517.15,0,0.0,0,0.0,0.0,53282.15,53619.2,52783.45,53710.35,0,0.0,0.0,0.0,0.0,-0.01,-1,-1,-0.01,-1,-1,-0.01,-1,-1,-0.01,-1,-1,-0.01,-1,-1,-0.01,-1,-1,-0.01,-1,-1,-0.01,-1,-1,-0.01,-1,-1,-0.01,-1,-1
99926009,2026-05-18 14:18:31+05:30,53516.8,0,0.0,0,0.0,0.0,53282.15,53619.2,52783.45,53710.35,0,0.0,0.0,0.0,0.0,-0.01,-1,-1,-0.01,-1,-1,-0.01,-1,-1,-0.01,-1,-1,-0.01,-1,-1,-0.01,-1,-1,-0.01,-1,-1,-0.01,-1,-1,-0.01,-1,-1,-0.01,-1,-1
99926009,2026-05-18 14:18:31+05:30,53519.85,0,0.0,0,0.0,0.0,53282.15,53619.2,52783.45,53710.35,0,0.0,0.0,0.0,0.0,-0.01,-1,-1,-0.01,-1,-1,-0.01,-1,-1,-0.01,-1,-1,-0.01,-1,-1,-0.01,-1,-1,-0.01,-1,-1,-0.01,-1,-1,-0.01,-1,-1,-0.01,-1,-1
99926009,2026-05-18 14:18:32+05:30,53520.45,0,0.0,0,0.0,0.0,53282.15,53619.2,52783.45,53710.35,0,0.0,0.0,0.0,0.0,-0.01,-1,-1,-0.01,-1,-1,-0.01,-1,-1,-0.01,-1,-1,-0.01,-1,-1,-0.01,-1,-1,-0.01,-1,-1,-0.01,-1,-1,-0.01,-1,-1,-0.01,-1,-1
99926009,2026-05-18 14:18:32+05:30,53515.85,0,0.0,0,0.0,0.0,53282.15,53619.2,52783.45,53710.35,0,0.0,0.0,0.0,0.0,-0.01,-1,-1,-0.01,-1,-1,-0.01,-1,-1,-0.01,-1,-1,-0.01,-1,-1,-0.01,-1,-1,-0.01,-1,-1,-0.01,-1,-1,-0.01,-1,-1,-0.01,-1,-1
99926009,2026-05-18 14:18:33+05:30,53516.15,0,0.0,0,0.0,0.0,53282.15,53619.2,52783.45,53710.35,0,0.0,0.0,0.0,0.0,-0.01,-1,-1,-0.01,-1,-1,-0.01,-1,-1,-0.01,-1,-1,-0.01,-1,-1,-0.01,-1,-1,-0.01,-1,-1,-0.01,-1,-1,-0.01,-1,-1,-0.01,-1,-1
99926009,2026-05-18 14:18:33+05:30,53515.75,0,0.0,0,0.0,0.0,53282.15,53619.2,52783.45,53710.35,0,0.0,0.0,0.0,0.0,-0.01,-1,-1,-0.01,-1,-1,-0.01,-1,-1,-0.01,-1,-1,-0.01,-1,-1,-0.01,-1,-1,-0.01,-1,-1,-0.01,-1,-1,-0.01,-1,-1,-0.01,-1,-1
99926009,2026-05-18 14:18:34+05:30,53516.25,0,0.0,0,0.0,0.0,53282.15,53619.2,52783.45,53710.35,0,0.0,0.0,0.0,0.0,-0.01,-1,-1,-0.01,-1,-1,-0.01,-1,-1,-0.01,-1,-1,-0.01,-1,-1,-0.01,-1,-1,-0.01,-1,-1,-0.01,-1,-1,-0.01,-1,-1,-0.01,-1,-1
99926009,2026-05-18 14:18:34+05:30,53517.25,0,0.0,0,0.0,0.0,53282.15,53619.2,52783.45,53710.35,0,0.0,0.0,0.0,0.0,-0.01,-1,-1,-0.01,-1,-1,-0.01,-1,-1,-0.01,-1,-1,-0.01,-1,-1,-0.01,-1,-1,-0.01,-1,-1,-0.01,-1,-1,-0.01,-1,-1,-0.01,-1,-1
99926009,2026-05-18 14:18:35+05:30,53519.15,0,0.0,0,0.0,0.0,53282.15,53619.2,52783.45,53710.35,0,0.0,0.0,0.0,0.0,-0.01,-1,-1,-0.01,-1,-1,-0.01,-1,-1,-0.01,-1,-1,-0.01,-1,-1,-0.01,-1,-1,-0.01,-1,-1,-0.01,-1,-1,-0.01,-1,-1,-0.01,-1,-1
99926009,2026-05-18 14:18:35+05:30,53518.55,0,0.0,0,0.0,0.0,53282.15,53619.2,52783.45,53710.35,0,0.0,0.0,0.0,0.0,-0.01,-1,-1,-0.01,-1,-1,-0.01,-1,-1,-0.01,-1,-1,-0.01,-1,-1,-0.01,-1,-1,-0.01,-1,-1,-0.01,-1,-1,-0.01,-1,-1,-0.01,-1,-1
99926009,2026-05-18 14:18:36+05:30,53516.4,0,0.0,0,0.0,0.0,53282.15,53619.2,52783.45,53710.35,0,0.0,0.0,0.0,0.0,-0.01,-1,-1,-0.01,-1,-1,-0.01,-1,-1,-0.01,-1,-1,-0.01,-1,-1,-0.01,-1,-1,-0.01,-1,-1,-0.01,-1,-1,-0.01,-1,-1,-0.01,-1,-1
99926009,2026-05-18 14:18:36+05:30,53517.35,0,0.0,0,0.0,0.0,53282.15,53619.2,52783.45,53710.35,0,0.0,0.0,0.0,0.0,-0.01,-1,-1,-0.01,-1,-1,-0.01,-1,-1,-0.01,-1,-1,-0.01,-1,-1,-0.01,-1,-1,-0.01,-1,-1,-0.01,-1,-1,-0.01,-1,-1,-0.01,-1,-1
99926009,2026-05-18 14:18:37+05:30,53516.45,0,0.0,0,0.0,0.0,53282.15,53619.2,52783.45,53710.35,0,0.0,0.0,0.0,0.0,-0.01,-1,-1,-0.01,-1,-1,-0.01,-1,-1,-0.01,-1,-1,-0.01,-1,-1,-0.01,-1,-1,-0.01,-1,-1,-0.01,-1,-1,-0.01,-1,-1,-0.01,-1,-1
99926009,2026-05-18 14:18:37+05:30,53515.5,0,0.0,0,0.0,0.0,53282.15,53619.2,52783.45,53710.35,0,0.0,0.0,0.0,0.0,-0.01,-1,-1,-0.01,-1,-1,-0.01,-1,-1,-0.01,-1,-1,-0.01,-1,-1,-0.01,-1,-1,-0.01,-1,-1,-0.01,-1,-1,-0.01,-1,-1,-0.01,-1,-1
99926009,2026-05-18 14:18:38+05:30,53516.25,0,0.0,0,0.0,0.0,53282.15,53619.2,52783.45,53710.35,0,0.0,0.0,0.0,0.0,-0.01,-1,-1,-0.01,-1,-1,-0.01,-1,-1,-0.01,-1,-1,-0.01,-1,-1,-0.01,-1,-1,-0.01,-1,-1,-0.01,-1,-1,-0.01,-1,-1,-0.01,-1,-1
99926009,2026-05-18 14:18:38+05:30,53514.55,0,0.0,0,0.0,0.0,53282.15,53619.2,52783.45,53710.35,0,0.0,0.0,0.0,0.0,-0.01,-1,-1,-0.01,-1,-1,-0.01,-1,-1,-0.01,-1,-1,-0.01,-1,-1,-0.01,-1,-1,-0.01,-1,-1,-0.01,-1,-1,-0.01,-1,-1,-0.01,-1,-1
99926009,2026-05-18 14:18:39+05:30,53515.55,0,0.0,0,0.0,0.0,53282.15,53619.2,52783.45,53710.35,0,0.0,0.0,0.0,0.0,-0.01,-1,-1,-0.01,-1,-1,-0.01,-1,-1,-0.01,-1,-1,-0.01,-1,-1,-0.01,-1,-1,-0.01,-1,-1,-0.01,-1,-1,-0.01,-1,-1,-0.01,-1,-1
99926009,2026-05-18 14:18:39+05:30,53517.65,0,0.0,0,0.0,0.0,53282.15,53619.2,52783.45,53710.35,0,0.0,0.0,0.0,0.0,-0.01,-1,-1,-0.01,-1,-1,-0.01,-1,-1,-0.01,-1,-1,-0.01,-1,-1,-0.01,-1,-1,-0.01,-1,-1,-0.01,-1,-1,-0.01,-1,-1,-0.01,-1,-1
99926009,2026-05-18 14:18:40+05:30,53517.35,0,0.0,0,0.0,0.0,53282.15,53619.2,52783.45,53710.35,0,0.0,0.0,0.0,0.0,-0.01,-1,-1,-0.01,-1,-1,-0.01,-1,-1,-0.01,-1,-1,-0.01,-1,-1,-0.01,-1,-1,-0.01,-1,-1,-0.01,-1,-1,-0.01,-1,-1,-0.01,-1,-1
99926009,2026-05-18 14:18:40+05:30,53518.45,0,0.0,0,0.0,0.0,53282.15,53619.2,52783.45,53710.35,0,0.0,0.0,0.0,0.0,-0.01,-1,-1,-0.01,-1,-1,-0.01,-1,-1,-0.01,-1,-1,-0.01,-1,-1,-0.01,-1,-1,-0.01,-1,-1,-0.01,-1,-1,-0.01,-1,-1,-0.01,-1,-1
99926009,2026-05-18 14:18:41+05:30,53516.65,0,0.0,0,0.0,0.0,53282.15,53619.2,52783.45,53710.35,0,0.0,0.0,0.0,0.0,-0.01,-1,-1,-0.01,-1,-1,-0.01,-1,-1,-0.01,-1,-1,-0.01,-1,-1,-0.01,-1,-1,-0.01,-1,-1,-0.01,-1,-1,-0.01,-1,-1,-0.01,-1,-1
99926009,2026-05-18 14:18:41+05:30,53517.85,0,0.0,0,0.0,0.0,53282.15,53619.2,52783.45,53710.35,0,0.0,0.0,0.0,0.0,-0.01,-1,-1,-0.01,-1,-1,-0.01,-1,-1,-0.01,-1,-1,-0.01,-1,-1,-0.01,-1,-1,-0.01,-1,-1,-0.01,-1,-1,-0.01,-1,-1,-0.01,-1,-1
99926009,2026-05-18 14:18:42+05:30,53519.0,0,0.0,0,0.0,0.0,53282.15,53619.2,52783.45,53710.35,0,0.0,0.0,0.0,0.0,-0.01,-1,-1,-0.01,-1,-1,-0.01,-1,-1,-0.01,-1,-1,-0.01,-1,-1,-0.01,-1,-1,-0.01,-1,-1,-0.01,-1,-1,-0.01,-1,-1,-0.01,-1,-1
99926009,2026-05-18 14:18:42+05:30,53518.95,0,0.0,0,0.0,0.0,53282.15,53619.2,52783.45,53710.35,0,0.0,0.0,0.0,0.0,-0.01,-1,-1,-0.01,-1,-1,-0.01,-1,-1,-0.01,-1,-1,-0.01,-1,-1,-0.01,-1,-1,-0.01,-1,-1,-0.01,-1,-1,-0.01,-1,-1,-0.01,-1,-1
99926009,2026-05-18 14:18:43+05:30,53517.9,0,0.0,0,0.0,0.0,53282.15,53619.2,52783.45,53710.35,0,0.0,0.0,0.0,0.0,-0.01,-1,-1,-0.01,-1,-1,-0.01,-1,-1,-0.01,-1,-1,-0.01,-1,-1,-0.01,-1,-1,-0.01,-1,-1,-0.01,-1,-1,-0.01,-1,-1,-0.01,-1,-1
99926009,2026-05-18 14:18:43+05:30,53519.45,0,0.0,0,0.0,0.0,53282.15,53619.2,52783.45,53710.35,0,0.0,0.0,0.0,0.0,-0.01,-1,-1,-0.01,-1,-1,-0.01,-1,-1,-0.01,-1,-1,-0.01,-1,-1,-0.01,-1,-1,-0.01,-1,-1,-0.01,-1,-1,-0.01,-1,-1,-0.01,-1,-1
99926009,2026-05-18 14:18:44+05:30,53519.95,0,0.0,0,0.0,0.0,53282.15,53619.2,52783.45,53710.35,0,0.0,0.0,0.0,0.0,-0.01,-1,-1,-0.01,-1,-1,-0.01,-1,-1,-0.01,-1,-1,-0.01,-1,-1,-0.01,-1,-1,-0.01,-1,-1,-0.01,-1,-1,-0.01,-1,-1,-0.01,-1,-1
99926009,2026-05-18 14:18:44+05:30,53519.35,0,0.0,0,0.0,0.0,53282.15,53619.2,52783.45,53710.35,0,0.0,0.0,0.0,0.0,-0.01,-1,-1,-0.01,-1,-1,-0.01,-1,-1,-0.01,-1,-1,-0.01,-1,-1,-0.01,-1,-1,-0.01,-1,-1,-0.01,-1,-1,-0.01,-1,-1,-0.01,-1,-1
99926009,2026-05-18 14:18:45+05:30,53519.8,0,0.0,0,0.0,0.0,53282.15,53619.2,52783.45,53710.35,0,0.0,0.0,0.0,0.0,-0.01,-1,-1,-0.01,-1,-1,-0.01,-1,-1,-0.01,-1,-1,-0.01,-1,-1,-0.01,-1,-1,-0.01,-1,-1,-0.01,-1,-1,-0.01,-1,-1,-0.01,-1,-1
99926009,2026-05-18 14:18:45+05:30,53523.25,0,0.0,0,0.0,0.0,53282.15,53619.2,52783.45,53710.35,0,0.0,0.0,0.0,0.0,-0.01,-1,-1,-0.01,-1,-1,-0.01,-1,-1,-0.01,-1,-1,-0.01,-1,-1,-0.01,-1,-1,-0.01,-1,-1,-0.01,-1,-1,-0.01,-1,-1,-0.01,-1,-1
99926009,2026-05-18 14:18:46+05:30,53521.95,0,0.0,0,0.0,0.0,53282.15,53619.2,52783.45,53710.35,0,0.0,0.0,0.0,0.0,-0.01,-1,-1,-0.01,-1,-1,-0.01,-1,-1,-0.01,-1,-1,-0.01,-1,-1,-0.01,-1,-1,-0.01,-1,-1,-0.01,-1,-1,-0.01,-1,-1,-0.01,-1,-1
99926009,2026-05-18 14:18:46+05:30,53523.25,0,0.0,0,0.0,0.0,53282.15,53619.2,52783.45,53710.35,0,0.0,0.0,0.0,0.0,-0.01,-1,-1,-0.01,-1,-1,-0.01,-1,-1,-0.01,-1,-1,-0.01,-1,-1,-0.01,-1,-1,-0.01,-1,-1,-0.01,-1,-1,-0.01,-1,-1,-0.01,-1,-1
99926009,2026-05-18 14:18:47+05:30,53523.4,0,0.0,0,0.0,0.0,53282.15,53619.2,52783.45,53710.35,0,0.0,0.0,0.0,0.0,-0.01,-1,-1,-0.01,-1,-1,-0.01,-1,-1,-0.01,-1,-1,-0.01,-1,-1,-0.01,-1,-1,-0.01,-1,-1,-0.01,-1,-1,-0.01,-1,-1,-0.01,-1,-1
99926009,2026-05-18 14:18:47+05:30,53521.3,0,0.0,0,0.0,0.0,53282.15,53619.2,52783.45,53710.35,0,0.0,0.0,0.0,0.0,-0.01,-1,-1,-0.01,-1,-1,-0.01,-1,-1,-0.01,-1,-1,-0.01,-1,-1,-0.01,-1,-1,-0.01,-1,-1,-0.01,-1,-1,-0.01,-1,-1,-0.01,-1,-1
99926009,2026-05-18 14:18:48+05:30,53519.95,0,0.0,0,0.0,0.0,53282.15,53619.2,52783.45,53710.35,0,0.0,0.0,0.0,0.0,-0.01,-1,-1,-0.01,-1,-1,-0.01,-1,-1,-0.01,-1,-1,-0.01,-1,-1,-0.01,-1,-1,-0.01,-1,-1,-0.01,-1,-1,-0.01,-1,-1,-0.01,-1,-1
99926009,2026-05-18 14:18:48+05:30,53521.4,0,0.0,0,0.0,0.0,53282.15,53619.2,52783.45,53710.35,0,0.0,0.0,0.0,0.0,-0.01,-1,-1,-0.01,-1,-1,-0.01,-1,-1,-0.01,-1,-1,-0.01,-1,-1,-0.01,-1,-1,-0.01,-1,-1,-0.01,-1,-1,-0.01,-1,-1,-0.01,-1,-1
99926009,2026-05-18 14:18:49+05:30,53519.25,0,0.0,0,0.0,0.0,53282.15,53619.2,52783.45,53710.35,0,0.0,0.0,0.0,0.0,-0.01,-1,-1,-0.01,-1,-1,-0.01,-1,-1,-0.01,-1,-1,-0.01,-1,-1,-0.01,-1,-1,-0.01,-1,-1,-0.01,-1,-1,-0.01,-1,-1,-0.01,-1,-1
99926009,2026-05-18 14:18:49+05:30,53519.3,0,0.0,0,0.0,0.0,53282.15,53619.2,52783.45,53710.35,0,0.0,0.0,0.0,0.0,-0.01,-1,-1,-0.01,-1,-1,-0.01,-1,-1,-0.01,-1,-1,-0.01,-1,-1,-0.01,-1,-1,-0.01,-1,-1,-0.01,-1,-1,-0.01,-1,-1,-0.01,-1,-1
99926009,2026-05-18 14:18:50+05:30,53523.85,0,0.0,0,0.0,0.0,53282.15,53619.2,52783.45,53710.35,0,0.0,0.0,0.0,0.0,-0.01,-1,-1,-0.01,-1,-1,-0.01,-1,-1,-0.01,-1,-1,-0.01,-1,-1,-0.01,-1,-1,-0.01,-1,-1,-0.01,-1,-1,-0.01,-1,-1,-0.01,-1,-1
99926009,2026-05-18 14:18:50+05:30,53521.2,0,0.0,0,0.0,0.0,53282.15,53619.2,52783.45,53710.35,0,0.0,0.0,0.0,0.0,-0.01,-1,-1,-0.01,-1,-1,-0.01,-1,-1,-0.01,-1,-1,-0.01,-1,-1,-0.01,-1,-1,-0.01,-1,-1,-0.01,-1,-1,-0.01,-1,-1,-0.01,-1,-1
99926009,2026-05-18 14:18:51+05:30,53522.0,0,0.0,0,0.0,0.0,53282.15,53619.2,52783.45,53710.35,0,0.0,0.0,0.0,0.0,-0.01,-1,-1,-0.01,-1,-1,-0.01,-1,-1,-0.01,-1,-1,-0.01,-1,-1,-0.01,-1,-1,-0.01,-1,-1,-0.01,-1,-1,-0.01,-1,-1,-0.01,-1,-1
99926009,2026-05-18 14:18:51+05:30,53522.15,0,0.0,0,0.0,0.0,53282.15,53619.2,52783.45,53710.35,0,0.0,0.0,0.0,0.0,-0.01,-1,-1,-0.01,-1,-1,-0.01,-1,-1,-0.01,-1,-1,-0.01,-1,-1,-0.01,-1,-1,-0.01,-1,-1,-0.01,-1,-1,-0.01,-1,-1,-0.01,-1,-1
99926009,2026-05-18 14:18:52+05:30,53526.7,0,0.0,0,0.0,0.0,53282.15,53619.2,52783.45,53710.35,0,0.0,0.0,0.0,0.0,-0.01,-1,-1,-0.01,-1,-1,-0.01,-1,-1,-0.01,-1,-1,-0.01,-1,-1,-0.01,-1,-1,-0.01,-1,-1,-0.01,-1,-1,-0.01,-1,-1,-0.01,-1,-1
99926009,2026-05-18 14:18:52+05:30,53525.6,0,0.0,0,0.0,0.0,53282.15,53619.2,52783.45,53710.35,0,0.0,0.0,0.0,0.0,-0.01,-1,-1,-0.01,-1,-1,-0.01,-1,-1,-0.01,-1,-1,-0.01,-1,-1,-0.01,-1,-1,-0.01,-1,-1,-0.01,-1,-1,-0.01,-1,-1,-0.01,-1,-1
99926009,2026-05-18 14:18:53+05:30,53526.85,0,0.0,0,0.0,0.0,53282.15,53619.2,52783.45,53710.35,0,0.0,0.0,0.0,0.0,-0.01,-1,-1,-0.01,-1,-1,-0.01,-1,-1,-0.01,-1,-1,-0.01,-1,-1,-0.01,-1,-1,-0.01,-1,-1,-0.01,-1,-1,-0.01,-1,-1,-0.01,-1,-1
99926009,2026-05-18 14:18:53+05:30,53525.75,0,0.0,0,0.0,0.0,53282.15,53619.2,52783.45,53710.35,0,0.0,0.0,0.0,0.0,-0.01,-1,-1,-0.01,-1,-1,-0.01,-1,-1,-0.01,-1,-1,-0.01,-1,-1,-0.01,-1,-1,-0.01,-1,-1,-0.01,-1,-1,-0.01,-1,-1,-0.01,-1,-1
99926009,2026-05-18 14:18:54+05:30,53524.95,0,0.0,0,0.0,0.0,53282.15,53619.2,52783.45,53710.35,0,0.0,0.0,0.0,0.0,-0.01,-1,-1,-0.01,-1,-1,-0.01,-1,-1,-0.01,-1,-1,-0.01,-1,-1,-0.01,-1,-1,-0.01,-1,-1,-0.01,-1,-1,-0.01,-1,-1,-0.01,-1,-1
99926009,2026-05-18 14:18:54+05:30,53525.35,0,0.0,0,0.0,0.0,53282.15,53619.2,52783.45,53710.35,0,0.0,0.0,0.0,0.0,-0.01,-1,-1,-0.01,-1,-1,-0.01,-1,-1,-0.01,-1,-1,-0.01,-1,-1,-0.01,-1,-1,-0.01,-1,-1,-0.01,-1,-1,-0.01,-1,-1,-0.01,-1,-1
99926009,2026-05-18 14:18:55+05:30,53525.1,0,0.0,0,0.0,0.0,53282.15,53619.2,52783.45,53710.35,0,0.0,0.0,0.0,0.0,-0.01,-1,-1,-0.01,-1,-1,-0.01,-1,-1,-0.01,-1,-1,-0.01,-1,-1,-0.01,-1,-1,-0.01,-1,-1,-0.01,-1,-1,-0.01,-1,-1,-0.01,-1,-1
99926009,2026-05-18 14:18:55+05:30,53523.95,0,0.0,0,0.0,0.0,53282.15,53619.2,52783.45,53710.35,0,0.0,0.0,0.0,0.0,-0.01,-1,-1,-0.01,-1,-1,-0.01,-1,-1,-0.01,-1,-1,-0.01,-1,-1,-0.01,-1,-1,-0.01,-1,-1,-0.01,-1,-1,-0.01,-1,-1,-0.01,-1,-1
99926009,2026-05-18 14:18:56+05:30,53524.1,0,0.0,0,0.0,0.0,53282.15,53619.2,52783.45,53710.35,0,0.0,0.0,0.0,0.0,-0.01,-1,-1,-0.01,-1,-1,-0.01,-1,-1,-0.01,-1,-1,-0.01,-1,-1,-0.01,-1,-1,-0.01,-1,-1,-0.01,-1,-1,-0.01,-1,-1,-0.01,-1,-1
99926009,2026-05-18 14:18:56+05:30,53523.6,0,0.0,0,0.0,0.0,53282.15,53619.2,52783.45,53710.35,0,0.0,0.0,0.0,0.0,-0.01,-1,-1,-0.01,-1,-1,-0.01,-1,-1,-0.01,-1,-1,-0.01,-1,-1,-0.01,-1,-1,-0.01,-1,-1,-0.01,-1,-1,-0.01,-1,-1,-0.01,-1,-1
99926009,2026-05-18 14:18:57+05:30,53523.2,0,0.0,0,0.0,0.0,53282.15,53619.2,52783.45,53710.35,0,0.0,0.0,0.0,0.0,-0.01,-1,-1,-0.01,-1,-1,-0.01,-1,-1,-0.01,-1,-1,-0.01,-1,-1,-0.01,-1,-1,-0.01,-1,-1,-0.01,-1,-1,-0.01,-1,-1,-0.01,-1,-1
99926009,2026-05-18 14:18:57+05:30,53522.25,0,0.0,0,0.0,0.0,53282.15,53619.2,52783.45,53710.35,0,0.0,0.0,0.0,0.0,-0.01,-1,-1,-0.01,-1,-1,-0.01,-1,-1,-0.01,-1,-1,-0.01,-1,-1,-0.01,-1,-1,-0.01,-1,-1,-0.01,-1,-1,-0.01,-1,-1,-0.01,-1,-1
99926009,2026-05-18 14:18:58+05:30,53521.4,0,0.0,0,0.0,0.0,53282.15,53619.2,52783.45,53710.35,0,0.0,0.0,0.0,0.0,-0.01,-1,-1,-0.01,-1,-1,-0.01,-1,-1,-0.01,-1,-1,-0.01,-1,-1,-0.01,-1,-1,-0.01,-1,-1,-0.01,-1,-1,-0.01,-1,-1,-0.01,-1,-1
99926009,2026-05-18 14:18:58+05:30,53521.2,0,0.0,0,0.0,0.0,53282.15,53619.2,52783.45,53710.35,0,0.0,0.0,0.0,0.0,-0.01,-1,-1,-0.01,-1,-1,-0.01,-1,-1,-0.01,-1,-1,-0.01,-1,-1,-0.01,-1,-1,-0.01,-1,-1,-0.01,-1,-1,-0.01,-1,-1,-0.01,-1,-1
99926009,2026-05-18 14:18:59+05:30,53523.15,0,0.0,0,0.0,0.0,53282.15,53619.2,52783.45,53710.35,0,0.0,0.0,0.0,0.0,-0.01,-1,-1,-0.01,-1,-1,-0.01,-1,-1,-0.01,-1,-1,-0.01,-1,-1,-0.01,-1,-1,-0.01,-1,-1,-0.01,-1,-1,-0.01,-1,-1,-0.01,-1,-1
99926009,2026-05-18 14:18:59+05:30,53523.45,0,0.0,0,0.0,0.0,53282.15,53619.2,52783.45,53710.35,0,0.0,0.0,0.0,0.0,-0.01,-1,-1,-0.01,-1,-1,-0.01,-1,-1,-0.01,-1,-1,-0.01,-1,-1,-0.01,-1,-1,-0.01,-1,-1,-0.01,-1,-1,-0.01,-1,-1,-0.01,-1,-1
99926009,2026-05-18 14:19:00+05:30,53522.95,0,0.0,0,0.0,0.0,53282.15,53619.2,52783.45,53710.35,0,0.0,0.0,0.0,0.0,-0.01,-1,-1,-0.01,-1,-1,-0.01,-1,-1,-0.01,-1,-1,-0.01,-1,-1,-0.01,-1,-1,-0.01,-1,-1,-0.01,-1,-1,-0.01,-1,-1,-0.01,-1,-1
99926009,2026-05-18 14:19:00+05:30,53524.3,0,0.0,0,0.0,0.0,53282.15,53619.2,52783.45,53710.35,0,0.0,0.0,0.0,0.0,-0.01,-1,-1,-0.01,-1,-1,-0.01,-1,-1,-0.01,-1,-1,-0.01,-1,-1,-0.01,-1,-1,-0.01,-1,-1,-0.01,-1,-1,-0.01,-1,-1,-0.01,-1,-1
99926009,2026-05-18 14:19:01+05:30,53525.35,0,0.0,0,0.0,0.0,53282.15,53619.2,52783.45,53710.35,0,0.0,0.0,0.0,0.0,-0.01,-1,-1,-0.01,-1,-1,-0.01,-1,-1,-0.01,-1,-1,-0.01,-1,-1,-0.01,-1,-1,-0.01,-1,-1,-0.01,-1,-1,-0.01,-1,-1,-0.01,-1,-1
99926009,2026-05-18 14:19:01+05:30,53524.95,0,0.0,0,0.0,0.0,53282.15,53619.2,52783.45,53710.35,0,0.0,0.0,0.0,0.0,-0.01,-1,-1,-0.01,-1,-1,-0.01,-1,-1,-0.01,-1,-1,-0.01,-1,-1,-0.01,-1,-1,-0.01,-1,-1,-0.01,-1,-1,-0.01,-1,-1,-0.01,-1,-1
99926009,2026-05-18 14:19:02+05:30,53525.35,0,0.0,0,0.0,0.0,53282.15,53619.2,52783.45,53710.35,0,0.0,0.0,0.0,0.0,-0.01,-1,-1,-0.01,-1,-1,-0.01,-1,-1,-0.01,-1,-1,-0.01,-1,-1,-0.01,-1,-1,-0.01,-1,-1,-0.01,-1,-1,-0.01,-1,-1,-0.01,-1,-1
99926009,2026-05-18 14:19:02+05:30,53525.1,0,0.0,0,0.0,0.0,53282.15,53619.2,52783.45,53710.35,0,0.0,0.0,0.0,0.0,-0.01,-1,-1,-0.01,-1,-1,-0.01,-1,-1,-0.01,-1,-1,-0.01,-1,-1,-0.01,-1,-1,-0.01,-1,-1,-0.01,-1,-1,-0.01,-1,-1,-0.01,-1,-1
99926009,2026-05-18 14:19:03+05:30,53524.75,0,0.0,0,0.0,0.0,53282.15,53619.2,52783.45,53710.35,0,0.0,0.0,0.0,0.0,-0.01,-1,-1,-0.01,-1,-1,-0.01,-1,-1,-0.01,-1,-1,-0.01,-1,-1,-0.01,-1,-1,-0.01,-1,-1,-0.01,-1,-1,-0.01,-1,-1,-0.01,-1,-1
99926009,2026-05-18 14:19:03+05:30,53525.15,0,0.0,0,0.0,0.0,53282.15,53619.2,52783.45,53710.35,0,0.0,0.0,0.0,0.0,-0.01,-1,-1,-0.01,-1,-1,-0.01,-1,-1,-0.01,-1,-1,-0.01,-1,-1,-0.01,-1,-1,-0.01,-1,-1,-0.01,-1,-1,-0.01,-1,-1,-0.01,-1,-1
99926009,2026-05-18 14:19:04+05:30,53523.85,0,0.0,0,0.0,0.0,53282.15,53619.2,52783.45,53710.35,0,0.0,0.0,0.0,0.0,-0.01,-1,-1,-0.01,-1,-1,-0.01,-1,-1,-0.01,-1,-1,-0.01,-1,-1,-0.01,-1,-1,-0.01,-1,-1,-0.01,-1,-1,-0.01,-1,-1,-0.01,-1,-1
99926009,2026-05-18 14:19:04+05:30,53523.9,0,0.0,0,0.0,0.0,53282.15,53619.2,52783.45,53710.35,0,0.0,0.0,0.0,0.0,-0.01,-1,-1,-0.01,-1,-1,-0.01,-1,-1,-0.01,-1,-1,-0.01,-1,-1,-0.01,-1,-1,-0.01,-1,-1,-0.01,-1,-1,-0.01,-1,-1,-0.01,-1,-1
99926009,2026-05-18 14:19:05+05:30,53524.35,0,0.0,0,0.0,0.0,53282.15,53619.2,52783.45,53710.35,0,0.0,0.0,0.0,0.0,-0.01,-1,-1,-0.01,-1,-1,-0.01,-1,-1,-0.01,-1,-1,-0.01,-1,-1,-0.01,-1,-1,-0.01,-1,-1,-0.01,-1,-1,-0.01,-1,-1,-0.01,-1,-1
99926009,2026-05-18 14:19:05+05:30,53523.05,0,0.0,0,0.0,0.0,53282.15,53619.2,52783.45,53710.35,0,0.0,0.0,0.0,0.0,-0.01,-1,-1,-0.01,-1,-1,-0.01,-1,-1,-0.01,-1,-1,-0.01,-1,-1,-0.01,-1,-1,-0.01,-1,-1,-0.01,-1,-1,-0.01,-1,-1,-0.01,-1,-1
99926009,2026-05-18 14:19:06+05:30,53521.85,0,0.0,0,0.0,0.0,53282.15,53619.2,52783.45,53710.35,0,0.0,0.0,0.0,0.0,-0.01,-1,-1,-0.01,-1,-1,-0.01,-1,-1,-0.01,-1,-1,-0.01,-1,-1,-0.01,-1,-1,-0.01,-1,-1,-0.01,-1,-1,-0.01,-1,-1,-0.01,-1,-1
99926009,2026-05-18 14:19:06+05:30,53522.9,0,0.0,0,0.0,0.0,53282.15,53619.2,52783.45,53710.35,0,0.0,0.0,0.0,0.0,-0.01,-1,-1,-0.01,-1,-1,-0.01,-1,-1,-0.01,-1,-1,-0.01,-1,-1,-0.01,-1,-1,-0.01,-1,-1,-0.01,-1,-1,-0.01,-1,-1,-0.01,-1,-1
99926009,2026-05-18 14:19:07+05:30,53523.1,0,0.0,0,0.0,0.0,53282.15,53619.2,52783.45,53710.35,0,0.0,0.0,0.0,0.0,-0.01,-1,-1,-0.01,-1,-1,-0.01,-1,-1,-0.01,-1,-1,-0.01,-1,-1,-0.01,-1,-1,-0.01,-1,-1,-0.01,-1,-1,-0.01,-1,-1,-0.01,-1,-1
99926009,2026-05-18 14:19:07+05:30,53521.1,0,0.0,0,0.0,0.0,53282.15,53619.2,52783.45,53710.35,0,0.0,0.0,0.0,0.0,-0.01,-1,-1,-0.01,-1,-1,-0.01,-1,-1,-0.01,-1,-1,-0.01,-1,-1,-0.01,-1,-1,-0.01,-1,-1,-0.01,-1,-1,-0.01,-1,-1,-0.01,-1,-1
99926009,2026-05-18 14:19:08+05:30,53521.7,0,0.0,0,0.0,0.0,53282.15,53619.2,52783.45,53710.35,0,0.0,0.0,0.0,0.0,-0.01,-1,-1,-0.01,-1,-1,-0.01,-1,-1,-0.01,-1,-1,-0.01,-1,-1,-0.01,-1,-1,-0.01,-1,-1,-0.01,-1,-1,-0.01,-1,-1,-0.01,-1,-1
99926009,2026-05-18 14:19:08+05:30,53523.5,0,0.0,0,0.0,0.0,53282.15,53619.2,52783.45,53710.35,0,0.0,0.0,0.0,0.0,-0.01,-1,-1,-0.01,-1,-1,-0.01,-1,-1,-0.01,-1,-1,-0.01,-1,-1,-0.01,-1,-1,-0.01,-1,-1,-0.01,-1,-1,-0.01,-1,-1,-0.01,-1,-1
99926009,2026-05-18 14:19:09+05:30,53523.25,0,0.0,0,0.0,0.0,53282.15,53619.2,52783.45,53710.35,0,0.0,0.0,0.0,0.0,-0.01,-1,-1,-0.01,-1,-1,-0.01,-1,-1,-0.01,-1,-1,-0.01,-1,-1,-0.01,-1,-1,-0.01,-1,-1,-0.01,-1,-1,-0.01,-1,-1,-0.01,-1,-1
99926009,2026-05-18 14:19:09+05:30,53523.55,0,0.0,0,0.0,0.0,53282.15,53619.2,52783.45,53710.35,0,0.0,0.0,0.0,0.0,-0.01,-1,-1,-0.01,-1,-1,-0.01,-1,-1,-0.01,-1,-1,-0.01,-1,-1,-0.01,-1,-1,-0.01,-1,-1,-0.01,-1,-1,-0.01,-1,-1,-0.01,-1,-1
99926009,2026-05-18 14:19:10+05:30,53523.4,0,0.0,0,0.0,0.0,53282.15,53619.2,52783.45,53710.35,0,0.0,0.0,0.0,0.0,-0.01,-1,-1,-0.01,-1,-1,-0.01,-1,-1,-0.01,-1,-1,-0.01,-1,-1,-0.01,-1,-1,-0.01,-1,-1,-0.01,-1,-1,-0.01,-1,-1,-0.01,-1,-1
99926009,2026-05-18 14:19:10+05:30,53522.45,0,0.0,0,0.0,0.0,53282.15,53619.2,52783.45,53710.35,0,0.0,0.0,0.0,0.0,-0.01,-1,-1,-0.01,-1,-1,-0.01,-1,-1,-0.01,-1,-1,-0.01,-1,-1,-0.01,-1,-1,-0.01,-1,-1,-0.01,-1,-1,-0.01,-1,-1,-0.01,-1,-1
99926009,2026-05-18 14:19:11+05:30,53519.0,0,0.0,0,0.0,0.0,53282.15,53619.2,52783.45,53710.35,0,0.0,0.0,0.0,0.0,-0.01,-1,-1,-0.01,-1,-1,-0.01,-1,-1,-0.01,-1,-1,-0.01,-1,-1,-0.01,-1,-1,-0.01,-1,-1,-0.01,-1,-1,-0.01,-1,-1,-0.01,-1,-1
99926009,2026-05-18 14:19:11+05:30,53518.45,0,0.0,0,0.0,0.0,53282.15,53619.2,52783.45,53710.35,0,0.0,0.0,0.0,0.0,-0.01,-1,-1,-0.01,-1,-1,-0.01,-1,-1,-0.01,-1,-1,-0.01,-1,-1,-0.01,-1,-1,-0.01,-1,-1,-0.01,-1,-1,-0.01,-1,-1,-0.01,-1,-1
99926009,2026-05-18 14:19:12+05:30,53515.45,0,0.0,0,0.0,0.0,53282.15,53619.2,52783.45,53710.35,0,0.0,0.0,0.0,0.0,-0.01,-1,-1,-0.01,-1,-1,-0.01,-1,-1,-0.01,-1,-1,-0.01,-1,-1,-0.01,-1,-1,-0.01,-1,-1,-0.01,-1,-1,-0.01,-1,-1,-0.01,-1,-1
99926009,2026-05-18 14:19:12+05:30,53513.4,0,0.0,0,0.0,0.0,53282.15,53619.2,52783.45,53710.35,0,0.0,0.0,0.0,0.0,-0.01,-1,-1,-0.01,-1,-1,-0.01,-1,-1,-0.01,-1,-1,-0.01,-1,-1,-0.01,-1,-1,-0.01,-1,-1,-0.01,-1,-1,-0.01,-1,-1,-0.01,-1,-1
99926009,2026-05-18 14:19:13+05:30,53511.5,0,0.0,0,0.0,0.0,53282.15,53619.2,52783.45,53710.35,0,0.0,0.0,0.0,0.0,-0.01,-1,-1,-0.01,-1,-1,-0.01,-1,-1,-0.01,-1,-1,-0.01,-1,-1,-0.01,-1,-1,-0.01,-1,-1,-0.01,-1,-1,-0.01,-1,-1,-0.01,-1,-1
99926009,2026-05-18 14:19:13+05:30,53510.8,0,0.0,0,0.0,0.0,53282.15,53619.2,52783.45,53710.35,0,0.0,0.0,0.0,0.0,-0.01,-1,-1,-0.01,-1,-1,-0.01,-1,-1,-0.01,-1,-1,-0.01,-1,-1,-0.01,-1,-1,-0.01,-1,-1,-0.01,-1,-1,-0.01,-1,-1,-0.01,-1,-1
99926009,2026-05-18 14:19:14+05:30,53508.0,0,0.0,0,0.0,0.0,53282.15,53619.2,52783.45,53710.35,0,0.0,0.0,0.0,0.0,-0.01,-1,-1,-0.01,-1,-1,-0.01,-1,-1,-0.01,-1,-1,-0.01,-1,-1,-0.01,-1,-1,-0.01,-1,-1,-0.01,-1,-1,-0.01,-1,-1,-0.01,-1,-1
99926009,2026-05-18 14:19:14+05:30,53507.65,0,0.0,0,0.0,0.0,53282.15,53619.2,52783.45,53710.35,0,0.0,0.0,0.0,0.0,-0.01,-1,-1,-0.01,-1,-1,-0.01,-1,-1,-0.01,-1,-1,-0.01,-1,-1,-0.01,-1,-1,-0.01,-1,-1,-0.01,-1,-1,-0.01,-1,-1,-0.01,-1,-1
99926009,2026-05-18 14:19:15+05:30,53504.0,0,0.0,0,0.0,0.0,53282.15,53619.2,52783.45,53710.35,0,0.0,0.0,0.0,0.0,-0.01,-1,-1,-0.01,-1,-1,-0.01,-1,-1,-0.01,-1,-1,-0.01,-1,-1,-0.01,-1,-1,-0.01,-1,-1,-0.01,-1,-1,-0.01,-1,-1,-0.01,-1,-1
99926009,2026-05-18 14:19:15+05:30,53507.95,0,0.0,0,0.0,0.0,53282.15,53619.2,52783.45,53710.35,0,0.0,0.0,0.0,0.0,-0.01,-1,-1,-0.01,-1,-1,-0.01,-1,-1,-0.01,-1,-1,-0.01,-1,-1,-0.01,-1,-1,-0.01,-1,-1,-0.01,-1,-1,-0.01,-1,-1,-0.01,-1,-1
99926009,2026-05-18 14:19:16+05:30,53501.55,0,0.0,0,0.0,0.0,53282.15,53619.2,52783.45,53710.35,0,0.0,0.0,0.0,0.0,-0.01,-1,-1,-0.01,-1,-1,-0.01,-1,-1,-0.01,-1,-1,-0.01,-1,-1,-0.01,-1,-1,-0.01,-1,-1,-0.01,-1,-1,-0.01,-1,-1,-0.01,-1,-1
99926009,2026-05-18 14:19:16+05:30,53503.15,0,0.0,0,0.0,0.0,53282.15,53619.2,52783.45,53710.35,0,0.0,0.0,0.0,0.0,-0.01,-1,-1,-0.01,-1,-1,-0.01,-1,-1,-0.01,-1,-1,-0.01,-1,-1,-0.01,-1,-1,-0.01,-1,-1,-0.01,-1,-1,-0.01,-1,-1,-0.01,-1,-1
99926009,2026-05-18 14:19:17+05:30,53499.2,0,0.0,0,0.0,0.0,53282.15,53619.2,52783.45,53710.35,0,0.0,0.0,0.0,0.0,-0.01,-1,-1,-0.01,-1,-1,-0.01,-1,-1,-0.01,-1,-1,-0.01,-1,-1,-0.01,-1,-1,-0.01,-1,-1,-0.01,-1,-1,-0.01,-1,-1,-0.01,-1,-1
99926009,2026-05-18 14:19:17+05:30,53495.5,0,0.0,0,0.0,0.0,53282.15,53619.2,52783.45,53710.35,0,0.0,0.0,0.0,0.0,-0.01,-1,-1,-0.01,-1,-1,-0.01,-1,-1,-0.01,-1,-1,-0.01,-1,-1,-0.01,-1,-1,-0.01,-1,-1,-0.01,-1,-1,-0.01,-1,-1,-0.01,-1,-1
99926009,2026-05-18 14:19:18+05:30,53495.5,0,0.0,0,0.0,0.0,53282.15,53619.2,52783.45,53710.35,0,0.0,0.0,0.0,0.0,-0.01,-1,-1,-0.01,-1,-1,-0.01,-1,-1,-0.01,-1,-1,-0.01,-1,-1,-0.01,-1,-1,-0.01,-1,-1,-0.01,-1,-1,-0.01,-1,-1,-0.01,-1,-1
99926009,2026-05-18 14:19:18+05:30,53496.55,0,0.0,0,0.0,0.0,53282.15,53619.2,52783.45,53710.35,0,0.0,0.0,0.0,0.0,-0.01,-1,-1,-0.01,-1,-1,-0.01,-1,-1,-0.01,-1,-1,-0.01,-1,-1,-0.01,-1,-1,-0.01,-1,-1,-0.01,-1,-1,-0.01,-1,-1,-0.01,-1,-1
99926009,2026-05-18 14:19:19+05:30,53496.2,0,0.0,0,0.0,0.0,53282.15,53619.2,52783.45,53710.35,0,0.0,0.0,0.0,0.0,-0.01,-1,-1,-0.01,-1,-1,-0.01,-1,-1,-0.01,-1,-1,-0.01,-1,-1,-0.01,-1,-1,-0.01,-1,-1,-0.01,-1,-1,-0.01,-1,-1,-0.01,-1,-1
99926009,2026-05-18 14:19:19+05:30,53497.55,0,0.0,0,0.0,0.0,53282.15,53619.2,52783.45,53710.35,0,0.0,0.0,0.0,0.0,-0.01,-1,-1,-0.01,-1,-1,-0.01,-1,-1,-0.01,-1,-1,-0.01,-1,-1,-0.01,-1,-1,-0.01,-1,-1,-0.01,-1,-1,-0.01,-1,-1,-0.01,-1,-1
99926009,2026-05-18 14:19:20+05:30,53496.9,0,0.0,0,0.0,0.0,53282.15,53619.2,52783.45,53710.35,0,0.0,0.0,0.0,0.0,-0.01,-1,-1,-0.01,-1,-1,-0.01,-1,-1,-0.01,-1,-1,-0.01,-1,-1,-0.01,-1,-1,-0.01,-1,-1,-0.01,-1,-1,-0.01,-1,-1,-0.01,-1,-1
99926009,2026-05-18 14:19:20+05:30,53495.85,0,0.0,0,0.0,0.0,53282.15,53619.2,52783.45,53710.35,0,0.0,0.0,0.0,0.0,-0.01,-1,-1,-0.01,-1,-1,-0.01,-1,-1,-0.01,-1,-1,-0.01,-1,-1,-0.01,-1,-1,-0.01,-1,-1,-0.01,-1,-1,-0.01,-1,-1,-0.01,-1,-1
99926009,2026-05-18 14:19:21+05:30,53496.7,0,0.0,0,0.0,0.0,53282.15,53619.2,52783.45,53710.35,0,0.0,0.0,0.0,0.0,-0.01,-1,-1,-0.01,-1,-1,-0.01,-1,-1,-0.01,-1,-1,-0.01,-1,-1,-0.01,-1,-1,-0.01,-1,-1,-0.01,-1,-1,-0.01,-1,-1,-0.01,-1,-1
99926009,2026-05-18 14:19:21+05:30,53496.45,0,0.0,0,0.0,0.0,53282.15,53619.2,52783.45,53710.35,0,0.0,0.0,0.0,0.0,-0.01,-1,-1,-0.01,-1,-1,-0.01,-1,-1,-0.01,-1,-1,-0.01,-1,-1,-0.01,-1,-1,-0.01,-1,-1,-0.01,-1,-1,-0.01,-1,-1,-0.01,-1,-1
99926009,2026-05-18 14:19:22+05:30,53496.45,0,0.0,0,0.0,0.0,53282.15,53619.2,52783.45,53710.35,0,0.0,0.0,0.0,0.0,-0.01,-1,-1,-0.01,-1,-1,-0.01,-1,-1,-0.01,-1,-1,-0.01,-1,-1,-0.01,-1,-1,-0.01,-1,-1,-0.01,-1,-1,-0.01,-1,-1,-0.01,-1,-1
99926009,2026-05-18 14:19:22+05:30,53495.95,0,0.0,0,0.0,0.0,53282.15,53619.2,52783.45,53710.35,0,0.0,0.0,0.0,0.0,-0.01,-1,-1,-0.01,-1,-1,-0.01,-1,-1,-0.01,-1,-1,-0.01,-1,-1,-0.01,-1,-1,-0.01,-1,-1,-0.01,-1,-1,-0.01,-1,-1,-0.01,-1,-1
99926009,2026-05-18 14:19:23+05:30,53494.1,0,0.0,0,0.0,0.0,53282.15,53619.2,52783.45,53710.35,0,0.0,0.0,0.0,0.0,-0.01,-1,-1,-0.01,-1,-1,-0.01,-1,-1,-0.01,-1,-1,-0.01,-1,-1,-0.01,-1,-1,-0.01,-1,-1,-0.01,-1,-1,-0.01,-1,-1,-0.01,-1,-1
99926009,2026-05-18 14:19:23+05:30,53494.05,0,0.0,0,0.0,0.0,53282.15,53619.2,52783.45,53710.35,0,0.0,0.0,0.0,0.0,-0.01,-1,-1,-0.01,-1,-1,-0.01,-1,-1,-0.01,-1,-1,-0.01,-1,-1,-0.01,-1,-1,-0.01,-1,-1,-0.01,-1,-1,-0.01,-1,-1,-0.01,-1,-1
99926009,2026-05-18 14:19:24+05:30,53496.1,0,0.0,0,0.0,0.0,53282.15,53619.2,52783.45,53710.35,0,0.0,0.0,0.0,0.0,-0.01,-1,-1,-0.01,-1,-1,-0.01,-1,-1,-0.01,-1,-1,-0.01,-1,-1,-0.01,-1,-1,-0.01,-1,-1,-0.01,-1,-1,-0.01,-1,-1,-0.01,-1,-1
99926009,2026-05-18 14:19:24+05:30,53497.7,0,0.0,0,0.0,0.0,53282.15,53619.2,52783.45,53710.35,0,0.0,0.0,0.0,0.0,-0.01,-1,-1,-0.01,-1,-1,-0.01,-1,-1,-0.01,-1,-1,-0.01,-1,-1,-0.01,-1,-1,-0.01,-1,-1,-0.01,-1,-1,-0.01,-1,-1,-0.01,-1,-1
99926009,2026-05-18 14:19:25+05:30,53495.7,0,0.0,0,0.0,0.0,53282.15,53619.2,52783.45,53710.35,0,0.0,0.0,0.0,0.0,-0.01,-1,-1,-0.01,-1,-1,-0.01,-1,-1,-0.01,-1,-1,-0.01,-1,-1,-0.01,-1,-1,-0.01,-1,-1,-0.01,-1,-1,-0.01,-1,-1,-0.01,-1,-1
99926009,2026-05-18 14:19:25+05:30,53497.4,0,0.0,0,0.0,0.0,53282.15,53619.2,52783.45,53710.35,0,0.0,0.0,0.0,0.0,-0.01,-1,-1,-0.01,-1,-1,-0.01,-1,-1,-0.01,-1,-1,-0.01,-1,-1,-0.01,-1,-1,-0.01,-1,-1,-0.01,-1,-1,-0.01,-1,-1,-0.01,-1,-1
99926009,2026-05-18 14:19:26+05:30,53497.55,0,0.0,0,0.0,0.0,53282.15,53619.2,52783.45,53710.35,0,0.0,0.0,0.0,0.0,-0.01,-1,-1,-0.01,-1,-1,-0.01,-1,-1,-0.01,-1,-1,-0.01,-1,-1,-0.01,-1,-1,-0.01,-1,-1,-0.01,-1,-1,-0.01,-1,-1,-0.01,-1,-1
99926009,2026-05-18 14:19:26+05:30,53497.75,0,0.0,0,0.0,0.0,53282.15,53619.2,52783.45,53710.35,0,0.0,0.0,0.0,0.0,-0.01,-1,-1,-0.01,-1,-1,-0.01,-1,-1,-0.01,-1,-1,-0.01,-1,-1,-0.01,-1,-1,-0.01,-1,-1,-0.01,-1,-1,-0.01,-1,-1,-0.01,-1,-1
99926009,2026-05-18 14:19:27+05:30,53496.8,0,0.0,0,0.0,0.0,53282.15,53619.2,52783.45,53710.35,0,0.0,0.0,0.0,0.0,-0.01,-1,-1,-0.01,-1,-1,-0.01,-1,-1,-0.01,-1,-1,-0.01,-1,-1,-0.01,-1,-1,-0.01,-1,-1,-0.01,-1,-1,-0.01,-1,-1,-0.01,-1,-1
99926009,2026-05-18 14:19:27+05:30,53497.75,0,0.0,0,0.0,0.0,53282.15,53619.2,52783.45,53710.35,0,0.0,0.0,0.0,0.0,-0.01,-1,-1,-0.01,-1,-1,-0.01,-1,-1,-0.01,-1,-1,-0.01,-1,-1,-0.01,-1,-1,-0.01,-1,-1,-0.01,-1,-1,-0.01,-1,-1,-0.01,-1,-1
99926009,2026-05-18 14:19:28+05:30,53500.6,0,0.0,0,0.0,0.0,53282.15,53619.2,52783.45,53710.35,0,0.0,0.0,0.0,0.0,-0.01,-1,-1,-0.01,-1,-1,-0.01,-1,-1,-0.01,-1,-1,-0.01,-1,-1,-0.01,-1,-1,-0.01,-1,-1,-0.01,-1,-1,-0.01,-1,-1,-0.01,-1,-1
99926009,2026-05-18 14:19:28+05:30,53497.65,0,0.0,0,0.0,0.0,53282.15,53619.2,52783.45,53710.35,0,0.0,0.0,0.0,0.0,-0.01,-1,-1,-0.01,-1,-1,-0.01,-1,-1,-0.01,-1,-1,-0.01,-1,-1,-0.01,-1,-1,-0.01,-1,-1,-0.01,-1,-1,-0.01,-1,-1,-0.01,-1,-1
99926009,2026-05-18 14:19:29+05:30,53500.3,0,0.0,0,0.0,0.0,53282.15,53619.2,52783.45,53710.35,0,0.0,0.0,0.0,0.0,-0.01,-1,-1,-0.01,-1,-1,-0.01,-1,-1,-0.01,-1,-1,-0.01,-1,-1,-0.01,-1,-1,-0.01,-1,-1,-0.01,-1,-1,-0.01,-1,-1,-0.01,-1,-1
99926009,2026-05-18 14:19:29+05:30,53500.25,0,0.0,0,0.0,0.0,53282.15,53619.2,52783.45,53710.35,0,0.0,0.0,0.0,0.0,-0.01,-1,-1,-0.01,-1,-1,-0.01,-1,-1,-0.01,-1,-1,-0.01,-1,-1,-0.01,-1,-1,-0.01,-1,-1,-0.01,-1,-1,-0.01,-1,-1,-0.01,-1,-1
99926009,2026-05-18 14:19:30+05:30,53498.85,0,0.0,0,0.0,0.0,53282.15,53619.2,52783.45,53710.35,0,0.0,0.0,0.0,0.0,-0.01,-1,-1,-0.01,-1,-1,-0.01,-1,-1,-0.01,-1,-1,-0.01,-1,-1,-0.01,-1,-1,-0.01,-1,-1,-0.01,-1,-1,-0.01,-1,-1,-0.01,-1,-1
99926009,2026-05-18 14:19:30+05:30,53501.6,0,0.0,0,0.0,0.0,53282.15,53619.2,52783.45,53710.35,0,0.0,0.0,0.0,0.0,-0.01,-1,-1,-0.01,-1,-1,-0.01,-1,-1,-0.01,-1,-1,-0.01,-1,-1,-0.01,-1,-1,-0.01,-1,-1,-0.01,-1,-1,-0.01,-1,-1,-0.01,-1,-1
99926009,2026-05-18 14:19:31+05:30,53505.2,0,0.0,0,0.0,0.0,53282.15,53619.2,52783.45,53710.35,0,0.0,0.0,0.0,0.0,-0.01,-1,-1,-0.01,-1,-1,-0.01,-1,-1,-0.01,-1,-1,-0.01,-1,-1,-0.01,-1,-1,-0.01,-1,-1,-0.01,-1,-1,-0.01,-1,-1,-0.01,-1,-1
99926009,2026-05-18 14:19:31+05:30,53505.25,0,0.0,0,0.0,0.0,53282.15,53619.2,52783.45,53710.35,0,0.0,0.0,0.0,0.0,-0.01,-1,-1,-0.01,-1,-1,-0.01,-1,-1,-0.01,-1,-1,-0.01,-1,-1,-0.01,-1,-1,-0.01,-1,-1,-0.01,-1,-1,-0.01,-1,-1,-0.01,-1,-1
99926009,2026-05-18 14:19:32+05:30,53504.75,0,0.0,0,0.0,0.0,53282.15,53619.2,52783.45,53710.35,0,0.0,0.0,0.0,0.0,-0.01,-1,-1,-0.01,-1,-1,-0.01,-1,-1,-0.01,-1,-1,-0.01,-1,-1,-0.01,-1,-1,-0.01,-1,-1,-0.01,-1,-1,-0.01,-1,-1,-0.01,-1,-1
99926009,2026-05-18 14:19:32+05:30,53503.0,0,0.0,0,0.0,0.0,53282.15,53619.2,52783.45,53710.35,0,0.0,0.0,0.0,0.0,-0.01,-1,-1,-0.01,-1,-1,-0.01,-1,-1,-0.01,-1,-1,-0.01,-1,-1,-0.01,-1,-1,-0.01,-1,-1,-0.01,-1,-1,-0.01,-1,-1,-0.01,-1,-1
99926009,2026-05-18 14:19:33+05:30,53503.8,0,0.0,0,0.0,0.0,53282.15,53619.2,52783.45,53710.35,0,0.0,0.0,0.0,0.0,-0.01,-1,-1,-0.01,-1,-1,-0.01,-1,-1,-0.01,-1,-1,-0.01,-1,-1,-0.01,-1,-1,-0.01,-1,-1,-0.01,-1,-1,-0.01,-1,-1,-0.01,-1,-1
99926009,2026-05-18 14:19:33+05:30,53503.85,0,0.0,0,0.0,0.0,53282.15,53619.2,52783.45,53710.35,0,0.0,0.0,0.0,0.0,-0.01,-1,-1,-0.01,-1,-1,-0.01,-1,-1,-0.01,-1,-1,-0.01,-1,-1,-0.01,-1,-1,-0.01,-1,-1,-0.01,-1,-1,-0.01,-1,-1,-0.01,-1,-1
99926009,2026-05-18 14:19:34+05:30,53505.5,0,0.0,0,0.0,0.0,53282.15,53619.2,52783.45,53710.35,0,0.0,0.0,0.0,0.0,-0.01,-1,-1,-0.01,-1,-1,-0.01,-1,-1,-0.01,-1,-1,-0.01,-1,-1,-0.01,-1,-1,-0.01,-1,-1,-0.01,-1,-1,-0.01,-1,-1,-0.01,-1,-1
99926009,2026-05-18 14:19:34+05:30,53503.95,0,0.0,0,0.0,0.0,53282.15,53619.2,52783.45,53710.35,0,0.0,0.0,0.0,0.0,-0.01,-1,-1,-0.01,-1,-1,-0.01,-1,-1,-0.01,-1,-1,-0.01,-1,-1,-0.01,-1,-1,-0.01,-1,-1,-0.01,-1,-1,-0.01,-1,-1,-0.01,-1,-1
99926009,2026-05-18 14:19:35+05:30,53506.45,0,0.0,0,0.0,0.0,53282.15,53619.2,52783.45,53710.35,0,0.0,0.0,0.0,0.0,-0.01,-1,-1,-0.01,-1,-1,-0.01,-1,-1,-0.01,-1,-1,-0.01,-1,-1,-0.01,-1,-1,-0.01,-1,-1,-0.01,-1,-1,-0.01,-1,-1,-0.01,-1,-1
99926009,2026-05-18 14:19:35+05:30,53503.35,0,0.0,0,0.0,0.0,53282.15,53619.2,52783.45,53710.35,0,0.0,0.0,0.0,0.0,-0.01,-1,-1,-0.01,-1,-1,-0.01,-1,-1,-0.01,-1,-1,-0.01,-1,-1,-0.01,-1,-1,-0.01,-1,-1,-0.01,-1,-1,-0.01,-1,-1,-0.01,-1,-1
99926009,2026-05-18 14:19:36+05:30,53503.2,0,0.0,0,0.0,0.0,53282.15,53619.2,52783.45,53710.35,0,0.0,0.0,0.0,0.0,-0.01,-1,-1,-0.01,-1,-1,-0.01,-1,-1,-0.01,-1,-1,-0.01,-1,-1,-0.01,-1,-1,-0.01,-1,-1,-0.01,-1,-1,-0.01,-1,-1,-0.01,-1,-1
99926009,2026-05-18 14:19:36+05:30,53504.8,0,0.0,0,0.0,0.0,53282.15,53619.2,52783.45,53710.35,0,0.0,0.0,0.0,0.0,-0.01,-1,-1,-0.01,-1,-1,-0.01,-1,-1,-0.01,-1,-1,-0.01,-1,-1,-0.01,-1,-1,-0.01,-1,-1,-0.01,-1,-1,-0.01,-1,-1,-0.01,-1,-1
99926009,2026-05-18 14:19:37+05:30,53505.75,0,0.0,0,0.0,0.0,53282.15,53619.2,52783.45,53710.35,0,0.0,0.0,0.0,0.0,-0.01,-1,-1,-0.01,-1,-1,-0.01,-1,-1,-0.01,-1,-1,-0.01,-1,-1,-0.01,-1,-1,-0.01,-1,-1,-0.01,-1,-1,-0.01,-1,-1,-0.01,-1,-1
99926009,2026-05-18 14:19:37+05:30,53507.6,0,0.0,0,0.0,0.0,53282.15,53619.2,52783.45,53710.35,0,0.0,0.0,0.0,0.0,-0.01,-1,-1,-0.01,-1,-1,-0.01,-1,-1,-0.01,-1,-1,-0.01,-1,-1,-0.01,-1,-1,-0.01,-1,-1,-0.01,-1,-1,-0.01,-1,-1,-0.01,-1,-1
99926009,2026-05-18 14:19:38+05:30,53506.25,0,0.0,0,0.0,0.0,53282.15,53619.2,52783.45,53710.35,0,0.0,0.0,0.0,0.0,-0.01,-1,-1,-0.01,-1,-1,-0.01,-1,-1,-0.01,-1,-1,-0.01,-1,-1,-0.01,-1,-1,-0.01,-1,-1,-0.01,-1,-1,-0.01,-1,-1,-0.01,-1,-1
99926009,2026-05-18 14:19:38+05:30,53503.95,0,0.0,0,0.0,0.0,53282.15,53619.2,52783.45,53710.35,0,0.0,0.0,0.0,0.0,-0.01,-1,-1,-0.01,-1,-1,-0.01,-1,-1,-0.01,-1,-1,-0.01,-1,-1,-0.01,-1,-1,-0.01,-1,-1,-0.01,-1,-1,-0.01,-1,-1,-0.01,-1,-1
99926009,2026-05-18 14:19:39+05:30,53506.75,0,0.0,0,0.0,0.0,53282.15,53619.2,52783.45,53710.35,0,0.0,0.0,0.0,0.0,-0.01,-1,-1,-0.01,-1,-1,-0.01,-1,-1,-0.01,-1,-1,-0.01,-1,-1,-0.01,-1,-1,-0.01,-1,-1,-0.01,-1,-1,-0.01,-1,-1,-0.01,-1,-1
99926009,2026-05-18 14:19:39+05:30,53509.65,0,0.0,0,0.0,0.0,53282.15,53619.2,52783.45,53710.35,0,0.0,0.0,0.0,0.0,-0.01,-1,-1,-0.01,-1,-1,-0.01,-1,-1,-0.01,-1,-1,-0.01,-1,-1,-0.01,-1,-1,-0.01,-1,-1,-0.01,-1,-1,-0.01,-1,-1,-0.01,-1,-1
99926009,2026-05-18 14:19:40+05:30,53509.4,0,0.0,0,0.0,0.0,53282.15,53619.2,52783.45,53710.35,0,0.0,0.0,0.0,0.0,-0.01,-1,-1,-0.01,-1,-1,-0.01,-1,-1,-0.01,-1,-1,-0.01,-1,-1,-0.01,-1,-1,-0.01,-1,-1,-0.01,-1,-1,-0.01,-1,-1,-0.01,-1,-1
99926009,2026-05-18 14:19:40+05:30,53515.4,0,0.0,0,0.0,0.0,53282.15,53619.2,52783.45,53710.35,0,0.0,0.0,0.0,0.0,-0.01,-1,-1,-0.01,-1,-1,-0.01,-1,-1,-0.01,-1,-1,-0.01,-1,-1,-0.01,-1,-1,-0.01,-1,-1,-0.01,-1,-1,-0.01,-1,-1,-0.01,-1,-1
99926009,2026-05-18 14:19:41+05:30,53513.65,0,0.0,0,0.0,0.0,53282.15,53619.2,52783.45,53710.35,0,0.0,0.0,0.0,0.0,-0.01,-1,-1,-0.01,-1,-1,-0.01,-1,-1,-0.01,-1,-1,-0.01,-1,-1,-0.01,-1,-1,-0.01,-1,-1,-0.01,-1,-1,-0.01,-1,-1,-0.01,-1,-1
99926009,2026-05-18 14:19:41+05:30,53517.95,0,0.0,0,0.0,0.0,53282.15,53619.2,52783.45,53710.35,0,0.0,0.0,0.0,0.0,-0.01,-1,-1,-0.01,-1,-1,-0.01,-1,-1,-0.01,-1,-1,-0.01,-1,-1,-0.01,-1,-1,-0.01,-1,-1,-0.01,-1,-1,-0.01,-1,-1,-0.01,-1,-1
99926009,2026-05-18 14:19:42+05:30,53517.5,0,0.0,0,0.0,0.0,53282.15,53619.2,52783.45,53710.35,0,0.0,0.0,0.0,0.0,-0.01,-1,-1,-0.01,-1,-1,-0.01,-1,-1,-0.01,-1,-1,-0.01,-1,-1,-0.01,-1,-1,-0.01,-1,-1,-0.01,-1,-1,-0.01,-1,-1,-0.01,-1,-1
99926009,2026-05-18 14:19:42+05:30,53515.1,0,0.0,0,0.0,0.0,53282.15,53619.2,52783.45,53710.35,0,0.0,0.0,0.0,0.0,-0.01,-1,-1,-0.01,-1,-1,-0.01,-1,-1,-0.01,-1,-1,-0.01,-1,-1,-0.01,-1,-1,-0.01,-1,-1,-0.01,-1,-1,-0.01,-1,-1,-0.01,-1,-1
99926009,2026-05-18 14:19:43+05:30,53512.55,0,0.0,0,0.0,0.0,53282.15,53619.2,52783.45,53710.35,0,0.0,0.0,0.0,0.0,-0.01,-1,-1,-0.01,-1,-1,-0.01,-1,-1,-0.01,-1,-1,-0.01,-1,-1,-0.01,-1,-1,-0.01,-1,-1,-0.01,-1,-1,-0.01,-1,-1,-0.01,-1,-1
99926009,2026-05-18 14:19:43+05:30,53516.0,0,0.0,0,0.0,0.0,53282.15,53619.2,52783.45,53710.35,0,0.0,0.0,0.0,0.0,-0.01,-1,-1,-0.01,-1,-1,-0.01,-1,-1,-0.01,-1,-1,-0.01,-1,-1,-0.01,-1,-1,-0.01,-1,-1,-0.01,-1,-1,-0.01,-1,-1,-0.01,-1,-1
99926009,2026-05-18 14:19:44+05:30,53514.45,0,0.0,0,0.0,0.0,53282.15,53619.2,52783.45,53710.35,0,0.0,0.0,0.0,0.0,-0.01,-1,-1,-0.01,-1,-1,-0.01,-1,-1,-0.01,-1,-1,-0.01,-1,-1,-0.01,-1,-1,-0.01,-1,-1,-0.01,-1,-1,-0.01,-1,-1,-0.01,-1,-1
99926009,2026-05-18 14:19:44+05:30,53516.75,0,0.0,0,0.0,0.0,53282.15,53619.2,52783.45,53710.35,0,0.0,0.0,0.0,0.0,-0.01,-1,-1,-0.01,-1,-1,-0.01,-1,-1,-0.01,-1,-1,-0.01,-1,-1,-0.01,-1,-1,-0.01,-1,-1,-0.01,-1,-1,-0.01,-1,-1,-0.01,-1,-1
99926009,2026-05-18 14:19:45+05:30,53516.6,0,0.0,0,0.0,0.0,53282.15,53619.2,52783.45,53710.35,0,0.0,0.0,0.0,0.0,-0.01,-1,-1,-0.01,-1,-1,-0.01,-1,-1,-0.01,-1,-1,-0.01,-1,-1,-0.01,-1,-1,-0.01,-1,-1,-0.01,-1,-1,-0.01,-1,-1,-0.01,-1,-1
99926009,2026-05-18 14:19:45+05:30,53518.8,0,0.0,0,0.0,0.0,53282.15,53619.2,52783.45,53710.35,0,0.0,0.0,0.0,0.0,-0.01,-1,-1,-0.01,-1,-1,-0.01,-1,-1,-0.01,-1,-1,-0.01,-1,-1,-0.01,-1,-1,-0.01,-1,-1,-0.01,-1,-1,-0.01,-1,-1,-0.01,-1,-1
99926009,2026-05-18 14:19:46+05:30,53516.85,0,0.0,0,0.0,0.0,53282.15,53619.2,52783.45,53710.35,0,0.0,0.0,0.0,0.0,-0.01,-1,-1,-0.01,-1,-1,-0.01,-1,-1,-0.01,-1,-1,-0.01,-1,-1,-0.01,-1,-1,-0.01,-1,-1,-0.01,-1,-1,-0.01,-1,-1,-0.01,-1,-1
99926009,2026-05-18 14:19:46+05:30,53517.45,0,0.0,0,0.0,0.0,53282.15,53619.2,52783.45,53710.35,0,0.0,0.0,0.0,0.0,-0.01,-1,-1,-0.01,-1,-1,-0.01,-1,-1,-0.01,-1,-1,-0.01,-1,-1,-0.01,-1,-1,-0.01,-1,-1,-0.01,-1,-1,-0.01,-1,-1,-0.01,-1,-1
99926009,2026-05-18 14:19:47+05:30,53516.75,0,0.0,0,0.0,0.0,53282.15,53619.2,52783.45,53710.35,0,0.0,0.0,0.0,0.0,-0.01,-1,-1,-0.01,-1,-1,-0.01,-1,-1,-0.01,-1,-1,-0.01,-1,-1,-0.01,-1,-1,-0.01,-1,-1,-0.01,-1,-1,-0.01,-1,-1,-0.01,-1,-1
99926009,2026-05-18 14:19:47+05:30,53517.9,0,0.0,0,0.0,0.0,53282.15,53619.2,52783.45,53710.35,0,0.0,0.0,0.0,0.0,-0.01,-1,-1,-0.01,-1,-1,-0.01,-1,-1,-0.01,-1,-1,-0.01,-1,-1,-0.01,-1,-1,-0.01,-1,-1,-0.01,-1,-1,-0.01,-1,-1,-0.01,-1,-1
99926009,2026-05-18 14:19:48+05:30,53517.7,0,0.0,0,0.0,0.0,53282.15,53619.2,52783.45,53710.35,0,0.0,0.0,0.0,0.0,-0.01,-1,-1,-0.01,-1,-1,-0.01,-1,-1,-0.01,-1,-1,-0.01,-1,-1,-0.01,-1,-1,-0.01,-1,-1,-0.01,-1,-1,-0.01,-1,-1,-0.01,-1,-1
99926009,2026-05-18 14:19:48+05:30,53516.35,0,0.0,0,0.0,0.0,53282.15,53619.2,52783.45,53710.35,0,0.0,0.0,0.0,0.0,-0.01,-1,-1,-0.01,-1,-1,-0.01,-1,-1,-0.01,-1,-1,-0.01,-1,-1,-0.01,-1,-1,-0.01,-1,-1,-0.01,-1,-1,-0.01,-1,-1,-0.01,-1,-1
99926009,2026-05-18 14:19:49+05:30,53521.75,0,0.0,0,0.0,0.0,53282.15,53619.2,52783.45,53710.35,0,0.0,0.0,0.0,0.0,-0.01,-1,-1,-0.01,-1,-1,-0.01,-1,-1,-0.01,-1,-1,-0.01,-1,-1,-0.01,-1,-1,-0.01,-1,-1,-0.01,-1,-1,-0.01,-1,-1,-0.01,-1,-1
99926009,2026-05-18 14:19:49+05:30,53521.8,0,0.0,0,0.0,0.0,53282.15,53619.2,52783.45,53710.35,0,0.0,0.0,0.0,0.0,-0.01,-1,-1,-0.01,-1,-1,-0.01,-1,-1,-0.01,-1,-1,-0.01,-1,-1,-0.01,-1,-1,-0.01,-1,-1,-0.01,-1,-1,-0.01,-1,-1,-0.01,-1,-1
99926009,2026-05-18 14:19:50+05:30,53523.05,0,0.0,0,0.0,0.0,53282.15,53619.2,52783.45,53710.35,0,0.0,0.0,0.0,0.0,-0.01,-1,-1,-0.01,-1,-1,-0.01,-1,-1,-0.01,-1,-1,-0.01,-1,-1,-0.01,-1,-1,-0.01,-1,-1,-0.01,-1,-1,-0.01,-1,-1,-0.01,-1,-1
99926009,2026-05-18 14:19:50+05:30,53519.0,0,0.0,0,0.0,0.0,53282.15,53619.2,52783.45,53710.35,0,0.0,0.0,0.0,0.0,-0.01,-1,-1,-0.01,-1,-1,-0.01,-1,-1,-0.01,-1,-1,-0.01,-1,-1,-0.01,-1,-1,-0.01,-1,-1,-0.01,-1,-1,-0.01,-1,-1,-0.01,-1,-1
99926009,2026-05-18 14:19:51+05:30,53514.0,0,0.0,0,0.0,0.0,53282.15,53619.2,52783.45,53710.35,0,0.0,0.0,0.0,0.0,-0.01,-1,-1,-0.01,-1,-1,-0.01,-1,-1,-0.01,-1,-1,-0.01,-1,-1,-0.01,-1,-1,-0.01,-1,-1,-0.01,-1,-1,-0.01,-1,-1,-0.01,-1,-1
99926009,2026-05-18 14:19:51+05:30,53519.4,0,0.0,0,0.0,0.0,53282.15,53619.2,52783.45,53710.35,0,0.0,0.0,0.0,0.0,-0.01,-1,-1,-0.01,-1,-1,-0.01,-1,-1,-0.01,-1,-1,-0.01,-1,-1,-0.01,-1,-1,-0.01,-1,-1,-0.01,-1,-1,-0.01,-1,-1,-0.01,-1,-1
99926009,2026-05-18 14:19:52+05:30,53517.3,0,0.0,0,0.0,0.0,53282.15,53619.2,52783.45,53710.35,0,0.0,0.0,0.0,0.0,-0.01,-1,-1,-0.01,-1,-1,-0.01,-1,-1,-0.01,-1,-1,-0.01,-1,-1,-0.01,-1,-1,-0.01,-1,-1,-0.01,-1,-1,-0.01,-1,-1,-0.01,-1,-1
99926009,2026-05-18 14:19:52+05:30,53520.05,0,0.0,0,0.0,0.0,53282.15,53619.2,52783.45,53710.35,0,0.0,0.0,0.0,0.0,-0.01,-1,-1,-0.01,-1,-1,-0.01,-1,-1,-0.01,-1,-1,-0.01,-1,-1,-0.01,-1,-1,-0.01,-1,-1,-0.01,-1,-1,-0.01,-1,-1,-0.01,-1,-1
99926009,2026-05-18 14:19:53+05:30,53511.25,0,0.0,0,0.0,0.0,53282.15,53619.2,52783.45,53710.35,0,0.0,0.0,0.0,0.0,-0.01,-1,-1,-0.01,-1,-1,-0.01,-1,-1,-0.01,-1,-1,-0.01,-1,-1,-0.01,-1,-1,-0.01,-1,-1,-0.01,-1,-1,-0.01,-1,-1,-0.01,-1,-1
99926009,2026-05-18 14:19:53+05:30,53518.95,0,0.0,0,0.0,0.0,53282.15,53619.2,52783.45,53710.35,0,0.0,0.0,0.0,0.0,-0.01,-1,-1,-0.01,-1,-1,-0.01,-1,-1,-0.01,-1,-1,-0.01,-1,-1,-0.01,-1,-1,-0.01,-1,-1,-0.01,-1,-1,-0.01,-1,-1,-0.01,-1,-1
99926009,2026-05-18 14:19:54+05:30,53517.4,0,0.0,0,0.0,0.0,53282.15,53619.2,52783.45,53710.35,0,0.0,0.0,0.0,0.0,-0.01,-1,-1,-0.01,-1,-1,-0.01,-1,-1,-0.01,-1,-1,-0.01,-1,-1,-0.01,-1,-1,-0.01,-1,-1,-0.01,-1,-1,-0.01,-1,-1,-0.01,-1,-1
99926009,2026-05-18 14:19:54+05:30,53518.05,0,0.0,0,0.0,0.0,53282.15,53619.2,52783.45,53710.35,0,0.0,0.0,0.0,0.0,-0.01,-1,-1,-0.01,-1,-1,-0.01,-1,-1,-0.01,-1,-1,-0.01,-1,-1,-0.01,-1,-1,-0.01,-1,-1,-0.01,-1,-1,-0.01,-1,-1,-0.01,-1,-1
99926009,2026-05-18 14:19:55+05:30,53520.9,0,0.0,0,0.0,0.0,53282.15,53619.2,52783.45,53710.35,0,0.0,0.0,0.0,0.0,-0.01,-1,-1,-0.01,-1,-1,-0.01,-1,-1,-0.01,-1,-1,-0.01,-1,-1,-0.01,-1,-1,-0.01,-1,-1,-0.01,-1,-1,-0.01,-1,-1,-0.01,-1,-1
99926009,2026-05-18 14:19:55+05:30,53514.7,0,0.0,0,0.0,0.0,53282.15,53619.2,52783.45,53710.35,0,0.0,0.0,0.0,0.0,-0.01,-1,-1,-0.01,-1,-1,-0.01,-1,-1,-0.01,-1,-1,-0.01,-1,-1,-0.01,-1,-1,-0.01,-1,-1,-0.01,-1,-1,-0.01,-1,-1,-0.01,-1,-1
99926009,2026-05-18 14:19:56+05:30,53518.35,0,0.0,0,0.0,0.0,53282.15,53619.2,52783.45,53710.35,0,0.0,0.0,0.0,0.0,-0.01,-1,-1,-0.01,-1,-1,-0.01,-1,-1,-0.01,-1,-1,-0.01,-1,-1,-0.01,-1,-1,-0.01,-1,-1,-0.01,-1,-1,-0.01,-1,-1,-0.01,-1,-1
99926009,2026-05-18 14:19:56+05:30,53518.5,0,0.0,0,0.0,0.0,53282.15,53619.2,52783.45,53710.35,0,0.0,0.0,0.0,0.0,-0.01,-1,-1,-0.01,-1,-1,-0.01,-1,-1,-0.01,-1,-1,-0.01,-1,-1,-0.01,-1,-1,-0.01,-1,-1,-0.01,-1,-1,-0.01,-1,-1,-0.01,-1,-1
99926009,2026-05-18 14:19:57+05:30,53520.8,0,0.0,0,0.0,0.0,53282.15,53619.2,52783.45,53710.35,0,0.0,0.0,0.0,0.0,-0.01,-1,-1,-0.01,-1,-1,-0.01,-1,-1,-0.01,-1,-1,-0.01,-1,-1,-0.01,-1,-1,-0.01,-1,-1,-0.01,-1,-1,-0.01,-1,-1,-0.01,-1,-1
99926009,2026-05-18 14:19:57+05:30,53518.9,0,0.0,0,0.0,0.0,53282.15,53619.2,52783.45,53710.35,0,0.0,0.0,0.0,0.0,-0.01,-1,-1,-0.01,-1,-1,-0.01,-1,-1,-0.01,-1,-1,-0.01,-1,-1,-0.01,-1,-1,-0.01,-1,-1,-0.01,-1,-1,-0.01,-1,-1,-0.01,-1,-1
99926009,2026-05-18 14:19:58+05:30,53516.7,0,0.0,0,0.0,0.0,53282.15,53619.2,52783.45,53710.35,0,0.0,0.0,0.0,0.0,-0.01,-1,-1,-0.01,-1,-1,-0.01,-1,-1,-0.01,-1,-1,-0.01,-1,-1,-0.01,-1,-1,-0.01,-1,-1,-0.01,-1,-1,-0.01,-1,-1,-0.01,-1,-1
99926009,2026-05-18 14:19:58+05:30,53521.75,0,0.0,0,0.0,0.0,53282.15,53619.2,52783.45,53710.35,0,0.0,0.0,0.0,0.0,-0.01,-1,-1,-0.01,-1,-1,-0.01,-1,-1,-0.01,-1,-1,-0.01,-1,-1,-0.01,-1,-1,-0.01,-1,-1,-0.01,-1,-1,-0.01,-1,-1,-0.01,-1,-1
99926009,2026-05-18 14:19:59+05:30,53517.1,0,0.0,0,0.0,0.0,53282.15,53619.2,52783.45,53710.35,0,0.0,0.0,0.0,0.0,-0.01,-1,-1,-0.01,-1,-1,-0.01,-1,-1,-0.01,-1,-1,-0.01,-1,-1,-0.01,-1,-1,-0.01,-1,-1,-0.01,-1,-1,-0.01,-1,-1,-0.01,-1,-1
99926009,2026-05-18 14:19:59+05:30,53520.3,0,0.0,0,0.0,0.0,53282.15,53619.2,52783.45,53710.35,0,0.0,0.0,0.0,0.0,-0.01,-1,-1,-0.01,-1,-1,-0.01,-1,-1,-0.01,-1,-1,-0.01,-1,-1,-0.01,-1,-1,-0.01,-1,-1,-0.01,-1,-1,-0.01,-1,-1,-0.01,-1,-1
99926009,2026-05-18 14:20:00+05:30,53516.8,0,0.0,0,0.0,0.0,53282.15,53619.2,52783.45,53710.35,0,0.0,0.0,0.0,0.0,-0.01,-1,-1,-0.01,-1,-1,-0.01,-1,-1,-0.01,-1,-1,-0.01,-1,-1,-0.01,-1,-1,-0.01,-1,-1,-0.01,-1,-1,-0.01,-1,-1,-0.01,-1,-1
99926009,2026-05-18 14:20:00+05:30,53517.85,0,0.0,0,0.0,0.0,53282.15,53619.2,52783.45,53710.35,0,0.0,0.0,0.0,0.0,-0.01,-1,-1,-0.01,-1,-1,-0.01,-1,-1,-0.01,-1,-1,-0.01,-1,-1,-0.01,-1,-1,-0.01,-1,-1,-0.01,-1,-1,-0.01,-1,-1,-0.01,-1,-1
99926009,2026-05-18 14:20:01+05:30,53520.8,0,0.0,0,0.0,0.0,53282.15,53619.2,52783.45,53710.35,0,0.0,0.0,0.0,0.0,-0.01,-1,-1,-0.01,-1,-1,-0.01,-1,-1,-0.01,-1,-1,-0.01,-1,-1,-0.01,-1,-1,-0.01,-1,-1,-0.01,-1,-1,-0.01,-1,-1,-0.01,-1,-1
99926009,2026-05-18 14:20:01+05:30,53522.1,0,0.0,0,0.0,0.0,53282.15,53619.2,52783.45,53710.35,0,0.0,0.0,0.0,0.0,-0.01,-1,-1,-0.01,-1,-1,-0.01,-1,-1,-0.01,-1,-1,-0.01,-1,-1,-0.01,-1,-1,-0.01,-1,-1,-0.01,-1,-1,-0.01,-1,-1,-0.01,-1,-1
99926009,2026-05-18 14:20:02+05:30,53516.05,0,0.0,0,0.0,0.0,53282.15,53619.2,52783.45,53710.35,0,0.0,0.0,0.0,0.0,-0.01,-1,-1,-0.01,-1,-1,-0.01,-1,-1,-0.01,-1,-1,-0.01,-1,-1,-0.01,-1,-1,-0.01,-1,-1,-0.01,-1,-1,-0.01,-1,-1,-0.01,-1,-1
99926009,2026-05-18 14:20:02+05:30,53524.7,0,0.0,0,0.0,0.0,53282.15,53619.2,52783.45,53710.35,0,0.0,0.0,0.0,0.0,-0.01,-1,-1,-0.01,-1,-1,-0.01,-1,-1,-0.01,-1,-1,-0.01,-1,-1,-0.01,-1,-1,-0.01,-1,-1,-0.01,-1,-1,-0.01,-1,-1,-0.01,-1,-1
99926009,2026-05-18 14:20:03+05:30,53524.95,0,0.0,0,0.0,0.0,53282.15,53619.2,52783.45,53710.35,0,0.0,0.0,0.0,0.0,-0.01,-1,-1,-0.01,-1,-1,-0.01,-1,-1,-0.01,-1,-1,-0.01,-1,-1,-0.01,-1,-1,-0.01,-1,-1,-0.01,-1,-1,-0.01,-1,-1,-0.01,-1,-1
99926009,2026-05-18 14:20:03+05:30,53522.3,0,0.0,0,0.0,0.0,53282.15,53619.2,52783.45,53710.35,0,0.0,0.0,0.0,0.0,-0.01,-1,-1,-0.01,-1,-1,-0.01,-1,-1,-0.01,-1,-1,-0.01,-1,-1,-0.01,-1,-1,-0.01,-1,-1,-0.01,-1,-1,-0.01,-1,-1,-0.01,-1,-1
99926009,2026-05-18 14:20:04+05:30,53524.25,0,0.0,0,0.0,0.0,53282.15,53619.2,52783.45,53710.35,0,0.0,0.0,0.0,0.0,-0.01,-1,-1,-0.01,-1,-1,-0.01,-1,-1,-0.01,-1,-1,-0.01,-1,-1,-0.01,-1,-1,-0.01,-1,-1,-0.01,-1,-1,-0.01,-1,-1,-0.01,-1,-1
99926009,2026-05-18 14:20:04+05:30,53525.6,0,0.0,0,0.0,0.0,53282.15,53619.2,52783.45,53710.35,0,0.0,0.0,0.0,0.0,-0.01,-1,-1,-0.01,-1,-1,-0.01,-1,-1,-0.01,-1,-1,-0.01,-1,-1,-0.01,-1,-1,-0.01,-1,-1,-0.01,-1,-1,-0.01,-1,-1,-0.01,-1,-1
99926009,2026-05-18 14:20:05+05:30,53526.55,0,0.0,0,0.0,0.0,53282.15,53619.2,52783.45,53710.35,0,0.0,0.0,0.0,0.0,-0.01,-1,-1,-0.01,-1,-1,-0.01,-1,-1,-0.01,-1,-1,-0.01,-1,-1,-0.01,-1,-1,-0.01,-1,-1,-0.01,-1,-1,-0.01,-1,-1,-0.01,-1,-1
99926009,2026-05-18 14:20:05+05:30,53526.0,0,0.0,0,0.0,0.0,53282.15,53619.2,52783.45,53710.35,0,0.0,0.0,0.0,0.0,-0.01,-1,-1,-0.01,-1,-1,-0.01,-1,-1,-0.01,-1,-1,-0.01,-1,-1,-0.01,-1,-1,-0.01,-1,-1,-0.01,-1,-1,-0.01,-1,-1,-0.01,-1,-1
99926009,2026-05-18 14:20:06+05:30,53526.4,0,0.0,0,0.0,0.0,53282.15,53619.2,52783.45,53710.35,0,0.0,0.0,0.0,0.0,-0.01,-1,-1,-0.01,-1,-1,-0.01,-1,-1,-0.01,-1,-1,-0.01,-1,-1,-0.01,-1,-1,-0.01,-1,-1,-0.01,-1,-1,-0.01,-1,-1,-0.01,-1,-1
99926009,2026-05-18 14:20:06+05:30,53528.75,0,0.0,0,0.0,0.0,53282.15,53619.2,52783.45,53710.35,0,0.0,0.0,0.0,0.0,-0.01,-1,-1,-0.01,-1,-1,-0.01,-1,-1,-0.01,-1,-1,-0.01,-1,-1,-0.01,-1,-1,-0.01,-1,-1,-0.01,-1,-1,-0.01,-1,-1,-0.01,-1,-1
99926009,2026-05-18 14:20:07+05:30,53528.65,0,0.0,0,0.0,0.0,53282.15,53619.2,52783.45,53710.35,0,0.0,0.0,0.0,0.0,-0.01,-1,-1,-0.01,-1,-1,-0.01,-1,-1,-0.01,-1,-1,-0.01,-1,-1,-0.01,-1,-1,-0.01,-1,-1,-0.01,-1,-1,-0.01,-1,-1,-0.01,-1,-1
99926009,2026-05-18 14:20:07+05:30,53530.5,0,0.0,0,0.0,0.0,53282.15,53619.2,52783.45,53710.35,0,0.0,0.0,0.0,0.0,-0.01,-1,-1,-0.01,-1,-1,-0.01,-1,-1,-0.01,-1,-1,-0.01,-1,-1,-0.01,-1,-1,-0.01,-1,-1,-0.01,-1,-1,-0.01,-1,-1,-0.01,-1,-1
99926009,2026-05-18 14:20:08+05:30,53527.55,0,0.0,0,0.0,0.0,53282.15,53619.2,52783.45,53710.35,0,0.0,0.0,0.0,0.0,-0.01,-1,-1,-0.01,-1,-1,-0.01,-1,-1,-0.01,-1,-1,-0.01,-1,-1,-0.01,-1,-1,-0.01,-1,-1,-0.01,-1,-1,-0.01,-1,-1,-0.01,-1,-1
99926009,2026-05-18 14:20:08+05:30,53527.75,0,0.0,0,0.0,0.0,53282.15,53619.2,52783.45,53710.35,0,0.0,0.0,0.0,0.0,-0.01,-1,-1,-0.01,-1,-1,-0.01,-1,-1,-0.01,-1,-1,-0.01,-1,-1,-0.01,-1,-1,-0.01,-1,-1,-0.01,-1,-1,-0.01,-1,-1,-0.01,-1,-1
99926009,2026-05-18 14:20:09+05:30,53530.85,0,0.0,0,0.0,0.0,53282.15,53619.2,52783.45,53710.35,0,0.0,0.0,0.0,0.0,-0.01,-1,-1,-0.01,-1,-1,-0.01,-1,-1,-0.01,-1,-1,-0.01,-1,-1,-0.01,-1,-1,-0.01,-1,-1,-0.01,-1,-1,-0.01,-1,-1,-0.01,-1,-1
99926009,2026-05-18 14:20:09+05:30,53531.5,0,0.0,0,0.0,0.0,53282.15,53619.2,52783.45,53710.35,0,0.0,0.0,0.0,0.0,-0.01,-1,-1,-0.01,-1,-1,-0.01,-1,-1,-0.01,-1,-1,-0.01,-1,-1,-0.01,-1,-1,-0.01,-1,-1,-0.01,-1,-1,-0.01,-1,-1,-0.01,-1,-1
99926009,2026-05-18 14:20:10+05:30,53530.65,0,0.0,0,0.0,0.0,53282.15,53619.2,52783.45,53710.35,0,0.0,0.0,0.0,0.0,-0.01,-1,-1,-0.01,-1,-1,-0.01,-1,-1,-0.01,-1,-1,-0.01,-1,-1,-0.01,-1,-1,-0.01,-1,-1,-0.01,-1,-1,-0.01,-1,-1,-0.01,-1,-1
99926009,2026-05-18 14:20:10+05:30,53526.95,0,0.0,0,0.0,0.0,53282.15,53619.2,52783.45,53710.35,0,0.0,0.0,0.0,0.0,-0.01,-1,-1,-0.01,-1,-1,-0.01,-1,-1,-0.01,-1,-1,-0.01,-1,-1,-0.01,-1,-1,-0.01,-1,-1,-0.01,-1,-1,-0.01,-1,-1,-0.01,-1,-1
99926009,2026-05-18 14:20:11+05:30,53530.35,0,0.0,0,0.0,0.0,53282.15,53619.2,52783.45,53710.35,0,0.0,0.0,0.0,0.0,-0.01,-1,-1,-0.01,-1,-1,-0.01,-1,-1,-0.01,-1,-1,-0.01,-1,-1,-0.01,-1,-1,-0.01,-1,-1,-0.01,-1,-1,-0.01,-1,-1,-0.01,-1,-1
99926009,2026-05-18 14:20:11+05:30,53529.6,0,0.0,0,0.0,0.0,53282.15,53619.2,52783.45,53710.35,0,0.0,0.0,0.0,0.0,-0.01,-1,-1,-0.01,-1,-1,-0.01,-1,-1,-0.01,-1,-1,-0.01,-1,-1,-0.01,-1,-1,-0.01,-1,-1,-0.01,-1,-1,-0.01,-1,-1,-0.01,-1,-1
99926009,2026-05-18 14:20:12+05:30,53525.95,0,0.0,0,0.0,0.0,53282.15,53619.2,52783.45,53710.35,0,0.0,0.0,0.0,0.0,-0.01,-1,-1,-0.01,-1,-1,-0.01,-1,-1,-0.01,-1,-1,-0.01,-1,-1,-0.01,-1,-1,-0.01,-1,-1,-0.01,-1,-1,-0.01,-1,-1,-0.01,-1,-1
99926009,2026-05-18 14:20:12+05:30,53529.2,0,0.0,0,0.0,0.0,53282.15,53619.2,52783.45,53710.35,0,0.0,0.0,0.0,0.0,-0.01,-1,-1,-0.01,-1,-1,-0.01,-1,-1,-0.01,-1,-1,-0.01,-1,-1,-0.01,-1,-1,-0.01,-1,-1,-0.01,-1,-1,-0.01,-1,-1,-0.01,-1,-1
99926009,2026-05-18 14:20:13+05:30,53529.6,0,0.0,0,0.0,0.0,53282.15,53619.2,52783.45,53710.35,0,0.0,0.0,0.0,0.0,-0.01,-1,-1,-0.01,-1,-1,-0.01,-1,-1,-0.01,-1,-1,-0.01,-1,-1,-0.01,-1,-1,-0.01,-1,-1,-0.01,-1,-1,-0.01,-1,-1,-0.01,-1,-1
99926009,2026-05-18 14:20:13+05:30,53531.2,0,0.0,0,0.0,0.0,53282.15,53619.2,52783.45,53710.35,0,0.0,0.0,0.0,0.0,-0.01,-1,-1,-0.01,-1,-1,-0.01,-1,-1,-0.01,-1,-1,-0.01,-1,-1,-0.01,-1,-1,-0.01,-1,-1,-0.01,-1,-1,-0.01,-1,-1,-0.01,-1,-1
99926009,2026-05-18 14:20:14+05:30,53527.2,0,0.0,0,0.0,0.0,53282.15,53619.2,52783.45,53710.35,0,0.0,0.0,0.0,0.0,-0.01,-1,-1,-0.01,-1,-1,-0.01,-1,-1,-0.01,-1,-1,-0.01,-1,-1,-0.01,-1,-1,-0.01,-1,-1,-0.01,-1,-1,-0.01,-1,-1,-0.01,-1,-1
99926009,2026-05-18 14:20:14+05:30,53530.8,0,0.0,0,0.0,0.0,53282.15,53619.2,52783.45,53710.35,0,0.0,0.0,0.0,0.0,-0.01,-1,-1,-0.01,-1,-1,-0.01,-1,-1,-0.01,-1,-1,-0.01,-1,-1,-0.01,-1,-1,-0.01,-1,-1,-0.01,-1,-1,-0.01,-1,-1,-0.01,-1,-1
99926009,2026-05-18 14:20:15+05:30,53531.35,0,0.0,0,0.0,0.0,53282.15,53619.2,52783.45,53710.35,0,0.0,0.0,0.0,0.0,-0.01,-1,-1,-0.01,-1,-1,-0.01,-1,-1,-0.01,-1,-1,-0.01,-1,-1,-0.01,-1,-1,-0.01,-1,-1,-0.01,-1,-1,-0.01,-1,-1,-0.01,-1,-1
99926009,2026-05-18 14:20:15+05:30,53530.9,0,0.0,0,0.0,0.0,53282.15,53619.2,52783.45,53710.35,0,0.0,0.0,0.0,0.0,-0.01,-1,-1,-0.01,-1,-1,-0.01,-1,-1,-0.01,-1,-1,-0.01,-1,-1,-0.01,-1,-1,-0.01,-1,-1,-0.01,-1,-1,-0.01,-1,-1,-0.01,-1,-1
99926009,2026-05-18 14:20:16+05:30,53531.35,0,0.0,0,0.0,0.0,53282.15,53619.2,52783.45,53710.35,0,0.0,0.0,0.0,0.0,-0.01,-1,-1,-0.01,-1,-1,-0.01,-1,-1,-0.01,-1,-1,-0.01,-1,-1,-0.01,-1,-1,-0.01,-1,-1,-0.01,-1,-1,-0.01,-1,-1,-0.01,-1,-1
99926009,2026-05-18 14:20:16+05:30,53531.6,0,0.0,0,0.0,0.0,53282.15,53619.2,52783.45,53710.35,0,0.0,0.0,0.0,0.0,-0.01,-1,-1,-0.01,-1,-1,-0.01,-1,-1,-0.01,-1,-1,-0.01,-1,-1,-0.01,-1,-1,-0.01,-1,-1,-0.01,-1,-1,-0.01,-1,-1,-0.01,-1,-1
99926009,2026-05-18 14:20:17+05:30,53529.05,0,0.0,0,0.0,0.0,53282.15,53619.2,52783.45,53710.35,0,0.0,0.0,0.0,0.0,-0.01,-1,-1,-0.01,-1,-1,-0.01,-1,-1,-0.01,-1,-1,-0.01,-1,-1,-0.01,-1,-1,-0.01,-1,-1,-0.01,-1,-1,-0.01,-1,-1,-0.01,-1,-1
99926009,2026-05-18 14:20:17+05:30,53530.3,0,0.0,0,0.0,0.0,53282.15,53619.2,52783.45,53710.35,0,0.0,0.0,0.0,0.0,-0.01,-1,-1,-0.01,-1,-1,-0.01,-1,-1,-0.01,-1,-1,-0.01,-1,-1,-0.01,-1,-1,-0.01,-1,-1,-0.01,-1,-1,-0.01,-1,-1,-0.01,-1,-1
99926009,2026-05-18 14:20:18+05:30,53527.25,0,0.0,0,0.0,0.0,53282.15,53619.2,52783.45,53710.35,0,0.0,0.0,0.0,0.0,-0.01,-1,-1,-0.01,-1,-1,-0.01,-1,-1,-0.01,-1,-1,-0.01,-1,-1,-0.01,-1,-1,-0.01,-1,-1,-0.01,-1,-1,-0.01,-1,-1,-0.01,-1,-1
99926009,2026-05-18 14:20:18+05:30,53530.05,0,0.0,0,0.0,0.0,53282.15,53619.2,52783.45,53710.35,0,0.0,0.0,0.0,0.0,-0.01,-1,-1,-0.01,-1,-1,-0.01,-1,-1,-0.01,-1,-1,-0.01,-1,-1,-0.01,-1,-1,-0.01,-1,-1,-0.01,-1,-1,-0.01,-1,-1,-0.01,-1,-1
99926009,2026-05-18 14:20:19+05:30,53526.3,0,0.0,0,0.0,0.0,53282.15,53619.2,52783.45,53710.35,0,0.0,0.0,0.0,0.0,-0.01,-1,-1,-0.01,-1,-1,-0.01,-1,-1,-0.01,-1,-1,-0.01,-1,-1,-0.01,-1,-1,-0.01,-1,-1,-0.01,-1,-1,-0.01,-1,-1,-0.01,-1,-1
99926009,2026-05-18 14:20:19+05:30,53530.15,0,0.0,0,0.0,0.0,53282.15,53619.2,52783.45,53710.35,0,0.0,0.0,0.0,0.0,-0.01,-1,-1,-0.01,-1,-1,-0.01,-1,-1,-0.01,-1,-1,-0.01,-1,-1,-0.01,-1,-1,-0.01,-1,-1,-0.01,-1,-1,-0.01,-1,-1,-0.01,-1,-1
99926009,2026-05-18 14:20:20+05:30,53527.55,0,0.0,0,0.0,0.0,53282.15,53619.2,52783.45,53710.35,0,0.0,0.0,0.0,0.0,-0.01,-1,-1,-0.01,-1,-1,-0.01,-1,-1,-0.01,-1,-1,-0.01,-1,-1,-0.01,-1,-1,-0.01,-1,-1,-0.01,-1,-1,-0.01,-1,-1,-0.01,-1,-1
99926009,2026-05-18 14:20:20+05:30,53527.55,0,0.0,0,0.0,0.0,53282.15,53619.2,52783.45,53710.35,0,0.0,0.0,0.0,0.0,-0.01,-1,-1,-0.01,-1,-1,-0.01,-1,-1,-0.01,-1,-1,-0.01,-1,-1,-0.01,-1,-1,-0.01,-1,-1,-0.01,-1,-1,-0.01,-1,-1,-0.01,-1,-1
99926009,2026-05-18 14:20:21+05:30,53526.95,0,0.0,0,0.0,0.0,53282.15,53619.2,52783.45,53710.35,0,0.0,0.0,0.0,0.0,-0.01,-1,-1,-0.01,-1,-1,-0.01,-1,-1,-0.01,-1,-1,-0.01,-1,-1,-0.01,-1,-1,-0.01,-1,-1,-0.01,-1,-1,-0.01,-1,-1,-0.01,-1,-1
99926009,2026-05-18 14:20:21+05:30,53528.35,0,0.0,0,0.0,0.0,53282.15,53619.2,52783.45,53710.35,0,0.0,0.0,0.0,0.0,-0.01,-1,-1,-0.01,-1,-1,-0.01,-1,-1,-0.01,-1,-1,-0.01,-1,-1,-0.01,-1,-1,-0.01,-1,-1,-0.01,-1,-1,-0.01,-1,-1,-0.01,-1,-1
99926009,2026-05-18 14:20:22+05:30,53529.35,0,0.0,0,0.0,0.0,53282.15,53619.2,52783.45,53710.35,0,0.0,0.0,0.0,0.0,-0.01,-1,-1,-0.01,-1,-1,-0.01,-1,-1,-0.01,-1,-1,-0.01,-1,-1,-0.01,-1,-1,-0.01,-1,-1,-0.01,-1,-1,-0.01,-1,-1,-0.01,-1,-1
99926009,2026-05-18 14:20:22+05:30,53527.25,0,0.0,0,0.0,0.0,53282.15,53619.2,52783.45,53710.35,0,0.0,0.0,0.0,0.0,-0.01,-1,-1,-0.01,-1,-1,-0.01,-1,-1,-0.01,-1,-1,-0.01,-1,-1,-0.01,-1,-1,-0.01,-1,-1,-0.01,-1,-1,-0.01,-1,-1,-0.01,-1,-1
99926009,2026-05-18 14:20:23+05:30,53527.7,0,0.0,0,0.0,0.0,53282.15,53619.2,52783.45,53710.35,0,0.0,0.0,0.0,0.0,-0.01,-1,-1,-0.01,-1,-1,-0.01,-1,-1,-0.01,-1,-1,-0.01,-1,-1,-0.01,-1,-1,-0.01,-1,-1,-0.01,-1,-1,-0.01,-1,-1,-0.01,-1,-1
99926009,2026-05-18 14:20:23+05:30,53530.6,0,0.0,0,0.0,0.0,53282.15,53619.2,52783.45,53710.35,0,0.0,0.0,0.0,0.0,-0.01,-1,-1,-0.01,-1,-1,-0.01,-1,-1,-0.01,-1,-1,-0.01,-1,-1,-0.01,-1,-1,-0.01,-1,-1,-0.01,-1,-1,-0.01,-1,-1,-0.01,-1,-1
99926009,2026-05-18 14:20:24+05:30,53529.35,0,0.0,0,0.0,0.0,53282.15,53619.2,52783.45,53710.35,0,0.0,0.0,0.0,0.0,-0.01,-1,-1,-0.01,-1,-1,-0.01,-1,-1,-0.01,-1,-1,-0.01,-1,-1,-0.01,-1,-1,-0.01,-1,-1,-0.01,-1,-1,-0.01,-1,-1,-0.01,-1,-1
99926009,2026-05-18 14:20:24+05:30,53529.6,0,0.0,0,0.0,0.0,53282.15,53619.2,52783.45,53710.35,0,0.0,0.0,0.0,0.0,-0.01,-1,-1,-0.01,-1,-1,-0.01,-1,-1,-0.01,-1,-1,-0.01,-1,-1,-0.01,-1,-1,-0.01,-1,-1,-0.01,-1,-1,-0.01,-1,-1,-0.01,-1,-1
99926009,2026-05-18 14:20:25+05:30,53530.05,0,0.0,0,0.0,0.0,53282.15,53619.2,52783.45,53710.35,0,0.0,0.0,0.0,0.0,-0.01,-1,-1,-0.01,-1,-1,-0.01,-1,-1,-0.01,-1,-1,-0.01,-1,-1,-0.01,-1,-1,-0.01,-1,-1,-0.01,-1,-1,-0.01,-1,-1,-0.01,-1,-1
99926009,2026-05-18 14:20:25+05:30,53529.65,0,0.0,0,0.0,0.0,53282.15,53619.2,52783.45,53710.35,0,0.0,0.0,0.0,0.0,-0.01,-1,-1,-0.01,-1,-1,-0.01,-1,-1,-0.01,-1,-1,-0.01,-1,-1,-0.01,-1,-1,-0.01,-1,-1,-0.01,-1,-1,-0.01,-1,-1,-0.01,-1,-1
99926009,2026-05-18 14:20:26+05:30,53528.85,0,0.0,0,0.0,0.0,53282.15,53619.2,52783.45,53710.35,0,0.0,0.0,0.0,0.0,-0.01,-1,-1,-0.01,-1,-1,-0.01,-1,-1,-0.01,-1,-1,-0.01,-1,-1,-0.01,-1,-1,-0.01,-1,-1,-0.01,-1,-1,-0.01,-1,-1,-0.01,-1,-1
99926009,2026-05-18 14:20:26+05:30,53530.1,0,0.0,0,0.0,0.0,53282.15,53619.2,52783.45,53710.35,0,0.0,0.0,0.0,0.0,-0.01,-1,-1,-0.01,-1,-1,-0.01,-1,-1,-0.01,-1,-1,-0.01,-1,-1,-0.01,-1,-1,-0.01,-1,-1,-0.01,-1,-1,-0.01,-1,-1,-0.01,-1,-1
99926009,2026-05-18 14:20:27+05:30,53528.35,0,0.0,0,0.0,0.0,53282.15,53619.2,52783.45,53710.35,0,0.0,0.0,0.0,0.0,-0.01,-1,-1,-0.01,-1,-1,-0.01,-1,-1,-0.01,-1,-1,-0.01,-1,-1,-0.01,-1,-1,-0.01,-1,-1,-0.01,-1,-1,-0.01,-1,-1,-0.01,-1,-1
99926009,2026-05-18 14:20:27+05:30,53530.15,0,0.0,0,0.0,0.0,53282.15,53619.2,52783.45,53710.35,0,0.0,0.0,0.0,0.0,-0.01,-1,-1,-0.01,-1,-1,-0.01,-1,-1,-0.01,-1,-1,-0.01,-1,-1,-0.01,-1,-1,-0.01,-1,-1,-0.01,-1,-1,-0.01,-1,-1,-0.01,-1,-1
99926009,2026-05-18 14:20:28+05:30,53529.45,0,0.0,0,0.0,0.0,53282.15,53619.2,52783.45,53710.35,0,0.0,0.0,0.0,0.0,-0.01,-1,-1,-0.01,-1,-1,-0.01,-1,-1,-0.01,-1,-1,-0.01,-1,-1,-0.01,-1,-1,-0.01,-1,-1,-0.01,-1,-1,-0.01,-1,-1,-0.01,-1,-1
99926009,2026-05-18 14:20:28+05:30,53529.0,0,0.0,0,0.0,0.0,53282.15,53619.2,52783.45,53710.35,0,0.0,0.0,0.0,0.0,-0.01,-1,-1,-0.01,-1,-1,-0.01,-1,-1,-0.01,-1,-1,-0.01,-1,-1,-0.01,-1,-1,-0.01,-1,-1,-0.01,-1,-1,-0.01,-1,-1,-0.01,-1,-1
99926009,2026-05-18 14:20:29+05:30,53527.9,0,0.0,0,0.0,0.0,53282.15,53619.2,52783.45,53710.35,0,0.0,0.0,0.0,0.0,-0.01,-1,-1,-0.01,-1,-1,-0.01,-1,-1,-0.01,-1,-1,-0.01,-1,-1,-0.01,-1,-1,-0.01,-1,-1,-0.01,-1,-1,-0.01,-1,-1,-0.01,-1,-1
99926009,2026-05-18 14:20:29+05:30,53531.0,0,0.0,0,0.0,0.0,53282.15,53619.2,52783.45,53710.35,0,0.0,0.0,0.0,0.0,-0.01,-1,-1,-0.01,-1,-1,-0.01,-1,-1,-0.01,-1,-1,-0.01,-1,-1,-0.01,-1,-1,-0.01,-1,-1,-0.01,-1,-1,-0.01,-1,-1,-0.01,-1,-1
99926009,2026-05-18 14:20:30+05:30,53530.8,0,0.0,0,0.0,0.0,53282.15,53619.2,52783.45,53710.35,0,0.0,0.0,0.0,0.0,-0.01,-1,-1,-0.01,-1,-1,-0.01,-1,-1,-0.01,-1,-1,-0.01,-1,-1,-0.01,-1,-1,-0.01,-1,-1,-0.01,-1,-1,-0.01,-1,-1,-0.01,-1,-1
99926009,2026-05-18 14:20:30+05:30,53530.45,0,0.0,0,0.0,0.0,53282.15,53619.2,52783.45,53710.35,0,0.0,0.0,0.0,0.0,-0.01,-1,-1,-0.01,-1,-1,-0.01,-1,-1,-0.01,-1,-1,-0.01,-1,-1,-0.01,-1,-1,-0.01,-1,-1,-0.01,-1,-1,-0.01,-1,-1,-0.01,-1,-1
99926009,2026-05-18 14:20:31+05:30,53530.0,0,0.0,0,0.0,0.0,53282.15,53619.2,52783.45,53710.35,0,0.0,0.0,0.0,0.0,-0.01,-1,-1,-0.01,-1,-1,-0.01,-1,-1,-0.01,-1,-1,-0.01,-1,-1,-0.01,-1,-1,-0.01,-1,-1,-0.01,-1,-1,-0.01,-1,-1,-0.01,-1,-1
99926009,2026-05-18 14:20:31+05:30,53531.35,0,0.0,0,0.0,0.0,53282.15,53619.2,52783.45,53710.35,0,0.0,0.0,0.0,0.0,-0.01,-1,-1,-0.01,-1,-1,-0.01,-1,-1,-0.01,-1,-1,-0.01,-1,-1,-0.01,-1,-1,-0.01,-1,-1,-0.01,-1,-1,-0.01,-1,-1,-0.01,-1,-1
99926009,2026-05-18 14:20:32+05:30,53530.2,0,0.0,0,0.0,0.0,53282.15,53619.2,52783.45,53710.35,0,0.0,0.0,0.0,0.0,-0.01,-1,-1,-0.01,-1,-1,-0.01,-1,-1,-0.01,-1,-1,-0.01,-1,-1,-0.01,-1,-1,-0.01,-1,-1,-0.01,-1,-1,-0.01,-1,-1,-0.01,-1,-1
99926009,2026-05-18 14:20:32+05:30,53530.95,0,0.0,0,0.0,0.0,53282.15,53619.2,52783.45,53710.35,0,0.0,0.0,0.0,0.0,-0.01,-1,-1,-0.01,-1,-1,-0.01,-1,-1,-0.01,-1,-1,-0.01,-1,-1,-0.01,-1,-1,-0.01,-1,-1,-0.01,-1,-1,-0.01,-1,-1,-0.01,-1,-1
99926009,2026-05-18 14:20:33+05:30,53531.4,0,0.0,0,0.0,0.0,53282.15,53619.2,52783.45,53710.35,0,0.0,0.0,0.0,0.0,-0.01,-1,-1,-0.01,-1,-1,-0.01,-1,-1,-0.01,-1,-1,-0.01,-1,-1,-0.01,-1,-1,-0.01,-1,-1,-0.01,-1,-1,-0.01,-1,-1,-0.01,-1,-1
99926009,2026-05-18 14:20:33+05:30,53530.2,0,0.0,0,0.0,0.0,53282.15,53619.2,52783.45,53710.35,0,0.0,0.0,0.0,0.0,-0.01,-1,-1,-0.01,-1,-1,-0.01,-1,-1,-0.01,-1,-1,-0.01,-1,-1,-0.01,-1,-1,-0.01,-1,-1,-0.01,-1,-1,-0.01,-1,-1,-0.01,-1,-1
99926009,2026-05-18 14:20:34+05:30,53530.2,0,0.0,0,0.0,0.0,53282.15,53619.2,52783.45,53710.35,0,0.0,0.0,0.0,0.0,-0.01,-1,-1,-0.01,-1,-1,-0.01,-1,-1,-0.01,-1,-1,-0.01,-1,-1,-0.01,-1,-1,-0.01,-1,-1,-0.01,-1,-1,-0.01,-1,-1,-0.01,-1,-1
99926009,2026-05-18 14:20:34+05:30,53529.95,0,0.0,0,0.0,0.0,53282.15,53619.2,52783.45,53710.35,0,0.0,0.0,0.0,0.0,-0.01,-1,-1,-0.01,-1,-1,-0.01,-1,-1,-0.01,-1,-1,-0.01,-1,-1,-0.01,-1,-1,-0.01,-1,-1,-0.01,-1,-1,-0.01,-1,-1,-0.01,-1,-1
99926009,2026-05-18 14:20:35+05:30,53530.85,0,0.0,0,0.0,0.0,53282.15,53619.2,52783.45,53710.35,0,0.0,0.0,0.0,0.0,-0.01,-1,-1,-0.01,-1,-1,-0.01,-1,-1,-0.01,-1,-1,-0.01,-1,-1,-0.01,-1,-1,-0.01,-1,-1,-0.01,-1,-1,-0.01,-1,-1,-0.01,-1,-1
99926009,2026-05-18 14:20:35+05:30,53530.35,0,0.0,0,0.0,0.0,53282.15,53619.2,52783.45,53710.35,0,0.0,0.0,0.0,0.0,-0.01,-1,-1,-0.01,-1,-1,-0.01,-1,-1,-0.01,-1,-1,-0.01,-1,-1,-0.01,-1,-1,-0.01,-1,-1,-0.01,-1,-1,-0.01,-1,-1,-0.01,-1,-1
99926009,2026-05-18 14:20:36+05:30,53527.85,0,0.0,0,0.0,0.0,53282.15,53619.2,52783.45,53710.35,0,0.0,0.0,0.0,0.0,-0.01,-1,-1,-0.01,-1,-1,-0.01,-1,-1,-0.01,-1,-1,-0.01,-1,-1,-0.01,-1,-1,-0.01,-1,-1,-0.01,-1,-1,-0.01,-1,-1,-0.01,-1,-1
99926009,2026-05-18 14:20:36+05:30,53530.9,0,0.0,0,0.0,0.0,53282.15,53619.2,52783.45,53710.35,0,0.0,0.0,0.0,0.0,-0.01,-1,-1,-0.01,-1,-1,-0.01,-1,-1,-0.01,-1,-1,-0.01,-1,-1,-0.01,-1,-1,-0.01,-1,-1,-0.01,-1,-1,-0.01,-1,-1,-0.01,-1,-1
99926009,2026-05-18 14:20:37+05:30,53531.35,0,0.0,0,0.0,0.0,53282.15,53619.2,52783.45,53710.35,0,0.0,0.0,0.0,0.0,-0.01,-1,-1,-0.01,-1,-1,-0.01,-1,-1,-0.01,-1,-1,-0.01,-1,-1,-0.01,-1,-1,-0.01,-1,-1,-0.01,-1,-1,-0.01,-1,-1,-0.01,-1,-1
99926009,2026-05-18 14:20:37+05:30,53532.5,0,0.0,0,0.0,0.0,53282.15,53619.2,52783.45,53710.35,0,0.0,0.0,0.0,0.0,-0.01,-1,-1,-0.01,-1,-1,-0.01,-1,-1,-0.01,-1,-1,-0.01,-1,-1,-0.01,-1,-1,-0.01,-1,-1,-0.01,-1,-1,-0.01,-1,-1,-0.01,-1,-1
99926009,2026-05-18 14:20:38+05:30,53535.45,0,0.0,0,0.0,0.0,53282.15,53619.2,52783.45,53710.35,0,0.0,0.0,0.0,0.0,-0.01,-1,-1,-0.01,-1,-1,-0.01,-1,-1,-0.01,-1,-1,-0.01,-1,-1,-0.01,-1,-1,-0.01,-1,-1,-0.01,-1,-1,-0.01,-1,-1,-0.01,-1,-1
99926009,2026-05-18 14:20:38+05:30,53530.85,0,0.0,0,0.0,0.0,53282.15,53619.2,52783.45,53710.35,0,0.0,0.0,0.0,0.0,-0.01,-1,-1,-0.01,-1,-1,-0.01,-1,-1,-0.01,-1,-1,-0.01,-1,-1,-0.01,-1,-1,-0.01,-1,-1,-0.01,-1,-1,-0.01,-1,-1,-0.01,-1,-1
99926009,2026-05-18 14:20:39+05:30,53533.0,0,0.0,0,0.0,0.0,53282.15,53619.2,52783.45,53710.35,0,0.0,0.0,0.0,0.0,-0.01,-1,-1,-0.01,-1,-1,-0.01,-1,-1,-0.01,-1,-1,-0.01,-1,-1,-0.01,-1,-1,-0.01,-1,-1,-0.01,-1,-1,-0.01,-1,-1,-0.01,-1,-1
99926009,2026-05-18 14:20:39+05:30,53533.1,0,0.0,0,0.0,0.0,53282.15,53619.2,52783.45,53710.35,0,0.0,0.0,0.0,0.0,-0.01,-1,-1,-0.01,-1,-1,-0.01,-1,-1,-0.01,-1,-1,-0.01,-1,-1,-0.01,-1,-1,-0.01,-1,-1,-0.01,-1,-1,-0.01,-1,-1,-0.01,-1,-1
99926009,2026-05-18 14:20:40+05:30,53532.4,0,0.0,0,0.0,0.0,53282.15,53619.2,52783.45,53710.35,0,0.0,0.0,0.0,0.0,-0.01,-1,-1,-0.01,-1,-1,-0.01,-1,-1,-0.01,-1,-1,-0.01,-1,-1,-0.01,-1,-1,-0.01,-1,-1,-0.01,-1,-1,-0.01,-1,-1,-0.01,-1,-1
99926009,2026-05-18 14:20:40+05:30,53532.5,0,0.0,0,0.0,0.0,53282.15,53619.2,52783.45,53710.35,0,0.0,0.0,0.0,0.0,-0.01,-1,-1,-0.01,-1,-1,-0.01,-1,-1,-0.01,-1,-1,-0.01,-1,-1,-0.01,-1,-1,-0.01,-1,-1,-0.01,-1,-1,-0.01,-1,-1,-0.01,-1,-1
99926009,2026-05-18 14:20:41+05:30,53531.9,0,0.0,0,0.0,0.0,53282.15,53619.2,52783.45,53710.35,0,0.0,0.0,0.0,0.0,-0.01,-1,-1,-0.01,-1,-1,-0.01,-1,-1,-0.01,-1,-1,-0.01,-1,-1,-0.01,-1,-1,-0.01,-1,-1,-0.01,-1,-1,-0.01,-1,-1,-0.01,-1,-1
99926009,2026-05-18 14:20:41+05:30,53534.05,0,0.0,0,0.0,0.0,53282.15,53619.2,52783.45,53710.35,0,0.0,0.0,0.0,0.0,-0.01,-1,-1,-0.01,-1,-1,-0.01,-1,-1,-0.01,-1,-1,-0.01,-1,-1,-0.01,-1,-1,-0.01,-1,-1,-0.01,-1,-1,-0.01,-1,-1,-0.01,-1,-1
99926009,2026-05-18 14:20:42+05:30,53532.8,0,0.0,0,0.0,0.0,53282.15,53619.2,52783.45,53710.35,0,0.0,0.0,0.0,0.0,-0.01,-1,-1,-0.01,-1,-1,-0.01,-1,-1,-0.01,-1,-1,-0.01,-1,-1,-0.01,-1,-1,-0.01,-1,-1,-0.01,-1,-1,-0.01,-1,-1,-0.01,-1,-1
99926009,2026-05-18 14:20:42+05:30,53535.45,0,0.0,0,0.0,0.0,53282.15,53619.2,52783.45,53710.35,0,0.0,0.0,0.0,0.0,-0.01,-1,-1,-0.01,-1,-1,-0.01,-1,-1,-0.01,-1,-1,-0.01,-1,-1,-0.01,-1,-1,-0.01,-1,-1,-0.01,-1,-1,-0.01,-1,-1,-0.01,-1,-1
99926009,2026-05-18 14:20:43+05:30,53535.2,0,0.0,0,0.0,0.0,53282.15,53619.2,52783.45,53710.35,0,0.0,0.0,0.0,0.0,-0.01,-1,-1,-0.01,-1,-1,-0.01,-1,-1,-0.01,-1,-1,-0.01,-1,-1,-0.01,-1,-1,-0.01,-1,-1,-0.01,-1,-1,-0.01,-1,-1,-0.01,-1,-1
99926009,2026-05-18 14:20:43+05:30,53533.45,0,0.0,0,0.0,0.0,53282.15,53619.2,52783.45,53710.35,0,0.0,0.0,0.0,0.0,-0.01,-1,-1,-0.01,-1,-1,-0.01,-1,-1,-0.01,-1,-1,-0.01,-1,-1,-0.01,-1,-1,-0.01,-1,-1,-0.01,-1,-1,-0.01,-1,-1,-0.01,-1,-1
99926009,2026-05-18 14:20:44+05:30,53533.3,0,0.0,0,0.0,0.0,53282.15,53619.2,52783.45,53710.35,0,0.0,0.0,0.0,0.0,-0.01,-1,-1,-0.01,-1,-1,-0.01,-1,-1,-0.01,-1,-1,-0.01,-1,-1,-0.01,-1,-1,-0.01,-1,-1,-0.01,-1,-1,-0.01,-1,-1,-0.01,-1,-1
99926009,2026-05-18 14:20:44+05:30,53533.9,0,0.0,0,0.0,0.0,53282.15,53619.2,52783.45,53710.35,0,0.0,0.0,0.0,0.0,-0.01,-1,-1,-0.01,-1,-1,-0.01,-1,-1,-0.01,-1,-1,-0.01,-1,-1,-0.01,-1,-1,-0.01,-1,-1,-0.01,-1,-1,-0.01,-1,-1,-0.01,-1,-1
99926009,2026-05-18 14:20:45+05:30,53532.45,0,0.0,0,0.0,0.0,53282.15,53619.2,52783.45,53710.35,0,0.0,0.0,0.0,0.0,-0.01,-1,-1,-0.01,-1,-1,-0.01,-1,-1,-0.01,-1,-1,-0.01,-1,-1,-0.01,-1,-1,-0.01,-1,-1,-0.01,-1,-1,-0.01,-1,-1,-0.01,-1,-1
99926009,2026-05-18 14:20:45+05:30,53533.3,0,0.0,0,0.0,0.0,53282.15,53619.2,52783.45,53710.35,0,0.0,0.0,0.0,0.0,-0.01,-1,-1,-0.01,-1,-1,-0.01,-1,-1,-0.01,-1,-1,-0.01,-1,-1,-0.01,-1,-1,-0.01,-1,-1,-0.01,-1,-1,-0.01,-1,-1,-0.01,-1,-1
99926009,2026-05-18 14:20:46+05:30,53533.45,0,0.0,0,0.0,0.0,53282.15,53619.2,52783.45,53710.35,0,0.0,0.0,0.0,0.0,-0.01,-1,-1,-0.01,-1,-1,-0.01,-1,-1,-0.01,-1,-1,-0.01,-1,-1,-0.01,-1,-1,-0.01,-1,-1,-0.01,-1,-1,-0.01,-1,-1,-0.01,-1,-1
99926009,2026-05-18 14:20:46+05:30,53534.5,0,0.0,0,0.0,0.0,53282.15,53619.2,52783.45,53710.35,0,0.0,0.0,0.0,0.0,-0.01,-1,-1,-0.01,-1,-1,-0.01,-1,-1,-0.01,-1,-1,-0.01,-1,-1,-0.01,-1,-1,-0.01,-1,-1,-0.01,-1,-1,-0.01,-1,-1,-0.01,-1,-1
99926009,2026-05-18 14:20:47+05:30,53534.1,0,0.0,0,0.0,0.0,53282.15,53619.2,52783.45,53710.35,0,0.0,0.0,0.0,0.0,-0.01,-1,-1,-0.01,-1,-1,-0.01,-1,-1,-0.01,-1,-1,-0.01,-1,-1,-0.01,-1,-1,-0.01,-1,-1,-0.01,-1,-1,-0.01,-1,-1,-0.01,-1,-1
99926009,2026-05-18 14:20:47+05:30,53530.25,0,0.0,0,0.0,0.0,53282.15,53619.2,52783.45,53710.35,0,0.0,0.0,0.0,0.0,-0.01,-1,-1,-0.01,-1,-1,-0.01,-1,-1,-0.01,-1,-1,-0.01,-1,-1,-0.01,-1,-1,-0.01,-1,-1,-0.01,-1,-1,-0.01,-1,-1,-0.01,-1,-1
99926009,2026-05-18 14:20:48+05:30,53532.7,0,0.0,0,0.0,0.0,53282.15,53619.2,52783.45,53710.35,0,0.0,0.0,0.0,0.0,-0.01,-1,-1,-0.01,-1,-1,-0.01,-1,-1,-0.01,-1,-1,-0.01,-1,-1,-0.01,-1,-1,-0.01,-1,-1,-0.01,-1,-1,-0.01,-1,-1,-0.01,-1,-1
99926009,2026-05-18 14:20:48+05:30,53530.95,0,0.0,0,0.0,0.0,53282.15,53619.2,52783.45,53710.35,0,0.0,0.0,0.0,0.0,-0.01,-1,-1,-0.01,-1,-1,-0.01,-1,-1,-0.01,-1,-1,-0.01,-1,-1,-0.01,-1,-1,-0.01,-1,-1,-0.01,-1,-1,-0.01,-1,-1,-0.01,-1,-1
99926009,2026-05-18 14:20:49+05:30,53530.9,0,0.0,0,0.0,0.0,53282.15,53619.2,52783.45,53710.35,0,0.0,0.0,0.0,0.0,-0.01,-1,-1,-0.01,-1,-1,-0.01,-1,-1,-0.01,-1,-1,-0.01,-1,-1,-0.01,-1,-1,-0.01,-1,-1,-0.01,-1,-1,-0.01,-1,-1,-0.01,-1,-1
99926009,2026-05-18 14:20:49+05:30,53531.2,0,0.0,0,0.0,0.0,53282.15,53619.2,52783.45,53710.35,0,0.0,0.0,0.0,0.0,-0.01,-1,-1,-0.01,-1,-1,-0.01,-1,-1,-0.01,-1,-1,-0.01,-1,-1,-0.01,-1,-1,-0.01,-1,-1,-0.01,-1,-1,-0.01,-1,-1,-0.01,-1,-1
99926009,2026-05-18 14:20:50+05:30,53536.35,0,0.0,0,0.0,0.0,53282.15,53619.2,52783.45,53710.35,0,0.0,0.0,0.0,0.0,-0.01,-1,-1,-0.01,-1,-1,-0.01,-1,-1,-0.01,-1,-1,-0.01,-1,-1,-0.01,-1,-1,-0.01,-1,-1,-0.01,-1,-1,-0.01,-1,-1,-0.01,-1,-1
99926009,2026-05-18 14:20:50+05:30,53535.5,0,0.0,0,0.0,0.0,53282.15,53619.2,52783.45,53710.35,0,0.0,0.0,0.0,0.0,-0.01,-1,-1,-0.01,-1,-1,-0.01,-1,-1,-0.01,-1,-1,-0.01,-1,-1,-0.01,-1,-1,-0.01,-1,-1,-0.01,-1,-1,-0.01,-1,-1,-0.01,-1,-1
99926009,2026-05-18 14:20:51+05:30,53534.15,0,0.0,0,0.0,0.0,53282.15,53619.2,52783.45,53710.35,0,0.0,0.0,0.0,0.0,-0.01,-1,-1,-0.01,-1,-1,-0.01,-1,-1,-0.01,-1,-1,-0.01,-1,-1,-0.01,-1,-1,-0.01,-1,-1,-0.01,-1,-1,-0.01,-1,-1,-0.01,-1,-1
99926009,2026-05-18 14:20:51+05:30,53536.2,0,0.0,0,0.0,0.0,53282.15,53619.2,52783.45,53710.35,0,0.0,0.0,0.0,0.0,-0.01,-1,-1,-0.01,-1,-1,-0.01,-1,-1,-0.01,-1,-1,-0.01,-1,-1,-0.01,-1,-1,-0.01,-1,-1,-0.01,-1,-1,-0.01,-1,-1,-0.01,-1,-1
99926009,2026-05-18 14:20:52+05:30,53535.85,0,0.0,0,0.0,0.0,53282.15,53619.2,52783.45,53710.35,0,0.0,0.0,0.0,0.0,-0.01,-1,-1,-0.01,-1,-1,-0.01,-1,-1,-0.01,-1,-1,-0.01,-1,-1,-0.01,-1,-1,-0.01,-1,-1,-0.01,-1,-1,-0.01,-1,-1,-0.01,-1,-1
99926009,2026-05-18 14:20:52+05:30,53537.1,0,0.0,0,0.0,0.0,53282.15,53619.2,52783.45,53710.35,0,0.0,0.0,0.0,0.0,-0.01,-1,-1,-0.01,-1,-1,-0.01,-1,-1,-0.01,-1,-1,-0.01,-1,-1,-0.01,-1,-1,-0.01,-1,-1,-0.01,-1,-1,-0.01,-1,-1,-0.01,-1,-1
99926009,2026-05-18 14:20:53+05:30,53536.15,0,0.0,0,0.0,0.0,53282.15,53619.2,52783.45,53710.35,0,0.0,0.0,0.0,0.0,-0.01,-1,-1,-0.01,-1,-1,-0.01,-1,-1,-0.01,-1,-1,-0.01,-1,-1,-0.01,-1,-1,-0.01,-1,-1,-0.01,-1,-1,-0.01,-1,-1,-0.01,-1,-1
99926009,2026-05-18 14:20:53+05:30,53536.35,0,0.0,0,0.0,0.0,53282.15,53619.2,52783.45,53710.35,0,0.0,0.0,0.0,0.0,-0.01,-1,-1,-0.01,-1,-1,-0.01,-1,-1,-0.01,-1,-1,-0.01,-1,-1,-0.01,-1,-1,-0.01,-1,-1,-0.01,-1,-1,-0.01,-1,-1,-0.01,-1,-1
99926009,2026-05-18 14:20:54+05:30,53535.05,0,0.0,0,0.0,0.0,53282.15,53619.2,52783.45,53710.35,0,0.0,0.0,0.0,0.0,-0.01,-1,-1,-0.01,-1,-1,-0.01,-1,-1,-0.01,-1,-1,-0.01,-1,-1,-0.01,-1,-1,-0.01,-1,-1,-0.01,-1,-1,-0.01,-1,-1,-0.01,-1,-1
99926009,2026-05-18 14:20:54+05:30,53533.95,0,0.0,0,0.0,0.0,53282.15,53619.2,52783.45,53710.35,0,0.0,0.0,0.0,0.0,-0.01,-1,-1,-0.01,-1,-1,-0.01,-1,-1,-0.01,-1,-1,-0.01,-1,-1,-0.01,-1,-1,-0.01,-1,-1,-0.01,-1,-1,-0.01,-1,-1,-0.01,-1,-1
99926009,2026-05-18 14:20:55+05:30,53532.85,0,0.0,0,0.0,0.0,53282.15,53619.2,52783.45,53710.35,0,0.0,0.0,0.0,0.0,-0.01,-1,-1,-0.01,-1,-1,-0.01,-1,-1,-0.01,-1,-1,-0.01,-1,-1,-0.01,-1,-1,-0.01,-1,-1,-0.01,-1,-1,-0.01,-1,-1,-0.01,-1,-1
99926009,2026-05-18 14:20:55+05:30,53532.75,0,0.0,0,0.0,0.0,53282.15,53619.2,52783.45,53710.35,0,0.0,0.0,0.0,0.0,-0.01,-1,-1,-0.01,-1,-1,-0.01,-1,-1,-0.01,-1,-1,-0.01,-1,-1,-0.01,-1,-1,-0.01,-1,-1,-0.01,-1,-1,-0.01,-1,-1,-0.01,-1,-1
99926009,2026-05-18 14:20:56+05:30,53530.85,0,0.0,0,0.0,0.0,53282.15,53619.2,52783.45,53710.35,0,0.0,0.0,0.0,0.0,-0.01,-1,-1,-0.01,-1,-1,-0.01,-1,-1,-0.01,-1,-1,-0.01,-1,-1,-0.01,-1,-1,-0.01,-1,-1,-0.01,-1,-1,-0.01,-1,-1,-0.01,-1,-1
99926009,2026-05-18 14:20:56+05:30,53533.5,0,0.0,0,0.0,0.0,53282.15,53619.2,52783.45,53710.35,0,0.0,0.0,0.0,0.0,-0.01,-1,-1,-0.01,-1,-1,-0.01,-1,-1,-0.01,-1,-1,-0.01,-1,-1,-0.01,-1,-1,-0.01,-1,-1,-0.01,-1,-1,-0.01,-1,-1,-0.01,-1,-1
99926009,2026-05-18 14:20:57+05:30,53534.25,0,0.0,0,0.0,0.0,53282.15,53619.2,52783.45,53710.35,0,0.0,0.0,0.0,0.0,-0.01,-1,-1,-0.01,-1,-1,-0.01,-1,-1,-0.01,-1,-1,-0.01,-1,-1,-0.01,-1,-1,-0.01,-1,-1,-0.01,-1,-1,-0.01,-1,-1,-0.01,-1,-1
99926009,2026-05-18 14:20:57+05:30,53533.8,0,0.0,0,0.0,0.0,53282.15,53619.2,52783.45,53710.35,0,0.0,0.0,0.0,0.0,-0.01,-1,-1,-0.01,-1,-1,-0.01,-1,-1,-0.01,-1,-1,-0.01,-1,-1,-0.01,-1,-1,-0.01,-1,-1,-0.01,-1,-1,-0.01,-1,-1,-0.01,-1,-1
99926009,2026-05-18 14:20:58+05:30,53534.6,0,0.0,0,0.0,0.0,53282.15,53619.2,52783.45,53710.35,0,0.0,0.0,0.0,0.0,-0.01,-1,-1,-0.01,-1,-1,-0.01,-1,-1,-0.01,-1,-1,-0.01,-1,-1,-0.01,-1,-1,-0.01,-1,-1,-0.01,-1,-1,-0.01,-1,-1,-0.01,-1,-1
99926009,2026-05-18 14:20:58+05:30,53532.9,0,0.0,0,0.0,0.0,53282.15,53619.2,52783.45,53710.35,0,0.0,0.0,0.0,0.0,-0.01,-1,-1,-0.01,-1,-1,-0.01,-1,-1,-0.01,-1,-1,-0.01,-1,-1,-0.01,-1,-1,-0.01,-1,-1,-0.01,-1,-1,-0.01,-1,-1,-0.01,-1,-1
99926009,2026-05-18 14:20:59+05:30,53531.85,0,0.0,0,0.0,0.0,53282.15,53619.2,52783.45,53710.35,0,0.0,0.0,0.0,0.0,-0.01,-1,-1,-0.01,-1,-1,-0.01,-1,-1,-0.01,-1,-1,-0.01,-1,-1,-0.01,-1,-1,-0.01,-1,-1,-0.01,-1,-1,-0.01,-1,-1,-0.01,-1,-1
99926009,2026-05-18 14:20:59+05:30,53533.25,0,0.0,0,0.0,0.0,53282.15,53619.2,52783.45,53710.35,0,0.0,0.0,0.0,0.0,-0.01,-1,-1,-0.01,-1,-1,-0.01,-1,-1,-0.01,-1,-1,-0.01,-1,-1,-0.01,-1,-1,-0.01,-1,-1,-0.01,-1,-1,-0.01,-1,-1,-0.01,-1,-1
99926009,2026-05-18 14:21:00+05:30,53533.95,0,0.0,0,0.0,0.0,53282.15,53619.2,52783.45,53710.35,0,0.0,0.0,0.0,0.0,-0.01,-1,-1,-0.01,-1,-1,-0.01,-1,-1,-0.01,-1,-1,-0.01,-1,-1,-0.01,-1,-1,-0.01,-1,-1,-0.01,-1,-1,-0.01,-1,-1,-0.01,-1,-1
99926009,2026-05-18 14:21:00+05:30,53534.7,0,0.0,0,0.0,0.0,53282.15,53619.2,52783.45,53710.35,0,0.0,0.0,0.0,0.0,-0.01,-1,-1,-0.01,-1,-1,-0.01,-1,-1,-0.01,-1,-1,-0.01,-1,-1,-0.01,-1,-1,-0.01,-1,-1,-0.01,-1,-1,-0.01,-1,-1,-0.01,-1,-1
99926009,2026-05-18 14:21:01+05:30,53532.45,0,0.0,0,0.0,0.0,53282.15,53619.2,52783.45,53710.35,0,0.0,0.0,0.0,0.0,-0.01,-1,-1,-0.01,-1,-1,-0.01,-1,-1,-0.01,-1,-1,-0.01,-1,-1,-0.01,-1,-1,-0.01,-1,-1,-0.01,-1,-1,-0.01,-1,-1,-0.01,-1,-1
99926009,2026-05-18 14:21:01+05:30,53535.35,0,0.0,0,0.0,0.0,53282.15,53619.2,52783.45,53710.35,0,0.0,0.0,0.0,0.0,-0.01,-1,-1,-0.01,-1,-1,-0.01,-1,-1,-0.01,-1,-1,-0.01,-1,-1,-0.01,-1,-1,-0.01,-1,-1,-0.01,-1,-1,-0.01,-1,-1,-0.01,-1,-1
99926009,2026-05-18 14:21:02+05:30,53534.15,0,0.0,0,0.0,0.0,53282.15,53619.2,52783.45,53710.35,0,0.0,0.0,0.0,0.0,-0.01,-1,-1,-0.01,-1,-1,-0.01,-1,-1,-0.01,-1,-1,-0.01,-1,-1,-0.01,-1,-1,-0.01,-1,-1,-0.01,-1,-1,-0.01,-1,-1,-0.01,-1,-1
99926009,2026-05-18 14:21:02+05:30,53534.2,0,0.0,0,0.0,0.0,53282.15,53619.2,52783.45,53710.35,0,0.0,0.0,0.0,0.0,-0.01,-1,-1,-0.01,-1,-1,-0.01,-1,-1,-0.01,-1,-1,-0.01,-1,-1,-0.01,-1,-1,-0.01,-1,-1,-0.01,-1,-1,-0.01,-1,-1,-0.01,-1,-1
99926009,2026-05-18 14:21:03+05:30,53534.1,0,0.0,0,0.0,0.0,53282.15,53619.2,52783.45,53710.35,0,0.0,0.0,0.0,0.0,-0.01,-1,-1,-0.01,-1,-1,-0.01,-1,-1,-0.01,-1,-1,-0.01,-1,-1,-0.01,-1,-1,-0.01,-1,-1,-0.01,-1,-1,-0.01,-1,-1,-0.01,-1,-1
99926009,2026-05-18 14:21:03+05:30,53533.4,0,0.0,0,0.0,0.0,53282.15,53619.2,52783.45,53710.35,0,0.0,0.0,0.0,0.0,-0.01,-1,-1,-0.01,-1,-1,-0.01,-1,-1,-0.01,-1,-1,-0.01,-1,-1,-0.01,-1,-1,-0.01,-1,-1,-0.01,-1,-1,-0.01,-1,-1,-0.01,-1,-1
99926009,2026-05-18 14:21:04+05:30,53533.4,0,0.0,0,0.0,0.0,53282.15,53619.2,52783.45,53710.35,0,0.0,0.0,0.0,0.0,-0.01,-1,-1,-0.01,-1,-1,-0.01,-1,-1,-0.01,-1,-1,-0.01,-1,-1,-0.01,-1,-1,-0.01,-1,-1,-0.01,-1,-1,-0.01,-1,-1,-0.01,-1,-1
99926009,2026-05-18 14:21:04+05:30,53532.8,0,0.0,0,0.0,0.0,53282.15,53619.2,52783.45,53710.35,0,0.0,0.0,0.0,0.0,-0.01,-1,-1,-0.01,-1,-1,-0.01,-1,-1,-0.01,-1,-1,-0.01,-1,-1,-0.01,-1,-1,-0.01,-1,-1,-0.01,-1,-1,-0.01,-1,-1,-0.01,-1,-1
99926009,2026-05-18 14:21:05+05:30,53531.0,0,0.0,0,0.0,0.0,53282.15,53619.2,52783.45,53710.35,0,0.0,0.0,0.0,0.0,-0.01,-1,-1,-0.01,-1,-1,-0.01,-1,-1,-0.01,-1,-1,-0.01,-1,-1,-0.01,-1,-1,-0.01,-1,-1,-0.01,-1,-1,-0.01,-1,-1,-0.01,-1,-1
99926009,2026-05-18 14:21:05+05:30,53531.8,0,0.0,0,0.0,0.0,53282.15,53619.2,52783.45,53710.35,0,0.0,0.0,0.0,0.0,-0.01,-1,-1,-0.01,-1,-1,-0.01,-1,-1,-0.01,-1,-1,-0.01,-1,-1,-0.01,-1,-1,-0.01,-1,-1,-0.01,-1,-1,-0.01,-1,-1,-0.01,-1,-1
99926009,2026-05-18 14:21:06+05:30,53532.05,0,0.0,0,0.0,0.0,53282.15,53619.2,52783.45,53710.35,0,0.0,0.0,0.0,0.0,-0.01,-1,-1,-0.01,-1,-1,-0.01,-1,-1,-0.01,-1,-1,-0.01,-1,-1,-0.01,-1,-1,-0.01,-1,-1,-0.01,-1,-1,-0.01,-1,-1,-0.01,-1,-1
99926009,2026-05-18 14:21:06+05:30,53531.2,0,0.0,0,0.0,0.0,53282.15,53619.2,52783.45,53710.35,0,0.0,0.0,0.0,0.0,-0.01,-1,-1,-0.01,-1,-1,-0.01,-1,-1,-0.01,-1,-1,-0.01,-1,-1,-0.01,-1,-1,-0.01,-1,-1,-0.01,-1,-1,-0.01,-1,-1,-0.01,-1,-1
99926009,2026-05-18 14:21:07+05:30,53533.3,0,0.0,0,0.0,0.0,53282.15,53619.2,52783.45,53710.35,0,0.0,0.0,0.0,0.0,-0.01,-1,-1,-0.01,-1,-1,-0.01,-1,-1,-0.01,-1,-1,-0.01,-1,-1,-0.01,-1,-1,-0.01,-1,-1,-0.01,-1,-1,-0.01,-1,-1,-0.01,-1,-1
99926009,2026-05-18 14:21:07+05:30,53532.45,0,0.0,0,0.0,0.0,53282.15,53619.2,52783.45,53710.35,0,0.0,0.0,0.0,0.0,-0.01,-1,-1,-0.01,-1,-1,-0.01,-1,-1,-0.01,-1,-1,-0.01,-1,-1,-0.01,-1,-1,-0.01,-1,-1,-0.01,-1,-1,-0.01,-1,-1,-0.01,-1,-1
99926009,2026-05-18 14:21:08+05:30,53533.1,0,0.0,0,0.0,0.0,53282.15,53619.2,52783.45,53710.35,0,0.0,0.0,0.0,0.0,-0.01,-1,-1,-0.01,-1,-1,-0.01,-1,-1,-0.01,-1,-1,-0.01,-1,-1,-0.01,-1,-1,-0.01,-1,-1,-0.01,-1,-1,-0.01,-1,-1,-0.01,-1,-1
99926009,2026-05-18 14:21:08+05:30,53533.65,0,0.0,0,0.0,0.0,53282.15,53619.2,52783.45,53710.35,0,0.0,0.0,0.0,0.0,-0.01,-1,-1,-0.01,-1,-1,-0.01,-1,-1,-0.01,-1,-1,-0.01,-1,-1,-0.01,-1,-1,-0.01,-1,-1,-0.01,-1,-1,-0.01,-1,-1,-0.01,-1,-1
99926009,2026-05-18 14:21:09+05:30,53533.05,0,0.0,0,0.0,0.0,53282.15,53619.2,52783.45,53710.35,0,0.0,0.0,0.0,0.0,-0.01,-1,-1,-0.01,-1,-1,-0.01,-1,-1,-0.01,-1,-1,-0.01,-1,-1,-0.01,-1,-1,-0.01,-1,-1,-0.01,-1,-1,-0.01,-1,-1,-0.01,-1,-1
99926009,2026-05-18 14:21:09+05:30,53530.1,0,0.0,0,0.0,0.0,53282.15,53619.2,52783.45,53710.35,0,0.0,0.0,0.0,0.0,-0.01,-1,-1,-0.01,-1,-1,-0.01,-1,-1,-0.01,-1,-1,-0.01,-1,-1,-0.01,-1,-1,-0.01,-1,-1,-0.01,-1,-1,-0.01,-1,-1,-0.01,-1,-1
99926009,2026-05-18 14:21:10+05:30,53531.5,0,0.0,0,0.0,0.0,53282.15,53619.2,52783.45,53710.35,0,0.0,0.0,0.0,0.0,-0.01,-1,-1,-0.01,-1,-1,-0.01,-1,-1,-0.01,-1,-1,-0.01,-1,-1,-0.01,-1,-1,-0.01,-1,-1,-0.01,-1,-1,-0.01,-1,-1,-0.01,-1,-1
99926009,2026-05-18 14:21:10+05:30,53533.7,0,0.0,0,0.0,0.0,53282.15,53619.2,52783.45,53710.35,0,0.0,0.0,0.0,0.0,-0.01,-1,-1,-0.01,-1,-1,-0.01,-1,-1,-0.01,-1,-1,-0.01,-1,-1,-0.01,-1,-1,-0.01,-1,-1,-0.01,-1,-1,-0.01,-1,-1,-0.01,-1,-1
99926009,2026-05-18 14:21:11+05:30,53533.45,0,0.0,0,0.0,0.0,53282.15,53619.2,52783.45,53710.35,0,0.0,0.0,0.0,0.0,-0.01,-1,-1,-0.01,-1,-1,-0.01,-1,-1,-0.01,-1,-1,-0.01,-1,-1,-0.01,-1,-1,-0.01,-1,-1,-0.01,-1,-1,-0.01,-1,-1,-0.01,-1,-1
99926009,2026-05-18 14:21:11+05:30,53534.55,0,0.0,0,0.0,0.0,53282.15,53619.2,52783.45,53710.35,0,0.0,0.0,0.0,0.0,-0.01,-1,-1,-0.01,-1,-1,-0.01,-1,-1,-0.01,-1,-1,-0.01,-1,-1,-0.01,-1,-1,-0.01,-1,-1,-0.01,-1,-1,-0.01,-1,-1,-0.01,-1,-1
99926009,2026-05-18 14:21:12+05:30,53533.1,0,0.0,0,0.0,0.0,53282.15,53619.2,52783.45,53710.35,0,0.0,0.0,0.0,0.0,-0.01,-1,-1,-0.01,-1,-1,-0.01,-1,-1,-0.01,-1,-1,-0.01,-1,-1,-0.01,-1,-1,-0.01,-1,-1,-0.01,-1,-1,-0.01,-1,-1,-0.01,-1,-1
99926009,2026-05-18 14:21:12+05:30,53529.45,0,0.0,0,0.0,0.0,53282.15,53619.2,52783.45,53710.35,0,0.0,0.0,0.0,0.0,-0.01,-1,-1,-0.01,-1,-1,-0.01,-1,-1,-0.01,-1,-1,-0.01,-1,-1,-0.01,-1,-1,-0.01,-1,-1,-0.01,-1,-1,-0.01,-1,-1,-0.01,-1,-1
99926009,2026-05-18 14:21:13+05:30,53529.95,0,0.0,0,0.0,0.0,53282.15,53619.2,52783.45,53710.35,0,0.0,0.0,0.0,0.0,-0.01,-1,-1,-0.01,-1,-1,-0.01,-1,-1,-0.01,-1,-1,-0.01,-1,-1,-0.01,-1,-1,-0.01,-1,-1,-0.01,-1,-1,-0.01,-1,-1,-0.01,-1,-1
99926009,2026-05-18 14:21:13+05:30,53532.85,0,0.0,0,0.0,0.0,53282.15,53619.2,52783.45,53710.35,0,0.0,0.0,0.0,0.0,-0.01,-1,-1,-0.01,-1,-1,-0.01,-1,-1,-0.01,-1,-1,-0.01,-1,-1,-0.01,-1,-1,-0.01,-1,-1,-0.01,-1,-1,-0.01,-1,-1,-0.01,-1,-1
99926009,2026-05-18 14:21:14+05:30,53532.1,0,0.0,0,0.0,0.0,53282.15,53619.2,52783.45,53710.35,0,0.0,0.0,0.0,0.0,-0.01,-1,-1,-0.01,-1,-1,-0.01,-1,-1,-0.01,-1,-1,-0.01,-1,-1,-0.01,-1,-1,-0.01,-1,-1,-0.01,-1,-1,-0.01,-1,-1,-0.01,-1,-1
99926009,2026-05-18 14:21:14+05:30,53535.7,0,0.0,0,0.0,0.0,53282.15,53619.2,52783.45,53710.35,0,0.0,0.0,0.0,0.0,-0.01,-1,-1,-0.01,-1,-1,-0.01,-1,-1,-0.01,-1,-1,-0.01,-1,-1,-0.01,-1,-1,-0.01,-1,-1,-0.01,-1,-1,-0.01,-1,-1,-0.01,-1,-1
99926009,2026-05-18 14:21:15+05:30,53534.55,0,0.0,0,0.0,0.0,53282.15,53619.2,52783.45,53710.35,0,0.0,0.0,0.0,0.0,-0.01,-1,-1,-0.01,-1,-1,-0.01,-1,-1,-0.01,-1,-1,-0.01,-1,-1,-0.01,-1,-1,-0.01,-1,-1,-0.01,-1,-1,-0.01,-1,-1,-0.01,-1,-1
99926009,2026-05-18 14:21:15+05:30,53533.95,0,0.0,0,0.0,0.0,53282.15,53619.2,52783.45,53710.35,0,0.0,0.0,0.0,0.0,-0.01,-1,-1,-0.01,-1,-1,-0.01,-1,-1,-0.01,-1,-1,-0.01,-1,-1,-0.01,-1,-1,-0.01,-1,-1,-0.01,-1,-1,-0.01,-1,-1,-0.01,-1,-1
99926009,2026-05-18 14:21:16+05:30,53534.7,0,0.0,0,0.0,0.0,53282.15,53619.2,52783.45,53710.35,0,0.0,0.0,0.0,0.0,-0.01,-1,-1,-0.01,-1,-1,-0.01,-1,-1,-0.01,-1,-1,-0.01,-1,-1,-0.01,-1,-1,-0.01,-1,-1,-0.01,-1,-1,-0.01,-1,-1,-0.01,-1,-1
99926009,2026-05-18 14:21:16+05:30,53534.85,0,0.0,0,0.0,0.0,53282.15,53619.2,52783.45,53710.35,0,0.0,0.0,0.0,0.0,-0.01,-1,-1,-0.01,-1,-1,-0.01,-1,-1,-0.01,-1,-1,-0.01,-1,-1,-0.01,-1,-1,-0.01,-1,-1,-0.01,-1,-1,-0.01,-1,-1,-0.01,-1,-1
99926009,2026-05-18 14:21:17+05:30,53535.1,0,0.0,0,0.0,0.0,53282.15,53619.2,52783.45,53710.35,0,0.0,0.0,0.0,0.0,-0.01,-1,-1,-0.01,-1,-1,-0.01,-1,-1,-0.01,-1,-1,-0.01,-1,-1,-0.01,-1,-1,-0.01,-1,-1,-0.01,-1,-1,-0.01,-1,-1,-0.01,-1,-1
99926009,2026-05-18 14:21:17+05:30,53534.05,0,0.0,0,0.0,0.0,53282.15,53619.2,52783.45,53710.35,0,0.0,0.0,0.0,0.0,-0.01,-1,-1,-0.01,-1,-1,-0.01,-1,-1,-0.01,-1,-1,-0.01,-1,-1,-0.01,-1,-1,-0.01,-1,-1,-0.01,-1,-1,-0.01,-1,-1,-0.01,-1,-1
99926009,2026-05-18 14:21:18+05:30,53533.0,0,0.0,0,0.0,0.0,53282.15,53619.2,52783.45,53710.35,0,0.0,0.0,0.0,0.0,-0.01,-1,-1,-0.01,-1,-1,-0.01,-1,-1,-0.01,-1,-1,-0.01,-1,-1,-0.01,-1,-1,-0.01,-1,-1,-0.01,-1,-1,-0.01,-1,-1,-0.01,-1,-1
99926009,2026-05-18 14:21:18+05:30,53532.6,0,0.0,0,0.0,0.0,53282.15,53619.2,52783.45,53710.35,0,0.0,0.0,0.0,0.0,-0.01,-1,-1,-0.01,-1,-1,-0.01,-1,-1,-0.01,-1,-1,-0.01,-1,-1,-0.01,-1,-1,-0.01,-1,-1,-0.01,-1,-1,-0.01,-1,-1,-0.01,-1,-1
99926009,2026-05-18 14:21:19+05:30,53533.5,0,0.0,0,0.0,0.0,53282.15,53619.2,52783.45,53710.35,0,0.0,0.0,0.0,0.0,-0.01,-1,-1,-0.01,-1,-1,-0.01,-1,-1,-0.01,-1,-1,-0.01,-1,-1,-0.01,-1,-1,-0.01,-1,-1,-0.01,-1,-1,-0.01,-1,-1,-0.01,-1,-1
99926009,2026-05-18 14:21:19+05:30,53535.6,0,0.0,0,0.0,0.0,53282.15,53619.2,52783.45,53710.35,0,0.0,0.0,0.0,0.0,-0.01,-1,-1,-0.01,-1,-1,-0.01,-1,-1,-0.01,-1,-1,-0.01,-1,-1,-0.01,-1,-1,-0.01,-1,-1,-0.01,-1,-1,-0.01,-1,-1,-0.01,-1,-1
99926009,2026-05-18 14:21:20+05:30,53533.25,0,0.0,0,0.0,0.0,53282.15,53619.2,52783.45,53710.35,0,0.0,0.0,0.0,0.0,-0.01,-1,-1,-0.01,-1,-1,-0.01,-1,-1,-0.01,-1,-1,-0.01,-1,-1,-0.01,-1,-1,-0.01,-1,-1,-0.01,-1,-1,-0.01,-1,-1,-0.01,-1,-1
99926009,2026-05-18 14:21:20+05:30,53527.7,0,0.0,0,0.0,0.0,53282.15,53619.2,52783.45,53710.35,0,0.0,0.0,0.0,0.0,-0.01,-1,-1,-0.01,-1,-1,-0.01,-1,-1,-0.01,-1,-1,-0.01,-1,-1,-0.01,-1,-1,-0.01,-1,-1,-0.01,-1,-1,-0.01,-1,-1,-0.01,-1,-1
99926009,2026-05-18 14:21:21+05:30,53527.15,0,0.0,0,0.0,0.0,53282.15,53619.2,52783.45,53710.35,0,0.0,0.0,0.0,0.0,-0.01,-1,-1,-0.01,-1,-1,-0.01,-1,-1,-0.01,-1,-1,-0.01,-1,-1,-0.01,-1,-1,-0.01,-1,-1,-0.01,-1,-1,-0.01,-1,-1,-0.01,-1,-1
99926009,2026-05-18 14:21:21+05:30,53528.95,0,0.0,0,0.0,0.0,53282.15,53619.2,52783.45,53710.35,0,0.0,0.0,0.0,0.0,-0.01,-1,-1,-0.01,-1,-1,-0.01,-1,-1,-0.01,-1,-1,-0.01,-1,-1,-0.01,-1,-1,-0.01,-1,-1,-0.01,-1,-1,-0.01,-1,-1,-0.01,-1,-1
99926009,2026-05-18 14:21:22+05:30,53526.05,0,0.0,0,0.0,0.0,53282.15,53619.2,52783.45,53710.35,0,0.0,0.0,0.0,0.0,-0.01,-1,-1,-0.01,-1,-1,-0.01,-1,-1,-0.01,-1,-1,-0.01,-1,-1,-0.01,-1,-1,-0.01,-1,-1,-0.01,-1,-1,-0.01,-1,-1,-0.01,-1,-1
99926009,2026-05-18 14:21:22+05:30,53528.75,0,0.0,0,0.0,0.0,53282.15,53619.2,52783.45,53710.35,0,0.0,0.0,0.0,0.0,-0.01,-1,-1,-0.01,-1,-1,-0.01,-1,-1,-0.01,-1,-1,-0.01,-1,-1,-0.01,-1,-1,-0.01,-1,-1,-0.01,-1,-1,-0.01,-1,-1,-0.01,-1,-1
99926009,2026-05-18 14:21:23+05:30,53524.65,0,0.0,0,0.0,0.0,53282.15,53619.2,52783.45,53710.35,0,0.0,0.0,0.0,0.0,-0.01,-1,-1,-0.01,-1,-1,-0.01,-1,-1,-0.01,-1,-1,-0.01,-1,-1,-0.01,-1,-1,-0.01,-1,-1,-0.01,-1,-1,-0.01,-1,-1,-0.01,-1,-1
99926009,2026-05-18 14:21:23+05:30,53526.85,0,0.0,0,0.0,0.0,53282.15,53619.2,52783.45,53710.35,0,0.0,0.0,0.0,0.0,-0.01,-1,-1,-0.01,-1,-1,-0.01,-1,-1,-0.01,-1,-1,-0.01,-1,-1,-0.01,-1,-1,-0.01,-1,-1,-0.01,-1,-1,-0.01,-1,-1,-0.01,-1,-1
99926009,2026-05-18 14:21:24+05:30,53521.7,0,0.0,0,0.0,0.0,53282.15,53619.2,52783.45,53710.35,0,0.0,0.0,0.0,0.0,-0.01,-1,-1,-0.01,-1,-1,-0.01,-1,-1,-0.01,-1,-1,-0.01,-1,-1,-0.01,-1,-1,-0.01,-1,-1,-0.01,-1,-1,-0.01,-1,-1,-0.01,-1,-1
99926009,2026-05-18 14:21:24+05:30,53523.0,0,0.0,0,0.0,0.0,53282.15,53619.2,52783.45,53710.35,0,0.0,0.0,0.0,0.0,-0.01,-1,-1,-0.01,-1,-1,-0.01,-1,-1,-0.01,-1,-1,-0.01,-1,-1,-0.01,-1,-1,-0.01,-1,-1,-0.01,-1,-1,-0.01,-1,-1,-0.01,-1,-1
99926009,2026-05-18 14:21:25+05:30,53522.55,0,0.0,0,0.0,0.0,53282.15,53619.2,52783.45,53710.35,0,0.0,0.0,0.0,0.0,-0.01,-1,-1,-0.01,-1,-1,-0.01,-1,-1,-0.01,-1,-1,-0.01,-1,-1,-0.01,-1,-1,-0.01,-1,-1,-0.01,-1,-1,-0.01,-1,-1,-0.01,-1,-1
99926009,2026-05-18 14:21:25+05:30,53521.75,0,0.0,0,0.0,0.0,53282.15,53619.2,52783.45,53710.35,0,0.0,0.0,0.0,0.0,-0.01,-1,-1,-0.01,-1,-1,-0.01,-1,-1,-0.01,-1,-1,-0.01,-1,-1,-0.01,-1,-1,-0.01,-1,-1,-0.01,-1,-1,-0.01,-1,-1,-0.01,-1,-1
99926009,2026-05-18 14:21:26+05:30,53520.55,0,0.0,0,0.0,0.0,53282.15,53619.2,52783.45,53710.35,0,0.0,0.0,0.0,0.0,-0.01,-1,-1,-0.01,-1,-1,-0.01,-1,-1,-0.01,-1,-1,-0.01,-1,-1,-0.01,-1,-1,-0.01,-1,-1,-0.01,-1,-1,-0.01,-1,-1,-0.01,-1,-1
99926009,2026-05-18 14:21:26+05:30,53519.6,0,0.0,0,0.0,0.0,53282.15,53619.2,52783.45,53710.35,0,0.0,0.0,0.0,0.0,-0.01,-1,-1,-0.01,-1,-1,-0.01,-1,-1,-0.01,-1,-1,-0.01,-1,-1,-0.01,-1,-1,-0.01,-1,-1,-0.01,-1,-1,-0.01,-1,-1,-0.01,-1,-1
99926009,2026-05-18 14:21:27+05:30,53519.05,0,0.0,0,0.0,0.0,53282.15,53619.2,52783.45,53710.35,0,0.0,0.0,0.0,0.0,-0.01,-1,-1,-0.01,-1,-1,-0.01,-1,-1,-0.01,-1,-1,-0.01,-1,-1,-0.01,-1,-1,-0.01,-1,-1,-0.01,-1,-1,-0.01,-1,-1,-0.01,-1,-1
99926009,2026-05-18 14:21:27+05:30,53518.4,0,0.0,0,0.0,0.0,53282.15,53619.2,52783.45,53710.35,0,0.0,0.0,0.0,0.0,-0.01,-1,-1,-0.01,-1,-1,-0.01,-1,-1,-0.01,-1,-1,-0.01,-1,-1,-0.01,-1,-1,-0.01,-1,-1,-0.01,-1,-1,-0.01,-1,-1,-0.01,-1,-1
99926009,2026-05-18 14:21:28+05:30,53521.8,0,0.0,0,0.0,0.0,53282.15,53619.2,52783.45,53710.35,0,0.0,0.0,0.0,0.0,-0.01,-1,-1,-0.01,-1,-1,-0.01,-1,-1,-0.01,-1,-1,-0.01,-1,-1,-0.01,-1,-1,-0.01,-1,-1,-0.01,-1,-1,-0.01,-1,-1,-0.01,-1,-1
99926009,2026-05-18 14:21:28+05:30,53520.9,0,0.0,0,0.0,0.0,53282.15,53619.2,52783.45,53710.35,0,0.0,0.0,0.0,0.0,-0.01,-1,-1,-0.01,-1,-1,-0.01,-1,-1,-0.01,-1,-1,-0.01,-1,-1,-0.01,-1,-1,-0.01,-1,-1,-0.01,-1,-1,-0.01,-1,-1,-0.01,-1,-1
99926009,2026-05-18 14:21:29+05:30,53520.4,0,0.0,0,0.0,0.0,53282.15,53619.2,52783.45,53710.35,0,0.0,0.0,0.0,0.0,-0.01,-1,-1,-0.01,-1,-1,-0.01,-1,-1,-0.01,-1,-1,-0.01,-1,-1,-0.01,-1,-1,-0.01,-1,-1,-0.01,-1,-1,-0.01,-1,-1,-0.01,-1,-1
99926009,2026-05-18 14:21:29+05:30,53520.1,0,0.0,0,0.0,0.0,53282.15,53619.2,52783.45,53710.35,0,0.0,0.0,0.0,0.0,-0.01,-1,-1,-0.01,-1,-1,-0.01,-1,-1,-0.01,-1,-1,-0.01,-1,-1,-0.01,-1,-1,-0.01,-1,-1,-0.01,-1,-1,-0.01,-1,-1,-0.01,-1,-1
99926009,2026-05-18 14:21:30+05:30,53519.95,0,0.0,0,0.0,0.0,53282.15,53619.2,52783.45,53710.35,0,0.0,0.0,0.0,0.0,-0.01,-1,-1,-0.01,-1,-1,-0.01,-1,-1,-0.01,-1,-1,-0.01,-1,-1,-0.01,-1,-1,-0.01,-1,-1,-0.01,-1,-1,-0.01,-1,-1,-0.01,-1,-1
99926009,2026-05-18 14:21:30+05:30,53521.75,0,0.0,0,0.0,0.0,53282.15,53619.2,52783.45,53710.35,0,0.0,0.0,0.0,0.0,-0.01,-1,-1,-0.01,-1,-1,-0.01,-1,-1,-0.01,-1,-1,-0.01,-1,-1,-0.01,-1,-1,-0.01,-1,-1,-0.01,-1,-1,-0.01,-1,-1,-0.01,-1,-1
99926009,2026-05-18 14:21:31+05:30,53519.75,0,0.0,0,0.0,0.0,53282.15,53619.2,52783.45,53710.35,0,0.0,0.0,0.0,0.0,-0.01,-1,-1,-0.01,-1,-1,-0.01,-1,-1,-0.01,-1,-1,-0.01,-1,-1,-0.01,-1,-1,-0.01,-1,-1,-0.01,-1,-1,-0.01,-1,-1,-0.01,-1,-1
99926009,2026-05-18 14:21:31+05:30,53522.15,0,0.0,0,0.0,0.0,53282.15,53619.2,52783.45,53710.35,0,0.0,0.0,0.0,0.0,-0.01,-1,-1,-0.01,-1,-1,-0.01,-1,-1,-0.01,-1,-1,-0.01,-1,-1,-0.01,-1,-1,-0.01,-1,-1,-0.01,-1,-1,-0.01,-1,-1,-0.01,-1,-1
99926009,2026-05-18 14:21:32+05:30,53519.6,0,0.0,0,0.0,0.0,53282.15,53619.2,52783.45,53710.35,0,0.0,0.0,0.0,0.0,-0.01,-1,-1,-0.01,-1,-1,-0.01,-1,-1,-0.01,-1,-1,-0.01,-1,-1,-0.01,-1,-1,-0.01,-1,-1,-0.01,-1,-1,-0.01,-1,-1,-0.01,-1,-1
99926009,2026-05-18 14:21:32+05:30,53519.0,0,0.0,0,0.0,0.0,53282.15,53619.2,52783.45,53710.35,0,0.0,0.0,0.0,0.0,-0.01,-1,-1,-0.01,-1,-1,-0.01,-1,-1,-0.01,-1,-1,-0.01,-1,-1,-0.01,-1,-1,-0.01,-1,-1,-0.01,-1,-1,-0.01,-1,-1,-0.01,-1,-1
99926009,2026-05-18 14:21:33+05:30,53519.0,0,0.0,0,0.0,0.0,53282.15,53619.2,52783.45,53710.35,0,0.0,0.0,0.0,0.0,-0.01,-1,-1,-0.01,-1,-1,-0.01,-1,-1,-0.01,-1,-1,-0.01,-1,-1,-0.01,-1,-1,-0.01,-1,-1,-0.01,-1,-1,-0.01,-1,-1,-0.01,-1,-1
99926009,2026-05-18 14:21:33+05:30,53520.25,0,0.0,0,0.0,0.0,53282.15,53619.2,52783.45,53710.35,0,0.0,0.0,0.0,0.0,-0.01,-1,-1,-0.01,-1,-1,-0.01,-1,-1,-0.01,-1,-1,-0.01,-1,-1,-0.01,-1,-1,-0.01,-1,-1,-0.01,-1,-1,-0.01,-1,-1,-0.01,-1,-1
99926009,2026-05-18 14:21:34+05:30,53517.85,0,0.0,0,0.0,0.0,53282.15,53619.2,52783.45,53710.35,0,0.0,0.0,0.0,0.0,-0.01,-1,-1,-0.01,-1,-1,-0.01,-1,-1,-0.01,-1,-1,-0.01,-1,-1,-0.01,-1,-1,-0.01,-1,-1,-0.01,-1,-1,-0.01,-1,-1,-0.01,-1,-1
99926009,2026-05-18 14:21:34+05:30,53516.25,0,0.0,0,0.0,0.0,53282.15,53619.2,52783.45,53710.35,0,0.0,0.0,0.0,0.0,-0.01,-1,-1,-0.01,-1,-1,-0.01,-1,-1,-0.01,-1,-1,-0.01,-1,-1,-0.01,-1,-1,-0.01,-1,-1,-0.01,-1,-1,-0.01,-1,-1,-0.01,-1,-1
99926009,2026-05-18 14:21:35+05:30,53517.25,0,0.0,0,0.0,0.0,53282.15,53619.2,52783.45,53710.35,0,0.0,0.0,0.0,0.0,-0.01,-1,-1,-0.01,-1,-1,-0.01,-1,-1,-0.01,-1,-1,-0.01,-1,-1,-0.01,-1,-1,-0.01,-1,-1,-0.01,-1,-1,-0.01,-1,-1,-0.01,-1,-1
99926009,2026-05-18 14:21:35+05:30,53517.95,0,0.0,0,0.0,0.0,53282.15,53619.2,52783.45,53710.35,0,0.0,0.0,0.0,0.0,-0.01,-1,-1,-0.01,-1,-1,-0.01,-1,-1,-0.01,-1,-1,-0.01,-1,-1,-0.01,-1,-1,-0.01,-1,-1,-0.01,-1,-1,-0.01,-1,-1,-0.01,-1,-1
99926009,2026-05-18 14:21:36+05:30,53519.75,0,0.0,0,0.0,0.0,53282.15,53619.2,52783.45,53710.35,0,0.0,0.0,0.0,0.0,-0.01,-1,-1,-0.01,-1,-1,-0.01,-1,-1,-0.01,-1,-1,-0.01,-1,-1,-0.01,-1,-1,-0.01,-1,-1,-0.01,-1,-1,-0.01,-1,-1,-0.01,-1,-1
99926009,2026-05-18 14:21:36+05:30,53522.8,0,0.0,0,0.0,0.0,53282.15,53619.2,52783.45,53710.35,0,0.0,0.0,0.0,0.0,-0.01,-1,-1,-0.01,-1,-1,-0.01,-1,-1,-0.01,-1,-1,-0.01,-1,-1,-0.01,-1,-1,-0.01,-1,-1,-0.01,-1,-1,-0.01,-1,-1,-0.01,-1,-1
99926009,2026-05-18 14:21:37+05:30,53524.2,0,0.0,0,0.0,0.0,53282.15,53619.2,52783.45,53710.35,0,0.0,0.0,0.0,0.0,-0.01,-1,-1,-0.01,-1,-1,-0.01,-1,-1,-0.01,-1,-1,-0.01,-1,-1,-0.01,-1,-1,-0.01,-1,-1,-0.01,-1,-1,-0.01,-1,-1,-0.01,-1,-1
99926009,2026-05-18 14:21:37+05:30,53521.95,0,0.0,0,0.0,0.0,53282.15,53619.2,52783.45,53710.35,0,0.0,0.0,0.0,0.0,-0.01,-1,-1,-0.01,-1,-1,-0.01,-1,-1,-0.01,-1,-1,-0.01,-1,-1,-0.01,-1,-1,-0.01,-1,-1,-0.01,-1,-1,-0.01,-1,-1,-0.01,-1,-1
99926009,2026-05-18 14:21:38+05:30,53520.95,0,0.0,0,0.0,0.0,53282.15,53619.2,52783.45,53710.35,0,0.0,0.0,0.0,0.0,-0.01,-1,-1,-0.01,-1,-1,-0.01,-1,-1,-0.01,-1,-1,-0.01,-1,-1,-0.01,-1,-1,-0.01,-1,-1,-0.01,-1,-1,-0.01,-1,-1,-0.01,-1,-1
99926009,2026-05-18 14:21:38+05:30,53517.75,0,0.0,0,0.0,0.0,53282.15,53619.2,52783.45,53710.35,0,0.0,0.0,0.0,0.0,-0.01,-1,-1,-0.01,-1,-1,-0.01,-1,-1,-0.01,-1,-1,-0.01,-1,-1,-0.01,-1,-1,-0.01,-1,-1,-0.01,-1,-1,-0.01,-1,-1,-0.01,-1,-1
99926009,2026-05-18 14:21:39+05:30,53516.7,0,0.0,0,0.0,0.0,53282.15,53619.2,52783.45,53710.35,0,0.0,0.0,0.0,0.0,-0.01,-1,-1,-0.01,-1,-1,-0.01,-1,-1,-0.01,-1,-1,-0.01,-1,-1,-0.01,-1,-1,-0.01,-1,-1,-0.01,-1,-1,-0.01,-1,-1,-0.01,-1,-1
99926009,2026-05-18 14:21:39+05:30,53516.5,0,0.0,0,0.0,0.0,53282.15,53619.2,52783.45,53710.35,0,0.0,0.0,0.0,0.0,-0.01,-1,-1,-0.01,-1,-1,-0.01,-1,-1,-0.01,-1,-1,-0.01,-1,-1,-0.01,-1,-1,-0.01,-1,-1,-0.01,-1,-1,-0.01,-1,-1,-0.01,-1,-1
99926009,2026-05-18 14:21:40+05:30,53517.65,0,0.0,0,0.0,0.0,53282.15,53619.2,52783.45,53710.35,0,0.0,0.0,0.0,0.0,-0.01,-1,-1,-0.01,-1,-1,-0.01,-1,-1,-0.01,-1,-1,-0.01,-1,-1,-0.01,-1,-1,-0.01,-1,-1,-0.01,-1,-1,-0.01,-1,-1,-0.01,-1,-1
99926009,2026-05-18 14:21:40+05:30,53518.85,0,0.0,0,0.0,0.0,53282.15,53619.2,52783.45,53710.35,0,0.0,0.0,0.0,0.0,-0.01,-1,-1,-0.01,-1,-1,-0.01,-1,-1,-0.01,-1,-1,-0.01,-1,-1,-0.01,-1,-1,-0.01,-1,-1,-0.01,-1,-1,-0.01,-1,-1,-0.01,-1,-1
99926009,2026-05-18 14:21:41+05:30,53518.7,0,0.0,0,0.0,0.0,53282.15,53619.2,52783.45,53710.35,0,0.0,0.0,0.0,0.0,-0.01,-1,-1,-0.01,-1,-1,-0.01,-1,-1,-0.01,-1,-1,-0.01,-1,-1,-0.01,-1,-1,-0.01,-1,-1,-0.01,-1,-1,-0.01,-1,-1,-0.01,-1,-1
99926009,2026-05-18 14:21:41+05:30,53519.45,0,0.0,0,0.0,0.0,53282.15,53619.2,52783.45,53710.35,0,0.0,0.0,0.0,0.0,-0.01,-1,-1,-0.01,-1,-1,-0.01,-1,-1,-0.01,-1,-1,-0.01,-1,-1,-0.01,-1,-1,-0.01,-1,-1,-0.01,-1,-1,-0.01,-1,-1,-0.01,-1,-1
99926009,2026-05-18 14:21:42+05:30,53519.0,0,0.0,0,0.0,0.0,53282.15,53619.2,52783.45,53710.35,0,0.0,0.0,0.0,0.0,-0.01,-1,-1,-0.01,-1,-1,-0.01,-1,-1,-0.01,-1,-1,-0.01,-1,-1,-0.01,-1,-1,-0.01,-1,-1,-0.01,-1,-1,-0.01,-1,-1,-0.01,-1,-1
99926009,2026-05-18 14:21:42+05:30,53519.35,0,0.0,0,0.0,0.0,53282.15,53619.2,52783.45,53710.35,0,0.0,0.0,0.0,0.0,-0.01,-1,-1,-0.01,-1,-1,-0.01,-1,-1,-0.01,-1,-1,-0.01,-1,-1,-0.01,-1,-1,-0.01,-1,-1,-0.01,-1,-1,-0.01,-1,-1,-0.01,-1,-1
99926009,2026-05-18 14:21:43+05:30,53518.9,0,0.0,0,0.0,0.0,53282.15,53619.2,52783.45,53710.35,0,0.0,0.0,0.0,0.0,-0.01,-1,-1,-0.01,-1,-1,-0.01,-1,-1,-0.01,-1,-1,-0.01,-1,-1,-0.01,-1,-1,-0.01,-1,-1,-0.01,-1,-1,-0.01,-1,-1,-0.01,-1,-1
99926009,2026-05-18 14:21:43+05:30,53519.1,0,0.0,0,0.0,0.0,53282.15,53619.2,52783.45,53710.35,0,0.0,0.0,0.0,0.0,-0.01,-1,-1,-0.01,-1,-1,-0.01,-1,-1,-0.01,-1,-1,-0.01,-1,-1,-0.01,-1,-1,-0.01,-1,-1,-0.01,-1,-1,-0.01,-1,-1,-0.01,-1,-1
99926009,2026-05-18 14:21:44+05:30,53519.15,0,0.0,0,0.0,0.0,53282.15,53619.2,52783.45,53710.35,0,0.0,0.0,0.0,0.0,-0.01,-1,-1,-0.01,-1,-1,-0.01,-1,-1,-0.01,-1,-1,-0.01,-1,-1,-0.01,-1,-1,-0.01,-1,-1,-0.01,-1,-1,-0.01,-1,-1,-0.01,-1,-1
99926009,2026-05-18 14:21:44+05:30,53517.75,0,0.0,0,0.0,0.0,53282.15,53619.2,52783.45,53710.35,0,0.0,0.0,0.0,0.0,-0.01,-1,-1,-0.01,-1,-1,-0.01,-1,-1,-0.01,-1,-1,-0.01,-1,-1,-0.01,-1,-1,-0.01,-1,-1,-0.01,-1,-1,-0.01,-1,-1,-0.01,-1,-1
99926009,2026-05-18 14:21:45+05:30,53516.05,0,0.0,0,0.0,0.0,53282.15,53619.2,52783.45,53710.35,0,0.0,0.0,0.0,0.0,-0.01,-1,-1,-0.01,-1,-1,-0.01,-1,-1,-0.01,-1,-1,-0.01,-1,-1,-0.01,-1,-1,-0.01,-1,-1,-0.01,-1,-1,-0.01,-1,-1,-0.01,-1,-1
99926009,2026-05-18 14:21:45+05:30,53519.25,0,0.0,0,0.0,0.0,53282.15,53619.2,52783.45,53710.35,0,0.0,0.0,0.0,0.0,-0.01,-1,-1,-0.01,-1,-1,-0.01,-1,-1,-0.01,-1,-1,-0.01,-1,-1,-0.01,-1,-1,-0.01,-1,-1,-0.01,-1,-1,-0.01,-1,-1,-0.01,-1,-1
99926009,2026-05-18 14:21:46+05:30,53517.65,0,0.0,0,0.0,0.0,53282.15,53619.2,52783.45,53710.35,0,0.0,0.0,0.0,0.0,-0.01,-1,-1,-0.01,-1,-1,-0.01,-1,-1,-0.01,-1,-1,-0.01,-1,-1,-0.01,-1,-1,-0.01,-1,-1,-0.01,-1,-1,-0.01,-1,-1,-0.01,-1,-1
99926009,2026-05-18 14:21:46+05:30,53518.85,0,0.0,0,0.0,0.0,53282.15,53619.2,52783.45,53710.35,0,0.0,0.0,0.0,0.0,-0.01,-1,-1,-0.01,-1,-1,-0.01,-1,-1,-0.01,-1,-1,-0.01,-1,-1,-0.01,-1,-1,-0.01,-1,-1,-0.01,-1,-1,-0.01,-1,-1,-0.01,-1,-1
99926009,2026-05-18 14:21:47+05:30,53518.95,0,0.0,0,0.0,0.0,53282.15,53619.2,52783.45,53710.35,0,0.0,0.0,0.0,0.0,-0.01,-1,-1,-0.01,-1,-1,-0.01,-1,-1,-0.01,-1,-1,-0.01,-1,-1,-0.01,-1,-1,-0.01,-1,-1,-0.01,-1,-1,-0.01,-1,-1,-0.01,-1,-1
99926009,2026-05-18 14:21:47+05:30,53518.85,0,0.0,0,0.0,0.0,53282.15,53619.2,52783.45,53710.35,0,0.0,0.0,0.0,0.0,-0.01,-1,-1,-0.01,-1,-1,-0.01,-1,-1,-0.01,-1,-1,-0.01,-1,-1,-0.01,-1,-1,-0.01,-1,-1,-0.01,-1,-1,-0.01,-1,-1,-0.01,-1,-1
99926009,2026-05-18 14:21:48+05:30,53520.75,0,0.0,0,0.0,0.0,53282.15,53619.2,52783.45,53710.35,0,0.0,0.0,0.0,0.0,-0.01,-1,-1,-0.01,-1,-1,-0.01,-1,-1,-0.01,-1,-1,-0.01,-1,-1,-0.01,-1,-1,-0.01,-1,-1,-0.01,-1,-1,-0.01,-1,-1,-0.01,-1,-1
99926009,2026-05-18 14:21:48+05:30,53519.95,0,0.0,0,0.0,0.0,53282.15,53619.2,52783.45,53710.35,0,0.0,0.0,0.0,0.0,-0.01,-1,-1,-0.01,-1,-1,-0.01,-1,-1,-0.01,-1,-1,-0.01,-1,-1,-0.01,-1,-1,-0.01,-1,-1,-0.01,-1,-1,-0.01,-1,-1,-0.01,-1,-1
99926009,2026-05-18 14:21:49+05:30,53520.85,0,0.0,0,0.0,0.0,53282.15,53619.2,52783.45,53710.35,0,0.0,0.0,0.0,0.0,-0.01,-1,-1,-0.01,-1,-1,-0.01,-1,-1,-0.01,-1,-1,-0.01,-1,-1,-0.01,-1,-1,-0.01,-1,-1,-0.01,-1,-1,-0.01,-1,-1,-0.01,-1,-1
99926009,2026-05-18 14:21:49+05:30,53514.1,0,0.0,0,0.0,0.0,53282.15,53619.2,52783.45,53710.35,0,0.0,0.0,0.0,0.0,-0.01,-1,-1,-0.01,-1,-1,-0.01,-1,-1,-0.01,-1,-1,-0.01,-1,-1,-0.01,-1,-1,-0.01,-1,-1,-0.01,-1,-1,-0.01,-1,-1,-0.01,-1,-1
99926009,2026-05-18 14:21:50+05:30,53513.6,0,0.0,0,0.0,0.0,53282.15,53619.2,52783.45,53710.35,0,0.0,0.0,0.0,0.0,-0.01,-1,-1,-0.01,-1,-1,-0.01,-1,-1,-0.01,-1,-1,-0.01,-1,-1,-0.01,-1,-1,-0.01,-1,-1,-0.01,-1,-1,-0.01,-1,-1,-0.01,-1,-1
99926009,2026-05-18 14:21:50+05:30,53513.25,0,0.0,0,0.0,0.0,53282.15,53619.2,52783.45,53710.35,0,0.0,0.0,0.0,0.0,-0.01,-1,-1,-0.01,-1,-1,-0.01,-1,-1,-0.01,-1,-1,-0.01,-1,-1,-0.01,-1,-1,-0.01,-1,-1,-0.01,-1,-1,-0.01,-1,-1,-0.01,-1,-1
99926009,2026-05-18 14:21:51+05:30,53507.7,0,0.0,0,0.0,0.0,53282.15,53619.2,52783.45,53710.35,0,0.0,0.0,0.0,0.0,-0.01,-1,-1,-0.01,-1,-1,-0.01,-1,-1,-0.01,-1,-1,-0.01,-1,-1,-0.01,-1,-1,-0.01,-1,-1,-0.01,-1,-1,-0.01,-1,-1,-0.01,-1,-1
99926009,2026-05-18 14:21:51+05:30,53508.25,0,0.0,0,0.0,0.0,53282.15,53619.2,52783.45,53710.35,0,0.0,0.0,0.0,0.0,-0.01,-1,-1,-0.01,-1,-1,-0.01,-1,-1,-0.01,-1,-1,-0.01,-1,-1,-0.01,-1,-1,-0.01,-1,-1,-0.01,-1,-1,-0.01,-1,-1,-0.01,-1,-1
99926009,2026-05-18 14:21:52+05:30,53511.05,0,0.0,0,0.0,0.0,53282.15,53619.2,52783.45,53710.35,0,0.0,0.0,0.0,0.0,-0.01,-1,-1,-0.01,-1,-1,-0.01,-1,-1,-0.01,-1,-1,-0.01,-1,-1,-0.01,-1,-1,-0.01,-1,-1,-0.01,-1,-1,-0.01,-1,-1,-0.01,-1,-1
99926009,2026-05-18 14:21:52+05:30,53508.55,0,0.0,0,0.0,0.0,53282.15,53619.2,52783.45,53710.35,0,0.0,0.0,0.0,0.0,-0.01,-1,-1,-0.01,-1,-1,-0.01,-1,-1,-0.01,-1,-1,-0.01,-1,-1,-0.01,-1,-1,-0.01,-1,-1,-0.01,-1,-1,-0.01,-1,-1,-0.01,-1,-1
99926009,2026-05-18 14:21:53+05:30,53503.4,0,0.0,0,0.0,0.0,53282.15,53619.2,52783.45,53710.35,0,0.0,0.0,0.0,0.0,-0.01,-1,-1,-0.01,-1,-1,-0.01,-1,-1,-0.01,-1,-1,-0.01,-1,-1,-0.01,-1,-1,-0.01,-1,-1,-0.01,-1,-1,-0.01,-1,-1,-0.01,-1,-1
99926009,2026-05-18 14:21:53+05:30,53503.7,0,0.0,0,0.0,0.0,53282.15,53619.2,52783.45,53710.35,0,0.0,0.0,0.0,0.0,-0.01,-1,-1,-0.01,-1,-1,-0.01,-1,-1,-0.01,-1,-1,-0.01,-1,-1,-0.01,-1,-1,-0.01,-1,-1,-0.01,-1,-1,-0.01,-1,-1,-0.01,-1,-1
99926009,2026-05-18 14:21:54+05:30,53499.55,0,0.0,0,0.0,0.0,53282.15,53619.2,52783.45,53710.35,0,0.0,0.0,0.0,0.0,-0.01,-1,-1,-0.01,-1,-1,-0.01,-1,-1,-0.01,-1,-1,-0.01,-1,-1,-0.01,-1,-1,-0.01,-1,-1,-0.01,-1,-1,-0.01,-1,-1,-0.01,-1,-1
99926009,2026-05-18 14:21:54+05:30,53499.75,0,0.0,0,0.0,0.0,53282.15,53619.2,52783.45,53710.35,0,0.0,0.0,0.0,0.0,-0.01,-1,-1,-0.01,-1,-1,-0.01,-1,-1,-0.01,-1,-1,-0.01,-1,-1,-0.01,-1,-1,-0.01,-1,-1,-0.01,-1,-1,-0.01,-1,-1,-0.01,-1,-1
99926009,2026-05-18 14:21:55+05:30,53494.55,0,0.0,0,0.0,0.0,53282.15,53619.2,52783.45,53710.35,0,0.0,0.0,0.0,0.0,-0.01,-1,-1,-0.01,-1,-1,-0.01,-1,-1,-0.01,-1,-1,-0.01,-1,-1,-0.01,-1,-1,-0.01,-1,-1,-0.01,-1,-1,-0.01,-1,-1,-0.01,-1,-1
99926009,2026-05-18 14:21:55+05:30,53500.25,0,0.0,0,0.0,0.0,53282.15,53619.2,52783.45,53710.35,0,0.0,0.0,0.0,0.0,-0.01,-1,-1,-0.01,-1,-1,-0.01,-1,-1,-0.01,-1,-1,-0.01,-1,-1,-0.01,-1,-1,-0.01,-1,-1,-0.01,-1,-1,-0.01,-1,-1,-0.01,-1,-1
99926009,2026-05-18 14:21:56+05:30,53499.95,0,0.0,0,0.0,0.0,53282.15,53619.2,52783.45,53710.35,0,0.0,0.0,0.0,0.0,-0.01,-1,-1,-0.01,-1,-1,-0.01,-1,-1,-0.01,-1,-1,-0.01,-1,-1,-0.01,-1,-1,-0.01,-1,-1,-0.01,-1,-1,-0.01,-1,-1,-0.01,-1,-1
99926009,2026-05-18 14:21:56+05:30,53500.55,0,0.0,0,0.0,0.0,53282.15,53619.2,52783.45,53710.35,0,0.0,0.0,0.0,0.0,-0.01,-1,-1,-0.01,-1,-1,-0.01,-1,-1,-0.01,-1,-1,-0.01,-1,-1,-0.01,-1,-1,-0.01,-1,-1,-0.01,-1,-1,-0.01,-1,-1,-0.01,-1,-1
99926009,2026-05-18 14:21:57+05:30,53499.45,0,0.0,0,0.0,0.0,53282.15,53619.2,52783.45,53710.35,0,0.0,0.0,0.0,0.0,-0.01,-1,-1,-0.01,-1,-1,-0.01,-1,-1,-0.01,-1,-1,-0.01,-1,-1,-0.01,-1,-1,-0.01,-1,-1,-0.01,-1,-1,-0.01,-1,-1,-0.01,-1,-1
99926009,2026-05-18 14:21:57+05:30,53501.55,0,0.0,0,0.0,0.0,53282.15,53619.2,52783.45,53710.35,0,0.0,0.0,0.0,0.0,-0.01,-1,-1,-0.01,-1,-1,-0.01,-1,-1,-0.01,-1,-1,-0.01,-1,-1,-0.01,-1,-1,-0.01,-1,-1,-0.01,-1,-1,-0.01,-1,-1,-0.01,-1,-1
99926009,2026-05-18 14:21:58+05:30,53499.85,0,0.0,0,0.0,0.0,53282.15,53619.2,52783.45,53710.35,0,0.0,0.0,0.0,0.0,-0.01,-1,-1,-0.01,-1,-1,-0.01,-1,-1,-0.01,-1,-1,-0.01,-1,-1,-0.01,-1,-1,-0.01,-1,-1,-0.01,-1,-1,-0.01,-1,-1,-0.01,-1,-1
99926009,2026-05-18 14:21:58+05:30,53501.9,0,0.0,0,0.0,0.0,53282.15,53619.2,52783.45,53710.35,0,0.0,0.0,0.0,0.0,-0.01,-1,-1,-0.01,-1,-1,-0.01,-1,-1,-0.01,-1,-1,-0.01,-1,-1,-0.01,-1,-1,-0.01,-1,-1,-0.01,-1,-1,-0.01,-1,-1,-0.01,-1,-1
99926009,2026-05-18 14:21:59+05:30,53498.25,0,0.0,0,0.0,0.0,53282.15,53619.2,52783.45,53710.35,0,0.0,0.0,0.0,0.0,-0.01,-1,-1,-0.01,-1,-1,-0.01,-1,-1,-0.01,-1,-1,-0.01,-1,-1,-0.01,-1,-1,-0.01,-1,-1,-0.01,-1,-1,-0.01,-1,-1,-0.01,-1,-1
99926009,2026-05-18 14:21:59+05:30,53502.0,0,0.0,0,0.0,0.0,53282.15,53619.2,52783.45,53710.35,0,0.0,0.0,0.0,0.0,-0.01,-1,-1,-0.01,-1,-1,-0.01,-1,-1,-0.01,-1,-1,-0.01,-1,-1,-0.01,-1,-1,-0.01,-1,-1,-0.01,-1,-1,-0.01,-1,-1,-0.01,-1,-1
99926009,2026-05-18 14:22:00+05:30,53497.1,0,0.0,0,0.0,0.0,53282.15,53619.2,52783.45,53710.35,0,0.0,0.0,0.0,0.0,-0.01,-1,-1,-0.01,-1,-1,-0.01,-1,-1,-0.01,-1,-1,-0.01,-1,-1,-0.01,-1,-1,-0.01,-1,-1,-0.01,-1,-1,-0.01,-1,-1,-0.01,-1,-1
99926009,2026-05-18 14:22:00+05:30,53497.95,0,0.0,0,0.0,0.0,53282.15,53619.2,52783.45,53710.35,0,0.0,0.0,0.0,0.0,-0.01,-1,-1,-0.01,-1,-1,-0.01,-1,-1,-0.01,-1,-1,-0.01,-1,-1,-0.01,-1,-1,-0.01,-1,-1,-0.01,-1,-1,-0.01,-1,-1,-0.01,-1,-1
99926009,2026-05-18 14:22:01+05:30,53498.3,0,0.0,0,0.0,0.0,53282.15,53619.2,52783.45,53710.35,0,0.0,0.0,0.0,0.0,-0.01,-1,-1,-0.01,-1,-1,-0.01,-1,-1,-0.01,-1,-1,-0.01,-1,-1,-0.01,-1,-1,-0.01,-1,-1,-0.01,-1,-1,-0.01,-1,-1,-0.01,-1,-1
99926009,2026-05-18 14:22:01+05:30,53498.4,0,0.0,0,0.0,0.0,53282.15,53619.2,52783.45,53710.35,0,0.0,0.0,0.0,0.0,-0.01,-1,-1,-0.01,-1,-1,-0.01,-1,-1,-0.01,-1,-1,-0.01,-1,-1,-0.01,-1,-1,-0.01,-1,-1,-0.01,-1,-1,-0.01,-1,-1,-0.01,-1,-1
99926009,2026-05-18 14:22:02+05:30,53503.9,0,0.0,0,0.0,0.0,53282.15,53619.2,52783.45,53710.35,0,0.0,0.0,0.0,0.0,-0.01,-1,-1,-0.01,-1,-1,-0.01,-1,-1,-0.01,-1,-1,-0.01,-1,-1,-0.01,-1,-1,-0.01,-1,-1,-0.01,-1,-1,-0.01,-1,-1,-0.01,-1,-1
99926009,2026-05-18 14:22:02+05:30,53505.25,0,0.0,0,0.0,0.0,53282.15,53619.2,52783.45,53710.35,0,0.0,0.0,0.0,0.0,-0.01,-1,-1,-0.01,-1,-1,-0.01,-1,-1,-0.01,-1,-1,-0.01,-1,-1,-0.01,-1,-1,-0.01,-1,-1,-0.01,-1,-1,-0.01,-1,-1,-0.01,-1,-1
99926009,2026-05-18 14:22:03+05:30,53507.45,0,0.0,0,0.0,0.0,53282.15,53619.2,52783.45,53710.35,0,0.0,0.0,0.0,0.0,-0.01,-1,-1,-0.01,-1,-1,-0.01,-1,-1,-0.01,-1,-1,-0.01,-1,-1,-0.01,-1,-1,-0.01,-1,-1,-0.01,-1,-1,-0.01,-1,-1,-0.01,-1,-1
99926009,2026-05-18 14:22:03+05:30,53509.65,0,0.0,0,0.0,0.0,53282.15,53619.2,52783.45,53710.35,0,0.0,0.0,0.0,0.0,-0.01,-1,-1,-0.01,-1,-1,-0.01,-1,-1,-0.01,-1,-1,-0.01,-1,-1,-0.01,-1,-1,-0.01,-1,-1,-0.01,-1,-1,-0.01,-1,-1,-0.01,-1,-1
99926009,2026-05-18 14:22:04+05:30,53508.35,0,0.0,0,0.0,0.0,53282.15,53619.2,52783.45,53710.35,0,0.0,0.0,0.0,0.0,-0.01,-1,-1,-0.01,-1,-1,-0.01,-1,-1,-0.01,-1,-1,-0.01,-1,-1,-0.01,-1,-1,-0.01,-1,-1,-0.01,-1,-1,-0.01,-1,-1,-0.01,-1,-1
99926009,2026-05-18 14:22:04+05:30,53508.3,0,0.0,0,0.0,0.0,53282.15,53619.2,52783.45,53710.35,0,0.0,0.0,0.0,0.0,-0.01,-1,-1,-0.01,-1,-1,-0.01,-1,-1,-0.01,-1,-1,-0.01,-1,-1,-0.01,-1,-1,-0.01,-1,-1,-0.01,-1,-1,-0.01,-1,-1,-0.01,-1,-1
99926009,2026-05-18 14:22:05+05:30,53505.65,0,0.0,0,0.0,0.0,53282.15,53619.2,52783.45,53710.35,0,0.0,0.0,0.0,0.0,-0.01,-1,-1,-0.01,-1,-1,-0.01,-1,-1,-0.01,-1,-1,-0.01,-1,-1,-0.01,-1,-1,-0.01,-1,-1,-0.01,-1,-1,-0.01,-1,-1,-0.01,-1,-1
99926009,2026-05-18 14:22:05+05:30,53507.1,0,0.0,0,0.0,0.0,53282.15,53619.2,52783.45,53710.35,0,0.0,0.0,0.0,0.0,-0.01,-1,-1,-0.01,-1,-1,-0.01,-1,-1,-0.01,-1,-1,-0.01,-1,-1,-0.01,-1,-1,-0.01,-1,-1,-0.01,-1,-1,-0.01,-1,-1,-0.01,-1,-1
99926009,2026-05-18 14:22:06+05:30,53507.25,0,0.0,0,0.0,0.0,53282.15,53619.2,52783.45,53710.35,0,0.0,0.0,0.0,0.0,-0.01,-1,-1,-0.01,-1,-1,-0.01,-1,-1,-0.01,-1,-1,-0.01,-1,-1,-0.01,-1,-1,-0.01,-1,-1,-0.01,-1,-1,-0.01,-1,-1,-0.01,-1,-1
99926009,2026-05-18 14:22:06+05:30,53509.15,0,0.0,0,0.0,0.0,53282.15,53619.2,52783.45,53710.35,0,0.0,0.0,0.0,0.0,-0.01,-1,-1,-0.01,-1,-1,-0.01,-1,-1,-0.01,-1,-1,-0.01,-1,-1,-0.01,-1,-1,-0.01,-1,-1,-0.01,-1,-1,-0.01,-1,-1,-0.01,-1,-1
99926009,2026-05-18 14:22:07+05:30,53508.5,0,0.0,0,0.0,0.0,53282.15,53619.2,52783.45,53710.35,0,0.0,0.0,0.0,0.0,-0.01,-1,-1,-0.01,-1,-1,-0.01,-1,-1,-0.01,-1,-1,-0.01,-1,-1,-0.01,-1,-1,-0.01,-1,-1,-0.01,-1,-1,-0.01,-1,-1,-0.01,-1,-1
99926009,2026-05-18 14:22:07+05:30,53507.1,0,0.0,0,0.0,0.0,53282.15,53619.2,52783.45,53710.35,0,0.0,0.0,0.0,0.0,-0.01,-1,-1,-0.01,-1,-1,-0.01,-1,-1,-0.01,-1,-1,-0.01,-1,-1,-0.01,-1,-1,-0.01,-1,-1,-0.01,-1,-1,-0.01,-1,-1,-0.01,-1,-1
99926009,2026-05-18 14:22:08+05:30,53505.15,0,0.0,0,0.0,0.0,53282.15,53619.2,52783.45,53710.35,0,0.0,0.0,0.0,0.0,-0.01,-1,-1,-0.01,-1,-1,-0.01,-1,-1,-0.01,-1,-1,-0.01,-1,-1,-0.01,-1,-1,-0.01,-1,-1,-0.01,-1,-1,-0.01,-1,-1,-0.01,-1,-1
99926009,2026-05-18 14:22:08+05:30,53508.2,0,0.0,0,0.0,0.0,53282.15,53619.2,52783.45,53710.35,0,0.0,0.0,0.0,0.0,-0.01,-1,-1,-0.01,-1,-1,-0.01,-1,-1,-0.01,-1,-1,-0.01,-1,-1,-0.01,-1,-1,-0.01,-1,-1,-0.01,-1,-1,-0.01,-1,-1,-0.01,-1,-1
99926009,2026-05-18 14:22:09+05:30,53506.4,0,0.0,0,0.0,0.0,53282.15,53619.2,52783.45,53710.35,0,0.0,0.0,0.0,0.0,-0.01,-1,-1,-0.01,-1,-1,-0.01,-1,-1,-0.01,-1,-1,-0.01,-1,-1,-0.01,-1,-1,-0.01,-1,-1,-0.01,-1,-1,-0.01,-1,-1,-0.01,-1,-1
99926009,2026-05-18 14:22:09+05:30,53509.05,0,0.0,0,0.0,0.0,53282.15,53619.2,52783.45,53710.35,0,0.0,0.0,0.0,0.0,-0.01,-1,-1,-0.01,-1,-1,-0.01,-1,-1,-0.01,-1,-1,-0.01,-1,-1,-0.01,-1,-1,-0.01,-1,-1,-0.01,-1,-1,-0.01,-1,-1,-0.01,-1,-1
99926009,2026-05-18 14:22:10+05:30,53506.3,0,0.0,0,0.0,0.0,53282.15,53619.2,52783.45,53710.35,0,0.0,0.0,0.0,0.0,-0.01,-1,-1,-0.01,-1,-1,-0.01,-1,-1,-0.01,-1,-1,-0.01,-1,-1,-0.01,-1,-1,-0.01,-1,-1,-0.01,-1,-1,-0.01,-1,-1,-0.01,-1,-1
99926009,2026-05-18 14:22:10+05:30,53508.0,0,0.0,0,0.0,0.0,53282.15,53619.2,52783.45,53710.35,0,0.0,0.0,0.0,0.0,-0.01,-1,-1,-0.01,-1,-1,-0.01,-1,-1,-0.01,-1,-1,-0.01,-1,-1,-0.01,-1,-1,-0.01,-1,-1,-0.01,-1,-1,-0.01,-1,-1,-0.01,-1,-1
99926009,2026-05-18 14:22:11+05:30,53506.75,0,0.0,0,0.0,0.0,53282.15,53619.2,52783.45,53710.35,0,0.0,0.0,0.0,0.0,-0.01,-1,-1,-0.01,-1,-1,-0.01,-1,-1,-0.01,-1,-1,-0.01,-1,-1,-0.01,-1,-1,-0.01,-1,-1,-0.01,-1,-1,-0.01,-1,-1,-0.01,-1,-1
99926009,2026-05-18 14:22:11+05:30,53509.05,0,0.0,0,0.0,0.0,53282.15,53619.2,52783.45,53710.35,0,0.0,0.0,0.0,0.0,-0.01,-1,-1,-0.01,-1,-1,-0.01,-1,-1,-0.01,-1,-1,-0.01,-1,-1,-0.01,-1,-1,-0.01,-1,-1,-0.01,-1,-1,-0.01,-1,-1,-0.01,-1,-1
99926009,2026-05-18 14:22:12+05:30,53507.0,0,0.0,0,0.0,0.0,53282.15,53619.2,52783.45,53710.35,0,0.0,0.0,0.0,0.0,-0.01,-1,-1,-0.01,-1,-1,-0.01,-1,-1,-0.01,-1,-1,-0.01,-1,-1,-0.01,-1,-1,-0.01,-1,-1,-0.01,-1,-1,-0.01,-1,-1,-0.01,-1,-1
99926009,2026-05-18 14:22:12+05:30,53507.0,0,0.0,0,0.0,0.0,53282.15,53619.2,52783.45,53710.35,0,0.0,0.0,0.0,0.0,-0.01,-1,-1,-0.01,-1,-1,-0.01,-1,-1,-0.01,-1,-1,-0.01,-1,-1,-0.01,-1,-1,-0.01,-1,-1,-0.01,-1,-1,-0.01,-1,-1,-0.01,-1,-1
99926009,2026-05-18 14:22:13+05:30,53506.05,0,0.0,0,0.0,0.0,53282.15,53619.2,52783.45,53710.35,0,0.0,0.0,0.0,0.0,-0.01,-1,-1,-0.01,-1,-1,-0.01,-1,-1,-0.01,-1,-1,-0.01,-1,-1,-0.01,-1,-1,-0.01,-1,-1,-0.01,-1,-1,-0.01,-1,-1,-0.01,-1,-1
99926009,2026-05-18 14:22:13+05:30,53507.45,0,0.0,0,0.0,0.0,53282.15,53619.2,52783.45,53710.35,0,0.0,0.0,0.0,0.0,-0.01,-1,-1,-0.01,-1,-1,-0.01,-1,-1,-0.01,-1,-1,-0.01,-1,-1,-0.01,-1,-1,-0.01,-1,-1,-0.01,-1,-1,-0.01,-1,-1,-0.01,-1,-1
99926009,2026-05-18 14:22:14+05:30,53506.8,0,0.0,0,0.0,0.0,53282.15,53619.2,52783.45,53710.35,0,0.0,0.0,0.0,0.0,-0.01,-1,-1,-0.01,-1,-1,-0.01,-1,-1,-0.01,-1,-1,-0.01,-1,-1,-0.01,-1,-1,-0.01,-1,-1,-0.01,-1,-1,-0.01,-1,-1,-0.01,-1,-1
99926009,2026-05-18 14:22:14+05:30,53505.45,0,0.0,0,0.0,0.0,53282.15,53619.2,52783.45,53710.35,0,0.0,0.0,0.0,0.0,-0.01,-1,-1,-0.01,-1,-1,-0.01,-1,-1,-0.01,-1,-1,-0.01,-1,-1,-0.01,-1,-1,-0.01,-1,-1,-0.01,-1,-1,-0.01,-1,-1,-0.01,-1,-1
99926009,2026-05-18 14:22:15+05:30,53505.45,0,0.0,0,0.0,0.0,53282.15,53619.2,52783.45,53710.35,0,0.0,0.0,0.0,0.0,-0.01,-1,-1,-0.01,-1,-1,-0.01,-1,-1,-0.01,-1,-1,-0.01,-1,-1,-0.01,-1,-1,-0.01,-1,-1,-0.01,-1,-1,-0.01,-1,-1,-0.01,-1,-1
99926009,2026-05-18 14:22:15+05:30,53508.75,0,0.0,0,0.0,0.0,53282.15,53619.2,52783.45,53710.35,0,0.0,0.0,0.0,0.0,-0.01,-1,-1,-0.01,-1,-1,-0.01,-1,-1,-0.01,-1,-1,-0.01,-1,-1,-0.01,-1,-1,-0.01,-1,-1,-0.01,-1,-1,-0.01,-1,-1,-0.01,-1,-1
99926009,2026-05-18 14:22:16+05:30,53506.75,0,0.0,0,0.0,0.0,53282.15,53619.2,52783.45,53710.35,0,0.0,0.0,0.0,0.0,-0.01,-1,-1,-0.01,-1,-1,-0.01,-1,-1,-0.01,-1,-1,-0.01,-1,-1,-0.01,-1,-1,-0.01,-1,-1,-0.01,-1,-1,-0.01,-1,-1,-0.01,-1,-1
99926009,2026-05-18 14:22:16+05:30,53507.75,0,0.0,0,0.0,0.0,53282.15,53619.2,52783.45,53710.35,0,0.0,0.0,0.0,0.0,-0.01,-1,-1,-0.01,-1,-1,-0.01,-1,-1,-0.01,-1,-1,-0.01,-1,-1,-0.01,-1,-1,-0.01,-1,-1,-0.01,-1,-1,-0.01,-1,-1,-0.01,-1,-1
99926009,2026-05-18 14:22:17+05:30,53503.7,0,0.0,0,0.0,0.0,53282.15,53619.2,52783.45,53710.35,0,0.0,0.0,0.0,0.0,-0.01,-1,-1,-0.01,-1,-1,-0.01,-1,-1,-0.01,-1,-1,-0.01,-1,-1,-0.01,-1,-1,-0.01,-1,-1,-0.01,-1,-1,-0.01,-1,-1,-0.01,-1,-1
99926009,2026-05-18 14:22:17+05:30,53504.05,0,0.0,0,0.0,0.0,53282.15,53619.2,52783.45,53710.35,0,0.0,0.0,0.0,0.0,-0.01,-1,-1,-0.01,-1,-1,-0.01,-1,-1,-0.01,-1,-1,-0.01,-1,-1,-0.01,-1,-1,-0.01,-1,-1,-0.01,-1,-1,-0.01,-1,-1,-0.01,-1,-1
99926009,2026-05-18 14:22:18+05:30,53499.9,0,0.0,0,0.0,0.0,53282.15,53619.2,52783.45,53710.35,0,0.0,0.0,0.0,0.0,-0.01,-1,-1,-0.01,-1,-1,-0.01,-1,-1,-0.01,-1,-1,-0.01,-1,-1,-0.01,-1,-1,-0.01,-1,-1,-0.01,-1,-1,-0.01,-1,-1,-0.01,-1,-1
99926009,2026-05-18 14:22:18+05:30,53500.35,0,0.0,0,0.0,0.0,53282.15,53619.2,52783.45,53710.35,0,0.0,0.0,0.0,0.0,-0.01,-1,-1,-0.01,-1,-1,-0.01,-1,-1,-0.01,-1,-1,-0.01,-1,-1,-0.01,-1,-1,-0.01,-1,-1,-0.01,-1,-1,-0.01,-1,-1,-0.01,-1,-1
99926009,2026-05-18 14:22:19+05:30,53498.9,0,0.0,0,0.0,0.0,53282.15,53619.2,52783.45,53710.35,0,0.0,0.0,0.0,0.0,-0.01,-1,-1,-0.01,-1,-1,-0.01,-1,-1,-0.01,-1,-1,-0.01,-1,-1,-0.01,-1,-1,-0.01,-1,-1,-0.01,-1,-1,-0.01,-1,-1,-0.01,-1,-1
99926009,2026-05-18 14:22:19+05:30,53503.6,0,0.0,0,0.0,0.0,53282.15,53619.2,52783.45,53710.35,0,0.0,0.0,0.0,0.0,-0.01,-1,-1,-0.01,-1,-1,-0.01,-1,-1,-0.01,-1,-1,-0.01,-1,-1,-0.01,-1,-1,-0.01,-1,-1,-0.01,-1,-1,-0.01,-1,-1,-0.01,-1,-1
99926009,2026-05-18 14:22:20+05:30,53499.7,0,0.0,0,0.0,0.0,53282.15,53619.2,52783.45,53710.35,0,0.0,0.0,0.0,0.0,-0.01,-1,-1,-0.01,-1,-1,-0.01,-1,-1,-0.01,-1,-1,-0.01,-1,-1,-0.01,-1,-1,-0.01,-1,-1,-0.01,-1,-1,-0.01,-1,-1,-0.01,-1,-1
99926009,2026-05-18 14:22:20+05:30,53501.7,0,0.0,0,0.0,0.0,53282.15,53619.2,52783.45,53710.35,0,0.0,0.0,0.0,0.0,-0.01,-1,-1,-0.01,-1,-1,-0.01,-1,-1,-0.01,-1,-1,-0.01,-1,-1,-0.01,-1,-1,-0.01,-1,-1,-0.01,-1,-1,-0.01,-1,-1,-0.01,-1,-1
99926009,2026-05-18 14:22:21+05:30,53498.4,0,0.0,0,0.0,0.0,53282.15,53619.2,52783.45,53710.35,0,0.0,0.0,0.0,0.0,-0.01,-1,-1,-0.01,-1,-1,-0.01,-1,-1,-0.01,-1,-1,-0.01,-1,-1,-0.01,-1,-1,-0.01,-1,-1,-0.01,-1,-1,-0.01,-1,-1,-0.01,-1,-1
99926009,2026-05-18 14:22:21+05:30,53497.7,0,0.0,0,0.0,0.0,53282.15,53619.2,52783.45,53710.35,0,0.0,0.0,0.0,0.0,-0.01,-1,-1,-0.01,-1,-1,-0.01,-1,-1,-0.01,-1,-1,-0.01,-1,-1,-0.01,-1,-1,-0.01,-1,-1,-0.01,-1,-1,-0.01,-1,-1,-0.01,-1,-1
99926009,2026-05-18 14:22:22+05:30,53499.65,0,0.0,0,0.0,0.0,53282.15,53619.2,52783.45,53710.35,0,0.0,0.0,0.0,0.0,-0.01,-1,-1,-0.01,-1,-1,-0.01,-1,-1,-0.01,-1,-1,-0.01,-1,-1,-0.01,-1,-1,-0.01,-1,-1,-0.01,-1,-1,-0.01,-1,-1,-0.01,-1,-1
99926009,2026-05-18 14:22:22+05:30,53500.35,0,0.0,0,0.0,0.0,53282.15,53619.2,52783.45,53710.35,0,0.0,0.0,0.0,0.0,-0.01,-1,-1,-0.01,-1,-1,-0.01,-1,-1,-0.01,-1,-1,-0.01,-1,-1,-0.01,-1,-1,-0.01,-1,-1,-0.01,-1,-1,-0.01,-1,-1,-0.01,-1,-1
99926009,2026-05-18 14:22:23+05:30,53497.9,0,0.0,0,0.0,0.0,53282.15,53619.2,52783.45,53710.35,0,0.0,0.0,0.0,0.0,-0.01,-1,-1,-0.01,-1,-1,-0.01,-1,-1,-0.01,-1,-1,-0.01,-1,-1,-0.01,-1,-1,-0.01,-1,-1,-0.01,-1,-1,-0.01,-1,-1,-0.01,-1,-1
99926009,2026-05-18 14:22:23+05:30,53498.0,0,0.0,0,0.0,0.0,53282.15,53619.2,52783.45,53710.35,0,0.0,0.0,0.0,0.0,-0.01,-1,-1,-0.01,-1,-1,-0.01,-1,-1,-0.01,-1,-1,-0.01,-1,-1,-0.01,-1,-1,-0.01,-1,-1,-0.01,-1,-1,-0.01,-1,-1,-0.01,-1,-1
99926009,2026-05-18 14:22:24+05:30,53499.15,0,0.0,0,0.0,0.0,53282.15,53619.2,52783.45,53710.35,0,0.0,0.0,0.0,0.0,-0.01,-1,-1,-0.01,-1,-1,-0.01,-1,-1,-0.01,-1,-1,-0.01,-1,-1,-0.01,-1,-1,-0.01,-1,-1,-0.01,-1,-1,-0.01,-1,-1,-0.01,-1,-1
99926009,2026-05-18 14:22:24+05:30,53501.05,0,0.0,0,0.0,0.0,53282.15,53619.2,52783.45,53710.35,0,0.0,0.0,0.0,0.0,-0.01,-1,-1,-0.01,-1,-1,-0.01,-1,-1,-0.01,-1,-1,-0.01,-1,-1,-0.01,-1,-1,-0.01,-1,-1,-0.01,-1,-1,-0.01,-1,-1,-0.01,-1,-1
99926009,2026-05-18 14:22:25+05:30,53498.8,0,0.0,0,0.0,0.0,53282.15,53619.2,52783.45,53710.35,0,0.0,0.0,0.0,0.0,-0.01,-1,-1,-0.01,-1,-1,-0.01,-1,-1,-0.01,-1,-1,-0.01,-1,-1,-0.01,-1,-1,-0.01,-1,-1,-0.01,-1,-1,-0.01,-1,-1,-0.01,-1,-1
99926009,2026-05-18 14:22:25+05:30,53501.55,0,0.0,0,0.0,0.0,53282.15,53619.2,52783.45,53710.35,0,0.0,0.0,0.0,0.0,-0.01,-1,-1,-0.01,-1,-1,-0.01,-1,-1,-0.01,-1,-1,-0.01,-1,-1,-0.01,-1,-1,-0.01,-1,-1,-0.01,-1,-1,-0.01,-1,-1,-0.01,-1,-1
99926009,2026-05-18 14:22:26+05:30,53499.7,0,0.0,0,0.0,0.0,53282.15,53619.2,52783.45,53710.35,0,0.0,0.0,0.0,0.0,-0.01,-1,-1,-0.01,-1,-1,-0.01,-1,-1,-0.01,-1,-1,-0.01,-1,-1,-0.01,-1,-1,-0.01,-1,-1,-0.01,-1,-1,-0.01,-1,-1,-0.01,-1,-1
99926009,2026-05-18 14:22:26+05:30,53500.3,0,0.0,0,0.0,0.0,53282.15,53619.2,52783.45,53710.35,0,0.0,0.0,0.0,0.0,-0.01,-1,-1,-0.01,-1,-1,-0.01,-1,-1,-0.01,-1,-1,-0.01,-1,-1,-0.01,-1,-1,-0.01,-1,-1,-0.01,-1,-1,-0.01,-1,-1,-0.01,-1,-1
99926009,2026-05-18 14:22:27+05:30,53497.85,0,0.0,0,0.0,0.0,53282.15,53619.2,52783.45,53710.35,0,0.0,0.0,0.0,0.0,-0.01,-1,-1,-0.01,-1,-1,-0.01,-1,-1,-0.01,-1,-1,-0.01,-1,-1,-0.01,-1,-1,-0.01,-1,-1,-0.01,-1,-1,-0.01,-1,-1,-0.01,-1,-1
99926009,2026-05-18 14:22:27+05:30,53497.0,0,0.0,0,0.0,0.0,53282.15,53619.2,52783.45,53710.35,0,0.0,0.0,0.0,0.0,-0.01,-1,-1,-0.01,-1,-1,-0.01,-1,-1,-0.01,-1,-1,-0.01,-1,-1,-0.01,-1,-1,-0.01,-1,-1,-0.01,-1,-1,-0.01,-1,-1,-0.01,-1,-1
99926009,2026-05-18 14:22:28+05:30,53498.65,0,0.0,0,0.0,0.0,53282.15,53619.2,52783.45,53710.35,0,0.0,0.0,0.0,0.0,-0.01,-1,-1,-0.01,-1,-1,-0.01,-1,-1,-0.01,-1,-1,-0.01,-1,-1,-0.01,-1,-1,-0.01,-1,-1,-0.01,-1,-1,-0.01,-1,-1,-0.01,-1,-1
99926009,2026-05-18 14:22:28+05:30,53500.4,0,0.0,0,0.0,0.0,53282.15,53619.2,52783.45,53710.35,0,0.0,0.0,0.0,0.0,-0.01,-1,-1,-0.01,-1,-1,-0.01,-1,-1,-0.01,-1,-1,-0.01,-1,-1,-0.01,-1,-1,-0.01,-1,-1,-0.01,-1,-1,-0.01,-1,-1,-0.01,-1,-1
99926009,2026-05-18 14:22:29+05:30,53499.8,0,0.0,0,0.0,0.0,53282.15,53619.2,52783.45,53710.35,0,0.0,0.0,0.0,0.0,-0.01,-1,-1,-0.01,-1,-1,-0.01,-1,-1,-0.01,-1,-1,-0.01,-1,-1,-0.01,-1,-1,-0.01,-1,-1,-0.01,-1,-1,-0.01,-1,-1,-0.01,-1,-1
99926009,2026-05-18 14:22:29+05:30,53495.3,0,0.0,0,0.0,0.0,53282.15,53619.2,52783.45,53710.35,0,0.0,0.0,0.0,0.0,-0.01,-1,-1,-0.01,-1,-1,-0.01,-1,-1,-0.01,-1,-1,-0.01,-1,-1,-0.01,-1,-1,-0.01,-1,-1,-0.01,-1,-1,-0.01,-1,-1,-0.01,-1,-1
99926009,2026-05-18 14:22:30+05:30,53497.75,0,0.0,0,0.0,0.0,53282.15,53619.2,52783.45,53710.35,0,0.0,0.0,0.0,0.0,-0.01,-1,-1,-0.01,-1,-1,-0.01,-1,-1,-0.01,-1,-1,-0.01,-1,-1,-0.01,-1,-1,-0.01,-1,-1,-0.01,-1,-1,-0.01,-1,-1,-0.01,-1,-1
99926009,2026-05-18 14:22:30+05:30,53499.75,0,0.0,0,0.0,0.0,53282.15,53619.2,52783.45,53710.35,0,0.0,0.0,0.0,0.0,-0.01,-1,-1,-0.01,-1,-1,-0.01,-1,-1,-0.01,-1,-1,-0.01,-1,-1,-0.01,-1,-1,-0.01,-1,-1,-0.01,-1,-1,-0.01,-1,-1,-0.01,-1,-1
99926009,2026-05-18 14:22:31+05:30,53498.2,0,0.0,0,0.0,0.0,53282.15,53619.2,52783.45,53710.35,0,0.0,0.0,0.0,0.0,-0.01,-1,-1,-0.01,-1,-1,-0.01,-1,-1,-0.01,-1,-1,-0.01,-1,-1,-0.01,-1,-1,-0.01,-1,-1,-0.01,-1,-1,-0.01,-1,-1,-0.01,-1,-1
99926009,2026-05-18 14:22:31+05:30,53499.1,0,0.0,0,0.0,0.0,53282.15,53619.2,52783.45,53710.35,0,0.0,0.0,0.0,0.0,-0.01,-1,-1,-0.01,-1,-1,-0.01,-1,-1,-0.01,-1,-1,-0.01,-1,-1,-0.01,-1,-1,-0.01,-1,-1,-0.01,-1,-1,-0.01,-1,-1,-0.01,-1,-1
99926009,2026-05-18 14:22:32+05:30,53496.25,0,0.0,0,0.0,0.0,53282.15,53619.2,52783.45,53710.35,0,0.0,0.0,0.0,0.0,-0.01,-1,-1,-0.01,-1,-1,-0.01,-1,-1,-0.01,-1,-1,-0.01,-1,-1,-0.01,-1,-1,-0.01,-1,-1,-0.01,-1,-1,-0.01,-1,-1,-0.01,-1,-1
99926009,2026-05-18 14:22:32+05:30,53496.85,0,0.0,0,0.0,0.0,53282.15,53619.2,52783.45,53710.35,0,0.0,0.0,0.0,0.0,-0.01,-1,-1,-0.01,-1,-1,-0.01,-1,-1,-0.01,-1,-1,-0.01,-1,-1,-0.01,-1,-1,-0.01,-1,-1,-0.01,-1,-1,-0.01,-1,-1,-0.01,-1,-1
99926009,2026-05-18 14:22:33+05:30,53499.35,0,0.0,0,0.0,0.0,53282.15,53619.2,52783.45,53710.35,0,0.0,0.0,0.0,0.0,-0.01,-1,-1,-0.01,-1,-1,-0.01,-1,-1,-0.01,-1,-1,-0.01,-1,-1,-0.01,-1,-1,-0.01,-1,-1,-0.01,-1,-1,-0.01,-1,-1,-0.01,-1,-1
99926009,2026-05-18 14:22:33+05:30,53498.85,0,0.0,0,0.0,0.0,53282.15,53619.2,52783.45,53710.35,0,0.0,0.0,0.0,0.0,-0.01,-1,-1,-0.01,-1,-1,-0.01,-1,-1,-0.01,-1,-1,-0.01,-1,-1,-0.01,-1,-1,-0.01,-1,-1,-0.01,-1,-1,-0.01,-1,-1,-0.01,-1,-1
99926009,2026-05-18 14:22:34+05:30,53497.6,0,0.0,0,0.0,0.0,53282.15,53619.2,52783.45,53710.35,0,0.0,0.0,0.0,0.0,-0.01,-1,-1,-0.01,-1,-1,-0.01,-1,-1,-0.01,-1,-1,-0.01,-1,-1,-0.01,-1,-1,-0.01,-1,-1,-0.01,-1,-1,-0.01,-1,-1,-0.01,-1,-1
99926009,2026-05-18 14:22:34+05:30,53501.65,0,0.0,0,0.0,0.0,53282.15,53619.2,52783.45,53710.35,0,0.0,0.0,0.0,0.0,-0.01,-1,-1,-0.01,-1,-1,-0.01,-1,-1,-0.01,-1,-1,-0.01,-1,-1,-0.01,-1,-1,-0.01,-1,-1,-0.01,-1,-1,-0.01,-1,-1,-0.01,-1,-1
99926009,2026-05-18 14:22:35+05:30,53499.85,0,0.0,0,0.0,0.0,53282.15,53619.2,52783.45,53710.35,0,0.0,0.0,0.0,0.0,-0.01,-1,-1,-0.01,-1,-1,-0.01,-1,-1,-0.01,-1,-1,-0.01,-1,-1,-0.01,-1,-1,-0.01,-1,-1,-0.01,-1,-1,-0.01,-1,-1,-0.01,-1,-1
99926009,2026-05-18 14:22:35+05:30,53499.1,0,0.0,0,0.0,0.0,53282.15,53619.2,52783.45,53710.35,0,0.0,0.0,0.0,0.0,-0.01,-1,-1,-0.01,-1,-1,-0.01,-1,-1,-0.01,-1,-1,-0.01,-1,-1,-0.01,-1,-1,-0.01,-1,-1,-0.01,-1,-1,-0.01,-1,-1,-0.01,-1,-1
99926009,2026-05-18 14:22:36+05:30,53497.4,0,0.0,0,0.0,0.0,53282.15,53619.2,52783.45,53710.35,0,0.0,0.0,0.0,0.0,-0.01,-1,-1,-0.01,-1,-1,-0.01,-1,-1,-0.01,-1,-1,-0.01,-1,-1,-0.01,-1,-1,-0.01,-1,-1,-0.01,-1,-1,-0.01,-1,-1,-0.01,-1,-1
99926009,2026-05-18 14:22:36+05:30,53499.45,0,0.0,0,0.0,0.0,53282.15,53619.2,52783.45,53710.35,0,0.0,0.0,0.0,0.0,-0.01,-1,-1,-0.01,-1,-1,-0.01,-1,-1,-0.01,-1,-1,-0.01,-1,-1,-0.01,-1,-1,-0.01,-1,-1,-0.01,-1,-1,-0.01,-1,-1,-0.01,-1,-1
99926009,2026-05-18 14:22:37+05:30,53500.75,0,0.0,0,0.0,0.0,53282.15,53619.2,52783.45,53710.35,0,0.0,0.0,0.0,0.0,-0.01,-1,-1,-0.01,-1,-1,-0.01,-1,-1,-0.01,-1,-1,-0.01,-1,-1,-0.01,-1,-1,-0.01,-1,-1,-0.01,-1,-1,-0.01,-1,-1,-0.01,-1,-1
99926009,2026-05-18 14:22:37+05:30,53499.45,0,0.0,0,0.0,0.0,53282.15,53619.2,52783.45,53710.35,0,0.0,0.0,0.0,0.0,-0.01,-1,-1,-0.01,-1,-1,-0.01,-1,-1,-0.01,-1,-1,-0.01,-1,-1,-0.01,-1,-1,-0.01,-1,-1,-0.01,-1,-1,-0.01,-1,-1,-0.01,-1,-1
99926009,2026-05-18 14:22:38+05:30,53499.9,0,0.0,0,0.0,0.0,53282.15,53619.2,52783.45,53710.35,0,0.0,0.0,0.0,0.0,-0.01,-1,-1,-0.01,-1,-1,-0.01,-1,-1,-0.01,-1,-1,-0.01,-1,-1,-0.01,-1,-1,-0.01,-1,-1,-0.01,-1,-1,-0.01,-1,-1,-0.01,-1,-1
99926009,2026-05-18 14:22:38+05:30,53499.75,0,0.0,0,0.0,0.0,53282.15,53619.2,52783.45,53710.35,0,0.0,0.0,0.0,0.0,-0.01,-1,-1,-0.01,-1,-1,-0.01,-1,-1,-0.01,-1,-1,-0.01,-1,-1,-0.01,-1,-1,-0.01,-1,-1,-0.01,-1,-1,-0.01,-1,-1,-0.01,-1,-1
99926009,2026-05-18 14:22:39+05:30,53497.7,0,0.0,0,0.0,0.0,53282.15,53619.2,52783.45,53710.35,0,0.0,0.0,0.0,0.0,-0.01,-1,-1,-0.01,-1,-1,-0.01,-1,-1,-0.01,-1,-1,-0.01,-1,-1,-0.01,-1,-1,-0.01,-1,-1,-0.01,-1,-1,-0.01,-1,-1,-0.01,-1,-1
99926009,2026-05-18 14:22:39+05:30,53502.55,0,0.0,0,0.0,0.0,53282.15,53619.2,52783.45,53710.35,0,0.0,0.0,0.0,0.0,-0.01,-1,-1,-0.01,-1,-1,-0.01,-1,-1,-0.01,-1,-1,-0.01,-1,-1,-0.01,-1,-1,-0.01,-1,-1,-0.01,-1,-1,-0.01,-1,-1,-0.01,-1,-1
99926009,2026-05-18 14:22:40+05:30,53500.45,0,0.0,0,0.0,0.0,53282.15,53619.2,52783.45,53710.35,0,0.0,0.0,0.0,0.0,-0.01,-1,-1,-0.01,-1,-1,-0.01,-1,-1,-0.01,-1,-1,-0.01,-1,-1,-0.01,-1,-1,-0.01,-1,-1,-0.01,-1,-1,-0.01,-1,-1,-0.01,-1,-1
99926009,2026-05-18 14:22:40+05:30,53499.65,0,0.0,0,0.0,0.0,53282.15,53619.2,52783.45,53710.35,0,0.0,0.0,0.0,0.0,-0.01,-1,-1,-0.01,-1,-1,-0.01,-1,-1,-0.01,-1,-1,-0.01,-1,-1,-0.01,-1,-1,-0.01,-1,-1,-0.01,-1,-1,-0.01,-1,-1,-0.01,-1,-1
99926009,2026-05-18 14:22:41+05:30,53497.2,0,0.0,0,0.0,0.0,53282.15,53619.2,52783.45,53710.35,0,0.0,0.0,0.0,0.0,-0.01,-1,-1,-0.01,-1,-1,-0.01,-1,-1,-0.01,-1,-1,-0.01,-1,-1,-0.01,-1,-1,-0.01,-1,-1,-0.01,-1,-1,-0.01,-1,-1,-0.01,-1,-1
99926009,2026-05-18 14:22:41+05:30,53501.65,0,0.0,0,0.0,0.0,53282.15,53619.2,52783.45,53710.35,0,0.0,0.0,0.0,0.0,-0.01,-1,-1,-0.01,-1,-1,-0.01,-1,-1,-0.01,-1,-1,-0.01,-1,-1,-0.01,-1,-1,-0.01,-1,-1,-0.01,-1,-1,-0.01,-1,-1,-0.01,-1,-1
99926009,2026-05-18 14:22:42+05:30,53500.05,0,0.0,0,0.0,0.0,53282.15,53619.2,52783.45,53710.35,0,0.0,0.0,0.0,0.0,-0.01,-1,-1,-0.01,-1,-1,-0.01,-1,-1,-0.01,-1,-1,-0.01,-1,-1,-0.01,-1,-1,-0.01,-1,-1,-0.01,-1,-1,-0.01,-1,-1,-0.01,-1,-1
99926009,2026-05-18 14:22:42+05:30,53500.25,0,0.0,0,0.0,0.0,53282.15,53619.2,52783.45,53710.35,0,0.0,0.0,0.0,0.0,-0.01,-1,-1,-0.01,-1,-1,-0.01,-1,-1,-0.01,-1,-1,-0.01,-1,-1,-0.01,-1,-1,-0.01,-1,-1,-0.01,-1,-1,-0.01,-1,-1,-0.01,-1,-1
99926009,2026-05-18 14:22:43+05:30,53499.4,0,0.0,0,0.0,0.0,53282.15,53619.2,52783.45,53710.35,0,0.0,0.0,0.0,0.0,-0.01,-1,-1,-0.01,-1,-1,-0.01,-1,-1,-0.01,-1,-1,-0.01,-1,-1,-0.01,-1,-1,-0.01,-1,-1,-0.01,-1,-1,-0.01,-1,-1,-0.01,-1,-1
99926009,2026-05-18 14:22:43+05:30,53500.25,0,0.0,0,0.0,0.0,53282.15,53619.2,52783.45,53710.35,0,0.0,0.0,0.0,0.0,-0.01,-1,-1,-0.01,-1,-1,-0.01,-1,-1,-0.01,-1,-1,-0.01,-1,-1,-0.01,-1,-1,-0.01,-1,-1,-0.01,-1,-1,-0.01,-1,-1,-0.01,-1,-1
99926009,2026-05-18 14:22:44+05:30,53499.95,0,0.0,0,0.0,0.0,53282.15,53619.2,52783.45,53710.35,0,0.0,0.0,0.0,0.0,-0.01,-1,-1,-0.01,-1,-1,-0.01,-1,-1,-0.01,-1,-1,-0.01,-1,-1,-0.01,-1,-1,-0.01,-1,-1,-0.01,-1,-1,-0.01,-1,-1,-0.01,-1,-1
99926009,2026-05-18 14:22:44+05:30,53501.25,0,0.0,0,0.0,0.0,53282.15,53619.2,52783.45,53710.35,0,0.0,0.0,0.0,0.0,-0.01,-1,-1,-0.01,-1,-1,-0.01,-1,-1,-0.01,-1,-1,-0.01,-1,-1,-0.01,-1,-1,-0.01,-1,-1,-0.01,-1,-1,-0.01,-1,-1,-0.01,-1,-1
99926009,2026-05-18 14:22:45+05:30,53500.15,0,0.0,0,0.0,0.0,53282.15,53619.2,52783.45,53710.35,0,0.0,0.0,0.0,0.0,-0.01,-1,-1,-0.01,-1,-1,-0.01,-1,-1,-0.01,-1,-1,-0.01,-1,-1,-0.01,-1,-1,-0.01,-1,-1,-0.01,-1,-1,-0.01,-1,-1,-0.01,-1,-1
99926009,2026-05-18 14:22:45+05:30,53502.2,0,0.0,0,0.0,0.0,53282.15,53619.2,52783.45,53710.35,0,0.0,0.0,0.0,0.0,-0.01,-1,-1,-0.01,-1,-1,-0.01,-1,-1,-0.01,-1,-1,-0.01,-1,-1,-0.01,-1,-1,-0.01,-1,-1,-0.01,-1,-1,-0.01,-1,-1,-0.01,-1,-1
99926009,2026-05-18 14:22:46+05:30,53501.5,0,0.0,0,0.0,0.0,53282.15,53619.2,52783.45,53710.35,0,0.0,0.0,0.0,0.0,-0.01,-1,-1,-0.01,-1,-1,-0.01,-1,-1,-0.01,-1,-1,-0.01,-1,-1,-0.01,-1,-1,-0.01,-1,-1,-0.01,-1,-1,-0.01,-1,-1,-0.01,-1,-1
99926009,2026-05-18 14:22:46+05:30,53502.05,0,0.0,0,0.0,0.0,53282.15,53619.2,52783.45,53710.35,0,0.0,0.0,0.0,0.0,-0.01,-1,-1,-0.01,-1,-1,-0.01,-1,-1,-0.01,-1,-1,-0.01,-1,-1,-0.01,-1,-1,-0.01,-1,-1,-0.01,-1,-1,-0.01,-1,-1,-0.01,-1,-1
99926009,2026-05-18 14:22:47+05:30,53500.55,0,0.0,0,0.0,0.0,53282.15,53619.2,52783.45,53710.35,0,0.0,0.0,0.0,0.0,-0.01,-1,-1,-0.01,-1,-1,-0.01,-1,-1,-0.01,-1,-1,-0.01,-1,-1,-0.01,-1,-1,-0.01,-1,-1,-0.01,-1,-1,-0.01,-1,-1,-0.01,-1,-1
99926009,2026-05-18 14:22:47+05:30,53500.45,0,0.0,0,0.0,0.0,53282.15,53619.2,52783.45,53710.35,0,0.0,0.0,0.0,0.0,-0.01,-1,-1,-0.01,-1,-1,-0.01,-1,-1,-0.01,-1,-1,-0.01,-1,-1,-0.01,-1,-1,-0.01,-1,-1,-0.01,-1,-1,-0.01,-1,-1,-0.01,-1,-1
99926009,2026-05-18 14:22:48+05:30,53500.8,0,0.0,0,0.0,0.0,53282.15,53619.2,52783.45,53710.35,0,0.0,0.0,0.0,0.0,-0.01,-1,-1,-0.01,-1,-1,-0.01,-1,-1,-0.01,-1,-1,-0.01,-1,-1,-0.01,-1,-1,-0.01,-1,-1,-0.01,-1,-1,-0.01,-1,-1,-0.01,-1,-1
99926009,2026-05-18 14:22:48+05:30,53499.9,0,0.0,0,0.0,0.0,53282.15,53619.2,52783.45,53710.35,0,0.0,0.0,0.0,0.0,-0.01,-1,-1,-0.01,-1,-1,-0.01,-1,-1,-0.01,-1,-1,-0.01,-1,-1,-0.01,-1,-1,-0.01,-1,-1,-0.01,-1,-1,-0.01,-1,-1,-0.01,-1,-1
99926009,2026-05-18 14:22:49+05:30,53498.9,0,0.0,0,0.0,0.0,53282.15,53619.2,52783.45,53710.35,0,0.0,0.0,0.0,0.0,-0.01,-1,-1,-0.01,-1,-1,-0.01,-1,-1,-0.01,-1,-1,-0.01,-1,-1,-0.01,-1,-1,-0.01,-1,-1,-0.01,-1,-1,-0.01,-1,-1,-0.01,-1,-1
99926009,2026-05-18 14:22:49+05:30,53499.45,0,0.0,0,0.0,0.0,53282.15,53619.2,52783.45,53710.35,0,0.0,0.0,0.0,0.0,-0.01,-1,-1,-0.01,-1,-1,-0.01,-1,-1,-0.01,-1,-1,-0.01,-1,-1,-0.01,-1,-1,-0.01,-1,-1,-0.01,-1,-1,-0.01,-1,-1,-0.01,-1,-1
99926009,2026-05-18 14:22:50+05:30,53502.7,0,0.0,0,0.0,0.0,53282.15,53619.2,52783.45,53710.35,0,0.0,0.0,0.0,0.0,-0.01,-1,-1,-0.01,-1,-1,-0.01,-1,-1,-0.01,-1,-1,-0.01,-1,-1,-0.01,-1,-1,-0.01,-1,-1,-0.01,-1,-1,-0.01,-1,-1,-0.01,-1,-1
99926009,2026-05-18 14:22:50+05:30,53500.45,0,0.0,0,0.0,0.0,53282.15,53619.2,52783.45,53710.35,0,0.0,0.0,0.0,0.0,-0.01,-1,-1,-0.01,-1,-1,-0.01,-1,-1,-0.01,-1,-1,-0.01,-1,-1,-0.01,-1,-1,-0.01,-1,-1,-0.01,-1,-1,-0.01,-1,-1,-0.01,-1,-1
99926009,2026-05-18 14:22:51+05:30,53498.5,0,0.0,0,0.0,0.0,53282.15,53619.2,52783.45,53710.35,0,0.0,0.0,0.0,0.0,-0.01,-1,-1,-0.01,-1,-1,-0.01,-1,-1,-0.01,-1,-1,-0.01,-1,-1,-0.01,-1,-1,-0.01,-1,-1,-0.01,-1,-1,-0.01,-1,-1,-0.01,-1,-1
99926009,2026-05-18 14:22:51+05:30,53500.95,0,0.0,0,0.0,0.0,53282.15,53619.2,52783.45,53710.35,0,0.0,0.0,0.0,0.0,-0.01,-1,-1,-0.01,-1,-1,-0.01,-1,-1,-0.01,-1,-1,-0.01,-1,-1,-0.01,-1,-1,-0.01,-1,-1,-0.01,-1,-1,-0.01,-1,-1,-0.01,-1,-1
99926009,2026-05-18 14:22:52+05:30,53502.15,0,0.0,0,0.0,0.0,53282.15,53619.2,52783.45,53710.35,0,0.0,0.0,0.0,0.0,-0.01,-1,-1,-0.01,-1,-1,-0.01,-1,-1,-0.01,-1,-1,-0.01,-1,-1,-0.01,-1,-1,-0.01,-1,-1,-0.01,-1,-1,-0.01,-1,-1,-0.01,-1,-1
99926009,2026-05-18 14:22:52+05:30,53499.8,0,0.0,0,0.0,0.0,53282.15,53619.2,52783.45,53710.35,0,0.0,0.0,0.0,0.0,-0.01,-1,-1,-0.01,-1,-1,-0.01,-1,-1,-0.01,-1,-1,-0.01,-1,-1,-0.01,-1,-1,-0.01,-1,-1,-0.01,-1,-1,-0.01,-1,-1,-0.01,-1,-1
99926009,2026-05-18 14:22:53+05:30,53498.35,0,0.0,0,0.0,0.0,53282.15,53619.2,52783.45,53710.35,0,0.0,0.0,0.0,0.0,-0.01,-1,-1,-0.01,-1,-1,-0.01,-1,-1,-0.01,-1,-1,-0.01,-1,-1,-0.01,-1,-1,-0.01,-1,-1,-0.01,-1,-1,-0.01,-1,-1,-0.01,-1,-1
99926009,2026-05-18 14:22:53+05:30,53497.9,0,0.0,0,0.0,0.0,53282.15,53619.2,52783.45,53710.35,0,0.0,0.0,0.0,0.0,-0.01,-1,-1,-0.01,-1,-1,-0.01,-1,-1,-0.01,-1,-1,-0.01,-1,-1,-0.01,-1,-1,-0.01,-1,-1,-0.01,-1,-1,-0.01,-1,-1,-0.01,-1,-1
99926009,2026-05-18 14:22:54+05:30,53497.65,0,0.0,0,0.0,0.0,53282.15,53619.2,52783.45,53710.35,0,0.0,0.0,0.0,0.0,-0.01,-1,-1,-0.01,-1,-1,-0.01,-1,-1,-0.01,-1,-1,-0.01,-1,-1,-0.01,-1,-1,-0.01,-1,-1,-0.01,-1,-1,-0.01,-1,-1,-0.01,-1,-1
99926009,2026-05-18 14:22:54+05:30,53500.4,0,0.0,0,0.0,0.0,53282.15,53619.2,52783.45,53710.35,0,0.0,0.0,0.0,0.0,-0.01,-1,-1,-0.01,-1,-1,-0.01,-1,-1,-0.01,-1,-1,-0.01,-1,-1,-0.01,-1,-1,-0.01,-1,-1,-0.01,-1,-1,-0.01,-1,-1,-0.01,-1,-1
99926009,2026-05-18 14:22:55+05:30,53498.6,0,0.0,0,0.0,0.0,53282.15,53619.2,52783.45,53710.35,0,0.0,0.0,0.0,0.0,-0.01,-1,-1,-0.01,-1,-1,-0.01,-1,-1,-0.01,-1,-1,-0.01,-1,-1,-0.01,-1,-1,-0.01,-1,-1,-0.01,-1,-1,-0.01,-1,-1,-0.01,-1,-1
99926009,2026-05-18 14:22:55+05:30,53498.9,0,0.0,0,0.0,0.0,53282.15,53619.2,52783.45,53710.35,0,0.0,0.0,0.0,0.0,-0.01,-1,-1,-0.01,-1,-1,-0.01,-1,-1,-0.01,-1,-1,-0.01,-1,-1,-0.01,-1,-1,-0.01,-1,-1,-0.01,-1,-1,-0.01,-1,-1,-0.01,-1,-1
99926009,2026-05-18 14:22:56+05:30,53500.8,0,0.0,0,0.0,0.0,53282.15,53619.2,52783.45,53710.35,0,0.0,0.0,0.0,0.0,-0.01,-1,-1,-0.01,-1,-1,-0.01,-1,-1,-0.01,-1,-1,-0.01,-1,-1,-0.01,-1,-1,-0.01,-1,-1,-0.01,-1,-1,-0.01,-1,-1,-0.01,-1,-1
99926009,2026-05-18 14:22:56+05:30,53499.15,0,0.0,0,0.0,0.0,53282.15,53619.2,52783.45,53710.35,0,0.0,0.0,0.0,0.0,-0.01,-1,-1,-0.01,-1,-1,-0.01,-1,-1,-0.01,-1,-1,-0.01,-1,-1,-0.01,-1,-1,-0.01,-1,-1,-0.01,-1,-1,-0.01,-1,-1,-0.01,-1,-1
99926009,2026-05-18 14:22:57+05:30,53500.15,0,0.0,0,0.0,0.0,53282.15,53619.2,52783.45,53710.35,0,0.0,0.0,0.0,0.0,-0.01,-1,-1,-0.01,-1,-1,-0.01,-1,-1,-0.01,-1,-1,-0.01,-1,-1,-0.01,-1,-1,-0.01,-1,-1,-0.01,-1,-1,-0.01,-1,-1,-0.01,-1,-1
99926009,2026-05-18 14:22:57+05:30,53501.45,0,0.0,0,0.0,0.0,53282.15,53619.2,52783.45,53710.35,0,0.0,0.0,0.0,0.0,-0.01,-1,-1,-0.01,-1,-1,-0.01,-1,-1,-0.01,-1,-1,-0.01,-1,-1,-0.01,-1,-1,-0.01,-1,-1,-0.01,-1,-1,-0.01,-1,-1,-0.01,-1,-1
99926009,2026-05-18 14:22:58+05:30,53497.2,0,0.0,0,0.0,0.0,53282.15,53619.2,52783.45,53710.35,0,0.0,0.0,0.0,0.0,-0.01,-1,-1,-0.01,-1,-1,-0.01,-1,-1,-0.01,-1,-1,-0.01,-1,-1,-0.01,-1,-1,-0.01,-1,-1,-0.01,-1,-1,-0.01,-1,-1,-0.01,-1,-1
99926009,2026-05-18 14:22:58+05:30,53498.85,0,0.0,0,0.0,0.0,53282.15,53619.2,52783.45,53710.35,0,0.0,0.0,0.0,0.0,-0.01,-1,-1,-0.01,-1,-1,-0.01,-1,-1,-0.01,-1,-1,-0.01,-1,-1,-0.01,-1,-1,-0.01,-1,-1,-0.01,-1,-1,-0.01,-1,-1,-0.01,-1,-1
99926009,2026-05-18 14:22:59+05:30,53496.75,0,0.0,0,0.0,0.0,53282.15,53619.2,52783.45,53710.35,0,0.0,0.0,0.0,0.0,-0.01,-1,-1,-0.01,-1,-1,-0.01,-1,-1,-0.01,-1,-1,-0.01,-1,-1,-0.01,-1,-1,-0.01,-1,-1,-0.01,-1,-1,-0.01,-1,-1,-0.01,-1,-1
99926009,2026-05-18 14:22:59+05:30,53498.7,0,0.0,0,0.0,0.0,53282.15,53619.2,52783.45,53710.35,0,0.0,0.0,0.0,0.0,-0.01,-1,-1,-0.01,-1,-1,-0.01,-1,-1,-0.01,-1,-1,-0.01,-1,-1,-0.01,-1,-1,-0.01,-1,-1,-0.01,-1,-1,-0.01,-1,-1,-0.01,-1,-1
99926009,2026-05-18 14:23:00+05:30,53498.85,0,0.0,0,0.0,0.0,53282.15,53619.2,52783.45,53710.35,0,0.0,0.0,0.0,0.0,-0.01,-1,-1,-0.01,-1,-1,-0.01,-1,-1,-0.01,-1,-1,-0.01,-1,-1,-0.01,-1,-1,-0.01,-1,-1,-0.01,-1,-1,-0.01,-1,-1,-0.01,-1,-1
99926009,2026-05-18 14:23:00+05:30,53497.75,0,0.0,0,0.0,0.0,53282.15,53619.2,52783.45,53710.35,0,0.0,0.0,0.0,0.0,-0.01,-1,-1,-0.01,-1,-1,-0.01,-1,-1,-0.01,-1,-1,-0.01,-1,-1,-0.01,-1,-1,-0.01,-1,-1,-0.01,-1,-1,-0.01,-1,-1,-0.01,-1,-1
99926009,2026-05-18 14:23:01+05:30,53497.8,0,0.0,0,0.0,0.0,53282.15,53619.2,52783.45,53710.35,0,0.0,0.0,0.0,0.0,-0.01,-1,-1,-0.01,-1,-1,-0.01,-1,-1,-0.01,-1,-1,-0.01,-1,-1,-0.01,-1,-1,-0.01,-1,-1,-0.01,-1,-1,-0.01,-1,-1,-0.01,-1,-1
99926009,2026-05-18 14:23:01+05:30,53499.7,0,0.0,0,0.0,0.0,53282.15,53619.2,52783.45,53710.35,0,0.0,0.0,0.0,0.0,-0.01,-1,-1,-0.01,-1,-1,-0.01,-1,-1,-0.01,-1,-1,-0.01,-1,-1,-0.01,-1,-1,-0.01,-1,-1,-0.01,-1,-1,-0.01,-1,-1,-0.01,-1,-1
99926009,2026-05-18 14:23:02+05:30,53499.75,0,0.0,0,0.0,0.0,53282.15,53619.2,52783.45,53710.35,0,0.0,0.0,0.0,0.0,-0.01,-1,-1,-0.01,-1,-1,-0.01,-1,-1,-0.01,-1,-1,-0.01,-1,-1,-0.01,-1,-1,-0.01,-1,-1,-0.01,-1,-1,-0.01,-1,-1,-0.01,-1,-1
99926009,2026-05-18 14:23:02+05:30,53499.25,0,0.0,0,0.0,0.0,53282.15,53619.2,52783.45,53710.35,0,0.0,0.0,0.0,0.0,-0.01,-1,-1,-0.01,-1,-1,-0.01,-1,-1,-0.01,-1,-1,-0.01,-1,-1,-0.01,-1,-1,-0.01,-1,-1,-0.01,-1,-1,-0.01,-1,-1,-0.01,-1,-1
99926009,2026-05-18 14:23:03+05:30,53498.4,0,0.0,0,0.0,0.0,53282.15,53619.2,52783.45,53710.35,0,0.0,0.0,0.0,0.0,-0.01,-1,-1,-0.01,-1,-1,-0.01,-1,-1,-0.01,-1,-1,-0.01,-1,-1,-0.01,-1,-1,-0.01,-1,-1,-0.01,-1,-1,-0.01,-1,-1,-0.01,-1,-1
99926009,2026-05-18 14:23:03+05:30,53497.95,0,0.0,0,0.0,0.0,53282.15,53619.2,52783.45,53710.35,0,0.0,0.0,0.0,0.0,-0.01,-1,-1,-0.01,-1,-1,-0.01,-1,-1,-0.01,-1,-1,-0.01,-1,-1,-0.01,-1,-1,-0.01,-1,-1,-0.01,-1,-1,-0.01,-1,-1,-0.01,-1,-1
99926009,2026-05-18 14:23:04+05:30,53497.95,0,0.0,0,0.0,0.0,53282.15,53619.2,52783.45,53710.35,0,0.0,0.0,0.0,0.0,-0.01,-1,-1,-0.01,-1,-1,-0.01,-1,-1,-0.01,-1,-1,-0.01,-1,-1,-0.01,-1,-1,-0.01,-1,-1,-0.01,-1,-1,-0.01,-1,-1,-0.01,-1,-1
99926009,2026-05-18 14:23:04+05:30,53498.8,0,0.0,0,0.0,0.0,53282.15,53619.2,52783.45,53710.35,0,0.0,0.0,0.0,0.0,-0.01,-1,-1,-0.01,-1,-1,-0.01,-1,-1,-0.01,-1,-1,-0.01,-1,-1,-0.01,-1,-1,-0.01,-1,-1,-0.01,-1,-1,-0.01,-1,-1,-0.01,-1,-1
99926009,2026-05-18 14:23:05+05:30,53501.0,0,0.0,0,0.0,0.0,53282.15,53619.2,52783.45,53710.35,0,0.0,0.0,0.0,0.0,-0.01,-1,-1,-0.01,-1,-1,-0.01,-1,-1,-0.01,-1,-1,-0.01,-1,-1,-0.01,-1,-1,-0.01,-1,-1,-0.01,-1,-1,-0.01,-1,-1,-0.01,-1,-1
99926009,2026-05-18 14:23:05+05:30,53500.35,0,0.0,0,0.0,0.0,53282.15,53619.2,52783.45,53710.35,0,0.0,0.0,0.0,0.0,-0.01,-1,-1,-0.01,-1,-1,-0.01,-1,-1,-0.01,-1,-1,-0.01,-1,-1,-0.01,-1,-1,-0.01,-1,-1,-0.01,-1,-1,-0.01,-1,-1,-0.01,-1,-1
99926009,2026-05-18 14:23:06+05:30,53503.6,0,0.0,0,0.0,0.0,53282.15,53619.2,52783.45,53710.35,0,0.0,0.0,0.0,0.0,-0.01,-1,-1,-0.01,-1,-1,-0.01,-1,-1,-0.01,-1,-1,-0.01,-1,-1,-0.01,-1,-1,-0.01,-1,-1,-0.01,-1,-1,-0.01,-1,-1,-0.01,-1,-1
99926009,2026-05-18 14:23:06+05:30,53505.45,0,0.0,0,0.0,0.0,53282.15,53619.2,52783.45,53710.35,0,0.0,0.0,0.0,0.0,-0.01,-1,-1,-0.01,-1,-1,-0.01,-1,-1,-0.01,-1,-1,-0.01,-1,-1,-0.01,-1,-1,-0.01,-1,-1,-0.01,-1,-1,-0.01,-1,-1,-0.01,-1,-1
99926009,2026-05-18 14:23:07+05:30,53506.15,0,0.0,0,0.0,0.0,53282.15,53619.2,52783.45,53710.35,0,0.0,0.0,0.0,0.0,-0.01,-1,-1,-0.01,-1,-1,-0.01,-1,-1,-0.01,-1,-1,-0.01,-1,-1,-0.01,-1,-1,-0.01,-1,-1,-0.01,-1,-1,-0.01,-1,-1,-0.01,-1,-1
99926009,2026-05-18 14:23:07+05:30,53503.3,0,0.0,0,0.0,0.0,53282.15,53619.2,52783.45,53710.35,0,0.0,0.0,0.0,0.0,-0.01,-1,-1,-0.01,-1,-1,-0.01,-1,-1,-0.01,-1,-1,-0.01,-1,-1,-0.01,-1,-1,-0.01,-1,-1,-0.01,-1,-1,-0.01,-1,-1,-0.01,-1,-1
99926009,2026-05-18 14:23:08+05:30,53503.2,0,0.0,0,0.0,0.0,53282.15,53619.2,52783.45,53710.35,0,0.0,0.0,0.0,0.0,-0.01,-1,-1,-0.01,-1,-1,-0.01,-1,-1,-0.01,-1,-1,-0.01,-1,-1,-0.01,-1,-1,-0.01,-1,-1,-0.01,-1,-1,-0.01,-1,-1,-0.01,-1,-1
99926009,2026-05-18 14:23:08+05:30,53502.25,0,0.0,0,0.0,0.0,53282.15,53619.2,52783.45,53710.35,0,0.0,0.0,0.0,0.0,-0.01,-1,-1,-0.01,-1,-1,-0.01,-1,-1,-0.01,-1,-1,-0.01,-1,-1,-0.01,-1,-1,-0.01,-1,-1,-0.01,-1,-1,-0.01,-1,-1,-0.01,-1,-1
99926009,2026-05-18 14:23:09+05:30,53503.0,0,0.0,0,0.0,0.0,53282.15,53619.2,52783.45,53710.35,0,0.0,0.0,0.0,0.0,-0.01,-1,-1,-0.01,-1,-1,-0.01,-1,-1,-0.01,-1,-1,-0.01,-1,-1,-0.01,-1,-1,-0.01,-1,-1,-0.01,-1,-1,-0.01,-1,-1,-0.01,-1,-1
99926009,2026-05-18 14:23:09+05:30,53506.9,0,0.0,0,0.0,0.0,53282.15,53619.2,52783.45,53710.35,0,0.0,0.0,0.0,0.0,-0.01,-1,-1,-0.01,-1,-1,-0.01,-1,-1,-0.01,-1,-1,-0.01,-1,-1,-0.01,-1,-1,-0.01,-1,-1,-0.01,-1,-1,-0.01,-1,-1,-0.01,-1,-1
99926009,2026-05-18 14:23:10+05:30,53506.15,0,0.0,0,0.0,0.0,53282.15,53619.2,52783.45,53710.35,0,0.0,0.0,0.0,0.0,-0.01,-1,-1,-0.01,-1,-1,-0.01,-1,-1,-0.01,-1,-1,-0.01,-1,-1,-0.01,-1,-1,-0.01,-1,-1,-0.01,-1,-1,-0.01,-1,-1,-0.01,-1,-1
99926009,2026-05-18 14:23:10+05:30,53504.9,0,0.0,0,0.0,0.0,53282.15,53619.2,52783.45,53710.35,0,0.0,0.0,0.0,0.0,-0.01,-1,-1,-0.01,-1,-1,-0.01,-1,-1,-0.01,-1,-1,-0.01,-1,-1,-0.01,-1,-1,-0.01,-1,-1,-0.01,-1,-1,-0.01,-1,-1,-0.01,-1,-1
99926009,2026-05-18 14:23:11+05:30,53507.35,0,0.0,0,0.0,0.0,53282.15,53619.2,52783.45,53710.35,0,0.0,0.0,0.0,0.0,-0.01,-1,-1,-0.01,-1,-1,-0.01,-1,-1,-0.01,-1,-1,-0.01,-1,-1,-0.01,-1,-1,-0.01,-1,-1,-0.01,-1,-1,-0.01,-1,-1,-0.01,-1,-1
99926009,2026-05-18 14:23:11+05:30,53508.5,0,0.0,0,0.0,0.0,53282.15,53619.2,52783.45,53710.35,0,0.0,0.0,0.0,0.0,-0.01,-1,-1,-0.01,-1,-1,-0.01,-1,-1,-0.01,-1,-1,-0.01,-1,-1,-0.01,-1,-1,-0.01,-1,-1,-0.01,-1,-1,-0.01,-1,-1,-0.01,-1,-1
99926009,2026-05-18 14:23:12+05:30,53503.25,0,0.0,0,0.0,0.0,53282.15,53619.2,52783.45,53710.35,0,0.0,0.0,0.0,0.0,-0.01,-1,-1,-0.01,-1,-1,-0.01,-1,-1,-0.01,-1,-1,-0.01,-1,-1,-0.01,-1,-1,-0.01,-1,-1,-0.01,-1,-1,-0.01,-1,-1,-0.01,-1,-1
99926009,2026-05-18 14:23:12+05:30,53501.65,0,0.0,0,0.0,0.0,53282.15,53619.2,52783.45,53710.35,0,0.0,0.0,0.0,0.0,-0.01,-1,-1,-0.01,-1,-1,-0.01,-1,-1,-0.01,-1,-1,-0.01,-1,-1,-0.01,-1,-1,-0.01,-1,-1,-0.01,-1,-1,-0.01,-1,-1,-0.01,-1,-1
99926009,2026-05-18 14:23:13+05:30,53502.25,0,0.0,0,0.0,0.0,53282.15,53619.2,52783.45,53710.35,0,0.0,0.0,0.0,0.0,-0.01,-1,-1,-0.01,-1,-1,-0.01,-1,-1,-0.01,-1,-1,-0.01,-1,-1,-0.01,-1,-1,-0.01,-1,-1,-0.01,-1,-1,-0.01,-1,-1,-0.01,-1,-1
99926009,2026-05-18 14:23:13+05:30,53501.45,0,0.0,0,0.0,0.0,53282.15,53619.2,52783.45,53710.35,0,0.0,0.0,0.0,0.0,-0.01,-1,-1,-0.01,-1,-1,-0.01,-1,-1,-0.01,-1,-1,-0.01,-1,-1,-0.01,-1,-1,-0.01,-1,-1,-0.01,-1,-1,-0.01,-1,-1,-0.01,-1,-1
99926009,2026-05-18 14:23:14+05:30,53501.95,0,0.0,0,0.0,0.0,53282.15,53619.2,52783.45,53710.35,0,0.0,0.0,0.0,0.0,-0.01,-1,-1,-0.01,-1,-1,-0.01,-1,-1,-0.01,-1,-1,-0.01,-1,-1,-0.01,-1,-1,-0.01,-1,-1,-0.01,-1,-1,-0.01,-1,-1,-0.01,-1,-1
99926009,2026-05-18 14:23:14+05:30,53503.8,0,0.0,0,0.0,0.0,53282.15,53619.2,52783.45,53710.35,0,0.0,0.0,0.0,0.0,-0.01,-1,-1,-0.01,-1,-1,-0.01,-1,-1,-0.01,-1,-1,-0.01,-1,-1,-0.01,-1,-1,-0.01,-1,-1,-0.01,-1,-1,-0.01,-1,-1,-0.01,-1,-1
99926009,2026-05-18 14:23:15+05:30,53503.1,0,0.0,0,0.0,0.0,53282.15,53619.2,52783.45,53710.35,0,0.0,0.0,0.0,0.0,-0.01,-1,-1,-0.01,-1,-1,-0.01,-1,-1,-0.01,-1,-1,-0.01,-1,-1,-0.01,-1,-1,-0.01,-1,-1,-0.01,-1,-1,-0.01,-1,-1,-0.01,-1,-1
99926009,2026-05-18 14:23:15+05:30,53505.1,0,0.0,0,0.0,0.0,53282.15,53619.2,52783.45,53710.35,0,0.0,0.0,0.0,0.0,-0.01,-1,-1,-0.01,-1,-1,-0.01,-1,-1,-0.01,-1,-1,-0.01,-1,-1,-0.01,-1,-1,-0.01,-1,-1,-0.01,-1,-1,-0.01,-1,-1,-0.01,-1,-1
99926009,2026-05-18 14:23:16+05:30,53503.8,0,0.0,0,0.0,0.0,53282.15,53619.2,52783.45,53710.35,0,0.0,0.0,0.0,0.0,-0.01,-1,-1,-0.01,-1,-1,-0.01,-1,-1,-0.01,-1,-1,-0.01,-1,-1,-0.01,-1,-1,-0.01,-1,-1,-0.01,-1,-1,-0.01,-1,-1,-0.01,-1,-1
99926009,2026-05-18 14:23:16+05:30,53503.65,0,0.0,0,0.0,0.0,53282.15,53619.2,52783.45,53710.35,0,0.0,0.0,0.0,0.0,-0.01,-1,-1,-0.01,-1,-1,-0.01,-1,-1,-0.01,-1,-1,-0.01,-1,-1,-0.01,-1,-1,-0.01,-1,-1,-0.01,-1,-1,-0.01,-1,-1,-0.01,-1,-1
99926009,2026-05-18 14:23:17+05:30,53502.55,0,0.0,0,0.0,0.0,53282.15,53619.2,52783.45,53710.35,0,0.0,0.0,0.0,0.0,-0.01,-1,-1,-0.01,-1,-1,-0.01,-1,-1,-0.01,-1,-1,-0.01,-1,-1,-0.01,-1,-1,-0.01,-1,-1,-0.01,-1,-1,-0.01,-1,-1,-0.01,-1,-1
99926009,2026-05-18 14:23:17+05:30,53500.4,0,0.0,0,0.0,0.0,53282.15,53619.2,52783.45,53710.35,0,0.0,0.0,0.0,0.0,-0.01,-1,-1,-0.01,-1,-1,-0.01,-1,-1,-0.01,-1,-1,-0.01,-1,-1,-0.01,-1,-1,-0.01,-1,-1,-0.01,-1,-1,-0.01,-1,-1,-0.01,-1,-1
99926009,2026-05-18 14:23:18+05:30,53500.35,0,0.0,0,0.0,0.0,53282.15,53619.2,52783.45,53710.35,0,0.0,0.0,0.0,0.0,-0.01,-1,-1,-0.01,-1,-1,-0.01,-1,-1,-0.01,-1,-1,-0.01,-1,-1,-0.01,-1,-1,-0.01,-1,-1,-0.01,-1,-1,-0.01,-1,-1,-0.01,-1,-1
99926009,2026-05-18 14:23:18+05:30,53499.15,0,0.0,0,0.0,0.0,53282.15,53619.2,52783.45,53710.35,0,0.0,0.0,0.0,0.0,-0.01,-1,-1,-0.01,-1,-1,-0.01,-1,-1,-0.01,-1,-1,-0.01,-1,-1,-0.01,-1,-1,-0.01,-1,-1,-0.01,-1,-1,-0.01,-1,-1,-0.01,-1,-1
99926009,2026-05-18 14:23:19+05:30,53499.9,0,0.0,0,0.0,0.0,53282.15,53619.2,52783.45,53710.35,0,0.0,0.0,0.0,0.0,-0.01,-1,-1,-0.01,-1,-1,-0.01,-1,-1,-0.01,-1,-1,-0.01,-1,-1,-0.01,-1,-1,-0.01,-1,-1,-0.01,-1,-1,-0.01,-1,-1,-0.01,-1,-1
99926009,2026-05-18 14:23:19+05:30,53502.55,0,0.0,0,0.0,0.0,53282.15,53619.2,52783.45,53710.35,0,0.0,0.0,0.0,0.0,-0.01,-1,-1,-0.01,-1,-1,-0.01,-1,-1,-0.01,-1,-1,-0.01,-1,-1,-0.01,-1,-1,-0.01,-1,-1,-0.01,-1,-1,-0.01,-1,-1,-0.01,-1,-1
99926009,2026-05-18 14:23:20+05:30,53501.0,0,0.0,0,0.0,0.0,53282.15,53619.2,52783.45,53710.35,0,0.0,0.0,0.0,0.0,-0.01,-1,-1,-0.01,-1,-1,-0.01,-1,-1,-0.01,-1,-1,-0.01,-1,-1,-0.01,-1,-1,-0.01,-1,-1,-0.01,-1,-1,-0.01,-1,-1,-0.01,-1,-1
99926009,2026-05-18 14:23:20+05:30,53503.35,0,0.0,0,0.0,0.0,53282.15,53619.2,52783.45,53710.35,0,0.0,0.0,0.0,0.0,-0.01,-1,-1,-0.01,-1,-1,-0.01,-1,-1,-0.01,-1,-1,-0.01,-1,-1,-0.01,-1,-1,-0.01,-1,-1,-0.01,-1,-1,-0.01,-1,-1,-0.01,-1,-1
99926009,2026-05-18 14:23:21+05:30,53501.35,0,0.0,0,0.0,0.0,53282.15,53619.2,52783.45,53710.35,0,0.0,0.0,0.0,0.0,-0.01,-1,-1,-0.01,-1,-1,-0.01,-1,-1,-0.01,-1,-1,-0.01,-1,-1,-0.01,-1,-1,-0.01,-1,-1,-0.01,-1,-1,-0.01,-1,-1,-0.01,-1,-1
99926009,2026-05-18 14:23:21+05:30,53502.85,0,0.0,0,0.0,0.0,53282.15,53619.2,52783.45,53710.35,0,0.0,0.0,0.0,0.0,-0.01,-1,-1,-0.01,-1,-1,-0.01,-1,-1,-0.01,-1,-1,-0.01,-1,-1,-0.01,-1,-1,-0.01,-1,-1,-0.01,-1,-1,-0.01,-1,-1,-0.01,-1,-1
99926009,2026-05-18 14:23:22+05:30,53503.05,0,0.0,0,0.0,0.0,53282.15,53619.2,52783.45,53710.35,0,0.0,0.0,0.0,0.0,-0.01,-1,-1,-0.01,-1,-1,-0.01,-1,-1,-0.01,-1,-1,-0.01,-1,-1,-0.01,-1,-1,-0.01,-1,-1,-0.01,-1,-1,-0.01,-1,-1,-0.01,-1,-1
99926009,2026-05-18 14:23:22+05:30,53500.3,0,0.0,0,0.0,0.0,53282.15,53619.2,52783.45,53710.35,0,0.0,0.0,0.0,0.0,-0.01,-1,-1,-0.01,-1,-1,-0.01,-1,-1,-0.01,-1,-1,-0.01,-1,-1,-0.01,-1,-1,-0.01,-1,-1,-0.01,-1,-1,-0.01,-1,-1,-0.01,-1,-1
99926009,2026-05-18 14:23:23+05:30,53499.05,0,0.0,0,0.0,0.0,53282.15,53619.2,52783.45,53710.35,0,0.0,0.0,0.0,0.0,-0.01,-1,-1,-0.01,-1,-1,-0.01,-1,-1,-0.01,-1,-1,-0.01,-1,-1,-0.01,-1,-1,-0.01,-1,-1,-0.01,-1,-1,-0.01,-1,-1,-0.01,-1,-1
99926009,2026-05-18 14:23:23+05:30,53496.1,0,0.0,0,0.0,0.0,53282.15,53619.2,52783.45,53710.35,0,0.0,0.0,0.0,0.0,-0.01,-1,-1,-0.01,-1,-1,-0.01,-1,-1,-0.01,-1,-1,-0.01,-1,-1,-0.01,-1,-1,-0.01,-1,-1,-0.01,-1,-1,-0.01,-1,-1,-0.01,-1,-1
99926009,2026-05-18 14:23:24+05:30,53495.0,0,0.0,0,0.0,0.0,53282.15,53619.2,52783.45,53710.35,0,0.0,0.0,0.0,0.0,-0.01,-1,-1,-0.01,-1,-1,-0.01,-1,-1,-0.01,-1,-1,-0.01,-1,-1,-0.01,-1,-1,-0.01,-1,-1,-0.01,-1,-1,-0.01,-1,-1,-0.01,-1,-1
99926009,2026-05-18 14:23:24+05:30,53496.4,0,0.0,0,0.0,0.0,53282.15,53619.2,52783.45,53710.35,0,0.0,0.0,0.0,0.0,-0.01,-1,-1,-0.01,-1,-1,-0.01,-1,-1,-0.01,-1,-1,-0.01,-1,-1,-0.01,-1,-1,-0.01,-1,-1,-0.01,-1,-1,-0.01,-1,-1,-0.01,-1,-1
99926009,2026-05-18 14:23:25+05:30,53497.2,0,0.0,0,0.0,0.0,53282.15,53619.2,52783.45,53710.35,0,0.0,0.0,0.0,0.0,-0.01,-1,-1,-0.01,-1,-1,-0.01,-1,-1,-0.01,-1,-1,-0.01,-1,-1,-0.01,-1,-1,-0.01,-1,-1,-0.01,-1,-1,-0.01,-1,-1,-0.01,-1,-1
99926009,2026-05-18 14:23:25+05:30,53494.15,0,0.0,0,0.0,0.0,53282.15,53619.2,52783.45,53710.35,0,0.0,0.0,0.0,0.0,-0.01,-1,-1,-0.01,-1,-1,-0.01,-1,-1,-0.01,-1,-1,-0.01,-1,-1,-0.01,-1,-1,-0.01,-1,-1,-0.01,-1,-1,-0.01,-1,-1,-0.01,-1,-1
99926009,2026-05-18 14:23:26+05:30,53492.85,0,0.0,0,0.0,0.0,53282.15,53619.2,52783.45,53710.35,0,0.0,0.0,0.0,0.0,-0.01,-1,-1,-0.01,-1,-1,-0.01,-1,-1,-0.01,-1,-1,-0.01,-1,-1,-0.01,-1,-1,-0.01,-1,-1,-0.01,-1,-1,-0.01,-1,-1,-0.01,-1,-1
99926009,2026-05-18 14:23:26+05:30,53490.7,0,0.0,0,0.0,0.0,53282.15,53619.2,52783.45,53710.35,0,0.0,0.0,0.0,0.0,-0.01,-1,-1,-0.01,-1,-1,-0.01,-1,-1,-0.01,-1,-1,-0.01,-1,-1,-0.01,-1,-1,-0.01,-1,-1,-0.01,-1,-1,-0.01,-1,-1,-0.01,-1,-1
99926009,2026-05-18 14:23:27+05:30,53492.35,0,0.0,0,0.0,0.0,53282.15,53619.2,52783.45,53710.35,0,0.0,0.0,0.0,0.0,-0.01,-1,-1,-0.01,-1,-1,-0.01,-1,-1,-0.01,-1,-1,-0.01,-1,-1,-0.01,-1,-1,-0.01,-1,-1,-0.01,-1,-1,-0.01,-1,-1,-0.01,-1,-1
99926009,2026-05-18 14:23:27+05:30,53489.8,0,0.0,0,0.0,0.0,53282.15,53619.2,52783.45,53710.35,0,0.0,0.0,0.0,0.0,-0.01,-1,-1,-0.01,-1,-1,-0.01,-1,-1,-0.01,-1,-1,-0.01,-1,-1,-0.01,-1,-1,-0.01,-1,-1,-0.01,-1,-1,-0.01,-1,-1,-0.01,-1,-1
99926009,2026-05-18 14:23:28+05:30,53489.6,0,0.0,0,0.0,0.0,53282.15,53619.2,52783.45,53710.35,0,0.0,0.0,0.0,0.0,-0.01,-1,-1,-0.01,-1,-1,-0.01,-1,-1,-0.01,-1,-1,-0.01,-1,-1,-0.01,-1,-1,-0.01,-1,-1,-0.01,-1,-1,-0.01,-1,-1,-0.01,-1,-1
99926009,2026-05-18 14:23:28+05:30,53488.35,0,0.0,0,0.0,0.0,53282.15,53619.2,52783.45,53710.35,0,0.0,0.0,0.0,0.0,-0.01,-1,-1,-0.01,-1,-1,-0.01,-1,-1,-0.01,-1,-1,-0.01,-1,-1,-0.01,-1,-1,-0.01,-1,-1,-0.01,-1,-1,-0.01,-1,-1,-0.01,-1,-1
99926009,2026-05-18 14:23:29+05:30,53490.05,0,0.0,0,0.0,0.0,53282.15,53619.2,52783.45,53710.35,0,0.0,0.0,0.0,0.0,-0.01,-1,-1,-0.01,-1,-1,-0.01,-1,-1,-0.01,-1,-1,-0.01,-1,-1,-0.01,-1,-1,-0.01,-1,-1,-0.01,-1,-1,-0.01,-1,-1,-0.01,-1,-1
99926009,2026-05-18 14:23:29+05:30,53489.3,0,0.0,0,0.0,0.0,53282.15,53619.2,52783.45,53710.35,0,0.0,0.0,0.0,0.0,-0.01,-1,-1,-0.01,-1,-1,-0.01,-1,-1,-0.01,-1,-1,-0.01,-1,-1,-0.01,-1,-1,-0.01,-1,-1,-0.01,-1,-1,-0.01,-1,-1,-0.01,-1,-1
99926009,2026-05-18 14:23:30+05:30,53488.35,0,0.0,0,0.0,0.0,53282.15,53619.2,52783.45,53710.35,0,0.0,0.0,0.0,0.0,-0.01,-1,-1,-0.01,-1,-1,-0.01,-1,-1,-0.01,-1,-1,-0.01,-1,-1,-0.01,-1,-1,-0.01,-1,-1,-0.01,-1,-1,-0.01,-1,-1,-0.01,-1,-1
99926009,2026-05-18 14:23:30+05:30,53493.0,0,0.0,0,0.0,0.0,53282.15,53619.2,52783.45,53710.35,0,0.0,0.0,0.0,0.0,-0.01,-1,-1,-0.01,-1,-1,-0.01,-1,-1,-0.01,-1,-1,-0.01,-1,-1,-0.01,-1,-1,-0.01,-1,-1,-0.01,-1,-1,-0.01,-1,-1,-0.01,-1,-1
99926009,2026-05-18 14:23:31+05:30,53489.05,0,0.0,0,0.0,0.0,53282.15,53619.2,52783.45,53710.35,0,0.0,0.0,0.0,0.0,-0.01,-1,-1,-0.01,-1,-1,-0.01,-1,-1,-0.01,-1,-1,-0.01,-1,-1,-0.01,-1,-1,-0.01,-1,-1,-0.01,-1,-1,-0.01,-1,-1,-0.01,-1,-1
99926009,2026-05-18 14:23:31+05:30,53491.85,0,0.0,0,0.0,0.0,53282.15,53619.2,52783.45,53710.35,0,0.0,0.0,0.0,0.0,-0.01,-1,-1,-0.01,-1,-1,-0.01,-1,-1,-0.01,-1,-1,-0.01,-1,-1,-0.01,-1,-1,-0.01,-1,-1,-0.01,-1,-1,-0.01,-1,-1,-0.01,-1,-1
99926009,2026-05-18 14:23:32+05:30,53490.05,0,0.0,0,0.0,0.0,53282.15,53619.2,52783.45,53710.35,0,0.0,0.0,0.0,0.0,-0.01,-1,-1,-0.01,-1,-1,-0.01,-1,-1,-0.01,-1,-1,-0.01,-1,-1,-0.01,-1,-1,-0.01,-1,-1,-0.01,-1,-1,-0.01,-1,-1,-0.01,-1,-1
99926009,2026-05-18 14:23:32+05:30,53488.7,0,0.0,0,0.0,0.0,53282.15,53619.2,52783.45,53710.35,0,0.0,0.0,0.0,0.0,-0.01,-1,-1,-0.01,-1,-1,-0.01,-1,-1,-0.01,-1,-1,-0.01,-1,-1,-0.01,-1,-1,-0.01,-1,-1,-0.01,-1,-1,-0.01,-1,-1,-0.01,-1,-1
99926009,2026-05-18 14:23:33+05:30,53486.85,0,0.0,0,0.0,0.0,53282.15,53619.2,52783.45,53710.35,0,0.0,0.0,0.0,0.0,-0.01,-1,-1,-0.01,-1,-1,-0.01,-1,-1,-0.01,-1,-1,-0.01,-1,-1,-0.01,-1,-1,-0.01,-1,-1,-0.01,-1,-1,-0.01,-1,-1,-0.01,-1,-1
99926009,2026-05-18 14:23:33+05:30,53490.15,0,0.0,0,0.0,0.0,53282.15,53619.2,52783.45,53710.35,0,0.0,0.0,0.0,0.0,-0.01,-1,-1,-0.01,-1,-1,-0.01,-1,-1,-0.01,-1,-1,-0.01,-1,-1,-0.01,-1,-1,-0.01,-1,-1,-0.01,-1,-1,-0.01,-1,-1,-0.01,-1,-1
99926009,2026-05-18 14:23:34+05:30,53491.5,0,0.0,0,0.0,0.0,53282.15,53619.2,52783.45,53710.35,0,0.0,0.0,0.0,0.0,-0.01,-1,-1,-0.01,-1,-1,-0.01,-1,-1,-0.01,-1,-1,-0.01,-1,-1,-0.01,-1,-1,-0.01,-1,-1,-0.01,-1,-1,-0.01,-1,-1,-0.01,-1,-1
99926009,2026-05-18 14:23:34+05:30,53489.1,0,0.0,0,0.0,0.0,53282.15,53619.2,52783.45,53710.35,0,0.0,0.0,0.0,0.0,-0.01,-1,-1,-0.01,-1,-1,-0.01,-1,-1,-0.01,-1,-1,-0.01,-1,-1,-0.01,-1,-1,-0.01,-1,-1,-0.01,-1,-1,-0.01,-1,-1,-0.01,-1,-1
99926009,2026-05-18 14:23:35+05:30,53488.35,0,0.0,0,0.0,0.0,53282.15,53619.2,52783.45,53710.35,0,0.0,0.0,0.0,0.0,-0.01,-1,-1,-0.01,-1,-1,-0.01,-1,-1,-0.01,-1,-1,-0.01,-1,-1,-0.01,-1,-1,-0.01,-1,-1,-0.01,-1,-1,-0.01,-1,-1,-0.01,-1,-1
99926009,2026-05-18 14:23:35+05:30,53490.7,0,0.0,0,0.0,0.0,53282.15,53619.2,52783.45,53710.35,0,0.0,0.0,0.0,0.0,-0.01,-1,-1,-0.01,-1,-1,-0.01,-1,-1,-0.01,-1,-1,-0.01,-1,-1,-0.01,-1,-1,-0.01,-1,-1,-0.01,-1,-1,-0.01,-1,-1,-0.01,-1,-1
99926009,2026-05-18 14:23:36+05:30,53488.9,0,0.0,0,0.0,0.0,53282.15,53619.2,52783.45,53710.35,0,0.0,0.0,0.0,0.0,-0.01,-1,-1,-0.01,-1,-1,-0.01,-1,-1,-0.01,-1,-1,-0.01,-1,-1,-0.01,-1,-1,-0.01,-1,-1,-0.01,-1,-1,-0.01,-1,-1,-0.01,-1,-1
99926009,2026-05-18 14:23:36+05:30,53491.7,0,0.0,0,0.0,0.0,53282.15,53619.2,52783.45,53710.35,0,0.0,0.0,0.0,0.0,-0.01,-1,-1,-0.01,-1,-1,-0.01,-1,-1,-0.01,-1,-1,-0.01,-1,-1,-0.01,-1,-1,-0.01,-1,-1,-0.01,-1,-1,-0.01,-1,-1,-0.01,-1,-1
99926009,2026-05-18 14:23:37+05:30,53489.05,0,0.0,0,0.0,0.0,53282.15,53619.2,52783.45,53710.35,0,0.0,0.0,0.0,0.0,-0.01,-1,-1,-0.01,-1,-1,-0.01,-1,-1,-0.01,-1,-1,-0.01,-1,-1,-0.01,-1,-1,-0.01,-1,-1,-0.01,-1,-1,-0.01,-1,-1,-0.01,-1,-1
99926009,2026-05-18 14:23:37+05:30,53488.95,0,0.0,0,0.0,0.0,53282.15,53619.2,52783.45,53710.35,0,0.0,0.0,0.0,0.0,-0.01,-1,-1,-0.01,-1,-1,-0.01,-1,-1,-0.01,-1,-1,-0.01,-1,-1,-0.01,-1,-1,-0.01,-1,-1,-0.01,-1,-1,-0.01,-1,-1,-0.01,-1,-1
99926009,2026-05-18 14:23:38+05:30,53485.45,0,0.0,0,0.0,0.0,53282.15,53619.2,52783.45,53710.35,0,0.0,0.0,0.0,0.0,-0.01,-1,-1,-0.01,-1,-1,-0.01,-1,-1,-0.01,-1,-1,-0.01,-1,-1,-0.01,-1,-1,-0.01,-1,-1,-0.01,-1,-1,-0.01,-1,-1,-0.01,-1,-1
99926009,2026-05-18 14:23:38+05:30,53484.9,0,0.0,0,0.0,0.0,53282.15,53619.2,52783.45,53710.35,0,0.0,0.0,0.0,0.0,-0.01,-1,-1,-0.01,-1,-1,-0.01,-1,-1,-0.01,-1,-1,-0.01,-1,-1,-0.01,-1,-1,-0.01,-1,-1,-0.01,-1,-1,-0.01,-1,-1,-0.01,-1,-1
99926009,2026-05-18 14:23:39+05:30,53481.95,0,0.0,0,0.0,0.0,53282.15,53619.2,52783.45,53710.35,0,0.0,0.0,0.0,0.0,-0.01,-1,-1,-0.01,-1,-1,-0.01,-1,-1,-0.01,-1,-1,-0.01,-1,-1,-0.01,-1,-1,-0.01,-1,-1,-0.01,-1,-1,-0.01,-1,-1,-0.01,-1,-1
99926009,2026-05-18 14:23:39+05:30,53486.55,0,0.0,0,0.0,0.0,53282.15,53619.2,52783.45,53710.35,0,0.0,0.0,0.0,0.0,-0.01,-1,-1,-0.01,-1,-1,-0.01,-1,-1,-0.01,-1,-1,-0.01,-1,-1,-0.01,-1,-1,-0.01,-1,-1,-0.01,-1,-1,-0.01,-1,-1,-0.01,-1,-1
99926009,2026-05-18 14:23:40+05:30,53484.65,0,0.0,0,0.0,0.0,53282.15,53619.2,52783.45,53710.35,0,0.0,0.0,0.0,0.0,-0.01,-1,-1,-0.01,-1,-1,-0.01,-1,-1,-0.01,-1,-1,-0.01,-1,-1,-0.01,-1,-1,-0.01,-1,-1,-0.01,-1,-1,-0.01,-1,-1,-0.01,-1,-1
99926009,2026-05-18 14:23:40+05:30,53487.6,0,0.0,0,0.0,0.0,53282.15,53619.2,52783.45,53710.35,0,0.0,0.0,0.0,0.0,-0.01,-1,-1,-0.01,-1,-1,-0.01,-1,-1,-0.01,-1,-1,-0.01,-1,-1,-0.01,-1,-1,-0.01,-1,-1,-0.01,-1,-1,-0.01,-1,-1,-0.01,-1,-1
99926009,2026-05-18 14:23:41+05:30,53484.7,0,0.0,0,0.0,0.0,53282.15,53619.2,52783.45,53710.35,0,0.0,0.0,0.0,0.0,-0.01,-1,-1,-0.01,-1,-1,-0.01,-1,-1,-0.01,-1,-1,-0.01,-1,-1,-0.01,-1,-1,-0.01,-1,-1,-0.01,-1,-1,-0.01,-1,-1,-0.01,-1,-1
99926009,2026-05-18 14:23:41+05:30,53484.15,0,0.0,0,0.0,0.0,53282.15,53619.2,52783.45,53710.35,0,0.0,0.0,0.0,0.0,-0.01,-1,-1,-0.01,-1,-1,-0.01,-1,-1,-0.01,-1,-1,-0.01,-1,-1,-0.01,-1,-1,-0.01,-1,-1,-0.01,-1,-1,-0.01,-1,-1,-0.01,-1,-1
99926009,2026-05-18 14:23:42+05:30,53483.6,0,0.0,0,0.0,0.0,53282.15,53619.2,52783.45,53710.35,0,0.0,0.0,0.0,0.0,-0.01,-1,-1,-0.01,-1,-1,-0.01,-1,-1,-0.01,-1,-1,-0.01,-1,-1,-0.01,-1,-1,-0.01,-1,-1,-0.01,-1,-1,-0.01,-1,-1,-0.01,-1,-1
99926009,2026-05-18 14:23:42+05:30,53488.3,0,0.0,0,0.0,0.0,53282.15,53619.2,52783.45,53710.35,0,0.0,0.0,0.0,0.0,-0.01,-1,-1,-0.01,-1,-1,-0.01,-1,-1,-0.01,-1,-1,-0.01,-1,-1,-0.01,-1,-1,-0.01,-1,-1,-0.01,-1,-1,-0.01,-1,-1,-0.01,-1,-1
99926009,2026-05-18 14:23:43+05:30,53487.05,0,0.0,0,0.0,0.0,53282.15,53619.2,52783.45,53710.35,0,0.0,0.0,0.0,0.0,-0.01,-1,-1,-0.01,-1,-1,-0.01,-1,-1,-0.01,-1,-1,-0.01,-1,-1,-0.01,-1,-1,-0.01,-1,-1,-0.01,-1,-1,-0.01,-1,-1,-0.01,-1,-1
99926009,2026-05-18 14:23:43+05:30,53489.8,0,0.0,0,0.0,0.0,53282.15,53619.2,52783.45,53710.35,0,0.0,0.0,0.0,0.0,-0.01,-1,-1,-0.01,-1,-1,-0.01,-1,-1,-0.01,-1,-1,-0.01,-1,-1,-0.01,-1,-1,-0.01,-1,-1,-0.01,-1,-1,-0.01,-1,-1,-0.01,-1,-1
99926009,2026-05-18 14:23:44+05:30,53488.0,0,0.0,0,0.0,0.0,53282.15,53619.2,52783.45,53710.35,0,0.0,0.0,0.0,0.0,-0.01,-1,-1,-0.01,-1,-1,-0.01,-1,-1,-0.01,-1,-1,-0.01,-1,-1,-0.01,-1,-1,-0.01,-1,-1,-0.01,-1,-1,-0.01,-1,-1,-0.01,-1,-1
99926009,2026-05-18 14:23:44+05:30,53489.55,0,0.0,0,0.0,0.0,53282.15,53619.2,52783.45,53710.35,0,0.0,0.0,0.0,0.0,-0.01,-1,-1,-0.01,-1,-1,-0.01,-1,-1,-0.01,-1,-1,-0.01,-1,-1,-0.01,-1,-1,-0.01,-1,-1,-0.01,-1,-1,-0.01,-1,-1,-0.01,-1,-1
99926009,2026-05-18 14:23:45+05:30,53489.65,0,0.0,0,0.0,0.0,53282.15,53619.2,52783.45,53710.35,0,0.0,0.0,0.0,0.0,-0.01,-1,-1,-0.01,-1,-1,-0.01,-1,-1,-0.01,-1,-1,-0.01,-1,-1,-0.01,-1,-1,-0.01,-1,-1,-0.01,-1,-1,-0.01,-1,-1,-0.01,-1,-1
99926009,2026-05-18 14:23:45+05:30,53490.05,0,0.0,0,0.0,0.0,53282.15,53619.2,52783.45,53710.35,0,0.0,0.0,0.0,0.0,-0.01,-1,-1,-0.01,-1,-1,-0.01,-1,-1,-0.01,-1,-1,-0.01,-1,-1,-0.01,-1,-1,-0.01,-1,-1,-0.01,-1,-1,-0.01,-1,-1,-0.01,-1,-1
99926009,2026-05-18 14:23:46+05:30,53491.0,0,0.0,0,0.0,0.0,53282.15,53619.2,52783.45,53710.35,0,0.0,0.0,0.0,0.0,-0.01,-1,-1,-0.01,-1,-1,-0.01,-1,-1,-0.01,-1,-1,-0.01,-1,-1,-0.01,-1,-1,-0.01,-1,-1,-0.01,-1,-1,-0.01,-1,-1,-0.01,-1,-1
99926009,2026-05-18 14:23:46+05:30,53492.6,0,0.0,0,0.0,0.0,53282.15,53619.2,52783.45,53710.35,0,0.0,0.0,0.0,0.0,-0.01,-1,-1,-0.01,-1,-1,-0.01,-1,-1,-0.01,-1,-1,-0.01,-1,-1,-0.01,-1,-1,-0.01,-1,-1,-0.01,-1,-1,-0.01,-1,-1,-0.01,-1,-1
99926009,2026-05-18 14:23:47+05:30,53493.9,0,0.0,0,0.0,0.0,53282.15,53619.2,52783.45,53710.35,0,0.0,0.0,0.0,0.0,-0.01,-1,-1,-0.01,-1,-1,-0.01,-1,-1,-0.01,-1,-1,-0.01,-1,-1,-0.01,-1,-1,-0.01,-1,-1,-0.01,-1,-1,-0.01,-1,-1,-0.01,-1,-1
99926009,2026-05-18 14:23:47+05:30,53493.25,0,0.0,0,0.0,0.0,53282.15,53619.2,52783.45,53710.35,0,0.0,0.0,0.0,0.0,-0.01,-1,-1,-0.01,-1,-1,-0.01,-1,-1,-0.01,-1,-1,-0.01,-1,-1,-0.01,-1,-1,-0.01,-1,-1,-0.01,-1,-1,-0.01,-1,-1,-0.01,-1,-1
99926009,2026-05-18 14:23:48+05:30,53491.55,0,0.0,0,0.0,0.0,53282.15,53619.2,52783.45,53710.35,0,0.0,0.0,0.0,0.0,-0.01,-1,-1,-0.01,-1,-1,-0.01,-1,-1,-0.01,-1,-1,-0.01,-1,-1,-0.01,-1,-1,-0.01,-1,-1,-0.01,-1,-1,-0.01,-1,-1,-0.01,-1,-1
99926009,2026-05-18 14:23:48+05:30,53491.65,0,0.0,0,0.0,0.0,53282.15,53619.2,52783.45,53710.35,0,0.0,0.0,0.0,0.0,-0.01,-1,-1,-0.01,-1,-1,-0.01,-1,-1,-0.01,-1,-1,-0.01,-1,-1,-0.01,-1,-1,-0.01,-1,-1,-0.01,-1,-1,-0.01,-1,-1,-0.01,-1,-1
99926009,2026-05-18 14:23:49+05:30,53492.8,0,0.0,0,0.0,0.0,53282.15,53619.2,52783.45,53710.35,0,0.0,0.0,0.0,0.0,-0.01,-1,-1,-0.01,-1,-1,-0.01,-1,-1,-0.01,-1,-1,-0.01,-1,-1,-0.01,-1,-1,-0.01,-1,-1,-0.01,-1,-1,-0.01,-1,-1,-0.01,-1,-1
99926009,2026-05-18 14:23:49+05:30,53490.0,0,0.0,0,0.0,0.0,53282.15,53619.2,52783.45,53710.35,0,0.0,0.0,0.0,0.0,-0.01,-1,-1,-0.01,-1,-1,-0.01,-1,-1,-0.01,-1,-1,-0.01,-1,-1,-0.01,-1,-1,-0.01,-1,-1,-0.01,-1,-1,-0.01,-1,-1,-0.01,-1,-1
99926009,2026-05-18 14:23:50+05:30,53489.0,0,0.0,0,0.0,0.0,53282.15,53619.2,52783.45,53710.35,0,0.0,0.0,0.0,0.0,-0.01,-1,-1,-0.01,-1,-1,-0.01,-1,-1,-0.01,-1,-1,-0.01,-1,-1,-0.01,-1,-1,-0.01,-1,-1,-0.01,-1,-1,-0.01,-1,-1,-0.01,-1,-1
99926009,2026-05-18 14:23:50+05:30,53491.55,0,0.0,0,0.0,0.0,53282.15,53619.2,52783.45,53710.35,0,0.0,0.0,0.0,0.0,-0.01,-1,-1,-0.01,-1,-1,-0.01,-1,-1,-0.01,-1,-1,-0.01,-1,-1,-0.01,-1,-1,-0.01,-1,-1,-0.01,-1,-1,-0.01,-1,-1,-0.01,-1,-1
99926009,2026-05-18 14:23:51+05:30,53492.3,0,0.0,0,0.0,0.0,53282.15,53619.2,52783.45,53710.35,0,0.0,0.0,0.0,0.0,-0.01,-1,-1,-0.01,-1,-1,-0.01,-1,-1,-0.01,-1,-1,-0.01,-1,-1,-0.01,-1,-1,-0.01,-1,-1,-0.01,-1,-1,-0.01,-1,-1,-0.01,-1,-1
99926009,2026-05-18 14:23:51+05:30,53492.8,0,0.0,0,0.0,0.0,53282.15,53619.2,52783.45,53710.35,0,0.0,0.0,0.0,0.0,-0.01,-1,-1,-0.01,-1,-1,-0.01,-1,-1,-0.01,-1,-1,-0.01,-1,-1,-0.01,-1,-1,-0.01,-1,-1,-0.01,-1,-1,-0.01,-1,-1,-0.01,-1,-1
99926009,2026-05-18 14:23:52+05:30,53494.25,0,0.0,0,0.0,0.0,53282.15,53619.2,52783.45,53710.35,0,0.0,0.0,0.0,0.0,-0.01,-1,-1,-0.01,-1,-1,-0.01,-1,-1,-0.01,-1,-1,-0.01,-1,-1,-0.01,-1,-1,-0.01,-1,-1,-0.01,-1,-1,-0.01,-1,-1,-0.01,-1,-1
99926009,2026-05-18 14:23:52+05:30,53492.1,0,0.0,0,0.0,0.0,53282.15,53619.2,52783.45,53710.35,0,0.0,0.0,0.0,0.0,-0.01,-1,-1,-0.01,-1,-1,-0.01,-1,-1,-0.01,-1,-1,-0.01,-1,-1,-0.01,-1,-1,-0.01,-1,-1,-0.01,-1,-1,-0.01,-1,-1,-0.01,-1,-1
99926009,2026-05-18 14:23:53+05:30,53492.75,0,0.0,0,0.0,0.0,53282.15,53619.2,52783.45,53710.35,0,0.0,0.0,0.0,0.0,-0.01,-1,-1,-0.01,-1,-1,-0.01,-1,-1,-0.01,-1,-1,-0.01,-1,-1,-0.01,-1,-1,-0.01,-1,-1,-0.01,-1,-1,-0.01,-1,-1,-0.01,-1,-1
99926009,2026-05-18 14:23:53+05:30,53491.7,0,0.0,0,0.0,0.0,53282.15,53619.2,52783.45,53710.35,0,0.0,0.0,0.0,0.0,-0.01,-1,-1,-0.01,-1,-1,-0.01,-1,-1,-0.01,-1,-1,-0.01,-1,-1,-0.01,-1,-1,-0.01,-1,-1,-0.01,-1,-1,-0.01,-1,-1,-0.01,-1,-1
99926009,2026-05-18 14:23:54+05:30,53492.85,0,0.0,0,0.0,0.0,53282.15,53619.2,52783.45,53710.35,0,0.0,0.0,0.0,0.0,-0.01,-1,-1,-0.01,-1,-1,-0.01,-1,-1,-0.01,-1,-1,-0.01,-1,-1,-0.01,-1,-1,-0.01,-1,-1,-0.01,-1,-1,-0.01,-1,-1,-0.01,-1,-1
99926009,2026-05-18 14:23:54+05:30,53492.7,0,0.0,0,0.0,0.0,53282.15,53619.2,52783.45,53710.35,0,0.0,0.0,0.0,0.0,-0.01,-1,-1,-0.01,-1,-1,-0.01,-1,-1,-0.01,-1,-1,-0.01,-1,-1,-0.01,-1,-1,-0.01,-1,-1,-0.01,-1,-1,-0.01,-1,-1,-0.01,-1,-1
99926009,2026-05-18 14:23:55+05:30,53492.7,0,0.0,0,0.0,0.0,53282.15,53619.2,52783.45,53710.35,0,0.0,0.0,0.0,0.0,-0.01,-1,-1,-0.01,-1,-1,-0.01,-1,-1,-0.01,-1,-1,-0.01,-1,-1,-0.01,-1,-1,-0.01,-1,-1,-0.01,-1,-1,-0.01,-1,-1,-0.01,-1,-1
99926009,2026-05-18 14:23:55+05:30,53491.1,0,0.0,0,0.0,0.0,53282.15,53619.2,52783.45,53710.35,0,0.0,0.0,0.0,0.0,-0.01,-1,-1,-0.01,-1,-1,-0.01,-1,-1,-0.01,-1,-1,-0.01,-1,-1,-0.01,-1,-1,-0.01,-1,-1,-0.01,-1,-1,-0.01,-1,-1,-0.01,-1,-1
99926009,2026-05-18 14:23:56+05:30,53491.1,0,0.0,0,0.0,0.0,53282.15,53619.2,52783.45,53710.35,0,0.0,0.0,0.0,0.0,-0.01,-1,-1,-0.01,-1,-1,-0.01,-1,-1,-0.01,-1,-1,-0.01,-1,-1,-0.01,-1,-1,-0.01,-1,-1,-0.01,-1,-1,-0.01,-1,-1,-0.01,-1,-1
99926009,2026-05-18 14:23:56+05:30,53491.05,0,0.0,0,0.0,0.0,53282.15,53619.2,52783.45,53710.35,0,0.0,0.0,0.0,0.0,-0.01,-1,-1,-0.01,-1,-1,-0.01,-1,-1,-0.01,-1,-1,-0.01,-1,-1,-0.01,-1,-1,-0.01,-1,-1,-0.01,-1,-1,-0.01,-1,-1,-0.01,-1,-1
99926009,2026-05-18 14:23:57+05:30,53490.9,0,0.0,0,0.0,0.0,53282.15,53619.2,52783.45,53710.35,0,0.0,0.0,0.0,0.0,-0.01,-1,-1,-0.01,-1,-1,-0.01,-1,-1,-0.01,-1,-1,-0.01,-1,-1,-0.01,-1,-1,-0.01,-1,-1,-0.01,-1,-1,-0.01,-1,-1,-0.01,-1,-1
99926009,2026-05-18 14:23:57+05:30,53489.6,0,0.0,0,0.0,0.0,53282.15,53619.2,52783.45,53710.35,0,0.0,0.0,0.0,0.0,-0.01,-1,-1,-0.01,-1,-1,-0.01,-1,-1,-0.01,-1,-1,-0.01,-1,-1,-0.01,-1,-1,-0.01,-1,-1,-0.01,-1,-1,-0.01,-1,-1,-0.01,-1,-1
99926009,2026-05-18 14:23:58+05:30,53491.55,0,0.0,0,0.0,0.0,53282.15,53619.2,52783.45,53710.35,0,0.0,0.0,0.0,0.0,-0.01,-1,-1,-0.01,-1,-1,-0.01,-1,-1,-0.01,-1,-1,-0.01,-1,-1,-0.01,-1,-1,-0.01,-1,-1,-0.01,-1,-1,-0.01,-1,-1,-0.01,-1,-1
99926009,2026-05-18 14:23:58+05:30,53493.15,0,0.0,0,0.0,0.0,53282.15,53619.2,52783.45,53710.35,0,0.0,0.0,0.0,0.0,-0.01,-1,-1,-0.01,-1,-1,-0.01,-1,-1,-0.01,-1,-1,-0.01,-1,-1,-0.01,-1,-1,-0.01,-1,-1,-0.01,-1,-1,-0.01,-1,-1,-0.01,-1,-1
99926009,2026-05-18 14:23:59+05:30,53488.25,0,0.0,0,0.0,0.0,53282.15,53619.2,52783.45,53710.35,0,0.0,0.0,0.0,0.0,-0.01,-1,-1,-0.01,-1,-1,-0.01,-1,-1,-0.01,-1,-1,-0.01,-1,-1,-0.01,-1,-1,-0.01,-1,-1,-0.01,-1,-1,-0.01,-1,-1,-0.01,-1,-1
99926009,2026-05-18 14:23:59+05:30,53493.25,0,0.0,0,0.0,0.0,53282.15,53619.2,52783.45,53710.35,0,0.0,0.0,0.0,0.0,-0.01,-1,-1,-0.01,-1,-1,-0.01,-1,-1,-0.01,-1,-1,-0.01,-1,-1,-0.01,-1,-1,-0.01,-1,-1,-0.01,-1,-1,-0.01,-1,-1,-0.01,-1,-1
99926009,2026-05-18 14:24:00+05:30,53492.15,0,0.0,0,0.0,0.0,53282.15,53619.2,52783.45,53710.35,0,0.0,0.0,0.0,0.0,-0.01,-1,-1,-0.01,-1,-1,-0.01,-1,-1,-0.01,-1,-1,-0.01,-1,-1,-0.01,-1,-1,-0.01,-1,-1,-0.01,-1,-1,-0.01,-1,-1,-0.01,-1,-1
99926009,2026-05-18 14:24:00+05:30,53491.25,0,0.0,0,0.0,0.0,53282.15,53619.2,52783.45,53710.35,0,0.0,0.0,0.0,0.0,-0.01,-1,-1,-0.01,-1,-1,-0.01,-1,-1,-0.01,-1,-1,-0.01,-1,-1,-0.01,-1,-1,-0.01,-1,-1,-0.01,-1,-1,-0.01,-1,-1,-0.01,-1,-1
99926009,2026-05-18 14:24:01+05:30,53491.5,0,0.0,0,0.0,0.0,53282.15,53619.2,52783.45,53710.35,0,0.0,0.0,0.0,0.0,-0.01,-1,-1,-0.01,-1,-1,-0.01,-1,-1,-0.01,-1,-1,-0.01,-1,-1,-0.01,-1,-1,-0.01,-1,-1,-0.01,-1,-1,-0.01,-1,-1,-0.01,-1,-1
99926009,2026-05-18 14:24:01+05:30,53493.4,0,0.0,0,0.0,0.0,53282.15,53619.2,52783.45,53710.35,0,0.0,0.0,0.0,0.0,-0.01,-1,-1,-0.01,-1,-1,-0.01,-1,-1,-0.01,-1,-1,-0.01,-1,-1,-0.01,-1,-1,-0.01,-1,-1,-0.01,-1,-1,-0.01,-1,-1,-0.01,-1,-1
99926009,2026-05-18 14:24:02+05:30,53489.95,0,0.0,0,0.0,0.0,53282.15,53619.2,52783.45,53710.35,0,0.0,0.0,0.0,0.0,-0.01,-1,-1,-0.01,-1,-1,-0.01,-1,-1,-0.01,-1,-1,-0.01,-1,-1,-0.01,-1,-1,-0.01,-1,-1,-0.01,-1,-1,-0.01,-1,-1,-0.01,-1,-1
99926009,2026-05-18 14:24:02+05:30,53494.65,0,0.0,0,0.0,0.0,53282.15,53619.2,52783.45,53710.35,0,0.0,0.0,0.0,0.0,-0.01,-1,-1,-0.01,-1,-1,-0.01,-1,-1,-0.01,-1,-1,-0.01,-1,-1,-0.01,-1,-1,-0.01,-1,-1,-0.01,-1,-1,-0.01,-1,-1,-0.01,-1,-1
99926009,2026-05-18 14:24:03+05:30,53493.75,0,0.0,0,0.0,0.0,53282.15,53619.2,52783.45,53710.35,0,0.0,0.0,0.0,0.0,-0.01,-1,-1,-0.01,-1,-1,-0.01,-1,-1,-0.01,-1,-1,-0.01,-1,-1,-0.01,-1,-1,-0.01,-1,-1,-0.01,-1,-1,-0.01,-1,-1,-0.01,-1,-1
99926009,2026-05-18 14:24:03+05:30,53491.25,0,0.0,0,0.0,0.0,53282.15,53619.2,52783.45,53710.35,0,0.0,0.0,0.0,0.0,-0.01,-1,-1,-0.01,-1,-1,-0.01,-1,-1,-0.01,-1,-1,-0.01,-1,-1,-0.01,-1,-1,-0.01,-1,-1,-0.01,-1,-1,-0.01,-1,-1,-0.01,-1,-1
99926009,2026-05-18 14:24:04+05:30,53490.35,0,0.0,0,0.0,0.0,53282.15,53619.2,52783.45,53710.35,0,0.0,0.0,0.0,0.0,-0.01,-1,-1,-0.01,-1,-1,-0.01,-1,-1,-0.01,-1,-1,-0.01,-1,-1,-0.01,-1,-1,-0.01,-1,-1,-0.01,-1,-1,-0.01,-1,-1,-0.01,-1,-1
99926009,2026-05-18 14:24:04+05:30,53491.5,0,0.0,0,0.0,0.0,53282.15,53619.2,52783.45,53710.35,0,0.0,0.0,0.0,0.0,-0.01,-1,-1,-0.01,-1,-1,-0.01,-1,-1,-0.01,-1,-1,-0.01,-1,-1,-0.01,-1,-1,-0.01,-1,-1,-0.01,-1,-1,-0.01,-1,-1,-0.01,-1,-1
99926009,2026-05-18 14:24:05+05:30,53490.15,0,0.0,0,0.0,0.0,53282.15,53619.2,52783.45,53710.35,0,0.0,0.0,0.0,0.0,-0.01,-1,-1,-0.01,-1,-1,-0.01,-1,-1,-0.01,-1,-1,-0.01,-1,-1,-0.01,-1,-1,-0.01,-1,-1,-0.01,-1,-1,-0.01,-1,-1,-0.01,-1,-1
99926009,2026-05-18 14:24:05+05:30,53491.95,0,0.0,0,0.0,0.0,53282.15,53619.2,52783.45,53710.35,0,0.0,0.0,0.0,0.0,-0.01,-1,-1,-0.01,-1,-1,-0.01,-1,-1,-0.01,-1,-1,-0.01,-1,-1,-0.01,-1,-1,-0.01,-1,-1,-0.01,-1,-1,-0.01,-1,-1,-0.01,-1,-1
99926009,2026-05-18 14:24:06+05:30,53490.6,0,0.0,0,0.0,0.0,53282.15,53619.2,52783.45,53710.35,0,0.0,0.0,0.0,0.0,-0.01,-1,-1,-0.01,-1,-1,-0.01,-1,-1,-0.01,-1,-1,-0.01,-1,-1,-0.01,-1,-1,-0.01,-1,-1,-0.01,-1,-1,-0.01,-1,-1,-0.01,-1,-1
99926009,2026-05-18 14:24:06+05:30,53491.05,0,0.0,0,0.0,0.0,53282.15,53619.2,52783.45,53710.35,0,0.0,0.0,0.0,0.0,-0.01,-1,-1,-0.01,-1,-1,-0.01,-1,-1,-0.01,-1,-1,-0.01,-1,-1,-0.01,-1,-1,-0.01,-1,-1,-0.01,-1,-1,-0.01,-1,-1,-0.01,-1,-1
99926009,2026-05-18 14:24:07+05:30,53491.75,0,0.0,0,0.0,0.0,53282.15,53619.2,52783.45,53710.35,0,0.0,0.0,0.0,0.0,-0.01,-1,-1,-0.01,-1,-1,-0.01,-1,-1,-0.01,-1,-1,-0.01,-1,-1,-0.01,-1,-1,-0.01,-1,-1,-0.01,-1,-1,-0.01,-1,-1,-0.01,-1,-1
99926009,2026-05-18 14:24:07+05:30,53494.4,0,0.0,0,0.0,0.0,53282.15,53619.2,52783.45,53710.35,0,0.0,0.0,0.0,0.0,-0.01,-1,-1,-0.01,-1,-1,-0.01,-1,-1,-0.01,-1,-1,-0.01,-1,-1,-0.01,-1,-1,-0.01,-1,-1,-0.01,-1,-1,-0.01,-1,-1,-0.01,-1,-1
99926009,2026-05-18 14:24:08+05:30,53491.05,0,0.0,0,0.0,0.0,53282.15,53619.2,52783.45,53710.35,0,0.0,0.0,0.0,0.0,-0.01,-1,-1,-0.01,-1,-1,-0.01,-1,-1,-0.01,-1,-1,-0.01,-1,-1,-0.01,-1,-1,-0.01,-1,-1,-0.01,-1,-1,-0.01,-1,-1,-0.01,-1,-1
99926009,2026-05-18 14:24:08+05:30,53493.3,0,0.0,0,0.0,0.0,53282.15,53619.2,52783.45,53710.35,0,0.0,0.0,0.0,0.0,-0.01,-1,-1,-0.01,-1,-1,-0.01,-1,-1,-0.01,-1,-1,-0.01,-1,-1,-0.01,-1,-1,-0.01,-1,-1,-0.01,-1,-1,-0.01,-1,-1,-0.01,-1,-1
99926009,2026-05-18 14:24:09+05:30,53492.85,0,0.0,0,0.0,0.0,53282.15,53619.2,52783.45,53710.35,0,0.0,0.0,0.0,0.0,-0.01,-1,-1,-0.01,-1,-1,-0.01,-1,-1,-0.01,-1,-1,-0.01,-1,-1,-0.01,-1,-1,-0.01,-1,-1,-0.01,-1,-1,-0.01,-1,-1,-0.01,-1,-1
99926009,2026-05-18 14:24:09+05:30,53493.25,0,0.0,0,0.0,0.0,53282.15,53619.2,52783.45,53710.35,0,0.0,0.0,0.0,0.0,-0.01,-1,-1,-0.01,-1,-1,-0.01,-1,-1,-0.01,-1,-1,-0.01,-1,-1,-0.01,-1,-1,-0.01,-1,-1,-0.01,-1,-1,-0.01,-1,-1,-0.01,-1,-1
99926009,2026-05-18 14:24:10+05:30,53492.6,0,0.0,0,0.0,0.0,53282.15,53619.2,52783.45,53710.35,0,0.0,0.0,0.0,0.0,-0.01,-1,-1,-0.01,-1,-1,-0.01,-1,-1,-0.01,-1,-1,-0.01,-1,-1,-0.01,-1,-1,-0.01,-1,-1,-0.01,-1,-1,-0.01,-1,-1,-0.01,-1,-1
99926009,2026-05-18 14:24:10+05:30,53492.55,0,0.0,0,0.0,0.0,53282.15,53619.2,52783.45,53710.35,0,0.0,0.0,0.0,0.0,-0.01,-1,-1,-0.01,-1,-1,-0.01,-1,-1,-0.01,-1,-1,-0.01,-1,-1,-0.01,-1,-1,-0.01,-1,-1,-0.01,-1,-1,-0.01,-1,-1,-0.01,-1,-1
99926009,2026-05-18 14:24:11+05:30,53490.05,0,0.0,0,0.0,0.0,53282.15,53619.2,52783.45,53710.35,0,0.0,0.0,0.0,0.0,-0.01,-1,-1,-0.01,-1,-1,-0.01,-1,-1,-0.01,-1,-1,-0.01,-1,-1,-0.01,-1,-1,-0.01,-1,-1,-0.01,-1,-1,-0.01,-1,-1,-0.01,-1,-1
99926009,2026-05-18 14:24:11+05:30,53491.3,0,0.0,0,0.0,0.0,53282.15,53619.2,52783.45,53710.35,0,0.0,0.0,0.0,0.0,-0.01,-1,-1,-0.01,-1,-1,-0.01,-1,-1,-0.01,-1,-1,-0.01,-1,-1,-0.01,-1,-1,-0.01,-1,-1,-0.01,-1,-1,-0.01,-1,-1,-0.01,-1,-1
99926009,2026-05-18 14:24:12+05:30,53490.85,0,0.0,0,0.0,0.0,53282.15,53619.2,52783.45,53710.35,0,0.0,0.0,0.0,0.0,-0.01,-1,-1,-0.01,-1,-1,-0.01,-1,-1,-0.01,-1,-1,-0.01,-1,-1,-0.01,-1,-1,-0.01,-1,-1,-0.01,-1,-1,-0.01,-1,-1,-0.01,-1,-1
99926009,2026-05-18 14:24:12+05:30,53492.95,0,0.0,0,0.0,0.0,53282.15,53619.2,52783.45,53710.35,0,0.0,0.0,0.0,0.0,-0.01,-1,-1,-0.01,-1,-1,-0.01,-1,-1,-0.01,-1,-1,-0.01,-1,-1,-0.01,-1,-1,-0.01,-1,-1,-0.01,-1,-1,-0.01,-1,-1,-0.01,-1,-1
99926009,2026-05-18 14:24:13+05:30,53487.7,0,0.0,0,0.0,0.0,53282.15,53619.2,52783.45,53710.35,0,0.0,0.0,0.0,0.0,-0.01,-1,-1,-0.01,-1,-1,-0.01,-1,-1,-0.01,-1,-1,-0.01,-1,-1,-0.01,-1,-1,-0.01,-1,-1,-0.01,-1,-1,-0.01,-1,-1,-0.01,-1,-1
99926009,2026-05-18 14:24:13+05:30,53486.5,0,0.0,0,0.0,0.0,53282.15,53619.2,52783.45,53710.35,0,0.0,0.0,0.0,0.0,-0.01,-1,-1,-0.01,-1,-1,-0.01,-1,-1,-0.01,-1,-1,-0.01,-1,-1,-0.01,-1,-1,-0.01,-1,-1,-0.01,-1,-1,-0.01,-1,-1,-0.01,-1,-1
99926009,2026-05-18 14:24:14+05:30,53487.15,0,0.0,0,0.0,0.0,53282.15,53619.2,52783.45,53710.35,0,0.0,0.0,0.0,0.0,-0.01,-1,-1,-0.01,-1,-1,-0.01,-1,-1,-0.01,-1,-1,-0.01,-1,-1,-0.01,-1,-1,-0.01,-1,-1,-0.01,-1,-1,-0.01,-1,-1,-0.01,-1,-1
99926009,2026-05-18 14:24:14+05:30,53490.65,0,0.0,0,0.0,0.0,53282.15,53619.2,52783.45,53710.35,0,0.0,0.0,0.0,0.0,-0.01,-1,-1,-0.01,-1,-1,-0.01,-1,-1,-0.01,-1,-1,-0.01,-1,-1,-0.01,-1,-1,-0.01,-1,-1,-0.01,-1,-1,-0.01,-1,-1,-0.01,-1,-1
99926009,2026-05-18 14:24:15+05:30,53489.2,0,0.0,0,0.0,0.0,53282.15,53619.2,52783.45,53710.35,0,0.0,0.0,0.0,0.0,-0.01,-1,-1,-0.01,-1,-1,-0.01,-1,-1,-0.01,-1,-1,-0.01,-1,-1,-0.01,-1,-1,-0.01,-1,-1,-0.01,-1,-1,-0.01,-1,-1,-0.01,-1,-1
99926009,2026-05-18 14:24:15+05:30,53489.85,0,0.0,0,0.0,0.0,53282.15,53619.2,52783.45,53710.35,0,0.0,0.0,0.0,0.0,-0.01,-1,-1,-0.01,-1,-1,-0.01,-1,-1,-0.01,-1,-1,-0.01,-1,-1,-0.01,-1,-1,-0.01,-1,-1,-0.01,-1,-1,-0.01,-1,-1,-0.01,-1,-1
99926009,2026-05-18 14:24:16+05:30,53489.2,0,0.0,0,0.0,0.0,53282.15,53619.2,52783.45,53710.35,0,0.0,0.0,0.0,0.0,-0.01,-1,-1,-0.01,-1,-1,-0.01,-1,-1,-0.01,-1,-1,-0.01,-1,-1,-0.01,-1,-1,-0.01,-1,-1,-0.01,-1,-1,-0.01,-1,-1,-0.01,-1,-1
99926009,2026-05-18 14:24:16+05:30,53488.8,0,0.0,0,0.0,0.0,53282.15,53619.2,52783.45,53710.35,0,0.0,0.0,0.0,0.0,-0.01,-1,-1,-0.01,-1,-1,-0.01,-1,-1,-0.01,-1,-1,-0.01,-1,-1,-0.01,-1,-1,-0.01,-1,-1,-0.01,-1,-1,-0.01,-1,-1,-0.01,-1,-1
99926009,2026-05-18 14:24:17+05:30,53487.3,0,0.0,0,0.0,0.0,53282.15,53619.2,52783.45,53710.35,0,0.0,0.0,0.0,0.0,-0.01,-1,-1,-0.01,-1,-1,-0.01,-1,-1,-0.01,-1,-1,-0.01,-1,-1,-0.01,-1,-1,-0.01,-1,-1,-0.01,-1,-1,-0.01,-1,-1,-0.01,-1,-1
99926009,2026-05-18 14:24:17+05:30,53488.0,0,0.0,0,0.0,0.0,53282.15,53619.2,52783.45,53710.35,0,0.0,0.0,0.0,0.0,-0.01,-1,-1,-0.01,-1,-1,-0.01,-1,-1,-0.01,-1,-1,-0.01,-1,-1,-0.01,-1,-1,-0.01,-1,-1,-0.01,-1,-1,-0.01,-1,-1,-0.01,-1,-1
99926009,2026-05-18 14:24:18+05:30,53489.45,0,0.0,0,0.0,0.0,53282.15,53619.2,52783.45,53710.35,0,0.0,0.0,0.0,0.0,-0.01,-1,-1,-0.01,-1,-1,-0.01,-1,-1,-0.01,-1,-1,-0.01,-1,-1,-0.01,-1,-1,-0.01,-1,-1,-0.01,-1,-1,-0.01,-1,-1,-0.01,-1,-1
99926009,2026-05-18 14:24:18+05:30,53489.7,0,0.0,0,0.0,0.0,53282.15,53619.2,52783.45,53710.35,0,0.0,0.0,0.0,0.0,-0.01,-1,-1,-0.01,-1,-1,-0.01,-1,-1,-0.01,-1,-1,-0.01,-1,-1,-0.01,-1,-1,-0.01,-1,-1,-0.01,-1,-1,-0.01,-1,-1,-0.01,-1,-1
99926009,2026-05-18 14:24:19+05:30,53489.25,0,0.0,0,0.0,0.0,53282.15,53619.2,52783.45,53710.35,0,0.0,0.0,0.0,0.0,-0.01,-1,-1,-0.01,-1,-1,-0.01,-1,-1,-0.01,-1,-1,-0.01,-1,-1,-0.01,-1,-1,-0.01,-1,-1,-0.01,-1,-1,-0.01,-1,-1,-0.01,-1,-1
99926009,2026-05-18 14:24:19+05:30,53488.85,0,0.0,0,0.0,0.0,53282.15,53619.2,52783.45,53710.35,0,0.0,0.0,0.0,0.0,-0.01,-1,-1,-0.01,-1,-1,-0.01,-1,-1,-0.01,-1,-1,-0.01,-1,-1,-0.01,-1,-1,-0.01,-1,-1,-0.01,-1,-1,-0.01,-1,-1,-0.01,-1,-1
99926009,2026-05-18 14:24:20+05:30,53488.85,0,0.0,0,0.0,0.0,53282.15,53619.2,52783.45,53710.35,0,0.0,0.0,0.0,0.0,-0.01,-1,-1,-0.01,-1,-1,-0.01,-1,-1,-0.01,-1,-1,-0.01,-1,-1,-0.01,-1,-1,-0.01,-1,-1,-0.01,-1,-1,-0.01,-1,-1,-0.01,-1,-1
99926009,2026-05-18 14:24:20+05:30,53488.25,0,0.0,0,0.0,0.0,53282.15,53619.2,52783.45,53710.35,0,0.0,0.0,0.0,0.0,-0.01,-1,-1,-0.01,-1,-1,-0.01,-1,-1,-0.01,-1,-1,-0.01,-1,-1,-0.01,-1,-1,-0.01,-1,-1,-0.01,-1,-1,-0.01,-1,-1,-0.01,-1,-1
99926009,2026-05-18 14:24:21+05:30,53488.0,0,0.0,0,0.0,0.0,53282.15,53619.2,52783.45,53710.35,0,0.0,0.0,0.0,0.0,-0.01,-1,-1,-0.01,-1,-1,-0.01,-1,-1,-0.01,-1,-1,-0.01,-1,-1,-0.01,-1,-1,-0.01,-1,-1,-0.01,-1,-1,-0.01,-1,-1,-0.01,-1,-1
99926009,2026-05-18 14:24:21+05:30,53487.8,0,0.0,0,0.0,0.0,53282.15,53619.2,52783.45,53710.35,0,0.0,0.0,0.0,0.0,-0.01,-1,-1,-0.01,-1,-1,-0.01,-1,-1,-0.01,-1,-1,-0.01,-1,-1,-0.01,-1,-1,-0.01,-1,-1,-0.01,-1,-1,-0.01,-1,-1,-0.01,-1,-1
99926009,2026-05-18 14:24:22+05:30,53488.1,0,0.0,0,0.0,0.0,53282.15,53619.2,52783.45,53710.35,0,0.0,0.0,0.0,0.0,-0.01,-1,-1,-0.01,-1,-1,-0.01,-1,-1,-0.01,-1,-1,-0.01,-1,-1,-0.01,-1,-1,-0.01,-1,-1,-0.01,-1,-1,-0.01,-1,-1,-0.01,-1,-1
99926009,2026-05-18 14:24:22+05:30,53487.0,0,0.0,0,0.0,0.0,53282.15,53619.2,52783.45,53710.35,0,0.0,0.0,0.0,0.0,-0.01,-1,-1,-0.01,-1,-1,-0.01,-1,-1,-0.01,-1,-1,-0.01,-1,-1,-0.01,-1,-1,-0.01,-1,-1,-0.01,-1,-1,-0.01,-1,-1,-0.01,-1,-1
99926009,2026-05-18 14:24:23+05:30,53487.3,0,0.0,0,0.0,0.0,53282.15,53619.2,52783.45,53710.35,0,0.0,0.0,0.0,0.0,-0.01,-1,-1,-0.01,-1,-1,-0.01,-1,-1,-0.01,-1,-1,-0.01,-1,-1,-0.01,-1,-1,-0.01,-1,-1,-0.01,-1,-1,-0.01,-1,-1,-0.01,-1,-1
99926009,2026-05-18 14:24:23+05:30,53488.45,0,0.0,0,0.0,0.0,53282.15,53619.2,52783.45,53710.35,0,0.0,0.0,0.0,0.0,-0.01,-1,-1,-0.01,-1,-1,-0.01,-1,-1,-0.01,-1,-1,-0.01,-1,-1,-0.01,-1,-1,-0.01,-1,-1,-0.01,-1,-1,-0.01,-1,-1,-0.01,-1,-1
99926009,2026-05-18 14:24:24+05:30,53488.65,0,0.0,0,0.0,0.0,53282.15,53619.2,52783.45,53710.35,0,0.0,0.0,0.0,0.0,-0.01,-1,-1,-0.01,-1,-1,-0.01,-1,-1,-0.01,-1,-1,-0.01,-1,-1,-0.01,-1,-1,-0.01,-1,-1,-0.01,-1,-1,-0.01,-1,-1,-0.01,-1,-1
99926009,2026-05-18 14:24:24+05:30,53488.25,0,0.0,0,0.0,0.0,53282.15,53619.2,52783.45,53710.35,0,0.0,0.0,0.0,0.0,-0.01,-1,-1,-0.01,-1,-1,-0.01,-1,-1,-0.01,-1,-1,-0.01,-1,-1,-0.01,-1,-1,-0.01,-1,-1,-0.01,-1,-1,-0.01,-1,-1,-0.01,-1,-1
99926009,2026-05-18 14:24:25+05:30,53486.95,0,0.0,0,0.0,0.0,53282.15,53619.2,52783.45,53710.35,0,0.0,0.0,0.0,0.0,-0.01,-1,-1,-0.01,-1,-1,-0.01,-1,-1,-0.01,-1,-1,-0.01,-1,-1,-0.01,-1,-1,-0.01,-1,-1,-0.01,-1,-1,-0.01,-1,-1,-0.01,-1,-1
99926009,2026-05-18 14:24:25+05:30,53487.95,0,0.0,0,0.0,0.0,53282.15,53619.2,52783.45,53710.35,0,0.0,0.0,0.0,0.0,-0.01,-1,-1,-0.01,-1,-1,-0.01,-1,-1,-0.01,-1,-1,-0.01,-1,-1,-0.01,-1,-1,-0.01,-1,-1,-0.01,-1,-1,-0.01,-1,-1,-0.01,-1,-1
99926009,2026-05-18 14:24:26+05:30,53488.15,0,0.0,0,0.0,0.0,53282.15,53619.2,52783.45,53710.35,0,0.0,0.0,0.0,0.0,-0.01,-1,-1,-0.01,-1,-1,-0.01,-1,-1,-0.01,-1,-1,-0.01,-1,-1,-0.01,-1,-1,-0.01,-1,-1,-0.01,-1,-1,-0.01,-1,-1,-0.01,-1,-1
99926009,2026-05-18 14:24:26+05:30,53485.6,0,0.0,0,0.0,0.0,53282.15,53619.2,52783.45,53710.35,0,0.0,0.0,0.0,0.0,-0.01,-1,-1,-0.01,-1,-1,-0.01,-1,-1,-0.01,-1,-1,-0.01,-1,-1,-0.01,-1,-1,-0.01,-1,-1,-0.01,-1,-1,-0.01,-1,-1,-0.01,-1,-1
99926009,2026-05-18 14:24:27+05:30,53485.15,0,0.0,0,0.0,0.0,53282.15,53619.2,52783.45,53710.35,0,0.0,0.0,0.0,0.0,-0.01,-1,-1,-0.01,-1,-1,-0.01,-1,-1,-0.01,-1,-1,-0.01,-1,-1,-0.01,-1,-1,-0.01,-1,-1,-0.01,-1,-1,-0.01,-1,-1,-0.01,-1,-1
99926009,2026-05-18 14:24:27+05:30,53483.2,0,0.0,0,0.0,0.0,53282.15,53619.2,52783.45,53710.35,0,0.0,0.0,0.0,0.0,-0.01,-1,-1,-0.01,-1,-1,-0.01,-1,-1,-0.01,-1,-1,-0.01,-1,-1,-0.01,-1,-1,-0.01,-1,-1,-0.01,-1,-1,-0.01,-1,-1,-0.01,-1,-1
99926009,2026-05-18 14:24:28+05:30,53483.45,0,0.0,0,0.0,0.0,53282.15,53619.2,52783.45,53710.35,0,0.0,0.0,0.0,0.0,-0.01,-1,-1,-0.01,-1,-1,-0.01,-1,-1,-0.01,-1,-1,-0.01,-1,-1,-0.01,-1,-1,-0.01,-1,-1,-0.01,-1,-1,-0.01,-1,-1,-0.01,-1,-1
99926009,2026-05-18 14:24:28+05:30,53482.6,0,0.0,0,0.0,0.0,53282.15,53619.2,52783.45,53710.35,0,0.0,0.0,0.0,0.0,-0.01,-1,-1,-0.01,-1,-1,-0.01,-1,-1,-0.01,-1,-1,-0.01,-1,-1,-0.01,-1,-1,-0.01,-1,-1,-0.01,-1,-1,-0.01,-1,-1,-0.01,-1,-1
99926009,2026-05-18 14:24:29+05:30,53480.65,0,0.0,0,0.0,0.0,53282.15,53619.2,52783.45,53710.35,0,0.0,0.0,0.0,0.0,-0.01,-1,-1,-0.01,-1,-1,-0.01,-1,-1,-0.01,-1,-1,-0.01,-1,-1,-0.01,-1,-1,-0.01,-1,-1,-0.01,-1,-1,-0.01,-1,-1,-0.01,-1,-1
99926009,2026-05-18 14:24:29+05:30,53479.05,0,0.0,0,0.0,0.0,53282.15,53619.2,52783.45,53710.35,0,0.0,0.0,0.0,0.0,-0.01,-1,-1,-0.01,-1,-1,-0.01,-1,-1,-0.01,-1,-1,-0.01,-1,-1,-0.01,-1,-1,-0.01,-1,-1,-0.01,-1,-1,-0.01,-1,-1,-0.01,-1,-1
99926009,2026-05-18 14:24:30+05:30,53479.1,0,0.0,0,0.0,0.0,53282.15,53619.2,52783.45,53710.35,0,0.0,0.0,0.0,0.0,-0.01,-1,-1,-0.01,-1,-1,-0.01,-1,-1,-0.01,-1,-1,-0.01,-1,-1,-0.01,-1,-1,-0.01,-1,-1,-0.01,-1,-1,-0.01,-1,-1,-0.01,-1,-1
99926009,2026-05-18 14:24:30+05:30,53479.15,0,0.0,0,0.0,0.0,53282.15,53619.2,52783.45,53710.35,0,0.0,0.0,0.0,0.0,-0.01,-1,-1,-0.01,-1,-1,-0.01,-1,-1,-0.01,-1,-1,-0.01,-1,-1,-0.01,-1,-1,-0.01,-1,-1,-0.01,-1,-1,-0.01,-1,-1,-0.01,-1,-1
99926009,2026-05-18 14:24:31+05:30,53479.05,0,0.0,0,0.0,0.0,53282.15,53619.2,52783.45,53710.35,0,0.0,0.0,0.0,0.0,-0.01,-1,-1,-0.01,-1,-1,-0.01,-1,-1,-0.01,-1,-1,-0.01,-1,-1,-0.01,-1,-1,-0.01,-1,-1,-0.01,-1,-1,-0.01,-1,-1,-0.01,-1,-1
99926009,2026-05-18 14:24:31+05:30,53479.4,0,0.0,0,0.0,0.0,53282.15,53619.2,52783.45,53710.35,0,0.0,0.0,0.0,0.0,-0.01,-1,-1,-0.01,-1,-1,-0.01,-1,-1,-0.01,-1,-1,-0.01,-1,-1,-0.01,-1,-1,-0.01,-1,-1,-0.01,-1,-1,-0.01,-1,-1,-0.01,-1,-1
99926009,2026-05-18 14:24:32+05:30,53476.65,0,0.0,0,0.0,0.0,53282.15,53619.2,52783.45,53710.35,0,0.0,0.0,0.0,0.0,-0.01,-1,-1,-0.01,-1,-1,-0.01,-1,-1,-0.01,-1,-1,-0.01,-1,-1,-0.01,-1,-1,-0.01,-1,-1,-0.01,-1,-1,-0.01,-1,-1,-0.01,-1,-1
99926009,2026-05-18 14:24:32+05:30,53476.4,0,0.0,0,0.0,0.0,53282.15,53619.2,52783.45,53710.35,0,0.0,0.0,0.0,0.0,-0.01,-1,-1,-0.01,-1,-1,-0.01,-1,-1,-0.01,-1,-1,-0.01,-1,-1,-0.01,-1,-1,-0.01,-1,-1,-0.01,-1,-1,-0.01,-1,-1,-0.01,-1,-1
99926009,2026-05-18 14:24:33+05:30,53476.8,0,0.0,0,0.0,0.0,53282.15,53619.2,52783.45,53710.35,0,0.0,0.0,0.0,0.0,-0.01,-1,-1,-0.01,-1,-1,-0.01,-1,-1,-0.01,-1,-1,-0.01,-1,-1,-0.01,-1,-1,-0.01,-1,-1,-0.01,-1,-1,-0.01,-1,-1,-0.01,-1,-1
99926009,2026-05-18 14:24:33+05:30,53479.7,0,0.0,0,0.0,0.0,53282.15,53619.2,52783.45,53710.35,0,0.0,0.0,0.0,0.0,-0.01,-1,-1,-0.01,-1,-1,-0.01,-1,-1,-0.01,-1,-1,-0.01,-1,-1,-0.01,-1,-1,-0.01,-1,-1,-0.01,-1,-1,-0.01,-1,-1,-0.01,-1,-1
99926009,2026-05-18 14:24:34+05:30,53477.05,0,0.0,0,0.0,0.0,53282.15,53619.2,52783.45,53710.35,0,0.0,0.0,0.0,0.0,-0.01,-1,-1,-0.01,-1,-1,-0.01,-1,-1,-0.01,-1,-1,-0.01,-1,-1,-0.01,-1,-1,-0.01,-1,-1,-0.01,-1,-1,-0.01,-1,-1,-0.01,-1,-1
99926009,2026-05-18 14:24:34+05:30,53477.9,0,0.0,0,0.0,0.0,53282.15,53619.2,52783.45,53710.35,0,0.0,0.0,0.0,0.0,-0.01,-1,-1,-0.01,-1,-1,-0.01,-1,-1,-0.01,-1,-1,-0.01,-1,-1,-0.01,-1,-1,-0.01,-1,-1,-0.01,-1,-1,-0.01,-1,-1,-0.01,-1,-1
99926009,2026-05-18 14:24:35+05:30,53478.55,0,0.0,0,0.0,0.0,53282.15,53619.2,52783.45,53710.35,0,0.0,0.0,0.0,0.0,-0.01,-1,-1,-0.01,-1,-1,-0.01,-1,-1,-0.01,-1,-1,-0.01,-1,-1,-0.01,-1,-1,-0.01,-1,-1,-0.01,-1,-1,-0.01,-1,-1,-0.01,-1,-1
99926009,2026-05-18 14:24:35+05:30,53479.7,0,0.0,0,0.0,0.0,53282.15,53619.2,52783.45,53710.35,0,0.0,0.0,0.0,0.0,-0.01,-1,-1,-0.01,-1,-1,-0.01,-1,-1,-0.01,-1,-1,-0.01,-1,-1,-0.01,-1,-1,-0.01,-1,-1,-0.01,-1,-1,-0.01,-1,-1,-0.01,-1,-1
99926009,2026-05-18 14:24:36+05:30,53479.05,0,0.0,0,0.0,0.0,53282.15,53619.2,52783.45,53710.35,0,0.0,0.0,0.0,0.0,-0.01,-1,-1,-0.01,-1,-1,-0.01,-1,-1,-0.01,-1,-1,-0.01,-1,-1,-0.01,-1,-1,-0.01,-1,-1,-0.01,-1,-1,-0.01,-1,-1,-0.01,-1,-1
99926009,2026-05-18 14:24:36+05:30,53478.35,0,0.0,0,0.0,0.0,53282.15,53619.2,52783.45,53710.35,0,0.0,0.0,0.0,0.0,-0.01,-1,-1,-0.01,-1,-1,-0.01,-1,-1,-0.01,-1,-1,-0.01,-1,-1,-0.01,-1,-1,-0.01,-1,-1,-0.01,-1,-1,-0.01,-1,-1,-0.01,-1,-1
99926009,2026-05-18 14:24:37+05:30,53482.7,0,0.0,0,0.0,0.0,53282.15,53619.2,52783.45,53710.35,0,0.0,0.0,0.0,0.0,-0.01,-1,-1,-0.01,-1,-1,-0.01,-1,-1,-0.01,-1,-1,-0.01,-1,-1,-0.01,-1,-1,-0.01,-1,-1,-0.01,-1,-1,-0.01,-1,-1,-0.01,-1,-1
99926009,2026-05-18 14:24:37+05:30,53482.7,0,0.0,0,0.0,0.0,53282.15,53619.2,52783.45,53710.35,0,0.0,0.0,0.0,0.0,-0.01,-1,-1,-0.01,-1,-1,-0.01,-1,-1,-0.01,-1,-1,-0.01,-1,-1,-0.01,-1,-1,-0.01,-1,-1,-0.01,-1,-1,-0.01,-1,-1,-0.01,-1,-1
99926009,2026-05-18 14:24:38+05:30,53482.95,0,0.0,0,0.0,0.0,53282.15,53619.2,52783.45,53710.35,0,0.0,0.0,0.0,0.0,-0.01,-1,-1,-0.01,-1,-1,-0.01,-1,-1,-0.01,-1,-1,-0.01,-1,-1,-0.01,-1,-1,-0.01,-1,-1,-0.01,-1,-1,-0.01,-1,-1,-0.01,-1,-1
99926009,2026-05-18 14:24:38+05:30,53480.85,0,0.0,0,0.0,0.0,53282.15,53619.2,52783.45,53710.35,0,0.0,0.0,0.0,0.0,-0.01,-1,-1,-0.01,-1,-1,-0.01,-1,-1,-0.01,-1,-1,-0.01,-1,-1,-0.01,-1,-1,-0.01,-1,-1,-0.01,-1,-1,-0.01,-1,-1,-0.01,-1,-1
99926009,2026-05-18 14:24:39+05:30,53483.2,0,0.0,0,0.0,0.0,53282.15,53619.2,52783.45,53710.35,0,0.0,0.0,0.0,0.0,-0.01,-1,-1,-0.01,-1,-1,-0.01,-1,-1,-0.01,-1,-1,-0.01,-1,-1,-0.01,-1,-1,-0.01,-1,-1,-0.01,-1,-1,-0.01,-1,-1,-0.01,-1,-1
99926009,2026-05-18 14:24:39+05:30,53481.15,0,0.0,0,0.0,0.0,53282.15,53619.2,52783.45,53710.35,0,0.0,0.0,0.0,0.0,-0.01,-1,-1,-0.01,-1,-1,-0.01,-1,-1,-0.01,-1,-1,-0.01,-1,-1,-0.01,-1,-1,-0.01,-1,-1,-0.01,-1,-1,-0.01,-1,-1,-0.01,-1,-1
99926009,2026-05-18 14:24:40+05:30,53480.95,0,0.0,0,0.0,0.0,53282.15,53619.2,52783.45,53710.35,0,0.0,0.0,0.0,0.0,-0.01,-1,-1,-0.01,-1,-1,-0.01,-1,-1,-0.01,-1,-1,-0.01,-1,-1,-0.01,-1,-1,-0.01,-1,-1,-0.01,-1,-1,-0.01,-1,-1,-0.01,-1,-1
99926009,2026-05-18 14:24:40+05:30,53481.25,0,0.0,0,0.0,0.0,53282.15,53619.2,52783.45,53710.35,0,0.0,0.0,0.0,0.0,-0.01,-1,-1,-0.01,-1,-1,-0.01,-1,-1,-0.01,-1,-1,-0.01,-1,-1,-0.01,-1,-1,-0.01,-1,-1,-0.01,-1,-1,-0.01,-1,-1,-0.01,-1,-1
99926009,2026-05-18 14:24:41+05:30,53480.25,0,0.0,0,0.0,0.0,53282.15,53619.2,52783.45,53710.35,0,0.0,0.0,0.0,0.0,-0.01,-1,-1,-0.01,-1,-1,-0.01,-1,-1,-0.01,-1,-1,-0.01,-1,-1,-0.01,-1,-1,-0.01,-1,-1,-0.01,-1,-1,-0.01,-1,-1,-0.01,-1,-1
99926009,2026-05-18 14:24:41+05:30,53479.7,0,0.0,0,0.0,0.0,53282.15,53619.2,52783.45,53710.35,0,0.0,0.0,0.0,0.0,-0.01,-1,-1,-0.01,-1,-1,-0.01,-1,-1,-0.01,-1,-1,-0.01,-1,-1,-0.01,-1,-1,-0.01,-1,-1,-0.01,-1,-1,-0.01,-1,-1,-0.01,-1,-1
99926009,2026-05-18 14:24:42+05:30,53479.9,0,0.0,0,0.0,0.0,53282.15,53619.2,52783.45,53710.35,0,0.0,0.0,0.0,0.0,-0.01,-1,-1,-0.01,-1,-1,-0.01,-1,-1,-0.01,-1,-1,-0.01,-1,-1,-0.01,-1,-1,-0.01,-1,-1,-0.01,-1,-1,-0.01,-1,-1,-0.01,-1,-1
99926009,2026-05-18 14:24:42+05:30,53480.55,0,0.0,0,0.0,0.0,53282.15,53619.2,52783.45,53710.35,0,0.0,0.0,0.0,0.0,-0.01,-1,-1,-0.01,-1,-1,-0.01,-1,-1,-0.01,-1,-1,-0.01,-1,-1,-0.01,-1,-1,-0.01,-1,-1,-0.01,-1,-1,-0.01,-1,-1,-0.01,-1,-1
99926009,2026-05-18 14:24:43+05:30,53479.85,0,0.0,0,0.0,0.0,53282.15,53619.2,52783.45,53710.35,0,0.0,0.0,0.0,0.0,-0.01,-1,-1,-0.01,-1,-1,-0.01,-1,-1,-0.01,-1,-1,-0.01,-1,-1,-0.01,-1,-1,-0.01,-1,-1,-0.01,-1,-1,-0.01,-1,-1,-0.01,-1,-1
99926009,2026-05-18 14:24:43+05:30,53479.4,0,0.0,0,0.0,0.0,53282.15,53619.2,52783.45,53710.35,0,0.0,0.0,0.0,0.0,-0.01,-1,-1,-0.01,-1,-1,-0.01,-1,-1,-0.01,-1,-1,-0.01,-1,-1,-0.01,-1,-1,-0.01,-1,-1,-0.01,-1,-1,-0.01,-1,-1,-0.01,-1,-1
99926009,2026-05-18 14:24:44+05:30,53479.25,0,0.0,0,0.0,0.0,53282.15,53619.2,52783.45,53710.35,0,0.0,0.0,0.0,0.0,-0.01,-1,-1,-0.01,-1,-1,-0.01,-1,-1,-0.01,-1,-1,-0.01,-1,-1,-0.01,-1,-1,-0.01,-1,-1,-0.01,-1,-1,-0.01,-1,-1,-0.01,-1,-1
99926009,2026-05-18 14:24:44+05:30,53479.65,0,0.0,0,0.0,0.0,53282.15,53619.2,52783.45,53710.35,0,0.0,0.0,0.0,0.0,-0.01,-1,-1,-0.01,-1,-1,-0.01,-1,-1,-0.01,-1,-1,-0.01,-1,-1,-0.01,-1,-1,-0.01,-1,-1,-0.01,-1,-1,-0.01,-1,-1,-0.01,-1,-1
99926009,2026-05-18 14:24:45+05:30,53479.55,0,0.0,0,0.0,0.0,53282.15,53619.2,52783.45,53710.35,0,0.0,0.0,0.0,0.0,-0.01,-1,-1,-0.01,-1,-1,-0.01,-1,-1,-0.01,-1,-1,-0.01,-1,-1,-0.01,-1,-1,-0.01,-1,-1,-0.01,-1,-1,-0.01,-1,-1,-0.01,-1,-1
99926009,2026-05-18 14:24:45+05:30,53480.9,0,0.0,0,0.0,0.0,53282.15,53619.2,52783.45,53710.35,0,0.0,0.0,0.0,0.0,-0.01,-1,-1,-0.01,-1,-1,-0.01,-1,-1,-0.01,-1,-1,-0.01,-1,-1,-0.01,-1,-1,-0.01,-1,-1,-0.01,-1,-1,-0.01,-1,-1,-0.01,-1,-1
99926009,2026-05-18 14:24:46+05:30,53481.65,0,0.0,0,0.0,0.0,53282.15,53619.2,52783.45,53710.35,0,0.0,0.0,0.0,0.0,-0.01,-1,-1,-0.01,-1,-1,-0.01,-1,-1,-0.01,-1,-1,-0.01,-1,-1,-0.01,-1,-1,-0.01,-1,-1,-0.01,-1,-1,-0.01,-1,-1,-0.01,-1,-1
99926009,2026-05-18 14:24:46+05:30,53483.8,0,0.0,0,0.0,0.0,53282.15,53619.2,52783.45,53710.35,0,0.0,0.0,0.0,0.0,-0.01,-1,-1,-0.01,-1,-1,-0.01,-1,-1,-0.01,-1,-1,-0.01,-1,-1,-0.01,-1,-1,-0.01,-1,-1,-0.01,-1,-1,-0.01,-1,-1,-0.01,-1,-1
99926009,2026-05-18 14:24:47+05:30,53480.3,0,0.0,0,0.0,0.0,53282.15,53619.2,52783.45,53710.35,0,0.0,0.0,0.0,0.0,-0.01,-1,-1,-0.01,-1,-1,-0.01,-1,-1,-0.01,-1,-1,-0.01,-1,-1,-0.01,-1,-1,-0.01,-1,-1,-0.01,-1,-1,-0.01,-1,-1,-0.01,-1,-1
99926009,2026-05-18 14:24:47+05:30,53481.3,0,0.0,0,0.0,0.0,53282.15,53619.2,52783.45,53710.35,0,0.0,0.0,0.0,0.0,-0.01,-1,-1,-0.01,-1,-1,-0.01,-1,-1,-0.01,-1,-1,-0.01,-1,-1,-0.01,-1,-1,-0.01,-1,-1,-0.01,-1,-1,-0.01,-1,-1,-0.01,-1,-1
99926009,2026-05-18 14:24:48+05:30,53481.85,0,0.0,0,0.0,0.0,53282.15,53619.2,52783.45,53710.35,0,0.0,0.0,0.0,0.0,-0.01,-1,-1,-0.01,-1,-1,-0.01,-1,-1,-0.01,-1,-1,-0.01,-1,-1,-0.01,-1,-1,-0.01,-1,-1,-0.01,-1,-1,-0.01,-1,-1,-0.01,-1,-1
99926009,2026-05-18 14:24:48+05:30,53480.2,0,0.0,0,0.0,0.0,53282.15,53619.2,52783.45,53710.35,0,0.0,0.0,0.0,0.0,-0.01,-1,-1,-0.01,-1,-1,-0.01,-1,-1,-0.01,-1,-1,-0.01,-1,-1,-0.01,-1,-1,-0.01,-1,-1,-0.01,-1,-1,-0.01,-1,-1,-0.01,-1,-1
99926009,2026-05-18 14:24:49+05:30,53480.1,0,0.0,0,0.0,0.0,53282.15,53619.2,52783.45,53710.35,0,0.0,0.0,0.0,0.0,-0.01,-1,-1,-0.01,-1,-1,-0.01,-1,-1,-0.01,-1,-1,-0.01,-1,-1,-0.01,-1,-1,-0.01,-1,-1,-0.01,-1,-1,-0.01,-1,-1,-0.01,-1,-1
99926009,2026-05-18 14:24:49+05:30,53480.35,0,0.0,0,0.0,0.0,53282.15,53619.2,52783.45,53710.35,0,0.0,0.0,0.0,0.0,-0.01,-1,-1,-0.01,-1,-1,-0.01,-1,-1,-0.01,-1,-1,-0.01,-1,-1,-0.01,-1,-1,-0.01,-1,-1,-0.01,-1,-1,-0.01,-1,-1,-0.01,-1,-1
99926009,2026-05-18 14:24:50+05:30,53480.2,0,0.0,0,0.0,0.0,53282.15,53619.2,52783.45,53710.35,0,0.0,0.0,0.0,0.0,-0.01,-1,-1,-0.01,-1,-1,-0.01,-1,-1,-0.01,-1,-1,-0.01,-1,-1,-0.01,-1,-1,-0.01,-1,-1,-0.01,-1,-1,-0.01,-1,-1,-0.01,-1,-1
99926009,2026-05-18 14:24:50+05:30,53480.4,0,0.0,0,0.0,0.0,53282.15,53619.2,52783.45,53710.35,0,0.0,0.0,0.0,0.0,-0.01,-1,-1,-0.01,-1,-1,-0.01,-1,-1,-0.01,-1,-1,-0.01,-1,-1,-0.01,-1,-1,-0.01,-1,-1,-0.01,-1,-1,-0.01,-1,-1,-0.01,-1,-1
99926009,2026-05-18 14:24:51+05:30,53480.5,0,0.0,0,0.0,0.0,53282.15,53619.2,52783.45,53710.35,0,0.0,0.0,0.0,0.0,-0.01,-1,-1,-0.01,-1,-1,-0.01,-1,-1,-0.01,-1,-1,-0.01,-1,-1,-0.01,-1,-1,-0.01,-1,-1,-0.01,-1,-1,-0.01,-1,-1,-0.01,-1,-1
99926009,2026-05-18 14:24:51+05:30,53480.4,0,0.0,0,0.0,0.0,53282.15,53619.2,52783.45,53710.35,0,0.0,0.0,0.0,0.0,-0.01,-1,-1,-0.01,-1,-1,-0.01,-1,-1,-0.01,-1,-1,-0.01,-1,-1,-0.01,-1,-1,-0.01,-1,-1,-0.01,-1,-1,-0.01,-1,-1,-0.01,-1,-1
99926009,2026-05-18 14:24:52+05:30,53479.65,0,0.0,0,0.0,0.0,53282.15,53619.2,52783.45,53710.35,0,0.0,0.0,0.0,0.0,-0.01,-1,-1,-0.01,-1,-1,-0.01,-1,-1,-0.01,-1,-1,-0.01,-1,-1,-0.01,-1,-1,-0.01,-1,-1,-0.01,-1,-1,-0.01,-1,-1,-0.01,-1,-1
99926009,2026-05-18 14:24:52+05:30,53481.25,0,0.0,0,0.0,0.0,53282.15,53619.2,52783.45,53710.35,0,0.0,0.0,0.0,0.0,-0.01,-1,-1,-0.01,-1,-1,-0.01,-1,-1,-0.01,-1,-1,-0.01,-1,-1,-0.01,-1,-1,-0.01,-1,-1,-0.01,-1,-1,-0.01,-1,-1,-0.01,-1,-1
99926009,2026-05-18 14:24:53+05:30,53480.85,0,0.0,0,0.0,0.0,53282.15,53619.2,52783.45,53710.35,0,0.0,0.0,0.0,0.0,-0.01,-1,-1,-0.01,-1,-1,-0.01,-1,-1,-0.01,-1,-1,-0.01,-1,-1,-0.01,-1,-1,-0.01,-1,-1,-0.01,-1,-1,-0.01,-1,-1,-0.01,-1,-1
99926009,2026-05-18 14:24:53+05:30,53478.4,0,0.0,0,0.0,0.0,53282.15,53619.2,52783.45,53710.35,0,0.0,0.0,0.0,0.0,-0.01,-1,-1,-0.01,-1,-1,-0.01,-1,-1,-0.01,-1,-1,-0.01,-1,-1,-0.01,-1,-1,-0.01,-1,-1,-0.01,-1,-1,-0.01,-1,-1,-0.01,-1,-1
99926009,2026-05-18 14:24:54+05:30,53475.9,0,0.0,0,0.0,0.0,53282.15,53619.2,52783.45,53710.35,0,0.0,0.0,0.0,0.0,-0.01,-1,-1,-0.01,-1,-1,-0.01,-1,-1,-0.01,-1,-1,-0.01,-1,-1,-0.01,-1,-1,-0.01,-1,-1,-0.01,-1,-1,-0.01,-1,-1,-0.01,-1,-1
99926009,2026-05-18 14:24:54+05:30,53478.1,0,0.0,0,0.0,0.0,53282.15,53619.2,52783.45,53710.35,0,0.0,0.0,0.0,0.0,-0.01,-1,-1,-0.01,-1,-1,-0.01,-1,-1,-0.01,-1,-1,-0.01,-1,-1,-0.01,-1,-1,-0.01,-1,-1,-0.01,-1,-1,-0.01,-1,-1,-0.01,-1,-1
99926009,2026-05-18 14:24:55+05:30,53474.3,0,0.0,0,0.0,0.0,53282.15,53619.2,52783.45,53710.35,0,0.0,0.0,0.0,0.0,-0.01,-1,-1,-0.01,-1,-1,-0.01,-1,-1,-0.01,-1,-1,-0.01,-1,-1,-0.01,-1,-1,-0.01,-1,-1,-0.01,-1,-1,-0.01,-1,-1,-0.01,-1,-1
99926009,2026-05-18 14:24:55+05:30,53475.2,0,0.0,0,0.0,0.0,53282.15,53619.2,52783.45,53710.35,0,0.0,0.0,0.0,0.0,-0.01,-1,-1,-0.01,-1,-1,-0.01,-1,-1,-0.01,-1,-1,-0.01,-1,-1,-0.01,-1,-1,-0.01,-1,-1,-0.01,-1,-1,-0.01,-1,-1,-0.01,-1,-1
99926009,2026-05-18 14:24:56+05:30,53476.75,0,0.0,0,0.0,0.0,53282.15,53619.2,52783.45,53710.35,0,0.0,0.0,0.0,0.0,-0.01,-1,-1,-0.01,-1,-1,-0.01,-1,-1,-0.01,-1,-1,-0.01,-1,-1,-0.01,-1,-1,-0.01,-1,-1,-0.01,-1,-1,-0.01,-1,-1,-0.01,-1,-1
99926009,2026-05-18 14:24:56+05:30,53473.75,0,0.0,0,0.0,0.0,53282.15,53619.2,52783.45,53710.35,0,0.0,0.0,0.0,0.0,-0.01,-1,-1,-0.01,-1,-1,-0.01,-1,-1,-0.01,-1,-1,-0.01,-1,-1,-0.01,-1,-1,-0.01,-1,-1,-0.01,-1,-1,-0.01,-1,-1,-0.01,-1,-1
99926009,2026-05-18 14:24:57+05:30,53476.0,0,0.0,0,0.0,0.0,53282.15,53619.2,52783.45,53710.35,0,0.0,0.0,0.0,0.0,-0.01,-1,-1,-0.01,-1,-1,-0.01,-1,-1,-0.01,-1,-1,-0.01,-1,-1,-0.01,-1,-1,-0.01,-1,-1,-0.01,-1,-1,-0.01,-1,-1,-0.01,-1,-1
99926009,2026-05-18 14:24:57+05:30,53474.15,0,0.0,0,0.0,0.0,53282.15,53619.2,52783.45,53710.35,0,0.0,0.0,0.0,0.0,-0.01,-1,-1,-0.01,-1,-1,-0.01,-1,-1,-0.01,-1,-1,-0.01,-1,-1,-0.01,-1,-1,-0.01,-1,-1,-0.01,-1,-1,-0.01,-1,-1,-0.01,-1,-1
99926009,2026-05-18 14:24:58+05:30,53473.45,0,0.0,0,0.0,0.0,53282.15,53619.2,52783.45,53710.35,0,0.0,0.0,0.0,0.0,-0.01,-1,-1,-0.01,-1,-1,-0.01,-1,-1,-0.01,-1,-1,-0.01,-1,-1,-0.01,-1,-1,-0.01,-1,-1,-0.01,-1,-1,-0.01,-1,-1,-0.01,-1,-1
99926009,2026-05-18 14:24:58+05:30,53468.25,0,0.0,0,0.0,0.0,53282.15,53619.2,52783.45,53710.35,0,0.0,0.0,0.0,0.0,-0.01,-1,-1,-0.01,-1,-1,-0.01,-1,-1,-0.01,-1,-1,-0.01,-1,-1,-0.01,-1,-1,-0.01,-1,-1,-0.01,-1,-1,-0.01,-1,-1,-0.01,-1,-1
99926009,2026-05-18 14:24:59+05:30,53467.1,0,0.0,0,0.0,0.0,53282.15,53619.2,52783.45,53710.35,0,0.0,0.0,0.0,0.0,-0.01,-1,-1,-0.01,-1,-1,-0.01,-1,-1,-0.01,-1,-1,-0.01,-1,-1,-0.01,-1,-1,-0.01,-1,-1,-0.01,-1,-1,-0.01,-1,-1,-0.01,-1,-1
99926009,2026-05-18 14:24:59+05:30,53467.75,0,0.0,0,0.0,0.0,53282.15,53619.2,52783.45,53710.35,0,0.0,0.0,0.0,0.0,-0.01,-1,-1,-0.01,-1,-1,-0.01,-1,-1,-0.01,-1,-1,-0.01,-1,-1,-0.01,-1,-1,-0.01,-1,-1,-0.01,-1,-1,-0.01,-1,-1,-0.01,-1,-1
99926009,2026-05-18 14:25:00+05:30,53467.8,0,0.0,0,0.0,0.0,53282.15,53619.2,52783.45,53710.35,0,0.0,0.0,0.0,0.0,-0.01,-1,-1,-0.01,-1,-1,-0.01,-1,-1,-0.01,-1,-1,-0.01,-1,-1,-0.01,-1,-1,-0.01,-1,-1,-0.01,-1,-1,-0.01,-1,-1,-0.01,-1,-1
99926009,2026-05-18 14:25:00+05:30,53469.35,0,0.0,0,0.0,0.0,53282.15,53619.2,52783.45,53710.35,0,0.0,0.0,0.0,0.0,-0.01,-1,-1,-0.01,-1,-1,-0.01,-1,-1,-0.01,-1,-1,-0.01,-1,-1,-0.01,-1,-1,-0.01,-1,-1,-0.01,-1,-1,-0.01,-1,-1,-0.01,-1,-1
99926009,2026-05-18 14:25:01+05:30,53468.6,0,0.0,0,0.0,0.0,53282.15,53619.2,52783.45,53710.35,0,0.0,0.0,0.0,0.0,-0.01,-1,-1,-0.01,-1,-1,-0.01,-1,-1,-0.01,-1,-1,-0.01,-1,-1,-0.01,-1,-1,-0.01,-1,-1,-0.01,-1,-1,-0.01,-1,-1,-0.01,-1,-1
99926009,2026-05-18 14:25:01+05:30,53467.65,0,0.0,0,0.0,0.0,53282.15,53619.2,52783.45,53710.35,0,0.0,0.0,0.0,0.0,-0.01,-1,-1,-0.01,-1,-1,-0.01,-1,-1,-0.01,-1,-1,-0.01,-1,-1,-0.01,-1,-1,-0.01,-1,-1,-0.01,-1,-1,-0.01,-1,-1,-0.01,-1,-1
99926009,2026-05-18 14:25:02+05:30,53462.75,0,0.0,0,0.0,0.0,53282.15,53619.2,52783.45,53710.35,0,0.0,0.0,0.0,0.0,-0.01,-1,-1,-0.01,-1,-1,-0.01,-1,-1,-0.01,-1,-1,-0.01,-1,-1,-0.01,-1,-1,-0.01,-1,-1,-0.01,-1,-1,-0.01,-1,-1,-0.01,-1,-1
99926009,2026-05-18 14:25:02+05:30,53452.4,0,0.0,0,0.0,0.0,53282.15,53619.2,52783.45,53710.35,0,0.0,0.0,0.0,0.0,-0.01,-1,-1,-0.01,-1,-1,-0.01,-1,-1,-0.01,-1,-1,-0.01,-1,-1,-0.01,-1,-1,-0.01,-1,-1,-0.01,-1,-1,-0.01,-1,-1,-0.01,-1,-1
99926009,2026-05-18 14:25:03+05:30,53448.15,0,0.0,0,0.0,0.0,53282.15,53619.2,52783.45,53710.35,0,0.0,0.0,0.0,0.0,-0.01,-1,-1,-0.01,-1,-1,-0.01,-1,-1,-0.01,-1,-1,-0.01,-1,-1,-0.01,-1,-1,-0.01,-1,-1,-0.01,-1,-1,-0.01,-1,-1,-0.01,-1,-1
99926009,2026-05-18 14:25:03+05:30,53449.25,0,0.0,0,0.0,0.0,53282.15,53619.2,52783.45,53710.35,0,0.0,0.0,0.0,0.0,-0.01,-1,-1,-0.01,-1,-1,-0.01,-1,-1,-0.01,-1,-1,-0.01,-1,-1,-0.01,-1,-1,-0.01,-1,-1,-0.01,-1,-1,-0.01,-1,-1,-0.01,-1,-1
99926009,2026-05-18 14:25:04+05:30,53445.9,0,0.0,0,0.0,0.0,53282.15,53619.2,52783.45,53710.35,0,0.0,0.0,0.0,0.0,-0.01,-1,-1,-0.01,-1,-1,-0.01,-1,-1,-0.01,-1,-1,-0.01,-1,-1,-0.01,-1,-1,-0.01,-1,-1,-0.01,-1,-1,-0.01,-1,-1,-0.01,-1,-1
99926009,2026-05-18 14:25:04+05:30,53443.9,0,0.0,0,0.0,0.0,53282.15,53619.2,52783.45,53710.35,0,0.0,0.0,0.0,0.0,-0.01,-1,-1,-0.01,-1,-1,-0.01,-1,-1,-0.01,-1,-1,-0.01,-1,-1,-0.01,-1,-1,-0.01,-1,-1,-0.01,-1,-1,-0.01,-1,-1,-0.01,-1,-1
99926009,2026-05-18 14:25:05+05:30,53441.0,0,0.0,0,0.0,0.0,53282.15,53619.2,52783.45,53710.35,0,0.0,0.0,0.0,0.0,-0.01,-1,-1,-0.01,-1,-1,-0.01,-1,-1,-0.01,-1,-1,-0.01,-1,-1,-0.01,-1,-1,-0.01,-1,-1,-0.01,-1,-1,-0.01,-1,-1,-0.01,-1,-1
99926009,2026-05-18 14:25:05+05:30,53444.2,0,0.0,0,0.0,0.0,53282.15,53619.2,52783.45,53710.35,0,0.0,0.0,0.0,0.0,-0.01,-1,-1,-0.01,-1,-1,-0.01,-1,-1,-0.01,-1,-1,-0.01,-1,-1,-0.01,-1,-1,-0.01,-1,-1,-0.01,-1,-1,-0.01,-1,-1,-0.01,-1,-1
99926009,2026-05-18 14:25:06+05:30,53443.55,0,0.0,0,0.0,0.0,53282.15,53619.2,52783.45,53710.35,0,0.0,0.0,0.0,0.0,-0.01,-1,-1,-0.01,-1,-1,-0.01,-1,-1,-0.01,-1,-1,-0.01,-1,-1,-0.01,-1,-1,-0.01,-1,-1,-0.01,-1,-1,-0.01,-1,-1,-0.01,-1,-1
99926009,2026-05-18 14:25:06+05:30,53441.6,0,0.0,0,0.0,0.0,53282.15,53619.2,52783.45,53710.35,0,0.0,0.0,0.0,0.0,-0.01,-1,-1,-0.01,-1,-1,-0.01,-1,-1,-0.01,-1,-1,-0.01,-1,-1,-0.01,-1,-1,-0.01,-1,-1,-0.01,-1,-1,-0.01,-1,-1,-0.01,-1,-1
99926009,2026-05-18 14:25:07+05:30,53445.8,0,0.0,0,0.0,0.0,53282.15,53619.2,52783.45,53710.35,0,0.0,0.0,0.0,0.0,-0.01,-1,-1,-0.01,-1,-1,-0.01,-1,-1,-0.01,-1,-1,-0.01,-1,-1,-0.01,-1,-1,-0.01,-1,-1,-0.01,-1,-1,-0.01,-1,-1,-0.01,-1,-1
99926009,2026-05-18 14:25:07+05:30,53445.2,0,0.0,0,0.0,0.0,53282.15,53619.2,52783.45,53710.35,0,0.0,0.0,0.0,0.0,-0.01,-1,-1,-0.01,-1,-1,-0.01,-1,-1,-0.01,-1,-1,-0.01,-1,-1,-0.01,-1,-1,-0.01,-1,-1,-0.01,-1,-1,-0.01,-1,-1,-0.01,-1,-1
99926009,2026-05-18 14:25:08+05:30,53444.8,0,0.0,0,0.0,0.0,53282.15,53619.2,52783.45,53710.35,0,0.0,0.0,0.0,0.0,-0.01,-1,-1,-0.01,-1,-1,-0.01,-1,-1,-0.01,-1,-1,-0.01,-1,-1,-0.01,-1,-1,-0.01,-1,-1,-0.01,-1,-1,-0.01,-1,-1,-0.01,-1,-1
99926009,2026-05-18 14:25:08+05:30,53448.15,0,0.0,0,0.0,0.0,53282.15,53619.2,52783.45,53710.35,0,0.0,0.0,0.0,0.0,-0.01,-1,-1,-0.01,-1,-1,-0.01,-1,-1,-0.01,-1,-1,-0.01,-1,-1,-0.01,-1,-1,-0.01,-1,-1,-0.01,-1,-1,-0.01,-1,-1,-0.01,-1,-1
99926009,2026-05-18 14:25:09+05:30,53450.65,0,0.0,0,0.0,0.0,53282.15,53619.2,52783.45,53710.35,0,0.0,0.0,0.0,0.0,-0.01,-1,-1,-0.01,-1,-1,-0.01,-1,-1,-0.01,-1,-1,-0.01,-1,-1,-0.01,-1,-1,-0.01,-1,-1,-0.01,-1,-1,-0.01,-1,-1,-0.01,-1,-1
99926009,2026-05-18 14:25:09+05:30,53452.45,0,0.0,0,0.0,0.0,53282.15,53619.2,52783.45,53710.35,0,0.0,0.0,0.0,0.0,-0.01,-1,-1,-0.01,-1,-1,-0.01,-1,-1,-0.01,-1,-1,-0.01,-1,-1,-0.01,-1,-1,-0.01,-1,-1,-0.01,-1,-1,-0.01,-1,-1,-0.01,-1,-1
99926009,2026-05-18 14:25:10+05:30,53450.8,0,0.0,0,0.0,0.0,53282.15,53619.2,52783.45,53710.35,0,0.0,0.0,0.0,0.0,-0.01,-1,-1,-0.01,-1,-1,-0.01,-1,-1,-0.01,-1,-1,-0.01,-1,-1,-0.01,-1,-1,-0.01,-1,-1,-0.01,-1,-1,-0.01,-1,-1,-0.01,-1,-1
99926009,2026-05-18 14:25:10+05:30,53453.25,0,0.0,0,0.0,0.0,53282.15,53619.2,52783.45,53710.35,0,0.0,0.0,0.0,0.0,-0.01,-1,-1,-0.01,-1,-1,-0.01,-1,-1,-0.01,-1,-1,-0.01,-1,-1,-0.01,-1,-1,-0.01,-1,-1,-0.01,-1,-1,-0.01,-1,-1,-0.01,-1,-1
99926009,2026-05-18 14:25:11+05:30,53451.65,0,0.0,0,0.0,0.0,53282.15,53619.2,52783.45,53710.35,0,0.0,0.0,0.0,0.0,-0.01,-1,-1,-0.01,-1,-1,-0.01,-1,-1,-0.01,-1,-1,-0.01,-1,-1,-0.01,-1,-1,-0.01,-1,-1,-0.01,-1,-1,-0.01,-1,-1,-0.01,-1,-1
99926009,2026-05-18 14:25:11+05:30,53454.9,0,0.0,0,0.0,0.0,53282.15,53619.2,52783.45,53710.35,0,0.0,0.0,0.0,0.0,-0.01,-1,-1,-0.01,-1,-1,-0.01,-1,-1,-0.01,-1,-1,-0.01,-1,-1,-0.01,-1,-1,-0.01,-1,-1,-0.01,-1,-1,-0.01,-1,-1,-0.01,-1,-1
99926009,2026-05-18 14:25:12+05:30,53455.8,0,0.0,0,0.0,0.0,53282.15,53619.2,52783.45,53710.35,0,0.0,0.0,0.0,0.0,-0.01,-1,-1,-0.01,-1,-1,-0.01,-1,-1,-0.01,-1,-1,-0.01,-1,-1,-0.01,-1,-1,-0.01,-1,-1,-0.01,-1,-1,-0.01,-1,-1,-0.01,-1,-1
99926009,2026-05-18 14:25:12+05:30,53453.8,0,0.0,0,0.0,0.0,53282.15,53619.2,52783.45,53710.35,0,0.0,0.0,0.0,0.0,-0.01,-1,-1,-0.01,-1,-1,-0.01,-1,-1,-0.01,-1,-1,-0.01,-1,-1,-0.01,-1,-1,-0.01,-1,-1,-0.01,-1,-1,-0.01,-1,-1,-0.01,-1,-1
99926009,2026-05-18 14:25:13+05:30,53451.7,0,0.0,0,0.0,0.0,53282.15,53619.2,52783.45,53710.35,0,0.0,0.0,0.0,0.0,-0.01,-1,-1,-0.01,-1,-1,-0.01,-1,-1,-0.01,-1,-1,-0.01,-1,-1,-0.01,-1,-1,-0.01,-1,-1,-0.01,-1,-1,-0.01,-1,-1,-0.01,-1,-1
99926009,2026-05-18 14:25:13+05:30,53452.65,0,0.0,0,0.0,0.0,53282.15,53619.2,52783.45,53710.35,0,0.0,0.0,0.0,0.0,-0.01,-1,-1,-0.01,-1,-1,-0.01,-1,-1,-0.01,-1,-1,-0.01,-1,-1,-0.01,-1,-1,-0.01,-1,-1,-0.01,-1,-1,-0.01,-1,-1,-0.01,-1,-1
99926009,2026-05-18 14:25:14+05:30,53453.8,0,0.0,0,0.0,0.0,53282.15,53619.2,52783.45,53710.35,0,0.0,0.0,0.0,0.0,-0.01,-1,-1,-0.01,-1,-1,-0.01,-1,-1,-0.01,-1,-1,-0.01,-1,-1,-0.01,-1,-1,-0.01,-1,-1,-0.01,-1,-1,-0.01,-1,-1,-0.01,-1,-1
99926009,2026-05-18 14:25:14+05:30,53454.45,0,0.0,0,0.0,0.0,53282.15,53619.2,52783.45,53710.35,0,0.0,0.0,0.0,0.0,-0.01,-1,-1,-0.01,-1,-1,-0.01,-1,-1,-0.01,-1,-1,-0.01,-1,-1,-0.01,-1,-1,-0.01,-1,-1,-0.01,-1,-1,-0.01,-1,-1,-0.01,-1,-1
99926009,2026-05-18 14:25:15+05:30,53453.3,0,0.0,0,0.0,0.0,53282.15,53619.2,52783.45,53710.35,0,0.0,0.0,0.0,0.0,-0.01,-1,-1,-0.01,-1,-1,-0.01,-1,-1,-0.01,-1,-1,-0.01,-1,-1,-0.01,-1,-1,-0.01,-1,-1,-0.01,-1,-1,-0.01,-1,-1,-0.01,-1,-1
99926009,2026-05-18 14:25:15+05:30,53454.75,0,0.0,0,0.0,0.0,53282.15,53619.2,52783.45,53710.35,0,0.0,0.0,0.0,0.0,-0.01,-1,-1,-0.01,-1,-1,-0.01,-1,-1,-0.01,-1,-1,-0.01,-1,-1,-0.01,-1,-1,-0.01,-1,-1,-0.01,-1,-1,-0.01,-1,-1,-0.01,-1,-1
99926009,2026-05-18 14:25:16+05:30,53460.35,0,0.0,0,0.0,0.0,53282.15,53619.2,52783.45,53710.35,0,0.0,0.0,0.0,0.0,-0.01,-1,-1,-0.01,-1,-1,-0.01,-1,-1,-0.01,-1,-1,-0.01,-1,-1,-0.01,-1,-1,-0.01,-1,-1,-0.01,-1,-1,-0.01,-1,-1,-0.01,-1,-1
99926009,2026-05-18 14:25:16+05:30,53460.05,0,0.0,0,0.0,0.0,53282.15,53619.2,52783.45,53710.35,0,0.0,0.0,0.0,0.0,-0.01,-1,-1,-0.01,-1,-1,-0.01,-1,-1,-0.01,-1,-1,-0.01,-1,-1,-0.01,-1,-1,-0.01,-1,-1,-0.01,-1,-1,-0.01,-1,-1,-0.01,-1,-1
99926009,2026-05-18 14:25:17+05:30,53461.5,0,0.0,0,0.0,0.0,53282.15,53619.2,52783.45,53710.35,0,0.0,0.0,0.0,0.0,-0.01,-1,-1,-0.01,-1,-1,-0.01,-1,-1,-0.01,-1,-1,-0.01,-1,-1,-0.01,-1,-1,-0.01,-1,-1,-0.01,-1,-1,-0.01,-1,-1,-0.01,-1,-1
99926009,2026-05-18 14:25:17+05:30,53458.4,0,0.0,0,0.0,0.0,53282.15,53619.2,52783.45,53710.35,0,0.0,0.0,0.0,0.0,-0.01,-1,-1,-0.01,-1,-1,-0.01,-1,-1,-0.01,-1,-1,-0.01,-1,-1,-0.01,-1,-1,-0.01,-1,-1,-0.01,-1,-1,-0.01,-1,-1,-0.01,-1,-1
99926009,2026-05-18 14:25:18+05:30,53460.85,0,0.0,0,0.0,0.0,53282.15,53619.2,52783.45,53710.35,0,0.0,0.0,0.0,0.0,-0.01,-1,-1,-0.01,-1,-1,-0.01,-1,-1,-0.01,-1,-1,-0.01,-1,-1,-0.01,-1,-1,-0.01,-1,-1,-0.01,-1,-1,-0.01,-1,-1,-0.01,-1,-1
99926009,2026-05-18 14:25:18+05:30,53461.1,0,0.0,0,0.0,0.0,53282.15,53619.2,52783.45,53710.35,0,0.0,0.0,0.0,0.0,-0.01,-1,-1,-0.01,-1,-1,-0.01,-1,-1,-0.01,-1,-1,-0.01,-1,-1,-0.01,-1,-1,-0.01,-1,-1,-0.01,-1,-1,-0.01,-1,-1,-0.01,-1,-1
99926009,2026-05-18 14:25:19+05:30,53457.9,0,0.0,0,0.0,0.0,53282.15,53619.2,52783.45,53710.35,0,0.0,0.0,0.0,0.0,-0.01,-1,-1,-0.01,-1,-1,-0.01,-1,-1,-0.01,-1,-1,-0.01,-1,-1,-0.01,-1,-1,-0.01,-1,-1,-0.01,-1,-1,-0.01,-1,-1,-0.01,-1,-1
99926009,2026-05-18 14:25:19+05:30,53459.65,0,0.0,0,0.0,0.0,53282.15,53619.2,52783.45,53710.35,0,0.0,0.0,0.0,0.0,-0.01,-1,-1,-0.01,-1,-1,-0.01,-1,-1,-0.01,-1,-1,-0.01,-1,-1,-0.01,-1,-1,-0.01,-1,-1,-0.01,-1,-1,-0.01,-1,-1,-0.01,-1,-1
99926009,2026-05-18 14:25:20+05:30,53459.85,0,0.0,0,0.0,0.0,53282.15,53619.2,52783.45,53710.35,0,0.0,0.0,0.0,0.0,-0.01,-1,-1,-0.01,-1,-1,-0.01,-1,-1,-0.01,-1,-1,-0.01,-1,-1,-0.01,-1,-1,-0.01,-1,-1,-0.01,-1,-1,-0.01,-1,-1,-0.01,-1,-1
99926009,2026-05-18 14:25:20+05:30,53460.4,0,0.0,0,0.0,0.0,53282.15,53619.2,52783.45,53710.35,0,0.0,0.0,0.0,0.0,-0.01,-1,-1,-0.01,-1,-1,-0.01,-1,-1,-0.01,-1,-1,-0.01,-1,-1,-0.01,-1,-1,-0.01,-1,-1,-0.01,-1,-1,-0.01,-1,-1,-0.01,-1,-1
99926009,2026-05-18 14:25:21+05:30,53458.8,0,0.0,0,0.0,0.0,53282.15,53619.2,52783.45,53710.35,0,0.0,0.0,0.0,0.0,-0.01,-1,-1,-0.01,-1,-1,-0.01,-1,-1,-0.01,-1,-1,-0.01,-1,-1,-0.01,-1,-1,-0.01,-1,-1,-0.01,-1,-1,-0.01,-1,-1,-0.01,-1,-1
99926009,2026-05-18 14:25:21+05:30,53457.8,0,0.0,0,0.0,0.0,53282.15,53619.2,52783.45,53710.35,0,0.0,0.0,0.0,0.0,-0.01,-1,-1,-0.01,-1,-1,-0.01,-1,-1,-0.01,-1,-1,-0.01,-1,-1,-0.01,-1,-1,-0.01,-1,-1,-0.01,-1,-1,-0.01,-1,-1,-0.01,-1,-1
99926009,2026-05-18 14:25:22+05:30,53457.0,0,0.0,0,0.0,0.0,53282.15,53619.2,52783.45,53710.35,0,0.0,0.0,0.0,0.0,-0.01,-1,-1,-0.01,-1,-1,-0.01,-1,-1,-0.01,-1,-1,-0.01,-1,-1,-0.01,-1,-1,-0.01,-1,-1,-0.01,-1,-1,-0.01,-1,-1,-0.01,-1,-1
99926009,2026-05-18 14:25:22+05:30,53457.35,0,0.0,0,0.0,0.0,53282.15,53619.2,52783.45,53710.35,0,0.0,0.0,0.0,0.0,-0.01,-1,-1,-0.01,-1,-1,-0.01,-1,-1,-0.01,-1,-1,-0.01,-1,-1,-0.01,-1,-1,-0.01,-1,-1,-0.01,-1,-1,-0.01,-1,-1,-0.01,-1,-1
99926009,2026-05-18 14:25:23+05:30,53457.55,0,0.0,0,0.0,0.0,53282.15,53619.2,52783.45,53710.35,0,0.0,0.0,0.0,0.0,-0.01,-1,-1,-0.01,-1,-1,-0.01,-1,-1,-0.01,-1,-1,-0.01,-1,-1,-0.01,-1,-1,-0.01,-1,-1,-0.01,-1,-1,-0.01,-1,-1,-0.01,-1,-1
99926009,2026-05-18 14:25:23+05:30,53455.7,0,0.0,0,0.0,0.0,53282.15,53619.2,52783.45,53710.35,0,0.0,0.0,0.0,0.0,-0.01,-1,-1,-0.01,-1,-1,-0.01,-1,-1,-0.01,-1,-1,-0.01,-1,-1,-0.01,-1,-1,-0.01,-1,-1,-0.01,-1,-1,-0.01,-1,-1,-0.01,-1,-1
99926009,2026-05-18 14:25:24+05:30,53463.05,0,0.0,0,0.0,0.0,53282.15,53619.2,52783.45,53710.35,0,0.0,0.0,0.0,0.0,-0.01,-1,-1,-0.01,-1,-1,-0.01,-1,-1,-0.01,-1,-1,-0.01,-1,-1,-0.01,-1,-1,-0.01,-1,-1,-0.01,-1,-1,-0.01,-1,-1,-0.01,-1,-1
99926009,2026-05-18 14:25:24+05:30,53464.35,0,0.0,0,0.0,0.0,53282.15,53619.2,52783.45,53710.35,0,0.0,0.0,0.0,0.0,-0.01,-1,-1,-0.01,-1,-1,-0.01,-1,-1,-0.01,-1,-1,-0.01,-1,-1,-0.01,-1,-1,-0.01,-1,-1,-0.01,-1,-1,-0.01,-1,-1,-0.01,-1,-1
99926009,2026-05-18 14:25:25+05:30,53467.25,0,0.0,0,0.0,0.0,53282.15,53619.2,52783.45,53710.35,0,0.0,0.0,0.0,0.0,-0.01,-1,-1,-0.01,-1,-1,-0.01,-1,-1,-0.01,-1,-1,-0.01,-1,-1,-0.01,-1,-1,-0.01,-1,-1,-0.01,-1,-1,-0.01,-1,-1,-0.01,-1,-1
99926009,2026-05-18 14:25:25+05:30,53466.85,0,0.0,0,0.0,0.0,53282.15,53619.2,52783.45,53710.35,0,0.0,0.0,0.0,0.0,-0.01,-1,-1,-0.01,-1,-1,-0.01,-1,-1,-0.01,-1,-1,-0.01,-1,-1,-0.01,-1,-1,-0.01,-1,-1,-0.01,-1,-1,-0.01,-1,-1,-0.01,-1,-1
99926009,2026-05-18 14:25:26+05:30,53464.5,0,0.0,0,0.0,0.0,53282.15,53619.2,52783.45,53710.35,0,0.0,0.0,0.0,0.0,-0.01,-1,-1,-0.01,-1,-1,-0.01,-1,-1,-0.01,-1,-1,-0.01,-1,-1,-0.01,-1,-1,-0.01,-1,-1,-0.01,-1,-1,-0.01,-1,-1,-0.01,-1,-1
99926009,2026-05-18 14:25:26+05:30,53465.65,0,0.0,0,0.0,0.0,53282.15,53619.2,52783.45,53710.35,0,0.0,0.0,0.0,0.0,-0.01,-1,-1,-0.01,-1,-1,-0.01,-1,-1,-0.01,-1,-1,-0.01,-1,-1,-0.01,-1,-1,-0.01,-1,-1,-0.01,-1,-1,-0.01,-1,-1,-0.01,-1,-1
99926009,2026-05-18 14:25:27+05:30,53467.2,0,0.0,0,0.0,0.0,53282.15,53619.2,52783.45,53710.35,0,0.0,0.0,0.0,0.0,-0.01,-1,-1,-0.01,-1,-1,-0.01,-1,-1,-0.01,-1,-1,-0.01,-1,-1,-0.01,-1,-1,-0.01,-1,-1,-0.01,-1,-1,-0.01,-1,-1,-0.01,-1,-1
99926009,2026-05-18 14:25:27+05:30,53467.15,0,0.0,0,0.0,0.0,53282.15,53619.2,52783.45,53710.35,0,0.0,0.0,0.0,0.0,-0.01,-1,-1,-0.01,-1,-1,-0.01,-1,-1,-0.01,-1,-1,-0.01,-1,-1,-0.01,-1,-1,-0.01,-1,-1,-0.01,-1,-1,-0.01,-1,-1,-0.01,-1,-1
99926009,2026-05-18 14:25:28+05:30,53466.7,0,0.0,0,0.0,0.0,53282.15,53619.2,52783.45,53710.35,0,0.0,0.0,0.0,0.0,-0.01,-1,-1,-0.01,-1,-1,-0.01,-1,-1,-0.01,-1,-1,-0.01,-1,-1,-0.01,-1,-1,-0.01,-1,-1,-0.01,-1,-1,-0.01,-1,-1,-0.01,-1,-1
99926009,2026-05-18 14:25:28+05:30,53467.4,0,0.0,0,0.0,0.0,53282.15,53619.2,52783.45,53710.35,0,0.0,0.0,0.0,0.0,-0.01,-1,-1,-0.01,-1,-1,-0.01,-1,-1,-0.01,-1,-1,-0.01,-1,-1,-0.01,-1,-1,-0.01,-1,-1,-0.01,-1,-1,-0.01,-1,-1,-0.01,-1,-1
99926009,2026-05-18 14:25:29+05:30,53466.55,0,0.0,0,0.0,0.0,53282.15,53619.2,52783.45,53710.35,0,0.0,0.0,0.0,0.0,-0.01,-1,-1,-0.01,-1,-1,-0.01,-1,-1,-0.01,-1,-1,-0.01,-1,-1,-0.01,-1,-1,-0.01,-1,-1,-0.01,-1,-1,-0.01,-1,-1,-0.01,-1,-1
99926009,2026-05-18 14:25:29+05:30,53464.65,0,0.0,0,0.0,0.0,53282.15,53619.2,52783.45,53710.35,0,0.0,0.0,0.0,0.0,-0.01,-1,-1,-0.01,-1,-1,-0.01,-1,-1,-0.01,-1,-1,-0.01,-1,-1,-0.01,-1,-1,-0.01,-1,-1,-0.01,-1,-1,-0.01,-1,-1,-0.01,-1,-1
99926009,2026-05-18 14:25:30+05:30,53465.15,0,0.0,0,0.0,0.0,53282.15,53619.2,52783.45,53710.35,0,0.0,0.0,0.0,0.0,-0.01,-1,-1,-0.01,-1,-1,-0.01,-1,-1,-0.01,-1,-1,-0.01,-1,-1,-0.01,-1,-1,-0.01,-1,-1,-0.01,-1,-1,-0.01,-1,-1,-0.01,-1,-1
99926009,2026-05-18 14:25:30+05:30,53465.05,0,0.0,0,0.0,0.0,53282.15,53619.2,52783.45,53710.35,0,0.0,0.0,0.0,0.0,-0.01,-1,-1,-0.01,-1,-1,-0.01,-1,-1,-0.01,-1,-1,-0.01,-1,-1,-0.01,-1,-1,-0.01,-1,-1,-0.01,-1,-1,-0.01,-1,-1,-0.01,-1,-1
99926009,2026-05-18 14:25:31+05:30,53464.7,0,0.0,0,0.0,0.0,53282.15,53619.2,52783.45,53710.35,0,0.0,0.0,0.0,0.0,-0.01,-1,-1,-0.01,-1,-1,-0.01,-1,-1,-0.01,-1,-1,-0.01,-1,-1,-0.01,-1,-1,-0.01,-1,-1,-0.01,-1,-1,-0.01,-1,-1,-0.01,-1,-1
99926009,2026-05-18 14:25:31+05:30,53466.4,0,0.0,0,0.0,0.0,53282.15,53619.2,52783.45,53710.35,0,0.0,0.0,0.0,0.0,-0.01,-1,-1,-0.01,-1,-1,-0.01,-1,-1,-0.01,-1,-1,-0.01,-1,-1,-0.01,-1,-1,-0.01,-1,-1,-0.01,-1,-1,-0.01,-1,-1,-0.01,-1,-1
99926009,2026-05-18 14:25:32+05:30,53467.1,0,0.0,0,0.0,0.0,53282.15,53619.2,52783.45,53710.35,0,0.0,0.0,0.0,0.0,-0.01,-1,-1,-0.01,-1,-1,-0.01,-1,-1,-0.01,-1,-1,-0.01,-1,-1,-0.01,-1,-1,-0.01,-1,-1,-0.01,-1,-1,-0.01,-1,-1,-0.01,-1,-1
99926009,2026-05-18 14:25:32+05:30,53464.0,0,0.0,0,0.0,0.0,53282.15,53619.2,52783.45,53710.35,0,0.0,0.0,0.0,0.0,-0.01,-1,-1,-0.01,-1,-1,-0.01,-1,-1,-0.01,-1,-1,-0.01,-1,-1,-0.01,-1,-1,-0.01,-1,-1,-0.01,-1,-1,-0.01,-1,-1,-0.01,-1,-1
99926009,2026-05-18 14:25:33+05:30,53462.75,0,0.0,0,0.0,0.0,53282.15,53619.2,52783.45,53710.35,0,0.0,0.0,0.0,0.0,-0.01,-1,-1,-0.01,-1,-1,-0.01,-1,-1,-0.01,-1,-1,-0.01,-1,-1,-0.01,-1,-1,-0.01,-1,-1,-0.01,-1,-1,-0.01,-1,-1,-0.01,-1,-1
99926009,2026-05-18 14:25:33+05:30,53464.0,0,0.0,0,0.0,0.0,53282.15,53619.2,52783.45,53710.35,0,0.0,0.0,0.0,0.0,-0.01,-1,-1,-0.01,-1,-1,-0.01,-1,-1,-0.01,-1,-1,-0.01,-1,-1,-0.01,-1,-1,-0.01,-1,-1,-0.01,-1,-1,-0.01,-1,-1,-0.01,-1,-1
99926009,2026-05-18 14:25:34+05:30,53465.75,0,0.0,0,0.0,0.0,53282.15,53619.2,52783.45,53710.35,0,0.0,0.0,0.0,0.0,-0.01,-1,-1,-0.01,-1,-1,-0.01,-1,-1,-0.01,-1,-1,-0.01,-1,-1,-0.01,-1,-1,-0.01,-1,-1,-0.01,-1,-1,-0.01,-1,-1,-0.01,-1,-1
99926009,2026-05-18 14:25:34+05:30,53463.8,0,0.0,0,0.0,0.0,53282.15,53619.2,52783.45,53710.35,0,0.0,0.0,0.0,0.0,-0.01,-1,-1,-0.01,-1,-1,-0.01,-1,-1,-0.01,-1,-1,-0.01,-1,-1,-0.01,-1,-1,-0.01,-1,-1,-0.01,-1,-1,-0.01,-1,-1,-0.01,-1,-1
99926009,2026-05-18 14:25:35+05:30,53463.45,0,0.0,0,0.0,0.0,53282.15,53619.2,52783.45,53710.35,0,0.0,0.0,0.0,0.0,-0.01,-1,-1,-0.01,-1,-1,-0.01,-1,-1,-0.01,-1,-1,-0.01,-1,-1,-0.01,-1,-1,-0.01,-1,-1,-0.01,-1,-1,-0.01,-1,-1,-0.01,-1,-1
99926009,2026-05-18 14:25:35+05:30,53461.45,0,0.0,0,0.0,0.0,53282.15,53619.2,52783.45,53710.35,0,0.0,0.0,0.0,0.0,-0.01,-1,-1,-0.01,-1,-1,-0.01,-1,-1,-0.01,-1,-1,-0.01,-1,-1,-0.01,-1,-1,-0.01,-1,-1,-0.01,-1,-1,-0.01,-1,-1,-0.01,-1,-1
99926009,2026-05-18 14:25:36+05:30,53464.75,0,0.0,0,0.0,0.0,53282.15,53619.2,52783.45,53710.35,0,0.0,0.0,0.0,0.0,-0.01,-1,-1,-0.01,-1,-1,-0.01,-1,-1,-0.01,-1,-1,-0.01,-1,-1,-0.01,-1,-1,-0.01,-1,-1,-0.01,-1,-1,-0.01,-1,-1,-0.01,-1,-1
99926009,2026-05-18 14:25:36+05:30,53462.8,0,0.0,0,0.0,0.0,53282.15,53619.2,52783.45,53710.35,0,0.0,0.0,0.0,0.0,-0.01,-1,-1,-0.01,-1,-1,-0.01,-1,-1,-0.01,-1,-1,-0.01,-1,-1,-0.01,-1,-1,-0.01,-1,-1,-0.01,-1,-1,-0.01,-1,-1,-0.01,-1,-1
99926009,2026-05-18 14:25:37+05:30,53464.45,0,0.0,0,0.0,0.0,53282.15,53619.2,52783.45,53710.35,0,0.0,0.0,0.0,0.0,-0.01,-1,-1,-0.01,-1,-1,-0.01,-1,-1,-0.01,-1,-1,-0.01,-1,-1,-0.01,-1,-1,-0.01,-1,-1,-0.01,-1,-1,-0.01,-1,-1,-0.01,-1,-1
99926009,2026-05-18 14:25:37+05:30,53461.0,0,0.0,0,0.0,0.0,53282.15,53619.2,52783.45,53710.35,0,0.0,0.0,0.0,0.0,-0.01,-1,-1,-0.01,-1,-1,-0.01,-1,-1,-0.01,-1,-1,-0.01,-1,-1,-0.01,-1,-1,-0.01,-1,-1,-0.01,-1,-1,-0.01,-1,-1,-0.01,-1,-1
99926009,2026-05-18 14:25:38+05:30,53463.15,0,0.0,0,0.0,0.0,53282.15,53619.2,52783.45,53710.35,0,0.0,0.0,0.0,0.0,-0.01,-1,-1,-0.01,-1,-1,-0.01,-1,-1,-0.01,-1,-1,-0.01,-1,-1,-0.01,-1,-1,-0.01,-1,-1,-0.01,-1,-1,-0.01,-1,-1,-0.01,-1,-1
99926009,2026-05-18 14:25:38+05:30,53466.0,0,0.0,0,0.0,0.0,53282.15,53619.2,52783.45,53710.35,0,0.0,0.0,0.0,0.0,-0.01,-1,-1,-0.01,-1,-1,-0.01,-1,-1,-0.01,-1,-1,-0.01,-1,-1,-0.01,-1,-1,-0.01,-1,-1,-0.01,-1,-1,-0.01,-1,-1,-0.01,-1,-1
99926009,2026-05-18 14:25:39+05:30,53463.85,0,0.0,0,0.0,0.0,53282.15,53619.2,52783.45,53710.35,0,0.0,0.0,0.0,0.0,-0.01,-1,-1,-0.01,-1,-1,-0.01,-1,-1,-0.01,-1,-1,-0.01,-1,-1,-0.01,-1,-1,-0.01,-1,-1,-0.01,-1,-1,-0.01,-1,-1,-0.01,-1,-1
99926009,2026-05-18 14:25:39+05:30,53464.0,0,0.0,0,0.0,0.0,53282.15,53619.2,52783.45,53710.35,0,0.0,0.0,0.0,0.0,-0.01,-1,-1,-0.01,-1,-1,-0.01,-1,-1,-0.01,-1,-1,-0.01,-1,-1,-0.01,-1,-1,-0.01,-1,-1,-0.01,-1,-1,-0.01,-1,-1,-0.01,-1,-1
99926009,2026-05-18 14:25:40+05:30,53464.95,0,0.0,0,0.0,0.0,53282.15,53619.2,52783.45,53710.35,0,0.0,0.0,0.0,0.0,-0.01,-1,-1,-0.01,-1,-1,-0.01,-1,-1,-0.01,-1,-1,-0.01,-1,-1,-0.01,-1,-1,-0.01,-1,-1,-0.01,-1,-1,-0.01,-1,-1,-0.01,-1,-1
99926009,2026-05-18 14:25:40+05:30,53465.95,0,0.0,0,0.0,0.0,53282.15,53619.2,52783.45,53710.35,0,0.0,0.0,0.0,0.0,-0.01,-1,-1,-0.01,-1,-1,-0.01,-1,-1,-0.01,-1,-1,-0.01,-1,-1,-0.01,-1,-1,-0.01,-1,-1,-0.01,-1,-1,-0.01,-1,-1,-0.01,-1,-1
99926009,2026-05-18 14:25:41+05:30,53468.3,0,0.0,0,0.0,0.0,53282.15,53619.2,52783.45,53710.35,0,0.0,0.0,0.0,0.0,-0.01,-1,-1,-0.01,-1,-1,-0.01,-1,-1,-0.01,-1,-1,-0.01,-1,-1,-0.01,-1,-1,-0.01,-1,-1,-0.01,-1,-1,-0.01,-1,-1,-0.01,-1,-1
99926009,2026-05-18 14:25:41+05:30,53462.35,0,0.0,0,0.0,0.0,53282.15,53619.2,52783.45,53710.35,0,0.0,0.0,0.0,0.0,-0.01,-1,-1,-0.01,-1,-1,-0.01,-1,-1,-0.01,-1,-1,-0.01,-1,-1,-0.01,-1,-1,-0.01,-1,-1,-0.01,-1,-1,-0.01,-1,-1,-0.01,-1,-1
99926009,2026-05-18 14:25:42+05:30,53463.2,0,0.0,0,0.0,0.0,53282.15,53619.2,52783.45,53710.35,0,0.0,0.0,0.0,0.0,-0.01,-1,-1,-0.01,-1,-1,-0.01,-1,-1,-0.01,-1,-1,-0.01,-1,-1,-0.01,-1,-1,-0.01,-1,-1,-0.01,-1,-1,-0.01,-1,-1,-0.01,-1,-1
99926009,2026-05-18 14:25:42+05:30,53463.45,0,0.0,0,0.0,0.0,53282.15,53619.2,52783.45,53710.35,0,0.0,0.0,0.0,0.0,-0.01,-1,-1,-0.01,-1,-1,-0.01,-1,-1,-0.01,-1,-1,-0.01,-1,-1,-0.01,-1,-1,-0.01,-1,-1,-0.01,-1,-1,-0.01,-1,-1,-0.01,-1,-1
99926009,2026-05-18 14:25:43+05:30,53462.3,0,0.0,0,0.0,0.0,53282.15,53619.2,52783.45,53710.35,0,0.0,0.0,0.0,0.0,-0.01,-1,-1,-0.01,-1,-1,-0.01,-1,-1,-0.01,-1,-1,-0.01,-1,-1,-0.01,-1,-1,-0.01,-1,-1,-0.01,-1,-1,-0.01,-1,-1,-0.01,-1,-1
99926009,2026-05-18 14:25:43+05:30,53462.7,0,0.0,0,0.0,0.0,53282.15,53619.2,52783.45,53710.35,0,0.0,0.0,0.0,0.0,-0.01,-1,-1,-0.01,-1,-1,-0.01,-1,-1,-0.01,-1,-1,-0.01,-1,-1,-0.01,-1,-1,-0.01,-1,-1,-0.01,-1,-1,-0.01,-1,-1,-0.01,-1,-1
99926009,2026-05-18 14:25:44+05:30,53459.95,0,0.0,0,0.0,0.0,53282.15,53619.2,52783.45,53710.35,0,0.0,0.0,0.0,0.0,-0.01,-1,-1,-0.01,-1,-1,-0.01,-1,-1,-0.01,-1,-1,-0.01,-1,-1,-0.01,-1,-1,-0.01,-1,-1,-0.01,-1,-1,-0.01,-1,-1,-0.01,-1,-1
99926009,2026-05-18 14:25:44+05:30,53461.05,0,0.0,0,0.0,0.0,53282.15,53619.2,52783.45,53710.35,0,0.0,0.0,0.0,0.0,-0.01,-1,-1,-0.01,-1,-1,-0.01,-1,-1,-0.01,-1,-1,-0.01,-1,-1,-0.01,-1,-1,-0.01,-1,-1,-0.01,-1,-1,-0.01,-1,-1,-0.01,-1,-1
99926009,2026-05-18 14:25:45+05:30,53461.1,0,0.0,0,0.0,0.0,53282.15,53619.2,52783.45,53710.35,0,0.0,0.0,0.0,0.0,-0.01,-1,-1,-0.01,-1,-1,-0.01,-1,-1,-0.01,-1,-1,-0.01,-1,-1,-0.01,-1,-1,-0.01,-1,-1,-0.01,-1,-1,-0.01,-1,-1,-0.01,-1,-1
99926009,2026-05-18 14:25:45+05:30,53461.25,0,0.0,0,0.0,0.0,53282.15,53619.2,52783.45,53710.35,0,0.0,0.0,0.0,0.0,-0.01,-1,-1,-0.01,-1,-1,-0.01,-1,-1,-0.01,-1,-1,-0.01,-1,-1,-0.01,-1,-1,-0.01,-1,-1,-0.01,-1,-1,-0.01,-1,-1,-0.01,-1,-1
99926009,2026-05-18 14:25:46+05:30,53459.0,0,0.0,0,0.0,0.0,53282.15,53619.2,52783.45,53710.35,0,0.0,0.0,0.0,0.0,-0.01,-1,-1,-0.01,-1,-1,-0.01,-1,-1,-0.01,-1,-1,-0.01,-1,-1,-0.01,-1,-1,-0.01,-1,-1,-0.01,-1,-1,-0.01,-1,-1,-0.01,-1,-1
99926009,2026-05-18 14:25:46+05:30,53458.95,0,0.0,0,0.0,0.0,53282.15,53619.2,52783.45,53710.35,0,0.0,0.0,0.0,0.0,-0.01,-1,-1,-0.01,-1,-1,-0.01,-1,-1,-0.01,-1,-1,-0.01,-1,-1,-0.01,-1,-1,-0.01,-1,-1,-0.01,-1,-1,-0.01,-1,-1,-0.01,-1,-1
99926009,2026-05-18 14:25:47+05:30,53458.35,0,0.0,0,0.0,0.0,53282.15,53619.2,52783.45,53710.35,0,0.0,0.0,0.0,0.0,-0.01,-1,-1,-0.01,-1,-1,-0.01,-1,-1,-0.01,-1,-1,-0.01,-1,-1,-0.01,-1,-1,-0.01,-1,-1,-0.01,-1,-1,-0.01,-1,-1,-0.01,-1,-1
99926009,2026-05-18 14:25:47+05:30,53458.8,0,0.0,0,0.0,0.0,53282.15,53619.2,52783.45,53710.35,0,0.0,0.0,0.0,0.0,-0.01,-1,-1,-0.01,-1,-1,-0.01,-1,-1,-0.01,-1,-1,-0.01,-1,-1,-0.01,-1,-1,-0.01,-1,-1,-0.01,-1,-1,-0.01,-1,-1,-0.01,-1,-1
99926009,2026-05-18 14:25:48+05:30,53459.95,0,0.0,0,0.0,0.0,53282.15,53619.2,52783.45,53710.35,0,0.0,0.0,0.0,0.0,-0.01,-1,-1,-0.01,-1,-1,-0.01,-1,-1,-0.01,-1,-1,-0.01,-1,-1,-0.01,-1,-1,-0.01,-1,-1,-0.01,-1,-1,-0.01,-1,-1,-0.01,-1,-1
99926009,2026-05-18 14:25:48+05:30,53459.55,0,0.0,0,0.0,0.0,53282.15,53619.2,52783.45,53710.35,0,0.0,0.0,0.0,0.0,-0.01,-1,-1,-0.01,-1,-1,-0.01,-1,-1,-0.01,-1,-1,-0.01,-1,-1,-0.01,-1,-1,-0.01,-1,-1,-0.01,-1,-1,-0.01,-1,-1,-0.01,-1,-1
99926009,2026-05-18 14:25:49+05:30,53459.25,0,0.0,0,0.0,0.0,53282.15,53619.2,52783.45,53710.35,0,0.0,0.0,0.0,0.0,-0.01,-1,-1,-0.01,-1,-1,-0.01,-1,-1,-0.01,-1,-1,-0.01,-1,-1,-0.01,-1,-1,-0.01,-1,-1,-0.01,-1,-1,-0.01,-1,-1,-0.01,-1,-1
99926009,2026-05-18 14:25:49+05:30,53459.25,0,0.0,0,0.0,0.0,53282.15,53619.2,52783.45,53710.35,0,0.0,0.0,0.0,0.0,-0.01,-1,-1,-0.01,-1,-1,-0.01,-1,-1,-0.01,-1,-1,-0.01,-1,-1,-0.01,-1,-1,-0.01,-1,-1,-0.01,-1,-1,-0.01,-1,-1,-0.01,-1,-1
99926009,2026-05-18 14:25:50+05:30,53458.65,0,0.0,0,0.0,0.0,53282.15,53619.2,52783.45,53710.35,0,0.0,0.0,0.0,0.0,-0.01,-1,-1,-0.01,-1,-1,-0.01,-1,-1,-0.01,-1,-1,-0.01,-1,-1,-0.01,-1,-1,-0.01,-1,-1,-0.01,-1,-1,-0.01,-1,-1,-0.01,-1,-1
99926009,2026-05-18 14:25:50+05:30,53458.9,0,0.0,0,0.0,0.0,53282.15,53619.2,52783.45,53710.35,0,0.0,0.0,0.0,0.0,-0.01,-1,-1,-0.01,-1,-1,-0.01,-1,-1,-0.01,-1,-1,-0.01,-1,-1,-0.01,-1,-1,-0.01,-1,-1,-0.01,-1,-1,-0.01,-1,-1,-0.01,-1,-1
99926009,2026-05-18 14:25:51+05:30,53457.65,0,0.0,0,0.0,0.0,53282.15,53619.2,52783.45,53710.35,0,0.0,0.0,0.0,0.0,-0.01,-1,-1,-0.01,-1,-1,-0.01,-1,-1,-0.01,-1,-1,-0.01,-1,-1,-0.01,-1,-1,-0.01,-1,-1,-0.01,-1,-1,-0.01,-1,-1,-0.01,-1,-1
99926009,2026-05-18 14:25:51+05:30,53459.05,0,0.0,0,0.0,0.0,53282.15,53619.2,52783.45,53710.35,0,0.0,0.0,0.0,0.0,-0.01,-1,-1,-0.01,-1,-1,-0.01,-1,-1,-0.01,-1,-1,-0.01,-1,-1,-0.01,-1,-1,-0.01,-1,-1,-0.01,-1,-1,-0.01,-1,-1,-0.01,-1,-1
99926009,2026-05-18 14:25:52+05:30,53458.7,0,0.0,0,0.0,0.0,53282.15,53619.2,52783.45,53710.35,0,0.0,0.0,0.0,0.0,-0.01,-1,-1,-0.01,-1,-1,-0.01,-1,-1,-0.01,-1,-1,-0.01,-1,-1,-0.01,-1,-1,-0.01,-1,-1,-0.01,-1,-1,-0.01,-1,-1,-0.01,-1,-1
99926009,2026-05-18 14:25:52+05:30,53455.0,0,0.0,0,0.0,0.0,53282.15,53619.2,52783.45,53710.35,0,0.0,0.0,0.0,0.0,-0.01,-1,-1,-0.01,-1,-1,-0.01,-1,-1,-0.01,-1,-1,-0.01,-1,-1,-0.01,-1,-1,-0.01,-1,-1,-0.01,-1,-1,-0.01,-1,-1,-0.01,-1,-1
99926009,2026-05-18 14:25:53+05:30,53456.7,0,0.0,0,0.0,0.0,53282.15,53619.2,52783.45,53710.35,0,0.0,0.0,0.0,0.0,-0.01,-1,-1,-0.01,-1,-1,-0.01,-1,-1,-0.01,-1,-1,-0.01,-1,-1,-0.01,-1,-1,-0.01,-1,-1,-0.01,-1,-1,-0.01,-1,-1,-0.01,-1,-1
99926009,2026-05-18 14:25:53+05:30,53454.55,0,0.0,0,0.0,0.0,53282.15,53619.2,52783.45,53710.35,0,0.0,0.0,0.0,0.0,-0.01,-1,-1,-0.01,-1,-1,-0.01,-1,-1,-0.01,-1,-1,-0.01,-1,-1,-0.01,-1,-1,-0.01,-1,-1,-0.01,-1,-1,-0.01,-1,-1,-0.01,-1,-1
99926009,2026-05-18 14:25:54+05:30,53454.6,0,0.0,0,0.0,0.0,53282.15,53619.2,52783.45,53710.35,0,0.0,0.0,0.0,0.0,-0.01,-1,-1,-0.01,-1,-1,-0.01,-1,-1,-0.01,-1,-1,-0.01,-1,-1,-0.01,-1,-1,-0.01,-1,-1,-0.01,-1,-1,-0.01,-1,-1,-0.01,-1,-1
99926009,2026-05-18 14:25:54+05:30,53453.95,0,0.0,0,0.0,0.0,53282.15,53619.2,52783.45,53710.35,0,0.0,0.0,0.0,0.0,-0.01,-1,-1,-0.01,-1,-1,-0.01,-1,-1,-0.01,-1,-1,-0.01,-1,-1,-0.01,-1,-1,-0.01,-1,-1,-0.01,-1,-1,-0.01,-1,-1,-0.01,-1,-1
99926009,2026-05-18 14:25:55+05:30,53454.95,0,0.0,0,0.0,0.0,53282.15,53619.2,52783.45,53710.35,0,0.0,0.0,0.0,0.0,-0.01,-1,-1,-0.01,-1,-1,-0.01,-1,-1,-0.01,-1,-1,-0.01,-1,-1,-0.01,-1,-1,-0.01,-1,-1,-0.01,-1,-1,-0.01,-1,-1,-0.01,-1,-1
99926009,2026-05-18 14:25:55+05:30,53457.1,0,0.0,0,0.0,0.0,53282.15,53619.2,52783.45,53710.35,0,0.0,0.0,0.0,0.0,-0.01,-1,-1,-0.01,-1,-1,-0.01,-1,-1,-0.01,-1,-1,-0.01,-1,-1,-0.01,-1,-1,-0.01,-1,-1,-0.01,-1,-1,-0.01,-1,-1,-0.01,-1,-1
99926009,2026-05-18 14:25:56+05:30,53455.3,0,0.0,0,0.0,0.0,53282.15,53619.2,52783.45,53710.35,0,0.0,0.0,0.0,0.0,-0.01,-1,-1,-0.01,-1,-1,-0.01,-1,-1,-0.01,-1,-1,-0.01,-1,-1,-0.01,-1,-1,-0.01,-1,-1,-0.01,-1,-1,-0.01,-1,-1,-0.01,-1,-1
99926009,2026-05-18 14:25:56+05:30,53456.65,0,0.0,0,0.0,0.0,53282.15,53619.2,52783.45,53710.35,0,0.0,0.0,0.0,0.0,-0.01,-1,-1,-0.01,-1,-1,-0.01,-1,-1,-0.01,-1,-1,-0.01,-1,-1,-0.01,-1,-1,-0.01,-1,-1,-0.01,-1,-1,-0.01,-1,-1,-0.01,-1,-1
99926009,2026-05-18 14:25:57+05:30,53454.1,0,0.0,0,0.0,0.0,53282.15,53619.2,52783.45,53710.35,0,0.0,0.0,0.0,0.0,-0.01,-1,-1,-0.01,-1,-1,-0.01,-1,-1,-0.01,-1,-1,-0.01,-1,-1,-0.01,-1,-1,-0.01,-1,-1,-0.01,-1,-1,-0.01,-1,-1,-0.01,-1,-1
99926009,2026-05-18 14:25:57+05:30,53453.95,0,0.0,0,0.0,0.0,53282.15,53619.2,52783.45,53710.35,0,0.0,0.0,0.0,0.0,-0.01,-1,-1,-0.01,-1,-1,-0.01,-1,-1,-0.01,-1,-1,-0.01,-1,-1,-0.01,-1,-1,-0.01,-1,-1,-0.01,-1,-1,-0.01,-1,-1,-0.01,-1,-1
99926009,2026-05-18 14:25:58+05:30,53453.35,0,0.0,0,0.0,0.0,53282.15,53619.2,52783.45,53710.35,0,0.0,0.0,0.0,0.0,-0.01,-1,-1,-0.01,-1,-1,-0.01,-1,-1,-0.01,-1,-1,-0.01,-1,-1,-0.01,-1,-1,-0.01,-1,-1,-0.01,-1,-1,-0.01,-1,-1,-0.01,-1,-1
99926009,2026-05-18 14:25:58+05:30,53454.6,0,0.0,0,0.0,0.0,53282.15,53619.2,52783.45,53710.35,0,0.0,0.0,0.0,0.0,-0.01,-1,-1,-0.01,-1,-1,-0.01,-1,-1,-0.01,-1,-1,-0.01,-1,-1,-0.01,-1,-1,-0.01,-1,-1,-0.01,-1,-1,-0.01,-1,-1,-0.01,-1,-1
99926009,2026-05-18 14:25:59+05:30,53453.7,0,0.0,0,0.0,0.0,53282.15,53619.2,52783.45,53710.35,0,0.0,0.0,0.0,0.0,-0.01,-1,-1,-0.01,-1,-1,-0.01,-1,-1,-0.01,-1,-1,-0.01,-1,-1,-0.01,-1,-1,-0.01,-1,-1,-0.01,-1,-1,-0.01,-1,-1,-0.01,-1,-1
99926009,2026-05-18 14:25:59+05:30,53454.0,0,0.0,0,0.0,0.0,53282.15,53619.2,52783.45,53710.35,0,0.0,0.0,0.0,0.0,-0.01,-1,-1,-0.01,-1,-1,-0.01,-1,-1,-0.01,-1,-1,-0.01,-1,-1,-0.01,-1,-1,-0.01,-1,-1,-0.01,-1,-1,-0.01,-1,-1,-0.01,-1,-1
99926009,2026-05-18 14:26:00+05:30,53455.35,0,0.0,0,0.0,0.0,53282.15,53619.2,52783.45,53710.35,0,0.0,0.0,0.0,0.0,-0.01,-1,-1,-0.01,-1,-1,-0.01,-1,-1,-0.01,-1,-1,-0.01,-1,-1,-0.01,-1,-1,-0.01,-1,-1,-0.01,-1,-1,-0.01,-1,-1,-0.01,-1,-1
99926009,2026-05-18 14:26:00+05:30,53457.65,0,0.0,0,0.0,0.0,53282.15,53619.2,52783.45,53710.35,0,0.0,0.0,0.0,0.0,-0.01,-1,-1,-0.01,-1,-1,-0.01,-1,-1,-0.01,-1,-1,-0.01,-1,-1,-0.01,-1,-1,-0.01,-1,-1,-0.01,-1,-1,-0.01,-1,-1,-0.01,-1,-1
99926009,2026-05-18 14:26:01+05:30,53455.75,0,0.0,0,0.0,0.0,53282.15,53619.2,52783.45,53710.35,0,0.0,0.0,0.0,0.0,-0.01,-1,-1,-0.01,-1,-1,-0.01,-1,-1,-0.01,-1,-1,-0.01,-1,-1,-0.01,-1,-1,-0.01,-1,-1,-0.01,-1,-1,-0.01,-1,-1,-0.01,-1,-1
99926009,2026-05-18 14:26:01+05:30,53458.15,0,0.0,0,0.0,0.0,53282.15,53619.2,52783.45,53710.35,0,0.0,0.0,0.0,0.0,-0.01,-1,-1,-0.01,-1,-1,-0.01,-1,-1,-0.01,-1,-1,-0.01,-1,-1,-0.01,-1,-1,-0.01,-1,-1,-0.01,-1,-1,-0.01,-1,-1,-0.01,-1,-1
99926009,2026-05-18 14:26:02+05:30,53457.75,0,0.0,0,0.0,0.0,53282.15,53619.2,52783.45,53710.35,0,0.0,0.0,0.0,0.0,-0.01,-1,-1,-0.01,-1,-1,-0.01,-1,-1,-0.01,-1,-1,-0.01,-1,-1,-0.01,-1,-1,-0.01,-1,-1,-0.01,-1,-1,-0.01,-1,-1,-0.01,-1,-1
99926009,2026-05-18 14:26:02+05:30,53459.45,0,0.0,0,0.0,0.0,53282.15,53619.2,52783.45,53710.35,0,0.0,0.0,0.0,0.0,-0.01,-1,-1,-0.01,-1,-1,-0.01,-1,-1,-0.01,-1,-1,-0.01,-1,-1,-0.01,-1,-1,-0.01,-1,-1,-0.01,-1,-1,-0.01,-1,-1,-0.01,-1,-1
99926009,2026-05-18 14:26:03+05:30,53458.15,0,0.0,0,0.0,0.0,53282.15,53619.2,52783.45,53710.35,0,0.0,0.0,0.0,0.0,-0.01,-1,-1,-0.01,-1,-1,-0.01,-1,-1,-0.01,-1,-1,-0.01,-1,-1,-0.01,-1,-1,-0.01,-1,-1,-0.01,-1,-1,-0.01,-1,-1,-0.01,-1,-1
99926009,2026-05-18 14:26:03+05:30,53475.05,0,0.0,0,0.0,0.0,53282.15,53619.2,52783.45,53710.35,0,0.0,0.0,0.0,0.0,-0.01,-1,-1,-0.01,-1,-1,-0.01,-1,-1,-0.01,-1,-1,-0.01,-1,-1,-0.01,-1,-1,-0.01,-1,-1,-0.01,-1,-1,-0.01,-1,-1,-0.01,-1,-1
99926009,2026-05-18 14:26:04+05:30,53476.5,0,0.0,0,0.0,0.0,53282.15,53619.2,52783.45,53710.35,0,0.0,0.0,0.0,0.0,-0.01,-1,-1,-0.01,-1,-1,-0.01,-1,-1,-0.01,-1,-1,-0.01,-1,-1,-0.01,-1,-1,-0.01,-1,-1,-0.01,-1,-1,-0.01,-1,-1,-0.01,-1,-1
99926009,2026-05-18 14:26:04+05:30,53476.55,0,0.0,0,0.0,0.0,53282.15,53619.2,52783.45,53710.35,0,0.0,0.0,0.0,0.0,-0.01,-1,-1,-0.01,-1,-1,-0.01,-1,-1,-0.01,-1,-1,-0.01,-1,-1,-0.01,-1,-1,-0.01,-1,-1,-0.01,-1,-1,-0.01,-1,-1,-0.01,-1,-1
99926009,2026-05-18 14:26:05+05:30,53477.4,0,0.0,0,0.0,0.0,53282.15,53619.2,52783.45,53710.35,0,0.0,0.0,0.0,0.0,-0.01,-1,-1,-0.01,-1,-1,-0.01,-1,-1,-0.01,-1,-1,-0.01,-1,-1,-0.01,-1,-1,-0.01,-1,-1,-0.01,-1,-1,-0.01,-1,-1,-0.01,-1,-1
99926009,2026-05-18 14:26:05+05:30,53481.5,0,0.0,0,0.0,0.0,53282.15,53619.2,52783.45,53710.35,0,0.0,0.0,0.0,0.0,-0.01,-1,-1,-0.01,-1,-1,-0.01,-1,-1,-0.01,-1,-1,-0.01,-1,-1,-0.01,-1,-1,-0.01,-1,-1,-0.01,-1,-1,-0.01,-1,-1,-0.01,-1,-1
99926009,2026-05-18 14:26:06+05:30,53481.3,0,0.0,0,0.0,0.0,53282.15,53619.2,52783.45,53710.35,0,0.0,0.0,0.0,0.0,-0.01,-1,-1,-0.01,-1,-1,-0.01,-1,-1,-0.01,-1,-1,-0.01,-1,-1,-0.01,-1,-1,-0.01,-1,-1,-0.01,-1,-1,-0.01,-1,-1,-0.01,-1,-1
99926009,2026-05-18 14:26:06+05:30,53481.1,0,0.0,0,0.0,0.0,53282.15,53619.2,52783.45,53710.35,0,0.0,0.0,0.0,0.0,-0.01,-1,-1,-0.01,-1,-1,-0.01,-1,-1,-0.01,-1,-1,-0.01,-1,-1,-0.01,-1,-1,-0.01,-1,-1,-0.01,-1,-1,-0.01,-1,-1,-0.01,-1,-1
99926009,2026-05-18 14:26:07+05:30,53481.0,0,0.0,0,0.0,0.0,53282.15,53619.2,52783.45,53710.35,0,0.0,0.0,0.0,0.0,-0.01,-1,-1,-0.01,-1,-1,-0.01,-1,-1,-0.01,-1,-1,-0.01,-1,-1,-0.01,-1,-1,-0.01,-1,-1,-0.01,-1,-1,-0.01,-1,-1,-0.01,-1,-1
99926009,2026-05-18 14:26:07+05:30,53480.35,0,0.0,0,0.0,0.0,53282.15,53619.2,52783.45,53710.35,0,0.0,0.0,0.0,0.0,-0.01,-1,-1,-0.01,-1,-1,-0.01,-1,-1,-0.01,-1,-1,-0.01,-1,-1,-0.01,-1,-1,-0.01,-1,-1,-0.01,-1,-1,-0.01,-1,-1,-0.01,-1,-1
99926009,2026-05-18 14:26:08+05:30,53484.15,0,0.0,0,0.0,0.0,53282.15,53619.2,52783.45,53710.35,0,0.0,0.0,0.0,0.0,-0.01,-1,-1,-0.01,-1,-1,-0.01,-1,-1,-0.01,-1,-1,-0.01,-1,-1,-0.01,-1,-1,-0.01,-1,-1,-0.01,-1,-1,-0.01,-1,-1,-0.01,-1,-1
99926009,2026-05-18 14:26:08+05:30,53482.15,0,0.0,0,0.0,0.0,53282.15,53619.2,52783.45,53710.35,0,0.0,0.0,0.0,0.0,-0.01,-1,-1,-0.01,-1,-1,-0.01,-1,-1,-0.01,-1,-1,-0.01,-1,-1,-0.01,-1,-1,-0.01,-1,-1,-0.01,-1,-1,-0.01,-1,-1,-0.01,-1,-1
99926009,2026-05-18 14:26:09+05:30,53481.65,0,0.0,0,0.0,0.0,53282.15,53619.2,52783.45,53710.35,0,0.0,0.0,0.0,0.0,-0.01,-1,-1,-0.01,-1,-1,-0.01,-1,-1,-0.01,-1,-1,-0.01,-1,-1,-0.01,-1,-1,-0.01,-1,-1,-0.01,-1,-1,-0.01,-1,-1,-0.01,-1,-1
99926009,2026-05-18 14:26:09+05:30,53481.7,0,0.0,0,0.0,0.0,53282.15,53619.2,52783.45,53710.35,0,0.0,0.0,0.0,0.0,-0.01,-1,-1,-0.01,-1,-1,-0.01,-1,-1,-0.01,-1,-1,-0.01,-1,-1,-0.01,-1,-1,-0.01,-1,-1,-0.01,-1,-1,-0.01,-1,-1,-0.01,-1,-1
99926009,2026-05-18 14:26:10+05:30,53480.15,0,0.0,0,0.0,0.0,53282.15,53619.2,52783.45,53710.35,0,0.0,0.0,0.0,0.0,-0.01,-1,-1,-0.01,-1,-1,-0.01,-1,-1,-0.01,-1,-1,-0.01,-1,-1,-0.01,-1,-1,-0.01,-1,-1,-0.01,-1,-1,-0.01,-1,-1,-0.01,-1,-1
99926009,2026-05-18 14:26:10+05:30,53479.05,0,0.0,0,0.0,0.0,53282.15,53619.2,52783.45,53710.35,0,0.0,0.0,0.0,0.0,-0.01,-1,-1,-0.01,-1,-1,-0.01,-1,-1,-0.01,-1,-1,-0.01,-1,-1,-0.01,-1,-1,-0.01,-1,-1,-0.01,-1,-1,-0.01,-1,-1,-0.01,-1,-1
99926009,2026-05-18 14:26:11+05:30,53480.7,0,0.0,0,0.0,0.0,53282.15,53619.2,52783.45,53710.35,0,0.0,0.0,0.0,0.0,-0.01,-1,-1,-0.01,-1,-1,-0.01,-1,-1,-0.01,-1,-1,-0.01,-1,-1,-0.01,-1,-1,-0.01,-1,-1,-0.01,-1,-1,-0.01,-1,-1,-0.01,-1,-1
99926009,2026-05-18 14:26:11+05:30,53485.25,0,0.0,0,0.0,0.0,53282.15,53619.2,52783.45,53710.35,0,0.0,0.0,0.0,0.0,-0.01,-1,-1,-0.01,-1,-1,-0.01,-1,-1,-0.01,-1,-1,-0.01,-1,-1,-0.01,-1,-1,-0.01,-1,-1,-0.01,-1,-1,-0.01,-1,-1,-0.01,-1,-1
99926009,2026-05-18 14:26:12+05:30,53482.05,0,0.0,0,0.0,0.0,53282.15,53619.2,52783.45,53710.35,0,0.0,0.0,0.0,0.0,-0.01,-1,-1,-0.01,-1,-1,-0.01,-1,-1,-0.01,-1,-1,-0.01,-1,-1,-0.01,-1,-1,-0.01,-1,-1,-0.01,-1,-1,-0.01,-1,-1,-0.01,-1,-1
99926009,2026-05-18 14:26:12+05:30,53487.2,0,0.0,0,0.0,0.0,53282.15,53619.2,52783.45,53710.35,0,0.0,0.0,0.0,0.0,-0.01,-1,-1,-0.01,-1,-1,-0.01,-1,-1,-0.01,-1,-1,-0.01,-1,-1,-0.01,-1,-1,-0.01,-1,-1,-0.01,-1,-1,-0.01,-1,-1,-0.01,-1,-1
99926009,2026-05-18 14:26:13+05:30,53483.25,0,0.0,0,0.0,0.0,53282.15,53619.2,52783.45,53710.35,0,0.0,0.0,0.0,0.0,-0.01,-1,-1,-0.01,-1,-1,-0.01,-1,-1,-0.01,-1,-1,-0.01,-1,-1,-0.01,-1,-1,-0.01,-1,-1,-0.01,-1,-1,-0.01,-1,-1,-0.01,-1,-1
99926009,2026-05-18 14:26:13+05:30,53482.95,0,0.0,0,0.0,0.0,53282.15,53619.2,52783.45,53710.35,0,0.0,0.0,0.0,0.0,-0.01,-1,-1,-0.01,-1,-1,-0.01,-1,-1,-0.01,-1,-1,-0.01,-1,-1,-0.01,-1,-1,-0.01,-1,-1,-0.01,-1,-1,-0.01,-1,-1,-0.01,-1,-1
99926009,2026-05-18 14:26:14+05:30,53481.75,0,0.0,0,0.0,0.0,53282.15,53619.2,52783.45,53710.35,0,0.0,0.0,0.0,0.0,-0.01,-1,-1,-0.01,-1,-1,-0.01,-1,-1,-0.01,-1,-1,-0.01,-1,-1,-0.01,-1,-1,-0.01,-1,-1,-0.01,-1,-1,-0.01,-1,-1,-0.01,-1,-1
99926009,2026-05-18 14:26:14+05:30,53484.9,0,0.0,0,0.0,0.0,53282.15,53619.2,52783.45,53710.35,0,0.0,0.0,0.0,0.0,-0.01,-1,-1,-0.01,-1,-1,-0.01,-1,-1,-0.01,-1,-1,-0.01,-1,-1,-0.01,-1,-1,-0.01,-1,-1,-0.01,-1,-1,-0.01,-1,-1,-0.01,-1,-1
99926009,2026-05-18 14:26:15+05:30,53485.65,0,0.0,0,0.0,0.0,53282.15,53619.2,52783.45,53710.35,0,0.0,0.0,0.0,0.0,-0.01,-1,-1,-0.01,-1,-1,-0.01,-1,-1,-0.01,-1,-1,-0.01,-1,-1,-0.01,-1,-1,-0.01,-1,-1,-0.01,-1,-1,-0.01,-1,-1,-0.01,-1,-1
99926009,2026-05-18 14:26:15+05:30,53486.1,0,0.0,0,0.0,0.0,53282.15,53619.2,52783.45,53710.35,0,0.0,0.0,0.0,0.0,-0.01,-1,-1,-0.01,-1,-1,-0.01,-1,-1,-0.01,-1,-1,-0.01,-1,-1,-0.01,-1,-1,-0.01,-1,-1,-0.01,-1,-1,-0.01,-1,-1,-0.01,-1,-1
99926009,2026-05-18 14:26:16+05:30,53487.0,0,0.0,0,0.0,0.0,53282.15,53619.2,52783.45,53710.35,0,0.0,0.0,0.0,0.0,-0.01,-1,-1,-0.01,-1,-1,-0.01,-1,-1,-0.01,-1,-1,-0.01,-1,-1,-0.01,-1,-1,-0.01,-1,-1,-0.01,-1,-1,-0.01,-1,-1,-0.01,-1,-1
99926009,2026-05-18 14:26:16+05:30,53485.25,0,0.0,0,0.0,0.0,53282.15,53619.2,52783.45,53710.35,0,0.0,0.0,0.0,0.0,-0.01,-1,-1,-0.01,-1,-1,-0.01,-1,-1,-0.01,-1,-1,-0.01,-1,-1,-0.01,-1,-1,-0.01,-1,-1,-0.01,-1,-1,-0.01,-1,-1,-0.01,-1,-1
99926009,2026-05-18 14:26:17+05:30,53486.55,0,0.0,0,0.0,0.0,53282.15,53619.2,52783.45,53710.35,0,0.0,0.0,0.0,0.0,-0.01,-1,-1,-0.01,-1,-1,-0.01,-1,-1,-0.01,-1,-1,-0.01,-1,-1,-0.01,-1,-1,-0.01,-1,-1,-0.01,-1,-1,-0.01,-1,-1,-0.01,-1,-1
99926009,2026-05-18 14:26:17+05:30,53482.5,0,0.0,0,0.0,0.0,53282.15,53619.2,52783.45,53710.35,0,0.0,0.0,0.0,0.0,-0.01,-1,-1,-0.01,-1,-1,-0.01,-1,-1,-0.01,-1,-1,-0.01,-1,-1,-0.01,-1,-1,-0.01,-1,-1,-0.01,-1,-1,-0.01,-1,-1,-0.01,-1,-1
99926009,2026-05-18 14:26:18+05:30,53482.6,0,0.0,0,0.0,0.0,53282.15,53619.2,52783.45,53710.35,0,0.0,0.0,0.0,0.0,-0.01,-1,-1,-0.01,-1,-1,-0.01,-1,-1,-0.01,-1,-1,-0.01,-1,-1,-0.01,-1,-1,-0.01,-1,-1,-0.01,-1,-1,-0.01,-1,-1,-0.01,-1,-1
99926009,2026-05-18 14:26:18+05:30,53482.8,0,0.0,0,0.0,0.0,53282.15,53619.2,52783.45,53710.35,0,0.0,0.0,0.0,0.0,-0.01,-1,-1,-0.01,-1,-1,-0.01,-1,-1,-0.01,-1,-1,-0.01,-1,-1,-0.01,-1,-1,-0.01,-1,-1,-0.01,-1,-1,-0.01,-1,-1,-0.01,-1,-1
99926009,2026-05-18 14:26:19+05:30,53481.15,0,0.0,0,0.0,0.0,53282.15,53619.2,52783.45,53710.35,0,0.0,0.0,0.0,0.0,-0.01,-1,-1,-0.01,-1,-1,-0.01,-1,-1,-0.01,-1,-1,-0.01,-1,-1,-0.01,-1,-1,-0.01,-1,-1,-0.01,-1,-1,-0.01,-1,-1,-0.01,-1,-1
99926009,2026-05-18 14:26:19+05:30,53483.8,0,0.0,0,0.0,0.0,53282.15,53619.2,52783.45,53710.35,0,0.0,0.0,0.0,0.0,-0.01,-1,-1,-0.01,-1,-1,-0.01,-1,-1,-0.01,-1,-1,-0.01,-1,-1,-0.01,-1,-1,-0.01,-1,-1,-0.01,-1,-1,-0.01,-1,-1,-0.01,-1,-1
99926009,2026-05-18 14:26:20+05:30,53483.6,0,0.0,0,0.0,0.0,53282.15,53619.2,52783.45,53710.35,0,0.0,0.0,0.0,0.0,-0.01,-1,-1,-0.01,-1,-1,-0.01,-1,-1,-0.01,-1,-1,-0.01,-1,-1,-0.01,-1,-1,-0.01,-1,-1,-0.01,-1,-1,-0.01,-1,-1,-0.01,-1,-1
99926009,2026-05-18 14:26:20+05:30,53481.55,0,0.0,0,0.0,0.0,53282.15,53619.2,52783.45,53710.35,0,0.0,0.0,0.0,0.0,-0.01,-1,-1,-0.01,-1,-1,-0.01,-1,-1,-0.01,-1,-1,-0.01,-1,-1,-0.01,-1,-1,-0.01,-1,-1,-0.01,-1,-1,-0.01,-1,-1,-0.01,-1,-1
99926009,2026-05-18 14:26:21+05:30,53482.5,0,0.0,0,0.0,0.0,53282.15,53619.2,52783.45,53710.35,0,0.0,0.0,0.0,0.0,-0.01,-1,-1,-0.01,-1,-1,-0.01,-1,-1,-0.01,-1,-1,-0.01,-1,-1,-0.01,-1,-1,-0.01,-1,-1,-0.01,-1,-1,-0.01,-1,-1,-0.01,-1,-1
99926009,2026-05-18 14:26:21+05:30,53482.25,0,0.0,0,0.0,0.0,53282.15,53619.2,52783.45,53710.35,0,0.0,0.0,0.0,0.0,-0.01,-1,-1,-0.01,-1,-1,-0.01,-1,-1,-0.01,-1,-1,-0.01,-1,-1,-0.01,-1,-1,-0.01,-1,-1,-0.01,-1,-1,-0.01,-1,-1,-0.01,-1,-1
99926009,2026-05-18 14:26:22+05:30,53480.2,0,0.0,0,0.0,0.0,53282.15,53619.2,52783.45,53710.35,0,0.0,0.0,0.0,0.0,-0.01,-1,-1,-0.01,-1,-1,-0.01,-1,-1,-0.01,-1,-1,-0.01,-1,-1,-0.01,-1,-1,-0.01,-1,-1,-0.01,-1,-1,-0.01,-1,-1,-0.01,-1,-1
99926009,2026-05-18 14:26:22+05:30,53479.15,0,0.0,0,0.0,0.0,53282.15,53619.2,52783.45,53710.35,0,0.0,0.0,0.0,0.0,-0.01,-1,-1,-0.01,-1,-1,-0.01,-1,-1,-0.01,-1,-1,-0.01,-1,-1,-0.01,-1,-1,-0.01,-1,-1,-0.01,-1,-1,-0.01,-1,-1,-0.01,-1,-1
99926009,2026-05-18 14:26:23+05:30,53480.35,0,0.0,0,0.0,0.0,53282.15,53619.2,52783.45,53710.35,0,0.0,0.0,0.0,0.0,-0.01,-1,-1,-0.01,-1,-1,-0.01,-1,-1,-0.01,-1,-1,-0.01,-1,-1,-0.01,-1,-1,-0.01,-1,-1,-0.01,-1,-1,-0.01,-1,-1,-0.01,-1,-1
99926009,2026-05-18 14:26:23+05:30,53479.5,0,0.0,0,0.0,0.0,53282.15,53619.2,52783.45,53710.35,0,0.0,0.0,0.0,0.0,-0.01,-1,-1,-0.01,-1,-1,-0.01,-1,-1,-0.01,-1,-1,-0.01,-1,-1,-0.01,-1,-1,-0.01,-1,-1,-0.01,-1,-1,-0.01,-1,-1,-0.01,-1,-1
99926009,2026-05-18 14:26:24+05:30,53483.15,0,0.0,0,0.0,0.0,53282.15,53619.2,52783.45,53710.35,0,0.0,0.0,0.0,0.0,-0.01,-1,-1,-0.01,-1,-1,-0.01,-1,-1,-0.01,-1,-1,-0.01,-1,-1,-0.01,-1,-1,-0.01,-1,-1,-0.01,-1,-1,-0.01,-1,-1,-0.01,-1,-1
99926009,2026-05-18 14:26:24+05:30,53493.65,0,0.0,0,0.0,0.0,53282.15,53619.2,52783.45,53710.35,0,0.0,0.0,0.0,0.0,-0.01,-1,-1,-0.01,-1,-1,-0.01,-1,-1,-0.01,-1,-1,-0.01,-1,-1,-0.01,-1,-1,-0.01,-1,-1,-0.01,-1,-1,-0.01,-1,-1,-0.01,-1,-1
99926009,2026-05-18 14:26:25+05:30,53493.2,0,0.0,0,0.0,0.0,53282.15,53619.2,52783.45,53710.35,0,0.0,0.0,0.0,0.0,-0.01,-1,-1,-0.01,-1,-1,-0.01,-1,-1,-0.01,-1,-1,-0.01,-1,-1,-0.01,-1,-1,-0.01,-1,-1,-0.01,-1,-1,-0.01,-1,-1,-0.01,-1,-1
99926009,2026-05-18 14:26:25+05:30,53494.2,0,0.0,0,0.0,0.0,53282.15,53619.2,52783.45,53710.35,0,0.0,0.0,0.0,0.0,-0.01,-1,-1,-0.01,-1,-1,-0.01,-1,-1,-0.01,-1,-1,-0.01,-1,-1,-0.01,-1,-1,-0.01,-1,-1,-0.01,-1,-1,-0.01,-1,-1,-0.01,-1,-1
99926009,2026-05-18 14:26:26+05:30,53494.1,0,0.0,0,0.0,0.0,53282.15,53619.2,52783.45,53710.35,0,0.0,0.0,0.0,0.0,-0.01,-1,-1,-0.01,-1,-1,-0.01,-1,-1,-0.01,-1,-1,-0.01,-1,-1,-0.01,-1,-1,-0.01,-1,-1,-0.01,-1,-1,-0.01,-1,-1,-0.01,-1,-1
99926009,2026-05-18 14:26:26+05:30,53492.85,0,0.0,0,0.0,0.0,53282.15,53619.2,52783.45,53710.35,0,0.0,0.0,0.0,0.0,-0.01,-1,-1,-0.01,-1,-1,-0.01,-1,-1,-0.01,-1,-1,-0.01,-1,-1,-0.01,-1,-1,-0.01,-1,-1,-0.01,-1,-1,-0.01,-1,-1,-0.01,-1,-1
99926009,2026-05-18 14:26:27+05:30,53492.85,0,0.0,0,0.0,0.0,53282.15,53619.2,52783.45,53710.35,0,0.0,0.0,0.0,0.0,-0.01,-1,-1,-0.01,-1,-1,-0.01,-1,-1,-0.01,-1,-1,-0.01,-1,-1,-0.01,-1,-1,-0.01,-1,-1,-0.01,-1,-1,-0.01,-1,-1,-0.01,-1,-1
99926009,2026-05-18 14:26:27+05:30,53491.1,0,0.0,0,0.0,0.0,53282.15,53619.2,52783.45,53710.35,0,0.0,0.0,0.0,0.0,-0.01,-1,-1,-0.01,-1,-1,-0.01,-1,-1,-0.01,-1,-1,-0.01,-1,-1,-0.01,-1,-1,-0.01,-1,-1,-0.01,-1,-1,-0.01,-1,-1,-0.01,-1,-1
99926009,2026-05-18 14:26:28+05:30,53492.8,0,0.0,0,0.0,0.0,53282.15,53619.2,52783.45,53710.35,0,0.0,0.0,0.0,0.0,-0.01,-1,-1,-0.01,-1,-1,-0.01,-1,-1,-0.01,-1,-1,-0.01,-1,-1,-0.01,-1,-1,-0.01,-1,-1,-0.01,-1,-1,-0.01,-1,-1,-0.01,-1,-1
99926009,2026-05-18 14:26:28+05:30,53491.4,0,0.0,0,0.0,0.0,53282.15,53619.2,52783.45,53710.35,0,0.0,0.0,0.0,0.0,-0.01,-1,-1,-0.01,-1,-1,-0.01,-1,-1,-0.01,-1,-1,-0.01,-1,-1,-0.01,-1,-1,-0.01,-1,-1,-0.01,-1,-1,-0.01,-1,-1,-0.01,-1,-1
99926009,2026-05-18 14:26:29+05:30,53491.0,0,0.0,0,0.0,0.0,53282.15,53619.2,52783.45,53710.35,0,0.0,0.0,0.0,0.0,-0.01,-1,-1,-0.01,-1,-1,-0.01,-1,-1,-0.01,-1,-1,-0.01,-1,-1,-0.01,-1,-1,-0.01,-1,-1,-0.01,-1,-1,-0.01,-1,-1,-0.01,-1,-1
99926009,2026-05-18 14:26:29+05:30,53494.25,0,0.0,0,0.0,0.0,53282.15,53619.2,52783.45,53710.35,0,0.0,0.0,0.0,0.0,-0.01,-1,-1,-0.01,-1,-1,-0.01,-1,-1,-0.01,-1,-1,-0.01,-1,-1,-0.01,-1,-1,-0.01,-1,-1,-0.01,-1,-1,-0.01,-1,-1,-0.01,-1,-1
99926009,2026-05-18 14:26:30+05:30,53496.1,0,0.0,0,0.0,0.0,53282.15,53619.2,52783.45,53710.35,0,0.0,0.0,0.0,0.0,-0.01,-1,-1,-0.01,-1,-1,-0.01,-1,-1,-0.01,-1,-1,-0.01,-1,-1,-0.01,-1,-1,-0.01,-1,-1,-0.01,-1,-1,-0.01,-1,-1,-0.01,-1,-1
99926009,2026-05-18 14:26:30+05:30,53498.6,0,0.0,0,0.0,0.0,53282.15,53619.2,52783.45,53710.35,0,0.0,0.0,0.0,0.0,-0.01,-1,-1,-0.01,-1,-1,-0.01,-1,-1,-0.01,-1,-1,-0.01,-1,-1,-0.01,-1,-1,-0.01,-1,-1,-0.01,-1,-1,-0.01,-1,-1,-0.01,-1,-1
99926009,2026-05-18 14:26:31+05:30,53496.3,0,0.0,0,0.0,0.0,53282.15,53619.2,52783.45,53710.35,0,0.0,0.0,0.0,0.0,-0.01,-1,-1,-0.01,-1,-1,-0.01,-1,-1,-0.01,-1,-1,-0.01,-1,-1,-0.01,-1,-1,-0.01,-1,-1,-0.01,-1,-1,-0.01,-1,-1,-0.01,-1,-1
99926009,2026-05-18 14:26:31+05:30,53497.0,0,0.0,0,0.0,0.0,53282.15,53619.2,52783.45,53710.35,0,0.0,0.0,0.0,0.0,-0.01,-1,-1,-0.01,-1,-1,-0.01,-1,-1,-0.01,-1,-1,-0.01,-1,-1,-0.01,-1,-1,-0.01,-1,-1,-0.01,-1,-1,-0.01,-1,-1,-0.01,-1,-1
99926009,2026-05-18 14:26:32+05:30,53495.7,0,0.0,0,0.0,0.0,53282.15,53619.2,52783.45,53710.35,0,0.0,0.0,0.0,0.0,-0.01,-1,-1,-0.01,-1,-1,-0.01,-1,-1,-0.01,-1,-1,-0.01,-1,-1,-0.01,-1,-1,-0.01,-1,-1,-0.01,-1,-1,-0.01,-1,-1,-0.01,-1,-1
99926009,2026-05-18 14:26:32+05:30,53496.35,0,0.0,0,0.0,0.0,53282.15,53619.2,52783.45,53710.35,0,0.0,0.0,0.0,0.0,-0.01,-1,-1,-0.01,-1,-1,-0.01,-1,-1,-0.01,-1,-1,-0.01,-1,-1,-0.01,-1,-1,-0.01,-1,-1,-0.01,-1,-1,-0.01,-1,-1,-0.01,-1,-1
99926009,2026-05-18 14:26:33+05:30,53496.85,0,0.0,0,0.0,0.0,53282.15,53619.2,52783.45,53710.35,0,0.0,0.0,0.0,0.0,-0.01,-1,-1,-0.01,-1,-1,-0.01,-1,-1,-0.01,-1,-1,-0.01,-1,-1,-0.01,-1,-1,-0.01,-1,-1,-0.01,-1,-1,-0.01,-1,-1,-0.01,-1,-1
99926009,2026-05-18 14:26:33+05:30,53499.05,0,0.0,0,0.0,0.0,53282.15,53619.2,52783.45,53710.35,0,0.0,0.0,0.0,0.0,-0.01,-1,-1,-0.01,-1,-1,-0.01,-1,-1,-0.01,-1,-1,-0.01,-1,-1,-0.01,-1,-1,-0.01,-1,-1,-0.01,-1,-1,-0.01,-1,-1,-0.01,-1,-1
99926009,2026-05-18 14:26:34+05:30,53501.75,0,0.0,0,0.0,0.0,53282.15,53619.2,52783.45,53710.35,0,0.0,0.0,0.0,0.0,-0.01,-1,-1,-0.01,-1,-1,-0.01,-1,-1,-0.01,-1,-1,-0.01,-1,-1,-0.01,-1,-1,-0.01,-1,-1,-0.01,-1,-1,-0.01,-1,-1,-0.01,-1,-1
99926009,2026-05-18 14:26:34+05:30,53499.15,0,0.0,0,0.0,0.0,53282.15,53619.2,52783.45,53710.35,0,0.0,0.0,0.0,0.0,-0.01,-1,-1,-0.01,-1,-1,-0.01,-1,-1,-0.01,-1,-1,-0.01,-1,-1,-0.01,-1,-1,-0.01,-1,-1,-0.01,-1,-1,-0.01,-1,-1,-0.01,-1,-1
99926009,2026-05-18 14:26:35+05:30,53497.55,0,0.0,0,0.0,0.0,53282.15,53619.2,52783.45,53710.35,0,0.0,0.0,0.0,0.0,-0.01,-1,-1,-0.01,-1,-1,-0.01,-1,-1,-0.01,-1,-1,-0.01,-1,-1,-0.01,-1,-1,-0.01,-1,-1,-0.01,-1,-1,-0.01,-1,-1,-0.01,-1,-1
99926009,2026-05-18 14:26:35+05:30,53500.1,0,0.0,0,0.0,0.0,53282.15,53619.2,52783.45,53710.35,0,0.0,0.0,0.0,0.0,-0.01,-1,-1,-0.01,-1,-1,-0.01,-1,-1,-0.01,-1,-1,-0.01,-1,-1,-0.01,-1,-1,-0.01,-1,-1,-0.01,-1,-1,-0.01,-1,-1,-0.01,-1,-1
99926009,2026-05-18 14:26:36+05:30,53500.3,0,0.0,0,0.0,0.0,53282.15,53619.2,52783.45,53710.35,0,0.0,0.0,0.0,0.0,-0.01,-1,-1,-0.01,-1,-1,-0.01,-1,-1,-0.01,-1,-1,-0.01,-1,-1,-0.01,-1,-1,-0.01,-1,-1,-0.01,-1,-1,-0.01,-1,-1,-0.01,-1,-1
99926009,2026-05-18 14:26:36+05:30,53501.6,0,0.0,0,0.0,0.0,53282.15,53619.2,52783.45,53710.35,0,0.0,0.0,0.0,0.0,-0.01,-1,-1,-0.01,-1,-1,-0.01,-1,-1,-0.01,-1,-1,-0.01,-1,-1,-0.01,-1,-1,-0.01,-1,-1,-0.01,-1,-1,-0.01,-1,-1,-0.01,-1,-1
99926009,2026-05-18 14:26:37+05:30,53504.65,0,0.0,0,0.0,0.0,53282.15,53619.2,52783.45,53710.35,0,0.0,0.0,0.0,0.0,-0.01,-1,-1,-0.01,-1,-1,-0.01,-1,-1,-0.01,-1,-1,-0.01,-1,-1,-0.01,-1,-1,-0.01,-1,-1,-0.01,-1,-1,-0.01,-1,-1,-0.01,-1,-1
99926009,2026-05-18 14:26:37+05:30,53498.25,0,0.0,0,0.0,0.0,53282.15,53619.2,52783.45,53710.35,0,0.0,0.0,0.0,0.0,-0.01,-1,-1,-0.01,-1,-1,-0.01,-1,-1,-0.01,-1,-1,-0.01,-1,-1,-0.01,-1,-1,-0.01,-1,-1,-0.01,-1,-1,-0.01,-1,-1,-0.01,-1,-1
99926009,2026-05-18 14:26:38+05:30,53500.95,0,0.0,0,0.0,0.0,53282.15,53619.2,52783.45,53710.35,0,0.0,0.0,0.0,0.0,-0.01,-1,-1,-0.01,-1,-1,-0.01,-1,-1,-0.01,-1,-1,-0.01,-1,-1,-0.01,-1,-1,-0.01,-1,-1,-0.01,-1,-1,-0.01,-1,-1,-0.01,-1,-1
99926009,2026-05-18 14:26:38+05:30,53499.75,0,0.0,0,0.0,0.0,53282.15,53619.2,52783.45,53710.35,0,0.0,0.0,0.0,0.0,-0.01,-1,-1,-0.01,-1,-1,-0.01,-1,-1,-0.01,-1,-1,-0.01,-1,-1,-0.01,-1,-1,-0.01,-1,-1,-0.01,-1,-1,-0.01,-1,-1,-0.01,-1,-1
99926009,2026-05-18 14:26:39+05:30,53496.55,0,0.0,0,0.0,0.0,53282.15,53619.2,52783.45,53710.35,0,0.0,0.0,0.0,0.0,-0.01,-1,-1,-0.01,-1,-1,-0.01,-1,-1,-0.01,-1,-1,-0.01,-1,-1,-0.01,-1,-1,-0.01,-1,-1,-0.01,-1,-1,-0.01,-1,-1,-0.01,-1,-1
99926009,2026-05-18 14:26:39+05:30,53502.0,0,0.0,0,0.0,0.0,53282.15,53619.2,52783.45,53710.35,0,0.0,0.0,0.0,0.0,-0.01,-1,-1,-0.01,-1,-1,-0.01,-1,-1,-0.01,-1,-1,-0.01,-1,-1,-0.01,-1,-1,-0.01,-1,-1,-0.01,-1,-1,-0.01,-1,-1,-0.01,-1,-1
99926009,2026-05-18 14:26:40+05:30,53500.8,0,0.0,0,0.0,0.0,53282.15,53619.2,52783.45,53710.35,0,0.0,0.0,0.0,0.0,-0.01,-1,-1,-0.01,-1,-1,-0.01,-1,-1,-0.01,-1,-1,-0.01,-1,-1,-0.01,-1,-1,-0.01,-1,-1,-0.01,-1,-1,-0.01,-1,-1,-0.01,-1,-1
99926009,2026-05-18 14:26:40+05:30,53503.5,0,0.0,0,0.0,0.0,53282.15,53619.2,52783.45,53710.35,0,0.0,0.0,0.0,0.0,-0.01,-1,-1,-0.01,-1,-1,-0.01,-1,-1,-0.01,-1,-1,-0.01,-1,-1,-0.01,-1,-1,-0.01,-1,-1,-0.01,-1,-1,-0.01,-1,-1,-0.01,-1,-1
99926009,2026-05-18 14:26:41+05:30,53499.45,0,0.0,0,0.0,0.0,53282.15,53619.2,52783.45,53710.35,0,0.0,0.0,0.0,0.0,-0.01,-1,-1,-0.01,-1,-1,-0.01,-1,-1,-0.01,-1,-1,-0.01,-1,-1,-0.01,-1,-1,-0.01,-1,-1,-0.01,-1,-1,-0.01,-1,-1,-0.01,-1,-1
99926009,2026-05-18 14:26:41+05:30,53502.5,0,0.0,0,0.0,0.0,53282.15,53619.2,52783.45,53710.35,0,0.0,0.0,0.0,0.0,-0.01,-1,-1,-0.01,-1,-1,-0.01,-1,-1,-0.01,-1,-1,-0.01,-1,-1,-0.01,-1,-1,-0.01,-1,-1,-0.01,-1,-1,-0.01,-1,-1,-0.01,-1,-1
99926009,2026-05-18 14:26:42+05:30,53498.4,0,0.0,0,0.0,0.0,53282.15,53619.2,52783.45,53710.35,0,0.0,0.0,0.0,0.0,-0.01,-1,-1,-0.01,-1,-1,-0.01,-1,-1,-0.01,-1,-1,-0.01,-1,-1,-0.01,-1,-1,-0.01,-1,-1,-0.01,-1,-1,-0.01,-1,-1,-0.01,-1,-1
99926009,2026-05-18 14:26:42+05:30,53501.5,0,0.0,0,0.0,0.0,53282.15,53619.2,52783.45,53710.35,0,0.0,0.0,0.0,0.0,-0.01,-1,-1,-0.01,-1,-1,-0.01,-1,-1,-0.01,-1,-1,-0.01,-1,-1,-0.01,-1,-1,-0.01,-1,-1,-0.01,-1,-1,-0.01,-1,-1,-0.01,-1,-1
99926009,2026-05-18 14:26:43+05:30,53502.25,0,0.0,0,0.0,0.0,53282.15,53619.2,52783.45,53710.35,0,0.0,0.0,0.0,0.0,-0.01,-1,-1,-0.01,-1,-1,-0.01,-1,-1,-0.01,-1,-1,-0.01,-1,-1,-0.01,-1,-1,-0.01,-1,-1,-0.01,-1,-1,-0.01,-1,-1,-0.01,-1,-1
99926009,2026-05-18 14:26:43+05:30,53497.7,0,0.0,0,0.0,0.0,53282.15,53619.2,52783.45,53710.35,0,0.0,0.0,0.0,0.0,-0.01,-1,-1,-0.01,-1,-1,-0.01,-1,-1,-0.01,-1,-1,-0.01,-1,-1,-0.01,-1,-1,-0.01,-1,-1,-0.01,-1,-1,-0.01,-1,-1,-0.01,-1,-1
99926009,2026-05-18 14:26:44+05:30,53500.2,0,0.0,0,0.0,0.0,53282.15,53619.2,52783.45,53710.35,0,0.0,0.0,0.0,0.0,-0.01,-1,-1,-0.01,-1,-1,-0.01,-1,-1,-0.01,-1,-1,-0.01,-1,-1,-0.01,-1,-1,-0.01,-1,-1,-0.01,-1,-1,-0.01,-1,-1,-0.01,-1,-1
99926009,2026-05-18 14:26:44+05:30,53499.7,0,0.0,0,0.0,0.0,53282.15,53619.2,52783.45,53710.35,0,0.0,0.0,0.0,0.0,-0.01,-1,-1,-0.01,-1,-1,-0.01,-1,-1,-0.01,-1,-1,-0.01,-1,-1,-0.01,-1,-1,-0.01,-1,-1,-0.01,-1,-1,-0.01,-1,-1,-0.01,-1,-1
99926009,2026-05-18 14:26:45+05:30,53504.35,0,0.0,0,0.0,0.0,53282.15,53619.2,52783.45,53710.35,0,0.0,0.0,0.0,0.0,-0.01,-1,-1,-0.01,-1,-1,-0.01,-1,-1,-0.01,-1,-1,-0.01,-1,-1,-0.01,-1,-1,-0.01,-1,-1,-0.01,-1,-1,-0.01,-1,-1,-0.01,-1,-1
99926009,2026-05-18 14:26:45+05:30,53499.55,0,0.0,0,0.0,0.0,53282.15,53619.2,52783.45,53710.35,0,0.0,0.0,0.0,0.0,-0.01,-1,-1,-0.01,-1,-1,-0.01,-1,-1,-0.01,-1,-1,-0.01,-1,-1,-0.01,-1,-1,-0.01,-1,-1,-0.01,-1,-1,-0.01,-1,-1,-0.01,-1,-1
99926009,2026-05-18 14:26:46+05:30,53502.0,0,0.0,0,0.0,0.0,53282.15,53619.2,52783.45,53710.35,0,0.0,0.0,0.0,0.0,-0.01,-1,-1,-0.01,-1,-1,-0.01,-1,-1,-0.01,-1,-1,-0.01,-1,-1,-0.01,-1,-1,-0.01,-1,-1,-0.01,-1,-1,-0.01,-1,-1,-0.01,-1,-1
99926009,2026-05-18 14:26:46+05:30,53503.4,0,0.0,0,0.0,0.0,53282.15,53619.2,52783.45,53710.35,0,0.0,0.0,0.0,0.0,-0.01,-1,-1,-0.01,-1,-1,-0.01,-1,-1,-0.01,-1,-1,-0.01,-1,-1,-0.01,-1,-1,-0.01,-1,-1,-0.01,-1,-1,-0.01,-1,-1,-0.01,-1,-1
99926009,2026-05-18 14:26:47+05:30,53501.8,0,0.0,0,0.0,0.0,53282.15,53619.2,52783.45,53710.35,0,0.0,0.0,0.0,0.0,-0.01,-1,-1,-0.01,-1,-1,-0.01,-1,-1,-0.01,-1,-1,-0.01,-1,-1,-0.01,-1,-1,-0.01,-1,-1,-0.01,-1,-1,-0.01,-1,-1,-0.01,-1,-1
99926009,2026-05-18 14:26:47+05:30,53502.45,0,0.0,0,0.0,0.0,53282.15,53619.2,52783.45,53710.35,0,0.0,0.0,0.0,0.0,-0.01,-1,-1,-0.01,-1,-1,-0.01,-1,-1,-0.01,-1,-1,-0.01,-1,-1,-0.01,-1,-1,-0.01,-1,-1,-0.01,-1,-1,-0.01,-1,-1,-0.01,-1,-1
99926009,2026-05-18 14:26:48+05:30,53501.5,0,0.0,0,0.0,0.0,53282.15,53619.2,52783.45,53710.35,0,0.0,0.0,0.0,0.0,-0.01,-1,-1,-0.01,-1,-1,-0.01,-1,-1,-0.01,-1,-1,-0.01,-1,-1,-0.01,-1,-1,-0.01,-1,-1,-0.01,-1,-1,-0.01,-1,-1,-0.01,-1,-1
99926009,2026-05-18 14:26:48+05:30,53504.55,0,0.0,0,0.0,0.0,53282.15,53619.2,52783.45,53710.35,0,0.0,0.0,0.0,0.0,-0.01,-1,-1,-0.01,-1,-1,-0.01,-1,-1,-0.01,-1,-1,-0.01,-1,-1,-0.01,-1,-1,-0.01,-1,-1,-0.01,-1,-1,-0.01,-1,-1,-0.01,-1,-1
99926009,2026-05-18 14:26:49+05:30,53502.55,0,0.0,0,0.0,0.0,53282.15,53619.2,52783.45,53710.35,0,0.0,0.0,0.0,0.0,-0.01,-1,-1,-0.01,-1,-1,-0.01,-1,-1,-0.01,-1,-1,-0.01,-1,-1,-0.01,-1,-1,-0.01,-1,-1,-0.01,-1,-1,-0.01,-1,-1,-0.01,-1,-1
99926009,2026-05-18 14:26:49+05:30,53503.35,0,0.0,0,0.0,0.0,53282.15,53619.2,52783.45,53710.35,0,0.0,0.0,0.0,0.0,-0.01,-1,-1,-0.01,-1,-1,-0.01,-1,-1,-0.01,-1,-1,-0.01,-1,-1,-0.01,-1,-1,-0.01,-1,-1,-0.01,-1,-1,-0.01,-1,-1,-0.01,-1,-1
99926009,2026-05-18 14:26:50+05:30,53500.7,0,0.0,0,0.0,0.0,53282.15,53619.2,52783.45,53710.35,0,0.0,0.0,0.0,0.0,-0.01,-1,-1,-0.01,-1,-1,-0.01,-1,-1,-0.01,-1,-1,-0.01,-1,-1,-0.01,-1,-1,-0.01,-1,-1,-0.01,-1,-1,-0.01,-1,-1,-0.01,-1,-1
99926009,2026-05-18 14:26:50+05:30,53503.9,0,0.0,0,0.0,0.0,53282.15,53619.2,52783.45,53710.35,0,0.0,0.0,0.0,0.0,-0.01,-1,-1,-0.01,-1,-1,-0.01,-1,-1,-0.01,-1,-1,-0.01,-1,-1,-0.01,-1,-1,-0.01,-1,-1,-0.01,-1,-1,-0.01,-1,-1,-0.01,-1,-1
99926009,2026-05-18 14:26:51+05:30,53499.25,0,0.0,0,0.0,0.0,53282.15,53619.2,52783.45,53710.35,0,0.0,0.0,0.0,0.0,-0.01,-1,-1,-0.01,-1,-1,-0.01,-1,-1,-0.01,-1,-1,-0.01,-1,-1,-0.01,-1,-1,-0.01,-1,-1,-0.01,-1,-1,-0.01,-1,-1,-0.01,-1,-1
99926009,2026-05-18 14:26:51+05:30,53505.05,0,0.0,0,0.0,0.0,53282.15,53619.2,52783.45,53710.35,0,0.0,0.0,0.0,0.0,-0.01,-1,-1,-0.01,-1,-1,-0.01,-1,-1,-0.01,-1,-1,-0.01,-1,-1,-0.01,-1,-1,-0.01,-1,-1,-0.01,-1,-1,-0.01,-1,-1,-0.01,-1,-1
99926009,2026-05-18 14:26:52+05:30,53505.2,0,0.0,0,0.0,0.0,53282.15,53619.2,52783.45,53710.35,0,0.0,0.0,0.0,0.0,-0.01,-1,-1,-0.01,-1,-1,-0.01,-1,-1,-0.01,-1,-1,-0.01,-1,-1,-0.01,-1,-1,-0.01,-1,-1,-0.01,-1,-1,-0.01,-1,-1,-0.01,-1,-1
99926009,2026-05-18 14:26:52+05:30,53505.95,0,0.0,0,0.0,0.0,53282.15,53619.2,52783.45,53710.35,0,0.0,0.0,0.0,0.0,-0.01,-1,-1,-0.01,-1,-1,-0.01,-1,-1,-0.01,-1,-1,-0.01,-1,-1,-0.01,-1,-1,-0.01,-1,-1,-0.01,-1,-1,-0.01,-1,-1,-0.01,-1,-1
99926009,2026-05-18 14:26:53+05:30,53505.05,0,0.0,0,0.0,0.0,53282.15,53619.2,52783.45,53710.35,0,0.0,0.0,0.0,0.0,-0.01,-1,-1,-0.01,-1,-1,-0.01,-1,-1,-0.01,-1,-1,-0.01,-1,-1,-0.01,-1,-1,-0.01,-1,-1,-0.01,-1,-1,-0.01,-1,-1,-0.01,-1,-1
99926009,2026-05-18 14:26:53+05:30,53505.1,0,0.0,0,0.0,0.0,53282.15,53619.2,52783.45,53710.35,0,0.0,0.0,0.0,0.0,-0.01,-1,-1,-0.01,-1,-1,-0.01,-1,-1,-0.01,-1,-1,-0.01,-1,-1,-0.01,-1,-1,-0.01,-1,-1,-0.01,-1,-1,-0.01,-1,-1,-0.01,-1,-1
99926009,2026-05-18 14:26:54+05:30,53507.3,0,0.0,0,0.0,0.0,53282.15,53619.2,52783.45,53710.35,0,0.0,0.0,0.0,0.0,-0.01,-1,-1,-0.01,-1,-1,-0.01,-1,-1,-0.01,-1,-1,-0.01,-1,-1,-0.01,-1,-1,-0.01,-1,-1,-0.01,-1,-1,-0.01,-1,-1,-0.01,-1,-1
99926009,2026-05-18 14:26:54+05:30,53511.15,0,0.0,0,0.0,0.0,53282.15,53619.2,52783.45,53710.35,0,0.0,0.0,0.0,0.0,-0.01,-1,-1,-0.01,-1,-1,-0.01,-1,-1,-0.01,-1,-1,-0.01,-1,-1,-0.01,-1,-1,-0.01,-1,-1,-0.01,-1,-1,-0.01,-1,-1,-0.01,-1,-1
99926009,2026-05-18 14:26:55+05:30,53512.1,0,0.0,0,0.0,0.0,53282.15,53619.2,52783.45,53710.35,0,0.0,0.0,0.0,0.0,-0.01,-1,-1,-0.01,-1,-1,-0.01,-1,-1,-0.01,-1,-1,-0.01,-1,-1,-0.01,-1,-1,-0.01,-1,-1,-0.01,-1,-1,-0.01,-1,-1,-0.01,-1,-1
99926009,2026-05-18 14:26:55+05:30,53511.9,0,0.0,0,0.0,0.0,53282.15,53619.2,52783.45,53710.35,0,0.0,0.0,0.0,0.0,-0.01,-1,-1,-0.01,-1,-1,-0.01,-1,-1,-0.01,-1,-1,-0.01,-1,-1,-0.01,-1,-1,-0.01,-1,-1,-0.01,-1,-1,-0.01,-1,-1,-0.01,-1,-1
99926009,2026-05-18 14:26:56+05:30,53513.05,0,0.0,0,0.0,0.0,53282.15,53619.2,52783.45,53710.35,0,0.0,0.0,0.0,0.0,-0.01,-1,-1,-0.01,-1,-1,-0.01,-1,-1,-0.01,-1,-1,-0.01,-1,-1,-0.01,-1,-1,-0.01,-1,-1,-0.01,-1,-1,-0.01,-1,-1,-0.01,-1,-1
99926009,2026-05-18 14:26:56+05:30,53513.5,0,0.0,0,0.0,0.0,53282.15,53619.2,52783.45,53710.35,0,0.0,0.0,0.0,0.0,-0.01,-1,-1,-0.01,-1,-1,-0.01,-1,-1,-0.01,-1,-1,-0.01,-1,-1,-0.01,-1,-1,-0.01,-1,-1,-0.01,-1,-1,-0.01,-1,-1,-0.01,-1,-1
99926009,2026-05-18 14:26:57+05:30,53511.95,0,0.0,0,0.0,0.0,53282.15,53619.2,52783.45,53710.35,0,0.0,0.0,0.0,0.0,-0.01,-1,-1,-0.01,-1,-1,-0.01,-1,-1,-0.01,-1,-1,-0.01,-1,-1,-0.01,-1,-1,-0.01,-1,-1,-0.01,-1,-1,-0.01,-1,-1,-0.01,-1,-1
99926009,2026-05-18 14:26:57+05:30,53510.9,0,0.0,0,0.0,0.0,53282.15,53619.2,52783.45,53710.35,0,0.0,0.0,0.0,0.0,-0.01,-1,-1,-0.01,-1,-1,-0.01,-1,-1,-0.01,-1,-1,-0.01,-1,-1,-0.01,-1,-1,-0.01,-1,-1,-0.01,-1,-1,-0.01,-1,-1,-0.01,-1,-1
99926009,2026-05-18 14:26:58+05:30,53511.25,0,0.0,0,0.0,0.0,53282.15,53619.2,52783.45,53710.35,0,0.0,0.0,0.0,0.0,-0.01,-1,-1,-0.01,-1,-1,-0.01,-1,-1,-0.01,-1,-1,-0.01,-1,-1,-0.01,-1,-1,-0.01,-1,-1,-0.01,-1,-1,-0.01,-1,-1,-0.01,-1,-1
99926009,2026-05-18 14:26:58+05:30,53511.9,0,0.0,0,0.0,0.0,53282.15,53619.2,52783.45,53710.35,0,0.0,0.0,0.0,0.0,-0.01,-1,-1,-0.01,-1,-1,-0.01,-1,-1,-0.01,-1,-1,-0.01,-1,-1,-0.01,-1,-1,-0.01,-1,-1,-0.01,-1,-1,-0.01,-1,-1,-0.01,-1,-1
99926009,2026-05-18 14:26:59+05:30,53508.35,0,0.0,0,0.0,0.0,53282.15,53619.2,52783.45,53710.35,0,0.0,0.0,0.0,0.0,-0.01,-1,-1,-0.01,-1,-1,-0.01,-1,-1,-0.01,-1,-1,-0.01,-1,-1,-0.01,-1,-1,-0.01,-1,-1,-0.01,-1,-1,-0.01,-1,-1,-0.01,-1,-1
99926009,2026-05-18 14:26:59+05:30,53513.45,0,0.0,0,0.0,0.0,53282.15,53619.2,52783.45,53710.35,0,0.0,0.0,0.0,0.0,-0.01,-1,-1,-0.01,-1,-1,-0.01,-1,-1,-0.01,-1,-1,-0.01,-1,-1,-0.01,-1,-1,-0.01,-1,-1,-0.01,-1,-1,-0.01,-1,-1,-0.01,-1,-1
99926009,2026-05-18 14:27:00+05:30,53514.1,0,0.0,0,0.0,0.0,53282.15,53619.2,52783.45,53710.35,0,0.0,0.0,0.0,0.0,-0.01,-1,-1,-0.01,-1,-1,-0.01,-1,-1,-0.01,-1,-1,-0.01,-1,-1,-0.01,-1,-1,-0.01,-1,-1,-0.01,-1,-1,-0.01,-1,-1,-0.01,-1,-1
99926009,2026-05-18 14:27:00+05:30,53515.2,0,0.0,0,0.0,0.0,53282.15,53619.2,52783.45,53710.35,0,0.0,0.0,0.0,0.0,-0.01,-1,-1,-0.01,-1,-1,-0.01,-1,-1,-0.01,-1,-1,-0.01,-1,-1,-0.01,-1,-1,-0.01,-1,-1,-0.01,-1,-1,-0.01,-1,-1,-0.01,-1,-1
99926009,2026-05-18 14:27:01+05:30,53517.15,0,0.0,0,0.0,0.0,53282.15,53619.2,52783.45,53710.35,0,0.0,0.0,0.0,0.0,-0.01,-1,-1,-0.01,-1,-1,-0.01,-1,-1,-0.01,-1,-1,-0.01,-1,-1,-0.01,-1,-1,-0.01,-1,-1,-0.01,-1,-1,-0.01,-1,-1,-0.01,-1,-1
99926009,2026-05-18 14:27:01+05:30,53517.2,0,0.0,0,0.0,0.0,53282.15,53619.2,52783.45,53710.35,0,0.0,0.0,0.0,0.0,-0.01,-1,-1,-0.01,-1,-1,-0.01,-1,-1,-0.01,-1,-1,-0.01,-1,-1,-0.01,-1,-1,-0.01,-1,-1,-0.01,-1,-1,-0.01,-1,-1,-0.01,-1,-1
99926009,2026-05-18 14:27:02+05:30,53514.3,0,0.0,0,0.0,0.0,53282.15,53619.2,52783.45,53710.35,0,0.0,0.0,0.0,0.0,-0.01,-1,-1,-0.01,-1,-1,-0.01,-1,-1,-0.01,-1,-1,-0.01,-1,-1,-0.01,-1,-1,-0.01,-1,-1,-0.01,-1,-1,-0.01,-1,-1,-0.01,-1,-1
99926009,2026-05-18 14:27:02+05:30,53515.0,0,0.0,0,0.0,0.0,53282.15,53619.2,52783.45,53710.35,0,0.0,0.0,0.0,0.0,-0.01,-1,-1,-0.01,-1,-1,-0.01,-1,-1,-0.01,-1,-1,-0.01,-1,-1,-0.01,-1,-1,-0.01,-1,-1,-0.01,-1,-1,-0.01,-1,-1,-0.01,-1,-1
99926009,2026-05-18 14:27:03+05:30,53514.3,0,0.0,0,0.0,0.0,53282.15,53619.2,52783.45,53710.35,0,0.0,0.0,0.0,0.0,-0.01,-1,-1,-0.01,-1,-1,-0.01,-1,-1,-0.01,-1,-1,-0.01,-1,-1,-0.01,-1,-1,-0.01,-1,-1,-0.01,-1,-1,-0.01,-1,-1,-0.01,-1,-1
99926009,2026-05-18 14:27:03+05:30,53512.6,0,0.0,0,0.0,0.0,53282.15,53619.2,52783.45,53710.35,0,0.0,0.0,0.0,0.0,-0.01,-1,-1,-0.01,-1,-1,-0.01,-1,-1,-0.01,-1,-1,-0.01,-1,-1,-0.01,-1,-1,-0.01,-1,-1,-0.01,-1,-1,-0.01,-1,-1,-0.01,-1,-1
99926009,2026-05-18 14:27:04+05:30,53510.6,0,0.0,0,0.0,0.0,53282.15,53619.2,52783.45,53710.35,0,0.0,0.0,0.0,0.0,-0.01,-1,-1,-0.01,-1,-1,-0.01,-1,-1,-0.01,-1,-1,-0.01,-1,-1,-0.01,-1,-1,-0.01,-1,-1,-0.01,-1,-1,-0.01,-1,-1,-0.01,-1,-1
99926009,2026-05-18 14:27:04+05:30,53511.15,0,0.0,0,0.0,0.0,53282.15,53619.2,52783.45,53710.35,0,0.0,0.0,0.0,0.0,-0.01,-1,-1,-0.01,-1,-1,-0.01,-1,-1,-0.01,-1,-1,-0.01,-1,-1,-0.01,-1,-1,-0.01,-1,-1,-0.01,-1,-1,-0.01,-1,-1,-0.01,-1,-1
99926009,2026-05-18 14:27:05+05:30,53513.95,0,0.0,0,0.0,0.0,53282.15,53619.2,52783.45,53710.35,0,0.0,0.0,0.0,0.0,-0.01,-1,-1,-0.01,-1,-1,-0.01,-1,-1,-0.01,-1,-1,-0.01,-1,-1,-0.01,-1,-1,-0.01,-1,-1,-0.01,-1,-1,-0.01,-1,-1,-0.01,-1,-1
99926009,2026-05-18 14:27:05+05:30,53526.4,0,0.0,0,0.0,0.0,53282.15,53619.2,52783.45,53710.35,0,0.0,0.0,0.0,0.0,-0.01,-1,-1,-0.01,-1,-1,-0.01,-1,-1,-0.01,-1,-1,-0.01,-1,-1,-0.01,-1,-1,-0.01,-1,-1,-0.01,-1,-1,-0.01,-1,-1,-0.01,-1,-1
99926009,2026-05-18 14:27:06+05:30,53524.55,0,0.0,0,0.0,0.0,53282.15,53619.2,52783.45,53710.35,0,0.0,0.0,0.0,0.0,-0.01,-1,-1,-0.01,-1,-1,-0.01,-1,-1,-0.01,-1,-1,-0.01,-1,-1,-0.01,-1,-1,-0.01,-1,-1,-0.01,-1,-1,-0.01,-1,-1,-0.01,-1,-1
99926009,2026-05-18 14:27:06+05:30,53529.3,0,0.0,0,0.0,0.0,53282.15,53619.2,52783.45,53710.35,0,0.0,0.0,0.0,0.0,-0.01,-1,-1,-0.01,-1,-1,-0.01,-1,-1,-0.01,-1,-1,-0.01,-1,-1,-0.01,-1,-1,-0.01,-1,-1,-0.01,-1,-1,-0.01,-1,-1,-0.01,-1,-1
99926009,2026-05-18 14:27:07+05:30,53529.8,0,0.0,0,0.0,0.0,53282.15,53619.2,52783.45,53710.35,0,0.0,0.0,0.0,0.0,-0.01,-1,-1,-0.01,-1,-1,-0.01,-1,-1,-0.01,-1,-1,-0.01,-1,-1,-0.01,-1,-1,-0.01,-1,-1,-0.01,-1,-1,-0.01,-1,-1,-0.01,-1,-1
99926009,2026-05-18 14:27:07+05:30,53536.8,0,0.0,0,0.0,0.0,53282.15,53619.2,52783.45,53710.35,0,0.0,0.0,0.0,0.0,-0.01,-1,-1,-0.01,-1,-1,-0.01,-1,-1,-0.01,-1,-1,-0.01,-1,-1,-0.01,-1,-1,-0.01,-1,-1,-0.01,-1,-1,-0.01,-1,-1,-0.01,-1,-1
99926009,2026-05-18 14:27:08+05:30,53529.1,0,0.0,0,0.0,0.0,53282.15,53619.2,52783.45,53710.35,0,0.0,0.0,0.0,0.0,-0.01,-1,-1,-0.01,-1,-1,-0.01,-1,-1,-0.01,-1,-1,-0.01,-1,-1,-0.01,-1,-1,-0.01,-1,-1,-0.01,-1,-1,-0.01,-1,-1,-0.01,-1,-1
99926009,2026-05-18 14:27:08+05:30,53536.55,0,0.0,0,0.0,0.0,53282.15,53619.2,52783.45,53710.35,0,0.0,0.0,0.0,0.0,-0.01,-1,-1,-0.01,-1,-1,-0.01,-1,-1,-0.01,-1,-1,-0.01,-1,-1,-0.01,-1,-1,-0.01,-1,-1,-0.01,-1,-1,-0.01,-1,-1,-0.01,-1,-1
99926009,2026-05-18 14:27:09+05:30,53534.0,0,0.0,0,0.0,0.0,53282.15,53619.2,52783.45,53710.35,0,0.0,0.0,0.0,0.0,-0.01,-1,-1,-0.01,-1,-1,-0.01,-1,-1,-0.01,-1,-1,-0.01,-1,-1,-0.01,-1,-1,-0.01,-1,-1,-0.01,-1,-1,-0.01,-1,-1,-0.01,-1,-1
99926009,2026-05-18 14:27:09+05:30,53535.15,0,0.0,0,0.0,0.0,53282.15,53619.2,52783.45,53710.35,0,0.0,0.0,0.0,0.0,-0.01,-1,-1,-0.01,-1,-1,-0.01,-1,-1,-0.01,-1,-1,-0.01,-1,-1,-0.01,-1,-1,-0.01,-1,-1,-0.01,-1,-1,-0.01,-1,-1,-0.01,-1,-1
99926009,2026-05-18 14:27:10+05:30,53529.6,0,0.0,0,0.0,0.0,53282.15,53619.2,52783.45,53710.35,0,0.0,0.0,0.0,0.0,-0.01,-1,-1,-0.01,-1,-1,-0.01,-1,-1,-0.01,-1,-1,-0.01,-1,-1,-0.01,-1,-1,-0.01,-1,-1,-0.01,-1,-1,-0.01,-1,-1,-0.01,-1,-1
99926009,2026-05-18 14:27:10+05:30,53530.2,0,0.0,0,0.0,0.0,53282.15,53619.2,52783.45,53710.35,0,0.0,0.0,0.0,0.0,-0.01,-1,-1,-0.01,-1,-1,-0.01,-1,-1,-0.01,-1,-1,-0.01,-1,-1,-0.01,-1,-1,-0.01,-1,-1,-0.01,-1,-1,-0.01,-1,-1,-0.01,-1,-1
99926009,2026-05-18 14:27:11+05:30,53529.95,0,0.0,0,0.0,0.0,53282.15,53619.2,52783.45,53710.35,0,0.0,0.0,0.0,0.0,-0.01,-1,-1,-0.01,-1,-1,-0.01,-1,-1,-0.01,-1,-1,-0.01,-1,-1,-0.01,-1,-1,-0.01,-1,-1,-0.01,-1,-1,-0.01,-1,-1,-0.01,-1,-1
99926009,2026-05-18 14:27:11+05:30,53525.5,0,0.0,0,0.0,0.0,53282.15,53619.2,52783.45,53710.35,0,0.0,0.0,0.0,0.0,-0.01,-1,-1,-0.01,-1,-1,-0.01,-1,-1,-0.01,-1,-1,-0.01,-1,-1,-0.01,-1,-1,-0.01,-1,-1,-0.01,-1,-1,-0.01,-1,-1,-0.01,-1,-1
99926009,2026-05-18 14:27:12+05:30,53529.75,0,0.0,0,0.0,0.0,53282.15,53619.2,52783.45,53710.35,0,0.0,0.0,0.0,0.0,-0.01,-1,-1,-0.01,-1,-1,-0.01,-1,-1,-0.01,-1,-1,-0.01,-1,-1,-0.01,-1,-1,-0.01,-1,-1,-0.01,-1,-1,-0.01,-1,-1,-0.01,-1,-1
99926009,2026-05-18 14:27:12+05:30,53525.65,0,0.0,0,0.0,0.0,53282.15,53619.2,52783.45,53710.35,0,0.0,0.0,0.0,0.0,-0.01,-1,-1,-0.01,-1,-1,-0.01,-1,-1,-0.01,-1,-1,-0.01,-1,-1,-0.01,-1,-1,-0.01,-1,-1,-0.01,-1,-1,-0.01,-1,-1,-0.01,-1,-1
99926009,2026-05-18 14:27:13+05:30,53530.25,0,0.0,0,0.0,0.0,53282.15,53619.2,52783.45,53710.35,0,0.0,0.0,0.0,0.0,-0.01,-1,-1,-0.01,-1,-1,-0.01,-1,-1,-0.01,-1,-1,-0.01,-1,-1,-0.01,-1,-1,-0.01,-1,-1,-0.01,-1,-1,-0.01,-1,-1,-0.01,-1,-1
99926009,2026-05-18 14:27:13+05:30,53525.3,0,0.0,0,0.0,0.0,53282.15,53619.2,52783.45,53710.35,0,0.0,0.0,0.0,0.0,-0.01,-1,-1,-0.01,-1,-1,-0.01,-1,-1,-0.01,-1,-1,-0.01,-1,-1,-0.01,-1,-1,-0.01,-1,-1,-0.01,-1,-1,-0.01,-1,-1,-0.01,-1,-1
99926009,2026-05-18 14:27:14+05:30,53525.15,0,0.0,0,0.0,0.0,53282.15,53619.2,52783.45,53710.35,0,0.0,0.0,0.0,0.0,-0.01,-1,-1,-0.01,-1,-1,-0.01,-1,-1,-0.01,-1,-1,-0.01,-1,-1,-0.01,-1,-1,-0.01,-1,-1,-0.01,-1,-1,-0.01,-1,-1,-0.01,-1,-1
99926009,2026-05-18 14:27:14+05:30,53527.95,0,0.0,0,0.0,0.0,53282.15,53619.2,52783.45,53710.35,0,0.0,0.0,0.0,0.0,-0.01,-1,-1,-0.01,-1,-1,-0.01,-1,-1,-0.01,-1,-1,-0.01,-1,-1,-0.01,-1,-1,-0.01,-1,-1,-0.01,-1,-1,-0.01,-1,-1,-0.01,-1,-1
99926009,2026-05-18 14:27:15+05:30,53527.6,0,0.0,0,0.0,0.0,53282.15,53619.2,52783.45,53710.35,0,0.0,0.0,0.0,0.0,-0.01,-1,-1,-0.01,-1,-1,-0.01,-1,-1,-0.01,-1,-1,-0.01,-1,-1,-0.01,-1,-1,-0.01,-1,-1,-0.01,-1,-1,-0.01,-1,-1,-0.01,-1,-1
99926009,2026-05-18 14:27:15+05:30,53530.05,0,0.0,0,0.0,0.0,53282.15,53619.2,52783.45,53710.35,0,0.0,0.0,0.0,0.0,-0.01,-1,-1,-0.01,-1,-1,-0.01,-1,-1,-0.01,-1,-1,-0.01,-1,-1,-0.01,-1,-1,-0.01,-1,-1,-0.01,-1,-1,-0.01,-1,-1,-0.01,-1,-1
99926009,2026-05-18 14:27:16+05:30,53527.25,0,0.0,0,0.0,0.0,53282.15,53619.2,52783.45,53710.35,0,0.0,0.0,0.0,0.0,-0.01,-1,-1,-0.01,-1,-1,-0.01,-1,-1,-0.01,-1,-1,-0.01,-1,-1,-0.01,-1,-1,-0.01,-1,-1,-0.01,-1,-1,-0.01,-1,-1,-0.01,-1,-1
99926009,2026-05-18 14:27:16+05:30,53528.1,0,0.0,0,0.0,0.0,53282.15,53619.2,52783.45,53710.35,0,0.0,0.0,0.0,0.0,-0.01,-1,-1,-0.01,-1,-1,-0.01,-1,-1,-0.01,-1,-1,-0.01,-1,-1,-0.01,-1,-1,-0.01,-1,-1,-0.01,-1,-1,-0.01,-1,-1,-0.01,-1,-1
99926009,2026-05-18 14:27:17+05:30,53528.6,0,0.0,0,0.0,0.0,53282.15,53619.2,52783.45,53710.35,0,0.0,0.0,0.0,0.0,-0.01,-1,-1,-0.01,-1,-1,-0.01,-1,-1,-0.01,-1,-1,-0.01,-1,-1,-0.01,-1,-1,-0.01,-1,-1,-0.01,-1,-1,-0.01,-1,-1,-0.01,-1,-1
99926009,2026-05-18 14:27:17+05:30,53527.15,0,0.0,0,0.0,0.0,53282.15,53619.2,52783.45,53710.35,0,0.0,0.0,0.0,0.0,-0.01,-1,-1,-0.01,-1,-1,-0.01,-1,-1,-0.01,-1,-1,-0.01,-1,-1,-0.01,-1,-1,-0.01,-1,-1,-0.01,-1,-1,-0.01,-1,-1,-0.01,-1,-1
99926009,2026-05-18 14:27:18+05:30,53525.1,0,0.0,0,0.0,0.0,53282.15,53619.2,52783.45,53710.35,0,0.0,0.0,0.0,0.0,-0.01,-1,-1,-0.01,-1,-1,-0.01,-1,-1,-0.01,-1,-1,-0.01,-1,-1,-0.01,-1,-1,-0.01,-1,-1,-0.01,-1,-1,-0.01,-1,-1,-0.01,-1,-1
99926009,2026-05-18 14:27:18+05:30,53529.4,0,0.0,0,0.0,0.0,53282.15,53619.2,52783.45,53710.35,0,0.0,0.0,0.0,0.0,-0.01,-1,-1,-0.01,-1,-1,-0.01,-1,-1,-0.01,-1,-1,-0.01,-1,-1,-0.01,-1,-1,-0.01,-1,-1,-0.01,-1,-1,-0.01,-1,-1,-0.01,-1,-1
99926009,2026-05-18 14:27:19+05:30,53527.65,0,0.0,0,0.0,0.0,53282.15,53619.2,52783.45,53710.35,0,0.0,0.0,0.0,0.0,-0.01,-1,-1,-0.01,-1,-1,-0.01,-1,-1,-0.01,-1,-1,-0.01,-1,-1,-0.01,-1,-1,-0.01,-1,-1,-0.01,-1,-1,-0.01,-1,-1,-0.01,-1,-1
99926009,2026-05-18 14:27:19+05:30,53527.25,0,0.0,0,0.0,0.0,53282.15,53619.2,52783.45,53710.35,0,0.0,0.0,0.0,0.0,-0.01,-1,-1,-0.01,-1,-1,-0.01,-1,-1,-0.01,-1,-1,-0.01,-1,-1,-0.01,-1,-1,-0.01,-1,-1,-0.01,-1,-1,-0.01,-1,-1,-0.01,-1,-1
99926009,2026-05-18 14:27:20+05:30,53529.65,0,0.0,0,0.0,0.0,53282.15,53619.2,52783.45,53710.35,0,0.0,0.0,0.0,0.0,-0.01,-1,-1,-0.01,-1,-1,-0.01,-1,-1,-0.01,-1,-1,-0.01,-1,-1,-0.01,-1,-1,-0.01,-1,-1,-0.01,-1,-1,-0.01,-1,-1,-0.01,-1,-1
99926009,2026-05-18 14:27:20+05:30,53525.2,0,0.0,0,0.0,0.0,53282.15,53619.2,52783.45,53710.35,0,0.0,0.0,0.0,0.0,-0.01,-1,-1,-0.01,-1,-1,-0.01,-1,-1,-0.01,-1,-1,-0.01,-1,-1,-0.01,-1,-1,-0.01,-1,-1,-0.01,-1,-1,-0.01,-1,-1,-0.01,-1,-1
99926009,2026-05-18 14:27:21+05:30,53525.4,0,0.0,0,0.0,0.0,53282.15,53619.2,52783.45,53710.35,0,0.0,0.0,0.0,0.0,-0.01,-1,-1,-0.01,-1,-1,-0.01,-1,-1,-0.01,-1,-1,-0.01,-1,-1,-0.01,-1,-1,-0.01,-1,-1,-0.01,-1,-1,-0.01,-1,-1,-0.01,-1,-1
99926009,2026-05-18 14:27:21+05:30,53529.0,0,0.0,0,0.0,0.0,53282.15,53619.2,52783.45,53710.35,0,0.0,0.0,0.0,0.0,-0.01,-1,-1,-0.01,-1,-1,-0.01,-1,-1,-0.01,-1,-1,-0.01,-1,-1,-0.01,-1,-1,-0.01,-1,-1,-0.01,-1,-1,-0.01,-1,-1,-0.01,-1,-1
99926009,2026-05-18 14:27:22+05:30,53533.45,0,0.0,0,0.0,0.0,53282.15,53619.2,52783.45,53710.35,0,0.0,0.0,0.0,0.0,-0.01,-1,-1,-0.01,-1,-1,-0.01,-1,-1,-0.01,-1,-1,-0.01,-1,-1,-0.01,-1,-1,-0.01,-1,-1,-0.01,-1,-1,-0.01,-1,-1,-0.01,-1,-1
99926009,2026-05-18 14:27:22+05:30,53528.95,0,0.0,0,0.0,0.0,53282.15,53619.2,52783.45,53710.35,0,0.0,0.0,0.0,0.0,-0.01,-1,-1,-0.01,-1,-1,-0.01,-1,-1,-0.01,-1,-1,-0.01,-1,-1,-0.01,-1,-1,-0.01,-1,-1,-0.01,-1,-1,-0.01,-1,-1,-0.01,-1,-1
99926009,2026-05-18 14:27:23+05:30,53535.9,0,0.0,0,0.0,0.0,53282.15,53619.2,52783.45,53710.35,0,0.0,0.0,0.0,0.0,-0.01,-1,-1,-0.01,-1,-1,-0.01,-1,-1,-0.01,-1,-1,-0.01,-1,-1,-0.01,-1,-1,-0.01,-1,-1,-0.01,-1,-1,-0.01,-1,-1,-0.01,-1,-1
99926009,2026-05-18 14:27:23+05:30,53532.8,0,0.0,0,0.0,0.0,53282.15,53619.2,52783.45,53710.35,0,0.0,0.0,0.0,0.0,-0.01,-1,-1,-0.01,-1,-1,-0.01,-1,-1,-0.01,-1,-1,-0.01,-1,-1,-0.01,-1,-1,-0.01,-1,-1,-0.01,-1,-1,-0.01,-1,-1,-0.01,-1,-1
99926009,2026-05-18 14:27:24+05:30,53534.25,0,0.0,0,0.0,0.0,53282.15,53619.2,52783.45,53710.35,0,0.0,0.0,0.0,0.0,-0.01,-1,-1,-0.01,-1,-1,-0.01,-1,-1,-0.01,-1,-1,-0.01,-1,-1,-0.01,-1,-1,-0.01,-1,-1,-0.01,-1,-1,-0.01,-1,-1,-0.01,-1,-1
99926009,2026-05-18 14:27:24+05:30,53533.85,0,0.0,0,0.0,0.0,53282.15,53619.2,52783.45,53710.35,0,0.0,0.0,0.0,0.0,-0.01,-1,-1,-0.01,-1,-1,-0.01,-1,-1,-0.01,-1,-1,-0.01,-1,-1,-0.01,-1,-1,-0.01,-1,-1,-0.01,-1,-1,-0.01,-1,-1,-0.01,-1,-1
99926009,2026-05-18 14:27:25+05:30,53533.0,0,0.0,0,0.0,0.0,53282.15,53619.2,52783.45,53710.35,0,0.0,0.0,0.0,0.0,-0.01,-1,-1,-0.01,-1,-1,-0.01,-1,-1,-0.01,-1,-1,-0.01,-1,-1,-0.01,-1,-1,-0.01,-1,-1,-0.01,-1,-1,-0.01,-1,-1,-0.01,-1,-1
99926009,2026-05-18 14:27:25+05:30,53532.0,0,0.0,0,0.0,0.0,53282.15,53619.2,52783.45,53710.35,0,0.0,0.0,0.0,0.0,-0.01,-1,-1,-0.01,-1,-1,-0.01,-1,-1,-0.01,-1,-1,-0.01,-1,-1,-0.01,-1,-1,-0.01,-1,-1,-0.01,-1,-1,-0.01,-1,-1,-0.01,-1,-1
99926009,2026-05-18 14:27:26+05:30,53529.7,0,0.0,0,0.0,0.0,53282.15,53619.2,52783.45,53710.35,0,0.0,0.0,0.0,0.0,-0.01,-1,-1,-0.01,-1,-1,-0.01,-1,-1,-0.01,-1,-1,-0.01,-1,-1,-0.01,-1,-1,-0.01,-1,-1,-0.01,-1,-1,-0.01,-1,-1,-0.01,-1,-1
99926009,2026-05-18 14:27:26+05:30,53531.1,0,0.0,0,0.0,0.0,53282.15,53619.2,52783.45,53710.35,0,0.0,0.0,0.0,0.0,-0.01,-1,-1,-0.01,-1,-1,-0.01,-1,-1,-0.01,-1,-1,-0.01,-1,-1,-0.01,-1,-1,-0.01,-1,-1,-0.01,-1,-1,-0.01,-1,-1,-0.01,-1,-1
99926009,2026-05-18 14:27:27+05:30,53526.1,0,0.0,0,0.0,0.0,53282.15,53619.2,52783.45,53710.35,0,0.0,0.0,0.0,0.0,-0.01,-1,-1,-0.01,-1,-1,-0.01,-1,-1,-0.01,-1,-1,-0.01,-1,-1,-0.01,-1,-1,-0.01,-1,-1,-0.01,-1,-1,-0.01,-1,-1,-0.01,-1,-1
99926009,2026-05-18 14:27:27+05:30,53528.45,0,0.0,0,0.0,0.0,53282.15,53619.2,52783.45,53710.35,0,0.0,0.0,0.0,0.0,-0.01,-1,-1,-0.01,-1,-1,-0.01,-1,-1,-0.01,-1,-1,-0.01,-1,-1,-0.01,-1,-1,-0.01,-1,-1,-0.01,-1,-1,-0.01,-1,-1,-0.01,-1,-1
99926009,2026-05-18 14:27:28+05:30,53523.7,0,0.0,0,0.0,0.0,53282.15,53619.2,52783.45,53710.35,0,0.0,0.0,0.0,0.0,-0.01,-1,-1,-0.01,-1,-1,-0.01,-1,-1,-0.01,-1,-1,-0.01,-1,-1,-0.01,-1,-1,-0.01,-1,-1,-0.01,-1,-1,-0.01,-1,-1,-0.01,-1,-1
99926009,2026-05-18 14:27:28+05:30,53525.7,0,0.0,0,0.0,0.0,53282.15,53619.2,52783.45,53710.35,0,0.0,0.0,0.0,0.0,-0.01,-1,-1,-0.01,-1,-1,-0.01,-1,-1,-0.01,-1,-1,-0.01,-1,-1,-0.01,-1,-1,-0.01,-1,-1,-0.01,-1,-1,-0.01,-1,-1,-0.01,-1,-1
99926009,2026-05-18 14:27:29+05:30,53525.4,0,0.0,0,0.0,0.0,53282.15,53619.2,52783.45,53710.35,0,0.0,0.0,0.0,0.0,-0.01,-1,-1,-0.01,-1,-1,-0.01,-1,-1,-0.01,-1,-1,-0.01,-1,-1,-0.01,-1,-1,-0.01,-1,-1,-0.01,-1,-1,-0.01,-1,-1,-0.01,-1,-1
99926009,2026-05-18 14:27:29+05:30,53524.45,0,0.0,0,0.0,0.0,53282.15,53619.2,52783.45,53710.35,0,0.0,0.0,0.0,0.0,-0.01,-1,-1,-0.01,-1,-1,-0.01,-1,-1,-0.01,-1,-1,-0.01,-1,-1,-0.01,-1,-1,-0.01,-1,-1,-0.01,-1,-1,-0.01,-1,-1,-0.01,-1,-1
99926009,2026-05-18 14:27:30+05:30,53527.35,0,0.0,0,0.0,0.0,53282.15,53619.2,52783.45,53710.35,0,0.0,0.0,0.0,0.0,-0.01,-1,-1,-0.01,-1,-1,-0.01,-1,-1,-0.01,-1,-1,-0.01,-1,-1,-0.01,-1,-1,-0.01,-1,-1,-0.01,-1,-1,-0.01,-1,-1,-0.01,-1,-1
99926009,2026-05-18 14:27:30+05:30,53527.45,0,0.0,0,0.0,0.0,53282.15,53619.2,52783.45,53710.35,0,0.0,0.0,0.0,0.0,-0.01,-1,-1,-0.01,-1,-1,-0.01,-1,-1,-0.01,-1,-1,-0.01,-1,-1,-0.01,-1,-1,-0.01,-1,-1,-0.01,-1,-1,-0.01,-1,-1,-0.01,-1,-1
99926009,2026-05-18 14:27:31+05:30,53528.3,0,0.0,0,0.0,0.0,53282.15,53619.2,52783.45,53710.35,0,0.0,0.0,0.0,0.0,-0.01,-1,-1,-0.01,-1,-1,-0.01,-1,-1,-0.01,-1,-1,-0.01,-1,-1,-0.01,-1,-1,-0.01,-1,-1,-0.01,-1,-1,-0.01,-1,-1,-0.01,-1,-1
99926009,2026-05-18 14:27:31+05:30,53524.2,0,0.0,0,0.0,0.0,53282.15,53619.2,52783.45,53710.35,0,0.0,0.0,0.0,0.0,-0.01,-1,-1,-0.01,-1,-1,-0.01,-1,-1,-0.01,-1,-1,-0.01,-1,-1,-0.01,-1,-1,-0.01,-1,-1,-0.01,-1,-1,-0.01,-1,-1,-0.01,-1,-1
99926009,2026-05-18 14:27:32+05:30,53523.55,0,0.0,0,0.0,0.0,53282.15,53619.2,52783.45,53710.35,0,0.0,0.0,0.0,0.0,-0.01,-1,-1,-0.01,-1,-1,-0.01,-1,-1,-0.01,-1,-1,-0.01,-1,-1,-0.01,-1,-1,-0.01,-1,-1,-0.01,-1,-1,-0.01,-1,-1,-0.01,-1,-1
99926009,2026-05-18 14:27:32+05:30,53521.1,0,0.0,0,0.0,0.0,53282.15,53619.2,52783.45,53710.35,0,0.0,0.0,0.0,0.0,-0.01,-1,-1,-0.01,-1,-1,-0.01,-1,-1,-0.01,-1,-1,-0.01,-1,-1,-0.01,-1,-1,-0.01,-1,-1,-0.01,-1,-1,-0.01,-1,-1,-0.01,-1,-1
99926009,2026-05-18 14:27:33+05:30,53521.4,0,0.0,0,0.0,0.0,53282.15,53619.2,52783.45,53710.35,0,0.0,0.0,0.0,0.0,-0.01,-1,-1,-0.01,-1,-1,-0.01,-1,-1,-0.01,-1,-1,-0.01,-1,-1,-0.01,-1,-1,-0.01,-1,-1,-0.01,-1,-1,-0.01,-1,-1,-0.01,-1,-1
99926009,2026-05-18 14:27:33+05:30,53527.25,0,0.0,0,0.0,0.0,53282.15,53619.2,52783.45,53710.35,0,0.0,0.0,0.0,0.0,-0.01,-1,-1,-0.01,-1,-1,-0.01,-1,-1,-0.01,-1,-1,-0.01,-1,-1,-0.01,-1,-1,-0.01,-1,-1,-0.01,-1,-1,-0.01,-1,-1,-0.01,-1,-1
99926009,2026-05-18 14:27:34+05:30,53522.75,0,0.0,0,0.0,0.0,53282.15,53619.2,52783.45,53710.35,0,0.0,0.0,0.0,0.0,-0.01,-1,-1,-0.01,-1,-1,-0.01,-1,-1,-0.01,-1,-1,-0.01,-1,-1,-0.01,-1,-1,-0.01,-1,-1,-0.01,-1,-1,-0.01,-1,-1,-0.01,-1,-1
99926009,2026-05-18 14:27:34+05:30,53525.35,0,0.0,0,0.0,0.0,53282.15,53619.2,52783.45,53710.35,0,0.0,0.0,0.0,0.0,-0.01,-1,-1,-0.01,-1,-1,-0.01,-1,-1,-0.01,-1,-1,-0.01,-1,-1,-0.01,-1,-1,-0.01,-1,-1,-0.01,-1,-1,-0.01,-1,-1,-0.01,-1,-1
99926009,2026-05-18 14:27:35+05:30,53522.8,0,0.0,0,0.0,0.0,53282.15,53619.2,52783.45,53710.35,0,0.0,0.0,0.0,0.0,-0.01,-1,-1,-0.01,-1,-1,-0.01,-1,-1,-0.01,-1,-1,-0.01,-1,-1,-0.01,-1,-1,-0.01,-1,-1,-0.01,-1,-1,-0.01,-1,-1,-0.01,-1,-1
99926009,2026-05-18 14:27:35+05:30,53525.15,0,0.0,0,0.0,0.0,53282.15,53619.2,52783.45,53710.35,0,0.0,0.0,0.0,0.0,-0.01,-1,-1,-0.01,-1,-1,-0.01,-1,-1,-0.01,-1,-1,-0.01,-1,-1,-0.01,-1,-1,-0.01,-1,-1,-0.01,-1,-1,-0.01,-1,-1,-0.01,-1,-1
99926009,2026-05-18 14:27:36+05:30,53520.4,0,0.0,0,0.0,0.0,53282.15,53619.2,52783.45,53710.35,0,0.0,0.0,0.0,0.0,-0.01,-1,-1,-0.01,-1,-1,-0.01,-1,-1,-0.01,-1,-1,-0.01,-1,-1,-0.01,-1,-1,-0.01,-1,-1,-0.01,-1,-1,-0.01,-1,-1,-0.01,-1,-1
99926009,2026-05-18 14:27:36+05:30,53518.05,0,0.0,0,0.0,0.0,53282.15,53619.2,52783.45,53710.35,0,0.0,0.0,0.0,0.0,-0.01,-1,-1,-0.01,-1,-1,-0.01,-1,-1,-0.01,-1,-1,-0.01,-1,-1,-0.01,-1,-1,-0.01,-1,-1,-0.01,-1,-1,-0.01,-1,-1,-0.01,-1,-1
99926009,2026-05-18 14:27:37+05:30,53517.8,0,0.0,0,0.0,0.0,53282.15,53619.2,52783.45,53710.35,0,0.0,0.0,0.0,0.0,-0.01,-1,-1,-0.01,-1,-1,-0.01,-1,-1,-0.01,-1,-1,-0.01,-1,-1,-0.01,-1,-1,-0.01,-1,-1,-0.01,-1,-1,-0.01,-1,-1,-0.01,-1,-1
99926009,2026-05-18 14:27:37+05:30,53513.35,0,0.0,0,0.0,0.0,53282.15,53619.2,52783.45,53710.35,0,0.0,0.0,0.0,0.0,-0.01,-1,-1,-0.01,-1,-1,-0.01,-1,-1,-0.01,-1,-1,-0.01,-1,-1,-0.01,-1,-1,-0.01,-1,-1,-0.01,-1,-1,-0.01,-1,-1,-0.01,-1,-1
99926009,2026-05-18 14:27:38+05:30,53514.75,0,0.0,0,0.0,0.0,53282.15,53619.2,52783.45,53710.35,0,0.0,0.0,0.0,0.0,-0.01,-1,-1,-0.01,-1,-1,-0.01,-1,-1,-0.01,-1,-1,-0.01,-1,-1,-0.01,-1,-1,-0.01,-1,-1,-0.01,-1,-1,-0.01,-1,-1,-0.01,-1,-1
99926009,2026-05-18 14:27:38+05:30,53511.9,0,0.0,0,0.0,0.0,53282.15,53619.2,52783.45,53710.35,0,0.0,0.0,0.0,0.0,-0.01,-1,-1,-0.01,-1,-1,-0.01,-1,-1,-0.01,-1,-1,-0.01,-1,-1,-0.01,-1,-1,-0.01,-1,-1,-0.01,-1,-1,-0.01,-1,-1,-0.01,-1,-1
99926009,2026-05-18 14:27:39+05:30,53513.6,0,0.0,0,0.0,0.0,53282.15,53619.2,52783.45,53710.35,0,0.0,0.0,0.0,0.0,-0.01,-1,-1,-0.01,-1,-1,-0.01,-1,-1,-0.01,-1,-1,-0.01,-1,-1,-0.01,-1,-1,-0.01,-1,-1,-0.01,-1,-1,-0.01,-1,-1,-0.01,-1,-1
99926009,2026-05-18 14:27:39+05:30,53515.5,0,0.0,0,0.0,0.0,53282.15,53619.2,52783.45,53710.35,0,0.0,0.0,0.0,0.0,-0.01,-1,-1,-0.01,-1,-1,-0.01,-1,-1,-0.01,-1,-1,-0.01,-1,-1,-0.01,-1,-1,-0.01,-1,-1,-0.01,-1,-1,-0.01,-1,-1,-0.01,-1,-1
99926009,2026-05-18 14:27:40+05:30,53513.9,0,0.0,0,0.0,0.0,53282.15,53619.2,52783.45,53710.35,0,0.0,0.0,0.0,0.0,-0.01,-1,-1,-0.01,-1,-1,-0.01,-1,-1,-0.01,-1,-1,-0.01,-1,-1,-0.01,-1,-1,-0.01,-1,-1,-0.01,-1,-1,-0.01,-1,-1,-0.01,-1,-1
99926009,2026-05-18 14:27:40+05:30,53513.2,0,0.0,0,0.0,0.0,53282.15,53619.2,52783.45,53710.35,0,0.0,0.0,0.0,0.0,-0.01,-1,-1,-0.01,-1,-1,-0.01,-1,-1,-0.01,-1,-1,-0.01,-1,-1,-0.01,-1,-1,-0.01,-1,-1,-0.01,-1,-1,-0.01,-1,-1,-0.01,-1,-1
99926009,2026-05-18 14:27:41+05:30,53515.25,0,0.0,0,0.0,0.0,53282.15,53619.2,52783.45,53710.35,0,0.0,0.0,0.0,0.0,-0.01,-1,-1,-0.01,-1,-1,-0.01,-1,-1,-0.01,-1,-1,-0.01,-1,-1,-0.01,-1,-1,-0.01,-1,-1,-0.01,-1,-1,-0.01,-1,-1,-0.01,-1,-1
99926009,2026-05-18 14:27:41+05:30,53515.85,0,0.0,0,0.0,0.0,53282.15,53619.2,52783.45,53710.35,0,0.0,0.0,0.0,0.0,-0.01,-1,-1,-0.01,-1,-1,-0.01,-1,-1,-0.01,-1,-1,-0.01,-1,-1,-0.01,-1,-1,-0.01,-1,-1,-0.01,-1,-1,-0.01,-1,-1,-0.01,-1,-1
99926009,2026-05-18 14:27:42+05:30,53516.15,0,0.0,0,0.0,0.0,53282.15,53619.2,52783.45,53710.35,0,0.0,0.0,0.0,0.0,-0.01,-1,-1,-0.01,-1,-1,-0.01,-1,-1,-0.01,-1,-1,-0.01,-1,-1,-0.01,-1,-1,-0.01,-1,-1,-0.01,-1,-1,-0.01,-1,-1,-0.01,-1,-1
99926009,2026-05-18 14:27:42+05:30,53515.3,0,0.0,0,0.0,0.0,53282.15,53619.2,52783.45,53710.35,0,0.0,0.0,0.0,0.0,-0.01,-1,-1,-0.01,-1,-1,-0.01,-1,-1,-0.01,-1,-1,-0.01,-1,-1,-0.01,-1,-1,-0.01,-1,-1,-0.01,-1,-1,-0.01,-1,-1,-0.01,-1,-1
99926009,2026-05-18 14:27:43+05:30,53514.45,0,0.0,0,0.0,0.0,53282.15,53619.2,52783.45,53710.35,0,0.0,0.0,0.0,0.0,-0.01,-1,-1,-0.01,-1,-1,-0.01,-1,-1,-0.01,-1,-1,-0.01,-1,-1,-0.01,-1,-1,-0.01,-1,-1,-0.01,-1,-1,-0.01,-1,-1,-0.01,-1,-1
99926009,2026-05-18 14:27:43+05:30,53513.9,0,0.0,0,0.0,0.0,53282.15,53619.2,52783.45,53710.35,0,0.0,0.0,0.0,0.0,-0.01,-1,-1,-0.01,-1,-1,-0.01,-1,-1,-0.01,-1,-1,-0.01,-1,-1,-0.01,-1,-1,-0.01,-1,-1,-0.01,-1,-1,-0.01,-1,-1,-0.01,-1,-1
99926009,2026-05-18 14:27:44+05:30,53513.95,0,0.0,0,0.0,0.0,53282.15,53619.2,52783.45,53710.35,0,0.0,0.0,0.0,0.0,-0.01,-1,-1,-0.01,-1,-1,-0.01,-1,-1,-0.01,-1,-1,-0.01,-1,-1,-0.01,-1,-1,-0.01,-1,-1,-0.01,-1,-1,-0.01,-1,-1,-0.01,-1,-1
99926009,2026-05-18 14:27:44+05:30,53514.75,0,0.0,0,0.0,0.0,53282.15,53619.2,52783.45,53710.35,0,0.0,0.0,0.0,0.0,-0.01,-1,-1,-0.01,-1,-1,-0.01,-1,-1,-0.01,-1,-1,-0.01,-1,-1,-0.01,-1,-1,-0.01,-1,-1,-0.01,-1,-1,-0.01,-1,-1,-0.01,-1,-1
99926009,2026-05-18 14:27:45+05:30,53512.15,0,0.0,0,0.0,0.0,53282.15,53619.2,52783.45,53710.35,0,0.0,0.0,0.0,0.0,-0.01,-1,-1,-0.01,-1,-1,-0.01,-1,-1,-0.01,-1,-1,-0.01,-1,-1,-0.01,-1,-1,-0.01,-1,-1,-0.01,-1,-1,-0.01,-1,-1,-0.01,-1,-1
99926009,2026-05-18 14:27:45+05:30,53513.5,0,0.0,0,0.0,0.0,53282.15,53619.2,52783.45,53710.35,0,0.0,0.0,0.0,0.0,-0.01,-1,-1,-0.01,-1,-1,-0.01,-1,-1,-0.01,-1,-1,-0.01,-1,-1,-0.01,-1,-1,-0.01,-1,-1,-0.01,-1,-1,-0.01,-1,-1,-0.01,-1,-1
99926009,2026-05-18 14:27:46+05:30,53515.15,0,0.0,0,0.0,0.0,53282.15,53619.2,52783.45,53710.35,0,0.0,0.0,0.0,0.0,-0.01,-1,-1,-0.01,-1,-1,-0.01,-1,-1,-0.01,-1,-1,-0.01,-1,-1,-0.01,-1,-1,-0.01,-1,-1,-0.01,-1,-1,-0.01,-1,-1,-0.01,-1,-1
99926009,2026-05-18 14:27:46+05:30,53514.9,0,0.0,0,0.0,0.0,53282.15,53619.2,52783.45,53710.35,0,0.0,0.0,0.0,0.0,-0.01,-1,-1,-0.01,-1,-1,-0.01,-1,-1,-0.01,-1,-1,-0.01,-1,-1,-0.01,-1,-1,-0.01,-1,-1,-0.01,-1,-1,-0.01,-1,-1,-0.01,-1,-1
99926009,2026-05-18 14:27:47+05:30,53517.35,0,0.0,0,0.0,0.0,53282.15,53619.2,52783.45,53710.35,0,0.0,0.0,0.0,0.0,-0.01,-1,-1,-0.01,-1,-1,-0.01,-1,-1,-0.01,-1,-1,-0.01,-1,-1,-0.01,-1,-1,-0.01,-1,-1,-0.01,-1,-1,-0.01,-1,-1,-0.01,-1,-1
99926009,2026-05-18 14:27:47+05:30,53513.7,0,0.0,0,0.0,0.0,53282.15,53619.2,52783.45,53710.35,0,0.0,0.0,0.0,0.0,-0.01,-1,-1,-0.01,-1,-1,-0.01,-1,-1,-0.01,-1,-1,-0.01,-1,-1,-0.01,-1,-1,-0.01,-1,-1,-0.01,-1,-1,-0.01,-1,-1,-0.01,-1,-1
99926009,2026-05-18 14:27:48+05:30,53516.85,0,0.0,0,0.0,0.0,53282.15,53619.2,52783.45,53710.35,0,0.0,0.0,0.0,0.0,-0.01,-1,-1,-0.01,-1,-1,-0.01,-1,-1,-0.01,-1,-1,-0.01,-1,-1,-0.01,-1,-1,-0.01,-1,-1,-0.01,-1,-1,-0.01,-1,-1,-0.01,-1,-1
99926009,2026-05-18 14:27:48+05:30,53512.15,0,0.0,0,0.0,0.0,53282.15,53619.2,52783.45,53710.35,0,0.0,0.0,0.0,0.0,-0.01,-1,-1,-0.01,-1,-1,-0.01,-1,-1,-0.01,-1,-1,-0.01,-1,-1,-0.01,-1,-1,-0.01,-1,-1,-0.01,-1,-1,-0.01,-1,-1,-0.01,-1,-1
99926009,2026-05-18 14:27:49+05:30,53515.65,0,0.0,0,0.0,0.0,53282.15,53619.2,52783.45,53710.35,0,0.0,0.0,0.0,0.0,-0.01,-1,-1,-0.01,-1,-1,-0.01,-1,-1,-0.01,-1,-1,-0.01,-1,-1,-0.01,-1,-1,-0.01,-1,-1,-0.01,-1,-1,-0.01,-1,-1,-0.01,-1,-1
99926009,2026-05-18 14:27:49+05:30,53515.3,0,0.0,0,0.0,0.0,53282.15,53619.2,52783.45,53710.35,0,0.0,0.0,0.0,0.0,-0.01,-1,-1,-0.01,-1,-1,-0.01,-1,-1,-0.01,-1,-1,-0.01,-1,-1,-0.01,-1,-1,-0.01,-1,-1,-0.01,-1,-1,-0.01,-1,-1,-0.01,-1,-1
99926009,2026-05-18 14:27:50+05:30,53514.45,0,0.0,0,0.0,0.0,53282.15,53619.2,52783.45,53710.35,0,0.0,0.0,0.0,0.0,-0.01,-1,-1,-0.01,-1,-1,-0.01,-1,-1,-0.01,-1,-1,-0.01,-1,-1,-0.01,-1,-1,-0.01,-1,-1,-0.01,-1,-1,-0.01,-1,-1,-0.01,-1,-1
99926009,2026-05-18 14:27:50+05:30,53517.15,0,0.0,0,0.0,0.0,53282.15,53619.2,52783.45,53710.35,0,0.0,0.0,0.0,0.0,-0.01,-1,-1,-0.01,-1,-1,-0.01,-1,-1,-0.01,-1,-1,-0.01,-1,-1,-0.01,-1,-1,-0.01,-1,-1,-0.01,-1,-1,-0.01,-1,-1,-0.01,-1,-1
99926009,2026-05-18 14:27:51+05:30,53518.15,0,0.0,0,0.0,0.0,53282.15,53619.2,52783.45,53710.35,0,0.0,0.0,0.0,0.0,-0.01,-1,-1,-0.01,-1,-1,-0.01,-1,-1,-0.01,-1,-1,-0.01,-1,-1,-0.01,-1,-1,-0.01,-1,-1,-0.01,-1,-1,-0.01,-1,-1,-0.01,-1,-1
99926009,2026-05-18 14:27:51+05:30,53518.0,0,0.0,0,0.0,0.0,53282.15,53619.2,52783.45,53710.35,0,0.0,0.0,0.0,0.0,-0.01,-1,-1,-0.01,-1,-1,-0.01,-1,-1,-0.01,-1,-1,-0.01,-1,-1,-0.01,-1,-1,-0.01,-1,-1,-0.01,-1,-1,-0.01,-1,-1,-0.01,-1,-1
99926009,2026-05-18 14:27:52+05:30,53516.8,0,0.0,0,0.0,0.0,53282.15,53619.2,52783.45,53710.35,0,0.0,0.0,0.0,0.0,-0.01,-1,-1,-0.01,-1,-1,-0.01,-1,-1,-0.01,-1,-1,-0.01,-1,-1,-0.01,-1,-1,-0.01,-1,-1,-0.01,-1,-1,-0.01,-1,-1,-0.01,-1,-1
99926009,2026-05-18 14:27:52+05:30,53515.2,0,0.0,0,0.0,0.0,53282.15,53619.2,52783.45,53710.35,0,0.0,0.0,0.0,0.0,-0.01,-1,-1,-0.01,-1,-1,-0.01,-1,-1,-0.01,-1,-1,-0.01,-1,-1,-0.01,-1,-1,-0.01,-1,-1,-0.01,-1,-1,-0.01,-1,-1,-0.01,-1,-1
99926009,2026-05-18 14:27:53+05:30,53516.5,0,0.0,0,0.0,0.0,53282.15,53619.2,52783.45,53710.35,0,0.0,0.0,0.0,0.0,-0.01,-1,-1,-0.01,-1,-1,-0.01,-1,-1,-0.01,-1,-1,-0.01,-1,-1,-0.01,-1,-1,-0.01,-1,-1,-0.01,-1,-1,-0.01,-1,-1,-0.01,-1,-1
99926009,2026-05-18 14:27:53+05:30,53513.1,0,0.0,0,0.0,0.0,53282.15,53619.2,52783.45,53710.35,0,0.0,0.0,0.0,0.0,-0.01,-1,-1,-0.01,-1,-1,-0.01,-1,-1,-0.01,-1,-1,-0.01,-1,-1,-0.01,-1,-1,-0.01,-1,-1,-0.01,-1,-1,-0.01,-1,-1,-0.01,-1,-1
99926009,2026-05-18 14:27:54+05:30,53513.6,0,0.0,0,0.0,0.0,53282.15,53619.2,52783.45,53710.35,0,0.0,0.0,0.0,0.0,-0.01,-1,-1,-0.01,-1,-1,-0.01,-1,-1,-0.01,-1,-1,-0.01,-1,-1,-0.01,-1,-1,-0.01,-1,-1,-0.01,-1,-1,-0.01,-1,-1,-0.01,-1,-1
99926009,2026-05-18 14:27:54+05:30,53523.0,0,0.0,0,0.0,0.0,53282.15,53619.2,52783.45,53710.35,0,0.0,0.0,0.0,0.0,-0.01,-1,-1,-0.01,-1,-1,-0.01,-1,-1,-0.01,-1,-1,-0.01,-1,-1,-0.01,-1,-1,-0.01,-1,-1,-0.01,-1,-1,-0.01,-1,-1,-0.01,-1,-1
99926009,2026-05-18 14:27:55+05:30,53521.9,0,0.0,0,0.0,0.0,53282.15,53619.2,52783.45,53710.35,0,0.0,0.0,0.0,0.0,-0.01,-1,-1,-0.01,-1,-1,-0.01,-1,-1,-0.01,-1,-1,-0.01,-1,-1,-0.01,-1,-1,-0.01,-1,-1,-0.01,-1,-1,-0.01,-1,-1,-0.01,-1,-1
99926009,2026-05-18 14:27:55+05:30,53524.05,0,0.0,0,0.0,0.0,53282.15,53619.2,52783.45,53710.35,0,0.0,0.0,0.0,0.0,-0.01,-1,-1,-0.01,-1,-1,-0.01,-1,-1,-0.01,-1,-1,-0.01,-1,-1,-0.01,-1,-1,-0.01,-1,-1,-0.01,-1,-1,-0.01,-1,-1,-0.01,-1,-1
99926009,2026-05-18 14:27:56+05:30,53521.8,0,0.0,0,0.0,0.0,53282.15,53619.2,52783.45,53710.35,0,0.0,0.0,0.0,0.0,-0.01,-1,-1,-0.01,-1,-1,-0.01,-1,-1,-0.01,-1,-1,-0.01,-1,-1,-0.01,-1,-1,-0.01,-1,-1,-0.01,-1,-1,-0.01,-1,-1,-0.01,-1,-1
99926009,2026-05-18 14:27:56+05:30,53518.7,0,0.0,0,0.0,0.0,53282.15,53619.2,52783.45,53710.35,0,0.0,0.0,0.0,0.0,-0.01,-1,-1,-0.01,-1,-1,-0.01,-1,-1,-0.01,-1,-1,-0.01,-1,-1,-0.01,-1,-1,-0.01,-1,-1,-0.01,-1,-1,-0.01,-1,-1,-0.01,-1,-1
99926009,2026-05-18 14:27:57+05:30,53520.15,0,0.0,0,0.0,0.0,53282.15,53619.2,52783.45,53710.35,0,0.0,0.0,0.0,0.0,-0.01,-1,-1,-0.01,-1,-1,-0.01,-1,-1,-0.01,-1,-1,-0.01,-1,-1,-0.01,-1,-1,-0.01,-1,-1,-0.01,-1,-1,-0.01,-1,-1,-0.01,-1,-1
99926009,2026-05-18 14:27:57+05:30,53519.6,0,0.0,0,0.0,0.0,53282.15,53619.2,52783.45,53710.35,0,0.0,0.0,0.0,0.0,-0.01,-1,-1,-0.01,-1,-1,-0.01,-1,-1,-0.01,-1,-1,-0.01,-1,-1,-0.01,-1,-1,-0.01,-1,-1,-0.01,-1,-1,-0.01,-1,-1,-0.01,-1,-1
99926009,2026-05-18 14:27:58+05:30,53518.3,0,0.0,0,0.0,0.0,53282.15,53619.2,52783.45,53710.35,0,0.0,0.0,0.0,0.0,-0.01,-1,-1,-0.01,-1,-1,-0.01,-1,-1,-0.01,-1,-1,-0.01,-1,-1,-0.01,-1,-1,-0.01,-1,-1,-0.01,-1,-1,-0.01,-1,-1,-0.01,-1,-1
99926009,2026-05-18 14:27:58+05:30,53517.1,0,0.0,0,0.0,0.0,53282.15,53619.2,52783.45,53710.35,0,0.0,0.0,0.0,0.0,-0.01,-1,-1,-0.01,-1,-1,-0.01,-1,-1,-0.01,-1,-1,-0.01,-1,-1,-0.01,-1,-1,-0.01,-1,-1,-0.01,-1,-1,-0.01,-1,-1,-0.01,-1,-1
99926009,2026-05-18 14:27:59+05:30,53517.95,0,0.0,0,0.0,0.0,53282.15,53619.2,52783.45,53710.35,0,0.0,0.0,0.0,0.0,-0.01,-1,-1,-0.01,-1,-1,-0.01,-1,-1,-0.01,-1,-1,-0.01,-1,-1,-0.01,-1,-1,-0.01,-1,-1,-0.01,-1,-1,-0.01,-1,-1,-0.01,-1,-1
99926009,2026-05-18 14:27:59+05:30,53519.3,0,0.0,0,0.0,0.0,53282.15,53619.2,52783.45,53710.35,0,0.0,0.0,0.0,0.0,-0.01,-1,-1,-0.01,-1,-1,-0.01,-1,-1,-0.01,-1,-1,-0.01,-1,-1,-0.01,-1,-1,-0.01,-1,-1,-0.01,-1,-1,-0.01,-1,-1,-0.01,-1,-1
99926009,2026-05-18 14:28:00+05:30,53520.15,0,0.0,0,0.0,0.0,53282.15,53619.2,52783.45,53710.35,0,0.0,0.0,0.0,0.0,-0.01,-1,-1,-0.01,-1,-1,-0.01,-1,-1,-0.01,-1,-1,-0.01,-1,-1,-0.01,-1,-1,-0.01,-1,-1,-0.01,-1,-1,-0.01,-1,-1,-0.01,-1,-1
99926009,2026-05-18 14:28:00+05:30,53519.4,0,0.0,0,0.0,0.0,53282.15,53619.2,52783.45,53710.35,0,0.0,0.0,0.0,0.0,-0.01,-1,-1,-0.01,-1,-1,-0.01,-1,-1,-0.01,-1,-1,-0.01,-1,-1,-0.01,-1,-1,-0.01,-1,-1,-0.01,-1,-1,-0.01,-1,-1,-0.01,-1,-1
99926009,2026-05-18 14:28:01+05:30,53518.95,0,0.0,0,0.0,0.0,53282.15,53619.2,52783.45,53710.35,0,0.0,0.0,0.0,0.0,-0.01,-1,-1,-0.01,-1,-1,-0.01,-1,-1,-0.01,-1,-1,-0.01,-1,-1,-0.01,-1,-1,-0.01,-1,-1,-0.01,-1,-1,-0.01,-1,-1,-0.01,-1,-1
99926009,2026-05-18 14:28:01+05:30,53523.75,0,0.0,0,0.0,0.0,53282.15,53619.2,52783.45,53710.35,0,0.0,0.0,0.0,0.0,-0.01,-1,-1,-0.01,-1,-1,-0.01,-1,-1,-0.01,-1,-1,-0.01,-1,-1,-0.01,-1,-1,-0.01,-1,-1,-0.01,-1,-1,-0.01,-1,-1,-0.01,-1,-1
99926009,2026-05-18 14:28:02+05:30,53517.65,0,0.0,0,0.0,0.0,53282.15,53619.2,52783.45,53710.35,0,0.0,0.0,0.0,0.0,-0.01,-1,-1,-0.01,-1,-1,-0.01,-1,-1,-0.01,-1,-1,-0.01,-1,-1,-0.01,-1,-1,-0.01,-1,-1,-0.01,-1,-1,-0.01,-1,-1,-0.01,-1,-1
99926009,2026-05-18 14:28:02+05:30,53521.35,0,0.0,0,0.0,0.0,53282.15,53619.2,52783.45,53710.35,0,0.0,0.0,0.0,0.0,-0.01,-1,-1,-0.01,-1,-1,-0.01,-1,-1,-0.01,-1,-1,-0.01,-1,-1,-0.01,-1,-1,-0.01,-1,-1,-0.01,-1,-1,-0.01,-1,-1,-0.01,-1,-1
99926009,2026-05-18 14:28:03+05:30,53518.6,0,0.0,0,0.0,0.0,53282.15,53619.2,52783.45,53710.35,0,0.0,0.0,0.0,0.0,-0.01,-1,-1,-0.01,-1,-1,-0.01,-1,-1,-0.01,-1,-1,-0.01,-1,-1,-0.01,-1,-1,-0.01,-1,-1,-0.01,-1,-1,-0.01,-1,-1,-0.01,-1,-1
99926009,2026-05-18 14:28:03+05:30,53519.2,0,0.0,0,0.0,0.0,53282.15,53619.2,52783.45,53710.35,0,0.0,0.0,0.0,0.0,-0.01,-1,-1,-0.01,-1,-1,-0.01,-1,-1,-0.01,-1,-1,-0.01,-1,-1,-0.01,-1,-1,-0.01,-1,-1,-0.01,-1,-1,-0.01,-1,-1,-0.01,-1,-1
99926009,2026-05-18 14:28:04+05:30,53520.4,0,0.0,0,0.0,0.0,53282.15,53619.2,52783.45,53710.35,0,0.0,0.0,0.0,0.0,-0.01,-1,-1,-0.01,-1,-1,-0.01,-1,-1,-0.01,-1,-1,-0.01,-1,-1,-0.01,-1,-1,-0.01,-1,-1,-0.01,-1,-1,-0.01,-1,-1,-0.01,-1,-1
99926009,2026-05-18 14:28:04+05:30,53520.65,0,0.0,0,0.0,0.0,53282.15,53619.2,52783.45,53710.35,0,0.0,0.0,0.0,0.0,-0.01,-1,-1,-0.01,-1,-1,-0.01,-1,-1,-0.01,-1,-1,-0.01,-1,-1,-0.01,-1,-1,-0.01,-1,-1,-0.01,-1,-1,-0.01,-1,-1,-0.01,-1,-1
99926009,2026-05-18 14:28:05+05:30,53515.75,0,0.0,0,0.0,0.0,53282.15,53619.2,52783.45,53710.35,0,0.0,0.0,0.0,0.0,-0.01,-1,-1,-0.01,-1,-1,-0.01,-1,-1,-0.01,-1,-1,-0.01,-1,-1,-0.01,-1,-1,-0.01,-1,-1,-0.01,-1,-1,-0.01,-1,-1,-0.01,-1,-1
99926009,2026-05-18 14:28:05+05:30,53517.65,0,0.0,0,0.0,0.0,53282.15,53619.2,52783.45,53710.35,0,0.0,0.0,0.0,0.0,-0.01,-1,-1,-0.01,-1,-1,-0.01,-1,-1,-0.01,-1,-1,-0.01,-1,-1,-0.01,-1,-1,-0.01,-1,-1,-0.01,-1,-1,-0.01,-1,-1,-0.01,-1,-1
99926009,2026-05-18 14:28:06+05:30,53517.25,0,0.0,0,0.0,0.0,53282.15,53619.2,52783.45,53710.35,0,0.0,0.0,0.0,0.0,-0.01,-1,-1,-0.01,-1,-1,-0.01,-1,-1,-0.01,-1,-1,-0.01,-1,-1,-0.01,-1,-1,-0.01,-1,-1,-0.01,-1,-1,-0.01,-1,-1,-0.01,-1,-1
99926009,2026-05-18 14:28:06+05:30,53517.35,0,0.0,0,0.0,0.0,53282.15,53619.2,52783.45,53710.35,0,0.0,0.0,0.0,0.0,-0.01,-1,-1,-0.01,-1,-1,-0.01,-1,-1,-0.01,-1,-1,-0.01,-1,-1,-0.01,-1,-1,-0.01,-1,-1,-0.01,-1,-1,-0.01,-1,-1,-0.01,-1,-1
99926009,2026-05-18 14:28:07+05:30,53519.35,0,0.0,0,0.0,0.0,53282.15,53619.2,52783.45,53710.35,0,0.0,0.0,0.0,0.0,-0.01,-1,-1,-0.01,-1,-1,-0.01,-1,-1,-0.01,-1,-1,-0.01,-1,-1,-0.01,-1,-1,-0.01,-1,-1,-0.01,-1,-1,-0.01,-1,-1,-0.01,-1,-1
99926009,2026-05-18 14:28:07+05:30,53518.4,0,0.0,0,0.0,0.0,53282.15,53619.2,52783.45,53710.35,0,0.0,0.0,0.0,0.0,-0.01,-1,-1,-0.01,-1,-1,-0.01,-1,-1,-0.01,-1,-1,-0.01,-1,-1,-0.01,-1,-1,-0.01,-1,-1,-0.01,-1,-1,-0.01,-1,-1,-0.01,-1,-1
99926009,2026-05-18 14:28:08+05:30,53517.15,0,0.0,0,0.0,0.0,53282.15,53619.2,52783.45,53710.35,0,0.0,0.0,0.0,0.0,-0.01,-1,-1,-0.01,-1,-1,-0.01,-1,-1,-0.01,-1,-1,-0.01,-1,-1,-0.01,-1,-1,-0.01,-1,-1,-0.01,-1,-1,-0.01,-1,-1,-0.01,-1,-1
99926009,2026-05-18 14:28:08+05:30,53516.4,0,0.0,0,0.0,0.0,53282.15,53619.2,52783.45,53710.35,0,0.0,0.0,0.0,0.0,-0.01,-1,-1,-0.01,-1,-1,-0.01,-1,-1,-0.01,-1,-1,-0.01,-1,-1,-0.01,-1,-1,-0.01,-1,-1,-0.01,-1,-1,-0.01,-1,-1,-0.01,-1,-1
99926009,2026-05-18 14:28:09+05:30,53516.25,0,0.0,0,0.0,0.0,53282.15,53619.2,52783.45,53710.35,0,0.0,0.0,0.0,0.0,-0.01,-1,-1,-0.01,-1,-1,-0.01,-1,-1,-0.01,-1,-1,-0.01,-1,-1,-0.01,-1,-1,-0.01,-1,-1,-0.01,-1,-1,-0.01,-1,-1,-0.01,-1,-1
99926009,2026-05-18 14:28:09+05:30,53515.8,0,0.0,0,0.0,0.0,53282.15,53619.2,52783.45,53710.35,0,0.0,0.0,0.0,0.0,-0.01,-1,-1,-0.01,-1,-1,-0.01,-1,-1,-0.01,-1,-1,-0.01,-1,-1,-0.01,-1,-1,-0.01,-1,-1,-0.01,-1,-1,-0.01,-1,-1,-0.01,-1,-1
99926009,2026-05-18 14:28:10+05:30,53516.45,0,0.0,0,0.0,0.0,53282.15,53619.2,52783.45,53710.35,0,0.0,0.0,0.0,0.0,-0.01,-1,-1,-0.01,-1,-1,-0.01,-1,-1,-0.01,-1,-1,-0.01,-1,-1,-0.01,-1,-1,-0.01,-1,-1,-0.01,-1,-1,-0.01,-1,-1,-0.01,-1,-1
99926009,2026-05-18 14:28:10+05:30,53513.05,0,0.0,0,0.0,0.0,53282.15,53619.2,52783.45,53710.35,0,0.0,0.0,0.0,0.0,-0.01,-1,-1,-0.01,-1,-1,-0.01,-1,-1,-0.01,-1,-1,-0.01,-1,-1,-0.01,-1,-1,-0.01,-1,-1,-0.01,-1,-1,-0.01,-1,-1,-0.01,-1,-1
99926009,2026-05-18 14:28:11+05:30,53513.5,0,0.0,0,0.0,0.0,53282.15,53619.2,52783.45,53710.35,0,0.0,0.0,0.0,0.0,-0.01,-1,-1,-0.01,-1,-1,-0.01,-1,-1,-0.01,-1,-1,-0.01,-1,-1,-0.01,-1,-1,-0.01,-1,-1,-0.01,-1,-1,-0.01,-1,-1,-0.01,-1,-1
99926009,2026-05-18 14:28:11+05:30,53514.8,0,0.0,0,0.0,0.0,53282.15,53619.2,52783.45,53710.35,0,0.0,0.0,0.0,0.0,-0.01,-1,-1,-0.01,-1,-1,-0.01,-1,-1,-0.01,-1,-1,-0.01,-1,-1,-0.01,-1,-1,-0.01,-1,-1,-0.01,-1,-1,-0.01,-1,-1,-0.01,-1,-1
99926009,2026-05-18 14:28:12+05:30,53506.35,0,0.0,0,0.0,0.0,53282.15,53619.2,52783.45,53710.35,0,0.0,0.0,0.0,0.0,-0.01,-1,-1,-0.01,-1,-1,-0.01,-1,-1,-0.01,-1,-1,-0.01,-1,-1,-0.01,-1,-1,-0.01,-1,-1,-0.01,-1,-1,-0.01,-1,-1,-0.01,-1,-1
99926009,2026-05-18 14:28:12+05:30,53508.4,0,0.0,0,0.0,0.0,53282.15,53619.2,52783.45,53710.35,0,0.0,0.0,0.0,0.0,-0.01,-1,-1,-0.01,-1,-1,-0.01,-1,-1,-0.01,-1,-1,-0.01,-1,-1,-0.01,-1,-1,-0.01,-1,-1,-0.01,-1,-1,-0.01,-1,-1,-0.01,-1,-1
99926009,2026-05-18 14:28:13+05:30,53508.4,0,0.0,0,0.0,0.0,53282.15,53619.2,52783.45,53710.35,0,0.0,0.0,0.0,0.0,-0.01,-1,-1,-0.01,-1,-1,-0.01,-1,-1,-0.01,-1,-1,-0.01,-1,-1,-0.01,-1,-1,-0.01,-1,-1,-0.01,-1,-1,-0.01,-1,-1,-0.01,-1,-1
99926009,2026-05-18 14:28:13+05:30,53509.2,0,0.0,0,0.0,0.0,53282.15,53619.2,52783.45,53710.35,0,0.0,0.0,0.0,0.0,-0.01,-1,-1,-0.01,-1,-1,-0.01,-1,-1,-0.01,-1,-1,-0.01,-1,-1,-0.01,-1,-1,-0.01,-1,-1,-0.01,-1,-1,-0.01,-1,-1,-0.01,-1,-1
99926009,2026-05-18 14:28:14+05:30,53511.25,0,0.0,0,0.0,0.0,53282.15,53619.2,52783.45,53710.35,0,0.0,0.0,0.0,0.0,-0.01,-1,-1,-0.01,-1,-1,-0.01,-1,-1,-0.01,-1,-1,-0.01,-1,-1,-0.01,-1,-1,-0.01,-1,-1,-0.01,-1,-1,-0.01,-1,-1,-0.01,-1,-1
99926009,2026-05-18 14:28:14+05:30,53512.1,0,0.0,0,0.0,0.0,53282.15,53619.2,52783.45,53710.35,0,0.0,0.0,0.0,0.0,-0.01,-1,-1,-0.01,-1,-1,-0.01,-1,-1,-0.01,-1,-1,-0.01,-1,-1,-0.01,-1,-1,-0.01,-1,-1,-0.01,-1,-1,-0.01,-1,-1,-0.01,-1,-1
99926009,2026-05-18 14:28:15+05:30,53510.95,0,0.0,0,0.0,0.0,53282.15,53619.2,52783.45,53710.35,0,0.0,0.0,0.0,0.0,-0.01,-1,-1,-0.01,-1,-1,-0.01,-1,-1,-0.01,-1,-1,-0.01,-1,-1,-0.01,-1,-1,-0.01,-1,-1,-0.01,-1,-1,-0.01,-1,-1,-0.01,-1,-1
99926009,2026-05-18 14:28:15+05:30,53513.1,0,0.0,0,0.0,0.0,53282.15,53619.2,52783.45,53710.35,0,0.0,0.0,0.0,0.0,-0.01,-1,-1,-0.01,-1,-1,-0.01,-1,-1,-0.01,-1,-1,-0.01,-1,-1,-0.01,-1,-1,-0.01,-1,-1,-0.01,-1,-1,-0.01,-1,-1,-0.01,-1,-1
99926009,2026-05-18 14:28:16+05:30,53513.55,0,0.0,0,0.0,0.0,53282.15,53619.2,52783.45,53710.35,0,0.0,0.0,0.0,0.0,-0.01,-1,-1,-0.01,-1,-1,-0.01,-1,-1,-0.01,-1,-1,-0.01,-1,-1,-0.01,-1,-1,-0.01,-1,-1,-0.01,-1,-1,-0.01,-1,-1,-0.01,-1,-1
99926009,2026-05-18 14:28:16+05:30,53513.85,0,0.0,0,0.0,0.0,53282.15,53619.2,52783.45,53710.35,0,0.0,0.0,0.0,0.0,-0.01,-1,-1,-0.01,-1,-1,-0.01,-1,-1,-0.01,-1,-1,-0.01,-1,-1,-0.01,-1,-1,-0.01,-1,-1,-0.01,-1,-1,-0.01,-1,-1,-0.01,-1,-1
99926009,2026-05-18 14:28:17+05:30,53512.35,0,0.0,0,0.0,0.0,53282.15,53619.2,52783.45,53710.35,0,0.0,0.0,0.0,0.0,-0.01,-1,-1,-0.01,-1,-1,-0.01,-1,-1,-0.01,-1,-1,-0.01,-1,-1,-0.01,-1,-1,-0.01,-1,-1,-0.01,-1,-1,-0.01,-1,-1,-0.01,-1,-1
99926009,2026-05-18 14:28:17+05:30,53511.2,0,0.0,0,0.0,0.0,53282.15,53619.2,52783.45,53710.35,0,0.0,0.0,0.0,0.0,-0.01,-1,-1,-0.01,-1,-1,-0.01,-1,-1,-0.01,-1,-1,-0.01,-1,-1,-0.01,-1,-1,-0.01,-1,-1,-0.01,-1,-1,-0.01,-1,-1,-0.01,-1,-1
99926009,2026-05-18 14:28:18+05:30,53517.1,0,0.0,0,0.0,0.0,53282.15,53619.2,52783.45,53710.35,0,0.0,0.0,0.0,0.0,-0.01,-1,-1,-0.01,-1,-1,-0.01,-1,-1,-0.01,-1,-1,-0.01,-1,-1,-0.01,-1,-1,-0.01,-1,-1,-0.01,-1,-1,-0.01,-1,-1,-0.01,-1,-1
99926009,2026-05-18 14:28:18+05:30,53514.3,0,0.0,0,0.0,0.0,53282.15,53619.2,52783.45,53710.35,0,0.0,0.0,0.0,0.0,-0.01,-1,-1,-0.01,-1,-1,-0.01,-1,-1,-0.01,-1,-1,-0.01,-1,-1,-0.01,-1,-1,-0.01,-1,-1,-0.01,-1,-1,-0.01,-1,-1,-0.01,-1,-1
99926009,2026-05-18 14:28:19+05:30,53515.8,0,0.0,0,0.0,0.0,53282.15,53619.2,52783.45,53710.35,0,0.0,0.0,0.0,0.0,-0.01,-1,-1,-0.01,-1,-1,-0.01,-1,-1,-0.01,-1,-1,-0.01,-1,-1,-0.01,-1,-1,-0.01,-1,-1,-0.01,-1,-1,-0.01,-1,-1,-0.01,-1,-1
99926009,2026-05-18 14:28:19+05:30,53515.4,0,0.0,0,0.0,0.0,53282.15,53619.2,52783.45,53710.35,0,0.0,0.0,0.0,0.0,-0.01,-1,-1,-0.01,-1,-1,-0.01,-1,-1,-0.01,-1,-1,-0.01,-1,-1,-0.01,-1,-1,-0.01,-1,-1,-0.01,-1,-1,-0.01,-1,-1,-0.01,-1,-1
99926009,2026-05-18 14:28:20+05:30,53516.8,0,0.0,0,0.0,0.0,53282.15,53619.2,52783.45,53710.35,0,0.0,0.0,0.0,0.0,-0.01,-1,-1,-0.01,-1,-1,-0.01,-1,-1,-0.01,-1,-1,-0.01,-1,-1,-0.01,-1,-1,-0.01,-1,-1,-0.01,-1,-1,-0.01,-1,-1,-0.01,-1,-1
99926009,2026-05-18 14:28:20+05:30,53519.75,0,0.0,0,0.0,0.0,53282.15,53619.2,52783.45,53710.35,0,0.0,0.0,0.0,0.0,-0.01,-1,-1,-0.01,-1,-1,-0.01,-1,-1,-0.01,-1,-1,-0.01,-1,-1,-0.01,-1,-1,-0.01,-1,-1,-0.01,-1,-1,-0.01,-1,-1,-0.01,-1,-1
99926009,2026-05-18 14:28:21+05:30,53516.5,0,0.0,0,0.0,0.0,53282.15,53619.2,52783.45,53710.35,0,0.0,0.0,0.0,0.0,-0.01,-1,-1,-0.01,-1,-1,-0.01,-1,-1,-0.01,-1,-1,-0.01,-1,-1,-0.01,-1,-1,-0.01,-1,-1,-0.01,-1,-1,-0.01,-1,-1,-0.01,-1,-1
99926009,2026-05-18 14:28:21+05:30,53520.1,0,0.0,0,0.0,0.0,53282.15,53619.2,52783.45,53710.35,0,0.0,0.0,0.0,0.0,-0.01,-1,-1,-0.01,-1,-1,-0.01,-1,-1,-0.01,-1,-1,-0.01,-1,-1,-0.01,-1,-1,-0.01,-1,-1,-0.01,-1,-1,-0.01,-1,-1,-0.01,-1,-1
99926009,2026-05-18 14:28:22+05:30,53518.7,0,0.0,0,0.0,0.0,53282.15,53619.2,52783.45,53710.35,0,0.0,0.0,0.0,0.0,-0.01,-1,-1,-0.01,-1,-1,-0.01,-1,-1,-0.01,-1,-1,-0.01,-1,-1,-0.01,-1,-1,-0.01,-1,-1,-0.01,-1,-1,-0.01,-1,-1,-0.01,-1,-1
99926009,2026-05-18 14:28:22+05:30,53519.25,0,0.0,0,0.0,0.0,53282.15,53619.2,52783.45,53710.35,0,0.0,0.0,0.0,0.0,-0.01,-1,-1,-0.01,-1,-1,-0.01,-1,-1,-0.01,-1,-1,-0.01,-1,-1,-0.01,-1,-1,-0.01,-1,-1,-0.01,-1,-1,-0.01,-1,-1,-0.01,-1,-1
99926009,2026-05-18 14:28:23+05:30,53517.4,0,0.0,0,0.0,0.0,53282.15,53619.2,52783.45,53710.35,0,0.0,0.0,0.0,0.0,-0.01,-1,-1,-0.01,-1,-1,-0.01,-1,-1,-0.01,-1,-1,-0.01,-1,-1,-0.01,-1,-1,-0.01,-1,-1,-0.01,-1,-1,-0.01,-1,-1,-0.01,-1,-1
99926009,2026-05-18 14:28:23+05:30,53513.55,0,0.0,0,0.0,0.0,53282.15,53619.2,52783.45,53710.35,0,0.0,0.0,0.0,0.0,-0.01,-1,-1,-0.01,-1,-1,-0.01,-1,-1,-0.01,-1,-1,-0.01,-1,-1,-0.01,-1,-1,-0.01,-1,-1,-0.01,-1,-1,-0.01,-1,-1,-0.01,-1,-1
99926009,2026-05-18 14:28:24+05:30,53514.5,0,0.0,0,0.0,0.0,53282.15,53619.2,52783.45,53710.35,0,0.0,0.0,0.0,0.0,-0.01,-1,-1,-0.01,-1,-1,-0.01,-1,-1,-0.01,-1,-1,-0.01,-1,-1,-0.01,-1,-1,-0.01,-1,-1,-0.01,-1,-1,-0.01,-1,-1,-0.01,-1,-1
99926009,2026-05-18 14:28:24+05:30,53513.0,0,0.0,0,0.0,0.0,53282.15,53619.2,52783.45,53710.35,0,0.0,0.0,0.0,0.0,-0.01,-1,-1,-0.01,-1,-1,-0.01,-1,-1,-0.01,-1,-1,-0.01,-1,-1,-0.01,-1,-1,-0.01,-1,-1,-0.01,-1,-1,-0.01,-1,-1,-0.01,-1,-1
99926009,2026-05-18 14:28:25+05:30,53513.1,0,0.0,0,0.0,0.0,53282.15,53619.2,52783.45,53710.35,0,0.0,0.0,0.0,0.0,-0.01,-1,-1,-0.01,-1,-1,-0.01,-1,-1,-0.01,-1,-1,-0.01,-1,-1,-0.01,-1,-1,-0.01,-1,-1,-0.01,-1,-1,-0.01,-1,-1,-0.01,-1,-1
99926009,2026-05-18 14:28:25+05:30,53511.7,0,0.0,0,0.0,0.0,53282.15,53619.2,52783.45,53710.35,0,0.0,0.0,0.0,0.0,-0.01,-1,-1,-0.01,-1,-1,-0.01,-1,-1,-0.01,-1,-1,-0.01,-1,-1,-0.01,-1,-1,-0.01,-1,-1,-0.01,-1,-1,-0.01,-1,-1,-0.01,-1,-1
99926009,2026-05-18 14:28:26+05:30,53513.3,0,0.0,0,0.0,0.0,53282.15,53619.2,52783.45,53710.35,0,0.0,0.0,0.0,0.0,-0.01,-1,-1,-0.01,-1,-1,-0.01,-1,-1,-0.01,-1,-1,-0.01,-1,-1,-0.01,-1,-1,-0.01,-1,-1,-0.01,-1,-1,-0.01,-1,-1,-0.01,-1,-1
99926009,2026-05-18 14:28:26+05:30,53513.6,0,0.0,0,0.0,0.0,53282.15,53619.2,52783.45,53710.35,0,0.0,0.0,0.0,0.0,-0.01,-1,-1,-0.01,-1,-1,-0.01,-1,-1,-0.01,-1,-1,-0.01,-1,-1,-0.01,-1,-1,-0.01,-1,-1,-0.01,-1,-1,-0.01,-1,-1,-0.01,-1,-1
99926009,2026-05-18 14:28:27+05:30,53512.25,0,0.0,0,0.0,0.0,53282.15,53619.2,52783.45,53710.35,0,0.0,0.0,0.0,0.0,-0.01,-1,-1,-0.01,-1,-1,-0.01,-1,-1,-0.01,-1,-1,-0.01,-1,-1,-0.01,-1,-1,-0.01,-1,-1,-0.01,-1,-1,-0.01,-1,-1,-0.01,-1,-1
99926009,2026-05-18 14:28:27+05:30,53511.0,0,0.0,0,0.0,0.0,53282.15,53619.2,52783.45,53710.35,0,0.0,0.0,0.0,0.0,-0.01,-1,-1,-0.01,-1,-1,-0.01,-1,-1,-0.01,-1,-1,-0.01,-1,-1,-0.01,-1,-1,-0.01,-1,-1,-0.01,-1,-1,-0.01,-1,-1,-0.01,-1,-1
99926009,2026-05-18 14:28:28+05:30,53512.05,0,0.0,0,0.0,0.0,53282.15,53619.2,52783.45,53710.35,0,0.0,0.0,0.0,0.0,-0.01,-1,-1,-0.01,-1,-1,-0.01,-1,-1,-0.01,-1,-1,-0.01,-1,-1,-0.01,-1,-1,-0.01,-1,-1,-0.01,-1,-1,-0.01,-1,-1,-0.01,-1,-1
99926009,2026-05-18 14:28:28+05:30,53512.05,0,0.0,0,0.0,0.0,53282.15,53619.2,52783.45,53710.35,0,0.0,0.0,0.0,0.0,-0.01,-1,-1,-0.01,-1,-1,-0.01,-1,-1,-0.01,-1,-1,-0.01,-1,-1,-0.01,-1,-1,-0.01,-1,-1,-0.01,-1,-1,-0.01,-1,-1,-0.01,-1,-1
99926009,2026-05-18 14:28:29+05:30,53511.4,0,0.0,0,0.0,0.0,53282.15,53619.2,52783.45,53710.35,0,0.0,0.0,0.0,0.0,-0.01,-1,-1,-0.01,-1,-1,-0.01,-1,-1,-0.01,-1,-1,-0.01,-1,-1,-0.01,-1,-1,-0.01,-1,-1,-0.01,-1,-1,-0.01,-1,-1,-0.01,-1,-1
99926009,2026-05-18 14:28:29+05:30,53509.75,0,0.0,0,0.0,0.0,53282.15,53619.2,52783.45,53710.35,0,0.0,0.0,0.0,0.0,-0.01,-1,-1,-0.01,-1,-1,-0.01,-1,-1,-0.01,-1,-1,-0.01,-1,-1,-0.01,-1,-1,-0.01,-1,-1,-0.01,-1,-1,-0.01,-1,-1,-0.01,-1,-1
99926009,2026-05-18 14:28:30+05:30,53506.25,0,0.0,0,0.0,0.0,53282.15,53619.2,52783.45,53710.35,0,0.0,0.0,0.0,0.0,-0.01,-1,-1,-0.01,-1,-1,-0.01,-1,-1,-0.01,-1,-1,-0.01,-1,-1,-0.01,-1,-1,-0.01,-1,-1,-0.01,-1,-1,-0.01,-1,-1,-0.01,-1,-1
99926009,2026-05-18 14:28:30+05:30,53502.2,0,0.0,0,0.0,0.0,53282.15,53619.2,52783.45,53710.35,0,0.0,0.0,0.0,0.0,-0.01,-1,-1,-0.01,-1,-1,-0.01,-1,-1,-0.01,-1,-1,-0.01,-1,-1,-0.01,-1,-1,-0.01,-1,-1,-0.01,-1,-1,-0.01,-1,-1,-0.01,-1,-1
99926009,2026-05-18 14:28:31+05:30,53500.85,0,0.0,0,0.0,0.0,53282.15,53619.2,52783.45,53710.35,0,0.0,0.0,0.0,0.0,-0.01,-1,-1,-0.01,-1,-1,-0.01,-1,-1,-0.01,-1,-1,-0.01,-1,-1,-0.01,-1,-1,-0.01,-1,-1,-0.01,-1,-1,-0.01,-1,-1,-0.01,-1,-1
99926009,2026-05-18 14:28:31+05:30,53505.1,0,0.0,0,0.0,0.0,53282.15,53619.2,52783.45,53710.35,0,0.0,0.0,0.0,0.0,-0.01,-1,-1,-0.01,-1,-1,-0.01,-1,-1,-0.01,-1,-1,-0.01,-1,-1,-0.01,-1,-1,-0.01,-1,-1,-0.01,-1,-1,-0.01,-1,-1,-0.01,-1,-1
99926009,2026-05-18 14:28:32+05:30,53503.2,0,0.0,0,0.0,0.0,53282.15,53619.2,52783.45,53710.35,0,0.0,0.0,0.0,0.0,-0.01,-1,-1,-0.01,-1,-1,-0.01,-1,-1,-0.01,-1,-1,-0.01,-1,-1,-0.01,-1,-1,-0.01,-1,-1,-0.01,-1,-1,-0.01,-1,-1,-0.01,-1,-1
99926009,2026-05-18 14:28:32+05:30,53498.25,0,0.0,0,0.0,0.0,53282.15,53619.2,52783.45,53710.35,0,0.0,0.0,0.0,0.0,-0.01,-1,-1,-0.01,-1,-1,-0.01,-1,-1,-0.01,-1,-1,-0.01,-1,-1,-0.01,-1,-1,-0.01,-1,-1,-0.01,-1,-1,-0.01,-1,-1,-0.01,-1,-1
99926009,2026-05-18 14:28:33+05:30,53497.4,0,0.0,0,0.0,0.0,53282.15,53619.2,52783.45,53710.35,0,0.0,0.0,0.0,0.0,-0.01,-1,-1,-0.01,-1,-1,-0.01,-1,-1,-0.01,-1,-1,-0.01,-1,-1,-0.01,-1,-1,-0.01,-1,-1,-0.01,-1,-1,-0.01,-1,-1,-0.01,-1,-1
99926009,2026-05-18 14:28:33+05:30,53499.6,0,0.0,0,0.0,0.0,53282.15,53619.2,52783.45,53710.35,0,0.0,0.0,0.0,0.0,-0.01,-1,-1,-0.01,-1,-1,-0.01,-1,-1,-0.01,-1,-1,-0.01,-1,-1,-0.01,-1,-1,-0.01,-1,-1,-0.01,-1,-1,-0.01,-1,-1,-0.01,-1,-1
99926009,2026-05-18 14:28:34+05:30,53499.7,0,0.0,0,0.0,0.0,53282.15,53619.2,52783.45,53710.35,0,0.0,0.0,0.0,0.0,-0.01,-1,-1,-0.01,-1,-1,-0.01,-1,-1,-0.01,-1,-1,-0.01,-1,-1,-0.01,-1,-1,-0.01,-1,-1,-0.01,-1,-1,-0.01,-1,-1,-0.01,-1,-1
99926009,2026-05-18 14:28:34+05:30,53498.25,0,0.0,0,0.0,0.0,53282.15,53619.2,52783.45,53710.35,0,0.0,0.0,0.0,0.0,-0.01,-1,-1,-0.01,-1,-1,-0.01,-1,-1,-0.01,-1,-1,-0.01,-1,-1,-0.01,-1,-1,-0.01,-1,-1,-0.01,-1,-1,-0.01,-1,-1,-0.01,-1,-1
99926009,2026-05-18 14:28:35+05:30,53500.7,0,0.0,0,0.0,0.0,53282.15,53619.2,52783.45,53710.35,0,0.0,0.0,0.0,0.0,-0.01,-1,-1,-0.01,-1,-1,-0.01,-1,-1,-0.01,-1,-1,-0.01,-1,-1,-0.01,-1,-1,-0.01,-1,-1,-0.01,-1,-1,-0.01,-1,-1,-0.01,-1,-1
99926009,2026-05-18 14:28:35+05:30,53499.75,0,0.0,0,0.0,0.0,53282.15,53619.2,52783.45,53710.35,0,0.0,0.0,0.0,0.0,-0.01,-1,-1,-0.01,-1,-1,-0.01,-1,-1,-0.01,-1,-1,-0.01,-1,-1,-0.01,-1,-1,-0.01,-1,-1,-0.01,-1,-1,-0.01,-1,-1,-0.01,-1,-1
99926009,2026-05-18 14:28:36+05:30,53502.45,0,0.0,0,0.0,0.0,53282.15,53619.2,52783.45,53710.35,0,0.0,0.0,0.0,0.0,-0.01,-1,-1,-0.01,-1,-1,-0.01,-1,-1,-0.01,-1,-1,-0.01,-1,-1,-0.01,-1,-1,-0.01,-1,-1,-0.01,-1,-1,-0.01,-1,-1,-0.01,-1,-1
99926009,2026-05-18 14:28:36+05:30,53503.05,0,0.0,0,0.0,0.0,53282.15,53619.2,52783.45,53710.35,0,0.0,0.0,0.0,0.0,-0.01,-1,-1,-0.01,-1,-1,-0.01,-1,-1,-0.01,-1,-1,-0.01,-1,-1,-0.01,-1,-1,-0.01,-1,-1,-0.01,-1,-1,-0.01,-1,-1,-0.01,-1,-1
99926009,2026-05-18 14:28:37+05:30,53502.75,0,0.0,0,0.0,0.0,53282.15,53619.2,52783.45,53710.35,0,0.0,0.0,0.0,0.0,-0.01,-1,-1,-0.01,-1,-1,-0.01,-1,-1,-0.01,-1,-1,-0.01,-1,-1,-0.01,-1,-1,-0.01,-1,-1,-0.01,-1,-1,-0.01,-1,-1,-0.01,-1,-1
99926009,2026-05-18 14:28:37+05:30,53499.25,0,0.0,0,0.0,0.0,53282.15,53619.2,52783.45,53710.35,0,0.0,0.0,0.0,0.0,-0.01,-1,-1,-0.01,-1,-1,-0.01,-1,-1,-0.01,-1,-1,-0.01,-1,-1,-0.01,-1,-1,-0.01,-1,-1,-0.01,-1,-1,-0.01,-1,-1,-0.01,-1,-1
99926009,2026-05-18 14:28:38+05:30,53498.5,0,0.0,0,0.0,0.0,53282.15,53619.2,52783.45,53710.35,0,0.0,0.0,0.0,0.0,-0.01,-1,-1,-0.01,-1,-1,-0.01,-1,-1,-0.01,-1,-1,-0.01,-1,-1,-0.01,-1,-1,-0.01,-1,-1,-0.01,-1,-1,-0.01,-1,-1,-0.01,-1,-1
99926009,2026-05-18 14:28:38+05:30,53497.6,0,0.0,0,0.0,0.0,53282.15,53619.2,52783.45,53710.35,0,0.0,0.0,0.0,0.0,-0.01,-1,-1,-0.01,-1,-1,-0.01,-1,-1,-0.01,-1,-1,-0.01,-1,-1,-0.01,-1,-1,-0.01,-1,-1,-0.01,-1,-1,-0.01,-1,-1,-0.01,-1,-1
99926009,2026-05-18 14:28:39+05:30,53498.9,0,0.0,0,0.0,0.0,53282.15,53619.2,52783.45,53710.35,0,0.0,0.0,0.0,0.0,-0.01,-1,-1,-0.01,-1,-1,-0.01,-1,-1,-0.01,-1,-1,-0.01,-1,-1,-0.01,-1,-1,-0.01,-1,-1,-0.01,-1,-1,-0.01,-1,-1,-0.01,-1,-1
99926009,2026-05-18 14:28:39+05:30,53499.75,0,0.0,0,0.0,0.0,53282.15,53619.2,52783.45,53710.35,0,0.0,0.0,0.0,0.0,-0.01,-1,-1,-0.01,-1,-1,-0.01,-1,-1,-0.01,-1,-1,-0.01,-1,-1,-0.01,-1,-1,-0.01,-1,-1,-0.01,-1,-1,-0.01,-1,-1,-0.01,-1,-1
99926009,2026-05-18 14:28:40+05:30,53500.35,0,0.0,0,0.0,0.0,53282.15,53619.2,52783.45,53710.35,0,0.0,0.0,0.0,0.0,-0.01,-1,-1,-0.01,-1,-1,-0.01,-1,-1,-0.01,-1,-1,-0.01,-1,-1,-0.01,-1,-1,-0.01,-1,-1,-0.01,-1,-1,-0.01,-1,-1,-0.01,-1,-1
99926009,2026-05-18 14:28:40+05:30,53501.2,0,0.0,0,0.0,0.0,53282.15,53619.2,52783.45,53710.35,0,0.0,0.0,0.0,0.0,-0.01,-1,-1,-0.01,-1,-1,-0.01,-1,-1,-0.01,-1,-1,-0.01,-1,-1,-0.01,-1,-1,-0.01,-1,-1,-0.01,-1,-1,-0.01,-1,-1,-0.01,-1,-1
99926009,2026-05-18 14:28:41+05:30,53501.4,0,0.0,0,0.0,0.0,53282.15,53619.2,52783.45,53710.35,0,0.0,0.0,0.0,0.0,-0.01,-1,-1,-0.01,-1,-1,-0.01,-1,-1,-0.01,-1,-1,-0.01,-1,-1,-0.01,-1,-1,-0.01,-1,-1,-0.01,-1,-1,-0.01,-1,-1,-0.01,-1,-1
99926009,2026-05-18 14:28:41+05:30,53497.45,0,0.0,0,0.0,0.0,53282.15,53619.2,52783.45,53710.35,0,0.0,0.0,0.0,0.0,-0.01,-1,-1,-0.01,-1,-1,-0.01,-1,-1,-0.01,-1,-1,-0.01,-1,-1,-0.01,-1,-1,-0.01,-1,-1,-0.01,-1,-1,-0.01,-1,-1,-0.01,-1,-1
99926009,2026-05-18 14:28:42+05:30,53494.35,0,0.0,0,0.0,0.0,53282.15,53619.2,52783.45,53710.35,0,0.0,0.0,0.0,0.0,-0.01,-1,-1,-0.01,-1,-1,-0.01,-1,-1,-0.01,-1,-1,-0.01,-1,-1,-0.01,-1,-1,-0.01,-1,-1,-0.01,-1,-1,-0.01,-1,-1,-0.01,-1,-1
99926009,2026-05-18 14:28:42+05:30,53496.8,0,0.0,0,0.0,0.0,53282.15,53619.2,52783.45,53710.35,0,0.0,0.0,0.0,0.0,-0.01,-1,-1,-0.01,-1,-1,-0.01,-1,-1,-0.01,-1,-1,-0.01,-1,-1,-0.01,-1,-1,-0.01,-1,-1,-0.01,-1,-1,-0.01,-1,-1,-0.01,-1,-1
99926009,2026-05-18 14:28:43+05:30,53498.75,0,0.0,0,0.0,0.0,53282.15,53619.2,52783.45,53710.35,0,0.0,0.0,0.0,0.0,-0.01,-1,-1,-0.01,-1,-1,-0.01,-1,-1,-0.01,-1,-1,-0.01,-1,-1,-0.01,-1,-1,-0.01,-1,-1,-0.01,-1,-1,-0.01,-1,-1,-0.01,-1,-1
99926009,2026-05-18 14:28:43+05:30,53495.45,0,0.0,0,0.0,0.0,53282.15,53619.2,52783.45,53710.35,0,0.0,0.0,0.0,0.0,-0.01,-1,-1,-0.01,-1,-1,-0.01,-1,-1,-0.01,-1,-1,-0.01,-1,-1,-0.01,-1,-1,-0.01,-1,-1,-0.01,-1,-1,-0.01,-1,-1,-0.01,-1,-1
99926009,2026-05-18 14:28:44+05:30,53496.95,0,0.0,0,0.0,0.0,53282.15,53619.2,52783.45,53710.35,0,0.0,0.0,0.0,0.0,-0.01,-1,-1,-0.01,-1,-1,-0.01,-1,-1,-0.01,-1,-1,-0.01,-1,-1,-0.01,-1,-1,-0.01,-1,-1,-0.01,-1,-1,-0.01,-1,-1,-0.01,-1,-1
99926009,2026-05-18 14:28:44+05:30,53497.6,0,0.0,0,0.0,0.0,53282.15,53619.2,52783.45,53710.35,0,0.0,0.0,0.0,0.0,-0.01,-1,-1,-0.01,-1,-1,-0.01,-1,-1,-0.01,-1,-1,-0.01,-1,-1,-0.01,-1,-1,-0.01,-1,-1,-0.01,-1,-1,-0.01,-1,-1,-0.01,-1,-1
99926009,2026-05-18 14:28:45+05:30,53497.35,0,0.0,0,0.0,0.0,53282.15,53619.2,52783.45,53710.35,0,0.0,0.0,0.0,0.0,-0.01,-1,-1,-0.01,-1,-1,-0.01,-1,-1,-0.01,-1,-1,-0.01,-1,-1,-0.01,-1,-1,-0.01,-1,-1,-0.01,-1,-1,-0.01,-1,-1,-0.01,-1,-1
99926009,2026-05-18 14:28:45+05:30,53497.4,0,0.0,0,0.0,0.0,53282.15,53619.2,52783.45,53710.35,0,0.0,0.0,0.0,0.0,-0.01,-1,-1,-0.01,-1,-1,-0.01,-1,-1,-0.01,-1,-1,-0.01,-1,-1,-0.01,-1,-1,-0.01,-1,-1,-0.01,-1,-1,-0.01,-1,-1,-0.01,-1,-1
99926009,2026-05-18 14:28:46+05:30,53495.8,0,0.0,0,0.0,0.0,53282.15,53619.2,52783.45,53710.35,0,0.0,0.0,0.0,0.0,-0.01,-1,-1,-0.01,-1,-1,-0.01,-1,-1,-0.01,-1,-1,-0.01,-1,-1,-0.01,-1,-1,-0.01,-1,-1,-0.01,-1,-1,-0.01,-1,-1,-0.01,-1,-1
99926009,2026-05-18 14:28:46+05:30,53498.1,0,0.0,0,0.0,0.0,53282.15,53619.2,52783.45,53710.35,0,0.0,0.0,0.0,0.0,-0.01,-1,-1,-0.01,-1,-1,-0.01,-1,-1,-0.01,-1,-1,-0.01,-1,-1,-0.01,-1,-1,-0.01,-1,-1,-0.01,-1,-1,-0.01,-1,-1,-0.01,-1,-1
99926009,2026-05-18 14:28:47+05:30,53499.0,0,0.0,0,0.0,0.0,53282.15,53619.2,52783.45,53710.35,0,0.0,0.0,0.0,0.0,-0.01,-1,-1,-0.01,-1,-1,-0.01,-1,-1,-0.01,-1,-1,-0.01,-1,-1,-0.01,-1,-1,-0.01,-1,-1,-0.01,-1,-1,-0.01,-1,-1,-0.01,-1,-1
99926009,2026-05-18 14:28:47+05:30,53500.8,0,0.0,0,0.0,0.0,53282.15,53619.2,52783.45,53710.35,0,0.0,0.0,0.0,0.0,-0.01,-1,-1,-0.01,-1,-1,-0.01,-1,-1,-0.01,-1,-1,-0.01,-1,-1,-0.01,-1,-1,-0.01,-1,-1,-0.01,-1,-1,-0.01,-1,-1,-0.01,-1,-1
99926009,2026-05-18 14:28:48+05:30,53501.3,0,0.0,0,0.0,0.0,53282.15,53619.2,52783.45,53710.35,0,0.0,0.0,0.0,0.0,-0.01,-1,-1,-0.01,-1,-1,-0.01,-1,-1,-0.01,-1,-1,-0.01,-1,-1,-0.01,-1,-1,-0.01,-1,-1,-0.01,-1,-1,-0.01,-1,-1,-0.01,-1,-1
99926009,2026-05-18 14:28:48+05:30,53501.3,0,0.0,0,0.0,0.0,53282.15,53619.2,52783.45,53710.35,0,0.0,0.0,0.0,0.0,-0.01,-1,-1,-0.01,-1,-1,-0.01,-1,-1,-0.01,-1,-1,-0.01,-1,-1,-0.01,-1,-1,-0.01,-1,-1,-0.01,-1,-1,-0.01,-1,-1,-0.01,-1,-1
99926009,2026-05-18 14:28:49+05:30,53500.6,0,0.0,0,0.0,0.0,53282.15,53619.2,52783.45,53710.35,0,0.0,0.0,0.0,0.0,-0.01,-1,-1,-0.01,-1,-1,-0.01,-1,-1,-0.01,-1,-1,-0.01,-1,-1,-0.01,-1,-1,-0.01,-1,-1,-0.01,-1,-1,-0.01,-1,-1,-0.01,-1,-1
99926009,2026-05-18 14:28:49+05:30,53500.6,0,0.0,0,0.0,0.0,53282.15,53619.2,52783.45,53710.35,0,0.0,0.0,0.0,0.0,-0.01,-1,-1,-0.01,-1,-1,-0.01,-1,-1,-0.01,-1,-1,-0.01,-1,-1,-0.01,-1,-1,-0.01,-1,-1,-0.01,-1,-1,-0.01,-1,-1,-0.01,-1,-1
99926009,2026-05-18 14:28:50+05:30,53499.5,0,0.0,0,0.0,0.0,53282.15,53619.2,52783.45,53710.35,0,0.0,0.0,0.0,0.0,-0.01,-1,-1,-0.01,-1,-1,-0.01,-1,-1,-0.01,-1,-1,-0.01,-1,-1,-0.01,-1,-1,-0.01,-1,-1,-0.01,-1,-1,-0.01,-1,-1,-0.01,-1,-1
99926009,2026-05-18 14:28:50+05:30,53493.1,0,0.0,0,0.0,0.0,53282.15,53619.2,52783.45,53710.35,0,0.0,0.0,0.0,0.0,-0.01,-1,-1,-0.01,-1,-1,-0.01,-1,-1,-0.01,-1,-1,-0.01,-1,-1,-0.01,-1,-1,-0.01,-1,-1,-0.01,-1,-1,-0.01,-1,-1,-0.01,-1,-1
99926009,2026-05-18 14:28:51+05:30,53496.2,0,0.0,0,0.0,0.0,53282.15,53619.2,52783.45,53710.35,0,0.0,0.0,0.0,0.0,-0.01,-1,-1,-0.01,-1,-1,-0.01,-1,-1,-0.01,-1,-1,-0.01,-1,-1,-0.01,-1,-1,-0.01,-1,-1,-0.01,-1,-1,-0.01,-1,-1,-0.01,-1,-1
99926009,2026-05-18 14:28:51+05:30,53494.9,0,0.0,0,0.0,0.0,53282.15,53619.2,52783.45,53710.35,0,0.0,0.0,0.0,0.0,-0.01,-1,-1,-0.01,-1,-1,-0.01,-1,-1,-0.01,-1,-1,-0.01,-1,-1,-0.01,-1,-1,-0.01,-1,-1,-0.01,-1,-1,-0.01,-1,-1,-0.01,-1,-1
99926009,2026-05-18 14:28:52+05:30,53499.8,0,0.0,0,0.0,0.0,53282.15,53619.2,52783.45,53710.35,0,0.0,0.0,0.0,0.0,-0.01,-1,-1,-0.01,-1,-1,-0.01,-1,-1,-0.01,-1,-1,-0.01,-1,-1,-0.01,-1,-1,-0.01,-1,-1,-0.01,-1,-1,-0.01,-1,-1,-0.01,-1,-1
99926009,2026-05-18 14:28:52+05:30,53501.0,0,0.0,0,0.0,0.0,53282.15,53619.2,52783.45,53710.35,0,0.0,0.0,0.0,0.0,-0.01,-1,-1,-0.01,-1,-1,-0.01,-1,-1,-0.01,-1,-1,-0.01,-1,-1,-0.01,-1,-1,-0.01,-1,-1,-0.01,-1,-1,-0.01,-1,-1,-0.01,-1,-1
99926009,2026-05-18 14:28:53+05:30,53497.1,0,0.0,0,0.0,0.0,53282.15,53619.2,52783.45,53710.35,0,0.0,0.0,0.0,0.0,-0.01,-1,-1,-0.01,-1,-1,-0.01,-1,-1,-0.01,-1,-1,-0.01,-1,-1,-0.01,-1,-1,-0.01,-1,-1,-0.01,-1,-1,-0.01,-1,-1,-0.01,-1,-1
99926009,2026-05-18 14:28:53+05:30,53499.95,0,0.0,0,0.0,0.0,53282.15,53619.2,52783.45,53710.35,0,0.0,0.0,0.0,0.0,-0.01,-1,-1,-0.01,-1,-1,-0.01,-1,-1,-0.01,-1,-1,-0.01,-1,-1,-0.01,-1,-1,-0.01,-1,-1,-0.01,-1,-1,-0.01,-1,-1,-0.01,-1,-1
99926009,2026-05-18 14:28:54+05:30,53499.8,0,0.0,0,0.0,0.0,53282.15,53619.2,52783.45,53710.35,0,0.0,0.0,0.0,0.0,-0.01,-1,-1,-0.01,-1,-1,-0.01,-1,-1,-0.01,-1,-1,-0.01,-1,-1,-0.01,-1,-1,-0.01,-1,-1,-0.01,-1,-1,-0.01,-1,-1,-0.01,-1,-1
99926009,2026-05-18 14:28:54+05:30,53495.75,0,0.0,0,0.0,0.0,53282.15,53619.2,52783.45,53710.35,0,0.0,0.0,0.0,0.0,-0.01,-1,-1,-0.01,-1,-1,-0.01,-1,-1,-0.01,-1,-1,-0.01,-1,-1,-0.01,-1,-1,-0.01,-1,-1,-0.01,-1,-1,-0.01,-1,-1,-0.01,-1,-1
99926009,2026-05-18 14:28:55+05:30,53497.25,0,0.0,0,0.0,0.0,53282.15,53619.2,52783.45,53710.35,0,0.0,0.0,0.0,0.0,-0.01,-1,-1,-0.01,-1,-1,-0.01,-1,-1,-0.01,-1,-1,-0.01,-1,-1,-0.01,-1,-1,-0.01,-1,-1,-0.01,-1,-1,-0.01,-1,-1,-0.01,-1,-1
99926009,2026-05-18 14:28:55+05:30,53498.55,0,0.0,0,0.0,0.0,53282.15,53619.2,52783.45,53710.35,0,0.0,0.0,0.0,0.0,-0.01,-1,-1,-0.01,-1,-1,-0.01,-1,-1,-0.01,-1,-1,-0.01,-1,-1,-0.01,-1,-1,-0.01,-1,-1,-0.01,-1,-1,-0.01,-1,-1,-0.01,-1,-1
99926009,2026-05-18 14:28:56+05:30,53495.45,0,0.0,0,0.0,0.0,53282.15,53619.2,52783.45,53710.35,0,0.0,0.0,0.0,0.0,-0.01,-1,-1,-0.01,-1,-1,-0.01,-1,-1,-0.01,-1,-1,-0.01,-1,-1,-0.01,-1,-1,-0.01,-1,-1,-0.01,-1,-1,-0.01,-1,-1,-0.01,-1,-1
99926009,2026-05-18 14:28:56+05:30,53499.5,0,0.0,0,0.0,0.0,53282.15,53619.2,52783.45,53710.35,0,0.0,0.0,0.0,0.0,-0.01,-1,-1,-0.01,-1,-1,-0.01,-1,-1,-0.01,-1,-1,-0.01,-1,-1,-0.01,-1,-1,-0.01,-1,-1,-0.01,-1,-1,-0.01,-1,-1,-0.01,-1,-1
99926009,2026-05-18 14:28:57+05:30,53499.0,0,0.0,0,0.0,0.0,53282.15,53619.2,52783.45,53710.35,0,0.0,0.0,0.0,0.0,-0.01,-1,-1,-0.01,-1,-1,-0.01,-1,-1,-0.01,-1,-1,-0.01,-1,-1,-0.01,-1,-1,-0.01,-1,-1,-0.01,-1,-1,-0.01,-1,-1,-0.01,-1,-1
99926009,2026-05-18 14:28:57+05:30,53499.3,0,0.0,0,0.0,0.0,53282.15,53619.2,52783.45,53710.35,0,0.0,0.0,0.0,0.0,-0.01,-1,-1,-0.01,-1,-1,-0.01,-1,-1,-0.01,-1,-1,-0.01,-1,-1,-0.01,-1,-1,-0.01,-1,-1,-0.01,-1,-1,-0.01,-1,-1,-0.01,-1,-1
99926009,2026-05-18 14:28:58+05:30,53497.5,0,0.0,0,0.0,0.0,53282.15,53619.2,52783.45,53710.35,0,0.0,0.0,0.0,0.0,-0.01,-1,-1,-0.01,-1,-1,-0.01,-1,-1,-0.01,-1,-1,-0.01,-1,-1,-0.01,-1,-1,-0.01,-1,-1,-0.01,-1,-1,-0.01,-1,-1,-0.01,-1,-1
99926009,2026-05-18 14:28:58+05:30,53498.05,0,0.0,0,0.0,0.0,53282.15,53619.2,52783.45,53710.35,0,0.0,0.0,0.0,0.0,-0.01,-1,-1,-0.01,-1,-1,-0.01,-1,-1,-0.01,-1,-1,-0.01,-1,-1,-0.01,-1,-1,-0.01,-1,-1,-0.01,-1,-1,-0.01,-1,-1,-0.01,-1,-1
99926009,2026-05-18 14:28:59+05:30,53498.05,0,0.0,0,0.0,0.0,53282.15,53619.2,52783.45,53710.35,0,0.0,0.0,0.0,0.0,-0.01,-1,-1,-0.01,-1,-1,-0.01,-1,-1,-0.01,-1,-1,-0.01,-1,-1,-0.01,-1,-1,-0.01,-1,-1,-0.01,-1,-1,-0.01,-1,-1,-0.01,-1,-1
99926009,2026-05-18 14:28:59+05:30,53498.75,0,0.0,0,0.0,0.0,53282.15,53619.2,52783.45,53710.35,0,0.0,0.0,0.0,0.0,-0.01,-1,-1,-0.01,-1,-1,-0.01,-1,-1,-0.01,-1,-1,-0.01,-1,-1,-0.01,-1,-1,-0.01,-1,-1,-0.01,-1,-1,-0.01,-1,-1,-0.01,-1,-1
99926009,2026-05-18 14:29:00+05:30,53498.35,0,0.0,0,0.0,0.0,53282.15,53619.2,52783.45,53710.35,0,0.0,0.0,0.0,0.0,-0.01,-1,-1,-0.01,-1,-1,-0.01,-1,-1,-0.01,-1,-1,-0.01,-1,-1,-0.01,-1,-1,-0.01,-1,-1,-0.01,-1,-1,-0.01,-1,-1,-0.01,-1,-1
99926009,2026-05-18 14:29:00+05:30,53496.8,0,0.0,0,0.0,0.0,53282.15,53619.2,52783.45,53710.35,0,0.0,0.0,0.0,0.0,-0.01,-1,-1,-0.01,-1,-1,-0.01,-1,-1,-0.01,-1,-1,-0.01,-1,-1,-0.01,-1,-1,-0.01,-1,-1,-0.01,-1,-1,-0.01,-1,-1,-0.01,-1,-1
99926009,2026-05-18 14:29:01+05:30,53496.45,0,0.0,0,0.0,0.0,53282.15,53619.2,52783.45,53710.35,0,0.0,0.0,0.0,0.0,-0.01,-1,-1,-0.01,-1,-1,-0.01,-1,-1,-0.01,-1,-1,-0.01,-1,-1,-0.01,-1,-1,-0.01,-1,-1,-0.01,-1,-1,-0.01,-1,-1,-0.01,-1,-1
99926009,2026-05-18 14:29:01+05:30,53500.8,0,0.0,0,0.0,0.0,53282.15,53619.2,52783.45,53710.35,0,0.0,0.0,0.0,0.0,-0.01,-1,-1,-0.01,-1,-1,-0.01,-1,-1,-0.01,-1,-1,-0.01,-1,-1,-0.01,-1,-1,-0.01,-1,-1,-0.01,-1,-1,-0.01,-1,-1,-0.01,-1,-1
99926009,2026-05-18 14:29:02+05:30,53499.75,0,0.0,0,0.0,0.0,53282.15,53619.2,52783.45,53710.35,0,0.0,0.0,0.0,0.0,-0.01,-1,-1,-0.01,-1,-1,-0.01,-1,-1,-0.01,-1,-1,-0.01,-1,-1,-0.01,-1,-1,-0.01,-1,-1,-0.01,-1,-1,-0.01,-1,-1,-0.01,-1,-1
99926009,2026-05-18 14:29:02+05:30,53498.95,0,0.0,0,0.0,0.0,53282.15,53619.2,52783.45,53710.35,0,0.0,0.0,0.0,0.0,-0.01,-1,-1,-0.01,-1,-1,-0.01,-1,-1,-0.01,-1,-1,-0.01,-1,-1,-0.01,-1,-1,-0.01,-1,-1,-0.01,-1,-1,-0.01,-1,-1,-0.01,-1,-1
99926009,2026-05-18 14:29:03+05:30,53496.55,0,0.0,0,0.0,0.0,53282.15,53619.2,52783.45,53710.35,0,0.0,0.0,0.0,0.0,-0.01,-1,-1,-0.01,-1,-1,-0.01,-1,-1,-0.01,-1,-1,-0.01,-1,-1,-0.01,-1,-1,-0.01,-1,-1,-0.01,-1,-1,-0.01,-1,-1,-0.01,-1,-1
99926009,2026-05-18 14:29:03+05:30,53499.65,0,0.0,0,0.0,0.0,53282.15,53619.2,52783.45,53710.35,0,0.0,0.0,0.0,0.0,-0.01,-1,-1,-0.01,-1,-1,-0.01,-1,-1,-0.01,-1,-1,-0.01,-1,-1,-0.01,-1,-1,-0.01,-1,-1,-0.01,-1,-1,-0.01,-1,-1,-0.01,-1,-1
99926009,2026-05-18 14:29:04+05:30,53501.35,0,0.0,0,0.0,0.0,53282.15,53619.2,52783.45,53710.35,0,0.0,0.0,0.0,0.0,-0.01,-1,-1,-0.01,-1,-1,-0.01,-1,-1,-0.01,-1,-1,-0.01,-1,-1,-0.01,-1,-1,-0.01,-1,-1,-0.01,-1,-1,-0.01,-1,-1,-0.01,-1,-1
99926009,2026-05-18 14:29:04+05:30,53501.35,0,0.0,0,0.0,0.0,53282.15,53619.2,52783.45,53710.35,0,0.0,0.0,0.0,0.0,-0.01,-1,-1,-0.01,-1,-1,-0.01,-1,-1,-0.01,-1,-1,-0.01,-1,-1,-0.01,-1,-1,-0.01,-1,-1,-0.01,-1,-1,-0.01,-1,-1,-0.01,-1,-1
99926009,2026-05-18 14:29:05+05:30,53500.65,0,0.0,0,0.0,0.0,53282.15,53619.2,52783.45,53710.35,0,0.0,0.0,0.0,0.0,-0.01,-1,-1,-0.01,-1,-1,-0.01,-1,-1,-0.01,-1,-1,-0.01,-1,-1,-0.01,-1,-1,-0.01,-1,-1,-0.01,-1,-1,-0.01,-1,-1,-0.01,-1,-1
99926009,2026-05-18 14:29:05+05:30,53508.35,0,0.0,0,0.0,0.0,53282.15,53619.2,52783.45,53710.35,0,0.0,0.0,0.0,0.0,-0.01,-1,-1,-0.01,-1,-1,-0.01,-1,-1,-0.01,-1,-1,-0.01,-1,-1,-0.01,-1,-1,-0.01,-1,-1,-0.01,-1,-1,-0.01,-1,-1,-0.01,-1,-1
99926009,2026-05-18 14:29:06+05:30,53504.55,0,0.0,0,0.0,0.0,53282.15,53619.2,52783.45,53710.35,0,0.0,0.0,0.0,0.0,-0.01,-1,-1,-0.01,-1,-1,-0.01,-1,-1,-0.01,-1,-1,-0.01,-1,-1,-0.01,-1,-1,-0.01,-1,-1,-0.01,-1,-1,-0.01,-1,-1,-0.01,-1,-1
99926009,2026-05-18 14:29:06+05:30,53507.2,0,0.0,0,0.0,0.0,53282.15,53619.2,52783.45,53710.35,0,0.0,0.0,0.0,0.0,-0.01,-1,-1,-0.01,-1,-1,-0.01,-1,-1,-0.01,-1,-1,-0.01,-1,-1,-0.01,-1,-1,-0.01,-1,-1,-0.01,-1,-1,-0.01,-1,-1,-0.01,-1,-1
99926009,2026-05-18 14:29:07+05:30,53507.95,0,0.0,0,0.0,0.0,53282.15,53619.2,52783.45,53710.35,0,0.0,0.0,0.0,0.0,-0.01,-1,-1,-0.01,-1,-1,-0.01,-1,-1,-0.01,-1,-1,-0.01,-1,-1,-0.01,-1,-1,-0.01,-1,-1,-0.01,-1,-1,-0.01,-1,-1,-0.01,-1,-1
99926009,2026-05-18 14:29:07+05:30,53506.2,0,0.0,0,0.0,0.0,53282.15,53619.2,52783.45,53710.35,0,0.0,0.0,0.0,0.0,-0.01,-1,-1,-0.01,-1,-1,-0.01,-1,-1,-0.01,-1,-1,-0.01,-1,-1,-0.01,-1,-1,-0.01,-1,-1,-0.01,-1,-1,-0.01,-1,-1,-0.01,-1,-1
99926009,2026-05-18 14:29:08+05:30,53505.75,0,0.0,0,0.0,0.0,53282.15,53619.2,52783.45,53710.35,0,0.0,0.0,0.0,0.0,-0.01,-1,-1,-0.01,-1,-1,-0.01,-1,-1,-0.01,-1,-1,-0.01,-1,-1,-0.01,-1,-1,-0.01,-1,-1,-0.01,-1,-1,-0.01,-1,-1,-0.01,-1,-1
99926009,2026-05-18 14:29:08+05:30,53506.9,0,0.0,0,0.0,0.0,53282.15,53619.2,52783.45,53710.35,0,0.0,0.0,0.0,0.0,-0.01,-1,-1,-0.01,-1,-1,-0.01,-1,-1,-0.01,-1,-1,-0.01,-1,-1,-0.01,-1,-1,-0.01,-1,-1,-0.01,-1,-1,-0.01,-1,-1,-0.01,-1,-1
99926009,2026-05-18 14:29:09+05:30,53506.0,0,0.0,0,0.0,0.0,53282.15,53619.2,52783.45,53710.35,0,0.0,0.0,0.0,0.0,-0.01,-1,-1,-0.01,-1,-1,-0.01,-1,-1,-0.01,-1,-1,-0.01,-1,-1,-0.01,-1,-1,-0.01,-1,-1,-0.01,-1,-1,-0.01,-1,-1,-0.01,-1,-1
99926009,2026-05-18 14:29:09+05:30,53506.3,0,0.0,0,0.0,0.0,53282.15,53619.2,52783.45,53710.35,0,0.0,0.0,0.0,0.0,-0.01,-1,-1,-0.01,-1,-1,-0.01,-1,-1,-0.01,-1,-1,-0.01,-1,-1,-0.01,-1,-1,-0.01,-1,-1,-0.01,-1,-1,-0.01,-1,-1,-0.01,-1,-1
99926009,2026-05-18 14:29:10+05:30,53505.2,0,0.0,0,0.0,0.0,53282.15,53619.2,52783.45,53710.35,0,0.0,0.0,0.0,0.0,-0.01,-1,-1,-0.01,-1,-1,-0.01,-1,-1,-0.01,-1,-1,-0.01,-1,-1,-0.01,-1,-1,-0.01,-1,-1,-0.01,-1,-1,-0.01,-1,-1,-0.01,-1,-1
99926009,2026-05-18 14:29:10+05:30,53506.25,0,0.0,0,0.0,0.0,53282.15,53619.2,52783.45,53710.35,0,0.0,0.0,0.0,0.0,-0.01,-1,-1,-0.01,-1,-1,-0.01,-1,-1,-0.01,-1,-1,-0.01,-1,-1,-0.01,-1,-1,-0.01,-1,-1,-0.01,-1,-1,-0.01,-1,-1,-0.01,-1,-1
99926009,2026-05-18 14:29:11+05:30,53508.25,0,0.0,0,0.0,0.0,53282.15,53619.2,52783.45,53710.35,0,0.0,0.0,0.0,0.0,-0.01,-1,-1,-0.01,-1,-1,-0.01,-1,-1,-0.01,-1,-1,-0.01,-1,-1,-0.01,-1,-1,-0.01,-1,-1,-0.01,-1,-1,-0.01,-1,-1,-0.01,-1,-1
99926009,2026-05-18 14:29:11+05:30,53508.8,0,0.0,0,0.0,0.0,53282.15,53619.2,52783.45,53710.35,0,0.0,0.0,0.0,0.0,-0.01,-1,-1,-0.01,-1,-1,-0.01,-1,-1,-0.01,-1,-1,-0.01,-1,-1,-0.01,-1,-1,-0.01,-1,-1,-0.01,-1,-1,-0.01,-1,-1,-0.01,-1,-1
99926009,2026-05-18 14:29:12+05:30,53508.4,0,0.0,0,0.0,0.0,53282.15,53619.2,52783.45,53710.35,0,0.0,0.0,0.0,0.0,-0.01,-1,-1,-0.01,-1,-1,-0.01,-1,-1,-0.01,-1,-1,-0.01,-1,-1,-0.01,-1,-1,-0.01,-1,-1,-0.01,-1,-1,-0.01,-1,-1,-0.01,-1,-1
99926009,2026-05-18 14:29:12+05:30,53509.0,0,0.0,0,0.0,0.0,53282.15,53619.2,52783.45,53710.35,0,0.0,0.0,0.0,0.0,-0.01,-1,-1,-0.01,-1,-1,-0.01,-1,-1,-0.01,-1,-1,-0.01,-1,-1,-0.01,-1,-1,-0.01,-1,-1,-0.01,-1,-1,-0.01,-1,-1,-0.01,-1,-1
99926009,2026-05-18 14:29:13+05:30,53507.7,0,0.0,0,0.0,0.0,53282.15,53619.2,52783.45,53710.35,0,0.0,0.0,0.0,0.0,-0.01,-1,-1,-0.01,-1,-1,-0.01,-1,-1,-0.01,-1,-1,-0.01,-1,-1,-0.01,-1,-1,-0.01,-1,-1,-0.01,-1,-1,-0.01,-1,-1,-0.01,-1,-1
99926009,2026-05-18 14:29:13+05:30,53508.2,0,0.0,0,0.0,0.0,53282.15,53619.2,52783.45,53710.35,0,0.0,0.0,0.0,0.0,-0.01,-1,-1,-0.01,-1,-1,-0.01,-1,-1,-0.01,-1,-1,-0.01,-1,-1,-0.01,-1,-1,-0.01,-1,-1,-0.01,-1,-1,-0.01,-1,-1,-0.01,-1,-1
99926009,2026-05-18 14:29:14+05:30,53507.7,0,0.0,0,0.0,0.0,53282.15,53619.2,52783.45,53710.35,0,0.0,0.0,0.0,0.0,-0.01,-1,-1,-0.01,-1,-1,-0.01,-1,-1,-0.01,-1,-1,-0.01,-1,-1,-0.01,-1,-1,-0.01,-1,-1,-0.01,-1,-1,-0.01,-1,-1,-0.01,-1,-1
99926009,2026-05-18 14:29:14+05:30,53507.35,0,0.0,0,0.0,0.0,53282.15,53619.2,52783.45,53710.35,0,0.0,0.0,0.0,0.0,-0.01,-1,-1,-0.01,-1,-1,-0.01,-1,-1,-0.01,-1,-1,-0.01,-1,-1,-0.01,-1,-1,-0.01,-1,-1,-0.01,-1,-1,-0.01,-1,-1,-0.01,-1,-1
99926009,2026-05-18 14:29:15+05:30,53507.35,0,0.0,0,0.0,0.0,53282.15,53619.2,52783.45,53710.35,0,0.0,0.0,0.0,0.0,-0.01,-1,-1,-0.01,-1,-1,-0.01,-1,-1,-0.01,-1,-1,-0.01,-1,-1,-0.01,-1,-1,-0.01,-1,-1,-0.01,-1,-1,-0.01,-1,-1,-0.01,-1,-1
99926009,2026-05-18 14:29:15+05:30,53506.65,0,0.0,0,0.0,0.0,53282.15,53619.2,52783.45,53710.35,0,0.0,0.0,0.0,0.0,-0.01,-1,-1,-0.01,-1,-1,-0.01,-1,-1,-0.01,-1,-1,-0.01,-1,-1,-0.01,-1,-1,-0.01,-1,-1,-0.01,-1,-1,-0.01,-1,-1,-0.01,-1,-1
99926009,2026-05-18 14:29:16+05:30,53508.1,0,0.0,0,0.0,0.0,53282.15,53619.2,52783.45,53710.35,0,0.0,0.0,0.0,0.0,-0.01,-1,-1,-0.01,-1,-1,-0.01,-1,-1,-0.01,-1,-1,-0.01,-1,-1,-0.01,-1,-1,-0.01,-1,-1,-0.01,-1,-1,-0.01,-1,-1,-0.01,-1,-1
99926009,2026-05-18 14:29:16+05:30,53509.1,0,0.0,0,0.0,0.0,53282.15,53619.2,52783.45,53710.35,0,0.0,0.0,0.0,0.0,-0.01,-1,-1,-0.01,-1,-1,-0.01,-1,-1,-0.01,-1,-1,-0.01,-1,-1,-0.01,-1,-1,-0.01,-1,-1,-0.01,-1,-1,-0.01,-1,-1,-0.01,-1,-1
99926009,2026-05-18 14:29:17+05:30,53509.0,0,0.0,0,0.0,0.0,53282.15,53619.2,52783.45,53710.35,0,0.0,0.0,0.0,0.0,-0.01,-1,-1,-0.01,-1,-1,-0.01,-1,-1,-0.01,-1,-1,-0.01,-1,-1,-0.01,-1,-1,-0.01,-1,-1,-0.01,-1,-1,-0.01,-1,-1,-0.01,-1,-1
99926009,2026-05-18 14:29:17+05:30,53506.4,0,0.0,0,0.0,0.0,53282.15,53619.2,52783.45,53710.35,0,0.0,0.0,0.0,0.0,-0.01,-1,-1,-0.01,-1,-1,-0.01,-1,-1,-0.01,-1,-1,-0.01,-1,-1,-0.01,-1,-1,-0.01,-1,-1,-0.01,-1,-1,-0.01,-1,-1,-0.01,-1,-1
99926009,2026-05-18 14:29:18+05:30,53505.0,0,0.0,0,0.0,0.0,53282.15,53619.2,52783.45,53710.35,0,0.0,0.0,0.0,0.0,-0.01,-1,-1,-0.01,-1,-1,-0.01,-1,-1,-0.01,-1,-1,-0.01,-1,-1,-0.01,-1,-1,-0.01,-1,-1,-0.01,-1,-1,-0.01,-1,-1,-0.01,-1,-1
99926009,2026-05-18 14:29:18+05:30,53505.55,0,0.0,0,0.0,0.0,53282.15,53619.2,52783.45,53710.35,0,0.0,0.0,0.0,0.0,-0.01,-1,-1,-0.01,-1,-1,-0.01,-1,-1,-0.01,-1,-1,-0.01,-1,-1,-0.01,-1,-1,-0.01,-1,-1,-0.01,-1,-1,-0.01,-1,-1,-0.01,-1,-1
99926009,2026-05-18 14:29:19+05:30,53505.2,0,0.0,0,0.0,0.0,53282.15,53619.2,52783.45,53710.35,0,0.0,0.0,0.0,0.0,-0.01,-1,-1,-0.01,-1,-1,-0.01,-1,-1,-0.01,-1,-1,-0.01,-1,-1,-0.01,-1,-1,-0.01,-1,-1,-0.01,-1,-1,-0.01,-1,-1,-0.01,-1,-1
99926009,2026-05-18 14:29:19+05:30,53504.95,0,0.0,0,0.0,0.0,53282.15,53619.2,52783.45,53710.35,0,0.0,0.0,0.0,0.0,-0.01,-1,-1,-0.01,-1,-1,-0.01,-1,-1,-0.01,-1,-1,-0.01,-1,-1,-0.01,-1,-1,-0.01,-1,-1,-0.01,-1,-1,-0.01,-1,-1,-0.01,-1,-1
99926009,2026-05-18 14:29:20+05:30,53506.15,0,0.0,0,0.0,0.0,53282.15,53619.2,52783.45,53710.35,0,0.0,0.0,0.0,0.0,-0.01,-1,-1,-0.01,-1,-1,-0.01,-1,-1,-0.01,-1,-1,-0.01,-1,-1,-0.01,-1,-1,-0.01,-1,-1,-0.01,-1,-1,-0.01,-1,-1,-0.01,-1,-1
99926009,2026-05-18 14:29:20+05:30,53507.35,0,0.0,0,0.0,0.0,53282.15,53619.2,52783.45,53710.35,0,0.0,0.0,0.0,0.0,-0.01,-1,-1,-0.01,-1,-1,-0.01,-1,-1,-0.01,-1,-1,-0.01,-1,-1,-0.01,-1,-1,-0.01,-1,-1,-0.01,-1,-1,-0.01,-1,-1,-0.01,-1,-1
99926009,2026-05-18 14:29:21+05:30,53506.4,0,0.0,0,0.0,0.0,53282.15,53619.2,52783.45,53710.35,0,0.0,0.0,0.0,0.0,-0.01,-1,-1,-0.01,-1,-1,-0.01,-1,-1,-0.01,-1,-1,-0.01,-1,-1,-0.01,-1,-1,-0.01,-1,-1,-0.01,-1,-1,-0.01,-1,-1,-0.01,-1,-1
99926009,2026-05-18 14:29:21+05:30,53507.05,0,0.0,0,0.0,0.0,53282.15,53619.2,52783.45,53710.35,0,0.0,0.0,0.0,0.0,-0.01,-1,-1,-0.01,-1,-1,-0.01,-1,-1,-0.01,-1,-1,-0.01,-1,-1,-0.01,-1,-1,-0.01,-1,-1,-0.01,-1,-1,-0.01,-1,-1,-0.01,-1,-1
99926009,2026-05-18 14:29:22+05:30,53505.9,0,0.0,0,0.0,0.0,53282.15,53619.2,52783.45,53710.35,0,0.0,0.0,0.0,0.0,-0.01,-1,-1,-0.01,-1,-1,-0.01,-1,-1,-0.01,-1,-1,-0.01,-1,-1,-0.01,-1,-1,-0.01,-1,-1,-0.01,-1,-1,-0.01,-1,-1,-0.01,-1,-1
99926009,2026-05-18 14:29:22+05:30,53503.55,0,0.0,0,0.0,0.0,53282.15,53619.2,52783.45,53710.35,0,0.0,0.0,0.0,0.0,-0.01,-1,-1,-0.01,-1,-1,-0.01,-1,-1,-0.01,-1,-1,-0.01,-1,-1,-0.01,-1,-1,-0.01,-1,-1,-0.01,-1,-1,-0.01,-1,-1,-0.01,-1,-1
99926009,2026-05-18 14:29:23+05:30,53503.4,0,0.0,0,0.0,0.0,53282.15,53619.2,52783.45,53710.35,0,0.0,0.0,0.0,0.0,-0.01,-1,-1,-0.01,-1,-1,-0.01,-1,-1,-0.01,-1,-1,-0.01,-1,-1,-0.01,-1,-1,-0.01,-1,-1,-0.01,-1,-1,-0.01,-1,-1,-0.01,-1,-1
99926009,2026-05-18 14:29:23+05:30,53503.9,0,0.0,0,0.0,0.0,53282.15,53619.2,52783.45,53710.35,0,0.0,0.0,0.0,0.0,-0.01,-1,-1,-0.01,-1,-1,-0.01,-1,-1,-0.01,-1,-1,-0.01,-1,-1,-0.01,-1,-1,-0.01,-1,-1,-0.01,-1,-1,-0.01,-1,-1,-0.01,-1,-1
99926009,2026-05-18 14:29:24+05:30,53504.8,0,0.0,0,0.0,0.0,53282.15,53619.2,52783.45,53710.35,0,0.0,0.0,0.0,0.0,-0.01,-1,-1,-0.01,-1,-1,-0.01,-1,-1,-0.01,-1,-1,-0.01,-1,-1,-0.01,-1,-1,-0.01,-1,-1,-0.01,-1,-1,-0.01,-1,-1,-0.01,-1,-1
99926009,2026-05-18 14:29:24+05:30,53506.1,0,0.0,0,0.0,0.0,53282.15,53619.2,52783.45,53710.35,0,0.0,0.0,0.0,0.0,-0.01,-1,-1,-0.01,-1,-1,-0.01,-1,-1,-0.01,-1,-1,-0.01,-1,-1,-0.01,-1,-1,-0.01,-1,-1,-0.01,-1,-1,-0.01,-1,-1,-0.01,-1,-1
99926009,2026-05-18 14:29:25+05:30,53506.9,0,0.0,0,0.0,0.0,53282.15,53619.2,52783.45,53710.35,0,0.0,0.0,0.0,0.0,-0.01,-1,-1,-0.01,-1,-1,-0.01,-1,-1,-0.01,-1,-1,-0.01,-1,-1,-0.01,-1,-1,-0.01,-1,-1,-0.01,-1,-1,-0.01,-1,-1,-0.01,-1,-1
99926009,2026-05-18 14:29:25+05:30,53508.75,0,0.0,0,0.0,0.0,53282.15,53619.2,52783.45,53710.35,0,0.0,0.0,0.0,0.0,-0.01,-1,-1,-0.01,-1,-1,-0.01,-1,-1,-0.01,-1,-1,-0.01,-1,-1,-0.01,-1,-1,-0.01,-1,-1,-0.01,-1,-1,-0.01,-1,-1,-0.01,-1,-1
99926009,2026-05-18 14:29:26+05:30,53505.8,0,0.0,0,0.0,0.0,53282.15,53619.2,52783.45,53710.35,0,0.0,0.0,0.0,0.0,-0.01,-1,-1,-0.01,-1,-1,-0.01,-1,-1,-0.01,-1,-1,-0.01,-1,-1,-0.01,-1,-1,-0.01,-1,-1,-0.01,-1,-1,-0.01,-1,-1,-0.01,-1,-1
99926009,2026-05-18 14:29:26+05:30,53506.65,0,0.0,0,0.0,0.0,53282.15,53619.2,52783.45,53710.35,0,0.0,0.0,0.0,0.0,-0.01,-1,-1,-0.01,-1,-1,-0.01,-1,-1,-0.01,-1,-1,-0.01,-1,-1,-0.01,-1,-1,-0.01,-1,-1,-0.01,-1,-1,-0.01,-1,-1,-0.01,-1,-1
99926009,2026-05-18 14:29:27+05:30,53507.45,0,0.0,0,0.0,0.0,53282.15,53619.2,52783.45,53710.35,0,0.0,0.0,0.0,0.0,-0.01,-1,-1,-0.01,-1,-1,-0.01,-1,-1,-0.01,-1,-1,-0.01,-1,-1,-0.01,-1,-1,-0.01,-1,-1,-0.01,-1,-1,-0.01,-1,-1,-0.01,-1,-1
99926009,2026-05-18 14:29:27+05:30,53508.3,0,0.0,0,0.0,0.0,53282.15,53619.2,52783.45,53710.35,0,0.0,0.0,0.0,0.0,-0.01,-1,-1,-0.01,-1,-1,-0.01,-1,-1,-0.01,-1,-1,-0.01,-1,-1,-0.01,-1,-1,-0.01,-1,-1,-0.01,-1,-1,-0.01,-1,-1,-0.01,-1,-1
99926009,2026-05-18 14:29:28+05:30,53507.95,0,0.0,0,0.0,0.0,53282.15,53619.2,52783.45,53710.35,0,0.0,0.0,0.0,0.0,-0.01,-1,-1,-0.01,-1,-1,-0.01,-1,-1,-0.01,-1,-1,-0.01,-1,-1,-0.01,-1,-1,-0.01,-1,-1,-0.01,-1,-1,-0.01,-1,-1,-0.01,-1,-1
99926009,2026-05-18 14:29:28+05:30,53512.4,0,0.0,0,0.0,0.0,53282.15,53619.2,52783.45,53710.35,0,0.0,0.0,0.0,0.0,-0.01,-1,-1,-0.01,-1,-1,-0.01,-1,-1,-0.01,-1,-1,-0.01,-1,-1,-0.01,-1,-1,-0.01,-1,-1,-0.01,-1,-1,-0.01,-1,-1,-0.01,-1,-1
99926009,2026-05-18 14:29:29+05:30,53507.85,0,0.0,0,0.0,0.0,53282.15,53619.2,52783.45,53710.35,0,0.0,0.0,0.0,0.0,-0.01,-1,-1,-0.01,-1,-1,-0.01,-1,-1,-0.01,-1,-1,-0.01,-1,-1,-0.01,-1,-1,-0.01,-1,-1,-0.01,-1,-1,-0.01,-1,-1,-0.01,-1,-1
99926009,2026-05-18 14:29:29+05:30,53509.75,0,0.0,0,0.0,0.0,53282.15,53619.2,52783.45,53710.35,0,0.0,0.0,0.0,0.0,-0.01,-1,-1,-0.01,-1,-1,-0.01,-1,-1,-0.01,-1,-1,-0.01,-1,-1,-0.01,-1,-1,-0.01,-1,-1,-0.01,-1,-1,-0.01,-1,-1,-0.01,-1,-1
99926009,2026-05-18 14:29:30+05:30,53511.35,0,0.0,0,0.0,0.0,53282.15,53619.2,52783.45,53710.35,0,0.0,0.0,0.0,0.0,-0.01,-1,-1,-0.01,-1,-1,-0.01,-1,-1,-0.01,-1,-1,-0.01,-1,-1,-0.01,-1,-1,-0.01,-1,-1,-0.01,-1,-1,-0.01,-1,-1,-0.01,-1,-1
99926009,2026-05-18 14:29:30+05:30,53514.6,0,0.0,0,0.0,0.0,53282.15,53619.2,52783.45,53710.35,0,0.0,0.0,0.0,0.0,-0.01,-1,-1,-0.01,-1,-1,-0.01,-1,-1,-0.01,-1,-1,-0.01,-1,-1,-0.01,-1,-1,-0.01,-1,-1,-0.01,-1,-1,-0.01,-1,-1,-0.01,-1,-1
99926009,2026-05-18 14:29:31+05:30,53512.45,0,0.0,0,0.0,0.0,53282.15,53619.2,52783.45,53710.35,0,0.0,0.0,0.0,0.0,-0.01,-1,-1,-0.01,-1,-1,-0.01,-1,-1,-0.01,-1,-1,-0.01,-1,-1,-0.01,-1,-1,-0.01,-1,-1,-0.01,-1,-1,-0.01,-1,-1,-0.01,-1,-1
99926009,2026-05-18 14:29:31+05:30,53513.65,0,0.0,0,0.0,0.0,53282.15,53619.2,52783.45,53710.35,0,0.0,0.0,0.0,0.0,-0.01,-1,-1,-0.01,-1,-1,-0.01,-1,-1,-0.01,-1,-1,-0.01,-1,-1,-0.01,-1,-1,-0.01,-1,-1,-0.01,-1,-1,-0.01,-1,-1,-0.01,-1,-1
99926009,2026-05-18 14:29:32+05:30,53513.65,0,0.0,0,0.0,0.0,53282.15,53619.2,52783.45,53710.35,0,0.0,0.0,0.0,0.0,-0.01,-1,-1,-0.01,-1,-1,-0.01,-1,-1,-0.01,-1,-1,-0.01,-1,-1,-0.01,-1,-1,-0.01,-1,-1,-0.01,-1,-1,-0.01,-1,-1,-0.01,-1,-1
99926009,2026-05-18 14:29:32+05:30,53513.4,0,0.0,0,0.0,0.0,53282.15,53619.2,52783.45,53710.35,0,0.0,0.0,0.0,0.0,-0.01,-1,-1,-0.01,-1,-1,-0.01,-1,-1,-0.01,-1,-1,-0.01,-1,-1,-0.01,-1,-1,-0.01,-1,-1,-0.01,-1,-1,-0.01,-1,-1,-0.01,-1,-1
99926009,2026-05-18 14:29:33+05:30,53514.1,0,0.0,0,0.0,0.0,53282.15,53619.2,52783.45,53710.35,0,0.0,0.0,0.0,0.0,-0.01,-1,-1,-0.01,-1,-1,-0.01,-1,-1,-0.01,-1,-1,-0.01,-1,-1,-0.01,-1,-1,-0.01,-1,-1,-0.01,-1,-1,-0.01,-1,-1,-0.01,-1,-1
99926009,2026-05-18 14:29:33+05:30,53512.35,0,0.0,0,0.0,0.0,53282.15,53619.2,52783.45,53710.35,0,0.0,0.0,0.0,0.0,-0.01,-1,-1,-0.01,-1,-1,-0.01,-1,-1,-0.01,-1,-1,-0.01,-1,-1,-0.01,-1,-1,-0.01,-1,-1,-0.01,-1,-1,-0.01,-1,-1,-0.01,-1,-1
99926009,2026-05-18 14:29:34+05:30,53516.95,0,0.0,0,0.0,0.0,53282.15,53619.2,52783.45,53710.35,0,0.0,0.0,0.0,0.0,-0.01,-1,-1,-0.01,-1,-1,-0.01,-1,-1,-0.01,-1,-1,-0.01,-1,-1,-0.01,-1,-1,-0.01,-1,-1,-0.01,-1,-1,-0.01,-1,-1,-0.01,-1,-1
99926009,2026-05-18 14:29:34+05:30,53516.3,0,0.0,0,0.0,0.0,53282.15,53619.2,52783.45,53710.35,0,0.0,0.0,0.0,0.0,-0.01,-1,-1,-0.01,-1,-1,-0.01,-1,-1,-0.01,-1,-1,-0.01,-1,-1,-0.01,-1,-1,-0.01,-1,-1,-0.01,-1,-1,-0.01,-1,-1,-0.01,-1,-1
99926009,2026-05-18 14:29:35+05:30,53514.75,0,0.0,0,0.0,0.0,53282.15,53619.2,52783.45,53710.35,0,0.0,0.0,0.0,0.0,-0.01,-1,-1,-0.01,-1,-1,-0.01,-1,-1,-0.01,-1,-1,-0.01,-1,-1,-0.01,-1,-1,-0.01,-1,-1,-0.01,-1,-1,-0.01,-1,-1,-0.01,-1,-1
99926009,2026-05-18 14:29:35+05:30,53515.7,0,0.0,0,0.0,0.0,53282.15,53619.2,52783.45,53710.35,0,0.0,0.0,0.0,0.0,-0.01,-1,-1,-0.01,-1,-1,-0.01,-1,-1,-0.01,-1,-1,-0.01,-1,-1,-0.01,-1,-1,-0.01,-1,-1,-0.01,-1,-1,-0.01,-1,-1,-0.01,-1,-1
99926009,2026-05-18 14:29:36+05:30,53518.25,0,0.0,0,0.0,0.0,53282.15,53619.2,52783.45,53710.35,0,0.0,0.0,0.0,0.0,-0.01,-1,-1,-0.01,-1,-1,-0.01,-1,-1,-0.01,-1,-1,-0.01,-1,-1,-0.01,-1,-1,-0.01,-1,-1,-0.01,-1,-1,-0.01,-1,-1,-0.01,-1,-1
99926009,2026-05-18 14:29:36+05:30,53516.15,0,0.0,0,0.0,0.0,53282.15,53619.2,52783.45,53710.35,0,0.0,0.0,0.0,0.0,-0.01,-1,-1,-0.01,-1,-1,-0.01,-1,-1,-0.01,-1,-1,-0.01,-1,-1,-0.01,-1,-1,-0.01,-1,-1,-0.01,-1,-1,-0.01,-1,-1,-0.01,-1,-1
99926009,2026-05-18 14:29:37+05:30,53520.65,0,0.0,0,0.0,0.0,53282.15,53619.2,52783.45,53710.35,0,0.0,0.0,0.0,0.0,-0.01,-1,-1,-0.01,-1,-1,-0.01,-1,-1,-0.01,-1,-1,-0.01,-1,-1,-0.01,-1,-1,-0.01,-1,-1,-0.01,-1,-1,-0.01,-1,-1,-0.01,-1,-1
99926009,2026-05-18 14:29:37+05:30,53516.15,0,0.0,0,0.0,0.0,53282.15,53619.2,52783.45,53710.35,0,0.0,0.0,0.0,0.0,-0.01,-1,-1,-0.01,-1,-1,-0.01,-1,-1,-0.01,-1,-1,-0.01,-1,-1,-0.01,-1,-1,-0.01,-1,-1,-0.01,-1,-1,-0.01,-1,-1,-0.01,-1,-1
99926009,2026-05-18 14:29:38+05:30,53519.4,0,0.0,0,0.0,0.0,53282.15,53619.2,52783.45,53710.35,0,0.0,0.0,0.0,0.0,-0.01,-1,-1,-0.01,-1,-1,-0.01,-1,-1,-0.01,-1,-1,-0.01,-1,-1,-0.01,-1,-1,-0.01,-1,-1,-0.01,-1,-1,-0.01,-1,-1,-0.01,-1,-1
99926009,2026-05-18 14:29:38+05:30,53515.95,0,0.0,0,0.0,0.0,53282.15,53619.2,52783.45,53710.35,0,0.0,0.0,0.0,0.0,-0.01,-1,-1,-0.01,-1,-1,-0.01,-1,-1,-0.01,-1,-1,-0.01,-1,-1,-0.01,-1,-1,-0.01,-1,-1,-0.01,-1,-1,-0.01,-1,-1,-0.01,-1,-1
99926009,2026-05-18 14:29:39+05:30,53518.65,0,0.0,0,0.0,0.0,53282.15,53619.2,52783.45,53710.35,0,0.0,0.0,0.0,0.0,-0.01,-1,-1,-0.01,-1,-1,-0.01,-1,-1,-0.01,-1,-1,-0.01,-1,-1,-0.01,-1,-1,-0.01,-1,-1,-0.01,-1,-1,-0.01,-1,-1,-0.01,-1,-1
99926009,2026-05-18 14:29:39+05:30,53517.1,0,0.0,0,0.0,0.0,53282.15,53619.2,52783.45,53710.35,0,0.0,0.0,0.0,0.0,-0.01,-1,-1,-0.01,-1,-1,-0.01,-1,-1,-0.01,-1,-1,-0.01,-1,-1,-0.01,-1,-1,-0.01,-1,-1,-0.01,-1,-1,-0.01,-1,-1,-0.01,-1,-1
99926009,2026-05-18 14:29:40+05:30,53517.85,0,0.0,0,0.0,0.0,53282.15,53619.2,52783.45,53710.35,0,0.0,0.0,0.0,0.0,-0.01,-1,-1,-0.01,-1,-1,-0.01,-1,-1,-0.01,-1,-1,-0.01,-1,-1,-0.01,-1,-1,-0.01,-1,-1,-0.01,-1,-1,-0.01,-1,-1,-0.01,-1,-1
99926009,2026-05-18 14:29:40+05:30,53518.05,0,0.0,0,0.0,0.0,53282.15,53619.2,52783.45,53710.35,0,0.0,0.0,0.0,0.0,-0.01,-1,-1,-0.01,-1,-1,-0.01,-1,-1,-0.01,-1,-1,-0.01,-1,-1,-0.01,-1,-1,-0.01,-1,-1,-0.01,-1,-1,-0.01,-1,-1,-0.01,-1,-1
99926009,2026-05-18 14:29:41+05:30,53519.5,0,0.0,0,0.0,0.0,53282.15,53619.2,52783.45,53710.35,0,0.0,0.0,0.0,0.0,-0.01,-1,-1,-0.01,-1,-1,-0.01,-1,-1,-0.01,-1,-1,-0.01,-1,-1,-0.01,-1,-1,-0.01,-1,-1,-0.01,-1,-1,-0.01,-1,-1,-0.01,-1,-1
99926009,2026-05-18 14:29:41+05:30,53521.25,0,0.0,0,0.0,0.0,53282.15,53619.2,52783.45,53710.35,0,0.0,0.0,0.0,0.0,-0.01,-1,-1,-0.01,-1,-1,-0.01,-1,-1,-0.01,-1,-1,-0.01,-1,-1,-0.01,-1,-1,-0.01,-1,-1,-0.01,-1,-1,-0.01,-1,-1,-0.01,-1,-1
99926009,2026-05-18 14:29:42+05:30,53521.55,0,0.0,0,0.0,0.0,53282.15,53619.2,52783.45,53710.35,0,0.0,0.0,0.0,0.0,-0.01,-1,-1,-0.01,-1,-1,-0.01,-1,-1,-0.01,-1,-1,-0.01,-1,-1,-0.01,-1,-1,-0.01,-1,-1,-0.01,-1,-1,-0.01,-1,-1,-0.01,-1,-1
99926009,2026-05-18 14:29:42+05:30,53525.2,0,0.0,0,0.0,0.0,53282.15,53619.2,52783.45,53710.35,0,0.0,0.0,0.0,0.0,-0.01,-1,-1,-0.01,-1,-1,-0.01,-1,-1,-0.01,-1,-1,-0.01,-1,-1,-0.01,-1,-1,-0.01,-1,-1,-0.01,-1,-1,-0.01,-1,-1,-0.01,-1,-1
99926009,2026-05-18 14:29:43+05:30,53524.1,0,0.0,0,0.0,0.0,53282.15,53619.2,52783.45,53710.35,0,0.0,0.0,0.0,0.0,-0.01,-1,-1,-0.01,-1,-1,-0.01,-1,-1,-0.01,-1,-1,-0.01,-1,-1,-0.01,-1,-1,-0.01,-1,-1,-0.01,-1,-1,-0.01,-1,-1,-0.01,-1,-1
99926009,2026-05-18 14:29:43+05:30,53525.8,0,0.0,0,0.0,0.0,53282.15,53619.2,52783.45,53710.35,0,0.0,0.0,0.0,0.0,-0.01,-1,-1,-0.01,-1,-1,-0.01,-1,-1,-0.01,-1,-1,-0.01,-1,-1,-0.01,-1,-1,-0.01,-1,-1,-0.01,-1,-1,-0.01,-1,-1,-0.01,-1,-1
99926009,2026-05-18 14:29:44+05:30,53523.4,0,0.0,0,0.0,0.0,53282.15,53619.2,52783.45,53710.35,0,0.0,0.0,0.0,0.0,-0.01,-1,-1,-0.01,-1,-1,-0.01,-1,-1,-0.01,-1,-1,-0.01,-1,-1,-0.01,-1,-1,-0.01,-1,-1,-0.01,-1,-1,-0.01,-1,-1,-0.01,-1,-1
99926009,2026-05-18 14:29:44+05:30,53523.45,0,0.0,0,0.0,0.0,53282.15,53619.2,52783.45,53710.35,0,0.0,0.0,0.0,0.0,-0.01,-1,-1,-0.01,-1,-1,-0.01,-1,-1,-0.01,-1,-1,-0.01,-1,-1,-0.01,-1,-1,-0.01,-1,-1,-0.01,-1,-1,-0.01,-1,-1,-0.01,-1,-1
99926009,2026-05-18 14:29:45+05:30,53523.5,0,0.0,0,0.0,0.0,53282.15,53619.2,52783.45,53710.35,0,0.0,0.0,0.0,0.0,-0.01,-1,-1,-0.01,-1,-1,-0.01,-1,-1,-0.01,-1,-1,-0.01,-1,-1,-0.01,-1,-1,-0.01,-1,-1,-0.01,-1,-1,-0.01,-1,-1,-0.01,-1,-1
99926009,2026-05-18 14:29:45+05:30,53522.05,0,0.0,0,0.0,0.0,53282.15,53619.2,52783.45,53710.35,0,0.0,0.0,0.0,0.0,-0.01,-1,-1,-0.01,-1,-1,-0.01,-1,-1,-0.01,-1,-1,-0.01,-1,-1,-0.01,-1,-1,-0.01,-1,-1,-0.01,-1,-1,-0.01,-1,-1,-0.01,-1,-1
99926009,2026-05-18 14:29:46+05:30,53524.4,0,0.0,0,0.0,0.0,53282.15,53619.2,52783.45,53710.35,0,0.0,0.0,0.0,0.0,-0.01,-1,-1,-0.01,-1,-1,-0.01,-1,-1,-0.01,-1,-1,-0.01,-1,-1,-0.01,-1,-1,-0.01,-1,-1,-0.01,-1,-1,-0.01,-1,-1,-0.01,-1,-1
99926009,2026-05-18 14:29:46+05:30,53520.95,0,0.0,0,0.0,0.0,53282.15,53619.2,52783.45,53710.35,0,0.0,0.0,0.0,0.0,-0.01,-1,-1,-0.01,-1,-1,-0.01,-1,-1,-0.01,-1,-1,-0.01,-1,-1,-0.01,-1,-1,-0.01,-1,-1,-0.01,-1,-1,-0.01,-1,-1,-0.01,-1,-1
99926009,2026-05-18 14:29:47+05:30,53523.05,0,0.0,0,0.0,0.0,53282.15,53619.2,52783.45,53710.35,0,0.0,0.0,0.0,0.0,-0.01,-1,-1,-0.01,-1,-1,-0.01,-1,-1,-0.01,-1,-1,-0.01,-1,-1,-0.01,-1,-1,-0.01,-1,-1,-0.01,-1,-1,-0.01,-1,-1,-0.01,-1,-1
99926009,2026-05-18 14:29:47+05:30,53522.3,0,0.0,0,0.0,0.0,53282.15,53619.2,52783.45,53710.35,0,0.0,0.0,0.0,0.0,-0.01,-1,-1,-0.01,-1,-1,-0.01,-1,-1,-0.01,-1,-1,-0.01,-1,-1,-0.01,-1,-1,-0.01,-1,-1,-0.01,-1,-1,-0.01,-1,-1,-0.01,-1,-1
99926009,2026-05-18 14:29:48+05:30,53521.55,0,0.0,0,0.0,0.0,53282.15,53619.2,52783.45,53710.35,0,0.0,0.0,0.0,0.0,-0.01,-1,-1,-0.01,-1,-1,-0.01,-1,-1,-0.01,-1,-1,-0.01,-1,-1,-0.01,-1,-1,-0.01,-1,-1,-0.01,-1,-1,-0.01,-1,-1,-0.01,-1,-1
99926009,2026-05-18 14:29:48+05:30,53522.6,0,0.0,0,0.0,0.0,53282.15,53619.2,52783.45,53710.35,0,0.0,0.0,0.0,0.0,-0.01,-1,-1,-0.01,-1,-1,-0.01,-1,-1,-0.01,-1,-1,-0.01,-1,-1,-0.01,-1,-1,-0.01,-1,-1,-0.01,-1,-1,-0.01,-1,-1,-0.01,-1,-1
99926009,2026-05-18 14:29:49+05:30,53525.85,0,0.0,0,0.0,0.0,53282.15,53619.2,52783.45,53710.35,0,0.0,0.0,0.0,0.0,-0.01,-1,-1,-0.01,-1,-1,-0.01,-1,-1,-0.01,-1,-1,-0.01,-1,-1,-0.01,-1,-1,-0.01,-1,-1,-0.01,-1,-1,-0.01,-1,-1,-0.01,-1,-1
99926009,2026-05-18 14:29:49+05:30,53524.5,0,0.0,0,0.0,0.0,53282.15,53619.2,52783.45,53710.35,0,0.0,0.0,0.0,0.0,-0.01,-1,-1,-0.01,-1,-1,-0.01,-1,-1,-0.01,-1,-1,-0.01,-1,-1,-0.01,-1,-1,-0.01,-1,-1,-0.01,-1,-1,-0.01,-1,-1,-0.01,-1,-1
99926009,2026-05-18 14:29:50+05:30,53524.35,0,0.0,0,0.0,0.0,53282.15,53619.2,52783.45,53710.35,0,0.0,0.0,0.0,0.0,-0.01,-1,-1,-0.01,-1,-1,-0.01,-1,-1,-0.01,-1,-1,-0.01,-1,-1,-0.01,-1,-1,-0.01,-1,-1,-0.01,-1,-1,-0.01,-1,-1,-0.01,-1,-1
99926009,2026-05-18 14:29:50+05:30,53526.6,0,0.0,0,0.0,0.0,53282.15,53619.2,52783.45,53710.35,0,0.0,0.0,0.0,0.0,-0.01,-1,-1,-0.01,-1,-1,-0.01,-1,-1,-0.01,-1,-1,-0.01,-1,-1,-0.01,-1,-1,-0.01,-1,-1,-0.01,-1,-1,-0.01,-1,-1,-0.01,-1,-1
99926009,2026-05-18 14:29:51+05:30,53524.5,0,0.0,0,0.0,0.0,53282.15,53619.2,52783.45,53710.35,0,0.0,0.0,0.0,0.0,-0.01,-1,-1,-0.01,-1,-1,-0.01,-1,-1,-0.01,-1,-1,-0.01,-1,-1,-0.01,-1,-1,-0.01,-1,-1,-0.01,-1,-1,-0.01,-1,-1,-0.01,-1,-1
99926009,2026-05-18 14:29:51+05:30,53525.95,0,0.0,0,0.0,0.0,53282.15,53619.2,52783.45,53710.35,0,0.0,0.0,0.0,0.0,-0.01,-1,-1,-0.01,-1,-1,-0.01,-1,-1,-0.01,-1,-1,-0.01,-1,-1,-0.01,-1,-1,-0.01,-1,-1,-0.01,-1,-1,-0.01,-1,-1,-0.01,-1,-1
99926009,2026-05-18 14:29:52+05:30,53524.95,0,0.0,0,0.0,0.0,53282.15,53619.2,52783.45,53710.35,0,0.0,0.0,0.0,0.0,-0.01,-1,-1,-0.01,-1,-1,-0.01,-1,-1,-0.01,-1,-1,-0.01,-1,-1,-0.01,-1,-1,-0.01,-1,-1,-0.01,-1,-1,-0.01,-1,-1,-0.01,-1,-1
99926009,2026-05-18 14:29:52+05:30,53524.2,0,0.0,0,0.0,0.0,53282.15,53619.2,52783.45,53710.35,0,0.0,0.0,0.0,0.0,-0.01,-1,-1,-0.01,-1,-1,-0.01,-1,-1,-0.01,-1,-1,-0.01,-1,-1,-0.01,-1,-1,-0.01,-1,-1,-0.01,-1,-1,-0.01,-1,-1,-0.01,-1,-1
99926009,2026-05-18 14:29:53+05:30,53522.85,0,0.0,0,0.0,0.0,53282.15,53619.2,52783.45,53710.35,0,0.0,0.0,0.0,0.0,-0.01,-1,-1,-0.01,-1,-1,-0.01,-1,-1,-0.01,-1,-1,-0.01,-1,-1,-0.01,-1,-1,-0.01,-1,-1,-0.01,-1,-1,-0.01,-1,-1,-0.01,-1,-1
99926009,2026-05-18 14:29:53+05:30,53522.1,0,0.0,0,0.0,0.0,53282.15,53619.2,52783.45,53710.35,0,0.0,0.0,0.0,0.0,-0.01,-1,-1,-0.01,-1,-1,-0.01,-1,-1,-0.01,-1,-1,-0.01,-1,-1,-0.01,-1,-1,-0.01,-1,-1,-0.01,-1,-1,-0.01,-1,-1,-0.01,-1,-1
99926009,2026-05-18 14:29:54+05:30,53521.15,0,0.0,0,0.0,0.0,53282.15,53619.2,52783.45,53710.35,0,0.0,0.0,0.0,0.0,-0.01,-1,-1,-0.01,-1,-1,-0.01,-1,-1,-0.01,-1,-1,-0.01,-1,-1,-0.01,-1,-1,-0.01,-1,-1,-0.01,-1,-1,-0.01,-1,-1,-0.01,-1,-1
99926009,2026-05-18 14:29:54+05:30,53520.65,0,0.0,0,0.0,0.0,53282.15,53619.2,52783.45,53710.35,0,0.0,0.0,0.0,0.0,-0.01,-1,-1,-0.01,-1,-1,-0.01,-1,-1,-0.01,-1,-1,-0.01,-1,-1,-0.01,-1,-1,-0.01,-1,-1,-0.01,-1,-1,-0.01,-1,-1,-0.01,-1,-1
99926009,2026-05-18 14:29:55+05:30,53522.25,0,0.0,0,0.0,0.0,53282.15,53619.2,52783.45,53710.35,0,0.0,0.0,0.0,0.0,-0.01,-1,-1,-0.01,-1,-1,-0.01,-1,-1,-0.01,-1,-1,-0.01,-1,-1,-0.01,-1,-1,-0.01,-1,-1,-0.01,-1,-1,-0.01,-1,-1,-0.01,-1,-1
99926009,2026-05-18 14:29:55+05:30,53523.25,0,0.0,0,0.0,0.0,53282.15,53619.2,52783.45,53710.35,0,0.0,0.0,0.0,0.0,-0.01,-1,-1,-0.01,-1,-1,-0.01,-1,-1,-0.01,-1,-1,-0.01,-1,-1,-0.01,-1,-1,-0.01,-1,-1,-0.01,-1,-1,-0.01,-1,-1,-0.01,-1,-1
99926009,2026-05-18 14:29:56+05:30,53522.25,0,0.0,0,0.0,0.0,53282.15,53619.2,52783.45,53710.35,0,0.0,0.0,0.0,0.0,-0.01,-1,-1,-0.01,-1,-1,-0.01,-1,-1,-0.01,-1,-1,-0.01,-1,-1,-0.01,-1,-1,-0.01,-1,-1,-0.01,-1,-1,-0.01,-1,-1,-0.01,-1,-1
99926009,2026-05-18 14:29:56+05:30,53520.15,0,0.0,0,0.0,0.0,53282.15,53619.2,52783.45,53710.35,0,0.0,0.0,0.0,0.0,-0.01,-1,-1,-0.01,-1,-1,-0.01,-1,-1,-0.01,-1,-1,-0.01,-1,-1,-0.01,-1,-1,-0.01,-1,-1,-0.01,-1,-1,-0.01,-1,-1,-0.01,-1,-1
99926009,2026-05-18 14:29:57+05:30,53517.95,0,0.0,0,0.0,0.0,53282.15,53619.2,52783.45,53710.35,0,0.0,0.0,0.0,0.0,-0.01,-1,-1,-0.01,-1,-1,-0.01,-1,-1,-0.01,-1,-1,-0.01,-1,-1,-0.01,-1,-1,-0.01,-1,-1,-0.01,-1,-1,-0.01,-1,-1,-0.01,-1,-1
99926009,2026-05-18 14:29:57+05:30,53517.2,0,0.0,0,0.0,0.0,53282.15,53619.2,52783.45,53710.35,0,0.0,0.0,0.0,0.0,-0.01,-1,-1,-0.01,-1,-1,-0.01,-1,-1,-0.01,-1,-1,-0.01,-1,-1,-0.01,-1,-1,-0.01,-1,-1,-0.01,-1,-1,-0.01,-1,-1,-0.01,-1,-1
99926009,2026-05-18 14:29:58+05:30,53518.6,0,0.0,0,0.0,0.0,53282.15,53619.2,52783.45,53710.35,0,0.0,0.0,0.0,0.0,-0.01,-1,-1,-0.01,-1,-1,-0.01,-1,-1,-0.01,-1,-1,-0.01,-1,-1,-0.01,-1,-1,-0.01,-1,-1,-0.01,-1,-1,-0.01,-1,-1,-0.01,-1,-1
99926009,2026-05-18 14:29:58+05:30,53516.65,0,0.0,0,0.0,0.0,53282.15,53619.2,52783.45,53710.35,0,0.0,0.0,0.0,0.0,-0.01,-1,-1,-0.01,-1,-1,-0.01,-1,-1,-0.01,-1,-1,-0.01,-1,-1,-0.01,-1,-1,-0.01,-1,-1,-0.01,-1,-1,-0.01,-1,-1,-0.01,-1,-1
99926009,2026-05-18 14:29:59+05:30,53515.45,0,0.0,0,0.0,0.0,53282.15,53619.2,52783.45,53710.35,0,0.0,0.0,0.0,0.0,-0.01,-1,-1,-0.01,-1,-1,-0.01,-1,-1,-0.01,-1,-1,-0.01,-1,-1,-0.01,-1,-1,-0.01,-1,-1,-0.01,-1,-1,-0.01,-1,-1,-0.01,-1,-1
99926009,2026-05-18 14:29:59+05:30,53514.95,0,0.0,0,0.0,0.0,53282.15,53619.2,52783.45,53710.35,0,0.0,0.0,0.0,0.0,-0.01,-1,-1,-0.01,-1,-1,-0.01,-1,-1,-0.01,-1,-1,-0.01,-1,-1,-0.01,-1,-1,-0.01,-1,-1,-0.01,-1,-1,-0.01,-1,-1,-0.01,-1,-1
99926009,2026-05-18 14:30:00+05:30,53512.3,0,0.0,0,0.0,0.0,53282.15,53619.2,52783.45,53710.35,0,0.0,0.0,0.0,0.0,-0.01,-1,-1,-0.01,-1,-1,-0.01,-1,-1,-0.01,-1,-1,-0.01,-1,-1,-0.01,-1,-1,-0.01,-1,-1,-0.01,-1,-1,-0.01,-1,-1,-0.01,-1,-1
99926009,2026-05-18 14:30:00+05:30,53512.4,0,0.0,0,0.0,0.0,53282.15,53619.2,52783.45,53710.35,0,0.0,0.0,0.0,0.0,-0.01,-1,-1,-0.01,-1,-1,-0.01,-1,-1,-0.01,-1,-1,-0.01,-1,-1,-0.01,-1,-1,-0.01,-1,-1,-0.01,-1,-1,-0.01,-1,-1,-0.01,-1,-1
99926009,2026-05-18 14:30:01+05:30,53512.15,0,0.0,0,0.0,0.0,53282.15,53619.2,52783.45,53710.35,0,0.0,0.0,0.0,0.0,-0.01,-1,-1,-0.01,-1,-1,-0.01,-1,-1,-0.01,-1,-1,-0.01,-1,-1,-0.01,-1,-1,-0.01,-1,-1,-0.01,-1,-1,-0.01,-1,-1,-0.01,-1,-1
99926009,2026-05-18 14:30:01+05:30,53518.35,0,0.0,0,0.0,0.0,53282.15,53619.2,52783.45,53710.35,0,0.0,0.0,0.0,0.0,-0.01,-1,-1,-0.01,-1,-1,-0.01,-1,-1,-0.01,-1,-1,-0.01,-1,-1,-0.01,-1,-1,-0.01,-1,-1,-0.01,-1,-1,-0.01,-1,-1,-0.01,-1,-1
99926009,2026-05-18 14:30:02+05:30,53514.05,0,0.0,0,0.0,0.0,53282.15,53619.2,52783.45,53710.35,0,0.0,0.0,0.0,0.0,-0.01,-1,-1,-0.01,-1,-1,-0.01,-1,-1,-0.01,-1,-1,-0.01,-1,-1,-0.01,-1,-1,-0.01,-1,-1,-0.01,-1,-1,-0.01,-1,-1,-0.01,-1,-1
99926009,2026-05-18 14:30:02+05:30,53513.1,0,0.0,0,0.0,0.0,53282.15,53619.2,52783.45,53710.35,0,0.0,0.0,0.0,0.0,-0.01,-1,-1,-0.01,-1,-1,-0.01,-1,-1,-0.01,-1,-1,-0.01,-1,-1,-0.01,-1,-1,-0.01,-1,-1,-0.01,-1,-1,-0.01,-1,-1,-0.01,-1,-1
99926009,2026-05-18 14:30:03+05:30,53514.1,0,0.0,0,0.0,0.0,53282.15,53619.2,52783.45,53710.35,0,0.0,0.0,0.0,0.0,-0.01,-1,-1,-0.01,-1,-1,-0.01,-1,-1,-0.01,-1,-1,-0.01,-1,-1,-0.01,-1,-1,-0.01,-1,-1,-0.01,-1,-1,-0.01,-1,-1,-0.01,-1,-1
99926009,2026-05-18 14:30:03+05:30,53512.9,0,0.0,0,0.0,0.0,53282.15,53619.2,52783.45,53710.35,0,0.0,0.0,0.0,0.0,-0.01,-1,-1,-0.01,-1,-1,-0.01,-1,-1,-0.01,-1,-1,-0.01,-1,-1,-0.01,-1,-1,-0.01,-1,-1,-0.01,-1,-1,-0.01,-1,-1,-0.01,-1,-1
99926009,2026-05-18 14:30:04+05:30,53515.5,0,0.0,0,0.0,0.0,53282.15,53619.2,52783.45,53710.35,0,0.0,0.0,0.0,0.0,-0.01,-1,-1,-0.01,-1,-1,-0.01,-1,-1,-0.01,-1,-1,-0.01,-1,-1,-0.01,-1,-1,-0.01,-1,-1,-0.01,-1,-1,-0.01,-1,-1,-0.01,-1,-1
99926009,2026-05-18 14:30:04+05:30,53513.2,0,0.0,0,0.0,0.0,53282.15,53619.2,52783.45,53710.35,0,0.0,0.0,0.0,0.0,-0.01,-1,-1,-0.01,-1,-1,-0.01,-1,-1,-0.01,-1,-1,-0.01,-1,-1,-0.01,-1,-1,-0.01,-1,-1,-0.01,-1,-1,-0.01,-1,-1,-0.01,-1,-1
99926009,2026-05-18 14:30:05+05:30,53513.0,0,0.0,0,0.0,0.0,53282.15,53619.2,52783.45,53710.35,0,0.0,0.0,0.0,0.0,-0.01,-1,-1,-0.01,-1,-1,-0.01,-1,-1,-0.01,-1,-1,-0.01,-1,-1,-0.01,-1,-1,-0.01,-1,-1,-0.01,-1,-1,-0.01,-1,-1,-0.01,-1,-1
99926009,2026-05-18 14:30:05+05:30,53516.2,0,0.0,0,0.0,0.0,53282.15,53619.2,52783.45,53710.35,0,0.0,0.0,0.0,0.0,-0.01,-1,-1,-0.01,-1,-1,-0.01,-1,-1,-0.01,-1,-1,-0.01,-1,-1,-0.01,-1,-1,-0.01,-1,-1,-0.01,-1,-1,-0.01,-1,-1,-0.01,-1,-1
99926009,2026-05-18 14:30:06+05:30,53516.65,0,0.0,0,0.0,0.0,53282.15,53619.2,52783.45,53710.35,0,0.0,0.0,0.0,0.0,-0.01,-1,-1,-0.01,-1,-1,-0.01,-1,-1,-0.01,-1,-1,-0.01,-1,-1,-0.01,-1,-1,-0.01,-1,-1,-0.01,-1,-1,-0.01,-1,-1,-0.01,-1,-1
99926009,2026-05-18 14:30:06+05:30,53513.9,0,0.0,0,0.0,0.0,53282.15,53619.2,52783.45,53710.35,0,0.0,0.0,0.0,0.0,-0.01,-1,-1,-0.01,-1,-1,-0.01,-1,-1,-0.01,-1,-1,-0.01,-1,-1,-0.01,-1,-1,-0.01,-1,-1,-0.01,-1,-1,-0.01,-1,-1,-0.01,-1,-1
99926009,2026-05-18 14:30:07+05:30,53517.05,0,0.0,0,0.0,0.0,53282.15,53619.2,52783.45,53710.35,0,0.0,0.0,0.0,0.0,-0.01,-1,-1,-0.01,-1,-1,-0.01,-1,-1,-0.01,-1,-1,-0.01,-1,-1,-0.01,-1,-1,-0.01,-1,-1,-0.01,-1,-1,-0.01,-1,-1,-0.01,-1,-1
99926009,2026-05-18 14:30:07+05:30,53516.1,0,0.0,0,0.0,0.0,53282.15,53619.2,52783.45,53710.35,0,0.0,0.0,0.0,0.0,-0.01,-1,-1,-0.01,-1,-1,-0.01,-1,-1,-0.01,-1,-1,-0.01,-1,-1,-0.01,-1,-1,-0.01,-1,-1,-0.01,-1,-1,-0.01,-1,-1,-0.01,-1,-1
99926009,2026-05-18 14:30:08+05:30,53514.05,0,0.0,0,0.0,0.0,53282.15,53619.2,52783.45,53710.35,0,0.0,0.0,0.0,0.0,-0.01,-1,-1,-0.01,-1,-1,-0.01,-1,-1,-0.01,-1,-1,-0.01,-1,-1,-0.01,-1,-1,-0.01,-1,-1,-0.01,-1,-1,-0.01,-1,-1,-0.01,-1,-1
99926009,2026-05-18 14:30:08+05:30,53511.95,0,0.0,0,0.0,0.0,53282.15,53619.2,52783.45,53710.35,0,0.0,0.0,0.0,0.0,-0.01,-1,-1,-0.01,-1,-1,-0.01,-1,-1,-0.01,-1,-1,-0.01,-1,-1,-0.01,-1,-1,-0.01,-1,-1,-0.01,-1,-1,-0.01,-1,-1,-0.01,-1,-1
99926009,2026-05-18 14:30:09+05:30,53512.95,0,0.0,0,0.0,0.0,53282.15,53619.2,52783.45,53710.35,0,0.0,0.0,0.0,0.0,-0.01,-1,-1,-0.01,-1,-1,-0.01,-1,-1,-0.01,-1,-1,-0.01,-1,-1,-0.01,-1,-1,-0.01,-1,-1,-0.01,-1,-1,-0.01,-1,-1,-0.01,-1,-1
99926009,2026-05-18 14:30:09+05:30,53515.5,0,0.0,0,0.0,0.0,53282.15,53619.2,52783.45,53710.35,0,0.0,0.0,0.0,0.0,-0.01,-1,-1,-0.01,-1,-1,-0.01,-1,-1,-0.01,-1,-1,-0.01,-1,-1,-0.01,-1,-1,-0.01,-1,-1,-0.01,-1,-1,-0.01,-1,-1,-0.01,-1,-1
99926009,2026-05-18 14:30:10+05:30,53513.95,0,0.0,0,0.0,0.0,53282.15,53619.2,52783.45,53710.35,0,0.0,0.0,0.0,0.0,-0.01,-1,-1,-0.01,-1,-1,-0.01,-1,-1,-0.01,-1,-1,-0.01,-1,-1,-0.01,-1,-1,-0.01,-1,-1,-0.01,-1,-1,-0.01,-1,-1,-0.01,-1,-1
99926009,2026-05-18 14:30:10+05:30,53514.85,0,0.0,0,0.0,0.0,53282.15,53619.2,52783.45,53710.35,0,0.0,0.0,0.0,0.0,-0.01,-1,-1,-0.01,-1,-1,-0.01,-1,-1,-0.01,-1,-1,-0.01,-1,-1,-0.01,-1,-1,-0.01,-1,-1,-0.01,-1,-1,-0.01,-1,-1,-0.01,-1,-1
99926009,2026-05-18 14:30:11+05:30,53514.25,0,0.0,0,0.0,0.0,53282.15,53619.2,52783.45,53710.35,0,0.0,0.0,0.0,0.0,-0.01,-1,-1,-0.01,-1,-1,-0.01,-1,-1,-0.01,-1,-1,-0.01,-1,-1,-0.01,-1,-1,-0.01,-1,-1,-0.01,-1,-1,-0.01,-1,-1,-0.01,-1,-1
99926009,2026-05-18 14:30:11+05:30,53510.7,0,0.0,0,0.0,0.0,53282.15,53619.2,52783.45,53710.35,0,0.0,0.0,0.0,0.0,-0.01,-1,-1,-0.01,-1,-1,-0.01,-1,-1,-0.01,-1,-1,-0.01,-1,-1,-0.01,-1,-1,-0.01,-1,-1,-0.01,-1,-1,-0.01,-1,-1,-0.01,-1,-1
99926009,2026-05-18 14:30:12+05:30,53510.05,0,0.0,0,0.0,0.0,53282.15,53619.2,52783.45,53710.35,0,0.0,0.0,0.0,0.0,-0.01,-1,-1,-0.01,-1,-1,-0.01,-1,-1,-0.01,-1,-1,-0.01,-1,-1,-0.01,-1,-1,-0.01,-1,-1,-0.01,-1,-1,-0.01,-1,-1,-0.01,-1,-1
99926009,2026-05-18 14:30:12+05:30,53511.05,0,0.0,0,0.0,0.0,53282.15,53619.2,52783.45,53710.35,0,0.0,0.0,0.0,0.0,-0.01,-1,-1,-0.01,-1,-1,-0.01,-1,-1,-0.01,-1,-1,-0.01,-1,-1,-0.01,-1,-1,-0.01,-1,-1,-0.01,-1,-1,-0.01,-1,-1,-0.01,-1,-1
99926009,2026-05-18 14:30:13+05:30,53512.2,0,0.0,0,0.0,0.0,53282.15,53619.2,52783.45,53710.35,0,0.0,0.0,0.0,0.0,-0.01,-1,-1,-0.01,-1,-1,-0.01,-1,-1,-0.01,-1,-1,-0.01,-1,-1,-0.01,-1,-1,-0.01,-1,-1,-0.01,-1,-1,-0.01,-1,-1,-0.01,-1,-1
99926009,2026-05-18 14:30:13+05:30,53510.55,0,0.0,0,0.0,0.0,53282.15,53619.2,52783.45,53710.35,0,0.0,0.0,0.0,0.0,-0.01,-1,-1,-0.01,-1,-1,-0.01,-1,-1,-0.01,-1,-1,-0.01,-1,-1,-0.01,-1,-1,-0.01,-1,-1,-0.01,-1,-1,-0.01,-1,-1,-0.01,-1,-1
99926009,2026-05-18 14:30:14+05:30,53513.95,0,0.0,0,0.0,0.0,53282.15,53619.2,52783.45,53710.35,0,0.0,0.0,0.0,0.0,-0.01,-1,-1,-0.01,-1,-1,-0.01,-1,-1,-0.01,-1,-1,-0.01,-1,-1,-0.01,-1,-1,-0.01,-1,-1,-0.01,-1,-1,-0.01,-1,-1,-0.01,-1,-1
99926009,2026-05-18 14:30:14+05:30,53510.35,0,0.0,0,0.0,0.0,53282.15,53619.2,52783.45,53710.35,0,0.0,0.0,0.0,0.0,-0.01,-1,-1,-0.01,-1,-1,-0.01,-1,-1,-0.01,-1,-1,-0.01,-1,-1,-0.01,-1,-1,-0.01,-1,-1,-0.01,-1,-1,-0.01,-1,-1,-0.01,-1,-1
99926009,2026-05-18 14:30:15+05:30,53516.85,0,0.0,0,0.0,0.0,53282.15,53619.2,52783.45,53710.35,0,0.0,0.0,0.0,0.0,-0.01,-1,-1,-0.01,-1,-1,-0.01,-1,-1,-0.01,-1,-1,-0.01,-1,-1,-0.01,-1,-1,-0.01,-1,-1,-0.01,-1,-1,-0.01,-1,-1,-0.01,-1,-1
99926009,2026-05-18 14:30:15+05:30,53514.05,0,0.0,0,0.0,0.0,53282.15,53619.2,52783.45,53710.35,0,0.0,0.0,0.0,0.0,-0.01,-1,-1,-0.01,-1,-1,-0.01,-1,-1,-0.01,-1,-1,-0.01,-1,-1,-0.01,-1,-1,-0.01,-1,-1,-0.01,-1,-1,-0.01,-1,-1,-0.01,-1,-1
99926009,2026-05-18 14:30:16+05:30,53514.9,0,0.0,0,0.0,0.0,53282.15,53619.2,52783.45,53710.35,0,0.0,0.0,0.0,0.0,-0.01,-1,-1,-0.01,-1,-1,-0.01,-1,-1,-0.01,-1,-1,-0.01,-1,-1,-0.01,-1,-1,-0.01,-1,-1,-0.01,-1,-1,-0.01,-1,-1,-0.01,-1,-1
99926009,2026-05-18 14:30:16+05:30,53515.6,0,0.0,0,0.0,0.0,53282.15,53619.2,52783.45,53710.35,0,0.0,0.0,0.0,0.0,-0.01,-1,-1,-0.01,-1,-1,-0.01,-1,-1,-0.01,-1,-1,-0.01,-1,-1,-0.01,-1,-1,-0.01,-1,-1,-0.01,-1,-1,-0.01,-1,-1,-0.01,-1,-1
99926009,2026-05-18 14:30:17+05:30,53512.7,0,0.0,0,0.0,0.0,53282.15,53619.2,52783.45,53710.35,0,0.0,0.0,0.0,0.0,-0.01,-1,-1,-0.01,-1,-1,-0.01,-1,-1,-0.01,-1,-1,-0.01,-1,-1,-0.01,-1,-1,-0.01,-1,-1,-0.01,-1,-1,-0.01,-1,-1,-0.01,-1,-1
99926009,2026-05-18 14:30:17+05:30,53514.0,0,0.0,0,0.0,0.0,53282.15,53619.2,52783.45,53710.35,0,0.0,0.0,0.0,0.0,-0.01,-1,-1,-0.01,-1,-1,-0.01,-1,-1,-0.01,-1,-1,-0.01,-1,-1,-0.01,-1,-1,-0.01,-1,-1,-0.01,-1,-1,-0.01,-1,-1,-0.01,-1,-1
99926009,2026-05-18 14:30:18+05:30,53512.15,0,0.0,0,0.0,0.0,53282.15,53619.2,52783.45,53710.35,0,0.0,0.0,0.0,0.0,-0.01,-1,-1,-0.01,-1,-1,-0.01,-1,-1,-0.01,-1,-1,-0.01,-1,-1,-0.01,-1,-1,-0.01,-1,-1,-0.01,-1,-1,-0.01,-1,-1,-0.01,-1,-1
99926009,2026-05-18 14:30:18+05:30,53514.55,0,0.0,0,0.0,0.0,53282.15,53619.2,52783.45,53710.35,0,0.0,0.0,0.0,0.0,-0.01,-1,-1,-0.01,-1,-1,-0.01,-1,-1,-0.01,-1,-1,-0.01,-1,-1,-0.01,-1,-1,-0.01,-1,-1,-0.01,-1,-1,-0.01,-1,-1,-0.01,-1,-1
99926009,2026-05-18 14:30:19+05:30,53511.45,0,0.0,0,0.0,0.0,53282.15,53619.2,52783.45,53710.35,0,0.0,0.0,0.0,0.0,-0.01,-1,-1,-0.01,-1,-1,-0.01,-1,-1,-0.01,-1,-1,-0.01,-1,-1,-0.01,-1,-1,-0.01,-1,-1,-0.01,-1,-1,-0.01,-1,-1,-0.01,-1,-1
99926009,2026-05-18 14:30:19+05:30,53511.95,0,0.0,0,0.0,0.0,53282.15,53619.2,52783.45,53710.35,0,0.0,0.0,0.0,0.0,-0.01,-1,-1,-0.01,-1,-1,-0.01,-1,-1,-0.01,-1,-1,-0.01,-1,-1,-0.01,-1,-1,-0.01,-1,-1,-0.01,-1,-1,-0.01,-1,-1,-0.01,-1,-1
99926009,2026-05-18 14:30:20+05:30,53517.0,0,0.0,0,0.0,0.0,53282.15,53619.2,52783.45,53710.35,0,0.0,0.0,0.0,0.0,-0.01,-1,-1,-0.01,-1,-1,-0.01,-1,-1,-0.01,-1,-1,-0.01,-1,-1,-0.01,-1,-1,-0.01,-1,-1,-0.01,-1,-1,-0.01,-1,-1,-0.01,-1,-1
99926009,2026-05-18 14:30:20+05:30,53513.25,0,0.0,0,0.0,0.0,53282.15,53619.2,52783.45,53710.35,0,0.0,0.0,0.0,0.0,-0.01,-1,-1,-0.01,-1,-1,-0.01,-1,-1,-0.01,-1,-1,-0.01,-1,-1,-0.01,-1,-1,-0.01,-1,-1,-0.01,-1,-1,-0.01,-1,-1,-0.01,-1,-1
99926009,2026-05-18 14:30:21+05:30,53515.35,0,0.0,0,0.0,0.0,53282.15,53619.2,52783.45,53710.35,0,0.0,0.0,0.0,0.0,-0.01,-1,-1,-0.01,-1,-1,-0.01,-1,-1,-0.01,-1,-1,-0.01,-1,-1,-0.01,-1,-1,-0.01,-1,-1,-0.01,-1,-1,-0.01,-1,-1,-0.01,-1,-1
99926009,2026-05-18 14:30:21+05:30,53517.2,0,0.0,0,0.0,0.0,53282.15,53619.2,52783.45,53710.35,0,0.0,0.0,0.0,0.0,-0.01,-1,-1,-0.01,-1,-1,-0.01,-1,-1,-0.01,-1,-1,-0.01,-1,-1,-0.01,-1,-1,-0.01,-1,-1,-0.01,-1,-1,-0.01,-1,-1,-0.01,-1,-1
99926009,2026-05-18 14:30:22+05:30,53519.25,0,0.0,0,0.0,0.0,53282.15,53619.2,52783.45,53710.35,0,0.0,0.0,0.0,0.0,-0.01,-1,-1,-0.01,-1,-1,-0.01,-1,-1,-0.01,-1,-1,-0.01,-1,-1,-0.01,-1,-1,-0.01,-1,-1,-0.01,-1,-1,-0.01,-1,-1,-0.01,-1,-1
99926009,2026-05-18 14:30:22+05:30,53513.95,0,0.0,0,0.0,0.0,53282.15,53619.2,52783.45,53710.35,0,0.0,0.0,0.0,0.0,-0.01,-1,-1,-0.01,-1,-1,-0.01,-1,-1,-0.01,-1,-1,-0.01,-1,-1,-0.01,-1,-1,-0.01,-1,-1,-0.01,-1,-1,-0.01,-1,-1,-0.01,-1,-1
99926009,2026-05-18 14:30:23+05:30,53514.55,0,0.0,0,0.0,0.0,53282.15,53619.2,52783.45,53710.35,0,0.0,0.0,0.0,0.0,-0.01,-1,-1,-0.01,-1,-1,-0.01,-1,-1,-0.01,-1,-1,-0.01,-1,-1,-0.01,-1,-1,-0.01,-1,-1,-0.01,-1,-1,-0.01,-1,-1,-0.01,-1,-1
99926009,2026-05-18 14:30:23+05:30,53512.9,0,0.0,0,0.0,0.0,53282.15,53619.2,52783.45,53710.35,0,0.0,0.0,0.0,0.0,-0.01,-1,-1,-0.01,-1,-1,-0.01,-1,-1,-0.01,-1,-1,-0.01,-1,-1,-0.01,-1,-1,-0.01,-1,-1,-0.01,-1,-1,-0.01,-1,-1,-0.01,-1,-1
99926009,2026-05-18 14:30:24+05:30,53512.4,0,0.0,0,0.0,0.0,53282.15,53619.2,52783.45,53710.35,0,0.0,0.0,0.0,0.0,-0.01,-1,-1,-0.01,-1,-1,-0.01,-1,-1,-0.01,-1,-1,-0.01,-1,-1,-0.01,-1,-1,-0.01,-1,-1,-0.01,-1,-1,-0.01,-1,-1,-0.01,-1,-1
99926009,2026-05-18 14:30:24+05:30,53510.3,0,0.0,0,0.0,0.0,53282.15,53619.2,52783.45,53710.35,0,0.0,0.0,0.0,0.0,-0.01,-1,-1,-0.01,-1,-1,-0.01,-1,-1,-0.01,-1,-1,-0.01,-1,-1,-0.01,-1,-1,-0.01,-1,-1,-0.01,-1,-1,-0.01,-1,-1,-0.01,-1,-1
99926009,2026-05-18 14:30:25+05:30,53511.15,0,0.0,0,0.0,0.0,53282.15,53619.2,52783.45,53710.35,0,0.0,0.0,0.0,0.0,-0.01,-1,-1,-0.01,-1,-1,-0.01,-1,-1,-0.01,-1,-1,-0.01,-1,-1,-0.01,-1,-1,-0.01,-1,-1,-0.01,-1,-1,-0.01,-1,-1,-0.01,-1,-1
99926009,2026-05-18 14:30:25+05:30,53512.55,0,0.0,0,0.0,0.0,53282.15,53619.2,52783.45,53710.35,0,0.0,0.0,0.0,0.0,-0.01,-1,-1,-0.01,-1,-1,-0.01,-1,-1,-0.01,-1,-1,-0.01,-1,-1,-0.01,-1,-1,-0.01,-1,-1,-0.01,-1,-1,-0.01,-1,-1,-0.01,-1,-1
99926009,2026-05-18 14:30:26+05:30,53512.9,0,0.0,0,0.0,0.0,53282.15,53619.2,52783.45,53710.35,0,0.0,0.0,0.0,0.0,-0.01,-1,-1,-0.01,-1,-1,-0.01,-1,-1,-0.01,-1,-1,-0.01,-1,-1,-0.01,-1,-1,-0.01,-1,-1,-0.01,-1,-1,-0.01,-1,-1,-0.01,-1,-1
99926009,2026-05-18 14:30:26+05:30,53512.05,0,0.0,0,0.0,0.0,53282.15,53619.2,52783.45,53710.35,0,0.0,0.0,0.0,0.0,-0.01,-1,-1,-0.01,-1,-1,-0.01,-1,-1,-0.01,-1,-1,-0.01,-1,-1,-0.01,-1,-1,-0.01,-1,-1,-0.01,-1,-1,-0.01,-1,-1,-0.01,-1,-1
99926009,2026-05-18 14:30:27+05:30,53513.2,0,0.0,0,0.0,0.0,53282.15,53619.2,52783.45,53710.35,0,0.0,0.0,0.0,0.0,-0.01,-1,-1,-0.01,-1,-1,-0.01,-1,-1,-0.01,-1,-1,-0.01,-1,-1,-0.01,-1,-1,-0.01,-1,-1,-0.01,-1,-1,-0.01,-1,-1,-0.01,-1,-1
99926009,2026-05-18 14:30:27+05:30,53515.45,0,0.0,0,0.0,0.0,53282.15,53619.2,52783.45,53710.35,0,0.0,0.0,0.0,0.0,-0.01,-1,-1,-0.01,-1,-1,-0.01,-1,-1,-0.01,-1,-1,-0.01,-1,-1,-0.01,-1,-1,-0.01,-1,-1,-0.01,-1,-1,-0.01,-1,-1,-0.01,-1,-1
99926009,2026-05-18 14:30:28+05:30,53514.7,0,0.0,0,0.0,0.0,53282.15,53619.2,52783.45,53710.35,0,0.0,0.0,0.0,0.0,-0.01,-1,-1,-0.01,-1,-1,-0.01,-1,-1,-0.01,-1,-1,-0.01,-1,-1,-0.01,-1,-1,-0.01,-1,-1,-0.01,-1,-1,-0.01,-1,-1,-0.01,-1,-1
99926009,2026-05-18 14:30:28+05:30,53513.1,0,0.0,0,0.0,0.0,53282.15,53619.2,52783.45,53710.35,0,0.0,0.0,0.0,0.0,-0.01,-1,-1,-0.01,-1,-1,-0.01,-1,-1,-0.01,-1,-1,-0.01,-1,-1,-0.01,-1,-1,-0.01,-1,-1,-0.01,-1,-1,-0.01,-1,-1,-0.01,-1,-1
99926009,2026-05-18 14:30:29+05:30,53513.9,0,0.0,0,0.0,0.0,53282.15,53619.2,52783.45,53710.35,0,0.0,0.0,0.0,0.0,-0.01,-1,-1,-0.01,-1,-1,-0.01,-1,-1,-0.01,-1,-1,-0.01,-1,-1,-0.01,-1,-1,-0.01,-1,-1,-0.01,-1,-1,-0.01,-1,-1,-0.01,-1,-1
99926009,2026-05-18 14:30:29+05:30,53507.5,0,0.0,0,0.0,0.0,53282.15,53619.2,52783.45,53710.35,0,0.0,0.0,0.0,0.0,-0.01,-1,-1,-0.01,-1,-1,-0.01,-1,-1,-0.01,-1,-1,-0.01,-1,-1,-0.01,-1,-1,-0.01,-1,-1,-0.01,-1,-1,-0.01,-1,-1,-0.01,-1,-1
99926009,2026-05-18 14:30:30+05:30,53509.3,0,0.0,0,0.0,0.0,53282.15,53619.2,52783.45,53710.35,0,0.0,0.0,0.0,0.0,-0.01,-1,-1,-0.01,-1,-1,-0.01,-1,-1,-0.01,-1,-1,-0.01,-1,-1,-0.01,-1,-1,-0.01,-1,-1,-0.01,-1,-1,-0.01,-1,-1,-0.01,-1,-1
99926009,2026-05-18 14:30:30+05:30,53510.8,0,0.0,0,0.0,0.0,53282.15,53619.2,52783.45,53710.35,0,0.0,0.0,0.0,0.0,-0.01,-1,-1,-0.01,-1,-1,-0.01,-1,-1,-0.01,-1,-1,-0.01,-1,-1,-0.01,-1,-1,-0.01,-1,-1,-0.01,-1,-1,-0.01,-1,-1,-0.01,-1,-1
99926009,2026-05-18 14:30:31+05:30,53508.1,0,0.0,0,0.0,0.0,53282.15,53619.2,52783.45,53710.35,0,0.0,0.0,0.0,0.0,-0.01,-1,-1,-0.01,-1,-1,-0.01,-1,-1,-0.01,-1,-1,-0.01,-1,-1,-0.01,-1,-1,-0.01,-1,-1,-0.01,-1,-1,-0.01,-1,-1,-0.01,-1,-1
99926009,2026-05-18 14:30:31+05:30,53508.7,0,0.0,0,0.0,0.0,53282.15,53619.2,52783.45,53710.35,0,0.0,0.0,0.0,0.0,-0.01,-1,-1,-0.01,-1,-1,-0.01,-1,-1,-0.01,-1,-1,-0.01,-1,-1,-0.01,-1,-1,-0.01,-1,-1,-0.01,-1,-1,-0.01,-1,-1,-0.01,-1,-1
99926009,2026-05-18 14:30:32+05:30,53509.55,0,0.0,0,0.0,0.0,53282.15,53619.2,52783.45,53710.35,0,0.0,0.0,0.0,0.0,-0.01,-1,-1,-0.01,-1,-1,-0.01,-1,-1,-0.01,-1,-1,-0.01,-1,-1,-0.01,-1,-1,-0.01,-1,-1,-0.01,-1,-1,-0.01,-1,-1,-0.01,-1,-1
99926009,2026-05-18 14:30:32+05:30,53506.35,0,0.0,0,0.0,0.0,53282.15,53619.2,52783.45,53710.35,0,0.0,0.0,0.0,0.0,-0.01,-1,-1,-0.01,-1,-1,-0.01,-1,-1,-0.01,-1,-1,-0.01,-1,-1,-0.01,-1,-1,-0.01,-1,-1,-0.01,-1,-1,-0.01,-1,-1,-0.01,-1,-1
99926009,2026-05-18 14:30:33+05:30,53504.8,0,0.0,0,0.0,0.0,53282.15,53619.2,52783.45,53710.35,0,0.0,0.0,0.0,0.0,-0.01,-1,-1,-0.01,-1,-1,-0.01,-1,-1,-0.01,-1,-1,-0.01,-1,-1,-0.01,-1,-1,-0.01,-1,-1,-0.01,-1,-1,-0.01,-1,-1,-0.01,-1,-1
99926009,2026-05-18 14:30:33+05:30,53501.0,0,0.0,0,0.0,0.0,53282.15,53619.2,52783.45,53710.35,0,0.0,0.0,0.0,0.0,-0.01,-1,-1,-0.01,-1,-1,-0.01,-1,-1,-0.01,-1,-1,-0.01,-1,-1,-0.01,-1,-1,-0.01,-1,-1,-0.01,-1,-1,-0.01,-1,-1,-0.01,-1,-1
99926009,2026-05-18 14:30:34+05:30,53498.0,0,0.0,0,0.0,0.0,53282.15,53619.2,52783.45,53710.35,0,0.0,0.0,0.0,0.0,-0.01,-1,-1,-0.01,-1,-1,-0.01,-1,-1,-0.01,-1,-1,-0.01,-1,-1,-0.01,-1,-1,-0.01,-1,-1,-0.01,-1,-1,-0.01,-1,-1,-0.01,-1,-1
99926009,2026-05-18 14:30:34+05:30,53492.35,0,0.0,0,0.0,0.0,53282.15,53619.2,52783.45,53710.35,0,0.0,0.0,0.0,0.0,-0.01,-1,-1,-0.01,-1,-1,-0.01,-1,-1,-0.01,-1,-1,-0.01,-1,-1,-0.01,-1,-1,-0.01,-1,-1,-0.01,-1,-1,-0.01,-1,-1,-0.01,-1,-1
99926009,2026-05-18 14:30:35+05:30,53494.7,0,0.0,0,0.0,0.0,53282.15,53619.2,52783.45,53710.35,0,0.0,0.0,0.0,0.0,-0.01,-1,-1,-0.01,-1,-1,-0.01,-1,-1,-0.01,-1,-1,-0.01,-1,-1,-0.01,-1,-1,-0.01,-1,-1,-0.01,-1,-1,-0.01,-1,-1,-0.01,-1,-1
99926009,2026-05-18 14:30:35+05:30,53494.65,0,0.0,0,0.0,0.0,53282.15,53619.2,52783.45,53710.35,0,0.0,0.0,0.0,0.0,-0.01,-1,-1,-0.01,-1,-1,-0.01,-1,-1,-0.01,-1,-1,-0.01,-1,-1,-0.01,-1,-1,-0.01,-1,-1,-0.01,-1,-1,-0.01,-1,-1,-0.01,-1,-1
99926009,2026-05-18 14:30:36+05:30,53489.35,0,0.0,0,0.0,0.0,53282.15,53619.2,52783.45,53710.35,0,0.0,0.0,0.0,0.0,-0.01,-1,-1,-0.01,-1,-1,-0.01,-1,-1,-0.01,-1,-1,-0.01,-1,-1,-0.01,-1,-1,-0.01,-1,-1,-0.01,-1,-1,-0.01,-1,-1,-0.01,-1,-1
99926009,2026-05-18 14:30:36+05:30,53491.4,0,0.0,0,0.0,0.0,53282.15,53619.2,52783.45,53710.35,0,0.0,0.0,0.0,0.0,-0.01,-1,-1,-0.01,-1,-1,-0.01,-1,-1,-0.01,-1,-1,-0.01,-1,-1,-0.01,-1,-1,-0.01,-1,-1,-0.01,-1,-1,-0.01,-1,-1,-0.01,-1,-1
99926009,2026-05-18 14:30:37+05:30,53493.05,0,0.0,0,0.0,0.0,53282.15,53619.2,52783.45,53710.35,0,0.0,0.0,0.0,0.0,-0.01,-1,-1,-0.01,-1,-1,-0.01,-1,-1,-0.01,-1,-1,-0.01,-1,-1,-0.01,-1,-1,-0.01,-1,-1,-0.01,-1,-1,-0.01,-1,-1,-0.01,-1,-1
99926009,2026-05-18 14:30:37+05:30,53492.95,0,0.0,0,0.0,0.0,53282.15,53619.2,52783.45,53710.35,0,0.0,0.0,0.0,0.0,-0.01,-1,-1,-0.01,-1,-1,-0.01,-1,-1,-0.01,-1,-1,-0.01,-1,-1,-0.01,-1,-1,-0.01,-1,-1,-0.01,-1,-1,-0.01,-1,-1,-0.01,-1,-1
99926009,2026-05-18 14:30:38+05:30,53491.4,0,0.0,0,0.0,0.0,53282.15,53619.2,52783.45,53710.35,0,0.0,0.0,0.0,0.0,-0.01,-1,-1,-0.01,-1,-1,-0.01,-1,-1,-0.01,-1,-1,-0.01,-1,-1,-0.01,-1,-1,-0.01,-1,-1,-0.01,-1,-1,-0.01,-1,-1,-0.01,-1,-1
99926009,2026-05-18 14:30:38+05:30,53489.55,0,0.0,0,0.0,0.0,53282.15,53619.2,52783.45,53710.35,0,0.0,0.0,0.0,0.0,-0.01,-1,-1,-0.01,-1,-1,-0.01,-1,-1,-0.01,-1,-1,-0.01,-1,-1,-0.01,-1,-1,-0.01,-1,-1,-0.01,-1,-1,-0.01,-1,-1,-0.01,-1,-1
99926009,2026-05-18 14:30:39+05:30,53491.25,0,0.0,0,0.0,0.0,53282.15,53619.2,52783.45,53710.35,0,0.0,0.0,0.0,0.0,-0.01,-1,-1,-0.01,-1,-1,-0.01,-1,-1,-0.01,-1,-1,-0.01,-1,-1,-0.01,-1,-1,-0.01,-1,-1,-0.01,-1,-1,-0.01,-1,-1,-0.01,-1,-1
99926009,2026-05-18 14:30:39+05:30,53493.15,0,0.0,0,0.0,0.0,53282.15,53619.2,52783.45,53710.35,0,0.0,0.0,0.0,0.0,-0.01,-1,-1,-0.01,-1,-1,-0.01,-1,-1,-0.01,-1,-1,-0.01,-1,-1,-0.01,-1,-1,-0.01,-1,-1,-0.01,-1,-1,-0.01,-1,-1,-0.01,-1,-1
99926009,2026-05-18 14:30:40+05:30,53493.55,0,0.0,0,0.0,0.0,53282.15,53619.2,52783.45,53710.35,0,0.0,0.0,0.0,0.0,-0.01,-1,-1,-0.01,-1,-1,-0.01,-1,-1,-0.01,-1,-1,-0.01,-1,-1,-0.01,-1,-1,-0.01,-1,-1,-0.01,-1,-1,-0.01,-1,-1,-0.01,-1,-1
99926009,2026-05-18 14:30:40+05:30,53489.45,0,0.0,0,0.0,0.0,53282.15,53619.2,52783.45,53710.35,0,0.0,0.0,0.0,0.0,-0.01,-1,-1,-0.01,-1,-1,-0.01,-1,-1,-0.01,-1,-1,-0.01,-1,-1,-0.01,-1,-1,-0.01,-1,-1,-0.01,-1,-1,-0.01,-1,-1,-0.01,-1,-1
99926009,2026-05-18 14:30:41+05:30,53492.45,0,0.0,0,0.0,0.0,53282.15,53619.2,52783.45,53710.35,0,0.0,0.0,0.0,0.0,-0.01,-1,-1,-0.01,-1,-1,-0.01,-1,-1,-0.01,-1,-1,-0.01,-1,-1,-0.01,-1,-1,-0.01,-1,-1,-0.01,-1,-1,-0.01,-1,-1,-0.01,-1,-1
99926009,2026-05-18 14:30:41+05:30,53491.45,0,0.0,0,0.0,0.0,53282.15,53619.2,52783.45,53710.35,0,0.0,0.0,0.0,0.0,-0.01,-1,-1,-0.01,-1,-1,-0.01,-1,-1,-0.01,-1,-1,-0.01,-1,-1,-0.01,-1,-1,-0.01,-1,-1,-0.01,-1,-1,-0.01,-1,-1,-0.01,-1,-1
99926009,2026-05-18 14:30:42+05:30,53492.2,0,0.0,0,0.0,0.0,53282.15,53619.2,52783.45,53710.35,0,0.0,0.0,0.0,0.0,-0.01,-1,-1,-0.01,-1,-1,-0.01,-1,-1,-0.01,-1,-1,-0.01,-1,-1,-0.01,-1,-1,-0.01,-1,-1,-0.01,-1,-1,-0.01,-1,-1,-0.01,-1,-1
99926009,2026-05-18 14:30:42+05:30,53491.6,0,0.0,0,0.0,0.0,53282.15,53619.2,52783.45,53710.35,0,0.0,0.0,0.0,0.0,-0.01,-1,-1,-0.01,-1,-1,-0.01,-1,-1,-0.01,-1,-1,-0.01,-1,-1,-0.01,-1,-1,-0.01,-1,-1,-0.01,-1,-1,-0.01,-1,-1,-0.01,-1,-1
99926009,2026-05-18 14:30:43+05:30,53494.85,0,0.0,0,0.0,0.0,53282.15,53619.2,52783.45,53710.35,0,0.0,0.0,0.0,0.0,-0.01,-1,-1,-0.01,-1,-1,-0.01,-1,-1,-0.01,-1,-1,-0.01,-1,-1,-0.01,-1,-1,-0.01,-1,-1,-0.01,-1,-1,-0.01,-1,-1,-0.01,-1,-1
99926009,2026-05-18 14:30:43+05:30,53491.25,0,0.0,0,0.0,0.0,53282.15,53619.2,52783.45,53710.35,0,0.0,0.0,0.0,0.0,-0.01,-1,-1,-0.01,-1,-1,-0.01,-1,-1,-0.01,-1,-1,-0.01,-1,-1,-0.01,-1,-1,-0.01,-1,-1,-0.01,-1,-1,-0.01,-1,-1,-0.01,-1,-1
99926009,2026-05-18 14:30:44+05:30,53493.35,0,0.0,0,0.0,0.0,53282.15,53619.2,52783.45,53710.35,0,0.0,0.0,0.0,0.0,-0.01,-1,-1,-0.01,-1,-1,-0.01,-1,-1,-0.01,-1,-1,-0.01,-1,-1,-0.01,-1,-1,-0.01,-1,-1,-0.01,-1,-1,-0.01,-1,-1,-0.01,-1,-1
99926009,2026-05-18 14:30:44+05:30,53490.2,0,0.0,0,0.0,0.0,53282.15,53619.2,52783.45,53710.35,0,0.0,0.0,0.0,0.0,-0.01,-1,-1,-0.01,-1,-1,-0.01,-1,-1,-0.01,-1,-1,-0.01,-1,-1,-0.01,-1,-1,-0.01,-1,-1,-0.01,-1,-1,-0.01,-1,-1,-0.01,-1,-1
99926009,2026-05-18 14:30:45+05:30,53489.3,0,0.0,0,0.0,0.0,53282.15,53619.2,52783.45,53710.35,0,0.0,0.0,0.0,0.0,-0.01,-1,-1,-0.01,-1,-1,-0.01,-1,-1,-0.01,-1,-1,-0.01,-1,-1,-0.01,-1,-1,-0.01,-1,-1,-0.01,-1,-1,-0.01,-1,-1,-0.01,-1,-1
99926009,2026-05-18 14:30:45+05:30,53492.35,0,0.0,0,0.0,0.0,53282.15,53619.2,52783.45,53710.35,0,0.0,0.0,0.0,0.0,-0.01,-1,-1,-0.01,-1,-1,-0.01,-1,-1,-0.01,-1,-1,-0.01,-1,-1,-0.01,-1,-1,-0.01,-1,-1,-0.01,-1,-1,-0.01,-1,-1,-0.01,-1,-1
99926009,2026-05-18 14:30:46+05:30,53491.75,0,0.0,0,0.0,0.0,53282.15,53619.2,52783.45,53710.35,0,0.0,0.0,0.0,0.0,-0.01,-1,-1,-0.01,-1,-1,-0.01,-1,-1,-0.01,-1,-1,-0.01,-1,-1,-0.01,-1,-1,-0.01,-1,-1,-0.01,-1,-1,-0.01,-1,-1,-0.01,-1,-1
99926009,2026-05-18 14:30:46+05:30,53490.8,0,0.0,0,0.0,0.0,53282.15,53619.2,52783.45,53710.35,0,0.0,0.0,0.0,0.0,-0.01,-1,-1,-0.01,-1,-1,-0.01,-1,-1,-0.01,-1,-1,-0.01,-1,-1,-0.01,-1,-1,-0.01,-1,-1,-0.01,-1,-1,-0.01,-1,-1,-0.01,-1,-1
99926009,2026-05-18 14:30:47+05:30,53490.55,0,0.0,0,0.0,0.0,53282.15,53619.2,52783.45,53710.35,0,0.0,0.0,0.0,0.0,-0.01,-1,-1,-0.01,-1,-1,-0.01,-1,-1,-0.01,-1,-1,-0.01,-1,-1,-0.01,-1,-1,-0.01,-1,-1,-0.01,-1,-1,-0.01,-1,-1,-0.01,-1,-1
99926009,2026-05-18 14:30:47+05:30,53490.1,0,0.0,0,0.0,0.0,53282.15,53619.2,52783.45,53710.35,0,0.0,0.0,0.0,0.0,-0.01,-1,-1,-0.01,-1,-1,-0.01,-1,-1,-0.01,-1,-1,-0.01,-1,-1,-0.01,-1,-1,-0.01,-1,-1,-0.01,-1,-1,-0.01,-1,-1,-0.01,-1,-1
99926009,2026-05-18 14:30:48+05:30,53490.6,0,0.0,0,0.0,0.0,53282.15,53619.2,52783.45,53710.35,0,0.0,0.0,0.0,0.0,-0.01,-1,-1,-0.01,-1,-1,-0.01,-1,-1,-0.01,-1,-1,-0.01,-1,-1,-0.01,-1,-1,-0.01,-1,-1,-0.01,-1,-1,-0.01,-1,-1,-0.01,-1,-1
99926009,2026-05-18 14:30:48+05:30,53493.35,0,0.0,0,0.0,0.0,53282.15,53619.2,52783.45,53710.35,0,0.0,0.0,0.0,0.0,-0.01,-1,-1,-0.01,-1,-1,-0.01,-1,-1,-0.01,-1,-1,-0.01,-1,-1,-0.01,-1,-1,-0.01,-1,-1,-0.01,-1,-1,-0.01,-1,-1,-0.01,-1,-1
99926009,2026-05-18 14:30:49+05:30,53489.4,0,0.0,0,0.0,0.0,53282.15,53619.2,52783.45,53710.35,0,0.0,0.0,0.0,0.0,-0.01,-1,-1,-0.01,-1,-1,-0.01,-1,-1,-0.01,-1,-1,-0.01,-1,-1,-0.01,-1,-1,-0.01,-1,-1,-0.01,-1,-1,-0.01,-1,-1,-0.01,-1,-1
99926009,2026-05-18 14:30:49+05:30,53488.45,0,0.0,0,0.0,0.0,53282.15,53619.2,52783.45,53710.35,0,0.0,0.0,0.0,0.0,-0.01,-1,-1,-0.01,-1,-1,-0.01,-1,-1,-0.01,-1,-1,-0.01,-1,-1,-0.01,-1,-1,-0.01,-1,-1,-0.01,-1,-1,-0.01,-1,-1,-0.01,-1,-1
99926009,2026-05-18 14:30:50+05:30,53488.45,0,0.0,0,0.0,0.0,53282.15,53619.2,52783.45,53710.35,0,0.0,0.0,0.0,0.0,-0.01,-1,-1,-0.01,-1,-1,-0.01,-1,-1,-0.01,-1,-1,-0.01,-1,-1,-0.01,-1,-1,-0.01,-1,-1,-0.01,-1,-1,-0.01,-1,-1,-0.01,-1,-1
99926009,2026-05-18 14:30:50+05:30,53490.6,0,0.0,0,0.0,0.0,53282.15,53619.2,52783.45,53710.35,0,0.0,0.0,0.0,0.0,-0.01,-1,-1,-0.01,-1,-1,-0.01,-1,-1,-0.01,-1,-1,-0.01,-1,-1,-0.01,-1,-1,-0.01,-1,-1,-0.01,-1,-1,-0.01,-1,-1,-0.01,-1,-1
99926009,2026-05-18 14:30:51+05:30,53490.2,0,0.0,0,0.0,0.0,53282.15,53619.2,52783.45,53710.35,0,0.0,0.0,0.0,0.0,-0.01,-1,-1,-0.01,-1,-1,-0.01,-1,-1,-0.01,-1,-1,-0.01,-1,-1,-0.01,-1,-1,-0.01,-1,-1,-0.01,-1,-1,-0.01,-1,-1,-0.01,-1,-1
99926009,2026-05-18 14:30:51+05:30,53489.6,0,0.0,0,0.0,0.0,53282.15,53619.2,52783.45,53710.35,0,0.0,0.0,0.0,0.0,-0.01,-1,-1,-0.01,-1,-1,-0.01,-1,-1,-0.01,-1,-1,-0.01,-1,-1,-0.01,-1,-1,-0.01,-1,-1,-0.01,-1,-1,-0.01,-1,-1,-0.01,-1,-1
99926009,2026-05-18 14:30:52+05:30,53488.65,0,0.0,0,0.0,0.0,53282.15,53619.2,52783.45,53710.35,0,0.0,0.0,0.0,0.0,-0.01,-1,-1,-0.01,-1,-1,-0.01,-1,-1,-0.01,-1,-1,-0.01,-1,-1,-0.01,-1,-1,-0.01,-1,-1,-0.01,-1,-1,-0.01,-1,-1,-0.01,-1,-1
99926009,2026-05-18 14:30:52+05:30,53486.75,0,0.0,0,0.0,0.0,53282.15,53619.2,52783.45,53710.35,0,0.0,0.0,0.0,0.0,-0.01,-1,-1,-0.01,-1,-1,-0.01,-1,-1,-0.01,-1,-1,-0.01,-1,-1,-0.01,-1,-1,-0.01,-1,-1,-0.01,-1,-1,-0.01,-1,-1,-0.01,-1,-1
99926009,2026-05-18 14:30:53+05:30,53486.75,0,0.0,0,0.0,0.0,53282.15,53619.2,52783.45,53710.35,0,0.0,0.0,0.0,0.0,-0.01,-1,-1,-0.01,-1,-1,-0.01,-1,-1,-0.01,-1,-1,-0.01,-1,-1,-0.01,-1,-1,-0.01,-1,-1,-0.01,-1,-1,-0.01,-1,-1,-0.01,-1,-1
99926009,2026-05-18 14:30:53+05:30,53484.2,0,0.0,0,0.0,0.0,53282.15,53619.2,52783.45,53710.35,0,0.0,0.0,0.0,0.0,-0.01,-1,-1,-0.01,-1,-1,-0.01,-1,-1,-0.01,-1,-1,-0.01,-1,-1,-0.01,-1,-1,-0.01,-1,-1,-0.01,-1,-1,-0.01,-1,-1,-0.01,-1,-1
99926009,2026-05-18 14:30:54+05:30,53484.95,0,0.0,0,0.0,0.0,53282.15,53619.2,52783.45,53710.35,0,0.0,0.0,0.0,0.0,-0.01,-1,-1,-0.01,-1,-1,-0.01,-1,-1,-0.01,-1,-1,-0.01,-1,-1,-0.01,-1,-1,-0.01,-1,-1,-0.01,-1,-1,-0.01,-1,-1,-0.01,-1,-1
99926009,2026-05-18 14:30:54+05:30,53487.15,0,0.0,0,0.0,0.0,53282.15,53619.2,52783.45,53710.35,0,0.0,0.0,0.0,0.0,-0.01,-1,-1,-0.01,-1,-1,-0.01,-1,-1,-0.01,-1,-1,-0.01,-1,-1,-0.01,-1,-1,-0.01,-1,-1,-0.01,-1,-1,-0.01,-1,-1,-0.01,-1,-1
99926009,2026-05-18 14:30:55+05:30,53486.65,0,0.0,0,0.0,0.0,53282.15,53619.2,52783.45,53710.35,0,0.0,0.0,0.0,0.0,-0.01,-1,-1,-0.01,-1,-1,-0.01,-1,-1,-0.01,-1,-1,-0.01,-1,-1,-0.01,-1,-1,-0.01,-1,-1,-0.01,-1,-1,-0.01,-1,-1,-0.01,-1,-1
99926009,2026-05-18 14:30:55+05:30,53487.4,0,0.0,0,0.0,0.0,53282.15,53619.2,52783.45,53710.35,0,0.0,0.0,0.0,0.0,-0.01,-1,-1,-0.01,-1,-1,-0.01,-1,-1,-0.01,-1,-1,-0.01,-1,-1,-0.01,-1,-1,-0.01,-1,-1,-0.01,-1,-1,-0.01,-1,-1,-0.01,-1,-1
99926009,2026-05-18 14:30:56+05:30,53487.15,0,0.0,0,0.0,0.0,53282.15,53619.2,52783.45,53710.35,0,0.0,0.0,0.0,0.0,-0.01,-1,-1,-0.01,-1,-1,-0.01,-1,-1,-0.01,-1,-1,-0.01,-1,-1,-0.01,-1,-1,-0.01,-1,-1,-0.01,-1,-1,-0.01,-1,-1,-0.01,-1,-1
99926009,2026-05-18 14:30:56+05:30,53485.45,0,0.0,0,0.0,0.0,53282.15,53619.2,52783.45,53710.35,0,0.0,0.0,0.0,0.0,-0.01,-1,-1,-0.01,-1,-1,-0.01,-1,-1,-0.01,-1,-1,-0.01,-1,-1,-0.01,-1,-1,-0.01,-1,-1,-0.01,-1,-1,-0.01,-1,-1,-0.01,-1,-1
99926009,2026-05-18 14:30:57+05:30,53482.75,0,0.0,0,0.0,0.0,53282.15,53619.2,52783.45,53710.35,0,0.0,0.0,0.0,0.0,-0.01,-1,-1,-0.01,-1,-1,-0.01,-1,-1,-0.01,-1,-1,-0.01,-1,-1,-0.01,-1,-1,-0.01,-1,-1,-0.01,-1,-1,-0.01,-1,-1,-0.01,-1,-1
99926009,2026-05-18 14:30:57+05:30,53486.95,0,0.0,0,0.0,0.0,53282.15,53619.2,52783.45,53710.35,0,0.0,0.0,0.0,0.0,-0.01,-1,-1,-0.01,-1,-1,-0.01,-1,-1,-0.01,-1,-1,-0.01,-1,-1,-0.01,-1,-1,-0.01,-1,-1,-0.01,-1,-1,-0.01,-1,-1,-0.01,-1,-1
99926009,2026-05-18 14:30:58+05:30,53487.6,0,0.0,0,0.0,0.0,53282.15,53619.2,52783.45,53710.35,0,0.0,0.0,0.0,0.0,-0.01,-1,-1,-0.01,-1,-1,-0.01,-1,-1,-0.01,-1,-1,-0.01,-1,-1,-0.01,-1,-1,-0.01,-1,-1,-0.01,-1,-1,-0.01,-1,-1,-0.01,-1,-1
99926009,2026-05-18 14:30:58+05:30,53484.65,0,0.0,0,0.0,0.0,53282.15,53619.2,52783.45,53710.35,0,0.0,0.0,0.0,0.0,-0.01,-1,-1,-0.01,-1,-1,-0.01,-1,-1,-0.01,-1,-1,-0.01,-1,-1,-0.01,-1,-1,-0.01,-1,-1,-0.01,-1,-1,-0.01,-1,-1,-0.01,-1,-1
99926009,2026-05-18 14:30:59+05:30,53487.0,0,0.0,0,0.0,0.0,53282.15,53619.2,52783.45,53710.35,0,0.0,0.0,0.0,0.0,-0.01,-1,-1,-0.01,-1,-1,-0.01,-1,-1,-0.01,-1,-1,-0.01,-1,-1,-0.01,-1,-1,-0.01,-1,-1,-0.01,-1,-1,-0.01,-1,-1,-0.01,-1,-1
99926009,2026-05-18 14:30:59+05:30,53482.8,0,0.0,0,0.0,0.0,53282.15,53619.2,52783.45,53710.35,0,0.0,0.0,0.0,0.0,-0.01,-1,-1,-0.01,-1,-1,-0.01,-1,-1,-0.01,-1,-1,-0.01,-1,-1,-0.01,-1,-1,-0.01,-1,-1,-0.01,-1,-1,-0.01,-1,-1,-0.01,-1,-1
99926009,2026-05-18 14:31:00+05:30,53481.8,0,0.0,0,0.0,0.0,53282.15,53619.2,52783.45,53710.35,0,0.0,0.0,0.0,0.0,-0.01,-1,-1,-0.01,-1,-1,-0.01,-1,-1,-0.01,-1,-1,-0.01,-1,-1,-0.01,-1,-1,-0.01,-1,-1,-0.01,-1,-1,-0.01,-1,-1,-0.01,-1,-1
99926009,2026-05-18 14:31:00+05:30,53485.2,0,0.0,0,0.0,0.0,53282.15,53619.2,52783.45,53710.35,0,0.0,0.0,0.0,0.0,-0.01,-1,-1,-0.01,-1,-1,-0.01,-1,-1,-0.01,-1,-1,-0.01,-1,-1,-0.01,-1,-1,-0.01,-1,-1,-0.01,-1,-1,-0.01,-1,-1,-0.01,-1,-1
99926009,2026-05-18 14:31:01+05:30,53481.8,0,0.0,0,0.0,0.0,53282.15,53619.2,52783.45,53710.35,0,0.0,0.0,0.0,0.0,-0.01,-1,-1,-0.01,-1,-1,-0.01,-1,-1,-0.01,-1,-1,-0.01,-1,-1,-0.01,-1,-1,-0.01,-1,-1,-0.01,-1,-1,-0.01,-1,-1,-0.01,-1,-1
99926009,2026-05-18 14:31:01+05:30,53481.85,0,0.0,0,0.0,0.0,53282.15,53619.2,52783.45,53710.35,0,0.0,0.0,0.0,0.0,-0.01,-1,-1,-0.01,-1,-1,-0.01,-1,-1,-0.01,-1,-1,-0.01,-1,-1,-0.01,-1,-1,-0.01,-1,-1,-0.01,-1,-1,-0.01,-1,-1,-0.01,-1,-1
99926009,2026-05-18 14:31:02+05:30,53481.05,0,0.0,0,0.0,0.0,53282.15,53619.2,52783.45,53710.35,0,0.0,0.0,0.0,0.0,-0.01,-1,-1,-0.01,-1,-1,-0.01,-1,-1,-0.01,-1,-1,-0.01,-1,-1,-0.01,-1,-1,-0.01,-1,-1,-0.01,-1,-1,-0.01,-1,-1,-0.01,-1,-1
99926009,2026-05-18 14:31:02+05:30,53483.95,0,0.0,0,0.0,0.0,53282.15,53619.2,52783.45,53710.35,0,0.0,0.0,0.0,0.0,-0.01,-1,-1,-0.01,-1,-1,-0.01,-1,-1,-0.01,-1,-1,-0.01,-1,-1,-0.01,-1,-1,-0.01,-1,-1,-0.01,-1,-1,-0.01,-1,-1,-0.01,-1,-1
99926009,2026-05-18 14:31:03+05:30,53481.3,0,0.0,0,0.0,0.0,53282.15,53619.2,52783.45,53710.35,0,0.0,0.0,0.0,0.0,-0.01,-1,-1,-0.01,-1,-1,-0.01,-1,-1,-0.01,-1,-1,-0.01,-1,-1,-0.01,-1,-1,-0.01,-1,-1,-0.01,-1,-1,-0.01,-1,-1,-0.01,-1,-1
99926009,2026-05-18 14:31:03+05:30,53482.1,0,0.0,0,0.0,0.0,53282.15,53619.2,52783.45,53710.35,0,0.0,0.0,0.0,0.0,-0.01,-1,-1,-0.01,-1,-1,-0.01,-1,-1,-0.01,-1,-1,-0.01,-1,-1,-0.01,-1,-1,-0.01,-1,-1,-0.01,-1,-1,-0.01,-1,-1,-0.01,-1,-1
99926009,2026-05-18 14:31:04+05:30,53482.85,0,0.0,0,0.0,0.0,53282.15,53619.2,52783.45,53710.35,0,0.0,0.0,0.0,0.0,-0.01,-1,-1,-0.01,-1,-1,-0.01,-1,-1,-0.01,-1,-1,-0.01,-1,-1,-0.01,-1,-1,-0.01,-1,-1,-0.01,-1,-1,-0.01,-1,-1,-0.01,-1,-1
99926009,2026-05-18 14:31:04+05:30,53483.9,0,0.0,0,0.0,0.0,53282.15,53619.2,52783.45,53710.35,0,0.0,0.0,0.0,0.0,-0.01,-1,-1,-0.01,-1,-1,-0.01,-1,-1,-0.01,-1,-1,-0.01,-1,-1,-0.01,-1,-1,-0.01,-1,-1,-0.01,-1,-1,-0.01,-1,-1,-0.01,-1,-1
99926009,2026-05-18 14:31:05+05:30,53482.85,0,0.0,0,0.0,0.0,53282.15,53619.2,52783.45,53710.35,0,0.0,0.0,0.0,0.0,-0.01,-1,-1,-0.01,-1,-1,-0.01,-1,-1,-0.01,-1,-1,-0.01,-1,-1,-0.01,-1,-1,-0.01,-1,-1,-0.01,-1,-1,-0.01,-1,-1,-0.01,-1,-1
99926009,2026-05-18 14:31:05+05:30,53482.15,0,0.0,0,0.0,0.0,53282.15,53619.2,52783.45,53710.35,0,0.0,0.0,0.0,0.0,-0.01,-1,-1,-0.01,-1,-1,-0.01,-1,-1,-0.01,-1,-1,-0.01,-1,-1,-0.01,-1,-1,-0.01,-1,-1,-0.01,-1,-1,-0.01,-1,-1,-0.01,-1,-1
99926009,2026-05-18 14:31:06+05:30,53483.9,0,0.0,0,0.0,0.0,53282.15,53619.2,52783.45,53710.35,0,0.0,0.0,0.0,0.0,-0.01,-1,-1,-0.01,-1,-1,-0.01,-1,-1,-0.01,-1,-1,-0.01,-1,-1,-0.01,-1,-1,-0.01,-1,-1,-0.01,-1,-1,-0.01,-1,-1,-0.01,-1,-1
99926009,2026-05-18 14:31:06+05:30,53482.9,0,0.0,0,0.0,0.0,53282.15,53619.2,52783.45,53710.35,0,0.0,0.0,0.0,0.0,-0.01,-1,-1,-0.01,-1,-1,-0.01,-1,-1,-0.01,-1,-1,-0.01,-1,-1,-0.01,-1,-1,-0.01,-1,-1,-0.01,-1,-1,-0.01,-1,-1,-0.01,-1,-1
99926009,2026-05-18 14:31:07+05:30,53484.75,0,0.0,0,0.0,0.0,53282.15,53619.2,52783.45,53710.35,0,0.0,0.0,0.0,0.0,-0.01,-1,-1,-0.01,-1,-1,-0.01,-1,-1,-0.01,-1,-1,-0.01,-1,-1,-0.01,-1,-1,-0.01,-1,-1,-0.01,-1,-1,-0.01,-1,-1,-0.01,-1,-1
99926009,2026-05-18 14:31:07+05:30,53482.75,0,0.0,0,0.0,0.0,53282.15,53619.2,52783.45,53710.35,0,0.0,0.0,0.0,0.0,-0.01,-1,-1,-0.01,-1,-1,-0.01,-1,-1,-0.01,-1,-1,-0.01,-1,-1,-0.01,-1,-1,-0.01,-1,-1,-0.01,-1,-1,-0.01,-1,-1,-0.01,-1,-1
99926009,2026-05-18 14:31:08+05:30,53484.15,0,0.0,0,0.0,0.0,53282.15,53619.2,52783.45,53710.35,0,0.0,0.0,0.0,0.0,-0.01,-1,-1,-0.01,-1,-1,-0.01,-1,-1,-0.01,-1,-1,-0.01,-1,-1,-0.01,-1,-1,-0.01,-1,-1,-0.01,-1,-1,-0.01,-1,-1,-0.01,-1,-1
99926009,2026-05-18 14:31:08+05:30,53484.8,0,0.0,0,0.0,0.0,53282.15,53619.2,52783.45,53710.35,0,0.0,0.0,0.0,0.0,-0.01,-1,-1,-0.01,-1,-1,-0.01,-1,-1,-0.01,-1,-1,-0.01,-1,-1,-0.01,-1,-1,-0.01,-1,-1,-0.01,-1,-1,-0.01,-1,-1,-0.01,-1,-1
99926009,2026-05-18 14:31:09+05:30,53485.5,0,0.0,0,0.0,0.0,53282.15,53619.2,52783.45,53710.35,0,0.0,0.0,0.0,0.0,-0.01,-1,-1,-0.01,-1,-1,-0.01,-1,-1,-0.01,-1,-1,-0.01,-1,-1,-0.01,-1,-1,-0.01,-1,-1,-0.01,-1,-1,-0.01,-1,-1,-0.01,-1,-1
99926009,2026-05-18 14:31:09+05:30,53484.35,0,0.0,0,0.0,0.0,53282.15,53619.2,52783.45,53710.35,0,0.0,0.0,0.0,0.0,-0.01,-1,-1,-0.01,-1,-1,-0.01,-1,-1,-0.01,-1,-1,-0.01,-1,-1,-0.01,-1,-1,-0.01,-1,-1,-0.01,-1,-1,-0.01,-1,-1,-0.01,-1,-1
99926009,2026-05-18 14:31:10+05:30,53482.2,0,0.0,0,0.0,0.0,53282.15,53619.2,52783.45,53710.35,0,0.0,0.0,0.0,0.0,-0.01,-1,-1,-0.01,-1,-1,-0.01,-1,-1,-0.01,-1,-1,-0.01,-1,-1,-0.01,-1,-1,-0.01,-1,-1,-0.01,-1,-1,-0.01,-1,-1,-0.01,-1,-1
99926009,2026-05-18 14:31:10+05:30,53482.3,0,0.0,0,0.0,0.0,53282.15,53619.2,52783.45,53710.35,0,0.0,0.0,0.0,0.0,-0.01,-1,-1,-0.01,-1,-1,-0.01,-1,-1,-0.01,-1,-1,-0.01,-1,-1,-0.01,-1,-1,-0.01,-1,-1,-0.01,-1,-1,-0.01,-1,-1,-0.01,-1,-1
99926009,2026-05-18 14:31:11+05:30,53481.05,0,0.0,0,0.0,0.0,53282.15,53619.2,52783.45,53710.35,0,0.0,0.0,0.0,0.0,-0.01,-1,-1,-0.01,-1,-1,-0.01,-1,-1,-0.01,-1,-1,-0.01,-1,-1,-0.01,-1,-1,-0.01,-1,-1,-0.01,-1,-1,-0.01,-1,-1,-0.01,-1,-1
99926009,2026-05-18 14:31:11+05:30,53493.1,0,0.0,0,0.0,0.0,53282.15,53619.2,52783.45,53710.35,0,0.0,0.0,0.0,0.0,-0.01,-1,-1,-0.01,-1,-1,-0.01,-1,-1,-0.01,-1,-1,-0.01,-1,-1,-0.01,-1,-1,-0.01,-1,-1,-0.01,-1,-1,-0.01,-1,-1,-0.01,-1,-1
99926009,2026-05-18 14:31:12+05:30,53492.25,0,0.0,0,0.0,0.0,53282.15,53619.2,52783.45,53710.35,0,0.0,0.0,0.0,0.0,-0.01,-1,-1,-0.01,-1,-1,-0.01,-1,-1,-0.01,-1,-1,-0.01,-1,-1,-0.01,-1,-1,-0.01,-1,-1,-0.01,-1,-1,-0.01,-1,-1,-0.01,-1,-1
99926009,2026-05-18 14:31:12+05:30,53495.25,0,0.0,0,0.0,0.0,53282.15,53619.2,52783.45,53710.35,0,0.0,0.0,0.0,0.0,-0.01,-1,-1,-0.01,-1,-1,-0.01,-1,-1,-0.01,-1,-1,-0.01,-1,-1,-0.01,-1,-1,-0.01,-1,-1,-0.01,-1,-1,-0.01,-1,-1,-0.01,-1,-1
99926009,2026-05-18 14:31:13+05:30,53494.25,0,0.0,0,0.0,0.0,53282.15,53619.2,52783.45,53710.35,0,0.0,0.0,0.0,0.0,-0.01,-1,-1,-0.01,-1,-1,-0.01,-1,-1,-0.01,-1,-1,-0.01,-1,-1,-0.01,-1,-1,-0.01,-1,-1,-0.01,-1,-1,-0.01,-1,-1,-0.01,-1,-1
99926009,2026-05-18 14:31:13+05:30,53498.65,0,0.0,0,0.0,0.0,53282.15,53619.2,52783.45,53710.35,0,0.0,0.0,0.0,0.0,-0.01,-1,-1,-0.01,-1,-1,-0.01,-1,-1,-0.01,-1,-1,-0.01,-1,-1,-0.01,-1,-1,-0.01,-1,-1,-0.01,-1,-1,-0.01,-1,-1,-0.01,-1,-1
99926009,2026-05-18 14:31:14+05:30,53496.7,0,0.0,0,0.0,0.0,53282.15,53619.2,52783.45,53710.35,0,0.0,0.0,0.0,0.0,-0.01,-1,-1,-0.01,-1,-1,-0.01,-1,-1,-0.01,-1,-1,-0.01,-1,-1,-0.01,-1,-1,-0.01,-1,-1,-0.01,-1,-1,-0.01,-1,-1,-0.01,-1,-1
99926009,2026-05-18 14:31:14+05:30,53499.1,0,0.0,0,0.0,0.0,53282.15,53619.2,52783.45,53710.35,0,0.0,0.0,0.0,0.0,-0.01,-1,-1,-0.01,-1,-1,-0.01,-1,-1,-0.01,-1,-1,-0.01,-1,-1,-0.01,-1,-1,-0.01,-1,-1,-0.01,-1,-1,-0.01,-1,-1,-0.01,-1,-1
99926009,2026-05-18 14:31:15+05:30,53496.85,0,0.0,0,0.0,0.0,53282.15,53619.2,52783.45,53710.35,0,0.0,0.0,0.0,0.0,-0.01,-1,-1,-0.01,-1,-1,-0.01,-1,-1,-0.01,-1,-1,-0.01,-1,-1,-0.01,-1,-1,-0.01,-1,-1,-0.01,-1,-1,-0.01,-1,-1,-0.01,-1,-1
99926009,2026-05-18 14:31:15+05:30,53498.4,0,0.0,0,0.0,0.0,53282.15,53619.2,52783.45,53710.35,0,0.0,0.0,0.0,0.0,-0.01,-1,-1,-0.01,-1,-1,-0.01,-1,-1,-0.01,-1,-1,-0.01,-1,-1,-0.01,-1,-1,-0.01,-1,-1,-0.01,-1,-1,-0.01,-1,-1,-0.01,-1,-1
99926009,2026-05-18 14:31:16+05:30,53497.8,0,0.0,0,0.0,0.0,53282.15,53619.2,52783.45,53710.35,0,0.0,0.0,0.0,0.0,-0.01,-1,-1,-0.01,-1,-1,-0.01,-1,-1,-0.01,-1,-1,-0.01,-1,-1,-0.01,-1,-1,-0.01,-1,-1,-0.01,-1,-1,-0.01,-1,-1,-0.01,-1,-1
99926009,2026-05-18 14:31:16+05:30,53497.7,0,0.0,0,0.0,0.0,53282.15,53619.2,52783.45,53710.35,0,0.0,0.0,0.0,0.0,-0.01,-1,-1,-0.01,-1,-1,-0.01,-1,-1,-0.01,-1,-1,-0.01,-1,-1,-0.01,-1,-1,-0.01,-1,-1,-0.01,-1,-1,-0.01,-1,-1,-0.01,-1,-1
99926009,2026-05-18 14:31:17+05:30,53494.8,0,0.0,0,0.0,0.0,53282.15,53619.2,52783.45,53710.35,0,0.0,0.0,0.0,0.0,-0.01,-1,-1,-0.01,-1,-1,-0.01,-1,-1,-0.01,-1,-1,-0.01,-1,-1,-0.01,-1,-1,-0.01,-1,-1,-0.01,-1,-1,-0.01,-1,-1,-0.01,-1,-1
99926009,2026-05-18 14:31:17+05:30,53496.4,0,0.0,0,0.0,0.0,53282.15,53619.2,52783.45,53710.35,0,0.0,0.0,0.0,0.0,-0.01,-1,-1,-0.01,-1,-1,-0.01,-1,-1,-0.01,-1,-1,-0.01,-1,-1,-0.01,-1,-1,-0.01,-1,-1,-0.01,-1,-1,-0.01,-1,-1,-0.01,-1,-1
99926009,2026-05-18 14:31:18+05:30,53496.85,0,0.0,0,0.0,0.0,53282.15,53619.2,52783.45,53710.35,0,0.0,0.0,0.0,0.0,-0.01,-1,-1,-0.01,-1,-1,-0.01,-1,-1,-0.01,-1,-1,-0.01,-1,-1,-0.01,-1,-1,-0.01,-1,-1,-0.01,-1,-1,-0.01,-1,-1,-0.01,-1,-1
99926009,2026-05-18 14:31:18+05:30,53495.3,0,0.0,0,0.0,0.0,53282.15,53619.2,52783.45,53710.35,0,0.0,0.0,0.0,0.0,-0.01,-1,-1,-0.01,-1,-1,-0.01,-1,-1,-0.01,-1,-1,-0.01,-1,-1,-0.01,-1,-1,-0.01,-1,-1,-0.01,-1,-1,-0.01,-1,-1,-0.01,-1,-1
99926009,2026-05-18 14:31:19+05:30,53495.0,0,0.0,0,0.0,0.0,53282.15,53619.2,52783.45,53710.35,0,0.0,0.0,0.0,0.0,-0.01,-1,-1,-0.01,-1,-1,-0.01,-1,-1,-0.01,-1,-1,-0.01,-1,-1,-0.01,-1,-1,-0.01,-1,-1,-0.01,-1,-1,-0.01,-1,-1,-0.01,-1,-1
99926009,2026-05-18 14:31:19+05:30,53498.25,0,0.0,0,0.0,0.0,53282.15,53619.2,52783.45,53710.35,0,0.0,0.0,0.0,0.0,-0.01,-1,-1,-0.01,-1,-1,-0.01,-1,-1,-0.01,-1,-1,-0.01,-1,-1,-0.01,-1,-1,-0.01,-1,-1,-0.01,-1,-1,-0.01,-1,-1,-0.01,-1,-1
99926009,2026-05-18 14:31:20+05:30,53498.85,0,0.0,0,0.0,0.0,53282.15,53619.2,52783.45,53710.35,0,0.0,0.0,0.0,0.0,-0.01,-1,-1,-0.01,-1,-1,-0.01,-1,-1,-0.01,-1,-1,-0.01,-1,-1,-0.01,-1,-1,-0.01,-1,-1,-0.01,-1,-1,-0.01,-1,-1,-0.01,-1,-1
99926009,2026-05-18 14:31:20+05:30,53500.75,0,0.0,0,0.0,0.0,53282.15,53619.2,52783.45,53710.35,0,0.0,0.0,0.0,0.0,-0.01,-1,-1,-0.01,-1,-1,-0.01,-1,-1,-0.01,-1,-1,-0.01,-1,-1,-0.01,-1,-1,-0.01,-1,-1,-0.01,-1,-1,-0.01,-1,-1,-0.01,-1,-1
99926009,2026-05-18 14:31:21+05:30,53497.5,0,0.0,0,0.0,0.0,53282.15,53619.2,52783.45,53710.35,0,0.0,0.0,0.0,0.0,-0.01,-1,-1,-0.01,-1,-1,-0.01,-1,-1,-0.01,-1,-1,-0.01,-1,-1,-0.01,-1,-1,-0.01,-1,-1,-0.01,-1,-1,-0.01,-1,-1,-0.01,-1,-1
99926009,2026-05-18 14:31:21+05:30,53502.9,0,0.0,0,0.0,0.0,53282.15,53619.2,52783.45,53710.35,0,0.0,0.0,0.0,0.0,-0.01,-1,-1,-0.01,-1,-1,-0.01,-1,-1,-0.01,-1,-1,-0.01,-1,-1,-0.01,-1,-1,-0.01,-1,-1,-0.01,-1,-1,-0.01,-1,-1,-0.01,-1,-1
99926009,2026-05-18 14:31:22+05:30,53501.4,0,0.0,0,0.0,0.0,53282.15,53619.2,52783.45,53710.35,0,0.0,0.0,0.0,0.0,-0.01,-1,-1,-0.01,-1,-1,-0.01,-1,-1,-0.01,-1,-1,-0.01,-1,-1,-0.01,-1,-1,-0.01,-1,-1,-0.01,-1,-1,-0.01,-1,-1,-0.01,-1,-1
99926009,2026-05-18 14:31:22+05:30,53504.8,0,0.0,0,0.0,0.0,53282.15,53619.2,52783.45,53710.35,0,0.0,0.0,0.0,0.0,-0.01,-1,-1,-0.01,-1,-1,-0.01,-1,-1,-0.01,-1,-1,-0.01,-1,-1,-0.01,-1,-1,-0.01,-1,-1,-0.01,-1,-1,-0.01,-1,-1,-0.01,-1,-1
99926009,2026-05-18 14:31:23+05:30,53500.9,0,0.0,0,0.0,0.0,53282.15,53619.2,52783.45,53710.35,0,0.0,0.0,0.0,0.0,-0.01,-1,-1,-0.01,-1,-1,-0.01,-1,-1,-0.01,-1,-1,-0.01,-1,-1,-0.01,-1,-1,-0.01,-1,-1,-0.01,-1,-1,-0.01,-1,-1,-0.01,-1,-1
99926009,2026-05-18 14:31:23+05:30,53504.9,0,0.0,0,0.0,0.0,53282.15,53619.2,52783.45,53710.35,0,0.0,0.0,0.0,0.0,-0.01,-1,-1,-0.01,-1,-1,-0.01,-1,-1,-0.01,-1,-1,-0.01,-1,-1,-0.01,-1,-1,-0.01,-1,-1,-0.01,-1,-1,-0.01,-1,-1,-0.01,-1,-1
99926009,2026-05-18 14:31:24+05:30,53500.75,0,0.0,0,0.0,0.0,53282.15,53619.2,52783.45,53710.35,0,0.0,0.0,0.0,0.0,-0.01,-1,-1,-0.01,-1,-1,-0.01,-1,-1,-0.01,-1,-1,-0.01,-1,-1,-0.01,-1,-1,-0.01,-1,-1,-0.01,-1,-1,-0.01,-1,-1,-0.01,-1,-1
99926009,2026-05-18 14:31:24+05:30,53501.5,0,0.0,0,0.0,0.0,53282.15,53619.2,52783.45,53710.35,0,0.0,0.0,0.0,0.0,-0.01,-1,-1,-0.01,-1,-1,-0.01,-1,-1,-0.01,-1,-1,-0.01,-1,-1,-0.01,-1,-1,-0.01,-1,-1,-0.01,-1,-1,-0.01,-1,-1,-0.01,-1,-1
99926009,2026-05-18 14:31:25+05:30,53503.9,0,0.0,0,0.0,0.0,53282.15,53619.2,52783.45,53710.35,0,0.0,0.0,0.0,0.0,-0.01,-1,-1,-0.01,-1,-1,-0.01,-1,-1,-0.01,-1,-1,-0.01,-1,-1,-0.01,-1,-1,-0.01,-1,-1,-0.01,-1,-1,-0.01,-1,-1,-0.01,-1,-1
99926009,2026-05-18 14:31:25+05:30,53502.65,0,0.0,0,0.0,0.0,53282.15,53619.2,52783.45,53710.35,0,0.0,0.0,0.0,0.0,-0.01,-1,-1,-0.01,-1,-1,-0.01,-1,-1,-0.01,-1,-1,-0.01,-1,-1,-0.01,-1,-1,-0.01,-1,-1,-0.01,-1,-1,-0.01,-1,-1,-0.01,-1,-1
99926009,2026-05-18 14:31:26+05:30,53503.35,0,0.0,0,0.0,0.0,53282.15,53619.2,52783.45,53710.35,0,0.0,0.0,0.0,0.0,-0.01,-1,-1,-0.01,-1,-1,-0.01,-1,-1,-0.01,-1,-1,-0.01,-1,-1,-0.01,-1,-1,-0.01,-1,-1,-0.01,-1,-1,-0.01,-1,-1,-0.01,-1,-1
99926009,2026-05-18 14:31:26+05:30,53502.15,0,0.0,0,0.0,0.0,53282.15,53619.2,52783.45,53710.35,0,0.0,0.0,0.0,0.0,-0.01,-1,-1,-0.01,-1,-1,-0.01,-1,-1,-0.01,-1,-1,-0.01,-1,-1,-0.01,-1,-1,-0.01,-1,-1,-0.01,-1,-1,-0.01,-1,-1,-0.01,-1,-1
99926009,2026-05-18 14:31:27+05:30,53505.45,0,0.0,0,0.0,0.0,53282.15,53619.2,52783.45,53710.35,0,0.0,0.0,0.0,0.0,-0.01,-1,-1,-0.01,-1,-1,-0.01,-1,-1,-0.01,-1,-1,-0.01,-1,-1,-0.01,-1,-1,-0.01,-1,-1,-0.01,-1,-1,-0.01,-1,-1,-0.01,-1,-1
99926009,2026-05-18 14:31:27+05:30,53502.5,0,0.0,0,0.0,0.0,53282.15,53619.2,52783.45,53710.35,0,0.0,0.0,0.0,0.0,-0.01,-1,-1,-0.01,-1,-1,-0.01,-1,-1,-0.01,-1,-1,-0.01,-1,-1,-0.01,-1,-1,-0.01,-1,-1,-0.01,-1,-1,-0.01,-1,-1,-0.01,-1,-1
99926009,2026-05-18 14:31:28+05:30,53502.4,0,0.0,0,0.0,0.0,53282.15,53619.2,52783.45,53710.35,0,0.0,0.0,0.0,0.0,-0.01,-1,-1,-0.01,-1,-1,-0.01,-1,-1,-0.01,-1,-1,-0.01,-1,-1,-0.01,-1,-1,-0.01,-1,-1,-0.01,-1,-1,-0.01,-1,-1,-0.01,-1,-1
99926009,2026-05-18 14:31:28+05:30,53504.3,0,0.0,0,0.0,0.0,53282.15,53619.2,52783.45,53710.35,0,0.0,0.0,0.0,0.0,-0.01,-1,-1,-0.01,-1,-1,-0.01,-1,-1,-0.01,-1,-1,-0.01,-1,-1,-0.01,-1,-1,-0.01,-1,-1,-0.01,-1,-1,-0.01,-1,-1,-0.01,-1,-1
99926009,2026-05-18 14:31:29+05:30,53506.05,0,0.0,0,0.0,0.0,53282.15,53619.2,52783.45,53710.35,0,0.0,0.0,0.0,0.0,-0.01,-1,-1,-0.01,-1,-1,-0.01,-1,-1,-0.01,-1,-1,-0.01,-1,-1,-0.01,-1,-1,-0.01,-1,-1,-0.01,-1,-1,-0.01,-1,-1,-0.01,-1,-1
99926009,2026-05-18 14:31:29+05:30,53504.35,0,0.0,0,0.0,0.0,53282.15,53619.2,52783.45,53710.35,0,0.0,0.0,0.0,0.0,-0.01,-1,-1,-0.01,-1,-1,-0.01,-1,-1,-0.01,-1,-1,-0.01,-1,-1,-0.01,-1,-1,-0.01,-1,-1,-0.01,-1,-1,-0.01,-1,-1,-0.01,-1,-1
99926009,2026-05-18 14:31:30+05:30,53501.4,0,0.0,0,0.0,0.0,53282.15,53619.2,52783.45,53710.35,0,0.0,0.0,0.0,0.0,-0.01,-1,-1,-0.01,-1,-1,-0.01,-1,-1,-0.01,-1,-1,-0.01,-1,-1,-0.01,-1,-1,-0.01,-1,-1,-0.01,-1,-1,-0.01,-1,-1,-0.01,-1,-1
99926009,2026-05-18 14:31:30+05:30,53506.15,0,0.0,0,0.0,0.0,53282.15,53619.2,52783.45,53710.35,0,0.0,0.0,0.0,0.0,-0.01,-1,-1,-0.01,-1,-1,-0.01,-1,-1,-0.01,-1,-1,-0.01,-1,-1,-0.01,-1,-1,-0.01,-1,-1,-0.01,-1,-1,-0.01,-1,-1,-0.01,-1,-1
99926009,2026-05-18 14:31:31+05:30,53504.4,0,0.0,0,0.0,0.0,53282.15,53619.2,52783.45,53710.35,0,0.0,0.0,0.0,0.0,-0.01,-1,-1,-0.01,-1,-1,-0.01,-1,-1,-0.01,-1,-1,-0.01,-1,-1,-0.01,-1,-1,-0.01,-1,-1,-0.01,-1,-1,-0.01,-1,-1,-0.01,-1,-1
99926009,2026-05-18 14:31:31+05:30,53506.65,0,0.0,0,0.0,0.0,53282.15,53619.2,52783.45,53710.35,0,0.0,0.0,0.0,0.0,-0.01,-1,-1,-0.01,-1,-1,-0.01,-1,-1,-0.01,-1,-1,-0.01,-1,-1,-0.01,-1,-1,-0.01,-1,-1,-0.01,-1,-1,-0.01,-1,-1,-0.01,-1,-1
99926009,2026-05-18 14:31:32+05:30,53506.65,0,0.0,0,0.0,0.0,53282.15,53619.2,52783.45,53710.35,0,0.0,0.0,0.0,0.0,-0.01,-1,-1,-0.01,-1,-1,-0.01,-1,-1,-0.01,-1,-1,-0.01,-1,-1,-0.01,-1,-1,-0.01,-1,-1,-0.01,-1,-1,-0.01,-1,-1,-0.01,-1,-1
99926009,2026-05-18 14:31:32+05:30,53503.7,0,0.0,0,0.0,0.0,53282.15,53619.2,52783.45,53710.35,0,0.0,0.0,0.0,0.0,-0.01,-1,-1,-0.01,-1,-1,-0.01,-1,-1,-0.01,-1,-1,-0.01,-1,-1,-0.01,-1,-1,-0.01,-1,-1,-0.01,-1,-1,-0.01,-1,-1,-0.01,-1,-1
99926009,2026-05-18 14:31:33+05:30,53504.5,0,0.0,0,0.0,0.0,53282.15,53619.2,52783.45,53710.35,0,0.0,0.0,0.0,0.0,-0.01,-1,-1,-0.01,-1,-1,-0.01,-1,-1,-0.01,-1,-1,-0.01,-1,-1,-0.01,-1,-1,-0.01,-1,-1,-0.01,-1,-1,-0.01,-1,-1,-0.01,-1,-1
99926009,2026-05-18 14:31:33+05:30,53503.3,0,0.0,0,0.0,0.0,53282.15,53619.2,52783.45,53710.35,0,0.0,0.0,0.0,0.0,-0.01,-1,-1,-0.01,-1,-1,-0.01,-1,-1,-0.01,-1,-1,-0.01,-1,-1,-0.01,-1,-1,-0.01,-1,-1,-0.01,-1,-1,-0.01,-1,-1,-0.01,-1,-1
99926009,2026-05-18 14:31:34+05:30,53503.55,0,0.0,0,0.0,0.0,53282.15,53619.2,52783.45,53710.35,0,0.0,0.0,0.0,0.0,-0.01,-1,-1,-0.01,-1,-1,-0.01,-1,-1,-0.01,-1,-1,-0.01,-1,-1,-0.01,-1,-1,-0.01,-1,-1,-0.01,-1,-1,-0.01,-1,-1,-0.01,-1,-1
99926009,2026-05-18 14:31:34+05:30,53503.4,0,0.0,0,0.0,0.0,53282.15,53619.2,52783.45,53710.35,0,0.0,0.0,0.0,0.0,-0.01,-1,-1,-0.01,-1,-1,-0.01,-1,-1,-0.01,-1,-1,-0.01,-1,-1,-0.01,-1,-1,-0.01,-1,-1,-0.01,-1,-1,-0.01,-1,-1,-0.01,-1,-1
99926009,2026-05-18 14:31:35+05:30,53504.55,0,0.0,0,0.0,0.0,53282.15,53619.2,52783.45,53710.35,0,0.0,0.0,0.0,0.0,-0.01,-1,-1,-0.01,-1,-1,-0.01,-1,-1,-0.01,-1,-1,-0.01,-1,-1,-0.01,-1,-1,-0.01,-1,-1,-0.01,-1,-1,-0.01,-1,-1,-0.01,-1,-1
99926009,2026-05-18 14:31:35+05:30,53504.05,0,0.0,0,0.0,0.0,53282.15,53619.2,52783.45,53710.35,0,0.0,0.0,0.0,0.0,-0.01,-1,-1,-0.01,-1,-1,-0.01,-1,-1,-0.01,-1,-1,-0.01,-1,-1,-0.01,-1,-1,-0.01,-1,-1,-0.01,-1,-1,-0.01,-1,-1,-0.01,-1,-1
99926009,2026-05-18 14:31:36+05:30,53505.4,0,0.0,0,0.0,0.0,53282.15,53619.2,52783.45,53710.35,0,0.0,0.0,0.0,0.0,-0.01,-1,-1,-0.01,-1,-1,-0.01,-1,-1,-0.01,-1,-1,-0.01,-1,-1,-0.01,-1,-1,-0.01,-1,-1,-0.01,-1,-1,-0.01,-1,-1,-0.01,-1,-1
99926009,2026-05-18 14:31:36+05:30,53504.85,0,0.0,0,0.0,0.0,53282.15,53619.2,52783.45,53710.35,0,0.0,0.0,0.0,0.0,-0.01,-1,-1,-0.01,-1,-1,-0.01,-1,-1,-0.01,-1,-1,-0.01,-1,-1,-0.01,-1,-1,-0.01,-1,-1,-0.01,-1,-1,-0.01,-1,-1,-0.01,-1,-1
99926009,2026-05-18 14:31:37+05:30,53506.6,0,0.0,0,0.0,0.0,53282.15,53619.2,52783.45,53710.35,0,0.0,0.0,0.0,0.0,-0.01,-1,-1,-0.01,-1,-1,-0.01,-1,-1,-0.01,-1,-1,-0.01,-1,-1,-0.01,-1,-1,-0.01,-1,-1,-0.01,-1,-1,-0.01,-1,-1,-0.01,-1,-1
99926009,2026-05-18 14:31:37+05:30,53504.55,0,0.0,0,0.0,0.0,53282.15,53619.2,52783.45,53710.35,0,0.0,0.0,0.0,0.0,-0.01,-1,-1,-0.01,-1,-1,-0.01,-1,-1,-0.01,-1,-1,-0.01,-1,-1,-0.01,-1,-1,-0.01,-1,-1,-0.01,-1,-1,-0.01,-1,-1,-0.01,-1,-1
99926009,2026-05-18 14:31:38+05:30,53505.35,0,0.0,0,0.0,0.0,53282.15,53619.2,52783.45,53710.35,0,0.0,0.0,0.0,0.0,-0.01,-1,-1,-0.01,-1,-1,-0.01,-1,-1,-0.01,-1,-1,-0.01,-1,-1,-0.01,-1,-1,-0.01,-1,-1,-0.01,-1,-1,-0.01,-1,-1,-0.01,-1,-1
99926009,2026-05-18 14:31:38+05:30,53505.5,0,0.0,0,0.0,0.0,53282.15,53619.2,52783.45,53710.35,0,0.0,0.0,0.0,0.0,-0.01,-1,-1,-0.01,-1,-1,-0.01,-1,-1,-0.01,-1,-1,-0.01,-1,-1,-0.01,-1,-1,-0.01,-1,-1,-0.01,-1,-1,-0.01,-1,-1,-0.01,-1,-1
99926009,2026-05-18 14:31:39+05:30,53505.55,0,0.0,0,0.0,0.0,53282.15,53619.2,52783.45,53710.35,0,0.0,0.0,0.0,0.0,-0.01,-1,-1,-0.01,-1,-1,-0.01,-1,-1,-0.01,-1,-1,-0.01,-1,-1,-0.01,-1,-1,-0.01,-1,-1,-0.01,-1,-1,-0.01,-1,-1,-0.01,-1,-1
99926009,2026-05-18 14:31:39+05:30,53505.75,0,0.0,0,0.0,0.0,53282.15,53619.2,52783.45,53710.35,0,0.0,0.0,0.0,0.0,-0.01,-1,-1,-0.01,-1,-1,-0.01,-1,-1,-0.01,-1,-1,-0.01,-1,-1,-0.01,-1,-1,-0.01,-1,-1,-0.01,-1,-1,-0.01,-1,-1,-0.01,-1,-1
99926009,2026-05-18 14:31:40+05:30,53504.95,0,0.0,0,0.0,0.0,53282.15,53619.2,52783.45,53710.35,0,0.0,0.0,0.0,0.0,-0.01,-1,-1,-0.01,-1,-1,-0.01,-1,-1,-0.01,-1,-1,-0.01,-1,-1,-0.01,-1,-1,-0.01,-1,-1,-0.01,-1,-1,-0.01,-1,-1,-0.01,-1,-1
99926009,2026-05-18 14:31:40+05:30,53507.05,0,0.0,0,0.0,0.0,53282.15,53619.2,52783.45,53710.35,0,0.0,0.0,0.0,0.0,-0.01,-1,-1,-0.01,-1,-1,-0.01,-1,-1,-0.01,-1,-1,-0.01,-1,-1,-0.01,-1,-1,-0.01,-1,-1,-0.01,-1,-1,-0.01,-1,-1,-0.01,-1,-1
99926009,2026-05-18 14:31:41+05:30,53506.9,0,0.0,0,0.0,0.0,53282.15,53619.2,52783.45,53710.35,0,0.0,0.0,0.0,0.0,-0.01,-1,-1,-0.01,-1,-1,-0.01,-1,-1,-0.01,-1,-1,-0.01,-1,-1,-0.01,-1,-1,-0.01,-1,-1,-0.01,-1,-1,-0.01,-1,-1,-0.01,-1,-1
99926009,2026-05-18 14:31:41+05:30,53506.9,0,0.0,0,0.0,0.0,53282.15,53619.2,52783.45,53710.35,0,0.0,0.0,0.0,0.0,-0.01,-1,-1,-0.01,-1,-1,-0.01,-1,-1,-0.01,-1,-1,-0.01,-1,-1,-0.01,-1,-1,-0.01,-1,-1,-0.01,-1,-1,-0.01,-1,-1,-0.01,-1,-1
99926009,2026-05-18 14:31:42+05:30,53505.45,0,0.0,0,0.0,0.0,53282.15,53619.2,52783.45,53710.35,0,0.0,0.0,0.0,0.0,-0.01,-1,-1,-0.01,-1,-1,-0.01,-1,-1,-0.01,-1,-1,-0.01,-1,-1,-0.01,-1,-1,-0.01,-1,-1,-0.01,-1,-1,-0.01,-1,-1,-0.01,-1,-1
99926009,2026-05-18 14:31:42+05:30,53505.65,0,0.0,0,0.0,0.0,53282.15,53619.2,52783.45,53710.35,0,0.0,0.0,0.0,0.0,-0.01,-1,-1,-0.01,-1,-1,-0.01,-1,-1,-0.01,-1,-1,-0.01,-1,-1,-0.01,-1,-1,-0.01,-1,-1,-0.01,-1,-1,-0.01,-1,-1,-0.01,-1,-1
99926009,2026-05-18 14:31:43+05:30,53506.35,0,0.0,0,0.0,0.0,53282.15,53619.2,52783.45,53710.35,0,0.0,0.0,0.0,0.0,-0.01,-1,-1,-0.01,-1,-1,-0.01,-1,-1,-0.01,-1,-1,-0.01,-1,-1,-0.01,-1,-1,-0.01,-1,-1,-0.01,-1,-1,-0.01,-1,-1,-0.01,-1,-1
99926009,2026-05-18 14:31:43+05:30,53504.95,0,0.0,0,0.0,0.0,53282.15,53619.2,52783.45,53710.35,0,0.0,0.0,0.0,0.0,-0.01,-1,-1,-0.01,-1,-1,-0.01,-1,-1,-0.01,-1,-1,-0.01,-1,-1,-0.01,-1,-1,-0.01,-1,-1,-0.01,-1,-1,-0.01,-1,-1,-0.01,-1,-1
99926009,2026-05-18 14:31:44+05:30,53504.7,0,0.0,0,0.0,0.0,53282.15,53619.2,52783.45,53710.35,0,0.0,0.0,0.0,0.0,-0.01,-1,-1,-0.01,-1,-1,-0.01,-1,-1,-0.01,-1,-1,-0.01,-1,-1,-0.01,-1,-1,-0.01,-1,-1,-0.01,-1,-1,-0.01,-1,-1,-0.01,-1,-1
99926009,2026-05-18 14:31:44+05:30,53506.15,0,0.0,0,0.0,0.0,53282.15,53619.2,52783.45,53710.35,0,0.0,0.0,0.0,0.0,-0.01,-1,-1,-0.01,-1,-1,-0.01,-1,-1,-0.01,-1,-1,-0.01,-1,-1,-0.01,-1,-1,-0.01,-1,-1,-0.01,-1,-1,-0.01,-1,-1,-0.01,-1,-1
99926009,2026-05-18 14:31:45+05:30,53509.25,0,0.0,0,0.0,0.0,53282.15,53619.2,52783.45,53710.35,0,0.0,0.0,0.0,0.0,-0.01,-1,-1,-0.01,-1,-1,-0.01,-1,-1,-0.01,-1,-1,-0.01,-1,-1,-0.01,-1,-1,-0.01,-1,-1,-0.01,-1,-1,-0.01,-1,-1,-0.01,-1,-1
99926009,2026-05-18 14:31:45+05:30,53508.95,0,0.0,0,0.0,0.0,53282.15,53619.2,52783.45,53710.35,0,0.0,0.0,0.0,0.0,-0.01,-1,-1,-0.01,-1,-1,-0.01,-1,-1,-0.01,-1,-1,-0.01,-1,-1,-0.01,-1,-1,-0.01,-1,-1,-0.01,-1,-1,-0.01,-1,-1,-0.01,-1,-1
99926009,2026-05-18 14:31:46+05:30,53506.9,0,0.0,0,0.0,0.0,53282.15,53619.2,52783.45,53710.35,0,0.0,0.0,0.0,0.0,-0.01,-1,-1,-0.01,-1,-1,-0.01,-1,-1,-0.01,-1,-1,-0.01,-1,-1,-0.01,-1,-1,-0.01,-1,-1,-0.01,-1,-1,-0.01,-1,-1,-0.01,-1,-1
99926009,2026-05-18 14:31:46+05:30,53506.85,0,0.0,0,0.0,0.0,53282.15,53619.2,52783.45,53710.35,0,0.0,0.0,0.0,0.0,-0.01,-1,-1,-0.01,-1,-1,-0.01,-1,-1,-0.01,-1,-1,-0.01,-1,-1,-0.01,-1,-1,-0.01,-1,-1,-0.01,-1,-1,-0.01,-1,-1,-0.01,-1,-1
99926009,2026-05-18 14:31:47+05:30,53506.75,0,0.0,0,0.0,0.0,53282.15,53619.2,52783.45,53710.35,0,0.0,0.0,0.0,0.0,-0.01,-1,-1,-0.01,-1,-1,-0.01,-1,-1,-0.01,-1,-1,-0.01,-1,-1,-0.01,-1,-1,-0.01,-1,-1,-0.01,-1,-1,-0.01,-1,-1,-0.01,-1,-1
99926009,2026-05-18 14:31:47+05:30,53507.1,0,0.0,0,0.0,0.0,53282.15,53619.2,52783.45,53710.35,0,0.0,0.0,0.0,0.0,-0.01,-1,-1,-0.01,-1,-1,-0.01,-1,-1,-0.01,-1,-1,-0.01,-1,-1,-0.01,-1,-1,-0.01,-1,-1,-0.01,-1,-1,-0.01,-1,-1,-0.01,-1,-1
99926009,2026-05-18 14:31:48+05:30,53506.1,0,0.0,0,0.0,0.0,53282.15,53619.2,52783.45,53710.35,0,0.0,0.0,0.0,0.0,-0.01,-1,-1,-0.01,-1,-1,-0.01,-1,-1,-0.01,-1,-1,-0.01,-1,-1,-0.01,-1,-1,-0.01,-1,-1,-0.01,-1,-1,-0.01,-1,-1,-0.01,-1,-1
99926009,2026-05-18 14:31:48+05:30,53510.4,0,0.0,0,0.0,0.0,53282.15,53619.2,52783.45,53710.35,0,0.0,0.0,0.0,0.0,-0.01,-1,-1,-0.01,-1,-1,-0.01,-1,-1,-0.01,-1,-1,-0.01,-1,-1,-0.01,-1,-1,-0.01,-1,-1,-0.01,-1,-1,-0.01,-1,-1,-0.01,-1,-1
99926009,2026-05-18 14:31:49+05:30,53510.35,0,0.0,0,0.0,0.0,53282.15,53619.2,52783.45,53710.35,0,0.0,0.0,0.0,0.0,-0.01,-1,-1,-0.01,-1,-1,-0.01,-1,-1,-0.01,-1,-1,-0.01,-1,-1,-0.01,-1,-1,-0.01,-1,-1,-0.01,-1,-1,-0.01,-1,-1,-0.01,-1,-1
99926009,2026-05-18 14:31:49+05:30,53511.05,0,0.0,0,0.0,0.0,53282.15,53619.2,52783.45,53710.35,0,0.0,0.0,0.0,0.0,-0.01,-1,-1,-0.01,-1,-1,-0.01,-1,-1,-0.01,-1,-1,-0.01,-1,-1,-0.01,-1,-1,-0.01,-1,-1,-0.01,-1,-1,-0.01,-1,-1,-0.01,-1,-1
99926009,2026-05-18 14:31:50+05:30,53508.5,0,0.0,0,0.0,0.0,53282.15,53619.2,52783.45,53710.35,0,0.0,0.0,0.0,0.0,-0.01,-1,-1,-0.01,-1,-1,-0.01,-1,-1,-0.01,-1,-1,-0.01,-1,-1,-0.01,-1,-1,-0.01,-1,-1,-0.01,-1,-1,-0.01,-1,-1,-0.01,-1,-1
99926009,2026-05-18 14:31:50+05:30,53509.4,0,0.0,0,0.0,0.0,53282.15,53619.2,52783.45,53710.35,0,0.0,0.0,0.0,0.0,-0.01,-1,-1,-0.01,-1,-1,-0.01,-1,-1,-0.01,-1,-1,-0.01,-1,-1,-0.01,-1,-1,-0.01,-1,-1,-0.01,-1,-1,-0.01,-1,-1,-0.01,-1,-1
99926009,2026-05-18 14:31:51+05:30,53509.45,0,0.0,0,0.0,0.0,53282.15,53619.2,52783.45,53710.35,0,0.0,0.0,0.0,0.0,-0.01,-1,-1,-0.01,-1,-1,-0.01,-1,-1,-0.01,-1,-1,-0.01,-1,-1,-0.01,-1,-1,-0.01,-1,-1,-0.01,-1,-1,-0.01,-1,-1,-0.01,-1,-1
99926009,2026-05-18 14:31:51+05:30,53511.75,0,0.0,0,0.0,0.0,53282.15,53619.2,52783.45,53710.35,0,0.0,0.0,0.0,0.0,-0.01,-1,-1,-0.01,-1,-1,-0.01,-1,-1,-0.01,-1,-1,-0.01,-1,-1,-0.01,-1,-1,-0.01,-1,-1,-0.01,-1,-1,-0.01,-1,-1,-0.01,-1,-1
99926009,2026-05-18 14:31:52+05:30,53511.35,0,0.0,0,0.0,0.0,53282.15,53619.2,52783.45,53710.35,0,0.0,0.0,0.0,0.0,-0.01,-1,-1,-0.01,-1,-1,-0.01,-1,-1,-0.01,-1,-1,-0.01,-1,-1,-0.01,-1,-1,-0.01,-1,-1,-0.01,-1,-1,-0.01,-1,-1,-0.01,-1,-1
99926009,2026-05-18 14:31:52+05:30,53510.7,0,0.0,0,0.0,0.0,53282.15,53619.2,52783.45,53710.35,0,0.0,0.0,0.0,0.0,-0.01,-1,-1,-0.01,-1,-1,-0.01,-1,-1,-0.01,-1,-1,-0.01,-1,-1,-0.01,-1,-1,-0.01,-1,-1,-0.01,-1,-1,-0.01,-1,-1,-0.01,-1,-1
99926009,2026-05-18 14:31:53+05:30,53510.2,0,0.0,0,0.0,0.0,53282.15,53619.2,52783.45,53710.35,0,0.0,0.0,0.0,0.0,-0.01,-1,-1,-0.01,-1,-1,-0.01,-1,-1,-0.01,-1,-1,-0.01,-1,-1,-0.01,-1,-1,-0.01,-1,-1,-0.01,-1,-1,-0.01,-1,-1,-0.01,-1,-1
99926009,2026-05-18 14:31:53+05:30,53510.85,0,0.0,0,0.0,0.0,53282.15,53619.2,52783.45,53710.35,0,0.0,0.0,0.0,0.0,-0.01,-1,-1,-0.01,-1,-1,-0.01,-1,-1,-0.01,-1,-1,-0.01,-1,-1,-0.01,-1,-1,-0.01,-1,-1,-0.01,-1,-1,-0.01,-1,-1,-0.01,-1,-1
99926009,2026-05-18 14:31:54+05:30,53519.1,0,0.0,0,0.0,0.0,53282.15,53619.2,52783.45,53710.35,0,0.0,0.0,0.0,0.0,-0.01,-1,-1,-0.01,-1,-1,-0.01,-1,-1,-0.01,-1,-1,-0.01,-1,-1,-0.01,-1,-1,-0.01,-1,-1,-0.01,-1,-1,-0.01,-1,-1,-0.01,-1,-1
99926009,2026-05-18 14:31:54+05:30,53517.35,0,0.0,0,0.0,0.0,53282.15,53619.2,52783.45,53710.35,0,0.0,0.0,0.0,0.0,-0.01,-1,-1,-0.01,-1,-1,-0.01,-1,-1,-0.01,-1,-1,-0.01,-1,-1,-0.01,-1,-1,-0.01,-1,-1,-0.01,-1,-1,-0.01,-1,-1,-0.01,-1,-1
99926009,2026-05-18 14:31:55+05:30,53514.7,0,0.0,0,0.0,0.0,53282.15,53619.2,52783.45,53710.35,0,0.0,0.0,0.0,0.0,-0.01,-1,-1,-0.01,-1,-1,-0.01,-1,-1,-0.01,-1,-1,-0.01,-1,-1,-0.01,-1,-1,-0.01,-1,-1,-0.01,-1,-1,-0.01,-1,-1,-0.01,-1,-1
99926009,2026-05-18 14:31:55+05:30,53518.05,0,0.0,0,0.0,0.0,53282.15,53619.2,52783.45,53710.35,0,0.0,0.0,0.0,0.0,-0.01,-1,-1,-0.01,-1,-1,-0.01,-1,-1,-0.01,-1,-1,-0.01,-1,-1,-0.01,-1,-1,-0.01,-1,-1,-0.01,-1,-1,-0.01,-1,-1,-0.01,-1,-1
99926009,2026-05-18 14:31:56+05:30,53518.8,0,0.0,0,0.0,0.0,53282.15,53619.2,52783.45,53710.35,0,0.0,0.0,0.0,0.0,-0.01,-1,-1,-0.01,-1,-1,-0.01,-1,-1,-0.01,-1,-1,-0.01,-1,-1,-0.01,-1,-1,-0.01,-1,-1,-0.01,-1,-1,-0.01,-1,-1,-0.01,-1,-1
99926009,2026-05-18 14:31:56+05:30,53520.0,0,0.0,0,0.0,0.0,53282.15,53619.2,52783.45,53710.35,0,0.0,0.0,0.0,0.0,-0.01,-1,-1,-0.01,-1,-1,-0.01,-1,-1,-0.01,-1,-1,-0.01,-1,-1,-0.01,-1,-1,-0.01,-1,-1,-0.01,-1,-1,-0.01,-1,-1,-0.01,-1,-1
99926009,2026-05-18 14:31:57+05:30,53519.5,0,0.0,0,0.0,0.0,53282.15,53619.2,52783.45,53710.35,0,0.0,0.0,0.0,0.0,-0.01,-1,-1,-0.01,-1,-1,-0.01,-1,-1,-0.01,-1,-1,-0.01,-1,-1,-0.01,-1,-1,-0.01,-1,-1,-0.01,-1,-1,-0.01,-1,-1,-0.01,-1,-1
99926009,2026-05-18 14:31:57+05:30,53519.55,0,0.0,0,0.0,0.0,53282.15,53619.2,52783.45,53710.35,0,0.0,0.0,0.0,0.0,-0.01,-1,-1,-0.01,-1,-1,-0.01,-1,-1,-0.01,-1,-1,-0.01,-1,-1,-0.01,-1,-1,-0.01,-1,-1,-0.01,-1,-1,-0.01,-1,-1,-0.01,-1,-1
99926009,2026-05-18 14:31:58+05:30,53518.25,0,0.0,0,0.0,0.0,53282.15,53619.2,52783.45,53710.35,0,0.0,0.0,0.0,0.0,-0.01,-1,-1,-0.01,-1,-1,-0.01,-1,-1,-0.01,-1,-1,-0.01,-1,-1,-0.01,-1,-1,-0.01,-1,-1,-0.01,-1,-1,-0.01,-1,-1,-0.01,-1,-1
99926009,2026-05-18 14:31:58+05:30,53516.75,0,0.0,0,0.0,0.0,53282.15,53619.2,52783.45,53710.35,0,0.0,0.0,0.0,0.0,-0.01,-1,-1,-0.01,-1,-1,-0.01,-1,-1,-0.01,-1,-1,-0.01,-1,-1,-0.01,-1,-1,-0.01,-1,-1,-0.01,-1,-1,-0.01,-1,-1,-0.01,-1,-1
99926009,2026-05-18 14:31:59+05:30,53516.6,0,0.0,0,0.0,0.0,53282.15,53619.2,52783.45,53710.35,0,0.0,0.0,0.0,0.0,-0.01,-1,-1,-0.01,-1,-1,-0.01,-1,-1,-0.01,-1,-1,-0.01,-1,-1,-0.01,-1,-1,-0.01,-1,-1,-0.01,-1,-1,-0.01,-1,-1,-0.01,-1,-1
99926009,2026-05-18 14:31:59+05:30,53514.75,0,0.0,0,0.0,0.0,53282.15,53619.2,52783.45,53710.35,0,0.0,0.0,0.0,0.0,-0.01,-1,-1,-0.01,-1,-1,-0.01,-1,-1,-0.01,-1,-1,-0.01,-1,-1,-0.01,-1,-1,-0.01,-1,-1,-0.01,-1,-1,-0.01,-1,-1,-0.01,-1,-1
99926009,2026-05-18 14:32:00+05:30,53515.4,0,0.0,0,0.0,0.0,53282.15,53619.2,52783.45,53710.35,0,0.0,0.0,0.0,0.0,-0.01,-1,-1,-0.01,-1,-1,-0.01,-1,-1,-0.01,-1,-1,-0.01,-1,-1,-0.01,-1,-1,-0.01,-1,-1,-0.01,-1,-1,-0.01,-1,-1,-0.01,-1,-1
99926009,2026-05-18 14:32:00+05:30,53516.25,0,0.0,0,0.0,0.0,53282.15,53619.2,52783.45,53710.35,0,0.0,0.0,0.0,0.0,-0.01,-1,-1,-0.01,-1,-1,-0.01,-1,-1,-0.01,-1,-1,-0.01,-1,-1,-0.01,-1,-1,-0.01,-1,-1,-0.01,-1,-1,-0.01,-1,-1,-0.01,-1,-1
99926009,2026-05-18 14:32:01+05:30,53514.05,0,0.0,0,0.0,0.0,53282.15,53619.2,52783.45,53710.35,0,0.0,0.0,0.0,0.0,-0.01,-1,-1,-0.01,-1,-1,-0.01,-1,-1,-0.01,-1,-1,-0.01,-1,-1,-0.01,-1,-1,-0.01,-1,-1,-0.01,-1,-1,-0.01,-1,-1,-0.01,-1,-1
99926009,2026-05-18 14:32:01+05:30,53516.4,0,0.0,0,0.0,0.0,53282.15,53619.2,52783.45,53710.35,0,0.0,0.0,0.0,0.0,-0.01,-1,-1,-0.01,-1,-1,-0.01,-1,-1,-0.01,-1,-1,-0.01,-1,-1,-0.01,-1,-1,-0.01,-1,-1,-0.01,-1,-1,-0.01,-1,-1,-0.01,-1,-1
99926009,2026-05-18 14:32:02+05:30,53515.8,0,0.0,0,0.0,0.0,53282.15,53619.2,52783.45,53710.35,0,0.0,0.0,0.0,0.0,-0.01,-1,-1,-0.01,-1,-1,-0.01,-1,-1,-0.01,-1,-1,-0.01,-1,-1,-0.01,-1,-1,-0.01,-1,-1,-0.01,-1,-1,-0.01,-1,-1,-0.01,-1,-1
99926009,2026-05-18 14:32:02+05:30,53518.2,0,0.0,0,0.0,0.0,53282.15,53619.2,52783.45,53710.35,0,0.0,0.0,0.0,0.0,-0.01,-1,-1,-0.01,-1,-1,-0.01,-1,-1,-0.01,-1,-1,-0.01,-1,-1,-0.01,-1,-1,-0.01,-1,-1,-0.01,-1,-1,-0.01,-1,-1,-0.01,-1,-1
99926009,2026-05-18 14:32:03+05:30,53517.85,0,0.0,0,0.0,0.0,53282.15,53619.2,52783.45,53710.35,0,0.0,0.0,0.0,0.0,-0.01,-1,-1,-0.01,-1,-1,-0.01,-1,-1,-0.01,-1,-1,-0.01,-1,-1,-0.01,-1,-1,-0.01,-1,-1,-0.01,-1,-1,-0.01,-1,-1,-0.01,-1,-1
99926009,2026-05-18 14:32:03+05:30,53515.95,0,0.0,0,0.0,0.0,53282.15,53619.2,52783.45,53710.35,0,0.0,0.0,0.0,0.0,-0.01,-1,-1,-0.01,-1,-1,-0.01,-1,-1,-0.01,-1,-1,-0.01,-1,-1,-0.01,-1,-1,-0.01,-1,-1,-0.01,-1,-1,-0.01,-1,-1,-0.01,-1,-1
99926009,2026-05-18 14:32:04+05:30,53519.0,0,0.0,0,0.0,0.0,53282.15,53619.2,52783.45,53710.35,0,0.0,0.0,0.0,0.0,-0.01,-1,-1,-0.01,-1,-1,-0.01,-1,-1,-0.01,-1,-1,-0.01,-1,-1,-0.01,-1,-1,-0.01,-1,-1,-0.01,-1,-1,-0.01,-1,-1,-0.01,-1,-1
99926009,2026-05-18 14:32:04+05:30,53517.25,0,0.0,0,0.0,0.0,53282.15,53619.2,52783.45,53710.35,0,0.0,0.0,0.0,0.0,-0.01,-1,-1,-0.01,-1,-1,-0.01,-1,-1,-0.01,-1,-1,-0.01,-1,-1,-0.01,-1,-1,-0.01,-1,-1,-0.01,-1,-1,-0.01,-1,-1,-0.01,-1,-1
99926009,2026-05-18 14:32:05+05:30,53519.5,0,0.0,0,0.0,0.0,53282.15,53619.2,52783.45,53710.35,0,0.0,0.0,0.0,0.0,-0.01,-1,-1,-0.01,-1,-1,-0.01,-1,-1,-0.01,-1,-1,-0.01,-1,-1,-0.01,-1,-1,-0.01,-1,-1,-0.01,-1,-1,-0.01,-1,-1,-0.01,-1,-1
99926009,2026-05-18 14:32:05+05:30,53518.25,0,0.0,0,0.0,0.0,53282.15,53619.2,52783.45,53710.35,0,0.0,0.0,0.0,0.0,-0.01,-1,-1,-0.01,-1,-1,-0.01,-1,-1,-0.01,-1,-1,-0.01,-1,-1,-0.01,-1,-1,-0.01,-1,-1,-0.01,-1,-1,-0.01,-1,-1,-0.01,-1,-1
99926009,2026-05-18 14:32:06+05:30,53519.6,0,0.0,0,0.0,0.0,53282.15,53619.2,52783.45,53710.35,0,0.0,0.0,0.0,0.0,-0.01,-1,-1,-0.01,-1,-1,-0.01,-1,-1,-0.01,-1,-1,-0.01,-1,-1,-0.01,-1,-1,-0.01,-1,-1,-0.01,-1,-1,-0.01,-1,-1,-0.01,-1,-1
99926009,2026-05-18 14:32:06+05:30,53519.55,0,0.0,0,0.0,0.0,53282.15,53619.2,52783.45,53710.35,0,0.0,0.0,0.0,0.0,-0.01,-1,-1,-0.01,-1,-1,-0.01,-1,-1,-0.01,-1,-1,-0.01,-1,-1,-0.01,-1,-1,-0.01,-1,-1,-0.01,-1,-1,-0.01,-1,-1,-0.01,-1,-1
99926009,2026-05-18 14:32:07+05:30,53518.1,0,0.0,0,0.0,0.0,53282.15,53619.2,52783.45,53710.35,0,0.0,0.0,0.0,0.0,-0.01,-1,-1,-0.01,-1,-1,-0.01,-1,-1,-0.01,-1,-1,-0.01,-1,-1,-0.01,-1,-1,-0.01,-1,-1,-0.01,-1,-1,-0.01,-1,-1,-0.01,-1,-1
99926009,2026-05-18 14:32:07+05:30,53521.7,0,0.0,0,0.0,0.0,53282.15,53619.2,52783.45,53710.35,0,0.0,0.0,0.0,0.0,-0.01,-1,-1,-0.01,-1,-1,-0.01,-1,-1,-0.01,-1,-1,-0.01,-1,-1,-0.01,-1,-1,-0.01,-1,-1,-0.01,-1,-1,-0.01,-1,-1,-0.01,-1,-1
99926009,2026-05-18 14:32:08+05:30,53518.65,0,0.0,0,0.0,0.0,53282.15,53619.2,52783.45,53710.35,0,0.0,0.0,0.0,0.0,-0.01,-1,-1,-0.01,-1,-1,-0.01,-1,-1,-0.01,-1,-1,-0.01,-1,-1,-0.01,-1,-1,-0.01,-1,-1,-0.01,-1,-1,-0.01,-1,-1,-0.01,-1,-1
99926009,2026-05-18 14:32:08+05:30,53517.5,0,0.0,0,0.0,0.0,53282.15,53619.2,52783.45,53710.35,0,0.0,0.0,0.0,0.0,-0.01,-1,-1,-0.01,-1,-1,-0.01,-1,-1,-0.01,-1,-1,-0.01,-1,-1,-0.01,-1,-1,-0.01,-1,-1,-0.01,-1,-1,-0.01,-1,-1,-0.01,-1,-1
99926009,2026-05-18 14:32:09+05:30,53515.6,0,0.0,0,0.0,0.0,53282.15,53619.2,52783.45,53710.35,0,0.0,0.0,0.0,0.0,-0.01,-1,-1,-0.01,-1,-1,-0.01,-1,-1,-0.01,-1,-1,-0.01,-1,-1,-0.01,-1,-1,-0.01,-1,-1,-0.01,-1,-1,-0.01,-1,-1,-0.01,-1,-1
99926009,2026-05-18 14:32:09+05:30,53518.9,0,0.0,0,0.0,0.0,53282.15,53619.2,52783.45,53710.35,0,0.0,0.0,0.0,0.0,-0.01,-1,-1,-0.01,-1,-1,-0.01,-1,-1,-0.01,-1,-1,-0.01,-1,-1,-0.01,-1,-1,-0.01,-1,-1,-0.01,-1,-1,-0.01,-1,-1,-0.01,-1,-1
99926009,2026-05-18 14:32:10+05:30,53516.65,0,0.0,0,0.0,0.0,53282.15,53619.2,52783.45,53710.35,0,0.0,0.0,0.0,0.0,-0.01,-1,-1,-0.01,-1,-1,-0.01,-1,-1,-0.01,-1,-1,-0.01,-1,-1,-0.01,-1,-1,-0.01,-1,-1,-0.01,-1,-1,-0.01,-1,-1,-0.01,-1,-1
99926009,2026-05-18 14:32:10+05:30,53518.8,0,0.0,0,0.0,0.0,53282.15,53619.2,52783.45,53710.35,0,0.0,0.0,0.0,0.0,-0.01,-1,-1,-0.01,-1,-1,-0.01,-1,-1,-0.01,-1,-1,-0.01,-1,-1,-0.01,-1,-1,-0.01,-1,-1,-0.01,-1,-1,-0.01,-1,-1,-0.01,-1,-1
99926009,2026-05-18 14:32:11+05:30,53517.5,0,0.0,0,0.0,0.0,53282.15,53619.2,52783.45,53710.35,0,0.0,0.0,0.0,0.0,-0.01,-1,-1,-0.01,-1,-1,-0.01,-1,-1,-0.01,-1,-1,-0.01,-1,-1,-0.01,-1,-1,-0.01,-1,-1,-0.01,-1,-1,-0.01,-1,-1,-0.01,-1,-1
99926009,2026-05-18 14:32:11+05:30,53519.25,0,0.0,0,0.0,0.0,53282.15,53619.2,52783.45,53710.35,0,0.0,0.0,0.0,0.0,-0.01,-1,-1,-0.01,-1,-1,-0.01,-1,-1,-0.01,-1,-1,-0.01,-1,-1,-0.01,-1,-1,-0.01,-1,-1,-0.01,-1,-1,-0.01,-1,-1,-0.01,-1,-1
99926009,2026-05-18 14:32:12+05:30,53519.3,0,0.0,0,0.0,0.0,53282.15,53619.2,52783.45,53710.35,0,0.0,0.0,0.0,0.0,-0.01,-1,-1,-0.01,-1,-1,-0.01,-1,-1,-0.01,-1,-1,-0.01,-1,-1,-0.01,-1,-1,-0.01,-1,-1,-0.01,-1,-1,-0.01,-1,-1,-0.01,-1,-1
99926009,2026-05-18 14:32:12+05:30,53516.75,0,0.0,0,0.0,0.0,53282.15,53619.2,52783.45,53710.35,0,0.0,0.0,0.0,0.0,-0.01,-1,-1,-0.01,-1,-1,-0.01,-1,-1,-0.01,-1,-1,-0.01,-1,-1,-0.01,-1,-1,-0.01,-1,-1,-0.01,-1,-1,-0.01,-1,-1,-0.01,-1,-1
99926009,2026-05-18 14:32:13+05:30,53516.65,0,0.0,0,0.0,0.0,53282.15,53619.2,52783.45,53710.35,0,0.0,0.0,0.0,0.0,-0.01,-1,-1,-0.01,-1,-1,-0.01,-1,-1,-0.01,-1,-1,-0.01,-1,-1,-0.01,-1,-1,-0.01,-1,-1,-0.01,-1,-1,-0.01,-1,-1,-0.01,-1,-1
99926009,2026-05-18 14:32:13+05:30,53516.9,0,0.0,0,0.0,0.0,53282.15,53619.2,52783.45,53710.35,0,0.0,0.0,0.0,0.0,-0.01,-1,-1,-0.01,-1,-1,-0.01,-1,-1,-0.01,-1,-1,-0.01,-1,-1,-0.01,-1,-1,-0.01,-1,-1,-0.01,-1,-1,-0.01,-1,-1,-0.01,-1,-1
99926009,2026-05-18 14:32:14+05:30,53520.15,0,0.0,0,0.0,0.0,53282.15,53619.2,52783.45,53710.35,0,0.0,0.0,0.0,0.0,-0.01,-1,-1,-0.01,-1,-1,-0.01,-1,-1,-0.01,-1,-1,-0.01,-1,-1,-0.01,-1,-1,-0.01,-1,-1,-0.01,-1,-1,-0.01,-1,-1,-0.01,-1,-1
99926009,2026-05-18 14:32:14+05:30,53518.95,0,0.0,0,0.0,0.0,53282.15,53619.2,52783.45,53710.35,0,0.0,0.0,0.0,0.0,-0.01,-1,-1,-0.01,-1,-1,-0.01,-1,-1,-0.01,-1,-1,-0.01,-1,-1,-0.01,-1,-1,-0.01,-1,-1,-0.01,-1,-1,-0.01,-1,-1,-0.01,-1,-1
99926009,2026-05-18 14:32:15+05:30,53519.55,0,0.0,0,0.0,0.0,53282.15,53619.2,52783.45,53710.35,0,0.0,0.0,0.0,0.0,-0.01,-1,-1,-0.01,-1,-1,-0.01,-1,-1,-0.01,-1,-1,-0.01,-1,-1,-0.01,-1,-1,-0.01,-1,-1,-0.01,-1,-1,-0.01,-1,-1,-0.01,-1,-1
99926009,2026-05-18 14:32:15+05:30,53521.8,0,0.0,0,0.0,0.0,53282.15,53619.2,52783.45,53710.35,0,0.0,0.0,0.0,0.0,-0.01,-1,-1,-0.01,-1,-1,-0.01,-1,-1,-0.01,-1,-1,-0.01,-1,-1,-0.01,-1,-1,-0.01,-1,-1,-0.01,-1,-1,-0.01,-1,-1,-0.01,-1,-1
99926009,2026-05-18 14:32:16+05:30,53520.35,0,0.0,0,0.0,0.0,53282.15,53619.2,52783.45,53710.35,0,0.0,0.0,0.0,0.0,-0.01,-1,-1,-0.01,-1,-1,-0.01,-1,-1,-0.01,-1,-1,-0.01,-1,-1,-0.01,-1,-1,-0.01,-1,-1,-0.01,-1,-1,-0.01,-1,-1,-0.01,-1,-1
99926009,2026-05-18 14:32:16+05:30,53520.15,0,0.0,0,0.0,0.0,53282.15,53619.2,52783.45,53710.35,0,0.0,0.0,0.0,0.0,-0.01,-1,-1,-0.01,-1,-1,-0.01,-1,-1,-0.01,-1,-1,-0.01,-1,-1,-0.01,-1,-1,-0.01,-1,-1,-0.01,-1,-1,-0.01,-1,-1,-0.01,-1,-1
99926009,2026-05-18 14:32:17+05:30,53517.9,0,0.0,0,0.0,0.0,53282.15,53619.2,52783.45,53710.35,0,0.0,0.0,0.0,0.0,-0.01,-1,-1,-0.01,-1,-1,-0.01,-1,-1,-0.01,-1,-1,-0.01,-1,-1,-0.01,-1,-1,-0.01,-1,-1,-0.01,-1,-1,-0.01,-1,-1,-0.01,-1,-1
99926009,2026-05-18 14:32:17+05:30,53515.9,0,0.0,0,0.0,0.0,53282.15,53619.2,52783.45,53710.35,0,0.0,0.0,0.0,0.0,-0.01,-1,-1,-0.01,-1,-1,-0.01,-1,-1,-0.01,-1,-1,-0.01,-1,-1,-0.01,-1,-1,-0.01,-1,-1,-0.01,-1,-1,-0.01,-1,-1,-0.01,-1,-1
99926009,2026-05-18 14:32:18+05:30,53517.2,0,0.0,0,0.0,0.0,53282.15,53619.2,52783.45,53710.35,0,0.0,0.0,0.0,0.0,-0.01,-1,-1,-0.01,-1,-1,-0.01,-1,-1,-0.01,-1,-1,-0.01,-1,-1,-0.01,-1,-1,-0.01,-1,-1,-0.01,-1,-1,-0.01,-1,-1,-0.01,-1,-1
99926009,2026-05-18 14:32:18+05:30,53518.95,0,0.0,0,0.0,0.0,53282.15,53619.2,52783.45,53710.35,0,0.0,0.0,0.0,0.0,-0.01,-1,-1,-0.01,-1,-1,-0.01,-1,-1,-0.01,-1,-1,-0.01,-1,-1,-0.01,-1,-1,-0.01,-1,-1,-0.01,-1,-1,-0.01,-1,-1,-0.01,-1,-1
99926009,2026-05-18 14:32:19+05:30,53515.45,0,0.0,0,0.0,0.0,53282.15,53619.2,52783.45,53710.35,0,0.0,0.0,0.0,0.0,-0.01,-1,-1,-0.01,-1,-1,-0.01,-1,-1,-0.01,-1,-1,-0.01,-1,-1,-0.01,-1,-1,-0.01,-1,-1,-0.01,-1,-1,-0.01,-1,-1,-0.01,-1,-1
99926009,2026-05-18 14:32:19+05:30,53519.6,0,0.0,0,0.0,0.0,53282.15,53619.2,52783.45,53710.35,0,0.0,0.0,0.0,0.0,-0.01,-1,-1,-0.01,-1,-1,-0.01,-1,-1,-0.01,-1,-1,-0.01,-1,-1,-0.01,-1,-1,-0.01,-1,-1,-0.01,-1,-1,-0.01,-1,-1,-0.01,-1,-1
99926009,2026-05-18 14:32:20+05:30,53519.9,0,0.0,0,0.0,0.0,53282.15,53619.2,52783.45,53710.35,0,0.0,0.0,0.0,0.0,-0.01,-1,-1,-0.01,-1,-1,-0.01,-1,-1,-0.01,-1,-1,-0.01,-1,-1,-0.01,-1,-1,-0.01,-1,-1,-0.01,-1,-1,-0.01,-1,-1,-0.01,-1,-1
99926009,2026-05-18 14:32:20+05:30,53517.95,0,0.0,0,0.0,0.0,53282.15,53619.2,52783.45,53710.35,0,0.0,0.0,0.0,0.0,-0.01,-1,-1,-0.01,-1,-1,-0.01,-1,-1,-0.01,-1,-1,-0.01,-1,-1,-0.01,-1,-1,-0.01,-1,-1,-0.01,-1,-1,-0.01,-1,-1,-0.01,-1,-1
99926009,2026-05-18 14:32:21+05:30,53519.6,0,0.0,0,0.0,0.0,53282.15,53619.2,52783.45,53710.35,0,0.0,0.0,0.0,0.0,-0.01,-1,-1,-0.01,-1,-1,-0.01,-1,-1,-0.01,-1,-1,-0.01,-1,-1,-0.01,-1,-1,-0.01,-1,-1,-0.01,-1,-1,-0.01,-1,-1,-0.01,-1,-1
99926009,2026-05-18 14:32:21+05:30,53517.85,0,0.0,0,0.0,0.0,53282.15,53619.2,52783.45,53710.35,0,0.0,0.0,0.0,0.0,-0.01,-1,-1,-0.01,-1,-1,-0.01,-1,-1,-0.01,-1,-1,-0.01,-1,-1,-0.01,-1,-1,-0.01,-1,-1,-0.01,-1,-1,-0.01,-1,-1,-0.01,-1,-1
99926009,2026-05-18 14:32:22+05:30,53517.2,0,0.0,0,0.0,0.0,53282.15,53619.2,52783.45,53710.35,0,0.0,0.0,0.0,0.0,-0.01,-1,-1,-0.01,-1,-1,-0.01,-1,-1,-0.01,-1,-1,-0.01,-1,-1,-0.01,-1,-1,-0.01,-1,-1,-0.01,-1,-1,-0.01,-1,-1,-0.01,-1,-1
99926009,2026-05-18 14:32:22+05:30,53516.3,0,0.0,0,0.0,0.0,53282.15,53619.2,52783.45,53710.35,0,0.0,0.0,0.0,0.0,-0.01,-1,-1,-0.01,-1,-1,-0.01,-1,-1,-0.01,-1,-1,-0.01,-1,-1,-0.01,-1,-1,-0.01,-1,-1,-0.01,-1,-1,-0.01,-1,-1,-0.01,-1,-1
99926009,2026-05-18 14:32:23+05:30,53521.25,0,0.0,0,0.0,0.0,53282.15,53619.2,52783.45,53710.35,0,0.0,0.0,0.0,0.0,-0.01,-1,-1,-0.01,-1,-1,-0.01,-1,-1,-0.01,-1,-1,-0.01,-1,-1,-0.01,-1,-1,-0.01,-1,-1,-0.01,-1,-1,-0.01,-1,-1,-0.01,-1,-1
99926009,2026-05-18 14:32:23+05:30,53521.85,0,0.0,0,0.0,0.0,53282.15,53619.2,52783.45,53710.35,0,0.0,0.0,0.0,0.0,-0.01,-1,-1,-0.01,-1,-1,-0.01,-1,-1,-0.01,-1,-1,-0.01,-1,-1,-0.01,-1,-1,-0.01,-1,-1,-0.01,-1,-1,-0.01,-1,-1,-0.01,-1,-1
99926009,2026-05-18 14:32:24+05:30,53517.7,0,0.0,0,0.0,0.0,53282.15,53619.2,52783.45,53710.35,0,0.0,0.0,0.0,0.0,-0.01,-1,-1,-0.01,-1,-1,-0.01,-1,-1,-0.01,-1,-1,-0.01,-1,-1,-0.01,-1,-1,-0.01,-1,-1,-0.01,-1,-1,-0.01,-1,-1,-0.01,-1,-1
99926009,2026-05-18 14:32:24+05:30,53521.3,0,0.0,0,0.0,0.0,53282.15,53619.2,52783.45,53710.35,0,0.0,0.0,0.0,0.0,-0.01,-1,-1,-0.01,-1,-1,-0.01,-1,-1,-0.01,-1,-1,-0.01,-1,-1,-0.01,-1,-1,-0.01,-1,-1,-0.01,-1,-1,-0.01,-1,-1,-0.01,-1,-1
99926009,2026-05-18 14:32:25+05:30,53517.45,0,0.0,0,0.0,0.0,53282.15,53619.2,52783.45,53710.35,0,0.0,0.0,0.0,0.0,-0.01,-1,-1,-0.01,-1,-1,-0.01,-1,-1,-0.01,-1,-1,-0.01,-1,-1,-0.01,-1,-1,-0.01,-1,-1,-0.01,-1,-1,-0.01,-1,-1,-0.01,-1,-1
99926009,2026-05-18 14:32:25+05:30,53524.2,0,0.0,0,0.0,0.0,53282.15,53619.2,52783.45,53710.35,0,0.0,0.0,0.0,0.0,-0.01,-1,-1,-0.01,-1,-1,-0.01,-1,-1,-0.01,-1,-1,-0.01,-1,-1,-0.01,-1,-1,-0.01,-1,-1,-0.01,-1,-1,-0.01,-1,-1,-0.01,-1,-1
99926009,2026-05-18 14:32:26+05:30,53521.7,0,0.0,0,0.0,0.0,53282.15,53619.2,52783.45,53710.35,0,0.0,0.0,0.0,0.0,-0.01,-1,-1,-0.01,-1,-1,-0.01,-1,-1,-0.01,-1,-1,-0.01,-1,-1,-0.01,-1,-1,-0.01,-1,-1,-0.01,-1,-1,-0.01,-1,-1,-0.01,-1,-1
99926009,2026-05-18 14:32:26+05:30,53521.0,0,0.0,0,0.0,0.0,53282.15,53619.2,52783.45,53710.35,0,0.0,0.0,0.0,0.0,-0.01,-1,-1,-0.01,-1,-1,-0.01,-1,-1,-0.01,-1,-1,-0.01,-1,-1,-0.01,-1,-1,-0.01,-1,-1,-0.01,-1,-1,-0.01,-1,-1,-0.01,-1,-1
99926009,2026-05-18 14:32:27+05:30,53521.25,0,0.0,0,0.0,0.0,53282.15,53619.2,52783.45,53710.35,0,0.0,0.0,0.0,0.0,-0.01,-1,-1,-0.01,-1,-1,-0.01,-1,-1,-0.01,-1,-1,-0.01,-1,-1,-0.01,-1,-1,-0.01,-1,-1,-0.01,-1,-1,-0.01,-1,-1,-0.01,-1,-1
99926009,2026-05-18 14:32:27+05:30,53524.9,0,0.0,0,0.0,0.0,53282.15,53619.2,52783.45,53710.35,0,0.0,0.0,0.0,0.0,-0.01,-1,-1,-0.01,-1,-1,-0.01,-1,-1,-0.01,-1,-1,-0.01,-1,-1,-0.01,-1,-1,-0.01,-1,-1,-0.01,-1,-1,-0.01,-1,-1,-0.01,-1,-1
99926009,2026-05-18 14:32:28+05:30,53522.05,0,0.0,0,0.0,0.0,53282.15,53619.2,52783.45,53710.35,0,0.0,0.0,0.0,0.0,-0.01,-1,-1,-0.01,-1,-1,-0.01,-1,-1,-0.01,-1,-1,-0.01,-1,-1,-0.01,-1,-1,-0.01,-1,-1,-0.01,-1,-1,-0.01,-1,-1,-0.01,-1,-1
99926009,2026-05-18 14:32:28+05:30,53523.3,0,0.0,0,0.0,0.0,53282.15,53619.2,52783.45,53710.35,0,0.0,0.0,0.0,0.0,-0.01,-1,-1,-0.01,-1,-1,-0.01,-1,-1,-0.01,-1,-1,-0.01,-1,-1,-0.01,-1,-1,-0.01,-1,-1,-0.01,-1,-1,-0.01,-1,-1,-0.01,-1,-1
99926009,2026-05-18 14:32:29+05:30,53527.75,0,0.0,0,0.0,0.0,53282.15,53619.2,52783.45,53710.35,0,0.0,0.0,0.0,0.0,-0.01,-1,-1,-0.01,-1,-1,-0.01,-1,-1,-0.01,-1,-1,-0.01,-1,-1,-0.01,-1,-1,-0.01,-1,-1,-0.01,-1,-1,-0.01,-1,-1,-0.01,-1,-1
99926009,2026-05-18 14:32:29+05:30,53526.85,0,0.0,0,0.0,0.0,53282.15,53619.2,52783.45,53710.35,0,0.0,0.0,0.0,0.0,-0.01,-1,-1,-0.01,-1,-1,-0.01,-1,-1,-0.01,-1,-1,-0.01,-1,-1,-0.01,-1,-1,-0.01,-1,-1,-0.01,-1,-1,-0.01,-1,-1,-0.01,-1,-1
99926009,2026-05-18 14:32:30+05:30,53526.35,0,0.0,0,0.0,0.0,53282.15,53619.2,52783.45,53710.35,0,0.0,0.0,0.0,0.0,-0.01,-1,-1,-0.01,-1,-1,-0.01,-1,-1,-0.01,-1,-1,-0.01,-1,-1,-0.01,-1,-1,-0.01,-1,-1,-0.01,-1,-1,-0.01,-1,-1,-0.01,-1,-1
99926009,2026-05-18 14:32:30+05:30,53524.4,0,0.0,0,0.0,0.0,53282.15,53619.2,52783.45,53710.35,0,0.0,0.0,0.0,0.0,-0.01,-1,-1,-0.01,-1,-1,-0.01,-1,-1,-0.01,-1,-1,-0.01,-1,-1,-0.01,-1,-1,-0.01,-1,-1,-0.01,-1,-1,-0.01,-1,-1,-0.01,-1,-1
99926009,2026-05-18 14:32:31+05:30,53525.25,0,0.0,0,0.0,0.0,53282.15,53619.2,52783.45,53710.35,0,0.0,0.0,0.0,0.0,-0.01,-1,-1,-0.01,-1,-1,-0.01,-1,-1,-0.01,-1,-1,-0.01,-1,-1,-0.01,-1,-1,-0.01,-1,-1,-0.01,-1,-1,-0.01,-1,-1,-0.01,-1,-1
99926009,2026-05-18 14:32:31+05:30,53524.4,0,0.0,0,0.0,0.0,53282.15,53619.2,52783.45,53710.35,0,0.0,0.0,0.0,0.0,-0.01,-1,-1,-0.01,-1,-1,-0.01,-1,-1,-0.01,-1,-1,-0.01,-1,-1,-0.01,-1,-1,-0.01,-1,-1,-0.01,-1,-1,-0.01,-1,-1,-0.01,-1,-1
99926009,2026-05-18 14:32:32+05:30,53524.95,0,0.0,0,0.0,0.0,53282.15,53619.2,52783.45,53710.35,0,0.0,0.0,0.0,0.0,-0.01,-1,-1,-0.01,-1,-1,-0.01,-1,-1,-0.01,-1,-1,-0.01,-1,-1,-0.01,-1,-1,-0.01,-1,-1,-0.01,-1,-1,-0.01,-1,-1,-0.01,-1,-1
99926009,2026-05-18 14:32:32+05:30,53523.0,0,0.0,0,0.0,0.0,53282.15,53619.2,52783.45,53710.35,0,0.0,0.0,0.0,0.0,-0.01,-1,-1,-0.01,-1,-1,-0.01,-1,-1,-0.01,-1,-1,-0.01,-1,-1,-0.01,-1,-1,-0.01,-1,-1,-0.01,-1,-1,-0.01,-1,-1,-0.01,-1,-1
99926009,2026-05-18 14:32:33+05:30,53522.3,0,0.0,0,0.0,0.0,53282.15,53619.2,52783.45,53710.35,0,0.0,0.0,0.0,0.0,-0.01,-1,-1,-0.01,-1,-1,-0.01,-1,-1,-0.01,-1,-1,-0.01,-1,-1,-0.01,-1,-1,-0.01,-1,-1,-0.01,-1,-1,-0.01,-1,-1,-0.01,-1,-1
99926009,2026-05-18 14:32:33+05:30,53521.9,0,0.0,0,0.0,0.0,53282.15,53619.2,52783.45,53710.35,0,0.0,0.0,0.0,0.0,-0.01,-1,-1,-0.01,-1,-1,-0.01,-1,-1,-0.01,-1,-1,-0.01,-1,-1,-0.01,-1,-1,-0.01,-1,-1,-0.01,-1,-1,-0.01,-1,-1,-0.01,-1,-1
99926009,2026-05-18 14:32:34+05:30,53524.1,0,0.0,0,0.0,0.0,53282.15,53619.2,52783.45,53710.35,0,0.0,0.0,0.0,0.0,-0.01,-1,-1,-0.01,-1,-1,-0.01,-1,-1,-0.01,-1,-1,-0.01,-1,-1,-0.01,-1,-1,-0.01,-1,-1,-0.01,-1,-1,-0.01,-1,-1,-0.01,-1,-1
99926009,2026-05-18 14:32:34+05:30,53525.0,0,0.0,0,0.0,0.0,53282.15,53619.2,52783.45,53710.35,0,0.0,0.0,0.0,0.0,-0.01,-1,-1,-0.01,-1,-1,-0.01,-1,-1,-0.01,-1,-1,-0.01,-1,-1,-0.01,-1,-1,-0.01,-1,-1,-0.01,-1,-1,-0.01,-1,-1,-0.01,-1,-1
99926009,2026-05-18 14:32:35+05:30,53523.6,0,0.0,0,0.0,0.0,53282.15,53619.2,52783.45,53710.35,0,0.0,0.0,0.0,0.0,-0.01,-1,-1,-0.01,-1,-1,-0.01,-1,-1,-0.01,-1,-1,-0.01,-1,-1,-0.01,-1,-1,-0.01,-1,-1,-0.01,-1,-1,-0.01,-1,-1,-0.01,-1,-1
99926009,2026-05-18 14:32:35+05:30,53522.75,0,0.0,0,0.0,0.0,53282.15,53619.2,52783.45,53710.35,0,0.0,0.0,0.0,0.0,-0.01,-1,-1,-0.01,-1,-1,-0.01,-1,-1,-0.01,-1,-1,-0.01,-1,-1,-0.01,-1,-1,-0.01,-1,-1,-0.01,-1,-1,-0.01,-1,-1,-0.01,-1,-1
99926009,2026-05-18 14:32:36+05:30,53520.75,0,0.0,0,0.0,0.0,53282.15,53619.2,52783.45,53710.35,0,0.0,0.0,0.0,0.0,-0.01,-1,-1,-0.01,-1,-1,-0.01,-1,-1,-0.01,-1,-1,-0.01,-1,-1,-0.01,-1,-1,-0.01,-1,-1,-0.01,-1,-1,-0.01,-1,-1,-0.01,-1,-1
99926009,2026-05-18 14:32:36+05:30,53525.8,0,0.0,0,0.0,0.0,53282.15,53619.2,52783.45,53710.35,0,0.0,0.0,0.0,0.0,-0.01,-1,-1,-0.01,-1,-1,-0.01,-1,-1,-0.01,-1,-1,-0.01,-1,-1,-0.01,-1,-1,-0.01,-1,-1,-0.01,-1,-1,-0.01,-1,-1,-0.01,-1,-1
99926009,2026-05-18 14:32:37+05:30,53524.7,0,0.0,0,0.0,0.0,53282.15,53619.2,52783.45,53710.35,0,0.0,0.0,0.0,0.0,-0.01,-1,-1,-0.01,-1,-1,-0.01,-1,-1,-0.01,-1,-1,-0.01,-1,-1,-0.01,-1,-1,-0.01,-1,-1,-0.01,-1,-1,-0.01,-1,-1,-0.01,-1,-1
99926009,2026-05-18 14:32:37+05:30,53523.8,0,0.0,0,0.0,0.0,53282.15,53619.2,52783.45,53710.35,0,0.0,0.0,0.0,0.0,-0.01,-1,-1,-0.01,-1,-1,-0.01,-1,-1,-0.01,-1,-1,-0.01,-1,-1,-0.01,-1,-1,-0.01,-1,-1,-0.01,-1,-1,-0.01,-1,-1,-0.01,-1,-1
99926009,2026-05-18 14:32:38+05:30,53521.85,0,0.0,0,0.0,0.0,53282.15,53619.2,52783.45,53710.35,0,0.0,0.0,0.0,0.0,-0.01,-1,-1,-0.01,-1,-1,-0.01,-1,-1,-0.01,-1,-1,-0.01,-1,-1,-0.01,-1,-1,-0.01,-1,-1,-0.01,-1,-1,-0.01,-1,-1,-0.01,-1,-1
99926009,2026-05-18 14:32:38+05:30,53520.0,0,0.0,0,0.0,0.0,53282.15,53619.2,52783.45,53710.35,0,0.0,0.0,0.0,0.0,-0.01,-1,-1,-0.01,-1,-1,-0.01,-1,-1,-0.01,-1,-1,-0.01,-1,-1,-0.01,-1,-1,-0.01,-1,-1,-0.01,-1,-1,-0.01,-1,-1,-0.01,-1,-1
99926009,2026-05-18 14:32:39+05:30,53521.05,0,0.0,0,0.0,0.0,53282.15,53619.2,52783.45,53710.35,0,0.0,0.0,0.0,0.0,-0.01,-1,-1,-0.01,-1,-1,-0.01,-1,-1,-0.01,-1,-1,-0.01,-1,-1,-0.01,-1,-1,-0.01,-1,-1,-0.01,-1,-1,-0.01,-1,-1,-0.01,-1,-1
99926009,2026-05-18 14:32:39+05:30,53521.05,0,0.0,0,0.0,0.0,53282.15,53619.2,52783.45,53710.35,0,0.0,0.0,0.0,0.0,-0.01,-1,-1,-0.01,-1,-1,-0.01,-1,-1,-0.01,-1,-1,-0.01,-1,-1,-0.01,-1,-1,-0.01,-1,-1,-0.01,-1,-1,-0.01,-1,-1,-0.01,-1,-1
99926009,2026-05-18 14:32:40+05:30,53522.35,0,0.0,0,0.0,0.0,53282.15,53619.2,52783.45,53710.35,0,0.0,0.0,0.0,0.0,-0.01,-1,-1,-0.01,-1,-1,-0.01,-1,-1,-0.01,-1,-1,-0.01,-1,-1,-0.01,-1,-1,-0.01,-1,-1,-0.01,-1,-1,-0.01,-1,-1,-0.01,-1,-1
99926009,2026-05-18 14:32:40+05:30,53521.7,0,0.0,0,0.0,0.0,53282.15,53619.2,52783.45,53710.35,0,0.0,0.0,0.0,0.0,-0.01,-1,-1,-0.01,-1,-1,-0.01,-1,-1,-0.01,-1,-1,-0.01,-1,-1,-0.01,-1,-1,-0.01,-1,-1,-0.01,-1,-1,-0.01,-1,-1,-0.01,-1,-1
99926009,2026-05-18 14:32:41+05:30,53519.35,0,0.0,0,0.0,0.0,53282.15,53619.2,52783.45,53710.35,0,0.0,0.0,0.0,0.0,-0.01,-1,-1,-0.01,-1,-1,-0.01,-1,-1,-0.01,-1,-1,-0.01,-1,-1,-0.01,-1,-1,-0.01,-1,-1,-0.01,-1,-1,-0.01,-1,-1,-0.01,-1,-1
99926009,2026-05-18 14:32:41+05:30,53509.85,0,0.0,0,0.0,0.0,53282.15,53619.2,52783.45,53710.35,0,0.0,0.0,0.0,0.0,-0.01,-1,-1,-0.01,-1,-1,-0.01,-1,-1,-0.01,-1,-1,-0.01,-1,-1,-0.01,-1,-1,-0.01,-1,-1,-0.01,-1,-1,-0.01,-1,-1,-0.01,-1,-1
99926009,2026-05-18 14:32:42+05:30,53510.9,0,0.0,0,0.0,0.0,53282.15,53619.2,52783.45,53710.35,0,0.0,0.0,0.0,0.0,-0.01,-1,-1,-0.01,-1,-1,-0.01,-1,-1,-0.01,-1,-1,-0.01,-1,-1,-0.01,-1,-1,-0.01,-1,-1,-0.01,-1,-1,-0.01,-1,-1,-0.01,-1,-1
99926009,2026-05-18 14:32:42+05:30,53512.1,0,0.0,0,0.0,0.0,53282.15,53619.2,52783.45,53710.35,0,0.0,0.0,0.0,0.0,-0.01,-1,-1,-0.01,-1,-1,-0.01,-1,-1,-0.01,-1,-1,-0.01,-1,-1,-0.01,-1,-1,-0.01,-1,-1,-0.01,-1,-1,-0.01,-1,-1,-0.01,-1,-1
99926009,2026-05-18 14:32:43+05:30,53512.6,0,0.0,0,0.0,0.0,53282.15,53619.2,52783.45,53710.35,0,0.0,0.0,0.0,0.0,-0.01,-1,-1,-0.01,-1,-1,-0.01,-1,-1,-0.01,-1,-1,-0.01,-1,-1,-0.01,-1,-1,-0.01,-1,-1,-0.01,-1,-1,-0.01,-1,-1,-0.01,-1,-1
99926009,2026-05-18 14:32:43+05:30,53511.55,0,0.0,0,0.0,0.0,53282.15,53619.2,52783.45,53710.35,0,0.0,0.0,0.0,0.0,-0.01,-1,-1,-0.01,-1,-1,-0.01,-1,-1,-0.01,-1,-1,-0.01,-1,-1,-0.01,-1,-1,-0.01,-1,-1,-0.01,-1,-1,-0.01,-1,-1,-0.01,-1,-1
99926009,2026-05-18 14:32:44+05:30,53511.55,0,0.0,0,0.0,0.0,53282.15,53619.2,52783.45,53710.35,0,0.0,0.0,0.0,0.0,-0.01,-1,-1,-0.01,-1,-1,-0.01,-1,-1,-0.01,-1,-1,-0.01,-1,-1,-0.01,-1,-1,-0.01,-1,-1,-0.01,-1,-1,-0.01,-1,-1,-0.01,-1,-1
99926009,2026-05-18 14:32:44+05:30,53508.45,0,0.0,0,0.0,0.0,53282.15,53619.2,52783.45,53710.35,0,0.0,0.0,0.0,0.0,-0.01,-1,-1,-0.01,-1,-1,-0.01,-1,-1,-0.01,-1,-1,-0.01,-1,-1,-0.01,-1,-1,-0.01,-1,-1,-0.01,-1,-1,-0.01,-1,-1,-0.01,-1,-1
99926009,2026-05-18 14:32:45+05:30,53506.1,0,0.0,0,0.0,0.0,53282.15,53619.2,52783.45,53710.35,0,0.0,0.0,0.0,0.0,-0.01,-1,-1,-0.01,-1,-1,-0.01,-1,-1,-0.01,-1,-1,-0.01,-1,-1,-0.01,-1,-1,-0.01,-1,-1,-0.01,-1,-1,-0.01,-1,-1,-0.01,-1,-1
99926009,2026-05-18 14:32:45+05:30,53506.15,0,0.0,0,0.0,0.0,53282.15,53619.2,52783.45,53710.35,0,0.0,0.0,0.0,0.0,-0.01,-1,-1,-0.01,-1,-1,-0.01,-1,-1,-0.01,-1,-1,-0.01,-1,-1,-0.01,-1,-1,-0.01,-1,-1,-0.01,-1,-1,-0.01,-1,-1,-0.01,-1,-1
99926009,2026-05-18 14:32:46+05:30,53505.3,0,0.0,0,0.0,0.0,53282.15,53619.2,52783.45,53710.35,0,0.0,0.0,0.0,0.0,-0.01,-1,-1,-0.01,-1,-1,-0.01,-1,-1,-0.01,-1,-1,-0.01,-1,-1,-0.01,-1,-1,-0.01,-1,-1,-0.01,-1,-1,-0.01,-1,-1,-0.01,-1,-1
99926009,2026-05-18 14:32:46+05:30,53508.15,0,0.0,0,0.0,0.0,53282.15,53619.2,52783.45,53710.35,0,0.0,0.0,0.0,0.0,-0.01,-1,-1,-0.01,-1,-1,-0.01,-1,-1,-0.01,-1,-1,-0.01,-1,-1,-0.01,-1,-1,-0.01,-1,-1,-0.01,-1,-1,-0.01,-1,-1,-0.01,-1,-1
99926009,2026-05-18 14:32:47+05:30,53506.85,0,0.0,0,0.0,0.0,53282.15,53619.2,52783.45,53710.35,0,0.0,0.0,0.0,0.0,-0.01,-1,-1,-0.01,-1,-1,-0.01,-1,-1,-0.01,-1,-1,-0.01,-1,-1,-0.01,-1,-1,-0.01,-1,-1,-0.01,-1,-1,-0.01,-1,-1,-0.01,-1,-1
99926009,2026-05-18 14:32:47+05:30,53501.2,0,0.0,0,0.0,0.0,53282.15,53619.2,52783.45,53710.35,0,0.0,0.0,0.0,0.0,-0.01,-1,-1,-0.01,-1,-1,-0.01,-1,-1,-0.01,-1,-1,-0.01,-1,-1,-0.01,-1,-1,-0.01,-1,-1,-0.01,-1,-1,-0.01,-1,-1,-0.01,-1,-1
99926009,2026-05-18 14:32:48+05:30,53501.6,0,0.0,0,0.0,0.0,53282.15,53619.2,52783.45,53710.35,0,0.0,0.0,0.0,0.0,-0.01,-1,-1,-0.01,-1,-1,-0.01,-1,-1,-0.01,-1,-1,-0.01,-1,-1,-0.01,-1,-1,-0.01,-1,-1,-0.01,-1,-1,-0.01,-1,-1,-0.01,-1,-1
99926009,2026-05-18 14:32:48+05:30,53501.8,0,0.0,0,0.0,0.0,53282.15,53619.2,52783.45,53710.35,0,0.0,0.0,0.0,0.0,-0.01,-1,-1,-0.01,-1,-1,-0.01,-1,-1,-0.01,-1,-1,-0.01,-1,-1,-0.01,-1,-1,-0.01,-1,-1,-0.01,-1,-1,-0.01,-1,-1,-0.01,-1,-1
99926009,2026-05-18 14:32:49+05:30,53500.35,0,0.0,0,0.0,0.0,53282.15,53619.2,52783.45,53710.35,0,0.0,0.0,0.0,0.0,-0.01,-1,-1,-0.01,-1,-1,-0.01,-1,-1,-0.01,-1,-1,-0.01,-1,-1,-0.01,-1,-1,-0.01,-1,-1,-0.01,-1,-1,-0.01,-1,-1,-0.01,-1,-1
99926009,2026-05-18 14:32:49+05:30,53499.8,0,0.0,0,0.0,0.0,53282.15,53619.2,52783.45,53710.35,0,0.0,0.0,0.0,0.0,-0.01,-1,-1,-0.01,-1,-1,-0.01,-1,-1,-0.01,-1,-1,-0.01,-1,-1,-0.01,-1,-1,-0.01,-1,-1,-0.01,-1,-1,-0.01,-1,-1,-0.01,-1,-1
99926009,2026-05-18 14:32:50+05:30,53498.5,0,0.0,0,0.0,0.0,53282.15,53619.2,52783.45,53710.35,0,0.0,0.0,0.0,0.0,-0.01,-1,-1,-0.01,-1,-1,-0.01,-1,-1,-0.01,-1,-1,-0.01,-1,-1,-0.01,-1,-1,-0.01,-1,-1,-0.01,-1,-1,-0.01,-1,-1,-0.01,-1,-1
99926009,2026-05-18 14:32:50+05:30,53500.15,0,0.0,0,0.0,0.0,53282.15,53619.2,52783.45,53710.35,0,0.0,0.0,0.0,0.0,-0.01,-1,-1,-0.01,-1,-1,-0.01,-1,-1,-0.01,-1,-1,-0.01,-1,-1,-0.01,-1,-1,-0.01,-1,-1,-0.01,-1,-1,-0.01,-1,-1,-0.01,-1,-1
99926009,2026-05-18 14:32:51+05:30,53499.45,0,0.0,0,0.0,0.0,53282.15,53619.2,52783.45,53710.35,0,0.0,0.0,0.0,0.0,-0.01,-1,-1,-0.01,-1,-1,-0.01,-1,-1,-0.01,-1,-1,-0.01,-1,-1,-0.01,-1,-1,-0.01,-1,-1,-0.01,-1,-1,-0.01,-1,-1,-0.01,-1,-1
99926009,2026-05-18 14:32:51+05:30,53503.3,0,0.0,0,0.0,0.0,53282.15,53619.2,52783.45,53710.35,0,0.0,0.0,0.0,0.0,-0.01,-1,-1,-0.01,-1,-1,-0.01,-1,-1,-0.01,-1,-1,-0.01,-1,-1,-0.01,-1,-1,-0.01,-1,-1,-0.01,-1,-1,-0.01,-1,-1,-0.01,-1,-1
99926009,2026-05-18 14:32:52+05:30,53503.5,0,0.0,0,0.0,0.0,53282.15,53619.2,52783.45,53710.35,0,0.0,0.0,0.0,0.0,-0.01,-1,-1,-0.01,-1,-1,-0.01,-1,-1,-0.01,-1,-1,-0.01,-1,-1,-0.01,-1,-1,-0.01,-1,-1,-0.01,-1,-1,-0.01,-1,-1,-0.01,-1,-1
99926009,2026-05-18 14:32:52+05:30,53502.6,0,0.0,0,0.0,0.0,53282.15,53619.2,52783.45,53710.35,0,0.0,0.0,0.0,0.0,-0.01,-1,-1,-0.01,-1,-1,-0.01,-1,-1,-0.01,-1,-1,-0.01,-1,-1,-0.01,-1,-1,-0.01,-1,-1,-0.01,-1,-1,-0.01,-1,-1,-0.01,-1,-1
99926009,2026-05-18 14:32:53+05:30,53506.85,0,0.0,0,0.0,0.0,53282.15,53619.2,52783.45,53710.35,0,0.0,0.0,0.0,0.0,-0.01,-1,-1,-0.01,-1,-1,-0.01,-1,-1,-0.01,-1,-1,-0.01,-1,-1,-0.01,-1,-1,-0.01,-1,-1,-0.01,-1,-1,-0.01,-1,-1,-0.01,-1,-1
99926009,2026-05-18 14:32:53+05:30,53504.55,0,0.0,0,0.0,0.0,53282.15,53619.2,52783.45,53710.35,0,0.0,0.0,0.0,0.0,-0.01,-1,-1,-0.01,-1,-1,-0.01,-1,-1,-0.01,-1,-1,-0.01,-1,-1,-0.01,-1,-1,-0.01,-1,-1,-0.01,-1,-1,-0.01,-1,-1,-0.01,-1,-1
99926009,2026-05-18 14:32:54+05:30,53507.25,0,0.0,0,0.0,0.0,53282.15,53619.2,52783.45,53710.35,0,0.0,0.0,0.0,0.0,-0.01,-1,-1,-0.01,-1,-1,-0.01,-1,-1,-0.01,-1,-1,-0.01,-1,-1,-0.01,-1,-1,-0.01,-1,-1,-0.01,-1,-1,-0.01,-1,-1,-0.01,-1,-1
99926009,2026-05-18 14:32:54+05:30,53510.95,0,0.0,0,0.0,0.0,53282.15,53619.2,52783.45,53710.35,0,0.0,0.0,0.0,0.0,-0.01,-1,-1,-0.01,-1,-1,-0.01,-1,-1,-0.01,-1,-1,-0.01,-1,-1,-0.01,-1,-1,-0.01,-1,-1,-0.01,-1,-1,-0.01,-1,-1,-0.01,-1,-1
99926009,2026-05-18 14:32:55+05:30,53513.1,0,0.0,0,0.0,0.0,53282.15,53619.2,52783.45,53710.35,0,0.0,0.0,0.0,0.0,-0.01,-1,-1,-0.01,-1,-1,-0.01,-1,-1,-0.01,-1,-1,-0.01,-1,-1,-0.01,-1,-1,-0.01,-1,-1,-0.01,-1,-1,-0.01,-1,-1,-0.01,-1,-1
99926009,2026-05-18 14:32:55+05:30,53514.2,0,0.0,0,0.0,0.0,53282.15,53619.2,52783.45,53710.35,0,0.0,0.0,0.0,0.0,-0.01,-1,-1,-0.01,-1,-1,-0.01,-1,-1,-0.01,-1,-1,-0.01,-1,-1,-0.01,-1,-1,-0.01,-1,-1,-0.01,-1,-1,-0.01,-1,-1,-0.01,-1,-1
99926009,2026-05-18 14:32:56+05:30,53509.25,0,0.0,0,0.0,0.0,53282.15,53619.2,52783.45,53710.35,0,0.0,0.0,0.0,0.0,-0.01,-1,-1,-0.01,-1,-1,-0.01,-1,-1,-0.01,-1,-1,-0.01,-1,-1,-0.01,-1,-1,-0.01,-1,-1,-0.01,-1,-1,-0.01,-1,-1,-0.01,-1,-1
99926009,2026-05-18 14:32:56+05:30,53504.65,0,0.0,0,0.0,0.0,53282.15,53619.2,52783.45,53710.35,0,0.0,0.0,0.0,0.0,-0.01,-1,-1,-0.01,-1,-1,-0.01,-1,-1,-0.01,-1,-1,-0.01,-1,-1,-0.01,-1,-1,-0.01,-1,-1,-0.01,-1,-1,-0.01,-1,-1,-0.01,-1,-1
99926009,2026-05-18 14:32:57+05:30,53503.85,0,0.0,0,0.0,0.0,53282.15,53619.2,52783.45,53710.35,0,0.0,0.0,0.0,0.0,-0.01,-1,-1,-0.01,-1,-1,-0.01,-1,-1,-0.01,-1,-1,-0.01,-1,-1,-0.01,-1,-1,-0.01,-1,-1,-0.01,-1,-1,-0.01,-1,-1,-0.01,-1,-1
99926009,2026-05-18 14:32:57+05:30,53502.3,0,0.0,0,0.0,0.0,53282.15,53619.2,52783.45,53710.35,0,0.0,0.0,0.0,0.0,-0.01,-1,-1,-0.01,-1,-1,-0.01,-1,-1,-0.01,-1,-1,-0.01,-1,-1,-0.01,-1,-1,-0.01,-1,-1,-0.01,-1,-1,-0.01,-1,-1,-0.01,-1,-1
99926009,2026-05-18 14:32:58+05:30,53501.6,0,0.0,0,0.0,0.0,53282.15,53619.2,52783.45,53710.35,0,0.0,0.0,0.0,0.0,-0.01,-1,-1,-0.01,-1,-1,-0.01,-1,-1,-0.01,-1,-1,-0.01,-1,-1,-0.01,-1,-1,-0.01,-1,-1,-0.01,-1,-1,-0.01,-1,-1,-0.01,-1,-1
99926009,2026-05-18 14:32:58+05:30,53502.65,0,0.0,0,0.0,0.0,53282.15,53619.2,52783.45,53710.35,0,0.0,0.0,0.0,0.0,-0.01,-1,-1,-0.01,-1,-1,-0.01,-1,-1,-0.01,-1,-1,-0.01,-1,-1,-0.01,-1,-1,-0.01,-1,-1,-0.01,-1,-1,-0.01,-1,-1,-0.01,-1,-1
99926009,2026-05-18 14:32:59+05:30,53505.2,0,0.0,0,0.0,0.0,53282.15,53619.2,52783.45,53710.35,0,0.0,0.0,0.0,0.0,-0.01,-1,-1,-0.01,-1,-1,-0.01,-1,-1,-0.01,-1,-1,-0.01,-1,-1,-0.01,-1,-1,-0.01,-1,-1,-0.01,-1,-1,-0.01,-1,-1,-0.01,-1,-1
99926009,2026-05-18 14:32:59+05:30,53502.1,0,0.0,0,0.0,0.0,53282.15,53619.2,52783.45,53710.35,0,0.0,0.0,0.0,0.0,-0.01,-1,-1,-0.01,-1,-1,-0.01,-1,-1,-0.01,-1,-1,-0.01,-1,-1,-0.01,-1,-1,-0.01,-1,-1,-0.01,-1,-1,-0.01,-1,-1,-0.01,-1,-1
99926009,2026-05-18 14:33:00+05:30,53502.7,0,0.0,0,0.0,0.0,53282.15,53619.2,52783.45,53710.35,0,0.0,0.0,0.0,0.0,-0.01,-1,-1,-0.01,-1,-1,-0.01,-1,-1,-0.01,-1,-1,-0.01,-1,-1,-0.01,-1,-1,-0.01,-1,-1,-0.01,-1,-1,-0.01,-1,-1,-0.01,-1,-1
99926009,2026-05-18 14:33:00+05:30,53502.8,0,0.0,0,0.0,0.0,53282.15,53619.2,52783.45,53710.35,0,0.0,0.0,0.0,0.0,-0.01,-1,-1,-0.01,-1,-1,-0.01,-1,-1,-0.01,-1,-1,-0.01,-1,-1,-0.01,-1,-1,-0.01,-1,-1,-0.01,-1,-1,-0.01,-1,-1,-0.01,-1,-1
99926009,2026-05-18 14:33:01+05:30,53503.2,0,0.0,0,0.0,0.0,53282.15,53619.2,52783.45,53710.35,0,0.0,0.0,0.0,0.0,-0.01,-1,-1,-0.01,-1,-1,-0.01,-1,-1,-0.01,-1,-1,-0.01,-1,-1,-0.01,-1,-1,-0.01,-1,-1,-0.01,-1,-1,-0.01,-1,-1,-0.01,-1,-1
99926009,2026-05-18 14:33:01+05:30,53504.2,0,0.0,0,0.0,0.0,53282.15,53619.2,52783.45,53710.35,0,0.0,0.0,0.0,0.0,-0.01,-1,-1,-0.01,-1,-1,-0.01,-1,-1,-0.01,-1,-1,-0.01,-1,-1,-0.01,-1,-1,-0.01,-1,-1,-0.01,-1,-1,-0.01,-1,-1,-0.01,-1,-1
99926009,2026-05-18 14:33:02+05:30,53499.1,0,0.0,0,0.0,0.0,53282.15,53619.2,52783.45,53710.35,0,0.0,0.0,0.0,0.0,-0.01,-1,-1,-0.01,-1,-1,-0.01,-1,-1,-0.01,-1,-1,-0.01,-1,-1,-0.01,-1,-1,-0.01,-1,-1,-0.01,-1,-1,-0.01,-1,-1,-0.01,-1,-1
99926009,2026-05-18 14:33:02+05:30,53501.25,0,0.0,0,0.0,0.0,53282.15,53619.2,52783.45,53710.35,0,0.0,0.0,0.0,0.0,-0.01,-1,-1,-0.01,-1,-1,-0.01,-1,-1,-0.01,-1,-1,-0.01,-1,-1,-0.01,-1,-1,-0.01,-1,-1,-0.01,-1,-1,-0.01,-1,-1,-0.01,-1,-1
99926009,2026-05-18 14:33:03+05:30,53501.25,0,0.0,0,0.0,0.0,53282.15,53619.2,52783.45,53710.35,0,0.0,0.0,0.0,0.0,-0.01,-1,-1,-0.01,-1,-1,-0.01,-1,-1,-0.01,-1,-1,-0.01,-1,-1,-0.01,-1,-1,-0.01,-1,-1,-0.01,-1,-1,-0.01,-1,-1,-0.01,-1,-1
99926009,2026-05-18 14:33:03+05:30,53498.65,0,0.0,0,0.0,0.0,53282.15,53619.2,52783.45,53710.35,0,0.0,0.0,0.0,0.0,-0.01,-1,-1,-0.01,-1,-1,-0.01,-1,-1,-0.01,-1,-1,-0.01,-1,-1,-0.01,-1,-1,-0.01,-1,-1,-0.01,-1,-1,-0.01,-1,-1,-0.01,-1,-1
99926009,2026-05-18 14:33:04+05:30,53500.75,0,0.0,0,0.0,0.0,53282.15,53619.2,52783.45,53710.35,0,0.0,0.0,0.0,0.0,-0.01,-1,-1,-0.01,-1,-1,-0.01,-1,-1,-0.01,-1,-1,-0.01,-1,-1,-0.01,-1,-1,-0.01,-1,-1,-0.01,-1,-1,-0.01,-1,-1,-0.01,-1,-1
99926009,2026-05-18 14:33:04+05:30,53498.65,0,0.0,0,0.0,0.0,53282.15,53619.2,52783.45,53710.35,0,0.0,0.0,0.0,0.0,-0.01,-1,-1,-0.01,-1,-1,-0.01,-1,-1,-0.01,-1,-1,-0.01,-1,-1,-0.01,-1,-1,-0.01,-1,-1,-0.01,-1,-1,-0.01,-1,-1,-0.01,-1,-1
99926009,2026-05-18 14:33:05+05:30,53501.7,0,0.0,0,0.0,0.0,53282.15,53619.2,52783.45,53710.35,0,0.0,0.0,0.0,0.0,-0.01,-1,-1,-0.01,-1,-1,-0.01,-1,-1,-0.01,-1,-1,-0.01,-1,-1,-0.01,-1,-1,-0.01,-1,-1,-0.01,-1,-1,-0.01,-1,-1,-0.01,-1,-1
99926009,2026-05-18 14:33:05+05:30,53503.4,0,0.0,0,0.0,0.0,53282.15,53619.2,52783.45,53710.35,0,0.0,0.0,0.0,0.0,-0.01,-1,-1,-0.01,-1,-1,-0.01,-1,-1,-0.01,-1,-1,-0.01,-1,-1,-0.01,-1,-1,-0.01,-1,-1,-0.01,-1,-1,-0.01,-1,-1,-0.01,-1,-1
99926009,2026-05-18 14:33:06+05:30,53504.9,0,0.0,0,0.0,0.0,53282.15,53619.2,52783.45,53710.35,0,0.0,0.0,0.0,0.0,-0.01,-1,-1,-0.01,-1,-1,-0.01,-1,-1,-0.01,-1,-1,-0.01,-1,-1,-0.01,-1,-1,-0.01,-1,-1,-0.01,-1,-1,-0.01,-1,-1,-0.01,-1,-1
99926009,2026-05-18 14:33:06+05:30,53500.7,0,0.0,0,0.0,0.0,53282.15,53619.2,52783.45,53710.35,0,0.0,0.0,0.0,0.0,-0.01,-1,-1,-0.01,-1,-1,-0.01,-1,-1,-0.01,-1,-1,-0.01,-1,-1,-0.01,-1,-1,-0.01,-1,-1,-0.01,-1,-1,-0.01,-1,-1,-0.01,-1,-1
99926009,2026-05-18 14:33:07+05:30,53503.55,0,0.0,0,0.0,0.0,53282.15,53619.2,52783.45,53710.35,0,0.0,0.0,0.0,0.0,-0.01,-1,-1,-0.01,-1,-1,-0.01,-1,-1,-0.01,-1,-1,-0.01,-1,-1,-0.01,-1,-1,-0.01,-1,-1,-0.01,-1,-1,-0.01,-1,-1,-0.01,-1,-1
99926009,2026-05-18 14:33:07+05:30,53499.65,0,0.0,0,0.0,0.0,53282.15,53619.2,52783.45,53710.35,0,0.0,0.0,0.0,0.0,-0.01,-1,-1,-0.01,-1,-1,-0.01,-1,-1,-0.01,-1,-1,-0.01,-1,-1,-0.01,-1,-1,-0.01,-1,-1,-0.01,-1,-1,-0.01,-1,-1,-0.01,-1,-1
99926009,2026-05-18 14:33:08+05:30,53498.55,0,0.0,0,0.0,0.0,53282.15,53619.2,52783.45,53710.35,0,0.0,0.0,0.0,0.0,-0.01,-1,-1,-0.01,-1,-1,-0.01,-1,-1,-0.01,-1,-1,-0.01,-1,-1,-0.01,-1,-1,-0.01,-1,-1,-0.01,-1,-1,-0.01,-1,-1,-0.01,-1,-1
99926009,2026-05-18 14:33:08+05:30,53501.05,0,0.0,0,0.0,0.0,53282.15,53619.2,52783.45,53710.35,0,0.0,0.0,0.0,0.0,-0.01,-1,-1,-0.01,-1,-1,-0.01,-1,-1,-0.01,-1,-1,-0.01,-1,-1,-0.01,-1,-1,-0.01,-1,-1,-0.01,-1,-1,-0.01,-1,-1,-0.01,-1,-1
99926009,2026-05-18 14:33:09+05:30,53501.55,0,0.0,0,0.0,0.0,53282.15,53619.2,52783.45,53710.35,0,0.0,0.0,0.0,0.0,-0.01,-1,-1,-0.01,-1,-1,-0.01,-1,-1,-0.01,-1,-1,-0.01,-1,-1,-0.01,-1,-1,-0.01,-1,-1,-0.01,-1,-1,-0.01,-1,-1,-0.01,-1,-1
99926009,2026-05-18 14:33:09+05:30,53503.4,0,0.0,0,0.0,0.0,53282.15,53619.2,52783.45,53710.35,0,0.0,0.0,0.0,0.0,-0.01,-1,-1,-0.01,-1,-1,-0.01,-1,-1,-0.01,-1,-1,-0.01,-1,-1,-0.01,-1,-1,-0.01,-1,-1,-0.01,-1,-1,-0.01,-1,-1,-0.01,-1,-1
99926009,2026-05-18 14:33:10+05:30,53501.75,0,0.0,0,0.0,0.0,53282.15,53619.2,52783.45,53710.35,0,0.0,0.0,0.0,0.0,-0.01,-1,-1,-0.01,-1,-1,-0.01,-1,-1,-0.01,-1,-1,-0.01,-1,-1,-0.01,-1,-1,-0.01,-1,-1,-0.01,-1,-1,-0.01,-1,-1,-0.01,-1,-1
99926009,2026-05-18 14:33:10+05:30,53503.5,0,0.0,0,0.0,0.0,53282.15,53619.2,52783.45,53710.35,0,0.0,0.0,0.0,0.0,-0.01,-1,-1,-0.01,-1,-1,-0.01,-1,-1,-0.01,-1,-1,-0.01,-1,-1,-0.01,-1,-1,-0.01,-1,-1,-0.01,-1,-1,-0.01,-1,-1,-0.01,-1,-1
99926009,2026-05-18 14:33:11+05:30,53497.85,0,0.0,0,0.0,0.0,53282.15,53619.2,52783.45,53710.35,0,0.0,0.0,0.0,0.0,-0.01,-1,-1,-0.01,-1,-1,-0.01,-1,-1,-0.01,-1,-1,-0.01,-1,-1,-0.01,-1,-1,-0.01,-1,-1,-0.01,-1,-1,-0.01,-1,-1,-0.01,-1,-1
99926009,2026-05-18 14:33:11+05:30,53499.55,0,0.0,0,0.0,0.0,53282.15,53619.2,52783.45,53710.35,0,0.0,0.0,0.0,0.0,-0.01,-1,-1,-0.01,-1,-1,-0.01,-1,-1,-0.01,-1,-1,-0.01,-1,-1,-0.01,-1,-1,-0.01,-1,-1,-0.01,-1,-1,-0.01,-1,-1,-0.01,-1,-1
99926009,2026-05-18 14:33:12+05:30,53501.15,0,0.0,0,0.0,0.0,53282.15,53619.2,52783.45,53710.35,0,0.0,0.0,0.0,0.0,-0.01,-1,-1,-0.01,-1,-1,-0.01,-1,-1,-0.01,-1,-1,-0.01,-1,-1,-0.01,-1,-1,-0.01,-1,-1,-0.01,-1,-1,-0.01,-1,-1,-0.01,-1,-1
99926009,2026-05-18 14:33:12+05:30,53501.6,0,0.0,0,0.0,0.0,53282.15,53619.2,52783.45,53710.35,0,0.0,0.0,0.0,0.0,-0.01,-1,-1,-0.01,-1,-1,-0.01,-1,-1,-0.01,-1,-1,-0.01,-1,-1,-0.01,-1,-1,-0.01,-1,-1,-0.01,-1,-1,-0.01,-1,-1,-0.01,-1,-1
99926009,2026-05-18 14:33:13+05:30,53497.05,0,0.0,0,0.0,0.0,53282.15,53619.2,52783.45,53710.35,0,0.0,0.0,0.0,0.0,-0.01,-1,-1,-0.01,-1,-1,-0.01,-1,-1,-0.01,-1,-1,-0.01,-1,-1,-0.01,-1,-1,-0.01,-1,-1,-0.01,-1,-1,-0.01,-1,-1,-0.01,-1,-1
99926009,2026-05-18 14:33:13+05:30,53499.95,0,0.0,0,0.0,0.0,53282.15,53619.2,52783.45,53710.35,0,0.0,0.0,0.0,0.0,-0.01,-1,-1,-0.01,-1,-1,-0.01,-1,-1,-0.01,-1,-1,-0.01,-1,-1,-0.01,-1,-1,-0.01,-1,-1,-0.01,-1,-1,-0.01,-1,-1,-0.01,-1,-1
99926009,2026-05-18 14:33:14+05:30,53498.5,0,0.0,0,0.0,0.0,53282.15,53619.2,52783.45,53710.35,0,0.0,0.0,0.0,0.0,-0.01,-1,-1,-0.01,-1,-1,-0.01,-1,-1,-0.01,-1,-1,-0.01,-1,-1,-0.01,-1,-1,-0.01,-1,-1,-0.01,-1,-1,-0.01,-1,-1,-0.01,-1,-1
99926009,2026-05-18 14:33:14+05:30,53491.9,0,0.0,0,0.0,0.0,53282.15,53619.2,52783.45,53710.35,0,0.0,0.0,0.0,0.0,-0.01,-1,-1,-0.01,-1,-1,-0.01,-1,-1,-0.01,-1,-1,-0.01,-1,-1,-0.01,-1,-1,-0.01,-1,-1,-0.01,-1,-1,-0.01,-1,-1,-0.01,-1,-1
99926009,2026-05-18 14:33:15+05:30,53495.15,0,0.0,0,0.0,0.0,53282.15,53619.2,52783.45,53710.35,0,0.0,0.0,0.0,0.0,-0.01,-1,-1,-0.01,-1,-1,-0.01,-1,-1,-0.01,-1,-1,-0.01,-1,-1,-0.01,-1,-1,-0.01,-1,-1,-0.01,-1,-1,-0.01,-1,-1,-0.01,-1,-1
99926009,2026-05-18 14:33:15+05:30,53500.75,0,0.0,0,0.0,0.0,53282.15,53619.2,52783.45,53710.35,0,0.0,0.0,0.0,0.0,-0.01,-1,-1,-0.01,-1,-1,-0.01,-1,-1,-0.01,-1,-1,-0.01,-1,-1,-0.01,-1,-1,-0.01,-1,-1,-0.01,-1,-1,-0.01,-1,-1,-0.01,-1,-1
99926009,2026-05-18 14:33:16+05:30,53499.5,0,0.0,0,0.0,0.0,53282.15,53619.2,52783.45,53710.35,0,0.0,0.0,0.0,0.0,-0.01,-1,-1,-0.01,-1,-1,-0.01,-1,-1,-0.01,-1,-1,-0.01,-1,-1,-0.01,-1,-1,-0.01,-1,-1,-0.01,-1,-1,-0.01,-1,-1,-0.01,-1,-1
99926009,2026-05-18 14:33:16+05:30,53501.65,0,0.0,0,0.0,0.0,53282.15,53619.2,52783.45,53710.35,0,0.0,0.0,0.0,0.0,-0.01,-1,-1,-0.01,-1,-1,-0.01,-1,-1,-0.01,-1,-1,-0.01,-1,-1,-0.01,-1,-1,-0.01,-1,-1,-0.01,-1,-1,-0.01,-1,-1,-0.01,-1,-1
99926009,2026-05-18 14:33:17+05:30,53499.75,0,0.0,0,0.0,0.0,53282.15,53619.2,52783.45,53710.35,0,0.0,0.0,0.0,0.0,-0.01,-1,-1,-0.01,-1,-1,-0.01,-1,-1,-0.01,-1,-1,-0.01,-1,-1,-0.01,-1,-1,-0.01,-1,-1,-0.01,-1,-1,-0.01,-1,-1,-0.01,-1,-1
99926009,2026-05-18 14:33:17+05:30,53500.05,0,0.0,0,0.0,0.0,53282.15,53619.2,52783.45,53710.35,0,0.0,0.0,0.0,0.0,-0.01,-1,-1,-0.01,-1,-1,-0.01,-1,-1,-0.01,-1,-1,-0.01,-1,-1,-0.01,-1,-1,-0.01,-1,-1,-0.01,-1,-1,-0.01,-1,-1,-0.01,-1,-1
99926009,2026-05-18 14:33:18+05:30,53495.1,0,0.0,0,0.0,0.0,53282.15,53619.2,52783.45,53710.35,0,0.0,0.0,0.0,0.0,-0.01,-1,-1,-0.01,-1,-1,-0.01,-1,-1,-0.01,-1,-1,-0.01,-1,-1,-0.01,-1,-1,-0.01,-1,-1,-0.01,-1,-1,-0.01,-1,-1,-0.01,-1,-1
99926009,2026-05-18 14:33:18+05:30,53498.9,0,0.0,0,0.0,0.0,53282.15,53619.2,52783.45,53710.35,0,0.0,0.0,0.0,0.0,-0.01,-1,-1,-0.01,-1,-1,-0.01,-1,-1,-0.01,-1,-1,-0.01,-1,-1,-0.01,-1,-1,-0.01,-1,-1,-0.01,-1,-1,-0.01,-1,-1,-0.01,-1,-1
99926009,2026-05-18 14:33:19+05:30,53498.9,0,0.0,0,0.0,0.0,53282.15,53619.2,52783.45,53710.35,0,0.0,0.0,0.0,0.0,-0.01,-1,-1,-0.01,-1,-1,-0.01,-1,-1,-0.01,-1,-1,-0.01,-1,-1,-0.01,-1,-1,-0.01,-1,-1,-0.01,-1,-1,-0.01,-1,-1,-0.01,-1,-1
99926009,2026-05-18 14:33:19+05:30,53498.9,0,0.0,0,0.0,0.0,53282.15,53619.2,52783.45,53710.35,0,0.0,0.0,0.0,0.0,-0.01,-1,-1,-0.01,-1,-1,-0.01,-1,-1,-0.01,-1,-1,-0.01,-1,-1,-0.01,-1,-1,-0.01,-1,-1,-0.01,-1,-1,-0.01,-1,-1,-0.01,-1,-1
99926009,2026-05-18 14:33:20+05:30,53494.65,0,0.0,0,0.0,0.0,53282.15,53619.2,52783.45,53710.35,0,0.0,0.0,0.0,0.0,-0.01,-1,-1,-0.01,-1,-1,-0.01,-1,-1,-0.01,-1,-1,-0.01,-1,-1,-0.01,-1,-1,-0.01,-1,-1,-0.01,-1,-1,-0.01,-1,-1,-0.01,-1,-1
99926009,2026-05-18 14:33:20+05:30,53495.85,0,0.0,0,0.0,0.0,53282.15,53619.2,52783.45,53710.35,0,0.0,0.0,0.0,0.0,-0.01,-1,-1,-0.01,-1,-1,-0.01,-1,-1,-0.01,-1,-1,-0.01,-1,-1,-0.01,-1,-1,-0.01,-1,-1,-0.01,-1,-1,-0.01,-1,-1,-0.01,-1,-1
99926009,2026-05-18 14:33:21+05:30,53494.3,0,0.0,0,0.0,0.0,53282.15,53619.2,52783.45,53710.35,0,0.0,0.0,0.0,0.0,-0.01,-1,-1,-0.01,-1,-1,-0.01,-1,-1,-0.01,-1,-1,-0.01,-1,-1,-0.01,-1,-1,-0.01,-1,-1,-0.01,-1,-1,-0.01,-1,-1,-0.01,-1,-1
99926009,2026-05-18 14:33:21+05:30,53497.65,0,0.0,0,0.0,0.0,53282.15,53619.2,52783.45,53710.35,0,0.0,0.0,0.0,0.0,-0.01,-1,-1,-0.01,-1,-1,-0.01,-1,-1,-0.01,-1,-1,-0.01,-1,-1,-0.01,-1,-1,-0.01,-1,-1,-0.01,-1,-1,-0.01,-1,-1,-0.01,-1,-1
99926009,2026-05-18 14:33:22+05:30,53494.25,0,0.0,0,0.0,0.0,53282.15,53619.2,52783.45,53710.35,0,0.0,0.0,0.0,0.0,-0.01,-1,-1,-0.01,-1,-1,-0.01,-1,-1,-0.01,-1,-1,-0.01,-1,-1,-0.01,-1,-1,-0.01,-1,-1,-0.01,-1,-1,-0.01,-1,-1,-0.01,-1,-1
99926009,2026-05-18 14:33:22+05:30,53493.35,0,0.0,0,0.0,0.0,53282.15,53619.2,52783.45,53710.35,0,0.0,0.0,0.0,0.0,-0.01,-1,-1,-0.01,-1,-1,-0.01,-1,-1,-0.01,-1,-1,-0.01,-1,-1,-0.01,-1,-1,-0.01,-1,-1,-0.01,-1,-1,-0.01,-1,-1,-0.01,-1,-1
99926009,2026-05-18 14:33:23+05:30,53492.65,0,0.0,0,0.0,0.0,53282.15,53619.2,52783.45,53710.35,0,0.0,0.0,0.0,0.0,-0.01,-1,-1,-0.01,-1,-1,-0.01,-1,-1,-0.01,-1,-1,-0.01,-1,-1,-0.01,-1,-1,-0.01,-1,-1,-0.01,-1,-1,-0.01,-1,-1,-0.01,-1,-1
99926009,2026-05-18 14:33:23+05:30,53492.95,0,0.0,0,0.0,0.0,53282.15,53619.2,52783.45,53710.35,0,0.0,0.0,0.0,0.0,-0.01,-1,-1,-0.01,-1,-1,-0.01,-1,-1,-0.01,-1,-1,-0.01,-1,-1,-0.01,-1,-1,-0.01,-1,-1,-0.01,-1,-1,-0.01,-1,-1,-0.01,-1,-1
99926009,2026-05-18 14:33:24+05:30,53492.95,0,0.0,0,0.0,0.0,53282.15,53619.2,52783.45,53710.35,0,0.0,0.0,0.0,0.0,-0.01,-1,-1,-0.01,-1,-1,-0.01,-1,-1,-0.01,-1,-1,-0.01,-1,-1,-0.01,-1,-1,-0.01,-1,-1,-0.01,-1,-1,-0.01,-1,-1,-0.01,-1,-1
99926009,2026-05-18 14:33:24+05:30,53492.0,0,0.0,0,0.0,0.0,53282.15,53619.2,52783.45,53710.35,0,0.0,0.0,0.0,0.0,-0.01,-1,-1,-0.01,-1,-1,-0.01,-1,-1,-0.01,-1,-1,-0.01,-1,-1,-0.01,-1,-1,-0.01,-1,-1,-0.01,-1,-1,-0.01,-1,-1,-0.01,-1,-1
99926009,2026-05-18 14:33:25+05:30,53493.1,0,0.0,0,0.0,0.0,53282.15,53619.2,52783.45,53710.35,0,0.0,0.0,0.0,0.0,-0.01,-1,-1,-0.01,-1,-1,-0.01,-1,-1,-0.01,-1,-1,-0.01,-1,-1,-0.01,-1,-1,-0.01,-1,-1,-0.01,-1,-1,-0.01,-1,-1,-0.01,-1,-1
99926009,2026-05-18 14:33:25+05:30,53490.85,0,0.0,0,0.0,0.0,53282.15,53619.2,52783.45,53710.35,0,0.0,0.0,0.0,0.0,-0.01,-1,-1,-0.01,-1,-1,-0.01,-1,-1,-0.01,-1,-1,-0.01,-1,-1,-0.01,-1,-1,-0.01,-1,-1,-0.01,-1,-1,-0.01,-1,-1,-0.01,-1,-1
99926009,2026-05-18 14:33:26+05:30,53491.55,0,0.0,0,0.0,0.0,53282.15,53619.2,52783.45,53710.35,0,0.0,0.0,0.0,0.0,-0.01,-1,-1,-0.01,-1,-1,-0.01,-1,-1,-0.01,-1,-1,-0.01,-1,-1,-0.01,-1,-1,-0.01,-1,-1,-0.01,-1,-1,-0.01,-1,-1,-0.01,-1,-1
99926009,2026-05-18 14:33:26+05:30,53489.35,0,0.0,0,0.0,0.0,53282.15,53619.2,52783.45,53710.35,0,0.0,0.0,0.0,0.0,-0.01,-1,-1,-0.01,-1,-1,-0.01,-1,-1,-0.01,-1,-1,-0.01,-1,-1,-0.01,-1,-1,-0.01,-1,-1,-0.01,-1,-1,-0.01,-1,-1,-0.01,-1,-1
99926009,2026-05-18 14:33:27+05:30,53488.65,0,0.0,0,0.0,0.0,53282.15,53619.2,52783.45,53710.35,0,0.0,0.0,0.0,0.0,-0.01,-1,-1,-0.01,-1,-1,-0.01,-1,-1,-0.01,-1,-1,-0.01,-1,-1,-0.01,-1,-1,-0.01,-1,-1,-0.01,-1,-1,-0.01,-1,-1,-0.01,-1,-1
99926009,2026-05-18 14:33:27+05:30,53486.65,0,0.0,0,0.0,0.0,53282.15,53619.2,52783.45,53710.35,0,0.0,0.0,0.0,0.0,-0.01,-1,-1,-0.01,-1,-1,-0.01,-1,-1,-0.01,-1,-1,-0.01,-1,-1,-0.01,-1,-1,-0.01,-1,-1,-0.01,-1,-1,-0.01,-1,-1,-0.01,-1,-1
99926009,2026-05-18 14:33:28+05:30,53485.4,0,0.0,0,0.0,0.0,53282.15,53619.2,52783.45,53710.35,0,0.0,0.0,0.0,0.0,-0.01,-1,-1,-0.01,-1,-1,-0.01,-1,-1,-0.01,-1,-1,-0.01,-1,-1,-0.01,-1,-1,-0.01,-1,-1,-0.01,-1,-1,-0.01,-1,-1,-0.01,-1,-1
99926009,2026-05-18 14:33:28+05:30,53483.95,0,0.0,0,0.0,0.0,53282.15,53619.2,52783.45,53710.35,0,0.0,0.0,0.0,0.0,-0.01,-1,-1,-0.01,-1,-1,-0.01,-1,-1,-0.01,-1,-1,-0.01,-1,-1,-0.01,-1,-1,-0.01,-1,-1,-0.01,-1,-1,-0.01,-1,-1,-0.01,-1,-1
99926009,2026-05-18 14:33:29+05:30,53478.05,0,0.0,0,0.0,0.0,53282.15,53619.2,52783.45,53710.35,0,0.0,0.0,0.0,0.0,-0.01,-1,-1,-0.01,-1,-1,-0.01,-1,-1,-0.01,-1,-1,-0.01,-1,-1,-0.01,-1,-1,-0.01,-1,-1,-0.01,-1,-1,-0.01,-1,-1,-0.01,-1,-1
99926009,2026-05-18 14:33:29+05:30,53474.5,0,0.0,0,0.0,0.0,53282.15,53619.2,52783.45,53710.35,0,0.0,0.0,0.0,0.0,-0.01,-1,-1,-0.01,-1,-1,-0.01,-1,-1,-0.01,-1,-1,-0.01,-1,-1,-0.01,-1,-1,-0.01,-1,-1,-0.01,-1,-1,-0.01,-1,-1,-0.01,-1,-1
99926009,2026-05-18 14:33:30+05:30,53478.5,0,0.0,0,0.0,0.0,53282.15,53619.2,52783.45,53710.35,0,0.0,0.0,0.0,0.0,-0.01,-1,-1,-0.01,-1,-1,-0.01,-1,-1,-0.01,-1,-1,-0.01,-1,-1,-0.01,-1,-1,-0.01,-1,-1,-0.01,-1,-1,-0.01,-1,-1,-0.01,-1,-1
99926009,2026-05-18 14:33:30+05:30,53479.8,0,0.0,0,0.0,0.0,53282.15,53619.2,52783.45,53710.35,0,0.0,0.0,0.0,0.0,-0.01,-1,-1,-0.01,-1,-1,-0.01,-1,-1,-0.01,-1,-1,-0.01,-1,-1,-0.01,-1,-1,-0.01,-1,-1,-0.01,-1,-1,-0.01,-1,-1,-0.01,-1,-1
99926009,2026-05-18 14:33:31+05:30,53475.75,0,0.0,0,0.0,0.0,53282.15,53619.2,52783.45,53710.35,0,0.0,0.0,0.0,0.0,-0.01,-1,-1,-0.01,-1,-1,-0.01,-1,-1,-0.01,-1,-1,-0.01,-1,-1,-0.01,-1,-1,-0.01,-1,-1,-0.01,-1,-1,-0.01,-1,-1,-0.01,-1,-1
99926009,2026-05-18 14:33:31+05:30,53478.1,0,0.0,0,0.0,0.0,53282.15,53619.2,52783.45,53710.35,0,0.0,0.0,0.0,0.0,-0.01,-1,-1,-0.01,-1,-1,-0.01,-1,-1,-0.01,-1,-1,-0.01,-1,-1,-0.01,-1,-1,-0.01,-1,-1,-0.01,-1,-1,-0.01,-1,-1,-0.01,-1,-1
99926009,2026-05-18 14:33:32+05:30,53471.45,0,0.0,0,0.0,0.0,53282.15,53619.2,52783.45,53710.35,0,0.0,0.0,0.0,0.0,-0.01,-1,-1,-0.01,-1,-1,-0.01,-1,-1,-0.01,-1,-1,-0.01,-1,-1,-0.01,-1,-1,-0.01,-1,-1,-0.01,-1,-1,-0.01,-1,-1,-0.01,-1,-1
99926009,2026-05-18 14:33:32+05:30,53473.35,0,0.0,0,0.0,0.0,53282.15,53619.2,52783.45,53710.35,0,0.0,0.0,0.0,0.0,-0.01,-1,-1,-0.01,-1,-1,-0.01,-1,-1,-0.01,-1,-1,-0.01,-1,-1,-0.01,-1,-1,-0.01,-1,-1,-0.01,-1,-1,-0.01,-1,-1,-0.01,-1,-1
99926009,2026-05-18 14:33:33+05:30,53472.85,0,0.0,0,0.0,0.0,53282.15,53619.2,52783.45,53710.35,0,0.0,0.0,0.0,0.0,-0.01,-1,-1,-0.01,-1,-1,-0.01,-1,-1,-0.01,-1,-1,-0.01,-1,-1,-0.01,-1,-1,-0.01,-1,-1,-0.01,-1,-1,-0.01,-1,-1,-0.01,-1,-1
99926009,2026-05-18 14:33:33+05:30,53475.8,0,0.0,0,0.0,0.0,53282.15,53619.2,52783.45,53710.35,0,0.0,0.0,0.0,0.0,-0.01,-1,-1,-0.01,-1,-1,-0.01,-1,-1,-0.01,-1,-1,-0.01,-1,-1,-0.01,-1,-1,-0.01,-1,-1,-0.01,-1,-1,-0.01,-1,-1,-0.01,-1,-1
99926009,2026-05-18 14:33:34+05:30,53475.3,0,0.0,0,0.0,0.0,53282.15,53619.2,52783.45,53710.35,0,0.0,0.0,0.0,0.0,-0.01,-1,-1,-0.01,-1,-1,-0.01,-1,-1,-0.01,-1,-1,-0.01,-1,-1,-0.01,-1,-1,-0.01,-1,-1,-0.01,-1,-1,-0.01,-1,-1,-0.01,-1,-1
99926009,2026-05-18 14:33:34+05:30,53473.55,0,0.0,0,0.0,0.0,53282.15,53619.2,52783.45,53710.35,0,0.0,0.0,0.0,0.0,-0.01,-1,-1,-0.01,-1,-1,-0.01,-1,-1,-0.01,-1,-1,-0.01,-1,-1,-0.01,-1,-1,-0.01,-1,-1,-0.01,-1,-1,-0.01,-1,-1,-0.01,-1,-1
99926009,2026-05-18 14:33:35+05:30,53474.75,0,0.0,0,0.0,0.0,53282.15,53619.2,52783.45,53710.35,0,0.0,0.0,0.0,0.0,-0.01,-1,-1,-0.01,-1,-1,-0.01,-1,-1,-0.01,-1,-1,-0.01,-1,-1,-0.01,-1,-1,-0.01,-1,-1,-0.01,-1,-1,-0.01,-1,-1,-0.01,-1,-1
99926009,2026-05-18 14:33:35+05:30,53474.2,0,0.0,0,0.0,0.0,53282.15,53619.2,52783.45,53710.35,0,0.0,0.0,0.0,0.0,-0.01,-1,-1,-0.01,-1,-1,-0.01,-1,-1,-0.01,-1,-1,-0.01,-1,-1,-0.01,-1,-1,-0.01,-1,-1,-0.01,-1,-1,-0.01,-1,-1,-0.01,-1,-1
99926009,2026-05-18 14:33:36+05:30,53474.05,0,0.0,0,0.0,0.0,53282.15,53619.2,52783.45,53710.35,0,0.0,0.0,0.0,0.0,-0.01,-1,-1,-0.01,-1,-1,-0.01,-1,-1,-0.01,-1,-1,-0.01,-1,-1,-0.01,-1,-1,-0.01,-1,-1,-0.01,-1,-1,-0.01,-1,-1,-0.01,-1,-1
99926009,2026-05-18 14:33:36+05:30,53476.55,0,0.0,0,0.0,0.0,53282.15,53619.2,52783.45,53710.35,0,0.0,0.0,0.0,0.0,-0.01,-1,-1,-0.01,-1,-1,-0.01,-1,-1,-0.01,-1,-1,-0.01,-1,-1,-0.01,-1,-1,-0.01,-1,-1,-0.01,-1,-1,-0.01,-1,-1,-0.01,-1,-1
99926009,2026-05-18 14:33:37+05:30,53476.55,0,0.0,0,0.0,0.0,53282.15,53619.2,52783.45,53710.35,0,0.0,0.0,0.0,0.0,-0.01,-1,-1,-0.01,-1,-1,-0.01,-1,-1,-0.01,-1,-1,-0.01,-1,-1,-0.01,-1,-1,-0.01,-1,-1,-0.01,-1,-1,-0.01,-1,-1,-0.01,-1,-1
99926009,2026-05-18 14:33:37+05:30,53475.2,0,0.0,0,0.0,0.0,53282.15,53619.2,52783.45,53710.35,0,0.0,0.0,0.0,0.0,-0.01,-1,-1,-0.01,-1,-1,-0.01,-1,-1,-0.01,-1,-1,-0.01,-1,-1,-0.01,-1,-1,-0.01,-1,-1,-0.01,-1,-1,-0.01,-1,-1,-0.01,-1,-1
99926009,2026-05-18 14:33:38+05:30,53475.6,0,0.0,0,0.0,0.0,53282.15,53619.2,52783.45,53710.35,0,0.0,0.0,0.0,0.0,-0.01,-1,-1,-0.01,-1,-1,-0.01,-1,-1,-0.01,-1,-1,-0.01,-1,-1,-0.01,-1,-1,-0.01,-1,-1,-0.01,-1,-1,-0.01,-1,-1,-0.01,-1,-1
99926009,2026-05-18 14:33:38+05:30,53474.95,0,0.0,0,0.0,0.0,53282.15,53619.2,52783.45,53710.35,0,0.0,0.0,0.0,0.0,-0.01,-1,-1,-0.01,-1,-1,-0.01,-1,-1,-0.01,-1,-1,-0.01,-1,-1,-0.01,-1,-1,-0.01,-1,-1,-0.01,-1,-1,-0.01,-1,-1,-0.01,-1,-1
99926009,2026-05-18 14:33:39+05:30,53473.15,0,0.0,0,0.0,0.0,53282.15,53619.2,52783.45,53710.35,0,0.0,0.0,0.0,0.0,-0.01,-1,-1,-0.01,-1,-1,-0.01,-1,-1,-0.01,-1,-1,-0.01,-1,-1,-0.01,-1,-1,-0.01,-1,-1,-0.01,-1,-1,-0.01,-1,-1,-0.01,-1,-1
99926009,2026-05-18 14:33:39+05:30,53475.65,0,0.0,0,0.0,0.0,53282.15,53619.2,52783.45,53710.35,0,0.0,0.0,0.0,0.0,-0.01,-1,-1,-0.01,-1,-1,-0.01,-1,-1,-0.01,-1,-1,-0.01,-1,-1,-0.01,-1,-1,-0.01,-1,-1,-0.01,-1,-1,-0.01,-1,-1,-0.01,-1,-1
99926009,2026-05-18 14:33:40+05:30,53476.85,0,0.0,0,0.0,0.0,53282.15,53619.2,52783.45,53710.35,0,0.0,0.0,0.0,0.0,-0.01,-1,-1,-0.01,-1,-1,-0.01,-1,-1,-0.01,-1,-1,-0.01,-1,-1,-0.01,-1,-1,-0.01,-1,-1,-0.01,-1,-1,-0.01,-1,-1,-0.01,-1,-1
99926009,2026-05-18 14:33:40+05:30,53477.85,0,0.0,0,0.0,0.0,53282.15,53619.2,52783.45,53710.35,0,0.0,0.0,0.0,0.0,-0.01,-1,-1,-0.01,-1,-1,-0.01,-1,-1,-0.01,-1,-1,-0.01,-1,-1,-0.01,-1,-1,-0.01,-1,-1,-0.01,-1,-1,-0.01,-1,-1,-0.01,-1,-1
99926009,2026-05-18 14:33:41+05:30,53472.15,0,0.0,0,0.0,0.0,53282.15,53619.2,52783.45,53710.35,0,0.0,0.0,0.0,0.0,-0.01,-1,-1,-0.01,-1,-1,-0.01,-1,-1,-0.01,-1,-1,-0.01,-1,-1,-0.01,-1,-1,-0.01,-1,-1,-0.01,-1,-1,-0.01,-1,-1,-0.01,-1,-1
99926009,2026-05-18 14:33:41+05:30,53477.25,0,0.0,0,0.0,0.0,53282.15,53619.2,52783.45,53710.35,0,0.0,0.0,0.0,0.0,-0.01,-1,-1,-0.01,-1,-1,-0.01,-1,-1,-0.01,-1,-1,-0.01,-1,-1,-0.01,-1,-1,-0.01,-1,-1,-0.01,-1,-1,-0.01,-1,-1,-0.01,-1,-1
99926009,2026-05-18 14:33:42+05:30,53473.95,0,0.0,0,0.0,0.0,53282.15,53619.2,52783.45,53710.35,0,0.0,0.0,0.0,0.0,-0.01,-1,-1,-0.01,-1,-1,-0.01,-1,-1,-0.01,-1,-1,-0.01,-1,-1,-0.01,-1,-1,-0.01,-1,-1,-0.01,-1,-1,-0.01,-1,-1,-0.01,-1,-1
99926009,2026-05-18 14:33:42+05:30,53476.9,0,0.0,0,0.0,0.0,53282.15,53619.2,52783.45,53710.35,0,0.0,0.0,0.0,0.0,-0.01,-1,-1,-0.01,-1,-1,-0.01,-1,-1,-0.01,-1,-1,-0.01,-1,-1,-0.01,-1,-1,-0.01,-1,-1,-0.01,-1,-1,-0.01,-1,-1,-0.01,-1,-1
99926009,2026-05-18 14:33:43+05:30,53477.65,0,0.0,0,0.0,0.0,53282.15,53619.2,52783.45,53710.35,0,0.0,0.0,0.0,0.0,-0.01,-1,-1,-0.01,-1,-1,-0.01,-1,-1,-0.01,-1,-1,-0.01,-1,-1,-0.01,-1,-1,-0.01,-1,-1,-0.01,-1,-1,-0.01,-1,-1,-0.01,-1,-1
99926009,2026-05-18 14:33:43+05:30,53477.35,0,0.0,0,0.0,0.0,53282.15,53619.2,52783.45,53710.35,0,0.0,0.0,0.0,0.0,-0.01,-1,-1,-0.01,-1,-1,-0.01,-1,-1,-0.01,-1,-1,-0.01,-1,-1,-0.01,-1,-1,-0.01,-1,-1,-0.01,-1,-1,-0.01,-1,-1,-0.01,-1,-1
99926009,2026-05-18 14:33:44+05:30,53478.95,0,0.0,0,0.0,0.0,53282.15,53619.2,52783.45,53710.35,0,0.0,0.0,0.0,0.0,-0.01,-1,-1,-0.01,-1,-1,-0.01,-1,-1,-0.01,-1,-1,-0.01,-1,-1,-0.01,-1,-1,-0.01,-1,-1,-0.01,-1,-1,-0.01,-1,-1,-0.01,-1,-1
99926009,2026-05-18 14:33:44+05:30,53476.9,0,0.0,0,0.0,0.0,53282.15,53619.2,52783.45,53710.35,0,0.0,0.0,0.0,0.0,-0.01,-1,-1,-0.01,-1,-1,-0.01,-1,-1,-0.01,-1,-1,-0.01,-1,-1,-0.01,-1,-1,-0.01,-1,-1,-0.01,-1,-1,-0.01,-1,-1,-0.01,-1,-1
99926009,2026-05-18 14:33:45+05:30,53474.15,0,0.0,0,0.0,0.0,53282.15,53619.2,52783.45,53710.35,0,0.0,0.0,0.0,0.0,-0.01,-1,-1,-0.01,-1,-1,-0.01,-1,-1,-0.01,-1,-1,-0.01,-1,-1,-0.01,-1,-1,-0.01,-1,-1,-0.01,-1,-1,-0.01,-1,-1,-0.01,-1,-1
99926009,2026-05-18 14:33:45+05:30,53477.0,0,0.0,0,0.0,0.0,53282.15,53619.2,52783.45,53710.35,0,0.0,0.0,0.0,0.0,-0.01,-1,-1,-0.01,-1,-1,-0.01,-1,-1,-0.01,-1,-1,-0.01,-1,-1,-0.01,-1,-1,-0.01,-1,-1,-0.01,-1,-1,-0.01,-1,-1,-0.01,-1,-1
99926009,2026-05-18 14:33:46+05:30,53478.15,0,0.0,0,0.0,0.0,53282.15,53619.2,52783.45,53710.35,0,0.0,0.0,0.0,0.0,-0.01,-1,-1,-0.01,-1,-1,-0.01,-1,-1,-0.01,-1,-1,-0.01,-1,-1,-0.01,-1,-1,-0.01,-1,-1,-0.01,-1,-1,-0.01,-1,-1,-0.01,-1,-1
99926009,2026-05-18 14:33:46+05:30,53479.1,0,0.0,0,0.0,0.0,53282.15,53619.2,52783.45,53710.35,0,0.0,0.0,0.0,0.0,-0.01,-1,-1,-0.01,-1,-1,-0.01,-1,-1,-0.01,-1,-1,-0.01,-1,-1,-0.01,-1,-1,-0.01,-1,-1,-0.01,-1,-1,-0.01,-1,-1,-0.01,-1,-1
99926009,2026-05-18 14:33:47+05:30,53472.75,0,0.0,0,0.0,0.0,53282.15,53619.2,52783.45,53710.35,0,0.0,0.0,0.0,0.0,-0.01,-1,-1,-0.01,-1,-1,-0.01,-1,-1,-0.01,-1,-1,-0.01,-1,-1,-0.01,-1,-1,-0.01,-1,-1,-0.01,-1,-1,-0.01,-1,-1,-0.01,-1,-1
99926009,2026-05-18 14:33:47+05:30,53475.2,0,0.0,0,0.0,0.0,53282.15,53619.2,52783.45,53710.35,0,0.0,0.0,0.0,0.0,-0.01,-1,-1,-0.01,-1,-1,-0.01,-1,-1,-0.01,-1,-1,-0.01,-1,-1,-0.01,-1,-1,-0.01,-1,-1,-0.01,-1,-1,-0.01,-1,-1,-0.01,-1,-1
99926009,2026-05-18 14:33:48+05:30,53473.65,0,0.0,0,0.0,0.0,53282.15,53619.2,52783.45,53710.35,0,0.0,0.0,0.0,0.0,-0.01,-1,-1,-0.01,-1,-1,-0.01,-1,-1,-0.01,-1,-1,-0.01,-1,-1,-0.01,-1,-1,-0.01,-1,-1,-0.01,-1,-1,-0.01,-1,-1,-0.01,-1,-1
99926009,2026-05-18 14:33:48+05:30,53476.55,0,0.0,0,0.0,0.0,53282.15,53619.2,52783.45,53710.35,0,0.0,0.0,0.0,0.0,-0.01,-1,-1,-0.01,-1,-1,-0.01,-1,-1,-0.01,-1,-1,-0.01,-1,-1,-0.01,-1,-1,-0.01,-1,-1,-0.01,-1,-1,-0.01,-1,-1,-0.01,-1,-1
99926009,2026-05-18 14:33:49+05:30,53477.65,0,0.0,0,0.0,0.0,53282.15,53619.2,52783.45,53710.35,0,0.0,0.0,0.0,0.0,-0.01,-1,-1,-0.01,-1,-1,-0.01,-1,-1,-0.01,-1,-1,-0.01,-1,-1,-0.01,-1,-1,-0.01,-1,-1,-0.01,-1,-1,-0.01,-1,-1,-0.01,-1,-1
99926009,2026-05-18 14:33:49+05:30,53475.55,0,0.0,0,0.0,0.0,53282.15,53619.2,52783.45,53710.35,0,0.0,0.0,0.0,0.0,-0.01,-1,-1,-0.01,-1,-1,-0.01,-1,-1,-0.01,-1,-1,-0.01,-1,-1,-0.01,-1,-1,-0.01,-1,-1,-0.01,-1,-1,-0.01,-1,-1,-0.01,-1,-1
99926009,2026-05-18 14:33:50+05:30,53480.3,0,0.0,0,0.0,0.0,53282.15,53619.2,52783.45,53710.35,0,0.0,0.0,0.0,0.0,-0.01,-1,-1,-0.01,-1,-1,-0.01,-1,-1,-0.01,-1,-1,-0.01,-1,-1,-0.01,-1,-1,-0.01,-1,-1,-0.01,-1,-1,-0.01,-1,-1,-0.01,-1,-1
99926009,2026-05-18 14:33:50+05:30,53480.75,0,0.0,0,0.0,0.0,53282.15,53619.2,52783.45,53710.35,0,0.0,0.0,0.0,0.0,-0.01,-1,-1,-0.01,-1,-1,-0.01,-1,-1,-0.01,-1,-1,-0.01,-1,-1,-0.01,-1,-1,-0.01,-1,-1,-0.01,-1,-1,-0.01,-1,-1,-0.01,-1,-1
99926009,2026-05-18 14:33:51+05:30,53477.9,0,0.0,0,0.0,0.0,53282.15,53619.2,52783.45,53710.35,0,0.0,0.0,0.0,0.0,-0.01,-1,-1,-0.01,-1,-1,-0.01,-1,-1,-0.01,-1,-1,-0.01,-1,-1,-0.01,-1,-1,-0.01,-1,-1,-0.01,-1,-1,-0.01,-1,-1,-0.01,-1,-1
99926009,2026-05-18 14:33:51+05:30,53478.55,0,0.0,0,0.0,0.0,53282.15,53619.2,52783.45,53710.35,0,0.0,0.0,0.0,0.0,-0.01,-1,-1,-0.01,-1,-1,-0.01,-1,-1,-0.01,-1,-1,-0.01,-1,-1,-0.01,-1,-1,-0.01,-1,-1,-0.01,-1,-1,-0.01,-1,-1,-0.01,-1,-1
99926009,2026-05-18 14:33:52+05:30,53477.2,0,0.0,0,0.0,0.0,53282.15,53619.2,52783.45,53710.35,0,0.0,0.0,0.0,0.0,-0.01,-1,-1,-0.01,-1,-1,-0.01,-1,-1,-0.01,-1,-1,-0.01,-1,-1,-0.01,-1,-1,-0.01,-1,-1,-0.01,-1,-1,-0.01,-1,-1,-0.01,-1,-1
99926009,2026-05-18 14:33:52+05:30,53475.55,0,0.0,0,0.0,0.0,53282.15,53619.2,52783.45,53710.35,0,0.0,0.0,0.0,0.0,-0.01,-1,-1,-0.01,-1,-1,-0.01,-1,-1,-0.01,-1,-1,-0.01,-1,-1,-0.01,-1,-1,-0.01,-1,-1,-0.01,-1,-1,-0.01,-1,-1,-0.01,-1,-1
99926009,2026-05-18 14:33:53+05:30,53476.55,0,0.0,0,0.0,0.0,53282.15,53619.2,52783.45,53710.35,0,0.0,0.0,0.0,0.0,-0.01,-1,-1,-0.01,-1,-1,-0.01,-1,-1,-0.01,-1,-1,-0.01,-1,-1,-0.01,-1,-1,-0.01,-1,-1,-0.01,-1,-1,-0.01,-1,-1,-0.01,-1,-1
99926009,2026-05-18 14:33:53+05:30,53477.45,0,0.0,0,0.0,0.0,53282.15,53619.2,52783.45,53710.35,0,0.0,0.0,0.0,0.0,-0.01,-1,-1,-0.01,-1,-1,-0.01,-1,-1,-0.01,-1,-1,-0.01,-1,-1,-0.01,-1,-1,-0.01,-1,-1,-0.01,-1,-1,-0.01,-1,-1,-0.01,-1,-1
99926009,2026-05-18 14:33:54+05:30,53479.05,0,0.0,0,0.0,0.0,53282.15,53619.2,52783.45,53710.35,0,0.0,0.0,0.0,0.0,-0.01,-1,-1,-0.01,-1,-1,-0.01,-1,-1,-0.01,-1,-1,-0.01,-1,-1,-0.01,-1,-1,-0.01,-1,-1,-0.01,-1,-1,-0.01,-1,-1,-0.01,-1,-1
99926009,2026-05-18 14:33:54+05:30,53482.8,0,0.0,0,0.0,0.0,53282.15,53619.2,52783.45,53710.35,0,0.0,0.0,0.0,0.0,-0.01,-1,-1,-0.01,-1,-1,-0.01,-1,-1,-0.01,-1,-1,-0.01,-1,-1,-0.01,-1,-1,-0.01,-1,-1,-0.01,-1,-1,-0.01,-1,-1,-0.01,-1,-1
99926009,2026-05-18 14:33:55+05:30,53484.05,0,0.0,0,0.0,0.0,53282.15,53619.2,52783.45,53710.35,0,0.0,0.0,0.0,0.0,-0.01,-1,-1,-0.01,-1,-1,-0.01,-1,-1,-0.01,-1,-1,-0.01,-1,-1,-0.01,-1,-1,-0.01,-1,-1,-0.01,-1,-1,-0.01,-1,-1,-0.01,-1,-1
99926009,2026-05-18 14:33:55+05:30,53486.2,0,0.0,0,0.0,0.0,53282.15,53619.2,52783.45,53710.35,0,0.0,0.0,0.0,0.0,-0.01,-1,-1,-0.01,-1,-1,-0.01,-1,-1,-0.01,-1,-1,-0.01,-1,-1,-0.01,-1,-1,-0.01,-1,-1,-0.01,-1,-1,-0.01,-1,-1,-0.01,-1,-1
99926009,2026-05-18 14:33:56+05:30,53485.3,0,0.0,0,0.0,0.0,53282.15,53619.2,52783.45,53710.35,0,0.0,0.0,0.0,0.0,-0.01,-1,-1,-0.01,-1,-1,-0.01,-1,-1,-0.01,-1,-1,-0.01,-1,-1,-0.01,-1,-1,-0.01,-1,-1,-0.01,-1,-1,-0.01,-1,-1,-0.01,-1,-1
99926009,2026-05-18 14:33:56+05:30,53484.85,0,0.0,0,0.0,0.0,53282.15,53619.2,52783.45,53710.35,0,0.0,0.0,0.0,0.0,-0.01,-1,-1,-0.01,-1,-1,-0.01,-1,-1,-0.01,-1,-1,-0.01,-1,-1,-0.01,-1,-1,-0.01,-1,-1,-0.01,-1,-1,-0.01,-1,-1,-0.01,-1,-1
99926009,2026-05-18 14:33:57+05:30,53485.6,0,0.0,0,0.0,0.0,53282.15,53619.2,52783.45,53710.35,0,0.0,0.0,0.0,0.0,-0.01,-1,-1,-0.01,-1,-1,-0.01,-1,-1,-0.01,-1,-1,-0.01,-1,-1,-0.01,-1,-1,-0.01,-1,-1,-0.01,-1,-1,-0.01,-1,-1,-0.01,-1,-1
99926009,2026-05-18 14:33:57+05:30,53483.1,0,0.0,0,0.0,0.0,53282.15,53619.2,52783.45,53710.35,0,0.0,0.0,0.0,0.0,-0.01,-1,-1,-0.01,-1,-1,-0.01,-1,-1,-0.01,-1,-1,-0.01,-1,-1,-0.01,-1,-1,-0.01,-1,-1,-0.01,-1,-1,-0.01,-1,-1,-0.01,-1,-1
99926009,2026-05-18 14:33:58+05:30,53482.85,0,0.0,0,0.0,0.0,53282.15,53619.2,52783.45,53710.35,0,0.0,0.0,0.0,0.0,-0.01,-1,-1,-0.01,-1,-1,-0.01,-1,-1,-0.01,-1,-1,-0.01,-1,-1,-0.01,-1,-1,-0.01,-1,-1,-0.01,-1,-1,-0.01,-1,-1,-0.01,-1,-1
99926009,2026-05-18 14:33:58+05:30,53485.05,0,0.0,0,0.0,0.0,53282.15,53619.2,52783.45,53710.35,0,0.0,0.0,0.0,0.0,-0.01,-1,-1,-0.01,-1,-1,-0.01,-1,-1,-0.01,-1,-1,-0.01,-1,-1,-0.01,-1,-1,-0.01,-1,-1,-0.01,-1,-1,-0.01,-1,-1,-0.01,-1,-1
99926009,2026-05-18 14:33:59+05:30,53485.95,0,0.0,0,0.0,0.0,53282.15,53619.2,52783.45,53710.35,0,0.0,0.0,0.0,0.0,-0.01,-1,-1,-0.01,-1,-1,-0.01,-1,-1,-0.01,-1,-1,-0.01,-1,-1,-0.01,-1,-1,-0.01,-1,-1,-0.01,-1,-1,-0.01,-1,-1,-0.01,-1,-1
99926009,2026-05-18 14:33:59+05:30,53483.95,0,0.0,0,0.0,0.0,53282.15,53619.2,52783.45,53710.35,0,0.0,0.0,0.0,0.0,-0.01,-1,-1,-0.01,-1,-1,-0.01,-1,-1,-0.01,-1,-1,-0.01,-1,-1,-0.01,-1,-1,-0.01,-1,-1,-0.01,-1,-1,-0.01,-1,-1,-0.01,-1,-1
99926009,2026-05-18 14:34:00+05:30,53481.4,0,0.0,0,0.0,0.0,53282.15,53619.2,52783.45,53710.35,0,0.0,0.0,0.0,0.0,-0.01,-1,-1,-0.01,-1,-1,-0.01,-1,-1,-0.01,-1,-1,-0.01,-1,-1,-0.01,-1,-1,-0.01,-1,-1,-0.01,-1,-1,-0.01,-1,-1,-0.01,-1,-1
99926009,2026-05-18 14:34:00+05:30,53482.8,0,0.0,0,0.0,0.0,53282.15,53619.2,52783.45,53710.35,0,0.0,0.0,0.0,0.0,-0.01,-1,-1,-0.01,-1,-1,-0.01,-1,-1,-0.01,-1,-1,-0.01,-1,-1,-0.01,-1,-1,-0.01,-1,-1,-0.01,-1,-1,-0.01,-1,-1,-0.01,-1,-1
99926009,2026-05-18 14:34:01+05:30,53483.9,0,0.0,0,0.0,0.0,53282.15,53619.2,52783.45,53710.35,0,0.0,0.0,0.0,0.0,-0.01,-1,-1,-0.01,-1,-1,-0.01,-1,-1,-0.01,-1,-1,-0.01,-1,-1,-0.01,-1,-1,-0.01,-1,-1,-0.01,-1,-1,-0.01,-1,-1,-0.01,-1,-1
99926009,2026-05-18 14:34:01+05:30,53483.0,0,0.0,0,0.0,0.0,53282.15,53619.2,52783.45,53710.35,0,0.0,0.0,0.0,0.0,-0.01,-1,-1,-0.01,-1,-1,-0.01,-1,-1,-0.01,-1,-1,-0.01,-1,-1,-0.01,-1,-1,-0.01,-1,-1,-0.01,-1,-1,-0.01,-1,-1,-0.01,-1,-1
99926009,2026-05-18 14:34:02+05:30,53479.55,0,0.0,0,0.0,0.0,53282.15,53619.2,52783.45,53710.35,0,0.0,0.0,0.0,0.0,-0.01,-1,-1,-0.01,-1,-1,-0.01,-1,-1,-0.01,-1,-1,-0.01,-1,-1,-0.01,-1,-1,-0.01,-1,-1,-0.01,-1,-1,-0.01,-1,-1,-0.01,-1,-1
99926009,2026-05-18 14:34:02+05:30,53481.6,0,0.0,0,0.0,0.0,53282.15,53619.2,52783.45,53710.35,0,0.0,0.0,0.0,0.0,-0.01,-1,-1,-0.01,-1,-1,-0.01,-1,-1,-0.01,-1,-1,-0.01,-1,-1,-0.01,-1,-1,-0.01,-1,-1,-0.01,-1,-1,-0.01,-1,-1,-0.01,-1,-1
99926009,2026-05-18 14:34:03+05:30,53481.45,0,0.0,0,0.0,0.0,53282.15,53619.2,52783.45,53710.35,0,0.0,0.0,0.0,0.0,-0.01,-1,-1,-0.01,-1,-1,-0.01,-1,-1,-0.01,-1,-1,-0.01,-1,-1,-0.01,-1,-1,-0.01,-1,-1,-0.01,-1,-1,-0.01,-1,-1,-0.01,-1,-1
99926009,2026-05-18 14:34:03+05:30,53481.65,0,0.0,0,0.0,0.0,53282.15,53619.2,52783.45,53710.35,0,0.0,0.0,0.0,0.0,-0.01,-1,-1,-0.01,-1,-1,-0.01,-1,-1,-0.01,-1,-1,-0.01,-1,-1,-0.01,-1,-1,-0.01,-1,-1,-0.01,-1,-1,-0.01,-1,-1,-0.01,-1,-1
99926009,2026-05-18 14:34:04+05:30,53483.4,0,0.0,0,0.0,0.0,53282.15,53619.2,52783.45,53710.35,0,0.0,0.0,0.0,0.0,-0.01,-1,-1,-0.01,-1,-1,-0.01,-1,-1,-0.01,-1,-1,-0.01,-1,-1,-0.01,-1,-1,-0.01,-1,-1,-0.01,-1,-1,-0.01,-1,-1,-0.01,-1,-1
99926009,2026-05-18 14:34:04+05:30,53482.15,0,0.0,0,0.0,0.0,53282.15,53619.2,52783.45,53710.35,0,0.0,0.0,0.0,0.0,-0.01,-1,-1,-0.01,-1,-1,-0.01,-1,-1,-0.01,-1,-1,-0.01,-1,-1,-0.01,-1,-1,-0.01,-1,-1,-0.01,-1,-1,-0.01,-1,-1,-0.01,-1,-1
99926009,2026-05-18 14:34:05+05:30,53483.1,0,0.0,0,0.0,0.0,53282.15,53619.2,52783.45,53710.35,0,0.0,0.0,0.0,0.0,-0.01,-1,-1,-0.01,-1,-1,-0.01,-1,-1,-0.01,-1,-1,-0.01,-1,-1,-0.01,-1,-1,-0.01,-1,-1,-0.01,-1,-1,-0.01,-1,-1,-0.01,-1,-1
99926009,2026-05-18 14:34:05+05:30,53482.15,0,0.0,0,0.0,0.0,53282.15,53619.2,52783.45,53710.35,0,0.0,0.0,0.0,0.0,-0.01,-1,-1,-0.01,-1,-1,-0.01,-1,-1,-0.01,-1,-1,-0.01,-1,-1,-0.01,-1,-1,-0.01,-1,-1,-0.01,-1,-1,-0.01,-1,-1,-0.01,-1,-1
99926009,2026-05-18 14:34:06+05:30,53480.05,0,0.0,0,0.0,0.0,53282.15,53619.2,52783.45,53710.35,0,0.0,0.0,0.0,0.0,-0.01,-1,-1,-0.01,-1,-1,-0.01,-1,-1,-0.01,-1,-1,-0.01,-1,-1,-0.01,-1,-1,-0.01,-1,-1,-0.01,-1,-1,-0.01,-1,-1,-0.01,-1,-1
99926009,2026-05-18 14:34:06+05:30,53484.6,0,0.0,0,0.0,0.0,53282.15,53619.2,52783.45,53710.35,0,0.0,0.0,0.0,0.0,-0.01,-1,-1,-0.01,-1,-1,-0.01,-1,-1,-0.01,-1,-1,-0.01,-1,-1,-0.01,-1,-1,-0.01,-1,-1,-0.01,-1,-1,-0.01,-1,-1,-0.01,-1,-1
99926009,2026-05-18 14:34:07+05:30,53484.95,0,0.0,0,0.0,0.0,53282.15,53619.2,52783.45,53710.35,0,0.0,0.0,0.0,0.0,-0.01,-1,-1,-0.01,-1,-1,-0.01,-1,-1,-0.01,-1,-1,-0.01,-1,-1,-0.01,-1,-1,-0.01,-1,-1,-0.01,-1,-1,-0.01,-1,-1,-0.01,-1,-1
99926009,2026-05-18 14:34:07+05:30,53482.35,0,0.0,0,0.0,0.0,53282.15,53619.2,52783.45,53710.35,0,0.0,0.0,0.0,0.0,-0.01,-1,-1,-0.01,-1,-1,-0.01,-1,-1,-0.01,-1,-1,-0.01,-1,-1,-0.01,-1,-1,-0.01,-1,-1,-0.01,-1,-1,-0.01,-1,-1,-0.01,-1,-1
99926009,2026-05-18 14:34:08+05:30,53483.4,0,0.0,0,0.0,0.0,53282.15,53619.2,52783.45,53710.35,0,0.0,0.0,0.0,0.0,-0.01,-1,-1,-0.01,-1,-1,-0.01,-1,-1,-0.01,-1,-1,-0.01,-1,-1,-0.01,-1,-1,-0.01,-1,-1,-0.01,-1,-1,-0.01,-1,-1,-0.01,-1,-1
99926009,2026-05-18 14:34:08+05:30,53482.5,0,0.0,0,0.0,0.0,53282.15,53619.2,52783.45,53710.35,0,0.0,0.0,0.0,0.0,-0.01,-1,-1,-0.01,-1,-1,-0.01,-1,-1,-0.01,-1,-1,-0.01,-1,-1,-0.01,-1,-1,-0.01,-1,-1,-0.01,-1,-1,-0.01,-1,-1,-0.01,-1,-1
99926009,2026-05-18 14:34:09+05:30,53483.65,0,0.0,0,0.0,0.0,53282.15,53619.2,52783.45,53710.35,0,0.0,0.0,0.0,0.0,-0.01,-1,-1,-0.01,-1,-1,-0.01,-1,-1,-0.01,-1,-1,-0.01,-1,-1,-0.01,-1,-1,-0.01,-1,-1,-0.01,-1,-1,-0.01,-1,-1,-0.01,-1,-1
99926009,2026-05-18 14:34:09+05:30,53483.6,0,0.0,0,0.0,0.0,53282.15,53619.2,52783.45,53710.35,0,0.0,0.0,0.0,0.0,-0.01,-1,-1,-0.01,-1,-1,-0.01,-1,-1,-0.01,-1,-1,-0.01,-1,-1,-0.01,-1,-1,-0.01,-1,-1,-0.01,-1,-1,-0.01,-1,-1,-0.01,-1,-1
99926009,2026-05-18 14:34:10+05:30,53482.05,0,0.0,0,0.0,0.0,53282.15,53619.2,52783.45,53710.35,0,0.0,0.0,0.0,0.0,-0.01,-1,-1,-0.01,-1,-1,-0.01,-1,-1,-0.01,-1,-1,-0.01,-1,-1,-0.01,-1,-1,-0.01,-1,-1,-0.01,-1,-1,-0.01,-1,-1,-0.01,-1,-1
99926009,2026-05-18 14:34:10+05:30,53481.5,0,0.0,0,0.0,0.0,53282.15,53619.2,52783.45,53710.35,0,0.0,0.0,0.0,0.0,-0.01,-1,-1,-0.01,-1,-1,-0.01,-1,-1,-0.01,-1,-1,-0.01,-1,-1,-0.01,-1,-1,-0.01,-1,-1,-0.01,-1,-1,-0.01,-1,-1,-0.01,-1,-1
99926009,2026-05-18 14:34:11+05:30,53480.05,0,0.0,0,0.0,0.0,53282.15,53619.2,52783.45,53710.35,0,0.0,0.0,0.0,0.0,-0.01,-1,-1,-0.01,-1,-1,-0.01,-1,-1,-0.01,-1,-1,-0.01,-1,-1,-0.01,-1,-1,-0.01,-1,-1,-0.01,-1,-1,-0.01,-1,-1,-0.01,-1,-1
99926009,2026-05-18 14:34:11+05:30,53482.05,0,0.0,0,0.0,0.0,53282.15,53619.2,52783.45,53710.35,0,0.0,0.0,0.0,0.0,-0.01,-1,-1,-0.01,-1,-1,-0.01,-1,-1,-0.01,-1,-1,-0.01,-1,-1,-0.01,-1,-1,-0.01,-1,-1,-0.01,-1,-1,-0.01,-1,-1,-0.01,-1,-1
99926009,2026-05-18 14:34:12+05:30,53481.75,0,0.0,0,0.0,0.0,53282.15,53619.2,52783.45,53710.35,0,0.0,0.0,0.0,0.0,-0.01,-1,-1,-0.01,-1,-1,-0.01,-1,-1,-0.01,-1,-1,-0.01,-1,-1,-0.01,-1,-1,-0.01,-1,-1,-0.01,-1,-1,-0.01,-1,-1,-0.01,-1,-1
99926009,2026-05-18 14:34:12+05:30,53481.25,0,0.0,0,0.0,0.0,53282.15,53619.2,52783.45,53710.35,0,0.0,0.0,0.0,0.0,-0.01,-1,-1,-0.01,-1,-1,-0.01,-1,-1,-0.01,-1,-1,-0.01,-1,-1,-0.01,-1,-1,-0.01,-1,-1,-0.01,-1,-1,-0.01,-1,-1,-0.01,-1,-1
99926009,2026-05-18 14:34:13+05:30,53481.55,0,0.0,0,0.0,0.0,53282.15,53619.2,52783.45,53710.35,0,0.0,0.0,0.0,0.0,-0.01,-1,-1,-0.01,-1,-1,-0.01,-1,-1,-0.01,-1,-1,-0.01,-1,-1,-0.01,-1,-1,-0.01,-1,-1,-0.01,-1,-1,-0.01,-1,-1,-0.01,-1,-1
99926009,2026-05-18 14:34:13+05:30,53483.35,0,0.0,0,0.0,0.0,53282.15,53619.2,52783.45,53710.35,0,0.0,0.0,0.0,0.0,-0.01,-1,-1,-0.01,-1,-1,-0.01,-1,-1,-0.01,-1,-1,-0.01,-1,-1,-0.01,-1,-1,-0.01,-1,-1,-0.01,-1,-1,-0.01,-1,-1,-0.01,-1,-1
99926009,2026-05-18 14:34:14+05:30,53481.3,0,0.0,0,0.0,0.0,53282.15,53619.2,52783.45,53710.35,0,0.0,0.0,0.0,0.0,-0.01,-1,-1,-0.01,-1,-1,-0.01,-1,-1,-0.01,-1,-1,-0.01,-1,-1,-0.01,-1,-1,-0.01,-1,-1,-0.01,-1,-1,-0.01,-1,-1,-0.01,-1,-1
99926009,2026-05-18 14:34:14+05:30,53478.9,0,0.0,0,0.0,0.0,53282.15,53619.2,52783.45,53710.35,0,0.0,0.0,0.0,0.0,-0.01,-1,-1,-0.01,-1,-1,-0.01,-1,-1,-0.01,-1,-1,-0.01,-1,-1,-0.01,-1,-1,-0.01,-1,-1,-0.01,-1,-1,-0.01,-1,-1,-0.01,-1,-1
99926009,2026-05-18 14:34:15+05:30,53475.6,0,0.0,0,0.0,0.0,53282.15,53619.2,52783.45,53710.35,0,0.0,0.0,0.0,0.0,-0.01,-1,-1,-0.01,-1,-1,-0.01,-1,-1,-0.01,-1,-1,-0.01,-1,-1,-0.01,-1,-1,-0.01,-1,-1,-0.01,-1,-1,-0.01,-1,-1,-0.01,-1,-1
99926009,2026-05-18 14:34:15+05:30,53478.0,0,0.0,0,0.0,0.0,53282.15,53619.2,52783.45,53710.35,0,0.0,0.0,0.0,0.0,-0.01,-1,-1,-0.01,-1,-1,-0.01,-1,-1,-0.01,-1,-1,-0.01,-1,-1,-0.01,-1,-1,-0.01,-1,-1,-0.01,-1,-1,-0.01,-1,-1,-0.01,-1,-1
99926009,2026-05-18 14:34:16+05:30,53478.7,0,0.0,0,0.0,0.0,53282.15,53619.2,52783.45,53710.35,0,0.0,0.0,0.0,0.0,-0.01,-1,-1,-0.01,-1,-1,-0.01,-1,-1,-0.01,-1,-1,-0.01,-1,-1,-0.01,-1,-1,-0.01,-1,-1,-0.01,-1,-1,-0.01,-1,-1,-0.01,-1,-1
99926009,2026-05-18 14:34:16+05:30,53479.2,0,0.0,0,0.0,0.0,53282.15,53619.2,52783.45,53710.35,0,0.0,0.0,0.0,0.0,-0.01,-1,-1,-0.01,-1,-1,-0.01,-1,-1,-0.01,-1,-1,-0.01,-1,-1,-0.01,-1,-1,-0.01,-1,-1,-0.01,-1,-1,-0.01,-1,-1,-0.01,-1,-1
99926009,2026-05-18 14:34:17+05:30,53476.95,0,0.0,0,0.0,0.0,53282.15,53619.2,52783.45,53710.35,0,0.0,0.0,0.0,0.0,-0.01,-1,-1,-0.01,-1,-1,-0.01,-1,-1,-0.01,-1,-1,-0.01,-1,-1,-0.01,-1,-1,-0.01,-1,-1,-0.01,-1,-1,-0.01,-1,-1,-0.01,-1,-1
99926009,2026-05-18 14:34:17+05:30,53479.45,0,0.0,0,0.0,0.0,53282.15,53619.2,52783.45,53710.35,0,0.0,0.0,0.0,0.0,-0.01,-1,-1,-0.01,-1,-1,-0.01,-1,-1,-0.01,-1,-1,-0.01,-1,-1,-0.01,-1,-1,-0.01,-1,-1,-0.01,-1,-1,-0.01,-1,-1,-0.01,-1,-1
99926009,2026-05-18 14:34:18+05:30,53476.75,0,0.0,0,0.0,0.0,53282.15,53619.2,52783.45,53710.35,0,0.0,0.0,0.0,0.0,-0.01,-1,-1,-0.01,-1,-1,-0.01,-1,-1,-0.01,-1,-1,-0.01,-1,-1,-0.01,-1,-1,-0.01,-1,-1,-0.01,-1,-1,-0.01,-1,-1,-0.01,-1,-1
99926009,2026-05-18 14:34:18+05:30,53475.2,0,0.0,0,0.0,0.0,53282.15,53619.2,52783.45,53710.35,0,0.0,0.0,0.0,0.0,-0.01,-1,-1,-0.01,-1,-1,-0.01,-1,-1,-0.01,-1,-1,-0.01,-1,-1,-0.01,-1,-1,-0.01,-1,-1,-0.01,-1,-1,-0.01,-1,-1,-0.01,-1,-1
99926009,2026-05-18 14:34:19+05:30,53476.35,0,0.0,0,0.0,0.0,53282.15,53619.2,52783.45,53710.35,0,0.0,0.0,0.0,0.0,-0.01,-1,-1,-0.01,-1,-1,-0.01,-1,-1,-0.01,-1,-1,-0.01,-1,-1,-0.01,-1,-1,-0.01,-1,-1,-0.01,-1,-1,-0.01,-1,-1,-0.01,-1,-1
99926009,2026-05-18 14:34:19+05:30,53474.95,0,0.0,0,0.0,0.0,53282.15,53619.2,52783.45,53710.35,0,0.0,0.0,0.0,0.0,-0.01,-1,-1,-0.01,-1,-1,-0.01,-1,-1,-0.01,-1,-1,-0.01,-1,-1,-0.01,-1,-1,-0.01,-1,-1,-0.01,-1,-1,-0.01,-1,-1,-0.01,-1,-1
99926009,2026-05-18 14:34:20+05:30,53474.7,0,0.0,0,0.0,0.0,53282.15,53619.2,52783.45,53710.35,0,0.0,0.0,0.0,0.0,-0.01,-1,-1,-0.01,-1,-1,-0.01,-1,-1,-0.01,-1,-1,-0.01,-1,-1,-0.01,-1,-1,-0.01,-1,-1,-0.01,-1,-1,-0.01,-1,-1,-0.01,-1,-1
99926009,2026-05-18 14:34:20+05:30,53473.2,0,0.0,0,0.0,0.0,53282.15,53619.2,52783.45,53710.35,0,0.0,0.0,0.0,0.0,-0.01,-1,-1,-0.01,-1,-1,-0.01,-1,-1,-0.01,-1,-1,-0.01,-1,-1,-0.01,-1,-1,-0.01,-1,-1,-0.01,-1,-1,-0.01,-1,-1,-0.01,-1,-1
99926009,2026-05-18 14:34:21+05:30,53473.75,0,0.0,0,0.0,0.0,53282.15,53619.2,52783.45,53710.35,0,0.0,0.0,0.0,0.0,-0.01,-1,-1,-0.01,-1,-1,-0.01,-1,-1,-0.01,-1,-1,-0.01,-1,-1,-0.01,-1,-1,-0.01,-1,-1,-0.01,-1,-1,-0.01,-1,-1,-0.01,-1,-1
99926009,2026-05-18 14:34:21+05:30,53472.85,0,0.0,0,0.0,0.0,53282.15,53619.2,52783.45,53710.35,0,0.0,0.0,0.0,0.0,-0.01,-1,-1,-0.01,-1,-1,-0.01,-1,-1,-0.01,-1,-1,-0.01,-1,-1,-0.01,-1,-1,-0.01,-1,-1,-0.01,-1,-1,-0.01,-1,-1,-0.01,-1,-1
99926009,2026-05-18 14:34:22+05:30,53473.45,0,0.0,0,0.0,0.0,53282.15,53619.2,52783.45,53710.35,0,0.0,0.0,0.0,0.0,-0.01,-1,-1,-0.01,-1,-1,-0.01,-1,-1,-0.01,-1,-1,-0.01,-1,-1,-0.01,-1,-1,-0.01,-1,-1,-0.01,-1,-1,-0.01,-1,-1,-0.01,-1,-1
99926009,2026-05-18 14:34:22+05:30,53474.7,0,0.0,0,0.0,0.0,53282.15,53619.2,52783.45,53710.35,0,0.0,0.0,0.0,0.0,-0.01,-1,-1,-0.01,-1,-1,-0.01,-1,-1,-0.01,-1,-1,-0.01,-1,-1,-0.01,-1,-1,-0.01,-1,-1,-0.01,-1,-1,-0.01,-1,-1,-0.01,-1,-1
99926009,2026-05-18 14:34:23+05:30,53470.8,0,0.0,0,0.0,0.0,53282.15,53619.2,52783.45,53710.35,0,0.0,0.0,0.0,0.0,-0.01,-1,-1,-0.01,-1,-1,-0.01,-1,-1,-0.01,-1,-1,-0.01,-1,-1,-0.01,-1,-1,-0.01,-1,-1,-0.01,-1,-1,-0.01,-1,-1,-0.01,-1,-1
99926009,2026-05-18 14:34:23+05:30,53461.8,0,0.0,0,0.0,0.0,53282.15,53619.2,52783.45,53710.35,0,0.0,0.0,0.0,0.0,-0.01,-1,-1,-0.01,-1,-1,-0.01,-1,-1,-0.01,-1,-1,-0.01,-1,-1,-0.01,-1,-1,-0.01,-1,-1,-0.01,-1,-1,-0.01,-1,-1,-0.01,-1,-1
99926009,2026-05-18 14:34:24+05:30,53462.75,0,0.0,0,0.0,0.0,53282.15,53619.2,52783.45,53710.35,0,0.0,0.0,0.0,0.0,-0.01,-1,-1,-0.01,-1,-1,-0.01,-1,-1,-0.01,-1,-1,-0.01,-1,-1,-0.01,-1,-1,-0.01,-1,-1,-0.01,-1,-1,-0.01,-1,-1,-0.01,-1,-1
99926009,2026-05-18 14:34:24+05:30,53464.35,0,0.0,0,0.0,0.0,53282.15,53619.2,52783.45,53710.35,0,0.0,0.0,0.0,0.0,-0.01,-1,-1,-0.01,-1,-1,-0.01,-1,-1,-0.01,-1,-1,-0.01,-1,-1,-0.01,-1,-1,-0.01,-1,-1,-0.01,-1,-1,-0.01,-1,-1,-0.01,-1,-1
99926009,2026-05-18 14:34:25+05:30,53464.2,0,0.0,0,0.0,0.0,53282.15,53619.2,52783.45,53710.35,0,0.0,0.0,0.0,0.0,-0.01,-1,-1,-0.01,-1,-1,-0.01,-1,-1,-0.01,-1,-1,-0.01,-1,-1,-0.01,-1,-1,-0.01,-1,-1,-0.01,-1,-1,-0.01,-1,-1,-0.01,-1,-1
99926009,2026-05-18 14:34:25+05:30,53466.55,0,0.0,0,0.0,0.0,53282.15,53619.2,52783.45,53710.35,0,0.0,0.0,0.0,0.0,-0.01,-1,-1,-0.01,-1,-1,-0.01,-1,-1,-0.01,-1,-1,-0.01,-1,-1,-0.01,-1,-1,-0.01,-1,-1,-0.01,-1,-1,-0.01,-1,-1,-0.01,-1,-1
99926009,2026-05-18 14:34:26+05:30,53465.1,0,0.0,0,0.0,0.0,53282.15,53619.2,52783.45,53710.35,0,0.0,0.0,0.0,0.0,-0.01,-1,-1,-0.01,-1,-1,-0.01,-1,-1,-0.01,-1,-1,-0.01,-1,-1,-0.01,-1,-1,-0.01,-1,-1,-0.01,-1,-1,-0.01,-1,-1,-0.01,-1,-1
99926009,2026-05-18 14:34:26+05:30,53465.95,0,0.0,0,0.0,0.0,53282.15,53619.2,52783.45,53710.35,0,0.0,0.0,0.0,0.0,-0.01,-1,-1,-0.01,-1,-1,-0.01,-1,-1,-0.01,-1,-1,-0.01,-1,-1,-0.01,-1,-1,-0.01,-1,-1,-0.01,-1,-1,-0.01,-1,-1,-0.01,-1,-1
99926009,2026-05-18 14:34:27+05:30,53464.1,0,0.0,0,0.0,0.0,53282.15,53619.2,52783.45,53710.35,0,0.0,0.0,0.0,0.0,-0.01,-1,-1,-0.01,-1,-1,-0.01,-1,-1,-0.01,-1,-1,-0.01,-1,-1,-0.01,-1,-1,-0.01,-1,-1,-0.01,-1,-1,-0.01,-1,-1,-0.01,-1,-1
99926009,2026-05-18 14:34:27+05:30,53466.15,0,0.0,0,0.0,0.0,53282.15,53619.2,52783.45,53710.35,0,0.0,0.0,0.0,0.0,-0.01,-1,-1,-0.01,-1,-1,-0.01,-1,-1,-0.01,-1,-1,-0.01,-1,-1,-0.01,-1,-1,-0.01,-1,-1,-0.01,-1,-1,-0.01,-1,-1,-0.01,-1,-1
99926009,2026-05-18 14:34:28+05:30,53464.5,0,0.0,0,0.0,0.0,53282.15,53619.2,52783.45,53710.35,0,0.0,0.0,0.0,0.0,-0.01,-1,-1,-0.01,-1,-1,-0.01,-1,-1,-0.01,-1,-1,-0.01,-1,-1,-0.01,-1,-1,-0.01,-1,-1,-0.01,-1,-1,-0.01,-1,-1,-0.01,-1,-1
99926009,2026-05-18 14:34:28+05:30,53462.95,0,0.0,0,0.0,0.0,53282.15,53619.2,52783.45,53710.35,0,0.0,0.0,0.0,0.0,-0.01,-1,-1,-0.01,-1,-1,-0.01,-1,-1,-0.01,-1,-1,-0.01,-1,-1,-0.01,-1,-1,-0.01,-1,-1,-0.01,-1,-1,-0.01,-1,-1,-0.01,-1,-1
99926009,2026-05-18 14:34:29+05:30,53465.05,0,0.0,0,0.0,0.0,53282.15,53619.2,52783.45,53710.35,0,0.0,0.0,0.0,0.0,-0.01,-1,-1,-0.01,-1,-1,-0.01,-1,-1,-0.01,-1,-1,-0.01,-1,-1,-0.01,-1,-1,-0.01,-1,-1,-0.01,-1,-1,-0.01,-1,-1,-0.01,-1,-1
99926009,2026-05-18 14:34:29+05:30,53462.1,0,0.0,0,0.0,0.0,53282.15,53619.2,52783.45,53710.35,0,0.0,0.0,0.0,0.0,-0.01,-1,-1,-0.01,-1,-1,-0.01,-1,-1,-0.01,-1,-1,-0.01,-1,-1,-0.01,-1,-1,-0.01,-1,-1,-0.01,-1,-1,-0.01,-1,-1,-0.01,-1,-1
99926009,2026-05-18 14:34:30+05:30,53463.6,0,0.0,0,0.0,0.0,53282.15,53619.2,52783.45,53710.35,0,0.0,0.0,0.0,0.0,-0.01,-1,-1,-0.01,-1,-1,-0.01,-1,-1,-0.01,-1,-1,-0.01,-1,-1,-0.01,-1,-1,-0.01,-1,-1,-0.01,-1,-1,-0.01,-1,-1,-0.01,-1,-1
99926009,2026-05-18 14:34:30+05:30,53460.95,0,0.0,0,0.0,0.0,53282.15,53619.2,52783.45,53710.35,0,0.0,0.0,0.0,0.0,-0.01,-1,-1,-0.01,-1,-1,-0.01,-1,-1,-0.01,-1,-1,-0.01,-1,-1,-0.01,-1,-1,-0.01,-1,-1,-0.01,-1,-1,-0.01,-1,-1,-0.01,-1,-1
99926009,2026-05-18 14:34:31+05:30,53466.7,0,0.0,0,0.0,0.0,53282.15,53619.2,52783.45,53710.35,0,0.0,0.0,0.0,0.0,-0.01,-1,-1,-0.01,-1,-1,-0.01,-1,-1,-0.01,-1,-1,-0.01,-1,-1,-0.01,-1,-1,-0.01,-1,-1,-0.01,-1,-1,-0.01,-1,-1,-0.01,-1,-1
99926009,2026-05-18 14:34:31+05:30,53464.75,0,0.0,0,0.0,0.0,53282.15,53619.2,52783.45,53710.35,0,0.0,0.0,0.0,0.0,-0.01,-1,-1,-0.01,-1,-1,-0.01,-1,-1,-0.01,-1,-1,-0.01,-1,-1,-0.01,-1,-1,-0.01,-1,-1,-0.01,-1,-1,-0.01,-1,-1,-0.01,-1,-1
99926009,2026-05-18 14:34:32+05:30,53461.8,0,0.0,0,0.0,0.0,53282.15,53619.2,52783.45,53710.35,0,0.0,0.0,0.0,0.0,-0.01,-1,-1,-0.01,-1,-1,-0.01,-1,-1,-0.01,-1,-1,-0.01,-1,-1,-0.01,-1,-1,-0.01,-1,-1,-0.01,-1,-1,-0.01,-1,-1,-0.01,-1,-1
99926009,2026-05-18 14:34:32+05:30,53460.75,0,0.0,0,0.0,0.0,53282.15,53619.2,52783.45,53710.35,0,0.0,0.0,0.0,0.0,-0.01,-1,-1,-0.01,-1,-1,-0.01,-1,-1,-0.01,-1,-1,-0.01,-1,-1,-0.01,-1,-1,-0.01,-1,-1,-0.01,-1,-1,-0.01,-1,-1,-0.01,-1,-1
99926009,2026-05-18 14:34:33+05:30,53457.95,0,0.0,0,0.0,0.0,53282.15,53619.2,52783.45,53710.35,0,0.0,0.0,0.0,0.0,-0.01,-1,-1,-0.01,-1,-1,-0.01,-1,-1,-0.01,-1,-1,-0.01,-1,-1,-0.01,-1,-1,-0.01,-1,-1,-0.01,-1,-1,-0.01,-1,-1,-0.01,-1,-1
99926009,2026-05-18 14:34:33+05:30,53460.9,0,0.0,0,0.0,0.0,53282.15,53619.2,52783.45,53710.35,0,0.0,0.0,0.0,0.0,-0.01,-1,-1,-0.01,-1,-1,-0.01,-1,-1,-0.01,-1,-1,-0.01,-1,-1,-0.01,-1,-1,-0.01,-1,-1,-0.01,-1,-1,-0.01,-1,-1,-0.01,-1,-1
99926009,2026-05-18 14:34:34+05:30,53461.35,0,0.0,0,0.0,0.0,53282.15,53619.2,52783.45,53710.35,0,0.0,0.0,0.0,0.0,-0.01,-1,-1,-0.01,-1,-1,-0.01,-1,-1,-0.01,-1,-1,-0.01,-1,-1,-0.01,-1,-1,-0.01,-1,-1,-0.01,-1,-1,-0.01,-1,-1,-0.01,-1,-1
99926009,2026-05-18 14:34:34+05:30,53458.25,0,0.0,0,0.0,0.0,53282.15,53619.2,52783.45,53710.35,0,0.0,0.0,0.0,0.0,-0.01,-1,-1,-0.01,-1,-1,-0.01,-1,-1,-0.01,-1,-1,-0.01,-1,-1,-0.01,-1,-1,-0.01,-1,-1,-0.01,-1,-1,-0.01,-1,-1,-0.01,-1,-1
99926009,2026-05-18 14:34:35+05:30,53459.35,0,0.0,0,0.0,0.0,53282.15,53619.2,52783.45,53710.35,0,0.0,0.0,0.0,0.0,-0.01,-1,-1,-0.01,-1,-1,-0.01,-1,-1,-0.01,-1,-1,-0.01,-1,-1,-0.01,-1,-1,-0.01,-1,-1,-0.01,-1,-1,-0.01,-1,-1,-0.01,-1,-1
99926009,2026-05-18 14:34:35+05:30,53461.95,0,0.0,0,0.0,0.0,53282.15,53619.2,52783.45,53710.35,0,0.0,0.0,0.0,0.0,-0.01,-1,-1,-0.01,-1,-1,-0.01,-1,-1,-0.01,-1,-1,-0.01,-1,-1,-0.01,-1,-1,-0.01,-1,-1,-0.01,-1,-1,-0.01,-1,-1,-0.01,-1,-1
99926009,2026-05-18 14:34:36+05:30,53461.6,0,0.0,0,0.0,0.0,53282.15,53619.2,52783.45,53710.35,0,0.0,0.0,0.0,0.0,-0.01,-1,-1,-0.01,-1,-1,-0.01,-1,-1,-0.01,-1,-1,-0.01,-1,-1,-0.01,-1,-1,-0.01,-1,-1,-0.01,-1,-1,-0.01,-1,-1,-0.01,-1,-1
99926009,2026-05-18 14:34:36+05:30,53460.3,0,0.0,0,0.0,0.0,53282.15,53619.2,52783.45,53710.35,0,0.0,0.0,0.0,0.0,-0.01,-1,-1,-0.01,-1,-1,-0.01,-1,-1,-0.01,-1,-1,-0.01,-1,-1,-0.01,-1,-1,-0.01,-1,-1,-0.01,-1,-1,-0.01,-1,-1,-0.01,-1,-1
99926009,2026-05-18 14:34:37+05:30,53462.8,0,0.0,0,0.0,0.0,53282.15,53619.2,52783.45,53710.35,0,0.0,0.0,0.0,0.0,-0.01,-1,-1,-0.01,-1,-1,-0.01,-1,-1,-0.01,-1,-1,-0.01,-1,-1,-0.01,-1,-1,-0.01,-1,-1,-0.01,-1,-1,-0.01,-1,-1,-0.01,-1,-1
99926009,2026-05-18 14:34:37+05:30,53463.2,0,0.0,0,0.0,0.0,53282.15,53619.2,52783.45,53710.35,0,0.0,0.0,0.0,0.0,-0.01,-1,-1,-0.01,-1,-1,-0.01,-1,-1,-0.01,-1,-1,-0.01,-1,-1,-0.01,-1,-1,-0.01,-1,-1,-0.01,-1,-1,-0.01,-1,-1,-0.01,-1,-1
99926009,2026-05-18 14:34:38+05:30,53461.45,0,0.0,0,0.0,0.0,53282.15,53619.2,52783.45,53710.35,0,0.0,0.0,0.0,0.0,-0.01,-1,-1,-0.01,-1,-1,-0.01,-1,-1,-0.01,-1,-1,-0.01,-1,-1,-0.01,-1,-1,-0.01,-1,-1,-0.01,-1,-1,-0.01,-1,-1,-0.01,-1,-1
99926009,2026-05-18 14:34:38+05:30,53459.0,0,0.0,0,0.0,0.0,53282.15,53619.2,52783.45,53710.35,0,0.0,0.0,0.0,0.0,-0.01,-1,-1,-0.01,-1,-1,-0.01,-1,-1,-0.01,-1,-1,-0.01,-1,-1,-0.01,-1,-1,-0.01,-1,-1,-0.01,-1,-1,-0.01,-1,-1,-0.01,-1,-1
99926009,2026-05-18 14:34:39+05:30,53460.2,0,0.0,0,0.0,0.0,53282.15,53619.2,52783.45,53710.35,0,0.0,0.0,0.0,0.0,-0.01,-1,-1,-0.01,-1,-1,-0.01,-1,-1,-0.01,-1,-1,-0.01,-1,-1,-0.01,-1,-1,-0.01,-1,-1,-0.01,-1,-1,-0.01,-1,-1,-0.01,-1,-1
99926009,2026-05-18 14:34:39+05:30,53458.75,0,0.0,0,0.0,0.0,53282.15,53619.2,52783.45,53710.35,0,0.0,0.0,0.0,0.0,-0.01,-1,-1,-0.01,-1,-1,-0.01,-1,-1,-0.01,-1,-1,-0.01,-1,-1,-0.01,-1,-1,-0.01,-1,-1,-0.01,-1,-1,-0.01,-1,-1,-0.01,-1,-1
99926009,2026-05-18 14:34:40+05:30,53459.55,0,0.0,0,0.0,0.0,53282.15,53619.2,52783.45,53710.35,0,0.0,0.0,0.0,0.0,-0.01,-1,-1,-0.01,-1,-1,-0.01,-1,-1,-0.01,-1,-1,-0.01,-1,-1,-0.01,-1,-1,-0.01,-1,-1,-0.01,-1,-1,-0.01,-1,-1,-0.01,-1,-1
99926009,2026-05-18 14:34:40+05:30,53459.25,0,0.0,0,0.0,0.0,53282.15,53619.2,52783.45,53710.35,0,0.0,0.0,0.0,0.0,-0.01,-1,-1,-0.01,-1,-1,-0.01,-1,-1,-0.01,-1,-1,-0.01,-1,-1,-0.01,-1,-1,-0.01,-1,-1,-0.01,-1,-1,-0.01,-1,-1,-0.01,-1,-1
99926009,2026-05-18 14:34:41+05:30,53457.0,0,0.0,0,0.0,0.0,53282.15,53619.2,52783.45,53710.35,0,0.0,0.0,0.0,0.0,-0.01,-1,-1,-0.01,-1,-1,-0.01,-1,-1,-0.01,-1,-1,-0.01,-1,-1,-0.01,-1,-1,-0.01,-1,-1,-0.01,-1,-1,-0.01,-1,-1,-0.01,-1,-1
99926009,2026-05-18 14:34:41+05:30,53453.9,0,0.0,0,0.0,0.0,53282.15,53619.2,52783.45,53710.35,0,0.0,0.0,0.0,0.0,-0.01,-1,-1,-0.01,-1,-1,-0.01,-1,-1,-0.01,-1,-1,-0.01,-1,-1,-0.01,-1,-1,-0.01,-1,-1,-0.01,-1,-1,-0.01,-1,-1,-0.01,-1,-1
99926009,2026-05-18 14:34:42+05:30,53455.1,0,0.0,0,0.0,0.0,53282.15,53619.2,52783.45,53710.35,0,0.0,0.0,0.0,0.0,-0.01,-1,-1,-0.01,-1,-1,-0.01,-1,-1,-0.01,-1,-1,-0.01,-1,-1,-0.01,-1,-1,-0.01,-1,-1,-0.01,-1,-1,-0.01,-1,-1,-0.01,-1,-1
99926009,2026-05-18 14:34:42+05:30,53457.8,0,0.0,0,0.0,0.0,53282.15,53619.2,52783.45,53710.35,0,0.0,0.0,0.0,0.0,-0.01,-1,-1,-0.01,-1,-1,-0.01,-1,-1,-0.01,-1,-1,-0.01,-1,-1,-0.01,-1,-1,-0.01,-1,-1,-0.01,-1,-1,-0.01,-1,-1,-0.01,-1,-1
99926009,2026-05-18 14:34:43+05:30,53457.15,0,0.0,0,0.0,0.0,53282.15,53619.2,52783.45,53710.35,0,0.0,0.0,0.0,0.0,-0.01,-1,-1,-0.01,-1,-1,-0.01,-1,-1,-0.01,-1,-1,-0.01,-1,-1,-0.01,-1,-1,-0.01,-1,-1,-0.01,-1,-1,-0.01,-1,-1,-0.01,-1,-1
99926009,2026-05-18 14:34:43+05:30,53457.3,0,0.0,0,0.0,0.0,53282.15,53619.2,52783.45,53710.35,0,0.0,0.0,0.0,0.0,-0.01,-1,-1,-0.01,-1,-1,-0.01,-1,-1,-0.01,-1,-1,-0.01,-1,-1,-0.01,-1,-1,-0.01,-1,-1,-0.01,-1,-1,-0.01,-1,-1,-0.01,-1,-1
99926009,2026-05-18 14:34:44+05:30,53459.3,0,0.0,0,0.0,0.0,53282.15,53619.2,52783.45,53710.35,0,0.0,0.0,0.0,0.0,-0.01,-1,-1,-0.01,-1,-1,-0.01,-1,-1,-0.01,-1,-1,-0.01,-1,-1,-0.01,-1,-1,-0.01,-1,-1,-0.01,-1,-1,-0.01,-1,-1,-0.01,-1,-1
99926009,2026-05-18 14:34:44+05:30,53454.45,0,0.0,0,0.0,0.0,53282.15,53619.2,52783.45,53710.35,0,0.0,0.0,0.0,0.0,-0.01,-1,-1,-0.01,-1,-1,-0.01,-1,-1,-0.01,-1,-1,-0.01,-1,-1,-0.01,-1,-1,-0.01,-1,-1,-0.01,-1,-1,-0.01,-1,-1,-0.01,-1,-1
99926009,2026-05-18 14:34:45+05:30,53454.85,0,0.0,0,0.0,0.0,53282.15,53619.2,52783.45,53710.35,0,0.0,0.0,0.0,0.0,-0.01,-1,-1,-0.01,-1,-1,-0.01,-1,-1,-0.01,-1,-1,-0.01,-1,-1,-0.01,-1,-1,-0.01,-1,-1,-0.01,-1,-1,-0.01,-1,-1,-0.01,-1,-1
99926009,2026-05-18 14:34:45+05:30,53455.45,0,0.0,0,0.0,0.0,53282.15,53619.2,52783.45,53710.35,0,0.0,0.0,0.0,0.0,-0.01,-1,-1,-0.01,-1,-1,-0.01,-1,-1,-0.01,-1,-1,-0.01,-1,-1,-0.01,-1,-1,-0.01,-1,-1,-0.01,-1,-1,-0.01,-1,-1,-0.01,-1,-1
99926009,2026-05-18 14:34:46+05:30,53454.95,0,0.0,0,0.0,0.0,53282.15,53619.2,52783.45,53710.35,0,0.0,0.0,0.0,0.0,-0.01,-1,-1,-0.01,-1,-1,-0.01,-1,-1,-0.01,-1,-1,-0.01,-1,-1,-0.01,-1,-1,-0.01,-1,-1,-0.01,-1,-1,-0.01,-1,-1,-0.01,-1,-1
99926009,2026-05-18 14:34:46+05:30,53452.5,0,0.0,0,0.0,0.0,53282.15,53619.2,52783.45,53710.35,0,0.0,0.0,0.0,0.0,-0.01,-1,-1,-0.01,-1,-1,-0.01,-1,-1,-0.01,-1,-1,-0.01,-1,-1,-0.01,-1,-1,-0.01,-1,-1,-0.01,-1,-1,-0.01,-1,-1,-0.01,-1,-1
99926009,2026-05-18 14:34:47+05:30,53452.9,0,0.0,0,0.0,0.0,53282.15,53619.2,52783.45,53710.35,0,0.0,0.0,0.0,0.0,-0.01,-1,-1,-0.01,-1,-1,-0.01,-1,-1,-0.01,-1,-1,-0.01,-1,-1,-0.01,-1,-1,-0.01,-1,-1,-0.01,-1,-1,-0.01,-1,-1,-0.01,-1,-1
99926009,2026-05-18 14:34:47+05:30,53451.35,0,0.0,0,0.0,0.0,53282.15,53619.2,52783.45,53710.35,0,0.0,0.0,0.0,0.0,-0.01,-1,-1,-0.01,-1,-1,-0.01,-1,-1,-0.01,-1,-1,-0.01,-1,-1,-0.01,-1,-1,-0.01,-1,-1,-0.01,-1,-1,-0.01,-1,-1,-0.01,-1,-1
99926009,2026-05-18 14:34:48+05:30,53453.75,0,0.0,0,0.0,0.0,53282.15,53619.2,52783.45,53710.35,0,0.0,0.0,0.0,0.0,-0.01,-1,-1,-0.01,-1,-1,-0.01,-1,-1,-0.01,-1,-1,-0.01,-1,-1,-0.01,-1,-1,-0.01,-1,-1,-0.01,-1,-1,-0.01,-1,-1,-0.01,-1,-1
99926009,2026-05-18 14:34:48+05:30,53451.75,0,0.0,0,0.0,0.0,53282.15,53619.2,52783.45,53710.35,0,0.0,0.0,0.0,0.0,-0.01,-1,-1,-0.01,-1,-1,-0.01,-1,-1,-0.01,-1,-1,-0.01,-1,-1,-0.01,-1,-1,-0.01,-1,-1,-0.01,-1,-1,-0.01,-1,-1,-0.01,-1,-1
99926009,2026-05-18 14:34:49+05:30,53454.05,0,0.0,0,0.0,0.0,53282.15,53619.2,52783.45,53710.35,0,0.0,0.0,0.0,0.0,-0.01,-1,-1,-0.01,-1,-1,-0.01,-1,-1,-0.01,-1,-1,-0.01,-1,-1,-0.01,-1,-1,-0.01,-1,-1,-0.01,-1,-1,-0.01,-1,-1,-0.01,-1,-1
99926009,2026-05-18 14:34:49+05:30,53453.15,0,0.0,0,0.0,0.0,53282.15,53619.2,52783.45,53710.35,0,0.0,0.0,0.0,0.0,-0.01,-1,-1,-0.01,-1,-1,-0.01,-1,-1,-0.01,-1,-1,-0.01,-1,-1,-0.01,-1,-1,-0.01,-1,-1,-0.01,-1,-1,-0.01,-1,-1,-0.01,-1,-1
99926009,2026-05-18 14:34:50+05:30,53456.1,0,0.0,0,0.0,0.0,53282.15,53619.2,52783.45,53710.35,0,0.0,0.0,0.0,0.0,-0.01,-1,-1,-0.01,-1,-1,-0.01,-1,-1,-0.01,-1,-1,-0.01,-1,-1,-0.01,-1,-1,-0.01,-1,-1,-0.01,-1,-1,-0.01,-1,-1,-0.01,-1,-1
99926009,2026-05-18 14:34:50+05:30,53455.35,0,0.0,0,0.0,0.0,53282.15,53619.2,52783.45,53710.35,0,0.0,0.0,0.0,0.0,-0.01,-1,-1,-0.01,-1,-1,-0.01,-1,-1,-0.01,-1,-1,-0.01,-1,-1,-0.01,-1,-1,-0.01,-1,-1,-0.01,-1,-1,-0.01,-1,-1,-0.01,-1,-1
99926009,2026-05-18 14:34:51+05:30,53455.25,0,0.0,0,0.0,0.0,53282.15,53619.2,52783.45,53710.35,0,0.0,0.0,0.0,0.0,-0.01,-1,-1,-0.01,-1,-1,-0.01,-1,-1,-0.01,-1,-1,-0.01,-1,-1,-0.01,-1,-1,-0.01,-1,-1,-0.01,-1,-1,-0.01,-1,-1,-0.01,-1,-1
99926009,2026-05-18 14:34:51+05:30,53459.1,0,0.0,0,0.0,0.0,53282.15,53619.2,52783.45,53710.35,0,0.0,0.0,0.0,0.0,-0.01,-1,-1,-0.01,-1,-1,-0.01,-1,-1,-0.01,-1,-1,-0.01,-1,-1,-0.01,-1,-1,-0.01,-1,-1,-0.01,-1,-1,-0.01,-1,-1,-0.01,-1,-1
99926009,2026-05-18 14:34:52+05:30,53461.3,0,0.0,0,0.0,0.0,53282.15,53619.2,52783.45,53710.35,0,0.0,0.0,0.0,0.0,-0.01,-1,-1,-0.01,-1,-1,-0.01,-1,-1,-0.01,-1,-1,-0.01,-1,-1,-0.01,-1,-1,-0.01,-1,-1,-0.01,-1,-1,-0.01,-1,-1,-0.01,-1,-1
99926009,2026-05-18 14:34:52+05:30,53462.1,0,0.0,0,0.0,0.0,53282.15,53619.2,52783.45,53710.35,0,0.0,0.0,0.0,0.0,-0.01,-1,-1,-0.01,-1,-1,-0.01,-1,-1,-0.01,-1,-1,-0.01,-1,-1,-0.01,-1,-1,-0.01,-1,-1,-0.01,-1,-1,-0.01,-1,-1,-0.01,-1,-1
99926009,2026-05-18 14:34:53+05:30,53454.55,0,0.0,0,0.0,0.0,53282.15,53619.2,52783.45,53710.35,0,0.0,0.0,0.0,0.0,-0.01,-1,-1,-0.01,-1,-1,-0.01,-1,-1,-0.01,-1,-1,-0.01,-1,-1,-0.01,-1,-1,-0.01,-1,-1,-0.01,-1,-1,-0.01,-1,-1,-0.01,-1,-1
99926009,2026-05-18 14:34:53+05:30,53458.35,0,0.0,0,0.0,0.0,53282.15,53619.2,52783.45,53710.35,0,0.0,0.0,0.0,0.0,-0.01,-1,-1,-0.01,-1,-1,-0.01,-1,-1,-0.01,-1,-1,-0.01,-1,-1,-0.01,-1,-1,-0.01,-1,-1,-0.01,-1,-1,-0.01,-1,-1,-0.01,-1,-1
99926009,2026-05-18 14:34:54+05:30,53458.3,0,0.0,0,0.0,0.0,53282.15,53619.2,52783.45,53710.35,0,0.0,0.0,0.0,0.0,-0.01,-1,-1,-0.01,-1,-1,-0.01,-1,-1,-0.01,-1,-1,-0.01,-1,-1,-0.01,-1,-1,-0.01,-1,-1,-0.01,-1,-1,-0.01,-1,-1,-0.01,-1,-1
99926009,2026-05-18 14:34:54+05:30,53460.85,0,0.0,0,0.0,0.0,53282.15,53619.2,52783.45,53710.35,0,0.0,0.0,0.0,0.0,-0.01,-1,-1,-0.01,-1,-1,-0.01,-1,-1,-0.01,-1,-1,-0.01,-1,-1,-0.01,-1,-1,-0.01,-1,-1,-0.01,-1,-1,-0.01,-1,-1,-0.01,-1,-1
99926009,2026-05-18 14:34:55+05:30,53455.5,0,0.0,0,0.0,0.0,53282.15,53619.2,52783.45,53710.35,0,0.0,0.0,0.0,0.0,-0.01,-1,-1,-0.01,-1,-1,-0.01,-1,-1,-0.01,-1,-1,-0.01,-1,-1,-0.01,-1,-1,-0.01,-1,-1,-0.01,-1,-1,-0.01,-1,-1,-0.01,-1,-1
99926009,2026-05-18 14:34:55+05:30,53455.15,0,0.0,0,0.0,0.0,53282.15,53619.2,52783.45,53710.35,0,0.0,0.0,0.0,0.0,-0.01,-1,-1,-0.01,-1,-1,-0.01,-1,-1,-0.01,-1,-1,-0.01,-1,-1,-0.01,-1,-1,-0.01,-1,-1,-0.01,-1,-1,-0.01,-1,-1,-0.01,-1,-1
99926009,2026-05-18 14:34:56+05:30,53457.6,0,0.0,0,0.0,0.0,53282.15,53619.2,52783.45,53710.35,0,0.0,0.0,0.0,0.0,-0.01,-1,-1,-0.01,-1,-1,-0.01,-1,-1,-0.01,-1,-1,-0.01,-1,-1,-0.01,-1,-1,-0.01,-1,-1,-0.01,-1,-1,-0.01,-1,-1,-0.01,-1,-1
99926009,2026-05-18 14:34:56+05:30,53458.4,0,0.0,0,0.0,0.0,53282.15,53619.2,52783.45,53710.35,0,0.0,0.0,0.0,0.0,-0.01,-1,-1,-0.01,-1,-1,-0.01,-1,-1,-0.01,-1,-1,-0.01,-1,-1,-0.01,-1,-1,-0.01,-1,-1,-0.01,-1,-1,-0.01,-1,-1,-0.01,-1,-1
99926009,2026-05-18 14:34:57+05:30,53463.95,0,0.0,0,0.0,0.0,53282.15,53619.2,52783.45,53710.35,0,0.0,0.0,0.0,0.0,-0.01,-1,-1,-0.01,-1,-1,-0.01,-1,-1,-0.01,-1,-1,-0.01,-1,-1,-0.01,-1,-1,-0.01,-1,-1,-0.01,-1,-1,-0.01,-1,-1,-0.01,-1,-1
99926009,2026-05-18 14:34:57+05:30,53457.45,0,0.0,0,0.0,0.0,53282.15,53619.2,52783.45,53710.35,0,0.0,0.0,0.0,0.0,-0.01,-1,-1,-0.01,-1,-1,-0.01,-1,-1,-0.01,-1,-1,-0.01,-1,-1,-0.01,-1,-1,-0.01,-1,-1,-0.01,-1,-1,-0.01,-1,-1,-0.01,-1,-1
99926009,2026-05-18 14:34:58+05:30,53459.6,0,0.0,0,0.0,0.0,53282.15,53619.2,52783.45,53710.35,0,0.0,0.0,0.0,0.0,-0.01,-1,-1,-0.01,-1,-1,-0.01,-1,-1,-0.01,-1,-1,-0.01,-1,-1,-0.01,-1,-1,-0.01,-1,-1,-0.01,-1,-1,-0.01,-1,-1,-0.01,-1,-1
99926009,2026-05-18 14:34:58+05:30,53457.8,0,0.0,0,0.0,0.0,53282.15,53619.2,52783.45,53710.35,0,0.0,0.0,0.0,0.0,-0.01,-1,-1,-0.01,-1,-1,-0.01,-1,-1,-0.01,-1,-1,-0.01,-1,-1,-0.01,-1,-1,-0.01,-1,-1,-0.01,-1,-1,-0.01,-1,-1,-0.01,-1,-1
99926009,2026-05-18 14:34:59+05:30,53455.45,0,0.0,0,0.0,0.0,53282.15,53619.2,52783.45,53710.35,0,0.0,0.0,0.0,0.0,-0.01,-1,-1,-0.01,-1,-1,-0.01,-1,-1,-0.01,-1,-1,-0.01,-1,-1,-0.01,-1,-1,-0.01,-1,-1,-0.01,-1,-1,-0.01,-1,-1,-0.01,-1,-1
99926009,2026-05-18 14:34:59+05:30,53458.5,0,0.0,0,0.0,0.0,53282.15,53619.2,52783.45,53710.35,0,0.0,0.0,0.0,0.0,-0.01,-1,-1,-0.01,-1,-1,-0.01,-1,-1,-0.01,-1,-1,-0.01,-1,-1,-0.01,-1,-1,-0.01,-1,-1,-0.01,-1,-1,-0.01,-1,-1,-0.01,-1,-1
99926009,2026-05-18 14:35:00+05:30,53456.15,0,0.0,0,0.0,0.0,53282.15,53619.2,52783.45,53710.35,0,0.0,0.0,0.0,0.0,-0.01,-1,-1,-0.01,-1,-1,-0.01,-1,-1,-0.01,-1,-1,-0.01,-1,-1,-0.01,-1,-1,-0.01,-1,-1,-0.01,-1,-1,-0.01,-1,-1,-0.01,-1,-1
99926009,2026-05-18 14:35:00+05:30,53459.0,0,0.0,0,0.0,0.0,53282.15,53619.2,52783.45,53710.35,0,0.0,0.0,0.0,0.0,-0.01,-1,-1,-0.01,-1,-1,-0.01,-1,-1,-0.01,-1,-1,-0.01,-1,-1,-0.01,-1,-1,-0.01,-1,-1,-0.01,-1,-1,-0.01,-1,-1,-0.01,-1,-1
99926009,2026-05-18 14:35:01+05:30,53458.45,0,0.0,0,0.0,0.0,53282.15,53619.2,52783.45,53710.35,0,0.0,0.0,0.0,0.0,-0.01,-1,-1,-0.01,-1,-1,-0.01,-1,-1,-0.01,-1,-1,-0.01,-1,-1,-0.01,-1,-1,-0.01,-1,-1,-0.01,-1,-1,-0.01,-1,-1,-0.01,-1,-1
99926009,2026-05-18 14:35:01+05:30,53459.5,0,0.0,0,0.0,0.0,53282.15,53619.2,52783.45,53710.35,0,0.0,0.0,0.0,0.0,-0.01,-1,-1,-0.01,-1,-1,-0.01,-1,-1,-0.01,-1,-1,-0.01,-1,-1,-0.01,-1,-1,-0.01,-1,-1,-0.01,-1,-1,-0.01,-1,-1,-0.01,-1,-1
99926009,2026-05-18 14:35:02+05:30,53458.45,0,0.0,0,0.0,0.0,53282.15,53619.2,52783.45,53710.35,0,0.0,0.0,0.0,0.0,-0.01,-1,-1,-0.01,-1,-1,-0.01,-1,-1,-0.01,-1,-1,-0.01,-1,-1,-0.01,-1,-1,-0.01,-1,-1,-0.01,-1,-1,-0.01,-1,-1,-0.01,-1,-1
99926009,2026-05-18 14:35:02+05:30,53458.65,0,0.0,0,0.0,0.0,53282.15,53619.2,52783.45,53710.35,0,0.0,0.0,0.0,0.0,-0.01,-1,-1,-0.01,-1,-1,-0.01,-1,-1,-0.01,-1,-1,-0.01,-1,-1,-0.01,-1,-1,-0.01,-1,-1,-0.01,-1,-1,-0.01,-1,-1,-0.01,-1,-1
99926009,2026-05-18 14:35:03+05:30,53456.25,0,0.0,0,0.0,0.0,53282.15,53619.2,52783.45,53710.35,0,0.0,0.0,0.0,0.0,-0.01,-1,-1,-0.01,-1,-1,-0.01,-1,-1,-0.01,-1,-1,-0.01,-1,-1,-0.01,-1,-1,-0.01,-1,-1,-0.01,-1,-1,-0.01,-1,-1,-0.01,-1,-1
99926009,2026-05-18 14:35:04+05:30,53453.2,0,0.0,0,0.0,0.0,53282.15,53619.2,52783.45,53710.35,0,0.0,0.0,0.0,0.0,-0.01,-1,-1,-0.01,-1,-1,-0.01,-1,-1,-0.01,-1,-1,-0.01,-1,-1,-0.01,-1,-1,-0.01,-1,-1,-0.01,-1,-1,-0.01,-1,-1,-0.01,-1,-1
99926009,2026-05-18 14:35:04+05:30,53450.15,0,0.0,0,0.0,0.0,53282.15,53619.2,52783.45,53710.35,0,0.0,0.0,0.0,0.0,-0.01,-1,-1,-0.01,-1,-1,-0.01,-1,-1,-0.01,-1,-1,-0.01,-1,-1,-0.01,-1,-1,-0.01,-1,-1,-0.01,-1,-1,-0.01,-1,-1,-0.01,-1,-1
99926009,2026-05-18 14:35:05+05:30,53448.65,0,0.0,0,0.0,0.0,53282.15,53619.2,52783.45,53710.35,0,0.0,0.0,0.0,0.0,-0.01,-1,-1,-0.01,-1,-1,-0.01,-1,-1,-0.01,-1,-1,-0.01,-1,-1,-0.01,-1,-1,-0.01,-1,-1,-0.01,-1,-1,-0.01,-1,-1,-0.01,-1,-1
99926009,2026-05-18 14:35:05+05:30,53450.2,0,0.0,0,0.0,0.0,53282.15,53619.2,52783.45,53710.35,0,0.0,0.0,0.0,0.0,-0.01,-1,-1,-0.01,-1,-1,-0.01,-1,-1,-0.01,-1,-1,-0.01,-1,-1,-0.01,-1,-1,-0.01,-1,-1,-0.01,-1,-1,-0.01,-1,-1,-0.01,-1,-1
99926009,2026-05-18 14:35:06+05:30,53449.45,0,0.0,0,0.0,0.0,53282.15,53619.2,52783.45,53710.35,0,0.0,0.0,0.0,0.0,-0.01,-1,-1,-0.01,-1,-1,-0.01,-1,-1,-0.01,-1,-1,-0.01,-1,-1,-0.01,-1,-1,-0.01,-1,-1,-0.01,-1,-1,-0.01,-1,-1,-0.01,-1,-1
99926009,2026-05-18 14:35:06+05:30,53451.9,0,0.0,0,0.0,0.0,53282.15,53619.2,52783.45,53710.35,0,0.0,0.0,0.0,0.0,-0.01,-1,-1,-0.01,-1,-1,-0.01,-1,-1,-0.01,-1,-1,-0.01,-1,-1,-0.01,-1,-1,-0.01,-1,-1,-0.01,-1,-1,-0.01,-1,-1,-0.01,-1,-1
99926009,2026-05-18 14:35:07+05:30,53451.1,0,0.0,0,0.0,0.0,53282.15,53619.2,52783.45,53710.35,0,0.0,0.0,0.0,0.0,-0.01,-1,-1,-0.01,-1,-1,-0.01,-1,-1,-0.01,-1,-1,-0.01,-1,-1,-0.01,-1,-1,-0.01,-1,-1,-0.01,-1,-1,-0.01,-1,-1,-0.01,-1,-1
99926009,2026-05-18 14:35:07+05:30,53452.5,0,0.0,0,0.0,0.0,53282.15,53619.2,52783.45,53710.35,0,0.0,0.0,0.0,0.0,-0.01,-1,-1,-0.01,-1,-1,-0.01,-1,-1,-0.01,-1,-1,-0.01,-1,-1,-0.01,-1,-1,-0.01,-1,-1,-0.01,-1,-1,-0.01,-1,-1,-0.01,-1,-1
99926009,2026-05-18 14:35:08+05:30,53452.55,0,0.0,0,0.0,0.0,53282.15,53619.2,52783.45,53710.35,0,0.0,0.0,0.0,0.0,-0.01,-1,-1,-0.01,-1,-1,-0.01,-1,-1,-0.01,-1,-1,-0.01,-1,-1,-0.01,-1,-1,-0.01,-1,-1,-0.01,-1,-1,-0.01,-1,-1,-0.01,-1,-1
99926009,2026-05-18 14:35:08+05:30,53453.95,0,0.0,0,0.0,0.0,53282.15,53619.2,52783.45,53710.35,0,0.0,0.0,0.0,0.0,-0.01,-1,-1,-0.01,-1,-1,-0.01,-1,-1,-0.01,-1,-1,-0.01,-1,-1,-0.01,-1,-1,-0.01,-1,-1,-0.01,-1,-1,-0.01,-1,-1,-0.01,-1,-1
99926009,2026-05-18 14:35:09+05:30,53453.85,0,0.0,0,0.0,0.0,53282.15,53619.2,52783.45,53710.35,0,0.0,0.0,0.0,0.0,-0.01,-1,-1,-0.01,-1,-1,-0.01,-1,-1,-0.01,-1,-1,-0.01,-1,-1,-0.01,-1,-1,-0.01,-1,-1,-0.01,-1,-1,-0.01,-1,-1,-0.01,-1,-1
99926009,2026-05-18 14:35:09+05:30,53451.6,0,0.0,0,0.0,0.0,53282.15,53619.2,52783.45,53710.35,0,0.0,0.0,0.0,0.0,-0.01,-1,-1,-0.01,-1,-1,-0.01,-1,-1,-0.01,-1,-1,-0.01,-1,-1,-0.01,-1,-1,-0.01,-1,-1,-0.01,-1,-1,-0.01,-1,-1,-0.01,-1,-1
99926009,2026-05-18 14:35:10+05:30,53451.8,0,0.0,0,0.0,0.0,53282.15,53619.2,52783.45,53710.35,0,0.0,0.0,0.0,0.0,-0.01,-1,-1,-0.01,-1,-1,-0.01,-1,-1,-0.01,-1,-1,-0.01,-1,-1,-0.01,-1,-1,-0.01,-1,-1,-0.01,-1,-1,-0.01,-1,-1,-0.01,-1,-1
99926009,2026-05-18 14:35:10+05:30,53452.0,0,0.0,0,0.0,0.0,53282.15,53619.2,52783.45,53710.35,0,0.0,0.0,0.0,0.0,-0.01,-1,-1,-0.01,-1,-1,-0.01,-1,-1,-0.01,-1,-1,-0.01,-1,-1,-0.01,-1,-1,-0.01,-1,-1,-0.01,-1,-1,-0.01,-1,-1,-0.01,-1,-1
99926009,2026-05-18 14:35:11+05:30,53447.0,0,0.0,0,0.0,0.0,53282.15,53619.2,52783.45,53710.35,0,0.0,0.0,0.0,0.0,-0.01,-1,-1,-0.01,-1,-1,-0.01,-1,-1,-0.01,-1,-1,-0.01,-1,-1,-0.01,-1,-1,-0.01,-1,-1,-0.01,-1,-1,-0.01,-1,-1,-0.01,-1,-1
99926009,2026-05-18 14:35:11+05:30,53449.9,0,0.0,0,0.0,0.0,53282.15,53619.2,52783.45,53710.35,0,0.0,0.0,0.0,0.0,-0.01,-1,-1,-0.01,-1,-1,-0.01,-1,-1,-0.01,-1,-1,-0.01,-1,-1,-0.01,-1,-1,-0.01,-1,-1,-0.01,-1,-1,-0.01,-1,-1,-0.01,-1,-1
99926009,2026-05-18 14:35:12+05:30,53449.25,0,0.0,0,0.0,0.0,53282.15,53619.2,52783.45,53710.35,0,0.0,0.0,0.0,0.0,-0.01,-1,-1,-0.01,-1,-1,-0.01,-1,-1,-0.01,-1,-1,-0.01,-1,-1,-0.01,-1,-1,-0.01,-1,-1,-0.01,-1,-1,-0.01,-1,-1,-0.01,-1,-1
99926009,2026-05-18 14:35:12+05:30,53444.05,0,0.0,0,0.0,0.0,53282.15,53619.2,52783.45,53710.35,0,0.0,0.0,0.0,0.0,-0.01,-1,-1,-0.01,-1,-1,-0.01,-1,-1,-0.01,-1,-1,-0.01,-1,-1,-0.01,-1,-1,-0.01,-1,-1,-0.01,-1,-1,-0.01,-1,-1,-0.01,-1,-1
99926009,2026-05-18 14:35:13+05:30,53444.25,0,0.0,0,0.0,0.0,53282.15,53619.2,52783.45,53710.35,0,0.0,0.0,0.0,0.0,-0.01,-1,-1,-0.01,-1,-1,-0.01,-1,-1,-0.01,-1,-1,-0.01,-1,-1,-0.01,-1,-1,-0.01,-1,-1,-0.01,-1,-1,-0.01,-1,-1,-0.01,-1,-1
99926009,2026-05-18 14:35:13+05:30,53446.45,0,0.0,0,0.0,0.0,53282.15,53619.2,52783.45,53710.35,0,0.0,0.0,0.0,0.0,-0.01,-1,-1,-0.01,-1,-1,-0.01,-1,-1,-0.01,-1,-1,-0.01,-1,-1,-0.01,-1,-1,-0.01,-1,-1,-0.01,-1,-1,-0.01,-1,-1,-0.01,-1,-1
99926009,2026-05-18 14:35:14+05:30,53446.45,0,0.0,0,0.0,0.0,53282.15,53619.2,52783.45,53710.35,0,0.0,0.0,0.0,0.0,-0.01,-1,-1,-0.01,-1,-1,-0.01,-1,-1,-0.01,-1,-1,-0.01,-1,-1,-0.01,-1,-1,-0.01,-1,-1,-0.01,-1,-1,-0.01,-1,-1,-0.01,-1,-1
99926009,2026-05-18 14:35:14+05:30,53444.65,0,0.0,0,0.0,0.0,53282.15,53619.2,52783.45,53710.35,0,0.0,0.0,0.0,0.0,-0.01,-1,-1,-0.01,-1,-1,-0.01,-1,-1,-0.01,-1,-1,-0.01,-1,-1,-0.01,-1,-1,-0.01,-1,-1,-0.01,-1,-1,-0.01,-1,-1,-0.01,-1,-1
99926009,2026-05-18 14:35:15+05:30,53443.9,0,0.0,0,0.0,0.0,53282.15,53619.2,52783.45,53710.35,0,0.0,0.0,0.0,0.0,-0.01,-1,-1,-0.01,-1,-1,-0.01,-1,-1,-0.01,-1,-1,-0.01,-1,-1,-0.01,-1,-1,-0.01,-1,-1,-0.01,-1,-1,-0.01,-1,-1,-0.01,-1,-1
99926009,2026-05-18 14:35:15+05:30,53445.6,0,0.0,0,0.0,0.0,53282.15,53619.2,52783.45,53710.35,0,0.0,0.0,0.0,0.0,-0.01,-1,-1,-0.01,-1,-1,-0.01,-1,-1,-0.01,-1,-1,-0.01,-1,-1,-0.01,-1,-1,-0.01,-1,-1,-0.01,-1,-1,-0.01,-1,-1,-0.01,-1,-1
99926009,2026-05-18 14:35:16+05:30,53444.8,0,0.0,0,0.0,0.0,53282.15,53619.2,52783.45,53710.35,0,0.0,0.0,0.0,0.0,-0.01,-1,-1,-0.01,-1,-1,-0.01,-1,-1,-0.01,-1,-1,-0.01,-1,-1,-0.01,-1,-1,-0.01,-1,-1,-0.01,-1,-1,-0.01,-1,-1,-0.01,-1,-1
99926009,2026-05-18 14:35:16+05:30,53444.65,0,0.0,0,0.0,0.0,53282.15,53619.2,52783.45,53710.35,0,0.0,0.0,0.0,0.0,-0.01,-1,-1,-0.01,-1,-1,-0.01,-1,-1,-0.01,-1,-1,-0.01,-1,-1,-0.01,-1,-1,-0.01,-1,-1,-0.01,-1,-1,-0.01,-1,-1,-0.01,-1,-1
99926009,2026-05-18 14:35:17+05:30,53444.05,0,0.0,0,0.0,0.0,53282.15,53619.2,52783.45,53710.35,0,0.0,0.0,0.0,0.0,-0.01,-1,-1,-0.01,-1,-1,-0.01,-1,-1,-0.01,-1,-1,-0.01,-1,-1,-0.01,-1,-1,-0.01,-1,-1,-0.01,-1,-1,-0.01,-1,-1,-0.01,-1,-1
99926009,2026-05-18 14:35:17+05:30,53443.75,0,0.0,0,0.0,0.0,53282.15,53619.2,52783.45,53710.35,0,0.0,0.0,0.0,0.0,-0.01,-1,-1,-0.01,-1,-1,-0.01,-1,-1,-0.01,-1,-1,-0.01,-1,-1,-0.01,-1,-1,-0.01,-1,-1,-0.01,-1,-1,-0.01,-1,-1,-0.01,-1,-1
99926009,2026-05-18 14:35:18+05:30,53445.75,0,0.0,0,0.0,0.0,53282.15,53619.2,52783.45,53710.35,0,0.0,0.0,0.0,0.0,-0.01,-1,-1,-0.01,-1,-1,-0.01,-1,-1,-0.01,-1,-1,-0.01,-1,-1,-0.01,-1,-1,-0.01,-1,-1,-0.01,-1,-1,-0.01,-1,-1,-0.01,-1,-1
99926009,2026-05-18 14:35:18+05:30,53442.8,0,0.0,0,0.0,0.0,53282.15,53619.2,52783.45,53710.35,0,0.0,0.0,0.0,0.0,-0.01,-1,-1,-0.01,-1,-1,-0.01,-1,-1,-0.01,-1,-1,-0.01,-1,-1,-0.01,-1,-1,-0.01,-1,-1,-0.01,-1,-1,-0.01,-1,-1,-0.01,-1,-1
99926009,2026-05-18 14:35:19+05:30,53443.15,0,0.0,0,0.0,0.0,53282.15,53619.2,52783.45,53710.35,0,0.0,0.0,0.0,0.0,-0.01,-1,-1,-0.01,-1,-1,-0.01,-1,-1,-0.01,-1,-1,-0.01,-1,-1,-0.01,-1,-1,-0.01,-1,-1,-0.01,-1,-1,-0.01,-1,-1,-0.01,-1,-1
99926009,2026-05-18 14:35:19+05:30,53445.2,0,0.0,0,0.0,0.0,53282.15,53619.2,52783.45,53710.35,0,0.0,0.0,0.0,0.0,-0.01,-1,-1,-0.01,-1,-1,-0.01,-1,-1,-0.01,-1,-1,-0.01,-1,-1,-0.01,-1,-1,-0.01,-1,-1,-0.01,-1,-1,-0.01,-1,-1,-0.01,-1,-1
99926009,2026-05-18 14:35:20+05:30,53443.8,0,0.0,0,0.0,0.0,53282.15,53619.2,52783.45,53710.35,0,0.0,0.0,0.0,0.0,-0.01,-1,-1,-0.01,-1,-1,-0.01,-1,-1,-0.01,-1,-1,-0.01,-1,-1,-0.01,-1,-1,-0.01,-1,-1,-0.01,-1,-1,-0.01,-1,-1,-0.01,-1,-1
99926009,2026-05-18 14:35:20+05:30,53443.85,0,0.0,0,0.0,0.0,53282.15,53619.2,52783.45,53710.35,0,0.0,0.0,0.0,0.0,-0.01,-1,-1,-0.01,-1,-1,-0.01,-1,-1,-0.01,-1,-1,-0.01,-1,-1,-0.01,-1,-1,-0.01,-1,-1,-0.01,-1,-1,-0.01,-1,-1,-0.01,-1,-1
99926009,2026-05-18 14:35:21+05:30,53444.35,0,0.0,0,0.0,0.0,53282.15,53619.2,52783.45,53710.35,0,0.0,0.0,0.0,0.0,-0.01,-1,-1,-0.01,-1,-1,-0.01,-1,-1,-0.01,-1,-1,-0.01,-1,-1,-0.01,-1,-1,-0.01,-1,-1,-0.01,-1,-1,-0.01,-1,-1,-0.01,-1,-1
99926009,2026-05-18 14:35:21+05:30,53446.45,0,0.0,0,0.0,0.0,53282.15,53619.2,52783.45,53710.35,0,0.0,0.0,0.0,0.0,-0.01,-1,-1,-0.01,-1,-1,-0.01,-1,-1,-0.01,-1,-1,-0.01,-1,-1,-0.01,-1,-1,-0.01,-1,-1,-0.01,-1,-1,-0.01,-1,-1,-0.01,-1,-1
99926009,2026-05-18 14:35:22+05:30,53447.65,0,0.0,0,0.0,0.0,53282.15,53619.2,52783.45,53710.35,0,0.0,0.0,0.0,0.0,-0.01,-1,-1,-0.01,-1,-1,-0.01,-1,-1,-0.01,-1,-1,-0.01,-1,-1,-0.01,-1,-1,-0.01,-1,-1,-0.01,-1,-1,-0.01,-1,-1,-0.01,-1,-1
99926009,2026-05-18 14:35:22+05:30,53448.45,0,0.0,0,0.0,0.0,53282.15,53619.2,52783.45,53710.35,0,0.0,0.0,0.0,0.0,-0.01,-1,-1,-0.01,-1,-1,-0.01,-1,-1,-0.01,-1,-1,-0.01,-1,-1,-0.01,-1,-1,-0.01,-1,-1,-0.01,-1,-1,-0.01,-1,-1,-0.01,-1,-1
99926009,2026-05-18 14:35:23+05:30,53448.05,0,0.0,0,0.0,0.0,53282.15,53619.2,52783.45,53710.35,0,0.0,0.0,0.0,0.0,-0.01,-1,-1,-0.01,-1,-1,-0.01,-1,-1,-0.01,-1,-1,-0.01,-1,-1,-0.01,-1,-1,-0.01,-1,-1,-0.01,-1,-1,-0.01,-1,-1,-0.01,-1,-1
99926009,2026-05-18 14:35:23+05:30,53446.85,0,0.0,0,0.0,0.0,53282.15,53619.2,52783.45,53710.35,0,0.0,0.0,0.0,0.0,-0.01,-1,-1,-0.01,-1,-1,-0.01,-1,-1,-0.01,-1,-1,-0.01,-1,-1,-0.01,-1,-1,-0.01,-1,-1,-0.01,-1,-1,-0.01,-1,-1,-0.01,-1,-1
99926009,2026-05-18 14:35:24+05:30,53447.35,0,0.0,0,0.0,0.0,53282.15,53619.2,52783.45,53710.35,0,0.0,0.0,0.0,0.0,-0.01,-1,-1,-0.01,-1,-1,-0.01,-1,-1,-0.01,-1,-1,-0.01,-1,-1,-0.01,-1,-1,-0.01,-1,-1,-0.01,-1,-1,-0.01,-1,-1,-0.01,-1,-1
99926009,2026-05-18 14:35:24+05:30,53447.55,0,0.0,0,0.0,0.0,53282.15,53619.2,52783.45,53710.35,0,0.0,0.0,0.0,0.0,-0.01,-1,-1,-0.01,-1,-1,-0.01,-1,-1,-0.01,-1,-1,-0.01,-1,-1,-0.01,-1,-1,-0.01,-1,-1,-0.01,-1,-1,-0.01,-1,-1,-0.01,-1,-1
99926009,2026-05-18 14:35:25+05:30,53448.55,0,0.0,0,0.0,0.0,53282.15,53619.2,52783.45,53710.35,0,0.0,0.0,0.0,0.0,-0.01,-1,-1,-0.01,-1,-1,-0.01,-1,-1,-0.01,-1,-1,-0.01,-1,-1,-0.01,-1,-1,-0.01,-1,-1,-0.01,-1,-1,-0.01,-1,-1,-0.01,-1,-1
99926009,2026-05-18 14:35:25+05:30,53445.3,0,0.0,0,0.0,0.0,53282.15,53619.2,52783.45,53710.35,0,0.0,0.0,0.0,0.0,-0.01,-1,-1,-0.01,-1,-1,-0.01,-1,-1,-0.01,-1,-1,-0.01,-1,-1,-0.01,-1,-1,-0.01,-1,-1,-0.01,-1,-1,-0.01,-1,-1,-0.01,-1,-1
99926009,2026-05-18 14:35:26+05:30,53444.2,0,0.0,0,0.0,0.0,53282.15,53619.2,52783.45,53710.35,0,0.0,0.0,0.0,0.0,-0.01,-1,-1,-0.01,-1,-1,-0.01,-1,-1,-0.01,-1,-1,-0.01,-1,-1,-0.01,-1,-1,-0.01,-1,-1,-0.01,-1,-1,-0.01,-1,-1,-0.01,-1,-1
99926009,2026-05-18 14:35:26+05:30,53443.45,0,0.0,0,0.0,0.0,53282.15,53619.2,52783.45,53710.35,0,0.0,0.0,0.0,0.0,-0.01,-1,-1,-0.01,-1,-1,-0.01,-1,-1,-0.01,-1,-1,-0.01,-1,-1,-0.01,-1,-1,-0.01,-1,-1,-0.01,-1,-1,-0.01,-1,-1,-0.01,-1,-1
99926009,2026-05-18 14:35:27+05:30,53444.45,0,0.0,0,0.0,0.0,53282.15,53619.2,52783.45,53710.35,0,0.0,0.0,0.0,0.0,-0.01,-1,-1,-0.01,-1,-1,-0.01,-1,-1,-0.01,-1,-1,-0.01,-1,-1,-0.01,-1,-1,-0.01,-1,-1,-0.01,-1,-1,-0.01,-1,-1,-0.01,-1,-1
99926009,2026-05-18 14:35:27+05:30,53447.55,0,0.0,0,0.0,0.0,53282.15,53619.2,52783.45,53710.35,0,0.0,0.0,0.0,0.0,-0.01,-1,-1,-0.01,-1,-1,-0.01,-1,-1,-0.01,-1,-1,-0.01,-1,-1,-0.01,-1,-1,-0.01,-1,-1,-0.01,-1,-1,-0.01,-1,-1,-0.01,-1,-1
99926009,2026-05-18 14:35:28+05:30,53442.5,0,0.0,0,0.0,0.0,53282.15,53619.2,52783.45,53710.35,0,0.0,0.0,0.0,0.0,-0.01,-1,-1,-0.01,-1,-1,-0.01,-1,-1,-0.01,-1,-1,-0.01,-1,-1,-0.01,-1,-1,-0.01,-1,-1,-0.01,-1,-1,-0.01,-1,-1,-0.01,-1,-1
99926009,2026-05-18 14:35:28+05:30,53446.55,0,0.0,0,0.0,0.0,53282.15,53619.2,52783.45,53710.35,0,0.0,0.0,0.0,0.0,-0.01,-1,-1,-0.01,-1,-1,-0.01,-1,-1,-0.01,-1,-1,-0.01,-1,-1,-0.01,-1,-1,-0.01,-1,-1,-0.01,-1,-1,-0.01,-1,-1,-0.01,-1,-1
99926009,2026-05-18 14:35:29+05:30,53446.75,0,0.0,0,0.0,0.0,53282.15,53619.2,52783.45,53710.35,0,0.0,0.0,0.0,0.0,-0.01,-1,-1,-0.01,-1,-1,-0.01,-1,-1,-0.01,-1,-1,-0.01,-1,-1,-0.01,-1,-1,-0.01,-1,-1,-0.01,-1,-1,-0.01,-1,-1,-0.01,-1,-1
99926009,2026-05-18 14:35:29+05:30,53446.6,0,0.0,0,0.0,0.0,53282.15,53619.2,52783.45,53710.35,0,0.0,0.0,0.0,0.0,-0.01,-1,-1,-0.01,-1,-1,-0.01,-1,-1,-0.01,-1,-1,-0.01,-1,-1,-0.01,-1,-1,-0.01,-1,-1,-0.01,-1,-1,-0.01,-1,-1,-0.01,-1,-1
99926009,2026-05-18 14:35:30+05:30,53444.0,0,0.0,0,0.0,0.0,53282.15,53619.2,52783.45,53710.35,0,0.0,0.0,0.0,0.0,-0.01,-1,-1,-0.01,-1,-1,-0.01,-1,-1,-0.01,-1,-1,-0.01,-1,-1,-0.01,-1,-1,-0.01,-1,-1,-0.01,-1,-1,-0.01,-1,-1,-0.01,-1,-1
99926009,2026-05-18 14:35:30+05:30,53445.1,0,0.0,0,0.0,0.0,53282.15,53619.2,52783.45,53710.35,0,0.0,0.0,0.0,0.0,-0.01,-1,-1,-0.01,-1,-1,-0.01,-1,-1,-0.01,-1,-1,-0.01,-1,-1,-0.01,-1,-1,-0.01,-1,-1,-0.01,-1,-1,-0.01,-1,-1,-0.01,-1,-1
99926009,2026-05-18 14:35:31+05:30,53443.35,0,0.0,0,0.0,0.0,53282.15,53619.2,52783.45,53710.35,0,0.0,0.0,0.0,0.0,-0.01,-1,-1,-0.01,-1,-1,-0.01,-1,-1,-0.01,-1,-1,-0.01,-1,-1,-0.01,-1,-1,-0.01,-1,-1,-0.01,-1,-1,-0.01,-1,-1,-0.01,-1,-1
99926009,2026-05-18 14:35:31+05:30,53444.9,0,0.0,0,0.0,0.0,53282.15,53619.2,52783.45,53710.35,0,0.0,0.0,0.0,0.0,-0.01,-1,-1,-0.01,-1,-1,-0.01,-1,-1,-0.01,-1,-1,-0.01,-1,-1,-0.01,-1,-1,-0.01,-1,-1,-0.01,-1,-1,-0.01,-1,-1,-0.01,-1,-1
99926009,2026-05-18 14:35:32+05:30,53443.25,0,0.0,0,0.0,0.0,53282.15,53619.2,52783.45,53710.35,0,0.0,0.0,0.0,0.0,-0.01,-1,-1,-0.01,-1,-1,-0.01,-1,-1,-0.01,-1,-1,-0.01,-1,-1,-0.01,-1,-1,-0.01,-1,-1,-0.01,-1,-1,-0.01,-1,-1,-0.01,-1,-1
99926009,2026-05-18 14:35:32+05:30,53441.05,0,0.0,0,0.0,0.0,53282.15,53619.2,52783.45,53710.35,0,0.0,0.0,0.0,0.0,-0.01,-1,-1,-0.01,-1,-1,-0.01,-1,-1,-0.01,-1,-1,-0.01,-1,-1,-0.01,-1,-1,-0.01,-1,-1,-0.01,-1,-1,-0.01,-1,-1,-0.01,-1,-1
99926009,2026-05-18 14:35:33+05:30,53441.9,0,0.0,0,0.0,0.0,53282.15,53619.2,52783.45,53710.35,0,0.0,0.0,0.0,0.0,-0.01,-1,-1,-0.01,-1,-1,-0.01,-1,-1,-0.01,-1,-1,-0.01,-1,-1,-0.01,-1,-1,-0.01,-1,-1,-0.01,-1,-1,-0.01,-1,-1,-0.01,-1,-1
99926009,2026-05-18 14:35:33+05:30,53442.75,0,0.0,0,0.0,0.0,53282.15,53619.2,52783.45,53710.35,0,0.0,0.0,0.0,0.0,-0.01,-1,-1,-0.01,-1,-1,-0.01,-1,-1,-0.01,-1,-1,-0.01,-1,-1,-0.01,-1,-1,-0.01,-1,-1,-0.01,-1,-1,-0.01,-1,-1,-0.01,-1,-1
99926009,2026-05-18 14:35:34+05:30,53441.5,0,0.0,0,0.0,0.0,53282.15,53619.2,52783.45,53710.35,0,0.0,0.0,0.0,0.0,-0.01,-1,-1,-0.01,-1,-1,-0.01,-1,-1,-0.01,-1,-1,-0.01,-1,-1,-0.01,-1,-1,-0.01,-1,-1,-0.01,-1,-1,-0.01,-1,-1,-0.01,-1,-1
99926009,2026-05-18 14:35:34+05:30,53444.85,0,0.0,0,0.0,0.0,53282.15,53619.2,52783.45,53710.35,0,0.0,0.0,0.0,0.0,-0.01,-1,-1,-0.01,-1,-1,-0.01,-1,-1,-0.01,-1,-1,-0.01,-1,-1,-0.01,-1,-1,-0.01,-1,-1,-0.01,-1,-1,-0.01,-1,-1,-0.01,-1,-1
99926009,2026-05-18 14:35:35+05:30,53443.25,0,0.0,0,0.0,0.0,53282.15,53619.2,52783.45,53710.35,0,0.0,0.0,0.0,0.0,-0.01,-1,-1,-0.01,-1,-1,-0.01,-1,-1,-0.01,-1,-1,-0.01,-1,-1,-0.01,-1,-1,-0.01,-1,-1,-0.01,-1,-1,-0.01,-1,-1,-0.01,-1,-1
99926009,2026-05-18 14:35:35+05:30,53441.25,0,0.0,0,0.0,0.0,53282.15,53619.2,52783.45,53710.35,0,0.0,0.0,0.0,0.0,-0.01,-1,-1,-0.01,-1,-1,-0.01,-1,-1,-0.01,-1,-1,-0.01,-1,-1,-0.01,-1,-1,-0.01,-1,-1,-0.01,-1,-1,-0.01,-1,-1,-0.01,-1,-1
99926009,2026-05-18 14:35:36+05:30,53442.2,0,0.0,0,0.0,0.0,53282.15,53619.2,52783.45,53710.35,0,0.0,0.0,0.0,0.0,-0.01,-1,-1,-0.01,-1,-1,-0.01,-1,-1,-0.01,-1,-1,-0.01,-1,-1,-0.01,-1,-1,-0.01,-1,-1,-0.01,-1,-1,-0.01,-1,-1,-0.01,-1,-1
99926009,2026-05-18 14:35:36+05:30,53443.35,0,0.0,0,0.0,0.0,53282.15,53619.2,52783.45,53710.35,0,0.0,0.0,0.0,0.0,-0.01,-1,-1,-0.01,-1,-1,-0.01,-1,-1,-0.01,-1,-1,-0.01,-1,-1,-0.01,-1,-1,-0.01,-1,-1,-0.01,-1,-1,-0.01,-1,-1,-0.01,-1,-1
99926009,2026-05-18 14:35:37+05:30,53441.75,0,0.0,0,0.0,0.0,53282.15,53619.2,52783.45,53710.35,0,0.0,0.0,0.0,0.0,-0.01,-1,-1,-0.01,-1,-1,-0.01,-1,-1,-0.01,-1,-1,-0.01,-1,-1,-0.01,-1,-1,-0.01,-1,-1,-0.01,-1,-1,-0.01,-1,-1,-0.01,-1,-1
99926009,2026-05-18 14:35:37+05:30,53438.6,0,0.0,0,0.0,0.0,53282.15,53619.2,52783.45,53710.35,0,0.0,0.0,0.0,0.0,-0.01,-1,-1,-0.01,-1,-1,-0.01,-1,-1,-0.01,-1,-1,-0.01,-1,-1,-0.01,-1,-1,-0.01,-1,-1,-0.01,-1,-1,-0.01,-1,-1,-0.01,-1,-1
99926009,2026-05-18 14:35:38+05:30,53438.1,0,0.0,0,0.0,0.0,53282.15,53619.2,52783.45,53710.35,0,0.0,0.0,0.0,0.0,-0.01,-1,-1,-0.01,-1,-1,-0.01,-1,-1,-0.01,-1,-1,-0.01,-1,-1,-0.01,-1,-1,-0.01,-1,-1,-0.01,-1,-1,-0.01,-1,-1,-0.01,-1,-1
99926009,2026-05-18 14:35:38+05:30,53438.75,0,0.0,0,0.0,0.0,53282.15,53619.2,52783.45,53710.35,0,0.0,0.0,0.0,0.0,-0.01,-1,-1,-0.01,-1,-1,-0.01,-1,-1,-0.01,-1,-1,-0.01,-1,-1,-0.01,-1,-1,-0.01,-1,-1,-0.01,-1,-1,-0.01,-1,-1,-0.01,-1,-1
99926009,2026-05-18 14:35:39+05:30,53439.6,0,0.0,0,0.0,0.0,53282.15,53619.2,52783.45,53710.35,0,0.0,0.0,0.0,0.0,-0.01,-1,-1,-0.01,-1,-1,-0.01,-1,-1,-0.01,-1,-1,-0.01,-1,-1,-0.01,-1,-1,-0.01,-1,-1,-0.01,-1,-1,-0.01,-1,-1,-0.01,-1,-1
99926009,2026-05-18 14:35:39+05:30,53443.55,0,0.0,0,0.0,0.0,53282.15,53619.2,52783.45,53710.35,0,0.0,0.0,0.0,0.0,-0.01,-1,-1,-0.01,-1,-1,-0.01,-1,-1,-0.01,-1,-1,-0.01,-1,-1,-0.01,-1,-1,-0.01,-1,-1,-0.01,-1,-1,-0.01,-1,-1,-0.01,-1,-1
99926009,2026-05-18 14:35:40+05:30,53439.95,0,0.0,0,0.0,0.0,53282.15,53619.2,52783.45,53710.35,0,0.0,0.0,0.0,0.0,-0.01,-1,-1,-0.01,-1,-1,-0.01,-1,-1,-0.01,-1,-1,-0.01,-1,-1,-0.01,-1,-1,-0.01,-1,-1,-0.01,-1,-1,-0.01,-1,-1,-0.01,-1,-1
99926009,2026-05-18 14:35:40+05:30,53440.85,0,0.0,0,0.0,0.0,53282.15,53619.2,52783.45,53710.35,0,0.0,0.0,0.0,0.0,-0.01,-1,-1,-0.01,-1,-1,-0.01,-1,-1,-0.01,-1,-1,-0.01,-1,-1,-0.01,-1,-1,-0.01,-1,-1,-0.01,-1,-1,-0.01,-1,-1,-0.01,-1,-1
99926009,2026-05-18 14:35:41+05:30,53438.0,0,0.0,0,0.0,0.0,53282.15,53619.2,52783.45,53710.35,0,0.0,0.0,0.0,0.0,-0.01,-1,-1,-0.01,-1,-1,-0.01,-1,-1,-0.01,-1,-1,-0.01,-1,-1,-0.01,-1,-1,-0.01,-1,-1,-0.01,-1,-1,-0.01,-1,-1,-0.01,-1,-1
99926009,2026-05-18 14:35:41+05:30,53444.25,0,0.0,0,0.0,0.0,53282.15,53619.2,52783.45,53710.35,0,0.0,0.0,0.0,0.0,-0.01,-1,-1,-0.01,-1,-1,-0.01,-1,-1,-0.01,-1,-1,-0.01,-1,-1,-0.01,-1,-1,-0.01,-1,-1,-0.01,-1,-1,-0.01,-1,-1,-0.01,-1,-1
99926009,2026-05-18 14:35:42+05:30,53437.65,0,0.0,0,0.0,0.0,53282.15,53619.2,52783.45,53710.35,0,0.0,0.0,0.0,0.0,-0.01,-1,-1,-0.01,-1,-1,-0.01,-1,-1,-0.01,-1,-1,-0.01,-1,-1,-0.01,-1,-1,-0.01,-1,-1,-0.01,-1,-1,-0.01,-1,-1,-0.01,-1,-1
99926009,2026-05-18 14:35:42+05:30,53440.75,0,0.0,0,0.0,0.0,53282.15,53619.2,52783.45,53710.35,0,0.0,0.0,0.0,0.0,-0.01,-1,-1,-0.01,-1,-1,-0.01,-1,-1,-0.01,-1,-1,-0.01,-1,-1,-0.01,-1,-1,-0.01,-1,-1,-0.01,-1,-1,-0.01,-1,-1,-0.01,-1,-1
99926009,2026-05-18 14:35:43+05:30,53443.05,0,0.0,0,0.0,0.0,53282.15,53619.2,52783.45,53710.35,0,0.0,0.0,0.0,0.0,-0.01,-1,-1,-0.01,-1,-1,-0.01,-1,-1,-0.01,-1,-1,-0.01,-1,-1,-0.01,-1,-1,-0.01,-1,-1,-0.01,-1,-1,-0.01,-1,-1,-0.01,-1,-1
99926009,2026-05-18 14:35:43+05:30,53441.6,0,0.0,0,0.0,0.0,53282.15,53619.2,52783.45,53710.35,0,0.0,0.0,0.0,0.0,-0.01,-1,-1,-0.01,-1,-1,-0.01,-1,-1,-0.01,-1,-1,-0.01,-1,-1,-0.01,-1,-1,-0.01,-1,-1,-0.01,-1,-1,-0.01,-1,-1,-0.01,-1,-1
99926009,2026-05-18 14:35:44+05:30,53445.4,0,0.0,0,0.0,0.0,53282.15,53619.2,52783.45,53710.35,0,0.0,0.0,0.0,0.0,-0.01,-1,-1,-0.01,-1,-1,-0.01,-1,-1,-0.01,-1,-1,-0.01,-1,-1,-0.01,-1,-1,-0.01,-1,-1,-0.01,-1,-1,-0.01,-1,-1,-0.01,-1,-1
99926009,2026-05-18 14:35:44+05:30,53439.65,0,0.0,0,0.0,0.0,53282.15,53619.2,52783.45,53710.35,0,0.0,0.0,0.0,0.0,-0.01,-1,-1,-0.01,-1,-1,-0.01,-1,-1,-0.01,-1,-1,-0.01,-1,-1,-0.01,-1,-1,-0.01,-1,-1,-0.01,-1,-1,-0.01,-1,-1,-0.01,-1,-1
99926009,2026-05-18 14:35:45+05:30,53439.9,0,0.0,0,0.0,0.0,53282.15,53619.2,52783.45,53710.35,0,0.0,0.0,0.0,0.0,-0.01,-1,-1,-0.01,-1,-1,-0.01,-1,-1,-0.01,-1,-1,-0.01,-1,-1,-0.01,-1,-1,-0.01,-1,-1,-0.01,-1,-1,-0.01,-1,-1,-0.01,-1,-1
99926009,2026-05-18 14:35:45+05:30,53445.1,0,0.0,0,0.0,0.0,53282.15,53619.2,52783.45,53710.35,0,0.0,0.0,0.0,0.0,-0.01,-1,-1,-0.01,-1,-1,-0.01,-1,-1,-0.01,-1,-1,-0.01,-1,-1,-0.01,-1,-1,-0.01,-1,-1,-0.01,-1,-1,-0.01,-1,-1,-0.01,-1,-1
99926009,2026-05-18 14:35:46+05:30,53446.1,0,0.0,0,0.0,0.0,53282.15,53619.2,52783.45,53710.35,0,0.0,0.0,0.0,0.0,-0.01,-1,-1,-0.01,-1,-1,-0.01,-1,-1,-0.01,-1,-1,-0.01,-1,-1,-0.01,-1,-1,-0.01,-1,-1,-0.01,-1,-1,-0.01,-1,-1,-0.01,-1,-1
99926009,2026-05-18 14:35:46+05:30,53446.05,0,0.0,0,0.0,0.0,53282.15,53619.2,52783.45,53710.35,0,0.0,0.0,0.0,0.0,-0.01,-1,-1,-0.01,-1,-1,-0.01,-1,-1,-0.01,-1,-1,-0.01,-1,-1,-0.01,-1,-1,-0.01,-1,-1,-0.01,-1,-1,-0.01,-1,-1,-0.01,-1,-1
99926009,2026-05-18 14:35:47+05:30,53441.75,0,0.0,0,0.0,0.0,53282.15,53619.2,52783.45,53710.35,0,0.0,0.0,0.0,0.0,-0.01,-1,-1,-0.01,-1,-1,-0.01,-1,-1,-0.01,-1,-1,-0.01,-1,-1,-0.01,-1,-1,-0.01,-1,-1,-0.01,-1,-1,-0.01,-1,-1,-0.01,-1,-1
99926009,2026-05-18 14:35:47+05:30,53441.3,0,0.0,0,0.0,0.0,53282.15,53619.2,52783.45,53710.35,0,0.0,0.0,0.0,0.0,-0.01,-1,-1,-0.01,-1,-1,-0.01,-1,-1,-0.01,-1,-1,-0.01,-1,-1,-0.01,-1,-1,-0.01,-1,-1,-0.01,-1,-1,-0.01,-1,-1,-0.01,-1,-1
99926009,2026-05-18 14:35:48+05:30,53441.8,0,0.0,0,0.0,0.0,53282.15,53619.2,52783.45,53710.35,0,0.0,0.0,0.0,0.0,-0.01,-1,-1,-0.01,-1,-1,-0.01,-1,-1,-0.01,-1,-1,-0.01,-1,-1,-0.01,-1,-1,-0.01,-1,-1,-0.01,-1,-1,-0.01,-1,-1,-0.01,-1,-1
99926009,2026-05-18 14:35:48+05:30,53444.3,0,0.0,0,0.0,0.0,53282.15,53619.2,52783.45,53710.35,0,0.0,0.0,0.0,0.0,-0.01,-1,-1,-0.01,-1,-1,-0.01,-1,-1,-0.01,-1,-1,-0.01,-1,-1,-0.01,-1,-1,-0.01,-1,-1,-0.01,-1,-1,-0.01,-1,-1,-0.01,-1,-1
99926009,2026-05-18 14:35:49+05:30,53441.45,0,0.0,0,0.0,0.0,53282.15,53619.2,52783.45,53710.35,0,0.0,0.0,0.0,0.0,-0.01,-1,-1,-0.01,-1,-1,-0.01,-1,-1,-0.01,-1,-1,-0.01,-1,-1,-0.01,-1,-1,-0.01,-1,-1,-0.01,-1,-1,-0.01,-1,-1,-0.01,-1,-1
99926009,2026-05-18 14:35:49+05:30,53442.15,0,0.0,0,0.0,0.0,53282.15,53619.2,52783.45,53710.35,0,0.0,0.0,0.0,0.0,-0.01,-1,-1,-0.01,-1,-1,-0.01,-1,-1,-0.01,-1,-1,-0.01,-1,-1,-0.01,-1,-1,-0.01,-1,-1,-0.01,-1,-1,-0.01,-1,-1,-0.01,-1,-1
99926009,2026-05-18 14:35:50+05:30,53440.6,0,0.0,0,0.0,0.0,53282.15,53619.2,52783.45,53710.35,0,0.0,0.0,0.0,0.0,-0.01,-1,-1,-0.01,-1,-1,-0.01,-1,-1,-0.01,-1,-1,-0.01,-1,-1,-0.01,-1,-1,-0.01,-1,-1,-0.01,-1,-1,-0.01,-1,-1,-0.01,-1,-1
99926009,2026-05-18 14:35:50+05:30,53440.55,0,0.0,0,0.0,0.0,53282.15,53619.2,52783.45,53710.35,0,0.0,0.0,0.0,0.0,-0.01,-1,-1,-0.01,-1,-1,-0.01,-1,-1,-0.01,-1,-1,-0.01,-1,-1,-0.01,-1,-1,-0.01,-1,-1,-0.01,-1,-1,-0.01,-1,-1,-0.01,-1,-1
99926009,2026-05-18 14:35:51+05:30,53442.25,0,0.0,0,0.0,0.0,53282.15,53619.2,52783.45,53710.35,0,0.0,0.0,0.0,0.0,-0.01,-1,-1,-0.01,-1,-1,-0.01,-1,-1,-0.01,-1,-1,-0.01,-1,-1,-0.01,-1,-1,-0.01,-1,-1,-0.01,-1,-1,-0.01,-1,-1,-0.01,-1,-1
99926009,2026-05-18 14:35:51+05:30,53445.6,0,0.0,0,0.0,0.0,53282.15,53619.2,52783.45,53710.35,0,0.0,0.0,0.0,0.0,-0.01,-1,-1,-0.01,-1,-1,-0.01,-1,-1,-0.01,-1,-1,-0.01,-1,-1,-0.01,-1,-1,-0.01,-1,-1,-0.01,-1,-1,-0.01,-1,-1,-0.01,-1,-1
99926009,2026-05-18 14:35:52+05:30,53444.6,0,0.0,0,0.0,0.0,53282.15,53619.2,52783.45,53710.35,0,0.0,0.0,0.0,0.0,-0.01,-1,-1,-0.01,-1,-1,-0.01,-1,-1,-0.01,-1,-1,-0.01,-1,-1,-0.01,-1,-1,-0.01,-1,-1,-0.01,-1,-1,-0.01,-1,-1,-0.01,-1,-1
99926009,2026-05-18 14:35:52+05:30,53444.4,0,0.0,0,0.0,0.0,53282.15,53619.2,52783.45,53710.35,0,0.0,0.0,0.0,0.0,-0.01,-1,-1,-0.01,-1,-1,-0.01,-1,-1,-0.01,-1,-1,-0.01,-1,-1,-0.01,-1,-1,-0.01,-1,-1,-0.01,-1,-1,-0.01,-1,-1,-0.01,-1,-1
99926009,2026-05-18 14:35:53+05:30,53443.1,0,0.0,0,0.0,0.0,53282.15,53619.2,52783.45,53710.35,0,0.0,0.0,0.0,0.0,-0.01,-1,-1,-0.01,-1,-1,-0.01,-1,-1,-0.01,-1,-1,-0.01,-1,-1,-0.01,-1,-1,-0.01,-1,-1,-0.01,-1,-1,-0.01,-1,-1,-0.01,-1,-1
99926009,2026-05-18 14:35:53+05:30,53439.85,0,0.0,0,0.0,0.0,53282.15,53619.2,52783.45,53710.35,0,0.0,0.0,0.0,0.0,-0.01,-1,-1,-0.01,-1,-1,-0.01,-1,-1,-0.01,-1,-1,-0.01,-1,-1,-0.01,-1,-1,-0.01,-1,-1,-0.01,-1,-1,-0.01,-1,-1,-0.01,-1,-1
99926009,2026-05-18 14:35:54+05:30,53441.6,0,0.0,0,0.0,0.0,53282.15,53619.2,52783.45,53710.35,0,0.0,0.0,0.0,0.0,-0.01,-1,-1,-0.01,-1,-1,-0.01,-1,-1,-0.01,-1,-1,-0.01,-1,-1,-0.01,-1,-1,-0.01,-1,-1,-0.01,-1,-1,-0.01,-1,-1,-0.01,-1,-1
99926009,2026-05-18 14:35:54+05:30,53443.45,0,0.0,0,0.0,0.0,53282.15,53619.2,52783.45,53710.35,0,0.0,0.0,0.0,0.0,-0.01,-1,-1,-0.01,-1,-1,-0.01,-1,-1,-0.01,-1,-1,-0.01,-1,-1,-0.01,-1,-1,-0.01,-1,-1,-0.01,-1,-1,-0.01,-1,-1,-0.01,-1,-1
99926009,2026-05-18 14:35:55+05:30,53442.75,0,0.0,0,0.0,0.0,53282.15,53619.2,52783.45,53710.35,0,0.0,0.0,0.0,0.0,-0.01,-1,-1,-0.01,-1,-1,-0.01,-1,-1,-0.01,-1,-1,-0.01,-1,-1,-0.01,-1,-1,-0.01,-1,-1,-0.01,-1,-1,-0.01,-1,-1,-0.01,-1,-1
99926009,2026-05-18 14:35:55+05:30,53443.9,0,0.0,0,0.0,0.0,53282.15,53619.2,52783.45,53710.35,0,0.0,0.0,0.0,0.0,-0.01,-1,-1,-0.01,-1,-1,-0.01,-1,-1,-0.01,-1,-1,-0.01,-1,-1,-0.01,-1,-1,-0.01,-1,-1,-0.01,-1,-1,-0.01,-1,-1,-0.01,-1,-1
99926009,2026-05-18 14:35:56+05:30,53443.95,0,0.0,0,0.0,0.0,53282.15,53619.2,52783.45,53710.35,0,0.0,0.0,0.0,0.0,-0.01,-1,-1,-0.01,-1,-1,-0.01,-1,-1,-0.01,-1,-1,-0.01,-1,-1,-0.01,-1,-1,-0.01,-1,-1,-0.01,-1,-1,-0.01,-1,-1,-0.01,-1,-1
99926009,2026-05-18 14:35:56+05:30,53446.9,0,0.0,0,0.0,0.0,53282.15,53619.2,52783.45,53710.35,0,0.0,0.0,0.0,0.0,-0.01,-1,-1,-0.01,-1,-1,-0.01,-1,-1,-0.01,-1,-1,-0.01,-1,-1,-0.01,-1,-1,-0.01,-1,-1,-0.01,-1,-1,-0.01,-1,-1,-0.01,-1,-1
99926009,2026-05-18 14:35:57+05:30,53445.95,0,0.0,0,0.0,0.0,53282.15,53619.2,52783.45,53710.35,0,0.0,0.0,0.0,0.0,-0.01,-1,-1,-0.01,-1,-1,-0.01,-1,-1,-0.01,-1,-1,-0.01,-1,-1,-0.01,-1,-1,-0.01,-1,-1,-0.01,-1,-1,-0.01,-1,-1,-0.01,-1,-1
99926009,2026-05-18 14:35:57+05:30,53447.3,0,0.0,0,0.0,0.0,53282.15,53619.2,52783.45,53710.35,0,0.0,0.0,0.0,0.0,-0.01,-1,-1,-0.01,-1,-1,-0.01,-1,-1,-0.01,-1,-1,-0.01,-1,-1,-0.01,-1,-1,-0.01,-1,-1,-0.01,-1,-1,-0.01,-1,-1,-0.01,-1,-1
99926009,2026-05-18 14:35:58+05:30,53446.5,0,0.0,0,0.0,0.0,53282.15,53619.2,52783.45,53710.35,0,0.0,0.0,0.0,0.0,-0.01,-1,-1,-0.01,-1,-1,-0.01,-1,-1,-0.01,-1,-1,-0.01,-1,-1,-0.01,-1,-1,-0.01,-1,-1,-0.01,-1,-1,-0.01,-1,-1,-0.01,-1,-1
99926009,2026-05-18 14:35:58+05:30,53446.95,0,0.0,0,0.0,0.0,53282.15,53619.2,52783.45,53710.35,0,0.0,0.0,0.0,0.0,-0.01,-1,-1,-0.01,-1,-1,-0.01,-1,-1,-0.01,-1,-1,-0.01,-1,-1,-0.01,-1,-1,-0.01,-1,-1,-0.01,-1,-1,-0.01,-1,-1,-0.01,-1,-1
99926009,2026-05-18 14:35:59+05:30,53446.75,0,0.0,0,0.0,0.0,53282.15,53619.2,52783.45,53710.35,0,0.0,0.0,0.0,0.0,-0.01,-1,-1,-0.01,-1,-1,-0.01,-1,-1,-0.01,-1,-1,-0.01,-1,-1,-0.01,-1,-1,-0.01,-1,-1,-0.01,-1,-1,-0.01,-1,-1,-0.01,-1,-1
99926009,2026-05-18 14:35:59+05:30,53445.5,0,0.0,0,0.0,0.0,53282.15,53619.2,52783.45,53710.35,0,0.0,0.0,0.0,0.0,-0.01,-1,-1,-0.01,-1,-1,-0.01,-1,-1,-0.01,-1,-1,-0.01,-1,-1,-0.01,-1,-1,-0.01,-1,-1,-0.01,-1,-1,-0.01,-1,-1,-0.01,-1,-1
99926009,2026-05-18 14:36:00+05:30,53445.7,0,0.0,0,0.0,0.0,53282.15,53619.2,52783.45,53710.35,0,0.0,0.0,0.0,0.0,-0.01,-1,-1,-0.01,-1,-1,-0.01,-1,-1,-0.01,-1,-1,-0.01,-1,-1,-0.01,-1,-1,-0.01,-1,-1,-0.01,-1,-1,-0.01,-1,-1,-0.01,-1,-1
99926009,2026-05-18 14:36:00+05:30,53442.05,0,0.0,0,0.0,0.0,53282.15,53619.2,52783.45,53710.35,0,0.0,0.0,0.0,0.0,-0.01,-1,-1,-0.01,-1,-1,-0.01,-1,-1,-0.01,-1,-1,-0.01,-1,-1,-0.01,-1,-1,-0.01,-1,-1,-0.01,-1,-1,-0.01,-1,-1,-0.01,-1,-1
99926009,2026-05-18 14:36:01+05:30,53442.55,0,0.0,0,0.0,0.0,53282.15,53619.2,52783.45,53710.35,0,0.0,0.0,0.0,0.0,-0.01,-1,-1,-0.01,-1,-1,-0.01,-1,-1,-0.01,-1,-1,-0.01,-1,-1,-0.01,-1,-1,-0.01,-1,-1,-0.01,-1,-1,-0.01,-1,-1,-0.01,-1,-1
99926009,2026-05-18 14:36:01+05:30,53443.85,0,0.0,0,0.0,0.0,53282.15,53619.2,52783.45,53710.35,0,0.0,0.0,0.0,0.0,-0.01,-1,-1,-0.01,-1,-1,-0.01,-1,-1,-0.01,-1,-1,-0.01,-1,-1,-0.01,-1,-1,-0.01,-1,-1,-0.01,-1,-1,-0.01,-1,-1,-0.01,-1,-1
99926009,2026-05-18 14:36:02+05:30,53441.0,0,0.0,0,0.0,0.0,53282.15,53619.2,52783.45,53710.35,0,0.0,0.0,0.0,0.0,-0.01,-1,-1,-0.01,-1,-1,-0.01,-1,-1,-0.01,-1,-1,-0.01,-1,-1,-0.01,-1,-1,-0.01,-1,-1,-0.01,-1,-1,-0.01,-1,-1,-0.01,-1,-1
99926009,2026-05-18 14:36:02+05:30,53440.35,0,0.0,0,0.0,0.0,53282.15,53619.2,52783.45,53710.35,0,0.0,0.0,0.0,0.0,-0.01,-1,-1,-0.01,-1,-1,-0.01,-1,-1,-0.01,-1,-1,-0.01,-1,-1,-0.01,-1,-1,-0.01,-1,-1,-0.01,-1,-1,-0.01,-1,-1,-0.01,-1,-1
99926009,2026-05-18 14:36:03+05:30,53438.95,0,0.0,0,0.0,0.0,53282.15,53619.2,52783.45,53710.35,0,0.0,0.0,0.0,0.0,-0.01,-1,-1,-0.01,-1,-1,-0.01,-1,-1,-0.01,-1,-1,-0.01,-1,-1,-0.01,-1,-1,-0.01,-1,-1,-0.01,-1,-1,-0.01,-1,-1,-0.01,-1,-1
99926009,2026-05-18 14:36:03+05:30,53439.35,0,0.0,0,0.0,0.0,53282.15,53619.2,52783.45,53710.35,0,0.0,0.0,0.0,0.0,-0.01,-1,-1,-0.01,-1,-1,-0.01,-1,-1,-0.01,-1,-1,-0.01,-1,-1,-0.01,-1,-1,-0.01,-1,-1,-0.01,-1,-1,-0.01,-1,-1,-0.01,-1,-1
99926009,2026-05-18 14:36:04+05:30,53438.5,0,0.0,0,0.0,0.0,53282.15,53619.2,52783.45,53710.35,0,0.0,0.0,0.0,0.0,-0.01,-1,-1,-0.01,-1,-1,-0.01,-1,-1,-0.01,-1,-1,-0.01,-1,-1,-0.01,-1,-1,-0.01,-1,-1,-0.01,-1,-1,-0.01,-1,-1,-0.01,-1,-1
99926009,2026-05-18 14:36:04+05:30,53438.65,0,0.0,0,0.0,0.0,53282.15,53619.2,52783.45,53710.35,0,0.0,0.0,0.0,0.0,-0.01,-1,-1,-0.01,-1,-1,-0.01,-1,-1,-0.01,-1,-1,-0.01,-1,-1,-0.01,-1,-1,-0.01,-1,-1,-0.01,-1,-1,-0.01,-1,-1,-0.01,-1,-1
99926009,2026-05-18 14:36:05+05:30,53438.85,0,0.0,0,0.0,0.0,53282.15,53619.2,52783.45,53710.35,0,0.0,0.0,0.0,0.0,-0.01,-1,-1,-0.01,-1,-1,-0.01,-1,-1,-0.01,-1,-1,-0.01,-1,-1,-0.01,-1,-1,-0.01,-1,-1,-0.01,-1,-1,-0.01,-1,-1,-0.01,-1,-1
99926009,2026-05-18 14:36:05+05:30,53442.05,0,0.0,0,0.0,0.0,53282.15,53619.2,52783.45,53710.35,0,0.0,0.0,0.0,0.0,-0.01,-1,-1,-0.01,-1,-1,-0.01,-1,-1,-0.01,-1,-1,-0.01,-1,-1,-0.01,-1,-1,-0.01,-1,-1,-0.01,-1,-1,-0.01,-1,-1,-0.01,-1,-1
99926009,2026-05-18 14:36:06+05:30,53441.75,0,0.0,0,0.0,0.0,53282.15,53619.2,52783.45,53710.35,0,0.0,0.0,0.0,0.0,-0.01,-1,-1,-0.01,-1,-1,-0.01,-1,-1,-0.01,-1,-1,-0.01,-1,-1,-0.01,-1,-1,-0.01,-1,-1,-0.01,-1,-1,-0.01,-1,-1,-0.01,-1,-1
99926009,2026-05-18 14:36:06+05:30,53454.85,0,0.0,0,0.0,0.0,53282.15,53619.2,52783.45,53710.35,0,0.0,0.0,0.0,0.0,-0.01,-1,-1,-0.01,-1,-1,-0.01,-1,-1,-0.01,-1,-1,-0.01,-1,-1,-0.01,-1,-1,-0.01,-1,-1,-0.01,-1,-1,-0.01,-1,-1,-0.01,-1,-1
99926009,2026-05-18 14:36:07+05:30,53456.9,0,0.0,0,0.0,0.0,53282.15,53619.2,52783.45,53710.35,0,0.0,0.0,0.0,0.0,-0.01,-1,-1,-0.01,-1,-1,-0.01,-1,-1,-0.01,-1,-1,-0.01,-1,-1,-0.01,-1,-1,-0.01,-1,-1,-0.01,-1,-1,-0.01,-1,-1,-0.01,-1,-1
99926009,2026-05-18 14:36:07+05:30,53456.4,0,0.0,0,0.0,0.0,53282.15,53619.2,52783.45,53710.35,0,0.0,0.0,0.0,0.0,-0.01,-1,-1,-0.01,-1,-1,-0.01,-1,-1,-0.01,-1,-1,-0.01,-1,-1,-0.01,-1,-1,-0.01,-1,-1,-0.01,-1,-1,-0.01,-1,-1,-0.01,-1,-1
99926009,2026-05-18 14:36:08+05:30,53455.45,0,0.0,0,0.0,0.0,53282.15,53619.2,52783.45,53710.35,0,0.0,0.0,0.0,0.0,-0.01,-1,-1,-0.01,-1,-1,-0.01,-1,-1,-0.01,-1,-1,-0.01,-1,-1,-0.01,-1,-1,-0.01,-1,-1,-0.01,-1,-1,-0.01,-1,-1,-0.01,-1,-1
99926009,2026-05-18 14:36:08+05:30,53455.7,0,0.0,0,0.0,0.0,53282.15,53619.2,52783.45,53710.35,0,0.0,0.0,0.0,0.0,-0.01,-1,-1,-0.01,-1,-1,-0.01,-1,-1,-0.01,-1,-1,-0.01,-1,-1,-0.01,-1,-1,-0.01,-1,-1,-0.01,-1,-1,-0.01,-1,-1,-0.01,-1,-1
99926009,2026-05-18 14:36:09+05:30,53456.75,0,0.0,0,0.0,0.0,53282.15,53619.2,52783.45,53710.35,0,0.0,0.0,0.0,0.0,-0.01,-1,-1,-0.01,-1,-1,-0.01,-1,-1,-0.01,-1,-1,-0.01,-1,-1,-0.01,-1,-1,-0.01,-1,-1,-0.01,-1,-1,-0.01,-1,-1,-0.01,-1,-1
99926009,2026-05-18 14:36:09+05:30,53457.25,0,0.0,0,0.0,0.0,53282.15,53619.2,52783.45,53710.35,0,0.0,0.0,0.0,0.0,-0.01,-1,-1,-0.01,-1,-1,-0.01,-1,-1,-0.01,-1,-1,-0.01,-1,-1,-0.01,-1,-1,-0.01,-1,-1,-0.01,-1,-1,-0.01,-1,-1,-0.01,-1,-1
99926009,2026-05-18 14:36:10+05:30,53456.45,0,0.0,0,0.0,0.0,53282.15,53619.2,52783.45,53710.35,0,0.0,0.0,0.0,0.0,-0.01,-1,-1,-0.01,-1,-1,-0.01,-1,-1,-0.01,-1,-1,-0.01,-1,-1,-0.01,-1,-1,-0.01,-1,-1,-0.01,-1,-1,-0.01,-1,-1,-0.01,-1,-1
99926009,2026-05-18 14:36:10+05:30,53453.65,0,0.0,0,0.0,0.0,53282.15,53619.2,52783.45,53710.35,0,0.0,0.0,0.0,0.0,-0.01,-1,-1,-0.01,-1,-1,-0.01,-1,-1,-0.01,-1,-1,-0.01,-1,-1,-0.01,-1,-1,-0.01,-1,-1,-0.01,-1,-1,-0.01,-1,-1,-0.01,-1,-1
99926009,2026-05-18 14:36:11+05:30,53453.8,0,0.0,0,0.0,0.0,53282.15,53619.2,52783.45,53710.35,0,0.0,0.0,0.0,0.0,-0.01,-1,-1,-0.01,-1,-1,-0.01,-1,-1,-0.01,-1,-1,-0.01,-1,-1,-0.01,-1,-1,-0.01,-1,-1,-0.01,-1,-1,-0.01,-1,-1,-0.01,-1,-1
99926009,2026-05-18 14:36:11+05:30,53453.7,0,0.0,0,0.0,0.0,53282.15,53619.2,52783.45,53710.35,0,0.0,0.0,0.0,0.0,-0.01,-1,-1,-0.01,-1,-1,-0.01,-1,-1,-0.01,-1,-1,-0.01,-1,-1,-0.01,-1,-1,-0.01,-1,-1,-0.01,-1,-1,-0.01,-1,-1,-0.01,-1,-1
99926009,2026-05-18 14:36:12+05:30,53456.95,0,0.0,0,0.0,0.0,53282.15,53619.2,52783.45,53710.35,0,0.0,0.0,0.0,0.0,-0.01,-1,-1,-0.01,-1,-1,-0.01,-1,-1,-0.01,-1,-1,-0.01,-1,-1,-0.01,-1,-1,-0.01,-1,-1,-0.01,-1,-1,-0.01,-1,-1,-0.01,-1,-1
99926009,2026-05-18 14:36:12+05:30,53456.55,0,0.0,0,0.0,0.0,53282.15,53619.2,52783.45,53710.35,0,0.0,0.0,0.0,0.0,-0.01,-1,-1,-0.01,-1,-1,-0.01,-1,-1,-0.01,-1,-1,-0.01,-1,-1,-0.01,-1,-1,-0.01,-1,-1,-0.01,-1,-1,-0.01,-1,-1,-0.01,-1,-1
99926009,2026-05-18 14:36:13+05:30,53456.7,0,0.0,0,0.0,0.0,53282.15,53619.2,52783.45,53710.35,0,0.0,0.0,0.0,0.0,-0.01,-1,-1,-0.01,-1,-1,-0.01,-1,-1,-0.01,-1,-1,-0.01,-1,-1,-0.01,-1,-1,-0.01,-1,-1,-0.01,-1,-1,-0.01,-1,-1,-0.01,-1,-1
99926009,2026-05-18 14:36:13+05:30,53457.0,0,0.0,0,0.0,0.0,53282.15,53619.2,52783.45,53710.35,0,0.0,0.0,0.0,0.0,-0.01,-1,-1,-0.01,-1,-1,-0.01,-1,-1,-0.01,-1,-1,-0.01,-1,-1,-0.01,-1,-1,-0.01,-1,-1,-0.01,-1,-1,-0.01,-1,-1,-0.01,-1,-1
99926009,2026-05-18 14:36:14+05:30,53457.55,0,0.0,0,0.0,0.0,53282.15,53619.2,52783.45,53710.35,0,0.0,0.0,0.0,0.0,-0.01,-1,-1,-0.01,-1,-1,-0.01,-1,-1,-0.01,-1,-1,-0.01,-1,-1,-0.01,-1,-1,-0.01,-1,-1,-0.01,-1,-1,-0.01,-1,-1,-0.01,-1,-1
99926009,2026-05-18 14:36:14+05:30,53461.7,0,0.0,0,0.0,0.0,53282.15,53619.2,52783.45,53710.35,0,0.0,0.0,0.0,0.0,-0.01,-1,-1,-0.01,-1,-1,-0.01,-1,-1,-0.01,-1,-1,-0.01,-1,-1,-0.01,-1,-1,-0.01,-1,-1,-0.01,-1,-1,-0.01,-1,-1,-0.01,-1,-1
99926009,2026-05-18 14:36:15+05:30,53461.95,0,0.0,0,0.0,0.0,53282.15,53619.2,52783.45,53710.35,0,0.0,0.0,0.0,0.0,-0.01,-1,-1,-0.01,-1,-1,-0.01,-1,-1,-0.01,-1,-1,-0.01,-1,-1,-0.01,-1,-1,-0.01,-1,-1,-0.01,-1,-1,-0.01,-1,-1,-0.01,-1,-1
99926009,2026-05-18 14:36:15+05:30,53463.1,0,0.0,0,0.0,0.0,53282.15,53619.2,52783.45,53710.35,0,0.0,0.0,0.0,0.0,-0.01,-1,-1,-0.01,-1,-1,-0.01,-1,-1,-0.01,-1,-1,-0.01,-1,-1,-0.01,-1,-1,-0.01,-1,-1,-0.01,-1,-1,-0.01,-1,-1,-0.01,-1,-1
99926009,2026-05-18 14:36:16+05:30,53467.1,0,0.0,0,0.0,0.0,53282.15,53619.2,52783.45,53710.35,0,0.0,0.0,0.0,0.0,-0.01,-1,-1,-0.01,-1,-1,-0.01,-1,-1,-0.01,-1,-1,-0.01,-1,-1,-0.01,-1,-1,-0.01,-1,-1,-0.01,-1,-1,-0.01,-1,-1,-0.01,-1,-1
99926009,2026-05-18 14:36:16+05:30,53468.55,0,0.0,0,0.0,0.0,53282.15,53619.2,52783.45,53710.35,0,0.0,0.0,0.0,0.0,-0.01,-1,-1,-0.01,-1,-1,-0.01,-1,-1,-0.01,-1,-1,-0.01,-1,-1,-0.01,-1,-1,-0.01,-1,-1,-0.01,-1,-1,-0.01,-1,-1,-0.01,-1,-1
99926009,2026-05-18 14:36:17+05:30,53467.6,0,0.0,0,0.0,0.0,53282.15,53619.2,52783.45,53710.35,0,0.0,0.0,0.0,0.0,-0.01,-1,-1,-0.01,-1,-1,-0.01,-1,-1,-0.01,-1,-1,-0.01,-1,-1,-0.01,-1,-1,-0.01,-1,-1,-0.01,-1,-1,-0.01,-1,-1,-0.01,-1,-1
99926009,2026-05-18 14:36:17+05:30,53461.35,0,0.0,0,0.0,0.0,53282.15,53619.2,52783.45,53710.35,0,0.0,0.0,0.0,0.0,-0.01,-1,-1,-0.01,-1,-1,-0.01,-1,-1,-0.01,-1,-1,-0.01,-1,-1,-0.01,-1,-1,-0.01,-1,-1,-0.01,-1,-1,-0.01,-1,-1,-0.01,-1,-1
99926009,2026-05-18 14:36:18+05:30,53462.15,0,0.0,0,0.0,0.0,53282.15,53619.2,52783.45,53710.35,0,0.0,0.0,0.0,0.0,-0.01,-1,-1,-0.01,-1,-1,-0.01,-1,-1,-0.01,-1,-1,-0.01,-1,-1,-0.01,-1,-1,-0.01,-1,-1,-0.01,-1,-1,-0.01,-1,-1,-0.01,-1,-1
99926009,2026-05-18 14:36:18+05:30,53462.55,0,0.0,0,0.0,0.0,53282.15,53619.2,52783.45,53710.35,0,0.0,0.0,0.0,0.0,-0.01,-1,-1,-0.01,-1,-1,-0.01,-1,-1,-0.01,-1,-1,-0.01,-1,-1,-0.01,-1,-1,-0.01,-1,-1,-0.01,-1,-1,-0.01,-1,-1,-0.01,-1,-1
99926009,2026-05-18 14:36:19+05:30,53465.95,0,0.0,0,0.0,0.0,53282.15,53619.2,52783.45,53710.35,0,0.0,0.0,0.0,0.0,-0.01,-1,-1,-0.01,-1,-1,-0.01,-1,-1,-0.01,-1,-1,-0.01,-1,-1,-0.01,-1,-1,-0.01,-1,-1,-0.01,-1,-1,-0.01,-1,-1,-0.01,-1,-1
99926009,2026-05-18 14:36:19+05:30,53466.75,0,0.0,0,0.0,0.0,53282.15,53619.2,52783.45,53710.35,0,0.0,0.0,0.0,0.0,-0.01,-1,-1,-0.01,-1,-1,-0.01,-1,-1,-0.01,-1,-1,-0.01,-1,-1,-0.01,-1,-1,-0.01,-1,-1,-0.01,-1,-1,-0.01,-1,-1,-0.01,-1,-1
99926009,2026-05-18 14:36:20+05:30,53466.8,0,0.0,0,0.0,0.0,53282.15,53619.2,52783.45,53710.35,0,0.0,0.0,0.0,0.0,-0.01,-1,-1,-0.01,-1,-1,-0.01,-1,-1,-0.01,-1,-1,-0.01,-1,-1,-0.01,-1,-1,-0.01,-1,-1,-0.01,-1,-1,-0.01,-1,-1,-0.01,-1,-1
99926009,2026-05-18 14:36:20+05:30,53462.85,0,0.0,0,0.0,0.0,53282.15,53619.2,52783.45,53710.35,0,0.0,0.0,0.0,0.0,-0.01,-1,-1,-0.01,-1,-1,-0.01,-1,-1,-0.01,-1,-1,-0.01,-1,-1,-0.01,-1,-1,-0.01,-1,-1,-0.01,-1,-1,-0.01,-1,-1,-0.01,-1,-1
99926009,2026-05-18 14:36:21+05:30,53461.35,0,0.0,0,0.0,0.0,53282.15,53619.2,52783.45,53710.35,0,0.0,0.0,0.0,0.0,-0.01,-1,-1,-0.01,-1,-1,-0.01,-1,-1,-0.01,-1,-1,-0.01,-1,-1,-0.01,-1,-1,-0.01,-1,-1,-0.01,-1,-1,-0.01,-1,-1,-0.01,-1,-1
99926009,2026-05-18 14:36:21+05:30,53462.0,0,0.0,0,0.0,0.0,53282.15,53619.2,52783.45,53710.35,0,0.0,0.0,0.0,0.0,-0.01,-1,-1,-0.01,-1,-1,-0.01,-1,-1,-0.01,-1,-1,-0.01,-1,-1,-0.01,-1,-1,-0.01,-1,-1,-0.01,-1,-1,-0.01,-1,-1,-0.01,-1,-1
99926009,2026-05-18 14:36:22+05:30,53462.35,0,0.0,0,0.0,0.0,53282.15,53619.2,52783.45,53710.35,0,0.0,0.0,0.0,0.0,-0.01,-1,-1,-0.01,-1,-1,-0.01,-1,-1,-0.01,-1,-1,-0.01,-1,-1,-0.01,-1,-1,-0.01,-1,-1,-0.01,-1,-1,-0.01,-1,-1,-0.01,-1,-1
99926009,2026-05-18 14:36:22+05:30,53463.7,0,0.0,0,0.0,0.0,53282.15,53619.2,52783.45,53710.35,0,0.0,0.0,0.0,0.0,-0.01,-1,-1,-0.01,-1,-1,-0.01,-1,-1,-0.01,-1,-1,-0.01,-1,-1,-0.01,-1,-1,-0.01,-1,-1,-0.01,-1,-1,-0.01,-1,-1,-0.01,-1,-1
99926009,2026-05-18 14:36:23+05:30,53461.9,0,0.0,0,0.0,0.0,53282.15,53619.2,52783.45,53710.35,0,0.0,0.0,0.0,0.0,-0.01,-1,-1,-0.01,-1,-1,-0.01,-1,-1,-0.01,-1,-1,-0.01,-1,-1,-0.01,-1,-1,-0.01,-1,-1,-0.01,-1,-1,-0.01,-1,-1,-0.01,-1,-1
99926009,2026-05-18 14:36:23+05:30,53459.0,0,0.0,0,0.0,0.0,53282.15,53619.2,52783.45,53710.35,0,0.0,0.0,0.0,0.0,-0.01,-1,-1,-0.01,-1,-1,-0.01,-1,-1,-0.01,-1,-1,-0.01,-1,-1,-0.01,-1,-1,-0.01,-1,-1,-0.01,-1,-1,-0.01,-1,-1,-0.01,-1,-1
99926009,2026-05-18 14:36:24+05:30,53461.55,0,0.0,0,0.0,0.0,53282.15,53619.2,52783.45,53710.35,0,0.0,0.0,0.0,0.0,-0.01,-1,-1,-0.01,-1,-1,-0.01,-1,-1,-0.01,-1,-1,-0.01,-1,-1,-0.01,-1,-1,-0.01,-1,-1,-0.01,-1,-1,-0.01,-1,-1,-0.01,-1,-1
99926009,2026-05-18 14:36:24+05:30,53462.05,0,0.0,0,0.0,0.0,53282.15,53619.2,52783.45,53710.35,0,0.0,0.0,0.0,0.0,-0.01,-1,-1,-0.01,-1,-1,-0.01,-1,-1,-0.01,-1,-1,-0.01,-1,-1,-0.01,-1,-1,-0.01,-1,-1,-0.01,-1,-1,-0.01,-1,-1,-0.01,-1,-1
99926009,2026-05-18 14:36:25+05:30,53457.65,0,0.0,0,0.0,0.0,53282.15,53619.2,52783.45,53710.35,0,0.0,0.0,0.0,0.0,-0.01,-1,-1,-0.01,-1,-1,-0.01,-1,-1,-0.01,-1,-1,-0.01,-1,-1,-0.01,-1,-1,-0.01,-1,-1,-0.01,-1,-1,-0.01,-1,-1,-0.01,-1,-1
99926009,2026-05-18 14:36:25+05:30,53460.45,0,0.0,0,0.0,0.0,53282.15,53619.2,52783.45,53710.35,0,0.0,0.0,0.0,0.0,-0.01,-1,-1,-0.01,-1,-1,-0.01,-1,-1,-0.01,-1,-1,-0.01,-1,-1,-0.01,-1,-1,-0.01,-1,-1,-0.01,-1,-1,-0.01,-1,-1,-0.01,-1,-1
99926009,2026-05-18 14:36:26+05:30,53456.15,0,0.0,0,0.0,0.0,53282.15,53619.2,52783.45,53710.35,0,0.0,0.0,0.0,0.0,-0.01,-1,-1,-0.01,-1,-1,-0.01,-1,-1,-0.01,-1,-1,-0.01,-1,-1,-0.01,-1,-1,-0.01,-1,-1,-0.01,-1,-1,-0.01,-1,-1,-0.01,-1,-1
99926009,2026-05-18 14:36:26+05:30,53454.4,0,0.0,0,0.0,0.0,53282.15,53619.2,52783.45,53710.35,0,0.0,0.0,0.0,0.0,-0.01,-1,-1,-0.01,-1,-1,-0.01,-1,-1,-0.01,-1,-1,-0.01,-1,-1,-0.01,-1,-1,-0.01,-1,-1,-0.01,-1,-1,-0.01,-1,-1,-0.01,-1,-1
99926009,2026-05-18 14:36:27+05:30,53455.0,0,0.0,0,0.0,0.0,53282.15,53619.2,52783.45,53710.35,0,0.0,0.0,0.0,0.0,-0.01,-1,-1,-0.01,-1,-1,-0.01,-1,-1,-0.01,-1,-1,-0.01,-1,-1,-0.01,-1,-1,-0.01,-1,-1,-0.01,-1,-1,-0.01,-1,-1,-0.01,-1,-1
99926009,2026-05-18 14:36:27+05:30,53453.6,0,0.0,0,0.0,0.0,53282.15,53619.2,52783.45,53710.35,0,0.0,0.0,0.0,0.0,-0.01,-1,-1,-0.01,-1,-1,-0.01,-1,-1,-0.01,-1,-1,-0.01,-1,-1,-0.01,-1,-1,-0.01,-1,-1,-0.01,-1,-1,-0.01,-1,-1,-0.01,-1,-1
99926009,2026-05-18 14:36:28+05:30,53456.75,0,0.0,0,0.0,0.0,53282.15,53619.2,52783.45,53710.35,0,0.0,0.0,0.0,0.0,-0.01,-1,-1,-0.01,-1,-1,-0.01,-1,-1,-0.01,-1,-1,-0.01,-1,-1,-0.01,-1,-1,-0.01,-1,-1,-0.01,-1,-1,-0.01,-1,-1,-0.01,-1,-1
99926009,2026-05-18 14:36:28+05:30,53454.2,0,0.0,0,0.0,0.0,53282.15,53619.2,52783.45,53710.35,0,0.0,0.0,0.0,0.0,-0.01,-1,-1,-0.01,-1,-1,-0.01,-1,-1,-0.01,-1,-1,-0.01,-1,-1,-0.01,-1,-1,-0.01,-1,-1,-0.01,-1,-1,-0.01,-1,-1,-0.01,-1,-1
99926009,2026-05-18 14:36:29+05:30,53453.35,0,0.0,0,0.0,0.0,53282.15,53619.2,52783.45,53710.35,0,0.0,0.0,0.0,0.0,-0.01,-1,-1,-0.01,-1,-1,-0.01,-1,-1,-0.01,-1,-1,-0.01,-1,-1,-0.01,-1,-1,-0.01,-1,-1,-0.01,-1,-1,-0.01,-1,-1,-0.01,-1,-1
99926009,2026-05-18 14:36:29+05:30,53451.7,0,0.0,0,0.0,0.0,53282.15,53619.2,52783.45,53710.35,0,0.0,0.0,0.0,0.0,-0.01,-1,-1,-0.01,-1,-1,-0.01,-1,-1,-0.01,-1,-1,-0.01,-1,-1,-0.01,-1,-1,-0.01,-1,-1,-0.01,-1,-1,-0.01,-1,-1,-0.01,-1,-1
99926009,2026-05-18 14:36:30+05:30,53451.4,0,0.0,0,0.0,0.0,53282.15,53619.2,52783.45,53710.35,0,0.0,0.0,0.0,0.0,-0.01,-1,-1,-0.01,-1,-1,-0.01,-1,-1,-0.01,-1,-1,-0.01,-1,-1,-0.01,-1,-1,-0.01,-1,-1,-0.01,-1,-1,-0.01,-1,-1,-0.01,-1,-1
99926009,2026-05-18 14:36:30+05:30,53451.25,0,0.0,0,0.0,0.0,53282.15,53619.2,52783.45,53710.35,0,0.0,0.0,0.0,0.0,-0.01,-1,-1,-0.01,-1,-1,-0.01,-1,-1,-0.01,-1,-1,-0.01,-1,-1,-0.01,-1,-1,-0.01,-1,-1,-0.01,-1,-1,-0.01,-1,-1,-0.01,-1,-1
99926009,2026-05-18 14:36:31+05:30,53450.75,0,0.0,0,0.0,0.0,53282.15,53619.2,52783.45,53710.35,0,0.0,0.0,0.0,0.0,-0.01,-1,-1,-0.01,-1,-1,-0.01,-1,-1,-0.01,-1,-1,-0.01,-1,-1,-0.01,-1,-1,-0.01,-1,-1,-0.01,-1,-1,-0.01,-1,-1,-0.01,-1,-1
99926009,2026-05-18 14:36:31+05:30,53450.3,0,0.0,0,0.0,0.0,53282.15,53619.2,52783.45,53710.35,0,0.0,0.0,0.0,0.0,-0.01,-1,-1,-0.01,-1,-1,-0.01,-1,-1,-0.01,-1,-1,-0.01,-1,-1,-0.01,-1,-1,-0.01,-1,-1,-0.01,-1,-1,-0.01,-1,-1,-0.01,-1,-1
99926009,2026-05-18 14:36:32+05:30,53447.15,0,0.0,0,0.0,0.0,53282.15,53619.2,52783.45,53710.35,0,0.0,0.0,0.0,0.0,-0.01,-1,-1,-0.01,-1,-1,-0.01,-1,-1,-0.01,-1,-1,-0.01,-1,-1,-0.01,-1,-1,-0.01,-1,-1,-0.01,-1,-1,-0.01,-1,-1,-0.01,-1,-1
99926009,2026-05-18 14:36:32+05:30,53448.25,0,0.0,0,0.0,0.0,53282.15,53619.2,52783.45,53710.35,0,0.0,0.0,0.0,0.0,-0.01,-1,-1,-0.01,-1,-1,-0.01,-1,-1,-0.01,-1,-1,-0.01,-1,-1,-0.01,-1,-1,-0.01,-1,-1,-0.01,-1,-1,-0.01,-1,-1,-0.01,-1,-1
99926009,2026-05-18 14:36:33+05:30,53448.4,0,0.0,0,0.0,0.0,53282.15,53619.2,52783.45,53710.35,0,0.0,0.0,0.0,0.0,-0.01,-1,-1,-0.01,-1,-1,-0.01,-1,-1,-0.01,-1,-1,-0.01,-1,-1,-0.01,-1,-1,-0.01,-1,-1,-0.01,-1,-1,-0.01,-1,-1,-0.01,-1,-1
99926009,2026-05-18 14:36:33+05:30,53447.9,0,0.0,0,0.0,0.0,53282.15,53619.2,52783.45,53710.35,0,0.0,0.0,0.0,0.0,-0.01,-1,-1,-0.01,-1,-1,-0.01,-1,-1,-0.01,-1,-1,-0.01,-1,-1,-0.01,-1,-1,-0.01,-1,-1,-0.01,-1,-1,-0.01,-1,-1,-0.01,-1,-1
99926009,2026-05-18 14:36:34+05:30,53447.95,0,0.0,0,0.0,0.0,53282.15,53619.2,52783.45,53710.35,0,0.0,0.0,0.0,0.0,-0.01,-1,-1,-0.01,-1,-1,-0.01,-1,-1,-0.01,-1,-1,-0.01,-1,-1,-0.01,-1,-1,-0.01,-1,-1,-0.01,-1,-1,-0.01,-1,-1,-0.01,-1,-1
99926009,2026-05-18 14:36:34+05:30,53449.4,0,0.0,0,0.0,0.0,53282.15,53619.2,52783.45,53710.35,0,0.0,0.0,0.0,0.0,-0.01,-1,-1,-0.01,-1,-1,-0.01,-1,-1,-0.01,-1,-1,-0.01,-1,-1,-0.01,-1,-1,-0.01,-1,-1,-0.01,-1,-1,-0.01,-1,-1,-0.01,-1,-1
99926009,2026-05-18 14:36:35+05:30,53448.75,0,0.0,0,0.0,0.0,53282.15,53619.2,52783.45,53710.35,0,0.0,0.0,0.0,0.0,-0.01,-1,-1,-0.01,-1,-1,-0.01,-1,-1,-0.01,-1,-1,-0.01,-1,-1,-0.01,-1,-1,-0.01,-1,-1,-0.01,-1,-1,-0.01,-1,-1,-0.01,-1,-1
99926009,2026-05-18 14:36:35+05:30,53447.5,0,0.0,0,0.0,0.0,53282.15,53619.2,52783.45,53710.35,0,0.0,0.0,0.0,0.0,-0.01,-1,-1,-0.01,-1,-1,-0.01,-1,-1,-0.01,-1,-1,-0.01,-1,-1,-0.01,-1,-1,-0.01,-1,-1,-0.01,-1,-1,-0.01,-1,-1,-0.01,-1,-1
99926009,2026-05-18 14:36:36+05:30,53447.85,0,0.0,0,0.0,0.0,53282.15,53619.2,52783.45,53710.35,0,0.0,0.0,0.0,0.0,-0.01,-1,-1,-0.01,-1,-1,-0.01,-1,-1,-0.01,-1,-1,-0.01,-1,-1,-0.01,-1,-1,-0.01,-1,-1,-0.01,-1,-1,-0.01,-1,-1,-0.01,-1,-1
99926009,2026-05-18 14:36:36+05:30,53450.25,0,0.0,0,0.0,0.0,53282.15,53619.2,52783.45,53710.35,0,0.0,0.0,0.0,0.0,-0.01,-1,-1,-0.01,-1,-1,-0.01,-1,-1,-0.01,-1,-1,-0.01,-1,-1,-0.01,-1,-1,-0.01,-1,-1,-0.01,-1,-1,-0.01,-1,-1,-0.01,-1,-1
99926009,2026-05-18 14:36:37+05:30,53453.85,0,0.0,0,0.0,0.0,53282.15,53619.2,52783.45,53710.35,0,0.0,0.0,0.0,0.0,-0.01,-1,-1,-0.01,-1,-1,-0.01,-1,-1,-0.01,-1,-1,-0.01,-1,-1,-0.01,-1,-1,-0.01,-1,-1,-0.01,-1,-1,-0.01,-1,-1,-0.01,-1,-1
99926009,2026-05-18 14:36:37+05:30,53449.8,0,0.0,0,0.0,0.0,53282.15,53619.2,52783.45,53710.35,0,0.0,0.0,0.0,0.0,-0.01,-1,-1,-0.01,-1,-1,-0.01,-1,-1,-0.01,-1,-1,-0.01,-1,-1,-0.01,-1,-1,-0.01,-1,-1,-0.01,-1,-1,-0.01,-1,-1,-0.01,-1,-1
99926009,2026-05-18 14:36:38+05:30,53450.75,0,0.0,0,0.0,0.0,53282.15,53619.2,52783.45,53710.35,0,0.0,0.0,0.0,0.0,-0.01,-1,-1,-0.01,-1,-1,-0.01,-1,-1,-0.01,-1,-1,-0.01,-1,-1,-0.01,-1,-1,-0.01,-1,-1,-0.01,-1,-1,-0.01,-1,-1,-0.01,-1,-1
99926009,2026-05-18 14:36:38+05:30,53448.9,0,0.0,0,0.0,0.0,53282.15,53619.2,52783.45,53710.35,0,0.0,0.0,0.0,0.0,-0.01,-1,-1,-0.01,-1,-1,-0.01,-1,-1,-0.01,-1,-1,-0.01,-1,-1,-0.01,-1,-1,-0.01,-1,-1,-0.01,-1,-1,-0.01,-1,-1,-0.01,-1,-1
99926009,2026-05-18 14:36:39+05:30,53453.15,0,0.0,0,0.0,0.0,53282.15,53619.2,52783.45,53710.35,0,0.0,0.0,0.0,0.0,-0.01,-1,-1,-0.01,-1,-1,-0.01,-1,-1,-0.01,-1,-1,-0.01,-1,-1,-0.01,-1,-1,-0.01,-1,-1,-0.01,-1,-1,-0.01,-1,-1,-0.01,-1,-1
99926009,2026-05-18 14:36:39+05:30,53453.4,0,0.0,0,0.0,0.0,53282.15,53619.2,52783.45,53710.35,0,0.0,0.0,0.0,0.0,-0.01,-1,-1,-0.01,-1,-1,-0.01,-1,-1,-0.01,-1,-1,-0.01,-1,-1,-0.01,-1,-1,-0.01,-1,-1,-0.01,-1,-1,-0.01,-1,-1,-0.01,-1,-1
99926009,2026-05-18 14:36:40+05:30,53452.6,0,0.0,0,0.0,0.0,53282.15,53619.2,52783.45,53710.35,0,0.0,0.0,0.0,0.0,-0.01,-1,-1,-0.01,-1,-1,-0.01,-1,-1,-0.01,-1,-1,-0.01,-1,-1,-0.01,-1,-1,-0.01,-1,-1,-0.01,-1,-1,-0.01,-1,-1,-0.01,-1,-1
99926009,2026-05-18 14:36:40+05:30,53450.4,0,0.0,0,0.0,0.0,53282.15,53619.2,52783.45,53710.35,0,0.0,0.0,0.0,0.0,-0.01,-1,-1,-0.01,-1,-1,-0.01,-1,-1,-0.01,-1,-1,-0.01,-1,-1,-0.01,-1,-1,-0.01,-1,-1,-0.01,-1,-1,-0.01,-1,-1,-0.01,-1,-1
99926009,2026-05-18 14:36:41+05:30,53450.15,0,0.0,0,0.0,0.0,53282.15,53619.2,52783.45,53710.35,0,0.0,0.0,0.0,0.0,-0.01,-1,-1,-0.01,-1,-1,-0.01,-1,-1,-0.01,-1,-1,-0.01,-1,-1,-0.01,-1,-1,-0.01,-1,-1,-0.01,-1,-1,-0.01,-1,-1,-0.01,-1,-1
99926009,2026-05-18 14:36:41+05:30,53454.1,0,0.0,0,0.0,0.0,53282.15,53619.2,52783.45,53710.35,0,0.0,0.0,0.0,0.0,-0.01,-1,-1,-0.01,-1,-1,-0.01,-1,-1,-0.01,-1,-1,-0.01,-1,-1,-0.01,-1,-1,-0.01,-1,-1,-0.01,-1,-1,-0.01,-1,-1,-0.01,-1,-1
99926009,2026-05-18 14:36:42+05:30,53452.6,0,0.0,0,0.0,0.0,53282.15,53619.2,52783.45,53710.35,0,0.0,0.0,0.0,0.0,-0.01,-1,-1,-0.01,-1,-1,-0.01,-1,-1,-0.01,-1,-1,-0.01,-1,-1,-0.01,-1,-1,-0.01,-1,-1,-0.01,-1,-1,-0.01,-1,-1,-0.01,-1,-1
99926009,2026-05-18 14:36:42+05:30,53451.9,0,0.0,0,0.0,0.0,53282.15,53619.2,52783.45,53710.35,0,0.0,0.0,0.0,0.0,-0.01,-1,-1,-0.01,-1,-1,-0.01,-1,-1,-0.01,-1,-1,-0.01,-1,-1,-0.01,-1,-1,-0.01,-1,-1,-0.01,-1,-1,-0.01,-1,-1,-0.01,-1,-1
99926009,2026-05-18 14:36:43+05:30,53452.35,0,0.0,0,0.0,0.0,53282.15,53619.2,52783.45,53710.35,0,0.0,0.0,0.0,0.0,-0.01,-1,-1,-0.01,-1,-1,-0.01,-1,-1,-0.01,-1,-1,-0.01,-1,-1,-0.01,-1,-1,-0.01,-1,-1,-0.01,-1,-1,-0.01,-1,-1,-0.01,-1,-1
99926009,2026-05-18 14:36:43+05:30,53451.0,0,0.0,0,0.0,0.0,53282.15,53619.2,52783.45,53710.35,0,0.0,0.0,0.0,0.0,-0.01,-1,-1,-0.01,-1,-1,-0.01,-1,-1,-0.01,-1,-1,-0.01,-1,-1,-0.01,-1,-1,-0.01,-1,-1,-0.01,-1,-1,-0.01,-1,-1,-0.01,-1,-1
99926009,2026-05-18 14:36:44+05:30,53456.9,0,0.0,0,0.0,0.0,53282.15,53619.2,52783.45,53710.35,0,0.0,0.0,0.0,0.0,-0.01,-1,-1,-0.01,-1,-1,-0.01,-1,-1,-0.01,-1,-1,-0.01,-1,-1,-0.01,-1,-1,-0.01,-1,-1,-0.01,-1,-1,-0.01,-1,-1,-0.01,-1,-1
99926009,2026-05-18 14:36:44+05:30,53457.75,0,0.0,0,0.0,0.0,53282.15,53619.2,52783.45,53710.35,0,0.0,0.0,0.0,0.0,-0.01,-1,-1,-0.01,-1,-1,-0.01,-1,-1,-0.01,-1,-1,-0.01,-1,-1,-0.01,-1,-1,-0.01,-1,-1,-0.01,-1,-1,-0.01,-1,-1,-0.01,-1,-1
99926009,2026-05-18 14:36:45+05:30,53453.15,0,0.0,0,0.0,0.0,53282.15,53619.2,52783.45,53710.35,0,0.0,0.0,0.0,0.0,-0.01,-1,-1,-0.01,-1,-1,-0.01,-1,-1,-0.01,-1,-1,-0.01,-1,-1,-0.01,-1,-1,-0.01,-1,-1,-0.01,-1,-1,-0.01,-1,-1,-0.01,-1,-1
99926009,2026-05-18 14:36:45+05:30,53452.4,0,0.0,0,0.0,0.0,53282.15,53619.2,52783.45,53710.35,0,0.0,0.0,0.0,0.0,-0.01,-1,-1,-0.01,-1,-1,-0.01,-1,-1,-0.01,-1,-1,-0.01,-1,-1,-0.01,-1,-1,-0.01,-1,-1,-0.01,-1,-1,-0.01,-1,-1,-0.01,-1,-1
99926009,2026-05-18 14:36:46+05:30,53455.05,0,0.0,0,0.0,0.0,53282.15,53619.2,52783.45,53710.35,0,0.0,0.0,0.0,0.0,-0.01,-1,-1,-0.01,-1,-1,-0.01,-1,-1,-0.01,-1,-1,-0.01,-1,-1,-0.01,-1,-1,-0.01,-1,-1,-0.01,-1,-1,-0.01,-1,-1,-0.01,-1,-1
99926009,2026-05-18 14:36:46+05:30,53450.45,0,0.0,0,0.0,0.0,53282.15,53619.2,52783.45,53710.35,0,0.0,0.0,0.0,0.0,-0.01,-1,-1,-0.01,-1,-1,-0.01,-1,-1,-0.01,-1,-1,-0.01,-1,-1,-0.01,-1,-1,-0.01,-1,-1,-0.01,-1,-1,-0.01,-1,-1,-0.01,-1,-1
99926009,2026-05-18 14:36:47+05:30,53453.9,0,0.0,0,0.0,0.0,53282.15,53619.2,52783.45,53710.35,0,0.0,0.0,0.0,0.0,-0.01,-1,-1,-0.01,-1,-1,-0.01,-1,-1,-0.01,-1,-1,-0.01,-1,-1,-0.01,-1,-1,-0.01,-1,-1,-0.01,-1,-1,-0.01,-1,-1,-0.01,-1,-1
99926009,2026-05-18 14:36:47+05:30,53451.4,0,0.0,0,0.0,0.0,53282.15,53619.2,52783.45,53710.35,0,0.0,0.0,0.0,0.0,-0.01,-1,-1,-0.01,-1,-1,-0.01,-1,-1,-0.01,-1,-1,-0.01,-1,-1,-0.01,-1,-1,-0.01,-1,-1,-0.01,-1,-1,-0.01,-1,-1,-0.01,-1,-1
99926009,2026-05-18 14:36:48+05:30,53453.7,0,0.0,0,0.0,0.0,53282.15,53619.2,52783.45,53710.35,0,0.0,0.0,0.0,0.0,-0.01,-1,-1,-0.01,-1,-1,-0.01,-1,-1,-0.01,-1,-1,-0.01,-1,-1,-0.01,-1,-1,-0.01,-1,-1,-0.01,-1,-1,-0.01,-1,-1,-0.01,-1,-1
99926009,2026-05-18 14:36:48+05:30,53454.05,0,0.0,0,0.0,0.0,53282.15,53619.2,52783.45,53710.35,0,0.0,0.0,0.0,0.0,-0.01,-1,-1,-0.01,-1,-1,-0.01,-1,-1,-0.01,-1,-1,-0.01,-1,-1,-0.01,-1,-1,-0.01,-1,-1,-0.01,-1,-1,-0.01,-1,-1,-0.01,-1,-1
99926009,2026-05-18 14:36:49+05:30,53454.0,0,0.0,0,0.0,0.0,53282.15,53619.2,52783.45,53710.35,0,0.0,0.0,0.0,0.0,-0.01,-1,-1,-0.01,-1,-1,-0.01,-1,-1,-0.01,-1,-1,-0.01,-1,-1,-0.01,-1,-1,-0.01,-1,-1,-0.01,-1,-1,-0.01,-1,-1,-0.01,-1,-1
99926009,2026-05-18 14:36:49+05:30,53456.35,0,0.0,0,0.0,0.0,53282.15,53619.2,52783.45,53710.35,0,0.0,0.0,0.0,0.0,-0.01,-1,-1,-0.01,-1,-1,-0.01,-1,-1,-0.01,-1,-1,-0.01,-1,-1,-0.01,-1,-1,-0.01,-1,-1,-0.01,-1,-1,-0.01,-1,-1,-0.01,-1,-1
99926009,2026-05-18 14:36:50+05:30,53455.6,0,0.0,0,0.0,0.0,53282.15,53619.2,52783.45,53710.35,0,0.0,0.0,0.0,0.0,-0.01,-1,-1,-0.01,-1,-1,-0.01,-1,-1,-0.01,-1,-1,-0.01,-1,-1,-0.01,-1,-1,-0.01,-1,-1,-0.01,-1,-1,-0.01,-1,-1,-0.01,-1,-1
99926009,2026-05-18 14:36:50+05:30,53454.2,0,0.0,0,0.0,0.0,53282.15,53619.2,52783.45,53710.35,0,0.0,0.0,0.0,0.0,-0.01,-1,-1,-0.01,-1,-1,-0.01,-1,-1,-0.01,-1,-1,-0.01,-1,-1,-0.01,-1,-1,-0.01,-1,-1,-0.01,-1,-1,-0.01,-1,-1,-0.01,-1,-1
99926009,2026-05-18 14:36:51+05:30,53453.8,0,0.0,0,0.0,0.0,53282.15,53619.2,52783.45,53710.35,0,0.0,0.0,0.0,0.0,-0.01,-1,-1,-0.01,-1,-1,-0.01,-1,-1,-0.01,-1,-1,-0.01,-1,-1,-0.01,-1,-1,-0.01,-1,-1,-0.01,-1,-1,-0.01,-1,-1,-0.01,-1,-1
99926009,2026-05-18 14:36:51+05:30,53457.0,0,0.0,0,0.0,0.0,53282.15,53619.2,52783.45,53710.35,0,0.0,0.0,0.0,0.0,-0.01,-1,-1,-0.01,-1,-1,-0.01,-1,-1,-0.01,-1,-1,-0.01,-1,-1,-0.01,-1,-1,-0.01,-1,-1,-0.01,-1,-1,-0.01,-1,-1,-0.01,-1,-1
99926009,2026-05-18 14:36:52+05:30,53456.85,0,0.0,0,0.0,0.0,53282.15,53619.2,52783.45,53710.35,0,0.0,0.0,0.0,0.0,-0.01,-1,-1,-0.01,-1,-1,-0.01,-1,-1,-0.01,-1,-1,-0.01,-1,-1,-0.01,-1,-1,-0.01,-1,-1,-0.01,-1,-1,-0.01,-1,-1,-0.01,-1,-1
99926009,2026-05-18 14:36:52+05:30,53454.25,0,0.0,0,0.0,0.0,53282.15,53619.2,52783.45,53710.35,0,0.0,0.0,0.0,0.0,-0.01,-1,-1,-0.01,-1,-1,-0.01,-1,-1,-0.01,-1,-1,-0.01,-1,-1,-0.01,-1,-1,-0.01,-1,-1,-0.01,-1,-1,-0.01,-1,-1,-0.01,-1,-1
99926009,2026-05-18 14:36:53+05:30,53453.8,0,0.0,0,0.0,0.0,53282.15,53619.2,52783.45,53710.35,0,0.0,0.0,0.0,0.0,-0.01,-1,-1,-0.01,-1,-1,-0.01,-1,-1,-0.01,-1,-1,-0.01,-1,-1,-0.01,-1,-1,-0.01,-1,-1,-0.01,-1,-1,-0.01,-1,-1,-0.01,-1,-1
99926009,2026-05-18 14:36:53+05:30,53456.35,0,0.0,0,0.0,0.0,53282.15,53619.2,52783.45,53710.35,0,0.0,0.0,0.0,0.0,-0.01,-1,-1,-0.01,-1,-1,-0.01,-1,-1,-0.01,-1,-1,-0.01,-1,-1,-0.01,-1,-1,-0.01,-1,-1,-0.01,-1,-1,-0.01,-1,-1,-0.01,-1,-1
99926009,2026-05-18 14:36:54+05:30,53457.05,0,0.0,0,0.0,0.0,53282.15,53619.2,52783.45,53710.35,0,0.0,0.0,0.0,0.0,-0.01,-1,-1,-0.01,-1,-1,-0.01,-1,-1,-0.01,-1,-1,-0.01,-1,-1,-0.01,-1,-1,-0.01,-1,-1,-0.01,-1,-1,-0.01,-1,-1,-0.01,-1,-1
99926009,2026-05-18 14:36:54+05:30,53457.65,0,0.0,0,0.0,0.0,53282.15,53619.2,52783.45,53710.35,0,0.0,0.0,0.0,0.0,-0.01,-1,-1,-0.01,-1,-1,-0.01,-1,-1,-0.01,-1,-1,-0.01,-1,-1,-0.01,-1,-1,-0.01,-1,-1,-0.01,-1,-1,-0.01,-1,-1,-0.01,-1,-1
99926009,2026-05-18 14:36:55+05:30,53460.45,0,0.0,0,0.0,0.0,53282.15,53619.2,52783.45,53710.35,0,0.0,0.0,0.0,0.0,-0.01,-1,-1,-0.01,-1,-1,-0.01,-1,-1,-0.01,-1,-1,-0.01,-1,-1,-0.01,-1,-1,-0.01,-1,-1,-0.01,-1,-1,-0.01,-1,-1,-0.01,-1,-1
99926009,2026-05-18 14:36:55+05:30,53457.4,0,0.0,0,0.0,0.0,53282.15,53619.2,52783.45,53710.35,0,0.0,0.0,0.0,0.0,-0.01,-1,-1,-0.01,-1,-1,-0.01,-1,-1,-0.01,-1,-1,-0.01,-1,-1,-0.01,-1,-1,-0.01,-1,-1,-0.01,-1,-1,-0.01,-1,-1,-0.01,-1,-1
99926009,2026-05-18 14:36:56+05:30,53459.1,0,0.0,0,0.0,0.0,53282.15,53619.2,52783.45,53710.35,0,0.0,0.0,0.0,0.0,-0.01,-1,-1,-0.01,-1,-1,-0.01,-1,-1,-0.01,-1,-1,-0.01,-1,-1,-0.01,-1,-1,-0.01,-1,-1,-0.01,-1,-1,-0.01,-1,-1,-0.01,-1,-1
99926009,2026-05-18 14:36:56+05:30,53461.35,0,0.0,0,0.0,0.0,53282.15,53619.2,52783.45,53710.35,0,0.0,0.0,0.0,0.0,-0.01,-1,-1,-0.01,-1,-1,-0.01,-1,-1,-0.01,-1,-1,-0.01,-1,-1,-0.01,-1,-1,-0.01,-1,-1,-0.01,-1,-1,-0.01,-1,-1,-0.01,-1,-1
99926009,2026-05-18 14:36:57+05:30,53463.0,0,0.0,0,0.0,0.0,53282.15,53619.2,52783.45,53710.35,0,0.0,0.0,0.0,0.0,-0.01,-1,-1,-0.01,-1,-1,-0.01,-1,-1,-0.01,-1,-1,-0.01,-1,-1,-0.01,-1,-1,-0.01,-1,-1,-0.01,-1,-1,-0.01,-1,-1,-0.01,-1,-1
99926009,2026-05-18 14:36:57+05:30,53458.3,0,0.0,0,0.0,0.0,53282.15,53619.2,52783.45,53710.35,0,0.0,0.0,0.0,0.0,-0.01,-1,-1,-0.01,-1,-1,-0.01,-1,-1,-0.01,-1,-1,-0.01,-1,-1,-0.01,-1,-1,-0.01,-1,-1,-0.01,-1,-1,-0.01,-1,-1,-0.01,-1,-1
99926009,2026-05-18 14:36:58+05:30,53457.7,0,0.0,0,0.0,0.0,53282.15,53619.2,52783.45,53710.35,0,0.0,0.0,0.0,0.0,-0.01,-1,-1,-0.01,-1,-1,-0.01,-1,-1,-0.01,-1,-1,-0.01,-1,-1,-0.01,-1,-1,-0.01,-1,-1,-0.01,-1,-1,-0.01,-1,-1,-0.01,-1,-1
99926009,2026-05-18 14:36:58+05:30,53458.1,0,0.0,0,0.0,0.0,53282.15,53619.2,52783.45,53710.35,0,0.0,0.0,0.0,0.0,-0.01,-1,-1,-0.01,-1,-1,-0.01,-1,-1,-0.01,-1,-1,-0.01,-1,-1,-0.01,-1,-1,-0.01,-1,-1,-0.01,-1,-1,-0.01,-1,-1,-0.01,-1,-1
99926009,2026-05-18 14:36:59+05:30,53459.7,0,0.0,0,0.0,0.0,53282.15,53619.2,52783.45,53710.35,0,0.0,0.0,0.0,0.0,-0.01,-1,-1,-0.01,-1,-1,-0.01,-1,-1,-0.01,-1,-1,-0.01,-1,-1,-0.01,-1,-1,-0.01,-1,-1,-0.01,-1,-1,-0.01,-1,-1,-0.01,-1,-1
99926009,2026-05-18 14:36:59+05:30,53460.1,0,0.0,0,0.0,0.0,53282.15,53619.2,52783.45,53710.35,0,0.0,0.0,0.0,0.0,-0.01,-1,-1,-0.01,-1,-1,-0.01,-1,-1,-0.01,-1,-1,-0.01,-1,-1,-0.01,-1,-1,-0.01,-1,-1,-0.01,-1,-1,-0.01,-1,-1,-0.01,-1,-1
99926009,2026-05-18 14:37:00+05:30,53456.7,0,0.0,0,0.0,0.0,53282.15,53619.2,52783.45,53710.35,0,0.0,0.0,0.0,0.0,-0.01,-1,-1,-0.01,-1,-1,-0.01,-1,-1,-0.01,-1,-1,-0.01,-1,-1,-0.01,-1,-1,-0.01,-1,-1,-0.01,-1,-1,-0.01,-1,-1,-0.01,-1,-1
99926009,2026-05-18 14:37:00+05:30,53459.1,0,0.0,0,0.0,0.0,53282.15,53619.2,52783.45,53710.35,0,0.0,0.0,0.0,0.0,-0.01,-1,-1,-0.01,-1,-1,-0.01,-1,-1,-0.01,-1,-1,-0.01,-1,-1,-0.01,-1,-1,-0.01,-1,-1,-0.01,-1,-1,-0.01,-1,-1,-0.01,-1,-1
99926009,2026-05-18 14:37:01+05:30,53454.75,0,0.0,0,0.0,0.0,53282.15,53619.2,52783.45,53710.35,0,0.0,0.0,0.0,0.0,-0.01,-1,-1,-0.01,-1,-1,-0.01,-1,-1,-0.01,-1,-1,-0.01,-1,-1,-0.01,-1,-1,-0.01,-1,-1,-0.01,-1,-1,-0.01,-1,-1,-0.01,-1,-1
99926009,2026-05-18 14:37:01+05:30,53459.4,0,0.0,0,0.0,0.0,53282.15,53619.2,52783.45,53710.35,0,0.0,0.0,0.0,0.0,-0.01,-1,-1,-0.01,-1,-1,-0.01,-1,-1,-0.01,-1,-1,-0.01,-1,-1,-0.01,-1,-1,-0.01,-1,-1,-0.01,-1,-1,-0.01,-1,-1,-0.01,-1,-1
99926009,2026-05-18 14:37:02+05:30,53457.6,0,0.0,0,0.0,0.0,53282.15,53619.2,52783.45,53710.35,0,0.0,0.0,0.0,0.0,-0.01,-1,-1,-0.01,-1,-1,-0.01,-1,-1,-0.01,-1,-1,-0.01,-1,-1,-0.01,-1,-1,-0.01,-1,-1,-0.01,-1,-1,-0.01,-1,-1,-0.01,-1,-1
99926009,2026-05-18 14:37:02+05:30,53456.75,0,0.0,0,0.0,0.0,53282.15,53619.2,52783.45,53710.35,0,0.0,0.0,0.0,0.0,-0.01,-1,-1,-0.01,-1,-1,-0.01,-1,-1,-0.01,-1,-1,-0.01,-1,-1,-0.01,-1,-1,-0.01,-1,-1,-0.01,-1,-1,-0.01,-1,-1,-0.01,-1,-1
99926009,2026-05-18 14:37:03+05:30,53456.95,0,0.0,0,0.0,0.0,53282.15,53619.2,52783.45,53710.35,0,0.0,0.0,0.0,0.0,-0.01,-1,-1,-0.01,-1,-1,-0.01,-1,-1,-0.01,-1,-1,-0.01,-1,-1,-0.01,-1,-1,-0.01,-1,-1,-0.01,-1,-1,-0.01,-1,-1,-0.01,-1,-1
99926009,2026-05-18 14:37:03+05:30,53457.35,0,0.0,0,0.0,0.0,53282.15,53619.2,52783.45,53710.35,0,0.0,0.0,0.0,0.0,-0.01,-1,-1,-0.01,-1,-1,-0.01,-1,-1,-0.01,-1,-1,-0.01,-1,-1,-0.01,-1,-1,-0.01,-1,-1,-0.01,-1,-1,-0.01,-1,-1,-0.01,-1,-1
99926009,2026-05-18 14:37:04+05:30,53461.3,0,0.0,0,0.0,0.0,53282.15,53619.2,52783.45,53710.35,0,0.0,0.0,0.0,0.0,-0.01,-1,-1,-0.01,-1,-1,-0.01,-1,-1,-0.01,-1,-1,-0.01,-1,-1,-0.01,-1,-1,-0.01,-1,-1,-0.01,-1,-1,-0.01,-1,-1,-0.01,-1,-1
99926009,2026-05-18 14:37:04+05:30,53459.5,0,0.0,0,0.0,0.0,53282.15,53619.2,52783.45,53710.35,0,0.0,0.0,0.0,0.0,-0.01,-1,-1,-0.01,-1,-1,-0.01,-1,-1,-0.01,-1,-1,-0.01,-1,-1,-0.01,-1,-1,-0.01,-1,-1,-0.01,-1,-1,-0.01,-1,-1,-0.01,-1,-1
99926009,2026-05-18 14:37:05+05:30,53461.0,0,0.0,0,0.0,0.0,53282.15,53619.2,52783.45,53710.35,0,0.0,0.0,0.0,0.0,-0.01,-1,-1,-0.01,-1,-1,-0.01,-1,-1,-0.01,-1,-1,-0.01,-1,-1,-0.01,-1,-1,-0.01,-1,-1,-0.01,-1,-1,-0.01,-1,-1,-0.01,-1,-1
99926009,2026-05-18 14:37:05+05:30,53460.25,0,0.0,0,0.0,0.0,53282.15,53619.2,52783.45,53710.35,0,0.0,0.0,0.0,0.0,-0.01,-1,-1,-0.01,-1,-1,-0.01,-1,-1,-0.01,-1,-1,-0.01,-1,-1,-0.01,-1,-1,-0.01,-1,-1,-0.01,-1,-1,-0.01,-1,-1,-0.01,-1,-1
99926009,2026-05-18 14:37:06+05:30,53460.5,0,0.0,0,0.0,0.0,53282.15,53619.2,52783.45,53710.35,0,0.0,0.0,0.0,0.0,-0.01,-1,-1,-0.01,-1,-1,-0.01,-1,-1,-0.01,-1,-1,-0.01,-1,-1,-0.01,-1,-1,-0.01,-1,-1,-0.01,-1,-1,-0.01,-1,-1,-0.01,-1,-1
99926009,2026-05-18 14:37:06+05:30,53461.2,0,0.0,0,0.0,0.0,53282.15,53619.2,52783.45,53710.35,0,0.0,0.0,0.0,0.0,-0.01,-1,-1,-0.01,-1,-1,-0.01,-1,-1,-0.01,-1,-1,-0.01,-1,-1,-0.01,-1,-1,-0.01,-1,-1,-0.01,-1,-1,-0.01,-1,-1,-0.01,-1,-1
99926009,2026-05-18 14:37:07+05:30,53461.95,0,0.0,0,0.0,0.0,53282.15,53619.2,52783.45,53710.35,0,0.0,0.0,0.0,0.0,-0.01,-1,-1,-0.01,-1,-1,-0.01,-1,-1,-0.01,-1,-1,-0.01,-1,-1,-0.01,-1,-1,-0.01,-1,-1,-0.01,-1,-1,-0.01,-1,-1,-0.01,-1,-1
99926009,2026-05-18 14:37:07+05:30,53460.2,0,0.0,0,0.0,0.0,53282.15,53619.2,52783.45,53710.35,0,0.0,0.0,0.0,0.0,-0.01,-1,-1,-0.01,-1,-1,-0.01,-1,-1,-0.01,-1,-1,-0.01,-1,-1,-0.01,-1,-1,-0.01,-1,-1,-0.01,-1,-1,-0.01,-1,-1,-0.01,-1,-1
99926009,2026-05-18 14:37:08+05:30,53461.85,0,0.0,0,0.0,0.0,53282.15,53619.2,52783.45,53710.35,0,0.0,0.0,0.0,0.0,-0.01,-1,-1,-0.01,-1,-1,-0.01,-1,-1,-0.01,-1,-1,-0.01,-1,-1,-0.01,-1,-1,-0.01,-1,-1,-0.01,-1,-1,-0.01,-1,-1,-0.01,-1,-1
99926009,2026-05-18 14:37:08+05:30,53461.95,0,0.0,0,0.0,0.0,53282.15,53619.2,52783.45,53710.35,0,0.0,0.0,0.0,0.0,-0.01,-1,-1,-0.01,-1,-1,-0.01,-1,-1,-0.01,-1,-1,-0.01,-1,-1,-0.01,-1,-1,-0.01,-1,-1,-0.01,-1,-1,-0.01,-1,-1,-0.01,-1,-1
99926009,2026-05-18 14:37:09+05:30,53462.25,0,0.0,0,0.0,0.0,53282.15,53619.2,52783.45,53710.35,0,0.0,0.0,0.0,0.0,-0.01,-1,-1,-0.01,-1,-1,-0.01,-1,-1,-0.01,-1,-1,-0.01,-1,-1,-0.01,-1,-1,-0.01,-1,-1,-0.01,-1,-1,-0.01,-1,-1,-0.01,-1,-1
99926009,2026-05-18 14:37:09+05:30,53463.7,0,0.0,0,0.0,0.0,53282.15,53619.2,52783.45,53710.35,0,0.0,0.0,0.0,0.0,-0.01,-1,-1,-0.01,-1,-1,-0.01,-1,-1,-0.01,-1,-1,-0.01,-1,-1,-0.01,-1,-1,-0.01,-1,-1,-0.01,-1,-1,-0.01,-1,-1,-0.01,-1,-1
99926009,2026-05-18 14:37:10+05:30,53461.6,0,0.0,0,0.0,0.0,53282.15,53619.2,52783.45,53710.35,0,0.0,0.0,0.0,0.0,-0.01,-1,-1,-0.01,-1,-1,-0.01,-1,-1,-0.01,-1,-1,-0.01,-1,-1,-0.01,-1,-1,-0.01,-1,-1,-0.01,-1,-1,-0.01,-1,-1,-0.01,-1,-1
99926009,2026-05-18 14:37:10+05:30,53462.0,0,0.0,0,0.0,0.0,53282.15,53619.2,52783.45,53710.35,0,0.0,0.0,0.0,0.0,-0.01,-1,-1,-0.01,-1,-1,-0.01,-1,-1,-0.01,-1,-1,-0.01,-1,-1,-0.01,-1,-1,-0.01,-1,-1,-0.01,-1,-1,-0.01,-1,-1,-0.01,-1,-1
99926009,2026-05-18 14:37:11+05:30,53460.6,0,0.0,0,0.0,0.0,53282.15,53619.2,52783.45,53710.35,0,0.0,0.0,0.0,0.0,-0.01,-1,-1,-0.01,-1,-1,-0.01,-1,-1,-0.01,-1,-1,-0.01,-1,-1,-0.01,-1,-1,-0.01,-1,-1,-0.01,-1,-1,-0.01,-1,-1,-0.01,-1,-1
99926009,2026-05-18 14:37:11+05:30,53461.2,0,0.0,0,0.0,0.0,53282.15,53619.2,52783.45,53710.35,0,0.0,0.0,0.0,0.0,-0.01,-1,-1,-0.01,-1,-1,-0.01,-1,-1,-0.01,-1,-1,-0.01,-1,-1,-0.01,-1,-1,-0.01,-1,-1,-0.01,-1,-1,-0.01,-1,-1,-0.01,-1,-1
99926009,2026-05-18 14:37:12+05:30,53460.65,0,0.0,0,0.0,0.0,53282.15,53619.2,52783.45,53710.35,0,0.0,0.0,0.0,0.0,-0.01,-1,-1,-0.01,-1,-1,-0.01,-1,-1,-0.01,-1,-1,-0.01,-1,-1,-0.01,-1,-1,-0.01,-1,-1,-0.01,-1,-1,-0.01,-1,-1,-0.01,-1,-1
99926009,2026-05-18 14:37:12+05:30,53459.7,0,0.0,0,0.0,0.0,53282.15,53619.2,52783.45,53710.35,0,0.0,0.0,0.0,0.0,-0.01,-1,-1,-0.01,-1,-1,-0.01,-1,-1,-0.01,-1,-1,-0.01,-1,-1,-0.01,-1,-1,-0.01,-1,-1,-0.01,-1,-1,-0.01,-1,-1,-0.01,-1,-1
99926009,2026-05-18 14:37:13+05:30,53458.8,0,0.0,0,0.0,0.0,53282.15,53619.2,52783.45,53710.35,0,0.0,0.0,0.0,0.0,-0.01,-1,-1,-0.01,-1,-1,-0.01,-1,-1,-0.01,-1,-1,-0.01,-1,-1,-0.01,-1,-1,-0.01,-1,-1,-0.01,-1,-1,-0.01,-1,-1,-0.01,-1,-1
99926009,2026-05-18 14:37:13+05:30,53458.85,0,0.0,0,0.0,0.0,53282.15,53619.2,52783.45,53710.35,0,0.0,0.0,0.0,0.0,-0.01,-1,-1,-0.01,-1,-1,-0.01,-1,-1,-0.01,-1,-1,-0.01,-1,-1,-0.01,-1,-1,-0.01,-1,-1,-0.01,-1,-1,-0.01,-1,-1,-0.01,-1,-1
99926009,2026-05-18 14:37:14+05:30,53460.85,0,0.0,0,0.0,0.0,53282.15,53619.2,52783.45,53710.35,0,0.0,0.0,0.0,0.0,-0.01,-1,-1,-0.01,-1,-1,-0.01,-1,-1,-0.01,-1,-1,-0.01,-1,-1,-0.01,-1,-1,-0.01,-1,-1,-0.01,-1,-1,-0.01,-1,-1,-0.01,-1,-1
99926009,2026-05-18 14:37:14+05:30,53459.95,0,0.0,0,0.0,0.0,53282.15,53619.2,52783.45,53710.35,0,0.0,0.0,0.0,0.0,-0.01,-1,-1,-0.01,-1,-1,-0.01,-1,-1,-0.01,-1,-1,-0.01,-1,-1,-0.01,-1,-1,-0.01,-1,-1,-0.01,-1,-1,-0.01,-1,-1,-0.01,-1,-1
99926009,2026-05-18 14:37:15+05:30,53458.85,0,0.0,0,0.0,0.0,53282.15,53619.2,52783.45,53710.35,0,0.0,0.0,0.0,0.0,-0.01,-1,-1,-0.01,-1,-1,-0.01,-1,-1,-0.01,-1,-1,-0.01,-1,-1,-0.01,-1,-1,-0.01,-1,-1,-0.01,-1,-1,-0.01,-1,-1,-0.01,-1,-1
99926009,2026-05-18 14:37:15+05:30,53457.95,0,0.0,0,0.0,0.0,53282.15,53619.2,52783.45,53710.35,0,0.0,0.0,0.0,0.0,-0.01,-1,-1,-0.01,-1,-1,-0.01,-1,-1,-0.01,-1,-1,-0.01,-1,-1,-0.01,-1,-1,-0.01,-1,-1,-0.01,-1,-1,-0.01,-1,-1,-0.01,-1,-1
99926009,2026-05-18 14:37:16+05:30,53456.5,0,0.0,0,0.0,0.0,53282.15,53619.2,52783.45,53710.35,0,0.0,0.0,0.0,0.0,-0.01,-1,-1,-0.01,-1,-1,-0.01,-1,-1,-0.01,-1,-1,-0.01,-1,-1,-0.01,-1,-1,-0.01,-1,-1,-0.01,-1,-1,-0.01,-1,-1,-0.01,-1,-1
99926009,2026-05-18 14:37:16+05:30,53460.3,0,0.0,0,0.0,0.0,53282.15,53619.2,52783.45,53710.35,0,0.0,0.0,0.0,0.0,-0.01,-1,-1,-0.01,-1,-1,-0.01,-1,-1,-0.01,-1,-1,-0.01,-1,-1,-0.01,-1,-1,-0.01,-1,-1,-0.01,-1,-1,-0.01,-1,-1,-0.01,-1,-1
99926009,2026-05-18 14:37:17+05:30,53457.15,0,0.0,0,0.0,0.0,53282.15,53619.2,52783.45,53710.35,0,0.0,0.0,0.0,0.0,-0.01,-1,-1,-0.01,-1,-1,-0.01,-1,-1,-0.01,-1,-1,-0.01,-1,-1,-0.01,-1,-1,-0.01,-1,-1,-0.01,-1,-1,-0.01,-1,-1,-0.01,-1,-1
99926009,2026-05-18 14:37:17+05:30,53456.75,0,0.0,0,0.0,0.0,53282.15,53619.2,52783.45,53710.35,0,0.0,0.0,0.0,0.0,-0.01,-1,-1,-0.01,-1,-1,-0.01,-1,-1,-0.01,-1,-1,-0.01,-1,-1,-0.01,-1,-1,-0.01,-1,-1,-0.01,-1,-1,-0.01,-1,-1,-0.01,-1,-1
99926009,2026-05-18 14:37:18+05:30,53454.15,0,0.0,0,0.0,0.0,53282.15,53619.2,52783.45,53710.35,0,0.0,0.0,0.0,0.0,-0.01,-1,-1,-0.01,-1,-1,-0.01,-1,-1,-0.01,-1,-1,-0.01,-1,-1,-0.01,-1,-1,-0.01,-1,-1,-0.01,-1,-1,-0.01,-1,-1,-0.01,-1,-1
99926009,2026-05-18 14:37:18+05:30,53455.1,0,0.0,0,0.0,0.0,53282.15,53619.2,52783.45,53710.35,0,0.0,0.0,0.0,0.0,-0.01,-1,-1,-0.01,-1,-1,-0.01,-1,-1,-0.01,-1,-1,-0.01,-1,-1,-0.01,-1,-1,-0.01,-1,-1,-0.01,-1,-1,-0.01,-1,-1,-0.01,-1,-1
99926009,2026-05-18 14:37:19+05:30,53455.4,0,0.0,0,0.0,0.0,53282.15,53619.2,52783.45,53710.35,0,0.0,0.0,0.0,0.0,-0.01,-1,-1,-0.01,-1,-1,-0.01,-1,-1,-0.01,-1,-1,-0.01,-1,-1,-0.01,-1,-1,-0.01,-1,-1,-0.01,-1,-1,-0.01,-1,-1,-0.01,-1,-1
99926009,2026-05-18 14:37:19+05:30,53456.3,0,0.0,0,0.0,0.0,53282.15,53619.2,52783.45,53710.35,0,0.0,0.0,0.0,0.0,-0.01,-1,-1,-0.01,-1,-1,-0.01,-1,-1,-0.01,-1,-1,-0.01,-1,-1,-0.01,-1,-1,-0.01,-1,-1,-0.01,-1,-1,-0.01,-1,-1,-0.01,-1,-1
99926009,2026-05-18 14:37:20+05:30,53456.6,0,0.0,0,0.0,0.0,53282.15,53619.2,52783.45,53710.35,0,0.0,0.0,0.0,0.0,-0.01,-1,-1,-0.01,-1,-1,-0.01,-1,-1,-0.01,-1,-1,-0.01,-1,-1,-0.01,-1,-1,-0.01,-1,-1,-0.01,-1,-1,-0.01,-1,-1,-0.01,-1,-1
99926009,2026-05-18 14:37:20+05:30,53457.0,0,0.0,0,0.0,0.0,53282.15,53619.2,52783.45,53710.35,0,0.0,0.0,0.0,0.0,-0.01,-1,-1,-0.01,-1,-1,-0.01,-1,-1,-0.01,-1,-1,-0.01,-1,-1,-0.01,-1,-1,-0.01,-1,-1,-0.01,-1,-1,-0.01,-1,-1,-0.01,-1,-1
99926009,2026-05-18 14:37:21+05:30,53456.85,0,0.0,0,0.0,0.0,53282.15,53619.2,52783.45,53710.35,0,0.0,0.0,0.0,0.0,-0.01,-1,-1,-0.01,-1,-1,-0.01,-1,-1,-0.01,-1,-1,-0.01,-1,-1,-0.01,-1,-1,-0.01,-1,-1,-0.01,-1,-1,-0.01,-1,-1,-0.01,-1,-1
99926009,2026-05-18 14:37:21+05:30,53456.55,0,0.0,0,0.0,0.0,53282.15,53619.2,52783.45,53710.35,0,0.0,0.0,0.0,0.0,-0.01,-1,-1,-0.01,-1,-1,-0.01,-1,-1,-0.01,-1,-1,-0.01,-1,-1,-0.01,-1,-1,-0.01,-1,-1,-0.01,-1,-1,-0.01,-1,-1,-0.01,-1,-1
99926009,2026-05-18 14:37:22+05:30,53456.4,0,0.0,0,0.0,0.0,53282.15,53619.2,52783.45,53710.35,0,0.0,0.0,0.0,0.0,-0.01,-1,-1,-0.01,-1,-1,-0.01,-1,-1,-0.01,-1,-1,-0.01,-1,-1,-0.01,-1,-1,-0.01,-1,-1,-0.01,-1,-1,-0.01,-1,-1,-0.01,-1,-1
99926009,2026-05-18 14:37:22+05:30,53455.8,0,0.0,0,0.0,0.0,53282.15,53619.2,52783.45,53710.35,0,0.0,0.0,0.0,0.0,-0.01,-1,-1,-0.01,-1,-1,-0.01,-1,-1,-0.01,-1,-1,-0.01,-1,-1,-0.01,-1,-1,-0.01,-1,-1,-0.01,-1,-1,-0.01,-1,-1,-0.01,-1,-1
99926009,2026-05-18 14:37:23+05:30,53454.0,0,0.0,0,0.0,0.0,53282.15,53619.2,52783.45,53710.35,0,0.0,0.0,0.0,0.0,-0.01,-1,-1,-0.01,-1,-1,-0.01,-1,-1,-0.01,-1,-1,-0.01,-1,-1,-0.01,-1,-1,-0.01,-1,-1,-0.01,-1,-1,-0.01,-1,-1,-0.01,-1,-1
99926009,2026-05-18 14:37:23+05:30,53452.8,0,0.0,0,0.0,0.0,53282.15,53619.2,52783.45,53710.35,0,0.0,0.0,0.0,0.0,-0.01,-1,-1,-0.01,-1,-1,-0.01,-1,-1,-0.01,-1,-1,-0.01,-1,-1,-0.01,-1,-1,-0.01,-1,-1,-0.01,-1,-1,-0.01,-1,-1,-0.01,-1,-1
99926009,2026-05-18 14:37:24+05:30,53453.95,0,0.0,0,0.0,0.0,53282.15,53619.2,52783.45,53710.35,0,0.0,0.0,0.0,0.0,-0.01,-1,-1,-0.01,-1,-1,-0.01,-1,-1,-0.01,-1,-1,-0.01,-1,-1,-0.01,-1,-1,-0.01,-1,-1,-0.01,-1,-1,-0.01,-1,-1,-0.01,-1,-1
99926009,2026-05-18 14:37:24+05:30,53453.3,0,0.0,0,0.0,0.0,53282.15,53619.2,52783.45,53710.35,0,0.0,0.0,0.0,0.0,-0.01,-1,-1,-0.01,-1,-1,-0.01,-1,-1,-0.01,-1,-1,-0.01,-1,-1,-0.01,-1,-1,-0.01,-1,-1,-0.01,-1,-1,-0.01,-1,-1,-0.01,-1,-1
99926009,2026-05-18 14:37:25+05:30,53451.8,0,0.0,0,0.0,0.0,53282.15,53619.2,52783.45,53710.35,0,0.0,0.0,0.0,0.0,-0.01,-1,-1,-0.01,-1,-1,-0.01,-1,-1,-0.01,-1,-1,-0.01,-1,-1,-0.01,-1,-1,-0.01,-1,-1,-0.01,-1,-1,-0.01,-1,-1,-0.01,-1,-1
99926009,2026-05-18 14:37:25+05:30,53453.9,0,0.0,0,0.0,0.0,53282.15,53619.2,52783.45,53710.35,0,0.0,0.0,0.0,0.0,-0.01,-1,-1,-0.01,-1,-1,-0.01,-1,-1,-0.01,-1,-1,-0.01,-1,-1,-0.01,-1,-1,-0.01,-1,-1,-0.01,-1,-1,-0.01,-1,-1,-0.01,-1,-1
99926009,2026-05-18 14:37:26+05:30,53455.75,0,0.0,0,0.0,0.0,53282.15,53619.2,52783.45,53710.35,0,0.0,0.0,0.0,0.0,-0.01,-1,-1,-0.01,-1,-1,-0.01,-1,-1,-0.01,-1,-1,-0.01,-1,-1,-0.01,-1,-1,-0.01,-1,-1,-0.01,-1,-1,-0.01,-1,-1,-0.01,-1,-1
99926009,2026-05-18 14:37:26+05:30,53452.6,0,0.0,0,0.0,0.0,53282.15,53619.2,52783.45,53710.35,0,0.0,0.0,0.0,0.0,-0.01,-1,-1,-0.01,-1,-1,-0.01,-1,-1,-0.01,-1,-1,-0.01,-1,-1,-0.01,-1,-1,-0.01,-1,-1,-0.01,-1,-1,-0.01,-1,-1,-0.01,-1,-1
99926009,2026-05-18 14:37:27+05:30,53453.95,0,0.0,0,0.0,0.0,53282.15,53619.2,52783.45,53710.35,0,0.0,0.0,0.0,0.0,-0.01,-1,-1,-0.01,-1,-1,-0.01,-1,-1,-0.01,-1,-1,-0.01,-1,-1,-0.01,-1,-1,-0.01,-1,-1,-0.01,-1,-1,-0.01,-1,-1,-0.01,-1,-1
99926009,2026-05-18 14:37:27+05:30,53453.5,0,0.0,0,0.0,0.0,53282.15,53619.2,52783.45,53710.35,0,0.0,0.0,0.0,0.0,-0.01,-1,-1,-0.01,-1,-1,-0.01,-1,-1,-0.01,-1,-1,-0.01,-1,-1,-0.01,-1,-1,-0.01,-1,-1,-0.01,-1,-1,-0.01,-1,-1,-0.01,-1,-1
99926009,2026-05-18 14:37:28+05:30,53453.3,0,0.0,0,0.0,0.0,53282.15,53619.2,52783.45,53710.35,0,0.0,0.0,0.0,0.0,-0.01,-1,-1,-0.01,-1,-1,-0.01,-1,-1,-0.01,-1,-1,-0.01,-1,-1,-0.01,-1,-1,-0.01,-1,-1,-0.01,-1,-1,-0.01,-1,-1,-0.01,-1,-1
99926009,2026-05-18 14:37:28+05:30,53455.0,0,0.0,0,0.0,0.0,53282.15,53619.2,52783.45,53710.35,0,0.0,0.0,0.0,0.0,-0.01,-1,-1,-0.01,-1,-1,-0.01,-1,-1,-0.01,-1,-1,-0.01,-1,-1,-0.01,-1,-1,-0.01,-1,-1,-0.01,-1,-1,-0.01,-1,-1,-0.01,-1,-1
99926009,2026-05-18 14:37:29+05:30,53455.25,0,0.0,0,0.0,0.0,53282.15,53619.2,52783.45,53710.35,0,0.0,0.0,0.0,0.0,-0.01,-1,-1,-0.01,-1,-1,-0.01,-1,-1,-0.01,-1,-1,-0.01,-1,-1,-0.01,-1,-1,-0.01,-1,-1,-0.01,-1,-1,-0.01,-1,-1,-0.01,-1,-1
99926009,2026-05-18 14:37:29+05:30,53451.7,0,0.0,0,0.0,0.0,53282.15,53619.2,52783.45,53710.35,0,0.0,0.0,0.0,0.0,-0.01,-1,-1,-0.01,-1,-1,-0.01,-1,-1,-0.01,-1,-1,-0.01,-1,-1,-0.01,-1,-1,-0.01,-1,-1,-0.01,-1,-1,-0.01,-1,-1,-0.01,-1,-1
99926009,2026-05-18 14:37:30+05:30,53452.05,0,0.0,0,0.0,0.0,53282.15,53619.2,52783.45,53710.35,0,0.0,0.0,0.0,0.0,-0.01,-1,-1,-0.01,-1,-1,-0.01,-1,-1,-0.01,-1,-1,-0.01,-1,-1,-0.01,-1,-1,-0.01,-1,-1,-0.01,-1,-1,-0.01,-1,-1,-0.01,-1,-1
99926009,2026-05-18 14:37:30+05:30,53451.1,0,0.0,0,0.0,0.0,53282.15,53619.2,52783.45,53710.35,0,0.0,0.0,0.0,0.0,-0.01,-1,-1,-0.01,-1,-1,-0.01,-1,-1,-0.01,-1,-1,-0.01,-1,-1,-0.01,-1,-1,-0.01,-1,-1,-0.01,-1,-1,-0.01,-1,-1,-0.01,-1,-1
99926009,2026-05-18 14:37:31+05:30,53450.45,0,0.0,0,0.0,0.0,53282.15,53619.2,52783.45,53710.35,0,0.0,0.0,0.0,0.0,-0.01,-1,-1,-0.01,-1,-1,-0.01,-1,-1,-0.01,-1,-1,-0.01,-1,-1,-0.01,-1,-1,-0.01,-1,-1,-0.01,-1,-1,-0.01,-1,-1,-0.01,-1,-1
99926009,2026-05-18 14:37:31+05:30,53446.1,0,0.0,0,0.0,0.0,53282.15,53619.2,52783.45,53710.35,0,0.0,0.0,0.0,0.0,-0.01,-1,-1,-0.01,-1,-1,-0.01,-1,-1,-0.01,-1,-1,-0.01,-1,-1,-0.01,-1,-1,-0.01,-1,-1,-0.01,-1,-1,-0.01,-1,-1,-0.01,-1,-1
99926009,2026-05-18 14:37:32+05:30,53446.55,0,0.0,0,0.0,0.0,53282.15,53619.2,52783.45,53710.35,0,0.0,0.0,0.0,0.0,-0.01,-1,-1,-0.01,-1,-1,-0.01,-1,-1,-0.01,-1,-1,-0.01,-1,-1,-0.01,-1,-1,-0.01,-1,-1,-0.01,-1,-1,-0.01,-1,-1,-0.01,-1,-1
99926009,2026-05-18 14:37:32+05:30,53443.65,0,0.0,0,0.0,0.0,53282.15,53619.2,52783.45,53710.35,0,0.0,0.0,0.0,0.0,-0.01,-1,-1,-0.01,-1,-1,-0.01,-1,-1,-0.01,-1,-1,-0.01,-1,-1,-0.01,-1,-1,-0.01,-1,-1,-0.01,-1,-1,-0.01,-1,-1,-0.01,-1,-1
99926009,2026-05-18 14:37:33+05:30,53447.35,0,0.0,0,0.0,0.0,53282.15,53619.2,52783.45,53710.35,0,0.0,0.0,0.0,0.0,-0.01,-1,-1,-0.01,-1,-1,-0.01,-1,-1,-0.01,-1,-1,-0.01,-1,-1,-0.01,-1,-1,-0.01,-1,-1,-0.01,-1,-1,-0.01,-1,-1,-0.01,-1,-1
99926009,2026-05-18 14:37:33+05:30,53447.15,0,0.0,0,0.0,0.0,53282.15,53619.2,52783.45,53710.35,0,0.0,0.0,0.0,0.0,-0.01,-1,-1,-0.01,-1,-1,-0.01,-1,-1,-0.01,-1,-1,-0.01,-1,-1,-0.01,-1,-1,-0.01,-1,-1,-0.01,-1,-1,-0.01,-1,-1,-0.01,-1,-1
99926009,2026-05-18 14:37:34+05:30,53447.15,0,0.0,0,0.0,0.0,53282.15,53619.2,52783.45,53710.35,0,0.0,0.0,0.0,0.0,-0.01,-1,-1,-0.01,-1,-1,-0.01,-1,-1,-0.01,-1,-1,-0.01,-1,-1,-0.01,-1,-1,-0.01,-1,-1,-0.01,-1,-1,-0.01,-1,-1,-0.01,-1,-1
99926009,2026-05-18 14:37:34+05:30,53442.75,0,0.0,0,0.0,0.0,53282.15,53619.2,52783.45,53710.35,0,0.0,0.0,0.0,0.0,-0.01,-1,-1,-0.01,-1,-1,-0.01,-1,-1,-0.01,-1,-1,-0.01,-1,-1,-0.01,-1,-1,-0.01,-1,-1,-0.01,-1,-1,-0.01,-1,-1,-0.01,-1,-1
99926009,2026-05-18 14:37:35+05:30,53441.35,0,0.0,0,0.0,0.0,53282.15,53619.2,52783.45,53710.35,0,0.0,0.0,0.0,0.0,-0.01,-1,-1,-0.01,-1,-1,-0.01,-1,-1,-0.01,-1,-1,-0.01,-1,-1,-0.01,-1,-1,-0.01,-1,-1,-0.01,-1,-1,-0.01,-1,-1,-0.01,-1,-1
99926009,2026-05-18 14:37:35+05:30,53443.15,0,0.0,0,0.0,0.0,53282.15,53619.2,52783.45,53710.35,0,0.0,0.0,0.0,0.0,-0.01,-1,-1,-0.01,-1,-1,-0.01,-1,-1,-0.01,-1,-1,-0.01,-1,-1,-0.01,-1,-1,-0.01,-1,-1,-0.01,-1,-1,-0.01,-1,-1,-0.01,-1,-1
99926009,2026-05-18 14:37:36+05:30,53445.0,0,0.0,0,0.0,0.0,53282.15,53619.2,52783.45,53710.35,0,0.0,0.0,0.0,0.0,-0.01,-1,-1,-0.01,-1,-1,-0.01,-1,-1,-0.01,-1,-1,-0.01,-1,-1,-0.01,-1,-1,-0.01,-1,-1,-0.01,-1,-1,-0.01,-1,-1,-0.01,-1,-1
99926009,2026-05-18 14:37:36+05:30,53447.5,0,0.0,0,0.0,0.0,53282.15,53619.2,52783.45,53710.35,0,0.0,0.0,0.0,0.0,-0.01,-1,-1,-0.01,-1,-1,-0.01,-1,-1,-0.01,-1,-1,-0.01,-1,-1,-0.01,-1,-1,-0.01,-1,-1,-0.01,-1,-1,-0.01,-1,-1,-0.01,-1,-1
99926009,2026-05-18 14:37:37+05:30,53447.85,0,0.0,0,0.0,0.0,53282.15,53619.2,52783.45,53710.35,0,0.0,0.0,0.0,0.0,-0.01,-1,-1,-0.01,-1,-1,-0.01,-1,-1,-0.01,-1,-1,-0.01,-1,-1,-0.01,-1,-1,-0.01,-1,-1,-0.01,-1,-1,-0.01,-1,-1,-0.01,-1,-1
99926009,2026-05-18 14:37:37+05:30,53445.35,0,0.0,0,0.0,0.0,53282.15,53619.2,52783.45,53710.35,0,0.0,0.0,0.0,0.0,-0.01,-1,-1,-0.01,-1,-1,-0.01,-1,-1,-0.01,-1,-1,-0.01,-1,-1,-0.01,-1,-1,-0.01,-1,-1,-0.01,-1,-1,-0.01,-1,-1,-0.01,-1,-1
99926009,2026-05-18 14:37:38+05:30,53443.85,0,0.0,0,0.0,0.0,53282.15,53619.2,52783.45,53710.35,0,0.0,0.0,0.0,0.0,-0.01,-1,-1,-0.01,-1,-1,-0.01,-1,-1,-0.01,-1,-1,-0.01,-1,-1,-0.01,-1,-1,-0.01,-1,-1,-0.01,-1,-1,-0.01,-1,-1,-0.01,-1,-1
99926009,2026-05-18 14:37:38+05:30,53442.95,0,0.0,0,0.0,0.0,53282.15,53619.2,52783.45,53710.35,0,0.0,0.0,0.0,0.0,-0.01,-1,-1,-0.01,-1,-1,-0.01,-1,-1,-0.01,-1,-1,-0.01,-1,-1,-0.01,-1,-1,-0.01,-1,-1,-0.01,-1,-1,-0.01,-1,-1,-0.01,-1,-1
99926009,2026-05-18 14:37:39+05:30,53443.55,0,0.0,0,0.0,0.0,53282.15,53619.2,52783.45,53710.35,0,0.0,0.0,0.0,0.0,-0.01,-1,-1,-0.01,-1,-1,-0.01,-1,-1,-0.01,-1,-1,-0.01,-1,-1,-0.01,-1,-1,-0.01,-1,-1,-0.01,-1,-1,-0.01,-1,-1,-0.01,-1,-1
99926009,2026-05-18 14:37:39+05:30,53443.6,0,0.0,0,0.0,0.0,53282.15,53619.2,52783.45,53710.35,0,0.0,0.0,0.0,0.0,-0.01,-1,-1,-0.01,-1,-1,-0.01,-1,-1,-0.01,-1,-1,-0.01,-1,-1,-0.01,-1,-1,-0.01,-1,-1,-0.01,-1,-1,-0.01,-1,-1,-0.01,-1,-1
99926009,2026-05-18 14:37:40+05:30,53442.85,0,0.0,0,0.0,0.0,53282.15,53619.2,52783.45,53710.35,0,0.0,0.0,0.0,0.0,-0.01,-1,-1,-0.01,-1,-1,-0.01,-1,-1,-0.01,-1,-1,-0.01,-1,-1,-0.01,-1,-1,-0.01,-1,-1,-0.01,-1,-1,-0.01,-1,-1,-0.01,-1,-1
99926009,2026-05-18 14:37:40+05:30,53441.1,0,0.0,0,0.0,0.0,53282.15,53619.2,52783.45,53710.35,0,0.0,0.0,0.0,0.0,-0.01,-1,-1,-0.01,-1,-1,-0.01,-1,-1,-0.01,-1,-1,-0.01,-1,-1,-0.01,-1,-1,-0.01,-1,-1,-0.01,-1,-1,-0.01,-1,-1,-0.01,-1,-1
99926009,2026-05-18 14:37:41+05:30,53440.45,0,0.0,0,0.0,0.0,53282.15,53619.2,52783.45,53710.35,0,0.0,0.0,0.0,0.0,-0.01,-1,-1,-0.01,-1,-1,-0.01,-1,-1,-0.01,-1,-1,-0.01,-1,-1,-0.01,-1,-1,-0.01,-1,-1,-0.01,-1,-1,-0.01,-1,-1,-0.01,-1,-1
99926009,2026-05-18 14:37:41+05:30,53440.9,0,0.0,0,0.0,0.0,53282.15,53619.2,52783.45,53710.35,0,0.0,0.0,0.0,0.0,-0.01,-1,-1,-0.01,-1,-1,-0.01,-1,-1,-0.01,-1,-1,-0.01,-1,-1,-0.01,-1,-1,-0.01,-1,-1,-0.01,-1,-1,-0.01,-1,-1,-0.01,-1,-1
99926009,2026-05-18 14:37:42+05:30,53442.0,0,0.0,0,0.0,0.0,53282.15,53619.2,52783.45,53710.35,0,0.0,0.0,0.0,0.0,-0.01,-1,-1,-0.01,-1,-1,-0.01,-1,-1,-0.01,-1,-1,-0.01,-1,-1,-0.01,-1,-1,-0.01,-1,-1,-0.01,-1,-1,-0.01,-1,-1,-0.01,-1,-1
99926009,2026-05-18 14:37:42+05:30,53437.9,0,0.0,0,0.0,0.0,53282.15,53619.2,52783.45,53710.35,0,0.0,0.0,0.0,0.0,-0.01,-1,-1,-0.01,-1,-1,-0.01,-1,-1,-0.01,-1,-1,-0.01,-1,-1,-0.01,-1,-1,-0.01,-1,-1,-0.01,-1,-1,-0.01,-1,-1,-0.01,-1,-1
99926009,2026-05-18 14:37:43+05:30,53437.05,0,0.0,0,0.0,0.0,53282.15,53619.2,52783.45,53710.35,0,0.0,0.0,0.0,0.0,-0.01,-1,-1,-0.01,-1,-1,-0.01,-1,-1,-0.01,-1,-1,-0.01,-1,-1,-0.01,-1,-1,-0.01,-1,-1,-0.01,-1,-1,-0.01,-1,-1,-0.01,-1,-1
99926009,2026-05-18 14:37:43+05:30,53441.0,0,0.0,0,0.0,0.0,53282.15,53619.2,52783.45,53710.35,0,0.0,0.0,0.0,0.0,-0.01,-1,-1,-0.01,-1,-1,-0.01,-1,-1,-0.01,-1,-1,-0.01,-1,-1,-0.01,-1,-1,-0.01,-1,-1,-0.01,-1,-1,-0.01,-1,-1,-0.01,-1,-1
99926009,2026-05-18 14:37:44+05:30,53440.65,0,0.0,0,0.0,0.0,53282.15,53619.2,52783.45,53710.35,0,0.0,0.0,0.0,0.0,-0.01,-1,-1,-0.01,-1,-1,-0.01,-1,-1,-0.01,-1,-1,-0.01,-1,-1,-0.01,-1,-1,-0.01,-1,-1,-0.01,-1,-1,-0.01,-1,-1,-0.01,-1,-1
99926009,2026-05-18 14:37:44+05:30,53440.6,0,0.0,0,0.0,0.0,53282.15,53619.2,52783.45,53710.35,0,0.0,0.0,0.0,0.0,-0.01,-1,-1,-0.01,-1,-1,-0.01,-1,-1,-0.01,-1,-1,-0.01,-1,-1,-0.01,-1,-1,-0.01,-1,-1,-0.01,-1,-1,-0.01,-1,-1,-0.01,-1,-1
99926009,2026-05-18 14:37:45+05:30,53438.75,0,0.0,0,0.0,0.0,53282.15,53619.2,52783.45,53710.35,0,0.0,0.0,0.0,0.0,-0.01,-1,-1,-0.01,-1,-1,-0.01,-1,-1,-0.01,-1,-1,-0.01,-1,-1,-0.01,-1,-1,-0.01,-1,-1,-0.01,-1,-1,-0.01,-1,-1,-0.01,-1,-1
99926009,2026-05-18 14:37:45+05:30,53436.1,0,0.0,0,0.0,0.0,53282.15,53619.2,52783.45,53710.35,0,0.0,0.0,0.0,0.0,-0.01,-1,-1,-0.01,-1,-1,-0.01,-1,-1,-0.01,-1,-1,-0.01,-1,-1,-0.01,-1,-1,-0.01,-1,-1,-0.01,-1,-1,-0.01,-1,-1,-0.01,-1,-1
99926009,2026-05-18 14:37:46+05:30,53437.25,0,0.0,0,0.0,0.0,53282.15,53619.2,52783.45,53710.35,0,0.0,0.0,0.0,0.0,-0.01,-1,-1,-0.01,-1,-1,-0.01,-1,-1,-0.01,-1,-1,-0.01,-1,-1,-0.01,-1,-1,-0.01,-1,-1,-0.01,-1,-1,-0.01,-1,-1,-0.01,-1,-1
99926009,2026-05-18 14:37:46+05:30,53434.85,0,0.0,0,0.0,0.0,53282.15,53619.2,52783.45,53710.35,0,0.0,0.0,0.0,0.0,-0.01,-1,-1,-0.01,-1,-1,-0.01,-1,-1,-0.01,-1,-1,-0.01,-1,-1,-0.01,-1,-1,-0.01,-1,-1,-0.01,-1,-1,-0.01,-1,-1,-0.01,-1,-1
99926009,2026-05-18 14:37:47+05:30,53433.6,0,0.0,0,0.0,0.0,53282.15,53619.2,52783.45,53710.35,0,0.0,0.0,0.0,0.0,-0.01,-1,-1,-0.01,-1,-1,-0.01,-1,-1,-0.01,-1,-1,-0.01,-1,-1,-0.01,-1,-1,-0.01,-1,-1,-0.01,-1,-1,-0.01,-1,-1,-0.01,-1,-1
99926009,2026-05-18 14:37:47+05:30,53438.4,0,0.0,0,0.0,0.0,53282.15,53619.2,52783.45,53710.35,0,0.0,0.0,0.0,0.0,-0.01,-1,-1,-0.01,-1,-1,-0.01,-1,-1,-0.01,-1,-1,-0.01,-1,-1,-0.01,-1,-1,-0.01,-1,-1,-0.01,-1,-1,-0.01,-1,-1,-0.01,-1,-1
99926009,2026-05-18 14:37:48+05:30,53435.8,0,0.0,0,0.0,0.0,53282.15,53619.2,52783.45,53710.35,0,0.0,0.0,0.0,0.0,-0.01,-1,-1,-0.01,-1,-1,-0.01,-1,-1,-0.01,-1,-1,-0.01,-1,-1,-0.01,-1,-1,-0.01,-1,-1,-0.01,-1,-1,-0.01,-1,-1,-0.01,-1,-1
99926009,2026-05-18 14:37:48+05:30,53436.0,0,0.0,0,0.0,0.0,53282.15,53619.2,52783.45,53710.35,0,0.0,0.0,0.0,0.0,-0.01,-1,-1,-0.01,-1,-1,-0.01,-1,-1,-0.01,-1,-1,-0.01,-1,-1,-0.01,-1,-1,-0.01,-1,-1,-0.01,-1,-1,-0.01,-1,-1,-0.01,-1,-1
99926009,2026-05-18 14:37:49+05:30,53436.95,0,0.0,0,0.0,0.0,53282.15,53619.2,52783.45,53710.35,0,0.0,0.0,0.0,0.0,-0.01,-1,-1,-0.01,-1,-1,-0.01,-1,-1,-0.01,-1,-1,-0.01,-1,-1,-0.01,-1,-1,-0.01,-1,-1,-0.01,-1,-1,-0.01,-1,-1,-0.01,-1,-1
99926009,2026-05-18 14:37:49+05:30,53433.75,0,0.0,0,0.0,0.0,53282.15,53619.2,52783.45,53710.35,0,0.0,0.0,0.0,0.0,-0.01,-1,-1,-0.01,-1,-1,-0.01,-1,-1,-0.01,-1,-1,-0.01,-1,-1,-0.01,-1,-1,-0.01,-1,-1,-0.01,-1,-1,-0.01,-1,-1,-0.01,-1,-1
99926009,2026-05-18 14:37:50+05:30,53433.75,0,0.0,0,0.0,0.0,53282.15,53619.2,52783.45,53710.35,0,0.0,0.0,0.0,0.0,-0.01,-1,-1,-0.01,-1,-1,-0.01,-1,-1,-0.01,-1,-1,-0.01,-1,-1,-0.01,-1,-1,-0.01,-1,-1,-0.01,-1,-1,-0.01,-1,-1,-0.01,-1,-1
99926009,2026-05-18 14:37:50+05:30,53432.7,0,0.0,0,0.0,0.0,53282.15,53619.2,52783.45,53710.35,0,0.0,0.0,0.0,0.0,-0.01,-1,-1,-0.01,-1,-1,-0.01,-1,-1,-0.01,-1,-1,-0.01,-1,-1,-0.01,-1,-1,-0.01,-1,-1,-0.01,-1,-1,-0.01,-1,-1,-0.01,-1,-1
99926009,2026-05-18 14:37:51+05:30,53432.8,0,0.0,0,0.0,0.0,53282.15,53619.2,52783.45,53710.35,0,0.0,0.0,0.0,0.0,-0.01,-1,-1,-0.01,-1,-1,-0.01,-1,-1,-0.01,-1,-1,-0.01,-1,-1,-0.01,-1,-1,-0.01,-1,-1,-0.01,-1,-1,-0.01,-1,-1,-0.01,-1,-1
99926009,2026-05-18 14:37:51+05:30,53434.8,0,0.0,0,0.0,0.0,53282.15,53619.2,52783.45,53710.35,0,0.0,0.0,0.0,0.0,-0.01,-1,-1,-0.01,-1,-1,-0.01,-1,-1,-0.01,-1,-1,-0.01,-1,-1,-0.01,-1,-1,-0.01,-1,-1,-0.01,-1,-1,-0.01,-1,-1,-0.01,-1,-1
99926009,2026-05-18 14:37:52+05:30,53435.0,0,0.0,0,0.0,0.0,53282.15,53619.2,52783.45,53710.35,0,0.0,0.0,0.0,0.0,-0.01,-1,-1,-0.01,-1,-1,-0.01,-1,-1,-0.01,-1,-1,-0.01,-1,-1,-0.01,-1,-1,-0.01,-1,-1,-0.01,-1,-1,-0.01,-1,-1,-0.01,-1,-1
99926009,2026-05-18 14:37:52+05:30,53434.2,0,0.0,0,0.0,0.0,53282.15,53619.2,52783.45,53710.35,0,0.0,0.0,0.0,0.0,-0.01,-1,-1,-0.01,-1,-1,-0.01,-1,-1,-0.01,-1,-1,-0.01,-1,-1,-0.01,-1,-1,-0.01,-1,-1,-0.01,-1,-1,-0.01,-1,-1,-0.01,-1,-1
99926009,2026-05-18 14:37:53+05:30,53431.75,0,0.0,0,0.0,0.0,53282.15,53619.2,52783.45,53710.35,0,0.0,0.0,0.0,0.0,-0.01,-1,-1,-0.01,-1,-1,-0.01,-1,-1,-0.01,-1,-1,-0.01,-1,-1,-0.01,-1,-1,-0.01,-1,-1,-0.01,-1,-1,-0.01,-1,-1,-0.01,-1,-1
99926009,2026-05-18 14:37:53+05:30,53438.05,0,0.0,0,0.0,0.0,53282.15,53619.2,52783.45,53710.35,0,0.0,0.0,0.0,0.0,-0.01,-1,-1,-0.01,-1,-1,-0.01,-1,-1,-0.01,-1,-1,-0.01,-1,-1,-0.01,-1,-1,-0.01,-1,-1,-0.01,-1,-1,-0.01,-1,-1,-0.01,-1,-1
99926009,2026-05-18 14:37:54+05:30,53435.95,0,0.0,0,0.0,0.0,53282.15,53619.2,52783.45,53710.35,0,0.0,0.0,0.0,0.0,-0.01,-1,-1,-0.01,-1,-1,-0.01,-1,-1,-0.01,-1,-1,-0.01,-1,-1,-0.01,-1,-1,-0.01,-1,-1,-0.01,-1,-1,-0.01,-1,-1,-0.01,-1,-1
99926009,2026-05-18 14:37:54+05:30,53435.95,0,0.0,0,0.0,0.0,53282.15,53619.2,52783.45,53710.35,0,0.0,0.0,0.0,0.0,-0.01,-1,-1,-0.01,-1,-1,-0.01,-1,-1,-0.01,-1,-1,-0.01,-1,-1,-0.01,-1,-1,-0.01,-1,-1,-0.01,-1,-1,-0.01,-1,-1,-0.01,-1,-1
99926009,2026-05-18 14:37:55+05:30,53435.4,0,0.0,0,0.0,0.0,53282.15,53619.2,52783.45,53710.35,0,0.0,0.0,0.0,0.0,-0.01,-1,-1,-0.01,-1,-1,-0.01,-1,-1,-0.01,-1,-1,-0.01,-1,-1,-0.01,-1,-1,-0.01,-1,-1,-0.01,-1,-1,-0.01,-1,-1,-0.01,-1,-1
99926009,2026-05-18 14:37:55+05:30,53439.1,0,0.0,0,0.0,0.0,53282.15,53619.2,52783.45,53710.35,0,0.0,0.0,0.0,0.0,-0.01,-1,-1,-0.01,-1,-1,-0.01,-1,-1,-0.01,-1,-1,-0.01,-1,-1,-0.01,-1,-1,-0.01,-1,-1,-0.01,-1,-1,-0.01,-1,-1,-0.01,-1,-1
99926009,2026-05-18 14:37:56+05:30,53435.2,0,0.0,0,0.0,0.0,53282.15,53619.2,52783.45,53710.35,0,0.0,0.0,0.0,0.0,-0.01,-1,-1,-0.01,-1,-1,-0.01,-1,-1,-0.01,-1,-1,-0.01,-1,-1,-0.01,-1,-1,-0.01,-1,-1,-0.01,-1,-1,-0.01,-1,-1,-0.01,-1,-1
99926009,2026-05-18 14:37:56+05:30,53438.75,0,0.0,0,0.0,0.0,53282.15,53619.2,52783.45,53710.35,0,0.0,0.0,0.0,0.0,-0.01,-1,-1,-0.01,-1,-1,-0.01,-1,-1,-0.01,-1,-1,-0.01,-1,-1,-0.01,-1,-1,-0.01,-1,-1,-0.01,-1,-1,-0.01,-1,-1,-0.01,-1,-1
99926009,2026-05-18 14:37:57+05:30,53437.4,0,0.0,0,0.0,0.0,53282.15,53619.2,52783.45,53710.35,0,0.0,0.0,0.0,0.0,-0.01,-1,-1,-0.01,-1,-1,-0.01,-1,-1,-0.01,-1,-1,-0.01,-1,-1,-0.01,-1,-1,-0.01,-1,-1,-0.01,-1,-1,-0.01,-1,-1,-0.01,-1,-1
99926009,2026-05-18 14:37:57+05:30,53435.6,0,0.0,0,0.0,0.0,53282.15,53619.2,52783.45,53710.35,0,0.0,0.0,0.0,0.0,-0.01,-1,-1,-0.01,-1,-1,-0.01,-1,-1,-0.01,-1,-1,-0.01,-1,-1,-0.01,-1,-1,-0.01,-1,-1,-0.01,-1,-1,-0.01,-1,-1,-0.01,-1,-1
99926009,2026-05-18 14:37:58+05:30,53438.1,0,0.0,0,0.0,0.0,53282.15,53619.2,52783.45,53710.35,0,0.0,0.0,0.0,0.0,-0.01,-1,-1,-0.01,-1,-1,-0.01,-1,-1,-0.01,-1,-1,-0.01,-1,-1,-0.01,-1,-1,-0.01,-1,-1,-0.01,-1,-1,-0.01,-1,-1,-0.01,-1,-1
99926009,2026-05-18 14:37:58+05:30,53435.35,0,0.0,0,0.0,0.0,53282.15,53619.2,52783.45,53710.35,0,0.0,0.0,0.0,0.0,-0.01,-1,-1,-0.01,-1,-1,-0.01,-1,-1,-0.01,-1,-1,-0.01,-1,-1,-0.01,-1,-1,-0.01,-1,-1,-0.01,-1,-1,-0.01,-1,-1,-0.01,-1,-1
99926009,2026-05-18 14:37:59+05:30,53434.35,0,0.0,0,0.0,0.0,53282.15,53619.2,52783.45,53710.35,0,0.0,0.0,0.0,0.0,-0.01,-1,-1,-0.01,-1,-1,-0.01,-1,-1,-0.01,-1,-1,-0.01,-1,-1,-0.01,-1,-1,-0.01,-1,-1,-0.01,-1,-1,-0.01,-1,-1,-0.01,-1,-1
99926009,2026-05-18 14:37:59+05:30,53433.7,0,0.0,0,0.0,0.0,53282.15,53619.2,52783.45,53710.35,0,0.0,0.0,0.0,0.0,-0.01,-1,-1,-0.01,-1,-1,-0.01,-1,-1,-0.01,-1,-1,-0.01,-1,-1,-0.01,-1,-1,-0.01,-1,-1,-0.01,-1,-1,-0.01,-1,-1,-0.01,-1,-1
99926009,2026-05-18 14:38:00+05:30,53433.2,0,0.0,0,0.0,0.0,53282.15,53619.2,52783.45,53710.35,0,0.0,0.0,0.0,0.0,-0.01,-1,-1,-0.01,-1,-1,-0.01,-1,-1,-0.01,-1,-1,-0.01,-1,-1,-0.01,-1,-1,-0.01,-1,-1,-0.01,-1,-1,-0.01,-1,-1,-0.01,-1,-1
99926009,2026-05-18 14:38:00+05:30,53431.35,0,0.0,0,0.0,0.0,53282.15,53619.2,52783.45,53710.35,0,0.0,0.0,0.0,0.0,-0.01,-1,-1,-0.01,-1,-1,-0.01,-1,-1,-0.01,-1,-1,-0.01,-1,-1,-0.01,-1,-1,-0.01,-1,-1,-0.01,-1,-1,-0.01,-1,-1,-0.01,-1,-1
99926009,2026-05-18 14:38:01+05:30,53431.3,0,0.0,0,0.0,0.0,53282.15,53619.2,52783.45,53710.35,0,0.0,0.0,0.0,0.0,-0.01,-1,-1,-0.01,-1,-1,-0.01,-1,-1,-0.01,-1,-1,-0.01,-1,-1,-0.01,-1,-1,-0.01,-1,-1,-0.01,-1,-1,-0.01,-1,-1,-0.01,-1,-1
99926009,2026-05-18 14:38:01+05:30,53430.4,0,0.0,0,0.0,0.0,53282.15,53619.2,52783.45,53710.35,0,0.0,0.0,0.0,0.0,-0.01,-1,-1,-0.01,-1,-1,-0.01,-1,-1,-0.01,-1,-1,-0.01,-1,-1,-0.01,-1,-1,-0.01,-1,-1,-0.01,-1,-1,-0.01,-1,-1,-0.01,-1,-1
99926009,2026-05-18 14:38:02+05:30,53426.0,0,0.0,0,0.0,0.0,53282.15,53619.2,52783.45,53710.35,0,0.0,0.0,0.0,0.0,-0.01,-1,-1,-0.01,-1,-1,-0.01,-1,-1,-0.01,-1,-1,-0.01,-1,-1,-0.01,-1,-1,-0.01,-1,-1,-0.01,-1,-1,-0.01,-1,-1,-0.01,-1,-1
99926009,2026-05-18 14:38:02+05:30,53428.15,0,0.0,0,0.0,0.0,53282.15,53619.2,52783.45,53710.35,0,0.0,0.0,0.0,0.0,-0.01,-1,-1,-0.01,-1,-1,-0.01,-1,-1,-0.01,-1,-1,-0.01,-1,-1,-0.01,-1,-1,-0.01,-1,-1,-0.01,-1,-1,-0.01,-1,-1,-0.01,-1,-1
99926009,2026-05-18 14:38:03+05:30,53424.45,0,0.0,0,0.0,0.0,53282.15,53619.2,52783.45,53710.35,0,0.0,0.0,0.0,0.0,-0.01,-1,-1,-0.01,-1,-1,-0.01,-1,-1,-0.01,-1,-1,-0.01,-1,-1,-0.01,-1,-1,-0.01,-1,-1,-0.01,-1,-1,-0.01,-1,-1,-0.01,-1,-1
99926009,2026-05-18 14:38:03+05:30,53421.3,0,0.0,0,0.0,0.0,53282.15,53619.2,52783.45,53710.35,0,0.0,0.0,0.0,0.0,-0.01,-1,-1,-0.01,-1,-1,-0.01,-1,-1,-0.01,-1,-1,-0.01,-1,-1,-0.01,-1,-1,-0.01,-1,-1,-0.01,-1,-1,-0.01,-1,-1,-0.01,-1,-1
99926009,2026-05-18 14:38:04+05:30,53418.2,0,0.0,0,0.0,0.0,53282.15,53619.2,52783.45,53710.35,0,0.0,0.0,0.0,0.0,-0.01,-1,-1,-0.01,-1,-1,-0.01,-1,-1,-0.01,-1,-1,-0.01,-1,-1,-0.01,-1,-1,-0.01,-1,-1,-0.01,-1,-1,-0.01,-1,-1,-0.01,-1,-1
99926009,2026-05-18 14:38:04+05:30,53418.0,0,0.0,0,0.0,0.0,53282.15,53619.2,52783.45,53710.35,0,0.0,0.0,0.0,0.0,-0.01,-1,-1,-0.01,-1,-1,-0.01,-1,-1,-0.01,-1,-1,-0.01,-1,-1,-0.01,-1,-1,-0.01,-1,-1,-0.01,-1,-1,-0.01,-1,-1,-0.01,-1,-1
99926009,2026-05-18 14:38:05+05:30,53418.3,0,0.0,0,0.0,0.0,53282.15,53619.2,52783.45,53710.35,0,0.0,0.0,0.0,0.0,-0.01,-1,-1,-0.01,-1,-1,-0.01,-1,-1,-0.01,-1,-1,-0.01,-1,-1,-0.01,-1,-1,-0.01,-1,-1,-0.01,-1,-1,-0.01,-1,-1,-0.01,-1,-1
99926009,2026-05-18 14:38:05+05:30,53417.35,0,0.0,0,0.0,0.0,53282.15,53619.2,52783.45,53710.35,0,0.0,0.0,0.0,0.0,-0.01,-1,-1,-0.01,-1,-1,-0.01,-1,-1,-0.01,-1,-1,-0.01,-1,-1,-0.01,-1,-1,-0.01,-1,-1,-0.01,-1,-1,-0.01,-1,-1,-0.01,-1,-1
99926009,2026-05-18 14:38:06+05:30,53415.1,0,0.0,0,0.0,0.0,53282.15,53619.2,52783.45,53710.35,0,0.0,0.0,0.0,0.0,-0.01,-1,-1,-0.01,-1,-1,-0.01,-1,-1,-0.01,-1,-1,-0.01,-1,-1,-0.01,-1,-1,-0.01,-1,-1,-0.01,-1,-1,-0.01,-1,-1,-0.01,-1,-1
99926009,2026-05-18 14:38:06+05:30,53417.3,0,0.0,0,0.0,0.0,53282.15,53619.2,52783.45,53710.35,0,0.0,0.0,0.0,0.0,-0.01,-1,-1,-0.01,-1,-1,-0.01,-1,-1,-0.01,-1,-1,-0.01,-1,-1,-0.01,-1,-1,-0.01,-1,-1,-0.01,-1,-1,-0.01,-1,-1,-0.01,-1,-1
99926009,2026-05-18 14:38:07+05:30,53418.15,0,0.0,0,0.0,0.0,53282.15,53619.2,52783.45,53710.35,0,0.0,0.0,0.0,0.0,-0.01,-1,-1,-0.01,-1,-1,-0.01,-1,-1,-0.01,-1,-1,-0.01,-1,-1,-0.01,-1,-1,-0.01,-1,-1,-0.01,-1,-1,-0.01,-1,-1,-0.01,-1,-1
99926009,2026-05-18 14:38:07+05:30,53414.75,0,0.0,0,0.0,0.0,53282.15,53619.2,52783.45,53710.35,0,0.0,0.0,0.0,0.0,-0.01,-1,-1,-0.01,-1,-1,-0.01,-1,-1,-0.01,-1,-1,-0.01,-1,-1,-0.01,-1,-1,-0.01,-1,-1,-0.01,-1,-1,-0.01,-1,-1,-0.01,-1,-1
99926009,2026-05-18 14:38:08+05:30,53416.1,0,0.0,0,0.0,0.0,53282.15,53619.2,52783.45,53710.35,0,0.0,0.0,0.0,0.0,-0.01,-1,-1,-0.01,-1,-1,-0.01,-1,-1,-0.01,-1,-1,-0.01,-1,-1,-0.01,-1,-1,-0.01,-1,-1,-0.01,-1,-1,-0.01,-1,-1,-0.01,-1,-1
99926009,2026-05-18 14:38:08+05:30,53413.25,0,0.0,0,0.0,0.0,53282.15,53619.2,52783.45,53710.35,0,0.0,0.0,0.0,0.0,-0.01,-1,-1,-0.01,-1,-1,-0.01,-1,-1,-0.01,-1,-1,-0.01,-1,-1,-0.01,-1,-1,-0.01,-1,-1,-0.01,-1,-1,-0.01,-1,-1,-0.01,-1,-1
99926009,2026-05-18 14:38:09+05:30,53417.95,0,0.0,0,0.0,0.0,53282.15,53619.2,52783.45,53710.35,0,0.0,0.0,0.0,0.0,-0.01,-1,-1,-0.01,-1,-1,-0.01,-1,-1,-0.01,-1,-1,-0.01,-1,-1,-0.01,-1,-1,-0.01,-1,-1,-0.01,-1,-1,-0.01,-1,-1,-0.01,-1,-1
99926009,2026-05-18 14:38:09+05:30,53419.9,0,0.0,0,0.0,0.0,53282.15,53619.2,52783.45,53710.35,0,0.0,0.0,0.0,0.0,-0.01,-1,-1,-0.01,-1,-1,-0.01,-1,-1,-0.01,-1,-1,-0.01,-1,-1,-0.01,-1,-1,-0.01,-1,-1,-0.01,-1,-1,-0.01,-1,-1,-0.01,-1,-1
99926009,2026-05-18 14:38:10+05:30,53414.95,0,0.0,0,0.0,0.0,53282.15,53619.2,52783.45,53710.35,0,0.0,0.0,0.0,0.0,-0.01,-1,-1,-0.01,-1,-1,-0.01,-1,-1,-0.01,-1,-1,-0.01,-1,-1,-0.01,-1,-1,-0.01,-1,-1,-0.01,-1,-1,-0.01,-1,-1,-0.01,-1,-1
99926009,2026-05-18 14:38:10+05:30,53413.0,0,0.0,0,0.0,0.0,53282.15,53619.2,52783.45,53710.35,0,0.0,0.0,0.0,0.0,-0.01,-1,-1,-0.01,-1,-1,-0.01,-1,-1,-0.01,-1,-1,-0.01,-1,-1,-0.01,-1,-1,-0.01,-1,-1,-0.01,-1,-1,-0.01,-1,-1,-0.01,-1,-1
99926009,2026-05-18 14:38:11+05:30,53413.4,0,0.0,0,0.0,0.0,53282.15,53619.2,52783.45,53710.35,0,0.0,0.0,0.0,0.0,-0.01,-1,-1,-0.01,-1,-1,-0.01,-1,-1,-0.01,-1,-1,-0.01,-1,-1,-0.01,-1,-1,-0.01,-1,-1,-0.01,-1,-1,-0.01,-1,-1,-0.01,-1,-1
99926009,2026-05-18 14:38:11+05:30,53416.3,0,0.0,0,0.0,0.0,53282.15,53619.2,52783.45,53710.35,0,0.0,0.0,0.0,0.0,-0.01,-1,-1,-0.01,-1,-1,-0.01,-1,-1,-0.01,-1,-1,-0.01,-1,-1,-0.01,-1,-1,-0.01,-1,-1,-0.01,-1,-1,-0.01,-1,-1,-0.01,-1,-1
99926009,2026-05-18 14:38:12+05:30,53414.55,0,0.0,0,0.0,0.0,53282.15,53619.2,52783.45,53710.35,0,0.0,0.0,0.0,0.0,-0.01,-1,-1,-0.01,-1,-1,-0.01,-1,-1,-0.01,-1,-1,-0.01,-1,-1,-0.01,-1,-1,-0.01,-1,-1,-0.01,-1,-1,-0.01,-1,-1,-0.01,-1,-1
99926009,2026-05-18 14:38:12+05:30,53417.5,0,0.0,0,0.0,0.0,53282.15,53619.2,52783.45,53710.35,0,0.0,0.0,0.0,0.0,-0.01,-1,-1,-0.01,-1,-1,-0.01,-1,-1,-0.01,-1,-1,-0.01,-1,-1,-0.01,-1,-1,-0.01,-1,-1,-0.01,-1,-1,-0.01,-1,-1,-0.01,-1,-1
99926009,2026-05-18 14:38:13+05:30,53417.7,0,0.0,0,0.0,0.0,53282.15,53619.2,52783.45,53710.35,0,0.0,0.0,0.0,0.0,-0.01,-1,-1,-0.01,-1,-1,-0.01,-1,-1,-0.01,-1,-1,-0.01,-1,-1,-0.01,-1,-1,-0.01,-1,-1,-0.01,-1,-1,-0.01,-1,-1,-0.01,-1,-1
99926009,2026-05-18 14:38:13+05:30,53416.95,0,0.0,0,0.0,0.0,53282.15,53619.2,52783.45,53710.35,0,0.0,0.0,0.0,0.0,-0.01,-1,-1,-0.01,-1,-1,-0.01,-1,-1,-0.01,-1,-1,-0.01,-1,-1,-0.01,-1,-1,-0.01,-1,-1,-0.01,-1,-1,-0.01,-1,-1,-0.01,-1,-1
99926009,2026-05-18 14:38:14+05:30,53416.8,0,0.0,0,0.0,0.0,53282.15,53619.2,52783.45,53710.35,0,0.0,0.0,0.0,0.0,-0.01,-1,-1,-0.01,-1,-1,-0.01,-1,-1,-0.01,-1,-1,-0.01,-1,-1,-0.01,-1,-1,-0.01,-1,-1,-0.01,-1,-1,-0.01,-1,-1,-0.01,-1,-1
99926009,2026-05-18 14:38:14+05:30,53414.05,0,0.0,0,0.0,0.0,53282.15,53619.2,52783.45,53710.35,0,0.0,0.0,0.0,0.0,-0.01,-1,-1,-0.01,-1,-1,-0.01,-1,-1,-0.01,-1,-1,-0.01,-1,-1,-0.01,-1,-1,-0.01,-1,-1,-0.01,-1,-1,-0.01,-1,-1,-0.01,-1,-1
99926009,2026-05-18 14:38:15+05:30,53413.75,0,0.0,0,0.0,0.0,53282.15,53619.2,52783.45,53710.35,0,0.0,0.0,0.0,0.0,-0.01,-1,-1,-0.01,-1,-1,-0.01,-1,-1,-0.01,-1,-1,-0.01,-1,-1,-0.01,-1,-1,-0.01,-1,-1,-0.01,-1,-1,-0.01,-1,-1,-0.01,-1,-1
99926009,2026-05-18 14:38:15+05:30,53416.8,0,0.0,0,0.0,0.0,53282.15,53619.2,52783.45,53710.35,0,0.0,0.0,0.0,0.0,-0.01,-1,-1,-0.01,-1,-1,-0.01,-1,-1,-0.01,-1,-1,-0.01,-1,-1,-0.01,-1,-1,-0.01,-1,-1,-0.01,-1,-1,-0.01,-1,-1,-0.01,-1,-1
99926009,2026-05-18 14:38:16+05:30,53416.65,0,0.0,0,0.0,0.0,53282.15,53619.2,52783.45,53710.35,0,0.0,0.0,0.0,0.0,-0.01,-1,-1,-0.01,-1,-1,-0.01,-1,-1,-0.01,-1,-1,-0.01,-1,-1,-0.01,-1,-1,-0.01,-1,-1,-0.01,-1,-1,-0.01,-1,-1,-0.01,-1,-1
99926009,2026-05-18 14:38:16+05:30,53422.4,0,0.0,0,0.0,0.0,53282.15,53619.2,52783.45,53710.35,0,0.0,0.0,0.0,0.0,-0.01,-1,-1,-0.01,-1,-1,-0.01,-1,-1,-0.01,-1,-1,-0.01,-1,-1,-0.01,-1,-1,-0.01,-1,-1,-0.01,-1,-1,-0.01,-1,-1,-0.01,-1,-1
99926009,2026-05-18 14:38:17+05:30,53419.8,0,0.0,0,0.0,0.0,53282.15,53619.2,52783.45,53710.35,0,0.0,0.0,0.0,0.0,-0.01,-1,-1,-0.01,-1,-1,-0.01,-1,-1,-0.01,-1,-1,-0.01,-1,-1,-0.01,-1,-1,-0.01,-1,-1,-0.01,-1,-1,-0.01,-1,-1,-0.01,-1,-1
99926009,2026-05-18 14:38:17+05:30,53419.75,0,0.0,0,0.0,0.0,53282.15,53619.2,52783.45,53710.35,0,0.0,0.0,0.0,0.0,-0.01,-1,-1,-0.01,-1,-1,-0.01,-1,-1,-0.01,-1,-1,-0.01,-1,-1,-0.01,-1,-1,-0.01,-1,-1,-0.01,-1,-1,-0.01,-1,-1,-0.01,-1,-1
99926009,2026-05-18 14:38:18+05:30,53415.75,0,0.0,0,0.0,0.0,53282.15,53619.2,52783.45,53710.35,0,0.0,0.0,0.0,0.0,-0.01,-1,-1,-0.01,-1,-1,-0.01,-1,-1,-0.01,-1,-1,-0.01,-1,-1,-0.01,-1,-1,-0.01,-1,-1,-0.01,-1,-1,-0.01,-1,-1,-0.01,-1,-1
99926009,2026-05-18 14:38:18+05:30,53416.1,0,0.0,0,0.0,0.0,53282.15,53619.2,52783.45,53710.35,0,0.0,0.0,0.0,0.0,-0.01,-1,-1,-0.01,-1,-1,-0.01,-1,-1,-0.01,-1,-1,-0.01,-1,-1,-0.01,-1,-1,-0.01,-1,-1,-0.01,-1,-1,-0.01,-1,-1,-0.01,-1,-1
99926009,2026-05-18 14:38:19+05:30,53415.45,0,0.0,0,0.0,0.0,53282.15,53619.2,52783.45,53710.35,0,0.0,0.0,0.0,0.0,-0.01,-1,-1,-0.01,-1,-1,-0.01,-1,-1,-0.01,-1,-1,-0.01,-1,-1,-0.01,-1,-1,-0.01,-1,-1,-0.01,-1,-1,-0.01,-1,-1,-0.01,-1,-1
99926009,2026-05-18 14:38:19+05:30,53418.7,0,0.0,0,0.0,0.0,53282.15,53619.2,52783.45,53710.35,0,0.0,0.0,0.0,0.0,-0.01,-1,-1,-0.01,-1,-1,-0.01,-1,-1,-0.01,-1,-1,-0.01,-1,-1,-0.01,-1,-1,-0.01,-1,-1,-0.01,-1,-1,-0.01,-1,-1,-0.01,-1,-1
99926009,2026-05-18 14:38:20+05:30,53414.65,0,0.0,0,0.0,0.0,53282.15,53619.2,52783.45,53710.35,0,0.0,0.0,0.0,0.0,-0.01,-1,-1,-0.01,-1,-1,-0.01,-1,-1,-0.01,-1,-1,-0.01,-1,-1,-0.01,-1,-1,-0.01,-1,-1,-0.01,-1,-1,-0.01,-1,-1,-0.01,-1,-1
99926009,2026-05-18 14:38:20+05:30,53414.7,0,0.0,0,0.0,0.0,53282.15,53619.2,52783.45,53710.35,0,0.0,0.0,0.0,0.0,-0.01,-1,-1,-0.01,-1,-1,-0.01,-1,-1,-0.01,-1,-1,-0.01,-1,-1,-0.01,-1,-1,-0.01,-1,-1,-0.01,-1,-1,-0.01,-1,-1,-0.01,-1,-1
99926009,2026-05-18 14:38:21+05:30,53414.6,0,0.0,0,0.0,0.0,53282.15,53619.2,52783.45,53710.35,0,0.0,0.0,0.0,0.0,-0.01,-1,-1,-0.01,-1,-1,-0.01,-1,-1,-0.01,-1,-1,-0.01,-1,-1,-0.01,-1,-1,-0.01,-1,-1,-0.01,-1,-1,-0.01,-1,-1,-0.01,-1,-1
99926009,2026-05-18 14:38:21+05:30,53415.4,0,0.0,0,0.0,0.0,53282.15,53619.2,52783.45,53710.35,0,0.0,0.0,0.0,0.0,-0.01,-1,-1,-0.01,-1,-1,-0.01,-1,-1,-0.01,-1,-1,-0.01,-1,-1,-0.01,-1,-1,-0.01,-1,-1,-0.01,-1,-1,-0.01,-1,-1,-0.01,-1,-1
99926009,2026-05-18 14:38:22+05:30,53415.3,0,0.0,0,0.0,0.0,53282.15,53619.2,52783.45,53710.35,0,0.0,0.0,0.0,0.0,-0.01,-1,-1,-0.01,-1,-1,-0.01,-1,-1,-0.01,-1,-1,-0.01,-1,-1,-0.01,-1,-1,-0.01,-1,-1,-0.01,-1,-1,-0.01,-1,-1,-0.01,-1,-1
99926009,2026-05-18 14:38:22+05:30,53407.7,0,0.0,0,0.0,0.0,53282.15,53619.2,52783.45,53710.35,0,0.0,0.0,0.0,0.0,-0.01,-1,-1,-0.01,-1,-1,-0.01,-1,-1,-0.01,-1,-1,-0.01,-1,-1,-0.01,-1,-1,-0.01,-1,-1,-0.01,-1,-1,-0.01,-1,-1,-0.01,-1,-1
99926009,2026-05-18 14:38:23+05:30,53404.0,0,0.0,0,0.0,0.0,53282.15,53619.2,52783.45,53710.35,0,0.0,0.0,0.0,0.0,-0.01,-1,-1,-0.01,-1,-1,-0.01,-1,-1,-0.01,-1,-1,-0.01,-1,-1,-0.01,-1,-1,-0.01,-1,-1,-0.01,-1,-1,-0.01,-1,-1,-0.01,-1,-1
99926009,2026-05-18 14:38:23+05:30,53406.35,0,0.0,0,0.0,0.0,53282.15,53619.2,52783.45,53710.35,0,0.0,0.0,0.0,0.0,-0.01,-1,-1,-0.01,-1,-1,-0.01,-1,-1,-0.01,-1,-1,-0.01,-1,-1,-0.01,-1,-1,-0.01,-1,-1,-0.01,-1,-1,-0.01,-1,-1,-0.01,-1,-1
99926009,2026-05-18 14:38:24+05:30,53407.8,0,0.0,0,0.0,0.0,53282.15,53619.2,52783.45,53710.35,0,0.0,0.0,0.0,0.0,-0.01,-1,-1,-0.01,-1,-1,-0.01,-1,-1,-0.01,-1,-1,-0.01,-1,-1,-0.01,-1,-1,-0.01,-1,-1,-0.01,-1,-1,-0.01,-1,-1,-0.01,-1,-1
99926009,2026-05-18 14:38:24+05:30,53409.65,0,0.0,0,0.0,0.0,53282.15,53619.2,52783.45,53710.35,0,0.0,0.0,0.0,0.0,-0.01,-1,-1,-0.01,-1,-1,-0.01,-1,-1,-0.01,-1,-1,-0.01,-1,-1,-0.01,-1,-1,-0.01,-1,-1,-0.01,-1,-1,-0.01,-1,-1,-0.01,-1,-1
99926009,2026-05-18 14:38:25+05:30,53410.75,0,0.0,0,0.0,0.0,53282.15,53619.2,52783.45,53710.35,0,0.0,0.0,0.0,0.0,-0.01,-1,-1,-0.01,-1,-1,-0.01,-1,-1,-0.01,-1,-1,-0.01,-1,-1,-0.01,-1,-1,-0.01,-1,-1,-0.01,-1,-1,-0.01,-1,-1,-0.01,-1,-1
99926009,2026-05-18 14:38:25+05:30,53411.4,0,0.0,0,0.0,0.0,53282.15,53619.2,52783.45,53710.35,0,0.0,0.0,0.0,0.0,-0.01,-1,-1,-0.01,-1,-1,-0.01,-1,-1,-0.01,-1,-1,-0.01,-1,-1,-0.01,-1,-1,-0.01,-1,-1,-0.01,-1,-1,-0.01,-1,-1,-0.01,-1,-1
99926009,2026-05-18 14:38:26+05:30,53408.05,0,0.0,0,0.0,0.0,53282.15,53619.2,52783.45,53710.35,0,0.0,0.0,0.0,0.0,-0.01,-1,-1,-0.01,-1,-1,-0.01,-1,-1,-0.01,-1,-1,-0.01,-1,-1,-0.01,-1,-1,-0.01,-1,-1,-0.01,-1,-1,-0.01,-1,-1,-0.01,-1,-1
99926009,2026-05-18 14:38:26+05:30,53408.4,0,0.0,0,0.0,0.0,53282.15,53619.2,52783.45,53710.35,0,0.0,0.0,0.0,0.0,-0.01,-1,-1,-0.01,-1,-1,-0.01,-1,-1,-0.01,-1,-1,-0.01,-1,-1,-0.01,-1,-1,-0.01,-1,-1,-0.01,-1,-1,-0.01,-1,-1,-0.01,-1,-1
99926009,2026-05-18 14:38:27+05:30,53410.95,0,0.0,0,0.0,0.0,53282.15,53619.2,52783.45,53710.35,0,0.0,0.0,0.0,0.0,-0.01,-1,-1,-0.01,-1,-1,-0.01,-1,-1,-0.01,-1,-1,-0.01,-1,-1,-0.01,-1,-1,-0.01,-1,-1,-0.01,-1,-1,-0.01,-1,-1,-0.01,-1,-1
99926009,2026-05-18 14:38:27+05:30,53409.15,0,0.0,0,0.0,0.0,53282.15,53619.2,52783.45,53710.35,0,0.0,0.0,0.0,0.0,-0.01,-1,-1,-0.01,-1,-1,-0.01,-1,-1,-0.01,-1,-1,-0.01,-1,-1,-0.01,-1,-1,-0.01,-1,-1,-0.01,-1,-1,-0.01,-1,-1,-0.01,-1,-1
99926009,2026-05-18 14:38:28+05:30,53410.7,0,0.0,0,0.0,0.0,53282.15,53619.2,52783.45,53710.35,0,0.0,0.0,0.0,0.0,-0.01,-1,-1,-0.01,-1,-1,-0.01,-1,-1,-0.01,-1,-1,-0.01,-1,-1,-0.01,-1,-1,-0.01,-1,-1,-0.01,-1,-1,-0.01,-1,-1,-0.01,-1,-1
99926009,2026-05-18 14:38:28+05:30,53410.25,0,0.0,0,0.0,0.0,53282.15,53619.2,52783.45,53710.35,0,0.0,0.0,0.0,0.0,-0.01,-1,-1,-0.01,-1,-1,-0.01,-1,-1,-0.01,-1,-1,-0.01,-1,-1,-0.01,-1,-1,-0.01,-1,-1,-0.01,-1,-1,-0.01,-1,-1,-0.01,-1,-1
99926009,2026-05-18 14:38:29+05:30,53414.8,0,0.0,0,0.0,0.0,53282.15,53619.2,52783.45,53710.35,0,0.0,0.0,0.0,0.0,-0.01,-1,-1,-0.01,-1,-1,-0.01,-1,-1,-0.01,-1,-1,-0.01,-1,-1,-0.01,-1,-1,-0.01,-1,-1,-0.01,-1,-1,-0.01,-1,-1,-0.01,-1,-1
99926009,2026-05-18 14:38:29+05:30,53412.6,0,0.0,0,0.0,0.0,53282.15,53619.2,52783.45,53710.35,0,0.0,0.0,0.0,0.0,-0.01,-1,-1,-0.01,-1,-1,-0.01,-1,-1,-0.01,-1,-1,-0.01,-1,-1,-0.01,-1,-1,-0.01,-1,-1,-0.01,-1,-1,-0.01,-1,-1,-0.01,-1,-1
99926009,2026-05-18 14:38:30+05:30,53413.85,0,0.0,0,0.0,0.0,53282.15,53619.2,52783.45,53710.35,0,0.0,0.0,0.0,0.0,-0.01,-1,-1,-0.01,-1,-1,-0.01,-1,-1,-0.01,-1,-1,-0.01,-1,-1,-0.01,-1,-1,-0.01,-1,-1,-0.01,-1,-1,-0.01,-1,-1,-0.01,-1,-1
99926009,2026-05-18 14:38:30+05:30,53414.4,0,0.0,0,0.0,0.0,53282.15,53619.2,52783.45,53710.35,0,0.0,0.0,0.0,0.0,-0.01,-1,-1,-0.01,-1,-1,-0.01,-1,-1,-0.01,-1,-1,-0.01,-1,-1,-0.01,-1,-1,-0.01,-1,-1,-0.01,-1,-1,-0.01,-1,-1,-0.01,-1,-1
99926009,2026-05-18 14:38:31+05:30,53413.8,0,0.0,0,0.0,0.0,53282.15,53619.2,52783.45,53710.35,0,0.0,0.0,0.0,0.0,-0.01,-1,-1,-0.01,-1,-1,-0.01,-1,-1,-0.01,-1,-1,-0.01,-1,-1,-0.01,-1,-1,-0.01,-1,-1,-0.01,-1,-1,-0.01,-1,-1,-0.01,-1,-1
99926009,2026-05-18 14:38:31+05:30,53414.5,0,0.0,0,0.0,0.0,53282.15,53619.2,52783.45,53710.35,0,0.0,0.0,0.0,0.0,-0.01,-1,-1,-0.01,-1,-1,-0.01,-1,-1,-0.01,-1,-1,-0.01,-1,-1,-0.01,-1,-1,-0.01,-1,-1,-0.01,-1,-1,-0.01,-1,-1,-0.01,-1,-1
99926009,2026-05-18 14:38:32+05:30,53408.15,0,0.0,0,0.0,0.0,53282.15,53619.2,52783.45,53710.35,0,0.0,0.0,0.0,0.0,-0.01,-1,-1,-0.01,-1,-1,-0.01,-1,-1,-0.01,-1,-1,-0.01,-1,-1,-0.01,-1,-1,-0.01,-1,-1,-0.01,-1,-1,-0.01,-1,-1,-0.01,-1,-1
99926009,2026-05-18 14:38:32+05:30,53405.2,0,0.0,0,0.0,0.0,53282.15,53619.2,52783.45,53710.35,0,0.0,0.0,0.0,0.0,-0.01,-1,-1,-0.01,-1,-1,-0.01,-1,-1,-0.01,-1,-1,-0.01,-1,-1,-0.01,-1,-1,-0.01,-1,-1,-0.01,-1,-1,-0.01,-1,-1,-0.01,-1,-1
99926009,2026-05-18 14:38:33+05:30,53407.95,0,0.0,0,0.0,0.0,53282.15,53619.2,52783.45,53710.35,0,0.0,0.0,0.0,0.0,-0.01,-1,-1,-0.01,-1,-1,-0.01,-1,-1,-0.01,-1,-1,-0.01,-1,-1,-0.01,-1,-1,-0.01,-1,-1,-0.01,-1,-1,-0.01,-1,-1,-0.01,-1,-1
99926009,2026-05-18 14:38:33+05:30,53408.0,0,0.0,0,0.0,0.0,53282.15,53619.2,52783.45,53710.35,0,0.0,0.0,0.0,0.0,-0.01,-1,-1,-0.01,-1,-1,-0.01,-1,-1,-0.01,-1,-1,-0.01,-1,-1,-0.01,-1,-1,-0.01,-1,-1,-0.01,-1,-1,-0.01,-1,-1,-0.01,-1,-1
99926009,2026-05-18 14:38:34+05:30,53408.0,0,0.0,0,0.0,0.0,53282.15,53619.2,52783.45,53710.35,0,0.0,0.0,0.0,0.0,-0.01,-1,-1,-0.01,-1,-1,-0.01,-1,-1,-0.01,-1,-1,-0.01,-1,-1,-0.01,-1,-1,-0.01,-1,-1,-0.01,-1,-1,-0.01,-1,-1,-0.01,-1,-1
99926009,2026-05-18 14:38:34+05:30,53401.85,0,0.0,0,0.0,0.0,53282.15,53619.2,52783.45,53710.35,0,0.0,0.0,0.0,0.0,-0.01,-1,-1,-0.01,-1,-1,-0.01,-1,-1,-0.01,-1,-1,-0.01,-1,-1,-0.01,-1,-1,-0.01,-1,-1,-0.01,-1,-1,-0.01,-1,-1,-0.01,-1,-1
99926009,2026-05-18 14:38:35+05:30,53402.35,0,0.0,0,0.0,0.0,53282.15,53619.2,52783.45,53710.35,0,0.0,0.0,0.0,0.0,-0.01,-1,-1,-0.01,-1,-1,-0.01,-1,-1,-0.01,-1,-1,-0.01,-1,-1,-0.01,-1,-1,-0.01,-1,-1,-0.01,-1,-1,-0.01,-1,-1,-0.01,-1,-1
99926009,2026-05-18 14:38:35+05:30,53404.05,0,0.0,0,0.0,0.0,53282.15,53619.2,52783.45,53710.35,0,0.0,0.0,0.0,0.0,-0.01,-1,-1,-0.01,-1,-1,-0.01,-1,-1,-0.01,-1,-1,-0.01,-1,-1,-0.01,-1,-1,-0.01,-1,-1,-0.01,-1,-1,-0.01,-1,-1,-0.01,-1,-1
99926009,2026-05-18 14:38:36+05:30,53402.85,0,0.0,0,0.0,0.0,53282.15,53619.2,52783.45,53710.35,0,0.0,0.0,0.0,0.0,-0.01,-1,-1,-0.01,-1,-1,-0.01,-1,-1,-0.01,-1,-1,-0.01,-1,-1,-0.01,-1,-1,-0.01,-1,-1,-0.01,-1,-1,-0.01,-1,-1,-0.01,-1,-1
99926009,2026-05-18 14:38:36+05:30,53402.0,0,0.0,0,0.0,0.0,53282.15,53619.2,52783.45,53710.35,0,0.0,0.0,0.0,0.0,-0.01,-1,-1,-0.01,-1,-1,-0.01,-1,-1,-0.01,-1,-1,-0.01,-1,-1,-0.01,-1,-1,-0.01,-1,-1,-0.01,-1,-1,-0.01,-1,-1,-0.01,-1,-1
99926009,2026-05-18 14:38:37+05:30,53401.35,0,0.0,0,0.0,0.0,53282.15,53619.2,52783.45,53710.35,0,0.0,0.0,0.0,0.0,-0.01,-1,-1,-0.01,-1,-1,-0.01,-1,-1,-0.01,-1,-1,-0.01,-1,-1,-0.01,-1,-1,-0.01,-1,-1,-0.01,-1,-1,-0.01,-1,-1,-0.01,-1,-1
99926009,2026-05-18 14:38:37+05:30,53402.7,0,0.0,0,0.0,0.0,53282.15,53619.2,52783.45,53710.35,0,0.0,0.0,0.0,0.0,-0.01,-1,-1,-0.01,-1,-1,-0.01,-1,-1,-0.01,-1,-1,-0.01,-1,-1,-0.01,-1,-1,-0.01,-1,-1,-0.01,-1,-1,-0.01,-1,-1,-0.01,-1,-1
99926009,2026-05-18 14:38:38+05:30,53403.6,0,0.0,0,0.0,0.0,53282.15,53619.2,52783.45,53710.35,0,0.0,0.0,0.0,0.0,-0.01,-1,-1,-0.01,-1,-1,-0.01,-1,-1,-0.01,-1,-1,-0.01,-1,-1,-0.01,-1,-1,-0.01,-1,-1,-0.01,-1,-1,-0.01,-1,-1,-0.01,-1,-1
99926009,2026-05-18 14:38:38+05:30,53404.25,0,0.0,0,0.0,0.0,53282.15,53619.2,52783.45,53710.35,0,0.0,0.0,0.0,0.0,-0.01,-1,-1,-0.01,-1,-1,-0.01,-1,-1,-0.01,-1,-1,-0.01,-1,-1,-0.01,-1,-1,-0.01,-1,-1,-0.01,-1,-1,-0.01,-1,-1,-0.01,-1,-1
99926009,2026-05-18 14:38:39+05:30,53404.15,0,0.0,0,0.0,0.0,53282.15,53619.2,52783.45,53710.35,0,0.0,0.0,0.0,0.0,-0.01,-1,-1,-0.01,-1,-1,-0.01,-1,-1,-0.01,-1,-1,-0.01,-1,-1,-0.01,-1,-1,-0.01,-1,-1,-0.01,-1,-1,-0.01,-1,-1,-0.01,-1,-1
99926009,2026-05-18 14:38:39+05:30,53404.3,0,0.0,0,0.0,0.0,53282.15,53619.2,52783.45,53710.35,0,0.0,0.0,0.0,0.0,-0.01,-1,-1,-0.01,-1,-1,-0.01,-1,-1,-0.01,-1,-1,-0.01,-1,-1,-0.01,-1,-1,-0.01,-1,-1,-0.01,-1,-1,-0.01,-1,-1,-0.01,-1,-1
99926009,2026-05-18 14:38:40+05:30,53405.5,0,0.0,0,0.0,0.0,53282.15,53619.2,52783.45,53710.35,0,0.0,0.0,0.0,0.0,-0.01,-1,-1,-0.01,-1,-1,-0.01,-1,-1,-0.01,-1,-1,-0.01,-1,-1,-0.01,-1,-1,-0.01,-1,-1,-0.01,-1,-1,-0.01,-1,-1,-0.01,-1,-1
99926009,2026-05-18 14:38:40+05:30,53406.7,0,0.0,0,0.0,0.0,53282.15,53619.2,52783.45,53710.35,0,0.0,0.0,0.0,0.0,-0.01,-1,-1,-0.01,-1,-1,-0.01,-1,-1,-0.01,-1,-1,-0.01,-1,-1,-0.01,-1,-1,-0.01,-1,-1,-0.01,-1,-1,-0.01,-1,-1,-0.01,-1,-1
99926009,2026-05-18 14:38:41+05:30,53403.9,0,0.0,0,0.0,0.0,53282.15,53619.2,52783.45,53710.35,0,0.0,0.0,0.0,0.0,-0.01,-1,-1,-0.01,-1,-1,-0.01,-1,-1,-0.01,-1,-1,-0.01,-1,-1,-0.01,-1,-1,-0.01,-1,-1,-0.01,-1,-1,-0.01,-1,-1,-0.01,-1,-1
99926009,2026-05-18 14:38:41+05:30,53404.7,0,0.0,0,0.0,0.0,53282.15,53619.2,52783.45,53710.35,0,0.0,0.0,0.0,0.0,-0.01,-1,-1,-0.01,-1,-1,-0.01,-1,-1,-0.01,-1,-1,-0.01,-1,-1,-0.01,-1,-1,-0.01,-1,-1,-0.01,-1,-1,-0.01,-1,-1,-0.01,-1,-1
99926009,2026-05-18 14:38:42+05:30,53403.95,0,0.0,0,0.0,0.0,53282.15,53619.2,52783.45,53710.35,0,0.0,0.0,0.0,0.0,-0.01,-1,-1,-0.01,-1,-1,-0.01,-1,-1,-0.01,-1,-1,-0.01,-1,-1,-0.01,-1,-1,-0.01,-1,-1,-0.01,-1,-1,-0.01,-1,-1,-0.01,-1,-1
99926009,2026-05-18 14:38:42+05:30,53404.55,0,0.0,0,0.0,0.0,53282.15,53619.2,52783.45,53710.35,0,0.0,0.0,0.0,0.0,-0.01,-1,-1,-0.01,-1,-1,-0.01,-1,-1,-0.01,-1,-1,-0.01,-1,-1,-0.01,-1,-1,-0.01,-1,-1,-0.01,-1,-1,-0.01,-1,-1,-0.01,-1,-1
99926009,2026-05-18 14:38:43+05:30,53407.1,0,0.0,0,0.0,0.0,53282.15,53619.2,52783.45,53710.35,0,0.0,0.0,0.0,0.0,-0.01,-1,-1,-0.01,-1,-1,-0.01,-1,-1,-0.01,-1,-1,-0.01,-1,-1,-0.01,-1,-1,-0.01,-1,-1,-0.01,-1,-1,-0.01,-1,-1,-0.01,-1,-1
99926009,2026-05-18 14:38:43+05:30,53404.2,0,0.0,0,0.0,0.0,53282.15,53619.2,52783.45,53710.35,0,0.0,0.0,0.0,0.0,-0.01,-1,-1,-0.01,-1,-1,-0.01,-1,-1,-0.01,-1,-1,-0.01,-1,-1,-0.01,-1,-1,-0.01,-1,-1,-0.01,-1,-1,-0.01,-1,-1,-0.01,-1,-1
99926009,2026-05-18 14:38:44+05:30,53402.75,0,0.0,0,0.0,0.0,53282.15,53619.2,52783.45,53710.35,0,0.0,0.0,0.0,0.0,-0.01,-1,-1,-0.01,-1,-1,-0.01,-1,-1,-0.01,-1,-1,-0.01,-1,-1,-0.01,-1,-1,-0.01,-1,-1,-0.01,-1,-1,-0.01,-1,-1,-0.01,-1,-1
99926009,2026-05-18 14:38:44+05:30,53402.05,0,0.0,0,0.0,0.0,53282.15,53619.2,52783.45,53710.35,0,0.0,0.0,0.0,0.0,-0.01,-1,-1,-0.01,-1,-1,-0.01,-1,-1,-0.01,-1,-1,-0.01,-1,-1,-0.01,-1,-1,-0.01,-1,-1,-0.01,-1,-1,-0.01,-1,-1,-0.01,-1,-1
99926009,2026-05-18 14:38:45+05:30,53403.05,0,0.0,0,0.0,0.0,53282.15,53619.2,52783.45,53710.35,0,0.0,0.0,0.0,0.0,-0.01,-1,-1,-0.01,-1,-1,-0.01,-1,-1,-0.01,-1,-1,-0.01,-1,-1,-0.01,-1,-1,-0.01,-1,-1,-0.01,-1,-1,-0.01,-1,-1,-0.01,-1,-1
99926009,2026-05-18 14:38:45+05:30,53403.15,0,0.0,0,0.0,0.0,53282.15,53619.2,52783.45,53710.35,0,0.0,0.0,0.0,0.0,-0.01,-1,-1,-0.01,-1,-1,-0.01,-1,-1,-0.01,-1,-1,-0.01,-1,-1,-0.01,-1,-1,-0.01,-1,-1,-0.01,-1,-1,-0.01,-1,-1,-0.01,-1,-1
99926009,2026-05-18 14:38:46+05:30,53400.05,0,0.0,0,0.0,0.0,53282.15,53619.2,52783.45,53710.35,0,0.0,0.0,0.0,0.0,-0.01,-1,-1,-0.01,-1,-1,-0.01,-1,-1,-0.01,-1,-1,-0.01,-1,-1,-0.01,-1,-1,-0.01,-1,-1,-0.01,-1,-1,-0.01,-1,-1,-0.01,-1,-1
99926009,2026-05-18 14:38:46+05:30,53404.0,0,0.0,0,0.0,0.0,53282.15,53619.2,52783.45,53710.35,0,0.0,0.0,0.0,0.0,-0.01,-1,-1,-0.01,-1,-1,-0.01,-1,-1,-0.01,-1,-1,-0.01,-1,-1,-0.01,-1,-1,-0.01,-1,-1,-0.01,-1,-1,-0.01,-1,-1,-0.01,-1,-1
99926009,2026-05-18 14:38:47+05:30,53400.9,0,0.0,0,0.0,0.0,53282.15,53619.2,52783.45,53710.35,0,0.0,0.0,0.0,0.0,-0.01,-1,-1,-0.01,-1,-1,-0.01,-1,-1,-0.01,-1,-1,-0.01,-1,-1,-0.01,-1,-1,-0.01,-1,-1,-0.01,-1,-1,-0.01,-1,-1,-0.01,-1,-1
99926009,2026-05-18 14:38:47+05:30,53402.0,0,0.0,0,0.0,0.0,53282.15,53619.2,52783.45,53710.35,0,0.0,0.0,0.0,0.0,-0.01,-1,-1,-0.01,-1,-1,-0.01,-1,-1,-0.01,-1,-1,-0.01,-1,-1,-0.01,-1,-1,-0.01,-1,-1,-0.01,-1,-1,-0.01,-1,-1,-0.01,-1,-1
99926009,2026-05-18 14:38:48+05:30,53400.55,0,0.0,0,0.0,0.0,53282.15,53619.2,52783.45,53710.35,0,0.0,0.0,0.0,0.0,-0.01,-1,-1,-0.01,-1,-1,-0.01,-1,-1,-0.01,-1,-1,-0.01,-1,-1,-0.01,-1,-1,-0.01,-1,-1,-0.01,-1,-1,-0.01,-1,-1,-0.01,-1,-1
99926009,2026-05-18 14:38:48+05:30,53402.65,0,0.0,0,0.0,0.0,53282.15,53619.2,52783.45,53710.35,0,0.0,0.0,0.0,0.0,-0.01,-1,-1,-0.01,-1,-1,-0.01,-1,-1,-0.01,-1,-1,-0.01,-1,-1,-0.01,-1,-1,-0.01,-1,-1,-0.01,-1,-1,-0.01,-1,-1,-0.01,-1,-1
99926009,2026-05-18 14:38:49+05:30,53401.75,0,0.0,0,0.0,0.0,53282.15,53619.2,52783.45,53710.35,0,0.0,0.0,0.0,0.0,-0.01,-1,-1,-0.01,-1,-1,-0.01,-1,-1,-0.01,-1,-1,-0.01,-1,-1,-0.01,-1,-1,-0.01,-1,-1,-0.01,-1,-1,-0.01,-1,-1,-0.01,-1,-1
99926009,2026-05-18 14:38:49+05:30,53401.8,0,0.0,0,0.0,0.0,53282.15,53619.2,52783.45,53710.35,0,0.0,0.0,0.0,0.0,-0.01,-1,-1,-0.01,-1,-1,-0.01,-1,-1,-0.01,-1,-1,-0.01,-1,-1,-0.01,-1,-1,-0.01,-1,-1,-0.01,-1,-1,-0.01,-1,-1,-0.01,-1,-1
99926009,2026-05-18 14:38:50+05:30,53399.45,0,0.0,0,0.0,0.0,53282.15,53619.2,52783.45,53710.35,0,0.0,0.0,0.0,0.0,-0.01,-1,-1,-0.01,-1,-1,-0.01,-1,-1,-0.01,-1,-1,-0.01,-1,-1,-0.01,-1,-1,-0.01,-1,-1,-0.01,-1,-1,-0.01,-1,-1,-0.01,-1,-1
99926009,2026-05-18 14:38:50+05:30,53401.45,0,0.0,0,0.0,0.0,53282.15,53619.2,52783.45,53710.35,0,0.0,0.0,0.0,0.0,-0.01,-1,-1,-0.01,-1,-1,-0.01,-1,-1,-0.01,-1,-1,-0.01,-1,-1,-0.01,-1,-1,-0.01,-1,-1,-0.01,-1,-1,-0.01,-1,-1,-0.01,-1,-1
99926009,2026-05-18 14:38:51+05:30,53401.8,0,0.0,0,0.0,0.0,53282.15,53619.2,52783.45,53710.35,0,0.0,0.0,0.0,0.0,-0.01,-1,-1,-0.01,-1,-1,-0.01,-1,-1,-0.01,-1,-1,-0.01,-1,-1,-0.01,-1,-1,-0.01,-1,-1,-0.01,-1,-1,-0.01,-1,-1,-0.01,-1,-1
99926009,2026-05-18 14:38:51+05:30,53402.3,0,0.0,0,0.0,0.0,53282.15,53619.2,52783.45,53710.35,0,0.0,0.0,0.0,0.0,-0.01,-1,-1,-0.01,-1,-1,-0.01,-1,-1,-0.01,-1,-1,-0.01,-1,-1,-0.01,-1,-1,-0.01,-1,-1,-0.01,-1,-1,-0.01,-1,-1,-0.01,-1,-1
99926009,2026-05-18 14:38:52+05:30,53406.7,0,0.0,0,0.0,0.0,53282.15,53619.2,52783.45,53710.35,0,0.0,0.0,0.0,0.0,-0.01,-1,-1,-0.01,-1,-1,-0.01,-1,-1,-0.01,-1,-1,-0.01,-1,-1,-0.01,-1,-1,-0.01,-1,-1,-0.01,-1,-1,-0.01,-1,-1,-0.01,-1,-1
99926009,2026-05-18 14:38:52+05:30,53406.3,0,0.0,0,0.0,0.0,53282.15,53619.2,52783.45,53710.35,0,0.0,0.0,0.0,0.0,-0.01,-1,-1,-0.01,-1,-1,-0.01,-1,-1,-0.01,-1,-1,-0.01,-1,-1,-0.01,-1,-1,-0.01,-1,-1,-0.01,-1,-1,-0.01,-1,-1,-0.01,-1,-1
99926009,2026-05-18 14:38:53+05:30,53407.5,0,0.0,0,0.0,0.0,53282.15,53619.2,52783.45,53710.35,0,0.0,0.0,0.0,0.0,-0.01,-1,-1,-0.01,-1,-1,-0.01,-1,-1,-0.01,-1,-1,-0.01,-1,-1,-0.01,-1,-1,-0.01,-1,-1,-0.01,-1,-1,-0.01,-1,-1,-0.01,-1,-1
99926009,2026-05-18 14:38:53+05:30,53406.4,0,0.0,0,0.0,0.0,53282.15,53619.2,52783.45,53710.35,0,0.0,0.0,0.0,0.0,-0.01,-1,-1,-0.01,-1,-1,-0.01,-1,-1,-0.01,-1,-1,-0.01,-1,-1,-0.01,-1,-1,-0.01,-1,-1,-0.01,-1,-1,-0.01,-1,-1,-0.01,-1,-1
99926009,2026-05-18 14:38:54+05:30,53405.4,0,0.0,0,0.0,0.0,53282.15,53619.2,52783.45,53710.35,0,0.0,0.0,0.0,0.0,-0.01,-1,-1,-0.01,-1,-1,-0.01,-1,-1,-0.01,-1,-1,-0.01,-1,-1,-0.01,-1,-1,-0.01,-1,-1,-0.01,-1,-1,-0.01,-1,-1,-0.01,-1,-1
99926009,2026-05-18 14:38:54+05:30,53404.9,0,0.0,0,0.0,0.0,53282.15,53619.2,52783.45,53710.35,0,0.0,0.0,0.0,0.0,-0.01,-1,-1,-0.01,-1,-1,-0.01,-1,-1,-0.01,-1,-1,-0.01,-1,-1,-0.01,-1,-1,-0.01,-1,-1,-0.01,-1,-1,-0.01,-1,-1,-0.01,-1,-1
99926009,2026-05-18 14:38:55+05:30,53405.0,0,0.0,0,0.0,0.0,53282.15,53619.2,52783.45,53710.35,0,0.0,0.0,0.0,0.0,-0.01,-1,-1,-0.01,-1,-1,-0.01,-1,-1,-0.01,-1,-1,-0.01,-1,-1,-0.01,-1,-1,-0.01,-1,-1,-0.01,-1,-1,-0.01,-1,-1,-0.01,-1,-1
99926009,2026-05-18 14:38:55+05:30,53405.75,0,0.0,0,0.0,0.0,53282.15,53619.2,52783.45,53710.35,0,0.0,0.0,0.0,0.0,-0.01,-1,-1,-0.01,-1,-1,-0.01,-1,-1,-0.01,-1,-1,-0.01,-1,-1,-0.01,-1,-1,-0.01,-1,-1,-0.01,-1,-1,-0.01,-1,-1,-0.01,-1,-1
99926009,2026-05-18 14:38:56+05:30,53405.1,0,0.0,0,0.0,0.0,53282.15,53619.2,52783.45,53710.35,0,0.0,0.0,0.0,0.0,-0.01,-1,-1,-0.01,-1,-1,-0.01,-1,-1,-0.01,-1,-1,-0.01,-1,-1,-0.01,-1,-1,-0.01,-1,-1,-0.01,-1,-1,-0.01,-1,-1,-0.01,-1,-1
99926009,2026-05-18 14:38:56+05:30,53405.65,0,0.0,0,0.0,0.0,53282.15,53619.2,52783.45,53710.35,0,0.0,0.0,0.0,0.0,-0.01,-1,-1,-0.01,-1,-1,-0.01,-1,-1,-0.01,-1,-1,-0.01,-1,-1,-0.01,-1,-1,-0.01,-1,-1,-0.01,-1,-1,-0.01,-1,-1,-0.01,-1,-1
99926009,2026-05-18 14:38:57+05:30,53405.15,0,0.0,0,0.0,0.0,53282.15,53619.2,52783.45,53710.35,0,0.0,0.0,0.0,0.0,-0.01,-1,-1,-0.01,-1,-1,-0.01,-1,-1,-0.01,-1,-1,-0.01,-1,-1,-0.01,-1,-1,-0.01,-1,-1,-0.01,-1,-1,-0.01,-1,-1,-0.01,-1,-1
99926009,2026-05-18 14:38:57+05:30,53407.8,0,0.0,0,0.0,0.0,53282.15,53619.2,52783.45,53710.35,0,0.0,0.0,0.0,0.0,-0.01,-1,-1,-0.01,-1,-1,-0.01,-1,-1,-0.01,-1,-1,-0.01,-1,-1,-0.01,-1,-1,-0.01,-1,-1,-0.01,-1,-1,-0.01,-1,-1,-0.01,-1,-1
99926009,2026-05-18 14:38:58+05:30,53410.75,0,0.0,0,0.0,0.0,53282.15,53619.2,52783.45,53710.35,0,0.0,0.0,0.0,0.0,-0.01,-1,-1,-0.01,-1,-1,-0.01,-1,-1,-0.01,-1,-1,-0.01,-1,-1,-0.01,-1,-1,-0.01,-1,-1,-0.01,-1,-1,-0.01,-1,-1,-0.01,-1,-1
99926009,2026-05-18 14:38:58+05:30,53409.25,0,0.0,0,0.0,0.0,53282.15,53619.2,52783.45,53710.35,0,0.0,0.0,0.0,0.0,-0.01,-1,-1,-0.01,-1,-1,-0.01,-1,-1,-0.01,-1,-1,-0.01,-1,-1,-0.01,-1,-1,-0.01,-1,-1,-0.01,-1,-1,-0.01,-1,-1,-0.01,-1,-1
99926009,2026-05-18 14:38:59+05:30,53408.75,0,0.0,0,0.0,0.0,53282.15,53619.2,52783.45,53710.35,0,0.0,0.0,0.0,0.0,-0.01,-1,-1,-0.01,-1,-1,-0.01,-1,-1,-0.01,-1,-1,-0.01,-1,-1,-0.01,-1,-1,-0.01,-1,-1,-0.01,-1,-1,-0.01,-1,-1,-0.01,-1,-1
99926009,2026-05-18 14:38:59+05:30,53408.55,0,0.0,0,0.0,0.0,53282.15,53619.2,52783.45,53710.35,0,0.0,0.0,0.0,0.0,-0.01,-1,-1,-0.01,-1,-1,-0.01,-1,-1,-0.01,-1,-1,-0.01,-1,-1,-0.01,-1,-1,-0.01,-1,-1,-0.01,-1,-1,-0.01,-1,-1,-0.01,-1,-1
99926009,2026-05-18 14:39:00+05:30,53410.6,0,0.0,0,0.0,0.0,53282.15,53619.2,52783.45,53710.35,0,0.0,0.0,0.0,0.0,-0.01,-1,-1,-0.01,-1,-1,-0.01,-1,-1,-0.01,-1,-1,-0.01,-1,-1,-0.01,-1,-1,-0.01,-1,-1,-0.01,-1,-1,-0.01,-1,-1,-0.01,-1,-1
99926009,2026-05-18 14:39:00+05:30,53410.6,0,0.0,0,0.0,0.0,53282.15,53619.2,52783.45,53710.35,0,0.0,0.0,0.0,0.0,-0.01,-1,-1,-0.01,-1,-1,-0.01,-1,-1,-0.01,-1,-1,-0.01,-1,-1,-0.01,-1,-1,-0.01,-1,-1,-0.01,-1,-1,-0.01,-1,-1,-0.01,-1,-1
99926009,2026-05-18 14:39:01+05:30,53406.2,0,0.0,0,0.0,0.0,53282.15,53619.2,52783.45,53710.35,0,0.0,0.0,0.0,0.0,-0.01,-1,-1,-0.01,-1,-1,-0.01,-1,-1,-0.01,-1,-1,-0.01,-1,-1,-0.01,-1,-1,-0.01,-1,-1,-0.01,-1,-1,-0.01,-1,-1,-0.01,-1,-1
99926009,2026-05-18 14:39:01+05:30,53406.2,0,0.0,0,0.0,0.0,53282.15,53619.2,52783.45,53710.35,0,0.0,0.0,0.0,0.0,-0.01,-1,-1,-0.01,-1,-1,-0.01,-1,-1,-0.01,-1,-1,-0.01,-1,-1,-0.01,-1,-1,-0.01,-1,-1,-0.01,-1,-1,-0.01,-1,-1,-0.01,-1,-1
99926009,2026-05-18 14:39:02+05:30,53407.2,0,0.0,0,0.0,0.0,53282.15,53619.2,52783.45,53710.35,0,0.0,0.0,0.0,0.0,-0.01,-1,-1,-0.01,-1,-1,-0.01,-1,-1,-0.01,-1,-1,-0.01,-1,-1,-0.01,-1,-1,-0.01,-1,-1,-0.01,-1,-1,-0.01,-1,-1,-0.01,-1,-1
99926009,2026-05-18 14:39:02+05:30,53405.25,0,0.0,0,0.0,0.0,53282.15,53619.2,52783.45,53710.35,0,0.0,0.0,0.0,0.0,-0.01,-1,-1,-0.01,-1,-1,-0.01,-1,-1,-0.01,-1,-1,-0.01,-1,-1,-0.01,-1,-1,-0.01,-1,-1,-0.01,-1,-1,-0.01,-1,-1,-0.01,-1,-1
99926009,2026-05-18 14:39:03+05:30,53410.25,0,0.0,0,0.0,0.0,53282.15,53619.2,52783.45,53710.35,0,0.0,0.0,0.0,0.0,-0.01,-1,-1,-0.01,-1,-1,-0.01,-1,-1,-0.01,-1,-1,-0.01,-1,-1,-0.01,-1,-1,-0.01,-1,-1,-0.01,-1,-1,-0.01,-1,-1,-0.01,-1,-1
99926009,2026-05-18 14:39:03+05:30,53409.6,0,0.0,0,0.0,0.0,53282.15,53619.2,52783.45,53710.35,0,0.0,0.0,0.0,0.0,-0.01,-1,-1,-0.01,-1,-1,-0.01,-1,-1,-0.01,-1,-1,-0.01,-1,-1,-0.01,-1,-1,-0.01,-1,-1,-0.01,-1,-1,-0.01,-1,-1,-0.01,-1,-1
99926009,2026-05-18 14:39:04+05:30,53411.15,0,0.0,0,0.0,0.0,53282.15,53619.2,52783.45,53710.35,0,0.0,0.0,0.0,0.0,-0.01,-1,-1,-0.01,-1,-1,-0.01,-1,-1,-0.01,-1,-1,-0.01,-1,-1,-0.01,-1,-1,-0.01,-1,-1,-0.01,-1,-1,-0.01,-1,-1,-0.01,-1,-1
99926009,2026-05-18 14:39:04+05:30,53411.0,0,0.0,0,0.0,0.0,53282.15,53619.2,52783.45,53710.35,0,0.0,0.0,0.0,0.0,-0.01,-1,-1,-0.01,-1,-1,-0.01,-1,-1,-0.01,-1,-1,-0.01,-1,-1,-0.01,-1,-1,-0.01,-1,-1,-0.01,-1,-1,-0.01,-1,-1,-0.01,-1,-1
99926009,2026-05-18 14:39:05+05:30,53408.9,0,0.0,0,0.0,0.0,53282.15,53619.2,52783.45,53710.35,0,0.0,0.0,0.0,0.0,-0.01,-1,-1,-0.01,-1,-1,-0.01,-1,-1,-0.01,-1,-1,-0.01,-1,-1,-0.01,-1,-1,-0.01,-1,-1,-0.01,-1,-1,-0.01,-1,-1,-0.01,-1,-1
99926009,2026-05-18 14:39:05+05:30,53408.75,0,0.0,0,0.0,0.0,53282.15,53619.2,52783.45,53710.35,0,0.0,0.0,0.0,0.0,-0.01,-1,-1,-0.01,-1,-1,-0.01,-1,-1,-0.01,-1,-1,-0.01,-1,-1,-0.01,-1,-1,-0.01,-1,-1,-0.01,-1,-1,-0.01,-1,-1,-0.01,-1,-1
99926009,2026-05-18 14:39:06+05:30,53408.05,0,0.0,0,0.0,0.0,53282.15,53619.2,52783.45,53710.35,0,0.0,0.0,0.0,0.0,-0.01,-1,-1,-0.01,-1,-1,-0.01,-1,-1,-0.01,-1,-1,-0.01,-1,-1,-0.01,-1,-1,-0.01,-1,-1,-0.01,-1,-1,-0.01,-1,-1,-0.01,-1,-1
99926009,2026-05-18 14:39:06+05:30,53404.45,0,0.0,0,0.0,0.0,53282.15,53619.2,52783.45,53710.35,0,0.0,0.0,0.0,0.0,-0.01,-1,-1,-0.01,-1,-1,-0.01,-1,-1,-0.01,-1,-1,-0.01,-1,-1,-0.01,-1,-1,-0.01,-1,-1,-0.01,-1,-1,-0.01,-1,-1,-0.01,-1,-1
99926009,2026-05-18 14:39:07+05:30,53407.0,0,0.0,0,0.0,0.0,53282.15,53619.2,52783.45,53710.35,0,0.0,0.0,0.0,0.0,-0.01,-1,-1,-0.01,-1,-1,-0.01,-1,-1,-0.01,-1,-1,-0.01,-1,-1,-0.01,-1,-1,-0.01,-1,-1,-0.01,-1,-1,-0.01,-1,-1,-0.01,-1,-1
99926009,2026-05-18 14:39:07+05:30,53406.4,0,0.0,0,0.0,0.0,53282.15,53619.2,52783.45,53710.35,0,0.0,0.0,0.0,0.0,-0.01,-1,-1,-0.01,-1,-1,-0.01,-1,-1,-0.01,-1,-1,-0.01,-1,-1,-0.01,-1,-1,-0.01,-1,-1,-0.01,-1,-1,-0.01,-1,-1,-0.01,-1,-1
99926009,2026-05-18 14:39:08+05:30,53407.6,0,0.0,0,0.0,0.0,53282.15,53619.2,52783.45,53710.35,0,0.0,0.0,0.0,0.0,-0.01,-1,-1,-0.01,-1,-1,-0.01,-1,-1,-0.01,-1,-1,-0.01,-1,-1,-0.01,-1,-1,-0.01,-1,-1,-0.01,-1,-1,-0.01,-1,-1,-0.01,-1,-1
99926009,2026-05-18 14:39:08+05:30,53409.6,0,0.0,0,0.0,0.0,53282.15,53619.2,52783.45,53710.35,0,0.0,0.0,0.0,0.0,-0.01,-1,-1,-0.01,-1,-1,-0.01,-1,-1,-0.01,-1,-1,-0.01,-1,-1,-0.01,-1,-1,-0.01,-1,-1,-0.01,-1,-1,-0.01,-1,-1,-0.01,-1,-1
99926009,2026-05-18 14:39:09+05:30,53409.6,0,0.0,0,0.0,0.0,53282.15,53619.2,52783.45,53710.35,0,0.0,0.0,0.0,0.0,-0.01,-1,-1,-0.01,-1,-1,-0.01,-1,-1,-0.01,-1,-1,-0.01,-1,-1,-0.01,-1,-1,-0.01,-1,-1,-0.01,-1,-1,-0.01,-1,-1,-0.01,-1,-1
99926009,2026-05-18 14:39:09+05:30,53411.45,0,0.0,0,0.0,0.0,53282.15,53619.2,52783.45,53710.35,0,0.0,0.0,0.0,0.0,-0.01,-1,-1,-0.01,-1,-1,-0.01,-1,-1,-0.01,-1,-1,-0.01,-1,-1,-0.01,-1,-1,-0.01,-1,-1,-0.01,-1,-1,-0.01,-1,-1,-0.01,-1,-1
99926009,2026-05-18 14:39:10+05:30,53410.3,0,0.0,0,0.0,0.0,53282.15,53619.2,52783.45,53710.35,0,0.0,0.0,0.0,0.0,-0.01,-1,-1,-0.01,-1,-1,-0.01,-1,-1,-0.01,-1,-1,-0.01,-1,-1,-0.01,-1,-1,-0.01,-1,-1,-0.01,-1,-1,-0.01,-1,-1,-0.01,-1,-1
99926009,2026-05-18 14:39:10+05:30,53411.55,0,0.0,0,0.0,0.0,53282.15,53619.2,52783.45,53710.35,0,0.0,0.0,0.0,0.0,-0.01,-1,-1,-0.01,-1,-1,-0.01,-1,-1,-0.01,-1,-1,-0.01,-1,-1,-0.01,-1,-1,-0.01,-1,-1,-0.01,-1,-1,-0.01,-1,-1,-0.01,-1,-1
99926009,2026-05-18 14:39:11+05:30,53410.9,0,0.0,0,0.0,0.0,53282.15,53619.2,52783.45,53710.35,0,0.0,0.0,0.0,0.0,-0.01,-1,-1,-0.01,-1,-1,-0.01,-1,-1,-0.01,-1,-1,-0.01,-1,-1,-0.01,-1,-1,-0.01,-1,-1,-0.01,-1,-1,-0.01,-1,-1,-0.01,-1,-1
99926009,2026-05-18 14:39:11+05:30,53410.25,0,0.0,0,0.0,0.0,53282.15,53619.2,52783.45,53710.35,0,0.0,0.0,0.0,0.0,-0.01,-1,-1,-0.01,-1,-1,-0.01,-1,-1,-0.01,-1,-1,-0.01,-1,-1,-0.01,-1,-1,-0.01,-1,-1,-0.01,-1,-1,-0.01,-1,-1,-0.01,-1,-1
99926009,2026-05-18 14:39:12+05:30,53411.15,0,0.0,0,0.0,0.0,53282.15,53619.2,52783.45,53710.35,0,0.0,0.0,0.0,0.0,-0.01,-1,-1,-0.01,-1,-1,-0.01,-1,-1,-0.01,-1,-1,-0.01,-1,-1,-0.01,-1,-1,-0.01,-1,-1,-0.01,-1,-1,-0.01,-1,-1,-0.01,-1,-1
99926009,2026-05-18 14:39:12+05:30,53408.45,0,0.0,0,0.0,0.0,53282.15,53619.2,52783.45,53710.35,0,0.0,0.0,0.0,0.0,-0.01,-1,-1,-0.01,-1,-1,-0.01,-1,-1,-0.01,-1,-1,-0.01,-1,-1,-0.01,-1,-1,-0.01,-1,-1,-0.01,-1,-1,-0.01,-1,-1,-0.01,-1,-1
99926009,2026-05-18 14:39:13+05:30,53408.65,0,0.0,0,0.0,0.0,53282.15,53619.2,52783.45,53710.35,0,0.0,0.0,0.0,0.0,-0.01,-1,-1,-0.01,-1,-1,-0.01,-1,-1,-0.01,-1,-1,-0.01,-1,-1,-0.01,-1,-1,-0.01,-1,-1,-0.01,-1,-1,-0.01,-1,-1,-0.01,-1,-1
99926009,2026-05-18 14:39:13+05:30,53408.1,0,0.0,0,0.0,0.0,53282.15,53619.2,52783.45,53710.35,0,0.0,0.0,0.0,0.0,-0.01,-1,-1,-0.01,-1,-1,-0.01,-1,-1,-0.01,-1,-1,-0.01,-1,-1,-0.01,-1,-1,-0.01,-1,-1,-0.01,-1,-1,-0.01,-1,-1,-0.01,-1,-1
99926009,2026-05-18 14:39:14+05:30,53406.6,0,0.0,0,0.0,0.0,53282.15,53619.2,52783.45,53710.35,0,0.0,0.0,0.0,0.0,-0.01,-1,-1,-0.01,-1,-1,-0.01,-1,-1,-0.01,-1,-1,-0.01,-1,-1,-0.01,-1,-1,-0.01,-1,-1,-0.01,-1,-1,-0.01,-1,-1,-0.01,-1,-1
99926009,2026-05-18 14:39:14+05:30,53406.9,0,0.0,0,0.0,0.0,53282.15,53619.2,52783.45,53710.35,0,0.0,0.0,0.0,0.0,-0.01,-1,-1,-0.01,-1,-1,-0.01,-1,-1,-0.01,-1,-1,-0.01,-1,-1,-0.01,-1,-1,-0.01,-1,-1,-0.01,-1,-1,-0.01,-1,-1,-0.01,-1,-1
99926009,2026-05-18 14:39:15+05:30,53404.75,0,0.0,0,0.0,0.0,53282.15,53619.2,52783.45,53710.35,0,0.0,0.0,0.0,0.0,-0.01,-1,-1,-0.01,-1,-1,-0.01,-1,-1,-0.01,-1,-1,-0.01,-1,-1,-0.01,-1,-1,-0.01,-1,-1,-0.01,-1,-1,-0.01,-1,-1,-0.01,-1,-1
99926009,2026-05-18 14:39:15+05:30,53407.05,0,0.0,0,0.0,0.0,53282.15,53619.2,52783.45,53710.35,0,0.0,0.0,0.0,0.0,-0.01,-1,-1,-0.01,-1,-1,-0.01,-1,-1,-0.01,-1,-1,-0.01,-1,-1,-0.01,-1,-1,-0.01,-1,-1,-0.01,-1,-1,-0.01,-1,-1,-0.01,-1,-1
99926009,2026-05-18 14:39:16+05:30,53405.7,0,0.0,0,0.0,0.0,53282.15,53619.2,52783.45,53710.35,0,0.0,0.0,0.0,0.0,-0.01,-1,-1,-0.01,-1,-1,-0.01,-1,-1,-0.01,-1,-1,-0.01,-1,-1,-0.01,-1,-1,-0.01,-1,-1,-0.01,-1,-1,-0.01,-1,-1,-0.01,-1,-1
99926009,2026-05-18 14:39:16+05:30,53406.0,0,0.0,0,0.0,0.0,53282.15,53619.2,52783.45,53710.35,0,0.0,0.0,0.0,0.0,-0.01,-1,-1,-0.01,-1,-1,-0.01,-1,-1,-0.01,-1,-1,-0.01,-1,-1,-0.01,-1,-1,-0.01,-1,-1,-0.01,-1,-1,-0.01,-1,-1,-0.01,-1,-1
99926009,2026-05-18 14:39:17+05:30,53405.95,0,0.0,0,0.0,0.0,53282.15,53619.2,52783.45,53710.35,0,0.0,0.0,0.0,0.0,-0.01,-1,-1,-0.01,-1,-1,-0.01,-1,-1,-0.01,-1,-1,-0.01,-1,-1,-0.01,-1,-1,-0.01,-1,-1,-0.01,-1,-1,-0.01,-1,-1,-0.01,-1,-1
99926009,2026-05-18 14:39:17+05:30,53403.4,0,0.0,0,0.0,0.0,53282.15,53619.2,52783.45,53710.35,0,0.0,0.0,0.0,0.0,-0.01,-1,-1,-0.01,-1,-1,-0.01,-1,-1,-0.01,-1,-1,-0.01,-1,-1,-0.01,-1,-1,-0.01,-1,-1,-0.01,-1,-1,-0.01,-1,-1,-0.01,-1,-1
99926009,2026-05-18 14:39:18+05:30,53402.95,0,0.0,0,0.0,0.0,53282.15,53619.2,52783.45,53710.35,0,0.0,0.0,0.0,0.0,-0.01,-1,-1,-0.01,-1,-1,-0.01,-1,-1,-0.01,-1,-1,-0.01,-1,-1,-0.01,-1,-1,-0.01,-1,-1,-0.01,-1,-1,-0.01,-1,-1,-0.01,-1,-1
99926009,2026-05-18 14:39:18+05:30,53404.9,0,0.0,0,0.0,0.0,53282.15,53619.2,52783.45,53710.35,0,0.0,0.0,0.0,0.0,-0.01,-1,-1,-0.01,-1,-1,-0.01,-1,-1,-0.01,-1,-1,-0.01,-1,-1,-0.01,-1,-1,-0.01,-1,-1,-0.01,-1,-1,-0.01,-1,-1,-0.01,-1,-1
99926009,2026-05-18 14:39:19+05:30,53405.45,0,0.0,0,0.0,0.0,53282.15,53619.2,52783.45,53710.35,0,0.0,0.0,0.0,0.0,-0.01,-1,-1,-0.01,-1,-1,-0.01,-1,-1,-0.01,-1,-1,-0.01,-1,-1,-0.01,-1,-1,-0.01,-1,-1,-0.01,-1,-1,-0.01,-1,-1,-0.01,-1,-1
99926009,2026-05-18 14:39:19+05:30,53405.3,0,0.0,0,0.0,0.0,53282.15,53619.2,52783.45,53710.35,0,0.0,0.0,0.0,0.0,-0.01,-1,-1,-0.01,-1,-1,-0.01,-1,-1,-0.01,-1,-1,-0.01,-1,-1,-0.01,-1,-1,-0.01,-1,-1,-0.01,-1,-1,-0.01,-1,-1,-0.01,-1,-1
99926009,2026-05-18 14:39:20+05:30,53406.45,0,0.0,0,0.0,0.0,53282.15,53619.2,52783.45,53710.35,0,0.0,0.0,0.0,0.0,-0.01,-1,-1,-0.01,-1,-1,-0.01,-1,-1,-0.01,-1,-1,-0.01,-1,-1,-0.01,-1,-1,-0.01,-1,-1,-0.01,-1,-1,-0.01,-1,-1,-0.01,-1,-1
99926009,2026-05-18 14:39:20+05:30,53404.85,0,0.0,0,0.0,0.0,53282.15,53619.2,52783.45,53710.35,0,0.0,0.0,0.0,0.0,-0.01,-1,-1,-0.01,-1,-1,-0.01,-1,-1,-0.01,-1,-1,-0.01,-1,-1,-0.01,-1,-1,-0.01,-1,-1,-0.01,-1,-1,-0.01,-1,-1,-0.01,-1,-1
99926009,2026-05-18 14:39:21+05:30,53406.1,0,0.0,0,0.0,0.0,53282.15,53619.2,52783.45,53710.35,0,0.0,0.0,0.0,0.0,-0.01,-1,-1,-0.01,-1,-1,-0.01,-1,-1,-0.01,-1,-1,-0.01,-1,-1,-0.01,-1,-1,-0.01,-1,-1,-0.01,-1,-1,-0.01,-1,-1,-0.01,-1,-1
99926009,2026-05-18 14:39:21+05:30,53407.5,0,0.0,0,0.0,0.0,53282.15,53619.2,52783.45,53710.35,0,0.0,0.0,0.0,0.0,-0.01,-1,-1,-0.01,-1,-1,-0.01,-1,-1,-0.01,-1,-1,-0.01,-1,-1,-0.01,-1,-1,-0.01,-1,-1,-0.01,-1,-1,-0.01,-1,-1,-0.01,-1,-1
99926009,2026-05-18 14:39:22+05:30,53410.1,0,0.0,0,0.0,0.0,53282.15,53619.2,52783.45,53710.35,0,0.0,0.0,0.0,0.0,-0.01,-1,-1,-0.01,-1,-1,-0.01,-1,-1,-0.01,-1,-1,-0.01,-1,-1,-0.01,-1,-1,-0.01,-1,-1,-0.01,-1,-1,-0.01,-1,-1,-0.01,-1,-1
99926009,2026-05-18 14:39:22+05:30,53407.8,0,0.0,0,0.0,0.0,53282.15,53619.2,52783.45,53710.35,0,0.0,0.0,0.0,0.0,-0.01,-1,-1,-0.01,-1,-1,-0.01,-1,-1,-0.01,-1,-1,-0.01,-1,-1,-0.01,-1,-1,-0.01,-1,-1,-0.01,-1,-1,-0.01,-1,-1,-0.01,-1,-1
99926009,2026-05-18 14:39:23+05:30,53408.35,0,0.0,0,0.0,0.0,53282.15,53619.2,52783.45,53710.35,0,0.0,0.0,0.0,0.0,-0.01,-1,-1,-0.01,-1,-1,-0.01,-1,-1,-0.01,-1,-1,-0.01,-1,-1,-0.01,-1,-1,-0.01,-1,-1,-0.01,-1,-1,-0.01,-1,-1,-0.01,-1,-1
99926009,2026-05-18 14:39:23+05:30,53406.1,0,0.0,0,0.0,0.0,53282.15,53619.2,52783.45,53710.35,0,0.0,0.0,0.0,0.0,-0.01,-1,-1,-0.01,-1,-1,-0.01,-1,-1,-0.01,-1,-1,-0.01,-1,-1,-0.01,-1,-1,-0.01,-1,-1,-0.01,-1,-1,-0.01,-1,-1,-0.01,-1,-1
99926009,2026-05-18 14:39:24+05:30,53406.65,0,0.0,0,0.0,0.0,53282.15,53619.2,52783.45,53710.35,0,0.0,0.0,0.0,0.0,-0.01,-1,-1,-0.01,-1,-1,-0.01,-1,-1,-0.01,-1,-1,-0.01,-1,-1,-0.01,-1,-1,-0.01,-1,-1,-0.01,-1,-1,-0.01,-1,-1,-0.01,-1,-1
99926009,2026-05-18 14:39:24+05:30,53406.85,0,0.0,0,0.0,0.0,53282.15,53619.2,52783.45,53710.35,0,0.0,0.0,0.0,0.0,-0.01,-1,-1,-0.01,-1,-1,-0.01,-1,-1,-0.01,-1,-1,-0.01,-1,-1,-0.01,-1,-1,-0.01,-1,-1,-0.01,-1,-1,-0.01,-1,-1,-0.01,-1,-1
99926009,2026-05-18 14:39:25+05:30,53405.85,0,0.0,0,0.0,0.0,53282.15,53619.2,52783.45,53710.35,0,0.0,0.0,0.0,0.0,-0.01,-1,-1,-0.01,-1,-1,-0.01,-1,-1,-0.01,-1,-1,-0.01,-1,-1,-0.01,-1,-1,-0.01,-1,-1,-0.01,-1,-1,-0.01,-1,-1,-0.01,-1,-1
99926009,2026-05-18 14:39:25+05:30,53409.0,0,0.0,0,0.0,0.0,53282.15,53619.2,52783.45,53710.35,0,0.0,0.0,0.0,0.0,-0.01,-1,-1,-0.01,-1,-1,-0.01,-1,-1,-0.01,-1,-1,-0.01,-1,-1,-0.01,-1,-1,-0.01,-1,-1,-0.01,-1,-1,-0.01,-1,-1,-0.01,-1,-1
99926009,2026-05-18 14:39:26+05:30,53407.55,0,0.0,0,0.0,0.0,53282.15,53619.2,52783.45,53710.35,0,0.0,0.0,0.0,0.0,-0.01,-1,-1,-0.01,-1,-1,-0.01,-1,-1,-0.01,-1,-1,-0.01,-1,-1,-0.01,-1,-1,-0.01,-1,-1,-0.01,-1,-1,-0.01,-1,-1,-0.01,-1,-1
99926009,2026-05-18 14:39:26+05:30,53408.5,0,0.0,0,0.0,0.0,53282.15,53619.2,52783.45,53710.35,0,0.0,0.0,0.0,0.0,-0.01,-1,-1,-0.01,-1,-1,-0.01,-1,-1,-0.01,-1,-1,-0.01,-1,-1,-0.01,-1,-1,-0.01,-1,-1,-0.01,-1,-1,-0.01,-1,-1,-0.01,-1,-1
99926009,2026-05-18 14:39:27+05:30,53405.05,0,0.0,0,0.0,0.0,53282.15,53619.2,52783.45,53710.35,0,0.0,0.0,0.0,0.0,-0.01,-1,-1,-0.01,-1,-1,-0.01,-1,-1,-0.01,-1,-1,-0.01,-1,-1,-0.01,-1,-1,-0.01,-1,-1,-0.01,-1,-1,-0.01,-1,-1,-0.01,-1,-1
99926009,2026-05-18 14:39:27+05:30,53403.05,0,0.0,0,0.0,0.0,53282.15,53619.2,52783.45,53710.35,0,0.0,0.0,0.0,0.0,-0.01,-1,-1,-0.01,-1,-1,-0.01,-1,-1,-0.01,-1,-1,-0.01,-1,-1,-0.01,-1,-1,-0.01,-1,-1,-0.01,-1,-1,-0.01,-1,-1,-0.01,-1,-1
99926009,2026-05-18 14:39:28+05:30,53403.2,0,0.0,0,0.0,0.0,53282.15,53619.2,52783.45,53710.35,0,0.0,0.0,0.0,0.0,-0.01,-1,-1,-0.01,-1,-1,-0.01,-1,-1,-0.01,-1,-1,-0.01,-1,-1,-0.01,-1,-1,-0.01,-1,-1,-0.01,-1,-1,-0.01,-1,-1,-0.01,-1,-1
99926009,2026-05-18 14:39:28+05:30,53395.65,0,0.0,0,0.0,0.0,53282.15,53619.2,52783.45,53710.35,0,0.0,0.0,0.0,0.0,-0.01,-1,-1,-0.01,-1,-1,-0.01,-1,-1,-0.01,-1,-1,-0.01,-1,-1,-0.01,-1,-1,-0.01,-1,-1,-0.01,-1,-1,-0.01,-1,-1,-0.01,-1,-1
99926009,2026-05-18 14:39:29+05:30,53392.35,0,0.0,0,0.0,0.0,53282.15,53619.2,52783.45,53710.35,0,0.0,0.0,0.0,0.0,-0.01,-1,-1,-0.01,-1,-1,-0.01,-1,-1,-0.01,-1,-1,-0.01,-1,-1,-0.01,-1,-1,-0.01,-1,-1,-0.01,-1,-1,-0.01,-1,-1,-0.01,-1,-1
99926009,2026-05-18 14:39:29+05:30,53390.5,0,0.0,0,0.0,0.0,53282.15,53619.2,52783.45,53710.35,0,0.0,0.0,0.0,0.0,-0.01,-1,-1,-0.01,-1,-1,-0.01,-1,-1,-0.01,-1,-1,-0.01,-1,-1,-0.01,-1,-1,-0.01,-1,-1,-0.01,-1,-1,-0.01,-1,-1,-0.01,-1,-1
99926009,2026-05-18 14:39:30+05:30,53393.1,0,0.0,0,0.0,0.0,53282.15,53619.2,52783.45,53710.35,0,0.0,0.0,0.0,0.0,-0.01,-1,-1,-0.01,-1,-1,-0.01,-1,-1,-0.01,-1,-1,-0.01,-1,-1,-0.01,-1,-1,-0.01,-1,-1,-0.01,-1,-1,-0.01,-1,-1,-0.01,-1,-1
99926009,2026-05-18 14:39:30+05:30,53392.15,0,0.0,0,0.0,0.0,53282.15,53619.2,52783.45,53710.35,0,0.0,0.0,0.0,0.0,-0.01,-1,-1,-0.01,-1,-1,-0.01,-1,-1,-0.01,-1,-1,-0.01,-1,-1,-0.01,-1,-1,-0.01,-1,-1,-0.01,-1,-1,-0.01,-1,-1,-0.01,-1,-1
99926009,2026-05-18 14:39:31+05:30,53387.5,0,0.0,0,0.0,0.0,53282.15,53619.2,52783.45,53710.35,0,0.0,0.0,0.0,0.0,-0.01,-1,-1,-0.01,-1,-1,-0.01,-1,-1,-0.01,-1,-1,-0.01,-1,-1,-0.01,-1,-1,-0.01,-1,-1,-0.01,-1,-1,-0.01,-1,-1,-0.01,-1,-1
99926009,2026-05-18 14:39:31+05:30,53388.55,0,0.0,0,0.0,0.0,53282.15,53619.2,52783.45,53710.35,0,0.0,0.0,0.0,0.0,-0.01,-1,-1,-0.01,-1,-1,-0.01,-1,-1,-0.01,-1,-1,-0.01,-1,-1,-0.01,-1,-1,-0.01,-1,-1,-0.01,-1,-1,-0.01,-1,-1,-0.01,-1,-1
99926009,2026-05-18 14:39:32+05:30,53388.65,0,0.0,0,0.0,0.0,53282.15,53619.2,52783.45,53710.35,0,0.0,0.0,0.0,0.0,-0.01,-1,-1,-0.01,-1,-1,-0.01,-1,-1,-0.01,-1,-1,-0.01,-1,-1,-0.01,-1,-1,-0.01,-1,-1,-0.01,-1,-1,-0.01,-1,-1,-0.01,-1,-1
99926009,2026-05-18 14:39:32+05:30,53392.55,0,0.0,0,0.0,0.0,53282.15,53619.2,52783.45,53710.35,0,0.0,0.0,0.0,0.0,-0.01,-1,-1,-0.01,-1,-1,-0.01,-1,-1,-0.01,-1,-1,-0.01,-1,-1,-0.01,-1,-1,-0.01,-1,-1,-0.01,-1,-1,-0.01,-1,-1,-0.01,-1,-1
99926009,2026-05-18 14:39:33+05:30,53391.9,0,0.0,0,0.0,0.0,53282.15,53619.2,52783.45,53710.35,0,0.0,0.0,0.0,0.0,-0.01,-1,-1,-0.01,-1,-1,-0.01,-1,-1,-0.01,-1,-1,-0.01,-1,-1,-0.01,-1,-1,-0.01,-1,-1,-0.01,-1,-1,-0.01,-1,-1,-0.01,-1,-1
99926009,2026-05-18 14:39:33+05:30,53389.55,0,0.0,0,0.0,0.0,53282.15,53619.2,52783.45,53710.35,0,0.0,0.0,0.0,0.0,-0.01,-1,-1,-0.01,-1,-1,-0.01,-1,-1,-0.01,-1,-1,-0.01,-1,-1,-0.01,-1,-1,-0.01,-1,-1,-0.01,-1,-1,-0.01,-1,-1,-0.01,-1,-1
99926009,2026-05-18 14:39:34+05:30,53388.85,0,0.0,0,0.0,0.0,53282.15,53619.2,52783.45,53710.35,0,0.0,0.0,0.0,0.0,-0.01,-1,-1,-0.01,-1,-1,-0.01,-1,-1,-0.01,-1,-1,-0.01,-1,-1,-0.01,-1,-1,-0.01,-1,-1,-0.01,-1,-1,-0.01,-1,-1,-0.01,-1,-1
99926009,2026-05-18 14:39:34+05:30,53390.4,0,0.0,0,0.0,0.0,53282.15,53619.2,52783.45,53710.35,0,0.0,0.0,0.0,0.0,-0.01,-1,-1,-0.01,-1,-1,-0.01,-1,-1,-0.01,-1,-1,-0.01,-1,-1,-0.01,-1,-1,-0.01,-1,-1,-0.01,-1,-1,-0.01,-1,-1,-0.01,-1,-1
99926009,2026-05-18 14:39:35+05:30,53390.55,0,0.0,0,0.0,0.0,53282.15,53619.2,52783.45,53710.35,0,0.0,0.0,0.0,0.0,-0.01,-1,-1,-0.01,-1,-1,-0.01,-1,-1,-0.01,-1,-1,-0.01,-1,-1,-0.01,-1,-1,-0.01,-1,-1,-0.01,-1,-1,-0.01,-1,-1,-0.01,-1,-1
99926009,2026-05-18 14:39:35+05:30,53392.7,0,0.0,0,0.0,0.0,53282.15,53619.2,52783.45,53710.35,0,0.0,0.0,0.0,0.0,-0.01,-1,-1,-0.01,-1,-1,-0.01,-1,-1,-0.01,-1,-1,-0.01,-1,-1,-0.01,-1,-1,-0.01,-1,-1,-0.01,-1,-1,-0.01,-1,-1,-0.01,-1,-1
99926009,2026-05-18 14:39:36+05:30,53395.25,0,0.0,0,0.0,0.0,53282.15,53619.2,52783.45,53710.35,0,0.0,0.0,0.0,0.0,-0.01,-1,-1,-0.01,-1,-1,-0.01,-1,-1,-0.01,-1,-1,-0.01,-1,-1,-0.01,-1,-1,-0.01,-1,-1,-0.01,-1,-1,-0.01,-1,-1,-0.01,-1,-1
99926009,2026-05-18 14:39:36+05:30,53396.05,0,0.0,0,0.0,0.0,53282.15,53619.2,52783.45,53710.35,0,0.0,0.0,0.0,0.0,-0.01,-1,-1,-0.01,-1,-1,-0.01,-1,-1,-0.01,-1,-1,-0.01,-1,-1,-0.01,-1,-1,-0.01,-1,-1,-0.01,-1,-1,-0.01,-1,-1,-0.01,-1,-1
99926009,2026-05-18 14:39:37+05:30,53394.8,0,0.0,0,0.0,0.0,53282.15,53619.2,52783.45,53710.35,0,0.0,0.0,0.0,0.0,-0.01,-1,-1,-0.01,-1,-1,-0.01,-1,-1,-0.01,-1,-1,-0.01,-1,-1,-0.01,-1,-1,-0.01,-1,-1,-0.01,-1,-1,-0.01,-1,-1,-0.01,-1,-1
99926009,2026-05-18 14:39:37+05:30,53392.4,0,0.0,0,0.0,0.0,53282.15,53619.2,52783.45,53710.35,0,0.0,0.0,0.0,0.0,-0.01,-1,-1,-0.01,-1,-1,-0.01,-1,-1,-0.01,-1,-1,-0.01,-1,-1,-0.01,-1,-1,-0.01,-1,-1,-0.01,-1,-1,-0.01,-1,-1,-0.01,-1,-1
99926009,2026-05-18 14:39:38+05:30,53391.4,0,0.0,0,0.0,0.0,53282.15,53619.2,52783.45,53710.35,0,0.0,0.0,0.0,0.0,-0.01,-1,-1,-0.01,-1,-1,-0.01,-1,-1,-0.01,-1,-1,-0.01,-1,-1,-0.01,-1,-1,-0.01,-1,-1,-0.01,-1,-1,-0.01,-1,-1,-0.01,-1,-1
99926009,2026-05-18 14:39:38+05:30,53390.9,0,0.0,0,0.0,0.0,53282.15,53619.2,52783.45,53710.35,0,0.0,0.0,0.0,0.0,-0.01,-1,-1,-0.01,-1,-1,-0.01,-1,-1,-0.01,-1,-1,-0.01,-1,-1,-0.01,-1,-1,-0.01,-1,-1,-0.01,-1,-1,-0.01,-1,-1,-0.01,-1,-1
99926009,2026-05-18 14:39:39+05:30,53391.1,0,0.0,0,0.0,0.0,53282.15,53619.2,52783.45,53710.35,0,0.0,0.0,0.0,0.0,-0.01,-1,-1,-0.01,-1,-1,-0.01,-1,-1,-0.01,-1,-1,-0.01,-1,-1,-0.01,-1,-1,-0.01,-1,-1,-0.01,-1,-1,-0.01,-1,-1,-0.01,-1,-1
99926009,2026-05-18 14:39:39+05:30,53391.15,0,0.0,0,0.0,0.0,53282.15,53619.2,52783.45,53710.35,0,0.0,0.0,0.0,0.0,-0.01,-1,-1,-0.01,-1,-1,-0.01,-1,-1,-0.01,-1,-1,-0.01,-1,-1,-0.01,-1,-1,-0.01,-1,-1,-0.01,-1,-1,-0.01,-1,-1,-0.01,-1,-1
99926009,2026-05-18 14:39:40+05:30,53389.8,0,0.0,0,0.0,0.0,53282.15,53619.2,52783.45,53710.35,0,0.0,0.0,0.0,0.0,-0.01,-1,-1,-0.01,-1,-1,-0.01,-1,-1,-0.01,-1,-1,-0.01,-1,-1,-0.01,-1,-1,-0.01,-1,-1,-0.01,-1,-1,-0.01,-1,-1,-0.01,-1,-1
99926009,2026-05-18 14:39:40+05:30,53390.7,0,0.0,0,0.0,0.0,53282.15,53619.2,52783.45,53710.35,0,0.0,0.0,0.0,0.0,-0.01,-1,-1,-0.01,-1,-1,-0.01,-1,-1,-0.01,-1,-1,-0.01,-1,-1,-0.01,-1,-1,-0.01,-1,-1,-0.01,-1,-1,-0.01,-1,-1,-0.01,-1,-1
99926009,2026-05-18 14:39:41+05:30,53391.35,0,0.0,0,0.0,0.0,53282.15,53619.2,52783.45,53710.35,0,0.0,0.0,0.0,0.0,-0.01,-1,-1,-0.01,-1,-1,-0.01,-1,-1,-0.01,-1,-1,-0.01,-1,-1,-0.01,-1,-1,-0.01,-1,-1,-0.01,-1,-1,-0.01,-1,-1,-0.01,-1,-1
99926009,2026-05-18 14:39:41+05:30,53390.25,0,0.0,0,0.0,0.0,53282.15,53619.2,52783.45,53710.35,0,0.0,0.0,0.0,0.0,-0.01,-1,-1,-0.01,-1,-1,-0.01,-1,-1,-0.01,-1,-1,-0.01,-1,-1,-0.01,-1,-1,-0.01,-1,-1,-0.01,-1,-1,-0.01,-1,-1,-0.01,-1,-1
99926009,2026-05-18 14:39:42+05:30,53387.45,0,0.0,0,0.0,0.0,53282.15,53619.2,52783.45,53710.35,0,0.0,0.0,0.0,0.0,-0.01,-1,-1,-0.01,-1,-1,-0.01,-1,-1,-0.01,-1,-1,-0.01,-1,-1,-0.01,-1,-1,-0.01,-1,-1,-0.01,-1,-1,-0.01,-1,-1,-0.01,-1,-1
99926009,2026-05-18 14:39:42+05:30,53385.3,0,0.0,0,0.0,0.0,53282.15,53619.2,52783.45,53710.35,0,0.0,0.0,0.0,0.0,-0.01,-1,-1,-0.01,-1,-1,-0.01,-1,-1,-0.01,-1,-1,-0.01,-1,-1,-0.01,-1,-1,-0.01,-1,-1,-0.01,-1,-1,-0.01,-1,-1,-0.01,-1,-1
99926009,2026-05-18 14:39:43+05:30,53387.45,0,0.0,0,0.0,0.0,53282.15,53619.2,52783.45,53710.35,0,0.0,0.0,0.0,0.0,-0.01,-1,-1,-0.01,-1,-1,-0.01,-1,-1,-0.01,-1,-1,-0.01,-1,-1,-0.01,-1,-1,-0.01,-1,-1,-0.01,-1,-1,-0.01,-1,-1,-0.01,-1,-1
99926009,2026-05-18 14:39:43+05:30,53390.65,0,0.0,0,0.0,0.0,53282.15,53619.2,52783.45,53710.35,0,0.0,0.0,0.0,0.0,-0.01,-1,-1,-0.01,-1,-1,-0.01,-1,-1,-0.01,-1,-1,-0.01,-1,-1,-0.01,-1,-1,-0.01,-1,-1,-0.01,-1,-1,-0.01,-1,-1,-0.01,-1,-1
99926009,2026-05-18 14:39:44+05:30,53390.85,0,0.0,0,0.0,0.0,53282.15,53619.2,52783.45,53710.35,0,0.0,0.0,0.0,0.0,-0.01,-1,-1,-0.01,-1,-1,-0.01,-1,-1,-0.01,-1,-1,-0.01,-1,-1,-0.01,-1,-1,-0.01,-1,-1,-0.01,-1,-1,-0.01,-1,-1,-0.01,-1,-1
99926009,2026-05-18 14:39:44+05:30,53392.1,0,0.0,0,0.0,0.0,53282.15,53619.2,52783.45,53710.35,0,0.0,0.0,0.0,0.0,-0.01,-1,-1,-0.01,-1,-1,-0.01,-1,-1,-0.01,-1,-1,-0.01,-1,-1,-0.01,-1,-1,-0.01,-1,-1,-0.01,-1,-1,-0.01,-1,-1,-0.01,-1,-1
99926009,2026-05-18 14:39:45+05:30,53388.85,0,0.0,0,0.0,0.0,53282.15,53619.2,52783.45,53710.35,0,0.0,0.0,0.0,0.0,-0.01,-1,-1,-0.01,-1,-1,-0.01,-1,-1,-0.01,-1,-1,-0.01,-1,-1,-0.01,-1,-1,-0.01,-1,-1,-0.01,-1,-1,-0.01,-1,-1,-0.01,-1,-1
99926009,2026-05-18 14:39:45+05:30,53391.4,0,0.0,0,0.0,0.0,53282.15,53619.2,52783.45,53710.35,0,0.0,0.0,0.0,0.0,-0.01,-1,-1,-0.01,-1,-1,-0.01,-1,-1,-0.01,-1,-1,-0.01,-1,-1,-0.01,-1,-1,-0.01,-1,-1,-0.01,-1,-1,-0.01,-1,-1,-0.01,-1,-1
99926009,2026-05-18 14:39:46+05:30,53389.0,0,0.0,0,0.0,0.0,53282.15,53619.2,52783.45,53710.35,0,0.0,0.0,0.0,0.0,-0.01,-1,-1,-0.01,-1,-1,-0.01,-1,-1,-0.01,-1,-1,-0.01,-1,-1,-0.01,-1,-1,-0.01,-1,-1,-0.01,-1,-1,-0.01,-1,-1,-0.01,-1,-1
99926009,2026-05-18 14:39:46+05:30,53387.35,0,0.0,0,0.0,0.0,53282.15,53619.2,52783.45,53710.35,0,0.0,0.0,0.0,0.0,-0.01,-1,-1,-0.01,-1,-1,-0.01,-1,-1,-0.01,-1,-1,-0.01,-1,-1,-0.01,-1,-1,-0.01,-1,-1,-0.01,-1,-1,-0.01,-1,-1,-0.01,-1,-1
99926009,2026-05-18 14:39:47+05:30,53389.55,0,0.0,0,0.0,0.0,53282.15,53619.2,52783.45,53710.35,0,0.0,0.0,0.0,0.0,-0.01,-1,-1,-0.01,-1,-1,-0.01,-1,-1,-0.01,-1,-1,-0.01,-1,-1,-0.01,-1,-1,-0.01,-1,-1,-0.01,-1,-1,-0.01,-1,-1,-0.01,-1,-1
99926009,2026-05-18 14:39:47+05:30,53385.05,0,0.0,0,0.0,0.0,53282.15,53619.2,52783.45,53710.35,0,0.0,0.0,0.0,0.0,-0.01,-1,-1,-0.01,-1,-1,-0.01,-1,-1,-0.01,-1,-1,-0.01,-1,-1,-0.01,-1,-1,-0.01,-1,-1,-0.01,-1,-1,-0.01,-1,-1,-0.01,-1,-1
99926009,2026-05-18 14:39:48+05:30,53389.55,0,0.0,0,0.0,0.0,53282.15,53619.2,52783.45,53710.35,0,0.0,0.0,0.0,0.0,-0.01,-1,-1,-0.01,-1,-1,-0.01,-1,-1,-0.01,-1,-1,-0.01,-1,-1,-0.01,-1,-1,-0.01,-1,-1,-0.01,-1,-1,-0.01,-1,-1,-0.01,-1,-1
99926009,2026-05-18 14:39:48+05:30,53387.75,0,0.0,0,0.0,0.0,53282.15,53619.2,52783.45,53710.35,0,0.0,0.0,0.0,0.0,-0.01,-1,-1,-0.01,-1,-1,-0.01,-1,-1,-0.01,-1,-1,-0.01,-1,-1,-0.01,-1,-1,-0.01,-1,-1,-0.01,-1,-1,-0.01,-1,-1,-0.01,-1,-1
99926009,2026-05-18 14:39:49+05:30,53387.75,0,0.0,0,0.0,0.0,53282.15,53619.2,52783.45,53710.35,0,0.0,0.0,0.0,0.0,-0.01,-1,-1,-0.01,-1,-1,-0.01,-1,-1,-0.01,-1,-1,-0.01,-1,-1,-0.01,-1,-1,-0.01,-1,-1,-0.01,-1,-1,-0.01,-1,-1,-0.01,-1,-1
99926009,2026-05-18 14:39:49+05:30,53385.05,0,0.0,0,0.0,0.0,53282.15,53619.2,52783.45,53710.35,0,0.0,0.0,0.0,0.0,-0.01,-1,-1,-0.01,-1,-1,-0.01,-1,-1,-0.01,-1,-1,-0.01,-1,-1,-0.01,-1,-1,-0.01,-1,-1,-0.01,-1,-1,-0.01,-1,-1,-0.01,-1,-1
99926009,2026-05-18 14:39:50+05:30,53389.6,0,0.0,0,0.0,0.0,53282.15,53619.2,52783.45,53710.35,0,0.0,0.0,0.0,0.0,-0.01,-1,-1,-0.01,-1,-1,-0.01,-1,-1,-0.01,-1,-1,-0.01,-1,-1,-0.01,-1,-1,-0.01,-1,-1,-0.01,-1,-1,-0.01,-1,-1,-0.01,-1,-1
99926009,2026-05-18 14:39:50+05:30,53389.9,0,0.0,0,0.0,0.0,53282.15,53619.2,52783.45,53710.35,0,0.0,0.0,0.0,0.0,-0.01,-1,-1,-0.01,-1,-1,-0.01,-1,-1,-0.01,-1,-1,-0.01,-1,-1,-0.01,-1,-1,-0.01,-1,-1,-0.01,-1,-1,-0.01,-1,-1,-0.01,-1,-1
99926009,2026-05-18 14:39:51+05:30,53391.55,0,0.0,0,0.0,0.0,53282.15,53619.2,52783.45,53710.35,0,0.0,0.0,0.0,0.0,-0.01,-1,-1,-0.01,-1,-1,-0.01,-1,-1,-0.01,-1,-1,-0.01,-1,-1,-0.01,-1,-1,-0.01,-1,-1,-0.01,-1,-1,-0.01,-1,-1,-0.01,-1,-1
99926009,2026-05-18 14:39:51+05:30,53392.0,0,0.0,0,0.0,0.0,53282.15,53619.2,52783.45,53710.35,0,0.0,0.0,0.0,0.0,-0.01,-1,-1,-0.01,-1,-1,-0.01,-1,-1,-0.01,-1,-1,-0.01,-1,-1,-0.01,-1,-1,-0.01,-1,-1,-0.01,-1,-1,-0.01,-1,-1,-0.01,-1,-1
99926009,2026-05-18 14:39:52+05:30,53394.1,0,0.0,0,0.0,0.0,53282.15,53619.2,52783.45,53710.35,0,0.0,0.0,0.0,0.0,-0.01,-1,-1,-0.01,-1,-1,-0.01,-1,-1,-0.01,-1,-1,-0.01,-1,-1,-0.01,-1,-1,-0.01,-1,-1,-0.01,-1,-1,-0.01,-1,-1,-0.01,-1,-1
99926009,2026-05-18 14:39:52+05:30,53392.05,0,0.0,0,0.0,0.0,53282.15,53619.2,52783.45,53710.35,0,0.0,0.0,0.0,0.0,-0.01,-1,-1,-0.01,-1,-1,-0.01,-1,-1,-0.01,-1,-1,-0.01,-1,-1,-0.01,-1,-1,-0.01,-1,-1,-0.01,-1,-1,-0.01,-1,-1,-0.01,-1,-1
99926009,2026-05-18 14:39:53+05:30,53390.65,0,0.0,0,0.0,0.0,53282.15,53619.2,52783.45,53710.35,0,0.0,0.0,0.0,0.0,-0.01,-1,-1,-0.01,-1,-1,-0.01,-1,-1,-0.01,-1,-1,-0.01,-1,-1,-0.01,-1,-1,-0.01,-1,-1,-0.01,-1,-1,-0.01,-1,-1,-0.01,-1,-1
99926009,2026-05-18 14:39:53+05:30,53392.6,0,0.0,0,0.0,0.0,53282.15,53619.2,52783.45,53710.35,0,0.0,0.0,0.0,0.0,-0.01,-1,-1,-0.01,-1,-1,-0.01,-1,-1,-0.01,-1,-1,-0.01,-1,-1,-0.01,-1,-1,-0.01,-1,-1,-0.01,-1,-1,-0.01,-1,-1,-0.01,-1,-1
99926009,2026-05-18 14:39:54+05:30,53392.85,0,0.0,0,0.0,0.0,53282.15,53619.2,52783.45,53710.35,0,0.0,0.0,0.0,0.0,-0.01,-1,-1,-0.01,-1,-1,-0.01,-1,-1,-0.01,-1,-1,-0.01,-1,-1,-0.01,-1,-1,-0.01,-1,-1,-0.01,-1,-1,-0.01,-1,-1,-0.01,-1,-1
99926009,2026-05-18 14:39:54+05:30,53391.2,0,0.0,0,0.0,0.0,53282.15,53619.2,52783.45,53710.35,0,0.0,0.0,0.0,0.0,-0.01,-1,-1,-0.01,-1,-1,-0.01,-1,-1,-0.01,-1,-1,-0.01,-1,-1,-0.01,-1,-1,-0.01,-1,-1,-0.01,-1,-1,-0.01,-1,-1,-0.01,-1,-1
99926009,2026-05-18 14:39:55+05:30,53388.5,0,0.0,0,0.0,0.0,53282.15,53619.2,52783.45,53710.35,0,0.0,0.0,0.0,0.0,-0.01,-1,-1,-0.01,-1,-1,-0.01,-1,-1,-0.01,-1,-1,-0.01,-1,-1,-0.01,-1,-1,-0.01,-1,-1,-0.01,-1,-1,-0.01,-1,-1,-0.01,-1,-1
99926009,2026-05-18 14:39:55+05:30,53389.95,0,0.0,0,0.0,0.0,53282.15,53619.2,52783.45,53710.35,0,0.0,0.0,0.0,0.0,-0.01,-1,-1,-0.01,-1,-1,-0.01,-1,-1,-0.01,-1,-1,-0.01,-1,-1,-0.01,-1,-1,-0.01,-1,-1,-0.01,-1,-1,-0.01,-1,-1,-0.01,-1,-1
99926009,2026-05-18 14:39:56+05:30,53387.95,0,0.0,0,0.0,0.0,53282.15,53619.2,52783.45,53710.35,0,0.0,0.0,0.0,0.0,-0.01,-1,-1,-0.01,-1,-1,-0.01,-1,-1,-0.01,-1,-1,-0.01,-1,-1,-0.01,-1,-1,-0.01,-1,-1,-0.01,-1,-1,-0.01,-1,-1,-0.01,-1,-1
99926009,2026-05-18 14:39:56+05:30,53384.4,0,0.0,0,0.0,0.0,53282.15,53619.2,52783.45,53710.35,0,0.0,0.0,0.0,0.0,-0.01,-1,-1,-0.01,-1,-1,-0.01,-1,-1,-0.01,-1,-1,-0.01,-1,-1,-0.01,-1,-1,-0.01,-1,-1,-0.01,-1,-1,-0.01,-1,-1,-0.01,-1,-1
99926009,2026-05-18 14:39:57+05:30,53384.75,0,0.0,0,0.0,0.0,53282.15,53619.2,52783.45,53710.35,0,0.0,0.0,0.0,0.0,-0.01,-1,-1,-0.01,-1,-1,-0.01,-1,-1,-0.01,-1,-1,-0.01,-1,-1,-0.01,-1,-1,-0.01,-1,-1,-0.01,-1,-1,-0.01,-1,-1,-0.01,-1,-1
99926009,2026-05-18 14:39:57+05:30,53382.55,0,0.0,0,0.0,0.0,53282.15,53619.2,52783.45,53710.35,0,0.0,0.0,0.0,0.0,-0.01,-1,-1,-0.01,-1,-1,-0.01,-1,-1,-0.01,-1,-1,-0.01,-1,-1,-0.01,-1,-1,-0.01,-1,-1,-0.01,-1,-1,-0.01,-1,-1,-0.01,-1,-1
99926009,2026-05-18 14:39:58+05:30,53383.0,0,0.0,0,0.0,0.0,53282.15,53619.2,52783.45,53710.35,0,0.0,0.0,0.0,0.0,-0.01,-1,-1,-0.01,-1,-1,-0.01,-1,-1,-0.01,-1,-1,-0.01,-1,-1,-0.01,-1,-1,-0.01,-1,-1,-0.01,-1,-1,-0.01,-1,-1,-0.01,-1,-1
99926009,2026-05-18 14:39:58+05:30,53382.55,0,0.0,0,0.0,0.0,53282.15,53619.2,52783.45,53710.35,0,0.0,0.0,0.0,0.0,-0.01,-1,-1,-0.01,-1,-1,-0.01,-1,-1,-0.01,-1,-1,-0.01,-1,-1,-0.01,-1,-1,-0.01,-1,-1,-0.01,-1,-1,-0.01,-1,-1,-0.01,-1,-1
99926009,2026-05-18 14:39:59+05:30,53378.35,0,0.0,0,0.0,0.0,53282.15,53619.2,52783.45,53710.35,0,0.0,0.0,0.0,0.0,-0.01,-1,-1,-0.01,-1,-1,-0.01,-1,-1,-0.01,-1,-1,-0.01,-1,-1,-0.01,-1,-1,-0.01,-1,-1,-0.01,-1,-1,-0.01,-1,-1,-0.01,-1,-1
99926009,2026-05-18 14:39:59+05:30,53379.8,0,0.0,0,0.0,0.0,53282.15,53619.2,52783.45,53710.35,0,0.0,0.0,0.0,0.0,-0.01,-1,-1,-0.01,-1,-1,-0.01,-1,-1,-0.01,-1,-1,-0.01,-1,-1,-0.01,-1,-1,-0.01,-1,-1,-0.01,-1,-1,-0.01,-1,-1,-0.01,-1,-1
99926009,2026-05-18 14:40:00+05:30,53375.45,0,0.0,0,0.0,0.0,53282.15,53619.2,52783.45,53710.35,0,0.0,0.0,0.0,0.0,-0.01,-1,-1,-0.01,-1,-1,-0.01,-1,-1,-0.01,-1,-1,-0.01,-1,-1,-0.01,-1,-1,-0.01,-1,-1,-0.01,-1,-1,-0.01,-1,-1,-0.01,-1,-1
99926009,2026-05-18 14:40:00+05:30,53379.8,0,0.0,0,0.0,0.0,53282.15,53619.2,52783.45,53710.35,0,0.0,0.0,0.0,0.0,-0.01,-1,-1,-0.01,-1,-1,-0.01,-1,-1,-0.01,-1,-1,-0.01,-1,-1,-0.01,-1,-1,-0.01,-1,-1,-0.01,-1,-1,-0.01,-1,-1,-0.01,-1,-1
99926009,2026-05-18 14:40:01+05:30,53378.75,0,0.0,0,0.0,0.0,53282.15,53619.2,52783.45,53710.35,0,0.0,0.0,0.0,0.0,-0.01,-1,-1,-0.01,-1,-1,-0.01,-1,-1,-0.01,-1,-1,-0.01,-1,-1,-0.01,-1,-1,-0.01,-1,-1,-0.01,-1,-1,-0.01,-1,-1,-0.01,-1,-1
99926009,2026-05-18 14:40:01+05:30,53378.15,0,0.0,0,0.0,0.0,53282.15,53619.2,52783.45,53710.35,0,0.0,0.0,0.0,0.0,-0.01,-1,-1,-0.01,-1,-1,-0.01,-1,-1,-0.01,-1,-1,-0.01,-1,-1,-0.01,-1,-1,-0.01,-1,-1,-0.01,-1,-1,-0.01,-1,-1,-0.01,-1,-1
99926009,2026-05-18 14:40:02+05:30,53375.2,0,0.0,0,0.0,0.0,53282.15,53619.2,52783.45,53710.35,0,0.0,0.0,0.0,0.0,-0.01,-1,-1,-0.01,-1,-1,-0.01,-1,-1,-0.01,-1,-1,-0.01,-1,-1,-0.01,-1,-1,-0.01,-1,-1,-0.01,-1,-1,-0.01,-1,-1,-0.01,-1,-1
99926009,2026-05-18 14:40:02+05:30,53376.2,0,0.0,0,0.0,0.0,53282.15,53619.2,52783.45,53710.35,0,0.0,0.0,0.0,0.0,-0.01,-1,-1,-0.01,-1,-1,-0.01,-1,-1,-0.01,-1,-1,-0.01,-1,-1,-0.01,-1,-1,-0.01,-1,-1,-0.01,-1,-1,-0.01,-1,-1,-0.01,-1,-1
99926009,2026-05-18 14:40:03+05:30,53374.65,0,0.0,0,0.0,0.0,53282.15,53619.2,52783.45,53710.35,0,0.0,0.0,0.0,0.0,-0.01,-1,-1,-0.01,-1,-1,-0.01,-1,-1,-0.01,-1,-1,-0.01,-1,-1,-0.01,-1,-1,-0.01,-1,-1,-0.01,-1,-1,-0.01,-1,-1,-0.01,-1,-1
99926009,2026-05-18 14:40:03+05:30,53375.3,0,0.0,0,0.0,0.0,53282.15,53619.2,52783.45,53710.35,0,0.0,0.0,0.0,0.0,-0.01,-1,-1,-0.01,-1,-1,-0.01,-1,-1,-0.01,-1,-1,-0.01,-1,-1,-0.01,-1,-1,-0.01,-1,-1,-0.01,-1,-1,-0.01,-1,-1,-0.01,-1,-1
99926009,2026-05-18 14:40:04+05:30,53376.9,0,0.0,0,0.0,0.0,53282.15,53619.2,52783.45,53710.35,0,0.0,0.0,0.0,0.0,-0.01,-1,-1,-0.01,-1,-1,-0.01,-1,-1,-0.01,-1,-1,-0.01,-1,-1,-0.01,-1,-1,-0.01,-1,-1,-0.01,-1,-1,-0.01,-1,-1,-0.01,-1,-1
99926009,2026-05-18 14:40:04+05:30,53377.25,0,0.0,0,0.0,0.0,53282.15,53619.2,52783.45,53710.35,0,0.0,0.0,0.0,0.0,-0.01,-1,-1,-0.01,-1,-1,-0.01,-1,-1,-0.01,-1,-1,-0.01,-1,-1,-0.01,-1,-1,-0.01,-1,-1,-0.01,-1,-1,-0.01,-1,-1,-0.01,-1,-1
99926009,2026-05-18 14:40:05+05:30,53376.15,0,0.0,0,0.0,0.0,53282.15,53619.2,52783.45,53710.35,0,0.0,0.0,0.0,0.0,-0.01,-1,-1,-0.01,-1,-1,-0.01,-1,-1,-0.01,-1,-1,-0.01,-1,-1,-0.01,-1,-1,-0.01,-1,-1,-0.01,-1,-1,-0.01,-1,-1,-0.01,-1,-1
99926009,2026-05-18 14:40:05+05:30,53375.3,0,0.0,0,0.0,0.0,53282.15,53619.2,52783.45,53710.35,0,0.0,0.0,0.0,0.0,-0.01,-1,-1,-0.01,-1,-1,-0.01,-1,-1,-0.01,-1,-1,-0.01,-1,-1,-0.01,-1,-1,-0.01,-1,-1,-0.01,-1,-1,-0.01,-1,-1,-0.01,-1,-1
99926009,2026-05-18 14:40:06+05:30,53378.8,0,0.0,0,0.0,0.0,53282.15,53619.2,52783.45,53710.35,0,0.0,0.0,0.0,0.0,-0.01,-1,-1,-0.01,-1,-1,-0.01,-1,-1,-0.01,-1,-1,-0.01,-1,-1,-0.01,-1,-1,-0.01,-1,-1,-0.01,-1,-1,-0.01,-1,-1,-0.01,-1,-1
99926009,2026-05-18 14:40:06+05:30,53376.45,0,0.0,0,0.0,0.0,53282.15,53619.2,52783.45,53710.35,0,0.0,0.0,0.0,0.0,-0.01,-1,-1,-0.01,-1,-1,-0.01,-1,-1,-0.01,-1,-1,-0.01,-1,-1,-0.01,-1,-1,-0.01,-1,-1,-0.01,-1,-1,-0.01,-1,-1,-0.01,-1,-1
99926009,2026-05-18 14:40:07+05:30,53378.0,0,0.0,0,0.0,0.0,53282.15,53619.2,52783.45,53710.35,0,0.0,0.0,0.0,0.0,-0.01,-1,-1,-0.01,-1,-1,-0.01,-1,-1,-0.01,-1,-1,-0.01,-1,-1,-0.01,-1,-1,-0.01,-1,-1,-0.01,-1,-1,-0.01,-1,-1,-0.01,-1,-1
99926009,2026-05-18 14:40:07+05:30,53376.35,0,0.0,0,0.0,0.0,53282.15,53619.2,52783.45,53710.35,0,0.0,0.0,0.0,0.0,-0.01,-1,-1,-0.01,-1,-1,-0.01,-1,-1,-0.01,-1,-1,-0.01,-1,-1,-0.01,-1,-1,-0.01,-1,-1,-0.01,-1,-1,-0.01,-1,-1,-0.01,-1,-1
99926009,2026-05-18 14:40:08+05:30,53372.8,0,0.0,0,0.0,0.0,53282.15,53619.2,52783.45,53710.35,0,0.0,0.0,0.0,0.0,-0.01,-1,-1,-0.01,-1,-1,-0.01,-1,-1,-0.01,-1,-1,-0.01,-1,-1,-0.01,-1,-1,-0.01,-1,-1,-0.01,-1,-1,-0.01,-1,-1,-0.01,-1,-1
99926009,2026-05-18 14:40:08+05:30,53372.45,0,0.0,0,0.0,0.0,53282.15,53619.2,52783.45,53710.35,0,0.0,0.0,0.0,0.0,-0.01,-1,-1,-0.01,-1,-1,-0.01,-1,-1,-0.01,-1,-1,-0.01,-1,-1,-0.01,-1,-1,-0.01,-1,-1,-0.01,-1,-1,-0.01,-1,-1,-0.01,-1,-1
99926009,2026-05-18 14:40:09+05:30,53374.1,0,0.0,0,0.0,0.0,53282.15,53619.2,52783.45,53710.35,0,0.0,0.0,0.0,0.0,-0.01,-1,-1,-0.01,-1,-1,-0.01,-1,-1,-0.01,-1,-1,-0.01,-1,-1,-0.01,-1,-1,-0.01,-1,-1,-0.01,-1,-1,-0.01,-1,-1,-0.01,-1,-1
99926009,2026-05-18 14:40:09+05:30,53371.6,0,0.0,0,0.0,0.0,53282.15,53619.2,52783.45,53710.35,0,0.0,0.0,0.0,0.0,-0.01,-1,-1,-0.01,-1,-1,-0.01,-1,-1,-0.01,-1,-1,-0.01,-1,-1,-0.01,-1,-1,-0.01,-1,-1,-0.01,-1,-1,-0.01,-1,-1,-0.01,-1,-1
99926009,2026-05-18 14:40:10+05:30,53370.6,0,0.0,0,0.0,0.0,53282.15,53619.2,52783.45,53710.35,0,0.0,0.0,0.0,0.0,-0.01,-1,-1,-0.01,-1,-1,-0.01,-1,-1,-0.01,-1,-1,-0.01,-1,-1,-0.01,-1,-1,-0.01,-1,-1,-0.01,-1,-1,-0.01,-1,-1,-0.01,-1,-1
99926009,2026-05-18 14:40:10+05:30,53372.8,0,0.0,0,0.0,0.0,53282.15,53619.2,52783.45,53710.35,0,0.0,0.0,0.0,0.0,-0.01,-1,-1,-0.01,-1,-1,-0.01,-1,-1,-0.01,-1,-1,-0.01,-1,-1,-0.01,-1,-1,-0.01,-1,-1,-0.01,-1,-1,-0.01,-1,-1,-0.01,-1,-1
99926009,2026-05-18 14:40:11+05:30,53371.65,0,0.0,0,0.0,0.0,53282.15,53619.2,52783.45,53710.35,0,0.0,0.0,0.0,0.0,-0.01,-1,-1,-0.01,-1,-1,-0.01,-1,-1,-0.01,-1,-1,-0.01,-1,-1,-0.01,-1,-1,-0.01,-1,-1,-0.01,-1,-1,-0.01,-1,-1,-0.01,-1,-1
99926009,2026-05-18 14:40:11+05:30,53373.15,0,0.0,0,0.0,0.0,53282.15,53619.2,52783.45,53710.35,0,0.0,0.0,0.0,0.0,-0.01,-1,-1,-0.01,-1,-1,-0.01,-1,-1,-0.01,-1,-1,-0.01,-1,-1,-0.01,-1,-1,-0.01,-1,-1,-0.01,-1,-1,-0.01,-1,-1,-0.01,-1,-1
99926009,2026-05-18 14:40:12+05:30,53369.7,0,0.0,0,0.0,0.0,53282.15,53619.2,52783.45,53710.35,0,0.0,0.0,0.0,0.0,-0.01,-1,-1,-0.01,-1,-1,-0.01,-1,-1,-0.01,-1,-1,-0.01,-1,-1,-0.01,-1,-1,-0.01,-1,-1,-0.01,-1,-1,-0.01,-1,-1,-0.01,-1,-1
99926009,2026-05-18 14:40:12+05:30,53369.9,0,0.0,0,0.0,0.0,53282.15,53619.2,52783.45,53710.35,0,0.0,0.0,0.0,0.0,-0.01,-1,-1,-0.01,-1,-1,-0.01,-1,-1,-0.01,-1,-1,-0.01,-1,-1,-0.01,-1,-1,-0.01,-1,-1,-0.01,-1,-1,-0.01,-1,-1,-0.01,-1,-1
99926009,2026-05-18 14:40:13+05:30,53367.35,0,0.0,0,0.0,0.0,53282.15,53619.2,52783.45,53710.35,0,0.0,0.0,0.0,0.0,-0.01,-1,-1,-0.01,-1,-1,-0.01,-1,-1,-0.01,-1,-1,-0.01,-1,-1,-0.01,-1,-1,-0.01,-1,-1,-0.01,-1,-1,-0.01,-1,-1,-0.01,-1,-1
99926009,2026-05-18 14:40:13+05:30,53369.25,0,0.0,0,0.0,0.0,53282.15,53619.2,52783.45,53710.35,0,0.0,0.0,0.0,0.0,-0.01,-1,-1,-0.01,-1,-1,-0.01,-1,-1,-0.01,-1,-1,-0.01,-1,-1,-0.01,-1,-1,-0.01,-1,-1,-0.01,-1,-1,-0.01,-1,-1,-0.01,-1,-1
99926009,2026-05-18 14:40:14+05:30,53368.2,0,0.0,0,0.0,0.0,53282.15,53619.2,52783.45,53710.35,0,0.0,0.0,0.0,0.0,-0.01,-1,-1,-0.01,-1,-1,-0.01,-1,-1,-0.01,-1,-1,-0.01,-1,-1,-0.01,-1,-1,-0.01,-1,-1,-0.01,-1,-1,-0.01,-1,-1,-0.01,-1,-1
99926009,2026-05-18 14:40:14+05:30,53363.35,0,0.0,0,0.0,0.0,53282.15,53619.2,52783.45,53710.35,0,0.0,0.0,0.0,0.0,-0.01,-1,-1,-0.01,-1,-1,-0.01,-1,-1,-0.01,-1,-1,-0.01,-1,-1,-0.01,-1,-1,-0.01,-1,-1,-0.01,-1,-1,-0.01,-1,-1,-0.01,-1,-1
99926009,2026-05-18 14:40:15+05:30,53364.75,0,0.0,0,0.0,0.0,53282.15,53619.2,52783.45,53710.35,0,0.0,0.0,0.0,0.0,-0.01,-1,-1,-0.01,-1,-1,-0.01,-1,-1,-0.01,-1,-1,-0.01,-1,-1,-0.01,-1,-1,-0.01,-1,-1,-0.01,-1,-1,-0.01,-1,-1,-0.01,-1,-1
99926009,2026-05-18 14:40:15+05:30,53363.95,0,0.0,0,0.0,0.0,53282.15,53619.2,52783.45,53710.35,0,0.0,0.0,0.0,0.0,-0.01,-1,-1,-0.01,-1,-1,-0.01,-1,-1,-0.01,-1,-1,-0.01,-1,-1,-0.01,-1,-1,-0.01,-1,-1,-0.01,-1,-1,-0.01,-1,-1,-0.01,-1,-1
99926009,2026-05-18 14:40:16+05:30,53365.2,0,0.0,0,0.0,0.0,53282.15,53619.2,52783.45,53710.35,0,0.0,0.0,0.0,0.0,-0.01,-1,-1,-0.01,-1,-1,-0.01,-1,-1,-0.01,-1,-1,-0.01,-1,-1,-0.01,-1,-1,-0.01,-1,-1,-0.01,-1,-1,-0.01,-1,-1,-0.01,-1,-1
99926009,2026-05-18 14:40:16+05:30,53367.2,0,0.0,0,0.0,0.0,53282.15,53619.2,52783.45,53710.35,0,0.0,0.0,0.0,0.0,-0.01,-1,-1,-0.01,-1,-1,-0.01,-1,-1,-0.01,-1,-1,-0.01,-1,-1,-0.01,-1,-1,-0.01,-1,-1,-0.01,-1,-1,-0.01,-1,-1,-0.01,-1,-1
99926009,2026-05-18 14:40:17+05:30,53368.25,0,0.0,0,0.0,0.0,53282.15,53619.2,52783.45,53710.35,0,0.0,0.0,0.0,0.0,-0.01,-1,-1,-0.01,-1,-1,-0.01,-1,-1,-0.01,-1,-1,-0.01,-1,-1,-0.01,-1,-1,-0.01,-1,-1,-0.01,-1,-1,-0.01,-1,-1,-0.01,-1,-1
99926009,2026-05-18 14:40:17+05:30,53366.75,0,0.0,0,0.0,0.0,53282.15,53619.2,52783.45,53710.35,0,0.0,0.0,0.0,0.0,-0.01,-1,-1,-0.01,-1,-1,-0.01,-1,-1,-0.01,-1,-1,-0.01,-1,-1,-0.01,-1,-1,-0.01,-1,-1,-0.01,-1,-1,-0.01,-1,-1,-0.01,-1,-1
99926009,2026-05-18 14:40:18+05:30,53367.05,0,0.0,0,0.0,0.0,53282.15,53619.2,52783.45,53710.35,0,0.0,0.0,0.0,0.0,-0.01,-1,-1,-0.01,-1,-1,-0.01,-1,-1,-0.01,-1,-1,-0.01,-1,-1,-0.01,-1,-1,-0.01,-1,-1,-0.01,-1,-1,-0.01,-1,-1,-0.01,-1,-1
99926009,2026-05-18 14:40:18+05:30,53366.65,0,0.0,0,0.0,0.0,53282.15,53619.2,52783.45,53710.35,0,0.0,0.0,0.0,0.0,-0.01,-1,-1,-0.01,-1,-1,-0.01,-1,-1,-0.01,-1,-1,-0.01,-1,-1,-0.01,-1,-1,-0.01,-1,-1,-0.01,-1,-1,-0.01,-1,-1,-0.01,-1,-1
99926009,2026-05-18 14:40:19+05:30,53365.8,0,0.0,0,0.0,0.0,53282.15,53619.2,52783.45,53710.35,0,0.0,0.0,0.0,0.0,-0.01,-1,-1,-0.01,-1,-1,-0.01,-1,-1,-0.01,-1,-1,-0.01,-1,-1,-0.01,-1,-1,-0.01,-1,-1,-0.01,-1,-1,-0.01,-1,-1,-0.01,-1,-1
99926009,2026-05-18 14:40:19+05:30,53367.05,0,0.0,0,0.0,0.0,53282.15,53619.2,52783.45,53710.35,0,0.0,0.0,0.0,0.0,-0.01,-1,-1,-0.01,-1,-1,-0.01,-1,-1,-0.01,-1,-1,-0.01,-1,-1,-0.01,-1,-1,-0.01,-1,-1,-0.01,-1,-1,-0.01,-1,-1,-0.01,-1,-1
99926009,2026-05-18 14:40:20+05:30,53367.3,0,0.0,0,0.0,0.0,53282.15,53619.2,52783.45,53710.35,0,0.0,0.0,0.0,0.0,-0.01,-1,-1,-0.01,-1,-1,-0.01,-1,-1,-0.01,-1,-1,-0.01,-1,-1,-0.01,-1,-1,-0.01,-1,-1,-0.01,-1,-1,-0.01,-1,-1,-0.01,-1,-1
99926009,2026-05-18 14:40:20+05:30,53367.3,0,0.0,0,0.0,0.0,53282.15,53619.2,52783.45,53710.35,0,0.0,0.0,0.0,0.0,-0.01,-1,-1,-0.01,-1,-1,-0.01,-1,-1,-0.01,-1,-1,-0.01,-1,-1,-0.01,-1,-1,-0.01,-1,-1,-0.01,-1,-1,-0.01,-1,-1,-0.01,-1,-1
99926009,2026-05-18 14:40:21+05:30,53368.2,0,0.0,0,0.0,0.0,53282.15,53619.2,52783.45,53710.35,0,0.0,0.0,0.0,0.0,-0.01,-1,-1,-0.01,-1,-1,-0.01,-1,-1,-0.01,-1,-1,-0.01,-1,-1,-0.01,-1,-1,-0.01,-1,-1,-0.01,-1,-1,-0.01,-1,-1,-0.01,-1,-1
99926009,2026-05-18 14:40:21+05:30,53369.8,0,0.0,0,0.0,0.0,53282.15,53619.2,52783.45,53710.35,0,0.0,0.0,0.0,0.0,-0.01,-1,-1,-0.01,-1,-1,-0.01,-1,-1,-0.01,-1,-1,-0.01,-1,-1,-0.01,-1,-1,-0.01,-1,-1,-0.01,-1,-1,-0.01,-1,-1,-0.01,-1,-1
99926009,2026-05-18 14:40:22+05:30,53371.5,0,0.0,0,0.0,0.0,53282.15,53619.2,52783.45,53710.35,0,0.0,0.0,0.0,0.0,-0.01,-1,-1,-0.01,-1,-1,-0.01,-1,-1,-0.01,-1,-1,-0.01,-1,-1,-0.01,-1,-1,-0.01,-1,-1,-0.01,-1,-1,-0.01,-1,-1,-0.01,-1,-1
99926009,2026-05-18 14:40:22+05:30,53370.65,0,0.0,0,0.0,0.0,53282.15,53619.2,52783.45,53710.35,0,0.0,0.0,0.0,0.0,-0.01,-1,-1,-0.01,-1,-1,-0.01,-1,-1,-0.01,-1,-1,-0.01,-1,-1,-0.01,-1,-1,-0.01,-1,-1,-0.01,-1,-1,-0.01,-1,-1,-0.01,-1,-1
99926009,2026-05-18 14:40:23+05:30,53371.45,0,0.0,0,0.0,0.0,53282.15,53619.2,52783.45,53710.35,0,0.0,0.0,0.0,0.0,-0.01,-1,-1,-0.01,-1,-1,-0.01,-1,-1,-0.01,-1,-1,-0.01,-1,-1,-0.01,-1,-1,-0.01,-1,-1,-0.01,-1,-1,-0.01,-1,-1,-0.01,-1,-1
99926009,2026-05-18 14:40:23+05:30,53371.05,0,0.0,0,0.0,0.0,53282.15,53619.2,52783.45,53710.35,0,0.0,0.0,0.0,0.0,-0.01,-1,-1,-0.01,-1,-1,-0.01,-1,-1,-0.01,-1,-1,-0.01,-1,-1,-0.01,-1,-1,-0.01,-1,-1,-0.01,-1,-1,-0.01,-1,-1,-0.01,-1,-1
99926009,2026-05-18 14:40:24+05:30,53371.5,0,0.0,0,0.0,0.0,53282.15,53619.2,52783.45,53710.35,0,0.0,0.0,0.0,0.0,-0.01,-1,-1,-0.01,-1,-1,-0.01,-1,-1,-0.01,-1,-1,-0.01,-1,-1,-0.01,-1,-1,-0.01,-1,-1,-0.01,-1,-1,-0.01,-1,-1,-0.01,-1,-1
99926009,2026-05-18 14:40:24+05:30,53370.75,0,0.0,0,0.0,0.0,53282.15,53619.2,52783.45,53710.35,0,0.0,0.0,0.0,0.0,-0.01,-1,-1,-0.01,-1,-1,-0.01,-1,-1,-0.01,-1,-1,-0.01,-1,-1,-0.01,-1,-1,-0.01,-1,-1,-0.01,-1,-1,-0.01,-1,-1,-0.01,-1,-1
99926009,2026-05-18 14:40:25+05:30,53369.45,0,0.0,0,0.0,0.0,53282.15,53619.2,52783.45,53710.35,0,0.0,0.0,0.0,0.0,-0.01,-1,-1,-0.01,-1,-1,-0.01,-1,-1,-0.01,-1,-1,-0.01,-1,-1,-0.01,-1,-1,-0.01,-1,-1,-0.01,-1,-1,-0.01,-1,-1,-0.01,-1,-1
99926009,2026-05-18 14:40:25+05:30,53373.85,0,0.0,0,0.0,0.0,53282.15,53619.2,52783.45,53710.35,0,0.0,0.0,0.0,0.0,-0.01,-1,-1,-0.01,-1,-1,-0.01,-1,-1,-0.01,-1,-1,-0.01,-1,-1,-0.01,-1,-1,-0.01,-1,-1,-0.01,-1,-1,-0.01,-1,-1,-0.01,-1,-1
99926009,2026-05-18 14:40:26+05:30,53372.25,0,0.0,0,0.0,0.0,53282.15,53619.2,52783.45,53710.35,0,0.0,0.0,0.0,0.0,-0.01,-1,-1,-0.01,-1,-1,-0.01,-1,-1,-0.01,-1,-1,-0.01,-1,-1,-0.01,-1,-1,-0.01,-1,-1,-0.01,-1,-1,-0.01,-1,-1,-0.01,-1,-1
99926009,2026-05-18 14:40:26+05:30,53373.65,0,0.0,0,0.0,0.0,53282.15,53619.2,52783.45,53710.35,0,0.0,0.0,0.0,0.0,-0.01,-1,-1,-0.01,-1,-1,-0.01,-1,-1,-0.01,-1,-1,-0.01,-1,-1,-0.01,-1,-1,-0.01,-1,-1,-0.01,-1,-1,-0.01,-1,-1,-0.01,-1,-1
99926009,2026-05-18 14:40:27+05:30,53375.05,0,0.0,0,0.0,0.0,53282.15,53619.2,52783.45,53710.35,0,0.0,0.0,0.0,0.0,-0.01,-1,-1,-0.01,-1,-1,-0.01,-1,-1,-0.01,-1,-1,-0.01,-1,-1,-0.01,-1,-1,-0.01,-1,-1,-0.01,-1,-1,-0.01,-1,-1,-0.01,-1,-1
99926009,2026-05-18 14:40:27+05:30,53380.05,0,0.0,0,0.0,0.0,53282.15,53619.2,52783.45,53710.35,0,0.0,0.0,0.0,0.0,-0.01,-1,-1,-0.01,-1,-1,-0.01,-1,-1,-0.01,-1,-1,-0.01,-1,-1,-0.01,-1,-1,-0.01,-1,-1,-0.01,-1,-1,-0.01,-1,-1,-0.01,-1,-1
99926009,2026-05-18 14:40:28+05:30,53378.5,0,0.0,0,0.0,0.0,53282.15,53619.2,52783.45,53710.35,0,0.0,0.0,0.0,0.0,-0.01,-1,-1,-0.01,-1,-1,-0.01,-1,-1,-0.01,-1,-1,-0.01,-1,-1,-0.01,-1,-1,-0.01,-1,-1,-0.01,-1,-1,-0.01,-1,-1,-0.01,-1,-1
99926009,2026-05-18 14:40:28+05:30,53380.9,0,0.0,0,0.0,0.0,53282.15,53619.2,52783.45,53710.35,0,0.0,0.0,0.0,0.0,-0.01,-1,-1,-0.01,-1,-1,-0.01,-1,-1,-0.01,-1,-1,-0.01,-1,-1,-0.01,-1,-1,-0.01,-1,-1,-0.01,-1,-1,-0.01,-1,-1,-0.01,-1,-1
99926009,2026-05-18 14:40:29+05:30,53381.5,0,0.0,0,0.0,0.0,53282.15,53619.2,52783.45,53710.35,0,0.0,0.0,0.0,0.0,-0.01,-1,-1,-0.01,-1,-1,-0.01,-1,-1,-0.01,-1,-1,-0.01,-1,-1,-0.01,-1,-1,-0.01,-1,-1,-0.01,-1,-1,-0.01,-1,-1,-0.01,-1,-1
99926009,2026-05-18 14:40:29+05:30,53382.4,0,0.0,0,0.0,0.0,53282.15,53619.2,52783.45,53710.35,0,0.0,0.0,0.0,0.0,-0.01,-1,-1,-0.01,-1,-1,-0.01,-1,-1,-0.01,-1,-1,-0.01,-1,-1,-0.01,-1,-1,-0.01,-1,-1,-0.01,-1,-1,-0.01,-1,-1,-0.01,-1,-1
99926009,2026-05-18 14:40:30+05:30,53378.55,0,0.0,0,0.0,0.0,53282.15,53619.2,52783.45,53710.35,0,0.0,0.0,0.0,0.0,-0.01,-1,-1,-0.01,-1,-1,-0.01,-1,-1,-0.01,-1,-1,-0.01,-1,-1,-0.01,-1,-1,-0.01,-1,-1,-0.01,-1,-1,-0.01,-1,-1,-0.01,-1,-1
99926009,2026-05-18 14:40:30+05:30,53382.75,0,0.0,0,0.0,0.0,53282.15,53619.2,52783.45,53710.35,0,0.0,0.0,0.0,0.0,-0.01,-1,-1,-0.01,-1,-1,-0.01,-1,-1,-0.01,-1,-1,-0.01,-1,-1,-0.01,-1,-1,-0.01,-1,-1,-0.01,-1,-1,-0.01,-1,-1,-0.01,-1,-1
99926009,2026-05-18 14:40:31+05:30,53385.6,0,0.0,0,0.0,0.0,53282.15,53619.2,52783.45,53710.35,0,0.0,0.0,0.0,0.0,-0.01,-1,-1,-0.01,-1,-1,-0.01,-1,-1,-0.01,-1,-1,-0.01,-1,-1,-0.01,-1,-1,-0.01,-1,-1,-0.01,-1,-1,-0.01,-1,-1,-0.01,-1,-1
99926009,2026-05-18 14:40:31+05:30,53386.1,0,0.0,0,0.0,0.0,53282.15,53619.2,52783.45,53710.35,0,0.0,0.0,0.0,0.0,-0.01,-1,-1,-0.01,-1,-1,-0.01,-1,-1,-0.01,-1,-1,-0.01,-1,-1,-0.01,-1,-1,-0.01,-1,-1,-0.01,-1,-1,-0.01,-1,-1,-0.01,-1,-1
99926009,2026-05-18 14:40:32+05:30,53382.1,0,0.0,0,0.0,0.0,53282.15,53619.2,52783.45,53710.35,0,0.0,0.0,0.0,0.0,-0.01,-1,-1,-0.01,-1,-1,-0.01,-1,-1,-0.01,-1,-1,-0.01,-1,-1,-0.01,-1,-1,-0.01,-1,-1,-0.01,-1,-1,-0.01,-1,-1,-0.01,-1,-1
99926009,2026-05-18 14:40:32+05:30,53378.3,0,0.0,0,0.0,0.0,53282.15,53619.2,52783.45,53710.35,0,0.0,0.0,0.0,0.0,-0.01,-1,-1,-0.01,-1,-1,-0.01,-1,-1,-0.01,-1,-1,-0.01,-1,-1,-0.01,-1,-1,-0.01,-1,-1,-0.01,-1,-1,-0.01,-1,-1,-0.01,-1,-1
99926009,2026-05-18 14:40:33+05:30,53380.7,0,0.0,0,0.0,0.0,53282.15,53619.2,52783.45,53710.35,0,0.0,0.0,0.0,0.0,-0.01,-1,-1,-0.01,-1,-1,-0.01,-1,-1,-0.01,-1,-1,-0.01,-1,-1,-0.01,-1,-1,-0.01,-1,-1,-0.01,-1,-1,-0.01,-1,-1,-0.01,-1,-1
99926009,2026-05-18 14:40:33+05:30,53379.8,0,0.0,0,0.0,0.0,53282.15,53619.2,52783.45,53710.35,0,0.0,0.0,0.0,0.0,-0.01,-1,-1,-0.01,-1,-1,-0.01,-1,-1,-0.01,-1,-1,-0.01,-1,-1,-0.01,-1,-1,-0.01,-1,-1,-0.01,-1,-1,-0.01,-1,-1,-0.01,-1,-1
99926009,2026-05-18 14:40:34+05:30,53383.85,0,0.0,0,0.0,0.0,53282.15,53619.2,52783.45,53710.35,0,0.0,0.0,0.0,0.0,-0.01,-1,-1,-0.01,-1,-1,-0.01,-1,-1,-0.01,-1,-1,-0.01,-1,-1,-0.01,-1,-1,-0.01,-1,-1,-0.01,-1,-1,-0.01,-1,-1,-0.01,-1,-1
99926009,2026-05-18 14:40:34+05:30,53382.6,0,0.0,0,0.0,0.0,53282.15,53619.2,52783.45,53710.35,0,0.0,0.0,0.0,0.0,-0.01,-1,-1,-0.01,-1,-1,-0.01,-1,-1,-0.01,-1,-1,-0.01,-1,-1,-0.01,-1,-1,-0.01,-1,-1,-0.01,-1,-1,-0.01,-1,-1,-0.01,-1,-1
99926009,2026-05-18 14:40:35+05:30,53383.0,0,0.0,0,0.0,0.0,53282.15,53619.2,52783.45,53710.35,0,0.0,0.0,0.0,0.0,-0.01,-1,-1,-0.01,-1,-1,-0.01,-1,-1,-0.01,-1,-1,-0.01,-1,-1,-0.01,-1,-1,-0.01,-1,-1,-0.01,-1,-1,-0.01,-1,-1,-0.01,-1,-1
99926009,2026-05-18 14:40:35+05:30,53384.5,0,0.0,0,0.0,0.0,53282.15,53619.2,52783.45,53710.35,0,0.0,0.0,0.0,0.0,-0.01,-1,-1,-0.01,-1,-1,-0.01,-1,-1,-0.01,-1,-1,-0.01,-1,-1,-0.01,-1,-1,-0.01,-1,-1,-0.01,-1,-1,-0.01,-1,-1,-0.01,-1,-1
99926009,2026-05-18 14:40:36+05:30,53384.45,0,0.0,0,0.0,0.0,53282.15,53619.2,52783.45,53710.35,0,0.0,0.0,0.0,0.0,-0.01,-1,-1,-0.01,-1,-1,-0.01,-1,-1,-0.01,-1,-1,-0.01,-1,-1,-0.01,-1,-1,-0.01,-1,-1,-0.01,-1,-1,-0.01,-1,-1,-0.01,-1,-1
99926009,2026-05-18 14:40:36+05:30,53385.5,0,0.0,0,0.0,0.0,53282.15,53619.2,52783.45,53710.35,0,0.0,0.0,0.0,0.0,-0.01,-1,-1,-0.01,-1,-1,-0.01,-1,-1,-0.01,-1,-1,-0.01,-1,-1,-0.01,-1,-1,-0.01,-1,-1,-0.01,-1,-1,-0.01,-1,-1,-0.01,-1,-1
99926009,2026-05-18 14:40:37+05:30,53384.2,0,0.0,0,0.0,0.0,53282.15,53619.2,52783.45,53710.35,0,0.0,0.0,0.0,0.0,-0.01,-1,-1,-0.01,-1,-1,-0.01,-1,-1,-0.01,-1,-1,-0.01,-1,-1,-0.01,-1,-1,-0.01,-1,-1,-0.01,-1,-1,-0.01,-1,-1,-0.01,-1,-1
99926009,2026-05-18 14:40:37+05:30,53383.3,0,0.0,0,0.0,0.0,53282.15,53619.2,52783.45,53710.35,0,0.0,0.0,0.0,0.0,-0.01,-1,-1,-0.01,-1,-1,-0.01,-1,-1,-0.01,-1,-1,-0.01,-1,-1,-0.01,-1,-1,-0.01,-1,-1,-0.01,-1,-1,-0.01,-1,-1,-0.01,-1,-1
99926009,2026-05-18 14:40:38+05:30,53384.6,0,0.0,0,0.0,0.0,53282.15,53619.2,52783.45,53710.35,0,0.0,0.0,0.0,0.0,-0.01,-1,-1,-0.01,-1,-1,-0.01,-1,-1,-0.01,-1,-1,-0.01,-1,-1,-0.01,-1,-1,-0.01,-1,-1,-0.01,-1,-1,-0.01,-1,-1,-0.01,-1,-1
99926009,2026-05-18 14:40:38+05:30,53384.1,0,0.0,0,0.0,0.0,53282.15,53619.2,52783.45,53710.35,0,0.0,0.0,0.0,0.0,-0.01,-1,-1,-0.01,-1,-1,-0.01,-1,-1,-0.01,-1,-1,-0.01,-1,-1,-0.01,-1,-1,-0.01,-1,-1,-0.01,-1,-1,-0.01,-1,-1,-0.01,-1,-1
99926009,2026-05-18 14:40:39+05:30,53383.65,0,0.0,0,0.0,0.0,53282.15,53619.2,52783.45,53710.35,0,0.0,0.0,0.0,0.0,-0.01,-1,-1,-0.01,-1,-1,-0.01,-1,-1,-0.01,-1,-1,-0.01,-1,-1,-0.01,-1,-1,-0.01,-1,-1,-0.01,-1,-1,-0.01,-1,-1,-0.01,-1,-1
99926009,2026-05-18 14:40:39+05:30,53384.65,0,0.0,0,0.0,0.0,53282.15,53619.2,52783.45,53710.35,0,0.0,0.0,0.0,0.0,-0.01,-1,-1,-0.01,-1,-1,-0.01,-1,-1,-0.01,-1,-1,-0.01,-1,-1,-0.01,-1,-1,-0.01,-1,-1,-0.01,-1,-1,-0.01,-1,-1,-0.01,-1,-1
99926009,2026-05-18 14:40:40+05:30,53387.35,0,0.0,0,0.0,0.0,53282.15,53619.2,52783.45,53710.35,0,0.0,0.0,0.0,0.0,-0.01,-1,-1,-0.01,-1,-1,-0.01,-1,-1,-0.01,-1,-1,-0.01,-1,-1,-0.01,-1,-1,-0.01,-1,-1,-0.01,-1,-1,-0.01,-1,-1,-0.01,-1,-1
99926009,2026-05-18 14:40:40+05:30,53392.6,0,0.0,0,0.0,0.0,53282.15,53619.2,52783.45,53710.35,0,0.0,0.0,0.0,0.0,-0.01,-1,-1,-0.01,-1,-1,-0.01,-1,-1,-0.01,-1,-1,-0.01,-1,-1,-0.01,-1,-1,-0.01,-1,-1,-0.01,-1,-1,-0.01,-1,-1,-0.01,-1,-1
99926009,2026-05-18 14:40:41+05:30,53393.15,0,0.0,0,0.0,0.0,53282.15,53619.2,52783.45,53710.35,0,0.0,0.0,0.0,0.0,-0.01,-1,-1,-0.01,-1,-1,-0.01,-1,-1,-0.01,-1,-1,-0.01,-1,-1,-0.01,-1,-1,-0.01,-1,-1,-0.01,-1,-1,-0.01,-1,-1,-0.01,-1,-1
99926009,2026-05-18 14:40:41+05:30,53392.65,0,0.0,0,0.0,0.0,53282.15,53619.2,52783.45,53710.35,0,0.0,0.0,0.0,0.0,-0.01,-1,-1,-0.01,-1,-1,-0.01,-1,-1,-0.01,-1,-1,-0.01,-1,-1,-0.01,-1,-1,-0.01,-1,-1,-0.01,-1,-1,-0.01,-1,-1,-0.01,-1,-1
99926009,2026-05-18 14:40:42+05:30,53401.6,0,0.0,0,0.0,0.0,53282.15,53619.2,52783.45,53710.35,0,0.0,0.0,0.0,0.0,-0.01,-1,-1,-0.01,-1,-1,-0.01,-1,-1,-0.01,-1,-1,-0.01,-1,-1,-0.01,-1,-1,-0.01,-1,-1,-0.01,-1,-1,-0.01,-1,-1,-0.01,-1,-1
99926009,2026-05-18 14:40:42+05:30,53401.0,0,0.0,0,0.0,0.0,53282.15,53619.2,52783.45,53710.35,0,0.0,0.0,0.0,0.0,-0.01,-1,-1,-0.01,-1,-1,-0.01,-1,-1,-0.01,-1,-1,-0.01,-1,-1,-0.01,-1,-1,-0.01,-1,-1,-0.01,-1,-1,-0.01,-1,-1,-0.01,-1,-1
99926009,2026-05-18 14:40:43+05:30,53403.3,0,0.0,0,0.0,0.0,53282.15,53619.2,52783.45,53710.35,0,0.0,0.0,0.0,0.0,-0.01,-1,-1,-0.01,-1,-1,-0.01,-1,-1,-0.01,-1,-1,-0.01,-1,-1,-0.01,-1,-1,-0.01,-1,-1,-0.01,-1,-1,-0.01,-1,-1,-0.01,-1,-1
99926009,2026-05-18 14:40:43+05:30,53398.05,0,0.0,0,0.0,0.0,53282.15,53619.2,52783.45,53710.35,0,0.0,0.0,0.0,0.0,-0.01,-1,-1,-0.01,-1,-1,-0.01,-1,-1,-0.01,-1,-1,-0.01,-1,-1,-0.01,-1,-1,-0.01,-1,-1,-0.01,-1,-1,-0.01,-1,-1,-0.01,-1,-1
99926009,2026-05-18 14:40:44+05:30,53401.4,0,0.0,0,0.0,0.0,53282.15,53619.2,52783.45,53710.35,0,0.0,0.0,0.0,0.0,-0.01,-1,-1,-0.01,-1,-1,-0.01,-1,-1,-0.01,-1,-1,-0.01,-1,-1,-0.01,-1,-1,-0.01,-1,-1,-0.01,-1,-1,-0.01,-1,-1,-0.01,-1,-1
99926009,2026-05-18 14:40:44+05:30,53401.65,0,0.0,0,0.0,0.0,53282.15,53619.2,52783.45,53710.35,0,0.0,0.0,0.0,0.0,-0.01,-1,-1,-0.01,-1,-1,-0.01,-1,-1,-0.01,-1,-1,-0.01,-1,-1,-0.01,-1,-1,-0.01,-1,-1,-0.01,-1,-1,-0.01,-1,-1,-0.01,-1,-1
99926009,2026-05-18 14:40:45+05:30,53399.0,0,0.0,0,0.0,0.0,53282.15,53619.2,52783.45,53710.35,0,0.0,0.0,0.0,0.0,-0.01,-1,-1,-0.01,-1,-1,-0.01,-1,-1,-0.01,-1,-1,-0.01,-1,-1,-0.01,-1,-1,-0.01,-1,-1,-0.01,-1,-1,-0.01,-1,-1,-0.01,-1,-1
99926009,2026-05-18 14:40:45+05:30,53401.0,0,0.0,0,0.0,0.0,53282.15,53619.2,52783.45,53710.35,0,0.0,0.0,0.0,0.0,-0.01,-1,-1,-0.01,-1,-1,-0.01,-1,-1,-0.01,-1,-1,-0.01,-1,-1,-0.01,-1,-1,-0.01,-1,-1,-0.01,-1,-1,-0.01,-1,-1,-0.01,-1,-1
99926009,2026-05-18 14:40:46+05:30,53399.85,0,0.0,0,0.0,0.0,53282.15,53619.2,52783.45,53710.35,0,0.0,0.0,0.0,0.0,-0.01,-1,-1,-0.01,-1,-1,-0.01,-1,-1,-0.01,-1,-1,-0.01,-1,-1,-0.01,-1,-1,-0.01,-1,-1,-0.01,-1,-1,-0.01,-1,-1,-0.01,-1,-1
99926009,2026-05-18 14:40:46+05:30,53400.15,0,0.0,0,0.0,0.0,53282.15,53619.2,52783.45,53710.35,0,0.0,0.0,0.0,0.0,-0.01,-1,-1,-0.01,-1,-1,-0.01,-1,-1,-0.01,-1,-1,-0.01,-1,-1,-0.01,-1,-1,-0.01,-1,-1,-0.01,-1,-1,-0.01,-1,-1,-0.01,-1,-1
99926009,2026-05-18 14:40:47+05:30,53398.85,0,0.0,0,0.0,0.0,53282.15,53619.2,52783.45,53710.35,0,0.0,0.0,0.0,0.0,-0.01,-1,-1,-0.01,-1,-1,-0.01,-1,-1,-0.01,-1,-1,-0.01,-1,-1,-0.01,-1,-1,-0.01,-1,-1,-0.01,-1,-1,-0.01,-1,-1,-0.01,-1,-1
99926009,2026-05-18 14:40:47+05:30,53399.5,0,0.0,0,0.0,0.0,53282.15,53619.2,52783.45,53710.35,0,0.0,0.0,0.0,0.0,-0.01,-1,-1,-0.01,-1,-1,-0.01,-1,-1,-0.01,-1,-1,-0.01,-1,-1,-0.01,-1,-1,-0.01,-1,-1,-0.01,-1,-1,-0.01,-1,-1,-0.01,-1,-1
99926009,2026-05-18 14:40:48+05:30,53398.55,0,0.0,0,0.0,0.0,53282.15,53619.2,52783.45,53710.35,0,0.0,0.0,0.0,0.0,-0.01,-1,-1,-0.01,-1,-1,-0.01,-1,-1,-0.01,-1,-1,-0.01,-1,-1,-0.01,-1,-1,-0.01,-1,-1,-0.01,-1,-1,-0.01,-1,-1,-0.01,-1,-1
99926009,2026-05-18 14:40:48+05:30,53398.4,0,0.0,0,0.0,0.0,53282.15,53619.2,52783.45,53710.35,0,0.0,0.0,0.0,0.0,-0.01,-1,-1,-0.01,-1,-1,-0.01,-1,-1,-0.01,-1,-1,-0.01,-1,-1,-0.01,-1,-1,-0.01,-1,-1,-0.01,-1,-1,-0.01,-1,-1,-0.01,-1,-1
99926009,2026-05-18 14:40:49+05:30,53397.35,0,0.0,0,0.0,0.0,53282.15,53619.2,52783.45,53710.35,0,0.0,0.0,0.0,0.0,-0.01,-1,-1,-0.01,-1,-1,-0.01,-1,-1,-0.01,-1,-1,-0.01,-1,-1,-0.01,-1,-1,-0.01,-1,-1,-0.01,-1,-1,-0.01,-1,-1,-0.01,-1,-1
99926009,2026-05-18 14:40:49+05:30,53401.3,0,0.0,0,0.0,0.0,53282.15,53619.2,52783.45,53710.35,0,0.0,0.0,0.0,0.0,-0.01,-1,-1,-0.01,-1,-1,-0.01,-1,-1,-0.01,-1,-1,-0.01,-1,-1,-0.01,-1,-1,-0.01,-1,-1,-0.01,-1,-1,-0.01,-1,-1,-0.01,-1,-1
99926009,2026-05-18 14:40:50+05:30,53401.0,0,0.0,0,0.0,0.0,53282.15,53619.2,52783.45,53710.35,0,0.0,0.0,0.0,0.0,-0.01,-1,-1,-0.01,-1,-1,-0.01,-1,-1,-0.01,-1,-1,-0.01,-1,-1,-0.01,-1,-1,-0.01,-1,-1,-0.01,-1,-1,-0.01,-1,-1,-0.01,-1,-1
99926009,2026-05-18 14:40:50+05:30,53400.9,0,0.0,0,0.0,0.0,53282.15,53619.2,52783.45,53710.35,0,0.0,0.0,0.0,0.0,-0.01,-1,-1,-0.01,-1,-1,-0.01,-1,-1,-0.01,-1,-1,-0.01,-1,-1,-0.01,-1,-1,-0.01,-1,-1,-0.01,-1,-1,-0.01,-1,-1,-0.01,-1,-1
99926009,2026-05-18 14:40:51+05:30,53398.55,0,0.0,0,0.0,0.0,53282.15,53619.2,52783.45,53710.35,0,0.0,0.0,0.0,0.0,-0.01,-1,-1,-0.01,-1,-1,-0.01,-1,-1,-0.01,-1,-1,-0.01,-1,-1,-0.01,-1,-1,-0.01,-1,-1,-0.01,-1,-1,-0.01,-1,-1,-0.01,-1,-1
99926009,2026-05-18 14:40:51+05:30,53398.3,0,0.0,0,0.0,0.0,53282.15,53619.2,52783.45,53710.35,0,0.0,0.0,0.0,0.0,-0.01,-1,-1,-0.01,-1,-1,-0.01,-1,-1,-0.01,-1,-1,-0.01,-1,-1,-0.01,-1,-1,-0.01,-1,-1,-0.01,-1,-1,-0.01,-1,-1,-0.01,-1,-1
99926009,2026-05-18 14:40:52+05:30,53402.35,0,0.0,0,0.0,0.0,53282.15,53619.2,52783.45,53710.35,0,0.0,0.0,0.0,0.0,-0.01,-1,-1,-0.01,-1,-1,-0.01,-1,-1,-0.01,-1,-1,-0.01,-1,-1,-0.01,-1,-1,-0.01,-1,-1,-0.01,-1,-1,-0.01,-1,-1,-0.01,-1,-1
99926009,2026-05-18 14:40:52+05:30,53398.2,0,0.0,0,0.0,0.0,53282.15,53619.2,52783.45,53710.35,0,0.0,0.0,0.0,0.0,-0.01,-1,-1,-0.01,-1,-1,-0.01,-1,-1,-0.01,-1,-1,-0.01,-1,-1,-0.01,-1,-1,-0.01,-1,-1,-0.01,-1,-1,-0.01,-1,-1,-0.01,-1,-1
99926009,2026-05-18 14:40:53+05:30,53401.4,0,0.0,0,0.0,0.0,53282.15,53619.2,52783.45,53710.35,0,0.0,0.0,0.0,0.0,-0.01,-1,-1,-0.01,-1,-1,-0.01,-1,-1,-0.01,-1,-1,-0.01,-1,-1,-0.01,-1,-1,-0.01,-1,-1,-0.01,-1,-1,-0.01,-1,-1,-0.01,-1,-1
99926009,2026-05-18 14:40:53+05:30,53398.45,0,0.0,0,0.0,0.0,53282.15,53619.2,52783.45,53710.35,0,0.0,0.0,0.0,0.0,-0.01,-1,-1,-0.01,-1,-1,-0.01,-1,-1,-0.01,-1,-1,-0.01,-1,-1,-0.01,-1,-1,-0.01,-1,-1,-0.01,-1,-1,-0.01,-1,-1,-0.01,-1,-1
99926009,2026-05-18 14:40:54+05:30,53400.35,0,0.0,0,0.0,0.0,53282.15,53619.2,52783.45,53710.35,0,0.0,0.0,0.0,0.0,-0.01,-1,-1,-0.01,-1,-1,-0.01,-1,-1,-0.01,-1,-1,-0.01,-1,-1,-0.01,-1,-1,-0.01,-1,-1,-0.01,-1,-1,-0.01,-1,-1,-0.01,-1,-1
99926009,2026-05-18 14:40:54+05:30,53398.25,0,0.0,0,0.0,0.0,53282.15,53619.2,52783.45,53710.35,0,0.0,0.0,0.0,0.0,-0.01,-1,-1,-0.01,-1,-1,-0.01,-1,-1,-0.01,-1,-1,-0.01,-1,-1,-0.01,-1,-1,-0.01,-1,-1,-0.01,-1,-1,-0.01,-1,-1,-0.01,-1,-1
99926009,2026-05-18 14:40:55+05:30,53394.95,0,0.0,0,0.0,0.0,53282.15,53619.2,52783.45,53710.35,0,0.0,0.0,0.0,0.0,-0.01,-1,-1,-0.01,-1,-1,-0.01,-1,-1,-0.01,-1,-1,-0.01,-1,-1,-0.01,-1,-1,-0.01,-1,-1,-0.01,-1,-1,-0.01,-1,-1,-0.01,-1,-1
99926009,2026-05-18 14:40:55+05:30,53394.8,0,0.0,0,0.0,0.0,53282.15,53619.2,52783.45,53710.35,0,0.0,0.0,0.0,0.0,-0.01,-1,-1,-0.01,-1,-1,-0.01,-1,-1,-0.01,-1,-1,-0.01,-1,-1,-0.01,-1,-1,-0.01,-1,-1,-0.01,-1,-1,-0.01,-1,-1,-0.01,-1,-1
99926009,2026-05-18 14:40:56+05:30,53395.4,0,0.0,0,0.0,0.0,53282.15,53619.2,52783.45,53710.35,0,0.0,0.0,0.0,0.0,-0.01,-1,-1,-0.01,-1,-1,-0.01,-1,-1,-0.01,-1,-1,-0.01,-1,-1,-0.01,-1,-1,-0.01,-1,-1,-0.01,-1,-1,-0.01,-1,-1,-0.01,-1,-1
99926009,2026-05-18 14:40:56+05:30,53398.15,0,0.0,0,0.0,0.0,53282.15,53619.2,52783.45,53710.35,0,0.0,0.0,0.0,0.0,-0.01,-1,-1,-0.01,-1,-1,-0.01,-1,-1,-0.01,-1,-1,-0.01,-1,-1,-0.01,-1,-1,-0.01,-1,-1,-0.01,-1,-1,-0.01,-1,-1,-0.01,-1,-1
99926009,2026-05-18 14:40:57+05:30,53396.9,0,0.0,0,0.0,0.0,53282.15,53619.2,52783.45,53710.35,0,0.0,0.0,0.0,0.0,-0.01,-1,-1,-0.01,-1,-1,-0.01,-1,-1,-0.01,-1,-1,-0.01,-1,-1,-0.01,-1,-1,-0.01,-1,-1,-0.01,-1,-1,-0.01,-1,-1,-0.01,-1,-1
99926009,2026-05-18 14:40:57+05:30,53399.1,0,0.0,0,0.0,0.0,53282.15,53619.2,52783.45,53710.35,0,0.0,0.0,0.0,0.0,-0.01,-1,-1,-0.01,-1,-1,-0.01,-1,-1,-0.01,-1,-1,-0.01,-1,-1,-0.01,-1,-1,-0.01,-1,-1,-0.01,-1,-1,-0.01,-1,-1,-0.01,-1,-1
99926009,2026-05-18 14:40:58+05:30,53397.9,0,0.0,0,0.0,0.0,53282.15,53619.2,52783.45,53710.35,0,0.0,0.0,0.0,0.0,-0.01,-1,-1,-0.01,-1,-1,-0.01,-1,-1,-0.01,-1,-1,-0.01,-1,-1,-0.01,-1,-1,-0.01,-1,-1,-0.01,-1,-1,-0.01,-1,-1,-0.01,-1,-1
99926009,2026-05-18 14:40:58+05:30,53399.0,0,0.0,0,0.0,0.0,53282.15,53619.2,52783.45,53710.35,0,0.0,0.0,0.0,0.0,-0.01,-1,-1,-0.01,-1,-1,-0.01,-1,-1,-0.01,-1,-1,-0.01,-1,-1,-0.01,-1,-1,-0.01,-1,-1,-0.01,-1,-1,-0.01,-1,-1,-0.01,-1,-1
99926009,2026-05-18 14:40:59+05:30,53399.95,0,0.0,0,0.0,0.0,53282.15,53619.2,52783.45,53710.35,0,0.0,0.0,0.0,0.0,-0.01,-1,-1,-0.01,-1,-1,-0.01,-1,-1,-0.01,-1,-1,-0.01,-1,-1,-0.01,-1,-1,-0.01,-1,-1,-0.01,-1,-1,-0.01,-1,-1,-0.01,-1,-1
99926009,2026-05-18 14:40:59+05:30,53397.0,0,0.0,0,0.0,0.0,53282.15,53619.2,52783.45,53710.35,0,0.0,0.0,0.0,0.0,-0.01,-1,-1,-0.01,-1,-1,-0.01,-1,-1,-0.01,-1,-1,-0.01,-1,-1,-0.01,-1,-1,-0.01,-1,-1,-0.01,-1,-1,-0.01,-1,-1,-0.01,-1,-1
99926009,2026-05-18 14:41:00+05:30,53395.9,0,0.0,0,0.0,0.0,53282.15,53619.2,52783.45,53710.35,0,0.0,0.0,0.0,0.0,-0.01,-1,-1,-0.01,-1,-1,-0.01,-1,-1,-0.01,-1,-1,-0.01,-1,-1,-0.01,-1,-1,-0.01,-1,-1,-0.01,-1,-1,-0.01,-1,-1,-0.01,-1,-1
99926009,2026-05-18 14:41:00+05:30,53398.05,0,0.0,0,0.0,0.0,53282.15,53619.2,52783.45,53710.35,0,0.0,0.0,0.0,0.0,-0.01,-1,-1,-0.01,-1,-1,-0.01,-1,-1,-0.01,-1,-1,-0.01,-1,-1,-0.01,-1,-1,-0.01,-1,-1,-0.01,-1,-1,-0.01,-1,-1,-0.01,-1,-1
99926009,2026-05-18 14:41:01+05:30,53397.9,0,0.0,0,0.0,0.0,53282.15,53619.2,52783.45,53710.35,0,0.0,0.0,0.0,0.0,-0.01,-1,-1,-0.01,-1,-1,-0.01,-1,-1,-0.01,-1,-1,-0.01,-1,-1,-0.01,-1,-1,-0.01,-1,-1,-0.01,-1,-1,-0.01,-1,-1,-0.01,-1,-1
99926009,2026-05-18 14:41:01+05:30,53391.35,0,0.0,0,0.0,0.0,53282.15,53619.2,52783.45,53710.35,0,0.0,0.0,0.0,0.0,-0.01,-1,-1,-0.01,-1,-1,-0.01,-1,-1,-0.01,-1,-1,-0.01,-1,-1,-0.01,-1,-1,-0.01,-1,-1,-0.01,-1,-1,-0.01,-1,-1,-0.01,-1,-1
99926009,2026-05-18 14:41:02+05:30,53393.35,0,0.0,0,0.0,0.0,53282.15,53619.2,52783.45,53710.35,0,0.0,0.0,0.0,0.0,-0.01,-1,-1,-0.01,-1,-1,-0.01,-1,-1,-0.01,-1,-1,-0.01,-1,-1,-0.01,-1,-1,-0.01,-1,-1,-0.01,-1,-1,-0.01,-1,-1,-0.01,-1,-1
99926009,2026-05-18 14:41:02+05:30,53392.45,0,0.0,0,0.0,0.0,53282.15,53619.2,52783.45,53710.35,0,0.0,0.0,0.0,0.0,-0.01,-1,-1,-0.01,-1,-1,-0.01,-1,-1,-0.01,-1,-1,-0.01,-1,-1,-0.01,-1,-1,-0.01,-1,-1,-0.01,-1,-1,-0.01,-1,-1,-0.01,-1,-1
99926009,2026-05-18 14:41:03+05:30,53391.25,0,0.0,0,0.0,0.0,53282.15,53619.2,52783.45,53710.35,0,0.0,0.0,0.0,0.0,-0.01,-1,-1,-0.01,-1,-1,-0.01,-1,-1,-0.01,-1,-1,-0.01,-1,-1,-0.01,-1,-1,-0.01,-1,-1,-0.01,-1,-1,-0.01,-1,-1,-0.01,-1,-1
99926009,2026-05-18 14:41:03+05:30,53389.75,0,0.0,0,0.0,0.0,53282.15,53619.2,52783.45,53710.35,0,0.0,0.0,0.0,0.0,-0.01,-1,-1,-0.01,-1,-1,-0.01,-1,-1,-0.01,-1,-1,-0.01,-1,-1,-0.01,-1,-1,-0.01,-1,-1,-0.01,-1,-1,-0.01,-1,-1,-0.01,-1,-1
99926009,2026-05-18 14:41:04+05:30,53388.45,0,0.0,0,0.0,0.0,53282.15,53619.2,52783.45,53710.35,0,0.0,0.0,0.0,0.0,-0.01,-1,-1,-0.01,-1,-1,-0.01,-1,-1,-0.01,-1,-1,-0.01,-1,-1,-0.01,-1,-1,-0.01,-1,-1,-0.01,-1,-1,-0.01,-1,-1,-0.01,-1,-1
99926009,2026-05-18 14:41:04+05:30,53392.1,0,0.0,0,0.0,0.0,53282.15,53619.2,52783.45,53710.35,0,0.0,0.0,0.0,0.0,-0.01,-1,-1,-0.01,-1,-1,-0.01,-1,-1,-0.01,-1,-1,-0.01,-1,-1,-0.01,-1,-1,-0.01,-1,-1,-0.01,-1,-1,-0.01,-1,-1,-0.01,-1,-1
99926009,2026-05-18 14:41:05+05:30,53391.05,0,0.0,0,0.0,0.0,53282.15,53619.2,52783.45,53710.35,0,0.0,0.0,0.0,0.0,-0.01,-1,-1,-0.01,-1,-1,-0.01,-1,-1,-0.01,-1,-1,-0.01,-1,-1,-0.01,-1,-1,-0.01,-1,-1,-0.01,-1,-1,-0.01,-1,-1,-0.01,-1,-1
99926009,2026-05-18 14:41:05+05:30,53394.8,0,0.0,0,0.0,0.0,53282.15,53619.2,52783.45,53710.35,0,0.0,0.0,0.0,0.0,-0.01,-1,-1,-0.01,-1,-1,-0.01,-1,-1,-0.01,-1,-1,-0.01,-1,-1,-0.01,-1,-1,-0.01,-1,-1,-0.01,-1,-1,-0.01,-1,-1,-0.01,-1,-1
99926009,2026-05-18 14:41:06+05:30,53392.4,0,0.0,0,0.0,0.0,53282.15,53619.2,52783.45,53710.35,0,0.0,0.0,0.0,0.0,-0.01,-1,-1,-0.01,-1,-1,-0.01,-1,-1,-0.01,-1,-1,-0.01,-1,-1,-0.01,-1,-1,-0.01,-1,-1,-0.01,-1,-1,-0.01,-1,-1,-0.01,-1,-1
99926009,2026-05-18 14:41:06+05:30,53397.5,0,0.0,0,0.0,0.0,53282.15,53619.2,52783.45,53710.35,0,0.0,0.0,0.0,0.0,-0.01,-1,-1,-0.01,-1,-1,-0.01,-1,-1,-0.01,-1,-1,-0.01,-1,-1,-0.01,-1,-1,-0.01,-1,-1,-0.01,-1,-1,-0.01,-1,-1,-0.01,-1,-1
99926009,2026-05-18 14:41:07+05:30,53399.95,0,0.0,0,0.0,0.0,53282.15,53619.2,52783.45,53710.35,0,0.0,0.0,0.0,0.0,-0.01,-1,-1,-0.01,-1,-1,-0.01,-1,-1,-0.01,-1,-1,-0.01,-1,-1,-0.01,-1,-1,-0.01,-1,-1,-0.01,-1,-1,-0.01,-1,-1,-0.01,-1,-1
99926009,2026-05-18 14:41:07+05:30,53398.85,0,0.0,0,0.0,0.0,53282.15,53619.2,52783.45,53710.35,0,0.0,0.0,0.0,0.0,-0.01,-1,-1,-0.01,-1,-1,-0.01,-1,-1,-0.01,-1,-1,-0.01,-1,-1,-0.01,-1,-1,-0.01,-1,-1,-0.01,-1,-1,-0.01,-1,-1,-0.01,-1,-1
99926009,2026-05-18 14:41:08+05:30,53397.95,0,0.0,0,0.0,0.0,53282.15,53619.2,52783.45,53710.35,0,0.0,0.0,0.0,0.0,-0.01,-1,-1,-0.01,-1,-1,-0.01,-1,-1,-0.01,-1,-1,-0.01,-1,-1,-0.01,-1,-1,-0.01,-1,-1,-0.01,-1,-1,-0.01,-1,-1,-0.01,-1,-1
99926009,2026-05-18 14:41:08+05:30,53392.3,0,0.0,0,0.0,0.0,53282.15,53619.2,52783.45,53710.35,0,0.0,0.0,0.0,0.0,-0.01,-1,-1,-0.01,-1,-1,-0.01,-1,-1,-0.01,-1,-1,-0.01,-1,-1,-0.01,-1,-1,-0.01,-1,-1,-0.01,-1,-1,-0.01,-1,-1,-0.01,-1,-1
99926009,2026-05-18 14:41:09+05:30,53399.5,0,0.0,0,0.0,0.0,53282.15,53619.2,52783.45,53710.35,0,0.0,0.0,0.0,0.0,-0.01,-1,-1,-0.01,-1,-1,-0.01,-1,-1,-0.01,-1,-1,-0.01,-1,-1,-0.01,-1,-1,-0.01,-1,-1,-0.01,-1,-1,-0.01,-1,-1,-0.01,-1,-1
99926009,2026-05-18 14:41:09+05:30,53398.35,0,0.0,0,0.0,0.0,53282.15,53619.2,52783.45,53710.35,0,0.0,0.0,0.0,0.0,-0.01,-1,-1,-0.01,-1,-1,-0.01,-1,-1,-0.01,-1,-1,-0.01,-1,-1,-0.01,-1,-1,-0.01,-1,-1,-0.01,-1,-1,-0.01,-1,-1,-0.01,-1,-1
99926009,2026-05-18 14:41:10+05:30,53394.6,0,0.0,0,0.0,0.0,53282.15,53619.2,52783.45,53710.35,0,0.0,0.0,0.0,0.0,-0.01,-1,-1,-0.01,-1,-1,-0.01,-1,-1,-0.01,-1,-1,-0.01,-1,-1,-0.01,-1,-1,-0.01,-1,-1,-0.01,-1,-1,-0.01,-1,-1,-0.01,-1,-1
99926009,2026-05-18 14:41:10+05:30,53398.25,0,0.0,0,0.0,0.0,53282.15,53619.2,52783.45,53710.35,0,0.0,0.0,0.0,0.0,-0.01,-1,-1,-0.01,-1,-1,-0.01,-1,-1,-0.01,-1,-1,-0.01,-1,-1,-0.01,-1,-1,-0.01,-1,-1,-0.01,-1,-1,-0.01,-1,-1,-0.01,-1,-1
99926009,2026-05-18 14:41:11+05:30,53396.7,0,0.0,0,0.0,0.0,53282.15,53619.2,52783.45,53710.35,0,0.0,0.0,0.0,0.0,-0.01,-1,-1,-0.01,-1,-1,-0.01,-1,-1,-0.01,-1,-1,-0.01,-1,-1,-0.01,-1,-1,-0.01,-1,-1,-0.01,-1,-1,-0.01,-1,-1,-0.01,-1,-1
99926009,2026-05-18 14:41:11+05:30,53401.6,0,0.0,0,0.0,0.0,53282.15,53619.2,52783.45,53710.35,0,0.0,0.0,0.0,0.0,-0.01,-1,-1,-0.01,-1,-1,-0.01,-1,-1,-0.01,-1,-1,-0.01,-1,-1,-0.01,-1,-1,-0.01,-1,-1,-0.01,-1,-1,-0.01,-1,-1,-0.01,-1,-1
99926009,2026-05-18 14:41:12+05:30,53400.95,0,0.0,0,0.0,0.0,53282.15,53619.2,52783.45,53710.35,0,0.0,0.0,0.0,0.0,-0.01,-1,-1,-0.01,-1,-1,-0.01,-1,-1,-0.01,-1,-1,-0.01,-1,-1,-0.01,-1,-1,-0.01,-1,-1,-0.01,-1,-1,-0.01,-1,-1,-0.01,-1,-1
99926009,2026-05-18 14:41:12+05:30,53399.45,0,0.0,0,0.0,0.0,53282.15,53619.2,52783.45,53710.35,0,0.0,0.0,0.0,0.0,-0.01,-1,-1,-0.01,-1,-1,-0.01,-1,-1,-0.01,-1,-1,-0.01,-1,-1,-0.01,-1,-1,-0.01,-1,-1,-0.01,-1,-1,-0.01,-1,-1,-0.01,-1,-1
99926009,2026-05-18 14:41:13+05:30,53398.85,0,0.0,0,0.0,0.0,53282.15,53619.2,52783.45,53710.35,0,0.0,0.0,0.0,0.0,-0.01,-1,-1,-0.01,-1,-1,-0.01,-1,-1,-0.01,-1,-1,-0.01,-1,-1,-0.01,-1,-1,-0.01,-1,-1,-0.01,-1,-1,-0.01,-1,-1,-0.01,-1,-1
99926009,2026-05-18 14:41:13+05:30,53404.4,0,0.0,0,0.0,0.0,53282.15,53619.2,52783.45,53710.35,0,0.0,0.0,0.0,0.0,-0.01,-1,-1,-0.01,-1,-1,-0.01,-1,-1,-0.01,-1,-1,-0.01,-1,-1,-0.01,-1,-1,-0.01,-1,-1,-0.01,-1,-1,-0.01,-1,-1,-0.01,-1,-1
99926009,2026-05-18 14:41:14+05:30,53400.2,0,0.0,0,0.0,0.0,53282.15,53619.2,52783.45,53710.35,0,0.0,0.0,0.0,0.0,-0.01,-1,-1,-0.01,-1,-1,-0.01,-1,-1,-0.01,-1,-1,-0.01,-1,-1,-0.01,-1,-1,-0.01,-1,-1,-0.01,-1,-1,-0.01,-1,-1,-0.01,-1,-1
99926009,2026-05-18 14:41:14+05:30,53403.6,0,0.0,0,0.0,0.0,53282.15,53619.2,52783.45,53710.35,0,0.0,0.0,0.0,0.0,-0.01,-1,-1,-0.01,-1,-1,-0.01,-1,-1,-0.01,-1,-1,-0.01,-1,-1,-0.01,-1,-1,-0.01,-1,-1,-0.01,-1,-1,-0.01,-1,-1,-0.01,-1,-1
99926009,2026-05-18 14:41:15+05:30,53400.1,0,0.0,0,0.0,0.0,53282.15,53619.2,52783.45,53710.35,0,0.0,0.0,0.0,0.0,-0.01,-1,-1,-0.01,-1,-1,-0.01,-1,-1,-0.01,-1,-1,-0.01,-1,-1,-0.01,-1,-1,-0.01,-1,-1,-0.01,-1,-1,-0.01,-1,-1,-0.01,-1,-1
99926009,2026-05-18 14:41:15+05:30,53406.0,0,0.0,0,0.0,0.0,53282.15,53619.2,52783.45,53710.35,0,0.0,0.0,0.0,0.0,-0.01,-1,-1,-0.01,-1,-1,-0.01,-1,-1,-0.01,-1,-1,-0.01,-1,-1,-0.01,-1,-1,-0.01,-1,-1,-0.01,-1,-1,-0.01,-1,-1,-0.01,-1,-1
99926009,2026-05-18 14:41:16+05:30,53404.05,0,0.0,0,0.0,0.0,53282.15,53619.2,52783.45,53710.35,0,0.0,0.0,0.0,0.0,-0.01,-1,-1,-0.01,-1,-1,-0.01,-1,-1,-0.01,-1,-1,-0.01,-1,-1,-0.01,-1,-1,-0.01,-1,-1,-0.01,-1,-1,-0.01,-1,-1,-0.01,-1,-1
99926009,2026-05-18 14:41:16+05:30,53405.1,0,0.0,0,0.0,0.0,53282.15,53619.2,52783.45,53710.35,0,0.0,0.0,0.0,0.0,-0.01,-1,-1,-0.01,-1,-1,-0.01,-1,-1,-0.01,-1,-1,-0.01,-1,-1,-0.01,-1,-1,-0.01,-1,-1,-0.01,-1,-1,-0.01,-1,-1,-0.01,-1,-1
99926009,2026-05-18 14:41:17+05:30,53405.8,0,0.0,0,0.0,0.0,53282.15,53619.2,52783.45,53710.35,0,0.0,0.0,0.0,0.0,-0.01,-1,-1,-0.01,-1,-1,-0.01,-1,-1,-0.01,-1,-1,-0.01,-1,-1,-0.01,-1,-1,-0.01,-1,-1,-0.01,-1,-1,-0.01,-1,-1,-0.01,-1,-1
99926009,2026-05-18 14:41:17+05:30,53400.05,0,0.0,0,0.0,0.0,53282.15,53619.2,52783.45,53710.35,0,0.0,0.0,0.0,0.0,-0.01,-1,-1,-0.01,-1,-1,-0.01,-1,-1,-0.01,-1,-1,-0.01,-1,-1,-0.01,-1,-1,-0.01,-1,-1,-0.01,-1,-1,-0.01,-1,-1,-0.01,-1,-1
99926009,2026-05-18 14:41:18+05:30,53406.85,0,0.0,0,0.0,0.0,53282.15,53619.2,52783.45,53710.35,0,0.0,0.0,0.0,0.0,-0.01,-1,-1,-0.01,-1,-1,-0.01,-1,-1,-0.01,-1,-1,-0.01,-1,-1,-0.01,-1,-1,-0.01,-1,-1,-0.01,-1,-1,-0.01,-1,-1,-0.01,-1,-1
99926009,2026-05-18 14:41:18+05:30,53403.05,0,0.0,0,0.0,0.0,53282.15,53619.2,52783.45,53710.35,0,0.0,0.0,0.0,0.0,-0.01,-1,-1,-0.01,-1,-1,-0.01,-1,-1,-0.01,-1,-1,-0.01,-1,-1,-0.01,-1,-1,-0.01,-1,-1,-0.01,-1,-1,-0.01,-1,-1,-0.01,-1,-1
99926009,2026-05-18 14:41:19+05:30,53406.1,0,0.0,0,0.0,0.0,53282.15,53619.2,52783.45,53710.35,0,0.0,0.0,0.0,0.0,-0.01,-1,-1,-0.01,-1,-1,-0.01,-1,-1,-0.01,-1,-1,-0.01,-1,-1,-0.01,-1,-1,-0.01,-1,-1,-0.01,-1,-1,-0.01,-1,-1,-0.01,-1,-1
99926009,2026-05-18 14:41:19+05:30,53402.35,0,0.0,0,0.0,0.0,53282.15,53619.2,52783.45,53710.35,0,0.0,0.0,0.0,0.0,-0.01,-1,-1,-0.01,-1,-1,-0.01,-1,-1,-0.01,-1,-1,-0.01,-1,-1,-0.01,-1,-1,-0.01,-1,-1,-0.01,-1,-1,-0.01,-1,-1,-0.01,-1,-1
99926009,2026-05-18 14:41:20+05:30,53402.95,0,0.0,0,0.0,0.0,53282.15,53619.2,52783.45,53710.35,0,0.0,0.0,0.0,0.0,-0.01,-1,-1,-0.01,-1,-1,-0.01,-1,-1,-0.01,-1,-1,-0.01,-1,-1,-0.01,-1,-1,-0.01,-1,-1,-0.01,-1,-1,-0.01,-1,-1,-0.01,-1,-1
99926009,2026-05-18 14:41:20+05:30,53405.45,0,0.0,0,0.0,0.0,53282.15,53619.2,52783.45,53710.35,0,0.0,0.0,0.0,0.0,-0.01,-1,-1,-0.01,-1,-1,-0.01,-1,-1,-0.01,-1,-1,-0.01,-1,-1,-0.01,-1,-1,-0.01,-1,-1,-0.01,-1,-1,-0.01,-1,-1,-0.01,-1,-1
99926009,2026-05-18 14:41:21+05:30,53407.75,0,0.0,0,0.0,0.0,53282.15,53619.2,52783.45,53710.35,0,0.0,0.0,0.0,0.0,-0.01,-1,-1,-0.01,-1,-1,-0.01,-1,-1,-0.01,-1,-1,-0.01,-1,-1,-0.01,-1,-1,-0.01,-1,-1,-0.01,-1,-1,-0.01,-1,-1,-0.01,-1,-1
99926009,2026-05-18 14:41:21+05:30,53408.1,0,0.0,0,0.0,0.0,53282.15,53619.2,52783.45,53710.35,0,0.0,0.0,0.0,0.0,-0.01,-1,-1,-0.01,-1,-1,-0.01,-1,-1,-0.01,-1,-1,-0.01,-1,-1,-0.01,-1,-1,-0.01,-1,-1,-0.01,-1,-1,-0.01,-1,-1,-0.01,-1,-1
99926009,2026-05-18 14:41:22+05:30,53407.25,0,0.0,0,0.0,0.0,53282.15,53619.2,52783.45,53710.35,0,0.0,0.0,0.0,0.0,-0.01,-1,-1,-0.01,-1,-1,-0.01,-1,-1,-0.01,-1,-1,-0.01,-1,-1,-0.01,-1,-1,-0.01,-1,-1,-0.01,-1,-1,-0.01,-1,-1,-0.01,-1,-1
99926009,2026-05-18 14:41:22+05:30,53409.0,0,0.0,0,0.0,0.0,53282.15,53619.2,52783.45,53710.35,0,0.0,0.0,0.0,0.0,-0.01,-1,-1,-0.01,-1,-1,-0.01,-1,-1,-0.01,-1,-1,-0.01,-1,-1,-0.01,-1,-1,-0.01,-1,-1,-0.01,-1,-1,-0.01,-1,-1,-0.01,-1,-1
99926009,2026-05-18 14:41:23+05:30,53413.5,0,0.0,0,0.0,0.0,53282.15,53619.2,52783.45,53710.35,0,0.0,0.0,0.0,0.0,-0.01,-1,-1,-0.01,-1,-1,-0.01,-1,-1,-0.01,-1,-1,-0.01,-1,-1,-0.01,-1,-1,-0.01,-1,-1,-0.01,-1,-1,-0.01,-1,-1,-0.01,-1,-1
99926009,2026-05-18 14:41:23+05:30,53409.9,0,0.0,0,0.0,0.0,53282.15,53619.2,52783.45,53710.35,0,0.0,0.0,0.0,0.0,-0.01,-1,-1,-0.01,-1,-1,-0.01,-1,-1,-0.01,-1,-1,-0.01,-1,-1,-0.01,-1,-1,-0.01,-1,-1,-0.01,-1,-1,-0.01,-1,-1,-0.01,-1,-1
99926009,2026-05-18 14:41:24+05:30,53407.5,0,0.0,0,0.0,0.0,53282.15,53619.2,52783.45,53710.35,0,0.0,0.0,0.0,0.0,-0.01,-1,-1,-0.01,-1,-1,-0.01,-1,-1,-0.01,-1,-1,-0.01,-1,-1,-0.01,-1,-1,-0.01,-1,-1,-0.01,-1,-1,-0.01,-1,-1,-0.01,-1,-1
99926009,2026-05-18 14:41:24+05:30,53413.2,0,0.0,0,0.0,0.0,53282.15,53619.2,52783.45,53710.35,0,0.0,0.0,0.0,0.0,-0.01,-1,-1,-0.01,-1,-1,-0.01,-1,-1,-0.01,-1,-1,-0.01,-1,-1,-0.01,-1,-1,-0.01,-1,-1,-0.01,-1,-1,-0.01,-1,-1,-0.01,-1,-1
99926009,2026-05-18 14:41:25+05:30,53409.3,0,0.0,0,0.0,0.0,53282.15,53619.2,52783.45,53710.35,0,0.0,0.0,0.0,0.0,-0.01,-1,-1,-0.01,-1,-1,-0.01,-1,-1,-0.01,-1,-1,-0.01,-1,-1,-0.01,-1,-1,-0.01,-1,-1,-0.01,-1,-1,-0.01,-1,-1,-0.01,-1,-1
99926009,2026-05-18 14:41:25+05:30,53410.65,0,0.0,0,0.0,0.0,53282.15,53619.2,52783.45,53710.35,0,0.0,0.0,0.0,0.0,-0.01,-1,-1,-0.01,-1,-1,-0.01,-1,-1,-0.01,-1,-1,-0.01,-1,-1,-0.01,-1,-1,-0.01,-1,-1,-0.01,-1,-1,-0.01,-1,-1,-0.01,-1,-1
99926009,2026-05-18 14:41:26+05:30,53410.65,0,0.0,0,0.0,0.0,53282.15,53619.2,52783.45,53710.35,0,0.0,0.0,0.0,0.0,-0.01,-1,-1,-0.01,-1,-1,-0.01,-1,-1,-0.01,-1,-1,-0.01,-1,-1,-0.01,-1,-1,-0.01,-1,-1,-0.01,-1,-1,-0.01,-1,-1,-0.01,-1,-1
99926009,2026-05-18 14:41:26+05:30,53409.25,0,0.0,0,0.0,0.0,53282.15,53619.2,52783.45,53710.35,0,0.0,0.0,0.0,0.0,-0.01,-1,-1,-0.01,-1,-1,-0.01,-1,-1,-0.01,-1,-1,-0.01,-1,-1,-0.01,-1,-1,-0.01,-1,-1,-0.01,-1,-1,-0.01,-1,-1,-0.01,-1,-1
99926009,2026-05-18 14:41:27+05:30,53410.95,0,0.0,0,0.0,0.0,53282.15,53619.2,52783.45,53710.35,0,0.0,0.0,0.0,0.0,-0.01,-1,-1,-0.01,-1,-1,-0.01,-1,-1,-0.01,-1,-1,-0.01,-1,-1,-0.01,-1,-1,-0.01,-1,-1,-0.01,-1,-1,-0.01,-1,-1,-0.01,-1,-1
99926009,2026-05-18 14:41:27+05:30,53409.5,0,0.0,0,0.0,0.0,53282.15,53619.2,52783.45,53710.35,0,0.0,0.0,0.0,0.0,-0.01,-1,-1,-0.01,-1,-1,-0.01,-1,-1,-0.01,-1,-1,-0.01,-1,-1,-0.01,-1,-1,-0.01,-1,-1,-0.01,-1,-1,-0.01,-1,-1,-0.01,-1,-1
99926009,2026-05-18 14:41:28+05:30,53411.2,0,0.0,0,0.0,0.0,53282.15,53619.2,52783.45,53710.35,0,0.0,0.0,0.0,0.0,-0.01,-1,-1,-0.01,-1,-1,-0.01,-1,-1,-0.01,-1,-1,-0.01,-1,-1,-0.01,-1,-1,-0.01,-1,-1,-0.01,-1,-1,-0.01,-1,-1,-0.01,-1,-1
99926009,2026-05-18 14:41:28+05:30,53413.6,0,0.0,0,0.0,0.0,53282.15,53619.2,52783.45,53710.35,0,0.0,0.0,0.0,0.0,-0.01,-1,-1,-0.01,-1,-1,-0.01,-1,-1,-0.01,-1,-1,-0.01,-1,-1,-0.01,-1,-1,-0.01,-1,-1,-0.01,-1,-1,-0.01,-1,-1,-0.01,-1,-1
99926009,2026-05-18 14:41:29+05:30,53412.9,0,0.0,0,0.0,0.0,53282.15,53619.2,52783.45,53710.35,0,0.0,0.0,0.0,0.0,-0.01,-1,-1,-0.01,-1,-1,-0.01,-1,-1,-0.01,-1,-1,-0.01,-1,-1,-0.01,-1,-1,-0.01,-1,-1,-0.01,-1,-1,-0.01,-1,-1,-0.01,-1,-1
99926009,2026-05-18 14:41:29+05:30,53413.5,0,0.0,0,0.0,0.0,53282.15,53619.2,52783.45,53710.35,0,0.0,0.0,0.0,0.0,-0.01,-1,-1,-0.01,-1,-1,-0.01,-1,-1,-0.01,-1,-1,-0.01,-1,-1,-0.01,-1,-1,-0.01,-1,-1,-0.01,-1,-1,-0.01,-1,-1,-0.01,-1,-1
99926009,2026-05-18 14:41:30+05:30,53414.15,0,0.0,0,0.0,0.0,53282.15,53619.2,52783.45,53710.35,0,0.0,0.0,0.0,0.0,-0.01,-1,-1,-0.01,-1,-1,-0.01,-1,-1,-0.01,-1,-1,-0.01,-1,-1,-0.01,-1,-1,-0.01,-1,-1,-0.01,-1,-1,-0.01,-1,-1,-0.01,-1,-1
99926009,2026-05-18 14:41:30+05:30,53416.05,0,0.0,0,0.0,0.0,53282.15,53619.2,52783.45,53710.35,0,0.0,0.0,0.0,0.0,-0.01,-1,-1,-0.01,-1,-1,-0.01,-1,-1,-0.01,-1,-1,-0.01,-1,-1,-0.01,-1,-1,-0.01,-1,-1,-0.01,-1,-1,-0.01,-1,-1,-0.01,-1,-1
99926009,2026-05-18 14:41:31+05:30,53412.95,0,0.0,0,0.0,0.0,53282.15,53619.2,52783.45,53710.35,0,0.0,0.0,0.0,0.0,-0.01,-1,-1,-0.01,-1,-1,-0.01,-1,-1,-0.01,-1,-1,-0.01,-1,-1,-0.01,-1,-1,-0.01,-1,-1,-0.01,-1,-1,-0.01,-1,-1,-0.01,-1,-1
99926009,2026-05-18 14:41:31+05:30,53416.4,0,0.0,0,0.0,0.0,53282.15,53619.2,52783.45,53710.35,0,0.0,0.0,0.0,0.0,-0.01,-1,-1,-0.01,-1,-1,-0.01,-1,-1,-0.01,-1,-1,-0.01,-1,-1,-0.01,-1,-1,-0.01,-1,-1,-0.01,-1,-1,-0.01,-1,-1,-0.01,-1,-1
99926009,2026-05-18 14:41:32+05:30,53413.3,0,0.0,0,0.0,0.0,53282.15,53619.2,52783.45,53710.35,0,0.0,0.0,0.0,0.0,-0.01,-1,-1,-0.01,-1,-1,-0.01,-1,-1,-0.01,-1,-1,-0.01,-1,-1,-0.01,-1,-1,-0.01,-1,-1,-0.01,-1,-1,-0.01,-1,-1,-0.01,-1,-1
99926009,2026-05-18 14:41:32+05:30,53414.55,0,0.0,0,0.0,0.0,53282.15,53619.2,52783.45,53710.35,0,0.0,0.0,0.0,0.0,-0.01,-1,-1,-0.01,-1,-1,-0.01,-1,-1,-0.01,-1,-1,-0.01,-1,-1,-0.01,-1,-1,-0.01,-1,-1,-0.01,-1,-1,-0.01,-1,-1,-0.01,-1,-1
99926009,2026-05-18 14:41:33+05:30,53412.25,0,0.0,0,0.0,0.0,53282.15,53619.2,52783.45,53710.35,0,0.0,0.0,0.0,0.0,-0.01,-1,-1,-0.01,-1,-1,-0.01,-1,-1,-0.01,-1,-1,-0.01,-1,-1,-0.01,-1,-1,-0.01,-1,-1,-0.01,-1,-1,-0.01,-1,-1,-0.01,-1,-1
99926009,2026-05-18 14:41:33+05:30,53412.7,0,0.0,0,0.0,0.0,53282.15,53619.2,52783.45,53710.35,0,0.0,0.0,0.0,0.0,-0.01,-1,-1,-0.01,-1,-1,-0.01,-1,-1,-0.01,-1,-1,-0.01,-1,-1,-0.01,-1,-1,-0.01,-1,-1,-0.01,-1,-1,-0.01,-1,-1,-0.01,-1,-1
99926009,2026-05-18 14:41:34+05:30,53413.5,0,0.0,0,0.0,0.0,53282.15,53619.2,52783.45,53710.35,0,0.0,0.0,0.0,0.0,-0.01,-1,-1,-0.01,-1,-1,-0.01,-1,-1,-0.01,-1,-1,-0.01,-1,-1,-0.01,-1,-1,-0.01,-1,-1,-0.01,-1,-1,-0.01,-1,-1,-0.01,-1,-1
99926009,2026-05-18 14:41:34+05:30,53415.55,0,0.0,0,0.0,0.0,53282.15,53619.2,52783.45,53710.35,0,0.0,0.0,0.0,0.0,-0.01,-1,-1,-0.01,-1,-1,-0.01,-1,-1,-0.01,-1,-1,-0.01,-1,-1,-0.01,-1,-1,-0.01,-1,-1,-0.01,-1,-1,-0.01,-1,-1,-0.01,-1,-1
99926009,2026-05-18 14:41:35+05:30,53415.45,0,0.0,0,0.0,0.0,53282.15,53619.2,52783.45,53710.35,0,0.0,0.0,0.0,0.0,-0.01,-1,-1,-0.01,-1,-1,-0.01,-1,-1,-0.01,-1,-1,-0.01,-1,-1,-0.01,-1,-1,-0.01,-1,-1,-0.01,-1,-1,-0.01,-1,-1,-0.01,-1,-1
99926009,2026-05-18 14:41:35+05:30,53414.4,0,0.0,0,0.0,0.0,53282.15,53619.2,52783.45,53710.35,0,0.0,0.0,0.0,0.0,-0.01,-1,-1,-0.01,-1,-1,-0.01,-1,-1,-0.01,-1,-1,-0.01,-1,-1,-0.01,-1,-1,-0.01,-1,-1,-0.01,-1,-1,-0.01,-1,-1,-0.01,-1,-1
99926009,2026-05-18 14:41:36+05:30,53415.9,0,0.0,0,0.0,0.0,53282.15,53619.2,52783.45,53710.35,0,0.0,0.0,0.0,0.0,-0.01,-1,-1,-0.01,-1,-1,-0.01,-1,-1,-0.01,-1,-1,-0.01,-1,-1,-0.01,-1,-1,-0.01,-1,-1,-0.01,-1,-1,-0.01,-1,-1,-0.01,-1,-1
99926009,2026-05-18 14:41:36+05:30,53415.9,0,0.0,0,0.0,0.0,53282.15,53619.2,52783.45,53710.35,0,0.0,0.0,0.0,0.0,-0.01,-1,-1,-0.01,-1,-1,-0.01,-1,-1,-0.01,-1,-1,-0.01,-1,-1,-0.01,-1,-1,-0.01,-1,-1,-0.01,-1,-1,-0.01,-1,-1,-0.01,-1,-1
99926009,2026-05-18 14:41:37+05:30,53416.2,0,0.0,0,0.0,0.0,53282.15,53619.2,52783.45,53710.35,0,0.0,0.0,0.0,0.0,-0.01,-1,-1,-0.01,-1,-1,-0.01,-1,-1,-0.01,-1,-1,-0.01,-1,-1,-0.01,-1,-1,-0.01,-1,-1,-0.01,-1,-1,-0.01,-1,-1,-0.01,-1,-1
99926009,2026-05-18 14:41:37+05:30,53414.6,0,0.0,0,0.0,0.0,53282.15,53619.2,52783.45,53710.35,0,0.0,0.0,0.0,0.0,-0.01,-1,-1,-0.01,-1,-1,-0.01,-1,-1,-0.01,-1,-1,-0.01,-1,-1,-0.01,-1,-1,-0.01,-1,-1,-0.01,-1,-1,-0.01,-1,-1,-0.01,-1,-1
99926009,2026-05-18 14:41:38+05:30,53414.8,0,0.0,0,0.0,0.0,53282.15,53619.2,52783.45,53710.35,0,0.0,0.0,0.0,0.0,-0.01,-1,-1,-0.01,-1,-1,-0.01,-1,-1,-0.01,-1,-1,-0.01,-1,-1,-0.01,-1,-1,-0.01,-1,-1,-0.01,-1,-1,-0.01,-1,-1,-0.01,-1,-1
99926009,2026-05-18 14:41:38+05:30,53414.95,0,0.0,0,0.0,0.0,53282.15,53619.2,52783.45,53710.35,0,0.0,0.0,0.0,0.0,-0.01,-1,-1,-0.01,-1,-1,-0.01,-1,-1,-0.01,-1,-1,-0.01,-1,-1,-0.01,-1,-1,-0.01,-1,-1,-0.01,-1,-1,-0.01,-1,-1,-0.01,-1,-1
99926009,2026-05-18 14:41:39+05:30,53414.65,0,0.0,0,0.0,0.0,53282.15,53619.2,52783.45,53710.35,0,0.0,0.0,0.0,0.0,-0.01,-1,-1,-0.01,-1,-1,-0.01,-1,-1,-0.01,-1,-1,-0.01,-1,-1,-0.01,-1,-1,-0.01,-1,-1,-0.01,-1,-1,-0.01,-1,-1,-0.01,-1,-1
99926009,2026-05-18 14:41:39+05:30,53414.95,0,0.0,0,0.0,0.0,53282.15,53619.2,52783.45,53710.35,0,0.0,0.0,0.0,0.0,-0.01,-1,-1,-0.01,-1,-1,-0.01,-1,-1,-0.01,-1,-1,-0.01,-1,-1,-0.01,-1,-1,-0.01,-1,-1,-0.01,-1,-1,-0.01,-1,-1,-0.01,-1,-1
99926009,2026-05-18 14:41:40+05:30,53414.05,0,0.0,0,0.0,0.0,53282.15,53619.2,52783.45,53710.35,0,0.0,0.0,0.0,0.0,-0.01,-1,-1,-0.01,-1,-1,-0.01,-1,-1,-0.01,-1,-1,-0.01,-1,-1,-0.01,-1,-1,-0.01,-1,-1,-0.01,-1,-1,-0.01,-1,-1,-0.01,-1,-1
99926009,2026-05-18 14:41:40+05:30,53413.2,0,0.0,0,0.0,0.0,53282.15,53619.2,52783.45,53710.35,0,0.0,0.0,0.0,0.0,-0.01,-1,-1,-0.01,-1,-1,-0.01,-1,-1,-0.01,-1,-1,-0.01,-1,-1,-0.01,-1,-1,-0.01,-1,-1,-0.01,-1,-1,-0.01,-1,-1,-0.01,-1,-1
99926009,2026-05-18 14:41:41+05:30,53413.35,0,0.0,0,0.0,0.0,53282.15,53619.2,52783.45,53710.35,0,0.0,0.0,0.0,0.0,-0.01,-1,-1,-0.01,-1,-1,-0.01,-1,-1,-0.01,-1,-1,-0.01,-1,-1,-0.01,-1,-1,-0.01,-1,-1,-0.01,-1,-1,-0.01,-1,-1,-0.01,-1,-1
99926009,2026-05-18 14:41:41+05:30,53415.25,0,0.0,0,0.0,0.0,53282.15,53619.2,52783.45,53710.35,0,0.0,0.0,0.0,0.0,-0.01,-1,-1,-0.01,-1,-1,-0.01,-1,-1,-0.01,-1,-1,-0.01,-1,-1,-0.01,-1,-1,-0.01,-1,-1,-0.01,-1,-1,-0.01,-1,-1,-0.01,-1,-1
99926009,2026-05-18 14:41:42+05:30,53413.0,0,0.0,0,0.0,0.0,53282.15,53619.2,52783.45,53710.35,0,0.0,0.0,0.0,0.0,-0.01,-1,-1,-0.01,-1,-1,-0.01,-1,-1,-0.01,-1,-1,-0.01,-1,-1,-0.01,-1,-1,-0.01,-1,-1,-0.01,-1,-1,-0.01,-1,-1,-0.01,-1,-1
99926009,2026-05-18 14:41:42+05:30,53414.5,0,0.0,0,0.0,0.0,53282.15,53619.2,52783.45,53710.35,0,0.0,0.0,0.0,0.0,-0.01,-1,-1,-0.01,-1,-1,-0.01,-1,-1,-0.01,-1,-1,-0.01,-1,-1,-0.01,-1,-1,-0.01,-1,-1,-0.01,-1,-1,-0.01,-1,-1,-0.01,-1,-1
99926009,2026-05-18 14:41:43+05:30,53416.05,0,0.0,0,0.0,0.0,53282.15,53619.2,52783.45,53710.35,0,0.0,0.0,0.0,0.0,-0.01,-1,-1,-0.01,-1,-1,-0.01,-1,-1,-0.01,-1,-1,-0.01,-1,-1,-0.01,-1,-1,-0.01,-1,-1,-0.01,-1,-1,-0.01,-1,-1,-0.01,-1,-1
99926009,2026-05-18 14:41:43+05:30,53414.9,0,0.0,0,0.0,0.0,53282.15,53619.2,52783.45,53710.35,0,0.0,0.0,0.0,0.0,-0.01,-1,-1,-0.01,-1,-1,-0.01,-1,-1,-0.01,-1,-1,-0.01,-1,-1,-0.01,-1,-1,-0.01,-1,-1,-0.01,-1,-1,-0.01,-1,-1,-0.01,-1,-1
99926009,2026-05-18 14:41:44+05:30,53412.8,0,0.0,0,0.0,0.0,53282.15,53619.2,52783.45,53710.35,0,0.0,0.0,0.0,0.0,-0.01,-1,-1,-0.01,-1,-1,-0.01,-1,-1,-0.01,-1,-1,-0.01,-1,-1,-0.01,-1,-1,-0.01,-1,-1,-0.01,-1,-1,-0.01,-1,-1,-0.01,-1,-1
99926009,2026-05-18 14:41:44+05:30,53412.55,0,0.0,0,0.0,0.0,53282.15,53619.2,52783.45,53710.35,0,0.0,0.0,0.0,0.0,-0.01,-1,-1,-0.01,-1,-1,-0.01,-1,-1,-0.01,-1,-1,-0.01,-1,-1,-0.01,-1,-1,-0.01,-1,-1,-0.01,-1,-1,-0.01,-1,-1,-0.01,-1,-1
99926009,2026-05-18 14:41:45+05:30,53413.75,0,0.0,0,0.0,0.0,53282.15,53619.2,52783.45,53710.35,0,0.0,0.0,0.0,0.0,-0.01,-1,-1,-0.01,-1,-1,-0.01,-1,-1,-0.01,-1,-1,-0.01,-1,-1,-0.01,-1,-1,-0.01,-1,-1,-0.01,-1,-1,-0.01,-1,-1,-0.01,-1,-1
99926009,2026-05-18 14:41:45+05:30,53415.65,0,0.0,0,0.0,0.0,53282.15,53619.2,52783.45,53710.35,0,0.0,0.0,0.0,0.0,-0.01,-1,-1,-0.01,-1,-1,-0.01,-1,-1,-0.01,-1,-1,-0.01,-1,-1,-0.01,-1,-1,-0.01,-1,-1,-0.01,-1,-1,-0.01,-1,-1,-0.01,-1,-1
99926009,2026-05-18 14:41:46+05:30,53415.7,0,0.0,0,0.0,0.0,53282.15,53619.2,52783.45,53710.35,0,0.0,0.0,0.0,0.0,-0.01,-1,-1,-0.01,-1,-1,-0.01,-1,-1,-0.01,-1,-1,-0.01,-1,-1,-0.01,-1,-1,-0.01,-1,-1,-0.01,-1,-1,-0.01,-1,-1,-0.01,-1,-1
99926009,2026-05-18 14:41:46+05:30,53417.6,0,0.0,0,0.0,0.0,53282.15,53619.2,52783.45,53710.35,0,0.0,0.0,0.0,0.0,-0.01,-1,-1,-0.01,-1,-1,-0.01,-1,-1,-0.01,-1,-1,-0.01,-1,-1,-0.01,-1,-1,-0.01,-1,-1,-0.01,-1,-1,-0.01,-1,-1,-0.01,-1,-1
99926009,2026-05-18 14:41:47+05:30,53415.75,0,0.0,0,0.0,0.0,53282.15,53619.2,52783.45,53710.35,0,0.0,0.0,0.0,0.0,-0.01,-1,-1,-0.01,-1,-1,-0.01,-1,-1,-0.01,-1,-1,-0.01,-1,-1,-0.01,-1,-1,-0.01,-1,-1,-0.01,-1,-1,-0.01,-1,-1,-0.01,-1,-1
99926009,2026-05-18 14:41:47+05:30,53416.4,0,0.0,0,0.0,0.0,53282.15,53619.2,52783.45,53710.35,0,0.0,0.0,0.0,0.0,-0.01,-1,-1,-0.01,-1,-1,-0.01,-1,-1,-0.01,-1,-1,-0.01,-1,-1,-0.01,-1,-1,-0.01,-1,-1,-0.01,-1,-1,-0.01,-1,-1,-0.01,-1,-1
99926009,2026-05-18 14:41:48+05:30,53419.05,0,0.0,0,0.0,0.0,53282.15,53619.2,52783.45,53710.35,0,0.0,0.0,0.0,0.0,-0.01,-1,-1,-0.01,-1,-1,-0.01,-1,-1,-0.01,-1,-1,-0.01,-1,-1,-0.01,-1,-1,-0.01,-1,-1,-0.01,-1,-1,-0.01,-1,-1,-0.01,-1,-1
99926009,2026-05-18 14:41:48+05:30,53418.4,0,0.0,0,0.0,0.0,53282.15,53619.2,52783.45,53710.35,0,0.0,0.0,0.0,0.0,-0.01,-1,-1,-0.01,-1,-1,-0.01,-1,-1,-0.01,-1,-1,-0.01,-1,-1,-0.01,-1,-1,-0.01,-1,-1,-0.01,-1,-1,-0.01,-1,-1,-0.01,-1,-1
99926009,2026-05-18 14:41:49+05:30,53419.45,0,0.0,0,0.0,0.0,53282.15,53619.2,52783.45,53710.35,0,0.0,0.0,0.0,0.0,-0.01,-1,-1,-0.01,-1,-1,-0.01,-1,-1,-0.01,-1,-1,-0.01,-1,-1,-0.01,-1,-1,-0.01,-1,-1,-0.01,-1,-1,-0.01,-1,-1,-0.01,-1,-1
99926009,2026-05-18 14:41:49+05:30,53417.5,0,0.0,0,0.0,0.0,53282.15,53619.2,52783.45,53710.35,0,0.0,0.0,0.0,0.0,-0.01,-1,-1,-0.01,-1,-1,-0.01,-1,-1,-0.01,-1,-1,-0.01,-1,-1,-0.01,-1,-1,-0.01,-1,-1,-0.01,-1,-1,-0.01,-1,-1,-0.01,-1,-1
99926009,2026-05-18 14:41:50+05:30,53416.15,0,0.0,0,0.0,0.0,53282.15,53619.2,52783.45,53710.35,0,0.0,0.0,0.0,0.0,-0.01,-1,-1,-0.01,-1,-1,-0.01,-1,-1,-0.01,-1,-1,-0.01,-1,-1,-0.01,-1,-1,-0.01,-1,-1,-0.01,-1,-1,-0.01,-1,-1,-0.01,-1,-1
99926009,2026-05-18 14:41:50+05:30,53417.3,0,0.0,0,0.0,0.0,53282.15,53619.2,52783.45,53710.35,0,0.0,0.0,0.0,0.0,-0.01,-1,-1,-0.01,-1,-1,-0.01,-1,-1,-0.01,-1,-1,-0.01,-1,-1,-0.01,-1,-1,-0.01,-1,-1,-0.01,-1,-1,-0.01,-1,-1,-0.01,-1,-1
99926009,2026-05-18 14:41:51+05:30,53417.3,0,0.0,0,0.0,0.0,53282.15,53619.2,52783.45,53710.35,0,0.0,0.0,0.0,0.0,-0.01,-1,-1,-0.01,-1,-1,-0.01,-1,-1,-0.01,-1,-1,-0.01,-1,-1,-0.01,-1,-1,-0.01,-1,-1,-0.01,-1,-1,-0.01,-1,-1,-0.01,-1,-1
99926009,2026-05-18 14:41:51+05:30,53419.85,0,0.0,0,0.0,0.0,53282.15,53619.2,52783.45,53710.35,0,0.0,0.0,0.0,0.0,-0.01,-1,-1,-0.01,-1,-1,-0.01,-1,-1,-0.01,-1,-1,-0.01,-1,-1,-0.01,-1,-1,-0.01,-1,-1,-0.01,-1,-1,-0.01,-1,-1,-0.01,-1,-1
99926009,2026-05-18 14:41:52+05:30,53420.75,0,0.0,0,0.0,0.0,53282.15,53619.2,52783.45,53710.35,0,0.0,0.0,0.0,0.0,-0.01,-1,-1,-0.01,-1,-1,-0.01,-1,-1,-0.01,-1,-1,-0.01,-1,-1,-0.01,-1,-1,-0.01,-1,-1,-0.01,-1,-1,-0.01,-1,-1,-0.01,-1,-1
99926009,2026-05-18 14:41:52+05:30,53421.7,0,0.0,0,0.0,0.0,53282.15,53619.2,52783.45,53710.35,0,0.0,0.0,0.0,0.0,-0.01,-1,-1,-0.01,-1,-1,-0.01,-1,-1,-0.01,-1,-1,-0.01,-1,-1,-0.01,-1,-1,-0.01,-1,-1,-0.01,-1,-1,-0.01,-1,-1,-0.01,-1,-1
99926009,2026-05-18 14:41:53+05:30,53420.55,0,0.0,0,0.0,0.0,53282.15,53619.2,52783.45,53710.35,0,0.0,0.0,0.0,0.0,-0.01,-1,-1,-0.01,-1,-1,-0.01,-1,-1,-0.01,-1,-1,-0.01,-1,-1,-0.01,-1,-1,-0.01,-1,-1,-0.01,-1,-1,-0.01,-1,-1,-0.01,-1,-1
99926009,2026-05-18 14:41:53+05:30,53419.3,0,0.0,0,0.0,0.0,53282.15,53619.2,52783.45,53710.35,0,0.0,0.0,0.0,0.0,-0.01,-1,-1,-0.01,-1,-1,-0.01,-1,-1,-0.01,-1,-1,-0.01,-1,-1,-0.01,-1,-1,-0.01,-1,-1,-0.01,-1,-1,-0.01,-1,-1,-0.01,-1,-1
99926009,2026-05-18 14:41:54+05:30,53418.5,0,0.0,0,0.0,0.0,53282.15,53619.2,52783.45,53710.35,0,0.0,0.0,0.0,0.0,-0.01,-1,-1,-0.01,-1,-1,-0.01,-1,-1,-0.01,-1,-1,-0.01,-1,-1,-0.01,-1,-1,-0.01,-1,-1,-0.01,-1,-1,-0.01,-1,-1,-0.01,-1,-1
99926009,2026-05-18 14:41:54+05:30,53417.35,0,0.0,0,0.0,0.0,53282.15,53619.2,52783.45,53710.35,0,0.0,0.0,0.0,0.0,-0.01,-1,-1,-0.01,-1,-1,-0.01,-1,-1,-0.01,-1,-1,-0.01,-1,-1,-0.01,-1,-1,-0.01,-1,-1,-0.01,-1,-1,-0.01,-1,-1,-0.01,-1,-1
99926009,2026-05-18 14:41:55+05:30,53419.6,0,0.0,0,0.0,0.0,53282.15,53619.2,52783.45,53710.35,0,0.0,0.0,0.0,0.0,-0.01,-1,-1,-0.01,-1,-1,-0.01,-1,-1,-0.01,-1,-1,-0.01,-1,-1,-0.01,-1,-1,-0.01,-1,-1,-0.01,-1,-1,-0.01,-1,-1,-0.01,-1,-1
99926009,2026-05-18 14:41:55+05:30,53421.7,0,0.0,0,0.0,0.0,53282.15,53619.2,52783.45,53710.35,0,0.0,0.0,0.0,0.0,-0.01,-1,-1,-0.01,-1,-1,-0.01,-1,-1,-0.01,-1,-1,-0.01,-1,-1,-0.01,-1,-1,-0.01,-1,-1,-0.01,-1,-1,-0.01,-1,-1,-0.01,-1,-1
99926009,2026-05-18 14:41:56+05:30,53416.85,0,0.0,0,0.0,0.0,53282.15,53619.2,52783.45,53710.35,0,0.0,0.0,0.0,0.0,-0.01,-1,-1,-0.01,-1,-1,-0.01,-1,-1,-0.01,-1,-1,-0.01,-1,-1,-0.01,-1,-1,-0.01,-1,-1,-0.01,-1,-1,-0.01,-1,-1,-0.01,-1,-1
99926009,2026-05-18 14:41:56+05:30,53418.95,0,0.0,0,0.0,0.0,53282.15,53619.2,52783.45,53710.35,0,0.0,0.0,0.0,0.0,-0.01,-1,-1,-0.01,-1,-1,-0.01,-1,-1,-0.01,-1,-1,-0.01,-1,-1,-0.01,-1,-1,-0.01,-1,-1,-0.01,-1,-1,-0.01,-1,-1,-0.01,-1,-1
99926009,2026-05-18 14:41:57+05:30,53417.8,0,0.0,0,0.0,0.0,53282.15,53619.2,52783.45,53710.35,0,0.0,0.0,0.0,0.0,-0.01,-1,-1,-0.01,-1,-1,-0.01,-1,-1,-0.01,-1,-1,-0.01,-1,-1,-0.01,-1,-1,-0.01,-1,-1,-0.01,-1,-1,-0.01,-1,-1,-0.01,-1,-1
99926009,2026-05-18 14:41:57+05:30,53415.45,0,0.0,0,0.0,0.0,53282.15,53619.2,52783.45,53710.35,0,0.0,0.0,0.0,0.0,-0.01,-1,-1,-0.01,-1,-1,-0.01,-1,-1,-0.01,-1,-1,-0.01,-1,-1,-0.01,-1,-1,-0.01,-1,-1,-0.01,-1,-1,-0.01,-1,-1,-0.01,-1,-1
99926009,2026-05-18 14:41:58+05:30,53416.6,0,0.0,0,0.0,0.0,53282.15,53619.2,52783.45,53710.35,0,0.0,0.0,0.0,0.0,-0.01,-1,-1,-0.01,-1,-1,-0.01,-1,-1,-0.01,-1,-1,-0.01,-1,-1,-0.01,-1,-1,-0.01,-1,-1,-0.01,-1,-1,-0.01,-1,-1,-0.01,-1,-1
99926009,2026-05-18 14:41:58+05:30,53417.4,0,0.0,0,0.0,0.0,53282.15,53619.2,52783.45,53710.35,0,0.0,0.0,0.0,0.0,-0.01,-1,-1,-0.01,-1,-1,-0.01,-1,-1,-0.01,-1,-1,-0.01,-1,-1,-0.01,-1,-1,-0.01,-1,-1,-0.01,-1,-1,-0.01,-1,-1,-0.01,-1,-1
99926009,2026-05-18 14:41:59+05:30,53415.1,0,0.0,0,0.0,0.0,53282.15,53619.2,52783.45,53710.35,0,0.0,0.0,0.0,0.0,-0.01,-1,-1,-0.01,-1,-1,-0.01,-1,-1,-0.01,-1,-1,-0.01,-1,-1,-0.01,-1,-1,-0.01,-1,-1,-0.01,-1,-1,-0.01,-1,-1,-0.01,-1,-1
99926009,2026-05-18 14:41:59+05:30,53419.3,0,0.0,0,0.0,0.0,53282.15,53619.2,52783.45,53710.35,0,0.0,0.0,0.0,0.0,-0.01,-1,-1,-0.01,-1,-1,-0.01,-1,-1,-0.01,-1,-1,-0.01,-1,-1,-0.01,-1,-1,-0.01,-1,-1,-0.01,-1,-1,-0.01,-1,-1,-0.01,-1,-1
99926009,2026-05-18 14:42:00+05:30,53416.15,0,0.0,0,0.0,0.0,53282.15,53619.2,52783.45,53710.35,0,0.0,0.0,0.0,0.0,-0.01,-1,-1,-0.01,-1,-1,-0.01,-1,-1,-0.01,-1,-1,-0.01,-1,-1,-0.01,-1,-1,-0.01,-1,-1,-0.01,-1,-1,-0.01,-1,-1,-0.01,-1,-1
99926009,2026-05-18 14:42:00+05:30,53418.85,0,0.0,0,0.0,0.0,53282.15,53619.2,52783.45,53710.35,0,0.0,0.0,0.0,0.0,-0.01,-1,-1,-0.01,-1,-1,-0.01,-1,-1,-0.01,-1,-1,-0.01,-1,-1,-0.01,-1,-1,-0.01,-1,-1,-0.01,-1,-1,-0.01,-1,-1,-0.01,-1,-1
99926009,2026-05-18 14:42:01+05:30,53419.0,0,0.0,0,0.0,0.0,53282.15,53619.2,52783.45,53710.35,0,0.0,0.0,0.0,0.0,-0.01,-1,-1,-0.01,-1,-1,-0.01,-1,-1,-0.01,-1,-1,-0.01,-1,-1,-0.01,-1,-1,-0.01,-1,-1,-0.01,-1,-1,-0.01,-1,-1,-0.01,-1,-1
99926009,2026-05-18 14:42:01+05:30,53420.05,0,0.0,0,0.0,0.0,53282.15,53619.2,52783.45,53710.35,0,0.0,0.0,0.0,0.0,-0.01,-1,-1,-0.01,-1,-1,-0.01,-1,-1,-0.01,-1,-1,-0.01,-1,-1,-0.01,-1,-1,-0.01,-1,-1,-0.01,-1,-1,-0.01,-1,-1,-0.01,-1,-1
99926009,2026-05-18 14:42:02+05:30,53418.1,0,0.0,0,0.0,0.0,53282.15,53619.2,52783.45,53710.35,0,0.0,0.0,0.0,0.0,-0.01,-1,-1,-0.01,-1,-1,-0.01,-1,-1,-0.01,-1,-1,-0.01,-1,-1,-0.01,-1,-1,-0.01,-1,-1,-0.01,-1,-1,-0.01,-1,-1,-0.01,-1,-1
99926009,2026-05-18 14:42:02+05:30,53423.2,0,0.0,0,0.0,0.0,53282.15,53619.2,52783.45,53710.35,0,0.0,0.0,0.0,0.0,-0.01,-1,-1,-0.01,-1,-1,-0.01,-1,-1,-0.01,-1,-1,-0.01,-1,-1,-0.01,-1,-1,-0.01,-1,-1,-0.01,-1,-1,-0.01,-1,-1,-0.01,-1,-1
99926009,2026-05-18 14:42:03+05:30,53420.65,0,0.0,0,0.0,0.0,53282.15,53619.2,52783.45,53710.35,0,0.0,0.0,0.0,0.0,-0.01,-1,-1,-0.01,-1,-1,-0.01,-1,-1,-0.01,-1,-1,-0.01,-1,-1,-0.01,-1,-1,-0.01,-1,-1,-0.01,-1,-1,-0.01,-1,-1,-0.01,-1,-1
99926009,2026-05-18 14:42:03+05:30,53418.5,0,0.0,0,0.0,0.0,53282.15,53619.2,52783.45,53710.35,0,0.0,0.0,0.0,0.0,-0.01,-1,-1,-0.01,-1,-1,-0.01,-1,-1,-0.01,-1,-1,-0.01,-1,-1,-0.01,-1,-1,-0.01,-1,-1,-0.01,-1,-1,-0.01,-1,-1,-0.01,-1,-1
99926009,2026-05-18 14:42:04+05:30,53419.8,0,0.0,0,0.0,0.0,53282.15,53619.2,52783.45,53710.35,0,0.0,0.0,0.0,0.0,-0.01,-1,-1,-0.01,-1,-1,-0.01,-1,-1,-0.01,-1,-1,-0.01,-1,-1,-0.01,-1,-1,-0.01,-1,-1,-0.01,-1,-1,-0.01,-1,-1,-0.01,-1,-1
99926009,2026-05-18 14:42:04+05:30,53419.3,0,0.0,0,0.0,0.0,53282.15,53619.2,52783.45,53710.35,0,0.0,0.0,0.0,0.0,-0.01,-1,-1,-0.01,-1,-1,-0.01,-1,-1,-0.01,-1,-1,-0.01,-1,-1,-0.01,-1,-1,-0.01,-1,-1,-0.01,-1,-1,-0.01,-1,-1,-0.01,-1,-1
99926009,2026-05-18 14:42:05+05:30,53420.1,0,0.0,0,0.0,0.0,53282.15,53619.2,52783.45,53710.35,0,0.0,0.0,0.0,0.0,-0.01,-1,-1,-0.01,-1,-1,-0.01,-1,-1,-0.01,-1,-1,-0.01,-1,-1,-0.01,-1,-1,-0.01,-1,-1,-0.01,-1,-1,-0.01,-1,-1,-0.01,-1,-1
99926009,2026-05-18 14:42:05+05:30,53419.9,0,0.0,0,0.0,0.0,53282.15,53619.2,52783.45,53710.35,0,0.0,0.0,0.0,0.0,-0.01,-1,-1,-0.01,-1,-1,-0.01,-1,-1,-0.01,-1,-1,-0.01,-1,-1,-0.01,-1,-1,-0.01,-1,-1,-0.01,-1,-1,-0.01,-1,-1,-0.01,-1,-1
99926009,2026-05-18 14:42:06+05:30,53419.25,0,0.0,0,0.0,0.0,53282.15,53619.2,52783.45,53710.35,0,0.0,0.0,0.0,0.0,-0.01,-1,-1,-0.01,-1,-1,-0.01,-1,-1,-0.01,-1,-1,-0.01,-1,-1,-0.01,-1,-1,-0.01,-1,-1,-0.01,-1,-1,-0.01,-1,-1,-0.01,-1,-1
99926009,2026-05-18 14:42:06+05:30,53421.1,0,0.0,0,0.0,0.0,53282.15,53619.2,52783.45,53710.35,0,0.0,0.0,0.0,0.0,-0.01,-1,-1,-0.01,-1,-1,-0.01,-1,-1,-0.01,-1,-1,-0.01,-1,-1,-0.01,-1,-1,-0.01,-1,-1,-0.01,-1,-1,-0.01,-1,-1,-0.01,-1,-1
99926009,2026-05-18 14:42:07+05:30,53425.35,0,0.0,0,0.0,0.0,53282.15,53619.2,52783.45,53710.35,0,0.0,0.0,0.0,0.0,-0.01,-1,-1,-0.01,-1,-1,-0.01,-1,-1,-0.01,-1,-1,-0.01,-1,-1,-0.01,-1,-1,-0.01,-1,-1,-0.01,-1,-1,-0.01,-1,-1,-0.01,-1,-1
99926009,2026-05-18 14:42:07+05:30,53425.9,0,0.0,0,0.0,0.0,53282.15,53619.2,52783.45,53710.35,0,0.0,0.0,0.0,0.0,-0.01,-1,-1,-0.01,-1,-1,-0.01,-1,-1,-0.01,-1,-1,-0.01,-1,-1,-0.01,-1,-1,-0.01,-1,-1,-0.01,-1,-1,-0.01,-1,-1,-0.01,-1,-1
99926009,2026-05-18 14:42:08+05:30,53421.05,0,0.0,0,0.0,0.0,53282.15,53619.2,52783.45,53710.35,0,0.0,0.0,0.0,0.0,-0.01,-1,-1,-0.01,-1,-1,-0.01,-1,-1,-0.01,-1,-1,-0.01,-1,-1,-0.01,-1,-1,-0.01,-1,-1,-0.01,-1,-1,-0.01,-1,-1,-0.01,-1,-1
99926009,2026-05-18 14:42:08+05:30,53422.1,0,0.0,0,0.0,0.0,53282.15,53619.2,52783.45,53710.35,0,0.0,0.0,0.0,0.0,-0.01,-1,-1,-0.01,-1,-1,-0.01,-1,-1,-0.01,-1,-1,-0.01,-1,-1,-0.01,-1,-1,-0.01,-1,-1,-0.01,-1,-1,-0.01,-1,-1,-0.01,-1,-1
99926009,2026-05-18 14:42:09+05:30,53421.95,0,0.0,0,0.0,0.0,53282.15,53619.2,52783.45,53710.35,0,0.0,0.0,0.0,0.0,-0.01,-1,-1,-0.01,-1,-1,-0.01,-1,-1,-0.01,-1,-1,-0.01,-1,-1,-0.01,-1,-1,-0.01,-1,-1,-0.01,-1,-1,-0.01,-1,-1,-0.01,-1,-1
99926009,2026-05-18 14:42:09+05:30,53419.15,0,0.0,0,0.0,0.0,53282.15,53619.2,52783.45,53710.35,0,0.0,0.0,0.0,0.0,-0.01,-1,-1,-0.01,-1,-1,-0.01,-1,-1,-0.01,-1,-1,-0.01,-1,-1,-0.01,-1,-1,-0.01,-1,-1,-0.01,-1,-1,-0.01,-1,-1,-0.01,-1,-1
99926009,2026-05-18 14:42:10+05:30,53419.0,0,0.0,0,0.0,0.0,53282.15,53619.2,52783.45,53710.35,0,0.0,0.0,0.0,0.0,-0.01,-1,-1,-0.01,-1,-1,-0.01,-1,-1,-0.01,-1,-1,-0.01,-1,-1,-0.01,-1,-1,-0.01,-1,-1,-0.01,-1,-1,-0.01,-1,-1,-0.01,-1,-1
99926009,2026-05-18 14:42:10+05:30,53423.8,0,0.0,0,0.0,0.0,53282.15,53619.2,52783.45,53710.35,0,0.0,0.0,0.0,0.0,-0.01,-1,-1,-0.01,-1,-1,-0.01,-1,-1,-0.01,-1,-1,-0.01,-1,-1,-0.01,-1,-1,-0.01,-1,-1,-0.01,-1,-1,-0.01,-1,-1,-0.01,-1,-1
99926009,2026-05-18 14:42:11+05:30,53423.1,0,0.0,0,0.0,0.0,53282.15,53619.2,52783.45,53710.35,0,0.0,0.0,0.0,0.0,-0.01,-1,-1,-0.01,-1,-1,-0.01,-1,-1,-0.01,-1,-1,-0.01,-1,-1,-0.01,-1,-1,-0.01,-1,-1,-0.01,-1,-1,-0.01,-1,-1,-0.01,-1,-1
99926009,2026-05-18 14:42:11+05:30,53423.45,0,0.0,0,0.0,0.0,53282.15,53619.2,52783.45,53710.35,0,0.0,0.0,0.0,0.0,-0.01,-1,-1,-0.01,-1,-1,-0.01,-1,-1,-0.01,-1,-1,-0.01,-1,-1,-0.01,-1,-1,-0.01,-1,-1,-0.01,-1,-1,-0.01,-1,-1,-0.01,-1,-1
99926009,2026-05-18 14:42:12+05:30,53425.15,0,0.0,0,0.0,0.0,53282.15,53619.2,52783.45,53710.35,0,0.0,0.0,0.0,0.0,-0.01,-1,-1,-0.01,-1,-1,-0.01,-1,-1,-0.01,-1,-1,-0.01,-1,-1,-0.01,-1,-1,-0.01,-1,-1,-0.01,-1,-1,-0.01,-1,-1,-0.01,-1,-1
99926009,2026-05-18 14:42:12+05:30,53422.85,0,0.0,0,0.0,0.0,53282.15,53619.2,52783.45,53710.35,0,0.0,0.0,0.0,0.0,-0.01,-1,-1,-0.01,-1,-1,-0.01,-1,-1,-0.01,-1,-1,-0.01,-1,-1,-0.01,-1,-1,-0.01,-1,-1,-0.01,-1,-1,-0.01,-1,-1,-0.01,-1,-1
99926009,2026-05-18 14:42:13+05:30,53423.5,0,0.0,0,0.0,0.0,53282.15,53619.2,52783.45,53710.35,0,0.0,0.0,0.0,0.0,-0.01,-1,-1,-0.01,-1,-1,-0.01,-1,-1,-0.01,-1,-1,-0.01,-1,-1,-0.01,-1,-1,-0.01,-1,-1,-0.01,-1,-1,-0.01,-1,-1,-0.01,-1,-1
99926009,2026-05-18 14:42:13+05:30,53421.4,0,0.0,0,0.0,0.0,53282.15,53619.2,52783.45,53710.35,0,0.0,0.0,0.0,0.0,-0.01,-1,-1,-0.01,-1,-1,-0.01,-1,-1,-0.01,-1,-1,-0.01,-1,-1,-0.01,-1,-1,-0.01,-1,-1,-0.01,-1,-1,-0.01,-1,-1,-0.01,-1,-1
99926009,2026-05-18 14:42:14+05:30,53423.6,0,0.0,0,0.0,0.0,53282.15,53619.2,52783.45,53710.35,0,0.0,0.0,0.0,0.0,-0.01,-1,-1,-0.01,-1,-1,-0.01,-1,-1,-0.01,-1,-1,-0.01,-1,-1,-0.01,-1,-1,-0.01,-1,-1,-0.01,-1,-1,-0.01,-1,-1,-0.01,-1,-1
99926009,2026-05-18 14:42:14+05:30,53423.45,0,0.0,0,0.0,0.0,53282.15,53619.2,52783.45,53710.35,0,0.0,0.0,0.0,0.0,-0.01,-1,-1,-0.01,-1,-1,-0.01,-1,-1,-0.01,-1,-1,-0.01,-1,-1,-0.01,-1,-1,-0.01,-1,-1,-0.01,-1,-1,-0.01,-1,-1,-0.01,-1,-1
99926009,2026-05-18 14:42:15+05:30,53422.95,0,0.0,0,0.0,0.0,53282.15,53619.2,52783.45,53710.35,0,0.0,0.0,0.0,0.0,-0.01,-1,-1,-0.01,-1,-1,-0.01,-1,-1,-0.01,-1,-1,-0.01,-1,-1,-0.01,-1,-1,-0.01,-1,-1,-0.01,-1,-1,-0.01,-1,-1,-0.01,-1,-1
99926009,2026-05-18 14:42:15+05:30,53426.35,0,0.0,0,0.0,0.0,53282.15,53619.2,52783.45,53710.35,0,0.0,0.0,0.0,0.0,-0.01,-1,-1,-0.01,-1,-1,-0.01,-1,-1,-0.01,-1,-1,-0.01,-1,-1,-0.01,-1,-1,-0.01,-1,-1,-0.01,-1,-1,-0.01,-1,-1,-0.01,-1,-1
99926009,2026-05-18 14:42:16+05:30,53425.35,0,0.0,0,0.0,0.0,53282.15,53619.2,52783.45,53710.35,0,0.0,0.0,0.0,0.0,-0.01,-1,-1,-0.01,-1,-1,-0.01,-1,-1,-0.01,-1,-1,-0.01,-1,-1,-0.01,-1,-1,-0.01,-1,-1,-0.01,-1,-1,-0.01,-1,-1,-0.01,-1,-1
99926009,2026-05-18 14:42:16+05:30,53424.7,0,0.0,0,0.0,0.0,53282.15,53619.2,52783.45,53710.35,0,0.0,0.0,0.0,0.0,-0.01,-1,-1,-0.01,-1,-1,-0.01,-1,-1,-0.01,-1,-1,-0.01,-1,-1,-0.01,-1,-1,-0.01,-1,-1,-0.01,-1,-1,-0.01,-1,-1,-0.01,-1,-1
99926009,2026-05-18 14:42:17+05:30,53424.65,0,0.0,0,0.0,0.0,53282.15,53619.2,52783.45,53710.35,0,0.0,0.0,0.0,0.0,-0.01,-1,-1,-0.01,-1,-1,-0.01,-1,-1,-0.01,-1,-1,-0.01,-1,-1,-0.01,-1,-1,-0.01,-1,-1,-0.01,-1,-1,-0.01,-1,-1,-0.01,-1,-1
99926009,2026-05-18 14:42:17+05:30,53422.95,0,0.0,0,0.0,0.0,53282.15,53619.2,52783.45,53710.35,0,0.0,0.0,0.0,0.0,-0.01,-1,-1,-0.01,-1,-1,-0.01,-1,-1,-0.01,-1,-1,-0.01,-1,-1,-0.01,-1,-1,-0.01,-1,-1,-0.01,-1,-1,-0.01,-1,-1,-0.01,-1,-1
99926009,2026-05-18 14:42:18+05:30,53421.1,0,0.0,0,0.0,0.0,53282.15,53619.2,52783.45,53710.35,0,0.0,0.0,0.0,0.0,-0.01,-1,-1,-0.01,-1,-1,-0.01,-1,-1,-0.01,-1,-1,-0.01,-1,-1,-0.01,-1,-1,-0.01,-1,-1,-0.01,-1,-1,-0.01,-1,-1,-0.01,-1,-1
99926009,2026-05-18 14:42:18+05:30,53421.65,0,0.0,0,0.0,0.0,53282.15,53619.2,52783.45,53710.35,0,0.0,0.0,0.0,0.0,-0.01,-1,-1,-0.01,-1,-1,-0.01,-1,-1,-0.01,-1,-1,-0.01,-1,-1,-0.01,-1,-1,-0.01,-1,-1,-0.01,-1,-1,-0.01,-1,-1,-0.01,-1,-1
99926009,2026-05-18 14:42:19+05:30,53421.4,0,0.0,0,0.0,0.0,53282.15,53619.2,52783.45,53710.35,0,0.0,0.0,0.0,0.0,-0.01,-1,-1,-0.01,-1,-1,-0.01,-1,-1,-0.01,-1,-1,-0.01,-1,-1,-0.01,-1,-1,-0.01,-1,-1,-0.01,-1,-1,-0.01,-1,-1,-0.01,-1,-1
99926009,2026-05-18 14:42:19+05:30,53420.25,0,0.0,0,0.0,0.0,53282.15,53619.2,52783.45,53710.35,0,0.0,0.0,0.0,0.0,-0.01,-1,-1,-0.01,-1,-1,-0.01,-1,-1,-0.01,-1,-1,-0.01,-1,-1,-0.01,-1,-1,-0.01,-1,-1,-0.01,-1,-1,-0.01,-1,-1,-0.01,-1,-1
99926009,2026-05-18 14:42:20+05:30,53420.2,0,0.0,0,0.0,0.0,53282.15,53619.2,52783.45,53710.35,0,0.0,0.0,0.0,0.0,-0.01,-1,-1,-0.01,-1,-1,-0.01,-1,-1,-0.01,-1,-1,-0.01,-1,-1,-0.01,-1,-1,-0.01,-1,-1,-0.01,-1,-1,-0.01,-1,-1,-0.01,-1,-1
99926009,2026-05-18 14:42:20+05:30,53420.5,0,0.0,0,0.0,0.0,53282.15,53619.2,52783.45,53710.35,0,0.0,0.0,0.0,0.0,-0.01,-1,-1,-0.01,-1,-1,-0.01,-1,-1,-0.01,-1,-1,-0.01,-1,-1,-0.01,-1,-1,-0.01,-1,-1,-0.01,-1,-1,-0.01,-1,-1,-0.01,-1,-1
99926009,2026-05-18 14:42:21+05:30,53420.45,0,0.0,0,0.0,0.0,53282.15,53619.2,52783.45,53710.35,0,0.0,0.0,0.0,0.0,-0.01,-1,-1,-0.01,-1,-1,-0.01,-1,-1,-0.01,-1,-1,-0.01,-1,-1,-0.01,-1,-1,-0.01,-1,-1,-0.01,-1,-1,-0.01,-1,-1,-0.01,-1,-1
99926009,2026-05-18 14:42:21+05:30,53418.15,0,0.0,0,0.0,0.0,53282.15,53619.2,52783.45,53710.35,0,0.0,0.0,0.0,0.0,-0.01,-1,-1,-0.01,-1,-1,-0.01,-1,-1,-0.01,-1,-1,-0.01,-1,-1,-0.01,-1,-1,-0.01,-1,-1,-0.01,-1,-1,-0.01,-1,-1,-0.01,-1,-1
99926009,2026-05-18 14:42:22+05:30,53420.8,0,0.0,0,0.0,0.0,53282.15,53619.2,52783.45,53710.35,0,0.0,0.0,0.0,0.0,-0.01,-1,-1,-0.01,-1,-1,-0.01,-1,-1,-0.01,-1,-1,-0.01,-1,-1,-0.01,-1,-1,-0.01,-1,-1,-0.01,-1,-1,-0.01,-1,-1,-0.01,-1,-1
99926009,2026-05-18 14:42:22+05:30,53421.95,0,0.0,0,0.0,0.0,53282.15,53619.2,52783.45,53710.35,0,0.0,0.0,0.0,0.0,-0.01,-1,-1,-0.01,-1,-1,-0.01,-1,-1,-0.01,-1,-1,-0.01,-1,-1,-0.01,-1,-1,-0.01,-1,-1,-0.01,-1,-1,-0.01,-1,-1,-0.01,-1,-1
99926009,2026-05-18 14:42:23+05:30,53426.35,0,0.0,0,0.0,0.0,53282.15,53619.2,52783.45,53710.35,0,0.0,0.0,0.0,0.0,-0.01,-1,-1,-0.01,-1,-1,-0.01,-1,-1,-0.01,-1,-1,-0.01,-1,-1,-0.01,-1,-1,-0.01,-1,-1,-0.01,-1,-1,-0.01,-1,-1,-0.01,-1,-1
99926009,2026-05-18 14:42:23+05:30,53422.65,0,0.0,0,0.0,0.0,53282.15,53619.2,52783.45,53710.35,0,0.0,0.0,0.0,0.0,-0.01,-1,-1,-0.01,-1,-1,-0.01,-1,-1,-0.01,-1,-1,-0.01,-1,-1,-0.01,-1,-1,-0.01,-1,-1,-0.01,-1,-1,-0.01,-1,-1,-0.01,-1,-1
99926009,2026-05-18 14:42:24+05:30,53424.7,0,0.0,0,0.0,0.0,53282.15,53619.2,52783.45,53710.35,0,0.0,0.0,0.0,0.0,-0.01,-1,-1,-0.01,-1,-1,-0.01,-1,-1,-0.01,-1,-1,-0.01,-1,-1,-0.01,-1,-1,-0.01,-1,-1,-0.01,-1,-1,-0.01,-1,-1,-0.01,-1,-1
99926009,2026-05-18 14:42:24+05:30,53424.65,0,0.0,0,0.0,0.0,53282.15,53619.2,52783.45,53710.35,0,0.0,0.0,0.0,0.0,-0.01,-1,-1,-0.01,-1,-1,-0.01,-1,-1,-0.01,-1,-1,-0.01,-1,-1,-0.01,-1,-1,-0.01,-1,-1,-0.01,-1,-1,-0.01,-1,-1,-0.01,-1,-1
99926009,2026-05-18 14:42:25+05:30,53422.95,0,0.0,0,0.0,0.0,53282.15,53619.2,52783.45,53710.35,0,0.0,0.0,0.0,0.0,-0.01,-1,-1,-0.01,-1,-1,-0.01,-1,-1,-0.01,-1,-1,-0.01,-1,-1,-0.01,-1,-1,-0.01,-1,-1,-0.01,-1,-1,-0.01,-1,-1,-0.01,-1,-1
99926009,2026-05-18 14:42:25+05:30,53426.5,0,0.0,0,0.0,0.0,53282.15,53619.2,52783.45,53710.35,0,0.0,0.0,0.0,0.0,-0.01,-1,-1,-0.01,-1,-1,-0.01,-1,-1,-0.01,-1,-1,-0.01,-1,-1,-0.01,-1,-1,-0.01,-1,-1,-0.01,-1,-1,-0.01,-1,-1,-0.01,-1,-1
99926009,2026-05-18 14:42:26+05:30,53423.1,0,0.0,0,0.0,0.0,53282.15,53619.2,52783.45,53710.35,0,0.0,0.0,0.0,0.0,-0.01,-1,-1,-0.01,-1,-1,-0.01,-1,-1,-0.01,-1,-1,-0.01,-1,-1,-0.01,-1,-1,-0.01,-1,-1,-0.01,-1,-1,-0.01,-1,-1,-0.01,-1,-1
99926009,2026-05-18 14:42:26+05:30,53427.35,0,0.0,0,0.0,0.0,53282.15,53619.2,52783.45,53710.35,0,0.0,0.0,0.0,0.0,-0.01,-1,-1,-0.01,-1,-1,-0.01,-1,-1,-0.01,-1,-1,-0.01,-1,-1,-0.01,-1,-1,-0.01,-1,-1,-0.01,-1,-1,-0.01,-1,-1,-0.01,-1,-1
99926009,2026-05-18 14:42:27+05:30,53424.25,0,0.0,0,0.0,0.0,53282.15,53619.2,52783.45,53710.35,0,0.0,0.0,0.0,0.0,-0.01,-1,-1,-0.01,-1,-1,-0.01,-1,-1,-0.01,-1,-1,-0.01,-1,-1,-0.01,-1,-1,-0.01,-1,-1,-0.01,-1,-1,-0.01,-1,-1,-0.01,-1,-1
99926009,2026-05-18 14:42:27+05:30,53425.65,0,0.0,0,0.0,0.0,53282.15,53619.2,52783.45,53710.35,0,0.0,0.0,0.0,0.0,-0.01,-1,-1,-0.01,-1,-1,-0.01,-1,-1,-0.01,-1,-1,-0.01,-1,-1,-0.01,-1,-1,-0.01,-1,-1,-0.01,-1,-1,-0.01,-1,-1,-0.01,-1,-1
99926009,2026-05-18 14:42:28+05:30,53426.95,0,0.0,0,0.0,0.0,53282.15,53619.2,52783.45,53710.35,0,0.0,0.0,0.0,0.0,-0.01,-1,-1,-0.01,-1,-1,-0.01,-1,-1,-0.01,-1,-1,-0.01,-1,-1,-0.01,-1,-1,-0.01,-1,-1,-0.01,-1,-1,-0.01,-1,-1,-0.01,-1,-1
99926009,2026-05-18 14:42:28+05:30,53430.75,0,0.0,0,0.0,0.0,53282.15,53619.2,52783.45,53710.35,0,0.0,0.0,0.0,0.0,-0.01,-1,-1,-0.01,-1,-1,-0.01,-1,-1,-0.01,-1,-1,-0.01,-1,-1,-0.01,-1,-1,-0.01,-1,-1,-0.01,-1,-1,-0.01,-1,-1,-0.01,-1,-1
99926009,2026-05-18 14:42:29+05:30,53431.05,0,0.0,0,0.0,0.0,53282.15,53619.2,52783.45,53710.35,0,0.0,0.0,0.0,0.0,-0.01,-1,-1,-0.01,-1,-1,-0.01,-1,-1,-0.01,-1,-1,-0.01,-1,-1,-0.01,-1,-1,-0.01,-1,-1,-0.01,-1,-1,-0.01,-1,-1,-0.01,-1,-1
99926009,2026-05-18 14:42:29+05:30,53439.85,0,0.0,0,0.0,0.0,53282.15,53619.2,52783.45,53710.35,0,0.0,0.0,0.0,0.0,-0.01,-1,-1,-0.01,-1,-1,-0.01,-1,-1,-0.01,-1,-1,-0.01,-1,-1,-0.01,-1,-1,-0.01,-1,-1,-0.01,-1,-1,-0.01,-1,-1,-0.01,-1,-1
99926009,2026-05-18 14:42:30+05:30,53440.85,0,0.0,0,0.0,0.0,53282.15,53619.2,52783.45,53710.35,0,0.0,0.0,0.0,0.0,-0.01,-1,-1,-0.01,-1,-1,-0.01,-1,-1,-0.01,-1,-1,-0.01,-1,-1,-0.01,-1,-1,-0.01,-1,-1,-0.01,-1,-1,-0.01,-1,-1,-0.01,-1,-1
99926009,2026-05-18 14:42:30+05:30,53440.2,0,0.0,0,0.0,0.0,53282.15,53619.2,52783.45,53710.35,0,0.0,0.0,0.0,0.0,-0.01,-1,-1,-0.01,-1,-1,-0.01,-1,-1,-0.01,-1,-1,-0.01,-1,-1,-0.01,-1,-1,-0.01,-1,-1,-0.01,-1,-1,-0.01,-1,-1,-0.01,-1,-1
99926009,2026-05-18 14:42:31+05:30,53441.1,0,0.0,0,0.0,0.0,53282.15,53619.2,52783.45,53710.35,0,0.0,0.0,0.0,0.0,-0.01,-1,-1,-0.01,-1,-1,-0.01,-1,-1,-0.01,-1,-1,-0.01,-1,-1,-0.01,-1,-1,-0.01,-1,-1,-0.01,-1,-1,-0.01,-1,-1,-0.01,-1,-1
99926009,2026-05-18 14:42:31+05:30,53440.4,0,0.0,0,0.0,0.0,53282.15,53619.2,52783.45,53710.35,0,0.0,0.0,0.0,0.0,-0.01,-1,-1,-0.01,-1,-1,-0.01,-1,-1,-0.01,-1,-1,-0.01,-1,-1,-0.01,-1,-1,-0.01,-1,-1,-0.01,-1,-1,-0.01,-1,-1,-0.01,-1,-1
99926009,2026-05-18 14:42:32+05:30,53442.9,0,0.0,0,0.0,0.0,53282.15,53619.2,52783.45,53710.35,0,0.0,0.0,0.0,0.0,-0.01,-1,-1,-0.01,-1,-1,-0.01,-1,-1,-0.01,-1,-1,-0.01,-1,-1,-0.01,-1,-1,-0.01,-1,-1,-0.01,-1,-1,-0.01,-1,-1,-0.01,-1,-1
99926009,2026-05-18 14:42:32+05:30,53441.1,0,0.0,0,0.0,0.0,53282.15,53619.2,52783.45,53710.35,0,0.0,0.0,0.0,0.0,-0.01,-1,-1,-0.01,-1,-1,-0.01,-1,-1,-0.01,-1,-1,-0.01,-1,-1,-0.01,-1,-1,-0.01,-1,-1,-0.01,-1,-1,-0.01,-1,-1,-0.01,-1,-1
99926009,2026-05-18 14:42:33+05:30,53442.15,0,0.0,0,0.0,0.0,53282.15,53619.2,52783.45,53710.35,0,0.0,0.0,0.0,0.0,-0.01,-1,-1,-0.01,-1,-1,-0.01,-1,-1,-0.01,-1,-1,-0.01,-1,-1,-0.01,-1,-1,-0.01,-1,-1,-0.01,-1,-1,-0.01,-1,-1,-0.01,-1,-1
99926009,2026-05-18 14:42:33+05:30,53442.05,0,0.0,0,0.0,0.0,53282.15,53619.2,52783.45,53710.35,0,0.0,0.0,0.0,0.0,-0.01,-1,-1,-0.01,-1,-1,-0.01,-1,-1,-0.01,-1,-1,-0.01,-1,-1,-0.01,-1,-1,-0.01,-1,-1,-0.01,-1,-1,-0.01,-1,-1,-0.01,-1,-1
99926009,2026-05-18 14:42:34+05:30,53442.3,0,0.0,0,0.0,0.0,53282.15,53619.2,52783.45,53710.35,0,0.0,0.0,0.0,0.0,-0.01,-1,-1,-0.01,-1,-1,-0.01,-1,-1,-0.01,-1,-1,-0.01,-1,-1,-0.01,-1,-1,-0.01,-1,-1,-0.01,-1,-1,-0.01,-1,-1,-0.01,-1,-1
99926009,2026-05-18 14:42:34+05:30,53442.1,0,0.0,0,0.0,0.0,53282.15,53619.2,52783.45,53710.35,0,0.0,0.0,0.0,0.0,-0.01,-1,-1,-0.01,-1,-1,-0.01,-1,-1,-0.01,-1,-1,-0.01,-1,-1,-0.01,-1,-1,-0.01,-1,-1,-0.01,-1,-1,-0.01,-1,-1,-0.01,-1,-1
99926009,2026-05-18 14:42:35+05:30,53441.45,0,0.0,0,0.0,0.0,53282.15,53619.2,52783.45,53710.35,0,0.0,0.0,0.0,0.0,-0.01,-1,-1,-0.01,-1,-1,-0.01,-1,-1,-0.01,-1,-1,-0.01,-1,-1,-0.01,-1,-1,-0.01,-1,-1,-0.01,-1,-1,-0.01,-1,-1,-0.01,-1,-1
99926009,2026-05-18 14:42:35+05:30,53443.7,0,0.0,0,0.0,0.0,53282.15,53619.2,52783.45,53710.35,0,0.0,0.0,0.0,0.0,-0.01,-1,-1,-0.01,-1,-1,-0.01,-1,-1,-0.01,-1,-1,-0.01,-1,-1,-0.01,-1,-1,-0.01,-1,-1,-0.01,-1,-1,-0.01,-1,-1,-0.01,-1,-1
99926009,2026-05-18 14:42:36+05:30,53443.15,0,0.0,0,0.0,0.0,53282.15,53619.2,52783.45,53710.35,0,0.0,0.0,0.0,0.0,-0.01,-1,-1,-0.01,-1,-1,-0.01,-1,-1,-0.01,-1,-1,-0.01,-1,-1,-0.01,-1,-1,-0.01,-1,-1,-0.01,-1,-1,-0.01,-1,-1,-0.01,-1,-1
99926009,2026-05-18 14:42:36+05:30,53444.85,0,0.0,0,0.0,0.0,53282.15,53619.2,52783.45,53710.35,0,0.0,0.0,0.0,0.0,-0.01,-1,-1,-0.01,-1,-1,-0.01,-1,-1,-0.01,-1,-1,-0.01,-1,-1,-0.01,-1,-1,-0.01,-1,-1,-0.01,-1,-1,-0.01,-1,-1,-0.01,-1,-1
99926009,2026-05-18 14:42:37+05:30,53443.35,0,0.0,0,0.0,0.0,53282.15,53619.2,52783.45,53710.35,0,0.0,0.0,0.0,0.0,-0.01,-1,-1,-0.01,-1,-1,-0.01,-1,-1,-0.01,-1,-1,-0.01,-1,-1,-0.01,-1,-1,-0.01,-1,-1,-0.01,-1,-1,-0.01,-1,-1,-0.01,-1,-1
99926009,2026-05-18 14:42:37+05:30,53443.4,0,0.0,0,0.0,0.0,53282.15,53619.2,52783.45,53710.35,0,0.0,0.0,0.0,0.0,-0.01,-1,-1,-0.01,-1,-1,-0.01,-1,-1,-0.01,-1,-1,-0.01,-1,-1,-0.01,-1,-1,-0.01,-1,-1,-0.01,-1,-1,-0.01,-1,-1,-0.01,-1,-1
99926009,2026-05-18 14:42:38+05:30,53445.05,0,0.0,0,0.0,0.0,53282.15,53619.2,52783.45,53710.35,0,0.0,0.0,0.0,0.0,-0.01,-1,-1,-0.01,-1,-1,-0.01,-1,-1,-0.01,-1,-1,-0.01,-1,-1,-0.01,-1,-1,-0.01,-1,-1,-0.01,-1,-1,-0.01,-1,-1,-0.01,-1,-1
99926009,2026-05-18 14:42:38+05:30,53442.55,0,0.0,0,0.0,0.0,53282.15,53619.2,52783.45,53710.35,0,0.0,0.0,0.0,0.0,-0.01,-1,-1,-0.01,-1,-1,-0.01,-1,-1,-0.01,-1,-1,-0.01,-1,-1,-0.01,-1,-1,-0.01,-1,-1,-0.01,-1,-1,-0.01,-1,-1,-0.01,-1,-1
99926009,2026-05-18 14:42:39+05:30,53441.1,0,0.0,0,0.0,0.0,53282.15,53619.2,52783.45,53710.35,0,0.0,0.0,0.0,0.0,-0.01,-1,-1,-0.01,-1,-1,-0.01,-1,-1,-0.01,-1,-1,-0.01,-1,-1,-0.01,-1,-1,-0.01,-1,-1,-0.01,-1,-1,-0.01,-1,-1,-0.01,-1,-1
99926009,2026-05-18 14:42:39+05:30,53444.8,0,0.0,0,0.0,0.0,53282.15,53619.2,52783.45,53710.35,0,0.0,0.0,0.0,0.0,-0.01,-1,-1,-0.01,-1,-1,-0.01,-1,-1,-0.01,-1,-1,-0.01,-1,-1,-0.01,-1,-1,-0.01,-1,-1,-0.01,-1,-1,-0.01,-1,-1,-0.01,-1,-1
99926009,2026-05-18 14:42:40+05:30,53446.65,0,0.0,0,0.0,0.0,53282.15,53619.2,52783.45,53710.35,0,0.0,0.0,0.0,0.0,-0.01,-1,-1,-0.01,-1,-1,-0.01,-1,-1,-0.01,-1,-1,-0.01,-1,-1,-0.01,-1,-1,-0.01,-1,-1,-0.01,-1,-1,-0.01,-1,-1,-0.01,-1,-1
99926009,2026-05-18 14:42:40+05:30,53447.75,0,0.0,0,0.0,0.0,53282.15,53619.2,52783.45,53710.35,0,0.0,0.0,0.0,0.0,-0.01,-1,-1,-0.01,-1,-1,-0.01,-1,-1,-0.01,-1,-1,-0.01,-1,-1,-0.01,-1,-1,-0.01,-1,-1,-0.01,-1,-1,-0.01,-1,-1,-0.01,-1,-1
99926009,2026-05-18 14:42:41+05:30,53447.0,0,0.0,0,0.0,0.0,53282.15,53619.2,52783.45,53710.35,0,0.0,0.0,0.0,0.0,-0.01,-1,-1,-0.01,-1,-1,-0.01,-1,-1,-0.01,-1,-1,-0.01,-1,-1,-0.01,-1,-1,-0.01,-1,-1,-0.01,-1,-1,-0.01,-1,-1,-0.01,-1,-1
99926009,2026-05-18 14:42:41+05:30,53447.25,0,0.0,0,0.0,0.0,53282.15,53619.2,52783.45,53710.35,0,0.0,0.0,0.0,0.0,-0.01,-1,-1,-0.01,-1,-1,-0.01,-1,-1,-0.01,-1,-1,-0.01,-1,-1,-0.01,-1,-1,-0.01,-1,-1,-0.01,-1,-1,-0.01,-1,-1,-0.01,-1,-1
99926009,2026-05-18 14:42:42+05:30,53443.9,0,0.0,0,0.0,0.0,53282.15,53619.2,52783.45,53710.35,0,0.0,0.0,0.0,0.0,-0.01,-1,-1,-0.01,-1,-1,-0.01,-1,-1,-0.01,-1,-1,-0.01,-1,-1,-0.01,-1,-1,-0.01,-1,-1,-0.01,-1,-1,-0.01,-1,-1,-0.01,-1,-1
99926009,2026-05-18 14:42:42+05:30,53445.5,0,0.0,0,0.0,0.0,53282.15,53619.2,52783.45,53710.35,0,0.0,0.0,0.0,0.0,-0.01,-1,-1,-0.01,-1,-1,-0.01,-1,-1,-0.01,-1,-1,-0.01,-1,-1,-0.01,-1,-1,-0.01,-1,-1,-0.01,-1,-1,-0.01,-1,-1,-0.01,-1,-1
99926009,2026-05-18 14:42:43+05:30,53448.2,0,0.0,0,0.0,0.0,53282.15,53619.2,52783.45,53710.35,0,0.0,0.0,0.0,0.0,-0.01,-1,-1,-0.01,-1,-1,-0.01,-1,-1,-0.01,-1,-1,-0.01,-1,-1,-0.01,-1,-1,-0.01,-1,-1,-0.01,-1,-1,-0.01,-1,-1,-0.01,-1,-1
99926009,2026-05-18 14:42:43+05:30,53446.8,0,0.0,0,0.0,0.0,53282.15,53619.2,52783.45,53710.35,0,0.0,0.0,0.0,0.0,-0.01,-1,-1,-0.01,-1,-1,-0.01,-1,-1,-0.01,-1,-1,-0.01,-1,-1,-0.01,-1,-1,-0.01,-1,-1,-0.01,-1,-1,-0.01,-1,-1,-0.01,-1,-1
99926009,2026-05-18 14:42:44+05:30,53446.65,0,0.0,0,0.0,0.0,53282.15,53619.2,52783.45,53710.35,0,0.0,0.0,0.0,0.0,-0.01,-1,-1,-0.01,-1,-1,-0.01,-1,-1,-0.01,-1,-1,-0.01,-1,-1,-0.01,-1,-1,-0.01,-1,-1,-0.01,-1,-1,-0.01,-1,-1,-0.01,-1,-1
99926009,2026-05-18 14:42:44+05:30,53446.35,0,0.0,0,0.0,0.0,53282.15,53619.2,52783.45,53710.35,0,0.0,0.0,0.0,0.0,-0.01,-1,-1,-0.01,-1,-1,-0.01,-1,-1,-0.01,-1,-1,-0.01,-1,-1,-0.01,-1,-1,-0.01,-1,-1,-0.01,-1,-1,-0.01,-1,-1,-0.01,-1,-1
99926009,2026-05-18 14:42:45+05:30,53445.1,0,0.0,0,0.0,0.0,53282.15,53619.2,52783.45,53710.35,0,0.0,0.0,0.0,0.0,-0.01,-1,-1,-0.01,-1,-1,-0.01,-1,-1,-0.01,-1,-1,-0.01,-1,-1,-0.01,-1,-1,-0.01,-1,-1,-0.01,-1,-1,-0.01,-1,-1,-0.01,-1,-1
99926009,2026-05-18 14:42:45+05:30,53447.6,0,0.0,0,0.0,0.0,53282.15,53619.2,52783.45,53710.35,0,0.0,0.0,0.0,0.0,-0.01,-1,-1,-0.01,-1,-1,-0.01,-1,-1,-0.01,-1,-1,-0.01,-1,-1,-0.01,-1,-1,-0.01,-1,-1,-0.01,-1,-1,-0.01,-1,-1,-0.01,-1,-1
99926009,2026-05-18 14:42:46+05:30,53447.35,0,0.0,0,0.0,0.0,53282.15,53619.2,52783.45,53710.35,0,0.0,0.0,0.0,0.0,-0.01,-1,-1,-0.01,-1,-1,-0.01,-1,-1,-0.01,-1,-1,-0.01,-1,-1,-0.01,-1,-1,-0.01,-1,-1,-0.01,-1,-1,-0.01,-1,-1,-0.01,-1,-1
99926009,2026-05-18 14:42:46+05:30,53446.85,0,0.0,0,0.0,0.0,53282.15,53619.2,52783.45,53710.35,0,0.0,0.0,0.0,0.0,-0.01,-1,-1,-0.01,-1,-1,-0.01,-1,-1,-0.01,-1,-1,-0.01,-1,-1,-0.01,-1,-1,-0.01,-1,-1,-0.01,-1,-1,-0.01,-1,-1,-0.01,-1,-1
99926009,2026-05-18 14:42:47+05:30,53444.15,0,0.0,0,0.0,0.0,53282.15,53619.2,52783.45,53710.35,0,0.0,0.0,0.0,0.0,-0.01,-1,-1,-0.01,-1,-1,-0.01,-1,-1,-0.01,-1,-1,-0.01,-1,-1,-0.01,-1,-1,-0.01,-1,-1,-0.01,-1,-1,-0.01,-1,-1,-0.01,-1,-1
99926009,2026-05-18 14:42:47+05:30,53443.45,0,0.0,0,0.0,0.0,53282.15,53619.2,52783.45,53710.35,0,0.0,0.0,0.0,0.0,-0.01,-1,-1,-0.01,-1,-1,-0.01,-1,-1,-0.01,-1,-1,-0.01,-1,-1,-0.01,-1,-1,-0.01,-1,-1,-0.01,-1,-1,-0.01,-1,-1,-0.01,-1,-1
99926009,2026-05-18 14:42:48+05:30,53442.1,0,0.0,0,0.0,0.0,53282.15,53619.2,52783.45,53710.35,0,0.0,0.0,0.0,0.0,-0.01,-1,-1,-0.01,-1,-1,-0.01,-1,-1,-0.01,-1,-1,-0.01,-1,-1,-0.01,-1,-1,-0.01,-1,-1,-0.01,-1,-1,-0.01,-1,-1,-0.01,-1,-1
99926009,2026-05-18 14:42:48+05:30,53444.55,0,0.0,0,0.0,0.0,53282.15,53619.2,52783.45,53710.35,0,0.0,0.0,0.0,0.0,-0.01,-1,-1,-0.01,-1,-1,-0.01,-1,-1,-0.01,-1,-1,-0.01,-1,-1,-0.01,-1,-1,-0.01,-1,-1,-0.01,-1,-1,-0.01,-1,-1,-0.01,-1,-1
99926009,2026-05-18 14:42:49+05:30,53444.45,0,0.0,0,0.0,0.0,53282.15,53619.2,52783.45,53710.35,0,0.0,0.0,0.0,0.0,-0.01,-1,-1,-0.01,-1,-1,-0.01,-1,-1,-0.01,-1,-1,-0.01,-1,-1,-0.01,-1,-1,-0.01,-1,-1,-0.01,-1,-1,-0.01,-1,-1,-0.01,-1,-1
99926009,2026-05-18 14:42:49+05:30,53444.15,0,0.0,0,0.0,0.0,53282.15,53619.2,52783.45,53710.35,0,0.0,0.0,0.0,0.0,-0.01,-1,-1,-0.01,-1,-1,-0.01,-1,-1,-0.01,-1,-1,-0.01,-1,-1,-0.01,-1,-1,-0.01,-1,-1,-0.01,-1,-1,-0.01,-1,-1,-0.01,-1,-1
99926009,2026-05-18 14:42:50+05:30,53444.7,0,0.0,0,0.0,0.0,53282.15,53619.2,52783.45,53710.35,0,0.0,0.0,0.0,0.0,-0.01,-1,-1,-0.01,-1,-1,-0.01,-1,-1,-0.01,-1,-1,-0.01,-1,-1,-0.01,-1,-1,-0.01,-1,-1,-0.01,-1,-1,-0.01,-1,-1,-0.01,-1,-1
99926009,2026-05-18 14:42:50+05:30,53444.85,0,0.0,0,0.0,0.0,53282.15,53619.2,52783.45,53710.35,0,0.0,0.0,0.0,0.0,-0.01,-1,-1,-0.01,-1,-1,-0.01,-1,-1,-0.01,-1,-1,-0.01,-1,-1,-0.01,-1,-1,-0.01,-1,-1,-0.01,-1,-1,-0.01,-1,-1,-0.01,-1,-1
99926009,2026-05-18 14:42:51+05:30,53445.4,0,0.0,0,0.0,0.0,53282.15,53619.2,52783.45,53710.35,0,0.0,0.0,0.0,0.0,-0.01,-1,-1,-0.01,-1,-1,-0.01,-1,-1,-0.01,-1,-1,-0.01,-1,-1,-0.01,-1,-1,-0.01,-1,-1,-0.01,-1,-1,-0.01,-1,-1,-0.01,-1,-1
99926009,2026-05-18 14:42:51+05:30,53445.45,0,0.0,0,0.0,0.0,53282.15,53619.2,52783.45,53710.35,0,0.0,0.0,0.0,0.0,-0.01,-1,-1,-0.01,-1,-1,-0.01,-1,-1,-0.01,-1,-1,-0.01,-1,-1,-0.01,-1,-1,-0.01,-1,-1,-0.01,-1,-1,-0.01,-1,-1,-0.01,-1,-1
99926009,2026-05-18 14:42:52+05:30,53443.6,0,0.0,0,0.0,0.0,53282.15,53619.2,52783.45,53710.35,0,0.0,0.0,0.0,0.0,-0.01,-1,-1,-0.01,-1,-1,-0.01,-1,-1,-0.01,-1,-1,-0.01,-1,-1,-0.01,-1,-1,-0.01,-1,-1,-0.01,-1,-1,-0.01,-1,-1,-0.01,-1,-1
99926009,2026-05-18 14:42:52+05:30,53442.05,0,0.0,0,0.0,0.0,53282.15,53619.2,52783.45,53710.35,0,0.0,0.0,0.0,0.0,-0.01,-1,-1,-0.01,-1,-1,-0.01,-1,-1,-0.01,-1,-1,-0.01,-1,-1,-0.01,-1,-1,-0.01,-1,-1,-0.01,-1,-1,-0.01,-1,-1,-0.01,-1,-1
99926009,2026-05-18 14:42:53+05:30,53442.5,0,0.0,0,0.0,0.0,53282.15,53619.2,52783.45,53710.35,0,0.0,0.0,0.0,0.0,-0.01,-1,-1,-0.01,-1,-1,-0.01,-1,-1,-0.01,-1,-1,-0.01,-1,-1,-0.01,-1,-1,-0.01,-1,-1,-0.01,-1,-1,-0.01,-1,-1,-0.01,-1,-1
99926009,2026-05-18 14:42:53+05:30,53445.15,0,0.0,0,0.0,0.0,53282.15,53619.2,52783.45,53710.35,0,0.0,0.0,0.0,0.0,-0.01,-1,-1,-0.01,-1,-1,-0.01,-1,-1,-0.01,-1,-1,-0.01,-1,-1,-0.01,-1,-1,-0.01,-1,-1,-0.01,-1,-1,-0.01,-1,-1,-0.01,-1,-1
99926009,2026-05-18 14:42:54+05:30,53441.95,0,0.0,0,0.0,0.0,53282.15,53619.2,52783.45,53710.35,0,0.0,0.0,0.0,0.0,-0.01,-1,-1,-0.01,-1,-1,-0.01,-1,-1,-0.01,-1,-1,-0.01,-1,-1,-0.01,-1,-1,-0.01,-1,-1,-0.01,-1,-1,-0.01,-1,-1,-0.01,-1,-1
99926009,2026-05-18 14:42:54+05:30,53445.85,0,0.0,0,0.0,0.0,53282.15,53619.2,52783.45,53710.35,0,0.0,0.0,0.0,0.0,-0.01,-1,-1,-0.01,-1,-1,-0.01,-1,-1,-0.01,-1,-1,-0.01,-1,-1,-0.01,-1,-1,-0.01,-1,-1,-0.01,-1,-1,-0.01,-1,-1,-0.01,-1,-1
99926009,2026-05-18 14:42:55+05:30,53442.65,0,0.0,0,0.0,0.0,53282.15,53619.2,52783.45,53710.35,0,0.0,0.0,0.0,0.0,-0.01,-1,-1,-0.01,-1,-1,-0.01,-1,-1,-0.01,-1,-1,-0.01,-1,-1,-0.01,-1,-1,-0.01,-1,-1,-0.01,-1,-1,-0.01,-1,-1,-0.01,-1,-1
99926009,2026-05-18 14:42:55+05:30,53448.9,0,0.0,0,0.0,0.0,53282.15,53619.2,52783.45,53710.35,0,0.0,0.0,0.0,0.0,-0.01,-1,-1,-0.01,-1,-1,-0.01,-1,-1,-0.01,-1,-1,-0.01,-1,-1,-0.01,-1,-1,-0.01,-1,-1,-0.01,-1,-1,-0.01,-1,-1,-0.01,-1,-1
99926009,2026-05-18 14:42:56+05:30,53443.7,0,0.0,0,0.0,0.0,53282.15,53619.2,52783.45,53710.35,0,0.0,0.0,0.0,0.0,-0.01,-1,-1,-0.01,-1,-1,-0.01,-1,-1,-0.01,-1,-1,-0.01,-1,-1,-0.01,-1,-1,-0.01,-1,-1,-0.01,-1,-1,-0.01,-1,-1,-0.01,-1,-1
99926009,2026-05-18 14:42:56+05:30,53443.6,0,0.0,0,0.0,0.0,53282.15,53619.2,52783.45,53710.35,0,0.0,0.0,0.0,0.0,-0.01,-1,-1,-0.01,-1,-1,-0.01,-1,-1,-0.01,-1,-1,-0.01,-1,-1,-0.01,-1,-1,-0.01,-1,-1,-0.01,-1,-1,-0.01,-1,-1,-0.01,-1,-1
99926009,2026-05-18 14:42:57+05:30,53441.7,0,0.0,0,0.0,0.0,53282.15,53619.2,52783.45,53710.35,0,0.0,0.0,0.0,0.0,-0.01,-1,-1,-0.01,-1,-1,-0.01,-1,-1,-0.01,-1,-1,-0.01,-1,-1,-0.01,-1,-1,-0.01,-1,-1,-0.01,-1,-1,-0.01,-1,-1,-0.01,-1,-1
99926009,2026-05-18 14:42:57+05:30,53442.4,0,0.0,0,0.0,0.0,53282.15,53619.2,52783.45,53710.35,0,0.0,0.0,0.0,0.0,-0.01,-1,-1,-0.01,-1,-1,-0.01,-1,-1,-0.01,-1,-1,-0.01,-1,-1,-0.01,-1,-1,-0.01,-1,-1,-0.01,-1,-1,-0.01,-1,-1,-0.01,-1,-1
99926009,2026-05-18 14:42:58+05:30,53443.95,0,0.0,0,0.0,0.0,53282.15,53619.2,52783.45,53710.35,0,0.0,0.0,0.0,0.0,-0.01,-1,-1,-0.01,-1,-1,-0.01,-1,-1,-0.01,-1,-1,-0.01,-1,-1,-0.01,-1,-1,-0.01,-1,-1,-0.01,-1,-1,-0.01,-1,-1,-0.01,-1,-1
99926009,2026-05-18 14:42:58+05:30,53443.85,0,0.0,0,0.0,0.0,53282.15,53619.2,52783.45,53710.35,0,0.0,0.0,0.0,0.0,-0.01,-1,-1,-0.01,-1,-1,-0.01,-1,-1,-0.01,-1,-1,-0.01,-1,-1,-0.01,-1,-1,-0.01,-1,-1,-0.01,-1,-1,-0.01,-1,-1,-0.01,-1,-1
99926009,2026-05-18 14:42:59+05:30,53443.35,0,0.0,0,0.0,0.0,53282.15,53619.2,52783.45,53710.35,0,0.0,0.0,0.0,0.0,-0.01,-1,-1,-0.01,-1,-1,-0.01,-1,-1,-0.01,-1,-1,-0.01,-1,-1,-0.01,-1,-1,-0.01,-1,-1,-0.01,-1,-1,-0.01,-1,-1,-0.01,-1,-1
99926009,2026-05-18 14:42:59+05:30,53444.3,0,0.0,0,0.0,0.0,53282.15,53619.2,52783.45,53710.35,0,0.0,0.0,0.0,0.0,-0.01,-1,-1,-0.01,-1,-1,-0.01,-1,-1,-0.01,-1,-1,-0.01,-1,-1,-0.01,-1,-1,-0.01,-1,-1,-0.01,-1,-1,-0.01,-1,-1,-0.01,-1,-1
99926009,2026-05-18 14:43:00+05:30,53444.45,0,0.0,0,0.0,0.0,53282.15,53619.2,52783.45,53710.35,0,0.0,0.0,0.0,0.0,-0.01,-1,-1,-0.01,-1,-1,-0.01,-1,-1,-0.01,-1,-1,-0.01,-1,-1,-0.01,-1,-1,-0.01,-1,-1,-0.01,-1,-1,-0.01,-1,-1,-0.01,-1,-1
99926009,2026-05-18 14:43:00+05:30,53450.0,0,0.0,0,0.0,0.0,53282.15,53619.2,52783.45,53710.35,0,0.0,0.0,0.0,0.0,-0.01,-1,-1,-0.01,-1,-1,-0.01,-1,-1,-0.01,-1,-1,-0.01,-1,-1,-0.01,-1,-1,-0.01,-1,-1,-0.01,-1,-1,-0.01,-1,-1,-0.01,-1,-1
99926009,2026-05-18 14:43:01+05:30,53447.5,0,0.0,0,0.0,0.0,53282.15,53619.2,52783.45,53710.35,0,0.0,0.0,0.0,0.0,-0.01,-1,-1,-0.01,-1,-1,-0.01,-1,-1,-0.01,-1,-1,-0.01,-1,-1,-0.01,-1,-1,-0.01,-1,-1,-0.01,-1,-1,-0.01,-1,-1,-0.01,-1,-1
99926009,2026-05-18 14:43:01+05:30,53445.4,0,0.0,0,0.0,0.0,53282.15,53619.2,52783.45,53710.35,0,0.0,0.0,0.0,0.0,-0.01,-1,-1,-0.01,-1,-1,-0.01,-1,-1,-0.01,-1,-1,-0.01,-1,-1,-0.01,-1,-1,-0.01,-1,-1,-0.01,-1,-1,-0.01,-1,-1,-0.01,-1,-1
99926009,2026-05-18 14:43:02+05:30,53445.5,0,0.0,0,0.0,0.0,53282.15,53619.2,52783.45,53710.35,0,0.0,0.0,0.0,0.0,-0.01,-1,-1,-0.01,-1,-1,-0.01,-1,-1,-0.01,-1,-1,-0.01,-1,-1,-0.01,-1,-1,-0.01,-1,-1,-0.01,-1,-1,-0.01,-1,-1,-0.01,-1,-1
99926009,2026-05-18 14:43:02+05:30,53446.35,0,0.0,0,0.0,0.0,53282.15,53619.2,52783.45,53710.35,0,0.0,0.0,0.0,0.0,-0.01,-1,-1,-0.01,-1,-1,-0.01,-1,-1,-0.01,-1,-1,-0.01,-1,-1,-0.01,-1,-1,-0.01,-1,-1,-0.01,-1,-1,-0.01,-1,-1,-0.01,-1,-1
99926009,2026-05-18 14:43:03+05:30,53444.85,0,0.0,0,0.0,0.0,53282.15,53619.2,52783.45,53710.35,0,0.0,0.0,0.0,0.0,-0.01,-1,-1,-0.01,-1,-1,-0.01,-1,-1,-0.01,-1,-1,-0.01,-1,-1,-0.01,-1,-1,-0.01,-1,-1,-0.01,-1,-1,-0.01,-1,-1,-0.01,-1,-1
99926009,2026-05-18 14:43:03+05:30,53445.45,0,0.0,0,0.0,0.0,53282.15,53619.2,52783.45,53710.35,0,0.0,0.0,0.0,0.0,-0.01,-1,-1,-0.01,-1,-1,-0.01,-1,-1,-0.01,-1,-1,-0.01,-1,-1,-0.01,-1,-1,-0.01,-1,-1,-0.01,-1,-1,-0.01,-1,-1,-0.01,-1,-1
99926009,2026-05-18 14:43:04+05:30,53445.65,0,0.0,0,0.0,0.0,53282.15,53619.2,52783.45,53710.35,0,0.0,0.0,0.0,0.0,-0.01,-1,-1,-0.01,-1,-1,-0.01,-1,-1,-0.01,-1,-1,-0.01,-1,-1,-0.01,-1,-1,-0.01,-1,-1,-0.01,-1,-1,-0.01,-1,-1,-0.01,-1,-1
99926009,2026-05-18 14:43:04+05:30,53446.95,0,0.0,0,0.0,0.0,53282.15,53619.2,52783.45,53710.35,0,0.0,0.0,0.0,0.0,-0.01,-1,-1,-0.01,-1,-1,-0.01,-1,-1,-0.01,-1,-1,-0.01,-1,-1,-0.01,-1,-1,-0.01,-1,-1,-0.01,-1,-1,-0.01,-1,-1,-0.01,-1,-1
99926009,2026-05-18 14:43:05+05:30,53446.6,0,0.0,0,0.0,0.0,53282.15,53619.2,52783.45,53710.35,0,0.0,0.0,0.0,0.0,-0.01,-1,-1,-0.01,-1,-1,-0.01,-1,-1,-0.01,-1,-1,-0.01,-1,-1,-0.01,-1,-1,-0.01,-1,-1,-0.01,-1,-1,-0.01,-1,-1,-0.01,-1,-1
99926009,2026-05-18 14:43:05+05:30,53449.0,0,0.0,0,0.0,0.0,53282.15,53619.2,52783.45,53710.35,0,0.0,0.0,0.0,0.0,-0.01,-1,-1,-0.01,-1,-1,-0.01,-1,-1,-0.01,-1,-1,-0.01,-1,-1,-0.01,-1,-1,-0.01,-1,-1,-0.01,-1,-1,-0.01,-1,-1,-0.01,-1,-1
99926009,2026-05-18 14:43:06+05:30,53448.2,0,0.0,0,0.0,0.0,53282.15,53619.2,52783.45,53710.35,0,0.0,0.0,0.0,0.0,-0.01,-1,-1,-0.01,-1,-1,-0.01,-1,-1,-0.01,-1,-1,-0.01,-1,-1,-0.01,-1,-1,-0.01,-1,-1,-0.01,-1,-1,-0.01,-1,-1,-0.01,-1,-1
99926009,2026-05-18 14:43:06+05:30,53449.35,0,0.0,0,0.0,0.0,53282.15,53619.2,52783.45,53710.35,0,0.0,0.0,0.0,0.0,-0.01,-1,-1,-0.01,-1,-1,-0.01,-1,-1,-0.01,-1,-1,-0.01,-1,-1,-0.01,-1,-1,-0.01,-1,-1,-0.01,-1,-1,-0.01,-1,-1,-0.01,-1,-1
99926009,2026-05-18 14:43:07+05:30,53448.0,0,0.0,0,0.0,0.0,53282.15,53619.2,52783.45,53710.35,0,0.0,0.0,0.0,0.0,-0.01,-1,-1,-0.01,-1,-1,-0.01,-1,-1,-0.01,-1,-1,-0.01,-1,-1,-0.01,-1,-1,-0.01,-1,-1,-0.01,-1,-1,-0.01,-1,-1,-0.01,-1,-1
99926009,2026-05-18 14:43:07+05:30,53445.9,0,0.0,0,0.0,0.0,53282.15,53619.2,52783.45,53710.35,0,0.0,0.0,0.0,0.0,-0.01,-1,-1,-0.01,-1,-1,-0.01,-1,-1,-0.01,-1,-1,-0.01,-1,-1,-0.01,-1,-1,-0.01,-1,-1,-0.01,-1,-1,-0.01,-1,-1,-0.01,-1,-1
99926009,2026-05-18 14:43:08+05:30,53449.25,0,0.0,0,0.0,0.0,53282.15,53619.2,52783.45,53710.35,0,0.0,0.0,0.0,0.0,-0.01,-1,-1,-0.01,-1,-1,-0.01,-1,-1,-0.01,-1,-1,-0.01,-1,-1,-0.01,-1,-1,-0.01,-1,-1,-0.01,-1,-1,-0.01,-1,-1,-0.01,-1,-1
99926009,2026-05-18 14:43:08+05:30,53447.65,0,0.0,0,0.0,0.0,53282.15,53619.2,52783.45,53710.35,0,0.0,0.0,0.0,0.0,-0.01,-1,-1,-0.01,-1,-1,-0.01,-1,-1,-0.01,-1,-1,-0.01,-1,-1,-0.01,-1,-1,-0.01,-1,-1,-0.01,-1,-1,-0.01,-1,-1,-0.01,-1,-1
99926009,2026-05-18 14:43:09+05:30,53448.4,0,0.0,0,0.0,0.0,53282.15,53619.2,52783.45,53710.35,0,0.0,0.0,0.0,0.0,-0.01,-1,-1,-0.01,-1,-1,-0.01,-1,-1,-0.01,-1,-1,-0.01,-1,-1,-0.01,-1,-1,-0.01,-1,-1,-0.01,-1,-1,-0.01,-1,-1,-0.01,-1,-1
99926009,2026-05-18 14:43:09+05:30,53448.55,0,0.0,0,0.0,0.0,53282.15,53619.2,52783.45,53710.35,0,0.0,0.0,0.0,0.0,-0.01,-1,-1,-0.01,-1,-1,-0.01,-1,-1,-0.01,-1,-1,-0.01,-1,-1,-0.01,-1,-1,-0.01,-1,-1,-0.01,-1,-1,-0.01,-1,-1,-0.01,-1,-1
99926009,2026-05-18 14:43:10+05:30,53447.65,0,0.0,0,0.0,0.0,53282.15,53619.2,52783.45,53710.35,0,0.0,0.0,0.0,0.0,-0.01,-1,-1,-0.01,-1,-1,-0.01,-1,-1,-0.01,-1,-1,-0.01,-1,-1,-0.01,-1,-1,-0.01,-1,-1,-0.01,-1,-1,-0.01,-1,-1,-0.01,-1,-1
99926009,2026-05-18 14:43:10+05:30,53448.1,0,0.0,0,0.0,0.0,53282.15,53619.2,52783.45,53710.35,0,0.0,0.0,0.0,0.0,-0.01,-1,-1,-0.01,-1,-1,-0.01,-1,-1,-0.01,-1,-1,-0.01,-1,-1,-0.01,-1,-1,-0.01,-1,-1,-0.01,-1,-1,-0.01,-1,-1,-0.01,-1,-1
99926009,2026-05-18 14:43:11+05:30,53447.4,0,0.0,0,0.0,0.0,53282.15,53619.2,52783.45,53710.35,0,0.0,0.0,0.0,0.0,-0.01,-1,-1,-0.01,-1,-1,-0.01,-1,-1,-0.01,-1,-1,-0.01,-1,-1,-0.01,-1,-1,-0.01,-1,-1,-0.01,-1,-1,-0.01,-1,-1,-0.01,-1,-1
99926009,2026-05-18 14:43:11+05:30,53446.35,0,0.0,0,0.0,0.0,53282.15,53619.2,52783.45,53710.35,0,0.0,0.0,0.0,0.0,-0.01,-1,-1,-0.01,-1,-1,-0.01,-1,-1,-0.01,-1,-1,-0.01,-1,-1,-0.01,-1,-1,-0.01,-1,-1,-0.01,-1,-1,-0.01,-1,-1,-0.01,-1,-1
99926009,2026-05-18 14:43:12+05:30,53446.65,0,0.0,0,0.0,0.0,53282.15,53619.2,52783.45,53710.35,0,0.0,0.0,0.0,0.0,-0.01,-1,-1,-0.01,-1,-1,-0.01,-1,-1,-0.01,-1,-1,-0.01,-1,-1,-0.01,-1,-1,-0.01,-1,-1,-0.01,-1,-1,-0.01,-1,-1,-0.01,-1,-1
99926009,2026-05-18 14:43:12+05:30,53446.15,0,0.0,0,0.0,0.0,53282.15,53619.2,52783.45,53710.35,0,0.0,0.0,0.0,0.0,-0.01,-1,-1,-0.01,-1,-1,-0.01,-1,-1,-0.01,-1,-1,-0.01,-1,-1,-0.01,-1,-1,-0.01,-1,-1,-0.01,-1,-1,-0.01,-1,-1,-0.01,-1,-1
99926009,2026-05-18 14:43:13+05:30,53448.3,0,0.0,0,0.0,0.0,53282.15,53619.2,52783.45,53710.35,0,0.0,0.0,0.0,0.0,-0.01,-1,-1,-0.01,-1,-1,-0.01,-1,-1,-0.01,-1,-1,-0.01,-1,-1,-0.01,-1,-1,-0.01,-1,-1,-0.01,-1,-1,-0.01,-1,-1,-0.01,-1,-1
99926009,2026-05-18 14:43:13+05:30,53448.05,0,0.0,0,0.0,0.0,53282.15,53619.2,52783.45,53710.35,0,0.0,0.0,0.0,0.0,-0.01,-1,-1,-0.01,-1,-1,-0.01,-1,-1,-0.01,-1,-1,-0.01,-1,-1,-0.01,-1,-1,-0.01,-1,-1,-0.01,-1,-1,-0.01,-1,-1,-0.01,-1,-1
99926009,2026-05-18 14:43:14+05:30,53448.0,0,0.0,0,0.0,0.0,53282.15,53619.2,52783.45,53710.35,0,0.0,0.0,0.0,0.0,-0.01,-1,-1,-0.01,-1,-1,-0.01,-1,-1,-0.01,-1,-1,-0.01,-1,-1,-0.01,-1,-1,-0.01,-1,-1,-0.01,-1,-1,-0.01,-1,-1,-0.01,-1,-1
99926009,2026-05-18 14:43:14+05:30,53449.25,0,0.0,0,0.0,0.0,53282.15,53619.2,52783.45,53710.35,0,0.0,0.0,0.0,0.0,-0.01,-1,-1,-0.01,-1,-1,-0.01,-1,-1,-0.01,-1,-1,-0.01,-1,-1,-0.01,-1,-1,-0.01,-1,-1,-0.01,-1,-1,-0.01,-1,-1,-0.01,-1,-1
99926009,2026-05-18 14:43:15+05:30,53451.05,0,0.0,0,0.0,0.0,53282.15,53619.2,52783.45,53710.35,0,0.0,0.0,0.0,0.0,-0.01,-1,-1,-0.01,-1,-1,-0.01,-1,-1,-0.01,-1,-1,-0.01,-1,-1,-0.01,-1,-1,-0.01,-1,-1,-0.01,-1,-1,-0.01,-1,-1,-0.01,-1,-1
99926009,2026-05-18 14:43:15+05:30,53451.65,0,0.0,0,0.0,0.0,53282.15,53619.2,52783.45,53710.35,0,0.0,0.0,0.0,0.0,-0.01,-1,-1,-0.01,-1,-1,-0.01,-1,-1,-0.01,-1,-1,-0.01,-1,-1,-0.01,-1,-1,-0.01,-1,-1,-0.01,-1,-1,-0.01,-1,-1,-0.01,-1,-1
99926009,2026-05-18 14:43:16+05:30,53450.35,0,0.0,0,0.0,0.0,53282.15,53619.2,52783.45,53710.35,0,0.0,0.0,0.0,0.0,-0.01,-1,-1,-0.01,-1,-1,-0.01,-1,-1,-0.01,-1,-1,-0.01,-1,-1,-0.01,-1,-1,-0.01,-1,-1,-0.01,-1,-1,-0.01,-1,-1,-0.01,-1,-1
99926009,2026-05-18 14:43:16+05:30,53450.9,0,0.0,0,0.0,0.0,53282.15,53619.2,52783.45,53710.35,0,0.0,0.0,0.0,0.0,-0.01,-1,-1,-0.01,-1,-1,-0.01,-1,-1,-0.01,-1,-1,-0.01,-1,-1,-0.01,-1,-1,-0.01,-1,-1,-0.01,-1,-1,-0.01,-1,-1,-0.01,-1,-1
99926009,2026-05-18 14:43:17+05:30,53449.0,0,0.0,0,0.0,0.0,53282.15,53619.2,52783.45,53710.35,0,0.0,0.0,0.0,0.0,-0.01,-1,-1,-0.01,-1,-1,-0.01,-1,-1,-0.01,-1,-1,-0.01,-1,-1,-0.01,-1,-1,-0.01,-1,-1,-0.01,-1,-1,-0.01,-1,-1,-0.01,-1,-1
99926009,2026-05-18 14:43:17+05:30,53447.35,0,0.0,0,0.0,0.0,53282.15,53619.2,52783.45,53710.35,0,0.0,0.0,0.0,0.0,-0.01,-1,-1,-0.01,-1,-1,-0.01,-1,-1,-0.01,-1,-1,-0.01,-1,-1,-0.01,-1,-1,-0.01,-1,-1,-0.01,-1,-1,-0.01,-1,-1,-0.01,-1,-1
99926009,2026-05-18 14:43:18+05:30,53448.05,0,0.0,0,0.0,0.0,53282.15,53619.2,52783.45,53710.35,0,0.0,0.0,0.0,0.0,-0.01,-1,-1,-0.01,-1,-1,-0.01,-1,-1,-0.01,-1,-1,-0.01,-1,-1,-0.01,-1,-1,-0.01,-1,-1,-0.01,-1,-1,-0.01,-1,-1,-0.01,-1,-1
99926009,2026-05-18 14:43:18+05:30,53448.0,0,0.0,0,0.0,0.0,53282.15,53619.2,52783.45,53710.35,0,0.0,0.0,0.0,0.0,-0.01,-1,-1,-0.01,-1,-1,-0.01,-1,-1,-0.01,-1,-1,-0.01,-1,-1,-0.01,-1,-1,-0.01,-1,-1,-0.01,-1,-1,-0.01,-1,-1,-0.01,-1,-1
99926009,2026-05-18 14:43:19+05:30,53446.35,0,0.0,0,0.0,0.0,53282.15,53619.2,52783.45,53710.35,0,0.0,0.0,0.0,0.0,-0.01,-1,-1,-0.01,-1,-1,-0.01,-1,-1,-0.01,-1,-1,-0.01,-1,-1,-0.01,-1,-1,-0.01,-1,-1,-0.01,-1,-1,-0.01,-1,-1,-0.01,-1,-1
99926009,2026-05-18 14:43:19+05:30,53446.05,0,0.0,0,0.0,0.0,53282.15,53619.2,52783.45,53710.35,0,0.0,0.0,0.0,0.0,-0.01,-1,-1,-0.01,-1,-1,-0.01,-1,-1,-0.01,-1,-1,-0.01,-1,-1,-0.01,-1,-1,-0.01,-1,-1,-0.01,-1,-1,-0.01,-1,-1,-0.01,-1,-1
99926009,2026-05-18 14:43:20+05:30,53445.35,0,0.0,0,0.0,0.0,53282.15,53619.2,52783.45,53710.35,0,0.0,0.0,0.0,0.0,-0.01,-1,-1,-0.01,-1,-1,-0.01,-1,-1,-0.01,-1,-1,-0.01,-1,-1,-0.01,-1,-1,-0.01,-1,-1,-0.01,-1,-1,-0.01,-1,-1,-0.01,-1,-1
99926009,2026-05-18 14:43:20+05:30,53446.9,0,0.0,0,0.0,0.0,53282.15,53619.2,52783.45,53710.35,0,0.0,0.0,0.0,0.0,-0.01,-1,-1,-0.01,-1,-1,-0.01,-1,-1,-0.01,-1,-1,-0.01,-1,-1,-0.01,-1,-1,-0.01,-1,-1,-0.01,-1,-1,-0.01,-1,-1,-0.01,-1,-1
99926009,2026-05-18 14:43:21+05:30,53446.9,0,0.0,0,0.0,0.0,53282.15,53619.2,52783.45,53710.35,0,0.0,0.0,0.0,0.0,-0.01,-1,-1,-0.01,-1,-1,-0.01,-1,-1,-0.01,-1,-1,-0.01,-1,-1,-0.01,-1,-1,-0.01,-1,-1,-0.01,-1,-1,-0.01,-1,-1,-0.01,-1,-1
99926009,2026-05-18 14:43:21+05:30,53450.0,0,0.0,0,0.0,0.0,53282.15,53619.2,52783.45,53710.35,0,0.0,0.0,0.0,0.0,-0.01,-1,-1,-0.01,-1,-1,-0.01,-1,-1,-0.01,-1,-1,-0.01,-1,-1,-0.01,-1,-1,-0.01,-1,-1,-0.01,-1,-1,-0.01,-1,-1,-0.01,-1,-1
99926009,2026-05-18 14:43:22+05:30,53448.0,0,0.0,0,0.0,0.0,53282.15,53619.2,52783.45,53710.35,0,0.0,0.0,0.0,0.0,-0.01,-1,-1,-0.01,-1,-1,-0.01,-1,-1,-0.01,-1,-1,-0.01,-1,-1,-0.01,-1,-1,-0.01,-1,-1,-0.01,-1,-1,-0.01,-1,-1,-0.01,-1,-1
99926009,2026-05-18 14:43:22+05:30,53449.1,0,0.0,0,0.0,0.0,53282.15,53619.2,52783.45,53710.35,0,0.0,0.0,0.0,0.0,-0.01,-1,-1,-0.01,-1,-1,-0.01,-1,-1,-0.01,-1,-1,-0.01,-1,-1,-0.01,-1,-1,-0.01,-1,-1,-0.01,-1,-1,-0.01,-1,-1,-0.01,-1,-1
99926009,2026-05-18 14:43:23+05:30,53449.55,0,0.0,0,0.0,0.0,53282.15,53619.2,52783.45,53710.35,0,0.0,0.0,0.0,0.0,-0.01,-1,-1,-0.01,-1,-1,-0.01,-1,-1,-0.01,-1,-1,-0.01,-1,-1,-0.01,-1,-1,-0.01,-1,-1,-0.01,-1,-1,-0.01,-1,-1,-0.01,-1,-1
99926009,2026-05-18 14:43:23+05:30,53447.2,0,0.0,0,0.0,0.0,53282.15,53619.2,52783.45,53710.35,0,0.0,0.0,0.0,0.0,-0.01,-1,-1,-0.01,-1,-1,-0.01,-1,-1,-0.01,-1,-1,-0.01,-1,-1,-0.01,-1,-1,-0.01,-1,-1,-0.01,-1,-1,-0.01,-1,-1,-0.01,-1,-1
99926009,2026-05-18 14:43:24+05:30,53445.1,0,0.0,0,0.0,0.0,53282.15,53619.2,52783.45,53710.35,0,0.0,0.0,0.0,0.0,-0.01,-1,-1,-0.01,-1,-1,-0.01,-1,-1,-0.01,-1,-1,-0.01,-1,-1,-0.01,-1,-1,-0.01,-1,-1,-0.01,-1,-1,-0.01,-1,-1,-0.01,-1,-1
99926009,2026-05-18 14:43:24+05:30,53444.35,0,0.0,0,0.0,0.0,53282.15,53619.2,52783.45,53710.35,0,0.0,0.0,0.0,0.0,-0.01,-1,-1,-0.01,-1,-1,-0.01,-1,-1,-0.01,-1,-1,-0.01,-1,-1,-0.01,-1,-1,-0.01,-1,-1,-0.01,-1,-1,-0.01,-1,-1,-0.01,-1,-1
99926009,2026-05-18 14:43:25+05:30,53445.65,0,0.0,0,0.0,0.0,53282.15,53619.2,52783.45,53710.35,0,0.0,0.0,0.0,0.0,-0.01,-1,-1,-0.01,-1,-1,-0.01,-1,-1,-0.01,-1,-1,-0.01,-1,-1,-0.01,-1,-1,-0.01,-1,-1,-0.01,-1,-1,-0.01,-1,-1,-0.01,-1,-1
99926009,2026-05-18 14:43:25+05:30,53445.15,0,0.0,0,0.0,0.0,53282.15,53619.2,52783.45,53710.35,0,0.0,0.0,0.0,0.0,-0.01,-1,-1,-0.01,-1,-1,-0.01,-1,-1,-0.01,-1,-1,-0.01,-1,-1,-0.01,-1,-1,-0.01,-1,-1,-0.01,-1,-1,-0.01,-1,-1,-0.01,-1,-1
99926009,2026-05-18 14:43:26+05:30,53446.65,0,0.0,0,0.0,0.0,53282.15,53619.2,52783.45,53710.35,0,0.0,0.0,0.0,0.0,-0.01,-1,-1,-0.01,-1,-1,-0.01,-1,-1,-0.01,-1,-1,-0.01,-1,-1,-0.01,-1,-1,-0.01,-1,-1,-0.01,-1,-1,-0.01,-1,-1,-0.01,-1,-1
99926009,2026-05-18 14:43:26+05:30,53446.65,0,0.0,0,0.0,0.0,53282.15,53619.2,52783.45,53710.35,0,0.0,0.0,0.0,0.0,-0.01,-1,-1,-0.01,-1,-1,-0.01,-1,-1,-0.01,-1,-1,-0.01,-1,-1,-0.01,-1,-1,-0.01,-1,-1,-0.01,-1,-1,-0.01,-1,-1,-0.01,-1,-1
99926009,2026-05-18 14:43:27+05:30,53447.95,0,0.0,0,0.0,0.0,53282.15,53619.2,52783.45,53710.35,0,0.0,0.0,0.0,0.0,-0.01,-1,-1,-0.01,-1,-1,-0.01,-1,-1,-0.01,-1,-1,-0.01,-1,-1,-0.01,-1,-1,-0.01,-1,-1,-0.01,-1,-1,-0.01,-1,-1,-0.01,-1,-1
99926009,2026-05-18 14:43:27+05:30,53447.5,0,0.0,0,0.0,0.0,53282.15,53619.2,52783.45,53710.35,0,0.0,0.0,0.0,0.0,-0.01,-1,-1,-0.01,-1,-1,-0.01,-1,-1,-0.01,-1,-1,-0.01,-1,-1,-0.01,-1,-1,-0.01,-1,-1,-0.01,-1,-1,-0.01,-1,-1,-0.01,-1,-1
99926009,2026-05-18 14:43:28+05:30,53449.0,0,0.0,0,0.0,0.0,53282.15,53619.2,52783.45,53710.35,0,0.0,0.0,0.0,0.0,-0.01,-1,-1,-0.01,-1,-1,-0.01,-1,-1,-0.01,-1,-1,-0.01,-1,-1,-0.01,-1,-1,-0.01,-1,-1,-0.01,-1,-1,-0.01,-1,-1,-0.01,-1,-1
99926009,2026-05-18 14:43:28+05:30,53449.35,0,0.0,0,0.0,0.0,53282.15,53619.2,52783.45,53710.35,0,0.0,0.0,0.0,0.0,-0.01,-1,-1,-0.01,-1,-1,-0.01,-1,-1,-0.01,-1,-1,-0.01,-1,-1,-0.01,-1,-1,-0.01,-1,-1,-0.01,-1,-1,-0.01,-1,-1,-0.01,-1,-1
99926009,2026-05-18 14:43:29+05:30,53449.4,0,0.0,0,0.0,0.0,53282.15,53619.2,52783.45,53710.35,0,0.0,0.0,0.0,0.0,-0.01,-1,-1,-0.01,-1,-1,-0.01,-1,-1,-0.01,-1,-1,-0.01,-1,-1,-0.01,-1,-1,-0.01,-1,-1,-0.01,-1,-1,-0.01,-1,-1,-0.01,-1,-1
99926009,2026-05-18 14:43:29+05:30,53449.25,0,0.0,0,0.0,0.0,53282.15,53619.2,52783.45,53710.35,0,0.0,0.0,0.0,0.0,-0.01,-1,-1,-0.01,-1,-1,-0.01,-1,-1,-0.01,-1,-1,-0.01,-1,-1,-0.01,-1,-1,-0.01,-1,-1,-0.01,-1,-1,-0.01,-1,-1,-0.01,-1,-1
99926009,2026-05-18 14:43:30+05:30,53448.05,0,0.0,0,0.0,0.0,53282.15,53619.2,52783.45,53710.35,0,0.0,0.0,0.0,0.0,-0.01,-1,-1,-0.01,-1,-1,-0.01,-1,-1,-0.01,-1,-1,-0.01,-1,-1,-0.01,-1,-1,-0.01,-1,-1,-0.01,-1,-1,-0.01,-1,-1,-0.01,-1,-1
99926009,2026-05-18 14:43:30+05:30,53449.9,0,0.0,0,0.0,0.0,53282.15,53619.2,52783.45,53710.35,0,0.0,0.0,0.0,0.0,-0.01,-1,-1,-0.01,-1,-1,-0.01,-1,-1,-0.01,-1,-1,-0.01,-1,-1,-0.01,-1,-1,-0.01,-1,-1,-0.01,-1,-1,-0.01,-1,-1,-0.01,-1,-1
99926009,2026-05-18 14:43:31+05:30,53448.7,0,0.0,0,0.0,0.0,53282.15,53619.2,52783.45,53710.35,0,0.0,0.0,0.0,0.0,-0.01,-1,-1,-0.01,-1,-1,-0.01,-1,-1,-0.01,-1,-1,-0.01,-1,-1,-0.01,-1,-1,-0.01,-1,-1,-0.01,-1,-1,-0.01,-1,-1,-0.01,-1,-1
99926009,2026-05-18 14:43:31+05:30,53450.45,0,0.0,0,0.0,0.0,53282.15,53619.2,52783.45,53710.35,0,0.0,0.0,0.0,0.0,-0.01,-1,-1,-0.01,-1,-1,-0.01,-1,-1,-0.01,-1,-1,-0.01,-1,-1,-0.01,-1,-1,-0.01,-1,-1,-0.01,-1,-1,-0.01,-1,-1,-0.01,-1,-1
99926009,2026-05-18 14:43:32+05:30,53449.95,0,0.0,0,0.0,0.0,53282.15,53619.2,52783.45,53710.35,0,0.0,0.0,0.0,0.0,-0.01,-1,-1,-0.01,-1,-1,-0.01,-1,-1,-0.01,-1,-1,-0.01,-1,-1,-0.01,-1,-1,-0.01,-1,-1,-0.01,-1,-1,-0.01,-1,-1,-0.01,-1,-1
99926009,2026-05-18 14:43:32+05:30,53447.55,0,0.0,0,0.0,0.0,53282.15,53619.2,52783.45,53710.35,0,0.0,0.0,0.0,0.0,-0.01,-1,-1,-0.01,-1,-1,-0.01,-1,-1,-0.01,-1,-1,-0.01,-1,-1,-0.01,-1,-1,-0.01,-1,-1,-0.01,-1,-1,-0.01,-1,-1,-0.01,-1,-1
99926009,2026-05-18 14:43:33+05:30,53448.45,0,0.0,0,0.0,0.0,53282.15,53619.2,52783.45,53710.35,0,0.0,0.0,0.0,0.0,-0.01,-1,-1,-0.01,-1,-1,-0.01,-1,-1,-0.01,-1,-1,-0.01,-1,-1,-0.01,-1,-1,-0.01,-1,-1,-0.01,-1,-1,-0.01,-1,-1,-0.01,-1,-1
99926009,2026-05-18 14:43:33+05:30,53450.4,0,0.0,0,0.0,0.0,53282.15,53619.2,52783.45,53710.35,0,0.0,0.0,0.0,0.0,-0.01,-1,-1,-0.01,-1,-1,-0.01,-1,-1,-0.01,-1,-1,-0.01,-1,-1,-0.01,-1,-1,-0.01,-1,-1,-0.01,-1,-1,-0.01,-1,-1,-0.01,-1,-1
99926009,2026-05-18 14:43:34+05:30,53450.3,0,0.0,0,0.0,0.0,53282.15,53619.2,52783.45,53710.35,0,0.0,0.0,0.0,0.0,-0.01,-1,-1,-0.01,-1,-1,-0.01,-1,-1,-0.01,-1,-1,-0.01,-1,-1,-0.01,-1,-1,-0.01,-1,-1,-0.01,-1,-1,-0.01,-1,-1,-0.01,-1,-1
99926009,2026-05-18 14:43:34+05:30,53449.25,0,0.0,0,0.0,0.0,53282.15,53619.2,52783.45,53710.35,0,0.0,0.0,0.0,0.0,-0.01,-1,-1,-0.01,-1,-1,-0.01,-1,-1,-0.01,-1,-1,-0.01,-1,-1,-0.01,-1,-1,-0.01,-1,-1,-0.01,-1,-1,-0.01,-1,-1,-0.01,-1,-1
99926009,2026-05-18 14:43:35+05:30,53447.85,0,0.0,0,0.0,0.0,53282.15,53619.2,52783.45,53710.35,0,0.0,0.0,0.0,0.0,-0.01,-1,-1,-0.01,-1,-1,-0.01,-1,-1,-0.01,-1,-1,-0.01,-1,-1,-0.01,-1,-1,-0.01,-1,-1,-0.01,-1,-1,-0.01,-1,-1,-0.01,-1,-1
99926009,2026-05-18 14:43:35+05:30,53448.3,0,0.0,0,0.0,0.0,53282.15,53619.2,52783.45,53710.35,0,0.0,0.0,0.0,0.0,-0.01,-1,-1,-0.01,-1,-1,-0.01,-1,-1,-0.01,-1,-1,-0.01,-1,-1,-0.01,-1,-1,-0.01,-1,-1,-0.01,-1,-1,-0.01,-1,-1,-0.01,-1,-1
99926009,2026-05-18 14:43:36+05:30,53446.4,0,0.0,0,0.0,0.0,53282.15,53619.2,52783.45,53710.35,0,0.0,0.0,0.0,0.0,-0.01,-1,-1,-0.01,-1,-1,-0.01,-1,-1,-0.01,-1,-1,-0.01,-1,-1,-0.01,-1,-1,-0.01,-1,-1,-0.01,-1,-1,-0.01,-1,-1,-0.01,-1,-1
99926009,2026-05-18 14:43:36+05:30,53446.05,0,0.0,0,0.0,0.0,53282.15,53619.2,52783.45,53710.35,0,0.0,0.0,0.0,0.0,-0.01,-1,-1,-0.01,-1,-1,-0.01,-1,-1,-0.01,-1,-1,-0.01,-1,-1,-0.01,-1,-1,-0.01,-1,-1,-0.01,-1,-1,-0.01,-1,-1,-0.01,-1,-1
99926009,2026-05-18 14:43:37+05:30,53447.4,0,0.0,0,0.0,0.0,53282.15,53619.2,52783.45,53710.35,0,0.0,0.0,0.0,0.0,-0.01,-1,-1,-0.01,-1,-1,-0.01,-1,-1,-0.01,-1,-1,-0.01,-1,-1,-0.01,-1,-1,-0.01,-1,-1,-0.01,-1,-1,-0.01,-1,-1,-0.01,-1,-1
99926009,2026-05-18 14:43:37+05:30,53447.55,0,0.0,0,0.0,0.0,53282.15,53619.2,52783.45,53710.35,0,0.0,0.0,0.0,0.0,-0.01,-1,-1,-0.01,-1,-1,-0.01,-1,-1,-0.01,-1,-1,-0.01,-1,-1,-0.01,-1,-1,-0.01,-1,-1,-0.01,-1,-1,-0.01,-1,-1,-0.01,-1,-1
99926009,2026-05-18 14:43:38+05:30,53448.2,0,0.0,0,0.0,0.0,53282.15,53619.2,52783.45,53710.35,0,0.0,0.0,0.0,0.0,-0.01,-1,-1,-0.01,-1,-1,-0.01,-1,-1,-0.01,-1,-1,-0.01,-1,-1,-0.01,-1,-1,-0.01,-1,-1,-0.01,-1,-1,-0.01,-1,-1,-0.01,-1,-1
99926009,2026-05-18 14:43:38+05:30,53447.6,0,0.0,0,0.0,0.0,53282.15,53619.2,52783.45,53710.35,0,0.0,0.0,0.0,0.0,-0.01,-1,-1,-0.01,-1,-1,-0.01,-1,-1,-0.01,-1,-1,-0.01,-1,-1,-0.01,-1,-1,-0.01,-1,-1,-0.01,-1,-1,-0.01,-1,-1,-0.01,-1,-1
99926009,2026-05-18 14:43:39+05:30,53446.75,0,0.0,0,0.0,0.0,53282.15,53619.2,52783.45,53710.35,0,0.0,0.0,0.0,0.0,-0.01,-1,-1,-0.01,-1,-1,-0.01,-1,-1,-0.01,-1,-1,-0.01,-1,-1,-0.01,-1,-1,-0.01,-1,-1,-0.01,-1,-1,-0.01,-1,-1,-0.01,-1,-1
99926009,2026-05-18 14:43:39+05:30,53450.45,0,0.0,0,0.0,0.0,53282.15,53619.2,52783.45,53710.35,0,0.0,0.0,0.0,0.0,-0.01,-1,-1,-0.01,-1,-1,-0.01,-1,-1,-0.01,-1,-1,-0.01,-1,-1,-0.01,-1,-1,-0.01,-1,-1,-0.01,-1,-1,-0.01,-1,-1,-0.01,-1,-1
99926009,2026-05-18 14:43:40+05:30,53448.3,0,0.0,0,0.0,0.0,53282.15,53619.2,52783.45,53710.35,0,0.0,0.0,0.0,0.0,-0.01,-1,-1,-0.01,-1,-1,-0.01,-1,-1,-0.01,-1,-1,-0.01,-1,-1,-0.01,-1,-1,-0.01,-1,-1,-0.01,-1,-1,-0.01,-1,-1,-0.01,-1,-1
99926009,2026-05-18 14:43:40+05:30,53449.85,0,0.0,0,0.0,0.0,53282.15,53619.2,52783.45,53710.35,0,0.0,0.0,0.0,0.0,-0.01,-1,-1,-0.01,-1,-1,-0.01,-1,-1,-0.01,-1,-1,-0.01,-1,-1,-0.01,-1,-1,-0.01,-1,-1,-0.01,-1,-1,-0.01,-1,-1,-0.01,-1,-1
99926009,2026-05-18 14:43:41+05:30,53448.7,0,0.0,0,0.0,0.0,53282.15,53619.2,52783.45,53710.35,0,0.0,0.0,0.0,0.0,-0.01,-1,-1,-0.01,-1,-1,-0.01,-1,-1,-0.01,-1,-1,-0.01,-1,-1,-0.01,-1,-1,-0.01,-1,-1,-0.01,-1,-1,-0.01,-1,-1,-0.01,-1,-1
99926009,2026-05-18 14:43:41+05:30,53447.65,0,0.0,0,0.0,0.0,53282.15,53619.2,52783.45,53710.35,0,0.0,0.0,0.0,0.0,-0.01,-1,-1,-0.01,-1,-1,-0.01,-1,-1,-0.01,-1,-1,-0.01,-1,-1,-0.01,-1,-1,-0.01,-1,-1,-0.01,-1,-1,-0.01,-1,-1,-0.01,-1,-1
99926009,2026-05-18 14:43:42+05:30,53448.3,0,0.0,0,0.0,0.0,53282.15,53619.2,52783.45,53710.35,0,0.0,0.0,0.0,0.0,-0.01,-1,-1,-0.01,-1,-1,-0.01,-1,-1,-0.01,-1,-1,-0.01,-1,-1,-0.01,-1,-1,-0.01,-1,-1,-0.01,-1,-1,-0.01,-1,-1,-0.01,-1,-1
99926009,2026-05-18 14:43:42+05:30,53448.45,0,0.0,0,0.0,0.0,53282.15,53619.2,52783.45,53710.35,0,0.0,0.0,0.0,0.0,-0.01,-1,-1,-0.01,-1,-1,-0.01,-1,-1,-0.01,-1,-1,-0.01,-1,-1,-0.01,-1,-1,-0.01,-1,-1,-0.01,-1,-1,-0.01,-1,-1,-0.01,-1,-1
99926009,2026-05-18 14:43:43+05:30,53449.8,0,0.0,0,0.0,0.0,53282.15,53619.2,52783.45,53710.35,0,0.0,0.0,0.0,0.0,-0.01,-1,-1,-0.01,-1,-1,-0.01,-1,-1,-0.01,-1,-1,-0.01,-1,-1,-0.01,-1,-1,-0.01,-1,-1,-0.01,-1,-1,-0.01,-1,-1,-0.01,-1,-1
99926009,2026-05-18 14:43:43+05:30,53446.8,0,0.0,0,0.0,0.0,53282.15,53619.2,52783.45,53710.35,0,0.0,0.0,0.0,0.0,-0.01,-1,-1,-0.01,-1,-1,-0.01,-1,-1,-0.01,-1,-1,-0.01,-1,-1,-0.01,-1,-1,-0.01,-1,-1,-0.01,-1,-1,-0.01,-1,-1,-0.01,-1,-1
99926009,2026-05-18 14:43:44+05:30,53445.4,0,0.0,0,0.0,0.0,53282.15,53619.2,52783.45,53710.35,0,0.0,0.0,0.0,0.0,-0.01,-1,-1,-0.01,-1,-1,-0.01,-1,-1,-0.01,-1,-1,-0.01,-1,-1,-0.01,-1,-1,-0.01,-1,-1,-0.01,-1,-1,-0.01,-1,-1,-0.01,-1,-1
99926009,2026-05-18 14:43:44+05:30,53447.25,0,0.0,0,0.0,0.0,53282.15,53619.2,52783.45,53710.35,0,0.0,0.0,0.0,0.0,-0.01,-1,-1,-0.01,-1,-1,-0.01,-1,-1,-0.01,-1,-1,-0.01,-1,-1,-0.01,-1,-1,-0.01,-1,-1,-0.01,-1,-1,-0.01,-1,-1,-0.01,-1,-1
99926009,2026-05-18 14:43:45+05:30,53448.55,0,0.0,0,0.0,0.0,53282.15,53619.2,52783.45,53710.35,0,0.0,0.0,0.0,0.0,-0.01,-1,-1,-0.01,-1,-1,-0.01,-1,-1,-0.01,-1,-1,-0.01,-1,-1,-0.01,-1,-1,-0.01,-1,-1,-0.01,-1,-1,-0.01,-1,-1,-0.01,-1,-1
99926009,2026-05-18 14:43:45+05:30,53447.8,0,0.0,0,0.0,0.0,53282.15,53619.2,52783.45,53710.35,0,0.0,0.0,0.0,0.0,-0.01,-1,-1,-0.01,-1,-1,-0.01,-1,-1,-0.01,-1,-1,-0.01,-1,-1,-0.01,-1,-1,-0.01,-1,-1,-0.01,-1,-1,-0.01,-1,-1,-0.01,-1,-1
99926009,2026-05-18 14:43:46+05:30,53447.9,0,0.0,0,0.0,0.0,53282.15,53619.2,52783.45,53710.35,0,0.0,0.0,0.0,0.0,-0.01,-1,-1,-0.01,-1,-1,-0.01,-1,-1,-0.01,-1,-1,-0.01,-1,-1,-0.01,-1,-1,-0.01,-1,-1,-0.01,-1,-1,-0.01,-1,-1,-0.01,-1,-1
99926009,2026-05-18 14:43:46+05:30,53449.3,0,0.0,0,0.0,0.0,53282.15,53619.2,52783.45,53710.35,0,0.0,0.0,0.0,0.0,-0.01,-1,-1,-0.01,-1,-1,-0.01,-1,-1,-0.01,-1,-1,-0.01,-1,-1,-0.01,-1,-1,-0.01,-1,-1,-0.01,-1,-1,-0.01,-1,-1,-0.01,-1,-1
99926009,2026-05-18 14:43:47+05:30,53448.9,0,0.0,0,0.0,0.0,53282.15,53619.2,52783.45,53710.35,0,0.0,0.0,0.0,0.0,-0.01,-1,-1,-0.01,-1,-1,-0.01,-1,-1,-0.01,-1,-1,-0.01,-1,-1,-0.01,-1,-1,-0.01,-1,-1,-0.01,-1,-1,-0.01,-1,-1,-0.01,-1,-1
99926009,2026-05-18 14:43:47+05:30,53449.6,0,0.0,0,0.0,0.0,53282.15,53619.2,52783.45,53710.35,0,0.0,0.0,0.0,0.0,-0.01,-1,-1,-0.01,-1,-1,-0.01,-1,-1,-0.01,-1,-1,-0.01,-1,-1,-0.01,-1,-1,-0.01,-1,-1,-0.01,-1,-1,-0.01,-1,-1,-0.01,-1,-1
99926009,2026-05-18 14:43:48+05:30,53445.95,0,0.0,0,0.0,0.0,53282.15,53619.2,52783.45,53710.35,0,0.0,0.0,0.0,0.0,-0.01,-1,-1,-0.01,-1,-1,-0.01,-1,-1,-0.01,-1,-1,-0.01,-1,-1,-0.01,-1,-1,-0.01,-1,-1,-0.01,-1,-1,-0.01,-1,-1,-0.01,-1,-1
99926009,2026-05-18 14:43:48+05:30,53447.85,0,0.0,0,0.0,0.0,53282.15,53619.2,52783.45,53710.35,0,0.0,0.0,0.0,0.0,-0.01,-1,-1,-0.01,-1,-1,-0.01,-1,-1,-0.01,-1,-1,-0.01,-1,-1,-0.01,-1,-1,-0.01,-1,-1,-0.01,-1,-1,-0.01,-1,-1,-0.01,-1,-1
99926009,2026-05-18 14:43:49+05:30,53445.5,0,0.0,0,0.0,0.0,53282.15,53619.2,52783.45,53710.35,0,0.0,0.0,0.0,0.0,-0.01,-1,-1,-0.01,-1,-1,-0.01,-1,-1,-0.01,-1,-1,-0.01,-1,-1,-0.01,-1,-1,-0.01,-1,-1,-0.01,-1,-1,-0.01,-1,-1,-0.01,-1,-1
99926009,2026-05-18 14:43:49+05:30,53448.85,0,0.0,0,0.0,0.0,53282.15,53619.2,52783.45,53710.35,0,0.0,0.0,0.0,0.0,-0.01,-1,-1,-0.01,-1,-1,-0.01,-1,-1,-0.01,-1,-1,-0.01,-1,-1,-0.01,-1,-1,-0.01,-1,-1,-0.01,-1,-1,-0.01,-1,-1,-0.01,-1,-1
99926009,2026-05-18 14:43:50+05:30,53446.05,0,0.0,0,0.0,0.0,53282.15,53619.2,52783.45,53710.35,0,0.0,0.0,0.0,0.0,-0.01,-1,-1,-0.01,-1,-1,-0.01,-1,-1,-0.01,-1,-1,-0.01,-1,-1,-0.01,-1,-1,-0.01,-1,-1,-0.01,-1,-1,-0.01,-1,-1,-0.01,-1,-1
99926009,2026-05-18 14:43:50+05:30,53446.1,0,0.0,0,0.0,0.0,53282.15,53619.2,52783.45,53710.35,0,0.0,0.0,0.0,0.0,-0.01,-1,-1,-0.01,-1,-1,-0.01,-1,-1,-0.01,-1,-1,-0.01,-1,-1,-0.01,-1,-1,-0.01,-1,-1,-0.01,-1,-1,-0.01,-1,-1,-0.01,-1,-1
99926009,2026-05-18 14:43:51+05:30,53444.85,0,0.0,0,0.0,0.0,53282.15,53619.2,52783.45,53710.35,0,0.0,0.0,0.0,0.0,-0.01,-1,-1,-0.01,-1,-1,-0.01,-1,-1,-0.01,-1,-1,-0.01,-1,-1,-0.01,-1,-1,-0.01,-1,-1,-0.01,-1,-1,-0.01,-1,-1,-0.01,-1,-1
99926009,2026-05-18 14:43:51+05:30,53446.95,0,0.0,0,0.0,0.0,53282.15,53619.2,52783.45,53710.35,0,0.0,0.0,0.0,0.0,-0.01,-1,-1,-0.01,-1,-1,-0.01,-1,-1,-0.01,-1,-1,-0.01,-1,-1,-0.01,-1,-1,-0.01,-1,-1,-0.01,-1,-1,-0.01,-1,-1,-0.01,-1,-1
99926009,2026-05-18 14:43:52+05:30,53446.2,0,0.0,0,0.0,0.0,53282.15,53619.2,52783.45,53710.35,0,0.0,0.0,0.0,0.0,-0.01,-1,-1,-0.01,-1,-1,-0.01,-1,-1,-0.01,-1,-1,-0.01,-1,-1,-0.01,-1,-1,-0.01,-1,-1,-0.01,-1,-1,-0.01,-1,-1,-0.01,-1,-1
99926009,2026-05-18 14:43:52+05:30,53445.0,0,0.0,0,0.0,0.0,53282.15,53619.2,52783.45,53710.35,0,0.0,0.0,0.0,0.0,-0.01,-1,-1,-0.01,-1,-1,-0.01,-1,-1,-0.01,-1,-1,-0.01,-1,-1,-0.01,-1,-1,-0.01,-1,-1,-0.01,-1,-1,-0.01,-1,-1,-0.01,-1,-1
99926009,2026-05-18 14:43:53+05:30,53446.05,0,0.0,0,0.0,0.0,53282.15,53619.2,52783.45,53710.35,0,0.0,0.0,0.0,0.0,-0.01,-1,-1,-0.01,-1,-1,-0.01,-1,-1,-0.01,-1,-1,-0.01,-1,-1,-0.01,-1,-1,-0.01,-1,-1,-0.01,-1,-1,-0.01,-1,-1,-0.01,-1,-1
99926009,2026-05-18 14:43:53+05:30,53445.2,0,0.0,0,0.0,0.0,53282.15,53619.2,52783.45,53710.35,0,0.0,0.0,0.0,0.0,-0.01,-1,-1,-0.01,-1,-1,-0.01,-1,-1,-0.01,-1,-1,-0.01,-1,-1,-0.01,-1,-1,-0.01,-1,-1,-0.01,-1,-1,-0.01,-1,-1,-0.01,-1,-1
99926009,2026-05-18 14:43:54+05:30,53444.65,0,0.0,0,0.0,0.0,53282.15,53619.2,52783.45,53710.35,0,0.0,0.0,0.0,0.0,-0.01,-1,-1,-0.01,-1,-1,-0.01,-1,-1,-0.01,-1,-1,-0.01,-1,-1,-0.01,-1,-1,-0.01,-1,-1,-0.01,-1,-1,-0.01,-1,-1,-0.01,-1,-1
99926009,2026-05-18 14:43:54+05:30,53445.7,0,0.0,0,0.0,0.0,53282.15,53619.2,52783.45,53710.35,0,0.0,0.0,0.0,0.0,-0.01,-1,-1,-0.01,-1,-1,-0.01,-1,-1,-0.01,-1,-1,-0.01,-1,-1,-0.01,-1,-1,-0.01,-1,-1,-0.01,-1,-1,-0.01,-1,-1,-0.01,-1,-1
99926009,2026-05-18 14:43:55+05:30,53446.25,0,0.0,0,0.0,0.0,53282.15,53619.2,52783.45,53710.35,0,0.0,0.0,0.0,0.0,-0.01,-1,-1,-0.01,-1,-1,-0.01,-1,-1,-0.01,-1,-1,-0.01,-1,-1,-0.01,-1,-1,-0.01,-1,-1,-0.01,-1,-1,-0.01,-1,-1,-0.01,-1,-1
99926009,2026-05-18 14:43:55+05:30,53448.0,0,0.0,0,0.0,0.0,53282.15,53619.2,52783.45,53710.35,0,0.0,0.0,0.0,0.0,-0.01,-1,-1,-0.01,-1,-1,-0.01,-1,-1,-0.01,-1,-1,-0.01,-1,-1,-0.01,-1,-1,-0.01,-1,-1,-0.01,-1,-1,-0.01,-1,-1,-0.01,-1,-1
99926009,2026-05-18 14:43:56+05:30,53447.65,0,0.0,0,0.0,0.0,53282.15,53619.2,52783.45,53710.35,0,0.0,0.0,0.0,0.0,-0.01,-1,-1,-0.01,-1,-1,-0.01,-1,-1,-0.01,-1,-1,-0.01,-1,-1,-0.01,-1,-1,-0.01,-1,-1,-0.01,-1,-1,-0.01,-1,-1,-0.01,-1,-1
99926009,2026-05-18 14:43:56+05:30,53447.75,0,0.0,0,0.0,0.0,53282.15,53619.2,52783.45,53710.35,0,0.0,0.0,0.0,0.0,-0.01,-1,-1,-0.01,-1,-1,-0.01,-1,-1,-0.01,-1,-1,-0.01,-1,-1,-0.01,-1,-1,-0.01,-1,-1,-0.01,-1,-1,-0.01,-1,-1,-0.01,-1,-1
99926009,2026-05-18 14:43:57+05:30,53446.5,0,0.0,0,0.0,0.0,53282.15,53619.2,52783.45,53710.35,0,0.0,0.0,0.0,0.0,-0.01,-1,-1,-0.01,-1,-1,-0.01,-1,-1,-0.01,-1,-1,-0.01,-1,-1,-0.01,-1,-1,-0.01,-1,-1,-0.01,-1,-1,-0.01,-1,-1,-0.01,-1,-1
99926009,2026-05-18 14:43:57+05:30,53449.15,0,0.0,0,0.0,0.0,53282.15,53619.2,52783.45,53710.35,0,0.0,0.0,0.0,0.0,-0.01,-1,-1,-0.01,-1,-1,-0.01,-1,-1,-0.01,-1,-1,-0.01,-1,-1,-0.01,-1,-1,-0.01,-1,-1,-0.01,-1,-1,-0.01,-1,-1,-0.01,-1,-1
99926009,2026-05-18 14:43:58+05:30,53451.55,0,0.0,0,0.0,0.0,53282.15,53619.2,52783.45,53710.35,0,0.0,0.0,0.0,0.0,-0.01,-1,-1,-0.01,-1,-1,-0.01,-1,-1,-0.01,-1,-1,-0.01,-1,-1,-0.01,-1,-1,-0.01,-1,-1,-0.01,-1,-1,-0.01,-1,-1,-0.01,-1,-1
99926009,2026-05-18 14:43:58+05:30,53451.55,0,0.0,0,0.0,0.0,53282.15,53619.2,52783.45,53710.35,0,0.0,0.0,0.0,0.0,-0.01,-1,-1,-0.01,-1,-1,-0.01,-1,-1,-0.01,-1,-1,-0.01,-1,-1,-0.01,-1,-1,-0.01,-1,-1,-0.01,-1,-1,-0.01,-1,-1,-0.01,-1,-1
99926009,2026-05-18 14:43:59+05:30,53451.4,0,0.0,0,0.0,0.0,53282.15,53619.2,52783.45,53710.35,0,0.0,0.0,0.0,0.0,-0.01,-1,-1,-0.01,-1,-1,-0.01,-1,-1,-0.01,-1,-1,-0.01,-1,-1,-0.01,-1,-1,-0.01,-1,-1,-0.01,-1,-1,-0.01,-1,-1,-0.01,-1,-1
99926009,2026-05-18 14:43:59+05:30,53448.25,0,0.0,0,0.0,0.0,53282.15,53619.2,52783.45,53710.35,0,0.0,0.0,0.0,0.0,-0.01,-1,-1,-0.01,-1,-1,-0.01,-1,-1,-0.01,-1,-1,-0.01,-1,-1,-0.01,-1,-1,-0.01,-1,-1,-0.01,-1,-1,-0.01,-1,-1,-0.01,-1,-1
99926009,2026-05-18 14:44:00+05:30,53450.75,0,0.0,0,0.0,0.0,53282.15,53619.2,52783.45,53710.35,0,0.0,0.0,0.0,0.0,-0.01,-1,-1,-0.01,-1,-1,-0.01,-1,-1,-0.01,-1,-1,-0.01,-1,-1,-0.01,-1,-1,-0.01,-1,-1,-0.01,-1,-1,-0.01,-1,-1,-0.01,-1,-1
99926009,2026-05-18 14:44:00+05:30,53452.7,0,0.0,0,0.0,0.0,53282.15,53619.2,52783.45,53710.35,0,0.0,0.0,0.0,0.0,-0.01,-1,-1,-0.01,-1,-1,-0.01,-1,-1,-0.01,-1,-1,-0.01,-1,-1,-0.01,-1,-1,-0.01,-1,-1,-0.01,-1,-1,-0.01,-1,-1,-0.01,-1,-1
99926009,2026-05-18 14:44:01+05:30,53449.35,0,0.0,0,0.0,0.0,53282.15,53619.2,52783.45,53710.35,0,0.0,0.0,0.0,0.0,-0.01,-1,-1,-0.01,-1,-1,-0.01,-1,-1,-0.01,-1,-1,-0.01,-1,-1,-0.01,-1,-1,-0.01,-1,-1,-0.01,-1,-1,-0.01,-1,-1,-0.01,-1,-1
99926009,2026-05-18 14:44:01+05:30,53449.8,0,0.0,0,0.0,0.0,53282.15,53619.2,52783.45,53710.35,0,0.0,0.0,0.0,0.0,-0.01,-1,-1,-0.01,-1,-1,-0.01,-1,-1,-0.01,-1,-1,-0.01,-1,-1,-0.01,-1,-1,-0.01,-1,-1,-0.01,-1,-1,-0.01,-1,-1,-0.01,-1,-1
99926009,2026-05-18 14:44:02+05:30,53453.45,0,0.0,0,0.0,0.0,53282.15,53619.2,52783.45,53710.35,0,0.0,0.0,0.0,0.0,-0.01,-1,-1,-0.01,-1,-1,-0.01,-1,-1,-0.01,-1,-1,-0.01,-1,-1,-0.01,-1,-1,-0.01,-1,-1,-0.01,-1,-1,-0.01,-1,-1,-0.01,-1,-1
99926009,2026-05-18 14:44:02+05:30,53453.45,0,0.0,0,0.0,0.0,53282.15,53619.2,52783.45,53710.35,0,0.0,0.0,0.0,0.0,-0.01,-1,-1,-0.01,-1,-1,-0.01,-1,-1,-0.01,-1,-1,-0.01,-1,-1,-0.01,-1,-1,-0.01,-1,-1,-0.01,-1,-1,-0.01,-1,-1,-0.01,-1,-1
99926009,2026-05-18 14:44:03+05:30,53455.65,0,0.0,0,0.0,0.0,53282.15,53619.2,52783.45,53710.35,0,0.0,0.0,0.0,0.0,-0.01,-1,-1,-0.01,-1,-1,-0.01,-1,-1,-0.01,-1,-1,-0.01,-1,-1,-0.01,-1,-1,-0.01,-1,-1,-0.01,-1,-1,-0.01,-1,-1,-0.01,-1,-1
99926009,2026-05-18 14:44:03+05:30,53455.2,0,0.0,0,0.0,0.0,53282.15,53619.2,52783.45,53710.35,0,0.0,0.0,0.0,0.0,-0.01,-1,-1,-0.01,-1,-1,-0.01,-1,-1,-0.01,-1,-1,-0.01,-1,-1,-0.01,-1,-1,-0.01,-1,-1,-0.01,-1,-1,-0.01,-1,-1,-0.01,-1,-1
99926009,2026-05-18 14:44:04+05:30,53454.45,0,0.0,0,0.0,0.0,53282.15,53619.2,52783.45,53710.35,0,0.0,0.0,0.0,0.0,-0.01,-1,-1,-0.01,-1,-1,-0.01,-1,-1,-0.01,-1,-1,-0.01,-1,-1,-0.01,-1,-1,-0.01,-1,-1,-0.01,-1,-1,-0.01,-1,-1,-0.01,-1,-1
99926009,2026-05-18 14:44:04+05:30,53454.8,0,0.0,0,0.0,0.0,53282.15,53619.2,52783.45,53710.35,0,0.0,0.0,0.0,0.0,-0.01,-1,-1,-0.01,-1,-1,-0.01,-1,-1,-0.01,-1,-1,-0.01,-1,-1,-0.01,-1,-1,-0.01,-1,-1,-0.01,-1,-1,-0.01,-1,-1,-0.01,-1,-1
99926009,2026-05-18 14:44:05+05:30,53455.3,0,0.0,0,0.0,0.0,53282.15,53619.2,52783.45,53710.35,0,0.0,0.0,0.0,0.0,-0.01,-1,-1,-0.01,-1,-1,-0.01,-1,-1,-0.01,-1,-1,-0.01,-1,-1,-0.01,-1,-1,-0.01,-1,-1,-0.01,-1,-1,-0.01,-1,-1,-0.01,-1,-1
99926009,2026-05-18 14:44:05+05:30,53454.85,0,0.0,0,0.0,0.0,53282.15,53619.2,52783.45,53710.35,0,0.0,0.0,0.0,0.0,-0.01,-1,-1,-0.01,-1,-1,-0.01,-1,-1,-0.01,-1,-1,-0.01,-1,-1,-0.01,-1,-1,-0.01,-1,-1,-0.01,-1,-1,-0.01,-1,-1,-0.01,-1,-1
99926009,2026-05-18 14:44:06+05:30,53455.3,0,0.0,0,0.0,0.0,53282.15,53619.2,52783.45,53710.35,0,0.0,0.0,0.0,0.0,-0.01,-1,-1,-0.01,-1,-1,-0.01,-1,-1,-0.01,-1,-1,-0.01,-1,-1,-0.01,-1,-1,-0.01,-1,-1,-0.01,-1,-1,-0.01,-1,-1,-0.01,-1,-1
99926009,2026-05-18 14:44:06+05:30,53459.45,0,0.0,0,0.0,0.0,53282.15,53619.2,52783.45,53710.35,0,0.0,0.0,0.0,0.0,-0.01,-1,-1,-0.01,-1,-1,-0.01,-1,-1,-0.01,-1,-1,-0.01,-1,-1,-0.01,-1,-1,-0.01,-1,-1,-0.01,-1,-1,-0.01,-1,-1,-0.01,-1,-1
99926009,2026-05-18 14:44:07+05:30,53456.6,0,0.0,0,0.0,0.0,53282.15,53619.2,52783.45,53710.35,0,0.0,0.0,0.0,0.0,-0.01,-1,-1,-0.01,-1,-1,-0.01,-1,-1,-0.01,-1,-1,-0.01,-1,-1,-0.01,-1,-1,-0.01,-1,-1,-0.01,-1,-1,-0.01,-1,-1,-0.01,-1,-1
99926009,2026-05-18 14:44:07+05:30,53460.35,0,0.0,0,0.0,0.0,53282.15,53619.2,52783.45,53710.35,0,0.0,0.0,0.0,0.0,-0.01,-1,-1,-0.01,-1,-1,-0.01,-1,-1,-0.01,-1,-1,-0.01,-1,-1,-0.01,-1,-1,-0.01,-1,-1,-0.01,-1,-1,-0.01,-1,-1,-0.01,-1,-1
99926009,2026-05-18 14:44:08+05:30,53458.45,0,0.0,0,0.0,0.0,53282.15,53619.2,52783.45,53710.35,0,0.0,0.0,0.0,0.0,-0.01,-1,-1,-0.01,-1,-1,-0.01,-1,-1,-0.01,-1,-1,-0.01,-1,-1,-0.01,-1,-1,-0.01,-1,-1,-0.01,-1,-1,-0.01,-1,-1,-0.01,-1,-1
99926009,2026-05-18 14:44:08+05:30,53457.2,0,0.0,0,0.0,0.0,53282.15,53619.2,52783.45,53710.35,0,0.0,0.0,0.0,0.0,-0.01,-1,-1,-0.01,-1,-1,-0.01,-1,-1,-0.01,-1,-1,-0.01,-1,-1,-0.01,-1,-1,-0.01,-1,-1,-0.01,-1,-1,-0.01,-1,-1,-0.01,-1,-1
99926009,2026-05-18 14:44:09+05:30,53461.3,0,0.0,0,0.0,0.0,53282.15,53619.2,52783.45,53710.35,0,0.0,0.0,0.0,0.0,-0.01,-1,-1,-0.01,-1,-1,-0.01,-1,-1,-0.01,-1,-1,-0.01,-1,-1,-0.01,-1,-1,-0.01,-1,-1,-0.01,-1,-1,-0.01,-1,-1,-0.01,-1,-1
99926009,2026-05-18 14:44:09+05:30,53460.4,0,0.0,0,0.0,0.0,53282.15,53619.2,52783.45,53710.35,0,0.0,0.0,0.0,0.0,-0.01,-1,-1,-0.01,-1,-1,-0.01,-1,-1,-0.01,-1,-1,-0.01,-1,-1,-0.01,-1,-1,-0.01,-1,-1,-0.01,-1,-1,-0.01,-1,-1,-0.01,-1,-1
99926009,2026-05-18 14:44:10+05:30,53456.8,0,0.0,0,0.0,0.0,53282.15,53619.2,52783.45,53710.35,0,0.0,0.0,0.0,0.0,-0.01,-1,-1,-0.01,-1,-1,-0.01,-1,-1,-0.01,-1,-1,-0.01,-1,-1,-0.01,-1,-1,-0.01,-1,-1,-0.01,-1,-1,-0.01,-1,-1,-0.01,-1,-1
99926009,2026-05-18 14:44:10+05:30,53458.6,0,0.0,0,0.0,0.0,53282.15,53619.2,52783.45,53710.35,0,0.0,0.0,0.0,0.0,-0.01,-1,-1,-0.01,-1,-1,-0.01,-1,-1,-0.01,-1,-1,-0.01,-1,-1,-0.01,-1,-1,-0.01,-1,-1,-0.01,-1,-1,-0.01,-1,-1,-0.01,-1,-1
99926009,2026-05-18 14:44:11+05:30,53459.0,0,0.0,0,0.0,0.0,53282.15,53619.2,52783.45,53710.35,0,0.0,0.0,0.0,0.0,-0.01,-1,-1,-0.01,-1,-1,-0.01,-1,-1,-0.01,-1,-1,-0.01,-1,-1,-0.01,-1,-1,-0.01,-1,-1,-0.01,-1,-1,-0.01,-1,-1,-0.01,-1,-1
99926009,2026-05-18 14:44:11+05:30,53458.85,0,0.0,0,0.0,0.0,53282.15,53619.2,52783.45,53710.35,0,0.0,0.0,0.0,0.0,-0.01,-1,-1,-0.01,-1,-1,-0.01,-1,-1,-0.01,-1,-1,-0.01,-1,-1,-0.01,-1,-1,-0.01,-1,-1,-0.01,-1,-1,-0.01,-1,-1,-0.01,-1,-1
99926009,2026-05-18 14:44:12+05:30,53455.9,0,0.0,0,0.0,0.0,53282.15,53619.2,52783.45,53710.35,0,0.0,0.0,0.0,0.0,-0.01,-1,-1,-0.01,-1,-1,-0.01,-1,-1,-0.01,-1,-1,-0.01,-1,-1,-0.01,-1,-1,-0.01,-1,-1,-0.01,-1,-1,-0.01,-1,-1,-0.01,-1,-1
99926009,2026-05-18 14:44:12+05:30,53456.55,0,0.0,0,0.0,0.0,53282.15,53619.2,52783.45,53710.35,0,0.0,0.0,0.0,0.0,-0.01,-1,-1,-0.01,-1,-1,-0.01,-1,-1,-0.01,-1,-1,-0.01,-1,-1,-0.01,-1,-1,-0.01,-1,-1,-0.01,-1,-1,-0.01,-1,-1,-0.01,-1,-1
99926009,2026-05-18 14:44:13+05:30,53459.15,0,0.0,0,0.0,0.0,53282.15,53619.2,52783.45,53710.35,0,0.0,0.0,0.0,0.0,-0.01,-1,-1,-0.01,-1,-1,-0.01,-1,-1,-0.01,-1,-1,-0.01,-1,-1,-0.01,-1,-1,-0.01,-1,-1,-0.01,-1,-1,-0.01,-1,-1,-0.01,-1,-1
99926009,2026-05-18 14:44:13+05:30,53459.65,0,0.0,0,0.0,0.0,53282.15,53619.2,52783.45,53710.35,0,0.0,0.0,0.0,0.0,-0.01,-1,-1,-0.01,-1,-1,-0.01,-1,-1,-0.01,-1,-1,-0.01,-1,-1,-0.01,-1,-1,-0.01,-1,-1,-0.01,-1,-1,-0.01,-1,-1,-0.01,-1,-1
99926009,2026-05-18 14:44:14+05:30,53459.8,0,0.0,0,0.0,0.0,53282.15,53619.2,52783.45,53710.35,0,0.0,0.0,0.0,0.0,-0.01,-1,-1,-0.01,-1,-1,-0.01,-1,-1,-0.01,-1,-1,-0.01,-1,-1,-0.01,-1,-1,-0.01,-1,-1,-0.01,-1,-1,-0.01,-1,-1,-0.01,-1,-1
99926009,2026-05-18 14:44:14+05:30,53459.9,0,0.0,0,0.0,0.0,53282.15,53619.2,52783.45,53710.35,0,0.0,0.0,0.0,0.0,-0.01,-1,-1,-0.01,-1,-1,-0.01,-1,-1,-0.01,-1,-1,-0.01,-1,-1,-0.01,-1,-1,-0.01,-1,-1,-0.01,-1,-1,-0.01,-1,-1,-0.01,-1,-1
99926009,2026-05-18 14:44:15+05:30,53458.8,0,0.0,0,0.0,0.0,53282.15,53619.2,52783.45,53710.35,0,0.0,0.0,0.0,0.0,-0.01,-1,-1,-0.01,-1,-1,-0.01,-1,-1,-0.01,-1,-1,-0.01,-1,-1,-0.01,-1,-1,-0.01,-1,-1,-0.01,-1,-1,-0.01,-1,-1,-0.01,-1,-1
99926009,2026-05-18 14:44:15+05:30,53460.3,0,0.0,0,0.0,0.0,53282.15,53619.2,52783.45,53710.35,0,0.0,0.0,0.0,0.0,-0.01,-1,-1,-0.01,-1,-1,-0.01,-1,-1,-0.01,-1,-1,-0.01,-1,-1,-0.01,-1,-1,-0.01,-1,-1,-0.01,-1,-1,-0.01,-1,-1,-0.01,-1,-1
99926009,2026-05-18 14:44:16+05:30,53459.25,0,0.0,0,0.0,0.0,53282.15,53619.2,52783.45,53710.35,0,0.0,0.0,0.0,0.0,-0.01,-1,-1,-0.01,-1,-1,-0.01,-1,-1,-0.01,-1,-1,-0.01,-1,-1,-0.01,-1,-1,-0.01,-1,-1,-0.01,-1,-1,-0.01,-1,-1,-0.01,-1,-1
99926009,2026-05-18 14:44:16+05:30,53458.5,0,0.0,0,0.0,0.0,53282.15,53619.2,52783.45,53710.35,0,0.0,0.0,0.0,0.0,-0.01,-1,-1,-0.01,-1,-1,-0.01,-1,-1,-0.01,-1,-1,-0.01,-1,-1,-0.01,-1,-1,-0.01,-1,-1,-0.01,-1,-1,-0.01,-1,-1,-0.01,-1,-1
99926009,2026-05-18 14:44:17+05:30,53456.9,0,0.0,0,0.0,0.0,53282.15,53619.2,52783.45,53710.35,0,0.0,0.0,0.0,0.0,-0.01,-1,-1,-0.01,-1,-1,-0.01,-1,-1,-0.01,-1,-1,-0.01,-1,-1,-0.01,-1,-1,-0.01,-1,-1,-0.01,-1,-1,-0.01,-1,-1,-0.01,-1,-1
99926009,2026-05-18 14:44:17+05:30,53457.7,0,0.0,0,0.0,0.0,53282.15,53619.2,52783.45,53710.35,0,0.0,0.0,0.0,0.0,-0.01,-1,-1,-0.01,-1,-1,-0.01,-1,-1,-0.01,-1,-1,-0.01,-1,-1,-0.01,-1,-1,-0.01,-1,-1,-0.01,-1,-1,-0.01,-1,-1,-0.01,-1,-1
99926009,2026-05-18 14:44:18+05:30,53456.4,0,0.0,0,0.0,0.0,53282.15,53619.2,52783.45,53710.35,0,0.0,0.0,0.0,0.0,-0.01,-1,-1,-0.01,-1,-1,-0.01,-1,-1,-0.01,-1,-1,-0.01,-1,-1,-0.01,-1,-1,-0.01,-1,-1,-0.01,-1,-1,-0.01,-1,-1,-0.01,-1,-1
99926009,2026-05-18 14:44:18+05:30,53457.05,0,0.0,0,0.0,0.0,53282.15,53619.2,52783.45,53710.35,0,0.0,0.0,0.0,0.0,-0.01,-1,-1,-0.01,-1,-1,-0.01,-1,-1,-0.01,-1,-1,-0.01,-1,-1,-0.01,-1,-1,-0.01,-1,-1,-0.01,-1,-1,-0.01,-1,-1,-0.01,-1,-1
99926009,2026-05-18 14:44:19+05:30,53458.95,0,0.0,0,0.0,0.0,53282.15,53619.2,52783.45,53710.35,0,0.0,0.0,0.0,0.0,-0.01,-1,-1,-0.01,-1,-1,-0.01,-1,-1,-0.01,-1,-1,-0.01,-1,-1,-0.01,-1,-1,-0.01,-1,-1,-0.01,-1,-1,-0.01,-1,-1,-0.01,-1,-1
99926009,2026-05-18 14:44:19+05:30,53458.45,0,0.0,0,0.0,0.0,53282.15,53619.2,52783.45,53710.35,0,0.0,0.0,0.0,0.0,-0.01,-1,-1,-0.01,-1,-1,-0.01,-1,-1,-0.01,-1,-1,-0.01,-1,-1,-0.01,-1,-1,-0.01,-1,-1,-0.01,-1,-1,-0.01,-1,-1,-0.01,-1,-1
99926009,2026-05-18 14:44:20+05:30,53457.85,0,0.0,0,0.0,0.0,53282.15,53619.2,52783.45,53710.35,0,0.0,0.0,0.0,0.0,-0.01,-1,-1,-0.01,-1,-1,-0.01,-1,-1,-0.01,-1,-1,-0.01,-1,-1,-0.01,-1,-1,-0.01,-1,-1,-0.01,-1,-1,-0.01,-1,-1,-0.01,-1,-1
99926009,2026-05-18 14:44:20+05:30,53456.45,0,0.0,0,0.0,0.0,53282.15,53619.2,52783.45,53710.35,0,0.0,0.0,0.0,0.0,-0.01,-1,-1,-0.01,-1,-1,-0.01,-1,-1,-0.01,-1,-1,-0.01,-1,-1,-0.01,-1,-1,-0.01,-1,-1,-0.01,-1,-1,-0.01,-1,-1,-0.01,-1,-1
99926009,2026-05-18 14:44:21+05:30,53457.45,0,0.0,0,0.0,0.0,53282.15,53619.2,52783.45,53710.35,0,0.0,0.0,0.0,0.0,-0.01,-1,-1,-0.01,-1,-1,-0.01,-1,-1,-0.01,-1,-1,-0.01,-1,-1,-0.01,-1,-1,-0.01,-1,-1,-0.01,-1,-1,-0.01,-1,-1,-0.01,-1,-1
99926009,2026-05-18 14:44:21+05:30,53456.7,0,0.0,0,0.0,0.0,53282.15,53619.2,52783.45,53710.35,0,0.0,0.0,0.0,0.0,-0.01,-1,-1,-0.01,-1,-1,-0.01,-1,-1,-0.01,-1,-1,-0.01,-1,-1,-0.01,-1,-1,-0.01,-1,-1,-0.01,-1,-1,-0.01,-1,-1,-0.01,-1,-1
99926009,2026-05-18 14:44:22+05:30,53455.35,0,0.0,0,0.0,0.0,53282.15,53619.2,52783.45,53710.35,0,0.0,0.0,0.0,0.0,-0.01,-1,-1,-0.01,-1,-1,-0.01,-1,-1,-0.01,-1,-1,-0.01,-1,-1,-0.01,-1,-1,-0.01,-1,-1,-0.01,-1,-1,-0.01,-1,-1,-0.01,-1,-1
99926009,2026-05-18 14:44:22+05:30,53453.05,0,0.0,0,0.0,0.0,53282.15,53619.2,52783.45,53710.35,0,0.0,0.0,0.0,0.0,-0.01,-1,-1,-0.01,-1,-1,-0.01,-1,-1,-0.01,-1,-1,-0.01,-1,-1,-0.01,-1,-1,-0.01,-1,-1,-0.01,-1,-1,-0.01,-1,-1,-0.01,-1,-1
99926009,2026-05-18 14:44:23+05:30,53451.65,0,0.0,0,0.0,0.0,53282.15,53619.2,52783.45,53710.35,0,0.0,0.0,0.0,0.0,-0.01,-1,-1,-0.01,-1,-1,-0.01,-1,-1,-0.01,-1,-1,-0.01,-1,-1,-0.01,-1,-1,-0.01,-1,-1,-0.01,-1,-1,-0.01,-1,-1,-0.01,-1,-1
99926009,2026-05-18 14:44:23+05:30,53450.3,0,0.0,0,0.0,0.0,53282.15,53619.2,52783.45,53710.35,0,0.0,0.0,0.0,0.0,-0.01,-1,-1,-0.01,-1,-1,-0.01,-1,-1,-0.01,-1,-1,-0.01,-1,-1,-0.01,-1,-1,-0.01,-1,-1,-0.01,-1,-1,-0.01,-1,-1,-0.01,-1,-1
99926009,2026-05-18 14:44:24+05:30,53450.95,0,0.0,0,0.0,0.0,53282.15,53619.2,52783.45,53710.35,0,0.0,0.0,0.0,0.0,-0.01,-1,-1,-0.01,-1,-1,-0.01,-1,-1,-0.01,-1,-1,-0.01,-1,-1,-0.01,-1,-1,-0.01,-1,-1,-0.01,-1,-1,-0.01,-1,-1,-0.01,-1,-1
99926009,2026-05-18 14:44:24+05:30,53452.0,0,0.0,0,0.0,0.0,53282.15,53619.2,52783.45,53710.35,0,0.0,0.0,0.0,0.0,-0.01,-1,-1,-0.01,-1,-1,-0.01,-1,-1,-0.01,-1,-1,-0.01,-1,-1,-0.01,-1,-1,-0.01,-1,-1,-0.01,-1,-1,-0.01,-1,-1,-0.01,-1,-1
99926009,2026-05-18 14:44:25+05:30,53454.65,0,0.0,0,0.0,0.0,53282.15,53619.2,52783.45,53710.35,0,0.0,0.0,0.0,0.0,-0.01,-1,-1,-0.01,-1,-1,-0.01,-1,-1,-0.01,-1,-1,-0.01,-1,-1,-0.01,-1,-1,-0.01,-1,-1,-0.01,-1,-1,-0.01,-1,-1,-0.01,-1,-1
99926009,2026-05-18 14:44:25+05:30,53454.4,0,0.0,0,0.0,0.0,53282.15,53619.2,52783.45,53710.35,0,0.0,0.0,0.0,0.0,-0.01,-1,-1,-0.01,-1,-1,-0.01,-1,-1,-0.01,-1,-1,-0.01,-1,-1,-0.01,-1,-1,-0.01,-1,-1,-0.01,-1,-1,-0.01,-1,-1,-0.01,-1,-1
99926009,2026-05-18 14:44:26+05:30,53453.65,0,0.0,0,0.0,0.0,53282.15,53619.2,52783.45,53710.35,0,0.0,0.0,0.0,0.0,-0.01,-1,-1,-0.01,-1,-1,-0.01,-1,-1,-0.01,-1,-1,-0.01,-1,-1,-0.01,-1,-1,-0.01,-1,-1,-0.01,-1,-1,-0.01,-1,-1,-0.01,-1,-1
99926009,2026-05-18 14:44:26+05:30,53451.05,0,0.0,0,0.0,0.0,53282.15,53619.2,52783.45,53710.35,0,0.0,0.0,0.0,0.0,-0.01,-1,-1,-0.01,-1,-1,-0.01,-1,-1,-0.01,-1,-1,-0.01,-1,-1,-0.01,-1,-1,-0.01,-1,-1,-0.01,-1,-1,-0.01,-1,-1,-0.01,-1,-1
99926009,2026-05-18 14:44:27+05:30,53451.15,0,0.0,0,0.0,0.0,53282.15,53619.2,52783.45,53710.35,0,0.0,0.0,0.0,0.0,-0.01,-1,-1,-0.01,-1,-1,-0.01,-1,-1,-0.01,-1,-1,-0.01,-1,-1,-0.01,-1,-1,-0.01,-1,-1,-0.01,-1,-1,-0.01,-1,-1,-0.01,-1,-1
99926009,2026-05-18 14:44:27+05:30,53453.9,0,0.0,0,0.0,0.0,53282.15,53619.2,52783.45,53710.35,0,0.0,0.0,0.0,0.0,-0.01,-1,-1,-0.01,-1,-1,-0.01,-1,-1,-0.01,-1,-1,-0.01,-1,-1,-0.01,-1,-1,-0.01,-1,-1,-0.01,-1,-1,-0.01,-1,-1,-0.01,-1,-1
99926009,2026-05-18 14:44:28+05:30,53454.65,0,0.0,0,0.0,0.0,53282.15,53619.2,52783.45,53710.35,0,0.0,0.0,0.0,0.0,-0.01,-1,-1,-0.01,-1,-1,-0.01,-1,-1,-0.01,-1,-1,-0.01,-1,-1,-0.01,-1,-1,-0.01,-1,-1,-0.01,-1,-1,-0.01,-1,-1,-0.01,-1,-1
99926009,2026-05-18 14:44:28+05:30,53454.85,0,0.0,0,0.0,0.0,53282.15,53619.2,52783.45,53710.35,0,0.0,0.0,0.0,0.0,-0.01,-1,-1,-0.01,-1,-1,-0.01,-1,-1,-0.01,-1,-1,-0.01,-1,-1,-0.01,-1,-1,-0.01,-1,-1,-0.01,-1,-1,-0.01,-1,-1,-0.01,-1,-1
99926009,2026-05-18 14:44:29+05:30,53454.0,0,0.0,0,0.0,0.0,53282.15,53619.2,52783.45,53710.35,0,0.0,0.0,0.0,0.0,-0.01,-1,-1,-0.01,-1,-1,-0.01,-1,-1,-0.01,-1,-1,-0.01,-1,-1,-0.01,-1,-1,-0.01,-1,-1,-0.01,-1,-1,-0.01,-1,-1,-0.01,-1,-1
99926009,2026-05-18 14:44:29+05:30,53454.0,0,0.0,0,0.0,0.0,53282.15,53619.2,52783.45,53710.35,0,0.0,0.0,0.0,0.0,-0.01,-1,-1,-0.01,-1,-1,-0.01,-1,-1,-0.01,-1,-1,-0.01,-1,-1,-0.01,-1,-1,-0.01,-1,-1,-0.01,-1,-1,-0.01,-1,-1,-0.01,-1,-1
99926009,2026-05-18 14:44:30+05:30,53452.8,0,0.0,0,0.0,0.0,53282.15,53619.2,52783.45,53710.35,0,0.0,0.0,0.0,0.0,-0.01,-1,-1,-0.01,-1,-1,-0.01,-1,-1,-0.01,-1,-1,-0.01,-1,-1,-0.01,-1,-1,-0.01,-1,-1,-0.01,-1,-1,-0.01,-1,-1,-0.01,-1,-1
99926009,2026-05-18 14:44:30+05:30,53454.25,0,0.0,0,0.0,0.0,53282.15,53619.2,52783.45,53710.35,0,0.0,0.0,0.0,0.0,-0.01,-1,-1,-0.01,-1,-1,-0.01,-1,-1,-0.01,-1,-1,-0.01,-1,-1,-0.01,-1,-1,-0.01,-1,-1,-0.01,-1,-1,-0.01,-1,-1,-0.01,-1,-1
99926009,2026-05-18 14:44:31+05:30,53454.1,0,0.0,0,0.0,0.0,53282.15,53619.2,52783.45,53710.35,0,0.0,0.0,0.0,0.0,-0.01,-1,-1,-0.01,-1,-1,-0.01,-1,-1,-0.01,-1,-1,-0.01,-1,-1,-0.01,-1,-1,-0.01,-1,-1,-0.01,-1,-1,-0.01,-1,-1,-0.01,-1,-1
99926009,2026-05-18 14:44:31+05:30,53452.35,0,0.0,0,0.0,0.0,53282.15,53619.2,52783.45,53710.35,0,0.0,0.0,0.0,0.0,-0.01,-1,-1,-0.01,-1,-1,-0.01,-1,-1,-0.01,-1,-1,-0.01,-1,-1,-0.01,-1,-1,-0.01,-1,-1,-0.01,-1,-1,-0.01,-1,-1,-0.01,-1,-1
99926009,2026-05-18 14:44:32+05:30,53453.1,0,0.0,0,0.0,0.0,53282.15,53619.2,52783.45,53710.35,0,0.0,0.0,0.0,0.0,-0.01,-1,-1,-0.01,-1,-1,-0.01,-1,-1,-0.01,-1,-1,-0.01,-1,-1,-0.01,-1,-1,-0.01,-1,-1,-0.01,-1,-1,-0.01,-1,-1,-0.01,-1,-1
99926009,2026-05-18 14:44:32+05:30,53449.2,0,0.0,0,0.0,0.0,53282.15,53619.2,52783.45,53710.35,0,0.0,0.0,0.0,0.0,-0.01,-1,-1,-0.01,-1,-1,-0.01,-1,-1,-0.01,-1,-1,-0.01,-1,-1,-0.01,-1,-1,-0.01,-1,-1,-0.01,-1,-1,-0.01,-1,-1,-0.01,-1,-1
99926009,2026-05-18 14:44:33+05:30,53448.5,0,0.0,0,0.0,0.0,53282.15,53619.2,52783.45,53710.35,0,0.0,0.0,0.0,0.0,-0.01,-1,-1,-0.01,-1,-1,-0.01,-1,-1,-0.01,-1,-1,-0.01,-1,-1,-0.01,-1,-1,-0.01,-1,-1,-0.01,-1,-1,-0.01,-1,-1,-0.01,-1,-1
99926009,2026-05-18 14:44:33+05:30,53446.95,0,0.0,0,0.0,0.0,53282.15,53619.2,52783.45,53710.35,0,0.0,0.0,0.0,0.0,-0.01,-1,-1,-0.01,-1,-1,-0.01,-1,-1,-0.01,-1,-1,-0.01,-1,-1,-0.01,-1,-1,-0.01,-1,-1,-0.01,-1,-1,-0.01,-1,-1,-0.01,-1,-1
99926009,2026-05-18 14:44:34+05:30,53448.45,0,0.0,0,0.0,0.0,53282.15,53619.2,52783.45,53710.35,0,0.0,0.0,0.0,0.0,-0.01,-1,-1,-0.01,-1,-1,-0.01,-1,-1,-0.01,-1,-1,-0.01,-1,-1,-0.01,-1,-1,-0.01,-1,-1,-0.01,-1,-1,-0.01,-1,-1,-0.01,-1,-1
99926009,2026-05-18 14:44:34+05:30,53439.9,0,0.0,0,0.0,0.0,53282.15,53619.2,52783.45,53710.35,0,0.0,0.0,0.0,0.0,-0.01,-1,-1,-0.01,-1,-1,-0.01,-1,-1,-0.01,-1,-1,-0.01,-1,-1,-0.01,-1,-1,-0.01,-1,-1,-0.01,-1,-1,-0.01,-1,-1,-0.01,-1,-1
99926009,2026-05-18 14:44:35+05:30,53439.9,0,0.0,0,0.0,0.0,53282.15,53619.2,52783.45,53710.35,0,0.0,0.0,0.0,0.0,-0.01,-1,-1,-0.01,-1,-1,-0.01,-1,-1,-0.01,-1,-1,-0.01,-1,-1,-0.01,-1,-1,-0.01,-1,-1,-0.01,-1,-1,-0.01,-1,-1,-0.01,-1,-1
99926009,2026-05-18 14:44:35+05:30,53439.6,0,0.0,0,0.0,0.0,53282.15,53619.2,52783.45,53710.35,0,0.0,0.0,0.0,0.0,-0.01,-1,-1,-0.01,-1,-1,-0.01,-1,-1,-0.01,-1,-1,-0.01,-1,-1,-0.01,-1,-1,-0.01,-1,-1,-0.01,-1,-1,-0.01,-1,-1,-0.01,-1,-1
99926009,2026-05-18 14:44:36+05:30,53434.85,0,0.0,0,0.0,0.0,53282.15,53619.2,52783.45,53710.35,0,0.0,0.0,0.0,0.0,-0.01,-1,-1,-0.01,-1,-1,-0.01,-1,-1,-0.01,-1,-1,-0.01,-1,-1,-0.01,-1,-1,-0.01,-1,-1,-0.01,-1,-1,-0.01,-1,-1,-0.01,-1,-1
99926009,2026-05-18 14:44:36+05:30,53441.0,0,0.0,0,0.0,0.0,53282.15,53619.2,52783.45,53710.35,0,0.0,0.0,0.0,0.0,-0.01,-1,-1,-0.01,-1,-1,-0.01,-1,-1,-0.01,-1,-1,-0.01,-1,-1,-0.01,-1,-1,-0.01,-1,-1,-0.01,-1,-1,-0.01,-1,-1,-0.01,-1,-1
99926009,2026-05-18 14:44:37+05:30,53440.3,0,0.0,0,0.0,0.0,53282.15,53619.2,52783.45,53710.35,0,0.0,0.0,0.0,0.0,-0.01,-1,-1,-0.01,-1,-1,-0.01,-1,-1,-0.01,-1,-1,-0.01,-1,-1,-0.01,-1,-1,-0.01,-1,-1,-0.01,-1,-1,-0.01,-1,-1,-0.01,-1,-1
99926009,2026-05-18 14:44:37+05:30,53439.5,0,0.0,0,0.0,0.0,53282.15,53619.2,52783.45,53710.35,0,0.0,0.0,0.0,0.0,-0.01,-1,-1,-0.01,-1,-1,-0.01,-1,-1,-0.01,-1,-1,-0.01,-1,-1,-0.01,-1,-1,-0.01,-1,-1,-0.01,-1,-1,-0.01,-1,-1,-0.01,-1,-1
99926009,2026-05-18 14:44:38+05:30,53439.7,0,0.0,0,0.0,0.0,53282.15,53619.2,52783.45,53710.35,0,0.0,0.0,0.0,0.0,-0.01,-1,-1,-0.01,-1,-1,-0.01,-1,-1,-0.01,-1,-1,-0.01,-1,-1,-0.01,-1,-1,-0.01,-1,-1,-0.01,-1,-1,-0.01,-1,-1,-0.01,-1,-1
99926009,2026-05-18 14:44:38+05:30,53437.1,0,0.0,0,0.0,0.0,53282.15,53619.2,52783.45,53710.35,0,0.0,0.0,0.0,0.0,-0.01,-1,-1,-0.01,-1,-1,-0.01,-1,-1,-0.01,-1,-1,-0.01,-1,-1,-0.01,-1,-1,-0.01,-1,-1,-0.01,-1,-1,-0.01,-1,-1,-0.01,-1,-1
99926009,2026-05-18 14:44:39+05:30,53441.95,0,0.0,0,0.0,0.0,53282.15,53619.2,52783.45,53710.35,0,0.0,0.0,0.0,0.0,-0.01,-1,-1,-0.01,-1,-1,-0.01,-1,-1,-0.01,-1,-1,-0.01,-1,-1,-0.01,-1,-1,-0.01,-1,-1,-0.01,-1,-1,-0.01,-1,-1,-0.01,-1,-1
99926009,2026-05-18 14:44:39+05:30,53439.15,0,0.0,0,0.0,0.0,53282.15,53619.2,52783.45,53710.35,0,0.0,0.0,0.0,0.0,-0.01,-1,-1,-0.01,-1,-1,-0.01,-1,-1,-0.01,-1,-1,-0.01,-1,-1,-0.01,-1,-1,-0.01,-1,-1,-0.01,-1,-1,-0.01,-1,-1,-0.01,-1,-1
99926009,2026-05-18 14:44:40+05:30,53438.6,0,0.0,0,0.0,0.0,53282.15,53619.2,52783.45,53710.35,0,0.0,0.0,0.0,0.0,-0.01,-1,-1,-0.01,-1,-1,-0.01,-1,-1,-0.01,-1,-1,-0.01,-1,-1,-0.01,-1,-1,-0.01,-1,-1,-0.01,-1,-1,-0.01,-1,-1,-0.01,-1,-1
99926009,2026-05-18 14:44:40+05:30,53439.45,0,0.0,0,0.0,0.0,53282.15,53619.2,52783.45,53710.35,0,0.0,0.0,0.0,0.0,-0.01,-1,-1,-0.01,-1,-1,-0.01,-1,-1,-0.01,-1,-1,-0.01,-1,-1,-0.01,-1,-1,-0.01,-1,-1,-0.01,-1,-1,-0.01,-1,-1,-0.01,-1,-1
99926009,2026-05-18 14:44:41+05:30,53438.7,0,0.0,0,0.0,0.0,53282.15,53619.2,52783.45,53710.35,0,0.0,0.0,0.0,0.0,-0.01,-1,-1,-0.01,-1,-1,-0.01,-1,-1,-0.01,-1,-1,-0.01,-1,-1,-0.01,-1,-1,-0.01,-1,-1,-0.01,-1,-1,-0.01,-1,-1,-0.01,-1,-1
99926009,2026-05-18 14:44:41+05:30,53437.75,0,0.0,0,0.0,0.0,53282.15,53619.2,52783.45,53710.35,0,0.0,0.0,0.0,0.0,-0.01,-1,-1,-0.01,-1,-1,-0.01,-1,-1,-0.01,-1,-1,-0.01,-1,-1,-0.01,-1,-1,-0.01,-1,-1,-0.01,-1,-1,-0.01,-1,-1,-0.01,-1,-1
99926009,2026-05-18 14:44:42+05:30,53437.15,0,0.0,0,0.0,0.0,53282.15,53619.2,52783.45,53710.35,0,0.0,0.0,0.0,0.0,-0.01,-1,-1,-0.01,-1,-1,-0.01,-1,-1,-0.01,-1,-1,-0.01,-1,-1,-0.01,-1,-1,-0.01,-1,-1,-0.01,-1,-1,-0.01,-1,-1,-0.01,-1,-1
99926009,2026-05-18 14:44:42+05:30,53437.4,0,0.0,0,0.0,0.0,53282.15,53619.2,52783.45,53710.35,0,0.0,0.0,0.0,0.0,-0.01,-1,-1,-0.01,-1,-1,-0.01,-1,-1,-0.01,-1,-1,-0.01,-1,-1,-0.01,-1,-1,-0.01,-1,-1,-0.01,-1,-1,-0.01,-1,-1,-0.01,-1,-1
99926009,2026-05-18 14:44:43+05:30,53435.65,0,0.0,0,0.0,0.0,53282.15,53619.2,52783.45,53710.35,0,0.0,0.0,0.0,0.0,-0.01,-1,-1,-0.01,-1,-1,-0.01,-1,-1,-0.01,-1,-1,-0.01,-1,-1,-0.01,-1,-1,-0.01,-1,-1,-0.01,-1,-1,-0.01,-1,-1,-0.01,-1,-1
99926009,2026-05-18 14:44:43+05:30,53437.15,0,0.0,0,0.0,0.0,53282.15,53619.2,52783.45,53710.35,0,0.0,0.0,0.0,0.0,-0.01,-1,-1,-0.01,-1,-1,-0.01,-1,-1,-0.01,-1,-1,-0.01,-1,-1,-0.01,-1,-1,-0.01,-1,-1,-0.01,-1,-1,-0.01,-1,-1,-0.01,-1,-1
99926009,2026-05-18 14:44:44+05:30,53438.95,0,0.0,0,0.0,0.0,53282.15,53619.2,52783.45,53710.35,0,0.0,0.0,0.0,0.0,-0.01,-1,-1,-0.01,-1,-1,-0.01,-1,-1,-0.01,-1,-1,-0.01,-1,-1,-0.01,-1,-1,-0.01,-1,-1,-0.01,-1,-1,-0.01,-1,-1,-0.01,-1,-1
99926009,2026-05-18 14:44:44+05:30,53437.9,0,0.0,0,0.0,0.0,53282.15,53619.2,52783.45,53710.35,0,0.0,0.0,0.0,0.0,-0.01,-1,-1,-0.01,-1,-1,-0.01,-1,-1,-0.01,-1,-1,-0.01,-1,-1,-0.01,-1,-1,-0.01,-1,-1,-0.01,-1,-1,-0.01,-1,-1,-0.01,-1,-1
99926009,2026-05-18 14:44:45+05:30,53433.5,0,0.0,0,0.0,0.0,53282.15,53619.2,52783.45,53710.35,0,0.0,0.0,0.0,0.0,-0.01,-1,-1,-0.01,-1,-1,-0.01,-1,-1,-0.01,-1,-1,-0.01,-1,-1,-0.01,-1,-1,-0.01,-1,-1,-0.01,-1,-1,-0.01,-1,-1,-0.01,-1,-1
99926009,2026-05-18 14:44:45+05:30,53435.75,0,0.0,0,0.0,0.0,53282.15,53619.2,52783.45,53710.35,0,0.0,0.0,0.0,0.0,-0.01,-1,-1,-0.01,-1,-1,-0.01,-1,-1,-0.01,-1,-1,-0.01,-1,-1,-0.01,-1,-1,-0.01,-1,-1,-0.01,-1,-1,-0.01,-1,-1,-0.01,-1,-1
99926009,2026-05-18 14:44:46+05:30,53436.1,0,0.0,0,0.0,0.0,53282.15,53619.2,52783.45,53710.35,0,0.0,0.0,0.0,0.0,-0.01,-1,-1,-0.01,-1,-1,-0.01,-1,-1,-0.01,-1,-1,-0.01,-1,-1,-0.01,-1,-1,-0.01,-1,-1,-0.01,-1,-1,-0.01,-1,-1,-0.01,-1,-1
99926009,2026-05-18 14:44:46+05:30,53437.4,0,0.0,0,0.0,0.0,53282.15,53619.2,52783.45,53710.35,0,0.0,0.0,0.0,0.0,-0.01,-1,-1,-0.01,-1,-1,-0.01,-1,-1,-0.01,-1,-1,-0.01,-1,-1,-0.01,-1,-1,-0.01,-1,-1,-0.01,-1,-1,-0.01,-1,-1,-0.01,-1,-1
99926009,2026-05-18 14:44:47+05:30,53438.15,0,0.0,0,0.0,0.0,53282.15,53619.2,52783.45,53710.35,0,0.0,0.0,0.0,0.0,-0.01,-1,-1,-0.01,-1,-1,-0.01,-1,-1,-0.01,-1,-1,-0.01,-1,-1,-0.01,-1,-1,-0.01,-1,-1,-0.01,-1,-1,-0.01,-1,-1,-0.01,-1,-1
99926009,2026-05-18 14:44:47+05:30,53435.2,0,0.0,0,0.0,0.0,53282.15,53619.2,52783.45,53710.35,0,0.0,0.0,0.0,0.0,-0.01,-1,-1,-0.01,-1,-1,-0.01,-1,-1,-0.01,-1,-1,-0.01,-1,-1,-0.01,-1,-1,-0.01,-1,-1,-0.01,-1,-1,-0.01,-1,-1,-0.01,-1,-1
99926009,2026-05-18 14:44:48+05:30,53434.4,0,0.0,0,0.0,0.0,53282.15,53619.2,52783.45,53710.35,0,0.0,0.0,0.0,0.0,-0.01,-1,-1,-0.01,-1,-1,-0.01,-1,-1,-0.01,-1,-1,-0.01,-1,-1,-0.01,-1,-1,-0.01,-1,-1,-0.01,-1,-1,-0.01,-1,-1,-0.01,-1,-1
99926009,2026-05-18 14:44:48+05:30,53435.35,0,0.0,0,0.0,0.0,53282.15,53619.2,52783.45,53710.35,0,0.0,0.0,0.0,0.0,-0.01,-1,-1,-0.01,-1,-1,-0.01,-1,-1,-0.01,-1,-1,-0.01,-1,-1,-0.01,-1,-1,-0.01,-1,-1,-0.01,-1,-1,-0.01,-1,-1,-0.01,-1,-1
99926009,2026-05-18 14:44:49+05:30,53438.55,0,0.0,0,0.0,0.0,53282.15,53619.2,52783.45,53710.35,0,0.0,0.0,0.0,0.0,-0.01,-1,-1,-0.01,-1,-1,-0.01,-1,-1,-0.01,-1,-1,-0.01,-1,-1,-0.01,-1,-1,-0.01,-1,-1,-0.01,-1,-1,-0.01,-1,-1,-0.01,-1,-1
99926009,2026-05-18 14:44:49+05:30,53434.15,0,0.0,0,0.0,0.0,53282.15,53619.2,52783.45,53710.35,0,0.0,0.0,0.0,0.0,-0.01,-1,-1,-0.01,-1,-1,-0.01,-1,-1,-0.01,-1,-1,-0.01,-1,-1,-0.01,-1,-1,-0.01,-1,-1,-0.01,-1,-1,-0.01,-1,-1,-0.01,-1,-1
99926009,2026-05-18 14:44:50+05:30,53437.9,0,0.0,0,0.0,0.0,53282.15,53619.2,52783.45,53710.35,0,0.0,0.0,0.0,0.0,-0.01,-1,-1,-0.01,-1,-1,-0.01,-1,-1,-0.01,-1,-1,-0.01,-1,-1,-0.01,-1,-1,-0.01,-1,-1,-0.01,-1,-1,-0.01,-1,-1,-0.01,-1,-1
99926009,2026-05-18 14:44:50+05:30,53437.25,0,0.0,0,0.0,0.0,53282.15,53619.2,52783.45,53710.35,0,0.0,0.0,0.0,0.0,-0.01,-1,-1,-0.01,-1,-1,-0.01,-1,-1,-0.01,-1,-1,-0.01,-1,-1,-0.01,-1,-1,-0.01,-1,-1,-0.01,-1,-1,-0.01,-1,-1,-0.01,-1,-1
99926009,2026-05-18 14:44:51+05:30,53439.25,0,0.0,0,0.0,0.0,53282.15,53619.2,52783.45,53710.35,0,0.0,0.0,0.0,0.0,-0.01,-1,-1,-0.01,-1,-1,-0.01,-1,-1,-0.01,-1,-1,-0.01,-1,-1,-0.01,-1,-1,-0.01,-1,-1,-0.01,-1,-1,-0.01,-1,-1,-0.01,-1,-1
99926009,2026-05-18 14:44:51+05:30,53441.3,0,0.0,0,0.0,0.0,53282.15,53619.2,52783.45,53710.35,0,0.0,0.0,0.0,0.0,-0.01,-1,-1,-0.01,-1,-1,-0.01,-1,-1,-0.01,-1,-1,-0.01,-1,-1,-0.01,-1,-1,-0.01,-1,-1,-0.01,-1,-1,-0.01,-1,-1,-0.01,-1,-1
99926009,2026-05-18 14:44:52+05:30,53441.7,0,0.0,0,0.0,0.0,53282.15,53619.2,52783.45,53710.35,0,0.0,0.0,0.0,0.0,-0.01,-1,-1,-0.01,-1,-1,-0.01,-1,-1,-0.01,-1,-1,-0.01,-1,-1,-0.01,-1,-1,-0.01,-1,-1,-0.01,-1,-1,-0.01,-1,-1,-0.01,-1,-1
99926009,2026-05-18 14:44:52+05:30,53443.3,0,0.0,0,0.0,0.0,53282.15,53619.2,52783.45,53710.35,0,0.0,0.0,0.0,0.0,-0.01,-1,-1,-0.01,-1,-1,-0.01,-1,-1,-0.01,-1,-1,-0.01,-1,-1,-0.01,-1,-1,-0.01,-1,-1,-0.01,-1,-1,-0.01,-1,-1,-0.01,-1,-1
99926009,2026-05-18 14:44:53+05:30,53442.45,0,0.0,0,0.0,0.0,53282.15,53619.2,52783.45,53710.35,0,0.0,0.0,0.0,0.0,-0.01,-1,-1,-0.01,-1,-1,-0.01,-1,-1,-0.01,-1,-1,-0.01,-1,-1,-0.01,-1,-1,-0.01,-1,-1,-0.01,-1,-1,-0.01,-1,-1,-0.01,-1,-1
99926009,2026-05-18 14:44:53+05:30,53438.05,0,0.0,0,0.0,0.0,53282.15,53619.2,52783.45,53710.35,0,0.0,0.0,0.0,0.0,-0.01,-1,-1,-0.01,-1,-1,-0.01,-1,-1,-0.01,-1,-1,-0.01,-1,-1,-0.01,-1,-1,-0.01,-1,-1,-0.01,-1,-1,-0.01,-1,-1,-0.01,-1,-1
99926009,2026-05-18 14:44:54+05:30,53438.2,0,0.0,0,0.0,0.0,53282.15,53619.2,52783.45,53710.35,0,0.0,0.0,0.0,0.0,-0.01,-1,-1,-0.01,-1,-1,-0.01,-1,-1,-0.01,-1,-1,-0.01,-1,-1,-0.01,-1,-1,-0.01,-1,-1,-0.01,-1,-1,-0.01,-1,-1,-0.01,-1,-1
99926009,2026-05-18 14:44:54+05:30,53438.7,0,0.0,0,0.0,0.0,53282.15,53619.2,52783.45,53710.35,0,0.0,0.0,0.0,0.0,-0.01,-1,-1,-0.01,-1,-1,-0.01,-1,-1,-0.01,-1,-1,-0.01,-1,-1,-0.01,-1,-1,-0.01,-1,-1,-0.01,-1,-1,-0.01,-1,-1,-0.01,-1,-1
99926009,2026-05-18 14:44:55+05:30,53438.8,0,0.0,0,0.0,0.0,53282.15,53619.2,52783.45,53710.35,0,0.0,0.0,0.0,0.0,-0.01,-1,-1,-0.01,-1,-1,-0.01,-1,-1,-0.01,-1,-1,-0.01,-1,-1,-0.01,-1,-1,-0.01,-1,-1,-0.01,-1,-1,-0.01,-1,-1,-0.01,-1,-1
99926009,2026-05-18 14:44:55+05:30,53440.65,0,0.0,0,0.0,0.0,53282.15,53619.2,52783.45,53710.35,0,0.0,0.0,0.0,0.0,-0.01,-1,-1,-0.01,-1,-1,-0.01,-1,-1,-0.01,-1,-1,-0.01,-1,-1,-0.01,-1,-1,-0.01,-1,-1,-0.01,-1,-1,-0.01,-1,-1,-0.01,-1,-1
99926009,2026-05-18 14:44:56+05:30,53440.1,0,0.0,0,0.0,0.0,53282.15,53619.2,52783.45,53710.35,0,0.0,0.0,0.0,0.0,-0.01,-1,-1,-0.01,-1,-1,-0.01,-1,-1,-0.01,-1,-1,-0.01,-1,-1,-0.01,-1,-1,-0.01,-1,-1,-0.01,-1,-1,-0.01,-1,-1,-0.01,-1,-1
99926009,2026-05-18 14:44:56+05:30,53444.6,0,0.0,0,0.0,0.0,53282.15,53619.2,52783.45,53710.35,0,0.0,0.0,0.0,0.0,-0.01,-1,-1,-0.01,-1,-1,-0.01,-1,-1,-0.01,-1,-1,-0.01,-1,-1,-0.01,-1,-1,-0.01,-1,-1,-0.01,-1,-1,-0.01,-1,-1,-0.01,-1,-1
99926009,2026-05-18 14:44:57+05:30,53444.5,0,0.0,0,0.0,0.0,53282.15,53619.2,52783.45,53710.35,0,0.0,0.0,0.0,0.0,-0.01,-1,-1,-0.01,-1,-1,-0.01,-1,-1,-0.01,-1,-1,-0.01,-1,-1,-0.01,-1,-1,-0.01,-1,-1,-0.01,-1,-1,-0.01,-1,-1,-0.01,-1,-1
99926009,2026-05-18 14:44:57+05:30,53444.9,0,0.0,0,0.0,0.0,53282.15,53619.2,52783.45,53710.35,0,0.0,0.0,0.0,0.0,-0.01,-1,-1,-0.01,-1,-1,-0.01,-1,-1,-0.01,-1,-1,-0.01,-1,-1,-0.01,-1,-1,-0.01,-1,-1,-0.01,-1,-1,-0.01,-1,-1,-0.01,-1,-1
99926009,2026-05-18 14:44:58+05:30,53445.1,0,0.0,0,0.0,0.0,53282.15,53619.2,52783.45,53710.35,0,0.0,0.0,0.0,0.0,-0.01,-1,-1,-0.01,-1,-1,-0.01,-1,-1,-0.01,-1,-1,-0.01,-1,-1,-0.01,-1,-1,-0.01,-1,-1,-0.01,-1,-1,-0.01,-1,-1,-0.01,-1,-1
99926009,2026-05-18 14:44:58+05:30,53438.2,0,0.0,0,0.0,0.0,53282.15,53619.2,52783.45,53710.35,0,0.0,0.0,0.0,0.0,-0.01,-1,-1,-0.01,-1,-1,-0.01,-1,-1,-0.01,-1,-1,-0.01,-1,-1,-0.01,-1,-1,-0.01,-1,-1,-0.01,-1,-1,-0.01,-1,-1,-0.01,-1,-1
99926009,2026-05-18 14:44:59+05:30,53440.05,0,0.0,0,0.0,0.0,53282.15,53619.2,52783.45,53710.35,0,0.0,0.0,0.0,0.0,-0.01,-1,-1,-0.01,-1,-1,-0.01,-1,-1,-0.01,-1,-1,-0.01,-1,-1,-0.01,-1,-1,-0.01,-1,-1,-0.01,-1,-1,-0.01,-1,-1,-0.01,-1,-1
99926009,2026-05-18 14:44:59+05:30,53443.7,0,0.0,0,0.0,0.0,53282.15,53619.2,52783.45,53710.35,0,0.0,0.0,0.0,0.0,-0.01,-1,-1,-0.01,-1,-1,-0.01,-1,-1,-0.01,-1,-1,-0.01,-1,-1,-0.01,-1,-1,-0.01,-1,-1,-0.01,-1,-1,-0.01,-1,-1,-0.01,-1,-1
99926009,2026-05-18 14:45:00+05:30,53443.8,0,0.0,0,0.0,0.0,53282.15,53619.2,52783.45,53710.35,0,0.0,0.0,0.0,0.0,-0.01,-1,-1,-0.01,-1,-1,-0.01,-1,-1,-0.01,-1,-1,-0.01,-1,-1,-0.01,-1,-1,-0.01,-1,-1,-0.01,-1,-1,-0.01,-1,-1,-0.01,-1,-1
99926009,2026-05-18 14:45:00+05:30,53446.4,0,0.0,0,0.0,0.0,53282.15,53619.2,52783.45,53710.35,0,0.0,0.0,0.0,0.0,-0.01,-1,-1,-0.01,-1,-1,-0.01,-1,-1,-0.01,-1,-1,-0.01,-1,-1,-0.01,-1,-1,-0.01,-1,-1,-0.01,-1,-1,-0.01,-1,-1,-0.01,-1,-1
99926009,2026-05-18 14:45:01+05:30,53444.15,0,0.0,0,0.0,0.0,53282.15,53619.2,52783.45,53710.35,0,0.0,0.0,0.0,0.0,-0.01,-1,-1,-0.01,-1,-1,-0.01,-1,-1,-0.01,-1,-1,-0.01,-1,-1,-0.01,-1,-1,-0.01,-1,-1,-0.01,-1,-1,-0.01,-1,-1,-0.01,-1,-1
99926009,2026-05-18 14:45:01+05:30,53444.65,0,0.0,0,0.0,0.0,53282.15,53619.2,52783.45,53710.35,0,0.0,0.0,0.0,0.0,-0.01,-1,-1,-0.01,-1,-1,-0.01,-1,-1,-0.01,-1,-1,-0.01,-1,-1,-0.01,-1,-1,-0.01,-1,-1,-0.01,-1,-1,-0.01,-1,-1,-0.01,-1,-1
99926009,2026-05-18 14:45:02+05:30,53444.8,0,0.0,0,0.0,0.0,53282.15,53619.2,52783.45,53710.35,0,0.0,0.0,0.0,0.0,-0.01,-1,-1,-0.01,-1,-1,-0.01,-1,-1,-0.01,-1,-1,-0.01,-1,-1,-0.01,-1,-1,-0.01,-1,-1,-0.01,-1,-1,-0.01,-1,-1,-0.01,-1,-1
99926009,2026-05-18 14:45:02+05:30,53444.55,0,0.0,0,0.0,0.0,53282.15,53619.2,52783.45,53710.35,0,0.0,0.0,0.0,0.0,-0.01,-1,-1,-0.01,-1,-1,-0.01,-1,-1,-0.01,-1,-1,-0.01,-1,-1,-0.01,-1,-1,-0.01,-1,-1,-0.01,-1,-1,-0.01,-1,-1,-0.01,-1,-1
99926009,2026-05-18 14:45:03+05:30,53439.85,0,0.0,0,0.0,0.0,53282.15,53619.2,52783.45,53710.35,0,0.0,0.0,0.0,0.0,-0.01,-1,-1,-0.01,-1,-1,-0.01,-1,-1,-0.01,-1,-1,-0.01,-1,-1,-0.01,-1,-1,-0.01,-1,-1,-0.01,-1,-1,-0.01,-1,-1,-0.01,-1,-1
99926009,2026-05-18 14:45:03+05:30,53442.7,0,0.0,0,0.0,0.0,53282.15,53619.2,52783.45,53710.35,0,0.0,0.0,0.0,0.0,-0.01,-1,-1,-0.01,-1,-1,-0.01,-1,-1,-0.01,-1,-1,-0.01,-1,-1,-0.01,-1,-1,-0.01,-1,-1,-0.01,-1,-1,-0.01,-1,-1,-0.01,-1,-1
99926009,2026-05-18 14:45:04+05:30,53440.7,0,0.0,0,0.0,0.0,53282.15,53619.2,52783.45,53710.35,0,0.0,0.0,0.0,0.0,-0.01,-1,-1,-0.01,-1,-1,-0.01,-1,-1,-0.01,-1,-1,-0.01,-1,-1,-0.01,-1,-1,-0.01,-1,-1,-0.01,-1,-1,-0.01,-1,-1,-0.01,-1,-1
99926009,2026-05-18 14:45:04+05:30,53443.75,0,0.0,0,0.0,0.0,53282.15,53619.2,52783.45,53710.35,0,0.0,0.0,0.0,0.0,-0.01,-1,-1,-0.01,-1,-1,-0.01,-1,-1,-0.01,-1,-1,-0.01,-1,-1,-0.01,-1,-1,-0.01,-1,-1,-0.01,-1,-1,-0.01,-1,-1,-0.01,-1,-1
99926009,2026-05-18 14:45:05+05:30,53438.15,0,0.0,0,0.0,0.0,53282.15,53619.2,52783.45,53710.35,0,0.0,0.0,0.0,0.0,-0.01,-1,-1,-0.01,-1,-1,-0.01,-1,-1,-0.01,-1,-1,-0.01,-1,-1,-0.01,-1,-1,-0.01,-1,-1,-0.01,-1,-1,-0.01,-1,-1,-0.01,-1,-1
99926009,2026-05-18 14:45:05+05:30,53440.5,0,0.0,0,0.0,0.0,53282.15,53619.2,52783.45,53710.35,0,0.0,0.0,0.0,0.0,-0.01,-1,-1,-0.01,-1,-1,-0.01,-1,-1,-0.01,-1,-1,-0.01,-1,-1,-0.01,-1,-1,-0.01,-1,-1,-0.01,-1,-1,-0.01,-1,-1,-0.01,-1,-1
99926009,2026-05-18 14:45:06+05:30,53440.0,0,0.0,0,0.0,0.0,53282.15,53619.2,52783.45,53710.35,0,0.0,0.0,0.0,0.0,-0.01,-1,-1,-0.01,-1,-1,-0.01,-1,-1,-0.01,-1,-1,-0.01,-1,-1,-0.01,-1,-1,-0.01,-1,-1,-0.01,-1,-1,-0.01,-1,-1,-0.01,-1,-1
99926009,2026-05-18 14:45:06+05:30,53437.95,0,0.0,0,0.0,0.0,53282.15,53619.2,52783.45,53710.35,0,0.0,0.0,0.0,0.0,-0.01,-1,-1,-0.01,-1,-1,-0.01,-1,-1,-0.01,-1,-1,-0.01,-1,-1,-0.01,-1,-1,-0.01,-1,-1,-0.01,-1,-1,-0.01,-1,-1,-0.01,-1,-1
99926009,2026-05-18 14:45:07+05:30,53441.35,0,0.0,0,0.0,0.0,53282.15,53619.2,52783.45,53710.35,0,0.0,0.0,0.0,0.0,-0.01,-1,-1,-0.01,-1,-1,-0.01,-1,-1,-0.01,-1,-1,-0.01,-1,-1,-0.01,-1,-1,-0.01,-1,-1,-0.01,-1,-1,-0.01,-1,-1,-0.01,-1,-1
99926009,2026-05-18 14:45:07+05:30,53439.2,0,0.0,0,0.0,0.0,53282.15,53619.2,52783.45,53710.35,0,0.0,0.0,0.0,0.0,-0.01,-1,-1,-0.01,-1,-1,-0.01,-1,-1,-0.01,-1,-1,-0.01,-1,-1,-0.01,-1,-1,-0.01,-1,-1,-0.01,-1,-1,-0.01,-1,-1,-0.01,-1,-1
99926009,2026-05-18 14:45:08+05:30,53440.45,0,0.0,0,0.0,0.0,53282.15,53619.2,52783.45,53710.35,0,0.0,0.0,0.0,0.0,-0.01,-1,-1,-0.01,-1,-1,-0.01,-1,-1,-0.01,-1,-1,-0.01,-1,-1,-0.01,-1,-1,-0.01,-1,-1,-0.01,-1,-1,-0.01,-1,-1,-0.01,-1,-1
99926009,2026-05-18 14:45:08+05:30,53439.25,0,0.0,0,0.0,0.0,53282.15,53619.2,52783.45,53710.35,0,0.0,0.0,0.0,0.0,-0.01,-1,-1,-0.01,-1,-1,-0.01,-1,-1,-0.01,-1,-1,-0.01,-1,-1,-0.01,-1,-1,-0.01,-1,-1,-0.01,-1,-1,-0.01,-1,-1,-0.01,-1,-1
99926009,2026-05-18 14:45:09+05:30,53439.3,0,0.0,0,0.0,0.0,53282.15,53619.2,52783.45,53710.35,0,0.0,0.0,0.0,0.0,-0.01,-1,-1,-0.01,-1,-1,-0.01,-1,-1,-0.01,-1,-1,-0.01,-1,-1,-0.01,-1,-1,-0.01,-1,-1,-0.01,-1,-1,-0.01,-1,-1,-0.01,-1,-1
99926009,2026-05-18 14:45:09+05:30,53440.8,0,0.0,0,0.0,0.0,53282.15,53619.2,52783.45,53710.35,0,0.0,0.0,0.0,0.0,-0.01,-1,-1,-0.01,-1,-1,-0.01,-1,-1,-0.01,-1,-1,-0.01,-1,-1,-0.01,-1,-1,-0.01,-1,-1,-0.01,-1,-1,-0.01,-1,-1,-0.01,-1,-1
99926009,2026-05-18 14:45:10+05:30,53441.25,0,0.0,0,0.0,0.0,53282.15,53619.2,52783.45,53710.35,0,0.0,0.0,0.0,0.0,-0.01,-1,-1,-0.01,-1,-1,-0.01,-1,-1,-0.01,-1,-1,-0.01,-1,-1,-0.01,-1,-1,-0.01,-1,-1,-0.01,-1,-1,-0.01,-1,-1,-0.01,-1,-1
99926009,2026-05-18 14:45:10+05:30,53441.7,0,0.0,0,0.0,0.0,53282.15,53619.2,52783.45,53710.35,0,0.0,0.0,0.0,0.0,-0.01,-1,-1,-0.01,-1,-1,-0.01,-1,-1,-0.01,-1,-1,-0.01,-1,-1,-0.01,-1,-1,-0.01,-1,-1,-0.01,-1,-1,-0.01,-1,-1,-0.01,-1,-1
99926009,2026-05-18 14:45:11+05:30,53443.2,0,0.0,0,0.0,0.0,53282.15,53619.2,52783.45,53710.35,0,0.0,0.0,0.0,0.0,-0.01,-1,-1,-0.01,-1,-1,-0.01,-1,-1,-0.01,-1,-1,-0.01,-1,-1,-0.01,-1,-1,-0.01,-1,-1,-0.01,-1,-1,-0.01,-1,-1,-0.01,-1,-1
99926009,2026-05-18 14:45:11+05:30,53443.35,0,0.0,0,0.0,0.0,53282.15,53619.2,52783.45,53710.35,0,0.0,0.0,0.0,0.0,-0.01,-1,-1,-0.01,-1,-1,-0.01,-1,-1,-0.01,-1,-1,-0.01,-1,-1,-0.01,-1,-1,-0.01,-1,-1,-0.01,-1,-1,-0.01,-1,-1,-0.01,-1,-1
99926009,2026-05-18 14:45:12+05:30,53441.3,0,0.0,0,0.0,0.0,53282.15,53619.2,52783.45,53710.35,0,0.0,0.0,0.0,0.0,-0.01,-1,-1,-0.01,-1,-1,-0.01,-1,-1,-0.01,-1,-1,-0.01,-1,-1,-0.01,-1,-1,-0.01,-1,-1,-0.01,-1,-1,-0.01,-1,-1,-0.01,-1,-1
99926009,2026-05-18 14:45:12+05:30,53441.05,0,0.0,0,0.0,0.0,53282.15,53619.2,52783.45,53710.35,0,0.0,0.0,0.0,0.0,-0.01,-1,-1,-0.01,-1,-1,-0.01,-1,-1,-0.01,-1,-1,-0.01,-1,-1,-0.01,-1,-1,-0.01,-1,-1,-0.01,-1,-1,-0.01,-1,-1,-0.01,-1,-1
99926009,2026-05-18 14:45:13+05:30,53442.65,0,0.0,0,0.0,0.0,53282.15,53619.2,52783.45,53710.35,0,0.0,0.0,0.0,0.0,-0.01,-1,-1,-0.01,-1,-1,-0.01,-1,-1,-0.01,-1,-1,-0.01,-1,-1,-0.01,-1,-1,-0.01,-1,-1,-0.01,-1,-1,-0.01,-1,-1,-0.01,-1,-1
99926009,2026-05-18 14:45:13+05:30,53438.9,0,0.0,0,0.0,0.0,53282.15,53619.2,52783.45,53710.35,0,0.0,0.0,0.0,0.0,-0.01,-1,-1,-0.01,-1,-1,-0.01,-1,-1,-0.01,-1,-1,-0.01,-1,-1,-0.01,-1,-1,-0.01,-1,-1,-0.01,-1,-1,-0.01,-1,-1,-0.01,-1,-1
99926009,2026-05-18 14:45:14+05:30,53440.6,0,0.0,0,0.0,0.0,53282.15,53619.2,52783.45,53710.35,0,0.0,0.0,0.0,0.0,-0.01,-1,-1,-0.01,-1,-1,-0.01,-1,-1,-0.01,-1,-1,-0.01,-1,-1,-0.01,-1,-1,-0.01,-1,-1,-0.01,-1,-1,-0.01,-1,-1,-0.01,-1,-1
99926009,2026-05-18 14:45:14+05:30,53438.25,0,0.0,0,0.0,0.0,53282.15,53619.2,52783.45,53710.35,0,0.0,0.0,0.0,0.0,-0.01,-1,-1,-0.01,-1,-1,-0.01,-1,-1,-0.01,-1,-1,-0.01,-1,-1,-0.01,-1,-1,-0.01,-1,-1,-0.01,-1,-1,-0.01,-1,-1,-0.01,-1,-1
99926009,2026-05-18 14:45:15+05:30,53439.45,0,0.0,0,0.0,0.0,53282.15,53619.2,52783.45,53710.35,0,0.0,0.0,0.0,0.0,-0.01,-1,-1,-0.01,-1,-1,-0.01,-1,-1,-0.01,-1,-1,-0.01,-1,-1,-0.01,-1,-1,-0.01,-1,-1,-0.01,-1,-1,-0.01,-1,-1,-0.01,-1,-1
99926009,2026-05-18 14:45:15+05:30,53440.45,0,0.0,0,0.0,0.0,53282.15,53619.2,52783.45,53710.35,0,0.0,0.0,0.0,0.0,-0.01,-1,-1,-0.01,-1,-1,-0.01,-1,-1,-0.01,-1,-1,-0.01,-1,-1,-0.01,-1,-1,-0.01,-1,-1,-0.01,-1,-1,-0.01,-1,-1,-0.01,-1,-1
99926009,2026-05-18 14:45:16+05:30,53443.65,0,0.0,0,0.0,0.0,53282.15,53619.2,52783.45,53710.35,0,0.0,0.0,0.0,0.0,-0.01,-1,-1,-0.01,-1,-1,-0.01,-1,-1,-0.01,-1,-1,-0.01,-1,-1,-0.01,-1,-1,-0.01,-1,-1,-0.01,-1,-1,-0.01,-1,-1,-0.01,-1,-1
99926009,2026-05-18 14:45:16+05:30,53439.95,0,0.0,0,0.0,0.0,53282.15,53619.2,52783.45,53710.35,0,0.0,0.0,0.0,0.0,-0.01,-1,-1,-0.01,-1,-1,-0.01,-1,-1,-0.01,-1,-1,-0.01,-1,-1,-0.01,-1,-1,-0.01,-1,-1,-0.01,-1,-1,-0.01,-1,-1,-0.01,-1,-1
99926009,2026-05-18 14:45:17+05:30,53438.2,0,0.0,0,0.0,0.0,53282.15,53619.2,52783.45,53710.35,0,0.0,0.0,0.0,0.0,-0.01,-1,-1,-0.01,-1,-1,-0.01,-1,-1,-0.01,-1,-1,-0.01,-1,-1,-0.01,-1,-1,-0.01,-1,-1,-0.01,-1,-1,-0.01,-1,-1,-0.01,-1,-1
99926009,2026-05-18 14:45:17+05:30,53435.6,0,0.0,0,0.0,0.0,53282.15,53619.2,52783.45,53710.35,0,0.0,0.0,0.0,0.0,-0.01,-1,-1,-0.01,-1,-1,-0.01,-1,-1,-0.01,-1,-1,-0.01,-1,-1,-0.01,-1,-1,-0.01,-1,-1,-0.01,-1,-1,-0.01,-1,-1,-0.01,-1,-1
99926009,2026-05-18 14:45:18+05:30,53437.4,0,0.0,0,0.0,0.0,53282.15,53619.2,52783.45,53710.35,0,0.0,0.0,0.0,0.0,-0.01,-1,-1,-0.01,-1,-1,-0.01,-1,-1,-0.01,-1,-1,-0.01,-1,-1,-0.01,-1,-1,-0.01,-1,-1,-0.01,-1,-1,-0.01,-1,-1,-0.01,-1,-1
99926009,2026-05-18 14:45:18+05:30,53437.15,0,0.0,0,0.0,0.0,53282.15,53619.2,52783.45,53710.35,0,0.0,0.0,0.0,0.0,-0.01,-1,-1,-0.01,-1,-1,-0.01,-1,-1,-0.01,-1,-1,-0.01,-1,-1,-0.01,-1,-1,-0.01,-1,-1,-0.01,-1,-1,-0.01,-1,-1,-0.01,-1,-1
99926009,2026-05-18 14:45:19+05:30,53440.1,0,0.0,0,0.0,0.0,53282.15,53619.2,52783.45,53710.35,0,0.0,0.0,0.0,0.0,-0.01,-1,-1,-0.01,-1,-1,-0.01,-1,-1,-0.01,-1,-1,-0.01,-1,-1,-0.01,-1,-1,-0.01,-1,-1,-0.01,-1,-1,-0.01,-1,-1,-0.01,-1,-1
99926009,2026-05-18 14:45:19+05:30,53440.35,0,0.0,0,0.0,0.0,53282.15,53619.2,52783.45,53710.35,0,0.0,0.0,0.0,0.0,-0.01,-1,-1,-0.01,-1,-1,-0.01,-1,-1,-0.01,-1,-1,-0.01,-1,-1,-0.01,-1,-1,-0.01,-1,-1,-0.01,-1,-1,-0.01,-1,-1,-0.01,-1,-1
99926009,2026-05-18 14:45:20+05:30,53442.1,0,0.0,0,0.0,0.0,53282.15,53619.2,52783.45,53710.35,0,0.0,0.0,0.0,0.0,-0.01,-1,-1,-0.01,-1,-1,-0.01,-1,-1,-0.01,-1,-1,-0.01,-1,-1,-0.01,-1,-1,-0.01,-1,-1,-0.01,-1,-1,-0.01,-1,-1,-0.01,-1,-1
99926009,2026-05-18 14:45:20+05:30,53439.9,0,0.0,0,0.0,0.0,53282.15,53619.2,52783.45,53710.35,0,0.0,0.0,0.0,0.0,-0.01,-1,-1,-0.01,-1,-1,-0.01,-1,-1,-0.01,-1,-1,-0.01,-1,-1,-0.01,-1,-1,-0.01,-1,-1,-0.01,-1,-1,-0.01,-1,-1,-0.01,-1,-1
99926009,2026-05-18 14:45:21+05:30,53438.4,0,0.0,0,0.0,0.0,53282.15,53619.2,52783.45,53710.35,0,0.0,0.0,0.0,0.0,-0.01,-1,-1,-0.01,-1,-1,-0.01,-1,-1,-0.01,-1,-1,-0.01,-1,-1,-0.01,-1,-1,-0.01,-1,-1,-0.01,-1,-1,-0.01,-1,-1,-0.01,-1,-1
99926009,2026-05-18 14:45:21+05:30,53441.8,0,0.0,0,0.0,0.0,53282.15,53619.2,52783.45,53710.35,0,0.0,0.0,0.0,0.0,-0.01,-1,-1,-0.01,-1,-1,-0.01,-1,-1,-0.01,-1,-1,-0.01,-1,-1,-0.01,-1,-1,-0.01,-1,-1,-0.01,-1,-1,-0.01,-1,-1,-0.01,-1,-1
99926009,2026-05-18 14:45:22+05:30,53440.25,0,0.0,0,0.0,0.0,53282.15,53619.2,52783.45,53710.35,0,0.0,0.0,0.0,0.0,-0.01,-1,-1,-0.01,-1,-1,-0.01,-1,-1,-0.01,-1,-1,-0.01,-1,-1,-0.01,-1,-1,-0.01,-1,-1,-0.01,-1,-1,-0.01,-1,-1,-0.01,-1,-1
99926009,2026-05-18 14:45:22+05:30,53440.25,0,0.0,0,0.0,0.0,53282.15,53619.2,52783.45,53710.35,0,0.0,0.0,0.0,0.0,-0.01,-1,-1,-0.01,-1,-1,-0.01,-1,-1,-0.01,-1,-1,-0.01,-1,-1,-0.01,-1,-1,-0.01,-1,-1,-0.01,-1,-1,-0.01,-1,-1,-0.01,-1,-1
99926009,2026-05-18 14:45:23+05:30,53440.3,0,0.0,0,0.0,0.0,53282.15,53619.2,52783.45,53710.35,0,0.0,0.0,0.0,0.0,-0.01,-1,-1,-0.01,-1,-1,-0.01,-1,-1,-0.01,-1,-1,-0.01,-1,-1,-0.01,-1,-1,-0.01,-1,-1,-0.01,-1,-1,-0.01,-1,-1,-0.01,-1,-1
99926009,2026-05-18 14:45:23+05:30,53439.35,0,0.0,0,0.0,0.0,53282.15,53619.2,52783.45,53710.35,0,0.0,0.0,0.0,0.0,-0.01,-1,-1,-0.01,-1,-1,-0.01,-1,-1,-0.01,-1,-1,-0.01,-1,-1,-0.01,-1,-1,-0.01,-1,-1,-0.01,-1,-1,-0.01,-1,-1,-0.01,-1,-1
99926009,2026-05-18 14:45:24+05:30,53440.0,0,0.0,0,0.0,0.0,53282.15,53619.2,52783.45,53710.35,0,0.0,0.0,0.0,0.0,-0.01,-1,-1,-0.01,-1,-1,-0.01,-1,-1,-0.01,-1,-1,-0.01,-1,-1,-0.01,-1,-1,-0.01,-1,-1,-0.01,-1,-1,-0.01,-1,-1,-0.01,-1,-1
99926009,2026-05-18 14:45:24+05:30,53441.65,0,0.0,0,0.0,0.0,53282.15,53619.2,52783.45,53710.35,0,0.0,0.0,0.0,0.0,-0.01,-1,-1,-0.01,-1,-1,-0.01,-1,-1,-0.01,-1,-1,-0.01,-1,-1,-0.01,-1,-1,-0.01,-1,-1,-0.01,-1,-1,-0.01,-1,-1,-0.01,-1,-1
99926009,2026-05-18 14:45:25+05:30,53439.8,0,0.0,0,0.0,0.0,53282.15,53619.2,52783.45,53710.35,0,0.0,0.0,0.0,0.0,-0.01,-1,-1,-0.01,-1,-1,-0.01,-1,-1,-0.01,-1,-1,-0.01,-1,-1,-0.01,-1,-1,-0.01,-1,-1,-0.01,-1,-1,-0.01,-1,-1,-0.01,-1,-1
99926009,2026-05-18 14:45:25+05:30,53438.15,0,0.0,0,0.0,0.0,53282.15,53619.2,52783.45,53710.35,0,0.0,0.0,0.0,0.0,-0.01,-1,-1,-0.01,-1,-1,-0.01,-1,-1,-0.01,-1,-1,-0.01,-1,-1,-0.01,-1,-1,-0.01,-1,-1,-0.01,-1,-1,-0.01,-1,-1,-0.01,-1,-1
99926009,2026-05-18 14:45:26+05:30,53436.55,0,0.0,0,0.0,0.0,53282.15,53619.2,52783.45,53710.35,0,0.0,0.0,0.0,0.0,-0.01,-1,-1,-0.01,-1,-1,-0.01,-1,-1,-0.01,-1,-1,-0.01,-1,-1,-0.01,-1,-1,-0.01,-1,-1,-0.01,-1,-1,-0.01,-1,-1,-0.01,-1,-1
99926009,2026-05-18 14:45:26+05:30,53436.75,0,0.0,0,0.0,0.0,53282.15,53619.2,52783.45,53710.35,0,0.0,0.0,0.0,0.0,-0.01,-1,-1,-0.01,-1,-1,-0.01,-1,-1,-0.01,-1,-1,-0.01,-1,-1,-0.01,-1,-1,-0.01,-1,-1,-0.01,-1,-1,-0.01,-1,-1,-0.01,-1,-1
99926009,2026-05-18 14:45:27+05:30,53435.45,0,0.0,0,0.0,0.0,53282.15,53619.2,52783.45,53710.35,0,0.0,0.0,0.0,0.0,-0.01,-1,-1,-0.01,-1,-1,-0.01,-1,-1,-0.01,-1,-1,-0.01,-1,-1,-0.01,-1,-1,-0.01,-1,-1,-0.01,-1,-1,-0.01,-1,-1,-0.01,-1,-1
99926009,2026-05-18 14:45:27+05:30,53435.1,0,0.0,0,0.0,0.0,53282.15,53619.2,52783.45,53710.35,0,0.0,0.0,0.0,0.0,-0.01,-1,-1,-0.01,-1,-1,-0.01,-1,-1,-0.01,-1,-1,-0.01,-1,-1,-0.01,-1,-1,-0.01,-1,-1,-0.01,-1,-1,-0.01,-1,-1,-0.01,-1,-1
99926009,2026-05-18 14:45:28+05:30,53433.9,0,0.0,0,0.0,0.0,53282.15,53619.2,52783.45,53710.35,0,0.0,0.0,0.0,0.0,-0.01,-1,-1,-0.01,-1,-1,-0.01,-1,-1,-0.01,-1,-1,-0.01,-1,-1,-0.01,-1,-1,-0.01,-1,-1,-0.01,-1,-1,-0.01,-1,-1,-0.01,-1,-1
99926009,2026-05-18 14:45:28+05:30,53433.9,0,0.0,0,0.0,0.0,53282.15,53619.2,52783.45,53710.35,0,0.0,0.0,0.0,0.0,-0.01,-1,-1,-0.01,-1,-1,-0.01,-1,-1,-0.01,-1,-1,-0.01,-1,-1,-0.01,-1,-1,-0.01,-1,-1,-0.01,-1,-1,-0.01,-1,-1,-0.01,-1,-1
99926009,2026-05-18 14:45:29+05:30,53433.25,0,0.0,0,0.0,0.0,53282.15,53619.2,52783.45,53710.35,0,0.0,0.0,0.0,0.0,-0.01,-1,-1,-0.01,-1,-1,-0.01,-1,-1,-0.01,-1,-1,-0.01,-1,-1,-0.01,-1,-1,-0.01,-1,-1,-0.01,-1,-1,-0.01,-1,-1,-0.01,-1,-1
99926009,2026-05-18 14:45:29+05:30,53431.4,0,0.0,0,0.0,0.0,53282.15,53619.2,52783.45,53710.35,0,0.0,0.0,0.0,0.0,-0.01,-1,-1,-0.01,-1,-1,-0.01,-1,-1,-0.01,-1,-1,-0.01,-1,-1,-0.01,-1,-1,-0.01,-1,-1,-0.01,-1,-1,-0.01,-1,-1,-0.01,-1,-1
99926009,2026-05-18 14:45:30+05:30,53433.05,0,0.0,0,0.0,0.0,53282.15,53619.2,52783.45,53710.35,0,0.0,0.0,0.0,0.0,-0.01,-1,-1,-0.01,-1,-1,-0.01,-1,-1,-0.01,-1,-1,-0.01,-1,-1,-0.01,-1,-1,-0.01,-1,-1,-0.01,-1,-1,-0.01,-1,-1,-0.01,-1,-1
99926009,2026-05-18 14:45:30+05:30,53434.25,0,0.0,0,0.0,0.0,53282.15,53619.2,52783.45,53710.35,0,0.0,0.0,0.0,0.0,-0.01,-1,-1,-0.01,-1,-1,-0.01,-1,-1,-0.01,-1,-1,-0.01,-1,-1,-0.01,-1,-1,-0.01,-1,-1,-0.01,-1,-1,-0.01,-1,-1,-0.01,-1,-1
99926009,2026-05-18 14:45:31+05:30,53439.35,0,0.0,0,0.0,0.0,53282.15,53619.2,52783.45,53710.35,0,0.0,0.0,0.0,0.0,-0.01,-1,-1,-0.01,-1,-1,-0.01,-1,-1,-0.01,-1,-1,-0.01,-1,-1,-0.01,-1,-1,-0.01,-1,-1,-0.01,-1,-1,-0.01,-1,-1,-0.01,-1,-1
99926009,2026-05-18 14:45:31+05:30,53435.85,0,0.0,0,0.0,0.0,53282.15,53619.2,52783.45,53710.35,0,0.0,0.0,0.0,0.0,-0.01,-1,-1,-0.01,-1,-1,-0.01,-1,-1,-0.01,-1,-1,-0.01,-1,-1,-0.01,-1,-1,-0.01,-1,-1,-0.01,-1,-1,-0.01,-1,-1,-0.01,-1,-1
99926009,2026-05-18 14:45:32+05:30,53434.1,0,0.0,0,0.0,0.0,53282.15,53619.2,52783.45,53710.35,0,0.0,0.0,0.0,0.0,-0.01,-1,-1,-0.01,-1,-1,-0.01,-1,-1,-0.01,-1,-1,-0.01,-1,-1,-0.01,-1,-1,-0.01,-1,-1,-0.01,-1,-1,-0.01,-1,-1,-0.01,-1,-1
99926009,2026-05-18 14:45:32+05:30,53431.65,0,0.0,0,0.0,0.0,53282.15,53619.2,52783.45,53710.35,0,0.0,0.0,0.0,0.0,-0.01,-1,-1,-0.01,-1,-1,-0.01,-1,-1,-0.01,-1,-1,-0.01,-1,-1,-0.01,-1,-1,-0.01,-1,-1,-0.01,-1,-1,-0.01,-1,-1,-0.01,-1,-1
99926009,2026-05-18 14:45:33+05:30,53431.5,0,0.0,0,0.0,0.0,53282.15,53619.2,52783.45,53710.35,0,0.0,0.0,0.0,0.0,-0.01,-1,-1,-0.01,-1,-1,-0.01,-1,-1,-0.01,-1,-1,-0.01,-1,-1,-0.01,-1,-1,-0.01,-1,-1,-0.01,-1,-1,-0.01,-1,-1,-0.01,-1,-1
99926009,2026-05-18 14:45:33+05:30,53431.7,0,0.0,0,0.0,0.0,53282.15,53619.2,52783.45,53710.35,0,0.0,0.0,0.0,0.0,-0.01,-1,-1,-0.01,-1,-1,-0.01,-1,-1,-0.01,-1,-1,-0.01,-1,-1,-0.01,-1,-1,-0.01,-1,-1,-0.01,-1,-1,-0.01,-1,-1,-0.01,-1,-1
99926009,2026-05-18 14:45:34+05:30,53431.7,0,0.0,0,0.0,0.0,53282.15,53619.2,52783.45,53710.35,0,0.0,0.0,0.0,0.0,-0.01,-1,-1,-0.01,-1,-1,-0.01,-1,-1,-0.01,-1,-1,-0.01,-1,-1,-0.01,-1,-1,-0.01,-1,-1,-0.01,-1,-1,-0.01,-1,-1,-0.01,-1,-1
99926009,2026-05-18 14:45:34+05:30,53430.85,0,0.0,0,0.0,0.0,53282.15,53619.2,52783.45,53710.35,0,0.0,0.0,0.0,0.0,-0.01,-1,-1,-0.01,-1,-1,-0.01,-1,-1,-0.01,-1,-1,-0.01,-1,-1,-0.01,-1,-1,-0.01,-1,-1,-0.01,-1,-1,-0.01,-1,-1,-0.01,-1,-1
99926009,2026-05-18 14:45:35+05:30,53429.9,0,0.0,0,0.0,0.0,53282.15,53619.2,52783.45,53710.35,0,0.0,0.0,0.0,0.0,-0.01,-1,-1,-0.01,-1,-1,-0.01,-1,-1,-0.01,-1,-1,-0.01,-1,-1,-0.01,-1,-1,-0.01,-1,-1,-0.01,-1,-1,-0.01,-1,-1,-0.01,-1,-1
99926009,2026-05-18 14:45:35+05:30,53430.0,0,0.0,0,0.0,0.0,53282.15,53619.2,52783.45,53710.35,0,0.0,0.0,0.0,0.0,-0.01,-1,-1,-0.01,-1,-1,-0.01,-1,-1,-0.01,-1,-1,-0.01,-1,-1,-0.01,-1,-1,-0.01,-1,-1,-0.01,-1,-1,-0.01,-1,-1,-0.01,-1,-1
99926009,2026-05-18 14:45:36+05:30,53435.65,0,0.0,0,0.0,0.0,53282.15,53619.2,52783.45,53710.35,0,0.0,0.0,0.0,0.0,-0.01,-1,-1,-0.01,-1,-1,-0.01,-1,-1,-0.01,-1,-1,-0.01,-1,-1,-0.01,-1,-1,-0.01,-1,-1,-0.01,-1,-1,-0.01,-1,-1,-0.01,-1,-1
99926009,2026-05-18 14:45:36+05:30,53435.65,0,0.0,0,0.0,0.0,53282.15,53619.2,52783.45,53710.35,0,0.0,0.0,0.0,0.0,-0.01,-1,-1,-0.01,-1,-1,-0.01,-1,-1,-0.01,-1,-1,-0.01,-1,-1,-0.01,-1,-1,-0.01,-1,-1,-0.01,-1,-1,-0.01,-1,-1,-0.01,-1,-1
99926009,2026-05-18 14:45:37+05:30,53432.5,0,0.0,0,0.0,0.0,53282.15,53619.2,52783.45,53710.35,0,0.0,0.0,0.0,0.0,-0.01,-1,-1,-0.01,-1,-1,-0.01,-1,-1,-0.01,-1,-1,-0.01,-1,-1,-0.01,-1,-1,-0.01,-1,-1,-0.01,-1,-1,-0.01,-1,-1,-0.01,-1,-1
99926009,2026-05-18 14:45:37+05:30,53435.4,0,0.0,0,0.0,0.0,53282.15,53619.2,52783.45,53710.35,0,0.0,0.0,0.0,0.0,-0.01,-1,-1,-0.01,-1,-1,-0.01,-1,-1,-0.01,-1,-1,-0.01,-1,-1,-0.01,-1,-1,-0.01,-1,-1,-0.01,-1,-1,-0.01,-1,-1,-0.01,-1,-1
99926009,2026-05-18 14:45:38+05:30,53431.0,0,0.0,0,0.0,0.0,53282.15,53619.2,52783.45,53710.35,0,0.0,0.0,0.0,0.0,-0.01,-1,-1,-0.01,-1,-1,-0.01,-1,-1,-0.01,-1,-1,-0.01,-1,-1,-0.01,-1,-1,-0.01,-1,-1,-0.01,-1,-1,-0.01,-1,-1,-0.01,-1,-1
99926009,2026-05-18 14:45:38+05:30,53432.05,0,0.0,0,0.0,0.0,53282.15,53619.2,52783.45,53710.35,0,0.0,0.0,0.0,0.0,-0.01,-1,-1,-0.01,-1,-1,-0.01,-1,-1,-0.01,-1,-1,-0.01,-1,-1,-0.01,-1,-1,-0.01,-1,-1,-0.01,-1,-1,-0.01,-1,-1,-0.01,-1,-1
99926009,2026-05-18 14:45:39+05:30,53429.85,0,0.0,0,0.0,0.0,53282.15,53619.2,52783.45,53710.35,0,0.0,0.0,0.0,0.0,-0.01,-1,-1,-0.01,-1,-1,-0.01,-1,-1,-0.01,-1,-1,-0.01,-1,-1,-0.01,-1,-1,-0.01,-1,-1,-0.01,-1,-1,-0.01,-1,-1,-0.01,-1,-1
99926009,2026-05-18 14:45:39+05:30,53429.35,0,0.0,0,0.0,0.0,53282.15,53619.2,52783.45,53710.35,0,0.0,0.0,0.0,0.0,-0.01,-1,-1,-0.01,-1,-1,-0.01,-1,-1,-0.01,-1,-1,-0.01,-1,-1,-0.01,-1,-1,-0.01,-1,-1,-0.01,-1,-1,-0.01,-1,-1,-0.01,-1,-1
99926009,2026-05-18 14:45:40+05:30,53431.9,0,0.0,0,0.0,0.0,53282.15,53619.2,52783.45,53710.35,0,0.0,0.0,0.0,0.0,-0.01,-1,-1,-0.01,-1,-1,-0.01,-1,-1,-0.01,-1,-1,-0.01,-1,-1,-0.01,-1,-1,-0.01,-1,-1,-0.01,-1,-1,-0.01,-1,-1,-0.01,-1,-1
99926009,2026-05-18 14:45:40+05:30,53432.4,0,0.0,0,0.0,0.0,53282.15,53619.2,52783.45,53710.35,0,0.0,0.0,0.0,0.0,-0.01,-1,-1,-0.01,-1,-1,-0.01,-1,-1,-0.01,-1,-1,-0.01,-1,-1,-0.01,-1,-1,-0.01,-1,-1,-0.01,-1,-1,-0.01,-1,-1,-0.01,-1,-1
99926009,2026-05-18 14:45:41+05:30,53429.75,0,0.0,0,0.0,0.0,53282.15,53619.2,52783.45,53710.35,0,0.0,0.0,0.0,0.0,-0.01,-1,-1,-0.01,-1,-1,-0.01,-1,-1,-0.01,-1,-1,-0.01,-1,-1,-0.01,-1,-1,-0.01,-1,-1,-0.01,-1,-1,-0.01,-1,-1,-0.01,-1,-1
99926009,2026-05-18 14:45:41+05:30,53433.75,0,0.0,0,0.0,0.0,53282.15,53619.2,52783.45,53710.35,0,0.0,0.0,0.0,0.0,-0.01,-1,-1,-0.01,-1,-1,-0.01,-1,-1,-0.01,-1,-1,-0.01,-1,-1,-0.01,-1,-1,-0.01,-1,-1,-0.01,-1,-1,-0.01,-1,-1,-0.01,-1,-1
99926009,2026-05-18 14:45:42+05:30,53433.35,0,0.0,0,0.0,0.0,53282.15,53619.2,52783.45,53710.35,0,0.0,0.0,0.0,0.0,-0.01,-1,-1,-0.01,-1,-1,-0.01,-1,-1,-0.01,-1,-1,-0.01,-1,-1,-0.01,-1,-1,-0.01,-1,-1,-0.01,-1,-1,-0.01,-1,-1,-0.01,-1,-1
99926009,2026-05-18 14:45:42+05:30,53431.1,0,0.0,0,0.0,0.0,53282.15,53619.2,52783.45,53710.35,0,0.0,0.0,0.0,0.0,-0.01,-1,-1,-0.01,-1,-1,-0.01,-1,-1,-0.01,-1,-1,-0.01,-1,-1,-0.01,-1,-1,-0.01,-1,-1,-0.01,-1,-1,-0.01,-1,-1,-0.01,-1,-1
99926009,2026-05-18 14:45:43+05:30,53430.85,0,0.0,0,0.0,0.0,53282.15,53619.2,52783.45,53710.35,0,0.0,0.0,0.0,0.0,-0.01,-1,-1,-0.01,-1,-1,-0.01,-1,-1,-0.01,-1,-1,-0.01,-1,-1,-0.01,-1,-1,-0.01,-1,-1,-0.01,-1,-1,-0.01,-1,-1,-0.01,-1,-1
99926009,2026-05-18 14:45:43+05:30,53430.25,0,0.0,0,0.0,0.0,53282.15,53619.2,52783.45,53710.35,0,0.0,0.0,0.0,0.0,-0.01,-1,-1,-0.01,-1,-1,-0.01,-1,-1,-0.01,-1,-1,-0.01,-1,-1,-0.01,-1,-1,-0.01,-1,-1,-0.01,-1,-1,-0.01,-1,-1,-0.01,-1,-1
99926009,2026-05-18 14:45:44+05:30,53430.45,0,0.0,0,0.0,0.0,53282.15,53619.2,52783.45,53710.35,0,0.0,0.0,0.0,0.0,-0.01,-1,-1,-0.01,-1,-1,-0.01,-1,-1,-0.01,-1,-1,-0.01,-1,-1,-0.01,-1,-1,-0.01,-1,-1,-0.01,-1,-1,-0.01,-1,-1,-0.01,-1,-1
99926009,2026-05-18 14:45:44+05:30,53428.65,0,0.0,0,0.0,0.0,53282.15,53619.2,52783.45,53710.35,0,0.0,0.0,0.0,0.0,-0.01,-1,-1,-0.01,-1,-1,-0.01,-1,-1,-0.01,-1,-1,-0.01,-1,-1,-0.01,-1,-1,-0.01,-1,-1,-0.01,-1,-1,-0.01,-1,-1,-0.01,-1,-1
99926009,2026-05-18 14:45:45+05:30,53431.75,0,0.0,0,0.0,0.0,53282.15,53619.2,52783.45,53710.35,0,0.0,0.0,0.0,0.0,-0.01,-1,-1,-0.01,-1,-1,-0.01,-1,-1,-0.01,-1,-1,-0.01,-1,-1,-0.01,-1,-1,-0.01,-1,-1,-0.01,-1,-1,-0.01,-1,-1,-0.01,-1,-1
99926009,2026-05-18 14:45:45+05:30,53433.65,0,0.0,0,0.0,0.0,53282.15,53619.2,52783.45,53710.35,0,0.0,0.0,0.0,0.0,-0.01,-1,-1,-0.01,-1,-1,-0.01,-1,-1,-0.01,-1,-1,-0.01,-1,-1,-0.01,-1,-1,-0.01,-1,-1,-0.01,-1,-1,-0.01,-1,-1,-0.01,-1,-1
99926009,2026-05-18 14:45:46+05:30,53432.85,0,0.0,0,0.0,0.0,53282.15,53619.2,52783.45,53710.35,0,0.0,0.0,0.0,0.0,-0.01,-1,-1,-0.01,-1,-1,-0.01,-1,-1,-0.01,-1,-1,-0.01,-1,-1,-0.01,-1,-1,-0.01,-1,-1,-0.01,-1,-1,-0.01,-1,-1,-0.01,-1,-1
99926009,2026-05-18 14:45:46+05:30,53431.95,0,0.0,0,0.0,0.0,53282.15,53619.2,52783.45,53710.35,0,0.0,0.0,0.0,0.0,-0.01,-1,-1,-0.01,-1,-1,-0.01,-1,-1,-0.01,-1,-1,-0.01,-1,-1,-0.01,-1,-1,-0.01,-1,-1,-0.01,-1,-1,-0.01,-1,-1,-0.01,-1,-1
99926009,2026-05-18 14:45:47+05:30,53428.5,0,0.0,0,0.0,0.0,53282.15,53619.2,52783.45,53710.35,0,0.0,0.0,0.0,0.0,-0.01,-1,-1,-0.01,-1,-1,-0.01,-1,-1,-0.01,-1,-1,-0.01,-1,-1,-0.01,-1,-1,-0.01,-1,-1,-0.01,-1,-1,-0.01,-1,-1,-0.01,-1,-1
99926009,2026-05-18 14:45:47+05:30,53430.75,0,0.0,0,0.0,0.0,53282.15,53619.2,52783.45,53710.35,0,0.0,0.0,0.0,0.0,-0.01,-1,-1,-0.01,-1,-1,-0.01,-1,-1,-0.01,-1,-1,-0.01,-1,-1,-0.01,-1,-1,-0.01,-1,-1,-0.01,-1,-1,-0.01,-1,-1,-0.01,-1,-1
99926009,2026-05-18 14:45:48+05:30,53429.1,0,0.0,0,0.0,0.0,53282.15,53619.2,52783.45,53710.35,0,0.0,0.0,0.0,0.0,-0.01,-1,-1,-0.01,-1,-1,-0.01,-1,-1,-0.01,-1,-1,-0.01,-1,-1,-0.01,-1,-1,-0.01,-1,-1,-0.01,-1,-1,-0.01,-1,-1,-0.01,-1,-1
99926009,2026-05-18 14:45:48+05:30,53432.05,0,0.0,0,0.0,0.0,53282.15,53619.2,52783.45,53710.35,0,0.0,0.0,0.0,0.0,-0.01,-1,-1,-0.01,-1,-1,-0.01,-1,-1,-0.01,-1,-1,-0.01,-1,-1,-0.01,-1,-1,-0.01,-1,-1,-0.01,-1,-1,-0.01,-1,-1,-0.01,-1,-1
99926009,2026-05-18 14:45:49+05:30,53428.0,0,0.0,0,0.0,0.0,53282.15,53619.2,52783.45,53710.35,0,0.0,0.0,0.0,0.0,-0.01,-1,-1,-0.01,-1,-1,-0.01,-1,-1,-0.01,-1,-1,-0.01,-1,-1,-0.01,-1,-1,-0.01,-1,-1,-0.01,-1,-1,-0.01,-1,-1,-0.01,-1,-1
99926009,2026-05-18 14:45:49+05:30,53430.4,0,0.0,0,0.0,0.0,53282.15,53619.2,52783.45,53710.35,0,0.0,0.0,0.0,0.0,-0.01,-1,-1,-0.01,-1,-1,-0.01,-1,-1,-0.01,-1,-1,-0.01,-1,-1,-0.01,-1,-1,-0.01,-1,-1,-0.01,-1,-1,-0.01,-1,-1,-0.01,-1,-1
99926009,2026-05-18 14:45:50+05:30,53426.65,0,0.0,0,0.0,0.0,53282.15,53619.2,52783.45,53710.35,0,0.0,0.0,0.0,0.0,-0.01,-1,-1,-0.01,-1,-1,-0.01,-1,-1,-0.01,-1,-1,-0.01,-1,-1,-0.01,-1,-1,-0.01,-1,-1,-0.01,-1,-1,-0.01,-1,-1,-0.01,-1,-1
99926009,2026-05-18 14:45:50+05:30,53432.65,0,0.0,0,0.0,0.0,53282.15,53619.2,52783.45,53710.35,0,0.0,0.0,0.0,0.0,-0.01,-1,-1,-0.01,-1,-1,-0.01,-1,-1,-0.01,-1,-1,-0.01,-1,-1,-0.01,-1,-1,-0.01,-1,-1,-0.01,-1,-1,-0.01,-1,-1,-0.01,-1,-1
99926009,2026-05-18 14:45:51+05:30,53433.05,0,0.0,0,0.0,0.0,53282.15,53619.2,52783.45,53710.35,0,0.0,0.0,0.0,0.0,-0.01,-1,-1,-0.01,-1,-1,-0.01,-1,-1,-0.01,-1,-1,-0.01,-1,-1,-0.01,-1,-1,-0.01,-1,-1,-0.01,-1,-1,-0.01,-1,-1,-0.01,-1,-1
99926009,2026-05-18 14:45:51+05:30,53431.2,0,0.0,0,0.0,0.0,53282.15,53619.2,52783.45,53710.35,0,0.0,0.0,0.0,0.0,-0.01,-1,-1,-0.01,-1,-1,-0.01,-1,-1,-0.01,-1,-1,-0.01,-1,-1,-0.01,-1,-1,-0.01,-1,-1,-0.01,-1,-1,-0.01,-1,-1,-0.01,-1,-1
99926009,2026-05-18 14:45:52+05:30,53432.65,0,0.0,0,0.0,0.0,53282.15,53619.2,52783.45,53710.35,0,0.0,0.0,0.0,0.0,-0.01,-1,-1,-0.01,-1,-1,-0.01,-1,-1,-0.01,-1,-1,-0.01,-1,-1,-0.01,-1,-1,-0.01,-1,-1,-0.01,-1,-1,-0.01,-1,-1,-0.01,-1,-1
99926009,2026-05-18 14:45:52+05:30,53432.2,0,0.0,0,0.0,0.0,53282.15,53619.2,52783.45,53710.35,0,0.0,0.0,0.0,0.0,-0.01,-1,-1,-0.01,-1,-1,-0.01,-1,-1,-0.01,-1,-1,-0.01,-1,-1,-0.01,-1,-1,-0.01,-1,-1,-0.01,-1,-1,-0.01,-1,-1,-0.01,-1,-1
99926009,2026-05-18 14:45:53+05:30,53433.7,0,0.0,0,0.0,0.0,53282.15,53619.2,52783.45,53710.35,0,0.0,0.0,0.0,0.0,-0.01,-1,-1,-0.01,-1,-1,-0.01,-1,-1,-0.01,-1,-1,-0.01,-1,-1,-0.01,-1,-1,-0.01,-1,-1,-0.01,-1,-1,-0.01,-1,-1,-0.01,-1,-1
99926009,2026-05-18 14:45:53+05:30,53433.2,0,0.0,0,0.0,0.0,53282.15,53619.2,52783.45,53710.35,0,0.0,0.0,0.0,0.0,-0.01,-1,-1,-0.01,-1,-1,-0.01,-1,-1,-0.01,-1,-1,-0.01,-1,-1,-0.01,-1,-1,-0.01,-1,-1,-0.01,-1,-1,-0.01,-1,-1,-0.01,-1,-1
99926009,2026-05-18 14:45:54+05:30,53433.2,0,0.0,0,0.0,0.0,53282.15,53619.2,52783.45,53710.35,0,0.0,0.0,0.0,0.0,-0.01,-1,-1,-0.01,-1,-1,-0.01,-1,-1,-0.01,-1,-1,-0.01,-1,-1,-0.01,-1,-1,-0.01,-1,-1,-0.01,-1,-1,-0.01,-1,-1,-0.01,-1,-1
99926009,2026-05-18 14:45:54+05:30,53432.95,0,0.0,0,0.0,0.0,53282.15,53619.2,52783.45,53710.35,0,0.0,0.0,0.0,0.0,-0.01,-1,-1,-0.01,-1,-1,-0.01,-1,-1,-0.01,-1,-1,-0.01,-1,-1,-0.01,-1,-1,-0.01,-1,-1,-0.01,-1,-1,-0.01,-1,-1,-0.01,-1,-1
99926009,2026-05-18 14:45:55+05:30,53430.2,0,0.0,0,0.0,0.0,53282.15,53619.2,52783.45,53710.35,0,0.0,0.0,0.0,0.0,-0.01,-1,-1,-0.01,-1,-1,-0.01,-1,-1,-0.01,-1,-1,-0.01,-1,-1,-0.01,-1,-1,-0.01,-1,-1,-0.01,-1,-1,-0.01,-1,-1,-0.01,-1,-1
99926009,2026-05-18 14:45:55+05:30,53431.6,0,0.0,0,0.0,0.0,53282.15,53619.2,52783.45,53710.35,0,0.0,0.0,0.0,0.0,-0.01,-1,-1,-0.01,-1,-1,-0.01,-1,-1,-0.01,-1,-1,-0.01,-1,-1,-0.01,-1,-1,-0.01,-1,-1,-0.01,-1,-1,-0.01,-1,-1,-0.01,-1,-1
99926009,2026-05-18 14:45:56+05:30,53429.55,0,0.0,0,0.0,0.0,53282.15,53619.2,52783.45,53710.35,0,0.0,0.0,0.0,0.0,-0.01,-1,-1,-0.01,-1,-1,-0.01,-1,-1,-0.01,-1,-1,-0.01,-1,-1,-0.01,-1,-1,-0.01,-1,-1,-0.01,-1,-1,-0.01,-1,-1,-0.01,-1,-1
99926009,2026-05-18 14:45:56+05:30,53431.05,0,0.0,0,0.0,0.0,53282.15,53619.2,52783.45,53710.35,0,0.0,0.0,0.0,0.0,-0.01,-1,-1,-0.01,-1,-1,-0.01,-1,-1,-0.01,-1,-1,-0.01,-1,-1,-0.01,-1,-1,-0.01,-1,-1,-0.01,-1,-1,-0.01,-1,-1,-0.01,-1,-1
99926009,2026-05-18 14:45:57+05:30,53431.25,0,0.0,0,0.0,0.0,53282.15,53619.2,52783.45,53710.35,0,0.0,0.0,0.0,0.0,-0.01,-1,-1,-0.01,-1,-1,-0.01,-1,-1,-0.01,-1,-1,-0.01,-1,-1,-0.01,-1,-1,-0.01,-1,-1,-0.01,-1,-1,-0.01,-1,-1,-0.01,-1,-1
99926009,2026-05-18 14:45:57+05:30,53433.6,0,0.0,0,0.0,0.0,53282.15,53619.2,52783.45,53710.35,0,0.0,0.0,0.0,0.0,-0.01,-1,-1,-0.01,-1,-1,-0.01,-1,-1,-0.01,-1,-1,-0.01,-1,-1,-0.01,-1,-1,-0.01,-1,-1,-0.01,-1,-1,-0.01,-1,-1,-0.01,-1,-1
99926009,2026-05-18 14:45:58+05:30,53430.15,0,0.0,0,0.0,0.0,53282.15,53619.2,52783.45,53710.35,0,0.0,0.0,0.0,0.0,-0.01,-1,-1,-0.01,-1,-1,-0.01,-1,-1,-0.01,-1,-1,-0.01,-1,-1,-0.01,-1,-1,-0.01,-1,-1,-0.01,-1,-1,-0.01,-1,-1,-0.01,-1,-1
99926009,2026-05-18 14:45:58+05:30,53431.5,0,0.0,0,0.0,0.0,53282.15,53619.2,52783.45,53710.35,0,0.0,0.0,0.0,0.0,-0.01,-1,-1,-0.01,-1,-1,-0.01,-1,-1,-0.01,-1,-1,-0.01,-1,-1,-0.01,-1,-1,-0.01,-1,-1,-0.01,-1,-1,-0.01,-1,-1,-0.01,-1,-1
99926009,2026-05-18 14:45:59+05:30,53428.45,0,0.0,0,0.0,0.0,53282.15,53619.2,52783.45,53710.35,0,0.0,0.0,0.0,0.0,-0.01,-1,-1,-0.01,-1,-1,-0.01,-1,-1,-0.01,-1,-1,-0.01,-1,-1,-0.01,-1,-1,-0.01,-1,-1,-0.01,-1,-1,-0.01,-1,-1,-0.01,-1,-1
99926009,2026-05-18 14:45:59+05:30,53431.65,0,0.0,0,0.0,0.0,53282.15,53619.2,52783.45,53710.35,0,0.0,0.0,0.0,0.0,-0.01,-1,-1,-0.01,-1,-1,-0.01,-1,-1,-0.01,-1,-1,-0.01,-1,-1,-0.01,-1,-1,-0.01,-1,-1,-0.01,-1,-1,-0.01,-1,-1,-0.01,-1,-1
99926009,2026-05-18 14:46:00+05:30,53432.0,0,0.0,0,0.0,0.0,53282.15,53619.2,52783.45,53710.35,0,0.0,0.0,0.0,0.0,-0.01,-1,-1,-0.01,-1,-1,-0.01,-1,-1,-0.01,-1,-1,-0.01,-1,-1,-0.01,-1,-1,-0.01,-1,-1,-0.01,-1,-1,-0.01,-1,-1,-0.01,-1,-1
99926009,2026-05-18 14:46:00+05:30,53431.1,0,0.0,0,0.0,0.0,53282.15,53619.2,52783.45,53710.35,0,0.0,0.0,0.0,0.0,-0.01,-1,-1,-0.01,-1,-1,-0.01,-1,-1,-0.01,-1,-1,-0.01,-1,-1,-0.01,-1,-1,-0.01,-1,-1,-0.01,-1,-1,-0.01,-1,-1,-0.01,-1,-1
99926009,2026-05-18 14:46:01+05:30,53430.3,0,0.0,0,0.0,0.0,53282.15,53619.2,52783.45,53710.35,0,0.0,0.0,0.0,0.0,-0.01,-1,-1,-0.01,-1,-1,-0.01,-1,-1,-0.01,-1,-1,-0.01,-1,-1,-0.01,-1,-1,-0.01,-1,-1,-0.01,-1,-1,-0.01,-1,-1,-0.01,-1,-1
99926009,2026-05-18 14:46:01+05:30,53428.95,0,0.0,0,0.0,0.0,53282.15,53619.2,52783.45,53710.35,0,0.0,0.0,0.0,0.0,-0.01,-1,-1,-0.01,-1,-1,-0.01,-1,-1,-0.01,-1,-1,-0.01,-1,-1,-0.01,-1,-1,-0.01,-1,-1,-0.01,-1,-1,-0.01,-1,-1,-0.01,-1,-1
99926009,2026-05-18 14:46:02+05:30,53430.55,0,0.0,0,0.0,0.0,53282.15,53619.2,52783.45,53710.35,0,0.0,0.0,0.0,0.0,-0.01,-1,-1,-0.01,-1,-1,-0.01,-1,-1,-0.01,-1,-1,-0.01,-1,-1,-0.01,-1,-1,-0.01,-1,-1,-0.01,-1,-1,-0.01,-1,-1,-0.01,-1,-1
99926009,2026-05-18 14:46:02+05:30,53430.35,0,0.0,0,0.0,0.0,53282.15,53619.2,52783.45,53710.35,0,0.0,0.0,0.0,0.0,-0.01,-1,-1,-0.01,-1,-1,-0.01,-1,-1,-0.01,-1,-1,-0.01,-1,-1,-0.01,-1,-1,-0.01,-1,-1,-0.01,-1,-1,-0.01,-1,-1,-0.01,-1,-1
99926009,2026-05-18 14:46:03+05:30,53432.0,0,0.0,0,0.0,0.0,53282.15,53619.2,52783.45,53710.35,0,0.0,0.0,0.0,0.0,-0.01,-1,-1,-0.01,-1,-1,-0.01,-1,-1,-0.01,-1,-1,-0.01,-1,-1,-0.01,-1,-1,-0.01,-1,-1,-0.01,-1,-1,-0.01,-1,-1,-0.01,-1,-1
99926009,2026-05-18 14:46:03+05:30,53430.5,0,0.0,0,0.0,0.0,53282.15,53619.2,52783.45,53710.35,0,0.0,0.0,0.0,0.0,-0.01,-1,-1,-0.01,-1,-1,-0.01,-1,-1,-0.01,-1,-1,-0.01,-1,-1,-0.01,-1,-1,-0.01,-1,-1,-0.01,-1,-1,-0.01,-1,-1,-0.01,-1,-1
99926009,2026-05-18 14:46:04+05:30,53433.85,0,0.0,0,0.0,0.0,53282.15,53619.2,52783.45,53710.35,0,0.0,0.0,0.0,0.0,-0.01,-1,-1,-0.01,-1,-1,-0.01,-1,-1,-0.01,-1,-1,-0.01,-1,-1,-0.01,-1,-1,-0.01,-1,-1,-0.01,-1,-1,-0.01,-1,-1,-0.01,-1,-1
99926009,2026-05-18 14:46:04+05:30,53432.0,0,0.0,0,0.0,0.0,53282.15,53619.2,52783.45,53710.35,0,0.0,0.0,0.0,0.0,-0.01,-1,-1,-0.01,-1,-1,-0.01,-1,-1,-0.01,-1,-1,-0.01,-1,-1,-0.01,-1,-1,-0.01,-1,-1,-0.01,-1,-1,-0.01,-1,-1,-0.01,-1,-1
99926009,2026-05-18 14:46:05+05:30,53428.75,0,0.0,0,0.0,0.0,53282.15,53619.2,52783.45,53710.35,0,0.0,0.0,0.0,0.0,-0.01,-1,-1,-0.01,-1,-1,-0.01,-1,-1,-0.01,-1,-1,-0.01,-1,-1,-0.01,-1,-1,-0.01,-1,-1,-0.01,-1,-1,-0.01,-1,-1,-0.01,-1,-1
99926009,2026-05-18 14:46:05+05:30,53429.35,0,0.0,0,0.0,0.0,53282.15,53619.2,52783.45,53710.35,0,0.0,0.0,0.0,0.0,-0.01,-1,-1,-0.01,-1,-1,-0.01,-1,-1,-0.01,-1,-1,-0.01,-1,-1,-0.01,-1,-1,-0.01,-1,-1,-0.01,-1,-1,-0.01,-1,-1,-0.01,-1,-1
99926009,2026-05-18 14:46:06+05:30,53427.05,0,0.0,0,0.0,0.0,53282.15,53619.2,52783.45,53710.35,0,0.0,0.0,0.0,0.0,-0.01,-1,-1,-0.01,-1,-1,-0.01,-1,-1,-0.01,-1,-1,-0.01,-1,-1,-0.01,-1,-1,-0.01,-1,-1,-0.01,-1,-1,-0.01,-1,-1,-0.01,-1,-1
99926009,2026-05-18 14:46:06+05:30,53430.0,0,0.0,0,0.0,0.0,53282.15,53619.2,52783.45,53710.35,0,0.0,0.0,0.0,0.0,-0.01,-1,-1,-0.01,-1,-1,-0.01,-1,-1,-0.01,-1,-1,-0.01,-1,-1,-0.01,-1,-1,-0.01,-1,-1,-0.01,-1,-1,-0.01,-1,-1,-0.01,-1,-1
99926009,2026-05-18 14:46:07+05:30,53429.05,0,0.0,0,0.0,0.0,53282.15,53619.2,52783.45,53710.35,0,0.0,0.0,0.0,0.0,-0.01,-1,-1,-0.01,-1,-1,-0.01,-1,-1,-0.01,-1,-1,-0.01,-1,-1,-0.01,-1,-1,-0.01,-1,-1,-0.01,-1,-1,-0.01,-1,-1,-0.01,-1,-1
99926009,2026-05-18 14:46:07+05:30,53430.4,0,0.0,0,0.0,0.0,53282.15,53619.2,52783.45,53710.35,0,0.0,0.0,0.0,0.0,-0.01,-1,-1,-0.01,-1,-1,-0.01,-1,-1,-0.01,-1,-1,-0.01,-1,-1,-0.01,-1,-1,-0.01,-1,-1,-0.01,-1,-1,-0.01,-1,-1,-0.01,-1,-1
99926009,2026-05-18 14:46:08+05:30,53430.3,0,0.0,0,0.0,0.0,53282.15,53619.2,52783.45,53710.35,0,0.0,0.0,0.0,0.0,-0.01,-1,-1,-0.01,-1,-1,-0.01,-1,-1,-0.01,-1,-1,-0.01,-1,-1,-0.01,-1,-1,-0.01,-1,-1,-0.01,-1,-1,-0.01,-1,-1,-0.01,-1,-1
99926009,2026-05-18 14:46:08+05:30,53430.8,0,0.0,0,0.0,0.0,53282.15,53619.2,52783.45,53710.35,0,0.0,0.0,0.0,0.0,-0.01,-1,-1,-0.01,-1,-1,-0.01,-1,-1,-0.01,-1,-1,-0.01,-1,-1,-0.01,-1,-1,-0.01,-1,-1,-0.01,-1,-1,-0.01,-1,-1,-0.01,-1,-1
99926009,2026-05-18 14:46:09+05:30,53432.65,0,0.0,0,0.0,0.0,53282.15,53619.2,52783.45,53710.35,0,0.0,0.0,0.0,0.0,-0.01,-1,-1,-0.01,-1,-1,-0.01,-1,-1,-0.01,-1,-1,-0.01,-1,-1,-0.01,-1,-1,-0.01,-1,-1,-0.01,-1,-1,-0.01,-1,-1,-0.01,-1,-1
99926009,2026-05-18 14:46:09+05:30,53429.1,0,0.0,0,0.0,0.0,53282.15,53619.2,52783.45,53710.35,0,0.0,0.0,0.0,0.0,-0.01,-1,-1,-0.01,-1,-1,-0.01,-1,-1,-0.01,-1,-1,-0.01,-1,-1,-0.01,-1,-1,-0.01,-1,-1,-0.01,-1,-1,-0.01,-1,-1,-0.01,-1,-1
99926009,2026-05-18 14:46:10+05:30,53431.65,0,0.0,0,0.0,0.0,53282.15,53619.2,52783.45,53710.35,0,0.0,0.0,0.0,0.0,-0.01,-1,-1,-0.01,-1,-1,-0.01,-1,-1,-0.01,-1,-1,-0.01,-1,-1,-0.01,-1,-1,-0.01,-1,-1,-0.01,-1,-1,-0.01,-1,-1,-0.01,-1,-1
99926009,2026-05-18 14:46:10+05:30,53432.5,0,0.0,0,0.0,0.0,53282.15,53619.2,52783.45,53710.35,0,0.0,0.0,0.0,0.0,-0.01,-1,-1,-0.01,-1,-1,-0.01,-1,-1,-0.01,-1,-1,-0.01,-1,-1,-0.01,-1,-1,-0.01,-1,-1,-0.01,-1,-1,-0.01,-1,-1,-0.01,-1,-1
99926009,2026-05-18 14:46:11+05:30,53434.25,0,0.0,0,0.0,0.0,53282.15,53619.2,52783.45,53710.35,0,0.0,0.0,0.0,0.0,-0.01,-1,-1,-0.01,-1,-1,-0.01,-1,-1,-0.01,-1,-1,-0.01,-1,-1,-0.01,-1,-1,-0.01,-1,-1,-0.01,-1,-1,-0.01,-1,-1,-0.01,-1,-1
99926009,2026-05-18 14:46:11+05:30,53433.3,0,0.0,0,0.0,0.0,53282.15,53619.2,52783.45,53710.35,0,0.0,0.0,0.0,0.0,-0.01,-1,-1,-0.01,-1,-1,-0.01,-1,-1,-0.01,-1,-1,-0.01,-1,-1,-0.01,-1,-1,-0.01,-1,-1,-0.01,-1,-1,-0.01,-1,-1,-0.01,-1,-1
99926009,2026-05-18 14:46:12+05:30,53435.45,0,0.0,0,0.0,0.0,53282.15,53619.2,52783.45,53710.35,0,0.0,0.0,0.0,0.0,-0.01,-1,-1,-0.01,-1,-1,-0.01,-1,-1,-0.01,-1,-1,-0.01,-1,-1,-0.01,-1,-1,-0.01,-1,-1,-0.01,-1,-1,-0.01,-1,-1,-0.01,-1,-1
99926009,2026-05-18 14:46:12+05:30,53439.9,0,0.0,0,0.0,0.0,53282.15,53619.2,52783.45,53710.35,0,0.0,0.0,0.0,0.0,-0.01,-1,-1,-0.01,-1,-1,-0.01,-1,-1,-0.01,-1,-1,-0.01,-1,-1,-0.01,-1,-1,-0.01,-1,-1,-0.01,-1,-1,-0.01,-1,-1,-0.01,-1,-1
99926009,2026-05-18 14:46:13+05:30,53440.4,0,0.0,0,0.0,0.0,53282.15,53619.2,52783.45,53710.35,0,0.0,0.0,0.0,0.0,-0.01,-1,-1,-0.01,-1,-1,-0.01,-1,-1,-0.01,-1,-1,-0.01,-1,-1,-0.01,-1,-1,-0.01,-1,-1,-0.01,-1,-1,-0.01,-1,-1,-0.01,-1,-1
99926009,2026-05-18 14:46:13+05:30,53441.75,0,0.0,0,0.0,0.0,53282.15,53619.2,52783.45,53710.35,0,0.0,0.0,0.0,0.0,-0.01,-1,-1,-0.01,-1,-1,-0.01,-1,-1,-0.01,-1,-1,-0.01,-1,-1,-0.01,-1,-1,-0.01,-1,-1,-0.01,-1,-1,-0.01,-1,-1,-0.01,-1,-1
99926009,2026-05-18 14:46:14+05:30,53442.05,0,0.0,0,0.0,0.0,53282.15,53619.2,52783.45,53710.35,0,0.0,0.0,0.0,0.0,-0.01,-1,-1,-0.01,-1,-1,-0.01,-1,-1,-0.01,-1,-1,-0.01,-1,-1,-0.01,-1,-1,-0.01,-1,-1,-0.01,-1,-1,-0.01,-1,-1,-0.01,-1,-1
99926009,2026-05-18 14:46:14+05:30,53442.65,0,0.0,0,0.0,0.0,53282.15,53619.2,52783.45,53710.35,0,0.0,0.0,0.0,0.0,-0.01,-1,-1,-0.01,-1,-1,-0.01,-1,-1,-0.01,-1,-1,-0.01,-1,-1,-0.01,-1,-1,-0.01,-1,-1,-0.01,-1,-1,-0.01,-1,-1,-0.01,-1,-1
99926009,2026-05-18 14:46:15+05:30,53441.55,0,0.0,0,0.0,0.0,53282.15,53619.2,52783.45,53710.35,0,0.0,0.0,0.0,0.0,-0.01,-1,-1,-0.01,-1,-1,-0.01,-1,-1,-0.01,-1,-1,-0.01,-1,-1,-0.01,-1,-1,-0.01,-1,-1,-0.01,-1,-1,-0.01,-1,-1,-0.01,-1,-1
99926009,2026-05-18 14:46:15+05:30,53449.2,0,0.0,0,0.0,0.0,53282.15,53619.2,52783.45,53710.35,0,0.0,0.0,0.0,0.0,-0.01,-1,-1,-0.01,-1,-1,-0.01,-1,-1,-0.01,-1,-1,-0.01,-1,-1,-0.01,-1,-1,-0.01,-1,-1,-0.01,-1,-1,-0.01,-1,-1,-0.01,-1,-1
99926009,2026-05-18 14:46:16+05:30,53451.15,0,0.0,0,0.0,0.0,53282.15,53619.2,52783.45,53710.35,0,0.0,0.0,0.0,0.0,-0.01,-1,-1,-0.01,-1,-1,-0.01,-1,-1,-0.01,-1,-1,-0.01,-1,-1,-0.01,-1,-1,-0.01,-1,-1,-0.01,-1,-1,-0.01,-1,-1,-0.01,-1,-1
99926009,2026-05-18 14:46:16+05:30,53449.85,0,0.0,0,0.0,0.0,53282.15,53619.2,52783.45,53710.35,0,0.0,0.0,0.0,0.0,-0.01,-1,-1,-0.01,-1,-1,-0.01,-1,-1,-0.01,-1,-1,-0.01,-1,-1,-0.01,-1,-1,-0.01,-1,-1,-0.01,-1,-1,-0.01,-1,-1,-0.01,-1,-1
99926009,2026-05-18 14:46:17+05:30,53451.6,0,0.0,0,0.0,0.0,53282.15,53619.2,52783.45,53710.35,0,0.0,0.0,0.0,0.0,-0.01,-1,-1,-0.01,-1,-1,-0.01,-1,-1,-0.01,-1,-1,-0.01,-1,-1,-0.01,-1,-1,-0.01,-1,-1,-0.01,-1,-1,-0.01,-1,-1,-0.01,-1,-1
99926009,2026-05-18 14:46:17+05:30,53450.8,0,0.0,0,0.0,0.0,53282.15,53619.2,52783.45,53710.35,0,0.0,0.0,0.0,0.0,-0.01,-1,-1,-0.01,-1,-1,-0.01,-1,-1,-0.01,-1,-1,-0.01,-1,-1,-0.01,-1,-1,-0.01,-1,-1,-0.01,-1,-1,-0.01,-1,-1,-0.01,-1,-1
99926009,2026-05-18 14:46:18+05:30,53448.25,0,0.0,0,0.0,0.0,53282.15,53619.2,52783.45,53710.35,0,0.0,0.0,0.0,0.0,-0.01,-1,-1,-0.01,-1,-1,-0.01,-1,-1,-0.01,-1,-1,-0.01,-1,-1,-0.01,-1,-1,-0.01,-1,-1,-0.01,-1,-1,-0.01,-1,-1,-0.01,-1,-1
99926009,2026-05-18 14:46:18+05:30,53452.1,0,0.0,0,0.0,0.0,53282.15,53619.2,52783.45,53710.35,0,0.0,0.0,0.0,0.0,-0.01,-1,-1,-0.01,-1,-1,-0.01,-1,-1,-0.01,-1,-1,-0.01,-1,-1,-0.01,-1,-1,-0.01,-1,-1,-0.01,-1,-1,-0.01,-1,-1,-0.01,-1,-1
99926009,2026-05-18 14:46:19+05:30,53452.25,0,0.0,0,0.0,0.0,53282.15,53619.2,52783.45,53710.35,0,0.0,0.0,0.0,0.0,-0.01,-1,-1,-0.01,-1,-1,-0.01,-1,-1,-0.01,-1,-1,-0.01,-1,-1,-0.01,-1,-1,-0.01,-1,-1,-0.01,-1,-1,-0.01,-1,-1,-0.01,-1,-1
99926009,2026-05-18 14:46:19+05:30,53447.3,0,0.0,0,0.0,0.0,53282.15,53619.2,52783.45,53710.35,0,0.0,0.0,0.0,0.0,-0.01,-1,-1,-0.01,-1,-1,-0.01,-1,-1,-0.01,-1,-1,-0.01,-1,-1,-0.01,-1,-1,-0.01,-1,-1,-0.01,-1,-1,-0.01,-1,-1,-0.01,-1,-1
99926009,2026-05-18 14:46:20+05:30,53445.55,0,0.0,0,0.0,0.0,53282.15,53619.2,52783.45,53710.35,0,0.0,0.0,0.0,0.0,-0.01,-1,-1,-0.01,-1,-1,-0.01,-1,-1,-0.01,-1,-1,-0.01,-1,-1,-0.01,-1,-1,-0.01,-1,-1,-0.01,-1,-1,-0.01,-1,-1,-0.01,-1,-1
99926009,2026-05-18 14:46:20+05:30,53446.25,0,0.0,0,0.0,0.0,53282.15,53619.2,52783.45,53710.35,0,0.0,0.0,0.0,0.0,-0.01,-1,-1,-0.01,-1,-1,-0.01,-1,-1,-0.01,-1,-1,-0.01,-1,-1,-0.01,-1,-1,-0.01,-1,-1,-0.01,-1,-1,-0.01,-1,-1,-0.01,-1,-1
99926009,2026-05-18 14:46:21+05:30,53445.55,0,0.0,0,0.0,0.0,53282.15,53619.2,52783.45,53710.35,0,0.0,0.0,0.0,0.0,-0.01,-1,-1,-0.01,-1,-1,-0.01,-1,-1,-0.01,-1,-1,-0.01,-1,-1,-0.01,-1,-1,-0.01,-1,-1,-0.01,-1,-1,-0.01,-1,-1,-0.01,-1,-1
99926009,2026-05-18 14:46:21+05:30,53448.7,0,0.0,0,0.0,0.0,53282.15,53619.2,52783.45,53710.35,0,0.0,0.0,0.0,0.0,-0.01,-1,-1,-0.01,-1,-1,-0.01,-1,-1,-0.01,-1,-1,-0.01,-1,-1,-0.01,-1,-1,-0.01,-1,-1,-0.01,-1,-1,-0.01,-1,-1,-0.01,-1,-1
99926009,2026-05-18 14:46:22+05:30,53448.2,0,0.0,0,0.0,0.0,53282.15,53619.2,52783.45,53710.35,0,0.0,0.0,0.0,0.0,-0.01,-1,-1,-0.01,-1,-1,-0.01,-1,-1,-0.01,-1,-1,-0.01,-1,-1,-0.01,-1,-1,-0.01,-1,-1,-0.01,-1,-1,-0.01,-1,-1,-0.01,-1,-1
99926009,2026-05-18 14:46:22+05:30,53447.2,0,0.0,0,0.0,0.0,53282.15,53619.2,52783.45,53710.35,0,0.0,0.0,0.0,0.0,-0.01,-1,-1,-0.01,-1,-1,-0.01,-1,-1,-0.01,-1,-1,-0.01,-1,-1,-0.01,-1,-1,-0.01,-1,-1,-0.01,-1,-1,-0.01,-1,-1,-0.01,-1,-1
99926009,2026-05-18 14:46:23+05:30,53445.15,0,0.0,0,0.0,0.0,53282.15,53619.2,52783.45,53710.35,0,0.0,0.0,0.0,0.0,-0.01,-1,-1,-0.01,-1,-1,-0.01,-1,-1,-0.01,-1,-1,-0.01,-1,-1,-0.01,-1,-1,-0.01,-1,-1,-0.01,-1,-1,-0.01,-1,-1,-0.01,-1,-1
99926009,2026-05-18 14:46:23+05:30,53443.2,0,0.0,0,0.0,0.0,53282.15,53619.2,52783.45,53710.35,0,0.0,0.0,0.0,0.0,-0.01,-1,-1,-0.01,-1,-1,-0.01,-1,-1,-0.01,-1,-1,-0.01,-1,-1,-0.01,-1,-1,-0.01,-1,-1,-0.01,-1,-1,-0.01,-1,-1,-0.01,-1,-1
99926009,2026-05-18 14:46:24+05:30,53442.85,0,0.0,0,0.0,0.0,53282.15,53619.2,52783.45,53710.35,0,0.0,0.0,0.0,0.0,-0.01,-1,-1,-0.01,-1,-1,-0.01,-1,-1,-0.01,-1,-1,-0.01,-1,-1,-0.01,-1,-1,-0.01,-1,-1,-0.01,-1,-1,-0.01,-1,-1,-0.01,-1,-1
99926009,2026-05-18 14:46:24+05:30,53442.45,0,0.0,0,0.0,0.0,53282.15,53619.2,52783.45,53710.35,0,0.0,0.0,0.0,0.0,-0.01,-1,-1,-0.01,-1,-1,-0.01,-1,-1,-0.01,-1,-1,-0.01,-1,-1,-0.01,-1,-1,-0.01,-1,-1,-0.01,-1,-1,-0.01,-1,-1,-0.01,-1,-1
99926009,2026-05-18 14:46:25+05:30,53442.95,0,0.0,0,0.0,0.0,53282.15,53619.2,52783.45,53710.35,0,0.0,0.0,0.0,0.0,-0.01,-1,-1,-0.01,-1,-1,-0.01,-1,-1,-0.01,-1,-1,-0.01,-1,-1,-0.01,-1,-1,-0.01,-1,-1,-0.01,-1,-1,-0.01,-1,-1,-0.01,-1,-1
99926009,2026-05-18 14:46:25+05:30,53448.5,0,0.0,0,0.0,0.0,53282.15,53619.2,52783.45,53710.35,0,0.0,0.0,0.0,0.0,-0.01,-1,-1,-0.01,-1,-1,-0.01,-1,-1,-0.01,-1,-1,-0.01,-1,-1,-0.01,-1,-1,-0.01,-1,-1,-0.01,-1,-1,-0.01,-1,-1,-0.01,-1,-1
99926009,2026-05-18 14:46:26+05:30,53444.85,0,0.0,0,0.0,0.0,53282.15,53619.2,52783.45,53710.35,0,0.0,0.0,0.0,0.0,-0.01,-1,-1,-0.01,-1,-1,-0.01,-1,-1,-0.01,-1,-1,-0.01,-1,-1,-0.01,-1,-1,-0.01,-1,-1,-0.01,-1,-1,-0.01,-1,-1,-0.01,-1,-1
99926009,2026-05-18 14:46:26+05:30,53449.2,0,0.0,0,0.0,0.0,53282.15,53619.2,52783.45,53710.35,0,0.0,0.0,0.0,0.0,-0.01,-1,-1,-0.01,-1,-1,-0.01,-1,-1,-0.01,-1,-1,-0.01,-1,-1,-0.01,-1,-1,-0.01,-1,-1,-0.01,-1,-1,-0.01,-1,-1,-0.01,-1,-1
99926009,2026-05-18 14:46:27+05:30,53446.6,0,0.0,0,0.0,0.0,53282.15,53619.2,52783.45,53710.35,0,0.0,0.0,0.0,0.0,-0.01,-1,-1,-0.01,-1,-1,-0.01,-1,-1,-0.01,-1,-1,-0.01,-1,-1,-0.01,-1,-1,-0.01,-1,-1,-0.01,-1,-1,-0.01,-1,-1,-0.01,-1,-1
99926009,2026-05-18 14:46:27+05:30,53443.75,0,0.0,0,0.0,0.0,53282.15,53619.2,52783.45,53710.35,0,0.0,0.0,0.0,0.0,-0.01,-1,-1,-0.01,-1,-1,-0.01,-1,-1,-0.01,-1,-1,-0.01,-1,-1,-0.01,-1,-1,-0.01,-1,-1,-0.01,-1,-1,-0.01,-1,-1,-0.01,-1,-1
99926009,2026-05-18 14:46:28+05:30,53447.85,0,0.0,0,0.0,0.0,53282.15,53619.2,52783.45,53710.35,0,0.0,0.0,0.0,0.0,-0.01,-1,-1,-0.01,-1,-1,-0.01,-1,-1,-0.01,-1,-1,-0.01,-1,-1,-0.01,-1,-1,-0.01,-1,-1,-0.01,-1,-1,-0.01,-1,-1,-0.01,-1,-1
99926009,2026-05-18 14:46:28+05:30,53444.9,0,0.0,0,0.0,0.0,53282.15,53619.2,52783.45,53710.35,0,0.0,0.0,0.0,0.0,-0.01,-1,-1,-0.01,-1,-1,-0.01,-1,-1,-0.01,-1,-1,-0.01,-1,-1,-0.01,-1,-1,-0.01,-1,-1,-0.01,-1,-1,-0.01,-1,-1,-0.01,-1,-1
99926009,2026-05-18 14:46:29+05:30,53445.4,0,0.0,0,0.0,0.0,53282.15,53619.2,52783.45,53710.35,0,0.0,0.0,0.0,0.0,-0.01,-1,-1,-0.01,-1,-1,-0.01,-1,-1,-0.01,-1,-1,-0.01,-1,-1,-0.01,-1,-1,-0.01,-1,-1,-0.01,-1,-1,-0.01,-1,-1,-0.01,-1,-1
99926009,2026-05-18 14:46:29+05:30,53442.7,0,0.0,0,0.0,0.0,53282.15,53619.2,52783.45,53710.35,0,0.0,0.0,0.0,0.0,-0.01,-1,-1,-0.01,-1,-1,-0.01,-1,-1,-0.01,-1,-1,-0.01,-1,-1,-0.01,-1,-1,-0.01,-1,-1,-0.01,-1,-1,-0.01,-1,-1,-0.01,-1,-1
99926009,2026-05-18 14:46:30+05:30,53443.6,0,0.0,0,0.0,0.0,53282.15,53619.2,52783.45,53710.35,0,0.0,0.0,0.0,0.0,-0.01,-1,-1,-0.01,-1,-1,-0.01,-1,-1,-0.01,-1,-1,-0.01,-1,-1,-0.01,-1,-1,-0.01,-1,-1,-0.01,-1,-1,-0.01,-1,-1,-0.01,-1,-1
99926009,2026-05-18 14:46:30+05:30,53442.75,0,0.0,0,0.0,0.0,53282.15,53619.2,52783.45,53710.35,0,0.0,0.0,0.0,0.0,-0.01,-1,-1,-0.01,-1,-1,-0.01,-1,-1,-0.01,-1,-1,-0.01,-1,-1,-0.01,-1,-1,-0.01,-1,-1,-0.01,-1,-1,-0.01,-1,-1,-0.01,-1,-1
99926009,2026-05-18 14:46:31+05:30,53446.5,0,0.0,0,0.0,0.0,53282.15,53619.2,52783.45,53710.35,0,0.0,0.0,0.0,0.0,-0.01,-1,-1,-0.01,-1,-1,-0.01,-1,-1,-0.01,-1,-1,-0.01,-1,-1,-0.01,-1,-1,-0.01,-1,-1,-0.01,-1,-1,-0.01,-1,-1,-0.01,-1,-1
99926009,2026-05-18 14:46:31+05:30,53448.95,0,0.0,0,0.0,0.0,53282.15,53619.2,52783.45,53710.35,0,0.0,0.0,0.0,0.0,-0.01,-1,-1,-0.01,-1,-1,-0.01,-1,-1,-0.01,-1,-1,-0.01,-1,-1,-0.01,-1,-1,-0.01,-1,-1,-0.01,-1,-1,-0.01,-1,-1,-0.01,-1,-1
99926009,2026-05-18 14:46:32+05:30,53445.4,0,0.0,0,0.0,0.0,53282.15,53619.2,52783.45,53710.35,0,0.0,0.0,0.0,0.0,-0.01,-1,-1,-0.01,-1,-1,-0.01,-1,-1,-0.01,-1,-1,-0.01,-1,-1,-0.01,-1,-1,-0.01,-1,-1,-0.01,-1,-1,-0.01,-1,-1,-0.01,-1,-1
99926009,2026-05-18 14:46:32+05:30,53446.2,0,0.0,0,0.0,0.0,53282.15,53619.2,52783.45,53710.35,0,0.0,0.0,0.0,0.0,-0.01,-1,-1,-0.01,-1,-1,-0.01,-1,-1,-0.01,-1,-1,-0.01,-1,-1,-0.01,-1,-1,-0.01,-1,-1,-0.01,-1,-1,-0.01,-1,-1,-0.01,-1,-1
99926009,2026-05-18 14:46:33+05:30,53445.1,0,0.0,0,0.0,0.0,53282.15,53619.2,52783.45,53710.35,0,0.0,0.0,0.0,0.0,-0.01,-1,-1,-0.01,-1,-1,-0.01,-1,-1,-0.01,-1,-1,-0.01,-1,-1,-0.01,-1,-1,-0.01,-1,-1,-0.01,-1,-1,-0.01,-1,-1,-0.01,-1,-1
99926009,2026-05-18 14:46:33+05:30,53445.75,0,0.0,0,0.0,0.0,53282.15,53619.2,52783.45,53710.35,0,0.0,0.0,0.0,0.0,-0.01,-1,-1,-0.01,-1,-1,-0.01,-1,-1,-0.01,-1,-1,-0.01,-1,-1,-0.01,-1,-1,-0.01,-1,-1,-0.01,-1,-1,-0.01,-1,-1,-0.01,-1,-1
99926009,2026-05-18 14:46:34+05:30,53443.1,0,0.0,0,0.0,0.0,53282.15,53619.2,52783.45,53710.35,0,0.0,0.0,0.0,0.0,-0.01,-1,-1,-0.01,-1,-1,-0.01,-1,-1,-0.01,-1,-1,-0.01,-1,-1,-0.01,-1,-1,-0.01,-1,-1,-0.01,-1,-1,-0.01,-1,-1,-0.01,-1,-1
99926009,2026-05-18 14:46:34+05:30,53441.45,0,0.0,0,0.0,0.0,53282.15,53619.2,52783.45,53710.35,0,0.0,0.0,0.0,0.0,-0.01,-1,-1,-0.01,-1,-1,-0.01,-1,-1,-0.01,-1,-1,-0.01,-1,-1,-0.01,-1,-1,-0.01,-1,-1,-0.01,-1,-1,-0.01,-1,-1,-0.01,-1,-1
99926009,2026-05-18 14:46:35+05:30,53441.2,0,0.0,0,0.0,0.0,53282.15,53619.2,52783.45,53710.35,0,0.0,0.0,0.0,0.0,-0.01,-1,-1,-0.01,-1,-1,-0.01,-1,-1,-0.01,-1,-1,-0.01,-1,-1,-0.01,-1,-1,-0.01,-1,-1,-0.01,-1,-1,-0.01,-1,-1,-0.01,-1,-1
99926009,2026-05-18 14:46:35+05:30,53446.15,0,0.0,0,0.0,0.0,53282.15,53619.2,52783.45,53710.35,0,0.0,0.0,0.0,0.0,-0.01,-1,-1,-0.01,-1,-1,-0.01,-1,-1,-0.01,-1,-1,-0.01,-1,-1,-0.01,-1,-1,-0.01,-1,-1,-0.01,-1,-1,-0.01,-1,-1,-0.01,-1,-1
99926009,2026-05-18 14:46:36+05:30,53444.05,0,0.0,0,0.0,0.0,53282.15,53619.2,52783.45,53710.35,0,0.0,0.0,0.0,0.0,-0.01,-1,-1,-0.01,-1,-1,-0.01,-1,-1,-0.01,-1,-1,-0.01,-1,-1,-0.01,-1,-1,-0.01,-1,-1,-0.01,-1,-1,-0.01,-1,-1,-0.01,-1,-1
99926009,2026-05-18 14:46:36+05:30,53445.0,0,0.0,0,0.0,0.0,53282.15,53619.2,52783.45,53710.35,0,0.0,0.0,0.0,0.0,-0.01,-1,-1,-0.01,-1,-1,-0.01,-1,-1,-0.01,-1,-1,-0.01,-1,-1,-0.01,-1,-1,-0.01,-1,-1,-0.01,-1,-1,-0.01,-1,-1,-0.01,-1,-1
99926009,2026-05-18 14:46:37+05:30,53444.45,0,0.0,0,0.0,0.0,53282.15,53619.2,52783.45,53710.35,0,0.0,0.0,0.0,0.0,-0.01,-1,-1,-0.01,-1,-1,-0.01,-1,-1,-0.01,-1,-1,-0.01,-1,-1,-0.01,-1,-1,-0.01,-1,-1,-0.01,-1,-1,-0.01,-1,-1,-0.01,-1,-1
99926009,2026-05-18 14:46:37+05:30,53443.5,0,0.0,0,0.0,0.0,53282.15,53619.2,52783.45,53710.35,0,0.0,0.0,0.0,0.0,-0.01,-1,-1,-0.01,-1,-1,-0.01,-1,-1,-0.01,-1,-1,-0.01,-1,-1,-0.01,-1,-1,-0.01,-1,-1,-0.01,-1,-1,-0.01,-1,-1,-0.01,-1,-1
99926009,2026-05-18 14:46:38+05:30,53447.0,0,0.0,0,0.0,0.0,53282.15,53619.2,52783.45,53710.35,0,0.0,0.0,0.0,0.0,-0.01,-1,-1,-0.01,-1,-1,-0.01,-1,-1,-0.01,-1,-1,-0.01,-1,-1,-0.01,-1,-1,-0.01,-1,-1,-0.01,-1,-1,-0.01,-1,-1,-0.01,-1,-1
99926009,2026-05-18 14:46:38+05:30,53445.1,0,0.0,0,0.0,0.0,53282.15,53619.2,52783.45,53710.35,0,0.0,0.0,0.0,0.0,-0.01,-1,-1,-0.01,-1,-1,-0.01,-1,-1,-0.01,-1,-1,-0.01,-1,-1,-0.01,-1,-1,-0.01,-1,-1,-0.01,-1,-1,-0.01,-1,-1,-0.01,-1,-1
99926009,2026-05-18 14:46:39+05:30,53446.0,0,0.0,0,0.0,0.0,53282.15,53619.2,52783.45,53710.35,0,0.0,0.0,0.0,0.0,-0.01,-1,-1,-0.01,-1,-1,-0.01,-1,-1,-0.01,-1,-1,-0.01,-1,-1,-0.01,-1,-1,-0.01,-1,-1,-0.01,-1,-1,-0.01,-1,-1,-0.01,-1,-1
99926009,2026-05-18 14:46:39+05:30,53444.65,0,0.0,0,0.0,0.0,53282.15,53619.2,52783.45,53710.35,0,0.0,0.0,0.0,0.0,-0.01,-1,-1,-0.01,-1,-1,-0.01,-1,-1,-0.01,-1,-1,-0.01,-1,-1,-0.01,-1,-1,-0.01,-1,-1,-0.01,-1,-1,-0.01,-1,-1,-0.01,-1,-1
99926009,2026-05-18 14:46:40+05:30,53444.65,0,0.0,0,0.0,0.0,53282.15,53619.2,52783.45,53710.35,0,0.0,0.0,0.0,0.0,-0.01,-1,-1,-0.01,-1,-1,-0.01,-1,-1,-0.01,-1,-1,-0.01,-1,-1,-0.01,-1,-1,-0.01,-1,-1,-0.01,-1,-1,-0.01,-1,-1,-0.01,-1,-1
99926009,2026-05-18 14:46:40+05:30,53445.1,0,0.0,0,0.0,0.0,53282.15,53619.2,52783.45,53710.35,0,0.0,0.0,0.0,0.0,-0.01,-1,-1,-0.01,-1,-1,-0.01,-1,-1,-0.01,-1,-1,-0.01,-1,-1,-0.01,-1,-1,-0.01,-1,-1,-0.01,-1,-1,-0.01,-1,-1,-0.01,-1,-1
99926009,2026-05-18 14:46:41+05:30,53445.15,0,0.0,0,0.0,0.0,53282.15,53619.2,52783.45,53710.35,0,0.0,0.0,0.0,0.0,-0.01,-1,-1,-0.01,-1,-1,-0.01,-1,-1,-0.01,-1,-1,-0.01,-1,-1,-0.01,-1,-1,-0.01,-1,-1,-0.01,-1,-1,-0.01,-1,-1,-0.01,-1,-1
99926009,2026-05-18 14:46:41+05:30,53444.7,0,0.0,0,0.0,0.0,53282.15,53619.2,52783.45,53710.35,0,0.0,0.0,0.0,0.0,-0.01,-1,-1,-0.01,-1,-1,-0.01,-1,-1,-0.01,-1,-1,-0.01,-1,-1,-0.01,-1,-1,-0.01,-1,-1,-0.01,-1,-1,-0.01,-1,-1,-0.01,-1,-1
99926009,2026-05-18 14:46:42+05:30,53443.9,0,0.0,0,0.0,0.0,53282.15,53619.2,52783.45,53710.35,0,0.0,0.0,0.0,0.0,-0.01,-1,-1,-0.01,-1,-1,-0.01,-1,-1,-0.01,-1,-1,-0.01,-1,-1,-0.01,-1,-1,-0.01,-1,-1,-0.01,-1,-1,-0.01,-1,-1,-0.01,-1,-1
99926009,2026-05-18 14:46:42+05:30,53443.45,0,0.0,0,0.0,0.0,53282.15,53619.2,52783.45,53710.35,0,0.0,0.0,0.0,0.0,-0.01,-1,-1,-0.01,-1,-1,-0.01,-1,-1,-0.01,-1,-1,-0.01,-1,-1,-0.01,-1,-1,-0.01,-1,-1,-0.01,-1,-1,-0.01,-1,-1,-0.01,-1,-1
99926009,2026-05-18 14:46:43+05:30,53444.45,0,0.0,0,0.0,0.0,53282.15,53619.2,52783.45,53710.35,0,0.0,0.0,0.0,0.0,-0.01,-1,-1,-0.01,-1,-1,-0.01,-1,-1,-0.01,-1,-1,-0.01,-1,-1,-0.01,-1,-1,-0.01,-1,-1,-0.01,-1,-1,-0.01,-1,-1,-0.01,-1,-1
99926009,2026-05-18 14:46:43+05:30,53444.75,0,0.0,0,0.0,0.0,53282.15,53619.2,52783.45,53710.35,0,0.0,0.0,0.0,0.0,-0.01,-1,-1,-0.01,-1,-1,-0.01,-1,-1,-0.01,-1,-1,-0.01,-1,-1,-0.01,-1,-1,-0.01,-1,-1,-0.01,-1,-1,-0.01,-1,-1,-0.01,-1,-1
99926009,2026-05-18 14:46:44+05:30,53445.85,0,0.0,0,0.0,0.0,53282.15,53619.2,52783.45,53710.35,0,0.0,0.0,0.0,0.0,-0.01,-1,-1,-0.01,-1,-1,-0.01,-1,-1,-0.01,-1,-1,-0.01,-1,-1,-0.01,-1,-1,-0.01,-1,-1,-0.01,-1,-1,-0.01,-1,-1,-0.01,-1,-1
99926009,2026-05-18 14:46:44+05:30,53443.4,0,0.0,0,0.0,0.0,53282.15,53619.2,52783.45,53710.35,0,0.0,0.0,0.0,0.0,-0.01,-1,-1,-0.01,-1,-1,-0.01,-1,-1,-0.01,-1,-1,-0.01,-1,-1,-0.01,-1,-1,-0.01,-1,-1,-0.01,-1,-1,-0.01,-1,-1,-0.01,-1,-1
99926009,2026-05-18 14:46:45+05:30,53443.9,0,0.0,0,0.0,0.0,53282.15,53619.2,52783.45,53710.35,0,0.0,0.0,0.0,0.0,-0.01,-1,-1,-0.01,-1,-1,-0.01,-1,-1,-0.01,-1,-1,-0.01,-1,-1,-0.01,-1,-1,-0.01,-1,-1,-0.01,-1,-1,-0.01,-1,-1,-0.01,-1,-1
99926009,2026-05-18 14:46:45+05:30,53444.55,0,0.0,0,0.0,0.0,53282.15,53619.2,52783.45,53710.35,0,0.0,0.0,0.0,0.0,-0.01,-1,-1,-0.01,-1,-1,-0.01,-1,-1,-0.01,-1,-1,-0.01,-1,-1,-0.01,-1,-1,-0.01,-1,-1,-0.01,-1,-1,-0.01,-1,-1,-0.01,-1,-1
99926009,2026-05-18 14:46:46+05:30,53443.9,0,0.0,0,0.0,0.0,53282.15,53619.2,52783.45,53710.35,0,0.0,0.0,0.0,0.0,-0.01,-1,-1,-0.01,-1,-1,-0.01,-1,-1,-0.01,-1,-1,-0.01,-1,-1,-0.01,-1,-1,-0.01,-1,-1,-0.01,-1,-1,-0.01,-1,-1,-0.01,-1,-1
99926009,2026-05-18 14:46:46+05:30,53444.85,0,0.0,0,0.0,0.0,53282.15,53619.2,52783.45,53710.35,0,0.0,0.0,0.0,0.0,-0.01,-1,-1,-0.01,-1,-1,-0.01,-1,-1,-0.01,-1,-1,-0.01,-1,-1,-0.01,-1,-1,-0.01,-1,-1,-0.01,-1,-1,-0.01,-1,-1,-0.01,-1,-1
99926009,2026-05-18 14:46:47+05:30,53445.2,0,0.0,0,0.0,0.0,53282.15,53619.2,52783.45,53710.35,0,0.0,0.0,0.0,0.0,-0.01,-1,-1,-0.01,-1,-1,-0.01,-1,-1,-0.01,-1,-1,-0.01,-1,-1,-0.01,-1,-1,-0.01,-1,-1,-0.01,-1,-1,-0.01,-1,-1,-0.01,-1,-1
99926009,2026-05-18 14:46:47+05:30,53446.35,0,0.0,0,0.0,0.0,53282.15,53619.2,52783.45,53710.35,0,0.0,0.0,0.0,0.0,-0.01,-1,-1,-0.01,-1,-1,-0.01,-1,-1,-0.01,-1,-1,-0.01,-1,-1,-0.01,-1,-1,-0.01,-1,-1,-0.01,-1,-1,-0.01,-1,-1,-0.01,-1,-1
99926009,2026-05-18 14:46:48+05:30,53445.4,0,0.0,0,0.0,0.0,53282.15,53619.2,52783.45,53710.35,0,0.0,0.0,0.0,0.0,-0.01,-1,-1,-0.01,-1,-1,-0.01,-1,-1,-0.01,-1,-1,-0.01,-1,-1,-0.01,-1,-1,-0.01,-1,-1,-0.01,-1,-1,-0.01,-1,-1,-0.01,-1,-1
99926009,2026-05-18 14:46:48+05:30,53445.8,0,0.0,0,0.0,0.0,53282.15,53619.2,52783.45,53710.35,0,0.0,0.0,0.0,0.0,-0.01,-1,-1,-0.01,-1,-1,-0.01,-1,-1,-0.01,-1,-1,-0.01,-1,-1,-0.01,-1,-1,-0.01,-1,-1,-0.01,-1,-1,-0.01,-1,-1,-0.01,-1,-1
99926009,2026-05-18 14:46:49+05:30,53444.75,0,0.0,0,0.0,0.0,53282.15,53619.2,52783.45,53710.35,0,0.0,0.0,0.0,0.0,-0.01,-1,-1,-0.01,-1,-1,-0.01,-1,-1,-0.01,-1,-1,-0.01,-1,-1,-0.01,-1,-1,-0.01,-1,-1,-0.01,-1,-1,-0.01,-1,-1,-0.01,-1,-1
99926009,2026-05-18 14:46:49+05:30,53445.05,0,0.0,0,0.0,0.0,53282.15,53619.2,52783.45,53710.35,0,0.0,0.0,0.0,0.0,-0.01,-1,-1,-0.01,-1,-1,-0.01,-1,-1,-0.01,-1,-1,-0.01,-1,-1,-0.01,-1,-1,-0.01,-1,-1,-0.01,-1,-1,-0.01,-1,-1,-0.01,-1,-1
99926009,2026-05-18 14:46:50+05:30,53443.05,0,0.0,0,0.0,0.0,53282.15,53619.2,52783.45,53710.35,0,0.0,0.0,0.0,0.0,-0.01,-1,-1,-0.01,-1,-1,-0.01,-1,-1,-0.01,-1,-1,-0.01,-1,-1,-0.01,-1,-1,-0.01,-1,-1,-0.01,-1,-1,-0.01,-1,-1,-0.01,-1,-1
99926009,2026-05-18 14:46:50+05:30,53447.2,0,0.0,0,0.0,0.0,53282.15,53619.2,52783.45,53710.35,0,0.0,0.0,0.0,0.0,-0.01,-1,-1,-0.01,-1,-1,-0.01,-1,-1,-0.01,-1,-1,-0.01,-1,-1,-0.01,-1,-1,-0.01,-1,-1,-0.01,-1,-1,-0.01,-1,-1,-0.01,-1,-1
99926009,2026-05-18 14:46:51+05:30,53445.45,0,0.0,0,0.0,0.0,53282.15,53619.2,52783.45,53710.35,0,0.0,0.0,0.0,0.0,-0.01,-1,-1,-0.01,-1,-1,-0.01,-1,-1,-0.01,-1,-1,-0.01,-1,-1,-0.01,-1,-1,-0.01,-1,-1,-0.01,-1,-1,-0.01,-1,-1,-0.01,-1,-1
99926009,2026-05-18 14:46:51+05:30,53445.45,0,0.0,0,0.0,0.0,53282.15,53619.2,52783.45,53710.35,0,0.0,0.0,0.0,0.0,-0.01,-1,-1,-0.01,-1,-1,-0.01,-1,-1,-0.01,-1,-1,-0.01,-1,-1,-0.01,-1,-1,-0.01,-1,-1,-0.01,-1,-1,-0.01,-1,-1,-0.01,-1,-1
99926009,2026-05-18 14:46:52+05:30,53447.8,0,0.0,0,0.0,0.0,53282.15,53619.2,52783.45,53710.35,0,0.0,0.0,0.0,0.0,-0.01,-1,-1,-0.01,-1,-1,-0.01,-1,-1,-0.01,-1,-1,-0.01,-1,-1,-0.01,-1,-1,-0.01,-1,-1,-0.01,-1,-1,-0.01,-1,-1,-0.01,-1,-1
99926009,2026-05-18 14:46:52+05:30,53447.15,0,0.0,0,0.0,0.0,53282.15,53619.2,52783.45,53710.35,0,0.0,0.0,0.0,0.0,-0.01,-1,-1,-0.01,-1,-1,-0.01,-1,-1,-0.01,-1,-1,-0.01,-1,-1,-0.01,-1,-1,-0.01,-1,-1,-0.01,-1,-1,-0.01,-1,-1,-0.01,-1,-1
99926009,2026-05-18 14:46:53+05:30,53443.6,0,0.0,0,0.0,0.0,53282.15,53619.2,52783.45,53710.35,0,0.0,0.0,0.0,0.0,-0.01,-1,-1,-0.01,-1,-1,-0.01,-1,-1,-0.01,-1,-1,-0.01,-1,-1,-0.01,-1,-1,-0.01,-1,-1,-0.01,-1,-1,-0.01,-1,-1,-0.01,-1,-1
99926009,2026-05-18 14:46:53+05:30,53444.75,0,0.0,0,0.0,0.0,53282.15,53619.2,52783.45,53710.35,0,0.0,0.0,0.0,0.0,-0.01,-1,-1,-0.01,-1,-1,-0.01,-1,-1,-0.01,-1,-1,-0.01,-1,-1,-0.01,-1,-1,-0.01,-1,-1,-0.01,-1,-1,-0.01,-1,-1,-0.01,-1,-1
99926009,2026-05-18 14:46:54+05:30,53443.6,0,0.0,0,0.0,0.0,53282.15,53619.2,52783.45,53710.35,0,0.0,0.0,0.0,0.0,-0.01,-1,-1,-0.01,-1,-1,-0.01,-1,-1,-0.01,-1,-1,-0.01,-1,-1,-0.01,-1,-1,-0.01,-1,-1,-0.01,-1,-1,-0.01,-1,-1,-0.01,-1,-1
99926009,2026-05-18 14:46:54+05:30,53446.1,0,0.0,0,0.0,0.0,53282.15,53619.2,52783.45,53710.35,0,0.0,0.0,0.0,0.0,-0.01,-1,-1,-0.01,-1,-1,-0.01,-1,-1,-0.01,-1,-1,-0.01,-1,-1,-0.01,-1,-1,-0.01,-1,-1,-0.01,-1,-1,-0.01,-1,-1,-0.01,-1,-1
99926009,2026-05-18 14:46:55+05:30,53447.4,0,0.0,0,0.0,0.0,53282.15,53619.2,52783.45,53710.35,0,0.0,0.0,0.0,0.0,-0.01,-1,-1,-0.01,-1,-1,-0.01,-1,-1,-0.01,-1,-1,-0.01,-1,-1,-0.01,-1,-1,-0.01,-1,-1,-0.01,-1,-1,-0.01,-1,-1,-0.01,-1,-1
99926009,2026-05-18 14:46:55+05:30,53444.85,0,0.0,0,0.0,0.0,53282.15,53619.2,52783.45,53710.35,0,0.0,0.0,0.0,0.0,-0.01,-1,-1,-0.01,-1,-1,-0.01,-1,-1,-0.01,-1,-1,-0.01,-1,-1,-0.01,-1,-1,-0.01,-1,-1,-0.01,-1,-1,-0.01,-1,-1,-0.01,-1,-1
99926009,2026-05-18 14:46:56+05:30,53445.9,0,0.0,0,0.0,0.0,53282.15,53619.2,52783.45,53710.35,0,0.0,0.0,0.0,0.0,-0.01,-1,-1,-0.01,-1,-1,-0.01,-1,-1,-0.01,-1,-1,-0.01,-1,-1,-0.01,-1,-1,-0.01,-1,-1,-0.01,-1,-1,-0.01,-1,-1,-0.01,-1,-1
99926009,2026-05-18 14:46:56+05:30,53447.55,0,0.0,0,0.0,0.0,53282.15,53619.2,52783.45,53710.35,0,0.0,0.0,0.0,0.0,-0.01,-1,-1,-0.01,-1,-1,-0.01,-1,-1,-0.01,-1,-1,-0.01,-1,-1,-0.01,-1,-1,-0.01,-1,-1,-0.01,-1,-1,-0.01,-1,-1,-0.01,-1,-1
99926009,2026-05-18 14:46:57+05:30,53449.75,0,0.0,0,0.0,0.0,53282.15,53619.2,52783.45,53710.35,0,0.0,0.0,0.0,0.0,-0.01,-1,-1,-0.01,-1,-1,-0.01,-1,-1,-0.01,-1,-1,-0.01,-1,-1,-0.01,-1,-1,-0.01,-1,-1,-0.01,-1,-1,-0.01,-1,-1,-0.01,-1,-1
99926009,2026-05-18 14:46:57+05:30,53447.9,0,0.0,0,0.0,0.0,53282.15,53619.2,52783.45,53710.35,0,0.0,0.0,0.0,0.0,-0.01,-1,-1,-0.01,-1,-1,-0.01,-1,-1,-0.01,-1,-1,-0.01,-1,-1,-0.01,-1,-1,-0.01,-1,-1,-0.01,-1,-1,-0.01,-1,-1,-0.01,-1,-1
99926009,2026-05-18 14:46:58+05:30,53450.85,0,0.0,0,0.0,0.0,53282.15,53619.2,52783.45,53710.35,0,0.0,0.0,0.0,0.0,-0.01,-1,-1,-0.01,-1,-1,-0.01,-1,-1,-0.01,-1,-1,-0.01,-1,-1,-0.01,-1,-1,-0.01,-1,-1,-0.01,-1,-1,-0.01,-1,-1,-0.01,-1,-1
99926009,2026-05-18 14:46:58+05:30,53449.15,0,0.0,0,0.0,0.0,53282.15,53619.2,52783.45,53710.35,0,0.0,0.0,0.0,0.0,-0.01,-1,-1,-0.01,-1,-1,-0.01,-1,-1,-0.01,-1,-1,-0.01,-1,-1,-0.01,-1,-1,-0.01,-1,-1,-0.01,-1,-1,-0.01,-1,-1,-0.01,-1,-1
99926009,2026-05-18 14:46:59+05:30,53449.9,0,0.0,0,0.0,0.0,53282.15,53619.2,52783.45,53710.35,0,0.0,0.0,0.0,0.0,-0.01,-1,-1,-0.01,-1,-1,-0.01,-1,-1,-0.01,-1,-1,-0.01,-1,-1,-0.01,-1,-1,-0.01,-1,-1,-0.01,-1,-1,-0.01,-1,-1,-0.01,-1,-1
99926009,2026-05-18 14:46:59+05:30,53448.75,0,0.0,0,0.0,0.0,53282.15,53619.2,52783.45,53710.35,0,0.0,0.0,0.0,0.0,-0.01,-1,-1,-0.01,-1,-1,-0.01,-1,-1,-0.01,-1,-1,-0.01,-1,-1,-0.01,-1,-1,-0.01,-1,-1,-0.01,-1,-1,-0.01,-1,-1,-0.01,-1,-1
99926009,2026-05-18 14:47:00+05:30,53447.85,0,0.0,0,0.0,0.0,53282.15,53619.2,52783.45,53710.35,0,0.0,0.0,0.0,0.0,-0.01,-1,-1,-0.01,-1,-1,-0.01,-1,-1,-0.01,-1,-1,-0.01,-1,-1,-0.01,-1,-1,-0.01,-1,-1,-0.01,-1,-1,-0.01,-1,-1,-0.01,-1,-1
99926009,2026-05-18 14:47:00+05:30,53449.9,0,0.0,0,0.0,0.0,53282.15,53619.2,52783.45,53710.35,0,0.0,0.0,0.0,0.0,-0.01,-1,-1,-0.01,-1,-1,-0.01,-1,-1,-0.01,-1,-1,-0.01,-1,-1,-0.01,-1,-1,-0.01,-1,-1,-0.01,-1,-1,-0.01,-1,-1,-0.01,-1,-1
99926009,2026-05-18 14:47:01+05:30,53448.75,0,0.0,0,0.0,0.0,53282.15,53619.2,52783.45,53710.35,0,0.0,0.0,0.0,0.0,-0.01,-1,-1,-0.01,-1,-1,-0.01,-1,-1,-0.01,-1,-1,-0.01,-1,-1,-0.01,-1,-1,-0.01,-1,-1,-0.01,-1,-1,-0.01,-1,-1,-0.01,-1,-1
99926009,2026-05-18 14:47:01+05:30,53448.15,0,0.0,0,0.0,0.0,53282.15,53619.2,52783.45,53710.35,0,0.0,0.0,0.0,0.0,-0.01,-1,-1,-0.01,-1,-1,-0.01,-1,-1,-0.01,-1,-1,-0.01,-1,-1,-0.01,-1,-1,-0.01,-1,-1,-0.01,-1,-1,-0.01,-1,-1,-0.01,-1,-1
99926009,2026-05-18 14:47:02+05:30,53450.6,0,0.0,0,0.0,0.0,53282.15,53619.2,52783.45,53710.35,0,0.0,0.0,0.0,0.0,-0.01,-1,-1,-0.01,-1,-1,-0.01,-1,-1,-0.01,-1,-1,-0.01,-1,-1,-0.01,-1,-1,-0.01,-1,-1,-0.01,-1,-1,-0.01,-1,-1,-0.01,-1,-1
99926009,2026-05-18 14:47:02+05:30,53450.8,0,0.0,0,0.0,0.0,53282.15,53619.2,52783.45,53710.35,0,0.0,0.0,0.0,0.0,-0.01,-1,-1,-0.01,-1,-1,-0.01,-1,-1,-0.01,-1,-1,-0.01,-1,-1,-0.01,-1,-1,-0.01,-1,-1,-0.01,-1,-1,-0.01,-1,-1,-0.01,-1,-1
99926009,2026-05-18 14:47:03+05:30,53452.0,0,0.0,0,0.0,0.0,53282.15,53619.2,52783.45,53710.35,0,0.0,0.0,0.0,0.0,-0.01,-1,-1,-0.01,-1,-1,-0.01,-1,-1,-0.01,-1,-1,-0.01,-1,-1,-0.01,-1,-1,-0.01,-1,-1,-0.01,-1,-1,-0.01,-1,-1,-0.01,-1,-1
99926009,2026-05-18 14:47:03+05:30,53449.6,0,0.0,0,0.0,0.0,53282.15,53619.2,52783.45,53710.35,0,0.0,0.0,0.0,0.0,-0.01,-1,-1,-0.01,-1,-1,-0.01,-1,-1,-0.01,-1,-1,-0.01,-1,-1,-0.01,-1,-1,-0.01,-1,-1,-0.01,-1,-1,-0.01,-1,-1,-0.01,-1,-1
99926009,2026-05-18 14:47:04+05:30,53447.75,0,0.0,0,0.0,0.0,53282.15,53619.2,52783.45,53710.35,0,0.0,0.0,0.0,0.0,-0.01,-1,-1,-0.01,-1,-1,-0.01,-1,-1,-0.01,-1,-1,-0.01,-1,-1,-0.01,-1,-1,-0.01,-1,-1,-0.01,-1,-1,-0.01,-1,-1,-0.01,-1,-1
99926009,2026-05-18 14:47:04+05:30,53446.6,0,0.0,0,0.0,0.0,53282.15,53619.2,52783.45,53710.35,0,0.0,0.0,0.0,0.0,-0.01,-1,-1,-0.01,-1,-1,-0.01,-1,-1,-0.01,-1,-1,-0.01,-1,-1,-0.01,-1,-1,-0.01,-1,-1,-0.01,-1,-1,-0.01,-1,-1,-0.01,-1,-1
99926009,2026-05-18 14:47:05+05:30,53447.3,0,0.0,0,0.0,0.0,53282.15,53619.2,52783.45,53710.35,0,0.0,0.0,0.0,0.0,-0.01,-1,-1,-0.01,-1,-1,-0.01,-1,-1,-0.01,-1,-1,-0.01,-1,-1,-0.01,-1,-1,-0.01,-1,-1,-0.01,-1,-1,-0.01,-1,-1,-0.01,-1,-1
99926009,2026-05-18 14:47:05+05:30,53445.3,0,0.0,0,0.0,0.0,53282.15,53619.2,52783.45,53710.35,0,0.0,0.0,0.0,0.0,-0.01,-1,-1,-0.01,-1,-1,-0.01,-1,-1,-0.01,-1,-1,-0.01,-1,-1,-0.01,-1,-1,-0.01,-1,-1,-0.01,-1,-1,-0.01,-1,-1,-0.01,-1,-1
99926009,2026-05-18 14:47:06+05:30,53441.1,0,0.0,0,0.0,0.0,53282.15,53619.2,52783.45,53710.35,0,0.0,0.0,0.0,0.0,-0.01,-1,-1,-0.01,-1,-1,-0.01,-1,-1,-0.01,-1,-1,-0.01,-1,-1,-0.01,-1,-1,-0.01,-1,-1,-0.01,-1,-1,-0.01,-1,-1,-0.01,-1,-1
99926009,2026-05-18 14:47:06+05:30,53442.1,0,0.0,0,0.0,0.0,53282.15,53619.2,52783.45,53710.35,0,0.0,0.0,0.0,0.0,-0.01,-1,-1,-0.01,-1,-1,-0.01,-1,-1,-0.01,-1,-1,-0.01,-1,-1,-0.01,-1,-1,-0.01,-1,-1,-0.01,-1,-1,-0.01,-1,-1,-0.01,-1,-1
99926009,2026-05-18 14:47:07+05:30,53442.45,0,0.0,0,0.0,0.0,53282.15,53619.2,52783.45,53710.35,0,0.0,0.0,0.0,0.0,-0.01,-1,-1,-0.01,-1,-1,-0.01,-1,-1,-0.01,-1,-1,-0.01,-1,-1,-0.01,-1,-1,-0.01,-1,-1,-0.01,-1,-1,-0.01,-1,-1,-0.01,-1,-1
99926009,2026-05-18 14:47:07+05:30,53437.7,0,0.0,0,0.0,0.0,53282.15,53619.2,52783.45,53710.35,0,0.0,0.0,0.0,0.0,-0.01,-1,-1,-0.01,-1,-1,-0.01,-1,-1,-0.01,-1,-1,-0.01,-1,-1,-0.01,-1,-1,-0.01,-1,-1,-0.01,-1,-1,-0.01,-1,-1,-0.01,-1,-1
99926009,2026-05-18 14:47:08+05:30,53438.15,0,0.0,0,0.0,0.0,53282.15,53619.2,52783.45,53710.35,0,0.0,0.0,0.0,0.0,-0.01,-1,-1,-0.01,-1,-1,-0.01,-1,-1,-0.01,-1,-1,-0.01,-1,-1,-0.01,-1,-1,-0.01,-1,-1,-0.01,-1,-1,-0.01,-1,-1,-0.01,-1,-1
99926009,2026-05-18 14:47:08+05:30,53439.35,0,0.0,0,0.0,0.0,53282.15,53619.2,52783.45,53710.35,0,0.0,0.0,0.0,0.0,-0.01,-1,-1,-0.01,-1,-1,-0.01,-1,-1,-0.01,-1,-1,-0.01,-1,-1,-0.01,-1,-1,-0.01,-1,-1,-0.01,-1,-1,-0.01,-1,-1,-0.01,-1,-1
99926009,2026-05-18 14:47:09+05:30,53440.1,0,0.0,0,0.0,0.0,53282.15,53619.2,52783.45,53710.35,0,0.0,0.0,0.0,0.0,-0.01,-1,-1,-0.01,-1,-1,-0.01,-1,-1,-0.01,-1,-1,-0.01,-1,-1,-0.01,-1,-1,-0.01,-1,-1,-0.01,-1,-1,-0.01,-1,-1,-0.01,-1,-1
99926009,2026-05-18 14:47:09+05:30,53440.45,0,0.0,0,0.0,0.0,53282.15,53619.2,52783.45,53710.35,0,0.0,0.0,0.0,0.0,-0.01,-1,-1,-0.01,-1,-1,-0.01,-1,-1,-0.01,-1,-1,-0.01,-1,-1,-0.01,-1,-1,-0.01,-1,-1,-0.01,-1,-1,-0.01,-1,-1,-0.01,-1,-1
99926009,2026-05-18 14:47:10+05:30,53441.05,0,0.0,0,0.0,0.0,53282.15,53619.2,52783.45,53710.35,0,0.0,0.0,0.0,0.0,-0.01,-1,-1,-0.01,-1,-1,-0.01,-1,-1,-0.01,-1,-1,-0.01,-1,-1,-0.01,-1,-1,-0.01,-1,-1,-0.01,-1,-1,-0.01,-1,-1,-0.01,-1,-1
99926009,2026-05-18 14:47:10+05:30,53439.35,0,0.0,0,0.0,0.0,53282.15,53619.2,52783.45,53710.35,0,0.0,0.0,0.0,0.0,-0.01,-1,-1,-0.01,-1,-1,-0.01,-1,-1,-0.01,-1,-1,-0.01,-1,-1,-0.01,-1,-1,-0.01,-1,-1,-0.01,-1,-1,-0.01,-1,-1,-0.01,-1,-1
99926009,2026-05-18 14:47:11+05:30,53439.8,0,0.0,0,0.0,0.0,53282.15,53619.2,52783.45,53710.35,0,0.0,0.0,0.0,0.0,-0.01,-1,-1,-0.01,-1,-1,-0.01,-1,-1,-0.01,-1,-1,-0.01,-1,-1,-0.01,-1,-1,-0.01,-1,-1,-0.01,-1,-1,-0.01,-1,-1,-0.01,-1,-1
99926009,2026-05-18 14:47:11+05:30,53440.15,0,0.0,0,0.0,0.0,53282.15,53619.2,52783.45,53710.35,0,0.0,0.0,0.0,0.0,-0.01,-1,-1,-0.01,-1,-1,-0.01,-1,-1,-0.01,-1,-1,-0.01,-1,-1,-0.01,-1,-1,-0.01,-1,-1,-0.01,-1,-1,-0.01,-1,-1,-0.01,-1,-1
99926009,2026-05-18 14:47:12+05:30,53438.25,0,0.0,0,0.0,0.0,53282.15,53619.2,52783.45,53710.35,0,0.0,0.0,0.0,0.0,-0.01,-1,-1,-0.01,-1,-1,-0.01,-1,-1,-0.01,-1,-1,-0.01,-1,-1,-0.01,-1,-1,-0.01,-1,-1,-0.01,-1,-1,-0.01,-1,-1,-0.01,-1,-1
99926009,2026-05-18 14:47:12+05:30,53439.55,0,0.0,0,0.0,0.0,53282.15,53619.2,52783.45,53710.35,0,0.0,0.0,0.0,0.0,-0.01,-1,-1,-0.01,-1,-1,-0.01,-1,-1,-0.01,-1,-1,-0.01,-1,-1,-0.01,-1,-1,-0.01,-1,-1,-0.01,-1,-1,-0.01,-1,-1,-0.01,-1,-1
99926009,2026-05-18 14:47:13+05:30,53441.05,0,0.0,0,0.0,0.0,53282.15,53619.2,52783.45,53710.35,0,0.0,0.0,0.0,0.0,-0.01,-1,-1,-0.01,-1,-1,-0.01,-1,-1,-0.01,-1,-1,-0.01,-1,-1,-0.01,-1,-1,-0.01,-1,-1,-0.01,-1,-1,-0.01,-1,-1,-0.01,-1,-1
99926009,2026-05-18 14:47:13+05:30,53439.7,0,0.0,0,0.0,0.0,53282.15,53619.2,52783.45,53710.35,0,0.0,0.0,0.0,0.0,-0.01,-1,-1,-0.01,-1,-1,-0.01,-1,-1,-0.01,-1,-1,-0.01,-1,-1,-0.01,-1,-1,-0.01,-1,-1,-0.01,-1,-1,-0.01,-1,-1,-0.01,-1,-1
99926009,2026-05-18 14:47:14+05:30,53440.6,0,0.0,0,0.0,0.0,53282.15,53619.2,52783.45,53710.35,0,0.0,0.0,0.0,0.0,-0.01,-1,-1,-0.01,-1,-1,-0.01,-1,-1,-0.01,-1,-1,-0.01,-1,-1,-0.01,-1,-1,-0.01,-1,-1,-0.01,-1,-1,-0.01,-1,-1,-0.01,-1,-1
99926009,2026-05-18 14:47:14+05:30,53438.35,0,0.0,0,0.0,0.0,53282.15,53619.2,52783.45,53710.35,0,0.0,0.0,0.0,0.0,-0.01,-1,-1,-0.01,-1,-1,-0.01,-1,-1,-0.01,-1,-1,-0.01,-1,-1,-0.01,-1,-1,-0.01,-1,-1,-0.01,-1,-1,-0.01,-1,-1,-0.01,-1,-1
99926009,2026-05-18 14:47:15+05:30,53439.45,0,0.0,0,0.0,0.0,53282.15,53619.2,52783.45,53710.35,0,0.0,0.0,0.0,0.0,-0.01,-1,-1,-0.01,-1,-1,-0.01,-1,-1,-0.01,-1,-1,-0.01,-1,-1,-0.01,-1,-1,-0.01,-1,-1,-0.01,-1,-1,-0.01,-1,-1,-0.01,-1,-1
99926009,2026-05-18 14:47:15+05:30,53441.1,0,0.0,0,0.0,0.0,53282.15,53619.2,52783.45,53710.35,0,0.0,0.0,0.0,0.0,-0.01,-1,-1,-0.01,-1,-1,-0.01,-1,-1,-0.01,-1,-1,-0.01,-1,-1,-0.01,-1,-1,-0.01,-1,-1,-0.01,-1,-1,-0.01,-1,-1,-0.01,-1,-1
99926009,2026-05-18 14:47:16+05:30,53440.2,0,0.0,0,0.0,0.0,53282.15,53619.2,52783.45,53710.35,0,0.0,0.0,0.0,0.0,-0.01,-1,-1,-0.01,-1,-1,-0.01,-1,-1,-0.01,-1,-1,-0.01,-1,-1,-0.01,-1,-1,-0.01,-1,-1,-0.01,-1,-1,-0.01,-1,-1,-0.01,-1,-1
99926009,2026-05-18 14:47:16+05:30,53440.9,0,0.0,0,0.0,0.0,53282.15,53619.2,52783.45,53710.35,0,0.0,0.0,0.0,0.0,-0.01,-1,-1,-0.01,-1,-1,-0.01,-1,-1,-0.01,-1,-1,-0.01,-1,-1,-0.01,-1,-1,-0.01,-1,-1,-0.01,-1,-1,-0.01,-1,-1,-0.01,-1,-1
99926009,2026-05-18 14:47:17+05:30,53439.9,0,0.0,0,0.0,0.0,53282.15,53619.2,52783.45,53710.35,0,0.0,0.0,0.0,0.0,-0.01,-1,-1,-0.01,-1,-1,-0.01,-1,-1,-0.01,-1,-1,-0.01,-1,-1,-0.01,-1,-1,-0.01,-1,-1,-0.01,-1,-1,-0.01,-1,-1,-0.01,-1,-1
99926009,2026-05-18 14:47:17+05:30,53438.35,0,0.0,0,0.0,0.0,53282.15,53619.2,52783.45,53710.35,0,0.0,0.0,0.0,0.0,-0.01,-1,-1,-0.01,-1,-1,-0.01,-1,-1,-0.01,-1,-1,-0.01,-1,-1,-0.01,-1,-1,-0.01,-1,-1,-0.01,-1,-1,-0.01,-1,-1,-0.01,-1,-1
99926009,2026-05-18 14:47:18+05:30,53437.65,0,0.0,0,0.0,0.0,53282.15,53619.2,52783.45,53710.35,0,0.0,0.0,0.0,0.0,-0.01,-1,-1,-0.01,-1,-1,-0.01,-1,-1,-0.01,-1,-1,-0.01,-1,-1,-0.01,-1,-1,-0.01,-1,-1,-0.01,-1,-1,-0.01,-1,-1,-0.01,-1,-1
99926009,2026-05-18 14:47:18+05:30,53439.55,0,0.0,0,0.0,0.0,53282.15,53619.2,52783.45,53710.35,0,0.0,0.0,0.0,0.0,-0.01,-1,-1,-0.01,-1,-1,-0.01,-1,-1,-0.01,-1,-1,-0.01,-1,-1,-0.01,-1,-1,-0.01,-1,-1,-0.01,-1,-1,-0.01,-1,-1,-0.01,-1,-1
99926009,2026-05-18 14:47:19+05:30,53436.95,0,0.0,0,0.0,0.0,53282.15,53619.2,52783.45,53710.35,0,0.0,0.0,0.0,0.0,-0.01,-1,-1,-0.01,-1,-1,-0.01,-1,-1,-0.01,-1,-1,-0.01,-1,-1,-0.01,-1,-1,-0.01,-1,-1,-0.01,-1,-1,-0.01,-1,-1,-0.01,-1,-1
99926009,2026-05-18 14:47:19+05:30,53436.85,0,0.0,0,0.0,0.0,53282.15,53619.2,52783.45,53710.35,0,0.0,0.0,0.0,0.0,-0.01,-1,-1,-0.01,-1,-1,-0.01,-1,-1,-0.01,-1,-1,-0.01,-1,-1,-0.01,-1,-1,-0.01,-1,-1,-0.01,-1,-1,-0.01,-1,-1,-0.01,-1,-1
99926009,2026-05-18 14:47:20+05:30,53438.8,0,0.0,0,0.0,0.0,53282.15,53619.2,52783.45,53710.35,0,0.0,0.0,0.0,0.0,-0.01,-1,-1,-0.01,-1,-1,-0.01,-1,-1,-0.01,-1,-1,-0.01,-1,-1,-0.01,-1,-1,-0.01,-1,-1,-0.01,-1,-1,-0.01,-1,-1,-0.01,-1,-1
99926009,2026-05-18 14:47:20+05:30,53442.0,0,0.0,0,0.0,0.0,53282.15,53619.2,52783.45,53710.35,0,0.0,0.0,0.0,0.0,-0.01,-1,-1,-0.01,-1,-1,-0.01,-1,-1,-0.01,-1,-1,-0.01,-1,-1,-0.01,-1,-1,-0.01,-1,-1,-0.01,-1,-1,-0.01,-1,-1,-0.01,-1,-1
99926009,2026-05-18 14:47:21+05:30,53441.65,0,0.0,0,0.0,0.0,53282.15,53619.2,52783.45,53710.35,0,0.0,0.0,0.0,0.0,-0.01,-1,-1,-0.01,-1,-1,-0.01,-1,-1,-0.01,-1,-1,-0.01,-1,-1,-0.01,-1,-1,-0.01,-1,-1,-0.01,-1,-1,-0.01,-1,-1,-0.01,-1,-1
99926009,2026-05-18 14:47:21+05:30,53442.15,0,0.0,0,0.0,0.0,53282.15,53619.2,52783.45,53710.35,0,0.0,0.0,0.0,0.0,-0.01,-1,-1,-0.01,-1,-1,-0.01,-1,-1,-0.01,-1,-1,-0.01,-1,-1,-0.01,-1,-1,-0.01,-1,-1,-0.01,-1,-1,-0.01,-1,-1,-0.01,-1,-1
99926009,2026-05-18 14:47:22+05:30,53439.65,0,0.0,0,0.0,0.0,53282.15,53619.2,52783.45,53710.35,0,0.0,0.0,0.0,0.0,-0.01,-1,-1,-0.01,-1,-1,-0.01,-1,-1,-0.01,-1,-1,-0.01,-1,-1,-0.01,-1,-1,-0.01,-1,-1,-0.01,-1,-1,-0.01,-1,-1,-0.01,-1,-1
99926009,2026-05-18 14:47:22+05:30,53439.6,0,0.0,0,0.0,0.0,53282.15,53619.2,52783.45,53710.35,0,0.0,0.0,0.0,0.0,-0.01,-1,-1,-0.01,-1,-1,-0.01,-1,-1,-0.01,-1,-1,-0.01,-1,-1,-0.01,-1,-1,-0.01,-1,-1,-0.01,-1,-1,-0.01,-1,-1,-0.01,-1,-1
99926009,2026-05-18 14:47:23+05:30,53442.5,0,0.0,0,0.0,0.0,53282.15,53619.2,52783.45,53710.35,0,0.0,0.0,0.0,0.0,-0.01,-1,-1,-0.01,-1,-1,-0.01,-1,-1,-0.01,-1,-1,-0.01,-1,-1,-0.01,-1,-1,-0.01,-1,-1,-0.01,-1,-1,-0.01,-1,-1,-0.01,-1,-1
99926009,2026-05-18 14:47:23+05:30,53439.6,0,0.0,0,0.0,0.0,53282.15,53619.2,52783.45,53710.35,0,0.0,0.0,0.0,0.0,-0.01,-1,-1,-0.01,-1,-1,-0.01,-1,-1,-0.01,-1,-1,-0.01,-1,-1,-0.01,-1,-1,-0.01,-1,-1,-0.01,-1,-1,-0.01,-1,-1,-0.01,-1,-1
99926009,2026-05-18 14:47:24+05:30,53441.45,0,0.0,0,0.0,0.0,53282.15,53619.2,52783.45,53710.35,0,0.0,0.0,0.0,0.0,-0.01,-1,-1,-0.01,-1,-1,-0.01,-1,-1,-0.01,-1,-1,-0.01,-1,-1,-0.01,-1,-1,-0.01,-1,-1,-0.01,-1,-1,-0.01,-1,-1,-0.01,-1,-1
99926009,2026-05-18 14:47:24+05:30,53441.3,0,0.0,0,0.0,0.0,53282.15,53619.2,52783.45,53710.35,0,0.0,0.0,0.0,0.0,-0.01,-1,-1,-0.01,-1,-1,-0.01,-1,-1,-0.01,-1,-1,-0.01,-1,-1,-0.01,-1,-1,-0.01,-1,-1,-0.01,-1,-1,-0.01,-1,-1,-0.01,-1,-1
99926009,2026-05-18 14:47:25+05:30,53440.85,0,0.0,0,0.0,0.0,53282.15,53619.2,52783.45,53710.35,0,0.0,0.0,0.0,0.0,-0.01,-1,-1,-0.01,-1,-1,-0.01,-1,-1,-0.01,-1,-1,-0.01,-1,-1,-0.01,-1,-1,-0.01,-1,-1,-0.01,-1,-1,-0.01,-1,-1,-0.01,-1,-1
99926009,2026-05-18 14:47:25+05:30,53441.3,0,0.0,0,0.0,0.0,53282.15,53619.2,52783.45,53710.35,0,0.0,0.0,0.0,0.0,-0.01,-1,-1,-0.01,-1,-1,-0.01,-1,-1,-0.01,-1,-1,-0.01,-1,-1,-0.01,-1,-1,-0.01,-1,-1,-0.01,-1,-1,-0.01,-1,-1,-0.01,-1,-1
99926009,2026-05-18 14:47:26+05:30,53440.05,0,0.0,0,0.0,0.0,53282.15,53619.2,52783.45,53710.35,0,0.0,0.0,0.0,0.0,-0.01,-1,-1,-0.01,-1,-1,-0.01,-1,-1,-0.01,-1,-1,-0.01,-1,-1,-0.01,-1,-1,-0.01,-1,-1,-0.01,-1,-1,-0.01,-1,-1,-0.01,-1,-1
99926009,2026-05-18 14:47:26+05:30,53441.85,0,0.0,0,0.0,0.0,53282.15,53619.2,52783.45,53710.35,0,0.0,0.0,0.0,0.0,-0.01,-1,-1,-0.01,-1,-1,-0.01,-1,-1,-0.01,-1,-1,-0.01,-1,-1,-0.01,-1,-1,-0.01,-1,-1,-0.01,-1,-1,-0.01,-1,-1,-0.01,-1,-1
99926009,2026-05-18 14:47:27+05:30,53438.0,0,0.0,0,0.0,0.0,53282.15,53619.2,52783.45,53710.35,0,0.0,0.0,0.0,0.0,-0.01,-1,-1,-0.01,-1,-1,-0.01,-1,-1,-0.01,-1,-1,-0.01,-1,-1,-0.01,-1,-1,-0.01,-1,-1,-0.01,-1,-1,-0.01,-1,-1,-0.01,-1,-1
99926009,2026-05-18 14:47:27+05:30,53439.6,0,0.0,0,0.0,0.0,53282.15,53619.2,52783.45,53710.35,0,0.0,0.0,0.0,0.0,-0.01,-1,-1,-0.01,-1,-1,-0.01,-1,-1,-0.01,-1,-1,-0.01,-1,-1,-0.01,-1,-1,-0.01,-1,-1,-0.01,-1,-1,-0.01,-1,-1,-0.01,-1,-1
99926009,2026-05-18 14:47:28+05:30,53438.35,0,0.0,0,0.0,0.0,53282.15,53619.2,52783.45,53710.35,0,0.0,0.0,0.0,0.0,-0.01,-1,-1,-0.01,-1,-1,-0.01,-1,-1,-0.01,-1,-1,-0.01,-1,-1,-0.01,-1,-1,-0.01,-1,-1,-0.01,-1,-1,-0.01,-1,-1,-0.01,-1,-1
99926009,2026-05-18 14:47:28+05:30,53440.1,0,0.0,0,0.0,0.0,53282.15,53619.2,52783.45,53710.35,0,0.0,0.0,0.0,0.0,-0.01,-1,-1,-0.01,-1,-1,-0.01,-1,-1,-0.01,-1,-1,-0.01,-1,-1,-0.01,-1,-1,-0.01,-1,-1,-0.01,-1,-1,-0.01,-1,-1,-0.01,-1,-1
99926009,2026-05-18 14:47:29+05:30,53440.95,0,0.0,0,0.0,0.0,53282.15,53619.2,52783.45,53710.35,0,0.0,0.0,0.0,0.0,-0.01,-1,-1,-0.01,-1,-1,-0.01,-1,-1,-0.01,-1,-1,-0.01,-1,-1,-0.01,-1,-1,-0.01,-1,-1,-0.01,-1,-1,-0.01,-1,-1,-0.01,-1,-1
99926009,2026-05-18 14:47:29+05:30,53442.65,0,0.0,0,0.0,0.0,53282.15,53619.2,52783.45,53710.35,0,0.0,0.0,0.0,0.0,-0.01,-1,-1,-0.01,-1,-1,-0.01,-1,-1,-0.01,-1,-1,-0.01,-1,-1,-0.01,-1,-1,-0.01,-1,-1,-0.01,-1,-1,-0.01,-1,-1,-0.01,-1,-1
99926009,2026-05-18 14:47:30+05:30,53439.25,0,0.0,0,0.0,0.0,53282.15,53619.2,52783.45,53710.35,0,0.0,0.0,0.0,0.0,-0.01,-1,-1,-0.01,-1,-1,-0.01,-1,-1,-0.01,-1,-1,-0.01,-1,-1,-0.01,-1,-1,-0.01,-1,-1,-0.01,-1,-1,-0.01,-1,-1,-0.01,-1,-1
99926009,2026-05-18 14:47:30+05:30,53437.55,0,0.0,0,0.0,0.0,53282.15,53619.2,52783.45,53710.35,0,0.0,0.0,0.0,0.0,-0.01,-1,-1,-0.01,-1,-1,-0.01,-1,-1,-0.01,-1,-1,-0.01,-1,-1,-0.01,-1,-1,-0.01,-1,-1,-0.01,-1,-1,-0.01,-1,-1,-0.01,-1,-1
99926009,2026-05-18 14:47:31+05:30,53442.65,0,0.0,0,0.0,0.0,53282.15,53619.2,52783.45,53710.35,0,0.0,0.0,0.0,0.0,-0.01,-1,-1,-0.01,-1,-1,-0.01,-1,-1,-0.01,-1,-1,-0.01,-1,-1,-0.01,-1,-1,-0.01,-1,-1,-0.01,-1,-1,-0.01,-1,-1,-0.01,-1,-1
99926009,2026-05-18 14:47:31+05:30,53445.05,0,0.0,0,0.0,0.0,53282.15,53619.2,52783.45,53710.35,0,0.0,0.0,0.0,0.0,-0.01,-1,-1,-0.01,-1,-1,-0.01,-1,-1,-0.01,-1,-1,-0.01,-1,-1,-0.01,-1,-1,-0.01,-1,-1,-0.01,-1,-1,-0.01,-1,-1,-0.01,-1,-1
99926009,2026-05-18 14:47:32+05:30,53443.05,0,0.0,0,0.0,0.0,53282.15,53619.2,52783.45,53710.35,0,0.0,0.0,0.0,0.0,-0.01,-1,-1,-0.01,-1,-1,-0.01,-1,-1,-0.01,-1,-1,-0.01,-1,-1,-0.01,-1,-1,-0.01,-1,-1,-0.01,-1,-1,-0.01,-1,-1,-0.01,-1,-1
99926009,2026-05-18 14:47:32+05:30,53439.9,0,0.0,0,0.0,0.0,53282.15,53619.2,52783.45,53710.35,0,0.0,0.0,0.0,0.0,-0.01,-1,-1,-0.01,-1,-1,-0.01,-1,-1,-0.01,-1,-1,-0.01,-1,-1,-0.01,-1,-1,-0.01,-1,-1,-0.01,-1,-1,-0.01,-1,-1,-0.01,-1,-1
99926009,2026-05-18 14:47:33+05:30,53441.85,0,0.0,0,0.0,0.0,53282.15,53619.2,52783.45,53710.35,0,0.0,0.0,0.0,0.0,-0.01,-1,-1,-0.01,-1,-1,-0.01,-1,-1,-0.01,-1,-1,-0.01,-1,-1,-0.01,-1,-1,-0.01,-1,-1,-0.01,-1,-1,-0.01,-1,-1,-0.01,-1,-1
99926009,2026-05-18 14:47:33+05:30,53439.9,0,0.0,0,0.0,0.0,53282.15,53619.2,52783.45,53710.35,0,0.0,0.0,0.0,0.0,-0.01,-1,-1,-0.01,-1,-1,-0.01,-1,-1,-0.01,-1,-1,-0.01,-1,-1,-0.01,-1,-1,-0.01,-1,-1,-0.01,-1,-1,-0.01,-1,-1,-0.01,-1,-1
99926009,2026-05-18 14:47:34+05:30,53441.2,0,0.0,0,0.0,0.0,53282.15,53619.2,52783.45,53710.35,0,0.0,0.0,0.0,0.0,-0.01,-1,-1,-0.01,-1,-1,-0.01,-1,-1,-0.01,-1,-1,-0.01,-1,-1,-0.01,-1,-1,-0.01,-1,-1,-0.01,-1,-1,-0.01,-1,-1,-0.01,-1,-1
99926009,2026-05-18 14:47:34+05:30,53440.9,0,0.0,0,0.0,0.0,53282.15,53619.2,52783.45,53710.35,0,0.0,0.0,0.0,0.0,-0.01,-1,-1,-0.01,-1,-1,-0.01,-1,-1,-0.01,-1,-1,-0.01,-1,-1,-0.01,-1,-1,-0.01,-1,-1,-0.01,-1,-1,-0.01,-1,-1,-0.01,-1,-1
99926009,2026-05-18 14:47:35+05:30,53440.7,0,0.0,0,0.0,0.0,53282.15,53619.2,52783.45,53710.35,0,0.0,0.0,0.0,0.0,-0.01,-1,-1,-0.01,-1,-1,-0.01,-1,-1,-0.01,-1,-1,-0.01,-1,-1,-0.01,-1,-1,-0.01,-1,-1,-0.01,-1,-1,-0.01,-1,-1,-0.01,-1,-1
99926009,2026-05-18 14:47:35+05:30,53442.0,0,0.0,0,0.0,0.0,53282.15,53619.2,52783.45,53710.35,0,0.0,0.0,0.0,0.0,-0.01,-1,-1,-0.01,-1,-1,-0.01,-1,-1,-0.01,-1,-1,-0.01,-1,-1,-0.01,-1,-1,-0.01,-1,-1,-0.01,-1,-1,-0.01,-1,-1,-0.01,-1,-1
99926009,2026-05-18 14:47:36+05:30,53440.75,0,0.0,0,0.0,0.0,53282.15,53619.2,52783.45,53710.35,0,0.0,0.0,0.0,0.0,-0.01,-1,-1,-0.01,-1,-1,-0.01,-1,-1,-0.01,-1,-1,-0.01,-1,-1,-0.01,-1,-1,-0.01,-1,-1,-0.01,-1,-1,-0.01,-1,-1,-0.01,-1,-1
99926009,2026-05-18 14:47:36+05:30,53443.1,0,0.0,0,0.0,0.0,53282.15,53619.2,52783.45,53710.35,0,0.0,0.0,0.0,0.0,-0.01,-1,-1,-0.01,-1,-1,-0.01,-1,-1,-0.01,-1,-1,-0.01,-1,-1,-0.01,-1,-1,-0.01,-1,-1,-0.01,-1,-1,-0.01,-1,-1,-0.01,-1,-1
99926009,2026-05-18 14:47:37+05:30,53443.6,0,0.0,0,0.0,0.0,53282.15,53619.2,52783.45,53710.35,0,0.0,0.0,0.0,0.0,-0.01,-1,-1,-0.01,-1,-1,-0.01,-1,-1,-0.01,-1,-1,-0.01,-1,-1,-0.01,-1,-1,-0.01,-1,-1,-0.01,-1,-1,-0.01,-1,-1,-0.01,-1,-1
99926009,2026-05-18 14:47:37+05:30,53442.35,0,0.0,0,0.0,0.0,53282.15,53619.2,52783.45,53710.35,0,0.0,0.0,0.0,0.0,-0.01,-1,-1,-0.01,-1,-1,-0.01,-1,-1,-0.01,-1,-1,-0.01,-1,-1,-0.01,-1,-1,-0.01,-1,-1,-0.01,-1,-1,-0.01,-1,-1,-0.01,-1,-1
99926009,2026-05-18 14:47:38+05:30,53440.0,0,0.0,0,0.0,0.0,53282.15,53619.2,52783.45,53710.35,0,0.0,0.0,0.0,0.0,-0.01,-1,-1,-0.01,-1,-1,-0.01,-1,-1,-0.01,-1,-1,-0.01,-1,-1,-0.01,-1,-1,-0.01,-1,-1,-0.01,-1,-1,-0.01,-1,-1,-0.01,-1,-1
99926009,2026-05-18 14:47:38+05:30,53434.65,0,0.0,0,0.0,0.0,53282.15,53619.2,52783.45,53710.35,0,0.0,0.0,0.0,0.0,-0.01,-1,-1,-0.01,-1,-1,-0.01,-1,-1,-0.01,-1,-1,-0.01,-1,-1,-0.01,-1,-1,-0.01,-1,-1,-0.01,-1,-1,-0.01,-1,-1,-0.01,-1,-1
99926009,2026-05-18 14:47:39+05:30,53429.2,0,0.0,0,0.0,0.0,53282.15,53619.2,52783.45,53710.35,0,0.0,0.0,0.0,0.0,-0.01,-1,-1,-0.01,-1,-1,-0.01,-1,-1,-0.01,-1,-1,-0.01,-1,-1,-0.01,-1,-1,-0.01,-1,-1,-0.01,-1,-1,-0.01,-1,-1,-0.01,-1,-1
99926009,2026-05-18 14:47:39+05:30,53432.55,0,0.0,0,0.0,0.0,53282.15,53619.2,52783.45,53710.35,0,0.0,0.0,0.0,0.0,-0.01,-1,-1,-0.01,-1,-1,-0.01,-1,-1,-0.01,-1,-1,-0.01,-1,-1,-0.01,-1,-1,-0.01,-1,-1,-0.01,-1,-1,-0.01,-1,-1,-0.01,-1,-1
99926009,2026-05-18 14:47:40+05:30,53429.85,0,0.0,0,0.0,0.0,53282.15,53619.2,52783.45,53710.35,0,0.0,0.0,0.0,0.0,-0.01,-1,-1,-0.01,-1,-1,-0.01,-1,-1,-0.01,-1,-1,-0.01,-1,-1,-0.01,-1,-1,-0.01,-1,-1,-0.01,-1,-1,-0.01,-1,-1,-0.01,-1,-1
99926009,2026-05-18 14:47:40+05:30,53424.1,0,0.0,0,0.0,0.0,53282.15,53619.2,52783.45,53710.35,0,0.0,0.0,0.0,0.0,-0.01,-1,-1,-0.01,-1,-1,-0.01,-1,-1,-0.01,-1,-1,-0.01,-1,-1,-0.01,-1,-1,-0.01,-1,-1,-0.01,-1,-1,-0.01,-1,-1,-0.01,-1,-1
99926009,2026-05-18 14:47:41+05:30,53424.25,0,0.0,0,0.0,0.0,53282.15,53619.2,52783.45,53710.35,0,0.0,0.0,0.0,0.0,-0.01,-1,-1,-0.01,-1,-1,-0.01,-1,-1,-0.01,-1,-1,-0.01,-1,-1,-0.01,-1,-1,-0.01,-1,-1,-0.01,-1,-1,-0.01,-1,-1,-0.01,-1,-1
99926009,2026-05-18 14:47:41+05:30,53429.4,0,0.0,0,0.0,0.0,53282.15,53619.2,52783.45,53710.35,0,0.0,0.0,0.0,0.0,-0.01,-1,-1,-0.01,-1,-1,-0.01,-1,-1,-0.01,-1,-1,-0.01,-1,-1,-0.01,-1,-1,-0.01,-1,-1,-0.01,-1,-1,-0.01,-1,-1,-0.01,-1,-1
99926009,2026-05-18 14:47:42+05:30,53426.5,0,0.0,0,0.0,0.0,53282.15,53619.2,52783.45,53710.35,0,0.0,0.0,0.0,0.0,-0.01,-1,-1,-0.01,-1,-1,-0.01,-1,-1,-0.01,-1,-1,-0.01,-1,-1,-0.01,-1,-1,-0.01,-1,-1,-0.01,-1,-1,-0.01,-1,-1,-0.01,-1,-1
99926009,2026-05-18 14:47:42+05:30,53426.7,0,0.0,0,0.0,0.0,53282.15,53619.2,52783.45,53710.35,0,0.0,0.0,0.0,0.0,-0.01,-1,-1,-0.01,-1,-1,-0.01,-1,-1,-0.01,-1,-1,-0.01,-1,-1,-0.01,-1,-1,-0.01,-1,-1,-0.01,-1,-1,-0.01,-1,-1,-0.01,-1,-1
99926009,2026-05-18 14:47:43+05:30,53426.8,0,0.0,0,0.0,0.0,53282.15,53619.2,52783.45,53710.35,0,0.0,0.0,0.0,0.0,-0.01,-1,-1,-0.01,-1,-1,-0.01,-1,-1,-0.01,-1,-1,-0.01,-1,-1,-0.01,-1,-1,-0.01,-1,-1,-0.01,-1,-1,-0.01,-1,-1,-0.01,-1,-1
99926009,2026-05-18 14:47:43+05:30,53428.0,0,0.0,0,0.0,0.0,53282.15,53619.2,52783.45,53710.35,0,0.0,0.0,0.0,0.0,-0.01,-1,-1,-0.01,-1,-1,-0.01,-1,-1,-0.01,-1,-1,-0.01,-1,-1,-0.01,-1,-1,-0.01,-1,-1,-0.01,-1,-1,-0.01,-1,-1,-0.01,-1,-1
99926009,2026-05-18 14:47:44+05:30,53429.4,0,0.0,0,0.0,0.0,53282.15,53619.2,52783.45,53710.35,0,0.0,0.0,0.0,0.0,-0.01,-1,-1,-0.01,-1,-1,-0.01,-1,-1,-0.01,-1,-1,-0.01,-1,-1,-0.01,-1,-1,-0.01,-1,-1,-0.01,-1,-1,-0.01,-1,-1,-0.01,-1,-1
99926009,2026-05-18 14:47:44+05:30,53428.0,0,0.0,0,0.0,0.0,53282.15,53619.2,52783.45,53710.35,0,0.0,0.0,0.0,0.0,-0.01,-1,-1,-0.01,-1,-1,-0.01,-1,-1,-0.01,-1,-1,-0.01,-1,-1,-0.01,-1,-1,-0.01,-1,-1,-0.01,-1,-1,-0.01,-1,-1,-0.01,-1,-1
99926009,2026-05-18 14:47:45+05:30,53425.9,0,0.0,0,0.0,0.0,53282.15,53619.2,52783.45,53710.35,0,0.0,0.0,0.0,0.0,-0.01,-1,-1,-0.01,-1,-1,-0.01,-1,-1,-0.01,-1,-1,-0.01,-1,-1,-0.01,-1,-1,-0.01,-1,-1,-0.01,-1,-1,-0.01,-1,-1,-0.01,-1,-1
99926009,2026-05-18 14:47:45+05:30,53431.35,0,0.0,0,0.0,0.0,53282.15,53619.2,52783.45,53710.35,0,0.0,0.0,0.0,0.0,-0.01,-1,-1,-0.01,-1,-1,-0.01,-1,-1,-0.01,-1,-1,-0.01,-1,-1,-0.01,-1,-1,-0.01,-1,-1,-0.01,-1,-1,-0.01,-1,-1,-0.01,-1,-1
99926009,2026-05-18 14:47:46+05:30,53430.2,0,0.0,0,0.0,0.0,53282.15,53619.2,52783.45,53710.35,0,0.0,0.0,0.0,0.0,-0.01,-1,-1,-0.01,-1,-1,-0.01,-1,-1,-0.01,-1,-1,-0.01,-1,-1,-0.01,-1,-1,-0.01,-1,-1,-0.01,-1,-1,-0.01,-1,-1,-0.01,-1,-1
99926009,2026-05-18 14:47:46+05:30,53432.75,0,0.0,0,0.0,0.0,53282.15,53619.2,52783.45,53710.35,0,0.0,0.0,0.0,0.0,-0.01,-1,-1,-0.01,-1,-1,-0.01,-1,-1,-0.01,-1,-1,-0.01,-1,-1,-0.01,-1,-1,-0.01,-1,-1,-0.01,-1,-1,-0.01,-1,-1,-0.01,-1,-1
99926009,2026-05-18 14:47:47+05:30,53430.5,0,0.0,0,0.0,0.0,53282.15,53619.2,52783.45,53710.35,0,0.0,0.0,0.0,0.0,-0.01,-1,-1,-0.01,-1,-1,-0.01,-1,-1,-0.01,-1,-1,-0.01,-1,-1,-0.01,-1,-1,-0.01,-1,-1,-0.01,-1,-1,-0.01,-1,-1,-0.01,-1,-1
99926009,2026-05-18 14:47:47+05:30,53431.8,0,0.0,0,0.0,0.0,53282.15,53619.2,52783.45,53710.35,0,0.0,0.0,0.0,0.0,-0.01,-1,-1,-0.01,-1,-1,-0.01,-1,-1,-0.01,-1,-1,-0.01,-1,-1,-0.01,-1,-1,-0.01,-1,-1,-0.01,-1,-1,-0.01,-1,-1,-0.01,-1,-1
99926009,2026-05-18 14:47:48+05:30,53432.4,0,0.0,0,0.0,0.0,53282.15,53619.2,52783.45,53710.35,0,0.0,0.0,0.0,0.0,-0.01,-1,-1,-0.01,-1,-1,-0.01,-1,-1,-0.01,-1,-1,-0.01,-1,-1,-0.01,-1,-1,-0.01,-1,-1,-0.01,-1,-1,-0.01,-1,-1,-0.01,-1,-1
99926009,2026-05-18 14:47:48+05:30,53429.25,0,0.0,0,0.0,0.0,53282.15,53619.2,52783.45,53710.35,0,0.0,0.0,0.0,0.0,-0.01,-1,-1,-0.01,-1,-1,-0.01,-1,-1,-0.01,-1,-1,-0.01,-1,-1,-0.01,-1,-1,-0.01,-1,-1,-0.01,-1,-1,-0.01,-1,-1,-0.01,-1,-1
99926009,2026-05-18 14:47:49+05:30,53431.45,0,0.0,0,0.0,0.0,53282.15,53619.2,52783.45,53710.35,0,0.0,0.0,0.0,0.0,-0.01,-1,-1,-0.01,-1,-1,-0.01,-1,-1,-0.01,-1,-1,-0.01,-1,-1,-0.01,-1,-1,-0.01,-1,-1,-0.01,-1,-1,-0.01,-1,-1,-0.01,-1,-1
99926009,2026-05-18 14:47:49+05:30,53431.15,0,0.0,0,0.0,0.0,53282.15,53619.2,52783.45,53710.35,0,0.0,0.0,0.0,0.0,-0.01,-1,-1,-0.01,-1,-1,-0.01,-1,-1,-0.01,-1,-1,-0.01,-1,-1,-0.01,-1,-1,-0.01,-1,-1,-0.01,-1,-1,-0.01,-1,-1,-0.01,-1,-1
99926009,2026-05-18 14:47:50+05:30,53432.3,0,0.0,0,0.0,0.0,53282.15,53619.2,52783.45,53710.35,0,0.0,0.0,0.0,0.0,-0.01,-1,-1,-0.01,-1,-1,-0.01,-1,-1,-0.01,-1,-1,-0.01,-1,-1,-0.01,-1,-1,-0.01,-1,-1,-0.01,-1,-1,-0.01,-1,-1,-0.01,-1,-1
99926009,2026-05-18 14:47:50+05:30,53435.35,0,0.0,0,0.0,0.0,53282.15,53619.2,52783.45,53710.35,0,0.0,0.0,0.0,0.0,-0.01,-1,-1,-0.01,-1,-1,-0.01,-1,-1,-0.01,-1,-1,-0.01,-1,-1,-0.01,-1,-1,-0.01,-1,-1,-0.01,-1,-1,-0.01,-1,-1,-0.01,-1,-1
99926009,2026-05-18 14:47:51+05:30,53434.75,0,0.0,0,0.0,0.0,53282.15,53619.2,52783.45,53710.35,0,0.0,0.0,0.0,0.0,-0.01,-1,-1,-0.01,-1,-1,-0.01,-1,-1,-0.01,-1,-1,-0.01,-1,-1,-0.01,-1,-1,-0.01,-1,-1,-0.01,-1,-1,-0.01,-1,-1,-0.01,-1,-1
99926009,2026-05-18 14:47:51+05:30,53436.7,0,0.0,0,0.0,0.0,53282.15,53619.2,52783.45,53710.35,0,0.0,0.0,0.0,0.0,-0.01,-1,-1,-0.01,-1,-1,-0.01,-1,-1,-0.01,-1,-1,-0.01,-1,-1,-0.01,-1,-1,-0.01,-1,-1,-0.01,-1,-1,-0.01,-1,-1,-0.01,-1,-1
99926009,2026-05-18 14:47:52+05:30,53434.2,0,0.0,0,0.0,0.0,53282.15,53619.2,52783.45,53710.35,0,0.0,0.0,0.0,0.0,-0.01,-1,-1,-0.01,-1,-1,-0.01,-1,-1,-0.01,-1,-1,-0.01,-1,-1,-0.01,-1,-1,-0.01,-1,-1,-0.01,-1,-1,-0.01,-1,-1,-0.01,-1,-1
99926009,2026-05-18 14:47:52+05:30,53436.3,0,0.0,0,0.0,0.0,53282.15,53619.2,52783.45,53710.35,0,0.0,0.0,0.0,0.0,-0.01,-1,-1,-0.01,-1,-1,-0.01,-1,-1,-0.01,-1,-1,-0.01,-1,-1,-0.01,-1,-1,-0.01,-1,-1,-0.01,-1,-1,-0.01,-1,-1,-0.01,-1,-1
99926009,2026-05-18 14:47:53+05:30,53435.9,0,0.0,0,0.0,0.0,53282.15,53619.2,52783.45,53710.35,0,0.0,0.0,0.0,0.0,-0.01,-1,-1,-0.01,-1,-1,-0.01,-1,-1,-0.01,-1,-1,-0.01,-1,-1,-0.01,-1,-1,-0.01,-1,-1,-0.01,-1,-1,-0.01,-1,-1,-0.01,-1,-1
99926009,2026-05-18 14:47:53+05:30,53431.85,0,0.0,0,0.0,0.0,53282.15,53619.2,52783.45,53710.35,0,0.0,0.0,0.0,0.0,-0.01,-1,-1,-0.01,-1,-1,-0.01,-1,-1,-0.01,-1,-1,-0.01,-1,-1,-0.01,-1,-1,-0.01,-1,-1,-0.01,-1,-1,-0.01,-1,-1,-0.01,-1,-1
99926009,2026-05-18 14:47:54+05:30,53435.25,0,0.0,0,0.0,0.0,53282.15,53619.2,52783.45,53710.35,0,0.0,0.0,0.0,0.0,-0.01,-1,-1,-0.01,-1,-1,-0.01,-1,-1,-0.01,-1,-1,-0.01,-1,-1,-0.01,-1,-1,-0.01,-1,-1,-0.01,-1,-1,-0.01,-1,-1,-0.01,-1,-1
99926009,2026-05-18 14:47:54+05:30,53435.75,0,0.0,0,0.0,0.0,53282.15,53619.2,52783.45,53710.35,0,0.0,0.0,0.0,0.0,-0.01,-1,-1,-0.01,-1,-1,-0.01,-1,-1,-0.01,-1,-1,-0.01,-1,-1,-0.01,-1,-1,-0.01,-1,-1,-0.01,-1,-1,-0.01,-1,-1,-0.01,-1,-1
99926009,2026-05-18 14:47:55+05:30,53434.4,0,0.0,0,0.0,0.0,53282.15,53619.2,52783.45,53710.35,0,0.0,0.0,0.0,0.0,-0.01,-1,-1,-0.01,-1,-1,-0.01,-1,-1,-0.01,-1,-1,-0.01,-1,-1,-0.01,-1,-1,-0.01,-1,-1,-0.01,-1,-1,-0.01,-1,-1,-0.01,-1,-1
99926009,2026-05-18 14:47:55+05:30,53436.1,0,0.0,0,0.0,0.0,53282.15,53619.2,52783.45,53710.35,0,0.0,0.0,0.0,0.0,-0.01,-1,-1,-0.01,-1,-1,-0.01,-1,-1,-0.01,-1,-1,-0.01,-1,-1,-0.01,-1,-1,-0.01,-1,-1,-0.01,-1,-1,-0.01,-1,-1,-0.01,-1,-1
99926009,2026-05-18 14:47:56+05:30,53438.3,0,0.0,0,0.0,0.0,53282.15,53619.2,52783.45,53710.35,0,0.0,0.0,0.0,0.0,-0.01,-1,-1,-0.01,-1,-1,-0.01,-1,-1,-0.01,-1,-1,-0.01,-1,-1,-0.01,-1,-1,-0.01,-1,-1,-0.01,-1,-1,-0.01,-1,-1,-0.01,-1,-1
99926009,2026-05-18 14:47:56+05:30,53438.1,0,0.0,0,0.0,0.0,53282.15,53619.2,52783.45,53710.35,0,0.0,0.0,0.0,0.0,-0.01,-1,-1,-0.01,-1,-1,-0.01,-1,-1,-0.01,-1,-1,-0.01,-1,-1,-0.01,-1,-1,-0.01,-1,-1,-0.01,-1,-1,-0.01,-1,-1,-0.01,-1,-1
99926009,2026-05-18 14:47:57+05:30,53434.1,0,0.0,0,0.0,0.0,53282.15,53619.2,52783.45,53710.35,0,0.0,0.0,0.0,0.0,-0.01,-1,-1,-0.01,-1,-1,-0.01,-1,-1,-0.01,-1,-1,-0.01,-1,-1,-0.01,-1,-1,-0.01,-1,-1,-0.01,-1,-1,-0.01,-1,-1,-0.01,-1,-1
99926009,2026-05-18 14:47:57+05:30,53434.55,0,0.0,0,0.0,0.0,53282.15,53619.2,52783.45,53710.35,0,0.0,0.0,0.0,0.0,-0.01,-1,-1,-0.01,-1,-1,-0.01,-1,-1,-0.01,-1,-1,-0.01,-1,-1,-0.01,-1,-1,-0.01,-1,-1,-0.01,-1,-1,-0.01,-1,-1,-0.01,-1,-1
99926009,2026-05-18 14:47:58+05:30,53433.25,0,0.0,0,0.0,0.0,53282.15,53619.2,52783.45,53710.35,0,0.0,0.0,0.0,0.0,-0.01,-1,-1,-0.01,-1,-1,-0.01,-1,-1,-0.01,-1,-1,-0.01,-1,-1,-0.01,-1,-1,-0.01,-1,-1,-0.01,-1,-1,-0.01,-1,-1,-0.01,-1,-1
99926009,2026-05-18 14:47:58+05:30,53433.0,0,0.0,0,0.0,0.0,53282.15,53619.2,52783.45,53710.35,0,0.0,0.0,0.0,0.0,-0.01,-1,-1,-0.01,-1,-1,-0.01,-1,-1,-0.01,-1,-1,-0.01,-1,-1,-0.01,-1,-1,-0.01,-1,-1,-0.01,-1,-1,-0.01,-1,-1,-0.01,-1,-1
99926009,2026-05-18 14:47:59+05:30,53433.3,0,0.0,0,0.0,0.0,53282.15,53619.2,52783.45,53710.35,0,0.0,0.0,0.0,0.0,-0.01,-1,-1,-0.01,-1,-1,-0.01,-1,-1,-0.01,-1,-1,-0.01,-1,-1,-0.01,-1,-1,-0.01,-1,-1,-0.01,-1,-1,-0.01,-1,-1,-0.01,-1,-1
99926009,2026-05-18 14:47:59+05:30,53431.8,0,0.0,0,0.0,0.0,53282.15,53619.2,52783.45,53710.35,0,0.0,0.0,0.0,0.0,-0.01,-1,-1,-0.01,-1,-1,-0.01,-1,-1,-0.01,-1,-1,-0.01,-1,-1,-0.01,-1,-1,-0.01,-1,-1,-0.01,-1,-1,-0.01,-1,-1,-0.01,-1,-1
99926009,2026-05-18 14:48:00+05:30,53433.6,0,0.0,0,0.0,0.0,53282.15,53619.2,52783.45,53710.35,0,0.0,0.0,0.0,0.0,-0.01,-1,-1,-0.01,-1,-1,-0.01,-1,-1,-0.01,-1,-1,-0.01,-1,-1,-0.01,-1,-1,-0.01,-1,-1,-0.01,-1,-1,-0.01,-1,-1,-0.01,-1,-1
99926009,2026-05-18 14:48:00+05:30,53432.5,0,0.0,0,0.0,0.0,53282.15,53619.2,52783.45,53710.35,0,0.0,0.0,0.0,0.0,-0.01,-1,-1,-0.01,-1,-1,-0.01,-1,-1,-0.01,-1,-1,-0.01,-1,-1,-0.01,-1,-1,-0.01,-1,-1,-0.01,-1,-1,-0.01,-1,-1,-0.01,-1,-1
99926009,2026-05-18 14:48:01+05:30,53432.8,0,0.0,0,0.0,0.0,53282.15,53619.2,52783.45,53710.35,0,0.0,0.0,0.0,0.0,-0.01,-1,-1,-0.01,-1,-1,-0.01,-1,-1,-0.01,-1,-1,-0.01,-1,-1,-0.01,-1,-1,-0.01,-1,-1,-0.01,-1,-1,-0.01,-1,-1,-0.01,-1,-1
99926009,2026-05-18 14:48:01+05:30,53432.7,0,0.0,0,0.0,0.0,53282.15,53619.2,52783.45,53710.35,0,0.0,0.0,0.0,0.0,-0.01,-1,-1,-0.01,-1,-1,-0.01,-1,-1,-0.01,-1,-1,-0.01,-1,-1,-0.01,-1,-1,-0.01,-1,-1,-0.01,-1,-1,-0.01,-1,-1,-0.01,-1,-1
99926009,2026-05-18 14:48:02+05:30,53432.65,0,0.0,0,0.0,0.0,53282.15,53619.2,52783.45,53710.35,0,0.0,0.0,0.0,0.0,-0.01,-1,-1,-0.01,-1,-1,-0.01,-1,-1,-0.01,-1,-1,-0.01,-1,-1,-0.01,-1,-1,-0.01,-1,-1,-0.01,-1,-1,-0.01,-1,-1,-0.01,-1,-1
99926009,2026-05-18 14:48:02+05:30,53431.45,0,0.0,0,0.0,0.0,53282.15,53619.2,52783.45,53710.35,0,0.0,0.0,0.0,0.0,-0.01,-1,-1,-0.01,-1,-1,-0.01,-1,-1,-0.01,-1,-1,-0.01,-1,-1,-0.01,-1,-1,-0.01,-1,-1,-0.01,-1,-1,-0.01,-1,-1,-0.01,-1,-1
99926009,2026-05-18 14:48:03+05:30,53431.45,0,0.0,0,0.0,0.0,53282.15,53619.2,52783.45,53710.35,0,0.0,0.0,0.0,0.0,-0.01,-1,-1,-0.01,-1,-1,-0.01,-1,-1,-0.01,-1,-1,-0.01,-1,-1,-0.01,-1,-1,-0.01,-1,-1,-0.01,-1,-1,-0.01,-1,-1,-0.01,-1,-1
99926009,2026-05-18 14:48:03+05:30,53433.45,0,0.0,0,0.0,0.0,53282.15,53619.2,52783.45,53710.35,0,0.0,0.0,0.0,0.0,-0.01,-1,-1,-0.01,-1,-1,-0.01,-1,-1,-0.01,-1,-1,-0.01,-1,-1,-0.01,-1,-1,-0.01,-1,-1,-0.01,-1,-1,-0.01,-1,-1,-0.01,-1,-1
99926009,2026-05-18 14:48:04+05:30,53431.9,0,0.0,0,0.0,0.0,53282.15,53619.2,52783.45,53710.35,0,0.0,0.0,0.0,0.0,-0.01,-1,-1,-0.01,-1,-1,-0.01,-1,-1,-0.01,-1,-1,-0.01,-1,-1,-0.01,-1,-1,-0.01,-1,-1,-0.01,-1,-1,-0.01,-1,-1,-0.01,-1,-1
99926009,2026-05-18 14:48:04+05:30,53431.4,0,0.0,0,0.0,0.0,53282.15,53619.2,52783.45,53710.35,0,0.0,0.0,0.0,0.0,-0.01,-1,-1,-0.01,-1,-1,-0.01,-1,-1,-0.01,-1,-1,-0.01,-1,-1,-0.01,-1,-1,-0.01,-1,-1,-0.01,-1,-1,-0.01,-1,-1,-0.01,-1,-1
99926009,2026-05-18 14:48:05+05:30,53430.2,0,0.0,0,0.0,0.0,53282.15,53619.2,52783.45,53710.35,0,0.0,0.0,0.0,0.0,-0.01,-1,-1,-0.01,-1,-1,-0.01,-1,-1,-0.01,-1,-1,-0.01,-1,-1,-0.01,-1,-1,-0.01,-1,-1,-0.01,-1,-1,-0.01,-1,-1,-0.01,-1,-1
99926009,2026-05-18 14:48:05+05:30,53432.8,0,0.0,0,0.0,0.0,53282.15,53619.2,52783.45,53710.35,0,0.0,0.0,0.0,0.0,-0.01,-1,-1,-0.01,-1,-1,-0.01,-1,-1,-0.01,-1,-1,-0.01,-1,-1,-0.01,-1,-1,-0.01,-1,-1,-0.01,-1,-1,-0.01,-1,-1,-0.01,-1,-1
99926009,2026-05-18 14:48:06+05:30,53431.3,0,0.0,0,0.0,0.0,53282.15,53619.2,52783.45,53710.35,0,0.0,0.0,0.0,0.0,-0.01,-1,-1,-0.01,-1,-1,-0.01,-1,-1,-0.01,-1,-1,-0.01,-1,-1,-0.01,-1,-1,-0.01,-1,-1,-0.01,-1,-1,-0.01,-1,-1,-0.01,-1,-1
99926009,2026-05-18 14:48:06+05:30,53433.45,0,0.0,0,0.0,0.0,53282.15,53619.2,52783.45,53710.35,0,0.0,0.0,0.0,0.0,-0.01,-1,-1,-0.01,-1,-1,-0.01,-1,-1,-0.01,-1,-1,-0.01,-1,-1,-0.01,-1,-1,-0.01,-1,-1,-0.01,-1,-1,-0.01,-1,-1,-0.01,-1,-1
99926009,2026-05-18 14:48:07+05:30,53433.15,0,0.0,0,0.0,0.0,53282.15,53619.2,52783.45,53710.35,0,0.0,0.0,0.0,0.0,-0.01,-1,-1,-0.01,-1,-1,-0.01,-1,-1,-0.01,-1,-1,-0.01,-1,-1,-0.01,-1,-1,-0.01,-1,-1,-0.01,-1,-1,-0.01,-1,-1,-0.01,-1,-1
99926009,2026-05-18 14:48:07+05:30,53430.05,0,0.0,0,0.0,0.0,53282.15,53619.2,52783.45,53710.35,0,0.0,0.0,0.0,0.0,-0.01,-1,-1,-0.01,-1,-1,-0.01,-1,-1,-0.01,-1,-1,-0.01,-1,-1,-0.01,-1,-1,-0.01,-1,-1,-0.01,-1,-1,-0.01,-1,-1,-0.01,-1,-1
99926009,2026-05-18 14:48:08+05:30,53432.7,0,0.0,0,0.0,0.0,53282.15,53619.2,52783.45,53710.35,0,0.0,0.0,0.0,0.0,-0.01,-1,-1,-0.01,-1,-1,-0.01,-1,-1,-0.01,-1,-1,-0.01,-1,-1,-0.01,-1,-1,-0.01,-1,-1,-0.01,-1,-1,-0.01,-1,-1,-0.01,-1,-1
99926009,2026-05-18 14:48:08+05:30,53428.65,0,0.0,0,0.0,0.0,53282.15,53619.2,52783.45,53710.35,0,0.0,0.0,0.0,0.0,-0.01,-1,-1,-0.01,-1,-1,-0.01,-1,-1,-0.01,-1,-1,-0.01,-1,-1,-0.01,-1,-1,-0.01,-1,-1,-0.01,-1,-1,-0.01,-1,-1,-0.01,-1,-1
99926009,2026-05-18 14:48:09+05:30,53428.4,0,0.0,0,0.0,0.0,53282.15,53619.2,52783.45,53710.35,0,0.0,0.0,0.0,0.0,-0.01,-1,-1,-0.01,-1,-1,-0.01,-1,-1,-0.01,-1,-1,-0.01,-1,-1,-0.01,-1,-1,-0.01,-1,-1,-0.01,-1,-1,-0.01,-1,-1,-0.01,-1,-1
99926009,2026-05-18 14:48:09+05:30,53430.2,0,0.0,0,0.0,0.0,53282.15,53619.2,52783.45,53710.35,0,0.0,0.0,0.0,0.0,-0.01,-1,-1,-0.01,-1,-1,-0.01,-1,-1,-0.01,-1,-1,-0.01,-1,-1,-0.01,-1,-1,-0.01,-1,-1,-0.01,-1,-1,-0.01,-1,-1,-0.01,-1,-1
99926009,2026-05-18 14:48:10+05:30,53429.85,0,0.0,0,0.0,0.0,53282.15,53619.2,52783.45,53710.35,0,0.0,0.0,0.0,0.0,-0.01,-1,-1,-0.01,-1,-1,-0.01,-1,-1,-0.01,-1,-1,-0.01,-1,-1,-0.01,-1,-1,-0.01,-1,-1,-0.01,-1,-1,-0.01,-1,-1,-0.01,-1,-1
99926009,2026-05-18 14:48:10+05:30,53429.5,0,0.0,0,0.0,0.0,53282.15,53619.2,52783.45,53710.35,0,0.0,0.0,0.0,0.0,-0.01,-1,-1,-0.01,-1,-1,-0.01,-1,-1,-0.01,-1,-1,-0.01,-1,-1,-0.01,-1,-1,-0.01,-1,-1,-0.01,-1,-1,-0.01,-1,-1,-0.01,-1,-1
99926009,2026-05-18 14:48:11+05:30,53429.9,0,0.0,0,0.0,0.0,53282.15,53619.2,52783.45,53710.35,0,0.0,0.0,0.0,0.0,-0.01,-1,-1,-0.01,-1,-1,-0.01,-1,-1,-0.01,-1,-1,-0.01,-1,-1,-0.01,-1,-1,-0.01,-1,-1,-0.01,-1,-1,-0.01,-1,-1,-0.01,-1,-1
99926009,2026-05-18 14:48:11+05:30,53429.45,0,0.0,0,0.0,0.0,53282.15,53619.2,52783.45,53710.35,0,0.0,0.0,0.0,0.0,-0.01,-1,-1,-0.01,-1,-1,-0.01,-1,-1,-0.01,-1,-1,-0.01,-1,-1,-0.01,-1,-1,-0.01,-1,-1,-0.01,-1,-1,-0.01,-1,-1,-0.01,-1,-1
99926009,2026-05-18 14:48:12+05:30,53430.75,0,0.0,0,0.0,0.0,53282.15,53619.2,52783.45,53710.35,0,0.0,0.0,0.0,0.0,-0.01,-1,-1,-0.01,-1,-1,-0.01,-1,-1,-0.01,-1,-1,-0.01,-1,-1,-0.01,-1,-1,-0.01,-1,-1,-0.01,-1,-1,-0.01,-1,-1,-0.01,-1,-1
99926009,2026-05-18 14:48:12+05:30,53430.7,0,0.0,0,0.0,0.0,53282.15,53619.2,52783.45,53710.35,0,0.0,0.0,0.0,0.0,-0.01,-1,-1,-0.01,-1,-1,-0.01,-1,-1,-0.01,-1,-1,-0.01,-1,-1,-0.01,-1,-1,-0.01,-1,-1,-0.01,-1,-1,-0.01,-1,-1,-0.01,-1,-1
99926009,2026-05-18 14:48:13+05:30,53429.05,0,0.0,0,0.0,0.0,53282.15,53619.2,52783.45,53710.35,0,0.0,0.0,0.0,0.0,-0.01,-1,-1,-0.01,-1,-1,-0.01,-1,-1,-0.01,-1,-1,-0.01,-1,-1,-0.01,-1,-1,-0.01,-1,-1,-0.01,-1,-1,-0.01,-1,-1,-0.01,-1,-1
99926009,2026-05-18 14:48:13+05:30,53428.6,0,0.0,0,0.0,0.0,53282.15,53619.2,52783.45,53710.35,0,0.0,0.0,0.0,0.0,-0.01,-1,-1,-0.01,-1,-1,-0.01,-1,-1,-0.01,-1,-1,-0.01,-1,-1,-0.01,-1,-1,-0.01,-1,-1,-0.01,-1,-1,-0.01,-1,-1,-0.01,-1,-1
99926009,2026-05-18 14:48:14+05:30,53429.55,0,0.0,0,0.0,0.0,53282.15,53619.2,52783.45,53710.35,0,0.0,0.0,0.0,0.0,-0.01,-1,-1,-0.01,-1,-1,-0.01,-1,-1,-0.01,-1,-1,-0.01,-1,-1,-0.01,-1,-1,-0.01,-1,-1,-0.01,-1,-1,-0.01,-1,-1,-0.01,-1,-1
99926009,2026-05-18 14:48:14+05:30,53422.75,0,0.0,0,0.0,0.0,53282.15,53619.2,52783.45,53710.35,0,0.0,0.0,0.0,0.0,-0.01,-1,-1,-0.01,-1,-1,-0.01,-1,-1,-0.01,-1,-1,-0.01,-1,-1,-0.01,-1,-1,-0.01,-1,-1,-0.01,-1,-1,-0.01,-1,-1,-0.01,-1,-1
99926009,2026-05-18 14:48:15+05:30,53420.8,0,0.0,0,0.0,0.0,53282.15,53619.2,52783.45,53710.35,0,0.0,0.0,0.0,0.0,-0.01,-1,-1,-0.01,-1,-1,-0.01,-1,-1,-0.01,-1,-1,-0.01,-1,-1,-0.01,-1,-1,-0.01,-1,-1,-0.01,-1,-1,-0.01,-1,-1,-0.01,-1,-1
99926009,2026-05-18 14:48:15+05:30,53422.1,0,0.0,0,0.0,0.0,53282.15,53619.2,52783.45,53710.35,0,0.0,0.0,0.0,0.0,-0.01,-1,-1,-0.01,-1,-1,-0.01,-1,-1,-0.01,-1,-1,-0.01,-1,-1,-0.01,-1,-1,-0.01,-1,-1,-0.01,-1,-1,-0.01,-1,-1,-0.01,-1,-1
99926009,2026-05-18 14:48:16+05:30,53415.75,0,0.0,0,0.0,0.0,53282.15,53619.2,52783.45,53710.35,0,0.0,0.0,0.0,0.0,-0.01,-1,-1,-0.01,-1,-1,-0.01,-1,-1,-0.01,-1,-1,-0.01,-1,-1,-0.01,-1,-1,-0.01,-1,-1,-0.01,-1,-1,-0.01,-1,-1,-0.01,-1,-1
99926009,2026-05-18 14:48:16+05:30,53414.4,0,0.0,0,0.0,0.0,53282.15,53619.2,52783.45,53710.35,0,0.0,0.0,0.0,0.0,-0.01,-1,-1,-0.01,-1,-1,-0.01,-1,-1,-0.01,-1,-1,-0.01,-1,-1,-0.01,-1,-1,-0.01,-1,-1,-0.01,-1,-1,-0.01,-1,-1,-0.01,-1,-1
99926009,2026-05-18 14:48:17+05:30,53415.15,0,0.0,0,0.0,0.0,53282.15,53619.2,52783.45,53710.35,0,0.0,0.0,0.0,0.0,-0.01,-1,-1,-0.01,-1,-1,-0.01,-1,-1,-0.01,-1,-1,-0.01,-1,-1,-0.01,-1,-1,-0.01,-1,-1,-0.01,-1,-1,-0.01,-1,-1,-0.01,-1,-1
99926009,2026-05-18 14:48:17+05:30,53411.55,0,0.0,0,0.0,0.0,53282.15,53619.2,52783.45,53710.35,0,0.0,0.0,0.0,0.0,-0.01,-1,-1,-0.01,-1,-1,-0.01,-1,-1,-0.01,-1,-1,-0.01,-1,-1,-0.01,-1,-1,-0.01,-1,-1,-0.01,-1,-1,-0.01,-1,-1,-0.01,-1,-1
99926009,2026-05-18 14:48:18+05:30,53409.6,0,0.0,0,0.0,0.0,53282.15,53619.2,52783.45,53710.35,0,0.0,0.0,0.0,0.0,-0.01,-1,-1,-0.01,-1,-1,-0.01,-1,-1,-0.01,-1,-1,-0.01,-1,-1,-0.01,-1,-1,-0.01,-1,-1,-0.01,-1,-1,-0.01,-1,-1,-0.01,-1,-1
99926009,2026-05-18 14:48:18+05:30,53406.2,0,0.0,0,0.0,0.0,53282.15,53619.2,52783.45,53710.35,0,0.0,0.0,0.0,0.0,-0.01,-1,-1,-0.01,-1,-1,-0.01,-1,-1,-0.01,-1,-1,-0.01,-1,-1,-0.01,-1,-1,-0.01,-1,-1,-0.01,-1,-1,-0.01,-1,-1,-0.01,-1,-1
99926009,2026-05-18 14:48:19+05:30,53407.7,0,0.0,0,0.0,0.0,53282.15,53619.2,52783.45,53710.35,0,0.0,0.0,0.0,0.0,-0.01,-1,-1,-0.01,-1,-1,-0.01,-1,-1,-0.01,-1,-1,-0.01,-1,-1,-0.01,-1,-1,-0.01,-1,-1,-0.01,-1,-1,-0.01,-1,-1,-0.01,-1,-1
99926009,2026-05-18 14:48:19+05:30,53406.9,0,0.0,0,0.0,0.0,53282.15,53619.2,52783.45,53710.35,0,0.0,0.0,0.0,0.0,-0.01,-1,-1,-0.01,-1,-1,-0.01,-1,-1,-0.01,-1,-1,-0.01,-1,-1,-0.01,-1,-1,-0.01,-1,-1,-0.01,-1,-1,-0.01,-1,-1,-0.01,-1,-1
99926009,2026-05-18 14:48:20+05:30,53404.75,0,0.0,0,0.0,0.0,53282.15,53619.2,52783.45,53710.35,0,0.0,0.0,0.0,0.0,-0.01,-1,-1,-0.01,-1,-1,-0.01,-1,-1,-0.01,-1,-1,-0.01,-1,-1,-0.01,-1,-1,-0.01,-1,-1,-0.01,-1,-1,-0.01,-1,-1,-0.01,-1,-1
99926009,2026-05-18 14:48:20+05:30,53406.4,0,0.0,0,0.0,0.0,53282.15,53619.2,52783.45,53710.35,0,0.0,0.0,0.0,0.0,-0.01,-1,-1,-0.01,-1,-1,-0.01,-1,-1,-0.01,-1,-1,-0.01,-1,-1,-0.01,-1,-1,-0.01,-1,-1,-0.01,-1,-1,-0.01,-1,-1,-0.01,-1,-1
99926009,2026-05-18 14:48:21+05:30,53406.9,0,0.0,0,0.0,0.0,53282.15,53619.2,52783.45,53710.35,0,0.0,0.0,0.0,0.0,-0.01,-1,-1,-0.01,-1,-1,-0.01,-1,-1,-0.01,-1,-1,-0.01,-1,-1,-0.01,-1,-1,-0.01,-1,-1,-0.01,-1,-1,-0.01,-1,-1,-0.01,-1,-1
99926009,2026-05-18 14:48:21+05:30,53404.45,0,0.0,0,0.0,0.0,53282.15,53619.2,52783.45,53710.35,0,0.0,0.0,0.0,0.0,-0.01,-1,-1,-0.01,-1,-1,-0.01,-1,-1,-0.01,-1,-1,-0.01,-1,-1,-0.01,-1,-1,-0.01,-1,-1,-0.01,-1,-1,-0.01,-1,-1,-0.01,-1,-1
99926009,2026-05-18 14:48:22+05:30,53401.75,0,0.0,0,0.0,0.0,53282.15,53619.2,52783.45,53710.35,0,0.0,0.0,0.0,0.0,-0.01,-1,-1,-0.01,-1,-1,-0.01,-1,-1,-0.01,-1,-1,-0.01,-1,-1,-0.01,-1,-1,-0.01,-1,-1,-0.01,-1,-1,-0.01,-1,-1,-0.01,-1,-1
99926009,2026-05-18 14:48:22+05:30,53399.55,0,0.0,0,0.0,0.0,53282.15,53619.2,52783.45,53710.35,0,0.0,0.0,0.0,0.0,-0.01,-1,-1,-0.01,-1,-1,-0.01,-1,-1,-0.01,-1,-1,-0.01,-1,-1,-0.01,-1,-1,-0.01,-1,-1,-0.01,-1,-1,-0.01,-1,-1,-0.01,-1,-1
99926009,2026-05-18 14:48:23+05:30,53398.05,0,0.0,0,0.0,0.0,53282.15,53619.2,52783.45,53710.35,0,0.0,0.0,0.0,0.0,-0.01,-1,-1,-0.01,-1,-1,-0.01,-1,-1,-0.01,-1,-1,-0.01,-1,-1,-0.01,-1,-1,-0.01,-1,-1,-0.01,-1,-1,-0.01,-1,-1,-0.01,-1,-1
99926009,2026-05-18 14:48:23+05:30,53398.85,0,0.0,0,0.0,0.0,53282.15,53619.2,52783.45,53710.35,0,0.0,0.0,0.0,0.0,-0.01,-1,-1,-0.01,-1,-1,-0.01,-1,-1,-0.01,-1,-1,-0.01,-1,-1,-0.01,-1,-1,-0.01,-1,-1,-0.01,-1,-1,-0.01,-1,-1,-0.01,-1,-1
99926009,2026-05-18 14:48:24+05:30,53398.2,0,0.0,0,0.0,0.0,53282.15,53619.2,52783.45,53710.35,0,0.0,0.0,0.0,0.0,-0.01,-1,-1,-0.01,-1,-1,-0.01,-1,-1,-0.01,-1,-1,-0.01,-1,-1,-0.01,-1,-1,-0.01,-1,-1,-0.01,-1,-1,-0.01,-1,-1,-0.01,-1,-1
99926009,2026-05-18 14:48:24+05:30,53397.6,0,0.0,0,0.0,0.0,53282.15,53619.2,52783.45,53710.35,0,0.0,0.0,0.0,0.0,-0.01,-1,-1,-0.01,-1,-1,-0.01,-1,-1,-0.01,-1,-1,-0.01,-1,-1,-0.01,-1,-1,-0.01,-1,-1,-0.01,-1,-1,-0.01,-1,-1,-0.01,-1,-1
99926009,2026-05-18 14:48:25+05:30,53398.7,0,0.0,0,0.0,0.0,53282.15,53619.2,52783.45,53710.35,0,0.0,0.0,0.0,0.0,-0.01,-1,-1,-0.01,-1,-1,-0.01,-1,-1,-0.01,-1,-1,-0.01,-1,-1,-0.01,-1,-1,-0.01,-1,-1,-0.01,-1,-1,-0.01,-1,-1,-0.01,-1,-1
99926009,2026-05-18 14:48:25+05:30,53400.7,0,0.0,0,0.0,0.0,53282.15,53619.2,52783.45,53710.35,0,0.0,0.0,0.0,0.0,-0.01,-1,-1,-0.01,-1,-1,-0.01,-1,-1,-0.01,-1,-1,-0.01,-1,-1,-0.01,-1,-1,-0.01,-1,-1,-0.01,-1,-1,-0.01,-1,-1,-0.01,-1,-1
99926009,2026-05-18 14:48:26+05:30,53401.0,0,0.0,0,0.0,0.0,53282.15,53619.2,52783.45,53710.35,0,0.0,0.0,0.0,0.0,-0.01,-1,-1,-0.01,-1,-1,-0.01,-1,-1,-0.01,-1,-1,-0.01,-1,-1,-0.01,-1,-1,-0.01,-1,-1,-0.01,-1,-1,-0.01,-1,-1,-0.01,-1,-1
99926009,2026-05-18 14:48:26+05:30,53403.25,0,0.0,0,0.0,0.0,53282.15,53619.2,52783.45,53710.35,0,0.0,0.0,0.0,0.0,-0.01,-1,-1,-0.01,-1,-1,-0.01,-1,-1,-0.01,-1,-1,-0.01,-1,-1,-0.01,-1,-1,-0.01,-1,-1,-0.01,-1,-1,-0.01,-1,-1,-0.01,-1,-1
99926009,2026-05-18 14:48:27+05:30,53400.7,0,0.0,0,0.0,0.0,53282.15,53619.2,52783.45,53710.35,0,0.0,0.0,0.0,0.0,-0.01,-1,-1,-0.01,-1,-1,-0.01,-1,-1,-0.01,-1,-1,-0.01,-1,-1,-0.01,-1,-1,-0.01,-1,-1,-0.01,-1,-1,-0.01,-1,-1,-0.01,-1,-1
99926009,2026-05-18 14:48:27+05:30,53396.4,0,0.0,0,0.0,0.0,53282.15,53619.2,52783.45,53710.35,0,0.0,0.0,0.0,0.0,-0.01,-1,-1,-0.01,-1,-1,-0.01,-1,-1,-0.01,-1,-1,-0.01,-1,-1,-0.01,-1,-1,-0.01,-1,-1,-0.01,-1,-1,-0.01,-1,-1,-0.01,-1,-1
99926009,2026-05-18 14:48:28+05:30,53400.05,0,0.0,0,0.0,0.0,53282.15,53619.2,52783.45,53710.35,0,0.0,0.0,0.0,0.0,-0.01,-1,-1,-0.01,-1,-1,-0.01,-1,-1,-0.01,-1,-1,-0.01,-1,-1,-0.01,-1,-1,-0.01,-1,-1,-0.01,-1,-1,-0.01,-1,-1,-0.01,-1,-1
99926009,2026-05-18 14:48:28+05:30,53398.9,0,0.0,0,0.0,0.0,53282.15,53619.2,52783.45,53710.35,0,0.0,0.0,0.0,0.0,-0.01,-1,-1,-0.01,-1,-1,-0.01,-1,-1,-0.01,-1,-1,-0.01,-1,-1,-0.01,-1,-1,-0.01,-1,-1,-0.01,-1,-1,-0.01,-1,-1,-0.01,-1,-1
99926009,2026-05-18 14:48:29+05:30,53398.9,0,0.0,0,0.0,0.0,53282.15,53619.2,52783.45,53710.35,0,0.0,0.0,0.0,0.0,-0.01,-1,-1,-0.01,-1,-1,-0.01,-1,-1,-0.01,-1,-1,-0.01,-1,-1,-0.01,-1,-1,-0.01,-1,-1,-0.01,-1,-1,-0.01,-1,-1,-0.01,-1,-1
99926009,2026-05-18 14:48:29+05:30,53396.75,0,0.0,0,0.0,0.0,53282.15,53619.2,52783.45,53710.35,0,0.0,0.0,0.0,0.0,-0.01,-1,-1,-0.01,-1,-1,-0.01,-1,-1,-0.01,-1,-1,-0.01,-1,-1,-0.01,-1,-1,-0.01,-1,-1,-0.01,-1,-1,-0.01,-1,-1,-0.01,-1,-1
99926009,2026-05-18 14:48:30+05:30,53396.1,0,0.0,0,0.0,0.0,53282.15,53619.2,52783.45,53710.35,0,0.0,0.0,0.0,0.0,-0.01,-1,-1,-0.01,-1,-1,-0.01,-1,-1,-0.01,-1,-1,-0.01,-1,-1,-0.01,-1,-1,-0.01,-1,-1,-0.01,-1,-1,-0.01,-1,-1,-0.01,-1,-1
99926009,2026-05-18 14:48:30+05:30,53398.75,0,0.0,0,0.0,0.0,53282.15,53619.2,52783.45,53710.35,0,0.0,0.0,0.0,0.0,-0.01,-1,-1,-0.01,-1,-1,-0.01,-1,-1,-0.01,-1,-1,-0.01,-1,-1,-0.01,-1,-1,-0.01,-1,-1,-0.01,-1,-1,-0.01,-1,-1,-0.01,-1,-1
99926009,2026-05-18 14:48:31+05:30,53397.15,0,0.0,0,0.0,0.0,53282.15,53619.2,52783.45,53710.35,0,0.0,0.0,0.0,0.0,-0.01,-1,-1,-0.01,-1,-1,-0.01,-1,-1,-0.01,-1,-1,-0.01,-1,-1,-0.01,-1,-1,-0.01,-1,-1,-0.01,-1,-1,-0.01,-1,-1,-0.01,-1,-1
99926009,2026-05-18 14:48:31+05:30,53399.0,0,0.0,0,0.0,0.0,53282.15,53619.2,52783.45,53710.35,0,0.0,0.0,0.0,0.0,-0.01,-1,-1,-0.01,-1,-1,-0.01,-1,-1,-0.01,-1,-1,-0.01,-1,-1,-0.01,-1,-1,-0.01,-1,-1,-0.01,-1,-1,-0.01,-1,-1,-0.01,-1,-1
99926009,2026-05-18 14:48:32+05:30,53397.8,0,0.0,0,0.0,0.0,53282.15,53619.2,52783.45,53710.35,0,0.0,0.0,0.0,0.0,-0.01,-1,-1,-0.01,-1,-1,-0.01,-1,-1,-0.01,-1,-1,-0.01,-1,-1,-0.01,-1,-1,-0.01,-1,-1,-0.01,-1,-1,-0.01,-1,-1,-0.01,-1,-1
99926009,2026-05-18 14:48:32+05:30,53396.6,0,0.0,0,0.0,0.0,53282.15,53619.2,52783.45,53710.35,0,0.0,0.0,0.0,0.0,-0.01,-1,-1,-0.01,-1,-1,-0.01,-1,-1,-0.01,-1,-1,-0.01,-1,-1,-0.01,-1,-1,-0.01,-1,-1,-0.01,-1,-1,-0.01,-1,-1,-0.01,-1,-1
99926009,2026-05-18 14:48:33+05:30,53395.6,0,0.0,0,0.0,0.0,53282.15,53619.2,52783.45,53710.35,0,0.0,0.0,0.0,0.0,-0.01,-1,-1,-0.01,-1,-1,-0.01,-1,-1,-0.01,-1,-1,-0.01,-1,-1,-0.01,-1,-1,-0.01,-1,-1,-0.01,-1,-1,-0.01,-1,-1,-0.01,-1,-1
99926009,2026-05-18 14:48:33+05:30,53395.9,0,0.0,0,0.0,0.0,53282.15,53619.2,52783.45,53710.35,0,0.0,0.0,0.0,0.0,-0.01,-1,-1,-0.01,-1,-1,-0.01,-1,-1,-0.01,-1,-1,-0.01,-1,-1,-0.01,-1,-1,-0.01,-1,-1,-0.01,-1,-1,-0.01,-1,-1,-0.01,-1,-1
99926009,2026-05-18 14:48:34+05:30,53394.8,0,0.0,0,0.0,0.0,53282.15,53619.2,52783.45,53710.35,0,0.0,0.0,0.0,0.0,-0.01,-1,-1,-0.01,-1,-1,-0.01,-1,-1,-0.01,-1,-1,-0.01,-1,-1,-0.01,-1,-1,-0.01,-1,-1,-0.01,-1,-1,-0.01,-1,-1,-0.01,-1,-1
99926009,2026-05-18 14:48:34+05:30,53392.7,0,0.0,0,0.0,0.0,53282.15,53619.2,52783.45,53710.35,0,0.0,0.0,0.0,0.0,-0.01,-1,-1,-0.01,-1,-1,-0.01,-1,-1,-0.01,-1,-1,-0.01,-1,-1,-0.01,-1,-1,-0.01,-1,-1,-0.01,-1,-1,-0.01,-1,-1,-0.01,-1,-1
99926009,2026-05-18 14:48:35+05:30,53394.15,0,0.0,0,0.0,0.0,53282.15,53619.2,52783.45,53710.35,0,0.0,0.0,0.0,0.0,-0.01,-1,-1,-0.01,-1,-1,-0.01,-1,-1,-0.01,-1,-1,-0.01,-1,-1,-0.01,-1,-1,-0.01,-1,-1,-0.01,-1,-1,-0.01,-1,-1,-0.01,-1,-1
99926009,2026-05-18 14:48:35+05:30,53393.45,0,0.0,0,0.0,0.0,53282.15,53619.2,52783.45,53710.35,0,0.0,0.0,0.0,0.0,-0.01,-1,-1,-0.01,-1,-1,-0.01,-1,-1,-0.01,-1,-1,-0.01,-1,-1,-0.01,-1,-1,-0.01,-1,-1,-0.01,-1,-1,-0.01,-1,-1,-0.01,-1,-1
99926009,2026-05-18 14:48:36+05:30,53393.25,0,0.0,0,0.0,0.0,53282.15,53619.2,52783.45,53710.35,0,0.0,0.0,0.0,0.0,-0.01,-1,-1,-0.01,-1,-1,-0.01,-1,-1,-0.01,-1,-1,-0.01,-1,-1,-0.01,-1,-1,-0.01,-1,-1,-0.01,-1,-1,-0.01,-1,-1,-0.01,-1,-1
99926009,2026-05-18 14:48:36+05:30,53390.35,0,0.0,0,0.0,0.0,53282.15,53619.2,52783.45,53710.35,0,0.0,0.0,0.0,0.0,-0.01,-1,-1,-0.01,-1,-1,-0.01,-1,-1,-0.01,-1,-1,-0.01,-1,-1,-0.01,-1,-1,-0.01,-1,-1,-0.01,-1,-1,-0.01,-1,-1,-0.01,-1,-1
99926009,2026-05-18 14:48:37+05:30,53395.55,0,0.0,0,0.0,0.0,53282.15,53619.2,52783.45,53710.35,0,0.0,0.0,0.0,0.0,-0.01,-1,-1,-0.01,-1,-1,-0.01,-1,-1,-0.01,-1,-1,-0.01,-1,-1,-0.01,-1,-1,-0.01,-1,-1,-0.01,-1,-1,-0.01,-1,-1,-0.01,-1,-1
99926009,2026-05-18 14:48:37+05:30,53395.85,0,0.0,0,0.0,0.0,53282.15,53619.2,52783.45,53710.35,0,0.0,0.0,0.0,0.0,-0.01,-1,-1,-0.01,-1,-1,-0.01,-1,-1,-0.01,-1,-1,-0.01,-1,-1,-0.01,-1,-1,-0.01,-1,-1,-0.01,-1,-1,-0.01,-1,-1,-0.01,-1,-1
99926009,2026-05-18 14:48:38+05:30,53397.55,0,0.0,0,0.0,0.0,53282.15,53619.2,52783.45,53710.35,0,0.0,0.0,0.0,0.0,-0.01,-1,-1,-0.01,-1,-1,-0.01,-1,-1,-0.01,-1,-1,-0.01,-1,-1,-0.01,-1,-1,-0.01,-1,-1,-0.01,-1,-1,-0.01,-1,-1,-0.01,-1,-1
99926009,2026-05-18 14:48:38+05:30,53393.85,0,0.0,0,0.0,0.0,53282.15,53619.2,52783.45,53710.35,0,0.0,0.0,0.0,0.0,-0.01,-1,-1,-0.01,-1,-1,-0.01,-1,-1,-0.01,-1,-1,-0.01,-1,-1,-0.01,-1,-1,-0.01,-1,-1,-0.01,-1,-1,-0.01,-1,-1,-0.01,-1,-1
99926009,2026-05-18 14:48:39+05:30,53396.95,0,0.0,0,0.0,0.0,53282.15,53619.2,52783.45,53710.35,0,0.0,0.0,0.0,0.0,-0.01,-1,-1,-0.01,-1,-1,-0.01,-1,-1,-0.01,-1,-1,-0.01,-1,-1,-0.01,-1,-1,-0.01,-1,-1,-0.01,-1,-1,-0.01,-1,-1,-0.01,-1,-1
99926009,2026-05-18 14:48:39+05:30,53398.2,0,0.0,0,0.0,0.0,53282.15,53619.2,52783.45,53710.35,0,0.0,0.0,0.0,0.0,-0.01,-1,-1,-0.01,-1,-1,-0.01,-1,-1,-0.01,-1,-1,-0.01,-1,-1,-0.01,-1,-1,-0.01,-1,-1,-0.01,-1,-1,-0.01,-1,-1,-0.01,-1,-1
99926009,2026-05-18 14:48:40+05:30,53397.7,0,0.0,0,0.0,0.0,53282.15,53619.2,52783.45,53710.35,0,0.0,0.0,0.0,0.0,-0.01,-1,-1,-0.01,-1,-1,-0.01,-1,-1,-0.01,-1,-1,-0.01,-1,-1,-0.01,-1,-1,-0.01,-1,-1,-0.01,-1,-1,-0.01,-1,-1,-0.01,-1,-1
99926009,2026-05-18 14:48:40+05:30,53395.4,0,0.0,0,0.0,0.0,53282.15,53619.2,52783.45,53710.35,0,0.0,0.0,0.0,0.0,-0.01,-1,-1,-0.01,-1,-1,-0.01,-1,-1,-0.01,-1,-1,-0.01,-1,-1,-0.01,-1,-1,-0.01,-1,-1,-0.01,-1,-1,-0.01,-1,-1,-0.01,-1,-1
99926009,2026-05-18 14:48:41+05:30,53393.05,0,0.0,0,0.0,0.0,53282.15,53619.2,52783.45,53710.35,0,0.0,0.0,0.0,0.0,-0.01,-1,-1,-0.01,-1,-1,-0.01,-1,-1,-0.01,-1,-1,-0.01,-1,-1,-0.01,-1,-1,-0.01,-1,-1,-0.01,-1,-1,-0.01,-1,-1,-0.01,-1,-1
99926009,2026-05-18 14:48:41+05:30,53394.35,0,0.0,0,0.0,0.0,53282.15,53619.2,52783.45,53710.35,0,0.0,0.0,0.0,0.0,-0.01,-1,-1,-0.01,-1,-1,-0.01,-1,-1,-0.01,-1,-1,-0.01,-1,-1,-0.01,-1,-1,-0.01,-1,-1,-0.01,-1,-1,-0.01,-1,-1,-0.01,-1,-1
99926009,2026-05-18 14:48:42+05:30,53394.0,0,0.0,0,0.0,0.0,53282.15,53619.2,52783.45,53710.35,0,0.0,0.0,0.0,0.0,-0.01,-1,-1,-0.01,-1,-1,-0.01,-1,-1,-0.01,-1,-1,-0.01,-1,-1,-0.01,-1,-1,-0.01,-1,-1,-0.01,-1,-1,-0.01,-1,-1,-0.01,-1,-1
99926009,2026-05-18 14:48:42+05:30,53390.15,0,0.0,0,0.0,0.0,53282.15,53619.2,52783.45,53710.35,0,0.0,0.0,0.0,0.0,-0.01,-1,-1,-0.01,-1,-1,-0.01,-1,-1,-0.01,-1,-1,-0.01,-1,-1,-0.01,-1,-1,-0.01,-1,-1,-0.01,-1,-1,-0.01,-1,-1,-0.01,-1,-1
99926009,2026-05-18 14:48:43+05:30,53393.35,0,0.0,0,0.0,0.0,53282.15,53619.2,52783.45,53710.35,0,0.0,0.0,0.0,0.0,-0.01,-1,-1,-0.01,-1,-1,-0.01,-1,-1,-0.01,-1,-1,-0.01,-1,-1,-0.01,-1,-1,-0.01,-1,-1,-0.01,-1,-1,-0.01,-1,-1,-0.01,-1,-1
99926009,2026-05-18 14:48:43+05:30,53391.6,0,0.0,0,0.0,0.0,53282.15,53619.2,52783.45,53710.35,0,0.0,0.0,0.0,0.0,-0.01,-1,-1,-0.01,-1,-1,-0.01,-1,-1,-0.01,-1,-1,-0.01,-1,-1,-0.01,-1,-1,-0.01,-1,-1,-0.01,-1,-1,-0.01,-1,-1,-0.01,-1,-1
99926009,2026-05-18 14:48:44+05:30,53390.25,0,0.0,0,0.0,0.0,53282.15,53619.2,52783.45,53710.35,0,0.0,0.0,0.0,0.0,-0.01,-1,-1,-0.01,-1,-1,-0.01,-1,-1,-0.01,-1,-1,-0.01,-1,-1,-0.01,-1,-1,-0.01,-1,-1,-0.01,-1,-1,-0.01,-1,-1,-0.01,-1,-1
99926009,2026-05-18 14:48:44+05:30,53389.4,0,0.0,0,0.0,0.0,53282.15,53619.2,52783.45,53710.35,0,0.0,0.0,0.0,0.0,-0.01,-1,-1,-0.01,-1,-1,-0.01,-1,-1,-0.01,-1,-1,-0.01,-1,-1,-0.01,-1,-1,-0.01,-1,-1,-0.01,-1,-1,-0.01,-1,-1,-0.01,-1,-1
99926009,2026-05-18 14:48:45+05:30,53391.45,0,0.0,0,0.0,0.0,53282.15,53619.2,52783.45,53710.35,0,0.0,0.0,0.0,0.0,-0.01,-1,-1,-0.01,-1,-1,-0.01,-1,-1,-0.01,-1,-1,-0.01,-1,-1,-0.01,-1,-1,-0.01,-1,-1,-0.01,-1,-1,-0.01,-1,-1,-0.01,-1,-1
99926009,2026-05-18 14:48:45+05:30,53392.45,0,0.0,0,0.0,0.0,53282.15,53619.2,52783.45,53710.35,0,0.0,0.0,0.0,0.0,-0.01,-1,-1,-0.01,-1,-1,-0.01,-1,-1,-0.01,-1,-1,-0.01,-1,-1,-0.01,-1,-1,-0.01,-1,-1,-0.01,-1,-1,-0.01,-1,-1,-0.01,-1,-1
99926009,2026-05-18 14:48:46+05:30,53393.55,0,0.0,0,0.0,0.0,53282.15,53619.2,52783.45,53710.35,0,0.0,0.0,0.0,0.0,-0.01,-1,-1,-0.01,-1,-1,-0.01,-1,-1,-0.01,-1,-1,-0.01,-1,-1,-0.01,-1,-1,-0.01,-1,-1,-0.01,-1,-1,-0.01,-1,-1,-0.01,-1,-1
99926009,2026-05-18 14:48:46+05:30,53392.75,0,0.0,0,0.0,0.0,53282.15,53619.2,52783.45,53710.35,0,0.0,0.0,0.0,0.0,-0.01,-1,-1,-0.01,-1,-1,-0.01,-1,-1,-0.01,-1,-1,-0.01,-1,-1,-0.01,-1,-1,-0.01,-1,-1,-0.01,-1,-1,-0.01,-1,-1,-0.01,-1,-1
99926009,2026-05-18 14:48:47+05:30,53396.25,0,0.0,0,0.0,0.0,53282.15,53619.2,52783.45,53710.35,0,0.0,0.0,0.0,0.0,-0.01,-1,-1,-0.01,-1,-1,-0.01,-1,-1,-0.01,-1,-1,-0.01,-1,-1,-0.01,-1,-1,-0.01,-1,-1,-0.01,-1,-1,-0.01,-1,-1,-0.01,-1,-1
99926009,2026-05-18 14:48:47+05:30,53391.8,0,0.0,0,0.0,0.0,53282.15,53619.2,52783.45,53710.35,0,0.0,0.0,0.0,0.0,-0.01,-1,-1,-0.01,-1,-1,-0.01,-1,-1,-0.01,-1,-1,-0.01,-1,-1,-0.01,-1,-1,-0.01,-1,-1,-0.01,-1,-1,-0.01,-1,-1,-0.01,-1,-1
99926009,2026-05-18 14:48:48+05:30,53392.45,0,0.0,0,0.0,0.0,53282.15,53619.2,52783.45,53710.35,0,0.0,0.0,0.0,0.0,-0.01,-1,-1,-0.01,-1,-1,-0.01,-1,-1,-0.01,-1,-1,-0.01,-1,-1,-0.01,-1,-1,-0.01,-1,-1,-0.01,-1,-1,-0.01,-1,-1,-0.01,-1,-1
99926009,2026-05-18 14:48:48+05:30,53394.0,0,0.0,0,0.0,0.0,53282.15,53619.2,52783.45,53710.35,0,0.0,0.0,0.0,0.0,-0.01,-1,-1,-0.01,-1,-1,-0.01,-1,-1,-0.01,-1,-1,-0.01,-1,-1,-0.01,-1,-1,-0.01,-1,-1,-0.01,-1,-1,-0.01,-1,-1,-0.01,-1,-1
99926009,2026-05-18 14:48:49+05:30,53394.9,0,0.0,0,0.0,0.0,53282.15,53619.2,52783.45,53710.35,0,0.0,0.0,0.0,0.0,-0.01,-1,-1,-0.01,-1,-1,-0.01,-1,-1,-0.01,-1,-1,-0.01,-1,-1,-0.01,-1,-1,-0.01,-1,-1,-0.01,-1,-1,-0.01,-1,-1,-0.01,-1,-1
99926009,2026-05-18 14:48:49+05:30,53396.7,0,0.0,0,0.0,0.0,53282.15,53619.2,52783.45,53710.35,0,0.0,0.0,0.0,0.0,-0.01,-1,-1,-0.01,-1,-1,-0.01,-1,-1,-0.01,-1,-1,-0.01,-1,-1,-0.01,-1,-1,-0.01,-1,-1,-0.01,-1,-1,-0.01,-1,-1,-0.01,-1,-1
99926009,2026-05-18 14:48:50+05:30,53393.1,0,0.0,0,0.0,0.0,53282.15,53619.2,52783.45,53710.35,0,0.0,0.0,0.0,0.0,-0.01,-1,-1,-0.01,-1,-1,-0.01,-1,-1,-0.01,-1,-1,-0.01,-1,-1,-0.01,-1,-1,-0.01,-1,-1,-0.01,-1,-1,-0.01,-1,-1,-0.01,-1,-1
99926009,2026-05-18 14:48:50+05:30,53394.0,0,0.0,0,0.0,0.0,53282.15,53619.2,52783.45,53710.35,0,0.0,0.0,0.0,0.0,-0.01,-1,-1,-0.01,-1,-1,-0.01,-1,-1,-0.01,-1,-1,-0.01,-1,-1,-0.01,-1,-1,-0.01,-1,-1,-0.01,-1,-1,-0.01,-1,-1,-0.01,-1,-1
99926009,2026-05-18 14:48:51+05:30,53392.7,0,0.0,0,0.0,0.0,53282.15,53619.2,52783.45,53710.35,0,0.0,0.0,0.0,0.0,-0.01,-1,-1,-0.01,-1,-1,-0.01,-1,-1,-0.01,-1,-1,-0.01,-1,-1,-0.01,-1,-1,-0.01,-1,-1,-0.01,-1,-1,-0.01,-1,-1,-0.01,-1,-1
99926009,2026-05-18 14:48:51+05:30,53397.1,0,0.0,0,0.0,0.0,53282.15,53619.2,52783.45,53710.35,0,0.0,0.0,0.0,0.0,-0.01,-1,-1,-0.01,-1,-1,-0.01,-1,-1,-0.01,-1,-1,-0.01,-1,-1,-0.01,-1,-1,-0.01,-1,-1,-0.01,-1,-1,-0.01,-1,-1,-0.01,-1,-1
99926009,2026-05-18 14:48:52+05:30,53395.6,0,0.0,0,0.0,0.0,53282.15,53619.2,52783.45,53710.35,0,0.0,0.0,0.0,0.0,-0.01,-1,-1,-0.01,-1,-1,-0.01,-1,-1,-0.01,-1,-1,-0.01,-1,-1,-0.01,-1,-1,-0.01,-1,-1,-0.01,-1,-1,-0.01,-1,-1,-0.01,-1,-1
99926009,2026-05-18 14:48:52+05:30,53396.75,0,0.0,0,0.0,0.0,53282.15,53619.2,52783.45,53710.35,0,0.0,0.0,0.0,0.0,-0.01,-1,-1,-0.01,-1,-1,-0.01,-1,-1,-0.01,-1,-1,-0.01,-1,-1,-0.01,-1,-1,-0.01,-1,-1,-0.01,-1,-1,-0.01,-1,-1,-0.01,-1,-1
99926009,2026-05-18 14:48:53+05:30,53395.5,0,0.0,0,0.0,0.0,53282.15,53619.2,52783.45,53710.35,0,0.0,0.0,0.0,0.0,-0.01,-1,-1,-0.01,-1,-1,-0.01,-1,-1,-0.01,-1,-1,-0.01,-1,-1,-0.01,-1,-1,-0.01,-1,-1,-0.01,-1,-1,-0.01,-1,-1,-0.01,-1,-1
99926009,2026-05-18 14:48:53+05:30,53395.75,0,0.0,0,0.0,0.0,53282.15,53619.2,52783.45,53710.35,0,0.0,0.0,0.0,0.0,-0.01,-1,-1,-0.01,-1,-1,-0.01,-1,-1,-0.01,-1,-1,-0.01,-1,-1,-0.01,-1,-1,-0.01,-1,-1,-0.01,-1,-1,-0.01,-1,-1,-0.01,-1,-1
99926009,2026-05-18 14:48:54+05:30,53392.95,0,0.0,0,0.0,0.0,53282.15,53619.2,52783.45,53710.35,0,0.0,0.0,0.0,0.0,-0.01,-1,-1,-0.01,-1,-1,-0.01,-1,-1,-0.01,-1,-1,-0.01,-1,-1,-0.01,-1,-1,-0.01,-1,-1,-0.01,-1,-1,-0.01,-1,-1,-0.01,-1,-1
99926009,2026-05-18 14:48:54+05:30,53389.7,0,0.0,0,0.0,0.0,53282.15,53619.2,52783.45,53710.35,0,0.0,0.0,0.0,0.0,-0.01,-1,-1,-0.01,-1,-1,-0.01,-1,-1,-0.01,-1,-1,-0.01,-1,-1,-0.01,-1,-1,-0.01,-1,-1,-0.01,-1,-1,-0.01,-1,-1,-0.01,-1,-1
99926009,2026-05-18 14:48:55+05:30,53391.75,0,0.0,0,0.0,0.0,53282.15,53619.2,52783.45,53710.35,0,0.0,0.0,0.0,0.0,-0.01,-1,-1,-0.01,-1,-1,-0.01,-1,-1,-0.01,-1,-1,-0.01,-1,-1,-0.01,-1,-1,-0.01,-1,-1,-0.01,-1,-1,-0.01,-1,-1,-0.01,-1,-1
99926009,2026-05-18 14:48:55+05:30,53389.75,0,0.0,0,0.0,0.0,53282.15,53619.2,52783.45,53710.35,0,0.0,0.0,0.0,0.0,-0.01,-1,-1,-0.01,-1,-1,-0.01,-1,-1,-0.01,-1,-1,-0.01,-1,-1,-0.01,-1,-1,-0.01,-1,-1,-0.01,-1,-1,-0.01,-1,-1,-0.01,-1,-1
99926009,2026-05-18 14:48:56+05:30,53390.6,0,0.0,0,0.0,0.0,53282.15,53619.2,52783.45,53710.35,0,0.0,0.0,0.0,0.0,-0.01,-1,-1,-0.01,-1,-1,-0.01,-1,-1,-0.01,-1,-1,-0.01,-1,-1,-0.01,-1,-1,-0.01,-1,-1,-0.01,-1,-1,-0.01,-1,-1,-0.01,-1,-1
99926009,2026-05-18 14:48:56+05:30,53389.8,0,0.0,0,0.0,0.0,53282.15,53619.2,52783.45,53710.35,0,0.0,0.0,0.0,0.0,-0.01,-1,-1,-0.01,-1,-1,-0.01,-1,-1,-0.01,-1,-1,-0.01,-1,-1,-0.01,-1,-1,-0.01,-1,-1,-0.01,-1,-1,-0.01,-1,-1,-0.01,-1,-1
99926009,2026-05-18 14:48:57+05:30,53387.15,0,0.0,0,0.0,0.0,53282.15,53619.2,52783.45,53710.35,0,0.0,0.0,0.0,0.0,-0.01,-1,-1,-0.01,-1,-1,-0.01,-1,-1,-0.01,-1,-1,-0.01,-1,-1,-0.01,-1,-1,-0.01,-1,-1,-0.01,-1,-1,-0.01,-1,-1,-0.01,-1,-1
99926009,2026-05-18 14:48:57+05:30,53388.8,0,0.0,0,0.0,0.0,53282.15,53619.2,52783.45,53710.35,0,0.0,0.0,0.0,0.0,-0.01,-1,-1,-0.01,-1,-1,-0.01,-1,-1,-0.01,-1,-1,-0.01,-1,-1,-0.01,-1,-1,-0.01,-1,-1,-0.01,-1,-1,-0.01,-1,-1,-0.01,-1,-1
99926009,2026-05-18 14:48:58+05:30,53388.0,0,0.0,0,0.0,0.0,53282.15,53619.2,52783.45,53710.35,0,0.0,0.0,0.0,0.0,-0.01,-1,-1,-0.01,-1,-1,-0.01,-1,-1,-0.01,-1,-1,-0.01,-1,-1,-0.01,-1,-1,-0.01,-1,-1,-0.01,-1,-1,-0.01,-1,-1,-0.01,-1,-1
99926009,2026-05-18 14:48:58+05:30,53389.05,0,0.0,0,0.0,0.0,53282.15,53619.2,52783.45,53710.35,0,0.0,0.0,0.0,0.0,-0.01,-1,-1,-0.01,-1,-1,-0.01,-1,-1,-0.01,-1,-1,-0.01,-1,-1,-0.01,-1,-1,-0.01,-1,-1,-0.01,-1,-1,-0.01,-1,-1,-0.01,-1,-1
99926009,2026-05-18 14:48:59+05:30,53389.8,0,0.0,0,0.0,0.0,53282.15,53619.2,52783.45,53710.35,0,0.0,0.0,0.0,0.0,-0.01,-1,-1,-0.01,-1,-1,-0.01,-1,-1,-0.01,-1,-1,-0.01,-1,-1,-0.01,-1,-1,-0.01,-1,-1,-0.01,-1,-1,-0.01,-1,-1,-0.01,-1,-1
99926009,2026-05-18 14:48:59+05:30,53388.55,0,0.0,0,0.0,0.0,53282.15,53619.2,52783.45,53710.35,0,0.0,0.0,0.0,0.0,-0.01,-1,-1,-0.01,-1,-1,-0.01,-1,-1,-0.01,-1,-1,-0.01,-1,-1,-0.01,-1,-1,-0.01,-1,-1,-0.01,-1,-1,-0.01,-1,-1,-0.01,-1,-1
99926009,2026-05-18 14:49:00+05:30,53391.6,0,0.0,0,0.0,0.0,53282.15,53619.2,52783.45,53710.35,0,0.0,0.0,0.0,0.0,-0.01,-1,-1,-0.01,-1,-1,-0.01,-1,-1,-0.01,-1,-1,-0.01,-1,-1,-0.01,-1,-1,-0.01,-1,-1,-0.01,-1,-1,-0.01,-1,-1,-0.01,-1,-1
99926009,2026-05-18 14:49:00+05:30,53395.9,0,0.0,0,0.0,0.0,53282.15,53619.2,52783.45,53710.35,0,0.0,0.0,0.0,0.0,-0.01,-1,-1,-0.01,-1,-1,-0.01,-1,-1,-0.01,-1,-1,-0.01,-1,-1,-0.01,-1,-1,-0.01,-1,-1,-0.01,-1,-1,-0.01,-1,-1,-0.01,-1,-1
99926009,2026-05-18 14:49:01+05:30,53388.35,0,0.0,0,0.0,0.0,53282.15,53619.2,52783.45,53710.35,0,0.0,0.0,0.0,0.0,-0.01,-1,-1,-0.01,-1,-1,-0.01,-1,-1,-0.01,-1,-1,-0.01,-1,-1,-0.01,-1,-1,-0.01,-1,-1,-0.01,-1,-1,-0.01,-1,-1,-0.01,-1,-1
99926009,2026-05-18 14:49:01+05:30,53400.75,0,0.0,0,0.0,0.0,53282.15,53619.2,52783.45,53710.35,0,0.0,0.0,0.0,0.0,-0.01,-1,-1,-0.01,-1,-1,-0.01,-1,-1,-0.01,-1,-1,-0.01,-1,-1,-0.01,-1,-1,-0.01,-1,-1,-0.01,-1,-1,-0.01,-1,-1,-0.01,-1,-1
99926009,2026-05-18 14:49:02+05:30,53401.35,0,0.0,0,0.0,0.0,53282.15,53619.2,52783.45,53710.35,0,0.0,0.0,0.0,0.0,-0.01,-1,-1,-0.01,-1,-1,-0.01,-1,-1,-0.01,-1,-1,-0.01,-1,-1,-0.01,-1,-1,-0.01,-1,-1,-0.01,-1,-1,-0.01,-1,-1,-0.01,-1,-1
99926009,2026-05-18 14:49:02+05:30,53397.4,0,0.0,0,0.0,0.0,53282.15,53619.2,52783.45,53710.35,0,0.0,0.0,0.0,0.0,-0.01,-1,-1,-0.01,-1,-1,-0.01,-1,-1,-0.01,-1,-1,-0.01,-1,-1,-0.01,-1,-1,-0.01,-1,-1,-0.01,-1,-1,-0.01,-1,-1,-0.01,-1,-1
99926009,2026-05-18 14:49:03+05:30,53398.85,0,0.0,0,0.0,0.0,53282.15,53619.2,52783.45,53710.35,0,0.0,0.0,0.0,0.0,-0.01,-1,-1,-0.01,-1,-1,-0.01,-1,-1,-0.01,-1,-1,-0.01,-1,-1,-0.01,-1,-1,-0.01,-1,-1,-0.01,-1,-1,-0.01,-1,-1,-0.01,-1,-1
99926009,2026-05-18 14:49:03+05:30,53397.55,0,0.0,0,0.0,0.0,53282.15,53619.2,52783.45,53710.35,0,0.0,0.0,0.0,0.0,-0.01,-1,-1,-0.01,-1,-1,-0.01,-1,-1,-0.01,-1,-1,-0.01,-1,-1,-0.01,-1,-1,-0.01,-1,-1,-0.01,-1,-1,-0.01,-1,-1,-0.01,-1,-1
99926009,2026-05-18 14:49:04+05:30,53399.7,0,0.0,0,0.0,0.0,53282.15,53619.2,52783.45,53710.35,0,0.0,0.0,0.0,0.0,-0.01,-1,-1,-0.01,-1,-1,-0.01,-1,-1,-0.01,-1,-1,-0.01,-1,-1,-0.01,-1,-1,-0.01,-1,-1,-0.01,-1,-1,-0.01,-1,-1,-0.01,-1,-1
99926009,2026-05-18 14:49:04+05:30,53395.9,0,0.0,0,0.0,0.0,53282.15,53619.2,52783.45,53710.35,0,0.0,0.0,0.0,0.0,-0.01,-1,-1,-0.01,-1,-1,-0.01,-1,-1,-0.01,-1,-1,-0.01,-1,-1,-0.01,-1,-1,-0.01,-1,-1,-0.01,-1,-1,-0.01,-1,-1,-0.01,-1,-1
99926009,2026-05-18 14:49:05+05:30,53394.6,0,0.0,0,0.0,0.0,53282.15,53619.2,52783.45,53710.35,0,0.0,0.0,0.0,0.0,-0.01,-1,-1,-0.01,-1,-1,-0.01,-1,-1,-0.01,-1,-1,-0.01,-1,-1,-0.01,-1,-1,-0.01,-1,-1,-0.01,-1,-1,-0.01,-1,-1,-0.01,-1,-1
99926009,2026-05-18 14:49:05+05:30,53395.7,0,0.0,0,0.0,0.0,53282.15,53619.2,52783.45,53710.35,0,0.0,0.0,0.0,0.0,-0.01,-1,-1,-0.01,-1,-1,-0.01,-1,-1,-0.01,-1,-1,-0.01,-1,-1,-0.01,-1,-1,-0.01,-1,-1,-0.01,-1,-1,-0.01,-1,-1,-0.01,-1,-1
99926009,2026-05-18 14:49:06+05:30,53397.95,0,0.0,0,0.0,0.0,53282.15,53619.2,52783.45,53710.35,0,0.0,0.0,0.0,0.0,-0.01,-1,-1,-0.01,-1,-1,-0.01,-1,-1,-0.01,-1,-1,-0.01,-1,-1,-0.01,-1,-1,-0.01,-1,-1,-0.01,-1,-1,-0.01,-1,-1,-0.01,-1,-1
99926009,2026-05-18 14:49:06+05:30,53398.05,0,0.0,0,0.0,0.0,53282.15,53619.2,52783.45,53710.35,0,0.0,0.0,0.0,0.0,-0.01,-1,-1,-0.01,-1,-1,-0.01,-1,-1,-0.01,-1,-1,-0.01,-1,-1,-0.01,-1,-1,-0.01,-1,-1,-0.01,-1,-1,-0.01,-1,-1,-0.01,-1,-1
99926009,2026-05-18 14:49:07+05:30,53399.1,0,0.0,0,0.0,0.0,53282.15,53619.2,52783.45,53710.35,0,0.0,0.0,0.0,0.0,-0.01,-1,-1,-0.01,-1,-1,-0.01,-1,-1,-0.01,-1,-1,-0.01,-1,-1,-0.01,-1,-1,-0.01,-1,-1,-0.01,-1,-1,-0.01,-1,-1,-0.01,-1,-1
99926009,2026-05-18 14:49:07+05:30,53398.25,0,0.0,0,0.0,0.0,53282.15,53619.2,52783.45,53710.35,0,0.0,0.0,0.0,0.0,-0.01,-1,-1,-0.01,-1,-1,-0.01,-1,-1,-0.01,-1,-1,-0.01,-1,-1,-0.01,-1,-1,-0.01,-1,-1,-0.01,-1,-1,-0.01,-1,-1,-0.01,-1,-1
99926009,2026-05-18 14:49:08+05:30,53396.2,0,0.0,0,0.0,0.0,53282.15,53619.2,52783.45,53710.35,0,0.0,0.0,0.0,0.0,-0.01,-1,-1,-0.01,-1,-1,-0.01,-1,-1,-0.01,-1,-1,-0.01,-1,-1,-0.01,-1,-1,-0.01,-1,-1,-0.01,-1,-1,-0.01,-1,-1,-0.01,-1,-1
99926009,2026-05-18 14:49:08+05:30,53396.05,0,0.0,0,0.0,0.0,53282.15,53619.2,52783.45,53710.35,0,0.0,0.0,0.0,0.0,-0.01,-1,-1,-0.01,-1,-1,-0.01,-1,-1,-0.01,-1,-1,-0.01,-1,-1,-0.01,-1,-1,-0.01,-1,-1,-0.01,-1,-1,-0.01,-1,-1,-0.01,-1,-1
99926009,2026-05-18 14:49:09+05:30,53395.2,0,0.0,0,0.0,0.0,53282.15,53619.2,52783.45,53710.35,0,0.0,0.0,0.0,0.0,-0.01,-1,-1,-0.01,-1,-1,-0.01,-1,-1,-0.01,-1,-1,-0.01,-1,-1,-0.01,-1,-1,-0.01,-1,-1,-0.01,-1,-1,-0.01,-1,-1,-0.01,-1,-1
99926009,2026-05-18 14:49:09+05:30,53397.65,0,0.0,0,0.0,0.0,53282.15,53619.2,52783.45,53710.35,0,0.0,0.0,0.0,0.0,-0.01,-1,-1,-0.01,-1,-1,-0.01,-1,-1,-0.01,-1,-1,-0.01,-1,-1,-0.01,-1,-1,-0.01,-1,-1,-0.01,-1,-1,-0.01,-1,-1,-0.01,-1,-1
99926009,2026-05-18 14:49:10+05:30,53398.0,0,0.0,0,0.0,0.0,53282.15,53619.2,52783.45,53710.35,0,0.0,0.0,0.0,0.0,-0.01,-1,-1,-0.01,-1,-1,-0.01,-1,-1,-0.01,-1,-1,-0.01,-1,-1,-0.01,-1,-1,-0.01,-1,-1,-0.01,-1,-1,-0.01,-1,-1,-0.01,-1,-1
99926009,2026-05-18 14:49:10+05:30,53395.45,0,0.0,0,0.0,0.0,53282.15,53619.2,52783.45,53710.35,0,0.0,0.0,0.0,0.0,-0.01,-1,-1,-0.01,-1,-1,-0.01,-1,-1,-0.01,-1,-1,-0.01,-1,-1,-0.01,-1,-1,-0.01,-1,-1,-0.01,-1,-1,-0.01,-1,-1,-0.01,-1,-1
99926009,2026-05-18 14:49:11+05:30,53392.35,0,0.0,0,0.0,0.0,53282.15,53619.2,52783.45,53710.35,0,0.0,0.0,0.0,0.0,-0.01,-1,-1,-0.01,-1,-1,-0.01,-1,-1,-0.01,-1,-1,-0.01,-1,-1,-0.01,-1,-1,-0.01,-1,-1,-0.01,-1,-1,-0.01,-1,-1,-0.01,-1,-1
99926009,2026-05-18 14:49:11+05:30,53393.95,0,0.0,0,0.0,0.0,53282.15,53619.2,52783.45,53710.35,0,0.0,0.0,0.0,0.0,-0.01,-1,-1,-0.01,-1,-1,-0.01,-1,-1,-0.01,-1,-1,-0.01,-1,-1,-0.01,-1,-1,-0.01,-1,-1,-0.01,-1,-1,-0.01,-1,-1,-0.01,-1,-1
99926009,2026-05-18 14:49:12+05:30,53392.45,0,0.0,0,0.0,0.0,53282.15,53619.2,52783.45,53710.35,0,0.0,0.0,0.0,0.0,-0.01,-1,-1,-0.01,-1,-1,-0.01,-1,-1,-0.01,-1,-1,-0.01,-1,-1,-0.01,-1,-1,-0.01,-1,-1,-0.01,-1,-1,-0.01,-1,-1,-0.01,-1,-1
99926009,2026-05-18 14:49:12+05:30,53393.5,0,0.0,0,0.0,0.0,53282.15,53619.2,52783.45,53710.35,0,0.0,0.0,0.0,0.0,-0.01,-1,-1,-0.01,-1,-1,-0.01,-1,-1,-0.01,-1,-1,-0.01,-1,-1,-0.01,-1,-1,-0.01,-1,-1,-0.01,-1,-1,-0.01,-1,-1,-0.01,-1,-1
99926009,2026-05-18 14:49:13+05:30,53392.45,0,0.0,0,0.0,0.0,53282.15,53619.2,52783.45,53710.35,0,0.0,0.0,0.0,0.0,-0.01,-1,-1,-0.01,-1,-1,-0.01,-1,-1,-0.01,-1,-1,-0.01,-1,-1,-0.01,-1,-1,-0.01,-1,-1,-0.01,-1,-1,-0.01,-1,-1,-0.01,-1,-1
99926009,2026-05-18 14:49:13+05:30,53390.1,0,0.0,0,0.0,0.0,53282.15,53619.2,52783.45,53710.35,0,0.0,0.0,0.0,0.0,-0.01,-1,-1,-0.01,-1,-1,-0.01,-1,-1,-0.01,-1,-1,-0.01,-1,-1,-0.01,-1,-1,-0.01,-1,-1,-0.01,-1,-1,-0.01,-1,-1,-0.01,-1,-1
99926009,2026-05-18 14:49:14+05:30,53390.8,0,0.0,0,0.0,0.0,53282.15,53619.2,52783.45,53710.35,0,0.0,0.0,0.0,0.0,-0.01,-1,-1,-0.01,-1,-1,-0.01,-1,-1,-0.01,-1,-1,-0.01,-1,-1,-0.01,-1,-1,-0.01,-1,-1,-0.01,-1,-1,-0.01,-1,-1,-0.01,-1,-1
99926009,2026-05-18 14:49:14+05:30,53393.8,0,0.0,0,0.0,0.0,53282.15,53619.2,52783.45,53710.35,0,0.0,0.0,0.0,0.0,-0.01,-1,-1,-0.01,-1,-1,-0.01,-1,-1,-0.01,-1,-1,-0.01,-1,-1,-0.01,-1,-1,-0.01,-1,-1,-0.01,-1,-1,-0.01,-1,-1,-0.01,-1,-1
99926009,2026-05-18 14:49:15+05:30,53393.05,0,0.0,0,0.0,0.0,53282.15,53619.2,52783.45,53710.35,0,0.0,0.0,0.0,0.0,-0.01,-1,-1,-0.01,-1,-1,-0.01,-1,-1,-0.01,-1,-1,-0.01,-1,-1,-0.01,-1,-1,-0.01,-1,-1,-0.01,-1,-1,-0.01,-1,-1,-0.01,-1,-1
99926009,2026-05-18 14:49:15+05:30,53391.85,0,0.0,0,0.0,0.0,53282.15,53619.2,52783.45,53710.35,0,0.0,0.0,0.0,0.0,-0.01,-1,-1,-0.01,-1,-1,-0.01,-1,-1,-0.01,-1,-1,-0.01,-1,-1,-0.01,-1,-1,-0.01,-1,-1,-0.01,-1,-1,-0.01,-1,-1,-0.01,-1,-1
99926009,2026-05-18 14:49:16+05:30,53392.4,0,0.0,0,0.0,0.0,53282.15,53619.2,52783.45,53710.35,0,0.0,0.0,0.0,0.0,-0.01,-1,-1,-0.01,-1,-1,-0.01,-1,-1,-0.01,-1,-1,-0.01,-1,-1,-0.01,-1,-1,-0.01,-1,-1,-0.01,-1,-1,-0.01,-1,-1,-0.01,-1,-1
99926009,2026-05-18 14:49:16+05:30,53391.8,0,0.0,0,0.0,0.0,53282.15,53619.2,52783.45,53710.35,0,0.0,0.0,0.0,0.0,-0.01,-1,-1,-0.01,-1,-1,-0.01,-1,-1,-0.01,-1,-1,-0.01,-1,-1,-0.01,-1,-1,-0.01,-1,-1,-0.01,-1,-1,-0.01,-1,-1,-0.01,-1,-1
99926009,2026-05-18 14:49:17+05:30,53392.45,0,0.0,0,0.0,0.0,53282.15,53619.2,52783.45,53710.35,0,0.0,0.0,0.0,0.0,-0.01,-1,-1,-0.01,-1,-1,-0.01,-1,-1,-0.01,-1,-1,-0.01,-1,-1,-0.01,-1,-1,-0.01,-1,-1,-0.01,-1,-1,-0.01,-1,-1,-0.01,-1,-1
99926009,2026-05-18 14:49:17+05:30,53394.8,0,0.0,0,0.0,0.0,53282.15,53619.2,52783.45,53710.35,0,0.0,0.0,0.0,0.0,-0.01,-1,-1,-0.01,-1,-1,-0.01,-1,-1,-0.01,-1,-1,-0.01,-1,-1,-0.01,-1,-1,-0.01,-1,-1,-0.01,-1,-1,-0.01,-1,-1,-0.01,-1,-1
99926009,2026-05-18 14:49:18+05:30,53393.0,0,0.0,0,0.0,0.0,53282.15,53619.2,52783.45,53710.35,0,0.0,0.0,0.0,0.0,-0.01,-1,-1,-0.01,-1,-1,-0.01,-1,-1,-0.01,-1,-1,-0.01,-1,-1,-0.01,-1,-1,-0.01,-1,-1,-0.01,-1,-1,-0.01,-1,-1,-0.01,-1,-1
99926009,2026-05-18 14:49:18+05:30,53394.35,0,0.0,0,0.0,0.0,53282.15,53619.2,52783.45,53710.35,0,0.0,0.0,0.0,0.0,-0.01,-1,-1,-0.01,-1,-1,-0.01,-1,-1,-0.01,-1,-1,-0.01,-1,-1,-0.01,-1,-1,-0.01,-1,-1,-0.01,-1,-1,-0.01,-1,-1,-0.01,-1,-1
99926009,2026-05-18 14:49:19+05:30,53392.3,0,0.0,0,0.0,0.0,53282.15,53619.2,52783.45,53710.35,0,0.0,0.0,0.0,0.0,-0.01,-1,-1,-0.01,-1,-1,-0.01,-1,-1,-0.01,-1,-1,-0.01,-1,-1,-0.01,-1,-1,-0.01,-1,-1,-0.01,-1,-1,-0.01,-1,-1,-0.01,-1,-1
99926009,2026-05-18 14:49:19+05:30,53393.25,0,0.0,0,0.0,0.0,53282.15,53619.2,52783.45,53710.35,0,0.0,0.0,0.0,0.0,-0.01,-1,-1,-0.01,-1,-1,-0.01,-1,-1,-0.01,-1,-1,-0.01,-1,-1,-0.01,-1,-1,-0.01,-1,-1,-0.01,-1,-1,-0.01,-1,-1,-0.01,-1,-1
99926009,2026-05-18 14:49:20+05:30,53389.95,0,0.0,0,0.0,0.0,53282.15,53619.2,52783.45,53710.35,0,0.0,0.0,0.0,0.0,-0.01,-1,-1,-0.01,-1,-1,-0.01,-1,-1,-0.01,-1,-1,-0.01,-1,-1,-0.01,-1,-1,-0.01,-1,-1,-0.01,-1,-1,-0.01,-1,-1,-0.01,-1,-1
99926009,2026-05-18 14:49:20+05:30,53393.55,0,0.0,0,0.0,0.0,53282.15,53619.2,52783.45,53710.35,0,0.0,0.0,0.0,0.0,-0.01,-1,-1,-0.01,-1,-1,-0.01,-1,-1,-0.01,-1,-1,-0.01,-1,-1,-0.01,-1,-1,-0.01,-1,-1,-0.01,-1,-1,-0.01,-1,-1,-0.01,-1,-1
99926009,2026-05-18 14:49:21+05:30,53393.35,0,0.0,0,0.0,0.0,53282.15,53619.2,52783.45,53710.35,0,0.0,0.0,0.0,0.0,-0.01,-1,-1,-0.01,-1,-1,-0.01,-1,-1,-0.01,-1,-1,-0.01,-1,-1,-0.01,-1,-1,-0.01,-1,-1,-0.01,-1,-1,-0.01,-1,-1,-0.01,-1,-1
99926009,2026-05-18 14:49:21+05:30,53394.8,0,0.0,0,0.0,0.0,53282.15,53619.2,52783.45,53710.35,0,0.0,0.0,0.0,0.0,-0.01,-1,-1,-0.01,-1,-1,-0.01,-1,-1,-0.01,-1,-1,-0.01,-1,-1,-0.01,-1,-1,-0.01,-1,-1,-0.01,-1,-1,-0.01,-1,-1,-0.01,-1,-1
99926009,2026-05-18 14:49:22+05:30,53395.5,0,0.0,0,0.0,0.0,53282.15,53619.2,52783.45,53710.35,0,0.0,0.0,0.0,0.0,-0.01,-1,-1,-0.01,-1,-1,-0.01,-1,-1,-0.01,-1,-1,-0.01,-1,-1,-0.01,-1,-1,-0.01,-1,-1,-0.01,-1,-1,-0.01,-1,-1,-0.01,-1,-1
99926009,2026-05-18 14:49:22+05:30,53395.65,0,0.0,0,0.0,0.0,53282.15,53619.2,52783.45,53710.35,0,0.0,0.0,0.0,0.0,-0.01,-1,-1,-0.01,-1,-1,-0.01,-1,-1,-0.01,-1,-1,-0.01,-1,-1,-0.01,-1,-1,-0.01,-1,-1,-0.01,-1,-1,-0.01,-1,-1,-0.01,-1,-1
99926009,2026-05-18 14:49:23+05:30,53396.15,0,0.0,0,0.0,0.0,53282.15,53619.2,52783.45,53710.35,0,0.0,0.0,0.0,0.0,-0.01,-1,-1,-0.01,-1,-1,-0.01,-1,-1,-0.01,-1,-1,-0.01,-1,-1,-0.01,-1,-1,-0.01,-1,-1,-0.01,-1,-1,-0.01,-1,-1,-0.01,-1,-1
99926009,2026-05-18 14:49:23+05:30,53393.9,0,0.0,0,0.0,0.0,53282.15,53619.2,52783.45,53710.35,0,0.0,0.0,0.0,0.0,-0.01,-1,-1,-0.01,-1,-1,-0.01,-1,-1,-0.01,-1,-1,-0.01,-1,-1,-0.01,-1,-1,-0.01,-1,-1,-0.01,-1,-1,-0.01,-1,-1,-0.01,-1,-1
99926009,2026-05-18 14:49:24+05:30,53397.05,0,0.0,0,0.0,0.0,53282.15,53619.2,52783.45,53710.35,0,0.0,0.0,0.0,0.0,-0.01,-1,-1,-0.01,-1,-1,-0.01,-1,-1,-0.01,-1,-1,-0.01,-1,-1,-0.01,-1,-1,-0.01,-1,-1,-0.01,-1,-1,-0.01,-1,-1,-0.01,-1,-1
99926009,2026-05-18 14:49:24+05:30,53394.25,0,0.0,0,0.0,0.0,53282.15,53619.2,52783.45,53710.35,0,0.0,0.0,0.0,0.0,-0.01,-1,-1,-0.01,-1,-1,-0.01,-1,-1,-0.01,-1,-1,-0.01,-1,-1,-0.01,-1,-1,-0.01,-1,-1,-0.01,-1,-1,-0.01,-1,-1,-0.01,-1,-1
99926009,2026-05-18 14:49:25+05:30,53395.75,0,0.0,0,0.0,0.0,53282.15,53619.2,52783.45,53710.35,0,0.0,0.0,0.0,0.0,-0.01,-1,-1,-0.01,-1,-1,-0.01,-1,-1,-0.01,-1,-1,-0.01,-1,-1,-0.01,-1,-1,-0.01,-1,-1,-0.01,-1,-1,-0.01,-1,-1,-0.01,-1,-1
99926009,2026-05-18 14:49:25+05:30,53398.0,0,0.0,0,0.0,0.0,53282.15,53619.2,52783.45,53710.35,0,0.0,0.0,0.0,0.0,-0.01,-1,-1,-0.01,-1,-1,-0.01,-1,-1,-0.01,-1,-1,-0.01,-1,-1,-0.01,-1,-1,-0.01,-1,-1,-0.01,-1,-1,-0.01,-1,-1,-0.01,-1,-1
99926009,2026-05-18 14:49:26+05:30,53396.5,0,0.0,0,0.0,0.0,53282.15,53619.2,52783.45,53710.35,0,0.0,0.0,0.0,0.0,-0.01,-1,-1,-0.01,-1,-1,-0.01,-1,-1,-0.01,-1,-1,-0.01,-1,-1,-0.01,-1,-1,-0.01,-1,-1,-0.01,-1,-1,-0.01,-1,-1,-0.01,-1,-1
99926009,2026-05-18 14:49:26+05:30,53400.15,0,0.0,0,0.0,0.0,53282.15,53619.2,52783.45,53710.35,0,0.0,0.0,0.0,0.0,-0.01,-1,-1,-0.01,-1,-1,-0.01,-1,-1,-0.01,-1,-1,-0.01,-1,-1,-0.01,-1,-1,-0.01,-1,-1,-0.01,-1,-1,-0.01,-1,-1,-0.01,-1,-1
99926009,2026-05-18 14:49:27+05:30,53398.85,0,0.0,0,0.0,0.0,53282.15,53619.2,52783.45,53710.35,0,0.0,0.0,0.0,0.0,-0.01,-1,-1,-0.01,-1,-1,-0.01,-1,-1,-0.01,-1,-1,-0.01,-1,-1,-0.01,-1,-1,-0.01,-1,-1,-0.01,-1,-1,-0.01,-1,-1,-0.01,-1,-1
99926009,2026-05-18 14:49:27+05:30,53401.25,0,0.0,0,0.0,0.0,53282.15,53619.2,52783.45,53710.35,0,0.0,0.0,0.0,0.0,-0.01,-1,-1,-0.01,-1,-1,-0.01,-1,-1,-0.01,-1,-1,-0.01,-1,-1,-0.01,-1,-1,-0.01,-1,-1,-0.01,-1,-1,-0.01,-1,-1,-0.01,-1,-1
99926009,2026-05-18 14:49:28+05:30,53400.6,0,0.0,0,0.0,0.0,53282.15,53619.2,52783.45,53710.35,0,0.0,0.0,0.0,0.0,-0.01,-1,-1,-0.01,-1,-1,-0.01,-1,-1,-0.01,-1,-1,-0.01,-1,-1,-0.01,-1,-1,-0.01,-1,-1,-0.01,-1,-1,-0.01,-1,-1,-0.01,-1,-1
99926009,2026-05-18 14:49:28+05:30,53401.6,0,0.0,0,0.0,0.0,53282.15,53619.2,52783.45,53710.35,0,0.0,0.0,0.0,0.0,-0.01,-1,-1,-0.01,-1,-1,-0.01,-1,-1,-0.01,-1,-1,-0.01,-1,-1,-0.01,-1,-1,-0.01,-1,-1,-0.01,-1,-1,-0.01,-1,-1,-0.01,-1,-1
99926009,2026-05-18 14:49:29+05:30,53400.65,0,0.0,0,0.0,0.0,53282.15,53619.2,52783.45,53710.35,0,0.0,0.0,0.0,0.0,-0.01,-1,-1,-0.01,-1,-1,-0.01,-1,-1,-0.01,-1,-1,-0.01,-1,-1,-0.01,-1,-1,-0.01,-1,-1,-0.01,-1,-1,-0.01,-1,-1,-0.01,-1,-1
99926009,2026-05-18 14:49:29+05:30,53398.4,0,0.0,0,0.0,0.0,53282.15,53619.2,52783.45,53710.35,0,0.0,0.0,0.0,0.0,-0.01,-1,-1,-0.01,-1,-1,-0.01,-1,-1,-0.01,-1,-1,-0.01,-1,-1,-0.01,-1,-1,-0.01,-1,-1,-0.01,-1,-1,-0.01,-1,-1,-0.01,-1,-1
99926009,2026-05-18 14:49:30+05:30,53396.85,0,0.0,0,0.0,0.0,53282.15,53619.2,52783.45,53710.35,0,0.0,0.0,0.0,0.0,-0.01,-1,-1,-0.01,-1,-1,-0.01,-1,-1,-0.01,-1,-1,-0.01,-1,-1,-0.01,-1,-1,-0.01,-1,-1,-0.01,-1,-1,-0.01,-1,-1,-0.01,-1,-1
99926009,2026-05-18 14:49:30+05:30,53397.4,0,0.0,0,0.0,0.0,53282.15,53619.2,52783.45,53710.35,0,0.0,0.0,0.0,0.0,-0.01,-1,-1,-0.01,-1,-1,-0.01,-1,-1,-0.01,-1,-1,-0.01,-1,-1,-0.01,-1,-1,-0.01,-1,-1,-0.01,-1,-1,-0.01,-1,-1,-0.01,-1,-1
99926009,2026-05-18 14:49:31+05:30,53397.0,0,0.0,0,0.0,0.0,53282.15,53619.2,52783.45,53710.35,0,0.0,0.0,0.0,0.0,-0.01,-1,-1,-0.01,-1,-1,-0.01,-1,-1,-0.01,-1,-1,-0.01,-1,-1,-0.01,-1,-1,-0.01,-1,-1,-0.01,-1,-1,-0.01,-1,-1,-0.01,-1,-1
99926009,2026-05-18 14:49:31+05:30,53398.05,0,0.0,0,0.0,0.0,53282.15,53619.2,52783.45,53710.35,0,0.0,0.0,0.0,0.0,-0.01,-1,-1,-0.01,-1,-1,-0.01,-1,-1,-0.01,-1,-1,-0.01,-1,-1,-0.01,-1,-1,-0.01,-1,-1,-0.01,-1,-1,-0.01,-1,-1,-0.01,-1,-1
99926009,2026-05-18 14:49:32+05:30,53399.3,0,0.0,0,0.0,0.0,53282.15,53619.2,52783.45,53710.35,0,0.0,0.0,0.0,0.0,-0.01,-1,-1,-0.01,-1,-1,-0.01,-1,-1,-0.01,-1,-1,-0.01,-1,-1,-0.01,-1,-1,-0.01,-1,-1,-0.01,-1,-1,-0.01,-1,-1,-0.01,-1,-1
99926009,2026-05-18 14:49:32+05:30,53399.9,0,0.0,0,0.0,0.0,53282.15,53619.2,52783.45,53710.35,0,0.0,0.0,0.0,0.0,-0.01,-1,-1,-0.01,-1,-1,-0.01,-1,-1,-0.01,-1,-1,-0.01,-1,-1,-0.01,-1,-1,-0.01,-1,-1,-0.01,-1,-1,-0.01,-1,-1,-0.01,-1,-1
99926009,2026-05-18 14:49:33+05:30,53399.85,0,0.0,0,0.0,0.0,53282.15,53619.2,52783.45,53710.35,0,0.0,0.0,0.0,0.0,-0.01,-1,-1,-0.01,-1,-1,-0.01,-1,-1,-0.01,-1,-1,-0.01,-1,-1,-0.01,-1,-1,-0.01,-1,-1,-0.01,-1,-1,-0.01,-1,-1,-0.01,-1,-1
99926009,2026-05-18 14:49:33+05:30,53402.45,0,0.0,0,0.0,0.0,53282.15,53619.2,52783.45,53710.35,0,0.0,0.0,0.0,0.0,-0.01,-1,-1,-0.01,-1,-1,-0.01,-1,-1,-0.01,-1,-1,-0.01,-1,-1,-0.01,-1,-1,-0.01,-1,-1,-0.01,-1,-1,-0.01,-1,-1,-0.01,-1,-1
99926009,2026-05-18 14:49:34+05:30,53401.55,0,0.0,0,0.0,0.0,53282.15,53619.2,52783.45,53710.35,0,0.0,0.0,0.0,0.0,-0.01,-1,-1,-0.01,-1,-1,-0.01,-1,-1,-0.01,-1,-1,-0.01,-1,-1,-0.01,-1,-1,-0.01,-1,-1,-0.01,-1,-1,-0.01,-1,-1,-0.01,-1,-1
99926009,2026-05-18 14:49:34+05:30,53400.45,0,0.0,0,0.0,0.0,53282.15,53619.2,52783.45,53710.35,0,0.0,0.0,0.0,0.0,-0.01,-1,-1,-0.01,-1,-1,-0.01,-1,-1,-0.01,-1,-1,-0.01,-1,-1,-0.01,-1,-1,-0.01,-1,-1,-0.01,-1,-1,-0.01,-1,-1,-0.01,-1,-1
99926009,2026-05-18 14:49:35+05:30,53397.0,0,0.0,0,0.0,0.0,53282.15,53619.2,52783.45,53710.35,0,0.0,0.0,0.0,0.0,-0.01,-1,-1,-0.01,-1,-1,-0.01,-1,-1,-0.01,-1,-1,-0.01,-1,-1,-0.01,-1,-1,-0.01,-1,-1,-0.01,-1,-1,-0.01,-1,-1,-0.01,-1,-1
99926009,2026-05-18 14:49:35+05:30,53399.9,0,0.0,0,0.0,0.0,53282.15,53619.2,52783.45,53710.35,0,0.0,0.0,0.0,0.0,-0.01,-1,-1,-0.01,-1,-1,-0.01,-1,-1,-0.01,-1,-1,-0.01,-1,-1,-0.01,-1,-1,-0.01,-1,-1,-0.01,-1,-1,-0.01,-1,-1,-0.01,-1,-1
99926009,2026-05-18 14:49:36+05:30,53399.45,0,0.0,0,0.0,0.0,53282.15,53619.2,52783.45,53710.35,0,0.0,0.0,0.0,0.0,-0.01,-1,-1,-0.01,-1,-1,-0.01,-1,-1,-0.01,-1,-1,-0.01,-1,-1,-0.01,-1,-1,-0.01,-1,-1,-0.01,-1,-1,-0.01,-1,-1,-0.01,-1,-1
99926009,2026-05-18 14:49:36+05:30,53400.6,0,0.0,0,0.0,0.0,53282.15,53619.2,52783.45,53710.35,0,0.0,0.0,0.0,0.0,-0.01,-1,-1,-0.01,-1,-1,-0.01,-1,-1,-0.01,-1,-1,-0.01,-1,-1,-0.01,-1,-1,-0.01,-1,-1,-0.01,-1,-1,-0.01,-1,-1,-0.01,-1,-1
99926009,2026-05-18 14:49:37+05:30,53399.35,0,0.0,0,0.0,0.0,53282.15,53619.2,52783.45,53710.35,0,0.0,0.0,0.0,0.0,-0.01,-1,-1,-0.01,-1,-1,-0.01,-1,-1,-0.01,-1,-1,-0.01,-1,-1,-0.01,-1,-1,-0.01,-1,-1,-0.01,-1,-1,-0.01,-1,-1,-0.01,-1,-1
99926009,2026-05-18 14:49:37+05:30,53401.5,0,0.0,0,0.0,0.0,53282.15,53619.2,52783.45,53710.35,0,0.0,0.0,0.0,0.0,-0.01,-1,-1,-0.01,-1,-1,-0.01,-1,-1,-0.01,-1,-1,-0.01,-1,-1,-0.01,-1,-1,-0.01,-1,-1,-0.01,-1,-1,-0.01,-1,-1,-0.01,-1,-1
99926009,2026-05-18 14:49:38+05:30,53398.8,0,0.0,0,0.0,0.0,53282.15,53619.2,52783.45,53710.35,0,0.0,0.0,0.0,0.0,-0.01,-1,-1,-0.01,-1,-1,-0.01,-1,-1,-0.01,-1,-1,-0.01,-1,-1,-0.01,-1,-1,-0.01,-1,-1,-0.01,-1,-1,-0.01,-1,-1,-0.01,-1,-1
99926009,2026-05-18 14:49:38+05:30,53398.7,0,0.0,0,0.0,0.0,53282.15,53619.2,52783.45,53710.35,0,0.0,0.0,0.0,0.0,-0.01,-1,-1,-0.01,-1,-1,-0.01,-1,-1,-0.01,-1,-1,-0.01,-1,-1,-0.01,-1,-1,-0.01,-1,-1,-0.01,-1,-1,-0.01,-1,-1,-0.01,-1,-1
99926009,2026-05-18 14:49:39+05:30,53398.45,0,0.0,0,0.0,0.0,53282.15,53619.2,52783.45,53710.35,0,0.0,0.0,0.0,0.0,-0.01,-1,-1,-0.01,-1,-1,-0.01,-1,-1,-0.01,-1,-1,-0.01,-1,-1,-0.01,-1,-1,-0.01,-1,-1,-0.01,-1,-1,-0.01,-1,-1,-0.01,-1,-1
99926009,2026-05-18 14:49:39+05:30,53399.05,0,0.0,0,0.0,0.0,53282.15,53619.2,52783.45,53710.35,0,0.0,0.0,0.0,0.0,-0.01,-1,-1,-0.01,-1,-1,-0.01,-1,-1,-0.01,-1,-1,-0.01,-1,-1,-0.01,-1,-1,-0.01,-1,-1,-0.01,-1,-1,-0.01,-1,-1,-0.01,-1,-1
99926009,2026-05-18 14:49:40+05:30,53399.6,0,0.0,0,0.0,0.0,53282.15,53619.2,52783.45,53710.35,0,0.0,0.0,0.0,0.0,-0.01,-1,-1,-0.01,-1,-1,-0.01,-1,-1,-0.01,-1,-1,-0.01,-1,-1,-0.01,-1,-1,-0.01,-1,-1,-0.01,-1,-1,-0.01,-1,-1,-0.01,-1,-1
99926009,2026-05-18 14:49:40+05:30,53397.15,0,0.0,0,0.0,0.0,53282.15,53619.2,52783.45,53710.35,0,0.0,0.0,0.0,0.0,-0.01,-1,-1,-0.01,-1,-1,-0.01,-1,-1,-0.01,-1,-1,-0.01,-1,-1,-0.01,-1,-1,-0.01,-1,-1,-0.01,-1,-1,-0.01,-1,-1,-0.01,-1,-1
99926009,2026-05-18 14:49:41+05:30,53397.2,0,0.0,0,0.0,0.0,53282.15,53619.2,52783.45,53710.35,0,0.0,0.0,0.0,0.0,-0.01,-1,-1,-0.01,-1,-1,-0.01,-1,-1,-0.01,-1,-1,-0.01,-1,-1,-0.01,-1,-1,-0.01,-1,-1,-0.01,-1,-1,-0.01,-1,-1,-0.01,-1,-1
99926009,2026-05-18 14:49:41+05:30,53396.75,0,0.0,0,0.0,0.0,53282.15,53619.2,52783.45,53710.35,0,0.0,0.0,0.0,0.0,-0.01,-1,-1,-0.01,-1,-1,-0.01,-1,-1,-0.01,-1,-1,-0.01,-1,-1,-0.01,-1,-1,-0.01,-1,-1,-0.01,-1,-1,-0.01,-1,-1,-0.01,-1,-1
99926009,2026-05-18 14:49:42+05:30,53391.7,0,0.0,0,0.0,0.0,53282.15,53619.2,52783.45,53710.35,0,0.0,0.0,0.0,0.0,-0.01,-1,-1,-0.01,-1,-1,-0.01,-1,-1,-0.01,-1,-1,-0.01,-1,-1,-0.01,-1,-1,-0.01,-1,-1,-0.01,-1,-1,-0.01,-1,-1,-0.01,-1,-1
99926009,2026-05-18 14:49:42+05:30,53395.75,0,0.0,0,0.0,0.0,53282.15,53619.2,52783.45,53710.35,0,0.0,0.0,0.0,0.0,-0.01,-1,-1,-0.01,-1,-1,-0.01,-1,-1,-0.01,-1,-1,-0.01,-1,-1,-0.01,-1,-1,-0.01,-1,-1,-0.01,-1,-1,-0.01,-1,-1,-0.01,-1,-1
99926009,2026-05-18 14:49:43+05:30,53390.75,0,0.0,0,0.0,0.0,53282.15,53619.2,52783.45,53710.35,0,0.0,0.0,0.0,0.0,-0.01,-1,-1,-0.01,-1,-1,-0.01,-1,-1,-0.01,-1,-1,-0.01,-1,-1,-0.01,-1,-1,-0.01,-1,-1,-0.01,-1,-1,-0.01,-1,-1,-0.01,-1,-1
99926009,2026-05-18 14:49:43+05:30,53387.4,0,0.0,0,0.0,0.0,53282.15,53619.2,52783.45,53710.35,0,0.0,0.0,0.0,0.0,-0.01,-1,-1,-0.01,-1,-1,-0.01,-1,-1,-0.01,-1,-1,-0.01,-1,-1,-0.01,-1,-1,-0.01,-1,-1,-0.01,-1,-1,-0.01,-1,-1,-0.01,-1,-1
99926009,2026-05-18 14:49:44+05:30,53387.6,0,0.0,0,0.0,0.0,53282.15,53619.2,52783.45,53710.35,0,0.0,0.0,0.0,0.0,-0.01,-1,-1,-0.01,-1,-1,-0.01,-1,-1,-0.01,-1,-1,-0.01,-1,-1,-0.01,-1,-1,-0.01,-1,-1,-0.01,-1,-1,-0.01,-1,-1,-0.01,-1,-1
99926009,2026-05-18 14:49:44+05:30,53388.45,0,0.0,0,0.0,0.0,53282.15,53619.2,52783.45,53710.35,0,0.0,0.0,0.0,0.0,-0.01,-1,-1,-0.01,-1,-1,-0.01,-1,-1,-0.01,-1,-1,-0.01,-1,-1,-0.01,-1,-1,-0.01,-1,-1,-0.01,-1,-1,-0.01,-1,-1,-0.01,-1,-1
99926009,2026-05-18 14:49:45+05:30,53384.05,0,0.0,0,0.0,0.0,53282.15,53619.2,52783.45,53710.35,0,0.0,0.0,0.0,0.0,-0.01,-1,-1,-0.01,-1,-1,-0.01,-1,-1,-0.01,-1,-1,-0.01,-1,-1,-0.01,-1,-1,-0.01,-1,-1,-0.01,-1,-1,-0.01,-1,-1,-0.01,-1,-1
99926009,2026-05-18 14:49:45+05:30,53388.6,0,0.0,0,0.0,0.0,53282.15,53619.2,52783.45,53710.35,0,0.0,0.0,0.0,0.0,-0.01,-1,-1,-0.01,-1,-1,-0.01,-1,-1,-0.01,-1,-1,-0.01,-1,-1,-0.01,-1,-1,-0.01,-1,-1,-0.01,-1,-1,-0.01,-1,-1,-0.01,-1,-1
99926009,2026-05-18 14:49:46+05:30,53388.45,0,0.0,0,0.0,0.0,53282.15,53619.2,52783.45,53710.35,0,0.0,0.0,0.0,0.0,-0.01,-1,-1,-0.01,-1,-1,-0.01,-1,-1,-0.01,-1,-1,-0.01,-1,-1,-0.01,-1,-1,-0.01,-1,-1,-0.01,-1,-1,-0.01,-1,-1,-0.01,-1,-1
99926009,2026-05-18 14:49:46+05:30,53389.55,0,0.0,0,0.0,0.0,53282.15,53619.2,52783.45,53710.35,0,0.0,0.0,0.0,0.0,-0.01,-1,-1,-0.01,-1,-1,-0.01,-1,-1,-0.01,-1,-1,-0.01,-1,-1,-0.01,-1,-1,-0.01,-1,-1,-0.01,-1,-1,-0.01,-1,-1,-0.01,-1,-1
99926009,2026-05-18 14:49:47+05:30,53390.5,0,0.0,0,0.0,0.0,53282.15,53619.2,52783.45,53710.35,0,0.0,0.0,0.0,0.0,-0.01,-1,-1,-0.01,-1,-1,-0.01,-1,-1,-0.01,-1,-1,-0.01,-1,-1,-0.01,-1,-1,-0.01,-1,-1,-0.01,-1,-1,-0.01,-1,-1,-0.01,-1,-1
99926009,2026-05-18 14:49:47+05:30,53382.05,0,0.0,0,0.0,0.0,53282.15,53619.2,52783.45,53710.35,0,0.0,0.0,0.0,0.0,-0.01,-1,-1,-0.01,-1,-1,-0.01,-1,-1,-0.01,-1,-1,-0.01,-1,-1,-0.01,-1,-1,-0.01,-1,-1,-0.01,-1,-1,-0.01,-1,-1,-0.01,-1,-1
99926009,2026-05-18 14:49:48+05:30,53383.65,0,0.0,0,0.0,0.0,53282.15,53619.2,52783.45,53710.35,0,0.0,0.0,0.0,0.0,-0.01,-1,-1,-0.01,-1,-1,-0.01,-1,-1,-0.01,-1,-1,-0.01,-1,-1,-0.01,-1,-1,-0.01,-1,-1,-0.01,-1,-1,-0.01,-1,-1,-0.01,-1,-1
99926009,2026-05-18 14:49:48+05:30,53381.95,0,0.0,0,0.0,0.0,53282.15,53619.2,52783.45,53710.35,0,0.0,0.0,0.0,0.0,-0.01,-1,-1,-0.01,-1,-1,-0.01,-1,-1,-0.01,-1,-1,-0.01,-1,-1,-0.01,-1,-1,-0.01,-1,-1,-0.01,-1,-1,-0.01,-1,-1,-0.01,-1,-1
99926009,2026-05-18 14:49:49+05:30,53379.4,0,0.0,0,0.0,0.0,53282.15,53619.2,52783.45,53710.35,0,0.0,0.0,0.0,0.0,-0.01,-1,-1,-0.01,-1,-1,-0.01,-1,-1,-0.01,-1,-1,-0.01,-1,-1,-0.01,-1,-1,-0.01,-1,-1,-0.01,-1,-1,-0.01,-1,-1,-0.01,-1,-1
99926009,2026-05-18 14:49:49+05:30,53380.65,0,0.0,0,0.0,0.0,53282.15,53619.2,52783.45,53710.35,0,0.0,0.0,0.0,0.0,-0.01,-1,-1,-0.01,-1,-1,-0.01,-1,-1,-0.01,-1,-1,-0.01,-1,-1,-0.01,-1,-1,-0.01,-1,-1,-0.01,-1,-1,-0.01,-1,-1,-0.01,-1,-1
99926009,2026-05-18 14:49:50+05:30,53382.1,0,0.0,0,0.0,0.0,53282.15,53619.2,52783.45,53710.35,0,0.0,0.0,0.0,0.0,-0.01,-1,-1,-0.01,-1,-1,-0.01,-1,-1,-0.01,-1,-1,-0.01,-1,-1,-0.01,-1,-1,-0.01,-1,-1,-0.01,-1,-1,-0.01,-1,-1,-0.01,-1,-1
99926009,2026-05-18 14:49:50+05:30,53378.1,0,0.0,0,0.0,0.0,53282.15,53619.2,52783.45,53710.35,0,0.0,0.0,0.0,0.0,-0.01,-1,-1,-0.01,-1,-1,-0.01,-1,-1,-0.01,-1,-1,-0.01,-1,-1,-0.01,-1,-1,-0.01,-1,-1,-0.01,-1,-1,-0.01,-1,-1,-0.01,-1,-1
99926009,2026-05-18 14:49:51+05:30,53381.0,0,0.0,0,0.0,0.0,53282.15,53619.2,52783.45,53710.35,0,0.0,0.0,0.0,0.0,-0.01,-1,-1,-0.01,-1,-1,-0.01,-1,-1,-0.01,-1,-1,-0.01,-1,-1,-0.01,-1,-1,-0.01,-1,-1,-0.01,-1,-1,-0.01,-1,-1,-0.01,-1,-1
99926009,2026-05-18 14:49:51+05:30,53376.9,0,0.0,0,0.0,0.0,53282.15,53619.2,52783.45,53710.35,0,0.0,0.0,0.0,0.0,-0.01,-1,-1,-0.01,-1,-1,-0.01,-1,-1,-0.01,-1,-1,-0.01,-1,-1,-0.01,-1,-1,-0.01,-1,-1,-0.01,-1,-1,-0.01,-1,-1,-0.01,-1,-1
99926009,2026-05-18 14:49:52+05:30,53382.2,0,0.0,0,0.0,0.0,53282.15,53619.2,52783.45,53710.35,0,0.0,0.0,0.0,0.0,-0.01,-1,-1,-0.01,-1,-1,-0.01,-1,-1,-0.01,-1,-1,-0.01,-1,-1,-0.01,-1,-1,-0.01,-1,-1,-0.01,-1,-1,-0.01,-1,-1,-0.01,-1,-1
99926009,2026-05-18 14:49:52+05:30,53383.55,0,0.0,0,0.0,0.0,53282.15,53619.2,52783.45,53710.35,0,0.0,0.0,0.0,0.0,-0.01,-1,-1,-0.01,-1,-1,-0.01,-1,-1,-0.01,-1,-1,-0.01,-1,-1,-0.01,-1,-1,-0.01,-1,-1,-0.01,-1,-1,-0.01,-1,-1,-0.01,-1,-1
99926009,2026-05-18 14:49:53+05:30,53380.6,0,0.0,0,0.0,0.0,53282.15,53619.2,52783.45,53710.35,0,0.0,0.0,0.0,0.0,-0.01,-1,-1,-0.01,-1,-1,-0.01,-1,-1,-0.01,-1,-1,-0.01,-1,-1,-0.01,-1,-1,-0.01,-1,-1,-0.01,-1,-1,-0.01,-1,-1,-0.01,-1,-1
99926009,2026-05-18 14:49:53+05:30,53376.45,0,0.0,0,0.0,0.0,53282.15,53619.2,52783.45,53710.35,0,0.0,0.0,0.0,0.0,-0.01,-1,-1,-0.01,-1,-1,-0.01,-1,-1,-0.01,-1,-1,-0.01,-1,-1,-0.01,-1,-1,-0.01,-1,-1,-0.01,-1,-1,-0.01,-1,-1,-0.01,-1,-1
99926009,2026-05-18 14:49:54+05:30,53379.05,0,0.0,0,0.0,0.0,53282.15,53619.2,52783.45,53710.35,0,0.0,0.0,0.0,0.0,-0.01,-1,-1,-0.01,-1,-1,-0.01,-1,-1,-0.01,-1,-1,-0.01,-1,-1,-0.01,-1,-1,-0.01,-1,-1,-0.01,-1,-1,-0.01,-1,-1,-0.01,-1,-1
99926009,2026-05-18 14:49:54+05:30,53381.3,0,0.0,0,0.0,0.0,53282.15,53619.2,52783.45,53710.35,0,0.0,0.0,0.0,0.0,-0.01,-1,-1,-0.01,-1,-1,-0.01,-1,-1,-0.01,-1,-1,-0.01,-1,-1,-0.01,-1,-1,-0.01,-1,-1,-0.01,-1,-1,-0.01,-1,-1,-0.01,-1,-1
99926009,2026-05-18 14:49:55+05:30,53379.6,0,0.0,0,0.0,0.0,53282.15,53619.2,52783.45,53710.35,0,0.0,0.0,0.0,0.0,-0.01,-1,-1,-0.01,-1,-1,-0.01,-1,-1,-0.01,-1,-1,-0.01,-1,-1,-0.01,-1,-1,-0.01,-1,-1,-0.01,-1,-1,-0.01,-1,-1,-0.01,-1,-1
99926009,2026-05-18 14:49:55+05:30,53382.45,0,0.0,0,0.0,0.0,53282.15,53619.2,52783.45,53710.35,0,0.0,0.0,0.0,0.0,-0.01,-1,-1,-0.01,-1,-1,-0.01,-1,-1,-0.01,-1,-1,-0.01,-1,-1,-0.01,-1,-1,-0.01,-1,-1,-0.01,-1,-1,-0.01,-1,-1,-0.01,-1,-1
99926009,2026-05-18 14:49:56+05:30,53385.0,0,0.0,0,0.0,0.0,53282.15,53619.2,52783.45,53710.35,0,0.0,0.0,0.0,0.0,-0.01,-1,-1,-0.01,-1,-1,-0.01,-1,-1,-0.01,-1,-1,-0.01,-1,-1,-0.01,-1,-1,-0.01,-1,-1,-0.01,-1,-1,-0.01,-1,-1,-0.01,-1,-1
99926009,2026-05-18 14:49:56+05:30,53385.95,0,0.0,0,0.0,0.0,53282.15,53619.2,52783.45,53710.35,0,0.0,0.0,0.0,0.0,-0.01,-1,-1,-0.01,-1,-1,-0.01,-1,-1,-0.01,-1,-1,-0.01,-1,-1,-0.01,-1,-1,-0.01,-1,-1,-0.01,-1,-1,-0.01,-1,-1,-0.01,-1,-1
99926009,2026-05-18 14:49:57+05:30,53386.2,0,0.0,0,0.0,0.0,53282.15,53619.2,52783.45,53710.35,0,0.0,0.0,0.0,0.0,-0.01,-1,-1,-0.01,-1,-1,-0.01,-1,-1,-0.01,-1,-1,-0.01,-1,-1,-0.01,-1,-1,-0.01,-1,-1,-0.01,-1,-1,-0.01,-1,-1,-0.01,-1,-1
99926009,2026-05-18 14:49:57+05:30,53379.5,0,0.0,0,0.0,0.0,53282.15,53619.2,52783.45,53710.35,0,0.0,0.0,0.0,0.0,-0.01,-1,-1,-0.01,-1,-1,-0.01,-1,-1,-0.01,-1,-1,-0.01,-1,-1,-0.01,-1,-1,-0.01,-1,-1,-0.01,-1,-1,-0.01,-1,-1,-0.01,-1,-1
99926009,2026-05-18 14:49:58+05:30,53379.35,0,0.0,0,0.0,0.0,53282.15,53619.2,52783.45,53710.35,0,0.0,0.0,0.0,0.0,-0.01,-1,-1,-0.01,-1,-1,-0.01,-1,-1,-0.01,-1,-1,-0.01,-1,-1,-0.01,-1,-1,-0.01,-1,-1,-0.01,-1,-1,-0.01,-1,-1,-0.01,-1,-1
99926009,2026-05-18 14:49:58+05:30,53380.65,0,0.0,0,0.0,0.0,53282.15,53619.2,52783.45,53710.35,0,0.0,0.0,0.0,0.0,-0.01,-1,-1,-0.01,-1,-1,-0.01,-1,-1,-0.01,-1,-1,-0.01,-1,-1,-0.01,-1,-1,-0.01,-1,-1,-0.01,-1,-1,-0.01,-1,-1,-0.01,-1,-1
99926009,2026-05-18 14:49:59+05:30,53379.35,0,0.0,0,0.0,0.0,53282.15,53619.2,52783.45,53710.35,0,0.0,0.0,0.0,0.0,-0.01,-1,-1,-0.01,-1,-1,-0.01,-1,-1,-0.01,-1,-1,-0.01,-1,-1,-0.01,-1,-1,-0.01,-1,-1,-0.01,-1,-1,-0.01,-1,-1,-0.01,-1,-1
99926009,2026-05-18 14:49:59+05:30,53376.95,0,0.0,0,0.0,0.0,53282.15,53619.2,52783.45,53710.35,0,0.0,0.0,0.0,0.0,-0.01,-1,-1,-0.01,-1,-1,-0.01,-1,-1,-0.01,-1,-1,-0.01,-1,-1,-0.01,-1,-1,-0.01,-1,-1,-0.01,-1,-1,-0.01,-1,-1,-0.01,-1,-1
99926009,2026-05-18 14:50:00+05:30,53375.55,0,0.0,0,0.0,0.0,53282.15,53619.2,52783.45,53710.35,0,0.0,0.0,0.0,0.0,-0.01,-1,-1,-0.01,-1,-1,-0.01,-1,-1,-0.01,-1,-1,-0.01,-1,-1,-0.01,-1,-1,-0.01,-1,-1,-0.01,-1,-1,-0.01,-1,-1,-0.01,-1,-1
99926009,2026-05-18 14:50:00+05:30,53377.45,0,0.0,0,0.0,0.0,53282.15,53619.2,52783.45,53710.35,0,0.0,0.0,0.0,0.0,-0.01,-1,-1,-0.01,-1,-1,-0.01,-1,-1,-0.01,-1,-1,-0.01,-1,-1,-0.01,-1,-1,-0.01,-1,-1,-0.01,-1,-1,-0.01,-1,-1,-0.01,-1,-1
99926009,2026-05-18 14:50:01+05:30,53375.55,0,0.0,0,0.0,0.0,53282.15,53619.2,52783.45,53710.35,0,0.0,0.0,0.0,0.0,-0.01,-1,-1,-0.01,-1,-1,-0.01,-1,-1,-0.01,-1,-1,-0.01,-1,-1,-0.01,-1,-1,-0.01,-1,-1,-0.01,-1,-1,-0.01,-1,-1,-0.01,-1,-1
99926009,2026-05-18 14:50:01+05:30,53376.15,0,0.0,0,0.0,0.0,53282.15,53619.2,52783.45,53710.35,0,0.0,0.0,0.0,0.0,-0.01,-1,-1,-0.01,-1,-1,-0.01,-1,-1,-0.01,-1,-1,-0.01,-1,-1,-0.01,-1,-1,-0.01,-1,-1,-0.01,-1,-1,-0.01,-1,-1,-0.01,-1,-1
99926009,2026-05-18 14:50:02+05:30,53373.95,0,0.0,0,0.0,0.0,53282.15,53619.2,52783.45,53710.35,0,0.0,0.0,0.0,0.0,-0.01,-1,-1,-0.01,-1,-1,-0.01,-1,-1,-0.01,-1,-1,-0.01,-1,-1,-0.01,-1,-1,-0.01,-1,-1,-0.01,-1,-1,-0.01,-1,-1,-0.01,-1,-1
99926009,2026-05-18 14:50:02+05:30,53376.95,0,0.0,0,0.0,0.0,53282.15,53619.2,52783.45,53710.35,0,0.0,0.0,0.0,0.0,-0.01,-1,-1,-0.01,-1,-1,-0.01,-1,-1,-0.01,-1,-1,-0.01,-1,-1,-0.01,-1,-1,-0.01,-1,-1,-0.01,-1,-1,-0.01,-1,-1,-0.01,-1,-1
99926009,2026-05-18 14:50:03+05:30,53376.35,0,0.0,0,0.0,0.0,53282.15,53619.2,52783.45,53710.35,0,0.0,0.0,0.0,0.0,-0.01,-1,-1,-0.01,-1,-1,-0.01,-1,-1,-0.01,-1,-1,-0.01,-1,-1,-0.01,-1,-1,-0.01,-1,-1,-0.01,-1,-1,-0.01,-1,-1,-0.01,-1,-1
99926009,2026-05-18 14:50:03+05:30,53372.95,0,0.0,0,0.0,0.0,53282.15,53619.2,52783.45,53710.35,0,0.0,0.0,0.0,0.0,-0.01,-1,-1,-0.01,-1,-1,-0.01,-1,-1,-0.01,-1,-1,-0.01,-1,-1,-0.01,-1,-1,-0.01,-1,-1,-0.01,-1,-1,-0.01,-1,-1,-0.01,-1,-1
99926009,2026-05-18 14:50:04+05:30,53371.1,0,0.0,0,0.0,0.0,53282.15,53619.2,52783.45,53710.35,0,0.0,0.0,0.0,0.0,-0.01,-1,-1,-0.01,-1,-1,-0.01,-1,-1,-0.01,-1,-1,-0.01,-1,-1,-0.01,-1,-1,-0.01,-1,-1,-0.01,-1,-1,-0.01,-1,-1,-0.01,-1,-1
99926009,2026-05-18 14:50:04+05:30,53375.45,0,0.0,0,0.0,0.0,53282.15,53619.2,52783.45,53710.35,0,0.0,0.0,0.0,0.0,-0.01,-1,-1,-0.01,-1,-1,-0.01,-1,-1,-0.01,-1,-1,-0.01,-1,-1,-0.01,-1,-1,-0.01,-1,-1,-0.01,-1,-1,-0.01,-1,-1,-0.01,-1,-1
99926009,2026-05-18 14:50:05+05:30,53370.35,0,0.0,0,0.0,0.0,53282.15,53619.2,52783.45,53710.35,0,0.0,0.0,0.0,0.0,-0.01,-1,-1,-0.01,-1,-1,-0.01,-1,-1,-0.01,-1,-1,-0.01,-1,-1,-0.01,-1,-1,-0.01,-1,-1,-0.01,-1,-1,-0.01,-1,-1,-0.01,-1,-1
99926009,2026-05-18 14:50:05+05:30,53376.1,0,0.0,0,0.0,0.0,53282.15,53619.2,52783.45,53710.35,0,0.0,0.0,0.0,0.0,-0.01,-1,-1,-0.01,-1,-1,-0.01,-1,-1,-0.01,-1,-1,-0.01,-1,-1,-0.01,-1,-1,-0.01,-1,-1,-0.01,-1,-1,-0.01,-1,-1,-0.01,-1,-1
99926009,2026-05-18 14:50:06+05:30,53375.45,0,0.0,0,0.0,0.0,53282.15,53619.2,52783.45,53710.35,0,0.0,0.0,0.0,0.0,-0.01,-1,-1,-0.01,-1,-1,-0.01,-1,-1,-0.01,-1,-1,-0.01,-1,-1,-0.01,-1,-1,-0.01,-1,-1,-0.01,-1,-1,-0.01,-1,-1,-0.01,-1,-1
99926009,2026-05-18 14:50:06+05:30,53377.35,0,0.0,0,0.0,0.0,53282.15,53619.2,52783.45,53710.35,0,0.0,0.0,0.0,0.0,-0.01,-1,-1,-0.01,-1,-1,-0.01,-1,-1,-0.01,-1,-1,-0.01,-1,-1,-0.01,-1,-1,-0.01,-1,-1,-0.01,-1,-1,-0.01,-1,-1,-0.01,-1,-1
99926009,2026-05-18 14:50:07+05:30,53378.95,0,0.0,0,0.0,0.0,53282.15,53619.2,52783.45,53710.35,0,0.0,0.0,0.0,0.0,-0.01,-1,-1,-0.01,-1,-1,-0.01,-1,-1,-0.01,-1,-1,-0.01,-1,-1,-0.01,-1,-1,-0.01,-1,-1,-0.01,-1,-1,-0.01,-1,-1,-0.01,-1,-1
99926009,2026-05-18 14:50:07+05:30,53380.75,0,0.0,0,0.0,0.0,53282.15,53619.2,52783.45,53710.35,0,0.0,0.0,0.0,0.0,-0.01,-1,-1,-0.01,-1,-1,-0.01,-1,-1,-0.01,-1,-1,-0.01,-1,-1,-0.01,-1,-1,-0.01,-1,-1,-0.01,-1,-1,-0.01,-1,-1,-0.01,-1,-1
99926009,2026-05-18 14:50:08+05:30,53380.15,0,0.0,0,0.0,0.0,53282.15,53619.2,52783.45,53710.35,0,0.0,0.0,0.0,0.0,-0.01,-1,-1,-0.01,-1,-1,-0.01,-1,-1,-0.01,-1,-1,-0.01,-1,-1,-0.01,-1,-1,-0.01,-1,-1,-0.01,-1,-1,-0.01,-1,-1,-0.01,-1,-1
99926009,2026-05-18 14:50:08+05:30,53377.45,0,0.0,0,0.0,0.0,53282.15,53619.2,52783.45,53710.35,0,0.0,0.0,0.0,0.0,-0.01,-1,-1,-0.01,-1,-1,-0.01,-1,-1,-0.01,-1,-1,-0.01,-1,-1,-0.01,-1,-1,-0.01,-1,-1,-0.01,-1,-1,-0.01,-1,-1,-0.01,-1,-1
99926009,2026-05-18 14:50:09+05:30,53377.05,0,0.0,0,0.0,0.0,53282.15,53619.2,52783.45,53710.35,0,0.0,0.0,0.0,0.0,-0.01,-1,-1,-0.01,-1,-1,-0.01,-1,-1,-0.01,-1,-1,-0.01,-1,-1,-0.01,-1,-1,-0.01,-1,-1,-0.01,-1,-1,-0.01,-1,-1,-0.01,-1,-1
99926009,2026-05-18 14:50:09+05:30,53378.2,0,0.0,0,0.0,0.0,53282.15,53619.2,52783.45,53710.35,0,0.0,0.0,0.0,0.0,-0.01,-1,-1,-0.01,-1,-1,-0.01,-1,-1,-0.01,-1,-1,-0.01,-1,-1,-0.01,-1,-1,-0.01,-1,-1,-0.01,-1,-1,-0.01,-1,-1,-0.01,-1,-1
99926009,2026-05-18 14:50:10+05:30,53381.25,0,0.0,0,0.0,0.0,53282.15,53619.2,52783.45,53710.35,0,0.0,0.0,0.0,0.0,-0.01,-1,-1,-0.01,-1,-1,-0.01,-1,-1,-0.01,-1,-1,-0.01,-1,-1,-0.01,-1,-1,-0.01,-1,-1,-0.01,-1,-1,-0.01,-1,-1,-0.01,-1,-1
99926009,2026-05-18 14:50:10+05:30,53375.95,0,0.0,0,0.0,0.0,53282.15,53619.2,52783.45,53710.35,0,0.0,0.0,0.0,0.0,-0.01,-1,-1,-0.01,-1,-1,-0.01,-1,-1,-0.01,-1,-1,-0.01,-1,-1,-0.01,-1,-1,-0.01,-1,-1,-0.01,-1,-1,-0.01,-1,-1,-0.01,-1,-1
99926009,2026-05-18 14:50:11+05:30,53372.55,0,0.0,0,0.0,0.0,53282.15,53619.2,52783.45,53710.35,0,0.0,0.0,0.0,0.0,-0.01,-1,-1,-0.01,-1,-1,-0.01,-1,-1,-0.01,-1,-1,-0.01,-1,-1,-0.01,-1,-1,-0.01,-1,-1,-0.01,-1,-1,-0.01,-1,-1,-0.01,-1,-1
99926009,2026-05-18 14:50:11+05:30,53374.15,0,0.0,0,0.0,0.0,53282.15,53619.2,52783.45,53710.35,0,0.0,0.0,0.0,0.0,-0.01,-1,-1,-0.01,-1,-1,-0.01,-1,-1,-0.01,-1,-1,-0.01,-1,-1,-0.01,-1,-1,-0.01,-1,-1,-0.01,-1,-1,-0.01,-1,-1,-0.01,-1,-1
99926009,2026-05-18 14:50:12+05:30,53374.45,0,0.0,0,0.0,0.0,53282.15,53619.2,52783.45,53710.35,0,0.0,0.0,0.0,0.0,-0.01,-1,-1,-0.01,-1,-1,-0.01,-1,-1,-0.01,-1,-1,-0.01,-1,-1,-0.01,-1,-1,-0.01,-1,-1,-0.01,-1,-1,-0.01,-1,-1,-0.01,-1,-1
99926009,2026-05-18 14:50:12+05:30,53374.05,0,0.0,0,0.0,0.0,53282.15,53619.2,52783.45,53710.35,0,0.0,0.0,0.0,0.0,-0.01,-1,-1,-0.01,-1,-1,-0.01,-1,-1,-0.01,-1,-1,-0.01,-1,-1,-0.01,-1,-1,-0.01,-1,-1,-0.01,-1,-1,-0.01,-1,-1,-0.01,-1,-1
99926009,2026-05-18 14:50:13+05:30,53374.4,0,0.0,0,0.0,0.0,53282.15,53619.2,52783.45,53710.35,0,0.0,0.0,0.0,0.0,-0.01,-1,-1,-0.01,-1,-1,-0.01,-1,-1,-0.01,-1,-1,-0.01,-1,-1,-0.01,-1,-1,-0.01,-1,-1,-0.01,-1,-1,-0.01,-1,-1,-0.01,-1,-1
99926009,2026-05-18 14:50:13+05:30,53373.85,0,0.0,0,0.0,0.0,53282.15,53619.2,52783.45,53710.35,0,0.0,0.0,0.0,0.0,-0.01,-1,-1,-0.01,-1,-1,-0.01,-1,-1,-0.01,-1,-1,-0.01,-1,-1,-0.01,-1,-1,-0.01,-1,-1,-0.01,-1,-1,-0.01,-1,-1,-0.01,-1,-1
99926009,2026-05-18 14:50:14+05:30,53376.05,0,0.0,0,0.0,0.0,53282.15,53619.2,52783.45,53710.35,0,0.0,0.0,0.0,0.0,-0.01,-1,-1,-0.01,-1,-1,-0.01,-1,-1,-0.01,-1,-1,-0.01,-1,-1,-0.01,-1,-1,-0.01,-1,-1,-0.01,-1,-1,-0.01,-1,-1,-0.01,-1,-1
99926009,2026-05-18 14:50:14+05:30,53373.1,0,0.0,0,0.0,0.0,53282.15,53619.2,52783.45,53710.35,0,0.0,0.0,0.0,0.0,-0.01,-1,-1,-0.01,-1,-1,-0.01,-1,-1,-0.01,-1,-1,-0.01,-1,-1,-0.01,-1,-1,-0.01,-1,-1,-0.01,-1,-1,-0.01,-1,-1,-0.01,-1,-1
99926009,2026-05-18 14:50:15+05:30,53379.55,0,0.0,0,0.0,0.0,53282.15,53619.2,52783.45,53710.35,0,0.0,0.0,0.0,0.0,-0.01,-1,-1,-0.01,-1,-1,-0.01,-1,-1,-0.01,-1,-1,-0.01,-1,-1,-0.01,-1,-1,-0.01,-1,-1,-0.01,-1,-1,-0.01,-1,-1,-0.01,-1,-1
99926009,2026-05-18 14:50:15+05:30,53375.4,0,0.0,0,0.0,0.0,53282.15,53619.2,52783.45,53710.35,0,0.0,0.0,0.0,0.0,-0.01,-1,-1,-0.01,-1,-1,-0.01,-1,-1,-0.01,-1,-1,-0.01,-1,-1,-0.01,-1,-1,-0.01,-1,-1,-0.01,-1,-1,-0.01,-1,-1,-0.01,-1,-1
99926009,2026-05-18 14:50:16+05:30,53378.45,0,0.0,0,0.0,0.0,53282.15,53619.2,52783.45,53710.35,0,0.0,0.0,0.0,0.0,-0.01,-1,-1,-0.01,-1,-1,-0.01,-1,-1,-0.01,-1,-1,-0.01,-1,-1,-0.01,-1,-1,-0.01,-1,-1,-0.01,-1,-1,-0.01,-1,-1,-0.01,-1,-1
99926009,2026-05-18 14:50:16+05:30,53378.2,0,0.0,0,0.0,0.0,53282.15,53619.2,52783.45,53710.35,0,0.0,0.0,0.0,0.0,-0.01,-1,-1,-0.01,-1,-1,-0.01,-1,-1,-0.01,-1,-1,-0.01,-1,-1,-0.01,-1,-1,-0.01,-1,-1,-0.01,-1,-1,-0.01,-1,-1,-0.01,-1,-1
99926009,2026-05-18 14:50:17+05:30,53379.35,0,0.0,0,0.0,0.0,53282.15,53619.2,52783.45,53710.35,0,0.0,0.0,0.0,0.0,-0.01,-1,-1,-0.01,-1,-1,-0.01,-1,-1,-0.01,-1,-1,-0.01,-1,-1,-0.01,-1,-1,-0.01,-1,-1,-0.01,-1,-1,-0.01,-1,-1,-0.01,-1,-1
99926009,2026-05-18 14:50:17+05:30,53375.45,0,0.0,0,0.0,0.0,53282.15,53619.2,52783.45,53710.35,0,0.0,0.0,0.0,0.0,-0.01,-1,-1,-0.01,-1,-1,-0.01,-1,-1,-0.01,-1,-1,-0.01,-1,-1,-0.01,-1,-1,-0.01,-1,-1,-0.01,-1,-1,-0.01,-1,-1,-0.01,-1,-1
99926009,2026-05-18 14:50:18+05:30,53377.4,0,0.0,0,0.0,0.0,53282.15,53619.2,52783.45,53710.35,0,0.0,0.0,0.0,0.0,-0.01,-1,-1,-0.01,-1,-1,-0.01,-1,-1,-0.01,-1,-1,-0.01,-1,-1,-0.01,-1,-1,-0.01,-1,-1,-0.01,-1,-1,-0.01,-1,-1,-0.01,-1,-1
99926009,2026-05-18 14:50:18+05:30,53376.8,0,0.0,0,0.0,0.0,53282.15,53619.2,52783.45,53710.35,0,0.0,0.0,0.0,0.0,-0.01,-1,-1,-0.01,-1,-1,-0.01,-1,-1,-0.01,-1,-1,-0.01,-1,-1,-0.01,-1,-1,-0.01,-1,-1,-0.01,-1,-1,-0.01,-1,-1,-0.01,-1,-1
99926009,2026-05-18 14:50:19+05:30,53377.45,0,0.0,0,0.0,0.0,53282.15,53619.2,52783.45,53710.35,0,0.0,0.0,0.0,0.0,-0.01,-1,-1,-0.01,-1,-1,-0.01,-1,-1,-0.01,-1,-1,-0.01,-1,-1,-0.01,-1,-1,-0.01,-1,-1,-0.01,-1,-1,-0.01,-1,-1,-0.01,-1,-1
99926009,2026-05-18 14:50:19+05:30,53376.0,0,0.0,0,0.0,0.0,53282.15,53619.2,52783.45,53710.35,0,0.0,0.0,0.0,0.0,-0.01,-1,-1,-0.01,-1,-1,-0.01,-1,-1,-0.01,-1,-1,-0.01,-1,-1,-0.01,-1,-1,-0.01,-1,-1,-0.01,-1,-1,-0.01,-1,-1,-0.01,-1,-1
99926009,2026-05-18 14:50:20+05:30,53374.7,0,0.0,0,0.0,0.0,53282.15,53619.2,52783.45,53710.35,0,0.0,0.0,0.0,0.0,-0.01,-1,-1,-0.01,-1,-1,-0.01,-1,-1,-0.01,-1,-1,-0.01,-1,-1,-0.01,-1,-1,-0.01,-1,-1,-0.01,-1,-1,-0.01,-1,-1,-0.01,-1,-1
99926009,2026-05-18 14:50:20+05:30,53377.6,0,0.0,0,0.0,0.0,53282.15,53619.2,52783.45,53710.35,0,0.0,0.0,0.0,0.0,-0.01,-1,-1,-0.01,-1,-1,-0.01,-1,-1,-0.01,-1,-1,-0.01,-1,-1,-0.01,-1,-1,-0.01,-1,-1,-0.01,-1,-1,-0.01,-1,-1,-0.01,-1,-1
99926009,2026-05-18 14:50:21+05:30,53375.2,0,0.0,0,0.0,0.0,53282.15,53619.2,52783.45,53710.35,0,0.0,0.0,0.0,0.0,-0.01,-1,-1,-0.01,-1,-1,-0.01,-1,-1,-0.01,-1,-1,-0.01,-1,-1,-0.01,-1,-1,-0.01,-1,-1,-0.01,-1,-1,-0.01,-1,-1,-0.01,-1,-1
99926009,2026-05-18 14:50:21+05:30,53378.45,0,0.0,0,0.0,0.0,53282.15,53619.2,52783.45,53710.35,0,0.0,0.0,0.0,0.0,-0.01,-1,-1,-0.01,-1,-1,-0.01,-1,-1,-0.01,-1,-1,-0.01,-1,-1,-0.01,-1,-1,-0.01,-1,-1,-0.01,-1,-1,-0.01,-1,-1,-0.01,-1,-1
99926009,2026-05-18 14:50:22+05:30,53377.5,0,0.0,0,0.0,0.0,53282.15,53619.2,52783.45,53710.35,0,0.0,0.0,0.0,0.0,-0.01,-1,-1,-0.01,-1,-1,-0.01,-1,-1,-0.01,-1,-1,-0.01,-1,-1,-0.01,-1,-1,-0.01,-1,-1,-0.01,-1,-1,-0.01,-1,-1,-0.01,-1,-1
99926009,2026-05-18 14:50:22+05:30,53377.6,0,0.0,0,0.0,0.0,53282.15,53619.2,52783.45,53710.35,0,0.0,0.0,0.0,0.0,-0.01,-1,-1,-0.01,-1,-1,-0.01,-1,-1,-0.01,-1,-1,-0.01,-1,-1,-0.01,-1,-1,-0.01,-1,-1,-0.01,-1,-1,-0.01,-1,-1,-0.01,-1,-1
99926009,2026-05-18 14:50:23+05:30,53374.2,0,0.0,0,0.0,0.0,53282.15,53619.2,52783.45,53710.35,0,0.0,0.0,0.0,0.0,-0.01,-1,-1,-0.01,-1,-1,-0.01,-1,-1,-0.01,-1,-1,-0.01,-1,-1,-0.01,-1,-1,-0.01,-1,-1,-0.01,-1,-1,-0.01,-1,-1,-0.01,-1,-1
99926009,2026-05-18 14:50:23+05:30,53373.1,0,0.0,0,0.0,0.0,53282.15,53619.2,52783.45,53710.35,0,0.0,0.0,0.0,0.0,-0.01,-1,-1,-0.01,-1,-1,-0.01,-1,-1,-0.01,-1,-1,-0.01,-1,-1,-0.01,-1,-1,-0.01,-1,-1,-0.01,-1,-1,-0.01,-1,-1,-0.01,-1,-1
99926009,2026-05-18 14:50:24+05:30,53376.85,0,0.0,0,0.0,0.0,53282.15,53619.2,52783.45,53710.35,0,0.0,0.0,0.0,0.0,-0.01,-1,-1,-0.01,-1,-1,-0.01,-1,-1,-0.01,-1,-1,-0.01,-1,-1,-0.01,-1,-1,-0.01,-1,-1,-0.01,-1,-1,-0.01,-1,-1,-0.01,-1,-1
99926009,2026-05-18 14:50:24+05:30,53375.55,0,0.0,0,0.0,0.0,53282.15,53619.2,52783.45,53710.35,0,0.0,0.0,0.0,0.0,-0.01,-1,-1,-0.01,-1,-1,-0.01,-1,-1,-0.01,-1,-1,-0.01,-1,-1,-0.01,-1,-1,-0.01,-1,-1,-0.01,-1,-1,-0.01,-1,-1,-0.01,-1,-1
99926009,2026-05-18 14:50:25+05:30,53376.85,0,0.0,0,0.0,0.0,53282.15,53619.2,52783.45,53710.35,0,0.0,0.0,0.0,0.0,-0.01,-1,-1,-0.01,-1,-1,-0.01,-1,-1,-0.01,-1,-1,-0.01,-1,-1,-0.01,-1,-1,-0.01,-1,-1,-0.01,-1,-1,-0.01,-1,-1,-0.01,-1,-1
99926009,2026-05-18 14:50:25+05:30,53377.7,0,0.0,0,0.0,0.0,53282.15,53619.2,52783.45,53710.35,0,0.0,0.0,0.0,0.0,-0.01,-1,-1,-0.01,-1,-1,-0.01,-1,-1,-0.01,-1,-1,-0.01,-1,-1,-0.01,-1,-1,-0.01,-1,-1,-0.01,-1,-1,-0.01,-1,-1,-0.01,-1,-1
99926009,2026-05-18 14:50:26+05:30,53377.7,0,0.0,0,0.0,0.0,53282.15,53619.2,52783.45,53710.35,0,0.0,0.0,0.0,0.0,-0.01,-1,-1,-0.01,-1,-1,-0.01,-1,-1,-0.01,-1,-1,-0.01,-1,-1,-0.01,-1,-1,-0.01,-1,-1,-0.01,-1,-1,-0.01,-1,-1,-0.01,-1,-1
99926009,2026-05-18 14:50:26+05:30,53377.05,0,0.0,0,0.0,0.0,53282.15,53619.2,52783.45,53710.35,0,0.0,0.0,0.0,0.0,-0.01,-1,-1,-0.01,-1,-1,-0.01,-1,-1,-0.01,-1,-1,-0.01,-1,-1,-0.01,-1,-1,-0.01,-1,-1,-0.01,-1,-1,-0.01,-1,-1,-0.01,-1,-1
99926009,2026-05-18 14:50:27+05:30,53379.25,0,0.0,0,0.0,0.0,53282.15,53619.2,52783.45,53710.35,0,0.0,0.0,0.0,0.0,-0.01,-1,-1,-0.01,-1,-1,-0.01,-1,-1,-0.01,-1,-1,-0.01,-1,-1,-0.01,-1,-1,-0.01,-1,-1,-0.01,-1,-1,-0.01,-1,-1,-0.01,-1,-1
99926009,2026-05-18 14:50:27+05:30,53379.0,0,0.0,0,0.0,0.0,53282.15,53619.2,52783.45,53710.35,0,0.0,0.0,0.0,0.0,-0.01,-1,-1,-0.01,-1,-1,-0.01,-1,-1,-0.01,-1,-1,-0.01,-1,-1,-0.01,-1,-1,-0.01,-1,-1,-0.01,-1,-1,-0.01,-1,-1,-0.01,-1,-1
99926009,2026-05-18 14:50:28+05:30,53380.7,0,0.0,0,0.0,0.0,53282.15,53619.2,52783.45,53710.35,0,0.0,0.0,0.0,0.0,-0.01,-1,-1,-0.01,-1,-1,-0.01,-1,-1,-0.01,-1,-1,-0.01,-1,-1,-0.01,-1,-1,-0.01,-1,-1,-0.01,-1,-1,-0.01,-1,-1,-0.01,-1,-1
99926009,2026-05-18 14:50:28+05:30,53381.1,0,0.0,0,0.0,0.0,53282.15,53619.2,52783.45,53710.35,0,0.0,0.0,0.0,0.0,-0.01,-1,-1,-0.01,-1,-1,-0.01,-1,-1,-0.01,-1,-1,-0.01,-1,-1,-0.01,-1,-1,-0.01,-1,-1,-0.01,-1,-1,-0.01,-1,-1,-0.01,-1,-1
99926009,2026-05-18 14:50:29+05:30,53379.8,0,0.0,0,0.0,0.0,53282.15,53619.2,52783.45,53710.35,0,0.0,0.0,0.0,0.0,-0.01,-1,-1,-0.01,-1,-1,-0.01,-1,-1,-0.01,-1,-1,-0.01,-1,-1,-0.01,-1,-1,-0.01,-1,-1,-0.01,-1,-1,-0.01,-1,-1,-0.01,-1,-1
99926009,2026-05-18 14:50:29+05:30,53379.2,0,0.0,0,0.0,0.0,53282.15,53619.2,52783.45,53710.35,0,0.0,0.0,0.0,0.0,-0.01,-1,-1,-0.01,-1,-1,-0.01,-1,-1,-0.01,-1,-1,-0.01,-1,-1,-0.01,-1,-1,-0.01,-1,-1,-0.01,-1,-1,-0.01,-1,-1,-0.01,-1,-1
99926009,2026-05-18 14:50:30+05:30,53377.6,0,0.0,0,0.0,0.0,53282.15,53619.2,52783.45,53710.35,0,0.0,0.0,0.0,0.0,-0.01,-1,-1,-0.01,-1,-1,-0.01,-1,-1,-0.01,-1,-1,-0.01,-1,-1,-0.01,-1,-1,-0.01,-1,-1,-0.01,-1,-1,-0.01,-1,-1,-0.01,-1,-1
99926009,2026-05-18 14:50:30+05:30,53376.55,0,0.0,0,0.0,0.0,53282.15,53619.2,52783.45,53710.35,0,0.0,0.0,0.0,0.0,-0.01,-1,-1,-0.01,-1,-1,-0.01,-1,-1,-0.01,-1,-1,-0.01,-1,-1,-0.01,-1,-1,-0.01,-1,-1,-0.01,-1,-1,-0.01,-1,-1,-0.01,-1,-1
99926009,2026-05-18 14:50:31+05:30,53375.35,0,0.0,0,0.0,0.0,53282.15,53619.2,52783.45,53710.35,0,0.0,0.0,0.0,0.0,-0.01,-1,-1,-0.01,-1,-1,-0.01,-1,-1,-0.01,-1,-1,-0.01,-1,-1,-0.01,-1,-1,-0.01,-1,-1,-0.01,-1,-1,-0.01,-1,-1,-0.01,-1,-1
99926009,2026-05-18 14:50:31+05:30,53376.75,0,0.0,0,0.0,0.0,53282.15,53619.2,52783.45,53710.35,0,0.0,0.0,0.0,0.0,-0.01,-1,-1,-0.01,-1,-1,-0.01,-1,-1,-0.01,-1,-1,-0.01,-1,-1,-0.01,-1,-1,-0.01,-1,-1,-0.01,-1,-1,-0.01,-1,-1,-0.01,-1,-1
99926009,2026-05-18 14:50:32+05:30,53376.3,0,0.0,0,0.0,0.0,53282.15,53619.2,52783.45,53710.35,0,0.0,0.0,0.0,0.0,-0.01,-1,-1,-0.01,-1,-1,-0.01,-1,-1,-0.01,-1,-1,-0.01,-1,-1,-0.01,-1,-1,-0.01,-1,-1,-0.01,-1,-1,-0.01,-1,-1,-0.01,-1,-1
99926009,2026-05-18 14:50:32+05:30,53371.95,0,0.0,0,0.0,0.0,53282.15,53619.2,52783.45,53710.35,0,0.0,0.0,0.0,0.0,-0.01,-1,-1,-0.01,-1,-1,-0.01,-1,-1,-0.01,-1,-1,-0.01,-1,-1,-0.01,-1,-1,-0.01,-1,-1,-0.01,-1,-1,-0.01,-1,-1,-0.01,-1,-1
99926009,2026-05-18 14:50:33+05:30,53373.15,0,0.0,0,0.0,0.0,53282.15,53619.2,52783.45,53710.35,0,0.0,0.0,0.0,0.0,-0.01,-1,-1,-0.01,-1,-1,-0.01,-1,-1,-0.01,-1,-1,-0.01,-1,-1,-0.01,-1,-1,-0.01,-1,-1,-0.01,-1,-1,-0.01,-1,-1,-0.01,-1,-1
99926009,2026-05-18 14:50:33+05:30,53374.7,0,0.0,0,0.0,0.0,53282.15,53619.2,52783.45,53710.35,0,0.0,0.0,0.0,0.0,-0.01,-1,-1,-0.01,-1,-1,-0.01,-1,-1,-0.01,-1,-1,-0.01,-1,-1,-0.01,-1,-1,-0.01,-1,-1,-0.01,-1,-1,-0.01,-1,-1,-0.01,-1,-1
99926009,2026-05-18 14:50:34+05:30,53375.45,0,0.0,0,0.0,0.0,53282.15,53619.2,52783.45,53710.35,0,0.0,0.0,0.0,0.0,-0.01,-1,-1,-0.01,-1,-1,-0.01,-1,-1,-0.01,-1,-1,-0.01,-1,-1,-0.01,-1,-1,-0.01,-1,-1,-0.01,-1,-1,-0.01,-1,-1,-0.01,-1,-1
99926009,2026-05-18 14:50:34+05:30,53372.75,0,0.0,0,0.0,0.0,53282.15,53619.2,52783.45,53710.35,0,0.0,0.0,0.0,0.0,-0.01,-1,-1,-0.01,-1,-1,-0.01,-1,-1,-0.01,-1,-1,-0.01,-1,-1,-0.01,-1,-1,-0.01,-1,-1,-0.01,-1,-1,-0.01,-1,-1,-0.01,-1,-1
99926009,2026-05-18 14:50:35+05:30,53372.4,0,0.0,0,0.0,0.0,53282.15,53619.2,52783.45,53710.35,0,0.0,0.0,0.0,0.0,-0.01,-1,-1,-0.01,-1,-1,-0.01,-1,-1,-0.01,-1,-1,-0.01,-1,-1,-0.01,-1,-1,-0.01,-1,-1,-0.01,-1,-1,-0.01,-1,-1,-0.01,-1,-1
99926009,2026-05-18 14:50:35+05:30,53373.05,0,0.0,0,0.0,0.0,53282.15,53619.2,52783.45,53710.35,0,0.0,0.0,0.0,0.0,-0.01,-1,-1,-0.01,-1,-1,-0.01,-1,-1,-0.01,-1,-1,-0.01,-1,-1,-0.01,-1,-1,-0.01,-1,-1,-0.01,-1,-1,-0.01,-1,-1,-0.01,-1,-1
99926009,2026-05-18 14:50:36+05:30,53373.0,0,0.0,0,0.0,0.0,53282.15,53619.2,52783.45,53710.35,0,0.0,0.0,0.0,0.0,-0.01,-1,-1,-0.01,-1,-1,-0.01,-1,-1,-0.01,-1,-1,-0.01,-1,-1,-0.01,-1,-1,-0.01,-1,-1,-0.01,-1,-1,-0.01,-1,-1,-0.01,-1,-1
99926009,2026-05-18 14:50:36+05:30,53374.85,0,0.0,0,0.0,0.0,53282.15,53619.2,52783.45,53710.35,0,0.0,0.0,0.0,0.0,-0.01,-1,-1,-0.01,-1,-1,-0.01,-1,-1,-0.01,-1,-1,-0.01,-1,-1,-0.01,-1,-1,-0.01,-1,-1,-0.01,-1,-1,-0.01,-1,-1,-0.01,-1,-1
99926009,2026-05-18 14:50:37+05:30,53375.15,0,0.0,0,0.0,0.0,53282.15,53619.2,52783.45,53710.35,0,0.0,0.0,0.0,0.0,-0.01,-1,-1,-0.01,-1,-1,-0.01,-1,-1,-0.01,-1,-1,-0.01,-1,-1,-0.01,-1,-1,-0.01,-1,-1,-0.01,-1,-1,-0.01,-1,-1,-0.01,-1,-1
99926009,2026-05-18 14:50:37+05:30,53375.8,0,0.0,0,0.0,0.0,53282.15,53619.2,52783.45,53710.35,0,0.0,0.0,0.0,0.0,-0.01,-1,-1,-0.01,-1,-1,-0.01,-1,-1,-0.01,-1,-1,-0.01,-1,-1,-0.01,-1,-1,-0.01,-1,-1,-0.01,-1,-1,-0.01,-1,-1,-0.01,-1,-1
99926009,2026-05-18 14:50:38+05:30,53375.9,0,0.0,0,0.0,0.0,53282.15,53619.2,52783.45,53710.35,0,0.0,0.0,0.0,0.0,-0.01,-1,-1,-0.01,-1,-1,-0.01,-1,-1,-0.01,-1,-1,-0.01,-1,-1,-0.01,-1,-1,-0.01,-1,-1,-0.01,-1,-1,-0.01,-1,-1,-0.01,-1,-1
99926009,2026-05-18 14:50:38+05:30,53376.4,0,0.0,0,0.0,0.0,53282.15,53619.2,52783.45,53710.35,0,0.0,0.0,0.0,0.0,-0.01,-1,-1,-0.01,-1,-1,-0.01,-1,-1,-0.01,-1,-1,-0.01,-1,-1,-0.01,-1,-1,-0.01,-1,-1,-0.01,-1,-1,-0.01,-1,-1,-0.01,-1,-1
99926009,2026-05-18 14:50:39+05:30,53375.45,0,0.0,0,0.0,0.0,53282.15,53619.2,52783.45,53710.35,0,0.0,0.0,0.0,0.0,-0.01,-1,-1,-0.01,-1,-1,-0.01,-1,-1,-0.01,-1,-1,-0.01,-1,-1,-0.01,-1,-1,-0.01,-1,-1,-0.01,-1,-1,-0.01,-1,-1,-0.01,-1,-1
99926009,2026-05-18 14:50:39+05:30,53380.0,0,0.0,0,0.0,0.0,53282.15,53619.2,52783.45,53710.35,0,0.0,0.0,0.0,0.0,-0.01,-1,-1,-0.01,-1,-1,-0.01,-1,-1,-0.01,-1,-1,-0.01,-1,-1,-0.01,-1,-1,-0.01,-1,-1,-0.01,-1,-1,-0.01,-1,-1,-0.01,-1,-1
99926009,2026-05-18 14:50:40+05:30,53379.5,0,0.0,0,0.0,0.0,53282.15,53619.2,52783.45,53710.35,0,0.0,0.0,0.0,0.0,-0.01,-1,-1,-0.01,-1,-1,-0.01,-1,-1,-0.01,-1,-1,-0.01,-1,-1,-0.01,-1,-1,-0.01,-1,-1,-0.01,-1,-1,-0.01,-1,-1,-0.01,-1,-1
99926009,2026-05-18 14:50:40+05:30,53379.4,0,0.0,0,0.0,0.0,53282.15,53619.2,52783.45,53710.35,0,0.0,0.0,0.0,0.0,-0.01,-1,-1,-0.01,-1,-1,-0.01,-1,-1,-0.01,-1,-1,-0.01,-1,-1,-0.01,-1,-1,-0.01,-1,-1,-0.01,-1,-1,-0.01,-1,-1,-0.01,-1,-1
99926009,2026-05-18 14:50:41+05:30,53377.5,0,0.0,0,0.0,0.0,53282.15,53619.2,52783.45,53710.35,0,0.0,0.0,0.0,0.0,-0.01,-1,-1,-0.01,-1,-1,-0.01,-1,-1,-0.01,-1,-1,-0.01,-1,-1,-0.01,-1,-1,-0.01,-1,-1,-0.01,-1,-1,-0.01,-1,-1,-0.01,-1,-1
99926009,2026-05-18 14:50:41+05:30,53380.8,0,0.0,0,0.0,0.0,53282.15,53619.2,52783.45,53710.35,0,0.0,0.0,0.0,0.0,-0.01,-1,-1,-0.01,-1,-1,-0.01,-1,-1,-0.01,-1,-1,-0.01,-1,-1,-0.01,-1,-1,-0.01,-1,-1,-0.01,-1,-1,-0.01,-1,-1,-0.01,-1,-1
99926009,2026-05-18 14:50:42+05:30,53379.25,0,0.0,0,0.0,0.0,53282.15,53619.2,52783.45,53710.35,0,0.0,0.0,0.0,0.0,-0.01,-1,-1,-0.01,-1,-1,-0.01,-1,-1,-0.01,-1,-1,-0.01,-1,-1,-0.01,-1,-1,-0.01,-1,-1,-0.01,-1,-1,-0.01,-1,-1,-0.01,-1,-1
99926009,2026-05-18 14:50:42+05:30,53379.45,0,0.0,0,0.0,0.0,53282.15,53619.2,52783.45,53710.35,0,0.0,0.0,0.0,0.0,-0.01,-1,-1,-0.01,-1,-1,-0.01,-1,-1,-0.01,-1,-1,-0.01,-1,-1,-0.01,-1,-1,-0.01,-1,-1,-0.01,-1,-1,-0.01,-1,-1,-0.01,-1,-1
99926009,2026-05-18 14:50:43+05:30,53380.5,0,0.0,0,0.0,0.0,53282.15,53619.2,52783.45,53710.35,0,0.0,0.0,0.0,0.0,-0.01,-1,-1,-0.01,-1,-1,-0.01,-1,-1,-0.01,-1,-1,-0.01,-1,-1,-0.01,-1,-1,-0.01,-1,-1,-0.01,-1,-1,-0.01,-1,-1,-0.01,-1,-1
99926009,2026-05-18 14:50:43+05:30,53378.5,0,0.0,0,0.0,0.0,53282.15,53619.2,52783.45,53710.35,0,0.0,0.0,0.0,0.0,-0.01,-1,-1,-0.01,-1,-1,-0.01,-1,-1,-0.01,-1,-1,-0.01,-1,-1,-0.01,-1,-1,-0.01,-1,-1,-0.01,-1,-1,-0.01,-1,-1,-0.01,-1,-1
99926009,2026-05-18 14:50:44+05:30,53379.95,0,0.0,0,0.0,0.0,53282.15,53619.2,52783.45,53710.35,0,0.0,0.0,0.0,0.0,-0.01,-1,-1,-0.01,-1,-1,-0.01,-1,-1,-0.01,-1,-1,-0.01,-1,-1,-0.01,-1,-1,-0.01,-1,-1,-0.01,-1,-1,-0.01,-1,-1,-0.01,-1,-1
99926009,2026-05-18 14:50:44+05:30,53382.45,0,0.0,0,0.0,0.0,53282.15,53619.2,52783.45,53710.35,0,0.0,0.0,0.0,0.0,-0.01,-1,-1,-0.01,-1,-1,-0.01,-1,-1,-0.01,-1,-1,-0.01,-1,-1,-0.01,-1,-1,-0.01,-1,-1,-0.01,-1,-1,-0.01,-1,-1,-0.01,-1,-1
99926009,2026-05-18 14:50:45+05:30,53383.6,0,0.0,0,0.0,0.0,53282.15,53619.2,52783.45,53710.35,0,0.0,0.0,0.0,0.0,-0.01,-1,-1,-0.01,-1,-1,-0.01,-1,-1,-0.01,-1,-1,-0.01,-1,-1,-0.01,-1,-1,-0.01,-1,-1,-0.01,-1,-1,-0.01,-1,-1,-0.01,-1,-1
99926009,2026-05-18 14:50:45+05:30,53384.75,0,0.0,0,0.0,0.0,53282.15,53619.2,52783.45,53710.35,0,0.0,0.0,0.0,0.0,-0.01,-1,-1,-0.01,-1,-1,-0.01,-1,-1,-0.01,-1,-1,-0.01,-1,-1,-0.01,-1,-1,-0.01,-1,-1,-0.01,-1,-1,-0.01,-1,-1,-0.01,-1,-1
99926009,2026-05-18 14:50:46+05:30,53386.1,0,0.0,0,0.0,0.0,53282.15,53619.2,52783.45,53710.35,0,0.0,0.0,0.0,0.0,-0.01,-1,-1,-0.01,-1,-1,-0.01,-1,-1,-0.01,-1,-1,-0.01,-1,-1,-0.01,-1,-1,-0.01,-1,-1,-0.01,-1,-1,-0.01,-1,-1,-0.01,-1,-1
99926009,2026-05-18 14:50:46+05:30,53384.85,0,0.0,0,0.0,0.0,53282.15,53619.2,52783.45,53710.35,0,0.0,0.0,0.0,0.0,-0.01,-1,-1,-0.01,-1,-1,-0.01,-1,-1,-0.01,-1,-1,-0.01,-1,-1,-0.01,-1,-1,-0.01,-1,-1,-0.01,-1,-1,-0.01,-1,-1,-0.01,-1,-1
99926009,2026-05-18 14:50:47+05:30,53385.1,0,0.0,0,0.0,0.0,53282.15,53619.2,52783.45,53710.35,0,0.0,0.0,0.0,0.0,-0.01,-1,-1,-0.01,-1,-1,-0.01,-1,-1,-0.01,-1,-1,-0.01,-1,-1,-0.01,-1,-1,-0.01,-1,-1,-0.01,-1,-1,-0.01,-1,-1,-0.01,-1,-1
99926009,2026-05-18 14:50:47+05:30,53386.6,0,0.0,0,0.0,0.0,53282.15,53619.2,52783.45,53710.35,0,0.0,0.0,0.0,0.0,-0.01,-1,-1,-0.01,-1,-1,-0.01,-1,-1,-0.01,-1,-1,-0.01,-1,-1,-0.01,-1,-1,-0.01,-1,-1,-0.01,-1,-1,-0.01,-1,-1,-0.01,-1,-1
99926009,2026-05-18 14:50:48+05:30,53385.65,0,0.0,0,0.0,0.0,53282.15,53619.2,52783.45,53710.35,0,0.0,0.0,0.0,0.0,-0.01,-1,-1,-0.01,-1,-1,-0.01,-1,-1,-0.01,-1,-1,-0.01,-1,-1,-0.01,-1,-1,-0.01,-1,-1,-0.01,-1,-1,-0.01,-1,-1,-0.01,-1,-1
99926009,2026-05-18 14:50:48+05:30,53391.05,0,0.0,0,0.0,0.0,53282.15,53619.2,52783.45,53710.35,0,0.0,0.0,0.0,0.0,-0.01,-1,-1,-0.01,-1,-1,-0.01,-1,-1,-0.01,-1,-1,-0.01,-1,-1,-0.01,-1,-1,-0.01,-1,-1,-0.01,-1,-1,-0.01,-1,-1,-0.01,-1,-1
99926009,2026-05-18 14:50:49+05:30,53391.85,0,0.0,0,0.0,0.0,53282.15,53619.2,52783.45,53710.35,0,0.0,0.0,0.0,0.0,-0.01,-1,-1,-0.01,-1,-1,-0.01,-1,-1,-0.01,-1,-1,-0.01,-1,-1,-0.01,-1,-1,-0.01,-1,-1,-0.01,-1,-1,-0.01,-1,-1,-0.01,-1,-1
99926009,2026-05-18 14:50:49+05:30,53388.5,0,0.0,0,0.0,0.0,53282.15,53619.2,52783.45,53710.35,0,0.0,0.0,0.0,0.0,-0.01,-1,-1,-0.01,-1,-1,-0.01,-1,-1,-0.01,-1,-1,-0.01,-1,-1,-0.01,-1,-1,-0.01,-1,-1,-0.01,-1,-1,-0.01,-1,-1,-0.01,-1,-1
99926009,2026-05-18 14:50:50+05:30,53388.1,0,0.0,0,0.0,0.0,53282.15,53619.2,52783.45,53710.35,0,0.0,0.0,0.0,0.0,-0.01,-1,-1,-0.01,-1,-1,-0.01,-1,-1,-0.01,-1,-1,-0.01,-1,-1,-0.01,-1,-1,-0.01,-1,-1,-0.01,-1,-1,-0.01,-1,-1,-0.01,-1,-1
99926009,2026-05-18 14:50:50+05:30,53393.3,0,0.0,0,0.0,0.0,53282.15,53619.2,52783.45,53710.35,0,0.0,0.0,0.0,0.0,-0.01,-1,-1,-0.01,-1,-1,-0.01,-1,-1,-0.01,-1,-1,-0.01,-1,-1,-0.01,-1,-1,-0.01,-1,-1,-0.01,-1,-1,-0.01,-1,-1,-0.01,-1,-1
99926009,2026-05-18 14:50:51+05:30,53390.6,0,0.0,0,0.0,0.0,53282.15,53619.2,52783.45,53710.35,0,0.0,0.0,0.0,0.0,-0.01,-1,-1,-0.01,-1,-1,-0.01,-1,-1,-0.01,-1,-1,-0.01,-1,-1,-0.01,-1,-1,-0.01,-1,-1,-0.01,-1,-1,-0.01,-1,-1,-0.01,-1,-1
99926009,2026-05-18 14:50:51+05:30,53391.55,0,0.0,0,0.0,0.0,53282.15,53619.2,52783.45,53710.35,0,0.0,0.0,0.0,0.0,-0.01,-1,-1,-0.01,-1,-1,-0.01,-1,-1,-0.01,-1,-1,-0.01,-1,-1,-0.01,-1,-1,-0.01,-1,-1,-0.01,-1,-1,-0.01,-1,-1,-0.01,-1,-1
99926009,2026-05-18 14:50:52+05:30,53392.8,0,0.0,0,0.0,0.0,53282.15,53619.2,52783.45,53710.35,0,0.0,0.0,0.0,0.0,-0.01,-1,-1,-0.01,-1,-1,-0.01,-1,-1,-0.01,-1,-1,-0.01,-1,-1,-0.01,-1,-1,-0.01,-1,-1,-0.01,-1,-1,-0.01,-1,-1,-0.01,-1,-1
99926009,2026-05-18 14:50:52+05:30,53387.75,0,0.0,0,0.0,0.0,53282.15,53619.2,52783.45,53710.35,0,0.0,0.0,0.0,0.0,-0.01,-1,-1,-0.01,-1,-1,-0.01,-1,-1,-0.01,-1,-1,-0.01,-1,-1,-0.01,-1,-1,-0.01,-1,-1,-0.01,-1,-1,-0.01,-1,-1,-0.01,-1,-1
99926009,2026-05-18 14:50:53+05:30,53392.85,0,0.0,0,0.0,0.0,53282.15,53619.2,52783.45,53710.35,0,0.0,0.0,0.0,0.0,-0.01,-1,-1,-0.01,-1,-1,-0.01,-1,-1,-0.01,-1,-1,-0.01,-1,-1,-0.01,-1,-1,-0.01,-1,-1,-0.01,-1,-1,-0.01,-1,-1,-0.01,-1,-1
99926009,2026-05-18 14:50:53+05:30,53386.0,0,0.0,0,0.0,0.0,53282.15,53619.2,52783.45,53710.35,0,0.0,0.0,0.0,0.0,-0.01,-1,-1,-0.01,-1,-1,-0.01,-1,-1,-0.01,-1,-1,-0.01,-1,-1,-0.01,-1,-1,-0.01,-1,-1,-0.01,-1,-1,-0.01,-1,-1,-0.01,-1,-1
99926009,2026-05-18 14:50:54+05:30,53391.8,0,0.0,0,0.0,0.0,53282.15,53619.2,52783.45,53710.35,0,0.0,0.0,0.0,0.0,-0.01,-1,-1,-0.01,-1,-1,-0.01,-1,-1,-0.01,-1,-1,-0.01,-1,-1,-0.01,-1,-1,-0.01,-1,-1,-0.01,-1,-1,-0.01,-1,-1,-0.01,-1,-1
99926009,2026-05-18 14:50:54+05:30,53391.2,0,0.0,0,0.0,0.0,53282.15,53619.2,52783.45,53710.35,0,0.0,0.0,0.0,0.0,-0.01,-1,-1,-0.01,-1,-1,-0.01,-1,-1,-0.01,-1,-1,-0.01,-1,-1,-0.01,-1,-1,-0.01,-1,-1,-0.01,-1,-1,-0.01,-1,-1,-0.01,-1,-1
99926009,2026-05-18 14:50:55+05:30,53391.85,0,0.0,0,0.0,0.0,53282.15,53619.2,52783.45,53710.35,0,0.0,0.0,0.0,0.0,-0.01,-1,-1,-0.01,-1,-1,-0.01,-1,-1,-0.01,-1,-1,-0.01,-1,-1,-0.01,-1,-1,-0.01,-1,-1,-0.01,-1,-1,-0.01,-1,-1,-0.01,-1,-1
99926009,2026-05-18 14:50:55+05:30,53384.55,0,0.0,0,0.0,0.0,53282.15,53619.2,52783.45,53710.35,0,0.0,0.0,0.0,0.0,-0.01,-1,-1,-0.01,-1,-1,-0.01,-1,-1,-0.01,-1,-1,-0.01,-1,-1,-0.01,-1,-1,-0.01,-1,-1,-0.01,-1,-1,-0.01,-1,-1,-0.01,-1,-1
99926009,2026-05-18 14:50:56+05:30,53383.0,0,0.0,0,0.0,0.0,53282.15,53619.2,52783.45,53710.35,0,0.0,0.0,0.0,0.0,-0.01,-1,-1,-0.01,-1,-1,-0.01,-1,-1,-0.01,-1,-1,-0.01,-1,-1,-0.01,-1,-1,-0.01,-1,-1,-0.01,-1,-1,-0.01,-1,-1,-0.01,-1,-1
99926009,2026-05-18 14:50:56+05:30,53385.95,0,0.0,0,0.0,0.0,53282.15,53619.2,52783.45,53710.35,0,0.0,0.0,0.0,0.0,-0.01,-1,-1,-0.01,-1,-1,-0.01,-1,-1,-0.01,-1,-1,-0.01,-1,-1,-0.01,-1,-1,-0.01,-1,-1,-0.01,-1,-1,-0.01,-1,-1,-0.01,-1,-1
99926009,2026-05-18 14:50:57+05:30,53385.4,0,0.0,0,0.0,0.0,53282.15,53619.2,52783.45,53710.35,0,0.0,0.0,0.0,0.0,-0.01,-1,-1,-0.01,-1,-1,-0.01,-1,-1,-0.01,-1,-1,-0.01,-1,-1,-0.01,-1,-1,-0.01,-1,-1,-0.01,-1,-1,-0.01,-1,-1,-0.01,-1,-1
99926009,2026-05-18 14:50:57+05:30,53385.25,0,0.0,0,0.0,0.0,53282.15,53619.2,52783.45,53710.35,0,0.0,0.0,0.0,0.0,-0.01,-1,-1,-0.01,-1,-1,-0.01,-1,-1,-0.01,-1,-1,-0.01,-1,-1,-0.01,-1,-1,-0.01,-1,-1,-0.01,-1,-1,-0.01,-1,-1,-0.01,-1,-1
99926009,2026-05-18 14:50:58+05:30,53385.85,0,0.0,0,0.0,0.0,53282.15,53619.2,52783.45,53710.35,0,0.0,0.0,0.0,0.0,-0.01,-1,-1,-0.01,-1,-1,-0.01,-1,-1,-0.01,-1,-1,-0.01,-1,-1,-0.01,-1,-1,-0.01,-1,-1,-0.01,-1,-1,-0.01,-1,-1,-0.01,-1,-1
99926009,2026-05-18 14:50:58+05:30,53385.65,0,0.0,0,0.0,0.0,53282.15,53619.2,52783.45,53710.35,0,0.0,0.0,0.0,0.0,-0.01,-1,-1,-0.01,-1,-1,-0.01,-1,-1,-0.01,-1,-1,-0.01,-1,-1,-0.01,-1,-1,-0.01,-1,-1,-0.01,-1,-1,-0.01,-1,-1,-0.01,-1,-1
99926009,2026-05-18 14:50:59+05:30,53385.3,0,0.0,0,0.0,0.0,53282.15,53619.2,52783.45,53710.35,0,0.0,0.0,0.0,0.0,-0.01,-1,-1,-0.01,-1,-1,-0.01,-1,-1,-0.01,-1,-1,-0.01,-1,-1,-0.01,-1,-1,-0.01,-1,-1,-0.01,-1,-1,-0.01,-1,-1,-0.01,-1,-1
99926009,2026-05-18 14:50:59+05:30,53385.55,0,0.0,0,0.0,0.0,53282.15,53619.2,52783.45,53710.35,0,0.0,0.0,0.0,0.0,-0.01,-1,-1,-0.01,-1,-1,-0.01,-1,-1,-0.01,-1,-1,-0.01,-1,-1,-0.01,-1,-1,-0.01,-1,-1,-0.01,-1,-1,-0.01,-1,-1,-0.01,-1,-1
99926009,2026-05-18 14:51:00+05:30,53382.05,0,0.0,0,0.0,0.0,53282.15,53619.2,52783.45,53710.35,0,0.0,0.0,0.0,0.0,-0.01,-1,-1,-0.01,-1,-1,-0.01,-1,-1,-0.01,-1,-1,-0.01,-1,-1,-0.01,-1,-1,-0.01,-1,-1,-0.01,-1,-1,-0.01,-1,-1,-0.01,-1,-1
99926009,2026-05-18 14:51:00+05:30,53384.75,0,0.0,0,0.0,0.0,53282.15,53619.2,52783.45,53710.35,0,0.0,0.0,0.0,0.0,-0.01,-1,-1,-0.01,-1,-1,-0.01,-1,-1,-0.01,-1,-1,-0.01,-1,-1,-0.01,-1,-1,-0.01,-1,-1,-0.01,-1,-1,-0.01,-1,-1,-0.01,-1,-1
99926009,2026-05-18 14:51:01+05:30,53385.75,0,0.0,0,0.0,0.0,53282.15,53619.2,52783.45,53710.35,0,0.0,0.0,0.0,0.0,-0.01,-1,-1,-0.01,-1,-1,-0.01,-1,-1,-0.01,-1,-1,-0.01,-1,-1,-0.01,-1,-1,-0.01,-1,-1,-0.01,-1,-1,-0.01,-1,-1,-0.01,-1,-1
99926009,2026-05-18 14:51:01+05:30,53386.7,0,0.0,0,0.0,0.0,53282.15,53619.2,52783.45,53710.35,0,0.0,0.0,0.0,0.0,-0.01,-1,-1,-0.01,-1,-1,-0.01,-1,-1,-0.01,-1,-1,-0.01,-1,-1,-0.01,-1,-1,-0.01,-1,-1,-0.01,-1,-1,-0.01,-1,-1,-0.01,-1,-1
99926009,2026-05-18 14:51:02+05:30,53383.15,0,0.0,0,0.0,0.0,53282.15,53619.2,52783.45,53710.35,0,0.0,0.0,0.0,0.0,-0.01,-1,-1,-0.01,-1,-1,-0.01,-1,-1,-0.01,-1,-1,-0.01,-1,-1,-0.01,-1,-1,-0.01,-1,-1,-0.01,-1,-1,-0.01,-1,-1,-0.01,-1,-1
99926009,2026-05-18 14:51:02+05:30,53382.25,0,0.0,0,0.0,0.0,53282.15,53619.2,52783.45,53710.35,0,0.0,0.0,0.0,0.0,-0.01,-1,-1,-0.01,-1,-1,-0.01,-1,-1,-0.01,-1,-1,-0.01,-1,-1,-0.01,-1,-1,-0.01,-1,-1,-0.01,-1,-1,-0.01,-1,-1,-0.01,-1,-1
99926009,2026-05-18 14:51:03+05:30,53385.45,0,0.0,0,0.0,0.0,53282.15,53619.2,52783.45,53710.35,0,0.0,0.0,0.0,0.0,-0.01,-1,-1,-0.01,-1,-1,-0.01,-1,-1,-0.01,-1,-1,-0.01,-1,-1,-0.01,-1,-1,-0.01,-1,-1,-0.01,-1,-1,-0.01,-1,-1,-0.01,-1,-1
99926009,2026-05-18 14:51:03+05:30,53380.0,0,0.0,0,0.0,0.0,53282.15,53619.2,52783.45,53710.35,0,0.0,0.0,0.0,0.0,-0.01,-1,-1,-0.01,-1,-1,-0.01,-1,-1,-0.01,-1,-1,-0.01,-1,-1,-0.01,-1,-1,-0.01,-1,-1,-0.01,-1,-1,-0.01,-1,-1,-0.01,-1,-1
99926009,2026-05-18 14:51:04+05:30,53383.5,0,0.0,0,0.0,0.0,53282.15,53619.2,52783.45,53710.35,0,0.0,0.0,0.0,0.0,-0.01,-1,-1,-0.01,-1,-1,-0.01,-1,-1,-0.01,-1,-1,-0.01,-1,-1,-0.01,-1,-1,-0.01,-1,-1,-0.01,-1,-1,-0.01,-1,-1,-0.01,-1,-1
99926009,2026-05-18 14:51:04+05:30,53381.7,0,0.0,0,0.0,0.0,53282.15,53619.2,52783.45,53710.35,0,0.0,0.0,0.0,0.0,-0.01,-1,-1,-0.01,-1,-1,-0.01,-1,-1,-0.01,-1,-1,-0.01,-1,-1,-0.01,-1,-1,-0.01,-1,-1,-0.01,-1,-1,-0.01,-1,-1,-0.01,-1,-1
99926009,2026-05-18 14:51:05+05:30,53379.8,0,0.0,0,0.0,0.0,53282.15,53619.2,52783.45,53710.35,0,0.0,0.0,0.0,0.0,-0.01,-1,-1,-0.01,-1,-1,-0.01,-1,-1,-0.01,-1,-1,-0.01,-1,-1,-0.01,-1,-1,-0.01,-1,-1,-0.01,-1,-1,-0.01,-1,-1,-0.01,-1,-1
99926009,2026-05-18 14:51:05+05:30,53381.15,0,0.0,0,0.0,0.0,53282.15,53619.2,52783.45,53710.35,0,0.0,0.0,0.0,0.0,-0.01,-1,-1,-0.01,-1,-1,-0.01,-1,-1,-0.01,-1,-1,-0.01,-1,-1,-0.01,-1,-1,-0.01,-1,-1,-0.01,-1,-1,-0.01,-1,-1,-0.01,-1,-1
99926009,2026-05-18 14:51:06+05:30,53378.5,0,0.0,0,0.0,0.0,53282.15,53619.2,52783.45,53710.35,0,0.0,0.0,0.0,0.0,-0.01,-1,-1,-0.01,-1,-1,-0.01,-1,-1,-0.01,-1,-1,-0.01,-1,-1,-0.01,-1,-1,-0.01,-1,-1,-0.01,-1,-1,-0.01,-1,-1,-0.01,-1,-1
99926009,2026-05-18 14:51:06+05:30,53379.55,0,0.0,0,0.0,0.0,53282.15,53619.2,52783.45,53710.35,0,0.0,0.0,0.0,0.0,-0.01,-1,-1,-0.01,-1,-1,-0.01,-1,-1,-0.01,-1,-1,-0.01,-1,-1,-0.01,-1,-1,-0.01,-1,-1,-0.01,-1,-1,-0.01,-1,-1,-0.01,-1,-1
99926009,2026-05-18 14:51:07+05:30,53380.8,0,0.0,0,0.0,0.0,53282.15,53619.2,52783.45,53710.35,0,0.0,0.0,0.0,0.0,-0.01,-1,-1,-0.01,-1,-1,-0.01,-1,-1,-0.01,-1,-1,-0.01,-1,-1,-0.01,-1,-1,-0.01,-1,-1,-0.01,-1,-1,-0.01,-1,-1,-0.01,-1,-1
99926009,2026-05-18 14:51:07+05:30,53379.2,0,0.0,0,0.0,0.0,53282.15,53619.2,52783.45,53710.35,0,0.0,0.0,0.0,0.0,-0.01,-1,-1,-0.01,-1,-1,-0.01,-1,-1,-0.01,-1,-1,-0.01,-1,-1,-0.01,-1,-1,-0.01,-1,-1,-0.01,-1,-1,-0.01,-1,-1,-0.01,-1,-1
99926009,2026-05-18 14:51:08+05:30,53378.35,0,0.0,0,0.0,0.0,53282.15,53619.2,52783.45,53710.35,0,0.0,0.0,0.0,0.0,-0.01,-1,-1,-0.01,-1,-1,-0.01,-1,-1,-0.01,-1,-1,-0.01,-1,-1,-0.01,-1,-1,-0.01,-1,-1,-0.01,-1,-1,-0.01,-1,-1,-0.01,-1,-1
99926009,2026-05-18 14:51:08+05:30,53378.95,0,0.0,0,0.0,0.0,53282.15,53619.2,52783.45,53710.35,0,0.0,0.0,0.0,0.0,-0.01,-1,-1,-0.01,-1,-1,-0.01,-1,-1,-0.01,-1,-1,-0.01,-1,-1,-0.01,-1,-1,-0.01,-1,-1,-0.01,-1,-1,-0.01,-1,-1,-0.01,-1,-1
99926009,2026-05-18 14:51:09+05:30,53378.45,0,0.0,0,0.0,0.0,53282.15,53619.2,52783.45,53710.35,0,0.0,0.0,0.0,0.0,-0.01,-1,-1,-0.01,-1,-1,-0.01,-1,-1,-0.01,-1,-1,-0.01,-1,-1,-0.01,-1,-1,-0.01,-1,-1,-0.01,-1,-1,-0.01,-1,-1,-0.01,-1,-1
99926009,2026-05-18 14:51:09+05:30,53379.2,0,0.0,0,0.0,0.0,53282.15,53619.2,52783.45,53710.35,0,0.0,0.0,0.0,0.0,-0.01,-1,-1,-0.01,-1,-1,-0.01,-1,-1,-0.01,-1,-1,-0.01,-1,-1,-0.01,-1,-1,-0.01,-1,-1,-0.01,-1,-1,-0.01,-1,-1,-0.01,-1,-1
99926009,2026-05-18 14:51:10+05:30,53375.3,0,0.0,0,0.0,0.0,53282.15,53619.2,52783.45,53710.35,0,0.0,0.0,0.0,0.0,-0.01,-1,-1,-0.01,-1,-1,-0.01,-1,-1,-0.01,-1,-1,-0.01,-1,-1,-0.01,-1,-1,-0.01,-1,-1,-0.01,-1,-1,-0.01,-1,-1,-0.01,-1,-1
99926009,2026-05-18 14:51:10+05:30,53376.15,0,0.0,0,0.0,0.0,53282.15,53619.2,52783.45,53710.35,0,0.0,0.0,0.0,0.0,-0.01,-1,-1,-0.01,-1,-1,-0.01,-1,-1,-0.01,-1,-1,-0.01,-1,-1,-0.01,-1,-1,-0.01,-1,-1,-0.01,-1,-1,-0.01,-1,-1,-0.01,-1,-1
99926009,2026-05-18 14:51:11+05:30,53379.35,0,0.0,0,0.0,0.0,53282.15,53619.2,52783.45,53710.35,0,0.0,0.0,0.0,0.0,-0.01,-1,-1,-0.01,-1,-1,-0.01,-1,-1,-0.01,-1,-1,-0.01,-1,-1,-0.01,-1,-1,-0.01,-1,-1,-0.01,-1,-1,-0.01,-1,-1,-0.01,-1,-1
99926009,2026-05-18 14:51:11+05:30,53377.9,0,0.0,0,0.0,0.0,53282.15,53619.2,52783.45,53710.35,0,0.0,0.0,0.0,0.0,-0.01,-1,-1,-0.01,-1,-1,-0.01,-1,-1,-0.01,-1,-1,-0.01,-1,-1,-0.01,-1,-1,-0.01,-1,-1,-0.01,-1,-1,-0.01,-1,-1,-0.01,-1,-1
99926009,2026-05-18 14:51:12+05:30,53380.6,0,0.0,0,0.0,0.0,53282.15,53619.2,52783.45,53710.35,0,0.0,0.0,0.0,0.0,-0.01,-1,-1,-0.01,-1,-1,-0.01,-1,-1,-0.01,-1,-1,-0.01,-1,-1,-0.01,-1,-1,-0.01,-1,-1,-0.01,-1,-1,-0.01,-1,-1,-0.01,-1,-1
99926009,2026-05-18 14:51:12+05:30,53377.85,0,0.0,0,0.0,0.0,53282.15,53619.2,52783.45,53710.35,0,0.0,0.0,0.0,0.0,-0.01,-1,-1,-0.01,-1,-1,-0.01,-1,-1,-0.01,-1,-1,-0.01,-1,-1,-0.01,-1,-1,-0.01,-1,-1,-0.01,-1,-1,-0.01,-1,-1,-0.01,-1,-1
99926009,2026-05-18 14:51:13+05:30,53375.45,0,0.0,0,0.0,0.0,53282.15,53619.2,52783.45,53710.35,0,0.0,0.0,0.0,0.0,-0.01,-1,-1,-0.01,-1,-1,-0.01,-1,-1,-0.01,-1,-1,-0.01,-1,-1,-0.01,-1,-1,-0.01,-1,-1,-0.01,-1,-1,-0.01,-1,-1,-0.01,-1,-1
99926009,2026-05-18 14:51:13+05:30,53373.6,0,0.0,0,0.0,0.0,53282.15,53619.2,52783.45,53710.35,0,0.0,0.0,0.0,0.0,-0.01,-1,-1,-0.01,-1,-1,-0.01,-1,-1,-0.01,-1,-1,-0.01,-1,-1,-0.01,-1,-1,-0.01,-1,-1,-0.01,-1,-1,-0.01,-1,-1,-0.01,-1,-1
99926009,2026-05-18 14:51:14+05:30,53375.65,0,0.0,0,0.0,0.0,53282.15,53619.2,52783.45,53710.35,0,0.0,0.0,0.0,0.0,-0.01,-1,-1,-0.01,-1,-1,-0.01,-1,-1,-0.01,-1,-1,-0.01,-1,-1,-0.01,-1,-1,-0.01,-1,-1,-0.01,-1,-1,-0.01,-1,-1,-0.01,-1,-1
99926009,2026-05-18 14:51:14+05:30,53375.2,0,0.0,0,0.0,0.0,53282.15,53619.2,52783.45,53710.35,0,0.0,0.0,0.0,0.0,-0.01,-1,-1,-0.01,-1,-1,-0.01,-1,-1,-0.01,-1,-1,-0.01,-1,-1,-0.01,-1,-1,-0.01,-1,-1,-0.01,-1,-1,-0.01,-1,-1,-0.01,-1,-1
99926009,2026-05-18 14:51:15+05:30,53372.5,0,0.0,0,0.0,0.0,53282.15,53619.2,52783.45,53710.35,0,0.0,0.0,0.0,0.0,-0.01,-1,-1,-0.01,-1,-1,-0.01,-1,-1,-0.01,-1,-1,-0.01,-1,-1,-0.01,-1,-1,-0.01,-1,-1,-0.01,-1,-1,-0.01,-1,-1,-0.01,-1,-1
99926009,2026-05-18 14:51:15+05:30,53374.9,0,0.0,0,0.0,0.0,53282.15,53619.2,52783.45,53710.35,0,0.0,0.0,0.0,0.0,-0.01,-1,-1,-0.01,-1,-1,-0.01,-1,-1,-0.01,-1,-1,-0.01,-1,-1,-0.01,-1,-1,-0.01,-1,-1,-0.01,-1,-1,-0.01,-1,-1,-0.01,-1,-1
99926009,2026-05-18 14:51:16+05:30,53374.65,0,0.0,0,0.0,0.0,53282.15,53619.2,52783.45,53710.35,0,0.0,0.0,0.0,0.0,-0.01,-1,-1,-0.01,-1,-1,-0.01,-1,-1,-0.01,-1,-1,-0.01,-1,-1,-0.01,-1,-1,-0.01,-1,-1,-0.01,-1,-1,-0.01,-1,-1,-0.01,-1,-1
99926009,2026-05-18 14:51:16+05:30,53374.75,0,0.0,0,0.0,0.0,53282.15,53619.2,52783.45,53710.35,0,0.0,0.0,0.0,0.0,-0.01,-1,-1,-0.01,-1,-1,-0.01,-1,-1,-0.01,-1,-1,-0.01,-1,-1,-0.01,-1,-1,-0.01,-1,-1,-0.01,-1,-1,-0.01,-1,-1,-0.01,-1,-1
99926009,2026-05-18 14:51:17+05:30,53374.1,0,0.0,0,0.0,0.0,53282.15,53619.2,52783.45,53710.35,0,0.0,0.0,0.0,0.0,-0.01,-1,-1,-0.01,-1,-1,-0.01,-1,-1,-0.01,-1,-1,-0.01,-1,-1,-0.01,-1,-1,-0.01,-1,-1,-0.01,-1,-1,-0.01,-1,-1,-0.01,-1,-1
99926009,2026-05-18 14:51:17+05:30,53374.35,0,0.0,0,0.0,0.0,53282.15,53619.2,52783.45,53710.35,0,0.0,0.0,0.0,0.0,-0.01,-1,-1,-0.01,-1,-1,-0.01,-1,-1,-0.01,-1,-1,-0.01,-1,-1,-0.01,-1,-1,-0.01,-1,-1,-0.01,-1,-1,-0.01,-1,-1,-0.01,-1,-1
99926009,2026-05-18 14:51:18+05:30,53371.35,0,0.0,0,0.0,0.0,53282.15,53619.2,52783.45,53710.35,0,0.0,0.0,0.0,0.0,-0.01,-1,-1,-0.01,-1,-1,-0.01,-1,-1,-0.01,-1,-1,-0.01,-1,-1,-0.01,-1,-1,-0.01,-1,-1,-0.01,-1,-1,-0.01,-1,-1,-0.01,-1,-1
99926009,2026-05-18 14:51:18+05:30,53375.6,0,0.0,0,0.0,0.0,53282.15,53619.2,52783.45,53710.35,0,0.0,0.0,0.0,0.0,-0.01,-1,-1,-0.01,-1,-1,-0.01,-1,-1,-0.01,-1,-1,-0.01,-1,-1,-0.01,-1,-1,-0.01,-1,-1,-0.01,-1,-1,-0.01,-1,-1,-0.01,-1,-1
99926009,2026-05-18 14:51:19+05:30,53376.5,0,0.0,0,0.0,0.0,53282.15,53619.2,52783.45,53710.35,0,0.0,0.0,0.0,0.0,-0.01,-1,-1,-0.01,-1,-1,-0.01,-1,-1,-0.01,-1,-1,-0.01,-1,-1,-0.01,-1,-1,-0.01,-1,-1,-0.01,-1,-1,-0.01,-1,-1,-0.01,-1,-1
99926009,2026-05-18 14:51:19+05:30,53375.5,0,0.0,0,0.0,0.0,53282.15,53619.2,52783.45,53710.35,0,0.0,0.0,0.0,0.0,-0.01,-1,-1,-0.01,-1,-1,-0.01,-1,-1,-0.01,-1,-1,-0.01,-1,-1,-0.01,-1,-1,-0.01,-1,-1,-0.01,-1,-1,-0.01,-1,-1,-0.01,-1,-1
99926009,2026-05-18 14:51:20+05:30,53375.6,0,0.0,0,0.0,0.0,53282.15,53619.2,52783.45,53710.35,0,0.0,0.0,0.0,0.0,-0.01,-1,-1,-0.01,-1,-1,-0.01,-1,-1,-0.01,-1,-1,-0.01,-1,-1,-0.01,-1,-1,-0.01,-1,-1,-0.01,-1,-1,-0.01,-1,-1,-0.01,-1,-1
99926009,2026-05-18 14:51:20+05:30,53369.8,0,0.0,0,0.0,0.0,53282.15,53619.2,52783.45,53710.35,0,0.0,0.0,0.0,0.0,-0.01,-1,-1,-0.01,-1,-1,-0.01,-1,-1,-0.01,-1,-1,-0.01,-1,-1,-0.01,-1,-1,-0.01,-1,-1,-0.01,-1,-1,-0.01,-1,-1,-0.01,-1,-1
99926009,2026-05-18 14:51:21+05:30,53371.1,0,0.0,0,0.0,0.0,53282.15,53619.2,52783.45,53710.35,0,0.0,0.0,0.0,0.0,-0.01,-1,-1,-0.01,-1,-1,-0.01,-1,-1,-0.01,-1,-1,-0.01,-1,-1,-0.01,-1,-1,-0.01,-1,-1,-0.01,-1,-1,-0.01,-1,-1,-0.01,-1,-1
99926009,2026-05-18 14:51:21+05:30,53372.65,0,0.0,0,0.0,0.0,53282.15,53619.2,52783.45,53710.35,0,0.0,0.0,0.0,0.0,-0.01,-1,-1,-0.01,-1,-1,-0.01,-1,-1,-0.01,-1,-1,-0.01,-1,-1,-0.01,-1,-1,-0.01,-1,-1,-0.01,-1,-1,-0.01,-1,-1,-0.01,-1,-1
99926009,2026-05-18 14:51:22+05:30,53373.45,0,0.0,0,0.0,0.0,53282.15,53619.2,52783.45,53710.35,0,0.0,0.0,0.0,0.0,-0.01,-1,-1,-0.01,-1,-1,-0.01,-1,-1,-0.01,-1,-1,-0.01,-1,-1,-0.01,-1,-1,-0.01,-1,-1,-0.01,-1,-1,-0.01,-1,-1,-0.01,-1,-1
99926009,2026-05-18 14:51:22+05:30,53372.1,0,0.0,0,0.0,0.0,53282.15,53619.2,52783.45,53710.35,0,0.0,0.0,0.0,0.0,-0.01,-1,-1,-0.01,-1,-1,-0.01,-1,-1,-0.01,-1,-1,-0.01,-1,-1,-0.01,-1,-1,-0.01,-1,-1,-0.01,-1,-1,-0.01,-1,-1,-0.01,-1,-1
99926009,2026-05-18 14:51:23+05:30,53370.95,0,0.0,0,0.0,0.0,53282.15,53619.2,52783.45,53710.35,0,0.0,0.0,0.0,0.0,-0.01,-1,-1,-0.01,-1,-1,-0.01,-1,-1,-0.01,-1,-1,-0.01,-1,-1,-0.01,-1,-1,-0.01,-1,-1,-0.01,-1,-1,-0.01,-1,-1,-0.01,-1,-1
99926009,2026-05-18 14:51:23+05:30,53370.25,0,0.0,0,0.0,0.0,53282.15,53619.2,52783.45,53710.35,0,0.0,0.0,0.0,0.0,-0.01,-1,-1,-0.01,-1,-1,-0.01,-1,-1,-0.01,-1,-1,-0.01,-1,-1,-0.01,-1,-1,-0.01,-1,-1,-0.01,-1,-1,-0.01,-1,-1,-0.01,-1,-1
99926009,2026-05-18 14:51:24+05:30,53373.3,0,0.0,0,0.0,0.0,53282.15,53619.2,52783.45,53710.35,0,0.0,0.0,0.0,0.0,-0.01,-1,-1,-0.01,-1,-1,-0.01,-1,-1,-0.01,-1,-1,-0.01,-1,-1,-0.01,-1,-1,-0.01,-1,-1,-0.01,-1,-1,-0.01,-1,-1,-0.01,-1,-1
99926009,2026-05-18 14:51:24+05:30,53369.9,0,0.0,0,0.0,0.0,53282.15,53619.2,52783.45,53710.35,0,0.0,0.0,0.0,0.0,-0.01,-1,-1,-0.01,-1,-1,-0.01,-1,-1,-0.01,-1,-1,-0.01,-1,-1,-0.01,-1,-1,-0.01,-1,-1,-0.01,-1,-1,-0.01,-1,-1,-0.01,-1,-1
99926009,2026-05-18 14:51:25+05:30,53368.5,0,0.0,0,0.0,0.0,53282.15,53619.2,52783.45,53710.35,0,0.0,0.0,0.0,0.0,-0.01,-1,-1,-0.01,-1,-1,-0.01,-1,-1,-0.01,-1,-1,-0.01,-1,-1,-0.01,-1,-1,-0.01,-1,-1,-0.01,-1,-1,-0.01,-1,-1,-0.01,-1,-1
99926009,2026-05-18 14:51:25+05:30,53370.55,0,0.0,0,0.0,0.0,53282.15,53619.2,52783.45,53710.35,0,0.0,0.0,0.0,0.0,-0.01,-1,-1,-0.01,-1,-1,-0.01,-1,-1,-0.01,-1,-1,-0.01,-1,-1,-0.01,-1,-1,-0.01,-1,-1,-0.01,-1,-1,-0.01,-1,-1,-0.01,-1,-1
99926009,2026-05-18 14:51:26+05:30,53370.0,0,0.0,0,0.0,0.0,53282.15,53619.2,52783.45,53710.35,0,0.0,0.0,0.0,0.0,-0.01,-1,-1,-0.01,-1,-1,-0.01,-1,-1,-0.01,-1,-1,-0.01,-1,-1,-0.01,-1,-1,-0.01,-1,-1,-0.01,-1,-1,-0.01,-1,-1,-0.01,-1,-1
99926009,2026-05-18 14:51:26+05:30,53366.1,0,0.0,0,0.0,0.0,53282.15,53619.2,52783.45,53710.35,0,0.0,0.0,0.0,0.0,-0.01,-1,-1,-0.01,-1,-1,-0.01,-1,-1,-0.01,-1,-1,-0.01,-1,-1,-0.01,-1,-1,-0.01,-1,-1,-0.01,-1,-1,-0.01,-1,-1,-0.01,-1,-1
99926009,2026-05-18 14:51:27+05:30,53370.35,0,0.0,0,0.0,0.0,53282.15,53619.2,52783.45,53710.35,0,0.0,0.0,0.0,0.0,-0.01,-1,-1,-0.01,-1,-1,-0.01,-1,-1,-0.01,-1,-1,-0.01,-1,-1,-0.01,-1,-1,-0.01,-1,-1,-0.01,-1,-1,-0.01,-1,-1,-0.01,-1,-1
99926009,2026-05-18 14:51:27+05:30,53365.3,0,0.0,0,0.0,0.0,53282.15,53619.2,52783.45,53710.35,0,0.0,0.0,0.0,0.0,-0.01,-1,-1,-0.01,-1,-1,-0.01,-1,-1,-0.01,-1,-1,-0.01,-1,-1,-0.01,-1,-1,-0.01,-1,-1,-0.01,-1,-1,-0.01,-1,-1,-0.01,-1,-1
99926009,2026-05-18 14:51:28+05:30,53374.65,0,0.0,0,0.0,0.0,53282.15,53619.2,52783.45,53710.35,0,0.0,0.0,0.0,0.0,-0.01,-1,-1,-0.01,-1,-1,-0.01,-1,-1,-0.01,-1,-1,-0.01,-1,-1,-0.01,-1,-1,-0.01,-1,-1,-0.01,-1,-1,-0.01,-1,-1,-0.01,-1,-1
99926009,2026-05-18 14:51:28+05:30,53374.15,0,0.0,0,0.0,0.0,53282.15,53619.2,52783.45,53710.35,0,0.0,0.0,0.0,0.0,-0.01,-1,-1,-0.01,-1,-1,-0.01,-1,-1,-0.01,-1,-1,-0.01,-1,-1,-0.01,-1,-1,-0.01,-1,-1,-0.01,-1,-1,-0.01,-1,-1,-0.01,-1,-1
99926009,2026-05-18 14:51:29+05:30,53376.55,0,0.0,0,0.0,0.0,53282.15,53619.2,52783.45,53710.35,0,0.0,0.0,0.0,0.0,-0.01,-1,-1,-0.01,-1,-1,-0.01,-1,-1,-0.01,-1,-1,-0.01,-1,-1,-0.01,-1,-1,-0.01,-1,-1,-0.01,-1,-1,-0.01,-1,-1,-0.01,-1,-1
99926009,2026-05-18 14:51:29+05:30,53374.2,0,0.0,0,0.0,0.0,53282.15,53619.2,52783.45,53710.35,0,0.0,0.0,0.0,0.0,-0.01,-1,-1,-0.01,-1,-1,-0.01,-1,-1,-0.01,-1,-1,-0.01,-1,-1,-0.01,-1,-1,-0.01,-1,-1,-0.01,-1,-1,-0.01,-1,-1,-0.01,-1,-1
99926009,2026-05-18 14:51:30+05:30,53372.55,0,0.0,0,0.0,0.0,53282.15,53619.2,52783.45,53710.35,0,0.0,0.0,0.0,0.0,-0.01,-1,-1,-0.01,-1,-1,-0.01,-1,-1,-0.01,-1,-1,-0.01,-1,-1,-0.01,-1,-1,-0.01,-1,-1,-0.01,-1,-1,-0.01,-1,-1,-0.01,-1,-1
99926009,2026-05-18 14:51:30+05:30,53374.1,0,0.0,0,0.0,0.0,53282.15,53619.2,52783.45,53710.35,0,0.0,0.0,0.0,0.0,-0.01,-1,-1,-0.01,-1,-1,-0.01,-1,-1,-0.01,-1,-1,-0.01,-1,-1,-0.01,-1,-1,-0.01,-1,-1,-0.01,-1,-1,-0.01,-1,-1,-0.01,-1,-1
99926009,2026-05-18 14:51:31+05:30,53372.8,0,0.0,0,0.0,0.0,53282.15,53619.2,52783.45,53710.35,0,0.0,0.0,0.0,0.0,-0.01,-1,-1,-0.01,-1,-1,-0.01,-1,-1,-0.01,-1,-1,-0.01,-1,-1,-0.01,-1,-1,-0.01,-1,-1,-0.01,-1,-1,-0.01,-1,-1,-0.01,-1,-1
99926009,2026-05-18 14:51:31+05:30,53370.65,0,0.0,0,0.0,0.0,53282.15,53619.2,52783.45,53710.35,0,0.0,0.0,0.0,0.0,-0.01,-1,-1,-0.01,-1,-1,-0.01,-1,-1,-0.01,-1,-1,-0.01,-1,-1,-0.01,-1,-1,-0.01,-1,-1,-0.01,-1,-1,-0.01,-1,-1,-0.01,-1,-1
99926009,2026-05-18 14:51:32+05:30,53371.55,0,0.0,0,0.0,0.0,53282.15,53619.2,52783.45,53710.35,0,0.0,0.0,0.0,0.0,-0.01,-1,-1,-0.01,-1,-1,-0.01,-1,-1,-0.01,-1,-1,-0.01,-1,-1,-0.01,-1,-1,-0.01,-1,-1,-0.01,-1,-1,-0.01,-1,-1,-0.01,-1,-1
99926009,2026-05-18 14:51:32+05:30,53371.55,0,0.0,0,0.0,0.0,53282.15,53619.2,52783.45,53710.35,0,0.0,0.0,0.0,0.0,-0.01,-1,-1,-0.01,-1,-1,-0.01,-1,-1,-0.01,-1,-1,-0.01,-1,-1,-0.01,-1,-1,-0.01,-1,-1,-0.01,-1,-1,-0.01,-1,-1,-0.01,-1,-1
99926009,2026-05-18 14:51:33+05:30,53371.4,0,0.0,0,0.0,0.0,53282.15,53619.2,52783.45,53710.35,0,0.0,0.0,0.0,0.0,-0.01,-1,-1,-0.01,-1,-1,-0.01,-1,-1,-0.01,-1,-1,-0.01,-1,-1,-0.01,-1,-1,-0.01,-1,-1,-0.01,-1,-1,-0.01,-1,-1,-0.01,-1,-1
99926009,2026-05-18 14:51:33+05:30,53370.15,0,0.0,0,0.0,0.0,53282.15,53619.2,52783.45,53710.35,0,0.0,0.0,0.0,0.0,-0.01,-1,-1,-0.01,-1,-1,-0.01,-1,-1,-0.01,-1,-1,-0.01,-1,-1,-0.01,-1,-1,-0.01,-1,-1,-0.01,-1,-1,-0.01,-1,-1,-0.01,-1,-1
99926009,2026-05-18 14:51:34+05:30,53370.2,0,0.0,0,0.0,0.0,53282.15,53619.2,52783.45,53710.35,0,0.0,0.0,0.0,0.0,-0.01,-1,-1,-0.01,-1,-1,-0.01,-1,-1,-0.01,-1,-1,-0.01,-1,-1,-0.01,-1,-1,-0.01,-1,-1,-0.01,-1,-1,-0.01,-1,-1,-0.01,-1,-1
99926009,2026-05-18 14:51:34+05:30,53372.05,0,0.0,0,0.0,0.0,53282.15,53619.2,52783.45,53710.35,0,0.0,0.0,0.0,0.0,-0.01,-1,-1,-0.01,-1,-1,-0.01,-1,-1,-0.01,-1,-1,-0.01,-1,-1,-0.01,-1,-1,-0.01,-1,-1,-0.01,-1,-1,-0.01,-1,-1,-0.01,-1,-1
99926009,2026-05-18 14:51:35+05:30,53370.3,0,0.0,0,0.0,0.0,53282.15,53619.2,52783.45,53710.35,0,0.0,0.0,0.0,0.0,-0.01,-1,-1,-0.01,-1,-1,-0.01,-1,-1,-0.01,-1,-1,-0.01,-1,-1,-0.01,-1,-1,-0.01,-1,-1,-0.01,-1,-1,-0.01,-1,-1,-0.01,-1,-1
99926009,2026-05-18 14:51:35+05:30,53374.95,0,0.0,0,0.0,0.0,53282.15,53619.2,52783.45,53710.35,0,0.0,0.0,0.0,0.0,-0.01,-1,-1,-0.01,-1,-1,-0.01,-1,-1,-0.01,-1,-1,-0.01,-1,-1,-0.01,-1,-1,-0.01,-1,-1,-0.01,-1,-1,-0.01,-1,-1,-0.01,-1,-1
99926009,2026-05-18 14:51:36+05:30,53374.3,0,0.0,0,0.0,0.0,53282.15,53619.2,52783.45,53710.35,0,0.0,0.0,0.0,0.0,-0.01,-1,-1,-0.01,-1,-1,-0.01,-1,-1,-0.01,-1,-1,-0.01,-1,-1,-0.01,-1,-1,-0.01,-1,-1,-0.01,-1,-1,-0.01,-1,-1,-0.01,-1,-1
99926009,2026-05-18 14:51:36+05:30,53377.3,0,0.0,0,0.0,0.0,53282.15,53619.2,52783.45,53710.35,0,0.0,0.0,0.0,0.0,-0.01,-1,-1,-0.01,-1,-1,-0.01,-1,-1,-0.01,-1,-1,-0.01,-1,-1,-0.01,-1,-1,-0.01,-1,-1,-0.01,-1,-1,-0.01,-1,-1,-0.01,-1,-1
99926009,2026-05-18 14:51:37+05:30,53378.4,0,0.0,0,0.0,0.0,53282.15,53619.2,52783.45,53710.35,0,0.0,0.0,0.0,0.0,-0.01,-1,-1,-0.01,-1,-1,-0.01,-1,-1,-0.01,-1,-1,-0.01,-1,-1,-0.01,-1,-1,-0.01,-1,-1,-0.01,-1,-1,-0.01,-1,-1,-0.01,-1,-1
99926009,2026-05-18 14:51:37+05:30,53375.6,0,0.0,0,0.0,0.0,53282.15,53619.2,52783.45,53710.35,0,0.0,0.0,0.0,0.0,-0.01,-1,-1,-0.01,-1,-1,-0.01,-1,-1,-0.01,-1,-1,-0.01,-1,-1,-0.01,-1,-1,-0.01,-1,-1,-0.01,-1,-1,-0.01,-1,-1,-0.01,-1,-1
99926009,2026-05-18 14:51:38+05:30,53370.7,0,0.0,0,0.0,0.0,53282.15,53619.2,52783.45,53710.35,0,0.0,0.0,0.0,0.0,-0.01,-1,-1,-0.01,-1,-1,-0.01,-1,-1,-0.01,-1,-1,-0.01,-1,-1,-0.01,-1,-1,-0.01,-1,-1,-0.01,-1,-1,-0.01,-1,-1,-0.01,-1,-1
99926009,2026-05-18 14:51:38+05:30,53373.1,0,0.0,0,0.0,0.0,53282.15,53619.2,52783.45,53710.35,0,0.0,0.0,0.0,0.0,-0.01,-1,-1,-0.01,-1,-1,-0.01,-1,-1,-0.01,-1,-1,-0.01,-1,-1,-0.01,-1,-1,-0.01,-1,-1,-0.01,-1,-1,-0.01,-1,-1,-0.01,-1,-1
99926009,2026-05-18 14:51:39+05:30,53371.8,0,0.0,0,0.0,0.0,53282.15,53619.2,52783.45,53710.35,0,0.0,0.0,0.0,0.0,-0.01,-1,-1,-0.01,-1,-1,-0.01,-1,-1,-0.01,-1,-1,-0.01,-1,-1,-0.01,-1,-1,-0.01,-1,-1,-0.01,-1,-1,-0.01,-1,-1,-0.01,-1,-1
99926009,2026-05-18 14:51:39+05:30,53372.2,0,0.0,0,0.0,0.0,53282.15,53619.2,52783.45,53710.35,0,0.0,0.0,0.0,0.0,-0.01,-1,-1,-0.01,-1,-1,-0.01,-1,-1,-0.01,-1,-1,-0.01,-1,-1,-0.01,-1,-1,-0.01,-1,-1,-0.01,-1,-1,-0.01,-1,-1,-0.01,-1,-1
99926009,2026-05-18 14:51:40+05:30,53371.0,0,0.0,0,0.0,0.0,53282.15,53619.2,52783.45,53710.35,0,0.0,0.0,0.0,0.0,-0.01,-1,-1,-0.01,-1,-1,-0.01,-1,-1,-0.01,-1,-1,-0.01,-1,-1,-0.01,-1,-1,-0.01,-1,-1,-0.01,-1,-1,-0.01,-1,-1,-0.01,-1,-1
99926009,2026-05-18 14:51:40+05:30,53370.05,0,0.0,0,0.0,0.0,53282.15,53619.2,52783.45,53710.35,0,0.0,0.0,0.0,0.0,-0.01,-1,-1,-0.01,-1,-1,-0.01,-1,-1,-0.01,-1,-1,-0.01,-1,-1,-0.01,-1,-1,-0.01,-1,-1,-0.01,-1,-1,-0.01,-1,-1,-0.01,-1,-1
99926009,2026-05-18 14:51:41+05:30,53370.1,0,0.0,0,0.0,0.0,53282.15,53619.2,52783.45,53710.35,0,0.0,0.0,0.0,0.0,-0.01,-1,-1,-0.01,-1,-1,-0.01,-1,-1,-0.01,-1,-1,-0.01,-1,-1,-0.01,-1,-1,-0.01,-1,-1,-0.01,-1,-1,-0.01,-1,-1,-0.01,-1,-1
99926009,2026-05-18 14:51:41+05:30,53371.1,0,0.0,0,0.0,0.0,53282.15,53619.2,52783.45,53710.35,0,0.0,0.0,0.0,0.0,-0.01,-1,-1,-0.01,-1,-1,-0.01,-1,-1,-0.01,-1,-1,-0.01,-1,-1,-0.01,-1,-1,-0.01,-1,-1,-0.01,-1,-1,-0.01,-1,-1,-0.01,-1,-1
99926009,2026-05-18 14:51:42+05:30,53370.2,0,0.0,0,0.0,0.0,53282.15,53619.2,52783.45,53710.35,0,0.0,0.0,0.0,0.0,-0.01,-1,-1,-0.01,-1,-1,-0.01,-1,-1,-0.01,-1,-1,-0.01,-1,-1,-0.01,-1,-1,-0.01,-1,-1,-0.01,-1,-1,-0.01,-1,-1,-0.01,-1,-1
99926009,2026-05-18 14:51:42+05:30,53371.35,0,0.0,0,0.0,0.0,53282.15,53619.2,52783.45,53710.35,0,0.0,0.0,0.0,0.0,-0.01,-1,-1,-0.01,-1,-1,-0.01,-1,-1,-0.01,-1,-1,-0.01,-1,-1,-0.01,-1,-1,-0.01,-1,-1,-0.01,-1,-1,-0.01,-1,-1,-0.01,-1,-1
99926009,2026-05-18 14:51:43+05:30,53370.15,0,0.0,0,0.0,0.0,53282.15,53619.2,52783.45,53710.35,0,0.0,0.0,0.0,0.0,-0.01,-1,-1,-0.01,-1,-1,-0.01,-1,-1,-0.01,-1,-1,-0.01,-1,-1,-0.01,-1,-1,-0.01,-1,-1,-0.01,-1,-1,-0.01,-1,-1,-0.01,-1,-1
99926009,2026-05-18 14:51:43+05:30,53370.65,0,0.0,0,0.0,0.0,53282.15,53619.2,52783.45,53710.35,0,0.0,0.0,0.0,0.0,-0.01,-1,-1,-0.01,-1,-1,-0.01,-1,-1,-0.01,-1,-1,-0.01,-1,-1,-0.01,-1,-1,-0.01,-1,-1,-0.01,-1,-1,-0.01,-1,-1,-0.01,-1,-1
99926009,2026-05-18 14:51:44+05:30,53370.9,0,0.0,0,0.0,0.0,53282.15,53619.2,52783.45,53710.35,0,0.0,0.0,0.0,0.0,-0.01,-1,-1,-0.01,-1,-1,-0.01,-1,-1,-0.01,-1,-1,-0.01,-1,-1,-0.01,-1,-1,-0.01,-1,-1,-0.01,-1,-1,-0.01,-1,-1,-0.01,-1,-1
99926009,2026-05-18 14:51:44+05:30,53371.05,0,0.0,0,0.0,0.0,53282.15,53619.2,52783.45,53710.35,0,0.0,0.0,0.0,0.0,-0.01,-1,-1,-0.01,-1,-1,-0.01,-1,-1,-0.01,-1,-1,-0.01,-1,-1,-0.01,-1,-1,-0.01,-1,-1,-0.01,-1,-1,-0.01,-1,-1,-0.01,-1,-1
99926009,2026-05-18 14:51:45+05:30,53369.8,0,0.0,0,0.0,0.0,53282.15,53619.2,52783.45,53710.35,0,0.0,0.0,0.0,0.0,-0.01,-1,-1,-0.01,-1,-1,-0.01,-1,-1,-0.01,-1,-1,-0.01,-1,-1,-0.01,-1,-1,-0.01,-1,-1,-0.01,-1,-1,-0.01,-1,-1,-0.01,-1,-1
99926009,2026-05-18 14:51:45+05:30,53372.15,0,0.0,0,0.0,0.0,53282.15,53619.2,52783.45,53710.35,0,0.0,0.0,0.0,0.0,-0.01,-1,-1,-0.01,-1,-1,-0.01,-1,-1,-0.01,-1,-1,-0.01,-1,-1,-0.01,-1,-1,-0.01,-1,-1,-0.01,-1,-1,-0.01,-1,-1,-0.01,-1,-1
99926009,2026-05-18 14:51:46+05:30,53370.8,0,0.0,0,0.0,0.0,53282.15,53619.2,52783.45,53710.35,0,0.0,0.0,0.0,0.0,-0.01,-1,-1,-0.01,-1,-1,-0.01,-1,-1,-0.01,-1,-1,-0.01,-1,-1,-0.01,-1,-1,-0.01,-1,-1,-0.01,-1,-1,-0.01,-1,-1,-0.01,-1,-1
99926009,2026-05-18 14:51:46+05:30,53370.35,0,0.0,0,0.0,0.0,53282.15,53619.2,52783.45,53710.35,0,0.0,0.0,0.0,0.0,-0.01,-1,-1,-0.01,-1,-1,-0.01,-1,-1,-0.01,-1,-1,-0.01,-1,-1,-0.01,-1,-1,-0.01,-1,-1,-0.01,-1,-1,-0.01,-1,-1,-0.01,-1,-1
99926009,2026-05-18 14:51:47+05:30,53374.25,0,0.0,0,0.0,0.0,53282.15,53619.2,52783.45,53710.35,0,0.0,0.0,0.0,0.0,-0.01,-1,-1,-0.01,-1,-1,-0.01,-1,-1,-0.01,-1,-1,-0.01,-1,-1,-0.01,-1,-1,-0.01,-1,-1,-0.01,-1,-1,-0.01,-1,-1,-0.01,-1,-1
99926009,2026-05-18 14:51:47+05:30,53369.4,0,0.0,0,0.0,0.0,53282.15,53619.2,52783.45,53710.35,0,0.0,0.0,0.0,0.0,-0.01,-1,-1,-0.01,-1,-1,-0.01,-1,-1,-0.01,-1,-1,-0.01,-1,-1,-0.01,-1,-1,-0.01,-1,-1,-0.01,-1,-1,-0.01,-1,-1,-0.01,-1,-1
99926009,2026-05-18 14:51:48+05:30,53371.25,0,0.0,0,0.0,0.0,53282.15,53619.2,52783.45,53710.35,0,0.0,0.0,0.0,0.0,-0.01,-1,-1,-0.01,-1,-1,-0.01,-1,-1,-0.01,-1,-1,-0.01,-1,-1,-0.01,-1,-1,-0.01,-1,-1,-0.01,-1,-1,-0.01,-1,-1,-0.01,-1,-1
99926009,2026-05-18 14:51:48+05:30,53369.05,0,0.0,0,0.0,0.0,53282.15,53619.2,52783.45,53710.35,0,0.0,0.0,0.0,0.0,-0.01,-1,-1,-0.01,-1,-1,-0.01,-1,-1,-0.01,-1,-1,-0.01,-1,-1,-0.01,-1,-1,-0.01,-1,-1,-0.01,-1,-1,-0.01,-1,-1,-0.01,-1,-1
99926009,2026-05-18 14:51:49+05:30,53373.0,0,0.0,0,0.0,0.0,53282.15,53619.2,52783.45,53710.35,0,0.0,0.0,0.0,0.0,-0.01,-1,-1,-0.01,-1,-1,-0.01,-1,-1,-0.01,-1,-1,-0.01,-1,-1,-0.01,-1,-1,-0.01,-1,-1,-0.01,-1,-1,-0.01,-1,-1,-0.01,-1,-1
99926009,2026-05-18 14:51:49+05:30,53370.7,0,0.0,0,0.0,0.0,53282.15,53619.2,52783.45,53710.35,0,0.0,0.0,0.0,0.0,-0.01,-1,-1,-0.01,-1,-1,-0.01,-1,-1,-0.01,-1,-1,-0.01,-1,-1,-0.01,-1,-1,-0.01,-1,-1,-0.01,-1,-1,-0.01,-1,-1,-0.01,-1,-1
99926009,2026-05-18 14:51:50+05:30,53369.8,0,0.0,0,0.0,0.0,53282.15,53619.2,52783.45,53710.35,0,0.0,0.0,0.0,0.0,-0.01,-1,-1,-0.01,-1,-1,-0.01,-1,-1,-0.01,-1,-1,-0.01,-1,-1,-0.01,-1,-1,-0.01,-1,-1,-0.01,-1,-1,-0.01,-1,-1,-0.01,-1,-1
99926009,2026-05-18 14:51:50+05:30,53372.6,0,0.0,0,0.0,0.0,53282.15,53619.2,52783.45,53710.35,0,0.0,0.0,0.0,0.0,-0.01,-1,-1,-0.01,-1,-1,-0.01,-1,-1,-0.01,-1,-1,-0.01,-1,-1,-0.01,-1,-1,-0.01,-1,-1,-0.01,-1,-1,-0.01,-1,-1,-0.01,-1,-1
99926009,2026-05-18 14:51:51+05:30,53372.45,0,0.0,0,0.0,0.0,53282.15,53619.2,52783.45,53710.35,0,0.0,0.0,0.0,0.0,-0.01,-1,-1,-0.01,-1,-1,-0.01,-1,-1,-0.01,-1,-1,-0.01,-1,-1,-0.01,-1,-1,-0.01,-1,-1,-0.01,-1,-1,-0.01,-1,-1,-0.01,-1,-1
99926009,2026-05-18 14:51:51+05:30,53371.8,0,0.0,0,0.0,0.0,53282.15,53619.2,52783.45,53710.35,0,0.0,0.0,0.0,0.0,-0.01,-1,-1,-0.01,-1,-1,-0.01,-1,-1,-0.01,-1,-1,-0.01,-1,-1,-0.01,-1,-1,-0.01,-1,-1,-0.01,-1,-1,-0.01,-1,-1,-0.01,-1,-1
99926009,2026-05-18 14:51:52+05:30,53371.9,0,0.0,0,0.0,0.0,53282.15,53619.2,52783.45,53710.35,0,0.0,0.0,0.0,0.0,-0.01,-1,-1,-0.01,-1,-1,-0.01,-1,-1,-0.01,-1,-1,-0.01,-1,-1,-0.01,-1,-1,-0.01,-1,-1,-0.01,-1,-1,-0.01,-1,-1,-0.01,-1,-1
99926009,2026-05-18 14:51:52+05:30,53370.0,0,0.0,0,0.0,0.0,53282.15,53619.2,52783.45,53710.35,0,0.0,0.0,0.0,0.0,-0.01,-1,-1,-0.01,-1,-1,-0.01,-1,-1,-0.01,-1,-1,-0.01,-1,-1,-0.01,-1,-1,-0.01,-1,-1,-0.01,-1,-1,-0.01,-1,-1,-0.01,-1,-1
99926009,2026-05-18 14:51:53+05:30,53370.15,0,0.0,0,0.0,0.0,53282.15,53619.2,52783.45,53710.35,0,0.0,0.0,0.0,0.0,-0.01,-1,-1,-0.01,-1,-1,-0.01,-1,-1,-0.01,-1,-1,-0.01,-1,-1,-0.01,-1,-1,-0.01,-1,-1,-0.01,-1,-1,-0.01,-1,-1,-0.01,-1,-1
99926009,2026-05-18 14:51:53+05:30,53369.2,0,0.0,0,0.0,0.0,53282.15,53619.2,52783.45,53710.35,0,0.0,0.0,0.0,0.0,-0.01,-1,-1,-0.01,-1,-1,-0.01,-1,-1,-0.01,-1,-1,-0.01,-1,-1,-0.01,-1,-1,-0.01,-1,-1,-0.01,-1,-1,-0.01,-1,-1,-0.01,-1,-1
99926009,2026-05-18 14:51:54+05:30,53370.9,0,0.0,0,0.0,0.0,53282.15,53619.2,52783.45,53710.35,0,0.0,0.0,0.0,0.0,-0.01,-1,-1,-0.01,-1,-1,-0.01,-1,-1,-0.01,-1,-1,-0.01,-1,-1,-0.01,-1,-1,-0.01,-1,-1,-0.01,-1,-1,-0.01,-1,-1,-0.01,-1,-1
99926009,2026-05-18 14:51:54+05:30,53371.6,0,0.0,0,0.0,0.0,53282.15,53619.2,52783.45,53710.35,0,0.0,0.0,0.0,0.0,-0.01,-1,-1,-0.01,-1,-1,-0.01,-1,-1,-0.01,-1,-1,-0.01,-1,-1,-0.01,-1,-1,-0.01,-1,-1,-0.01,-1,-1,-0.01,-1,-1,-0.01,-1,-1
99926009,2026-05-18 14:51:55+05:30,53373.7,0,0.0,0,0.0,0.0,53282.15,53619.2,52783.45,53710.35,0,0.0,0.0,0.0,0.0,-0.01,-1,-1,-0.01,-1,-1,-0.01,-1,-1,-0.01,-1,-1,-0.01,-1,-1,-0.01,-1,-1,-0.01,-1,-1,-0.01,-1,-1,-0.01,-1,-1,-0.01,-1,-1
99926009,2026-05-18 14:51:55+05:30,53373.5,0,0.0,0,0.0,0.0,53282.15,53619.2,52783.45,53710.35,0,0.0,0.0,0.0,0.0,-0.01,-1,-1,-0.01,-1,-1,-0.01,-1,-1,-0.01,-1,-1,-0.01,-1,-1,-0.01,-1,-1,-0.01,-1,-1,-0.01,-1,-1,-0.01,-1,-1,-0.01,-1,-1
99926009,2026-05-18 14:51:56+05:30,53373.3,0,0.0,0,0.0,0.0,53282.15,53619.2,52783.45,53710.35,0,0.0,0.0,0.0,0.0,-0.01,-1,-1,-0.01,-1,-1,-0.01,-1,-1,-0.01,-1,-1,-0.01,-1,-1,-0.01,-1,-1,-0.01,-1,-1,-0.01,-1,-1,-0.01,-1,-1,-0.01,-1,-1
99926009,2026-05-18 14:51:56+05:30,53374.0,0,0.0,0,0.0,0.0,53282.15,53619.2,52783.45,53710.35,0,0.0,0.0,0.0,0.0,-0.01,-1,-1,-0.01,-1,-1,-0.01,-1,-1,-0.01,-1,-1,-0.01,-1,-1,-0.01,-1,-1,-0.01,-1,-1,-0.01,-1,-1,-0.01,-1,-1,-0.01,-1,-1
99926009,2026-05-18 14:51:57+05:30,53375.05,0,0.0,0,0.0,0.0,53282.15,53619.2,52783.45,53710.35,0,0.0,0.0,0.0,0.0,-0.01,-1,-1,-0.01,-1,-1,-0.01,-1,-1,-0.01,-1,-1,-0.01,-1,-1,-0.01,-1,-1,-0.01,-1,-1,-0.01,-1,-1,-0.01,-1,-1,-0.01,-1,-1
99926009,2026-05-18 14:51:57+05:30,53373.65,0,0.0,0,0.0,0.0,53282.15,53619.2,52783.45,53710.35,0,0.0,0.0,0.0,0.0,-0.01,-1,-1,-0.01,-1,-1,-0.01,-1,-1,-0.01,-1,-1,-0.01,-1,-1,-0.01,-1,-1,-0.01,-1,-1,-0.01,-1,-1,-0.01,-1,-1,-0.01,-1,-1
99926009,2026-05-18 14:51:58+05:30,53374.35,0,0.0,0,0.0,0.0,53282.15,53619.2,52783.45,53710.35,0,0.0,0.0,0.0,0.0,-0.01,-1,-1,-0.01,-1,-1,-0.01,-1,-1,-0.01,-1,-1,-0.01,-1,-1,-0.01,-1,-1,-0.01,-1,-1,-0.01,-1,-1,-0.01,-1,-1,-0.01,-1,-1
99926009,2026-05-18 14:51:58+05:30,53374.85,0,0.0,0,0.0,0.0,53282.15,53619.2,52783.45,53710.35,0,0.0,0.0,0.0,0.0,-0.01,-1,-1,-0.01,-1,-1,-0.01,-1,-1,-0.01,-1,-1,-0.01,-1,-1,-0.01,-1,-1,-0.01,-1,-1,-0.01,-1,-1,-0.01,-1,-1,-0.01,-1,-1
99926009,2026-05-18 14:51:59+05:30,53375.5,0,0.0,0,0.0,0.0,53282.15,53619.2,52783.45,53710.35,0,0.0,0.0,0.0,0.0,-0.01,-1,-1,-0.01,-1,-1,-0.01,-1,-1,-0.01,-1,-1,-0.01,-1,-1,-0.01,-1,-1,-0.01,-1,-1,-0.01,-1,-1,-0.01,-1,-1,-0.01,-1,-1
99926009,2026-05-18 14:51:59+05:30,53374.45,0,0.0,0,0.0,0.0,53282.15,53619.2,52783.45,53710.35,0,0.0,0.0,0.0,0.0,-0.01,-1,-1,-0.01,-1,-1,-0.01,-1,-1,-0.01,-1,-1,-0.01,-1,-1,-0.01,-1,-1,-0.01,-1,-1,-0.01,-1,-1,-0.01,-1,-1,-0.01,-1,-1
99926009,2026-05-18 14:52:00+05:30,53374.55,0,0.0,0,0.0,0.0,53282.15,53619.2,52783.45,53710.35,0,0.0,0.0,0.0,0.0,-0.01,-1,-1,-0.01,-1,-1,-0.01,-1,-1,-0.01,-1,-1,-0.01,-1,-1,-0.01,-1,-1,-0.01,-1,-1,-0.01,-1,-1,-0.01,-1,-1,-0.01,-1,-1
99926009,2026-05-18 14:52:00+05:30,53377.25,0,0.0,0,0.0,0.0,53282.15,53619.2,52783.45,53710.35,0,0.0,0.0,0.0,0.0,-0.01,-1,-1,-0.01,-1,-1,-0.01,-1,-1,-0.01,-1,-1,-0.01,-1,-1,-0.01,-1,-1,-0.01,-1,-1,-0.01,-1,-1,-0.01,-1,-1,-0.01,-1,-1
99926009,2026-05-18 14:52:01+05:30,53372.95,0,0.0,0,0.0,0.0,53282.15,53619.2,52783.45,53710.35,0,0.0,0.0,0.0,0.0,-0.01,-1,-1,-0.01,-1,-1,-0.01,-1,-1,-0.01,-1,-1,-0.01,-1,-1,-0.01,-1,-1,-0.01,-1,-1,-0.01,-1,-1,-0.01,-1,-1,-0.01,-1,-1
99926009,2026-05-18 14:52:01+05:30,53375.25,0,0.0,0,0.0,0.0,53282.15,53619.2,52783.45,53710.35,0,0.0,0.0,0.0,0.0,-0.01,-1,-1,-0.01,-1,-1,-0.01,-1,-1,-0.01,-1,-1,-0.01,-1,-1,-0.01,-1,-1,-0.01,-1,-1,-0.01,-1,-1,-0.01,-1,-1,-0.01,-1,-1
99926009,2026-05-18 14:52:02+05:30,53373.9,0,0.0,0,0.0,0.0,53282.15,53619.2,52783.45,53710.35,0,0.0,0.0,0.0,0.0,-0.01,-1,-1,-0.01,-1,-1,-0.01,-1,-1,-0.01,-1,-1,-0.01,-1,-1,-0.01,-1,-1,-0.01,-1,-1,-0.01,-1,-1,-0.01,-1,-1,-0.01,-1,-1
99926009,2026-05-18 14:52:02+05:30,53371.9,0,0.0,0,0.0,0.0,53282.15,53619.2,52783.45,53710.35,0,0.0,0.0,0.0,0.0,-0.01,-1,-1,-0.01,-1,-1,-0.01,-1,-1,-0.01,-1,-1,-0.01,-1,-1,-0.01,-1,-1,-0.01,-1,-1,-0.01,-1,-1,-0.01,-1,-1,-0.01,-1,-1
99926009,2026-05-18 14:52:03+05:30,53371.1,0,0.0,0,0.0,0.0,53282.15,53619.2,52783.45,53710.35,0,0.0,0.0,0.0,0.0,-0.01,-1,-1,-0.01,-1,-1,-0.01,-1,-1,-0.01,-1,-1,-0.01,-1,-1,-0.01,-1,-1,-0.01,-1,-1,-0.01,-1,-1,-0.01,-1,-1,-0.01,-1,-1
99926009,2026-05-18 14:52:03+05:30,53368.95,0,0.0,0,0.0,0.0,53282.15,53619.2,52783.45,53710.35,0,0.0,0.0,0.0,0.0,-0.01,-1,-1,-0.01,-1,-1,-0.01,-1,-1,-0.01,-1,-1,-0.01,-1,-1,-0.01,-1,-1,-0.01,-1,-1,-0.01,-1,-1,-0.01,-1,-1,-0.01,-1,-1
99926009,2026-05-18 14:52:04+05:30,53372.9,0,0.0,0,0.0,0.0,53282.15,53619.2,52783.45,53710.35,0,0.0,0.0,0.0,0.0,-0.01,-1,-1,-0.01,-1,-1,-0.01,-1,-1,-0.01,-1,-1,-0.01,-1,-1,-0.01,-1,-1,-0.01,-1,-1,-0.01,-1,-1,-0.01,-1,-1,-0.01,-1,-1
99926009,2026-05-18 14:52:04+05:30,53369.75,0,0.0,0,0.0,0.0,53282.15,53619.2,52783.45,53710.35,0,0.0,0.0,0.0,0.0,-0.01,-1,-1,-0.01,-1,-1,-0.01,-1,-1,-0.01,-1,-1,-0.01,-1,-1,-0.01,-1,-1,-0.01,-1,-1,-0.01,-1,-1,-0.01,-1,-1,-0.01,-1,-1
99926009,2026-05-18 14:52:05+05:30,53370.6,0,0.0,0,0.0,0.0,53282.15,53619.2,52783.45,53710.35,0,0.0,0.0,0.0,0.0,-0.01,-1,-1,-0.01,-1,-1,-0.01,-1,-1,-0.01,-1,-1,-0.01,-1,-1,-0.01,-1,-1,-0.01,-1,-1,-0.01,-1,-1,-0.01,-1,-1,-0.01,-1,-1
99926009,2026-05-18 14:52:05+05:30,53372.25,0,0.0,0,0.0,0.0,53282.15,53619.2,52783.45,53710.35,0,0.0,0.0,0.0,0.0,-0.01,-1,-1,-0.01,-1,-1,-0.01,-1,-1,-0.01,-1,-1,-0.01,-1,-1,-0.01,-1,-1,-0.01,-1,-1,-0.01,-1,-1,-0.01,-1,-1,-0.01,-1,-1
99926009,2026-05-18 14:52:06+05:30,53370.2,0,0.0,0,0.0,0.0,53282.15,53619.2,52783.45,53710.35,0,0.0,0.0,0.0,0.0,-0.01,-1,-1,-0.01,-1,-1,-0.01,-1,-1,-0.01,-1,-1,-0.01,-1,-1,-0.01,-1,-1,-0.01,-1,-1,-0.01,-1,-1,-0.01,-1,-1,-0.01,-1,-1
99926009,2026-05-18 14:52:06+05:30,53374.95,0,0.0,0,0.0,0.0,53282.15,53619.2,52783.45,53710.35,0,0.0,0.0,0.0,0.0,-0.01,-1,-1,-0.01,-1,-1,-0.01,-1,-1,-0.01,-1,-1,-0.01,-1,-1,-0.01,-1,-1,-0.01,-1,-1,-0.01,-1,-1,-0.01,-1,-1,-0.01,-1,-1
99926009,2026-05-18 14:52:07+05:30,53374.05,0,0.0,0,0.0,0.0,53282.15,53619.2,52783.45,53710.35,0,0.0,0.0,0.0,0.0,-0.01,-1,-1,-0.01,-1,-1,-0.01,-1,-1,-0.01,-1,-1,-0.01,-1,-1,-0.01,-1,-1,-0.01,-1,-1,-0.01,-1,-1,-0.01,-1,-1,-0.01,-1,-1
99926009,2026-05-18 14:52:07+05:30,53373.25,0,0.0,0,0.0,0.0,53282.15,53619.2,52783.45,53710.35,0,0.0,0.0,0.0,0.0,-0.01,-1,-1,-0.01,-1,-1,-0.01,-1,-1,-0.01,-1,-1,-0.01,-1,-1,-0.01,-1,-1,-0.01,-1,-1,-0.01,-1,-1,-0.01,-1,-1,-0.01,-1,-1
99926009,2026-05-18 14:52:08+05:30,53372.75,0,0.0,0,0.0,0.0,53282.15,53619.2,52783.45,53710.35,0,0.0,0.0,0.0,0.0,-0.01,-1,-1,-0.01,-1,-1,-0.01,-1,-1,-0.01,-1,-1,-0.01,-1,-1,-0.01,-1,-1,-0.01,-1,-1,-0.01,-1,-1,-0.01,-1,-1,-0.01,-1,-1
99926009,2026-05-18 14:52:08+05:30,53381.1,0,0.0,0,0.0,0.0,53282.15,53619.2,52783.45,53710.35,0,0.0,0.0,0.0,0.0,-0.01,-1,-1,-0.01,-1,-1,-0.01,-1,-1,-0.01,-1,-1,-0.01,-1,-1,-0.01,-1,-1,-0.01,-1,-1,-0.01,-1,-1,-0.01,-1,-1,-0.01,-1,-1
99926009,2026-05-18 14:52:09+05:30,53377.2,0,0.0,0,0.0,0.0,53282.15,53619.2,52783.45,53710.35,0,0.0,0.0,0.0,0.0,-0.01,-1,-1,-0.01,-1,-1,-0.01,-1,-1,-0.01,-1,-1,-0.01,-1,-1,-0.01,-1,-1,-0.01,-1,-1,-0.01,-1,-1,-0.01,-1,-1,-0.01,-1,-1
99926009,2026-05-18 14:52:09+05:30,53378.15,0,0.0,0,0.0,0.0,53282.15,53619.2,52783.45,53710.35,0,0.0,0.0,0.0,0.0,-0.01,-1,-1,-0.01,-1,-1,-0.01,-1,-1,-0.01,-1,-1,-0.01,-1,-1,-0.01,-1,-1,-0.01,-1,-1,-0.01,-1,-1,-0.01,-1,-1,-0.01,-1,-1
99926009,2026-05-18 14:52:10+05:30,53376.55,0,0.0,0,0.0,0.0,53282.15,53619.2,52783.45,53710.35,0,0.0,0.0,0.0,0.0,-0.01,-1,-1,-0.01,-1,-1,-0.01,-1,-1,-0.01,-1,-1,-0.01,-1,-1,-0.01,-1,-1,-0.01,-1,-1,-0.01,-1,-1,-0.01,-1,-1,-0.01,-1,-1
99926009,2026-05-18 14:52:10+05:30,53378.95,0,0.0,0,0.0,0.0,53282.15,53619.2,52783.45,53710.35,0,0.0,0.0,0.0,0.0,-0.01,-1,-1,-0.01,-1,-1,-0.01,-1,-1,-0.01,-1,-1,-0.01,-1,-1,-0.01,-1,-1,-0.01,-1,-1,-0.01,-1,-1,-0.01,-1,-1,-0.01,-1,-1
99926009,2026-05-18 14:52:11+05:30,53377.7,0,0.0,0,0.0,0.0,53282.15,53619.2,52783.45,53710.35,0,0.0,0.0,0.0,0.0,-0.01,-1,-1,-0.01,-1,-1,-0.01,-1,-1,-0.01,-1,-1,-0.01,-1,-1,-0.01,-1,-1,-0.01,-1,-1,-0.01,-1,-1,-0.01,-1,-1,-0.01,-1,-1
99926009,2026-05-18 14:52:11+05:30,53376.45,0,0.0,0,0.0,0.0,53282.15,53619.2,52783.45,53710.35,0,0.0,0.0,0.0,0.0,-0.01,-1,-1,-0.01,-1,-1,-0.01,-1,-1,-0.01,-1,-1,-0.01,-1,-1,-0.01,-1,-1,-0.01,-1,-1,-0.01,-1,-1,-0.01,-1,-1,-0.01,-1,-1
99926009,2026-05-18 14:52:12+05:30,53376.35,0,0.0,0,0.0,0.0,53282.15,53619.2,52783.45,53710.35,0,0.0,0.0,0.0,0.0,-0.01,-1,-1,-0.01,-1,-1,-0.01,-1,-1,-0.01,-1,-1,-0.01,-1,-1,-0.01,-1,-1,-0.01,-1,-1,-0.01,-1,-1,-0.01,-1,-1,-0.01,-1,-1
99926009,2026-05-18 14:52:12+05:30,53378.9,0,0.0,0,0.0,0.0,53282.15,53619.2,52783.45,53710.35,0,0.0,0.0,0.0,0.0,-0.01,-1,-1,-0.01,-1,-1,-0.01,-1,-1,-0.01,-1,-1,-0.01,-1,-1,-0.01,-1,-1,-0.01,-1,-1,-0.01,-1,-1,-0.01,-1,-1,-0.01,-1,-1
99926009,2026-05-18 14:52:13+05:30,53378.5,0,0.0,0,0.0,0.0,53282.15,53619.2,52783.45,53710.35,0,0.0,0.0,0.0,0.0,-0.01,-1,-1,-0.01,-1,-1,-0.01,-1,-1,-0.01,-1,-1,-0.01,-1,-1,-0.01,-1,-1,-0.01,-1,-1,-0.01,-1,-1,-0.01,-1,-1,-0.01,-1,-1
99926009,2026-05-18 14:52:13+05:30,53377.7,0,0.0,0,0.0,0.0,53282.15,53619.2,52783.45,53710.35,0,0.0,0.0,0.0,0.0,-0.01,-1,-1,-0.01,-1,-1,-0.01,-1,-1,-0.01,-1,-1,-0.01,-1,-1,-0.01,-1,-1,-0.01,-1,-1,-0.01,-1,-1,-0.01,-1,-1,-0.01,-1,-1
99926009,2026-05-18 14:52:14+05:30,53381.15,0,0.0,0,0.0,0.0,53282.15,53619.2,52783.45,53710.35,0,0.0,0.0,0.0,0.0,-0.01,-1,-1,-0.01,-1,-1,-0.01,-1,-1,-0.01,-1,-1,-0.01,-1,-1,-0.01,-1,-1,-0.01,-1,-1,-0.01,-1,-1,-0.01,-1,-1,-0.01,-1,-1
99926009,2026-05-18 14:52:14+05:30,53379.4,0,0.0,0,0.0,0.0,53282.15,53619.2,52783.45,53710.35,0,0.0,0.0,0.0,0.0,-0.01,-1,-1,-0.01,-1,-1,-0.01,-1,-1,-0.01,-1,-1,-0.01,-1,-1,-0.01,-1,-1,-0.01,-1,-1,-0.01,-1,-1,-0.01,-1,-1,-0.01,-1,-1
99926009,2026-05-18 14:52:15+05:30,53379.65,0,0.0,0,0.0,0.0,53282.15,53619.2,52783.45,53710.35,0,0.0,0.0,0.0,0.0,-0.01,-1,-1,-0.01,-1,-1,-0.01,-1,-1,-0.01,-1,-1,-0.01,-1,-1,-0.01,-1,-1,-0.01,-1,-1,-0.01,-1,-1,-0.01,-1,-1,-0.01,-1,-1
99926009,2026-05-18 14:52:15+05:30,53384.35,0,0.0,0,0.0,0.0,53282.15,53619.2,52783.45,53710.35,0,0.0,0.0,0.0,0.0,-0.01,-1,-1,-0.01,-1,-1,-0.01,-1,-1,-0.01,-1,-1,-0.01,-1,-1,-0.01,-1,-1,-0.01,-1,-1,-0.01,-1,-1,-0.01,-1,-1,-0.01,-1,-1
99926009,2026-05-18 14:52:16+05:30,53383.95,0,0.0,0,0.0,0.0,53282.15,53619.2,52783.45,53710.35,0,0.0,0.0,0.0,0.0,-0.01,-1,-1,-0.01,-1,-1,-0.01,-1,-1,-0.01,-1,-1,-0.01,-1,-1,-0.01,-1,-1,-0.01,-1,-1,-0.01,-1,-1,-0.01,-1,-1,-0.01,-1,-1
99926009,2026-05-18 14:52:16+05:30,53383.4,0,0.0,0,0.0,0.0,53282.15,53619.2,52783.45,53710.35,0,0.0,0.0,0.0,0.0,-0.01,-1,-1,-0.01,-1,-1,-0.01,-1,-1,-0.01,-1,-1,-0.01,-1,-1,-0.01,-1,-1,-0.01,-1,-1,-0.01,-1,-1,-0.01,-1,-1,-0.01,-1,-1
99926009,2026-05-18 14:52:17+05:30,53385.25,0,0.0,0,0.0,0.0,53282.15,53619.2,52783.45,53710.35,0,0.0,0.0,0.0,0.0,-0.01,-1,-1,-0.01,-1,-1,-0.01,-1,-1,-0.01,-1,-1,-0.01,-1,-1,-0.01,-1,-1,-0.01,-1,-1,-0.01,-1,-1,-0.01,-1,-1,-0.01,-1,-1
99926009,2026-05-18 14:52:17+05:30,53384.85,0,0.0,0,0.0,0.0,53282.15,53619.2,52783.45,53710.35,0,0.0,0.0,0.0,0.0,-0.01,-1,-1,-0.01,-1,-1,-0.01,-1,-1,-0.01,-1,-1,-0.01,-1,-1,-0.01,-1,-1,-0.01,-1,-1,-0.01,-1,-1,-0.01,-1,-1,-0.01,-1,-1
99926009,2026-05-18 14:52:18+05:30,53382.95,0,0.0,0,0.0,0.0,53282.15,53619.2,52783.45,53710.35,0,0.0,0.0,0.0,0.0,-0.01,-1,-1,-0.01,-1,-1,-0.01,-1,-1,-0.01,-1,-1,-0.01,-1,-1,-0.01,-1,-1,-0.01,-1,-1,-0.01,-1,-1,-0.01,-1,-1,-0.01,-1,-1
99926009,2026-05-18 14:52:18+05:30,53386.25,0,0.0,0,0.0,0.0,53282.15,53619.2,52783.45,53710.35,0,0.0,0.0,0.0,0.0,-0.01,-1,-1,-0.01,-1,-1,-0.01,-1,-1,-0.01,-1,-1,-0.01,-1,-1,-0.01,-1,-1,-0.01,-1,-1,-0.01,-1,-1,-0.01,-1,-1,-0.01,-1,-1
99926009,2026-05-18 14:52:19+05:30,53381.8,0,0.0,0,0.0,0.0,53282.15,53619.2,52783.45,53710.35,0,0.0,0.0,0.0,0.0,-0.01,-1,-1,-0.01,-1,-1,-0.01,-1,-1,-0.01,-1,-1,-0.01,-1,-1,-0.01,-1,-1,-0.01,-1,-1,-0.01,-1,-1,-0.01,-1,-1,-0.01,-1,-1
99926009,2026-05-18 14:52:19+05:30,53382.0,0,0.0,0,0.0,0.0,53282.15,53619.2,52783.45,53710.35,0,0.0,0.0,0.0,0.0,-0.01,-1,-1,-0.01,-1,-1,-0.01,-1,-1,-0.01,-1,-1,-0.01,-1,-1,-0.01,-1,-1,-0.01,-1,-1,-0.01,-1,-1,-0.01,-1,-1,-0.01,-1,-1
99926009,2026-05-18 14:52:20+05:30,53378.3,0,0.0,0,0.0,0.0,53282.15,53619.2,52783.45,53710.35,0,0.0,0.0,0.0,0.0,-0.01,-1,-1,-0.01,-1,-1,-0.01,-1,-1,-0.01,-1,-1,-0.01,-1,-1,-0.01,-1,-1,-0.01,-1,-1,-0.01,-1,-1,-0.01,-1,-1,-0.01,-1,-1
99926009,2026-05-18 14:52:20+05:30,53382.0,0,0.0,0,0.0,0.0,53282.15,53619.2,52783.45,53710.35,0,0.0,0.0,0.0,0.0,-0.01,-1,-1,-0.01,-1,-1,-0.01,-1,-1,-0.01,-1,-1,-0.01,-1,-1,-0.01,-1,-1,-0.01,-1,-1,-0.01,-1,-1,-0.01,-1,-1,-0.01,-1,-1
99926009,2026-05-18 14:52:21+05:30,53381.05,0,0.0,0,0.0,0.0,53282.15,53619.2,52783.45,53710.35,0,0.0,0.0,0.0,0.0,-0.01,-1,-1,-0.01,-1,-1,-0.01,-1,-1,-0.01,-1,-1,-0.01,-1,-1,-0.01,-1,-1,-0.01,-1,-1,-0.01,-1,-1,-0.01,-1,-1,-0.01,-1,-1
99926009,2026-05-18 14:52:21+05:30,53386.9,0,0.0,0,0.0,0.0,53282.15,53619.2,52783.45,53710.35,0,0.0,0.0,0.0,0.0,-0.01,-1,-1,-0.01,-1,-1,-0.01,-1,-1,-0.01,-1,-1,-0.01,-1,-1,-0.01,-1,-1,-0.01,-1,-1,-0.01,-1,-1,-0.01,-1,-1,-0.01,-1,-1
99926009,2026-05-18 14:52:22+05:30,53386.55,0,0.0,0,0.0,0.0,53282.15,53619.2,52783.45,53710.35,0,0.0,0.0,0.0,0.0,-0.01,-1,-1,-0.01,-1,-1,-0.01,-1,-1,-0.01,-1,-1,-0.01,-1,-1,-0.01,-1,-1,-0.01,-1,-1,-0.01,-1,-1,-0.01,-1,-1,-0.01,-1,-1
99926009,2026-05-18 14:52:22+05:30,53386.2,0,0.0,0,0.0,0.0,53282.15,53619.2,52783.45,53710.35,0,0.0,0.0,0.0,0.0,-0.01,-1,-1,-0.01,-1,-1,-0.01,-1,-1,-0.01,-1,-1,-0.01,-1,-1,-0.01,-1,-1,-0.01,-1,-1,-0.01,-1,-1,-0.01,-1,-1,-0.01,-1,-1
99926009,2026-05-18 14:52:23+05:30,53385.65,0,0.0,0,0.0,0.0,53282.15,53619.2,52783.45,53710.35,0,0.0,0.0,0.0,0.0,-0.01,-1,-1,-0.01,-1,-1,-0.01,-1,-1,-0.01,-1,-1,-0.01,-1,-1,-0.01,-1,-1,-0.01,-1,-1,-0.01,-1,-1,-0.01,-1,-1,-0.01,-1,-1
99926009,2026-05-18 14:52:23+05:30,53381.3,0,0.0,0,0.0,0.0,53282.15,53619.2,52783.45,53710.35,0,0.0,0.0,0.0,0.0,-0.01,-1,-1,-0.01,-1,-1,-0.01,-1,-1,-0.01,-1,-1,-0.01,-1,-1,-0.01,-1,-1,-0.01,-1,-1,-0.01,-1,-1,-0.01,-1,-1,-0.01,-1,-1
99926009,2026-05-18 14:52:24+05:30,53381.1,0,0.0,0,0.0,0.0,53282.15,53619.2,52783.45,53710.35,0,0.0,0.0,0.0,0.0,-0.01,-1,-1,-0.01,-1,-1,-0.01,-1,-1,-0.01,-1,-1,-0.01,-1,-1,-0.01,-1,-1,-0.01,-1,-1,-0.01,-1,-1,-0.01,-1,-1,-0.01,-1,-1
99926009,2026-05-18 14:52:24+05:30,53381.9,0,0.0,0,0.0,0.0,53282.15,53619.2,52783.45,53710.35,0,0.0,0.0,0.0,0.0,-0.01,-1,-1,-0.01,-1,-1,-0.01,-1,-1,-0.01,-1,-1,-0.01,-1,-1,-0.01,-1,-1,-0.01,-1,-1,-0.01,-1,-1,-0.01,-1,-1,-0.01,-1,-1
99926009,2026-05-18 14:52:25+05:30,53385.0,0,0.0,0,0.0,0.0,53282.15,53619.2,52783.45,53710.35,0,0.0,0.0,0.0,0.0,-0.01,-1,-1,-0.01,-1,-1,-0.01,-1,-1,-0.01,-1,-1,-0.01,-1,-1,-0.01,-1,-1,-0.01,-1,-1,-0.01,-1,-1,-0.01,-1,-1,-0.01,-1,-1
99926009,2026-05-18 14:52:25+05:30,53389.2,0,0.0,0,0.0,0.0,53282.15,53619.2,52783.45,53710.35,0,0.0,0.0,0.0,0.0,-0.01,-1,-1,-0.01,-1,-1,-0.01,-1,-1,-0.01,-1,-1,-0.01,-1,-1,-0.01,-1,-1,-0.01,-1,-1,-0.01,-1,-1,-0.01,-1,-1,-0.01,-1,-1
99926009,2026-05-18 14:52:26+05:30,53390.3,0,0.0,0,0.0,0.0,53282.15,53619.2,52783.45,53710.35,0,0.0,0.0,0.0,0.0,-0.01,-1,-1,-0.01,-1,-1,-0.01,-1,-1,-0.01,-1,-1,-0.01,-1,-1,-0.01,-1,-1,-0.01,-1,-1,-0.01,-1,-1,-0.01,-1,-1,-0.01,-1,-1
99926009,2026-05-18 14:52:26+05:30,53393.7,0,0.0,0,0.0,0.0,53282.15,53619.2,52783.45,53710.35,0,0.0,0.0,0.0,0.0,-0.01,-1,-1,-0.01,-1,-1,-0.01,-1,-1,-0.01,-1,-1,-0.01,-1,-1,-0.01,-1,-1,-0.01,-1,-1,-0.01,-1,-1,-0.01,-1,-1,-0.01,-1,-1
99926009,2026-05-18 14:52:27+05:30,53392.9,0,0.0,0,0.0,0.0,53282.15,53619.2,52783.45,53710.35,0,0.0,0.0,0.0,0.0,-0.01,-1,-1,-0.01,-1,-1,-0.01,-1,-1,-0.01,-1,-1,-0.01,-1,-1,-0.01,-1,-1,-0.01,-1,-1,-0.01,-1,-1,-0.01,-1,-1,-0.01,-1,-1
99926009,2026-05-18 14:52:27+05:30,53392.1,0,0.0,0,0.0,0.0,53282.15,53619.2,52783.45,53710.35,0,0.0,0.0,0.0,0.0,-0.01,-1,-1,-0.01,-1,-1,-0.01,-1,-1,-0.01,-1,-1,-0.01,-1,-1,-0.01,-1,-1,-0.01,-1,-1,-0.01,-1,-1,-0.01,-1,-1,-0.01,-1,-1
99926009,2026-05-18 14:52:28+05:30,53391.7,0,0.0,0,0.0,0.0,53282.15,53619.2,52783.45,53710.35,0,0.0,0.0,0.0,0.0,-0.01,-1,-1,-0.01,-1,-1,-0.01,-1,-1,-0.01,-1,-1,-0.01,-1,-1,-0.01,-1,-1,-0.01,-1,-1,-0.01,-1,-1,-0.01,-1,-1,-0.01,-1,-1
99926009,2026-05-18 14:52:28+05:30,53392.0,0,0.0,0,0.0,0.0,53282.15,53619.2,52783.45,53710.35,0,0.0,0.0,0.0,0.0,-0.01,-1,-1,-0.01,-1,-1,-0.01,-1,-1,-0.01,-1,-1,-0.01,-1,-1,-0.01,-1,-1,-0.01,-1,-1,-0.01,-1,-1,-0.01,-1,-1,-0.01,-1,-1
99926009,2026-05-18 14:52:29+05:30,53391.35,0,0.0,0,0.0,0.0,53282.15,53619.2,52783.45,53710.35,0,0.0,0.0,0.0,0.0,-0.01,-1,-1,-0.01,-1,-1,-0.01,-1,-1,-0.01,-1,-1,-0.01,-1,-1,-0.01,-1,-1,-0.01,-1,-1,-0.01,-1,-1,-0.01,-1,-1,-0.01,-1,-1
99926009,2026-05-18 14:52:29+05:30,53392.5,0,0.0,0,0.0,0.0,53282.15,53619.2,52783.45,53710.35,0,0.0,0.0,0.0,0.0,-0.01,-1,-1,-0.01,-1,-1,-0.01,-1,-1,-0.01,-1,-1,-0.01,-1,-1,-0.01,-1,-1,-0.01,-1,-1,-0.01,-1,-1,-0.01,-1,-1,-0.01,-1,-1
99926009,2026-05-18 14:52:30+05:30,53393.15,0,0.0,0,0.0,0.0,53282.15,53619.2,52783.45,53710.35,0,0.0,0.0,0.0,0.0,-0.01,-1,-1,-0.01,-1,-1,-0.01,-1,-1,-0.01,-1,-1,-0.01,-1,-1,-0.01,-1,-1,-0.01,-1,-1,-0.01,-1,-1,-0.01,-1,-1,-0.01,-1,-1
99926009,2026-05-18 14:52:30+05:30,53393.8,0,0.0,0,0.0,0.0,53282.15,53619.2,52783.45,53710.35,0,0.0,0.0,0.0,0.0,-0.01,-1,-1,-0.01,-1,-1,-0.01,-1,-1,-0.01,-1,-1,-0.01,-1,-1,-0.01,-1,-1,-0.01,-1,-1,-0.01,-1,-1,-0.01,-1,-1,-0.01,-1,-1
99926009,2026-05-18 14:52:31+05:30,53391.35,0,0.0,0,0.0,0.0,53282.15,53619.2,52783.45,53710.35,0,0.0,0.0,0.0,0.0,-0.01,-1,-1,-0.01,-1,-1,-0.01,-1,-1,-0.01,-1,-1,-0.01,-1,-1,-0.01,-1,-1,-0.01,-1,-1,-0.01,-1,-1,-0.01,-1,-1,-0.01,-1,-1
99926009,2026-05-18 14:52:31+05:30,53393.05,0,0.0,0,0.0,0.0,53282.15,53619.2,52783.45,53710.35,0,0.0,0.0,0.0,0.0,-0.01,-1,-1,-0.01,-1,-1,-0.01,-1,-1,-0.01,-1,-1,-0.01,-1,-1,-0.01,-1,-1,-0.01,-1,-1,-0.01,-1,-1,-0.01,-1,-1,-0.01,-1,-1
99926009,2026-05-18 14:52:32+05:30,53393.2,0,0.0,0,0.0,0.0,53282.15,53619.2,52783.45,53710.35,0,0.0,0.0,0.0,0.0,-0.01,-1,-1,-0.01,-1,-1,-0.01,-1,-1,-0.01,-1,-1,-0.01,-1,-1,-0.01,-1,-1,-0.01,-1,-1,-0.01,-1,-1,-0.01,-1,-1,-0.01,-1,-1
99926009,2026-05-18 14:52:32+05:30,53388.7,0,0.0,0,0.0,0.0,53282.15,53619.2,52783.45,53710.35,0,0.0,0.0,0.0,0.0,-0.01,-1,-1,-0.01,-1,-1,-0.01,-1,-1,-0.01,-1,-1,-0.01,-1,-1,-0.01,-1,-1,-0.01,-1,-1,-0.01,-1,-1,-0.01,-1,-1,-0.01,-1,-1
99926009,2026-05-18 14:52:33+05:30,53391.05,0,0.0,0,0.0,0.0,53282.15,53619.2,52783.45,53710.35,0,0.0,0.0,0.0,0.0,-0.01,-1,-1,-0.01,-1,-1,-0.01,-1,-1,-0.01,-1,-1,-0.01,-1,-1,-0.01,-1,-1,-0.01,-1,-1,-0.01,-1,-1,-0.01,-1,-1,-0.01,-1,-1
99926009,2026-05-18 14:52:33+05:30,53387.3,0,0.0,0,0.0,0.0,53282.15,53619.2,52783.45,53710.35,0,0.0,0.0,0.0,0.0,-0.01,-1,-1,-0.01,-1,-1,-0.01,-1,-1,-0.01,-1,-1,-0.01,-1,-1,-0.01,-1,-1,-0.01,-1,-1,-0.01,-1,-1,-0.01,-1,-1,-0.01,-1,-1
99926009,2026-05-18 14:52:34+05:30,53390.4,0,0.0,0,0.0,0.0,53282.15,53619.2,52783.45,53710.35,0,0.0,0.0,0.0,0.0,-0.01,-1,-1,-0.01,-1,-1,-0.01,-1,-1,-0.01,-1,-1,-0.01,-1,-1,-0.01,-1,-1,-0.01,-1,-1,-0.01,-1,-1,-0.01,-1,-1,-0.01,-1,-1
99926009,2026-05-18 14:52:34+05:30,53388.8,0,0.0,0,0.0,0.0,53282.15,53619.2,52783.45,53710.35,0,0.0,0.0,0.0,0.0,-0.01,-1,-1,-0.01,-1,-1,-0.01,-1,-1,-0.01,-1,-1,-0.01,-1,-1,-0.01,-1,-1,-0.01,-1,-1,-0.01,-1,-1,-0.01,-1,-1,-0.01,-1,-1
99926009,2026-05-18 14:52:35+05:30,53386.5,0,0.0,0,0.0,0.0,53282.15,53619.2,52783.45,53710.35,0,0.0,0.0,0.0,0.0,-0.01,-1,-1,-0.01,-1,-1,-0.01,-1,-1,-0.01,-1,-1,-0.01,-1,-1,-0.01,-1,-1,-0.01,-1,-1,-0.01,-1,-1,-0.01,-1,-1,-0.01,-1,-1
99926009,2026-05-18 14:52:35+05:30,53389.05,0,0.0,0,0.0,0.0,53282.15,53619.2,52783.45,53710.35,0,0.0,0.0,0.0,0.0,-0.01,-1,-1,-0.01,-1,-1,-0.01,-1,-1,-0.01,-1,-1,-0.01,-1,-1,-0.01,-1,-1,-0.01,-1,-1,-0.01,-1,-1,-0.01,-1,-1,-0.01,-1,-1
99926009,2026-05-18 14:52:36+05:30,53387.75,0,0.0,0,0.0,0.0,53282.15,53619.2,52783.45,53710.35,0,0.0,0.0,0.0,0.0,-0.01,-1,-1,-0.01,-1,-1,-0.01,-1,-1,-0.01,-1,-1,-0.01,-1,-1,-0.01,-1,-1,-0.01,-1,-1,-0.01,-1,-1,-0.01,-1,-1,-0.01,-1,-1
99926009,2026-05-18 14:52:36+05:30,53388.5,0,0.0,0,0.0,0.0,53282.15,53619.2,52783.45,53710.35,0,0.0,0.0,0.0,0.0,-0.01,-1,-1,-0.01,-1,-1,-0.01,-1,-1,-0.01,-1,-1,-0.01,-1,-1,-0.01,-1,-1,-0.01,-1,-1,-0.01,-1,-1,-0.01,-1,-1,-0.01,-1,-1
99926009,2026-05-18 14:52:37+05:30,53391.15,0,0.0,0,0.0,0.0,53282.15,53619.2,52783.45,53710.35,0,0.0,0.0,0.0,0.0,-0.01,-1,-1,-0.01,-1,-1,-0.01,-1,-1,-0.01,-1,-1,-0.01,-1,-1,-0.01,-1,-1,-0.01,-1,-1,-0.01,-1,-1,-0.01,-1,-1,-0.01,-1,-1
99926009,2026-05-18 14:52:37+05:30,53386.05,0,0.0,0,0.0,0.0,53282.15,53619.2,52783.45,53710.35,0,0.0,0.0,0.0,0.0,-0.01,-1,-1,-0.01,-1,-1,-0.01,-1,-1,-0.01,-1,-1,-0.01,-1,-1,-0.01,-1,-1,-0.01,-1,-1,-0.01,-1,-1,-0.01,-1,-1,-0.01,-1,-1
99926009,2026-05-18 14:52:38+05:30,53385.9,0,0.0,0,0.0,0.0,53282.15,53619.2,52783.45,53710.35,0,0.0,0.0,0.0,0.0,-0.01,-1,-1,-0.01,-1,-1,-0.01,-1,-1,-0.01,-1,-1,-0.01,-1,-1,-0.01,-1,-1,-0.01,-1,-1,-0.01,-1,-1,-0.01,-1,-1,-0.01,-1,-1
99926009,2026-05-18 14:52:38+05:30,53383.7,0,0.0,0,0.0,0.0,53282.15,53619.2,52783.45,53710.35,0,0.0,0.0,0.0,0.0,-0.01,-1,-1,-0.01,-1,-1,-0.01,-1,-1,-0.01,-1,-1,-0.01,-1,-1,-0.01,-1,-1,-0.01,-1,-1,-0.01,-1,-1,-0.01,-1,-1,-0.01,-1,-1
99926009,2026-05-18 14:52:39+05:30,53383.0,0,0.0,0,0.0,0.0,53282.15,53619.2,52783.45,53710.35,0,0.0,0.0,0.0,0.0,-0.01,-1,-1,-0.01,-1,-1,-0.01,-1,-1,-0.01,-1,-1,-0.01,-1,-1,-0.01,-1,-1,-0.01,-1,-1,-0.01,-1,-1,-0.01,-1,-1,-0.01,-1,-1
99926009,2026-05-18 14:52:39+05:30,53377.3,0,0.0,0,0.0,0.0,53282.15,53619.2,52783.45,53710.35,0,0.0,0.0,0.0,0.0,-0.01,-1,-1,-0.01,-1,-1,-0.01,-1,-1,-0.01,-1,-1,-0.01,-1,-1,-0.01,-1,-1,-0.01,-1,-1,-0.01,-1,-1,-0.01,-1,-1,-0.01,-1,-1
99926009,2026-05-18 14:52:40+05:30,53375.5,0,0.0,0,0.0,0.0,53282.15,53619.2,52783.45,53710.35,0,0.0,0.0,0.0,0.0,-0.01,-1,-1,-0.01,-1,-1,-0.01,-1,-1,-0.01,-1,-1,-0.01,-1,-1,-0.01,-1,-1,-0.01,-1,-1,-0.01,-1,-1,-0.01,-1,-1,-0.01,-1,-1
99926009,2026-05-18 14:52:40+05:30,53373.2,0,0.0,0,0.0,0.0,53282.15,53619.2,52783.45,53710.35,0,0.0,0.0,0.0,0.0,-0.01,-1,-1,-0.01,-1,-1,-0.01,-1,-1,-0.01,-1,-1,-0.01,-1,-1,-0.01,-1,-1,-0.01,-1,-1,-0.01,-1,-1,-0.01,-1,-1,-0.01,-1,-1
99926009,2026-05-18 14:52:41+05:30,53372.7,0,0.0,0,0.0,0.0,53282.15,53619.2,52783.45,53710.35,0,0.0,0.0,0.0,0.0,-0.01,-1,-1,-0.01,-1,-1,-0.01,-1,-1,-0.01,-1,-1,-0.01,-1,-1,-0.01,-1,-1,-0.01,-1,-1,-0.01,-1,-1,-0.01,-1,-1,-0.01,-1,-1
99926009,2026-05-18 14:52:41+05:30,53373.0,0,0.0,0,0.0,0.0,53282.15,53619.2,52783.45,53710.35,0,0.0,0.0,0.0,0.0,-0.01,-1,-1,-0.01,-1,-1,-0.01,-1,-1,-0.01,-1,-1,-0.01,-1,-1,-0.01,-1,-1,-0.01,-1,-1,-0.01,-1,-1,-0.01,-1,-1,-0.01,-1,-1
99926009,2026-05-18 14:52:42+05:30,53374.2,0,0.0,0,0.0,0.0,53282.15,53619.2,52783.45,53710.35,0,0.0,0.0,0.0,0.0,-0.01,-1,-1,-0.01,-1,-1,-0.01,-1,-1,-0.01,-1,-1,-0.01,-1,-1,-0.01,-1,-1,-0.01,-1,-1,-0.01,-1,-1,-0.01,-1,-1,-0.01,-1,-1
99926009,2026-05-18 14:52:42+05:30,53371.75,0,0.0,0,0.0,0.0,53282.15,53619.2,52783.45,53710.35,0,0.0,0.0,0.0,0.0,-0.01,-1,-1,-0.01,-1,-1,-0.01,-1,-1,-0.01,-1,-1,-0.01,-1,-1,-0.01,-1,-1,-0.01,-1,-1,-0.01,-1,-1,-0.01,-1,-1,-0.01,-1,-1
99926009,2026-05-18 14:52:43+05:30,53375.9,0,0.0,0,0.0,0.0,53282.15,53619.2,52783.45,53710.35,0,0.0,0.0,0.0,0.0,-0.01,-1,-1,-0.01,-1,-1,-0.01,-1,-1,-0.01,-1,-1,-0.01,-1,-1,-0.01,-1,-1,-0.01,-1,-1,-0.01,-1,-1,-0.01,-1,-1,-0.01,-1,-1
99926009,2026-05-18 14:52:43+05:30,53371.7,0,0.0,0,0.0,0.0,53282.15,53619.2,52783.45,53710.35,0,0.0,0.0,0.0,0.0,-0.01,-1,-1,-0.01,-1,-1,-0.01,-1,-1,-0.01,-1,-1,-0.01,-1,-1,-0.01,-1,-1,-0.01,-1,-1,-0.01,-1,-1,-0.01,-1,-1,-0.01,-1,-1
99926009,2026-05-18 14:52:44+05:30,53377.7,0,0.0,0,0.0,0.0,53282.15,53619.2,52783.45,53710.35,0,0.0,0.0,0.0,0.0,-0.01,-1,-1,-0.01,-1,-1,-0.01,-1,-1,-0.01,-1,-1,-0.01,-1,-1,-0.01,-1,-1,-0.01,-1,-1,-0.01,-1,-1,-0.01,-1,-1,-0.01,-1,-1
99926009,2026-05-18 14:52:44+05:30,53375.25,0,0.0,0,0.0,0.0,53282.15,53619.2,52783.45,53710.35,0,0.0,0.0,0.0,0.0,-0.01,-1,-1,-0.01,-1,-1,-0.01,-1,-1,-0.01,-1,-1,-0.01,-1,-1,-0.01,-1,-1,-0.01,-1,-1,-0.01,-1,-1,-0.01,-1,-1,-0.01,-1,-1
99926009,2026-05-18 14:52:45+05:30,53376.9,0,0.0,0,0.0,0.0,53282.15,53619.2,52783.45,53710.35,0,0.0,0.0,0.0,0.0,-0.01,-1,-1,-0.01,-1,-1,-0.01,-1,-1,-0.01,-1,-1,-0.01,-1,-1,-0.01,-1,-1,-0.01,-1,-1,-0.01,-1,-1,-0.01,-1,-1,-0.01,-1,-1
99926009,2026-05-18 14:52:45+05:30,53373.45,0,0.0,0,0.0,0.0,53282.15,53619.2,52783.45,53710.35,0,0.0,0.0,0.0,0.0,-0.01,-1,-1,-0.01,-1,-1,-0.01,-1,-1,-0.01,-1,-1,-0.01,-1,-1,-0.01,-1,-1,-0.01,-1,-1,-0.01,-1,-1,-0.01,-1,-1,-0.01,-1,-1
99926009,2026-05-18 14:52:46+05:30,53372.3,0,0.0,0,0.0,0.0,53282.15,53619.2,52783.45,53710.35,0,0.0,0.0,0.0,0.0,-0.01,-1,-1,-0.01,-1,-1,-0.01,-1,-1,-0.01,-1,-1,-0.01,-1,-1,-0.01,-1,-1,-0.01,-1,-1,-0.01,-1,-1,-0.01,-1,-1,-0.01,-1,-1
99926009,2026-05-18 14:52:46+05:30,53375.3,0,0.0,0,0.0,0.0,53282.15,53619.2,52783.45,53710.35,0,0.0,0.0,0.0,0.0,-0.01,-1,-1,-0.01,-1,-1,-0.01,-1,-1,-0.01,-1,-1,-0.01,-1,-1,-0.01,-1,-1,-0.01,-1,-1,-0.01,-1,-1,-0.01,-1,-1,-0.01,-1,-1
99926009,2026-05-18 14:52:47+05:30,53371.3,0,0.0,0,0.0,0.0,53282.15,53619.2,52783.45,53710.35,0,0.0,0.0,0.0,0.0,-0.01,-1,-1,-0.01,-1,-1,-0.01,-1,-1,-0.01,-1,-1,-0.01,-1,-1,-0.01,-1,-1,-0.01,-1,-1,-0.01,-1,-1,-0.01,-1,-1,-0.01,-1,-1
99926009,2026-05-18 14:52:47+05:30,53377.5,0,0.0,0,0.0,0.0,53282.15,53619.2,52783.45,53710.35,0,0.0,0.0,0.0,0.0,-0.01,-1,-1,-0.01,-1,-1,-0.01,-1,-1,-0.01,-1,-1,-0.01,-1,-1,-0.01,-1,-1,-0.01,-1,-1,-0.01,-1,-1,-0.01,-1,-1,-0.01,-1,-1
99926009,2026-05-18 14:52:48+05:30,53374.4,0,0.0,0,0.0,0.0,53282.15,53619.2,52783.45,53710.35,0,0.0,0.0,0.0,0.0,-0.01,-1,-1,-0.01,-1,-1,-0.01,-1,-1,-0.01,-1,-1,-0.01,-1,-1,-0.01,-1,-1,-0.01,-1,-1,-0.01,-1,-1,-0.01,-1,-1,-0.01,-1,-1
99926009,2026-05-18 14:52:48+05:30,53372.3,0,0.0,0,0.0,0.0,53282.15,53619.2,52783.45,53710.35,0,0.0,0.0,0.0,0.0,-0.01,-1,-1,-0.01,-1,-1,-0.01,-1,-1,-0.01,-1,-1,-0.01,-1,-1,-0.01,-1,-1,-0.01,-1,-1,-0.01,-1,-1,-0.01,-1,-1,-0.01,-1,-1
99926009,2026-05-18 14:52:49+05:30,53370.15,0,0.0,0,0.0,0.0,53282.15,53619.2,52783.45,53710.35,0,0.0,0.0,0.0,0.0,-0.01,-1,-1,-0.01,-1,-1,-0.01,-1,-1,-0.01,-1,-1,-0.01,-1,-1,-0.01,-1,-1,-0.01,-1,-1,-0.01,-1,-1,-0.01,-1,-1,-0.01,-1,-1
99926009,2026-05-18 14:52:49+05:30,53371.55,0,0.0,0,0.0,0.0,53282.15,53619.2,52783.45,53710.35,0,0.0,0.0,0.0,0.0,-0.01,-1,-1,-0.01,-1,-1,-0.01,-1,-1,-0.01,-1,-1,-0.01,-1,-1,-0.01,-1,-1,-0.01,-1,-1,-0.01,-1,-1,-0.01,-1,-1,-0.01,-1,-1
99926009,2026-05-18 14:52:50+05:30,53374.7,0,0.0,0,0.0,0.0,53282.15,53619.2,52783.45,53710.35,0,0.0,0.0,0.0,0.0,-0.01,-1,-1,-0.01,-1,-1,-0.01,-1,-1,-0.01,-1,-1,-0.01,-1,-1,-0.01,-1,-1,-0.01,-1,-1,-0.01,-1,-1,-0.01,-1,-1,-0.01,-1,-1
99926009,2026-05-18 14:52:50+05:30,53368.3,0,0.0,0,0.0,0.0,53282.15,53619.2,52783.45,53710.35,0,0.0,0.0,0.0,0.0,-0.01,-1,-1,-0.01,-1,-1,-0.01,-1,-1,-0.01,-1,-1,-0.01,-1,-1,-0.01,-1,-1,-0.01,-1,-1,-0.01,-1,-1,-0.01,-1,-1,-0.01,-1,-1
99926009,2026-05-18 14:52:51+05:30,53366.0,0,0.0,0,0.0,0.0,53282.15,53619.2,52783.45,53710.35,0,0.0,0.0,0.0,0.0,-0.01,-1,-1,-0.01,-1,-1,-0.01,-1,-1,-0.01,-1,-1,-0.01,-1,-1,-0.01,-1,-1,-0.01,-1,-1,-0.01,-1,-1,-0.01,-1,-1,-0.01,-1,-1
99926009,2026-05-18 14:52:51+05:30,53366.5,0,0.0,0,0.0,0.0,53282.15,53619.2,52783.45,53710.35,0,0.0,0.0,0.0,0.0,-0.01,-1,-1,-0.01,-1,-1,-0.01,-1,-1,-0.01,-1,-1,-0.01,-1,-1,-0.01,-1,-1,-0.01,-1,-1,-0.01,-1,-1,-0.01,-1,-1,-0.01,-1,-1
99926009,2026-05-18 14:52:52+05:30,53370.55,0,0.0,0,0.0,0.0,53282.15,53619.2,52783.45,53710.35,0,0.0,0.0,0.0,0.0,-0.01,-1,-1,-0.01,-1,-1,-0.01,-1,-1,-0.01,-1,-1,-0.01,-1,-1,-0.01,-1,-1,-0.01,-1,-1,-0.01,-1,-1,-0.01,-1,-1,-0.01,-1,-1
99926009,2026-05-18 14:52:52+05:30,53371.65,0,0.0,0,0.0,0.0,53282.15,53619.2,52783.45,53710.35,0,0.0,0.0,0.0,0.0,-0.01,-1,-1,-0.01,-1,-1,-0.01,-1,-1,-0.01,-1,-1,-0.01,-1,-1,-0.01,-1,-1,-0.01,-1,-1,-0.01,-1,-1,-0.01,-1,-1,-0.01,-1,-1
99926009,2026-05-18 14:52:53+05:30,53376.3,0,0.0,0,0.0,0.0,53282.15,53619.2,52783.45,53710.35,0,0.0,0.0,0.0,0.0,-0.01,-1,-1,-0.01,-1,-1,-0.01,-1,-1,-0.01,-1,-1,-0.01,-1,-1,-0.01,-1,-1,-0.01,-1,-1,-0.01,-1,-1,-0.01,-1,-1,-0.01,-1,-1
99926009,2026-05-18 14:52:53+05:30,53372.9,0,0.0,0,0.0,0.0,53282.15,53619.2,52783.45,53710.35,0,0.0,0.0,0.0,0.0,-0.01,-1,-1,-0.01,-1,-1,-0.01,-1,-1,-0.01,-1,-1,-0.01,-1,-1,-0.01,-1,-1,-0.01,-1,-1,-0.01,-1,-1,-0.01,-1,-1,-0.01,-1,-1
99926009,2026-05-18 14:52:54+05:30,53376.8,0,0.0,0,0.0,0.0,53282.15,53619.2,52783.45,53710.35,0,0.0,0.0,0.0,0.0,-0.01,-1,-1,-0.01,-1,-1,-0.01,-1,-1,-0.01,-1,-1,-0.01,-1,-1,-0.01,-1,-1,-0.01,-1,-1,-0.01,-1,-1,-0.01,-1,-1,-0.01,-1,-1
99926009,2026-05-18 14:52:54+05:30,53375.7,0,0.0,0,0.0,0.0,53282.15,53619.2,52783.45,53710.35,0,0.0,0.0,0.0,0.0,-0.01,-1,-1,-0.01,-1,-1,-0.01,-1,-1,-0.01,-1,-1,-0.01,-1,-1,-0.01,-1,-1,-0.01,-1,-1,-0.01,-1,-1,-0.01,-1,-1,-0.01,-1,-1
99926009,2026-05-18 14:52:55+05:30,53371.65,0,0.0,0,0.0,0.0,53282.15,53619.2,52783.45,53710.35,0,0.0,0.0,0.0,0.0,-0.01,-1,-1,-0.01,-1,-1,-0.01,-1,-1,-0.01,-1,-1,-0.01,-1,-1,-0.01,-1,-1,-0.01,-1,-1,-0.01,-1,-1,-0.01,-1,-1,-0.01,-1,-1
99926009,2026-05-18 14:52:55+05:30,53374.1,0,0.0,0,0.0,0.0,53282.15,53619.2,52783.45,53710.35,0,0.0,0.0,0.0,0.0,-0.01,-1,-1,-0.01,-1,-1,-0.01,-1,-1,-0.01,-1,-1,-0.01,-1,-1,-0.01,-1,-1,-0.01,-1,-1,-0.01,-1,-1,-0.01,-1,-1,-0.01,-1,-1
99926009,2026-05-18 14:52:56+05:30,53374.5,0,0.0,0,0.0,0.0,53282.15,53619.2,52783.45,53710.35,0,0.0,0.0,0.0,0.0,-0.01,-1,-1,-0.01,-1,-1,-0.01,-1,-1,-0.01,-1,-1,-0.01,-1,-1,-0.01,-1,-1,-0.01,-1,-1,-0.01,-1,-1,-0.01,-1,-1,-0.01,-1,-1
99926009,2026-05-18 14:52:56+05:30,53375.8,0,0.0,0,0.0,0.0,53282.15,53619.2,52783.45,53710.35,0,0.0,0.0,0.0,0.0,-0.01,-1,-1,-0.01,-1,-1,-0.01,-1,-1,-0.01,-1,-1,-0.01,-1,-1,-0.01,-1,-1,-0.01,-1,-1,-0.01,-1,-1,-0.01,-1,-1,-0.01,-1,-1
99926009,2026-05-18 14:52:57+05:30,53375.5,0,0.0,0,0.0,0.0,53282.15,53619.2,52783.45,53710.35,0,0.0,0.0,0.0,0.0,-0.01,-1,-1,-0.01,-1,-1,-0.01,-1,-1,-0.01,-1,-1,-0.01,-1,-1,-0.01,-1,-1,-0.01,-1,-1,-0.01,-1,-1,-0.01,-1,-1,-0.01,-1,-1
99926009,2026-05-18 14:52:57+05:30,53375.8,0,0.0,0,0.0,0.0,53282.15,53619.2,52783.45,53710.35,0,0.0,0.0,0.0,0.0,-0.01,-1,-1,-0.01,-1,-1,-0.01,-1,-1,-0.01,-1,-1,-0.01,-1,-1,-0.01,-1,-1,-0.01,-1,-1,-0.01,-1,-1,-0.01,-1,-1,-0.01,-1,-1
99926009,2026-05-18 14:52:58+05:30,53376.15,0,0.0,0,0.0,0.0,53282.15,53619.2,52783.45,53710.35,0,0.0,0.0,0.0,0.0,-0.01,-1,-1,-0.01,-1,-1,-0.01,-1,-1,-0.01,-1,-1,-0.01,-1,-1,-0.01,-1,-1,-0.01,-1,-1,-0.01,-1,-1,-0.01,-1,-1,-0.01,-1,-1
99926009,2026-05-18 14:52:58+05:30,53376.8,0,0.0,0,0.0,0.0,53282.15,53619.2,52783.45,53710.35,0,0.0,0.0,0.0,0.0,-0.01,-1,-1,-0.01,-1,-1,-0.01,-1,-1,-0.01,-1,-1,-0.01,-1,-1,-0.01,-1,-1,-0.01,-1,-1,-0.01,-1,-1,-0.01,-1,-1,-0.01,-1,-1
99926009,2026-05-18 14:52:59+05:30,53377.1,0,0.0,0,0.0,0.0,53282.15,53619.2,52783.45,53710.35,0,0.0,0.0,0.0,0.0,-0.01,-1,-1,-0.01,-1,-1,-0.01,-1,-1,-0.01,-1,-1,-0.01,-1,-1,-0.01,-1,-1,-0.01,-1,-1,-0.01,-1,-1,-0.01,-1,-1,-0.01,-1,-1
99926009,2026-05-18 14:52:59+05:30,53370.9,0,0.0,0,0.0,0.0,53282.15,53619.2,52783.45,53710.35,0,0.0,0.0,0.0,0.0,-0.01,-1,-1,-0.01,-1,-1,-0.01,-1,-1,-0.01,-1,-1,-0.01,-1,-1,-0.01,-1,-1,-0.01,-1,-1,-0.01,-1,-1,-0.01,-1,-1,-0.01,-1,-1
99926009,2026-05-18 14:53:00+05:30,53373.85,0,0.0,0,0.0,0.0,53282.15,53619.2,52783.45,53710.35,0,0.0,0.0,0.0,0.0,-0.01,-1,-1,-0.01,-1,-1,-0.01,-1,-1,-0.01,-1,-1,-0.01,-1,-1,-0.01,-1,-1,-0.01,-1,-1,-0.01,-1,-1,-0.01,-1,-1,-0.01,-1,-1
99926009,2026-05-18 14:53:00+05:30,53374.1,0,0.0,0,0.0,0.0,53282.15,53619.2,52783.45,53710.35,0,0.0,0.0,0.0,0.0,-0.01,-1,-1,-0.01,-1,-1,-0.01,-1,-1,-0.01,-1,-1,-0.01,-1,-1,-0.01,-1,-1,-0.01,-1,-1,-0.01,-1,-1,-0.01,-1,-1,-0.01,-1,-1
99926009,2026-05-18 14:53:01+05:30,53372.7,0,0.0,0,0.0,0.0,53282.15,53619.2,52783.45,53710.35,0,0.0,0.0,0.0,0.0,-0.01,-1,-1,-0.01,-1,-1,-0.01,-1,-1,-0.01,-1,-1,-0.01,-1,-1,-0.01,-1,-1,-0.01,-1,-1,-0.01,-1,-1,-0.01,-1,-1,-0.01,-1,-1
99926009,2026-05-18 14:53:01+05:30,53373.5,0,0.0,0,0.0,0.0,53282.15,53619.2,52783.45,53710.35,0,0.0,0.0,0.0,0.0,-0.01,-1,-1,-0.01,-1,-1,-0.01,-1,-1,-0.01,-1,-1,-0.01,-1,-1,-0.01,-1,-1,-0.01,-1,-1,-0.01,-1,-1,-0.01,-1,-1,-0.01,-1,-1
99926009,2026-05-18 14:53:02+05:30,53371.45,0,0.0,0,0.0,0.0,53282.15,53619.2,52783.45,53710.35,0,0.0,0.0,0.0,0.0,-0.01,-1,-1,-0.01,-1,-1,-0.01,-1,-1,-0.01,-1,-1,-0.01,-1,-1,-0.01,-1,-1,-0.01,-1,-1,-0.01,-1,-1,-0.01,-1,-1,-0.01,-1,-1
99926009,2026-05-18 14:53:02+05:30,53370.8,0,0.0,0,0.0,0.0,53282.15,53619.2,52783.45,53710.35,0,0.0,0.0,0.0,0.0,-0.01,-1,-1,-0.01,-1,-1,-0.01,-1,-1,-0.01,-1,-1,-0.01,-1,-1,-0.01,-1,-1,-0.01,-1,-1,-0.01,-1,-1,-0.01,-1,-1,-0.01,-1,-1
99926009,2026-05-18 14:53:03+05:30,53376.05,0,0.0,0,0.0,0.0,53282.15,53619.2,52783.45,53710.35,0,0.0,0.0,0.0,0.0,-0.01,-1,-1,-0.01,-1,-1,-0.01,-1,-1,-0.01,-1,-1,-0.01,-1,-1,-0.01,-1,-1,-0.01,-1,-1,-0.01,-1,-1,-0.01,-1,-1,-0.01,-1,-1
99926009,2026-05-18 14:53:03+05:30,53371.1,0,0.0,0,0.0,0.0,53282.15,53619.2,52783.45,53710.35,0,0.0,0.0,0.0,0.0,-0.01,-1,-1,-0.01,-1,-1,-0.01,-1,-1,-0.01,-1,-1,-0.01,-1,-1,-0.01,-1,-1,-0.01,-1,-1,-0.01,-1,-1,-0.01,-1,-1,-0.01,-1,-1
99926009,2026-05-18 14:53:04+05:30,53373.25,0,0.0,0,0.0,0.0,53282.15,53619.2,52783.45,53710.35,0,0.0,0.0,0.0,0.0,-0.01,-1,-1,-0.01,-1,-1,-0.01,-1,-1,-0.01,-1,-1,-0.01,-1,-1,-0.01,-1,-1,-0.01,-1,-1,-0.01,-1,-1,-0.01,-1,-1,-0.01,-1,-1
99926009,2026-05-18 14:53:04+05:30,53376.2,0,0.0,0,0.0,0.0,53282.15,53619.2,52783.45,53710.35,0,0.0,0.0,0.0,0.0,-0.01,-1,-1,-0.01,-1,-1,-0.01,-1,-1,-0.01,-1,-1,-0.01,-1,-1,-0.01,-1,-1,-0.01,-1,-1,-0.01,-1,-1,-0.01,-1,-1,-0.01,-1,-1
99926009,2026-05-18 14:53:05+05:30,53372.3,0,0.0,0,0.0,0.0,53282.15,53619.2,52783.45,53710.35,0,0.0,0.0,0.0,0.0,-0.01,-1,-1,-0.01,-1,-1,-0.01,-1,-1,-0.01,-1,-1,-0.01,-1,-1,-0.01,-1,-1,-0.01,-1,-1,-0.01,-1,-1,-0.01,-1,-1,-0.01,-1,-1
99926009,2026-05-18 14:53:05+05:30,53377.35,0,0.0,0,0.0,0.0,53282.15,53619.2,52783.45,53710.35,0,0.0,0.0,0.0,0.0,-0.01,-1,-1,-0.01,-1,-1,-0.01,-1,-1,-0.01,-1,-1,-0.01,-1,-1,-0.01,-1,-1,-0.01,-1,-1,-0.01,-1,-1,-0.01,-1,-1,-0.01,-1,-1
99926009,2026-05-18 14:53:06+05:30,53378.05,0,0.0,0,0.0,0.0,53282.15,53619.2,52783.45,53710.35,0,0.0,0.0,0.0,0.0,-0.01,-1,-1,-0.01,-1,-1,-0.01,-1,-1,-0.01,-1,-1,-0.01,-1,-1,-0.01,-1,-1,-0.01,-1,-1,-0.01,-1,-1,-0.01,-1,-1,-0.01,-1,-1
99926009,2026-05-18 14:53:06+05:30,53379.5,0,0.0,0,0.0,0.0,53282.15,53619.2,52783.45,53710.35,0,0.0,0.0,0.0,0.0,-0.01,-1,-1,-0.01,-1,-1,-0.01,-1,-1,-0.01,-1,-1,-0.01,-1,-1,-0.01,-1,-1,-0.01,-1,-1,-0.01,-1,-1,-0.01,-1,-1,-0.01,-1,-1
99926009,2026-05-18 14:53:07+05:30,53380.6,0,0.0,0,0.0,0.0,53282.15,53619.2,52783.45,53710.35,0,0.0,0.0,0.0,0.0,-0.01,-1,-1,-0.01,-1,-1,-0.01,-1,-1,-0.01,-1,-1,-0.01,-1,-1,-0.01,-1,-1,-0.01,-1,-1,-0.01,-1,-1,-0.01,-1,-1,-0.01,-1,-1
99926009,2026-05-18 14:53:07+05:30,53378.3,0,0.0,0,0.0,0.0,53282.15,53619.2,52783.45,53710.35,0,0.0,0.0,0.0,0.0,-0.01,-1,-1,-0.01,-1,-1,-0.01,-1,-1,-0.01,-1,-1,-0.01,-1,-1,-0.01,-1,-1,-0.01,-1,-1,-0.01,-1,-1,-0.01,-1,-1,-0.01,-1,-1
99926009,2026-05-18 14:53:08+05:30,53372.85,0,0.0,0,0.0,0.0,53282.15,53619.2,52783.45,53710.35,0,0.0,0.0,0.0,0.0,-0.01,-1,-1,-0.01,-1,-1,-0.01,-1,-1,-0.01,-1,-1,-0.01,-1,-1,-0.01,-1,-1,-0.01,-1,-1,-0.01,-1,-1,-0.01,-1,-1,-0.01,-1,-1
99926009,2026-05-18 14:53:08+05:30,53372.05,0,0.0,0,0.0,0.0,53282.15,53619.2,52783.45,53710.35,0,0.0,0.0,0.0,0.0,-0.01,-1,-1,-0.01,-1,-1,-0.01,-1,-1,-0.01,-1,-1,-0.01,-1,-1,-0.01,-1,-1,-0.01,-1,-1,-0.01,-1,-1,-0.01,-1,-1,-0.01,-1,-1
99926009,2026-05-18 14:53:09+05:30,53371.15,0,0.0,0,0.0,0.0,53282.15,53619.2,52783.45,53710.35,0,0.0,0.0,0.0,0.0,-0.01,-1,-1,-0.01,-1,-1,-0.01,-1,-1,-0.01,-1,-1,-0.01,-1,-1,-0.01,-1,-1,-0.01,-1,-1,-0.01,-1,-1,-0.01,-1,-1,-0.01,-1,-1
99926009,2026-05-18 14:53:09+05:30,53370.9,0,0.0,0,0.0,0.0,53282.15,53619.2,52783.45,53710.35,0,0.0,0.0,0.0,0.0,-0.01,-1,-1,-0.01,-1,-1,-0.01,-1,-1,-0.01,-1,-1,-0.01,-1,-1,-0.01,-1,-1,-0.01,-1,-1,-0.01,-1,-1,-0.01,-1,-1,-0.01,-1,-1
99926009,2026-05-18 14:53:10+05:30,53374.05,0,0.0,0,0.0,0.0,53282.15,53619.2,52783.45,53710.35,0,0.0,0.0,0.0,0.0,-0.01,-1,-1,-0.01,-1,-1,-0.01,-1,-1,-0.01,-1,-1,-0.01,-1,-1,-0.01,-1,-1,-0.01,-1,-1,-0.01,-1,-1,-0.01,-1,-1,-0.01,-1,-1
99926009,2026-05-18 14:53:10+05:30,53371.3,0,0.0,0,0.0,0.0,53282.15,53619.2,52783.45,53710.35,0,0.0,0.0,0.0,0.0,-0.01,-1,-1,-0.01,-1,-1,-0.01,-1,-1,-0.01,-1,-1,-0.01,-1,-1,-0.01,-1,-1,-0.01,-1,-1,-0.01,-1,-1,-0.01,-1,-1,-0.01,-1,-1
99926009,2026-05-18 14:53:11+05:30,53371.5,0,0.0,0,0.0,0.0,53282.15,53619.2,52783.45,53710.35,0,0.0,0.0,0.0,0.0,-0.01,-1,-1,-0.01,-1,-1,-0.01,-1,-1,-0.01,-1,-1,-0.01,-1,-1,-0.01,-1,-1,-0.01,-1,-1,-0.01,-1,-1,-0.01,-1,-1,-0.01,-1,-1
99926009,2026-05-18 14:53:11+05:30,53371.9,0,0.0,0,0.0,0.0,53282.15,53619.2,52783.45,53710.35,0,0.0,0.0,0.0,0.0,-0.01,-1,-1,-0.01,-1,-1,-0.01,-1,-1,-0.01,-1,-1,-0.01,-1,-1,-0.01,-1,-1,-0.01,-1,-1,-0.01,-1,-1,-0.01,-1,-1,-0.01,-1,-1
99926009,2026-05-18 14:53:12+05:30,53371.95,0,0.0,0,0.0,0.0,53282.15,53619.2,52783.45,53710.35,0,0.0,0.0,0.0,0.0,-0.01,-1,-1,-0.01,-1,-1,-0.01,-1,-1,-0.01,-1,-1,-0.01,-1,-1,-0.01,-1,-1,-0.01,-1,-1,-0.01,-1,-1,-0.01,-1,-1,-0.01,-1,-1
99926009,2026-05-18 14:53:12+05:30,53368.75,0,0.0,0,0.0,0.0,53282.15,53619.2,52783.45,53710.35,0,0.0,0.0,0.0,0.0,-0.01,-1,-1,-0.01,-1,-1,-0.01,-1,-1,-0.01,-1,-1,-0.01,-1,-1,-0.01,-1,-1,-0.01,-1,-1,-0.01,-1,-1,-0.01,-1,-1,-0.01,-1,-1
99926009,2026-05-18 14:53:13+05:30,53370.5,0,0.0,0,0.0,0.0,53282.15,53619.2,52783.45,53710.35,0,0.0,0.0,0.0,0.0,-0.01,-1,-1,-0.01,-1,-1,-0.01,-1,-1,-0.01,-1,-1,-0.01,-1,-1,-0.01,-1,-1,-0.01,-1,-1,-0.01,-1,-1,-0.01,-1,-1,-0.01,-1,-1
99926009,2026-05-18 14:53:13+05:30,53363.9,0,0.0,0,0.0,0.0,53282.15,53619.2,52783.45,53710.35,0,0.0,0.0,0.0,0.0,-0.01,-1,-1,-0.01,-1,-1,-0.01,-1,-1,-0.01,-1,-1,-0.01,-1,-1,-0.01,-1,-1,-0.01,-1,-1,-0.01,-1,-1,-0.01,-1,-1,-0.01,-1,-1
99926009,2026-05-18 14:53:14+05:30,53370.65,0,0.0,0,0.0,0.0,53282.15,53619.2,52783.45,53710.35,0,0.0,0.0,0.0,0.0,-0.01,-1,-1,-0.01,-1,-1,-0.01,-1,-1,-0.01,-1,-1,-0.01,-1,-1,-0.01,-1,-1,-0.01,-1,-1,-0.01,-1,-1,-0.01,-1,-1,-0.01,-1,-1
99926009,2026-05-18 14:53:14+05:30,53369.0,0,0.0,0,0.0,0.0,53282.15,53619.2,52783.45,53710.35,0,0.0,0.0,0.0,0.0,-0.01,-1,-1,-0.01,-1,-1,-0.01,-1,-1,-0.01,-1,-1,-0.01,-1,-1,-0.01,-1,-1,-0.01,-1,-1,-0.01,-1,-1,-0.01,-1,-1,-0.01,-1,-1
99926009,2026-05-18 14:53:15+05:30,53367.65,0,0.0,0,0.0,0.0,53282.15,53619.2,52783.45,53710.35,0,0.0,0.0,0.0,0.0,-0.01,-1,-1,-0.01,-1,-1,-0.01,-1,-1,-0.01,-1,-1,-0.01,-1,-1,-0.01,-1,-1,-0.01,-1,-1,-0.01,-1,-1,-0.01,-1,-1,-0.01,-1,-1
99926009,2026-05-18 14:53:15+05:30,53368.65,0,0.0,0,0.0,0.0,53282.15,53619.2,52783.45,53710.35,0,0.0,0.0,0.0,0.0,-0.01,-1,-1,-0.01,-1,-1,-0.01,-1,-1,-0.01,-1,-1,-0.01,-1,-1,-0.01,-1,-1,-0.01,-1,-1,-0.01,-1,-1,-0.01,-1,-1,-0.01,-1,-1
99926009,2026-05-18 14:53:16+05:30,53369.0,0,0.0,0,0.0,0.0,53282.15,53619.2,52783.45,53710.35,0,0.0,0.0,0.0,0.0,-0.01,-1,-1,-0.01,-1,-1,-0.01,-1,-1,-0.01,-1,-1,-0.01,-1,-1,-0.01,-1,-1,-0.01,-1,-1,-0.01,-1,-1,-0.01,-1,-1,-0.01,-1,-1
99926009,2026-05-18 14:53:16+05:30,53370.5,0,0.0,0,0.0,0.0,53282.15,53619.2,52783.45,53710.35,0,0.0,0.0,0.0,0.0,-0.01,-1,-1,-0.01,-1,-1,-0.01,-1,-1,-0.01,-1,-1,-0.01,-1,-1,-0.01,-1,-1,-0.01,-1,-1,-0.01,-1,-1,-0.01,-1,-1,-0.01,-1,-1
99926009,2026-05-18 14:53:17+05:30,53366.75,0,0.0,0,0.0,0.0,53282.15,53619.2,52783.45,53710.35,0,0.0,0.0,0.0,0.0,-0.01,-1,-1,-0.01,-1,-1,-0.01,-1,-1,-0.01,-1,-1,-0.01,-1,-1,-0.01,-1,-1,-0.01,-1,-1,-0.01,-1,-1,-0.01,-1,-1,-0.01,-1,-1
99926009,2026-05-18 14:53:17+05:30,53368.4,0,0.0,0,0.0,0.0,53282.15,53619.2,52783.45,53710.35,0,0.0,0.0,0.0,0.0,-0.01,-1,-1,-0.01,-1,-1,-0.01,-1,-1,-0.01,-1,-1,-0.01,-1,-1,-0.01,-1,-1,-0.01,-1,-1,-0.01,-1,-1,-0.01,-1,-1,-0.01,-1,-1
99926009,2026-05-18 14:53:18+05:30,53368.95,0,0.0,0,0.0,0.0,53282.15,53619.2,52783.45,53710.35,0,0.0,0.0,0.0,0.0,-0.01,-1,-1,-0.01,-1,-1,-0.01,-1,-1,-0.01,-1,-1,-0.01,-1,-1,-0.01,-1,-1,-0.01,-1,-1,-0.01,-1,-1,-0.01,-1,-1,-0.01,-1,-1
99926009,2026-05-18 14:53:18+05:30,53368.8,0,0.0,0,0.0,0.0,53282.15,53619.2,52783.45,53710.35,0,0.0,0.0,0.0,0.0,-0.01,-1,-1,-0.01,-1,-1,-0.01,-1,-1,-0.01,-1,-1,-0.01,-1,-1,-0.01,-1,-1,-0.01,-1,-1,-0.01,-1,-1,-0.01,-1,-1,-0.01,-1,-1
99926009,2026-05-18 14:53:19+05:30,53370.5,0,0.0,0,0.0,0.0,53282.15,53619.2,52783.45,53710.35,0,0.0,0.0,0.0,0.0,-0.01,-1,-1,-0.01,-1,-1,-0.01,-1,-1,-0.01,-1,-1,-0.01,-1,-1,-0.01,-1,-1,-0.01,-1,-1,-0.01,-1,-1,-0.01,-1,-1,-0.01,-1,-1
99926009,2026-05-18 14:53:19+05:30,53370.2,0,0.0,0,0.0,0.0,53282.15,53619.2,52783.45,53710.35,0,0.0,0.0,0.0,0.0,-0.01,-1,-1,-0.01,-1,-1,-0.01,-1,-1,-0.01,-1,-1,-0.01,-1,-1,-0.01,-1,-1,-0.01,-1,-1,-0.01,-1,-1,-0.01,-1,-1,-0.01,-1,-1
99926009,2026-05-18 14:53:20+05:30,53371.45,0,0.0,0,0.0,0.0,53282.15,53619.2,52783.45,53710.35,0,0.0,0.0,0.0,0.0,-0.01,-1,-1,-0.01,-1,-1,-0.01,-1,-1,-0.01,-1,-1,-0.01,-1,-1,-0.01,-1,-1,-0.01,-1,-1,-0.01,-1,-1,-0.01,-1,-1,-0.01,-1,-1
99926009,2026-05-18 14:53:20+05:30,53371.45,0,0.0,0,0.0,0.0,53282.15,53619.2,52783.45,53710.35,0,0.0,0.0,0.0,0.0,-0.01,-1,-1,-0.01,-1,-1,-0.01,-1,-1,-0.01,-1,-1,-0.01,-1,-1,-0.01,-1,-1,-0.01,-1,-1,-0.01,-1,-1,-0.01,-1,-1,-0.01,-1,-1
99926009,2026-05-18 14:53:21+05:30,53370.05,0,0.0,0,0.0,0.0,53282.15,53619.2,52783.45,53710.35,0,0.0,0.0,0.0,0.0,-0.01,-1,-1,-0.01,-1,-1,-0.01,-1,-1,-0.01,-1,-1,-0.01,-1,-1,-0.01,-1,-1,-0.01,-1,-1,-0.01,-1,-1,-0.01,-1,-1,-0.01,-1,-1
99926009,2026-05-18 14:53:21+05:30,53372.25,0,0.0,0,0.0,0.0,53282.15,53619.2,52783.45,53710.35,0,0.0,0.0,0.0,0.0,-0.01,-1,-1,-0.01,-1,-1,-0.01,-1,-1,-0.01,-1,-1,-0.01,-1,-1,-0.01,-1,-1,-0.01,-1,-1,-0.01,-1,-1,-0.01,-1,-1,-0.01,-1,-1
99926009,2026-05-18 14:53:22+05:30,53373.15,0,0.0,0,0.0,0.0,53282.15,53619.2,52783.45,53710.35,0,0.0,0.0,0.0,0.0,-0.01,-1,-1,-0.01,-1,-1,-0.01,-1,-1,-0.01,-1,-1,-0.01,-1,-1,-0.01,-1,-1,-0.01,-1,-1,-0.01,-1,-1,-0.01,-1,-1,-0.01,-1,-1
99926009,2026-05-18 14:53:22+05:30,53370.3,0,0.0,0,0.0,0.0,53282.15,53619.2,52783.45,53710.35,0,0.0,0.0,0.0,0.0,-0.01,-1,-1,-0.01,-1,-1,-0.01,-1,-1,-0.01,-1,-1,-0.01,-1,-1,-0.01,-1,-1,-0.01,-1,-1,-0.01,-1,-1,-0.01,-1,-1,-0.01,-1,-1
99926009,2026-05-18 14:53:23+05:30,53368.65,0,0.0,0,0.0,0.0,53282.15,53619.2,52783.45,53710.35,0,0.0,0.0,0.0,0.0,-0.01,-1,-1,-0.01,-1,-1,-0.01,-1,-1,-0.01,-1,-1,-0.01,-1,-1,-0.01,-1,-1,-0.01,-1,-1,-0.01,-1,-1,-0.01,-1,-1,-0.01,-1,-1
99926009,2026-05-18 14:53:23+05:30,53368.9,0,0.0,0,0.0,0.0,53282.15,53619.2,52783.45,53710.35,0,0.0,0.0,0.0,0.0,-0.01,-1,-1,-0.01,-1,-1,-0.01,-1,-1,-0.01,-1,-1,-0.01,-1,-1,-0.01,-1,-1,-0.01,-1,-1,-0.01,-1,-1,-0.01,-1,-1,-0.01,-1,-1
99926009,2026-05-18 14:53:24+05:30,53371.55,0,0.0,0,0.0,0.0,53282.15,53619.2,52783.45,53710.35,0,0.0,0.0,0.0,0.0,-0.01,-1,-1,-0.01,-1,-1,-0.01,-1,-1,-0.01,-1,-1,-0.01,-1,-1,-0.01,-1,-1,-0.01,-1,-1,-0.01,-1,-1,-0.01,-1,-1,-0.01,-1,-1
99926009,2026-05-18 14:53:24+05:30,53368.5,0,0.0,0,0.0,0.0,53282.15,53619.2,52783.45,53710.35,0,0.0,0.0,0.0,0.0,-0.01,-1,-1,-0.01,-1,-1,-0.01,-1,-1,-0.01,-1,-1,-0.01,-1,-1,-0.01,-1,-1,-0.01,-1,-1,-0.01,-1,-1,-0.01,-1,-1,-0.01,-1,-1
99926009,2026-05-18 14:53:25+05:30,53367.15,0,0.0,0,0.0,0.0,53282.15,53619.2,52783.45,53710.35,0,0.0,0.0,0.0,0.0,-0.01,-1,-1,-0.01,-1,-1,-0.01,-1,-1,-0.01,-1,-1,-0.01,-1,-1,-0.01,-1,-1,-0.01,-1,-1,-0.01,-1,-1,-0.01,-1,-1,-0.01,-1,-1
99926009,2026-05-18 14:53:25+05:30,53371.35,0,0.0,0,0.0,0.0,53282.15,53619.2,52783.45,53710.35,0,0.0,0.0,0.0,0.0,-0.01,-1,-1,-0.01,-1,-1,-0.01,-1,-1,-0.01,-1,-1,-0.01,-1,-1,-0.01,-1,-1,-0.01,-1,-1,-0.01,-1,-1,-0.01,-1,-1,-0.01,-1,-1
99926009,2026-05-18 14:53:26+05:30,53370.9,0,0.0,0,0.0,0.0,53282.15,53619.2,52783.45,53710.35,0,0.0,0.0,0.0,0.0,-0.01,-1,-1,-0.01,-1,-1,-0.01,-1,-1,-0.01,-1,-1,-0.01,-1,-1,-0.01,-1,-1,-0.01,-1,-1,-0.01,-1,-1,-0.01,-1,-1,-0.01,-1,-1
99926009,2026-05-18 14:53:26+05:30,53371.1,0,0.0,0,0.0,0.0,53282.15,53619.2,52783.45,53710.35,0,0.0,0.0,0.0,0.0,-0.01,-1,-1,-0.01,-1,-1,-0.01,-1,-1,-0.01,-1,-1,-0.01,-1,-1,-0.01,-1,-1,-0.01,-1,-1,-0.01,-1,-1,-0.01,-1,-1,-0.01,-1,-1
99926009,2026-05-18 14:53:27+05:30,53372.95,0,0.0,0,0.0,0.0,53282.15,53619.2,52783.45,53710.35,0,0.0,0.0,0.0,0.0,-0.01,-1,-1,-0.01,-1,-1,-0.01,-1,-1,-0.01,-1,-1,-0.01,-1,-1,-0.01,-1,-1,-0.01,-1,-1,-0.01,-1,-1,-0.01,-1,-1,-0.01,-1,-1
99926009,2026-05-18 14:53:27+05:30,53371.55,0,0.0,0,0.0,0.0,53282.15,53619.2,52783.45,53710.35,0,0.0,0.0,0.0,0.0,-0.01,-1,-1,-0.01,-1,-1,-0.01,-1,-1,-0.01,-1,-1,-0.01,-1,-1,-0.01,-1,-1,-0.01,-1,-1,-0.01,-1,-1,-0.01,-1,-1,-0.01,-1,-1
99926009,2026-05-18 14:53:28+05:30,53371.35,0,0.0,0,0.0,0.0,53282.15,53619.2,52783.45,53710.35,0,0.0,0.0,0.0,0.0,-0.01,-1,-1,-0.01,-1,-1,-0.01,-1,-1,-0.01,-1,-1,-0.01,-1,-1,-0.01,-1,-1,-0.01,-1,-1,-0.01,-1,-1,-0.01,-1,-1,-0.01,-1,-1
99926009,2026-05-18 14:53:28+05:30,53373.15,0,0.0,0,0.0,0.0,53282.15,53619.2,52783.45,53710.35,0,0.0,0.0,0.0,0.0,-0.01,-1,-1,-0.01,-1,-1,-0.01,-1,-1,-0.01,-1,-1,-0.01,-1,-1,-0.01,-1,-1,-0.01,-1,-1,-0.01,-1,-1,-0.01,-1,-1,-0.01,-1,-1
99926009,2026-05-18 14:53:29+05:30,53371.65,0,0.0,0,0.0,0.0,53282.15,53619.2,52783.45,53710.35,0,0.0,0.0,0.0,0.0,-0.01,-1,-1,-0.01,-1,-1,-0.01,-1,-1,-0.01,-1,-1,-0.01,-1,-1,-0.01,-1,-1,-0.01,-1,-1,-0.01,-1,-1,-0.01,-1,-1,-0.01,-1,-1
99926009,2026-05-18 14:53:29+05:30,53371.45,0,0.0,0,0.0,0.0,53282.15,53619.2,52783.45,53710.35,0,0.0,0.0,0.0,0.0,-0.01,-1,-1,-0.01,-1,-1,-0.01,-1,-1,-0.01,-1,-1,-0.01,-1,-1,-0.01,-1,-1,-0.01,-1,-1,-0.01,-1,-1,-0.01,-1,-1,-0.01,-1,-1
99926009,2026-05-18 14:53:30+05:30,53369.95,0,0.0,0,0.0,0.0,53282.15,53619.2,52783.45,53710.35,0,0.0,0.0,0.0,0.0,-0.01,-1,-1,-0.01,-1,-1,-0.01,-1,-1,-0.01,-1,-1,-0.01,-1,-1,-0.01,-1,-1,-0.01,-1,-1,-0.01,-1,-1,-0.01,-1,-1,-0.01,-1,-1
99926009,2026-05-18 14:53:30+05:30,53372.6,0,0.0,0,0.0,0.0,53282.15,53619.2,52783.45,53710.35,0,0.0,0.0,0.0,0.0,-0.01,-1,-1,-0.01,-1,-1,-0.01,-1,-1,-0.01,-1,-1,-0.01,-1,-1,-0.01,-1,-1,-0.01,-1,-1,-0.01,-1,-1,-0.01,-1,-1,-0.01,-1,-1
99926009,2026-05-18 14:53:31+05:30,53369.75,0,0.0,0,0.0,0.0,53282.15,53619.2,52783.45,53710.35,0,0.0,0.0,0.0,0.0,-0.01,-1,-1,-0.01,-1,-1,-0.01,-1,-1,-0.01,-1,-1,-0.01,-1,-1,-0.01,-1,-1,-0.01,-1,-1,-0.01,-1,-1,-0.01,-1,-1,-0.01,-1,-1
99926009,2026-05-18 14:53:31+05:30,53370.45,0,0.0,0,0.0,0.0,53282.15,53619.2,52783.45,53710.35,0,0.0,0.0,0.0,0.0,-0.01,-1,-1,-0.01,-1,-1,-0.01,-1,-1,-0.01,-1,-1,-0.01,-1,-1,-0.01,-1,-1,-0.01,-1,-1,-0.01,-1,-1,-0.01,-1,-1,-0.01,-1,-1
99926009,2026-05-18 14:53:32+05:30,53369.2,0,0.0,0,0.0,0.0,53282.15,53619.2,52783.45,53710.35,0,0.0,0.0,0.0,0.0,-0.01,-1,-1,-0.01,-1,-1,-0.01,-1,-1,-0.01,-1,-1,-0.01,-1,-1,-0.01,-1,-1,-0.01,-1,-1,-0.01,-1,-1,-0.01,-1,-1,-0.01,-1,-1
99926009,2026-05-18 14:53:32+05:30,53371.3,0,0.0,0,0.0,0.0,53282.15,53619.2,52783.45,53710.35,0,0.0,0.0,0.0,0.0,-0.01,-1,-1,-0.01,-1,-1,-0.01,-1,-1,-0.01,-1,-1,-0.01,-1,-1,-0.01,-1,-1,-0.01,-1,-1,-0.01,-1,-1,-0.01,-1,-1,-0.01,-1,-1
99926009,2026-05-18 14:53:33+05:30,53371.1,0,0.0,0,0.0,0.0,53282.15,53619.2,52783.45,53710.35,0,0.0,0.0,0.0,0.0,-0.01,-1,-1,-0.01,-1,-1,-0.01,-1,-1,-0.01,-1,-1,-0.01,-1,-1,-0.01,-1,-1,-0.01,-1,-1,-0.01,-1,-1,-0.01,-1,-1,-0.01,-1,-1
99926009,2026-05-18 14:53:33+05:30,53371.5,0,0.0,0,0.0,0.0,53282.15,53619.2,52783.45,53710.35,0,0.0,0.0,0.0,0.0,-0.01,-1,-1,-0.01,-1,-1,-0.01,-1,-1,-0.01,-1,-1,-0.01,-1,-1,-0.01,-1,-1,-0.01,-1,-1,-0.01,-1,-1,-0.01,-1,-1,-0.01,-1,-1
99926009,2026-05-18 14:53:34+05:30,53376.35,0,0.0,0,0.0,0.0,53282.15,53619.2,52783.45,53710.35,0,0.0,0.0,0.0,0.0,-0.01,-1,-1,-0.01,-1,-1,-0.01,-1,-1,-0.01,-1,-1,-0.01,-1,-1,-0.01,-1,-1,-0.01,-1,-1,-0.01,-1,-1,-0.01,-1,-1,-0.01,-1,-1
99926009,2026-05-18 14:53:34+05:30,53374.05,0,0.0,0,0.0,0.0,53282.15,53619.2,52783.45,53710.35,0,0.0,0.0,0.0,0.0,-0.01,-1,-1,-0.01,-1,-1,-0.01,-1,-1,-0.01,-1,-1,-0.01,-1,-1,-0.01,-1,-1,-0.01,-1,-1,-0.01,-1,-1,-0.01,-1,-1,-0.01,-1,-1
99926009,2026-05-18 14:53:35+05:30,53369.1,0,0.0,0,0.0,0.0,53282.15,53619.2,52783.45,53710.35,0,0.0,0.0,0.0,0.0,-0.01,-1,-1,-0.01,-1,-1,-0.01,-1,-1,-0.01,-1,-1,-0.01,-1,-1,-0.01,-1,-1,-0.01,-1,-1,-0.01,-1,-1,-0.01,-1,-1,-0.01,-1,-1
99926009,2026-05-18 14:53:35+05:30,53370.2,0,0.0,0,0.0,0.0,53282.15,53619.2,52783.45,53710.35,0,0.0,0.0,0.0,0.0,-0.01,-1,-1,-0.01,-1,-1,-0.01,-1,-1,-0.01,-1,-1,-0.01,-1,-1,-0.01,-1,-1,-0.01,-1,-1,-0.01,-1,-1,-0.01,-1,-1,-0.01,-1,-1
99926009,2026-05-18 14:53:36+05:30,53372.6,0,0.0,0,0.0,0.0,53282.15,53619.2,52783.45,53710.35,0,0.0,0.0,0.0,0.0,-0.01,-1,-1,-0.01,-1,-1,-0.01,-1,-1,-0.01,-1,-1,-0.01,-1,-1,-0.01,-1,-1,-0.01,-1,-1,-0.01,-1,-1,-0.01,-1,-1,-0.01,-1,-1
99926009,2026-05-18 14:53:36+05:30,53370.7,0,0.0,0,0.0,0.0,53282.15,53619.2,52783.45,53710.35,0,0.0,0.0,0.0,0.0,-0.01,-1,-1,-0.01,-1,-1,-0.01,-1,-1,-0.01,-1,-1,-0.01,-1,-1,-0.01,-1,-1,-0.01,-1,-1,-0.01,-1,-1,-0.01,-1,-1,-0.01,-1,-1
99926009,2026-05-18 14:53:37+05:30,53370.95,0,0.0,0,0.0,0.0,53282.15,53619.2,52783.45,53710.35,0,0.0,0.0,0.0,0.0,-0.01,-1,-1,-0.01,-1,-1,-0.01,-1,-1,-0.01,-1,-1,-0.01,-1,-1,-0.01,-1,-1,-0.01,-1,-1,-0.01,-1,-1,-0.01,-1,-1,-0.01,-1,-1
99926009,2026-05-18 14:53:37+05:30,53370.25,0,0.0,0,0.0,0.0,53282.15,53619.2,52783.45,53710.35,0,0.0,0.0,0.0,0.0,-0.01,-1,-1,-0.01,-1,-1,-0.01,-1,-1,-0.01,-1,-1,-0.01,-1,-1,-0.01,-1,-1,-0.01,-1,-1,-0.01,-1,-1,-0.01,-1,-1,-0.01,-1,-1
99926009,2026-05-18 14:53:38+05:30,53372.25,0,0.0,0,0.0,0.0,53282.15,53619.2,52783.45,53710.35,0,0.0,0.0,0.0,0.0,-0.01,-1,-1,-0.01,-1,-1,-0.01,-1,-1,-0.01,-1,-1,-0.01,-1,-1,-0.01,-1,-1,-0.01,-1,-1,-0.01,-1,-1,-0.01,-1,-1,-0.01,-1,-1
99926009,2026-05-18 14:53:38+05:30,53364.65,0,0.0,0,0.0,0.0,53282.15,53619.2,52783.45,53710.35,0,0.0,0.0,0.0,0.0,-0.01,-1,-1,-0.01,-1,-1,-0.01,-1,-1,-0.01,-1,-1,-0.01,-1,-1,-0.01,-1,-1,-0.01,-1,-1,-0.01,-1,-1,-0.01,-1,-1,-0.01,-1,-1
99926009,2026-05-18 14:53:39+05:30,53367.6,0,0.0,0,0.0,0.0,53282.15,53619.2,52783.45,53710.35,0,0.0,0.0,0.0,0.0,-0.01,-1,-1,-0.01,-1,-1,-0.01,-1,-1,-0.01,-1,-1,-0.01,-1,-1,-0.01,-1,-1,-0.01,-1,-1,-0.01,-1,-1,-0.01,-1,-1,-0.01,-1,-1
99926009,2026-05-18 14:53:39+05:30,53369.25,0,0.0,0,0.0,0.0,53282.15,53619.2,52783.45,53710.35,0,0.0,0.0,0.0,0.0,-0.01,-1,-1,-0.01,-1,-1,-0.01,-1,-1,-0.01,-1,-1,-0.01,-1,-1,-0.01,-1,-1,-0.01,-1,-1,-0.01,-1,-1,-0.01,-1,-1,-0.01,-1,-1
99926009,2026-05-18 14:53:40+05:30,53366.5,0,0.0,0,0.0,0.0,53282.15,53619.2,52783.45,53710.35,0,0.0,0.0,0.0,0.0,-0.01,-1,-1,-0.01,-1,-1,-0.01,-1,-1,-0.01,-1,-1,-0.01,-1,-1,-0.01,-1,-1,-0.01,-1,-1,-0.01,-1,-1,-0.01,-1,-1,-0.01,-1,-1
99926009,2026-05-18 14:53:40+05:30,53365.95,0,0.0,0,0.0,0.0,53282.15,53619.2,52783.45,53710.35,0,0.0,0.0,0.0,0.0,-0.01,-1,-1,-0.01,-1,-1,-0.01,-1,-1,-0.01,-1,-1,-0.01,-1,-1,-0.01,-1,-1,-0.01,-1,-1,-0.01,-1,-1,-0.01,-1,-1,-0.01,-1,-1
99926009,2026-05-18 14:53:41+05:30,53367.15,0,0.0,0,0.0,0.0,53282.15,53619.2,52783.45,53710.35,0,0.0,0.0,0.0,0.0,-0.01,-1,-1,-0.01,-1,-1,-0.01,-1,-1,-0.01,-1,-1,-0.01,-1,-1,-0.01,-1,-1,-0.01,-1,-1,-0.01,-1,-1,-0.01,-1,-1,-0.01,-1,-1
99926009,2026-05-18 14:53:41+05:30,53367.8,0,0.0,0,0.0,0.0,53282.15,53619.2,52783.45,53710.35,0,0.0,0.0,0.0,0.0,-0.01,-1,-1,-0.01,-1,-1,-0.01,-1,-1,-0.01,-1,-1,-0.01,-1,-1,-0.01,-1,-1,-0.01,-1,-1,-0.01,-1,-1,-0.01,-1,-1,-0.01,-1,-1
99926009,2026-05-18 14:53:42+05:30,53366.4,0,0.0,0,0.0,0.0,53282.15,53619.2,52783.45,53710.35,0,0.0,0.0,0.0,0.0,-0.01,-1,-1,-0.01,-1,-1,-0.01,-1,-1,-0.01,-1,-1,-0.01,-1,-1,-0.01,-1,-1,-0.01,-1,-1,-0.01,-1,-1,-0.01,-1,-1,-0.01,-1,-1
99926009,2026-05-18 14:53:42+05:30,53367.1,0,0.0,0,0.0,0.0,53282.15,53619.2,52783.45,53710.35,0,0.0,0.0,0.0,0.0,-0.01,-1,-1,-0.01,-1,-1,-0.01,-1,-1,-0.01,-1,-1,-0.01,-1,-1,-0.01,-1,-1,-0.01,-1,-1,-0.01,-1,-1,-0.01,-1,-1,-0.01,-1,-1
99926009,2026-05-18 14:53:43+05:30,53365.7,0,0.0,0,0.0,0.0,53282.15,53619.2,52783.45,53710.35,0,0.0,0.0,0.0,0.0,-0.01,-1,-1,-0.01,-1,-1,-0.01,-1,-1,-0.01,-1,-1,-0.01,-1,-1,-0.01,-1,-1,-0.01,-1,-1,-0.01,-1,-1,-0.01,-1,-1,-0.01,-1,-1
99926009,2026-05-18 14:53:43+05:30,53366.75,0,0.0,0,0.0,0.0,53282.15,53619.2,52783.45,53710.35,0,0.0,0.0,0.0,0.0,-0.01,-1,-1,-0.01,-1,-1,-0.01,-1,-1,-0.01,-1,-1,-0.01,-1,-1,-0.01,-1,-1,-0.01,-1,-1,-0.01,-1,-1,-0.01,-1,-1,-0.01,-1,-1
99926009,2026-05-18 14:53:44+05:30,53365.25,0,0.0,0,0.0,0.0,53282.15,53619.2,52783.45,53710.35,0,0.0,0.0,0.0,0.0,-0.01,-1,-1,-0.01,-1,-1,-0.01,-1,-1,-0.01,-1,-1,-0.01,-1,-1,-0.01,-1,-1,-0.01,-1,-1,-0.01,-1,-1,-0.01,-1,-1,-0.01,-1,-1
99926009,2026-05-18 14:53:44+05:30,53365.25,0,0.0,0,0.0,0.0,53282.15,53619.2,52783.45,53710.35,0,0.0,0.0,0.0,0.0,-0.01,-1,-1,-0.01,-1,-1,-0.01,-1,-1,-0.01,-1,-1,-0.01,-1,-1,-0.01,-1,-1,-0.01,-1,-1,-0.01,-1,-1,-0.01,-1,-1,-0.01,-1,-1
99926009,2026-05-18 14:53:45+05:30,53369.35,0,0.0,0,0.0,0.0,53282.15,53619.2,52783.45,53710.35,0,0.0,0.0,0.0,0.0,-0.01,-1,-1,-0.01,-1,-1,-0.01,-1,-1,-0.01,-1,-1,-0.01,-1,-1,-0.01,-1,-1,-0.01,-1,-1,-0.01,-1,-1,-0.01,-1,-1,-0.01,-1,-1
99926009,2026-05-18 14:53:45+05:30,53369.75,0,0.0,0,0.0,0.0,53282.15,53619.2,52783.45,53710.35,0,0.0,0.0,0.0,0.0,-0.01,-1,-1,-0.01,-1,-1,-0.01,-1,-1,-0.01,-1,-1,-0.01,-1,-1,-0.01,-1,-1,-0.01,-1,-1,-0.01,-1,-1,-0.01,-1,-1,-0.01,-1,-1
99926009,2026-05-18 14:53:46+05:30,53370.0,0,0.0,0,0.0,0.0,53282.15,53619.2,52783.45,53710.35,0,0.0,0.0,0.0,0.0,-0.01,-1,-1,-0.01,-1,-1,-0.01,-1,-1,-0.01,-1,-1,-0.01,-1,-1,-0.01,-1,-1,-0.01,-1,-1,-0.01,-1,-1,-0.01,-1,-1,-0.01,-1,-1
99926009,2026-05-18 14:53:46+05:30,53369.95,0,0.0,0,0.0,0.0,53282.15,53619.2,52783.45,53710.35,0,0.0,0.0,0.0,0.0,-0.01,-1,-1,-0.01,-1,-1,-0.01,-1,-1,-0.01,-1,-1,-0.01,-1,-1,-0.01,-1,-1,-0.01,-1,-1,-0.01,-1,-1,-0.01,-1,-1,-0.01,-1,-1
99926009,2026-05-18 14:53:47+05:30,53372.1,0,0.0,0,0.0,0.0,53282.15,53619.2,52783.45,53710.35,0,0.0,0.0,0.0,0.0,-0.01,-1,-1,-0.01,-1,-1,-0.01,-1,-1,-0.01,-1,-1,-0.01,-1,-1,-0.01,-1,-1,-0.01,-1,-1,-0.01,-1,-1,-0.01,-1,-1,-0.01,-1,-1
99926009,2026-05-18 14:53:47+05:30,53372.95,0,0.0,0,0.0,0.0,53282.15,53619.2,52783.45,53710.35,0,0.0,0.0,0.0,0.0,-0.01,-1,-1,-0.01,-1,-1,-0.01,-1,-1,-0.01,-1,-1,-0.01,-1,-1,-0.01,-1,-1,-0.01,-1,-1,-0.01,-1,-1,-0.01,-1,-1,-0.01,-1,-1
99926009,2026-05-18 14:53:48+05:30,53372.5,0,0.0,0,0.0,0.0,53282.15,53619.2,52783.45,53710.35,0,0.0,0.0,0.0,0.0,-0.01,-1,-1,-0.01,-1,-1,-0.01,-1,-1,-0.01,-1,-1,-0.01,-1,-1,-0.01,-1,-1,-0.01,-1,-1,-0.01,-1,-1,-0.01,-1,-1,-0.01,-1,-1
99926009,2026-05-18 14:53:48+05:30,53370.7,0,0.0,0,0.0,0.0,53282.15,53619.2,52783.45,53710.35,0,0.0,0.0,0.0,0.0,-0.01,-1,-1,-0.01,-1,-1,-0.01,-1,-1,-0.01,-1,-1,-0.01,-1,-1,-0.01,-1,-1,-0.01,-1,-1,-0.01,-1,-1,-0.01,-1,-1,-0.01,-1,-1
99926009,2026-05-18 14:53:49+05:30,53369.9,0,0.0,0,0.0,0.0,53282.15,53619.2,52783.45,53710.35,0,0.0,0.0,0.0,0.0,-0.01,-1,-1,-0.01,-1,-1,-0.01,-1,-1,-0.01,-1,-1,-0.01,-1,-1,-0.01,-1,-1,-0.01,-1,-1,-0.01,-1,-1,-0.01,-1,-1,-0.01,-1,-1
99926009,2026-05-18 14:53:49+05:30,53369.45,0,0.0,0,0.0,0.0,53282.15,53619.2,52783.45,53710.35,0,0.0,0.0,0.0,0.0,-0.01,-1,-1,-0.01,-1,-1,-0.01,-1,-1,-0.01,-1,-1,-0.01,-1,-1,-0.01,-1,-1,-0.01,-1,-1,-0.01,-1,-1,-0.01,-1,-1,-0.01,-1,-1
99926009,2026-05-18 14:53:50+05:30,53367.55,0,0.0,0,0.0,0.0,53282.15,53619.2,52783.45,53710.35,0,0.0,0.0,0.0,0.0,-0.01,-1,-1,-0.01,-1,-1,-0.01,-1,-1,-0.01,-1,-1,-0.01,-1,-1,-0.01,-1,-1,-0.01,-1,-1,-0.01,-1,-1,-0.01,-1,-1,-0.01,-1,-1
99926009,2026-05-18 14:53:50+05:30,53366.5,0,0.0,0,0.0,0.0,53282.15,53619.2,52783.45,53710.35,0,0.0,0.0,0.0,0.0,-0.01,-1,-1,-0.01,-1,-1,-0.01,-1,-1,-0.01,-1,-1,-0.01,-1,-1,-0.01,-1,-1,-0.01,-1,-1,-0.01,-1,-1,-0.01,-1,-1,-0.01,-1,-1
99926009,2026-05-18 14:53:51+05:30,53368.1,0,0.0,0,0.0,0.0,53282.15,53619.2,52783.45,53710.35,0,0.0,0.0,0.0,0.0,-0.01,-1,-1,-0.01,-1,-1,-0.01,-1,-1,-0.01,-1,-1,-0.01,-1,-1,-0.01,-1,-1,-0.01,-1,-1,-0.01,-1,-1,-0.01,-1,-1,-0.01,-1,-1
99926009,2026-05-18 14:53:51+05:30,53369.25,0,0.0,0,0.0,0.0,53282.15,53619.2,52783.45,53710.35,0,0.0,0.0,0.0,0.0,-0.01,-1,-1,-0.01,-1,-1,-0.01,-1,-1,-0.01,-1,-1,-0.01,-1,-1,-0.01,-1,-1,-0.01,-1,-1,-0.01,-1,-1,-0.01,-1,-1,-0.01,-1,-1
99926009,2026-05-18 14:53:52+05:30,53366.4,0,0.0,0,0.0,0.0,53282.15,53619.2,52783.45,53710.35,0,0.0,0.0,0.0,0.0,-0.01,-1,-1,-0.01,-1,-1,-0.01,-1,-1,-0.01,-1,-1,-0.01,-1,-1,-0.01,-1,-1,-0.01,-1,-1,-0.01,-1,-1,-0.01,-1,-1,-0.01,-1,-1
99926009,2026-05-18 14:53:52+05:30,53369.35,0,0.0,0,0.0,0.0,53282.15,53619.2,52783.45,53710.35,0,0.0,0.0,0.0,0.0,-0.01,-1,-1,-0.01,-1,-1,-0.01,-1,-1,-0.01,-1,-1,-0.01,-1,-1,-0.01,-1,-1,-0.01,-1,-1,-0.01,-1,-1,-0.01,-1,-1,-0.01,-1,-1
99926009,2026-05-18 14:53:53+05:30,53369.4,0,0.0,0,0.0,0.0,53282.15,53619.2,52783.45,53710.35,0,0.0,0.0,0.0,0.0,-0.01,-1,-1,-0.01,-1,-1,-0.01,-1,-1,-0.01,-1,-1,-0.01,-1,-1,-0.01,-1,-1,-0.01,-1,-1,-0.01,-1,-1,-0.01,-1,-1,-0.01,-1,-1
99926009,2026-05-18 14:53:53+05:30,53367.9,0,0.0,0,0.0,0.0,53282.15,53619.2,52783.45,53710.35,0,0.0,0.0,0.0,0.0,-0.01,-1,-1,-0.01,-1,-1,-0.01,-1,-1,-0.01,-1,-1,-0.01,-1,-1,-0.01,-1,-1,-0.01,-1,-1,-0.01,-1,-1,-0.01,-1,-1,-0.01,-1,-1
99926009,2026-05-18 14:53:54+05:30,53368.75,0,0.0,0,0.0,0.0,53282.15,53619.2,52783.45,53710.35,0,0.0,0.0,0.0,0.0,-0.01,-1,-1,-0.01,-1,-1,-0.01,-1,-1,-0.01,-1,-1,-0.01,-1,-1,-0.01,-1,-1,-0.01,-1,-1,-0.01,-1,-1,-0.01,-1,-1,-0.01,-1,-1
99926009,2026-05-18 14:53:54+05:30,53370.95,0,0.0,0,0.0,0.0,53282.15,53619.2,52783.45,53710.35,0,0.0,0.0,0.0,0.0,-0.01,-1,-1,-0.01,-1,-1,-0.01,-1,-1,-0.01,-1,-1,-0.01,-1,-1,-0.01,-1,-1,-0.01,-1,-1,-0.01,-1,-1,-0.01,-1,-1,-0.01,-1,-1
99926009,2026-05-18 14:53:55+05:30,53369.6,0,0.0,0,0.0,0.0,53282.15,53619.2,52783.45,53710.35,0,0.0,0.0,0.0,0.0,-0.01,-1,-1,-0.01,-1,-1,-0.01,-1,-1,-0.01,-1,-1,-0.01,-1,-1,-0.01,-1,-1,-0.01,-1,-1,-0.01,-1,-1,-0.01,-1,-1,-0.01,-1,-1
99926009,2026-05-18 14:53:55+05:30,53372.15,0,0.0,0,0.0,0.0,53282.15,53619.2,52783.45,53710.35,0,0.0,0.0,0.0,0.0,-0.01,-1,-1,-0.01,-1,-1,-0.01,-1,-1,-0.01,-1,-1,-0.01,-1,-1,-0.01,-1,-1,-0.01,-1,-1,-0.01,-1,-1,-0.01,-1,-1,-0.01,-1,-1
99926009,2026-05-18 14:53:56+05:30,53371.55,0,0.0,0,0.0,0.0,53282.15,53619.2,52783.45,53710.35,0,0.0,0.0,0.0,0.0,-0.01,-1,-1,-0.01,-1,-1,-0.01,-1,-1,-0.01,-1,-1,-0.01,-1,-1,-0.01,-1,-1,-0.01,-1,-1,-0.01,-1,-1,-0.01,-1,-1,-0.01,-1,-1
99926009,2026-05-18 14:53:56+05:30,53373.2,0,0.0,0,0.0,0.0,53282.15,53619.2,52783.45,53710.35,0,0.0,0.0,0.0,0.0,-0.01,-1,-1,-0.01,-1,-1,-0.01,-1,-1,-0.01,-1,-1,-0.01,-1,-1,-0.01,-1,-1,-0.01,-1,-1,-0.01,-1,-1,-0.01,-1,-1,-0.01,-1,-1
99926009,2026-05-18 14:53:57+05:30,53374.45,0,0.0,0,0.0,0.0,53282.15,53619.2,52783.45,53710.35,0,0.0,0.0,0.0,0.0,-0.01,-1,-1,-0.01,-1,-1,-0.01,-1,-1,-0.01,-1,-1,-0.01,-1,-1,-0.01,-1,-1,-0.01,-1,-1,-0.01,-1,-1,-0.01,-1,-1,-0.01,-1,-1
99926009,2026-05-18 14:53:57+05:30,53374.95,0,0.0,0,0.0,0.0,53282.15,53619.2,52783.45,53710.35,0,0.0,0.0,0.0,0.0,-0.01,-1,-1,-0.01,-1,-1,-0.01,-1,-1,-0.01,-1,-1,-0.01,-1,-1,-0.01,-1,-1,-0.01,-1,-1,-0.01,-1,-1,-0.01,-1,-1,-0.01,-1,-1
99926009,2026-05-18 14:53:58+05:30,53373.85,0,0.0,0,0.0,0.0,53282.15,53619.2,52783.45,53710.35,0,0.0,0.0,0.0,0.0,-0.01,-1,-1,-0.01,-1,-1,-0.01,-1,-1,-0.01,-1,-1,-0.01,-1,-1,-0.01,-1,-1,-0.01,-1,-1,-0.01,-1,-1,-0.01,-1,-1,-0.01,-1,-1
99926009,2026-05-18 14:53:58+05:30,53375.6,0,0.0,0,0.0,0.0,53282.15,53619.2,52783.45,53710.35,0,0.0,0.0,0.0,0.0,-0.01,-1,-1,-0.01,-1,-1,-0.01,-1,-1,-0.01,-1,-1,-0.01,-1,-1,-0.01,-1,-1,-0.01,-1,-1,-0.01,-1,-1,-0.01,-1,-1,-0.01,-1,-1
99926009,2026-05-18 14:53:59+05:30,53374.15,0,0.0,0,0.0,0.0,53282.15,53619.2,52783.45,53710.35,0,0.0,0.0,0.0,0.0,-0.01,-1,-1,-0.01,-1,-1,-0.01,-1,-1,-0.01,-1,-1,-0.01,-1,-1,-0.01,-1,-1,-0.01,-1,-1,-0.01,-1,-1,-0.01,-1,-1,-0.01,-1,-1
99926009,2026-05-18 14:53:59+05:30,53373.7,0,0.0,0,0.0,0.0,53282.15,53619.2,52783.45,53710.35,0,0.0,0.0,0.0,0.0,-0.01,-1,-1,-0.01,-1,-1,-0.01,-1,-1,-0.01,-1,-1,-0.01,-1,-1,-0.01,-1,-1,-0.01,-1,-1,-0.01,-1,-1,-0.01,-1,-1,-0.01,-1,-1
99926009,2026-05-18 14:54:00+05:30,53372.65,0,0.0,0,0.0,0.0,53282.15,53619.2,52783.45,53710.35,0,0.0,0.0,0.0,0.0,-0.01,-1,-1,-0.01,-1,-1,-0.01,-1,-1,-0.01,-1,-1,-0.01,-1,-1,-0.01,-1,-1,-0.01,-1,-1,-0.01,-1,-1,-0.01,-1,-1,-0.01,-1,-1
99926009,2026-05-18 14:54:00+05:30,53375.65,0,0.0,0,0.0,0.0,53282.15,53619.2,52783.45,53710.35,0,0.0,0.0,0.0,0.0,-0.01,-1,-1,-0.01,-1,-1,-0.01,-1,-1,-0.01,-1,-1,-0.01,-1,-1,-0.01,-1,-1,-0.01,-1,-1,-0.01,-1,-1,-0.01,-1,-1,-0.01,-1,-1
99926009,2026-05-18 14:54:01+05:30,53376.65,0,0.0,0,0.0,0.0,53282.15,53619.2,52783.45,53710.35,0,0.0,0.0,0.0,0.0,-0.01,-1,-1,-0.01,-1,-1,-0.01,-1,-1,-0.01,-1,-1,-0.01,-1,-1,-0.01,-1,-1,-0.01,-1,-1,-0.01,-1,-1,-0.01,-1,-1,-0.01,-1,-1
99926009,2026-05-18 14:54:01+05:30,53377.7,0,0.0,0,0.0,0.0,53282.15,53619.2,52783.45,53710.35,0,0.0,0.0,0.0,0.0,-0.01,-1,-1,-0.01,-1,-1,-0.01,-1,-1,-0.01,-1,-1,-0.01,-1,-1,-0.01,-1,-1,-0.01,-1,-1,-0.01,-1,-1,-0.01,-1,-1,-0.01,-1,-1
99926009,2026-05-18 14:54:02+05:30,53376.55,0,0.0,0,0.0,0.0,53282.15,53619.2,52783.45,53710.35,0,0.0,0.0,0.0,0.0,-0.01,-1,-1,-0.01,-1,-1,-0.01,-1,-1,-0.01,-1,-1,-0.01,-1,-1,-0.01,-1,-1,-0.01,-1,-1,-0.01,-1,-1,-0.01,-1,-1,-0.01,-1,-1
99926009,2026-05-18 14:54:02+05:30,53375.5,0,0.0,0,0.0,0.0,53282.15,53619.2,52783.45,53710.35,0,0.0,0.0,0.0,0.0,-0.01,-1,-1,-0.01,-1,-1,-0.01,-1,-1,-0.01,-1,-1,-0.01,-1,-1,-0.01,-1,-1,-0.01,-1,-1,-0.01,-1,-1,-0.01,-1,-1,-0.01,-1,-1
99926009,2026-05-18 14:54:03+05:30,53374.5,0,0.0,0,0.0,0.0,53282.15,53619.2,52783.45,53710.35,0,0.0,0.0,0.0,0.0,-0.01,-1,-1,-0.01,-1,-1,-0.01,-1,-1,-0.01,-1,-1,-0.01,-1,-1,-0.01,-1,-1,-0.01,-1,-1,-0.01,-1,-1,-0.01,-1,-1,-0.01,-1,-1
99926009,2026-05-18 14:54:03+05:30,53373.0,0,0.0,0,0.0,0.0,53282.15,53619.2,52783.45,53710.35,0,0.0,0.0,0.0,0.0,-0.01,-1,-1,-0.01,-1,-1,-0.01,-1,-1,-0.01,-1,-1,-0.01,-1,-1,-0.01,-1,-1,-0.01,-1,-1,-0.01,-1,-1,-0.01,-1,-1,-0.01,-1,-1
99926009,2026-05-18 14:54:04+05:30,53373.5,0,0.0,0,0.0,0.0,53282.15,53619.2,52783.45,53710.35,0,0.0,0.0,0.0,0.0,-0.01,-1,-1,-0.01,-1,-1,-0.01,-1,-1,-0.01,-1,-1,-0.01,-1,-1,-0.01,-1,-1,-0.01,-1,-1,-0.01,-1,-1,-0.01,-1,-1,-0.01,-1,-1
99926009,2026-05-18 14:54:04+05:30,53374.45,0,0.0,0,0.0,0.0,53282.15,53619.2,52783.45,53710.35,0,0.0,0.0,0.0,0.0,-0.01,-1,-1,-0.01,-1,-1,-0.01,-1,-1,-0.01,-1,-1,-0.01,-1,-1,-0.01,-1,-1,-0.01,-1,-1,-0.01,-1,-1,-0.01,-1,-1,-0.01,-1,-1
99926009,2026-05-18 14:54:05+05:30,53373.6,0,0.0,0,0.0,0.0,53282.15,53619.2,52783.45,53710.35,0,0.0,0.0,0.0,0.0,-0.01,-1,-1,-0.01,-1,-1,-0.01,-1,-1,-0.01,-1,-1,-0.01,-1,-1,-0.01,-1,-1,-0.01,-1,-1,-0.01,-1,-1,-0.01,-1,-1,-0.01,-1,-1
99926009,2026-05-18 14:54:05+05:30,53375.75,0,0.0,0,0.0,0.0,53282.15,53619.2,52783.45,53710.35,0,0.0,0.0,0.0,0.0,-0.01,-1,-1,-0.01,-1,-1,-0.01,-1,-1,-0.01,-1,-1,-0.01,-1,-1,-0.01,-1,-1,-0.01,-1,-1,-0.01,-1,-1,-0.01,-1,-1,-0.01,-1,-1
99926009,2026-05-18 14:54:06+05:30,53374.75,0,0.0,0,0.0,0.0,53282.15,53619.2,52783.45,53710.35,0,0.0,0.0,0.0,0.0,-0.01,-1,-1,-0.01,-1,-1,-0.01,-1,-1,-0.01,-1,-1,-0.01,-1,-1,-0.01,-1,-1,-0.01,-1,-1,-0.01,-1,-1,-0.01,-1,-1,-0.01,-1,-1
99926009,2026-05-18 14:54:06+05:30,53377.0,0,0.0,0,0.0,0.0,53282.15,53619.2,52783.45,53710.35,0,0.0,0.0,0.0,0.0,-0.01,-1,-1,-0.01,-1,-1,-0.01,-1,-1,-0.01,-1,-1,-0.01,-1,-1,-0.01,-1,-1,-0.01,-1,-1,-0.01,-1,-1,-0.01,-1,-1,-0.01,-1,-1
99926009,2026-05-18 14:54:07+05:30,53377.85,0,0.0,0,0.0,0.0,53282.15,53619.2,52783.45,53710.35,0,0.0,0.0,0.0,0.0,-0.01,-1,-1,-0.01,-1,-1,-0.01,-1,-1,-0.01,-1,-1,-0.01,-1,-1,-0.01,-1,-1,-0.01,-1,-1,-0.01,-1,-1,-0.01,-1,-1,-0.01,-1,-1
99926009,2026-05-18 14:54:07+05:30,53378.75,0,0.0,0,0.0,0.0,53282.15,53619.2,52783.45,53710.35,0,0.0,0.0,0.0,0.0,-0.01,-1,-1,-0.01,-1,-1,-0.01,-1,-1,-0.01,-1,-1,-0.01,-1,-1,-0.01,-1,-1,-0.01,-1,-1,-0.01,-1,-1,-0.01,-1,-1,-0.01,-1,-1
99926009,2026-05-18 14:54:08+05:30,53380.0,0,0.0,0,0.0,0.0,53282.15,53619.2,52783.45,53710.35,0,0.0,0.0,0.0,0.0,-0.01,-1,-1,-0.01,-1,-1,-0.01,-1,-1,-0.01,-1,-1,-0.01,-1,-1,-0.01,-1,-1,-0.01,-1,-1,-0.01,-1,-1,-0.01,-1,-1,-0.01,-1,-1
99926009,2026-05-18 14:54:08+05:30,53386.85,0,0.0,0,0.0,0.0,53282.15,53619.2,52783.45,53710.35,0,0.0,0.0,0.0,0.0,-0.01,-1,-1,-0.01,-1,-1,-0.01,-1,-1,-0.01,-1,-1,-0.01,-1,-1,-0.01,-1,-1,-0.01,-1,-1,-0.01,-1,-1,-0.01,-1,-1,-0.01,-1,-1
99926009,2026-05-18 14:54:09+05:30,53385.05,0,0.0,0,0.0,0.0,53282.15,53619.2,52783.45,53710.35,0,0.0,0.0,0.0,0.0,-0.01,-1,-1,-0.01,-1,-1,-0.01,-1,-1,-0.01,-1,-1,-0.01,-1,-1,-0.01,-1,-1,-0.01,-1,-1,-0.01,-1,-1,-0.01,-1,-1,-0.01,-1,-1
99926009,2026-05-18 14:54:09+05:30,53393.35,0,0.0,0,0.0,0.0,53282.15,53619.2,52783.45,53710.35,0,0.0,0.0,0.0,0.0,-0.01,-1,-1,-0.01,-1,-1,-0.01,-1,-1,-0.01,-1,-1,-0.01,-1,-1,-0.01,-1,-1,-0.01,-1,-1,-0.01,-1,-1,-0.01,-1,-1,-0.01,-1,-1
99926009,2026-05-18 14:54:10+05:30,53390.6,0,0.0,0,0.0,0.0,53282.15,53619.2,52783.45,53710.35,0,0.0,0.0,0.0,0.0,-0.01,-1,-1,-0.01,-1,-1,-0.01,-1,-1,-0.01,-1,-1,-0.01,-1,-1,-0.01,-1,-1,-0.01,-1,-1,-0.01,-1,-1,-0.01,-1,-1,-0.01,-1,-1
99926009,2026-05-18 14:54:10+05:30,53392.25,0,0.0,0,0.0,0.0,53282.15,53619.2,52783.45,53710.35,0,0.0,0.0,0.0,0.0,-0.01,-1,-1,-0.01,-1,-1,-0.01,-1,-1,-0.01,-1,-1,-0.01,-1,-1,-0.01,-1,-1,-0.01,-1,-1,-0.01,-1,-1,-0.01,-1,-1,-0.01,-1,-1
99926009,2026-05-18 14:54:11+05:30,53391.4,0,0.0,0,0.0,0.0,53282.15,53619.2,52783.45,53710.35,0,0.0,0.0,0.0,0.0,-0.01,-1,-1,-0.01,-1,-1,-0.01,-1,-1,-0.01,-1,-1,-0.01,-1,-1,-0.01,-1,-1,-0.01,-1,-1,-0.01,-1,-1,-0.01,-1,-1,-0.01,-1,-1
99926009,2026-05-18 14:54:11+05:30,53392.9,0,0.0,0,0.0,0.0,53282.15,53619.2,52783.45,53710.35,0,0.0,0.0,0.0,0.0,-0.01,-1,-1,-0.01,-1,-1,-0.01,-1,-1,-0.01,-1,-1,-0.01,-1,-1,-0.01,-1,-1,-0.01,-1,-1,-0.01,-1,-1,-0.01,-1,-1,-0.01,-1,-1
99926009,2026-05-18 14:54:12+05:30,53392.3,0,0.0,0,0.0,0.0,53282.15,53619.2,52783.45,53710.35,0,0.0,0.0,0.0,0.0,-0.01,-1,-1,-0.01,-1,-1,-0.01,-1,-1,-0.01,-1,-1,-0.01,-1,-1,-0.01,-1,-1,-0.01,-1,-1,-0.01,-1,-1,-0.01,-1,-1,-0.01,-1,-1
99926009,2026-05-18 14:54:12+05:30,53394.6,0,0.0,0,0.0,0.0,53282.15,53619.2,52783.45,53710.35,0,0.0,0.0,0.0,0.0,-0.01,-1,-1,-0.01,-1,-1,-0.01,-1,-1,-0.01,-1,-1,-0.01,-1,-1,-0.01,-1,-1,-0.01,-1,-1,-0.01,-1,-1,-0.01,-1,-1,-0.01,-1,-1
99926009,2026-05-18 14:54:13+05:30,53393.55,0,0.0,0,0.0,0.0,53282.15,53619.2,52783.45,53710.35,0,0.0,0.0,0.0,0.0,-0.01,-1,-1,-0.01,-1,-1,-0.01,-1,-1,-0.01,-1,-1,-0.01,-1,-1,-0.01,-1,-1,-0.01,-1,-1,-0.01,-1,-1,-0.01,-1,-1,-0.01,-1,-1
99926009,2026-05-18 14:54:13+05:30,53391.5,0,0.0,0,0.0,0.0,53282.15,53619.2,52783.45,53710.35,0,0.0,0.0,0.0,0.0,-0.01,-1,-1,-0.01,-1,-1,-0.01,-1,-1,-0.01,-1,-1,-0.01,-1,-1,-0.01,-1,-1,-0.01,-1,-1,-0.01,-1,-1,-0.01,-1,-1,-0.01,-1,-1
99926009,2026-05-18 14:54:14+05:30,53395.05,0,0.0,0,0.0,0.0,53282.15,53619.2,52783.45,53710.35,0,0.0,0.0,0.0,0.0,-0.01,-1,-1,-0.01,-1,-1,-0.01,-1,-1,-0.01,-1,-1,-0.01,-1,-1,-0.01,-1,-1,-0.01,-1,-1,-0.01,-1,-1,-0.01,-1,-1,-0.01,-1,-1
99926009,2026-05-18 14:54:14+05:30,53393.1,0,0.0,0,0.0,0.0,53282.15,53619.2,52783.45,53710.35,0,0.0,0.0,0.0,0.0,-0.01,-1,-1,-0.01,-1,-1,-0.01,-1,-1,-0.01,-1,-1,-0.01,-1,-1,-0.01,-1,-1,-0.01,-1,-1,-0.01,-1,-1,-0.01,-1,-1,-0.01,-1,-1
99926009,2026-05-18 14:54:15+05:30,53390.85,0,0.0,0,0.0,0.0,53282.15,53619.2,52783.45,53710.35,0,0.0,0.0,0.0,0.0,-0.01,-1,-1,-0.01,-1,-1,-0.01,-1,-1,-0.01,-1,-1,-0.01,-1,-1,-0.01,-1,-1,-0.01,-1,-1,-0.01,-1,-1,-0.01,-1,-1,-0.01,-1,-1
99926009,2026-05-18 14:54:15+05:30,53390.7,0,0.0,0,0.0,0.0,53282.15,53619.2,52783.45,53710.35,0,0.0,0.0,0.0,0.0,-0.01,-1,-1,-0.01,-1,-1,-0.01,-1,-1,-0.01,-1,-1,-0.01,-1,-1,-0.01,-1,-1,-0.01,-1,-1,-0.01,-1,-1,-0.01,-1,-1,-0.01,-1,-1
99926009,2026-05-18 14:54:16+05:30,53392.85,0,0.0,0,0.0,0.0,53282.15,53619.2,52783.45,53710.35,0,0.0,0.0,0.0,0.0,-0.01,-1,-1,-0.01,-1,-1,-0.01,-1,-1,-0.01,-1,-1,-0.01,-1,-1,-0.01,-1,-1,-0.01,-1,-1,-0.01,-1,-1,-0.01,-1,-1,-0.01,-1,-1
99926009,2026-05-18 14:54:16+05:30,53395.25,0,0.0,0,0.0,0.0,53282.15,53619.2,52783.45,53710.35,0,0.0,0.0,0.0,0.0,-0.01,-1,-1,-0.01,-1,-1,-0.01,-1,-1,-0.01,-1,-1,-0.01,-1,-1,-0.01,-1,-1,-0.01,-1,-1,-0.01,-1,-1,-0.01,-1,-1,-0.01,-1,-1
99926009,2026-05-18 14:54:17+05:30,53393.85,0,0.0,0,0.0,0.0,53282.15,53619.2,52783.45,53710.35,0,0.0,0.0,0.0,0.0,-0.01,-1,-1,-0.01,-1,-1,-0.01,-1,-1,-0.01,-1,-1,-0.01,-1,-1,-0.01,-1,-1,-0.01,-1,-1,-0.01,-1,-1,-0.01,-1,-1,-0.01,-1,-1
99926009,2026-05-18 14:54:17+05:30,53394.75,0,0.0,0,0.0,0.0,53282.15,53619.2,52783.45,53710.35,0,0.0,0.0,0.0,0.0,-0.01,-1,-1,-0.01,-1,-1,-0.01,-1,-1,-0.01,-1,-1,-0.01,-1,-1,-0.01,-1,-1,-0.01,-1,-1,-0.01,-1,-1,-0.01,-1,-1,-0.01,-1,-1
99926009,2026-05-18 14:54:18+05:30,53395.15,0,0.0,0,0.0,0.0,53282.15,53619.2,52783.45,53710.35,0,0.0,0.0,0.0,0.0,-0.01,-1,-1,-0.01,-1,-1,-0.01,-1,-1,-0.01,-1,-1,-0.01,-1,-1,-0.01,-1,-1,-0.01,-1,-1,-0.01,-1,-1,-0.01,-1,-1,-0.01,-1,-1
99926009,2026-05-18 14:54:18+05:30,53392.95,0,0.0,0,0.0,0.0,53282.15,53619.2,52783.45,53710.35,0,0.0,0.0,0.0,0.0,-0.01,-1,-1,-0.01,-1,-1,-0.01,-1,-1,-0.01,-1,-1,-0.01,-1,-1,-0.01,-1,-1,-0.01,-1,-1,-0.01,-1,-1,-0.01,-1,-1,-0.01,-1,-1
99926009,2026-05-18 14:54:19+05:30,53391.65,0,0.0,0,0.0,0.0,53282.15,53619.2,52783.45,53710.35,0,0.0,0.0,0.0,0.0,-0.01,-1,-1,-0.01,-1,-1,-0.01,-1,-1,-0.01,-1,-1,-0.01,-1,-1,-0.01,-1,-1,-0.01,-1,-1,-0.01,-1,-1,-0.01,-1,-1,-0.01,-1,-1
99926009,2026-05-18 14:54:19+05:30,53394.85,0,0.0,0,0.0,0.0,53282.15,53619.2,52783.45,53710.35,0,0.0,0.0,0.0,0.0,-0.01,-1,-1,-0.01,-1,-1,-0.01,-1,-1,-0.01,-1,-1,-0.01,-1,-1,-0.01,-1,-1,-0.01,-1,-1,-0.01,-1,-1,-0.01,-1,-1,-0.01,-1,-1
99926009,2026-05-18 14:54:20+05:30,53389.6,0,0.0,0,0.0,0.0,53282.15,53619.2,52783.45,53710.35,0,0.0,0.0,0.0,0.0,-0.01,-1,-1,-0.01,-1,-1,-0.01,-1,-1,-0.01,-1,-1,-0.01,-1,-1,-0.01,-1,-1,-0.01,-1,-1,-0.01,-1,-1,-0.01,-1,-1,-0.01,-1,-1
99926009,2026-05-18 14:54:20+05:30,53393.95,0,0.0,0,0.0,0.0,53282.15,53619.2,52783.45,53710.35,0,0.0,0.0,0.0,0.0,-0.01,-1,-1,-0.01,-1,-1,-0.01,-1,-1,-0.01,-1,-1,-0.01,-1,-1,-0.01,-1,-1,-0.01,-1,-1,-0.01,-1,-1,-0.01,-1,-1,-0.01,-1,-1
99926009,2026-05-18 14:54:21+05:30,53391.1,0,0.0,0,0.0,0.0,53282.15,53619.2,52783.45,53710.35,0,0.0,0.0,0.0,0.0,-0.01,-1,-1,-0.01,-1,-1,-0.01,-1,-1,-0.01,-1,-1,-0.01,-1,-1,-0.01,-1,-1,-0.01,-1,-1,-0.01,-1,-1,-0.01,-1,-1,-0.01,-1,-1
99926009,2026-05-18 14:54:21+05:30,53394.4,0,0.0,0,0.0,0.0,53282.15,53619.2,52783.45,53710.35,0,0.0,0.0,0.0,0.0,-0.01,-1,-1,-0.01,-1,-1,-0.01,-1,-1,-0.01,-1,-1,-0.01,-1,-1,-0.01,-1,-1,-0.01,-1,-1,-0.01,-1,-1,-0.01,-1,-1,-0.01,-1,-1
99926009,2026-05-18 14:54:22+05:30,53393.7,0,0.0,0,0.0,0.0,53282.15,53619.2,52783.45,53710.35,0,0.0,0.0,0.0,0.0,-0.01,-1,-1,-0.01,-1,-1,-0.01,-1,-1,-0.01,-1,-1,-0.01,-1,-1,-0.01,-1,-1,-0.01,-1,-1,-0.01,-1,-1,-0.01,-1,-1,-0.01,-1,-1
99926009,2026-05-18 14:54:22+05:30,53390.0,0,0.0,0,0.0,0.0,53282.15,53619.2,52783.45,53710.35,0,0.0,0.0,0.0,0.0,-0.01,-1,-1,-0.01,-1,-1,-0.01,-1,-1,-0.01,-1,-1,-0.01,-1,-1,-0.01,-1,-1,-0.01,-1,-1,-0.01,-1,-1,-0.01,-1,-1,-0.01,-1,-1
99926009,2026-05-18 14:54:23+05:30,53394.15,0,0.0,0,0.0,0.0,53282.15,53619.2,52783.45,53710.35,0,0.0,0.0,0.0,0.0,-0.01,-1,-1,-0.01,-1,-1,-0.01,-1,-1,-0.01,-1,-1,-0.01,-1,-1,-0.01,-1,-1,-0.01,-1,-1,-0.01,-1,-1,-0.01,-1,-1,-0.01,-1,-1
99926009,2026-05-18 14:54:23+05:30,53394.7,0,0.0,0,0.0,0.0,53282.15,53619.2,52783.45,53710.35,0,0.0,0.0,0.0,0.0,-0.01,-1,-1,-0.01,-1,-1,-0.01,-1,-1,-0.01,-1,-1,-0.01,-1,-1,-0.01,-1,-1,-0.01,-1,-1,-0.01,-1,-1,-0.01,-1,-1,-0.01,-1,-1
99926009,2026-05-18 14:54:24+05:30,53393.05,0,0.0,0,0.0,0.0,53282.15,53619.2,52783.45,53710.35,0,0.0,0.0,0.0,0.0,-0.01,-1,-1,-0.01,-1,-1,-0.01,-1,-1,-0.01,-1,-1,-0.01,-1,-1,-0.01,-1,-1,-0.01,-1,-1,-0.01,-1,-1,-0.01,-1,-1,-0.01,-1,-1
99926009,2026-05-18 14:54:24+05:30,53393.0,0,0.0,0,0.0,0.0,53282.15,53619.2,52783.45,53710.35,0,0.0,0.0,0.0,0.0,-0.01,-1,-1,-0.01,-1,-1,-0.01,-1,-1,-0.01,-1,-1,-0.01,-1,-1,-0.01,-1,-1,-0.01,-1,-1,-0.01,-1,-1,-0.01,-1,-1,-0.01,-1,-1
99926009,2026-05-18 14:54:25+05:30,53395.1,0,0.0,0,0.0,0.0,53282.15,53619.2,52783.45,53710.35,0,0.0,0.0,0.0,0.0,-0.01,-1,-1,-0.01,-1,-1,-0.01,-1,-1,-0.01,-1,-1,-0.01,-1,-1,-0.01,-1,-1,-0.01,-1,-1,-0.01,-1,-1,-0.01,-1,-1,-0.01,-1,-1
99926009,2026-05-18 14:54:25+05:30,53398.15,0,0.0,0,0.0,0.0,53282.15,53619.2,52783.45,53710.35,0,0.0,0.0,0.0,0.0,-0.01,-1,-1,-0.01,-1,-1,-0.01,-1,-1,-0.01,-1,-1,-0.01,-1,-1,-0.01,-1,-1,-0.01,-1,-1,-0.01,-1,-1,-0.01,-1,-1,-0.01,-1,-1
99926009,2026-05-18 14:54:26+05:30,53396.05,0,0.0,0,0.0,0.0,53282.15,53619.2,52783.45,53710.35,0,0.0,0.0,0.0,0.0,-0.01,-1,-1,-0.01,-1,-1,-0.01,-1,-1,-0.01,-1,-1,-0.01,-1,-1,-0.01,-1,-1,-0.01,-1,-1,-0.01,-1,-1,-0.01,-1,-1,-0.01,-1,-1
99926009,2026-05-18 14:54:26+05:30,53400.6,0,0.0,0,0.0,0.0,53282.15,53619.2,52783.45,53710.35,0,0.0,0.0,0.0,0.0,-0.01,-1,-1,-0.01,-1,-1,-0.01,-1,-1,-0.01,-1,-1,-0.01,-1,-1,-0.01,-1,-1,-0.01,-1,-1,-0.01,-1,-1,-0.01,-1,-1,-0.01,-1,-1
99926009,2026-05-18 14:54:27+05:30,53401.45,0,0.0,0,0.0,0.0,53282.15,53619.2,52783.45,53710.35,0,0.0,0.0,0.0,0.0,-0.01,-1,-1,-0.01,-1,-1,-0.01,-1,-1,-0.01,-1,-1,-0.01,-1,-1,-0.01,-1,-1,-0.01,-1,-1,-0.01,-1,-1,-0.01,-1,-1,-0.01,-1,-1
99926009,2026-05-18 14:54:27+05:30,53398.65,0,0.0,0,0.0,0.0,53282.15,53619.2,52783.45,53710.35,0,0.0,0.0,0.0,0.0,-0.01,-1,-1,-0.01,-1,-1,-0.01,-1,-1,-0.01,-1,-1,-0.01,-1,-1,-0.01,-1,-1,-0.01,-1,-1,-0.01,-1,-1,-0.01,-1,-1,-0.01,-1,-1
99926009,2026-05-18 14:54:28+05:30,53398.2,0,0.0,0,0.0,0.0,53282.15,53619.2,52783.45,53710.35,0,0.0,0.0,0.0,0.0,-0.01,-1,-1,-0.01,-1,-1,-0.01,-1,-1,-0.01,-1,-1,-0.01,-1,-1,-0.01,-1,-1,-0.01,-1,-1,-0.01,-1,-1,-0.01,-1,-1,-0.01,-1,-1
99926009,2026-05-18 14:54:28+05:30,53398.4,0,0.0,0,0.0,0.0,53282.15,53619.2,52783.45,53710.35,0,0.0,0.0,0.0,0.0,-0.01,-1,-1,-0.01,-1,-1,-0.01,-1,-1,-0.01,-1,-1,-0.01,-1,-1,-0.01,-1,-1,-0.01,-1,-1,-0.01,-1,-1,-0.01,-1,-1,-0.01,-1,-1
99926009,2026-05-18 14:54:29+05:30,53398.95,0,0.0,0,0.0,0.0,53282.15,53619.2,52783.45,53710.35,0,0.0,0.0,0.0,0.0,-0.01,-1,-1,-0.01,-1,-1,-0.01,-1,-1,-0.01,-1,-1,-0.01,-1,-1,-0.01,-1,-1,-0.01,-1,-1,-0.01,-1,-1,-0.01,-1,-1,-0.01,-1,-1
99926009,2026-05-18 14:54:29+05:30,53394.55,0,0.0,0,0.0,0.0,53282.15,53619.2,52783.45,53710.35,0,0.0,0.0,0.0,0.0,-0.01,-1,-1,-0.01,-1,-1,-0.01,-1,-1,-0.01,-1,-1,-0.01,-1,-1,-0.01,-1,-1,-0.01,-1,-1,-0.01,-1,-1,-0.01,-1,-1,-0.01,-1,-1
99926009,2026-05-18 14:54:30+05:30,53397.65,0,0.0,0,0.0,0.0,53282.15,53619.2,52783.45,53710.35,0,0.0,0.0,0.0,0.0,-0.01,-1,-1,-0.01,-1,-1,-0.01,-1,-1,-0.01,-1,-1,-0.01,-1,-1,-0.01,-1,-1,-0.01,-1,-1,-0.01,-1,-1,-0.01,-1,-1,-0.01,-1,-1
99926009,2026-05-18 14:54:30+05:30,53396.2,0,0.0,0,0.0,0.0,53282.15,53619.2,52783.45,53710.35,0,0.0,0.0,0.0,0.0,-0.01,-1,-1,-0.01,-1,-1,-0.01,-1,-1,-0.01,-1,-1,-0.01,-1,-1,-0.01,-1,-1,-0.01,-1,-1,-0.01,-1,-1,-0.01,-1,-1,-0.01,-1,-1
99926009,2026-05-18 14:54:31+05:30,53394.55,0,0.0,0,0.0,0.0,53282.15,53619.2,52783.45,53710.35,0,0.0,0.0,0.0,0.0,-0.01,-1,-1,-0.01,-1,-1,-0.01,-1,-1,-0.01,-1,-1,-0.01,-1,-1,-0.01,-1,-1,-0.01,-1,-1,-0.01,-1,-1,-0.01,-1,-1,-0.01,-1,-1
99926009,2026-05-18 14:54:31+05:30,53394.55,0,0.0,0,0.0,0.0,53282.15,53619.2,52783.45,53710.35,0,0.0,0.0,0.0,0.0,-0.01,-1,-1,-0.01,-1,-1,-0.01,-1,-1,-0.01,-1,-1,-0.01,-1,-1,-0.01,-1,-1,-0.01,-1,-1,-0.01,-1,-1,-0.01,-1,-1,-0.01,-1,-1
99926009,2026-05-18 14:54:32+05:30,53392.3,0,0.0,0,0.0,0.0,53282.15,53619.2,52783.45,53710.35,0,0.0,0.0,0.0,0.0,-0.01,-1,-1,-0.01,-1,-1,-0.01,-1,-1,-0.01,-1,-1,-0.01,-1,-1,-0.01,-1,-1,-0.01,-1,-1,-0.01,-1,-1,-0.01,-1,-1,-0.01,-1,-1
99926009,2026-05-18 14:54:32+05:30,53394.5,0,0.0,0,0.0,0.0,53282.15,53619.2,52783.45,53710.35,0,0.0,0.0,0.0,0.0,-0.01,-1,-1,-0.01,-1,-1,-0.01,-1,-1,-0.01,-1,-1,-0.01,-1,-1,-0.01,-1,-1,-0.01,-1,-1,-0.01,-1,-1,-0.01,-1,-1,-0.01,-1,-1
99926009,2026-05-18 14:54:33+05:30,53397.95,0,0.0,0,0.0,0.0,53282.15,53619.2,52783.45,53710.35,0,0.0,0.0,0.0,0.0,-0.01,-1,-1,-0.01,-1,-1,-0.01,-1,-1,-0.01,-1,-1,-0.01,-1,-1,-0.01,-1,-1,-0.01,-1,-1,-0.01,-1,-1,-0.01,-1,-1,-0.01,-1,-1
99926009,2026-05-18 14:54:33+05:30,53395.05,0,0.0,0,0.0,0.0,53282.15,53619.2,52783.45,53710.35,0,0.0,0.0,0.0,0.0,-0.01,-1,-1,-0.01,-1,-1,-0.01,-1,-1,-0.01,-1,-1,-0.01,-1,-1,-0.01,-1,-1,-0.01,-1,-1,-0.01,-1,-1,-0.01,-1,-1,-0.01,-1,-1
99926009,2026-05-18 14:54:34+05:30,53396.65,0,0.0,0,0.0,0.0,53282.15,53619.2,52783.45,53710.35,0,0.0,0.0,0.0,0.0,-0.01,-1,-1,-0.01,-1,-1,-0.01,-1,-1,-0.01,-1,-1,-0.01,-1,-1,-0.01,-1,-1,-0.01,-1,-1,-0.01,-1,-1,-0.01,-1,-1,-0.01,-1,-1
99926009,2026-05-18 14:54:34+05:30,53397.75,0,0.0,0,0.0,0.0,53282.15,53619.2,52783.45,53710.35,0,0.0,0.0,0.0,0.0,-0.01,-1,-1,-0.01,-1,-1,-0.01,-1,-1,-0.01,-1,-1,-0.01,-1,-1,-0.01,-1,-1,-0.01,-1,-1,-0.01,-1,-1,-0.01,-1,-1,-0.01,-1,-1
99926009,2026-05-18 14:54:35+05:30,53394.35,0,0.0,0,0.0,0.0,53282.15,53619.2,52783.45,53710.35,0,0.0,0.0,0.0,0.0,-0.01,-1,-1,-0.01,-1,-1,-0.01,-1,-1,-0.01,-1,-1,-0.01,-1,-1,-0.01,-1,-1,-0.01,-1,-1,-0.01,-1,-1,-0.01,-1,-1,-0.01,-1,-1
99926009,2026-05-18 14:54:35+05:30,53396.35,0,0.0,0,0.0,0.0,53282.15,53619.2,52783.45,53710.35,0,0.0,0.0,0.0,0.0,-0.01,-1,-1,-0.01,-1,-1,-0.01,-1,-1,-0.01,-1,-1,-0.01,-1,-1,-0.01,-1,-1,-0.01,-1,-1,-0.01,-1,-1,-0.01,-1,-1,-0.01,-1,-1
99926009,2026-05-18 14:54:36+05:30,53395.65,0,0.0,0,0.0,0.0,53282.15,53619.2,52783.45,53710.35,0,0.0,0.0,0.0,0.0,-0.01,-1,-1,-0.01,-1,-1,-0.01,-1,-1,-0.01,-1,-1,-0.01,-1,-1,-0.01,-1,-1,-0.01,-1,-1,-0.01,-1,-1,-0.01,-1,-1,-0.01,-1,-1
99926009,2026-05-18 14:54:36+05:30,53396.5,0,0.0,0,0.0,0.0,53282.15,53619.2,52783.45,53710.35,0,0.0,0.0,0.0,0.0,-0.01,-1,-1,-0.01,-1,-1,-0.01,-1,-1,-0.01,-1,-1,-0.01,-1,-1,-0.01,-1,-1,-0.01,-1,-1,-0.01,-1,-1,-0.01,-1,-1,-0.01,-1,-1
99926009,2026-05-18 14:54:37+05:30,53398.5,0,0.0,0,0.0,0.0,53282.15,53619.2,52783.45,53710.35,0,0.0,0.0,0.0,0.0,-0.01,-1,-1,-0.01,-1,-1,-0.01,-1,-1,-0.01,-1,-1,-0.01,-1,-1,-0.01,-1,-1,-0.01,-1,-1,-0.01,-1,-1,-0.01,-1,-1,-0.01,-1,-1
99926009,2026-05-18 14:54:37+05:30,53399.95,0,0.0,0,0.0,0.0,53282.15,53619.2,52783.45,53710.35,0,0.0,0.0,0.0,0.0,-0.01,-1,-1,-0.01,-1,-1,-0.01,-1,-1,-0.01,-1,-1,-0.01,-1,-1,-0.01,-1,-1,-0.01,-1,-1,-0.01,-1,-1,-0.01,-1,-1,-0.01,-1,-1
99926009,2026-05-18 14:54:38+05:30,53398.85,0,0.0,0,0.0,0.0,53282.15,53619.2,52783.45,53710.35,0,0.0,0.0,0.0,0.0,-0.01,-1,-1,-0.01,-1,-1,-0.01,-1,-1,-0.01,-1,-1,-0.01,-1,-1,-0.01,-1,-1,-0.01,-1,-1,-0.01,-1,-1,-0.01,-1,-1,-0.01,-1,-1
99926009,2026-05-18 14:54:38+05:30,53396.4,0,0.0,0,0.0,0.0,53282.15,53619.2,52783.45,53710.35,0,0.0,0.0,0.0,0.0,-0.01,-1,-1,-0.01,-1,-1,-0.01,-1,-1,-0.01,-1,-1,-0.01,-1,-1,-0.01,-1,-1,-0.01,-1,-1,-0.01,-1,-1,-0.01,-1,-1,-0.01,-1,-1
99926009,2026-05-18 14:54:39+05:30,53394.8,0,0.0,0,0.0,0.0,53282.15,53619.2,52783.45,53710.35,0,0.0,0.0,0.0,0.0,-0.01,-1,-1,-0.01,-1,-1,-0.01,-1,-1,-0.01,-1,-1,-0.01,-1,-1,-0.01,-1,-1,-0.01,-1,-1,-0.01,-1,-1,-0.01,-1,-1,-0.01,-1,-1
99926009,2026-05-18 14:54:39+05:30,53393.2,0,0.0,0,0.0,0.0,53282.15,53619.2,52783.45,53710.35,0,0.0,0.0,0.0,0.0,-0.01,-1,-1,-0.01,-1,-1,-0.01,-1,-1,-0.01,-1,-1,-0.01,-1,-1,-0.01,-1,-1,-0.01,-1,-1,-0.01,-1,-1,-0.01,-1,-1,-0.01,-1,-1
99926009,2026-05-18 14:54:40+05:30,53397.7,0,0.0,0,0.0,0.0,53282.15,53619.2,52783.45,53710.35,0,0.0,0.0,0.0,0.0,-0.01,-1,-1,-0.01,-1,-1,-0.01,-1,-1,-0.01,-1,-1,-0.01,-1,-1,-0.01,-1,-1,-0.01,-1,-1,-0.01,-1,-1,-0.01,-1,-1,-0.01,-1,-1
99926009,2026-05-18 14:54:40+05:30,53394.45,0,0.0,0,0.0,0.0,53282.15,53619.2,52783.45,53710.35,0,0.0,0.0,0.0,0.0,-0.01,-1,-1,-0.01,-1,-1,-0.01,-1,-1,-0.01,-1,-1,-0.01,-1,-1,-0.01,-1,-1,-0.01,-1,-1,-0.01,-1,-1,-0.01,-1,-1,-0.01,-1,-1
99926009,2026-05-18 14:54:41+05:30,53395.1,0,0.0,0,0.0,0.0,53282.15,53619.2,52783.45,53710.35,0,0.0,0.0,0.0,0.0,-0.01,-1,-1,-0.01,-1,-1,-0.01,-1,-1,-0.01,-1,-1,-0.01,-1,-1,-0.01,-1,-1,-0.01,-1,-1,-0.01,-1,-1,-0.01,-1,-1,-0.01,-1,-1
99926009,2026-05-18 14:54:41+05:30,53397.2,0,0.0,0,0.0,0.0,53282.15,53619.2,52783.45,53710.35,0,0.0,0.0,0.0,0.0,-0.01,-1,-1,-0.01,-1,-1,-0.01,-1,-1,-0.01,-1,-1,-0.01,-1,-1,-0.01,-1,-1,-0.01,-1,-1,-0.01,-1,-1,-0.01,-1,-1,-0.01,-1,-1
99926009,2026-05-18 14:54:42+05:30,53397.7,0,0.0,0,0.0,0.0,53282.15,53619.2,52783.45,53710.35,0,0.0,0.0,0.0,0.0,-0.01,-1,-1,-0.01,-1,-1,-0.01,-1,-1,-0.01,-1,-1,-0.01,-1,-1,-0.01,-1,-1,-0.01,-1,-1,-0.01,-1,-1,-0.01,-1,-1,-0.01,-1,-1
99926009,2026-05-18 14:54:42+05:30,53392.05,0,0.0,0,0.0,0.0,53282.15,53619.2,52783.45,53710.35,0,0.0,0.0,0.0,0.0,-0.01,-1,-1,-0.01,-1,-1,-0.01,-1,-1,-0.01,-1,-1,-0.01,-1,-1,-0.01,-1,-1,-0.01,-1,-1,-0.01,-1,-1,-0.01,-1,-1,-0.01,-1,-1
99926009,2026-05-18 14:54:43+05:30,53395.9,0,0.0,0,0.0,0.0,53282.15,53619.2,52783.45,53710.35,0,0.0,0.0,0.0,0.0,-0.01,-1,-1,-0.01,-1,-1,-0.01,-1,-1,-0.01,-1,-1,-0.01,-1,-1,-0.01,-1,-1,-0.01,-1,-1,-0.01,-1,-1,-0.01,-1,-1,-0.01,-1,-1
99926009,2026-05-18 14:54:43+05:30,53395.15,0,0.0,0,0.0,0.0,53282.15,53619.2,52783.45,53710.35,0,0.0,0.0,0.0,0.0,-0.01,-1,-1,-0.01,-1,-1,-0.01,-1,-1,-0.01,-1,-1,-0.01,-1,-1,-0.01,-1,-1,-0.01,-1,-1,-0.01,-1,-1,-0.01,-1,-1,-0.01,-1,-1
99926009,2026-05-18 14:54:44+05:30,53398.95,0,0.0,0,0.0,0.0,53282.15,53619.2,52783.45,53710.35,0,0.0,0.0,0.0,0.0,-0.01,-1,-1,-0.01,-1,-1,-0.01,-1,-1,-0.01,-1,-1,-0.01,-1,-1,-0.01,-1,-1,-0.01,-1,-1,-0.01,-1,-1,-0.01,-1,-1,-0.01,-1,-1
99926009,2026-05-18 14:54:44+05:30,53399.2,0,0.0,0,0.0,0.0,53282.15,53619.2,52783.45,53710.35,0,0.0,0.0,0.0,0.0,-0.01,-1,-1,-0.01,-1,-1,-0.01,-1,-1,-0.01,-1,-1,-0.01,-1,-1,-0.01,-1,-1,-0.01,-1,-1,-0.01,-1,-1,-0.01,-1,-1,-0.01,-1,-1
99926009,2026-05-18 14:54:45+05:30,53397.35,0,0.0,0,0.0,0.0,53282.15,53619.2,52783.45,53710.35,0,0.0,0.0,0.0,0.0,-0.01,-1,-1,-0.01,-1,-1,-0.01,-1,-1,-0.01,-1,-1,-0.01,-1,-1,-0.01,-1,-1,-0.01,-1,-1,-0.01,-1,-1,-0.01,-1,-1,-0.01,-1,-1
99926009,2026-05-18 14:54:45+05:30,53397.65,0,0.0,0,0.0,0.0,53282.15,53619.2,52783.45,53710.35,0,0.0,0.0,0.0,0.0,-0.01,-1,-1,-0.01,-1,-1,-0.01,-1,-1,-0.01,-1,-1,-0.01,-1,-1,-0.01,-1,-1,-0.01,-1,-1,-0.01,-1,-1,-0.01,-1,-1,-0.01,-1,-1
99926009,2026-05-18 14:54:46+05:30,53397.15,0,0.0,0,0.0,0.0,53282.15,53619.2,52783.45,53710.35,0,0.0,0.0,0.0,0.0,-0.01,-1,-1,-0.01,-1,-1,-0.01,-1,-1,-0.01,-1,-1,-0.01,-1,-1,-0.01,-1,-1,-0.01,-1,-1,-0.01,-1,-1,-0.01,-1,-1,-0.01,-1,-1
99926009,2026-05-18 14:54:46+05:30,53395.15,0,0.0,0,0.0,0.0,53282.15,53619.2,52783.45,53710.35,0,0.0,0.0,0.0,0.0,-0.01,-1,-1,-0.01,-1,-1,-0.01,-1,-1,-0.01,-1,-1,-0.01,-1,-1,-0.01,-1,-1,-0.01,-1,-1,-0.01,-1,-1,-0.01,-1,-1,-0.01,-1,-1
99926009,2026-05-18 14:54:47+05:30,53397.6,0,0.0,0,0.0,0.0,53282.15,53619.2,52783.45,53710.35,0,0.0,0.0,0.0,0.0,-0.01,-1,-1,-0.01,-1,-1,-0.01,-1,-1,-0.01,-1,-1,-0.01,-1,-1,-0.01,-1,-1,-0.01,-1,-1,-0.01,-1,-1,-0.01,-1,-1,-0.01,-1,-1
99926009,2026-05-18 14:54:47+05:30,53394.85,0,0.0,0,0.0,0.0,53282.15,53619.2,52783.45,53710.35,0,0.0,0.0,0.0,0.0,-0.01,-1,-1,-0.01,-1,-1,-0.01,-1,-1,-0.01,-1,-1,-0.01,-1,-1,-0.01,-1,-1,-0.01,-1,-1,-0.01,-1,-1,-0.01,-1,-1,-0.01,-1,-1
99926009,2026-05-18 14:54:48+05:30,53396.0,0,0.0,0,0.0,0.0,53282.15,53619.2,52783.45,53710.35,0,0.0,0.0,0.0,0.0,-0.01,-1,-1,-0.01,-1,-1,-0.01,-1,-1,-0.01,-1,-1,-0.01,-1,-1,-0.01,-1,-1,-0.01,-1,-1,-0.01,-1,-1,-0.01,-1,-1,-0.01,-1,-1
99926009,2026-05-18 14:54:48+05:30,53396.25,0,0.0,0,0.0,0.0,53282.15,53619.2,52783.45,53710.35,0,0.0,0.0,0.0,0.0,-0.01,-1,-1,-0.01,-1,-1,-0.01,-1,-1,-0.01,-1,-1,-0.01,-1,-1,-0.01,-1,-1,-0.01,-1,-1,-0.01,-1,-1,-0.01,-1,-1,-0.01,-1,-1
99926009,2026-05-18 14:54:49+05:30,53392.8,0,0.0,0,0.0,0.0,53282.15,53619.2,52783.45,53710.35,0,0.0,0.0,0.0,0.0,-0.01,-1,-1,-0.01,-1,-1,-0.01,-1,-1,-0.01,-1,-1,-0.01,-1,-1,-0.01,-1,-1,-0.01,-1,-1,-0.01,-1,-1,-0.01,-1,-1,-0.01,-1,-1
99926009,2026-05-18 14:54:49+05:30,53392.6,0,0.0,0,0.0,0.0,53282.15,53619.2,52783.45,53710.35,0,0.0,0.0,0.0,0.0,-0.01,-1,-1,-0.01,-1,-1,-0.01,-1,-1,-0.01,-1,-1,-0.01,-1,-1,-0.01,-1,-1,-0.01,-1,-1,-0.01,-1,-1,-0.01,-1,-1,-0.01,-1,-1
99926009,2026-05-18 14:54:50+05:30,53395.4,0,0.0,0,0.0,0.0,53282.15,53619.2,52783.45,53710.35,0,0.0,0.0,0.0,0.0,-0.01,-1,-1,-0.01,-1,-1,-0.01,-1,-1,-0.01,-1,-1,-0.01,-1,-1,-0.01,-1,-1,-0.01,-1,-1,-0.01,-1,-1,-0.01,-1,-1,-0.01,-1,-1
99926009,2026-05-18 14:54:50+05:30,53395.1,0,0.0,0,0.0,0.0,53282.15,53619.2,52783.45,53710.35,0,0.0,0.0,0.0,0.0,-0.01,-1,-1,-0.01,-1,-1,-0.01,-1,-1,-0.01,-1,-1,-0.01,-1,-1,-0.01,-1,-1,-0.01,-1,-1,-0.01,-1,-1,-0.01,-1,-1,-0.01,-1,-1
99926009,2026-05-18 14:54:51+05:30,53397.65,0,0.0,0,0.0,0.0,53282.15,53619.2,52783.45,53710.35,0,0.0,0.0,0.0,0.0,-0.01,-1,-1,-0.01,-1,-1,-0.01,-1,-1,-0.01,-1,-1,-0.01,-1,-1,-0.01,-1,-1,-0.01,-1,-1,-0.01,-1,-1,-0.01,-1,-1,-0.01,-1,-1
99926009,2026-05-18 14:54:51+05:30,53395.5,0,0.0,0,0.0,0.0,53282.15,53619.2,52783.45,53710.35,0,0.0,0.0,0.0,0.0,-0.01,-1,-1,-0.01,-1,-1,-0.01,-1,-1,-0.01,-1,-1,-0.01,-1,-1,-0.01,-1,-1,-0.01,-1,-1,-0.01,-1,-1,-0.01,-1,-1,-0.01,-1,-1
99926009,2026-05-18 14:54:52+05:30,53396.45,0,0.0,0,0.0,0.0,53282.15,53619.2,52783.45,53710.35,0,0.0,0.0,0.0,0.0,-0.01,-1,-1,-0.01,-1,-1,-0.01,-1,-1,-0.01,-1,-1,-0.01,-1,-1,-0.01,-1,-1,-0.01,-1,-1,-0.01,-1,-1,-0.01,-1,-1,-0.01,-1,-1
99926009,2026-05-18 14:54:52+05:30,53395.95,0,0.0,0,0.0,0.0,53282.15,53619.2,52783.45,53710.35,0,0.0,0.0,0.0,0.0,-0.01,-1,-1,-0.01,-1,-1,-0.01,-1,-1,-0.01,-1,-1,-0.01,-1,-1,-0.01,-1,-1,-0.01,-1,-1,-0.01,-1,-1,-0.01,-1,-1,-0.01,-1,-1
99926009,2026-05-18 14:54:53+05:30,53398.0,0,0.0,0,0.0,0.0,53282.15,53619.2,52783.45,53710.35,0,0.0,0.0,0.0,0.0,-0.01,-1,-1,-0.01,-1,-1,-0.01,-1,-1,-0.01,-1,-1,-0.01,-1,-1,-0.01,-1,-1,-0.01,-1,-1,-0.01,-1,-1,-0.01,-1,-1,-0.01,-1,-1
99926009,2026-05-18 14:54:53+05:30,53395.55,0,0.0,0,0.0,0.0,53282.15,53619.2,52783.45,53710.35,0,0.0,0.0,0.0,0.0,-0.01,-1,-1,-0.01,-1,-1,-0.01,-1,-1,-0.01,-1,-1,-0.01,-1,-1,-0.01,-1,-1,-0.01,-1,-1,-0.01,-1,-1,-0.01,-1,-1,-0.01,-1,-1
99926009,2026-05-18 14:54:54+05:30,53396.2,0,0.0,0,0.0,0.0,53282.15,53619.2,52783.45,53710.35,0,0.0,0.0,0.0,0.0,-0.01,-1,-1,-0.01,-1,-1,-0.01,-1,-1,-0.01,-1,-1,-0.01,-1,-1,-0.01,-1,-1,-0.01,-1,-1,-0.01,-1,-1,-0.01,-1,-1,-0.01,-1,-1
99926009,2026-05-18 14:54:54+05:30,53395.05,0,0.0,0,0.0,0.0,53282.15,53619.2,52783.45,53710.35,0,0.0,0.0,0.0,0.0,-0.01,-1,-1,-0.01,-1,-1,-0.01,-1,-1,-0.01,-1,-1,-0.01,-1,-1,-0.01,-1,-1,-0.01,-1,-1,-0.01,-1,-1,-0.01,-1,-1,-0.01,-1,-1
99926009,2026-05-18 14:54:55+05:30,53394.4,0,0.0,0,0.0,0.0,53282.15,53619.2,52783.45,53710.35,0,0.0,0.0,0.0,0.0,-0.01,-1,-1,-0.01,-1,-1,-0.01,-1,-1,-0.01,-1,-1,-0.01,-1,-1,-0.01,-1,-1,-0.01,-1,-1,-0.01,-1,-1,-0.01,-1,-1,-0.01,-1,-1
99926009,2026-05-18 14:54:55+05:30,53395.15,0,0.0,0,0.0,0.0,53282.15,53619.2,52783.45,53710.35,0,0.0,0.0,0.0,0.0,-0.01,-1,-1,-0.01,-1,-1,-0.01,-1,-1,-0.01,-1,-1,-0.01,-1,-1,-0.01,-1,-1,-0.01,-1,-1,-0.01,-1,-1,-0.01,-1,-1,-0.01,-1,-1
99926009,2026-05-18 14:54:56+05:30,53394.8,0,0.0,0,0.0,0.0,53282.15,53619.2,52783.45,53710.35,0,0.0,0.0,0.0,0.0,-0.01,-1,-1,-0.01,-1,-1,-0.01,-1,-1,-0.01,-1,-1,-0.01,-1,-1,-0.01,-1,-1,-0.01,-1,-1,-0.01,-1,-1,-0.01,-1,-1,-0.01,-1,-1
99926009,2026-05-18 14:54:56+05:30,53393.95,0,0.0,0,0.0,0.0,53282.15,53619.2,52783.45,53710.35,0,0.0,0.0,0.0,0.0,-0.01,-1,-1,-0.01,-1,-1,-0.01,-1,-1,-0.01,-1,-1,-0.01,-1,-1,-0.01,-1,-1,-0.01,-1,-1,-0.01,-1,-1,-0.01,-1,-1,-0.01,-1,-1
99926009,2026-05-18 14:54:57+05:30,53394.35,0,0.0,0,0.0,0.0,53282.15,53619.2,52783.45,53710.35,0,0.0,0.0,0.0,0.0,-0.01,-1,-1,-0.01,-1,-1,-0.01,-1,-1,-0.01,-1,-1,-0.01,-1,-1,-0.01,-1,-1,-0.01,-1,-1,-0.01,-1,-1,-0.01,-1,-1,-0.01,-1,-1
99926009,2026-05-18 14:54:57+05:30,53395.85,0,0.0,0,0.0,0.0,53282.15,53619.2,52783.45,53710.35,0,0.0,0.0,0.0,0.0,-0.01,-1,-1,-0.01,-1,-1,-0.01,-1,-1,-0.01,-1,-1,-0.01,-1,-1,-0.01,-1,-1,-0.01,-1,-1,-0.01,-1,-1,-0.01,-1,-1,-0.01,-1,-1
99926009,2026-05-18 14:54:58+05:30,53397.35,0,0.0,0,0.0,0.0,53282.15,53619.2,52783.45,53710.35,0,0.0,0.0,0.0,0.0,-0.01,-1,-1,-0.01,-1,-1,-0.01,-1,-1,-0.01,-1,-1,-0.01,-1,-1,-0.01,-1,-1,-0.01,-1,-1,-0.01,-1,-1,-0.01,-1,-1,-0.01,-1,-1
99926009,2026-05-18 14:54:58+05:30,53395.2,0,0.0,0,0.0,0.0,53282.15,53619.2,52783.45,53710.35,0,0.0,0.0,0.0,0.0,-0.01,-1,-1,-0.01,-1,-1,-0.01,-1,-1,-0.01,-1,-1,-0.01,-1,-1,-0.01,-1,-1,-0.01,-1,-1,-0.01,-1,-1,-0.01,-1,-1,-0.01,-1,-1
99926009,2026-05-18 14:54:59+05:30,53396.35,0,0.0,0,0.0,0.0,53282.15,53619.2,52783.45,53710.35,0,0.0,0.0,0.0,0.0,-0.01,-1,-1,-0.01,-1,-1,-0.01,-1,-1,-0.01,-1,-1,-0.01,-1,-1,-0.01,-1,-1,-0.01,-1,-1,-0.01,-1,-1,-0.01,-1,-1,-0.01,-1,-1
99926009,2026-05-18 14:54:59+05:30,53393.6,0,0.0,0,0.0,0.0,53282.15,53619.2,52783.45,53710.35,0,0.0,0.0,0.0,0.0,-0.01,-1,-1,-0.01,-1,-1,-0.01,-1,-1,-0.01,-1,-1,-0.01,-1,-1,-0.01,-1,-1,-0.01,-1,-1,-0.01,-1,-1,-0.01,-1,-1,-0.01,-1,-1
99926009,2026-05-18 14:55:00+05:30,53396.25,0,0.0,0,0.0,0.0,53282.15,53619.2,52783.45,53710.35,0,0.0,0.0,0.0,0.0,-0.01,-1,-1,-0.01,-1,-1,-0.01,-1,-1,-0.01,-1,-1,-0.01,-1,-1,-0.01,-1,-1,-0.01,-1,-1,-0.01,-1,-1,-0.01,-1,-1,-0.01,-1,-1
99926009,2026-05-18 14:55:00+05:30,53392.15,0,0.0,0,0.0,0.0,53282.15,53619.2,52783.45,53710.35,0,0.0,0.0,0.0,0.0,-0.01,-1,-1,-0.01,-1,-1,-0.01,-1,-1,-0.01,-1,-1,-0.01,-1,-1,-0.01,-1,-1,-0.01,-1,-1,-0.01,-1,-1,-0.01,-1,-1,-0.01,-1,-1
99926009,2026-05-18 14:55:01+05:30,53394.85,0,0.0,0,0.0,0.0,53282.15,53619.2,52783.45,53710.35,0,0.0,0.0,0.0,0.0,-0.01,-1,-1,-0.01,-1,-1,-0.01,-1,-1,-0.01,-1,-1,-0.01,-1,-1,-0.01,-1,-1,-0.01,-1,-1,-0.01,-1,-1,-0.01,-1,-1,-0.01,-1,-1
99926009,2026-05-18 14:55:01+05:30,53395.5,0,0.0,0,0.0,0.0,53282.15,53619.2,52783.45,53710.35,0,0.0,0.0,0.0,0.0,-0.01,-1,-1,-0.01,-1,-1,-0.01,-1,-1,-0.01,-1,-1,-0.01,-1,-1,-0.01,-1,-1,-0.01,-1,-1,-0.01,-1,-1,-0.01,-1,-1,-0.01,-1,-1
99926009,2026-05-18 14:55:02+05:30,53393.45,0,0.0,0,0.0,0.0,53282.15,53619.2,52783.45,53710.35,0,0.0,0.0,0.0,0.0,-0.01,-1,-1,-0.01,-1,-1,-0.01,-1,-1,-0.01,-1,-1,-0.01,-1,-1,-0.01,-1,-1,-0.01,-1,-1,-0.01,-1,-1,-0.01,-1,-1,-0.01,-1,-1
99926009,2026-05-18 14:55:02+05:30,53394.9,0,0.0,0,0.0,0.0,53282.15,53619.2,52783.45,53710.35,0,0.0,0.0,0.0,0.0,-0.01,-1,-1,-0.01,-1,-1,-0.01,-1,-1,-0.01,-1,-1,-0.01,-1,-1,-0.01,-1,-1,-0.01,-1,-1,-0.01,-1,-1,-0.01,-1,-1,-0.01,-1,-1
99926009,2026-05-18 14:55:03+05:30,53396.4,0,0.0,0,0.0,0.0,53282.15,53619.2,52783.45,53710.35,0,0.0,0.0,0.0,0.0,-0.01,-1,-1,-0.01,-1,-1,-0.01,-1,-1,-0.01,-1,-1,-0.01,-1,-1,-0.01,-1,-1,-0.01,-1,-1,-0.01,-1,-1,-0.01,-1,-1,-0.01,-1,-1
99926009,2026-05-18 14:55:03+05:30,53393.9,0,0.0,0,0.0,0.0,53282.15,53619.2,52783.45,53710.35,0,0.0,0.0,0.0,0.0,-0.01,-1,-1,-0.01,-1,-1,-0.01,-1,-1,-0.01,-1,-1,-0.01,-1,-1,-0.01,-1,-1,-0.01,-1,-1,-0.01,-1,-1,-0.01,-1,-1,-0.01,-1,-1
99926009,2026-05-18 14:55:04+05:30,53387.8,0,0.0,0,0.0,0.0,53282.15,53619.2,52783.45,53710.35,0,0.0,0.0,0.0,0.0,-0.01,-1,-1,-0.01,-1,-1,-0.01,-1,-1,-0.01,-1,-1,-0.01,-1,-1,-0.01,-1,-1,-0.01,-1,-1,-0.01,-1,-1,-0.01,-1,-1,-0.01,-1,-1
99926009,2026-05-18 14:55:04+05:30,53387.75,0,0.0,0,0.0,0.0,53282.15,53619.2,52783.45,53710.35,0,0.0,0.0,0.0,0.0,-0.01,-1,-1,-0.01,-1,-1,-0.01,-1,-1,-0.01,-1,-1,-0.01,-1,-1,-0.01,-1,-1,-0.01,-1,-1,-0.01,-1,-1,-0.01,-1,-1,-0.01,-1,-1
99926009,2026-05-18 14:55:05+05:30,53382.45,0,0.0,0,0.0,0.0,53282.15,53619.2,52783.45,53710.35,0,0.0,0.0,0.0,0.0,-0.01,-1,-1,-0.01,-1,-1,-0.01,-1,-1,-0.01,-1,-1,-0.01,-1,-1,-0.01,-1,-1,-0.01,-1,-1,-0.01,-1,-1,-0.01,-1,-1,-0.01,-1,-1
99926009,2026-05-18 14:55:05+05:30,53377.85,0,0.0,0,0.0,0.0,53282.15,53619.2,52783.45,53710.35,0,0.0,0.0,0.0,0.0,-0.01,-1,-1,-0.01,-1,-1,-0.01,-1,-1,-0.01,-1,-1,-0.01,-1,-1,-0.01,-1,-1,-0.01,-1,-1,-0.01,-1,-1,-0.01,-1,-1,-0.01,-1,-1
99926009,2026-05-18 14:55:06+05:30,53375.4,0,0.0,0,0.0,0.0,53282.15,53619.2,52783.45,53710.35,0,0.0,0.0,0.0,0.0,-0.01,-1,-1,-0.01,-1,-1,-0.01,-1,-1,-0.01,-1,-1,-0.01,-1,-1,-0.01,-1,-1,-0.01,-1,-1,-0.01,-1,-1,-0.01,-1,-1,-0.01,-1,-1
99926009,2026-05-18 14:55:06+05:30,53375.95,0,0.0,0,0.0,0.0,53282.15,53619.2,52783.45,53710.35,0,0.0,0.0,0.0,0.0,-0.01,-1,-1,-0.01,-1,-1,-0.01,-1,-1,-0.01,-1,-1,-0.01,-1,-1,-0.01,-1,-1,-0.01,-1,-1,-0.01,-1,-1,-0.01,-1,-1,-0.01,-1,-1
99926009,2026-05-18 14:55:07+05:30,53377.65,0,0.0,0,0.0,0.0,53282.15,53619.2,52783.45,53710.35,0,0.0,0.0,0.0,0.0,-0.01,-1,-1,-0.01,-1,-1,-0.01,-1,-1,-0.01,-1,-1,-0.01,-1,-1,-0.01,-1,-1,-0.01,-1,-1,-0.01,-1,-1,-0.01,-1,-1,-0.01,-1,-1
99926009,2026-05-18 14:55:07+05:30,53378.05,0,0.0,0,0.0,0.0,53282.15,53619.2,52783.45,53710.35,0,0.0,0.0,0.0,0.0,-0.01,-1,-1,-0.01,-1,-1,-0.01,-1,-1,-0.01,-1,-1,-0.01,-1,-1,-0.01,-1,-1,-0.01,-1,-1,-0.01,-1,-1,-0.01,-1,-1,-0.01,-1,-1
99926009,2026-05-18 14:55:08+05:30,53378.45,0,0.0,0,0.0,0.0,53282.15,53619.2,52783.45,53710.35,0,0.0,0.0,0.0,0.0,-0.01,-1,-1,-0.01,-1,-1,-0.01,-1,-1,-0.01,-1,-1,-0.01,-1,-1,-0.01,-1,-1,-0.01,-1,-1,-0.01,-1,-1,-0.01,-1,-1,-0.01,-1,-1
99926009,2026-05-18 14:55:08+05:30,53380.0,0,0.0,0,0.0,0.0,53282.15,53619.2,52783.45,53710.35,0,0.0,0.0,0.0,0.0,-0.01,-1,-1,-0.01,-1,-1,-0.01,-1,-1,-0.01,-1,-1,-0.01,-1,-1,-0.01,-1,-1,-0.01,-1,-1,-0.01,-1,-1,-0.01,-1,-1,-0.01,-1,-1
99926009,2026-05-18 14:55:09+05:30,53379.3,0,0.0,0,0.0,0.0,53282.15,53619.2,52783.45,53710.35,0,0.0,0.0,0.0,0.0,-0.01,-1,-1,-0.01,-1,-1,-0.01,-1,-1,-0.01,-1,-1,-0.01,-1,-1,-0.01,-1,-1,-0.01,-1,-1,-0.01,-1,-1,-0.01,-1,-1,-0.01,-1,-1
99926009,2026-05-18 14:55:09+05:30,53378.55,0,0.0,0,0.0,0.0,53282.15,53619.2,52783.45,53710.35,0,0.0,0.0,0.0,0.0,-0.01,-1,-1,-0.01,-1,-1,-0.01,-1,-1,-0.01,-1,-1,-0.01,-1,-1,-0.01,-1,-1,-0.01,-1,-1,-0.01,-1,-1,-0.01,-1,-1,-0.01,-1,-1
99926009,2026-05-18 14:55:10+05:30,53378.45,0,0.0,0,0.0,0.0,53282.15,53619.2,52783.45,53710.35,0,0.0,0.0,0.0,0.0,-0.01,-1,-1,-0.01,-1,-1,-0.01,-1,-1,-0.01,-1,-1,-0.01,-1,-1,-0.01,-1,-1,-0.01,-1,-1,-0.01,-1,-1,-0.01,-1,-1,-0.01,-1,-1
99926009,2026-05-18 14:55:10+05:30,53377.4,0,0.0,0,0.0,0.0,53282.15,53619.2,52783.45,53710.35,0,0.0,0.0,0.0,0.0,-0.01,-1,-1,-0.01,-1,-1,-0.01,-1,-1,-0.01,-1,-1,-0.01,-1,-1,-0.01,-1,-1,-0.01,-1,-1,-0.01,-1,-1,-0.01,-1,-1,-0.01,-1,-1
99926009,2026-05-18 14:55:11+05:30,53375.65,0,0.0,0,0.0,0.0,53282.15,53619.2,52783.45,53710.35,0,0.0,0.0,0.0,0.0,-0.01,-1,-1,-0.01,-1,-1,-0.01,-1,-1,-0.01,-1,-1,-0.01,-1,-1,-0.01,-1,-1,-0.01,-1,-1,-0.01,-1,-1,-0.01,-1,-1,-0.01,-1,-1
99926009,2026-05-18 14:55:11+05:30,53377.25,0,0.0,0,0.0,0.0,53282.15,53619.2,52783.45,53710.35,0,0.0,0.0,0.0,0.0,-0.01,-1,-1,-0.01,-1,-1,-0.01,-1,-1,-0.01,-1,-1,-0.01,-1,-1,-0.01,-1,-1,-0.01,-1,-1,-0.01,-1,-1,-0.01,-1,-1,-0.01,-1,-1
99926009,2026-05-18 14:55:12+05:30,53378.15,0,0.0,0,0.0,0.0,53282.15,53619.2,52783.45,53710.35,0,0.0,0.0,0.0,0.0,-0.01,-1,-1,-0.01,-1,-1,-0.01,-1,-1,-0.01,-1,-1,-0.01,-1,-1,-0.01,-1,-1,-0.01,-1,-1,-0.01,-1,-1,-0.01,-1,-1,-0.01,-1,-1
99926009,2026-05-18 14:55:12+05:30,53376.85,0,0.0,0,0.0,0.0,53282.15,53619.2,52783.45,53710.35,0,0.0,0.0,0.0,0.0,-0.01,-1,-1,-0.01,-1,-1,-0.01,-1,-1,-0.01,-1,-1,-0.01,-1,-1,-0.01,-1,-1,-0.01,-1,-1,-0.01,-1,-1,-0.01,-1,-1,-0.01,-1,-1
99926009,2026-05-18 14:55:13+05:30,53375.9,0,0.0,0,0.0,0.0,53282.15,53619.2,52783.45,53710.35,0,0.0,0.0,0.0,0.0,-0.01,-1,-1,-0.01,-1,-1,-0.01,-1,-1,-0.01,-1,-1,-0.01,-1,-1,-0.01,-1,-1,-0.01,-1,-1,-0.01,-1,-1,-0.01,-1,-1,-0.01,-1,-1
99926009,2026-05-18 14:55:13+05:30,53375.1,0,0.0,0,0.0,0.0,53282.15,53619.2,52783.45,53710.35,0,0.0,0.0,0.0,0.0,-0.01,-1,-1,-0.01,-1,-1,-0.01,-1,-1,-0.01,-1,-1,-0.01,-1,-1,-0.01,-1,-1,-0.01,-1,-1,-0.01,-1,-1,-0.01,-1,-1,-0.01,-1,-1
99926009,2026-05-18 14:55:14+05:30,53374.55,0,0.0,0,0.0,0.0,53282.15,53619.2,52783.45,53710.35,0,0.0,0.0,0.0,0.0,-0.01,-1,-1,-0.01,-1,-1,-0.01,-1,-1,-0.01,-1,-1,-0.01,-1,-1,-0.01,-1,-1,-0.01,-1,-1,-0.01,-1,-1,-0.01,-1,-1,-0.01,-1,-1
99926009,2026-05-18 14:55:14+05:30,53373.25,0,0.0,0,0.0,0.0,53282.15,53619.2,52783.45,53710.35,0,0.0,0.0,0.0,0.0,-0.01,-1,-1,-0.01,-1,-1,-0.01,-1,-1,-0.01,-1,-1,-0.01,-1,-1,-0.01,-1,-1,-0.01,-1,-1,-0.01,-1,-1,-0.01,-1,-1,-0.01,-1,-1
99926009,2026-05-18 14:55:15+05:30,53374.35,0,0.0,0,0.0,0.0,53282.15,53619.2,52783.45,53710.35,0,0.0,0.0,0.0,0.0,-0.01,-1,-1,-0.01,-1,-1,-0.01,-1,-1,-0.01,-1,-1,-0.01,-1,-1,-0.01,-1,-1,-0.01,-1,-1,-0.01,-1,-1,-0.01,-1,-1,-0.01,-1,-1
99926009,2026-05-18 14:55:15+05:30,53374.7,0,0.0,0,0.0,0.0,53282.15,53619.2,52783.45,53710.35,0,0.0,0.0,0.0,0.0,-0.01,-1,-1,-0.01,-1,-1,-0.01,-1,-1,-0.01,-1,-1,-0.01,-1,-1,-0.01,-1,-1,-0.01,-1,-1,-0.01,-1,-1,-0.01,-1,-1,-0.01,-1,-1
99926009,2026-05-18 14:55:16+05:30,53374.05,0,0.0,0,0.0,0.0,53282.15,53619.2,52783.45,53710.35,0,0.0,0.0,0.0,0.0,-0.01,-1,-1,-0.01,-1,-1,-0.01,-1,-1,-0.01,-1,-1,-0.01,-1,-1,-0.01,-1,-1,-0.01,-1,-1,-0.01,-1,-1,-0.01,-1,-1,-0.01,-1,-1
99926009,2026-05-18 14:55:16+05:30,53374.85,0,0.0,0,0.0,0.0,53282.15,53619.2,52783.45,53710.35,0,0.0,0.0,0.0,0.0,-0.01,-1,-1,-0.01,-1,-1,-0.01,-1,-1,-0.01,-1,-1,-0.01,-1,-1,-0.01,-1,-1,-0.01,-1,-1,-0.01,-1,-1,-0.01,-1,-1,-0.01,-1,-1
99926009,2026-05-18 14:55:17+05:30,53377.2,0,0.0,0,0.0,0.0,53282.15,53619.2,52783.45,53710.35,0,0.0,0.0,0.0,0.0,-0.01,-1,-1,-0.01,-1,-1,-0.01,-1,-1,-0.01,-1,-1,-0.01,-1,-1,-0.01,-1,-1,-0.01,-1,-1,-0.01,-1,-1,-0.01,-1,-1,-0.01,-1,-1
99926009,2026-05-18 14:55:17+05:30,53374.55,0,0.0,0,0.0,0.0,53282.15,53619.2,52783.45,53710.35,0,0.0,0.0,0.0,0.0,-0.01,-1,-1,-0.01,-1,-1,-0.01,-1,-1,-0.01,-1,-1,-0.01,-1,-1,-0.01,-1,-1,-0.01,-1,-1,-0.01,-1,-1,-0.01,-1,-1,-0.01,-1,-1
99926009,2026-05-18 14:55:18+05:30,53375.2,0,0.0,0,0.0,0.0,53282.15,53619.2,52783.45,53710.35,0,0.0,0.0,0.0,0.0,-0.01,-1,-1,-0.01,-1,-1,-0.01,-1,-1,-0.01,-1,-1,-0.01,-1,-1,-0.01,-1,-1,-0.01,-1,-1,-0.01,-1,-1,-0.01,-1,-1,-0.01,-1,-1
99926009,2026-05-18 14:55:18+05:30,53377.65,0,0.0,0,0.0,0.0,53282.15,53619.2,52783.45,53710.35,0,0.0,0.0,0.0,0.0,-0.01,-1,-1,-0.01,-1,-1,-0.01,-1,-1,-0.01,-1,-1,-0.01,-1,-1,-0.01,-1,-1,-0.01,-1,-1,-0.01,-1,-1,-0.01,-1,-1,-0.01,-1,-1
99926009,2026-05-18 14:55:19+05:30,53378.4,0,0.0,0,0.0,0.0,53282.15,53619.2,52783.45,53710.35,0,0.0,0.0,0.0,0.0,-0.01,-1,-1,-0.01,-1,-1,-0.01,-1,-1,-0.01,-1,-1,-0.01,-1,-1,-0.01,-1,-1,-0.01,-1,-1,-0.01,-1,-1,-0.01,-1,-1,-0.01,-1,-1
99926009,2026-05-18 14:55:19+05:30,53376.65,0,0.0,0,0.0,0.0,53282.15,53619.2,52783.45,53710.35,0,0.0,0.0,0.0,0.0,-0.01,-1,-1,-0.01,-1,-1,-0.01,-1,-1,-0.01,-1,-1,-0.01,-1,-1,-0.01,-1,-1,-0.01,-1,-1,-0.01,-1,-1,-0.01,-1,-1,-0.01,-1,-1
99926009,2026-05-18 14:55:20+05:30,53376.45,0,0.0,0,0.0,0.0,53282.15,53619.2,52783.45,53710.35,0,0.0,0.0,0.0,0.0,-0.01,-1,-1,-0.01,-1,-1,-0.01,-1,-1,-0.01,-1,-1,-0.01,-1,-1,-0.01,-1,-1,-0.01,-1,-1,-0.01,-1,-1,-0.01,-1,-1,-0.01,-1,-1
99926009,2026-05-18 14:55:20+05:30,53375.65,0,0.0,0,0.0,0.0,53282.15,53619.2,52783.45,53710.35,0,0.0,0.0,0.0,0.0,-0.01,-1,-1,-0.01,-1,-1,-0.01,-1,-1,-0.01,-1,-1,-0.01,-1,-1,-0.01,-1,-1,-0.01,-1,-1,-0.01,-1,-1,-0.01,-1,-1,-0.01,-1,-1
99926009,2026-05-18 14:55:21+05:30,53375.8,0,0.0,0,0.0,0.0,53282.15,53619.2,52783.45,53710.35,0,0.0,0.0,0.0,0.0,-0.01,-1,-1,-0.01,-1,-1,-0.01,-1,-1,-0.01,-1,-1,-0.01,-1,-1,-0.01,-1,-1,-0.01,-1,-1,-0.01,-1,-1,-0.01,-1,-1,-0.01,-1,-1
99926009,2026-05-18 14:55:21+05:30,53378.05,0,0.0,0,0.0,0.0,53282.15,53619.2,52783.45,53710.35,0,0.0,0.0,0.0,0.0,-0.01,-1,-1,-0.01,-1,-1,-0.01,-1,-1,-0.01,-1,-1,-0.01,-1,-1,-0.01,-1,-1,-0.01,-1,-1,-0.01,-1,-1,-0.01,-1,-1,-0.01,-1,-1
99926009,2026-05-18 14:55:22+05:30,53377.55,0,0.0,0,0.0,0.0,53282.15,53619.2,52783.45,53710.35,0,0.0,0.0,0.0,0.0,-0.01,-1,-1,-0.01,-1,-1,-0.01,-1,-1,-0.01,-1,-1,-0.01,-1,-1,-0.01,-1,-1,-0.01,-1,-1,-0.01,-1,-1,-0.01,-1,-1,-0.01,-1,-1
99926009,2026-05-18 14:55:22+05:30,53376.3,0,0.0,0,0.0,0.0,53282.15,53619.2,52783.45,53710.35,0,0.0,0.0,0.0,0.0,-0.01,-1,-1,-0.01,-1,-1,-0.01,-1,-1,-0.01,-1,-1,-0.01,-1,-1,-0.01,-1,-1,-0.01,-1,-1,-0.01,-1,-1,-0.01,-1,-1,-0.01,-1,-1
99926009,2026-05-18 14:55:23+05:30,53377.4,0,0.0,0,0.0,0.0,53282.15,53619.2,52783.45,53710.35,0,0.0,0.0,0.0,0.0,-0.01,-1,-1,-0.01,-1,-1,-0.01,-1,-1,-0.01,-1,-1,-0.01,-1,-1,-0.01,-1,-1,-0.01,-1,-1,-0.01,-1,-1,-0.01,-1,-1,-0.01,-1,-1
99926009,2026-05-18 14:55:23+05:30,53374.2,0,0.0,0,0.0,0.0,53282.15,53619.2,52783.45,53710.35,0,0.0,0.0,0.0,0.0,-0.01,-1,-1,-0.01,-1,-1,-0.01,-1,-1,-0.01,-1,-1,-0.01,-1,-1,-0.01,-1,-1,-0.01,-1,-1,-0.01,-1,-1,-0.01,-1,-1,-0.01,-1,-1
99926009,2026-05-18 14:55:24+05:30,53374.05,0,0.0,0,0.0,0.0,53282.15,53619.2,52783.45,53710.35,0,0.0,0.0,0.0,0.0,-0.01,-1,-1,-0.01,-1,-1,-0.01,-1,-1,-0.01,-1,-1,-0.01,-1,-1,-0.01,-1,-1,-0.01,-1,-1,-0.01,-1,-1,-0.01,-1,-1,-0.01,-1,-1
99926009,2026-05-18 14:55:24+05:30,53374.3,0,0.0,0,0.0,0.0,53282.15,53619.2,52783.45,53710.35,0,0.0,0.0,0.0,0.0,-0.01,-1,-1,-0.01,-1,-1,-0.01,-1,-1,-0.01,-1,-1,-0.01,-1,-1,-0.01,-1,-1,-0.01,-1,-1,-0.01,-1,-1,-0.01,-1,-1,-0.01,-1,-1
99926009,2026-05-18 14:55:25+05:30,53375.7,0,0.0,0,0.0,0.0,53282.15,53619.2,52783.45,53710.35,0,0.0,0.0,0.0,0.0,-0.01,-1,-1,-0.01,-1,-1,-0.01,-1,-1,-0.01,-1,-1,-0.01,-1,-1,-0.01,-1,-1,-0.01,-1,-1,-0.01,-1,-1,-0.01,-1,-1,-0.01,-1,-1
99926009,2026-05-18 14:55:25+05:30,53373.4,0,0.0,0,0.0,0.0,53282.15,53619.2,52783.45,53710.35,0,0.0,0.0,0.0,0.0,-0.01,-1,-1,-0.01,-1,-1,-0.01,-1,-1,-0.01,-1,-1,-0.01,-1,-1,-0.01,-1,-1,-0.01,-1,-1,-0.01,-1,-1,-0.01,-1,-1,-0.01,-1,-1
99926009,2026-05-18 14:55:26+05:30,53377.3,0,0.0,0,0.0,0.0,53282.15,53619.2,52783.45,53710.35,0,0.0,0.0,0.0,0.0,-0.01,-1,-1,-0.01,-1,-1,-0.01,-1,-1,-0.01,-1,-1,-0.01,-1,-1,-0.01,-1,-1,-0.01,-1,-1,-0.01,-1,-1,-0.01,-1,-1,-0.01,-1,-1
99926009,2026-05-18 14:55:26+05:30,53377.2,0,0.0,0,0.0,0.0,53282.15,53619.2,52783.45,53710.35,0,0.0,0.0,0.0,0.0,-0.01,-1,-1,-0.01,-1,-1,-0.01,-1,-1,-0.01,-1,-1,-0.01,-1,-1,-0.01,-1,-1,-0.01,-1,-1,-0.01,-1,-1,-0.01,-1,-1,-0.01,-1,-1
99926009,2026-05-18 14:55:27+05:30,53379.3,0,0.0,0,0.0,0.0,53282.15,53619.2,52783.45,53710.35,0,0.0,0.0,0.0,0.0,-0.01,-1,-1,-0.01,-1,-1,-0.01,-1,-1,-0.01,-1,-1,-0.01,-1,-1,-0.01,-1,-1,-0.01,-1,-1,-0.01,-1,-1,-0.01,-1,-1,-0.01,-1,-1
99926009,2026-05-18 14:55:27+05:30,53375.1,0,0.0,0,0.0,0.0,53282.15,53619.2,52783.45,53710.35,0,0.0,0.0,0.0,0.0,-0.01,-1,-1,-0.01,-1,-1,-0.01,-1,-1,-0.01,-1,-1,-0.01,-1,-1,-0.01,-1,-1,-0.01,-1,-1,-0.01,-1,-1,-0.01,-1,-1,-0.01,-1,-1
99926009,2026-05-18 14:55:28+05:30,53376.05,0,0.0,0,0.0,0.0,53282.15,53619.2,52783.45,53710.35,0,0.0,0.0,0.0,0.0,-0.01,-1,-1,-0.01,-1,-1,-0.01,-1,-1,-0.01,-1,-1,-0.01,-1,-1,-0.01,-1,-1,-0.01,-1,-1,-0.01,-1,-1,-0.01,-1,-1,-0.01,-1,-1
99926009,2026-05-18 14:55:28+05:30,53376.9,0,0.0,0,0.0,0.0,53282.15,53619.2,52783.45,53710.35,0,0.0,0.0,0.0,0.0,-0.01,-1,-1,-0.01,-1,-1,-0.01,-1,-1,-0.01,-1,-1,-0.01,-1,-1,-0.01,-1,-1,-0.01,-1,-1,-0.01,-1,-1,-0.01,-1,-1,-0.01,-1,-1
99926009,2026-05-18 14:55:29+05:30,53374.2,0,0.0,0,0.0,0.0,53282.15,53619.2,52783.45,53710.35,0,0.0,0.0,0.0,0.0,-0.01,-1,-1,-0.01,-1,-1,-0.01,-1,-1,-0.01,-1,-1,-0.01,-1,-1,-0.01,-1,-1,-0.01,-1,-1,-0.01,-1,-1,-0.01,-1,-1,-0.01,-1,-1
99926009,2026-05-18 14:55:29+05:30,53373.75,0,0.0,0,0.0,0.0,53282.15,53619.2,52783.45,53710.35,0,0.0,0.0,0.0,0.0,-0.01,-1,-1,-0.01,-1,-1,-0.01,-1,-1,-0.01,-1,-1,-0.01,-1,-1,-0.01,-1,-1,-0.01,-1,-1,-0.01,-1,-1,-0.01,-1,-1,-0.01,-1,-1
99926009,2026-05-18 14:55:30+05:30,53373.7,0,0.0,0,0.0,0.0,53282.15,53619.2,52783.45,53710.35,0,0.0,0.0,0.0,0.0,-0.01,-1,-1,-0.01,-1,-1,-0.01,-1,-1,-0.01,-1,-1,-0.01,-1,-1,-0.01,-1,-1,-0.01,-1,-1,-0.01,-1,-1,-0.01,-1,-1,-0.01,-1,-1
99926009,2026-05-18 14:55:30+05:30,53375.55,0,0.0,0,0.0,0.0,53282.15,53619.2,52783.45,53710.35,0,0.0,0.0,0.0,0.0,-0.01,-1,-1,-0.01,-1,-1,-0.01,-1,-1,-0.01,-1,-1,-0.01,-1,-1,-0.01,-1,-1,-0.01,-1,-1,-0.01,-1,-1,-0.01,-1,-1,-0.01,-1,-1
99926009,2026-05-18 14:55:31+05:30,53374.9,0,0.0,0,0.0,0.0,53282.15,53619.2,52783.45,53710.35,0,0.0,0.0,0.0,0.0,-0.01,-1,-1,-0.01,-1,-1,-0.01,-1,-1,-0.01,-1,-1,-0.01,-1,-1,-0.01,-1,-1,-0.01,-1,-1,-0.01,-1,-1,-0.01,-1,-1,-0.01,-1,-1
99926009,2026-05-18 14:55:31+05:30,53375.45,0,0.0,0,0.0,0.0,53282.15,53619.2,52783.45,53710.35,0,0.0,0.0,0.0,0.0,-0.01,-1,-1,-0.01,-1,-1,-0.01,-1,-1,-0.01,-1,-1,-0.01,-1,-1,-0.01,-1,-1,-0.01,-1,-1,-0.01,-1,-1,-0.01,-1,-1,-0.01,-1,-1
99926009,2026-05-18 14:55:32+05:30,53375.75,0,0.0,0,0.0,0.0,53282.15,53619.2,52783.45,53710.35,0,0.0,0.0,0.0,0.0,-0.01,-1,-1,-0.01,-1,-1,-0.01,-1,-1,-0.01,-1,-1,-0.01,-1,-1,-0.01,-1,-1,-0.01,-1,-1,-0.01,-1,-1,-0.01,-1,-1,-0.01,-1,-1
99926009,2026-05-18 14:55:32+05:30,53374.1,0,0.0,0,0.0,0.0,53282.15,53619.2,52783.45,53710.35,0,0.0,0.0,0.0,0.0,-0.01,-1,-1,-0.01,-1,-1,-0.01,-1,-1,-0.01,-1,-1,-0.01,-1,-1,-0.01,-1,-1,-0.01,-1,-1,-0.01,-1,-1,-0.01,-1,-1,-0.01,-1,-1
99926009,2026-05-18 14:55:33+05:30,53374.6,0,0.0,0,0.0,0.0,53282.15,53619.2,52783.45,53710.35,0,0.0,0.0,0.0,0.0,-0.01,-1,-1,-0.01,-1,-1,-0.01,-1,-1,-0.01,-1,-1,-0.01,-1,-1,-0.01,-1,-1,-0.01,-1,-1,-0.01,-1,-1,-0.01,-1,-1,-0.01,-1,-1
99926009,2026-05-18 14:55:33+05:30,53376.5,0,0.0,0,0.0,0.0,53282.15,53619.2,52783.45,53710.35,0,0.0,0.0,0.0,0.0,-0.01,-1,-1,-0.01,-1,-1,-0.01,-1,-1,-0.01,-1,-1,-0.01,-1,-1,-0.01,-1,-1,-0.01,-1,-1,-0.01,-1,-1,-0.01,-1,-1,-0.01,-1,-1
99926009,2026-05-18 14:55:34+05:30,53376.6,0,0.0,0,0.0,0.0,53282.15,53619.2,52783.45,53710.35,0,0.0,0.0,0.0,0.0,-0.01,-1,-1,-0.01,-1,-1,-0.01,-1,-1,-0.01,-1,-1,-0.01,-1,-1,-0.01,-1,-1,-0.01,-1,-1,-0.01,-1,-1,-0.01,-1,-1,-0.01,-1,-1
99926009,2026-05-18 14:55:34+05:30,53373.15,0,0.0,0,0.0,0.0,53282.15,53619.2,52783.45,53710.35,0,0.0,0.0,0.0,0.0,-0.01,-1,-1,-0.01,-1,-1,-0.01,-1,-1,-0.01,-1,-1,-0.01,-1,-1,-0.01,-1,-1,-0.01,-1,-1,-0.01,-1,-1,-0.01,-1,-1,-0.01,-1,-1
99926009,2026-05-18 14:55:35+05:30,53375.5,0,0.0,0,0.0,0.0,53282.15,53619.2,52783.45,53710.35,0,0.0,0.0,0.0,0.0,-0.01,-1,-1,-0.01,-1,-1,-0.01,-1,-1,-0.01,-1,-1,-0.01,-1,-1,-0.01,-1,-1,-0.01,-1,-1,-0.01,-1,-1,-0.01,-1,-1,-0.01,-1,-1
99926009,2026-05-18 14:55:35+05:30,53377.55,0,0.0,0,0.0,0.0,53282.15,53619.2,52783.45,53710.35,0,0.0,0.0,0.0,0.0,-0.01,-1,-1,-0.01,-1,-1,-0.01,-1,-1,-0.01,-1,-1,-0.01,-1,-1,-0.01,-1,-1,-0.01,-1,-1,-0.01,-1,-1,-0.01,-1,-1,-0.01,-1,-1
99926009,2026-05-18 14:55:36+05:30,53378.7,0,0.0,0,0.0,0.0,53282.15,53619.2,52783.45,53710.35,0,0.0,0.0,0.0,0.0,-0.01,-1,-1,-0.01,-1,-1,-0.01,-1,-1,-0.01,-1,-1,-0.01,-1,-1,-0.01,-1,-1,-0.01,-1,-1,-0.01,-1,-1,-0.01,-1,-1,-0.01,-1,-1
99926009,2026-05-18 14:55:36+05:30,53377.35,0,0.0,0,0.0,0.0,53282.15,53619.2,52783.45,53710.35,0,0.0,0.0,0.0,0.0,-0.01,-1,-1,-0.01,-1,-1,-0.01,-1,-1,-0.01,-1,-1,-0.01,-1,-1,-0.01,-1,-1,-0.01,-1,-1,-0.01,-1,-1,-0.01,-1,-1,-0.01,-1,-1
99926009,2026-05-18 14:55:37+05:30,53378.3,0,0.0,0,0.0,0.0,53282.15,53619.2,52783.45,53710.35,0,0.0,0.0,0.0,0.0,-0.01,-1,-1,-0.01,-1,-1,-0.01,-1,-1,-0.01,-1,-1,-0.01,-1,-1,-0.01,-1,-1,-0.01,-1,-1,-0.01,-1,-1,-0.01,-1,-1,-0.01,-1,-1
99926009,2026-05-18 14:55:37+05:30,53378.25,0,0.0,0,0.0,0.0,53282.15,53619.2,52783.45,53710.35,0,0.0,0.0,0.0,0.0,-0.01,-1,-1,-0.01,-1,-1,-0.01,-1,-1,-0.01,-1,-1,-0.01,-1,-1,-0.01,-1,-1,-0.01,-1,-1,-0.01,-1,-1,-0.01,-1,-1,-0.01,-1,-1
99926009,2026-05-18 14:55:38+05:30,53376.35,0,0.0,0,0.0,0.0,53282.15,53619.2,52783.45,53710.35,0,0.0,0.0,0.0,0.0,-0.01,-1,-1,-0.01,-1,-1,-0.01,-1,-1,-0.01,-1,-1,-0.01,-1,-1,-0.01,-1,-1,-0.01,-1,-1,-0.01,-1,-1,-0.01,-1,-1,-0.01,-1,-1
99926009,2026-05-18 14:55:38+05:30,53375.95,0,0.0,0,0.0,0.0,53282.15,53619.2,52783.45,53710.35,0,0.0,0.0,0.0,0.0,-0.01,-1,-1,-0.01,-1,-1,-0.01,-1,-1,-0.01,-1,-1,-0.01,-1,-1,-0.01,-1,-1,-0.01,-1,-1,-0.01,-1,-1,-0.01,-1,-1,-0.01,-1,-1
99926009,2026-05-18 14:55:39+05:30,53373.8,0,0.0,0,0.0,0.0,53282.15,53619.2,52783.45,53710.35,0,0.0,0.0,0.0,0.0,-0.01,-1,-1,-0.01,-1,-1,-0.01,-1,-1,-0.01,-1,-1,-0.01,-1,-1,-0.01,-1,-1,-0.01,-1,-1,-0.01,-1,-1,-0.01,-1,-1,-0.01,-1,-1
99926009,2026-05-18 14:55:39+05:30,53374.0,0,0.0,0,0.0,0.0,53282.15,53619.2,52783.45,53710.35,0,0.0,0.0,0.0,0.0,-0.01,-1,-1,-0.01,-1,-1,-0.01,-1,-1,-0.01,-1,-1,-0.01,-1,-1,-0.01,-1,-1,-0.01,-1,-1,-0.01,-1,-1,-0.01,-1,-1,-0.01,-1,-1
99926009,2026-05-18 14:55:40+05:30,53373.9,0,0.0,0,0.0,0.0,53282.15,53619.2,52783.45,53710.35,0,0.0,0.0,0.0,0.0,-0.01,-1,-1,-0.01,-1,-1,-0.01,-1,-1,-0.01,-1,-1,-0.01,-1,-1,-0.01,-1,-1,-0.01,-1,-1,-0.01,-1,-1,-0.01,-1,-1,-0.01,-1,-1
99926009,2026-05-18 14:55:40+05:30,53373.6,0,0.0,0,0.0,0.0,53282.15,53619.2,52783.45,53710.35,0,0.0,0.0,0.0,0.0,-0.01,-1,-1,-0.01,-1,-1,-0.01,-1,-1,-0.01,-1,-1,-0.01,-1,-1,-0.01,-1,-1,-0.01,-1,-1,-0.01,-1,-1,-0.01,-1,-1,-0.01,-1,-1
99926009,2026-05-18 14:55:41+05:30,53372.0,0,0.0,0,0.0,0.0,53282.15,53619.2,52783.45,53710.35,0,0.0,0.0,0.0,0.0,-0.01,-1,-1,-0.01,-1,-1,-0.01,-1,-1,-0.01,-1,-1,-0.01,-1,-1,-0.01,-1,-1,-0.01,-1,-1,-0.01,-1,-1,-0.01,-1,-1,-0.01,-1,-1
99926009,2026-05-18 14:55:41+05:30,53374.5,0,0.0,0,0.0,0.0,53282.15,53619.2,52783.45,53710.35,0,0.0,0.0,0.0,0.0,-0.01,-1,-1,-0.01,-1,-1,-0.01,-1,-1,-0.01,-1,-1,-0.01,-1,-1,-0.01,-1,-1,-0.01,-1,-1,-0.01,-1,-1,-0.01,-1,-1,-0.01,-1,-1
99926009,2026-05-18 14:55:42+05:30,53374.25,0,0.0,0,0.0,0.0,53282.15,53619.2,52783.45,53710.35,0,0.0,0.0,0.0,0.0,-0.01,-1,-1,-0.01,-1,-1,-0.01,-1,-1,-0.01,-1,-1,-0.01,-1,-1,-0.01,-1,-1,-0.01,-1,-1,-0.01,-1,-1,-0.01,-1,-1,-0.01,-1,-1
99926009,2026-05-18 14:55:42+05:30,53376.2,0,0.0,0,0.0,0.0,53282.15,53619.2,52783.45,53710.35,0,0.0,0.0,0.0,0.0,-0.01,-1,-1,-0.01,-1,-1,-0.01,-1,-1,-0.01,-1,-1,-0.01,-1,-1,-0.01,-1,-1,-0.01,-1,-1,-0.01,-1,-1,-0.01,-1,-1,-0.01,-1,-1
99926009,2026-05-18 14:55:43+05:30,53371.55,0,0.0,0,0.0,0.0,53282.15,53619.2,52783.45,53710.35,0,0.0,0.0,0.0,0.0,-0.01,-1,-1,-0.01,-1,-1,-0.01,-1,-1,-0.01,-1,-1,-0.01,-1,-1,-0.01,-1,-1,-0.01,-1,-1,-0.01,-1,-1,-0.01,-1,-1,-0.01,-1,-1
99926009,2026-05-18 14:55:43+05:30,53371.8,0,0.0,0,0.0,0.0,53282.15,53619.2,52783.45,53710.35,0,0.0,0.0,0.0,0.0,-0.01,-1,-1,-0.01,-1,-1,-0.01,-1,-1,-0.01,-1,-1,-0.01,-1,-1,-0.01,-1,-1,-0.01,-1,-1,-0.01,-1,-1,-0.01,-1,-1,-0.01,-1,-1
99926009,2026-05-18 14:55:44+05:30,53371.85,0,0.0,0,0.0,0.0,53282.15,53619.2,52783.45,53710.35,0,0.0,0.0,0.0,0.0,-0.01,-1,-1,-0.01,-1,-1,-0.01,-1,-1,-0.01,-1,-1,-0.01,-1,-1,-0.01,-1,-1,-0.01,-1,-1,-0.01,-1,-1,-0.01,-1,-1,-0.01,-1,-1
99926009,2026-05-18 14:55:44+05:30,53372.05,0,0.0,0,0.0,0.0,53282.15,53619.2,52783.45,53710.35,0,0.0,0.0,0.0,0.0,-0.01,-1,-1,-0.01,-1,-1,-0.01,-1,-1,-0.01,-1,-1,-0.01,-1,-1,-0.01,-1,-1,-0.01,-1,-1,-0.01,-1,-1,-0.01,-1,-1,-0.01,-1,-1
99926009,2026-05-18 14:55:45+05:30,53372.5,0,0.0,0,0.0,0.0,53282.15,53619.2,52783.45,53710.35,0,0.0,0.0,0.0,0.0,-0.01,-1,-1,-0.01,-1,-1,-0.01,-1,-1,-0.01,-1,-1,-0.01,-1,-1,-0.01,-1,-1,-0.01,-1,-1,-0.01,-1,-1,-0.01,-1,-1,-0.01,-1,-1
99926009,2026-05-18 14:55:45+05:30,53373.2,0,0.0,0,0.0,0.0,53282.15,53619.2,52783.45,53710.35,0,0.0,0.0,0.0,0.0,-0.01,-1,-1,-0.01,-1,-1,-0.01,-1,-1,-0.01,-1,-1,-0.01,-1,-1,-0.01,-1,-1,-0.01,-1,-1,-0.01,-1,-1,-0.01,-1,-1,-0.01,-1,-1
99926009,2026-05-18 14:55:46+05:30,53370.05,0,0.0,0,0.0,0.0,53282.15,53619.2,52783.45,53710.35,0,0.0,0.0,0.0,0.0,-0.01,-1,-1,-0.01,-1,-1,-0.01,-1,-1,-0.01,-1,-1,-0.01,-1,-1,-0.01,-1,-1,-0.01,-1,-1,-0.01,-1,-1,-0.01,-1,-1,-0.01,-1,-1
99926009,2026-05-18 14:55:46+05:30,53370.9,0,0.0,0,0.0,0.0,53282.15,53619.2,52783.45,53710.35,0,0.0,0.0,0.0,0.0,-0.01,-1,-1,-0.01,-1,-1,-0.01,-1,-1,-0.01,-1,-1,-0.01,-1,-1,-0.01,-1,-1,-0.01,-1,-1,-0.01,-1,-1,-0.01,-1,-1,-0.01,-1,-1
99926009,2026-05-18 14:55:47+05:30,53369.3,0,0.0,0,0.0,0.0,53282.15,53619.2,52783.45,53710.35,0,0.0,0.0,0.0,0.0,-0.01,-1,-1,-0.01,-1,-1,-0.01,-1,-1,-0.01,-1,-1,-0.01,-1,-1,-0.01,-1,-1,-0.01,-1,-1,-0.01,-1,-1,-0.01,-1,-1,-0.01,-1,-1
99926009,2026-05-18 14:55:47+05:30,53368.75,0,0.0,0,0.0,0.0,53282.15,53619.2,52783.45,53710.35,0,0.0,0.0,0.0,0.0,-0.01,-1,-1,-0.01,-1,-1,-0.01,-1,-1,-0.01,-1,-1,-0.01,-1,-1,-0.01,-1,-1,-0.01,-1,-1,-0.01,-1,-1,-0.01,-1,-1,-0.01,-1,-1
99926009,2026-05-18 14:55:48+05:30,53370.15,0,0.0,0,0.0,0.0,53282.15,53619.2,52783.45,53710.35,0,0.0,0.0,0.0,0.0,-0.01,-1,-1,-0.01,-1,-1,-0.01,-1,-1,-0.01,-1,-1,-0.01,-1,-1,-0.01,-1,-1,-0.01,-1,-1,-0.01,-1,-1,-0.01,-1,-1,-0.01,-1,-1
99926009,2026-05-18 14:55:48+05:30,53371.8,0,0.0,0,0.0,0.0,53282.15,53619.2,52783.45,53710.35,0,0.0,0.0,0.0,0.0,-0.01,-1,-1,-0.01,-1,-1,-0.01,-1,-1,-0.01,-1,-1,-0.01,-1,-1,-0.01,-1,-1,-0.01,-1,-1,-0.01,-1,-1,-0.01,-1,-1,-0.01,-1,-1
99926009,2026-05-18 14:55:49+05:30,53368.15,0,0.0,0,0.0,0.0,53282.15,53619.2,52783.45,53710.35,0,0.0,0.0,0.0,0.0,-0.01,-1,-1,-0.01,-1,-1,-0.01,-1,-1,-0.01,-1,-1,-0.01,-1,-1,-0.01,-1,-1,-0.01,-1,-1,-0.01,-1,-1,-0.01,-1,-1,-0.01,-1,-1
99926009,2026-05-18 14:55:49+05:30,53370.65,0,0.0,0,0.0,0.0,53282.15,53619.2,52783.45,53710.35,0,0.0,0.0,0.0,0.0,-0.01,-1,-1,-0.01,-1,-1,-0.01,-1,-1,-0.01,-1,-1,-0.01,-1,-1,-0.01,-1,-1,-0.01,-1,-1,-0.01,-1,-1,-0.01,-1,-1,-0.01,-1,-1
99926009,2026-05-18 14:55:50+05:30,53371.85,0,0.0,0,0.0,0.0,53282.15,53619.2,52783.45,53710.35,0,0.0,0.0,0.0,0.0,-0.01,-1,-1,-0.01,-1,-1,-0.01,-1,-1,-0.01,-1,-1,-0.01,-1,-1,-0.01,-1,-1,-0.01,-1,-1,-0.01,-1,-1,-0.01,-1,-1,-0.01,-1,-1
99926009,2026-05-18 14:55:50+05:30,53371.55,0,0.0,0,0.0,0.0,53282.15,53619.2,52783.45,53710.35,0,0.0,0.0,0.0,0.0,-0.01,-1,-1,-0.01,-1,-1,-0.01,-1,-1,-0.01,-1,-1,-0.01,-1,-1,-0.01,-1,-1,-0.01,-1,-1,-0.01,-1,-1,-0.01,-1,-1,-0.01,-1,-1
99926009,2026-05-18 14:55:51+05:30,53370.25,0,0.0,0,0.0,0.0,53282.15,53619.2,52783.45,53710.35,0,0.0,0.0,0.0,0.0,-0.01,-1,-1,-0.01,-1,-1,-0.01,-1,-1,-0.01,-1,-1,-0.01,-1,-1,-0.01,-1,-1,-0.01,-1,-1,-0.01,-1,-1,-0.01,-1,-1,-0.01,-1,-1
99926009,2026-05-18 14:55:51+05:30,53373.85,0,0.0,0,0.0,0.0,53282.15,53619.2,52783.45,53710.35,0,0.0,0.0,0.0,0.0,-0.01,-1,-1,-0.01,-1,-1,-0.01,-1,-1,-0.01,-1,-1,-0.01,-1,-1,-0.01,-1,-1,-0.01,-1,-1,-0.01,-1,-1,-0.01,-1,-1,-0.01,-1,-1
99926009,2026-05-18 14:55:52+05:30,53375.0,0,0.0,0,0.0,0.0,53282.15,53619.2,52783.45,53710.35,0,0.0,0.0,0.0,0.0,-0.01,-1,-1,-0.01,-1,-1,-0.01,-1,-1,-0.01,-1,-1,-0.01,-1,-1,-0.01,-1,-1,-0.01,-1,-1,-0.01,-1,-1,-0.01,-1,-1,-0.01,-1,-1
99926009,2026-05-18 14:55:52+05:30,53374.8,0,0.0,0,0.0,0.0,53282.15,53619.2,52783.45,53710.35,0,0.0,0.0,0.0,0.0,-0.01,-1,-1,-0.01,-1,-1,-0.01,-1,-1,-0.01,-1,-1,-0.01,-1,-1,-0.01,-1,-1,-0.01,-1,-1,-0.01,-1,-1,-0.01,-1,-1,-0.01,-1,-1
99926009,2026-05-18 14:55:53+05:30,53371.65,0,0.0,0,0.0,0.0,53282.15,53619.2,52783.45,53710.35,0,0.0,0.0,0.0,0.0,-0.01,-1,-1,-0.01,-1,-1,-0.01,-1,-1,-0.01,-1,-1,-0.01,-1,-1,-0.01,-1,-1,-0.01,-1,-1,-0.01,-1,-1,-0.01,-1,-1,-0.01,-1,-1
99926009,2026-05-18 14:55:53+05:30,53373.5,0,0.0,0,0.0,0.0,53282.15,53619.2,52783.45,53710.35,0,0.0,0.0,0.0,0.0,-0.01,-1,-1,-0.01,-1,-1,-0.01,-1,-1,-0.01,-1,-1,-0.01,-1,-1,-0.01,-1,-1,-0.01,-1,-1,-0.01,-1,-1,-0.01,-1,-1,-0.01,-1,-1
99926009,2026-05-18 14:55:54+05:30,53373.05,0,0.0,0,0.0,0.0,53282.15,53619.2,52783.45,53710.35,0,0.0,0.0,0.0,0.0,-0.01,-1,-1,-0.01,-1,-1,-0.01,-1,-1,-0.01,-1,-1,-0.01,-1,-1,-0.01,-1,-1,-0.01,-1,-1,-0.01,-1,-1,-0.01,-1,-1,-0.01,-1,-1
99926009,2026-05-18 14:55:54+05:30,53371.25,0,0.0,0,0.0,0.0,53282.15,53619.2,52783.45,53710.35,0,0.0,0.0,0.0,0.0,-0.01,-1,-1,-0.01,-1,-1,-0.01,-1,-1,-0.01,-1,-1,-0.01,-1,-1,-0.01,-1,-1,-0.01,-1,-1,-0.01,-1,-1,-0.01,-1,-1,-0.01,-1,-1
99926009,2026-05-18 14:55:55+05:30,53371.7,0,0.0,0,0.0,0.0,53282.15,53619.2,52783.45,53710.35,0,0.0,0.0,0.0,0.0,-0.01,-1,-1,-0.01,-1,-1,-0.01,-1,-1,-0.01,-1,-1,-0.01,-1,-1,-0.01,-1,-1,-0.01,-1,-1,-0.01,-1,-1,-0.01,-1,-1,-0.01,-1,-1
99926009,2026-05-18 14:55:55+05:30,53371.35,0,0.0,0,0.0,0.0,53282.15,53619.2,52783.45,53710.35,0,0.0,0.0,0.0,0.0,-0.01,-1,-1,-0.01,-1,-1,-0.01,-1,-1,-0.01,-1,-1,-0.01,-1,-1,-0.01,-1,-1,-0.01,-1,-1,-0.01,-1,-1,-0.01,-1,-1,-0.01,-1,-1
99926009,2026-05-18 14:55:56+05:30,53373.05,0,0.0,0,0.0,0.0,53282.15,53619.2,52783.45,53710.35,0,0.0,0.0,0.0,0.0,-0.01,-1,-1,-0.01,-1,-1,-0.01,-1,-1,-0.01,-1,-1,-0.01,-1,-1,-0.01,-1,-1,-0.01,-1,-1,-0.01,-1,-1,-0.01,-1,-1,-0.01,-1,-1
99926009,2026-05-18 14:55:56+05:30,53373.65,0,0.0,0,0.0,0.0,53282.15,53619.2,52783.45,53710.35,0,0.0,0.0,0.0,0.0,-0.01,-1,-1,-0.01,-1,-1,-0.01,-1,-1,-0.01,-1,-1,-0.01,-1,-1,-0.01,-1,-1,-0.01,-1,-1,-0.01,-1,-1,-0.01,-1,-1,-0.01,-1,-1
99926009,2026-05-18 14:55:57+05:30,53372.95,0,0.0,0,0.0,0.0,53282.15,53619.2,52783.45,53710.35,0,0.0,0.0,0.0,0.0,-0.01,-1,-1,-0.01,-1,-1,-0.01,-1,-1,-0.01,-1,-1,-0.01,-1,-1,-0.01,-1,-1,-0.01,-1,-1,-0.01,-1,-1,-0.01,-1,-1,-0.01,-1,-1
99926009,2026-05-18 14:55:57+05:30,53373.85,0,0.0,0,0.0,0.0,53282.15,53619.2,52783.45,53710.35,0,0.0,0.0,0.0,0.0,-0.01,-1,-1,-0.01,-1,-1,-0.01,-1,-1,-0.01,-1,-1,-0.01,-1,-1,-0.01,-1,-1,-0.01,-1,-1,-0.01,-1,-1,-0.01,-1,-1,-0.01,-1,-1
99926009,2026-05-18 14:55:58+05:30,53370.7,0,0.0,0,0.0,0.0,53282.15,53619.2,52783.45,53710.35,0,0.0,0.0,0.0,0.0,-0.01,-1,-1,-0.01,-1,-1,-0.01,-1,-1,-0.01,-1,-1,-0.01,-1,-1,-0.01,-1,-1,-0.01,-1,-1,-0.01,-1,-1,-0.01,-1,-1,-0.01,-1,-1
99926009,2026-05-18 14:55:58+05:30,53372.7,0,0.0,0,0.0,0.0,53282.15,53619.2,52783.45,53710.35,0,0.0,0.0,0.0,0.0,-0.01,-1,-1,-0.01,-1,-1,-0.01,-1,-1,-0.01,-1,-1,-0.01,-1,-1,-0.01,-1,-1,-0.01,-1,-1,-0.01,-1,-1,-0.01,-1,-1,-0.01,-1,-1
99926009,2026-05-18 14:55:59+05:30,53373.15,0,0.0,0,0.0,0.0,53282.15,53619.2,52783.45,53710.35,0,0.0,0.0,0.0,0.0,-0.01,-1,-1,-0.01,-1,-1,-0.01,-1,-1,-0.01,-1,-1,-0.01,-1,-1,-0.01,-1,-1,-0.01,-1,-1,-0.01,-1,-1,-0.01,-1,-1,-0.01,-1,-1
99926009,2026-05-18 14:55:59+05:30,53365.55,0,0.0,0,0.0,0.0,53282.15,53619.2,52783.45,53710.35,0,0.0,0.0,0.0,0.0,-0.01,-1,-1,-0.01,-1,-1,-0.01,-1,-1,-0.01,-1,-1,-0.01,-1,-1,-0.01,-1,-1,-0.01,-1,-1,-0.01,-1,-1,-0.01,-1,-1,-0.01,-1,-1
99926009,2026-05-18 14:56:00+05:30,53367.7,0,0.0,0,0.0,0.0,53282.15,53619.2,52783.45,53710.35,0,0.0,0.0,0.0,0.0,-0.01,-1,-1,-0.01,-1,-1,-0.01,-1,-1,-0.01,-1,-1,-0.01,-1,-1,-0.01,-1,-1,-0.01,-1,-1,-0.01,-1,-1,-0.01,-1,-1,-0.01,-1,-1
99926009,2026-05-18 14:56:00+05:30,53365.9,0,0.0,0,0.0,0.0,53282.15,53619.2,52783.45,53710.35,0,0.0,0.0,0.0,0.0,-0.01,-1,-1,-0.01,-1,-1,-0.01,-1,-1,-0.01,-1,-1,-0.01,-1,-1,-0.01,-1,-1,-0.01,-1,-1,-0.01,-1,-1,-0.01,-1,-1,-0.01,-1,-1
99926009,2026-05-18 14:56:01+05:30,53365.0,0,0.0,0,0.0,0.0,53282.15,53619.2,52783.45,53710.35,0,0.0,0.0,0.0,0.0,-0.01,-1,-1,-0.01,-1,-1,-0.01,-1,-1,-0.01,-1,-1,-0.01,-1,-1,-0.01,-1,-1,-0.01,-1,-1,-0.01,-1,-1,-0.01,-1,-1,-0.01,-1,-1
99926009,2026-05-18 14:56:01+05:30,53367.25,0,0.0,0,0.0,0.0,53282.15,53619.2,52783.45,53710.35,0,0.0,0.0,0.0,0.0,-0.01,-1,-1,-0.01,-1,-1,-0.01,-1,-1,-0.01,-1,-1,-0.01,-1,-1,-0.01,-1,-1,-0.01,-1,-1,-0.01,-1,-1,-0.01,-1,-1,-0.01,-1,-1
99926009,2026-05-18 14:56:02+05:30,53367.1,0,0.0,0,0.0,0.0,53282.15,53619.2,52783.45,53710.35,0,0.0,0.0,0.0,0.0,-0.01,-1,-1,-0.01,-1,-1,-0.01,-1,-1,-0.01,-1,-1,-0.01,-1,-1,-0.01,-1,-1,-0.01,-1,-1,-0.01,-1,-1,-0.01,-1,-1,-0.01,-1,-1
99926009,2026-05-18 14:56:02+05:30,53365.75,0,0.0,0,0.0,0.0,53282.15,53619.2,52783.45,53710.35,0,0.0,0.0,0.0,0.0,-0.01,-1,-1,-0.01,-1,-1,-0.01,-1,-1,-0.01,-1,-1,-0.01,-1,-1,-0.01,-1,-1,-0.01,-1,-1,-0.01,-1,-1,-0.01,-1,-1,-0.01,-1,-1
99926009,2026-05-18 14:56:03+05:30,53368.65,0,0.0,0,0.0,0.0,53282.15,53619.2,52783.45,53710.35,0,0.0,0.0,0.0,0.0,-0.01,-1,-1,-0.01,-1,-1,-0.01,-1,-1,-0.01,-1,-1,-0.01,-1,-1,-0.01,-1,-1,-0.01,-1,-1,-0.01,-1,-1,-0.01,-1,-1,-0.01,-1,-1
99926009,2026-05-18 14:56:03+05:30,53366.65,0,0.0,0,0.0,0.0,53282.15,53619.2,52783.45,53710.35,0,0.0,0.0,0.0,0.0,-0.01,-1,-1,-0.01,-1,-1,-0.01,-1,-1,-0.01,-1,-1,-0.01,-1,-1,-0.01,-1,-1,-0.01,-1,-1,-0.01,-1,-1,-0.01,-1,-1,-0.01,-1,-1
99926009,2026-05-18 14:56:04+05:30,53365.65,0,0.0,0,0.0,0.0,53282.15,53619.2,52783.45,53710.35,0,0.0,0.0,0.0,0.0,-0.01,-1,-1,-0.01,-1,-1,-0.01,-1,-1,-0.01,-1,-1,-0.01,-1,-1,-0.01,-1,-1,-0.01,-1,-1,-0.01,-1,-1,-0.01,-1,-1,-0.01,-1,-1
99926009,2026-05-18 14:56:04+05:30,53365.4,0,0.0,0,0.0,0.0,53282.15,53619.2,52783.45,53710.35,0,0.0,0.0,0.0,0.0,-0.01,-1,-1,-0.01,-1,-1,-0.01,-1,-1,-0.01,-1,-1,-0.01,-1,-1,-0.01,-1,-1,-0.01,-1,-1,-0.01,-1,-1,-0.01,-1,-1,-0.01,-1,-1
99926009,2026-05-18 14:56:05+05:30,53366.8,0,0.0,0,0.0,0.0,53282.15,53619.2,52783.45,53710.35,0,0.0,0.0,0.0,0.0,-0.01,-1,-1,-0.01,-1,-1,-0.01,-1,-1,-0.01,-1,-1,-0.01,-1,-1,-0.01,-1,-1,-0.01,-1,-1,-0.01,-1,-1,-0.01,-1,-1,-0.01,-1,-1
99926009,2026-05-18 14:56:05+05:30,53365.4,0,0.0,0,0.0,0.0,53282.15,53619.2,52783.45,53710.35,0,0.0,0.0,0.0,0.0,-0.01,-1,-1,-0.01,-1,-1,-0.01,-1,-1,-0.01,-1,-1,-0.01,-1,-1,-0.01,-1,-1,-0.01,-1,-1,-0.01,-1,-1,-0.01,-1,-1,-0.01,-1,-1
99926009,2026-05-18 14:56:06+05:30,53363.0,0,0.0,0,0.0,0.0,53282.15,53619.2,52783.45,53710.35,0,0.0,0.0,0.0,0.0,-0.01,-1,-1,-0.01,-1,-1,-0.01,-1,-1,-0.01,-1,-1,-0.01,-1,-1,-0.01,-1,-1,-0.01,-1,-1,-0.01,-1,-1,-0.01,-1,-1,-0.01,-1,-1
99926009,2026-05-18 14:56:06+05:30,53366.15,0,0.0,0,0.0,0.0,53282.15,53619.2,52783.45,53710.35,0,0.0,0.0,0.0,0.0,-0.01,-1,-1,-0.01,-1,-1,-0.01,-1,-1,-0.01,-1,-1,-0.01,-1,-1,-0.01,-1,-1,-0.01,-1,-1,-0.01,-1,-1,-0.01,-1,-1,-0.01,-1,-1
99926009,2026-05-18 14:56:07+05:30,53367.5,0,0.0,0,0.0,0.0,53282.15,53619.2,52783.45,53710.35,0,0.0,0.0,0.0,0.0,-0.01,-1,-1,-0.01,-1,-1,-0.01,-1,-1,-0.01,-1,-1,-0.01,-1,-1,-0.01,-1,-1,-0.01,-1,-1,-0.01,-1,-1,-0.01,-1,-1,-0.01,-1,-1
99926009,2026-05-18 14:56:07+05:30,53367.95,0,0.0,0,0.0,0.0,53282.15,53619.2,52783.45,53710.35,0,0.0,0.0,0.0,0.0,-0.01,-1,-1,-0.01,-1,-1,-0.01,-1,-1,-0.01,-1,-1,-0.01,-1,-1,-0.01,-1,-1,-0.01,-1,-1,-0.01,-1,-1,-0.01,-1,-1,-0.01,-1,-1
99926009,2026-05-18 14:56:08+05:30,53364.25,0,0.0,0,0.0,0.0,53282.15,53619.2,52783.45,53710.35,0,0.0,0.0,0.0,0.0,-0.01,-1,-1,-0.01,-1,-1,-0.01,-1,-1,-0.01,-1,-1,-0.01,-1,-1,-0.01,-1,-1,-0.01,-1,-1,-0.01,-1,-1,-0.01,-1,-1,-0.01,-1,-1
99926009,2026-05-18 14:56:08+05:30,53363.4,0,0.0,0,0.0,0.0,53282.15,53619.2,52783.45,53710.35,0,0.0,0.0,0.0,0.0,-0.01,-1,-1,-0.01,-1,-1,-0.01,-1,-1,-0.01,-1,-1,-0.01,-1,-1,-0.01,-1,-1,-0.01,-1,-1,-0.01,-1,-1,-0.01,-1,-1,-0.01,-1,-1
99926009,2026-05-18 14:56:09+05:30,53363.25,0,0.0,0,0.0,0.0,53282.15,53619.2,52783.45,53710.35,0,0.0,0.0,0.0,0.0,-0.01,-1,-1,-0.01,-1,-1,-0.01,-1,-1,-0.01,-1,-1,-0.01,-1,-1,-0.01,-1,-1,-0.01,-1,-1,-0.01,-1,-1,-0.01,-1,-1,-0.01,-1,-1
99926009,2026-05-18 14:56:09+05:30,53365.0,0,0.0,0,0.0,0.0,53282.15,53619.2,52783.45,53710.35,0,0.0,0.0,0.0,0.0,-0.01,-1,-1,-0.01,-1,-1,-0.01,-1,-1,-0.01,-1,-1,-0.01,-1,-1,-0.01,-1,-1,-0.01,-1,-1,-0.01,-1,-1,-0.01,-1,-1,-0.01,-1,-1
99926009,2026-05-18 14:56:10+05:30,53366.4,0,0.0,0,0.0,0.0,53282.15,53619.2,52783.45,53710.35,0,0.0,0.0,0.0,0.0,-0.01,-1,-1,-0.01,-1,-1,-0.01,-1,-1,-0.01,-1,-1,-0.01,-1,-1,-0.01,-1,-1,-0.01,-1,-1,-0.01,-1,-1,-0.01,-1,-1,-0.01,-1,-1
99926009,2026-05-18 14:56:10+05:30,53365.45,0,0.0,0,0.0,0.0,53282.15,53619.2,52783.45,53710.35,0,0.0,0.0,0.0,0.0,-0.01,-1,-1,-0.01,-1,-1,-0.01,-1,-1,-0.01,-1,-1,-0.01,-1,-1,-0.01,-1,-1,-0.01,-1,-1,-0.01,-1,-1,-0.01,-1,-1,-0.01,-1,-1
99926009,2026-05-18 14:56:11+05:30,53366.1,0,0.0,0,0.0,0.0,53282.15,53619.2,52783.45,53710.35,0,0.0,0.0,0.0,0.0,-0.01,-1,-1,-0.01,-1,-1,-0.01,-1,-1,-0.01,-1,-1,-0.01,-1,-1,-0.01,-1,-1,-0.01,-1,-1,-0.01,-1,-1,-0.01,-1,-1,-0.01,-1,-1
99926009,2026-05-18 14:56:11+05:30,53365.0,0,0.0,0,0.0,0.0,53282.15,53619.2,52783.45,53710.35,0,0.0,0.0,0.0,0.0,-0.01,-1,-1,-0.01,-1,-1,-0.01,-1,-1,-0.01,-1,-1,-0.01,-1,-1,-0.01,-1,-1,-0.01,-1,-1,-0.01,-1,-1,-0.01,-1,-1,-0.01,-1,-1
99926009,2026-05-18 14:56:12+05:30,53365.5,0,0.0,0,0.0,0.0,53282.15,53619.2,52783.45,53710.35,0,0.0,0.0,0.0,0.0,-0.01,-1,-1,-0.01,-1,-1,-0.01,-1,-1,-0.01,-1,-1,-0.01,-1,-1,-0.01,-1,-1,-0.01,-1,-1,-0.01,-1,-1,-0.01,-1,-1,-0.01,-1,-1
99926009,2026-05-18 14:56:12+05:30,53366.2,0,0.0,0,0.0,0.0,53282.15,53619.2,52783.45,53710.35,0,0.0,0.0,0.0,0.0,-0.01,-1,-1,-0.01,-1,-1,-0.01,-1,-1,-0.01,-1,-1,-0.01,-1,-1,-0.01,-1,-1,-0.01,-1,-1,-0.01,-1,-1,-0.01,-1,-1,-0.01,-1,-1
99926009,2026-05-18 14:56:13+05:30,53365.3,0,0.0,0,0.0,0.0,53282.15,53619.2,52783.45,53710.35,0,0.0,0.0,0.0,0.0,-0.01,-1,-1,-0.01,-1,-1,-0.01,-1,-1,-0.01,-1,-1,-0.01,-1,-1,-0.01,-1,-1,-0.01,-1,-1,-0.01,-1,-1,-0.01,-1,-1,-0.01,-1,-1
99926009,2026-05-18 14:56:13+05:30,53367.0,0,0.0,0,0.0,0.0,53282.15,53619.2,52783.45,53710.35,0,0.0,0.0,0.0,0.0,-0.01,-1,-1,-0.01,-1,-1,-0.01,-1,-1,-0.01,-1,-1,-0.01,-1,-1,-0.01,-1,-1,-0.01,-1,-1,-0.01,-1,-1,-0.01,-1,-1,-0.01,-1,-1
99926009,2026-05-18 14:56:14+05:30,53368.5,0,0.0,0,0.0,0.0,53282.15,53619.2,52783.45,53710.35,0,0.0,0.0,0.0,0.0,-0.01,-1,-1,-0.01,-1,-1,-0.01,-1,-1,-0.01,-1,-1,-0.01,-1,-1,-0.01,-1,-1,-0.01,-1,-1,-0.01,-1,-1,-0.01,-1,-1,-0.01,-1,-1
99926009,2026-05-18 14:56:14+05:30,53367.0,0,0.0,0,0.0,0.0,53282.15,53619.2,52783.45,53710.35,0,0.0,0.0,0.0,0.0,-0.01,-1,-1,-0.01,-1,-1,-0.01,-1,-1,-0.01,-1,-1,-0.01,-1,-1,-0.01,-1,-1,-0.01,-1,-1,-0.01,-1,-1,-0.01,-1,-1,-0.01,-1,-1
99926009,2026-05-18 14:56:15+05:30,53368.45,0,0.0,0,0.0,0.0,53282.15,53619.2,52783.45,53710.35,0,0.0,0.0,0.0,0.0,-0.01,-1,-1,-0.01,-1,-1,-0.01,-1,-1,-0.01,-1,-1,-0.01,-1,-1,-0.01,-1,-1,-0.01,-1,-1,-0.01,-1,-1,-0.01,-1,-1,-0.01,-1,-1
99926009,2026-05-18 14:56:15+05:30,53368.45,0,0.0,0,0.0,0.0,53282.15,53619.2,52783.45,53710.35,0,0.0,0.0,0.0,0.0,-0.01,-1,-1,-0.01,-1,-1,-0.01,-1,-1,-0.01,-1,-1,-0.01,-1,-1,-0.01,-1,-1,-0.01,-1,-1,-0.01,-1,-1,-0.01,-1,-1,-0.01,-1,-1
99926009,2026-05-18 14:56:16+05:30,53368.05,0,0.0,0,0.0,0.0,53282.15,53619.2,52783.45,53710.35,0,0.0,0.0,0.0,0.0,-0.01,-1,-1,-0.01,-1,-1,-0.01,-1,-1,-0.01,-1,-1,-0.01,-1,-1,-0.01,-1,-1,-0.01,-1,-1,-0.01,-1,-1,-0.01,-1,-1,-0.01,-1,-1
99926009,2026-05-18 14:56:16+05:30,53368.6,0,0.0,0,0.0,0.0,53282.15,53619.2,52783.45,53710.35,0,0.0,0.0,0.0,0.0,-0.01,-1,-1,-0.01,-1,-1,-0.01,-1,-1,-0.01,-1,-1,-0.01,-1,-1,-0.01,-1,-1,-0.01,-1,-1,-0.01,-1,-1,-0.01,-1,-1,-0.01,-1,-1
99926009,2026-05-18 14:56:17+05:30,53366.7,0,0.0,0,0.0,0.0,53282.15,53619.2,52783.45,53710.35,0,0.0,0.0,0.0,0.0,-0.01,-1,-1,-0.01,-1,-1,-0.01,-1,-1,-0.01,-1,-1,-0.01,-1,-1,-0.01,-1,-1,-0.01,-1,-1,-0.01,-1,-1,-0.01,-1,-1,-0.01,-1,-1
99926009,2026-05-18 14:56:17+05:30,53368.35,0,0.0,0,0.0,0.0,53282.15,53619.2,52783.45,53710.35,0,0.0,0.0,0.0,0.0,-0.01,-1,-1,-0.01,-1,-1,-0.01,-1,-1,-0.01,-1,-1,-0.01,-1,-1,-0.01,-1,-1,-0.01,-1,-1,-0.01,-1,-1,-0.01,-1,-1,-0.01,-1,-1
99926009,2026-05-18 14:56:18+05:30,53365.8,0,0.0,0,0.0,0.0,53282.15,53619.2,52783.45,53710.35,0,0.0,0.0,0.0,0.0,-0.01,-1,-1,-0.01,-1,-1,-0.01,-1,-1,-0.01,-1,-1,-0.01,-1,-1,-0.01,-1,-1,-0.01,-1,-1,-0.01,-1,-1,-0.01,-1,-1,-0.01,-1,-1
99926009,2026-05-18 14:56:18+05:30,53365.6,0,0.0,0,0.0,0.0,53282.15,53619.2,52783.45,53710.35,0,0.0,0.0,0.0,0.0,-0.01,-1,-1,-0.01,-1,-1,-0.01,-1,-1,-0.01,-1,-1,-0.01,-1,-1,-0.01,-1,-1,-0.01,-1,-1,-0.01,-1,-1,-0.01,-1,-1,-0.01,-1,-1
99926009,2026-05-18 14:56:19+05:30,53363.95,0,0.0,0,0.0,0.0,53282.15,53619.2,52783.45,53710.35,0,0.0,0.0,0.0,0.0,-0.01,-1,-1,-0.01,-1,-1,-0.01,-1,-1,-0.01,-1,-1,-0.01,-1,-1,-0.01,-1,-1,-0.01,-1,-1,-0.01,-1,-1,-0.01,-1,-1,-0.01,-1,-1
99926009,2026-05-18 14:56:19+05:30,53365.1,0,0.0,0,0.0,0.0,53282.15,53619.2,52783.45,53710.35,0,0.0,0.0,0.0,0.0,-0.01,-1,-1,-0.01,-1,-1,-0.01,-1,-1,-0.01,-1,-1,-0.01,-1,-1,-0.01,-1,-1,-0.01,-1,-1,-0.01,-1,-1,-0.01,-1,-1,-0.01,-1,-1
99926009,2026-05-18 14:56:20+05:30,53369.65,0,0.0,0,0.0,0.0,53282.15,53619.2,52783.45,53710.35,0,0.0,0.0,0.0,0.0,-0.01,-1,-1,-0.01,-1,-1,-0.01,-1,-1,-0.01,-1,-1,-0.01,-1,-1,-0.01,-1,-1,-0.01,-1,-1,-0.01,-1,-1,-0.01,-1,-1,-0.01,-1,-1
99926009,2026-05-18 14:56:20+05:30,53367.35,0,0.0,0,0.0,0.0,53282.15,53619.2,52783.45,53710.35,0,0.0,0.0,0.0,0.0,-0.01,-1,-1,-0.01,-1,-1,-0.01,-1,-1,-0.01,-1,-1,-0.01,-1,-1,-0.01,-1,-1,-0.01,-1,-1,-0.01,-1,-1,-0.01,-1,-1,-0.01,-1,-1
99926009,2026-05-18 14:56:21+05:30,53364.25,0,0.0,0,0.0,0.0,53282.15,53619.2,52783.45,53710.35,0,0.0,0.0,0.0,0.0,-0.01,-1,-1,-0.01,-1,-1,-0.01,-1,-1,-0.01,-1,-1,-0.01,-1,-1,-0.01,-1,-1,-0.01,-1,-1,-0.01,-1,-1,-0.01,-1,-1,-0.01,-1,-1
99926009,2026-05-18 14:56:21+05:30,53367.05,0,0.0,0,0.0,0.0,53282.15,53619.2,52783.45,53710.35,0,0.0,0.0,0.0,0.0,-0.01,-1,-1,-0.01,-1,-1,-0.01,-1,-1,-0.01,-1,-1,-0.01,-1,-1,-0.01,-1,-1,-0.01,-1,-1,-0.01,-1,-1,-0.01,-1,-1,-0.01,-1,-1
99926009,2026-05-18 14:56:22+05:30,53368.5,0,0.0,0,0.0,0.0,53282.15,53619.2,52783.45,53710.35,0,0.0,0.0,0.0,0.0,-0.01,-1,-1,-0.01,-1,-1,-0.01,-1,-1,-0.01,-1,-1,-0.01,-1,-1,-0.01,-1,-1,-0.01,-1,-1,-0.01,-1,-1,-0.01,-1,-1,-0.01,-1,-1
99926009,2026-05-18 14:56:22+05:30,53366.2,0,0.0,0,0.0,0.0,53282.15,53619.2,52783.45,53710.35,0,0.0,0.0,0.0,0.0,-0.01,-1,-1,-0.01,-1,-1,-0.01,-1,-1,-0.01,-1,-1,-0.01,-1,-1,-0.01,-1,-1,-0.01,-1,-1,-0.01,-1,-1,-0.01,-1,-1,-0.01,-1,-1
99926009,2026-05-18 14:56:23+05:30,53366.45,0,0.0,0,0.0,0.0,53282.15,53619.2,52783.45,53710.35,0,0.0,0.0,0.0,0.0,-0.01,-1,-1,-0.01,-1,-1,-0.01,-1,-1,-0.01,-1,-1,-0.01,-1,-1,-0.01,-1,-1,-0.01,-1,-1,-0.01,-1,-1,-0.01,-1,-1,-0.01,-1,-1
99926009,2026-05-18 14:56:23+05:30,53366.3,0,0.0,0,0.0,0.0,53282.15,53619.2,52783.45,53710.35,0,0.0,0.0,0.0,0.0,-0.01,-1,-1,-0.01,-1,-1,-0.01,-1,-1,-0.01,-1,-1,-0.01,-1,-1,-0.01,-1,-1,-0.01,-1,-1,-0.01,-1,-1,-0.01,-1,-1,-0.01,-1,-1
99926009,2026-05-18 14:56:24+05:30,53368.35,0,0.0,0,0.0,0.0,53282.15,53619.2,52783.45,53710.35,0,0.0,0.0,0.0,0.0,-0.01,-1,-1,-0.01,-1,-1,-0.01,-1,-1,-0.01,-1,-1,-0.01,-1,-1,-0.01,-1,-1,-0.01,-1,-1,-0.01,-1,-1,-0.01,-1,-1,-0.01,-1,-1
99926009,2026-05-18 14:56:24+05:30,53369.25,0,0.0,0,0.0,0.0,53282.15,53619.2,52783.45,53710.35,0,0.0,0.0,0.0,0.0,-0.01,-1,-1,-0.01,-1,-1,-0.01,-1,-1,-0.01,-1,-1,-0.01,-1,-1,-0.01,-1,-1,-0.01,-1,-1,-0.01,-1,-1,-0.01,-1,-1,-0.01,-1,-1
99926009,2026-05-18 14:56:25+05:30,53367.65,0,0.0,0,0.0,0.0,53282.15,53619.2,52783.45,53710.35,0,0.0,0.0,0.0,0.0,-0.01,-1,-1,-0.01,-1,-1,-0.01,-1,-1,-0.01,-1,-1,-0.01,-1,-1,-0.01,-1,-1,-0.01,-1,-1,-0.01,-1,-1,-0.01,-1,-1,-0.01,-1,-1
99926009,2026-05-18 14:56:25+05:30,53364.2,0,0.0,0,0.0,0.0,53282.15,53619.2,52783.45,53710.35,0,0.0,0.0,0.0,0.0,-0.01,-1,-1,-0.01,-1,-1,-0.01,-1,-1,-0.01,-1,-1,-0.01,-1,-1,-0.01,-1,-1,-0.01,-1,-1,-0.01,-1,-1,-0.01,-1,-1,-0.01,-1,-1
99926009,2026-05-18 14:56:26+05:30,53363.9,0,0.0,0,0.0,0.0,53282.15,53619.2,52783.45,53710.35,0,0.0,0.0,0.0,0.0,-0.01,-1,-1,-0.01,-1,-1,-0.01,-1,-1,-0.01,-1,-1,-0.01,-1,-1,-0.01,-1,-1,-0.01,-1,-1,-0.01,-1,-1,-0.01,-1,-1,-0.01,-1,-1
99926009,2026-05-18 14:56:26+05:30,53365.1,0,0.0,0,0.0,0.0,53282.15,53619.2,52783.45,53710.35,0,0.0,0.0,0.0,0.0,-0.01,-1,-1,-0.01,-1,-1,-0.01,-1,-1,-0.01,-1,-1,-0.01,-1,-1,-0.01,-1,-1,-0.01,-1,-1,-0.01,-1,-1,-0.01,-1,-1,-0.01,-1,-1
99926009,2026-05-18 14:56:27+05:30,53366.7,0,0.0,0,0.0,0.0,53282.15,53619.2,52783.45,53710.35,0,0.0,0.0,0.0,0.0,-0.01,-1,-1,-0.01,-1,-1,-0.01,-1,-1,-0.01,-1,-1,-0.01,-1,-1,-0.01,-1,-1,-0.01,-1,-1,-0.01,-1,-1,-0.01,-1,-1,-0.01,-1,-1
99926009,2026-05-18 14:56:27+05:30,53368.9,0,0.0,0,0.0,0.0,53282.15,53619.2,52783.45,53710.35,0,0.0,0.0,0.0,0.0,-0.01,-1,-1,-0.01,-1,-1,-0.01,-1,-1,-0.01,-1,-1,-0.01,-1,-1,-0.01,-1,-1,-0.01,-1,-1,-0.01,-1,-1,-0.01,-1,-1,-0.01,-1,-1
99926009,2026-05-18 14:56:28+05:30,53364.5,0,0.0,0,0.0,0.0,53282.15,53619.2,52783.45,53710.35,0,0.0,0.0,0.0,0.0,-0.01,-1,-1,-0.01,-1,-1,-0.01,-1,-1,-0.01,-1,-1,-0.01,-1,-1,-0.01,-1,-1,-0.01,-1,-1,-0.01,-1,-1,-0.01,-1,-1,-0.01,-1,-1
99926009,2026-05-18 14:56:28+05:30,53363.85,0,0.0,0,0.0,0.0,53282.15,53619.2,52783.45,53710.35,0,0.0,0.0,0.0,0.0,-0.01,-1,-1,-0.01,-1,-1,-0.01,-1,-1,-0.01,-1,-1,-0.01,-1,-1,-0.01,-1,-1,-0.01,-1,-1,-0.01,-1,-1,-0.01,-1,-1,-0.01,-1,-1
99926009,2026-05-18 14:56:29+05:30,53366.05,0,0.0,0,0.0,0.0,53282.15,53619.2,52783.45,53710.35,0,0.0,0.0,0.0,0.0,-0.01,-1,-1,-0.01,-1,-1,-0.01,-1,-1,-0.01,-1,-1,-0.01,-1,-1,-0.01,-1,-1,-0.01,-1,-1,-0.01,-1,-1,-0.01,-1,-1,-0.01,-1,-1
99926009,2026-05-18 14:56:29+05:30,53363.35,0,0.0,0,0.0,0.0,53282.15,53619.2,52783.45,53710.35,0,0.0,0.0,0.0,0.0,-0.01,-1,-1,-0.01,-1,-1,-0.01,-1,-1,-0.01,-1,-1,-0.01,-1,-1,-0.01,-1,-1,-0.01,-1,-1,-0.01,-1,-1,-0.01,-1,-1,-0.01,-1,-1
99926009,2026-05-18 14:56:30+05:30,53363.85,0,0.0,0,0.0,0.0,53282.15,53619.2,52783.45,53710.35,0,0.0,0.0,0.0,0.0,-0.01,-1,-1,-0.01,-1,-1,-0.01,-1,-1,-0.01,-1,-1,-0.01,-1,-1,-0.01,-1,-1,-0.01,-1,-1,-0.01,-1,-1,-0.01,-1,-1,-0.01,-1,-1
99926009,2026-05-18 14:56:30+05:30,53365.0,0,0.0,0,0.0,0.0,53282.15,53619.2,52783.45,53710.35,0,0.0,0.0,0.0,0.0,-0.01,-1,-1,-0.01,-1,-1,-0.01,-1,-1,-0.01,-1,-1,-0.01,-1,-1,-0.01,-1,-1,-0.01,-1,-1,-0.01,-1,-1,-0.01,-1,-1,-0.01,-1,-1
99926009,2026-05-18 14:56:31+05:30,53365.65,0,0.0,0,0.0,0.0,53282.15,53619.2,52783.45,53710.35,0,0.0,0.0,0.0,0.0,-0.01,-1,-1,-0.01,-1,-1,-0.01,-1,-1,-0.01,-1,-1,-0.01,-1,-1,-0.01,-1,-1,-0.01,-1,-1,-0.01,-1,-1,-0.01,-1,-1,-0.01,-1,-1
99926009,2026-05-18 14:56:31+05:30,53365.7,0,0.0,0,0.0,0.0,53282.15,53619.2,52783.45,53710.35,0,0.0,0.0,0.0,0.0,-0.01,-1,-1,-0.01,-1,-1,-0.01,-1,-1,-0.01,-1,-1,-0.01,-1,-1,-0.01,-1,-1,-0.01,-1,-1,-0.01,-1,-1,-0.01,-1,-1,-0.01,-1,-1
99926009,2026-05-18 14:56:32+05:30,53366.1,0,0.0,0,0.0,0.0,53282.15,53619.2,52783.45,53710.35,0,0.0,0.0,0.0,0.0,-0.01,-1,-1,-0.01,-1,-1,-0.01,-1,-1,-0.01,-1,-1,-0.01,-1,-1,-0.01,-1,-1,-0.01,-1,-1,-0.01,-1,-1,-0.01,-1,-1,-0.01,-1,-1
99926009,2026-05-18 14:56:32+05:30,53364.45,0,0.0,0,0.0,0.0,53282.15,53619.2,52783.45,53710.35,0,0.0,0.0,0.0,0.0,-0.01,-1,-1,-0.01,-1,-1,-0.01,-1,-1,-0.01,-1,-1,-0.01,-1,-1,-0.01,-1,-1,-0.01,-1,-1,-0.01,-1,-1,-0.01,-1,-1,-0.01,-1,-1
99926009,2026-05-18 14:56:33+05:30,53365.2,0,0.0,0,0.0,0.0,53282.15,53619.2,52783.45,53710.35,0,0.0,0.0,0.0,0.0,-0.01,-1,-1,-0.01,-1,-1,-0.01,-1,-1,-0.01,-1,-1,-0.01,-1,-1,-0.01,-1,-1,-0.01,-1,-1,-0.01,-1,-1,-0.01,-1,-1,-0.01,-1,-1
99926009,2026-05-18 14:56:33+05:30,53366.15,0,0.0,0,0.0,0.0,53282.15,53619.2,52783.45,53710.35,0,0.0,0.0,0.0,0.0,-0.01,-1,-1,-0.01,-1,-1,-0.01,-1,-1,-0.01,-1,-1,-0.01,-1,-1,-0.01,-1,-1,-0.01,-1,-1,-0.01,-1,-1,-0.01,-1,-1,-0.01,-1,-1
99926009,2026-05-18 14:56:34+05:30,53362.9,0,0.0,0,0.0,0.0,53282.15,53619.2,52783.45,53710.35,0,0.0,0.0,0.0,0.0,-0.01,-1,-1,-0.01,-1,-1,-0.01,-1,-1,-0.01,-1,-1,-0.01,-1,-1,-0.01,-1,-1,-0.01,-1,-1,-0.01,-1,-1,-0.01,-1,-1,-0.01,-1,-1
99926009,2026-05-18 14:56:34+05:30,53360.7,0,0.0,0,0.0,0.0,53282.15,53619.2,52783.45,53710.35,0,0.0,0.0,0.0,0.0,-0.01,-1,-1,-0.01,-1,-1,-0.01,-1,-1,-0.01,-1,-1,-0.01,-1,-1,-0.01,-1,-1,-0.01,-1,-1,-0.01,-1,-1,-0.01,-1,-1,-0.01,-1,-1
99926009,2026-05-18 14:56:35+05:30,53364.25,0,0.0,0,0.0,0.0,53282.15,53619.2,52783.45,53710.35,0,0.0,0.0,0.0,0.0,-0.01,-1,-1,-0.01,-1,-1,-0.01,-1,-1,-0.01,-1,-1,-0.01,-1,-1,-0.01,-1,-1,-0.01,-1,-1,-0.01,-1,-1,-0.01,-1,-1,-0.01,-1,-1
99926009,2026-05-18 14:56:35+05:30,53364.7,0,0.0,0,0.0,0.0,53282.15,53619.2,52783.45,53710.35,0,0.0,0.0,0.0,0.0,-0.01,-1,-1,-0.01,-1,-1,-0.01,-1,-1,-0.01,-1,-1,-0.01,-1,-1,-0.01,-1,-1,-0.01,-1,-1,-0.01,-1,-1,-0.01,-1,-1,-0.01,-1,-1
99926009,2026-05-18 14:56:36+05:30,53362.45,0,0.0,0,0.0,0.0,53282.15,53619.2,52783.45,53710.35,0,0.0,0.0,0.0,0.0,-0.01,-1,-1,-0.01,-1,-1,-0.01,-1,-1,-0.01,-1,-1,-0.01,-1,-1,-0.01,-1,-1,-0.01,-1,-1,-0.01,-1,-1,-0.01,-1,-1,-0.01,-1,-1
99926009,2026-05-18 14:56:36+05:30,53366.85,0,0.0,0,0.0,0.0,53282.15,53619.2,52783.45,53710.35,0,0.0,0.0,0.0,0.0,-0.01,-1,-1,-0.01,-1,-1,-0.01,-1,-1,-0.01,-1,-1,-0.01,-1,-1,-0.01,-1,-1,-0.01,-1,-1,-0.01,-1,-1,-0.01,-1,-1,-0.01,-1,-1
99926009,2026-05-18 14:56:37+05:30,53369.05,0,0.0,0,0.0,0.0,53282.15,53619.2,52783.45,53710.35,0,0.0,0.0,0.0,0.0,-0.01,-1,-1,-0.01,-1,-1,-0.01,-1,-1,-0.01,-1,-1,-0.01,-1,-1,-0.01,-1,-1,-0.01,-1,-1,-0.01,-1,-1,-0.01,-1,-1,-0.01,-1,-1
99926009,2026-05-18 14:56:37+05:30,53368.25,0,0.0,0,0.0,0.0,53282.15,53619.2,52783.45,53710.35,0,0.0,0.0,0.0,0.0,-0.01,-1,-1,-0.01,-1,-1,-0.01,-1,-1,-0.01,-1,-1,-0.01,-1,-1,-0.01,-1,-1,-0.01,-1,-1,-0.01,-1,-1,-0.01,-1,-1,-0.01,-1,-1
99926009,2026-05-18 14:56:38+05:30,53368.4,0,0.0,0,0.0,0.0,53282.15,53619.2,52783.45,53710.35,0,0.0,0.0,0.0,0.0,-0.01,-1,-1,-0.01,-1,-1,-0.01,-1,-1,-0.01,-1,-1,-0.01,-1,-1,-0.01,-1,-1,-0.01,-1,-1,-0.01,-1,-1,-0.01,-1,-1,-0.01,-1,-1
99926009,2026-05-18 14:56:38+05:30,53368.35,0,0.0,0,0.0,0.0,53282.15,53619.2,52783.45,53710.35,0,0.0,0.0,0.0,0.0,-0.01,-1,-1,-0.01,-1,-1,-0.01,-1,-1,-0.01,-1,-1,-0.01,-1,-1,-0.01,-1,-1,-0.01,-1,-1,-0.01,-1,-1,-0.01,-1,-1,-0.01,-1,-1
99926009,2026-05-18 14:56:39+05:30,53369.4,0,0.0,0,0.0,0.0,53282.15,53619.2,52783.45,53710.35,0,0.0,0.0,0.0,0.0,-0.01,-1,-1,-0.01,-1,-1,-0.01,-1,-1,-0.01,-1,-1,-0.01,-1,-1,-0.01,-1,-1,-0.01,-1,-1,-0.01,-1,-1,-0.01,-1,-1,-0.01,-1,-1
99926009,2026-05-18 14:56:39+05:30,53368.35,0,0.0,0,0.0,0.0,53282.15,53619.2,52783.45,53710.35,0,0.0,0.0,0.0,0.0,-0.01,-1,-1,-0.01,-1,-1,-0.01,-1,-1,-0.01,-1,-1,-0.01,-1,-1,-0.01,-1,-1,-0.01,-1,-1,-0.01,-1,-1,-0.01,-1,-1,-0.01,-1,-1
99926009,2026-05-18 14:56:40+05:30,53368.1,0,0.0,0,0.0,0.0,53282.15,53619.2,52783.45,53710.35,0,0.0,0.0,0.0,0.0,-0.01,-1,-1,-0.01,-1,-1,-0.01,-1,-1,-0.01,-1,-1,-0.01,-1,-1,-0.01,-1,-1,-0.01,-1,-1,-0.01,-1,-1,-0.01,-1,-1,-0.01,-1,-1
99926009,2026-05-18 14:56:40+05:30,53366.4,0,0.0,0,0.0,0.0,53282.15,53619.2,52783.45,53710.35,0,0.0,0.0,0.0,0.0,-0.01,-1,-1,-0.01,-1,-1,-0.01,-1,-1,-0.01,-1,-1,-0.01,-1,-1,-0.01,-1,-1,-0.01,-1,-1,-0.01,-1,-1,-0.01,-1,-1,-0.01,-1,-1
99926009,2026-05-18 14:56:41+05:30,53366.75,0,0.0,0,0.0,0.0,53282.15,53619.2,52783.45,53710.35,0,0.0,0.0,0.0,0.0,-0.01,-1,-1,-0.01,-1,-1,-0.01,-1,-1,-0.01,-1,-1,-0.01,-1,-1,-0.01,-1,-1,-0.01,-1,-1,-0.01,-1,-1,-0.01,-1,-1,-0.01,-1,-1
99926009,2026-05-18 14:56:41+05:30,53367.15,0,0.0,0,0.0,0.0,53282.15,53619.2,52783.45,53710.35,0,0.0,0.0,0.0,0.0,-0.01,-1,-1,-0.01,-1,-1,-0.01,-1,-1,-0.01,-1,-1,-0.01,-1,-1,-0.01,-1,-1,-0.01,-1,-1,-0.01,-1,-1,-0.01,-1,-1,-0.01,-1,-1
99926009,2026-05-18 14:56:42+05:30,53368.95,0,0.0,0,0.0,0.0,53282.15,53619.2,52783.45,53710.35,0,0.0,0.0,0.0,0.0,-0.01,-1,-1,-0.01,-1,-1,-0.01,-1,-1,-0.01,-1,-1,-0.01,-1,-1,-0.01,-1,-1,-0.01,-1,-1,-0.01,-1,-1,-0.01,-1,-1,-0.01,-1,-1
99926009,2026-05-18 14:56:42+05:30,53369.05,0,0.0,0,0.0,0.0,53282.15,53619.2,52783.45,53710.35,0,0.0,0.0,0.0,0.0,-0.01,-1,-1,-0.01,-1,-1,-0.01,-1,-1,-0.01,-1,-1,-0.01,-1,-1,-0.01,-1,-1,-0.01,-1,-1,-0.01,-1,-1,-0.01,-1,-1,-0.01,-1,-1
99926009,2026-05-18 14:56:43+05:30,53367.1,0,0.0,0,0.0,0.0,53282.15,53619.2,52783.45,53710.35,0,0.0,0.0,0.0,0.0,-0.01,-1,-1,-0.01,-1,-1,-0.01,-1,-1,-0.01,-1,-1,-0.01,-1,-1,-0.01,-1,-1,-0.01,-1,-1,-0.01,-1,-1,-0.01,-1,-1,-0.01,-1,-1
99926009,2026-05-18 14:56:43+05:30,53366.65,0,0.0,0,0.0,0.0,53282.15,53619.2,52783.45,53710.35,0,0.0,0.0,0.0,0.0,-0.01,-1,-1,-0.01,-1,-1,-0.01,-1,-1,-0.01,-1,-1,-0.01,-1,-1,-0.01,-1,-1,-0.01,-1,-1,-0.01,-1,-1,-0.01,-1,-1,-0.01,-1,-1
99926009,2026-05-18 14:56:44+05:30,53366.55,0,0.0,0,0.0,0.0,53282.15,53619.2,52783.45,53710.35,0,0.0,0.0,0.0,0.0,-0.01,-1,-1,-0.01,-1,-1,-0.01,-1,-1,-0.01,-1,-1,-0.01,-1,-1,-0.01,-1,-1,-0.01,-1,-1,-0.01,-1,-1,-0.01,-1,-1,-0.01,-1,-1
99926009,2026-05-18 14:56:44+05:30,53364.0,0,0.0,0,0.0,0.0,53282.15,53619.2,52783.45,53710.35,0,0.0,0.0,0.0,0.0,-0.01,-1,-1,-0.01,-1,-1,-0.01,-1,-1,-0.01,-1,-1,-0.01,-1,-1,-0.01,-1,-1,-0.01,-1,-1,-0.01,-1,-1,-0.01,-1,-1,-0.01,-1,-1
99926009,2026-05-18 14:56:45+05:30,53366.9,0,0.0,0,0.0,0.0,53282.15,53619.2,52783.45,53710.35,0,0.0,0.0,0.0,0.0,-0.01,-1,-1,-0.01,-1,-1,-0.01,-1,-1,-0.01,-1,-1,-0.01,-1,-1,-0.01,-1,-1,-0.01,-1,-1,-0.01,-1,-1,-0.01,-1,-1,-0.01,-1,-1
99926009,2026-05-18 14:56:45+05:30,53367.45,0,0.0,0,0.0,0.0,53282.15,53619.2,52783.45,53710.35,0,0.0,0.0,0.0,0.0,-0.01,-1,-1,-0.01,-1,-1,-0.01,-1,-1,-0.01,-1,-1,-0.01,-1,-1,-0.01,-1,-1,-0.01,-1,-1,-0.01,-1,-1,-0.01,-1,-1,-0.01,-1,-1
99926009,2026-05-18 14:56:46+05:30,53365.15,0,0.0,0,0.0,0.0,53282.15,53619.2,52783.45,53710.35,0,0.0,0.0,0.0,0.0,-0.01,-1,-1,-0.01,-1,-1,-0.01,-1,-1,-0.01,-1,-1,-0.01,-1,-1,-0.01,-1,-1,-0.01,-1,-1,-0.01,-1,-1,-0.01,-1,-1,-0.01,-1,-1
99926009,2026-05-18 14:56:46+05:30,53368.2,0,0.0,0,0.0,0.0,53282.15,53619.2,52783.45,53710.35,0,0.0,0.0,0.0,0.0,-0.01,-1,-1,-0.01,-1,-1,-0.01,-1,-1,-0.01,-1,-1,-0.01,-1,-1,-0.01,-1,-1,-0.01,-1,-1,-0.01,-1,-1,-0.01,-1,-1,-0.01,-1,-1
99926009,2026-05-18 14:56:47+05:30,53368.3,0,0.0,0,0.0,0.0,53282.15,53619.2,52783.45,53710.35,0,0.0,0.0,0.0,0.0,-0.01,-1,-1,-0.01,-1,-1,-0.01,-1,-1,-0.01,-1,-1,-0.01,-1,-1,-0.01,-1,-1,-0.01,-1,-1,-0.01,-1,-1,-0.01,-1,-1,-0.01,-1,-1
99926009,2026-05-18 14:56:47+05:30,53370.3,0,0.0,0,0.0,0.0,53282.15,53619.2,52783.45,53710.35,0,0.0,0.0,0.0,0.0,-0.01,-1,-1,-0.01,-1,-1,-0.01,-1,-1,-0.01,-1,-1,-0.01,-1,-1,-0.01,-1,-1,-0.01,-1,-1,-0.01,-1,-1,-0.01,-1,-1,-0.01,-1,-1
99926009,2026-05-18 14:56:48+05:30,53369.35,0,0.0,0,0.0,0.0,53282.15,53619.2,52783.45,53710.35,0,0.0,0.0,0.0,0.0,-0.01,-1,-1,-0.01,-1,-1,-0.01,-1,-1,-0.01,-1,-1,-0.01,-1,-1,-0.01,-1,-1,-0.01,-1,-1,-0.01,-1,-1,-0.01,-1,-1,-0.01,-1,-1
99926009,2026-05-18 14:56:48+05:30,53367.6,0,0.0,0,0.0,0.0,53282.15,53619.2,52783.45,53710.35,0,0.0,0.0,0.0,0.0,-0.01,-1,-1,-0.01,-1,-1,-0.01,-1,-1,-0.01,-1,-1,-0.01,-1,-1,-0.01,-1,-1,-0.01,-1,-1,-0.01,-1,-1,-0.01,-1,-1,-0.01,-1,-1
99926009,2026-05-18 14:56:49+05:30,53365.9,0,0.0,0,0.0,0.0,53282.15,53619.2,52783.45,53710.35,0,0.0,0.0,0.0,0.0,-0.01,-1,-1,-0.01,-1,-1,-0.01,-1,-1,-0.01,-1,-1,-0.01,-1,-1,-0.01,-1,-1,-0.01,-1,-1,-0.01,-1,-1,-0.01,-1,-1,-0.01,-1,-1
99926009,2026-05-18 14:56:49+05:30,53367.2,0,0.0,0,0.0,0.0,53282.15,53619.2,52783.45,53710.35,0,0.0,0.0,0.0,0.0,-0.01,-1,-1,-0.01,-1,-1,-0.01,-1,-1,-0.01,-1,-1,-0.01,-1,-1,-0.01,-1,-1,-0.01,-1,-1,-0.01,-1,-1,-0.01,-1,-1,-0.01,-1,-1
99926009,2026-05-18 14:56:50+05:30,53368.15,0,0.0,0,0.0,0.0,53282.15,53619.2,52783.45,53710.35,0,0.0,0.0,0.0,0.0,-0.01,-1,-1,-0.01,-1,-1,-0.01,-1,-1,-0.01,-1,-1,-0.01,-1,-1,-0.01,-1,-1,-0.01,-1,-1,-0.01,-1,-1,-0.01,-1,-1,-0.01,-1,-1
99926009,2026-05-18 14:56:50+05:30,53369.7,0,0.0,0,0.0,0.0,53282.15,53619.2,52783.45,53710.35,0,0.0,0.0,0.0,0.0,-0.01,-1,-1,-0.01,-1,-1,-0.01,-1,-1,-0.01,-1,-1,-0.01,-1,-1,-0.01,-1,-1,-0.01,-1,-1,-0.01,-1,-1,-0.01,-1,-1,-0.01,-1,-1
99926009,2026-05-18 14:56:51+05:30,53370.2,0,0.0,0,0.0,0.0,53282.15,53619.2,52783.45,53710.35,0,0.0,0.0,0.0,0.0,-0.01,-1,-1,-0.01,-1,-1,-0.01,-1,-1,-0.01,-1,-1,-0.01,-1,-1,-0.01,-1,-1,-0.01,-1,-1,-0.01,-1,-1,-0.01,-1,-1,-0.01,-1,-1
99926009,2026-05-18 14:56:51+05:30,53371.95,0,0.0,0,0.0,0.0,53282.15,53619.2,52783.45,53710.35,0,0.0,0.0,0.0,0.0,-0.01,-1,-1,-0.01,-1,-1,-0.01,-1,-1,-0.01,-1,-1,-0.01,-1,-1,-0.01,-1,-1,-0.01,-1,-1,-0.01,-1,-1,-0.01,-1,-1,-0.01,-1,-1
99926009,2026-05-18 14:56:52+05:30,53370.2,0,0.0,0,0.0,0.0,53282.15,53619.2,52783.45,53710.35,0,0.0,0.0,0.0,0.0,-0.01,-1,-1,-0.01,-1,-1,-0.01,-1,-1,-0.01,-1,-1,-0.01,-1,-1,-0.01,-1,-1,-0.01,-1,-1,-0.01,-1,-1,-0.01,-1,-1,-0.01,-1,-1
99926009,2026-05-18 14:56:52+05:30,53371.65,0,0.0,0,0.0,0.0,53282.15,53619.2,52783.45,53710.35,0,0.0,0.0,0.0,0.0,-0.01,-1,-1,-0.01,-1,-1,-0.01,-1,-1,-0.01,-1,-1,-0.01,-1,-1,-0.01,-1,-1,-0.01,-1,-1,-0.01,-1,-1,-0.01,-1,-1,-0.01,-1,-1
99926009,2026-05-18 14:56:53+05:30,53371.95,0,0.0,0,0.0,0.0,53282.15,53619.2,52783.45,53710.35,0,0.0,0.0,0.0,0.0,-0.01,-1,-1,-0.01,-1,-1,-0.01,-1,-1,-0.01,-1,-1,-0.01,-1,-1,-0.01,-1,-1,-0.01,-1,-1,-0.01,-1,-1,-0.01,-1,-1,-0.01,-1,-1
99926009,2026-05-18 14:56:53+05:30,53371.65,0,0.0,0,0.0,0.0,53282.15,53619.2,52783.45,53710.35,0,0.0,0.0,0.0,0.0,-0.01,-1,-1,-0.01,-1,-1,-0.01,-1,-1,-0.01,-1,-1,-0.01,-1,-1,-0.01,-1,-1,-0.01,-1,-1,-0.01,-1,-1,-0.01,-1,-1,-0.01,-1,-1
99926009,2026-05-18 14:56:54+05:30,53370.25,0,0.0,0,0.0,0.0,53282.15,53619.2,52783.45,53710.35,0,0.0,0.0,0.0,0.0,-0.01,-1,-1,-0.01,-1,-1,-0.01,-1,-1,-0.01,-1,-1,-0.01,-1,-1,-0.01,-1,-1,-0.01,-1,-1,-0.01,-1,-1,-0.01,-1,-1,-0.01,-1,-1
99926009,2026-05-18 14:56:54+05:30,53369.6,0,0.0,0,0.0,0.0,53282.15,53619.2,52783.45,53710.35,0,0.0,0.0,0.0,0.0,-0.01,-1,-1,-0.01,-1,-1,-0.01,-1,-1,-0.01,-1,-1,-0.01,-1,-1,-0.01,-1,-1,-0.01,-1,-1,-0.01,-1,-1,-0.01,-1,-1,-0.01,-1,-1
99926009,2026-05-18 14:56:55+05:30,53371.65,0,0.0,0,0.0,0.0,53282.15,53619.2,52783.45,53710.35,0,0.0,0.0,0.0,0.0,-0.01,-1,-1,-0.01,-1,-1,-0.01,-1,-1,-0.01,-1,-1,-0.01,-1,-1,-0.01,-1,-1,-0.01,-1,-1,-0.01,-1,-1,-0.01,-1,-1,-0.01,-1,-1
99926009,2026-05-18 14:56:55+05:30,53370.95,0,0.0,0,0.0,0.0,53282.15,53619.2,52783.45,53710.35,0,0.0,0.0,0.0,0.0,-0.01,-1,-1,-0.01,-1,-1,-0.01,-1,-1,-0.01,-1,-1,-0.01,-1,-1,-0.01,-1,-1,-0.01,-1,-1,-0.01,-1,-1,-0.01,-1,-1,-0.01,-1,-1
99926009,2026-05-18 14:56:56+05:30,53374.5,0,0.0,0,0.0,0.0,53282.15,53619.2,52783.45,53710.35,0,0.0,0.0,0.0,0.0,-0.01,-1,-1,-0.01,-1,-1,-0.01,-1,-1,-0.01,-1,-1,-0.01,-1,-1,-0.01,-1,-1,-0.01,-1,-1,-0.01,-1,-1,-0.01,-1,-1,-0.01,-1,-1
99926009,2026-05-18 14:56:56+05:30,53375.15,0,0.0,0,0.0,0.0,53282.15,53619.2,52783.45,53710.35,0,0.0,0.0,0.0,0.0,-0.01,-1,-1,-0.01,-1,-1,-0.01,-1,-1,-0.01,-1,-1,-0.01,-1,-1,-0.01,-1,-1,-0.01,-1,-1,-0.01,-1,-1,-0.01,-1,-1,-0.01,-1,-1
99926009,2026-05-18 14:56:57+05:30,53375.05,0,0.0,0,0.0,0.0,53282.15,53619.2,52783.45,53710.35,0,0.0,0.0,0.0,0.0,-0.01,-1,-1,-0.01,-1,-1,-0.01,-1,-1,-0.01,-1,-1,-0.01,-1,-1,-0.01,-1,-1,-0.01,-1,-1,-0.01,-1,-1,-0.01,-1,-1,-0.01,-1,-1
99926009,2026-05-18 14:56:57+05:30,53374.7,0,0.0,0,0.0,0.0,53282.15,53619.2,52783.45,53710.35,0,0.0,0.0,0.0,0.0,-0.01,-1,-1,-0.01,-1,-1,-0.01,-1,-1,-0.01,-1,-1,-0.01,-1,-1,-0.01,-1,-1,-0.01,-1,-1,-0.01,-1,-1,-0.01,-1,-1,-0.01,-1,-1
99926009,2026-05-18 14:56:58+05:30,53377.25,0,0.0,0,0.0,0.0,53282.15,53619.2,52783.45,53710.35,0,0.0,0.0,0.0,0.0,-0.01,-1,-1,-0.01,-1,-1,-0.01,-1,-1,-0.01,-1,-1,-0.01,-1,-1,-0.01,-1,-1,-0.01,-1,-1,-0.01,-1,-1,-0.01,-1,-1,-0.01,-1,-1
99926009,2026-05-18 14:56:58+05:30,53375.95,0,0.0,0,0.0,0.0,53282.15,53619.2,52783.45,53710.35,0,0.0,0.0,0.0,0.0,-0.01,-1,-1,-0.01,-1,-1,-0.01,-1,-1,-0.01,-1,-1,-0.01,-1,-1,-0.01,-1,-1,-0.01,-1,-1,-0.01,-1,-1,-0.01,-1,-1,-0.01,-1,-1
99926009,2026-05-18 14:56:59+05:30,53376.45,0,0.0,0,0.0,0.0,53282.15,53619.2,52783.45,53710.35,0,0.0,0.0,0.0,0.0,-0.01,-1,-1,-0.01,-1,-1,-0.01,-1,-1,-0.01,-1,-1,-0.01,-1,-1,-0.01,-1,-1,-0.01,-1,-1,-0.01,-1,-1,-0.01,-1,-1,-0.01,-1,-1
99926009,2026-05-18 14:56:59+05:30,53376.1,0,0.0,0,0.0,0.0,53282.15,53619.2,52783.45,53710.35,0,0.0,0.0,0.0,0.0,-0.01,-1,-1,-0.01,-1,-1,-0.01,-1,-1,-0.01,-1,-1,-0.01,-1,-1,-0.01,-1,-1,-0.01,-1,-1,-0.01,-1,-1,-0.01,-1,-1,-0.01,-1,-1
99926009,2026-05-18 14:57:00+05:30,53377.4,0,0.0,0,0.0,0.0,53282.15,53619.2,52783.45,53710.35,0,0.0,0.0,0.0,0.0,-0.01,-1,-1,-0.01,-1,-1,-0.01,-1,-1,-0.01,-1,-1,-0.01,-1,-1,-0.01,-1,-1,-0.01,-1,-1,-0.01,-1,-1,-0.01,-1,-1,-0.01,-1,-1
99926009,2026-05-18 14:57:00+05:30,53371.9,0,0.0,0,0.0,0.0,53282.15,53619.2,52783.45,53710.35,0,0.0,0.0,0.0,0.0,-0.01,-1,-1,-0.01,-1,-1,-0.01,-1,-1,-0.01,-1,-1,-0.01,-1,-1,-0.01,-1,-1,-0.01,-1,-1,-0.01,-1,-1,-0.01,-1,-1,-0.01,-1,-1
99926009,2026-05-18 14:57:01+05:30,53367.9,0,0.0,0,0.0,0.0,53282.15,53619.2,52783.45,53710.35,0,0.0,0.0,0.0,0.0,-0.01,-1,-1,-0.01,-1,-1,-0.01,-1,-1,-0.01,-1,-1,-0.01,-1,-1,-0.01,-1,-1,-0.01,-1,-1,-0.01,-1,-1,-0.01,-1,-1,-0.01,-1,-1
99926009,2026-05-18 14:57:01+05:30,53367.35,0,0.0,0,0.0,0.0,53282.15,53619.2,52783.45,53710.35,0,0.0,0.0,0.0,0.0,-0.01,-1,-1,-0.01,-1,-1,-0.01,-1,-1,-0.01,-1,-1,-0.01,-1,-1,-0.01,-1,-1,-0.01,-1,-1,-0.01,-1,-1,-0.01,-1,-1,-0.01,-1,-1
99926009,2026-05-18 14:57:02+05:30,53365.2,0,0.0,0,0.0,0.0,53282.15,53619.2,52783.45,53710.35,0,0.0,0.0,0.0,0.0,-0.01,-1,-1,-0.01,-1,-1,-0.01,-1,-1,-0.01,-1,-1,-0.01,-1,-1,-0.01,-1,-1,-0.01,-1,-1,-0.01,-1,-1,-0.01,-1,-1,-0.01,-1,-1
99926009,2026-05-18 14:57:02+05:30,53366.4,0,0.0,0,0.0,0.0,53282.15,53619.2,52783.45,53710.35,0,0.0,0.0,0.0,0.0,-0.01,-1,-1,-0.01,-1,-1,-0.01,-1,-1,-0.01,-1,-1,-0.01,-1,-1,-0.01,-1,-1,-0.01,-1,-1,-0.01,-1,-1,-0.01,-1,-1,-0.01,-1,-1
99926009,2026-05-18 14:57:03+05:30,53366.5,0,0.0,0,0.0,0.0,53282.15,53619.2,52783.45,53710.35,0,0.0,0.0,0.0,0.0,-0.01,-1,-1,-0.01,-1,-1,-0.01,-1,-1,-0.01,-1,-1,-0.01,-1,-1,-0.01,-1,-1,-0.01,-1,-1,-0.01,-1,-1,-0.01,-1,-1,-0.01,-1,-1
99926009,2026-05-18 14:57:03+05:30,53365.9,0,0.0,0,0.0,0.0,53282.15,53619.2,52783.45,53710.35,0,0.0,0.0,0.0,0.0,-0.01,-1,-1,-0.01,-1,-1,-0.01,-1,-1,-0.01,-1,-1,-0.01,-1,-1,-0.01,-1,-1,-0.01,-1,-1,-0.01,-1,-1,-0.01,-1,-1,-0.01,-1,-1
99926009,2026-05-18 14:57:04+05:30,53365.0,0,0.0,0,0.0,0.0,53282.15,53619.2,52783.45,53710.35,0,0.0,0.0,0.0,0.0,-0.01,-1,-1,-0.01,-1,-1,-0.01,-1,-1,-0.01,-1,-1,-0.01,-1,-1,-0.01,-1,-1,-0.01,-1,-1,-0.01,-1,-1,-0.01,-1,-1,-0.01,-1,-1
99926009,2026-05-18 14:57:04+05:30,53365.8,0,0.0,0,0.0,0.0,53282.15,53619.2,52783.45,53710.35,0,0.0,0.0,0.0,0.0,-0.01,-1,-1,-0.01,-1,-1,-0.01,-1,-1,-0.01,-1,-1,-0.01,-1,-1,-0.01,-1,-1,-0.01,-1,-1,-0.01,-1,-1,-0.01,-1,-1,-0.01,-1,-1
99926009,2026-05-18 14:57:05+05:30,53365.45,0,0.0,0,0.0,0.0,53282.15,53619.2,52783.45,53710.35,0,0.0,0.0,0.0,0.0,-0.01,-1,-1,-0.01,-1,-1,-0.01,-1,-1,-0.01,-1,-1,-0.01,-1,-1,-0.01,-1,-1,-0.01,-1,-1,-0.01,-1,-1,-0.01,-1,-1,-0.01,-1,-1
99926009,2026-05-18 14:57:05+05:30,53364.45,0,0.0,0,0.0,0.0,53282.15,53619.2,52783.45,53710.35,0,0.0,0.0,0.0,0.0,-0.01,-1,-1,-0.01,-1,-1,-0.01,-1,-1,-0.01,-1,-1,-0.01,-1,-1,-0.01,-1,-1,-0.01,-1,-1,-0.01,-1,-1,-0.01,-1,-1,-0.01,-1,-1
99926009,2026-05-18 14:57:06+05:30,53362.1,0,0.0,0,0.0,0.0,53282.15,53619.2,52783.45,53710.35,0,0.0,0.0,0.0,0.0,-0.01,-1,-1,-0.01,-1,-1,-0.01,-1,-1,-0.01,-1,-1,-0.01,-1,-1,-0.01,-1,-1,-0.01,-1,-1,-0.01,-1,-1,-0.01,-1,-1,-0.01,-1,-1
99926009,2026-05-18 14:57:06+05:30,53363.35,0,0.0,0,0.0,0.0,53282.15,53619.2,52783.45,53710.35,0,0.0,0.0,0.0,0.0,-0.01,-1,-1,-0.01,-1,-1,-0.01,-1,-1,-0.01,-1,-1,-0.01,-1,-1,-0.01,-1,-1,-0.01,-1,-1,-0.01,-1,-1,-0.01,-1,-1,-0.01,-1,-1
99926009,2026-05-18 14:57:07+05:30,53363.95,0,0.0,0,0.0,0.0,53282.15,53619.2,52783.45,53710.35,0,0.0,0.0,0.0,0.0,-0.01,-1,-1,-0.01,-1,-1,-0.01,-1,-1,-0.01,-1,-1,-0.01,-1,-1,-0.01,-1,-1,-0.01,-1,-1,-0.01,-1,-1,-0.01,-1,-1,-0.01,-1,-1
99926009,2026-05-18 14:57:07+05:30,53363.75,0,0.0,0,0.0,0.0,53282.15,53619.2,52783.45,53710.35,0,0.0,0.0,0.0,0.0,-0.01,-1,-1,-0.01,-1,-1,-0.01,-1,-1,-0.01,-1,-1,-0.01,-1,-1,-0.01,-1,-1,-0.01,-1,-1,-0.01,-1,-1,-0.01,-1,-1,-0.01,-1,-1
99926009,2026-05-18 14:57:08+05:30,53364.65,0,0.0,0,0.0,0.0,53282.15,53619.2,52783.45,53710.35,0,0.0,0.0,0.0,0.0,-0.01,-1,-1,-0.01,-1,-1,-0.01,-1,-1,-0.01,-1,-1,-0.01,-1,-1,-0.01,-1,-1,-0.01,-1,-1,-0.01,-1,-1,-0.01,-1,-1,-0.01,-1,-1
99926009,2026-05-18 14:57:08+05:30,53368.6,0,0.0,0,0.0,0.0,53282.15,53619.2,52783.45,53710.35,0,0.0,0.0,0.0,0.0,-0.01,-1,-1,-0.01,-1,-1,-0.01,-1,-1,-0.01,-1,-1,-0.01,-1,-1,-0.01,-1,-1,-0.01,-1,-1,-0.01,-1,-1,-0.01,-1,-1,-0.01,-1,-1
99926009,2026-05-18 14:57:09+05:30,53369.0,0,0.0,0,0.0,0.0,53282.15,53619.2,52783.45,53710.35,0,0.0,0.0,0.0,0.0,-0.01,-1,-1,-0.01,-1,-1,-0.01,-1,-1,-0.01,-1,-1,-0.01,-1,-1,-0.01,-1,-1,-0.01,-1,-1,-0.01,-1,-1,-0.01,-1,-1,-0.01,-1,-1
99926009,2026-05-18 14:57:09+05:30,53369.7,0,0.0,0,0.0,0.0,53282.15,53619.2,52783.45,53710.35,0,0.0,0.0,0.0,0.0,-0.01,-1,-1,-0.01,-1,-1,-0.01,-1,-1,-0.01,-1,-1,-0.01,-1,-1,-0.01,-1,-1,-0.01,-1,-1,-0.01,-1,-1,-0.01,-1,-1,-0.01,-1,-1
99926009,2026-05-18 14:57:10+05:30,53369.2,0,0.0,0,0.0,0.0,53282.15,53619.2,52783.45,53710.35,0,0.0,0.0,0.0,0.0,-0.01,-1,-1,-0.01,-1,-1,-0.01,-1,-1,-0.01,-1,-1,-0.01,-1,-1,-0.01,-1,-1,-0.01,-1,-1,-0.01,-1,-1,-0.01,-1,-1,-0.01,-1,-1
99926009,2026-05-18 14:57:10+05:30,53370.25,0,0.0,0,0.0,0.0,53282.15,53619.2,52783.45,53710.35,0,0.0,0.0,0.0,0.0,-0.01,-1,-1,-0.01,-1,-1,-0.01,-1,-1,-0.01,-1,-1,-0.01,-1,-1,-0.01,-1,-1,-0.01,-1,-1,-0.01,-1,-1,-0.01,-1,-1,-0.01,-1,-1
99926009,2026-05-18 14:57:11+05:30,53370.1,0,0.0,0,0.0,0.0,53282.15,53619.2,52783.45,53710.35,0,0.0,0.0,0.0,0.0,-0.01,-1,-1,-0.01,-1,-1,-0.01,-1,-1,-0.01,-1,-1,-0.01,-1,-1,-0.01,-1,-1,-0.01,-1,-1,-0.01,-1,-1,-0.01,-1,-1,-0.01,-1,-1
99926009,2026-05-18 14:57:11+05:30,53367.5,0,0.0,0,0.0,0.0,53282.15,53619.2,52783.45,53710.35,0,0.0,0.0,0.0,0.0,-0.01,-1,-1,-0.01,-1,-1,-0.01,-1,-1,-0.01,-1,-1,-0.01,-1,-1,-0.01,-1,-1,-0.01,-1,-1,-0.01,-1,-1,-0.01,-1,-1,-0.01,-1,-1
99926009,2026-05-18 14:57:12+05:30,53367.35,0,0.0,0,0.0,0.0,53282.15,53619.2,52783.45,53710.35,0,0.0,0.0,0.0,0.0,-0.01,-1,-1,-0.01,-1,-1,-0.01,-1,-1,-0.01,-1,-1,-0.01,-1,-1,-0.01,-1,-1,-0.01,-1,-1,-0.01,-1,-1,-0.01,-1,-1,-0.01,-1,-1
99926009,2026-05-18 14:57:12+05:30,53367.85,0,0.0,0,0.0,0.0,53282.15,53619.2,52783.45,53710.35,0,0.0,0.0,0.0,0.0,-0.01,-1,-1,-0.01,-1,-1,-0.01,-1,-1,-0.01,-1,-1,-0.01,-1,-1,-0.01,-1,-1,-0.01,-1,-1,-0.01,-1,-1,-0.01,-1,-1,-0.01,-1,-1
99926009,2026-05-18 14:57:13+05:30,53367.15,0,0.0,0,0.0,0.0,53282.15,53619.2,52783.45,53710.35,0,0.0,0.0,0.0,0.0,-0.01,-1,-1,-0.01,-1,-1,-0.01,-1,-1,-0.01,-1,-1,-0.01,-1,-1,-0.01,-1,-1,-0.01,-1,-1,-0.01,-1,-1,-0.01,-1,-1,-0.01,-1,-1
99926009,2026-05-18 14:57:13+05:30,53367.15,0,0.0,0,0.0,0.0,53282.15,53619.2,52783.45,53710.35,0,0.0,0.0,0.0,0.0,-0.01,-1,-1,-0.01,-1,-1,-0.01,-1,-1,-0.01,-1,-1,-0.01,-1,-1,-0.01,-1,-1,-0.01,-1,-1,-0.01,-1,-1,-0.01,-1,-1,-0.01,-1,-1
99926009,2026-05-18 14:57:14+05:30,53366.2,0,0.0,0,0.0,0.0,53282.15,53619.2,52783.45,53710.35,0,0.0,0.0,0.0,0.0,-0.01,-1,-1,-0.01,-1,-1,-0.01,-1,-1,-0.01,-1,-1,-0.01,-1,-1,-0.01,-1,-1,-0.01,-1,-1,-0.01,-1,-1,-0.01,-1,-1,-0.01,-1,-1
99926009,2026-05-18 14:57:14+05:30,53367.95,0,0.0,0,0.0,0.0,53282.15,53619.2,52783.45,53710.35,0,0.0,0.0,0.0,0.0,-0.01,-1,-1,-0.01,-1,-1,-0.01,-1,-1,-0.01,-1,-1,-0.01,-1,-1,-0.01,-1,-1,-0.01,-1,-1,-0.01,-1,-1,-0.01,-1,-1,-0.01,-1,-1
99926009,2026-05-18 14:57:15+05:30,53367.1,0,0.0,0,0.0,0.0,53282.15,53619.2,52783.45,53710.35,0,0.0,0.0,0.0,0.0,-0.01,-1,-1,-0.01,-1,-1,-0.01,-1,-1,-0.01,-1,-1,-0.01,-1,-1,-0.01,-1,-1,-0.01,-1,-1,-0.01,-1,-1,-0.01,-1,-1,-0.01,-1,-1
99926009,2026-05-18 14:57:15+05:30,53366.25,0,0.0,0,0.0,0.0,53282.15,53619.2,52783.45,53710.35,0,0.0,0.0,0.0,0.0,-0.01,-1,-1,-0.01,-1,-1,-0.01,-1,-1,-0.01,-1,-1,-0.01,-1,-1,-0.01,-1,-1,-0.01,-1,-1,-0.01,-1,-1,-0.01,-1,-1,-0.01,-1,-1
99926009,2026-05-18 14:57:16+05:30,53367.0,0,0.0,0,0.0,0.0,53282.15,53619.2,52783.45,53710.35,0,0.0,0.0,0.0,0.0,-0.01,-1,-1,-0.01,-1,-1,-0.01,-1,-1,-0.01,-1,-1,-0.01,-1,-1,-0.01,-1,-1,-0.01,-1,-1,-0.01,-1,-1,-0.01,-1,-1,-0.01,-1,-1
99926009,2026-05-18 14:57:16+05:30,53366.85,0,0.0,0,0.0,0.0,53282.15,53619.2,52783.45,53710.35,0,0.0,0.0,0.0,0.0,-0.01,-1,-1,-0.01,-1,-1,-0.01,-1,-1,-0.01,-1,-1,-0.01,-1,-1,-0.01,-1,-1,-0.01,-1,-1,-0.01,-1,-1,-0.01,-1,-1,-0.01,-1,-1
99926009,2026-05-18 14:57:17+05:30,53367.05,0,0.0,0,0.0,0.0,53282.15,53619.2,52783.45,53710.35,0,0.0,0.0,0.0,0.0,-0.01,-1,-1,-0.01,-1,-1,-0.01,-1,-1,-0.01,-1,-1,-0.01,-1,-1,-0.01,-1,-1,-0.01,-1,-1,-0.01,-1,-1,-0.01,-1,-1,-0.01,-1,-1
99926009,2026-05-18 14:57:17+05:30,53366.45,0,0.0,0,0.0,0.0,53282.15,53619.2,52783.45,53710.35,0,0.0,0.0,0.0,0.0,-0.01,-1,-1,-0.01,-1,-1,-0.01,-1,-1,-0.01,-1,-1,-0.01,-1,-1,-0.01,-1,-1,-0.01,-1,-1,-0.01,-1,-1,-0.01,-1,-1,-0.01,-1,-1
99926009,2026-05-18 14:57:18+05:30,53367.75,0,0.0,0,0.0,0.0,53282.15,53619.2,52783.45,53710.35,0,0.0,0.0,0.0,0.0,-0.01,-1,-1,-0.01,-1,-1,-0.01,-1,-1,-0.01,-1,-1,-0.01,-1,-1,-0.01,-1,-1,-0.01,-1,-1,-0.01,-1,-1,-0.01,-1,-1,-0.01,-1,-1
99926009,2026-05-18 14:57:18+05:30,53367.6,0,0.0,0,0.0,0.0,53282.15,53619.2,52783.45,53710.35,0,0.0,0.0,0.0,0.0,-0.01,-1,-1,-0.01,-1,-1,-0.01,-1,-1,-0.01,-1,-1,-0.01,-1,-1,-0.01,-1,-1,-0.01,-1,-1,-0.01,-1,-1,-0.01,-1,-1,-0.01,-1,-1
99926009,2026-05-18 14:57:19+05:30,53366.5,0,0.0,0,0.0,0.0,53282.15,53619.2,52783.45,53710.35,0,0.0,0.0,0.0,0.0,-0.01,-1,-1,-0.01,-1,-1,-0.01,-1,-1,-0.01,-1,-1,-0.01,-1,-1,-0.01,-1,-1,-0.01,-1,-1,-0.01,-1,-1,-0.01,-1,-1,-0.01,-1,-1
99926009,2026-05-18 14:57:19+05:30,53367.6,0,0.0,0,0.0,0.0,53282.15,53619.2,52783.45,53710.35,0,0.0,0.0,0.0,0.0,-0.01,-1,-1,-0.01,-1,-1,-0.01,-1,-1,-0.01,-1,-1,-0.01,-1,-1,-0.01,-1,-1,-0.01,-1,-1,-0.01,-1,-1,-0.01,-1,-1,-0.01,-1,-1
99926009,2026-05-18 14:57:20+05:30,53369.0,0,0.0,0,0.0,0.0,53282.15,53619.2,52783.45,53710.35,0,0.0,0.0,0.0,0.0,-0.01,-1,-1,-0.01,-1,-1,-0.01,-1,-1,-0.01,-1,-1,-0.01,-1,-1,-0.01,-1,-1,-0.01,-1,-1,-0.01,-1,-1,-0.01,-1,-1,-0.01,-1,-1
99926009,2026-05-18 14:57:20+05:30,53368.05,0,0.0,0,0.0,0.0,53282.15,53619.2,52783.45,53710.35,0,0.0,0.0,0.0,0.0,-0.01,-1,-1,-0.01,-1,-1,-0.01,-1,-1,-0.01,-1,-1,-0.01,-1,-1,-0.01,-1,-1,-0.01,-1,-1,-0.01,-1,-1,-0.01,-1,-1,-0.01,-1,-1
99926009,2026-05-18 14:57:21+05:30,53370.25,0,0.0,0,0.0,0.0,53282.15,53619.2,52783.45,53710.35,0,0.0,0.0,0.0,0.0,-0.01,-1,-1,-0.01,-1,-1,-0.01,-1,-1,-0.01,-1,-1,-0.01,-1,-1,-0.01,-1,-1,-0.01,-1,-1,-0.01,-1,-1,-0.01,-1,-1,-0.01,-1,-1
99926009,2026-05-18 14:57:21+05:30,53370.45,0,0.0,0,0.0,0.0,53282.15,53619.2,52783.45,53710.35,0,0.0,0.0,0.0,0.0,-0.01,-1,-1,-0.01,-1,-1,-0.01,-1,-1,-0.01,-1,-1,-0.01,-1,-1,-0.01,-1,-1,-0.01,-1,-1,-0.01,-1,-1,-0.01,-1,-1,-0.01,-1,-1
99926009,2026-05-18 14:57:22+05:30,53369.15,0,0.0,0,0.0,0.0,53282.15,53619.2,52783.45,53710.35,0,0.0,0.0,0.0,0.0,-0.01,-1,-1,-0.01,-1,-1,-0.01,-1,-1,-0.01,-1,-1,-0.01,-1,-1,-0.01,-1,-1,-0.01,-1,-1,-0.01,-1,-1,-0.01,-1,-1,-0.01,-1,-1
99926009,2026-05-18 14:57:22+05:30,53367.95,0,0.0,0,0.0,0.0,53282.15,53619.2,52783.45,53710.35,0,0.0,0.0,0.0,0.0,-0.01,-1,-1,-0.01,-1,-1,-0.01,-1,-1,-0.01,-1,-1,-0.01,-1,-1,-0.01,-1,-1,-0.01,-1,-1,-0.01,-1,-1,-0.01,-1,-1,-0.01,-1,-1
99926009,2026-05-18 14:57:23+05:30,53368.85,0,0.0,0,0.0,0.0,53282.15,53619.2,52783.45,53710.35,0,0.0,0.0,0.0,0.0,-0.01,-1,-1,-0.01,-1,-1,-0.01,-1,-1,-0.01,-1,-1,-0.01,-1,-1,-0.01,-1,-1,-0.01,-1,-1,-0.01,-1,-1,-0.01,-1,-1,-0.01,-1,-1
99926009,2026-05-18 14:57:23+05:30,53372.9,0,0.0,0,0.0,0.0,53282.15,53619.2,52783.45,53710.35,0,0.0,0.0,0.0,0.0,-0.01,-1,-1,-0.01,-1,-1,-0.01,-1,-1,-0.01,-1,-1,-0.01,-1,-1,-0.01,-1,-1,-0.01,-1,-1,-0.01,-1,-1,-0.01,-1,-1,-0.01,-1,-1
99926009,2026-05-18 14:57:24+05:30,53375.0,0,0.0,0,0.0,0.0,53282.15,53619.2,52783.45,53710.35,0,0.0,0.0,0.0,0.0,-0.01,-1,-1,-0.01,-1,-1,-0.01,-1,-1,-0.01,-1,-1,-0.01,-1,-1,-0.01,-1,-1,-0.01,-1,-1,-0.01,-1,-1,-0.01,-1,-1,-0.01,-1,-1
99926009,2026-05-18 14:57:24+05:30,53375.55,0,0.0,0,0.0,0.0,53282.15,53619.2,52783.45,53710.35,0,0.0,0.0,0.0,0.0,-0.01,-1,-1,-0.01,-1,-1,-0.01,-1,-1,-0.01,-1,-1,-0.01,-1,-1,-0.01,-1,-1,-0.01,-1,-1,-0.01,-1,-1,-0.01,-1,-1,-0.01,-1,-1
99926009,2026-05-18 14:57:25+05:30,53375.55,0,0.0,0,0.0,0.0,53282.15,53619.2,52783.45,53710.35,0,0.0,0.0,0.0,0.0,-0.01,-1,-1,-0.01,-1,-1,-0.01,-1,-1,-0.01,-1,-1,-0.01,-1,-1,-0.01,-1,-1,-0.01,-1,-1,-0.01,-1,-1,-0.01,-1,-1,-0.01,-1,-1
99926009,2026-05-18 14:57:25+05:30,53376.65,0,0.0,0,0.0,0.0,53282.15,53619.2,52783.45,53710.35,0,0.0,0.0,0.0,0.0,-0.01,-1,-1,-0.01,-1,-1,-0.01,-1,-1,-0.01,-1,-1,-0.01,-1,-1,-0.01,-1,-1,-0.01,-1,-1,-0.01,-1,-1,-0.01,-1,-1,-0.01,-1,-1
99926009,2026-05-18 14:57:26+05:30,53376.75,0,0.0,0,0.0,0.0,53282.15,53619.2,52783.45,53710.35,0,0.0,0.0,0.0,0.0,-0.01,-1,-1,-0.01,-1,-1,-0.01,-1,-1,-0.01,-1,-1,-0.01,-1,-1,-0.01,-1,-1,-0.01,-1,-1,-0.01,-1,-1,-0.01,-1,-1,-0.01,-1,-1
99926009,2026-05-18 14:57:26+05:30,53375.45,0,0.0,0,0.0,0.0,53282.15,53619.2,52783.45,53710.35,0,0.0,0.0,0.0,0.0,-0.01,-1,-1,-0.01,-1,-1,-0.01,-1,-1,-0.01,-1,-1,-0.01,-1,-1,-0.01,-1,-1,-0.01,-1,-1,-0.01,-1,-1,-0.01,-1,-1,-0.01,-1,-1
99926009,2026-05-18 14:57:27+05:30,53377.9,0,0.0,0,0.0,0.0,53282.15,53619.2,52783.45,53710.35,0,0.0,0.0,0.0,0.0,-0.01,-1,-1,-0.01,-1,-1,-0.01,-1,-1,-0.01,-1,-1,-0.01,-1,-1,-0.01,-1,-1,-0.01,-1,-1,-0.01,-1,-1,-0.01,-1,-1,-0.01,-1,-1
99926009,2026-05-18 14:57:27+05:30,53376.1,0,0.0,0,0.0,0.0,53282.15,53619.2,52783.45,53710.35,0,0.0,0.0,0.0,0.0,-0.01,-1,-1,-0.01,-1,-1,-0.01,-1,-1,-0.01,-1,-1,-0.01,-1,-1,-0.01,-1,-1,-0.01,-1,-1,-0.01,-1,-1,-0.01,-1,-1,-0.01,-1,-1
99926009,2026-05-18 14:57:28+05:30,53375.45,0,0.0,0,0.0,0.0,53282.15,53619.2,52783.45,53710.35,0,0.0,0.0,0.0,0.0,-0.01,-1,-1,-0.01,-1,-1,-0.01,-1,-1,-0.01,-1,-1,-0.01,-1,-1,-0.01,-1,-1,-0.01,-1,-1,-0.01,-1,-1,-0.01,-1,-1,-0.01,-1,-1
99926009,2026-05-18 14:57:28+05:30,53374.95,0,0.0,0,0.0,0.0,53282.15,53619.2,52783.45,53710.35,0,0.0,0.0,0.0,0.0,-0.01,-1,-1,-0.01,-1,-1,-0.01,-1,-1,-0.01,-1,-1,-0.01,-1,-1,-0.01,-1,-1,-0.01,-1,-1,-0.01,-1,-1,-0.01,-1,-1,-0.01,-1,-1
99926009,2026-05-18 14:57:29+05:30,53376.7,0,0.0,0,0.0,0.0,53282.15,53619.2,52783.45,53710.35,0,0.0,0.0,0.0,0.0,-0.01,-1,-1,-0.01,-1,-1,-0.01,-1,-1,-0.01,-1,-1,-0.01,-1,-1,-0.01,-1,-1,-0.01,-1,-1,-0.01,-1,-1,-0.01,-1,-1,-0.01,-1,-1
99926009,2026-05-18 14:57:29+05:30,53375.1,0,0.0,0,0.0,0.0,53282.15,53619.2,52783.45,53710.35,0,0.0,0.0,0.0,0.0,-0.01,-1,-1,-0.01,-1,-1,-0.01,-1,-1,-0.01,-1,-1,-0.01,-1,-1,-0.01,-1,-1,-0.01,-1,-1,-0.01,-1,-1,-0.01,-1,-1,-0.01,-1,-1
99926009,2026-05-18 14:57:30+05:30,53378.5,0,0.0,0,0.0,0.0,53282.15,53619.2,52783.45,53710.35,0,0.0,0.0,0.0,0.0,-0.01,-1,-1,-0.01,-1,-1,-0.01,-1,-1,-0.01,-1,-1,-0.01,-1,-1,-0.01,-1,-1,-0.01,-1,-1,-0.01,-1,-1,-0.01,-1,-1,-0.01,-1,-1
99926009,2026-05-18 14:57:30+05:30,53377.25,0,0.0,0,0.0,0.0,53282.15,53619.2,52783.45,53710.35,0,0.0,0.0,0.0,0.0,-0.01,-1,-1,-0.01,-1,-1,-0.01,-1,-1,-0.01,-1,-1,-0.01,-1,-1,-0.01,-1,-1,-0.01,-1,-1,-0.01,-1,-1,-0.01,-1,-1,-0.01,-1,-1
99926009,2026-05-18 14:57:31+05:30,53378.05,0,0.0,0,0.0,0.0,53282.15,53619.2,52783.45,53710.35,0,0.0,0.0,0.0,0.0,-0.01,-1,-1,-0.01,-1,-1,-0.01,-1,-1,-0.01,-1,-1,-0.01,-1,-1,-0.01,-1,-1,-0.01,-1,-1,-0.01,-1,-1,-0.01,-1,-1,-0.01,-1,-1
99926009,2026-05-18 14:57:31+05:30,53378.4,0,0.0,0,0.0,0.0,53282.15,53619.2,52783.45,53710.35,0,0.0,0.0,0.0,0.0,-0.01,-1,-1,-0.01,-1,-1,-0.01,-1,-1,-0.01,-1,-1,-0.01,-1,-1,-0.01,-1,-1,-0.01,-1,-1,-0.01,-1,-1,-0.01,-1,-1,-0.01,-1,-1
99926009,2026-05-18 14:57:32+05:30,53377.25,0,0.0,0,0.0,0.0,53282.15,53619.2,52783.45,53710.35,0,0.0,0.0,0.0,0.0,-0.01,-1,-1,-0.01,-1,-1,-0.01,-1,-1,-0.01,-1,-1,-0.01,-1,-1,-0.01,-1,-1,-0.01,-1,-1,-0.01,-1,-1,-0.01,-1,-1,-0.01,-1,-1
99926009,2026-05-18 14:57:32+05:30,53379.5,0,0.0,0,0.0,0.0,53282.15,53619.2,52783.45,53710.35,0,0.0,0.0,0.0,0.0,-0.01,-1,-1,-0.01,-1,-1,-0.01,-1,-1,-0.01,-1,-1,-0.01,-1,-1,-0.01,-1,-1,-0.01,-1,-1,-0.01,-1,-1,-0.01,-1,-1,-0.01,-1,-1
99926009,2026-05-18 14:57:33+05:30,53379.4,0,0.0,0,0.0,0.0,53282.15,53619.2,52783.45,53710.35,0,0.0,0.0,0.0,0.0,-0.01,-1,-1,-0.01,-1,-1,-0.01,-1,-1,-0.01,-1,-1,-0.01,-1,-1,-0.01,-1,-1,-0.01,-1,-1,-0.01,-1,-1,-0.01,-1,-1,-0.01,-1,-1
99926009,2026-05-18 14:57:33+05:30,53378.9,0,0.0,0,0.0,0.0,53282.15,53619.2,52783.45,53710.35,0,0.0,0.0,0.0,0.0,-0.01,-1,-1,-0.01,-1,-1,-0.01,-1,-1,-0.01,-1,-1,-0.01,-1,-1,-0.01,-1,-1,-0.01,-1,-1,-0.01,-1,-1,-0.01,-1,-1,-0.01,-1,-1
99926009,2026-05-18 14:57:34+05:30,53378.1,0,0.0,0,0.0,0.0,53282.15,53619.2,52783.45,53710.35,0,0.0,0.0,0.0,0.0,-0.01,-1,-1,-0.01,-1,-1,-0.01,-1,-1,-0.01,-1,-1,-0.01,-1,-1,-0.01,-1,-1,-0.01,-1,-1,-0.01,-1,-1,-0.01,-1,-1,-0.01,-1,-1
99926009,2026-05-18 14:57:34+05:30,53376.4,0,0.0,0,0.0,0.0,53282.15,53619.2,52783.45,53710.35,0,0.0,0.0,0.0,0.0,-0.01,-1,-1,-0.01,-1,-1,-0.01,-1,-1,-0.01,-1,-1,-0.01,-1,-1,-0.01,-1,-1,-0.01,-1,-1,-0.01,-1,-1,-0.01,-1,-1,-0.01,-1,-1
99926009,2026-05-18 14:57:35+05:30,53377.65,0,0.0,0,0.0,0.0,53282.15,53619.2,52783.45,53710.35,0,0.0,0.0,0.0,0.0,-0.01,-1,-1,-0.01,-1,-1,-0.01,-1,-1,-0.01,-1,-1,-0.01,-1,-1,-0.01,-1,-1,-0.01,-1,-1,-0.01,-1,-1,-0.01,-1,-1,-0.01,-1,-1
99926009,2026-05-18 14:57:35+05:30,53378.85,0,0.0,0,0.0,0.0,53282.15,53619.2,52783.45,53710.35,0,0.0,0.0,0.0,0.0,-0.01,-1,-1,-0.01,-1,-1,-0.01,-1,-1,-0.01,-1,-1,-0.01,-1,-1,-0.01,-1,-1,-0.01,-1,-1,-0.01,-1,-1,-0.01,-1,-1,-0.01,-1,-1
99926009,2026-05-18 14:57:36+05:30,53379.6,0,0.0,0,0.0,0.0,53282.15,53619.2,52783.45,53710.35,0,0.0,0.0,0.0,0.0,-0.01,-1,-1,-0.01,-1,-1,-0.01,-1,-1,-0.01,-1,-1,-0.01,-1,-1,-0.01,-1,-1,-0.01,-1,-1,-0.01,-1,-1,-0.01,-1,-1,-0.01,-1,-1
99926009,2026-05-18 14:57:36+05:30,53381.3,0,0.0,0,0.0,0.0,53282.15,53619.2,52783.45,53710.35,0,0.0,0.0,0.0,0.0,-0.01,-1,-1,-0.01,-1,-1,-0.01,-1,-1,-0.01,-1,-1,-0.01,-1,-1,-0.01,-1,-1,-0.01,-1,-1,-0.01,-1,-1,-0.01,-1,-1,-0.01,-1,-1
99926009,2026-05-18 14:57:37+05:30,53380.75,0,0.0,0,0.0,0.0,53282.15,53619.2,52783.45,53710.35,0,0.0,0.0,0.0,0.0,-0.01,-1,-1,-0.01,-1,-1,-0.01,-1,-1,-0.01,-1,-1,-0.01,-1,-1,-0.01,-1,-1,-0.01,-1,-1,-0.01,-1,-1,-0.01,-1,-1,-0.01,-1,-1
99926009,2026-05-18 14:57:37+05:30,53380.45,0,0.0,0,0.0,0.0,53282.15,53619.2,52783.45,53710.35,0,0.0,0.0,0.0,0.0,-0.01,-1,-1,-0.01,-1,-1,-0.01,-1,-1,-0.01,-1,-1,-0.01,-1,-1,-0.01,-1,-1,-0.01,-1,-1,-0.01,-1,-1,-0.01,-1,-1,-0.01,-1,-1
99926009,2026-05-18 14:57:38+05:30,53381.1,0,0.0,0,0.0,0.0,53282.15,53619.2,52783.45,53710.35,0,0.0,0.0,0.0,0.0,-0.01,-1,-1,-0.01,-1,-1,-0.01,-1,-1,-0.01,-1,-1,-0.01,-1,-1,-0.01,-1,-1,-0.01,-1,-1,-0.01,-1,-1,-0.01,-1,-1,-0.01,-1,-1
99926009,2026-05-18 14:57:38+05:30,53379.4,0,0.0,0,0.0,0.0,53282.15,53619.2,52783.45,53710.35,0,0.0,0.0,0.0,0.0,-0.01,-1,-1,-0.01,-1,-1,-0.01,-1,-1,-0.01,-1,-1,-0.01,-1,-1,-0.01,-1,-1,-0.01,-1,-1,-0.01,-1,-1,-0.01,-1,-1,-0.01,-1,-1
99926009,2026-05-18 14:57:39+05:30,53379.5,0,0.0,0,0.0,0.0,53282.15,53619.2,52783.45,53710.35,0,0.0,0.0,0.0,0.0,-0.01,-1,-1,-0.01,-1,-1,-0.01,-1,-1,-0.01,-1,-1,-0.01,-1,-1,-0.01,-1,-1,-0.01,-1,-1,-0.01,-1,-1,-0.01,-1,-1,-0.01,-1,-1
99926009,2026-05-18 14:57:39+05:30,53381.5,0,0.0,0,0.0,0.0,53282.15,53619.2,52783.45,53710.35,0,0.0,0.0,0.0,0.0,-0.01,-1,-1,-0.01,-1,-1,-0.01,-1,-1,-0.01,-1,-1,-0.01,-1,-1,-0.01,-1,-1,-0.01,-1,-1,-0.01,-1,-1,-0.01,-1,-1,-0.01,-1,-1
99926009,2026-05-18 14:57:40+05:30,53382.1,0,0.0,0,0.0,0.0,53282.15,53619.2,52783.45,53710.35,0,0.0,0.0,0.0,0.0,-0.01,-1,-1,-0.01,-1,-1,-0.01,-1,-1,-0.01,-1,-1,-0.01,-1,-1,-0.01,-1,-1,-0.01,-1,-1,-0.01,-1,-1,-0.01,-1,-1,-0.01,-1,-1
99926009,2026-05-18 14:57:40+05:30,53381.1,0,0.0,0,0.0,0.0,53282.15,53619.2,52783.45,53710.35,0,0.0,0.0,0.0,0.0,-0.01,-1,-1,-0.01,-1,-1,-0.01,-1,-1,-0.01,-1,-1,-0.01,-1,-1,-0.01,-1,-1,-0.01,-1,-1,-0.01,-1,-1,-0.01,-1,-1,-0.01,-1,-1
99926009,2026-05-18 14:57:41+05:30,53376.85,0,0.0,0,0.0,0.0,53282.15,53619.2,52783.45,53710.35,0,0.0,0.0,0.0,0.0,-0.01,-1,-1,-0.01,-1,-1,-0.01,-1,-1,-0.01,-1,-1,-0.01,-1,-1,-0.01,-1,-1,-0.01,-1,-1,-0.01,-1,-1,-0.01,-1,-1,-0.01,-1,-1
99926009,2026-05-18 14:57:41+05:30,53380.05,0,0.0,0,0.0,0.0,53282.15,53619.2,52783.45,53710.35,0,0.0,0.0,0.0,0.0,-0.01,-1,-1,-0.01,-1,-1,-0.01,-1,-1,-0.01,-1,-1,-0.01,-1,-1,-0.01,-1,-1,-0.01,-1,-1,-0.01,-1,-1,-0.01,-1,-1,-0.01,-1,-1
99926009,2026-05-18 14:57:42+05:30,53380.1,0,0.0,0,0.0,0.0,53282.15,53619.2,52783.45,53710.35,0,0.0,0.0,0.0,0.0,-0.01,-1,-1,-0.01,-1,-1,-0.01,-1,-1,-0.01,-1,-1,-0.01,-1,-1,-0.01,-1,-1,-0.01,-1,-1,-0.01,-1,-1,-0.01,-1,-1,-0.01,-1,-1
99926009,2026-05-18 14:57:42+05:30,53381.75,0,0.0,0,0.0,0.0,53282.15,53619.2,52783.45,53710.35,0,0.0,0.0,0.0,0.0,-0.01,-1,-1,-0.01,-1,-1,-0.01,-1,-1,-0.01,-1,-1,-0.01,-1,-1,-0.01,-1,-1,-0.01,-1,-1,-0.01,-1,-1,-0.01,-1,-1,-0.01,-1,-1
99926009,2026-05-18 14:57:43+05:30,53381.6,0,0.0,0,0.0,0.0,53282.15,53619.2,52783.45,53710.35,0,0.0,0.0,0.0,0.0,-0.01,-1,-1,-0.01,-1,-1,-0.01,-1,-1,-0.01,-1,-1,-0.01,-1,-1,-0.01,-1,-1,-0.01,-1,-1,-0.01,-1,-1,-0.01,-1,-1,-0.01,-1,-1
99926009,2026-05-18 14:57:43+05:30,53381.15,0,0.0,0,0.0,0.0,53282.15,53619.2,52783.45,53710.35,0,0.0,0.0,0.0,0.0,-0.01,-1,-1,-0.01,-1,-1,-0.01,-1,-1,-0.01,-1,-1,-0.01,-1,-1,-0.01,-1,-1,-0.01,-1,-1,-0.01,-1,-1,-0.01,-1,-1,-0.01,-1,-1
99926009,2026-05-18 14:57:44+05:30,53379.8,0,0.0,0,0.0,0.0,53282.15,53619.2,52783.45,53710.35,0,0.0,0.0,0.0,0.0,-0.01,-1,-1,-0.01,-1,-1,-0.01,-1,-1,-0.01,-1,-1,-0.01,-1,-1,-0.01,-1,-1,-0.01,-1,-1,-0.01,-1,-1,-0.01,-1,-1,-0.01,-1,-1
99926009,2026-05-18 14:57:44+05:30,53380.45,0,0.0,0,0.0,0.0,53282.15,53619.2,52783.45,53710.35,0,0.0,0.0,0.0,0.0,-0.01,-1,-1,-0.01,-1,-1,-0.01,-1,-1,-0.01,-1,-1,-0.01,-1,-1,-0.01,-1,-1,-0.01,-1,-1,-0.01,-1,-1,-0.01,-1,-1,-0.01,-1,-1
99926009,2026-05-18 14:57:45+05:30,53382.0,0,0.0,0,0.0,0.0,53282.15,53619.2,52783.45,53710.35,0,0.0,0.0,0.0,0.0,-0.01,-1,-1,-0.01,-1,-1,-0.01,-1,-1,-0.01,-1,-1,-0.01,-1,-1,-0.01,-1,-1,-0.01,-1,-1,-0.01,-1,-1,-0.01,-1,-1,-0.01,-1,-1
99926009,2026-05-18 14:57:45+05:30,53378.75,0,0.0,0,0.0,0.0,53282.15,53619.2,52783.45,53710.35,0,0.0,0.0,0.0,0.0,-0.01,-1,-1,-0.01,-1,-1,-0.01,-1,-1,-0.01,-1,-1,-0.01,-1,-1,-0.01,-1,-1,-0.01,-1,-1,-0.01,-1,-1,-0.01,-1,-1,-0.01,-1,-1
99926009,2026-05-18 14:57:46+05:30,53380.1,0,0.0,0,0.0,0.0,53282.15,53619.2,52783.45,53710.35,0,0.0,0.0,0.0,0.0,-0.01,-1,-1,-0.01,-1,-1,-0.01,-1,-1,-0.01,-1,-1,-0.01,-1,-1,-0.01,-1,-1,-0.01,-1,-1,-0.01,-1,-1,-0.01,-1,-1,-0.01,-1,-1
99926009,2026-05-18 14:57:46+05:30,53383.35,0,0.0,0,0.0,0.0,53282.15,53619.2,52783.45,53710.35,0,0.0,0.0,0.0,0.0,-0.01,-1,-1,-0.01,-1,-1,-0.01,-1,-1,-0.01,-1,-1,-0.01,-1,-1,-0.01,-1,-1,-0.01,-1,-1,-0.01,-1,-1,-0.01,-1,-1,-0.01,-1,-1
99926009,2026-05-18 14:57:47+05:30,53382.05,0,0.0,0,0.0,0.0,53282.15,53619.2,52783.45,53710.35,0,0.0,0.0,0.0,0.0,-0.01,-1,-1,-0.01,-1,-1,-0.01,-1,-1,-0.01,-1,-1,-0.01,-1,-1,-0.01,-1,-1,-0.01,-1,-1,-0.01,-1,-1,-0.01,-1,-1,-0.01,-1,-1
99926009,2026-05-18 14:57:47+05:30,53381.0,0,0.0,0,0.0,0.0,53282.15,53619.2,52783.45,53710.35,0,0.0,0.0,0.0,0.0,-0.01,-1,-1,-0.01,-1,-1,-0.01,-1,-1,-0.01,-1,-1,-0.01,-1,-1,-0.01,-1,-1,-0.01,-1,-1,-0.01,-1,-1,-0.01,-1,-1,-0.01,-1,-1
99926009,2026-05-18 14:57:48+05:30,53382.5,0,0.0,0,0.0,0.0,53282.15,53619.2,52783.45,53710.35,0,0.0,0.0,0.0,0.0,-0.01,-1,-1,-0.01,-1,-1,-0.01,-1,-1,-0.01,-1,-1,-0.01,-1,-1,-0.01,-1,-1,-0.01,-1,-1,-0.01,-1,-1,-0.01,-1,-1,-0.01,-1,-1
99926009,2026-05-18 14:57:48+05:30,53380.55,0,0.0,0,0.0,0.0,53282.15,53619.2,52783.45,53710.35,0,0.0,0.0,0.0,0.0,-0.01,-1,-1,-0.01,-1,-1,-0.01,-1,-1,-0.01,-1,-1,-0.01,-1,-1,-0.01,-1,-1,-0.01,-1,-1,-0.01,-1,-1,-0.01,-1,-1,-0.01,-1,-1
99926009,2026-05-18 14:57:49+05:30,53379.65,0,0.0,0,0.0,0.0,53282.15,53619.2,52783.45,53710.35,0,0.0,0.0,0.0,0.0,-0.01,-1,-1,-0.01,-1,-1,-0.01,-1,-1,-0.01,-1,-1,-0.01,-1,-1,-0.01,-1,-1,-0.01,-1,-1,-0.01,-1,-1,-0.01,-1,-1,-0.01,-1,-1
99926009,2026-05-18 14:57:49+05:30,53381.15,0,0.0,0,0.0,0.0,53282.15,53619.2,52783.45,53710.35,0,0.0,0.0,0.0,0.0,-0.01,-1,-1,-0.01,-1,-1,-0.01,-1,-1,-0.01,-1,-1,-0.01,-1,-1,-0.01,-1,-1,-0.01,-1,-1,-0.01,-1,-1,-0.01,-1,-1,-0.01,-1,-1
99926009,2026-05-18 14:57:50+05:30,53380.3,0,0.0,0,0.0,0.0,53282.15,53619.2,52783.45,53710.35,0,0.0,0.0,0.0,0.0,-0.01,-1,-1,-0.01,-1,-1,-0.01,-1,-1,-0.01,-1,-1,-0.01,-1,-1,-0.01,-1,-1,-0.01,-1,-1,-0.01,-1,-1,-0.01,-1,-1,-0.01,-1,-1
99926009,2026-05-18 14:57:50+05:30,53381.9,0,0.0,0,0.0,0.0,53282.15,53619.2,52783.45,53710.35,0,0.0,0.0,0.0,0.0,-0.01,-1,-1,-0.01,-1,-1,-0.01,-1,-1,-0.01,-1,-1,-0.01,-1,-1,-0.01,-1,-1,-0.01,-1,-1,-0.01,-1,-1,-0.01,-1,-1,-0.01,-1,-1
99926009,2026-05-18 14:57:51+05:30,53380.9,0,0.0,0,0.0,0.0,53282.15,53619.2,52783.45,53710.35,0,0.0,0.0,0.0,0.0,-0.01,-1,-1,-0.01,-1,-1,-0.01,-1,-1,-0.01,-1,-1,-0.01,-1,-1,-0.01,-1,-1,-0.01,-1,-1,-0.01,-1,-1,-0.01,-1,-1,-0.01,-1,-1
99926009,2026-05-18 14:57:51+05:30,53382.0,0,0.0,0,0.0,0.0,53282.15,53619.2,52783.45,53710.35,0,0.0,0.0,0.0,0.0,-0.01,-1,-1,-0.01,-1,-1,-0.01,-1,-1,-0.01,-1,-1,-0.01,-1,-1,-0.01,-1,-1,-0.01,-1,-1,-0.01,-1,-1,-0.01,-1,-1,-0.01,-1,-1
99926009,2026-05-18 14:57:52+05:30,53382.75,0,0.0,0,0.0,0.0,53282.15,53619.2,52783.45,53710.35,0,0.0,0.0,0.0,0.0,-0.01,-1,-1,-0.01,-1,-1,-0.01,-1,-1,-0.01,-1,-1,-0.01,-1,-1,-0.01,-1,-1,-0.01,-1,-1,-0.01,-1,-1,-0.01,-1,-1,-0.01,-1,-1
99926009,2026-05-18 14:57:52+05:30,53385.1,0,0.0,0,0.0,0.0,53282.15,53619.2,52783.45,53710.35,0,0.0,0.0,0.0,0.0,-0.01,-1,-1,-0.01,-1,-1,-0.01,-1,-1,-0.01,-1,-1,-0.01,-1,-1,-0.01,-1,-1,-0.01,-1,-1,-0.01,-1,-1,-0.01,-1,-1,-0.01,-1,-1
99926009,2026-05-18 14:57:53+05:30,53387.65,0,0.0,0,0.0,0.0,53282.15,53619.2,52783.45,53710.35,0,0.0,0.0,0.0,0.0,-0.01,-1,-1,-0.01,-1,-1,-0.01,-1,-1,-0.01,-1,-1,-0.01,-1,-1,-0.01,-1,-1,-0.01,-1,-1,-0.01,-1,-1,-0.01,-1,-1,-0.01,-1,-1
99926009,2026-05-18 14:57:53+05:30,53386.3,0,0.0,0,0.0,0.0,53282.15,53619.2,52783.45,53710.35,0,0.0,0.0,0.0,0.0,-0.01,-1,-1,-0.01,-1,-1,-0.01,-1,-1,-0.01,-1,-1,-0.01,-1,-1,-0.01,-1,-1,-0.01,-1,-1,-0.01,-1,-1,-0.01,-1,-1,-0.01,-1,-1
99926009,2026-05-18 14:57:54+05:30,53387.15,0,0.0,0,0.0,0.0,53282.15,53619.2,52783.45,53710.35,0,0.0,0.0,0.0,0.0,-0.01,-1,-1,-0.01,-1,-1,-0.01,-1,-1,-0.01,-1,-1,-0.01,-1,-1,-0.01,-1,-1,-0.01,-1,-1,-0.01,-1,-1,-0.01,-1,-1,-0.01,-1,-1
99926009,2026-05-18 14:57:54+05:30,53386.35,0,0.0,0,0.0,0.0,53282.15,53619.2,52783.45,53710.35,0,0.0,0.0,0.0,0.0,-0.01,-1,-1,-0.01,-1,-1,-0.01,-1,-1,-0.01,-1,-1,-0.01,-1,-1,-0.01,-1,-1,-0.01,-1,-1,-0.01,-1,-1,-0.01,-1,-1,-0.01,-1,-1
99926009,2026-05-18 14:57:55+05:30,53387.45,0,0.0,0,0.0,0.0,53282.15,53619.2,52783.45,53710.35,0,0.0,0.0,0.0,0.0,-0.01,-1,-1,-0.01,-1,-1,-0.01,-1,-1,-0.01,-1,-1,-0.01,-1,-1,-0.01,-1,-1,-0.01,-1,-1,-0.01,-1,-1,-0.01,-1,-1,-0.01,-1,-1
99926009,2026-05-18 14:57:55+05:30,53385.2,0,0.0,0,0.0,0.0,53282.15,53619.2,52783.45,53710.35,0,0.0,0.0,0.0,0.0,-0.01,-1,-1,-0.01,-1,-1,-0.01,-1,-1,-0.01,-1,-1,-0.01,-1,-1,-0.01,-1,-1,-0.01,-1,-1,-0.01,-1,-1,-0.01,-1,-1,-0.01,-1,-1
99926009,2026-05-18 14:57:56+05:30,53383.95,0,0.0,0,0.0,0.0,53282.15,53619.2,52783.45,53710.35,0,0.0,0.0,0.0,0.0,-0.01,-1,-1,-0.01,-1,-1,-0.01,-1,-1,-0.01,-1,-1,-0.01,-1,-1,-0.01,-1,-1,-0.01,-1,-1,-0.01,-1,-1,-0.01,-1,-1,-0.01,-1,-1
99926009,2026-05-18 14:57:56+05:30,53384.8,0,0.0,0,0.0,0.0,53282.15,53619.2,52783.45,53710.35,0,0.0,0.0,0.0,0.0,-0.01,-1,-1,-0.01,-1,-1,-0.01,-1,-1,-0.01,-1,-1,-0.01,-1,-1,-0.01,-1,-1,-0.01,-1,-1,-0.01,-1,-1,-0.01,-1,-1,-0.01,-1,-1
99926009,2026-05-18 14:57:57+05:30,53381.3,0,0.0,0,0.0,0.0,53282.15,53619.2,52783.45,53710.35,0,0.0,0.0,0.0,0.0,-0.01,-1,-1,-0.01,-1,-1,-0.01,-1,-1,-0.01,-1,-1,-0.01,-1,-1,-0.01,-1,-1,-0.01,-1,-1,-0.01,-1,-1,-0.01,-1,-1,-0.01,-1,-1
99926009,2026-05-18 14:57:57+05:30,53382.0,0,0.0,0,0.0,0.0,53282.15,53619.2,52783.45,53710.35,0,0.0,0.0,0.0,0.0,-0.01,-1,-1,-0.01,-1,-1,-0.01,-1,-1,-0.01,-1,-1,-0.01,-1,-1,-0.01,-1,-1,-0.01,-1,-1,-0.01,-1,-1,-0.01,-1,-1,-0.01,-1,-1
99926009,2026-05-18 14:57:58+05:30,53381.35,0,0.0,0,0.0,0.0,53282.15,53619.2,52783.45,53710.35,0,0.0,0.0,0.0,0.0,-0.01,-1,-1,-0.01,-1,-1,-0.01,-1,-1,-0.01,-1,-1,-0.01,-1,-1,-0.01,-1,-1,-0.01,-1,-1,-0.01,-1,-1,-0.01,-1,-1,-0.01,-1,-1
99926009,2026-05-18 14:57:58+05:30,53382.85,0,0.0,0,0.0,0.0,53282.15,53619.2,52783.45,53710.35,0,0.0,0.0,0.0,0.0,-0.01,-1,-1,-0.01,-1,-1,-0.01,-1,-1,-0.01,-1,-1,-0.01,-1,-1,-0.01,-1,-1,-0.01,-1,-1,-0.01,-1,-1,-0.01,-1,-1,-0.01,-1,-1
99926009,2026-05-18 14:57:59+05:30,53381.85,0,0.0,0,0.0,0.0,53282.15,53619.2,52783.45,53710.35,0,0.0,0.0,0.0,0.0,-0.01,-1,-1,-0.01,-1,-1,-0.01,-1,-1,-0.01,-1,-1,-0.01,-1,-1,-0.01,-1,-1,-0.01,-1,-1,-0.01,-1,-1,-0.01,-1,-1,-0.01,-1,-1
99926009,2026-05-18 14:57:59+05:30,53384.3,0,0.0,0,0.0,0.0,53282.15,53619.2,52783.45,53710.35,0,0.0,0.0,0.0,0.0,-0.01,-1,-1,-0.01,-1,-1,-0.01,-1,-1,-0.01,-1,-1,-0.01,-1,-1,-0.01,-1,-1,-0.01,-1,-1,-0.01,-1,-1,-0.01,-1,-1,-0.01,-1,-1
99926009,2026-05-18 14:58:00+05:30,53383.1,0,0.0,0,0.0,0.0,53282.15,53619.2,52783.45,53710.35,0,0.0,0.0,0.0,0.0,-0.01,-1,-1,-0.01,-1,-1,-0.01,-1,-1,-0.01,-1,-1,-0.01,-1,-1,-0.01,-1,-1,-0.01,-1,-1,-0.01,-1,-1,-0.01,-1,-1,-0.01,-1,-1
99926009,2026-05-18 14:58:00+05:30,53384.0,0,0.0,0,0.0,0.0,53282.15,53619.2,52783.45,53710.35,0,0.0,0.0,0.0,0.0,-0.01,-1,-1,-0.01,-1,-1,-0.01,-1,-1,-0.01,-1,-1,-0.01,-1,-1,-0.01,-1,-1,-0.01,-1,-1,-0.01,-1,-1,-0.01,-1,-1,-0.01,-1,-1
99926009,2026-05-18 14:58:01+05:30,53382.3,0,0.0,0,0.0,0.0,53282.15,53619.2,52783.45,53710.35,0,0.0,0.0,0.0,0.0,-0.01,-1,-1,-0.01,-1,-1,-0.01,-1,-1,-0.01,-1,-1,-0.01,-1,-1,-0.01,-1,-1,-0.01,-1,-1,-0.01,-1,-1,-0.01,-1,-1,-0.01,-1,-1
99926009,2026-05-18 14:58:01+05:30,53383.45,0,0.0,0,0.0,0.0,53282.15,53619.2,52783.45,53710.35,0,0.0,0.0,0.0,0.0,-0.01,-1,-1,-0.01,-1,-1,-0.01,-1,-1,-0.01,-1,-1,-0.01,-1,-1,-0.01,-1,-1,-0.01,-1,-1,-0.01,-1,-1,-0.01,-1,-1,-0.01,-1,-1
99926009,2026-05-18 14:58:02+05:30,53382.15,0,0.0,0,0.0,0.0,53282.15,53619.2,52783.45,53710.35,0,0.0,0.0,0.0,0.0,-0.01,-1,-1,-0.01,-1,-1,-0.01,-1,-1,-0.01,-1,-1,-0.01,-1,-1,-0.01,-1,-1,-0.01,-1,-1,-0.01,-1,-1,-0.01,-1,-1,-0.01,-1,-1
99926009,2026-05-18 14:58:02+05:30,53379.4,0,0.0,0,0.0,0.0,53282.15,53619.2,52783.45,53710.35,0,0.0,0.0,0.0,0.0,-0.01,-1,-1,-0.01,-1,-1,-0.01,-1,-1,-0.01,-1,-1,-0.01,-1,-1,-0.01,-1,-1,-0.01,-1,-1,-0.01,-1,-1,-0.01,-1,-1,-0.01,-1,-1
99926009,2026-05-18 14:58:03+05:30,53381.2,0,0.0,0,0.0,0.0,53282.15,53619.2,52783.45,53710.35,0,0.0,0.0,0.0,0.0,-0.01,-1,-1,-0.01,-1,-1,-0.01,-1,-1,-0.01,-1,-1,-0.01,-1,-1,-0.01,-1,-1,-0.01,-1,-1,-0.01,-1,-1,-0.01,-1,-1,-0.01,-1,-1
99926009,2026-05-18 14:58:03+05:30,53381.65,0,0.0,0,0.0,0.0,53282.15,53619.2,52783.45,53710.35,0,0.0,0.0,0.0,0.0,-0.01,-1,-1,-0.01,-1,-1,-0.01,-1,-1,-0.01,-1,-1,-0.01,-1,-1,-0.01,-1,-1,-0.01,-1,-1,-0.01,-1,-1,-0.01,-1,-1,-0.01,-1,-1
99926009,2026-05-18 14:58:04+05:30,53382.4,0,0.0,0,0.0,0.0,53282.15,53619.2,52783.45,53710.35,0,0.0,0.0,0.0,0.0,-0.01,-1,-1,-0.01,-1,-1,-0.01,-1,-1,-0.01,-1,-1,-0.01,-1,-1,-0.01,-1,-1,-0.01,-1,-1,-0.01,-1,-1,-0.01,-1,-1,-0.01,-1,-1
99926009,2026-05-18 14:58:04+05:30,53380.35,0,0.0,0,0.0,0.0,53282.15,53619.2,52783.45,53710.35,0,0.0,0.0,0.0,0.0,-0.01,-1,-1,-0.01,-1,-1,-0.01,-1,-1,-0.01,-1,-1,-0.01,-1,-1,-0.01,-1,-1,-0.01,-1,-1,-0.01,-1,-1,-0.01,-1,-1,-0.01,-1,-1
99926009,2026-05-18 14:58:05+05:30,53380.6,0,0.0,0,0.0,0.0,53282.15,53619.2,52783.45,53710.35,0,0.0,0.0,0.0,0.0,-0.01,-1,-1,-0.01,-1,-1,-0.01,-1,-1,-0.01,-1,-1,-0.01,-1,-1,-0.01,-1,-1,-0.01,-1,-1,-0.01,-1,-1,-0.01,-1,-1,-0.01,-1,-1
99926009,2026-05-18 14:58:05+05:30,53379.7,0,0.0,0,0.0,0.0,53282.15,53619.2,52783.45,53710.35,0,0.0,0.0,0.0,0.0,-0.01,-1,-1,-0.01,-1,-1,-0.01,-1,-1,-0.01,-1,-1,-0.01,-1,-1,-0.01,-1,-1,-0.01,-1,-1,-0.01,-1,-1,-0.01,-1,-1,-0.01,-1,-1
99926009,2026-05-18 14:58:06+05:30,53378.95,0,0.0,0,0.0,0.0,53282.15,53619.2,52783.45,53710.35,0,0.0,0.0,0.0,0.0,-0.01,-1,-1,-0.01,-1,-1,-0.01,-1,-1,-0.01,-1,-1,-0.01,-1,-1,-0.01,-1,-1,-0.01,-1,-1,-0.01,-1,-1,-0.01,-1,-1,-0.01,-1,-1
99926009,2026-05-18 14:58:06+05:30,53378.6,0,0.0,0,0.0,0.0,53282.15,53619.2,52783.45,53710.35,0,0.0,0.0,0.0,0.0,-0.01,-1,-1,-0.01,-1,-1,-0.01,-1,-1,-0.01,-1,-1,-0.01,-1,-1,-0.01,-1,-1,-0.01,-1,-1,-0.01,-1,-1,-0.01,-1,-1,-0.01,-1,-1
99926009,2026-05-18 14:58:07+05:30,53380.1,0,0.0,0,0.0,0.0,53282.15,53619.2,52783.45,53710.35,0,0.0,0.0,0.0,0.0,-0.01,-1,-1,-0.01,-1,-1,-0.01,-1,-1,-0.01,-1,-1,-0.01,-1,-1,-0.01,-1,-1,-0.01,-1,-1,-0.01,-1,-1,-0.01,-1,-1,-0.01,-1,-1
99926009,2026-05-18 14:58:07+05:30,53380.9,0,0.0,0,0.0,0.0,53282.15,53619.2,52783.45,53710.35,0,0.0,0.0,0.0,0.0,-0.01,-1,-1,-0.01,-1,-1,-0.01,-1,-1,-0.01,-1,-1,-0.01,-1,-1,-0.01,-1,-1,-0.01,-1,-1,-0.01,-1,-1,-0.01,-1,-1,-0.01,-1,-1
99926009,2026-05-18 14:58:08+05:30,53382.25,0,0.0,0,0.0,0.0,53282.15,53619.2,52783.45,53710.35,0,0.0,0.0,0.0,0.0,-0.01,-1,-1,-0.01,-1,-1,-0.01,-1,-1,-0.01,-1,-1,-0.01,-1,-1,-0.01,-1,-1,-0.01,-1,-1,-0.01,-1,-1,-0.01,-1,-1,-0.01,-1,-1
99926009,2026-05-18 14:58:08+05:30,53381.9,0,0.0,0,0.0,0.0,53282.15,53619.2,52783.45,53710.35,0,0.0,0.0,0.0,0.0,-0.01,-1,-1,-0.01,-1,-1,-0.01,-1,-1,-0.01,-1,-1,-0.01,-1,-1,-0.01,-1,-1,-0.01,-1,-1,-0.01,-1,-1,-0.01,-1,-1,-0.01,-1,-1
99926009,2026-05-18 14:58:09+05:30,53379.35,0,0.0,0,0.0,0.0,53282.15,53619.2,52783.45,53710.35,0,0.0,0.0,0.0,0.0,-0.01,-1,-1,-0.01,-1,-1,-0.01,-1,-1,-0.01,-1,-1,-0.01,-1,-1,-0.01,-1,-1,-0.01,-1,-1,-0.01,-1,-1,-0.01,-1,-1,-0.01,-1,-1
99926009,2026-05-18 14:58:09+05:30,53382.8,0,0.0,0,0.0,0.0,53282.15,53619.2,52783.45,53710.35,0,0.0,0.0,0.0,0.0,-0.01,-1,-1,-0.01,-1,-1,-0.01,-1,-1,-0.01,-1,-1,-0.01,-1,-1,-0.01,-1,-1,-0.01,-1,-1,-0.01,-1,-1,-0.01,-1,-1,-0.01,-1,-1
99926009,2026-05-18 14:58:10+05:30,53383.35,0,0.0,0,0.0,0.0,53282.15,53619.2,52783.45,53710.35,0,0.0,0.0,0.0,0.0,-0.01,-1,-1,-0.01,-1,-1,-0.01,-1,-1,-0.01,-1,-1,-0.01,-1,-1,-0.01,-1,-1,-0.01,-1,-1,-0.01,-1,-1,-0.01,-1,-1,-0.01,-1,-1
99926009,2026-05-18 14:58:10+05:30,53384.5,0,0.0,0,0.0,0.0,53282.15,53619.2,52783.45,53710.35,0,0.0,0.0,0.0,0.0,-0.01,-1,-1,-0.01,-1,-1,-0.01,-1,-1,-0.01,-1,-1,-0.01,-1,-1,-0.01,-1,-1,-0.01,-1,-1,-0.01,-1,-1,-0.01,-1,-1,-0.01,-1,-1
99926009,2026-05-18 14:58:11+05:30,53384.05,0,0.0,0,0.0,0.0,53282.15,53619.2,52783.45,53710.35,0,0.0,0.0,0.0,0.0,-0.01,-1,-1,-0.01,-1,-1,-0.01,-1,-1,-0.01,-1,-1,-0.01,-1,-1,-0.01,-1,-1,-0.01,-1,-1,-0.01,-1,-1,-0.01,-1,-1,-0.01,-1,-1
99926009,2026-05-18 14:58:11+05:30,53383.65,0,0.0,0,0.0,0.0,53282.15,53619.2,52783.45,53710.35,0,0.0,0.0,0.0,0.0,-0.01,-1,-1,-0.01,-1,-1,-0.01,-1,-1,-0.01,-1,-1,-0.01,-1,-1,-0.01,-1,-1,-0.01,-1,-1,-0.01,-1,-1,-0.01,-1,-1,-0.01,-1,-1
99926009,2026-05-18 14:58:12+05:30,53381.85,0,0.0,0,0.0,0.0,53282.15,53619.2,52783.45,53710.35,0,0.0,0.0,0.0,0.0,-0.01,-1,-1,-0.01,-1,-1,-0.01,-1,-1,-0.01,-1,-1,-0.01,-1,-1,-0.01,-1,-1,-0.01,-1,-1,-0.01,-1,-1,-0.01,-1,-1,-0.01,-1,-1
99926009,2026-05-18 14:58:12+05:30,53383.35,0,0.0,0,0.0,0.0,53282.15,53619.2,52783.45,53710.35,0,0.0,0.0,0.0,0.0,-0.01,-1,-1,-0.01,-1,-1,-0.01,-1,-1,-0.01,-1,-1,-0.01,-1,-1,-0.01,-1,-1,-0.01,-1,-1,-0.01,-1,-1,-0.01,-1,-1,-0.01,-1,-1
99926009,2026-05-18 14:58:13+05:30,53382.7,0,0.0,0,0.0,0.0,53282.15,53619.2,52783.45,53710.35,0,0.0,0.0,0.0,0.0,-0.01,-1,-1,-0.01,-1,-1,-0.01,-1,-1,-0.01,-1,-1,-0.01,-1,-1,-0.01,-1,-1,-0.01,-1,-1,-0.01,-1,-1,-0.01,-1,-1,-0.01,-1,-1
99926009,2026-05-18 14:58:13+05:30,53384.5,0,0.0,0,0.0,0.0,53282.15,53619.2,52783.45,53710.35,0,0.0,0.0,0.0,0.0,-0.01,-1,-1,-0.01,-1,-1,-0.01,-1,-1,-0.01,-1,-1,-0.01,-1,-1,-0.01,-1,-1,-0.01,-1,-1,-0.01,-1,-1,-0.01,-1,-1,-0.01,-1,-1
99926009,2026-05-18 14:58:14+05:30,53387.05,0,0.0,0,0.0,0.0,53282.15,53619.2,52783.45,53710.35,0,0.0,0.0,0.0,0.0,-0.01,-1,-1,-0.01,-1,-1,-0.01,-1,-1,-0.01,-1,-1,-0.01,-1,-1,-0.01,-1,-1,-0.01,-1,-1,-0.01,-1,-1,-0.01,-1,-1,-0.01,-1,-1
99926009,2026-05-18 14:58:14+05:30,53382.9,0,0.0,0,0.0,0.0,53282.15,53619.2,52783.45,53710.35,0,0.0,0.0,0.0,0.0,-0.01,-1,-1,-0.01,-1,-1,-0.01,-1,-1,-0.01,-1,-1,-0.01,-1,-1,-0.01,-1,-1,-0.01,-1,-1,-0.01,-1,-1,-0.01,-1,-1,-0.01,-1,-1
99926009,2026-05-18 14:58:15+05:30,53385.7,0,0.0,0,0.0,0.0,53282.15,53619.2,52783.45,53710.35,0,0.0,0.0,0.0,0.0,-0.01,-1,-1,-0.01,-1,-1,-0.01,-1,-1,-0.01,-1,-1,-0.01,-1,-1,-0.01,-1,-1,-0.01,-1,-1,-0.01,-1,-1,-0.01,-1,-1,-0.01,-1,-1
99926009,2026-05-18 14:58:15+05:30,53384.15,0,0.0,0,0.0,0.0,53282.15,53619.2,52783.45,53710.35,0,0.0,0.0,0.0,0.0,-0.01,-1,-1,-0.01,-1,-1,-0.01,-1,-1,-0.01,-1,-1,-0.01,-1,-1,-0.01,-1,-1,-0.01,-1,-1,-0.01,-1,-1,-0.01,-1,-1,-0.01,-1,-1
99926009,2026-05-18 14:58:16+05:30,53383.45,0,0.0,0,0.0,0.0,53282.15,53619.2,52783.45,53710.35,0,0.0,0.0,0.0,0.0,-0.01,-1,-1,-0.01,-1,-1,-0.01,-1,-1,-0.01,-1,-1,-0.01,-1,-1,-0.01,-1,-1,-0.01,-1,-1,-0.01,-1,-1,-0.01,-1,-1,-0.01,-1,-1
99926009,2026-05-18 14:58:16+05:30,53384.55,0,0.0,0,0.0,0.0,53282.15,53619.2,52783.45,53710.35,0,0.0,0.0,0.0,0.0,-0.01,-1,-1,-0.01,-1,-1,-0.01,-1,-1,-0.01,-1,-1,-0.01,-1,-1,-0.01,-1,-1,-0.01,-1,-1,-0.01,-1,-1,-0.01,-1,-1,-0.01,-1,-1
99926009,2026-05-18 14:58:17+05:30,53380.95,0,0.0,0,0.0,0.0,53282.15,53619.2,52783.45,53710.35,0,0.0,0.0,0.0,0.0,-0.01,-1,-1,-0.01,-1,-1,-0.01,-1,-1,-0.01,-1,-1,-0.01,-1,-1,-0.01,-1,-1,-0.01,-1,-1,-0.01,-1,-1,-0.01,-1,-1,-0.01,-1,-1
99926009,2026-05-18 14:58:17+05:30,53382.4,0,0.0,0,0.0,0.0,53282.15,53619.2,52783.45,53710.35,0,0.0,0.0,0.0,0.0,-0.01,-1,-1,-0.01,-1,-1,-0.01,-1,-1,-0.01,-1,-1,-0.01,-1,-1,-0.01,-1,-1,-0.01,-1,-1,-0.01,-1,-1,-0.01,-1,-1,-0.01,-1,-1
99926009,2026-05-18 14:58:18+05:30,53384.4,0,0.0,0,0.0,0.0,53282.15,53619.2,52783.45,53710.35,0,0.0,0.0,0.0,0.0,-0.01,-1,-1,-0.01,-1,-1,-0.01,-1,-1,-0.01,-1,-1,-0.01,-1,-1,-0.01,-1,-1,-0.01,-1,-1,-0.01,-1,-1,-0.01,-1,-1,-0.01,-1,-1
99926009,2026-05-18 14:58:18+05:30,53384.65,0,0.0,0,0.0,0.0,53282.15,53619.2,52783.45,53710.35,0,0.0,0.0,0.0,0.0,-0.01,-1,-1,-0.01,-1,-1,-0.01,-1,-1,-0.01,-1,-1,-0.01,-1,-1,-0.01,-1,-1,-0.01,-1,-1,-0.01,-1,-1,-0.01,-1,-1,-0.01,-1,-1
99926009,2026-05-18 14:58:19+05:30,53383.15,0,0.0,0,0.0,0.0,53282.15,53619.2,52783.45,53710.35,0,0.0,0.0,0.0,0.0,-0.01,-1,-1,-0.01,-1,-1,-0.01,-1,-1,-0.01,-1,-1,-0.01,-1,-1,-0.01,-1,-1,-0.01,-1,-1,-0.01,-1,-1,-0.01,-1,-1,-0.01,-1,-1
99926009,2026-05-18 14:58:19+05:30,53383.35,0,0.0,0,0.0,0.0,53282.15,53619.2,52783.45,53710.35,0,0.0,0.0,0.0,0.0,-0.01,-1,-1,-0.01,-1,-1,-0.01,-1,-1,-0.01,-1,-1,-0.01,-1,-1,-0.01,-1,-1,-0.01,-1,-1,-0.01,-1,-1,-0.01,-1,-1,-0.01,-1,-1
99926009,2026-05-18 14:58:20+05:30,53382.55,0,0.0,0,0.0,0.0,53282.15,53619.2,52783.45,53710.35,0,0.0,0.0,0.0,0.0,-0.01,-1,-1,-0.01,-1,-1,-0.01,-1,-1,-0.01,-1,-1,-0.01,-1,-1,-0.01,-1,-1,-0.01,-1,-1,-0.01,-1,-1,-0.01,-1,-1,-0.01,-1,-1
99926009,2026-05-18 14:58:20+05:30,53380.85,0,0.0,0,0.0,0.0,53282.15,53619.2,52783.45,53710.35,0,0.0,0.0,0.0,0.0,-0.01,-1,-1,-0.01,-1,-1,-0.01,-1,-1,-0.01,-1,-1,-0.01,-1,-1,-0.01,-1,-1,-0.01,-1,-1,-0.01,-1,-1,-0.01,-1,-1,-0.01,-1,-1
99926009,2026-05-18 14:58:21+05:30,53379.65,0,0.0,0,0.0,0.0,53282.15,53619.2,52783.45,53710.35,0,0.0,0.0,0.0,0.0,-0.01,-1,-1,-0.01,-1,-1,-0.01,-1,-1,-0.01,-1,-1,-0.01,-1,-1,-0.01,-1,-1,-0.01,-1,-1,-0.01,-1,-1,-0.01,-1,-1,-0.01,-1,-1
99926009,2026-05-18 14:58:21+05:30,53379.15,0,0.0,0,0.0,0.0,53282.15,53619.2,52783.45,53710.35,0,0.0,0.0,0.0,0.0,-0.01,-1,-1,-0.01,-1,-1,-0.01,-1,-1,-0.01,-1,-1,-0.01,-1,-1,-0.01,-1,-1,-0.01,-1,-1,-0.01,-1,-1,-0.01,-1,-1,-0.01,-1,-1
99926009,2026-05-18 14:58:22+05:30,53378.6,0,0.0,0,0.0,0.0,53282.15,53619.2,52783.45,53710.35,0,0.0,0.0,0.0,0.0,-0.01,-1,-1,-0.01,-1,-1,-0.01,-1,-1,-0.01,-1,-1,-0.01,-1,-1,-0.01,-1,-1,-0.01,-1,-1,-0.01,-1,-1,-0.01,-1,-1,-0.01,-1,-1
99926009,2026-05-18 14:58:22+05:30,53375.15,0,0.0,0,0.0,0.0,53282.15,53619.2,52783.45,53710.35,0,0.0,0.0,0.0,0.0,-0.01,-1,-1,-0.01,-1,-1,-0.01,-1,-1,-0.01,-1,-1,-0.01,-1,-1,-0.01,-1,-1,-0.01,-1,-1,-0.01,-1,-1,-0.01,-1,-1,-0.01,-1,-1
99926009,2026-05-18 14:58:23+05:30,53373.4,0,0.0,0,0.0,0.0,53282.15,53619.2,52783.45,53710.35,0,0.0,0.0,0.0,0.0,-0.01,-1,-1,-0.01,-1,-1,-0.01,-1,-1,-0.01,-1,-1,-0.01,-1,-1,-0.01,-1,-1,-0.01,-1,-1,-0.01,-1,-1,-0.01,-1,-1,-0.01,-1,-1
99926009,2026-05-18 14:58:23+05:30,53371.05,0,0.0,0,0.0,0.0,53282.15,53619.2,52783.45,53710.35,0,0.0,0.0,0.0,0.0,-0.01,-1,-1,-0.01,-1,-1,-0.01,-1,-1,-0.01,-1,-1,-0.01,-1,-1,-0.01,-1,-1,-0.01,-1,-1,-0.01,-1,-1,-0.01,-1,-1,-0.01,-1,-1
99926009,2026-05-18 14:58:24+05:30,53369.4,0,0.0,0,0.0,0.0,53282.15,53619.2,52783.45,53710.35,0,0.0,0.0,0.0,0.0,-0.01,-1,-1,-0.01,-1,-1,-0.01,-1,-1,-0.01,-1,-1,-0.01,-1,-1,-0.01,-1,-1,-0.01,-1,-1,-0.01,-1,-1,-0.01,-1,-1,-0.01,-1,-1
99926009,2026-05-18 14:58:24+05:30,53370.2,0,0.0,0,0.0,0.0,53282.15,53619.2,52783.45,53710.35,0,0.0,0.0,0.0,0.0,-0.01,-1,-1,-0.01,-1,-1,-0.01,-1,-1,-0.01,-1,-1,-0.01,-1,-1,-0.01,-1,-1,-0.01,-1,-1,-0.01,-1,-1,-0.01,-1,-1,-0.01,-1,-1
99926009,2026-05-18 14:58:25+05:30,53365.85,0,0.0,0,0.0,0.0,53282.15,53619.2,52783.45,53710.35,0,0.0,0.0,0.0,0.0,-0.01,-1,-1,-0.01,-1,-1,-0.01,-1,-1,-0.01,-1,-1,-0.01,-1,-1,-0.01,-1,-1,-0.01,-1,-1,-0.01,-1,-1,-0.01,-1,-1,-0.01,-1,-1
99926009,2026-05-18 14:58:25+05:30,53367.65,0,0.0,0,0.0,0.0,53282.15,53619.2,52783.45,53710.35,0,0.0,0.0,0.0,0.0,-0.01,-1,-1,-0.01,-1,-1,-0.01,-1,-1,-0.01,-1,-1,-0.01,-1,-1,-0.01,-1,-1,-0.01,-1,-1,-0.01,-1,-1,-0.01,-1,-1,-0.01,-1,-1
99926009,2026-05-18 14:58:26+05:30,53363.2,0,0.0,0,0.0,0.0,53282.15,53619.2,52783.45,53710.35,0,0.0,0.0,0.0,0.0,-0.01,-1,-1,-0.01,-1,-1,-0.01,-1,-1,-0.01,-1,-1,-0.01,-1,-1,-0.01,-1,-1,-0.01,-1,-1,-0.01,-1,-1,-0.01,-1,-1,-0.01,-1,-1
99926009,2026-05-18 14:58:26+05:30,53364.95,0,0.0,0,0.0,0.0,53282.15,53619.2,52783.45,53710.35,0,0.0,0.0,0.0,0.0,-0.01,-1,-1,-0.01,-1,-1,-0.01,-1,-1,-0.01,-1,-1,-0.01,-1,-1,-0.01,-1,-1,-0.01,-1,-1,-0.01,-1,-1,-0.01,-1,-1,-0.01,-1,-1
99926009,2026-05-18 14:58:27+05:30,53362.8,0,0.0,0,0.0,0.0,53282.15,53619.2,52783.45,53710.35,0,0.0,0.0,0.0,0.0,-0.01,-1,-1,-0.01,-1,-1,-0.01,-1,-1,-0.01,-1,-1,-0.01,-1,-1,-0.01,-1,-1,-0.01,-1,-1,-0.01,-1,-1,-0.01,-1,-1,-0.01,-1,-1
99926009,2026-05-18 14:58:27+05:30,53362.25,0,0.0,0,0.0,0.0,53282.15,53619.2,52783.45,53710.35,0,0.0,0.0,0.0,0.0,-0.01,-1,-1,-0.01,-1,-1,-0.01,-1,-1,-0.01,-1,-1,-0.01,-1,-1,-0.01,-1,-1,-0.01,-1,-1,-0.01,-1,-1,-0.01,-1,-1,-0.01,-1,-1
99926009,2026-05-18 14:58:28+05:30,53363.2,0,0.0,0,0.0,0.0,53282.15,53619.2,52783.45,53710.35,0,0.0,0.0,0.0,0.0,-0.01,-1,-1,-0.01,-1,-1,-0.01,-1,-1,-0.01,-1,-1,-0.01,-1,-1,-0.01,-1,-1,-0.01,-1,-1,-0.01,-1,-1,-0.01,-1,-1,-0.01,-1,-1
99926009,2026-05-18 14:58:28+05:30,53363.05,0,0.0,0,0.0,0.0,53282.15,53619.2,52783.45,53710.35,0,0.0,0.0,0.0,0.0,-0.01,-1,-1,-0.01,-1,-1,-0.01,-1,-1,-0.01,-1,-1,-0.01,-1,-1,-0.01,-1,-1,-0.01,-1,-1,-0.01,-1,-1,-0.01,-1,-1,-0.01,-1,-1
99926009,2026-05-18 14:58:29+05:30,53361.95,0,0.0,0,0.0,0.0,53282.15,53619.2,52783.45,53710.35,0,0.0,0.0,0.0,0.0,-0.01,-1,-1,-0.01,-1,-1,-0.01,-1,-1,-0.01,-1,-1,-0.01,-1,-1,-0.01,-1,-1,-0.01,-1,-1,-0.01,-1,-1,-0.01,-1,-1,-0.01,-1,-1
99926009,2026-05-18 14:58:29+05:30,53360.15,0,0.0,0,0.0,0.0,53282.15,53619.2,52783.45,53710.35,0,0.0,0.0,0.0,0.0,-0.01,-1,-1,-0.01,-1,-1,-0.01,-1,-1,-0.01,-1,-1,-0.01,-1,-1,-0.01,-1,-1,-0.01,-1,-1,-0.01,-1,-1,-0.01,-1,-1,-0.01,-1,-1
99926009,2026-05-18 14:58:30+05:30,53362.35,0,0.0,0,0.0,0.0,53282.15,53619.2,52783.45,53710.35,0,0.0,0.0,0.0,0.0,-0.01,-1,-1,-0.01,-1,-1,-0.01,-1,-1,-0.01,-1,-1,-0.01,-1,-1,-0.01,-1,-1,-0.01,-1,-1,-0.01,-1,-1,-0.01,-1,-1,-0.01,-1,-1
99926009,2026-05-18 14:58:30+05:30,53362.65,0,0.0,0,0.0,0.0,53282.15,53619.2,52783.45,53710.35,0,0.0,0.0,0.0,0.0,-0.01,-1,-1,-0.01,-1,-1,-0.01,-1,-1,-0.01,-1,-1,-0.01,-1,-1,-0.01,-1,-1,-0.01,-1,-1,-0.01,-1,-1,-0.01,-1,-1,-0.01,-1,-1
99926009,2026-05-18 14:58:31+05:30,53362.65,0,0.0,0,0.0,0.0,53282.15,53619.2,52783.45,53710.35,0,0.0,0.0,0.0,0.0,-0.01,-1,-1,-0.01,-1,-1,-0.01,-1,-1,-0.01,-1,-1,-0.01,-1,-1,-0.01,-1,-1,-0.01,-1,-1,-0.01,-1,-1,-0.01,-1,-1,-0.01,-1,-1
99926009,2026-05-18 14:58:31+05:30,53361.1,0,0.0,0,0.0,0.0,53282.15,53619.2,52783.45,53710.35,0,0.0,0.0,0.0,0.0,-0.01,-1,-1,-0.01,-1,-1,-0.01,-1,-1,-0.01,-1,-1,-0.01,-1,-1,-0.01,-1,-1,-0.01,-1,-1,-0.01,-1,-1,-0.01,-1,-1,-0.01,-1,-1
99926009,2026-05-18 14:58:32+05:30,53360.8,0,0.0,0,0.0,0.0,53282.15,53619.2,52783.45,53710.35,0,0.0,0.0,0.0,0.0,-0.01,-1,-1,-0.01,-1,-1,-0.01,-1,-1,-0.01,-1,-1,-0.01,-1,-1,-0.01,-1,-1,-0.01,-1,-1,-0.01,-1,-1,-0.01,-1,-1,-0.01,-1,-1
99926009,2026-05-18 14:58:32+05:30,53360.75,0,0.0,0,0.0,0.0,53282.15,53619.2,52783.45,53710.35,0,0.0,0.0,0.0,0.0,-0.01,-1,-1,-0.01,-1,-1,-0.01,-1,-1,-0.01,-1,-1,-0.01,-1,-1,-0.01,-1,-1,-0.01,-1,-1,-0.01,-1,-1,-0.01,-1,-1,-0.01,-1,-1
99926009,2026-05-18 14:58:33+05:30,53358.05,0,0.0,0,0.0,0.0,53282.15,53619.2,52783.45,53710.35,0,0.0,0.0,0.0,0.0,-0.01,-1,-1,-0.01,-1,-1,-0.01,-1,-1,-0.01,-1,-1,-0.01,-1,-1,-0.01,-1,-1,-0.01,-1,-1,-0.01,-1,-1,-0.01,-1,-1,-0.01,-1,-1
99926009,2026-05-18 14:58:33+05:30,53358.95,0,0.0,0,0.0,0.0,53282.15,53619.2,52783.45,53710.35,0,0.0,0.0,0.0,0.0,-0.01,-1,-1,-0.01,-1,-1,-0.01,-1,-1,-0.01,-1,-1,-0.01,-1,-1,-0.01,-1,-1,-0.01,-1,-1,-0.01,-1,-1,-0.01,-1,-1,-0.01,-1,-1
99926009,2026-05-18 14:58:34+05:30,53360.1,0,0.0,0,0.0,0.0,53282.15,53619.2,52783.45,53710.35,0,0.0,0.0,0.0,0.0,-0.01,-1,-1,-0.01,-1,-1,-0.01,-1,-1,-0.01,-1,-1,-0.01,-1,-1,-0.01,-1,-1,-0.01,-1,-1,-0.01,-1,-1,-0.01,-1,-1,-0.01,-1,-1
99926009,2026-05-18 14:58:34+05:30,53358.35,0,0.0,0,0.0,0.0,53282.15,53619.2,52783.45,53710.35,0,0.0,0.0,0.0,0.0,-0.01,-1,-1,-0.01,-1,-1,-0.01,-1,-1,-0.01,-1,-1,-0.01,-1,-1,-0.01,-1,-1,-0.01,-1,-1,-0.01,-1,-1,-0.01,-1,-1,-0.01,-1,-1
99926009,2026-05-18 14:58:35+05:30,53360.55,0,0.0,0,0.0,0.0,53282.15,53619.2,52783.45,53710.35,0,0.0,0.0,0.0,0.0,-0.01,-1,-1,-0.01,-1,-1,-0.01,-1,-1,-0.01,-1,-1,-0.01,-1,-1,-0.01,-1,-1,-0.01,-1,-1,-0.01,-1,-1,-0.01,-1,-1,-0.01,-1,-1
99926009,2026-05-18 14:58:35+05:30,53365.15,0,0.0,0,0.0,0.0,53282.15,53619.2,52783.45,53710.35,0,0.0,0.0,0.0,0.0,-0.01,-1,-1,-0.01,-1,-1,-0.01,-1,-1,-0.01,-1,-1,-0.01,-1,-1,-0.01,-1,-1,-0.01,-1,-1,-0.01,-1,-1,-0.01,-1,-1,-0.01,-1,-1
99926009,2026-05-18 14:58:36+05:30,53364.85,0,0.0,0,0.0,0.0,53282.15,53619.2,52783.45,53710.35,0,0.0,0.0,0.0,0.0,-0.01,-1,-1,-0.01,-1,-1,-0.01,-1,-1,-0.01,-1,-1,-0.01,-1,-1,-0.01,-1,-1,-0.01,-1,-1,-0.01,-1,-1,-0.01,-1,-1,-0.01,-1,-1
99926009,2026-05-18 14:58:36+05:30,53364.7,0,0.0,0,0.0,0.0,53282.15,53619.2,52783.45,53710.35,0,0.0,0.0,0.0,0.0,-0.01,-1,-1,-0.01,-1,-1,-0.01,-1,-1,-0.01,-1,-1,-0.01,-1,-1,-0.01,-1,-1,-0.01,-1,-1,-0.01,-1,-1,-0.01,-1,-1,-0.01,-1,-1
99926009,2026-05-18 14:58:37+05:30,53365.75,0,0.0,0,0.0,0.0,53282.15,53619.2,52783.45,53710.35,0,0.0,0.0,0.0,0.0,-0.01,-1,-1,-0.01,-1,-1,-0.01,-1,-1,-0.01,-1,-1,-0.01,-1,-1,-0.01,-1,-1,-0.01,-1,-1,-0.01,-1,-1,-0.01,-1,-1,-0.01,-1,-1
99926009,2026-05-18 14:58:37+05:30,53362.65,0,0.0,0,0.0,0.0,53282.15,53619.2,52783.45,53710.35,0,0.0,0.0,0.0,0.0,-0.01,-1,-1,-0.01,-1,-1,-0.01,-1,-1,-0.01,-1,-1,-0.01,-1,-1,-0.01,-1,-1,-0.01,-1,-1,-0.01,-1,-1,-0.01,-1,-1,-0.01,-1,-1
99926009,2026-05-18 14:58:38+05:30,53363.9,0,0.0,0,0.0,0.0,53282.15,53619.2,52783.45,53710.35,0,0.0,0.0,0.0,0.0,-0.01,-1,-1,-0.01,-1,-1,-0.01,-1,-1,-0.01,-1,-1,-0.01,-1,-1,-0.01,-1,-1,-0.01,-1,-1,-0.01,-1,-1,-0.01,-1,-1,-0.01,-1,-1
99926009,2026-05-18 14:58:38+05:30,53365.65,0,0.0,0,0.0,0.0,53282.15,53619.2,52783.45,53710.35,0,0.0,0.0,0.0,0.0,-0.01,-1,-1,-0.01,-1,-1,-0.01,-1,-1,-0.01,-1,-1,-0.01,-1,-1,-0.01,-1,-1,-0.01,-1,-1,-0.01,-1,-1,-0.01,-1,-1,-0.01,-1,-1
99926009,2026-05-18 14:58:39+05:30,53364.05,0,0.0,0,0.0,0.0,53282.15,53619.2,52783.45,53710.35,0,0.0,0.0,0.0,0.0,-0.01,-1,-1,-0.01,-1,-1,-0.01,-1,-1,-0.01,-1,-1,-0.01,-1,-1,-0.01,-1,-1,-0.01,-1,-1,-0.01,-1,-1,-0.01,-1,-1,-0.01,-1,-1
99926009,2026-05-18 14:58:39+05:30,53361.5,0,0.0,0,0.0,0.0,53282.15,53619.2,52783.45,53710.35,0,0.0,0.0,0.0,0.0,-0.01,-1,-1,-0.01,-1,-1,-0.01,-1,-1,-0.01,-1,-1,-0.01,-1,-1,-0.01,-1,-1,-0.01,-1,-1,-0.01,-1,-1,-0.01,-1,-1,-0.01,-1,-1
99926009,2026-05-18 14:58:40+05:30,53363.8,0,0.0,0,0.0,0.0,53282.15,53619.2,52783.45,53710.35,0,0.0,0.0,0.0,0.0,-0.01,-1,-1,-0.01,-1,-1,-0.01,-1,-1,-0.01,-1,-1,-0.01,-1,-1,-0.01,-1,-1,-0.01,-1,-1,-0.01,-1,-1,-0.01,-1,-1,-0.01,-1,-1
99926009,2026-05-18 14:58:40+05:30,53365.15,0,0.0,0,0.0,0.0,53282.15,53619.2,52783.45,53710.35,0,0.0,0.0,0.0,0.0,-0.01,-1,-1,-0.01,-1,-1,-0.01,-1,-1,-0.01,-1,-1,-0.01,-1,-1,-0.01,-1,-1,-0.01,-1,-1,-0.01,-1,-1,-0.01,-1,-1,-0.01,-1,-1
99926009,2026-05-18 14:58:41+05:30,53364.75,0,0.0,0,0.0,0.0,53282.15,53619.2,52783.45,53710.35,0,0.0,0.0,0.0,0.0,-0.01,-1,-1,-0.01,-1,-1,-0.01,-1,-1,-0.01,-1,-1,-0.01,-1,-1,-0.01,-1,-1,-0.01,-1,-1,-0.01,-1,-1,-0.01,-1,-1,-0.01,-1,-1
99926009,2026-05-18 14:58:41+05:30,53363.95,0,0.0,0,0.0,0.0,53282.15,53619.2,52783.45,53710.35,0,0.0,0.0,0.0,0.0,-0.01,-1,-1,-0.01,-1,-1,-0.01,-1,-1,-0.01,-1,-1,-0.01,-1,-1,-0.01,-1,-1,-0.01,-1,-1,-0.01,-1,-1,-0.01,-1,-1,-0.01,-1,-1
99926009,2026-05-18 14:58:42+05:30,53361.65,0,0.0,0,0.0,0.0,53282.15,53619.2,52783.45,53710.35,0,0.0,0.0,0.0,0.0,-0.01,-1,-1,-0.01,-1,-1,-0.01,-1,-1,-0.01,-1,-1,-0.01,-1,-1,-0.01,-1,-1,-0.01,-1,-1,-0.01,-1,-1,-0.01,-1,-1,-0.01,-1,-1
99926009,2026-05-18 14:58:42+05:30,53364.65,0,0.0,0,0.0,0.0,53282.15,53619.2,52783.45,53710.35,0,0.0,0.0,0.0,0.0,-0.01,-1,-1,-0.01,-1,-1,-0.01,-1,-1,-0.01,-1,-1,-0.01,-1,-1,-0.01,-1,-1,-0.01,-1,-1,-0.01,-1,-1,-0.01,-1,-1,-0.01,-1,-1
99926009,2026-05-18 14:58:43+05:30,53362.25,0,0.0,0,0.0,0.0,53282.15,53619.2,52783.45,53710.35,0,0.0,0.0,0.0,0.0,-0.01,-1,-1,-0.01,-1,-1,-0.01,-1,-1,-0.01,-1,-1,-0.01,-1,-1,-0.01,-1,-1,-0.01,-1,-1,-0.01,-1,-1,-0.01,-1,-1,-0.01,-1,-1
99926009,2026-05-18 14:58:43+05:30,53361.6,0,0.0,0,0.0,0.0,53282.15,53619.2,52783.45,53710.35,0,0.0,0.0,0.0,0.0,-0.01,-1,-1,-0.01,-1,-1,-0.01,-1,-1,-0.01,-1,-1,-0.01,-1,-1,-0.01,-1,-1,-0.01,-1,-1,-0.01,-1,-1,-0.01,-1,-1,-0.01,-1,-1
99926009,2026-05-18 14:58:44+05:30,53361.3,0,0.0,0,0.0,0.0,53282.15,53619.2,52783.45,53710.35,0,0.0,0.0,0.0,0.0,-0.01,-1,-1,-0.01,-1,-1,-0.01,-1,-1,-0.01,-1,-1,-0.01,-1,-1,-0.01,-1,-1,-0.01,-1,-1,-0.01,-1,-1,-0.01,-1,-1,-0.01,-1,-1
99926009,2026-05-18 14:58:44+05:30,53360.8,0,0.0,0,0.0,0.0,53282.15,53619.2,52783.45,53710.35,0,0.0,0.0,0.0,0.0,-0.01,-1,-1,-0.01,-1,-1,-0.01,-1,-1,-0.01,-1,-1,-0.01,-1,-1,-0.01,-1,-1,-0.01,-1,-1,-0.01,-1,-1,-0.01,-1,-1,-0.01,-1,-1
99926009,2026-05-18 14:58:45+05:30,53361.8,0,0.0,0,0.0,0.0,53282.15,53619.2,52783.45,53710.35,0,0.0,0.0,0.0,0.0,-0.01,-1,-1,-0.01,-1,-1,-0.01,-1,-1,-0.01,-1,-1,-0.01,-1,-1,-0.01,-1,-1,-0.01,-1,-1,-0.01,-1,-1,-0.01,-1,-1,-0.01,-1,-1
99926009,2026-05-18 14:58:45+05:30,53363.75,0,0.0,0,0.0,0.0,53282.15,53619.2,52783.45,53710.35,0,0.0,0.0,0.0,0.0,-0.01,-1,-1,-0.01,-1,-1,-0.01,-1,-1,-0.01,-1,-1,-0.01,-1,-1,-0.01,-1,-1,-0.01,-1,-1,-0.01,-1,-1,-0.01,-1,-1,-0.01,-1,-1
99926009,2026-05-18 14:58:46+05:30,53362.05,0,0.0,0,0.0,0.0,53282.15,53619.2,52783.45,53710.35,0,0.0,0.0,0.0,0.0,-0.01,-1,-1,-0.01,-1,-1,-0.01,-1,-1,-0.01,-1,-1,-0.01,-1,-1,-0.01,-1,-1,-0.01,-1,-1,-0.01,-1,-1,-0.01,-1,-1,-0.01,-1,-1
99926009,2026-05-18 14:58:46+05:30,53362.95,0,0.0,0,0.0,0.0,53282.15,53619.2,52783.45,53710.35,0,0.0,0.0,0.0,0.0,-0.01,-1,-1,-0.01,-1,-1,-0.01,-1,-1,-0.01,-1,-1,-0.01,-1,-1,-0.01,-1,-1,-0.01,-1,-1,-0.01,-1,-1,-0.01,-1,-1,-0.01,-1,-1
99926009,2026-05-18 14:58:47+05:30,53364.75,0,0.0,0,0.0,0.0,53282.15,53619.2,52783.45,53710.35,0,0.0,0.0,0.0,0.0,-0.01,-1,-1,-0.01,-1,-1,-0.01,-1,-1,-0.01,-1,-1,-0.01,-1,-1,-0.01,-1,-1,-0.01,-1,-1,-0.01,-1,-1,-0.01,-1,-1,-0.01,-1,-1
99926009,2026-05-18 14:58:47+05:30,53362.45,0,0.0,0,0.0,0.0,53282.15,53619.2,52783.45,53710.35,0,0.0,0.0,0.0,0.0,-0.01,-1,-1,-0.01,-1,-1,-0.01,-1,-1,-0.01,-1,-1,-0.01,-1,-1,-0.01,-1,-1,-0.01,-1,-1,-0.01,-1,-1,-0.01,-1,-1,-0.01,-1,-1
99926009,2026-05-18 14:58:48+05:30,53364.45,0,0.0,0,0.0,0.0,53282.15,53619.2,52783.45,53710.35,0,0.0,0.0,0.0,0.0,-0.01,-1,-1,-0.01,-1,-1,-0.01,-1,-1,-0.01,-1,-1,-0.01,-1,-1,-0.01,-1,-1,-0.01,-1,-1,-0.01,-1,-1,-0.01,-1,-1,-0.01,-1,-1
99926009,2026-05-18 14:58:48+05:30,53363.8,0,0.0,0,0.0,0.0,53282.15,53619.2,52783.45,53710.35,0,0.0,0.0,0.0,0.0,-0.01,-1,-1,-0.01,-1,-1,-0.01,-1,-1,-0.01,-1,-1,-0.01,-1,-1,-0.01,-1,-1,-0.01,-1,-1,-0.01,-1,-1,-0.01,-1,-1,-0.01,-1,-1
99926009,2026-05-18 14:58:49+05:30,53362.6,0,0.0,0,0.0,0.0,53282.15,53619.2,52783.45,53710.35,0,0.0,0.0,0.0,0.0,-0.01,-1,-1,-0.01,-1,-1,-0.01,-1,-1,-0.01,-1,-1,-0.01,-1,-1,-0.01,-1,-1,-0.01,-1,-1,-0.01,-1,-1,-0.01,-1,-1,-0.01,-1,-1
99926009,2026-05-18 14:58:49+05:30,53368.1,0,0.0,0,0.0,0.0,53282.15,53619.2,52783.45,53710.35,0,0.0,0.0,0.0,0.0,-0.01,-1,-1,-0.01,-1,-1,-0.01,-1,-1,-0.01,-1,-1,-0.01,-1,-1,-0.01,-1,-1,-0.01,-1,-1,-0.01,-1,-1,-0.01,-1,-1,-0.01,-1,-1
99926009,2026-05-18 14:58:50+05:30,53366.7,0,0.0,0,0.0,0.0,53282.15,53619.2,52783.45,53710.35,0,0.0,0.0,0.0,0.0,-0.01,-1,-1,-0.01,-1,-1,-0.01,-1,-1,-0.01,-1,-1,-0.01,-1,-1,-0.01,-1,-1,-0.01,-1,-1,-0.01,-1,-1,-0.01,-1,-1,-0.01,-1,-1
99926009,2026-05-18 14:58:50+05:30,53367.1,0,0.0,0,0.0,0.0,53282.15,53619.2,52783.45,53710.35,0,0.0,0.0,0.0,0.0,-0.01,-1,-1,-0.01,-1,-1,-0.01,-1,-1,-0.01,-1,-1,-0.01,-1,-1,-0.01,-1,-1,-0.01,-1,-1,-0.01,-1,-1,-0.01,-1,-1,-0.01,-1,-1
99926009,2026-05-18 14:58:51+05:30,53365.8,0,0.0,0,0.0,0.0,53282.15,53619.2,52783.45,53710.35,0,0.0,0.0,0.0,0.0,-0.01,-1,-1,-0.01,-1,-1,-0.01,-1,-1,-0.01,-1,-1,-0.01,-1,-1,-0.01,-1,-1,-0.01,-1,-1,-0.01,-1,-1,-0.01,-1,-1,-0.01,-1,-1
99926009,2026-05-18 14:58:51+05:30,53367.05,0,0.0,0,0.0,0.0,53282.15,53619.2,52783.45,53710.35,0,0.0,0.0,0.0,0.0,-0.01,-1,-1,-0.01,-1,-1,-0.01,-1,-1,-0.01,-1,-1,-0.01,-1,-1,-0.01,-1,-1,-0.01,-1,-1,-0.01,-1,-1,-0.01,-1,-1,-0.01,-1,-1
99926009,2026-05-18 14:58:52+05:30,53368.45,0,0.0,0,0.0,0.0,53282.15,53619.2,52783.45,53710.35,0,0.0,0.0,0.0,0.0,-0.01,-1,-1,-0.01,-1,-1,-0.01,-1,-1,-0.01,-1,-1,-0.01,-1,-1,-0.01,-1,-1,-0.01,-1,-1,-0.01,-1,-1,-0.01,-1,-1,-0.01,-1,-1
99926009,2026-05-18 14:58:52+05:30,53366.7,0,0.0,0,0.0,0.0,53282.15,53619.2,52783.45,53710.35,0,0.0,0.0,0.0,0.0,-0.01,-1,-1,-0.01,-1,-1,-0.01,-1,-1,-0.01,-1,-1,-0.01,-1,-1,-0.01,-1,-1,-0.01,-1,-1,-0.01,-1,-1,-0.01,-1,-1,-0.01,-1,-1
99926009,2026-05-18 14:58:53+05:30,53368.3,0,0.0,0,0.0,0.0,53282.15,53619.2,52783.45,53710.35,0,0.0,0.0,0.0,0.0,-0.01,-1,-1,-0.01,-1,-1,-0.01,-1,-1,-0.01,-1,-1,-0.01,-1,-1,-0.01,-1,-1,-0.01,-1,-1,-0.01,-1,-1,-0.01,-1,-1,-0.01,-1,-1
99926009,2026-05-18 14:58:53+05:30,53370.95,0,0.0,0,0.0,0.0,53282.15,53619.2,52783.45,53710.35,0,0.0,0.0,0.0,0.0,-0.01,-1,-1,-0.01,-1,-1,-0.01,-1,-1,-0.01,-1,-1,-0.01,-1,-1,-0.01,-1,-1,-0.01,-1,-1,-0.01,-1,-1,-0.01,-1,-1,-0.01,-1,-1
99926009,2026-05-18 14:58:54+05:30,53372.5,0,0.0,0,0.0,0.0,53282.15,53619.2,52783.45,53710.35,0,0.0,0.0,0.0,0.0,-0.01,-1,-1,-0.01,-1,-1,-0.01,-1,-1,-0.01,-1,-1,-0.01,-1,-1,-0.01,-1,-1,-0.01,-1,-1,-0.01,-1,-1,-0.01,-1,-1,-0.01,-1,-1
99926009,2026-05-18 14:58:54+05:30,53369.95,0,0.0,0,0.0,0.0,53282.15,53619.2,52783.45,53710.35,0,0.0,0.0,0.0,0.0,-0.01,-1,-1,-0.01,-1,-1,-0.01,-1,-1,-0.01,-1,-1,-0.01,-1,-1,-0.01,-1,-1,-0.01,-1,-1,-0.01,-1,-1,-0.01,-1,-1,-0.01,-1,-1
99926009,2026-05-18 14:58:55+05:30,53367.05,0,0.0,0,0.0,0.0,53282.15,53619.2,52783.45,53710.35,0,0.0,0.0,0.0,0.0,-0.01,-1,-1,-0.01,-1,-1,-0.01,-1,-1,-0.01,-1,-1,-0.01,-1,-1,-0.01,-1,-1,-0.01,-1,-1,-0.01,-1,-1,-0.01,-1,-1,-0.01,-1,-1
99926009,2026-05-18 14:58:55+05:30,53371.4,0,0.0,0,0.0,0.0,53282.15,53619.2,52783.45,53710.35,0,0.0,0.0,0.0,0.0,-0.01,-1,-1,-0.01,-1,-1,-0.01,-1,-1,-0.01,-1,-1,-0.01,-1,-1,-0.01,-1,-1,-0.01,-1,-1,-0.01,-1,-1,-0.01,-1,-1,-0.01,-1,-1
99926009,2026-05-18 14:58:56+05:30,53372.35,0,0.0,0,0.0,0.0,53282.15,53619.2,52783.45,53710.35,0,0.0,0.0,0.0,0.0,-0.01,-1,-1,-0.01,-1,-1,-0.01,-1,-1,-0.01,-1,-1,-0.01,-1,-1,-0.01,-1,-1,-0.01,-1,-1,-0.01,-1,-1,-0.01,-1,-1,-0.01,-1,-1
99926009,2026-05-18 14:58:56+05:30,53369.8,0,0.0,0,0.0,0.0,53282.15,53619.2,52783.45,53710.35,0,0.0,0.0,0.0,0.0,-0.01,-1,-1,-0.01,-1,-1,-0.01,-1,-1,-0.01,-1,-1,-0.01,-1,-1,-0.01,-1,-1,-0.01,-1,-1,-0.01,-1,-1,-0.01,-1,-1,-0.01,-1,-1
99926009,2026-05-18 14:58:57+05:30,53374.6,0,0.0,0,0.0,0.0,53282.15,53619.2,52783.45,53710.35,0,0.0,0.0,0.0,0.0,-0.01,-1,-1,-0.01,-1,-1,-0.01,-1,-1,-0.01,-1,-1,-0.01,-1,-1,-0.01,-1,-1,-0.01,-1,-1,-0.01,-1,-1,-0.01,-1,-1,-0.01,-1,-1
99926009,2026-05-18 14:58:57+05:30,53373.15,0,0.0,0,0.0,0.0,53282.15,53619.2,52783.45,53710.35,0,0.0,0.0,0.0,0.0,-0.01,-1,-1,-0.01,-1,-1,-0.01,-1,-1,-0.01,-1,-1,-0.01,-1,-1,-0.01,-1,-1,-0.01,-1,-1,-0.01,-1,-1,-0.01,-1,-1,-0.01,-1,-1
99926009,2026-05-18 14:58:58+05:30,53372.9,0,0.0,0,0.0,0.0,53282.15,53619.2,52783.45,53710.35,0,0.0,0.0,0.0,0.0,-0.01,-1,-1,-0.01,-1,-1,-0.01,-1,-1,-0.01,-1,-1,-0.01,-1,-1,-0.01,-1,-1,-0.01,-1,-1,-0.01,-1,-1,-0.01,-1,-1,-0.01,-1,-1
99926009,2026-05-18 14:58:58+05:30,53367.4,0,0.0,0,0.0,0.0,53282.15,53619.2,52783.45,53710.35,0,0.0,0.0,0.0,0.0,-0.01,-1,-1,-0.01,-1,-1,-0.01,-1,-1,-0.01,-1,-1,-0.01,-1,-1,-0.01,-1,-1,-0.01,-1,-1,-0.01,-1,-1,-0.01,-1,-1,-0.01,-1,-1
99926009,2026-05-18 14:58:59+05:30,53368.15,0,0.0,0,0.0,0.0,53282.15,53619.2,52783.45,53710.35,0,0.0,0.0,0.0,0.0,-0.01,-1,-1,-0.01,-1,-1,-0.01,-1,-1,-0.01,-1,-1,-0.01,-1,-1,-0.01,-1,-1,-0.01,-1,-1,-0.01,-1,-1,-0.01,-1,-1,-0.01,-1,-1
99926009,2026-05-18 14:58:59+05:30,53369.75,0,0.0,0,0.0,0.0,53282.15,53619.2,52783.45,53710.35,0,0.0,0.0,0.0,0.0,-0.01,-1,-1,-0.01,-1,-1,-0.01,-1,-1,-0.01,-1,-1,-0.01,-1,-1,-0.01,-1,-1,-0.01,-1,-1,-0.01,-1,-1,-0.01,-1,-1,-0.01,-1,-1
99926009,2026-05-18 14:59:00+05:30,53374.55,0,0.0,0,0.0,0.0,53282.15,53619.2,52783.45,53710.35,0,0.0,0.0,0.0,0.0,-0.01,-1,-1,-0.01,-1,-1,-0.01,-1,-1,-0.01,-1,-1,-0.01,-1,-1,-0.01,-1,-1,-0.01,-1,-1,-0.01,-1,-1,-0.01,-1,-1,-0.01,-1,-1
99926009,2026-05-18 14:59:00+05:30,53375.7,0,0.0,0,0.0,0.0,53282.15,53619.2,52783.45,53710.35,0,0.0,0.0,0.0,0.0,-0.01,-1,-1,-0.01,-1,-1,-0.01,-1,-1,-0.01,-1,-1,-0.01,-1,-1,-0.01,-1,-1,-0.01,-1,-1,-0.01,-1,-1,-0.01,-1,-1,-0.01,-1,-1
99926009,2026-05-18 14:59:01+05:30,53375.5,0,0.0,0,0.0,0.0,53282.15,53619.2,52783.45,53710.35,0,0.0,0.0,0.0,0.0,-0.01,-1,-1,-0.01,-1,-1,-0.01,-1,-1,-0.01,-1,-1,-0.01,-1,-1,-0.01,-1,-1,-0.01,-1,-1,-0.01,-1,-1,-0.01,-1,-1,-0.01,-1,-1
99926009,2026-05-18 14:59:01+05:30,53374.05,0,0.0,0,0.0,0.0,53282.15,53619.2,52783.45,53710.35,0,0.0,0.0,0.0,0.0,-0.01,-1,-1,-0.01,-1,-1,-0.01,-1,-1,-0.01,-1,-1,-0.01,-1,-1,-0.01,-1,-1,-0.01,-1,-1,-0.01,-1,-1,-0.01,-1,-1,-0.01,-1,-1
99926009,2026-05-18 14:59:02+05:30,53375.55,0,0.0,0,0.0,0.0,53282.15,53619.2,52783.45,53710.35,0,0.0,0.0,0.0,0.0,-0.01,-1,-1,-0.01,-1,-1,-0.01,-1,-1,-0.01,-1,-1,-0.01,-1,-1,-0.01,-1,-1,-0.01,-1,-1,-0.01,-1,-1,-0.01,-1,-1,-0.01,-1,-1
99926009,2026-05-18 14:59:02+05:30,53374.95,0,0.0,0,0.0,0.0,53282.15,53619.2,52783.45,53710.35,0,0.0,0.0,0.0,0.0,-0.01,-1,-1,-0.01,-1,-1,-0.01,-1,-1,-0.01,-1,-1,-0.01,-1,-1,-0.01,-1,-1,-0.01,-1,-1,-0.01,-1,-1,-0.01,-1,-1,-0.01,-1,-1
99926009,2026-05-18 14:59:03+05:30,53374.55,0,0.0,0,0.0,0.0,53282.15,53619.2,52783.45,53710.35,0,0.0,0.0,0.0,0.0,-0.01,-1,-1,-0.01,-1,-1,-0.01,-1,-1,-0.01,-1,-1,-0.01,-1,-1,-0.01,-1,-1,-0.01,-1,-1,-0.01,-1,-1,-0.01,-1,-1,-0.01,-1,-1
99926009,2026-05-18 14:59:03+05:30,53375.75,0,0.0,0,0.0,0.0,53282.15,53619.2,52783.45,53710.35,0,0.0,0.0,0.0,0.0,-0.01,-1,-1,-0.01,-1,-1,-0.01,-1,-1,-0.01,-1,-1,-0.01,-1,-1,-0.01,-1,-1,-0.01,-1,-1,-0.01,-1,-1,-0.01,-1,-1,-0.01,-1,-1
99926009,2026-05-18 14:59:04+05:30,53376.7,0,0.0,0,0.0,0.0,53282.15,53619.2,52783.45,53710.35,0,0.0,0.0,0.0,0.0,-0.01,-1,-1,-0.01,-1,-1,-0.01,-1,-1,-0.01,-1,-1,-0.01,-1,-1,-0.01,-1,-1,-0.01,-1,-1,-0.01,-1,-1,-0.01,-1,-1,-0.01,-1,-1
99926009,2026-05-18 14:59:04+05:30,53375.1,0,0.0,0,0.0,0.0,53282.15,53619.2,52783.45,53710.35,0,0.0,0.0,0.0,0.0,-0.01,-1,-1,-0.01,-1,-1,-0.01,-1,-1,-0.01,-1,-1,-0.01,-1,-1,-0.01,-1,-1,-0.01,-1,-1,-0.01,-1,-1,-0.01,-1,-1,-0.01,-1,-1
99926009,2026-05-18 14:59:05+05:30,53377.8,0,0.0,0,0.0,0.0,53282.15,53619.2,52783.45,53710.35,0,0.0,0.0,0.0,0.0,-0.01,-1,-1,-0.01,-1,-1,-0.01,-1,-1,-0.01,-1,-1,-0.01,-1,-1,-0.01,-1,-1,-0.01,-1,-1,-0.01,-1,-1,-0.01,-1,-1,-0.01,-1,-1
99926009,2026-05-18 14:59:05+05:30,53375.0,0,0.0,0,0.0,0.0,53282.15,53619.2,52783.45,53710.35,0,0.0,0.0,0.0,0.0,-0.01,-1,-1,-0.01,-1,-1,-0.01,-1,-1,-0.01,-1,-1,-0.01,-1,-1,-0.01,-1,-1,-0.01,-1,-1,-0.01,-1,-1,-0.01,-1,-1,-0.01,-1,-1
99926009,2026-05-18 14:59:06+05:30,53372.3,0,0.0,0,0.0,0.0,53282.15,53619.2,52783.45,53710.35,0,0.0,0.0,0.0,0.0,-0.01,-1,-1,-0.01,-1,-1,-0.01,-1,-1,-0.01,-1,-1,-0.01,-1,-1,-0.01,-1,-1,-0.01,-1,-1,-0.01,-1,-1,-0.01,-1,-1,-0.01,-1,-1
99926009,2026-05-18 14:59:06+05:30,53379.05,0,0.0,0,0.0,0.0,53282.15,53619.2,52783.45,53710.35,0,0.0,0.0,0.0,0.0,-0.01,-1,-1,-0.01,-1,-1,-0.01,-1,-1,-0.01,-1,-1,-0.01,-1,-1,-0.01,-1,-1,-0.01,-1,-1,-0.01,-1,-1,-0.01,-1,-1,-0.01,-1,-1
99926009,2026-05-18 14:59:07+05:30,53375.4,0,0.0,0,0.0,0.0,53282.15,53619.2,52783.45,53710.35,0,0.0,0.0,0.0,0.0,-0.01,-1,-1,-0.01,-1,-1,-0.01,-1,-1,-0.01,-1,-1,-0.01,-1,-1,-0.01,-1,-1,-0.01,-1,-1,-0.01,-1,-1,-0.01,-1,-1,-0.01,-1,-1
99926009,2026-05-18 14:59:07+05:30,53376.6,0,0.0,0,0.0,0.0,53282.15,53619.2,52783.45,53710.35,0,0.0,0.0,0.0,0.0,-0.01,-1,-1,-0.01,-1,-1,-0.01,-1,-1,-0.01,-1,-1,-0.01,-1,-1,-0.01,-1,-1,-0.01,-1,-1,-0.01,-1,-1,-0.01,-1,-1,-0.01,-1,-1
99926009,2026-05-18 14:59:08+05:30,53373.95,0,0.0,0,0.0,0.0,53282.15,53619.2,52783.45,53710.35,0,0.0,0.0,0.0,0.0,-0.01,-1,-1,-0.01,-1,-1,-0.01,-1,-1,-0.01,-1,-1,-0.01,-1,-1,-0.01,-1,-1,-0.01,-1,-1,-0.01,-1,-1,-0.01,-1,-1,-0.01,-1,-1
99926009,2026-05-18 14:59:08+05:30,53376.6,0,0.0,0,0.0,0.0,53282.15,53619.2,52783.45,53710.35,0,0.0,0.0,0.0,0.0,-0.01,-1,-1,-0.01,-1,-1,-0.01,-1,-1,-0.01,-1,-1,-0.01,-1,-1,-0.01,-1,-1,-0.01,-1,-1,-0.01,-1,-1,-0.01,-1,-1,-0.01,-1,-1
99926009,2026-05-18 14:59:09+05:30,53383.45,0,0.0,0,0.0,0.0,53282.15,53619.2,52783.45,53710.35,0,0.0,0.0,0.0,0.0,-0.01,-1,-1,-0.01,-1,-1,-0.01,-1,-1,-0.01,-1,-1,-0.01,-1,-1,-0.01,-1,-1,-0.01,-1,-1,-0.01,-1,-1,-0.01,-1,-1,-0.01,-1,-1
99926009,2026-05-18 14:59:09+05:30,53383.3,0,0.0,0,0.0,0.0,53282.15,53619.2,52783.45,53710.35,0,0.0,0.0,0.0,0.0,-0.01,-1,-1,-0.01,-1,-1,-0.01,-1,-1,-0.01,-1,-1,-0.01,-1,-1,-0.01,-1,-1,-0.01,-1,-1,-0.01,-1,-1,-0.01,-1,-1,-0.01,-1,-1
99926009,2026-05-18 14:59:10+05:30,53382.75,0,0.0,0,0.0,0.0,53282.15,53619.2,52783.45,53710.35,0,0.0,0.0,0.0,0.0,-0.01,-1,-1,-0.01,-1,-1,-0.01,-1,-1,-0.01,-1,-1,-0.01,-1,-1,-0.01,-1,-1,-0.01,-1,-1,-0.01,-1,-1,-0.01,-1,-1,-0.01,-1,-1
99926009,2026-05-18 14:59:10+05:30,53382.15,0,0.0,0,0.0,0.0,53282.15,53619.2,52783.45,53710.35,0,0.0,0.0,0.0,0.0,-0.01,-1,-1,-0.01,-1,-1,-0.01,-1,-1,-0.01,-1,-1,-0.01,-1,-1,-0.01,-1,-1,-0.01,-1,-1,-0.01,-1,-1,-0.01,-1,-1,-0.01,-1,-1
99926009,2026-05-18 14:59:11+05:30,53384.65,0,0.0,0,0.0,0.0,53282.15,53619.2,52783.45,53710.35,0,0.0,0.0,0.0,0.0,-0.01,-1,-1,-0.01,-1,-1,-0.01,-1,-1,-0.01,-1,-1,-0.01,-1,-1,-0.01,-1,-1,-0.01,-1,-1,-0.01,-1,-1,-0.01,-1,-1,-0.01,-1,-1
99926009,2026-05-18 14:59:11+05:30,53385.1,0,0.0,0,0.0,0.0,53282.15,53619.2,52783.45,53710.35,0,0.0,0.0,0.0,0.0,-0.01,-1,-1,-0.01,-1,-1,-0.01,-1,-1,-0.01,-1,-1,-0.01,-1,-1,-0.01,-1,-1,-0.01,-1,-1,-0.01,-1,-1,-0.01,-1,-1,-0.01,-1,-1
99926009,2026-05-18 14:59:12+05:30,53386.25,0,0.0,0,0.0,0.0,53282.15,53619.2,52783.45,53710.35,0,0.0,0.0,0.0,0.0,-0.01,-1,-1,-0.01,-1,-1,-0.01,-1,-1,-0.01,-1,-1,-0.01,-1,-1,-0.01,-1,-1,-0.01,-1,-1,-0.01,-1,-1,-0.01,-1,-1,-0.01,-1,-1
99926009,2026-05-18 14:59:12+05:30,53382.75,0,0.0,0,0.0,0.0,53282.15,53619.2,52783.45,53710.35,0,0.0,0.0,0.0,0.0,-0.01,-1,-1,-0.01,-1,-1,-0.01,-1,-1,-0.01,-1,-1,-0.01,-1,-1,-0.01,-1,-1,-0.01,-1,-1,-0.01,-1,-1,-0.01,-1,-1,-0.01,-1,-1
99926009,2026-05-18 14:59:13+05:30,53385.4,0,0.0,0,0.0,0.0,53282.15,53619.2,52783.45,53710.35,0,0.0,0.0,0.0,0.0,-0.01,-1,-1,-0.01,-1,-1,-0.01,-1,-1,-0.01,-1,-1,-0.01,-1,-1,-0.01,-1,-1,-0.01,-1,-1,-0.01,-1,-1,-0.01,-1,-1,-0.01,-1,-1
99926009,2026-05-18 14:59:13+05:30,53385.95,0,0.0,0,0.0,0.0,53282.15,53619.2,52783.45,53710.35,0,0.0,0.0,0.0,0.0,-0.01,-1,-1,-0.01,-1,-1,-0.01,-1,-1,-0.01,-1,-1,-0.01,-1,-1,-0.01,-1,-1,-0.01,-1,-1,-0.01,-1,-1,-0.01,-1,-1,-0.01,-1,-1
99926009,2026-05-18 14:59:14+05:30,53395.2,0,0.0,0,0.0,0.0,53282.15,53619.2,52783.45,53710.35,0,0.0,0.0,0.0,0.0,-0.01,-1,-1,-0.01,-1,-1,-0.01,-1,-1,-0.01,-1,-1,-0.01,-1,-1,-0.01,-1,-1,-0.01,-1,-1,-0.01,-1,-1,-0.01,-1,-1,-0.01,-1,-1
99926009,2026-05-18 14:59:14+05:30,53396.15,0,0.0,0,0.0,0.0,53282.15,53619.2,52783.45,53710.35,0,0.0,0.0,0.0,0.0,-0.01,-1,-1,-0.01,-1,-1,-0.01,-1,-1,-0.01,-1,-1,-0.01,-1,-1,-0.01,-1,-1,-0.01,-1,-1,-0.01,-1,-1,-0.01,-1,-1,-0.01,-1,-1
99926009,2026-05-18 14:59:15+05:30,53398.15,0,0.0,0,0.0,0.0,53282.15,53619.2,52783.45,53710.35,0,0.0,0.0,0.0,0.0,-0.01,-1,-1,-0.01,-1,-1,-0.01,-1,-1,-0.01,-1,-1,-0.01,-1,-1,-0.01,-1,-1,-0.01,-1,-1,-0.01,-1,-1,-0.01,-1,-1,-0.01,-1,-1
99926009,2026-05-18 14:59:15+05:30,53396.9,0,0.0,0,0.0,0.0,53282.15,53619.2,52783.45,53710.35,0,0.0,0.0,0.0,0.0,-0.01,-1,-1,-0.01,-1,-1,-0.01,-1,-1,-0.01,-1,-1,-0.01,-1,-1,-0.01,-1,-1,-0.01,-1,-1,-0.01,-1,-1,-0.01,-1,-1,-0.01,-1,-1
99926009,2026-05-18 14:59:16+05:30,53398.1,0,0.0,0,0.0,0.0,53282.15,53619.2,52783.45,53710.35,0,0.0,0.0,0.0,0.0,-0.01,-1,-1,-0.01,-1,-1,-0.01,-1,-1,-0.01,-1,-1,-0.01,-1,-1,-0.01,-1,-1,-0.01,-1,-1,-0.01,-1,-1,-0.01,-1,-1,-0.01,-1,-1
99926009,2026-05-18 14:59:16+05:30,53395.8,0,0.0,0,0.0,0.0,53282.15,53619.2,52783.45,53710.35,0,0.0,0.0,0.0,0.0,-0.01,-1,-1,-0.01,-1,-1,-0.01,-1,-1,-0.01,-1,-1,-0.01,-1,-1,-0.01,-1,-1,-0.01,-1,-1,-0.01,-1,-1,-0.01,-1,-1,-0.01,-1,-1
99926009,2026-05-18 14:59:17+05:30,53397.9,0,0.0,0,0.0,0.0,53282.15,53619.2,52783.45,53710.35,0,0.0,0.0,0.0,0.0,-0.01,-1,-1,-0.01,-1,-1,-0.01,-1,-1,-0.01,-1,-1,-0.01,-1,-1,-0.01,-1,-1,-0.01,-1,-1,-0.01,-1,-1,-0.01,-1,-1,-0.01,-1,-1
99926009,2026-05-18 14:59:17+05:30,53402.15,0,0.0,0,0.0,0.0,53282.15,53619.2,52783.45,53710.35,0,0.0,0.0,0.0,0.0,-0.01,-1,-1,-0.01,-1,-1,-0.01,-1,-1,-0.01,-1,-1,-0.01,-1,-1,-0.01,-1,-1,-0.01,-1,-1,-0.01,-1,-1,-0.01,-1,-1,-0.01,-1,-1
99926009,2026-05-18 14:59:18+05:30,53401.95,0,0.0,0,0.0,0.0,53282.15,53619.2,52783.45,53710.35,0,0.0,0.0,0.0,0.0,-0.01,-1,-1,-0.01,-1,-1,-0.01,-1,-1,-0.01,-1,-1,-0.01,-1,-1,-0.01,-1,-1,-0.01,-1,-1,-0.01,-1,-1,-0.01,-1,-1,-0.01,-1,-1
99926009,2026-05-18 14:59:18+05:30,53403.7,0,0.0,0,0.0,0.0,53282.15,53619.2,52783.45,53710.35,0,0.0,0.0,0.0,0.0,-0.01,-1,-1,-0.01,-1,-1,-0.01,-1,-1,-0.01,-1,-1,-0.01,-1,-1,-0.01,-1,-1,-0.01,-1,-1,-0.01,-1,-1,-0.01,-1,-1,-0.01,-1,-1
99926009,2026-05-18 14:59:19+05:30,53401.65,0,0.0,0,0.0,0.0,53282.15,53619.2,52783.45,53710.35,0,0.0,0.0,0.0,0.0,-0.01,-1,-1,-0.01,-1,-1,-0.01,-1,-1,-0.01,-1,-1,-0.01,-1,-1,-0.01,-1,-1,-0.01,-1,-1,-0.01,-1,-1,-0.01,-1,-1,-0.01,-1,-1
99926009,2026-05-18 14:59:19+05:30,53406.25,0,0.0,0,0.0,0.0,53282.15,53619.2,52783.45,53710.35,0,0.0,0.0,0.0,0.0,-0.01,-1,-1,-0.01,-1,-1,-0.01,-1,-1,-0.01,-1,-1,-0.01,-1,-1,-0.01,-1,-1,-0.01,-1,-1,-0.01,-1,-1,-0.01,-1,-1,-0.01,-1,-1
99926009,2026-05-18 14:59:20+05:30,53408.0,0,0.0,0,0.0,0.0,53282.15,53619.2,52783.45,53710.35,0,0.0,0.0,0.0,0.0,-0.01,-1,-1,-0.01,-1,-1,-0.01,-1,-1,-0.01,-1,-1,-0.01,-1,-1,-0.01,-1,-1,-0.01,-1,-1,-0.01,-1,-1,-0.01,-1,-1,-0.01,-1,-1
99926009,2026-05-18 14:59:20+05:30,53405.7,0,0.0,0,0.0,0.0,53282.15,53619.2,52783.45,53710.35,0,0.0,0.0,0.0,0.0,-0.01,-1,-1,-0.01,-1,-1,-0.01,-1,-1,-0.01,-1,-1,-0.01,-1,-1,-0.01,-1,-1,-0.01,-1,-1,-0.01,-1,-1,-0.01,-1,-1,-0.01,-1,-1
99926009,2026-05-18 14:59:21+05:30,53404.95,0,0.0,0,0.0,0.0,53282.15,53619.2,52783.45,53710.35,0,0.0,0.0,0.0,0.0,-0.01,-1,-1,-0.01,-1,-1,-0.01,-1,-1,-0.01,-1,-1,-0.01,-1,-1,-0.01,-1,-1,-0.01,-1,-1,-0.01,-1,-1,-0.01,-1,-1,-0.01,-1,-1
99926009,2026-05-18 14:59:21+05:30,53405.5,0,0.0,0,0.0,0.0,53282.15,53619.2,52783.45,53710.35,0,0.0,0.0,0.0,0.0,-0.01,-1,-1,-0.01,-1,-1,-0.01,-1,-1,-0.01,-1,-1,-0.01,-1,-1,-0.01,-1,-1,-0.01,-1,-1,-0.01,-1,-1,-0.01,-1,-1,-0.01,-1,-1
99926009,2026-05-18 14:59:22+05:30,53407.2,0,0.0,0,0.0,0.0,53282.15,53619.2,52783.45,53710.35,0,0.0,0.0,0.0,0.0,-0.01,-1,-1,-0.01,-1,-1,-0.01,-1,-1,-0.01,-1,-1,-0.01,-1,-1,-0.01,-1,-1,-0.01,-1,-1,-0.01,-1,-1,-0.01,-1,-1,-0.01,-1,-1
99926009,2026-05-18 14:59:22+05:30,53401.2,0,0.0,0,0.0,0.0,53282.15,53619.2,52783.45,53710.35,0,0.0,0.0,0.0,0.0,-0.01,-1,-1,-0.01,-1,-1,-0.01,-1,-1,-0.01,-1,-1,-0.01,-1,-1,-0.01,-1,-1,-0.01,-1,-1,-0.01,-1,-1,-0.01,-1,-1,-0.01,-1,-1
99926009,2026-05-18 14:59:23+05:30,53400.7,0,0.0,0,0.0,0.0,53282.15,53619.2,52783.45,53710.35,0,0.0,0.0,0.0,0.0,-0.01,-1,-1,-0.01,-1,-1,-0.01,-1,-1,-0.01,-1,-1,-0.01,-1,-1,-0.01,-1,-1,-0.01,-1,-1,-0.01,-1,-1,-0.01,-1,-1,-0.01,-1,-1
99926009,2026-05-18 14:59:23+05:30,53399.0,0,0.0,0,0.0,0.0,53282.15,53619.2,52783.45,53710.35,0,0.0,0.0,0.0,0.0,-0.01,-1,-1,-0.01,-1,-1,-0.01,-1,-1,-0.01,-1,-1,-0.01,-1,-1,-0.01,-1,-1,-0.01,-1,-1,-0.01,-1,-1,-0.01,-1,-1,-0.01,-1,-1
99926009,2026-05-18 14:59:24+05:30,53404.5,0,0.0,0,0.0,0.0,53282.15,53619.2,52783.45,53710.35,0,0.0,0.0,0.0,0.0,-0.01,-1,-1,-0.01,-1,-1,-0.01,-1,-1,-0.01,-1,-1,-0.01,-1,-1,-0.01,-1,-1,-0.01,-1,-1,-0.01,-1,-1,-0.01,-1,-1,-0.01,-1,-1
99926009,2026-05-18 14:59:24+05:30,53398.7,0,0.0,0,0.0,0.0,53282.15,53619.2,52783.45,53710.35,0,0.0,0.0,0.0,0.0,-0.01,-1,-1,-0.01,-1,-1,-0.01,-1,-1,-0.01,-1,-1,-0.01,-1,-1,-0.01,-1,-1,-0.01,-1,-1,-0.01,-1,-1,-0.01,-1,-1,-0.01,-1,-1
99926009,2026-05-18 14:59:25+05:30,53399.6,0,0.0,0,0.0,0.0,53282.15,53619.2,52783.45,53710.35,0,0.0,0.0,0.0,0.0,-0.01,-1,-1,-0.01,-1,-1,-0.01,-1,-1,-0.01,-1,-1,-0.01,-1,-1,-0.01,-1,-1,-0.01,-1,-1,-0.01,-1,-1,-0.01,-1,-1,-0.01,-1,-1
99926009,2026-05-18 14:59:25+05:30,53398.9,0,0.0,0,0.0,0.0,53282.15,53619.2,52783.45,53710.35,0,0.0,0.0,0.0,0.0,-0.01,-1,-1,-0.01,-1,-1,-0.01,-1,-1,-0.01,-1,-1,-0.01,-1,-1,-0.01,-1,-1,-0.01,-1,-1,-0.01,-1,-1,-0.01,-1,-1,-0.01,-1,-1
99926009,2026-05-18 14:59:26+05:30,53396.5,0,0.0,0,0.0,0.0,53282.15,53619.2,52783.45,53710.35,0,0.0,0.0,0.0,0.0,-0.01,-1,-1,-0.01,-1,-1,-0.01,-1,-1,-0.01,-1,-1,-0.01,-1,-1,-0.01,-1,-1,-0.01,-1,-1,-0.01,-1,-1,-0.01,-1,-1,-0.01,-1,-1
99926009,2026-05-18 14:59:26+05:30,53400.65,0,0.0,0,0.0,0.0,53282.15,53619.2,52783.45,53710.35,0,0.0,0.0,0.0,0.0,-0.01,-1,-1,-0.01,-1,-1,-0.01,-1,-1,-0.01,-1,-1,-0.01,-1,-1,-0.01,-1,-1,-0.01,-1,-1,-0.01,-1,-1,-0.01,-1,-1,-0.01,-1,-1
99926009,2026-05-18 14:59:27+05:30,53394.95,0,0.0,0,0.0,0.0,53282.15,53619.2,52783.45,53710.35,0,0.0,0.0,0.0,0.0,-0.01,-1,-1,-0.01,-1,-1,-0.01,-1,-1,-0.01,-1,-1,-0.01,-1,-1,-0.01,-1,-1,-0.01,-1,-1,-0.01,-1,-1,-0.01,-1,-1,-0.01,-1,-1
99926009,2026-05-18 14:59:27+05:30,53396.85,0,0.0,0,0.0,0.0,53282.15,53619.2,52783.45,53710.35,0,0.0,0.0,0.0,0.0,-0.01,-1,-1,-0.01,-1,-1,-0.01,-1,-1,-0.01,-1,-1,-0.01,-1,-1,-0.01,-1,-1,-0.01,-1,-1,-0.01,-1,-1,-0.01,-1,-1,-0.01,-1,-1
99926009,2026-05-18 14:59:28+05:30,53397.8,0,0.0,0,0.0,0.0,53282.15,53619.2,52783.45,53710.35,0,0.0,0.0,0.0,0.0,-0.01,-1,-1,-0.01,-1,-1,-0.01,-1,-1,-0.01,-1,-1,-0.01,-1,-1,-0.01,-1,-1,-0.01,-1,-1,-0.01,-1,-1,-0.01,-1,-1,-0.01,-1,-1
99926009,2026-05-18 14:59:28+05:30,53398.7,0,0.0,0,0.0,0.0,53282.15,53619.2,52783.45,53710.35,0,0.0,0.0,0.0,0.0,-0.01,-1,-1,-0.01,-1,-1,-0.01,-1,-1,-0.01,-1,-1,-0.01,-1,-1,-0.01,-1,-1,-0.01,-1,-1,-0.01,-1,-1,-0.01,-1,-1,-0.01,-1,-1
99926009,2026-05-18 14:59:29+05:30,53391.2,0,0.0,0,0.0,0.0,53282.15,53619.2,52783.45,53710.35,0,0.0,0.0,0.0,0.0,-0.01,-1,-1,-0.01,-1,-1,-0.01,-1,-1,-0.01,-1,-1,-0.01,-1,-1,-0.01,-1,-1,-0.01,-1,-1,-0.01,-1,-1,-0.01,-1,-1,-0.01,-1,-1
99926009,2026-05-18 14:59:29+05:30,53391.45,0,0.0,0,0.0,0.0,53282.15,53619.2,52783.45,53710.35,0,0.0,0.0,0.0,0.0,-0.01,-1,-1,-0.01,-1,-1,-0.01,-1,-1,-0.01,-1,-1,-0.01,-1,-1,-0.01,-1,-1,-0.01,-1,-1,-0.01,-1,-1,-0.01,-1,-1,-0.01,-1,-1
99926009,2026-05-18 14:59:30+05:30,53390.8,0,0.0,0,0.0,0.0,53282.15,53619.2,52783.45,53710.35,0,0.0,0.0,0.0,0.0,-0.01,-1,-1,-0.01,-1,-1,-0.01,-1,-1,-0.01,-1,-1,-0.01,-1,-1,-0.01,-1,-1,-0.01,-1,-1,-0.01,-1,-1,-0.01,-1,-1,-0.01,-1,-1
99926009,2026-05-18 14:59:30+05:30,53392.35,0,0.0,0,0.0,0.0,53282.15,53619.2,52783.45,53710.35,0,0.0,0.0,0.0,0.0,-0.01,-1,-1,-0.01,-1,-1,-0.01,-1,-1,-0.01,-1,-1,-0.01,-1,-1,-0.01,-1,-1,-0.01,-1,-1,-0.01,-1,-1,-0.01,-1,-1,-0.01,-1,-1
99926009,2026-05-18 14:59:31+05:30,53391.15,0,0.0,0,0.0,0.0,53282.15,53619.2,52783.45,53710.35,0,0.0,0.0,0.0,0.0,-0.01,-1,-1,-0.01,-1,-1,-0.01,-1,-1,-0.01,-1,-1,-0.01,-1,-1,-0.01,-1,-1,-0.01,-1,-1,-0.01,-1,-1,-0.01,-1,-1,-0.01,-1,-1
99926009,2026-05-18 14:59:31+05:30,53392.05,0,0.0,0,0.0,0.0,53282.15,53619.2,52783.45,53710.35,0,0.0,0.0,0.0,0.0,-0.01,-1,-1,-0.01,-1,-1,-0.01,-1,-1,-0.01,-1,-1,-0.01,-1,-1,-0.01,-1,-1,-0.01,-1,-1,-0.01,-1,-1,-0.01,-1,-1,-0.01,-1,-1
99926009,2026-05-18 14:59:32+05:30,53387.85,0,0.0,0,0.0,0.0,53282.15,53619.2,52783.45,53710.35,0,0.0,0.0,0.0,0.0,-0.01,-1,-1,-0.01,-1,-1,-0.01,-1,-1,-0.01,-1,-1,-0.01,-1,-1,-0.01,-1,-1,-0.01,-1,-1,-0.01,-1,-1,-0.01,-1,-1,-0.01,-1,-1
99926009,2026-05-18 14:59:32+05:30,53386.8,0,0.0,0,0.0,0.0,53282.15,53619.2,52783.45,53710.35,0,0.0,0.0,0.0,0.0,-0.01,-1,-1,-0.01,-1,-1,-0.01,-1,-1,-0.01,-1,-1,-0.01,-1,-1,-0.01,-1,-1,-0.01,-1,-1,-0.01,-1,-1,-0.01,-1,-1,-0.01,-1,-1
99926009,2026-05-18 14:59:33+05:30,53387.05,0,0.0,0,0.0,0.0,53282.15,53619.2,52783.45,53710.35,0,0.0,0.0,0.0,0.0,-0.01,-1,-1,-0.01,-1,-1,-0.01,-1,-1,-0.01,-1,-1,-0.01,-1,-1,-0.01,-1,-1,-0.01,-1,-1,-0.01,-1,-1,-0.01,-1,-1,-0.01,-1,-1
99926009,2026-05-18 14:59:33+05:30,53386.05,0,0.0,0,0.0,0.0,53282.15,53619.2,52783.45,53710.35,0,0.0,0.0,0.0,0.0,-0.01,-1,-1,-0.01,-1,-1,-0.01,-1,-1,-0.01,-1,-1,-0.01,-1,-1,-0.01,-1,-1,-0.01,-1,-1,-0.01,-1,-1,-0.01,-1,-1,-0.01,-1,-1
99926009,2026-05-18 14:59:34+05:30,53383.8,0,0.0,0,0.0,0.0,53282.15,53619.2,52783.45,53710.35,0,0.0,0.0,0.0,0.0,-0.01,-1,-1,-0.01,-1,-1,-0.01,-1,-1,-0.01,-1,-1,-0.01,-1,-1,-0.01,-1,-1,-0.01,-1,-1,-0.01,-1,-1,-0.01,-1,-1,-0.01,-1,-1
99926009,2026-05-18 14:59:34+05:30,53381.1,0,0.0,0,0.0,0.0,53282.15,53619.2,52783.45,53710.35,0,0.0,0.0,0.0,0.0,-0.01,-1,-1,-0.01,-1,-1,-0.01,-1,-1,-0.01,-1,-1,-0.01,-1,-1,-0.01,-1,-1,-0.01,-1,-1,-0.01,-1,-1,-0.01,-1,-1,-0.01,-1,-1
99926009,2026-05-18 14:59:35+05:30,53379.4,0,0.0,0,0.0,0.0,53282.15,53619.2,52783.45,53710.35,0,0.0,0.0,0.0,0.0,-0.01,-1,-1,-0.01,-1,-1,-0.01,-1,-1,-0.01,-1,-1,-0.01,-1,-1,-0.01,-1,-1,-0.01,-1,-1,-0.01,-1,-1,-0.01,-1,-1,-0.01,-1,-1
99926009,2026-05-18 14:59:35+05:30,53379.85,0,0.0,0,0.0,0.0,53282.15,53619.2,52783.45,53710.35,0,0.0,0.0,0.0,0.0,-0.01,-1,-1,-0.01,-1,-1,-0.01,-1,-1,-0.01,-1,-1,-0.01,-1,-1,-0.01,-1,-1,-0.01,-1,-1,-0.01,-1,-1,-0.01,-1,-1,-0.01,-1,-1
99926009,2026-05-18 14:59:36+05:30,53380.45,0,0.0,0,0.0,0.0,53282.15,53619.2,52783.45,53710.35,0,0.0,0.0,0.0,0.0,-0.01,-1,-1,-0.01,-1,-1,-0.01,-1,-1,-0.01,-1,-1,-0.01,-1,-1,-0.01,-1,-1,-0.01,-1,-1,-0.01,-1,-1,-0.01,-1,-1,-0.01,-1,-1
99926009,2026-05-18 14:59:36+05:30,53380.65,0,0.0,0,0.0,0.0,53282.15,53619.2,52783.45,53710.35,0,0.0,0.0,0.0,0.0,-0.01,-1,-1,-0.01,-1,-1,-0.01,-1,-1,-0.01,-1,-1,-0.01,-1,-1,-0.01,-1,-1,-0.01,-1,-1,-0.01,-1,-1,-0.01,-1,-1,-0.01,-1,-1
99926009,2026-05-18 14:59:37+05:30,53379.4,0,0.0,0,0.0,0.0,53282.15,53619.2,52783.45,53710.35,0,0.0,0.0,0.0,0.0,-0.01,-1,-1,-0.01,-1,-1,-0.01,-1,-1,-0.01,-1,-1,-0.01,-1,-1,-0.01,-1,-1,-0.01,-1,-1,-0.01,-1,-1,-0.01,-1,-1,-0.01,-1,-1
99926009,2026-05-18 14:59:37+05:30,53379.9,0,0.0,0,0.0,0.0,53282.15,53619.2,52783.45,53710.35,0,0.0,0.0,0.0,0.0,-0.01,-1,-1,-0.01,-1,-1,-0.01,-1,-1,-0.01,-1,-1,-0.01,-1,-1,-0.01,-1,-1,-0.01,-1,-1,-0.01,-1,-1,-0.01,-1,-1,-0.01,-1,-1
99926009,2026-05-18 14:59:38+05:30,53370.15,0,0.0,0,0.0,0.0,53282.15,53619.2,52783.45,53710.35,0,0.0,0.0,0.0,0.0,-0.01,-1,-1,-0.01,-1,-1,-0.01,-1,-1,-0.01,-1,-1,-0.01,-1,-1,-0.01,-1,-1,-0.01,-1,-1,-0.01,-1,-1,-0.01,-1,-1,-0.01,-1,-1
99926009,2026-05-18 14:59:38+05:30,53370.05,0,0.0,0,0.0,0.0,53282.15,53619.2,52783.45,53710.35,0,0.0,0.0,0.0,0.0,-0.01,-1,-1,-0.01,-1,-1,-0.01,-1,-1,-0.01,-1,-1,-0.01,-1,-1,-0.01,-1,-1,-0.01,-1,-1,-0.01,-1,-1,-0.01,-1,-1,-0.01,-1,-1
99926009,2026-05-18 14:59:39+05:30,53363.25,0,0.0,0,0.0,0.0,53282.15,53619.2,52783.45,53710.35,0,0.0,0.0,0.0,0.0,-0.01,-1,-1,-0.01,-1,-1,-0.01,-1,-1,-0.01,-1,-1,-0.01,-1,-1,-0.01,-1,-1,-0.01,-1,-1,-0.01,-1,-1,-0.01,-1,-1,-0.01,-1,-1
99926009,2026-05-18 14:59:39+05:30,53363.95,0,0.0,0,0.0,0.0,53282.15,53619.2,52783.45,53710.35,0,0.0,0.0,0.0,0.0,-0.01,-1,-1,-0.01,-1,-1,-0.01,-1,-1,-0.01,-1,-1,-0.01,-1,-1,-0.01,-1,-1,-0.01,-1,-1,-0.01,-1,-1,-0.01,-1,-1,-0.01,-1,-1
99926009,2026-05-18 14:59:40+05:30,53367.3,0,0.0,0,0.0,0.0,53282.15,53619.2,52783.45,53710.35,0,0.0,0.0,0.0,0.0,-0.01,-1,-1,-0.01,-1,-1,-0.01,-1,-1,-0.01,-1,-1,-0.01,-1,-1,-0.01,-1,-1,-0.01,-1,-1,-0.01,-1,-1,-0.01,-1,-1,-0.01,-1,-1
99926009,2026-05-18 14:59:40+05:30,53370.35,0,0.0,0,0.0,0.0,53282.15,53619.2,52783.45,53710.35,0,0.0,0.0,0.0,0.0,-0.01,-1,-1,-0.01,-1,-1,-0.01,-1,-1,-0.01,-1,-1,-0.01,-1,-1,-0.01,-1,-1,-0.01,-1,-1,-0.01,-1,-1,-0.01,-1,-1,-0.01,-1,-1
99926009,2026-05-18 14:59:41+05:30,53366.45,0,0.0,0,0.0,0.0,53282.15,53619.2,52783.45,53710.35,0,0.0,0.0,0.0,0.0,-0.01,-1,-1,-0.01,-1,-1,-0.01,-1,-1,-0.01,-1,-1,-0.01,-1,-1,-0.01,-1,-1,-0.01,-1,-1,-0.01,-1,-1,-0.01,-1,-1,-0.01,-1,-1
99926009,2026-05-18 14:59:41+05:30,53368.25,0,0.0,0,0.0,0.0,53282.15,53619.2,52783.45,53710.35,0,0.0,0.0,0.0,0.0,-0.01,-1,-1,-0.01,-1,-1,-0.01,-1,-1,-0.01,-1,-1,-0.01,-1,-1,-0.01,-1,-1,-0.01,-1,-1,-0.01,-1,-1,-0.01,-1,-1,-0.01,-1,-1
99926009,2026-05-18 14:59:42+05:30,53372.55,0,0.0,0,0.0,0.0,53282.15,53619.2,52783.45,53710.35,0,0.0,0.0,0.0,0.0,-0.01,-1,-1,-0.01,-1,-1,-0.01,-1,-1,-0.01,-1,-1,-0.01,-1,-1,-0.01,-1,-1,-0.01,-1,-1,-0.01,-1,-1,-0.01,-1,-1,-0.01,-1,-1
99926009,2026-05-18 14:59:42+05:30,53369.25,0,0.0,0,0.0,0.0,53282.15,53619.2,52783.45,53710.35,0,0.0,0.0,0.0,0.0,-0.01,-1,-1,-0.01,-1,-1,-0.01,-1,-1,-0.01,-1,-1,-0.01,-1,-1,-0.01,-1,-1,-0.01,-1,-1,-0.01,-1,-1,-0.01,-1,-1,-0.01,-1,-1
99926009,2026-05-18 14:59:43+05:30,53369.75,0,0.0,0,0.0,0.0,53282.15,53619.2,52783.45,53710.35,0,0.0,0.0,0.0,0.0,-0.01,-1,-1,-0.01,-1,-1,-0.01,-1,-1,-0.01,-1,-1,-0.01,-1,-1,-0.01,-1,-1,-0.01,-1,-1,-0.01,-1,-1,-0.01,-1,-1,-0.01,-1,-1
99926009,2026-05-18 14:59:43+05:30,53372.35,0,0.0,0,0.0,0.0,53282.15,53619.2,52783.45,53710.35,0,0.0,0.0,0.0,0.0,-0.01,-1,-1,-0.01,-1,-1,-0.01,-1,-1,-0.01,-1,-1,-0.01,-1,-1,-0.01,-1,-1,-0.01,-1,-1,-0.01,-1,-1,-0.01,-1,-1,-0.01,-1,-1
99926009,2026-05-18 14:59:44+05:30,53372.05,0,0.0,0,0.0,0.0,53282.15,53619.2,52783.45,53710.35,0,0.0,0.0,0.0,0.0,-0.01,-1,-1,-0.01,-1,-1,-0.01,-1,-1,-0.01,-1,-1,-0.01,-1,-1,-0.01,-1,-1,-0.01,-1,-1,-0.01,-1,-1,-0.01,-1,-1,-0.01,-1,-1
99926009,2026-05-18 14:59:44+05:30,53370.2,0,0.0,0,0.0,0.0,53282.15,53619.2,52783.45,53710.35,0,0.0,0.0,0.0,0.0,-0.01,-1,-1,-0.01,-1,-1,-0.01,-1,-1,-0.01,-1,-1,-0.01,-1,-1,-0.01,-1,-1,-0.01,-1,-1,-0.01,-1,-1,-0.01,-1,-1,-0.01,-1,-1
99926009,2026-05-18 14:59:45+05:30,53372.35,0,0.0,0,0.0,0.0,53282.15,53619.2,52783.45,53710.35,0,0.0,0.0,0.0,0.0,-0.01,-1,-1,-0.01,-1,-1,-0.01,-1,-1,-0.01,-1,-1,-0.01,-1,-1,-0.01,-1,-1,-0.01,-1,-1,-0.01,-1,-1,-0.01,-1,-1,-0.01,-1,-1
99926009,2026-05-18 14:59:45+05:30,53373.75,0,0.0,0,0.0,0.0,53282.15,53619.2,52783.45,53710.35,0,0.0,0.0,0.0,0.0,-0.01,-1,-1,-0.01,-1,-1,-0.01,-1,-1,-0.01,-1,-1,-0.01,-1,-1,-0.01,-1,-1,-0.01,-1,-1,-0.01,-1,-1,-0.01,-1,-1,-0.01,-1,-1
99926009,2026-05-18 14:59:46+05:30,53371.2,0,0.0,0,0.0,0.0,53282.15,53619.2,52783.45,53710.35,0,0.0,0.0,0.0,0.0,-0.01,-1,-1,-0.01,-1,-1,-0.01,-1,-1,-0.01,-1,-1,-0.01,-1,-1,-0.01,-1,-1,-0.01,-1,-1,-0.01,-1,-1,-0.01,-1,-1,-0.01,-1,-1
99926009,2026-05-18 14:59:46+05:30,53371.1,0,0.0,0,0.0,0.0,53282.15,53619.2,52783.45,53710.35,0,0.0,0.0,0.0,0.0,-0.01,-1,-1,-0.01,-1,-1,-0.01,-1,-1,-0.01,-1,-1,-0.01,-1,-1,-0.01,-1,-1,-0.01,-1,-1,-0.01,-1,-1,-0.01,-1,-1,-0.01,-1,-1
99926009,2026-05-18 14:59:47+05:30,53373.2,0,0.0,0,0.0,0.0,53282.15,53619.2,52783.45,53710.35,0,0.0,0.0,0.0,0.0,-0.01,-1,-1,-0.01,-1,-1,-0.01,-1,-1,-0.01,-1,-1,-0.01,-1,-1,-0.01,-1,-1,-0.01,-1,-1,-0.01,-1,-1,-0.01,-1,-1,-0.01,-1,-1
99926009,2026-05-18 14:59:47+05:30,53372.45,0,0.0,0,0.0,0.0,53282.15,53619.2,52783.45,53710.35,0,0.0,0.0,0.0,0.0,-0.01,-1,-1,-0.01,-1,-1,-0.01,-1,-1,-0.01,-1,-1,-0.01,-1,-1,-0.01,-1,-1,-0.01,-1,-1,-0.01,-1,-1,-0.01,-1,-1,-0.01,-1,-1
99926009,2026-05-18 14:59:48+05:30,53371.35,0,0.0,0,0.0,0.0,53282.15,53619.2,52783.45,53710.35,0,0.0,0.0,0.0,0.0,-0.01,-1,-1,-0.01,-1,-1,-0.01,-1,-1,-0.01,-1,-1,-0.01,-1,-1,-0.01,-1,-1,-0.01,-1,-1,-0.01,-1,-1,-0.01,-1,-1,-0.01,-1,-1
99926009,2026-05-18 14:59:48+05:30,53369.95,0,0.0,0,0.0,0.0,53282.15,53619.2,52783.45,53710.35,0,0.0,0.0,0.0,0.0,-0.01,-1,-1,-0.01,-1,-1,-0.01,-1,-1,-0.01,-1,-1,-0.01,-1,-1,-0.01,-1,-1,-0.01,-1,-1,-0.01,-1,-1,-0.01,-1,-1,-0.01,-1,-1
99926009,2026-05-18 14:59:49+05:30,53370.3,0,0.0,0,0.0,0.0,53282.15,53619.2,52783.45,53710.35,0,0.0,0.0,0.0,0.0,-0.01,-1,-1,-0.01,-1,-1,-0.01,-1,-1,-0.01,-1,-1,-0.01,-1,-1,-0.01,-1,-1,-0.01,-1,-1,-0.01,-1,-1,-0.01,-1,-1,-0.01,-1,-1
99926009,2026-05-18 14:59:49+05:30,53370.85,0,0.0,0,0.0,0.0,53282.15,53619.2,52783.45,53710.35,0,0.0,0.0,0.0,0.0,-0.01,-1,-1,-0.01,-1,-1,-0.01,-1,-1,-0.01,-1,-1,-0.01,-1,-1,-0.01,-1,-1,-0.01,-1,-1,-0.01,-1,-1,-0.01,-1,-1,-0.01,-1,-1
99926009,2026-05-18 14:59:50+05:30,53372.15,0,0.0,0,0.0,0.0,53282.15,53619.2,52783.45,53710.35,0,0.0,0.0,0.0,0.0,-0.01,-1,-1,-0.01,-1,-1,-0.01,-1,-1,-0.01,-1,-1,-0.01,-1,-1,-0.01,-1,-1,-0.01,-1,-1,-0.01,-1,-1,-0.01,-1,-1,-0.01,-1,-1
99926009,2026-05-18 14:59:50+05:30,53372.15,0,0.0,0,0.0,0.0,53282.15,53619.2,52783.45,53710.35,0,0.0,0.0,0.0,0.0,-0.01,-1,-1,-0.01,-1,-1,-0.01,-1,-1,-0.01,-1,-1,-0.01,-1,-1,-0.01,-1,-1,-0.01,-1,-1,-0.01,-1,-1,-0.01,-1,-1,-0.01,-1,-1
99926009,2026-05-18 14:59:51+05:30,53371.9,0,0.0,0,0.0,0.0,53282.15,53619.2,52783.45,53710.35,0,0.0,0.0,0.0,0.0,-0.01,-1,-1,-0.01,-1,-1,-0.01,-1,-1,-0.01,-1,-1,-0.01,-1,-1,-0.01,-1,-1,-0.01,-1,-1,-0.01,-1,-1,-0.01,-1,-1,-0.01,-1,-1
99926009,2026-05-18 14:59:51+05:30,53369.1,0,0.0,0,0.0,0.0,53282.15,53619.2,52783.45,53710.35,0,0.0,0.0,0.0,0.0,-0.01,-1,-1,-0.01,-1,-1,-0.01,-1,-1,-0.01,-1,-1,-0.01,-1,-1,-0.01,-1,-1,-0.01,-1,-1,-0.01,-1,-1,-0.01,-1,-1,-0.01,-1,-1
99926009,2026-05-18 14:59:52+05:30,53372.9,0,0.0,0,0.0,0.0,53282.15,53619.2,52783.45,53710.35,0,0.0,0.0,0.0,0.0,-0.01,-1,-1,-0.01,-1,-1,-0.01,-1,-1,-0.01,-1,-1,-0.01,-1,-1,-0.01,-1,-1,-0.01,-1,-1,-0.01,-1,-1,-0.01,-1,-1,-0.01,-1,-1
99926009,2026-05-18 14:59:52+05:30,53372.1,0,0.0,0,0.0,0.0,53282.15,53619.2,52783.45,53710.35,0,0.0,0.0,0.0,0.0,-0.01,-1,-1,-0.01,-1,-1,-0.01,-1,-1,-0.01,-1,-1,-0.01,-1,-1,-0.01,-1,-1,-0.01,-1,-1,-0.01,-1,-1,-0.01,-1,-1,-0.01,-1,-1
99926009,2026-05-18 14:59:53+05:30,53379.9,0,0.0,0,0.0,0.0,53282.15,53619.2,52783.45,53710.35,0,0.0,0.0,0.0,0.0,-0.01,-1,-1,-0.01,-1,-1,-0.01,-1,-1,-0.01,-1,-1,-0.01,-1,-1,-0.01,-1,-1,-0.01,-1,-1,-0.01,-1,-1,-0.01,-1,-1,-0.01,-1,-1
99926009,2026-05-18 14:59:53+05:30,53374.5,0,0.0,0,0.0,0.0,53282.15,53619.2,52783.45,53710.35,0,0.0,0.0,0.0,0.0,-0.01,-1,-1,-0.01,-1,-1,-0.01,-1,-1,-0.01,-1,-1,-0.01,-1,-1,-0.01,-1,-1,-0.01,-1,-1,-0.01,-1,-1,-0.01,-1,-1,-0.01,-1,-1
99926009,2026-05-18 14:59:54+05:30,53377.9,0,0.0,0,0.0,0.0,53282.15,53619.2,52783.45,53710.35,0,0.0,0.0,0.0,0.0,-0.01,-1,-1,-0.01,-1,-1,-0.01,-1,-1,-0.01,-1,-1,-0.01,-1,-1,-0.01,-1,-1,-0.01,-1,-1,-0.01,-1,-1,-0.01,-1,-1,-0.01,-1,-1
99926009,2026-05-18 14:59:54+05:30,53377.25,0,0.0,0,0.0,0.0,53282.15,53619.2,52783.45,53710.35,0,0.0,0.0,0.0,0.0,-0.01,-1,-1,-0.01,-1,-1,-0.01,-1,-1,-0.01,-1,-1,-0.01,-1,-1,-0.01,-1,-1,-0.01,-1,-1,-0.01,-1,-1,-0.01,-1,-1,-0.01,-1,-1
99926009,2026-05-18 14:59:55+05:30,53376.1,0,0.0,0,0.0,0.0,53282.15,53619.2,52783.45,53710.35,0,0.0,0.0,0.0,0.0,-0.01,-1,-1,-0.01,-1,-1,-0.01,-1,-1,-0.01,-1,-1,-0.01,-1,-1,-0.01,-1,-1,-0.01,-1,-1,-0.01,-1,-1,-0.01,-1,-1,-0.01,-1,-1
99926009,2026-05-18 14:59:55+05:30,53379.45,0,0.0,0,0.0,0.0,53282.15,53619.2,52783.45,53710.35,0,0.0,0.0,0.0,0.0,-0.01,-1,-1,-0.01,-1,-1,-0.01,-1,-1,-0.01,-1,-1,-0.01,-1,-1,-0.01,-1,-1,-0.01,-1,-1,-0.01,-1,-1,-0.01,-1,-1,-0.01,-1,-1
99926009,2026-05-18 14:59:56+05:30,53380.4,0,0.0,0,0.0,0.0,53282.15,53619.2,52783.45,53710.35,0,0.0,0.0,0.0,0.0,-0.01,-1,-1,-0.01,-1,-1,-0.01,-1,-1,-0.01,-1,-1,-0.01,-1,-1,-0.01,-1,-1,-0.01,-1,-1,-0.01,-1,-1,-0.01,-1,-1,-0.01,-1,-1
99926009,2026-05-18 14:59:56+05:30,53381.65,0,0.0,0,0.0,0.0,53282.15,53619.2,52783.45,53710.35,0,0.0,0.0,0.0,0.0,-0.01,-1,-1,-0.01,-1,-1,-0.01,-1,-1,-0.01,-1,-1,-0.01,-1,-1,-0.01,-1,-1,-0.01,-1,-1,-0.01,-1,-1,-0.01,-1,-1,-0.01,-1,-1
99926009,2026-05-18 14:59:57+05:30,53380.3,0,0.0,0,0.0,0.0,53282.15,53619.2,52783.45,53710.35,0,0.0,0.0,0.0,0.0,-0.01,-1,-1,-0.01,-1,-1,-0.01,-1,-1,-0.01,-1,-1,-0.01,-1,-1,-0.01,-1,-1,-0.01,-1,-1,-0.01,-1,-1,-0.01,-1,-1,-0.01,-1,-1
99926009,2026-05-18 14:59:57+05:30,53382.65,0,0.0,0,0.0,0.0,53282.15,53619.2,52783.45,53710.35,0,0.0,0.0,0.0,0.0,-0.01,-1,-1,-0.01,-1,-1,-0.01,-1,-1,-0.01,-1,-1,-0.01,-1,-1,-0.01,-1,-1,-0.01,-1,-1,-0.01,-1,-1,-0.01,-1,-1,-0.01,-1,-1
99926009,2026-05-18 14:59:58+05:30,53380.05,0,0.0,0,0.0,0.0,53282.15,53619.2,52783.45,53710.35,0,0.0,0.0,0.0,0.0,-0.01,-1,-1,-0.01,-1,-1,-0.01,-1,-1,-0.01,-1,-1,-0.01,-1,-1,-0.01,-1,-1,-0.01,-1,-1,-0.01,-1,-1,-0.01,-1,-1,-0.01,-1,-1
99926009,2026-05-18 14:59:58+05:30,53380.05,0,0.0,0,0.0,0.0,53282.15,53619.2,52783.45,53710.35,0,0.0,0.0,0.0,0.0,-0.01,-1,-1,-0.01,-1,-1,-0.01,-1,-1,-0.01,-1,-1,-0.01,-1,-1,-0.01,-1,-1,-0.01,-1,-1,-0.01,-1,-1,-0.01,-1,-1,-0.01,-1,-1
99926009,2026-05-18 14:59:59+05:30,53382.25,0,0.0,0,0.0,0.0,53282.15,53619.2,52783.45,53710.35,0,0.0,0.0,0.0,0.0,-0.01,-1,-1,-0.01,-1,-1,-0.01,-1,-1,-0.01,-1,-1,-0.01,-1,-1,-0.01,-1,-1,-0.01,-1,-1,-0.01,-1,-1,-0.01,-1,-1,-0.01,-1,-1
99926009,2026-05-18 14:59:59+05:30,53379.45,0,0.0,0,0.0,0.0,53282.15,53619.2,52783.45,53710.35,0,0.0,0.0,0.0,0.0,-0.01,-1,-1,-0.01,-1,-1,-0.01,-1,-1,-0.01,-1,-1,-0.01,-1,-1,-0.01,-1,-1,-0.01,-1,-1,-0.01,-1,-1,-0.01,-1,-1,-0.01,-1,-1
99926009,2026-05-18 15:00:00+05:30,53378.8,0,0.0,0,0.0,0.0,53282.15,53619.2,52783.45,53710.35,0,0.0,0.0,0.0,0.0,-0.01,-1,-1,-0.01,-1,-1,-0.01,-1,-1,-0.01,-1,-1,-0.01,-1,-1,-0.01,-1,-1,-0.01,-1,-1,-0.01,-1,-1,-0.01,-1,-1,-0.01,-1,-1
99926009,2026-05-18 15:00:00+05:30,53383.2,0,0.0,0,0.0,0.0,53282.15,53619.2,52783.45,53710.35,0,0.0,0.0,0.0,0.0,-0.01,-1,-1,-0.01,-1,-1,-0.01,-1,-1,-0.01,-1,-1,-0.01,-1,-1,-0.01,-1,-1,-0.01,-1,-1,-0.01,-1,-1,-0.01,-1,-1,-0.01,-1,-1
99926009,2026-05-18 15:00:01+05:30,53383.2,0,0.0,0,0.0,0.0,53282.15,53619.2,52783.45,53710.35,0,0.0,0.0,0.0,0.0,-0.01,-1,-1,-0.01,-1,-1,-0.01,-1,-1,-0.01,-1,-1,-0.01,-1,-1,-0.01,-1,-1,-0.01,-1,-1,-0.01,-1,-1,-0.01,-1,-1,-0.01,-1,-1
99926009,2026-05-18 15:00:01+05:30,53387.6,0,0.0,0,0.0,0.0,53282.15,53619.2,52783.45,53710.35,0,0.0,0.0,0.0,0.0,-0.01,-1,-1,-0.01,-1,-1,-0.01,-1,-1,-0.01,-1,-1,-0.01,-1,-1,-0.01,-1,-1,-0.01,-1,-1,-0.01,-1,-1,-0.01,-1,-1,-0.01,-1,-1
99926009,2026-05-18 15:00:01+05:30,53394.05,0,0.0,0,0.0,0.0,53282.15,53619.2,52783.45,53710.35,0,0.0,0.0,0.0,0.0,-0.01,-1,-1,-0.01,-1,-1,-0.01,-1,-1,-0.01,-1,-1,-0.01,-1,-1,-0.01,-1,-1,-0.01,-1,-1,-0.01,-1,-1,-0.01,-1,-1,-0.01,-1,-1
99926009,2026-05-18 15:00:02+05:30,53394.05,0,0.0,0,0.0,0.0,53282.15,53619.2,52783.45,53710.35,0,0.0,0.0,0.0,0.0,-0.01,-1,-1,-0.01,-1,-1,-0.01,-1,-1,-0.01,-1,-1,-0.01,-1,-1,-0.01,-1,-1,-0.01,-1,-1,-0.01,-1,-1,-0.01,-1,-1,-0.01,-1,-1
99926009,2026-05-18 15:00:02+05:30,53393.25,0,0.0,0,0.0,0.0,53282.15,53619.2,52783.45,53710.35,0,0.0,0.0,0.0,0.0,-0.01,-1,-1,-0.01,-1,-1,-0.01,-1,-1,-0.01,-1,-1,-0.01,-1,-1,-0.01,-1,-1,-0.01,-1,-1,-0.01,-1,-1,-0.01,-1,-1,-0.01,-1,-1
99926009,2026-05-18 15:00:02+05:30,53392.3,0,0.0,0,0.0,0.0,53282.15,53619.2,52783.45,53710.35,0,0.0,0.0,0.0,0.0,-0.01,-1,-1,-0.01,-1,-1,-0.01,-1,-1,-0.01,-1,-1,-0.01,-1,-1,-0.01,-1,-1,-0.01,-1,-1,-0.01,-1,-1,-0.01,-1,-1,-0.01,-1,-1
99926009,2026-05-18 15:00:03+05:30,53392.3,0,0.0,0,0.0,0.0,53282.15,53619.2,52783.45,53710.35,0,0.0,0.0,0.0,0.0,-0.01,-1,-1,-0.01,-1,-1,-0.01,-1,-1,-0.01,-1,-1,-0.01,-1,-1,-0.01,-1,-1,-0.01,-1,-1,-0.01,-1,-1,-0.01,-1,-1,-0.01,-1,-1
99926009,2026-05-18 15:00:03+05:30,53394.95,0,0.0,0,0.0,0.0,53282.15,53619.2,52783.45,53710.35,0,0.0,0.0,0.0,0.0,-0.01,-1,-1,-0.01,-1,-1,-0.01,-1,-1,-0.01,-1,-1,-0.01,-1,-1,-0.01,-1,-1,-0.01,-1,-1,-0.01,-1,-1,-0.01,-1,-1,-0.01,-1,-1
99926009,2026-05-18 15:00:03+05:30,53393.35,0,0.0,0,0.0,0.0,53282.15,53619.2,52783.45,53710.35,0,0.0,0.0,0.0,0.0,-0.01,-1,-1,-0.01,-1,-1,-0.01,-1,-1,-0.01,-1,-1,-0.01,-1,-1,-0.01,-1,-1,-0.01,-1,-1,-0.01,-1,-1,-0.01,-1,-1,-0.01,-1,-1
99926009,2026-05-18 15:00:04+05:30,53393.35,0,0.0,0,0.0,0.0,53282.15,53619.2,52783.45,53710.35,0,0.0,0.0,0.0,0.0,-0.01,-1,-1,-0.01,-1,-1,-0.01,-1,-1,-0.01,-1,-1,-0.01,-1,-1,-0.01,-1,-1,-0.01,-1,-1,-0.01,-1,-1,-0.01,-1,-1,-0.01,-1,-1
99926009,2026-05-18 15:00:04+05:30,53391.9,0,0.0,0,0.0,0.0,53282.15,53619.2,52783.45,53710.35,0,0.0,0.0,0.0,0.0,-0.01,-1,-1,-0.01,-1,-1,-0.01,-1,-1,-0.01,-1,-1,-0.01,-1,-1,-0.01,-1,-1,-0.01,-1,-1,-0.01,-1,-1,-0.01,-1,-1,-0.01,-1,-1
99926009,2026-05-18 15:00:04+05:30,53395.0,0,0.0,0,0.0,0.0,53282.15,53619.2,52783.45,53710.35,0,0.0,0.0,0.0,0.0,-0.01,-1,-1,-0.01,-1,-1,-0.01,-1,-1,-0.01,-1,-1,-0.01,-1,-1,-0.01,-1,-1,-0.01,-1,-1,-0.01,-1,-1,-0.01,-1,-1,-0.01,-1,-1
99926009,2026-05-18 15:00:05+05:30,53395.0,0,0.0,0,0.0,0.0,53282.15,53619.2,52783.45,53710.35,0,0.0,0.0,0.0,0.0,-0.01,-1,-1,-0.01,-1,-1,-0.01,-1,-1,-0.01,-1,-1,-0.01,-1,-1,-0.01,-1,-1,-0.01,-1,-1,-0.01,-1,-1,-0.01,-1,-1,-0.01,-1,-1
99926009,2026-05-18 15:00:05+05:30,53395.15,0,0.0,0,0.0,0.0,53282.15,53619.2,52783.45,53710.35,0,0.0,0.0,0.0,0.0,-0.01,-1,-1,-0.01,-1,-1,-0.01,-1,-1,-0.01,-1,-1,-0.01,-1,-1,-0.01,-1,-1,-0.01,-1,-1,-0.01,-1,-1,-0.01,-1,-1,-0.01,-1,-1
99926009,2026-05-18 15:00:05+05:30,53395.95,0,0.0,0,0.0,0.0,53282.15,53619.2,52783.45,53710.35,0,0.0,0.0,0.0,0.0,-0.01,-1,-1,-0.01,-1,-1,-0.01,-1,-1,-0.01,-1,-1,-0.01,-1,-1,-0.01,-1,-1,-0.01,-1,-1,-0.01,-1,-1,-0.01,-1,-1,-0.01,-1,-1
99926009,2026-05-18 15:00:06+05:30,53395.95,0,0.0,0,0.0,0.0,53282.15,53619.2,52783.45,53710.35,0,0.0,0.0,0.0,0.0,-0.01,-1,-1,-0.01,-1,-1,-0.01,-1,-1,-0.01,-1,-1,-0.01,-1,-1,-0.01,-1,-1,-0.01,-1,-1,-0.01,-1,-1,-0.01,-1,-1,-0.01,-1,-1
99926009,2026-05-18 15:00:06+05:30,53391.9,0,0.0,0,0.0,0.0,53282.15,53619.2,52783.45,53710.35,0,0.0,0.0,0.0,0.0,-0.01,-1,-1,-0.01,-1,-1,-0.01,-1,-1,-0.01,-1,-1,-0.01,-1,-1,-0.01,-1,-1,-0.01,-1,-1,-0.01,-1,-1,-0.01,-1,-1,-0.01,-1,-1
99926009,2026-05-18 15:00:06+05:30,53392.1,0,0.0,0,0.0,0.0,53282.15,53619.2,52783.45,53710.35,0,0.0,0.0,0.0,0.0,-0.01,-1,-1,-0.01,-1,-1,-0.01,-1,-1,-0.01,-1,-1,-0.01,-1,-1,-0.01,-1,-1,-0.01,-1,-1,-0.01,-1,-1,-0.01,-1,-1,-0.01,-1,-1
99926009,2026-05-18 15:00:07+05:30,53392.1,0,0.0,0,0.0,0.0,53282.15,53619.2,52783.45,53710.35,0,0.0,0.0,0.0,0.0,-0.01,-1,-1,-0.01,-1,-1,-0.01,-1,-1,-0.01,-1,-1,-0.01,-1,-1,-0.01,-1,-1,-0.01,-1,-1,-0.01,-1,-1,-0.01,-1,-1,-0.01,-1,-1
99926009,2026-05-18 15:00:07+05:30,53388.85,0,0.0,0,0.0,0.0,53282.15,53619.2,52783.45,53710.35,0,0.0,0.0,0.0,0.0,-0.01,-1,-1,-0.01,-1,-1,-0.01,-1,-1,-0.01,-1,-1,-0.01,-1,-1,-0.01,-1,-1,-0.01,-1,-1,-0.01,-1,-1,-0.01,-1,-1,-0.01,-1,-1
99926009,2026-05-18 15:00:07+05:30,53391.9,0,0.0,0,0.0,0.0,53282.15,53619.2,52783.45,53710.35,0,0.0,0.0,0.0,0.0,-0.01,-1,-1,-0.01,-1,-1,-0.01,-1,-1,-0.01,-1,-1,-0.01,-1,-1,-0.01,-1,-1,-0.01,-1,-1,-0.01,-1,-1,-0.01,-1,-1,-0.01,-1,-1
99926009,2026-05-18 15:00:08+05:30,53391.9,0,0.0,0,0.0,0.0,53282.15,53619.2,52783.45,53710.35,0,0.0,0.0,0.0,0.0,-0.01,-1,-1,-0.01,-1,-1,-0.01,-1,-1,-0.01,-1,-1,-0.01,-1,-1,-0.01,-1,-1,-0.01,-1,-1,-0.01,-1,-1,-0.01,-1,-1,-0.01,-1,-1
99926009,2026-05-18 15:00:08+05:30,53405.2,0,0.0,0,0.0,0.0,53282.15,53619.2,52783.45,53710.35,0,0.0,0.0,0.0,0.0,-0.01,-1,-1,-0.01,-1,-1,-0.01,-1,-1,-0.01,-1,-1,-0.01,-1,-1,-0.01,-1,-1,-0.01,-1,-1,-0.01,-1,-1,-0.01,-1,-1,-0.01,-1,-1
99926009,2026-05-18 15:00:08+05:30,53406.45,0,0.0,0,0.0,0.0,53282.15,53619.2,52783.45,53710.35,0,0.0,0.0,0.0,0.0,-0.01,-1,-1,-0.01,-1,-1,-0.01,-1,-1,-0.01,-1,-1,-0.01,-1,-1,-0.01,-1,-1,-0.01,-1,-1,-0.01,-1,-1,-0.01,-1,-1,-0.01,-1,-1
99926009,2026-05-18 15:00:09+05:30,53406.45,0,0.0,0,0.0,0.0,53282.15,53619.2,52783.45,53710.35,0,0.0,0.0,0.0,0.0,-0.01,-1,-1,-0.01,-1,-1,-0.01,-1,-1,-0.01,-1,-1,-0.01,-1,-1,-0.01,-1,-1,-0.01,-1,-1,-0.01,-1,-1,-0.01,-1,-1,-0.01,-1,-1
99926009,2026-05-18 15:00:09+05:30,53412.2,0,0.0,0,0.0,0.0,53282.15,53619.2,52783.45,53710.35,0,0.0,0.0,0.0,0.0,-0.01,-1,-1,-0.01,-1,-1,-0.01,-1,-1,-0.01,-1,-1,-0.01,-1,-1,-0.01,-1,-1,-0.01,-1,-1,-0.01,-1,-1,-0.01,-1,-1,-0.01,-1,-1
99926009,2026-05-18 15:00:09+05:30,53414.25,0,0.0,0,0.0,0.0,53282.15,53619.2,52783.45,53710.35,0,0.0,0.0,0.0,0.0,-0.01,-1,-1,-0.01,-1,-1,-0.01,-1,-1,-0.01,-1,-1,-0.01,-1,-1,-0.01,-1,-1,-0.01,-1,-1,-0.01,-1,-1,-0.01,-1,-1,-0.01,-1,-1
99926009,2026-05-18 15:00:10+05:30,53414.25,0,0.0,0,0.0,0.0,53282.15,53619.2,52783.45,53710.35,0,0.0,0.0,0.0,0.0,-0.01,-1,-1,-0.01,-1,-1,-0.01,-1,-1,-0.01,-1,-1,-0.01,-1,-1,-0.01,-1,-1,-0.01,-1,-1,-0.01,-1,-1,-0.01,-1,-1,-0.01,-1,-1
99926009,2026-05-18 15:00:10+05:30,53415.6,0,0.0,0,0.0,0.0,53282.15,53619.2,52783.45,53710.35,0,0.0,0.0,0.0,0.0,-0.01,-1,-1,-0.01,-1,-1,-0.01,-1,-1,-0.01,-1,-1,-0.01,-1,-1,-0.01,-1,-1,-0.01,-1,-1,-0.01,-1,-1,-0.01,-1,-1,-0.01,-1,-1
99926009,2026-05-18 15:00:10+05:30,53421.0,0,0.0,0,0.0,0.0,53282.15,53619.2,52783.45,53710.35,0,0.0,0.0,0.0,0.0,-0.01,-1,-1,-0.01,-1,-1,-0.01,-1,-1,-0.01,-1,-1,-0.01,-1,-1,-0.01,-1,-1,-0.01,-1,-1,-0.01,-1,-1,-0.01,-1,-1,-0.01,-1,-1
99926009,2026-05-18 15:00:11+05:30,53421.0,0,0.0,0,0.0,0.0,53282.15,53619.2,52783.45,53710.35,0,0.0,0.0,0.0,0.0,-0.01,-1,-1,-0.01,-1,-1,-0.01,-1,-1,-0.01,-1,-1,-0.01,-1,-1,-0.01,-1,-1,-0.01,-1,-1,-0.01,-1,-1,-0.01,-1,-1,-0.01,-1,-1
99926009,2026-05-18 15:00:11+05:30,53421.45,0,0.0,0,0.0,0.0,53282.15,53619.2,52783.45,53710.35,0,0.0,0.0,0.0,0.0,-0.01,-1,-1,-0.01,-1,-1,-0.01,-1,-1,-0.01,-1,-1,-0.01,-1,-1,-0.01,-1,-1,-0.01,-1,-1,-0.01,-1,-1,-0.01,-1,-1,-0.01,-1,-1
99926009,2026-05-18 15:00:11+05:30,53419.25,0,0.0,0,0.0,0.0,53282.15,53619.2,52783.45,53710.35,0,0.0,0.0,0.0,0.0,-0.01,-1,-1,-0.01,-1,-1,-0.01,-1,-1,-0.01,-1,-1,-0.01,-1,-1,-0.01,-1,-1,-0.01,-1,-1,-0.01,-1,-1,-0.01,-1,-1,-0.01,-1,-1
99926009,2026-05-18 15:00:12+05:30,53419.25,0,0.0,0,0.0,0.0,53282.15,53619.2,52783.45,53710.35,0,0.0,0.0,0.0,0.0,-0.01,-1,-1,-0.01,-1,-1,-0.01,-1,-1,-0.01,-1,-1,-0.01,-1,-1,-0.01,-1,-1,-0.01,-1,-1,-0.01,-1,-1,-0.01,-1,-1,-0.01,-1,-1
99926009,2026-05-18 15:00:12+05:30,53419.7,0,0.0,0,0.0,0.0,53282.15,53619.2,52783.45,53710.35,0,0.0,0.0,0.0,0.0,-0.01,-1,-1,-0.01,-1,-1,-0.01,-1,-1,-0.01,-1,-1,-0.01,-1,-1,-0.01,-1,-1,-0.01,-1,-1,-0.01,-1,-1,-0.01,-1,-1,-0.01,-1,-1
99926009,2026-05-18 15:00:12+05:30,53423.85,0,0.0,0,0.0,0.0,53282.15,53619.2,52783.45,53710.35,0,0.0,0.0,0.0,0.0,-0.01,-1,-1,-0.01,-1,-1,-0.01,-1,-1,-0.01,-1,-1,-0.01,-1,-1,-0.01,-1,-1,-0.01,-1,-1,-0.01,-1,-1,-0.01,-1,-1,-0.01,-1,-1
99926009,2026-05-18 15:00:13+05:30,53423.85,0,0.0,0,0.0,0.0,53282.15,53619.2,52783.45,53710.35,0,0.0,0.0,0.0,0.0,-0.01,-1,-1,-0.01,-1,-1,-0.01,-1,-1,-0.01,-1,-1,-0.01,-1,-1,-0.01,-1,-1,-0.01,-1,-1,-0.01,-1,-1,-0.01,-1,-1,-0.01,-1,-1
99926009,2026-05-18 15:00:13+05:30,53427.65,0,0.0,0,0.0,0.0,53282.15,53619.2,52783.45,53710.35,0,0.0,0.0,0.0,0.0,-0.01,-1,-1,-0.01,-1,-1,-0.01,-1,-1,-0.01,-1,-1,-0.01,-1,-1,-0.01,-1,-1,-0.01,-1,-1,-0.01,-1,-1,-0.01,-1,-1,-0.01,-1,-1
99926009,2026-05-18 15:00:13+05:30,53435.9,0,0.0,0,0.0,0.0,53282.15,53619.2,52783.45,53710.35,0,0.0,0.0,0.0,0.0,-0.01,-1,-1,-0.01,-1,-1,-0.01,-1,-1,-0.01,-1,-1,-0.01,-1,-1,-0.01,-1,-1,-0.01,-1,-1,-0.01,-1,-1,-0.01,-1,-1,-0.01,-1,-1
99926009,2026-05-18 15:00:14+05:30,53435.9,0,0.0,0,0.0,0.0,53282.15,53619.2,52783.45,53710.35,0,0.0,0.0,0.0,0.0,-0.01,-1,-1,-0.01,-1,-1,-0.01,-1,-1,-0.01,-1,-1,-0.01,-1,-1,-0.01,-1,-1,-0.01,-1,-1,-0.01,-1,-1,-0.01,-1,-1,-0.01,-1,-1
99926009,2026-05-18 15:00:14+05:30,53436.1,0,0.0,0,0.0,0.0,53282.15,53619.2,52783.45,53710.35,0,0.0,0.0,0.0,0.0,-0.01,-1,-1,-0.01,-1,-1,-0.01,-1,-1,-0.01,-1,-1,-0.01,-1,-1,-0.01,-1,-1,-0.01,-1,-1,-0.01,-1,-1,-0.01,-1,-1,-0.01,-1,-1
99926009,2026-05-18 15:00:14+05:30,53444.0,0,0.0,0,0.0,0.0,53282.15,53619.2,52783.45,53710.35,0,0.0,0.0,0.0,0.0,-0.01,-1,-1,-0.01,-1,-1,-0.01,-1,-1,-0.01,-1,-1,-0.01,-1,-1,-0.01,-1,-1,-0.01,-1,-1,-0.01,-1,-1,-0.01,-1,-1,-0.01,-1,-1
99926009,2026-05-18 15:00:15+05:30,53444.0,0,0.0,0,0.0,0.0,53282.15,53619.2,52783.45,53710.35,0,0.0,0.0,0.0,0.0,-0.01,-1,-1,-0.01,-1,-1,-0.01,-1,-1,-0.01,-1,-1,-0.01,-1,-1,-0.01,-1,-1,-0.01,-1,-1,-0.01,-1,-1,-0.01,-1,-1,-0.01,-1,-1
99926009,2026-05-18 15:00:15+05:30,53449.55,0,0.0,0,0.0,0.0,53282.15,53619.2,52783.45,53710.35,0,0.0,0.0,0.0,0.0,-0.01,-1,-1,-0.01,-1,-1,-0.01,-1,-1,-0.01,-1,-1,-0.01,-1,-1,-0.01,-1,-1,-0.01,-1,-1,-0.01,-1,-1,-0.01,-1,-1,-0.01,-1,-1
99926009,2026-05-18 15:00:15+05:30,53450.35,0,0.0,0,0.0,0.0,53282.15,53619.2,52783.45,53710.35,0,0.0,0.0,0.0,0.0,-0.01,-1,-1,-0.01,-1,-1,-0.01,-1,-1,-0.01,-1,-1,-0.01,-1,-1,-0.01,-1,-1,-0.01,-1,-1,-0.01,-1,-1,-0.01,-1,-1,-0.01,-1,-1
99926009,2026-05-18 15:00:16+05:30,53450.35,0,0.0,0,0.0,0.0,53282.15,53619.2,52783.45,53710.35,0,0.0,0.0,0.0,0.0,-0.01,-1,-1,-0.01,-1,-1,-0.01,-1,-1,-0.01,-1,-1,-0.01,-1,-1,-0.01,-1,-1,-0.01,-1,-1,-0.01,-1,-1,-0.01,-1,-1,-0.01,-1,-1
99926009,2026-05-18 15:00:16+05:30,53451.8,0,0.0,0,0.0,0.0,53282.15,53619.2,52783.45,53710.35,0,0.0,0.0,0.0,0.0,-0.01,-1,-1,-0.01,-1,-1,-0.01,-1,-1,-0.01,-1,-1,-0.01,-1,-1,-0.01,-1,-1,-0.01,-1,-1,-0.01,-1,-1,-0.01,-1,-1,-0.01,-1,-1
99926009,2026-05-18 15:00:16+05:30,53453.25,0,0.0,0,0.0,0.0,53282.15,53619.2,52783.45,53710.35,0,0.0,0.0,0.0,0.0,-0.01,-1,-1,-0.01,-1,-1,-0.01,-1,-1,-0.01,-1,-1,-0.01,-1,-1,-0.01,-1,-1,-0.01,-1,-1,-0.01,-1,-1,-0.01,-1,-1,-0.01,-1,-1
99926009,2026-05-18 15:00:17+05:30,53453.25,0,0.0,0,0.0,0.0,53282.15,53619.2,52783.45,53710.35,0,0.0,0.0,0.0,0.0,-0.01,-1,-1,-0.01,-1,-1,-0.01,-1,-1,-0.01,-1,-1,-0.01,-1,-1,-0.01,-1,-1,-0.01,-1,-1,-0.01,-1,-1,-0.01,-1,-1,-0.01,-1,-1
99926009,2026-05-18 15:00:17+05:30,53455.3,0,0.0,0,0.0,0.0,53282.15,53619.2,52783.45,53710.35,0,0.0,0.0,0.0,0.0,-0.01,-1,-1,-0.01,-1,-1,-0.01,-1,-1,-0.01,-1,-1,-0.01,-1,-1,-0.01,-1,-1,-0.01,-1,-1,-0.01,-1,-1,-0.01,-1,-1,-0.01,-1,-1
99926009,2026-05-18 15:00:17+05:30,53459.55,0,0.0,0,0.0,0.0,53282.15,53619.2,52783.45,53710.35,0,0.0,0.0,0.0,0.0,-0.01,-1,-1,-0.01,-1,-1,-0.01,-1,-1,-0.01,-1,-1,-0.01,-1,-1,-0.01,-1,-1,-0.01,-1,-1,-0.01,-1,-1,-0.01,-1,-1,-0.01,-1,-1
99926009,2026-05-18 15:00:18+05:30,53459.55,0,0.0,0,0.0,0.0,53282.15,53619.2,52783.45,53710.35,0,0.0,0.0,0.0,0.0,-0.01,-1,-1,-0.01,-1,-1,-0.01,-1,-1,-0.01,-1,-1,-0.01,-1,-1,-0.01,-1,-1,-0.01,-1,-1,-0.01,-1,-1,-0.01,-1,-1,-0.01,-1,-1
99926009,2026-05-18 15:00:18+05:30,53464.3,0,0.0,0,0.0,0.0,53282.15,53619.2,52783.45,53710.35,0,0.0,0.0,0.0,0.0,-0.01,-1,-1,-0.01,-1,-1,-0.01,-1,-1,-0.01,-1,-1,-0.01,-1,-1,-0.01,-1,-1,-0.01,-1,-1,-0.01,-1,-1,-0.01,-1,-1,-0.01,-1,-1
99926009,2026-05-18 15:00:18+05:30,53471.15,0,0.0,0,0.0,0.0,53282.15,53619.2,52783.45,53710.35,0,0.0,0.0,0.0,0.0,-0.01,-1,-1,-0.01,-1,-1,-0.01,-1,-1,-0.01,-1,-1,-0.01,-1,-1,-0.01,-1,-1,-0.01,-1,-1,-0.01,-1,-1,-0.01,-1,-1,-0.01,-1,-1
99926009,2026-05-18 15:00:19+05:30,53471.15,0,0.0,0,0.0,0.0,53282.15,53619.2,52783.45,53710.35,0,0.0,0.0,0.0,0.0,-0.01,-1,-1,-0.01,-1,-1,-0.01,-1,-1,-0.01,-1,-1,-0.01,-1,-1,-0.01,-1,-1,-0.01,-1,-1,-0.01,-1,-1,-0.01,-1,-1,-0.01,-1,-1
99926009,2026-05-18 15:00:19+05:30,53470.45,0,0.0,0,0.0,0.0,53282.15,53619.2,52783.45,53710.35,0,0.0,0.0,0.0,0.0,-0.01,-1,-1,-0.01,-1,-1,-0.01,-1,-1,-0.01,-1,-1,-0.01,-1,-1,-0.01,-1,-1,-0.01,-1,-1,-0.01,-1,-1,-0.01,-1,-1,-0.01,-1,-1
99926009,2026-05-18 15:00:19+05:30,53472.8,0,0.0,0,0.0,0.0,53282.15,53619.2,52783.45,53710.35,0,0.0,0.0,0.0,0.0,-0.01,-1,-1,-0.01,-1,-1,-0.01,-1,-1,-0.01,-1,-1,-0.01,-1,-1,-0.01,-1,-1,-0.01,-1,-1,-0.01,-1,-1,-0.01,-1,-1,-0.01,-1,-1
99926009,2026-05-18 15:00:20+05:30,53472.8,0,0.0,0,0.0,0.0,53282.15,53619.2,52783.45,53710.35,0,0.0,0.0,0.0,0.0,-0.01,-1,-1,-0.01,-1,-1,-0.01,-1,-1,-0.01,-1,-1,-0.01,-1,-1,-0.01,-1,-1,-0.01,-1,-1,-0.01,-1,-1,-0.01,-1,-1,-0.01,-1,-1
99926009,2026-05-18 15:00:20+05:30,53473.8,0,0.0,0,0.0,0.0,53282.15,53619.2,52783.45,53710.35,0,0.0,0.0,0.0,0.0,-0.01,-1,-1,-0.01,-1,-1,-0.01,-1,-1,-0.01,-1,-1,-0.01,-1,-1,-0.01,-1,-1,-0.01,-1,-1,-0.01,-1,-1,-0.01,-1,-1,-0.01,-1,-1
99926009,2026-05-18 15:00:20+05:30,53471.55,0,0.0,0,0.0,0.0,53282.15,53619.2,52783.45,53710.35,0,0.0,0.0,0.0,0.0,-0.01,-1,-1,-0.01,-1,-1,-0.01,-1,-1,-0.01,-1,-1,-0.01,-1,-1,-0.01,-1,-1,-0.01,-1,-1,-0.01,-1,-1,-0.01,-1,-1,-0.01,-1,-1
99926009,2026-05-18 15:00:21+05:30,53471.55,0,0.0,0,0.0,0.0,53282.15,53619.2,52783.45,53710.35,0,0.0,0.0,0.0,0.0,-0.01,-1,-1,-0.01,-1,-1,-0.01,-1,-1,-0.01,-1,-1,-0.01,-1,-1,-0.01,-1,-1,-0.01,-1,-1,-0.01,-1,-1,-0.01,-1,-1,-0.01,-1,-1
99926009,2026-05-18 15:00:21+05:30,53472.05,0,0.0,0,0.0,0.0,53282.15,53619.2,52783.45,53710.35,0,0.0,0.0,0.0,0.0,-0.01,-1,-1,-0.01,-1,-1,-0.01,-1,-1,-0.01,-1,-1,-0.01,-1,-1,-0.01,-1,-1,-0.01,-1,-1,-0.01,-1,-1,-0.01,-1,-1,-0.01,-1,-1
99926009,2026-05-18 15:00:21+05:30,53482.75,0,0.0,0,0.0,0.0,53282.15,53619.2,52783.45,53710.35,0,0.0,0.0,0.0,0.0,-0.01,-1,-1,-0.01,-1,-1,-0.01,-1,-1,-0.01,-1,-1,-0.01,-1,-1,-0.01,-1,-1,-0.01,-1,-1,-0.01,-1,-1,-0.01,-1,-1,-0.01,-1,-1
99926009,2026-05-18 15:00:22+05:30,53482.75,0,0.0,0,0.0,0.0,53282.15,53619.2,52783.45,53710.35,0,0.0,0.0,0.0,0.0,-0.01,-1,-1,-0.01,-1,-1,-0.01,-1,-1,-0.01,-1,-1,-0.01,-1,-1,-0.01,-1,-1,-0.01,-1,-1,-0.01,-1,-1,-0.01,-1,-1,-0.01,-1,-1
99926009,2026-05-18 15:00:22+05:30,53483.05,0,0.0,0,0.0,0.0,53282.15,53619.2,52783.45,53710.35,0,0.0,0.0,0.0,0.0,-0.01,-1,-1,-0.01,-1,-1,-0.01,-1,-1,-0.01,-1,-1,-0.01,-1,-1,-0.01,-1,-1,-0.01,-1,-1,-0.01,-1,-1,-0.01,-1,-1,-0.01,-1,-1
99926009,2026-05-18 15:00:22+05:30,53487.1,0,0.0,0,0.0,0.0,53282.15,53619.2,52783.45,53710.35,0,0.0,0.0,0.0,0.0,-0.01,-1,-1,-0.01,-1,-1,-0.01,-1,-1,-0.01,-1,-1,-0.01,-1,-1,-0.01,-1,-1,-0.01,-1,-1,-0.01,-1,-1,-0.01,-1,-1,-0.01,-1,-1
99926009,2026-05-18 15:00:23+05:30,53487.1,0,0.0,0,0.0,0.0,53282.15,53619.2,52783.45,53710.35,0,0.0,0.0,0.0,0.0,-0.01,-1,-1,-0.01,-1,-1,-0.01,-1,-1,-0.01,-1,-1,-0.01,-1,-1,-0.01,-1,-1,-0.01,-1,-1,-0.01,-1,-1,-0.01,-1,-1,-0.01,-1,-1
99926009,2026-05-18 15:00:23+05:30,53489.05,0,0.0,0,0.0,0.0,53282.15,53619.2,52783.45,53710.35,0,0.0,0.0,0.0,0.0,-0.01,-1,-1,-0.01,-1,-1,-0.01,-1,-1,-0.01,-1,-1,-0.01,-1,-1,-0.01,-1,-1,-0.01,-1,-1,-0.01,-1,-1,-0.01,-1,-1,-0.01,-1,-1
99926009,2026-05-18 15:00:23+05:30,53490.75,0,0.0,0,0.0,0.0,53282.15,53619.2,52783.45,53710.35,0,0.0,0.0,0.0,0.0,-0.01,-1,-1,-0.01,-1,-1,-0.01,-1,-1,-0.01,-1,-1,-0.01,-1,-1,-0.01,-1,-1,-0.01,-1,-1,-0.01,-1,-1,-0.01,-1,-1,-0.01,-1,-1
99926009,2026-05-18 15:00:24+05:30,53490.75,0,0.0,0,0.0,0.0,53282.15,53619.2,52783.45,53710.35,0,0.0,0.0,0.0,0.0,-0.01,-1,-1,-0.01,-1,-1,-0.01,-1,-1,-0.01,-1,-1,-0.01,-1,-1,-0.01,-1,-1,-0.01,-1,-1,-0.01,-1,-1,-0.01,-1,-1,-0.01,-1,-1
99926009,2026-05-18 15:00:24+05:30,53487.65,0,0.0,0,0.0,0.0,53282.15,53619.2,52783.45,53710.35,0,0.0,0.0,0.0,0.0,-0.01,-1,-1,-0.01,-1,-1,-0.01,-1,-1,-0.01,-1,-1,-0.01,-1,-1,-0.01,-1,-1,-0.01,-1,-1,-0.01,-1,-1,-0.01,-1,-1,-0.01,-1,-1
99926009,2026-05-18 15:00:24+05:30,53491.65,0,0.0,0,0.0,0.0,53282.15,53619.2,52783.45,53710.35,0,0.0,0.0,0.0,0.0,-0.01,-1,-1,-0.01,-1,-1,-0.01,-1,-1,-0.01,-1,-1,-0.01,-1,-1,-0.01,-1,-1,-0.01,-1,-1,-0.01,-1,-1,-0.01,-1,-1,-0.01,-1,-1
99926009,2026-05-18 15:00:25+05:30,53491.65,0,0.0,0,0.0,0.0,53282.15,53619.2,52783.45,53710.35,0,0.0,0.0,0.0,0.0,-0.01,-1,-1,-0.01,-1,-1,-0.01,-1,-1,-0.01,-1,-1,-0.01,-1,-1,-0.01,-1,-1,-0.01,-1,-1,-0.01,-1,-1,-0.01,-1,-1,-0.01,-1,-1
99926009,2026-05-18 15:00:25+05:30,53492.55,0,0.0,0,0.0,0.0,53282.15,53619.2,52783.45,53710.35,0,0.0,0.0,0.0,0.0,-0.01,-1,-1,-0.01,-1,-1,-0.01,-1,-1,-0.01,-1,-1,-0.01,-1,-1,-0.01,-1,-1,-0.01,-1,-1,-0.01,-1,-1,-0.01,-1,-1,-0.01,-1,-1
99926009,2026-05-18 15:00:25+05:30,53496.85,0,0.0,0,0.0,0.0,53282.15,53619.2,52783.45,53710.35,0,0.0,0.0,0.0,0.0,-0.01,-1,-1,-0.01,-1,-1,-0.01,-1,-1,-0.01,-1,-1,-0.01,-1,-1,-0.01,-1,-1,-0.01,-1,-1,-0.01,-1,-1,-0.01,-1,-1,-0.01,-1,-1
99926009,2026-05-18 15:00:26+05:30,53496.85,0,0.0,0,0.0,0.0,53282.15,53619.2,52783.45,53710.35,0,0.0,0.0,0.0,0.0,-0.01,-1,-1,-0.01,-1,-1,-0.01,-1,-1,-0.01,-1,-1,-0.01,-1,-1,-0.01,-1,-1,-0.01,-1,-1,-0.01,-1,-1,-0.01,-1,-1,-0.01,-1,-1
99926009,2026-05-18 15:00:26+05:30,53503.15,0,0.0,0,0.0,0.0,53282.15,53619.2,52783.45,53710.35,0,0.0,0.0,0.0,0.0,-0.01,-1,-1,-0.01,-1,-1,-0.01,-1,-1,-0.01,-1,-1,-0.01,-1,-1,-0.01,-1,-1,-0.01,-1,-1,-0.01,-1,-1,-0.01,-1,-1,-0.01,-1,-1
99926009,2026-05-18 15:00:26+05:30,53500.3,0,0.0,0,0.0,0.0,53282.15,53619.2,52783.45,53710.35,0,0.0,0.0,0.0,0.0,-0.01,-1,-1,-0.01,-1,-1,-0.01,-1,-1,-0.01,-1,-1,-0.01,-1,-1,-0.01,-1,-1,-0.01,-1,-1,-0.01,-1,-1,-0.01,-1,-1,-0.01,-1,-1
99926009,2026-05-18 15:00:27+05:30,53500.3,0,0.0,0,0.0,0.0,53282.15,53619.2,52783.45,53710.35,0,0.0,0.0,0.0,0.0,-0.01,-1,-1,-0.01,-1,-1,-0.01,-1,-1,-0.01,-1,-1,-0.01,-1,-1,-0.01,-1,-1,-0.01,-1,-1,-0.01,-1,-1,-0.01,-1,-1,-0.01,-1,-1
99926009,2026-05-18 15:00:27+05:30,53505.75,0,0.0,0,0.0,0.0,53282.15,53619.2,52783.45,53710.35,0,0.0,0.0,0.0,0.0,-0.01,-1,-1,-0.01,-1,-1,-0.01,-1,-1,-0.01,-1,-1,-0.01,-1,-1,-0.01,-1,-1,-0.01,-1,-1,-0.01,-1,-1,-0.01,-1,-1,-0.01,-1,-1
99926009,2026-05-18 15:00:27+05:30,53495.1,0,0.0,0,0.0,0.0,53282.15,53619.2,52783.45,53710.35,0,0.0,0.0,0.0,0.0,-0.01,-1,-1,-0.01,-1,-1,-0.01,-1,-1,-0.01,-1,-1,-0.01,-1,-1,-0.01,-1,-1,-0.01,-1,-1,-0.01,-1,-1,-0.01,-1,-1,-0.01,-1,-1
99926009,2026-05-18 15:00:28+05:30,53495.1,0,0.0,0,0.0,0.0,53282.15,53619.2,52783.45,53710.35,0,0.0,0.0,0.0,0.0,-0.01,-1,-1,-0.01,-1,-1,-0.01,-1,-1,-0.01,-1,-1,-0.01,-1,-1,-0.01,-1,-1,-0.01,-1,-1,-0.01,-1,-1,-0.01,-1,-1,-0.01,-1,-1
99926009,2026-05-18 15:00:28+05:30,53497.15,0,0.0,0,0.0,0.0,53282.15,53619.2,52783.45,53710.35,0,0.0,0.0,0.0,0.0,-0.01,-1,-1,-0.01,-1,-1,-0.01,-1,-1,-0.01,-1,-1,-0.01,-1,-1,-0.01,-1,-1,-0.01,-1,-1,-0.01,-1,-1,-0.01,-1,-1,-0.01,-1,-1
99926009,2026-05-18 15:00:28+05:30,53494.8,0,0.0,0,0.0,0.0,53282.15,53619.2,52783.45,53710.35,0,0.0,0.0,0.0,0.0,-0.01,-1,-1,-0.01,-1,-1,-0.01,-1,-1,-0.01,-1,-1,-0.01,-1,-1,-0.01,-1,-1,-0.01,-1,-1,-0.01,-1,-1,-0.01,-1,-1,-0.01,-1,-1
99926009,2026-05-18 15:00:29+05:30,53494.8,0,0.0,0,0.0,0.0,53282.15,53619.2,52783.45,53710.35,0,0.0,0.0,0.0,0.0,-0.01,-1,-1,-0.01,-1,-1,-0.01,-1,-1,-0.01,-1,-1,-0.01,-1,-1,-0.01,-1,-1,-0.01,-1,-1,-0.01,-1,-1,-0.01,-1,-1,-0.01,-1,-1
99926009,2026-05-18 15:00:29+05:30,53490.9,0,0.0,0,0.0,0.0,53282.15,53619.2,52783.45,53710.35,0,0.0,0.0,0.0,0.0,-0.01,-1,-1,-0.01,-1,-1,-0.01,-1,-1,-0.01,-1,-1,-0.01,-1,-1,-0.01,-1,-1,-0.01,-1,-1,-0.01,-1,-1,-0.01,-1,-1,-0.01,-1,-1
99926009,2026-05-18 15:00:29+05:30,53490.65,0,0.0,0,0.0,0.0,53282.15,53619.2,52783.45,53710.35,0,0.0,0.0,0.0,0.0,-0.01,-1,-1,-0.01,-1,-1,-0.01,-1,-1,-0.01,-1,-1,-0.01,-1,-1,-0.01,-1,-1,-0.01,-1,-1,-0.01,-1,-1,-0.01,-1,-1,-0.01,-1,-1
99926009,2026-05-18 15:00:30+05:30,53490.65,0,0.0,0,0.0,0.0,53282.15,53619.2,52783.45,53710.35,0,0.0,0.0,0.0,0.0,-0.01,-1,-1,-0.01,-1,-1,-0.01,-1,-1,-0.01,-1,-1,-0.01,-1,-1,-0.01,-1,-1,-0.01,-1,-1,-0.01,-1,-1,-0.01,-1,-1,-0.01,-1,-1
99926009,2026-05-18 15:00:30+05:30,53493.65,0,0.0,0,0.0,0.0,53282.15,53619.2,52783.45,53710.35,0,0.0,0.0,0.0,0.0,-0.01,-1,-1,-0.01,-1,-1,-0.01,-1,-1,-0.01,-1,-1,-0.01,-1,-1,-0.01,-1,-1,-0.01,-1,-1,-0.01,-1,-1,-0.01,-1,-1,-0.01,-1,-1
99926009,2026-05-18 15:00:30+05:30,53498.4,0,0.0,0,0.0,0.0,53282.15,53619.2,52783.45,53710.35,0,0.0,0.0,0.0,0.0,-0.01,-1,-1,-0.01,-1,-1,-0.01,-1,-1,-0.01,-1,-1,-0.01,-1,-1,-0.01,-1,-1,-0.01,-1,-1,-0.01,-1,-1,-0.01,-1,-1,-0.01,-1,-1
99926009,2026-05-18 15:00:31+05:30,53498.4,0,0.0,0,0.0,0.0,53282.15,53619.2,52783.45,53710.35,0,0.0,0.0,0.0,0.0,-0.01,-1,-1,-0.01,-1,-1,-0.01,-1,-1,-0.01,-1,-1,-0.01,-1,-1,-0.01,-1,-1,-0.01,-1,-1,-0.01,-1,-1,-0.01,-1,-1,-0.01,-1,-1
99926009,2026-05-18 15:00:31+05:30,53496.5,0,0.0,0,0.0,0.0,53282.15,53619.2,52783.45,53710.35,0,0.0,0.0,0.0,0.0,-0.01,-1,-1,-0.01,-1,-1,-0.01,-1,-1,-0.01,-1,-1,-0.01,-1,-1,-0.01,-1,-1,-0.01,-1,-1,-0.01,-1,-1,-0.01,-1,-1,-0.01,-1,-1
99926009,2026-05-18 15:00:31+05:30,53497.5,0,0.0,0,0.0,0.0,53282.15,53619.2,52783.45,53710.35,0,0.0,0.0,0.0,0.0,-0.01,-1,-1,-0.01,-1,-1,-0.01,-1,-1,-0.01,-1,-1,-0.01,-1,-1,-0.01,-1,-1,-0.01,-1,-1,-0.01,-1,-1,-0.01,-1,-1,-0.01,-1,-1
99926009,2026-05-18 15:00:32+05:30,53497.5,0,0.0,0,0.0,0.0,53282.15,53619.2,52783.45,53710.35,0,0.0,0.0,0.0,0.0,-0.01,-1,-1,-0.01,-1,-1,-0.01,-1,-1,-0.01,-1,-1,-0.01,-1,-1,-0.01,-1,-1,-0.01,-1,-1,-0.01,-1,-1,-0.01,-1,-1,-0.01,-1,-1
99926009,2026-05-18 15:00:32+05:30,53492.7,0,0.0,0,0.0,0.0,53282.15,53619.2,52783.45,53710.35,0,0.0,0.0,0.0,0.0,-0.01,-1,-1,-0.01,-1,-1,-0.01,-1,-1,-0.01,-1,-1,-0.01,-1,-1,-0.01,-1,-1,-0.01,-1,-1,-0.01,-1,-1,-0.01,-1,-1,-0.01,-1,-1
99926009,2026-05-18 15:00:32+05:30,53495.6,0,0.0,0,0.0,0.0,53282.15,53619.2,52783.45,53710.35,0,0.0,0.0,0.0,0.0,-0.01,-1,-1,-0.01,-1,-1,-0.01,-1,-1,-0.01,-1,-1,-0.01,-1,-1,-0.01,-1,-1,-0.01,-1,-1,-0.01,-1,-1,-0.01,-1,-1,-0.01,-1,-1
99926009,2026-05-18 15:00:33+05:30,53495.6,0,0.0,0,0.0,0.0,53282.15,53619.2,52783.45,53710.35,0,0.0,0.0,0.0,0.0,-0.01,-1,-1,-0.01,-1,-1,-0.01,-1,-1,-0.01,-1,-1,-0.01,-1,-1,-0.01,-1,-1,-0.01,-1,-1,-0.01,-1,-1,-0.01,-1,-1,-0.01,-1,-1
99926009,2026-05-18 15:00:33+05:30,53494.85,0,0.0,0,0.0,0.0,53282.15,53619.2,52783.45,53710.35,0,0.0,0.0,0.0,0.0,-0.01,-1,-1,-0.01,-1,-1,-0.01,-1,-1,-0.01,-1,-1,-0.01,-1,-1,-0.01,-1,-1,-0.01,-1,-1,-0.01,-1,-1,-0.01,-1,-1,-0.01,-1,-1
99926009,2026-05-18 15:00:33+05:30,53511.15,0,0.0,0,0.0,0.0,53282.15,53619.2,52783.45,53710.35,0,0.0,0.0,0.0,0.0,-0.01,-1,-1,-0.01,-1,-1,-0.01,-1,-1,-0.01,-1,-1,-0.01,-1,-1,-0.01,-1,-1,-0.01,-1,-1,-0.01,-1,-1,-0.01,-1,-1,-0.01,-1,-1
99926009,2026-05-18 15:00:34+05:30,53511.15,0,0.0,0,0.0,0.0,53282.15,53619.2,52783.45,53710.35,0,0.0,0.0,0.0,0.0,-0.01,-1,-1,-0.01,-1,-1,-0.01,-1,-1,-0.01,-1,-1,-0.01,-1,-1,-0.01,-1,-1,-0.01,-1,-1,-0.01,-1,-1,-0.01,-1,-1,-0.01,-1,-1
99926009,2026-05-18 15:00:34+05:30,53512.55,0,0.0,0,0.0,0.0,53282.15,53619.2,52783.45,53710.35,0,0.0,0.0,0.0,0.0,-0.01,-1,-1,-0.01,-1,-1,-0.01,-1,-1,-0.01,-1,-1,-0.01,-1,-1,-0.01,-1,-1,-0.01,-1,-1,-0.01,-1,-1,-0.01,-1,-1,-0.01,-1,-1
99926009,2026-05-18 15:00:34+05:30,53515.8,0,0.0,0,0.0,0.0,53282.15,53619.2,52783.45,53710.35,0,0.0,0.0,0.0,0.0,-0.01,-1,-1,-0.01,-1,-1,-0.01,-1,-1,-0.01,-1,-1,-0.01,-1,-1,-0.01,-1,-1,-0.01,-1,-1,-0.01,-1,-1,-0.01,-1,-1,-0.01,-1,-1
99926009,2026-05-18 15:00:35+05:30,53515.8,0,0.0,0,0.0,0.0,53282.15,53619.2,52783.45,53710.35,0,0.0,0.0,0.0,0.0,-0.01,-1,-1,-0.01,-1,-1,-0.01,-1,-1,-0.01,-1,-1,-0.01,-1,-1,-0.01,-1,-1,-0.01,-1,-1,-0.01,-1,-1,-0.01,-1,-1,-0.01,-1,-1
99926009,2026-05-18 15:00:35+05:30,53515.0,0,0.0,0,0.0,0.0,53282.15,53619.2,52783.45,53710.35,0,0.0,0.0,0.0,0.0,-0.01,-1,-1,-0.01,-1,-1,-0.01,-1,-1,-0.01,-1,-1,-0.01,-1,-1,-0.01,-1,-1,-0.01,-1,-1,-0.01,-1,-1,-0.01,-1,-1,-0.01,-1,-1
99926009,2026-05-18 15:00:35+05:30,53519.95,0,0.0,0,0.0,0.0,53282.15,53619.2,52783.45,53710.35,0,0.0,0.0,0.0,0.0,-0.01,-1,-1,-0.01,-1,-1,-0.01,-1,-1,-0.01,-1,-1,-0.01,-1,-1,-0.01,-1,-1,-0.01,-1,-1,-0.01,-1,-1,-0.01,-1,-1,-0.01,-1,-1
99926009,2026-05-18 15:00:36+05:30,53519.95,0,0.0,0,0.0,0.0,53282.15,53619.2,52783.45,53710.35,0,0.0,0.0,0.0,0.0,-0.01,-1,-1,-0.01,-1,-1,-0.01,-1,-1,-0.01,-1,-1,-0.01,-1,-1,-0.01,-1,-1,-0.01,-1,-1,-0.01,-1,-1,-0.01,-1,-1,-0.01,-1,-1
99926009,2026-05-18 15:00:36+05:30,53517.7,0,0.0,0,0.0,0.0,53282.15,53619.2,52783.45,53710.35,0,0.0,0.0,0.0,0.0,-0.01,-1,-1,-0.01,-1,-1,-0.01,-1,-1,-0.01,-1,-1,-0.01,-1,-1,-0.01,-1,-1,-0.01,-1,-1,-0.01,-1,-1,-0.01,-1,-1,-0.01,-1,-1
99926009,2026-05-18 15:00:36+05:30,53517.45,0,0.0,0,0.0,0.0,53282.15,53619.2,52783.45,53710.35,0,0.0,0.0,0.0,0.0,-0.01,-1,-1,-0.01,-1,-1,-0.01,-1,-1,-0.01,-1,-1,-0.01,-1,-1,-0.01,-1,-1,-0.01,-1,-1,-0.01,-1,-1,-0.01,-1,-1,-0.01,-1,-1
99926009,2026-05-18 15:00:37+05:30,53517.45,0,0.0,0,0.0,0.0,53282.15,53619.2,52783.45,53710.35,0,0.0,0.0,0.0,0.0,-0.01,-1,-1,-0.01,-1,-1,-0.01,-1,-1,-0.01,-1,-1,-0.01,-1,-1,-0.01,-1,-1,-0.01,-1,-1,-0.01,-1,-1,-0.01,-1,-1,-0.01,-1,-1
99926009,2026-05-18 15:00:37+05:30,53520.3,0,0.0,0,0.0,0.0,53282.15,53619.2,52783.45,53710.35,0,0.0,0.0,0.0,0.0,-0.01,-1,-1,-0.01,-1,-1,-0.01,-1,-1,-0.01,-1,-1,-0.01,-1,-1,-0.01,-1,-1,-0.01,-1,-1,-0.01,-1,-1,-0.01,-1,-1,-0.01,-1,-1
99926009,2026-05-18 15:00:37+05:30,53520.3,0,0.0,0,0.0,0.0,53282.15,53619.2,52783.45,53710.35,0,0.0,0.0,0.0,0.0,-0.01,-1,-1,-0.01,-1,-1,-0.01,-1,-1,-0.01,-1,-1,-0.01,-1,-1,-0.01,-1,-1,-0.01,-1,-1,-0.01,-1,-1,-0.01,-1,-1,-0.01,-1,-1
99926009,2026-05-18 15:00:38+05:30,53520.3,0,0.0,0,0.0,0.0,53282.15,53619.2,52783.45,53710.35,0,0.0,0.0,0.0,0.0,-0.01,-1,-1,-0.01,-1,-1,-0.01,-1,-1,-0.01,-1,-1,-0.01,-1,-1,-0.01,-1,-1,-0.01,-1,-1,-0.01,-1,-1,-0.01,-1,-1,-0.01,-1,-1
99926009,2026-05-18 15:00:38+05:30,53530.4,0,0.0,0,0.0,0.0,53282.15,53619.2,52783.45,53710.35,0,0.0,0.0,0.0,0.0,-0.01,-1,-1,-0.01,-1,-1,-0.01,-1,-1,-0.01,-1,-1,-0.01,-1,-1,-0.01,-1,-1,-0.01,-1,-1,-0.01,-1,-1,-0.01,-1,-1,-0.01,-1,-1
99926009,2026-05-18 15:00:38+05:30,53531.95,0,0.0,0,0.0,0.0,53282.15,53619.2,52783.45,53710.35,0,0.0,0.0,0.0,0.0,-0.01,-1,-1,-0.01,-1,-1,-0.01,-1,-1,-0.01,-1,-1,-0.01,-1,-1,-0.01,-1,-1,-0.01,-1,-1,-0.01,-1,-1,-0.01,-1,-1,-0.01,-1,-1
99926009,2026-05-18 15:00:39+05:30,53531.95,0,0.0,0,0.0,0.0,53282.15,53619.2,52783.45,53710.35,0,0.0,0.0,0.0,0.0,-0.01,-1,-1,-0.01,-1,-1,-0.01,-1,-1,-0.01,-1,-1,-0.01,-1,-1,-0.01,-1,-1,-0.01,-1,-1,-0.01,-1,-1,-0.01,-1,-1,-0.01,-1,-1
99926009,2026-05-18 15:00:39+05:30,53536.95,0,0.0,0,0.0,0.0,53282.15,53619.2,52783.45,53710.35,0,0.0,0.0,0.0,0.0,-0.01,-1,-1,-0.01,-1,-1,-0.01,-1,-1,-0.01,-1,-1,-0.01,-1,-1,-0.01,-1,-1,-0.01,-1,-1,-0.01,-1,-1,-0.01,-1,-1,-0.01,-1,-1
99926009,2026-05-18 15:00:39+05:30,53538.95,0,0.0,0,0.0,0.0,53282.15,53619.2,52783.45,53710.35,0,0.0,0.0,0.0,0.0,-0.01,-1,-1,-0.01,-1,-1,-0.01,-1,-1,-0.01,-1,-1,-0.01,-1,-1,-0.01,-1,-1,-0.01,-1,-1,-0.01,-1,-1,-0.01,-1,-1,-0.01,-1,-1
99926009,2026-05-18 15:00:40+05:30,53538.95,0,0.0,0,0.0,0.0,53282.15,53619.2,52783.45,53710.35,0,0.0,0.0,0.0,0.0,-0.01,-1,-1,-0.01,-1,-1,-0.01,-1,-1,-0.01,-1,-1,-0.01,-1,-1,-0.01,-1,-1,-0.01,-1,-1,-0.01,-1,-1,-0.01,-1,-1,-0.01,-1,-1
99926009,2026-05-18 15:00:40+05:30,53540.35,0,0.0,0,0.0,0.0,53282.15,53619.2,52783.45,53710.35,0,0.0,0.0,0.0,0.0,-0.01,-1,-1,-0.01,-1,-1,-0.01,-1,-1,-0.01,-1,-1,-0.01,-1,-1,-0.01,-1,-1,-0.01,-1,-1,-0.01,-1,-1,-0.01,-1,-1,-0.01,-1,-1
99926009,2026-05-18 15:00:40+05:30,53543.0,0,0.0,0,0.0,0.0,53282.15,53619.2,52783.45,53710.35,0,0.0,0.0,0.0,0.0,-0.01,-1,-1,-0.01,-1,-1,-0.01,-1,-1,-0.01,-1,-1,-0.01,-1,-1,-0.01,-1,-1,-0.01,-1,-1,-0.01,-1,-1,-0.01,-1,-1,-0.01,-1,-1
99926009,2026-05-18 15:00:41+05:30,53543.0,0,0.0,0,0.0,0.0,53282.15,53619.2,52783.45,53710.35,0,0.0,0.0,0.0,0.0,-0.01,-1,-1,-0.01,-1,-1,-0.01,-1,-1,-0.01,-1,-1,-0.01,-1,-1,-0.01,-1,-1,-0.01,-1,-1,-0.01,-1,-1,-0.01,-1,-1,-0.01,-1,-1
99926009,2026-05-18 15:00:41+05:30,53540.6,0,0.0,0,0.0,0.0,53282.15,53619.2,52783.45,53710.35,0,0.0,0.0,0.0,0.0,-0.01,-1,-1,-0.01,-1,-1,-0.01,-1,-1,-0.01,-1,-1,-0.01,-1,-1,-0.01,-1,-1,-0.01,-1,-1,-0.01,-1,-1,-0.01,-1,-1,-0.01,-1,-1
99926009,2026-05-18 15:00:41+05:30,53544.65,0,0.0,0,0.0,0.0,53282.15,53619.2,52783.45,53710.35,0,0.0,0.0,0.0,0.0,-0.01,-1,-1,-0.01,-1,-1,-0.01,-1,-1,-0.01,-1,-1,-0.01,-1,-1,-0.01,-1,-1,-0.01,-1,-1,-0.01,-1,-1,-0.01,-1,-1,-0.01,-1,-1
99926009,2026-05-18 15:00:42+05:30,53544.65,0,0.0,0,0.0,0.0,53282.15,53619.2,52783.45,53710.35,0,0.0,0.0,0.0,0.0,-0.01,-1,-1,-0.01,-1,-1,-0.01,-1,-1,-0.01,-1,-1,-0.01,-1,-1,-0.01,-1,-1,-0.01,-1,-1,-0.01,-1,-1,-0.01,-1,-1,-0.01,-1,-1
99926009,2026-05-18 15:00:42+05:30,53543.4,0,0.0,0,0.0,0.0,53282.15,53619.2,52783.45,53710.35,0,0.0,0.0,0.0,0.0,-0.01,-1,-1,-0.01,-1,-1,-0.01,-1,-1,-0.01,-1,-1,-0.01,-1,-1,-0.01,-1,-1,-0.01,-1,-1,-0.01,-1,-1,-0.01,-1,-1,-0.01,-1,-1
99926009,2026-05-18 15:00:42+05:30,53552.55,0,0.0,0,0.0,0.0,53282.15,53619.2,52783.45,53710.35,0,0.0,0.0,0.0,0.0,-0.01,-1,-1,-0.01,-1,-1,-0.01,-1,-1,-0.01,-1,-1,-0.01,-1,-1,-0.01,-1,-1,-0.01,-1,-1,-0.01,-1,-1,-0.01,-1,-1,-0.01,-1,-1
99926009,2026-05-18 15:00:43+05:30,53552.55,0,0.0,0,0.0,0.0,53282.15,53619.2,52783.45,53710.35,0,0.0,0.0,0.0,0.0,-0.01,-1,-1,-0.01,-1,-1,-0.01,-1,-1,-0.01,-1,-1,-0.01,-1,-1,-0.01,-1,-1,-0.01,-1,-1,-0.01,-1,-1,-0.01,-1,-1,-0.01,-1,-1
99926009,2026-05-18 15:00:43+05:30,53550.8,0,0.0,0,0.0,0.0,53282.15,53619.2,52783.45,53710.35,0,0.0,0.0,0.0,0.0,-0.01,-1,-1,-0.01,-1,-1,-0.01,-1,-1,-0.01,-1,-1,-0.01,-1,-1,-0.01,-1,-1,-0.01,-1,-1,-0.01,-1,-1,-0.01,-1,-1,-0.01,-1,-1
99926009,2026-05-18 15:00:43+05:30,53550.8,0,0.0,0,0.0,0.0,53282.15,53619.2,52783.45,53710.35,0,0.0,0.0,0.0,0.0,-0.01,-1,-1,-0.01,-1,-1,-0.01,-1,-1,-0.01,-1,-1,-0.01,-1,-1,-0.01,-1,-1,-0.01,-1,-1,-0.01,-1,-1,-0.01,-1,-1,-0.01,-1,-1
99926009,2026-05-18 15:00:44+05:30,53550.8,0,0.0,0,0.0,0.0,53282.15,53619.2,52783.45,53710.35,0,0.0,0.0,0.0,0.0,-0.01,-1,-1,-0.01,-1,-1,-0.01,-1,-1,-0.01,-1,-1,-0.01,-1,-1,-0.01,-1,-1,-0.01,-1,-1,-0.01,-1,-1,-0.01,-1,-1,-0.01,-1,-1
99926009,2026-05-18 15:00:44+05:30,53545.15,0,0.0,0,0.0,0.0,53282.15,53619.2,52783.45,53710.35,0,0.0,0.0,0.0,0.0,-0.01,-1,-1,-0.01,-1,-1,-0.01,-1,-1,-0.01,-1,-1,-0.01,-1,-1,-0.01,-1,-1,-0.01,-1,-1,-0.01,-1,-1,-0.01,-1,-1,-0.01,-1,-1
99926009,2026-05-18 15:00:44+05:30,53543.25,0,0.0,0,0.0,0.0,53282.15,53619.2,52783.45,53710.35,0,0.0,0.0,0.0,0.0,-0.01,-1,-1,-0.01,-1,-1,-0.01,-1,-1,-0.01,-1,-1,-0.01,-1,-1,-0.01,-1,-1,-0.01,-1,-1,-0.01,-1,-1,-0.01,-1,-1,-0.01,-1,-1
99926009,2026-05-18 15:00:45+05:30,53543.25,0,0.0,0,0.0,0.0,53282.15,53619.2,52783.45,53710.35,0,0.0,0.0,0.0,0.0,-0.01,-1,-1,-0.01,-1,-1,-0.01,-1,-1,-0.01,-1,-1,-0.01,-1,-1,-0.01,-1,-1,-0.01,-1,-1,-0.01,-1,-1,-0.01,-1,-1,-0.01,-1,-1
99926009,2026-05-18 15:00:45+05:30,53542.05,0,0.0,0,0.0,0.0,53282.15,53619.2,52783.45,53710.35,0,0.0,0.0,0.0,0.0,-0.01,-1,-1,-0.01,-1,-1,-0.01,-1,-1,-0.01,-1,-1,-0.01,-1,-1,-0.01,-1,-1,-0.01,-1,-1,-0.01,-1,-1,-0.01,-1,-1,-0.01,-1,-1
99926009,2026-05-18 15:00:45+05:30,53546.05,0,0.0,0,0.0,0.0,53282.15,53619.2,52783.45,53710.35,0,0.0,0.0,0.0,0.0,-0.01,-1,-1,-0.01,-1,-1,-0.01,-1,-1,-0.01,-1,-1,-0.01,-1,-1,-0.01,-1,-1,-0.01,-1,-1,-0.01,-1,-1,-0.01,-1,-1,-0.01,-1,-1
99926009,2026-05-18 15:00:46+05:30,53546.05,0,0.0,0,0.0,0.0,53282.15,53619.2,52783.45,53710.35,0,0.0,0.0,0.0,0.0,-0.01,-1,-1,-0.01,-1,-1,-0.01,-1,-1,-0.01,-1,-1,-0.01,-1,-1,-0.01,-1,-1,-0.01,-1,-1,-0.01,-1,-1,-0.01,-1,-1,-0.01,-1,-1
99926009,2026-05-18 15:00:46+05:30,53546.55,0,0.0,0,0.0,0.0,53282.15,53619.2,52783.45,53710.35,0,0.0,0.0,0.0,0.0,-0.01,-1,-1,-0.01,-1,-1,-0.01,-1,-1,-0.01,-1,-1,-0.01,-1,-1,-0.01,-1,-1,-0.01,-1,-1,-0.01,-1,-1,-0.01,-1,-1,-0.01,-1,-1
99926009,2026-05-18 15:00:46+05:30,53545.8,0,0.0,0,0.0,0.0,53282.15,53619.2,52783.45,53710.35,0,0.0,0.0,0.0,0.0,-0.01,-1,-1,-0.01,-1,-1,-0.01,-1,-1,-0.01,-1,-1,-0.01,-1,-1,-0.01,-1,-1,-0.01,-1,-1,-0.01,-1,-1,-0.01,-1,-1,-0.01,-1,-1
99926009,2026-05-18 15:00:47+05:30,53545.8,0,0.0,0,0.0,0.0,53282.15,53619.2,52783.45,53710.35,0,0.0,0.0,0.0,0.0,-0.01,-1,-1,-0.01,-1,-1,-0.01,-1,-1,-0.01,-1,-1,-0.01,-1,-1,-0.01,-1,-1,-0.01,-1,-1,-0.01,-1,-1,-0.01,-1,-1,-0.01,-1,-1
99926009,2026-05-18 15:00:47+05:30,53543.35,0,0.0,0,0.0,0.0,53282.15,53619.2,52783.45,53710.35,0,0.0,0.0,0.0,0.0,-0.01,-1,-1,-0.01,-1,-1,-0.01,-1,-1,-0.01,-1,-1,-0.01,-1,-1,-0.01,-1,-1,-0.01,-1,-1,-0.01,-1,-1,-0.01,-1,-1,-0.01,-1,-1
99926009,2026-05-18 15:00:47+05:30,53547.35,0,0.0,0,0.0,0.0,53282.15,53619.2,52783.45,53710.35,0,0.0,0.0,0.0,0.0,-0.01,-1,-1,-0.01,-1,-1,-0.01,-1,-1,-0.01,-1,-1,-0.01,-1,-1,-0.01,-1,-1,-0.01,-1,-1,-0.01,-1,-1,-0.01,-1,-1,-0.01,-1,-1
99926009,2026-05-18 15:00:48+05:30,53547.35,0,0.0,0,0.0,0.0,53282.15,53619.2,52783.45,53710.35,0,0.0,0.0,0.0,0.0,-0.01,-1,-1,-0.01,-1,-1,-0.01,-1,-1,-0.01,-1,-1,-0.01,-1,-1,-0.01,-1,-1,-0.01,-1,-1,-0.01,-1,-1,-0.01,-1,-1,-0.01,-1,-1
99926009,2026-05-18 15:00:48+05:30,53548.2,0,0.0,0,0.0,0.0,53282.15,53619.2,52783.45,53710.35,0,0.0,0.0,0.0,0.0,-0.01,-1,-1,-0.01,-1,-1,-0.01,-1,-1,-0.01,-1,-1,-0.01,-1,-1,-0.01,-1,-1,-0.01,-1,-1,-0.01,-1,-1,-0.01,-1,-1,-0.01,-1,-1
99926009,2026-05-18 15:00:48+05:30,53544.4,0,0.0,0,0.0,0.0,53282.15,53619.2,52783.45,53710.35,0,0.0,0.0,0.0,0.0,-0.01,-1,-1,-0.01,-1,-1,-0.01,-1,-1,-0.01,-1,-1,-0.01,-1,-1,-0.01,-1,-1,-0.01,-1,-1,-0.01,-1,-1,-0.01,-1,-1,-0.01,-1,-1
99926009,2026-05-18 15:00:49+05:30,53544.4,0,0.0,0,0.0,0.0,53282.15,53619.2,52783.45,53710.35,0,0.0,0.0,0.0,0.0,-0.01,-1,-1,-0.01,-1,-1,-0.01,-1,-1,-0.01,-1,-1,-0.01,-1,-1,-0.01,-1,-1,-0.01,-1,-1,-0.01,-1,-1,-0.01,-1,-1,-0.01,-1,-1
99926009,2026-05-18 15:00:49+05:30,53544.6,0,0.0,0,0.0,0.0,53282.15,53619.2,52783.45,53710.35,0,0.0,0.0,0.0,0.0,-0.01,-1,-1,-0.01,-1,-1,-0.01,-1,-1,-0.01,-1,-1,-0.01,-1,-1,-0.01,-1,-1,-0.01,-1,-1,-0.01,-1,-1,-0.01,-1,-1,-0.01,-1,-1
99926009,2026-05-18 15:00:49+05:30,53543.2,0,0.0,0,0.0,0.0,53282.15,53619.2,52783.45,53710.35,0,0.0,0.0,0.0,0.0,-0.01,-1,-1,-0.01,-1,-1,-0.01,-1,-1,-0.01,-1,-1,-0.01,-1,-1,-0.01,-1,-1,-0.01,-1,-1,-0.01,-1,-1,-0.01,-1,-1,-0.01,-1,-1
99926009,2026-05-18 15:00:50+05:30,53543.2,0,0.0,0,0.0,0.0,53282.15,53619.2,52783.45,53710.35,0,0.0,0.0,0.0,0.0,-0.01,-1,-1,-0.01,-1,-1,-0.01,-1,-1,-0.01,-1,-1,-0.01,-1,-1,-0.01,-1,-1,-0.01,-1,-1,-0.01,-1,-1,-0.01,-1,-1,-0.01,-1,-1
99926009,2026-05-18 15:00:50+05:30,53545.15,0,0.0,0,0.0,0.0,53282.15,53619.2,52783.45,53710.35,0,0.0,0.0,0.0,0.0,-0.01,-1,-1,-0.01,-1,-1,-0.01,-1,-1,-0.01,-1,-1,-0.01,-1,-1,-0.01,-1,-1,-0.01,-1,-1,-0.01,-1,-1,-0.01,-1,-1,-0.01,-1,-1
99926009,2026-05-18 15:00:50+05:30,53549.1,0,0.0,0,0.0,0.0,53282.15,53619.2,52783.45,53710.35,0,0.0,0.0,0.0,0.0,-0.01,-1,-1,-0.01,-1,-1,-0.01,-1,-1,-0.01,-1,-1,-0.01,-1,-1,-0.01,-1,-1,-0.01,-1,-1,-0.01,-1,-1,-0.01,-1,-1,-0.01,-1,-1
99926009,2026-05-18 15:00:51+05:30,53549.1,0,0.0,0,0.0,0.0,53282.15,53619.2,52783.45,53710.35,0,0.0,0.0,0.0,0.0,-0.01,-1,-1,-0.01,-1,-1,-0.01,-1,-1,-0.01,-1,-1,-0.01,-1,-1,-0.01,-1,-1,-0.01,-1,-1,-0.01,-1,-1,-0.01,-1,-1,-0.01,-1,-1
99926009,2026-05-18 15:00:51+05:30,53547.15,0,0.0,0,0.0,0.0,53282.15,53619.2,52783.45,53710.35,0,0.0,0.0,0.0,0.0,-0.01,-1,-1,-0.01,-1,-1,-0.01,-1,-1,-0.01,-1,-1,-0.01,-1,-1,-0.01,-1,-1,-0.01,-1,-1,-0.01,-1,-1,-0.01,-1,-1,-0.01,-1,-1
99926009,2026-05-18 15:00:51+05:30,53548.05,0,0.0,0,0.0,0.0,53282.15,53619.2,52783.45,53710.35,0,0.0,0.0,0.0,0.0,-0.01,-1,-1,-0.01,-1,-1,-0.01,-1,-1,-0.01,-1,-1,-0.01,-1,-1,-0.01,-1,-1,-0.01,-1,-1,-0.01,-1,-1,-0.01,-1,-1,-0.01,-1,-1
99926009,2026-05-18 15:00:52+05:30,53548.05,0,0.0,0,0.0,0.0,53282.15,53619.2,52783.45,53710.35,0,0.0,0.0,0.0,0.0,-0.01,-1,-1,-0.01,-1,-1,-0.01,-1,-1,-0.01,-1,-1,-0.01,-1,-1,-0.01,-1,-1,-0.01,-1,-1,-0.01,-1,-1,-0.01,-1,-1,-0.01,-1,-1
99926009,2026-05-18 15:00:52+05:30,53546.9,0,0.0,0,0.0,0.0,53282.15,53619.2,52783.45,53710.35,0,0.0,0.0,0.0,0.0,-0.01,-1,-1,-0.01,-1,-1,-0.01,-1,-1,-0.01,-1,-1,-0.01,-1,-1,-0.01,-1,-1,-0.01,-1,-1,-0.01,-1,-1,-0.01,-1,-1,-0.01,-1,-1
99926009,2026-05-18 15:00:52+05:30,53546.45,0,0.0,0,0.0,0.0,53282.15,53619.2,52783.45,53710.35,0,0.0,0.0,0.0,0.0,-0.01,-1,-1,-0.01,-1,-1,-0.01,-1,-1,-0.01,-1,-1,-0.01,-1,-1,-0.01,-1,-1,-0.01,-1,-1,-0.01,-1,-1,-0.01,-1,-1,-0.01,-1,-1
99926009,2026-05-18 15:00:53+05:30,53546.45,0,0.0,0,0.0,0.0,53282.15,53619.2,52783.45,53710.35,0,0.0,0.0,0.0,0.0,-0.01,-1,-1,-0.01,-1,-1,-0.01,-1,-1,-0.01,-1,-1,-0.01,-1,-1,-0.01,-1,-1,-0.01,-1,-1,-0.01,-1,-1,-0.01,-1,-1,-0.01,-1,-1
99926009,2026-05-18 15:00:53+05:30,53548.8,0,0.0,0,0.0,0.0,53282.15,53619.2,52783.45,53710.35,0,0.0,0.0,0.0,0.0,-0.01,-1,-1,-0.01,-1,-1,-0.01,-1,-1,-0.01,-1,-1,-0.01,-1,-1,-0.01,-1,-1,-0.01,-1,-1,-0.01,-1,-1,-0.01,-1,-1,-0.01,-1,-1
99926009,2026-05-18 15:00:53+05:30,53549.5,0,0.0,0,0.0,0.0,53282.15,53619.2,52783.45,53710.35,0,0.0,0.0,0.0,0.0,-0.01,-1,-1,-0.01,-1,-1,-0.01,-1,-1,-0.01,-1,-1,-0.01,-1,-1,-0.01,-1,-1,-0.01,-1,-1,-0.01,-1,-1,-0.01,-1,-1,-0.01,-1,-1
99926009,2026-05-18 15:00:54+05:30,53549.5,0,0.0,0,0.0,0.0,53282.15,53619.2,52783.45,53710.35,0,0.0,0.0,0.0,0.0,-0.01,-1,-1,-0.01,-1,-1,-0.01,-1,-1,-0.01,-1,-1,-0.01,-1,-1,-0.01,-1,-1,-0.01,-1,-1,-0.01,-1,-1,-0.01,-1,-1,-0.01,-1,-1
99926009,2026-05-18 15:00:54+05:30,53549.75,0,0.0,0,0.0,0.0,53282.15,53619.2,52783.45,53710.35,0,0.0,0.0,0.0,0.0,-0.01,-1,-1,-0.01,-1,-1,-0.01,-1,-1,-0.01,-1,-1,-0.01,-1,-1,-0.01,-1,-1,-0.01,-1,-1,-0.01,-1,-1,-0.01,-1,-1,-0.01,-1,-1
99926009,2026-05-18 15:00:54+05:30,53550.25,0,0.0,0,0.0,0.0,53282.15,53619.2,52783.45,53710.35,0,0.0,0.0,0.0,0.0,-0.01,-1,-1,-0.01,-1,-1,-0.01,-1,-1,-0.01,-1,-1,-0.01,-1,-1,-0.01,-1,-1,-0.01,-1,-1,-0.01,-1,-1,-0.01,-1,-1,-0.01,-1,-1
99926009,2026-05-18 15:00:55+05:30,53550.25,0,0.0,0,0.0,0.0,53282.15,53619.2,52783.45,53710.35,0,0.0,0.0,0.0,0.0,-0.01,-1,-1,-0.01,-1,-1,-0.01,-1,-1,-0.01,-1,-1,-0.01,-1,-1,-0.01,-1,-1,-0.01,-1,-1,-0.01,-1,-1,-0.01,-1,-1,-0.01,-1,-1
99926009,2026-05-18 15:00:55+05:30,53551.8,0,0.0,0,0.0,0.0,53282.15,53619.2,52783.45,53710.35,0,0.0,0.0,0.0,0.0,-0.01,-1,-1,-0.01,-1,-1,-0.01,-1,-1,-0.01,-1,-1,-0.01,-1,-1,-0.01,-1,-1,-0.01,-1,-1,-0.01,-1,-1,-0.01,-1,-1,-0.01,-1,-1
99926009,2026-05-18 15:00:55+05:30,53555.15,0,0.0,0,0.0,0.0,53282.15,53619.2,52783.45,53710.35,0,0.0,0.0,0.0,0.0,-0.01,-1,-1,-0.01,-1,-1,-0.01,-1,-1,-0.01,-1,-1,-0.01,-1,-1,-0.01,-1,-1,-0.01,-1,-1,-0.01,-1,-1,-0.01,-1,-1,-0.01,-1,-1
99926009,2026-05-18 15:00:56+05:30,53555.15,0,0.0,0,0.0,0.0,53282.15,53619.2,52783.45,53710.35,0,0.0,0.0,0.0,0.0,-0.01,-1,-1,-0.01,-1,-1,-0.01,-1,-1,-0.01,-1,-1,-0.01,-1,-1,-0.01,-1,-1,-0.01,-1,-1,-0.01,-1,-1,-0.01,-1,-1,-0.01,-1,-1
99926009,2026-05-18 15:00:56+05:30,53554.3,0,0.0,0,0.0,0.0,53282.15,53619.2,52783.45,53710.35,0,0.0,0.0,0.0,0.0,-0.01,-1,-1,-0.01,-1,-1,-0.01,-1,-1,-0.01,-1,-1,-0.01,-1,-1,-0.01,-1,-1,-0.01,-1,-1,-0.01,-1,-1,-0.01,-1,-1,-0.01,-1,-1
99926009,2026-05-18 15:00:56+05:30,53559.0,0,0.0,0,0.0,0.0,53282.15,53619.2,52783.45,53710.35,0,0.0,0.0,0.0,0.0,-0.01,-1,-1,-0.01,-1,-1,-0.01,-1,-1,-0.01,-1,-1,-0.01,-1,-1,-0.01,-1,-1,-0.01,-1,-1,-0.01,-1,-1,-0.01,-1,-1,-0.01,-1,-1
99926009,2026-05-18 15:00:57+05:30,53559.0,0,0.0,0,0.0,0.0,53282.15,53619.2,52783.45,53710.35,0,0.0,0.0,0.0,0.0,-0.01,-1,-1,-0.01,-1,-1,-0.01,-1,-1,-0.01,-1,-1,-0.01,-1,-1,-0.01,-1,-1,-0.01,-1,-1,-0.01,-1,-1,-0.01,-1,-1,-0.01,-1,-1
99926009,2026-05-18 15:00:57+05:30,53557.05,0,0.0,0,0.0,0.0,53282.15,53619.2,52783.45,53710.35,0,0.0,0.0,0.0,0.0,-0.01,-1,-1,-0.01,-1,-1,-0.01,-1,-1,-0.01,-1,-1,-0.01,-1,-1,-0.01,-1,-1,-0.01,-1,-1,-0.01,-1,-1,-0.01,-1,-1,-0.01,-1,-1
99926009,2026-05-18 15:00:57+05:30,53558.6,0,0.0,0,0.0,0.0,53282.15,53619.2,52783.45,53710.35,0,0.0,0.0,0.0,0.0,-0.01,-1,-1,-0.01,-1,-1,-0.01,-1,-1,-0.01,-1,-1,-0.01,-1,-1,-0.01,-1,-1,-0.01,-1,-1,-0.01,-1,-1,-0.01,-1,-1,-0.01,-1,-1
99926009,2026-05-18 15:00:58+05:30,53558.6,0,0.0,0,0.0,0.0,53282.15,53619.2,52783.45,53710.35,0,0.0,0.0,0.0,0.0,-0.01,-1,-1,-0.01,-1,-1,-0.01,-1,-1,-0.01,-1,-1,-0.01,-1,-1,-0.01,-1,-1,-0.01,-1,-1,-0.01,-1,-1,-0.01,-1,-1,-0.01,-1,-1
99926009,2026-05-18 15:00:58+05:30,53557.85,0,0.0,0,0.0,0.0,53282.15,53619.2,52783.45,53710.35,0,0.0,0.0,0.0,0.0,-0.01,-1,-1,-0.01,-1,-1,-0.01,-1,-1,-0.01,-1,-1,-0.01,-1,-1,-0.01,-1,-1,-0.01,-1,-1,-0.01,-1,-1,-0.01,-1,-1,-0.01,-1,-1
99926009,2026-05-18 15:00:58+05:30,53557.8,0,0.0,0,0.0,0.0,53282.15,53619.2,52783.45,53710.35,0,0.0,0.0,0.0,0.0,-0.01,-1,-1,-0.01,-1,-1,-0.01,-1,-1,-0.01,-1,-1,-0.01,-1,-1,-0.01,-1,-1,-0.01,-1,-1,-0.01,-1,-1,-0.01,-1,-1,-0.01,-1,-1
99926009,2026-05-18 15:00:59+05:30,53557.8,0,0.0,0,0.0,0.0,53282.15,53619.2,52783.45,53710.35,0,0.0,0.0,0.0,0.0,-0.01,-1,-1,-0.01,-1,-1,-0.01,-1,-1,-0.01,-1,-1,-0.01,-1,-1,-0.01,-1,-1,-0.01,-1,-1,-0.01,-1,-1,-0.01,-1,-1,-0.01,-1,-1
99926009,2026-05-18 15:00:59+05:30,53557.0,0,0.0,0,0.0,0.0,53282.15,53619.2,52783.45,53710.35,0,0.0,0.0,0.0,0.0,-0.01,-1,-1,-0.01,-1,-1,-0.01,-1,-1,-0.01,-1,-1,-0.01,-1,-1,-0.01,-1,-1,-0.01,-1,-1,-0.01,-1,-1,-0.01,-1,-1,-0.01,-1,-1
99926009,2026-05-18 15:00:59+05:30,53558.4,0,0.0,0,0.0,0.0,53282.15,53619.2,52783.45,53710.35,0,0.0,0.0,0.0,0.0,-0.01,-1,-1,-0.01,-1,-1,-0.01,-1,-1,-0.01,-1,-1,-0.01,-1,-1,-0.01,-1,-1,-0.01,-1,-1,-0.01,-1,-1,-0.01,-1,-1,-0.01,-1,-1
99926009,2026-05-18 15:01:00+05:30,53558.4,0,0.0,0,0.0,0.0,53282.15,53619.2,52783.45,53710.35,0,0.0,0.0,0.0,0.0,-0.01,-1,-1,-0.01,-1,-1,-0.01,-1,-1,-0.01,-1,-1,-0.01,-1,-1,-0.01,-1,-1,-0.01,-1,-1,-0.01,-1,-1,-0.01,-1,-1,-0.01,-1,-1
99926009,2026-05-18 15:01:00+05:30,53558.5,0,0.0,0,0.0,0.0,53282.15,53619.2,52783.45,53710.35,0,0.0,0.0,0.0,0.0,-0.01,-1,-1,-0.01,-1,-1,-0.01,-1,-1,-0.01,-1,-1,-0.01,-1,-1,-0.01,-1,-1,-0.01,-1,-1,-0.01,-1,-1,-0.01,-1,-1,-0.01,-1,-1
99926009,2026-05-18 15:01:00+05:30,53563.5,0,0.0,0,0.0,0.0,53282.15,53619.2,52783.45,53710.35,0,0.0,0.0,0.0,0.0,-0.01,-1,-1,-0.01,-1,-1,-0.01,-1,-1,-0.01,-1,-1,-0.01,-1,-1,-0.01,-1,-1,-0.01,-1,-1,-0.01,-1,-1,-0.01,-1,-1,-0.01,-1,-1
99926009,2026-05-18 15:01:01+05:30,53563.5,0,0.0,0,0.0,0.0,53282.15,53619.2,52783.45,53710.35,0,0.0,0.0,0.0,0.0,-0.01,-1,-1,-0.01,-1,-1,-0.01,-1,-1,-0.01,-1,-1,-0.01,-1,-1,-0.01,-1,-1,-0.01,-1,-1,-0.01,-1,-1,-0.01,-1,-1,-0.01,-1,-1
99926009,2026-05-18 15:01:01+05:30,53563.95,0,0.0,0,0.0,0.0,53282.15,53619.2,52783.45,53710.35,0,0.0,0.0,0.0,0.0,-0.01,-1,-1,-0.01,-1,-1,-0.01,-1,-1,-0.01,-1,-1,-0.01,-1,-1,-0.01,-1,-1,-0.01,-1,-1,-0.01,-1,-1,-0.01,-1,-1,-0.01,-1,-1
99926009,2026-05-18 15:01:01+05:30,53559.3,0,0.0,0,0.0,0.0,53282.15,53619.2,52783.45,53710.35,0,0.0,0.0,0.0,0.0,-0.01,-1,-1,-0.01,-1,-1,-0.01,-1,-1,-0.01,-1,-1,-0.01,-1,-1,-0.01,-1,-1,-0.01,-1,-1,-0.01,-1,-1,-0.01,-1,-1,-0.01,-1,-1
99926009,2026-05-18 15:01:02+05:30,53559.3,0,0.0,0,0.0,0.0,53282.15,53619.2,52783.45,53710.35,0,0.0,0.0,0.0,0.0,-0.01,-1,-1,-0.01,-1,-1,-0.01,-1,-1,-0.01,-1,-1,-0.01,-1,-1,-0.01,-1,-1,-0.01,-1,-1,-0.01,-1,-1,-0.01,-1,-1,-0.01,-1,-1
99926009,2026-05-18 15:01:02+05:30,53556.9,0,0.0,0,0.0,0.0,53282.15,53619.2,52783.45,53710.35,0,0.0,0.0,0.0,0.0,-0.01,-1,-1,-0.01,-1,-1,-0.01,-1,-1,-0.01,-1,-1,-0.01,-1,-1,-0.01,-1,-1,-0.01,-1,-1,-0.01,-1,-1,-0.01,-1,-1,-0.01,-1,-1
99926009,2026-05-18 15:01:02+05:30,53558.65,0,0.0,0,0.0,0.0,53282.15,53619.2,52783.45,53710.35,0,0.0,0.0,0.0,0.0,-0.01,-1,-1,-0.01,-1,-1,-0.01,-1,-1,-0.01,-1,-1,-0.01,-1,-1,-0.01,-1,-1,-0.01,-1,-1,-0.01,-1,-1,-0.01,-1,-1,-0.01,-1,-1
99926009,2026-05-18 15:01:03+05:30,53558.65,0,0.0,0,0.0,0.0,53282.15,53619.2,52783.45,53710.35,0,0.0,0.0,0.0,0.0,-0.01,-1,-1,-0.01,-1,-1,-0.01,-1,-1,-0.01,-1,-1,-0.01,-1,-1,-0.01,-1,-1,-0.01,-1,-1,-0.01,-1,-1,-0.01,-1,-1,-0.01,-1,-1
99926009,2026-05-18 15:01:03+05:30,53562.45,0,0.0,0,0.0,0.0,53282.15,53619.2,52783.45,53710.35,0,0.0,0.0,0.0,0.0,-0.01,-1,-1,-0.01,-1,-1,-0.01,-1,-1,-0.01,-1,-1,-0.01,-1,-1,-0.01,-1,-1,-0.01,-1,-1,-0.01,-1,-1,-0.01,-1,-1,-0.01,-1,-1
99926009,2026-05-18 15:01:03+05:30,53561.0,0,0.0,0,0.0,0.0,53282.15,53619.2,52783.45,53710.35,0,0.0,0.0,0.0,0.0,-0.01,-1,-1,-0.01,-1,-1,-0.01,-1,-1,-0.01,-1,-1,-0.01,-1,-1,-0.01,-1,-1,-0.01,-1,-1,-0.01,-1,-1,-0.01,-1,-1,-0.01,-1,-1
99926009,2026-05-18 15:01:04+05:30,53561.0,0,0.0,0,0.0,0.0,53282.15,53619.2,52783.45,53710.35,0,0.0,0.0,0.0,0.0,-0.01,-1,-1,-0.01,-1,-1,-0.01,-1,-1,-0.01,-1,-1,-0.01,-1,-1,-0.01,-1,-1,-0.01,-1,-1,-0.01,-1,-1,-0.01,-1,-1,-0.01,-1,-1
99926009,2026-05-18 15:01:04+05:30,53562.9,0,0.0,0,0.0,0.0,53282.15,53619.2,52783.45,53710.35,0,0.0,0.0,0.0,0.0,-0.01,-1,-1,-0.01,-1,-1,-0.01,-1,-1,-0.01,-1,-1,-0.01,-1,-1,-0.01,-1,-1,-0.01,-1,-1,-0.01,-1,-1,-0.01,-1,-1,-0.01,-1,-1
99926009,2026-05-18 15:01:04+05:30,53563.85,0,0.0,0,0.0,0.0,53282.15,53619.2,52783.45,53710.35,0,0.0,0.0,0.0,0.0,-0.01,-1,-1,-0.01,-1,-1,-0.01,-1,-1,-0.01,-1,-1,-0.01,-1,-1,-0.01,-1,-1,-0.01,-1,-1,-0.01,-1,-1,-0.01,-1,-1,-0.01,-1,-1
99926009,2026-05-18 15:01:05+05:30,53563.85,0,0.0,0,0.0,0.0,53282.15,53619.2,52783.45,53710.35,0,0.0,0.0,0.0,0.0,-0.01,-1,-1,-0.01,-1,-1,-0.01,-1,-1,-0.01,-1,-1,-0.01,-1,-1,-0.01,-1,-1,-0.01,-1,-1,-0.01,-1,-1,-0.01,-1,-1,-0.01,-1,-1
99926009,2026-05-18 15:01:05+05:30,53568.6,0,0.0,0,0.0,0.0,53282.15,53619.2,52783.45,53710.35,0,0.0,0.0,0.0,0.0,-0.01,-1,-1,-0.01,-1,-1,-0.01,-1,-1,-0.01,-1,-1,-0.01,-1,-1,-0.01,-1,-1,-0.01,-1,-1,-0.01,-1,-1,-0.01,-1,-1,-0.01,-1,-1
99926009,2026-05-18 15:01:05+05:30,53575.65,0,0.0,0,0.0,0.0,53282.15,53619.2,52783.45,53710.35,0,0.0,0.0,0.0,0.0,-0.01,-1,-1,-0.01,-1,-1,-0.01,-1,-1,-0.01,-1,-1,-0.01,-1,-1,-0.01,-1,-1,-0.01,-1,-1,-0.01,-1,-1,-0.01,-1,-1,-0.01,-1,-1
99926009,2026-05-18 15:01:06+05:30,53575.65,0,0.0,0,0.0,0.0,53282.15,53619.2,52783.45,53710.35,0,0.0,0.0,0.0,0.0,-0.01,-1,-1,-0.01,-1,-1,-0.01,-1,-1,-0.01,-1,-1,-0.01,-1,-1,-0.01,-1,-1,-0.01,-1,-1,-0.01,-1,-1,-0.01,-1,-1,-0.01,-1,-1
99926009,2026-05-18 15:01:06+05:30,53580.05,0,0.0,0,0.0,0.0,53282.15,53619.2,52783.45,53710.35,0,0.0,0.0,0.0,0.0,-0.01,-1,-1,-0.01,-1,-1,-0.01,-1,-1,-0.01,-1,-1,-0.01,-1,-1,-0.01,-1,-1,-0.01,-1,-1,-0.01,-1,-1,-0.01,-1,-1,-0.01,-1,-1
99926009,2026-05-18 15:01:06+05:30,53578.9,0,0.0,0,0.0,0.0,53282.15,53619.2,52783.45,53710.35,0,0.0,0.0,0.0,0.0,-0.01,-1,-1,-0.01,-1,-1,-0.01,-1,-1,-0.01,-1,-1,-0.01,-1,-1,-0.01,-1,-1,-0.01,-1,-1,-0.01,-1,-1,-0.01,-1,-1,-0.01,-1,-1
99926009,2026-05-18 15:01:07+05:30,53578.9,0,0.0,0,0.0,0.0,53282.15,53619.2,52783.45,53710.35,0,0.0,0.0,0.0,0.0,-0.01,-1,-1,-0.01,-1,-1,-0.01,-1,-1,-0.01,-1,-1,-0.01,-1,-1,-0.01,-1,-1,-0.01,-1,-1,-0.01,-1,-1,-0.01,-1,-1,-0.01,-1,-1
99926009,2026-05-18 15:01:07+05:30,53581.25,0,0.0,0,0.0,0.0,53282.15,53619.2,52783.45,53710.35,0,0.0,0.0,0.0,0.0,-0.01,-1,-1,-0.01,-1,-1,-0.01,-1,-1,-0.01,-1,-1,-0.01,-1,-1,-0.01,-1,-1,-0.01,-1,-1,-0.01,-1,-1,-0.01,-1,-1,-0.01,-1,-1
99926009,2026-05-18 15:01:07+05:30,53580.05,0,0.0,0,0.0,0.0,53282.15,53619.2,52783.45,53710.35,0,0.0,0.0,0.0,0.0,-0.01,-1,-1,-0.01,-1,-1,-0.01,-1,-1,-0.01,-1,-1,-0.01,-1,-1,-0.01,-1,-1,-0.01,-1,-1,-0.01,-1,-1,-0.01,-1,-1,-0.01,-1,-1
99926009,2026-05-18 15:01:08+05:30,53580.05,0,0.0,0,0.0,0.0,53282.15,53619.2,52783.45,53710.35,0,0.0,0.0,0.0,0.0,-0.01,-1,-1,-0.01,-1,-1,-0.01,-1,-1,-0.01,-1,-1,-0.01,-1,-1,-0.01,-1,-1,-0.01,-1,-1,-0.01,-1,-1,-0.01,-1,-1,-0.01,-1,-1
99926009,2026-05-18 15:01:08+05:30,53579.1,0,0.0,0,0.0,0.0,53282.15,53619.2,52783.45,53710.35,0,0.0,0.0,0.0,0.0,-0.01,-1,-1,-0.01,-1,-1,-0.01,-1,-1,-0.01,-1,-1,-0.01,-1,-1,-0.01,-1,-1,-0.01,-1,-1,-0.01,-1,-1,-0.01,-1,-1,-0.01,-1,-1
99926009,2026-05-18 15:01:08+05:30,53581.95,0,0.0,0,0.0,0.0,53282.15,53619.2,52783.45,53710.35,0,0.0,0.0,0.0,0.0,-0.01,-1,-1,-0.01,-1,-1,-0.01,-1,-1,-0.01,-1,-1,-0.01,-1,-1,-0.01,-1,-1,-0.01,-1,-1,-0.01,-1,-1,-0.01,-1,-1,-0.01,-1,-1
99926009,2026-05-18 15:01:09+05:30,53581.95,0,0.0,0,0.0,0.0,53282.15,53619.2,52783.45,53710.35,0,0.0,0.0,0.0,0.0,-0.01,-1,-1,-0.01,-1,-1,-0.01,-1,-1,-0.01,-1,-1,-0.01,-1,-1,-0.01,-1,-1,-0.01,-1,-1,-0.01,-1,-1,-0.01,-1,-1,-0.01,-1,-1
99926009,2026-05-18 15:01:09+05:30,53585.75,0,0.0,0,0.0,0.0,53282.15,53619.2,52783.45,53710.35,0,0.0,0.0,0.0,0.0,-0.01,-1,-1,-0.01,-1,-1,-0.01,-1,-1,-0.01,-1,-1,-0.01,-1,-1,-0.01,-1,-1,-0.01,-1,-1,-0.01,-1,-1,-0.01,-1,-1,-0.01,-1,-1
99926009,2026-05-18 15:01:09+05:30,53583.5,0,0.0,0,0.0,0.0,53282.15,53619.2,52783.45,53710.35,0,0.0,0.0,0.0,0.0,-0.01,-1,-1,-0.01,-1,-1,-0.01,-1,-1,-0.01,-1,-1,-0.01,-1,-1,-0.01,-1,-1,-0.01,-1,-1,-0.01,-1,-1,-0.01,-1,-1,-0.01,-1,-1
99926009,2026-05-18 15:01:10+05:30,53583.5,0,0.0,0,0.0,0.0,53282.15,53619.2,52783.45,53710.35,0,0.0,0.0,0.0,0.0,-0.01,-1,-1,-0.01,-1,-1,-0.01,-1,-1,-0.01,-1,-1,-0.01,-1,-1,-0.01,-1,-1,-0.01,-1,-1,-0.01,-1,-1,-0.01,-1,-1,-0.01,-1,-1
99926009,2026-05-18 15:01:10+05:30,53584.25,0,0.0,0,0.0,0.0,53282.15,53619.2,52783.45,53710.35,0,0.0,0.0,0.0,0.0,-0.01,-1,-1,-0.01,-1,-1,-0.01,-1,-1,-0.01,-1,-1,-0.01,-1,-1,-0.01,-1,-1,-0.01,-1,-1,-0.01,-1,-1,-0.01,-1,-1,-0.01,-1,-1
99926009,2026-05-18 15:01:10+05:30,53592.65,0,0.0,0,0.0,0.0,53282.15,53619.2,52783.45,53710.35,0,0.0,0.0,0.0,0.0,-0.01,-1,-1,-0.01,-1,-1,-0.01,-1,-1,-0.01,-1,-1,-0.01,-1,-1,-0.01,-1,-1,-0.01,-1,-1,-0.01,-1,-1,-0.01,-1,-1,-0.01,-1,-1
99926009,2026-05-18 15:01:11+05:30,53592.65,0,0.0,0,0.0,0.0,53282.15,53619.2,52783.45,53710.35,0,0.0,0.0,0.0,0.0,-0.01,-1,-1,-0.01,-1,-1,-0.01,-1,-1,-0.01,-1,-1,-0.01,-1,-1,-0.01,-1,-1,-0.01,-1,-1,-0.01,-1,-1,-0.01,-1,-1,-0.01,-1,-1
99926009,2026-05-18 15:01:11+05:30,53593.2,0,0.0,0,0.0,0.0,53282.15,53619.2,52783.45,53710.35,0,0.0,0.0,0.0,0.0,-0.01,-1,-1,-0.01,-1,-1,-0.01,-1,-1,-0.01,-1,-1,-0.01,-1,-1,-0.01,-1,-1,-0.01,-1,-1,-0.01,-1,-1,-0.01,-1,-1,-0.01,-1,-1
99926009,2026-05-18 15:01:11+05:30,53596.75,0,0.0,0,0.0,0.0,53282.15,53619.2,52783.45,53710.35,0,0.0,0.0,0.0,0.0,-0.01,-1,-1,-0.01,-1,-1,-0.01,-1,-1,-0.01,-1,-1,-0.01,-1,-1,-0.01,-1,-1,-0.01,-1,-1,-0.01,-1,-1,-0.01,-1,-1,-0.01,-1,-1
99926009,2026-05-18 15:01:12+05:30,53596.75,0,0.0,0,0.0,0.0,53282.15,53619.2,52783.45,53710.35,0,0.0,0.0,0.0,0.0,-0.01,-1,-1,-0.01,-1,-1,-0.01,-1,-1,-0.01,-1,-1,-0.01,-1,-1,-0.01,-1,-1,-0.01,-1,-1,-0.01,-1,-1,-0.01,-1,-1,-0.01,-1,-1
99926009,2026-05-18 15:01:12+05:30,53597.45,0,0.0,0,0.0,0.0,53282.15,53619.2,52783.45,53710.35,0,0.0,0.0,0.0,0.0,-0.01,-1,-1,-0.01,-1,-1,-0.01,-1,-1,-0.01,-1,-1,-0.01,-1,-1,-0.01,-1,-1,-0.01,-1,-1,-0.01,-1,-1,-0.01,-1,-1,-0.01,-1,-1
99926009,2026-05-18 15:01:12+05:30,53596.45,0,0.0,0,0.0,0.0,53282.15,53619.2,52783.45,53710.35,0,0.0,0.0,0.0,0.0,-0.01,-1,-1,-0.01,-1,-1,-0.01,-1,-1,-0.01,-1,-1,-0.01,-1,-1,-0.01,-1,-1,-0.01,-1,-1,-0.01,-1,-1,-0.01,-1,-1,-0.01,-1,-1
99926009,2026-05-18 15:01:13+05:30,53596.45,0,0.0,0,0.0,0.0,53282.15,53619.2,52783.45,53710.35,0,0.0,0.0,0.0,0.0,-0.01,-1,-1,-0.01,-1,-1,-0.01,-1,-1,-0.01,-1,-1,-0.01,-1,-1,-0.01,-1,-1,-0.01,-1,-1,-0.01,-1,-1,-0.01,-1,-1,-0.01,-1,-1
99926009,2026-05-18 15:01:13+05:30,53598.2,0,0.0,0,0.0,0.0,53282.15,53619.2,52783.45,53710.35,0,0.0,0.0,0.0,0.0,-0.01,-1,-1,-0.01,-1,-1,-0.01,-1,-1,-0.01,-1,-1,-0.01,-1,-1,-0.01,-1,-1,-0.01,-1,-1,-0.01,-1,-1,-0.01,-1,-1,-0.01,-1,-1
99926009,2026-05-18 15:01:13+05:30,53598.25,0,0.0,0,0.0,0.0,53282.15,53619.2,52783.45,53710.35,0,0.0,0.0,0.0,0.0,-0.01,-1,-1,-0.01,-1,-1,-0.01,-1,-1,-0.01,-1,-1,-0.01,-1,-1,-0.01,-1,-1,-0.01,-1,-1,-0.01,-1,-1,-0.01,-1,-1,-0.01,-1,-1
99926009,2026-05-18 15:01:14+05:30,53598.25,0,0.0,0,0.0,0.0,53282.15,53619.2,52783.45,53710.35,0,0.0,0.0,0.0,0.0,-0.01,-1,-1,-0.01,-1,-1,-0.01,-1,-1,-0.01,-1,-1,-0.01,-1,-1,-0.01,-1,-1,-0.01,-1,-1,-0.01,-1,-1,-0.01,-1,-1,-0.01,-1,-1
99926009,2026-05-18 15:01:14+05:30,53599.35,0,0.0,0,0.0,0.0,53282.15,53619.2,52783.45,53710.35,0,0.0,0.0,0.0,0.0,-0.01,-1,-1,-0.01,-1,-1,-0.01,-1,-1,-0.01,-1,-1,-0.01,-1,-1,-0.01,-1,-1,-0.01,-1,-1,-0.01,-1,-1,-0.01,-1,-1,-0.01,-1,-1
99926009,2026-05-18 15:01:14+05:30,53595.55,0,0.0,0,0.0,0.0,53282.15,53619.2,52783.45,53710.35,0,0.0,0.0,0.0,0.0,-0.01,-1,-1,-0.01,-1,-1,-0.01,-1,-1,-0.01,-1,-1,-0.01,-1,-1,-0.01,-1,-1,-0.01,-1,-1,-0.01,-1,-1,-0.01,-1,-1,-0.01,-1,-1
99926009,2026-05-18 15:01:15+05:30,53595.55,0,0.0,0,0.0,0.0,53282.15,53619.2,52783.45,53710.35,0,0.0,0.0,0.0,0.0,-0.01,-1,-1,-0.01,-1,-1,-0.01,-1,-1,-0.01,-1,-1,-0.01,-1,-1,-0.01,-1,-1,-0.01,-1,-1,-0.01,-1,-1,-0.01,-1,-1,-0.01,-1,-1
99926009,2026-05-18 15:01:15+05:30,53596.3,0,0.0,0,0.0,0.0,53282.15,53619.2,52783.45,53710.35,0,0.0,0.0,0.0,0.0,-0.01,-1,-1,-0.01,-1,-1,-0.01,-1,-1,-0.01,-1,-1,-0.01,-1,-1,-0.01,-1,-1,-0.01,-1,-1,-0.01,-1,-1,-0.01,-1,-1,-0.01,-1,-1
99926009,2026-05-18 15:01:15+05:30,53600.75,0,0.0,0,0.0,0.0,53282.15,53619.2,52783.45,53710.35,0,0.0,0.0,0.0,0.0,-0.01,-1,-1,-0.01,-1,-1,-0.01,-1,-1,-0.01,-1,-1,-0.01,-1,-1,-0.01,-1,-1,-0.01,-1,-1,-0.01,-1,-1,-0.01,-1,-1,-0.01,-1,-1
99926009,2026-05-18 15:01:16+05:30,53600.75,0,0.0,0,0.0,0.0,53282.15,53619.2,52783.45,53710.35,0,0.0,0.0,0.0,0.0,-0.01,-1,-1,-0.01,-1,-1,-0.01,-1,-1,-0.01,-1,-1,-0.01,-1,-1,-0.01,-1,-1,-0.01,-1,-1,-0.01,-1,-1,-0.01,-1,-1,-0.01,-1,-1
99926009,2026-05-18 15:01:16+05:30,53601.8,0,0.0,0,0.0,0.0,53282.15,53619.2,52783.45,53710.35,0,0.0,0.0,0.0,0.0,-0.01,-1,-1,-0.01,-1,-1,-0.01,-1,-1,-0.01,-1,-1,-0.01,-1,-1,-0.01,-1,-1,-0.01,-1,-1,-0.01,-1,-1,-0.01,-1,-1,-0.01,-1,-1
99926009,2026-05-18 15:01:16+05:30,53597.8,0,0.0,0,0.0,0.0,53282.15,53619.2,52783.45,53710.35,0,0.0,0.0,0.0,0.0,-0.01,-1,-1,-0.01,-1,-1,-0.01,-1,-1,-0.01,-1,-1,-0.01,-1,-1,-0.01,-1,-1,-0.01,-1,-1,-0.01,-1,-1,-0.01,-1,-1,-0.01,-1,-1
99926009,2026-05-18 15:01:17+05:30,53597.8,0,0.0,0,0.0,0.0,53282.15,53619.2,52783.45,53710.35,0,0.0,0.0,0.0,0.0,-0.01,-1,-1,-0.01,-1,-1,-0.01,-1,-1,-0.01,-1,-1,-0.01,-1,-1,-0.01,-1,-1,-0.01,-1,-1,-0.01,-1,-1,-0.01,-1,-1,-0.01,-1,-1
99926009,2026-05-18 15:01:17+05:30,53595.95,0,0.0,0,0.0,0.0,53282.15,53619.2,52783.45,53710.35,0,0.0,0.0,0.0,0.0,-0.01,-1,-1,-0.01,-1,-1,-0.01,-1,-1,-0.01,-1,-1,-0.01,-1,-1,-0.01,-1,-1,-0.01,-1,-1,-0.01,-1,-1,-0.01,-1,-1,-0.01,-1,-1
99926009,2026-05-18 15:01:17+05:30,53596.95,0,0.0,0,0.0,0.0,53282.15,53619.2,52783.45,53710.35,0,0.0,0.0,0.0,0.0,-0.01,-1,-1,-0.01,-1,-1,-0.01,-1,-1,-0.01,-1,-1,-0.01,-1,-1,-0.01,-1,-1,-0.01,-1,-1,-0.01,-1,-1,-0.01,-1,-1,-0.01,-1,-1
99926009,2026-05-18 15:01:18+05:30,53596.95,0,0.0,0,0.0,0.0,53282.15,53619.2,52783.45,53710.35,0,0.0,0.0,0.0,0.0,-0.01,-1,-1,-0.01,-1,-1,-0.01,-1,-1,-0.01,-1,-1,-0.01,-1,-1,-0.01,-1,-1,-0.01,-1,-1,-0.01,-1,-1,-0.01,-1,-1,-0.01,-1,-1
99926009,2026-05-18 15:01:18+05:30,53598.9,0,0.0,0,0.0,0.0,53282.15,53619.2,52783.45,53710.35,0,0.0,0.0,0.0,0.0,-0.01,-1,-1,-0.01,-1,-1,-0.01,-1,-1,-0.01,-1,-1,-0.01,-1,-1,-0.01,-1,-1,-0.01,-1,-1,-0.01,-1,-1,-0.01,-1,-1,-0.01,-1,-1
99926009,2026-05-18 15:01:18+05:30,53593.55,0,0.0,0,0.0,0.0,53282.15,53619.2,52783.45,53710.35,0,0.0,0.0,0.0,0.0,-0.01,-1,-1,-0.01,-1,-1,-0.01,-1,-1,-0.01,-1,-1,-0.01,-1,-1,-0.01,-1,-1,-0.01,-1,-1,-0.01,-1,-1,-0.01,-1,-1,-0.01,-1,-1
99926009,2026-05-18 15:01:19+05:30,53593.55,0,0.0,0,0.0,0.0,53282.15,53619.2,52783.45,53710.35,0,0.0,0.0,0.0,0.0,-0.01,-1,-1,-0.01,-1,-1,-0.01,-1,-1,-0.01,-1,-1,-0.01,-1,-1,-0.01,-1,-1,-0.01,-1,-1,-0.01,-1,-1,-0.01,-1,-1,-0.01,-1,-1
99926009,2026-05-18 15:01:19+05:30,53592.95,0,0.0,0,0.0,0.0,53282.15,53619.2,52783.45,53710.35,0,0.0,0.0,0.0,0.0,-0.01,-1,-1,-0.01,-1,-1,-0.01,-1,-1,-0.01,-1,-1,-0.01,-1,-1,-0.01,-1,-1,-0.01,-1,-1,-0.01,-1,-1,-0.01,-1,-1,-0.01,-1,-1
99926009,2026-05-18 15:01:19+05:30,53592.4,0,0.0,0,0.0,0.0,53282.15,53619.2,52783.45,53710.35,0,0.0,0.0,0.0,0.0,-0.01,-1,-1,-0.01,-1,-1,-0.01,-1,-1,-0.01,-1,-1,-0.01,-1,-1,-0.01,-1,-1,-0.01,-1,-1,-0.01,-1,-1,-0.01,-1,-1,-0.01,-1,-1
99926009,2026-05-18 15:01:20+05:30,53592.4,0,0.0,0,0.0,0.0,53282.15,53619.2,52783.45,53710.35,0,0.0,0.0,0.0,0.0,-0.01,-1,-1,-0.01,-1,-1,-0.01,-1,-1,-0.01,-1,-1,-0.01,-1,-1,-0.01,-1,-1,-0.01,-1,-1,-0.01,-1,-1,-0.01,-1,-1,-0.01,-1,-1
99926009,2026-05-18 15:01:20+05:30,53594.5,0,0.0,0,0.0,0.0,53282.15,53619.2,52783.45,53710.35,0,0.0,0.0,0.0,0.0,-0.01,-1,-1,-0.01,-1,-1,-0.01,-1,-1,-0.01,-1,-1,-0.01,-1,-1,-0.01,-1,-1,-0.01,-1,-1,-0.01,-1,-1,-0.01,-1,-1,-0.01,-1,-1
99926009,2026-05-18 15:01:20+05:30,53598.15,0,0.0,0,0.0,0.0,53282.15,53619.2,52783.45,53710.35,0,0.0,0.0,0.0,0.0,-0.01,-1,-1,-0.01,-1,-1,-0.01,-1,-1,-0.01,-1,-1,-0.01,-1,-1,-0.01,-1,-1,-0.01,-1,-1,-0.01,-1,-1,-0.01,-1,-1,-0.01,-1,-1
99926009,2026-05-18 15:01:21+05:30,53598.15,0,0.0,0,0.0,0.0,53282.15,53619.2,52783.45,53710.35,0,0.0,0.0,0.0,0.0,-0.01,-1,-1,-0.01,-1,-1,-0.01,-1,-1,-0.01,-1,-1,-0.01,-1,-1,-0.01,-1,-1,-0.01,-1,-1,-0.01,-1,-1,-0.01,-1,-1,-0.01,-1,-1
99926009,2026-05-18 15:01:21+05:30,53599.35,0,0.0,0,0.0,0.0,53282.15,53619.2,52783.45,53710.35,0,0.0,0.0,0.0,0.0,-0.01,-1,-1,-0.01,-1,-1,-0.01,-1,-1,-0.01,-1,-1,-0.01,-1,-1,-0.01,-1,-1,-0.01,-1,-1,-0.01,-1,-1,-0.01,-1,-1,-0.01,-1,-1
99926009,2026-05-18 15:01:21+05:30,53599.8,0,0.0,0,0.0,0.0,53282.15,53619.2,52783.45,53710.35,0,0.0,0.0,0.0,0.0,-0.01,-1,-1,-0.01,-1,-1,-0.01,-1,-1,-0.01,-1,-1,-0.01,-1,-1,-0.01,-1,-1,-0.01,-1,-1,-0.01,-1,-1,-0.01,-1,-1,-0.01,-1,-1
99926009,2026-05-18 15:01:22+05:30,53599.8,0,0.0,0,0.0,0.0,53282.15,53619.2,52783.45,53710.35,0,0.0,0.0,0.0,0.0,-0.01,-1,-1,-0.01,-1,-1,-0.01,-1,-1,-0.01,-1,-1,-0.01,-1,-1,-0.01,-1,-1,-0.01,-1,-1,-0.01,-1,-1,-0.01,-1,-1,-0.01,-1,-1
99926009,2026-05-18 15:01:22+05:30,53597.1,0,0.0,0,0.0,0.0,53282.15,53619.2,52783.45,53710.35,0,0.0,0.0,0.0,0.0,-0.01,-1,-1,-0.01,-1,-1,-0.01,-1,-1,-0.01,-1,-1,-0.01,-1,-1,-0.01,-1,-1,-0.01,-1,-1,-0.01,-1,-1,-0.01,-1,-1,-0.01,-1,-1
99926009,2026-05-18 15:01:22+05:30,53598.0,0,0.0,0,0.0,0.0,53282.15,53619.2,52783.45,53710.35,0,0.0,0.0,0.0,0.0,-0.01,-1,-1,-0.01,-1,-1,-0.01,-1,-1,-0.01,-1,-1,-0.01,-1,-1,-0.01,-1,-1,-0.01,-1,-1,-0.01,-1,-1,-0.01,-1,-1,-0.01,-1,-1
99926009,2026-05-18 15:01:23+05:30,53598.0,0,0.0,0,0.0,0.0,53282.15,53619.2,52783.45,53710.35,0,0.0,0.0,0.0,0.0,-0.01,-1,-1,-0.01,-1,-1,-0.01,-1,-1,-0.01,-1,-1,-0.01,-1,-1,-0.01,-1,-1,-0.01,-1,-1,-0.01,-1,-1,-0.01,-1,-1,-0.01,-1,-1
99926009,2026-05-18 15:01:23+05:30,53599.45,0,0.0,0,0.0,0.0,53282.15,53619.2,52783.45,53710.35,0,0.0,0.0,0.0,0.0,-0.01,-1,-1,-0.01,-1,-1,-0.01,-1,-1,-0.01,-1,-1,-0.01,-1,-1,-0.01,-1,-1,-0.01,-1,-1,-0.01,-1,-1,-0.01,-1,-1,-0.01,-1,-1
99926009,2026-05-18 15:01:23+05:30,53618.55,0,0.0,0,0.0,0.0,53282.15,53619.6,52783.45,53710.35,0,0.0,0.0,0.0,0.0,-0.01,-1,-1,-0.01,-1,-1,-0.01,-1,-1,-0.01,-1,-1,-0.01,-1,-1,-0.01,-1,-1,-0.01,-1,-1,-0.01,-1,-1,-0.01,-1,-1,-0.01,-1,-1
99926009,2026-05-18 15:01:24+05:30,53618.55,0,0.0,0,0.0,0.0,53282.15,53619.6,52783.45,53710.35,0,0.0,0.0,0.0,0.0,-0.01,-1,-1,-0.01,-1,-1,-0.01,-1,-1,-0.01,-1,-1,-0.01,-1,-1,-0.01,-1,-1,-0.01,-1,-1,-0.01,-1,-1,-0.01,-1,-1,-0.01,-1,-1
99926009,2026-05-18 15:01:24+05:30,53614.15,0,0.0,0,0.0,0.0,53282.15,53619.6,52783.45,53710.35,0,0.0,0.0,0.0,0.0,-0.01,-1,-1,-0.01,-1,-1,-0.01,-1,-1,-0.01,-1,-1,-0.01,-1,-1,-0.01,-1,-1,-0.01,-1,-1,-0.01,-1,-1,-0.01,-1,-1,-0.01,-1,-1
99926009,2026-05-18 15:01:24+05:30,53613.85,0,0.0,0,0.0,0.0,53282.15,53619.6,52783.45,53710.35,0,0.0,0.0,0.0,0.0,-0.01,-1,-1,-0.01,-1,-1,-0.01,-1,-1,-0.01,-1,-1,-0.01,-1,-1,-0.01,-1,-1,-0.01,-1,-1,-0.01,-1,-1,-0.01,-1,-1,-0.01,-1,-1
99926009,2026-05-18 15:01:25+05:30,53613.85,0,0.0,0,0.0,0.0,53282.15,53619.6,52783.45,53710.35,0,0.0,0.0,0.0,0.0,-0.01,-1,-1,-0.01,-1,-1,-0.01,-1,-1,-0.01,-1,-1,-0.01,-1,-1,-0.01,-1,-1,-0.01,-1,-1,-0.01,-1,-1,-0.01,-1,-1,-0.01,-1,-1
99926009,2026-05-18 15:01:25+05:30,53609.55,0,0.0,0,0.0,0.0,53282.15,53619.6,52783.45,53710.35,0,0.0,0.0,0.0,0.0,-0.01,-1,-1,-0.01,-1,-1,-0.01,-1,-1,-0.01,-1,-1,-0.01,-1,-1,-0.01,-1,-1,-0.01,-1,-1,-0.01,-1,-1,-0.01,-1,-1,-0.01,-1,-1
99926009,2026-05-18 15:01:25+05:30,53613.0,0,0.0,0,0.0,0.0,53282.15,53619.6,52783.45,53710.35,0,0.0,0.0,0.0,0.0,-0.01,-1,-1,-0.01,-1,-1,-0.01,-1,-1,-0.01,-1,-1,-0.01,-1,-1,-0.01,-1,-1,-0.01,-1,-1,-0.01,-1,-1,-0.01,-1,-1,-0.01,-1,-1
99926009,2026-05-18 15:01:26+05:30,53613.0,0,0.0,0,0.0,0.0,53282.15,53619.6,52783.45,53710.35,0,0.0,0.0,0.0,0.0,-0.01,-1,-1,-0.01,-1,-1,-0.01,-1,-1,-0.01,-1,-1,-0.01,-1,-1,-0.01,-1,-1,-0.01,-1,-1,-0.01,-1,-1,-0.01,-1,-1,-0.01,-1,-1
99926009,2026-05-18 15:01:26+05:30,53609.1,0,0.0,0,0.0,0.0,53282.15,53619.6,52783.45,53710.35,0,0.0,0.0,0.0,0.0,-0.01,-1,-1,-0.01,-1,-1,-0.01,-1,-1,-0.01,-1,-1,-0.01,-1,-1,-0.01,-1,-1,-0.01,-1,-1,-0.01,-1,-1,-0.01,-1,-1,-0.01,-1,-1
99926009,2026-05-18 15:01:26+05:30,53611.4,0,0.0,0,0.0,0.0,53282.15,53619.6,52783.45,53710.35,0,0.0,0.0,0.0,0.0,-0.01,-1,-1,-0.01,-1,-1,-0.01,-1,-1,-0.01,-1,-1,-0.01,-1,-1,-0.01,-1,-1,-0.01,-1,-1,-0.01,-1,-1,-0.01,-1,-1,-0.01,-1,-1
99926009,2026-05-18 15:01:27+05:30,53611.4,0,0.0,0,0.0,0.0,53282.15,53619.6,52783.45,53710.35,0,0.0,0.0,0.0,0.0,-0.01,-1,-1,-0.01,-1,-1,-0.01,-1,-1,-0.01,-1,-1,-0.01,-1,-1,-0.01,-1,-1,-0.01,-1,-1,-0.01,-1,-1,-0.01,-1,-1,-0.01,-1,-1
99926009,2026-05-18 15:01:27+05:30,53610.7,0,0.0,0,0.0,0.0,53282.15,53619.6,52783.45,53710.35,0,0.0,0.0,0.0,0.0,-0.01,-1,-1,-0.01,-1,-1,-0.01,-1,-1,-0.01,-1,-1,-0.01,-1,-1,-0.01,-1,-1,-0.01,-1,-1,-0.01,-1,-1,-0.01,-1,-1,-0.01,-1,-1
99926009,2026-05-18 15:01:27+05:30,53610.75,0,0.0,0,0.0,0.0,53282.15,53619.6,52783.45,53710.35,0,0.0,0.0,0.0,0.0,-0.01,-1,-1,-0.01,-1,-1,-0.01,-1,-1,-0.01,-1,-1,-0.01,-1,-1,-0.01,-1,-1,-0.01,-1,-1,-0.01,-1,-1,-0.01,-1,-1,-0.01,-1,-1
99926009,2026-05-18 15:01:28+05:30,53610.75,0,0.0,0,0.0,0.0,53282.15,53619.6,52783.45,53710.35,0,0.0,0.0,0.0,0.0,-0.01,-1,-1,-0.01,-1,-1,-0.01,-1,-1,-0.01,-1,-1,-0.01,-1,-1,-0.01,-1,-1,-0.01,-1,-1,-0.01,-1,-1,-0.01,-1,-1,-0.01,-1,-1
99926009,2026-05-18 15:01:28+05:30,53610.2,0,0.0,0,0.0,0.0,53282.15,53619.6,52783.45,53710.35,0,0.0,0.0,0.0,0.0,-0.01,-1,-1,-0.01,-1,-1,-0.01,-1,-1,-0.01,-1,-1,-0.01,-1,-1,-0.01,-1,-1,-0.01,-1,-1,-0.01,-1,-1,-0.01,-1,-1,-0.01,-1,-1
99926009,2026-05-18 15:01:28+05:30,53608.65,0,0.0,0,0.0,0.0,53282.15,53619.6,52783.45,53710.35,0,0.0,0.0,0.0,0.0,-0.01,-1,-1,-0.01,-1,-1,-0.01,-1,-1,-0.01,-1,-1,-0.01,-1,-1,-0.01,-1,-1,-0.01,-1,-1,-0.01,-1,-1,-0.01,-1,-1,-0.01,-1,-1
99926009,2026-05-18 15:01:29+05:30,53608.65,0,0.0,0,0.0,0.0,53282.15,53619.6,52783.45,53710.35,0,0.0,0.0,0.0,0.0,-0.01,-1,-1,-0.01,-1,-1,-0.01,-1,-1,-0.01,-1,-1,-0.01,-1,-1,-0.01,-1,-1,-0.01,-1,-1,-0.01,-1,-1,-0.01,-1,-1,-0.01,-1,-1
99926009,2026-05-18 15:01:29+05:30,53607.9,0,0.0,0,0.0,0.0,53282.15,53619.6,52783.45,53710.35,0,0.0,0.0,0.0,0.0,-0.01,-1,-1,-0.01,-1,-1,-0.01,-1,-1,-0.01,-1,-1,-0.01,-1,-1,-0.01,-1,-1,-0.01,-1,-1,-0.01,-1,-1,-0.01,-1,-1,-0.01,-1,-1
99926009,2026-05-18 15:01:29+05:30,53608.9,0,0.0,0,0.0,0.0,53282.15,53619.6,52783.45,53710.35,0,0.0,0.0,0.0,0.0,-0.01,-1,-1,-0.01,-1,-1,-0.01,-1,-1,-0.01,-1,-1,-0.01,-1,-1,-0.01,-1,-1,-0.01,-1,-1,-0.01,-1,-1,-0.01,-1,-1,-0.01,-1,-1
99926009,2026-05-18 15:01:30+05:30,53608.9,0,0.0,0,0.0,0.0,53282.15,53619.6,52783.45,53710.35,0,0.0,0.0,0.0,0.0,-0.01,-1,-1,-0.01,-1,-1,-0.01,-1,-1,-0.01,-1,-1,-0.01,-1,-1,-0.01,-1,-1,-0.01,-1,-1,-0.01,-1,-1,-0.01,-1,-1,-0.01,-1,-1
99926009,2026-05-18 15:01:30+05:30,53607.1,0,0.0,0,0.0,0.0,53282.15,53619.6,52783.45,53710.35,0,0.0,0.0,0.0,0.0,-0.01,-1,-1,-0.01,-1,-1,-0.01,-1,-1,-0.01,-1,-1,-0.01,-1,-1,-0.01,-1,-1,-0.01,-1,-1,-0.01,-1,-1,-0.01,-1,-1,-0.01,-1,-1
99926009,2026-05-18 15:01:30+05:30,53608.7,0,0.0,0,0.0,0.0,53282.15,53619.6,52783.45,53710.35,0,0.0,0.0,0.0,0.0,-0.01,-1,-1,-0.01,-1,-1,-0.01,-1,-1,-0.01,-1,-1,-0.01,-1,-1,-0.01,-1,-1,-0.01,-1,-1,-0.01,-1,-1,-0.01,-1,-1,-0.01,-1,-1
99926009,2026-05-18 15:01:31+05:30,53608.7,0,0.0,0,0.0,0.0,53282.15,53619.6,52783.45,53710.35,0,0.0,0.0,0.0,0.0,-0.01,-1,-1,-0.01,-1,-1,-0.01,-1,-1,-0.01,-1,-1,-0.01,-1,-1,-0.01,-1,-1,-0.01,-1,-1,-0.01,-1,-1,-0.01,-1,-1,-0.01,-1,-1
99926009,2026-05-18 15:01:31+05:30,53601.55,0,0.0,0,0.0,0.0,53282.15,53619.6,52783.45,53710.35,0,0.0,0.0,0.0,0.0,-0.01,-1,-1,-0.01,-1,-1,-0.01,-1,-1,-0.01,-1,-1,-0.01,-1,-1,-0.01,-1,-1,-0.01,-1,-1,-0.01,-1,-1,-0.01,-1,-1,-0.01,-1,-1
99926009,2026-05-18 15:01:31+05:30,53601.65,0,0.0,0,0.0,0.0,53282.15,53619.6,52783.45,53710.35,0,0.0,0.0,0.0,0.0,-0.01,-1,-1,-0.01,-1,-1,-0.01,-1,-1,-0.01,-1,-1,-0.01,-1,-1,-0.01,-1,-1,-0.01,-1,-1,-0.01,-1,-1,-0.01,-1,-1,-0.01,-1,-1
99926009,2026-05-18 15:01:32+05:30,53601.65,0,0.0,0,0.0,0.0,53282.15,53619.6,52783.45,53710.35,0,0.0,0.0,0.0,0.0,-0.01,-1,-1,-0.01,-1,-1,-0.01,-1,-1,-0.01,-1,-1,-0.01,-1,-1,-0.01,-1,-1,-0.01,-1,-1,-0.01,-1,-1,-0.01,-1,-1,-0.01,-1,-1
99926009,2026-05-18 15:01:32+05:30,53592.7,0,0.0,0,0.0,0.0,53282.15,53619.6,52783.45,53710.35,0,0.0,0.0,0.0,0.0,-0.01,-1,-1,-0.01,-1,-1,-0.01,-1,-1,-0.01,-1,-1,-0.01,-1,-1,-0.01,-1,-1,-0.01,-1,-1,-0.01,-1,-1,-0.01,-1,-1,-0.01,-1,-1
99926009,2026-05-18 15:01:32+05:30,53586.95,0,0.0,0,0.0,0.0,53282.15,53619.6,52783.45,53710.35,0,0.0,0.0,0.0,0.0,-0.01,-1,-1,-0.01,-1,-1,-0.01,-1,-1,-0.01,-1,-1,-0.01,-1,-1,-0.01,-1,-1,-0.01,-1,-1,-0.01,-1,-1,-0.01,-1,-1,-0.01,-1,-1
99926009,2026-05-18 15:01:33+05:30,53586.95,0,0.0,0,0.0,0.0,53282.15,53619.6,52783.45,53710.35,0,0.0,0.0,0.0,0.0,-0.01,-1,-1,-0.01,-1,-1,-0.01,-1,-1,-0.01,-1,-1,-0.01,-1,-1,-0.01,-1,-1,-0.01,-1,-1,-0.01,-1,-1,-0.01,-1,-1,-0.01,-1,-1
99926009,2026-05-18 15:01:33+05:30,53589.7,0,0.0,0,0.0,0.0,53282.15,53619.6,52783.45,53710.35,0,0.0,0.0,0.0,0.0,-0.01,-1,-1,-0.01,-1,-1,-0.01,-1,-1,-0.01,-1,-1,-0.01,-1,-1,-0.01,-1,-1,-0.01,-1,-1,-0.01,-1,-1,-0.01,-1,-1,-0.01,-1,-1
99926009,2026-05-18 15:01:33+05:30,53584.1,0,0.0,0,0.0,0.0,53282.15,53619.6,52783.45,53710.35,0,0.0,0.0,0.0,0.0,-0.01,-1,-1,-0.01,-1,-1,-0.01,-1,-1,-0.01,-1,-1,-0.01,-1,-1,-0.01,-1,-1,-0.01,-1,-1,-0.01,-1,-1,-0.01,-1,-1,-0.01,-1,-1
99926009,2026-05-18 15:01:34+05:30,53584.1,0,0.0,0,0.0,0.0,53282.15,53619.6,52783.45,53710.35,0,0.0,0.0,0.0,0.0,-0.01,-1,-1,-0.01,-1,-1,-0.01,-1,-1,-0.01,-1,-1,-0.01,-1,-1,-0.01,-1,-1,-0.01,-1,-1,-0.01,-1,-1,-0.01,-1,-1,-0.01,-1,-1
99926009,2026-05-18 15:01:34+05:30,53585.15,0,0.0,0,0.0,0.0,53282.15,53619.6,52783.45,53710.35,0,0.0,0.0,0.0,0.0,-0.01,-1,-1,-0.01,-1,-1,-0.01,-1,-1,-0.01,-1,-1,-0.01,-1,-1,-0.01,-1,-1,-0.01,-1,-1,-0.01,-1,-1,-0.01,-1,-1,-0.01,-1,-1
99926009,2026-05-18 15:01:34+05:30,53578.5,0,0.0,0,0.0,0.0,53282.15,53619.6,52783.45,53710.35,0,0.0,0.0,0.0,0.0,-0.01,-1,-1,-0.01,-1,-1,-0.01,-1,-1,-0.01,-1,-1,-0.01,-1,-1,-0.01,-1,-1,-0.01,-1,-1,-0.01,-1,-1,-0.01,-1,-1,-0.01,-1,-1
99926009,2026-05-18 15:01:35+05:30,53578.5,0,0.0,0,0.0,0.0,53282.15,53619.6,52783.45,53710.35,0,0.0,0.0,0.0,0.0,-0.01,-1,-1,-0.01,-1,-1,-0.01,-1,-1,-0.01,-1,-1,-0.01,-1,-1,-0.01,-1,-1,-0.01,-1,-1,-0.01,-1,-1,-0.01,-1,-1,-0.01,-1,-1
99926009,2026-05-18 15:01:35+05:30,53580.7,0,0.0,0,0.0,0.0,53282.15,53619.6,52783.45,53710.35,0,0.0,0.0,0.0,0.0,-0.01,-1,-1,-0.01,-1,-1,-0.01,-1,-1,-0.01,-1,-1,-0.01,-1,-1,-0.01,-1,-1,-0.01,-1,-1,-0.01,-1,-1,-0.01,-1,-1,-0.01,-1,-1
99926009,2026-05-18 15:01:35+05:30,53580.4,0,0.0,0,0.0,0.0,53282.15,53619.6,52783.45,53710.35,0,0.0,0.0,0.0,0.0,-0.01,-1,-1,-0.01,-1,-1,-0.01,-1,-1,-0.01,-1,-1,-0.01,-1,-1,-0.01,-1,-1,-0.01,-1,-1,-0.01,-1,-1,-0.01,-1,-1,-0.01,-1,-1
99926009,2026-05-18 15:01:36+05:30,53580.4,0,0.0,0,0.0,0.0,53282.15,53619.6,52783.45,53710.35,0,0.0,0.0,0.0,0.0,-0.01,-1,-1,-0.01,-1,-1,-0.01,-1,-1,-0.01,-1,-1,-0.01,-1,-1,-0.01,-1,-1,-0.01,-1,-1,-0.01,-1,-1,-0.01,-1,-1,-0.01,-1,-1
99926009,2026-05-18 15:01:36+05:30,53579.2,0,0.0,0,0.0,0.0,53282.15,53619.6,52783.45,53710.35,0,0.0,0.0,0.0,0.0,-0.01,-1,-1,-0.01,-1,-1,-0.01,-1,-1,-0.01,-1,-1,-0.01,-1,-1,-0.01,-1,-1,-0.01,-1,-1,-0.01,-1,-1,-0.01,-1,-1,-0.01,-1,-1
99926009,2026-05-18 15:01:36+05:30,53581.2,0,0.0,0,0.0,0.0,53282.15,53619.6,52783.45,53710.35,0,0.0,0.0,0.0,0.0,-0.01,-1,-1,-0.01,-1,-1,-0.01,-1,-1,-0.01,-1,-1,-0.01,-1,-1,-0.01,-1,-1,-0.01,-1,-1,-0.01,-1,-1,-0.01,-1,-1,-0.01,-1,-1
99926009,2026-05-18 15:01:37+05:30,53581.2,0,0.0,0,0.0,0.0,53282.15,53619.6,52783.45,53710.35,0,0.0,0.0,0.0,0.0,-0.01,-1,-1,-0.01,-1,-1,-0.01,-1,-1,-0.01,-1,-1,-0.01,-1,-1,-0.01,-1,-1,-0.01,-1,-1,-0.01,-1,-1,-0.01,-1,-1,-0.01,-1,-1
99926009,2026-05-18 15:01:37+05:30,53582.75,0,0.0,0,0.0,0.0,53282.15,53619.6,52783.45,53710.35,0,0.0,0.0,0.0,0.0,-0.01,-1,-1,-0.01,-1,-1,-0.01,-1,-1,-0.01,-1,-1,-0.01,-1,-1,-0.01,-1,-1,-0.01,-1,-1,-0.01,-1,-1,-0.01,-1,-1,-0.01,-1,-1
99926009,2026-05-18 15:01:37+05:30,53581.15,0,0.0,0,0.0,0.0,53282.15,53619.6,52783.45,53710.35,0,0.0,0.0,0.0,0.0,-0.01,-1,-1,-0.01,-1,-1,-0.01,-1,-1,-0.01,-1,-1,-0.01,-1,-1,-0.01,-1,-1,-0.01,-1,-1,-0.01,-1,-1,-0.01,-1,-1,-0.01,-1,-1
99926009,2026-05-18 15:01:38+05:30,53581.15,0,0.0,0,0.0,0.0,53282.15,53619.6,52783.45,53710.35,0,0.0,0.0,0.0,0.0,-0.01,-1,-1,-0.01,-1,-1,-0.01,-1,-1,-0.01,-1,-1,-0.01,-1,-1,-0.01,-1,-1,-0.01,-1,-1,-0.01,-1,-1,-0.01,-1,-1,-0.01,-1,-1
99926009,2026-05-18 15:01:38+05:30,53580.2,0,0.0,0,0.0,0.0,53282.15,53619.6,52783.45,53710.35,0,0.0,0.0,0.0,0.0,-0.01,-1,-1,-0.01,-1,-1,-0.01,-1,-1,-0.01,-1,-1,-0.01,-1,-1,-0.01,-1,-1,-0.01,-1,-1,-0.01,-1,-1,-0.01,-1,-1,-0.01,-1,-1
99926009,2026-05-18 15:01:38+05:30,53585.05,0,0.0,0,0.0,0.0,53282.15,53619.6,52783.45,53710.35,0,0.0,0.0,0.0,0.0,-0.01,-1,-1,-0.01,-1,-1,-0.01,-1,-1,-0.01,-1,-1,-0.01,-1,-1,-0.01,-1,-1,-0.01,-1,-1,-0.01,-1,-1,-0.01,-1,-1,-0.01,-1,-1
99926009,2026-05-18 15:01:39+05:30,53585.05,0,0.0,0,0.0,0.0,53282.15,53619.6,52783.45,53710.35,0,0.0,0.0,0.0,0.0,-0.01,-1,-1,-0.01,-1,-1,-0.01,-1,-1,-0.01,-1,-1,-0.01,-1,-1,-0.01,-1,-1,-0.01,-1,-1,-0.01,-1,-1,-0.01,-1,-1,-0.01,-1,-1
99926009,2026-05-18 15:01:39+05:30,53583.7,0,0.0,0,0.0,0.0,53282.15,53619.6,52783.45,53710.35,0,0.0,0.0,0.0,0.0,-0.01,-1,-1,-0.01,-1,-1,-0.01,-1,-1,-0.01,-1,-1,-0.01,-1,-1,-0.01,-1,-1,-0.01,-1,-1,-0.01,-1,-1,-0.01,-1,-1,-0.01,-1,-1
99926009,2026-05-18 15:01:39+05:30,53582.7,0,0.0,0,0.0,0.0,53282.15,53619.6,52783.45,53710.35,0,0.0,0.0,0.0,0.0,-0.01,-1,-1,-0.01,-1,-1,-0.01,-1,-1,-0.01,-1,-1,-0.01,-1,-1,-0.01,-1,-1,-0.01,-1,-1,-0.01,-1,-1,-0.01,-1,-1,-0.01,-1,-1
99926009,2026-05-18 15:01:40+05:30,53582.7,0,0.0,0,0.0,0.0,53282.15,53619.6,52783.45,53710.35,0,0.0,0.0,0.0,0.0,-0.01,-1,-1,-0.01,-1,-1,-0.01,-1,-1,-0.01,-1,-1,-0.01,-1,-1,-0.01,-1,-1,-0.01,-1,-1,-0.01,-1,-1,-0.01,-1,-1,-0.01,-1,-1
99926009,2026-05-18 15:01:40+05:30,53583.4,0,0.0,0,0.0,0.0,53282.15,53619.6,52783.45,53710.35,0,0.0,0.0,0.0,0.0,-0.01,-1,-1,-0.01,-1,-1,-0.01,-1,-1,-0.01,-1,-1,-0.01,-1,-1,-0.01,-1,-1,-0.01,-1,-1,-0.01,-1,-1,-0.01,-1,-1,-0.01,-1,-1
99926009,2026-05-18 15:01:40+05:30,53584.4,0,0.0,0,0.0,0.0,53282.15,53619.6,52783.45,53710.35,0,0.0,0.0,0.0,0.0,-0.01,-1,-1,-0.01,-1,-1,-0.01,-1,-1,-0.01,-1,-1,-0.01,-1,-1,-0.01,-1,-1,-0.01,-1,-1,-0.01,-1,-1,-0.01,-1,-1,-0.01,-1,-1
99926009,2026-05-18 15:01:41+05:30,53584.4,0,0.0,0,0.0,0.0,53282.15,53619.6,52783.45,53710.35,0,0.0,0.0,0.0,0.0,-0.01,-1,-1,-0.01,-1,-1,-0.01,-1,-1,-0.01,-1,-1,-0.01,-1,-1,-0.01,-1,-1,-0.01,-1,-1,-0.01,-1,-1,-0.01,-1,-1,-0.01,-1,-1
99926009,2026-05-18 15:01:41+05:30,53588.8,0,0.0,0,0.0,0.0,53282.15,53619.6,52783.45,53710.35,0,0.0,0.0,0.0,0.0,-0.01,-1,-1,-0.01,-1,-1,-0.01,-1,-1,-0.01,-1,-1,-0.01,-1,-1,-0.01,-1,-1,-0.01,-1,-1,-0.01,-1,-1,-0.01,-1,-1,-0.01,-1,-1
99926009,2026-05-18 15:01:41+05:30,53587.7,0,0.0,0,0.0,0.0,53282.15,53619.6,52783.45,53710.35,0,0.0,0.0,0.0,0.0,-0.01,-1,-1,-0.01,-1,-1,-0.01,-1,-1,-0.01,-1,-1,-0.01,-1,-1,-0.01,-1,-1,-0.01,-1,-1,-0.01,-1,-1,-0.01,-1,-1,-0.01,-1,-1
99926009,2026-05-18 15:01:42+05:30,53587.7,0,0.0,0,0.0,0.0,53282.15,53619.6,52783.45,53710.35,0,0.0,0.0,0.0,0.0,-0.01,-1,-1,-0.01,-1,-1,-0.01,-1,-1,-0.01,-1,-1,-0.01,-1,-1,-0.01,-1,-1,-0.01,-1,-1,-0.01,-1,-1,-0.01,-1,-1,-0.01,-1,-1
99926009,2026-05-18 15:01:42+05:30,53591.2,0,0.0,0,0.0,0.0,53282.15,53619.6,52783.45,53710.35,0,0.0,0.0,0.0,0.0,-0.01,-1,-1,-0.01,-1,-1,-0.01,-1,-1,-0.01,-1,-1,-0.01,-1,-1,-0.01,-1,-1,-0.01,-1,-1,-0.01,-1,-1,-0.01,-1,-1,-0.01,-1,-1
99926009,2026-05-18 15:01:42+05:30,53590.6,0,0.0,0,0.0,0.0,53282.15,53619.6,52783.45,53710.35,0,0.0,0.0,0.0,0.0,-0.01,-1,-1,-0.01,-1,-1,-0.01,-1,-1,-0.01,-1,-1,-0.01,-1,-1,-0.01,-1,-1,-0.01,-1,-1,-0.01,-1,-1,-0.01,-1,-1,-0.01,-1,-1
99926009,2026-05-18 15:01:43+05:30,53590.6,0,0.0,0,0.0,0.0,53282.15,53619.6,52783.45,53710.35,0,0.0,0.0,0.0,0.0,-0.01,-1,-1,-0.01,-1,-1,-0.01,-1,-1,-0.01,-1,-1,-0.01,-1,-1,-0.01,-1,-1,-0.01,-1,-1,-0.01,-1,-1,-0.01,-1,-1,-0.01,-1,-1
99926009,2026-05-18 15:01:43+05:30,53593.85,0,0.0,0,0.0,0.0,53282.15,53619.6,52783.45,53710.35,0,0.0,0.0,0.0,0.0,-0.01,-1,-1,-0.01,-1,-1,-0.01,-1,-1,-0.01,-1,-1,-0.01,-1,-1,-0.01,-1,-1,-0.01,-1,-1,-0.01,-1,-1,-0.01,-1,-1,-0.01,-1,-1
99926009,2026-05-18 15:01:43+05:30,53598.85,0,0.0,0,0.0,0.0,53282.15,53619.6,52783.45,53710.35,0,0.0,0.0,0.0,0.0,-0.01,-1,-1,-0.01,-1,-1,-0.01,-1,-1,-0.01,-1,-1,-0.01,-1,-1,-0.01,-1,-1,-0.01,-1,-1,-0.01,-1,-1,-0.01,-1,-1,-0.01,-1,-1
99926009,2026-05-18 15:01:44+05:30,53598.85,0,0.0,0,0.0,0.0,53282.15,53619.6,52783.45,53710.35,0,0.0,0.0,0.0,0.0,-0.01,-1,-1,-0.01,-1,-1,-0.01,-1,-1,-0.01,-1,-1,-0.01,-1,-1,-0.01,-1,-1,-0.01,-1,-1,-0.01,-1,-1,-0.01,-1,-1,-0.01,-1,-1
99926009,2026-05-18 15:01:44+05:30,53595.45,0,0.0,0,0.0,0.0,53282.15,53619.6,52783.45,53710.35,0,0.0,0.0,0.0,0.0,-0.01,-1,-1,-0.01,-1,-1,-0.01,-1,-1,-0.01,-1,-1,-0.01,-1,-1,-0.01,-1,-1,-0.01,-1,-1,-0.01,-1,-1,-0.01,-1,-1,-0.01,-1,-1
99926009,2026-05-18 15:01:44+05:30,53594.4,0,0.0,0,0.0,0.0,53282.15,53619.6,52783.45,53710.35,0,0.0,0.0,0.0,0.0,-0.01,-1,-1,-0.01,-1,-1,-0.01,-1,-1,-0.01,-1,-1,-0.01,-1,-1,-0.01,-1,-1,-0.01,-1,-1,-0.01,-1,-1,-0.01,-1,-1,-0.01,-1,-1
99926009,2026-05-18 15:01:45+05:30,53594.4,0,0.0,0,0.0,0.0,53282.15,53619.6,52783.45,53710.35,0,0.0,0.0,0.0,0.0,-0.01,-1,-1,-0.01,-1,-1,-0.01,-1,-1,-0.01,-1,-1,-0.01,-1,-1,-0.01,-1,-1,-0.01,-1,-1,-0.01,-1,-1,-0.01,-1,-1,-0.01,-1,-1
99926009,2026-05-18 15:01:45+05:30,53594.3,0,0.0,0,0.0,0.0,53282.15,53619.6,52783.45,53710.35,0,0.0,0.0,0.0,0.0,-0.01,-1,-1,-0.01,-1,-1,-0.01,-1,-1,-0.01,-1,-1,-0.01,-1,-1,-0.01,-1,-1,-0.01,-1,-1,-0.01,-1,-1,-0.01,-1,-1,-0.01,-1,-1
99926009,2026-05-18 15:01:45+05:30,53597.6,0,0.0,0,0.0,0.0,53282.15,53619.6,52783.45,53710.35,0,0.0,0.0,0.0,0.0,-0.01,-1,-1,-0.01,-1,-1,-0.01,-1,-1,-0.01,-1,-1,-0.01,-1,-1,-0.01,-1,-1,-0.01,-1,-1,-0.01,-1,-1,-0.01,-1,-1,-0.01,-1,-1
99926009,2026-05-18 15:01:46+05:30,53597.6,0,0.0,0,0.0,0.0,53282.15,53619.6,52783.45,53710.35,0,0.0,0.0,0.0,0.0,-0.01,-1,-1,-0.01,-1,-1,-0.01,-1,-1,-0.01,-1,-1,-0.01,-1,-1,-0.01,-1,-1,-0.01,-1,-1,-0.01,-1,-1,-0.01,-1,-1,-0.01,-1,-1
99926009,2026-05-18 15:01:46+05:30,53595.7,0,0.0,0,0.0,0.0,53282.15,53619.6,52783.45,53710.35,0,0.0,0.0,0.0,0.0,-0.01,-1,-1,-0.01,-1,-1,-0.01,-1,-1,-0.01,-1,-1,-0.01,-1,-1,-0.01,-1,-1,-0.01,-1,-1,-0.01,-1,-1,-0.01,-1,-1,-0.01,-1,-1
99926009,2026-05-18 15:01:46+05:30,53595.45,0,0.0,0,0.0,0.0,53282.15,53619.6,52783.45,53710.35,0,0.0,0.0,0.0,0.0,-0.01,-1,-1,-0.01,-1,-1,-0.01,-1,-1,-0.01,-1,-1,-0.01,-1,-1,-0.01,-1,-1,-0.01,-1,-1,-0.01,-1,-1,-0.01,-1,-1,-0.01,-1,-1
99926009,2026-05-18 15:01:47+05:30,53595.45,0,0.0,0,0.0,0.0,53282.15,53619.6,52783.45,53710.35,0,0.0,0.0,0.0,0.0,-0.01,-1,-1,-0.01,-1,-1,-0.01,-1,-1,-0.01,-1,-1,-0.01,-1,-1,-0.01,-1,-1,-0.01,-1,-1,-0.01,-1,-1,-0.01,-1,-1,-0.01,-1,-1
99926009,2026-05-18 15:01:47+05:30,53594.75,0,0.0,0,0.0,0.0,53282.15,53619.6,52783.45,53710.35,0,0.0,0.0,0.0,0.0,-0.01,-1,-1,-0.01,-1,-1,-0.01,-1,-1,-0.01,-1,-1,-0.01,-1,-1,-0.01,-1,-1,-0.01,-1,-1,-0.01,-1,-1,-0.01,-1,-1,-0.01,-1,-1
99926009,2026-05-18 15:01:47+05:30,53596.55,0,0.0,0,0.0,0.0,53282.15,53619.6,52783.45,53710.35,0,0.0,0.0,0.0,0.0,-0.01,-1,-1,-0.01,-1,-1,-0.01,-1,-1,-0.01,-1,-1,-0.01,-1,-1,-0.01,-1,-1,-0.01,-1,-1,-0.01,-1,-1,-0.01,-1,-1,-0.01,-1,-1
99926009,2026-05-18 15:01:48+05:30,53596.55,0,0.0,0,0.0,0.0,53282.15,53619.6,52783.45,53710.35,0,0.0,0.0,0.0,0.0,-0.01,-1,-1,-0.01,-1,-1,-0.01,-1,-1,-0.01,-1,-1,-0.01,-1,-1,-0.01,-1,-1,-0.01,-1,-1,-0.01,-1,-1,-0.01,-1,-1,-0.01,-1,-1
99926009,2026-05-18 15:01:48+05:30,53596.25,0,0.0,0,0.0,0.0,53282.15,53619.6,52783.45,53710.35,0,0.0,0.0,0.0,0.0,-0.01,-1,-1,-0.01,-1,-1,-0.01,-1,-1,-0.01,-1,-1,-0.01,-1,-1,-0.01,-1,-1,-0.01,-1,-1,-0.01,-1,-1,-0.01,-1,-1,-0.01,-1,-1
99926009,2026-05-18 15:01:48+05:30,53596.35,0,0.0,0,0.0,0.0,53282.15,53619.6,52783.45,53710.35,0,0.0,0.0,0.0,0.0,-0.01,-1,-1,-0.01,-1,-1,-0.01,-1,-1,-0.01,-1,-1,-0.01,-1,-1,-0.01,-1,-1,-0.01,-1,-1,-0.01,-1,-1,-0.01,-1,-1,-0.01,-1,-1
99926009,2026-05-18 15:01:49+05:30,53596.35,0,0.0,0,0.0,0.0,53282.15,53619.6,52783.45,53710.35,0,0.0,0.0,0.0,0.0,-0.01,-1,-1,-0.01,-1,-1,-0.01,-1,-1,-0.01,-1,-1,-0.01,-1,-1,-0.01,-1,-1,-0.01,-1,-1,-0.01,-1,-1,-0.01,-1,-1,-0.01,-1,-1
99926009,2026-05-18 15:01:49+05:30,53594.2,0,0.0,0,0.0,0.0,53282.15,53619.6,52783.45,53710.35,0,0.0,0.0,0.0,0.0,-0.01,-1,-1,-0.01,-1,-1,-0.01,-1,-1,-0.01,-1,-1,-0.01,-1,-1,-0.01,-1,-1,-0.01,-1,-1,-0.01,-1,-1,-0.01,-1,-1,-0.01,-1,-1
99926009,2026-05-18 15:01:49+05:30,53597.1,0,0.0,0,0.0,0.0,53282.15,53619.6,52783.45,53710.35,0,0.0,0.0,0.0,0.0,-0.01,-1,-1,-0.01,-1,-1,-0.01,-1,-1,-0.01,-1,-1,-0.01,-1,-1,-0.01,-1,-1,-0.01,-1,-1,-0.01,-1,-1,-0.01,-1,-1,-0.01,-1,-1
99926009,2026-05-18 15:01:50+05:30,53597.1,0,0.0,0,0.0,0.0,53282.15,53619.6,52783.45,53710.35,0,0.0,0.0,0.0,0.0,-0.01,-1,-1,-0.01,-1,-1,-0.01,-1,-1,-0.01,-1,-1,-0.01,-1,-1,-0.01,-1,-1,-0.01,-1,-1,-0.01,-1,-1,-0.01,-1,-1,-0.01,-1,-1
99926009,2026-05-18 15:01:50+05:30,53599.0,0,0.0,0,0.0,0.0,53282.15,53619.6,52783.45,53710.35,0,0.0,0.0,0.0,0.0,-0.01,-1,-1,-0.01,-1,-1,-0.01,-1,-1,-0.01,-1,-1,-0.01,-1,-1,-0.01,-1,-1,-0.01,-1,-1,-0.01,-1,-1,-0.01,-1,-1,-0.01,-1,-1
99926009,2026-05-18 15:01:50+05:30,53599.85,0,0.0,0,0.0,0.0,53282.15,53619.6,52783.45,53710.35,0,0.0,0.0,0.0,0.0,-0.01,-1,-1,-0.01,-1,-1,-0.01,-1,-1,-0.01,-1,-1,-0.01,-1,-1,-0.01,-1,-1,-0.01,-1,-1,-0.01,-1,-1,-0.01,-1,-1,-0.01,-1,-1
99926009,2026-05-18 15:01:51+05:30,53599.85,0,0.0,0,0.0,0.0,53282.15,53619.6,52783.45,53710.35,0,0.0,0.0,0.0,0.0,-0.01,-1,-1,-0.01,-1,-1,-0.01,-1,-1,-0.01,-1,-1,-0.01,-1,-1,-0.01,-1,-1,-0.01,-1,-1,-0.01,-1,-1,-0.01,-1,-1,-0.01,-1,-1
99926009,2026-05-18 15:01:51+05:30,53598.9,0,0.0,0,0.0,0.0,53282.15,53619.6,52783.45,53710.35,0,0.0,0.0,0.0,0.0,-0.01,-1,-1,-0.01,-1,-1,-0.01,-1,-1,-0.01,-1,-1,-0.01,-1,-1,-0.01,-1,-1,-0.01,-1,-1,-0.01,-1,-1,-0.01,-1,-1,-0.01,-1,-1
99926009,2026-05-18 15:01:51+05:30,53600.5,0,0.0,0,0.0,0.0,53282.15,53619.6,52783.45,53710.35,0,0.0,0.0,0.0,0.0,-0.01,-1,-1,-0.01,-1,-1,-0.01,-1,-1,-0.01,-1,-1,-0.01,-1,-1,-0.01,-1,-1,-0.01,-1,-1,-0.01,-1,-1,-0.01,-1,-1,-0.01,-1,-1
99926009,2026-05-18 15:01:52+05:30,53600.5,0,0.0,0,0.0,0.0,53282.15,53619.6,52783.45,53710.35,0,0.0,0.0,0.0,0.0,-0.01,-1,-1,-0.01,-1,-1,-0.01,-1,-1,-0.01,-1,-1,-0.01,-1,-1,-0.01,-1,-1,-0.01,-1,-1,-0.01,-1,-1,-0.01,-1,-1,-0.01,-1,-1
99926009,2026-05-18 15:01:52+05:30,53599.7,0,0.0,0,0.0,0.0,53282.15,53619.6,52783.45,53710.35,0,0.0,0.0,0.0,0.0,-0.01,-1,-1,-0.01,-1,-1,-0.01,-1,-1,-0.01,-1,-1,-0.01,-1,-1,-0.01,-1,-1,-0.01,-1,-1,-0.01,-1,-1,-0.01,-1,-1,-0.01,-1,-1
99926009,2026-05-18 15:01:52+05:30,53600.2,0,0.0,0,0.0,0.0,53282.15,53619.6,52783.45,53710.35,0,0.0,0.0,0.0,0.0,-0.01,-1,-1,-0.01,-1,-1,-0.01,-1,-1,-0.01,-1,-1,-0.01,-1,-1,-0.01,-1,-1,-0.01,-1,-1,-0.01,-1,-1,-0.01,-1,-1,-0.01,-1,-1
99926009,2026-05-18 15:01:53+05:30,53600.2,0,0.0,0,0.0,0.0,53282.15,53619.6,52783.45,53710.35,0,0.0,0.0,0.0,0.0,-0.01,-1,-1,-0.01,-1,-1,-0.01,-1,-1,-0.01,-1,-1,-0.01,-1,-1,-0.01,-1,-1,-0.01,-1,-1,-0.01,-1,-1,-0.01,-1,-1,-0.01,-1,-1
99926009,2026-05-18 15:01:53+05:30,53600.35,0,0.0,0,0.0,0.0,53282.15,53619.6,52783.45,53710.35,0,0.0,0.0,0.0,0.0,-0.01,-1,-1,-0.01,-1,-1,-0.01,-1,-1,-0.01,-1,-1,-0.01,-1,-1,-0.01,-1,-1,-0.01,-1,-1,-0.01,-1,-1,-0.01,-1,-1,-0.01,-1,-1
99926009,2026-05-18 15:01:53+05:30,53599.0,0,0.0,0,0.0,0.0,53282.15,53619.6,52783.45,53710.35,0,0.0,0.0,0.0,0.0,-0.01,-1,-1,-0.01,-1,-1,-0.01,-1,-1,-0.01,-1,-1,-0.01,-1,-1,-0.01,-1,-1,-0.01,-1,-1,-0.01,-1,-1,-0.01,-1,-1,-0.01,-1,-1
99926009,2026-05-18 15:01:54+05:30,53599.0,0,0.0,0,0.0,0.0,53282.15,53619.6,52783.45,53710.35,0,0.0,0.0,0.0,0.0,-0.01,-1,-1,-0.01,-1,-1,-0.01,-1,-1,-0.01,-1,-1,-0.01,-1,-1,-0.01,-1,-1,-0.01,-1,-1,-0.01,-1,-1,-0.01,-1,-1,-0.01,-1,-1
99926009,2026-05-18 15:01:54+05:30,53604.45,0,0.0,0,0.0,0.0,53282.15,53619.6,52783.45,53710.35,0,0.0,0.0,0.0,0.0,-0.01,-1,-1,-0.01,-1,-1,-0.01,-1,-1,-0.01,-1,-1,-0.01,-1,-1,-0.01,-1,-1,-0.01,-1,-1,-0.01,-1,-1,-0.01,-1,-1,-0.01,-1,-1
99926009,2026-05-18 15:01:54+05:30,53601.1,0,0.0,0,0.0,0.0,53282.15,53619.6,52783.45,53710.35,0,0.0,0.0,0.0,0.0,-0.01,-1,-1,-0.01,-1,-1,-0.01,-1,-1,-0.01,-1,-1,-0.01,-1,-1,-0.01,-1,-1,-0.01,-1,-1,-0.01,-1,-1,-0.01,-1,-1,-0.01,-1,-1
99926009,2026-05-18 15:01:55+05:30,53601.1,0,0.0,0,0.0,0.0,53282.15,53619.6,52783.45,53710.35,0,0.0,0.0,0.0,0.0,-0.01,-1,-1,-0.01,-1,-1,-0.01,-1,-1,-0.01,-1,-1,-0.01,-1,-1,-0.01,-1,-1,-0.01,-1,-1,-0.01,-1,-1,-0.01,-1,-1,-0.01,-1,-1
99926009,2026-05-18 15:01:55+05:30,53601.95,0,0.0,0,0.0,0.0,53282.15,53619.6,52783.45,53710.35,0,0.0,0.0,0.0,0.0,-0.01,-1,-1,-0.01,-1,-1,-0.01,-1,-1,-0.01,-1,-1,-0.01,-1,-1,-0.01,-1,-1,-0.01,-1,-1,-0.01,-1,-1,-0.01,-1,-1,-0.01,-1,-1
99926009,2026-05-18 15:01:55+05:30,53606.55,0,0.0,0,0.0,0.0,53282.15,53619.6,52783.45,53710.35,0,0.0,0.0,0.0,0.0,-0.01,-1,-1,-0.01,-1,-1,-0.01,-1,-1,-0.01,-1,-1,-0.01,-1,-1,-0.01,-1,-1,-0.01,-1,-1,-0.01,-1,-1,-0.01,-1,-1,-0.01,-1,-1
99926009,2026-05-18 15:01:56+05:30,53606.55,0,0.0,0,0.0,0.0,53282.15,53619.6,52783.45,53710.35,0,0.0,0.0,0.0,0.0,-0.01,-1,-1,-0.01,-1,-1,-0.01,-1,-1,-0.01,-1,-1,-0.01,-1,-1,-0.01,-1,-1,-0.01,-1,-1,-0.01,-1,-1,-0.01,-1,-1,-0.01,-1,-1
99926009,2026-05-18 15:01:56+05:30,53604.2,0,0.0,0,0.0,0.0,53282.15,53619.6,52783.45,53710.35,0,0.0,0.0,0.0,0.0,-0.01,-1,-1,-0.01,-1,-1,-0.01,-1,-1,-0.01,-1,-1,-0.01,-1,-1,-0.01,-1,-1,-0.01,-1,-1,-0.01,-1,-1,-0.01,-1,-1,-0.01,-1,-1
99926009,2026-05-18 15:01:56+05:30,53602.5,0,0.0,0,0.0,0.0,53282.15,53619.6,52783.45,53710.35,0,0.0,0.0,0.0,0.0,-0.01,-1,-1,-0.01,-1,-1,-0.01,-1,-1,-0.01,-1,-1,-0.01,-1,-1,-0.01,-1,-1,-0.01,-1,-1,-0.01,-1,-1,-0.01,-1,-1,-0.01,-1,-1
99926009,2026-05-18 15:01:57+05:30,53602.5,0,0.0,0,0.0,0.0,53282.15,53619.6,52783.45,53710.35,0,0.0,0.0,0.0,0.0,-0.01,-1,-1,-0.01,-1,-1,-0.01,-1,-1,-0.01,-1,-1,-0.01,-1,-1,-0.01,-1,-1,-0.01,-1,-1,-0.01,-1,-1,-0.01,-1,-1,-0.01,-1,-1
99926009,2026-05-18 15:01:57+05:30,53604.75,0,0.0,0,0.0,0.0,53282.15,53619.6,52783.45,53710.35,0,0.0,0.0,0.0,0.0,-0.01,-1,-1,-0.01,-1,-1,-0.01,-1,-1,-0.01,-1,-1,-0.01,-1,-1,-0.01,-1,-1,-0.01,-1,-1,-0.01,-1,-1,-0.01,-1,-1,-0.01,-1,-1
99926009,2026-05-18 15:01:57+05:30,53602.4,0,0.0,0,0.0,0.0,53282.15,53619.6,52783.45,53710.35,0,0.0,0.0,0.0,0.0,-0.01,-1,-1,-0.01,-1,-1,-0.01,-1,-1,-0.01,-1,-1,-0.01,-1,-1,-0.01,-1,-1,-0.01,-1,-1,-0.01,-1,-1,-0.01,-1,-1,-0.01,-1,-1
99926009,2026-05-18 15:01:58+05:30,53602.4,0,0.0,0,0.0,0.0,53282.15,53619.6,52783.45,53710.35,0,0.0,0.0,0.0,0.0,-0.01,-1,-1,-0.01,-1,-1,-0.01,-1,-1,-0.01,-1,-1,-0.01,-1,-1,-0.01,-1,-1,-0.01,-1,-1,-0.01,-1,-1,-0.01,-1,-1,-0.01,-1,-1
99926009,2026-05-18 15:01:58+05:30,53603.2,0,0.0,0,0.0,0.0,53282.15,53619.6,52783.45,53710.35,0,0.0,0.0,0.0,0.0,-0.01,-1,-1,-0.01,-1,-1,-0.01,-1,-1,-0.01,-1,-1,-0.01,-1,-1,-0.01,-1,-1,-0.01,-1,-1,-0.01,-1,-1,-0.01,-1,-1,-0.01,-1,-1
99926009,2026-05-18 15:01:58+05:30,53603.0,0,0.0,0,0.0,0.0,53282.15,53619.6,52783.45,53710.35,0,0.0,0.0,0.0,0.0,-0.01,-1,-1,-0.01,-1,-1,-0.01,-1,-1,-0.01,-1,-1,-0.01,-1,-1,-0.01,-1,-1,-0.01,-1,-1,-0.01,-1,-1,-0.01,-1,-1,-0.01,-1,-1
99926009,2026-05-18 15:01:59+05:30,53603.0,0,0.0,0,0.0,0.0,53282.15,53619.6,52783.45,53710.35,0,0.0,0.0,0.0,0.0,-0.01,-1,-1,-0.01,-1,-1,-0.01,-1,-1,-0.01,-1,-1,-0.01,-1,-1,-0.01,-1,-1,-0.01,-1,-1,-0.01,-1,-1,-0.01,-1,-1,-0.01,-1,-1
99926009,2026-05-18 15:01:59+05:30,53602.05,0,0.0,0,0.0,0.0,53282.15,53619.6,52783.45,53710.35,0,0.0,0.0,0.0,0.0,-0.01,-1,-1,-0.01,-1,-1,-0.01,-1,-1,-0.01,-1,-1,-0.01,-1,-1,-0.01,-1,-1,-0.01,-1,-1,-0.01,-1,-1,-0.01,-1,-1,-0.01,-1,-1
99926009,2026-05-18 15:01:59+05:30,53599.2,0,0.0,0,0.0,0.0,53282.15,53619.6,52783.45,53710.35,0,0.0,0.0,0.0,0.0,-0.01,-1,-1,-0.01,-1,-1,-0.01,-1,-1,-0.01,-1,-1,-0.01,-1,-1,-0.01,-1,-1,-0.01,-1,-1,-0.01,-1,-1,-0.01,-1,-1,-0.01,-1,-1
99926009,2026-05-18 15:02:00+05:30,53599.2,0,0.0,0,0.0,0.0,53282.15,53619.6,52783.45,53710.35,0,0.0,0.0,0.0,0.0,-0.01,-1,-1,-0.01,-1,-1,-0.01,-1,-1,-0.01,-1,-1,-0.01,-1,-1,-0.01,-1,-1,-0.01,-1,-1,-0.01,-1,-1,-0.01,-1,-1,-0.01,-1,-1
99926009,2026-05-18 15:02:00+05:30,53600.55,0,0.0,0,0.0,0.0,53282.15,53619.6,52783.45,53710.35,0,0.0,0.0,0.0,0.0,-0.01,-1,-1,-0.01,-1,-1,-0.01,-1,-1,-0.01,-1,-1,-0.01,-1,-1,-0.01,-1,-1,-0.01,-1,-1,-0.01,-1,-1,-0.01,-1,-1,-0.01,-1,-1
99926009,2026-05-18 15:02:00+05:30,53608.25,0,0.0,0,0.0,0.0,53282.15,53619.6,52783.45,53710.35,0,0.0,0.0,0.0,0.0,-0.01,-1,-1,-0.01,-1,-1,-0.01,-1,-1,-0.01,-1,-1,-0.01,-1,-1,-0.01,-1,-1,-0.01,-1,-1,-0.01,-1,-1,-0.01,-1,-1,-0.01,-1,-1
99926009,2026-05-18 15:02:01+05:30,53608.25,0,0.0,0,0.0,0.0,53282.15,53619.6,52783.45,53710.35,0,0.0,0.0,0.0,0.0,-0.01,-1,-1,-0.01,-1,-1,-0.01,-1,-1,-0.01,-1,-1,-0.01,-1,-1,-0.01,-1,-1,-0.01,-1,-1,-0.01,-1,-1,-0.01,-1,-1,-0.01,-1,-1
99926009,2026-05-18 15:02:01+05:30,53605.75,0,0.0,0,0.0,0.0,53282.15,53619.6,52783.45,53710.35,0,0.0,0.0,0.0,0.0,-0.01,-1,-1,-0.01,-1,-1,-0.01,-1,-1,-0.01,-1,-1,-0.01,-1,-1,-0.01,-1,-1,-0.01,-1,-1,-0.01,-1,-1,-0.01,-1,-1,-0.01,-1,-1
99926009,2026-05-18 15:02:01+05:30,53607.1,0,0.0,0,0.0,0.0,53282.15,53619.6,52783.45,53710.35,0,0.0,0.0,0.0,0.0,-0.01,-1,-1,-0.01,-1,-1,-0.01,-1,-1,-0.01,-1,-1,-0.01,-1,-1,-0.01,-1,-1,-0.01,-1,-1,-0.01,-1,-1,-0.01,-1,-1,-0.01,-1,-1
99926009,2026-05-18 15:02:02+05:30,53607.1,0,0.0,0,0.0,0.0,53282.15,53619.6,52783.45,53710.35,0,0.0,0.0,0.0,0.0,-0.01,-1,-1,-0.01,-1,-1,-0.01,-1,-1,-0.01,-1,-1,-0.01,-1,-1,-0.01,-1,-1,-0.01,-1,-1,-0.01,-1,-1,-0.01,-1,-1,-0.01,-1,-1
99926009,2026-05-18 15:02:02+05:30,53607.85,0,0.0,0,0.0,0.0,53282.15,53619.6,52783.45,53710.35,0,0.0,0.0,0.0,0.0,-0.01,-1,-1,-0.01,-1,-1,-0.01,-1,-1,-0.01,-1,-1,-0.01,-1,-1,-0.01,-1,-1,-0.01,-1,-1,-0.01,-1,-1,-0.01,-1,-1,-0.01,-1,-1
99926009,2026-05-18 15:02:02+05:30,53607.95,0,0.0,0,0.0,0.0,53282.15,53619.6,52783.45,53710.35,0,0.0,0.0,0.0,0.0,-0.01,-1,-1,-0.01,-1,-1,-0.01,-1,-1,-0.01,-1,-1,-0.01,-1,-1,-0.01,-1,-1,-0.01,-1,-1,-0.01,-1,-1,-0.01,-1,-1,-0.01,-1,-1
99926009,2026-05-18 15:02:03+05:30,53607.95,0,0.0,0,0.0,0.0,53282.15,53619.6,52783.45,53710.35,0,0.0,0.0,0.0,0.0,-0.01,-1,-1,-0.01,-1,-1,-0.01,-1,-1,-0.01,-1,-1,-0.01,-1,-1,-0.01,-1,-1,-0.01,-1,-1,-0.01,-1,-1,-0.01,-1,-1,-0.01,-1,-1
99926009,2026-05-18 15:02:03+05:30,53607.7,0,0.0,0,0.0,0.0,53282.15,53619.6,52783.45,53710.35,0,0.0,0.0,0.0,0.0,-0.01,-1,-1,-0.01,-1,-1,-0.01,-1,-1,-0.01,-1,-1,-0.01,-1,-1,-0.01,-1,-1,-0.01,-1,-1,-0.01,-1,-1,-0.01,-1,-1,-0.01,-1,-1
99926009,2026-05-18 15:02:03+05:30,53607.75,0,0.0,0,0.0,0.0,53282.15,53619.6,52783.45,53710.35,0,0.0,0.0,0.0,0.0,-0.01,-1,-1,-0.01,-1,-1,-0.01,-1,-1,-0.01,-1,-1,-0.01,-1,-1,-0.01,-1,-1,-0.01,-1,-1,-0.01,-1,-1,-0.01,-1,-1,-0.01,-1,-1
99926009,2026-05-18 15:02:04+05:30,53607.75,0,0.0,0,0.0,0.0,53282.15,53619.6,52783.45,53710.35,0,0.0,0.0,0.0,0.0,-0.01,-1,-1,-0.01,-1,-1,-0.01,-1,-1,-0.01,-1,-1,-0.01,-1,-1,-0.01,-1,-1,-0.01,-1,-1,-0.01,-1,-1,-0.01,-1,-1,-0.01,-1,-1
99926009,2026-05-18 15:02:04+05:30,53606.75,0,0.0,0,0.0,0.0,53282.15,53619.6,52783.45,53710.35,0,0.0,0.0,0.0,0.0,-0.01,-1,-1,-0.01,-1,-1,-0.01,-1,-1,-0.01,-1,-1,-0.01,-1,-1,-0.01,-1,-1,-0.01,-1,-1,-0.01,-1,-1,-0.01,-1,-1,-0.01,-1,-1
99926009,2026-05-18 15:02:04+05:30,53606.0,0,0.0,0,0.0,0.0,53282.15,53619.6,52783.45,53710.35,0,0.0,0.0,0.0,0.0,-0.01,-1,-1,-0.01,-1,-1,-0.01,-1,-1,-0.01,-1,-1,-0.01,-1,-1,-0.01,-1,-1,-0.01,-1,-1,-0.01,-1,-1,-0.01,-1,-1,-0.01,-1,-1
99926009,2026-05-18 15:02:05+05:30,53606.0,0,0.0,0,0.0,0.0,53282.15,53619.6,52783.45,53710.35,0,0.0,0.0,0.0,0.0,-0.01,-1,-1,-0.01,-1,-1,-0.01,-1,-1,-0.01,-1,-1,-0.01,-1,-1,-0.01,-1,-1,-0.01,-1,-1,-0.01,-1,-1,-0.01,-1,-1,-0.01,-1,-1
99926009,2026-05-18 15:02:05+05:30,53604.65,0,0.0,0,0.0,0.0,53282.15,53619.6,52783.45,53710.35,0,0.0,0.0,0.0,0.0,-0.01,-1,-1,-0.01,-1,-1,-0.01,-1,-1,-0.01,-1,-1,-0.01,-1,-1,-0.01,-1,-1,-0.01,-1,-1,-0.01,-1,-1,-0.01,-1,-1,-0.01,-1,-1
99926009,2026-05-18 15:02:05+05:30,53609.6,0,0.0,0,0.0,0.0,53282.15,53619.6,52783.45,53710.35,0,0.0,0.0,0.0,0.0,-0.01,-1,-1,-0.01,-1,-1,-0.01,-1,-1,-0.01,-1,-1,-0.01,-1,-1,-0.01,-1,-1,-0.01,-1,-1,-0.01,-1,-1,-0.01,-1,-1,-0.01,-1,-1
99926009,2026-05-18 15:02:06+05:30,53609.6,0,0.0,0,0.0,0.0,53282.15,53619.6,52783.45,53710.35,0,0.0,0.0,0.0,0.0,-0.01,-1,-1,-0.01,-1,-1,-0.01,-1,-1,-0.01,-1,-1,-0.01,-1,-1,-0.01,-1,-1,-0.01,-1,-1,-0.01,-1,-1,-0.01,-1,-1,-0.01,-1,-1
99926009,2026-05-18 15:02:06+05:30,53611.35,0,0.0,0,0.0,0.0,53282.15,53619.6,52783.45,53710.35,0,0.0,0.0,0.0,0.0,-0.01,-1,-1,-0.01,-1,-1,-0.01,-1,-1,-0.01,-1,-1,-0.01,-1,-1,-0.01,-1,-1,-0.01,-1,-1,-0.01,-1,-1,-0.01,-1,-1,-0.01,-1,-1
99926009,2026-05-18 15:02:06+05:30,53609.85,0,0.0,0,0.0,0.0,53282.15,53619.6,52783.45,53710.35,0,0.0,0.0,0.0,0.0,-0.01,-1,-1,-0.01,-1,-1,-0.01,-1,-1,-0.01,-1,-1,-0.01,-1,-1,-0.01,-1,-1,-0.01,-1,-1,-0.01,-1,-1,-0.01,-1,-1,-0.01,-1,-1
99926009,2026-05-18 15:02:07+05:30,53609.85,0,0.0,0,0.0,0.0,53282.15,53619.6,52783.45,53710.35,0,0.0,0.0,0.0,0.0,-0.01,-1,-1,-0.01,-1,-1,-0.01,-1,-1,-0.01,-1,-1,-0.01,-1,-1,-0.01,-1,-1,-0.01,-1,-1,-0.01,-1,-1,-0.01,-1,-1,-0.01,-1,-1
99926009,2026-05-18 15:02:07+05:30,53610.05,0,0.0,0,0.0,0.0,53282.15,53619.6,52783.45,53710.35,0,0.0,0.0,0.0,0.0,-0.01,-1,-1,-0.01,-1,-1,-0.01,-1,-1,-0.01,-1,-1,-0.01,-1,-1,-0.01,-1,-1,-0.01,-1,-1,-0.01,-1,-1,-0.01,-1,-1,-0.01,-1,-1
99926009,2026-05-18 15:02:07+05:30,53611.0,0,0.0,0,0.0,0.0,53282.15,53619.6,52783.45,53710.35,0,0.0,0.0,0.0,0.0,-0.01,-1,-1,-0.01,-1,-1,-0.01,-1,-1,-0.01,-1,-1,-0.01,-1,-1,-0.01,-1,-1,-0.01,-1,-1,-0.01,-1,-1,-0.01,-1,-1,-0.01,-1,-1
99926009,2026-05-18 15:02:08+05:30,53611.0,0,0.0,0,0.0,0.0,53282.15,53619.6,52783.45,53710.35,0,0.0,0.0,0.0,0.0,-0.01,-1,-1,-0.01,-1,-1,-0.01,-1,-1,-0.01,-1,-1,-0.01,-1,-1,-0.01,-1,-1,-0.01,-1,-1,-0.01,-1,-1,-0.01,-1,-1,-0.01,-1,-1
99926009,2026-05-18 15:02:08+05:30,53621.5,0,0.0,0,0.0,0.0,53282.15,53623.1,52783.45,53710.35,0,0.0,0.0,0.0,0.0,-0.01,-1,-1,-0.01,-1,-1,-0.01,-1,-1,-0.01,-1,-1,-0.01,-1,-1,-0.01,-1,-1,-0.01,-1,-1,-0.01,-1,-1,-0.01,-1,-1,-0.01,-1,-1
99926009,2026-05-18 15:02:08+05:30,53626.15,0,0.0,0,0.0,0.0,53282.15,53626.2,52783.45,53710.35,0,0.0,0.0,0.0,0.0,-0.01,-1,-1,-0.01,-1,-1,-0.01,-1,-1,-0.01,-1,-1,-0.01,-1,-1,-0.01,-1,-1,-0.01,-1,-1,-0.01,-1,-1,-0.01,-1,-1,-0.01,-1,-1
99926009,2026-05-18 15:02:09+05:30,53626.15,0,0.0,0,0.0,0.0,53282.15,53626.2,52783.45,53710.35,0,0.0,0.0,0.0,0.0,-0.01,-1,-1,-0.01,-1,-1,-0.01,-1,-1,-0.01,-1,-1,-0.01,-1,-1,-0.01,-1,-1,-0.01,-1,-1,-0.01,-1,-1,-0.01,-1,-1,-0.01,-1,-1
99926009,2026-05-18 15:02:09+05:30,53628.3,0,0.0,0,0.0,0.0,53282.15,53631.8,52783.45,53710.35,0,0.0,0.0,0.0,0.0,-0.01,-1,-1,-0.01,-1,-1,-0.01,-1,-1,-0.01,-1,-1,-0.01,-1,-1,-0.01,-1,-1,-0.01,-1,-1,-0.01,-1,-1,-0.01,-1,-1,-0.01,-1,-1
99926009,2026-05-18 15:02:09+05:30,53625.05,0,0.0,0,0.0,0.0,53282.15,53631.8,52783.45,53710.35,0,0.0,0.0,0.0,0.0,-0.01,-1,-1,-0.01,-1,-1,-0.01,-1,-1,-0.01,-1,-1,-0.01,-1,-1,-0.01,-1,-1,-0.01,-1,-1,-0.01,-1,-1,-0.01,-1,-1,-0.01,-1,-1
99926009,2026-05-18 15:02:10+05:30,53625.05,0,0.0,0,0.0,0.0,53282.15,53631.8,52783.45,53710.35,0,0.0,0.0,0.0,0.0,-0.01,-1,-1,-0.01,-1,-1,-0.01,-1,-1,-0.01,-1,-1,-0.01,-1,-1,-0.01,-1,-1,-0.01,-1,-1,-0.01,-1,-1,-0.01,-1,-1,-0.01,-1,-1
99926009,2026-05-18 15:02:10+05:30,53627.0,0,0.0,0,0.0,0.0,53282.15,53631.8,52783.45,53710.35,0,0.0,0.0,0.0,0.0,-0.01,-1,-1,-0.01,-1,-1,-0.01,-1,-1,-0.01,-1,-1,-0.01,-1,-1,-0.01,-1,-1,-0.01,-1,-1,-0.01,-1,-1,-0.01,-1,-1,-0.01,-1,-1
99926009,2026-05-18 15:02:10+05:30,53632.65,0,0.0,0,0.0,0.0,53282.15,53633.5,52783.45,53710.35,0,0.0,0.0,0.0,0.0,-0.01,-1,-1,-0.01,-1,-1,-0.01,-1,-1,-0.01,-1,-1,-0.01,-1,-1,-0.01,-1,-1,-0.01,-1,-1,-0.01,-1,-1,-0.01,-1,-1,-0.01,-1,-1
99926009,2026-05-18 15:02:11+05:30,53632.65,0,0.0,0,0.0,0.0,53282.15,53633.5,52783.45,53710.35,0,0.0,0.0,0.0,0.0,-0.01,-1,-1,-0.01,-1,-1,-0.01,-1,-1,-0.01,-1,-1,-0.01,-1,-1,-0.01,-1,-1,-0.01,-1,-1,-0.01,-1,-1,-0.01,-1,-1,-0.01,-1,-1
99926009,2026-05-18 15:02:11+05:30,53631.1,0,0.0,0,0.0,0.0,53282.15,53633.5,52783.45,53710.35,0,0.0,0.0,0.0,0.0,-0.01,-1,-1,-0.01,-1,-1,-0.01,-1,-1,-0.01,-1,-1,-0.01,-1,-1,-0.01,-1,-1,-0.01,-1,-1,-0.01,-1,-1,-0.01,-1,-1,-0.01,-1,-1
99926009,2026-05-18 15:02:11+05:30,53631.45,0,0.0,0,0.0,0.0,53282.15,53634.3,52783.45,53710.35,0,0.0,0.0,0.0,0.0,-0.01,-1,-1,-0.01,-1,-1,-0.01,-1,-1,-0.01,-1,-1,-0.01,-1,-1,-0.01,-1,-1,-0.01,-1,-1,-0.01,-1,-1,-0.01,-1,-1,-0.01,-1,-1
99926009,2026-05-18 15:02:12+05:30,53631.45,0,0.0,0,0.0,0.0,53282.15,53634.3,52783.45,53710.35,0,0.0,0.0,0.0,0.0,-0.01,-1,-1,-0.01,-1,-1,-0.01,-1,-1,-0.01,-1,-1,-0.01,-1,-1,-0.01,-1,-1,-0.01,-1,-1,-0.01,-1,-1,-0.01,-1,-1,-0.01,-1,-1
99926009,2026-05-18 15:02:12+05:30,53632.2,0,0.0,0,0.0,0.0,53282.15,53635.85,52783.45,53710.35,0,0.0,0.0,0.0,0.0,-0.01,-1,-1,-0.01,-1,-1,-0.01,-1,-1,-0.01,-1,-1,-0.01,-1,-1,-0.01,-1,-1,-0.01,-1,-1,-0.01,-1,-1,-0.01,-1,-1,-0.01,-1,-1
99926009,2026-05-18 15:02:12+05:30,53633.95,0,0.0,0,0.0,0.0,53282.15,53635.85,52783.45,53710.35,0,0.0,0.0,0.0,0.0,-0.01,-1,-1,-0.01,-1,-1,-0.01,-1,-1,-0.01,-1,-1,-0.01,-1,-1,-0.01,-1,-1,-0.01,-1,-1,-0.01,-1,-1,-0.01,-1,-1,-0.01,-1,-1
99926009,2026-05-18 15:02:13+05:30,53633.95,0,0.0,0,0.0,0.0,53282.15,53635.85,52783.45,53710.35,0,0.0,0.0,0.0,0.0,-0.01,-1,-1,-0.01,-1,-1,-0.01,-1,-1,-0.01,-1,-1,-0.01,-1,-1,-0.01,-1,-1,-0.01,-1,-1,-0.01,-1,-1,-0.01,-1,-1,-0.01,-1,-1
99926009,2026-05-18 15:02:13+05:30,53634.85,0,0.0,0,0.0,0.0,53282.15,53635.85,52783.45,53710.35,0,0.0,0.0,0.0,0.0,-0.01,-1,-1,-0.01,-1,-1,-0.01,-1,-1,-0.01,-1,-1,-0.01,-1,-1,-0.01,-1,-1,-0.01,-1,-1,-0.01,-1,-1,-0.01,-1,-1,-0.01,-1,-1
99926009,2026-05-18 15:02:13+05:30,53638.1,0,0.0,0,0.0,0.0,53282.15,53640.7,52783.45,53710.35,0,0.0,0.0,0.0,0.0,-0.01,-1,-1,-0.01,-1,-1,-0.01,-1,-1,-0.01,-1,-1,-0.01,-1,-1,-0.01,-1,-1,-0.01,-1,-1,-0.01,-1,-1,-0.01,-1,-1,-0.01,-1,-1
99926009,2026-05-18 15:02:14+05:30,53638.1,0,0.0,0,0.0,0.0,53282.15,53640.7,52783.45,53710.35,0,0.0,0.0,0.0,0.0,-0.01,-1,-1,-0.01,-1,-1,-0.01,-1,-1,-0.01,-1,-1,-0.01,-1,-1,-0.01,-1,-1,-0.01,-1,-1,-0.01,-1,-1,-0.01,-1,-1,-0.01,-1,-1
99926009,2026-05-18 15:02:14+05:30,53637.2,0,0.0,0,0.0,0.0,53282.15,53640.7,52783.45,53710.35,0,0.0,0.0,0.0,0.0,-0.01,-1,-1,-0.01,-1,-1,-0.01,-1,-1,-0.01,-1,-1,-0.01,-1,-1,-0.01,-1,-1,-0.01,-1,-1,-0.01,-1,-1,-0.01,-1,-1,-0.01,-1,-1
99926009,2026-05-18 15:02:14+05:30,53636.8,0,0.0,0,0.0,0.0,53282.15,53640.7,52783.45,53710.35,0,0.0,0.0,0.0,0.0,-0.01,-1,-1,-0.01,-1,-1,-0.01,-1,-1,-0.01,-1,-1,-0.01,-1,-1,-0.01,-1,-1,-0.01,-1,-1,-0.01,-1,-1,-0.01,-1,-1,-0.01,-1,-1
99926009,2026-05-18 15:02:15+05:30,53636.8,0,0.0,0,0.0,0.0,53282.15,53640.7,52783.45,53710.35,0,0.0,0.0,0.0,0.0,-0.01,-1,-1,-0.01,-1,-1,-0.01,-1,-1,-0.01,-1,-1,-0.01,-1,-1,-0.01,-1,-1,-0.01,-1,-1,-0.01,-1,-1,-0.01,-1,-1,-0.01,-1,-1
99926009,2026-05-18 15:02:15+05:30,53636.05,0,0.0,0,0.0,0.0,53282.15,53640.7,52783.45,53710.35,0,0.0,0.0,0.0,0.0,-0.01,-1,-1,-0.01,-1,-1,-0.01,-1,-1,-0.01,-1,-1,-0.01,-1,-1,-0.01,-1,-1,-0.01,-1,-1,-0.01,-1,-1,-0.01,-1,-1,-0.01,-1,-1
99926009,2026-05-18 15:02:15+05:30,53639.4,0,0.0,0,0.0,0.0,53282.15,53641.65,52783.45,53710.35,0,0.0,0.0,0.0,0.0,-0.01,-1,-1,-0.01,-1,-1,-0.01,-1,-1,-0.01,-1,-1,-0.01,-1,-1,-0.01,-1,-1,-0.01,-1,-1,-0.01,-1,-1,-0.01,-1,-1,-0.01,-1,-1
99926009,2026-05-18 15:02:16+05:30,53639.4,0,0.0,0,0.0,0.0,53282.15,53641.65,52783.45,53710.35,0,0.0,0.0,0.0,0.0,-0.01,-1,-1,-0.01,-1,-1,-0.01,-1,-1,-0.01,-1,-1,-0.01,-1,-1,-0.01,-1,-1,-0.01,-1,-1,-0.01,-1,-1,-0.01,-1,-1,-0.01,-1,-1
99926009,2026-05-18 15:02:16+05:30,53638.35,0,0.0,0,0.0,0.0,53282.15,53641.65,52783.45,53710.35,0,0.0,0.0,0.0,0.0,-0.01,-1,-1,-0.01,-1,-1,-0.01,-1,-1,-0.01,-1,-1,-0.01,-1,-1,-0.01,-1,-1,-0.01,-1,-1,-0.01,-1,-1,-0.01,-1,-1,-0.01,-1,-1
99926009,2026-05-18 15:02:16+05:30,53636.95,0,0.0,0,0.0,0.0,53282.15,53641.65,52783.45,53710.35,0,0.0,0.0,0.0,0.0,-0.01,-1,-1,-0.01,-1,-1,-0.01,-1,-1,-0.01,-1,-1,-0.01,-1,-1,-0.01,-1,-1,-0.01,-1,-1,-0.01,-1,-1,-0.01,-1,-1,-0.01,-1,-1
99926009,2026-05-18 15:02:17+05:30,53636.95,0,0.0,0,0.0,0.0,53282.15,53641.65,52783.45,53710.35,0,0.0,0.0,0.0,0.0,-0.01,-1,-1,-0.01,-1,-1,-0.01,-1,-1,-0.01,-1,-1,-0.01,-1,-1,-0.01,-1,-1,-0.01,-1,-1,-0.01,-1,-1,-0.01,-1,-1,-0.01,-1,-1
99926009,2026-05-18 15:02:17+05:30,53638.0,0,0.0,0,0.0,0.0,53282.15,53641.65,52783.45,53710.35,0,0.0,0.0,0.0,0.0,-0.01,-1,-1,-0.01,-1,-1,-0.01,-1,-1,-0.01,-1,-1,-0.01,-1,-1,-0.01,-1,-1,-0.01,-1,-1,-0.01,-1,-1,-0.01,-1,-1,-0.01,-1,-1
99926009,2026-05-18 15:02:17+05:30,53639.2,0,0.0,0,0.0,0.0,53282.15,53641.65,52783.45,53710.35,0,0.0,0.0,0.0,0.0,-0.01,-1,-1,-0.01,-1,-1,-0.01,-1,-1,-0.01,-1,-1,-0.01,-1,-1,-0.01,-1,-1,-0.01,-1,-1,-0.01,-1,-1,-0.01,-1,-1,-0.01,-1,-1
99926009,2026-05-18 15:02:18+05:30,53639.2,0,0.0,0,0.0,0.0,53282.15,53641.65,52783.45,53710.35,0,0.0,0.0,0.0,0.0,-0.01,-1,-1,-0.01,-1,-1,-0.01,-1,-1,-0.01,-1,-1,-0.01,-1,-1,-0.01,-1,-1,-0.01,-1,-1,-0.01,-1,-1,-0.01,-1,-1,-0.01,-1,-1
99926009,2026-05-18 15:02:18+05:30,53638.2,0,0.0,0,0.0,0.0,53282.15,53641.65,52783.45,53710.35,0,0.0,0.0,0.0,0.0,-0.01,-1,-1,-0.01,-1,-1,-0.01,-1,-1,-0.01,-1,-1,-0.01,-1,-1,-0.01,-1,-1,-0.01,-1,-1,-0.01,-1,-1,-0.01,-1,-1,-0.01,-1,-1
99926009,2026-05-18 15:02:18+05:30,53639.65,0,0.0,0,0.0,0.0,53282.15,53641.65,52783.45,53710.35,0,0.0,0.0,0.0,0.0,-0.01,-1,-1,-0.01,-1,-1,-0.01,-1,-1,-0.01,-1,-1,-0.01,-1,-1,-0.01,-1,-1,-0.01,-1,-1,-0.01,-1,-1,-0.01,-1,-1,-0.01,-1,-1
99926009,2026-05-18 15:02:19+05:30,53639.65,0,0.0,0,0.0,0.0,53282.15,53641.65,52783.45,53710.35,0,0.0,0.0,0.0,0.0,-0.01,-1,-1,-0.01,-1,-1,-0.01,-1,-1,-0.01,-1,-1,-0.01,-1,-1,-0.01,-1,-1,-0.01,-1,-1,-0.01,-1,-1,-0.01,-1,-1,-0.01,-1,-1
99926009,2026-05-18 15:02:19+05:30,53639.6,0,0.0,0,0.0,0.0,53282.15,53641.65,52783.45,53710.35,0,0.0,0.0,0.0,0.0,-0.01,-1,-1,-0.01,-1,-1,-0.01,-1,-1,-0.01,-1,-1,-0.01,-1,-1,-0.01,-1,-1,-0.01,-1,-1,-0.01,-1,-1,-0.01,-1,-1,-0.01,-1,-1
99926009,2026-05-18 15:02:19+05:30,53640.1,0,0.0,0,0.0,0.0,53282.15,53641.65,52783.45,53710.35,0,0.0,0.0,0.0,0.0,-0.01,-1,-1,-0.01,-1,-1,-0.01,-1,-1,-0.01,-1,-1,-0.01,-1,-1,-0.01,-1,-1,-0.01,-1,-1,-0.01,-1,-1,-0.01,-1,-1,-0.01,-1,-1
99926009,2026-05-18 15:02:20+05:30,53640.1,0,0.0,0,0.0,0.0,53282.15,53641.65,52783.45,53710.35,0,0.0,0.0,0.0,0.0,-0.01,-1,-1,-0.01,-1,-1,-0.01,-1,-1,-0.01,-1,-1,-0.01,-1,-1,-0.01,-1,-1,-0.01,-1,-1,-0.01,-1,-1,-0.01,-1,-1,-0.01,-1,-1
99926009,2026-05-18 15:02:20+05:30,53640.25,0,0.0,0,0.0,0.0,53282.15,53641.65,52783.45,53710.35,0,0.0,0.0,0.0,0.0,-0.01,-1,-1,-0.01,-1,-1,-0.01,-1,-1,-0.01,-1,-1,-0.01,-1,-1,-0.01,-1,-1,-0.01,-1,-1,-0.01,-1,-1,-0.01,-1,-1,-0.01,-1,-1
99926009,2026-05-18 15:02:20+05:30,53642.2,0,0.0,0,0.0,0.0,53282.15,53642.2,52783.45,53710.35,0,0.0,0.0,0.0,0.0,-0.01,-1,-1,-0.01,-1,-1,-0.01,-1,-1,-0.01,-1,-1,-0.01,-1,-1,-0.01,-1,-1,-0.01,-1,-1,-0.01,-1,-1,-0.01,-1,-1,-0.01,-1,-1
99926009,2026-05-18 15:02:21+05:30,53642.2,0,0.0,0,0.0,0.0,53282.15,53642.2,52783.45,53710.35,0,0.0,0.0,0.0,0.0,-0.01,-1,-1,-0.01,-1,-1,-0.01,-1,-1,-0.01,-1,-1,-0.01,-1,-1,-0.01,-1,-1,-0.01,-1,-1,-0.01,-1,-1,-0.01,-1,-1,-0.01,-1,-1
99926009,2026-05-18 15:02:21+05:30,53641.0,0,0.0,0,0.0,0.0,53282.15,53642.55,52783.45,53710.35,0,0.0,0.0,0.0,0.0,-0.01,-1,-1,-0.01,-1,-1,-0.01,-1,-1,-0.01,-1,-1,-0.01,-1,-1,-0.01,-1,-1,-0.01,-1,-1,-0.01,-1,-1,-0.01,-1,-1,-0.01,-1,-1
99926009,2026-05-18 15:02:21+05:30,53642.1,0,0.0,0,0.0,0.0,53282.15,53642.7,52783.45,53710.35,0,0.0,0.0,0.0,0.0,-0.01,-1,-1,-0.01,-1,-1,-0.01,-1,-1,-0.01,-1,-1,-0.01,-1,-1,-0.01,-1,-1,-0.01,-1,-1,-0.01,-1,-1,-0.01,-1,-1,-0.01,-1,-1
99926009,2026-05-18 15:02:22+05:30,53642.1,0,0.0,0,0.0,0.0,53282.15,53642.7,52783.45,53710.35,0,0.0,0.0,0.0,0.0,-0.01,-1,-1,-0.01,-1,-1,-0.01,-1,-1,-0.01,-1,-1,-0.01,-1,-1,-0.01,-1,-1,-0.01,-1,-1,-0.01,-1,-1,-0.01,-1,-1,-0.01,-1,-1
99926009,2026-05-18 15:02:22+05:30,53644.4,0,0.0,0,0.0,0.0,53282.15,53645.2,52783.45,53710.35,0,0.0,0.0,0.0,0.0,-0.01,-1,-1,-0.01,-1,-1,-0.01,-1,-1,-0.01,-1,-1,-0.01,-1,-1,-0.01,-1,-1,-0.01,-1,-1,-0.01,-1,-1,-0.01,-1,-1,-0.01,-1,-1
99926009,2026-05-18 15:02:22+05:30,53643.25,0,0.0,0,0.0,0.0,53282.15,53645.2,52783.45,53710.35,0,0.0,0.0,0.0,0.0,-0.01,-1,-1,-0.01,-1,-1,-0.01,-1,-1,-0.01,-1,-1,-0.01,-1,-1,-0.01,-1,-1,-0.01,-1,-1,-0.01,-1,-1,-0.01,-1,-1,-0.01,-1,-1
99926009,2026-05-18 15:02:23+05:30,53643.25,0,0.0,0,0.0,0.0,53282.15,53645.2,52783.45,53710.35,0,0.0,0.0,0.0,0.0,-0.01,-1,-1,-0.01,-1,-1,-0.01,-1,-1,-0.01,-1,-1,-0.01,-1,-1,-0.01,-1,-1,-0.01,-1,-1,-0.01,-1,-1,-0.01,-1,-1,-0.01,-1,-1
99926009,2026-05-18 15:02:23+05:30,53644.15,0,0.0,0,0.0,0.0,53282.15,53647.2,52783.45,53710.35,0,0.0,0.0,0.0,0.0,-0.01,-1,-1,-0.01,-1,-1,-0.01,-1,-1,-0.01,-1,-1,-0.01,-1,-1,-0.01,-1,-1,-0.01,-1,-1,-0.01,-1,-1,-0.01,-1,-1,-0.01,-1,-1
99926009,2026-05-18 15:02:23+05:30,53647.0,0,0.0,0,0.0,0.0,53282.15,53649.25,52783.45,53710.35,0,0.0,0.0,0.0,0.0,-0.01,-1,-1,-0.01,-1,-1,-0.01,-1,-1,-0.01,-1,-1,-0.01,-1,-1,-0.01,-1,-1,-0.01,-1,-1,-0.01,-1,-1,-0.01,-1,-1,-0.01,-1,-1
99926009,2026-05-18 15:02:24+05:30,53647.0,0,0.0,0,0.0,0.0,53282.15,53649.25,52783.45,53710.35,0,0.0,0.0,0.0,0.0,-0.01,-1,-1,-0.01,-1,-1,-0.01,-1,-1,-0.01,-1,-1,-0.01,-1,-1,-0.01,-1,-1,-0.01,-1,-1,-0.01,-1,-1,-0.01,-1,-1,-0.01,-1,-1
99926009,2026-05-18 15:02:24+05:30,53652.9,0,0.0,0,0.0,0.0,53282.15,53653.55,52783.45,53710.35,0,0.0,0.0,0.0,0.0,-0.01,-1,-1,-0.01,-1,-1,-0.01,-1,-1,-0.01,-1,-1,-0.01,-1,-1,-0.01,-1,-1,-0.01,-1,-1,-0.01,-1,-1,-0.01,-1,-1,-0.01,-1,-1
99926009,2026-05-18 15:02:24+05:30,53652.95,0,0.0,0,0.0,0.0,53282.15,53653.55,52783.45,53710.35,0,0.0,0.0,0.0,0.0,-0.01,-1,-1,-0.01,-1,-1,-0.01,-1,-1,-0.01,-1,-1,-0.01,-1,-1,-0.01,-1,-1,-0.01,-1,-1,-0.01,-1,-1,-0.01,-1,-1,-0.01,-1,-1
99926009,2026-05-18 15:02:25+05:30,53652.95,0,0.0,0,0.0,0.0,53282.15,53653.55,52783.45,53710.35,0,0.0,0.0,0.0,0.0,-0.01,-1,-1,-0.01,-1,-1,-0.01,-1,-1,-0.01,-1,-1,-0.01,-1,-1,-0.01,-1,-1,-0.01,-1,-1,-0.01,-1,-1,-0.01,-1,-1,-0.01,-1,-1
99926009,2026-05-18 15:02:25+05:30,53655.1,0,0.0,0,0.0,0.0,53282.15,53656.45,52783.45,53710.35,0,0.0,0.0,0.0,0.0,-0.01,-1,-1,-0.01,-1,-1,-0.01,-1,-1,-0.01,-1,-1,-0.01,-1,-1,-0.01,-1,-1,-0.01,-1,-1,-0.01,-1,-1,-0.01,-1,-1,-0.01,-1,-1
99926009,2026-05-18 15:02:25+05:30,53656.6,0,0.0,0,0.0,0.0,53282.15,53656.6,52783.45,53710.35,0,0.0,0.0,0.0,0.0,-0.01,-1,-1,-0.01,-1,-1,-0.01,-1,-1,-0.01,-1,-1,-0.01,-1,-1,-0.01,-1,-1,-0.01,-1,-1,-0.01,-1,-1,-0.01,-1,-1,-0.01,-1,-1
99926009,2026-05-18 15:02:26+05:30,53656.6,0,0.0,0,0.0,0.0,53282.15,53656.6,52783.45,53710.35,0,0.0,0.0,0.0,0.0,-0.01,-1,-1,-0.01,-1,-1,-0.01,-1,-1,-0.01,-1,-1,-0.01,-1,-1,-0.01,-1,-1,-0.01,-1,-1,-0.01,-1,-1,-0.01,-1,-1,-0.01,-1,-1
99926009,2026-05-18 15:02:26+05:30,53654.4,0,0.0,0,0.0,0.0,53282.15,53656.6,52783.45,53710.35,0,0.0,0.0,0.0,0.0,-0.01,-1,-1,-0.01,-1,-1,-0.01,-1,-1,-0.01,-1,-1,-0.01,-1,-1,-0.01,-1,-1,-0.01,-1,-1,-0.01,-1,-1,-0.01,-1,-1,-0.01,-1,-1
99926009,2026-05-18 15:02:26+05:30,53656.0,0,0.0,0,0.0,0.0,53282.15,53656.6,52783.45,53710.35,0,0.0,0.0,0.0,0.0,-0.01,-1,-1,-0.01,-1,-1,-0.01,-1,-1,-0.01,-1,-1,-0.01,-1,-1,-0.01,-1,-1,-0.01,-1,-1,-0.01,-1,-1,-0.01,-1,-1,-0.01,-1,-1
99926009,2026-05-18 15:02:27+05:30,53656.0,0,0.0,0,0.0,0.0,53282.15,53656.6,52783.45,53710.35,0,0.0,0.0,0.0,0.0,-0.01,-1,-1,-0.01,-1,-1,-0.01,-1,-1,-0.01,-1,-1,-0.01,-1,-1,-0.01,-1,-1,-0.01,-1,-1,-0.01,-1,-1,-0.01,-1,-1,-0.01,-1,-1
99926009,2026-05-18 15:02:27+05:30,53656.2,0,0.0,0,0.0,0.0,53282.15,53656.85,52783.45,53710.35,0,0.0,0.0,0.0,0.0,-0.01,-1,-1,-0.01,-1,-1,-0.01,-1,-1,-0.01,-1,-1,-0.01,-1,-1,-0.01,-1,-1,-0.01,-1,-1,-0.01,-1,-1,-0.01,-1,-1,-0.01,-1,-1
99926009,2026-05-18 15:02:27+05:30,53656.25,0,0.0,0,0.0,0.0,53282.15,53656.95,52783.45,53710.35,0,0.0,0.0,0.0,0.0,-0.01,-1,-1,-0.01,-1,-1,-0.01,-1,-1,-0.01,-1,-1,-0.01,-1,-1,-0.01,-1,-1,-0.01,-1,-1,-0.01,-1,-1,-0.01,-1,-1,-0.01,-1,-1
99926009,2026-05-18 15:02:28+05:30,53656.25,0,0.0,0,0.0,0.0,53282.15,53656.95,52783.45,53710.35,0,0.0,0.0,0.0,0.0,-0.01,-1,-1,-0.01,-1,-1,-0.01,-1,-1,-0.01,-1,-1,-0.01,-1,-1,-0.01,-1,-1,-0.01,-1,-1,-0.01,-1,-1,-0.01,-1,-1,-0.01,-1,-1
99926009,2026-05-18 15:02:28+05:30,53656.3,0,0.0,0,0.0,0.0,53282.15,53657.75,52783.45,53710.35,0,0.0,0.0,0.0,0.0,-0.01,-1,-1,-0.01,-1,-1,-0.01,-1,-1,-0.01,-1,-1,-0.01,-1,-1,-0.01,-1,-1,-0.01,-1,-1,-0.01,-1,-1,-0.01,-1,-1,-0.01,-1,-1
99926009,2026-05-18 15:02:28+05:30,53657.3,0,0.0,0,0.0,0.0,53282.15,53657.75,52783.45,53710.35,0,0.0,0.0,0.0,0.0,-0.01,-1,-1,-0.01,-1,-1,-0.01,-1,-1,-0.01,-1,-1,-0.01,-1,-1,-0.01,-1,-1,-0.01,-1,-1,-0.01,-1,-1,-0.01,-1,-1,-0.01,-1,-1
99926009,2026-05-18 15:02:29+05:30,53657.3,0,0.0,0,0.0,0.0,53282.15,53657.75,52783.45,53710.35,0,0.0,0.0,0.0,0.0,-0.01,-1,-1,-0.01,-1,-1,-0.01,-1,-1,-0.01,-1,-1,-0.01,-1,-1,-0.01,-1,-1,-0.01,-1,-1,-0.01,-1,-1,-0.01,-1,-1,-0.01,-1,-1
99926009,2026-05-18 15:02:29+05:30,53657.45,0,0.0,0,0.0,0.0,53282.15,53658.4,52783.45,53710.35,0,0.0,0.0,0.0,0.0,-0.01,-1,-1,-0.01,-1,-1,-0.01,-1,-1,-0.01,-1,-1,-0.01,-1,-1,-0.01,-1,-1,-0.01,-1,-1,-0.01,-1,-1,-0.01,-1,-1,-0.01,-1,-1
99926009,2026-05-18 15:02:29+05:30,53657.3,0,0.0,0,0.0,0.0,53282.15,53658.4,52783.45,53710.35,0,0.0,0.0,0.0,0.0,-0.01,-1,-1,-0.01,-1,-1,-0.01,-1,-1,-0.01,-1,-1,-0.01,-1,-1,-0.01,-1,-1,-0.01,-1,-1,-0.01,-1,-1,-0.01,-1,-1,-0.01,-1,-1
99926009,2026-05-18 15:02:30+05:30,53657.3,0,0.0,0,0.0,0.0,53282.15,53658.4,52783.45,53710.35,0,0.0,0.0,0.0,0.0,-0.01,-1,-1,-0.01,-1,-1,-0.01,-1,-1,-0.01,-1,-1,-0.01,-1,-1,-0.01,-1,-1,-0.01,-1,-1,-0.01,-1,-1,-0.01,-1,-1,-0.01,-1,-1
99926009,2026-05-18 15:02:30+05:30,53658.6,0,0.0,0,0.0,0.0,53282.15,53658.6,52783.45,53710.35,0,0.0,0.0,0.0,0.0,-0.01,-1,-1,-0.01,-1,-1,-0.01,-1,-1,-0.01,-1,-1,-0.01,-1,-1,-0.01,-1,-1,-0.01,-1,-1,-0.01,-1,-1,-0.01,-1,-1,-0.01,-1,-1
99926009,2026-05-18 15:02:30+05:30,53659.35,0,0.0,0,0.0,0.0,53282.15,53660.5,52783.45,53710.35,0,0.0,0.0,0.0,0.0,-0.01,-1,-1,-0.01,-1,-1,-0.01,-1,-1,-0.01,-1,-1,-0.01,-1,-1,-0.01,-1,-1,-0.01,-1,-1,-0.01,-1,-1,-0.01,-1,-1,-0.01,-1,-1
99926009,2026-05-18 15:02:31+05:30,53659.35,0,0.0,0,0.0,0.0,53282.15,53660.5,52783.45,53710.35,0,0.0,0.0,0.0,0.0,-0.01,-1,-1,-0.01,-1,-1,-0.01,-1,-1,-0.01,-1,-1,-0.01,-1,-1,-0.01,-1,-1,-0.01,-1,-1,-0.01,-1,-1,-0.01,-1,-1,-0.01,-1,-1
99926009,2026-05-18 15:02:31+05:30,53660.0,0,0.0,0,0.0,0.0,53282.15,53660.5,52783.45,53710.35,0,0.0,0.0,0.0,0.0,-0.01,-1,-1,-0.01,-1,-1,-0.01,-1,-1,-0.01,-1,-1,-0.01,-1,-1,-0.01,-1,-1,-0.01,-1,-1,-0.01,-1,-1,-0.01,-1,-1,-0.01,-1,-1
99926009,2026-05-18 15:02:31+05:30,53658.5,0,0.0,0,0.0,0.0,53282.15,53660.65,52783.45,53710.35,0,0.0,0.0,0.0,0.0,-0.01,-1,-1,-0.01,-1,-1,-0.01,-1,-1,-0.01,-1,-1,-0.01,-1,-1,-0.01,-1,-1,-0.01,-1,-1,-0.01,-1,-1,-0.01,-1,-1,-0.01,-1,-1
99926009,2026-05-18 15:02:32+05:30,53658.5,0,0.0,0,0.0,0.0,53282.15,53660.65,52783.45,53710.35,0,0.0,0.0,0.0,0.0,-0.01,-1,-1,-0.01,-1,-1,-0.01,-1,-1,-0.01,-1,-1,-0.01,-1,-1,-0.01,-1,-1,-0.01,-1,-1,-0.01,-1,-1,-0.01,-1,-1,-0.01,-1,-1
99926009,2026-05-18 15:02:32+05:30,53656.7,0,0.0,0,0.0,0.0,53282.15,53660.65,52783.45,53710.35,0,0.0,0.0,0.0,0.0,-0.01,-1,-1,-0.01,-1,-1,-0.01,-1,-1,-0.01,-1,-1,-0.01,-1,-1,-0.01,-1,-1,-0.01,-1,-1,-0.01,-1,-1,-0.01,-1,-1,-0.01,-1,-1
99926009,2026-05-18 15:02:32+05:30,53654.15,0,0.0,0,0.0,0.0,53282.15,53660.65,52783.45,53710.35,0,0.0,0.0,0.0,0.0,-0.01,-1,-1,-0.01,-1,-1,-0.01,-1,-1,-0.01,-1,-1,-0.01,-1,-1,-0.01,-1,-1,-0.01,-1,-1,-0.01,-1,-1,-0.01,-1,-1,-0.01,-1,-1
99926009,2026-05-18 15:02:33+05:30,53654.15,0,0.0,0,0.0,0.0,53282.15,53660.65,52783.45,53710.35,0,0.0,0.0,0.0,0.0,-0.01,-1,-1,-0.01,-1,-1,-0.01,-1,-1,-0.01,-1,-1,-0.01,-1,-1,-0.01,-1,-1,-0.01,-1,-1,-0.01,-1,-1,-0.01,-1,-1,-0.01,-1,-1
99926009,2026-05-18 15:02:33+05:30,53655.5,0,0.0,0,0.0,0.0,53282.15,53660.65,52783.45,53710.35,0,0.0,0.0,0.0,0.0,-0.01,-1,-1,-0.01,-1,-1,-0.01,-1,-1,-0.01,-1,-1,-0.01,-1,-1,-0.01,-1,-1,-0.01,-1,-1,-0.01,-1,-1,-0.01,-1,-1,-0.01,-1,-1
99926009,2026-05-18 15:02:33+05:30,53656.85,0,0.0,0,0.0,0.0,53282.15,53660.65,52783.45,53710.35,0,0.0,0.0,0.0,0.0,-0.01,-1,-1,-0.01,-1,-1,-0.01,-1,-1,-0.01,-1,-1,-0.01,-1,-1,-0.01,-1,-1,-0.01,-1,-1,-0.01,-1,-1,-0.01,-1,-1,-0.01,-1,-1
99926009,2026-05-18 15:02:34+05:30,53656.85,0,0.0,0,0.0,0.0,53282.15,53660.65,52783.45,53710.35,0,0.0,0.0,0.0,0.0,-0.01,-1,-1,-0.01,-1,-1,-0.01,-1,-1,-0.01,-1,-1,-0.01,-1,-1,-0.01,-1,-1,-0.01,-1,-1,-0.01,-1,-1,-0.01,-1,-1,-0.01,-1,-1
99926009,2026-05-18 15:02:34+05:30,53658.3,0,0.0,0,0.0,0.0,53282.15,53660.65,52783.45,53710.35,0,0.0,0.0,0.0,0.0,-0.01,-1,-1,-0.01,-1,-1,-0.01,-1,-1,-0.01,-1,-1,-0.01,-1,-1,-0.01,-1,-1,-0.01,-1,-1,-0.01,-1,-1,-0.01,-1,-1,-0.01,-1,-1
99926009,2026-05-18 15:02:34+05:30,53658.65,0,0.0,0,0.0,0.0,53282.15,53660.65,52783.45,53710.35,0,0.0,0.0,0.0,0.0,-0.01,-1,-1,-0.01,-1,-1,-0.01,-1,-1,-0.01,-1,-1,-0.01,-1,-1,-0.01,-1,-1,-0.01,-1,-1,-0.01,-1,-1,-0.01,-1,-1,-0.01,-1,-1
99926009,2026-05-18 15:02:35+05:30,53658.65,0,0.0,0,0.0,0.0,53282.15,53660.65,52783.45,53710.35,0,0.0,0.0,0.0,0.0,-0.01,-1,-1,-0.01,-1,-1,-0.01,-1,-1,-0.01,-1,-1,-0.01,-1,-1,-0.01,-1,-1,-0.01,-1,-1,-0.01,-1,-1,-0.01,-1,-1,-0.01,-1,-1
99926009,2026-05-18 15:02:35+05:30,53663.15,0,0.0,0,0.0,0.0,53282.15,53663.5,52783.45,53710.35,0,0.0,0.0,0.0,0.0,-0.01,-1,-1,-0.01,-1,-1,-0.01,-1,-1,-0.01,-1,-1,-0.01,-1,-1,-0.01,-1,-1,-0.01,-1,-1,-0.01,-1,-1,-0.01,-1,-1,-0.01,-1,-1
99926009,2026-05-18 15:02:35+05:30,53661.4,0,0.0,0,0.0,0.0,53282.15,53663.65,52783.45,53710.35,0,0.0,0.0,0.0,0.0,-0.01,-1,-1,-0.01,-1,-1,-0.01,-1,-1,-0.01,-1,-1,-0.01,-1,-1,-0.01,-1,-1,-0.01,-1,-1,-0.01,-1,-1,-0.01,-1,-1,-0.01,-1,-1
99926009,2026-05-18 15:02:36+05:30,53661.4,0,0.0,0,0.0,0.0,53282.15,53663.65,52783.45,53710.35,0,0.0,0.0,0.0,0.0,-0.01,-1,-1,-0.01,-1,-1,-0.01,-1,-1,-0.01,-1,-1,-0.01,-1,-1,-0.01,-1,-1,-0.01,-1,-1,-0.01,-1,-1,-0.01,-1,-1,-0.01,-1,-1
99926009,2026-05-18 15:02:36+05:30,53660.55,0,0.0,0,0.0,0.0,53282.15,53663.65,52783.45,53710.35,0,0.0,0.0,0.0,0.0,-0.01,-1,-1,-0.01,-1,-1,-0.01,-1,-1,-0.01,-1,-1,-0.01,-1,-1,-0.01,-1,-1,-0.01,-1,-1,-0.01,-1,-1,-0.01,-1,-1,-0.01,-1,-1
99926009,2026-05-18 15:02:36+05:30,53662.7,0,0.0,0,0.0,0.0,53282.15,53664.25,52783.45,53710.35,0,0.0,0.0,0.0,0.0,-0.01,-1,-1,-0.01,-1,-1,-0.01,-1,-1,-0.01,-1,-1,-0.01,-1,-1,-0.01,-1,-1,-0.01,-1,-1,-0.01,-1,-1,-0.01,-1,-1,-0.01,-1,-1
99926009,2026-05-18 15:02:37+05:30,53662.7,0,0.0,0,0.0,0.0,53282.15,53664.25,52783.45,53710.35,0,0.0,0.0,0.0,0.0,-0.01,-1,-1,-0.01,-1,-1,-0.01,-1,-1,-0.01,-1,-1,-0.01,-1,-1,-0.01,-1,-1,-0.01,-1,-1,-0.01,-1,-1,-0.01,-1,-1,-0.01,-1,-1
99926009,2026-05-18 15:02:37+05:30,53661.2,0,0.0,0,0.0,0.0,53282.15,53665.45,52783.45,53710.35,0,0.0,0.0,0.0,0.0,-0.01,-1,-1,-0.01,-1,-1,-0.01,-1,-1,-0.01,-1,-1,-0.01,-1,-1,-0.01,-1,-1,-0.01,-1,-1,-0.01,-1,-1,-0.01,-1,-1,-0.01,-1,-1
99926009,2026-05-18 15:02:37+05:30,53661.6,0,0.0,0,0.0,0.0,53282.15,53665.45,52783.45,53710.35,0,0.0,0.0,0.0,0.0,-0.01,-1,-1,-0.01,-1,-1,-0.01,-1,-1,-0.01,-1,-1,-0.01,-1,-1,-0.01,-1,-1,-0.01,-1,-1,-0.01,-1,-1,-0.01,-1,-1,-0.01,-1,-1
99926009,2026-05-18 15:02:38+05:30,53661.6,0,0.0,0,0.0,0.0,53282.15,53665.45,52783.45,53710.35,0,0.0,0.0,0.0,0.0,-0.01,-1,-1,-0.01,-1,-1,-0.01,-1,-1,-0.01,-1,-1,-0.01,-1,-1,-0.01,-1,-1,-0.01,-1,-1,-0.01,-1,-1,-0.01,-1,-1,-0.01,-1,-1
99926009,2026-05-18 15:02:38+05:30,53663.2,0,0.0,0,0.0,0.0,53282.15,53665.45,52783.45,53710.35,0,0.0,0.0,0.0,0.0,-0.01,-1,-1,-0.01,-1,-1,-0.01,-1,-1,-0.01,-1,-1,-0.01,-1,-1,-0.01,-1,-1,-0.01,-1,-1,-0.01,-1,-1,-0.01,-1,-1,-0.01,-1,-1
99926009,2026-05-18 15:02:38+05:30,53663.1,0,0.0,0,0.0,0.0,53282.15,53665.45,52783.45,53710.35,0,0.0,0.0,0.0,0.0,-0.01,-1,-1,-0.01,-1,-1,-0.01,-1,-1,-0.01,-1,-1,-0.01,-1,-1,-0.01,-1,-1,-0.01,-1,-1,-0.01,-1,-1,-0.01,-1,-1,-0.01,-1,-1
99926009,2026-05-18 15:02:39+05:30,53663.1,0,0.0,0,0.0,0.0,53282.15,53665.45,52783.45,53710.35,0,0.0,0.0,0.0,0.0,-0.01,-1,-1,-0.01,-1,-1,-0.01,-1,-1,-0.01,-1,-1,-0.01,-1,-1,-0.01,-1,-1,-0.01,-1,-1,-0.01,-1,-1,-0.01,-1,-1,-0.01,-1,-1
99926009,2026-05-18 15:02:39+05:30,53663.05,0,0.0,0,0.0,0.0,53282.15,53665.45,52783.45,53710.35,0,0.0,0.0,0.0,0.0,-0.01,-1,-1,-0.01,-1,-1,-0.01,-1,-1,-0.01,-1,-1,-0.01,-1,-1,-0.01,-1,-1,-0.01,-1,-1,-0.01,-1,-1,-0.01,-1,-1,-0.01,-1,-1
99926009,2026-05-18 15:02:39+05:30,53662.6,0,0.0,0,0.0,0.0,53282.15,53665.45,52783.45,53710.35,0,0.0,0.0,0.0,0.0,-0.01,-1,-1,-0.01,-1,-1,-0.01,-1,-1,-0.01,-1,-1,-0.01,-1,-1,-0.01,-1,-1,-0.01,-1,-1,-0.01,-1,-1,-0.01,-1,-1,-0.01,-1,-1
99926009,2026-05-18 15:02:40+05:30,53662.6,0,0.0,0,0.0,0.0,53282.15,53665.45,52783.45,53710.35,0,0.0,0.0,0.0,0.0,-0.01,-1,-1,-0.01,-1,-1,-0.01,-1,-1,-0.01,-1,-1,-0.01,-1,-1,-0.01,-1,-1,-0.01,-1,-1,-0.01,-1,-1,-0.01,-1,-1,-0.01,-1,-1
99926009,2026-05-18 15:02:40+05:30,53666.9,0,0.0,0,0.0,0.0,53282.15,53667.45,52783.45,53710.35,0,0.0,0.0,0.0,0.0,-0.01,-1,-1,-0.01,-1,-1,-0.01,-1,-1,-0.01,-1,-1,-0.01,-1,-1,-0.01,-1,-1,-0.01,-1,-1,-0.01,-1,-1,-0.01,-1,-1,-0.01,-1,-1
99926009,2026-05-18 15:02:40+05:30,53661.4,0,0.0,0,0.0,0.0,53282.15,53667.55,52783.45,53710.35,0,0.0,0.0,0.0,0.0,-0.01,-1,-1,-0.01,-1,-1,-0.01,-1,-1,-0.01,-1,-1,-0.01,-1,-1,-0.01,-1,-1,-0.01,-1,-1,-0.01,-1,-1,-0.01,-1,-1,-0.01,-1,-1
99926009,2026-05-18 15:02:41+05:30,53661.4,0,0.0,0,0.0,0.0,53282.15,53667.55,52783.45,53710.35,0,0.0,0.0,0.0,0.0,-0.01,-1,-1,-0.01,-1,-1,-0.01,-1,-1,-0.01,-1,-1,-0.01,-1,-1,-0.01,-1,-1,-0.01,-1,-1,-0.01,-1,-1,-0.01,-1,-1,-0.01,-1,-1
99926009,2026-05-18 15:02:41+05:30,53658.35,0,0.0,0,0.0,0.0,53282.15,53667.55,52783.45,53710.35,0,0.0,0.0,0.0,0.0,-0.01,-1,-1,-0.01,-1,-1,-0.01,-1,-1,-0.01,-1,-1,-0.01,-1,-1,-0.01,-1,-1,-0.01,-1,-1,-0.01,-1,-1,-0.01,-1,-1,-0.01,-1,-1
99926009,2026-05-18 15:02:41+05:30,53657.65,0,0.0,0,0.0,0.0,53282.15,53667.55,52783.45,53710.35,0,0.0,0.0,0.0,0.0,-0.01,-1,-1,-0.01,-1,-1,-0.01,-1,-1,-0.01,-1,-1,-0.01,-1,-1,-0.01,-1,-1,-0.01,-1,-1,-0.01,-1,-1,-0.01,-1,-1,-0.01,-1,-1
99926009,2026-05-18 15:02:42+05:30,53657.65,0,0.0,0,0.0,0.0,53282.15,53667.55,52783.45,53710.35,0,0.0,0.0,0.0,0.0,-0.01,-1,-1,-0.01,-1,-1,-0.01,-1,-1,-0.01,-1,-1,-0.01,-1,-1,-0.01,-1,-1,-0.01,-1,-1,-0.01,-1,-1,-0.01,-1,-1,-0.01,-1,-1
99926009,2026-05-18 15:02:42+05:30,53656.75,0,0.0,0,0.0,0.0,53282.15,53667.55,52783.45,53710.35,0,0.0,0.0,0.0,0.0,-0.01,-1,-1,-0.01,-1,-1,-0.01,-1,-1,-0.01,-1,-1,-0.01,-1,-1,-0.01,-1,-1,-0.01,-1,-1,-0.01,-1,-1,-0.01,-1,-1,-0.01,-1,-1
99926009,2026-05-18 15:02:42+05:30,53658.4,0,0.0,0,0.0,0.0,53282.15,53667.55,52783.45,53710.35,0,0.0,0.0,0.0,0.0,-0.01,-1,-1,-0.01,-1,-1,-0.01,-1,-1,-0.01,-1,-1,-0.01,-1,-1,-0.01,-1,-1,-0.01,-1,-1,-0.01,-1,-1,-0.01,-1,-1,-0.01,-1,-1
99926009,2026-05-18 15:02:43+05:30,53658.4,0,0.0,0,0.0,0.0,53282.15,53667.55,52783.45,53710.35,0,0.0,0.0,0.0,0.0,-0.01,-1,-1,-0.01,-1,-1,-0.01,-1,-1,-0.01,-1,-1,-0.01,-1,-1,-0.01,-1,-1,-0.01,-1,-1,-0.01,-1,-1,-0.01,-1,-1,-0.01,-1,-1
99926009,2026-05-18 15:02:43+05:30,53656.95,0,0.0,0,0.0,0.0,53282.15,53667.55,52783.45,53710.35,0,0.0,0.0,0.0,0.0,-0.01,-1,-1,-0.01,-1,-1,-0.01,-1,-1,-0.01,-1,-1,-0.01,-1,-1,-0.01,-1,-1,-0.01,-1,-1,-0.01,-1,-1,-0.01,-1,-1,-0.01,-1,-1
99926009,2026-05-18 15:02:43+05:30,53655.55,0,0.0,0,0.0,0.0,53282.15,53667.55,52783.45,53710.35,0,0.0,0.0,0.0,0.0,-0.01,-1,-1,-0.01,-1,-1,-0.01,-1,-1,-0.01,-1,-1,-0.01,-1,-1,-0.01,-1,-1,-0.01,-1,-1,-0.01,-1,-1,-0.01,-1,-1,-0.01,-1,-1
99926009,2026-05-18 15:02:44+05:30,53655.55,0,0.0,0,0.0,0.0,53282.15,53667.55,52783.45,53710.35,0,0.0,0.0,0.0,0.0,-0.01,-1,-1,-0.01,-1,-1,-0.01,-1,-1,-0.01,-1,-1,-0.01,-1,-1,-0.01,-1,-1,-0.01,-1,-1,-0.01,-1,-1,-0.01,-1,-1,-0.01,-1,-1
99926009,2026-05-18 15:02:44+05:30,53656.25,0,0.0,0,0.0,0.0,53282.15,53667.55,52783.45,53710.35,0,0.0,0.0,0.0,0.0,-0.01,-1,-1,-0.01,-1,-1,-0.01,-1,-1,-0.01,-1,-1,-0.01,-1,-1,-0.01,-1,-1,-0.01,-1,-1,-0.01,-1,-1,-0.01,-1,-1,-0.01,-1,-1
99926009,2026-05-18 15:02:44+05:30,53656.4,0,0.0,0,0.0,0.0,53282.15,53667.55,52783.45,53710.35,0,0.0,0.0,0.0,0.0,-0.01,-1,-1,-0.01,-1,-1,-0.01,-1,-1,-0.01,-1,-1,-0.01,-1,-1,-0.01,-1,-1,-0.01,-1,-1,-0.01,-1,-1,-0.01,-1,-1,-0.01,-1,-1
99926009,2026-05-18 15:02:45+05:30,53656.4,0,0.0,0,0.0,0.0,53282.15,53667.55,52783.45,53710.35,0,0.0,0.0,0.0,0.0,-0.01,-1,-1,-0.01,-1,-1,-0.01,-1,-1,-0.01,-1,-1,-0.01,-1,-1,-0.01,-1,-1,-0.01,-1,-1,-0.01,-1,-1,-0.01,-1,-1,-0.01,-1,-1
99926009,2026-05-18 15:02:45+05:30,53657.65,0,0.0,0,0.0,0.0,53282.15,53667.55,52783.45,53710.35,0,0.0,0.0,0.0,0.0,-0.01,-1,-1,-0.01,-1,-1,-0.01,-1,-1,-0.01,-1,-1,-0.01,-1,-1,-0.01,-1,-1,-0.01,-1,-1,-0.01,-1,-1,-0.01,-1,-1,-0.01,-1,-1
99926009,2026-05-18 15:02:45+05:30,53659.5,0,0.0,0,0.0,0.0,53282.15,53667.55,52783.45,53710.35,0,0.0,0.0,0.0,0.0,-0.01,-1,-1,-0.01,-1,-1,-0.01,-1,-1,-0.01,-1,-1,-0.01,-1,-1,-0.01,-1,-1,-0.01,-1,-1,-0.01,-1,-1,-0.01,-1,-1,-0.01,-1,-1
99926009,2026-05-18 15:02:46+05:30,53659.5,0,0.0,0,0.0,0.0,53282.15,53667.55,52783.45,53710.35,0,0.0,0.0,0.0,0.0,-0.01,-1,-1,-0.01,-1,-1,-0.01,-1,-1,-0.01,-1,-1,-0.01,-1,-1,-0.01,-1,-1,-0.01,-1,-1,-0.01,-1,-1,-0.01,-1,-1,-0.01,-1,-1
99926009,2026-05-18 15:02:46+05:30,53658.9,0,0.0,0,0.0,0.0,53282.15,53667.55,52783.45,53710.35,0,0.0,0.0,0.0,0.0,-0.01,-1,-1,-0.01,-1,-1,-0.01,-1,-1,-0.01,-1,-1,-0.01,-1,-1,-0.01,-1,-1,-0.01,-1,-1,-0.01,-1,-1,-0.01,-1,-1,-0.01,-1,-1
99926009,2026-05-18 15:02:46+05:30,53661.0,0,0.0,0,0.0,0.0,53282.15,53667.55,52783.45,53710.35,0,0.0,0.0,0.0,0.0,-0.01,-1,-1,-0.01,-1,-1,-0.01,-1,-1,-0.01,-1,-1,-0.01,-1,-1,-0.01,-1,-1,-0.01,-1,-1,-0.01,-1,-1,-0.01,-1,-1,-0.01,-1,-1
99926009,2026-05-18 15:02:47+05:30,53661.0,0,0.0,0,0.0,0.0,53282.15,53667.55,52783.45,53710.35,0,0.0,0.0,0.0,0.0,-0.01,-1,-1,-0.01,-1,-1,-0.01,-1,-1,-0.01,-1,-1,-0.01,-1,-1,-0.01,-1,-1,-0.01,-1,-1,-0.01,-1,-1,-0.01,-1,-1,-0.01,-1,-1
99926009,2026-05-18 15:02:47+05:30,53659.2,0,0.0,0,0.0,0.0,53282.15,53667.55,52783.45,53710.35,0,0.0,0.0,0.0,0.0,-0.01,-1,-1,-0.01,-1,-1,-0.01,-1,-1,-0.01,-1,-1,-0.01,-1,-1,-0.01,-1,-1,-0.01,-1,-1,-0.01,-1,-1,-0.01,-1,-1,-0.01,-1,-1
99926009,2026-05-18 15:02:47+05:30,53658.0,0,0.0,0,0.0,0.0,53282.15,53667.55,52783.45,53710.35,0,0.0,0.0,0.0,0.0,-0.01,-1,-1,-0.01,-1,-1,-0.01,-1,-1,-0.01,-1,-1,-0.01,-1,-1,-0.01,-1,-1,-0.01,-1,-1,-0.01,-1,-1,-0.01,-1,-1,-0.01,-1,-1
99926009,2026-05-18 15:02:48+05:30,53658.0,0,0.0,0,0.0,0.0,53282.15,53667.55,52783.45,53710.35,0,0.0,0.0,0.0,0.0,-0.01,-1,-1,-0.01,-1,-1,-0.01,-1,-1,-0.01,-1,-1,-0.01,-1,-1,-0.01,-1,-1,-0.01,-1,-1,-0.01,-1,-1,-0.01,-1,-1,-0.01,-1,-1
99926009,2026-05-18 15:02:48+05:30,53659.1,0,0.0,0,0.0,0.0,53282.15,53667.55,52783.45,53710.35,0,0.0,0.0,0.0,0.0,-0.01,-1,-1,-0.01,-1,-1,-0.01,-1,-1,-0.01,-1,-1,-0.01,-1,-1,-0.01,-1,-1,-0.01,-1,-1,-0.01,-1,-1,-0.01,-1,-1,-0.01,-1,-1
99926009,2026-05-18 15:02:48+05:30,53659.15,0,0.0,0,0.0,0.0,53282.15,53667.55,52783.45,53710.35,0,0.0,0.0,0.0,0.0,-0.01,-1,-1,-0.01,-1,-1,-0.01,-1,-1,-0.01,-1,-1,-0.01,-1,-1,-0.01,-1,-1,-0.01,-1,-1,-0.01,-1,-1,-0.01,-1,-1,-0.01,-1,-1
99926009,2026-05-18 15:02:49+05:30,53659.15,0,0.0,0,0.0,0.0,53282.15,53667.55,52783.45,53710.35,0,0.0,0.0,0.0,0.0,-0.01,-1,-1,-0.01,-1,-1,-0.01,-1,-1,-0.01,-1,-1,-0.01,-1,-1,-0.01,-1,-1,-0.01,-1,-1,-0.01,-1,-1,-0.01,-1,-1,-0.01,-1,-1
99926009,2026-05-18 15:02:49+05:30,53659.65,0,0.0,0,0.0,0.0,53282.15,53667.55,52783.45,53710.35,0,0.0,0.0,0.0,0.0,-0.01,-1,-1,-0.01,-1,-1,-0.01,-1,-1,-0.01,-1,-1,-0.01,-1,-1,-0.01,-1,-1,-0.01,-1,-1,-0.01,-1,-1,-0.01,-1,-1,-0.01,-1,-1
99926009,2026-05-18 15:02:49+05:30,53658.05,0,0.0,0,0.0,0.0,53282.15,53667.55,52783.45,53710.35,0,0.0,0.0,0.0,0.0,-0.01,-1,-1,-0.01,-1,-1,-0.01,-1,-1,-0.01,-1,-1,-0.01,-1,-1,-0.01,-1,-1,-0.01,-1,-1,-0.01,-1,-1,-0.01,-1,-1,-0.01,-1,-1
99926009,2026-05-18 15:02:50+05:30,53658.05,0,0.0,0,0.0,0.0,53282.15,53667.55,52783.45,53710.35,0,0.0,0.0,0.0,0.0,-0.01,-1,-1,-0.01,-1,-1,-0.01,-1,-1,-0.01,-1,-1,-0.01,-1,-1,-0.01,-1,-1,-0.01,-1,-1,-0.01,-1,-1,-0.01,-1,-1,-0.01,-1,-1
99926009,2026-05-18 15:02:50+05:30,53652.1,0,0.0,0,0.0,0.0,53282.15,53667.55,52783.45,53710.35,0,0.0,0.0,0.0,0.0,-0.01,-1,-1,-0.01,-1,-1,-0.01,-1,-1,-0.01,-1,-1,-0.01,-1,-1,-0.01,-1,-1,-0.01,-1,-1,-0.01,-1,-1,-0.01,-1,-1,-0.01,-1,-1
99926009,2026-05-18 15:02:50+05:30,53653.85,0,0.0,0,0.0,0.0,53282.15,53667.55,52783.45,53710.35,0,0.0,0.0,0.0,0.0,-0.01,-1,-1,-0.01,-1,-1,-0.01,-1,-1,-0.01,-1,-1,-0.01,-1,-1,-0.01,-1,-1,-0.01,-1,-1,-0.01,-1,-1,-0.01,-1,-1,-0.01,-1,-1
99926009,2026-05-18 15:02:51+05:30,53653.85,0,0.0,0,0.0,0.0,53282.15,53667.55,52783.45,53710.35,0,0.0,0.0,0.0,0.0,-0.01,-1,-1,-0.01,-1,-1,-0.01,-1,-1,-0.01,-1,-1,-0.01,-1,-1,-0.01,-1,-1,-0.01,-1,-1,-0.01,-1,-1,-0.01,-1,-1,-0.01,-1,-1
99926009,2026-05-18 15:02:51+05:30,53647.7,0,0.0,0,0.0,0.0,53282.15,53667.55,52783.45,53710.35,0,0.0,0.0,0.0,0.0,-0.01,-1,-1,-0.01,-1,-1,-0.01,-1,-1,-0.01,-1,-1,-0.01,-1,-1,-0.01,-1,-1,-0.01,-1,-1,-0.01,-1,-1,-0.01,-1,-1,-0.01,-1,-1
99926009,2026-05-18 15:02:51+05:30,53647.8,0,0.0,0,0.0,0.0,53282.15,53667.55,52783.45,53710.35,0,0.0,0.0,0.0,0.0,-0.01,-1,-1,-0.01,-1,-1,-0.01,-1,-1,-0.01,-1,-1,-0.01,-1,-1,-0.01,-1,-1,-0.01,-1,-1,-0.01,-1,-1,-0.01,-1,-1,-0.01,-1,-1
99926009,2026-05-18 15:02:52+05:30,53647.8,0,0.0,0,0.0,0.0,53282.15,53667.55,52783.45,53710.35,0,0.0,0.0,0.0,0.0,-0.01,-1,-1,-0.01,-1,-1,-0.01,-1,-1,-0.01,-1,-1,-0.01,-1,-1,-0.01,-1,-1,-0.01,-1,-1,-0.01,-1,-1,-0.01,-1,-1,-0.01,-1,-1
99926009,2026-05-18 15:02:52+05:30,53646.65,0,0.0,0,0.0,0.0,53282.15,53667.55,52783.45,53710.35,0,0.0,0.0,0.0,0.0,-0.01,-1,-1,-0.01,-1,-1,-0.01,-1,-1,-0.01,-1,-1,-0.01,-1,-1,-0.01,-1,-1,-0.01,-1,-1,-0.01,-1,-1,-0.01,-1,-1,-0.01,-1,-1
99926009,2026-05-18 15:02:52+05:30,53643.0,0,0.0,0,0.0,0.0,53282.15,53667.55,52783.45,53710.35,0,0.0,0.0,0.0,0.0,-0.01,-1,-1,-0.01,-1,-1,-0.01,-1,-1,-0.01,-1,-1,-0.01,-1,-1,-0.01,-1,-1,-0.01,-1,-1,-0.01,-1,-1,-0.01,-1,-1,-0.01,-1,-1
99926009,2026-05-18 15:02:53+05:30,53643.0,0,0.0,0,0.0,0.0,53282.15,53667.55,52783.45,53710.35,0,0.0,0.0,0.0,0.0,-0.01,-1,-1,-0.01,-1,-1,-0.01,-1,-1,-0.01,-1,-1,-0.01,-1,-1,-0.01,-1,-1,-0.01,-1,-1,-0.01,-1,-1,-0.01,-1,-1,-0.01,-1,-1
99926009,2026-05-18 15:02:53+05:30,53641.6,0,0.0,0,0.0,0.0,53282.15,53667.55,52783.45,53710.35,0,0.0,0.0,0.0,0.0,-0.01,-1,-1,-0.01,-1,-1,-0.01,-1,-1,-0.01,-1,-1,-0.01,-1,-1,-0.01,-1,-1,-0.01,-1,-1,-0.01,-1,-1,-0.01,-1,-1,-0.01,-1,-1
99926009,2026-05-18 15:02:53+05:30,53636.85,0,0.0,0,0.0,0.0,53282.15,53667.55,52783.45,53710.35,0,0.0,0.0,0.0,0.0,-0.01,-1,-1,-0.01,-1,-1,-0.01,-1,-1,-0.01,-1,-1,-0.01,-1,-1,-0.01,-1,-1,-0.01,-1,-1,-0.01,-1,-1,-0.01,-1,-1,-0.01,-1,-1
99926009,2026-05-18 15:02:54+05:30,53636.85,0,0.0,0,0.0,0.0,53282.15,53667.55,52783.45,53710.35,0,0.0,0.0,0.0,0.0,-0.01,-1,-1,-0.01,-1,-1,-0.01,-1,-1,-0.01,-1,-1,-0.01,-1,-1,-0.01,-1,-1,-0.01,-1,-1,-0.01,-1,-1,-0.01,-1,-1,-0.01,-1,-1
99926009,2026-05-18 15:02:54+05:30,53636.65,0,0.0,0,0.0,0.0,53282.15,53667.55,52783.45,53710.35,0,0.0,0.0,0.0,0.0,-0.01,-1,-1,-0.01,-1,-1,-0.01,-1,-1,-0.01,-1,-1,-0.01,-1,-1,-0.01,-1,-1,-0.01,-1,-1,-0.01,-1,-1,-0.01,-1,-1,-0.01,-1,-1
99926009,2026-05-18 15:02:54+05:30,53635.55,0,0.0,0,0.0,0.0,53282.15,53667.55,52783.45,53710.35,0,0.0,0.0,0.0,0.0,-0.01,-1,-1,-0.01,-1,-1,-0.01,-1,-1,-0.01,-1,-1,-0.01,-1,-1,-0.01,-1,-1,-0.01,-1,-1,-0.01,-1,-1,-0.01,-1,-1,-0.01,-1,-1
99926009,2026-05-18 15:02:55+05:30,53635.55,0,0.0,0,0.0,0.0,53282.15,53667.55,52783.45,53710.35,0,0.0,0.0,0.0,0.0,-0.01,-1,-1,-0.01,-1,-1,-0.01,-1,-1,-0.01,-1,-1,-0.01,-1,-1,-0.01,-1,-1,-0.01,-1,-1,-0.01,-1,-1,-0.01,-1,-1,-0.01,-1,-1
99926009,2026-05-18 15:02:55+05:30,53635.1,0,0.0,0,0.0,0.0,53282.15,53667.55,52783.45,53710.35,0,0.0,0.0,0.0,0.0,-0.01,-1,-1,-0.01,-1,-1,-0.01,-1,-1,-0.01,-1,-1,-0.01,-1,-1,-0.01,-1,-1,-0.01,-1,-1,-0.01,-1,-1,-0.01,-1,-1,-0.01,-1,-1
99926009,2026-05-18 15:02:55+05:30,53637.05,0,0.0,0,0.0,0.0,53282.15,53667.55,52783.45,53710.35,0,0.0,0.0,0.0,0.0,-0.01,-1,-1,-0.01,-1,-1,-0.01,-1,-1,-0.01,-1,-1,-0.01,-1,-1,-0.01,-1,-1,-0.01,-1,-1,-0.01,-1,-1,-0.01,-1,-1,-0.01,-1,-1
99926009,2026-05-18 15:02:56+05:30,53637.05,0,0.0,0,0.0,0.0,53282.15,53667.55,52783.45,53710.35,0,0.0,0.0,0.0,0.0,-0.01,-1,-1,-0.01,-1,-1,-0.01,-1,-1,-0.01,-1,-1,-0.01,-1,-1,-0.01,-1,-1,-0.01,-1,-1,-0.01,-1,-1,-0.01,-1,-1,-0.01,-1,-1
99926009,2026-05-18 15:02:56+05:30,53634.35,0,0.0,0,0.0,0.0,53282.15,53667.55,52783.45,53710.35,0,0.0,0.0,0.0,0.0,-0.01,-1,-1,-0.01,-1,-1,-0.01,-1,-1,-0.01,-1,-1,-0.01,-1,-1,-0.01,-1,-1,-0.01,-1,-1,-0.01,-1,-1,-0.01,-1,-1,-0.01,-1,-1
99926009,2026-05-18 15:02:56+05:30,53633.85,0,0.0,0,0.0,0.0,53282.15,53667.55,52783.45,53710.35,0,0.0,0.0,0.0,0.0,-0.01,-1,-1,-0.01,-1,-1,-0.01,-1,-1,-0.01,-1,-1,-0.01,-1,-1,-0.01,-1,-1,-0.01,-1,-1,-0.01,-1,-1,-0.01,-1,-1,-0.01,-1,-1
99926009,2026-05-18 15:02:57+05:30,53633.85,0,0.0,0,0.0,0.0,53282.15,53667.55,52783.45,53710.35,0,0.0,0.0,0.0,0.0,-0.01,-1,-1,-0.01,-1,-1,-0.01,-1,-1,-0.01,-1,-1,-0.01,-1,-1,-0.01,-1,-1,-0.01,-1,-1,-0.01,-1,-1,-0.01,-1,-1,-0.01,-1,-1
99926009,2026-05-18 15:02:57+05:30,53637.75,0,0.0,0,0.0,0.0,53282.15,53667.55,52783.45,53710.35,0,0.0,0.0,0.0,0.0,-0.01,-1,-1,-0.01,-1,-1,-0.01,-1,-1,-0.01,-1,-1,-0.01,-1,-1,-0.01,-1,-1,-0.01,-1,-1,-0.01,-1,-1,-0.01,-1,-1,-0.01,-1,-1
99926009,2026-05-18 15:02:57+05:30,53638.4,0,0.0,0,0.0,0.0,53282.15,53667.55,52783.45,53710.35,0,0.0,0.0,0.0,0.0,-0.01,-1,-1,-0.01,-1,-1,-0.01,-1,-1,-0.01,-1,-1,-0.01,-1,-1,-0.01,-1,-1,-0.01,-1,-1,-0.01,-1,-1,-0.01,-1,-1,-0.01,-1,-1
99926009,2026-05-18 15:02:58+05:30,53638.4,0,0.0,0,0.0,0.0,53282.15,53667.55,52783.45,53710.35,0,0.0,0.0,0.0,0.0,-0.01,-1,-1,-0.01,-1,-1,-0.01,-1,-1,-0.01,-1,-1,-0.01,-1,-1,-0.01,-1,-1,-0.01,-1,-1,-0.01,-1,-1,-0.01,-1,-1,-0.01,-1,-1
99926009,2026-05-18 15:02:58+05:30,53630.8,0,0.0,0,0.0,0.0,53282.15,53667.55,52783.45,53710.35,0,0.0,0.0,0.0,0.0,-0.01,-1,-1,-0.01,-1,-1,-0.01,-1,-1,-0.01,-1,-1,-0.01,-1,-1,-0.01,-1,-1,-0.01,-1,-1,-0.01,-1,-1,-0.01,-1,-1,-0.01,-1,-1
99926009,2026-05-18 15:02:58+05:30,53643.15,0,0.0,0,0.0,0.0,53282.15,53667.55,52783.45,53710.35,0,0.0,0.0,0.0,0.0,-0.01,-1,-1,-0.01,-1,-1,-0.01,-1,-1,-0.01,-1,-1,-0.01,-1,-1,-0.01,-1,-1,-0.01,-1,-1,-0.01,-1,-1,-0.01,-1,-1,-0.01,-1,-1
99926009,2026-05-18 15:02:59+05:30,53643.15,0,0.0,0,0.0,0.0,53282.15,53667.55,52783.45,53710.35,0,0.0,0.0,0.0,0.0,-0.01,-1,-1,-0.01,-1,-1,-0.01,-1,-1,-0.01,-1,-1,-0.01,-1,-1,-0.01,-1,-1,-0.01,-1,-1,-0.01,-1,-1,-0.01,-1,-1,-0.01,-1,-1
99926009,2026-05-18 15:02:59+05:30,53638.4,0,0.0,0,0.0,0.0,53282.15,53667.55,52783.45,53710.35,0,0.0,0.0,0.0,0.0,-0.01,-1,-1,-0.01,-1,-1,-0.01,-1,-1,-0.01,-1,-1,-0.01,-1,-1,-0.01,-1,-1,-0.01,-1,-1,-0.01,-1,-1,-0.01,-1,-1,-0.01,-1,-1
99926009,2026-05-18 15:02:59+05:30,53637.65,0,0.0,0,0.0,0.0,53282.15,53667.55,52783.45,53710.35,0,0.0,0.0,0.0,0.0,-0.01,-1,-1,-0.01,-1,-1,-0.01,-1,-1,-0.01,-1,-1,-0.01,-1,-1,-0.01,-1,-1,-0.01,-1,-1,-0.01,-1,-1,-0.01,-1,-1,-0.01,-1,-1
99926009,2026-05-18 15:03:00+05:30,53637.65,0,0.0,0,0.0,0.0,53282.15,53667.55,52783.45,53710.35,0,0.0,0.0,0.0,0.0,-0.01,-1,-1,-0.01,-1,-1,-0.01,-1,-1,-0.01,-1,-1,-0.01,-1,-1,-0.01,-1,-1,-0.01,-1,-1,-0.01,-1,-1,-0.01,-1,-1,-0.01,-1,-1
99926009,2026-05-18 15:03:00+05:30,53640.5,0,0.0,0,0.0,0.0,53282.15,53667.55,52783.45,53710.35,0,0.0,0.0,0.0,0.0,-0.01,-1,-1,-0.01,-1,-1,-0.01,-1,-1,-0.01,-1,-1,-0.01,-1,-1,-0.01,-1,-1,-0.01,-1,-1,-0.01,-1,-1,-0.01,-1,-1,-0.01,-1,-1
99926009,2026-05-18 15:03:00+05:30,53639.25,0,0.0,0,0.0,0.0,53282.15,53667.55,52783.45,53710.35,0,0.0,0.0,0.0,0.0,-0.01,-1,-1,-0.01,-1,-1,-0.01,-1,-1,-0.01,-1,-1,-0.01,-1,-1,-0.01,-1,-1,-0.01,-1,-1,-0.01,-1,-1,-0.01,-1,-1,-0.01,-1,-1
99926009,2026-05-18 15:03:01+05:30,53639.25,0,0.0,0,0.0,0.0,53282.15,53667.55,52783.45,53710.35,0,0.0,0.0,0.0,0.0,-0.01,-1,-1,-0.01,-1,-1,-0.01,-1,-1,-0.01,-1,-1,-0.01,-1,-1,-0.01,-1,-1,-0.01,-1,-1,-0.01,-1,-1,-0.01,-1,-1,-0.01,-1,-1
99926009,2026-05-18 15:03:01+05:30,53641.65,0,0.0,0,0.0,0.0,53282.15,53667.55,52783.45,53710.35,0,0.0,0.0,0.0,0.0,-0.01,-1,-1,-0.01,-1,-1,-0.01,-1,-1,-0.01,-1,-1,-0.01,-1,-1,-0.01,-1,-1,-0.01,-1,-1,-0.01,-1,-1,-0.01,-1,-1,-0.01,-1,-1
99926009,2026-05-18 15:03:01+05:30,53640.6,0,0.0,0,0.0,0.0,53282.15,53667.55,52783.45,53710.35,0,0.0,0.0,0.0,0.0,-0.01,-1,-1,-0.01,-1,-1,-0.01,-1,-1,-0.01,-1,-1,-0.01,-1,-1,-0.01,-1,-1,-0.01,-1,-1,-0.01,-1,-1,-0.01,-1,-1,-0.01,-1,-1
99926009,2026-05-18 15:03:02+05:30,53640.6,0,0.0,0,0.0,0.0,53282.15,53667.55,52783.45,53710.35,0,0.0,0.0,0.0,0.0,-0.01,-1,-1,-0.01,-1,-1,-0.01,-1,-1,-0.01,-1,-1,-0.01,-1,-1,-0.01,-1,-1,-0.01,-1,-1,-0.01,-1,-1,-0.01,-1,-1,-0.01,-1,-1
99926009,2026-05-18 15:03:02+05:30,53639.0,0,0.0,0,0.0,0.0,53282.15,53667.55,52783.45,53710.35,0,0.0,0.0,0.0,0.0,-0.01,-1,-1,-0.01,-1,-1,-0.01,-1,-1,-0.01,-1,-1,-0.01,-1,-1,-0.01,-1,-1,-0.01,-1,-1,-0.01,-1,-1,-0.01,-1,-1,-0.01,-1,-1
99926009,2026-05-18 15:03:02+05:30,53632.65,0,0.0,0,0.0,0.0,53282.15,53667.55,52783.45,53710.35,0,0.0,0.0,0.0,0.0,-0.01,-1,-1,-0.01,-1,-1,-0.01,-1,-1,-0.01,-1,-1,-0.01,-1,-1,-0.01,-1,-1,-0.01,-1,-1,-0.01,-1,-1,-0.01,-1,-1,-0.01,-1,-1
99926009,2026-05-18 15:03:03+05:30,53632.65,0,0.0,0,0.0,0.0,53282.15,53667.55,52783.45,53710.35,0,0.0,0.0,0.0,0.0,-0.01,-1,-1,-0.01,-1,-1,-0.01,-1,-1,-0.01,-1,-1,-0.01,-1,-1,-0.01,-1,-1,-0.01,-1,-1,-0.01,-1,-1,-0.01,-1,-1,-0.01,-1,-1
99926009,2026-05-18 15:03:03+05:30,53635.45,0,0.0,0,0.0,0.0,53282.15,53667.55,52783.45,53710.35,0,0.0,0.0,0.0,0.0,-0.01,-1,-1,-0.01,-1,-1,-0.01,-1,-1,-0.01,-1,-1,-0.01,-1,-1,-0.01,-1,-1,-0.01,-1,-1,-0.01,-1,-1,-0.01,-1,-1,-0.01,-1,-1
99926009,2026-05-18 15:03:03+05:30,53635.0,0,0.0,0,0.0,0.0,53282.15,53667.55,52783.45,53710.35,0,0.0,0.0,0.0,0.0,-0.01,-1,-1,-0.01,-1,-1,-0.01,-1,-1,-0.01,-1,-1,-0.01,-1,-1,-0.01,-1,-1,-0.01,-1,-1,-0.01,-1,-1,-0.01,-1,-1,-0.01,-1,-1
99926009,2026-05-18 15:03:04+05:30,53635.0,0,0.0,0,0.0,0.0,53282.15,53667.55,52783.45,53710.35,0,0.0,0.0,0.0,0.0,-0.01,-1,-1,-0.01,-1,-1,-0.01,-1,-1,-0.01,-1,-1,-0.01,-1,-1,-0.01,-1,-1,-0.01,-1,-1,-0.01,-1,-1,-0.01,-1,-1,-0.01,-1,-1
99926009,2026-05-18 15:03:04+05:30,53637.35,0,0.0,0,0.0,0.0,53282.15,53667.55,52783.45,53710.35,0,0.0,0.0,0.0,0.0,-0.01,-1,-1,-0.01,-1,-1,-0.01,-1,-1,-0.01,-1,-1,-0.01,-1,-1,-0.01,-1,-1,-0.01,-1,-1,-0.01,-1,-1,-0.01,-1,-1,-0.01,-1,-1
99926009,2026-05-18 15:03:04+05:30,53631.75,0,0.0,0,0.0,0.0,53282.15,53667.55,52783.45,53710.35,0,0.0,0.0,0.0,0.0,-0.01,-1,-1,-0.01,-1,-1,-0.01,-1,-1,-0.01,-1,-1,-0.01,-1,-1,-0.01,-1,-1,-0.01,-1,-1,-0.01,-1,-1,-0.01,-1,-1,-0.01,-1,-1
99926009,2026-05-18 15:03:05+05:30,53631.75,0,0.0,0,0.0,0.0,53282.15,53667.55,52783.45,53710.35,0,0.0,0.0,0.0,0.0,-0.01,-1,-1,-0.01,-1,-1,-0.01,-1,-1,-0.01,-1,-1,-0.01,-1,-1,-0.01,-1,-1,-0.01,-1,-1,-0.01,-1,-1,-0.01,-1,-1,-0.01,-1,-1
99926009,2026-05-18 15:03:05+05:30,53635.4,0,0.0,0,0.0,0.0,53282.15,53667.55,52783.45,53710.35,0,0.0,0.0,0.0,0.0,-0.01,-1,-1,-0.01,-1,-1,-0.01,-1,-1,-0.01,-1,-1,-0.01,-1,-1,-0.01,-1,-1,-0.01,-1,-1,-0.01,-1,-1,-0.01,-1,-1,-0.01,-1,-1
99926009,2026-05-18 15:03:05+05:30,53638.15,0,0.0,0,0.0,0.0,53282.15,53667.55,52783.45,53710.35,0,0.0,0.0,0.0,0.0,-0.01,-1,-1,-0.01,-1,-1,-0.01,-1,-1,-0.01,-1,-1,-0.01,-1,-1,-0.01,-1,-1,-0.01,-1,-1,-0.01,-1,-1,-0.01,-1,-1,-0.01,-1,-1
99926009,2026-05-18 15:03:06+05:30,53638.15,0,0.0,0,0.0,0.0,53282.15,53667.55,52783.45,53710.35,0,0.0,0.0,0.0,0.0,-0.01,-1,-1,-0.01,-1,-1,-0.01,-1,-1,-0.01,-1,-1,-0.01,-1,-1,-0.01,-1,-1,-0.01,-1,-1,-0.01,-1,-1,-0.01,-1,-1,-0.01,-1,-1
99926009,2026-05-18 15:03:06+05:30,53638.65,0,0.0,0,0.0,0.0,53282.15,53667.55,52783.45,53710.35,0,0.0,0.0,0.0,0.0,-0.01,-1,-1,-0.01,-1,-1,-0.01,-1,-1,-0.01,-1,-1,-0.01,-1,-1,-0.01,-1,-1,-0.01,-1,-1,-0.01,-1,-1,-0.01,-1,-1,-0.01,-1,-1
99926009,2026-05-18 15:03:06+05:30,53640.65,0,0.0,0,0.0,0.0,53282.15,53667.55,52783.45,53710.35,0,0.0,0.0,0.0,0.0,-0.01,-1,-1,-0.01,-1,-1,-0.01,-1,-1,-0.01,-1,-1,-0.01,-1,-1,-0.01,-1,-1,-0.01,-1,-1,-0.01,-1,-1,-0.01,-1,-1,-0.01,-1,-1
99926009,2026-05-18 15:03:07+05:30,53640.65,0,0.0,0,0.0,0.0,53282.15,53667.55,52783.45,53710.35,0,0.0,0.0,0.0,0.0,-0.01,-1,-1,-0.01,-1,-1,-0.01,-1,-1,-0.01,-1,-1,-0.01,-1,-1,-0.01,-1,-1,-0.01,-1,-1,-0.01,-1,-1,-0.01,-1,-1,-0.01,-1,-1
99926009,2026-05-18 15:03:07+05:30,53640.05,0,0.0,0,0.0,0.0,53282.15,53667.55,52783.45,53710.35,0,0.0,0.0,0.0,0.0,-0.01,-1,-1,-0.01,-1,-1,-0.01,-1,-1,-0.01,-1,-1,-0.01,-1,-1,-0.01,-1,-1,-0.01,-1,-1,-0.01,-1,-1,-0.01,-1,-1,-0.01,-1,-1
99926009,2026-05-18 15:03:07+05:30,53639.45,0,0.0,0,0.0,0.0,53282.15,53667.55,52783.45,53710.35,0,0.0,0.0,0.0,0.0,-0.01,-1,-1,-0.01,-1,-1,-0.01,-1,-1,-0.01,-1,-1,-0.01,-1,-1,-0.01,-1,-1,-0.01,-1,-1,-0.01,-1,-1,-0.01,-1,-1,-0.01,-1,-1
99926009,2026-05-18 15:03:08+05:30,53639.45,0,0.0,0,0.0,0.0,53282.15,53667.55,52783.45,53710.35,0,0.0,0.0,0.0,0.0,-0.01,-1,-1,-0.01,-1,-1,-0.01,-1,-1,-0.01,-1,-1,-0.01,-1,-1,-0.01,-1,-1,-0.01,-1,-1,-0.01,-1,-1,-0.01,-1,-1,-0.01,-1,-1
99926009,2026-05-18 15:03:08+05:30,53639.7,0,0.0,0,0.0,0.0,53282.15,53667.55,52783.45,53710.35,0,0.0,0.0,0.0,0.0,-0.01,-1,-1,-0.01,-1,-1,-0.01,-1,-1,-0.01,-1,-1,-0.01,-1,-1,-0.01,-1,-1,-0.01,-1,-1,-0.01,-1,-1,-0.01,-1,-1,-0.01,-1,-1
99926009,2026-05-18 15:03:08+05:30,53642.75,0,0.0,0,0.0,0.0,53282.15,53667.55,52783.45,53710.35,0,0.0,0.0,0.0,0.0,-0.01,-1,-1,-0.01,-1,-1,-0.01,-1,-1,-0.01,-1,-1,-0.01,-1,-1,-0.01,-1,-1,-0.01,-1,-1,-0.01,-1,-1,-0.01,-1,-1,-0.01,-1,-1
99926009,2026-05-18 15:03:09+05:30,53642.75,0,0.0,0,0.0,0.0,53282.15,53667.55,52783.45,53710.35,0,0.0,0.0,0.0,0.0,-0.01,-1,-1,-0.01,-1,-1,-0.01,-1,-1,-0.01,-1,-1,-0.01,-1,-1,-0.01,-1,-1,-0.01,-1,-1,-0.01,-1,-1,-0.01,-1,-1,-0.01,-1,-1
99926009,2026-05-18 15:03:09+05:30,53642.85,0,0.0,0,0.0,0.0,53282.15,53667.55,52783.45,53710.35,0,0.0,0.0,0.0,0.0,-0.01,-1,-1,-0.01,-1,-1,-0.01,-1,-1,-0.01,-1,-1,-0.01,-1,-1,-0.01,-1,-1,-0.01,-1,-1,-0.01,-1,-1,-0.01,-1,-1,-0.01,-1,-1
99926009,2026-05-18 15:03:09+05:30,53643.7,0,0.0,0,0.0,0.0,53282.15,53667.55,52783.45,53710.35,0,0.0,0.0,0.0,0.0,-0.01,-1,-1,-0.01,-1,-1,-0.01,-1,-1,-0.01,-1,-1,-0.01,-1,-1,-0.01,-1,-1,-0.01,-1,-1,-0.01,-1,-1,-0.01,-1,-1,-0.01,-1,-1
99926009,2026-05-18 15:03:10+05:30,53643.7,0,0.0,0,0.0,0.0,53282.15,53667.55,52783.45,53710.35,0,0.0,0.0,0.0,0.0,-0.01,-1,-1,-0.01,-1,-1,-0.01,-1,-1,-0.01,-1,-1,-0.01,-1,-1,-0.01,-1,-1,-0.01,-1,-1,-0.01,-1,-1,-0.01,-1,-1,-0.01,-1,-1
99926009,2026-05-18 15:03:10+05:30,53642.5,0,0.0,0,0.0,0.0,53282.15,53667.55,52783.45,53710.35,0,0.0,0.0,0.0,0.0,-0.01,-1,-1,-0.01,-1,-1,-0.01,-1,-1,-0.01,-1,-1,-0.01,-1,-1,-0.01,-1,-1,-0.01,-1,-1,-0.01,-1,-1,-0.01,-1,-1,-0.01,-1,-1
99926009,2026-05-18 15:03:10+05:30,53645.35,0,0.0,0,0.0,0.0,53282.15,53667.55,52783.45,53710.35,0,0.0,0.0,0.0,0.0,-0.01,-1,-1,-0.01,-1,-1,-0.01,-1,-1,-0.01,-1,-1,-0.01,-1,-1,-0.01,-1,-1,-0.01,-1,-1,-0.01,-1,-1,-0.01,-1,-1,-0.01,-1,-1
99926009,2026-05-18 15:03:11+05:30,53645.35,0,0.0,0,0.0,0.0,53282.15,53667.55,52783.45,53710.35,0,0.0,0.0,0.0,0.0,-0.01,-1,-1,-0.01,-1,-1,-0.01,-1,-1,-0.01,-1,-1,-0.01,-1,-1,-0.01,-1,-1,-0.01,-1,-1,-0.01,-1,-1,-0.01,-1,-1,-0.01,-1,-1
99926009,2026-05-18 15:03:11+05:30,53643.1,0,0.0,0,0.0,0.0,53282.15,53667.55,52783.45,53710.35,0,0.0,0.0,0.0,0.0,-0.01,-1,-1,-0.01,-1,-1,-0.01,-1,-1,-0.01,-1,-1,-0.01,-1,-1,-0.01,-1,-1,-0.01,-1,-1,-0.01,-1,-1,-0.01,-1,-1,-0.01,-1,-1
99926009,2026-05-18 15:03:11+05:30,53640.4,0,0.0,0,0.0,0.0,53282.15,53667.55,52783.45,53710.35,0,0.0,0.0,0.0,0.0,-0.01,-1,-1,-0.01,-1,-1,-0.01,-1,-1,-0.01,-1,-1,-0.01,-1,-1,-0.01,-1,-1,-0.01,-1,-1,-0.01,-1,-1,-0.01,-1,-1,-0.01,-1,-1
99926009,2026-05-18 15:03:12+05:30,53640.4,0,0.0,0,0.0,0.0,53282.15,53667.55,52783.45,53710.35,0,0.0,0.0,0.0,0.0,-0.01,-1,-1,-0.01,-1,-1,-0.01,-1,-1,-0.01,-1,-1,-0.01,-1,-1,-0.01,-1,-1,-0.01,-1,-1,-0.01,-1,-1,-0.01,-1,-1,-0.01,-1,-1
99926009,2026-05-18 15:03:12+05:30,53639.9,0,0.0,0,0.0,0.0,53282.15,53667.55,52783.45,53710.35,0,0.0,0.0,0.0,0.0,-0.01,-1,-1,-0.01,-1,-1,-0.01,-1,-1,-0.01,-1,-1,-0.01,-1,-1,-0.01,-1,-1,-0.01,-1,-1,-0.01,-1,-1,-0.01,-1,-1,-0.01,-1,-1
99926009,2026-05-18 15:03:12+05:30,53641.05,0,0.0,0,0.0,0.0,53282.15,53667.55,52783.45,53710.35,0,0.0,0.0,0.0,0.0,-0.01,-1,-1,-0.01,-1,-1,-0.01,-1,-1,-0.01,-1,-1,-0.01,-1,-1,-0.01,-1,-1,-0.01,-1,-1,-0.01,-1,-1,-0.01,-1,-1,-0.01,-1,-1
99926009,2026-05-18 15:03:13+05:30,53641.05,0,0.0,0,0.0,0.0,53282.15,53667.55,52783.45,53710.35,0,0.0,0.0,0.0,0.0,-0.01,-1,-1,-0.01,-1,-1,-0.01,-1,-1,-0.01,-1,-1,-0.01,-1,-1,-0.01,-1,-1,-0.01,-1,-1,-0.01,-1,-1,-0.01,-1,-1,-0.01,-1,-1
99926009,2026-05-18 15:03:13+05:30,53639.6,0,0.0,0,0.0,0.0,53282.15,53667.55,52783.45,53710.35,0,0.0,0.0,0.0,0.0,-0.01,-1,-1,-0.01,-1,-1,-0.01,-1,-1,-0.01,-1,-1,-0.01,-1,-1,-0.01,-1,-1,-0.01,-1,-1,-0.01,-1,-1,-0.01,-1,-1,-0.01,-1,-1
99926009,2026-05-18 15:03:13+05:30,53639.8,0,0.0,0,0.0,0.0,53282.15,53667.55,52783.45,53710.35,0,0.0,0.0,0.0,0.0,-0.01,-1,-1,-0.01,-1,-1,-0.01,-1,-1,-0.01,-1,-1,-0.01,-1,-1,-0.01,-1,-1,-0.01,-1,-1,-0.01,-1,-1,-0.01,-1,-1,-0.01,-1,-1
99926009,2026-05-18 15:03:14+05:30,53639.8,0,0.0,0,0.0,0.0,53282.15,53667.55,52783.45,53710.35,0,0.0,0.0,0.0,0.0,-0.01,-1,-1,-0.01,-1,-1,-0.01,-1,-1,-0.01,-1,-1,-0.01,-1,-1,-0.01,-1,-1,-0.01,-1,-1,-0.01,-1,-1,-0.01,-1,-1,-0.01,-1,-1
99926009,2026-05-18 15:03:14+05:30,53638.65,0,0.0,0,0.0,0.0,53282.15,53667.55,52783.45,53710.35,0,0.0,0.0,0.0,0.0,-0.01,-1,-1,-0.01,-1,-1,-0.01,-1,-1,-0.01,-1,-1,-0.01,-1,-1,-0.01,-1,-1,-0.01,-1,-1,-0.01,-1,-1,-0.01,-1,-1,-0.01,-1,-1
99926009,2026-05-18 15:03:14+05:30,53639.45,0,0.0,0,0.0,0.0,53282.15,53667.55,52783.45,53710.35,0,0.0,0.0,0.0,0.0,-0.01,-1,-1,-0.01,-1,-1,-0.01,-1,-1,-0.01,-1,-1,-0.01,-1,-1,-0.01,-1,-1,-0.01,-1,-1,-0.01,-1,-1,-0.01,-1,-1,-0.01,-1,-1
99926009,2026-05-18 15:03:15+05:30,53639.45,0,0.0,0,0.0,0.0,53282.15,53667.55,52783.45,53710.35,0,0.0,0.0,0.0,0.0,-0.01,-1,-1,-0.01,-1,-1,-0.01,-1,-1,-0.01,-1,-1,-0.01,-1,-1,-0.01,-1,-1,-0.01,-1,-1,-0.01,-1,-1,-0.01,-1,-1,-0.01,-1,-1
99926009,2026-05-18 15:03:15+05:30,53636.7,0,0.0,0,0.0,0.0,53282.15,53667.55,52783.45,53710.35,0,0.0,0.0,0.0,0.0,-0.01,-1,-1,-0.01,-1,-1,-0.01,-1,-1,-0.01,-1,-1,-0.01,-1,-1,-0.01,-1,-1,-0.01,-1,-1,-0.01,-1,-1,-0.01,-1,-1,-0.01,-1,-1
99926009,2026-05-18 15:03:15+05:30,53641.9,0,0.0,0,0.0,0.0,53282.15,53667.55,52783.45,53710.35,0,0.0,0.0,0.0,0.0,-0.01,-1,-1,-0.01,-1,-1,-0.01,-1,-1,-0.01,-1,-1,-0.01,-1,-1,-0.01,-1,-1,-0.01,-1,-1,-0.01,-1,-1,-0.01,-1,-1,-0.01,-1,-1
99926009,2026-05-18 15:03:16+05:30,53641.9,0,0.0,0,0.0,0.0,53282.15,53667.55,52783.45,53710.35,0,0.0,0.0,0.0,0.0,-0.01,-1,-1,-0.01,-1,-1,-0.01,-1,-1,-0.01,-1,-1,-0.01,-1,-1,-0.01,-1,-1,-0.01,-1,-1,-0.01,-1,-1,-0.01,-1,-1,-0.01,-1,-1
99926009,2026-05-18 15:03:16+05:30,53641.9,0,0.0,0,0.0,0.0,53282.15,53667.55,52783.45,53710.35,0,0.0,0.0,0.0,0.0,-0.01,-1,-1,-0.01,-1,-1,-0.01,-1,-1,-0.01,-1,-1,-0.01,-1,-1,-0.01,-1,-1,-0.01,-1,-1,-0.01,-1,-1,-0.01,-1,-1,-0.01,-1,-1
99926009,2026-05-18 15:03:16+05:30,53638.85,0,0.0,0,0.0,0.0,53282.15,53667.55,52783.45,53710.35,0,0.0,0.0,0.0,0.0,-0.01,-1,-1,-0.01,-1,-1,-0.01,-1,-1,-0.01,-1,-1,-0.01,-1,-1,-0.01,-1,-1,-0.01,-1,-1,-0.01,-1,-1,-0.01,-1,-1,-0.01,-1,-1
99926009,2026-05-18 15:03:17+05:30,53638.85,0,0.0,0,0.0,0.0,53282.15,53667.55,52783.45,53710.35,0,0.0,0.0,0.0,0.0,-0.01,-1,-1,-0.01,-1,-1,-0.01,-1,-1,-0.01,-1,-1,-0.01,-1,-1,-0.01,-1,-1,-0.01,-1,-1,-0.01,-1,-1,-0.01,-1,-1,-0.01,-1,-1
99926009,2026-05-18 15:03:17+05:30,53638.3,0,0.0,0,0.0,0.0,53282.15,53667.55,52783.45,53710.35,0,0.0,0.0,0.0,0.0,-0.01,-1,-1,-0.01,-1,-1,-0.01,-1,-1,-0.01,-1,-1,-0.01,-1,-1,-0.01,-1,-1,-0.01,-1,-1,-0.01,-1,-1,-0.01,-1,-1,-0.01,-1,-1
99926009,2026-05-18 15:03:17+05:30,53639.5,0,0.0,0,0.0,0.0,53282.15,53667.55,52783.45,53710.35,0,0.0,0.0,0.0,0.0,-0.01,-1,-1,-0.01,-1,-1,-0.01,-1,-1,-0.01,-1,-1,-0.01,-1,-1,-0.01,-1,-1,-0.01,-1,-1,-0.01,-1,-1,-0.01,-1,-1,-0.01,-1,-1
99926009,2026-05-18 15:03:18+05:30,53639.5,0,0.0,0,0.0,0.0,53282.15,53667.55,52783.45,53710.35,0,0.0,0.0,0.0,0.0,-0.01,-1,-1,-0.01,-1,-1,-0.01,-1,-1,-0.01,-1,-1,-0.01,-1,-1,-0.01,-1,-1,-0.01,-1,-1,-0.01,-1,-1,-0.01,-1,-1,-0.01,-1,-1
99926009,2026-05-18 15:03:18+05:30,53639.35,0,0.0,0,0.0,0.0,53282.15,53667.55,52783.45,53710.35,0,0.0,0.0,0.0,0.0,-0.01,-1,-1,-0.01,-1,-1,-0.01,-1,-1,-0.01,-1,-1,-0.01,-1,-1,-0.01,-1,-1,-0.01,-1,-1,-0.01,-1,-1,-0.01,-1,-1,-0.01,-1,-1
99926009,2026-05-18 15:03:18+05:30,53642.75,0,0.0,0,0.0,0.0,53282.15,53667.55,52783.45,53710.35,0,0.0,0.0,0.0,0.0,-0.01,-1,-1,-0.01,-1,-1,-0.01,-1,-1,-0.01,-1,-1,-0.01,-1,-1,-0.01,-1,-1,-0.01,-1,-1,-0.01,-1,-1,-0.01,-1,-1,-0.01,-1,-1
99926009,2026-05-18 15:03:19+05:30,53642.75,0,0.0,0,0.0,0.0,53282.15,53667.55,52783.45,53710.35,0,0.0,0.0,0.0,0.0,-0.01,-1,-1,-0.01,-1,-1,-0.01,-1,-1,-0.01,-1,-1,-0.01,-1,-1,-0.01,-1,-1,-0.01,-1,-1,-0.01,-1,-1,-0.01,-1,-1,-0.01,-1,-1
99926009,2026-05-18 15:03:19+05:30,53641.1,0,0.0,0,0.0,0.0,53282.15,53667.55,52783.45,53710.35,0,0.0,0.0,0.0,0.0,-0.01,-1,-1,-0.01,-1,-1,-0.01,-1,-1,-0.01,-1,-1,-0.01,-1,-1,-0.01,-1,-1,-0.01,-1,-1,-0.01,-1,-1,-0.01,-1,-1,-0.01,-1,-1
99926009,2026-05-18 15:03:19+05:30,53639.2,0,0.0,0,0.0,0.0,53282.15,53667.55,52783.45,53710.35,0,0.0,0.0,0.0,0.0,-0.01,-1,-1,-0.01,-1,-1,-0.01,-1,-1,-0.01,-1,-1,-0.01,-1,-1,-0.01,-1,-1,-0.01,-1,-1,-0.01,-1,-1,-0.01,-1,-1,-0.01,-1,-1
99926009,2026-05-18 15:03:20+05:30,53639.2,0,0.0,0,0.0,0.0,53282.15,53667.55,52783.45,53710.35,0,0.0,0.0,0.0,0.0,-0.01,-1,-1,-0.01,-1,-1,-0.01,-1,-1,-0.01,-1,-1,-0.01,-1,-1,-0.01,-1,-1,-0.01,-1,-1,-0.01,-1,-1,-0.01,-1,-1,-0.01,-1,-1
99926009,2026-05-18 15:03:20+05:30,53640.95,0,0.0,0,0.0,0.0,53282.15,53667.55,52783.45,53710.35,0,0.0,0.0,0.0,0.0,-0.01,-1,-1,-0.01,-1,-1,-0.01,-1,-1,-0.01,-1,-1,-0.01,-1,-1,-0.01,-1,-1,-0.01,-1,-1,-0.01,-1,-1,-0.01,-1,-1,-0.01,-1,-1
99926009,2026-05-18 15:03:20+05:30,53639.9,0,0.0,0,0.0,0.0,53282.15,53667.55,52783.45,53710.35,0,0.0,0.0,0.0,0.0,-0.01,-1,-1,-0.01,-1,-1,-0.01,-1,-1,-0.01,-1,-1,-0.01,-1,-1,-0.01,-1,-1,-0.01,-1,-1,-0.01,-1,-1,-0.01,-1,-1,-0.01,-1,-1
99926009,2026-05-18 15:03:21+05:30,53639.9,0,0.0,0,0.0,0.0,53282.15,53667.55,52783.45,53710.35,0,0.0,0.0,0.0,0.0,-0.01,-1,-1,-0.01,-1,-1,-0.01,-1,-1,-0.01,-1,-1,-0.01,-1,-1,-0.01,-1,-1,-0.01,-1,-1,-0.01,-1,-1,-0.01,-1,-1,-0.01,-1,-1
99926009,2026-05-18 15:03:21+05:30,53641.4,0,0.0,0,0.0,0.0,53282.15,53667.55,52783.45,53710.35,0,0.0,0.0,0.0,0.0,-0.01,-1,-1,-0.01,-1,-1,-0.01,-1,-1,-0.01,-1,-1,-0.01,-1,-1,-0.01,-1,-1,-0.01,-1,-1,-0.01,-1,-1,-0.01,-1,-1,-0.01,-1,-1
99926009,2026-05-18 15:03:21+05:30,53642.8,0,0.0,0,0.0,0.0,53282.15,53667.55,52783.45,53710.35,0,0.0,0.0,0.0,0.0,-0.01,-1,-1,-0.01,-1,-1,-0.01,-1,-1,-0.01,-1,-1,-0.01,-1,-1,-0.01,-1,-1,-0.01,-1,-1,-0.01,-1,-1,-0.01,-1,-1,-0.01,-1,-1
99926009,2026-05-18 15:03:22+05:30,53642.8,0,0.0,0,0.0,0.0,53282.15,53667.55,52783.45,53710.35,0,0.0,0.0,0.0,0.0,-0.01,-1,-1,-0.01,-1,-1,-0.01,-1,-1,-0.01,-1,-1,-0.01,-1,-1,-0.01,-1,-1,-0.01,-1,-1,-0.01,-1,-1,-0.01,-1,-1,-0.01,-1,-1
99926009,2026-05-18 15:03:22+05:30,53643.1,0,0.0,0,0.0,0.0,53282.15,53667.55,52783.45,53710.35,0,0.0,0.0,0.0,0.0,-0.01,-1,-1,-0.01,-1,-1,-0.01,-1,-1,-0.01,-1,-1,-0.01,-1,-1,-0.01,-1,-1,-0.01,-1,-1,-0.01,-1,-1,-0.01,-1,-1,-0.01,-1,-1
99926009,2026-05-18 15:03:22+05:30,53644.25,0,0.0,0,0.0,0.0,53282.15,53667.55,52783.45,53710.35,0,0.0,0.0,0.0,0.0,-0.01,-1,-1,-0.01,-1,-1,-0.01,-1,-1,-0.01,-1,-1,-0.01,-1,-1,-0.01,-1,-1,-0.01,-1,-1,-0.01,-1,-1,-0.01,-1,-1,-0.01,-1,-1
99926009,2026-05-18 15:03:23+05:30,53644.25,0,0.0,0,0.0,0.0,53282.15,53667.55,52783.45,53710.35,0,0.0,0.0,0.0,0.0,-0.01,-1,-1,-0.01,-1,-1,-0.01,-1,-1,-0.01,-1,-1,-0.01,-1,-1,-0.01,-1,-1,-0.01,-1,-1,-0.01,-1,-1,-0.01,-1,-1,-0.01,-1,-1
99926009,2026-05-18 15:03:23+05:30,53641.0,0,0.0,0,0.0,0.0,53282.15,53667.55,52783.45,53710.35,0,0.0,0.0,0.0,0.0,-0.01,-1,-1,-0.01,-1,-1,-0.01,-1,-1,-0.01,-1,-1,-0.01,-1,-1,-0.01,-1,-1,-0.01,-1,-1,-0.01,-1,-1,-0.01,-1,-1,-0.01,-1,-1
99926009,2026-05-18 15:03:23+05:30,53641.15,0,0.0,0,0.0,0.0,53282.15,53667.55,52783.45,53710.35,0,0.0,0.0,0.0,0.0,-0.01,-1,-1,-0.01,-1,-1,-0.01,-1,-1,-0.01,-1,-1,-0.01,-1,-1,-0.01,-1,-1,-0.01,-1,-1,-0.01,-1,-1,-0.01,-1,-1,-0.01,-1,-1
99926009,2026-05-18 15:03:24+05:30,53641.15,0,0.0,0,0.0,0.0,53282.15,53667.55,52783.45,53710.35,0,0.0,0.0,0.0,0.0,-0.01,-1,-1,-0.01,-1,-1,-0.01,-1,-1,-0.01,-1,-1,-0.01,-1,-1,-0.01,-1,-1,-0.01,-1,-1,-0.01,-1,-1,-0.01,-1,-1,-0.01,-1,-1
99926009,2026-05-18 15:03:24+05:30,53638.25,0,0.0,0,0.0,0.0,53282.15,53667.55,52783.45,53710.35,0,0.0,0.0,0.0,0.0,-0.01,-1,-1,-0.01,-1,-1,-0.01,-1,-1,-0.01,-1,-1,-0.01,-1,-1,-0.01,-1,-1,-0.01,-1,-1,-0.01,-1,-1,-0.01,-1,-1,-0.01,-1,-1
99926009,2026-05-18 15:03:24+05:30,53640.85,0,0.0,0,0.0,0.0,53282.15,53667.55,52783.45,53710.35,0,0.0,0.0,0.0,0.0,-0.01,-1,-1,-0.01,-1,-1,-0.01,-1,-1,-0.01,-1,-1,-0.01,-1,-1,-0.01,-1,-1,-0.01,-1,-1,-0.01,-1,-1,-0.01,-1,-1,-0.01,-1,-1
99926009,2026-05-18 15:03:25+05:30,53640.85,0,0.0,0,0.0,0.0,53282.15,53667.55,52783.45,53710.35,0,0.0,0.0,0.0,0.0,-0.01,-1,-1,-0.01,-1,-1,-0.01,-1,-1,-0.01,-1,-1,-0.01,-1,-1,-0.01,-1,-1,-0.01,-1,-1,-0.01,-1,-1,-0.01,-1,-1,-0.01,-1,-1
99926009,2026-05-18 15:03:25+05:30,53640.25,0,0.0,0,0.0,0.0,53282.15,53667.55,52783.45,53710.35,0,0.0,0.0,0.0,0.0,-0.01,-1,-1,-0.01,-1,-1,-0.01,-1,-1,-0.01,-1,-1,-0.01,-1,-1,-0.01,-1,-1,-0.01,-1,-1,-0.01,-1,-1,-0.01,-1,-1,-0.01,-1,-1
99926009,2026-05-18 15:03:25+05:30,53641.0,0,0.0,0,0.0,0.0,53282.15,53667.55,52783.45,53710.35,0,0.0,0.0,0.0,0.0,-0.01,-1,-1,-0.01,-1,-1,-0.01,-1,-1,-0.01,-1,-1,-0.01,-1,-1,-0.01,-1,-1,-0.01,-1,-1,-0.01,-1,-1,-0.01,-1,-1,-0.01,-1,-1
99926009,2026-05-18 15:03:26+05:30,53641.0,0,0.0,0,0.0,0.0,53282.15,53667.55,52783.45,53710.35,0,0.0,0.0,0.0,0.0,-0.01,-1,-1,-0.01,-1,-1,-0.01,-1,-1,-0.01,-1,-1,-0.01,-1,-1,-0.01,-1,-1,-0.01,-1,-1,-0.01,-1,-1,-0.01,-1,-1,-0.01,-1,-1
99926009,2026-05-18 15:03:26+05:30,53643.25,0,0.0,0,0.0,0.0,53282.15,53667.55,52783.45,53710.35,0,0.0,0.0,0.0,0.0,-0.01,-1,-1,-0.01,-1,-1,-0.01,-1,-1,-0.01,-1,-1,-0.01,-1,-1,-0.01,-1,-1,-0.01,-1,-1,-0.01,-1,-1,-0.01,-1,-1,-0.01,-1,-1
99926009,2026-05-18 15:03:26+05:30,53644.45,0,0.0,0,0.0,0.0,53282.15,53667.55,52783.45,53710.35,0,0.0,0.0,0.0,0.0,-0.01,-1,-1,-0.01,-1,-1,-0.01,-1,-1,-0.01,-1,-1,-0.01,-1,-1,-0.01,-1,-1,-0.01,-1,-1,-0.01,-1,-1,-0.01,-1,-1,-0.01,-1,-1
99926009,2026-05-18 15:03:27+05:30,53644.45,0,0.0,0,0.0,0.0,53282.15,53667.55,52783.45,53710.35,0,0.0,0.0,0.0,0.0,-0.01,-1,-1,-0.01,-1,-1,-0.01,-1,-1,-0.01,-1,-1,-0.01,-1,-1,-0.01,-1,-1,-0.01,-1,-1,-0.01,-1,-1,-0.01,-1,-1,-0.01,-1,-1
99926009,2026-05-18 15:03:27+05:30,53644.3,0,0.0,0,0.0,0.0,53282.15,53667.55,52783.45,53710.35,0,0.0,0.0,0.0,0.0,-0.01,-1,-1,-0.01,-1,-1,-0.01,-1,-1,-0.01,-1,-1,-0.01,-1,-1,-0.01,-1,-1,-0.01,-1,-1,-0.01,-1,-1,-0.01,-1,-1,-0.01,-1,-1
99926009,2026-05-18 15:03:27+05:30,53642.55,0,0.0,0,0.0,0.0,53282.15,53667.55,52783.45,53710.35,0,0.0,0.0,0.0,0.0,-0.01,-1,-1,-0.01,-1,-1,-0.01,-1,-1,-0.01,-1,-1,-0.01,-1,-1,-0.01,-1,-1,-0.01,-1,-1,-0.01,-1,-1,-0.01,-1,-1,-0.01,-1,-1
99926009,2026-05-18 15:03:28+05:30,53642.55,0,0.0,0,0.0,0.0,53282.15,53667.55,52783.45,53710.35,0,0.0,0.0,0.0,0.0,-0.01,-1,-1,-0.01,-1,-1,-0.01,-1,-1,-0.01,-1,-1,-0.01,-1,-1,-0.01,-1,-1,-0.01,-1,-1,-0.01,-1,-1,-0.01,-1,-1,-0.01,-1,-1
99926009,2026-05-18 15:03:28+05:30,53641.1,0,0.0,0,0.0,0.0,53282.15,53667.55,52783.45,53710.35,0,0.0,0.0,0.0,0.0,-0.01,-1,-1,-0.01,-1,-1,-0.01,-1,-1,-0.01,-1,-1,-0.01,-1,-1,-0.01,-1,-1,-0.01,-1,-1,-0.01,-1,-1,-0.01,-1,-1,-0.01,-1,-1
99926009,2026-05-18 15:03:28+05:30,53644.9,0,0.0,0,0.0,0.0,53282.15,53667.55,52783.45,53710.35,0,0.0,0.0,0.0,0.0,-0.01,-1,-1,-0.01,-1,-1,-0.01,-1,-1,-0.01,-1,-1,-0.01,-1,-1,-0.01,-1,-1,-0.01,-1,-1,-0.01,-1,-1,-0.01,-1,-1,-0.01,-1,-1
99926009,2026-05-18 15:03:29+05:30,53644.9,0,0.0,0,0.0,0.0,53282.15,53667.55,52783.45,53710.35,0,0.0,0.0,0.0,0.0,-0.01,-1,-1,-0.01,-1,-1,-0.01,-1,-1,-0.01,-1,-1,-0.01,-1,-1,-0.01,-1,-1,-0.01,-1,-1,-0.01,-1,-1,-0.01,-1,-1,-0.01,-1,-1
99926009,2026-05-18 15:03:29+05:30,53641.85,0,0.0,0,0.0,0.0,53282.15,53667.55,52783.45,53710.35,0,0.0,0.0,0.0,0.0,-0.01,-1,-1,-0.01,-1,-1,-0.01,-1,-1,-0.01,-1,-1,-0.01,-1,-1,-0.01,-1,-1,-0.01,-1,-1,-0.01,-1,-1,-0.01,-1,-1,-0.01,-1,-1
99926009,2026-05-18 15:03:29+05:30,53639.45,0,0.0,0,0.0,0.0,53282.15,53667.55,52783.45,53710.35,0,0.0,0.0,0.0,0.0,-0.01,-1,-1,-0.01,-1,-1,-0.01,-1,-1,-0.01,-1,-1,-0.01,-1,-1,-0.01,-1,-1,-0.01,-1,-1,-0.01,-1,-1,-0.01,-1,-1,-0.01,-1,-1
99926009,2026-05-18 15:03:30+05:30,53639.45,0,0.0,0,0.0,0.0,53282.15,53667.55,52783.45,53710.35,0,0.0,0.0,0.0,0.0,-0.01,-1,-1,-0.01,-1,-1,-0.01,-1,-1,-0.01,-1,-1,-0.01,-1,-1,-0.01,-1,-1,-0.01,-1,-1,-0.01,-1,-1,-0.01,-1,-1,-0.01,-1,-1
99926009,2026-05-18 15:03:30+05:30,53639.55,0,0.0,0,0.0,0.0,53282.15,53667.55,52783.45,53710.35,0,0.0,0.0,0.0,0.0,-0.01,-1,-1,-0.01,-1,-1,-0.01,-1,-1,-0.01,-1,-1,-0.01,-1,-1,-0.01,-1,-1,-0.01,-1,-1,-0.01,-1,-1,-0.01,-1,-1,-0.01,-1,-1
99926009,2026-05-18 15:03:30+05:30,53645.2,0,0.0,0,0.0,0.0,53282.15,53667.55,52783.45,53710.35,0,0.0,0.0,0.0,0.0,-0.01,-1,-1,-0.01,-1,-1,-0.01,-1,-1,-0.01,-1,-1,-0.01,-1,-1,-0.01,-1,-1,-0.01,-1,-1,-0.01,-1,-1,-0.01,-1,-1,-0.01,-1,-1
99926009,2026-05-18 15:03:31+05:30,53645.2,0,0.0,0,0.0,0.0,53282.15,53667.55,52783.45,53710.35,0,0.0,0.0,0.0,0.0,-0.01,-1,-1,-0.01,-1,-1,-0.01,-1,-1,-0.01,-1,-1,-0.01,-1,-1,-0.01,-1,-1,-0.01,-1,-1,-0.01,-1,-1,-0.01,-1,-1,-0.01,-1,-1
99926009,2026-05-18 15:03:31+05:30,53640.75,0,0.0,0,0.0,0.0,53282.15,53667.55,52783.45,53710.35,0,0.0,0.0,0.0,0.0,-0.01,-1,-1,-0.01,-1,-1,-0.01,-1,-1,-0.01,-1,-1,-0.01,-1,-1,-0.01,-1,-1,-0.01,-1,-1,-0.01,-1,-1,-0.01,-1,-1,-0.01,-1,-1
99926009,2026-05-18 15:03:31+05:30,53644.6,0,0.0,0,0.0,0.0,53282.15,53667.55,52783.45,53710.35,0,0.0,0.0,0.0,0.0,-0.01,-1,-1,-0.01,-1,-1,-0.01,-1,-1,-0.01,-1,-1,-0.01,-1,-1,-0.01,-1,-1,-0.01,-1,-1,-0.01,-1,-1,-0.01,-1,-1,-0.01,-1,-1
99926009,2026-05-18 15:03:32+05:30,53644.6,0,0.0,0,0.0,0.0,53282.15,53667.55,52783.45,53710.35,0,0.0,0.0,0.0,0.0,-0.01,-1,-1,-0.01,-1,-1,-0.01,-1,-1,-0.01,-1,-1,-0.01,-1,-1,-0.01,-1,-1,-0.01,-1,-1,-0.01,-1,-1,-0.01,-1,-1,-0.01,-1,-1
99926009,2026-05-18 15:03:32+05:30,53642.85,0,0.0,0,0.0,0.0,53282.15,53667.55,52783.45,53710.35,0,0.0,0.0,0.0,0.0,-0.01,-1,-1,-0.01,-1,-1,-0.01,-1,-1,-0.01,-1,-1,-0.01,-1,-1,-0.01,-1,-1,-0.01,-1,-1,-0.01,-1,-1,-0.01,-1,-1,-0.01,-1,-1
99926009,2026-05-18 15:03:32+05:30,53638.95,0,0.0,0,0.0,0.0,53282.15,53667.55,52783.45,53710.35,0,0.0,0.0,0.0,0.0,-0.01,-1,-1,-0.01,-1,-1,-0.01,-1,-1,-0.01,-1,-1,-0.01,-1,-1,-0.01,-1,-1,-0.01,-1,-1,-0.01,-1,-1,-0.01,-1,-1,-0.01,-1,-1
99926009,2026-05-18 15:03:33+05:30,53638.95,0,0.0,0,0.0,0.0,53282.15,53667.55,52783.45,53710.35,0,0.0,0.0,0.0,0.0,-0.01,-1,-1,-0.01,-1,-1,-0.01,-1,-1,-0.01,-1,-1,-0.01,-1,-1,-0.01,-1,-1,-0.01,-1,-1,-0.01,-1,-1,-0.01,-1,-1,-0.01,-1,-1
99926009,2026-05-18 15:03:33+05:30,53640.35,0,0.0,0,0.0,0.0,53282.15,53667.55,52783.45,53710.35,0,0.0,0.0,0.0,0.0,-0.01,-1,-1,-0.01,-1,-1,-0.01,-1,-1,-0.01,-1,-1,-0.01,-1,-1,-0.01,-1,-1,-0.01,-1,-1,-0.01,-1,-1,-0.01,-1,-1,-0.01,-1,-1
99926009,2026-05-18 15:03:33+05:30,53638.2,0,0.0,0,0.0,0.0,53282.15,53667.55,52783.45,53710.35,0,0.0,0.0,0.0,0.0,-0.01,-1,-1,-0.01,-1,-1,-0.01,-1,-1,-0.01,-1,-1,-0.01,-1,-1,-0.01,-1,-1,-0.01,-1,-1,-0.01,-1,-1,-0.01,-1,-1,-0.01,-1,-1
99926009,2026-05-18 15:03:34+05:30,53638.2,0,0.0,0,0.0,0.0,53282.15,53667.55,52783.45,53710.35,0,0.0,0.0,0.0,0.0,-0.01,-1,-1,-0.01,-1,-1,-0.01,-1,-1,-0.01,-1,-1,-0.01,-1,-1,-0.01,-1,-1,-0.01,-1,-1,-0.01,-1,-1,-0.01,-1,-1,-0.01,-1,-1
99926009,2026-05-18 15:03:34+05:30,53637.2,0,0.0,0,0.0,0.0,53282.15,53667.55,52783.45,53710.35,0,0.0,0.0,0.0,0.0,-0.01,-1,-1,-0.01,-1,-1,-0.01,-1,-1,-0.01,-1,-1,-0.01,-1,-1,-0.01,-1,-1,-0.01,-1,-1,-0.01,-1,-1,-0.01,-1,-1,-0.01,-1,-1
99926009,2026-05-18 15:03:34+05:30,53638.95,0,0.0,0,0.0,0.0,53282.15,53667.55,52783.45,53710.35,0,0.0,0.0,0.0,0.0,-0.01,-1,-1,-0.01,-1,-1,-0.01,-1,-1,-0.01,-1,-1,-0.01,-1,-1,-0.01,-1,-1,-0.01,-1,-1,-0.01,-1,-1,-0.01,-1,-1,-0.01,-1,-1
99926009,2026-05-18 15:03:35+05:30,53638.95,0,0.0,0,0.0,0.0,53282.15,53667.55,52783.45,53710.35,0,0.0,0.0,0.0,0.0,-0.01,-1,-1,-0.01,-1,-1,-0.01,-1,-1,-0.01,-1,-1,-0.01,-1,-1,-0.01,-1,-1,-0.01,-1,-1,-0.01,-1,-1,-0.01,-1,-1,-0.01,-1,-1
99926009,2026-05-18 15:03:35+05:30,53635.3,0,0.0,0,0.0,0.0,53282.15,53667.55,52783.45,53710.35,0,0.0,0.0,0.0,0.0,-0.01,-1,-1,-0.01,-1,-1,-0.01,-1,-1,-0.01,-1,-1,-0.01,-1,-1,-0.01,-1,-1,-0.01,-1,-1,-0.01,-1,-1,-0.01,-1,-1,-0.01,-1,-1
99926009,2026-05-18 15:03:35+05:30,53634.4,0,0.0,0,0.0,0.0,53282.15,53667.55,52783.45,53710.35,0,0.0,0.0,0.0,0.0,-0.01,-1,-1,-0.01,-1,-1,-0.01,-1,-1,-0.01,-1,-1,-0.01,-1,-1,-0.01,-1,-1,-0.01,-1,-1,-0.01,-1,-1,-0.01,-1,-1,-0.01,-1,-1
99926009,2026-05-18 15:03:36+05:30,53634.4,0,0.0,0,0.0,0.0,53282.15,53667.55,52783.45,53710.35,0,0.0,0.0,0.0,0.0,-0.01,-1,-1,-0.01,-1,-1,-0.01,-1,-1,-0.01,-1,-1,-0.01,-1,-1,-0.01,-1,-1,-0.01,-1,-1,-0.01,-1,-1,-0.01,-1,-1,-0.01,-1,-1
99926009,2026-05-18 15:03:36+05:30,53633.65,0,0.0,0,0.0,0.0,53282.15,53667.55,52783.45,53710.35,0,0.0,0.0,0.0,0.0,-0.01,-1,-1,-0.01,-1,-1,-0.01,-1,-1,-0.01,-1,-1,-0.01,-1,-1,-0.01,-1,-1,-0.01,-1,-1,-0.01,-1,-1,-0.01,-1,-1,-0.01,-1,-1
99926009,2026-05-18 15:03:36+05:30,53632.2,0,0.0,0,0.0,0.0,53282.15,53667.55,52783.45,53710.35,0,0.0,0.0,0.0,0.0,-0.01,-1,-1,-0.01,-1,-1,-0.01,-1,-1,-0.01,-1,-1,-0.01,-1,-1,-0.01,-1,-1,-0.01,-1,-1,-0.01,-1,-1,-0.01,-1,-1,-0.01,-1,-1
99926009,2026-05-18 15:03:37+05:30,53632.2,0,0.0,0,0.0,0.0,53282.15,53667.55,52783.45,53710.35,0,0.0,0.0,0.0,0.0,-0.01,-1,-1,-0.01,-1,-1,-0.01,-1,-1,-0.01,-1,-1,-0.01,-1,-1,-0.01,-1,-1,-0.01,-1,-1,-0.01,-1,-1,-0.01,-1,-1,-0.01,-1,-1
99926009,2026-05-18 15:03:37+05:30,53635.7,0,0.0,0,0.0,0.0,53282.15,53667.55,52783.45,53710.35,0,0.0,0.0,0.0,0.0,-0.01,-1,-1,-0.01,-1,-1,-0.01,-1,-1,-0.01,-1,-1,-0.01,-1,-1,-0.01,-1,-1,-0.01,-1,-1,-0.01,-1,-1,-0.01,-1,-1,-0.01,-1,-1
99926009,2026-05-18 15:03:37+05:30,53634.8,0,0.0,0,0.0,0.0,53282.15,53667.55,52783.45,53710.35,0,0.0,0.0,0.0,0.0,-0.01,-1,-1,-0.01,-1,-1,-0.01,-1,-1,-0.01,-1,-1,-0.01,-1,-1,-0.01,-1,-1,-0.01,-1,-1,-0.01,-1,-1,-0.01,-1,-1,-0.01,-1,-1
99926009,2026-05-18 15:03:38+05:30,53634.8,0,0.0,0,0.0,0.0,53282.15,53667.55,52783.45,53710.35,0,0.0,0.0,0.0,0.0,-0.01,-1,-1,-0.01,-1,-1,-0.01,-1,-1,-0.01,-1,-1,-0.01,-1,-1,-0.01,-1,-1,-0.01,-1,-1,-0.01,-1,-1,-0.01,-1,-1,-0.01,-1,-1
99926009,2026-05-18 15:03:38+05:30,53632.7,0,0.0,0,0.0,0.0,53282.15,53667.55,52783.45,53710.35,0,0.0,0.0,0.0,0.0,-0.01,-1,-1,-0.01,-1,-1,-0.01,-1,-1,-0.01,-1,-1,-0.01,-1,-1,-0.01,-1,-1,-0.01,-1,-1,-0.01,-1,-1,-0.01,-1,-1,-0.01,-1,-1
99926009,2026-05-18 15:03:38+05:30,53635.65,0,0.0,0,0.0,0.0,53282.15,53667.55,52783.45,53710.35,0,0.0,0.0,0.0,0.0,-0.01,-1,-1,-0.01,-1,-1,-0.01,-1,-1,-0.01,-1,-1,-0.01,-1,-1,-0.01,-1,-1,-0.01,-1,-1,-0.01,-1,-1,-0.01,-1,-1,-0.01,-1,-1
99926009,2026-05-18 15:03:39+05:30,53635.65,0,0.0,0,0.0,0.0,53282.15,53667.55,52783.45,53710.35,0,0.0,0.0,0.0,0.0,-0.01,-1,-1,-0.01,-1,-1,-0.01,-1,-1,-0.01,-1,-1,-0.01,-1,-1,-0.01,-1,-1,-0.01,-1,-1,-0.01,-1,-1,-0.01,-1,-1,-0.01,-1,-1
99926009,2026-05-18 15:03:39+05:30,53636.45,0,0.0,0,0.0,0.0,53282.15,53667.55,52783.45,53710.35,0,0.0,0.0,0.0,0.0,-0.01,-1,-1,-0.01,-1,-1,-0.01,-1,-1,-0.01,-1,-1,-0.01,-1,-1,-0.01,-1,-1,-0.01,-1,-1,-0.01,-1,-1,-0.01,-1,-1,-0.01,-1,-1
99926009,2026-05-18 15:03:39+05:30,53635.95,0,0.0,0,0.0,0.0,53282.15,53667.55,52783.45,53710.35,0,0.0,0.0,0.0,0.0,-0.01,-1,-1,-0.01,-1,-1,-0.01,-1,-1,-0.01,-1,-1,-0.01,-1,-1,-0.01,-1,-1,-0.01,-1,-1,-0.01,-1,-1,-0.01,-1,-1,-0.01,-1,-1
99926009,2026-05-18 15:03:40+05:30,53635.95,0,0.0,0,0.0,0.0,53282.15,53667.55,52783.45,53710.35,0,0.0,0.0,0.0,0.0,-0.01,-1,-1,-0.01,-1,-1,-0.01,-1,-1,-0.01,-1,-1,-0.01,-1,-1,-0.01,-1,-1,-0.01,-1,-1,-0.01,-1,-1,-0.01,-1,-1,-0.01,-1,-1
99926009,2026-05-18 15:03:40+05:30,53636.4,0,0.0,0,0.0,0.0,53282.15,53667.55,52783.45,53710.35,0,0.0,0.0,0.0,0.0,-0.01,-1,-1,-0.01,-1,-1,-0.01,-1,-1,-0.01,-1,-1,-0.01,-1,-1,-0.01,-1,-1,-0.01,-1,-1,-0.01,-1,-1,-0.01,-1,-1,-0.01,-1,-1
99926009,2026-05-18 15:03:40+05:30,53639.55,0,0.0,0,0.0,0.0,53282.15,53667.55,52783.45,53710.35,0,0.0,0.0,0.0,0.0,-0.01,-1,-1,-0.01,-1,-1,-0.01,-1,-1,-0.01,-1,-1,-0.01,-1,-1,-0.01,-1,-1,-0.01,-1,-1,-0.01,-1,-1,-0.01,-1,-1,-0.01,-1,-1
99926009,2026-05-18 15:03:41+05:30,53639.55,0,0.0,0,0.0,0.0,53282.15,53667.55,52783.45,53710.35,0,0.0,0.0,0.0,0.0,-0.01,-1,-1,-0.01,-1,-1,-0.01,-1,-1,-0.01,-1,-1,-0.01,-1,-1,-0.01,-1,-1,-0.01,-1,-1,-0.01,-1,-1,-0.01,-1,-1,-0.01,-1,-1
99926009,2026-05-18 15:03:41+05:30,53637.65,0,0.0,0,0.0,0.0,53282.15,53667.55,52783.45,53710.35,0,0.0,0.0,0.0,0.0,-0.01,-1,-1,-0.01,-1,-1,-0.01,-1,-1,-0.01,-1,-1,-0.01,-1,-1,-0.01,-1,-1,-0.01,-1,-1,-0.01,-1,-1,-0.01,-1,-1,-0.01,-1,-1
99926009,2026-05-18 15:03:41+05:30,53635.35,0,0.0,0,0.0,0.0,53282.15,53667.55,52783.45,53710.35,0,0.0,0.0,0.0,0.0,-0.01,-1,-1,-0.01,-1,-1,-0.01,-1,-1,-0.01,-1,-1,-0.01,-1,-1,-0.01,-1,-1,-0.01,-1,-1,-0.01,-1,-1,-0.01,-1,-1,-0.01,-1,-1
99926009,2026-05-18 15:03:42+05:30,53635.35,0,0.0,0,0.0,0.0,53282.15,53667.55,52783.45,53710.35,0,0.0,0.0,0.0,0.0,-0.01,-1,-1,-0.01,-1,-1,-0.01,-1,-1,-0.01,-1,-1,-0.01,-1,-1,-0.01,-1,-1,-0.01,-1,-1,-0.01,-1,-1,-0.01,-1,-1,-0.01,-1,-1
99926009,2026-05-18 15:03:42+05:30,53636.05,0,0.0,0,0.0,0.0,53282.15,53667.55,52783.45,53710.35,0,0.0,0.0,0.0,0.0,-0.01,-1,-1,-0.01,-1,-1,-0.01,-1,-1,-0.01,-1,-1,-0.01,-1,-1,-0.01,-1,-1,-0.01,-1,-1,-0.01,-1,-1,-0.01,-1,-1,-0.01,-1,-1
99926009,2026-05-18 15:03:42+05:30,53636.85,0,0.0,0,0.0,0.0,53282.15,53667.55,52783.45,53710.35,0,0.0,0.0,0.0,0.0,-0.01,-1,-1,-0.01,-1,-1,-0.01,-1,-1,-0.01,-1,-1,-0.01,-1,-1,-0.01,-1,-1,-0.01,-1,-1,-0.01,-1,-1,-0.01,-1,-1,-0.01,-1,-1
99926009,2026-05-18 15:03:43+05:30,53636.85,0,0.0,0,0.0,0.0,53282.15,53667.55,52783.45,53710.35,0,0.0,0.0,0.0,0.0,-0.01,-1,-1,-0.01,-1,-1,-0.01,-1,-1,-0.01,-1,-1,-0.01,-1,-1,-0.01,-1,-1,-0.01,-1,-1,-0.01,-1,-1,-0.01,-1,-1,-0.01,-1,-1
99926009,2026-05-18 15:03:43+05:30,53639.4,0,0.0,0,0.0,0.0,53282.15,53667.55,52783.45,53710.35,0,0.0,0.0,0.0,0.0,-0.01,-1,-1,-0.01,-1,-1,-0.01,-1,-1,-0.01,-1,-1,-0.01,-1,-1,-0.01,-1,-1,-0.01,-1,-1,-0.01,-1,-1,-0.01,-1,-1,-0.01,-1,-1
99926009,2026-05-18 15:03:43+05:30,53636.7,0,0.0,0,0.0,0.0,53282.15,53667.55,52783.45,53710.35,0,0.0,0.0,0.0,0.0,-0.01,-1,-1,-0.01,-1,-1,-0.01,-1,-1,-0.01,-1,-1,-0.01,-1,-1,-0.01,-1,-1,-0.01,-1,-1,-0.01,-1,-1,-0.01,-1,-1,-0.01,-1,-1
99926009,2026-05-18 15:03:44+05:30,53636.7,0,0.0,0,0.0,0.0,53282.15,53667.55,52783.45,53710.35,0,0.0,0.0,0.0,0.0,-0.01,-1,-1,-0.01,-1,-1,-0.01,-1,-1,-0.01,-1,-1,-0.01,-1,-1,-0.01,-1,-1,-0.01,-1,-1,-0.01,-1,-1,-0.01,-1,-1,-0.01,-1,-1
99926009,2026-05-18 15:03:44+05:30,53632.5,0,0.0,0,0.0,0.0,53282.15,53667.55,52783.45,53710.35,0,0.0,0.0,0.0,0.0,-0.01,-1,-1,-0.01,-1,-1,-0.01,-1,-1,-0.01,-1,-1,-0.01,-1,-1,-0.01,-1,-1,-0.01,-1,-1,-0.01,-1,-1,-0.01,-1,-1,-0.01,-1,-1
99926009,2026-05-18 15:03:44+05:30,53632.65,0,0.0,0,0.0,0.0,53282.15,53667.55,52783.45,53710.35,0,0.0,0.0,0.0,0.0,-0.01,-1,-1,-0.01,-1,-1,-0.01,-1,-1,-0.01,-1,-1,-0.01,-1,-1,-0.01,-1,-1,-0.01,-1,-1,-0.01,-1,-1,-0.01,-1,-1,-0.01,-1,-1
99926009,2026-05-18 15:03:45+05:30,53632.65,0,0.0,0,0.0,0.0,53282.15,53667.55,52783.45,53710.35,0,0.0,0.0,0.0,0.0,-0.01,-1,-1,-0.01,-1,-1,-0.01,-1,-1,-0.01,-1,-1,-0.01,-1,-1,-0.01,-1,-1,-0.01,-1,-1,-0.01,-1,-1,-0.01,-1,-1,-0.01,-1,-1
99926009,2026-05-18 15:03:45+05:30,53633.35,0,0.0,0,0.0,0.0,53282.15,53667.55,52783.45,53710.35,0,0.0,0.0,0.0,0.0,-0.01,-1,-1,-0.01,-1,-1,-0.01,-1,-1,-0.01,-1,-1,-0.01,-1,-1,-0.01,-1,-1,-0.01,-1,-1,-0.01,-1,-1,-0.01,-1,-1,-0.01,-1,-1
99926009,2026-05-18 15:03:45+05:30,53638.15,0,0.0,0,0.0,0.0,53282.15,53667.55,52783.45,53710.35,0,0.0,0.0,0.0,0.0,-0.01,-1,-1,-0.01,-1,-1,-0.01,-1,-1,-0.01,-1,-1,-0.01,-1,-1,-0.01,-1,-1,-0.01,-1,-1,-0.01,-1,-1,-0.01,-1,-1,-0.01,-1,-1
99926009,2026-05-18 15:03:46+05:30,53638.15,0,0.0,0,0.0,0.0,53282.15,53667.55,52783.45,53710.35,0,0.0,0.0,0.0,0.0,-0.01,-1,-1,-0.01,-1,-1,-0.01,-1,-1,-0.01,-1,-1,-0.01,-1,-1,-0.01,-1,-1,-0.01,-1,-1,-0.01,-1,-1,-0.01,-1,-1,-0.01,-1,-1
99926009,2026-05-18 15:03:46+05:30,53635.75,0,0.0,0,0.0,0.0,53282.15,53667.55,52783.45,53710.35,0,0.0,0.0,0.0,0.0,-0.01,-1,-1,-0.01,-1,-1,-0.01,-1,-1,-0.01,-1,-1,-0.01,-1,-1,-0.01,-1,-1,-0.01,-1,-1,-0.01,-1,-1,-0.01,-1,-1,-0.01,-1,-1
99926009,2026-05-18 15:03:46+05:30,53636.05,0,0.0,0,0.0,0.0,53282.15,53667.55,52783.45,53710.35,0,0.0,0.0,0.0,0.0,-0.01,-1,-1,-0.01,-1,-1,-0.01,-1,-1,-0.01,-1,-1,-0.01,-1,-1,-0.01,-1,-1,-0.01,-1,-1,-0.01,-1,-1,-0.01,-1,-1,-0.01,-1,-1
99926009,2026-05-18 15:03:47+05:30,53636.05,0,0.0,0,0.0,0.0,53282.15,53667.55,52783.45,53710.35,0,0.0,0.0,0.0,0.0,-0.01,-1,-1,-0.01,-1,-1,-0.01,-1,-1,-0.01,-1,-1,-0.01,-1,-1,-0.01,-1,-1,-0.01,-1,-1,-0.01,-1,-1,-0.01,-1,-1,-0.01,-1,-1
99926009,2026-05-18 15:03:47+05:30,53632.0,0,0.0,0,0.0,0.0,53282.15,53667.55,52783.45,53710.35,0,0.0,0.0,0.0,0.0,-0.01,-1,-1,-0.01,-1,-1,-0.01,-1,-1,-0.01,-1,-1,-0.01,-1,-1,-0.01,-1,-1,-0.01,-1,-1,-0.01,-1,-1,-0.01,-1,-1,-0.01,-1,-1
99926009,2026-05-18 15:03:47+05:30,53631.4,0,0.0,0,0.0,0.0,53282.15,53667.55,52783.45,53710.35,0,0.0,0.0,0.0,0.0,-0.01,-1,-1,-0.01,-1,-1,-0.01,-1,-1,-0.01,-1,-1,-0.01,-1,-1,-0.01,-1,-1,-0.01,-1,-1,-0.01,-1,-1,-0.01,-1,-1,-0.01,-1,-1
99926009,2026-05-18 15:03:48+05:30,53631.4,0,0.0,0,0.0,0.0,53282.15,53667.55,52783.45,53710.35,0,0.0,0.0,0.0,0.0,-0.01,-1,-1,-0.01,-1,-1,-0.01,-1,-1,-0.01,-1,-1,-0.01,-1,-1,-0.01,-1,-1,-0.01,-1,-1,-0.01,-1,-1,-0.01,-1,-1,-0.01,-1,-1
99926009,2026-05-18 15:03:48+05:30,53633.05,0,0.0,0,0.0,0.0,53282.15,53667.55,52783.45,53710.35,0,0.0,0.0,0.0,0.0,-0.01,-1,-1,-0.01,-1,-1,-0.01,-1,-1,-0.01,-1,-1,-0.01,-1,-1,-0.01,-1,-1,-0.01,-1,-1,-0.01,-1,-1,-0.01,-1,-1,-0.01,-1,-1
99926009,2026-05-18 15:03:48+05:30,53636.55,0,0.0,0,0.0,0.0,53282.15,53667.55,52783.45,53710.35,0,0.0,0.0,0.0,0.0,-0.01,-1,-1,-0.01,-1,-1,-0.01,-1,-1,-0.01,-1,-1,-0.01,-1,-1,-0.01,-1,-1,-0.01,-1,-1,-0.01,-1,-1,-0.01,-1,-1,-0.01,-1,-1
99926009,2026-05-18 15:03:49+05:30,53636.55,0,0.0,0,0.0,0.0,53282.15,53667.55,52783.45,53710.35,0,0.0,0.0,0.0,0.0,-0.01,-1,-1,-0.01,-1,-1,-0.01,-1,-1,-0.01,-1,-1,-0.01,-1,-1,-0.01,-1,-1,-0.01,-1,-1,-0.01,-1,-1,-0.01,-1,-1,-0.01,-1,-1
99926009,2026-05-18 15:03:49+05:30,53637.05,0,0.0,0,0.0,0.0,53282.15,53667.55,52783.45,53710.35,0,0.0,0.0,0.0,0.0,-0.01,-1,-1,-0.01,-1,-1,-0.01,-1,-1,-0.01,-1,-1,-0.01,-1,-1,-0.01,-1,-1,-0.01,-1,-1,-0.01,-1,-1,-0.01,-1,-1,-0.01,-1,-1
99926009,2026-05-18 15:03:49+05:30,53633.75,0,0.0,0,0.0,0.0,53282.15,53667.55,52783.45,53710.35,0,0.0,0.0,0.0,0.0,-0.01,-1,-1,-0.01,-1,-1,-0.01,-1,-1,-0.01,-1,-1,-0.01,-1,-1,-0.01,-1,-1,-0.01,-1,-1,-0.01,-1,-1,-0.01,-1,-1,-0.01,-1,-1
99926009,2026-05-18 15:03:50+05:30,53633.75,0,0.0,0,0.0,0.0,53282.15,53667.55,52783.45,53710.35,0,0.0,0.0,0.0,0.0,-0.01,-1,-1,-0.01,-1,-1,-0.01,-1,-1,-0.01,-1,-1,-0.01,-1,-1,-0.01,-1,-1,-0.01,-1,-1,-0.01,-1,-1,-0.01,-1,-1,-0.01,-1,-1
99926009,2026-05-18 15:03:50+05:30,53635.3,0,0.0,0,0.0,0.0,53282.15,53667.55,52783.45,53710.35,0,0.0,0.0,0.0,0.0,-0.01,-1,-1,-0.01,-1,-1,-0.01,-1,-1,-0.01,-1,-1,-0.01,-1,-1,-0.01,-1,-1,-0.01,-1,-1,-0.01,-1,-1,-0.01,-1,-1,-0.01,-1,-1
99926009,2026-05-18 15:03:50+05:30,53635.25,0,0.0,0,0.0,0.0,53282.15,53667.55,52783.45,53710.35,0,0.0,0.0,0.0,0.0,-0.01,-1,-1,-0.01,-1,-1,-0.01,-1,-1,-0.01,-1,-1,-0.01,-1,-1,-0.01,-1,-1,-0.01,-1,-1,-0.01,-1,-1,-0.01,-1,-1,-0.01,-1,-1
99926009,2026-05-18 15:03:51+05:30,53635.25,0,0.0,0,0.0,0.0,53282.15,53667.55,52783.45,53710.35,0,0.0,0.0,0.0,0.0,-0.01,-1,-1,-0.01,-1,-1,-0.01,-1,-1,-0.01,-1,-1,-0.01,-1,-1,-0.01,-1,-1,-0.01,-1,-1,-0.01,-1,-1,-0.01,-1,-1,-0.01,-1,-1
99926009,2026-05-18 15:03:51+05:30,53634.8,0,0.0,0,0.0,0.0,53282.15,53667.55,52783.45,53710.35,0,0.0,0.0,0.0,0.0,-0.01,-1,-1,-0.01,-1,-1,-0.01,-1,-1,-0.01,-1,-1,-0.01,-1,-1,-0.01,-1,-1,-0.01,-1,-1,-0.01,-1,-1,-0.01,-1,-1,-0.01,-1,-1
99926009,2026-05-18 15:03:51+05:30,53639.05,0,0.0,0,0.0,0.0,53282.15,53667.55,52783.45,53710.35,0,0.0,0.0,0.0,0.0,-0.01,-1,-1,-0.01,-1,-1,-0.01,-1,-1,-0.01,-1,-1,-0.01,-1,-1,-0.01,-1,-1,-0.01,-1,-1,-0.01,-1,-1,-0.01,-1,-1,-0.01,-1,-1
99926009,2026-05-18 15:03:52+05:30,53639.05,0,0.0,0,0.0,0.0,53282.15,53667.55,52783.45,53710.35,0,0.0,0.0,0.0,0.0,-0.01,-1,-1,-0.01,-1,-1,-0.01,-1,-1,-0.01,-1,-1,-0.01,-1,-1,-0.01,-1,-1,-0.01,-1,-1,-0.01,-1,-1,-0.01,-1,-1,-0.01,-1,-1
99926009,2026-05-18 15:03:52+05:30,53638.95,0,0.0,0,0.0,0.0,53282.15,53667.55,52783.45,53710.35,0,0.0,0.0,0.0,0.0,-0.01,-1,-1,-0.01,-1,-1,-0.01,-1,-1,-0.01,-1,-1,-0.01,-1,-1,-0.01,-1,-1,-0.01,-1,-1,-0.01,-1,-1,-0.01,-1,-1,-0.01,-1,-1
99926009,2026-05-18 15:03:52+05:30,53640.85,0,0.0,0,0.0,0.0,53282.15,53667.55,52783.45,53710.35,0,0.0,0.0,0.0,0.0,-0.01,-1,-1,-0.01,-1,-1,-0.01,-1,-1,-0.01,-1,-1,-0.01,-1,-1,-0.01,-1,-1,-0.01,-1,-1,-0.01,-1,-1,-0.01,-1,-1,-0.01,-1,-1
99926009,2026-05-18 15:03:53+05:30,53640.85,0,0.0,0,0.0,0.0,53282.15,53667.55,52783.45,53710.35,0,0.0,0.0,0.0,0.0,-0.01,-1,-1,-0.01,-1,-1,-0.01,-1,-1,-0.01,-1,-1,-0.01,-1,-1,-0.01,-1,-1,-0.01,-1,-1,-0.01,-1,-1,-0.01,-1,-1,-0.01,-1,-1
99926009,2026-05-18 15:03:53+05:30,53641.15,0,0.0,0,0.0,0.0,53282.15,53667.55,52783.45,53710.35,0,0.0,0.0,0.0,0.0,-0.01,-1,-1,-0.01,-1,-1,-0.01,-1,-1,-0.01,-1,-1,-0.01,-1,-1,-0.01,-1,-1,-0.01,-1,-1,-0.01,-1,-1,-0.01,-1,-1,-0.01,-1,-1
99926009,2026-05-18 15:03:53+05:30,53641.05,0,0.0,0,0.0,0.0,53282.15,53667.55,52783.45,53710.35,0,0.0,0.0,0.0,0.0,-0.01,-1,-1,-0.01,-1,-1,-0.01,-1,-1,-0.01,-1,-1,-0.01,-1,-1,-0.01,-1,-1,-0.01,-1,-1,-0.01,-1,-1,-0.01,-1,-1,-0.01,-1,-1
99926009,2026-05-18 15:03:54+05:30,53641.05,0,0.0,0,0.0,0.0,53282.15,53667.55,52783.45,53710.35,0,0.0,0.0,0.0,0.0,-0.01,-1,-1,-0.01,-1,-1,-0.01,-1,-1,-0.01,-1,-1,-0.01,-1,-1,-0.01,-1,-1,-0.01,-1,-1,-0.01,-1,-1,-0.01,-1,-1,-0.01,-1,-1
99926009,2026-05-18 15:03:54+05:30,53644.3,0,0.0,0,0.0,0.0,53282.15,53667.55,52783.45,53710.35,0,0.0,0.0,0.0,0.0,-0.01,-1,-1,-0.01,-1,-1,-0.01,-1,-1,-0.01,-1,-1,-0.01,-1,-1,-0.01,-1,-1,-0.01,-1,-1,-0.01,-1,-1,-0.01,-1,-1,-0.01,-1,-1
99926009,2026-05-18 15:03:54+05:30,53643.2,0,0.0,0,0.0,0.0,53282.15,53667.55,52783.45,53710.35,0,0.0,0.0,0.0,0.0,-0.01,-1,-1,-0.01,-1,-1,-0.01,-1,-1,-0.01,-1,-1,-0.01,-1,-1,-0.01,-1,-1,-0.01,-1,-1,-0.01,-1,-1,-0.01,-1,-1,-0.01,-1,-1
99926009,2026-05-18 15:03:55+05:30,53643.2,0,0.0,0,0.0,0.0,53282.15,53667.55,52783.45,53710.35,0,0.0,0.0,0.0,0.0,-0.01,-1,-1,-0.01,-1,-1,-0.01,-1,-1,-0.01,-1,-1,-0.01,-1,-1,-0.01,-1,-1,-0.01,-1,-1,-0.01,-1,-1,-0.01,-1,-1,-0.01,-1,-1
99926009,2026-05-18 15:03:55+05:30,53643.35,0,0.0,0,0.0,0.0,53282.15,53667.55,52783.45,53710.35,0,0.0,0.0,0.0,0.0,-0.01,-1,-1,-0.01,-1,-1,-0.01,-1,-1,-0.01,-1,-1,-0.01,-1,-1,-0.01,-1,-1,-0.01,-1,-1,-0.01,-1,-1,-0.01,-1,-1,-0.01,-1,-1
99926009,2026-05-18 15:03:55+05:30,53646.7,0,0.0,0,0.0,0.0,53282.15,53667.55,52783.45,53710.35,0,0.0,0.0,0.0,0.0,-0.01,-1,-1,-0.01,-1,-1,-0.01,-1,-1,-0.01,-1,-1,-0.01,-1,-1,-0.01,-1,-1,-0.01,-1,-1,-0.01,-1,-1,-0.01,-1,-1,-0.01,-1,-1
99926009,2026-05-18 15:03:56+05:30,53646.7,0,0.0,0,0.0,0.0,53282.15,53667.55,52783.45,53710.35,0,0.0,0.0,0.0,0.0,-0.01,-1,-1,-0.01,-1,-1,-0.01,-1,-1,-0.01,-1,-1,-0.01,-1,-1,-0.01,-1,-1,-0.01,-1,-1,-0.01,-1,-1,-0.01,-1,-1,-0.01,-1,-1
99926009,2026-05-18 15:03:56+05:30,53643.45,0,0.0,0,0.0,0.0,53282.15,53667.55,52783.45,53710.35,0,0.0,0.0,0.0,0.0,-0.01,-1,-1,-0.01,-1,-1,-0.01,-1,-1,-0.01,-1,-1,-0.01,-1,-1,-0.01,-1,-1,-0.01,-1,-1,-0.01,-1,-1,-0.01,-1,-1,-0.01,-1,-1
99926009,2026-05-18 15:03:56+05:30,53642.5,0,0.0,0,0.0,0.0,53282.15,53667.55,52783.45,53710.35,0,0.0,0.0,0.0,0.0,-0.01,-1,-1,-0.01,-1,-1,-0.01,-1,-1,-0.01,-1,-1,-0.01,-1,-1,-0.01,-1,-1,-0.01,-1,-1,-0.01,-1,-1,-0.01,-1,-1,-0.01,-1,-1
99926009,2026-05-18 15:03:57+05:30,53642.5,0,0.0,0,0.0,0.0,53282.15,53667.55,52783.45,53710.35,0,0.0,0.0,0.0,0.0,-0.01,-1,-1,-0.01,-1,-1,-0.01,-1,-1,-0.01,-1,-1,-0.01,-1,-1,-0.01,-1,-1,-0.01,-1,-1,-0.01,-1,-1,-0.01,-1,-1,-0.01,-1,-1
99926009,2026-05-18 15:03:57+05:30,53637.25,0,0.0,0,0.0,0.0,53282.15,53667.55,52783.45,53710.35,0,0.0,0.0,0.0,0.0,-0.01,-1,-1,-0.01,-1,-1,-0.01,-1,-1,-0.01,-1,-1,-0.01,-1,-1,-0.01,-1,-1,-0.01,-1,-1,-0.01,-1,-1,-0.01,-1,-1,-0.01,-1,-1
99926009,2026-05-18 15:03:57+05:30,53642.65,0,0.0,0,0.0,0.0,53282.15,53667.55,52783.45,53710.35,0,0.0,0.0,0.0,0.0,-0.01,-1,-1,-0.01,-1,-1,-0.01,-1,-1,-0.01,-1,-1,-0.01,-1,-1,-0.01,-1,-1,-0.01,-1,-1,-0.01,-1,-1,-0.01,-1,-1,-0.01,-1,-1
99926009,2026-05-18 15:03:58+05:30,53642.65,0,0.0,0,0.0,0.0,53282.15,53667.55,52783.45,53710.35,0,0.0,0.0,0.0,0.0,-0.01,-1,-1,-0.01,-1,-1,-0.01,-1,-1,-0.01,-1,-1,-0.01,-1,-1,-0.01,-1,-1,-0.01,-1,-1,-0.01,-1,-1,-0.01,-1,-1,-0.01,-1,-1
99926009,2026-05-18 15:03:58+05:30,53642.95,0,0.0,0,0.0,0.0,53282.15,53667.55,52783.45,53710.35,0,0.0,0.0,0.0,0.0,-0.01,-1,-1,-0.01,-1,-1,-0.01,-1,-1,-0.01,-1,-1,-0.01,-1,-1,-0.01,-1,-1,-0.01,-1,-1,-0.01,-1,-1,-0.01,-1,-1,-0.01,-1,-1
99926009,2026-05-18 15:03:58+05:30,53643.25,0,0.0,0,0.0,0.0,53282.15,53667.55,52783.45,53710.35,0,0.0,0.0,0.0,0.0,-0.01,-1,-1,-0.01,-1,-1,-0.01,-1,-1,-0.01,-1,-1,-0.01,-1,-1,-0.01,-1,-1,-0.01,-1,-1,-0.01,-1,-1,-0.01,-1,-1,-0.01,-1,-1
99926009,2026-05-18 15:03:59+05:30,53643.25,0,0.0,0,0.0,0.0,53282.15,53667.55,52783.45,53710.35,0,0.0,0.0,0.0,0.0,-0.01,-1,-1,-0.01,-1,-1,-0.01,-1,-1,-0.01,-1,-1,-0.01,-1,-1,-0.01,-1,-1,-0.01,-1,-1,-0.01,-1,-1,-0.01,-1,-1,-0.01,-1,-1
99926009,2026-05-18 15:03:59+05:30,53643.3,0,0.0,0,0.0,0.0,53282.15,53667.55,52783.45,53710.35,0,0.0,0.0,0.0,0.0,-0.01,-1,-1,-0.01,-1,-1,-0.01,-1,-1,-0.01,-1,-1,-0.01,-1,-1,-0.01,-1,-1,-0.01,-1,-1,-0.01,-1,-1,-0.01,-1,-1,-0.01,-1,-1
99926009,2026-05-18 15:03:59+05:30,53643.05,0,0.0,0,0.0,0.0,53282.15,53667.55,52783.45,53710.35,0,0.0,0.0,0.0,0.0,-0.01,-1,-1,-0.01,-1,-1,-0.01,-1,-1,-0.01,-1,-1,-0.01,-1,-1,-0.01,-1,-1,-0.01,-1,-1,-0.01,-1,-1,-0.01,-1,-1,-0.01,-1,-1
99926009,2026-05-18 15:04:00+05:30,53643.05,0,0.0,0,0.0,0.0,53282.15,53667.55,52783.45,53710.35,0,0.0,0.0,0.0,0.0,-0.01,-1,-1,-0.01,-1,-1,-0.01,-1,-1,-0.01,-1,-1,-0.01,-1,-1,-0.01,-1,-1,-0.01,-1,-1,-0.01,-1,-1,-0.01,-1,-1,-0.01,-1,-1
99926009,2026-05-18 15:04:00+05:30,53643.1,0,0.0,0,0.0,0.0,53282.15,53667.55,52783.45,53710.35,0,0.0,0.0,0.0,0.0,-0.01,-1,-1,-0.01,-1,-1,-0.01,-1,-1,-0.01,-1,-1,-0.01,-1,-1,-0.01,-1,-1,-0.01,-1,-1,-0.01,-1,-1,-0.01,-1,-1,-0.01,-1,-1
99926009,2026-05-18 15:04:00+05:30,53643.25,0,0.0,0,0.0,0.0,53282.15,53667.55,52783.45,53710.35,0,0.0,0.0,0.0,0.0,-0.01,-1,-1,-0.01,-1,-1,-0.01,-1,-1,-0.01,-1,-1,-0.01,-1,-1,-0.01,-1,-1,-0.01,-1,-1,-0.01,-1,-1,-0.01,-1,-1,-0.01,-1,-1
99926009,2026-05-18 15:04:01+05:30,53643.25,0,0.0,0,0.0,0.0,53282.15,53667.55,52783.45,53710.35,0,0.0,0.0,0.0,0.0,-0.01,-1,-1,-0.01,-1,-1,-0.01,-1,-1,-0.01,-1,-1,-0.01,-1,-1,-0.01,-1,-1,-0.01,-1,-1,-0.01,-1,-1,-0.01,-1,-1,-0.01,-1,-1
99926009,2026-05-18 15:04:01+05:30,53645.0,0,0.0,0,0.0,0.0,53282.15,53667.55,52783.45,53710.35,0,0.0,0.0,0.0,0.0,-0.01,-1,-1,-0.01,-1,-1,-0.01,-1,-1,-0.01,-1,-1,-0.01,-1,-1,-0.01,-1,-1,-0.01,-1,-1,-0.01,-1,-1,-0.01,-1,-1,-0.01,-1,-1
99926009,2026-05-18 15:04:01+05:30,53649.0,0,0.0,0,0.0,0.0,53282.15,53667.55,52783.45,53710.35,0,0.0,0.0,0.0,0.0,-0.01,-1,-1,-0.01,-1,-1,-0.01,-1,-1,-0.01,-1,-1,-0.01,-1,-1,-0.01,-1,-1,-0.01,-1,-1,-0.01,-1,-1,-0.01,-1,-1,-0.01,-1,-1
99926009,2026-05-18 15:04:02+05:30,53649.0,0,0.0,0,0.0,0.0,53282.15,53667.55,52783.45,53710.35,0,0.0,0.0,0.0,0.0,-0.01,-1,-1,-0.01,-1,-1,-0.01,-1,-1,-0.01,-1,-1,-0.01,-1,-1,-0.01,-1,-1,-0.01,-1,-1,-0.01,-1,-1,-0.01,-1,-1,-0.01,-1,-1
99926009,2026-05-18 15:04:02+05:30,53647.35,0,0.0,0,0.0,0.0,53282.15,53667.55,52783.45,53710.35,0,0.0,0.0,0.0,0.0,-0.01,-1,-1,-0.01,-1,-1,-0.01,-1,-1,-0.01,-1,-1,-0.01,-1,-1,-0.01,-1,-1,-0.01,-1,-1,-0.01,-1,-1,-0.01,-1,-1,-0.01,-1,-1
99926009,2026-05-18 15:04:02+05:30,53652.05,0,0.0,0,0.0,0.0,53282.15,53667.55,52783.45,53710.35,0,0.0,0.0,0.0,0.0,-0.01,-1,-1,-0.01,-1,-1,-0.01,-1,-1,-0.01,-1,-1,-0.01,-1,-1,-0.01,-1,-1,-0.01,-1,-1,-0.01,-1,-1,-0.01,-1,-1,-0.01,-1,-1
99926009,2026-05-18 15:04:03+05:30,53652.05,0,0.0,0,0.0,0.0,53282.15,53667.55,52783.45,53710.35,0,0.0,0.0,0.0,0.0,-0.01,-1,-1,-0.01,-1,-1,-0.01,-1,-1,-0.01,-1,-1,-0.01,-1,-1,-0.01,-1,-1,-0.01,-1,-1,-0.01,-1,-1,-0.01,-1,-1,-0.01,-1,-1
99926009,2026-05-18 15:04:03+05:30,53654.35,0,0.0,0,0.0,0.0,53282.15,53667.55,52783.45,53710.35,0,0.0,0.0,0.0,0.0,-0.01,-1,-1,-0.01,-1,-1,-0.01,-1,-1,-0.01,-1,-1,-0.01,-1,-1,-0.01,-1,-1,-0.01,-1,-1,-0.01,-1,-1,-0.01,-1,-1,-0.01,-1,-1
99926009,2026-05-18 15:04:03+05:30,53652.05,0,0.0,0,0.0,0.0,53282.15,53667.55,52783.45,53710.35,0,0.0,0.0,0.0,0.0,-0.01,-1,-1,-0.01,-1,-1,-0.01,-1,-1,-0.01,-1,-1,-0.01,-1,-1,-0.01,-1,-1,-0.01,-1,-1,-0.01,-1,-1,-0.01,-1,-1,-0.01,-1,-1
99926009,2026-05-18 15:04:04+05:30,53652.05,0,0.0,0,0.0,0.0,53282.15,53667.55,52783.45,53710.35,0,0.0,0.0,0.0,0.0,-0.01,-1,-1,-0.01,-1,-1,-0.01,-1,-1,-0.01,-1,-1,-0.01,-1,-1,-0.01,-1,-1,-0.01,-1,-1,-0.01,-1,-1,-0.01,-1,-1,-0.01,-1,-1
99926009,2026-05-18 15:04:04+05:30,53653.05,0,0.0,0,0.0,0.0,53282.15,53667.55,52783.45,53710.35,0,0.0,0.0,0.0,0.0,-0.01,-1,-1,-0.01,-1,-1,-0.01,-1,-1,-0.01,-1,-1,-0.01,-1,-1,-0.01,-1,-1,-0.01,-1,-1,-0.01,-1,-1,-0.01,-1,-1,-0.01,-1,-1
99926009,2026-05-18 15:04:04+05:30,53649.9,0,0.0,0,0.0,0.0,53282.15,53667.55,52783.45,53710.35,0,0.0,0.0,0.0,0.0,-0.01,-1,-1,-0.01,-1,-1,-0.01,-1,-1,-0.01,-1,-1,-0.01,-1,-1,-0.01,-1,-1,-0.01,-1,-1,-0.01,-1,-1,-0.01,-1,-1,-0.01,-1,-1
99926009,2026-05-18 15:04:05+05:30,53649.9,0,0.0,0,0.0,0.0,53282.15,53667.55,52783.45,53710.35,0,0.0,0.0,0.0,0.0,-0.01,-1,-1,-0.01,-1,-1,-0.01,-1,-1,-0.01,-1,-1,-0.01,-1,-1,-0.01,-1,-1,-0.01,-1,-1,-0.01,-1,-1,-0.01,-1,-1,-0.01,-1,-1
99926009,2026-05-18 15:04:05+05:30,53650.65,0,0.0,0,0.0,0.0,53282.15,53667.55,52783.45,53710.35,0,0.0,0.0,0.0,0.0,-0.01,-1,-1,-0.01,-1,-1,-0.01,-1,-1,-0.01,-1,-1,-0.01,-1,-1,-0.01,-1,-1,-0.01,-1,-1,-0.01,-1,-1,-0.01,-1,-1,-0.01,-1,-1
99926009,2026-05-18 15:04:05+05:30,53652.65,0,0.0,0,0.0,0.0,53282.15,53667.55,52783.45,53710.35,0,0.0,0.0,0.0,0.0,-0.01,-1,-1,-0.01,-1,-1,-0.01,-1,-1,-0.01,-1,-1,-0.01,-1,-1,-0.01,-1,-1,-0.01,-1,-1,-0.01,-1,-1,-0.01,-1,-1,-0.01,-1,-1
99926009,2026-05-18 15:04:06+05:30,53652.65,0,0.0,0,0.0,0.0,53282.15,53667.55,52783.45,53710.35,0,0.0,0.0,0.0,0.0,-0.01,-1,-1,-0.01,-1,-1,-0.01,-1,-1,-0.01,-1,-1,-0.01,-1,-1,-0.01,-1,-1,-0.01,-1,-1,-0.01,-1,-1,-0.01,-1,-1,-0.01,-1,-1
99926009,2026-05-18 15:04:06+05:30,53652.35,0,0.0,0,0.0,0.0,53282.15,53667.55,52783.45,53710.35,0,0.0,0.0,0.0,0.0,-0.01,-1,-1,-0.01,-1,-1,-0.01,-1,-1,-0.01,-1,-1,-0.01,-1,-1,-0.01,-1,-1,-0.01,-1,-1,-0.01,-1,-1,-0.01,-1,-1,-0.01,-1,-1
99926009,2026-05-18 15:04:06+05:30,53656.0,0,0.0,0,0.0,0.0,53282.15,53667.55,52783.45,53710.35,0,0.0,0.0,0.0,0.0,-0.01,-1,-1,-0.01,-1,-1,-0.01,-1,-1,-0.01,-1,-1,-0.01,-1,-1,-0.01,-1,-1,-0.01,-1,-1,-0.01,-1,-1,-0.01,-1,-1,-0.01,-1,-1
99926009,2026-05-18 15:04:07+05:30,53656.0,0,0.0,0,0.0,0.0,53282.15,53667.55,52783.45,53710.35,0,0.0,0.0,0.0,0.0,-0.01,-1,-1,-0.01,-1,-1,-0.01,-1,-1,-0.01,-1,-1,-0.01,-1,-1,-0.01,-1,-1,-0.01,-1,-1,-0.01,-1,-1,-0.01,-1,-1,-0.01,-1,-1
99926009,2026-05-18 15:04:07+05:30,53658.9,0,0.0,0,0.0,0.0,53282.15,53667.55,52783.45,53710.35,0,0.0,0.0,0.0,0.0,-0.01,-1,-1,-0.01,-1,-1,-0.01,-1,-1,-0.01,-1,-1,-0.01,-1,-1,-0.01,-1,-1,-0.01,-1,-1,-0.01,-1,-1,-0.01,-1,-1,-0.01,-1,-1
99926009,2026-05-18 15:04:07+05:30,53656.4,0,0.0,0,0.0,0.0,53282.15,53667.55,52783.45,53710.35,0,0.0,0.0,0.0,0.0,-0.01,-1,-1,-0.01,-1,-1,-0.01,-1,-1,-0.01,-1,-1,-0.01,-1,-1,-0.01,-1,-1,-0.01,-1,-1,-0.01,-1,-1,-0.01,-1,-1,-0.01,-1,-1
99926009,2026-05-18 15:04:08+05:30,53656.4,0,0.0,0,0.0,0.0,53282.15,53667.55,52783.45,53710.35,0,0.0,0.0,0.0,0.0,-0.01,-1,-1,-0.01,-1,-1,-0.01,-1,-1,-0.01,-1,-1,-0.01,-1,-1,-0.01,-1,-1,-0.01,-1,-1,-0.01,-1,-1,-0.01,-1,-1,-0.01,-1,-1
99926009,2026-05-18 15:04:08+05:30,53653.85,0,0.0,0,0.0,0.0,53282.15,53667.55,52783.45,53710.35,0,0.0,0.0,0.0,0.0,-0.01,-1,-1,-0.01,-1,-1,-0.01,-1,-1,-0.01,-1,-1,-0.01,-1,-1,-0.01,-1,-1,-0.01,-1,-1,-0.01,-1,-1,-0.01,-1,-1,-0.01,-1,-1
99926009,2026-05-18 15:04:08+05:30,53655.85,0,0.0,0,0.0,0.0,53282.15,53667.55,52783.45,53710.35,0,0.0,0.0,0.0,0.0,-0.01,-1,-1,-0.01,-1,-1,-0.01,-1,-1,-0.01,-1,-1,-0.01,-1,-1,-0.01,-1,-1,-0.01,-1,-1,-0.01,-1,-1,-0.01,-1,-1,-0.01,-1,-1
99926009,2026-05-18 15:04:09+05:30,53655.85,0,0.0,0,0.0,0.0,53282.15,53667.55,52783.45,53710.35,0,0.0,0.0,0.0,0.0,-0.01,-1,-1,-0.01,-1,-1,-0.01,-1,-1,-0.01,-1,-1,-0.01,-1,-1,-0.01,-1,-1,-0.01,-1,-1,-0.01,-1,-1,-0.01,-1,-1,-0.01,-1,-1
99926009,2026-05-18 15:04:09+05:30,53654.5,0,0.0,0,0.0,0.0,53282.15,53667.55,52783.45,53710.35,0,0.0,0.0,0.0,0.0,-0.01,-1,-1,-0.01,-1,-1,-0.01,-1,-1,-0.01,-1,-1,-0.01,-1,-1,-0.01,-1,-1,-0.01,-1,-1,-0.01,-1,-1,-0.01,-1,-1,-0.01,-1,-1
99926009,2026-05-18 15:04:09+05:30,53652.55,0,0.0,0,0.0,0.0,53282.15,53667.55,52783.45,53710.35,0,0.0,0.0,0.0,0.0,-0.01,-1,-1,-0.01,-1,-1,-0.01,-1,-1,-0.01,-1,-1,-0.01,-1,-1,-0.01,-1,-1,-0.01,-1,-1,-0.01,-1,-1,-0.01,-1,-1,-0.01,-1,-1
99926009,2026-05-18 15:04:10+05:30,53652.55,0,0.0,0,0.0,0.0,53282.15,53667.55,52783.45,53710.35,0,0.0,0.0,0.0,0.0,-0.01,-1,-1,-0.01,-1,-1,-0.01,-1,-1,-0.01,-1,-1,-0.01,-1,-1,-0.01,-1,-1,-0.01,-1,-1,-0.01,-1,-1,-0.01,-1,-1,-0.01,-1,-1
99926009,2026-05-18 15:04:10+05:30,53654.3,0,0.0,0,0.0,0.0,53282.15,53667.55,52783.45,53710.35,0,0.0,0.0,0.0,0.0,-0.01,-1,-1,-0.01,-1,-1,-0.01,-1,-1,-0.01,-1,-1,-0.01,-1,-1,-0.01,-1,-1,-0.01,-1,-1,-0.01,-1,-1,-0.01,-1,-1,-0.01,-1,-1
99926009,2026-05-18 15:04:10+05:30,53654.7,0,0.0,0,0.0,0.0,53282.15,53667.55,52783.45,53710.35,0,0.0,0.0,0.0,0.0,-0.01,-1,-1,-0.01,-1,-1,-0.01,-1,-1,-0.01,-1,-1,-0.01,-1,-1,-0.01,-1,-1,-0.01,-1,-1,-0.01,-1,-1,-0.01,-1,-1,-0.01,-1,-1
99926009,2026-05-18 15:04:11+05:30,53654.7,0,0.0,0,0.0,0.0,53282.15,53667.55,52783.45,53710.35,0,0.0,0.0,0.0,0.0,-0.01,-1,-1,-0.01,-1,-1,-0.01,-1,-1,-0.01,-1,-1,-0.01,-1,-1,-0.01,-1,-1,-0.01,-1,-1,-0.01,-1,-1,-0.01,-1,-1,-0.01,-1,-1
99926009,2026-05-18 15:04:11+05:30,53652.35,0,0.0,0,0.0,0.0,53282.15,53667.55,52783.45,53710.35,0,0.0,0.0,0.0,0.0,-0.01,-1,-1,-0.01,-1,-1,-0.01,-1,-1,-0.01,-1,-1,-0.01,-1,-1,-0.01,-1,-1,-0.01,-1,-1,-0.01,-1,-1,-0.01,-1,-1,-0.01,-1,-1
99926009,2026-05-18 15:04:11+05:30,53652.55,0,0.0,0,0.0,0.0,53282.15,53667.55,52783.45,53710.35,0,0.0,0.0,0.0,0.0,-0.01,-1,-1,-0.01,-1,-1,-0.01,-1,-1,-0.01,-1,-1,-0.01,-1,-1,-0.01,-1,-1,-0.01,-1,-1,-0.01,-1,-1,-0.01,-1,-1,-0.01,-1,-1
99926009,2026-05-18 15:04:12+05:30,53652.55,0,0.0,0,0.0,0.0,53282.15,53667.55,52783.45,53710.35,0,0.0,0.0,0.0,0.0,-0.01,-1,-1,-0.01,-1,-1,-0.01,-1,-1,-0.01,-1,-1,-0.01,-1,-1,-0.01,-1,-1,-0.01,-1,-1,-0.01,-1,-1,-0.01,-1,-1,-0.01,-1,-1
99926009,2026-05-18 15:04:12+05:30,53655.0,0,0.0,0,0.0,0.0,53282.15,53667.55,52783.45,53710.35,0,0.0,0.0,0.0,0.0,-0.01,-1,-1,-0.01,-1,-1,-0.01,-1,-1,-0.01,-1,-1,-0.01,-1,-1,-0.01,-1,-1,-0.01,-1,-1,-0.01,-1,-1,-0.01,-1,-1,-0.01,-1,-1
99926009,2026-05-18 15:04:12+05:30,53654.8,0,0.0,0,0.0,0.0,53282.15,53667.55,52783.45,53710.35,0,0.0,0.0,0.0,0.0,-0.01,-1,-1,-0.01,-1,-1,-0.01,-1,-1,-0.01,-1,-1,-0.01,-1,-1,-0.01,-1,-1,-0.01,-1,-1,-0.01,-1,-1,-0.01,-1,-1,-0.01,-1,-1
99926009,2026-05-18 15:04:13+05:30,53654.8,0,0.0,0,0.0,0.0,53282.15,53667.55,52783.45,53710.35,0,0.0,0.0,0.0,0.0,-0.01,-1,-1,-0.01,-1,-1,-0.01,-1,-1,-0.01,-1,-1,-0.01,-1,-1,-0.01,-1,-1,-0.01,-1,-1,-0.01,-1,-1,-0.01,-1,-1,-0.01,-1,-1
99926009,2026-05-18 15:04:13+05:30,53651.45,0,0.0,0,0.0,0.0,53282.15,53667.55,52783.45,53710.35,0,0.0,0.0,0.0,0.0,-0.01,-1,-1,-0.01,-1,-1,-0.01,-1,-1,-0.01,-1,-1,-0.01,-1,-1,-0.01,-1,-1,-0.01,-1,-1,-0.01,-1,-1,-0.01,-1,-1,-0.01,-1,-1
99926009,2026-05-18 15:04:13+05:30,53653.1,0,0.0,0,0.0,0.0,53282.15,53667.55,52783.45,53710.35,0,0.0,0.0,0.0,0.0,-0.01,-1,-1,-0.01,-1,-1,-0.01,-1,-1,-0.01,-1,-1,-0.01,-1,-1,-0.01,-1,-1,-0.01,-1,-1,-0.01,-1,-1,-0.01,-1,-1,-0.01,-1,-1
99926009,2026-05-18 15:04:14+05:30,53653.1,0,0.0,0,0.0,0.0,53282.15,53667.55,52783.45,53710.35,0,0.0,0.0,0.0,0.0,-0.01,-1,-1,-0.01,-1,-1,-0.01,-1,-1,-0.01,-1,-1,-0.01,-1,-1,-0.01,-1,-1,-0.01,-1,-1,-0.01,-1,-1,-0.01,-1,-1,-0.01,-1,-1
99926009,2026-05-18 15:04:14+05:30,53652.75,0,0.0,0,0.0,0.0,53282.15,53667.55,52783.45,53710.35,0,0.0,0.0,0.0,0.0,-0.01,-1,-1,-0.01,-1,-1,-0.01,-1,-1,-0.01,-1,-1,-0.01,-1,-1,-0.01,-1,-1,-0.01,-1,-1,-0.01,-1,-1,-0.01,-1,-1,-0.01,-1,-1
99926009,2026-05-18 15:04:14+05:30,53653.65,0,0.0,0,0.0,0.0,53282.15,53667.55,52783.45,53710.35,0,0.0,0.0,0.0,0.0,-0.01,-1,-1,-0.01,-1,-1,-0.01,-1,-1,-0.01,-1,-1,-0.01,-1,-1,-0.01,-1,-1,-0.01,-1,-1,-0.01,-1,-1,-0.01,-1,-1,-0.01,-1,-1
99926009,2026-05-18 15:04:15+05:30,53653.65,0,0.0,0,0.0,0.0,53282.15,53667.55,52783.45,53710.35,0,0.0,0.0,0.0,0.0,-0.01,-1,-1,-0.01,-1,-1,-0.01,-1,-1,-0.01,-1,-1,-0.01,-1,-1,-0.01,-1,-1,-0.01,-1,-1,-0.01,-1,-1,-0.01,-1,-1,-0.01,-1,-1
99926009,2026-05-18 15:04:15+05:30,53653.25,0,0.0,0,0.0,0.0,53282.15,53667.55,52783.45,53710.35,0,0.0,0.0,0.0,0.0,-0.01,-1,-1,-0.01,-1,-1,-0.01,-1,-1,-0.01,-1,-1,-0.01,-1,-1,-0.01,-1,-1,-0.01,-1,-1,-0.01,-1,-1,-0.01,-1,-1,-0.01,-1,-1
99926009,2026-05-18 15:04:15+05:30,53653.25,0,0.0,0,0.0,0.0,53282.15,53667.55,52783.45,53710.35,0,0.0,0.0,0.0,0.0,-0.01,-1,-1,-0.01,-1,-1,-0.01,-1,-1,-0.01,-1,-1,-0.01,-1,-1,-0.01,-1,-1,-0.01,-1,-1,-0.01,-1,-1,-0.01,-1,-1,-0.01,-1,-1
99926009,2026-05-18 15:04:16+05:30,53653.25,0,0.0,0,0.0,0.0,53282.15,53667.55,52783.45,53710.35,0,0.0,0.0,0.0,0.0,-0.01,-1,-1,-0.01,-1,-1,-0.01,-1,-1,-0.01,-1,-1,-0.01,-1,-1,-0.01,-1,-1,-0.01,-1,-1,-0.01,-1,-1,-0.01,-1,-1,-0.01,-1,-1
99926009,2026-05-18 15:04:16+05:30,53652.65,0,0.0,0,0.0,0.0,53282.15,53667.55,52783.45,53710.35,0,0.0,0.0,0.0,0.0,-0.01,-1,-1,-0.01,-1,-1,-0.01,-1,-1,-0.01,-1,-1,-0.01,-1,-1,-0.01,-1,-1,-0.01,-1,-1,-0.01,-1,-1,-0.01,-1,-1,-0.01,-1,-1
99926009,2026-05-18 15:04:16+05:30,53651.7,0,0.0,0,0.0,0.0,53282.15,53667.55,52783.45,53710.35,0,0.0,0.0,0.0,0.0,-0.01,-1,-1,-0.01,-1,-1,-0.01,-1,-1,-0.01,-1,-1,-0.01,-1,-1,-0.01,-1,-1,-0.01,-1,-1,-0.01,-1,-1,-0.01,-1,-1,-0.01,-1,-1
99926009,2026-05-18 15:04:17+05:30,53651.7,0,0.0,0,0.0,0.0,53282.15,53667.55,52783.45,53710.35,0,0.0,0.0,0.0,0.0,-0.01,-1,-1,-0.01,-1,-1,-0.01,-1,-1,-0.01,-1,-1,-0.01,-1,-1,-0.01,-1,-1,-0.01,-1,-1,-0.01,-1,-1,-0.01,-1,-1,-0.01,-1,-1
99926009,2026-05-18 15:04:17+05:30,53650.1,0,0.0,0,0.0,0.0,53282.15,53667.55,52783.45,53710.35,0,0.0,0.0,0.0,0.0,-0.01,-1,-1,-0.01,-1,-1,-0.01,-1,-1,-0.01,-1,-1,-0.01,-1,-1,-0.01,-1,-1,-0.01,-1,-1,-0.01,-1,-1,-0.01,-1,-1,-0.01,-1,-1
99926009,2026-05-18 15:04:17+05:30,53645.95,0,0.0,0,0.0,0.0,53282.15,53667.55,52783.45,53710.35,0,0.0,0.0,0.0,0.0,-0.01,-1,-1,-0.01,-1,-1,-0.01,-1,-1,-0.01,-1,-1,-0.01,-1,-1,-0.01,-1,-1,-0.01,-1,-1,-0.01,-1,-1,-0.01,-1,-1,-0.01,-1,-1
99926009,2026-05-18 15:04:18+05:30,53645.95,0,0.0,0,0.0,0.0,53282.15,53667.55,52783.45,53710.35,0,0.0,0.0,0.0,0.0,-0.01,-1,-1,-0.01,-1,-1,-0.01,-1,-1,-0.01,-1,-1,-0.01,-1,-1,-0.01,-1,-1,-0.01,-1,-1,-0.01,-1,-1,-0.01,-1,-1,-0.01,-1,-1
99926009,2026-05-18 15:04:18+05:30,53644.25,0,0.0,0,0.0,0.0,53282.15,53667.55,52783.45,53710.35,0,0.0,0.0,0.0,0.0,-0.01,-1,-1,-0.01,-1,-1,-0.01,-1,-1,-0.01,-1,-1,-0.01,-1,-1,-0.01,-1,-1,-0.01,-1,-1,-0.01,-1,-1,-0.01,-1,-1,-0.01,-1,-1
99926009,2026-05-18 15:04:18+05:30,53643.5,0,0.0,0,0.0,0.0,53282.15,53667.55,52783.45,53710.35,0,0.0,0.0,0.0,0.0,-0.01,-1,-1,-0.01,-1,-1,-0.01,-1,-1,-0.01,-1,-1,-0.01,-1,-1,-0.01,-1,-1,-0.01,-1,-1,-0.01,-1,-1,-0.01,-1,-1,-0.01,-1,-1
99926009,2026-05-18 15:04:19+05:30,53643.5,0,0.0,0,0.0,0.0,53282.15,53667.55,52783.45,53710.35,0,0.0,0.0,0.0,0.0,-0.01,-1,-1,-0.01,-1,-1,-0.01,-1,-1,-0.01,-1,-1,-0.01,-1,-1,-0.01,-1,-1,-0.01,-1,-1,-0.01,-1,-1,-0.01,-1,-1,-0.01,-1,-1
99926009,2026-05-18 15:04:19+05:30,53642.35,0,0.0,0,0.0,0.0,53282.15,53667.55,52783.45,53710.35,0,0.0,0.0,0.0,0.0,-0.01,-1,-1,-0.01,-1,-1,-0.01,-1,-1,-0.01,-1,-1,-0.01,-1,-1,-0.01,-1,-1,-0.01,-1,-1,-0.01,-1,-1,-0.01,-1,-1,-0.01,-1,-1
99926009,2026-05-18 15:04:19+05:30,53641.55,0,0.0,0,0.0,0.0,53282.15,53667.55,52783.45,53710.35,0,0.0,0.0,0.0,0.0,-0.01,-1,-1,-0.01,-1,-1,-0.01,-1,-1,-0.01,-1,-1,-0.01,-1,-1,-0.01,-1,-1,-0.01,-1,-1,-0.01,-1,-1,-0.01,-1,-1,-0.01,-1,-1
99926009,2026-05-18 15:04:20+05:30,53641.55,0,0.0,0,0.0,0.0,53282.15,53667.55,52783.45,53710.35,0,0.0,0.0,0.0,0.0,-0.01,-1,-1,-0.01,-1,-1,-0.01,-1,-1,-0.01,-1,-1,-0.01,-1,-1,-0.01,-1,-1,-0.01,-1,-1,-0.01,-1,-1,-0.01,-1,-1,-0.01,-1,-1
99926009,2026-05-18 15:04:20+05:30,53642.4,0,0.0,0,0.0,0.0,53282.15,53667.55,52783.45,53710.35,0,0.0,0.0,0.0,0.0,-0.01,-1,-1,-0.01,-1,-1,-0.01,-1,-1,-0.01,-1,-1,-0.01,-1,-1,-0.01,-1,-1,-0.01,-1,-1,-0.01,-1,-1,-0.01,-1,-1,-0.01,-1,-1
99926009,2026-05-18 15:04:20+05:30,53644.75,0,0.0,0,0.0,0.0,53282.15,53667.55,52783.45,53710.35,0,0.0,0.0,0.0,0.0,-0.01,-1,-1,-0.01,-1,-1,-0.01,-1,-1,-0.01,-1,-1,-0.01,-1,-1,-0.01,-1,-1,-0.01,-1,-1,-0.01,-1,-1,-0.01,-1,-1,-0.01,-1,-1
99926009,2026-05-18 15:04:21+05:30,53644.75,0,0.0,0,0.0,0.0,53282.15,53667.55,52783.45,53710.35,0,0.0,0.0,0.0,0.0,-0.01,-1,-1,-0.01,-1,-1,-0.01,-1,-1,-0.01,-1,-1,-0.01,-1,-1,-0.01,-1,-1,-0.01,-1,-1,-0.01,-1,-1,-0.01,-1,-1,-0.01,-1,-1
99926009,2026-05-18 15:04:21+05:30,53642.55,0,0.0,0,0.0,0.0,53282.15,53667.55,52783.45,53710.35,0,0.0,0.0,0.0,0.0,-0.01,-1,-1,-0.01,-1,-1,-0.01,-1,-1,-0.01,-1,-1,-0.01,-1,-1,-0.01,-1,-1,-0.01,-1,-1,-0.01,-1,-1,-0.01,-1,-1,-0.01,-1,-1
99926009,2026-05-18 15:04:21+05:30,53641.4,0,0.0,0,0.0,0.0,53282.15,53667.55,52783.45,53710.35,0,0.0,0.0,0.0,0.0,-0.01,-1,-1,-0.01,-1,-1,-0.01,-1,-1,-0.01,-1,-1,-0.01,-1,-1,-0.01,-1,-1,-0.01,-1,-1,-0.01,-1,-1,-0.01,-1,-1,-0.01,-1,-1
99926009,2026-05-18 15:04:22+05:30,53641.4,0,0.0,0,0.0,0.0,53282.15,53667.55,52783.45,53710.35,0,0.0,0.0,0.0,0.0,-0.01,-1,-1,-0.01,-1,-1,-0.01,-1,-1,-0.01,-1,-1,-0.01,-1,-1,-0.01,-1,-1,-0.01,-1,-1,-0.01,-1,-1,-0.01,-1,-1,-0.01,-1,-1
99926009,2026-05-18 15:04:22+05:30,53642.0,0,0.0,0,0.0,0.0,53282.15,53667.55,52783.45,53710.35,0,0.0,0.0,0.0,0.0,-0.01,-1,-1,-0.01,-1,-1,-0.01,-1,-1,-0.01,-1,-1,-0.01,-1,-1,-0.01,-1,-1,-0.01,-1,-1,-0.01,-1,-1,-0.01,-1,-1,-0.01,-1,-1
99926009,2026-05-18 15:04:22+05:30,53642.95,0,0.0,0,0.0,0.0,53282.15,53667.55,52783.45,53710.35,0,0.0,0.0,0.0,0.0,-0.01,-1,-1,-0.01,-1,-1,-0.01,-1,-1,-0.01,-1,-1,-0.01,-1,-1,-0.01,-1,-1,-0.01,-1,-1,-0.01,-1,-1,-0.01,-1,-1,-0.01,-1,-1
99926009,2026-05-18 15:04:23+05:30,53642.95,0,0.0,0,0.0,0.0,53282.15,53667.55,52783.45,53710.35,0,0.0,0.0,0.0,0.0,-0.01,-1,-1,-0.01,-1,-1,-0.01,-1,-1,-0.01,-1,-1,-0.01,-1,-1,-0.01,-1,-1,-0.01,-1,-1,-0.01,-1,-1,-0.01,-1,-1,-0.01,-1,-1
99926009,2026-05-18 15:04:23+05:30,53643.95,0,0.0,0,0.0,0.0,53282.15,53667.55,52783.45,53710.35,0,0.0,0.0,0.0,0.0,-0.01,-1,-1,-0.01,-1,-1,-0.01,-1,-1,-0.01,-1,-1,-0.01,-1,-1,-0.01,-1,-1,-0.01,-1,-1,-0.01,-1,-1,-0.01,-1,-1,-0.01,-1,-1
99926009,2026-05-18 15:04:23+05:30,53645.75,0,0.0,0,0.0,0.0,53282.15,53667.55,52783.45,53710.35,0,0.0,0.0,0.0,0.0,-0.01,-1,-1,-0.01,-1,-1,-0.01,-1,-1,-0.01,-1,-1,-0.01,-1,-1,-0.01,-1,-1,-0.01,-1,-1,-0.01,-1,-1,-0.01,-1,-1,-0.01,-1,-1
99926009,2026-05-18 15:04:24+05:30,53645.75,0,0.0,0,0.0,0.0,53282.15,53667.55,52783.45,53710.35,0,0.0,0.0,0.0,0.0,-0.01,-1,-1,-0.01,-1,-1,-0.01,-1,-1,-0.01,-1,-1,-0.01,-1,-1,-0.01,-1,-1,-0.01,-1,-1,-0.01,-1,-1,-0.01,-1,-1,-0.01,-1,-1
99926009,2026-05-18 15:04:24+05:30,53643.85,0,0.0,0,0.0,0.0,53282.15,53667.55,52783.45,53710.35,0,0.0,0.0,0.0,0.0,-0.01,-1,-1,-0.01,-1,-1,-0.01,-1,-1,-0.01,-1,-1,-0.01,-1,-1,-0.01,-1,-1,-0.01,-1,-1,-0.01,-1,-1,-0.01,-1,-1,-0.01,-1,-1
99926009,2026-05-18 15:04:24+05:30,53645.9,0,0.0,0,0.0,0.0,53282.15,53667.55,52783.45,53710.35,0,0.0,0.0,0.0,0.0,-0.01,-1,-1,-0.01,-1,-1,-0.01,-1,-1,-0.01,-1,-1,-0.01,-1,-1,-0.01,-1,-1,-0.01,-1,-1,-0.01,-1,-1,-0.01,-1,-1,-0.01,-1,-1
99926009,2026-05-18 15:04:25+05:30,53645.9,0,0.0,0,0.0,0.0,53282.15,53667.55,52783.45,53710.35,0,0.0,0.0,0.0,0.0,-0.01,-1,-1,-0.01,-1,-1,-0.01,-1,-1,-0.01,-1,-1,-0.01,-1,-1,-0.01,-1,-1,-0.01,-1,-1,-0.01,-1,-1,-0.01,-1,-1,-0.01,-1,-1
99926009,2026-05-18 15:04:25+05:30,53643.55,0,0.0,0,0.0,0.0,53282.15,53667.55,52783.45,53710.35,0,0.0,0.0,0.0,0.0,-0.01,-1,-1,-0.01,-1,-1,-0.01,-1,-1,-0.01,-1,-1,-0.01,-1,-1,-0.01,-1,-1,-0.01,-1,-1,-0.01,-1,-1,-0.01,-1,-1,-0.01,-1,-1
99926009,2026-05-18 15:04:25+05:30,53646.55,0,0.0,0,0.0,0.0,53282.15,53667.55,52783.45,53710.35,0,0.0,0.0,0.0,0.0,-0.01,-1,-1,-0.01,-1,-1,-0.01,-1,-1,-0.01,-1,-1,-0.01,-1,-1,-0.01,-1,-1,-0.01,-1,-1,-0.01,-1,-1,-0.01,-1,-1,-0.01,-1,-1
99926009,2026-05-18 15:04:26+05:30,53646.55,0,0.0,0,0.0,0.0,53282.15,53667.55,52783.45,53710.35,0,0.0,0.0,0.0,0.0,-0.01,-1,-1,-0.01,-1,-1,-0.01,-1,-1,-0.01,-1,-1,-0.01,-1,-1,-0.01,-1,-1,-0.01,-1,-1,-0.01,-1,-1,-0.01,-1,-1,-0.01,-1,-1
99926009,2026-05-18 15:04:26+05:30,53645.7,0,0.0,0,0.0,0.0,53282.15,53667.55,52783.45,53710.35,0,0.0,0.0,0.0,0.0,-0.01,-1,-1,-0.01,-1,-1,-0.01,-1,-1,-0.01,-1,-1,-0.01,-1,-1,-0.01,-1,-1,-0.01,-1,-1,-0.01,-1,-1,-0.01,-1,-1,-0.01,-1,-1
99926009,2026-05-18 15:04:26+05:30,53646.95,0,0.0,0,0.0,0.0,53282.15,53667.55,52783.45,53710.35,0,0.0,0.0,0.0,0.0,-0.01,-1,-1,-0.01,-1,-1,-0.01,-1,-1,-0.01,-1,-1,-0.01,-1,-1,-0.01,-1,-1,-0.01,-1,-1,-0.01,-1,-1,-0.01,-1,-1,-0.01,-1,-1
99926009,2026-05-18 15:04:27+05:30,53646.95,0,0.0,0,0.0,0.0,53282.15,53667.55,52783.45,53710.35,0,0.0,0.0,0.0,0.0,-0.01,-1,-1,-0.01,-1,-1,-0.01,-1,-1,-0.01,-1,-1,-0.01,-1,-1,-0.01,-1,-1,-0.01,-1,-1,-0.01,-1,-1,-0.01,-1,-1,-0.01,-1,-1
99926009,2026-05-18 15:04:27+05:30,53644.95,0,0.0,0,0.0,0.0,53282.15,53667.55,52783.45,53710.35,0,0.0,0.0,0.0,0.0,-0.01,-1,-1,-0.01,-1,-1,-0.01,-1,-1,-0.01,-1,-1,-0.01,-1,-1,-0.01,-1,-1,-0.01,-1,-1,-0.01,-1,-1,-0.01,-1,-1,-0.01,-1,-1
99926009,2026-05-18 15:04:27+05:30,53645.65,0,0.0,0,0.0,0.0,53282.15,53667.55,52783.45,53710.35,0,0.0,0.0,0.0,0.0,-0.01,-1,-1,-0.01,-1,-1,-0.01,-1,-1,-0.01,-1,-1,-0.01,-1,-1,-0.01,-1,-1,-0.01,-1,-1,-0.01,-1,-1,-0.01,-1,-1,-0.01,-1,-1
99926009,2026-05-18 15:04:28+05:30,53645.65,0,0.0,0,0.0,0.0,53282.15,53667.55,52783.45,53710.35,0,0.0,0.0,0.0,0.0,-0.01,-1,-1,-0.01,-1,-1,-0.01,-1,-1,-0.01,-1,-1,-0.01,-1,-1,-0.01,-1,-1,-0.01,-1,-1,-0.01,-1,-1,-0.01,-1,-1,-0.01,-1,-1
99926009,2026-05-18 15:04:28+05:30,53647.8,0,0.0,0,0.0,0.0,53282.15,53667.55,52783.45,53710.35,0,0.0,0.0,0.0,0.0,-0.01,-1,-1,-0.01,-1,-1,-0.01,-1,-1,-0.01,-1,-1,-0.01,-1,-1,-0.01,-1,-1,-0.01,-1,-1,-0.01,-1,-1,-0.01,-1,-1,-0.01,-1,-1
99926009,2026-05-18 15:04:28+05:30,53645.6,0,0.0,0,0.0,0.0,53282.15,53667.55,52783.45,53710.35,0,0.0,0.0,0.0,0.0,-0.01,-1,-1,-0.01,-1,-1,-0.01,-1,-1,-0.01,-1,-1,-0.01,-1,-1,-0.01,-1,-1,-0.01,-1,-1,-0.01,-1,-1,-0.01,-1,-1,-0.01,-1,-1
99926009,2026-05-18 15:04:29+05:30,53645.6,0,0.0,0,0.0,0.0,53282.15,53667.55,52783.45,53710.35,0,0.0,0.0,0.0,0.0,-0.01,-1,-1,-0.01,-1,-1,-0.01,-1,-1,-0.01,-1,-1,-0.01,-1,-1,-0.01,-1,-1,-0.01,-1,-1,-0.01,-1,-1,-0.01,-1,-1,-0.01,-1,-1
99926009,2026-05-18 15:04:29+05:30,53647.05,0,0.0,0,0.0,0.0,53282.15,53667.55,52783.45,53710.35,0,0.0,0.0,0.0,0.0,-0.01,-1,-1,-0.01,-1,-1,-0.01,-1,-1,-0.01,-1,-1,-0.01,-1,-1,-0.01,-1,-1,-0.01,-1,-1,-0.01,-1,-1,-0.01,-1,-1,-0.01,-1,-1
99926009,2026-05-18 15:04:29+05:30,53646.55,0,0.0,0,0.0,0.0,53282.15,53667.55,52783.45,53710.35,0,0.0,0.0,0.0,0.0,-0.01,-1,-1,-0.01,-1,-1,-0.01,-1,-1,-0.01,-1,-1,-0.01,-1,-1,-0.01,-1,-1,-0.01,-1,-1,-0.01,-1,-1,-0.01,-1,-1,-0.01,-1,-1
99926009,2026-05-18 15:04:30+05:30,53646.55,0,0.0,0,0.0,0.0,53282.15,53667.55,52783.45,53710.35,0,0.0,0.0,0.0,0.0,-0.01,-1,-1,-0.01,-1,-1,-0.01,-1,-1,-0.01,-1,-1,-0.01,-1,-1,-0.01,-1,-1,-0.01,-1,-1,-0.01,-1,-1,-0.01,-1,-1,-0.01,-1,-1
99926009,2026-05-18 15:04:30+05:30,53647.6,0,0.0,0,0.0,0.0,53282.15,53667.55,52783.45,53710.35,0,0.0,0.0,0.0,0.0,-0.01,-1,-1,-0.01,-1,-1,-0.01,-1,-1,-0.01,-1,-1,-0.01,-1,-1,-0.01,-1,-1,-0.01,-1,-1,-0.01,-1,-1,-0.01,-1,-1,-0.01,-1,-1
99926009,2026-05-18 15:04:30+05:30,53654.2,0,0.0,0,0.0,0.0,53282.15,53667.55,52783.45,53710.35,0,0.0,0.0,0.0,0.0,-0.01,-1,-1,-0.01,-1,-1,-0.01,-1,-1,-0.01,-1,-1,-0.01,-1,-1,-0.01,-1,-1,-0.01,-1,-1,-0.01,-1,-1,-0.01,-1,-1,-0.01,-1,-1
99926009,2026-05-18 15:04:31+05:30,53654.2,0,0.0,0,0.0,0.0,53282.15,53667.55,52783.45,53710.35,0,0.0,0.0,0.0,0.0,-0.01,-1,-1,-0.01,-1,-1,-0.01,-1,-1,-0.01,-1,-1,-0.01,-1,-1,-0.01,-1,-1,-0.01,-1,-1,-0.01,-1,-1,-0.01,-1,-1,-0.01,-1,-1
99926009,2026-05-18 15:04:31+05:30,53653.4,0,0.0,0,0.0,0.0,53282.15,53667.55,52783.45,53710.35,0,0.0,0.0,0.0,0.0,-0.01,-1,-1,-0.01,-1,-1,-0.01,-1,-1,-0.01,-1,-1,-0.01,-1,-1,-0.01,-1,-1,-0.01,-1,-1,-0.01,-1,-1,-0.01,-1,-1,-0.01,-1,-1
99926009,2026-05-18 15:04:31+05:30,53649.4,0,0.0,0,0.0,0.0,53282.15,53667.55,52783.45,53710.35,0,0.0,0.0,0.0,0.0,-0.01,-1,-1,-0.01,-1,-1,-0.01,-1,-1,-0.01,-1,-1,-0.01,-1,-1,-0.01,-1,-1,-0.01,-1,-1,-0.01,-1,-1,-0.01,-1,-1,-0.01,-1,-1
99926009,2026-05-18 15:04:32+05:30,53649.4,0,0.0,0,0.0,0.0,53282.15,53667.55,52783.45,53710.35,0,0.0,0.0,0.0,0.0,-0.01,-1,-1,-0.01,-1,-1,-0.01,-1,-1,-0.01,-1,-1,-0.01,-1,-1,-0.01,-1,-1,-0.01,-1,-1,-0.01,-1,-1,-0.01,-1,-1,-0.01,-1,-1
99926009,2026-05-18 15:04:32+05:30,53649.5,0,0.0,0,0.0,0.0,53282.15,53667.55,52783.45,53710.35,0,0.0,0.0,0.0,0.0,-0.01,-1,-1,-0.01,-1,-1,-0.01,-1,-1,-0.01,-1,-1,-0.01,-1,-1,-0.01,-1,-1,-0.01,-1,-1,-0.01,-1,-1,-0.01,-1,-1,-0.01,-1,-1
99926009,2026-05-18 15:04:32+05:30,53647.7,0,0.0,0,0.0,0.0,53282.15,53667.55,52783.45,53710.35,0,0.0,0.0,0.0,0.0,-0.01,-1,-1,-0.01,-1,-1,-0.01,-1,-1,-0.01,-1,-1,-0.01,-1,-1,-0.01,-1,-1,-0.01,-1,-1,-0.01,-1,-1,-0.01,-1,-1,-0.01,-1,-1
99926009,2026-05-18 15:04:33+05:30,53647.7,0,0.0,0,0.0,0.0,53282.15,53667.55,52783.45,53710.35,0,0.0,0.0,0.0,0.0,-0.01,-1,-1,-0.01,-1,-1,-0.01,-1,-1,-0.01,-1,-1,-0.01,-1,-1,-0.01,-1,-1,-0.01,-1,-1,-0.01,-1,-1,-0.01,-1,-1,-0.01,-1,-1
99926009,2026-05-18 15:04:33+05:30,53649.25,0,0.0,0,0.0,0.0,53282.15,53667.55,52783.45,53710.35,0,0.0,0.0,0.0,0.0,-0.01,-1,-1,-0.01,-1,-1,-0.01,-1,-1,-0.01,-1,-1,-0.01,-1,-1,-0.01,-1,-1,-0.01,-1,-1,-0.01,-1,-1,-0.01,-1,-1,-0.01,-1,-1
99926009,2026-05-18 15:04:33+05:30,53651.6,0,0.0,0,0.0,0.0,53282.15,53667.55,52783.45,53710.35,0,0.0,0.0,0.0,0.0,-0.01,-1,-1,-0.01,-1,-1,-0.01,-1,-1,-0.01,-1,-1,-0.01,-1,-1,-0.01,-1,-1,-0.01,-1,-1,-0.01,-1,-1,-0.01,-1,-1,-0.01,-1,-1
99926009,2026-05-18 15:04:34+05:30,53651.6,0,0.0,0,0.0,0.0,53282.15,53667.55,52783.45,53710.35,0,0.0,0.0,0.0,0.0,-0.01,-1,-1,-0.01,-1,-1,-0.01,-1,-1,-0.01,-1,-1,-0.01,-1,-1,-0.01,-1,-1,-0.01,-1,-1,-0.01,-1,-1,-0.01,-1,-1,-0.01,-1,-1
99926009,2026-05-18 15:04:34+05:30,53648.2,0,0.0,0,0.0,0.0,53282.15,53667.55,52783.45,53710.35,0,0.0,0.0,0.0,0.0,-0.01,-1,-1,-0.01,-1,-1,-0.01,-1,-1,-0.01,-1,-1,-0.01,-1,-1,-0.01,-1,-1,-0.01,-1,-1,-0.01,-1,-1,-0.01,-1,-1,-0.01,-1,-1
99926009,2026-05-18 15:04:34+05:30,53645.95,0,0.0,0,0.0,0.0,53282.15,53667.55,52783.45,53710.35,0,0.0,0.0,0.0,0.0,-0.01,-1,-1,-0.01,-1,-1,-0.01,-1,-1,-0.01,-1,-1,-0.01,-1,-1,-0.01,-1,-1,-0.01,-1,-1,-0.01,-1,-1,-0.01,-1,-1,-0.01,-1,-1
99926009,2026-05-18 15:04:35+05:30,53645.95,0,0.0,0,0.0,0.0,53282.15,53667.55,52783.45,53710.35,0,0.0,0.0,0.0,0.0,-0.01,-1,-1,-0.01,-1,-1,-0.01,-1,-1,-0.01,-1,-1,-0.01,-1,-1,-0.01,-1,-1,-0.01,-1,-1,-0.01,-1,-1,-0.01,-1,-1,-0.01,-1,-1
99926009,2026-05-18 15:04:35+05:30,53648.15,0,0.0,0,0.0,0.0,53282.15,53667.55,52783.45,53710.35,0,0.0,0.0,0.0,0.0,-0.01,-1,-1,-0.01,-1,-1,-0.01,-1,-1,-0.01,-1,-1,-0.01,-1,-1,-0.01,-1,-1,-0.01,-1,-1,-0.01,-1,-1,-0.01,-1,-1,-0.01,-1,-1
99926009,2026-05-18 15:04:35+05:30,53649.25,0,0.0,0,0.0,0.0,53282.15,53667.55,52783.45,53710.35,0,0.0,0.0,0.0,0.0,-0.01,-1,-1,-0.01,-1,-1,-0.01,-1,-1,-0.01,-1,-1,-0.01,-1,-1,-0.01,-1,-1,-0.01,-1,-1,-0.01,-1,-1,-0.01,-1,-1,-0.01,-1,-1
99926009,2026-05-18 15:04:36+05:30,53649.25,0,0.0,0,0.0,0.0,53282.15,53667.55,52783.45,53710.35,0,0.0,0.0,0.0,0.0,-0.01,-1,-1,-0.01,-1,-1,-0.01,-1,-1,-0.01,-1,-1,-0.01,-1,-1,-0.01,-1,-1,-0.01,-1,-1,-0.01,-1,-1,-0.01,-1,-1,-0.01,-1,-1
99926009,2026-05-18 15:04:36+05:30,53644.8,0,0.0,0,0.0,0.0,53282.15,53667.55,52783.45,53710.35,0,0.0,0.0,0.0,0.0,-0.01,-1,-1,-0.01,-1,-1,-0.01,-1,-1,-0.01,-1,-1,-0.01,-1,-1,-0.01,-1,-1,-0.01,-1,-1,-0.01,-1,-1,-0.01,-1,-1,-0.01,-1,-1
99926009,2026-05-18 15:04:36+05:30,53644.4,0,0.0,0,0.0,0.0,53282.15,53667.55,52783.45,53710.35,0,0.0,0.0,0.0,0.0,-0.01,-1,-1,-0.01,-1,-1,-0.01,-1,-1,-0.01,-1,-1,-0.01,-1,-1,-0.01,-1,-1,-0.01,-1,-1,-0.01,-1,-1,-0.01,-1,-1,-0.01,-1,-1
99926009,2026-05-18 15:04:37+05:30,53644.4,0,0.0,0,0.0,0.0,53282.15,53667.55,52783.45,53710.35,0,0.0,0.0,0.0,0.0,-0.01,-1,-1,-0.01,-1,-1,-0.01,-1,-1,-0.01,-1,-1,-0.01,-1,-1,-0.01,-1,-1,-0.01,-1,-1,-0.01,-1,-1,-0.01,-1,-1,-0.01,-1,-1
99926009,2026-05-18 15:04:37+05:30,53645.95,0,0.0,0,0.0,0.0,53282.15,53667.55,52783.45,53710.35,0,0.0,0.0,0.0,0.0,-0.01,-1,-1,-0.01,-1,-1,-0.01,-1,-1,-0.01,-1,-1,-0.01,-1,-1,-0.01,-1,-1,-0.01,-1,-1,-0.01,-1,-1,-0.01,-1,-1,-0.01,-1,-1
99926009,2026-05-18 15:04:37+05:30,53646.0,0,0.0,0,0.0,0.0,53282.15,53667.55,52783.45,53710.35,0,0.0,0.0,0.0,0.0,-0.01,-1,-1,-0.01,-1,-1,-0.01,-1,-1,-0.01,-1,-1,-0.01,-1,-1,-0.01,-1,-1,-0.01,-1,-1,-0.01,-1,-1,-0.01,-1,-1,-0.01,-1,-1
99926009,2026-05-18 15:04:38+05:30,53646.0,0,0.0,0,0.0,0.0,53282.15,53667.55,52783.45,53710.35,0,0.0,0.0,0.0,0.0,-0.01,-1,-1,-0.01,-1,-1,-0.01,-1,-1,-0.01,-1,-1,-0.01,-1,-1,-0.01,-1,-1,-0.01,-1,-1,-0.01,-1,-1,-0.01,-1,-1,-0.01,-1,-1
99926009,2026-05-18 15:04:38+05:30,53643.7,0,0.0,0,0.0,0.0,53282.15,53667.55,52783.45,53710.35,0,0.0,0.0,0.0,0.0,-0.01,-1,-1,-0.01,-1,-1,-0.01,-1,-1,-0.01,-1,-1,-0.01,-1,-1,-0.01,-1,-1,-0.01,-1,-1,-0.01,-1,-1,-0.01,-1,-1,-0.01,-1,-1
99926009,2026-05-18 15:04:38+05:30,53644.75,0,0.0,0,0.0,0.0,53282.15,53667.55,52783.45,53710.35,0,0.0,0.0,0.0,0.0,-0.01,-1,-1,-0.01,-1,-1,-0.01,-1,-1,-0.01,-1,-1,-0.01,-1,-1,-0.01,-1,-1,-0.01,-1,-1,-0.01,-1,-1,-0.01,-1,-1,-0.01,-1,-1
99926009,2026-05-18 15:04:39+05:30,53644.75,0,0.0,0,0.0,0.0,53282.15,53667.55,52783.45,53710.35,0,0.0,0.0,0.0,0.0,-0.01,-1,-1,-0.01,-1,-1,-0.01,-1,-1,-0.01,-1,-1,-0.01,-1,-1,-0.01,-1,-1,-0.01,-1,-1,-0.01,-1,-1,-0.01,-1,-1,-0.01,-1,-1
99926009,2026-05-18 15:04:39+05:30,53643.9,0,0.0,0,0.0,0.0,53282.15,53667.55,52783.45,53710.35,0,0.0,0.0,0.0,0.0,-0.01,-1,-1,-0.01,-1,-1,-0.01,-1,-1,-0.01,-1,-1,-0.01,-1,-1,-0.01,-1,-1,-0.01,-1,-1,-0.01,-1,-1,-0.01,-1,-1,-0.01,-1,-1
99926009,2026-05-18 15:04:39+05:30,53640.8,0,0.0,0,0.0,0.0,53282.15,53667.55,52783.45,53710.35,0,0.0,0.0,0.0,0.0,-0.01,-1,-1,-0.01,-1,-1,-0.01,-1,-1,-0.01,-1,-1,-0.01,-1,-1,-0.01,-1,-1,-0.01,-1,-1,-0.01,-1,-1,-0.01,-1,-1,-0.01,-1,-1
99926009,2026-05-18 15:04:40+05:30,53640.8,0,0.0,0,0.0,0.0,53282.15,53667.55,52783.45,53710.35,0,0.0,0.0,0.0,0.0,-0.01,-1,-1,-0.01,-1,-1,-0.01,-1,-1,-0.01,-1,-1,-0.01,-1,-1,-0.01,-1,-1,-0.01,-1,-1,-0.01,-1,-1,-0.01,-1,-1,-0.01,-1,-1
99926009,2026-05-18 15:04:40+05:30,53644.4,0,0.0,0,0.0,0.0,53282.15,53667.55,52783.45,53710.35,0,0.0,0.0,0.0,0.0,-0.01,-1,-1,-0.01,-1,-1,-0.01,-1,-1,-0.01,-1,-1,-0.01,-1,-1,-0.01,-1,-1,-0.01,-1,-1,-0.01,-1,-1,-0.01,-1,-1,-0.01,-1,-1
99926009,2026-05-18 15:04:40+05:30,53642.4,0,0.0,0,0.0,0.0,53282.15,53667.55,52783.45,53710.35,0,0.0,0.0,0.0,0.0,-0.01,-1,-1,-0.01,-1,-1,-0.01,-1,-1,-0.01,-1,-1,-0.01,-1,-1,-0.01,-1,-1,-0.01,-1,-1,-0.01,-1,-1,-0.01,-1,-1,-0.01,-1,-1
99926009,2026-05-18 15:04:41+05:30,53642.4,0,0.0,0,0.0,0.0,53282.15,53667.55,52783.45,53710.35,0,0.0,0.0,0.0,0.0,-0.01,-1,-1,-0.01,-1,-1,-0.01,-1,-1,-0.01,-1,-1,-0.01,-1,-1,-0.01,-1,-1,-0.01,-1,-1,-0.01,-1,-1,-0.01,-1,-1,-0.01,-1,-1
99926009,2026-05-18 15:04:41+05:30,53648.25,0,0.0,0,0.0,0.0,53282.15,53667.55,52783.45,53710.35,0,0.0,0.0,0.0,0.0,-0.01,-1,-1,-0.01,-1,-1,-0.01,-1,-1,-0.01,-1,-1,-0.01,-1,-1,-0.01,-1,-1,-0.01,-1,-1,-0.01,-1,-1,-0.01,-1,-1,-0.01,-1,-1
99926009,2026-05-18 15:04:41+05:30,53644.05,0,0.0,0,0.0,0.0,53282.15,53667.55,52783.45,53710.35,0,0.0,0.0,0.0,0.0,-0.01,-1,-1,-0.01,-1,-1,-0.01,-1,-1,-0.01,-1,-1,-0.01,-1,-1,-0.01,-1,-1,-0.01,-1,-1,-0.01,-1,-1,-0.01,-1,-1,-0.01,-1,-1
99926009,2026-05-18 15:04:42+05:30,53644.05,0,0.0,0,0.0,0.0,53282.15,53667.55,52783.45,53710.35,0,0.0,0.0,0.0,0.0,-0.01,-1,-1,-0.01,-1,-1,-0.01,-1,-1,-0.01,-1,-1,-0.01,-1,-1,-0.01,-1,-1,-0.01,-1,-1,-0.01,-1,-1,-0.01,-1,-1,-0.01,-1,-1
99926009,2026-05-18 15:04:42+05:30,53647.2,0,0.0,0,0.0,0.0,53282.15,53667.55,52783.45,53710.35,0,0.0,0.0,0.0,0.0,-0.01,-1,-1,-0.01,-1,-1,-0.01,-1,-1,-0.01,-1,-1,-0.01,-1,-1,-0.01,-1,-1,-0.01,-1,-1,-0.01,-1,-1,-0.01,-1,-1,-0.01,-1,-1
99926009,2026-05-18 15:04:42+05:30,53644.35,0,0.0,0,0.0,0.0,53282.15,53667.55,52783.45,53710.35,0,0.0,0.0,0.0,0.0,-0.01,-1,-1,-0.01,-1,-1,-0.01,-1,-1,-0.01,-1,-1,-0.01,-1,-1,-0.01,-1,-1,-0.01,-1,-1,-0.01,-1,-1,-0.01,-1,-1,-0.01,-1,-1
99926009,2026-05-18 15:04:43+05:30,53644.35,0,0.0,0,0.0,0.0,53282.15,53667.55,52783.45,53710.35,0,0.0,0.0,0.0,0.0,-0.01,-1,-1,-0.01,-1,-1,-0.01,-1,-1,-0.01,-1,-1,-0.01,-1,-1,-0.01,-1,-1,-0.01,-1,-1,-0.01,-1,-1,-0.01,-1,-1,-0.01,-1,-1
99926009,2026-05-18 15:04:43+05:30,53646.8,0,0.0,0,0.0,0.0,53282.15,53667.55,52783.45,53710.35,0,0.0,0.0,0.0,0.0,-0.01,-1,-1,-0.01,-1,-1,-0.01,-1,-1,-0.01,-1,-1,-0.01,-1,-1,-0.01,-1,-1,-0.01,-1,-1,-0.01,-1,-1,-0.01,-1,-1,-0.01,-1,-1
99926009,2026-05-18 15:04:43+05:30,53646.05,0,0.0,0,0.0,0.0,53282.15,53667.55,52783.45,53710.35,0,0.0,0.0,0.0,0.0,-0.01,-1,-1,-0.01,-1,-1,-0.01,-1,-1,-0.01,-1,-1,-0.01,-1,-1,-0.01,-1,-1,-0.01,-1,-1,-0.01,-1,-1,-0.01,-1,-1,-0.01,-1,-1
99926009,2026-05-18 15:04:44+05:30,53646.05,0,0.0,0,0.0,0.0,53282.15,53667.55,52783.45,53710.35,0,0.0,0.0,0.0,0.0,-0.01,-1,-1,-0.01,-1,-1,-0.01,-1,-1,-0.01,-1,-1,-0.01,-1,-1,-0.01,-1,-1,-0.01,-1,-1,-0.01,-1,-1,-0.01,-1,-1,-0.01,-1,-1
99926009,2026-05-18 15:04:44+05:30,53643.2,0,0.0,0,0.0,0.0,53282.15,53667.55,52783.45,53710.35,0,0.0,0.0,0.0,0.0,-0.01,-1,-1,-0.01,-1,-1,-0.01,-1,-1,-0.01,-1,-1,-0.01,-1,-1,-0.01,-1,-1,-0.01,-1,-1,-0.01,-1,-1,-0.01,-1,-1,-0.01,-1,-1
99926009,2026-05-18 15:04:44+05:30,53641.75,0,0.0,0,0.0,0.0,53282.15,53667.55,52783.45,53710.35,0,0.0,0.0,0.0,0.0,-0.01,-1,-1,-0.01,-1,-1,-0.01,-1,-1,-0.01,-1,-1,-0.01,-1,-1,-0.01,-1,-1,-0.01,-1,-1,-0.01,-1,-1,-0.01,-1,-1,-0.01,-1,-1
99926009,2026-05-18 15:04:45+05:30,53641.75,0,0.0,0,0.0,0.0,53282.15,53667.55,52783.45,53710.35,0,0.0,0.0,0.0,0.0,-0.01,-1,-1,-0.01,-1,-1,-0.01,-1,-1,-0.01,-1,-1,-0.01,-1,-1,-0.01,-1,-1,-0.01,-1,-1,-0.01,-1,-1,-0.01,-1,-1,-0.01,-1,-1
99926009,2026-05-18 15:04:45+05:30,53641.7,0,0.0,0,0.0,0.0,53282.15,53667.55,52783.45,53710.35,0,0.0,0.0,0.0,0.0,-0.01,-1,-1,-0.01,-1,-1,-0.01,-1,-1,-0.01,-1,-1,-0.01,-1,-1,-0.01,-1,-1,-0.01,-1,-1,-0.01,-1,-1,-0.01,-1,-1,-0.01,-1,-1
99926009,2026-05-18 15:04:45+05:30,53642.1,0,0.0,0,0.0,0.0,53282.15,53667.55,52783.45,53710.35,0,0.0,0.0,0.0,0.0,-0.01,-1,-1,-0.01,-1,-1,-0.01,-1,-1,-0.01,-1,-1,-0.01,-1,-1,-0.01,-1,-1,-0.01,-1,-1,-0.01,-1,-1,-0.01,-1,-1,-0.01,-1,-1
99926009,2026-05-18 15:04:46+05:30,53642.1,0,0.0,0,0.0,0.0,53282.15,53667.55,52783.45,53710.35,0,0.0,0.0,0.0,0.0,-0.01,-1,-1,-0.01,-1,-1,-0.01,-1,-1,-0.01,-1,-1,-0.01,-1,-1,-0.01,-1,-1,-0.01,-1,-1,-0.01,-1,-1,-0.01,-1,-1,-0.01,-1,-1
99926009,2026-05-18 15:04:46+05:30,53641.75,0,0.0,0,0.0,0.0,53282.15,53667.55,52783.45,53710.35,0,0.0,0.0,0.0,0.0,-0.01,-1,-1,-0.01,-1,-1,-0.01,-1,-1,-0.01,-1,-1,-0.01,-1,-1,-0.01,-1,-1,-0.01,-1,-1,-0.01,-1,-1,-0.01,-1,-1,-0.01,-1,-1
99926009,2026-05-18 15:04:46+05:30,53639.3,0,0.0,0,0.0,0.0,53282.15,53667.55,52783.45,53710.35,0,0.0,0.0,0.0,0.0,-0.01,-1,-1,-0.01,-1,-1,-0.01,-1,-1,-0.01,-1,-1,-0.01,-1,-1,-0.01,-1,-1,-0.01,-1,-1,-0.01,-1,-1,-0.01,-1,-1,-0.01,-1,-1
99926009,2026-05-18 15:04:47+05:30,53639.3,0,0.0,0,0.0,0.0,53282.15,53667.55,52783.45,53710.35,0,0.0,0.0,0.0,0.0,-0.01,-1,-1,-0.01,-1,-1,-0.01,-1,-1,-0.01,-1,-1,-0.01,-1,-1,-0.01,-1,-1,-0.01,-1,-1,-0.01,-1,-1,-0.01,-1,-1,-0.01,-1,-1
99926009,2026-05-18 15:04:47+05:30,53639.3,0,0.0,0,0.0,0.0,53282.15,53667.55,52783.45,53710.35,0,0.0,0.0,0.0,0.0,-0.01,-1,-1,-0.01,-1,-1,-0.01,-1,-1,-0.01,-1,-1,-0.01,-1,-1,-0.01,-1,-1,-0.01,-1,-1,-0.01,-1,-1,-0.01,-1,-1,-0.01,-1,-1
99926009,2026-05-18 15:04:47+05:30,53638.7,0,0.0,0,0.0,0.0,53282.15,53667.55,52783.45,53710.35,0,0.0,0.0,0.0,0.0,-0.01,-1,-1,-0.01,-1,-1,-0.01,-1,-1,-0.01,-1,-1,-0.01,-1,-1,-0.01,-1,-1,-0.01,-1,-1,-0.01,-1,-1,-0.01,-1,-1,-0.01,-1,-1
99926009,2026-05-18 15:04:48+05:30,53638.7,0,0.0,0,0.0,0.0,53282.15,53667.55,52783.45,53710.35,0,0.0,0.0,0.0,0.0,-0.01,-1,-1,-0.01,-1,-1,-0.01,-1,-1,-0.01,-1,-1,-0.01,-1,-1,-0.01,-1,-1,-0.01,-1,-1,-0.01,-1,-1,-0.01,-1,-1,-0.01,-1,-1
99926009,2026-05-18 15:04:48+05:30,53642.7,0,0.0,0,0.0,0.0,53282.15,53667.55,52783.45,53710.35,0,0.0,0.0,0.0,0.0,-0.01,-1,-1,-0.01,-1,-1,-0.01,-1,-1,-0.01,-1,-1,-0.01,-1,-1,-0.01,-1,-1,-0.01,-1,-1,-0.01,-1,-1,-0.01,-1,-1,-0.01,-1,-1
99926009,2026-05-18 15:04:48+05:30,53638.25,0,0.0,0,0.0,0.0,53282.15,53667.55,52783.45,53710.35,0,0.0,0.0,0.0,0.0,-0.01,-1,-1,-0.01,-1,-1,-0.01,-1,-1,-0.01,-1,-1,-0.01,-1,-1,-0.01,-1,-1,-0.01,-1,-1,-0.01,-1,-1,-0.01,-1,-1,-0.01,-1,-1
99926009,2026-05-18 15:04:49+05:30,53638.25,0,0.0,0,0.0,0.0,53282.15,53667.55,52783.45,53710.35,0,0.0,0.0,0.0,0.0,-0.01,-1,-1,-0.01,-1,-1,-0.01,-1,-1,-0.01,-1,-1,-0.01,-1,-1,-0.01,-1,-1,-0.01,-1,-1,-0.01,-1,-1,-0.01,-1,-1,-0.01,-1,-1
99926009,2026-05-18 15:04:49+05:30,53636.15,0,0.0,0,0.0,0.0,53282.15,53667.55,52783.45,53710.35,0,0.0,0.0,0.0,0.0,-0.01,-1,-1,-0.01,-1,-1,-0.01,-1,-1,-0.01,-1,-1,-0.01,-1,-1,-0.01,-1,-1,-0.01,-1,-1,-0.01,-1,-1,-0.01,-1,-1,-0.01,-1,-1
99926009,2026-05-18 15:04:49+05:30,53632.8,0,0.0,0,0.0,0.0,53282.15,53667.55,52783.45,53710.35,0,0.0,0.0,0.0,0.0,-0.01,-1,-1,-0.01,-1,-1,-0.01,-1,-1,-0.01,-1,-1,-0.01,-1,-1,-0.01,-1,-1,-0.01,-1,-1,-0.01,-1,-1,-0.01,-1,-1,-0.01,-1,-1
99926009,2026-05-18 15:04:50+05:30,53632.8,0,0.0,0,0.0,0.0,53282.15,53667.55,52783.45,53710.35,0,0.0,0.0,0.0,0.0,-0.01,-1,-1,-0.01,-1,-1,-0.01,-1,-1,-0.01,-1,-1,-0.01,-1,-1,-0.01,-1,-1,-0.01,-1,-1,-0.01,-1,-1,-0.01,-1,-1,-0.01,-1,-1
99926009,2026-05-18 15:04:50+05:30,53635.8,0,0.0,0,0.0,0.0,53282.15,53667.55,52783.45,53710.35,0,0.0,0.0,0.0,0.0,-0.01,-1,-1,-0.01,-1,-1,-0.01,-1,-1,-0.01,-1,-1,-0.01,-1,-1,-0.01,-1,-1,-0.01,-1,-1,-0.01,-1,-1,-0.01,-1,-1,-0.01,-1,-1
99926009,2026-05-18 15:04:50+05:30,53628.4,0,0.0,0,0.0,0.0,53282.15,53667.55,52783.45,53710.35,0,0.0,0.0,0.0,0.0,-0.01,-1,-1,-0.01,-1,-1,-0.01,-1,-1,-0.01,-1,-1,-0.01,-1,-1,-0.01,-1,-1,-0.01,-1,-1,-0.01,-1,-1,-0.01,-1,-1,-0.01,-1,-1
99926009,2026-05-18 15:04:51+05:30,53628.4,0,0.0,0,0.0,0.0,53282.15,53667.55,52783.45,53710.35,0,0.0,0.0,0.0,0.0,-0.01,-1,-1,-0.01,-1,-1,-0.01,-1,-1,-0.01,-1,-1,-0.01,-1,-1,-0.01,-1,-1,-0.01,-1,-1,-0.01,-1,-1,-0.01,-1,-1,-0.01,-1,-1
99926009,2026-05-18 15:04:51+05:30,53623.8,0,0.0,0,0.0,0.0,53282.15,53667.55,52783.45,53710.35,0,0.0,0.0,0.0,0.0,-0.01,-1,-1,-0.01,-1,-1,-0.01,-1,-1,-0.01,-1,-1,-0.01,-1,-1,-0.01,-1,-1,-0.01,-1,-1,-0.01,-1,-1,-0.01,-1,-1,-0.01,-1,-1
99926009,2026-05-18 15:04:51+05:30,53621.0,0,0.0,0,0.0,0.0,53282.15,53667.55,52783.45,53710.35,0,0.0,0.0,0.0,0.0,-0.01,-1,-1,-0.01,-1,-1,-0.01,-1,-1,-0.01,-1,-1,-0.01,-1,-1,-0.01,-1,-1,-0.01,-1,-1,-0.01,-1,-1,-0.01,-1,-1,-0.01,-1,-1
99926009,2026-05-18 15:04:52+05:30,53621.0,0,0.0,0,0.0,0.0,53282.15,53667.55,52783.45,53710.35,0,0.0,0.0,0.0,0.0,-0.01,-1,-1,-0.01,-1,-1,-0.01,-1,-1,-0.01,-1,-1,-0.01,-1,-1,-0.01,-1,-1,-0.01,-1,-1,-0.01,-1,-1,-0.01,-1,-1,-0.01,-1,-1
99926009,2026-05-18 15:04:52+05:30,53620.4,0,0.0,0,0.0,0.0,53282.15,53667.55,52783.45,53710.35,0,0.0,0.0,0.0,0.0,-0.01,-1,-1,-0.01,-1,-1,-0.01,-1,-1,-0.01,-1,-1,-0.01,-1,-1,-0.01,-1,-1,-0.01,-1,-1,-0.01,-1,-1,-0.01,-1,-1,-0.01,-1,-1
99926009,2026-05-18 15:04:52+05:30,53616.9,0,0.0,0,0.0,0.0,53282.15,53667.55,52783.45,53710.35,0,0.0,0.0,0.0,0.0,-0.01,-1,-1,-0.01,-1,-1,-0.01,-1,-1,-0.01,-1,-1,-0.01,-1,-1,-0.01,-1,-1,-0.01,-1,-1,-0.01,-1,-1,-0.01,-1,-1,-0.01,-1,-1
99926009,2026-05-18 15:04:53+05:30,53616.9,0,0.0,0,0.0,0.0,53282.15,53667.55,52783.45,53710.35,0,0.0,0.0,0.0,0.0,-0.01,-1,-1,-0.01,-1,-1,-0.01,-1,-1,-0.01,-1,-1,-0.01,-1,-1,-0.01,-1,-1,-0.01,-1,-1,-0.01,-1,-1,-0.01,-1,-1,-0.01,-1,-1
99926009,2026-05-18 15:04:53+05:30,53622.45,0,0.0,0,0.0,0.0,53282.15,53667.55,52783.45,53710.35,0,0.0,0.0,0.0,0.0,-0.01,-1,-1,-0.01,-1,-1,-0.01,-1,-1,-0.01,-1,-1,-0.01,-1,-1,-0.01,-1,-1,-0.01,-1,-1,-0.01,-1,-1,-0.01,-1,-1,-0.01,-1,-1
99926009,2026-05-18 15:04:53+05:30,53619.3,0,0.0,0,0.0,0.0,53282.15,53667.55,52783.45,53710.35,0,0.0,0.0,0.0,0.0,-0.01,-1,-1,-0.01,-1,-1,-0.01,-1,-1,-0.01,-1,-1,-0.01,-1,-1,-0.01,-1,-1,-0.01,-1,-1,-0.01,-1,-1,-0.01,-1,-1,-0.01,-1,-1
99926009,2026-05-18 15:04:54+05:30,53619.3,0,0.0,0,0.0,0.0,53282.15,53667.55,52783.45,53710.35,0,0.0,0.0,0.0,0.0,-0.01,-1,-1,-0.01,-1,-1,-0.01,-1,-1,-0.01,-1,-1,-0.01,-1,-1,-0.01,-1,-1,-0.01,-1,-1,-0.01,-1,-1,-0.01,-1,-1,-0.01,-1,-1
99926009,2026-05-18 15:04:54+05:30,53616.85,0,0.0,0,0.0,0.0,53282.15,53667.55,52783.45,53710.35,0,0.0,0.0,0.0,0.0,-0.01,-1,-1,-0.01,-1,-1,-0.01,-1,-1,-0.01,-1,-1,-0.01,-1,-1,-0.01,-1,-1,-0.01,-1,-1,-0.01,-1,-1,-0.01,-1,-1,-0.01,-1,-1
99926009,2026-05-18 15:04:54+05:30,53613.75,0,0.0,0,0.0,0.0,53282.15,53667.55,52783.45,53710.35,0,0.0,0.0,0.0,0.0,-0.01,-1,-1,-0.01,-1,-1,-0.01,-1,-1,-0.01,-1,-1,-0.01,-1,-1,-0.01,-1,-1,-0.01,-1,-1,-0.01,-1,-1,-0.01,-1,-1,-0.01,-1,-1
99926009,2026-05-18 15:04:55+05:30,53613.75,0,0.0,0,0.0,0.0,53282.15,53667.55,52783.45,53710.35,0,0.0,0.0,0.0,0.0,-0.01,-1,-1,-0.01,-1,-1,-0.01,-1,-1,-0.01,-1,-1,-0.01,-1,-1,-0.01,-1,-1,-0.01,-1,-1,-0.01,-1,-1,-0.01,-1,-1,-0.01,-1,-1
99926009,2026-05-18 15:04:55+05:30,53615.35,0,0.0,0,0.0,0.0,53282.15,53667.55,52783.45,53710.35,0,0.0,0.0,0.0,0.0,-0.01,-1,-1,-0.01,-1,-1,-0.01,-1,-1,-0.01,-1,-1,-0.01,-1,-1,-0.01,-1,-1,-0.01,-1,-1,-0.01,-1,-1,-0.01,-1,-1,-0.01,-1,-1
99926009,2026-05-18 15:04:55+05:30,53616.65,0,0.0,0,0.0,0.0,53282.15,53667.55,52783.45,53710.35,0,0.0,0.0,0.0,0.0,-0.01,-1,-1,-0.01,-1,-1,-0.01,-1,-1,-0.01,-1,-1,-0.01,-1,-1,-0.01,-1,-1,-0.01,-1,-1,-0.01,-1,-1,-0.01,-1,-1,-0.01,-1,-1
99926009,2026-05-18 15:04:56+05:30,53616.65,0,0.0,0,0.0,0.0,53282.15,53667.55,52783.45,53710.35,0,0.0,0.0,0.0,0.0,-0.01,-1,-1,-0.01,-1,-1,-0.01,-1,-1,-0.01,-1,-1,-0.01,-1,-1,-0.01,-1,-1,-0.01,-1,-1,-0.01,-1,-1,-0.01,-1,-1,-0.01,-1,-1
99926009,2026-05-18 15:04:56+05:30,53617.3,0,0.0,0,0.0,0.0,53282.15,53667.55,52783.45,53710.35,0,0.0,0.0,0.0,0.0,-0.01,-1,-1,-0.01,-1,-1,-0.01,-1,-1,-0.01,-1,-1,-0.01,-1,-1,-0.01,-1,-1,-0.01,-1,-1,-0.01,-1,-1,-0.01,-1,-1,-0.01,-1,-1
99926009,2026-05-18 15:04:56+05:30,53612.5,0,0.0,0,0.0,0.0,53282.15,53667.55,52783.45,53710.35,0,0.0,0.0,0.0,0.0,-0.01,-1,-1,-0.01,-1,-1,-0.01,-1,-1,-0.01,-1,-1,-0.01,-1,-1,-0.01,-1,-1,-0.01,-1,-1,-0.01,-1,-1,-0.01,-1,-1,-0.01,-1,-1
99926009,2026-05-18 15:04:57+05:30,53612.5,0,0.0,0,0.0,0.0,53282.15,53667.55,52783.45,53710.35,0,0.0,0.0,0.0,0.0,-0.01,-1,-1,-0.01,-1,-1,-0.01,-1,-1,-0.01,-1,-1,-0.01,-1,-1,-0.01,-1,-1,-0.01,-1,-1,-0.01,-1,-1,-0.01,-1,-1,-0.01,-1,-1
99926009,2026-05-18 15:04:57+05:30,53614.4,0,0.0,0,0.0,0.0,53282.15,53667.55,52783.45,53710.35,0,0.0,0.0,0.0,0.0,-0.01,-1,-1,-0.01,-1,-1,-0.01,-1,-1,-0.01,-1,-1,-0.01,-1,-1,-0.01,-1,-1,-0.01,-1,-1,-0.01,-1,-1,-0.01,-1,-1,-0.01,-1,-1
99926009,2026-05-18 15:04:57+05:30,53608.25,0,0.0,0,0.0,0.0,53282.15,53667.55,52783.45,53710.35,0,0.0,0.0,0.0,0.0,-0.01,-1,-1,-0.01,-1,-1,-0.01,-1,-1,-0.01,-1,-1,-0.01,-1,-1,-0.01,-1,-1,-0.01,-1,-1,-0.01,-1,-1,-0.01,-1,-1,-0.01,-1,-1
99926009,2026-05-18 15:04:58+05:30,53608.25,0,0.0,0,0.0,0.0,53282.15,53667.55,52783.45,53710.35,0,0.0,0.0,0.0,0.0,-0.01,-1,-1,-0.01,-1,-1,-0.01,-1,-1,-0.01,-1,-1,-0.01,-1,-1,-0.01,-1,-1,-0.01,-1,-1,-0.01,-1,-1,-0.01,-1,-1,-0.01,-1,-1
99926009,2026-05-18 15:04:58+05:30,53613.4,0,0.0,0,0.0,0.0,53282.15,53667.55,52783.45,53710.35,0,0.0,0.0,0.0,0.0,-0.01,-1,-1,-0.01,-1,-1,-0.01,-1,-1,-0.01,-1,-1,-0.01,-1,-1,-0.01,-1,-1,-0.01,-1,-1,-0.01,-1,-1,-0.01,-1,-1,-0.01,-1,-1
99926009,2026-05-18 15:04:58+05:30,53616.55,0,0.0,0,0.0,0.0,53282.15,53667.55,52783.45,53710.35,0,0.0,0.0,0.0,0.0,-0.01,-1,-1,-0.01,-1,-1,-0.01,-1,-1,-0.01,-1,-1,-0.01,-1,-1,-0.01,-1,-1,-0.01,-1,-1,-0.01,-1,-1,-0.01,-1,-1,-0.01,-1,-1
99926009,2026-05-18 15:04:59+05:30,53616.55,0,0.0,0,0.0,0.0,53282.15,53667.55,52783.45,53710.35,0,0.0,0.0,0.0,0.0,-0.01,-1,-1,-0.01,-1,-1,-0.01,-1,-1,-0.01,-1,-1,-0.01,-1,-1,-0.01,-1,-1,-0.01,-1,-1,-0.01,-1,-1,-0.01,-1,-1,-0.01,-1,-1
99926009,2026-05-18 15:04:59+05:30,53616.4,0,0.0,0,0.0,0.0,53282.15,53667.55,52783.45,53710.35,0,0.0,0.0,0.0,0.0,-0.01,-1,-1,-0.01,-1,-1,-0.01,-1,-1,-0.01,-1,-1,-0.01,-1,-1,-0.01,-1,-1,-0.01,-1,-1,-0.01,-1,-1,-0.01,-1,-1,-0.01,-1,-1
99926009,2026-05-18 15:04:59+05:30,53608.15,0,0.0,0,0.0,0.0,53282.15,53667.55,52783.45,53710.35,0,0.0,0.0,0.0,0.0,-0.01,-1,-1,-0.01,-1,-1,-0.01,-1,-1,-0.01,-1,-1,-0.01,-1,-1,-0.01,-1,-1,-0.01,-1,-1,-0.01,-1,-1,-0.01,-1,-1,-0.01,-1,-1
99926009,2026-05-18 15:05:00+05:30,53608.15,0,0.0,0,0.0,0.0,53282.15,53667.55,52783.45,53710.35,0,0.0,0.0,0.0,0.0,-0.01,-1,-1,-0.01,-1,-1,-0.01,-1,-1,-0.01,-1,-1,-0.01,-1,-1,-0.01,-1,-1,-0.01,-1,-1,-0.01,-1,-1,-0.01,-1,-1,-0.01,-1,-1
99926009,2026-05-18 15:05:00+05:30,53610.55,0,0.0,0,0.0,0.0,53282.15,53667.55,52783.45,53710.35,0,0.0,0.0,0.0,0.0,-0.01,-1,-1,-0.01,-1,-1,-0.01,-1,-1,-0.01,-1,-1,-0.01,-1,-1,-0.01,-1,-1,-0.01,-1,-1,-0.01,-1,-1,-0.01,-1,-1,-0.01,-1,-1
99926009,2026-05-18 15:05:00+05:30,53614.7,0,0.0,0,0.0,0.0,53282.15,53667.55,52783.45,53710.35,0,0.0,0.0,0.0,0.0,-0.01,-1,-1,-0.01,-1,-1,-0.01,-1,-1,-0.01,-1,-1,-0.01,-1,-1,-0.01,-1,-1,-0.01,-1,-1,-0.01,-1,-1,-0.01,-1,-1,-0.01,-1,-1
99926009,2026-05-18 15:05:01+05:30,53614.7,0,0.0,0,0.0,0.0,53282.15,53667.55,52783.45,53710.35,0,0.0,0.0,0.0,0.0,-0.01,-1,-1,-0.01,-1,-1,-0.01,-1,-1,-0.01,-1,-1,-0.01,-1,-1,-0.01,-1,-1,-0.01,-1,-1,-0.01,-1,-1,-0.01,-1,-1,-0.01,-1,-1
99926009,2026-05-18 15:05:01+05:30,53609.1,0,0.0,0,0.0,0.0,53282.15,53667.55,52783.45,53710.35,0,0.0,0.0,0.0,0.0,-0.01,-1,-1,-0.01,-1,-1,-0.01,-1,-1,-0.01,-1,-1,-0.01,-1,-1,-0.01,-1,-1,-0.01,-1,-1,-0.01,-1,-1,-0.01,-1,-1,-0.01,-1,-1
99926009,2026-05-18 15:05:01+05:30,53618.2,0,0.0,0,0.0,0.0,53282.15,53667.55,52783.45,53710.35,0,0.0,0.0,0.0,0.0,-0.01,-1,-1,-0.01,-1,-1,-0.01,-1,-1,-0.01,-1,-1,-0.01,-1,-1,-0.01,-1,-1,-0.01,-1,-1,-0.01,-1,-1,-0.01,-1,-1,-0.01,-1,-1
99926009,2026-05-18 15:05:02+05:30,53618.2,0,0.0,0,0.0,0.0,53282.15,53667.55,52783.45,53710.35,0,0.0,0.0,0.0,0.0,-0.01,-1,-1,-0.01,-1,-1,-0.01,-1,-1,-0.01,-1,-1,-0.01,-1,-1,-0.01,-1,-1,-0.01,-1,-1,-0.01,-1,-1,-0.01,-1,-1,-0.01,-1,-1
99926009,2026-05-18 15:05:02+05:30,53622.15,0,0.0,0,0.0,0.0,53282.15,53667.55,52783.45,53710.35,0,0.0,0.0,0.0,0.0,-0.01,-1,-1,-0.01,-1,-1,-0.01,-1,-1,-0.01,-1,-1,-0.01,-1,-1,-0.01,-1,-1,-0.01,-1,-1,-0.01,-1,-1,-0.01,-1,-1,-0.01,-1,-1
99926009,2026-05-18 15:05:02+05:30,53620.5,0,0.0,0,0.0,0.0,53282.15,53667.55,52783.45,53710.35,0,0.0,0.0,0.0,0.0,-0.01,-1,-1,-0.01,-1,-1,-0.01,-1,-1,-0.01,-1,-1,-0.01,-1,-1,-0.01,-1,-1,-0.01,-1,-1,-0.01,-1,-1,-0.01,-1,-1,-0.01,-1,-1
99926009,2026-05-18 15:05:03+05:30,53620.5,0,0.0,0,0.0,0.0,53282.15,53667.55,52783.45,53710.35,0,0.0,0.0,0.0,0.0,-0.01,-1,-1,-0.01,-1,-1,-0.01,-1,-1,-0.01,-1,-1,-0.01,-1,-1,-0.01,-1,-1,-0.01,-1,-1,-0.01,-1,-1,-0.01,-1,-1,-0.01,-1,-1
99926009,2026-05-18 15:05:03+05:30,53619.9,0,0.0,0,0.0,0.0,53282.15,53667.55,52783.45,53710.35,0,0.0,0.0,0.0,0.0,-0.01,-1,-1,-0.01,-1,-1,-0.01,-1,-1,-0.01,-1,-1,-0.01,-1,-1,-0.01,-1,-1,-0.01,-1,-1,-0.01,-1,-1,-0.01,-1,-1,-0.01,-1,-1
99926009,2026-05-18 15:05:03+05:30,53621.2,0,0.0,0,0.0,0.0,53282.15,53667.55,52783.45,53710.35,0,0.0,0.0,0.0,0.0,-0.01,-1,-1,-0.01,-1,-1,-0.01,-1,-1,-0.01,-1,-1,-0.01,-1,-1,-0.01,-1,-1,-0.01,-1,-1,-0.01,-1,-1,-0.01,-1,-1,-0.01,-1,-1
99926009,2026-05-18 15:05:04+05:30,53621.2,0,0.0,0,0.0,0.0,53282.15,53667.55,52783.45,53710.35,0,0.0,0.0,0.0,0.0,-0.01,-1,-1,-0.01,-1,-1,-0.01,-1,-1,-0.01,-1,-1,-0.01,-1,-1,-0.01,-1,-1,-0.01,-1,-1,-0.01,-1,-1,-0.01,-1,-1,-0.01,-1,-1
99926009,2026-05-18 15:05:04+05:30,53620.85,0,0.0,0,0.0,0.0,53282.15,53667.55,52783.45,53710.35,0,0.0,0.0,0.0,0.0,-0.01,-1,-1,-0.01,-1,-1,-0.01,-1,-1,-0.01,-1,-1,-0.01,-1,-1,-0.01,-1,-1,-0.01,-1,-1,-0.01,-1,-1,-0.01,-1,-1,-0.01,-1,-1
99926009,2026-05-18 15:05:04+05:30,53625.3,0,0.0,0,0.0,0.0,53282.15,53667.55,52783.45,53710.35,0,0.0,0.0,0.0,0.0,-0.01,-1,-1,-0.01,-1,-1,-0.01,-1,-1,-0.01,-1,-1,-0.01,-1,-1,-0.01,-1,-1,-0.01,-1,-1,-0.01,-1,-1,-0.01,-1,-1,-0.01,-1,-1
99926009,2026-05-18 15:05:05+05:30,53625.3,0,0.0,0,0.0,0.0,53282.15,53667.55,52783.45,53710.35,0,0.0,0.0,0.0,0.0,-0.01,-1,-1,-0.01,-1,-1,-0.01,-1,-1,-0.01,-1,-1,-0.01,-1,-1,-0.01,-1,-1,-0.01,-1,-1,-0.01,-1,-1,-0.01,-1,-1,-0.01,-1,-1
99926009,2026-05-18 15:05:05+05:30,53627.35,0,0.0,0,0.0,0.0,53282.15,53667.55,52783.45,53710.35,0,0.0,0.0,0.0,0.0,-0.01,-1,-1,-0.01,-1,-1,-0.01,-1,-1,-0.01,-1,-1,-0.01,-1,-1,-0.01,-1,-1,-0.01,-1,-1,-0.01,-1,-1,-0.01,-1,-1,-0.01,-1,-1
99926009,2026-05-18 15:05:05+05:30,53628.7,0,0.0,0,0.0,0.0,53282.15,53667.55,52783.45,53710.35,0,0.0,0.0,0.0,0.0,-0.01,-1,-1,-0.01,-1,-1,-0.01,-1,-1,-0.01,-1,-1,-0.01,-1,-1,-0.01,-1,-1,-0.01,-1,-1,-0.01,-1,-1,-0.01,-1,-1,-0.01,-1,-1
99926009,2026-05-18 15:05:06+05:30,53628.7,0,0.0,0,0.0,0.0,53282.15,53667.55,52783.45,53710.35,0,0.0,0.0,0.0,0.0,-0.01,-1,-1,-0.01,-1,-1,-0.01,-1,-1,-0.01,-1,-1,-0.01,-1,-1,-0.01,-1,-1,-0.01,-1,-1,-0.01,-1,-1,-0.01,-1,-1,-0.01,-1,-1
99926009,2026-05-18 15:05:06+05:30,53624.5,0,0.0,0,0.0,0.0,53282.15,53667.55,52783.45,53710.35,0,0.0,0.0,0.0,0.0,-0.01,-1,-1,-0.01,-1,-1,-0.01,-1,-1,-0.01,-1,-1,-0.01,-1,-1,-0.01,-1,-1,-0.01,-1,-1,-0.01,-1,-1,-0.01,-1,-1,-0.01,-1,-1
99926009,2026-05-18 15:05:06+05:30,53627.0,0,0.0,0,0.0,0.0,53282.15,53667.55,52783.45,53710.35,0,0.0,0.0,0.0,0.0,-0.01,-1,-1,-0.01,-1,-1,-0.01,-1,-1,-0.01,-1,-1,-0.01,-1,-1,-0.01,-1,-1,-0.01,-1,-1,-0.01,-1,-1,-0.01,-1,-1,-0.01,-1,-1
99926009,2026-05-18 15:05:07+05:30,53627.0,0,0.0,0,0.0,0.0,53282.15,53667.55,52783.45,53710.35,0,0.0,0.0,0.0,0.0,-0.01,-1,-1,-0.01,-1,-1,-0.01,-1,-1,-0.01,-1,-1,-0.01,-1,-1,-0.01,-1,-1,-0.01,-1,-1,-0.01,-1,-1,-0.01,-1,-1,-0.01,-1,-1
99926009,2026-05-18 15:05:07+05:30,53632.7,0,0.0,0,0.0,0.0,53282.15,53667.55,52783.45,53710.35,0,0.0,0.0,0.0,0.0,-0.01,-1,-1,-0.01,-1,-1,-0.01,-1,-1,-0.01,-1,-1,-0.01,-1,-1,-0.01,-1,-1,-0.01,-1,-1,-0.01,-1,-1,-0.01,-1,-1,-0.01,-1,-1
99926009,2026-05-18 15:05:07+05:30,53628.5,0,0.0,0,0.0,0.0,53282.15,53667.55,52783.45,53710.35,0,0.0,0.0,0.0,0.0,-0.01,-1,-1,-0.01,-1,-1,-0.01,-1,-1,-0.01,-1,-1,-0.01,-1,-1,-0.01,-1,-1,-0.01,-1,-1,-0.01,-1,-1,-0.01,-1,-1,-0.01,-1,-1
99926009,2026-05-18 15:05:08+05:30,53628.5,0,0.0,0,0.0,0.0,53282.15,53667.55,52783.45,53710.35,0,0.0,0.0,0.0,0.0,-0.01,-1,-1,-0.01,-1,-1,-0.01,-1,-1,-0.01,-1,-1,-0.01,-1,-1,-0.01,-1,-1,-0.01,-1,-1,-0.01,-1,-1,-0.01,-1,-1,-0.01,-1,-1
99926009,2026-05-18 15:05:08+05:30,53630.35,0,0.0,0,0.0,0.0,53282.15,53667.55,52783.45,53710.35,0,0.0,0.0,0.0,0.0,-0.01,-1,-1,-0.01,-1,-1,-0.01,-1,-1,-0.01,-1,-1,-0.01,-1,-1,-0.01,-1,-1,-0.01,-1,-1,-0.01,-1,-1,-0.01,-1,-1,-0.01,-1,-1
99926009,2026-05-18 15:05:08+05:30,53627.2,0,0.0,0,0.0,0.0,53282.15,53667.55,52783.45,53710.35,0,0.0,0.0,0.0,0.0,-0.01,-1,-1,-0.01,-1,-1,-0.01,-1,-1,-0.01,-1,-1,-0.01,-1,-1,-0.01,-1,-1,-0.01,-1,-1,-0.01,-1,-1,-0.01,-1,-1,-0.01,-1,-1
99926009,2026-05-18 15:05:09+05:30,53627.2,0,0.0,0,0.0,0.0,53282.15,53667.55,52783.45,53710.35,0,0.0,0.0,0.0,0.0,-0.01,-1,-1,-0.01,-1,-1,-0.01,-1,-1,-0.01,-1,-1,-0.01,-1,-1,-0.01,-1,-1,-0.01,-1,-1,-0.01,-1,-1,-0.01,-1,-1,-0.01,-1,-1
99926009,2026-05-18 15:05:09+05:30,53627.6,0,0.0,0,0.0,0.0,53282.15,53667.55,52783.45,53710.35,0,0.0,0.0,0.0,0.0,-0.01,-1,-1,-0.01,-1,-1,-0.01,-1,-1,-0.01,-1,-1,-0.01,-1,-1,-0.01,-1,-1,-0.01,-1,-1,-0.01,-1,-1,-0.01,-1,-1,-0.01,-1,-1
99926009,2026-05-18 15:05:09+05:30,53629.3,0,0.0,0,0.0,0.0,53282.15,53667.55,52783.45,53710.35,0,0.0,0.0,0.0,0.0,-0.01,-1,-1,-0.01,-1,-1,-0.01,-1,-1,-0.01,-1,-1,-0.01,-1,-1,-0.01,-1,-1,-0.01,-1,-1,-0.01,-1,-1,-0.01,-1,-1,-0.01,-1,-1
99926009,2026-05-18 15:05:10+05:30,53629.3,0,0.0,0,0.0,0.0,53282.15,53667.55,52783.45,53710.35,0,0.0,0.0,0.0,0.0,-0.01,-1,-1,-0.01,-1,-1,-0.01,-1,-1,-0.01,-1,-1,-0.01,-1,-1,-0.01,-1,-1,-0.01,-1,-1,-0.01,-1,-1,-0.01,-1,-1,-0.01,-1,-1
99926009,2026-05-18 15:05:10+05:30,53625.5,0,0.0,0,0.0,0.0,53282.15,53667.55,52783.45,53710.35,0,0.0,0.0,0.0,0.0,-0.01,-1,-1,-0.01,-1,-1,-0.01,-1,-1,-0.01,-1,-1,-0.01,-1,-1,-0.01,-1,-1,-0.01,-1,-1,-0.01,-1,-1,-0.01,-1,-1,-0.01,-1,-1
99926009,2026-05-18 15:05:10+05:30,53632.6,0,0.0,0,0.0,0.0,53282.15,53667.55,52783.45,53710.35,0,0.0,0.0,0.0,0.0,-0.01,-1,-1,-0.01,-1,-1,-0.01,-1,-1,-0.01,-1,-1,-0.01,-1,-1,-0.01,-1,-1,-0.01,-1,-1,-0.01,-1,-1,-0.01,-1,-1,-0.01,-1,-1
99926009,2026-05-18 15:05:11+05:30,53632.6,0,0.0,0,0.0,0.0,53282.15,53667.55,52783.45,53710.35,0,0.0,0.0,0.0,0.0,-0.01,-1,-1,-0.01,-1,-1,-0.01,-1,-1,-0.01,-1,-1,-0.01,-1,-1,-0.01,-1,-1,-0.01,-1,-1,-0.01,-1,-1,-0.01,-1,-1,-0.01,-1,-1
99926009,2026-05-18 15:05:11+05:30,53627.9,0,0.0,0,0.0,0.0,53282.15,53667.55,52783.45,53710.35,0,0.0,0.0,0.0,0.0,-0.01,-1,-1,-0.01,-1,-1,-0.01,-1,-1,-0.01,-1,-1,-0.01,-1,-1,-0.01,-1,-1,-0.01,-1,-1,-0.01,-1,-1,-0.01,-1,-1,-0.01,-1,-1
99926009,2026-05-18 15:05:11+05:30,53624.1,0,0.0,0,0.0,0.0,53282.15,53667.55,52783.45,53710.35,0,0.0,0.0,0.0,0.0,-0.01,-1,-1,-0.01,-1,-1,-0.01,-1,-1,-0.01,-1,-1,-0.01,-1,-1,-0.01,-1,-1,-0.01,-1,-1,-0.01,-1,-1,-0.01,-1,-1,-0.01,-1,-1
99926009,2026-05-18 15:05:12+05:30,53624.1,0,0.0,0,0.0,0.0,53282.15,53667.55,52783.45,53710.35,0,0.0,0.0,0.0,0.0,-0.01,-1,-1,-0.01,-1,-1,-0.01,-1,-1,-0.01,-1,-1,-0.01,-1,-1,-0.01,-1,-1,-0.01,-1,-1,-0.01,-1,-1,-0.01,-1,-1,-0.01,-1,-1
99926009,2026-05-18 15:05:12+05:30,53625.6,0,0.0,0,0.0,0.0,53282.15,53667.55,52783.45,53710.35,0,0.0,0.0,0.0,0.0,-0.01,-1,-1,-0.01,-1,-1,-0.01,-1,-1,-0.01,-1,-1,-0.01,-1,-1,-0.01,-1,-1,-0.01,-1,-1,-0.01,-1,-1,-0.01,-1,-1,-0.01,-1,-1
99926009,2026-05-18 15:05:12+05:30,53629.35,0,0.0,0,0.0,0.0,53282.15,53667.55,52783.45,53710.35,0,0.0,0.0,0.0,0.0,-0.01,-1,-1,-0.01,-1,-1,-0.01,-1,-1,-0.01,-1,-1,-0.01,-1,-1,-0.01,-1,-1,-0.01,-1,-1,-0.01,-1,-1,-0.01,-1,-1,-0.01,-1,-1
99926009,2026-05-18 15:05:13+05:30,53629.35,0,0.0,0,0.0,0.0,53282.15,53667.55,52783.45,53710.35,0,0.0,0.0,0.0,0.0,-0.01,-1,-1,-0.01,-1,-1,-0.01,-1,-1,-0.01,-1,-1,-0.01,-1,-1,-0.01,-1,-1,-0.01,-1,-1,-0.01,-1,-1,-0.01,-1,-1,-0.01,-1,-1
99926009,2026-05-18 15:05:13+05:30,53628.05,0,0.0,0,0.0,0.0,53282.15,53667.55,52783.45,53710.35,0,0.0,0.0,0.0,0.0,-0.01,-1,-1,-0.01,-1,-1,-0.01,-1,-1,-0.01,-1,-1,-0.01,-1,-1,-0.01,-1,-1,-0.01,-1,-1,-0.01,-1,-1,-0.01,-1,-1,-0.01,-1,-1
99926009,2026-05-18 15:05:13+05:30,53627.85,0,0.0,0,0.0,0.0,53282.15,53667.55,52783.45,53710.35,0,0.0,0.0,0.0,0.0,-0.01,-1,-1,-0.01,-1,-1,-0.01,-1,-1,-0.01,-1,-1,-0.01,-1,-1,-0.01,-1,-1,-0.01,-1,-1,-0.01,-1,-1,-0.01,-1,-1,-0.01,-1,-1
99926009,2026-05-18 15:05:14+05:30,53627.85,0,0.0,0,0.0,0.0,53282.15,53667.55,52783.45,53710.35,0,0.0,0.0,0.0,0.0,-0.01,-1,-1,-0.01,-1,-1,-0.01,-1,-1,-0.01,-1,-1,-0.01,-1,-1,-0.01,-1,-1,-0.01,-1,-1,-0.01,-1,-1,-0.01,-1,-1,-0.01,-1,-1
99926009,2026-05-18 15:05:14+05:30,53627.15,0,0.0,0,0.0,0.0,53282.15,53667.55,52783.45,53710.35,0,0.0,0.0,0.0,0.0,-0.01,-1,-1,-0.01,-1,-1,-0.01,-1,-1,-0.01,-1,-1,-0.01,-1,-1,-0.01,-1,-1,-0.01,-1,-1,-0.01,-1,-1,-0.01,-1,-1,-0.01,-1,-1
99926009,2026-05-18 15:05:14+05:30,53624.9,0,0.0,0,0.0,0.0,53282.15,53667.55,52783.45,53710.35,0,0.0,0.0,0.0,0.0,-0.01,-1,-1,-0.01,-1,-1,-0.01,-1,-1,-0.01,-1,-1,-0.01,-1,-1,-0.01,-1,-1,-0.01,-1,-1,-0.01,-1,-1,-0.01,-1,-1,-0.01,-1,-1
99926009,2026-05-18 15:05:15+05:30,53624.9,0,0.0,0,0.0,0.0,53282.15,53667.55,52783.45,53710.35,0,0.0,0.0,0.0,0.0,-0.01,-1,-1,-0.01,-1,-1,-0.01,-1,-1,-0.01,-1,-1,-0.01,-1,-1,-0.01,-1,-1,-0.01,-1,-1,-0.01,-1,-1,-0.01,-1,-1,-0.01,-1,-1
99926009,2026-05-18 15:05:15+05:30,53623.75,0,0.0,0,0.0,0.0,53282.15,53667.55,52783.45,53710.35,0,0.0,0.0,0.0,0.0,-0.01,-1,-1,-0.01,-1,-1,-0.01,-1,-1,-0.01,-1,-1,-0.01,-1,-1,-0.01,-1,-1,-0.01,-1,-1,-0.01,-1,-1,-0.01,-1,-1,-0.01,-1,-1
99926009,2026-05-18 15:05:15+05:30,53627.05,0,0.0,0,0.0,0.0,53282.15,53667.55,52783.45,53710.35,0,0.0,0.0,0.0,0.0,-0.01,-1,-1,-0.01,-1,-1,-0.01,-1,-1,-0.01,-1,-1,-0.01,-1,-1,-0.01,-1,-1,-0.01,-1,-1,-0.01,-1,-1,-0.01,-1,-1,-0.01,-1,-1
99926009,2026-05-18 15:05:16+05:30,53627.05,0,0.0,0,0.0,0.0,53282.15,53667.55,52783.45,53710.35,0,0.0,0.0,0.0,0.0,-0.01,-1,-1,-0.01,-1,-1,-0.01,-1,-1,-0.01,-1,-1,-0.01,-1,-1,-0.01,-1,-1,-0.01,-1,-1,-0.01,-1,-1,-0.01,-1,-1,-0.01,-1,-1
99926009,2026-05-18 15:05:16+05:30,53624.15,0,0.0,0,0.0,0.0,53282.15,53667.55,52783.45,53710.35,0,0.0,0.0,0.0,0.0,-0.01,-1,-1,-0.01,-1,-1,-0.01,-1,-1,-0.01,-1,-1,-0.01,-1,-1,-0.01,-1,-1,-0.01,-1,-1,-0.01,-1,-1,-0.01,-1,-1,-0.01,-1,-1
99926009,2026-05-18 15:05:16+05:30,53624.8,0,0.0,0,0.0,0.0,53282.15,53667.55,52783.45,53710.35,0,0.0,0.0,0.0,0.0,-0.01,-1,-1,-0.01,-1,-1,-0.01,-1,-1,-0.01,-1,-1,-0.01,-1,-1,-0.01,-1,-1,-0.01,-1,-1,-0.01,-1,-1,-0.01,-1,-1,-0.01,-1,-1
99926009,2026-05-18 15:05:17+05:30,53624.8,0,0.0,0,0.0,0.0,53282.15,53667.55,52783.45,53710.35,0,0.0,0.0,0.0,0.0,-0.01,-1,-1,-0.01,-1,-1,-0.01,-1,-1,-0.01,-1,-1,-0.01,-1,-1,-0.01,-1,-1,-0.01,-1,-1,-0.01,-1,-1,-0.01,-1,-1,-0.01,-1,-1
99926009,2026-05-18 15:05:17+05:30,53623.45,0,0.0,0,0.0,0.0,53282.15,53667.55,52783.45,53710.35,0,0.0,0.0,0.0,0.0,-0.01,-1,-1,-0.01,-1,-1,-0.01,-1,-1,-0.01,-1,-1,-0.01,-1,-1,-0.01,-1,-1,-0.01,-1,-1,-0.01,-1,-1,-0.01,-1,-1,-0.01,-1,-1
99926009,2026-05-18 15:05:17+05:30,53623.2,0,0.0,0,0.0,0.0,53282.15,53667.55,52783.45,53710.35,0,0.0,0.0,0.0,0.0,-0.01,-1,-1,-0.01,-1,-1,-0.01,-1,-1,-0.01,-1,-1,-0.01,-1,-1,-0.01,-1,-1,-0.01,-1,-1,-0.01,-1,-1,-0.01,-1,-1,-0.01,-1,-1
99926009,2026-05-18 15:05:18+05:30,53623.2,0,0.0,0,0.0,0.0,53282.15,53667.55,52783.45,53710.35,0,0.0,0.0,0.0,0.0,-0.01,-1,-1,-0.01,-1,-1,-0.01,-1,-1,-0.01,-1,-1,-0.01,-1,-1,-0.01,-1,-1,-0.01,-1,-1,-0.01,-1,-1,-0.01,-1,-1,-0.01,-1,-1
99926009,2026-05-18 15:05:18+05:30,53622.4,0,0.0,0,0.0,0.0,53282.15,53667.55,52783.45,53710.35,0,0.0,0.0,0.0,0.0,-0.01,-1,-1,-0.01,-1,-1,-0.01,-1,-1,-0.01,-1,-1,-0.01,-1,-1,-0.01,-1,-1,-0.01,-1,-1,-0.01,-1,-1,-0.01,-1,-1,-0.01,-1,-1
99926009,2026-05-18 15:05:18+05:30,53624.5,0,0.0,0,0.0,0.0,53282.15,53667.55,52783.45,53710.35,0,0.0,0.0,0.0,0.0,-0.01,-1,-1,-0.01,-1,-1,-0.01,-1,-1,-0.01,-1,-1,-0.01,-1,-1,-0.01,-1,-1,-0.01,-1,-1,-0.01,-1,-1,-0.01,-1,-1,-0.01,-1,-1
99926009,2026-05-18 15:05:19+05:30,53624.5,0,0.0,0,0.0,0.0,53282.15,53667.55,52783.45,53710.35,0,0.0,0.0,0.0,0.0,-0.01,-1,-1,-0.01,-1,-1,-0.01,-1,-1,-0.01,-1,-1,-0.01,-1,-1,-0.01,-1,-1,-0.01,-1,-1,-0.01,-1,-1,-0.01,-1,-1,-0.01,-1,-1
99926009,2026-05-18 15:05:19+05:30,53625.0,0,0.0,0,0.0,0.0,53282.15,53667.55,52783.45,53710.35,0,0.0,0.0,0.0,0.0,-0.01,-1,-1,-0.01,-1,-1,-0.01,-1,-1,-0.01,-1,-1,-0.01,-1,-1,-0.01,-1,-1,-0.01,-1,-1,-0.01,-1,-1,-0.01,-1,-1,-0.01,-1,-1
99926009,2026-05-18 15:05:19+05:30,53622.1,0,0.0,0,0.0,0.0,53282.15,53667.55,52783.45,53710.35,0,0.0,0.0,0.0,0.0,-0.01,-1,-1,-0.01,-1,-1,-0.01,-1,-1,-0.01,-1,-1,-0.01,-1,-1,-0.01,-1,-1,-0.01,-1,-1,-0.01,-1,-1,-0.01,-1,-1,-0.01,-1,-1
99926009,2026-05-18 15:05:20+05:30,53622.1,0,0.0,0,0.0,0.0,53282.15,53667.55,52783.45,53710.35,0,0.0,0.0,0.0,0.0,-0.01,-1,-1,-0.01,-1,-1,-0.01,-1,-1,-0.01,-1,-1,-0.01,-1,-1,-0.01,-1,-1,-0.01,-1,-1,-0.01,-1,-1,-0.01,-1,-1,-0.01,-1,-1
99926009,2026-05-18 15:05:20+05:30,53624.35,0,0.0,0,0.0,0.0,53282.15,53667.55,52783.45,53710.35,0,0.0,0.0,0.0,0.0,-0.01,-1,-1,-0.01,-1,-1,-0.01,-1,-1,-0.01,-1,-1,-0.01,-1,-1,-0.01,-1,-1,-0.01,-1,-1,-0.01,-1,-1,-0.01,-1,-1,-0.01,-1,-1
99926009,2026-05-18 15:05:20+05:30,53625.1,0,0.0,0,0.0,0.0,53282.15,53667.55,52783.45,53710.35,0,0.0,0.0,0.0,0.0,-0.01,-1,-1,-0.01,-1,-1,-0.01,-1,-1,-0.01,-1,-1,-0.01,-1,-1,-0.01,-1,-1,-0.01,-1,-1,-0.01,-1,-1,-0.01,-1,-1,-0.01,-1,-1
99926009,2026-05-18 15:05:21+05:30,53625.1,0,0.0,0,0.0,0.0,53282.15,53667.55,52783.45,53710.35,0,0.0,0.0,0.0,0.0,-0.01,-1,-1,-0.01,-1,-1,-0.01,-1,-1,-0.01,-1,-1,-0.01,-1,-1,-0.01,-1,-1,-0.01,-1,-1,-0.01,-1,-1,-0.01,-1,-1,-0.01,-1,-1
99926009,2026-05-18 15:05:21+05:30,53621.8,0,0.0,0,0.0,0.0,53282.15,53667.55,52783.45,53710.35,0,0.0,0.0,0.0,0.0,-0.01,-1,-1,-0.01,-1,-1,-0.01,-1,-1,-0.01,-1,-1,-0.01,-1,-1,-0.01,-1,-1,-0.01,-1,-1,-0.01,-1,-1,-0.01,-1,-1,-0.01,-1,-1
99926009,2026-05-18 15:05:21+05:30,53623.4,0,0.0,0,0.0,0.0,53282.15,53667.55,52783.45,53710.35,0,0.0,0.0,0.0,0.0,-0.01,-1,-1,-0.01,-1,-1,-0.01,-1,-1,-0.01,-1,-1,-0.01,-1,-1,-0.01,-1,-1,-0.01,-1,-1,-0.01,-1,-1,-0.01,-1,-1,-0.01,-1,-1
99926009,2026-05-18 15:05:22+05:30,53623.4,0,0.0,0,0.0,0.0,53282.15,53667.55,52783.45,53710.35,0,0.0,0.0,0.0,0.0,-0.01,-1,-1,-0.01,-1,-1,-0.01,-1,-1,-0.01,-1,-1,-0.01,-1,-1,-0.01,-1,-1,-0.01,-1,-1,-0.01,-1,-1,-0.01,-1,-1,-0.01,-1,-1
99926009,2026-05-18 15:05:22+05:30,53627.15,0,0.0,0,0.0,0.0,53282.15,53667.55,52783.45,53710.35,0,0.0,0.0,0.0,0.0,-0.01,-1,-1,-0.01,-1,-1,-0.01,-1,-1,-0.01,-1,-1,-0.01,-1,-1,-0.01,-1,-1,-0.01,-1,-1,-0.01,-1,-1,-0.01,-1,-1,-0.01,-1,-1
99926009,2026-05-18 15:05:22+05:30,53625.25,0,0.0,0,0.0,0.0,53282.15,53667.55,52783.45,53710.35,0,0.0,0.0,0.0,0.0,-0.01,-1,-1,-0.01,-1,-1,-0.01,-1,-1,-0.01,-1,-1,-0.01,-1,-1,-0.01,-1,-1,-0.01,-1,-1,-0.01,-1,-1,-0.01,-1,-1,-0.01,-1,-1
99926009,2026-05-18 15:05:23+05:30,53625.25,0,0.0,0,0.0,0.0,53282.15,53667.55,52783.45,53710.35,0,0.0,0.0,0.0,0.0,-0.01,-1,-1,-0.01,-1,-1,-0.01,-1,-1,-0.01,-1,-1,-0.01,-1,-1,-0.01,-1,-1,-0.01,-1,-1,-0.01,-1,-1,-0.01,-1,-1,-0.01,-1,-1
99926009,2026-05-18 15:05:23+05:30,53622.85,0,0.0,0,0.0,0.0,53282.15,53667.55,52783.45,53710.35,0,0.0,0.0,0.0,0.0,-0.01,-1,-1,-0.01,-1,-1,-0.01,-1,-1,-0.01,-1,-1,-0.01,-1,-1,-0.01,-1,-1,-0.01,-1,-1,-0.01,-1,-1,-0.01,-1,-1,-0.01,-1,-1
99926009,2026-05-18 15:05:23+05:30,53623.5,0,0.0,0,0.0,0.0,53282.15,53667.55,52783.45,53710.35,0,0.0,0.0,0.0,0.0,-0.01,-1,-1,-0.01,-1,-1,-0.01,-1,-1,-0.01,-1,-1,-0.01,-1,-1,-0.01,-1,-1,-0.01,-1,-1,-0.01,-1,-1,-0.01,-1,-1,-0.01,-1,-1
99926009,2026-05-18 15:05:24+05:30,53623.5,0,0.0,0,0.0,0.0,53282.15,53667.55,52783.45,53710.35,0,0.0,0.0,0.0,0.0,-0.01,-1,-1,-0.01,-1,-1,-0.01,-1,-1,-0.01,-1,-1,-0.01,-1,-1,-0.01,-1,-1,-0.01,-1,-1,-0.01,-1,-1,-0.01,-1,-1,-0.01,-1,-1
99926009,2026-05-18 15:05:24+05:30,53621.4,0,0.0,0,0.0,0.0,53282.15,53667.55,52783.45,53710.35,0,0.0,0.0,0.0,0.0,-0.01,-1,-1,-0.01,-1,-1,-0.01,-1,-1,-0.01,-1,-1,-0.01,-1,-1,-0.01,-1,-1,-0.01,-1,-1,-0.01,-1,-1,-0.01,-1,-1,-0.01,-1,-1
99926009,2026-05-18 15:05:24+05:30,53619.2,0,0.0,0,0.0,0.0,53282.15,53667.55,52783.45,53710.35,0,0.0,0.0,0.0,0.0,-0.01,-1,-1,-0.01,-1,-1,-0.01,-1,-1,-0.01,-1,-1,-0.01,-1,-1,-0.01,-1,-1,-0.01,-1,-1,-0.01,-1,-1,-0.01,-1,-1,-0.01,-1,-1
99926009,2026-05-18 15:05:25+05:30,53619.2,0,0.0,0,0.0,0.0,53282.15,53667.55,52783.45,53710.35,0,0.0,0.0,0.0,0.0,-0.01,-1,-1,-0.01,-1,-1,-0.01,-1,-1,-0.01,-1,-1,-0.01,-1,-1,-0.01,-1,-1,-0.01,-1,-1,-0.01,-1,-1,-0.01,-1,-1,-0.01,-1,-1
99926009,2026-05-18 15:05:25+05:30,53620.6,0,0.0,0,0.0,0.0,53282.15,53667.55,52783.45,53710.35,0,0.0,0.0,0.0,0.0,-0.01,-1,-1,-0.01,-1,-1,-0.01,-1,-1,-0.01,-1,-1,-0.01,-1,-1,-0.01,-1,-1,-0.01,-1,-1,-0.01,-1,-1,-0.01,-1,-1,-0.01,-1,-1
99926009,2026-05-18 15:05:25+05:30,53626.95,0,0.0,0,0.0,0.0,53282.15,53667.55,52783.45,53710.35,0,0.0,0.0,0.0,0.0,-0.01,-1,-1,-0.01,-1,-1,-0.01,-1,-1,-0.01,-1,-1,-0.01,-1,-1,-0.01,-1,-1,-0.01,-1,-1,-0.01,-1,-1,-0.01,-1,-1,-0.01,-1,-1
99926009,2026-05-18 15:05:26+05:30,53626.95,0,0.0,0,0.0,0.0,53282.15,53667.55,52783.45,53710.35,0,0.0,0.0,0.0,0.0,-0.01,-1,-1,-0.01,-1,-1,-0.01,-1,-1,-0.01,-1,-1,-0.01,-1,-1,-0.01,-1,-1,-0.01,-1,-1,-0.01,-1,-1,-0.01,-1,-1,-0.01,-1,-1
99926009,2026-05-18 15:05:26+05:30,53623.0,0,0.0,0,0.0,0.0,53282.15,53667.55,52783.45,53710.35,0,0.0,0.0,0.0,0.0,-0.01,-1,-1,-0.01,-1,-1,-0.01,-1,-1,-0.01,-1,-1,-0.01,-1,-1,-0.01,-1,-1,-0.01,-1,-1,-0.01,-1,-1,-0.01,-1,-1,-0.01,-1,-1
99926009,2026-05-18 15:05:26+05:30,53621.75,0,0.0,0,0.0,0.0,53282.15,53667.55,52783.45,53710.35,0,0.0,0.0,0.0,0.0,-0.01,-1,-1,-0.01,-1,-1,-0.01,-1,-1,-0.01,-1,-1,-0.01,-1,-1,-0.01,-1,-1,-0.01,-1,-1,-0.01,-1,-1,-0.01,-1,-1,-0.01,-1,-1
99926009,2026-05-18 15:05:27+05:30,53621.75,0,0.0,0,0.0,0.0,53282.15,53667.55,52783.45,53710.35,0,0.0,0.0,0.0,0.0,-0.01,-1,-1,-0.01,-1,-1,-0.01,-1,-1,-0.01,-1,-1,-0.01,-1,-1,-0.01,-1,-1,-0.01,-1,-1,-0.01,-1,-1,-0.01,-1,-1,-0.01,-1,-1
99926009,2026-05-18 15:05:27+05:30,53622.1,0,0.0,0,0.0,0.0,53282.15,53667.55,52783.45,53710.35,0,0.0,0.0,0.0,0.0,-0.01,-1,-1,-0.01,-1,-1,-0.01,-1,-1,-0.01,-1,-1,-0.01,-1,-1,-0.01,-1,-1,-0.01,-1,-1,-0.01,-1,-1,-0.01,-1,-1,-0.01,-1,-1
99926009,2026-05-18 15:05:27+05:30,53620.45,0,0.0,0,0.0,0.0,53282.15,53667.55,52783.45,53710.35,0,0.0,0.0,0.0,0.0,-0.01,-1,-1,-0.01,-1,-1,-0.01,-1,-1,-0.01,-1,-1,-0.01,-1,-1,-0.01,-1,-1,-0.01,-1,-1,-0.01,-1,-1,-0.01,-1,-1,-0.01,-1,-1
99926009,2026-05-18 15:05:28+05:30,53620.45,0,0.0,0,0.0,0.0,53282.15,53667.55,52783.45,53710.35,0,0.0,0.0,0.0,0.0,-0.01,-1,-1,-0.01,-1,-1,-0.01,-1,-1,-0.01,-1,-1,-0.01,-1,-1,-0.01,-1,-1,-0.01,-1,-1,-0.01,-1,-1,-0.01,-1,-1,-0.01,-1,-1
99926009,2026-05-18 15:05:28+05:30,53620.45,0,0.0,0,0.0,0.0,53282.15,53667.55,52783.45,53710.35,0,0.0,0.0,0.0,0.0,-0.01,-1,-1,-0.01,-1,-1,-0.01,-1,-1,-0.01,-1,-1,-0.01,-1,-1,-0.01,-1,-1,-0.01,-1,-1,-0.01,-1,-1,-0.01,-1,-1,-0.01,-1,-1
99926009,2026-05-18 15:05:28+05:30,53620.8,0,0.0,0,0.0,0.0,53282.15,53667.55,52783.45,53710.35,0,0.0,0.0,0.0,0.0,-0.01,-1,-1,-0.01,-1,-1,-0.01,-1,-1,-0.01,-1,-1,-0.01,-1,-1,-0.01,-1,-1,-0.01,-1,-1,-0.01,-1,-1,-0.01,-1,-1,-0.01,-1,-1
99926009,2026-05-18 15:05:29+05:30,53620.8,0,0.0,0,0.0,0.0,53282.15,53667.55,52783.45,53710.35,0,0.0,0.0,0.0,0.0,-0.01,-1,-1,-0.01,-1,-1,-0.01,-1,-1,-0.01,-1,-1,-0.01,-1,-1,-0.01,-1,-1,-0.01,-1,-1,-0.01,-1,-1,-0.01,-1,-1,-0.01,-1,-1
99926009,2026-05-18 15:05:29+05:30,53623.4,0,0.0,0,0.0,0.0,53282.15,53667.55,52783.45,53710.35,0,0.0,0.0,0.0,0.0,-0.01,-1,-1,-0.01,-1,-1,-0.01,-1,-1,-0.01,-1,-1,-0.01,-1,-1,-0.01,-1,-1,-0.01,-1,-1,-0.01,-1,-1,-0.01,-1,-1,-0.01,-1,-1
99926009,2026-05-18 15:05:29+05:30,53622.55,0,0.0,0,0.0,0.0,53282.15,53667.55,52783.45,53710.35,0,0.0,0.0,0.0,0.0,-0.01,-1,-1,-0.01,-1,-1,-0.01,-1,-1,-0.01,-1,-1,-0.01,-1,-1,-0.01,-1,-1,-0.01,-1,-1,-0.01,-1,-1,-0.01,-1,-1,-0.01,-1,-1
99926009,2026-05-18 15:05:30+05:30,53622.55,0,0.0,0,0.0,0.0,53282.15,53667.55,52783.45,53710.35,0,0.0,0.0,0.0,0.0,-0.01,-1,-1,-0.01,-1,-1,-0.01,-1,-1,-0.01,-1,-1,-0.01,-1,-1,-0.01,-1,-1,-0.01,-1,-1,-0.01,-1,-1,-0.01,-1,-1,-0.01,-1,-1
99926009,2026-05-18 15:05:30+05:30,53623.7,0,0.0,0,0.0,0.0,53282.15,53667.55,52783.45,53710.35,0,0.0,0.0,0.0,0.0,-0.01,-1,-1,-0.01,-1,-1,-0.01,-1,-1,-0.01,-1,-1,-0.01,-1,-1,-0.01,-1,-1,-0.01,-1,-1,-0.01,-1,-1,-0.01,-1,-1,-0.01,-1,-1
99926009,2026-05-18 15:05:30+05:30,53627.65,0,0.0,0,0.0,0.0,53282.15,53667.55,52783.45,53710.35,0,0.0,0.0,0.0,0.0,-0.01,-1,-1,-0.01,-1,-1,-0.01,-1,-1,-0.01,-1,-1,-0.01,-1,-1,-0.01,-1,-1,-0.01,-1,-1,-0.01,-1,-1,-0.01,-1,-1,-0.01,-1,-1
99926009,2026-05-18 15:05:31+05:30,53627.65,0,0.0,0,0.0,0.0,53282.15,53667.55,52783.45,53710.35,0,0.0,0.0,0.0,0.0,-0.01,-1,-1,-0.01,-1,-1,-0.01,-1,-1,-0.01,-1,-1,-0.01,-1,-1,-0.01,-1,-1,-0.01,-1,-1,-0.01,-1,-1,-0.01,-1,-1,-0.01,-1,-1
99926009,2026-05-18 15:05:31+05:30,53622.95,0,0.0,0,0.0,0.0,53282.15,53667.55,52783.45,53710.35,0,0.0,0.0,0.0,0.0,-0.01,-1,-1,-0.01,-1,-1,-0.01,-1,-1,-0.01,-1,-1,-0.01,-1,-1,-0.01,-1,-1,-0.01,-1,-1,-0.01,-1,-1,-0.01,-1,-1,-0.01,-1,-1
99926009,2026-05-18 15:05:31+05:30,53624.2,0,0.0,0,0.0,0.0,53282.15,53667.55,52783.45,53710.35,0,0.0,0.0,0.0,0.0,-0.01,-1,-1,-0.01,-1,-1,-0.01,-1,-1,-0.01,-1,-1,-0.01,-1,-1,-0.01,-1,-1,-0.01,-1,-1,-0.01,-1,-1,-0.01,-1,-1,-0.01,-1,-1
99926009,2026-05-18 15:05:32+05:30,53624.2,0,0.0,0,0.0,0.0,53282.15,53667.55,52783.45,53710.35,0,0.0,0.0,0.0,0.0,-0.01,-1,-1,-0.01,-1,-1,-0.01,-1,-1,-0.01,-1,-1,-0.01,-1,-1,-0.01,-1,-1,-0.01,-1,-1,-0.01,-1,-1,-0.01,-1,-1,-0.01,-1,-1
99926009,2026-05-18 15:05:32+05:30,53619.25,0,0.0,0,0.0,0.0,53282.15,53667.55,52783.45,53710.35,0,0.0,0.0,0.0,0.0,-0.01,-1,-1,-0.01,-1,-1,-0.01,-1,-1,-0.01,-1,-1,-0.01,-1,-1,-0.01,-1,-1,-0.01,-1,-1,-0.01,-1,-1,-0.01,-1,-1,-0.01,-1,-1
99926009,2026-05-18 15:05:32+05:30,53619.15,0,0.0,0,0.0,0.0,53282.15,53667.55,52783.45,53710.35,0,0.0,0.0,0.0,0.0,-0.01,-1,-1,-0.01,-1,-1,-0.01,-1,-1,-0.01,-1,-1,-0.01,-1,-1,-0.01,-1,-1,-0.01,-1,-1,-0.01,-1,-1,-0.01,-1,-1,-0.01,-1,-1
99926009,2026-05-18 15:05:33+05:30,53619.15,0,0.0,0,0.0,0.0,53282.15,53667.55,52783.45,53710.35,0,0.0,0.0,0.0,0.0,-0.01,-1,-1,-0.01,-1,-1,-0.01,-1,-1,-0.01,-1,-1,-0.01,-1,-1,-0.01,-1,-1,-0.01,-1,-1,-0.01,-1,-1,-0.01,-1,-1,-0.01,-1,-1
99926009,2026-05-18 15:05:33+05:30,53622.25,0,0.0,0,0.0,0.0,53282.15,53667.55,52783.45,53710.35,0,0.0,0.0,0.0,0.0,-0.01,-1,-1,-0.01,-1,-1,-0.01,-1,-1,-0.01,-1,-1,-0.01,-1,-1,-0.01,-1,-1,-0.01,-1,-1,-0.01,-1,-1,-0.01,-1,-1,-0.01,-1,-1
99926009,2026-05-18 15:05:33+05:30,53625.15,0,0.0,0,0.0,0.0,53282.15,53667.55,52783.45,53710.35,0,0.0,0.0,0.0,0.0,-0.01,-1,-1,-0.01,-1,-1,-0.01,-1,-1,-0.01,-1,-1,-0.01,-1,-1,-0.01,-1,-1,-0.01,-1,-1,-0.01,-1,-1,-0.01,-1,-1,-0.01,-1,-1
99926009,2026-05-18 15:05:34+05:30,53625.15,0,0.0,0,0.0,0.0,53282.15,53667.55,52783.45,53710.35,0,0.0,0.0,0.0,0.0,-0.01,-1,-1,-0.01,-1,-1,-0.01,-1,-1,-0.01,-1,-1,-0.01,-1,-1,-0.01,-1,-1,-0.01,-1,-1,-0.01,-1,-1,-0.01,-1,-1,-0.01,-1,-1
99926009,2026-05-18 15:05:34+05:30,53622.35,0,0.0,0,0.0,0.0,53282.15,53667.55,52783.45,53710.35,0,0.0,0.0,0.0,0.0,-0.01,-1,-1,-0.01,-1,-1,-0.01,-1,-1,-0.01,-1,-1,-0.01,-1,-1,-0.01,-1,-1,-0.01,-1,-1,-0.01,-1,-1,-0.01,-1,-1,-0.01,-1,-1
99926009,2026-05-18 15:05:34+05:30,53624.75,0,0.0,0,0.0,0.0,53282.15,53667.55,52783.45,53710.35,0,0.0,0.0,0.0,0.0,-0.01,-1,-1,-0.01,-1,-1,-0.01,-1,-1,-0.01,-1,-1,-0.01,-1,-1,-0.01,-1,-1,-0.01,-1,-1,-0.01,-1,-1,-0.01,-1,-1,-0.01,-1,-1
99926009,2026-05-18 15:05:35+05:30,53624.75,0,0.0,0,0.0,0.0,53282.15,53667.55,52783.45,53710.35,0,0.0,0.0,0.0,0.0,-0.01,-1,-1,-0.01,-1,-1,-0.01,-1,-1,-0.01,-1,-1,-0.01,-1,-1,-0.01,-1,-1,-0.01,-1,-1,-0.01,-1,-1,-0.01,-1,-1,-0.01,-1,-1
99926009,2026-05-18 15:05:35+05:30,53622.1,0,0.0,0,0.0,0.0,53282.15,53667.55,52783.45,53710.35,0,0.0,0.0,0.0,0.0,-0.01,-1,-1,-0.01,-1,-1,-0.01,-1,-1,-0.01,-1,-1,-0.01,-1,-1,-0.01,-1,-1,-0.01,-1,-1,-0.01,-1,-1,-0.01,-1,-1,-0.01,-1,-1
99926009,2026-05-18 15:05:35+05:30,53627.35,0,0.0,0,0.0,0.0,53282.15,53667.55,52783.45,53710.35,0,0.0,0.0,0.0,0.0,-0.01,-1,-1,-0.01,-1,-1,-0.01,-1,-1,-0.01,-1,-1,-0.01,-1,-1,-0.01,-1,-1,-0.01,-1,-1,-0.01,-1,-1,-0.01,-1,-1,-0.01,-1,-1
99926009,2026-05-18 15:05:36+05:30,53627.35,0,0.0,0,0.0,0.0,53282.15,53667.55,52783.45,53710.35,0,0.0,0.0,0.0,0.0,-0.01,-1,-1,-0.01,-1,-1,-0.01,-1,-1,-0.01,-1,-1,-0.01,-1,-1,-0.01,-1,-1,-0.01,-1,-1,-0.01,-1,-1,-0.01,-1,-1,-0.01,-1,-1
99926009,2026-05-18 15:05:36+05:30,53624.65,0,0.0,0,0.0,0.0,53282.15,53667.55,52783.45,53710.35,0,0.0,0.0,0.0,0.0,-0.01,-1,-1,-0.01,-1,-1,-0.01,-1,-1,-0.01,-1,-1,-0.01,-1,-1,-0.01,-1,-1,-0.01,-1,-1,-0.01,-1,-1,-0.01,-1,-1,-0.01,-1,-1
99926009,2026-05-18 15:05:36+05:30,53624.3,0,0.0,0,0.0,0.0,53282.15,53667.55,52783.45,53710.35,0,0.0,0.0,0.0,0.0,-0.01,-1,-1,-0.01,-1,-1,-0.01,-1,-1,-0.01,-1,-1,-0.01,-1,-1,-0.01,-1,-1,-0.01,-1,-1,-0.01,-1,-1,-0.01,-1,-1,-0.01,-1,-1
99926009,2026-05-18 15:05:37+05:30,53624.3,0,0.0,0,0.0,0.0,53282.15,53667.55,52783.45,53710.35,0,0.0,0.0,0.0,0.0,-0.01,-1,-1,-0.01,-1,-1,-0.01,-1,-1,-0.01,-1,-1,-0.01,-1,-1,-0.01,-1,-1,-0.01,-1,-1,-0.01,-1,-1,-0.01,-1,-1,-0.01,-1,-1
99926009,2026-05-18 15:05:37+05:30,53622.6,0,0.0,0,0.0,0.0,53282.15,53667.55,52783.45,53710.35,0,0.0,0.0,0.0,0.0,-0.01,-1,-1,-0.01,-1,-1,-0.01,-1,-1,-0.01,-1,-1,-0.01,-1,-1,-0.01,-1,-1,-0.01,-1,-1,-0.01,-1,-1,-0.01,-1,-1,-0.01,-1,-1
99926009,2026-05-18 15:05:37+05:30,53622.5,0,0.0,0,0.0,0.0,53282.15,53667.55,52783.45,53710.35,0,0.0,0.0,0.0,0.0,-0.01,-1,-1,-0.01,-1,-1,-0.01,-1,-1,-0.01,-1,-1,-0.01,-1,-1,-0.01,-1,-1,-0.01,-1,-1,-0.01,-1,-1,-0.01,-1,-1,-0.01,-1,-1
99926009,2026-05-18 15:05:38+05:30,53622.5,0,0.0,0,0.0,0.0,53282.15,53667.55,52783.45,53710.35,0,0.0,0.0,0.0,0.0,-0.01,-1,-1,-0.01,-1,-1,-0.01,-1,-1,-0.01,-1,-1,-0.01,-1,-1,-0.01,-1,-1,-0.01,-1,-1,-0.01,-1,-1,-0.01,-1,-1,-0.01,-1,-1
99926009,2026-05-18 15:05:38+05:30,53623.9,0,0.0,0,0.0,0.0,53282.15,53667.55,52783.45,53710.35,0,0.0,0.0,0.0,0.0,-0.01,-1,-1,-0.01,-1,-1,-0.01,-1,-1,-0.01,-1,-1,-0.01,-1,-1,-0.01,-1,-1,-0.01,-1,-1,-0.01,-1,-1,-0.01,-1,-1,-0.01,-1,-1
99926009,2026-05-18 15:05:38+05:30,53623.05,0,0.0,0,0.0,0.0,53282.15,53667.55,52783.45,53710.35,0,0.0,0.0,0.0,0.0,-0.01,-1,-1,-0.01,-1,-1,-0.01,-1,-1,-0.01,-1,-1,-0.01,-1,-1,-0.01,-1,-1,-0.01,-1,-1,-0.01,-1,-1,-0.01,-1,-1,-0.01,-1,-1
99926009,2026-05-18 15:05:39+05:30,53623.05,0,0.0,0,0.0,0.0,53282.15,53667.55,52783.45,53710.35,0,0.0,0.0,0.0,0.0,-0.01,-1,-1,-0.01,-1,-1,-0.01,-1,-1,-0.01,-1,-1,-0.01,-1,-1,-0.01,-1,-1,-0.01,-1,-1,-0.01,-1,-1,-0.01,-1,-1,-0.01,-1,-1
99926009,2026-05-18 15:05:39+05:30,53625.05,0,0.0,0,0.0,0.0,53282.15,53667.55,52783.45,53710.35,0,0.0,0.0,0.0,0.0,-0.01,-1,-1,-0.01,-1,-1,-0.01,-1,-1,-0.01,-1,-1,-0.01,-1,-1,-0.01,-1,-1,-0.01,-1,-1,-0.01,-1,-1,-0.01,-1,-1,-0.01,-1,-1
99926009,2026-05-18 15:05:39+05:30,53624.65,0,0.0,0,0.0,0.0,53282.15,53667.55,52783.45,53710.35,0,0.0,0.0,0.0,0.0,-0.01,-1,-1,-0.01,-1,-1,-0.01,-1,-1,-0.01,-1,-1,-0.01,-1,-1,-0.01,-1,-1,-0.01,-1,-1,-0.01,-1,-1,-0.01,-1,-1,-0.01,-1,-1
99926009,2026-05-18 15:05:40+05:30,53624.65,0,0.0,0,0.0,0.0,53282.15,53667.55,52783.45,53710.35,0,0.0,0.0,0.0,0.0,-0.01,-1,-1,-0.01,-1,-1,-0.01,-1,-1,-0.01,-1,-1,-0.01,-1,-1,-0.01,-1,-1,-0.01,-1,-1,-0.01,-1,-1,-0.01,-1,-1,-0.01,-1,-1
99926009,2026-05-18 15:05:40+05:30,53623.45,0,0.0,0,0.0,0.0,53282.15,53667.55,52783.45,53710.35,0,0.0,0.0,0.0,0.0,-0.01,-1,-1,-0.01,-1,-1,-0.01,-1,-1,-0.01,-1,-1,-0.01,-1,-1,-0.01,-1,-1,-0.01,-1,-1,-0.01,-1,-1,-0.01,-1,-1,-0.01,-1,-1
99926009,2026-05-18 15:05:40+05:30,53624.95,0,0.0,0,0.0,0.0,53282.15,53667.55,52783.45,53710.35,0,0.0,0.0,0.0,0.0,-0.01,-1,-1,-0.01,-1,-1,-0.01,-1,-1,-0.01,-1,-1,-0.01,-1,-1,-0.01,-1,-1,-0.01,-1,-1,-0.01,-1,-1,-0.01,-1,-1,-0.01,-1,-1
99926009,2026-05-18 15:05:41+05:30,53624.95,0,0.0,0,0.0,0.0,53282.15,53667.55,52783.45,53710.35,0,0.0,0.0,0.0,0.0,-0.01,-1,-1,-0.01,-1,-1,-0.01,-1,-1,-0.01,-1,-1,-0.01,-1,-1,-0.01,-1,-1,-0.01,-1,-1,-0.01,-1,-1,-0.01,-1,-1,-0.01,-1,-1
99926009,2026-05-18 15:05:41+05:30,53622.9,0,0.0,0,0.0,0.0,53282.15,53667.55,52783.45,53710.35,0,0.0,0.0,0.0,0.0,-0.01,-1,-1,-0.01,-1,-1,-0.01,-1,-1,-0.01,-1,-1,-0.01,-1,-1,-0.01,-1,-1,-0.01,-1,-1,-0.01,-1,-1,-0.01,-1,-1,-0.01,-1,-1
99926009,2026-05-18 15:05:41+05:30,53623.0,0,0.0,0,0.0,0.0,53282.15,53667.55,52783.45,53710.35,0,0.0,0.0,0.0,0.0,-0.01,-1,-1,-0.01,-1,-1,-0.01,-1,-1,-0.01,-1,-1,-0.01,-1,-1,-0.01,-1,-1,-0.01,-1,-1,-0.01,-1,-1,-0.01,-1,-1,-0.01,-1,-1
99926009,2026-05-18 15:05:42+05:30,53623.0,0,0.0,0,0.0,0.0,53282.15,53667.55,52783.45,53710.35,0,0.0,0.0,0.0,0.0,-0.01,-1,-1,-0.01,-1,-1,-0.01,-1,-1,-0.01,-1,-1,-0.01,-1,-1,-0.01,-1,-1,-0.01,-1,-1,-0.01,-1,-1,-0.01,-1,-1,-0.01,-1,-1
99926009,2026-05-18 15:05:42+05:30,53621.1,0,0.0,0,0.0,0.0,53282.15,53667.55,52783.45,53710.35,0,0.0,0.0,0.0,0.0,-0.01,-1,-1,-0.01,-1,-1,-0.01,-1,-1,-0.01,-1,-1,-0.01,-1,-1,-0.01,-1,-1,-0.01,-1,-1,-0.01,-1,-1,-0.01,-1,-1,-0.01,-1,-1
99926009,2026-05-18 15:05:42+05:30,53622.9,0,0.0,0,0.0,0.0,53282.15,53667.55,52783.45,53710.35,0,0.0,0.0,0.0,0.0,-0.01,-1,-1,-0.01,-1,-1,-0.01,-1,-1,-0.01,-1,-1,-0.01,-1,-1,-0.01,-1,-1,-0.01,-1,-1,-0.01,-1,-1,-0.01,-1,-1,-0.01,-1,-1
99926009,2026-05-18 15:05:43+05:30,53622.9,0,0.0,0,0.0,0.0,53282.15,53667.55,52783.45,53710.35,0,0.0,0.0,0.0,0.0,-0.01,-1,-1,-0.01,-1,-1,-0.01,-1,-1,-0.01,-1,-1,-0.01,-1,-1,-0.01,-1,-1,-0.01,-1,-1,-0.01,-1,-1,-0.01,-1,-1,-0.01,-1,-1
99926009,2026-05-18 15:05:43+05:30,53622.05,0,0.0,0,0.0,0.0,53282.15,53667.55,52783.45,53710.35,0,0.0,0.0,0.0,0.0,-0.01,-1,-1,-0.01,-1,-1,-0.01,-1,-1,-0.01,-1,-1,-0.01,-1,-1,-0.01,-1,-1,-0.01,-1,-1,-0.01,-1,-1,-0.01,-1,-1,-0.01,-1,-1
99926009,2026-05-18 15:05:43+05:30,53621.9,0,0.0,0,0.0,0.0,53282.15,53667.55,52783.45,53710.35,0,0.0,0.0,0.0,0.0,-0.01,-1,-1,-0.01,-1,-1,-0.01,-1,-1,-0.01,-1,-1,-0.01,-1,-1,-0.01,-1,-1,-0.01,-1,-1,-0.01,-1,-1,-0.01,-1,-1,-0.01,-1,-1
99926009,2026-05-18 15:05:44+05:30,53621.9,0,0.0,0,0.0,0.0,53282.15,53667.55,52783.45,53710.35,0,0.0,0.0,0.0,0.0,-0.01,-1,-1,-0.01,-1,-1,-0.01,-1,-1,-0.01,-1,-1,-0.01,-1,-1,-0.01,-1,-1,-0.01,-1,-1,-0.01,-1,-1,-0.01,-1,-1,-0.01,-1,-1
99926009,2026-05-18 15:05:44+05:30,53624.15,0,0.0,0,0.0,0.0,53282.15,53667.55,52783.45,53710.35,0,0.0,0.0,0.0,0.0,-0.01,-1,-1,-0.01,-1,-1,-0.01,-1,-1,-0.01,-1,-1,-0.01,-1,-1,-0.01,-1,-1,-0.01,-1,-1,-0.01,-1,-1,-0.01,-1,-1,-0.01,-1,-1
99926009,2026-05-18 15:05:44+05:30,53621.25,0,0.0,0,0.0,0.0,53282.15,53667.55,52783.45,53710.35,0,0.0,0.0,0.0,0.0,-0.01,-1,-1,-0.01,-1,-1,-0.01,-1,-1,-0.01,-1,-1,-0.01,-1,-1,-0.01,-1,-1,-0.01,-1,-1,-0.01,-1,-1,-0.01,-1,-1,-0.01,-1,-1
99926009,2026-05-18 15:05:45+05:30,53621.25,0,0.0,0,0.0,0.0,53282.15,53667.55,52783.45,53710.35,0,0.0,0.0,0.0,0.0,-0.01,-1,-1,-0.01,-1,-1,-0.01,-1,-1,-0.01,-1,-1,-0.01,-1,-1,-0.01,-1,-1,-0.01,-1,-1,-0.01,-1,-1,-0.01,-1,-1,-0.01,-1,-1
99926009,2026-05-18 15:05:45+05:30,53622.7,0,0.0,0,0.0,0.0,53282.15,53667.55,52783.45,53710.35,0,0.0,0.0,0.0,0.0,-0.01,-1,-1,-0.01,-1,-1,-0.01,-1,-1,-0.01,-1,-1,-0.01,-1,-1,-0.01,-1,-1,-0.01,-1,-1,-0.01,-1,-1,-0.01,-1,-1,-0.01,-1,-1
99926009,2026-05-18 15:05:45+05:30,53626.75,0,0.0,0,0.0,0.0,53282.15,53667.55,52783.45,53710.35,0,0.0,0.0,0.0,0.0,-0.01,-1,-1,-0.01,-1,-1,-0.01,-1,-1,-0.01,-1,-1,-0.01,-1,-1,-0.01,-1,-1,-0.01,-1,-1,-0.01,-1,-1,-0.01,-1,-1,-0.01,-1,-1
99926009,2026-05-18 15:05:46+05:30,53626.75,0,0.0,0,0.0,0.0,53282.15,53667.55,52783.45,53710.35,0,0.0,0.0,0.0,0.0,-0.01,-1,-1,-0.01,-1,-1,-0.01,-1,-1,-0.01,-1,-1,-0.01,-1,-1,-0.01,-1,-1,-0.01,-1,-1,-0.01,-1,-1,-0.01,-1,-1,-0.01,-1,-1
99926009,2026-05-18 15:05:46+05:30,53625.35,0,0.0,0,0.0,0.0,53282.15,53667.55,52783.45,53710.35,0,0.0,0.0,0.0,0.0,-0.01,-1,-1,-0.01,-1,-1,-0.01,-1,-1,-0.01,-1,-1,-0.01,-1,-1,-0.01,-1,-1,-0.01,-1,-1,-0.01,-1,-1,-0.01,-1,-1,-0.01,-1,-1
99926009,2026-05-18 15:05:46+05:30,53625.5,0,0.0,0,0.0,0.0,53282.15,53667.55,52783.45,53710.35,0,0.0,0.0,0.0,0.0,-0.01,-1,-1,-0.01,-1,-1,-0.01,-1,-1,-0.01,-1,-1,-0.01,-1,-1,-0.01,-1,-1,-0.01,-1,-1,-0.01,-1,-1,-0.01,-1,-1,-0.01,-1,-1
99926009,2026-05-18 15:05:47+05:30,53625.5,0,0.0,0,0.0,0.0,53282.15,53667.55,52783.45,53710.35,0,0.0,0.0,0.0,0.0,-0.01,-1,-1,-0.01,-1,-1,-0.01,-1,-1,-0.01,-1,-1,-0.01,-1,-1,-0.01,-1,-1,-0.01,-1,-1,-0.01,-1,-1,-0.01,-1,-1,-0.01,-1,-1
99926009,2026-05-18 15:05:47+05:30,53623.5,0,0.0,0,0.0,0.0,53282.15,53667.55,52783.45,53710.35,0,0.0,0.0,0.0,0.0,-0.01,-1,-1,-0.01,-1,-1,-0.01,-1,-1,-0.01,-1,-1,-0.01,-1,-1,-0.01,-1,-1,-0.01,-1,-1,-0.01,-1,-1,-0.01,-1,-1,-0.01,-1,-1
99926009,2026-05-18 15:05:47+05:30,53622.7,0,0.0,0,0.0,0.0,53282.15,53667.55,52783.45,53710.35,0,0.0,0.0,0.0,0.0,-0.01,-1,-1,-0.01,-1,-1,-0.01,-1,-1,-0.01,-1,-1,-0.01,-1,-1,-0.01,-1,-1,-0.01,-1,-1,-0.01,-1,-1,-0.01,-1,-1,-0.01,-1,-1
99926009,2026-05-18 15:05:48+05:30,53622.7,0,0.0,0,0.0,0.0,53282.15,53667.55,52783.45,53710.35,0,0.0,0.0,0.0,0.0,-0.01,-1,-1,-0.01,-1,-1,-0.01,-1,-1,-0.01,-1,-1,-0.01,-1,-1,-0.01,-1,-1,-0.01,-1,-1,-0.01,-1,-1,-0.01,-1,-1,-0.01,-1,-1
99926009,2026-05-18 15:05:48+05:30,53621.95,0,0.0,0,0.0,0.0,53282.15,53667.55,52783.45,53710.35,0,0.0,0.0,0.0,0.0,-0.01,-1,-1,-0.01,-1,-1,-0.01,-1,-1,-0.01,-1,-1,-0.01,-1,-1,-0.01,-1,-1,-0.01,-1,-1,-0.01,-1,-1,-0.01,-1,-1,-0.01,-1,-1
99926009,2026-05-18 15:05:48+05:30,53622.95,0,0.0,0,0.0,0.0,53282.15,53667.55,52783.45,53710.35,0,0.0,0.0,0.0,0.0,-0.01,-1,-1,-0.01,-1,-1,-0.01,-1,-1,-0.01,-1,-1,-0.01,-1,-1,-0.01,-1,-1,-0.01,-1,-1,-0.01,-1,-1,-0.01,-1,-1,-0.01,-1,-1
99926009,2026-05-18 15:05:49+05:30,53622.95,0,0.0,0,0.0,0.0,53282.15,53667.55,52783.45,53710.35,0,0.0,0.0,0.0,0.0,-0.01,-1,-1,-0.01,-1,-1,-0.01,-1,-1,-0.01,-1,-1,-0.01,-1,-1,-0.01,-1,-1,-0.01,-1,-1,-0.01,-1,-1,-0.01,-1,-1,-0.01,-1,-1
99926009,2026-05-18 15:05:49+05:30,53622.35,0,0.0,0,0.0,0.0,53282.15,53667.55,52783.45,53710.35,0,0.0,0.0,0.0,0.0,-0.01,-1,-1,-0.01,-1,-1,-0.01,-1,-1,-0.01,-1,-1,-0.01,-1,-1,-0.01,-1,-1,-0.01,-1,-1,-0.01,-1,-1,-0.01,-1,-1,-0.01,-1,-1
99926009,2026-05-18 15:05:49+05:30,53624.25,0,0.0,0,0.0,0.0,53282.15,53667.55,52783.45,53710.35,0,0.0,0.0,0.0,0.0,-0.01,-1,-1,-0.01,-1,-1,-0.01,-1,-1,-0.01,-1,-1,-0.01,-1,-1,-0.01,-1,-1,-0.01,-1,-1,-0.01,-1,-1,-0.01,-1,-1,-0.01,-1,-1
99926009,2026-05-18 15:05:50+05:30,53624.25,0,0.0,0,0.0,0.0,53282.15,53667.55,52783.45,53710.35,0,0.0,0.0,0.0,0.0,-0.01,-1,-1,-0.01,-1,-1,-0.01,-1,-1,-0.01,-1,-1,-0.01,-1,-1,-0.01,-1,-1,-0.01,-1,-1,-0.01,-1,-1,-0.01,-1,-1,-0.01,-1,-1
99926009,2026-05-18 15:05:50+05:30,53626.1,0,0.0,0,0.0,0.0,53282.15,53667.55,52783.45,53710.35,0,0.0,0.0,0.0,0.0,-0.01,-1,-1,-0.01,-1,-1,-0.01,-1,-1,-0.01,-1,-1,-0.01,-1,-1,-0.01,-1,-1,-0.01,-1,-1,-0.01,-1,-1,-0.01,-1,-1,-0.01,-1,-1
99926009,2026-05-18 15:05:50+05:30,53624.65,0,0.0,0,0.0,0.0,53282.15,53667.55,52783.45,53710.35,0,0.0,0.0,0.0,0.0,-0.01,-1,-1,-0.01,-1,-1,-0.01,-1,-1,-0.01,-1,-1,-0.01,-1,-1,-0.01,-1,-1,-0.01,-1,-1,-0.01,-1,-1,-0.01,-1,-1,-0.01,-1,-1
99926009,2026-05-18 15:05:51+05:30,53624.65,0,0.0,0,0.0,0.0,53282.15,53667.55,52783.45,53710.35,0,0.0,0.0,0.0,0.0,-0.01,-1,-1,-0.01,-1,-1,-0.01,-1,-1,-0.01,-1,-1,-0.01,-1,-1,-0.01,-1,-1,-0.01,-1,-1,-0.01,-1,-1,-0.01,-1,-1,-0.01,-1,-1
99926009,2026-05-18 15:05:51+05:30,53624.6,0,0.0,0,0.0,0.0,53282.15,53667.55,52783.45,53710.35,0,0.0,0.0,0.0,0.0,-0.01,-1,-1,-0.01,-1,-1,-0.01,-1,-1,-0.01,-1,-1,-0.01,-1,-1,-0.01,-1,-1,-0.01,-1,-1,-0.01,-1,-1,-0.01,-1,-1,-0.01,-1,-1
99926009,2026-05-18 15:05:51+05:30,53621.3,0,0.0,0,0.0,0.0,53282.15,53667.55,52783.45,53710.35,0,0.0,0.0,0.0,0.0,-0.01,-1,-1,-0.01,-1,-1,-0.01,-1,-1,-0.01,-1,-1,-0.01,-1,-1,-0.01,-1,-1,-0.01,-1,-1,-0.01,-1,-1,-0.01,-1,-1,-0.01,-1,-1
99926009,2026-05-18 15:05:52+05:30,53621.3,0,0.0,0,0.0,0.0,53282.15,53667.55,52783.45,53710.35,0,0.0,0.0,0.0,0.0,-0.01,-1,-1,-0.01,-1,-1,-0.01,-1,-1,-0.01,-1,-1,-0.01,-1,-1,-0.01,-1,-1,-0.01,-1,-1,-0.01,-1,-1,-0.01,-1,-1,-0.01,-1,-1
99926009,2026-05-18 15:05:52+05:30,53623.75,0,0.0,0,0.0,0.0,53282.15,53667.55,52783.45,53710.35,0,0.0,0.0,0.0,0.0,-0.01,-1,-1,-0.01,-1,-1,-0.01,-1,-1,-0.01,-1,-1,-0.01,-1,-1,-0.01,-1,-1,-0.01,-1,-1,-0.01,-1,-1,-0.01,-1,-1,-0.01,-1,-1
99926009,2026-05-18 15:05:52+05:30,53620.2,0,0.0,0,0.0,0.0,53282.15,53667.55,52783.45,53710.35,0,0.0,0.0,0.0,0.0,-0.01,-1,-1,-0.01,-1,-1,-0.01,-1,-1,-0.01,-1,-1,-0.01,-1,-1,-0.01,-1,-1,-0.01,-1,-1,-0.01,-1,-1,-0.01,-1,-1,-0.01,-1,-1
99926009,2026-05-18 15:05:53+05:30,53620.2,0,0.0,0,0.0,0.0,53282.15,53667.55,52783.45,53710.35,0,0.0,0.0,0.0,0.0,-0.01,-1,-1,-0.01,-1,-1,-0.01,-1,-1,-0.01,-1,-1,-0.01,-1,-1,-0.01,-1,-1,-0.01,-1,-1,-0.01,-1,-1,-0.01,-1,-1,-0.01,-1,-1
99926009,2026-05-18 15:05:53+05:30,53625.25,0,0.0,0,0.0,0.0,53282.15,53667.55,52783.45,53710.35,0,0.0,0.0,0.0,0.0,-0.01,-1,-1,-0.01,-1,-1,-0.01,-1,-1,-0.01,-1,-1,-0.01,-1,-1,-0.01,-1,-1,-0.01,-1,-1,-0.01,-1,-1,-0.01,-1,-1,-0.01,-1,-1
99926009,2026-05-18 15:05:53+05:30,53622.4,0,0.0,0,0.0,0.0,53282.15,53667.55,52783.45,53710.35,0,0.0,0.0,0.0,0.0,-0.01,-1,-1,-0.01,-1,-1,-0.01,-1,-1,-0.01,-1,-1,-0.01,-1,-1,-0.01,-1,-1,-0.01,-1,-1,-0.01,-1,-1,-0.01,-1,-1,-0.01,-1,-1
99926009,2026-05-18 15:05:54+05:30,53622.4,0,0.0,0,0.0,0.0,53282.15,53667.55,52783.45,53710.35,0,0.0,0.0,0.0,0.0,-0.01,-1,-1,-0.01,-1,-1,-0.01,-1,-1,-0.01,-1,-1,-0.01,-1,-1,-0.01,-1,-1,-0.01,-1,-1,-0.01,-1,-1,-0.01,-1,-1,-0.01,-1,-1
99926009,2026-05-18 15:05:54+05:30,53625.7,0,0.0,0,0.0,0.0,53282.15,53667.55,52783.45,53710.35,0,0.0,0.0,0.0,0.0,-0.01,-1,-1,-0.01,-1,-1,-0.01,-1,-1,-0.01,-1,-1,-0.01,-1,-1,-0.01,-1,-1,-0.01,-1,-1,-0.01,-1,-1,-0.01,-1,-1,-0.01,-1,-1
99926009,2026-05-18 15:05:54+05:30,53624.0,0,0.0,0,0.0,0.0,53282.15,53667.55,52783.45,53710.35,0,0.0,0.0,0.0,0.0,-0.01,-1,-1,-0.01,-1,-1,-0.01,-1,-1,-0.01,-1,-1,-0.01,-1,-1,-0.01,-1,-1,-0.01,-1,-1,-0.01,-1,-1,-0.01,-1,-1,-0.01,-1,-1
99926009,2026-05-18 15:05:55+05:30,53624.0,0,0.0,0,0.0,0.0,53282.15,53667.55,52783.45,53710.35,0,0.0,0.0,0.0,0.0,-0.01,-1,-1,-0.01,-1,-1,-0.01,-1,-1,-0.01,-1,-1,-0.01,-1,-1,-0.01,-1,-1,-0.01,-1,-1,-0.01,-1,-1,-0.01,-1,-1,-0.01,-1,-1
99926009,2026-05-18 15:05:55+05:30,53625.7,0,0.0,0,0.0,0.0,53282.15,53667.55,52783.45,53710.35,0,0.0,0.0,0.0,0.0,-0.01,-1,-1,-0.01,-1,-1,-0.01,-1,-1,-0.01,-1,-1,-0.01,-1,-1,-0.01,-1,-1,-0.01,-1,-1,-0.01,-1,-1,-0.01,-1,-1,-0.01,-1,-1
99926009,2026-05-18 15:05:55+05:30,53625.2,0,0.0,0,0.0,0.0,53282.15,53667.55,52783.45,53710.35,0,0.0,0.0,0.0,0.0,-0.01,-1,-1,-0.01,-1,-1,-0.01,-1,-1,-0.01,-1,-1,-0.01,-1,-1,-0.01,-1,-1,-0.01,-1,-1,-0.01,-1,-1,-0.01,-1,-1,-0.01,-1,-1
99926009,2026-05-18 15:05:56+05:30,53625.2,0,0.0,0,0.0,0.0,53282.15,53667.55,52783.45,53710.35,0,0.0,0.0,0.0,0.0,-0.01,-1,-1,-0.01,-1,-1,-0.01,-1,-1,-0.01,-1,-1,-0.01,-1,-1,-0.01,-1,-1,-0.01,-1,-1,-0.01,-1,-1,-0.01,-1,-1,-0.01,-1,-1
99926009,2026-05-18 15:05:56+05:30,53623.2,0,0.0,0,0.0,0.0,53282.15,53667.55,52783.45,53710.35,0,0.0,0.0,0.0,0.0,-0.01,-1,-1,-0.01,-1,-1,-0.01,-1,-1,-0.01,-1,-1,-0.01,-1,-1,-0.01,-1,-1,-0.01,-1,-1,-0.01,-1,-1,-0.01,-1,-1,-0.01,-1,-1
99926009,2026-05-18 15:05:56+05:30,53621.85,0,0.0,0,0.0,0.0,53282.15,53667.55,52783.45,53710.35,0,0.0,0.0,0.0,0.0,-0.01,-1,-1,-0.01,-1,-1,-0.01,-1,-1,-0.01,-1,-1,-0.01,-1,-1,-0.01,-1,-1,-0.01,-1,-1,-0.01,-1,-1,-0.01,-1,-1,-0.01,-1,-1
99926009,2026-05-18 15:05:57+05:30,53621.85,0,0.0,0,0.0,0.0,53282.15,53667.55,52783.45,53710.35,0,0.0,0.0,0.0,0.0,-0.01,-1,-1,-0.01,-1,-1,-0.01,-1,-1,-0.01,-1,-1,-0.01,-1,-1,-0.01,-1,-1,-0.01,-1,-1,-0.01,-1,-1,-0.01,-1,-1,-0.01,-1,-1
99926009,2026-05-18 15:05:57+05:30,53620.4,0,0.0,0,0.0,0.0,53282.15,53667.55,52783.45,53710.35,0,0.0,0.0,0.0,0.0,-0.01,-1,-1,-0.01,-1,-1,-0.01,-1,-1,-0.01,-1,-1,-0.01,-1,-1,-0.01,-1,-1,-0.01,-1,-1,-0.01,-1,-1,-0.01,-1,-1,-0.01,-1,-1
99926009,2026-05-18 15:05:57+05:30,53623.35,0,0.0,0,0.0,0.0,53282.15,53667.55,52783.45,53710.35,0,0.0,0.0,0.0,0.0,-0.01,-1,-1,-0.01,-1,-1,-0.01,-1,-1,-0.01,-1,-1,-0.01,-1,-1,-0.01,-1,-1,-0.01,-1,-1,-0.01,-1,-1,-0.01,-1,-1,-0.01,-1,-1
99926009,2026-05-18 15:05:58+05:30,53623.35,0,0.0,0,0.0,0.0,53282.15,53667.55,52783.45,53710.35,0,0.0,0.0,0.0,0.0,-0.01,-1,-1,-0.01,-1,-1,-0.01,-1,-1,-0.01,-1,-1,-0.01,-1,-1,-0.01,-1,-1,-0.01,-1,-1,-0.01,-1,-1,-0.01,-1,-1,-0.01,-1,-1
99926009,2026-05-18 15:05:58+05:30,53621.85,0,0.0,0,0.0,0.0,53282.15,53667.55,52783.45,53710.35,0,0.0,0.0,0.0,0.0,-0.01,-1,-1,-0.01,-1,-1,-0.01,-1,-1,-0.01,-1,-1,-0.01,-1,-1,-0.01,-1,-1,-0.01,-1,-1,-0.01,-1,-1,-0.01,-1,-1,-0.01,-1,-1
99926009,2026-05-18 15:05:58+05:30,53623.15,0,0.0,0,0.0,0.0,53282.15,53667.55,52783.45,53710.35,0,0.0,0.0,0.0,0.0,-0.01,-1,-1,-0.01,-1,-1,-0.01,-1,-1,-0.01,-1,-1,-0.01,-1,-1,-0.01,-1,-1,-0.01,-1,-1,-0.01,-1,-1,-0.01,-1,-1,-0.01,-1,-1
99926009,2026-05-18 15:05:59+05:30,53623.15,0,0.0,0,0.0,0.0,53282.15,53667.55,52783.45,53710.35,0,0.0,0.0,0.0,0.0,-0.01,-1,-1,-0.01,-1,-1,-0.01,-1,-1,-0.01,-1,-1,-0.01,-1,-1,-0.01,-1,-1,-0.01,-1,-1,-0.01,-1,-1,-0.01,-1,-1,-0.01,-1,-1
99926009,2026-05-18 15:05:59+05:30,53617.7,0,0.0,0,0.0,0.0,53282.15,53667.55,52783.45,53710.35,0,0.0,0.0,0.0,0.0,-0.01,-1,-1,-0.01,-1,-1,-0.01,-1,-1,-0.01,-1,-1,-0.01,-1,-1,-0.01,-1,-1,-0.01,-1,-1,-0.01,-1,-1,-0.01,-1,-1,-0.01,-1,-1
99926009,2026-05-18 15:05:59+05:30,53618.75,0,0.0,0,0.0,0.0,53282.15,53667.55,52783.45,53710.35,0,0.0,0.0,0.0,0.0,-0.01,-1,-1,-0.01,-1,-1,-0.01,-1,-1,-0.01,-1,-1,-0.01,-1,-1,-0.01,-1,-1,-0.01,-1,-1,-0.01,-1,-1,-0.01,-1,-1,-0.01,-1,-1
99926009,2026-05-18 15:06:00+05:30,53618.75,0,0.0,0,0.0,0.0,53282.15,53667.55,52783.45,53710.35,0,0.0,0.0,0.0,0.0,-0.01,-1,-1,-0.01,-1,-1,-0.01,-1,-1,-0.01,-1,-1,-0.01,-1,-1,-0.01,-1,-1,-0.01,-1,-1,-0.01,-1,-1,-0.01,-1,-1,-0.01,-1,-1
99926009,2026-05-18 15:06:00+05:30,53617.05,0,0.0,0,0.0,0.0,53282.15,53667.55,52783.45,53710.35,0,0.0,0.0,0.0,0.0,-0.01,-1,-1,-0.01,-1,-1,-0.01,-1,-1,-0.01,-1,-1,-0.01,-1,-1,-0.01,-1,-1,-0.01,-1,-1,-0.01,-1,-1,-0.01,-1,-1,-0.01,-1,-1
99926009,2026-05-18 15:06:00+05:30,53621.35,0,0.0,0,0.0,0.0,53282.15,53667.55,52783.45,53710.35,0,0.0,0.0,0.0,0.0,-0.01,-1,-1,-0.01,-1,-1,-0.01,-1,-1,-0.01,-1,-1,-0.01,-1,-1,-0.01,-1,-1,-0.01,-1,-1,-0.01,-1,-1,-0.01,-1,-1,-0.01,-1,-1
99926009,2026-05-18 15:06:01+05:30,53621.35,0,0.0,0,0.0,0.0,53282.15,53667.55,52783.45,53710.35,0,0.0,0.0,0.0,0.0,-0.01,-1,-1,-0.01,-1,-1,-0.01,-1,-1,-0.01,-1,-1,-0.01,-1,-1,-0.01,-1,-1,-0.01,-1,-1,-0.01,-1,-1,-0.01,-1,-1,-0.01,-1,-1
99926009,2026-05-18 15:06:01+05:30,53616.9,0,0.0,0,0.0,0.0,53282.15,53667.55,52783.45,53710.35,0,0.0,0.0,0.0,0.0,-0.01,-1,-1,-0.01,-1,-1,-0.01,-1,-1,-0.01,-1,-1,-0.01,-1,-1,-0.01,-1,-1,-0.01,-1,-1,-0.01,-1,-1,-0.01,-1,-1,-0.01,-1,-1
99926009,2026-05-18 15:06:01+05:30,53617.0,0,0.0,0,0.0,0.0,53282.15,53667.55,52783.45,53710.35,0,0.0,0.0,0.0,0.0,-0.01,-1,-1,-0.01,-1,-1,-0.01,-1,-1,-0.01,-1,-1,-0.01,-1,-1,-0.01,-1,-1,-0.01,-1,-1,-0.01,-1,-1,-0.01,-1,-1,-0.01,-1,-1
99926009,2026-05-18 15:06:02+05:30,53617.0,0,0.0,0,0.0,0.0,53282.15,53667.55,52783.45,53710.35,0,0.0,0.0,0.0,0.0,-0.01,-1,-1,-0.01,-1,-1,-0.01,-1,-1,-0.01,-1,-1,-0.01,-1,-1,-0.01,-1,-1,-0.01,-1,-1,-0.01,-1,-1,-0.01,-1,-1,-0.01,-1,-1
99926009,2026-05-18 15:06:02+05:30,53615.3,0,0.0,0,0.0,0.0,53282.15,53667.55,52783.45,53710.35,0,0.0,0.0,0.0,0.0,-0.01,-1,-1,-0.01,-1,-1,-0.01,-1,-1,-0.01,-1,-1,-0.01,-1,-1,-0.01,-1,-1,-0.01,-1,-1,-0.01,-1,-1,-0.01,-1,-1,-0.01,-1,-1
99926009,2026-05-18 15:06:02+05:30,53616.55,0,0.0,0,0.0,0.0,53282.15,53667.55,52783.45,53710.35,0,0.0,0.0,0.0,0.0,-0.01,-1,-1,-0.01,-1,-1,-0.01,-1,-1,-0.01,-1,-1,-0.01,-1,-1,-0.01,-1,-1,-0.01,-1,-1,-0.01,-1,-1,-0.01,-1,-1,-0.01,-1,-1
99926009,2026-05-18 15:06:03+05:30,53616.55,0,0.0,0,0.0,0.0,53282.15,53667.55,52783.45,53710.35,0,0.0,0.0,0.0,0.0,-0.01,-1,-1,-0.01,-1,-1,-0.01,-1,-1,-0.01,-1,-1,-0.01,-1,-1,-0.01,-1,-1,-0.01,-1,-1,-0.01,-1,-1,-0.01,-1,-1,-0.01,-1,-1
99926009,2026-05-18 15:06:03+05:30,53616.45,0,0.0,0,0.0,0.0,53282.15,53667.55,52783.45,53710.35,0,0.0,0.0,0.0,0.0,-0.01,-1,-1,-0.01,-1,-1,-0.01,-1,-1,-0.01,-1,-1,-0.01,-1,-1,-0.01,-1,-1,-0.01,-1,-1,-0.01,-1,-1,-0.01,-1,-1,-0.01,-1,-1
99926009,2026-05-18 15:06:03+05:30,53618.1,0,0.0,0,0.0,0.0,53282.15,53667.55,52783.45,53710.35,0,0.0,0.0,0.0,0.0,-0.01,-1,-1,-0.01,-1,-1,-0.01,-1,-1,-0.01,-1,-1,-0.01,-1,-1,-0.01,-1,-1,-0.01,-1,-1,-0.01,-1,-1,-0.01,-1,-1,-0.01,-1,-1
99926009,2026-05-18 15:06:04+05:30,53618.1,0,0.0,0,0.0,0.0,53282.15,53667.55,52783.45,53710.35,0,0.0,0.0,0.0,0.0,-0.01,-1,-1,-0.01,-1,-1,-0.01,-1,-1,-0.01,-1,-1,-0.01,-1,-1,-0.01,-1,-1,-0.01,-1,-1,-0.01,-1,-1,-0.01,-1,-1,-0.01,-1,-1
99926009,2026-05-18 15:06:04+05:30,53617.5,0,0.0,0,0.0,0.0,53282.15,53667.55,52783.45,53710.35,0,0.0,0.0,0.0,0.0,-0.01,-1,-1,-0.01,-1,-1,-0.01,-1,-1,-0.01,-1,-1,-0.01,-1,-1,-0.01,-1,-1,-0.01,-1,-1,-0.01,-1,-1,-0.01,-1,-1,-0.01,-1,-1
99926009,2026-05-18 15:06:04+05:30,53614.8,0,0.0,0,0.0,0.0,53282.15,53667.55,52783.45,53710.35,0,0.0,0.0,0.0,0.0,-0.01,-1,-1,-0.01,-1,-1,-0.01,-1,-1,-0.01,-1,-1,-0.01,-1,-1,-0.01,-1,-1,-0.01,-1,-1,-0.01,-1,-1,-0.01,-1,-1,-0.01,-1,-1
99926009,2026-05-18 15:06:05+05:30,53614.8,0,0.0,0,0.0,0.0,53282.15,53667.55,52783.45,53710.35,0,0.0,0.0,0.0,0.0,-0.01,-1,-1,-0.01,-1,-1,-0.01,-1,-1,-0.01,-1,-1,-0.01,-1,-1,-0.01,-1,-1,-0.01,-1,-1,-0.01,-1,-1,-0.01,-1,-1,-0.01,-1,-1
99926009,2026-05-18 15:06:05+05:30,53615.15,0,0.0,0,0.0,0.0,53282.15,53667.55,52783.45,53710.35,0,0.0,0.0,0.0,0.0,-0.01,-1,-1,-0.01,-1,-1,-0.01,-1,-1,-0.01,-1,-1,-0.01,-1,-1,-0.01,-1,-1,-0.01,-1,-1,-0.01,-1,-1,-0.01,-1,-1,-0.01,-1,-1
99926009,2026-05-18 15:06:05+05:30,53615.1,0,0.0,0,0.0,0.0,53282.15,53667.55,52783.45,53710.35,0,0.0,0.0,0.0,0.0,-0.01,-1,-1,-0.01,-1,-1,-0.01,-1,-1,-0.01,-1,-1,-0.01,-1,-1,-0.01,-1,-1,-0.01,-1,-1,-0.01,-1,-1,-0.01,-1,-1,-0.01,-1,-1
99926009,2026-05-18 15:06:06+05:30,53615.1,0,0.0,0,0.0,0.0,53282.15,53667.55,52783.45,53710.35,0,0.0,0.0,0.0,0.0,-0.01,-1,-1,-0.01,-1,-1,-0.01,-1,-1,-0.01,-1,-1,-0.01,-1,-1,-0.01,-1,-1,-0.01,-1,-1,-0.01,-1,-1,-0.01,-1,-1,-0.01,-1,-1
99926009,2026-05-18 15:06:06+05:30,53614.15,0,0.0,0,0.0,0.0,53282.15,53667.55,52783.45,53710.35,0,0.0,0.0,0.0,0.0,-0.01,-1,-1,-0.01,-1,-1,-0.01,-1,-1,-0.01,-1,-1,-0.01,-1,-1,-0.01,-1,-1,-0.01,-1,-1,-0.01,-1,-1,-0.01,-1,-1,-0.01,-1,-1
99926009,2026-05-18 15:06:06+05:30,53609.9,0,0.0,0,0.0,0.0,53282.15,53667.55,52783.45,53710.35,0,0.0,0.0,0.0,0.0,-0.01,-1,-1,-0.01,-1,-1,-0.01,-1,-1,-0.01,-1,-1,-0.01,-1,-1,-0.01,-1,-1,-0.01,-1,-1,-0.01,-1,-1,-0.01,-1,-1,-0.01,-1,-1
99926009,2026-05-18 15:06:07+05:30,53609.9,0,0.0,0,0.0,0.0,53282.15,53667.55,52783.45,53710.35,0,0.0,0.0,0.0,0.0,-0.01,-1,-1,-0.01,-1,-1,-0.01,-1,-1,-0.01,-1,-1,-0.01,-1,-1,-0.01,-1,-1,-0.01,-1,-1,-0.01,-1,-1,-0.01,-1,-1,-0.01,-1,-1
99926009,2026-05-18 15:06:07+05:30,53611.55,0,0.0,0,0.0,0.0,53282.15,53667.55,52783.45,53710.35,0,0.0,0.0,0.0,0.0,-0.01,-1,-1,-0.01,-1,-1,-0.01,-1,-1,-0.01,-1,-1,-0.01,-1,-1,-0.01,-1,-1,-0.01,-1,-1,-0.01,-1,-1,-0.01,-1,-1,-0.01,-1,-1
99926009,2026-05-18 15:06:07+05:30,53607.0,0,0.0,0,0.0,0.0,53282.15,53667.55,52783.45,53710.35,0,0.0,0.0,0.0,0.0,-0.01,-1,-1,-0.01,-1,-1,-0.01,-1,-1,-0.01,-1,-1,-0.01,-1,-1,-0.01,-1,-1,-0.01,-1,-1,-0.01,-1,-1,-0.01,-1,-1,-0.01,-1,-1
99926009,2026-05-18 15:06:08+05:30,53607.0,0,0.0,0,0.0,0.0,53282.15,53667.55,52783.45,53710.35,0,0.0,0.0,0.0,0.0,-0.01,-1,-1,-0.01,-1,-1,-0.01,-1,-1,-0.01,-1,-1,-0.01,-1,-1,-0.01,-1,-1,-0.01,-1,-1,-0.01,-1,-1,-0.01,-1,-1,-0.01,-1,-1
99926009,2026-05-18 15:06:08+05:30,53608.55,0,0.0,0,0.0,0.0,53282.15,53667.55,52783.45,53710.35,0,0.0,0.0,0.0,0.0,-0.01,-1,-1,-0.01,-1,-1,-0.01,-1,-1,-0.01,-1,-1,-0.01,-1,-1,-0.01,-1,-1,-0.01,-1,-1,-0.01,-1,-1,-0.01,-1,-1,-0.01,-1,-1
99926009,2026-05-18 15:06:08+05:30,53609.45,0,0.0,0,0.0,0.0,53282.15,53667.55,52783.45,53710.35,0,0.0,0.0,0.0,0.0,-0.01,-1,-1,-0.01,-1,-1,-0.01,-1,-1,-0.01,-1,-1,-0.01,-1,-1,-0.01,-1,-1,-0.01,-1,-1,-0.01,-1,-1,-0.01,-1,-1,-0.01,-1,-1
99926009,2026-05-18 15:06:09+05:30,53609.45,0,0.0,0,0.0,0.0,53282.15,53667.55,52783.45,53710.35,0,0.0,0.0,0.0,0.0,-0.01,-1,-1,-0.01,-1,-1,-0.01,-1,-1,-0.01,-1,-1,-0.01,-1,-1,-0.01,-1,-1,-0.01,-1,-1,-0.01,-1,-1,-0.01,-1,-1,-0.01,-1,-1
99926009,2026-05-18 15:06:09+05:30,53605.9,0,0.0,0,0.0,0.0,53282.15,53667.55,52783.45,53710.35,0,0.0,0.0,0.0,0.0,-0.01,-1,-1,-0.01,-1,-1,-0.01,-1,-1,-0.01,-1,-1,-0.01,-1,-1,-0.01,-1,-1,-0.01,-1,-1,-0.01,-1,-1,-0.01,-1,-1,-0.01,-1,-1
99926009,2026-05-18 15:06:09+05:30,53606.1,0,0.0,0,0.0,0.0,53282.15,53667.55,52783.45,53710.35,0,0.0,0.0,0.0,0.0,-0.01,-1,-1,-0.01,-1,-1,-0.01,-1,-1,-0.01,-1,-1,-0.01,-1,-1,-0.01,-1,-1,-0.01,-1,-1,-0.01,-1,-1,-0.01,-1,-1,-0.01,-1,-1
99926009,2026-05-18 15:06:10+05:30,53606.1,0,0.0,0,0.0,0.0,53282.15,53667.55,52783.45,53710.35,0,0.0,0.0,0.0,0.0,-0.01,-1,-1,-0.01,-1,-1,-0.01,-1,-1,-0.01,-1,-1,-0.01,-1,-1,-0.01,-1,-1,-0.01,-1,-1,-0.01,-1,-1,-0.01,-1,-1,-0.01,-1,-1
99926009,2026-05-18 15:06:10+05:30,53605.0,0,0.0,0,0.0,0.0,53282.15,53667.55,52783.45,53710.35,0,0.0,0.0,0.0,0.0,-0.01,-1,-1,-0.01,-1,-1,-0.01,-1,-1,-0.01,-1,-1,-0.01,-1,-1,-0.01,-1,-1,-0.01,-1,-1,-0.01,-1,-1,-0.01,-1,-1,-0.01,-1,-1
99926009,2026-05-18 15:06:10+05:30,53606.8,0,0.0,0,0.0,0.0,53282.15,53667.55,52783.45,53710.35,0,0.0,0.0,0.0,0.0,-0.01,-1,-1,-0.01,-1,-1,-0.01,-1,-1,-0.01,-1,-1,-0.01,-1,-1,-0.01,-1,-1,-0.01,-1,-1,-0.01,-1,-1,-0.01,-1,-1,-0.01,-1,-1
99926009,2026-05-18 15:06:11+05:30,53606.8,0,0.0,0,0.0,0.0,53282.15,53667.55,52783.45,53710.35,0,0.0,0.0,0.0,0.0,-0.01,-1,-1,-0.01,-1,-1,-0.01,-1,-1,-0.01,-1,-1,-0.01,-1,-1,-0.01,-1,-1,-0.01,-1,-1,-0.01,-1,-1,-0.01,-1,-1,-0.01,-1,-1
99926009,2026-05-18 15:06:11+05:30,53603.25,0,0.0,0,0.0,0.0,53282.15,53667.55,52783.45,53710.35,0,0.0,0.0,0.0,0.0,-0.01,-1,-1,-0.01,-1,-1,-0.01,-1,-1,-0.01,-1,-1,-0.01,-1,-1,-0.01,-1,-1,-0.01,-1,-1,-0.01,-1,-1,-0.01,-1,-1,-0.01,-1,-1
99926009,2026-05-18 15:06:11+05:30,53602.55,0,0.0,0,0.0,0.0,53282.15,53667.55,52783.45,53710.35,0,0.0,0.0,0.0,0.0,-0.01,-1,-1,-0.01,-1,-1,-0.01,-1,-1,-0.01,-1,-1,-0.01,-1,-1,-0.01,-1,-1,-0.01,-1,-1,-0.01,-1,-1,-0.01,-1,-1,-0.01,-1,-1
99926009,2026-05-18 15:06:12+05:30,53602.55,0,0.0,0,0.0,0.0,53282.15,53667.55,52783.45,53710.35,0,0.0,0.0,0.0,0.0,-0.01,-1,-1,-0.01,-1,-1,-0.01,-1,-1,-0.01,-1,-1,-0.01,-1,-1,-0.01,-1,-1,-0.01,-1,-1,-0.01,-1,-1,-0.01,-1,-1,-0.01,-1,-1
99926009,2026-05-18 15:06:12+05:30,53602.9,0,0.0,0,0.0,0.0,53282.15,53667.55,52783.45,53710.35,0,0.0,0.0,0.0,0.0,-0.01,-1,-1,-0.01,-1,-1,-0.01,-1,-1,-0.01,-1,-1,-0.01,-1,-1,-0.01,-1,-1,-0.01,-1,-1,-0.01,-1,-1,-0.01,-1,-1,-0.01,-1,-1
99926009,2026-05-18 15:06:12+05:30,53603.65,0,0.0,0,0.0,0.0,53282.15,53667.55,52783.45,53710.35,0,0.0,0.0,0.0,0.0,-0.01,-1,-1,-0.01,-1,-1,-0.01,-1,-1,-0.01,-1,-1,-0.01,-1,-1,-0.01,-1,-1,-0.01,-1,-1,-0.01,-1,-1,-0.01,-1,-1,-0.01,-1,-1
99926009,2026-05-18 15:06:13+05:30,53603.65,0,0.0,0,0.0,0.0,53282.15,53667.55,52783.45,53710.35,0,0.0,0.0,0.0,0.0,-0.01,-1,-1,-0.01,-1,-1,-0.01,-1,-1,-0.01,-1,-1,-0.01,-1,-1,-0.01,-1,-1,-0.01,-1,-1,-0.01,-1,-1,-0.01,-1,-1,-0.01,-1,-1
99926009,2026-05-18 15:06:13+05:30,53604.0,0,0.0,0,0.0,0.0,53282.15,53667.55,52783.45,53710.35,0,0.0,0.0,0.0,0.0,-0.01,-1,-1,-0.01,-1,-1,-0.01,-1,-1,-0.01,-1,-1,-0.01,-1,-1,-0.01,-1,-1,-0.01,-1,-1,-0.01,-1,-1,-0.01,-1,-1,-0.01,-1,-1
99926009,2026-05-18 15:06:13+05:30,53603.75,0,0.0,0,0.0,0.0,53282.15,53667.55,52783.45,53710.35,0,0.0,0.0,0.0,0.0,-0.01,-1,-1,-0.01,-1,-1,-0.01,-1,-1,-0.01,-1,-1,-0.01,-1,-1,-0.01,-1,-1,-0.01,-1,-1,-0.01,-1,-1,-0.01,-1,-1,-0.01,-1,-1
99926009,2026-05-18 15:06:14+05:30,53603.75,0,0.0,0,0.0,0.0,53282.15,53667.55,52783.45,53710.35,0,0.0,0.0,0.0,0.0,-0.01,-1,-1,-0.01,-1,-1,-0.01,-1,-1,-0.01,-1,-1,-0.01,-1,-1,-0.01,-1,-1,-0.01,-1,-1,-0.01,-1,-1,-0.01,-1,-1,-0.01,-1,-1
99926009,2026-05-18 15:06:14+05:30,53607.15,0,0.0,0,0.0,0.0,53282.15,53667.55,52783.45,53710.35,0,0.0,0.0,0.0,0.0,-0.01,-1,-1,-0.01,-1,-1,-0.01,-1,-1,-0.01,-1,-1,-0.01,-1,-1,-0.01,-1,-1,-0.01,-1,-1,-0.01,-1,-1,-0.01,-1,-1,-0.01,-1,-1
99926009,2026-05-18 15:06:14+05:30,53605.4,0,0.0,0,0.0,0.0,53282.15,53667.55,52783.45,53710.35,0,0.0,0.0,0.0,0.0,-0.01,-1,-1,-0.01,-1,-1,-0.01,-1,-1,-0.01,-1,-1,-0.01,-1,-1,-0.01,-1,-1,-0.01,-1,-1,-0.01,-1,-1,-0.01,-1,-1,-0.01,-1,-1
99926009,2026-05-18 15:06:15+05:30,53605.4,0,0.0,0,0.0,0.0,53282.15,53667.55,52783.45,53710.35,0,0.0,0.0,0.0,0.0,-0.01,-1,-1,-0.01,-1,-1,-0.01,-1,-1,-0.01,-1,-1,-0.01,-1,-1,-0.01,-1,-1,-0.01,-1,-1,-0.01,-1,-1,-0.01,-1,-1,-0.01,-1,-1
99926009,2026-05-18 15:06:15+05:30,53606.45,0,0.0,0,0.0,0.0,53282.15,53667.55,52783.45,53710.35,0,0.0,0.0,0.0,0.0,-0.01,-1,-1,-0.01,-1,-1,-0.01,-1,-1,-0.01,-1,-1,-0.01,-1,-1,-0.01,-1,-1,-0.01,-1,-1,-0.01,-1,-1,-0.01,-1,-1,-0.01,-1,-1
99926009,2026-05-18 15:06:15+05:30,53605.65,0,0.0,0,0.0,0.0,53282.15,53667.55,52783.45,53710.35,0,0.0,0.0,0.0,0.0,-0.01,-1,-1,-0.01,-1,-1,-0.01,-1,-1,-0.01,-1,-1,-0.01,-1,-1,-0.01,-1,-1,-0.01,-1,-1,-0.01,-1,-1,-0.01,-1,-1,-0.01,-1,-1
99926009,2026-05-18 15:06:16+05:30,53605.65,0,0.0,0,0.0,0.0,53282.15,53667.55,52783.45,53710.35,0,0.0,0.0,0.0,0.0,-0.01,-1,-1,-0.01,-1,-1,-0.01,-1,-1,-0.01,-1,-1,-0.01,-1,-1,-0.01,-1,-1,-0.01,-1,-1,-0.01,-1,-1,-0.01,-1,-1,-0.01,-1,-1
99926009,2026-05-18 15:06:16+05:30,53605.6,0,0.0,0,0.0,0.0,53282.15,53667.55,52783.45,53710.35,0,0.0,0.0,0.0,0.0,-0.01,-1,-1,-0.01,-1,-1,-0.01,-1,-1,-0.01,-1,-1,-0.01,-1,-1,-0.01,-1,-1,-0.01,-1,-1,-0.01,-1,-1,-0.01,-1,-1,-0.01,-1,-1
99926009,2026-05-18 15:06:16+05:30,53606.15,0,0.0,0,0.0,0.0,53282.15,53667.55,52783.45,53710.35,0,0.0,0.0,0.0,0.0,-0.01,-1,-1,-0.01,-1,-1,-0.01,-1,-1,-0.01,-1,-1,-0.01,-1,-1,-0.01,-1,-1,-0.01,-1,-1,-0.01,-1,-1,-0.01,-1,-1,-0.01,-1,-1
99926009,2026-05-18 15:06:17+05:30,53606.15,0,0.0,0,0.0,0.0,53282.15,53667.55,52783.45,53710.35,0,0.0,0.0,0.0,0.0,-0.01,-1,-1,-0.01,-1,-1,-0.01,-1,-1,-0.01,-1,-1,-0.01,-1,-1,-0.01,-1,-1,-0.01,-1,-1,-0.01,-1,-1,-0.01,-1,-1,-0.01,-1,-1
99926009,2026-05-18 15:06:17+05:30,53603.2,0,0.0,0,0.0,0.0,53282.15,53667.55,52783.45,53710.35,0,0.0,0.0,0.0,0.0,-0.01,-1,-1,-0.01,-1,-1,-0.01,-1,-1,-0.01,-1,-1,-0.01,-1,-1,-0.01,-1,-1,-0.01,-1,-1,-0.01,-1,-1,-0.01,-1,-1,-0.01,-1,-1
99926009,2026-05-18 15:06:17+05:30,53602.95,0,0.0,0,0.0,0.0,53282.15,53667.55,52783.45,53710.35,0,0.0,0.0,0.0,0.0,-0.01,-1,-1,-0.01,-1,-1,-0.01,-1,-1,-0.01,-1,-1,-0.01,-1,-1,-0.01,-1,-1,-0.01,-1,-1,-0.01,-1,-1,-0.01,-1,-1,-0.01,-1,-1
99926009,2026-05-18 15:06:18+05:30,53602.95,0,0.0,0,0.0,0.0,53282.15,53667.55,52783.45,53710.35,0,0.0,0.0,0.0,0.0,-0.01,-1,-1,-0.01,-1,-1,-0.01,-1,-1,-0.01,-1,-1,-0.01,-1,-1,-0.01,-1,-1,-0.01,-1,-1,-0.01,-1,-1,-0.01,-1,-1,-0.01,-1,-1
99926009,2026-05-18 15:06:18+05:30,53601.75,0,0.0,0,0.0,0.0,53282.15,53667.55,52783.45,53710.35,0,0.0,0.0,0.0,0.0,-0.01,-1,-1,-0.01,-1,-1,-0.01,-1,-1,-0.01,-1,-1,-0.01,-1,-1,-0.01,-1,-1,-0.01,-1,-1,-0.01,-1,-1,-0.01,-1,-1,-0.01,-1,-1
99926009,2026-05-18 15:06:18+05:30,53602.55,0,0.0,0,0.0,0.0,53282.15,53667.55,52783.45,53710.35,0,0.0,0.0,0.0,0.0,-0.01,-1,-1,-0.01,-1,-1,-0.01,-1,-1,-0.01,-1,-1,-0.01,-1,-1,-0.01,-1,-1,-0.01,-1,-1,-0.01,-1,-1,-0.01,-1,-1,-0.01,-1,-1
99926009,2026-05-18 15:06:19+05:30,53602.55,0,0.0,0,0.0,0.0,53282.15,53667.55,52783.45,53710.35,0,0.0,0.0,0.0,0.0,-0.01,-1,-1,-0.01,-1,-1,-0.01,-1,-1,-0.01,-1,-1,-0.01,-1,-1,-0.01,-1,-1,-0.01,-1,-1,-0.01,-1,-1,-0.01,-1,-1,-0.01,-1,-1
99926009,2026-05-18 15:06:19+05:30,53602.1,0,0.0,0,0.0,0.0,53282.15,53667.55,52783.45,53710.35,0,0.0,0.0,0.0,0.0,-0.01,-1,-1,-0.01,-1,-1,-0.01,-1,-1,-0.01,-1,-1,-0.01,-1,-1,-0.01,-1,-1,-0.01,-1,-1,-0.01,-1,-1,-0.01,-1,-1,-0.01,-1,-1
99926009,2026-05-18 15:06:19+05:30,53600.1,0,0.0,0,0.0,0.0,53282.15,53667.55,52783.45,53710.35,0,0.0,0.0,0.0,0.0,-0.01,-1,-1,-0.01,-1,-1,-0.01,-1,-1,-0.01,-1,-1,-0.01,-1,-1,-0.01,-1,-1,-0.01,-1,-1,-0.01,-1,-1,-0.01,-1,-1,-0.01,-1,-1
99926009,2026-05-18 15:06:20+05:30,53600.1,0,0.0,0,0.0,0.0,53282.15,53667.55,52783.45,53710.35,0,0.0,0.0,0.0,0.0,-0.01,-1,-1,-0.01,-1,-1,-0.01,-1,-1,-0.01,-1,-1,-0.01,-1,-1,-0.01,-1,-1,-0.01,-1,-1,-0.01,-1,-1,-0.01,-1,-1,-0.01,-1,-1
99926009,2026-05-18 15:06:20+05:30,53601.5,0,0.0,0,0.0,0.0,53282.15,53667.55,52783.45,53710.35,0,0.0,0.0,0.0,0.0,-0.01,-1,-1,-0.01,-1,-1,-0.01,-1,-1,-0.01,-1,-1,-0.01,-1,-1,-0.01,-1,-1,-0.01,-1,-1,-0.01,-1,-1,-0.01,-1,-1,-0.01,-1,-1
99926009,2026-05-18 15:06:20+05:30,53601.05,0,0.0,0,0.0,0.0,53282.15,53667.55,52783.45,53710.35,0,0.0,0.0,0.0,0.0,-0.01,-1,-1,-0.01,-1,-1,-0.01,-1,-1,-0.01,-1,-1,-0.01,-1,-1,-0.01,-1,-1,-0.01,-1,-1,-0.01,-1,-1,-0.01,-1,-1,-0.01,-1,-1
99926009,2026-05-18 15:06:21+05:30,53601.05,0,0.0,0,0.0,0.0,53282.15,53667.55,52783.45,53710.35,0,0.0,0.0,0.0,0.0,-0.01,-1,-1,-0.01,-1,-1,-0.01,-1,-1,-0.01,-1,-1,-0.01,-1,-1,-0.01,-1,-1,-0.01,-1,-1,-0.01,-1,-1,-0.01,-1,-1,-0.01,-1,-1
99926009,2026-05-18 15:06:21+05:30,53600.25,0,0.0,0,0.0,0.0,53282.15,53667.55,52783.45,53710.35,0,0.0,0.0,0.0,0.0,-0.01,-1,-1,-0.01,-1,-1,-0.01,-1,-1,-0.01,-1,-1,-0.01,-1,-1,-0.01,-1,-1,-0.01,-1,-1,-0.01,-1,-1,-0.01,-1,-1,-0.01,-1,-1
99926009,2026-05-18 15:06:21+05:30,53597.6,0,0.0,0,0.0,0.0,53282.15,53667.55,52783.45,53710.35,0,0.0,0.0,0.0,0.0,-0.01,-1,-1,-0.01,-1,-1,-0.01,-1,-1,-0.01,-1,-1,-0.01,-1,-1,-0.01,-1,-1,-0.01,-1,-1,-0.01,-1,-1,-0.01,-1,-1,-0.01,-1,-1
99926009,2026-05-18 15:06:22+05:30,53597.6,0,0.0,0,0.0,0.0,53282.15,53667.55,52783.45,53710.35,0,0.0,0.0,0.0,0.0,-0.01,-1,-1,-0.01,-1,-1,-0.01,-1,-1,-0.01,-1,-1,-0.01,-1,-1,-0.01,-1,-1,-0.01,-1,-1,-0.01,-1,-1,-0.01,-1,-1,-0.01,-1,-1
99926009,2026-05-18 15:06:22+05:30,53599.3,0,0.0,0,0.0,0.0,53282.15,53667.55,52783.45,53710.35,0,0.0,0.0,0.0,0.0,-0.01,-1,-1,-0.01,-1,-1,-0.01,-1,-1,-0.01,-1,-1,-0.01,-1,-1,-0.01,-1,-1,-0.01,-1,-1,-0.01,-1,-1,-0.01,-1,-1,-0.01,-1,-1
99926009,2026-05-18 15:06:22+05:30,53596.3,0,0.0,0,0.0,0.0,53282.15,53667.55,52783.45,53710.35,0,0.0,0.0,0.0,0.0,-0.01,-1,-1,-0.01,-1,-1,-0.01,-1,-1,-0.01,-1,-1,-0.01,-1,-1,-0.01,-1,-1,-0.01,-1,-1,-0.01,-1,-1,-0.01,-1,-1,-0.01,-1,-1
99926009,2026-05-18 15:06:23+05:30,53596.3,0,0.0,0,0.0,0.0,53282.15,53667.55,52783.45,53710.35,0,0.0,0.0,0.0,0.0,-0.01,-1,-1,-0.01,-1,-1,-0.01,-1,-1,-0.01,-1,-1,-0.01,-1,-1,-0.01,-1,-1,-0.01,-1,-1,-0.01,-1,-1,-0.01,-1,-1,-0.01,-1,-1
99926009,2026-05-18 15:06:23+05:30,53597.5,0,0.0,0,0.0,0.0,53282.15,53667.55,52783.45,53710.35,0,0.0,0.0,0.0,0.0,-0.01,-1,-1,-0.01,-1,-1,-0.01,-1,-1,-0.01,-1,-1,-0.01,-1,-1,-0.01,-1,-1,-0.01,-1,-1,-0.01,-1,-1,-0.01,-1,-1,-0.01,-1,-1
99926009,2026-05-18 15:06:23+05:30,53596.45,0,0.0,0,0.0,0.0,53282.15,53667.55,52783.45,53710.35,0,0.0,0.0,0.0,0.0,-0.01,-1,-1,-0.01,-1,-1,-0.01,-1,-1,-0.01,-1,-1,-0.01,-1,-1,-0.01,-1,-1,-0.01,-1,-1,-0.01,-1,-1,-0.01,-1,-1,-0.01,-1,-1
99926009,2026-05-18 15:06:24+05:30,53596.45,0,0.0,0,0.0,0.0,53282.15,53667.55,52783.45,53710.35,0,0.0,0.0,0.0,0.0,-0.01,-1,-1,-0.01,-1,-1,-0.01,-1,-1,-0.01,-1,-1,-0.01,-1,-1,-0.01,-1,-1,-0.01,-1,-1,-0.01,-1,-1,-0.01,-1,-1,-0.01,-1,-1
99926009,2026-05-18 15:06:24+05:30,53594.4,0,0.0,0,0.0,0.0,53282.15,53667.55,52783.45,53710.35,0,0.0,0.0,0.0,0.0,-0.01,-1,-1,-0.01,-1,-1,-0.01,-1,-1,-0.01,-1,-1,-0.01,-1,-1,-0.01,-1,-1,-0.01,-1,-1,-0.01,-1,-1,-0.01,-1,-1,-0.01,-1,-1
99926009,2026-05-18 15:06:24+05:30,53594.55,0,0.0,0,0.0,0.0,53282.15,53667.55,52783.45,53710.35,0,0.0,0.0,0.0,0.0,-0.01,-1,-1,-0.01,-1,-1,-0.01,-1,-1,-0.01,-1,-1,-0.01,-1,-1,-0.01,-1,-1,-0.01,-1,-1,-0.01,-1,-1,-0.01,-1,-1,-0.01,-1,-1
99926009,2026-05-18 15:06:25+05:30,53594.55,0,0.0,0,0.0,0.0,53282.15,53667.55,52783.45,53710.35,0,0.0,0.0,0.0,0.0,-0.01,-1,-1,-0.01,-1,-1,-0.01,-1,-1,-0.01,-1,-1,-0.01,-1,-1,-0.01,-1,-1,-0.01,-1,-1,-0.01,-1,-1,-0.01,-1,-1,-0.01,-1,-1
99926009,2026-05-18 15:06:25+05:30,53594.75,0,0.0,0,0.0,0.0,53282.15,53667.55,52783.45,53710.35,0,0.0,0.0,0.0,0.0,-0.01,-1,-1,-0.01,-1,-1,-0.01,-1,-1,-0.01,-1,-1,-0.01,-1,-1,-0.01,-1,-1,-0.01,-1,-1,-0.01,-1,-1,-0.01,-1,-1,-0.01,-1,-1
99926009,2026-05-18 15:06:25+05:30,53594.3,0,0.0,0,0.0,0.0,53282.15,53667.55,52783.45,53710.35,0,0.0,0.0,0.0,0.0,-0.01,-1,-1,-0.01,-1,-1,-0.01,-1,-1,-0.01,-1,-1,-0.01,-1,-1,-0.01,-1,-1,-0.01,-1,-1,-0.01,-1,-1,-0.01,-1,-1,-0.01,-1,-1
99926009,2026-05-18 15:06:26+05:30,53594.3,0,0.0,0,0.0,0.0,53282.15,53667.55,52783.45,53710.35,0,0.0,0.0,0.0,0.0,-0.01,-1,-1,-0.01,-1,-1,-0.01,-1,-1,-0.01,-1,-1,-0.01,-1,-1,-0.01,-1,-1,-0.01,-1,-1,-0.01,-1,-1,-0.01,-1,-1,-0.01,-1,-1
99926009,2026-05-18 15:06:26+05:30,53595.25,0,0.0,0,0.0,0.0,53282.15,53667.55,52783.45,53710.35,0,0.0,0.0,0.0,0.0,-0.01,-1,-1,-0.01,-1,-1,-0.01,-1,-1,-0.01,-1,-1,-0.01,-1,-1,-0.01,-1,-1,-0.01,-1,-1,-0.01,-1,-1,-0.01,-1,-1,-0.01,-1,-1
99926009,2026-05-18 15:06:26+05:30,53594.75,0,0.0,0,0.0,0.0,53282.15,53667.55,52783.45,53710.35,0,0.0,0.0,0.0,0.0,-0.01,-1,-1,-0.01,-1,-1,-0.01,-1,-1,-0.01,-1,-1,-0.01,-1,-1,-0.01,-1,-1,-0.01,-1,-1,-0.01,-1,-1,-0.01,-1,-1,-0.01,-1,-1
99926009,2026-05-18 15:06:27+05:30,53594.75,0,0.0,0,0.0,0.0,53282.15,53667.55,52783.45,53710.35,0,0.0,0.0,0.0,0.0,-0.01,-1,-1,-0.01,-1,-1,-0.01,-1,-1,-0.01,-1,-1,-0.01,-1,-1,-0.01,-1,-1,-0.01,-1,-1,-0.01,-1,-1,-0.01,-1,-1,-0.01,-1,-1
99926009,2026-05-18 15:06:27+05:30,53592.85,0,0.0,0,0.0,0.0,53282.15,53667.55,52783.45,53710.35,0,0.0,0.0,0.0,0.0,-0.01,-1,-1,-0.01,-1,-1,-0.01,-1,-1,-0.01,-1,-1,-0.01,-1,-1,-0.01,-1,-1,-0.01,-1,-1,-0.01,-1,-1,-0.01,-1,-1,-0.01,-1,-1
99926009,2026-05-18 15:06:27+05:30,53592.0,0,0.0,0,0.0,0.0,53282.15,53667.55,52783.45,53710.35,0,0.0,0.0,0.0,0.0,-0.01,-1,-1,-0.01,-1,-1,-0.01,-1,-1,-0.01,-1,-1,-0.01,-1,-1,-0.01,-1,-1,-0.01,-1,-1,-0.01,-1,-1,-0.01,-1,-1,-0.01,-1,-1
99926009,2026-05-18 15:06:28+05:30,53592.0,0,0.0,0,0.0,0.0,53282.15,53667.55,52783.45,53710.35,0,0.0,0.0,0.0,0.0,-0.01,-1,-1,-0.01,-1,-1,-0.01,-1,-1,-0.01,-1,-1,-0.01,-1,-1,-0.01,-1,-1,-0.01,-1,-1,-0.01,-1,-1,-0.01,-1,-1,-0.01,-1,-1
99926009,2026-05-18 15:06:28+05:30,53592.5,0,0.0,0,0.0,0.0,53282.15,53667.55,52783.45,53710.35,0,0.0,0.0,0.0,0.0,-0.01,-1,-1,-0.01,-1,-1,-0.01,-1,-1,-0.01,-1,-1,-0.01,-1,-1,-0.01,-1,-1,-0.01,-1,-1,-0.01,-1,-1,-0.01,-1,-1,-0.01,-1,-1
99926009,2026-05-18 15:06:28+05:30,53593.9,0,0.0,0,0.0,0.0,53282.15,53667.55,52783.45,53710.35,0,0.0,0.0,0.0,0.0,-0.01,-1,-1,-0.01,-1,-1,-0.01,-1,-1,-0.01,-1,-1,-0.01,-1,-1,-0.01,-1,-1,-0.01,-1,-1,-0.01,-1,-1,-0.01,-1,-1,-0.01,-1,-1
99926009,2026-05-18 15:06:29+05:30,53593.9,0,0.0,0,0.0,0.0,53282.15,53667.55,52783.45,53710.35,0,0.0,0.0,0.0,0.0,-0.01,-1,-1,-0.01,-1,-1,-0.01,-1,-1,-0.01,-1,-1,-0.01,-1,-1,-0.01,-1,-1,-0.01,-1,-1,-0.01,-1,-1,-0.01,-1,-1,-0.01,-1,-1
99926009,2026-05-18 15:06:29+05:30,53591.3,0,0.0,0,0.0,0.0,53282.15,53667.55,52783.45,53710.35,0,0.0,0.0,0.0,0.0,-0.01,-1,-1,-0.01,-1,-1,-0.01,-1,-1,-0.01,-1,-1,-0.01,-1,-1,-0.01,-1,-1,-0.01,-1,-1,-0.01,-1,-1,-0.01,-1,-1,-0.01,-1,-1
99926009,2026-05-18 15:06:29+05:30,53592.5,0,0.0,0,0.0,0.0,53282.15,53667.55,52783.45,53710.35,0,0.0,0.0,0.0,0.0,-0.01,-1,-1,-0.01,-1,-1,-0.01,-1,-1,-0.01,-1,-1,-0.01,-1,-1,-0.01,-1,-1,-0.01,-1,-1,-0.01,-1,-1,-0.01,-1,-1,-0.01,-1,-1
99926009,2026-05-18 15:06:30+05:30,53592.5,0,0.0,0,0.0,0.0,53282.15,53667.55,52783.45,53710.35,0,0.0,0.0,0.0,0.0,-0.01,-1,-1,-0.01,-1,-1,-0.01,-1,-1,-0.01,-1,-1,-0.01,-1,-1,-0.01,-1,-1,-0.01,-1,-1,-0.01,-1,-1,-0.01,-1,-1,-0.01,-1,-1
99926009,2026-05-18 15:06:30+05:30,53593.55,0,0.0,0,0.0,0.0,53282.15,53667.55,52783.45,53710.35,0,0.0,0.0,0.0,0.0,-0.01,-1,-1,-0.01,-1,-1,-0.01,-1,-1,-0.01,-1,-1,-0.01,-1,-1,-0.01,-1,-1,-0.01,-1,-1,-0.01,-1,-1,-0.01,-1,-1,-0.01,-1,-1
99926009,2026-05-18 15:06:30+05:30,53592.15,0,0.0,0,0.0,0.0,53282.15,53667.55,52783.45,53710.35,0,0.0,0.0,0.0,0.0,-0.01,-1,-1,-0.01,-1,-1,-0.01,-1,-1,-0.01,-1,-1,-0.01,-1,-1,-0.01,-1,-1,-0.01,-1,-1,-0.01,-1,-1,-0.01,-1,-1,-0.01,-1,-1
99926009,2026-05-18 15:06:31+05:30,53592.15,0,0.0,0,0.0,0.0,53282.15,53667.55,52783.45,53710.35,0,0.0,0.0,0.0,0.0,-0.01,-1,-1,-0.01,-1,-1,-0.01,-1,-1,-0.01,-1,-1,-0.01,-1,-1,-0.01,-1,-1,-0.01,-1,-1,-0.01,-1,-1,-0.01,-1,-1,-0.01,-1,-1
99926009,2026-05-18 15:06:31+05:30,53591.4,0,0.0,0,0.0,0.0,53282.15,53667.55,52783.45,53710.35,0,0.0,0.0,0.0,0.0,-0.01,-1,-1,-0.01,-1,-1,-0.01,-1,-1,-0.01,-1,-1,-0.01,-1,-1,-0.01,-1,-1,-0.01,-1,-1,-0.01,-1,-1,-0.01,-1,-1,-0.01,-1,-1
99926009,2026-05-18 15:06:31+05:30,53589.8,0,0.0,0,0.0,0.0,53282.15,53667.55,52783.45,53710.35,0,0.0,0.0,0.0,0.0,-0.01,-1,-1,-0.01,-1,-1,-0.01,-1,-1,-0.01,-1,-1,-0.01,-1,-1,-0.01,-1,-1,-0.01,-1,-1,-0.01,-1,-1,-0.01,-1,-1,-0.01,-1,-1
99926009,2026-05-18 15:06:32+05:30,53589.8,0,0.0,0,0.0,0.0,53282.15,53667.55,52783.45,53710.35,0,0.0,0.0,0.0,0.0,-0.01,-1,-1,-0.01,-1,-1,-0.01,-1,-1,-0.01,-1,-1,-0.01,-1,-1,-0.01,-1,-1,-0.01,-1,-1,-0.01,-1,-1,-0.01,-1,-1,-0.01,-1,-1
99926009,2026-05-18 15:06:32+05:30,53586.65,0,0.0,0,0.0,0.0,53282.15,53667.55,52783.45,53710.35,0,0.0,0.0,0.0,0.0,-0.01,-1,-1,-0.01,-1,-1,-0.01,-1,-1,-0.01,-1,-1,-0.01,-1,-1,-0.01,-1,-1,-0.01,-1,-1,-0.01,-1,-1,-0.01,-1,-1,-0.01,-1,-1
99926009,2026-05-18 15:06:32+05:30,53588.05,0,0.0,0,0.0,0.0,53282.15,53667.55,52783.45,53710.35,0,0.0,0.0,0.0,0.0,-0.01,-1,-1,-0.01,-1,-1,-0.01,-1,-1,-0.01,-1,-1,-0.01,-1,-1,-0.01,-1,-1,-0.01,-1,-1,-0.01,-1,-1,-0.01,-1,-1,-0.01,-1,-1
99926009,2026-05-18 15:06:33+05:30,53588.05,0,0.0,0,0.0,0.0,53282.15,53667.55,52783.45,53710.35,0,0.0,0.0,0.0,0.0,-0.01,-1,-1,-0.01,-1,-1,-0.01,-1,-1,-0.01,-1,-1,-0.01,-1,-1,-0.01,-1,-1,-0.01,-1,-1,-0.01,-1,-1,-0.01,-1,-1,-0.01,-1,-1
99926009,2026-05-18 15:06:33+05:30,53588.9,0,0.0,0,0.0,0.0,53282.15,53667.55,52783.45,53710.35,0,0.0,0.0,0.0,0.0,-0.01,-1,-1,-0.01,-1,-1,-0.01,-1,-1,-0.01,-1,-1,-0.01,-1,-1,-0.01,-1,-1,-0.01,-1,-1,-0.01,-1,-1,-0.01,-1,-1,-0.01,-1,-1
99926009,2026-05-18 15:06:33+05:30,53588.45,0,0.0,0,0.0,0.0,53282.15,53667.55,52783.45,53710.35,0,0.0,0.0,0.0,0.0,-0.01,-1,-1,-0.01,-1,-1,-0.01,-1,-1,-0.01,-1,-1,-0.01,-1,-1,-0.01,-1,-1,-0.01,-1,-1,-0.01,-1,-1,-0.01,-1,-1,-0.01,-1,-1
99926009,2026-05-18 15:06:34+05:30,53588.45,0,0.0,0,0.0,0.0,53282.15,53667.55,52783.45,53710.35,0,0.0,0.0,0.0,0.0,-0.01,-1,-1,-0.01,-1,-1,-0.01,-1,-1,-0.01,-1,-1,-0.01,-1,-1,-0.01,-1,-1,-0.01,-1,-1,-0.01,-1,-1,-0.01,-1,-1,-0.01,-1,-1
99926009,2026-05-18 15:06:34+05:30,53588.1,0,0.0,0,0.0,0.0,53282.15,53667.55,52783.45,53710.35,0,0.0,0.0,0.0,0.0,-0.01,-1,-1,-0.01,-1,-1,-0.01,-1,-1,-0.01,-1,-1,-0.01,-1,-1,-0.01,-1,-1,-0.01,-1,-1,-0.01,-1,-1,-0.01,-1,-1,-0.01,-1,-1
99926009,2026-05-18 15:06:34+05:30,53589.75,0,0.0,0,0.0,0.0,53282.15,53667.55,52783.45,53710.35,0,0.0,0.0,0.0,0.0,-0.01,-1,-1,-0.01,-1,-1,-0.01,-1,-1,-0.01,-1,-1,-0.01,-1,-1,-0.01,-1,-1,-0.01,-1,-1,-0.01,-1,-1,-0.01,-1,-1,-0.01,-1,-1
99926009,2026-05-18 15:06:35+05:30,53589.75,0,0.0,0,0.0,0.0,53282.15,53667.55,52783.45,53710.35,0,0.0,0.0,0.0,0.0,-0.01,-1,-1,-0.01,-1,-1,-0.01,-1,-1,-0.01,-1,-1,-0.01,-1,-1,-0.01,-1,-1,-0.01,-1,-1,-0.01,-1,-1,-0.01,-1,-1,-0.01,-1,-1
99926009,2026-05-18 15:06:35+05:30,53589.5,0,0.0,0,0.0,0.0,53282.15,53667.55,52783.45,53710.35,0,0.0,0.0,0.0,0.0,-0.01,-1,-1,-0.01,-1,-1,-0.01,-1,-1,-0.01,-1,-1,-0.01,-1,-1,-0.01,-1,-1,-0.01,-1,-1,-0.01,-1,-1,-0.01,-1,-1,-0.01,-1,-1
99926009,2026-05-18 15:06:35+05:30,53587.45,0,0.0,0,0.0,0.0,53282.15,53667.55,52783.45,53710.35,0,0.0,0.0,0.0,0.0,-0.01,-1,-1,-0.01,-1,-1,-0.01,-1,-1,-0.01,-1,-1,-0.01,-1,-1,-0.01,-1,-1,-0.01,-1,-1,-0.01,-1,-1,-0.01,-1,-1,-0.01,-1,-1
99926009,2026-05-18 15:06:36+05:30,53587.45,0,0.0,0,0.0,0.0,53282.15,53667.55,52783.45,53710.35,0,0.0,0.0,0.0,0.0,-0.01,-1,-1,-0.01,-1,-1,-0.01,-1,-1,-0.01,-1,-1,-0.01,-1,-1,-0.01,-1,-1,-0.01,-1,-1,-0.01,-1,-1,-0.01,-1,-1,-0.01,-1,-1
99926009,2026-05-18 15:06:36+05:30,53587.85,0,0.0,0,0.0,0.0,53282.15,53667.55,52783.45,53710.35,0,0.0,0.0,0.0,0.0,-0.01,-1,-1,-0.01,-1,-1,-0.01,-1,-1,-0.01,-1,-1,-0.01,-1,-1,-0.01,-1,-1,-0.01,-1,-1,-0.01,-1,-1,-0.01,-1,-1,-0.01,-1,-1
99926009,2026-05-18 15:06:36+05:30,53586.6,0,0.0,0,0.0,0.0,53282.15,53667.55,52783.45,53710.35,0,0.0,0.0,0.0,0.0,-0.01,-1,-1,-0.01,-1,-1,-0.01,-1,-1,-0.01,-1,-1,-0.01,-1,-1,-0.01,-1,-1,-0.01,-1,-1,-0.01,-1,-1,-0.01,-1,-1,-0.01,-1,-1
99926009,2026-05-18 15:06:37+05:30,53586.6,0,0.0,0,0.0,0.0,53282.15,53667.55,52783.45,53710.35,0,0.0,0.0,0.0,0.0,-0.01,-1,-1,-0.01,-1,-1,-0.01,-1,-1,-0.01,-1,-1,-0.01,-1,-1,-0.01,-1,-1,-0.01,-1,-1,-0.01,-1,-1,-0.01,-1,-1,-0.01,-1,-1
99926009,2026-05-18 15:06:37+05:30,53587.05,0,0.0,0,0.0,0.0,53282.15,53667.55,52783.45,53710.35,0,0.0,0.0,0.0,0.0,-0.01,-1,-1,-0.01,-1,-1,-0.01,-1,-1,-0.01,-1,-1,-0.01,-1,-1,-0.01,-1,-1,-0.01,-1,-1,-0.01,-1,-1,-0.01,-1,-1,-0.01,-1,-1
99926009,2026-05-18 15:06:37+05:30,53587.3,0,0.0,0,0.0,0.0,53282.15,53667.55,52783.45,53710.35,0,0.0,0.0,0.0,0.0,-0.01,-1,-1,-0.01,-1,-1,-0.01,-1,-1,-0.01,-1,-1,-0.01,-1,-1,-0.01,-1,-1,-0.01,-1,-1,-0.01,-1,-1,-0.01,-1,-1,-0.01,-1,-1
99926009,2026-05-18 15:06:38+05:30,53587.3,0,0.0,0,0.0,0.0,53282.15,53667.55,52783.45,53710.35,0,0.0,0.0,0.0,0.0,-0.01,-1,-1,-0.01,-1,-1,-0.01,-1,-1,-0.01,-1,-1,-0.01,-1,-1,-0.01,-1,-1,-0.01,-1,-1,-0.01,-1,-1,-0.01,-1,-1,-0.01,-1,-1
99926009,2026-05-18 15:06:38+05:30,53588.6,0,0.0,0,0.0,0.0,53282.15,53667.55,52783.45,53710.35,0,0.0,0.0,0.0,0.0,-0.01,-1,-1,-0.01,-1,-1,-0.01,-1,-1,-0.01,-1,-1,-0.01,-1,-1,-0.01,-1,-1,-0.01,-1,-1,-0.01,-1,-1,-0.01,-1,-1,-0.01,-1,-1
99926009,2026-05-18 15:06:38+05:30,53590.15,0,0.0,0,0.0,0.0,53282.15,53667.55,52783.45,53710.35,0,0.0,0.0,0.0,0.0,-0.01,-1,-1,-0.01,-1,-1,-0.01,-1,-1,-0.01,-1,-1,-0.01,-1,-1,-0.01,-1,-1,-0.01,-1,-1,-0.01,-1,-1,-0.01,-1,-1,-0.01,-1,-1
99926009,2026-05-18 15:06:39+05:30,53590.15,0,0.0,0,0.0,0.0,53282.15,53667.55,52783.45,53710.35,0,0.0,0.0,0.0,0.0,-0.01,-1,-1,-0.01,-1,-1,-0.01,-1,-1,-0.01,-1,-1,-0.01,-1,-1,-0.01,-1,-1,-0.01,-1,-1,-0.01,-1,-1,-0.01,-1,-1,-0.01,-1,-1
99926009,2026-05-18 15:06:39+05:30,53591.15,0,0.0,0,0.0,0.0,53282.15,53667.55,52783.45,53710.35,0,0.0,0.0,0.0,0.0,-0.01,-1,-1,-0.01,-1,-1,-0.01,-1,-1,-0.01,-1,-1,-0.01,-1,-1,-0.01,-1,-1,-0.01,-1,-1,-0.01,-1,-1,-0.01,-1,-1,-0.01,-1,-1
99926009,2026-05-18 15:06:39+05:30,53592.35,0,0.0,0,0.0,0.0,53282.15,53667.55,52783.45,53710.35,0,0.0,0.0,0.0,0.0,-0.01,-1,-1,-0.01,-1,-1,-0.01,-1,-1,-0.01,-1,-1,-0.01,-1,-1,-0.01,-1,-1,-0.01,-1,-1,-0.01,-1,-1,-0.01,-1,-1,-0.01,-1,-1
99926009,2026-05-18 15:06:40+05:30,53592.35,0,0.0,0,0.0,0.0,53282.15,53667.55,52783.45,53710.35,0,0.0,0.0,0.0,0.0,-0.01,-1,-1,-0.01,-1,-1,-0.01,-1,-1,-0.01,-1,-1,-0.01,-1,-1,-0.01,-1,-1,-0.01,-1,-1,-0.01,-1,-1,-0.01,-1,-1,-0.01,-1,-1
99926009,2026-05-18 15:06:40+05:30,53594.2,0,0.0,0,0.0,0.0,53282.15,53667.55,52783.45,53710.35,0,0.0,0.0,0.0,0.0,-0.01,-1,-1,-0.01,-1,-1,-0.01,-1,-1,-0.01,-1,-1,-0.01,-1,-1,-0.01,-1,-1,-0.01,-1,-1,-0.01,-1,-1,-0.01,-1,-1,-0.01,-1,-1
99926009,2026-05-18 15:06:40+05:30,53595.7,0,0.0,0,0.0,0.0,53282.15,53667.55,52783.45,53710.35,0,0.0,0.0,0.0,0.0,-0.01,-1,-1,-0.01,-1,-1,-0.01,-1,-1,-0.01,-1,-1,-0.01,-1,-1,-0.01,-1,-1,-0.01,-1,-1,-0.01,-1,-1,-0.01,-1,-1,-0.01,-1,-1
99926009,2026-05-18 15:06:41+05:30,53595.7,0,0.0,0,0.0,0.0,53282.15,53667.55,52783.45,53710.35,0,0.0,0.0,0.0,0.0,-0.01,-1,-1,-0.01,-1,-1,-0.01,-1,-1,-0.01,-1,-1,-0.01,-1,-1,-0.01,-1,-1,-0.01,-1,-1,-0.01,-1,-1,-0.01,-1,-1,-0.01,-1,-1
99926009,2026-05-18 15:06:41+05:30,53597.5,0,0.0,0,0.0,0.0,53282.15,53667.55,52783.45,53710.35,0,0.0,0.0,0.0,0.0,-0.01,-1,-1,-0.01,-1,-1,-0.01,-1,-1,-0.01,-1,-1,-0.01,-1,-1,-0.01,-1,-1,-0.01,-1,-1,-0.01,-1,-1,-0.01,-1,-1,-0.01,-1,-1
99926009,2026-05-18 15:06:41+05:30,53596.75,0,0.0,0,0.0,0.0,53282.15,53667.55,52783.45,53710.35,0,0.0,0.0,0.0,0.0,-0.01,-1,-1,-0.01,-1,-1,-0.01,-1,-1,-0.01,-1,-1,-0.01,-1,-1,-0.01,-1,-1,-0.01,-1,-1,-0.01,-1,-1,-0.01,-1,-1,-0.01,-1,-1
99926009,2026-05-18 15:06:42+05:30,53596.75,0,0.0,0,0.0,0.0,53282.15,53667.55,52783.45,53710.35,0,0.0,0.0,0.0,0.0,-0.01,-1,-1,-0.01,-1,-1,-0.01,-1,-1,-0.01,-1,-1,-0.01,-1,-1,-0.01,-1,-1,-0.01,-1,-1,-0.01,-1,-1,-0.01,-1,-1,-0.01,-1,-1
99926009,2026-05-18 15:06:42+05:30,53599.95,0,0.0,0,0.0,0.0,53282.15,53667.55,52783.45,53710.35,0,0.0,0.0,0.0,0.0,-0.01,-1,-1,-0.01,-1,-1,-0.01,-1,-1,-0.01,-1,-1,-0.01,-1,-1,-0.01,-1,-1,-0.01,-1,-1,-0.01,-1,-1,-0.01,-1,-1,-0.01,-1,-1
99926009,2026-05-18 15:06:42+05:30,53599.85,0,0.0,0,0.0,0.0,53282.15,53667.55,52783.45,53710.35,0,0.0,0.0,0.0,0.0,-0.01,-1,-1,-0.01,-1,-1,-0.01,-1,-1,-0.01,-1,-1,-0.01,-1,-1,-0.01,-1,-1,-0.01,-1,-1,-0.01,-1,-1,-0.01,-1,-1,-0.01,-1,-1
99926009,2026-05-18 15:06:43+05:30,53599.85,0,0.0,0,0.0,0.0,53282.15,53667.55,52783.45,53710.35,0,0.0,0.0,0.0,0.0,-0.01,-1,-1,-0.01,-1,-1,-0.01,-1,-1,-0.01,-1,-1,-0.01,-1,-1,-0.01,-1,-1,-0.01,-1,-1,-0.01,-1,-1,-0.01,-1,-1,-0.01,-1,-1
99926009,2026-05-18 15:06:43+05:30,53598.6,0,0.0,0,0.0,0.0,53282.15,53667.55,52783.45,53710.35,0,0.0,0.0,0.0,0.0,-0.01,-1,-1,-0.01,-1,-1,-0.01,-1,-1,-0.01,-1,-1,-0.01,-1,-1,-0.01,-1,-1,-0.01,-1,-1,-0.01,-1,-1,-0.01,-1,-1,-0.01,-1,-1
99926009,2026-05-18 15:06:43+05:30,53599.9,0,0.0,0,0.0,0.0,53282.15,53667.55,52783.45,53710.35,0,0.0,0.0,0.0,0.0,-0.01,-1,-1,-0.01,-1,-1,-0.01,-1,-1,-0.01,-1,-1,-0.01,-1,-1,-0.01,-1,-1,-0.01,-1,-1,-0.01,-1,-1,-0.01,-1,-1,-0.01,-1,-1
99926009,2026-05-18 15:06:44+05:30,53599.9,0,0.0,0,0.0,0.0,53282.15,53667.55,52783.45,53710.35,0,0.0,0.0,0.0,0.0,-0.01,-1,-1,-0.01,-1,-1,-0.01,-1,-1,-0.01,-1,-1,-0.01,-1,-1,-0.01,-1,-1,-0.01,-1,-1,-0.01,-1,-1,-0.01,-1,-1,-0.01,-1,-1
99926009,2026-05-18 15:06:44+05:30,53598.75,0,0.0,0,0.0,0.0,53282.15,53667.55,52783.45,53710.35,0,0.0,0.0,0.0,0.0,-0.01,-1,-1,-0.01,-1,-1,-0.01,-1,-1,-0.01,-1,-1,-0.01,-1,-1,-0.01,-1,-1,-0.01,-1,-1,-0.01,-1,-1,-0.01,-1,-1,-0.01,-1,-1
99926009,2026-05-18 15:06:44+05:30,53598.15,0,0.0,0,0.0,0.0,53282.15,53667.55,52783.45,53710.35,0,0.0,0.0,0.0,0.0,-0.01,-1,-1,-0.01,-1,-1,-0.01,-1,-1,-0.01,-1,-1,-0.01,-1,-1,-0.01,-1,-1,-0.01,-1,-1,-0.01,-1,-1,-0.01,-1,-1,-0.01,-1,-1
99926009,2026-05-18 15:06:45+05:30,53598.15,0,0.0,0,0.0,0.0,53282.15,53667.55,52783.45,53710.35,0,0.0,0.0,0.0,0.0,-0.01,-1,-1,-0.01,-1,-1,-0.01,-1,-1,-0.01,-1,-1,-0.01,-1,-1,-0.01,-1,-1,-0.01,-1,-1,-0.01,-1,-1,-0.01,-1,-1,-0.01,-1,-1
99926009,2026-05-18 15:06:45+05:30,53597.0,0,0.0,0,0.0,0.0,53282.15,53667.55,52783.45,53710.35,0,0.0,0.0,0.0,0.0,-0.01,-1,-1,-0.01,-1,-1,-0.01,-1,-1,-0.01,-1,-1,-0.01,-1,-1,-0.01,-1,-1,-0.01,-1,-1,-0.01,-1,-1,-0.01,-1,-1,-0.01,-1,-1
99926009,2026-05-18 15:06:45+05:30,53598.4,0,0.0,0,0.0,0.0,53282.15,53667.55,52783.45,53710.35,0,0.0,0.0,0.0,0.0,-0.01,-1,-1,-0.01,-1,-1,-0.01,-1,-1,-0.01,-1,-1,-0.01,-1,-1,-0.01,-1,-1,-0.01,-1,-1,-0.01,-1,-1,-0.01,-1,-1,-0.01,-1,-1
99926009,2026-05-18 15:06:46+05:30,53598.4,0,0.0,0,0.0,0.0,53282.15,53667.55,52783.45,53710.35,0,0.0,0.0,0.0,0.0,-0.01,-1,-1,-0.01,-1,-1,-0.01,-1,-1,-0.01,-1,-1,-0.01,-1,-1,-0.01,-1,-1,-0.01,-1,-1,-0.01,-1,-1,-0.01,-1,-1,-0.01,-1,-1
99926009,2026-05-18 15:06:46+05:30,53595.0,0,0.0,0,0.0,0.0,53282.15,53667.55,52783.45,53710.35,0,0.0,0.0,0.0,0.0,-0.01,-1,-1,-0.01,-1,-1,-0.01,-1,-1,-0.01,-1,-1,-0.01,-1,-1,-0.01,-1,-1,-0.01,-1,-1,-0.01,-1,-1,-0.01,-1,-1,-0.01,-1,-1
99926009,2026-05-18 15:06:46+05:30,53596.75,0,0.0,0,0.0,0.0,53282.15,53667.55,52783.45,53710.35,0,0.0,0.0,0.0,0.0,-0.01,-1,-1,-0.01,-1,-1,-0.01,-1,-1,-0.01,-1,-1,-0.01,-1,-1,-0.01,-1,-1,-0.01,-1,-1,-0.01,-1,-1,-0.01,-1,-1,-0.01,-1,-1
99926009,2026-05-18 15:06:47+05:30,53596.75,0,0.0,0,0.0,0.0,53282.15,53667.55,52783.45,53710.35,0,0.0,0.0,0.0,0.0,-0.01,-1,-1,-0.01,-1,-1,-0.01,-1,-1,-0.01,-1,-1,-0.01,-1,-1,-0.01,-1,-1,-0.01,-1,-1,-0.01,-1,-1,-0.01,-1,-1,-0.01,-1,-1
99926009,2026-05-18 15:06:47+05:30,53593.2,0,0.0,0,0.0,0.0,53282.15,53667.55,52783.45,53710.35,0,0.0,0.0,0.0,0.0,-0.01,-1,-1,-0.01,-1,-1,-0.01,-1,-1,-0.01,-1,-1,-0.01,-1,-1,-0.01,-1,-1,-0.01,-1,-1,-0.01,-1,-1,-0.01,-1,-1,-0.01,-1,-1
99926009,2026-05-18 15:06:47+05:30,53592.4,0,0.0,0,0.0,0.0,53282.15,53667.55,52783.45,53710.35,0,0.0,0.0,0.0,0.0,-0.01,-1,-1,-0.01,-1,-1,-0.01,-1,-1,-0.01,-1,-1,-0.01,-1,-1,-0.01,-1,-1,-0.01,-1,-1,-0.01,-1,-1,-0.01,-1,-1,-0.01,-1,-1
99926009,2026-05-18 15:06:48+05:30,53592.4,0,0.0,0,0.0,0.0,53282.15,53667.55,52783.45,53710.35,0,0.0,0.0,0.0,0.0,-0.01,-1,-1,-0.01,-1,-1,-0.01,-1,-1,-0.01,-1,-1,-0.01,-1,-1,-0.01,-1,-1,-0.01,-1,-1,-0.01,-1,-1,-0.01,-1,-1,-0.01,-1,-1
99926009,2026-05-18 15:06:48+05:30,53595.15,0,0.0,0,0.0,0.0,53282.15,53667.55,52783.45,53710.35,0,0.0,0.0,0.0,0.0,-0.01,-1,-1,-0.01,-1,-1,-0.01,-1,-1,-0.01,-1,-1,-0.01,-1,-1,-0.01,-1,-1,-0.01,-1,-1,-0.01,-1,-1,-0.01,-1,-1,-0.01,-1,-1
99926009,2026-05-18 15:06:48+05:30,53592.25,0,0.0,0,0.0,0.0,53282.15,53667.55,52783.45,53710.35,0,0.0,0.0,0.0,0.0,-0.01,-1,-1,-0.01,-1,-1,-0.01,-1,-1,-0.01,-1,-1,-0.01,-1,-1,-0.01,-1,-1,-0.01,-1,-1,-0.01,-1,-1,-0.01,-1,-1,-0.01,-1,-1
99926009,2026-05-18 15:06:49+05:30,53592.25,0,0.0,0,0.0,0.0,53282.15,53667.55,52783.45,53710.35,0,0.0,0.0,0.0,0.0,-0.01,-1,-1,-0.01,-1,-1,-0.01,-1,-1,-0.01,-1,-1,-0.01,-1,-1,-0.01,-1,-1,-0.01,-1,-1,-0.01,-1,-1,-0.01,-1,-1,-0.01,-1,-1
99926009,2026-05-18 15:06:49+05:30,53592.45,0,0.0,0,0.0,0.0,53282.15,53667.55,52783.45,53710.35,0,0.0,0.0,0.0,0.0,-0.01,-1,-1,-0.01,-1,-1,-0.01,-1,-1,-0.01,-1,-1,-0.01,-1,-1,-0.01,-1,-1,-0.01,-1,-1,-0.01,-1,-1,-0.01,-1,-1,-0.01,-1,-1
99926009,2026-05-18 15:06:49+05:30,53593.4,0,0.0,0,0.0,0.0,53282.15,53667.55,52783.45,53710.35,0,0.0,0.0,0.0,0.0,-0.01,-1,-1,-0.01,-1,-1,-0.01,-1,-1,-0.01,-1,-1,-0.01,-1,-1,-0.01,-1,-1,-0.01,-1,-1,-0.01,-1,-1,-0.01,-1,-1,-0.01,-1,-1
99926009,2026-05-18 15:06:50+05:30,53593.4,0,0.0,0,0.0,0.0,53282.15,53667.55,52783.45,53710.35,0,0.0,0.0,0.0,0.0,-0.01,-1,-1,-0.01,-1,-1,-0.01,-1,-1,-0.01,-1,-1,-0.01,-1,-1,-0.01,-1,-1,-0.01,-1,-1,-0.01,-1,-1,-0.01,-1,-1,-0.01,-1,-1
99926009,2026-05-18 15:06:50+05:30,53592.95,0,0.0,0,0.0,0.0,53282.15,53667.55,52783.45,53710.35,0,0.0,0.0,0.0,0.0,-0.01,-1,-1,-0.01,-1,-1,-0.01,-1,-1,-0.01,-1,-1,-0.01,-1,-1,-0.01,-1,-1,-0.01,-1,-1,-0.01,-1,-1,-0.01,-1,-1,-0.01,-1,-1
99926009,2026-05-18 15:06:50+05:30,53594.4,0,0.0,0,0.0,0.0,53282.15,53667.55,52783.45,53710.35,0,0.0,0.0,0.0,0.0,-0.01,-1,-1,-0.01,-1,-1,-0.01,-1,-1,-0.01,-1,-1,-0.01,-1,-1,-0.01,-1,-1,-0.01,-1,-1,-0.01,-1,-1,-0.01,-1,-1,-0.01,-1,-1
99926009,2026-05-18 15:06:51+05:30,53594.4,0,0.0,0,0.0,0.0,53282.15,53667.55,52783.45,53710.35,0,0.0,0.0,0.0,0.0,-0.01,-1,-1,-0.01,-1,-1,-0.01,-1,-1,-0.01,-1,-1,-0.01,-1,-1,-0.01,-1,-1,-0.01,-1,-1,-0.01,-1,-1,-0.01,-1,-1,-0.01,-1,-1
99926009,2026-05-18 15:06:51+05:30,53592.9,0,0.0,0,0.0,0.0,53282.15,53667.55,52783.45,53710.35,0,0.0,0.0,0.0,0.0,-0.01,-1,-1,-0.01,-1,-1,-0.01,-1,-1,-0.01,-1,-1,-0.01,-1,-1,-0.01,-1,-1,-0.01,-1,-1,-0.01,-1,-1,-0.01,-1,-1,-0.01,-1,-1
99926009,2026-05-18 15:06:51+05:30,53592.7,0,0.0,0,0.0,0.0,53282.15,53667.55,52783.45,53710.35,0,0.0,0.0,0.0,0.0,-0.01,-1,-1,-0.01,-1,-1,-0.01,-1,-1,-0.01,-1,-1,-0.01,-1,-1,-0.01,-1,-1,-0.01,-1,-1,-0.01,-1,-1,-0.01,-1,-1,-0.01,-1,-1
99926009,2026-05-18 15:06:52+05:30,53592.7,0,0.0,0,0.0,0.0,53282.15,53667.55,52783.45,53710.35,0,0.0,0.0,0.0,0.0,-0.01,-1,-1,-0.01,-1,-1,-0.01,-1,-1,-0.01,-1,-1,-0.01,-1,-1,-0.01,-1,-1,-0.01,-1,-1,-0.01,-1,-1,-0.01,-1,-1,-0.01,-1,-1
99926009,2026-05-18 15:06:52+05:30,53593.25,0,0.0,0,0.0,0.0,53282.15,53667.55,52783.45,53710.35,0,0.0,0.0,0.0,0.0,-0.01,-1,-1,-0.01,-1,-1,-0.01,-1,-1,-0.01,-1,-1,-0.01,-1,-1,-0.01,-1,-1,-0.01,-1,-1,-0.01,-1,-1,-0.01,-1,-1,-0.01,-1,-1
99926009,2026-05-18 15:06:52+05:30,53594.5,0,0.0,0,0.0,0.0,53282.15,53667.55,52783.45,53710.35,0,0.0,0.0,0.0,0.0,-0.01,-1,-1,-0.01,-1,-1,-0.01,-1,-1,-0.01,-1,-1,-0.01,-1,-1,-0.01,-1,-1,-0.01,-1,-1,-0.01,-1,-1,-0.01,-1,-1,-0.01,-1,-1
99926009,2026-05-18 15:06:53+05:30,53594.5,0,0.0,0,0.0,0.0,53282.15,53667.55,52783.45,53710.35,0,0.0,0.0,0.0,0.0,-0.01,-1,-1,-0.01,-1,-1,-0.01,-1,-1,-0.01,-1,-1,-0.01,-1,-1,-0.01,-1,-1,-0.01,-1,-1,-0.01,-1,-1,-0.01,-1,-1,-0.01,-1,-1
99926009,2026-05-18 15:06:53+05:30,53596.2,0,0.0,0,0.0,0.0,53282.15,53667.55,52783.45,53710.35,0,0.0,0.0,0.0,0.0,-0.01,-1,-1,-0.01,-1,-1,-0.01,-1,-1,-0.01,-1,-1,-0.01,-1,-1,-0.01,-1,-1,-0.01,-1,-1,-0.01,-1,-1,-0.01,-1,-1,-0.01,-1,-1
99926009,2026-05-18 15:06:53+05:30,53595.95,0,0.0,0,0.0,0.0,53282.15,53667.55,52783.45,53710.35,0,0.0,0.0,0.0,0.0,-0.01,-1,-1,-0.01,-1,-1,-0.01,-1,-1,-0.01,-1,-1,-0.01,-1,-1,-0.01,-1,-1,-0.01,-1,-1,-0.01,-1,-1,-0.01,-1,-1,-0.01,-1,-1
99926009,2026-05-18 15:06:54+05:30,53595.95,0,0.0,0,0.0,0.0,53282.15,53667.55,52783.45,53710.35,0,0.0,0.0,0.0,0.0,-0.01,-1,-1,-0.01,-1,-1,-0.01,-1,-1,-0.01,-1,-1,-0.01,-1,-1,-0.01,-1,-1,-0.01,-1,-1,-0.01,-1,-1,-0.01,-1,-1,-0.01,-1,-1
99926009,2026-05-18 15:06:54+05:30,53596.7,0,0.0,0,0.0,0.0,53282.15,53667.55,52783.45,53710.35,0,0.0,0.0,0.0,0.0,-0.01,-1,-1,-0.01,-1,-1,-0.01,-1,-1,-0.01,-1,-1,-0.01,-1,-1,-0.01,-1,-1,-0.01,-1,-1,-0.01,-1,-1,-0.01,-1,-1,-0.01,-1,-1
99926009,2026-05-18 15:06:54+05:30,53595.8,0,0.0,0,0.0,0.0,53282.15,53667.55,52783.45,53710.35,0,0.0,0.0,0.0,0.0,-0.01,-1,-1,-0.01,-1,-1,-0.01,-1,-1,-0.01,-1,-1,-0.01,-1,-1,-0.01,-1,-1,-0.01,-1,-1,-0.01,-1,-1,-0.01,-1,-1,-0.01,-1,-1
99926009,2026-05-18 15:06:55+05:30,53595.8,0,0.0,0,0.0,0.0,53282.15,53667.55,52783.45,53710.35,0,0.0,0.0,0.0,0.0,-0.01,-1,-1,-0.01,-1,-1,-0.01,-1,-1,-0.01,-1,-1,-0.01,-1,-1,-0.01,-1,-1,-0.01,-1,-1,-0.01,-1,-1,-0.01,-1,-1,-0.01,-1,-1
99926009,2026-05-18 15:06:55+05:30,53595.25,0,0.0,0,0.0,0.0,53282.15,53667.55,52783.45,53710.35,0,0.0,0.0,0.0,0.0,-0.01,-1,-1,-0.01,-1,-1,-0.01,-1,-1,-0.01,-1,-1,-0.01,-1,-1,-0.01,-1,-1,-0.01,-1,-1,-0.01,-1,-1,-0.01,-1,-1,-0.01,-1,-1
99926009,2026-05-18 15:06:55+05:30,53595.9,0,0.0,0,0.0,0.0,53282.15,53667.55,52783.45,53710.35,0,0.0,0.0,0.0,0.0,-0.01,-1,-1,-0.01,-1,-1,-0.01,-1,-1,-0.01,-1,-1,-0.01,-1,-1,-0.01,-1,-1,-0.01,-1,-1,-0.01,-1,-1,-0.01,-1,-1,-0.01,-1,-1
99926009,2026-05-18 15:06:56+05:30,53595.9,0,0.0,0,0.0,0.0,53282.15,53667.55,52783.45,53710.35,0,0.0,0.0,0.0,0.0,-0.01,-1,-1,-0.01,-1,-1,-0.01,-1,-1,-0.01,-1,-1,-0.01,-1,-1,-0.01,-1,-1,-0.01,-1,-1,-0.01,-1,-1,-0.01,-1,-1,-0.01,-1,-1
99926009,2026-05-18 15:06:56+05:30,53594.7,0,0.0,0,0.0,0.0,53282.15,53667.55,52783.45,53710.35,0,0.0,0.0,0.0,0.0,-0.01,-1,-1,-0.01,-1,-1,-0.01,-1,-1,-0.01,-1,-1,-0.01,-1,-1,-0.01,-1,-1,-0.01,-1,-1,-0.01,-1,-1,-0.01,-1,-1,-0.01,-1,-1
99926009,2026-05-18 15:06:56+05:30,53595.45,0,0.0,0,0.0,0.0,53282.15,53667.55,52783.45,53710.35,0,0.0,0.0,0.0,0.0,-0.01,-1,-1,-0.01,-1,-1,-0.01,-1,-1,-0.01,-1,-1,-0.01,-1,-1,-0.01,-1,-1,-0.01,-1,-1,-0.01,-1,-1,-0.01,-1,-1,-0.01,-1,-1
99926009,2026-05-18 15:06:57+05:30,53595.45,0,0.0,0,0.0,0.0,53282.15,53667.55,52783.45,53710.35,0,0.0,0.0,0.0,0.0,-0.01,-1,-1,-0.01,-1,-1,-0.01,-1,-1,-0.01,-1,-1,-0.01,-1,-1,-0.01,-1,-1,-0.01,-1,-1,-0.01,-1,-1,-0.01,-1,-1,-0.01,-1,-1
99926009,2026-05-18 15:06:57+05:30,53596.8,0,0.0,0,0.0,0.0,53282.15,53667.55,52783.45,53710.35,0,0.0,0.0,0.0,0.0,-0.01,-1,-1,-0.01,-1,-1,-0.01,-1,-1,-0.01,-1,-1,-0.01,-1,-1,-0.01,-1,-1,-0.01,-1,-1,-0.01,-1,-1,-0.01,-1,-1,-0.01,-1,-1
99926009,2026-05-18 15:06:57+05:30,53595.75,0,0.0,0,0.0,0.0,53282.15,53667.55,52783.45,53710.35,0,0.0,0.0,0.0,0.0,-0.01,-1,-1,-0.01,-1,-1,-0.01,-1,-1,-0.01,-1,-1,-0.01,-1,-1,-0.01,-1,-1,-0.01,-1,-1,-0.01,-1,-1,-0.01,-1,-1,-0.01,-1,-1
99926009,2026-05-18 15:06:58+05:30,53595.75,0,0.0,0,0.0,0.0,53282.15,53667.55,52783.45,53710.35,0,0.0,0.0,0.0,0.0,-0.01,-1,-1,-0.01,-1,-1,-0.01,-1,-1,-0.01,-1,-1,-0.01,-1,-1,-0.01,-1,-1,-0.01,-1,-1,-0.01,-1,-1,-0.01,-1,-1,-0.01,-1,-1
99926009,2026-05-18 15:06:58+05:30,53592.95,0,0.0,0,0.0,0.0,53282.15,53667.55,52783.45,53710.35,0,0.0,0.0,0.0,0.0,-0.01,-1,-1,-0.01,-1,-1,-0.01,-1,-1,-0.01,-1,-1,-0.01,-1,-1,-0.01,-1,-1,-0.01,-1,-1,-0.01,-1,-1,-0.01,-1,-1,-0.01,-1,-1
99926009,2026-05-18 15:06:58+05:30,53594.55,0,0.0,0,0.0,0.0,53282.15,53667.55,52783.45,53710.35,0,0.0,0.0,0.0,0.0,-0.01,-1,-1,-0.01,-1,-1,-0.01,-1,-1,-0.01,-1,-1,-0.01,-1,-1,-0.01,-1,-1,-0.01,-1,-1,-0.01,-1,-1,-0.01,-1,-1,-0.01,-1,-1
99926009,2026-05-18 15:06:59+05:30,53594.55,0,0.0,0,0.0,0.0,53282.15,53667.55,52783.45,53710.35,0,0.0,0.0,0.0,0.0,-0.01,-1,-1,-0.01,-1,-1,-0.01,-1,-1,-0.01,-1,-1,-0.01,-1,-1,-0.01,-1,-1,-0.01,-1,-1,-0.01,-1,-1,-0.01,-1,-1,-0.01,-1,-1
99926009,2026-05-18 15:06:59+05:30,53592.65,0,0.0,0,0.0,0.0,53282.15,53667.55,52783.45,53710.35,0,0.0,0.0,0.0,0.0,-0.01,-1,-1,-0.01,-1,-1,-0.01,-1,-1,-0.01,-1,-1,-0.01,-1,-1,-0.01,-1,-1,-0.01,-1,-1,-0.01,-1,-1,-0.01,-1,-1,-0.01,-1,-1
99926009,2026-05-18 15:06:59+05:30,53594.7,0,0.0,0,0.0,0.0,53282.15,53667.55,52783.45,53710.35,0,0.0,0.0,0.0,0.0,-0.01,-1,-1,-0.01,-1,-1,-0.01,-1,-1,-0.01,-1,-1,-0.01,-1,-1,-0.01,-1,-1,-0.01,-1,-1,-0.01,-1,-1,-0.01,-1,-1,-0.01,-1,-1
99926009,2026-05-18 15:07:00+05:30,53594.7,0,0.0,0,0.0,0.0,53282.15,53667.55,52783.45,53710.35,0,0.0,0.0,0.0,0.0,-0.01,-1,-1,-0.01,-1,-1,-0.01,-1,-1,-0.01,-1,-1,-0.01,-1,-1,-0.01,-1,-1,-0.01,-1,-1,-0.01,-1,-1,-0.01,-1,-1,-0.01,-1,-1
99926009,2026-05-18 15:07:00+05:30,53596.7,0,0.0,0,0.0,0.0,53282.15,53667.55,52783.45,53710.35,0,0.0,0.0,0.0,0.0,-0.01,-1,-1,-0.01,-1,-1,-0.01,-1,-1,-0.01,-1,-1,-0.01,-1,-1,-0.01,-1,-1,-0.01,-1,-1,-0.01,-1,-1,-0.01,-1,-1,-0.01,-1,-1
99926009,2026-05-18 15:07:00+05:30,53600.7,0,0.0,0,0.0,0.0,53282.15,53667.55,52783.45,53710.35,0,0.0,0.0,0.0,0.0,-0.01,-1,-1,-0.01,-1,-1,-0.01,-1,-1,-0.01,-1,-1,-0.01,-1,-1,-0.01,-1,-1,-0.01,-1,-1,-0.01,-1,-1,-0.01,-1,-1,-0.01,-1,-1
99926009,2026-05-18 15:07:01+05:30,53600.7,0,0.0,0,0.0,0.0,53282.15,53667.55,52783.45,53710.35,0,0.0,0.0,0.0,0.0,-0.01,-1,-1,-0.01,-1,-1,-0.01,-1,-1,-0.01,-1,-1,-0.01,-1,-1,-0.01,-1,-1,-0.01,-1,-1,-0.01,-1,-1,-0.01,-1,-1,-0.01,-1,-1
99926009,2026-05-18 15:07:01+05:30,53600.2,0,0.0,0,0.0,0.0,53282.15,53667.55,52783.45,53710.35,0,0.0,0.0,0.0,0.0,-0.01,-1,-1,-0.01,-1,-1,-0.01,-1,-1,-0.01,-1,-1,-0.01,-1,-1,-0.01,-1,-1,-0.01,-1,-1,-0.01,-1,-1,-0.01,-1,-1,-0.01,-1,-1
99926009,2026-05-18 15:07:01+05:30,53597.05,0,0.0,0,0.0,0.0,53282.15,53667.55,52783.45,53710.35,0,0.0,0.0,0.0,0.0,-0.01,-1,-1,-0.01,-1,-1,-0.01,-1,-1,-0.01,-1,-1,-0.01,-1,-1,-0.01,-1,-1,-0.01,-1,-1,-0.01,-1,-1,-0.01,-1,-1,-0.01,-1,-1
99926009,2026-05-18 15:07:02+05:30,53597.05,0,0.0,0,0.0,0.0,53282.15,53667.55,52783.45,53710.35,0,0.0,0.0,0.0,0.0,-0.01,-1,-1,-0.01,-1,-1,-0.01,-1,-1,-0.01,-1,-1,-0.01,-1,-1,-0.01,-1,-1,-0.01,-1,-1,-0.01,-1,-1,-0.01,-1,-1,-0.01,-1,-1
99926009,2026-05-18 15:07:02+05:30,53595.4,0,0.0,0,0.0,0.0,53282.15,53667.55,52783.45,53710.35,0,0.0,0.0,0.0,0.0,-0.01,-1,-1,-0.01,-1,-1,-0.01,-1,-1,-0.01,-1,-1,-0.01,-1,-1,-0.01,-1,-1,-0.01,-1,-1,-0.01,-1,-1,-0.01,-1,-1,-0.01,-1,-1
99926009,2026-05-18 15:07:02+05:30,53597.65,0,0.0,0,0.0,0.0,53282.15,53667.55,52783.45,53710.35,0,0.0,0.0,0.0,0.0,-0.01,-1,-1,-0.01,-1,-1,-0.01,-1,-1,-0.01,-1,-1,-0.01,-1,-1,-0.01,-1,-1,-0.01,-1,-1,-0.01,-1,-1,-0.01,-1,-1,-0.01,-1,-1
99926009,2026-05-18 15:07:03+05:30,53597.65,0,0.0,0,0.0,0.0,53282.15,53667.55,52783.45,53710.35,0,0.0,0.0,0.0,0.0,-0.01,-1,-1,-0.01,-1,-1,-0.01,-1,-1,-0.01,-1,-1,-0.01,-1,-1,-0.01,-1,-1,-0.01,-1,-1,-0.01,-1,-1,-0.01,-1,-1,-0.01,-1,-1
99926009,2026-05-18 15:07:03+05:30,53598.1,0,0.0,0,0.0,0.0,53282.15,53667.55,52783.45,53710.35,0,0.0,0.0,0.0,0.0,-0.01,-1,-1,-0.01,-1,-1,-0.01,-1,-1,-0.01,-1,-1,-0.01,-1,-1,-0.01,-1,-1,-0.01,-1,-1,-0.01,-1,-1,-0.01,-1,-1,-0.01,-1,-1
99926009,2026-05-18 15:07:03+05:30,53599.45,0,0.0,0,0.0,0.0,53282.15,53667.55,52783.45,53710.35,0,0.0,0.0,0.0,0.0,-0.01,-1,-1,-0.01,-1,-1,-0.01,-1,-1,-0.01,-1,-1,-0.01,-1,-1,-0.01,-1,-1,-0.01,-1,-1,-0.01,-1,-1,-0.01,-1,-1,-0.01,-1,-1
99926009,2026-05-18 15:07:04+05:30,53599.45,0,0.0,0,0.0,0.0,53282.15,53667.55,52783.45,53710.35,0,0.0,0.0,0.0,0.0,-0.01,-1,-1,-0.01,-1,-1,-0.01,-1,-1,-0.01,-1,-1,-0.01,-1,-1,-0.01,-1,-1,-0.01,-1,-1,-0.01,-1,-1,-0.01,-1,-1,-0.01,-1,-1
99926009,2026-05-18 15:07:04+05:30,53597.3,0,0.0,0,0.0,0.0,53282.15,53667.55,52783.45,53710.35,0,0.0,0.0,0.0,0.0,-0.01,-1,-1,-0.01,-1,-1,-0.01,-1,-1,-0.01,-1,-1,-0.01,-1,-1,-0.01,-1,-1,-0.01,-1,-1,-0.01,-1,-1,-0.01,-1,-1,-0.01,-1,-1
99926009,2026-05-18 15:07:04+05:30,53597.75,0,0.0,0,0.0,0.0,53282.15,53667.55,52783.45,53710.35,0,0.0,0.0,0.0,0.0,-0.01,-1,-1,-0.01,-1,-1,-0.01,-1,-1,-0.01,-1,-1,-0.01,-1,-1,-0.01,-1,-1,-0.01,-1,-1,-0.01,-1,-1,-0.01,-1,-1,-0.01,-1,-1
99926009,2026-05-18 15:07:05+05:30,53597.75,0,0.0,0,0.0,0.0,53282.15,53667.55,52783.45,53710.35,0,0.0,0.0,0.0,0.0,-0.01,-1,-1,-0.01,-1,-1,-0.01,-1,-1,-0.01,-1,-1,-0.01,-1,-1,-0.01,-1,-1,-0.01,-1,-1,-0.01,-1,-1,-0.01,-1,-1,-0.01,-1,-1
99926009,2026-05-18 15:07:05+05:30,53598.85,0,0.0,0,0.0,0.0,53282.15,53667.55,52783.45,53710.35,0,0.0,0.0,0.0,0.0,-0.01,-1,-1,-0.01,-1,-1,-0.01,-1,-1,-0.01,-1,-1,-0.01,-1,-1,-0.01,-1,-1,-0.01,-1,-1,-0.01,-1,-1,-0.01,-1,-1,-0.01,-1,-1
99926009,2026-05-18 15:07:05+05:30,53599.15,0,0.0,0,0.0,0.0,53282.15,53667.55,52783.45,53710.35,0,0.0,0.0,0.0,0.0,-0.01,-1,-1,-0.01,-1,-1,-0.01,-1,-1,-0.01,-1,-1,-0.01,-1,-1,-0.01,-1,-1,-0.01,-1,-1,-0.01,-1,-1,-0.01,-1,-1,-0.01,-1,-1
99926009,2026-05-18 15:07:06+05:30,53599.15,0,0.0,0,0.0,0.0,53282.15,53667.55,52783.45,53710.35,0,0.0,0.0,0.0,0.0,-0.01,-1,-1,-0.01,-1,-1,-0.01,-1,-1,-0.01,-1,-1,-0.01,-1,-1,-0.01,-1,-1,-0.01,-1,-1,-0.01,-1,-1,-0.01,-1,-1,-0.01,-1,-1
99926009,2026-05-18 15:07:06+05:30,53597.0,0,0.0,0,0.0,0.0,53282.15,53667.55,52783.45,53710.35,0,0.0,0.0,0.0,0.0,-0.01,-1,-1,-0.01,-1,-1,-0.01,-1,-1,-0.01,-1,-1,-0.01,-1,-1,-0.01,-1,-1,-0.01,-1,-1,-0.01,-1,-1,-0.01,-1,-1,-0.01,-1,-1
99926009,2026-05-18 15:07:06+05:30,53594.6,0,0.0,0,0.0,0.0,53282.15,53667.55,52783.45,53710.35,0,0.0,0.0,0.0,0.0,-0.01,-1,-1,-0.01,-1,-1,-0.01,-1,-1,-0.01,-1,-1,-0.01,-1,-1,-0.01,-1,-1,-0.01,-1,-1,-0.01,-1,-1,-0.01,-1,-1,-0.01,-1,-1
99926009,2026-05-18 15:07:07+05:30,53594.6,0,0.0,0,0.0,0.0,53282.15,53667.55,52783.45,53710.35,0,0.0,0.0,0.0,0.0,-0.01,-1,-1,-0.01,-1,-1,-0.01,-1,-1,-0.01,-1,-1,-0.01,-1,-1,-0.01,-1,-1,-0.01,-1,-1,-0.01,-1,-1,-0.01,-1,-1,-0.01,-1,-1
99926009,2026-05-18 15:07:07+05:30,53597.15,0,0.0,0,0.0,0.0,53282.15,53667.55,52783.45,53710.35,0,0.0,0.0,0.0,0.0,-0.01,-1,-1,-0.01,-1,-1,-0.01,-1,-1,-0.01,-1,-1,-0.01,-1,-1,-0.01,-1,-1,-0.01,-1,-1,-0.01,-1,-1,-0.01,-1,-1,-0.01,-1,-1
99926009,2026-05-18 15:07:07+05:30,53597.55,0,0.0,0,0.0,0.0,53282.15,53667.55,52783.45,53710.35,0,0.0,0.0,0.0,0.0,-0.01,-1,-1,-0.01,-1,-1,-0.01,-1,-1,-0.01,-1,-1,-0.01,-1,-1,-0.01,-1,-1,-0.01,-1,-1,-0.01,-1,-1,-0.01,-1,-1,-0.01,-1,-1
99926009,2026-05-18 15:07:08+05:30,53597.55,0,0.0,0,0.0,0.0,53282.15,53667.55,52783.45,53710.35,0,0.0,0.0,0.0,0.0,-0.01,-1,-1,-0.01,-1,-1,-0.01,-1,-1,-0.01,-1,-1,-0.01,-1,-1,-0.01,-1,-1,-0.01,-1,-1,-0.01,-1,-1,-0.01,-1,-1,-0.01,-1,-1
99926009,2026-05-18 15:07:08+05:30,53597.5,0,0.0,0,0.0,0.0,53282.15,53667.55,52783.45,53710.35,0,0.0,0.0,0.0,0.0,-0.01,-1,-1,-0.01,-1,-1,-0.01,-1,-1,-0.01,-1,-1,-0.01,-1,-1,-0.01,-1,-1,-0.01,-1,-1,-0.01,-1,-1,-0.01,-1,-1,-0.01,-1,-1
99926009,2026-05-18 15:07:08+05:30,53597.6,0,0.0,0,0.0,0.0,53282.15,53667.55,52783.45,53710.35,0,0.0,0.0,0.0,0.0,-0.01,-1,-1,-0.01,-1,-1,-0.01,-1,-1,-0.01,-1,-1,-0.01,-1,-1,-0.01,-1,-1,-0.01,-1,-1,-0.01,-1,-1,-0.01,-1,-1,-0.01,-1,-1
99926009,2026-05-18 15:07:09+05:30,53597.6,0,0.0,0,0.0,0.0,53282.15,53667.55,52783.45,53710.35,0,0.0,0.0,0.0,0.0,-0.01,-1,-1,-0.01,-1,-1,-0.01,-1,-1,-0.01,-1,-1,-0.01,-1,-1,-0.01,-1,-1,-0.01,-1,-1,-0.01,-1,-1,-0.01,-1,-1,-0.01,-1,-1
99926009,2026-05-18 15:07:09+05:30,53596.1,0,0.0,0,0.0,0.0,53282.15,53667.55,52783.45,53710.35,0,0.0,0.0,0.0,0.0,-0.01,-1,-1,-0.01,-1,-1,-0.01,-1,-1,-0.01,-1,-1,-0.01,-1,-1,-0.01,-1,-1,-0.01,-1,-1,-0.01,-1,-1,-0.01,-1,-1,-0.01,-1,-1
99926009,2026-05-18 15:07:09+05:30,53594.55,0,0.0,0,0.0,0.0,53282.15,53667.55,52783.45,53710.35,0,0.0,0.0,0.0,0.0,-0.01,-1,-1,-0.01,-1,-1,-0.01,-1,-1,-0.01,-1,-1,-0.01,-1,-1,-0.01,-1,-1,-0.01,-1,-1,-0.01,-1,-1,-0.01,-1,-1,-0.01,-1,-1
99926009,2026-05-18 15:07:10+05:30,53594.55,0,0.0,0,0.0,0.0,53282.15,53667.55,52783.45,53710.35,0,0.0,0.0,0.0,0.0,-0.01,-1,-1,-0.01,-1,-1,-0.01,-1,-1,-0.01,-1,-1,-0.01,-1,-1,-0.01,-1,-1,-0.01,-1,-1,-0.01,-1,-1,-0.01,-1,-1,-0.01,-1,-1
99926009,2026-05-18 15:07:10+05:30,53595.1,0,0.0,0,0.0,0.0,53282.15,53667.55,52783.45,53710.35,0,0.0,0.0,0.0,0.0,-0.01,-1,-1,-0.01,-1,-1,-0.01,-1,-1,-0.01,-1,-1,-0.01,-1,-1,-0.01,-1,-1,-0.01,-1,-1,-0.01,-1,-1,-0.01,-1,-1,-0.01,-1,-1
99926009,2026-05-18 15:07:10+05:30,53596.55,0,0.0,0,0.0,0.0,53282.15,53667.55,52783.45,53710.35,0,0.0,0.0,0.0,0.0,-0.01,-1,-1,-0.01,-1,-1,-0.01,-1,-1,-0.01,-1,-1,-0.01,-1,-1,-0.01,-1,-1,-0.01,-1,-1,-0.01,-1,-1,-0.01,-1,-1,-0.01,-1,-1
99926009,2026-05-18 15:07:11+05:30,53596.55,0,0.0,0,0.0,0.0,53282.15,53667.55,52783.45,53710.35,0,0.0,0.0,0.0,0.0,-0.01,-1,-1,-0.01,-1,-1,-0.01,-1,-1,-0.01,-1,-1,-0.01,-1,-1,-0.01,-1,-1,-0.01,-1,-1,-0.01,-1,-1,-0.01,-1,-1,-0.01,-1,-1
99926009,2026-05-18 15:07:11+05:30,53596.15,0,0.0,0,0.0,0.0,53282.15,53667.55,52783.45,53710.35,0,0.0,0.0,0.0,0.0,-0.01,-1,-1,-0.01,-1,-1,-0.01,-1,-1,-0.01,-1,-1,-0.01,-1,-1,-0.01,-1,-1,-0.01,-1,-1,-0.01,-1,-1,-0.01,-1,-1,-0.01,-1,-1
99926009,2026-05-18 15:07:11+05:30,53595.7,0,0.0,0,0.0,0.0,53282.15,53667.55,52783.45,53710.35,0,0.0,0.0,0.0,0.0,-0.01,-1,-1,-0.01,-1,-1,-0.01,-1,-1,-0.01,-1,-1,-0.01,-1,-1,-0.01,-1,-1,-0.01,-1,-1,-0.01,-1,-1,-0.01,-1,-1,-0.01,-1,-1
99926009,2026-05-18 15:07:12+05:30,53595.7,0,0.0,0,0.0,0.0,53282.15,53667.55,52783.45,53710.35,0,0.0,0.0,0.0,0.0,-0.01,-1,-1,-0.01,-1,-1,-0.01,-1,-1,-0.01,-1,-1,-0.01,-1,-1,-0.01,-1,-1,-0.01,-1,-1,-0.01,-1,-1,-0.01,-1,-1,-0.01,-1,-1
99926009,2026-05-18 15:07:12+05:30,53595.75,0,0.0,0,0.0,0.0,53282.15,53667.55,52783.45,53710.35,0,0.0,0.0,0.0,0.0,-0.01,-1,-1,-0.01,-1,-1,-0.01,-1,-1,-0.01,-1,-1,-0.01,-1,-1,-0.01,-1,-1,-0.01,-1,-1,-0.01,-1,-1,-0.01,-1,-1,-0.01,-1,-1
99926009,2026-05-18 15:07:12+05:30,53594.55,0,0.0,0,0.0,0.0,53282.15,53667.55,52783.45,53710.35,0,0.0,0.0,0.0,0.0,-0.01,-1,-1,-0.01,-1,-1,-0.01,-1,-1,-0.01,-1,-1,-0.01,-1,-1,-0.01,-1,-1,-0.01,-1,-1,-0.01,-1,-1,-0.01,-1,-1,-0.01,-1,-1
99926009,2026-05-18 15:07:13+05:30,53594.55,0,0.0,0,0.0,0.0,53282.15,53667.55,52783.45,53710.35,0,0.0,0.0,0.0,0.0,-0.01,-1,-1,-0.01,-1,-1,-0.01,-1,-1,-0.01,-1,-1,-0.01,-1,-1,-0.01,-1,-1,-0.01,-1,-1,-0.01,-1,-1,-0.01,-1,-1,-0.01,-1,-1
99926009,2026-05-18 15:07:13+05:30,53598.15,0,0.0,0,0.0,0.0,53282.15,53667.55,52783.45,53710.35,0,0.0,0.0,0.0,0.0,-0.01,-1,-1,-0.01,-1,-1,-0.01,-1,-1,-0.01,-1,-1,-0.01,-1,-1,-0.01,-1,-1,-0.01,-1,-1,-0.01,-1,-1,-0.01,-1,-1,-0.01,-1,-1
99926009,2026-05-18 15:07:13+05:30,53600.8,0,0.0,0,0.0,0.0,53282.15,53667.55,52783.45,53710.35,0,0.0,0.0,0.0,0.0,-0.01,-1,-1,-0.01,-1,-1,-0.01,-1,-1,-0.01,-1,-1,-0.01,-1,-1,-0.01,-1,-1,-0.01,-1,-1,-0.01,-1,-1,-0.01,-1,-1,-0.01,-1,-1
99926009,2026-05-18 15:07:14+05:30,53600.8,0,0.0,0,0.0,0.0,53282.15,53667.55,52783.45,53710.35,0,0.0,0.0,0.0,0.0,-0.01,-1,-1,-0.01,-1,-1,-0.01,-1,-1,-0.01,-1,-1,-0.01,-1,-1,-0.01,-1,-1,-0.01,-1,-1,-0.01,-1,-1,-0.01,-1,-1,-0.01,-1,-1
99926009,2026-05-18 15:07:14+05:30,53599.9,0,0.0,0,0.0,0.0,53282.15,53667.55,52783.45,53710.35,0,0.0,0.0,0.0,0.0,-0.01,-1,-1,-0.01,-1,-1,-0.01,-1,-1,-0.01,-1,-1,-0.01,-1,-1,-0.01,-1,-1,-0.01,-1,-1,-0.01,-1,-1,-0.01,-1,-1,-0.01,-1,-1
99926009,2026-05-18 15:07:14+05:30,53599.0,0,0.0,0,0.0,0.0,53282.15,53667.55,52783.45,53710.35,0,0.0,0.0,0.0,0.0,-0.01,-1,-1,-0.01,-1,-1,-0.01,-1,-1,-0.01,-1,-1,-0.01,-1,-1,-0.01,-1,-1,-0.01,-1,-1,-0.01,-1,-1,-0.01,-1,-1,-0.01,-1,-1
99926009,2026-05-18 15:07:15+05:30,53599.0,0,0.0,0,0.0,0.0,53282.15,53667.55,52783.45,53710.35,0,0.0,0.0,0.0,0.0,-0.01,-1,-1,-0.01,-1,-1,-0.01,-1,-1,-0.01,-1,-1,-0.01,-1,-1,-0.01,-1,-1,-0.01,-1,-1,-0.01,-1,-1,-0.01,-1,-1,-0.01,-1,-1
99926009,2026-05-18 15:07:15+05:30,53597.85,0,0.0,0,0.0,0.0,53282.15,53667.55,52783.45,53710.35,0,0.0,0.0,0.0,0.0,-0.01,-1,-1,-0.01,-1,-1,-0.01,-1,-1,-0.01,-1,-1,-0.01,-1,-1,-0.01,-1,-1,-0.01,-1,-1,-0.01,-1,-1,-0.01,-1,-1,-0.01,-1,-1
99926009,2026-05-18 15:07:15+05:30,53604.5,0,0.0,0,0.0,0.0,53282.15,53667.55,52783.45,53710.35,0,0.0,0.0,0.0,0.0,-0.01,-1,-1,-0.01,-1,-1,-0.01,-1,-1,-0.01,-1,-1,-0.01,-1,-1,-0.01,-1,-1,-0.01,-1,-1,-0.01,-1,-1,-0.01,-1,-1,-0.01,-1,-1
99926009,2026-05-18 15:07:16+05:30,53604.5,0,0.0,0,0.0,0.0,53282.15,53667.55,52783.45,53710.35,0,0.0,0.0,0.0,0.0,-0.01,-1,-1,-0.01,-1,-1,-0.01,-1,-1,-0.01,-1,-1,-0.01,-1,-1,-0.01,-1,-1,-0.01,-1,-1,-0.01,-1,-1,-0.01,-1,-1,-0.01,-1,-1
99926009,2026-05-18 15:07:16+05:30,53602.05,0,0.0,0,0.0,0.0,53282.15,53667.55,52783.45,53710.35,0,0.0,0.0,0.0,0.0,-0.01,-1,-1,-0.01,-1,-1,-0.01,-1,-1,-0.01,-1,-1,-0.01,-1,-1,-0.01,-1,-1,-0.01,-1,-1,-0.01,-1,-1,-0.01,-1,-1,-0.01,-1,-1
99926009,2026-05-18 15:07:16+05:30,53601.65,0,0.0,0,0.0,0.0,53282.15,53667.55,52783.45,53710.35,0,0.0,0.0,0.0,0.0,-0.01,-1,-1,-0.01,-1,-1,-0.01,-1,-1,-0.01,-1,-1,-0.01,-1,-1,-0.01,-1,-1,-0.01,-1,-1,-0.01,-1,-1,-0.01,-1,-1,-0.01,-1,-1
99926009,2026-05-18 15:07:17+05:30,53601.65,0,0.0,0,0.0,0.0,53282.15,53667.55,52783.45,53710.35,0,0.0,0.0,0.0,0.0,-0.01,-1,-1,-0.01,-1,-1,-0.01,-1,-1,-0.01,-1,-1,-0.01,-1,-1,-0.01,-1,-1,-0.01,-1,-1,-0.01,-1,-1,-0.01,-1,-1,-0.01,-1,-1
99926009,2026-05-18 15:07:17+05:30,53601.7,0,0.0,0,0.0,0.0,53282.15,53667.55,52783.45,53710.35,0,0.0,0.0,0.0,0.0,-0.01,-1,-1,-0.01,-1,-1,-0.01,-1,-1,-0.01,-1,-1,-0.01,-1,-1,-0.01,-1,-1,-0.01,-1,-1,-0.01,-1,-1,-0.01,-1,-1,-0.01,-1,-1
99926009,2026-05-18 15:07:17+05:30,53601.55,0,0.0,0,0.0,0.0,53282.15,53667.55,52783.45,53710.35,0,0.0,0.0,0.0,0.0,-0.01,-1,-1,-0.01,-1,-1,-0.01,-1,-1,-0.01,-1,-1,-0.01,-1,-1,-0.01,-1,-1,-0.01,-1,-1,-0.01,-1,-1,-0.01,-1,-1,-0.01,-1,-1
99926009,2026-05-18 15:07:18+05:30,53601.55,0,0.0,0,0.0,0.0,53282.15,53667.55,52783.45,53710.35,0,0.0,0.0,0.0,0.0,-0.01,-1,-1,-0.01,-1,-1,-0.01,-1,-1,-0.01,-1,-1,-0.01,-1,-1,-0.01,-1,-1,-0.01,-1,-1,-0.01,-1,-1,-0.01,-1,-1,-0.01,-1,-1
99926009,2026-05-18 15:07:18+05:30,53599.95,0,0.0,0,0.0,0.0,53282.15,53667.55,52783.45,53710.35,0,0.0,0.0,0.0,0.0,-0.01,-1,-1,-0.01,-1,-1,-0.01,-1,-1,-0.01,-1,-1,-0.01,-1,-1,-0.01,-1,-1,-0.01,-1,-1,-0.01,-1,-1,-0.01,-1,-1,-0.01,-1,-1
99926009,2026-05-18 15:07:18+05:30,53600.3,0,0.0,0,0.0,0.0,53282.15,53667.55,52783.45,53710.35,0,0.0,0.0,0.0,0.0,-0.01,-1,-1,-0.01,-1,-1,-0.01,-1,-1,-0.01,-1,-1,-0.01,-1,-1,-0.01,-1,-1,-0.01,-1,-1,-0.01,-1,-1,-0.01,-1,-1,-0.01,-1,-1
99926009,2026-05-18 15:07:19+05:30,53600.3,0,0.0,0,0.0,0.0,53282.15,53667.55,52783.45,53710.35,0,0.0,0.0,0.0,0.0,-0.01,-1,-1,-0.01,-1,-1,-0.01,-1,-1,-0.01,-1,-1,-0.01,-1,-1,-0.01,-1,-1,-0.01,-1,-1,-0.01,-1,-1,-0.01,-1,-1,-0.01,-1,-1
99926009,2026-05-18 15:07:19+05:30,53600.3,0,0.0,0,0.0,0.0,53282.15,53667.55,52783.45,53710.35,0,0.0,0.0,0.0,0.0,-0.01,-1,-1,-0.01,-1,-1,-0.01,-1,-1,-0.01,-1,-1,-0.01,-1,-1,-0.01,-1,-1,-0.01,-1,-1,-0.01,-1,-1,-0.01,-1,-1,-0.01,-1,-1
99926009,2026-05-18 15:07:19+05:30,53598.95,0,0.0,0,0.0,0.0,53282.15,53667.55,52783.45,53710.35,0,0.0,0.0,0.0,0.0,-0.01,-1,-1,-0.01,-1,-1,-0.01,-1,-1,-0.01,-1,-1,-0.01,-1,-1,-0.01,-1,-1,-0.01,-1,-1,-0.01,-1,-1,-0.01,-1,-1,-0.01,-1,-1
99926009,2026-05-18 15:07:20+05:30,53598.95,0,0.0,0,0.0,0.0,53282.15,53667.55,52783.45,53710.35,0,0.0,0.0,0.0,0.0,-0.01,-1,-1,-0.01,-1,-1,-0.01,-1,-1,-0.01,-1,-1,-0.01,-1,-1,-0.01,-1,-1,-0.01,-1,-1,-0.01,-1,-1,-0.01,-1,-1,-0.01,-1,-1
99926009,2026-05-18 15:07:20+05:30,53597.2,0,0.0,0,0.0,0.0,53282.15,53667.55,52783.45,53710.35,0,0.0,0.0,0.0,0.0,-0.01,-1,-1,-0.01,-1,-1,-0.01,-1,-1,-0.01,-1,-1,-0.01,-1,-1,-0.01,-1,-1,-0.01,-1,-1,-0.01,-1,-1,-0.01,-1,-1,-0.01,-1,-1
99926009,2026-05-18 15:07:20+05:30,53598.55,0,0.0,0,0.0,0.0,53282.15,53667.55,52783.45,53710.35,0,0.0,0.0,0.0,0.0,-0.01,-1,-1,-0.01,-1,-1,-0.01,-1,-1,-0.01,-1,-1,-0.01,-1,-1,-0.01,-1,-1,-0.01,-1,-1,-0.01,-1,-1,-0.01,-1,-1,-0.01,-1,-1
99926009,2026-05-18 15:07:21+05:30,53598.55,0,0.0,0,0.0,0.0,53282.15,53667.55,52783.45,53710.35,0,0.0,0.0,0.0,0.0,-0.01,-1,-1,-0.01,-1,-1,-0.01,-1,-1,-0.01,-1,-1,-0.01,-1,-1,-0.01,-1,-1,-0.01,-1,-1,-0.01,-1,-1,-0.01,-1,-1,-0.01,-1,-1
99926009,2026-05-18 15:07:21+05:30,53601.5,0,0.0,0,0.0,0.0,53282.15,53667.55,52783.45,53710.35,0,0.0,0.0,0.0,0.0,-0.01,-1,-1,-0.01,-1,-1,-0.01,-1,-1,-0.01,-1,-1,-0.01,-1,-1,-0.01,-1,-1,-0.01,-1,-1,-0.01,-1,-1,-0.01,-1,-1,-0.01,-1,-1
99926009,2026-05-18 15:07:21+05:30,53599.15,0,0.0,0,0.0,0.0,53282.15,53667.55,52783.45,53710.35,0,0.0,0.0,0.0,0.0,-0.01,-1,-1,-0.01,-1,-1,-0.01,-1,-1,-0.01,-1,-1,-0.01,-1,-1,-0.01,-1,-1,-0.01,-1,-1,-0.01,-1,-1,-0.01,-1,-1,-0.01,-1,-1
99926009,2026-05-18 15:07:22+05:30,53599.15,0,0.0,0,0.0,0.0,53282.15,53667.55,52783.45,53710.35,0,0.0,0.0,0.0,0.0,-0.01,-1,-1,-0.01,-1,-1,-0.01,-1,-1,-0.01,-1,-1,-0.01,-1,-1,-0.01,-1,-1,-0.01,-1,-1,-0.01,-1,-1,-0.01,-1,-1,-0.01,-1,-1
99926009,2026-05-18 15:07:22+05:30,53595.4,0,0.0,0,0.0,0.0,53282.15,53667.55,52783.45,53710.35,0,0.0,0.0,0.0,0.0,-0.01,-1,-1,-0.01,-1,-1,-0.01,-1,-1,-0.01,-1,-1,-0.01,-1,-1,-0.01,-1,-1,-0.01,-1,-1,-0.01,-1,-1,-0.01,-1,-1,-0.01,-1,-1
99926009,2026-05-18 15:07:22+05:30,53596.45,0,0.0,0,0.0,0.0,53282.15,53667.55,52783.45,53710.35,0,0.0,0.0,0.0,0.0,-0.01,-1,-1,-0.01,-1,-1,-0.01,-1,-1,-0.01,-1,-1,-0.01,-1,-1,-0.01,-1,-1,-0.01,-1,-1,-0.01,-1,-1,-0.01,-1,-1,-0.01,-1,-1
99926009,2026-05-18 15:07:23+05:30,53596.45,0,0.0,0,0.0,0.0,53282.15,53667.55,52783.45,53710.35,0,0.0,0.0,0.0,0.0,-0.01,-1,-1,-0.01,-1,-1,-0.01,-1,-1,-0.01,-1,-1,-0.01,-1,-1,-0.01,-1,-1,-0.01,-1,-1,-0.01,-1,-1,-0.01,-1,-1,-0.01,-1,-1
99926009,2026-05-18 15:07:23+05:30,53594.6,0,0.0,0,0.0,0.0,53282.15,53667.55,52783.45,53710.35,0,0.0,0.0,0.0,0.0,-0.01,-1,-1,-0.01,-1,-1,-0.01,-1,-1,-0.01,-1,-1,-0.01,-1,-1,-0.01,-1,-1,-0.01,-1,-1,-0.01,-1,-1,-0.01,-1,-1,-0.01,-1,-1
99926009,2026-05-18 15:07:23+05:30,53594.55,0,0.0,0,0.0,0.0,53282.15,53667.55,52783.45,53710.35,0,0.0,0.0,0.0,0.0,-0.01,-1,-1,-0.01,-1,-1,-0.01,-1,-1,-0.01,-1,-1,-0.01,-1,-1,-0.01,-1,-1,-0.01,-1,-1,-0.01,-1,-1,-0.01,-1,-1,-0.01,-1,-1
99926009,2026-05-18 15:07:24+05:30,53594.55,0,0.0,0,0.0,0.0,53282.15,53667.55,52783.45,53710.35,0,0.0,0.0,0.0,0.0,-0.01,-1,-1,-0.01,-1,-1,-0.01,-1,-1,-0.01,-1,-1,-0.01,-1,-1,-0.01,-1,-1,-0.01,-1,-1,-0.01,-1,-1,-0.01,-1,-1,-0.01,-1,-1
99926009,2026-05-18 15:07:24+05:30,53592.75,0,0.0,0,0.0,0.0,53282.15,53667.55,52783.45,53710.35,0,0.0,0.0,0.0,0.0,-0.01,-1,-1,-0.01,-1,-1,-0.01,-1,-1,-0.01,-1,-1,-0.01,-1,-1,-0.01,-1,-1,-0.01,-1,-1,-0.01,-1,-1,-0.01,-1,-1,-0.01,-1,-1
99926009,2026-05-18 15:07:24+05:30,53592.6,0,0.0,0,0.0,0.0,53282.15,53667.55,52783.45,53710.35,0,0.0,0.0,0.0,0.0,-0.01,-1,-1,-0.01,-1,-1,-0.01,-1,-1,-0.01,-1,-1,-0.01,-1,-1,-0.01,-1,-1,-0.01,-1,-1,-0.01,-1,-1,-0.01,-1,-1,-0.01,-1,-1
99926009,2026-05-18 15:07:25+05:30,53592.6,0,0.0,0,0.0,0.0,53282.15,53667.55,52783.45,53710.35,0,0.0,0.0,0.0,0.0,-0.01,-1,-1,-0.01,-1,-1,-0.01,-1,-1,-0.01,-1,-1,-0.01,-1,-1,-0.01,-1,-1,-0.01,-1,-1,-0.01,-1,-1,-0.01,-1,-1,-0.01,-1,-1
99926009,2026-05-18 15:07:25+05:30,53591.3,0,0.0,0,0.0,0.0,53282.15,53667.55,52783.45,53710.35,0,0.0,0.0,0.0,0.0,-0.01,-1,-1,-0.01,-1,-1,-0.01,-1,-1,-0.01,-1,-1,-0.01,-1,-1,-0.01,-1,-1,-0.01,-1,-1,-0.01,-1,-1,-0.01,-1,-1,-0.01,-1,-1
99926009,2026-05-18 15:07:25+05:30,53593.1,0,0.0,0,0.0,0.0,53282.15,53667.55,52783.45,53710.35,0,0.0,0.0,0.0,0.0,-0.01,-1,-1,-0.01,-1,-1,-0.01,-1,-1,-0.01,-1,-1,-0.01,-1,-1,-0.01,-1,-1,-0.01,-1,-1,-0.01,-1,-1,-0.01,-1,-1,-0.01,-1,-1
99926009,2026-05-18 15:07:26+05:30,53593.1,0,0.0,0,0.0,0.0,53282.15,53667.55,52783.45,53710.35,0,0.0,0.0,0.0,0.0,-0.01,-1,-1,-0.01,-1,-1,-0.01,-1,-1,-0.01,-1,-1,-0.01,-1,-1,-0.01,-1,-1,-0.01,-1,-1,-0.01,-1,-1,-0.01,-1,-1,-0.01,-1,-1
99926009,2026-05-18 15:07:26+05:30,53592.9,0,0.0,0,0.0,0.0,53282.15,53667.55,52783.45,53710.35,0,0.0,0.0,0.0,0.0,-0.01,-1,-1,-0.01,-1,-1,-0.01,-1,-1,-0.01,-1,-1,-0.01,-1,-1,-0.01,-1,-1,-0.01,-1,-1,-0.01,-1,-1,-0.01,-1,-1,-0.01,-1,-1
99926009,2026-05-18 15:07:26+05:30,53594.1,0,0.0,0,0.0,0.0,53282.15,53667.55,52783.45,53710.35,0,0.0,0.0,0.0,0.0,-0.01,-1,-1,-0.01,-1,-1,-0.01,-1,-1,-0.01,-1,-1,-0.01,-1,-1,-0.01,-1,-1,-0.01,-1,-1,-0.01,-1,-1,-0.01,-1,-1,-0.01,-1,-1
99926009,2026-05-18 15:07:27+05:30,53594.1,0,0.0,0,0.0,0.0,53282.15,53667.55,52783.45,53710.35,0,0.0,0.0,0.0,0.0,-0.01,-1,-1,-0.01,-1,-1,-0.01,-1,-1,-0.01,-1,-1,-0.01,-1,-1,-0.01,-1,-1,-0.01,-1,-1,-0.01,-1,-1,-0.01,-1,-1,-0.01,-1,-1
99926009,2026-05-18 15:07:27+05:30,53595.65,0,0.0,0,0.0,0.0,53282.15,53667.55,52783.45,53710.35,0,0.0,0.0,0.0,0.0,-0.01,-1,-1,-0.01,-1,-1,-0.01,-1,-1,-0.01,-1,-1,-0.01,-1,-1,-0.01,-1,-1,-0.01,-1,-1,-0.01,-1,-1,-0.01,-1,-1,-0.01,-1,-1
99926009,2026-05-18 15:07:27+05:30,53592.75,0,0.0,0,0.0,0.0,53282.15,53667.55,52783.45,53710.35,0,0.0,0.0,0.0,0.0,-0.01,-1,-1,-0.01,-1,-1,-0.01,-1,-1,-0.01,-1,-1,-0.01,-1,-1,-0.01,-1,-1,-0.01,-1,-1,-0.01,-1,-1,-0.01,-1,-1,-0.01,-1,-1
99926009,2026-05-18 15:07:28+05:30,53592.75,0,0.0,0,0.0,0.0,53282.15,53667.55,52783.45,53710.35,0,0.0,0.0,0.0,0.0,-0.01,-1,-1,-0.01,-1,-1,-0.01,-1,-1,-0.01,-1,-1,-0.01,-1,-1,-0.01,-1,-1,-0.01,-1,-1,-0.01,-1,-1,-0.01,-1,-1,-0.01,-1,-1
99926009,2026-05-18 15:07:28+05:30,53589.8,0,0.0,0,0.0,0.0,53282.15,53667.55,52783.45,53710.35,0,0.0,0.0,0.0,0.0,-0.01,-1,-1,-0.01,-1,-1,-0.01,-1,-1,-0.01,-1,-1,-0.01,-1,-1,-0.01,-1,-1,-0.01,-1,-1,-0.01,-1,-1,-0.01,-1,-1,-0.01,-1,-1
99926009,2026-05-18 15:07:28+05:30,53593.05,0,0.0,0,0.0,0.0,53282.15,53667.55,52783.45,53710.35,0,0.0,0.0,0.0,0.0,-0.01,-1,-1,-0.01,-1,-1,-0.01,-1,-1,-0.01,-1,-1,-0.01,-1,-1,-0.01,-1,-1,-0.01,-1,-1,-0.01,-1,-1,-0.01,-1,-1,-0.01,-1,-1
99926009,2026-05-18 15:07:29+05:30,53593.05,0,0.0,0,0.0,0.0,53282.15,53667.55,52783.45,53710.35,0,0.0,0.0,0.0,0.0,-0.01,-1,-1,-0.01,-1,-1,-0.01,-1,-1,-0.01,-1,-1,-0.01,-1,-1,-0.01,-1,-1,-0.01,-1,-1,-0.01,-1,-1,-0.01,-1,-1,-0.01,-1,-1
99926009,2026-05-18 15:07:29+05:30,53592.95,0,0.0,0,0.0,0.0,53282.15,53667.55,52783.45,53710.35,0,0.0,0.0,0.0,0.0,-0.01,-1,-1,-0.01,-1,-1,-0.01,-1,-1,-0.01,-1,-1,-0.01,-1,-1,-0.01,-1,-1,-0.01,-1,-1,-0.01,-1,-1,-0.01,-1,-1,-0.01,-1,-1
99926009,2026-05-18 15:07:29+05:30,53590.85,0,0.0,0,0.0,0.0,53282.15,53667.55,52783.45,53710.35,0,0.0,0.0,0.0,0.0,-0.01,-1,-1,-0.01,-1,-1,-0.01,-1,-1,-0.01,-1,-1,-0.01,-1,-1,-0.01,-1,-1,-0.01,-1,-1,-0.01,-1,-1,-0.01,-1,-1,-0.01,-1,-1
99926009,2026-05-18 15:07:30+05:30,53590.85,0,0.0,0,0.0,0.0,53282.15,53667.55,52783.45,53710.35,0,0.0,0.0,0.0,0.0,-0.01,-1,-1,-0.01,-1,-1,-0.01,-1,-1,-0.01,-1,-1,-0.01,-1,-1,-0.01,-1,-1,-0.01,-1,-1,-0.01,-1,-1,-0.01,-1,-1,-0.01,-1,-1
99926009,2026-05-18 15:07:30+05:30,53590.8,0,0.0,0,0.0,0.0,53282.15,53667.55,52783.45,53710.35,0,0.0,0.0,0.0,0.0,-0.01,-1,-1,-0.01,-1,-1,-0.01,-1,-1,-0.01,-1,-1,-0.01,-1,-1,-0.01,-1,-1,-0.01,-1,-1,-0.01,-1,-1,-0.01,-1,-1,-0.01,-1,-1
99926009,2026-05-18 15:07:30+05:30,53592.6,0,0.0,0,0.0,0.0,53282.15,53667.55,52783.45,53710.35,0,0.0,0.0,0.0,0.0,-0.01,-1,-1,-0.01,-1,-1,-0.01,-1,-1,-0.01,-1,-1,-0.01,-1,-1,-0.01,-1,-1,-0.01,-1,-1,-0.01,-1,-1,-0.01,-1,-1,-0.01,-1,-1
99926009,2026-05-18 15:07:31+05:30,53592.6,0,0.0,0,0.0,0.0,53282.15,53667.55,52783.45,53710.35,0,0.0,0.0,0.0,0.0,-0.01,-1,-1,-0.01,-1,-1,-0.01,-1,-1,-0.01,-1,-1,-0.01,-1,-1,-0.01,-1,-1,-0.01,-1,-1,-0.01,-1,-1,-0.01,-1,-1,-0.01,-1,-1
99926009,2026-05-18 15:07:31+05:30,53592.05,0,0.0,0,0.0,0.0,53282.15,53667.55,52783.45,53710.35,0,0.0,0.0,0.0,0.0,-0.01,-1,-1,-0.01,-1,-1,-0.01,-1,-1,-0.01,-1,-1,-0.01,-1,-1,-0.01,-1,-1,-0.01,-1,-1,-0.01,-1,-1,-0.01,-1,-1,-0.01,-1,-1
99926009,2026-05-18 15:07:31+05:30,53593.25,0,0.0,0,0.0,0.0,53282.15,53667.55,52783.45,53710.35,0,0.0,0.0,0.0,0.0,-0.01,-1,-1,-0.01,-1,-1,-0.01,-1,-1,-0.01,-1,-1,-0.01,-1,-1,-0.01,-1,-1,-0.01,-1,-1,-0.01,-1,-1,-0.01,-1,-1,-0.01,-1,-1
99926009,2026-05-18 15:07:32+05:30,53593.25,0,0.0,0,0.0,0.0,53282.15,53667.55,52783.45,53710.35,0,0.0,0.0,0.0,0.0,-0.01,-1,-1,-0.01,-1,-1,-0.01,-1,-1,-0.01,-1,-1,-0.01,-1,-1,-0.01,-1,-1,-0.01,-1,-1,-0.01,-1,-1,-0.01,-1,-1,-0.01,-1,-1
99926009,2026-05-18 15:07:32+05:30,53591.3,0,0.0,0,0.0,0.0,53282.15,53667.55,52783.45,53710.35,0,0.0,0.0,0.0,0.0,-0.01,-1,-1,-0.01,-1,-1,-0.01,-1,-1,-0.01,-1,-1,-0.01,-1,-1,-0.01,-1,-1,-0.01,-1,-1,-0.01,-1,-1,-0.01,-1,-1,-0.01,-1,-1
99926009,2026-05-18 15:07:32+05:30,53596.5,0,0.0,0,0.0,0.0,53282.15,53667.55,52783.45,53710.35,0,0.0,0.0,0.0,0.0,-0.01,-1,-1,-0.01,-1,-1,-0.01,-1,-1,-0.01,-1,-1,-0.01,-1,-1,-0.01,-1,-1,-0.01,-1,-1,-0.01,-1,-1,-0.01,-1,-1,-0.01,-1,-1
99926009,2026-05-18 15:07:33+05:30,53596.5,0,0.0,0,0.0,0.0,53282.15,53667.55,52783.45,53710.35,0,0.0,0.0,0.0,0.0,-0.01,-1,-1,-0.01,-1,-1,-0.01,-1,-1,-0.01,-1,-1,-0.01,-1,-1,-0.01,-1,-1,-0.01,-1,-1,-0.01,-1,-1,-0.01,-1,-1,-0.01,-1,-1
99926009,2026-05-18 15:07:33+05:30,53591.65,0,0.0,0,0.0,0.0,53282.15,53667.55,52783.45,53710.35,0,0.0,0.0,0.0,0.0,-0.01,-1,-1,-0.01,-1,-1,-0.01,-1,-1,-0.01,-1,-1,-0.01,-1,-1,-0.01,-1,-1,-0.01,-1,-1,-0.01,-1,-1,-0.01,-1,-1,-0.01,-1,-1
99926009,2026-05-18 15:07:33+05:30,53596.6,0,0.0,0,0.0,0.0,53282.15,53667.55,52783.45,53710.35,0,0.0,0.0,0.0,0.0,-0.01,-1,-1,-0.01,-1,-1,-0.01,-1,-1,-0.01,-1,-1,-0.01,-1,-1,-0.01,-1,-1,-0.01,-1,-1,-0.01,-1,-1,-0.01,-1,-1,-0.01,-1,-1
99926009,2026-05-18 15:07:34+05:30,53596.6,0,0.0,0,0.0,0.0,53282.15,53667.55,52783.45,53710.35,0,0.0,0.0,0.0,0.0,-0.01,-1,-1,-0.01,-1,-1,-0.01,-1,-1,-0.01,-1,-1,-0.01,-1,-1,-0.01,-1,-1,-0.01,-1,-1,-0.01,-1,-1,-0.01,-1,-1,-0.01,-1,-1
99926009,2026-05-18 15:07:34+05:30,53595.15,0,0.0,0,0.0,0.0,53282.15,53667.55,52783.45,53710.35,0,0.0,0.0,0.0,0.0,-0.01,-1,-1,-0.01,-1,-1,-0.01,-1,-1,-0.01,-1,-1,-0.01,-1,-1,-0.01,-1,-1,-0.01,-1,-1,-0.01,-1,-1,-0.01,-1,-1,-0.01,-1,-1
99926009,2026-05-18 15:07:34+05:30,53596.7,0,0.0,0,0.0,0.0,53282.15,53667.55,52783.45,53710.35,0,0.0,0.0,0.0,0.0,-0.01,-1,-1,-0.01,-1,-1,-0.01,-1,-1,-0.01,-1,-1,-0.01,-1,-1,-0.01,-1,-1,-0.01,-1,-1,-0.01,-1,-1,-0.01,-1,-1,-0.01,-1,-1
99926009,2026-05-18 15:07:35+05:30,53596.7,0,0.0,0,0.0,0.0,53282.15,53667.55,52783.45,53710.35,0,0.0,0.0,0.0,0.0,-0.01,-1,-1,-0.01,-1,-1,-0.01,-1,-1,-0.01,-1,-1,-0.01,-1,-1,-0.01,-1,-1,-0.01,-1,-1,-0.01,-1,-1,-0.01,-1,-1,-0.01,-1,-1
99926009,2026-05-18 15:07:35+05:30,53594.25,0,0.0,0,0.0,0.0,53282.15,53667.55,52783.45,53710.35,0,0.0,0.0,0.0,0.0,-0.01,-1,-1,-0.01,-1,-1,-0.01,-1,-1,-0.01,-1,-1,-0.01,-1,-1,-0.01,-1,-1,-0.01,-1,-1,-0.01,-1,-1,-0.01,-1,-1,-0.01,-1,-1
99926009,2026-05-18 15:07:35+05:30,53597.25,0,0.0,0,0.0,0.0,53282.15,53667.55,52783.45,53710.35,0,0.0,0.0,0.0,0.0,-0.01,-1,-1,-0.01,-1,-1,-0.01,-1,-1,-0.01,-1,-1,-0.01,-1,-1,-0.01,-1,-1,-0.01,-1,-1,-0.01,-1,-1,-0.01,-1,-1,-0.01,-1,-1
99926009,2026-05-18 15:07:36+05:30,53597.25,0,0.0,0,0.0,0.0,53282.15,53667.55,52783.45,53710.35,0,0.0,0.0,0.0,0.0,-0.01,-1,-1,-0.01,-1,-1,-0.01,-1,-1,-0.01,-1,-1,-0.01,-1,-1,-0.01,-1,-1,-0.01,-1,-1,-0.01,-1,-1,-0.01,-1,-1,-0.01,-1,-1
99926009,2026-05-18 15:07:36+05:30,53602.8,0,0.0,0,0.0,0.0,53282.15,53667.55,52783.45,53710.35,0,0.0,0.0,0.0,0.0,-0.01,-1,-1,-0.01,-1,-1,-0.01,-1,-1,-0.01,-1,-1,-0.01,-1,-1,-0.01,-1,-1,-0.01,-1,-1,-0.01,-1,-1,-0.01,-1,-1,-0.01,-1,-1
99926009,2026-05-18 15:07:36+05:30,53598.55,0,0.0,0,0.0,0.0,53282.15,53667.55,52783.45,53710.35,0,0.0,0.0,0.0,0.0,-0.01,-1,-1,-0.01,-1,-1,-0.01,-1,-1,-0.01,-1,-1,-0.01,-1,-1,-0.01,-1,-1,-0.01,-1,-1,-0.01,-1,-1,-0.01,-1,-1,-0.01,-1,-1
99926009,2026-05-18 15:07:37+05:30,53598.55,0,0.0,0,0.0,0.0,53282.15,53667.55,52783.45,53710.35,0,0.0,0.0,0.0,0.0,-0.01,-1,-1,-0.01,-1,-1,-0.01,-1,-1,-0.01,-1,-1,-0.01,-1,-1,-0.01,-1,-1,-0.01,-1,-1,-0.01,-1,-1,-0.01,-1,-1,-0.01,-1,-1
99926009,2026-05-18 15:07:37+05:30,53602.7,0,0.0,0,0.0,0.0,53282.15,53667.55,52783.45,53710.35,0,0.0,0.0,0.0,0.0,-0.01,-1,-1,-0.01,-1,-1,-0.01,-1,-1,-0.01,-1,-1,-0.01,-1,-1,-0.01,-1,-1,-0.01,-1,-1,-0.01,-1,-1,-0.01,-1,-1,-0.01,-1,-1
99926009,2026-05-18 15:07:37+05:30,53603.8,0,0.0,0,0.0,0.0,53282.15,53667.55,52783.45,53710.35,0,0.0,0.0,0.0,0.0,-0.01,-1,-1,-0.01,-1,-1,-0.01,-1,-1,-0.01,-1,-1,-0.01,-1,-1,-0.01,-1,-1,-0.01,-1,-1,-0.01,-1,-1,-0.01,-1,-1,-0.01,-1,-1
99926009,2026-05-18 15:07:38+05:30,53603.8,0,0.0,0,0.0,0.0,53282.15,53667.55,52783.45,53710.35,0,0.0,0.0,0.0,0.0,-0.01,-1,-1,-0.01,-1,-1,-0.01,-1,-1,-0.01,-1,-1,-0.01,-1,-1,-0.01,-1,-1,-0.01,-1,-1,-0.01,-1,-1,-0.01,-1,-1,-0.01,-1,-1
99926009,2026-05-18 15:07:38+05:30,53604.0,0,0.0,0,0.0,0.0,53282.15,53667.55,52783.45,53710.35,0,0.0,0.0,0.0,0.0,-0.01,-1,-1,-0.01,-1,-1,-0.01,-1,-1,-0.01,-1,-1,-0.01,-1,-1,-0.01,-1,-1,-0.01,-1,-1,-0.01,-1,-1,-0.01,-1,-1,-0.01,-1,-1
99926009,2026-05-18 15:07:38+05:30,53601.15,0,0.0,0,0.0,0.0,53282.15,53667.55,52783.45,53710.35,0,0.0,0.0,0.0,0.0,-0.01,-1,-1,-0.01,-1,-1,-0.01,-1,-1,-0.01,-1,-1,-0.01,-1,-1,-0.01,-1,-1,-0.01,-1,-1,-0.01,-1,-1,-0.01,-1,-1,-0.01,-1,-1
99926009,2026-05-18 15:07:39+05:30,53601.15,0,0.0,0,0.0,0.0,53282.15,53667.55,52783.45,53710.35,0,0.0,0.0,0.0,0.0,-0.01,-1,-1,-0.01,-1,-1,-0.01,-1,-1,-0.01,-1,-1,-0.01,-1,-1,-0.01,-1,-1,-0.01,-1,-1,-0.01,-1,-1,-0.01,-1,-1,-0.01,-1,-1
99926009,2026-05-18 15:07:39+05:30,53603.8,0,0.0,0,0.0,0.0,53282.15,53667.55,52783.45,53710.35,0,0.0,0.0,0.0,0.0,-0.01,-1,-1,-0.01,-1,-1,-0.01,-1,-1,-0.01,-1,-1,-0.01,-1,-1,-0.01,-1,-1,-0.01,-1,-1,-0.01,-1,-1,-0.01,-1,-1,-0.01,-1,-1
99926009,2026-05-18 15:07:39+05:30,53604.55,0,0.0,0,0.0,0.0,53282.15,53667.55,52783.45,53710.35,0,0.0,0.0,0.0,0.0,-0.01,-1,-1,-0.01,-1,-1,-0.01,-1,-1,-0.01,-1,-1,-0.01,-1,-1,-0.01,-1,-1,-0.01,-1,-1,-0.01,-1,-1,-0.01,-1,-1,-0.01,-1,-1
99926009,2026-05-18 15:07:40+05:30,53604.55,0,0.0,0,0.0,0.0,53282.15,53667.55,52783.45,53710.35,0,0.0,0.0,0.0,0.0,-0.01,-1,-1,-0.01,-1,-1,-0.01,-1,-1,-0.01,-1,-1,-0.01,-1,-1,-0.01,-1,-1,-0.01,-1,-1,-0.01,-1,-1,-0.01,-1,-1,-0.01,-1,-1
99926009,2026-05-18 15:07:40+05:30,53611.45,0,0.0,0,0.0,0.0,53282.15,53667.55,52783.45,53710.35,0,0.0,0.0,0.0,0.0,-0.01,-1,-1,-0.01,-1,-1,-0.01,-1,-1,-0.01,-1,-1,-0.01,-1,-1,-0.01,-1,-1,-0.01,-1,-1,-0.01,-1,-1,-0.01,-1,-1,-0.01,-1,-1
99926009,2026-05-18 15:07:40+05:30,53613.7,0,0.0,0,0.0,0.0,53282.15,53667.55,52783.45,53710.35,0,0.0,0.0,0.0,0.0,-0.01,-1,-1,-0.01,-1,-1,-0.01,-1,-1,-0.01,-1,-1,-0.01,-1,-1,-0.01,-1,-1,-0.01,-1,-1,-0.01,-1,-1,-0.01,-1,-1,-0.01,-1,-1
99926009,2026-05-18 15:07:41+05:30,53613.7,0,0.0,0,0.0,0.0,53282.15,53667.55,52783.45,53710.35,0,0.0,0.0,0.0,0.0,-0.01,-1,-1,-0.01,-1,-1,-0.01,-1,-1,-0.01,-1,-1,-0.01,-1,-1,-0.01,-1,-1,-0.01,-1,-1,-0.01,-1,-1,-0.01,-1,-1,-0.01,-1,-1
99926009,2026-05-18 15:07:41+05:30,53616.25,0,0.0,0,0.0,0.0,53282.15,53667.55,52783.45,53710.35,0,0.0,0.0,0.0,0.0,-0.01,-1,-1,-0.01,-1,-1,-0.01,-1,-1,-0.01,-1,-1,-0.01,-1,-1,-0.01,-1,-1,-0.01,-1,-1,-0.01,-1,-1,-0.01,-1,-1,-0.01,-1,-1
99926009,2026-05-18 15:07:41+05:30,53615.45,0,0.0,0,0.0,0.0,53282.15,53667.55,52783.45,53710.35,0,0.0,0.0,0.0,0.0,-0.01,-1,-1,-0.01,-1,-1,-0.01,-1,-1,-0.01,-1,-1,-0.01,-1,-1,-0.01,-1,-1,-0.01,-1,-1,-0.01,-1,-1,-0.01,-1,-1,-0.01,-1,-1
99926009,2026-05-18 15:07:42+05:30,53615.45,0,0.0,0,0.0,0.0,53282.15,53667.55,52783.45,53710.35,0,0.0,0.0,0.0,0.0,-0.01,-1,-1,-0.01,-1,-1,-0.01,-1,-1,-0.01,-1,-1,-0.01,-1,-1,-0.01,-1,-1,-0.01,-1,-1,-0.01,-1,-1,-0.01,-1,-1,-0.01,-1,-1
99926009,2026-05-18 15:07:42+05:30,53618.7,0,0.0,0,0.0,0.0,53282.15,53667.55,52783.45,53710.35,0,0.0,0.0,0.0,0.0,-0.01,-1,-1,-0.01,-1,-1,-0.01,-1,-1,-0.01,-1,-1,-0.01,-1,-1,-0.01,-1,-1,-0.01,-1,-1,-0.01,-1,-1,-0.01,-1,-1,-0.01,-1,-1
99926009,2026-05-18 15:07:42+05:30,53616.1,0,0.0,0,0.0,0.0,53282.15,53667.55,52783.45,53710.35,0,0.0,0.0,0.0,0.0,-0.01,-1,-1,-0.01,-1,-1,-0.01,-1,-1,-0.01,-1,-1,-0.01,-1,-1,-0.01,-1,-1,-0.01,-1,-1,-0.01,-1,-1,-0.01,-1,-1,-0.01,-1,-1
99926009,2026-05-18 15:07:43+05:30,53616.1,0,0.0,0,0.0,0.0,53282.15,53667.55,52783.45,53710.35,0,0.0,0.0,0.0,0.0,-0.01,-1,-1,-0.01,-1,-1,-0.01,-1,-1,-0.01,-1,-1,-0.01,-1,-1,-0.01,-1,-1,-0.01,-1,-1,-0.01,-1,-1,-0.01,-1,-1,-0.01,-1,-1
99926009,2026-05-18 15:07:43+05:30,53616.25,0,0.0,0,0.0,0.0,53282.15,53667.55,52783.45,53710.35,0,0.0,0.0,0.0,0.0,-0.01,-1,-1,-0.01,-1,-1,-0.01,-1,-1,-0.01,-1,-1,-0.01,-1,-1,-0.01,-1,-1,-0.01,-1,-1,-0.01,-1,-1,-0.01,-1,-1,-0.01,-1,-1
99926009,2026-05-18 15:07:43+05:30,53615.25,0,0.0,0,0.0,0.0,53282.15,53667.55,52783.45,53710.35,0,0.0,0.0,0.0,0.0,-0.01,-1,-1,-0.01,-1,-1,-0.01,-1,-1,-0.01,-1,-1,-0.01,-1,-1,-0.01,-1,-1,-0.01,-1,-1,-0.01,-1,-1,-0.01,-1,-1,-0.01,-1,-1
99926009,2026-05-18 15:07:44+05:30,53615.25,0,0.0,0,0.0,0.0,53282.15,53667.55,52783.45,53710.35,0,0.0,0.0,0.0,0.0,-0.01,-1,-1,-0.01,-1,-1,-0.01,-1,-1,-0.01,-1,-1,-0.01,-1,-1,-0.01,-1,-1,-0.01,-1,-1,-0.01,-1,-1,-0.01,-1,-1,-0.01,-1,-1
99926009,2026-05-18 15:07:44+05:30,53610.5,0,0.0,0,0.0,0.0,53282.15,53667.55,52783.45,53710.35,0,0.0,0.0,0.0,0.0,-0.01,-1,-1,-0.01,-1,-1,-0.01,-1,-1,-0.01,-1,-1,-0.01,-1,-1,-0.01,-1,-1,-0.01,-1,-1,-0.01,-1,-1,-0.01,-1,-1,-0.01,-1,-1
99926009,2026-05-18 15:07:44+05:30,53610.4,0,0.0,0,0.0,0.0,53282.15,53667.55,52783.45,53710.35,0,0.0,0.0,0.0,0.0,-0.01,-1,-1,-0.01,-1,-1,-0.01,-1,-1,-0.01,-1,-1,-0.01,-1,-1,-0.01,-1,-1,-0.01,-1,-1,-0.01,-1,-1,-0.01,-1,-1,-0.01,-1,-1
99926009,2026-05-18 15:07:45+05:30,53610.4,0,0.0,0,0.0,0.0,53282.15,53667.55,52783.45,53710.35,0,0.0,0.0,0.0,0.0,-0.01,-1,-1,-0.01,-1,-1,-0.01,-1,-1,-0.01,-1,-1,-0.01,-1,-1,-0.01,-1,-1,-0.01,-1,-1,-0.01,-1,-1,-0.01,-1,-1,-0.01,-1,-1
99926009,2026-05-18 15:07:45+05:30,53610.0,0,0.0,0,0.0,0.0,53282.15,53667.55,52783.45,53710.35,0,0.0,0.0,0.0,0.0,-0.01,-1,-1,-0.01,-1,-1,-0.01,-1,-1,-0.01,-1,-1,-0.01,-1,-1,-0.01,-1,-1,-0.01,-1,-1,-0.01,-1,-1,-0.01,-1,-1,-0.01,-1,-1
99926009,2026-05-18 15:07:45+05:30,53609.3,0,0.0,0,0.0,0.0,53282.15,53667.55,52783.45,53710.35,0,0.0,0.0,0.0,0.0,-0.01,-1,-1,-0.01,-1,-1,-0.01,-1,-1,-0.01,-1,-1,-0.01,-1,-1,-0.01,-1,-1,-0.01,-1,-1,-0.01,-1,-1,-0.01,-1,-1,-0.01,-1,-1
99926009,2026-05-18 15:07:46+05:30,53609.3,0,0.0,0,0.0,0.0,53282.15,53667.55,52783.45,53710.35,0,0.0,0.0,0.0,0.0,-0.01,-1,-1,-0.01,-1,-1,-0.01,-1,-1,-0.01,-1,-1,-0.01,-1,-1,-0.01,-1,-1,-0.01,-1,-1,-0.01,-1,-1,-0.01,-1,-1,-0.01,-1,-1
99926009,2026-05-18 15:07:46+05:30,53607.25,0,0.0,0,0.0,0.0,53282.15,53667.55,52783.45,53710.35,0,0.0,0.0,0.0,0.0,-0.01,-1,-1,-0.01,-1,-1,-0.01,-1,-1,-0.01,-1,-1,-0.01,-1,-1,-0.01,-1,-1,-0.01,-1,-1,-0.01,-1,-1,-0.01,-1,-1,-0.01,-1,-1
99926009,2026-05-18 15:07:46+05:30,53607.05,0,0.0,0,0.0,0.0,53282.15,53667.55,52783.45,53710.35,0,0.0,0.0,0.0,0.0,-0.01,-1,-1,-0.01,-1,-1,-0.01,-1,-1,-0.01,-1,-1,-0.01,-1,-1,-0.01,-1,-1,-0.01,-1,-1,-0.01,-1,-1,-0.01,-1,-1,-0.01,-1,-1
99926009,2026-05-18 15:07:47+05:30,53607.05,0,0.0,0,0.0,0.0,53282.15,53667.55,52783.45,53710.35,0,0.0,0.0,0.0,0.0,-0.01,-1,-1,-0.01,-1,-1,-0.01,-1,-1,-0.01,-1,-1,-0.01,-1,-1,-0.01,-1,-1,-0.01,-1,-1,-0.01,-1,-1,-0.01,-1,-1,-0.01,-1,-1
99926009,2026-05-18 15:07:47+05:30,53603.35,0,0.0,0,0.0,0.0,53282.15,53667.55,52783.45,53710.35,0,0.0,0.0,0.0,0.0,-0.01,-1,-1,-0.01,-1,-1,-0.01,-1,-1,-0.01,-1,-1,-0.01,-1,-1,-0.01,-1,-1,-0.01,-1,-1,-0.01,-1,-1,-0.01,-1,-1,-0.01,-1,-1
99926009,2026-05-18 15:07:47+05:30,53605.9,0,0.0,0,0.0,0.0,53282.15,53667.55,52783.45,53710.35,0,0.0,0.0,0.0,0.0,-0.01,-1,-1,-0.01,-1,-1,-0.01,-1,-1,-0.01,-1,-1,-0.01,-1,-1,-0.01,-1,-1,-0.01,-1,-1,-0.01,-1,-1,-0.01,-1,-1,-0.01,-1,-1
99926009,2026-05-18 15:07:48+05:30,53605.9,0,0.0,0,0.0,0.0,53282.15,53667.55,52783.45,53710.35,0,0.0,0.0,0.0,0.0,-0.01,-1,-1,-0.01,-1,-1,-0.01,-1,-1,-0.01,-1,-1,-0.01,-1,-1,-0.01,-1,-1,-0.01,-1,-1,-0.01,-1,-1,-0.01,-1,-1,-0.01,-1,-1
99926009,2026-05-18 15:07:48+05:30,53608.65,0,0.0,0,0.0,0.0,53282.15,53667.55,52783.45,53710.35,0,0.0,0.0,0.0,0.0,-0.01,-1,-1,-0.01,-1,-1,-0.01,-1,-1,-0.01,-1,-1,-0.01,-1,-1,-0.01,-1,-1,-0.01,-1,-1,-0.01,-1,-1,-0.01,-1,-1,-0.01,-1,-1
99926009,2026-05-18 15:07:48+05:30,53607.95,0,0.0,0,0.0,0.0,53282.15,53667.55,52783.45,53710.35,0,0.0,0.0,0.0,0.0,-0.01,-1,-1,-0.01,-1,-1,-0.01,-1,-1,-0.01,-1,-1,-0.01,-1,-1,-0.01,-1,-1,-0.01,-1,-1,-0.01,-1,-1,-0.01,-1,-1,-0.01,-1,-1
99926009,2026-05-18 15:07:49+05:30,53607.95,0,0.0,0,0.0,0.0,53282.15,53667.55,52783.45,53710.35,0,0.0,0.0,0.0,0.0,-0.01,-1,-1,-0.01,-1,-1,-0.01,-1,-1,-0.01,-1,-1,-0.01,-1,-1,-0.01,-1,-1,-0.01,-1,-1,-0.01,-1,-1,-0.01,-1,-1,-0.01,-1,-1
99926009,2026-05-18 15:07:49+05:30,53604.0,0,0.0,0,0.0,0.0,53282.15,53667.55,52783.45,53710.35,0,0.0,0.0,0.0,0.0,-0.01,-1,-1,-0.01,-1,-1,-0.01,-1,-1,-0.01,-1,-1,-0.01,-1,-1,-0.01,-1,-1,-0.01,-1,-1,-0.01,-1,-1,-0.01,-1,-1,-0.01,-1,-1
99926009,2026-05-18 15:07:49+05:30,53604.5,0,0.0,0,0.0,0.0,53282.15,53667.55,52783.45,53710.35,0,0.0,0.0,0.0,0.0,-0.01,-1,-1,-0.01,-1,-1,-0.01,-1,-1,-0.01,-1,-1,-0.01,-1,-1,-0.01,-1,-1,-0.01,-1,-1,-0.01,-1,-1,-0.01,-1,-1,-0.01,-1,-1
99926009,2026-05-18 15:07:50+05:30,53604.5,0,0.0,0,0.0,0.0,53282.15,53667.55,52783.45,53710.35,0,0.0,0.0,0.0,0.0,-0.01,-1,-1,-0.01,-1,-1,-0.01,-1,-1,-0.01,-1,-1,-0.01,-1,-1,-0.01,-1,-1,-0.01,-1,-1,-0.01,-1,-1,-0.01,-1,-1,-0.01,-1,-1
99926009,2026-05-18 15:07:50+05:30,53607.35,0,0.0,0,0.0,0.0,53282.15,53667.55,52783.45,53710.35,0,0.0,0.0,0.0,0.0,-0.01,-1,-1,-0.01,-1,-1,-0.01,-1,-1,-0.01,-1,-1,-0.01,-1,-1,-0.01,-1,-1,-0.01,-1,-1,-0.01,-1,-1,-0.01,-1,-1,-0.01,-1,-1
99926009,2026-05-18 15:07:50+05:30,53610.15,0,0.0,0,0.0,0.0,53282.15,53667.55,52783.45,53710.35,0,0.0,0.0,0.0,0.0,-0.01,-1,-1,-0.01,-1,-1,-0.01,-1,-1,-0.01,-1,-1,-0.01,-1,-1,-0.01,-1,-1,-0.01,-1,-1,-0.01,-1,-1,-0.01,-1,-1,-0.01,-1,-1
99926009,2026-05-18 15:07:51+05:30,53610.15,0,0.0,0,0.0,0.0,53282.15,53667.55,52783.45,53710.35,0,0.0,0.0,0.0,0.0,-0.01,-1,-1,-0.01,-1,-1,-0.01,-1,-1,-0.01,-1,-1,-0.01,-1,-1,-0.01,-1,-1,-0.01,-1,-1,-0.01,-1,-1,-0.01,-1,-1,-0.01,-1,-1
99926009,2026-05-18 15:07:51+05:30,53609.15,0,0.0,0,0.0,0.0,53282.15,53667.55,52783.45,53710.35,0,0.0,0.0,0.0,0.0,-0.01,-1,-1,-0.01,-1,-1,-0.01,-1,-1,-0.01,-1,-1,-0.01,-1,-1,-0.01,-1,-1,-0.01,-1,-1,-0.01,-1,-1,-0.01,-1,-1,-0.01,-1,-1
99926009,2026-05-18 15:07:51+05:30,53605.7,0,0.0,0,0.0,0.0,53282.15,53667.55,52783.45,53710.35,0,0.0,0.0,0.0,0.0,-0.01,-1,-1,-0.01,-1,-1,-0.01,-1,-1,-0.01,-1,-1,-0.01,-1,-1,-0.01,-1,-1,-0.01,-1,-1,-0.01,-1,-1,-0.01,-1,-1,-0.01,-1,-1
99926009,2026-05-18 15:07:52+05:30,53605.7,0,0.0,0,0.0,0.0,53282.15,53667.55,52783.45,53710.35,0,0.0,0.0,0.0,0.0,-0.01,-1,-1,-0.01,-1,-1,-0.01,-1,-1,-0.01,-1,-1,-0.01,-1,-1,-0.01,-1,-1,-0.01,-1,-1,-0.01,-1,-1,-0.01,-1,-1,-0.01,-1,-1
99926009,2026-05-18 15:07:52+05:30,53607.65,0,0.0,0,0.0,0.0,53282.15,53667.55,52783.45,53710.35,0,0.0,0.0,0.0,0.0,-0.01,-1,-1,-0.01,-1,-1,-0.01,-1,-1,-0.01,-1,-1,-0.01,-1,-1,-0.01,-1,-1,-0.01,-1,-1,-0.01,-1,-1,-0.01,-1,-1,-0.01,-1,-1
99926009,2026-05-18 15:07:52+05:30,53607.9,0,0.0,0,0.0,0.0,53282.15,53667.55,52783.45,53710.35,0,0.0,0.0,0.0,0.0,-0.01,-1,-1,-0.01,-1,-1,-0.01,-1,-1,-0.01,-1,-1,-0.01,-1,-1,-0.01,-1,-1,-0.01,-1,-1,-0.01,-1,-1,-0.01,-1,-1,-0.01,-1,-1
99926009,2026-05-18 15:07:53+05:30,53607.9,0,0.0,0,0.0,0.0,53282.15,53667.55,52783.45,53710.35,0,0.0,0.0,0.0,0.0,-0.01,-1,-1,-0.01,-1,-1,-0.01,-1,-1,-0.01,-1,-1,-0.01,-1,-1,-0.01,-1,-1,-0.01,-1,-1,-0.01,-1,-1,-0.01,-1,-1,-0.01,-1,-1
99926009,2026-05-18 15:07:53+05:30,53608.15,0,0.0,0,0.0,0.0,53282.15,53667.55,52783.45,53710.35,0,0.0,0.0,0.0,0.0,-0.01,-1,-1,-0.01,-1,-1,-0.01,-1,-1,-0.01,-1,-1,-0.01,-1,-1,-0.01,-1,-1,-0.01,-1,-1,-0.01,-1,-1,-0.01,-1,-1,-0.01,-1,-1
99926009,2026-05-18 15:07:53+05:30,53607.2,0,0.0,0,0.0,0.0,53282.15,53667.55,52783.45,53710.35,0,0.0,0.0,0.0,0.0,-0.01,-1,-1,-0.01,-1,-1,-0.01,-1,-1,-0.01,-1,-1,-0.01,-1,-1,-0.01,-1,-1,-0.01,-1,-1,-0.01,-1,-1,-0.01,-1,-1,-0.01,-1,-1
99926009,2026-05-18 15:07:54+05:30,53607.2,0,0.0,0,0.0,0.0,53282.15,53667.55,52783.45,53710.35,0,0.0,0.0,0.0,0.0,-0.01,-1,-1,-0.01,-1,-1,-0.01,-1,-1,-0.01,-1,-1,-0.01,-1,-1,-0.01,-1,-1,-0.01,-1,-1,-0.01,-1,-1,-0.01,-1,-1,-0.01,-1,-1
99926009,2026-05-18 15:07:54+05:30,53607.95,0,0.0,0,0.0,0.0,53282.15,53667.55,52783.45,53710.35,0,0.0,0.0,0.0,0.0,-0.01,-1,-1,-0.01,-1,-1,-0.01,-1,-1,-0.01,-1,-1,-0.01,-1,-1,-0.01,-1,-1,-0.01,-1,-1,-0.01,-1,-1,-0.01,-1,-1,-0.01,-1,-1
99926009,2026-05-18 15:07:54+05:30,53603.9,0,0.0,0,0.0,0.0,53282.15,53667.55,52783.45,53710.35,0,0.0,0.0,0.0,0.0,-0.01,-1,-1,-0.01,-1,-1,-0.01,-1,-1,-0.01,-1,-1,-0.01,-1,-1,-0.01,-1,-1,-0.01,-1,-1,-0.01,-1,-1,-0.01,-1,-1,-0.01,-1,-1
99926009,2026-05-18 15:07:55+05:30,53603.9,0,0.0,0,0.0,0.0,53282.15,53667.55,52783.45,53710.35,0,0.0,0.0,0.0,0.0,-0.01,-1,-1,-0.01,-1,-1,-0.01,-1,-1,-0.01,-1,-1,-0.01,-1,-1,-0.01,-1,-1,-0.01,-1,-1,-0.01,-1,-1,-0.01,-1,-1,-0.01,-1,-1
99926009,2026-05-18 15:07:55+05:30,53608.95,0,0.0,0,0.0,0.0,53282.15,53667.55,52783.45,53710.35,0,0.0,0.0,0.0,0.0,-0.01,-1,-1,-0.01,-1,-1,-0.01,-1,-1,-0.01,-1,-1,-0.01,-1,-1,-0.01,-1,-1,-0.01,-1,-1,-0.01,-1,-1,-0.01,-1,-1,-0.01,-1,-1
99926009,2026-05-18 15:07:55+05:30,53611.1,0,0.0,0,0.0,0.0,53282.15,53667.55,52783.45,53710.35,0,0.0,0.0,0.0,0.0,-0.01,-1,-1,-0.01,-1,-1,-0.01,-1,-1,-0.01,-1,-1,-0.01,-1,-1,-0.01,-1,-1,-0.01,-1,-1,-0.01,-1,-1,-0.01,-1,-1,-0.01,-1,-1
99926009,2026-05-18 15:07:56+05:30,53611.1,0,0.0,0,0.0,0.0,53282.15,53667.55,52783.45,53710.35,0,0.0,0.0,0.0,0.0,-0.01,-1,-1,-0.01,-1,-1,-0.01,-1,-1,-0.01,-1,-1,-0.01,-1,-1,-0.01,-1,-1,-0.01,-1,-1,-0.01,-1,-1,-0.01,-1,-1,-0.01,-1,-1
99926009,2026-05-18 15:07:56+05:30,53611.95,0,0.0,0,0.0,0.0,53282.15,53667.55,52783.45,53710.35,0,0.0,0.0,0.0,0.0,-0.01,-1,-1,-0.01,-1,-1,-0.01,-1,-1,-0.01,-1,-1,-0.01,-1,-1,-0.01,-1,-1,-0.01,-1,-1,-0.01,-1,-1,-0.01,-1,-1,-0.01,-1,-1
99926009,2026-05-18 15:07:56+05:30,53612.3,0,0.0,0,0.0,0.0,53282.15,53667.55,52783.45,53710.35,0,0.0,0.0,0.0,0.0,-0.01,-1,-1,-0.01,-1,-1,-0.01,-1,-1,-0.01,-1,-1,-0.01,-1,-1,-0.01,-1,-1,-0.01,-1,-1,-0.01,-1,-1,-0.01,-1,-1,-0.01,-1,-1
99926009,2026-05-18 15:07:57+05:30,53612.3,0,0.0,0,0.0,0.0,53282.15,53667.55,52783.45,53710.35,0,0.0,0.0,0.0,0.0,-0.01,-1,-1,-0.01,-1,-1,-0.01,-1,-1,-0.01,-1,-1,-0.01,-1,-1,-0.01,-1,-1,-0.01,-1,-1,-0.01,-1,-1,-0.01,-1,-1,-0.01,-1,-1
99926009,2026-05-18 15:07:57+05:30,53612.9,0,0.0,0,0.0,0.0,53282.15,53667.55,52783.45,53710.35,0,0.0,0.0,0.0,0.0,-0.01,-1,-1,-0.01,-1,-1,-0.01,-1,-1,-0.01,-1,-1,-0.01,-1,-1,-0.01,-1,-1,-0.01,-1,-1,-0.01,-1,-1,-0.01,-1,-1,-0.01,-1,-1
99926009,2026-05-18 15:07:57+05:30,53610.0,0,0.0,0,0.0,0.0,53282.15,53667.55,52783.45,53710.35,0,0.0,0.0,0.0,0.0,-0.01,-1,-1,-0.01,-1,-1,-0.01,-1,-1,-0.01,-1,-1,-0.01,-1,-1,-0.01,-1,-1,-0.01,-1,-1,-0.01,-1,-1,-0.01,-1,-1,-0.01,-1,-1
99926009,2026-05-18 15:07:58+05:30,53610.0,0,0.0,0,0.0,0.0,53282.15,53667.55,52783.45,53710.35,0,0.0,0.0,0.0,0.0,-0.01,-1,-1,-0.01,-1,-1,-0.01,-1,-1,-0.01,-1,-1,-0.01,-1,-1,-0.01,-1,-1,-0.01,-1,-1,-0.01,-1,-1,-0.01,-1,-1,-0.01,-1,-1
99926009,2026-05-18 15:07:58+05:30,53607.6,0,0.0,0,0.0,0.0,53282.15,53667.55,52783.45,53710.35,0,0.0,0.0,0.0,0.0,-0.01,-1,-1,-0.01,-1,-1,-0.01,-1,-1,-0.01,-1,-1,-0.01,-1,-1,-0.01,-1,-1,-0.01,-1,-1,-0.01,-1,-1,-0.01,-1,-1,-0.01,-1,-1
99926009,2026-05-18 15:07:58+05:30,53607.8,0,0.0,0,0.0,0.0,53282.15,53667.55,52783.45,53710.35,0,0.0,0.0,0.0,0.0,-0.01,-1,-1,-0.01,-1,-1,-0.01,-1,-1,-0.01,-1,-1,-0.01,-1,-1,-0.01,-1,-1,-0.01,-1,-1,-0.01,-1,-1,-0.01,-1,-1,-0.01,-1,-1
99926009,2026-05-18 15:07:59+05:30,53607.8,0,0.0,0,0.0,0.0,53282.15,53667.55,52783.45,53710.35,0,0.0,0.0,0.0,0.0,-0.01,-1,-1,-0.01,-1,-1,-0.01,-1,-1,-0.01,-1,-1,-0.01,-1,-1,-0.01,-1,-1,-0.01,-1,-1,-0.01,-1,-1,-0.01,-1,-1,-0.01,-1,-1
99926009,2026-05-18 15:07:59+05:30,53607.65,0,0.0,0,0.0,0.0,53282.15,53667.55,52783.45,53710.35,0,0.0,0.0,0.0,0.0,-0.01,-1,-1,-0.01,-1,-1,-0.01,-1,-1,-0.01,-1,-1,-0.01,-1,-1,-0.01,-1,-1,-0.01,-1,-1,-0.01,-1,-1,-0.01,-1,-1,-0.01,-1,-1
99926009,2026-05-18 15:07:59+05:30,53606.65,0,0.0,0,0.0,0.0,53282.15,53667.55,52783.45,53710.35,0,0.0,0.0,0.0,0.0,-0.01,-1,-1,-0.01,-1,-1,-0.01,-1,-1,-0.01,-1,-1,-0.01,-1,-1,-0.01,-1,-1,-0.01,-1,-1,-0.01,-1,-1,-0.01,-1,-1,-0.01,-1,-1
99926009,2026-05-18 15:08:00+05:30,53606.65,0,0.0,0,0.0,0.0,53282.15,53667.55,52783.45,53710.35,0,0.0,0.0,0.0,0.0,-0.01,-1,-1,-0.01,-1,-1,-0.01,-1,-1,-0.01,-1,-1,-0.01,-1,-1,-0.01,-1,-1,-0.01,-1,-1,-0.01,-1,-1,-0.01,-1,-1,-0.01,-1,-1
99926009,2026-05-18 15:08:00+05:30,53605.55,0,0.0,0,0.0,0.0,53282.15,53667.55,52783.45,53710.35,0,0.0,0.0,0.0,0.0,-0.01,-1,-1,-0.01,-1,-1,-0.01,-1,-1,-0.01,-1,-1,-0.01,-1,-1,-0.01,-1,-1,-0.01,-1,-1,-0.01,-1,-1,-0.01,-1,-1,-0.01,-1,-1
99926009,2026-05-18 15:08:00+05:30,53608.75,0,0.0,0,0.0,0.0,53282.15,53667.55,52783.45,53710.35,0,0.0,0.0,0.0,0.0,-0.01,-1,-1,-0.01,-1,-1,-0.01,-1,-1,-0.01,-1,-1,-0.01,-1,-1,-0.01,-1,-1,-0.01,-1,-1,-0.01,-1,-1,-0.01,-1,-1,-0.01,-1,-1
99926009,2026-05-18 15:08:01+05:30,53608.75,0,0.0,0,0.0,0.0,53282.15,53667.55,52783.45,53710.35,0,0.0,0.0,0.0,0.0,-0.01,-1,-1,-0.01,-1,-1,-0.01,-1,-1,-0.01,-1,-1,-0.01,-1,-1,-0.01,-1,-1,-0.01,-1,-1,-0.01,-1,-1,-0.01,-1,-1,-0.01,-1,-1
99926009,2026-05-18 15:08:01+05:30,53601.25,0,0.0,0,0.0,0.0,53282.15,53667.55,52783.45,53710.35,0,0.0,0.0,0.0,0.0,-0.01,-1,-1,-0.01,-1,-1,-0.01,-1,-1,-0.01,-1,-1,-0.01,-1,-1,-0.01,-1,-1,-0.01,-1,-1,-0.01,-1,-1,-0.01,-1,-1,-0.01,-1,-1
99926009,2026-05-18 15:08:01+05:30,53599.5,0,0.0,0,0.0,0.0,53282.15,53667.55,52783.45,53710.35,0,0.0,0.0,0.0,0.0,-0.01,-1,-1,-0.01,-1,-1,-0.01,-1,-1,-0.01,-1,-1,-0.01,-1,-1,-0.01,-1,-1,-0.01,-1,-1,-0.01,-1,-1,-0.01,-1,-1,-0.01,-1,-1
99926009,2026-05-18 15:08:02+05:30,53599.5,0,0.0,0,0.0,0.0,53282.15,53667.55,52783.45,53710.35,0,0.0,0.0,0.0,0.0,-0.01,-1,-1,-0.01,-1,-1,-0.01,-1,-1,-0.01,-1,-1,-0.01,-1,-1,-0.01,-1,-1,-0.01,-1,-1,-0.01,-1,-1,-0.01,-1,-1,-0.01,-1,-1
99926009,2026-05-18 15:08:02+05:30,53596.4,0,0.0,0,0.0,0.0,53282.15,53667.55,52783.45,53710.35,0,0.0,0.0,0.0,0.0,-0.01,-1,-1,-0.01,-1,-1,-0.01,-1,-1,-0.01,-1,-1,-0.01,-1,-1,-0.01,-1,-1,-0.01,-1,-1,-0.01,-1,-1,-0.01,-1,-1,-0.01,-1,-1
99926009,2026-05-18 15:08:02+05:30,53593.95,0,0.0,0,0.0,0.0,53282.15,53667.55,52783.45,53710.35,0,0.0,0.0,0.0,0.0,-0.01,-1,-1,-0.01,-1,-1,-0.01,-1,-1,-0.01,-1,-1,-0.01,-1,-1,-0.01,-1,-1,-0.01,-1,-1,-0.01,-1,-1,-0.01,-1,-1,-0.01,-1,-1
99926009,2026-05-18 15:08:03+05:30,53593.95,0,0.0,0,0.0,0.0,53282.15,53667.55,52783.45,53710.35,0,0.0,0.0,0.0,0.0,-0.01,-1,-1,-0.01,-1,-1,-0.01,-1,-1,-0.01,-1,-1,-0.01,-1,-1,-0.01,-1,-1,-0.01,-1,-1,-0.01,-1,-1,-0.01,-1,-1,-0.01,-1,-1
99926009,2026-05-18 15:08:03+05:30,53593.65,0,0.0,0,0.0,0.0,53282.15,53667.55,52783.45,53710.35,0,0.0,0.0,0.0,0.0,-0.01,-1,-1,-0.01,-1,-1,-0.01,-1,-1,-0.01,-1,-1,-0.01,-1,-1,-0.01,-1,-1,-0.01,-1,-1,-0.01,-1,-1,-0.01,-1,-1,-0.01,-1,-1
99926009,2026-05-18 15:08:03+05:30,53595.55,0,0.0,0,0.0,0.0,53282.15,53667.55,52783.45,53710.35,0,0.0,0.0,0.0,0.0,-0.01,-1,-1,-0.01,-1,-1,-0.01,-1,-1,-0.01,-1,-1,-0.01,-1,-1,-0.01,-1,-1,-0.01,-1,-1,-0.01,-1,-1,-0.01,-1,-1,-0.01,-1,-1
99926009,2026-05-18 15:08:04+05:30,53595.55,0,0.0,0,0.0,0.0,53282.15,53667.55,52783.45,53710.35,0,0.0,0.0,0.0,0.0,-0.01,-1,-1,-0.01,-1,-1,-0.01,-1,-1,-0.01,-1,-1,-0.01,-1,-1,-0.01,-1,-1,-0.01,-1,-1,-0.01,-1,-1,-0.01,-1,-1,-0.01,-1,-1
99926009,2026-05-18 15:08:04+05:30,53593.35,0,0.0,0,0.0,0.0,53282.15,53667.55,52783.45,53710.35,0,0.0,0.0,0.0,0.0,-0.01,-1,-1,-0.01,-1,-1,-0.01,-1,-1,-0.01,-1,-1,-0.01,-1,-1,-0.01,-1,-1,-0.01,-1,-1,-0.01,-1,-1,-0.01,-1,-1,-0.01,-1,-1
99926009,2026-05-18 15:08:04+05:30,53592.65,0,0.0,0,0.0,0.0,53282.15,53667.55,52783.45,53710.35,0,0.0,0.0,0.0,0.0,-0.01,-1,-1,-0.01,-1,-1,-0.01,-1,-1,-0.01,-1,-1,-0.01,-1,-1,-0.01,-1,-1,-0.01,-1,-1,-0.01,-1,-1,-0.01,-1,-1,-0.01,-1,-1
99926009,2026-05-18 15:08:05+05:30,53592.65,0,0.0,0,0.0,0.0,53282.15,53667.55,52783.45,53710.35,0,0.0,0.0,0.0,0.0,-0.01,-1,-1,-0.01,-1,-1,-0.01,-1,-1,-0.01,-1,-1,-0.01,-1,-1,-0.01,-1,-1,-0.01,-1,-1,-0.01,-1,-1,-0.01,-1,-1,-0.01,-1,-1
99926009,2026-05-18 15:08:05+05:30,53596.3,0,0.0,0,0.0,0.0,53282.15,53667.55,52783.45,53710.35,0,0.0,0.0,0.0,0.0,-0.01,-1,-1,-0.01,-1,-1,-0.01,-1,-1,-0.01,-1,-1,-0.01,-1,-1,-0.01,-1,-1,-0.01,-1,-1,-0.01,-1,-1,-0.01,-1,-1,-0.01,-1,-1
99926009,2026-05-18 15:08:05+05:30,53594.2,0,0.0,0,0.0,0.0,53282.15,53667.55,52783.45,53710.35,0,0.0,0.0,0.0,0.0,-0.01,-1,-1,-0.01,-1,-1,-0.01,-1,-1,-0.01,-1,-1,-0.01,-1,-1,-0.01,-1,-1,-0.01,-1,-1,-0.01,-1,-1,-0.01,-1,-1,-0.01,-1,-1
99926009,2026-05-18 15:08:06+05:30,53594.2,0,0.0,0,0.0,0.0,53282.15,53667.55,52783.45,53710.35,0,0.0,0.0,0.0,0.0,-0.01,-1,-1,-0.01,-1,-1,-0.01,-1,-1,-0.01,-1,-1,-0.01,-1,-1,-0.01,-1,-1,-0.01,-1,-1,-0.01,-1,-1,-0.01,-1,-1,-0.01,-1,-1
99926009,2026-05-18 15:08:06+05:30,53590.75,0,0.0,0,0.0,0.0,53282.15,53667.55,52783.45,53710.35,0,0.0,0.0,0.0,0.0,-0.01,-1,-1,-0.01,-1,-1,-0.01,-1,-1,-0.01,-1,-1,-0.01,-1,-1,-0.01,-1,-1,-0.01,-1,-1,-0.01,-1,-1,-0.01,-1,-1,-0.01,-1,-1
99926009,2026-05-18 15:08:06+05:30,53588.8,0,0.0,0,0.0,0.0,53282.15,53667.55,52783.45,53710.35,0,0.0,0.0,0.0,0.0,-0.01,-1,-1,-0.01,-1,-1,-0.01,-1,-1,-0.01,-1,-1,-0.01,-1,-1,-0.01,-1,-1,-0.01,-1,-1,-0.01,-1,-1,-0.01,-1,-1,-0.01,-1,-1
99926009,2026-05-18 15:08:07+05:30,53588.8,0,0.0,0,0.0,0.0,53282.15,53667.55,52783.45,53710.35,0,0.0,0.0,0.0,0.0,-0.01,-1,-1,-0.01,-1,-1,-0.01,-1,-1,-0.01,-1,-1,-0.01,-1,-1,-0.01,-1,-1,-0.01,-1,-1,-0.01,-1,-1,-0.01,-1,-1,-0.01,-1,-1
99926009,2026-05-18 15:08:07+05:30,53591.35,0,0.0,0,0.0,0.0,53282.15,53667.55,52783.45,53710.35,0,0.0,0.0,0.0,0.0,-0.01,-1,-1,-0.01,-1,-1,-0.01,-1,-1,-0.01,-1,-1,-0.01,-1,-1,-0.01,-1,-1,-0.01,-1,-1,-0.01,-1,-1,-0.01,-1,-1,-0.01,-1,-1
99926009,2026-05-18 15:08:07+05:30,53588.3,0,0.0,0,0.0,0.0,53282.15,53667.55,52783.45,53710.35,0,0.0,0.0,0.0,0.0,-0.01,-1,-1,-0.01,-1,-1,-0.01,-1,-1,-0.01,-1,-1,-0.01,-1,-1,-0.01,-1,-1,-0.01,-1,-1,-0.01,-1,-1,-0.01,-1,-1,-0.01,-1,-1
99926009,2026-05-18 15:08:08+05:30,53588.3,0,0.0,0,0.0,0.0,53282.15,53667.55,52783.45,53710.35,0,0.0,0.0,0.0,0.0,-0.01,-1,-1,-0.01,-1,-1,-0.01,-1,-1,-0.01,-1,-1,-0.01,-1,-1,-0.01,-1,-1,-0.01,-1,-1,-0.01,-1,-1,-0.01,-1,-1,-0.01,-1,-1
99926009,2026-05-18 15:08:08+05:30,53589.45,0,0.0,0,0.0,0.0,53282.15,53667.55,52783.45,53710.35,0,0.0,0.0,0.0,0.0,-0.01,-1,-1,-0.01,-1,-1,-0.01,-1,-1,-0.01,-1,-1,-0.01,-1,-1,-0.01,-1,-1,-0.01,-1,-1,-0.01,-1,-1,-0.01,-1,-1,-0.01,-1,-1
99926009,2026-05-18 15:08:08+05:30,53587.75,0,0.0,0,0.0,0.0,53282.15,53667.55,52783.45,53710.35,0,0.0,0.0,0.0,0.0,-0.01,-1,-1,-0.01,-1,-1,-0.01,-1,-1,-0.01,-1,-1,-0.01,-1,-1,-0.01,-1,-1,-0.01,-1,-1,-0.01,-1,-1,-0.01,-1,-1,-0.01,-1,-1
99926009,2026-05-18 15:08:09+05:30,53587.75,0,0.0,0,0.0,0.0,53282.15,53667.55,52783.45,53710.35,0,0.0,0.0,0.0,0.0,-0.01,-1,-1,-0.01,-1,-1,-0.01,-1,-1,-0.01,-1,-1,-0.01,-1,-1,-0.01,-1,-1,-0.01,-1,-1,-0.01,-1,-1,-0.01,-1,-1,-0.01,-1,-1
99926009,2026-05-18 15:08:09+05:30,53588.5,0,0.0,0,0.0,0.0,53282.15,53667.55,52783.45,53710.35,0,0.0,0.0,0.0,0.0,-0.01,-1,-1,-0.01,-1,-1,-0.01,-1,-1,-0.01,-1,-1,-0.01,-1,-1,-0.01,-1,-1,-0.01,-1,-1,-0.01,-1,-1,-0.01,-1,-1,-0.01,-1,-1
99926009,2026-05-18 15:08:09+05:30,53588.05,0,0.0,0,0.0,0.0,53282.15,53667.55,52783.45,53710.35,0,0.0,0.0,0.0,0.0,-0.01,-1,-1,-0.01,-1,-1,-0.01,-1,-1,-0.01,-1,-1,-0.01,-1,-1,-0.01,-1,-1,-0.01,-1,-1,-0.01,-1,-1,-0.01,-1,-1,-0.01,-1,-1
99926009,2026-05-18 15:08:10+05:30,53588.05,0,0.0,0,0.0,0.0,53282.15,53667.55,52783.45,53710.35,0,0.0,0.0,0.0,0.0,-0.01,-1,-1,-0.01,-1,-1,-0.01,-1,-1,-0.01,-1,-1,-0.01,-1,-1,-0.01,-1,-1,-0.01,-1,-1,-0.01,-1,-1,-0.01,-1,-1,-0.01,-1,-1
99926009,2026-05-18 15:08:10+05:30,53587.95,0,0.0,0,0.0,0.0,53282.15,53667.55,52783.45,53710.35,0,0.0,0.0,0.0,0.0,-0.01,-1,-1,-0.01,-1,-1,-0.01,-1,-1,-0.01,-1,-1,-0.01,-1,-1,-0.01,-1,-1,-0.01,-1,-1,-0.01,-1,-1,-0.01,-1,-1,-0.01,-1,-1
99926009,2026-05-18 15:08:10+05:30,53588.5,0,0.0,0,0.0,0.0,53282.15,53667.55,52783.45,53710.35,0,0.0,0.0,0.0,0.0,-0.01,-1,-1,-0.01,-1,-1,-0.01,-1,-1,-0.01,-1,-1,-0.01,-1,-1,-0.01,-1,-1,-0.01,-1,-1,-0.01,-1,-1,-0.01,-1,-1,-0.01,-1,-1
99926009,2026-05-18 15:08:11+05:30,53588.5,0,0.0,0,0.0,0.0,53282.15,53667.55,52783.45,53710.35,0,0.0,0.0,0.0,0.0,-0.01,-1,-1,-0.01,-1,-1,-0.01,-1,-1,-0.01,-1,-1,-0.01,-1,-1,-0.01,-1,-1,-0.01,-1,-1,-0.01,-1,-1,-0.01,-1,-1,-0.01,-1,-1
99926009,2026-05-18 15:08:11+05:30,53587.25,0,0.0,0,0.0,0.0,53282.15,53667.55,52783.45,53710.35,0,0.0,0.0,0.0,0.0,-0.01,-1,-1,-0.01,-1,-1,-0.01,-1,-1,-0.01,-1,-1,-0.01,-1,-1,-0.01,-1,-1,-0.01,-1,-1,-0.01,-1,-1,-0.01,-1,-1,-0.01,-1,-1
99926009,2026-05-18 15:08:11+05:30,53586.95,0,0.0,0,0.0,0.0,53282.15,53667.55,52783.45,53710.35,0,0.0,0.0,0.0,0.0,-0.01,-1,-1,-0.01,-1,-1,-0.01,-1,-1,-0.01,-1,-1,-0.01,-1,-1,-0.01,-1,-1,-0.01,-1,-1,-0.01,-1,-1,-0.01,-1,-1,-0.01,-1,-1
99926009,2026-05-18 15:08:12+05:30,53586.95,0,0.0,0,0.0,0.0,53282.15,53667.55,52783.45,53710.35,0,0.0,0.0,0.0,0.0,-0.01,-1,-1,-0.01,-1,-1,-0.01,-1,-1,-0.01,-1,-1,-0.01,-1,-1,-0.01,-1,-1,-0.01,-1,-1,-0.01,-1,-1,-0.01,-1,-1,-0.01,-1,-1
99926009,2026-05-18 15:08:12+05:30,53588.75,0,0.0,0,0.0,0.0,53282.15,53667.55,52783.45,53710.35,0,0.0,0.0,0.0,0.0,-0.01,-1,-1,-0.01,-1,-1,-0.01,-1,-1,-0.01,-1,-1,-0.01,-1,-1,-0.01,-1,-1,-0.01,-1,-1,-0.01,-1,-1,-0.01,-1,-1,-0.01,-1,-1
99926009,2026-05-18 15:08:12+05:30,53586.8,0,0.0,0,0.0,0.0,53282.15,53667.55,52783.45,53710.35,0,0.0,0.0,0.0,0.0,-0.01,-1,-1,-0.01,-1,-1,-0.01,-1,-1,-0.01,-1,-1,-0.01,-1,-1,-0.01,-1,-1,-0.01,-1,-1,-0.01,-1,-1,-0.01,-1,-1,-0.01,-1,-1
99926009,2026-05-18 15:08:13+05:30,53586.8,0,0.0,0,0.0,0.0,53282.15,53667.55,52783.45,53710.35,0,0.0,0.0,0.0,0.0,-0.01,-1,-1,-0.01,-1,-1,-0.01,-1,-1,-0.01,-1,-1,-0.01,-1,-1,-0.01,-1,-1,-0.01,-1,-1,-0.01,-1,-1,-0.01,-1,-1,-0.01,-1,-1
99926009,2026-05-18 15:08:13+05:30,53583.1,0,0.0,0,0.0,0.0,53282.15,53667.55,52783.45,53710.35,0,0.0,0.0,0.0,0.0,-0.01,-1,-1,-0.01,-1,-1,-0.01,-1,-1,-0.01,-1,-1,-0.01,-1,-1,-0.01,-1,-1,-0.01,-1,-1,-0.01,-1,-1,-0.01,-1,-1,-0.01,-1,-1
99926009,2026-05-18 15:08:13+05:30,53587.3,0,0.0,0,0.0,0.0,53282.15,53667.55,52783.45,53710.35,0,0.0,0.0,0.0,0.0,-0.01,-1,-1,-0.01,-1,-1,-0.01,-1,-1,-0.01,-1,-1,-0.01,-1,-1,-0.01,-1,-1,-0.01,-1,-1,-0.01,-1,-1,-0.01,-1,-1,-0.01,-1,-1
99926009,2026-05-18 15:08:14+05:30,53587.3,0,0.0,0,0.0,0.0,53282.15,53667.55,52783.45,53710.35,0,0.0,0.0,0.0,0.0,-0.01,-1,-1,-0.01,-1,-1,-0.01,-1,-1,-0.01,-1,-1,-0.01,-1,-1,-0.01,-1,-1,-0.01,-1,-1,-0.01,-1,-1,-0.01,-1,-1,-0.01,-1,-1
99926009,2026-05-18 15:08:14+05:30,53588.85,0,0.0,0,0.0,0.0,53282.15,53667.55,52783.45,53710.35,0,0.0,0.0,0.0,0.0,-0.01,-1,-1,-0.01,-1,-1,-0.01,-1,-1,-0.01,-1,-1,-0.01,-1,-1,-0.01,-1,-1,-0.01,-1,-1,-0.01,-1,-1,-0.01,-1,-1,-0.01,-1,-1
99926009,2026-05-18 15:08:14+05:30,53586.65,0,0.0,0,0.0,0.0,53282.15,53667.55,52783.45,53710.35,0,0.0,0.0,0.0,0.0,-0.01,-1,-1,-0.01,-1,-1,-0.01,-1,-1,-0.01,-1,-1,-0.01,-1,-1,-0.01,-1,-1,-0.01,-1,-1,-0.01,-1,-1,-0.01,-1,-1,-0.01,-1,-1
99926009,2026-05-18 15:08:15+05:30,53586.65,0,0.0,0,0.0,0.0,53282.15,53667.55,52783.45,53710.35,0,0.0,0.0,0.0,0.0,-0.01,-1,-1,-0.01,-1,-1,-0.01,-1,-1,-0.01,-1,-1,-0.01,-1,-1,-0.01,-1,-1,-0.01,-1,-1,-0.01,-1,-1,-0.01,-1,-1,-0.01,-1,-1
99926009,2026-05-18 15:08:15+05:30,53591.85,0,0.0,0,0.0,0.0,53282.15,53667.55,52783.45,53710.35,0,0.0,0.0,0.0,0.0,-0.01,-1,-1,-0.01,-1,-1,-0.01,-1,-1,-0.01,-1,-1,-0.01,-1,-1,-0.01,-1,-1,-0.01,-1,-1,-0.01,-1,-1,-0.01,-1,-1,-0.01,-1,-1
99926009,2026-05-18 15:08:15+05:30,53592.35,0,0.0,0,0.0,0.0,53282.15,53667.55,52783.45,53710.35,0,0.0,0.0,0.0,0.0,-0.01,-1,-1,-0.01,-1,-1,-0.01,-1,-1,-0.01,-1,-1,-0.01,-1,-1,-0.01,-1,-1,-0.01,-1,-1,-0.01,-1,-1,-0.01,-1,-1,-0.01,-1,-1
99926009,2026-05-18 15:08:16+05:30,53592.35,0,0.0,0,0.0,0.0,53282.15,53667.55,52783.45,53710.35,0,0.0,0.0,0.0,0.0,-0.01,-1,-1,-0.01,-1,-1,-0.01,-1,-1,-0.01,-1,-1,-0.01,-1,-1,-0.01,-1,-1,-0.01,-1,-1,-0.01,-1,-1,-0.01,-1,-1,-0.01,-1,-1
99926009,2026-05-18 15:08:16+05:30,53590.45,0,0.0,0,0.0,0.0,53282.15,53667.55,52783.45,53710.35,0,0.0,0.0,0.0,0.0,-0.01,-1,-1,-0.01,-1,-1,-0.01,-1,-1,-0.01,-1,-1,-0.01,-1,-1,-0.01,-1,-1,-0.01,-1,-1,-0.01,-1,-1,-0.01,-1,-1,-0.01,-1,-1
99926009,2026-05-18 15:08:16+05:30,53590.75,0,0.0,0,0.0,0.0,53282.15,53667.55,52783.45,53710.35,0,0.0,0.0,0.0,0.0,-0.01,-1,-1,-0.01,-1,-1,-0.01,-1,-1,-0.01,-1,-1,-0.01,-1,-1,-0.01,-1,-1,-0.01,-1,-1,-0.01,-1,-1,-0.01,-1,-1,-0.01,-1,-1
99926009,2026-05-18 15:08:17+05:30,53590.75,0,0.0,0,0.0,0.0,53282.15,53667.55,52783.45,53710.35,0,0.0,0.0,0.0,0.0,-0.01,-1,-1,-0.01,-1,-1,-0.01,-1,-1,-0.01,-1,-1,-0.01,-1,-1,-0.01,-1,-1,-0.01,-1,-1,-0.01,-1,-1,-0.01,-1,-1,-0.01,-1,-1
99926009,2026-05-18 15:08:17+05:30,53589.25,0,0.0,0,0.0,0.0,53282.15,53667.55,52783.45,53710.35,0,0.0,0.0,0.0,0.0,-0.01,-1,-1,-0.01,-1,-1,-0.01,-1,-1,-0.01,-1,-1,-0.01,-1,-1,-0.01,-1,-1,-0.01,-1,-1,-0.01,-1,-1,-0.01,-1,-1,-0.01,-1,-1
99926009,2026-05-18 15:08:17+05:30,53585.3,0,0.0,0,0.0,0.0,53282.15,53667.55,52783.45,53710.35,0,0.0,0.0,0.0,0.0,-0.01,-1,-1,-0.01,-1,-1,-0.01,-1,-1,-0.01,-1,-1,-0.01,-1,-1,-0.01,-1,-1,-0.01,-1,-1,-0.01,-1,-1,-0.01,-1,-1,-0.01,-1,-1
99926009,2026-05-18 15:08:18+05:30,53585.3,0,0.0,0,0.0,0.0,53282.15,53667.55,52783.45,53710.35,0,0.0,0.0,0.0,0.0,-0.01,-1,-1,-0.01,-1,-1,-0.01,-1,-1,-0.01,-1,-1,-0.01,-1,-1,-0.01,-1,-1,-0.01,-1,-1,-0.01,-1,-1,-0.01,-1,-1,-0.01,-1,-1
99926009,2026-05-18 15:08:18+05:30,53587.0,0,0.0,0,0.0,0.0,53282.15,53667.55,52783.45,53710.35,0,0.0,0.0,0.0,0.0,-0.01,-1,-1,-0.01,-1,-1,-0.01,-1,-1,-0.01,-1,-1,-0.01,-1,-1,-0.01,-1,-1,-0.01,-1,-1,-0.01,-1,-1,-0.01,-1,-1,-0.01,-1,-1
99926009,2026-05-18 15:08:18+05:30,53587.85,0,0.0,0,0.0,0.0,53282.15,53667.55,52783.45,53710.35,0,0.0,0.0,0.0,0.0,-0.01,-1,-1,-0.01,-1,-1,-0.01,-1,-1,-0.01,-1,-1,-0.01,-1,-1,-0.01,-1,-1,-0.01,-1,-1,-0.01,-1,-1,-0.01,-1,-1,-0.01,-1,-1
99926009,2026-05-18 15:08:19+05:30,53587.85,0,0.0,0,0.0,0.0,53282.15,53667.55,52783.45,53710.35,0,0.0,0.0,0.0,0.0,-0.01,-1,-1,-0.01,-1,-1,-0.01,-1,-1,-0.01,-1,-1,-0.01,-1,-1,-0.01,-1,-1,-0.01,-1,-1,-0.01,-1,-1,-0.01,-1,-1,-0.01,-1,-1
99926009,2026-05-18 15:08:19+05:30,53585.7,0,0.0,0,0.0,0.0,53282.15,53667.55,52783.45,53710.35,0,0.0,0.0,0.0,0.0,-0.01,-1,-1,-0.01,-1,-1,-0.01,-1,-1,-0.01,-1,-1,-0.01,-1,-1,-0.01,-1,-1,-0.01,-1,-1,-0.01,-1,-1,-0.01,-1,-1,-0.01,-1,-1
99926009,2026-05-18 15:08:19+05:30,53584.05,0,0.0,0,0.0,0.0,53282.15,53667.55,52783.45,53710.35,0,0.0,0.0,0.0,0.0,-0.01,-1,-1,-0.01,-1,-1,-0.01,-1,-1,-0.01,-1,-1,-0.01,-1,-1,-0.01,-1,-1,-0.01,-1,-1,-0.01,-1,-1,-0.01,-1,-1,-0.01,-1,-1
99926009,2026-05-18 15:08:20+05:30,53584.05,0,0.0,0,0.0,0.0,53282.15,53667.55,52783.45,53710.35,0,0.0,0.0,0.0,0.0,-0.01,-1,-1,-0.01,-1,-1,-0.01,-1,-1,-0.01,-1,-1,-0.01,-1,-1,-0.01,-1,-1,-0.01,-1,-1,-0.01,-1,-1,-0.01,-1,-1,-0.01,-1,-1
99926009,2026-05-18 15:08:20+05:30,53587.25,0,0.0,0,0.0,0.0,53282.15,53667.55,52783.45,53710.35,0,0.0,0.0,0.0,0.0,-0.01,-1,-1,-0.01,-1,-1,-0.01,-1,-1,-0.01,-1,-1,-0.01,-1,-1,-0.01,-1,-1,-0.01,-1,-1,-0.01,-1,-1,-0.01,-1,-1,-0.01,-1,-1
99926009,2026-05-18 15:08:20+05:30,53590.25,0,0.0,0,0.0,0.0,53282.15,53667.55,52783.45,53710.35,0,0.0,0.0,0.0,0.0,-0.01,-1,-1,-0.01,-1,-1,-0.01,-1,-1,-0.01,-1,-1,-0.01,-1,-1,-0.01,-1,-1,-0.01,-1,-1,-0.01,-1,-1,-0.01,-1,-1,-0.01,-1,-1
99926009,2026-05-18 15:08:21+05:30,53590.25,0,0.0,0,0.0,0.0,53282.15,53667.55,52783.45,53710.35,0,0.0,0.0,0.0,0.0,-0.01,-1,-1,-0.01,-1,-1,-0.01,-1,-1,-0.01,-1,-1,-0.01,-1,-1,-0.01,-1,-1,-0.01,-1,-1,-0.01,-1,-1,-0.01,-1,-1,-0.01,-1,-1
99926009,2026-05-18 15:08:21+05:30,53586.55,0,0.0,0,0.0,0.0,53282.15,53667.55,52783.45,53710.35,0,0.0,0.0,0.0,0.0,-0.01,-1,-1,-0.01,-1,-1,-0.01,-1,-1,-0.01,-1,-1,-0.01,-1,-1,-0.01,-1,-1,-0.01,-1,-1,-0.01,-1,-1,-0.01,-1,-1,-0.01,-1,-1
99926009,2026-05-18 15:08:21+05:30,53585.35,0,0.0,0,0.0,0.0,53282.15,53667.55,52783.45,53710.35,0,0.0,0.0,0.0,0.0,-0.01,-1,-1,-0.01,-1,-1,-0.01,-1,-1,-0.01,-1,-1,-0.01,-1,-1,-0.01,-1,-1,-0.01,-1,-1,-0.01,-1,-1,-0.01,-1,-1,-0.01,-1,-1
99926009,2026-05-18 15:08:22+05:30,53585.35,0,0.0,0,0.0,0.0,53282.15,53667.55,52783.45,53710.35,0,0.0,0.0,0.0,0.0,-0.01,-1,-1,-0.01,-1,-1,-0.01,-1,-1,-0.01,-1,-1,-0.01,-1,-1,-0.01,-1,-1,-0.01,-1,-1,-0.01,-1,-1,-0.01,-1,-1,-0.01,-1,-1
99926009,2026-05-18 15:08:22+05:30,53584.4,0,0.0,0,0.0,0.0,53282.15,53667.55,52783.45,53710.35,0,0.0,0.0,0.0,0.0,-0.01,-1,-1,-0.01,-1,-1,-0.01,-1,-1,-0.01,-1,-1,-0.01,-1,-1,-0.01,-1,-1,-0.01,-1,-1,-0.01,-1,-1,-0.01,-1,-1,-0.01,-1,-1
99926009,2026-05-18 15:08:22+05:30,53583.4,0,0.0,0,0.0,0.0,53282.15,53667.55,52783.45,53710.35,0,0.0,0.0,0.0,0.0,-0.01,-1,-1,-0.01,-1,-1,-0.01,-1,-1,-0.01,-1,-1,-0.01,-1,-1,-0.01,-1,-1,-0.01,-1,-1,-0.01,-1,-1,-0.01,-1,-1,-0.01,-1,-1
99926009,2026-05-18 15:08:23+05:30,53583.4,0,0.0,0,0.0,0.0,53282.15,53667.55,52783.45,53710.35,0,0.0,0.0,0.0,0.0,-0.01,-1,-1,-0.01,-1,-1,-0.01,-1,-1,-0.01,-1,-1,-0.01,-1,-1,-0.01,-1,-1,-0.01,-1,-1,-0.01,-1,-1,-0.01,-1,-1,-0.01,-1,-1
99926009,2026-05-18 15:08:23+05:30,53586.55,0,0.0,0,0.0,0.0,53282.15,53667.55,52783.45,53710.35,0,0.0,0.0,0.0,0.0,-0.01,-1,-1,-0.01,-1,-1,-0.01,-1,-1,-0.01,-1,-1,-0.01,-1,-1,-0.01,-1,-1,-0.01,-1,-1,-0.01,-1,-1,-0.01,-1,-1,-0.01,-1,-1
99926009,2026-05-18 15:08:23+05:30,53583.45,0,0.0,0,0.0,0.0,53282.15,53667.55,52783.45,53710.35,0,0.0,0.0,0.0,0.0,-0.01,-1,-1,-0.01,-1,-1,-0.01,-1,-1,-0.01,-1,-1,-0.01,-1,-1,-0.01,-1,-1,-0.01,-1,-1,-0.01,-1,-1,-0.01,-1,-1,-0.01,-1,-1
99926009,2026-05-18 15:08:24+05:30,53583.45,0,0.0,0,0.0,0.0,53282.15,53667.55,52783.45,53710.35,0,0.0,0.0,0.0,0.0,-0.01,-1,-1,-0.01,-1,-1,-0.01,-1,-1,-0.01,-1,-1,-0.01,-1,-1,-0.01,-1,-1,-0.01,-1,-1,-0.01,-1,-1,-0.01,-1,-1,-0.01,-1,-1
99926009,2026-05-18 15:08:24+05:30,53581.75,0,0.0,0,0.0,0.0,53282.15,53667.55,52783.45,53710.35,0,0.0,0.0,0.0,0.0,-0.01,-1,-1,-0.01,-1,-1,-0.01,-1,-1,-0.01,-1,-1,-0.01,-1,-1,-0.01,-1,-1,-0.01,-1,-1,-0.01,-1,-1,-0.01,-1,-1,-0.01,-1,-1
99926009,2026-05-18 15:08:24+05:30,53580.1,0,0.0,0,0.0,0.0,53282.15,53667.55,52783.45,53710.35,0,0.0,0.0,0.0,0.0,-0.01,-1,-1,-0.01,-1,-1,-0.01,-1,-1,-0.01,-1,-1,-0.01,-1,-1,-0.01,-1,-1,-0.01,-1,-1,-0.01,-1,-1,-0.01,-1,-1,-0.01,-1,-1
99926009,2026-05-18 15:08:25+05:30,53580.1,0,0.0,0,0.0,0.0,53282.15,53667.55,52783.45,53710.35,0,0.0,0.0,0.0,0.0,-0.01,-1,-1,-0.01,-1,-1,-0.01,-1,-1,-0.01,-1,-1,-0.01,-1,-1,-0.01,-1,-1,-0.01,-1,-1,-0.01,-1,-1,-0.01,-1,-1,-0.01,-1,-1
99926009,2026-05-18 15:08:25+05:30,53582.45,0,0.0,0,0.0,0.0,53282.15,53667.55,52783.45,53710.35,0,0.0,0.0,0.0,0.0,-0.01,-1,-1,-0.01,-1,-1,-0.01,-1,-1,-0.01,-1,-1,-0.01,-1,-1,-0.01,-1,-1,-0.01,-1,-1,-0.01,-1,-1,-0.01,-1,-1,-0.01,-1,-1
99926009,2026-05-18 15:08:25+05:30,53585.8,0,0.0,0,0.0,0.0,53282.15,53667.55,52783.45,53710.35,0,0.0,0.0,0.0,0.0,-0.01,-1,-1,-0.01,-1,-1,-0.01,-1,-1,-0.01,-1,-1,-0.01,-1,-1,-0.01,-1,-1,-0.01,-1,-1,-0.01,-1,-1,-0.01,-1,-1,-0.01,-1,-1
99926009,2026-05-18 15:08:26+05:30,53585.8,0,0.0,0,0.0,0.0,53282.15,53667.55,52783.45,53710.35,0,0.0,0.0,0.0,0.0,-0.01,-1,-1,-0.01,-1,-1,-0.01,-1,-1,-0.01,-1,-1,-0.01,-1,-1,-0.01,-1,-1,-0.01,-1,-1,-0.01,-1,-1,-0.01,-1,-1,-0.01,-1,-1
99926009,2026-05-18 15:08:26+05:30,53582.6,0,0.0,0,0.0,0.0,53282.15,53667.55,52783.45,53710.35,0,0.0,0.0,0.0,0.0,-0.01,-1,-1,-0.01,-1,-1,-0.01,-1,-1,-0.01,-1,-1,-0.01,-1,-1,-0.01,-1,-1,-0.01,-1,-1,-0.01,-1,-1,-0.01,-1,-1,-0.01,-1,-1
99926009,2026-05-18 15:08:26+05:30,53581.3,0,0.0,0,0.0,0.0,53282.15,53667.55,52783.45,53710.35,0,0.0,0.0,0.0,0.0,-0.01,-1,-1,-0.01,-1,-1,-0.01,-1,-1,-0.01,-1,-1,-0.01,-1,-1,-0.01,-1,-1,-0.01,-1,-1,-0.01,-1,-1,-0.01,-1,-1,-0.01,-1,-1
99926009,2026-05-18 15:08:27+05:30,53581.3,0,0.0,0,0.0,0.0,53282.15,53667.55,52783.45,53710.35,0,0.0,0.0,0.0,0.0,-0.01,-1,-1,-0.01,-1,-1,-0.01,-1,-1,-0.01,-1,-1,-0.01,-1,-1,-0.01,-1,-1,-0.01,-1,-1,-0.01,-1,-1,-0.01,-1,-1,-0.01,-1,-1
99926009,2026-05-18 15:08:27+05:30,53583.6,0,0.0,0,0.0,0.0,53282.15,53667.55,52783.45,53710.35,0,0.0,0.0,0.0,0.0,-0.01,-1,-1,-0.01,-1,-1,-0.01,-1,-1,-0.01,-1,-1,-0.01,-1,-1,-0.01,-1,-1,-0.01,-1,-1,-0.01,-1,-1,-0.01,-1,-1,-0.01,-1,-1
99926009,2026-05-18 15:08:27+05:30,53580.9,0,0.0,0,0.0,0.0,53282.15,53667.55,52783.45,53710.35,0,0.0,0.0,0.0,0.0,-0.01,-1,-1,-0.01,-1,-1,-0.01,-1,-1,-0.01,-1,-1,-0.01,-1,-1,-0.01,-1,-1,-0.01,-1,-1,-0.01,-1,-1,-0.01,-1,-1,-0.01,-1,-1
99926009,2026-05-18 15:08:28+05:30,53580.9,0,0.0,0,0.0,0.0,53282.15,53667.55,52783.45,53710.35,0,0.0,0.0,0.0,0.0,-0.01,-1,-1,-0.01,-1,-1,-0.01,-1,-1,-0.01,-1,-1,-0.01,-1,-1,-0.01,-1,-1,-0.01,-1,-1,-0.01,-1,-1,-0.01,-1,-1,-0.01,-1,-1
99926009,2026-05-18 15:08:28+05:30,53581.25,0,0.0,0,0.0,0.0,53282.15,53667.55,52783.45,53710.35,0,0.0,0.0,0.0,0.0,-0.01,-1,-1,-0.01,-1,-1,-0.01,-1,-1,-0.01,-1,-1,-0.01,-1,-1,-0.01,-1,-1,-0.01,-1,-1,-0.01,-1,-1,-0.01,-1,-1,-0.01,-1,-1
99926009,2026-05-18 15:08:28+05:30,53580.05,0,0.0,0,0.0,0.0,53282.15,53667.55,52783.45,53710.35,0,0.0,0.0,0.0,0.0,-0.01,-1,-1,-0.01,-1,-1,-0.01,-1,-1,-0.01,-1,-1,-0.01,-1,-1,-0.01,-1,-1,-0.01,-1,-1,-0.01,-1,-1,-0.01,-1,-1,-0.01,-1,-1
99926009,2026-05-18 15:08:29+05:30,53580.05,0,0.0,0,0.0,0.0,53282.15,53667.55,52783.45,53710.35,0,0.0,0.0,0.0,0.0,-0.01,-1,-1,-0.01,-1,-1,-0.01,-1,-1,-0.01,-1,-1,-0.01,-1,-1,-0.01,-1,-1,-0.01,-1,-1,-0.01,-1,-1,-0.01,-1,-1,-0.01,-1,-1
99926009,2026-05-18 15:08:29+05:30,53580.3,0,0.0,0,0.0,0.0,53282.15,53667.55,52783.45,53710.35,0,0.0,0.0,0.0,0.0,-0.01,-1,-1,-0.01,-1,-1,-0.01,-1,-1,-0.01,-1,-1,-0.01,-1,-1,-0.01,-1,-1,-0.01,-1,-1,-0.01,-1,-1,-0.01,-1,-1,-0.01,-1,-1
99926009,2026-05-18 15:08:29+05:30,53577.5,0,0.0,0,0.0,0.0,53282.15,53667.55,52783.45,53710.35,0,0.0,0.0,0.0,0.0,-0.01,-1,-1,-0.01,-1,-1,-0.01,-1,-1,-0.01,-1,-1,-0.01,-1,-1,-0.01,-1,-1,-0.01,-1,-1,-0.01,-1,-1,-0.01,-1,-1,-0.01,-1,-1
99926009,2026-05-18 15:08:30+05:30,53577.5,0,0.0,0,0.0,0.0,53282.15,53667.55,52783.45,53710.35,0,0.0,0.0,0.0,0.0,-0.01,-1,-1,-0.01,-1,-1,-0.01,-1,-1,-0.01,-1,-1,-0.01,-1,-1,-0.01,-1,-1,-0.01,-1,-1,-0.01,-1,-1,-0.01,-1,-1,-0.01,-1,-1
99926009,2026-05-18 15:08:30+05:30,53576.7,0,0.0,0,0.0,0.0,53282.15,53667.55,52783.45,53710.35,0,0.0,0.0,0.0,0.0,-0.01,-1,-1,-0.01,-1,-1,-0.01,-1,-1,-0.01,-1,-1,-0.01,-1,-1,-0.01,-1,-1,-0.01,-1,-1,-0.01,-1,-1,-0.01,-1,-1,-0.01,-1,-1
99926009,2026-05-18 15:08:30+05:30,53577.55,0,0.0,0,0.0,0.0,53282.15,53667.55,52783.45,53710.35,0,0.0,0.0,0.0,0.0,-0.01,-1,-1,-0.01,-1,-1,-0.01,-1,-1,-0.01,-1,-1,-0.01,-1,-1,-0.01,-1,-1,-0.01,-1,-1,-0.01,-1,-1,-0.01,-1,-1,-0.01,-1,-1
99926009,2026-05-18 15:08:31+05:30,53577.55,0,0.0,0,0.0,0.0,53282.15,53667.55,52783.45,53710.35,0,0.0,0.0,0.0,0.0,-0.01,-1,-1,-0.01,-1,-1,-0.01,-1,-1,-0.01,-1,-1,-0.01,-1,-1,-0.01,-1,-1,-0.01,-1,-1,-0.01,-1,-1,-0.01,-1,-1,-0.01,-1,-1
99926009,2026-05-18 15:08:31+05:30,53572.25,0,0.0,0,0.0,0.0,53282.15,53667.55,52783.45,53710.35,0,0.0,0.0,0.0,0.0,-0.01,-1,-1,-0.01,-1,-1,-0.01,-1,-1,-0.01,-1,-1,-0.01,-1,-1,-0.01,-1,-1,-0.01,-1,-1,-0.01,-1,-1,-0.01,-1,-1,-0.01,-1,-1
99926009,2026-05-18 15:08:31+05:30,53573.7,0,0.0,0,0.0,0.0,53282.15,53667.55,52783.45,53710.35,0,0.0,0.0,0.0,0.0,-0.01,-1,-1,-0.01,-1,-1,-0.01,-1,-1,-0.01,-1,-1,-0.01,-1,-1,-0.01,-1,-1,-0.01,-1,-1,-0.01,-1,-1,-0.01,-1,-1,-0.01,-1,-1
99926009,2026-05-18 15:08:32+05:30,53573.7,0,0.0,0,0.0,0.0,53282.15,53667.55,52783.45,53710.35,0,0.0,0.0,0.0,0.0,-0.01,-1,-1,-0.01,-1,-1,-0.01,-1,-1,-0.01,-1,-1,-0.01,-1,-1,-0.01,-1,-1,-0.01,-1,-1,-0.01,-1,-1,-0.01,-1,-1,-0.01,-1,-1
99926009,2026-05-18 15:08:32+05:30,53572.5,0,0.0,0,0.0,0.0,53282.15,53667.55,52783.45,53710.35,0,0.0,0.0,0.0,0.0,-0.01,-1,-1,-0.01,-1,-1,-0.01,-1,-1,-0.01,-1,-1,-0.01,-1,-1,-0.01,-1,-1,-0.01,-1,-1,-0.01,-1,-1,-0.01,-1,-1,-0.01,-1,-1
99926009,2026-05-18 15:08:32+05:30,53571.65,0,0.0,0,0.0,0.0,53282.15,53667.55,52783.45,53710.35,0,0.0,0.0,0.0,0.0,-0.01,-1,-1,-0.01,-1,-1,-0.01,-1,-1,-0.01,-1,-1,-0.01,-1,-1,-0.01,-1,-1,-0.01,-1,-1,-0.01,-1,-1,-0.01,-1,-1,-0.01,-1,-1
99926009,2026-05-18 15:08:33+05:30,53571.65,0,0.0,0,0.0,0.0,53282.15,53667.55,52783.45,53710.35,0,0.0,0.0,0.0,0.0,-0.01,-1,-1,-0.01,-1,-1,-0.01,-1,-1,-0.01,-1,-1,-0.01,-1,-1,-0.01,-1,-1,-0.01,-1,-1,-0.01,-1,-1,-0.01,-1,-1,-0.01,-1,-1
99926009,2026-05-18 15:08:33+05:30,53569.65,0,0.0,0,0.0,0.0,53282.15,53667.55,52783.45,53710.35,0,0.0,0.0,0.0,0.0,-0.01,-1,-1,-0.01,-1,-1,-0.01,-1,-1,-0.01,-1,-1,-0.01,-1,-1,-0.01,-1,-1,-0.01,-1,-1,-0.01,-1,-1,-0.01,-1,-1,-0.01,-1,-1
99926009,2026-05-18 15:08:33+05:30,53573.2,0,0.0,0,0.0,0.0,53282.15,53667.55,52783.45,53710.35,0,0.0,0.0,0.0,0.0,-0.01,-1,-1,-0.01,-1,-1,-0.01,-1,-1,-0.01,-1,-1,-0.01,-1,-1,-0.01,-1,-1,-0.01,-1,-1,-0.01,-1,-1,-0.01,-1,-1,-0.01,-1,-1
99926009,2026-05-18 15:08:34+05:30,53573.2,0,0.0,0,0.0,0.0,53282.15,53667.55,52783.45,53710.35,0,0.0,0.0,0.0,0.0,-0.01,-1,-1,-0.01,-1,-1,-0.01,-1,-1,-0.01,-1,-1,-0.01,-1,-1,-0.01,-1,-1,-0.01,-1,-1,-0.01,-1,-1,-0.01,-1,-1,-0.01,-1,-1
99926009,2026-05-18 15:08:34+05:30,53569.6,0,0.0,0,0.0,0.0,53282.15,53667.55,52783.45,53710.35,0,0.0,0.0,0.0,0.0,-0.01,-1,-1,-0.01,-1,-1,-0.01,-1,-1,-0.01,-1,-1,-0.01,-1,-1,-0.01,-1,-1,-0.01,-1,-1,-0.01,-1,-1,-0.01,-1,-1,-0.01,-1,-1
99926009,2026-05-18 15:08:34+05:30,53571.05,0,0.0,0,0.0,0.0,53282.15,53667.55,52783.45,53710.35,0,0.0,0.0,0.0,0.0,-0.01,-1,-1,-0.01,-1,-1,-0.01,-1,-1,-0.01,-1,-1,-0.01,-1,-1,-0.01,-1,-1,-0.01,-1,-1,-0.01,-1,-1,-0.01,-1,-1,-0.01,-1,-1
99926009,2026-05-18 15:08:35+05:30,53571.05,0,0.0,0,0.0,0.0,53282.15,53667.55,52783.45,53710.35,0,0.0,0.0,0.0,0.0,-0.01,-1,-1,-0.01,-1,-1,-0.01,-1,-1,-0.01,-1,-1,-0.01,-1,-1,-0.01,-1,-1,-0.01,-1,-1,-0.01,-1,-1,-0.01,-1,-1,-0.01,-1,-1
99926009,2026-05-18 15:08:35+05:30,53572.3,0,0.0,0,0.0,0.0,53282.15,53667.55,52783.45,53710.35,0,0.0,0.0,0.0,0.0,-0.01,-1,-1,-0.01,-1,-1,-0.01,-1,-1,-0.01,-1,-1,-0.01,-1,-1,-0.01,-1,-1,-0.01,-1,-1,-0.01,-1,-1,-0.01,-1,-1,-0.01,-1,-1
99926009,2026-05-18 15:08:35+05:30,53571.65,0,0.0,0,0.0,0.0,53282.15,53667.55,52783.45,53710.35,0,0.0,0.0,0.0,0.0,-0.01,-1,-1,-0.01,-1,-1,-0.01,-1,-1,-0.01,-1,-1,-0.01,-1,-1,-0.01,-1,-1,-0.01,-1,-1,-0.01,-1,-1,-0.01,-1,-1,-0.01,-1,-1
99926009,2026-05-18 15:08:36+05:30,53571.65,0,0.0,0,0.0,0.0,53282.15,53667.55,52783.45,53710.35,0,0.0,0.0,0.0,0.0,-0.01,-1,-1,-0.01,-1,-1,-0.01,-1,-1,-0.01,-1,-1,-0.01,-1,-1,-0.01,-1,-1,-0.01,-1,-1,-0.01,-1,-1,-0.01,-1,-1,-0.01,-1,-1
99926009,2026-05-18 15:08:36+05:30,53569.5,0,0.0,0,0.0,0.0,53282.15,53667.55,52783.45,53710.35,0,0.0,0.0,0.0,0.0,-0.01,-1,-1,-0.01,-1,-1,-0.01,-1,-1,-0.01,-1,-1,-0.01,-1,-1,-0.01,-1,-1,-0.01,-1,-1,-0.01,-1,-1,-0.01,-1,-1,-0.01,-1,-1
99926009,2026-05-18 15:08:36+05:30,53568.4,0,0.0,0,0.0,0.0,53282.15,53667.55,52783.45,53710.35,0,0.0,0.0,0.0,0.0,-0.01,-1,-1,-0.01,-1,-1,-0.01,-1,-1,-0.01,-1,-1,-0.01,-1,-1,-0.01,-1,-1,-0.01,-1,-1,-0.01,-1,-1,-0.01,-1,-1,-0.01,-1,-1
99926009,2026-05-18 15:08:37+05:30,53568.4,0,0.0,0,0.0,0.0,53282.15,53667.55,52783.45,53710.35,0,0.0,0.0,0.0,0.0,-0.01,-1,-1,-0.01,-1,-1,-0.01,-1,-1,-0.01,-1,-1,-0.01,-1,-1,-0.01,-1,-1,-0.01,-1,-1,-0.01,-1,-1,-0.01,-1,-1,-0.01,-1,-1
99926009,2026-05-18 15:08:37+05:30,53571.05,0,0.0,0,0.0,0.0,53282.15,53667.55,52783.45,53710.35,0,0.0,0.0,0.0,0.0,-0.01,-1,-1,-0.01,-1,-1,-0.01,-1,-1,-0.01,-1,-1,-0.01,-1,-1,-0.01,-1,-1,-0.01,-1,-1,-0.01,-1,-1,-0.01,-1,-1,-0.01,-1,-1
99926009,2026-05-18 15:08:37+05:30,53572.0,0,0.0,0,0.0,0.0,53282.15,53667.55,52783.45,53710.35,0,0.0,0.0,0.0,0.0,-0.01,-1,-1,-0.01,-1,-1,-0.01,-1,-1,-0.01,-1,-1,-0.01,-1,-1,-0.01,-1,-1,-0.01,-1,-1,-0.01,-1,-1,-0.01,-1,-1,-0.01,-1,-1
99926009,2026-05-18 15:08:38+05:30,53572.0,0,0.0,0,0.0,0.0,53282.15,53667.55,52783.45,53710.35,0,0.0,0.0,0.0,0.0,-0.01,-1,-1,-0.01,-1,-1,-0.01,-1,-1,-0.01,-1,-1,-0.01,-1,-1,-0.01,-1,-1,-0.01,-1,-1,-0.01,-1,-1,-0.01,-1,-1,-0.01,-1,-1
99926009,2026-05-18 15:08:38+05:30,53568.8,0,0.0,0,0.0,0.0,53282.15,53667.55,52783.45,53710.35,0,0.0,0.0,0.0,0.0,-0.01,-1,-1,-0.01,-1,-1,-0.01,-1,-1,-0.01,-1,-1,-0.01,-1,-1,-0.01,-1,-1,-0.01,-1,-1,-0.01,-1,-1,-0.01,-1,-1,-0.01,-1,-1
99926009,2026-05-18 15:08:38+05:30,53569.7,0,0.0,0,0.0,0.0,53282.15,53667.55,52783.45,53710.35,0,0.0,0.0,0.0,0.0,-0.01,-1,-1,-0.01,-1,-1,-0.01,-1,-1,-0.01,-1,-1,-0.01,-1,-1,-0.01,-1,-1,-0.01,-1,-1,-0.01,-1,-1,-0.01,-1,-1,-0.01,-1,-1
99926009,2026-05-18 15:08:39+05:30,53569.7,0,0.0,0,0.0,0.0,53282.15,53667.55,52783.45,53710.35,0,0.0,0.0,0.0,0.0,-0.01,-1,-1,-0.01,-1,-1,-0.01,-1,-1,-0.01,-1,-1,-0.01,-1,-1,-0.01,-1,-1,-0.01,-1,-1,-0.01,-1,-1,-0.01,-1,-1,-0.01,-1,-1
99926009,2026-05-18 15:08:39+05:30,53570.55,0,0.0,0,0.0,0.0,53282.15,53667.55,52783.45,53710.35,0,0.0,0.0,0.0,0.0,-0.01,-1,-1,-0.01,-1,-1,-0.01,-1,-1,-0.01,-1,-1,-0.01,-1,-1,-0.01,-1,-1,-0.01,-1,-1,-0.01,-1,-1,-0.01,-1,-1,-0.01,-1,-1
99926009,2026-05-18 15:08:39+05:30,53567.6,0,0.0,0,0.0,0.0,53282.15,53667.55,52783.45,53710.35,0,0.0,0.0,0.0,0.0,-0.01,-1,-1,-0.01,-1,-1,-0.01,-1,-1,-0.01,-1,-1,-0.01,-1,-1,-0.01,-1,-1,-0.01,-1,-1,-0.01,-1,-1,-0.01,-1,-1,-0.01,-1,-1
99926009,2026-05-18 15:08:40+05:30,53567.6,0,0.0,0,0.0,0.0,53282.15,53667.55,52783.45,53710.35,0,0.0,0.0,0.0,0.0,-0.01,-1,-1,-0.01,-1,-1,-0.01,-1,-1,-0.01,-1,-1,-0.01,-1,-1,-0.01,-1,-1,-0.01,-1,-1,-0.01,-1,-1,-0.01,-1,-1,-0.01,-1,-1
99926009,2026-05-18 15:08:40+05:30,53569.05,0,0.0,0,0.0,0.0,53282.15,53667.55,52783.45,53710.35,0,0.0,0.0,0.0,0.0,-0.01,-1,-1,-0.01,-1,-1,-0.01,-1,-1,-0.01,-1,-1,-0.01,-1,-1,-0.01,-1,-1,-0.01,-1,-1,-0.01,-1,-1,-0.01,-1,-1,-0.01,-1,-1
99926009,2026-05-18 15:08:40+05:30,53567.3,0,0.0,0,0.0,0.0,53282.15,53667.55,52783.45,53710.35,0,0.0,0.0,0.0,0.0,-0.01,-1,-1,-0.01,-1,-1,-0.01,-1,-1,-0.01,-1,-1,-0.01,-1,-1,-0.01,-1,-1,-0.01,-1,-1,-0.01,-1,-1,-0.01,-1,-1,-0.01,-1,-1
99926009,2026-05-18 15:08:41+05:30,53567.3,0,0.0,0,0.0,0.0,53282.15,53667.55,52783.45,53710.35,0,0.0,0.0,0.0,0.0,-0.01,-1,-1,-0.01,-1,-1,-0.01,-1,-1,-0.01,-1,-1,-0.01,-1,-1,-0.01,-1,-1,-0.01,-1,-1,-0.01,-1,-1,-0.01,-1,-1,-0.01,-1,-1
99926009,2026-05-18 15:08:41+05:30,53563.55,0,0.0,0,0.0,0.0,53282.15,53667.55,52783.45,53710.35,0,0.0,0.0,0.0,0.0,-0.01,-1,-1,-0.01,-1,-1,-0.01,-1,-1,-0.01,-1,-1,-0.01,-1,-1,-0.01,-1,-1,-0.01,-1,-1,-0.01,-1,-1,-0.01,-1,-1,-0.01,-1,-1
99926009,2026-05-18 15:08:41+05:30,53565.3,0,0.0,0,0.0,0.0,53282.15,53667.55,52783.45,53710.35,0,0.0,0.0,0.0,0.0,-0.01,-1,-1,-0.01,-1,-1,-0.01,-1,-1,-0.01,-1,-1,-0.01,-1,-1,-0.01,-1,-1,-0.01,-1,-1,-0.01,-1,-1,-0.01,-1,-1,-0.01,-1,-1
99926009,2026-05-18 15:08:42+05:30,53565.3,0,0.0,0,0.0,0.0,53282.15,53667.55,52783.45,53710.35,0,0.0,0.0,0.0,0.0,-0.01,-1,-1,-0.01,-1,-1,-0.01,-1,-1,-0.01,-1,-1,-0.01,-1,-1,-0.01,-1,-1,-0.01,-1,-1,-0.01,-1,-1,-0.01,-1,-1,-0.01,-1,-1
99926009,2026-05-18 15:08:42+05:30,53562.9,0,0.0,0,0.0,0.0,53282.15,53667.55,52783.45,53710.35,0,0.0,0.0,0.0,0.0,-0.01,-1,-1,-0.01,-1,-1,-0.01,-1,-1,-0.01,-1,-1,-0.01,-1,-1,-0.01,-1,-1,-0.01,-1,-1,-0.01,-1,-1,-0.01,-1,-1,-0.01,-1,-1
99926009,2026-05-18 15:08:42+05:30,53561.85,0,0.0,0,0.0,0.0,53282.15,53667.55,52783.45,53710.35,0,0.0,0.0,0.0,0.0,-0.01,-1,-1,-0.01,-1,-1,-0.01,-1,-1,-0.01,-1,-1,-0.01,-1,-1,-0.01,-1,-1,-0.01,-1,-1,-0.01,-1,-1,-0.01,-1,-1,-0.01,-1,-1
99926009,2026-05-18 15:08:43+05:30,53561.85,0,0.0,0,0.0,0.0,53282.15,53667.55,52783.45,53710.35,0,0.0,0.0,0.0,0.0,-0.01,-1,-1,-0.01,-1,-1,-0.01,-1,-1,-0.01,-1,-1,-0.01,-1,-1,-0.01,-1,-1,-0.01,-1,-1,-0.01,-1,-1,-0.01,-1,-1,-0.01,-1,-1
99926009,2026-05-18 15:08:43+05:30,53559.45,0,0.0,0,0.0,0.0,53282.15,53667.55,52783.45,53710.35,0,0.0,0.0,0.0,0.0,-0.01,-1,-1,-0.01,-1,-1,-0.01,-1,-1,-0.01,-1,-1,-0.01,-1,-1,-0.01,-1,-1,-0.01,-1,-1,-0.01,-1,-1,-0.01,-1,-1,-0.01,-1,-1
99926009,2026-05-18 15:08:43+05:30,53560.85,0,0.0,0,0.0,0.0,53282.15,53667.55,52783.45,53710.35,0,0.0,0.0,0.0,0.0,-0.01,-1,-1,-0.01,-1,-1,-0.01,-1,-1,-0.01,-1,-1,-0.01,-1,-1,-0.01,-1,-1,-0.01,-1,-1,-0.01,-1,-1,-0.01,-1,-1,-0.01,-1,-1
99926009,2026-05-18 15:08:44+05:30,53560.85,0,0.0,0,0.0,0.0,53282.15,53667.55,52783.45,53710.35,0,0.0,0.0,0.0,0.0,-0.01,-1,-1,-0.01,-1,-1,-0.01,-1,-1,-0.01,-1,-1,-0.01,-1,-1,-0.01,-1,-1,-0.01,-1,-1,-0.01,-1,-1,-0.01,-1,-1,-0.01,-1,-1
99926009,2026-05-18 15:08:44+05:30,53560.05,0,0.0,0,0.0,0.0,53282.15,53667.55,52783.45,53710.35,0,0.0,0.0,0.0,0.0,-0.01,-1,-1,-0.01,-1,-1,-0.01,-1,-1,-0.01,-1,-1,-0.01,-1,-1,-0.01,-1,-1,-0.01,-1,-1,-0.01,-1,-1,-0.01,-1,-1,-0.01,-1,-1
99926009,2026-05-18 15:08:44+05:30,53558.5,0,0.0,0,0.0,0.0,53282.15,53667.55,52783.45,53710.35,0,0.0,0.0,0.0,0.0,-0.01,-1,-1,-0.01,-1,-1,-0.01,-1,-1,-0.01,-1,-1,-0.01,-1,-1,-0.01,-1,-1,-0.01,-1,-1,-0.01,-1,-1,-0.01,-1,-1,-0.01,-1,-1
99926009,2026-05-18 15:08:45+05:30,53558.5,0,0.0,0,0.0,0.0,53282.15,53667.55,52783.45,53710.35,0,0.0,0.0,0.0,0.0,-0.01,-1,-1,-0.01,-1,-1,-0.01,-1,-1,-0.01,-1,-1,-0.01,-1,-1,-0.01,-1,-1,-0.01,-1,-1,-0.01,-1,-1,-0.01,-1,-1,-0.01,-1,-1
99926009,2026-05-18 15:08:45+05:30,53559.9,0,0.0,0,0.0,0.0,53282.15,53667.55,52783.45,53710.35,0,0.0,0.0,0.0,0.0,-0.01,-1,-1,-0.01,-1,-1,-0.01,-1,-1,-0.01,-1,-1,-0.01,-1,-1,-0.01,-1,-1,-0.01,-1,-1,-0.01,-1,-1,-0.01,-1,-1,-0.01,-1,-1
99926009,2026-05-18 15:08:45+05:30,53553.35,0,0.0,0,0.0,0.0,53282.15,53667.55,52783.45,53710.35,0,0.0,0.0,0.0,0.0,-0.01,-1,-1,-0.01,-1,-1,-0.01,-1,-1,-0.01,-1,-1,-0.01,-1,-1,-0.01,-1,-1,-0.01,-1,-1,-0.01,-1,-1,-0.01,-1,-1,-0.01,-1,-1
99926009,2026-05-18 15:08:46+05:30,53553.35,0,0.0,0,0.0,0.0,53282.15,53667.55,52783.45,53710.35,0,0.0,0.0,0.0,0.0,-0.01,-1,-1,-0.01,-1,-1,-0.01,-1,-1,-0.01,-1,-1,-0.01,-1,-1,-0.01,-1,-1,-0.01,-1,-1,-0.01,-1,-1,-0.01,-1,-1,-0.01,-1,-1
99926009,2026-05-18 15:08:46+05:30,53553.7,0,0.0,0,0.0,0.0,53282.15,53667.55,52783.45,53710.35,0,0.0,0.0,0.0,0.0,-0.01,-1,-1,-0.01,-1,-1,-0.01,-1,-1,-0.01,-1,-1,-0.01,-1,-1,-0.01,-1,-1,-0.01,-1,-1,-0.01,-1,-1,-0.01,-1,-1,-0.01,-1,-1
99926009,2026-05-18 15:08:46+05:30,53553.35,0,0.0,0,0.0,0.0,53282.15,53667.55,52783.45,53710.35,0,0.0,0.0,0.0,0.0,-0.01,-1,-1,-0.01,-1,-1,-0.01,-1,-1,-0.01,-1,-1,-0.01,-1,-1,-0.01,-1,-1,-0.01,-1,-1,-0.01,-1,-1,-0.01,-1,-1,-0.01,-1,-1
99926009,2026-05-18 15:08:47+05:30,53553.35,0,0.0,0,0.0,0.0,53282.15,53667.55,52783.45,53710.35,0,0.0,0.0,0.0,0.0,-0.01,-1,-1,-0.01,-1,-1,-0.01,-1,-1,-0.01,-1,-1,-0.01,-1,-1,-0.01,-1,-1,-0.01,-1,-1,-0.01,-1,-1,-0.01,-1,-1,-0.01,-1,-1
99926009,2026-05-18 15:08:47+05:30,53544.75,0,0.0,0,0.0,0.0,53282.15,53667.55,52783.45,53710.35,0,0.0,0.0,0.0,0.0,-0.01,-1,-1,-0.01,-1,-1,-0.01,-1,-1,-0.01,-1,-1,-0.01,-1,-1,-0.01,-1,-1,-0.01,-1,-1,-0.01,-1,-1,-0.01,-1,-1,-0.01,-1,-1
99926009,2026-05-18 15:08:47+05:30,53536.55,0,0.0,0,0.0,0.0,53282.15,53667.55,52783.45,53710.35,0,0.0,0.0,0.0,0.0,-0.01,-1,-1,-0.01,-1,-1,-0.01,-1,-1,-0.01,-1,-1,-0.01,-1,-1,-0.01,-1,-1,-0.01,-1,-1,-0.01,-1,-1,-0.01,-1,-1,-0.01,-1,-1
99926009,2026-05-18 15:08:48+05:30,53536.55,0,0.0,0,0.0,0.0,53282.15,53667.55,52783.45,53710.35,0,0.0,0.0,0.0,0.0,-0.01,-1,-1,-0.01,-1,-1,-0.01,-1,-1,-0.01,-1,-1,-0.01,-1,-1,-0.01,-1,-1,-0.01,-1,-1,-0.01,-1,-1,-0.01,-1,-1,-0.01,-1,-1
99926009,2026-05-18 15:08:48+05:30,53530.4,0,0.0,0,0.0,0.0,53282.15,53667.55,52783.45,53710.35,0,0.0,0.0,0.0,0.0,-0.01,-1,-1,-0.01,-1,-1,-0.01,-1,-1,-0.01,-1,-1,-0.01,-1,-1,-0.01,-1,-1,-0.01,-1,-1,-0.01,-1,-1,-0.01,-1,-1,-0.01,-1,-1
99926009,2026-05-18 15:08:48+05:30,53529.15,0,0.0,0,0.0,0.0,53282.15,53667.55,52783.45,53710.35,0,0.0,0.0,0.0,0.0,-0.01,-1,-1,-0.01,-1,-1,-0.01,-1,-1,-0.01,-1,-1,-0.01,-1,-1,-0.01,-1,-1,-0.01,-1,-1,-0.01,-1,-1,-0.01,-1,-1,-0.01,-1,-1
99926009,2026-05-18 15:08:49+05:30,53529.15,0,0.0,0,0.0,0.0,53282.15,53667.55,52783.45,53710.35,0,0.0,0.0,0.0,0.0,-0.01,-1,-1,-0.01,-1,-1,-0.01,-1,-1,-0.01,-1,-1,-0.01,-1,-1,-0.01,-1,-1,-0.01,-1,-1,-0.01,-1,-1,-0.01,-1,-1,-0.01,-1,-1
99926009,2026-05-18 15:08:49+05:30,53534.65,0,0.0,0,0.0,0.0,53282.15,53667.55,52783.45,53710.35,0,0.0,0.0,0.0,0.0,-0.01,-1,-1,-0.01,-1,-1,-0.01,-1,-1,-0.01,-1,-1,-0.01,-1,-1,-0.01,-1,-1,-0.01,-1,-1,-0.01,-1,-1,-0.01,-1,-1,-0.01,-1,-1
99926009,2026-05-18 15:08:49+05:30,53532.25,0,0.0,0,0.0,0.0,53282.15,53667.55,52783.45,53710.35,0,0.0,0.0,0.0,0.0,-0.01,-1,-1,-0.01,-1,-1,-0.01,-1,-1,-0.01,-1,-1,-0.01,-1,-1,-0.01,-1,-1,-0.01,-1,-1,-0.01,-1,-1,-0.01,-1,-1,-0.01,-1,-1
99926009,2026-05-18 15:08:50+05:30,53532.25,0,0.0,0,0.0,0.0,53282.15,53667.55,52783.45,53710.35,0,0.0,0.0,0.0,0.0,-0.01,-1,-1,-0.01,-1,-1,-0.01,-1,-1,-0.01,-1,-1,-0.01,-1,-1,-0.01,-1,-1,-0.01,-1,-1,-0.01,-1,-1,-0.01,-1,-1,-0.01,-1,-1
99926009,2026-05-18 15:08:50+05:30,53528.3,0,0.0,0,0.0,0.0,53282.15,53667.55,52783.45,53710.35,0,0.0,0.0,0.0,0.0,-0.01,-1,-1,-0.01,-1,-1,-0.01,-1,-1,-0.01,-1,-1,-0.01,-1,-1,-0.01,-1,-1,-0.01,-1,-1,-0.01,-1,-1,-0.01,-1,-1,-0.01,-1,-1
99926009,2026-05-18 15:08:50+05:30,53533.9,0,0.0,0,0.0,0.0,53282.15,53667.55,52783.45,53710.35,0,0.0,0.0,0.0,0.0,-0.01,-1,-1,-0.01,-1,-1,-0.01,-1,-1,-0.01,-1,-1,-0.01,-1,-1,-0.01,-1,-1,-0.01,-1,-1,-0.01,-1,-1,-0.01,-1,-1,-0.01,-1,-1
99926009,2026-05-18 15:08:51+05:30,53533.9,0,0.0,0,0.0,0.0,53282.15,53667.55,52783.45,53710.35,0,0.0,0.0,0.0,0.0,-0.01,-1,-1,-0.01,-1,-1,-0.01,-1,-1,-0.01,-1,-1,-0.01,-1,-1,-0.01,-1,-1,-0.01,-1,-1,-0.01,-1,-1,-0.01,-1,-1,-0.01,-1,-1
99926009,2026-05-18 15:08:51+05:30,53530.65,0,0.0,0,0.0,0.0,53282.15,53667.55,52783.45,53710.35,0,0.0,0.0,0.0,0.0,-0.01,-1,-1,-0.01,-1,-1,-0.01,-1,-1,-0.01,-1,-1,-0.01,-1,-1,-0.01,-1,-1,-0.01,-1,-1,-0.01,-1,-1,-0.01,-1,-1,-0.01,-1,-1
99926009,2026-05-18 15:08:51+05:30,53520.75,0,0.0,0,0.0,0.0,53282.15,53667.55,52783.45,53710.35,0,0.0,0.0,0.0,0.0,-0.01,-1,-1,-0.01,-1,-1,-0.01,-1,-1,-0.01,-1,-1,-0.01,-1,-1,-0.01,-1,-1,-0.01,-1,-1,-0.01,-1,-1,-0.01,-1,-1,-0.01,-1,-1
99926009,2026-05-18 15:08:52+05:30,53520.75,0,0.0,0,0.0,0.0,53282.15,53667.55,52783.45,53710.35,0,0.0,0.0,0.0,0.0,-0.01,-1,-1,-0.01,-1,-1,-0.01,-1,-1,-0.01,-1,-1,-0.01,-1,-1,-0.01,-1,-1,-0.01,-1,-1,-0.01,-1,-1,-0.01,-1,-1,-0.01,-1,-1
99926009,2026-05-18 15:08:52+05:30,53531.65,0,0.0,0,0.0,0.0,53282.15,53667.55,52783.45,53710.35,0,0.0,0.0,0.0,0.0,-0.01,-1,-1,-0.01,-1,-1,-0.01,-1,-1,-0.01,-1,-1,-0.01,-1,-1,-0.01,-1,-1,-0.01,-1,-1,-0.01,-1,-1,-0.01,-1,-1,-0.01,-1,-1
99926009,2026-05-18 15:08:52+05:30,53529.45,0,0.0,0,0.0,0.0,53282.15,53667.55,52783.45,53710.35,0,0.0,0.0,0.0,0.0,-0.01,-1,-1,-0.01,-1,-1,-0.01,-1,-1,-0.01,-1,-1,-0.01,-1,-1,-0.01,-1,-1,-0.01,-1,-1,-0.01,-1,-1,-0.01,-1,-1,-0.01,-1,-1
99926009,2026-05-18 15:08:53+05:30,53529.45,0,0.0,0,0.0,0.0,53282.15,53667.55,52783.45,53710.35,0,0.0,0.0,0.0,0.0,-0.01,-1,-1,-0.01,-1,-1,-0.01,-1,-1,-0.01,-1,-1,-0.01,-1,-1,-0.01,-1,-1,-0.01,-1,-1,-0.01,-1,-1,-0.01,-1,-1,-0.01,-1,-1
99926009,2026-05-18 15:08:53+05:30,53530.75,0,0.0,0,0.0,0.0,53282.15,53667.55,52783.45,53710.35,0,0.0,0.0,0.0,0.0,-0.01,-1,-1,-0.01,-1,-1,-0.01,-1,-1,-0.01,-1,-1,-0.01,-1,-1,-0.01,-1,-1,-0.01,-1,-1,-0.01,-1,-1,-0.01,-1,-1,-0.01,-1,-1
99926009,2026-05-18 15:08:53+05:30,53527.95,0,0.0,0,0.0,0.0,53282.15,53667.55,52783.45,53710.35,0,0.0,0.0,0.0,0.0,-0.01,-1,-1,-0.01,-1,-1,-0.01,-1,-1,-0.01,-1,-1,-0.01,-1,-1,-0.01,-1,-1,-0.01,-1,-1,-0.01,-1,-1,-0.01,-1,-1,-0.01,-1,-1
99926009,2026-05-18 15:08:54+05:30,53527.95,0,0.0,0,0.0,0.0,53282.15,53667.55,52783.45,53710.35,0,0.0,0.0,0.0,0.0,-0.01,-1,-1,-0.01,-1,-1,-0.01,-1,-1,-0.01,-1,-1,-0.01,-1,-1,-0.01,-1,-1,-0.01,-1,-1,-0.01,-1,-1,-0.01,-1,-1,-0.01,-1,-1
99926009,2026-05-18 15:08:54+05:30,53527.2,0,0.0,0,0.0,0.0,53282.15,53667.55,52783.45,53710.35,0,0.0,0.0,0.0,0.0,-0.01,-1,-1,-0.01,-1,-1,-0.01,-1,-1,-0.01,-1,-1,-0.01,-1,-1,-0.01,-1,-1,-0.01,-1,-1,-0.01,-1,-1,-0.01,-1,-1,-0.01,-1,-1
99926009,2026-05-18 15:08:54+05:30,53527.75,0,0.0,0,0.0,0.0,53282.15,53667.55,52783.45,53710.35,0,0.0,0.0,0.0,0.0,-0.01,-1,-1,-0.01,-1,-1,-0.01,-1,-1,-0.01,-1,-1,-0.01,-1,-1,-0.01,-1,-1,-0.01,-1,-1,-0.01,-1,-1,-0.01,-1,-1,-0.01,-1,-1
99926009,2026-05-18 15:08:55+05:30,53527.75,0,0.0,0,0.0,0.0,53282.15,53667.55,52783.45,53710.35,0,0.0,0.0,0.0,0.0,-0.01,-1,-1,-0.01,-1,-1,-0.01,-1,-1,-0.01,-1,-1,-0.01,-1,-1,-0.01,-1,-1,-0.01,-1,-1,-0.01,-1,-1,-0.01,-1,-1,-0.01,-1,-1
99926009,2026-05-18 15:08:55+05:30,53528.0,0,0.0,0,0.0,0.0,53282.15,53667.55,52783.45,53710.35,0,0.0,0.0,0.0,0.0,-0.01,-1,-1,-0.01,-1,-1,-0.01,-1,-1,-0.01,-1,-1,-0.01,-1,-1,-0.01,-1,-1,-0.01,-1,-1,-0.01,-1,-1,-0.01,-1,-1,-0.01,-1,-1
99926009,2026-05-18 15:08:55+05:30,53526.95,0,0.0,0,0.0,0.0,53282.15,53667.55,52783.45,53710.35,0,0.0,0.0,0.0,0.0,-0.01,-1,-1,-0.01,-1,-1,-0.01,-1,-1,-0.01,-1,-1,-0.01,-1,-1,-0.01,-1,-1,-0.01,-1,-1,-0.01,-1,-1,-0.01,-1,-1,-0.01,-1,-1
99926009,2026-05-18 15:08:56+05:30,53526.95,0,0.0,0,0.0,0.0,53282.15,53667.55,52783.45,53710.35,0,0.0,0.0,0.0,0.0,-0.01,-1,-1,-0.01,-1,-1,-0.01,-1,-1,-0.01,-1,-1,-0.01,-1,-1,-0.01,-1,-1,-0.01,-1,-1,-0.01,-1,-1,-0.01,-1,-1,-0.01,-1,-1
99926009,2026-05-18 15:08:56+05:30,53523.9,0,0.0,0,0.0,0.0,53282.15,53667.55,52783.45,53710.35,0,0.0,0.0,0.0,0.0,-0.01,-1,-1,-0.01,-1,-1,-0.01,-1,-1,-0.01,-1,-1,-0.01,-1,-1,-0.01,-1,-1,-0.01,-1,-1,-0.01,-1,-1,-0.01,-1,-1,-0.01,-1,-1
99926009,2026-05-18 15:08:56+05:30,53523.9,0,0.0,0,0.0,0.0,53282.15,53667.55,52783.45,53710.35,0,0.0,0.0,0.0,0.0,-0.01,-1,-1,-0.01,-1,-1,-0.01,-1,-1,-0.01,-1,-1,-0.01,-1,-1,-0.01,-1,-1,-0.01,-1,-1,-0.01,-1,-1,-0.01,-1,-1,-0.01,-1,-1
99926009,2026-05-18 15:08:57+05:30,53523.9,0,0.0,0,0.0,0.0,53282.15,53667.55,52783.45,53710.35,0,0.0,0.0,0.0,0.0,-0.01,-1,-1,-0.01,-1,-1,-0.01,-1,-1,-0.01,-1,-1,-0.01,-1,-1,-0.01,-1,-1,-0.01,-1,-1,-0.01,-1,-1,-0.01,-1,-1,-0.01,-1,-1
99926009,2026-05-18 15:08:57+05:30,53522.15,0,0.0,0,0.0,0.0,53282.15,53667.55,52783.45,53710.35,0,0.0,0.0,0.0,0.0,-0.01,-1,-1,-0.01,-1,-1,-0.01,-1,-1,-0.01,-1,-1,-0.01,-1,-1,-0.01,-1,-1,-0.01,-1,-1,-0.01,-1,-1,-0.01,-1,-1,-0.01,-1,-1
99926009,2026-05-18 15:08:57+05:30,53517.8,0,0.0,0,0.0,0.0,53282.15,53667.55,52783.45,53710.35,0,0.0,0.0,0.0,0.0,-0.01,-1,-1,-0.01,-1,-1,-0.01,-1,-1,-0.01,-1,-1,-0.01,-1,-1,-0.01,-1,-1,-0.01,-1,-1,-0.01,-1,-1,-0.01,-1,-1,-0.01,-1,-1
99926009,2026-05-18 15:08:58+05:30,53517.8,0,0.0,0,0.0,0.0,53282.15,53667.55,52783.45,53710.35,0,0.0,0.0,0.0,0.0,-0.01,-1,-1,-0.01,-1,-1,-0.01,-1,-1,-0.01,-1,-1,-0.01,-1,-1,-0.01,-1,-1,-0.01,-1,-1,-0.01,-1,-1,-0.01,-1,-1,-0.01,-1,-1
99926009,2026-05-18 15:08:58+05:30,53516.0,0,0.0,0,0.0,0.0,53282.15,53667.55,52783.45,53710.35,0,0.0,0.0,0.0,0.0,-0.01,-1,-1,-0.01,-1,-1,-0.01,-1,-1,-0.01,-1,-1,-0.01,-1,-1,-0.01,-1,-1,-0.01,-1,-1,-0.01,-1,-1,-0.01,-1,-1,-0.01,-1,-1
99926009,2026-05-18 15:08:58+05:30,53516.2,0,0.0,0,0.0,0.0,53282.15,53667.55,52783.45,53710.35,0,0.0,0.0,0.0,0.0,-0.01,-1,-1,-0.01,-1,-1,-0.01,-1,-1,-0.01,-1,-1,-0.01,-1,-1,-0.01,-1,-1,-0.01,-1,-1,-0.01,-1,-1,-0.01,-1,-1,-0.01,-1,-1
99926009,2026-05-18 15:08:59+05:30,53516.2,0,0.0,0,0.0,0.0,53282.15,53667.55,52783.45,53710.35,0,0.0,0.0,0.0,0.0,-0.01,-1,-1,-0.01,-1,-1,-0.01,-1,-1,-0.01,-1,-1,-0.01,-1,-1,-0.01,-1,-1,-0.01,-1,-1,-0.01,-1,-1,-0.01,-1,-1,-0.01,-1,-1
99926009,2026-05-18 15:08:59+05:30,53515.15,0,0.0,0,0.0,0.0,53282.15,53667.55,52783.45,53710.35,0,0.0,0.0,0.0,0.0,-0.01,-1,-1,-0.01,-1,-1,-0.01,-1,-1,-0.01,-1,-1,-0.01,-1,-1,-0.01,-1,-1,-0.01,-1,-1,-0.01,-1,-1,-0.01,-1,-1,-0.01,-1,-1
99926009,2026-05-18 15:08:59+05:30,53513.65,0,0.0,0,0.0,0.0,53282.15,53667.55,52783.45,53710.35,0,0.0,0.0,0.0,0.0,-0.01,-1,-1,-0.01,-1,-1,-0.01,-1,-1,-0.01,-1,-1,-0.01,-1,-1,-0.01,-1,-1,-0.01,-1,-1,-0.01,-1,-1,-0.01,-1,-1,-0.01,-1,-1
99926009,2026-05-18 15:09:00+05:30,53513.65,0,0.0,0,0.0,0.0,53282.15,53667.55,52783.45,53710.35,0,0.0,0.0,0.0,0.0,-0.01,-1,-1,-0.01,-1,-1,-0.01,-1,-1,-0.01,-1,-1,-0.01,-1,-1,-0.01,-1,-1,-0.01,-1,-1,-0.01,-1,-1,-0.01,-1,-1,-0.01,-1,-1
99926009,2026-05-18 15:09:00+05:30,53518.35,0,0.0,0,0.0,0.0,53282.15,53667.55,52783.45,53710.35,0,0.0,0.0,0.0,0.0,-0.01,-1,-1,-0.01,-1,-1,-0.01,-1,-1,-0.01,-1,-1,-0.01,-1,-1,-0.01,-1,-1,-0.01,-1,-1,-0.01,-1,-1,-0.01,-1,-1,-0.01,-1,-1
99926009,2026-05-18 15:09:00+05:30,53520.15,0,0.0,0,0.0,0.0,53282.15,53667.55,52783.45,53710.35,0,0.0,0.0,0.0,0.0,-0.01,-1,-1,-0.01,-1,-1,-0.01,-1,-1,-0.01,-1,-1,-0.01,-1,-1,-0.01,-1,-1,-0.01,-1,-1,-0.01,-1,-1,-0.01,-1,-1,-0.01,-1,-1
99926009,2026-05-18 15:09:01+05:30,53520.15,0,0.0,0,0.0,0.0,53282.15,53667.55,52783.45,53710.35,0,0.0,0.0,0.0,0.0,-0.01,-1,-1,-0.01,-1,-1,-0.01,-1,-1,-0.01,-1,-1,-0.01,-1,-1,-0.01,-1,-1,-0.01,-1,-1,-0.01,-1,-1,-0.01,-1,-1,-0.01,-1,-1
99926009,2026-05-18 15:09:01+05:30,53513.75,0,0.0,0,0.0,0.0,53282.15,53667.55,52783.45,53710.35,0,0.0,0.0,0.0,0.0,-0.01,-1,-1,-0.01,-1,-1,-0.01,-1,-1,-0.01,-1,-1,-0.01,-1,-1,-0.01,-1,-1,-0.01,-1,-1,-0.01,-1,-1,-0.01,-1,-1,-0.01,-1,-1
99926009,2026-05-18 15:09:01+05:30,53517.05,0,0.0,0,0.0,0.0,53282.15,53667.55,52783.45,53710.35,0,0.0,0.0,0.0,0.0,-0.01,-1,-1,-0.01,-1,-1,-0.01,-1,-1,-0.01,-1,-1,-0.01,-1,-1,-0.01,-1,-1,-0.01,-1,-1,-0.01,-1,-1,-0.01,-1,-1,-0.01,-1,-1
99926009,2026-05-18 15:09:02+05:30,53517.05,0,0.0,0,0.0,0.0,53282.15,53667.55,52783.45,53710.35,0,0.0,0.0,0.0,0.0,-0.01,-1,-1,-0.01,-1,-1,-0.01,-1,-1,-0.01,-1,-1,-0.01,-1,-1,-0.01,-1,-1,-0.01,-1,-1,-0.01,-1,-1,-0.01,-1,-1,-0.01,-1,-1
99926009,2026-05-18 15:09:02+05:30,53511.05,0,0.0,0,0.0,0.0,53282.15,53667.55,52783.45,53710.35,0,0.0,0.0,0.0,0.0,-0.01,-1,-1,-0.01,-1,-1,-0.01,-1,-1,-0.01,-1,-1,-0.01,-1,-1,-0.01,-1,-1,-0.01,-1,-1,-0.01,-1,-1,-0.01,-1,-1,-0.01,-1,-1
99926009,2026-05-18 15:09:02+05:30,53513.85,0,0.0,0,0.0,0.0,53282.15,53667.55,52783.45,53710.35,0,0.0,0.0,0.0,0.0,-0.01,-1,-1,-0.01,-1,-1,-0.01,-1,-1,-0.01,-1,-1,-0.01,-1,-1,-0.01,-1,-1,-0.01,-1,-1,-0.01,-1,-1,-0.01,-1,-1,-0.01,-1,-1
99926009,2026-05-18 15:09:03+05:30,53513.85,0,0.0,0,0.0,0.0,53282.15,53667.55,52783.45,53710.35,0,0.0,0.0,0.0,0.0,-0.01,-1,-1,-0.01,-1,-1,-0.01,-1,-1,-0.01,-1,-1,-0.01,-1,-1,-0.01,-1,-1,-0.01,-1,-1,-0.01,-1,-1,-0.01,-1,-1,-0.01,-1,-1
99926009,2026-05-18 15:09:03+05:30,53513.5,0,0.0,0,0.0,0.0,53282.15,53667.55,52783.45,53710.35,0,0.0,0.0,0.0,0.0,-0.01,-1,-1,-0.01,-1,-1,-0.01,-1,-1,-0.01,-1,-1,-0.01,-1,-1,-0.01,-1,-1,-0.01,-1,-1,-0.01,-1,-1,-0.01,-1,-1,-0.01,-1,-1
99926009,2026-05-18 15:09:03+05:30,53514.5,0,0.0,0,0.0,0.0,53282.15,53667.55,52783.45,53710.35,0,0.0,0.0,0.0,0.0,-0.01,-1,-1,-0.01,-1,-1,-0.01,-1,-1,-0.01,-1,-1,-0.01,-1,-1,-0.01,-1,-1,-0.01,-1,-1,-0.01,-1,-1,-0.01,-1,-1,-0.01,-1,-1
99926009,2026-05-18 15:09:04+05:30,53514.5,0,0.0,0,0.0,0.0,53282.15,53667.55,52783.45,53710.35,0,0.0,0.0,0.0,0.0,-0.01,-1,-1,-0.01,-1,-1,-0.01,-1,-1,-0.01,-1,-1,-0.01,-1,-1,-0.01,-1,-1,-0.01,-1,-1,-0.01,-1,-1,-0.01,-1,-1,-0.01,-1,-1
99926009,2026-05-18 15:09:04+05:30,53515.0,0,0.0,0,0.0,0.0,53282.15,53667.55,52783.45,53710.35,0,0.0,0.0,0.0,0.0,-0.01,-1,-1,-0.01,-1,-1,-0.01,-1,-1,-0.01,-1,-1,-0.01,-1,-1,-0.01,-1,-1,-0.01,-1,-1,-0.01,-1,-1,-0.01,-1,-1,-0.01,-1,-1
99926009,2026-05-18 15:09:04+05:30,53516.85,0,0.0,0,0.0,0.0,53282.15,53667.55,52783.45,53710.35,0,0.0,0.0,0.0,0.0,-0.01,-1,-1,-0.01,-1,-1,-0.01,-1,-1,-0.01,-1,-1,-0.01,-1,-1,-0.01,-1,-1,-0.01,-1,-1,-0.01,-1,-1,-0.01,-1,-1,-0.01,-1,-1
99926009,2026-05-18 15:09:05+05:30,53516.85,0,0.0,0,0.0,0.0,53282.15,53667.55,52783.45,53710.35,0,0.0,0.0,0.0,0.0,-0.01,-1,-1,-0.01,-1,-1,-0.01,-1,-1,-0.01,-1,-1,-0.01,-1,-1,-0.01,-1,-1,-0.01,-1,-1,-0.01,-1,-1,-0.01,-1,-1,-0.01,-1,-1
99926009,2026-05-18 15:09:05+05:30,53516.2,0,0.0,0,0.0,0.0,53282.15,53667.55,52783.45,53710.35,0,0.0,0.0,0.0,0.0,-0.01,-1,-1,-0.01,-1,-1,-0.01,-1,-1,-0.01,-1,-1,-0.01,-1,-1,-0.01,-1,-1,-0.01,-1,-1,-0.01,-1,-1,-0.01,-1,-1,-0.01,-1,-1
99926009,2026-05-18 15:09:05+05:30,53520.4,0,0.0,0,0.0,0.0,53282.15,53667.55,52783.45,53710.35,0,0.0,0.0,0.0,0.0,-0.01,-1,-1,-0.01,-1,-1,-0.01,-1,-1,-0.01,-1,-1,-0.01,-1,-1,-0.01,-1,-1,-0.01,-1,-1,-0.01,-1,-1,-0.01,-1,-1,-0.01,-1,-1
99926009,2026-05-18 15:09:06+05:30,53520.4,0,0.0,0,0.0,0.0,53282.15,53667.55,52783.45,53710.35,0,0.0,0.0,0.0,0.0,-0.01,-1,-1,-0.01,-1,-1,-0.01,-1,-1,-0.01,-1,-1,-0.01,-1,-1,-0.01,-1,-1,-0.01,-1,-1,-0.01,-1,-1,-0.01,-1,-1,-0.01,-1,-1
99926009,2026-05-18 15:09:06+05:30,53519.15,0,0.0,0,0.0,0.0,53282.15,53667.55,52783.45,53710.35,0,0.0,0.0,0.0,0.0,-0.01,-1,-1,-0.01,-1,-1,-0.01,-1,-1,-0.01,-1,-1,-0.01,-1,-1,-0.01,-1,-1,-0.01,-1,-1,-0.01,-1,-1,-0.01,-1,-1,-0.01,-1,-1
99926009,2026-05-18 15:09:06+05:30,53516.3,0,0.0,0,0.0,0.0,53282.15,53667.55,52783.45,53710.35,0,0.0,0.0,0.0,0.0,-0.01,-1,-1,-0.01,-1,-1,-0.01,-1,-1,-0.01,-1,-1,-0.01,-1,-1,-0.01,-1,-1,-0.01,-1,-1,-0.01,-1,-1,-0.01,-1,-1,-0.01,-1,-1
99926009,2026-05-18 15:09:07+05:30,53516.3,0,0.0,0,0.0,0.0,53282.15,53667.55,52783.45,53710.35,0,0.0,0.0,0.0,0.0,-0.01,-1,-1,-0.01,-1,-1,-0.01,-1,-1,-0.01,-1,-1,-0.01,-1,-1,-0.01,-1,-1,-0.01,-1,-1,-0.01,-1,-1,-0.01,-1,-1,-0.01,-1,-1
99926009,2026-05-18 15:09:07+05:30,53519.7,0,0.0,0,0.0,0.0,53282.15,53667.55,52783.45,53710.35,0,0.0,0.0,0.0,0.0,-0.01,-1,-1,-0.01,-1,-1,-0.01,-1,-1,-0.01,-1,-1,-0.01,-1,-1,-0.01,-1,-1,-0.01,-1,-1,-0.01,-1,-1,-0.01,-1,-1,-0.01,-1,-1
99926009,2026-05-18 15:09:07+05:30,53517.45,0,0.0,0,0.0,0.0,53282.15,53667.55,52783.45,53710.35,0,0.0,0.0,0.0,0.0,-0.01,-1,-1,-0.01,-1,-1,-0.01,-1,-1,-0.01,-1,-1,-0.01,-1,-1,-0.01,-1,-1,-0.01,-1,-1,-0.01,-1,-1,-0.01,-1,-1,-0.01,-1,-1
99926009,2026-05-18 15:09:08+05:30,53517.45,0,0.0,0,0.0,0.0,53282.15,53667.55,52783.45,53710.35,0,0.0,0.0,0.0,0.0,-0.01,-1,-1,-0.01,-1,-1,-0.01,-1,-1,-0.01,-1,-1,-0.01,-1,-1,-0.01,-1,-1,-0.01,-1,-1,-0.01,-1,-1,-0.01,-1,-1,-0.01,-1,-1
99926009,2026-05-18 15:09:08+05:30,53518.35,0,0.0,0,0.0,0.0,53282.15,53667.55,52783.45,53710.35,0,0.0,0.0,0.0,0.0,-0.01,-1,-1,-0.01,-1,-1,-0.01,-1,-1,-0.01,-1,-1,-0.01,-1,-1,-0.01,-1,-1,-0.01,-1,-1,-0.01,-1,-1,-0.01,-1,-1,-0.01,-1,-1
99926009,2026-05-18 15:09:08+05:30,53515.75,0,0.0,0,0.0,0.0,53282.15,53667.55,52783.45,53710.35,0,0.0,0.0,0.0,0.0,-0.01,-1,-1,-0.01,-1,-1,-0.01,-1,-1,-0.01,-1,-1,-0.01,-1,-1,-0.01,-1,-1,-0.01,-1,-1,-0.01,-1,-1,-0.01,-1,-1,-0.01,-1,-1
99926009,2026-05-18 15:09:09+05:30,53515.75,0,0.0,0,0.0,0.0,53282.15,53667.55,52783.45,53710.35,0,0.0,0.0,0.0,0.0,-0.01,-1,-1,-0.01,-1,-1,-0.01,-1,-1,-0.01,-1,-1,-0.01,-1,-1,-0.01,-1,-1,-0.01,-1,-1,-0.01,-1,-1,-0.01,-1,-1,-0.01,-1,-1
99926009,2026-05-18 15:09:09+05:30,53517.45,0,0.0,0,0.0,0.0,53282.15,53667.55,52783.45,53710.35,0,0.0,0.0,0.0,0.0,-0.01,-1,-1,-0.01,-1,-1,-0.01,-1,-1,-0.01,-1,-1,-0.01,-1,-1,-0.01,-1,-1,-0.01,-1,-1,-0.01,-1,-1,-0.01,-1,-1,-0.01,-1,-1
99926009,2026-05-18 15:09:09+05:30,53517.5,0,0.0,0,0.0,0.0,53282.15,53667.55,52783.45,53710.35,0,0.0,0.0,0.0,0.0,-0.01,-1,-1,-0.01,-1,-1,-0.01,-1,-1,-0.01,-1,-1,-0.01,-1,-1,-0.01,-1,-1,-0.01,-1,-1,-0.01,-1,-1,-0.01,-1,-1,-0.01,-1,-1
99926009,2026-05-18 15:09:10+05:30,53517.5,0,0.0,0,0.0,0.0,53282.15,53667.55,52783.45,53710.35,0,0.0,0.0,0.0,0.0,-0.01,-1,-1,-0.01,-1,-1,-0.01,-1,-1,-0.01,-1,-1,-0.01,-1,-1,-0.01,-1,-1,-0.01,-1,-1,-0.01,-1,-1,-0.01,-1,-1,-0.01,-1,-1
99926009,2026-05-18 15:09:10+05:30,53518.9,0,0.0,0,0.0,0.0,53282.15,53667.55,52783.45,53710.35,0,0.0,0.0,0.0,0.0,-0.01,-1,-1,-0.01,-1,-1,-0.01,-1,-1,-0.01,-1,-1,-0.01,-1,-1,-0.01,-1,-1,-0.01,-1,-1,-0.01,-1,-1,-0.01,-1,-1,-0.01,-1,-1
99926009,2026-05-18 15:09:10+05:30,53517.05,0,0.0,0,0.0,0.0,53282.15,53667.55,52783.45,53710.35,0,0.0,0.0,0.0,0.0,-0.01,-1,-1,-0.01,-1,-1,-0.01,-1,-1,-0.01,-1,-1,-0.01,-1,-1,-0.01,-1,-1,-0.01,-1,-1,-0.01,-1,-1,-0.01,-1,-1,-0.01,-1,-1
99926009,2026-05-18 15:09:11+05:30,53517.05,0,0.0,0,0.0,0.0,53282.15,53667.55,52783.45,53710.35,0,0.0,0.0,0.0,0.0,-0.01,-1,-1,-0.01,-1,-1,-0.01,-1,-1,-0.01,-1,-1,-0.01,-1,-1,-0.01,-1,-1,-0.01,-1,-1,-0.01,-1,-1,-0.01,-1,-1,-0.01,-1,-1
99926009,2026-05-18 15:09:11+05:30,53516.9,0,0.0,0,0.0,0.0,53282.15,53667.55,52783.45,53710.35,0,0.0,0.0,0.0,0.0,-0.01,-1,-1,-0.01,-1,-1,-0.01,-1,-1,-0.01,-1,-1,-0.01,-1,-1,-0.01,-1,-1,-0.01,-1,-1,-0.01,-1,-1,-0.01,-1,-1,-0.01,-1,-1
99926009,2026-05-18 15:09:11+05:30,53514.7,0,0.0,0,0.0,0.0,53282.15,53667.55,52783.45,53710.35,0,0.0,0.0,0.0,0.0,-0.01,-1,-1,-0.01,-1,-1,-0.01,-1,-1,-0.01,-1,-1,-0.01,-1,-1,-0.01,-1,-1,-0.01,-1,-1,-0.01,-1,-1,-0.01,-1,-1,-0.01,-1,-1
99926009,2026-05-18 15:09:12+05:30,53514.7,0,0.0,0,0.0,0.0,53282.15,53667.55,52783.45,53710.35,0,0.0,0.0,0.0,0.0,-0.01,-1,-1,-0.01,-1,-1,-0.01,-1,-1,-0.01,-1,-1,-0.01,-1,-1,-0.01,-1,-1,-0.01,-1,-1,-0.01,-1,-1,-0.01,-1,-1,-0.01,-1,-1
99926009,2026-05-18 15:09:12+05:30,53518.75,0,0.0,0,0.0,0.0,53282.15,53667.55,52783.45,53710.35,0,0.0,0.0,0.0,0.0,-0.01,-1,-1,-0.01,-1,-1,-0.01,-1,-1,-0.01,-1,-1,-0.01,-1,-1,-0.01,-1,-1,-0.01,-1,-1,-0.01,-1,-1,-0.01,-1,-1,-0.01,-1,-1
99926009,2026-05-18 15:09:12+05:30,53516.75,0,0.0,0,0.0,0.0,53282.15,53667.55,52783.45,53710.35,0,0.0,0.0,0.0,0.0,-0.01,-1,-1,-0.01,-1,-1,-0.01,-1,-1,-0.01,-1,-1,-0.01,-1,-1,-0.01,-1,-1,-0.01,-1,-1,-0.01,-1,-1,-0.01,-1,-1,-0.01,-1,-1
99926009,2026-05-18 15:09:13+05:30,53516.75,0,0.0,0,0.0,0.0,53282.15,53667.55,52783.45,53710.35,0,0.0,0.0,0.0,0.0,-0.01,-1,-1,-0.01,-1,-1,-0.01,-1,-1,-0.01,-1,-1,-0.01,-1,-1,-0.01,-1,-1,-0.01,-1,-1,-0.01,-1,-1,-0.01,-1,-1,-0.01,-1,-1
99926009,2026-05-18 15:09:13+05:30,53517.7,0,0.0,0,0.0,0.0,53282.15,53667.55,52783.45,53710.35,0,0.0,0.0,0.0,0.0,-0.01,-1,-1,-0.01,-1,-1,-0.01,-1,-1,-0.01,-1,-1,-0.01,-1,-1,-0.01,-1,-1,-0.01,-1,-1,-0.01,-1,-1,-0.01,-1,-1,-0.01,-1,-1
99926009,2026-05-18 15:09:13+05:30,53518.2,0,0.0,0,0.0,0.0,53282.15,53667.55,52783.45,53710.35,0,0.0,0.0,0.0,0.0,-0.01,-1,-1,-0.01,-1,-1,-0.01,-1,-1,-0.01,-1,-1,-0.01,-1,-1,-0.01,-1,-1,-0.01,-1,-1,-0.01,-1,-1,-0.01,-1,-1,-0.01,-1,-1
99926009,2026-05-18 15:09:14+05:30,53518.2,0,0.0,0,0.0,0.0,53282.15,53667.55,52783.45,53710.35,0,0.0,0.0,0.0,0.0,-0.01,-1,-1,-0.01,-1,-1,-0.01,-1,-1,-0.01,-1,-1,-0.01,-1,-1,-0.01,-1,-1,-0.01,-1,-1,-0.01,-1,-1,-0.01,-1,-1,-0.01,-1,-1
99926009,2026-05-18 15:09:14+05:30,53517.95,0,0.0,0,0.0,0.0,53282.15,53667.55,52783.45,53710.35,0,0.0,0.0,0.0,0.0,-0.01,-1,-1,-0.01,-1,-1,-0.01,-1,-1,-0.01,-1,-1,-0.01,-1,-1,-0.01,-1,-1,-0.01,-1,-1,-0.01,-1,-1,-0.01,-1,-1,-0.01,-1,-1
99926009,2026-05-18 15:09:14+05:30,53519.1,0,0.0,0,0.0,0.0,53282.15,53667.55,52783.45,53710.35,0,0.0,0.0,0.0,0.0,-0.01,-1,-1,-0.01,-1,-1,-0.01,-1,-1,-0.01,-1,-1,-0.01,-1,-1,-0.01,-1,-1,-0.01,-1,-1,-0.01,-1,-1,-0.01,-1,-1,-0.01,-1,-1
99926009,2026-05-18 15:09:15+05:30,53519.1,0,0.0,0,0.0,0.0,53282.15,53667.55,52783.45,53710.35,0,0.0,0.0,0.0,0.0,-0.01,-1,-1,-0.01,-1,-1,-0.01,-1,-1,-0.01,-1,-1,-0.01,-1,-1,-0.01,-1,-1,-0.01,-1,-1,-0.01,-1,-1,-0.01,-1,-1,-0.01,-1,-1
99926009,2026-05-18 15:09:15+05:30,53519.3,0,0.0,0,0.0,0.0,53282.15,53667.55,52783.45,53710.35,0,0.0,0.0,0.0,0.0,-0.01,-1,-1,-0.01,-1,-1,-0.01,-1,-1,-0.01,-1,-1,-0.01,-1,-1,-0.01,-1,-1,-0.01,-1,-1,-0.01,-1,-1,-0.01,-1,-1,-0.01,-1,-1
99926009,2026-05-18 15:09:15+05:30,53521.55,0,0.0,0,0.0,0.0,53282.15,53667.55,52783.45,53710.35,0,0.0,0.0,0.0,0.0,-0.01,-1,-1,-0.01,-1,-1,-0.01,-1,-1,-0.01,-1,-1,-0.01,-1,-1,-0.01,-1,-1,-0.01,-1,-1,-0.01,-1,-1,-0.01,-1,-1,-0.01,-1,-1
99926009,2026-05-18 15:09:16+05:30,53521.55,0,0.0,0,0.0,0.0,53282.15,53667.55,52783.45,53710.35,0,0.0,0.0,0.0,0.0,-0.01,-1,-1,-0.01,-1,-1,-0.01,-1,-1,-0.01,-1,-1,-0.01,-1,-1,-0.01,-1,-1,-0.01,-1,-1,-0.01,-1,-1,-0.01,-1,-1,-0.01,-1,-1
99926009,2026-05-18 15:09:16+05:30,53522.4,0,0.0,0,0.0,0.0,53282.15,53667.55,52783.45,53710.35,0,0.0,0.0,0.0,0.0,-0.01,-1,-1,-0.01,-1,-1,-0.01,-1,-1,-0.01,-1,-1,-0.01,-1,-1,-0.01,-1,-1,-0.01,-1,-1,-0.01,-1,-1,-0.01,-1,-1,-0.01,-1,-1
99926009,2026-05-18 15:09:16+05:30,53520.7,0,0.0,0,0.0,0.0,53282.15,53667.55,52783.45,53710.35,0,0.0,0.0,0.0,0.0,-0.01,-1,-1,-0.01,-1,-1,-0.01,-1,-1,-0.01,-1,-1,-0.01,-1,-1,-0.01,-1,-1,-0.01,-1,-1,-0.01,-1,-1,-0.01,-1,-1,-0.01,-1,-1
99926009,2026-05-18 15:09:17+05:30,53520.7,0,0.0,0,0.0,0.0,53282.15,53667.55,52783.45,53710.35,0,0.0,0.0,0.0,0.0,-0.01,-1,-1,-0.01,-1,-1,-0.01,-1,-1,-0.01,-1,-1,-0.01,-1,-1,-0.01,-1,-1,-0.01,-1,-1,-0.01,-1,-1,-0.01,-1,-1,-0.01,-1,-1
99926009,2026-05-18 15:09:17+05:30,53518.85,0,0.0,0,0.0,0.0,53282.15,53667.55,52783.45,53710.35,0,0.0,0.0,0.0,0.0,-0.01,-1,-1,-0.01,-1,-1,-0.01,-1,-1,-0.01,-1,-1,-0.01,-1,-1,-0.01,-1,-1,-0.01,-1,-1,-0.01,-1,-1,-0.01,-1,-1,-0.01,-1,-1
99926009,2026-05-18 15:09:17+05:30,53518.85,0,0.0,0,0.0,0.0,53282.15,53667.55,52783.45,53710.35,0,0.0,0.0,0.0,0.0,-0.01,-1,-1,-0.01,-1,-1,-0.01,-1,-1,-0.01,-1,-1,-0.01,-1,-1,-0.01,-1,-1,-0.01,-1,-1,-0.01,-1,-1,-0.01,-1,-1,-0.01,-1,-1
99926009,2026-05-18 15:09:18+05:30,53518.85,0,0.0,0,0.0,0.0,53282.15,53667.55,52783.45,53710.35,0,0.0,0.0,0.0,0.0,-0.01,-1,-1,-0.01,-1,-1,-0.01,-1,-1,-0.01,-1,-1,-0.01,-1,-1,-0.01,-1,-1,-0.01,-1,-1,-0.01,-1,-1,-0.01,-1,-1,-0.01,-1,-1
99926009,2026-05-18 15:09:18+05:30,53515.2,0,0.0,0,0.0,0.0,53282.15,53667.55,52783.45,53710.35,0,0.0,0.0,0.0,0.0,-0.01,-1,-1,-0.01,-1,-1,-0.01,-1,-1,-0.01,-1,-1,-0.01,-1,-1,-0.01,-1,-1,-0.01,-1,-1,-0.01,-1,-1,-0.01,-1,-1,-0.01,-1,-1
99926009,2026-05-18 15:09:18+05:30,53517.3,0,0.0,0,0.0,0.0,53282.15,53667.55,52783.45,53710.35,0,0.0,0.0,0.0,0.0,-0.01,-1,-1,-0.01,-1,-1,-0.01,-1,-1,-0.01,-1,-1,-0.01,-1,-1,-0.01,-1,-1,-0.01,-1,-1,-0.01,-1,-1,-0.01,-1,-1,-0.01,-1,-1
99926009,2026-05-18 15:09:19+05:30,53517.3,0,0.0,0,0.0,0.0,53282.15,53667.55,52783.45,53710.35,0,0.0,0.0,0.0,0.0,-0.01,-1,-1,-0.01,-1,-1,-0.01,-1,-1,-0.01,-1,-1,-0.01,-1,-1,-0.01,-1,-1,-0.01,-1,-1,-0.01,-1,-1,-0.01,-1,-1,-0.01,-1,-1
99926009,2026-05-18 15:09:19+05:30,53515.45,0,0.0,0,0.0,0.0,53282.15,53667.55,52783.45,53710.35,0,0.0,0.0,0.0,0.0,-0.01,-1,-1,-0.01,-1,-1,-0.01,-1,-1,-0.01,-1,-1,-0.01,-1,-1,-0.01,-1,-1,-0.01,-1,-1,-0.01,-1,-1,-0.01,-1,-1,-0.01,-1,-1
99926009,2026-05-18 15:09:19+05:30,53518.25,0,0.0,0,0.0,0.0,53282.15,53667.55,52783.45,53710.35,0,0.0,0.0,0.0,0.0,-0.01,-1,-1,-0.01,-1,-1,-0.01,-1,-1,-0.01,-1,-1,-0.01,-1,-1,-0.01,-1,-1,-0.01,-1,-1,-0.01,-1,-1,-0.01,-1,-1,-0.01,-1,-1
99926009,2026-05-18 15:09:20+05:30,53518.25,0,0.0,0,0.0,0.0,53282.15,53667.55,52783.45,53710.35,0,0.0,0.0,0.0,0.0,-0.01,-1,-1,-0.01,-1,-1,-0.01,-1,-1,-0.01,-1,-1,-0.01,-1,-1,-0.01,-1,-1,-0.01,-1,-1,-0.01,-1,-1,-0.01,-1,-1,-0.01,-1,-1
99926009,2026-05-18 15:09:20+05:30,53512.15,0,0.0,0,0.0,0.0,53282.15,53667.55,52783.45,53710.35,0,0.0,0.0,0.0,0.0,-0.01,-1,-1,-0.01,-1,-1,-0.01,-1,-1,-0.01,-1,-1,-0.01,-1,-1,-0.01,-1,-1,-0.01,-1,-1,-0.01,-1,-1,-0.01,-1,-1,-0.01,-1,-1
99926009,2026-05-18 15:09:20+05:30,53512.1,0,0.0,0,0.0,0.0,53282.15,53667.55,52783.45,53710.35,0,0.0,0.0,0.0,0.0,-0.01,-1,-1,-0.01,-1,-1,-0.01,-1,-1,-0.01,-1,-1,-0.01,-1,-1,-0.01,-1,-1,-0.01,-1,-1,-0.01,-1,-1,-0.01,-1,-1,-0.01,-1,-1
99926009,2026-05-18 15:09:21+05:30,53512.1,0,0.0,0,0.0,0.0,53282.15,53667.55,52783.45,53710.35,0,0.0,0.0,0.0,0.0,-0.01,-1,-1,-0.01,-1,-1,-0.01,-1,-1,-0.01,-1,-1,-0.01,-1,-1,-0.01,-1,-1,-0.01,-1,-1,-0.01,-1,-1,-0.01,-1,-1,-0.01,-1,-1
99926009,2026-05-18 15:09:21+05:30,53510.6,0,0.0,0,0.0,0.0,53282.15,53667.55,52783.45,53710.35,0,0.0,0.0,0.0,0.0,-0.01,-1,-1,-0.01,-1,-1,-0.01,-1,-1,-0.01,-1,-1,-0.01,-1,-1,-0.01,-1,-1,-0.01,-1,-1,-0.01,-1,-1,-0.01,-1,-1,-0.01,-1,-1
99926009,2026-05-18 15:09:21+05:30,53510.5,0,0.0,0,0.0,0.0,53282.15,53667.55,52783.45,53710.35,0,0.0,0.0,0.0,0.0,-0.01,-1,-1,-0.01,-1,-1,-0.01,-1,-1,-0.01,-1,-1,-0.01,-1,-1,-0.01,-1,-1,-0.01,-1,-1,-0.01,-1,-1,-0.01,-1,-1,-0.01,-1,-1
99926009,2026-05-18 15:09:22+05:30,53510.5,0,0.0,0,0.0,0.0,53282.15,53667.55,52783.45,53710.35,0,0.0,0.0,0.0,0.0,-0.01,-1,-1,-0.01,-1,-1,-0.01,-1,-1,-0.01,-1,-1,-0.01,-1,-1,-0.01,-1,-1,-0.01,-1,-1,-0.01,-1,-1,-0.01,-1,-1,-0.01,-1,-1
99926009,2026-05-18 15:09:22+05:30,53512.3,0,0.0,0,0.0,0.0,53282.15,53667.55,52783.45,53710.35,0,0.0,0.0,0.0,0.0,-0.01,-1,-1,-0.01,-1,-1,-0.01,-1,-1,-0.01,-1,-1,-0.01,-1,-1,-0.01,-1,-1,-0.01,-1,-1,-0.01,-1,-1,-0.01,-1,-1,-0.01,-1,-1
99926009,2026-05-18 15:09:22+05:30,53510.5,0,0.0,0,0.0,0.0,53282.15,53667.55,52783.45,53710.35,0,0.0,0.0,0.0,0.0,-0.01,-1,-1,-0.01,-1,-1,-0.01,-1,-1,-0.01,-1,-1,-0.01,-1,-1,-0.01,-1,-1,-0.01,-1,-1,-0.01,-1,-1,-0.01,-1,-1,-0.01,-1,-1
99926009,2026-05-18 15:09:23+05:30,53510.5,0,0.0,0,0.0,0.0,53282.15,53667.55,52783.45,53710.35,0,0.0,0.0,0.0,0.0,-0.01,-1,-1,-0.01,-1,-1,-0.01,-1,-1,-0.01,-1,-1,-0.01,-1,-1,-0.01,-1,-1,-0.01,-1,-1,-0.01,-1,-1,-0.01,-1,-1,-0.01,-1,-1
99926009,2026-05-18 15:09:23+05:30,53509.2,0,0.0,0,0.0,0.0,53282.15,53667.55,52783.45,53710.35,0,0.0,0.0,0.0,0.0,-0.01,-1,-1,-0.01,-1,-1,-0.01,-1,-1,-0.01,-1,-1,-0.01,-1,-1,-0.01,-1,-1,-0.01,-1,-1,-0.01,-1,-1,-0.01,-1,-1,-0.01,-1,-1
99926009,2026-05-18 15:09:23+05:30,53507.5,0,0.0,0,0.0,0.0,53282.15,53667.55,52783.45,53710.35,0,0.0,0.0,0.0,0.0,-0.01,-1,-1,-0.01,-1,-1,-0.01,-1,-1,-0.01,-1,-1,-0.01,-1,-1,-0.01,-1,-1,-0.01,-1,-1,-0.01,-1,-1,-0.01,-1,-1,-0.01,-1,-1
99926009,2026-05-18 15:09:24+05:30,53507.5,0,0.0,0,0.0,0.0,53282.15,53667.55,52783.45,53710.35,0,0.0,0.0,0.0,0.0,-0.01,-1,-1,-0.01,-1,-1,-0.01,-1,-1,-0.01,-1,-1,-0.01,-1,-1,-0.01,-1,-1,-0.01,-1,-1,-0.01,-1,-1,-0.01,-1,-1,-0.01,-1,-1
99926009,2026-05-18 15:09:24+05:30,53501.85,0,0.0,0,0.0,0.0,53282.15,53667.55,52783.45,53710.35,0,0.0,0.0,0.0,0.0,-0.01,-1,-1,-0.01,-1,-1,-0.01,-1,-1,-0.01,-1,-1,-0.01,-1,-1,-0.01,-1,-1,-0.01,-1,-1,-0.01,-1,-1,-0.01,-1,-1,-0.01,-1,-1
99926009,2026-05-18 15:09:24+05:30,53501.8,0,0.0,0,0.0,0.0,53282.15,53667.55,52783.45,53710.35,0,0.0,0.0,0.0,0.0,-0.01,-1,-1,-0.01,-1,-1,-0.01,-1,-1,-0.01,-1,-1,-0.01,-1,-1,-0.01,-1,-1,-0.01,-1,-1,-0.01,-1,-1,-0.01,-1,-1,-0.01,-1,-1
99926009,2026-05-18 15:09:25+05:30,53501.8,0,0.0,0,0.0,0.0,53282.15,53667.55,52783.45,53710.35,0,0.0,0.0,0.0,0.0,-0.01,-1,-1,-0.01,-1,-1,-0.01,-1,-1,-0.01,-1,-1,-0.01,-1,-1,-0.01,-1,-1,-0.01,-1,-1,-0.01,-1,-1,-0.01,-1,-1,-0.01,-1,-1
99926009,2026-05-18 15:09:25+05:30,53501.15,0,0.0,0,0.0,0.0,53282.15,53667.55,52783.45,53710.35,0,0.0,0.0,0.0,0.0,-0.01,-1,-1,-0.01,-1,-1,-0.01,-1,-1,-0.01,-1,-1,-0.01,-1,-1,-0.01,-1,-1,-0.01,-1,-1,-0.01,-1,-1,-0.01,-1,-1,-0.01,-1,-1
99926009,2026-05-18 15:09:25+05:30,53499.55,0,0.0,0,0.0,0.0,53282.15,53667.55,52783.45,53710.35,0,0.0,0.0,0.0,0.0,-0.01,-1,-1,-0.01,-1,-1,-0.01,-1,-1,-0.01,-1,-1,-0.01,-1,-1,-0.01,-1,-1,-0.01,-1,-1,-0.01,-1,-1,-0.01,-1,-1,-0.01,-1,-1
99926009,2026-05-18 15:09:26+05:30,53499.55,0,0.0,0,0.0,0.0,53282.15,53667.55,52783.45,53710.35,0,0.0,0.0,0.0,0.0,-0.01,-1,-1,-0.01,-1,-1,-0.01,-1,-1,-0.01,-1,-1,-0.01,-1,-1,-0.01,-1,-1,-0.01,-1,-1,-0.01,-1,-1,-0.01,-1,-1,-0.01,-1,-1
99926009,2026-05-18 15:09:26+05:30,53498.25,0,0.0,0,0.0,0.0,53282.15,53667.55,52783.45,53710.35,0,0.0,0.0,0.0,0.0,-0.01,-1,-1,-0.01,-1,-1,-0.01,-1,-1,-0.01,-1,-1,-0.01,-1,-1,-0.01,-1,-1,-0.01,-1,-1,-0.01,-1,-1,-0.01,-1,-1,-0.01,-1,-1
99926009,2026-05-18 15:09:26+05:30,53497.4,0,0.0,0,0.0,0.0,53282.15,53667.55,52783.45,53710.35,0,0.0,0.0,0.0,0.0,-0.01,-1,-1,-0.01,-1,-1,-0.01,-1,-1,-0.01,-1,-1,-0.01,-1,-1,-0.01,-1,-1,-0.01,-1,-1,-0.01,-1,-1,-0.01,-1,-1,-0.01,-1,-1
99926009,2026-05-18 15:09:27+05:30,53497.4,0,0.0,0,0.0,0.0,53282.15,53667.55,52783.45,53710.35,0,0.0,0.0,0.0,0.0,-0.01,-1,-1,-0.01,-1,-1,-0.01,-1,-1,-0.01,-1,-1,-0.01,-1,-1,-0.01,-1,-1,-0.01,-1,-1,-0.01,-1,-1,-0.01,-1,-1,-0.01,-1,-1
99926009,2026-05-18 15:09:27+05:30,53500.1,0,0.0,0,0.0,0.0,53282.15,53667.55,52783.45,53710.35,0,0.0,0.0,0.0,0.0,-0.01,-1,-1,-0.01,-1,-1,-0.01,-1,-1,-0.01,-1,-1,-0.01,-1,-1,-0.01,-1,-1,-0.01,-1,-1,-0.01,-1,-1,-0.01,-1,-1,-0.01,-1,-1
99926009,2026-05-18 15:09:27+05:30,53498.3,0,0.0,0,0.0,0.0,53282.15,53667.55,52783.45,53710.35,0,0.0,0.0,0.0,0.0,-0.01,-1,-1,-0.01,-1,-1,-0.01,-1,-1,-0.01,-1,-1,-0.01,-1,-1,-0.01,-1,-1,-0.01,-1,-1,-0.01,-1,-1,-0.01,-1,-1,-0.01,-1,-1
99926009,2026-05-18 15:09:28+05:30,53498.3,0,0.0,0,0.0,0.0,53282.15,53667.55,52783.45,53710.35,0,0.0,0.0,0.0,0.0,-0.01,-1,-1,-0.01,-1,-1,-0.01,-1,-1,-0.01,-1,-1,-0.01,-1,-1,-0.01,-1,-1,-0.01,-1,-1,-0.01,-1,-1,-0.01,-1,-1,-0.01,-1,-1
99926009,2026-05-18 15:09:28+05:30,53496.75,0,0.0,0,0.0,0.0,53282.15,53667.55,52783.45,53710.35,0,0.0,0.0,0.0,0.0,-0.01,-1,-1,-0.01,-1,-1,-0.01,-1,-1,-0.01,-1,-1,-0.01,-1,-1,-0.01,-1,-1,-0.01,-1,-1,-0.01,-1,-1,-0.01,-1,-1,-0.01,-1,-1
99926009,2026-05-18 15:09:28+05:30,53500.85,0,0.0,0,0.0,0.0,53282.15,53667.55,52783.45,53710.35,0,0.0,0.0,0.0,0.0,-0.01,-1,-1,-0.01,-1,-1,-0.01,-1,-1,-0.01,-1,-1,-0.01,-1,-1,-0.01,-1,-1,-0.01,-1,-1,-0.01,-1,-1,-0.01,-1,-1,-0.01,-1,-1
99926009,2026-05-18 15:09:29+05:30,53500.85,0,0.0,0,0.0,0.0,53282.15,53667.55,52783.45,53710.35,0,0.0,0.0,0.0,0.0,-0.01,-1,-1,-0.01,-1,-1,-0.01,-1,-1,-0.01,-1,-1,-0.01,-1,-1,-0.01,-1,-1,-0.01,-1,-1,-0.01,-1,-1,-0.01,-1,-1,-0.01,-1,-1
99926009,2026-05-18 15:09:29+05:30,53497.4,0,0.0,0,0.0,0.0,53282.15,53667.55,52783.45,53710.35,0,0.0,0.0,0.0,0.0,-0.01,-1,-1,-0.01,-1,-1,-0.01,-1,-1,-0.01,-1,-1,-0.01,-1,-1,-0.01,-1,-1,-0.01,-1,-1,-0.01,-1,-1,-0.01,-1,-1,-0.01,-1,-1
99926009,2026-05-18 15:09:29+05:30,53499.0,0,0.0,0,0.0,0.0,53282.15,53667.55,52783.45,53710.35,0,0.0,0.0,0.0,0.0,-0.01,-1,-1,-0.01,-1,-1,-0.01,-1,-1,-0.01,-1,-1,-0.01,-1,-1,-0.01,-1,-1,-0.01,-1,-1,-0.01,-1,-1,-0.01,-1,-1,-0.01,-1,-1
99926009,2026-05-18 15:09:30+05:30,53499.0,0,0.0,0,0.0,0.0,53282.15,53667.55,52783.45,53710.35,0,0.0,0.0,0.0,0.0,-0.01,-1,-1,-0.01,-1,-1,-0.01,-1,-1,-0.01,-1,-1,-0.01,-1,-1,-0.01,-1,-1,-0.01,-1,-1,-0.01,-1,-1,-0.01,-1,-1,-0.01,-1,-1
99926009,2026-05-18 15:09:30+05:30,53499.75,0,0.0,0,0.0,0.0,53282.15,53667.55,52783.45,53710.35,0,0.0,0.0,0.0,0.0,-0.01,-1,-1,-0.01,-1,-1,-0.01,-1,-1,-0.01,-1,-1,-0.01,-1,-1,-0.01,-1,-1,-0.01,-1,-1,-0.01,-1,-1,-0.01,-1,-1,-0.01,-1,-1
99926009,2026-05-18 15:09:30+05:30,53503.2,0,0.0,0,0.0,0.0,53282.15,53667.55,52783.45,53710.35,0,0.0,0.0,0.0,0.0,-0.01,-1,-1,-0.01,-1,-1,-0.01,-1,-1,-0.01,-1,-1,-0.01,-1,-1,-0.01,-1,-1,-0.01,-1,-1,-0.01,-1,-1,-0.01,-1,-1,-0.01,-1,-1
99926009,2026-05-18 15:09:31+05:30,53503.2,0,0.0,0,0.0,0.0,53282.15,53667.55,52783.45,53710.35,0,0.0,0.0,0.0,0.0,-0.01,-1,-1,-0.01,-1,-1,-0.01,-1,-1,-0.01,-1,-1,-0.01,-1,-1,-0.01,-1,-1,-0.01,-1,-1,-0.01,-1,-1,-0.01,-1,-1,-0.01,-1,-1
99926009,2026-05-18 15:09:31+05:30,53499.6,0,0.0,0,0.0,0.0,53282.15,53667.55,52783.45,53710.35,0,0.0,0.0,0.0,0.0,-0.01,-1,-1,-0.01,-1,-1,-0.01,-1,-1,-0.01,-1,-1,-0.01,-1,-1,-0.01,-1,-1,-0.01,-1,-1,-0.01,-1,-1,-0.01,-1,-1,-0.01,-1,-1
99926009,2026-05-18 15:09:31+05:30,53499.75,0,0.0,0,0.0,0.0,53282.15,53667.55,52783.45,53710.35,0,0.0,0.0,0.0,0.0,-0.01,-1,-1,-0.01,-1,-1,-0.01,-1,-1,-0.01,-1,-1,-0.01,-1,-1,-0.01,-1,-1,-0.01,-1,-1,-0.01,-1,-1,-0.01,-1,-1,-0.01,-1,-1
99926009,2026-05-18 15:09:32+05:30,53499.75,0,0.0,0,0.0,0.0,53282.15,53667.55,52783.45,53710.35,0,0.0,0.0,0.0,0.0,-0.01,-1,-1,-0.01,-1,-1,-0.01,-1,-1,-0.01,-1,-1,-0.01,-1,-1,-0.01,-1,-1,-0.01,-1,-1,-0.01,-1,-1,-0.01,-1,-1,-0.01,-1,-1
99926009,2026-05-18 15:09:32+05:30,53499.9,0,0.0,0,0.0,0.0,53282.15,53667.55,52783.45,53710.35,0,0.0,0.0,0.0,0.0,-0.01,-1,-1,-0.01,-1,-1,-0.01,-1,-1,-0.01,-1,-1,-0.01,-1,-1,-0.01,-1,-1,-0.01,-1,-1,-0.01,-1,-1,-0.01,-1,-1,-0.01,-1,-1
99926009,2026-05-18 15:09:32+05:30,53497.45,0,0.0,0,0.0,0.0,53282.15,53667.55,52783.45,53710.35,0,0.0,0.0,0.0,0.0,-0.01,-1,-1,-0.01,-1,-1,-0.01,-1,-1,-0.01,-1,-1,-0.01,-1,-1,-0.01,-1,-1,-0.01,-1,-1,-0.01,-1,-1,-0.01,-1,-1,-0.01,-1,-1
99926009,2026-05-18 15:09:33+05:30,53497.45,0,0.0,0,0.0,0.0,53282.15,53667.55,52783.45,53710.35,0,0.0,0.0,0.0,0.0,-0.01,-1,-1,-0.01,-1,-1,-0.01,-1,-1,-0.01,-1,-1,-0.01,-1,-1,-0.01,-1,-1,-0.01,-1,-1,-0.01,-1,-1,-0.01,-1,-1,-0.01,-1,-1
99926009,2026-05-18 15:09:33+05:30,53497.25,0,0.0,0,0.0,0.0,53282.15,53667.55,52783.45,53710.35,0,0.0,0.0,0.0,0.0,-0.01,-1,-1,-0.01,-1,-1,-0.01,-1,-1,-0.01,-1,-1,-0.01,-1,-1,-0.01,-1,-1,-0.01,-1,-1,-0.01,-1,-1,-0.01,-1,-1,-0.01,-1,-1
99926009,2026-05-18 15:09:33+05:30,53499.85,0,0.0,0,0.0,0.0,53282.15,53667.55,52783.45,53710.35,0,0.0,0.0,0.0,0.0,-0.01,-1,-1,-0.01,-1,-1,-0.01,-1,-1,-0.01,-1,-1,-0.01,-1,-1,-0.01,-1,-1,-0.01,-1,-1,-0.01,-1,-1,-0.01,-1,-1,-0.01,-1,-1
99926009,2026-05-18 15:09:34+05:30,53499.85,0,0.0,0,0.0,0.0,53282.15,53667.55,52783.45,53710.35,0,0.0,0.0,0.0,0.0,-0.01,-1,-1,-0.01,-1,-1,-0.01,-1,-1,-0.01,-1,-1,-0.01,-1,-1,-0.01,-1,-1,-0.01,-1,-1,-0.01,-1,-1,-0.01,-1,-1,-0.01,-1,-1
99926009,2026-05-18 15:09:34+05:30,53500.15,0,0.0,0,0.0,0.0,53282.15,53667.55,52783.45,53710.35,0,0.0,0.0,0.0,0.0,-0.01,-1,-1,-0.01,-1,-1,-0.01,-1,-1,-0.01,-1,-1,-0.01,-1,-1,-0.01,-1,-1,-0.01,-1,-1,-0.01,-1,-1,-0.01,-1,-1,-0.01,-1,-1
99926009,2026-05-18 15:09:34+05:30,53496.8,0,0.0,0,0.0,0.0,53282.15,53667.55,52783.45,53710.35,0,0.0,0.0,0.0,0.0,-0.01,-1,-1,-0.01,-1,-1,-0.01,-1,-1,-0.01,-1,-1,-0.01,-1,-1,-0.01,-1,-1,-0.01,-1,-1,-0.01,-1,-1,-0.01,-1,-1,-0.01,-1,-1
99926009,2026-05-18 15:09:35+05:30,53496.8,0,0.0,0,0.0,0.0,53282.15,53667.55,52783.45,53710.35,0,0.0,0.0,0.0,0.0,-0.01,-1,-1,-0.01,-1,-1,-0.01,-1,-1,-0.01,-1,-1,-0.01,-1,-1,-0.01,-1,-1,-0.01,-1,-1,-0.01,-1,-1,-0.01,-1,-1,-0.01,-1,-1
99926009,2026-05-18 15:09:35+05:30,53500.8,0,0.0,0,0.0,0.0,53282.15,53667.55,52783.45,53710.35,0,0.0,0.0,0.0,0.0,-0.01,-1,-1,-0.01,-1,-1,-0.01,-1,-1,-0.01,-1,-1,-0.01,-1,-1,-0.01,-1,-1,-0.01,-1,-1,-0.01,-1,-1,-0.01,-1,-1,-0.01,-1,-1
99926009,2026-05-18 15:09:35+05:30,53500.65,0,0.0,0,0.0,0.0,53282.15,53667.55,52783.45,53710.35,0,0.0,0.0,0.0,0.0,-0.01,-1,-1,-0.01,-1,-1,-0.01,-1,-1,-0.01,-1,-1,-0.01,-1,-1,-0.01,-1,-1,-0.01,-1,-1,-0.01,-1,-1,-0.01,-1,-1,-0.01,-1,-1
99926009,2026-05-18 15:09:36+05:30,53500.65,0,0.0,0,0.0,0.0,53282.15,53667.55,52783.45,53710.35,0,0.0,0.0,0.0,0.0,-0.01,-1,-1,-0.01,-1,-1,-0.01,-1,-1,-0.01,-1,-1,-0.01,-1,-1,-0.01,-1,-1,-0.01,-1,-1,-0.01,-1,-1,-0.01,-1,-1,-0.01,-1,-1
99926009,2026-05-18 15:09:36+05:30,53500.05,0,0.0,0,0.0,0.0,53282.15,53667.55,52783.45,53710.35,0,0.0,0.0,0.0,0.0,-0.01,-1,-1,-0.01,-1,-1,-0.01,-1,-1,-0.01,-1,-1,-0.01,-1,-1,-0.01,-1,-1,-0.01,-1,-1,-0.01,-1,-1,-0.01,-1,-1,-0.01,-1,-1
99926009,2026-05-18 15:09:36+05:30,53498.1,0,0.0,0,0.0,0.0,53282.15,53667.55,52783.45,53710.35,0,0.0,0.0,0.0,0.0,-0.01,-1,-1,-0.01,-1,-1,-0.01,-1,-1,-0.01,-1,-1,-0.01,-1,-1,-0.01,-1,-1,-0.01,-1,-1,-0.01,-1,-1,-0.01,-1,-1,-0.01,-1,-1
99926009,2026-05-18 15:09:37+05:30,53498.1,0,0.0,0,0.0,0.0,53282.15,53667.55,52783.45,53710.35,0,0.0,0.0,0.0,0.0,-0.01,-1,-1,-0.01,-1,-1,-0.01,-1,-1,-0.01,-1,-1,-0.01,-1,-1,-0.01,-1,-1,-0.01,-1,-1,-0.01,-1,-1,-0.01,-1,-1,-0.01,-1,-1
99926009,2026-05-18 15:09:37+05:30,53503.55,0,0.0,0,0.0,0.0,53282.15,53667.55,52783.45,53710.35,0,0.0,0.0,0.0,0.0,-0.01,-1,-1,-0.01,-1,-1,-0.01,-1,-1,-0.01,-1,-1,-0.01,-1,-1,-0.01,-1,-1,-0.01,-1,-1,-0.01,-1,-1,-0.01,-1,-1,-0.01,-1,-1
99926009,2026-05-18 15:09:37+05:30,53499.95,0,0.0,0,0.0,0.0,53282.15,53667.55,52783.45,53710.35,0,0.0,0.0,0.0,0.0,-0.01,-1,-1,-0.01,-1,-1,-0.01,-1,-1,-0.01,-1,-1,-0.01,-1,-1,-0.01,-1,-1,-0.01,-1,-1,-0.01,-1,-1,-0.01,-1,-1,-0.01,-1,-1
99926009,2026-05-18 15:09:38+05:30,53499.95,0,0.0,0,0.0,0.0,53282.15,53667.55,52783.45,53710.35,0,0.0,0.0,0.0,0.0,-0.01,-1,-1,-0.01,-1,-1,-0.01,-1,-1,-0.01,-1,-1,-0.01,-1,-1,-0.01,-1,-1,-0.01,-1,-1,-0.01,-1,-1,-0.01,-1,-1,-0.01,-1,-1
99926009,2026-05-18 15:09:38+05:30,53500.65,0,0.0,0,0.0,0.0,53282.15,53667.55,52783.45,53710.35,0,0.0,0.0,0.0,0.0,-0.01,-1,-1,-0.01,-1,-1,-0.01,-1,-1,-0.01,-1,-1,-0.01,-1,-1,-0.01,-1,-1,-0.01,-1,-1,-0.01,-1,-1,-0.01,-1,-1,-0.01,-1,-1
99926009,2026-05-18 15:09:38+05:30,53500.15,0,0.0,0,0.0,0.0,53282.15,53667.55,52783.45,53710.35,0,0.0,0.0,0.0,0.0,-0.01,-1,-1,-0.01,-1,-1,-0.01,-1,-1,-0.01,-1,-1,-0.01,-1,-1,-0.01,-1,-1,-0.01,-1,-1,-0.01,-1,-1,-0.01,-1,-1,-0.01,-1,-1
99926009,2026-05-18 15:09:39+05:30,53500.15,0,0.0,0,0.0,0.0,53282.15,53667.55,52783.45,53710.35,0,0.0,0.0,0.0,0.0,-0.01,-1,-1,-0.01,-1,-1,-0.01,-1,-1,-0.01,-1,-1,-0.01,-1,-1,-0.01,-1,-1,-0.01,-1,-1,-0.01,-1,-1,-0.01,-1,-1,-0.01,-1,-1
99926009,2026-05-18 15:09:39+05:30,53500.2,0,0.0,0,0.0,0.0,53282.15,53667.55,52783.45,53710.35,0,0.0,0.0,0.0,0.0,-0.01,-1,-1,-0.01,-1,-1,-0.01,-1,-1,-0.01,-1,-1,-0.01,-1,-1,-0.01,-1,-1,-0.01,-1,-1,-0.01,-1,-1,-0.01,-1,-1,-0.01,-1,-1
99926009,2026-05-18 15:09:39+05:30,53501.75,0,0.0,0,0.0,0.0,53282.15,53667.55,52783.45,53710.35,0,0.0,0.0,0.0,0.0,-0.01,-1,-1,-0.01,-1,-1,-0.01,-1,-1,-0.01,-1,-1,-0.01,-1,-1,-0.01,-1,-1,-0.01,-1,-1,-0.01,-1,-1,-0.01,-1,-1,-0.01,-1,-1
99926009,2026-05-18 15:09:40+05:30,53501.75,0,0.0,0,0.0,0.0,53282.15,53667.55,52783.45,53710.35,0,0.0,0.0,0.0,0.0,-0.01,-1,-1,-0.01,-1,-1,-0.01,-1,-1,-0.01,-1,-1,-0.01,-1,-1,-0.01,-1,-1,-0.01,-1,-1,-0.01,-1,-1,-0.01,-1,-1,-0.01,-1,-1
99926009,2026-05-18 15:09:40+05:30,53503.2,0,0.0,0,0.0,0.0,53282.15,53667.55,52783.45,53710.35,0,0.0,0.0,0.0,0.0,-0.01,-1,-1,-0.01,-1,-1,-0.01,-1,-1,-0.01,-1,-1,-0.01,-1,-1,-0.01,-1,-1,-0.01,-1,-1,-0.01,-1,-1,-0.01,-1,-1,-0.01,-1,-1
99926009,2026-05-18 15:09:40+05:30,53500.7,0,0.0,0,0.0,0.0,53282.15,53667.55,52783.45,53710.35,0,0.0,0.0,0.0,0.0,-0.01,-1,-1,-0.01,-1,-1,-0.01,-1,-1,-0.01,-1,-1,-0.01,-1,-1,-0.01,-1,-1,-0.01,-1,-1,-0.01,-1,-1,-0.01,-1,-1,-0.01,-1,-1
99926009,2026-05-18 15:09:41+05:30,53500.7,0,0.0,0,0.0,0.0,53282.15,53667.55,52783.45,53710.35,0,0.0,0.0,0.0,0.0,-0.01,-1,-1,-0.01,-1,-1,-0.01,-1,-1,-0.01,-1,-1,-0.01,-1,-1,-0.01,-1,-1,-0.01,-1,-1,-0.01,-1,-1,-0.01,-1,-1,-0.01,-1,-1
99926009,2026-05-18 15:09:41+05:30,53501.1,0,0.0,0,0.0,0.0,53282.15,53667.55,52783.45,53710.35,0,0.0,0.0,0.0,0.0,-0.01,-1,-1,-0.01,-1,-1,-0.01,-1,-1,-0.01,-1,-1,-0.01,-1,-1,-0.01,-1,-1,-0.01,-1,-1,-0.01,-1,-1,-0.01,-1,-1,-0.01,-1,-1
99926009,2026-05-18 15:09:41+05:30,53502.2,0,0.0,0,0.0,0.0,53282.15,53667.55,52783.45,53710.35,0,0.0,0.0,0.0,0.0,-0.01,-1,-1,-0.01,-1,-1,-0.01,-1,-1,-0.01,-1,-1,-0.01,-1,-1,-0.01,-1,-1,-0.01,-1,-1,-0.01,-1,-1,-0.01,-1,-1,-0.01,-1,-1
99926009,2026-05-18 15:09:42+05:30,53502.2,0,0.0,0,0.0,0.0,53282.15,53667.55,52783.45,53710.35,0,0.0,0.0,0.0,0.0,-0.01,-1,-1,-0.01,-1,-1,-0.01,-1,-1,-0.01,-1,-1,-0.01,-1,-1,-0.01,-1,-1,-0.01,-1,-1,-0.01,-1,-1,-0.01,-1,-1,-0.01,-1,-1
99926009,2026-05-18 15:09:42+05:30,53504.5,0,0.0,0,0.0,0.0,53282.15,53667.55,52783.45,53710.35,0,0.0,0.0,0.0,0.0,-0.01,-1,-1,-0.01,-1,-1,-0.01,-1,-1,-0.01,-1,-1,-0.01,-1,-1,-0.01,-1,-1,-0.01,-1,-1,-0.01,-1,-1,-0.01,-1,-1,-0.01,-1,-1
99926009,2026-05-18 15:09:42+05:30,53502.9,0,0.0,0,0.0,0.0,53282.15,53667.55,52783.45,53710.35,0,0.0,0.0,0.0,0.0,-0.01,-1,-1,-0.01,-1,-1,-0.01,-1,-1,-0.01,-1,-1,-0.01,-1,-1,-0.01,-1,-1,-0.01,-1,-1,-0.01,-1,-1,-0.01,-1,-1,-0.01,-1,-1
99926009,2026-05-18 15:09:43+05:30,53502.9,0,0.0,0,0.0,0.0,53282.15,53667.55,52783.45,53710.35,0,0.0,0.0,0.0,0.0,-0.01,-1,-1,-0.01,-1,-1,-0.01,-1,-1,-0.01,-1,-1,-0.01,-1,-1,-0.01,-1,-1,-0.01,-1,-1,-0.01,-1,-1,-0.01,-1,-1,-0.01,-1,-1
99926009,2026-05-18 15:09:43+05:30,53501.15,0,0.0,0,0.0,0.0,53282.15,53667.55,52783.45,53710.35,0,0.0,0.0,0.0,0.0,-0.01,-1,-1,-0.01,-1,-1,-0.01,-1,-1,-0.01,-1,-1,-0.01,-1,-1,-0.01,-1,-1,-0.01,-1,-1,-0.01,-1,-1,-0.01,-1,-1,-0.01,-1,-1
99926009,2026-05-18 15:09:43+05:30,53504.7,0,0.0,0,0.0,0.0,53282.15,53667.55,52783.45,53710.35,0,0.0,0.0,0.0,0.0,-0.01,-1,-1,-0.01,-1,-1,-0.01,-1,-1,-0.01,-1,-1,-0.01,-1,-1,-0.01,-1,-1,-0.01,-1,-1,-0.01,-1,-1,-0.01,-1,-1,-0.01,-1,-1
99926009,2026-05-18 15:09:44+05:30,53504.7,0,0.0,0,0.0,0.0,53282.15,53667.55,52783.45,53710.35,0,0.0,0.0,0.0,0.0,-0.01,-1,-1,-0.01,-1,-1,-0.01,-1,-1,-0.01,-1,-1,-0.01,-1,-1,-0.01,-1,-1,-0.01,-1,-1,-0.01,-1,-1,-0.01,-1,-1,-0.01,-1,-1
99926009,2026-05-18 15:09:44+05:30,53503.15,0,0.0,0,0.0,0.0,53282.15,53667.55,52783.45,53710.35,0,0.0,0.0,0.0,0.0,-0.01,-1,-1,-0.01,-1,-1,-0.01,-1,-1,-0.01,-1,-1,-0.01,-1,-1,-0.01,-1,-1,-0.01,-1,-1,-0.01,-1,-1,-0.01,-1,-1,-0.01,-1,-1
99926009,2026-05-18 15:09:44+05:30,53507.2,0,0.0,0,0.0,0.0,53282.15,53667.55,52783.45,53710.35,0,0.0,0.0,0.0,0.0,-0.01,-1,-1,-0.01,-1,-1,-0.01,-1,-1,-0.01,-1,-1,-0.01,-1,-1,-0.01,-1,-1,-0.01,-1,-1,-0.01,-1,-1,-0.01,-1,-1,-0.01,-1,-1
99926009,2026-05-18 15:09:45+05:30,53507.2,0,0.0,0,0.0,0.0,53282.15,53667.55,52783.45,53710.35,0,0.0,0.0,0.0,0.0,-0.01,-1,-1,-0.01,-1,-1,-0.01,-1,-1,-0.01,-1,-1,-0.01,-1,-1,-0.01,-1,-1,-0.01,-1,-1,-0.01,-1,-1,-0.01,-1,-1,-0.01,-1,-1
99926009,2026-05-18 15:09:45+05:30,53508.7,0,0.0,0,0.0,0.0,53282.15,53667.55,52783.45,53710.35,0,0.0,0.0,0.0,0.0,-0.01,-1,-1,-0.01,-1,-1,-0.01,-1,-1,-0.01,-1,-1,-0.01,-1,-1,-0.01,-1,-1,-0.01,-1,-1,-0.01,-1,-1,-0.01,-1,-1,-0.01,-1,-1
99926009,2026-05-18 15:09:45+05:30,53509.95,0,0.0,0,0.0,0.0,53282.15,53667.55,52783.45,53710.35,0,0.0,0.0,0.0,0.0,-0.01,-1,-1,-0.01,-1,-1,-0.01,-1,-1,-0.01,-1,-1,-0.01,-1,-1,-0.01,-1,-1,-0.01,-1,-1,-0.01,-1,-1,-0.01,-1,-1,-0.01,-1,-1
99926009,2026-05-18 15:09:46+05:30,53509.95,0,0.0,0,0.0,0.0,53282.15,53667.55,52783.45,53710.35,0,0.0,0.0,0.0,0.0,-0.01,-1,-1,-0.01,-1,-1,-0.01,-1,-1,-0.01,-1,-1,-0.01,-1,-1,-0.01,-1,-1,-0.01,-1,-1,-0.01,-1,-1,-0.01,-1,-1,-0.01,-1,-1
99926009,2026-05-18 15:09:46+05:30,53504.0,0,0.0,0,0.0,0.0,53282.15,53667.55,52783.45,53710.35,0,0.0,0.0,0.0,0.0,-0.01,-1,-1,-0.01,-1,-1,-0.01,-1,-1,-0.01,-1,-1,-0.01,-1,-1,-0.01,-1,-1,-0.01,-1,-1,-0.01,-1,-1,-0.01,-1,-1,-0.01,-1,-1
99926009,2026-05-18 15:09:46+05:30,53506.6,0,0.0,0,0.0,0.0,53282.15,53667.55,52783.45,53710.35,0,0.0,0.0,0.0,0.0,-0.01,-1,-1,-0.01,-1,-1,-0.01,-1,-1,-0.01,-1,-1,-0.01,-1,-1,-0.01,-1,-1,-0.01,-1,-1,-0.01,-1,-1,-0.01,-1,-1,-0.01,-1,-1
99926009,2026-05-18 15:09:47+05:30,53506.6,0,0.0,0,0.0,0.0,53282.15,53667.55,52783.45,53710.35,0,0.0,0.0,0.0,0.0,-0.01,-1,-1,-0.01,-1,-1,-0.01,-1,-1,-0.01,-1,-1,-0.01,-1,-1,-0.01,-1,-1,-0.01,-1,-1,-0.01,-1,-1,-0.01,-1,-1,-0.01,-1,-1
99926009,2026-05-18 15:09:47+05:30,53505.55,0,0.0,0,0.0,0.0,53282.15,53667.55,52783.45,53710.35,0,0.0,0.0,0.0,0.0,-0.01,-1,-1,-0.01,-1,-1,-0.01,-1,-1,-0.01,-1,-1,-0.01,-1,-1,-0.01,-1,-1,-0.01,-1,-1,-0.01,-1,-1,-0.01,-1,-1,-0.01,-1,-1
99926009,2026-05-18 15:09:47+05:30,53502.2,0,0.0,0,0.0,0.0,53282.15,53667.55,52783.45,53710.35,0,0.0,0.0,0.0,0.0,-0.01,-1,-1,-0.01,-1,-1,-0.01,-1,-1,-0.01,-1,-1,-0.01,-1,-1,-0.01,-1,-1,-0.01,-1,-1,-0.01,-1,-1,-0.01,-1,-1,-0.01,-1,-1
99926009,2026-05-18 15:09:48+05:30,53502.2,0,0.0,0,0.0,0.0,53282.15,53667.55,52783.45,53710.35,0,0.0,0.0,0.0,0.0,-0.01,-1,-1,-0.01,-1,-1,-0.01,-1,-1,-0.01,-1,-1,-0.01,-1,-1,-0.01,-1,-1,-0.01,-1,-1,-0.01,-1,-1,-0.01,-1,-1,-0.01,-1,-1
99926009,2026-05-18 15:09:48+05:30,53503.0,0,0.0,0,0.0,0.0,53282.15,53667.55,52783.45,53710.35,0,0.0,0.0,0.0,0.0,-0.01,-1,-1,-0.01,-1,-1,-0.01,-1,-1,-0.01,-1,-1,-0.01,-1,-1,-0.01,-1,-1,-0.01,-1,-1,-0.01,-1,-1,-0.01,-1,-1,-0.01,-1,-1
99926009,2026-05-18 15:09:48+05:30,53505.65,0,0.0,0,0.0,0.0,53282.15,53667.55,52783.45,53710.35,0,0.0,0.0,0.0,0.0,-0.01,-1,-1,-0.01,-1,-1,-0.01,-1,-1,-0.01,-1,-1,-0.01,-1,-1,-0.01,-1,-1,-0.01,-1,-1,-0.01,-1,-1,-0.01,-1,-1,-0.01,-1,-1
99926009,2026-05-18 15:09:49+05:30,53505.65,0,0.0,0,0.0,0.0,53282.15,53667.55,52783.45,53710.35,0,0.0,0.0,0.0,0.0,-0.01,-1,-1,-0.01,-1,-1,-0.01,-1,-1,-0.01,-1,-1,-0.01,-1,-1,-0.01,-1,-1,-0.01,-1,-1,-0.01,-1,-1,-0.01,-1,-1,-0.01,-1,-1
99926009,2026-05-18 15:09:49+05:30,53507.55,0,0.0,0,0.0,0.0,53282.15,53667.55,52783.45,53710.35,0,0.0,0.0,0.0,0.0,-0.01,-1,-1,-0.01,-1,-1,-0.01,-1,-1,-0.01,-1,-1,-0.01,-1,-1,-0.01,-1,-1,-0.01,-1,-1,-0.01,-1,-1,-0.01,-1,-1,-0.01,-1,-1
99926009,2026-05-18 15:09:49+05:30,53505.4,0,0.0,0,0.0,0.0,53282.15,53667.55,52783.45,53710.35,0,0.0,0.0,0.0,0.0,-0.01,-1,-1,-0.01,-1,-1,-0.01,-1,-1,-0.01,-1,-1,-0.01,-1,-1,-0.01,-1,-1,-0.01,-1,-1,-0.01,-1,-1,-0.01,-1,-1,-0.01,-1,-1
99926009,2026-05-18 15:09:50+05:30,53505.4,0,0.0,0,0.0,0.0,53282.15,53667.55,52783.45,53710.35,0,0.0,0.0,0.0,0.0,-0.01,-1,-1,-0.01,-1,-1,-0.01,-1,-1,-0.01,-1,-1,-0.01,-1,-1,-0.01,-1,-1,-0.01,-1,-1,-0.01,-1,-1,-0.01,-1,-1,-0.01,-1,-1
99926009,2026-05-18 15:09:50+05:30,53509.85,0,0.0,0,0.0,0.0,53282.15,53667.55,52783.45,53710.35,0,0.0,0.0,0.0,0.0,-0.01,-1,-1,-0.01,-1,-1,-0.01,-1,-1,-0.01,-1,-1,-0.01,-1,-1,-0.01,-1,-1,-0.01,-1,-1,-0.01,-1,-1,-0.01,-1,-1,-0.01,-1,-1
99926009,2026-05-18 15:09:50+05:30,53507.55,0,0.0,0,0.0,0.0,53282.15,53667.55,52783.45,53710.35,0,0.0,0.0,0.0,0.0,-0.01,-1,-1,-0.01,-1,-1,-0.01,-1,-1,-0.01,-1,-1,-0.01,-1,-1,-0.01,-1,-1,-0.01,-1,-1,-0.01,-1,-1,-0.01,-1,-1,-0.01,-1,-1
99926009,2026-05-18 15:09:51+05:30,53507.55,0,0.0,0,0.0,0.0,53282.15,53667.55,52783.45,53710.35,0,0.0,0.0,0.0,0.0,-0.01,-1,-1,-0.01,-1,-1,-0.01,-1,-1,-0.01,-1,-1,-0.01,-1,-1,-0.01,-1,-1,-0.01,-1,-1,-0.01,-1,-1,-0.01,-1,-1,-0.01,-1,-1
99926009,2026-05-18 15:09:51+05:30,53510.25,0,0.0,0,0.0,0.0,53282.15,53667.55,52783.45,53710.35,0,0.0,0.0,0.0,0.0,-0.01,-1,-1,-0.01,-1,-1,-0.01,-1,-1,-0.01,-1,-1,-0.01,-1,-1,-0.01,-1,-1,-0.01,-1,-1,-0.01,-1,-1,-0.01,-1,-1,-0.01,-1,-1
99926009,2026-05-18 15:09:51+05:30,53509.5,0,0.0,0,0.0,0.0,53282.15,53667.55,52783.45,53710.35,0,0.0,0.0,0.0,0.0,-0.01,-1,-1,-0.01,-1,-1,-0.01,-1,-1,-0.01,-1,-1,-0.01,-1,-1,-0.01,-1,-1,-0.01,-1,-1,-0.01,-1,-1,-0.01,-1,-1,-0.01,-1,-1
99926009,2026-05-18 15:09:52+05:30,53509.5,0,0.0,0,0.0,0.0,53282.15,53667.55,52783.45,53710.35,0,0.0,0.0,0.0,0.0,-0.01,-1,-1,-0.01,-1,-1,-0.01,-1,-1,-0.01,-1,-1,-0.01,-1,-1,-0.01,-1,-1,-0.01,-1,-1,-0.01,-1,-1,-0.01,-1,-1,-0.01,-1,-1
99926009,2026-05-18 15:09:52+05:30,53509.1,0,0.0,0,0.0,0.0,53282.15,53667.55,52783.45,53710.35,0,0.0,0.0,0.0,0.0,-0.01,-1,-1,-0.01,-1,-1,-0.01,-1,-1,-0.01,-1,-1,-0.01,-1,-1,-0.01,-1,-1,-0.01,-1,-1,-0.01,-1,-1,-0.01,-1,-1,-0.01,-1,-1
99926009,2026-05-18 15:09:52+05:30,53508.2,0,0.0,0,0.0,0.0,53282.15,53667.55,52783.45,53710.35,0,0.0,0.0,0.0,0.0,-0.01,-1,-1,-0.01,-1,-1,-0.01,-1,-1,-0.01,-1,-1,-0.01,-1,-1,-0.01,-1,-1,-0.01,-1,-1,-0.01,-1,-1,-0.01,-1,-1,-0.01,-1,-1
99926009,2026-05-18 15:09:53+05:30,53508.2,0,0.0,0,0.0,0.0,53282.15,53667.55,52783.45,53710.35,0,0.0,0.0,0.0,0.0,-0.01,-1,-1,-0.01,-1,-1,-0.01,-1,-1,-0.01,-1,-1,-0.01,-1,-1,-0.01,-1,-1,-0.01,-1,-1,-0.01,-1,-1,-0.01,-1,-1,-0.01,-1,-1
99926009,2026-05-18 15:09:53+05:30,53510.7,0,0.0,0,0.0,0.0,53282.15,53667.55,52783.45,53710.35,0,0.0,0.0,0.0,0.0,-0.01,-1,-1,-0.01,-1,-1,-0.01,-1,-1,-0.01,-1,-1,-0.01,-1,-1,-0.01,-1,-1,-0.01,-1,-1,-0.01,-1,-1,-0.01,-1,-1,-0.01,-1,-1
99926009,2026-05-18 15:09:53+05:30,53519.3,0,0.0,0,0.0,0.0,53282.15,53667.55,52783.45,53710.35,0,0.0,0.0,0.0,0.0,-0.01,-1,-1,-0.01,-1,-1,-0.01,-1,-1,-0.01,-1,-1,-0.01,-1,-1,-0.01,-1,-1,-0.01,-1,-1,-0.01,-1,-1,-0.01,-1,-1,-0.01,-1,-1
99926009,2026-05-18 15:09:54+05:30,53519.3,0,0.0,0,0.0,0.0,53282.15,53667.55,52783.45,53710.35,0,0.0,0.0,0.0,0.0,-0.01,-1,-1,-0.01,-1,-1,-0.01,-1,-1,-0.01,-1,-1,-0.01,-1,-1,-0.01,-1,-1,-0.01,-1,-1,-0.01,-1,-1,-0.01,-1,-1,-0.01,-1,-1
99926009,2026-05-18 15:09:54+05:30,53517.25,0,0.0,0,0.0,0.0,53282.15,53667.55,52783.45,53710.35,0,0.0,0.0,0.0,0.0,-0.01,-1,-1,-0.01,-1,-1,-0.01,-1,-1,-0.01,-1,-1,-0.01,-1,-1,-0.01,-1,-1,-0.01,-1,-1,-0.01,-1,-1,-0.01,-1,-1,-0.01,-1,-1
99926009,2026-05-18 15:09:54+05:30,53515.5,0,0.0,0,0.0,0.0,53282.15,53667.55,52783.45,53710.35,0,0.0,0.0,0.0,0.0,-0.01,-1,-1,-0.01,-1,-1,-0.01,-1,-1,-0.01,-1,-1,-0.01,-1,-1,-0.01,-1,-1,-0.01,-1,-1,-0.01,-1,-1,-0.01,-1,-1,-0.01,-1,-1
99926009,2026-05-18 15:09:55+05:30,53515.5,0,0.0,0,0.0,0.0,53282.15,53667.55,52783.45,53710.35,0,0.0,0.0,0.0,0.0,-0.01,-1,-1,-0.01,-1,-1,-0.01,-1,-1,-0.01,-1,-1,-0.01,-1,-1,-0.01,-1,-1,-0.01,-1,-1,-0.01,-1,-1,-0.01,-1,-1,-0.01,-1,-1
99926009,2026-05-18 15:09:55+05:30,53520.95,0,0.0,0,0.0,0.0,53282.15,53667.55,52783.45,53710.35,0,0.0,0.0,0.0,0.0,-0.01,-1,-1,-0.01,-1,-1,-0.01,-1,-1,-0.01,-1,-1,-0.01,-1,-1,-0.01,-1,-1,-0.01,-1,-1,-0.01,-1,-1,-0.01,-1,-1,-0.01,-1,-1
99926009,2026-05-18 15:09:55+05:30,53521.3,0,0.0,0,0.0,0.0,53282.15,53667.55,52783.45,53710.35,0,0.0,0.0,0.0,0.0,-0.01,-1,-1,-0.01,-1,-1,-0.01,-1,-1,-0.01,-1,-1,-0.01,-1,-1,-0.01,-1,-1,-0.01,-1,-1,-0.01,-1,-1,-0.01,-1,-1,-0.01,-1,-1
99926009,2026-05-18 15:09:56+05:30,53521.3,0,0.0,0,0.0,0.0,53282.15,53667.55,52783.45,53710.35,0,0.0,0.0,0.0,0.0,-0.01,-1,-1,-0.01,-1,-1,-0.01,-1,-1,-0.01,-1,-1,-0.01,-1,-1,-0.01,-1,-1,-0.01,-1,-1,-0.01,-1,-1,-0.01,-1,-1,-0.01,-1,-1
99926009,2026-05-18 15:09:56+05:30,53522.05,0,0.0,0,0.0,0.0,53282.15,53667.55,52783.45,53710.35,0,0.0,0.0,0.0,0.0,-0.01,-1,-1,-0.01,-1,-1,-0.01,-1,-1,-0.01,-1,-1,-0.01,-1,-1,-0.01,-1,-1,-0.01,-1,-1,-0.01,-1,-1,-0.01,-1,-1,-0.01,-1,-1
99926009,2026-05-18 15:09:56+05:30,53522.4,0,0.0,0,0.0,0.0,53282.15,53667.55,52783.45,53710.35,0,0.0,0.0,0.0,0.0,-0.01,-1,-1,-0.01,-1,-1,-0.01,-1,-1,-0.01,-1,-1,-0.01,-1,-1,-0.01,-1,-1,-0.01,-1,-1,-0.01,-1,-1,-0.01,-1,-1,-0.01,-1,-1
99926009,2026-05-18 15:09:57+05:30,53522.4,0,0.0,0,0.0,0.0,53282.15,53667.55,52783.45,53710.35,0,0.0,0.0,0.0,0.0,-0.01,-1,-1,-0.01,-1,-1,-0.01,-1,-1,-0.01,-1,-1,-0.01,-1,-1,-0.01,-1,-1,-0.01,-1,-1,-0.01,-1,-1,-0.01,-1,-1,-0.01,-1,-1
99926009,2026-05-18 15:09:57+05:30,53525.8,0,0.0,0,0.0,0.0,53282.15,53667.55,52783.45,53710.35,0,0.0,0.0,0.0,0.0,-0.01,-1,-1,-0.01,-1,-1,-0.01,-1,-1,-0.01,-1,-1,-0.01,-1,-1,-0.01,-1,-1,-0.01,-1,-1,-0.01,-1,-1,-0.01,-1,-1,-0.01,-1,-1
99926009,2026-05-18 15:09:57+05:30,53523.7,0,0.0,0,0.0,0.0,53282.15,53667.55,52783.45,53710.35,0,0.0,0.0,0.0,0.0,-0.01,-1,-1,-0.01,-1,-1,-0.01,-1,-1,-0.01,-1,-1,-0.01,-1,-1,-0.01,-1,-1,-0.01,-1,-1,-0.01,-1,-1,-0.01,-1,-1,-0.01,-1,-1
99926009,2026-05-18 15:09:58+05:30,53523.7,0,0.0,0,0.0,0.0,53282.15,53667.55,52783.45,53710.35,0,0.0,0.0,0.0,0.0,-0.01,-1,-1,-0.01,-1,-1,-0.01,-1,-1,-0.01,-1,-1,-0.01,-1,-1,-0.01,-1,-1,-0.01,-1,-1,-0.01,-1,-1,-0.01,-1,-1,-0.01,-1,-1
99926009,2026-05-18 15:09:58+05:30,53523.6,0,0.0,0,0.0,0.0,53282.15,53667.55,52783.45,53710.35,0,0.0,0.0,0.0,0.0,-0.01,-1,-1,-0.01,-1,-1,-0.01,-1,-1,-0.01,-1,-1,-0.01,-1,-1,-0.01,-1,-1,-0.01,-1,-1,-0.01,-1,-1,-0.01,-1,-1,-0.01,-1,-1
99926009,2026-05-18 15:09:58+05:30,53524.45,0,0.0,0,0.0,0.0,53282.15,53667.55,52783.45,53710.35,0,0.0,0.0,0.0,0.0,-0.01,-1,-1,-0.01,-1,-1,-0.01,-1,-1,-0.01,-1,-1,-0.01,-1,-1,-0.01,-1,-1,-0.01,-1,-1,-0.01,-1,-1,-0.01,-1,-1,-0.01,-1,-1
99926009,2026-05-18 15:09:59+05:30,53524.45,0,0.0,0,0.0,0.0,53282.15,53667.55,52783.45,53710.35,0,0.0,0.0,0.0,0.0,-0.01,-1,-1,-0.01,-1,-1,-0.01,-1,-1,-0.01,-1,-1,-0.01,-1,-1,-0.01,-1,-1,-0.01,-1,-1,-0.01,-1,-1,-0.01,-1,-1,-0.01,-1,-1
99926009,2026-05-18 15:09:59+05:30,53523.5,0,0.0,0,0.0,0.0,53282.15,53667.55,52783.45,53710.35,0,0.0,0.0,0.0,0.0,-0.01,-1,-1,-0.01,-1,-1,-0.01,-1,-1,-0.01,-1,-1,-0.01,-1,-1,-0.01,-1,-1,-0.01,-1,-1,-0.01,-1,-1,-0.01,-1,-1,-0.01,-1,-1
99926009,2026-05-18 15:09:59+05:30,53523.95,0,0.0,0,0.0,0.0,53282.15,53667.55,52783.45,53710.35,0,0.0,0.0,0.0,0.0,-0.01,-1,-1,-0.01,-1,-1,-0.01,-1,-1,-0.01,-1,-1,-0.01,-1,-1,-0.01,-1,-1,-0.01,-1,-1,-0.01,-1,-1,-0.01,-1,-1,-0.01,-1,-1
99926009,2026-05-18 15:10:00+05:30,53523.95,0,0.0,0,0.0,0.0,53282.15,53667.55,52783.45,53710.35,0,0.0,0.0,0.0,0.0,-0.01,-1,-1,-0.01,-1,-1,-0.01,-1,-1,-0.01,-1,-1,-0.01,-1,-1,-0.01,-1,-1,-0.01,-1,-1,-0.01,-1,-1,-0.01,-1,-1,-0.01,-1,-1
99926009,2026-05-18 15:10:00+05:30,53526.1,0,0.0,0,0.0,0.0,53282.15,53667.55,52783.45,53710.35,0,0.0,0.0,0.0,0.0,-0.01,-1,-1,-0.01,-1,-1,-0.01,-1,-1,-0.01,-1,-1,-0.01,-1,-1,-0.01,-1,-1,-0.01,-1,-1,-0.01,-1,-1,-0.01,-1,-1,-0.01,-1,-1
99926009,2026-05-18 15:10:00+05:30,53526.45,0,0.0,0,0.0,0.0,53282.15,53667.55,52783.45,53710.35,0,0.0,0.0,0.0,0.0,-0.01,-1,-1,-0.01,-1,-1,-0.01,-1,-1,-0.01,-1,-1,-0.01,-1,-1,-0.01,-1,-1,-0.01,-1,-1,-0.01,-1,-1,-0.01,-1,-1,-0.01,-1,-1
99926009,2026-05-18 15:10:01+05:30,53526.45,0,0.0,0,0.0,0.0,53282.15,53667.55,52783.45,53710.35,0,0.0,0.0,0.0,0.0,-0.01,-1,-1,-0.01,-1,-1,-0.01,-1,-1,-0.01,-1,-1,-0.01,-1,-1,-0.01,-1,-1,-0.01,-1,-1,-0.01,-1,-1,-0.01,-1,-1,-0.01,-1,-1
99926009,2026-05-18 15:10:01+05:30,53522.3,0,0.0,0,0.0,0.0,53282.15,53667.55,52783.45,53710.35,0,0.0,0.0,0.0,0.0,-0.01,-1,-1,-0.01,-1,-1,-0.01,-1,-1,-0.01,-1,-1,-0.01,-1,-1,-0.01,-1,-1,-0.01,-1,-1,-0.01,-1,-1,-0.01,-1,-1,-0.01,-1,-1
99926009,2026-05-18 15:10:01+05:30,53523.9,0,0.0,0,0.0,0.0,53282.15,53667.55,52783.45,53710.35,0,0.0,0.0,0.0,0.0,-0.01,-1,-1,-0.01,-1,-1,-0.01,-1,-1,-0.01,-1,-1,-0.01,-1,-1,-0.01,-1,-1,-0.01,-1,-1,-0.01,-1,-1,-0.01,-1,-1,-0.01,-1,-1
99926009,2026-05-18 15:10:02+05:30,53523.9,0,0.0,0,0.0,0.0,53282.15,53667.55,52783.45,53710.35,0,0.0,0.0,0.0,0.0,-0.01,-1,-1,-0.01,-1,-1,-0.01,-1,-1,-0.01,-1,-1,-0.01,-1,-1,-0.01,-1,-1,-0.01,-1,-1,-0.01,-1,-1,-0.01,-1,-1,-0.01,-1,-1
99926009,2026-05-18 15:10:02+05:30,53521.8,0,0.0,0,0.0,0.0,53282.15,53667.55,52783.45,53710.35,0,0.0,0.0,0.0,0.0,-0.01,-1,-1,-0.01,-1,-1,-0.01,-1,-1,-0.01,-1,-1,-0.01,-1,-1,-0.01,-1,-1,-0.01,-1,-1,-0.01,-1,-1,-0.01,-1,-1,-0.01,-1,-1
99926009,2026-05-18 15:10:02+05:30,53524.35,0,0.0,0,0.0,0.0,53282.15,53667.55,52783.45,53710.35,0,0.0,0.0,0.0,0.0,-0.01,-1,-1,-0.01,-1,-1,-0.01,-1,-1,-0.01,-1,-1,-0.01,-1,-1,-0.01,-1,-1,-0.01,-1,-1,-0.01,-1,-1,-0.01,-1,-1,-0.01,-1,-1
99926009,2026-05-18 15:10:03+05:30,53524.35,0,0.0,0,0.0,0.0,53282.15,53667.55,52783.45,53710.35,0,0.0,0.0,0.0,0.0,-0.01,-1,-1,-0.01,-1,-1,-0.01,-1,-1,-0.01,-1,-1,-0.01,-1,-1,-0.01,-1,-1,-0.01,-1,-1,-0.01,-1,-1,-0.01,-1,-1,-0.01,-1,-1
99926009,2026-05-18 15:10:03+05:30,53523.45,0,0.0,0,0.0,0.0,53282.15,53667.55,52783.45,53710.35,0,0.0,0.0,0.0,0.0,-0.01,-1,-1,-0.01,-1,-1,-0.01,-1,-1,-0.01,-1,-1,-0.01,-1,-1,-0.01,-1,-1,-0.01,-1,-1,-0.01,-1,-1,-0.01,-1,-1,-0.01,-1,-1
99926009,2026-05-18 15:10:03+05:30,53523.75,0,0.0,0,0.0,0.0,53282.15,53667.55,52783.45,53710.35,0,0.0,0.0,0.0,0.0,-0.01,-1,-1,-0.01,-1,-1,-0.01,-1,-1,-0.01,-1,-1,-0.01,-1,-1,-0.01,-1,-1,-0.01,-1,-1,-0.01,-1,-1,-0.01,-1,-1,-0.01,-1,-1
99926009,2026-05-18 15:10:04+05:30,53523.75,0,0.0,0,0.0,0.0,53282.15,53667.55,52783.45,53710.35,0,0.0,0.0,0.0,0.0,-0.01,-1,-1,-0.01,-1,-1,-0.01,-1,-1,-0.01,-1,-1,-0.01,-1,-1,-0.01,-1,-1,-0.01,-1,-1,-0.01,-1,-1,-0.01,-1,-1,-0.01,-1,-1
99926009,2026-05-18 15:10:04+05:30,53523.8,0,0.0,0,0.0,0.0,53282.15,53667.55,52783.45,53710.35,0,0.0,0.0,0.0,0.0,-0.01,-1,-1,-0.01,-1,-1,-0.01,-1,-1,-0.01,-1,-1,-0.01,-1,-1,-0.01,-1,-1,-0.01,-1,-1,-0.01,-1,-1,-0.01,-1,-1,-0.01,-1,-1
99926009,2026-05-18 15:10:04+05:30,53528.75,0,0.0,0,0.0,0.0,53282.15,53667.55,52783.45,53710.35,0,0.0,0.0,0.0,0.0,-0.01,-1,-1,-0.01,-1,-1,-0.01,-1,-1,-0.01,-1,-1,-0.01,-1,-1,-0.01,-1,-1,-0.01,-1,-1,-0.01,-1,-1,-0.01,-1,-1,-0.01,-1,-1
99926009,2026-05-18 15:10:05+05:30,53528.75,0,0.0,0,0.0,0.0,53282.15,53667.55,52783.45,53710.35,0,0.0,0.0,0.0,0.0,-0.01,-1,-1,-0.01,-1,-1,-0.01,-1,-1,-0.01,-1,-1,-0.01,-1,-1,-0.01,-1,-1,-0.01,-1,-1,-0.01,-1,-1,-0.01,-1,-1,-0.01,-1,-1
99926009,2026-05-18 15:10:05+05:30,53527.8,0,0.0,0,0.0,0.0,53282.15,53667.55,52783.45,53710.35,0,0.0,0.0,0.0,0.0,-0.01,-1,-1,-0.01,-1,-1,-0.01,-1,-1,-0.01,-1,-1,-0.01,-1,-1,-0.01,-1,-1,-0.01,-1,-1,-0.01,-1,-1,-0.01,-1,-1,-0.01,-1,-1
99926009,2026-05-18 15:10:05+05:30,53527.45,0,0.0,0,0.0,0.0,53282.15,53667.55,52783.45,53710.35,0,0.0,0.0,0.0,0.0,-0.01,-1,-1,-0.01,-1,-1,-0.01,-1,-1,-0.01,-1,-1,-0.01,-1,-1,-0.01,-1,-1,-0.01,-1,-1,-0.01,-1,-1,-0.01,-1,-1,-0.01,-1,-1
99926009,2026-05-18 15:10:06+05:30,53527.45,0,0.0,0,0.0,0.0,53282.15,53667.55,52783.45,53710.35,0,0.0,0.0,0.0,0.0,-0.01,-1,-1,-0.01,-1,-1,-0.01,-1,-1,-0.01,-1,-1,-0.01,-1,-1,-0.01,-1,-1,-0.01,-1,-1,-0.01,-1,-1,-0.01,-1,-1,-0.01,-1,-1
99926009,2026-05-18 15:10:06+05:30,53526.65,0,0.0,0,0.0,0.0,53282.15,53667.55,52783.45,53710.35,0,0.0,0.0,0.0,0.0,-0.01,-1,-1,-0.01,-1,-1,-0.01,-1,-1,-0.01,-1,-1,-0.01,-1,-1,-0.01,-1,-1,-0.01,-1,-1,-0.01,-1,-1,-0.01,-1,-1,-0.01,-1,-1
99926009,2026-05-18 15:10:06+05:30,53524.9,0,0.0,0,0.0,0.0,53282.15,53667.55,52783.45,53710.35,0,0.0,0.0,0.0,0.0,-0.01,-1,-1,-0.01,-1,-1,-0.01,-1,-1,-0.01,-1,-1,-0.01,-1,-1,-0.01,-1,-1,-0.01,-1,-1,-0.01,-1,-1,-0.01,-1,-1,-0.01,-1,-1
99926009,2026-05-18 15:10:07+05:30,53524.9,0,0.0,0,0.0,0.0,53282.15,53667.55,52783.45,53710.35,0,0.0,0.0,0.0,0.0,-0.01,-1,-1,-0.01,-1,-1,-0.01,-1,-1,-0.01,-1,-1,-0.01,-1,-1,-0.01,-1,-1,-0.01,-1,-1,-0.01,-1,-1,-0.01,-1,-1,-0.01,-1,-1
99926009,2026-05-18 15:10:07+05:30,53527.5,0,0.0,0,0.0,0.0,53282.15,53667.55,52783.45,53710.35,0,0.0,0.0,0.0,0.0,-0.01,-1,-1,-0.01,-1,-1,-0.01,-1,-1,-0.01,-1,-1,-0.01,-1,-1,-0.01,-1,-1,-0.01,-1,-1,-0.01,-1,-1,-0.01,-1,-1,-0.01,-1,-1
99926009,2026-05-18 15:10:07+05:30,53526.4,0,0.0,0,0.0,0.0,53282.15,53667.55,52783.45,53710.35,0,0.0,0.0,0.0,0.0,-0.01,-1,-1,-0.01,-1,-1,-0.01,-1,-1,-0.01,-1,-1,-0.01,-1,-1,-0.01,-1,-1,-0.01,-1,-1,-0.01,-1,-1,-0.01,-1,-1,-0.01,-1,-1
99926009,2026-05-18 15:10:08+05:30,53526.4,0,0.0,0,0.0,0.0,53282.15,53667.55,52783.45,53710.35,0,0.0,0.0,0.0,0.0,-0.01,-1,-1,-0.01,-1,-1,-0.01,-1,-1,-0.01,-1,-1,-0.01,-1,-1,-0.01,-1,-1,-0.01,-1,-1,-0.01,-1,-1,-0.01,-1,-1,-0.01,-1,-1
99926009,2026-05-18 15:10:08+05:30,53526.1,0,0.0,0,0.0,0.0,53282.15,53667.55,52783.45,53710.35,0,0.0,0.0,0.0,0.0,-0.01,-1,-1,-0.01,-1,-1,-0.01,-1,-1,-0.01,-1,-1,-0.01,-1,-1,-0.01,-1,-1,-0.01,-1,-1,-0.01,-1,-1,-0.01,-1,-1,-0.01,-1,-1
99926009,2026-05-18 15:10:08+05:30,53524.7,0,0.0,0,0.0,0.0,53282.15,53667.55,52783.45,53710.35,0,0.0,0.0,0.0,0.0,-0.01,-1,-1,-0.01,-1,-1,-0.01,-1,-1,-0.01,-1,-1,-0.01,-1,-1,-0.01,-1,-1,-0.01,-1,-1,-0.01,-1,-1,-0.01,-1,-1,-0.01,-1,-1
99926009,2026-05-18 15:10:09+05:30,53524.7,0,0.0,0,0.0,0.0,53282.15,53667.55,52783.45,53710.35,0,0.0,0.0,0.0,0.0,-0.01,-1,-1,-0.01,-1,-1,-0.01,-1,-1,-0.01,-1,-1,-0.01,-1,-1,-0.01,-1,-1,-0.01,-1,-1,-0.01,-1,-1,-0.01,-1,-1,-0.01,-1,-1
99926009,2026-05-18 15:10:09+05:30,53526.6,0,0.0,0,0.0,0.0,53282.15,53667.55,52783.45,53710.35,0,0.0,0.0,0.0,0.0,-0.01,-1,-1,-0.01,-1,-1,-0.01,-1,-1,-0.01,-1,-1,-0.01,-1,-1,-0.01,-1,-1,-0.01,-1,-1,-0.01,-1,-1,-0.01,-1,-1,-0.01,-1,-1
99926009,2026-05-18 15:10:09+05:30,53526.8,0,0.0,0,0.0,0.0,53282.15,53667.55,52783.45,53710.35,0,0.0,0.0,0.0,0.0,-0.01,-1,-1,-0.01,-1,-1,-0.01,-1,-1,-0.01,-1,-1,-0.01,-1,-1,-0.01,-1,-1,-0.01,-1,-1,-0.01,-1,-1,-0.01,-1,-1,-0.01,-1,-1
99926009,2026-05-18 15:10:10+05:30,53526.8,0,0.0,0,0.0,0.0,53282.15,53667.55,52783.45,53710.35,0,0.0,0.0,0.0,0.0,-0.01,-1,-1,-0.01,-1,-1,-0.01,-1,-1,-0.01,-1,-1,-0.01,-1,-1,-0.01,-1,-1,-0.01,-1,-1,-0.01,-1,-1,-0.01,-1,-1,-0.01,-1,-1
99926009,2026-05-18 15:10:10+05:30,53525.65,0,0.0,0,0.0,0.0,53282.15,53667.55,52783.45,53710.35,0,0.0,0.0,0.0,0.0,-0.01,-1,-1,-0.01,-1,-1,-0.01,-1,-1,-0.01,-1,-1,-0.01,-1,-1,-0.01,-1,-1,-0.01,-1,-1,-0.01,-1,-1,-0.01,-1,-1,-0.01,-1,-1
99926009,2026-05-18 15:10:10+05:30,53521.3,0,0.0,0,0.0,0.0,53282.15,53667.55,52783.45,53710.35,0,0.0,0.0,0.0,0.0,-0.01,-1,-1,-0.01,-1,-1,-0.01,-1,-1,-0.01,-1,-1,-0.01,-1,-1,-0.01,-1,-1,-0.01,-1,-1,-0.01,-1,-1,-0.01,-1,-1,-0.01,-1,-1
99926009,2026-05-18 15:10:11+05:30,53521.3,0,0.0,0,0.0,0.0,53282.15,53667.55,52783.45,53710.35,0,0.0,0.0,0.0,0.0,-0.01,-1,-1,-0.01,-1,-1,-0.01,-1,-1,-0.01,-1,-1,-0.01,-1,-1,-0.01,-1,-1,-0.01,-1,-1,-0.01,-1,-1,-0.01,-1,-1,-0.01,-1,-1
99926009,2026-05-18 15:10:11+05:30,53517.6,0,0.0,0,0.0,0.0,53282.15,53667.55,52783.45,53710.35,0,0.0,0.0,0.0,0.0,-0.01,-1,-1,-0.01,-1,-1,-0.01,-1,-1,-0.01,-1,-1,-0.01,-1,-1,-0.01,-1,-1,-0.01,-1,-1,-0.01,-1,-1,-0.01,-1,-1,-0.01,-1,-1
99926009,2026-05-18 15:10:11+05:30,53519.05,0,0.0,0,0.0,0.0,53282.15,53667.55,52783.45,53710.35,0,0.0,0.0,0.0,0.0,-0.01,-1,-1,-0.01,-1,-1,-0.01,-1,-1,-0.01,-1,-1,-0.01,-1,-1,-0.01,-1,-1,-0.01,-1,-1,-0.01,-1,-1,-0.01,-1,-1,-0.01,-1,-1
99926009,2026-05-18 15:10:12+05:30,53519.05,0,0.0,0,0.0,0.0,53282.15,53667.55,52783.45,53710.35,0,0.0,0.0,0.0,0.0,-0.01,-1,-1,-0.01,-1,-1,-0.01,-1,-1,-0.01,-1,-1,-0.01,-1,-1,-0.01,-1,-1,-0.01,-1,-1,-0.01,-1,-1,-0.01,-1,-1,-0.01,-1,-1
99926009,2026-05-18 15:10:12+05:30,53519.4,0,0.0,0,0.0,0.0,53282.15,53667.55,52783.45,53710.35,0,0.0,0.0,0.0,0.0,-0.01,-1,-1,-0.01,-1,-1,-0.01,-1,-1,-0.01,-1,-1,-0.01,-1,-1,-0.01,-1,-1,-0.01,-1,-1,-0.01,-1,-1,-0.01,-1,-1,-0.01,-1,-1
99926009,2026-05-18 15:10:12+05:30,53517.7,0,0.0,0,0.0,0.0,53282.15,53667.55,52783.45,53710.35,0,0.0,0.0,0.0,0.0,-0.01,-1,-1,-0.01,-1,-1,-0.01,-1,-1,-0.01,-1,-1,-0.01,-1,-1,-0.01,-1,-1,-0.01,-1,-1,-0.01,-1,-1,-0.01,-1,-1,-0.01,-1,-1
99926009,2026-05-18 15:10:13+05:30,53517.7,0,0.0,0,0.0,0.0,53282.15,53667.55,52783.45,53710.35,0,0.0,0.0,0.0,0.0,-0.01,-1,-1,-0.01,-1,-1,-0.01,-1,-1,-0.01,-1,-1,-0.01,-1,-1,-0.01,-1,-1,-0.01,-1,-1,-0.01,-1,-1,-0.01,-1,-1,-0.01,-1,-1
99926009,2026-05-18 15:10:13+05:30,53516.4,0,0.0,0,0.0,0.0,53282.15,53667.55,52783.45,53710.35,0,0.0,0.0,0.0,0.0,-0.01,-1,-1,-0.01,-1,-1,-0.01,-1,-1,-0.01,-1,-1,-0.01,-1,-1,-0.01,-1,-1,-0.01,-1,-1,-0.01,-1,-1,-0.01,-1,-1,-0.01,-1,-1
99926009,2026-05-18 15:10:13+05:30,53519.05,0,0.0,0,0.0,0.0,53282.15,53667.55,52783.45,53710.35,0,0.0,0.0,0.0,0.0,-0.01,-1,-1,-0.01,-1,-1,-0.01,-1,-1,-0.01,-1,-1,-0.01,-1,-1,-0.01,-1,-1,-0.01,-1,-1,-0.01,-1,-1,-0.01,-1,-1,-0.01,-1,-1
99926009,2026-05-18 15:10:14+05:30,53519.05,0,0.0,0,0.0,0.0,53282.15,53667.55,52783.45,53710.35,0,0.0,0.0,0.0,0.0,-0.01,-1,-1,-0.01,-1,-1,-0.01,-1,-1,-0.01,-1,-1,-0.01,-1,-1,-0.01,-1,-1,-0.01,-1,-1,-0.01,-1,-1,-0.01,-1,-1,-0.01,-1,-1
99926009,2026-05-18 15:10:14+05:30,53517.7,0,0.0,0,0.0,0.0,53282.15,53667.55,52783.45,53710.35,0,0.0,0.0,0.0,0.0,-0.01,-1,-1,-0.01,-1,-1,-0.01,-1,-1,-0.01,-1,-1,-0.01,-1,-1,-0.01,-1,-1,-0.01,-1,-1,-0.01,-1,-1,-0.01,-1,-1,-0.01,-1,-1
99926009,2026-05-18 15:10:14+05:30,53520.4,0,0.0,0,0.0,0.0,53282.15,53667.55,52783.45,53710.35,0,0.0,0.0,0.0,0.0,-0.01,-1,-1,-0.01,-1,-1,-0.01,-1,-1,-0.01,-1,-1,-0.01,-1,-1,-0.01,-1,-1,-0.01,-1,-1,-0.01,-1,-1,-0.01,-1,-1,-0.01,-1,-1
99926009,2026-05-18 15:10:15+05:30,53520.4,0,0.0,0,0.0,0.0,53282.15,53667.55,52783.45,53710.35,0,0.0,0.0,0.0,0.0,-0.01,-1,-1,-0.01,-1,-1,-0.01,-1,-1,-0.01,-1,-1,-0.01,-1,-1,-0.01,-1,-1,-0.01,-1,-1,-0.01,-1,-1,-0.01,-1,-1,-0.01,-1,-1
99926009,2026-05-18 15:10:15+05:30,53520.35,0,0.0,0,0.0,0.0,53282.15,53667.55,52783.45,53710.35,0,0.0,0.0,0.0,0.0,-0.01,-1,-1,-0.01,-1,-1,-0.01,-1,-1,-0.01,-1,-1,-0.01,-1,-1,-0.01,-1,-1,-0.01,-1,-1,-0.01,-1,-1,-0.01,-1,-1,-0.01,-1,-1
99926009,2026-05-18 15:10:15+05:30,53523.0,0,0.0,0,0.0,0.0,53282.15,53667.55,52783.45,53710.35,0,0.0,0.0,0.0,0.0,-0.01,-1,-1,-0.01,-1,-1,-0.01,-1,-1,-0.01,-1,-1,-0.01,-1,-1,-0.01,-1,-1,-0.01,-1,-1,-0.01,-1,-1,-0.01,-1,-1,-0.01,-1,-1
99926009,2026-05-18 15:10:16+05:30,53523.0,0,0.0,0,0.0,0.0,53282.15,53667.55,52783.45,53710.35,0,0.0,0.0,0.0,0.0,-0.01,-1,-1,-0.01,-1,-1,-0.01,-1,-1,-0.01,-1,-1,-0.01,-1,-1,-0.01,-1,-1,-0.01,-1,-1,-0.01,-1,-1,-0.01,-1,-1,-0.01,-1,-1
99926009,2026-05-18 15:10:16+05:30,53520.95,0,0.0,0,0.0,0.0,53282.15,53667.55,52783.45,53710.35,0,0.0,0.0,0.0,0.0,-0.01,-1,-1,-0.01,-1,-1,-0.01,-1,-1,-0.01,-1,-1,-0.01,-1,-1,-0.01,-1,-1,-0.01,-1,-1,-0.01,-1,-1,-0.01,-1,-1,-0.01,-1,-1
99926009,2026-05-18 15:10:16+05:30,53518.4,0,0.0,0,0.0,0.0,53282.15,53667.55,52783.45,53710.35,0,0.0,0.0,0.0,0.0,-0.01,-1,-1,-0.01,-1,-1,-0.01,-1,-1,-0.01,-1,-1,-0.01,-1,-1,-0.01,-1,-1,-0.01,-1,-1,-0.01,-1,-1,-0.01,-1,-1,-0.01,-1,-1
99926009,2026-05-18 15:10:17+05:30,53518.4,0,0.0,0,0.0,0.0,53282.15,53667.55,52783.45,53710.35,0,0.0,0.0,0.0,0.0,-0.01,-1,-1,-0.01,-1,-1,-0.01,-1,-1,-0.01,-1,-1,-0.01,-1,-1,-0.01,-1,-1,-0.01,-1,-1,-0.01,-1,-1,-0.01,-1,-1,-0.01,-1,-1
99926009,2026-05-18 15:10:17+05:30,53516.6,0,0.0,0,0.0,0.0,53282.15,53667.55,52783.45,53710.35,0,0.0,0.0,0.0,0.0,-0.01,-1,-1,-0.01,-1,-1,-0.01,-1,-1,-0.01,-1,-1,-0.01,-1,-1,-0.01,-1,-1,-0.01,-1,-1,-0.01,-1,-1,-0.01,-1,-1,-0.01,-1,-1
99926009,2026-05-18 15:10:17+05:30,53518.8,0,0.0,0,0.0,0.0,53282.15,53667.55,52783.45,53710.35,0,0.0,0.0,0.0,0.0,-0.01,-1,-1,-0.01,-1,-1,-0.01,-1,-1,-0.01,-1,-1,-0.01,-1,-1,-0.01,-1,-1,-0.01,-1,-1,-0.01,-1,-1,-0.01,-1,-1,-0.01,-1,-1
99926009,2026-05-18 15:10:18+05:30,53518.8,0,0.0,0,0.0,0.0,53282.15,53667.55,52783.45,53710.35,0,0.0,0.0,0.0,0.0,-0.01,-1,-1,-0.01,-1,-1,-0.01,-1,-1,-0.01,-1,-1,-0.01,-1,-1,-0.01,-1,-1,-0.01,-1,-1,-0.01,-1,-1,-0.01,-1,-1,-0.01,-1,-1
99926009,2026-05-18 15:10:18+05:30,53516.3,0,0.0,0,0.0,0.0,53282.15,53667.55,52783.45,53710.35,0,0.0,0.0,0.0,0.0,-0.01,-1,-1,-0.01,-1,-1,-0.01,-1,-1,-0.01,-1,-1,-0.01,-1,-1,-0.01,-1,-1,-0.01,-1,-1,-0.01,-1,-1,-0.01,-1,-1,-0.01,-1,-1
99926009,2026-05-18 15:10:18+05:30,53516.05,0,0.0,0,0.0,0.0,53282.15,53667.55,52783.45,53710.35,0,0.0,0.0,0.0,0.0,-0.01,-1,-1,-0.01,-1,-1,-0.01,-1,-1,-0.01,-1,-1,-0.01,-1,-1,-0.01,-1,-1,-0.01,-1,-1,-0.01,-1,-1,-0.01,-1,-1,-0.01,-1,-1
99926009,2026-05-18 15:10:19+05:30,53516.05,0,0.0,0,0.0,0.0,53282.15,53667.55,52783.45,53710.35,0,0.0,0.0,0.0,0.0,-0.01,-1,-1,-0.01,-1,-1,-0.01,-1,-1,-0.01,-1,-1,-0.01,-1,-1,-0.01,-1,-1,-0.01,-1,-1,-0.01,-1,-1,-0.01,-1,-1,-0.01,-1,-1
99926009,2026-05-18 15:10:19+05:30,53515.4,0,0.0,0,0.0,0.0,53282.15,53667.55,52783.45,53710.35,0,0.0,0.0,0.0,0.0,-0.01,-1,-1,-0.01,-1,-1,-0.01,-1,-1,-0.01,-1,-1,-0.01,-1,-1,-0.01,-1,-1,-0.01,-1,-1,-0.01,-1,-1,-0.01,-1,-1,-0.01,-1,-1
99926009,2026-05-18 15:10:19+05:30,53518.4,0,0.0,0,0.0,0.0,53282.15,53667.55,52783.45,53710.35,0,0.0,0.0,0.0,0.0,-0.01,-1,-1,-0.01,-1,-1,-0.01,-1,-1,-0.01,-1,-1,-0.01,-1,-1,-0.01,-1,-1,-0.01,-1,-1,-0.01,-1,-1,-0.01,-1,-1,-0.01,-1,-1
99926009,2026-05-18 15:10:20+05:30,53518.4,0,0.0,0,0.0,0.0,53282.15,53667.55,52783.45,53710.35,0,0.0,0.0,0.0,0.0,-0.01,-1,-1,-0.01,-1,-1,-0.01,-1,-1,-0.01,-1,-1,-0.01,-1,-1,-0.01,-1,-1,-0.01,-1,-1,-0.01,-1,-1,-0.01,-1,-1,-0.01,-1,-1
99926009,2026-05-18 15:10:20+05:30,53516.65,0,0.0,0,0.0,0.0,53282.15,53667.55,52783.45,53710.35,0,0.0,0.0,0.0,0.0,-0.01,-1,-1,-0.01,-1,-1,-0.01,-1,-1,-0.01,-1,-1,-0.01,-1,-1,-0.01,-1,-1,-0.01,-1,-1,-0.01,-1,-1,-0.01,-1,-1,-0.01,-1,-1
99926009,2026-05-18 15:10:20+05:30,53516.7,0,0.0,0,0.0,0.0,53282.15,53667.55,52783.45,53710.35,0,0.0,0.0,0.0,0.0,-0.01,-1,-1,-0.01,-1,-1,-0.01,-1,-1,-0.01,-1,-1,-0.01,-1,-1,-0.01,-1,-1,-0.01,-1,-1,-0.01,-1,-1,-0.01,-1,-1,-0.01,-1,-1
99926009,2026-05-18 15:10:21+05:30,53516.7,0,0.0,0,0.0,0.0,53282.15,53667.55,52783.45,53710.35,0,0.0,0.0,0.0,0.0,-0.01,-1,-1,-0.01,-1,-1,-0.01,-1,-1,-0.01,-1,-1,-0.01,-1,-1,-0.01,-1,-1,-0.01,-1,-1,-0.01,-1,-1,-0.01,-1,-1,-0.01,-1,-1
99926009,2026-05-18 15:10:21+05:30,53515.75,0,0.0,0,0.0,0.0,53282.15,53667.55,52783.45,53710.35,0,0.0,0.0,0.0,0.0,-0.01,-1,-1,-0.01,-1,-1,-0.01,-1,-1,-0.01,-1,-1,-0.01,-1,-1,-0.01,-1,-1,-0.01,-1,-1,-0.01,-1,-1,-0.01,-1,-1,-0.01,-1,-1
99926009,2026-05-18 15:10:21+05:30,53514.4,0,0.0,0,0.0,0.0,53282.15,53667.55,52783.45,53710.35,0,0.0,0.0,0.0,0.0,-0.01,-1,-1,-0.01,-1,-1,-0.01,-1,-1,-0.01,-1,-1,-0.01,-1,-1,-0.01,-1,-1,-0.01,-1,-1,-0.01,-1,-1,-0.01,-1,-1,-0.01,-1,-1
99926009,2026-05-18 15:10:22+05:30,53514.4,0,0.0,0,0.0,0.0,53282.15,53667.55,52783.45,53710.35,0,0.0,0.0,0.0,0.0,-0.01,-1,-1,-0.01,-1,-1,-0.01,-1,-1,-0.01,-1,-1,-0.01,-1,-1,-0.01,-1,-1,-0.01,-1,-1,-0.01,-1,-1,-0.01,-1,-1,-0.01,-1,-1
99926009,2026-05-18 15:10:22+05:30,53514.55,0,0.0,0,0.0,0.0,53282.15,53667.55,52783.45,53710.35,0,0.0,0.0,0.0,0.0,-0.01,-1,-1,-0.01,-1,-1,-0.01,-1,-1,-0.01,-1,-1,-0.01,-1,-1,-0.01,-1,-1,-0.01,-1,-1,-0.01,-1,-1,-0.01,-1,-1,-0.01,-1,-1
99926009,2026-05-18 15:10:22+05:30,53515.8,0,0.0,0,0.0,0.0,53282.15,53667.55,52783.45,53710.35,0,0.0,0.0,0.0,0.0,-0.01,-1,-1,-0.01,-1,-1,-0.01,-1,-1,-0.01,-1,-1,-0.01,-1,-1,-0.01,-1,-1,-0.01,-1,-1,-0.01,-1,-1,-0.01,-1,-1,-0.01,-1,-1
99926009,2026-05-18 15:10:23+05:30,53515.8,0,0.0,0,0.0,0.0,53282.15,53667.55,52783.45,53710.35,0,0.0,0.0,0.0,0.0,-0.01,-1,-1,-0.01,-1,-1,-0.01,-1,-1,-0.01,-1,-1,-0.01,-1,-1,-0.01,-1,-1,-0.01,-1,-1,-0.01,-1,-1,-0.01,-1,-1,-0.01,-1,-1
99926009,2026-05-18 15:10:23+05:30,53516.45,0,0.0,0,0.0,0.0,53282.15,53667.55,52783.45,53710.35,0,0.0,0.0,0.0,0.0,-0.01,-1,-1,-0.01,-1,-1,-0.01,-1,-1,-0.01,-1,-1,-0.01,-1,-1,-0.01,-1,-1,-0.01,-1,-1,-0.01,-1,-1,-0.01,-1,-1,-0.01,-1,-1
99926009,2026-05-18 15:10:23+05:30,53513.7,0,0.0,0,0.0,0.0,53282.15,53667.55,52783.45,53710.35,0,0.0,0.0,0.0,0.0,-0.01,-1,-1,-0.01,-1,-1,-0.01,-1,-1,-0.01,-1,-1,-0.01,-1,-1,-0.01,-1,-1,-0.01,-1,-1,-0.01,-1,-1,-0.01,-1,-1,-0.01,-1,-1
99926009,2026-05-18 15:10:24+05:30,53513.7,0,0.0,0,0.0,0.0,53282.15,53667.55,52783.45,53710.35,0,0.0,0.0,0.0,0.0,-0.01,-1,-1,-0.01,-1,-1,-0.01,-1,-1,-0.01,-1,-1,-0.01,-1,-1,-0.01,-1,-1,-0.01,-1,-1,-0.01,-1,-1,-0.01,-1,-1,-0.01,-1,-1
99926009,2026-05-18 15:10:24+05:30,53514.7,0,0.0,0,0.0,0.0,53282.15,53667.55,52783.45,53710.35,0,0.0,0.0,0.0,0.0,-0.01,-1,-1,-0.01,-1,-1,-0.01,-1,-1,-0.01,-1,-1,-0.01,-1,-1,-0.01,-1,-1,-0.01,-1,-1,-0.01,-1,-1,-0.01,-1,-1,-0.01,-1,-1
99926009,2026-05-18 15:10:24+05:30,53515.0,0,0.0,0,0.0,0.0,53282.15,53667.55,52783.45,53710.35,0,0.0,0.0,0.0,0.0,-0.01,-1,-1,-0.01,-1,-1,-0.01,-1,-1,-0.01,-1,-1,-0.01,-1,-1,-0.01,-1,-1,-0.01,-1,-1,-0.01,-1,-1,-0.01,-1,-1,-0.01,-1,-1
99926009,2026-05-18 15:10:25+05:30,53515.0,0,0.0,0,0.0,0.0,53282.15,53667.55,52783.45,53710.35,0,0.0,0.0,0.0,0.0,-0.01,-1,-1,-0.01,-1,-1,-0.01,-1,-1,-0.01,-1,-1,-0.01,-1,-1,-0.01,-1,-1,-0.01,-1,-1,-0.01,-1,-1,-0.01,-1,-1,-0.01,-1,-1
99926009,2026-05-18 15:10:25+05:30,53516.5,0,0.0,0,0.0,0.0,53282.15,53667.55,52783.45,53710.35,0,0.0,0.0,0.0,0.0,-0.01,-1,-1,-0.01,-1,-1,-0.01,-1,-1,-0.01,-1,-1,-0.01,-1,-1,-0.01,-1,-1,-0.01,-1,-1,-0.01,-1,-1,-0.01,-1,-1,-0.01,-1,-1
99926009,2026-05-18 15:10:25+05:30,53515.05,0,0.0,0,0.0,0.0,53282.15,53667.55,52783.45,53710.35,0,0.0,0.0,0.0,0.0,-0.01,-1,-1,-0.01,-1,-1,-0.01,-1,-1,-0.01,-1,-1,-0.01,-1,-1,-0.01,-1,-1,-0.01,-1,-1,-0.01,-1,-1,-0.01,-1,-1,-0.01,-1,-1
99926009,2026-05-18 15:10:26+05:30,53515.05,0,0.0,0,0.0,0.0,53282.15,53667.55,52783.45,53710.35,0,0.0,0.0,0.0,0.0,-0.01,-1,-1,-0.01,-1,-1,-0.01,-1,-1,-0.01,-1,-1,-0.01,-1,-1,-0.01,-1,-1,-0.01,-1,-1,-0.01,-1,-1,-0.01,-1,-1,-0.01,-1,-1
99926009,2026-05-18 15:10:26+05:30,53511.75,0,0.0,0,0.0,0.0,53282.15,53667.55,52783.45,53710.35,0,0.0,0.0,0.0,0.0,-0.01,-1,-1,-0.01,-1,-1,-0.01,-1,-1,-0.01,-1,-1,-0.01,-1,-1,-0.01,-1,-1,-0.01,-1,-1,-0.01,-1,-1,-0.01,-1,-1,-0.01,-1,-1
99926009,2026-05-18 15:10:26+05:30,53513.1,0,0.0,0,0.0,0.0,53282.15,53667.55,52783.45,53710.35,0,0.0,0.0,0.0,0.0,-0.01,-1,-1,-0.01,-1,-1,-0.01,-1,-1,-0.01,-1,-1,-0.01,-1,-1,-0.01,-1,-1,-0.01,-1,-1,-0.01,-1,-1,-0.01,-1,-1,-0.01,-1,-1
99926009,2026-05-18 15:10:27+05:30,53513.1,0,0.0,0,0.0,0.0,53282.15,53667.55,52783.45,53710.35,0,0.0,0.0,0.0,0.0,-0.01,-1,-1,-0.01,-1,-1,-0.01,-1,-1,-0.01,-1,-1,-0.01,-1,-1,-0.01,-1,-1,-0.01,-1,-1,-0.01,-1,-1,-0.01,-1,-1,-0.01,-1,-1
99926009,2026-05-18 15:10:27+05:30,53515.05,0,0.0,0,0.0,0.0,53282.15,53667.55,52783.45,53710.35,0,0.0,0.0,0.0,0.0,-0.01,-1,-1,-0.01,-1,-1,-0.01,-1,-1,-0.01,-1,-1,-0.01,-1,-1,-0.01,-1,-1,-0.01,-1,-1,-0.01,-1,-1,-0.01,-1,-1,-0.01,-1,-1
99926009,2026-05-18 15:10:27+05:30,53513.95,0,0.0,0,0.0,0.0,53282.15,53667.55,52783.45,53710.35,0,0.0,0.0,0.0,0.0,-0.01,-1,-1,-0.01,-1,-1,-0.01,-1,-1,-0.01,-1,-1,-0.01,-1,-1,-0.01,-1,-1,-0.01,-1,-1,-0.01,-1,-1,-0.01,-1,-1,-0.01,-1,-1
99926009,2026-05-18 15:10:28+05:30,53513.95,0,0.0,0,0.0,0.0,53282.15,53667.55,52783.45,53710.35,0,0.0,0.0,0.0,0.0,-0.01,-1,-1,-0.01,-1,-1,-0.01,-1,-1,-0.01,-1,-1,-0.01,-1,-1,-0.01,-1,-1,-0.01,-1,-1,-0.01,-1,-1,-0.01,-1,-1,-0.01,-1,-1
99926009,2026-05-18 15:10:28+05:30,53511.2,0,0.0,0,0.0,0.0,53282.15,53667.55,52783.45,53710.35,0,0.0,0.0,0.0,0.0,-0.01,-1,-1,-0.01,-1,-1,-0.01,-1,-1,-0.01,-1,-1,-0.01,-1,-1,-0.01,-1,-1,-0.01,-1,-1,-0.01,-1,-1,-0.01,-1,-1,-0.01,-1,-1
99926009,2026-05-18 15:10:28+05:30,53510.15,0,0.0,0,0.0,0.0,53282.15,53667.55,52783.45,53710.35,0,0.0,0.0,0.0,0.0,-0.01,-1,-1,-0.01,-1,-1,-0.01,-1,-1,-0.01,-1,-1,-0.01,-1,-1,-0.01,-1,-1,-0.01,-1,-1,-0.01,-1,-1,-0.01,-1,-1,-0.01,-1,-1
99926009,2026-05-18 15:10:29+05:30,53510.15,0,0.0,0,0.0,0.0,53282.15,53667.55,52783.45,53710.35,0,0.0,0.0,0.0,0.0,-0.01,-1,-1,-0.01,-1,-1,-0.01,-1,-1,-0.01,-1,-1,-0.01,-1,-1,-0.01,-1,-1,-0.01,-1,-1,-0.01,-1,-1,-0.01,-1,-1,-0.01,-1,-1
99926009,2026-05-18 15:10:29+05:30,53508.85,0,0.0,0,0.0,0.0,53282.15,53667.55,52783.45,53710.35,0,0.0,0.0,0.0,0.0,-0.01,-1,-1,-0.01,-1,-1,-0.01,-1,-1,-0.01,-1,-1,-0.01,-1,-1,-0.01,-1,-1,-0.01,-1,-1,-0.01,-1,-1,-0.01,-1,-1,-0.01,-1,-1
99926009,2026-05-18 15:10:29+05:30,53511.0,0,0.0,0,0.0,0.0,53282.15,53667.55,52783.45,53710.35,0,0.0,0.0,0.0,0.0,-0.01,-1,-1,-0.01,-1,-1,-0.01,-1,-1,-0.01,-1,-1,-0.01,-1,-1,-0.01,-1,-1,-0.01,-1,-1,-0.01,-1,-1,-0.01,-1,-1,-0.01,-1,-1
99926009,2026-05-18 15:10:30+05:30,53511.0,0,0.0,0,0.0,0.0,53282.15,53667.55,52783.45,53710.35,0,0.0,0.0,0.0,0.0,-0.01,-1,-1,-0.01,-1,-1,-0.01,-1,-1,-0.01,-1,-1,-0.01,-1,-1,-0.01,-1,-1,-0.01,-1,-1,-0.01,-1,-1,-0.01,-1,-1,-0.01,-1,-1
99926009,2026-05-18 15:10:30+05:30,53510.45,0,0.0,0,0.0,0.0,53282.15,53667.55,52783.45,53710.35,0,0.0,0.0,0.0,0.0,-0.01,-1,-1,-0.01,-1,-1,-0.01,-1,-1,-0.01,-1,-1,-0.01,-1,-1,-0.01,-1,-1,-0.01,-1,-1,-0.01,-1,-1,-0.01,-1,-1,-0.01,-1,-1
99926009,2026-05-18 15:10:30+05:30,53514.55,0,0.0,0,0.0,0.0,53282.15,53667.55,52783.45,53710.35,0,0.0,0.0,0.0,0.0,-0.01,-1,-1,-0.01,-1,-1,-0.01,-1,-1,-0.01,-1,-1,-0.01,-1,-1,-0.01,-1,-1,-0.01,-1,-1,-0.01,-1,-1,-0.01,-1,-1,-0.01,-1,-1
99926009,2026-05-18 15:10:31+05:30,53514.55,0,0.0,0,0.0,0.0,53282.15,53667.55,52783.45,53710.35,0,0.0,0.0,0.0,0.0,-0.01,-1,-1,-0.01,-1,-1,-0.01,-1,-1,-0.01,-1,-1,-0.01,-1,-1,-0.01,-1,-1,-0.01,-1,-1,-0.01,-1,-1,-0.01,-1,-1,-0.01,-1,-1
99926009,2026-05-18 15:10:31+05:30,53513.35,0,0.0,0,0.0,0.0,53282.15,53667.55,52783.45,53710.35,0,0.0,0.0,0.0,0.0,-0.01,-1,-1,-0.01,-1,-1,-0.01,-1,-1,-0.01,-1,-1,-0.01,-1,-1,-0.01,-1,-1,-0.01,-1,-1,-0.01,-1,-1,-0.01,-1,-1,-0.01,-1,-1
99926009,2026-05-18 15:10:31+05:30,53513.3,0,0.0,0,0.0,0.0,53282.15,53667.55,52783.45,53710.35,0,0.0,0.0,0.0,0.0,-0.01,-1,-1,-0.01,-1,-1,-0.01,-1,-1,-0.01,-1,-1,-0.01,-1,-1,-0.01,-1,-1,-0.01,-1,-1,-0.01,-1,-1,-0.01,-1,-1,-0.01,-1,-1
99926009,2026-05-18 15:10:32+05:30,53513.3,0,0.0,0,0.0,0.0,53282.15,53667.55,52783.45,53710.35,0,0.0,0.0,0.0,0.0,-0.01,-1,-1,-0.01,-1,-1,-0.01,-1,-1,-0.01,-1,-1,-0.01,-1,-1,-0.01,-1,-1,-0.01,-1,-1,-0.01,-1,-1,-0.01,-1,-1,-0.01,-1,-1
99926009,2026-05-18 15:10:32+05:30,53510.3,0,0.0,0,0.0,0.0,53282.15,53667.55,52783.45,53710.35,0,0.0,0.0,0.0,0.0,-0.01,-1,-1,-0.01,-1,-1,-0.01,-1,-1,-0.01,-1,-1,-0.01,-1,-1,-0.01,-1,-1,-0.01,-1,-1,-0.01,-1,-1,-0.01,-1,-1,-0.01,-1,-1
99926009,2026-05-18 15:10:32+05:30,53507.4,0,0.0,0,0.0,0.0,53282.15,53667.55,52783.45,53710.35,0,0.0,0.0,0.0,0.0,-0.01,-1,-1,-0.01,-1,-1,-0.01,-1,-1,-0.01,-1,-1,-0.01,-1,-1,-0.01,-1,-1,-0.01,-1,-1,-0.01,-1,-1,-0.01,-1,-1,-0.01,-1,-1
99926009,2026-05-18 15:10:33+05:30,53507.4,0,0.0,0,0.0,0.0,53282.15,53667.55,52783.45,53710.35,0,0.0,0.0,0.0,0.0,-0.01,-1,-1,-0.01,-1,-1,-0.01,-1,-1,-0.01,-1,-1,-0.01,-1,-1,-0.01,-1,-1,-0.01,-1,-1,-0.01,-1,-1,-0.01,-1,-1,-0.01,-1,-1
99926009,2026-05-18 15:10:33+05:30,53508.45,0,0.0,0,0.0,0.0,53282.15,53667.55,52783.45,53710.35,0,0.0,0.0,0.0,0.0,-0.01,-1,-1,-0.01,-1,-1,-0.01,-1,-1,-0.01,-1,-1,-0.01,-1,-1,-0.01,-1,-1,-0.01,-1,-1,-0.01,-1,-1,-0.01,-1,-1,-0.01,-1,-1
99926009,2026-05-18 15:10:33+05:30,53511.6,0,0.0,0,0.0,0.0,53282.15,53667.55,52783.45,53710.35,0,0.0,0.0,0.0,0.0,-0.01,-1,-1,-0.01,-1,-1,-0.01,-1,-1,-0.01,-1,-1,-0.01,-1,-1,-0.01,-1,-1,-0.01,-1,-1,-0.01,-1,-1,-0.01,-1,-1,-0.01,-1,-1
99926009,2026-05-18 15:10:34+05:30,53511.6,0,0.0,0,0.0,0.0,53282.15,53667.55,52783.45,53710.35,0,0.0,0.0,0.0,0.0,-0.01,-1,-1,-0.01,-1,-1,-0.01,-1,-1,-0.01,-1,-1,-0.01,-1,-1,-0.01,-1,-1,-0.01,-1,-1,-0.01,-1,-1,-0.01,-1,-1,-0.01,-1,-1
99926009,2026-05-18 15:10:34+05:30,53514.65,0,0.0,0,0.0,0.0,53282.15,53667.55,52783.45,53710.35,0,0.0,0.0,0.0,0.0,-0.01,-1,-1,-0.01,-1,-1,-0.01,-1,-1,-0.01,-1,-1,-0.01,-1,-1,-0.01,-1,-1,-0.01,-1,-1,-0.01,-1,-1,-0.01,-1,-1,-0.01,-1,-1
99926009,2026-05-18 15:10:34+05:30,53513.45,0,0.0,0,0.0,0.0,53282.15,53667.55,52783.45,53710.35,0,0.0,0.0,0.0,0.0,-0.01,-1,-1,-0.01,-1,-1,-0.01,-1,-1,-0.01,-1,-1,-0.01,-1,-1,-0.01,-1,-1,-0.01,-1,-1,-0.01,-1,-1,-0.01,-1,-1,-0.01,-1,-1
99926009,2026-05-18 15:10:35+05:30,53513.45,0,0.0,0,0.0,0.0,53282.15,53667.55,52783.45,53710.35,0,0.0,0.0,0.0,0.0,-0.01,-1,-1,-0.01,-1,-1,-0.01,-1,-1,-0.01,-1,-1,-0.01,-1,-1,-0.01,-1,-1,-0.01,-1,-1,-0.01,-1,-1,-0.01,-1,-1,-0.01,-1,-1
99926009,2026-05-18 15:10:35+05:30,53514.15,0,0.0,0,0.0,0.0,53282.15,53667.55,52783.45,53710.35,0,0.0,0.0,0.0,0.0,-0.01,-1,-1,-0.01,-1,-1,-0.01,-1,-1,-0.01,-1,-1,-0.01,-1,-1,-0.01,-1,-1,-0.01,-1,-1,-0.01,-1,-1,-0.01,-1,-1,-0.01,-1,-1
99926009,2026-05-18 15:10:35+05:30,53513.1,0,0.0,0,0.0,0.0,53282.15,53667.55,52783.45,53710.35,0,0.0,0.0,0.0,0.0,-0.01,-1,-1,-0.01,-1,-1,-0.01,-1,-1,-0.01,-1,-1,-0.01,-1,-1,-0.01,-1,-1,-0.01,-1,-1,-0.01,-1,-1,-0.01,-1,-1,-0.01,-1,-1
99926009,2026-05-18 15:10:36+05:30,53513.1,0,0.0,0,0.0,0.0,53282.15,53667.55,52783.45,53710.35,0,0.0,0.0,0.0,0.0,-0.01,-1,-1,-0.01,-1,-1,-0.01,-1,-1,-0.01,-1,-1,-0.01,-1,-1,-0.01,-1,-1,-0.01,-1,-1,-0.01,-1,-1,-0.01,-1,-1,-0.01,-1,-1
99926009,2026-05-18 15:10:36+05:30,53512.0,0,0.0,0,0.0,0.0,53282.15,53667.55,52783.45,53710.35,0,0.0,0.0,0.0,0.0,-0.01,-1,-1,-0.01,-1,-1,-0.01,-1,-1,-0.01,-1,-1,-0.01,-1,-1,-0.01,-1,-1,-0.01,-1,-1,-0.01,-1,-1,-0.01,-1,-1,-0.01,-1,-1
99926009,2026-05-18 15:10:36+05:30,53510.4,0,0.0,0,0.0,0.0,53282.15,53667.55,52783.45,53710.35,0,0.0,0.0,0.0,0.0,-0.01,-1,-1,-0.01,-1,-1,-0.01,-1,-1,-0.01,-1,-1,-0.01,-1,-1,-0.01,-1,-1,-0.01,-1,-1,-0.01,-1,-1,-0.01,-1,-1,-0.01,-1,-1
99926009,2026-05-18 15:10:37+05:30,53510.4,0,0.0,0,0.0,0.0,53282.15,53667.55,52783.45,53710.35,0,0.0,0.0,0.0,0.0,-0.01,-1,-1,-0.01,-1,-1,-0.01,-1,-1,-0.01,-1,-1,-0.01,-1,-1,-0.01,-1,-1,-0.01,-1,-1,-0.01,-1,-1,-0.01,-1,-1,-0.01,-1,-1
99926009,2026-05-18 15:10:37+05:30,53514.0,0,0.0,0,0.0,0.0,53282.15,53667.55,52783.45,53710.35,0,0.0,0.0,0.0,0.0,-0.01,-1,-1,-0.01,-1,-1,-0.01,-1,-1,-0.01,-1,-1,-0.01,-1,-1,-0.01,-1,-1,-0.01,-1,-1,-0.01,-1,-1,-0.01,-1,-1,-0.01,-1,-1
99926009,2026-05-18 15:10:37+05:30,53511.9,0,0.0,0,0.0,0.0,53282.15,53667.55,52783.45,53710.35,0,0.0,0.0,0.0,0.0,-0.01,-1,-1,-0.01,-1,-1,-0.01,-1,-1,-0.01,-1,-1,-0.01,-1,-1,-0.01,-1,-1,-0.01,-1,-1,-0.01,-1,-1,-0.01,-1,-1,-0.01,-1,-1
99926009,2026-05-18 15:10:38+05:30,53511.9,0,0.0,0,0.0,0.0,53282.15,53667.55,52783.45,53710.35,0,0.0,0.0,0.0,0.0,-0.01,-1,-1,-0.01,-1,-1,-0.01,-1,-1,-0.01,-1,-1,-0.01,-1,-1,-0.01,-1,-1,-0.01,-1,-1,-0.01,-1,-1,-0.01,-1,-1,-0.01,-1,-1
99926009,2026-05-18 15:10:38+05:30,53512.6,0,0.0,0,0.0,0.0,53282.15,53667.55,52783.45,53710.35,0,0.0,0.0,0.0,0.0,-0.01,-1,-1,-0.01,-1,-1,-0.01,-1,-1,-0.01,-1,-1,-0.01,-1,-1,-0.01,-1,-1,-0.01,-1,-1,-0.01,-1,-1,-0.01,-1,-1,-0.01,-1,-1
99926009,2026-05-18 15:10:38+05:30,53511.3,0,0.0,0,0.0,0.0,53282.15,53667.55,52783.45,53710.35,0,0.0,0.0,0.0,0.0,-0.01,-1,-1,-0.01,-1,-1,-0.01,-1,-1,-0.01,-1,-1,-0.01,-1,-1,-0.01,-1,-1,-0.01,-1,-1,-0.01,-1,-1,-0.01,-1,-1,-0.01,-1,-1
99926009,2026-05-18 15:10:39+05:30,53511.3,0,0.0,0,0.0,0.0,53282.15,53667.55,52783.45,53710.35,0,0.0,0.0,0.0,0.0,-0.01,-1,-1,-0.01,-1,-1,-0.01,-1,-1,-0.01,-1,-1,-0.01,-1,-1,-0.01,-1,-1,-0.01,-1,-1,-0.01,-1,-1,-0.01,-1,-1,-0.01,-1,-1
99926009,2026-05-18 15:10:39+05:30,53510.9,0,0.0,0,0.0,0.0,53282.15,53667.55,52783.45,53710.35,0,0.0,0.0,0.0,0.0,-0.01,-1,-1,-0.01,-1,-1,-0.01,-1,-1,-0.01,-1,-1,-0.01,-1,-1,-0.01,-1,-1,-0.01,-1,-1,-0.01,-1,-1,-0.01,-1,-1,-0.01,-1,-1
99926009,2026-05-18 15:10:39+05:30,53510.15,0,0.0,0,0.0,0.0,53282.15,53667.55,52783.45,53710.35,0,0.0,0.0,0.0,0.0,-0.01,-1,-1,-0.01,-1,-1,-0.01,-1,-1,-0.01,-1,-1,-0.01,-1,-1,-0.01,-1,-1,-0.01,-1,-1,-0.01,-1,-1,-0.01,-1,-1,-0.01,-1,-1
99926009,2026-05-18 15:10:40+05:30,53510.15,0,0.0,0,0.0,0.0,53282.15,53667.55,52783.45,53710.35,0,0.0,0.0,0.0,0.0,-0.01,-1,-1,-0.01,-1,-1,-0.01,-1,-1,-0.01,-1,-1,-0.01,-1,-1,-0.01,-1,-1,-0.01,-1,-1,-0.01,-1,-1,-0.01,-1,-1,-0.01,-1,-1
99926009,2026-05-18 15:10:40+05:30,53509.9,0,0.0,0,0.0,0.0,53282.15,53667.55,52783.45,53710.35,0,0.0,0.0,0.0,0.0,-0.01,-1,-1,-0.01,-1,-1,-0.01,-1,-1,-0.01,-1,-1,-0.01,-1,-1,-0.01,-1,-1,-0.01,-1,-1,-0.01,-1,-1,-0.01,-1,-1,-0.01,-1,-1
99926009,2026-05-18 15:10:40+05:30,53508.2,0,0.0,0,0.0,0.0,53282.15,53667.55,52783.45,53710.35,0,0.0,0.0,0.0,0.0,-0.01,-1,-1,-0.01,-1,-1,-0.01,-1,-1,-0.01,-1,-1,-0.01,-1,-1,-0.01,-1,-1,-0.01,-1,-1,-0.01,-1,-1,-0.01,-1,-1,-0.01,-1,-1
99926009,2026-05-18 15:10:41+05:30,53508.2,0,0.0,0,0.0,0.0,53282.15,53667.55,52783.45,53710.35,0,0.0,0.0,0.0,0.0,-0.01,-1,-1,-0.01,-1,-1,-0.01,-1,-1,-0.01,-1,-1,-0.01,-1,-1,-0.01,-1,-1,-0.01,-1,-1,-0.01,-1,-1,-0.01,-1,-1,-0.01,-1,-1
99926009,2026-05-18 15:10:41+05:30,53509.25,0,0.0,0,0.0,0.0,53282.15,53667.55,52783.45,53710.35,0,0.0,0.0,0.0,0.0,-0.01,-1,-1,-0.01,-1,-1,-0.01,-1,-1,-0.01,-1,-1,-0.01,-1,-1,-0.01,-1,-1,-0.01,-1,-1,-0.01,-1,-1,-0.01,-1,-1,-0.01,-1,-1
99926009,2026-05-18 15:10:41+05:30,53508.35,0,0.0,0,0.0,0.0,53282.15,53667.55,52783.45,53710.35,0,0.0,0.0,0.0,0.0,-0.01,-1,-1,-0.01,-1,-1,-0.01,-1,-1,-0.01,-1,-1,-0.01,-1,-1,-0.01,-1,-1,-0.01,-1,-1,-0.01,-1,-1,-0.01,-1,-1,-0.01,-1,-1
99926009,2026-05-18 15:10:42+05:30,53508.35,0,0.0,0,0.0,0.0,53282.15,53667.55,52783.45,53710.35,0,0.0,0.0,0.0,0.0,-0.01,-1,-1,-0.01,-1,-1,-0.01,-1,-1,-0.01,-1,-1,-0.01,-1,-1,-0.01,-1,-1,-0.01,-1,-1,-0.01,-1,-1,-0.01,-1,-1,-0.01,-1,-1
99926009,2026-05-18 15:10:42+05:30,53511.3,0,0.0,0,0.0,0.0,53282.15,53667.55,52783.45,53710.35,0,0.0,0.0,0.0,0.0,-0.01,-1,-1,-0.01,-1,-1,-0.01,-1,-1,-0.01,-1,-1,-0.01,-1,-1,-0.01,-1,-1,-0.01,-1,-1,-0.01,-1,-1,-0.01,-1,-1,-0.01,-1,-1
99926009,2026-05-18 15:10:42+05:30,53514.35,0,0.0,0,0.0,0.0,53282.15,53667.55,52783.45,53710.35,0,0.0,0.0,0.0,0.0,-0.01,-1,-1,-0.01,-1,-1,-0.01,-1,-1,-0.01,-1,-1,-0.01,-1,-1,-0.01,-1,-1,-0.01,-1,-1,-0.01,-1,-1,-0.01,-1,-1,-0.01,-1,-1
99926009,2026-05-18 15:10:43+05:30,53514.35,0,0.0,0,0.0,0.0,53282.15,53667.55,52783.45,53710.35,0,0.0,0.0,0.0,0.0,-0.01,-1,-1,-0.01,-1,-1,-0.01,-1,-1,-0.01,-1,-1,-0.01,-1,-1,-0.01,-1,-1,-0.01,-1,-1,-0.01,-1,-1,-0.01,-1,-1,-0.01,-1,-1
99926009,2026-05-18 15:10:43+05:30,53515.05,0,0.0,0,0.0,0.0,53282.15,53667.55,52783.45,53710.35,0,0.0,0.0,0.0,0.0,-0.01,-1,-1,-0.01,-1,-1,-0.01,-1,-1,-0.01,-1,-1,-0.01,-1,-1,-0.01,-1,-1,-0.01,-1,-1,-0.01,-1,-1,-0.01,-1,-1,-0.01,-1,-1
99926009,2026-05-18 15:10:43+05:30,53516.55,0,0.0,0,0.0,0.0,53282.15,53667.55,52783.45,53710.35,0,0.0,0.0,0.0,0.0,-0.01,-1,-1,-0.01,-1,-1,-0.01,-1,-1,-0.01,-1,-1,-0.01,-1,-1,-0.01,-1,-1,-0.01,-1,-1,-0.01,-1,-1,-0.01,-1,-1,-0.01,-1,-1
99926009,2026-05-18 15:10:44+05:30,53516.55,0,0.0,0,0.0,0.0,53282.15,53667.55,52783.45,53710.35,0,0.0,0.0,0.0,0.0,-0.01,-1,-1,-0.01,-1,-1,-0.01,-1,-1,-0.01,-1,-1,-0.01,-1,-1,-0.01,-1,-1,-0.01,-1,-1,-0.01,-1,-1,-0.01,-1,-1,-0.01,-1,-1
99926009,2026-05-18 15:10:44+05:30,53517.3,0,0.0,0,0.0,0.0,53282.15,53667.55,52783.45,53710.35,0,0.0,0.0,0.0,0.0,-0.01,-1,-1,-0.01,-1,-1,-0.01,-1,-1,-0.01,-1,-1,-0.01,-1,-1,-0.01,-1,-1,-0.01,-1,-1,-0.01,-1,-1,-0.01,-1,-1,-0.01,-1,-1
99926009,2026-05-18 15:10:44+05:30,53521.9,0,0.0,0,0.0,0.0,53282.15,53667.55,52783.45,53710.35,0,0.0,0.0,0.0,0.0,-0.01,-1,-1,-0.01,-1,-1,-0.01,-1,-1,-0.01,-1,-1,-0.01,-1,-1,-0.01,-1,-1,-0.01,-1,-1,-0.01,-1,-1,-0.01,-1,-1,-0.01,-1,-1
99926009,2026-05-18 15:10:45+05:30,53521.9,0,0.0,0,0.0,0.0,53282.15,53667.55,52783.45,53710.35,0,0.0,0.0,0.0,0.0,-0.01,-1,-1,-0.01,-1,-1,-0.01,-1,-1,-0.01,-1,-1,-0.01,-1,-1,-0.01,-1,-1,-0.01,-1,-1,-0.01,-1,-1,-0.01,-1,-1,-0.01,-1,-1
99926009,2026-05-18 15:10:45+05:30,53519.4,0,0.0,0,0.0,0.0,53282.15,53667.55,52783.45,53710.35,0,0.0,0.0,0.0,0.0,-0.01,-1,-1,-0.01,-1,-1,-0.01,-1,-1,-0.01,-1,-1,-0.01,-1,-1,-0.01,-1,-1,-0.01,-1,-1,-0.01,-1,-1,-0.01,-1,-1,-0.01,-1,-1
99926009,2026-05-18 15:10:45+05:30,53521.85,0,0.0,0,0.0,0.0,53282.15,53667.55,52783.45,53710.35,0,0.0,0.0,0.0,0.0,-0.01,-1,-1,-0.01,-1,-1,-0.01,-1,-1,-0.01,-1,-1,-0.01,-1,-1,-0.01,-1,-1,-0.01,-1,-1,-0.01,-1,-1,-0.01,-1,-1,-0.01,-1,-1
99926009,2026-05-18 15:10:46+05:30,53521.85,0,0.0,0,0.0,0.0,53282.15,53667.55,52783.45,53710.35,0,0.0,0.0,0.0,0.0,-0.01,-1,-1,-0.01,-1,-1,-0.01,-1,-1,-0.01,-1,-1,-0.01,-1,-1,-0.01,-1,-1,-0.01,-1,-1,-0.01,-1,-1,-0.01,-1,-1,-0.01,-1,-1
99926009,2026-05-18 15:10:46+05:30,53518.6,0,0.0,0,0.0,0.0,53282.15,53667.55,52783.45,53710.35,0,0.0,0.0,0.0,0.0,-0.01,-1,-1,-0.01,-1,-1,-0.01,-1,-1,-0.01,-1,-1,-0.01,-1,-1,-0.01,-1,-1,-0.01,-1,-1,-0.01,-1,-1,-0.01,-1,-1,-0.01,-1,-1
99926009,2026-05-18 15:10:46+05:30,53521.25,0,0.0,0,0.0,0.0,53282.15,53667.55,52783.45,53710.35,0,0.0,0.0,0.0,0.0,-0.01,-1,-1,-0.01,-1,-1,-0.01,-1,-1,-0.01,-1,-1,-0.01,-1,-1,-0.01,-1,-1,-0.01,-1,-1,-0.01,-1,-1,-0.01,-1,-1,-0.01,-1,-1
99926009,2026-05-18 15:10:47+05:30,53521.25,0,0.0,0,0.0,0.0,53282.15,53667.55,52783.45,53710.35,0,0.0,0.0,0.0,0.0,-0.01,-1,-1,-0.01,-1,-1,-0.01,-1,-1,-0.01,-1,-1,-0.01,-1,-1,-0.01,-1,-1,-0.01,-1,-1,-0.01,-1,-1,-0.01,-1,-1,-0.01,-1,-1
99926009,2026-05-18 15:10:47+05:30,53523.2,0,0.0,0,0.0,0.0,53282.15,53667.55,52783.45,53710.35,0,0.0,0.0,0.0,0.0,-0.01,-1,-1,-0.01,-1,-1,-0.01,-1,-1,-0.01,-1,-1,-0.01,-1,-1,-0.01,-1,-1,-0.01,-1,-1,-0.01,-1,-1,-0.01,-1,-1,-0.01,-1,-1
99926009,2026-05-18 15:10:47+05:30,53520.65,0,0.0,0,0.0,0.0,53282.15,53667.55,52783.45,53710.35,0,0.0,0.0,0.0,0.0,-0.01,-1,-1,-0.01,-1,-1,-0.01,-1,-1,-0.01,-1,-1,-0.01,-1,-1,-0.01,-1,-1,-0.01,-1,-1,-0.01,-1,-1,-0.01,-1,-1,-0.01,-1,-1
99926009,2026-05-18 15:10:48+05:30,53520.65,0,0.0,0,0.0,0.0,53282.15,53667.55,52783.45,53710.35,0,0.0,0.0,0.0,0.0,-0.01,-1,-1,-0.01,-1,-1,-0.01,-1,-1,-0.01,-1,-1,-0.01,-1,-1,-0.01,-1,-1,-0.01,-1,-1,-0.01,-1,-1,-0.01,-1,-1,-0.01,-1,-1
99926009,2026-05-18 15:10:48+05:30,53519.4,0,0.0,0,0.0,0.0,53282.15,53667.55,52783.45,53710.35,0,0.0,0.0,0.0,0.0,-0.01,-1,-1,-0.01,-1,-1,-0.01,-1,-1,-0.01,-1,-1,-0.01,-1,-1,-0.01,-1,-1,-0.01,-1,-1,-0.01,-1,-1,-0.01,-1,-1,-0.01,-1,-1
99926009,2026-05-18 15:10:48+05:30,53519.3,0,0.0,0,0.0,0.0,53282.15,53667.55,52783.45,53710.35,0,0.0,0.0,0.0,0.0,-0.01,-1,-1,-0.01,-1,-1,-0.01,-1,-1,-0.01,-1,-1,-0.01,-1,-1,-0.01,-1,-1,-0.01,-1,-1,-0.01,-1,-1,-0.01,-1,-1,-0.01,-1,-1
99926009,2026-05-18 15:10:49+05:30,53519.3,0,0.0,0,0.0,0.0,53282.15,53667.55,52783.45,53710.35,0,0.0,0.0,0.0,0.0,-0.01,-1,-1,-0.01,-1,-1,-0.01,-1,-1,-0.01,-1,-1,-0.01,-1,-1,-0.01,-1,-1,-0.01,-1,-1,-0.01,-1,-1,-0.01,-1,-1,-0.01,-1,-1
99926009,2026-05-18 15:10:49+05:30,53518.15,0,0.0,0,0.0,0.0,53282.15,53667.55,52783.45,53710.35,0,0.0,0.0,0.0,0.0,-0.01,-1,-1,-0.01,-1,-1,-0.01,-1,-1,-0.01,-1,-1,-0.01,-1,-1,-0.01,-1,-1,-0.01,-1,-1,-0.01,-1,-1,-0.01,-1,-1,-0.01,-1,-1
99926009,2026-05-18 15:10:49+05:30,53517.05,0,0.0,0,0.0,0.0,53282.15,53667.55,52783.45,53710.35,0,0.0,0.0,0.0,0.0,-0.01,-1,-1,-0.01,-1,-1,-0.01,-1,-1,-0.01,-1,-1,-0.01,-1,-1,-0.01,-1,-1,-0.01,-1,-1,-0.01,-1,-1,-0.01,-1,-1,-0.01,-1,-1
99926009,2026-05-18 15:10:50+05:30,53517.05,0,0.0,0,0.0,0.0,53282.15,53667.55,52783.45,53710.35,0,0.0,0.0,0.0,0.0,-0.01,-1,-1,-0.01,-1,-1,-0.01,-1,-1,-0.01,-1,-1,-0.01,-1,-1,-0.01,-1,-1,-0.01,-1,-1,-0.01,-1,-1,-0.01,-1,-1,-0.01,-1,-1
99926009,2026-05-18 15:10:50+05:30,53517.85,0,0.0,0,0.0,0.0,53282.15,53667.55,52783.45,53710.35,0,0.0,0.0,0.0,0.0,-0.01,-1,-1,-0.01,-1,-1,-0.01,-1,-1,-0.01,-1,-1,-0.01,-1,-1,-0.01,-1,-1,-0.01,-1,-1,-0.01,-1,-1,-0.01,-1,-1,-0.01,-1,-1
99926009,2026-05-18 15:10:50+05:30,53517.8,0,0.0,0,0.0,0.0,53282.15,53667.55,52783.45,53710.35,0,0.0,0.0,0.0,0.0,-0.01,-1,-1,-0.01,-1,-1,-0.01,-1,-1,-0.01,-1,-1,-0.01,-1,-1,-0.01,-1,-1,-0.01,-1,-1,-0.01,-1,-1,-0.01,-1,-1,-0.01,-1,-1
99926009,2026-05-18 15:10:51+05:30,53517.8,0,0.0,0,0.0,0.0,53282.15,53667.55,52783.45,53710.35,0,0.0,0.0,0.0,0.0,-0.01,-1,-1,-0.01,-1,-1,-0.01,-1,-1,-0.01,-1,-1,-0.01,-1,-1,-0.01,-1,-1,-0.01,-1,-1,-0.01,-1,-1,-0.01,-1,-1,-0.01,-1,-1
99926009,2026-05-18 15:10:51+05:30,53517.55,0,0.0,0,0.0,0.0,53282.15,53667.55,52783.45,53710.35,0,0.0,0.0,0.0,0.0,-0.01,-1,-1,-0.01,-1,-1,-0.01,-1,-1,-0.01,-1,-1,-0.01,-1,-1,-0.01,-1,-1,-0.01,-1,-1,-0.01,-1,-1,-0.01,-1,-1,-0.01,-1,-1
99926009,2026-05-18 15:10:51+05:30,53517.1,0,0.0,0,0.0,0.0,53282.15,53667.55,52783.45,53710.35,0,0.0,0.0,0.0,0.0,-0.01,-1,-1,-0.01,-1,-1,-0.01,-1,-1,-0.01,-1,-1,-0.01,-1,-1,-0.01,-1,-1,-0.01,-1,-1,-0.01,-1,-1,-0.01,-1,-1,-0.01,-1,-1
99926009,2026-05-18 15:10:52+05:30,53517.1,0,0.0,0,0.0,0.0,53282.15,53667.55,52783.45,53710.35,0,0.0,0.0,0.0,0.0,-0.01,-1,-1,-0.01,-1,-1,-0.01,-1,-1,-0.01,-1,-1,-0.01,-1,-1,-0.01,-1,-1,-0.01,-1,-1,-0.01,-1,-1,-0.01,-1,-1,-0.01,-1,-1
99926009,2026-05-18 15:10:52+05:30,53519.35,0,0.0,0,0.0,0.0,53282.15,53667.55,52783.45,53710.35,0,0.0,0.0,0.0,0.0,-0.01,-1,-1,-0.01,-1,-1,-0.01,-1,-1,-0.01,-1,-1,-0.01,-1,-1,-0.01,-1,-1,-0.01,-1,-1,-0.01,-1,-1,-0.01,-1,-1,-0.01,-1,-1
99926009,2026-05-18 15:10:52+05:30,53518.6,0,0.0,0,0.0,0.0,53282.15,53667.55,52783.45,53710.35,0,0.0,0.0,0.0,0.0,-0.01,-1,-1,-0.01,-1,-1,-0.01,-1,-1,-0.01,-1,-1,-0.01,-1,-1,-0.01,-1,-1,-0.01,-1,-1,-0.01,-1,-1,-0.01,-1,-1,-0.01,-1,-1
99926009,2026-05-18 15:10:53+05:30,53518.6,0,0.0,0,0.0,0.0,53282.15,53667.55,52783.45,53710.35,0,0.0,0.0,0.0,0.0,-0.01,-1,-1,-0.01,-1,-1,-0.01,-1,-1,-0.01,-1,-1,-0.01,-1,-1,-0.01,-1,-1,-0.01,-1,-1,-0.01,-1,-1,-0.01,-1,-1,-0.01,-1,-1
99926009,2026-05-18 15:10:53+05:30,53519.1,0,0.0,0,0.0,0.0,53282.15,53667.55,52783.45,53710.35,0,0.0,0.0,0.0,0.0,-0.01,-1,-1,-0.01,-1,-1,-0.01,-1,-1,-0.01,-1,-1,-0.01,-1,-1,-0.01,-1,-1,-0.01,-1,-1,-0.01,-1,-1,-0.01,-1,-1,-0.01,-1,-1
99926009,2026-05-18 15:10:53+05:30,53520.95,0,0.0,0,0.0,0.0,53282.15,53667.55,52783.45,53710.35,0,0.0,0.0,0.0,0.0,-0.01,-1,-1,-0.01,-1,-1,-0.01,-1,-1,-0.01,-1,-1,-0.01,-1,-1,-0.01,-1,-1,-0.01,-1,-1,-0.01,-1,-1,-0.01,-1,-1,-0.01,-1,-1
99926009,2026-05-18 15:10:54+05:30,53520.95,0,0.0,0,0.0,0.0,53282.15,53667.55,52783.45,53710.35,0,0.0,0.0,0.0,0.0,-0.01,-1,-1,-0.01,-1,-1,-0.01,-1,-1,-0.01,-1,-1,-0.01,-1,-1,-0.01,-1,-1,-0.01,-1,-1,-0.01,-1,-1,-0.01,-1,-1,-0.01,-1,-1
99926009,2026-05-18 15:10:54+05:30,53522.05,0,0.0,0,0.0,0.0,53282.15,53667.55,52783.45,53710.35,0,0.0,0.0,0.0,0.0,-0.01,-1,-1,-0.01,-1,-1,-0.01,-1,-1,-0.01,-1,-1,-0.01,-1,-1,-0.01,-1,-1,-0.01,-1,-1,-0.01,-1,-1,-0.01,-1,-1,-0.01,-1,-1
99926009,2026-05-18 15:10:54+05:30,53520.25,0,0.0,0,0.0,0.0,53282.15,53667.55,52783.45,53710.35,0,0.0,0.0,0.0,0.0,-0.01,-1,-1,-0.01,-1,-1,-0.01,-1,-1,-0.01,-1,-1,-0.01,-1,-1,-0.01,-1,-1,-0.01,-1,-1,-0.01,-1,-1,-0.01,-1,-1,-0.01,-1,-1
99926009,2026-05-18 15:10:55+05:30,53520.25,0,0.0,0,0.0,0.0,53282.15,53667.55,52783.45,53710.35,0,0.0,0.0,0.0,0.0,-0.01,-1,-1,-0.01,-1,-1,-0.01,-1,-1,-0.01,-1,-1,-0.01,-1,-1,-0.01,-1,-1,-0.01,-1,-1,-0.01,-1,-1,-0.01,-1,-1,-0.01,-1,-1
99926009,2026-05-18 15:10:55+05:30,53524.0,0,0.0,0,0.0,0.0,53282.15,53667.55,52783.45,53710.35,0,0.0,0.0,0.0,0.0,-0.01,-1,-1,-0.01,-1,-1,-0.01,-1,-1,-0.01,-1,-1,-0.01,-1,-1,-0.01,-1,-1,-0.01,-1,-1,-0.01,-1,-1,-0.01,-1,-1,-0.01,-1,-1
99926009,2026-05-18 15:10:55+05:30,53526.45,0,0.0,0,0.0,0.0,53282.15,53667.55,52783.45,53710.35,0,0.0,0.0,0.0,0.0,-0.01,-1,-1,-0.01,-1,-1,-0.01,-1,-1,-0.01,-1,-1,-0.01,-1,-1,-0.01,-1,-1,-0.01,-1,-1,-0.01,-1,-1,-0.01,-1,-1,-0.01,-1,-1
99926009,2026-05-18 15:10:56+05:30,53526.45,0,0.0,0,0.0,0.0,53282.15,53667.55,52783.45,53710.35,0,0.0,0.0,0.0,0.0,-0.01,-1,-1,-0.01,-1,-1,-0.01,-1,-1,-0.01,-1,-1,-0.01,-1,-1,-0.01,-1,-1,-0.01,-1,-1,-0.01,-1,-1,-0.01,-1,-1,-0.01,-1,-1
99926009,2026-05-18 15:10:56+05:30,53525.85,0,0.0,0,0.0,0.0,53282.15,53667.55,52783.45,53710.35,0,0.0,0.0,0.0,0.0,-0.01,-1,-1,-0.01,-1,-1,-0.01,-1,-1,-0.01,-1,-1,-0.01,-1,-1,-0.01,-1,-1,-0.01,-1,-1,-0.01,-1,-1,-0.01,-1,-1,-0.01,-1,-1
99926009,2026-05-18 15:10:56+05:30,53525.1,0,0.0,0,0.0,0.0,53282.15,53667.55,52783.45,53710.35,0,0.0,0.0,0.0,0.0,-0.01,-1,-1,-0.01,-1,-1,-0.01,-1,-1,-0.01,-1,-1,-0.01,-1,-1,-0.01,-1,-1,-0.01,-1,-1,-0.01,-1,-1,-0.01,-1,-1,-0.01,-1,-1
99926009,2026-05-18 15:10:57+05:30,53525.1,0,0.0,0,0.0,0.0,53282.15,53667.55,52783.45,53710.35,0,0.0,0.0,0.0,0.0,-0.01,-1,-1,-0.01,-1,-1,-0.01,-1,-1,-0.01,-1,-1,-0.01,-1,-1,-0.01,-1,-1,-0.01,-1,-1,-0.01,-1,-1,-0.01,-1,-1,-0.01,-1,-1
99926009,2026-05-18 15:10:57+05:30,53527.35,0,0.0,0,0.0,0.0,53282.15,53667.55,52783.45,53710.35,0,0.0,0.0,0.0,0.0,-0.01,-1,-1,-0.01,-1,-1,-0.01,-1,-1,-0.01,-1,-1,-0.01,-1,-1,-0.01,-1,-1,-0.01,-1,-1,-0.01,-1,-1,-0.01,-1,-1,-0.01,-1,-1
99926009,2026-05-18 15:10:57+05:30,53521.75,0,0.0,0,0.0,0.0,53282.15,53667.55,52783.45,53710.35,0,0.0,0.0,0.0,0.0,-0.01,-1,-1,-0.01,-1,-1,-0.01,-1,-1,-0.01,-1,-1,-0.01,-1,-1,-0.01,-1,-1,-0.01,-1,-1,-0.01,-1,-1,-0.01,-1,-1,-0.01,-1,-1
99926009,2026-05-18 15:10:58+05:30,53521.75,0,0.0,0,0.0,0.0,53282.15,53667.55,52783.45,53710.35,0,0.0,0.0,0.0,0.0,-0.01,-1,-1,-0.01,-1,-1,-0.01,-1,-1,-0.01,-1,-1,-0.01,-1,-1,-0.01,-1,-1,-0.01,-1,-1,-0.01,-1,-1,-0.01,-1,-1,-0.01,-1,-1
99926009,2026-05-18 15:10:58+05:30,53521.4,0,0.0,0,0.0,0.0,53282.15,53667.55,52783.45,53710.35,0,0.0,0.0,0.0,0.0,-0.01,-1,-1,-0.01,-1,-1,-0.01,-1,-1,-0.01,-1,-1,-0.01,-1,-1,-0.01,-1,-1,-0.01,-1,-1,-0.01,-1,-1,-0.01,-1,-1,-0.01,-1,-1
99926009,2026-05-18 15:10:58+05:30,53524.15,0,0.0,0,0.0,0.0,53282.15,53667.55,52783.45,53710.35,0,0.0,0.0,0.0,0.0,-0.01,-1,-1,-0.01,-1,-1,-0.01,-1,-1,-0.01,-1,-1,-0.01,-1,-1,-0.01,-1,-1,-0.01,-1,-1,-0.01,-1,-1,-0.01,-1,-1,-0.01,-1,-1
99926009,2026-05-18 15:10:59+05:30,53524.15,0,0.0,0,0.0,0.0,53282.15,53667.55,52783.45,53710.35,0,0.0,0.0,0.0,0.0,-0.01,-1,-1,-0.01,-1,-1,-0.01,-1,-1,-0.01,-1,-1,-0.01,-1,-1,-0.01,-1,-1,-0.01,-1,-1,-0.01,-1,-1,-0.01,-1,-1,-0.01,-1,-1
99926009,2026-05-18 15:10:59+05:30,53524.0,0,0.0,0,0.0,0.0,53282.15,53667.55,52783.45,53710.35,0,0.0,0.0,0.0,0.0,-0.01,-1,-1,-0.01,-1,-1,-0.01,-1,-1,-0.01,-1,-1,-0.01,-1,-1,-0.01,-1,-1,-0.01,-1,-1,-0.01,-1,-1,-0.01,-1,-1,-0.01,-1,-1
99926009,2026-05-18 15:10:59+05:30,53524.3,0,0.0,0,0.0,0.0,53282.15,53667.55,52783.45,53710.35,0,0.0,0.0,0.0,0.0,-0.01,-1,-1,-0.01,-1,-1,-0.01,-1,-1,-0.01,-1,-1,-0.01,-1,-1,-0.01,-1,-1,-0.01,-1,-1,-0.01,-1,-1,-0.01,-1,-1,-0.01,-1,-1
99926009,2026-05-18 15:11:00+05:30,53524.3,0,0.0,0,0.0,0.0,53282.15,53667.55,52783.45,53710.35,0,0.0,0.0,0.0,0.0,-0.01,-1,-1,-0.01,-1,-1,-0.01,-1,-1,-0.01,-1,-1,-0.01,-1,-1,-0.01,-1,-1,-0.01,-1,-1,-0.01,-1,-1,-0.01,-1,-1,-0.01,-1,-1
99926009,2026-05-18 15:11:00+05:30,53524.4,0,0.0,0,0.0,0.0,53282.15,53667.55,52783.45,53710.35,0,0.0,0.0,0.0,0.0,-0.01,-1,-1,-0.01,-1,-1,-0.01,-1,-1,-0.01,-1,-1,-0.01,-1,-1,-0.01,-1,-1,-0.01,-1,-1,-0.01,-1,-1,-0.01,-1,-1,-0.01,-1,-1
99926009,2026-05-18 15:11:00+05:30,53527.65,0,0.0,0,0.0,0.0,53282.15,53667.55,52783.45,53710.35,0,0.0,0.0,0.0,0.0,-0.01,-1,-1,-0.01,-1,-1,-0.01,-1,-1,-0.01,-1,-1,-0.01,-1,-1,-0.01,-1,-1,-0.01,-1,-1,-0.01,-1,-1,-0.01,-1,-1,-0.01,-1,-1
99926009,2026-05-18 15:11:01+05:30,53527.65,0,0.0,0,0.0,0.0,53282.15,53667.55,52783.45,53710.35,0,0.0,0.0,0.0,0.0,-0.01,-1,-1,-0.01,-1,-1,-0.01,-1,-1,-0.01,-1,-1,-0.01,-1,-1,-0.01,-1,-1,-0.01,-1,-1,-0.01,-1,-1,-0.01,-1,-1,-0.01,-1,-1
99926009,2026-05-18 15:11:01+05:30,53528.55,0,0.0,0,0.0,0.0,53282.15,53667.55,52783.45,53710.35,0,0.0,0.0,0.0,0.0,-0.01,-1,-1,-0.01,-1,-1,-0.01,-1,-1,-0.01,-1,-1,-0.01,-1,-1,-0.01,-1,-1,-0.01,-1,-1,-0.01,-1,-1,-0.01,-1,-1,-0.01,-1,-1
99926009,2026-05-18 15:11:01+05:30,53528.6,0,0.0,0,0.0,0.0,53282.15,53667.55,52783.45,53710.35,0,0.0,0.0,0.0,0.0,-0.01,-1,-1,-0.01,-1,-1,-0.01,-1,-1,-0.01,-1,-1,-0.01,-1,-1,-0.01,-1,-1,-0.01,-1,-1,-0.01,-1,-1,-0.01,-1,-1,-0.01,-1,-1
99926009,2026-05-18 15:11:02+05:30,53528.6,0,0.0,0,0.0,0.0,53282.15,53667.55,52783.45,53710.35,0,0.0,0.0,0.0,0.0,-0.01,-1,-1,-0.01,-1,-1,-0.01,-1,-1,-0.01,-1,-1,-0.01,-1,-1,-0.01,-1,-1,-0.01,-1,-1,-0.01,-1,-1,-0.01,-1,-1,-0.01,-1,-1
99926009,2026-05-18 15:11:02+05:30,53526.25,0,0.0,0,0.0,0.0,53282.15,53667.55,52783.45,53710.35,0,0.0,0.0,0.0,0.0,-0.01,-1,-1,-0.01,-1,-1,-0.01,-1,-1,-0.01,-1,-1,-0.01,-1,-1,-0.01,-1,-1,-0.01,-1,-1,-0.01,-1,-1,-0.01,-1,-1,-0.01,-1,-1
99926009,2026-05-18 15:11:02+05:30,53526.5,0,0.0,0,0.0,0.0,53282.15,53667.55,52783.45,53710.35,0,0.0,0.0,0.0,0.0,-0.01,-1,-1,-0.01,-1,-1,-0.01,-1,-1,-0.01,-1,-1,-0.01,-1,-1,-0.01,-1,-1,-0.01,-1,-1,-0.01,-1,-1,-0.01,-1,-1,-0.01,-1,-1
99926009,2026-05-18 15:11:03+05:30,53526.5,0,0.0,0,0.0,0.0,53282.15,53667.55,52783.45,53710.35,0,0.0,0.0,0.0,0.0,-0.01,-1,-1,-0.01,-1,-1,-0.01,-1,-1,-0.01,-1,-1,-0.01,-1,-1,-0.01,-1,-1,-0.01,-1,-1,-0.01,-1,-1,-0.01,-1,-1,-0.01,-1,-1
99926009,2026-05-18 15:11:03+05:30,53528.3,0,0.0,0,0.0,0.0,53282.15,53667.55,52783.45,53710.35,0,0.0,0.0,0.0,0.0,-0.01,-1,-1,-0.01,-1,-1,-0.01,-1,-1,-0.01,-1,-1,-0.01,-1,-1,-0.01,-1,-1,-0.01,-1,-1,-0.01,-1,-1,-0.01,-1,-1,-0.01,-1,-1
99926009,2026-05-18 15:11:03+05:30,53529.9,0,0.0,0,0.0,0.0,53282.15,53667.55,52783.45,53710.35,0,0.0,0.0,0.0,0.0,-0.01,-1,-1,-0.01,-1,-1,-0.01,-1,-1,-0.01,-1,-1,-0.01,-1,-1,-0.01,-1,-1,-0.01,-1,-1,-0.01,-1,-1,-0.01,-1,-1,-0.01,-1,-1
99926009,2026-05-18 15:11:04+05:30,53529.9,0,0.0,0,0.0,0.0,53282.15,53667.55,52783.45,53710.35,0,0.0,0.0,0.0,0.0,-0.01,-1,-1,-0.01,-1,-1,-0.01,-1,-1,-0.01,-1,-1,-0.01,-1,-1,-0.01,-1,-1,-0.01,-1,-1,-0.01,-1,-1,-0.01,-1,-1,-0.01,-1,-1
99926009,2026-05-18 15:11:04+05:30,53529.55,0,0.0,0,0.0,0.0,53282.15,53667.55,52783.45,53710.35,0,0.0,0.0,0.0,0.0,-0.01,-1,-1,-0.01,-1,-1,-0.01,-1,-1,-0.01,-1,-1,-0.01,-1,-1,-0.01,-1,-1,-0.01,-1,-1,-0.01,-1,-1,-0.01,-1,-1,-0.01,-1,-1
99926009,2026-05-18 15:11:04+05:30,53528.75,0,0.0,0,0.0,0.0,53282.15,53667.55,52783.45,53710.35,0,0.0,0.0,0.0,0.0,-0.01,-1,-1,-0.01,-1,-1,-0.01,-1,-1,-0.01,-1,-1,-0.01,-1,-1,-0.01,-1,-1,-0.01,-1,-1,-0.01,-1,-1,-0.01,-1,-1,-0.01,-1,-1
99926009,2026-05-18 15:11:05+05:30,53528.75,0,0.0,0,0.0,0.0,53282.15,53667.55,52783.45,53710.35,0,0.0,0.0,0.0,0.0,-0.01,-1,-1,-0.01,-1,-1,-0.01,-1,-1,-0.01,-1,-1,-0.01,-1,-1,-0.01,-1,-1,-0.01,-1,-1,-0.01,-1,-1,-0.01,-1,-1,-0.01,-1,-1
99926009,2026-05-18 15:11:05+05:30,53533.15,0,0.0,0,0.0,0.0,53282.15,53667.55,52783.45,53710.35,0,0.0,0.0,0.0,0.0,-0.01,-1,-1,-0.01,-1,-1,-0.01,-1,-1,-0.01,-1,-1,-0.01,-1,-1,-0.01,-1,-1,-0.01,-1,-1,-0.01,-1,-1,-0.01,-1,-1,-0.01,-1,-1
99926009,2026-05-18 15:11:05+05:30,53531.1,0,0.0,0,0.0,0.0,53282.15,53667.55,52783.45,53710.35,0,0.0,0.0,0.0,0.0,-0.01,-1,-1,-0.01,-1,-1,-0.01,-1,-1,-0.01,-1,-1,-0.01,-1,-1,-0.01,-1,-1,-0.01,-1,-1,-0.01,-1,-1,-0.01,-1,-1,-0.01,-1,-1
99926009,2026-05-18 15:11:06+05:30,53531.1,0,0.0,0,0.0,0.0,53282.15,53667.55,52783.45,53710.35,0,0.0,0.0,0.0,0.0,-0.01,-1,-1,-0.01,-1,-1,-0.01,-1,-1,-0.01,-1,-1,-0.01,-1,-1,-0.01,-1,-1,-0.01,-1,-1,-0.01,-1,-1,-0.01,-1,-1,-0.01,-1,-1
99926009,2026-05-18 15:11:06+05:30,53531.25,0,0.0,0,0.0,0.0,53282.15,53667.55,52783.45,53710.35,0,0.0,0.0,0.0,0.0,-0.01,-1,-1,-0.01,-1,-1,-0.01,-1,-1,-0.01,-1,-1,-0.01,-1,-1,-0.01,-1,-1,-0.01,-1,-1,-0.01,-1,-1,-0.01,-1,-1,-0.01,-1,-1
99926009,2026-05-18 15:11:06+05:30,53526.55,0,0.0,0,0.0,0.0,53282.15,53667.55,52783.45,53710.35,0,0.0,0.0,0.0,0.0,-0.01,-1,-1,-0.01,-1,-1,-0.01,-1,-1,-0.01,-1,-1,-0.01,-1,-1,-0.01,-1,-1,-0.01,-1,-1,-0.01,-1,-1,-0.01,-1,-1,-0.01,-1,-1
99926009,2026-05-18 15:11:07+05:30,53526.55,0,0.0,0,0.0,0.0,53282.15,53667.55,52783.45,53710.35,0,0.0,0.0,0.0,0.0,-0.01,-1,-1,-0.01,-1,-1,-0.01,-1,-1,-0.01,-1,-1,-0.01,-1,-1,-0.01,-1,-1,-0.01,-1,-1,-0.01,-1,-1,-0.01,-1,-1,-0.01,-1,-1
99926009,2026-05-18 15:11:07+05:30,53527.95,0,0.0,0,0.0,0.0,53282.15,53667.55,52783.45,53710.35,0,0.0,0.0,0.0,0.0,-0.01,-1,-1,-0.01,-1,-1,-0.01,-1,-1,-0.01,-1,-1,-0.01,-1,-1,-0.01,-1,-1,-0.01,-1,-1,-0.01,-1,-1,-0.01,-1,-1,-0.01,-1,-1
99926009,2026-05-18 15:11:07+05:30,53529.35,0,0.0,0,0.0,0.0,53282.15,53667.55,52783.45,53710.35,0,0.0,0.0,0.0,0.0,-0.01,-1,-1,-0.01,-1,-1,-0.01,-1,-1,-0.01,-1,-1,-0.01,-1,-1,-0.01,-1,-1,-0.01,-1,-1,-0.01,-1,-1,-0.01,-1,-1,-0.01,-1,-1
99926009,2026-05-18 15:11:08+05:30,53529.35,0,0.0,0,0.0,0.0,53282.15,53667.55,52783.45,53710.35,0,0.0,0.0,0.0,0.0,-0.01,-1,-1,-0.01,-1,-1,-0.01,-1,-1,-0.01,-1,-1,-0.01,-1,-1,-0.01,-1,-1,-0.01,-1,-1,-0.01,-1,-1,-0.01,-1,-1,-0.01,-1,-1
99926009,2026-05-18 15:11:08+05:30,53528.15,0,0.0,0,0.0,0.0,53282.15,53667.55,52783.45,53710.35,0,0.0,0.0,0.0,0.0,-0.01,-1,-1,-0.01,-1,-1,-0.01,-1,-1,-0.01,-1,-1,-0.01,-1,-1,-0.01,-1,-1,-0.01,-1,-1,-0.01,-1,-1,-0.01,-1,-1,-0.01,-1,-1
99926009,2026-05-18 15:11:08+05:30,53531.8,0,0.0,0,0.0,0.0,53282.15,53667.55,52783.45,53710.35,0,0.0,0.0,0.0,0.0,-0.01,-1,-1,-0.01,-1,-1,-0.01,-1,-1,-0.01,-1,-1,-0.01,-1,-1,-0.01,-1,-1,-0.01,-1,-1,-0.01,-1,-1,-0.01,-1,-1,-0.01,-1,-1
99926009,2026-05-18 15:11:09+05:30,53531.8,0,0.0,0,0.0,0.0,53282.15,53667.55,52783.45,53710.35,0,0.0,0.0,0.0,0.0,-0.01,-1,-1,-0.01,-1,-1,-0.01,-1,-1,-0.01,-1,-1,-0.01,-1,-1,-0.01,-1,-1,-0.01,-1,-1,-0.01,-1,-1,-0.01,-1,-1,-0.01,-1,-1
99926009,2026-05-18 15:11:09+05:30,53529.15,0,0.0,0,0.0,0.0,53282.15,53667.55,52783.45,53710.35,0,0.0,0.0,0.0,0.0,-0.01,-1,-1,-0.01,-1,-1,-0.01,-1,-1,-0.01,-1,-1,-0.01,-1,-1,-0.01,-1,-1,-0.01,-1,-1,-0.01,-1,-1,-0.01,-1,-1,-0.01,-1,-1
99926009,2026-05-18 15:11:09+05:30,53528.6,0,0.0,0,0.0,0.0,53282.15,53667.55,52783.45,53710.35,0,0.0,0.0,0.0,0.0,-0.01,-1,-1,-0.01,-1,-1,-0.01,-1,-1,-0.01,-1,-1,-0.01,-1,-1,-0.01,-1,-1,-0.01,-1,-1,-0.01,-1,-1,-0.01,-1,-1,-0.01,-1,-1
99926009,2026-05-18 15:11:10+05:30,53528.6,0,0.0,0,0.0,0.0,53282.15,53667.55,52783.45,53710.35,0,0.0,0.0,0.0,0.0,-0.01,-1,-1,-0.01,-1,-1,-0.01,-1,-1,-0.01,-1,-1,-0.01,-1,-1,-0.01,-1,-1,-0.01,-1,-1,-0.01,-1,-1,-0.01,-1,-1,-0.01,-1,-1
99926009,2026-05-18 15:11:10+05:30,53533.7,0,0.0,0,0.0,0.0,53282.15,53667.55,52783.45,53710.35,0,0.0,0.0,0.0,0.0,-0.01,-1,-1,-0.01,-1,-1,-0.01,-1,-1,-0.01,-1,-1,-0.01,-1,-1,-0.01,-1,-1,-0.01,-1,-1,-0.01,-1,-1,-0.01,-1,-1,-0.01,-1,-1
99926009,2026-05-18 15:11:10+05:30,53534.05,0,0.0,0,0.0,0.0,53282.15,53667.55,52783.45,53710.35,0,0.0,0.0,0.0,0.0,-0.01,-1,-1,-0.01,-1,-1,-0.01,-1,-1,-0.01,-1,-1,-0.01,-1,-1,-0.01,-1,-1,-0.01,-1,-1,-0.01,-1,-1,-0.01,-1,-1,-0.01,-1,-1
99926009,2026-05-18 15:11:11+05:30,53534.05,0,0.0,0,0.0,0.0,53282.15,53667.55,52783.45,53710.35,0,0.0,0.0,0.0,0.0,-0.01,-1,-1,-0.01,-1,-1,-0.01,-1,-1,-0.01,-1,-1,-0.01,-1,-1,-0.01,-1,-1,-0.01,-1,-1,-0.01,-1,-1,-0.01,-1,-1,-0.01,-1,-1
99926009,2026-05-18 15:11:11+05:30,53534.25,0,0.0,0,0.0,0.0,53282.15,53667.55,52783.45,53710.35,0,0.0,0.0,0.0,0.0,-0.01,-1,-1,-0.01,-1,-1,-0.01,-1,-1,-0.01,-1,-1,-0.01,-1,-1,-0.01,-1,-1,-0.01,-1,-1,-0.01,-1,-1,-0.01,-1,-1,-0.01,-1,-1
99926009,2026-05-18 15:11:11+05:30,53534.1,0,0.0,0,0.0,0.0,53282.15,53667.55,52783.45,53710.35,0,0.0,0.0,0.0,0.0,-0.01,-1,-1,-0.01,-1,-1,-0.01,-1,-1,-0.01,-1,-1,-0.01,-1,-1,-0.01,-1,-1,-0.01,-1,-1,-0.01,-1,-1,-0.01,-1,-1,-0.01,-1,-1
99926009,2026-05-18 15:11:12+05:30,53534.1,0,0.0,0,0.0,0.0,53282.15,53667.55,52783.45,53710.35,0,0.0,0.0,0.0,0.0,-0.01,-1,-1,-0.01,-1,-1,-0.01,-1,-1,-0.01,-1,-1,-0.01,-1,-1,-0.01,-1,-1,-0.01,-1,-1,-0.01,-1,-1,-0.01,-1,-1,-0.01,-1,-1
99926009,2026-05-18 15:11:12+05:30,53532.65,0,0.0,0,0.0,0.0,53282.15,53667.55,52783.45,53710.35,0,0.0,0.0,0.0,0.0,-0.01,-1,-1,-0.01,-1,-1,-0.01,-1,-1,-0.01,-1,-1,-0.01,-1,-1,-0.01,-1,-1,-0.01,-1,-1,-0.01,-1,-1,-0.01,-1,-1,-0.01,-1,-1
99926009,2026-05-18 15:11:12+05:30,53533.9,0,0.0,0,0.0,0.0,53282.15,53667.55,52783.45,53710.35,0,0.0,0.0,0.0,0.0,-0.01,-1,-1,-0.01,-1,-1,-0.01,-1,-1,-0.01,-1,-1,-0.01,-1,-1,-0.01,-1,-1,-0.01,-1,-1,-0.01,-1,-1,-0.01,-1,-1,-0.01,-1,-1
99926009,2026-05-18 15:11:13+05:30,53533.9,0,0.0,0,0.0,0.0,53282.15,53667.55,52783.45,53710.35,0,0.0,0.0,0.0,0.0,-0.01,-1,-1,-0.01,-1,-1,-0.01,-1,-1,-0.01,-1,-1,-0.01,-1,-1,-0.01,-1,-1,-0.01,-1,-1,-0.01,-1,-1,-0.01,-1,-1,-0.01,-1,-1
99926009,2026-05-18 15:11:13+05:30,53532.7,0,0.0,0,0.0,0.0,53282.15,53667.55,52783.45,53710.35,0,0.0,0.0,0.0,0.0,-0.01,-1,-1,-0.01,-1,-1,-0.01,-1,-1,-0.01,-1,-1,-0.01,-1,-1,-0.01,-1,-1,-0.01,-1,-1,-0.01,-1,-1,-0.01,-1,-1,-0.01,-1,-1
99926009,2026-05-18 15:11:13+05:30,53536.3,0,0.0,0,0.0,0.0,53282.15,53667.55,52783.45,53710.35,0,0.0,0.0,0.0,0.0,-0.01,-1,-1,-0.01,-1,-1,-0.01,-1,-1,-0.01,-1,-1,-0.01,-1,-1,-0.01,-1,-1,-0.01,-1,-1,-0.01,-1,-1,-0.01,-1,-1,-0.01,-1,-1
99926009,2026-05-18 15:11:14+05:30,53536.3,0,0.0,0,0.0,0.0,53282.15,53667.55,52783.45,53710.35,0,0.0,0.0,0.0,0.0,-0.01,-1,-1,-0.01,-1,-1,-0.01,-1,-1,-0.01,-1,-1,-0.01,-1,-1,-0.01,-1,-1,-0.01,-1,-1,-0.01,-1,-1,-0.01,-1,-1,-0.01,-1,-1
99926009,2026-05-18 15:11:14+05:30,53536.3,0,0.0,0,0.0,0.0,53282.15,53667.55,52783.45,53710.35,0,0.0,0.0,0.0,0.0,-0.01,-1,-1,-0.01,-1,-1,-0.01,-1,-1,-0.01,-1,-1,-0.01,-1,-1,-0.01,-1,-1,-0.01,-1,-1,-0.01,-1,-1,-0.01,-1,-1,-0.01,-1,-1
99926009,2026-05-18 15:11:14+05:30,53535.6,0,0.0,0,0.0,0.0,53282.15,53667.55,52783.45,53710.35,0,0.0,0.0,0.0,0.0,-0.01,-1,-1,-0.01,-1,-1,-0.01,-1,-1,-0.01,-1,-1,-0.01,-1,-1,-0.01,-1,-1,-0.01,-1,-1,-0.01,-1,-1,-0.01,-1,-1,-0.01,-1,-1
99926009,2026-05-18 15:11:15+05:30,53535.6,0,0.0,0,0.0,0.0,53282.15,53667.55,52783.45,53710.35,0,0.0,0.0,0.0,0.0,-0.01,-1,-1,-0.01,-1,-1,-0.01,-1,-1,-0.01,-1,-1,-0.01,-1,-1,-0.01,-1,-1,-0.01,-1,-1,-0.01,-1,-1,-0.01,-1,-1,-0.01,-1,-1
99926009,2026-05-18 15:11:15+05:30,53538.0,0,0.0,0,0.0,0.0,53282.15,53667.55,52783.45,53710.35,0,0.0,0.0,0.0,0.0,-0.01,-1,-1,-0.01,-1,-1,-0.01,-1,-1,-0.01,-1,-1,-0.01,-1,-1,-0.01,-1,-1,-0.01,-1,-1,-0.01,-1,-1,-0.01,-1,-1,-0.01,-1,-1
99926009,2026-05-18 15:11:15+05:30,53538.1,0,0.0,0,0.0,0.0,53282.15,53667.55,52783.45,53710.35,0,0.0,0.0,0.0,0.0,-0.01,-1,-1,-0.01,-1,-1,-0.01,-1,-1,-0.01,-1,-1,-0.01,-1,-1,-0.01,-1,-1,-0.01,-1,-1,-0.01,-1,-1,-0.01,-1,-1,-0.01,-1,-1
99926009,2026-05-18 15:11:16+05:30,53538.1,0,0.0,0,0.0,0.0,53282.15,53667.55,52783.45,53710.35,0,0.0,0.0,0.0,0.0,-0.01,-1,-1,-0.01,-1,-1,-0.01,-1,-1,-0.01,-1,-1,-0.01,-1,-1,-0.01,-1,-1,-0.01,-1,-1,-0.01,-1,-1,-0.01,-1,-1,-0.01,-1,-1
99926009,2026-05-18 15:11:16+05:30,53540.75,0,0.0,0,0.0,0.0,53282.15,53667.55,52783.45,53710.35,0,0.0,0.0,0.0,0.0,-0.01,-1,-1,-0.01,-1,-1,-0.01,-1,-1,-0.01,-1,-1,-0.01,-1,-1,-0.01,-1,-1,-0.01,-1,-1,-0.01,-1,-1,-0.01,-1,-1,-0.01,-1,-1
99926009,2026-05-18 15:11:16+05:30,53537.75,0,0.0,0,0.0,0.0,53282.15,53667.55,52783.45,53710.35,0,0.0,0.0,0.0,0.0,-0.01,-1,-1,-0.01,-1,-1,-0.01,-1,-1,-0.01,-1,-1,-0.01,-1,-1,-0.01,-1,-1,-0.01,-1,-1,-0.01,-1,-1,-0.01,-1,-1,-0.01,-1,-1
99926009,2026-05-18 15:11:17+05:30,53537.75,0,0.0,0,0.0,0.0,53282.15,53667.55,52783.45,53710.35,0,0.0,0.0,0.0,0.0,-0.01,-1,-1,-0.01,-1,-1,-0.01,-1,-1,-0.01,-1,-1,-0.01,-1,-1,-0.01,-1,-1,-0.01,-1,-1,-0.01,-1,-1,-0.01,-1,-1,-0.01,-1,-1
99926009,2026-05-18 15:11:17+05:30,53536.45,0,0.0,0,0.0,0.0,53282.15,53667.55,52783.45,53710.35,0,0.0,0.0,0.0,0.0,-0.01,-1,-1,-0.01,-1,-1,-0.01,-1,-1,-0.01,-1,-1,-0.01,-1,-1,-0.01,-1,-1,-0.01,-1,-1,-0.01,-1,-1,-0.01,-1,-1,-0.01,-1,-1
99926009,2026-05-18 15:11:17+05:30,53537.65,0,0.0,0,0.0,0.0,53282.15,53667.55,52783.45,53710.35,0,0.0,0.0,0.0,0.0,-0.01,-1,-1,-0.01,-1,-1,-0.01,-1,-1,-0.01,-1,-1,-0.01,-1,-1,-0.01,-1,-1,-0.01,-1,-1,-0.01,-1,-1,-0.01,-1,-1,-0.01,-1,-1
99926009,2026-05-18 15:11:18+05:30,53537.65,0,0.0,0,0.0,0.0,53282.15,53667.55,52783.45,53710.35,0,0.0,0.0,0.0,0.0,-0.01,-1,-1,-0.01,-1,-1,-0.01,-1,-1,-0.01,-1,-1,-0.01,-1,-1,-0.01,-1,-1,-0.01,-1,-1,-0.01,-1,-1,-0.01,-1,-1,-0.01,-1,-1
99926009,2026-05-18 15:11:18+05:30,53541.4,0,0.0,0,0.0,0.0,53282.15,53667.55,52783.45,53710.35,0,0.0,0.0,0.0,0.0,-0.01,-1,-1,-0.01,-1,-1,-0.01,-1,-1,-0.01,-1,-1,-0.01,-1,-1,-0.01,-1,-1,-0.01,-1,-1,-0.01,-1,-1,-0.01,-1,-1,-0.01,-1,-1
99926009,2026-05-18 15:11:18+05:30,53543.3,0,0.0,0,0.0,0.0,53282.15,53667.55,52783.45,53710.35,0,0.0,0.0,0.0,0.0,-0.01,-1,-1,-0.01,-1,-1,-0.01,-1,-1,-0.01,-1,-1,-0.01,-1,-1,-0.01,-1,-1,-0.01,-1,-1,-0.01,-1,-1,-0.01,-1,-1,-0.01,-1,-1
99926009,2026-05-18 15:11:19+05:30,53543.3,0,0.0,0,0.0,0.0,53282.15,53667.55,52783.45,53710.35,0,0.0,0.0,0.0,0.0,-0.01,-1,-1,-0.01,-1,-1,-0.01,-1,-1,-0.01,-1,-1,-0.01,-1,-1,-0.01,-1,-1,-0.01,-1,-1,-0.01,-1,-1,-0.01,-1,-1,-0.01,-1,-1
99926009,2026-05-18 15:11:19+05:30,53541.3,0,0.0,0,0.0,0.0,53282.15,53667.55,52783.45,53710.35,0,0.0,0.0,0.0,0.0,-0.01,-1,-1,-0.01,-1,-1,-0.01,-1,-1,-0.01,-1,-1,-0.01,-1,-1,-0.01,-1,-1,-0.01,-1,-1,-0.01,-1,-1,-0.01,-1,-1,-0.01,-1,-1
99926009,2026-05-18 15:11:19+05:30,53537.4,0,0.0,0,0.0,0.0,53282.15,53667.55,52783.45,53710.35,0,0.0,0.0,0.0,0.0,-0.01,-1,-1,-0.01,-1,-1,-0.01,-1,-1,-0.01,-1,-1,-0.01,-1,-1,-0.01,-1,-1,-0.01,-1,-1,-0.01,-1,-1,-0.01,-1,-1,-0.01,-1,-1
99926009,2026-05-18 15:11:20+05:30,53537.4,0,0.0,0,0.0,0.0,53282.15,53667.55,52783.45,53710.35,0,0.0,0.0,0.0,0.0,-0.01,-1,-1,-0.01,-1,-1,-0.01,-1,-1,-0.01,-1,-1,-0.01,-1,-1,-0.01,-1,-1,-0.01,-1,-1,-0.01,-1,-1,-0.01,-1,-1,-0.01,-1,-1
99926009,2026-05-18 15:11:20+05:30,53542.5,0,0.0,0,0.0,0.0,53282.15,53667.55,52783.45,53710.35,0,0.0,0.0,0.0,0.0,-0.01,-1,-1,-0.01,-1,-1,-0.01,-1,-1,-0.01,-1,-1,-0.01,-1,-1,-0.01,-1,-1,-0.01,-1,-1,-0.01,-1,-1,-0.01,-1,-1,-0.01,-1,-1
99926009,2026-05-18 15:11:20+05:30,53541.25,0,0.0,0,0.0,0.0,53282.15,53667.55,52783.45,53710.35,0,0.0,0.0,0.0,0.0,-0.01,-1,-1,-0.01,-1,-1,-0.01,-1,-1,-0.01,-1,-1,-0.01,-1,-1,-0.01,-1,-1,-0.01,-1,-1,-0.01,-1,-1,-0.01,-1,-1,-0.01,-1,-1
99926009,2026-05-18 15:11:21+05:30,53541.25,0,0.0,0,0.0,0.0,53282.15,53667.55,52783.45,53710.35,0,0.0,0.0,0.0,0.0,-0.01,-1,-1,-0.01,-1,-1,-0.01,-1,-1,-0.01,-1,-1,-0.01,-1,-1,-0.01,-1,-1,-0.01,-1,-1,-0.01,-1,-1,-0.01,-1,-1,-0.01,-1,-1
99926009,2026-05-18 15:11:21+05:30,53541.75,0,0.0,0,0.0,0.0,53282.15,53667.55,52783.45,53710.35,0,0.0,0.0,0.0,0.0,-0.01,-1,-1,-0.01,-1,-1,-0.01,-1,-1,-0.01,-1,-1,-0.01,-1,-1,-0.01,-1,-1,-0.01,-1,-1,-0.01,-1,-1,-0.01,-1,-1,-0.01,-1,-1
99926009,2026-05-18 15:11:21+05:30,53536.25,0,0.0,0,0.0,0.0,53282.15,53667.55,52783.45,53710.35,0,0.0,0.0,0.0,0.0,-0.01,-1,-1,-0.01,-1,-1,-0.01,-1,-1,-0.01,-1,-1,-0.01,-1,-1,-0.01,-1,-1,-0.01,-1,-1,-0.01,-1,-1,-0.01,-1,-1,-0.01,-1,-1
99926009,2026-05-18 15:11:22+05:30,53536.25,0,0.0,0,0.0,0.0,53282.15,53667.55,52783.45,53710.35,0,0.0,0.0,0.0,0.0,-0.01,-1,-1,-0.01,-1,-1,-0.01,-1,-1,-0.01,-1,-1,-0.01,-1,-1,-0.01,-1,-1,-0.01,-1,-1,-0.01,-1,-1,-0.01,-1,-1,-0.01,-1,-1
99926009,2026-05-18 15:11:22+05:30,53538.8,0,0.0,0,0.0,0.0,53282.15,53667.55,52783.45,53710.35,0,0.0,0.0,0.0,0.0,-0.01,-1,-1,-0.01,-1,-1,-0.01,-1,-1,-0.01,-1,-1,-0.01,-1,-1,-0.01,-1,-1,-0.01,-1,-1,-0.01,-1,-1,-0.01,-1,-1,-0.01,-1,-1
99926009,2026-05-18 15:11:22+05:30,53540.75,0,0.0,0,0.0,0.0,53282.15,53667.55,52783.45,53710.35,0,0.0,0.0,0.0,0.0,-0.01,-1,-1,-0.01,-1,-1,-0.01,-1,-1,-0.01,-1,-1,-0.01,-1,-1,-0.01,-1,-1,-0.01,-1,-1,-0.01,-1,-1,-0.01,-1,-1,-0.01,-1,-1
99926009,2026-05-18 15:11:23+05:30,53540.75,0,0.0,0,0.0,0.0,53282.15,53667.55,52783.45,53710.35,0,0.0,0.0,0.0,0.0,-0.01,-1,-1,-0.01,-1,-1,-0.01,-1,-1,-0.01,-1,-1,-0.01,-1,-1,-0.01,-1,-1,-0.01,-1,-1,-0.01,-1,-1,-0.01,-1,-1,-0.01,-1,-1
99926009,2026-05-18 15:11:23+05:30,53539.75,0,0.0,0,0.0,0.0,53282.15,53667.55,52783.45,53710.35,0,0.0,0.0,0.0,0.0,-0.01,-1,-1,-0.01,-1,-1,-0.01,-1,-1,-0.01,-1,-1,-0.01,-1,-1,-0.01,-1,-1,-0.01,-1,-1,-0.01,-1,-1,-0.01,-1,-1,-0.01,-1,-1
99926009,2026-05-18 15:11:23+05:30,53538.55,0,0.0,0,0.0,0.0,53282.15,53667.55,52783.45,53710.35,0,0.0,0.0,0.0,0.0,-0.01,-1,-1,-0.01,-1,-1,-0.01,-1,-1,-0.01,-1,-1,-0.01,-1,-1,-0.01,-1,-1,-0.01,-1,-1,-0.01,-1,-1,-0.01,-1,-1,-0.01,-1,-1
99926009,2026-05-18 15:11:24+05:30,53538.55,0,0.0,0,0.0,0.0,53282.15,53667.55,52783.45,53710.35,0,0.0,0.0,0.0,0.0,-0.01,-1,-1,-0.01,-1,-1,-0.01,-1,-1,-0.01,-1,-1,-0.01,-1,-1,-0.01,-1,-1,-0.01,-1,-1,-0.01,-1,-1,-0.01,-1,-1,-0.01,-1,-1
99926009,2026-05-18 15:11:24+05:30,53538.4,0,0.0,0,0.0,0.0,53282.15,53667.55,52783.45,53710.35,0,0.0,0.0,0.0,0.0,-0.01,-1,-1,-0.01,-1,-1,-0.01,-1,-1,-0.01,-1,-1,-0.01,-1,-1,-0.01,-1,-1,-0.01,-1,-1,-0.01,-1,-1,-0.01,-1,-1,-0.01,-1,-1
99926009,2026-05-18 15:11:24+05:30,53536.3,0,0.0,0,0.0,0.0,53282.15,53667.55,52783.45,53710.35,0,0.0,0.0,0.0,0.0,-0.01,-1,-1,-0.01,-1,-1,-0.01,-1,-1,-0.01,-1,-1,-0.01,-1,-1,-0.01,-1,-1,-0.01,-1,-1,-0.01,-1,-1,-0.01,-1,-1,-0.01,-1,-1
99926009,2026-05-18 15:11:25+05:30,53536.3,0,0.0,0,0.0,0.0,53282.15,53667.55,52783.45,53710.35,0,0.0,0.0,0.0,0.0,-0.01,-1,-1,-0.01,-1,-1,-0.01,-1,-1,-0.01,-1,-1,-0.01,-1,-1,-0.01,-1,-1,-0.01,-1,-1,-0.01,-1,-1,-0.01,-1,-1,-0.01,-1,-1
99926009,2026-05-18 15:11:25+05:30,53538.05,0,0.0,0,0.0,0.0,53282.15,53667.55,52783.45,53710.35,0,0.0,0.0,0.0,0.0,-0.01,-1,-1,-0.01,-1,-1,-0.01,-1,-1,-0.01,-1,-1,-0.01,-1,-1,-0.01,-1,-1,-0.01,-1,-1,-0.01,-1,-1,-0.01,-1,-1,-0.01,-1,-1
99926009,2026-05-18 15:11:25+05:30,53537.7,0,0.0,0,0.0,0.0,53282.15,53667.55,52783.45,53710.35,0,0.0,0.0,0.0,0.0,-0.01,-1,-1,-0.01,-1,-1,-0.01,-1,-1,-0.01,-1,-1,-0.01,-1,-1,-0.01,-1,-1,-0.01,-1,-1,-0.01,-1,-1,-0.01,-1,-1,-0.01,-1,-1
99926009,2026-05-18 15:11:26+05:30,53537.7,0,0.0,0,0.0,0.0,53282.15,53667.55,52783.45,53710.35,0,0.0,0.0,0.0,0.0,-0.01,-1,-1,-0.01,-1,-1,-0.01,-1,-1,-0.01,-1,-1,-0.01,-1,-1,-0.01,-1,-1,-0.01,-1,-1,-0.01,-1,-1,-0.01,-1,-1,-0.01,-1,-1
99926009,2026-05-18 15:11:26+05:30,53537.45,0,0.0,0,0.0,0.0,53282.15,53667.55,52783.45,53710.35,0,0.0,0.0,0.0,0.0,-0.01,-1,-1,-0.01,-1,-1,-0.01,-1,-1,-0.01,-1,-1,-0.01,-1,-1,-0.01,-1,-1,-0.01,-1,-1,-0.01,-1,-1,-0.01,-1,-1,-0.01,-1,-1
99926009,2026-05-18 15:11:26+05:30,53535.85,0,0.0,0,0.0,0.0,53282.15,53667.55,52783.45,53710.35,0,0.0,0.0,0.0,0.0,-0.01,-1,-1,-0.01,-1,-1,-0.01,-1,-1,-0.01,-1,-1,-0.01,-1,-1,-0.01,-1,-1,-0.01,-1,-1,-0.01,-1,-1,-0.01,-1,-1,-0.01,-1,-1
99926009,2026-05-18 15:11:27+05:30,53535.85,0,0.0,0,0.0,0.0,53282.15,53667.55,52783.45,53710.35,0,0.0,0.0,0.0,0.0,-0.01,-1,-1,-0.01,-1,-1,-0.01,-1,-1,-0.01,-1,-1,-0.01,-1,-1,-0.01,-1,-1,-0.01,-1,-1,-0.01,-1,-1,-0.01,-1,-1,-0.01,-1,-1
99926009,2026-05-18 15:11:27+05:30,53536.75,0,0.0,0,0.0,0.0,53282.15,53667.55,52783.45,53710.35,0,0.0,0.0,0.0,0.0,-0.01,-1,-1,-0.01,-1,-1,-0.01,-1,-1,-0.01,-1,-1,-0.01,-1,-1,-0.01,-1,-1,-0.01,-1,-1,-0.01,-1,-1,-0.01,-1,-1,-0.01,-1,-1
99926009,2026-05-18 15:11:27+05:30,53534.35,0,0.0,0,0.0,0.0,53282.15,53667.55,52783.45,53710.35,0,0.0,0.0,0.0,0.0,-0.01,-1,-1,-0.01,-1,-1,-0.01,-1,-1,-0.01,-1,-1,-0.01,-1,-1,-0.01,-1,-1,-0.01,-1,-1,-0.01,-1,-1,-0.01,-1,-1,-0.01,-1,-1
99926009,2026-05-18 15:11:28+05:30,53534.35,0,0.0,0,0.0,0.0,53282.15,53667.55,52783.45,53710.35,0,0.0,0.0,0.0,0.0,-0.01,-1,-1,-0.01,-1,-1,-0.01,-1,-1,-0.01,-1,-1,-0.01,-1,-1,-0.01,-1,-1,-0.01,-1,-1,-0.01,-1,-1,-0.01,-1,-1,-0.01,-1,-1
99926009,2026-05-18 15:11:28+05:30,53530.55,0,0.0,0,0.0,0.0,53282.15,53667.55,52783.45,53710.35,0,0.0,0.0,0.0,0.0,-0.01,-1,-1,-0.01,-1,-1,-0.01,-1,-1,-0.01,-1,-1,-0.01,-1,-1,-0.01,-1,-1,-0.01,-1,-1,-0.01,-1,-1,-0.01,-1,-1,-0.01,-1,-1
99926009,2026-05-18 15:11:28+05:30,53531.7,0,0.0,0,0.0,0.0,53282.15,53667.55,52783.45,53710.35,0,0.0,0.0,0.0,0.0,-0.01,-1,-1,-0.01,-1,-1,-0.01,-1,-1,-0.01,-1,-1,-0.01,-1,-1,-0.01,-1,-1,-0.01,-1,-1,-0.01,-1,-1,-0.01,-1,-1,-0.01,-1,-1
99926009,2026-05-18 15:11:29+05:30,53531.7,0,0.0,0,0.0,0.0,53282.15,53667.55,52783.45,53710.35,0,0.0,0.0,0.0,0.0,-0.01,-1,-1,-0.01,-1,-1,-0.01,-1,-1,-0.01,-1,-1,-0.01,-1,-1,-0.01,-1,-1,-0.01,-1,-1,-0.01,-1,-1,-0.01,-1,-1,-0.01,-1,-1
99926009,2026-05-18 15:11:29+05:30,53531.65,0,0.0,0,0.0,0.0,53282.15,53667.55,52783.45,53710.35,0,0.0,0.0,0.0,0.0,-0.01,-1,-1,-0.01,-1,-1,-0.01,-1,-1,-0.01,-1,-1,-0.01,-1,-1,-0.01,-1,-1,-0.01,-1,-1,-0.01,-1,-1,-0.01,-1,-1,-0.01,-1,-1
99926009,2026-05-18 15:11:29+05:30,53532.8,0,0.0,0,0.0,0.0,53282.15,53667.55,52783.45,53710.35,0,0.0,0.0,0.0,0.0,-0.01,-1,-1,-0.01,-1,-1,-0.01,-1,-1,-0.01,-1,-1,-0.01,-1,-1,-0.01,-1,-1,-0.01,-1,-1,-0.01,-1,-1,-0.01,-1,-1,-0.01,-1,-1
99926009,2026-05-18 15:11:30+05:30,53532.8,0,0.0,0,0.0,0.0,53282.15,53667.55,52783.45,53710.35,0,0.0,0.0,0.0,0.0,-0.01,-1,-1,-0.01,-1,-1,-0.01,-1,-1,-0.01,-1,-1,-0.01,-1,-1,-0.01,-1,-1,-0.01,-1,-1,-0.01,-1,-1,-0.01,-1,-1,-0.01,-1,-1
99926009,2026-05-18 15:11:30+05:30,53538.15,0,0.0,0,0.0,0.0,53282.15,53667.55,52783.45,53710.35,0,0.0,0.0,0.0,0.0,-0.01,-1,-1,-0.01,-1,-1,-0.01,-1,-1,-0.01,-1,-1,-0.01,-1,-1,-0.01,-1,-1,-0.01,-1,-1,-0.01,-1,-1,-0.01,-1,-1,-0.01,-1,-1
99926009,2026-05-18 15:11:30+05:30,53534.85,0,0.0,0,0.0,0.0,53282.15,53667.55,52783.45,53710.35,0,0.0,0.0,0.0,0.0,-0.01,-1,-1,-0.01,-1,-1,-0.01,-1,-1,-0.01,-1,-1,-0.01,-1,-1,-0.01,-1,-1,-0.01,-1,-1,-0.01,-1,-1,-0.01,-1,-1,-0.01,-1,-1
99926009,2026-05-18 15:11:31+05:30,53534.85,0,0.0,0,0.0,0.0,53282.15,53667.55,52783.45,53710.35,0,0.0,0.0,0.0,0.0,-0.01,-1,-1,-0.01,-1,-1,-0.01,-1,-1,-0.01,-1,-1,-0.01,-1,-1,-0.01,-1,-1,-0.01,-1,-1,-0.01,-1,-1,-0.01,-1,-1,-0.01,-1,-1
99926009,2026-05-18 15:11:31+05:30,53536.85,0,0.0,0,0.0,0.0,53282.15,53667.55,52783.45,53710.35,0,0.0,0.0,0.0,0.0,-0.01,-1,-1,-0.01,-1,-1,-0.01,-1,-1,-0.01,-1,-1,-0.01,-1,-1,-0.01,-1,-1,-0.01,-1,-1,-0.01,-1,-1,-0.01,-1,-1,-0.01,-1,-1
99926009,2026-05-18 15:11:31+05:30,53534.35,0,0.0,0,0.0,0.0,53282.15,53667.55,52783.45,53710.35,0,0.0,0.0,0.0,0.0,-0.01,-1,-1,-0.01,-1,-1,-0.01,-1,-1,-0.01,-1,-1,-0.01,-1,-1,-0.01,-1,-1,-0.01,-1,-1,-0.01,-1,-1,-0.01,-1,-1,-0.01,-1,-1
99926009,2026-05-18 15:11:32+05:30,53534.35,0,0.0,0,0.0,0.0,53282.15,53667.55,52783.45,53710.35,0,0.0,0.0,0.0,0.0,-0.01,-1,-1,-0.01,-1,-1,-0.01,-1,-1,-0.01,-1,-1,-0.01,-1,-1,-0.01,-1,-1,-0.01,-1,-1,-0.01,-1,-1,-0.01,-1,-1,-0.01,-1,-1
99926009,2026-05-18 15:11:32+05:30,53532.25,0,0.0,0,0.0,0.0,53282.15,53667.55,52783.45,53710.35,0,0.0,0.0,0.0,0.0,-0.01,-1,-1,-0.01,-1,-1,-0.01,-1,-1,-0.01,-1,-1,-0.01,-1,-1,-0.01,-1,-1,-0.01,-1,-1,-0.01,-1,-1,-0.01,-1,-1,-0.01,-1,-1
99926009,2026-05-18 15:11:32+05:30,53532.0,0,0.0,0,0.0,0.0,53282.15,53667.55,52783.45,53710.35,0,0.0,0.0,0.0,0.0,-0.01,-1,-1,-0.01,-1,-1,-0.01,-1,-1,-0.01,-1,-1,-0.01,-1,-1,-0.01,-1,-1,-0.01,-1,-1,-0.01,-1,-1,-0.01,-1,-1,-0.01,-1,-1
99926009,2026-05-18 15:11:33+05:30,53532.0,0,0.0,0,0.0,0.0,53282.15,53667.55,52783.45,53710.35,0,0.0,0.0,0.0,0.0,-0.01,-1,-1,-0.01,-1,-1,-0.01,-1,-1,-0.01,-1,-1,-0.01,-1,-1,-0.01,-1,-1,-0.01,-1,-1,-0.01,-1,-1,-0.01,-1,-1,-0.01,-1,-1
99926009,2026-05-18 15:11:33+05:30,53529.3,0,0.0,0,0.0,0.0,53282.15,53667.55,52783.45,53710.35,0,0.0,0.0,0.0,0.0,-0.01,-1,-1,-0.01,-1,-1,-0.01,-1,-1,-0.01,-1,-1,-0.01,-1,-1,-0.01,-1,-1,-0.01,-1,-1,-0.01,-1,-1,-0.01,-1,-1,-0.01,-1,-1
99926009,2026-05-18 15:11:33+05:30,53529.55,0,0.0,0,0.0,0.0,53282.15,53667.55,52783.45,53710.35,0,0.0,0.0,0.0,0.0,-0.01,-1,-1,-0.01,-1,-1,-0.01,-1,-1,-0.01,-1,-1,-0.01,-1,-1,-0.01,-1,-1,-0.01,-1,-1,-0.01,-1,-1,-0.01,-1,-1,-0.01,-1,-1
99926009,2026-05-18 15:11:34+05:30,53529.55,0,0.0,0,0.0,0.0,53282.15,53667.55,52783.45,53710.35,0,0.0,0.0,0.0,0.0,-0.01,-1,-1,-0.01,-1,-1,-0.01,-1,-1,-0.01,-1,-1,-0.01,-1,-1,-0.01,-1,-1,-0.01,-1,-1,-0.01,-1,-1,-0.01,-1,-1,-0.01,-1,-1
99926009,2026-05-18 15:11:34+05:30,53526.95,0,0.0,0,0.0,0.0,53282.15,53667.55,52783.45,53710.35,0,0.0,0.0,0.0,0.0,-0.01,-1,-1,-0.01,-1,-1,-0.01,-1,-1,-0.01,-1,-1,-0.01,-1,-1,-0.01,-1,-1,-0.01,-1,-1,-0.01,-1,-1,-0.01,-1,-1,-0.01,-1,-1
99926009,2026-05-18 15:11:34+05:30,53526.3,0,0.0,0,0.0,0.0,53282.15,53667.55,52783.45,53710.35,0,0.0,0.0,0.0,0.0,-0.01,-1,-1,-0.01,-1,-1,-0.01,-1,-1,-0.01,-1,-1,-0.01,-1,-1,-0.01,-1,-1,-0.01,-1,-1,-0.01,-1,-1,-0.01,-1,-1,-0.01,-1,-1
99926009,2026-05-18 15:11:35+05:30,53526.3,0,0.0,0,0.0,0.0,53282.15,53667.55,52783.45,53710.35,0,0.0,0.0,0.0,0.0,-0.01,-1,-1,-0.01,-1,-1,-0.01,-1,-1,-0.01,-1,-1,-0.01,-1,-1,-0.01,-1,-1,-0.01,-1,-1,-0.01,-1,-1,-0.01,-1,-1,-0.01,-1,-1
99926009,2026-05-18 15:11:35+05:30,53527.35,0,0.0,0,0.0,0.0,53282.15,53667.55,52783.45,53710.35,0,0.0,0.0,0.0,0.0,-0.01,-1,-1,-0.01,-1,-1,-0.01,-1,-1,-0.01,-1,-1,-0.01,-1,-1,-0.01,-1,-1,-0.01,-1,-1,-0.01,-1,-1,-0.01,-1,-1,-0.01,-1,-1
99926009,2026-05-18 15:11:35+05:30,53525.2,0,0.0,0,0.0,0.0,53282.15,53667.55,52783.45,53710.35,0,0.0,0.0,0.0,0.0,-0.01,-1,-1,-0.01,-1,-1,-0.01,-1,-1,-0.01,-1,-1,-0.01,-1,-1,-0.01,-1,-1,-0.01,-1,-1,-0.01,-1,-1,-0.01,-1,-1,-0.01,-1,-1
99926009,2026-05-18 15:11:36+05:30,53525.2,0,0.0,0,0.0,0.0,53282.15,53667.55,52783.45,53710.35,0,0.0,0.0,0.0,0.0,-0.01,-1,-1,-0.01,-1,-1,-0.01,-1,-1,-0.01,-1,-1,-0.01,-1,-1,-0.01,-1,-1,-0.01,-1,-1,-0.01,-1,-1,-0.01,-1,-1,-0.01,-1,-1
99926009,2026-05-18 15:11:36+05:30,53525.7,0,0.0,0,0.0,0.0,53282.15,53667.55,52783.45,53710.35,0,0.0,0.0,0.0,0.0,-0.01,-1,-1,-0.01,-1,-1,-0.01,-1,-1,-0.01,-1,-1,-0.01,-1,-1,-0.01,-1,-1,-0.01,-1,-1,-0.01,-1,-1,-0.01,-1,-1,-0.01,-1,-1
99926009,2026-05-18 15:11:36+05:30,53523.3,0,0.0,0,0.0,0.0,53282.15,53667.55,52783.45,53710.35,0,0.0,0.0,0.0,0.0,-0.01,-1,-1,-0.01,-1,-1,-0.01,-1,-1,-0.01,-1,-1,-0.01,-1,-1,-0.01,-1,-1,-0.01,-1,-1,-0.01,-1,-1,-0.01,-1,-1,-0.01,-1,-1
99926009,2026-05-18 15:11:37+05:30,53523.3,0,0.0,0,0.0,0.0,53282.15,53667.55,52783.45,53710.35,0,0.0,0.0,0.0,0.0,-0.01,-1,-1,-0.01,-1,-1,-0.01,-1,-1,-0.01,-1,-1,-0.01,-1,-1,-0.01,-1,-1,-0.01,-1,-1,-0.01,-1,-1,-0.01,-1,-1,-0.01,-1,-1
99926009,2026-05-18 15:11:37+05:30,53523.7,0,0.0,0,0.0,0.0,53282.15,53667.55,52783.45,53710.35,0,0.0,0.0,0.0,0.0,-0.01,-1,-1,-0.01,-1,-1,-0.01,-1,-1,-0.01,-1,-1,-0.01,-1,-1,-0.01,-1,-1,-0.01,-1,-1,-0.01,-1,-1,-0.01,-1,-1,-0.01,-1,-1
99926009,2026-05-18 15:11:37+05:30,53522.7,0,0.0,0,0.0,0.0,53282.15,53667.55,52783.45,53710.35,0,0.0,0.0,0.0,0.0,-0.01,-1,-1,-0.01,-1,-1,-0.01,-1,-1,-0.01,-1,-1,-0.01,-1,-1,-0.01,-1,-1,-0.01,-1,-1,-0.01,-1,-1,-0.01,-1,-1,-0.01,-1,-1
99926009,2026-05-18 15:11:38+05:30,53522.7,0,0.0,0,0.0,0.0,53282.15,53667.55,52783.45,53710.35,0,0.0,0.0,0.0,0.0,-0.01,-1,-1,-0.01,-1,-1,-0.01,-1,-1,-0.01,-1,-1,-0.01,-1,-1,-0.01,-1,-1,-0.01,-1,-1,-0.01,-1,-1,-0.01,-1,-1,-0.01,-1,-1
99926009,2026-05-18 15:11:38+05:30,53523.35,0,0.0,0,0.0,0.0,53282.15,53667.55,52783.45,53710.35,0,0.0,0.0,0.0,0.0,-0.01,-1,-1,-0.01,-1,-1,-0.01,-1,-1,-0.01,-1,-1,-0.01,-1,-1,-0.01,-1,-1,-0.01,-1,-1,-0.01,-1,-1,-0.01,-1,-1,-0.01,-1,-1
99926009,2026-05-18 15:11:38+05:30,53522.95,0,0.0,0,0.0,0.0,53282.15,53667.55,52783.45,53710.35,0,0.0,0.0,0.0,0.0,-0.01,-1,-1,-0.01,-1,-1,-0.01,-1,-1,-0.01,-1,-1,-0.01,-1,-1,-0.01,-1,-1,-0.01,-1,-1,-0.01,-1,-1,-0.01,-1,-1,-0.01,-1,-1
99926009,2026-05-18 15:11:39+05:30,53522.95,0,0.0,0,0.0,0.0,53282.15,53667.55,52783.45,53710.35,0,0.0,0.0,0.0,0.0,-0.01,-1,-1,-0.01,-1,-1,-0.01,-1,-1,-0.01,-1,-1,-0.01,-1,-1,-0.01,-1,-1,-0.01,-1,-1,-0.01,-1,-1,-0.01,-1,-1,-0.01,-1,-1
99926009,2026-05-18 15:11:39+05:30,53521.1,0,0.0,0,0.0,0.0,53282.15,53667.55,52783.45,53710.35,0,0.0,0.0,0.0,0.0,-0.01,-1,-1,-0.01,-1,-1,-0.01,-1,-1,-0.01,-1,-1,-0.01,-1,-1,-0.01,-1,-1,-0.01,-1,-1,-0.01,-1,-1,-0.01,-1,-1,-0.01,-1,-1
99926009,2026-05-18 15:11:39+05:30,53522.1,0,0.0,0,0.0,0.0,53282.15,53667.55,52783.45,53710.35,0,0.0,0.0,0.0,0.0,-0.01,-1,-1,-0.01,-1,-1,-0.01,-1,-1,-0.01,-1,-1,-0.01,-1,-1,-0.01,-1,-1,-0.01,-1,-1,-0.01,-1,-1,-0.01,-1,-1,-0.01,-1,-1
99926009,2026-05-18 15:11:40+05:30,53522.1,0,0.0,0,0.0,0.0,53282.15,53667.55,52783.45,53710.35,0,0.0,0.0,0.0,0.0,-0.01,-1,-1,-0.01,-1,-1,-0.01,-1,-1,-0.01,-1,-1,-0.01,-1,-1,-0.01,-1,-1,-0.01,-1,-1,-0.01,-1,-1,-0.01,-1,-1,-0.01,-1,-1
99926009,2026-05-18 15:11:40+05:30,53524.2,0,0.0,0,0.0,0.0,53282.15,53667.55,52783.45,53710.35,0,0.0,0.0,0.0,0.0,-0.01,-1,-1,-0.01,-1,-1,-0.01,-1,-1,-0.01,-1,-1,-0.01,-1,-1,-0.01,-1,-1,-0.01,-1,-1,-0.01,-1,-1,-0.01,-1,-1,-0.01,-1,-1
99926009,2026-05-18 15:11:40+05:30,53523.75,0,0.0,0,0.0,0.0,53282.15,53667.55,52783.45,53710.35,0,0.0,0.0,0.0,0.0,-0.01,-1,-1,-0.01,-1,-1,-0.01,-1,-1,-0.01,-1,-1,-0.01,-1,-1,-0.01,-1,-1,-0.01,-1,-1,-0.01,-1,-1,-0.01,-1,-1,-0.01,-1,-1
99926009,2026-05-18 15:11:41+05:30,53523.75,0,0.0,0,0.0,0.0,53282.15,53667.55,52783.45,53710.35,0,0.0,0.0,0.0,0.0,-0.01,-1,-1,-0.01,-1,-1,-0.01,-1,-1,-0.01,-1,-1,-0.01,-1,-1,-0.01,-1,-1,-0.01,-1,-1,-0.01,-1,-1,-0.01,-1,-1,-0.01,-1,-1
99926009,2026-05-18 15:11:41+05:30,53523.25,0,0.0,0,0.0,0.0,53282.15,53667.55,52783.45,53710.35,0,0.0,0.0,0.0,0.0,-0.01,-1,-1,-0.01,-1,-1,-0.01,-1,-1,-0.01,-1,-1,-0.01,-1,-1,-0.01,-1,-1,-0.01,-1,-1,-0.01,-1,-1,-0.01,-1,-1,-0.01,-1,-1
99926009,2026-05-18 15:11:41+05:30,53527.55,0,0.0,0,0.0,0.0,53282.15,53667.55,52783.45,53710.35,0,0.0,0.0,0.0,0.0,-0.01,-1,-1,-0.01,-1,-1,-0.01,-1,-1,-0.01,-1,-1,-0.01,-1,-1,-0.01,-1,-1,-0.01,-1,-1,-0.01,-1,-1,-0.01,-1,-1,-0.01,-1,-1
99926009,2026-05-18 15:11:42+05:30,53527.55,0,0.0,0,0.0,0.0,53282.15,53667.55,52783.45,53710.35,0,0.0,0.0,0.0,0.0,-0.01,-1,-1,-0.01,-1,-1,-0.01,-1,-1,-0.01,-1,-1,-0.01,-1,-1,-0.01,-1,-1,-0.01,-1,-1,-0.01,-1,-1,-0.01,-1,-1,-0.01,-1,-1
99926009,2026-05-18 15:11:42+05:30,53528.45,0,0.0,0,0.0,0.0,53282.15,53667.55,52783.45,53710.35,0,0.0,0.0,0.0,0.0,-0.01,-1,-1,-0.01,-1,-1,-0.01,-1,-1,-0.01,-1,-1,-0.01,-1,-1,-0.01,-1,-1,-0.01,-1,-1,-0.01,-1,-1,-0.01,-1,-1,-0.01,-1,-1
99926009,2026-05-18 15:11:42+05:30,53527.95,0,0.0,0,0.0,0.0,53282.15,53667.55,52783.45,53710.35,0,0.0,0.0,0.0,0.0,-0.01,-1,-1,-0.01,-1,-1,-0.01,-1,-1,-0.01,-1,-1,-0.01,-1,-1,-0.01,-1,-1,-0.01,-1,-1,-0.01,-1,-1,-0.01,-1,-1,-0.01,-1,-1
99926009,2026-05-18 15:11:43+05:30,53527.95,0,0.0,0,0.0,0.0,53282.15,53667.55,52783.45,53710.35,0,0.0,0.0,0.0,0.0,-0.01,-1,-1,-0.01,-1,-1,-0.01,-1,-1,-0.01,-1,-1,-0.01,-1,-1,-0.01,-1,-1,-0.01,-1,-1,-0.01,-1,-1,-0.01,-1,-1,-0.01,-1,-1
99926009,2026-05-18 15:11:43+05:30,53525.95,0,0.0,0,0.0,0.0,53282.15,53667.55,52783.45,53710.35,0,0.0,0.0,0.0,0.0,-0.01,-1,-1,-0.01,-1,-1,-0.01,-1,-1,-0.01,-1,-1,-0.01,-1,-1,-0.01,-1,-1,-0.01,-1,-1,-0.01,-1,-1,-0.01,-1,-1,-0.01,-1,-1
99926009,2026-05-18 15:11:43+05:30,53527.5,0,0.0,0,0.0,0.0,53282.15,53667.55,52783.45,53710.35,0,0.0,0.0,0.0,0.0,-0.01,-1,-1,-0.01,-1,-1,-0.01,-1,-1,-0.01,-1,-1,-0.01,-1,-1,-0.01,-1,-1,-0.01,-1,-1,-0.01,-1,-1,-0.01,-1,-1,-0.01,-1,-1
99926009,2026-05-18 15:11:44+05:30,53527.5,0,0.0,0,0.0,0.0,53282.15,53667.55,52783.45,53710.35,0,0.0,0.0,0.0,0.0,-0.01,-1,-1,-0.01,-1,-1,-0.01,-1,-1,-0.01,-1,-1,-0.01,-1,-1,-0.01,-1,-1,-0.01,-1,-1,-0.01,-1,-1,-0.01,-1,-1,-0.01,-1,-1
99926009,2026-05-18 15:11:44+05:30,53529.0,0,0.0,0,0.0,0.0,53282.15,53667.55,52783.45,53710.35,0,0.0,0.0,0.0,0.0,-0.01,-1,-1,-0.01,-1,-1,-0.01,-1,-1,-0.01,-1,-1,-0.01,-1,-1,-0.01,-1,-1,-0.01,-1,-1,-0.01,-1,-1,-0.01,-1,-1,-0.01,-1,-1
99926009,2026-05-18 15:11:44+05:30,53530.5,0,0.0,0,0.0,0.0,53282.15,53667.55,52783.45,53710.35,0,0.0,0.0,0.0,0.0,-0.01,-1,-1,-0.01,-1,-1,-0.01,-1,-1,-0.01,-1,-1,-0.01,-1,-1,-0.01,-1,-1,-0.01,-1,-1,-0.01,-1,-1,-0.01,-1,-1,-0.01,-1,-1
99926009,2026-05-18 15:11:45+05:30,53530.5,0,0.0,0,0.0,0.0,53282.15,53667.55,52783.45,53710.35,0,0.0,0.0,0.0,0.0,-0.01,-1,-1,-0.01,-1,-1,-0.01,-1,-1,-0.01,-1,-1,-0.01,-1,-1,-0.01,-1,-1,-0.01,-1,-1,-0.01,-1,-1,-0.01,-1,-1,-0.01,-1,-1
99926009,2026-05-18 15:11:45+05:30,53531.9,0,0.0,0,0.0,0.0,53282.15,53667.55,52783.45,53710.35,0,0.0,0.0,0.0,0.0,-0.01,-1,-1,-0.01,-1,-1,-0.01,-1,-1,-0.01,-1,-1,-0.01,-1,-1,-0.01,-1,-1,-0.01,-1,-1,-0.01,-1,-1,-0.01,-1,-1,-0.01,-1,-1
99926009,2026-05-18 15:11:45+05:30,53532.95,0,0.0,0,0.0,0.0,53282.15,53667.55,52783.45,53710.35,0,0.0,0.0,0.0,0.0,-0.01,-1,-1,-0.01,-1,-1,-0.01,-1,-1,-0.01,-1,-1,-0.01,-1,-1,-0.01,-1,-1,-0.01,-1,-1,-0.01,-1,-1,-0.01,-1,-1,-0.01,-1,-1
99926009,2026-05-18 15:11:46+05:30,53532.95,0,0.0,0,0.0,0.0,53282.15,53667.55,52783.45,53710.35,0,0.0,0.0,0.0,0.0,-0.01,-1,-1,-0.01,-1,-1,-0.01,-1,-1,-0.01,-1,-1,-0.01,-1,-1,-0.01,-1,-1,-0.01,-1,-1,-0.01,-1,-1,-0.01,-1,-1,-0.01,-1,-1
99926009,2026-05-18 15:11:46+05:30,53526.15,0,0.0,0,0.0,0.0,53282.15,53667.55,52783.45,53710.35,0,0.0,0.0,0.0,0.0,-0.01,-1,-1,-0.01,-1,-1,-0.01,-1,-1,-0.01,-1,-1,-0.01,-1,-1,-0.01,-1,-1,-0.01,-1,-1,-0.01,-1,-1,-0.01,-1,-1,-0.01,-1,-1
99926009,2026-05-18 15:11:46+05:30,53526.95,0,0.0,0,0.0,0.0,53282.15,53667.55,52783.45,53710.35,0,0.0,0.0,0.0,0.0,-0.01,-1,-1,-0.01,-1,-1,-0.01,-1,-1,-0.01,-1,-1,-0.01,-1,-1,-0.01,-1,-1,-0.01,-1,-1,-0.01,-1,-1,-0.01,-1,-1,-0.01,-1,-1
99926009,2026-05-18 15:11:47+05:30,53526.95,0,0.0,0,0.0,0.0,53282.15,53667.55,52783.45,53710.35,0,0.0,0.0,0.0,0.0,-0.01,-1,-1,-0.01,-1,-1,-0.01,-1,-1,-0.01,-1,-1,-0.01,-1,-1,-0.01,-1,-1,-0.01,-1,-1,-0.01,-1,-1,-0.01,-1,-1,-0.01,-1,-1
99926009,2026-05-18 15:11:47+05:30,53525.4,0,0.0,0,0.0,0.0,53282.15,53667.55,52783.45,53710.35,0,0.0,0.0,0.0,0.0,-0.01,-1,-1,-0.01,-1,-1,-0.01,-1,-1,-0.01,-1,-1,-0.01,-1,-1,-0.01,-1,-1,-0.01,-1,-1,-0.01,-1,-1,-0.01,-1,-1,-0.01,-1,-1
99926009,2026-05-18 15:11:47+05:30,53525.0,0,0.0,0,0.0,0.0,53282.15,53667.55,52783.45,53710.35,0,0.0,0.0,0.0,0.0,-0.01,-1,-1,-0.01,-1,-1,-0.01,-1,-1,-0.01,-1,-1,-0.01,-1,-1,-0.01,-1,-1,-0.01,-1,-1,-0.01,-1,-1,-0.01,-1,-1,-0.01,-1,-1
99926009,2026-05-18 15:11:48+05:30,53525.0,0,0.0,0,0.0,0.0,53282.15,53667.55,52783.45,53710.35,0,0.0,0.0,0.0,0.0,-0.01,-1,-1,-0.01,-1,-1,-0.01,-1,-1,-0.01,-1,-1,-0.01,-1,-1,-0.01,-1,-1,-0.01,-1,-1,-0.01,-1,-1,-0.01,-1,-1,-0.01,-1,-1
99926009,2026-05-18 15:11:48+05:30,53524.4,0,0.0,0,0.0,0.0,53282.15,53667.55,52783.45,53710.35,0,0.0,0.0,0.0,0.0,-0.01,-1,-1,-0.01,-1,-1,-0.01,-1,-1,-0.01,-1,-1,-0.01,-1,-1,-0.01,-1,-1,-0.01,-1,-1,-0.01,-1,-1,-0.01,-1,-1,-0.01,-1,-1
99926009,2026-05-18 15:11:48+05:30,53530.1,0,0.0,0,0.0,0.0,53282.15,53667.55,52783.45,53710.35,0,0.0,0.0,0.0,0.0,-0.01,-1,-1,-0.01,-1,-1,-0.01,-1,-1,-0.01,-1,-1,-0.01,-1,-1,-0.01,-1,-1,-0.01,-1,-1,-0.01,-1,-1,-0.01,-1,-1,-0.01,-1,-1
99926009,2026-05-18 15:11:49+05:30,53530.1,0,0.0,0,0.0,0.0,53282.15,53667.55,52783.45,53710.35,0,0.0,0.0,0.0,0.0,-0.01,-1,-1,-0.01,-1,-1,-0.01,-1,-1,-0.01,-1,-1,-0.01,-1,-1,-0.01,-1,-1,-0.01,-1,-1,-0.01,-1,-1,-0.01,-1,-1,-0.01,-1,-1
99926009,2026-05-18 15:11:49+05:30,53529.1,0,0.0,0,0.0,0.0,53282.15,53667.55,52783.45,53710.35,0,0.0,0.0,0.0,0.0,-0.01,-1,-1,-0.01,-1,-1,-0.01,-1,-1,-0.01,-1,-1,-0.01,-1,-1,-0.01,-1,-1,-0.01,-1,-1,-0.01,-1,-1,-0.01,-1,-1,-0.01,-1,-1
99926009,2026-05-18 15:11:49+05:30,53528.5,0,0.0,0,0.0,0.0,53282.15,53667.55,52783.45,53710.35,0,0.0,0.0,0.0,0.0,-0.01,-1,-1,-0.01,-1,-1,-0.01,-1,-1,-0.01,-1,-1,-0.01,-1,-1,-0.01,-1,-1,-0.01,-1,-1,-0.01,-1,-1,-0.01,-1,-1,-0.01,-1,-1
99926009,2026-05-18 15:11:50+05:30,53528.5,0,0.0,0,0.0,0.0,53282.15,53667.55,52783.45,53710.35,0,0.0,0.0,0.0,0.0,-0.01,-1,-1,-0.01,-1,-1,-0.01,-1,-1,-0.01,-1,-1,-0.01,-1,-1,-0.01,-1,-1,-0.01,-1,-1,-0.01,-1,-1,-0.01,-1,-1,-0.01,-1,-1
99926009,2026-05-18 15:11:50+05:30,53529.0,0,0.0,0,0.0,0.0,53282.15,53667.55,52783.45,53710.35,0,0.0,0.0,0.0,0.0,-0.01,-1,-1,-0.01,-1,-1,-0.01,-1,-1,-0.01,-1,-1,-0.01,-1,-1,-0.01,-1,-1,-0.01,-1,-1,-0.01,-1,-1,-0.01,-1,-1,-0.01,-1,-1
99926009,2026-05-18 15:11:50+05:30,53526.3,0,0.0,0,0.0,0.0,53282.15,53667.55,52783.45,53710.35,0,0.0,0.0,0.0,0.0,-0.01,-1,-1,-0.01,-1,-1,-0.01,-1,-1,-0.01,-1,-1,-0.01,-1,-1,-0.01,-1,-1,-0.01,-1,-1,-0.01,-1,-1,-0.01,-1,-1,-0.01,-1,-1
99926009,2026-05-18 15:11:51+05:30,53526.3,0,0.0,0,0.0,0.0,53282.15,53667.55,52783.45,53710.35,0,0.0,0.0,0.0,0.0,-0.01,-1,-1,-0.01,-1,-1,-0.01,-1,-1,-0.01,-1,-1,-0.01,-1,-1,-0.01,-1,-1,-0.01,-1,-1,-0.01,-1,-1,-0.01,-1,-1,-0.01,-1,-1
99926009,2026-05-18 15:11:51+05:30,53525.6,0,0.0,0,0.0,0.0,53282.15,53667.55,52783.45,53710.35,0,0.0,0.0,0.0,0.0,-0.01,-1,-1,-0.01,-1,-1,-0.01,-1,-1,-0.01,-1,-1,-0.01,-1,-1,-0.01,-1,-1,-0.01,-1,-1,-0.01,-1,-1,-0.01,-1,-1,-0.01,-1,-1
99926009,2026-05-18 15:11:51+05:30,53525.4,0,0.0,0,0.0,0.0,53282.15,53667.55,52783.45,53710.35,0,0.0,0.0,0.0,0.0,-0.01,-1,-1,-0.01,-1,-1,-0.01,-1,-1,-0.01,-1,-1,-0.01,-1,-1,-0.01,-1,-1,-0.01,-1,-1,-0.01,-1,-1,-0.01,-1,-1,-0.01,-1,-1
99926009,2026-05-18 15:11:52+05:30,53525.4,0,0.0,0,0.0,0.0,53282.15,53667.55,52783.45,53710.35,0,0.0,0.0,0.0,0.0,-0.01,-1,-1,-0.01,-1,-1,-0.01,-1,-1,-0.01,-1,-1,-0.01,-1,-1,-0.01,-1,-1,-0.01,-1,-1,-0.01,-1,-1,-0.01,-1,-1,-0.01,-1,-1
99926009,2026-05-18 15:11:52+05:30,53526.35,0,0.0,0,0.0,0.0,53282.15,53667.55,52783.45,53710.35,0,0.0,0.0,0.0,0.0,-0.01,-1,-1,-0.01,-1,-1,-0.01,-1,-1,-0.01,-1,-1,-0.01,-1,-1,-0.01,-1,-1,-0.01,-1,-1,-0.01,-1,-1,-0.01,-1,-1,-0.01,-1,-1
99926009,2026-05-18 15:11:52+05:30,53526.3,0,0.0,0,0.0,0.0,53282.15,53667.55,52783.45,53710.35,0,0.0,0.0,0.0,0.0,-0.01,-1,-1,-0.01,-1,-1,-0.01,-1,-1,-0.01,-1,-1,-0.01,-1,-1,-0.01,-1,-1,-0.01,-1,-1,-0.01,-1,-1,-0.01,-1,-1,-0.01,-1,-1
99926009,2026-05-18 15:11:53+05:30,53526.3,0,0.0,0,0.0,0.0,53282.15,53667.55,52783.45,53710.35,0,0.0,0.0,0.0,0.0,-0.01,-1,-1,-0.01,-1,-1,-0.01,-1,-1,-0.01,-1,-1,-0.01,-1,-1,-0.01,-1,-1,-0.01,-1,-1,-0.01,-1,-1,-0.01,-1,-1,-0.01,-1,-1
99926009,2026-05-18 15:11:53+05:30,53528.2,0,0.0,0,0.0,0.0,53282.15,53667.55,52783.45,53710.35,0,0.0,0.0,0.0,0.0,-0.01,-1,-1,-0.01,-1,-1,-0.01,-1,-1,-0.01,-1,-1,-0.01,-1,-1,-0.01,-1,-1,-0.01,-1,-1,-0.01,-1,-1,-0.01,-1,-1,-0.01,-1,-1
99926009,2026-05-18 15:11:53+05:30,53530.15,0,0.0,0,0.0,0.0,53282.15,53667.55,52783.45,53710.35,0,0.0,0.0,0.0,0.0,-0.01,-1,-1,-0.01,-1,-1,-0.01,-1,-1,-0.01,-1,-1,-0.01,-1,-1,-0.01,-1,-1,-0.01,-1,-1,-0.01,-1,-1,-0.01,-1,-1,-0.01,-1,-1
99926009,2026-05-18 15:11:54+05:30,53530.15,0,0.0,0,0.0,0.0,53282.15,53667.55,52783.45,53710.35,0,0.0,0.0,0.0,0.0,-0.01,-1,-1,-0.01,-1,-1,-0.01,-1,-1,-0.01,-1,-1,-0.01,-1,-1,-0.01,-1,-1,-0.01,-1,-1,-0.01,-1,-1,-0.01,-1,-1,-0.01,-1,-1
99926009,2026-05-18 15:11:54+05:30,53532.35,0,0.0,0,0.0,0.0,53282.15,53667.55,52783.45,53710.35,0,0.0,0.0,0.0,0.0,-0.01,-1,-1,-0.01,-1,-1,-0.01,-1,-1,-0.01,-1,-1,-0.01,-1,-1,-0.01,-1,-1,-0.01,-1,-1,-0.01,-1,-1,-0.01,-1,-1,-0.01,-1,-1
99926009,2026-05-18 15:11:54+05:30,53529.65,0,0.0,0,0.0,0.0,53282.15,53667.55,52783.45,53710.35,0,0.0,0.0,0.0,0.0,-0.01,-1,-1,-0.01,-1,-1,-0.01,-1,-1,-0.01,-1,-1,-0.01,-1,-1,-0.01,-1,-1,-0.01,-1,-1,-0.01,-1,-1,-0.01,-1,-1,-0.01,-1,-1
99926009,2026-05-18 15:11:55+05:30,53529.65,0,0.0,0,0.0,0.0,53282.15,53667.55,52783.45,53710.35,0,0.0,0.0,0.0,0.0,-0.01,-1,-1,-0.01,-1,-1,-0.01,-1,-1,-0.01,-1,-1,-0.01,-1,-1,-0.01,-1,-1,-0.01,-1,-1,-0.01,-1,-1,-0.01,-1,-1,-0.01,-1,-1
99926009,2026-05-18 15:11:55+05:30,53532.55,0,0.0,0,0.0,0.0,53282.15,53667.55,52783.45,53710.35,0,0.0,0.0,0.0,0.0,-0.01,-1,-1,-0.01,-1,-1,-0.01,-1,-1,-0.01,-1,-1,-0.01,-1,-1,-0.01,-1,-1,-0.01,-1,-1,-0.01,-1,-1,-0.01,-1,-1,-0.01,-1,-1
99926009,2026-05-18 15:11:55+05:30,53530.8,0,0.0,0,0.0,0.0,53282.15,53667.55,52783.45,53710.35,0,0.0,0.0,0.0,0.0,-0.01,-1,-1,-0.01,-1,-1,-0.01,-1,-1,-0.01,-1,-1,-0.01,-1,-1,-0.01,-1,-1,-0.01,-1,-1,-0.01,-1,-1,-0.01,-1,-1,-0.01,-1,-1
99926009,2026-05-18 15:11:56+05:30,53530.8,0,0.0,0,0.0,0.0,53282.15,53667.55,52783.45,53710.35,0,0.0,0.0,0.0,0.0,-0.01,-1,-1,-0.01,-1,-1,-0.01,-1,-1,-0.01,-1,-1,-0.01,-1,-1,-0.01,-1,-1,-0.01,-1,-1,-0.01,-1,-1,-0.01,-1,-1,-0.01,-1,-1
99926009,2026-05-18 15:11:56+05:30,53531.4,0,0.0,0,0.0,0.0,53282.15,53667.55,52783.45,53710.35,0,0.0,0.0,0.0,0.0,-0.01,-1,-1,-0.01,-1,-1,-0.01,-1,-1,-0.01,-1,-1,-0.01,-1,-1,-0.01,-1,-1,-0.01,-1,-1,-0.01,-1,-1,-0.01,-1,-1,-0.01,-1,-1
99926009,2026-05-18 15:11:56+05:30,53530.85,0,0.0,0,0.0,0.0,53282.15,53667.55,52783.45,53710.35,0,0.0,0.0,0.0,0.0,-0.01,-1,-1,-0.01,-1,-1,-0.01,-1,-1,-0.01,-1,-1,-0.01,-1,-1,-0.01,-1,-1,-0.01,-1,-1,-0.01,-1,-1,-0.01,-1,-1,-0.01,-1,-1
99926009,2026-05-18 15:11:57+05:30,53530.85,0,0.0,0,0.0,0.0,53282.15,53667.55,52783.45,53710.35,0,0.0,0.0,0.0,0.0,-0.01,-1,-1,-0.01,-1,-1,-0.01,-1,-1,-0.01,-1,-1,-0.01,-1,-1,-0.01,-1,-1,-0.01,-1,-1,-0.01,-1,-1,-0.01,-1,-1,-0.01,-1,-1
99926009,2026-05-18 15:11:57+05:30,53533.5,0,0.0,0,0.0,0.0,53282.15,53667.55,52783.45,53710.35,0,0.0,0.0,0.0,0.0,-0.01,-1,-1,-0.01,-1,-1,-0.01,-1,-1,-0.01,-1,-1,-0.01,-1,-1,-0.01,-1,-1,-0.01,-1,-1,-0.01,-1,-1,-0.01,-1,-1,-0.01,-1,-1
99926009,2026-05-18 15:11:57+05:30,53531.9,0,0.0,0,0.0,0.0,53282.15,53667.55,52783.45,53710.35,0,0.0,0.0,0.0,0.0,-0.01,-1,-1,-0.01,-1,-1,-0.01,-1,-1,-0.01,-1,-1,-0.01,-1,-1,-0.01,-1,-1,-0.01,-1,-1,-0.01,-1,-1,-0.01,-1,-1,-0.01,-1,-1
99926009,2026-05-18 15:11:58+05:30,53531.9,0,0.0,0,0.0,0.0,53282.15,53667.55,52783.45,53710.35,0,0.0,0.0,0.0,0.0,-0.01,-1,-1,-0.01,-1,-1,-0.01,-1,-1,-0.01,-1,-1,-0.01,-1,-1,-0.01,-1,-1,-0.01,-1,-1,-0.01,-1,-1,-0.01,-1,-1,-0.01,-1,-1
99926009,2026-05-18 15:11:58+05:30,53538.1,0,0.0,0,0.0,0.0,53282.15,53667.55,52783.45,53710.35,0,0.0,0.0,0.0,0.0,-0.01,-1,-1,-0.01,-1,-1,-0.01,-1,-1,-0.01,-1,-1,-0.01,-1,-1,-0.01,-1,-1,-0.01,-1,-1,-0.01,-1,-1,-0.01,-1,-1,-0.01,-1,-1
99926009,2026-05-18 15:11:58+05:30,53538.95,0,0.0,0,0.0,0.0,53282.15,53667.55,52783.45,53710.35,0,0.0,0.0,0.0,0.0,-0.01,-1,-1,-0.01,-1,-1,-0.01,-1,-1,-0.01,-1,-1,-0.01,-1,-1,-0.01,-1,-1,-0.01,-1,-1,-0.01,-1,-1,-0.01,-1,-1,-0.01,-1,-1
99926009,2026-05-18 15:11:59+05:30,53538.95,0,0.0,0,0.0,0.0,53282.15,53667.55,52783.45,53710.35,0,0.0,0.0,0.0,0.0,-0.01,-1,-1,-0.01,-1,-1,-0.01,-1,-1,-0.01,-1,-1,-0.01,-1,-1,-0.01,-1,-1,-0.01,-1,-1,-0.01,-1,-1,-0.01,-1,-1,-0.01,-1,-1
99926009,2026-05-18 15:11:59+05:30,53537.2,0,0.0,0,0.0,0.0,53282.15,53667.55,52783.45,53710.35,0,0.0,0.0,0.0,0.0,-0.01,-1,-1,-0.01,-1,-1,-0.01,-1,-1,-0.01,-1,-1,-0.01,-1,-1,-0.01,-1,-1,-0.01,-1,-1,-0.01,-1,-1,-0.01,-1,-1,-0.01,-1,-1
99926009,2026-05-18 15:11:59+05:30,53537.4,0,0.0,0,0.0,0.0,53282.15,53667.55,52783.45,53710.35,0,0.0,0.0,0.0,0.0,-0.01,-1,-1,-0.01,-1,-1,-0.01,-1,-1,-0.01,-1,-1,-0.01,-1,-1,-0.01,-1,-1,-0.01,-1,-1,-0.01,-1,-1,-0.01,-1,-1,-0.01,-1,-1
99926009,2026-05-18 15:12:00+05:30,53537.4,0,0.0,0,0.0,0.0,53282.15,53667.55,52783.45,53710.35,0,0.0,0.0,0.0,0.0,-0.01,-1,-1,-0.01,-1,-1,-0.01,-1,-1,-0.01,-1,-1,-0.01,-1,-1,-0.01,-1,-1,-0.01,-1,-1,-0.01,-1,-1,-0.01,-1,-1,-0.01,-1,-1
99926009,2026-05-18 15:12:00+05:30,53538.75,0,0.0,0,0.0,0.0,53282.15,53667.55,52783.45,53710.35,0,0.0,0.0,0.0,0.0,-0.01,-1,-1,-0.01,-1,-1,-0.01,-1,-1,-0.01,-1,-1,-0.01,-1,-1,-0.01,-1,-1,-0.01,-1,-1,-0.01,-1,-1,-0.01,-1,-1,-0.01,-1,-1
99926009,2026-05-18 15:12:00+05:30,53538.6,0,0.0,0,0.0,0.0,53282.15,53667.55,52783.45,53710.35,0,0.0,0.0,0.0,0.0,-0.01,-1,-1,-0.01,-1,-1,-0.01,-1,-1,-0.01,-1,-1,-0.01,-1,-1,-0.01,-1,-1,-0.01,-1,-1,-0.01,-1,-1,-0.01,-1,-1,-0.01,-1,-1
99926009,2026-05-18 15:12:01+05:30,53538.6,0,0.0,0,0.0,0.0,53282.15,53667.55,52783.45,53710.35,0,0.0,0.0,0.0,0.0,-0.01,-1,-1,-0.01,-1,-1,-0.01,-1,-1,-0.01,-1,-1,-0.01,-1,-1,-0.01,-1,-1,-0.01,-1,-1,-0.01,-1,-1,-0.01,-1,-1,-0.01,-1,-1
99926009,2026-05-18 15:12:01+05:30,53538.1,0,0.0,0,0.0,0.0,53282.15,53667.55,52783.45,53710.35,0,0.0,0.0,0.0,0.0,-0.01,-1,-1,-0.01,-1,-1,-0.01,-1,-1,-0.01,-1,-1,-0.01,-1,-1,-0.01,-1,-1,-0.01,-1,-1,-0.01,-1,-1,-0.01,-1,-1,-0.01,-1,-1
99926009,2026-05-18 15:12:01+05:30,53536.35,0,0.0,0,0.0,0.0,53282.15,53667.55,52783.45,53710.35,0,0.0,0.0,0.0,0.0,-0.01,-1,-1,-0.01,-1,-1,-0.01,-1,-1,-0.01,-1,-1,-0.01,-1,-1,-0.01,-1,-1,-0.01,-1,-1,-0.01,-1,-1,-0.01,-1,-1,-0.01,-1,-1
99926009,2026-05-18 15:12:02+05:30,53536.35,0,0.0,0,0.0,0.0,53282.15,53667.55,52783.45,53710.35,0,0.0,0.0,0.0,0.0,-0.01,-1,-1,-0.01,-1,-1,-0.01,-1,-1,-0.01,-1,-1,-0.01,-1,-1,-0.01,-1,-1,-0.01,-1,-1,-0.01,-1,-1,-0.01,-1,-1,-0.01,-1,-1
99926009,2026-05-18 15:12:02+05:30,53531.55,0,0.0,0,0.0,0.0,53282.15,53667.55,52783.45,53710.35,0,0.0,0.0,0.0,0.0,-0.01,-1,-1,-0.01,-1,-1,-0.01,-1,-1,-0.01,-1,-1,-0.01,-1,-1,-0.01,-1,-1,-0.01,-1,-1,-0.01,-1,-1,-0.01,-1,-1,-0.01,-1,-1
99926009,2026-05-18 15:12:02+05:30,53531.1,0,0.0,0,0.0,0.0,53282.15,53667.55,52783.45,53710.35,0,0.0,0.0,0.0,0.0,-0.01,-1,-1,-0.01,-1,-1,-0.01,-1,-1,-0.01,-1,-1,-0.01,-1,-1,-0.01,-1,-1,-0.01,-1,-1,-0.01,-1,-1,-0.01,-1,-1,-0.01,-1,-1
99926009,2026-05-18 15:12:03+05:30,53531.1,0,0.0,0,0.0,0.0,53282.15,53667.55,52783.45,53710.35,0,0.0,0.0,0.0,0.0,-0.01,-1,-1,-0.01,-1,-1,-0.01,-1,-1,-0.01,-1,-1,-0.01,-1,-1,-0.01,-1,-1,-0.01,-1,-1,-0.01,-1,-1,-0.01,-1,-1,-0.01,-1,-1
99926009,2026-05-18 15:12:03+05:30,53529.95,0,0.0,0,0.0,0.0,53282.15,53667.55,52783.45,53710.35,0,0.0,0.0,0.0,0.0,-0.01,-1,-1,-0.01,-1,-1,-0.01,-1,-1,-0.01,-1,-1,-0.01,-1,-1,-0.01,-1,-1,-0.01,-1,-1,-0.01,-1,-1,-0.01,-1,-1,-0.01,-1,-1
99926009,2026-05-18 15:12:03+05:30,53531.85,0,0.0,0,0.0,0.0,53282.15,53667.55,52783.45,53710.35,0,0.0,0.0,0.0,0.0,-0.01,-1,-1,-0.01,-1,-1,-0.01,-1,-1,-0.01,-1,-1,-0.01,-1,-1,-0.01,-1,-1,-0.01,-1,-1,-0.01,-1,-1,-0.01,-1,-1,-0.01,-1,-1
99926009,2026-05-18 15:12:04+05:30,53531.85,0,0.0,0,0.0,0.0,53282.15,53667.55,52783.45,53710.35,0,0.0,0.0,0.0,0.0,-0.01,-1,-1,-0.01,-1,-1,-0.01,-1,-1,-0.01,-1,-1,-0.01,-1,-1,-0.01,-1,-1,-0.01,-1,-1,-0.01,-1,-1,-0.01,-1,-1,-0.01,-1,-1
99926009,2026-05-18 15:12:04+05:30,53531.1,0,0.0,0,0.0,0.0,53282.15,53667.55,52783.45,53710.35,0,0.0,0.0,0.0,0.0,-0.01,-1,-1,-0.01,-1,-1,-0.01,-1,-1,-0.01,-1,-1,-0.01,-1,-1,-0.01,-1,-1,-0.01,-1,-1,-0.01,-1,-1,-0.01,-1,-1,-0.01,-1,-1
99926009,2026-05-18 15:12:04+05:30,53532.55,0,0.0,0,0.0,0.0,53282.15,53667.55,52783.45,53710.35,0,0.0,0.0,0.0,0.0,-0.01,-1,-1,-0.01,-1,-1,-0.01,-1,-1,-0.01,-1,-1,-0.01,-1,-1,-0.01,-1,-1,-0.01,-1,-1,-0.01,-1,-1,-0.01,-1,-1,-0.01,-1,-1
99926009,2026-05-18 15:12:05+05:30,53532.55,0,0.0,0,0.0,0.0,53282.15,53667.55,52783.45,53710.35,0,0.0,0.0,0.0,0.0,-0.01,-1,-1,-0.01,-1,-1,-0.01,-1,-1,-0.01,-1,-1,-0.01,-1,-1,-0.01,-1,-1,-0.01,-1,-1,-0.01,-1,-1,-0.01,-1,-1,-0.01,-1,-1
99926009,2026-05-18 15:12:05+05:30,53531.1,0,0.0,0,0.0,0.0,53282.15,53667.55,52783.45,53710.35,0,0.0,0.0,0.0,0.0,-0.01,-1,-1,-0.01,-1,-1,-0.01,-1,-1,-0.01,-1,-1,-0.01,-1,-1,-0.01,-1,-1,-0.01,-1,-1,-0.01,-1,-1,-0.01,-1,-1,-0.01,-1,-1
99926009,2026-05-18 15:12:05+05:30,53531.7,0,0.0,0,0.0,0.0,53282.15,53667.55,52783.45,53710.35,0,0.0,0.0,0.0,0.0,-0.01,-1,-1,-0.01,-1,-1,-0.01,-1,-1,-0.01,-1,-1,-0.01,-1,-1,-0.01,-1,-1,-0.01,-1,-1,-0.01,-1,-1,-0.01,-1,-1,-0.01,-1,-1
99926009,2026-05-18 15:12:06+05:30,53531.7,0,0.0,0,0.0,0.0,53282.15,53667.55,52783.45,53710.35,0,0.0,0.0,0.0,0.0,-0.01,-1,-1,-0.01,-1,-1,-0.01,-1,-1,-0.01,-1,-1,-0.01,-1,-1,-0.01,-1,-1,-0.01,-1,-1,-0.01,-1,-1,-0.01,-1,-1,-0.01,-1,-1
99926009,2026-05-18 15:12:06+05:30,53531.75,0,0.0,0,0.0,0.0,53282.15,53667.55,52783.45,53710.35,0,0.0,0.0,0.0,0.0,-0.01,-1,-1,-0.01,-1,-1,-0.01,-1,-1,-0.01,-1,-1,-0.01,-1,-1,-0.01,-1,-1,-0.01,-1,-1,-0.01,-1,-1,-0.01,-1,-1,-0.01,-1,-1
99926009,2026-05-18 15:12:06+05:30,53527.25,0,0.0,0,0.0,0.0,53282.15,53667.55,52783.45,53710.35,0,0.0,0.0,0.0,0.0,-0.01,-1,-1,-0.01,-1,-1,-0.01,-1,-1,-0.01,-1,-1,-0.01,-1,-1,-0.01,-1,-1,-0.01,-1,-1,-0.01,-1,-1,-0.01,-1,-1,-0.01,-1,-1
99926009,2026-05-18 15:12:07+05:30,53527.25,0,0.0,0,0.0,0.0,53282.15,53667.55,52783.45,53710.35,0,0.0,0.0,0.0,0.0,-0.01,-1,-1,-0.01,-1,-1,-0.01,-1,-1,-0.01,-1,-1,-0.01,-1,-1,-0.01,-1,-1,-0.01,-1,-1,-0.01,-1,-1,-0.01,-1,-1,-0.01,-1,-1
99926009,2026-05-18 15:12:07+05:30,53528.1,0,0.0,0,0.0,0.0,53282.15,53667.55,52783.45,53710.35,0,0.0,0.0,0.0,0.0,-0.01,-1,-1,-0.01,-1,-1,-0.01,-1,-1,-0.01,-1,-1,-0.01,-1,-1,-0.01,-1,-1,-0.01,-1,-1,-0.01,-1,-1,-0.01,-1,-1,-0.01,-1,-1
99926009,2026-05-18 15:12:07+05:30,53529.15,0,0.0,0,0.0,0.0,53282.15,53667.55,52783.45,53710.35,0,0.0,0.0,0.0,0.0,-0.01,-1,-1,-0.01,-1,-1,-0.01,-1,-1,-0.01,-1,-1,-0.01,-1,-1,-0.01,-1,-1,-0.01,-1,-1,-0.01,-1,-1,-0.01,-1,-1,-0.01,-1,-1
99926009,2026-05-18 15:12:08+05:30,53529.15,0,0.0,0,0.0,0.0,53282.15,53667.55,52783.45,53710.35,0,0.0,0.0,0.0,0.0,-0.01,-1,-1,-0.01,-1,-1,-0.01,-1,-1,-0.01,-1,-1,-0.01,-1,-1,-0.01,-1,-1,-0.01,-1,-1,-0.01,-1,-1,-0.01,-1,-1,-0.01,-1,-1
99926009,2026-05-18 15:12:08+05:30,53528.65,0,0.0,0,0.0,0.0,53282.15,53667.55,52783.45,53710.35,0,0.0,0.0,0.0,0.0,-0.01,-1,-1,-0.01,-1,-1,-0.01,-1,-1,-0.01,-1,-1,-0.01,-1,-1,-0.01,-1,-1,-0.01,-1,-1,-0.01,-1,-1,-0.01,-1,-1,-0.01,-1,-1
99926009,2026-05-18 15:12:08+05:30,53526.9,0,0.0,0,0.0,0.0,53282.15,53667.55,52783.45,53710.35,0,0.0,0.0,0.0,0.0,-0.01,-1,-1,-0.01,-1,-1,-0.01,-1,-1,-0.01,-1,-1,-0.01,-1,-1,-0.01,-1,-1,-0.01,-1,-1,-0.01,-1,-1,-0.01,-1,-1,-0.01,-1,-1
99926009,2026-05-18 15:12:09+05:30,53526.9,0,0.0,0,0.0,0.0,53282.15,53667.55,52783.45,53710.35,0,0.0,0.0,0.0,0.0,-0.01,-1,-1,-0.01,-1,-1,-0.01,-1,-1,-0.01,-1,-1,-0.01,-1,-1,-0.01,-1,-1,-0.01,-1,-1,-0.01,-1,-1,-0.01,-1,-1,-0.01,-1,-1
99926009,2026-05-18 15:12:09+05:30,53526.45,0,0.0,0,0.0,0.0,53282.15,53667.55,52783.45,53710.35,0,0.0,0.0,0.0,0.0,-0.01,-1,-1,-0.01,-1,-1,-0.01,-1,-1,-0.01,-1,-1,-0.01,-1,-1,-0.01,-1,-1,-0.01,-1,-1,-0.01,-1,-1,-0.01,-1,-1,-0.01,-1,-1
99926009,2026-05-18 15:12:09+05:30,53526.5,0,0.0,0,0.0,0.0,53282.15,53667.55,52783.45,53710.35,0,0.0,0.0,0.0,0.0,-0.01,-1,-1,-0.01,-1,-1,-0.01,-1,-1,-0.01,-1,-1,-0.01,-1,-1,-0.01,-1,-1,-0.01,-1,-1,-0.01,-1,-1,-0.01,-1,-1,-0.01,-1,-1
99926009,2026-05-18 15:12:10+05:30,53526.5,0,0.0,0,0.0,0.0,53282.15,53667.55,52783.45,53710.35,0,0.0,0.0,0.0,0.0,-0.01,-1,-1,-0.01,-1,-1,-0.01,-1,-1,-0.01,-1,-1,-0.01,-1,-1,-0.01,-1,-1,-0.01,-1,-1,-0.01,-1,-1,-0.01,-1,-1,-0.01,-1,-1
99926009,2026-05-18 15:12:10+05:30,53524.6,0,0.0,0,0.0,0.0,53282.15,53667.55,52783.45,53710.35,0,0.0,0.0,0.0,0.0,-0.01,-1,-1,-0.01,-1,-1,-0.01,-1,-1,-0.01,-1,-1,-0.01,-1,-1,-0.01,-1,-1,-0.01,-1,-1,-0.01,-1,-1,-0.01,-1,-1,-0.01,-1,-1
99926009,2026-05-18 15:12:10+05:30,53513.25,0,0.0,0,0.0,0.0,53282.15,53667.55,52783.45,53710.35,0,0.0,0.0,0.0,0.0,-0.01,-1,-1,-0.01,-1,-1,-0.01,-1,-1,-0.01,-1,-1,-0.01,-1,-1,-0.01,-1,-1,-0.01,-1,-1,-0.01,-1,-1,-0.01,-1,-1,-0.01,-1,-1
99926009,2026-05-18 15:12:11+05:30,53513.25,0,0.0,0,0.0,0.0,53282.15,53667.55,52783.45,53710.35,0,0.0,0.0,0.0,0.0,-0.01,-1,-1,-0.01,-1,-1,-0.01,-1,-1,-0.01,-1,-1,-0.01,-1,-1,-0.01,-1,-1,-0.01,-1,-1,-0.01,-1,-1,-0.01,-1,-1,-0.01,-1,-1
99926009,2026-05-18 15:12:11+05:30,53514.35,0,0.0,0,0.0,0.0,53282.15,53667.55,52783.45,53710.35,0,0.0,0.0,0.0,0.0,-0.01,-1,-1,-0.01,-1,-1,-0.01,-1,-1,-0.01,-1,-1,-0.01,-1,-1,-0.01,-1,-1,-0.01,-1,-1,-0.01,-1,-1,-0.01,-1,-1,-0.01,-1,-1
99926009,2026-05-18 15:12:11+05:30,53513.9,0,0.0,0,0.0,0.0,53282.15,53667.55,52783.45,53710.35,0,0.0,0.0,0.0,0.0,-0.01,-1,-1,-0.01,-1,-1,-0.01,-1,-1,-0.01,-1,-1,-0.01,-1,-1,-0.01,-1,-1,-0.01,-1,-1,-0.01,-1,-1,-0.01,-1,-1,-0.01,-1,-1
99926009,2026-05-18 15:12:12+05:30,53513.9,0,0.0,0,0.0,0.0,53282.15,53667.55,52783.45,53710.35,0,0.0,0.0,0.0,0.0,-0.01,-1,-1,-0.01,-1,-1,-0.01,-1,-1,-0.01,-1,-1,-0.01,-1,-1,-0.01,-1,-1,-0.01,-1,-1,-0.01,-1,-1,-0.01,-1,-1,-0.01,-1,-1
99926009,2026-05-18 15:12:12+05:30,53514.1,0,0.0,0,0.0,0.0,53282.15,53667.55,52783.45,53710.35,0,0.0,0.0,0.0,0.0,-0.01,-1,-1,-0.01,-1,-1,-0.01,-1,-1,-0.01,-1,-1,-0.01,-1,-1,-0.01,-1,-1,-0.01,-1,-1,-0.01,-1,-1,-0.01,-1,-1,-0.01,-1,-1
99926009,2026-05-18 15:12:12+05:30,53512.5,0,0.0,0,0.0,0.0,53282.15,53667.55,52783.45,53710.35,0,0.0,0.0,0.0,0.0,-0.01,-1,-1,-0.01,-1,-1,-0.01,-1,-1,-0.01,-1,-1,-0.01,-1,-1,-0.01,-1,-1,-0.01,-1,-1,-0.01,-1,-1,-0.01,-1,-1,-0.01,-1,-1
99926009,2026-05-18 15:12:13+05:30,53512.5,0,0.0,0,0.0,0.0,53282.15,53667.55,52783.45,53710.35,0,0.0,0.0,0.0,0.0,-0.01,-1,-1,-0.01,-1,-1,-0.01,-1,-1,-0.01,-1,-1,-0.01,-1,-1,-0.01,-1,-1,-0.01,-1,-1,-0.01,-1,-1,-0.01,-1,-1,-0.01,-1,-1
99926009,2026-05-18 15:12:13+05:30,53511.7,0,0.0,0,0.0,0.0,53282.15,53667.55,52783.45,53710.35,0,0.0,0.0,0.0,0.0,-0.01,-1,-1,-0.01,-1,-1,-0.01,-1,-1,-0.01,-1,-1,-0.01,-1,-1,-0.01,-1,-1,-0.01,-1,-1,-0.01,-1,-1,-0.01,-1,-1,-0.01,-1,-1
99926009,2026-05-18 15:12:13+05:30,53514.95,0,0.0,0,0.0,0.0,53282.15,53667.55,52783.45,53710.35,0,0.0,0.0,0.0,0.0,-0.01,-1,-1,-0.01,-1,-1,-0.01,-1,-1,-0.01,-1,-1,-0.01,-1,-1,-0.01,-1,-1,-0.01,-1,-1,-0.01,-1,-1,-0.01,-1,-1,-0.01,-1,-1
99926009,2026-05-18 15:12:14+05:30,53514.95,0,0.0,0,0.0,0.0,53282.15,53667.55,52783.45,53710.35,0,0.0,0.0,0.0,0.0,-0.01,-1,-1,-0.01,-1,-1,-0.01,-1,-1,-0.01,-1,-1,-0.01,-1,-1,-0.01,-1,-1,-0.01,-1,-1,-0.01,-1,-1,-0.01,-1,-1,-0.01,-1,-1
99926009,2026-05-18 15:12:14+05:30,53515.3,0,0.0,0,0.0,0.0,53282.15,53667.55,52783.45,53710.35,0,0.0,0.0,0.0,0.0,-0.01,-1,-1,-0.01,-1,-1,-0.01,-1,-1,-0.01,-1,-1,-0.01,-1,-1,-0.01,-1,-1,-0.01,-1,-1,-0.01,-1,-1,-0.01,-1,-1,-0.01,-1,-1
99926009,2026-05-18 15:12:14+05:30,53514.05,0,0.0,0,0.0,0.0,53282.15,53667.55,52783.45,53710.35,0,0.0,0.0,0.0,0.0,-0.01,-1,-1,-0.01,-1,-1,-0.01,-1,-1,-0.01,-1,-1,-0.01,-1,-1,-0.01,-1,-1,-0.01,-1,-1,-0.01,-1,-1,-0.01,-1,-1,-0.01,-1,-1
99926009,2026-05-18 15:12:15+05:30,53514.05,0,0.0,0,0.0,0.0,53282.15,53667.55,52783.45,53710.35,0,0.0,0.0,0.0,0.0,-0.01,-1,-1,-0.01,-1,-1,-0.01,-1,-1,-0.01,-1,-1,-0.01,-1,-1,-0.01,-1,-1,-0.01,-1,-1,-0.01,-1,-1,-0.01,-1,-1,-0.01,-1,-1
99926009,2026-05-18 15:12:15+05:30,53519.25,0,0.0,0,0.0,0.0,53282.15,53667.55,52783.45,53710.35,0,0.0,0.0,0.0,0.0,-0.01,-1,-1,-0.01,-1,-1,-0.01,-1,-1,-0.01,-1,-1,-0.01,-1,-1,-0.01,-1,-1,-0.01,-1,-1,-0.01,-1,-1,-0.01,-1,-1,-0.01,-1,-1
99926009,2026-05-18 15:12:15+05:30,53519.0,0,0.0,0,0.0,0.0,53282.15,53667.55,52783.45,53710.35,0,0.0,0.0,0.0,0.0,-0.01,-1,-1,-0.01,-1,-1,-0.01,-1,-1,-0.01,-1,-1,-0.01,-1,-1,-0.01,-1,-1,-0.01,-1,-1,-0.01,-1,-1,-0.01,-1,-1,-0.01,-1,-1
99926009,2026-05-18 15:12:16+05:30,53519.0,0,0.0,0,0.0,0.0,53282.15,53667.55,52783.45,53710.35,0,0.0,0.0,0.0,0.0,-0.01,-1,-1,-0.01,-1,-1,-0.01,-1,-1,-0.01,-1,-1,-0.01,-1,-1,-0.01,-1,-1,-0.01,-1,-1,-0.01,-1,-1,-0.01,-1,-1,-0.01,-1,-1
99926009,2026-05-18 15:12:16+05:30,53516.95,0,0.0,0,0.0,0.0,53282.15,53667.55,52783.45,53710.35,0,0.0,0.0,0.0,0.0,-0.01,-1,-1,-0.01,-1,-1,-0.01,-1,-1,-0.01,-1,-1,-0.01,-1,-1,-0.01,-1,-1,-0.01,-1,-1,-0.01,-1,-1,-0.01,-1,-1,-0.01,-1,-1
99926009,2026-05-18 15:12:16+05:30,53515.75,0,0.0,0,0.0,0.0,53282.15,53667.55,52783.45,53710.35,0,0.0,0.0,0.0,0.0,-0.01,-1,-1,-0.01,-1,-1,-0.01,-1,-1,-0.01,-1,-1,-0.01,-1,-1,-0.01,-1,-1,-0.01,-1,-1,-0.01,-1,-1,-0.01,-1,-1,-0.01,-1,-1
99926009,2026-05-18 15:12:17+05:30,53515.75,0,0.0,0,0.0,0.0,53282.15,53667.55,52783.45,53710.35,0,0.0,0.0,0.0,0.0,-0.01,-1,-1,-0.01,-1,-1,-0.01,-1,-1,-0.01,-1,-1,-0.01,-1,-1,-0.01,-1,-1,-0.01,-1,-1,-0.01,-1,-1,-0.01,-1,-1,-0.01,-1,-1
99926009,2026-05-18 15:12:17+05:30,53513.6,0,0.0,0,0.0,0.0,53282.15,53667.55,52783.45,53710.35,0,0.0,0.0,0.0,0.0,-0.01,-1,-1,-0.01,-1,-1,-0.01,-1,-1,-0.01,-1,-1,-0.01,-1,-1,-0.01,-1,-1,-0.01,-1,-1,-0.01,-1,-1,-0.01,-1,-1,-0.01,-1,-1
99926009,2026-05-18 15:12:17+05:30,53510.55,0,0.0,0,0.0,0.0,53282.15,53667.55,52783.45,53710.35,0,0.0,0.0,0.0,0.0,-0.01,-1,-1,-0.01,-1,-1,-0.01,-1,-1,-0.01,-1,-1,-0.01,-1,-1,-0.01,-1,-1,-0.01,-1,-1,-0.01,-1,-1,-0.01,-1,-1,-0.01,-1,-1
99926009,2026-05-18 15:12:18+05:30,53510.55,0,0.0,0,0.0,0.0,53282.15,53667.55,52783.45,53710.35,0,0.0,0.0,0.0,0.0,-0.01,-1,-1,-0.01,-1,-1,-0.01,-1,-1,-0.01,-1,-1,-0.01,-1,-1,-0.01,-1,-1,-0.01,-1,-1,-0.01,-1,-1,-0.01,-1,-1,-0.01,-1,-1
99926009,2026-05-18 15:12:18+05:30,53517.55,0,0.0,0,0.0,0.0,53282.15,53667.55,52783.45,53710.35,0,0.0,0.0,0.0,0.0,-0.01,-1,-1,-0.01,-1,-1,-0.01,-1,-1,-0.01,-1,-1,-0.01,-1,-1,-0.01,-1,-1,-0.01,-1,-1,-0.01,-1,-1,-0.01,-1,-1,-0.01,-1,-1
99926009,2026-05-18 15:12:18+05:30,53512.15,0,0.0,0,0.0,0.0,53282.15,53667.55,52783.45,53710.35,0,0.0,0.0,0.0,0.0,-0.01,-1,-1,-0.01,-1,-1,-0.01,-1,-1,-0.01,-1,-1,-0.01,-1,-1,-0.01,-1,-1,-0.01,-1,-1,-0.01,-1,-1,-0.01,-1,-1,-0.01,-1,-1
99926009,2026-05-18 15:12:19+05:30,53512.15,0,0.0,0,0.0,0.0,53282.15,53667.55,52783.45,53710.35,0,0.0,0.0,0.0,0.0,-0.01,-1,-1,-0.01,-1,-1,-0.01,-1,-1,-0.01,-1,-1,-0.01,-1,-1,-0.01,-1,-1,-0.01,-1,-1,-0.01,-1,-1,-0.01,-1,-1,-0.01,-1,-1
99926009,2026-05-18 15:12:19+05:30,53512.4,0,0.0,0,0.0,0.0,53282.15,53667.55,52783.45,53710.35,0,0.0,0.0,0.0,0.0,-0.01,-1,-1,-0.01,-1,-1,-0.01,-1,-1,-0.01,-1,-1,-0.01,-1,-1,-0.01,-1,-1,-0.01,-1,-1,-0.01,-1,-1,-0.01,-1,-1,-0.01,-1,-1
99926009,2026-05-18 15:12:19+05:30,53511.2,0,0.0,0,0.0,0.0,53282.15,53667.55,52783.45,53710.35,0,0.0,0.0,0.0,0.0,-0.01,-1,-1,-0.01,-1,-1,-0.01,-1,-1,-0.01,-1,-1,-0.01,-1,-1,-0.01,-1,-1,-0.01,-1,-1,-0.01,-1,-1,-0.01,-1,-1,-0.01,-1,-1
99926009,2026-05-18 15:12:20+05:30,53511.2,0,0.0,0,0.0,0.0,53282.15,53667.55,52783.45,53710.35,0,0.0,0.0,0.0,0.0,-0.01,-1,-1,-0.01,-1,-1,-0.01,-1,-1,-0.01,-1,-1,-0.01,-1,-1,-0.01,-1,-1,-0.01,-1,-1,-0.01,-1,-1,-0.01,-1,-1,-0.01,-1,-1
99926009,2026-05-18 15:12:20+05:30,53514.6,0,0.0,0,0.0,0.0,53282.15,53667.55,52783.45,53710.35,0,0.0,0.0,0.0,0.0,-0.01,-1,-1,-0.01,-1,-1,-0.01,-1,-1,-0.01,-1,-1,-0.01,-1,-1,-0.01,-1,-1,-0.01,-1,-1,-0.01,-1,-1,-0.01,-1,-1,-0.01,-1,-1
99926009,2026-05-18 15:12:20+05:30,53513.85,0,0.0,0,0.0,0.0,53282.15,53667.55,52783.45,53710.35,0,0.0,0.0,0.0,0.0,-0.01,-1,-1,-0.01,-1,-1,-0.01,-1,-1,-0.01,-1,-1,-0.01,-1,-1,-0.01,-1,-1,-0.01,-1,-1,-0.01,-1,-1,-0.01,-1,-1,-0.01,-1,-1
99926009,2026-05-18 15:12:21+05:30,53513.85,0,0.0,0,0.0,0.0,53282.15,53667.55,52783.45,53710.35,0,0.0,0.0,0.0,0.0,-0.01,-1,-1,-0.01,-1,-1,-0.01,-1,-1,-0.01,-1,-1,-0.01,-1,-1,-0.01,-1,-1,-0.01,-1,-1,-0.01,-1,-1,-0.01,-1,-1,-0.01,-1,-1
99926009,2026-05-18 15:12:21+05:30,53512.9,0,0.0,0,0.0,0.0,53282.15,53667.55,52783.45,53710.35,0,0.0,0.0,0.0,0.0,-0.01,-1,-1,-0.01,-1,-1,-0.01,-1,-1,-0.01,-1,-1,-0.01,-1,-1,-0.01,-1,-1,-0.01,-1,-1,-0.01,-1,-1,-0.01,-1,-1,-0.01,-1,-1
99926009,2026-05-18 15:12:21+05:30,53510.4,0,0.0,0,0.0,0.0,53282.15,53667.55,52783.45,53710.35,0,0.0,0.0,0.0,0.0,-0.01,-1,-1,-0.01,-1,-1,-0.01,-1,-1,-0.01,-1,-1,-0.01,-1,-1,-0.01,-1,-1,-0.01,-1,-1,-0.01,-1,-1,-0.01,-1,-1,-0.01,-1,-1
99926009,2026-05-18 15:12:22+05:30,53510.4,0,0.0,0,0.0,0.0,53282.15,53667.55,52783.45,53710.35,0,0.0,0.0,0.0,0.0,-0.01,-1,-1,-0.01,-1,-1,-0.01,-1,-1,-0.01,-1,-1,-0.01,-1,-1,-0.01,-1,-1,-0.01,-1,-1,-0.01,-1,-1,-0.01,-1,-1,-0.01,-1,-1
99926009,2026-05-18 15:12:22+05:30,53512.95,0,0.0,0,0.0,0.0,53282.15,53667.55,52783.45,53710.35,0,0.0,0.0,0.0,0.0,-0.01,-1,-1,-0.01,-1,-1,-0.01,-1,-1,-0.01,-1,-1,-0.01,-1,-1,-0.01,-1,-1,-0.01,-1,-1,-0.01,-1,-1,-0.01,-1,-1,-0.01,-1,-1
99926009,2026-05-18 15:12:22+05:30,53511.1,0,0.0,0,0.0,0.0,53282.15,53667.55,52783.45,53710.35,0,0.0,0.0,0.0,0.0,-0.01,-1,-1,-0.01,-1,-1,-0.01,-1,-1,-0.01,-1,-1,-0.01,-1,-1,-0.01,-1,-1,-0.01,-1,-1,-0.01,-1,-1,-0.01,-1,-1,-0.01,-1,-1
99926009,2026-05-18 15:12:23+05:30,53511.1,0,0.0,0,0.0,0.0,53282.15,53667.55,52783.45,53710.35,0,0.0,0.0,0.0,0.0,-0.01,-1,-1,-0.01,-1,-1,-0.01,-1,-1,-0.01,-1,-1,-0.01,-1,-1,-0.01,-1,-1,-0.01,-1,-1,-0.01,-1,-1,-0.01,-1,-1,-0.01,-1,-1
99926009,2026-05-18 15:12:23+05:30,53514.0,0,0.0,0,0.0,0.0,53282.15,53667.55,52783.45,53710.35,0,0.0,0.0,0.0,0.0,-0.01,-1,-1,-0.01,-1,-1,-0.01,-1,-1,-0.01,-1,-1,-0.01,-1,-1,-0.01,-1,-1,-0.01,-1,-1,-0.01,-1,-1,-0.01,-1,-1,-0.01,-1,-1
99926009,2026-05-18 15:12:23+05:30,53511.3,0,0.0,0,0.0,0.0,53282.15,53667.55,52783.45,53710.35,0,0.0,0.0,0.0,0.0,-0.01,-1,-1,-0.01,-1,-1,-0.01,-1,-1,-0.01,-1,-1,-0.01,-1,-1,-0.01,-1,-1,-0.01,-1,-1,-0.01,-1,-1,-0.01,-1,-1,-0.01,-1,-1
99926009,2026-05-18 15:12:24+05:30,53511.3,0,0.0,0,0.0,0.0,53282.15,53667.55,52783.45,53710.35,0,0.0,0.0,0.0,0.0,-0.01,-1,-1,-0.01,-1,-1,-0.01,-1,-1,-0.01,-1,-1,-0.01,-1,-1,-0.01,-1,-1,-0.01,-1,-1,-0.01,-1,-1,-0.01,-1,-1,-0.01,-1,-1
99926009,2026-05-18 15:12:24+05:30,53508.85,0,0.0,0,0.0,0.0,53282.15,53667.55,52783.45,53710.35,0,0.0,0.0,0.0,0.0,-0.01,-1,-1,-0.01,-1,-1,-0.01,-1,-1,-0.01,-1,-1,-0.01,-1,-1,-0.01,-1,-1,-0.01,-1,-1,-0.01,-1,-1,-0.01,-1,-1,-0.01,-1,-1
99926009,2026-05-18 15:12:24+05:30,53511.85,0,0.0,0,0.0,0.0,53282.15,53667.55,52783.45,53710.35,0,0.0,0.0,0.0,0.0,-0.01,-1,-1,-0.01,-1,-1,-0.01,-1,-1,-0.01,-1,-1,-0.01,-1,-1,-0.01,-1,-1,-0.01,-1,-1,-0.01,-1,-1,-0.01,-1,-1,-0.01,-1,-1
99926009,2026-05-18 15:12:25+05:30,53511.85,0,0.0,0,0.0,0.0,53282.15,53667.55,52783.45,53710.35,0,0.0,0.0,0.0,0.0,-0.01,-1,-1,-0.01,-1,-1,-0.01,-1,-1,-0.01,-1,-1,-0.01,-1,-1,-0.01,-1,-1,-0.01,-1,-1,-0.01,-1,-1,-0.01,-1,-1,-0.01,-1,-1
99926009,2026-05-18 15:12:25+05:30,53512.05,0,0.0,0,0.0,0.0,53282.15,53667.55,52783.45,53710.35,0,0.0,0.0,0.0,0.0,-0.01,-1,-1,-0.01,-1,-1,-0.01,-1,-1,-0.01,-1,-1,-0.01,-1,-1,-0.01,-1,-1,-0.01,-1,-1,-0.01,-1,-1,-0.01,-1,-1,-0.01,-1,-1
99926009,2026-05-18 15:12:25+05:30,53511.7,0,0.0,0,0.0,0.0,53282.15,53667.55,52783.45,53710.35,0,0.0,0.0,0.0,0.0,-0.01,-1,-1,-0.01,-1,-1,-0.01,-1,-1,-0.01,-1,-1,-0.01,-1,-1,-0.01,-1,-1,-0.01,-1,-1,-0.01,-1,-1,-0.01,-1,-1,-0.01,-1,-1
99926009,2026-05-18 15:12:26+05:30,53511.7,0,0.0,0,0.0,0.0,53282.15,53667.55,52783.45,53710.35,0,0.0,0.0,0.0,0.0,-0.01,-1,-1,-0.01,-1,-1,-0.01,-1,-1,-0.01,-1,-1,-0.01,-1,-1,-0.01,-1,-1,-0.01,-1,-1,-0.01,-1,-1,-0.01,-1,-1,-0.01,-1,-1
99926009,2026-05-18 15:12:26+05:30,53511.1,0,0.0,0,0.0,0.0,53282.15,53667.55,52783.45,53710.35,0,0.0,0.0,0.0,0.0,-0.01,-1,-1,-0.01,-1,-1,-0.01,-1,-1,-0.01,-1,-1,-0.01,-1,-1,-0.01,-1,-1,-0.01,-1,-1,-0.01,-1,-1,-0.01,-1,-1,-0.01,-1,-1
99926009,2026-05-18 15:12:26+05:30,53511.1,0,0.0,0,0.0,0.0,53282.15,53667.55,52783.45,53710.35,0,0.0,0.0,0.0,0.0,-0.01,-1,-1,-0.01,-1,-1,-0.01,-1,-1,-0.01,-1,-1,-0.01,-1,-1,-0.01,-1,-1,-0.01,-1,-1,-0.01,-1,-1,-0.01,-1,-1,-0.01,-1,-1
99926009,2026-05-18 15:12:27+05:30,53511.1,0,0.0,0,0.0,0.0,53282.15,53667.55,52783.45,53710.35,0,0.0,0.0,0.0,0.0,-0.01,-1,-1,-0.01,-1,-1,-0.01,-1,-1,-0.01,-1,-1,-0.01,-1,-1,-0.01,-1,-1,-0.01,-1,-1,-0.01,-1,-1,-0.01,-1,-1,-0.01,-1,-1
99926009,2026-05-18 15:12:27+05:30,53510.7,0,0.0,0,0.0,0.0,53282.15,53667.55,52783.45,53710.35,0,0.0,0.0,0.0,0.0,-0.01,-1,-1,-0.01,-1,-1,-0.01,-1,-1,-0.01,-1,-1,-0.01,-1,-1,-0.01,-1,-1,-0.01,-1,-1,-0.01,-1,-1,-0.01,-1,-1,-0.01,-1,-1
99926009,2026-05-18 15:12:27+05:30,53509.5,0,0.0,0,0.0,0.0,53282.15,53667.55,52783.45,53710.35,0,0.0,0.0,0.0,0.0,-0.01,-1,-1,-0.01,-1,-1,-0.01,-1,-1,-0.01,-1,-1,-0.01,-1,-1,-0.01,-1,-1,-0.01,-1,-1,-0.01,-1,-1,-0.01,-1,-1,-0.01,-1,-1
99926009,2026-05-18 15:12:28+05:30,53509.5,0,0.0,0,0.0,0.0,53282.15,53667.55,52783.45,53710.35,0,0.0,0.0,0.0,0.0,-0.01,-1,-1,-0.01,-1,-1,-0.01,-1,-1,-0.01,-1,-1,-0.01,-1,-1,-0.01,-1,-1,-0.01,-1,-1,-0.01,-1,-1,-0.01,-1,-1,-0.01,-1,-1
99926009,2026-05-18 15:12:28+05:30,53511.6,0,0.0,0,0.0,0.0,53282.15,53667.55,52783.45,53710.35,0,0.0,0.0,0.0,0.0,-0.01,-1,-1,-0.01,-1,-1,-0.01,-1,-1,-0.01,-1,-1,-0.01,-1,-1,-0.01,-1,-1,-0.01,-1,-1,-0.01,-1,-1,-0.01,-1,-1,-0.01,-1,-1
99926009,2026-05-18 15:12:28+05:30,53508.3,0,0.0,0,0.0,0.0,53282.15,53667.55,52783.45,53710.35,0,0.0,0.0,0.0,0.0,-0.01,-1,-1,-0.01,-1,-1,-0.01,-1,-1,-0.01,-1,-1,-0.01,-1,-1,-0.01,-1,-1,-0.01,-1,-1,-0.01,-1,-1,-0.01,-1,-1,-0.01,-1,-1
99926009,2026-05-18 15:12:29+05:30,53508.3,0,0.0,0,0.0,0.0,53282.15,53667.55,52783.45,53710.35,0,0.0,0.0,0.0,0.0,-0.01,-1,-1,-0.01,-1,-1,-0.01,-1,-1,-0.01,-1,-1,-0.01,-1,-1,-0.01,-1,-1,-0.01,-1,-1,-0.01,-1,-1,-0.01,-1,-1,-0.01,-1,-1
99926009,2026-05-18 15:12:29+05:30,53508.65,0,0.0,0,0.0,0.0,53282.15,53667.55,52783.45,53710.35,0,0.0,0.0,0.0,0.0,-0.01,-1,-1,-0.01,-1,-1,-0.01,-1,-1,-0.01,-1,-1,-0.01,-1,-1,-0.01,-1,-1,-0.01,-1,-1,-0.01,-1,-1,-0.01,-1,-1,-0.01,-1,-1
99926009,2026-05-18 15:12:29+05:30,53508.45,0,0.0,0,0.0,0.0,53282.15,53667.55,52783.45,53710.35,0,0.0,0.0,0.0,0.0,-0.01,-1,-1,-0.01,-1,-1,-0.01,-1,-1,-0.01,-1,-1,-0.01,-1,-1,-0.01,-1,-1,-0.01,-1,-1,-0.01,-1,-1,-0.01,-1,-1,-0.01,-1,-1
99926009,2026-05-18 15:12:30+05:30,53508.45,0,0.0,0,0.0,0.0,53282.15,53667.55,52783.45,53710.35,0,0.0,0.0,0.0,0.0,-0.01,-1,-1,-0.01,-1,-1,-0.01,-1,-1,-0.01,-1,-1,-0.01,-1,-1,-0.01,-1,-1,-0.01,-1,-1,-0.01,-1,-1,-0.01,-1,-1,-0.01,-1,-1
99926009,2026-05-18 15:12:30+05:30,53511.15,0,0.0,0,0.0,0.0,53282.15,53667.55,52783.45,53710.35,0,0.0,0.0,0.0,0.0,-0.01,-1,-1,-0.01,-1,-1,-0.01,-1,-1,-0.01,-1,-1,-0.01,-1,-1,-0.01,-1,-1,-0.01,-1,-1,-0.01,-1,-1,-0.01,-1,-1,-0.01,-1,-1
99926009,2026-05-18 15:12:30+05:30,53510.85,0,0.0,0,0.0,0.0,53282.15,53667.55,52783.45,53710.35,0,0.0,0.0,0.0,0.0,-0.01,-1,-1,-0.01,-1,-1,-0.01,-1,-1,-0.01,-1,-1,-0.01,-1,-1,-0.01,-1,-1,-0.01,-1,-1,-0.01,-1,-1,-0.01,-1,-1,-0.01,-1,-1
99926009,2026-05-18 15:12:31+05:30,53510.85,0,0.0,0,0.0,0.0,53282.15,53667.55,52783.45,53710.35,0,0.0,0.0,0.0,0.0,-0.01,-1,-1,-0.01,-1,-1,-0.01,-1,-1,-0.01,-1,-1,-0.01,-1,-1,-0.01,-1,-1,-0.01,-1,-1,-0.01,-1,-1,-0.01,-1,-1,-0.01,-1,-1
99926009,2026-05-18 15:12:31+05:30,53507.05,0,0.0,0,0.0,0.0,53282.15,53667.55,52783.45,53710.35,0,0.0,0.0,0.0,0.0,-0.01,-1,-1,-0.01,-1,-1,-0.01,-1,-1,-0.01,-1,-1,-0.01,-1,-1,-0.01,-1,-1,-0.01,-1,-1,-0.01,-1,-1,-0.01,-1,-1,-0.01,-1,-1
99926009,2026-05-18 15:12:31+05:30,53508.85,0,0.0,0,0.0,0.0,53282.15,53667.55,52783.45,53710.35,0,0.0,0.0,0.0,0.0,-0.01,-1,-1,-0.01,-1,-1,-0.01,-1,-1,-0.01,-1,-1,-0.01,-1,-1,-0.01,-1,-1,-0.01,-1,-1,-0.01,-1,-1,-0.01,-1,-1,-0.01,-1,-1
99926009,2026-05-18 15:12:32+05:30,53508.85,0,0.0,0,0.0,0.0,53282.15,53667.55,52783.45,53710.35,0,0.0,0.0,0.0,0.0,-0.01,-1,-1,-0.01,-1,-1,-0.01,-1,-1,-0.01,-1,-1,-0.01,-1,-1,-0.01,-1,-1,-0.01,-1,-1,-0.01,-1,-1,-0.01,-1,-1,-0.01,-1,-1
99926009,2026-05-18 15:12:32+05:30,53507.0,0,0.0,0,0.0,0.0,53282.15,53667.55,52783.45,53710.35,0,0.0,0.0,0.0,0.0,-0.01,-1,-1,-0.01,-1,-1,-0.01,-1,-1,-0.01,-1,-1,-0.01,-1,-1,-0.01,-1,-1,-0.01,-1,-1,-0.01,-1,-1,-0.01,-1,-1,-0.01,-1,-1
99926009,2026-05-18 15:12:32+05:30,53507.6,0,0.0,0,0.0,0.0,53282.15,53667.55,52783.45,53710.35,0,0.0,0.0,0.0,0.0,-0.01,-1,-1,-0.01,-1,-1,-0.01,-1,-1,-0.01,-1,-1,-0.01,-1,-1,-0.01,-1,-1,-0.01,-1,-1,-0.01,-1,-1,-0.01,-1,-1,-0.01,-1,-1
99926009,2026-05-18 15:12:33+05:30,53507.6,0,0.0,0,0.0,0.0,53282.15,53667.55,52783.45,53710.35,0,0.0,0.0,0.0,0.0,-0.01,-1,-1,-0.01,-1,-1,-0.01,-1,-1,-0.01,-1,-1,-0.01,-1,-1,-0.01,-1,-1,-0.01,-1,-1,-0.01,-1,-1,-0.01,-1,-1,-0.01,-1,-1
99926009,2026-05-18 15:12:33+05:30,53505.95,0,0.0,0,0.0,0.0,53282.15,53667.55,52783.45,53710.35,0,0.0,0.0,0.0,0.0,-0.01,-1,-1,-0.01,-1,-1,-0.01,-1,-1,-0.01,-1,-1,-0.01,-1,-1,-0.01,-1,-1,-0.01,-1,-1,-0.01,-1,-1,-0.01,-1,-1,-0.01,-1,-1
99926009,2026-05-18 15:12:33+05:30,53508.5,0,0.0,0,0.0,0.0,53282.15,53667.55,52783.45,53710.35,0,0.0,0.0,0.0,0.0,-0.01,-1,-1,-0.01,-1,-1,-0.01,-1,-1,-0.01,-1,-1,-0.01,-1,-1,-0.01,-1,-1,-0.01,-1,-1,-0.01,-1,-1,-0.01,-1,-1,-0.01,-1,-1
99926009,2026-05-18 15:12:34+05:30,53508.5,0,0.0,0,0.0,0.0,53282.15,53667.55,52783.45,53710.35,0,0.0,0.0,0.0,0.0,-0.01,-1,-1,-0.01,-1,-1,-0.01,-1,-1,-0.01,-1,-1,-0.01,-1,-1,-0.01,-1,-1,-0.01,-1,-1,-0.01,-1,-1,-0.01,-1,-1,-0.01,-1,-1
99926009,2026-05-18 15:12:34+05:30,53507.0,0,0.0,0,0.0,0.0,53282.15,53667.55,52783.45,53710.35,0,0.0,0.0,0.0,0.0,-0.01,-1,-1,-0.01,-1,-1,-0.01,-1,-1,-0.01,-1,-1,-0.01,-1,-1,-0.01,-1,-1,-0.01,-1,-1,-0.01,-1,-1,-0.01,-1,-1,-0.01,-1,-1
99926009,2026-05-18 15:12:34+05:30,53507.3,0,0.0,0,0.0,0.0,53282.15,53667.55,52783.45,53710.35,0,0.0,0.0,0.0,0.0,-0.01,-1,-1,-0.01,-1,-1,-0.01,-1,-1,-0.01,-1,-1,-0.01,-1,-1,-0.01,-1,-1,-0.01,-1,-1,-0.01,-1,-1,-0.01,-1,-1,-0.01,-1,-1
99926009,2026-05-18 15:12:35+05:30,53507.3,0,0.0,0,0.0,0.0,53282.15,53667.55,52783.45,53710.35,0,0.0,0.0,0.0,0.0,-0.01,-1,-1,-0.01,-1,-1,-0.01,-1,-1,-0.01,-1,-1,-0.01,-1,-1,-0.01,-1,-1,-0.01,-1,-1,-0.01,-1,-1,-0.01,-1,-1,-0.01,-1,-1
99926009,2026-05-18 15:12:35+05:30,53507.4,0,0.0,0,0.0,0.0,53282.15,53667.55,52783.45,53710.35,0,0.0,0.0,0.0,0.0,-0.01,-1,-1,-0.01,-1,-1,-0.01,-1,-1,-0.01,-1,-1,-0.01,-1,-1,-0.01,-1,-1,-0.01,-1,-1,-0.01,-1,-1,-0.01,-1,-1,-0.01,-1,-1
99926009,2026-05-18 15:12:35+05:30,53504.2,0,0.0,0,0.0,0.0,53282.15,53667.55,52783.45,53710.35,0,0.0,0.0,0.0,0.0,-0.01,-1,-1,-0.01,-1,-1,-0.01,-1,-1,-0.01,-1,-1,-0.01,-1,-1,-0.01,-1,-1,-0.01,-1,-1,-0.01,-1,-1,-0.01,-1,-1,-0.01,-1,-1
99926009,2026-05-18 15:12:36+05:30,53504.2,0,0.0,0,0.0,0.0,53282.15,53667.55,52783.45,53710.35,0,0.0,0.0,0.0,0.0,-0.01,-1,-1,-0.01,-1,-1,-0.01,-1,-1,-0.01,-1,-1,-0.01,-1,-1,-0.01,-1,-1,-0.01,-1,-1,-0.01,-1,-1,-0.01,-1,-1,-0.01,-1,-1
99926009,2026-05-18 15:12:36+05:30,53503.9,0,0.0,0,0.0,0.0,53282.15,53667.55,52783.45,53710.35,0,0.0,0.0,0.0,0.0,-0.01,-1,-1,-0.01,-1,-1,-0.01,-1,-1,-0.01,-1,-1,-0.01,-1,-1,-0.01,-1,-1,-0.01,-1,-1,-0.01,-1,-1,-0.01,-1,-1,-0.01,-1,-1
99926009,2026-05-18 15:12:36+05:30,53501.5,0,0.0,0,0.0,0.0,53282.15,53667.55,52783.45,53710.35,0,0.0,0.0,0.0,0.0,-0.01,-1,-1,-0.01,-1,-1,-0.01,-1,-1,-0.01,-1,-1,-0.01,-1,-1,-0.01,-1,-1,-0.01,-1,-1,-0.01,-1,-1,-0.01,-1,-1,-0.01,-1,-1
99926009,2026-05-18 15:12:37+05:30,53501.5,0,0.0,0,0.0,0.0,53282.15,53667.55,52783.45,53710.35,0,0.0,0.0,0.0,0.0,-0.01,-1,-1,-0.01,-1,-1,-0.01,-1,-1,-0.01,-1,-1,-0.01,-1,-1,-0.01,-1,-1,-0.01,-1,-1,-0.01,-1,-1,-0.01,-1,-1,-0.01,-1,-1
99926009,2026-05-18 15:12:37+05:30,53501.85,0,0.0,0,0.0,0.0,53282.15,53667.55,52783.45,53710.35,0,0.0,0.0,0.0,0.0,-0.01,-1,-1,-0.01,-1,-1,-0.01,-1,-1,-0.01,-1,-1,-0.01,-1,-1,-0.01,-1,-1,-0.01,-1,-1,-0.01,-1,-1,-0.01,-1,-1,-0.01,-1,-1
99926009,2026-05-18 15:12:37+05:30,53502.2,0,0.0,0,0.0,0.0,53282.15,53667.55,52783.45,53710.35,0,0.0,0.0,0.0,0.0,-0.01,-1,-1,-0.01,-1,-1,-0.01,-1,-1,-0.01,-1,-1,-0.01,-1,-1,-0.01,-1,-1,-0.01,-1,-1,-0.01,-1,-1,-0.01,-1,-1,-0.01,-1,-1
99926009,2026-05-18 15:12:38+05:30,53502.2,0,0.0,0,0.0,0.0,53282.15,53667.55,52783.45,53710.35,0,0.0,0.0,0.0,0.0,-0.01,-1,-1,-0.01,-1,-1,-0.01,-1,-1,-0.01,-1,-1,-0.01,-1,-1,-0.01,-1,-1,-0.01,-1,-1,-0.01,-1,-1,-0.01,-1,-1,-0.01,-1,-1
99926009,2026-05-18 15:12:38+05:30,53503.2,0,0.0,0,0.0,0.0,53282.15,53667.55,52783.45,53710.35,0,0.0,0.0,0.0,0.0,-0.01,-1,-1,-0.01,-1,-1,-0.01,-1,-1,-0.01,-1,-1,-0.01,-1,-1,-0.01,-1,-1,-0.01,-1,-1,-0.01,-1,-1,-0.01,-1,-1,-0.01,-1,-1
99926009,2026-05-18 15:12:38+05:30,53504.45,0,0.0,0,0.0,0.0,53282.15,53667.55,52783.45,53710.35,0,0.0,0.0,0.0,0.0,-0.01,-1,-1,-0.01,-1,-1,-0.01,-1,-1,-0.01,-1,-1,-0.01,-1,-1,-0.01,-1,-1,-0.01,-1,-1,-0.01,-1,-1,-0.01,-1,-1,-0.01,-1,-1
99926009,2026-05-18 15:12:39+05:30,53504.45,0,0.0,0,0.0,0.0,53282.15,53667.55,52783.45,53710.35,0,0.0,0.0,0.0,0.0,-0.01,-1,-1,-0.01,-1,-1,-0.01,-1,-1,-0.01,-1,-1,-0.01,-1,-1,-0.01,-1,-1,-0.01,-1,-1,-0.01,-1,-1,-0.01,-1,-1,-0.01,-1,-1
99926009,2026-05-18 15:12:39+05:30,53503.45,0,0.0,0,0.0,0.0,53282.15,53667.55,52783.45,53710.35,0,0.0,0.0,0.0,0.0,-0.01,-1,-1,-0.01,-1,-1,-0.01,-1,-1,-0.01,-1,-1,-0.01,-1,-1,-0.01,-1,-1,-0.01,-1,-1,-0.01,-1,-1,-0.01,-1,-1,-0.01,-1,-1
99926009,2026-05-18 15:12:39+05:30,53502.5,0,0.0,0,0.0,0.0,53282.15,53667.55,52783.45,53710.35,0,0.0,0.0,0.0,0.0,-0.01,-1,-1,-0.01,-1,-1,-0.01,-1,-1,-0.01,-1,-1,-0.01,-1,-1,-0.01,-1,-1,-0.01,-1,-1,-0.01,-1,-1,-0.01,-1,-1,-0.01,-1,-1
99926009,2026-05-18 15:12:40+05:30,53502.5,0,0.0,0,0.0,0.0,53282.15,53667.55,52783.45,53710.35,0,0.0,0.0,0.0,0.0,-0.01,-1,-1,-0.01,-1,-1,-0.01,-1,-1,-0.01,-1,-1,-0.01,-1,-1,-0.01,-1,-1,-0.01,-1,-1,-0.01,-1,-1,-0.01,-1,-1,-0.01,-1,-1
99926009,2026-05-18 15:12:40+05:30,53501.85,0,0.0,0,0.0,0.0,53282.15,53667.55,52783.45,53710.35,0,0.0,0.0,0.0,0.0,-0.01,-1,-1,-0.01,-1,-1,-0.01,-1,-1,-0.01,-1,-1,-0.01,-1,-1,-0.01,-1,-1,-0.01,-1,-1,-0.01,-1,-1,-0.01,-1,-1,-0.01,-1,-1
99926009,2026-05-18 15:12:40+05:30,53503.15,0,0.0,0,0.0,0.0,53282.15,53667.55,52783.45,53710.35,0,0.0,0.0,0.0,0.0,-0.01,-1,-1,-0.01,-1,-1,-0.01,-1,-1,-0.01,-1,-1,-0.01,-1,-1,-0.01,-1,-1,-0.01,-1,-1,-0.01,-1,-1,-0.01,-1,-1,-0.01,-1,-1
99926009,2026-05-18 15:12:41+05:30,53503.15,0,0.0,0,0.0,0.0,53282.15,53667.55,52783.45,53710.35,0,0.0,0.0,0.0,0.0,-0.01,-1,-1,-0.01,-1,-1,-0.01,-1,-1,-0.01,-1,-1,-0.01,-1,-1,-0.01,-1,-1,-0.01,-1,-1,-0.01,-1,-1,-0.01,-1,-1,-0.01,-1,-1
99926009,2026-05-18 15:12:41+05:30,53501.2,0,0.0,0,0.0,0.0,53282.15,53667.55,52783.45,53710.35,0,0.0,0.0,0.0,0.0,-0.01,-1,-1,-0.01,-1,-1,-0.01,-1,-1,-0.01,-1,-1,-0.01,-1,-1,-0.01,-1,-1,-0.01,-1,-1,-0.01,-1,-1,-0.01,-1,-1,-0.01,-1,-1
99926009,2026-05-18 15:12:41+05:30,53501.75,0,0.0,0,0.0,0.0,53282.15,53667.55,52783.45,53710.35,0,0.0,0.0,0.0,0.0,-0.01,-1,-1,-0.01,-1,-1,-0.01,-1,-1,-0.01,-1,-1,-0.01,-1,-1,-0.01,-1,-1,-0.01,-1,-1,-0.01,-1,-1,-0.01,-1,-1,-0.01,-1,-1
99926009,2026-05-18 15:12:42+05:30,53501.75,0,0.0,0,0.0,0.0,53282.15,53667.55,52783.45,53710.35,0,0.0,0.0,0.0,0.0,-0.01,-1,-1,-0.01,-1,-1,-0.01,-1,-1,-0.01,-1,-1,-0.01,-1,-1,-0.01,-1,-1,-0.01,-1,-1,-0.01,-1,-1,-0.01,-1,-1,-0.01,-1,-1
99926009,2026-05-18 15:12:42+05:30,53501.1,0,0.0,0,0.0,0.0,53282.15,53667.55,52783.45,53710.35,0,0.0,0.0,0.0,0.0,-0.01,-1,-1,-0.01,-1,-1,-0.01,-1,-1,-0.01,-1,-1,-0.01,-1,-1,-0.01,-1,-1,-0.01,-1,-1,-0.01,-1,-1,-0.01,-1,-1,-0.01,-1,-1
99926009,2026-05-18 15:12:42+05:30,53500.1,0,0.0,0,0.0,0.0,53282.15,53667.55,52783.45,53710.35,0,0.0,0.0,0.0,0.0,-0.01,-1,-1,-0.01,-1,-1,-0.01,-1,-1,-0.01,-1,-1,-0.01,-1,-1,-0.01,-1,-1,-0.01,-1,-1,-0.01,-1,-1,-0.01,-1,-1,-0.01,-1,-1
99926009,2026-05-18 15:12:43+05:30,53500.1,0,0.0,0,0.0,0.0,53282.15,53667.55,52783.45,53710.35,0,0.0,0.0,0.0,0.0,-0.01,-1,-1,-0.01,-1,-1,-0.01,-1,-1,-0.01,-1,-1,-0.01,-1,-1,-0.01,-1,-1,-0.01,-1,-1,-0.01,-1,-1,-0.01,-1,-1,-0.01,-1,-1
99926009,2026-05-18 15:12:43+05:30,53502.7,0,0.0,0,0.0,0.0,53282.15,53667.55,52783.45,53710.35,0,0.0,0.0,0.0,0.0,-0.01,-1,-1,-0.01,-1,-1,-0.01,-1,-1,-0.01,-1,-1,-0.01,-1,-1,-0.01,-1,-1,-0.01,-1,-1,-0.01,-1,-1,-0.01,-1,-1,-0.01,-1,-1
99926009,2026-05-18 15:12:43+05:30,53502.05,0,0.0,0,0.0,0.0,53282.15,53667.55,52783.45,53710.35,0,0.0,0.0,0.0,0.0,-0.01,-1,-1,-0.01,-1,-1,-0.01,-1,-1,-0.01,-1,-1,-0.01,-1,-1,-0.01,-1,-1,-0.01,-1,-1,-0.01,-1,-1,-0.01,-1,-1,-0.01,-1,-1
99926009,2026-05-18 15:12:44+05:30,53502.05,0,0.0,0,0.0,0.0,53282.15,53667.55,52783.45,53710.35,0,0.0,0.0,0.0,0.0,-0.01,-1,-1,-0.01,-1,-1,-0.01,-1,-1,-0.01,-1,-1,-0.01,-1,-1,-0.01,-1,-1,-0.01,-1,-1,-0.01,-1,-1,-0.01,-1,-1,-0.01,-1,-1
99926009,2026-05-18 15:12:44+05:30,53503.0,0,0.0,0,0.0,0.0,53282.15,53667.55,52783.45,53710.35,0,0.0,0.0,0.0,0.0,-0.01,-1,-1,-0.01,-1,-1,-0.01,-1,-1,-0.01,-1,-1,-0.01,-1,-1,-0.01,-1,-1,-0.01,-1,-1,-0.01,-1,-1,-0.01,-1,-1,-0.01,-1,-1
99926009,2026-05-18 15:12:44+05:30,53503.75,0,0.0,0,0.0,0.0,53282.15,53667.55,52783.45,53710.35,0,0.0,0.0,0.0,0.0,-0.01,-1,-1,-0.01,-1,-1,-0.01,-1,-1,-0.01,-1,-1,-0.01,-1,-1,-0.01,-1,-1,-0.01,-1,-1,-0.01,-1,-1,-0.01,-1,-1,-0.01,-1,-1
99926009,2026-05-18 15:12:45+05:30,53503.75,0,0.0,0,0.0,0.0,53282.15,53667.55,52783.45,53710.35,0,0.0,0.0,0.0,0.0,-0.01,-1,-1,-0.01,-1,-1,-0.01,-1,-1,-0.01,-1,-1,-0.01,-1,-1,-0.01,-1,-1,-0.01,-1,-1,-0.01,-1,-1,-0.01,-1,-1,-0.01,-1,-1
99926009,2026-05-18 15:12:45+05:30,53502.3,0,0.0,0,0.0,0.0,53282.15,53667.55,52783.45,53710.35,0,0.0,0.0,0.0,0.0,-0.01,-1,-1,-0.01,-1,-1,-0.01,-1,-1,-0.01,-1,-1,-0.01,-1,-1,-0.01,-1,-1,-0.01,-1,-1,-0.01,-1,-1,-0.01,-1,-1,-0.01,-1,-1
99926009,2026-05-18 15:12:45+05:30,53502.65,0,0.0,0,0.0,0.0,53282.15,53667.55,52783.45,53710.35,0,0.0,0.0,0.0,0.0,-0.01,-1,-1,-0.01,-1,-1,-0.01,-1,-1,-0.01,-1,-1,-0.01,-1,-1,-0.01,-1,-1,-0.01,-1,-1,-0.01,-1,-1,-0.01,-1,-1,-0.01,-1,-1
99926009,2026-05-18 15:12:46+05:30,53502.65,0,0.0,0,0.0,0.0,53282.15,53667.55,52783.45,53710.35,0,0.0,0.0,0.0,0.0,-0.01,-1,-1,-0.01,-1,-1,-0.01,-1,-1,-0.01,-1,-1,-0.01,-1,-1,-0.01,-1,-1,-0.01,-1,-1,-0.01,-1,-1,-0.01,-1,-1,-0.01,-1,-1
99926009,2026-05-18 15:12:46+05:30,53501.55,0,0.0,0,0.0,0.0,53282.15,53667.55,52783.45,53710.35,0,0.0,0.0,0.0,0.0,-0.01,-1,-1,-0.01,-1,-1,-0.01,-1,-1,-0.01,-1,-1,-0.01,-1,-1,-0.01,-1,-1,-0.01,-1,-1,-0.01,-1,-1,-0.01,-1,-1,-0.01,-1,-1
99926009,2026-05-18 15:12:46+05:30,53502.0,0,0.0,0,0.0,0.0,53282.15,53667.55,52783.45,53710.35,0,0.0,0.0,0.0,0.0,-0.01,-1,-1,-0.01,-1,-1,-0.01,-1,-1,-0.01,-1,-1,-0.01,-1,-1,-0.01,-1,-1,-0.01,-1,-1,-0.01,-1,-1,-0.01,-1,-1,-0.01,-1,-1
99926009,2026-05-18 15:12:47+05:30,53502.0,0,0.0,0,0.0,0.0,53282.15,53667.55,52783.45,53710.35,0,0.0,0.0,0.0,0.0,-0.01,-1,-1,-0.01,-1,-1,-0.01,-1,-1,-0.01,-1,-1,-0.01,-1,-1,-0.01,-1,-1,-0.01,-1,-1,-0.01,-1,-1,-0.01,-1,-1,-0.01,-1,-1
99926009,2026-05-18 15:12:47+05:30,53502.4,0,0.0,0,0.0,0.0,53282.15,53667.55,52783.45,53710.35,0,0.0,0.0,0.0,0.0,-0.01,-1,-1,-0.01,-1,-1,-0.01,-1,-1,-0.01,-1,-1,-0.01,-1,-1,-0.01,-1,-1,-0.01,-1,-1,-0.01,-1,-1,-0.01,-1,-1,-0.01,-1,-1
99926009,2026-05-18 15:12:47+05:30,53505.15,0,0.0,0,0.0,0.0,53282.15,53667.55,52783.45,53710.35,0,0.0,0.0,0.0,0.0,-0.01,-1,-1,-0.01,-1,-1,-0.01,-1,-1,-0.01,-1,-1,-0.01,-1,-1,-0.01,-1,-1,-0.01,-1,-1,-0.01,-1,-1,-0.01,-1,-1,-0.01,-1,-1
99926009,2026-05-18 15:12:48+05:30,53505.15,0,0.0,0,0.0,0.0,53282.15,53667.55,52783.45,53710.35,0,0.0,0.0,0.0,0.0,-0.01,-1,-1,-0.01,-1,-1,-0.01,-1,-1,-0.01,-1,-1,-0.01,-1,-1,-0.01,-1,-1,-0.01,-1,-1,-0.01,-1,-1,-0.01,-1,-1,-0.01,-1,-1
99926009,2026-05-18 15:12:48+05:30,53505.8,0,0.0,0,0.0,0.0,53282.15,53667.55,52783.45,53710.35,0,0.0,0.0,0.0,0.0,-0.01,-1,-1,-0.01,-1,-1,-0.01,-1,-1,-0.01,-1,-1,-0.01,-1,-1,-0.01,-1,-1,-0.01,-1,-1,-0.01,-1,-1,-0.01,-1,-1,-0.01,-1,-1
99926009,2026-05-18 15:12:48+05:30,53512.4,0,0.0,0,0.0,0.0,53282.15,53667.55,52783.45,53710.35,0,0.0,0.0,0.0,0.0,-0.01,-1,-1,-0.01,-1,-1,-0.01,-1,-1,-0.01,-1,-1,-0.01,-1,-1,-0.01,-1,-1,-0.01,-1,-1,-0.01,-1,-1,-0.01,-1,-1,-0.01,-1,-1
99926009,2026-05-18 15:12:49+05:30,53512.4,0,0.0,0,0.0,0.0,53282.15,53667.55,52783.45,53710.35,0,0.0,0.0,0.0,0.0,-0.01,-1,-1,-0.01,-1,-1,-0.01,-1,-1,-0.01,-1,-1,-0.01,-1,-1,-0.01,-1,-1,-0.01,-1,-1,-0.01,-1,-1,-0.01,-1,-1,-0.01,-1,-1
99926009,2026-05-18 15:12:49+05:30,53511.55,0,0.0,0,0.0,0.0,53282.15,53667.55,52783.45,53710.35,0,0.0,0.0,0.0,0.0,-0.01,-1,-1,-0.01,-1,-1,-0.01,-1,-1,-0.01,-1,-1,-0.01,-1,-1,-0.01,-1,-1,-0.01,-1,-1,-0.01,-1,-1,-0.01,-1,-1,-0.01,-1,-1
99926009,2026-05-18 15:12:49+05:30,53513.3,0,0.0,0,0.0,0.0,53282.15,53667.55,52783.45,53710.35,0,0.0,0.0,0.0,0.0,-0.01,-1,-1,-0.01,-1,-1,-0.01,-1,-1,-0.01,-1,-1,-0.01,-1,-1,-0.01,-1,-1,-0.01,-1,-1,-0.01,-1,-1,-0.01,-1,-1,-0.01,-1,-1
99926009,2026-05-18 15:12:50+05:30,53513.3,0,0.0,0,0.0,0.0,53282.15,53667.55,52783.45,53710.35,0,0.0,0.0,0.0,0.0,-0.01,-1,-1,-0.01,-1,-1,-0.01,-1,-1,-0.01,-1,-1,-0.01,-1,-1,-0.01,-1,-1,-0.01,-1,-1,-0.01,-1,-1,-0.01,-1,-1,-0.01,-1,-1
99926009,2026-05-18 15:12:50+05:30,53514.35,0,0.0,0,0.0,0.0,53282.15,53667.55,52783.45,53710.35,0,0.0,0.0,0.0,0.0,-0.01,-1,-1,-0.01,-1,-1,-0.01,-1,-1,-0.01,-1,-1,-0.01,-1,-1,-0.01,-1,-1,-0.01,-1,-1,-0.01,-1,-1,-0.01,-1,-1,-0.01,-1,-1
99926009,2026-05-18 15:12:50+05:30,53511.95,0,0.0,0,0.0,0.0,53282.15,53667.55,52783.45,53710.35,0,0.0,0.0,0.0,0.0,-0.01,-1,-1,-0.01,-1,-1,-0.01,-1,-1,-0.01,-1,-1,-0.01,-1,-1,-0.01,-1,-1,-0.01,-1,-1,-0.01,-1,-1,-0.01,-1,-1,-0.01,-1,-1
99926009,2026-05-18 15:12:51+05:30,53511.95,0,0.0,0,0.0,0.0,53282.15,53667.55,52783.45,53710.35,0,0.0,0.0,0.0,0.0,-0.01,-1,-1,-0.01,-1,-1,-0.01,-1,-1,-0.01,-1,-1,-0.01,-1,-1,-0.01,-1,-1,-0.01,-1,-1,-0.01,-1,-1,-0.01,-1,-1,-0.01,-1,-1
99926009,2026-05-18 15:12:51+05:30,53511.3,0,0.0,0,0.0,0.0,53282.15,53667.55,52783.45,53710.35,0,0.0,0.0,0.0,0.0,-0.01,-1,-1,-0.01,-1,-1,-0.01,-1,-1,-0.01,-1,-1,-0.01,-1,-1,-0.01,-1,-1,-0.01,-1,-1,-0.01,-1,-1,-0.01,-1,-1,-0.01,-1,-1
99926009,2026-05-18 15:12:51+05:30,53507.1,0,0.0,0,0.0,0.0,53282.15,53667.55,52783.45,53710.35,0,0.0,0.0,0.0,0.0,-0.01,-1,-1,-0.01,-1,-1,-0.01,-1,-1,-0.01,-1,-1,-0.01,-1,-1,-0.01,-1,-1,-0.01,-1,-1,-0.01,-1,-1,-0.01,-1,-1,-0.01,-1,-1
99926009,2026-05-18 15:12:52+05:30,53507.1,0,0.0,0,0.0,0.0,53282.15,53667.55,52783.45,53710.35,0,0.0,0.0,0.0,0.0,-0.01,-1,-1,-0.01,-1,-1,-0.01,-1,-1,-0.01,-1,-1,-0.01,-1,-1,-0.01,-1,-1,-0.01,-1,-1,-0.01,-1,-1,-0.01,-1,-1,-0.01,-1,-1
99926009,2026-05-18 15:12:52+05:30,53511.85,0,0.0,0,0.0,0.0,53282.15,53667.55,52783.45,53710.35,0,0.0,0.0,0.0,0.0,-0.01,-1,-1,-0.01,-1,-1,-0.01,-1,-1,-0.01,-1,-1,-0.01,-1,-1,-0.01,-1,-1,-0.01,-1,-1,-0.01,-1,-1,-0.01,-1,-1,-0.01,-1,-1
99926009,2026-05-18 15:12:52+05:30,53510.75,0,0.0,0,0.0,0.0,53282.15,53667.55,52783.45,53710.35,0,0.0,0.0,0.0,0.0,-0.01,-1,-1,-0.01,-1,-1,-0.01,-1,-1,-0.01,-1,-1,-0.01,-1,-1,-0.01,-1,-1,-0.01,-1,-1,-0.01,-1,-1,-0.01,-1,-1,-0.01,-1,-1
99926009,2026-05-18 15:12:53+05:30,53510.75,0,0.0,0,0.0,0.0,53282.15,53667.55,52783.45,53710.35,0,0.0,0.0,0.0,0.0,-0.01,-1,-1,-0.01,-1,-1,-0.01,-1,-1,-0.01,-1,-1,-0.01,-1,-1,-0.01,-1,-1,-0.01,-1,-1,-0.01,-1,-1,-0.01,-1,-1,-0.01,-1,-1
99926009,2026-05-18 15:12:53+05:30,53512.85,0,0.0,0,0.0,0.0,53282.15,53667.55,52783.45,53710.35,0,0.0,0.0,0.0,0.0,-0.01,-1,-1,-0.01,-1,-1,-0.01,-1,-1,-0.01,-1,-1,-0.01,-1,-1,-0.01,-1,-1,-0.01,-1,-1,-0.01,-1,-1,-0.01,-1,-1,-0.01,-1,-1
99926009,2026-05-18 15:12:53+05:30,53512.1,0,0.0,0,0.0,0.0,53282.15,53667.55,52783.45,53710.35,0,0.0,0.0,0.0,0.0,-0.01,-1,-1,-0.01,-1,-1,-0.01,-1,-1,-0.01,-1,-1,-0.01,-1,-1,-0.01,-1,-1,-0.01,-1,-1,-0.01,-1,-1,-0.01,-1,-1,-0.01,-1,-1
99926009,2026-05-18 15:12:54+05:30,53512.1,0,0.0,0,0.0,0.0,53282.15,53667.55,52783.45,53710.35,0,0.0,0.0,0.0,0.0,-0.01,-1,-1,-0.01,-1,-1,-0.01,-1,-1,-0.01,-1,-1,-0.01,-1,-1,-0.01,-1,-1,-0.01,-1,-1,-0.01,-1,-1,-0.01,-1,-1,-0.01,-1,-1
99926009,2026-05-18 15:12:54+05:30,53512.8,0,0.0,0,0.0,0.0,53282.15,53667.55,52783.45,53710.35,0,0.0,0.0,0.0,0.0,-0.01,-1,-1,-0.01,-1,-1,-0.01,-1,-1,-0.01,-1,-1,-0.01,-1,-1,-0.01,-1,-1,-0.01,-1,-1,-0.01,-1,-1,-0.01,-1,-1,-0.01,-1,-1
99926009,2026-05-18 15:12:54+05:30,53509.1,0,0.0,0,0.0,0.0,53282.15,53667.55,52783.45,53710.35,0,0.0,0.0,0.0,0.0,-0.01,-1,-1,-0.01,-1,-1,-0.01,-1,-1,-0.01,-1,-1,-0.01,-1,-1,-0.01,-1,-1,-0.01,-1,-1,-0.01,-1,-1,-0.01,-1,-1,-0.01,-1,-1
99926009,2026-05-18 15:12:55+05:30,53509.1,0,0.0,0,0.0,0.0,53282.15,53667.55,52783.45,53710.35,0,0.0,0.0,0.0,0.0,-0.01,-1,-1,-0.01,-1,-1,-0.01,-1,-1,-0.01,-1,-1,-0.01,-1,-1,-0.01,-1,-1,-0.01,-1,-1,-0.01,-1,-1,-0.01,-1,-1,-0.01,-1,-1
99926009,2026-05-18 15:12:55+05:30,53513.75,0,0.0,0,0.0,0.0,53282.15,53667.55,52783.45,53710.35,0,0.0,0.0,0.0,0.0,-0.01,-1,-1,-0.01,-1,-1,-0.01,-1,-1,-0.01,-1,-1,-0.01,-1,-1,-0.01,-1,-1,-0.01,-1,-1,-0.01,-1,-1,-0.01,-1,-1,-0.01,-1,-1
99926009,2026-05-18 15:12:55+05:30,53514.0,0,0.0,0,0.0,0.0,53282.15,53667.55,52783.45,53710.35,0,0.0,0.0,0.0,0.0,-0.01,-1,-1,-0.01,-1,-1,-0.01,-1,-1,-0.01,-1,-1,-0.01,-1,-1,-0.01,-1,-1,-0.01,-1,-1,-0.01,-1,-1,-0.01,-1,-1,-0.01,-1,-1
99926009,2026-05-18 15:12:56+05:30,53514.0,0,0.0,0,0.0,0.0,53282.15,53667.55,52783.45,53710.35,0,0.0,0.0,0.0,0.0,-0.01,-1,-1,-0.01,-1,-1,-0.01,-1,-1,-0.01,-1,-1,-0.01,-1,-1,-0.01,-1,-1,-0.01,-1,-1,-0.01,-1,-1,-0.01,-1,-1,-0.01,-1,-1
99926009,2026-05-18 15:12:56+05:30,53510.65,0,0.0,0,0.0,0.0,53282.15,53667.55,52783.45,53710.35,0,0.0,0.0,0.0,0.0,-0.01,-1,-1,-0.01,-1,-1,-0.01,-1,-1,-0.01,-1,-1,-0.01,-1,-1,-0.01,-1,-1,-0.01,-1,-1,-0.01,-1,-1,-0.01,-1,-1,-0.01,-1,-1
99926009,2026-05-18 15:12:56+05:30,53511.6,0,0.0,0,0.0,0.0,53282.15,53667.55,52783.45,53710.35,0,0.0,0.0,0.0,0.0,-0.01,-1,-1,-0.01,-1,-1,-0.01,-1,-1,-0.01,-1,-1,-0.01,-1,-1,-0.01,-1,-1,-0.01,-1,-1,-0.01,-1,-1,-0.01,-1,-1,-0.01,-1,-1
99926009,2026-05-18 15:12:57+05:30,53511.6,0,0.0,0,0.0,0.0,53282.15,53667.55,52783.45,53710.35,0,0.0,0.0,0.0,0.0,-0.01,-1,-1,-0.01,-1,-1,-0.01,-1,-1,-0.01,-1,-1,-0.01,-1,-1,-0.01,-1,-1,-0.01,-1,-1,-0.01,-1,-1,-0.01,-1,-1,-0.01,-1,-1
99926009,2026-05-18 15:12:57+05:30,53513.05,0,0.0,0,0.0,0.0,53282.15,53667.55,52783.45,53710.35,0,0.0,0.0,0.0,0.0,-0.01,-1,-1,-0.01,-1,-1,-0.01,-1,-1,-0.01,-1,-1,-0.01,-1,-1,-0.01,-1,-1,-0.01,-1,-1,-0.01,-1,-1,-0.01,-1,-1,-0.01,-1,-1
99926009,2026-05-18 15:12:57+05:30,53513.55,0,0.0,0,0.0,0.0,53282.15,53667.55,52783.45,53710.35,0,0.0,0.0,0.0,0.0,-0.01,-1,-1,-0.01,-1,-1,-0.01,-1,-1,-0.01,-1,-1,-0.01,-1,-1,-0.01,-1,-1,-0.01,-1,-1,-0.01,-1,-1,-0.01,-1,-1,-0.01,-1,-1
99926009,2026-05-18 15:12:58+05:30,53513.55,0,0.0,0,0.0,0.0,53282.15,53667.55,52783.45,53710.35,0,0.0,0.0,0.0,0.0,-0.01,-1,-1,-0.01,-1,-1,-0.01,-1,-1,-0.01,-1,-1,-0.01,-1,-1,-0.01,-1,-1,-0.01,-1,-1,-0.01,-1,-1,-0.01,-1,-1,-0.01,-1,-1
99926009,2026-05-18 15:12:58+05:30,53513.85,0,0.0,0,0.0,0.0,53282.15,53667.55,52783.45,53710.35,0,0.0,0.0,0.0,0.0,-0.01,-1,-1,-0.01,-1,-1,-0.01,-1,-1,-0.01,-1,-1,-0.01,-1,-1,-0.01,-1,-1,-0.01,-1,-1,-0.01,-1,-1,-0.01,-1,-1,-0.01,-1,-1
99926009,2026-05-18 15:12:58+05:30,53511.9,0,0.0,0,0.0,0.0,53282.15,53667.55,52783.45,53710.35,0,0.0,0.0,0.0,0.0,-0.01,-1,-1,-0.01,-1,-1,-0.01,-1,-1,-0.01,-1,-1,-0.01,-1,-1,-0.01,-1,-1,-0.01,-1,-1,-0.01,-1,-1,-0.01,-1,-1,-0.01,-1,-1
99926009,2026-05-18 15:12:59+05:30,53511.9,0,0.0,0,0.0,0.0,53282.15,53667.55,52783.45,53710.35,0,0.0,0.0,0.0,0.0,-0.01,-1,-1,-0.01,-1,-1,-0.01,-1,-1,-0.01,-1,-1,-0.01,-1,-1,-0.01,-1,-1,-0.01,-1,-1,-0.01,-1,-1,-0.01,-1,-1,-0.01,-1,-1
99926009,2026-05-18 15:12:59+05:30,53511.8,0,0.0,0,0.0,0.0,53282.15,53667.55,52783.45,53710.35,0,0.0,0.0,0.0,0.0,-0.01,-1,-1,-0.01,-1,-1,-0.01,-1,-1,-0.01,-1,-1,-0.01,-1,-1,-0.01,-1,-1,-0.01,-1,-1,-0.01,-1,-1,-0.01,-1,-1,-0.01,-1,-1
99926009,2026-05-18 15:12:59+05:30,53515.8,0,0.0,0,0.0,0.0,53282.15,53667.55,52783.45,53710.35,0,0.0,0.0,0.0,0.0,-0.01,-1,-1,-0.01,-1,-1,-0.01,-1,-1,-0.01,-1,-1,-0.01,-1,-1,-0.01,-1,-1,-0.01,-1,-1,-0.01,-1,-1,-0.01,-1,-1,-0.01,-1,-1
99926009,2026-05-18 15:13:00+05:30,53515.8,0,0.0,0,0.0,0.0,53282.15,53667.55,52783.45,53710.35,0,0.0,0.0,0.0,0.0,-0.01,-1,-1,-0.01,-1,-1,-0.01,-1,-1,-0.01,-1,-1,-0.01,-1,-1,-0.01,-1,-1,-0.01,-1,-1,-0.01,-1,-1,-0.01,-1,-1,-0.01,-1,-1
99926009,2026-05-18 15:13:00+05:30,53515.05,0,0.0,0,0.0,0.0,53282.15,53667.55,52783.45,53710.35,0,0.0,0.0,0.0,0.0,-0.01,-1,-1,-0.01,-1,-1,-0.01,-1,-1,-0.01,-1,-1,-0.01,-1,-1,-0.01,-1,-1,-0.01,-1,-1,-0.01,-1,-1,-0.01,-1,-1,-0.01,-1,-1
99926009,2026-05-18 15:13:00+05:30,53516.3,0,0.0,0,0.0,0.0,53282.15,53667.55,52783.45,53710.35,0,0.0,0.0,0.0,0.0,-0.01,-1,-1,-0.01,-1,-1,-0.01,-1,-1,-0.01,-1,-1,-0.01,-1,-1,-0.01,-1,-1,-0.01,-1,-1,-0.01,-1,-1,-0.01,-1,-1,-0.01,-1,-1
99926009,2026-05-18 15:13:01+05:30,53516.3,0,0.0,0,0.0,0.0,53282.15,53667.55,52783.45,53710.35,0,0.0,0.0,0.0,0.0,-0.01,-1,-1,-0.01,-1,-1,-0.01,-1,-1,-0.01,-1,-1,-0.01,-1,-1,-0.01,-1,-1,-0.01,-1,-1,-0.01,-1,-1,-0.01,-1,-1,-0.01,-1,-1
99926009,2026-05-18 15:13:01+05:30,53517.6,0,0.0,0,0.0,0.0,53282.15,53667.55,52783.45,53710.35,0,0.0,0.0,0.0,0.0,-0.01,-1,-1,-0.01,-1,-1,-0.01,-1,-1,-0.01,-1,-1,-0.01,-1,-1,-0.01,-1,-1,-0.01,-1,-1,-0.01,-1,-1,-0.01,-1,-1,-0.01,-1,-1
99926009,2026-05-18 15:13:01+05:30,53516.4,0,0.0,0,0.0,0.0,53282.15,53667.55,52783.45,53710.35,0,0.0,0.0,0.0,0.0,-0.01,-1,-1,-0.01,-1,-1,-0.01,-1,-1,-0.01,-1,-1,-0.01,-1,-1,-0.01,-1,-1,-0.01,-1,-1,-0.01,-1,-1,-0.01,-1,-1,-0.01,-1,-1
99926009,2026-05-18 15:13:02+05:30,53516.4,0,0.0,0,0.0,0.0,53282.15,53667.55,52783.45,53710.35,0,0.0,0.0,0.0,0.0,-0.01,-1,-1,-0.01,-1,-1,-0.01,-1,-1,-0.01,-1,-1,-0.01,-1,-1,-0.01,-1,-1,-0.01,-1,-1,-0.01,-1,-1,-0.01,-1,-1,-0.01,-1,-1
99926009,2026-05-18 15:13:02+05:30,53513.45,0,0.0,0,0.0,0.0,53282.15,53667.55,52783.45,53710.35,0,0.0,0.0,0.0,0.0,-0.01,-1,-1,-0.01,-1,-1,-0.01,-1,-1,-0.01,-1,-1,-0.01,-1,-1,-0.01,-1,-1,-0.01,-1,-1,-0.01,-1,-1,-0.01,-1,-1,-0.01,-1,-1
99926009,2026-05-18 15:13:02+05:30,53512.6,0,0.0,0,0.0,0.0,53282.15,53667.55,52783.45,53710.35,0,0.0,0.0,0.0,0.0,-0.01,-1,-1,-0.01,-1,-1,-0.01,-1,-1,-0.01,-1,-1,-0.01,-1,-1,-0.01,-1,-1,-0.01,-1,-1,-0.01,-1,-1,-0.01,-1,-1,-0.01,-1,-1
99926009,2026-05-18 15:13:03+05:30,53512.6,0,0.0,0,0.0,0.0,53282.15,53667.55,52783.45,53710.35,0,0.0,0.0,0.0,0.0,-0.01,-1,-1,-0.01,-1,-1,-0.01,-1,-1,-0.01,-1,-1,-0.01,-1,-1,-0.01,-1,-1,-0.01,-1,-1,-0.01,-1,-1,-0.01,-1,-1,-0.01,-1,-1
99926009,2026-05-18 15:13:03+05:30,53513.95,0,0.0,0,0.0,0.0,53282.15,53667.55,52783.45,53710.35,0,0.0,0.0,0.0,0.0,-0.01,-1,-1,-0.01,-1,-1,-0.01,-1,-1,-0.01,-1,-1,-0.01,-1,-1,-0.01,-1,-1,-0.01,-1,-1,-0.01,-1,-1,-0.01,-1,-1,-0.01,-1,-1
99926009,2026-05-18 15:13:03+05:30,53515.25,0,0.0,0,0.0,0.0,53282.15,53667.55,52783.45,53710.35,0,0.0,0.0,0.0,0.0,-0.01,-1,-1,-0.01,-1,-1,-0.01,-1,-1,-0.01,-1,-1,-0.01,-1,-1,-0.01,-1,-1,-0.01,-1,-1,-0.01,-1,-1,-0.01,-1,-1,-0.01,-1,-1
99926009,2026-05-18 15:13:04+05:30,53515.25,0,0.0,0,0.0,0.0,53282.15,53667.55,52783.45,53710.35,0,0.0,0.0,0.0,0.0,-0.01,-1,-1,-0.01,-1,-1,-0.01,-1,-1,-0.01,-1,-1,-0.01,-1,-1,-0.01,-1,-1,-0.01,-1,-1,-0.01,-1,-1,-0.01,-1,-1,-0.01,-1,-1
99926009,2026-05-18 15:13:04+05:30,53512.6,0,0.0,0,0.0,0.0,53282.15,53667.55,52783.45,53710.35,0,0.0,0.0,0.0,0.0,-0.01,-1,-1,-0.01,-1,-1,-0.01,-1,-1,-0.01,-1,-1,-0.01,-1,-1,-0.01,-1,-1,-0.01,-1,-1,-0.01,-1,-1,-0.01,-1,-1,-0.01,-1,-1
99926009,2026-05-18 15:13:04+05:30,53513.25,0,0.0,0,0.0,0.0,53282.15,53667.55,52783.45,53710.35,0,0.0,0.0,0.0,0.0,-0.01,-1,-1,-0.01,-1,-1,-0.01,-1,-1,-0.01,-1,-1,-0.01,-1,-1,-0.01,-1,-1,-0.01,-1,-1,-0.01,-1,-1,-0.01,-1,-1,-0.01,-1,-1
99926009,2026-05-18 15:13:05+05:30,53513.25,0,0.0,0,0.0,0.0,53282.15,53667.55,52783.45,53710.35,0,0.0,0.0,0.0,0.0,-0.01,-1,-1,-0.01,-1,-1,-0.01,-1,-1,-0.01,-1,-1,-0.01,-1,-1,-0.01,-1,-1,-0.01,-1,-1,-0.01,-1,-1,-0.01,-1,-1,-0.01,-1,-1
99926009,2026-05-18 15:13:05+05:30,53513.75,0,0.0,0,0.0,0.0,53282.15,53667.55,52783.45,53710.35,0,0.0,0.0,0.0,0.0,-0.01,-1,-1,-0.01,-1,-1,-0.01,-1,-1,-0.01,-1,-1,-0.01,-1,-1,-0.01,-1,-1,-0.01,-1,-1,-0.01,-1,-1,-0.01,-1,-1,-0.01,-1,-1
99926009,2026-05-18 15:13:05+05:30,53512.7,0,0.0,0,0.0,0.0,53282.15,53667.55,52783.45,53710.35,0,0.0,0.0,0.0,0.0,-0.01,-1,-1,-0.01,-1,-1,-0.01,-1,-1,-0.01,-1,-1,-0.01,-1,-1,-0.01,-1,-1,-0.01,-1,-1,-0.01,-1,-1,-0.01,-1,-1,-0.01,-1,-1
99926009,2026-05-18 15:13:06+05:30,53512.7,0,0.0,0,0.0,0.0,53282.15,53667.55,52783.45,53710.35,0,0.0,0.0,0.0,0.0,-0.01,-1,-1,-0.01,-1,-1,-0.01,-1,-1,-0.01,-1,-1,-0.01,-1,-1,-0.01,-1,-1,-0.01,-1,-1,-0.01,-1,-1,-0.01,-1,-1,-0.01,-1,-1
99926009,2026-05-18 15:13:06+05:30,53512.9,0,0.0,0,0.0,0.0,53282.15,53667.55,52783.45,53710.35,0,0.0,0.0,0.0,0.0,-0.01,-1,-1,-0.01,-1,-1,-0.01,-1,-1,-0.01,-1,-1,-0.01,-1,-1,-0.01,-1,-1,-0.01,-1,-1,-0.01,-1,-1,-0.01,-1,-1,-0.01,-1,-1
99926009,2026-05-18 15:13:06+05:30,53509.95,0,0.0,0,0.0,0.0,53282.15,53667.55,52783.45,53710.35,0,0.0,0.0,0.0,0.0,-0.01,-1,-1,-0.01,-1,-1,-0.01,-1,-1,-0.01,-1,-1,-0.01,-1,-1,-0.01,-1,-1,-0.01,-1,-1,-0.01,-1,-1,-0.01,-1,-1,-0.01,-1,-1
99926009,2026-05-18 15:13:07+05:30,53509.95,0,0.0,0,0.0,0.0,53282.15,53667.55,52783.45,53710.35,0,0.0,0.0,0.0,0.0,-0.01,-1,-1,-0.01,-1,-1,-0.01,-1,-1,-0.01,-1,-1,-0.01,-1,-1,-0.01,-1,-1,-0.01,-1,-1,-0.01,-1,-1,-0.01,-1,-1,-0.01,-1,-1
99926009,2026-05-18 15:13:07+05:30,53510.05,0,0.0,0,0.0,0.0,53282.15,53667.55,52783.45,53710.35,0,0.0,0.0,0.0,0.0,-0.01,-1,-1,-0.01,-1,-1,-0.01,-1,-1,-0.01,-1,-1,-0.01,-1,-1,-0.01,-1,-1,-0.01,-1,-1,-0.01,-1,-1,-0.01,-1,-1,-0.01,-1,-1
99926009,2026-05-18 15:13:07+05:30,53513.3,0,0.0,0,0.0,0.0,53282.15,53667.55,52783.45,53710.35,0,0.0,0.0,0.0,0.0,-0.01,-1,-1,-0.01,-1,-1,-0.01,-1,-1,-0.01,-1,-1,-0.01,-1,-1,-0.01,-1,-1,-0.01,-1,-1,-0.01,-1,-1,-0.01,-1,-1,-0.01,-1,-1
99926009,2026-05-18 15:13:08+05:30,53513.3,0,0.0,0,0.0,0.0,53282.15,53667.55,52783.45,53710.35,0,0.0,0.0,0.0,0.0,-0.01,-1,-1,-0.01,-1,-1,-0.01,-1,-1,-0.01,-1,-1,-0.01,-1,-1,-0.01,-1,-1,-0.01,-1,-1,-0.01,-1,-1,-0.01,-1,-1,-0.01,-1,-1
99926009,2026-05-18 15:13:08+05:30,53507.6,0,0.0,0,0.0,0.0,53282.15,53667.55,52783.45,53710.35,0,0.0,0.0,0.0,0.0,-0.01,-1,-1,-0.01,-1,-1,-0.01,-1,-1,-0.01,-1,-1,-0.01,-1,-1,-0.01,-1,-1,-0.01,-1,-1,-0.01,-1,-1,-0.01,-1,-1,-0.01,-1,-1
99926009,2026-05-18 15:13:08+05:30,53507.35,0,0.0,0,0.0,0.0,53282.15,53667.55,52783.45,53710.35,0,0.0,0.0,0.0,0.0,-0.01,-1,-1,-0.01,-1,-1,-0.01,-1,-1,-0.01,-1,-1,-0.01,-1,-1,-0.01,-1,-1,-0.01,-1,-1,-0.01,-1,-1,-0.01,-1,-1,-0.01,-1,-1
99926009,2026-05-18 15:13:09+05:30,53507.35,0,0.0,0,0.0,0.0,53282.15,53667.55,52783.45,53710.35,0,0.0,0.0,0.0,0.0,-0.01,-1,-1,-0.01,-1,-1,-0.01,-1,-1,-0.01,-1,-1,-0.01,-1,-1,-0.01,-1,-1,-0.01,-1,-1,-0.01,-1,-1,-0.01,-1,-1,-0.01,-1,-1
99926009,2026-05-18 15:13:09+05:30,53509.4,0,0.0,0,0.0,0.0,53282.15,53667.55,52783.45,53710.35,0,0.0,0.0,0.0,0.0,-0.01,-1,-1,-0.01,-1,-1,-0.01,-1,-1,-0.01,-1,-1,-0.01,-1,-1,-0.01,-1,-1,-0.01,-1,-1,-0.01,-1,-1,-0.01,-1,-1,-0.01,-1,-1
99926009,2026-05-18 15:13:09+05:30,53507.7,0,0.0,0,0.0,0.0,53282.15,53667.55,52783.45,53710.35,0,0.0,0.0,0.0,0.0,-0.01,-1,-1,-0.01,-1,-1,-0.01,-1,-1,-0.01,-1,-1,-0.01,-1,-1,-0.01,-1,-1,-0.01,-1,-1,-0.01,-1,-1,-0.01,-1,-1,-0.01,-1,-1
99926009,2026-05-18 15:13:10+05:30,53507.7,0,0.0,0,0.0,0.0,53282.15,53667.55,52783.45,53710.35,0,0.0,0.0,0.0,0.0,-0.01,-1,-1,-0.01,-1,-1,-0.01,-1,-1,-0.01,-1,-1,-0.01,-1,-1,-0.01,-1,-1,-0.01,-1,-1,-0.01,-1,-1,-0.01,-1,-1,-0.01,-1,-1
99926009,2026-05-18 15:13:10+05:30,53510.8,0,0.0,0,0.0,0.0,53282.15,53667.55,52783.45,53710.35,0,0.0,0.0,0.0,0.0,-0.01,-1,-1,-0.01,-1,-1,-0.01,-1,-1,-0.01,-1,-1,-0.01,-1,-1,-0.01,-1,-1,-0.01,-1,-1,-0.01,-1,-1,-0.01,-1,-1,-0.01,-1,-1
99926009,2026-05-18 15:13:10+05:30,53513.05,0,0.0,0,0.0,0.0,53282.15,53667.55,52783.45,53710.35,0,0.0,0.0,0.0,0.0,-0.01,-1,-1,-0.01,-1,-1,-0.01,-1,-1,-0.01,-1,-1,-0.01,-1,-1,-0.01,-1,-1,-0.01,-1,-1,-0.01,-1,-1,-0.01,-1,-1,-0.01,-1,-1
99926009,2026-05-18 15:13:11+05:30,53513.05,0,0.0,0,0.0,0.0,53282.15,53667.55,52783.45,53710.35,0,0.0,0.0,0.0,0.0,-0.01,-1,-1,-0.01,-1,-1,-0.01,-1,-1,-0.01,-1,-1,-0.01,-1,-1,-0.01,-1,-1,-0.01,-1,-1,-0.01,-1,-1,-0.01,-1,-1,-0.01,-1,-1
99926009,2026-05-18 15:13:11+05:30,53513.2,0,0.0,0,0.0,0.0,53282.15,53667.55,52783.45,53710.35,0,0.0,0.0,0.0,0.0,-0.01,-1,-1,-0.01,-1,-1,-0.01,-1,-1,-0.01,-1,-1,-0.01,-1,-1,-0.01,-1,-1,-0.01,-1,-1,-0.01,-1,-1,-0.01,-1,-1,-0.01,-1,-1
99926009,2026-05-18 15:13:11+05:30,53512.45,0,0.0,0,0.0,0.0,53282.15,53667.55,52783.45,53710.35,0,0.0,0.0,0.0,0.0,-0.01,-1,-1,-0.01,-1,-1,-0.01,-1,-1,-0.01,-1,-1,-0.01,-1,-1,-0.01,-1,-1,-0.01,-1,-1,-0.01,-1,-1,-0.01,-1,-1,-0.01,-1,-1
99926009,2026-05-18 15:13:12+05:30,53512.45,0,0.0,0,0.0,0.0,53282.15,53667.55,52783.45,53710.35,0,0.0,0.0,0.0,0.0,-0.01,-1,-1,-0.01,-1,-1,-0.01,-1,-1,-0.01,-1,-1,-0.01,-1,-1,-0.01,-1,-1,-0.01,-1,-1,-0.01,-1,-1,-0.01,-1,-1,-0.01,-1,-1
99926009,2026-05-18 15:13:12+05:30,53511.95,0,0.0,0,0.0,0.0,53282.15,53667.55,52783.45,53710.35,0,0.0,0.0,0.0,0.0,-0.01,-1,-1,-0.01,-1,-1,-0.01,-1,-1,-0.01,-1,-1,-0.01,-1,-1,-0.01,-1,-1,-0.01,-1,-1,-0.01,-1,-1,-0.01,-1,-1,-0.01,-1,-1
99926009,2026-05-18 15:13:12+05:30,53508.55,0,0.0,0,0.0,0.0,53282.15,53667.55,52783.45,53710.35,0,0.0,0.0,0.0,0.0,-0.01,-1,-1,-0.01,-1,-1,-0.01,-1,-1,-0.01,-1,-1,-0.01,-1,-1,-0.01,-1,-1,-0.01,-1,-1,-0.01,-1,-1,-0.01,-1,-1,-0.01,-1,-1
99926009,2026-05-18 15:13:13+05:30,53508.55,0,0.0,0,0.0,0.0,53282.15,53667.55,52783.45,53710.35,0,0.0,0.0,0.0,0.0,-0.01,-1,-1,-0.01,-1,-1,-0.01,-1,-1,-0.01,-1,-1,-0.01,-1,-1,-0.01,-1,-1,-0.01,-1,-1,-0.01,-1,-1,-0.01,-1,-1,-0.01,-1,-1
99926009,2026-05-18 15:13:13+05:30,53510.7,0,0.0,0,0.0,0.0,53282.15,53667.55,52783.45,53710.35,0,0.0,0.0,0.0,0.0,-0.01,-1,-1,-0.01,-1,-1,-0.01,-1,-1,-0.01,-1,-1,-0.01,-1,-1,-0.01,-1,-1,-0.01,-1,-1,-0.01,-1,-1,-0.01,-1,-1,-0.01,-1,-1
99926009,2026-05-18 15:13:13+05:30,53511.95,0,0.0,0,0.0,0.0,53282.15,53667.55,52783.45,53710.35,0,0.0,0.0,0.0,0.0,-0.01,-1,-1,-0.01,-1,-1,-0.01,-1,-1,-0.01,-1,-1,-0.01,-1,-1,-0.01,-1,-1,-0.01,-1,-1,-0.01,-1,-1,-0.01,-1,-1,-0.01,-1,-1
99926009,2026-05-18 15:13:14+05:30,53511.95,0,0.0,0,0.0,0.0,53282.15,53667.55,52783.45,53710.35,0,0.0,0.0,0.0,0.0,-0.01,-1,-1,-0.01,-1,-1,-0.01,-1,-1,-0.01,-1,-1,-0.01,-1,-1,-0.01,-1,-1,-0.01,-1,-1,-0.01,-1,-1,-0.01,-1,-1,-0.01,-1,-1
99926009,2026-05-18 15:13:14+05:30,53509.25,0,0.0,0,0.0,0.0,53282.15,53667.55,52783.45,53710.35,0,0.0,0.0,0.0,0.0,-0.01,-1,-1,-0.01,-1,-1,-0.01,-1,-1,-0.01,-1,-1,-0.01,-1,-1,-0.01,-1,-1,-0.01,-1,-1,-0.01,-1,-1,-0.01,-1,-1,-0.01,-1,-1
99926009,2026-05-18 15:13:14+05:30,53510.95,0,0.0,0,0.0,0.0,53282.15,53667.55,52783.45,53710.35,0,0.0,0.0,0.0,0.0,-0.01,-1,-1,-0.01,-1,-1,-0.01,-1,-1,-0.01,-1,-1,-0.01,-1,-1,-0.01,-1,-1,-0.01,-1,-1,-0.01,-1,-1,-0.01,-1,-1,-0.01,-1,-1
99926009,2026-05-18 15:13:15+05:30,53510.95,0,0.0,0,0.0,0.0,53282.15,53667.55,52783.45,53710.35,0,0.0,0.0,0.0,0.0,-0.01,-1,-1,-0.01,-1,-1,-0.01,-1,-1,-0.01,-1,-1,-0.01,-1,-1,-0.01,-1,-1,-0.01,-1,-1,-0.01,-1,-1,-0.01,-1,-1,-0.01,-1,-1
99926009,2026-05-18 15:13:15+05:30,53512.45,0,0.0,0,0.0,0.0,53282.15,53667.55,52783.45,53710.35,0,0.0,0.0,0.0,0.0,-0.01,-1,-1,-0.01,-1,-1,-0.01,-1,-1,-0.01,-1,-1,-0.01,-1,-1,-0.01,-1,-1,-0.01,-1,-1,-0.01,-1,-1,-0.01,-1,-1,-0.01,-1,-1
99926009,2026-05-18 15:13:15+05:30,53514.25,0,0.0,0,0.0,0.0,53282.15,53667.55,52783.45,53710.35,0,0.0,0.0,0.0,0.0,-0.01,-1,-1,-0.01,-1,-1,-0.01,-1,-1,-0.01,-1,-1,-0.01,-1,-1,-0.01,-1,-1,-0.01,-1,-1,-0.01,-1,-1,-0.01,-1,-1,-0.01,-1,-1
99926009,2026-05-18 15:13:16+05:30,53514.25,0,0.0,0,0.0,0.0,53282.15,53667.55,52783.45,53710.35,0,0.0,0.0,0.0,0.0,-0.01,-1,-1,-0.01,-1,-1,-0.01,-1,-1,-0.01,-1,-1,-0.01,-1,-1,-0.01,-1,-1,-0.01,-1,-1,-0.01,-1,-1,-0.01,-1,-1,-0.01,-1,-1
99926009,2026-05-18 15:13:16+05:30,53513.75,0,0.0,0,0.0,0.0,53282.15,53667.55,52783.45,53710.35,0,0.0,0.0,0.0,0.0,-0.01,-1,-1,-0.01,-1,-1,-0.01,-1,-1,-0.01,-1,-1,-0.01,-1,-1,-0.01,-1,-1,-0.01,-1,-1,-0.01,-1,-1,-0.01,-1,-1,-0.01,-1,-1
99926009,2026-05-18 15:13:16+05:30,53512.9,0,0.0,0,0.0,0.0,53282.15,53667.55,52783.45,53710.35,0,0.0,0.0,0.0,0.0,-0.01,-1,-1,-0.01,-1,-1,-0.01,-1,-1,-0.01,-1,-1,-0.01,-1,-1,-0.01,-1,-1,-0.01,-1,-1,-0.01,-1,-1,-0.01,-1,-1,-0.01,-1,-1
99926009,2026-05-18 15:13:17+05:30,53512.9,0,0.0,0,0.0,0.0,53282.15,53667.55,52783.45,53710.35,0,0.0,0.0,0.0,0.0,-0.01,-1,-1,-0.01,-1,-1,-0.01,-1,-1,-0.01,-1,-1,-0.01,-1,-1,-0.01,-1,-1,-0.01,-1,-1,-0.01,-1,-1,-0.01,-1,-1,-0.01,-1,-1
99926009,2026-05-18 15:13:17+05:30,53510.5,0,0.0,0,0.0,0.0,53282.15,53667.55,52783.45,53710.35,0,0.0,0.0,0.0,0.0,-0.01,-1,-1,-0.01,-1,-1,-0.01,-1,-1,-0.01,-1,-1,-0.01,-1,-1,-0.01,-1,-1,-0.01,-1,-1,-0.01,-1,-1,-0.01,-1,-1,-0.01,-1,-1
99926009,2026-05-18 15:13:17+05:30,53510.3,0,0.0,0,0.0,0.0,53282.15,53667.55,52783.45,53710.35,0,0.0,0.0,0.0,0.0,-0.01,-1,-1,-0.01,-1,-1,-0.01,-1,-1,-0.01,-1,-1,-0.01,-1,-1,-0.01,-1,-1,-0.01,-1,-1,-0.01,-1,-1,-0.01,-1,-1,-0.01,-1,-1
99926009,2026-05-18 15:13:18+05:30,53510.3,0,0.0,0,0.0,0.0,53282.15,53667.55,52783.45,53710.35,0,0.0,0.0,0.0,0.0,-0.01,-1,-1,-0.01,-1,-1,-0.01,-1,-1,-0.01,-1,-1,-0.01,-1,-1,-0.01,-1,-1,-0.01,-1,-1,-0.01,-1,-1,-0.01,-1,-1,-0.01,-1,-1
99926009,2026-05-18 15:13:18+05:30,53509.95,0,0.0,0,0.0,0.0,53282.15,53667.55,52783.45,53710.35,0,0.0,0.0,0.0,0.0,-0.01,-1,-1,-0.01,-1,-1,-0.01,-1,-1,-0.01,-1,-1,-0.01,-1,-1,-0.01,-1,-1,-0.01,-1,-1,-0.01,-1,-1,-0.01,-1,-1,-0.01,-1,-1
99926009,2026-05-18 15:13:18+05:30,53510.05,0,0.0,0,0.0,0.0,53282.15,53667.55,52783.45,53710.35,0,0.0,0.0,0.0,0.0,-0.01,-1,-1,-0.01,-1,-1,-0.01,-1,-1,-0.01,-1,-1,-0.01,-1,-1,-0.01,-1,-1,-0.01,-1,-1,-0.01,-1,-1,-0.01,-1,-1,-0.01,-1,-1
99926009,2026-05-18 15:13:19+05:30,53510.05,0,0.0,0,0.0,0.0,53282.15,53667.55,52783.45,53710.35,0,0.0,0.0,0.0,0.0,-0.01,-1,-1,-0.01,-1,-1,-0.01,-1,-1,-0.01,-1,-1,-0.01,-1,-1,-0.01,-1,-1,-0.01,-1,-1,-0.01,-1,-1,-0.01,-1,-1,-0.01,-1,-1
99926009,2026-05-18 15:13:19+05:30,53510.65,0,0.0,0,0.0,0.0,53282.15,53667.55,52783.45,53710.35,0,0.0,0.0,0.0,0.0,-0.01,-1,-1,-0.01,-1,-1,-0.01,-1,-1,-0.01,-1,-1,-0.01,-1,-1,-0.01,-1,-1,-0.01,-1,-1,-0.01,-1,-1,-0.01,-1,-1,-0.01,-1,-1
99926009,2026-05-18 15:13:19+05:30,53510.0,0,0.0,0,0.0,0.0,53282.15,53667.55,52783.45,53710.35,0,0.0,0.0,0.0,0.0,-0.01,-1,-1,-0.01,-1,-1,-0.01,-1,-1,-0.01,-1,-1,-0.01,-1,-1,-0.01,-1,-1,-0.01,-1,-1,-0.01,-1,-1,-0.01,-1,-1,-0.01,-1,-1
99926009,2026-05-18 15:13:20+05:30,53510.0,0,0.0,0,0.0,0.0,53282.15,53667.55,52783.45,53710.35,0,0.0,0.0,0.0,0.0,-0.01,-1,-1,-0.01,-1,-1,-0.01,-1,-1,-0.01,-1,-1,-0.01,-1,-1,-0.01,-1,-1,-0.01,-1,-1,-0.01,-1,-1,-0.01,-1,-1,-0.01,-1,-1
99926009,2026-05-18 15:13:20+05:30,53509.65,0,0.0,0,0.0,0.0,53282.15,53667.55,52783.45,53710.35,0,0.0,0.0,0.0,0.0,-0.01,-1,-1,-0.01,-1,-1,-0.01,-1,-1,-0.01,-1,-1,-0.01,-1,-1,-0.01,-1,-1,-0.01,-1,-1,-0.01,-1,-1,-0.01,-1,-1,-0.01,-1,-1
99926009,2026-05-18 15:13:20+05:30,53512.75,0,0.0,0,0.0,0.0,53282.15,53667.55,52783.45,53710.35,0,0.0,0.0,0.0,0.0,-0.01,-1,-1,-0.01,-1,-1,-0.01,-1,-1,-0.01,-1,-1,-0.01,-1,-1,-0.01,-1,-1,-0.01,-1,-1,-0.01,-1,-1,-0.01,-1,-1,-0.01,-1,-1
99926009,2026-05-18 15:13:21+05:30,53512.75,0,0.0,0,0.0,0.0,53282.15,53667.55,52783.45,53710.35,0,0.0,0.0,0.0,0.0,-0.01,-1,-1,-0.01,-1,-1,-0.01,-1,-1,-0.01,-1,-1,-0.01,-1,-1,-0.01,-1,-1,-0.01,-1,-1,-0.01,-1,-1,-0.01,-1,-1,-0.01,-1,-1
99926009,2026-05-18 15:13:21+05:30,53513.45,0,0.0,0,0.0,0.0,53282.15,53667.55,52783.45,53710.35,0,0.0,0.0,0.0,0.0,-0.01,-1,-1,-0.01,-1,-1,-0.01,-1,-1,-0.01,-1,-1,-0.01,-1,-1,-0.01,-1,-1,-0.01,-1,-1,-0.01,-1,-1,-0.01,-1,-1,-0.01,-1,-1
99926009,2026-05-18 15:13:21+05:30,53509.0,0,0.0,0,0.0,0.0,53282.15,53667.55,52783.45,53710.35,0,0.0,0.0,0.0,0.0,-0.01,-1,-1,-0.01,-1,-1,-0.01,-1,-1,-0.01,-1,-1,-0.01,-1,-1,-0.01,-1,-1,-0.01,-1,-1,-0.01,-1,-1,-0.01,-1,-1,-0.01,-1,-1
99926009,2026-05-18 15:13:22+05:30,53509.0,0,0.0,0,0.0,0.0,53282.15,53667.55,52783.45,53710.35,0,0.0,0.0,0.0,0.0,-0.01,-1,-1,-0.01,-1,-1,-0.01,-1,-1,-0.01,-1,-1,-0.01,-1,-1,-0.01,-1,-1,-0.01,-1,-1,-0.01,-1,-1,-0.01,-1,-1,-0.01,-1,-1
99926009,2026-05-18 15:13:22+05:30,53509.35,0,0.0,0,0.0,0.0,53282.15,53667.55,52783.45,53710.35,0,0.0,0.0,0.0,0.0,-0.01,-1,-1,-0.01,-1,-1,-0.01,-1,-1,-0.01,-1,-1,-0.01,-1,-1,-0.01,-1,-1,-0.01,-1,-1,-0.01,-1,-1,-0.01,-1,-1,-0.01,-1,-1
99926009,2026-05-18 15:13:22+05:30,53510.6,0,0.0,0,0.0,0.0,53282.15,53667.55,52783.45,53710.35,0,0.0,0.0,0.0,0.0,-0.01,-1,-1,-0.01,-1,-1,-0.01,-1,-1,-0.01,-1,-1,-0.01,-1,-1,-0.01,-1,-1,-0.01,-1,-1,-0.01,-1,-1,-0.01,-1,-1,-0.01,-1,-1
99926009,2026-05-18 15:13:23+05:30,53510.6,0,0.0,0,0.0,0.0,53282.15,53667.55,52783.45,53710.35,0,0.0,0.0,0.0,0.0,-0.01,-1,-1,-0.01,-1,-1,-0.01,-1,-1,-0.01,-1,-1,-0.01,-1,-1,-0.01,-1,-1,-0.01,-1,-1,-0.01,-1,-1,-0.01,-1,-1,-0.01,-1,-1
99926009,2026-05-18 15:13:23+05:30,53510.9,0,0.0,0,0.0,0.0,53282.15,53667.55,52783.45,53710.35,0,0.0,0.0,0.0,0.0,-0.01,-1,-1,-0.01,-1,-1,-0.01,-1,-1,-0.01,-1,-1,-0.01,-1,-1,-0.01,-1,-1,-0.01,-1,-1,-0.01,-1,-1,-0.01,-1,-1,-0.01,-1,-1
99926009,2026-05-18 15:13:23+05:30,53511.8,0,0.0,0,0.0,0.0,53282.15,53667.55,52783.45,53710.35,0,0.0,0.0,0.0,0.0,-0.01,-1,-1,-0.01,-1,-1,-0.01,-1,-1,-0.01,-1,-1,-0.01,-1,-1,-0.01,-1,-1,-0.01,-1,-1,-0.01,-1,-1,-0.01,-1,-1,-0.01,-1,-1
99926009,2026-05-18 15:13:24+05:30,53511.8,0,0.0,0,0.0,0.0,53282.15,53667.55,52783.45,53710.35,0,0.0,0.0,0.0,0.0,-0.01,-1,-1,-0.01,-1,-1,-0.01,-1,-1,-0.01,-1,-1,-0.01,-1,-1,-0.01,-1,-1,-0.01,-1,-1,-0.01,-1,-1,-0.01,-1,-1,-0.01,-1,-1
99926009,2026-05-18 15:13:24+05:30,53512.3,0,0.0,0,0.0,0.0,53282.15,53667.55,52783.45,53710.35,0,0.0,0.0,0.0,0.0,-0.01,-1,-1,-0.01,-1,-1,-0.01,-1,-1,-0.01,-1,-1,-0.01,-1,-1,-0.01,-1,-1,-0.01,-1,-1,-0.01,-1,-1,-0.01,-1,-1,-0.01,-1,-1
99926009,2026-05-18 15:13:24+05:30,53512.75,0,0.0,0,0.0,0.0,53282.15,53667.55,52783.45,53710.35,0,0.0,0.0,0.0,0.0,-0.01,-1,-1,-0.01,-1,-1,-0.01,-1,-1,-0.01,-1,-1,-0.01,-1,-1,-0.01,-1,-1,-0.01,-1,-1,-0.01,-1,-1,-0.01,-1,-1,-0.01,-1,-1
99926009,2026-05-18 15:13:25+05:30,53512.75,0,0.0,0,0.0,0.0,53282.15,53667.55,52783.45,53710.35,0,0.0,0.0,0.0,0.0,-0.01,-1,-1,-0.01,-1,-1,-0.01,-1,-1,-0.01,-1,-1,-0.01,-1,-1,-0.01,-1,-1,-0.01,-1,-1,-0.01,-1,-1,-0.01,-1,-1,-0.01,-1,-1
99926009,2026-05-18 15:13:25+05:30,53513.25,0,0.0,0,0.0,0.0,53282.15,53667.55,52783.45,53710.35,0,0.0,0.0,0.0,0.0,-0.01,-1,-1,-0.01,-1,-1,-0.01,-1,-1,-0.01,-1,-1,-0.01,-1,-1,-0.01,-1,-1,-0.01,-1,-1,-0.01,-1,-1,-0.01,-1,-1,-0.01,-1,-1
99926009,2026-05-18 15:13:25+05:30,53513.65,0,0.0,0,0.0,0.0,53282.15,53667.55,52783.45,53710.35,0,0.0,0.0,0.0,0.0,-0.01,-1,-1,-0.01,-1,-1,-0.01,-1,-1,-0.01,-1,-1,-0.01,-1,-1,-0.01,-1,-1,-0.01,-1,-1,-0.01,-1,-1,-0.01,-1,-1,-0.01,-1,-1
99926009,2026-05-18 15:13:26+05:30,53513.65,0,0.0,0,0.0,0.0,53282.15,53667.55,52783.45,53710.35,0,0.0,0.0,0.0,0.0,-0.01,-1,-1,-0.01,-1,-1,-0.01,-1,-1,-0.01,-1,-1,-0.01,-1,-1,-0.01,-1,-1,-0.01,-1,-1,-0.01,-1,-1,-0.01,-1,-1,-0.01,-1,-1
99926009,2026-05-18 15:13:26+05:30,53512.0,0,0.0,0,0.0,0.0,53282.15,53667.55,52783.45,53710.35,0,0.0,0.0,0.0,0.0,-0.01,-1,-1,-0.01,-1,-1,-0.01,-1,-1,-0.01,-1,-1,-0.01,-1,-1,-0.01,-1,-1,-0.01,-1,-1,-0.01,-1,-1,-0.01,-1,-1,-0.01,-1,-1
99926009,2026-05-18 15:13:26+05:30,53513.0,0,0.0,0,0.0,0.0,53282.15,53667.55,52783.45,53710.35,0,0.0,0.0,0.0,0.0,-0.01,-1,-1,-0.01,-1,-1,-0.01,-1,-1,-0.01,-1,-1,-0.01,-1,-1,-0.01,-1,-1,-0.01,-1,-1,-0.01,-1,-1,-0.01,-1,-1,-0.01,-1,-1
99926009,2026-05-18 15:13:27+05:30,53513.0,0,0.0,0,0.0,0.0,53282.15,53667.55,52783.45,53710.35,0,0.0,0.0,0.0,0.0,-0.01,-1,-1,-0.01,-1,-1,-0.01,-1,-1,-0.01,-1,-1,-0.01,-1,-1,-0.01,-1,-1,-0.01,-1,-1,-0.01,-1,-1,-0.01,-1,-1,-0.01,-1,-1
99926009,2026-05-18 15:13:27+05:30,53513.15,0,0.0,0,0.0,0.0,53282.15,53667.55,52783.45,53710.35,0,0.0,0.0,0.0,0.0,-0.01,-1,-1,-0.01,-1,-1,-0.01,-1,-1,-0.01,-1,-1,-0.01,-1,-1,-0.01,-1,-1,-0.01,-1,-1,-0.01,-1,-1,-0.01,-1,-1,-0.01,-1,-1
99926009,2026-05-18 15:13:27+05:30,53512.65,0,0.0,0,0.0,0.0,53282.15,53667.55,52783.45,53710.35,0,0.0,0.0,0.0,0.0,-0.01,-1,-1,-0.01,-1,-1,-0.01,-1,-1,-0.01,-1,-1,-0.01,-1,-1,-0.01,-1,-1,-0.01,-1,-1,-0.01,-1,-1,-0.01,-1,-1,-0.01,-1,-1
99926009,2026-05-18 15:13:28+05:30,53512.65,0,0.0,0,0.0,0.0,53282.15,53667.55,52783.45,53710.35,0,0.0,0.0,0.0,0.0,-0.01,-1,-1,-0.01,-1,-1,-0.01,-1,-1,-0.01,-1,-1,-0.01,-1,-1,-0.01,-1,-1,-0.01,-1,-1,-0.01,-1,-1,-0.01,-1,-1,-0.01,-1,-1
99926009,2026-05-18 15:13:28+05:30,53509.6,0,0.0,0,0.0,0.0,53282.15,53667.55,52783.45,53710.35,0,0.0,0.0,0.0,0.0,-0.01,-1,-1,-0.01,-1,-1,-0.01,-1,-1,-0.01,-1,-1,-0.01,-1,-1,-0.01,-1,-1,-0.01,-1,-1,-0.01,-1,-1,-0.01,-1,-1,-0.01,-1,-1
99926009,2026-05-18 15:13:28+05:30,53509.1,0,0.0,0,0.0,0.0,53282.15,53667.55,52783.45,53710.35,0,0.0,0.0,0.0,0.0,-0.01,-1,-1,-0.01,-1,-1,-0.01,-1,-1,-0.01,-1,-1,-0.01,-1,-1,-0.01,-1,-1,-0.01,-1,-1,-0.01,-1,-1,-0.01,-1,-1,-0.01,-1,-1
99926009,2026-05-18 15:13:29+05:30,53509.1,0,0.0,0,0.0,0.0,53282.15,53667.55,52783.45,53710.35,0,0.0,0.0,0.0,0.0,-0.01,-1,-1,-0.01,-1,-1,-0.01,-1,-1,-0.01,-1,-1,-0.01,-1,-1,-0.01,-1,-1,-0.01,-1,-1,-0.01,-1,-1,-0.01,-1,-1,-0.01,-1,-1
99926009,2026-05-18 15:13:29+05:30,53507.55,0,0.0,0,0.0,0.0,53282.15,53667.55,52783.45,53710.35,0,0.0,0.0,0.0,0.0,-0.01,-1,-1,-0.01,-1,-1,-0.01,-1,-1,-0.01,-1,-1,-0.01,-1,-1,-0.01,-1,-1,-0.01,-1,-1,-0.01,-1,-1,-0.01,-1,-1,-0.01,-1,-1
99926009,2026-05-18 15:13:29+05:30,53507.2,0,0.0,0,0.0,0.0,53282.15,53667.55,52783.45,53710.35,0,0.0,0.0,0.0,0.0,-0.01,-1,-1,-0.01,-1,-1,-0.01,-1,-1,-0.01,-1,-1,-0.01,-1,-1,-0.01,-1,-1,-0.01,-1,-1,-0.01,-1,-1,-0.01,-1,-1,-0.01,-1,-1
99926009,2026-05-18 15:13:30+05:30,53507.2,0,0.0,0,0.0,0.0,53282.15,53667.55,52783.45,53710.35,0,0.0,0.0,0.0,0.0,-0.01,-1,-1,-0.01,-1,-1,-0.01,-1,-1,-0.01,-1,-1,-0.01,-1,-1,-0.01,-1,-1,-0.01,-1,-1,-0.01,-1,-1,-0.01,-1,-1,-0.01,-1,-1
99926009,2026-05-18 15:13:30+05:30,53511.75,0,0.0,0,0.0,0.0,53282.15,53667.55,52783.45,53710.35,0,0.0,0.0,0.0,0.0,-0.01,-1,-1,-0.01,-1,-1,-0.01,-1,-1,-0.01,-1,-1,-0.01,-1,-1,-0.01,-1,-1,-0.01,-1,-1,-0.01,-1,-1,-0.01,-1,-1,-0.01,-1,-1
99926009,2026-05-18 15:13:30+05:30,53510.6,0,0.0,0,0.0,0.0,53282.15,53667.55,52783.45,53710.35,0,0.0,0.0,0.0,0.0,-0.01,-1,-1,-0.01,-1,-1,-0.01,-1,-1,-0.01,-1,-1,-0.01,-1,-1,-0.01,-1,-1,-0.01,-1,-1,-0.01,-1,-1,-0.01,-1,-1,-0.01,-1,-1
99926009,2026-05-18 15:13:31+05:30,53510.6,0,0.0,0,0.0,0.0,53282.15,53667.55,52783.45,53710.35,0,0.0,0.0,0.0,0.0,-0.01,-1,-1,-0.01,-1,-1,-0.01,-1,-1,-0.01,-1,-1,-0.01,-1,-1,-0.01,-1,-1,-0.01,-1,-1,-0.01,-1,-1,-0.01,-1,-1,-0.01,-1,-1
99926009,2026-05-18 15:13:31+05:30,53508.15,0,0.0,0,0.0,0.0,53282.15,53667.55,52783.45,53710.35,0,0.0,0.0,0.0,0.0,-0.01,-1,-1,-0.01,-1,-1,-0.01,-1,-1,-0.01,-1,-1,-0.01,-1,-1,-0.01,-1,-1,-0.01,-1,-1,-0.01,-1,-1,-0.01,-1,-1,-0.01,-1,-1
99926009,2026-05-18 15:13:31+05:30,53508.2,0,0.0,0,0.0,0.0,53282.15,53667.55,52783.45,53710.35,0,0.0,0.0,0.0,0.0,-0.01,-1,-1,-0.01,-1,-1,-0.01,-1,-1,-0.01,-1,-1,-0.01,-1,-1,-0.01,-1,-1,-0.01,-1,-1,-0.01,-1,-1,-0.01,-1,-1,-0.01,-1,-1
99926009,2026-05-18 15:13:32+05:30,53508.2,0,0.0,0,0.0,0.0,53282.15,53667.55,52783.45,53710.35,0,0.0,0.0,0.0,0.0,-0.01,-1,-1,-0.01,-1,-1,-0.01,-1,-1,-0.01,-1,-1,-0.01,-1,-1,-0.01,-1,-1,-0.01,-1,-1,-0.01,-1,-1,-0.01,-1,-1,-0.01,-1,-1
99926009,2026-05-18 15:13:32+05:30,53508.7,0,0.0,0,0.0,0.0,53282.15,53667.55,52783.45,53710.35,0,0.0,0.0,0.0,0.0,-0.01,-1,-1,-0.01,-1,-1,-0.01,-1,-1,-0.01,-1,-1,-0.01,-1,-1,-0.01,-1,-1,-0.01,-1,-1,-0.01,-1,-1,-0.01,-1,-1,-0.01,-1,-1
99926009,2026-05-18 15:13:32+05:30,53506.9,0,0.0,0,0.0,0.0,53282.15,53667.55,52783.45,53710.35,0,0.0,0.0,0.0,0.0,-0.01,-1,-1,-0.01,-1,-1,-0.01,-1,-1,-0.01,-1,-1,-0.01,-1,-1,-0.01,-1,-1,-0.01,-1,-1,-0.01,-1,-1,-0.01,-1,-1,-0.01,-1,-1
99926009,2026-05-18 15:13:33+05:30,53506.9,0,0.0,0,0.0,0.0,53282.15,53667.55,52783.45,53710.35,0,0.0,0.0,0.0,0.0,-0.01,-1,-1,-0.01,-1,-1,-0.01,-1,-1,-0.01,-1,-1,-0.01,-1,-1,-0.01,-1,-1,-0.01,-1,-1,-0.01,-1,-1,-0.01,-1,-1,-0.01,-1,-1
99926009,2026-05-18 15:13:33+05:30,53507.45,0,0.0,0,0.0,0.0,53282.15,53667.55,52783.45,53710.35,0,0.0,0.0,0.0,0.0,-0.01,-1,-1,-0.01,-1,-1,-0.01,-1,-1,-0.01,-1,-1,-0.01,-1,-1,-0.01,-1,-1,-0.01,-1,-1,-0.01,-1,-1,-0.01,-1,-1,-0.01,-1,-1
99926009,2026-05-18 15:13:33+05:30,53507.7,0,0.0,0,0.0,0.0,53282.15,53667.55,52783.45,53710.35,0,0.0,0.0,0.0,0.0,-0.01,-1,-1,-0.01,-1,-1,-0.01,-1,-1,-0.01,-1,-1,-0.01,-1,-1,-0.01,-1,-1,-0.01,-1,-1,-0.01,-1,-1,-0.01,-1,-1,-0.01,-1,-1
99926009,2026-05-18 15:13:34+05:30,53507.7,0,0.0,0,0.0,0.0,53282.15,53667.55,52783.45,53710.35,0,0.0,0.0,0.0,0.0,-0.01,-1,-1,-0.01,-1,-1,-0.01,-1,-1,-0.01,-1,-1,-0.01,-1,-1,-0.01,-1,-1,-0.01,-1,-1,-0.01,-1,-1,-0.01,-1,-1,-0.01,-1,-1
99926009,2026-05-18 15:13:34+05:30,53507.45,0,0.0,0,0.0,0.0,53282.15,53667.55,52783.45,53710.35,0,0.0,0.0,0.0,0.0,-0.01,-1,-1,-0.01,-1,-1,-0.01,-1,-1,-0.01,-1,-1,-0.01,-1,-1,-0.01,-1,-1,-0.01,-1,-1,-0.01,-1,-1,-0.01,-1,-1,-0.01,-1,-1
99926009,2026-05-18 15:13:34+05:30,53506.35,0,0.0,0,0.0,0.0,53282.15,53667.55,52783.45,53710.35,0,0.0,0.0,0.0,0.0,-0.01,-1,-1,-0.01,-1,-1,-0.01,-1,-1,-0.01,-1,-1,-0.01,-1,-1,-0.01,-1,-1,-0.01,-1,-1,-0.01,-1,-1,-0.01,-1,-1,-0.01,-1,-1
99926009,2026-05-18 15:13:35+05:30,53506.35,0,0.0,0,0.0,0.0,53282.15,53667.55,52783.45,53710.35,0,0.0,0.0,0.0,0.0,-0.01,-1,-1,-0.01,-1,-1,-0.01,-1,-1,-0.01,-1,-1,-0.01,-1,-1,-0.01,-1,-1,-0.01,-1,-1,-0.01,-1,-1,-0.01,-1,-1,-0.01,-1,-1
99926009,2026-05-18 15:13:35+05:30,53508.4,0,0.0,0,0.0,0.0,53282.15,53667.55,52783.45,53710.35,0,0.0,0.0,0.0,0.0,-0.01,-1,-1,-0.01,-1,-1,-0.01,-1,-1,-0.01,-1,-1,-0.01,-1,-1,-0.01,-1,-1,-0.01,-1,-1,-0.01,-1,-1,-0.01,-1,-1,-0.01,-1,-1
99926009,2026-05-18 15:13:35+05:30,53507.0,0,0.0,0,0.0,0.0,53282.15,53667.55,52783.45,53710.35,0,0.0,0.0,0.0,0.0,-0.01,-1,-1,-0.01,-1,-1,-0.01,-1,-1,-0.01,-1,-1,-0.01,-1,-1,-0.01,-1,-1,-0.01,-1,-1,-0.01,-1,-1,-0.01,-1,-1,-0.01,-1,-1
99926009,2026-05-18 15:13:36+05:30,53507.0,0,0.0,0,0.0,0.0,53282.15,53667.55,52783.45,53710.35,0,0.0,0.0,0.0,0.0,-0.01,-1,-1,-0.01,-1,-1,-0.01,-1,-1,-0.01,-1,-1,-0.01,-1,-1,-0.01,-1,-1,-0.01,-1,-1,-0.01,-1,-1,-0.01,-1,-1,-0.01,-1,-1
99926009,2026-05-18 15:13:36+05:30,53507.55,0,0.0,0,0.0,0.0,53282.15,53667.55,52783.45,53710.35,0,0.0,0.0,0.0,0.0,-0.01,-1,-1,-0.01,-1,-1,-0.01,-1,-1,-0.01,-1,-1,-0.01,-1,-1,-0.01,-1,-1,-0.01,-1,-1,-0.01,-1,-1,-0.01,-1,-1,-0.01,-1,-1
99926009,2026-05-18 15:13:36+05:30,53505.55,0,0.0,0,0.0,0.0,53282.15,53667.55,52783.45,53710.35,0,0.0,0.0,0.0,0.0,-0.01,-1,-1,-0.01,-1,-1,-0.01,-1,-1,-0.01,-1,-1,-0.01,-1,-1,-0.01,-1,-1,-0.01,-1,-1,-0.01,-1,-1,-0.01,-1,-1,-0.01,-1,-1
99926009,2026-05-18 15:13:37+05:30,53505.55,0,0.0,0,0.0,0.0,53282.15,53667.55,52783.45,53710.35,0,0.0,0.0,0.0,0.0,-0.01,-1,-1,-0.01,-1,-1,-0.01,-1,-1,-0.01,-1,-1,-0.01,-1,-1,-0.01,-1,-1,-0.01,-1,-1,-0.01,-1,-1,-0.01,-1,-1,-0.01,-1,-1
99926009,2026-05-18 15:13:37+05:30,53506.7,0,0.0,0,0.0,0.0,53282.15,53667.55,52783.45,53710.35,0,0.0,0.0,0.0,0.0,-0.01,-1,-1,-0.01,-1,-1,-0.01,-1,-1,-0.01,-1,-1,-0.01,-1,-1,-0.01,-1,-1,-0.01,-1,-1,-0.01,-1,-1,-0.01,-1,-1,-0.01,-1,-1
99926009,2026-05-18 15:13:37+05:30,53505.6,0,0.0,0,0.0,0.0,53282.15,53667.55,52783.45,53710.35,0,0.0,0.0,0.0,0.0,-0.01,-1,-1,-0.01,-1,-1,-0.01,-1,-1,-0.01,-1,-1,-0.01,-1,-1,-0.01,-1,-1,-0.01,-1,-1,-0.01,-1,-1,-0.01,-1,-1,-0.01,-1,-1
99926009,2026-05-18 15:13:38+05:30,53505.6,0,0.0,0,0.0,0.0,53282.15,53667.55,52783.45,53710.35,0,0.0,0.0,0.0,0.0,-0.01,-1,-1,-0.01,-1,-1,-0.01,-1,-1,-0.01,-1,-1,-0.01,-1,-1,-0.01,-1,-1,-0.01,-1,-1,-0.01,-1,-1,-0.01,-1,-1,-0.01,-1,-1
99926009,2026-05-18 15:13:38+05:30,53505.1,0,0.0,0,0.0,0.0,53282.15,53667.55,52783.45,53710.35,0,0.0,0.0,0.0,0.0,-0.01,-1,-1,-0.01,-1,-1,-0.01,-1,-1,-0.01,-1,-1,-0.01,-1,-1,-0.01,-1,-1,-0.01,-1,-1,-0.01,-1,-1,-0.01,-1,-1,-0.01,-1,-1
99926009,2026-05-18 15:13:38+05:30,53506.4,0,0.0,0,0.0,0.0,53282.15,53667.55,52783.45,53710.35,0,0.0,0.0,0.0,0.0,-0.01,-1,-1,-0.01,-1,-1,-0.01,-1,-1,-0.01,-1,-1,-0.01,-1,-1,-0.01,-1,-1,-0.01,-1,-1,-0.01,-1,-1,-0.01,-1,-1,-0.01,-1,-1
99926009,2026-05-18 15:13:39+05:30,53506.4,0,0.0,0,0.0,0.0,53282.15,53667.55,52783.45,53710.35,0,0.0,0.0,0.0,0.0,-0.01,-1,-1,-0.01,-1,-1,-0.01,-1,-1,-0.01,-1,-1,-0.01,-1,-1,-0.01,-1,-1,-0.01,-1,-1,-0.01,-1,-1,-0.01,-1,-1,-0.01,-1,-1
99926009,2026-05-18 15:13:39+05:30,53505.6,0,0.0,0,0.0,0.0,53282.15,53667.55,52783.45,53710.35,0,0.0,0.0,0.0,0.0,-0.01,-1,-1,-0.01,-1,-1,-0.01,-1,-1,-0.01,-1,-1,-0.01,-1,-1,-0.01,-1,-1,-0.01,-1,-1,-0.01,-1,-1,-0.01,-1,-1,-0.01,-1,-1
99926009,2026-05-18 15:13:39+05:30,53508.1,0,0.0,0,0.0,0.0,53282.15,53667.55,52783.45,53710.35,0,0.0,0.0,0.0,0.0,-0.01,-1,-1,-0.01,-1,-1,-0.01,-1,-1,-0.01,-1,-1,-0.01,-1,-1,-0.01,-1,-1,-0.01,-1,-1,-0.01,-1,-1,-0.01,-1,-1,-0.01,-1,-1
99926009,2026-05-18 15:13:40+05:30,53508.1,0,0.0,0,0.0,0.0,53282.15,53667.55,52783.45,53710.35,0,0.0,0.0,0.0,0.0,-0.01,-1,-1,-0.01,-1,-1,-0.01,-1,-1,-0.01,-1,-1,-0.01,-1,-1,-0.01,-1,-1,-0.01,-1,-1,-0.01,-1,-1,-0.01,-1,-1,-0.01,-1,-1
99926009,2026-05-18 15:13:40+05:30,53508.35,0,0.0,0,0.0,0.0,53282.15,53667.55,52783.45,53710.35,0,0.0,0.0,0.0,0.0,-0.01,-1,-1,-0.01,-1,-1,-0.01,-1,-1,-0.01,-1,-1,-0.01,-1,-1,-0.01,-1,-1,-0.01,-1,-1,-0.01,-1,-1,-0.01,-1,-1,-0.01,-1,-1
99926009,2026-05-18 15:13:40+05:30,53506.8,0,0.0,0,0.0,0.0,53282.15,53667.55,52783.45,53710.35,0,0.0,0.0,0.0,0.0,-0.01,-1,-1,-0.01,-1,-1,-0.01,-1,-1,-0.01,-1,-1,-0.01,-1,-1,-0.01,-1,-1,-0.01,-1,-1,-0.01,-1,-1,-0.01,-1,-1,-0.01,-1,-1
99926009,2026-05-18 15:13:41+05:30,53506.8,0,0.0,0,0.0,0.0,53282.15,53667.55,52783.45,53710.35,0,0.0,0.0,0.0,0.0,-0.01,-1,-1,-0.01,-1,-1,-0.01,-1,-1,-0.01,-1,-1,-0.01,-1,-1,-0.01,-1,-1,-0.01,-1,-1,-0.01,-1,-1,-0.01,-1,-1,-0.01,-1,-1
99926009,2026-05-18 15:13:41+05:30,53509.15,0,0.0,0,0.0,0.0,53282.15,53667.55,52783.45,53710.35,0,0.0,0.0,0.0,0.0,-0.01,-1,-1,-0.01,-1,-1,-0.01,-1,-1,-0.01,-1,-1,-0.01,-1,-1,-0.01,-1,-1,-0.01,-1,-1,-0.01,-1,-1,-0.01,-1,-1,-0.01,-1,-1
99926009,2026-05-18 15:13:41+05:30,53508.35,0,0.0,0,0.0,0.0,53282.15,53667.55,52783.45,53710.35,0,0.0,0.0,0.0,0.0,-0.01,-1,-1,-0.01,-1,-1,-0.01,-1,-1,-0.01,-1,-1,-0.01,-1,-1,-0.01,-1,-1,-0.01,-1,-1,-0.01,-1,-1,-0.01,-1,-1,-0.01,-1,-1
99926009,2026-05-18 15:13:42+05:30,53508.35,0,0.0,0,0.0,0.0,53282.15,53667.55,52783.45,53710.35,0,0.0,0.0,0.0,0.0,-0.01,-1,-1,-0.01,-1,-1,-0.01,-1,-1,-0.01,-1,-1,-0.01,-1,-1,-0.01,-1,-1,-0.01,-1,-1,-0.01,-1,-1,-0.01,-1,-1,-0.01,-1,-1
99926009,2026-05-18 15:13:42+05:30,53507.75,0,0.0,0,0.0,0.0,53282.15,53667.55,52783.45,53710.35,0,0.0,0.0,0.0,0.0,-0.01,-1,-1,-0.01,-1,-1,-0.01,-1,-1,-0.01,-1,-1,-0.01,-1,-1,-0.01,-1,-1,-0.01,-1,-1,-0.01,-1,-1,-0.01,-1,-1,-0.01,-1,-1
99926009,2026-05-18 15:13:42+05:30,53505.6,0,0.0,0,0.0,0.0,53282.15,53667.55,52783.45,53710.35,0,0.0,0.0,0.0,0.0,-0.01,-1,-1,-0.01,-1,-1,-0.01,-1,-1,-0.01,-1,-1,-0.01,-1,-1,-0.01,-1,-1,-0.01,-1,-1,-0.01,-1,-1,-0.01,-1,-1,-0.01,-1,-1
99926009,2026-05-18 15:13:43+05:30,53505.6,0,0.0,0,0.0,0.0,53282.15,53667.55,52783.45,53710.35,0,0.0,0.0,0.0,0.0,-0.01,-1,-1,-0.01,-1,-1,-0.01,-1,-1,-0.01,-1,-1,-0.01,-1,-1,-0.01,-1,-1,-0.01,-1,-1,-0.01,-1,-1,-0.01,-1,-1,-0.01,-1,-1
99926009,2026-05-18 15:13:43+05:30,53507.95,0,0.0,0,0.0,0.0,53282.15,53667.55,52783.45,53710.35,0,0.0,0.0,0.0,0.0,-0.01,-1,-1,-0.01,-1,-1,-0.01,-1,-1,-0.01,-1,-1,-0.01,-1,-1,-0.01,-1,-1,-0.01,-1,-1,-0.01,-1,-1,-0.01,-1,-1,-0.01,-1,-1
99926009,2026-05-18 15:13:43+05:30,53508.35,0,0.0,0,0.0,0.0,53282.15,53667.55,52783.45,53710.35,0,0.0,0.0,0.0,0.0,-0.01,-1,-1,-0.01,-1,-1,-0.01,-1,-1,-0.01,-1,-1,-0.01,-1,-1,-0.01,-1,-1,-0.01,-1,-1,-0.01,-1,-1,-0.01,-1,-1,-0.01,-1,-1
99926009,2026-05-18 15:13:44+05:30,53508.35,0,0.0,0,0.0,0.0,53282.15,53667.55,52783.45,53710.35,0,0.0,0.0,0.0,0.0,-0.01,-1,-1,-0.01,-1,-1,-0.01,-1,-1,-0.01,-1,-1,-0.01,-1,-1,-0.01,-1,-1,-0.01,-1,-1,-0.01,-1,-1,-0.01,-1,-1,-0.01,-1,-1
99926009,2026-05-18 15:13:44+05:30,53508.75,0,0.0,0,0.0,0.0,53282.15,53667.55,52783.45,53710.35,0,0.0,0.0,0.0,0.0,-0.01,-1,-1,-0.01,-1,-1,-0.01,-1,-1,-0.01,-1,-1,-0.01,-1,-1,-0.01,-1,-1,-0.01,-1,-1,-0.01,-1,-1,-0.01,-1,-1,-0.01,-1,-1
99926009,2026-05-18 15:13:44+05:30,53510.45,0,0.0,0,0.0,0.0,53282.15,53667.55,52783.45,53710.35,0,0.0,0.0,0.0,0.0,-0.01,-1,-1,-0.01,-1,-1,-0.01,-1,-1,-0.01,-1,-1,-0.01,-1,-1,-0.01,-1,-1,-0.01,-1,-1,-0.01,-1,-1,-0.01,-1,-1,-0.01,-1,-1
99926009,2026-05-18 15:13:45+05:30,53510.45,0,0.0,0,0.0,0.0,53282.15,53667.55,52783.45,53710.35,0,0.0,0.0,0.0,0.0,-0.01,-1,-1,-0.01,-1,-1,-0.01,-1,-1,-0.01,-1,-1,-0.01,-1,-1,-0.01,-1,-1,-0.01,-1,-1,-0.01,-1,-1,-0.01,-1,-1,-0.01,-1,-1
99926009,2026-05-18 15:13:45+05:30,53510.35,0,0.0,0,0.0,0.0,53282.15,53667.55,52783.45,53710.35,0,0.0,0.0,0.0,0.0,-0.01,-1,-1,-0.01,-1,-1,-0.01,-1,-1,-0.01,-1,-1,-0.01,-1,-1,-0.01,-1,-1,-0.01,-1,-1,-0.01,-1,-1,-0.01,-1,-1,-0.01,-1,-1
99926009,2026-05-18 15:13:45+05:30,53510.6,0,0.0,0,0.0,0.0,53282.15,53667.55,52783.45,53710.35,0,0.0,0.0,0.0,0.0,-0.01,-1,-1,-0.01,-1,-1,-0.01,-1,-1,-0.01,-1,-1,-0.01,-1,-1,-0.01,-1,-1,-0.01,-1,-1,-0.01,-1,-1,-0.01,-1,-1,-0.01,-1,-1
99926009,2026-05-18 15:13:46+05:30,53510.6,0,0.0,0,0.0,0.0,53282.15,53667.55,52783.45,53710.35,0,0.0,0.0,0.0,0.0,-0.01,-1,-1,-0.01,-1,-1,-0.01,-1,-1,-0.01,-1,-1,-0.01,-1,-1,-0.01,-1,-1,-0.01,-1,-1,-0.01,-1,-1,-0.01,-1,-1,-0.01,-1,-1
99926009,2026-05-18 15:13:46+05:30,53509.35,0,0.0,0,0.0,0.0,53282.15,53667.55,52783.45,53710.35,0,0.0,0.0,0.0,0.0,-0.01,-1,-1,-0.01,-1,-1,-0.01,-1,-1,-0.01,-1,-1,-0.01,-1,-1,-0.01,-1,-1,-0.01,-1,-1,-0.01,-1,-1,-0.01,-1,-1,-0.01,-1,-1
99926009,2026-05-18 15:13:46+05:30,53508.1,0,0.0,0,0.0,0.0,53282.15,53667.55,52783.45,53710.35,0,0.0,0.0,0.0,0.0,-0.01,-1,-1,-0.01,-1,-1,-0.01,-1,-1,-0.01,-1,-1,-0.01,-1,-1,-0.01,-1,-1,-0.01,-1,-1,-0.01,-1,-1,-0.01,-1,-1,-0.01,-1,-1
99926009,2026-05-18 15:13:47+05:30,53508.1,0,0.0,0,0.0,0.0,53282.15,53667.55,52783.45,53710.35,0,0.0,0.0,0.0,0.0,-0.01,-1,-1,-0.01,-1,-1,-0.01,-1,-1,-0.01,-1,-1,-0.01,-1,-1,-0.01,-1,-1,-0.01,-1,-1,-0.01,-1,-1,-0.01,-1,-1,-0.01,-1,-1
99926009,2026-05-18 15:13:47+05:30,53506.5,0,0.0,0,0.0,0.0,53282.15,53667.55,52783.45,53710.35,0,0.0,0.0,0.0,0.0,-0.01,-1,-1,-0.01,-1,-1,-0.01,-1,-1,-0.01,-1,-1,-0.01,-1,-1,-0.01,-1,-1,-0.01,-1,-1,-0.01,-1,-1,-0.01,-1,-1,-0.01,-1,-1
99926009,2026-05-18 15:13:47+05:30,53507.3,0,0.0,0,0.0,0.0,53282.15,53667.55,52783.45,53710.35,0,0.0,0.0,0.0,0.0,-0.01,-1,-1,-0.01,-1,-1,-0.01,-1,-1,-0.01,-1,-1,-0.01,-1,-1,-0.01,-1,-1,-0.01,-1,-1,-0.01,-1,-1,-0.01,-1,-1,-0.01,-1,-1
99926009,2026-05-18 15:13:48+05:30,53507.3,0,0.0,0,0.0,0.0,53282.15,53667.55,52783.45,53710.35,0,0.0,0.0,0.0,0.0,-0.01,-1,-1,-0.01,-1,-1,-0.01,-1,-1,-0.01,-1,-1,-0.01,-1,-1,-0.01,-1,-1,-0.01,-1,-1,-0.01,-1,-1,-0.01,-1,-1,-0.01,-1,-1
99926009,2026-05-18 15:13:48+05:30,53503.45,0,0.0,0,0.0,0.0,53282.15,53667.55,52783.45,53710.35,0,0.0,0.0,0.0,0.0,-0.01,-1,-1,-0.01,-1,-1,-0.01,-1,-1,-0.01,-1,-1,-0.01,-1,-1,-0.01,-1,-1,-0.01,-1,-1,-0.01,-1,-1,-0.01,-1,-1,-0.01,-1,-1
99926009,2026-05-18 15:13:48+05:30,53505.35,0,0.0,0,0.0,0.0,53282.15,53667.55,52783.45,53710.35,0,0.0,0.0,0.0,0.0,-0.01,-1,-1,-0.01,-1,-1,-0.01,-1,-1,-0.01,-1,-1,-0.01,-1,-1,-0.01,-1,-1,-0.01,-1,-1,-0.01,-1,-1,-0.01,-1,-1,-0.01,-1,-1
99926009,2026-05-18 15:13:49+05:30,53505.35,0,0.0,0,0.0,0.0,53282.15,53667.55,52783.45,53710.35,0,0.0,0.0,0.0,0.0,-0.01,-1,-1,-0.01,-1,-1,-0.01,-1,-1,-0.01,-1,-1,-0.01,-1,-1,-0.01,-1,-1,-0.01,-1,-1,-0.01,-1,-1,-0.01,-1,-1,-0.01,-1,-1
99926009,2026-05-18 15:13:49+05:30,53504.6,0,0.0,0,0.0,0.0,53282.15,53667.55,52783.45,53710.35,0,0.0,0.0,0.0,0.0,-0.01,-1,-1,-0.01,-1,-1,-0.01,-1,-1,-0.01,-1,-1,-0.01,-1,-1,-0.01,-1,-1,-0.01,-1,-1,-0.01,-1,-1,-0.01,-1,-1,-0.01,-1,-1
99926009,2026-05-18 15:13:49+05:30,53506.9,0,0.0,0,0.0,0.0,53282.15,53667.55,52783.45,53710.35,0,0.0,0.0,0.0,0.0,-0.01,-1,-1,-0.01,-1,-1,-0.01,-1,-1,-0.01,-1,-1,-0.01,-1,-1,-0.01,-1,-1,-0.01,-1,-1,-0.01,-1,-1,-0.01,-1,-1,-0.01,-1,-1
99926009,2026-05-18 15:13:50+05:30,53506.9,0,0.0,0,0.0,0.0,53282.15,53667.55,52783.45,53710.35,0,0.0,0.0,0.0,0.0,-0.01,-1,-1,-0.01,-1,-1,-0.01,-1,-1,-0.01,-1,-1,-0.01,-1,-1,-0.01,-1,-1,-0.01,-1,-1,-0.01,-1,-1,-0.01,-1,-1,-0.01,-1,-1
99926009,2026-05-18 15:13:50+05:30,53507.45,0,0.0,0,0.0,0.0,53282.15,53667.55,52783.45,53710.35,0,0.0,0.0,0.0,0.0,-0.01,-1,-1,-0.01,-1,-1,-0.01,-1,-1,-0.01,-1,-1,-0.01,-1,-1,-0.01,-1,-1,-0.01,-1,-1,-0.01,-1,-1,-0.01,-1,-1,-0.01,-1,-1
99926009,2026-05-18 15:13:50+05:30,53507.15,0,0.0,0,0.0,0.0,53282.15,53667.55,52783.45,53710.35,0,0.0,0.0,0.0,0.0,-0.01,-1,-1,-0.01,-1,-1,-0.01,-1,-1,-0.01,-1,-1,-0.01,-1,-1,-0.01,-1,-1,-0.01,-1,-1,-0.01,-1,-1,-0.01,-1,-1,-0.01,-1,-1
99926009,2026-05-18 15:13:51+05:30,53507.15,0,0.0,0,0.0,0.0,53282.15,53667.55,52783.45,53710.35,0,0.0,0.0,0.0,0.0,-0.01,-1,-1,-0.01,-1,-1,-0.01,-1,-1,-0.01,-1,-1,-0.01,-1,-1,-0.01,-1,-1,-0.01,-1,-1,-0.01,-1,-1,-0.01,-1,-1,-0.01,-1,-1
99926009,2026-05-18 15:13:51+05:30,53506.25,0,0.0,0,0.0,0.0,53282.15,53667.55,52783.45,53710.35,0,0.0,0.0,0.0,0.0,-0.01,-1,-1,-0.01,-1,-1,-0.01,-1,-1,-0.01,-1,-1,-0.01,-1,-1,-0.01,-1,-1,-0.01,-1,-1,-0.01,-1,-1,-0.01,-1,-1,-0.01,-1,-1
99926009,2026-05-18 15:13:51+05:30,53504.2,0,0.0,0,0.0,0.0,53282.15,53667.55,52783.45,53710.35,0,0.0,0.0,0.0,0.0,-0.01,-1,-1,-0.01,-1,-1,-0.01,-1,-1,-0.01,-1,-1,-0.01,-1,-1,-0.01,-1,-1,-0.01,-1,-1,-0.01,-1,-1,-0.01,-1,-1,-0.01,-1,-1
99926009,2026-05-18 15:13:52+05:30,53504.2,0,0.0,0,0.0,0.0,53282.15,53667.55,52783.45,53710.35,0,0.0,0.0,0.0,0.0,-0.01,-1,-1,-0.01,-1,-1,-0.01,-1,-1,-0.01,-1,-1,-0.01,-1,-1,-0.01,-1,-1,-0.01,-1,-1,-0.01,-1,-1,-0.01,-1,-1,-0.01,-1,-1
99926009,2026-05-18 15:13:52+05:30,53508.85,0,0.0,0,0.0,0.0,53282.15,53667.55,52783.45,53710.35,0,0.0,0.0,0.0,0.0,-0.01,-1,-1,-0.01,-1,-1,-0.01,-1,-1,-0.01,-1,-1,-0.01,-1,-1,-0.01,-1,-1,-0.01,-1,-1,-0.01,-1,-1,-0.01,-1,-1,-0.01,-1,-1
99926009,2026-05-18 15:13:52+05:30,53506.75,0,0.0,0,0.0,0.0,53282.15,53667.55,52783.45,53710.35,0,0.0,0.0,0.0,0.0,-0.01,-1,-1,-0.01,-1,-1,-0.01,-1,-1,-0.01,-1,-1,-0.01,-1,-1,-0.01,-1,-1,-0.01,-1,-1,-0.01,-1,-1,-0.01,-1,-1,-0.01,-1,-1
99926009,2026-05-18 15:13:53+05:30,53506.75,0,0.0,0,0.0,0.0,53282.15,53667.55,52783.45,53710.35,0,0.0,0.0,0.0,0.0,-0.01,-1,-1,-0.01,-1,-1,-0.01,-1,-1,-0.01,-1,-1,-0.01,-1,-1,-0.01,-1,-1,-0.01,-1,-1,-0.01,-1,-1,-0.01,-1,-1,-0.01,-1,-1
99926009,2026-05-18 15:13:53+05:30,53505.6,0,0.0,0,0.0,0.0,53282.15,53667.55,52783.45,53710.35,0,0.0,0.0,0.0,0.0,-0.01,-1,-1,-0.01,-1,-1,-0.01,-1,-1,-0.01,-1,-1,-0.01,-1,-1,-0.01,-1,-1,-0.01,-1,-1,-0.01,-1,-1,-0.01,-1,-1,-0.01,-1,-1
99926009,2026-05-18 15:13:53+05:30,53507.0,0,0.0,0,0.0,0.0,53282.15,53667.55,52783.45,53710.35,0,0.0,0.0,0.0,0.0,-0.01,-1,-1,-0.01,-1,-1,-0.01,-1,-1,-0.01,-1,-1,-0.01,-1,-1,-0.01,-1,-1,-0.01,-1,-1,-0.01,-1,-1,-0.01,-1,-1,-0.01,-1,-1
99926009,2026-05-18 15:13:54+05:30,53507.0,0,0.0,0,0.0,0.0,53282.15,53667.55,52783.45,53710.35,0,0.0,0.0,0.0,0.0,-0.01,-1,-1,-0.01,-1,-1,-0.01,-1,-1,-0.01,-1,-1,-0.01,-1,-1,-0.01,-1,-1,-0.01,-1,-1,-0.01,-1,-1,-0.01,-1,-1,-0.01,-1,-1
99926009,2026-05-18 15:13:54+05:30,53507.05,0,0.0,0,0.0,0.0,53282.15,53667.55,52783.45,53710.35,0,0.0,0.0,0.0,0.0,-0.01,-1,-1,-0.01,-1,-1,-0.01,-1,-1,-0.01,-1,-1,-0.01,-1,-1,-0.01,-1,-1,-0.01,-1,-1,-0.01,-1,-1,-0.01,-1,-1,-0.01,-1,-1
99926009,2026-05-18 15:13:54+05:30,53506.95,0,0.0,0,0.0,0.0,53282.15,53667.55,52783.45,53710.35,0,0.0,0.0,0.0,0.0,-0.01,-1,-1,-0.01,-1,-1,-0.01,-1,-1,-0.01,-1,-1,-0.01,-1,-1,-0.01,-1,-1,-0.01,-1,-1,-0.01,-1,-1,-0.01,-1,-1,-0.01,-1,-1
99926009,2026-05-18 15:13:55+05:30,53506.95,0,0.0,0,0.0,0.0,53282.15,53667.55,52783.45,53710.35,0,0.0,0.0,0.0,0.0,-0.01,-1,-1,-0.01,-1,-1,-0.01,-1,-1,-0.01,-1,-1,-0.01,-1,-1,-0.01,-1,-1,-0.01,-1,-1,-0.01,-1,-1,-0.01,-1,-1,-0.01,-1,-1
99926009,2026-05-18 15:13:55+05:30,53506.8,0,0.0,0,0.0,0.0,53282.15,53667.55,52783.45,53710.35,0,0.0,0.0,0.0,0.0,-0.01,-1,-1,-0.01,-1,-1,-0.01,-1,-1,-0.01,-1,-1,-0.01,-1,-1,-0.01,-1,-1,-0.01,-1,-1,-0.01,-1,-1,-0.01,-1,-1,-0.01,-1,-1
99926009,2026-05-18 15:13:55+05:30,53504.9,0,0.0,0,0.0,0.0,53282.15,53667.55,52783.45,53710.35,0,0.0,0.0,0.0,0.0,-0.01,-1,-1,-0.01,-1,-1,-0.01,-1,-1,-0.01,-1,-1,-0.01,-1,-1,-0.01,-1,-1,-0.01,-1,-1,-0.01,-1,-1,-0.01,-1,-1,-0.01,-1,-1
99926009,2026-05-18 15:13:56+05:30,53504.9,0,0.0,0,0.0,0.0,53282.15,53667.55,52783.45,53710.35,0,0.0,0.0,0.0,0.0,-0.01,-1,-1,-0.01,-1,-1,-0.01,-1,-1,-0.01,-1,-1,-0.01,-1,-1,-0.01,-1,-1,-0.01,-1,-1,-0.01,-1,-1,-0.01,-1,-1,-0.01,-1,-1
99926009,2026-05-18 15:13:56+05:30,53507.25,0,0.0,0,0.0,0.0,53282.15,53667.55,52783.45,53710.35,0,0.0,0.0,0.0,0.0,-0.01,-1,-1,-0.01,-1,-1,-0.01,-1,-1,-0.01,-1,-1,-0.01,-1,-1,-0.01,-1,-1,-0.01,-1,-1,-0.01,-1,-1,-0.01,-1,-1,-0.01,-1,-1
99926009,2026-05-18 15:13:56+05:30,53504.35,0,0.0,0,0.0,0.0,53282.15,53667.55,52783.45,53710.35,0,0.0,0.0,0.0,0.0,-0.01,-1,-1,-0.01,-1,-1,-0.01,-1,-1,-0.01,-1,-1,-0.01,-1,-1,-0.01,-1,-1,-0.01,-1,-1,-0.01,-1,-1,-0.01,-1,-1,-0.01,-1,-1
99926009,2026-05-18 15:13:57+05:30,53504.35,0,0.0,0,0.0,0.0,53282.15,53667.55,52783.45,53710.35,0,0.0,0.0,0.0,0.0,-0.01,-1,-1,-0.01,-1,-1,-0.01,-1,-1,-0.01,-1,-1,-0.01,-1,-1,-0.01,-1,-1,-0.01,-1,-1,-0.01,-1,-1,-0.01,-1,-1,-0.01,-1,-1
99926009,2026-05-18 15:13:57+05:30,53506.55,0,0.0,0,0.0,0.0,53282.15,53667.55,52783.45,53710.35,0,0.0,0.0,0.0,0.0,-0.01,-1,-1,-0.01,-1,-1,-0.01,-1,-1,-0.01,-1,-1,-0.01,-1,-1,-0.01,-1,-1,-0.01,-1,-1,-0.01,-1,-1,-0.01,-1,-1,-0.01,-1,-1
99926009,2026-05-18 15:13:57+05:30,53504.7,0,0.0,0,0.0,0.0,53282.15,53667.55,52783.45,53710.35,0,0.0,0.0,0.0,0.0,-0.01,-1,-1,-0.01,-1,-1,-0.01,-1,-1,-0.01,-1,-1,-0.01,-1,-1,-0.01,-1,-1,-0.01,-1,-1,-0.01,-1,-1,-0.01,-1,-1,-0.01,-1,-1
99926009,2026-05-18 15:13:58+05:30,53504.7,0,0.0,0,0.0,0.0,53282.15,53667.55,52783.45,53710.35,0,0.0,0.0,0.0,0.0,-0.01,-1,-1,-0.01,-1,-1,-0.01,-1,-1,-0.01,-1,-1,-0.01,-1,-1,-0.01,-1,-1,-0.01,-1,-1,-0.01,-1,-1,-0.01,-1,-1,-0.01,-1,-1
99926009,2026-05-18 15:13:58+05:30,53505.2,0,0.0,0,0.0,0.0,53282.15,53667.55,52783.45,53710.35,0,0.0,0.0,0.0,0.0,-0.01,-1,-1,-0.01,-1,-1,-0.01,-1,-1,-0.01,-1,-1,-0.01,-1,-1,-0.01,-1,-1,-0.01,-1,-1,-0.01,-1,-1,-0.01,-1,-1,-0.01,-1,-1
99926009,2026-05-18 15:13:58+05:30,53503.95,0,0.0,0,0.0,0.0,53282.15,53667.55,52783.45,53710.35,0,0.0,0.0,0.0,0.0,-0.01,-1,-1,-0.01,-1,-1,-0.01,-1,-1,-0.01,-1,-1,-0.01,-1,-1,-0.01,-1,-1,-0.01,-1,-1,-0.01,-1,-1,-0.01,-1,-1,-0.01,-1,-1
99926009,2026-05-18 15:13:59+05:30,53503.95,0,0.0,0,0.0,0.0,53282.15,53667.55,52783.45,53710.35,0,0.0,0.0,0.0,0.0,-0.01,-1,-1,-0.01,-1,-1,-0.01,-1,-1,-0.01,-1,-1,-0.01,-1,-1,-0.01,-1,-1,-0.01,-1,-1,-0.01,-1,-1,-0.01,-1,-1,-0.01,-1,-1
99926009,2026-05-18 15:13:59+05:30,53503.2,0,0.0,0,0.0,0.0,53282.15,53667.55,52783.45,53710.35,0,0.0,0.0,0.0,0.0,-0.01,-1,-1,-0.01,-1,-1,-0.01,-1,-1,-0.01,-1,-1,-0.01,-1,-1,-0.01,-1,-1,-0.01,-1,-1,-0.01,-1,-1,-0.01,-1,-1,-0.01,-1,-1
99926009,2026-05-18 15:13:59+05:30,53504.55,0,0.0,0,0.0,0.0,53282.15,53667.55,52783.45,53710.35,0,0.0,0.0,0.0,0.0,-0.01,-1,-1,-0.01,-1,-1,-0.01,-1,-1,-0.01,-1,-1,-0.01,-1,-1,-0.01,-1,-1,-0.01,-1,-1,-0.01,-1,-1,-0.01,-1,-1,-0.01,-1,-1
99926009,2026-05-18 15:14:00+05:30,53504.55,0,0.0,0,0.0,0.0,53282.15,53667.55,52783.45,53710.35,0,0.0,0.0,0.0,0.0,-0.01,-1,-1,-0.01,-1,-1,-0.01,-1,-1,-0.01,-1,-1,-0.01,-1,-1,-0.01,-1,-1,-0.01,-1,-1,-0.01,-1,-1,-0.01,-1,-1,-0.01,-1,-1
99926009,2026-05-18 15:14:00+05:30,53504.6,0,0.0,0,0.0,0.0,53282.15,53667.55,52783.45,53710.35,0,0.0,0.0,0.0,0.0,-0.01,-1,-1,-0.01,-1,-1,-0.01,-1,-1,-0.01,-1,-1,-0.01,-1,-1,-0.01,-1,-1,-0.01,-1,-1,-0.01,-1,-1,-0.01,-1,-1,-0.01,-1,-1
99926009,2026-05-18 15:14:00+05:30,53505.6,0,0.0,0,0.0,0.0,53282.15,53667.55,52783.45,53710.35,0,0.0,0.0,0.0,0.0,-0.01,-1,-1,-0.01,-1,-1,-0.01,-1,-1,-0.01,-1,-1,-0.01,-1,-1,-0.01,-1,-1,-0.01,-1,-1,-0.01,-1,-1,-0.01,-1,-1,-0.01,-1,-1
99926009,2026-05-18 15:14:01+05:30,53505.6,0,0.0,0,0.0,0.0,53282.15,53667.55,52783.45,53710.35,0,0.0,0.0,0.0,0.0,-0.01,-1,-1,-0.01,-1,-1,-0.01,-1,-1,-0.01,-1,-1,-0.01,-1,-1,-0.01,-1,-1,-0.01,-1,-1,-0.01,-1,-1,-0.01,-1,-1,-0.01,-1,-1
99926009,2026-05-18 15:14:01+05:30,53503.7,0,0.0,0,0.0,0.0,53282.15,53667.55,52783.45,53710.35,0,0.0,0.0,0.0,0.0,-0.01,-1,-1,-0.01,-1,-1,-0.01,-1,-1,-0.01,-1,-1,-0.01,-1,-1,-0.01,-1,-1,-0.01,-1,-1,-0.01,-1,-1,-0.01,-1,-1,-0.01,-1,-1
99926009,2026-05-18 15:14:01+05:30,53505.35,0,0.0,0,0.0,0.0,53282.15,53667.55,52783.45,53710.35,0,0.0,0.0,0.0,0.0,-0.01,-1,-1,-0.01,-1,-1,-0.01,-1,-1,-0.01,-1,-1,-0.01,-1,-1,-0.01,-1,-1,-0.01,-1,-1,-0.01,-1,-1,-0.01,-1,-1,-0.01,-1,-1
99926009,2026-05-18 15:14:02+05:30,53505.35,0,0.0,0,0.0,0.0,53282.15,53667.55,52783.45,53710.35,0,0.0,0.0,0.0,0.0,-0.01,-1,-1,-0.01,-1,-1,-0.01,-1,-1,-0.01,-1,-1,-0.01,-1,-1,-0.01,-1,-1,-0.01,-1,-1,-0.01,-1,-1,-0.01,-1,-1,-0.01,-1,-1
99926009,2026-05-18 15:14:02+05:30,53504.4,0,0.0,0,0.0,0.0,53282.15,53667.55,52783.45,53710.35,0,0.0,0.0,0.0,0.0,-0.01,-1,-1,-0.01,-1,-1,-0.01,-1,-1,-0.01,-1,-1,-0.01,-1,-1,-0.01,-1,-1,-0.01,-1,-1,-0.01,-1,-1,-0.01,-1,-1,-0.01,-1,-1
99926009,2026-05-18 15:14:02+05:30,53503.1,0,0.0,0,0.0,0.0,53282.15,53667.55,52783.45,53710.35,0,0.0,0.0,0.0,0.0,-0.01,-1,-1,-0.01,-1,-1,-0.01,-1,-1,-0.01,-1,-1,-0.01,-1,-1,-0.01,-1,-1,-0.01,-1,-1,-0.01,-1,-1,-0.01,-1,-1,-0.01,-1,-1
99926009,2026-05-18 15:14:03+05:30,53503.1,0,0.0,0,0.0,0.0,53282.15,53667.55,52783.45,53710.35,0,0.0,0.0,0.0,0.0,-0.01,-1,-1,-0.01,-1,-1,-0.01,-1,-1,-0.01,-1,-1,-0.01,-1,-1,-0.01,-1,-1,-0.01,-1,-1,-0.01,-1,-1,-0.01,-1,-1,-0.01,-1,-1
99926009,2026-05-18 15:14:03+05:30,53504.2,0,0.0,0,0.0,0.0,53282.15,53667.55,52783.45,53710.35,0,0.0,0.0,0.0,0.0,-0.01,-1,-1,-0.01,-1,-1,-0.01,-1,-1,-0.01,-1,-1,-0.01,-1,-1,-0.01,-1,-1,-0.01,-1,-1,-0.01,-1,-1,-0.01,-1,-1,-0.01,-1,-1
99926009,2026-05-18 15:14:03+05:30,53508.7,0,0.0,0,0.0,0.0,53282.15,53667.55,52783.45,53710.35,0,0.0,0.0,0.0,0.0,-0.01,-1,-1,-0.01,-1,-1,-0.01,-1,-1,-0.01,-1,-1,-0.01,-1,-1,-0.01,-1,-1,-0.01,-1,-1,-0.01,-1,-1,-0.01,-1,-1,-0.01,-1,-1
99926009,2026-05-18 15:14:04+05:30,53508.7,0,0.0,0,0.0,0.0,53282.15,53667.55,52783.45,53710.35,0,0.0,0.0,0.0,0.0,-0.01,-1,-1,-0.01,-1,-1,-0.01,-1,-1,-0.01,-1,-1,-0.01,-1,-1,-0.01,-1,-1,-0.01,-1,-1,-0.01,-1,-1,-0.01,-1,-1,-0.01,-1,-1
99926009,2026-05-18 15:14:04+05:30,53506.05,0,0.0,0,0.0,0.0,53282.15,53667.55,52783.45,53710.35,0,0.0,0.0,0.0,0.0,-0.01,-1,-1,-0.01,-1,-1,-0.01,-1,-1,-0.01,-1,-1,-0.01,-1,-1,-0.01,-1,-1,-0.01,-1,-1,-0.01,-1,-1,-0.01,-1,-1,-0.01,-1,-1
99926009,2026-05-18 15:14:04+05:30,53508.95,0,0.0,0,0.0,0.0,53282.15,53667.55,52783.45,53710.35,0,0.0,0.0,0.0,0.0,-0.01,-1,-1,-0.01,-1,-1,-0.01,-1,-1,-0.01,-1,-1,-0.01,-1,-1,-0.01,-1,-1,-0.01,-1,-1,-0.01,-1,-1,-0.01,-1,-1,-0.01,-1,-1
99926009,2026-05-18 15:14:05+05:30,53508.95,0,0.0,0,0.0,0.0,53282.15,53667.55,52783.45,53710.35,0,0.0,0.0,0.0,0.0,-0.01,-1,-1,-0.01,-1,-1,-0.01,-1,-1,-0.01,-1,-1,-0.01,-1,-1,-0.01,-1,-1,-0.01,-1,-1,-0.01,-1,-1,-0.01,-1,-1,-0.01,-1,-1
99926009,2026-05-18 15:14:05+05:30,53508.95,0,0.0,0,0.0,0.0,53282.15,53667.55,52783.45,53710.35,0,0.0,0.0,0.0,0.0,-0.01,-1,-1,-0.01,-1,-1,-0.01,-1,-1,-0.01,-1,-1,-0.01,-1,-1,-0.01,-1,-1,-0.01,-1,-1,-0.01,-1,-1,-0.01,-1,-1,-0.01,-1,-1
99926009,2026-05-18 15:14:05+05:30,53507.7,0,0.0,0,0.0,0.0,53282.15,53667.55,52783.45,53710.35,0,0.0,0.0,0.0,0.0,-0.01,-1,-1,-0.01,-1,-1,-0.01,-1,-1,-0.01,-1,-1,-0.01,-1,-1,-0.01,-1,-1,-0.01,-1,-1,-0.01,-1,-1,-0.01,-1,-1,-0.01,-1,-1
99926009,2026-05-18 15:14:06+05:30,53507.7,0,0.0,0,0.0,0.0,53282.15,53667.55,52783.45,53710.35,0,0.0,0.0,0.0,0.0,-0.01,-1,-1,-0.01,-1,-1,-0.01,-1,-1,-0.01,-1,-1,-0.01,-1,-1,-0.01,-1,-1,-0.01,-1,-1,-0.01,-1,-1,-0.01,-1,-1,-0.01,-1,-1
99926009,2026-05-18 15:14:06+05:30,53506.2,0,0.0,0,0.0,0.0,53282.15,53667.55,52783.45,53710.35,0,0.0,0.0,0.0,0.0,-0.01,-1,-1,-0.01,-1,-1,-0.01,-1,-1,-0.01,-1,-1,-0.01,-1,-1,-0.01,-1,-1,-0.01,-1,-1,-0.01,-1,-1,-0.01,-1,-1,-0.01,-1,-1
99926009,2026-05-18 15:14:06+05:30,53503.7,0,0.0,0,0.0,0.0,53282.15,53667.55,52783.45,53710.35,0,0.0,0.0,0.0,0.0,-0.01,-1,-1,-0.01,-1,-1,-0.01,-1,-1,-0.01,-1,-1,-0.01,-1,-1,-0.01,-1,-1,-0.01,-1,-1,-0.01,-1,-1,-0.01,-1,-1,-0.01,-1,-1
99926009,2026-05-18 15:14:07+05:30,53503.7,0,0.0,0,0.0,0.0,53282.15,53667.55,52783.45,53710.35,0,0.0,0.0,0.0,0.0,-0.01,-1,-1,-0.01,-1,-1,-0.01,-1,-1,-0.01,-1,-1,-0.01,-1,-1,-0.01,-1,-1,-0.01,-1,-1,-0.01,-1,-1,-0.01,-1,-1,-0.01,-1,-1
99926009,2026-05-18 15:14:07+05:30,53503.5,0,0.0,0,0.0,0.0,53282.15,53667.55,52783.45,53710.35,0,0.0,0.0,0.0,0.0,-0.01,-1,-1,-0.01,-1,-1,-0.01,-1,-1,-0.01,-1,-1,-0.01,-1,-1,-0.01,-1,-1,-0.01,-1,-1,-0.01,-1,-1,-0.01,-1,-1,-0.01,-1,-1
99926009,2026-05-18 15:14:07+05:30,53504.75,0,0.0,0,0.0,0.0,53282.15,53667.55,52783.45,53710.35,0,0.0,0.0,0.0,0.0,-0.01,-1,-1,-0.01,-1,-1,-0.01,-1,-1,-0.01,-1,-1,-0.01,-1,-1,-0.01,-1,-1,-0.01,-1,-1,-0.01,-1,-1,-0.01,-1,-1,-0.01,-1,-1
99926009,2026-05-18 15:14:08+05:30,53504.75,0,0.0,0,0.0,0.0,53282.15,53667.55,52783.45,53710.35,0,0.0,0.0,0.0,0.0,-0.01,-1,-1,-0.01,-1,-1,-0.01,-1,-1,-0.01,-1,-1,-0.01,-1,-1,-0.01,-1,-1,-0.01,-1,-1,-0.01,-1,-1,-0.01,-1,-1,-0.01,-1,-1
99926009,2026-05-18 15:14:08+05:30,53504.15,0,0.0,0,0.0,0.0,53282.15,53667.55,52783.45,53710.35,0,0.0,0.0,0.0,0.0,-0.01,-1,-1,-0.01,-1,-1,-0.01,-1,-1,-0.01,-1,-1,-0.01,-1,-1,-0.01,-1,-1,-0.01,-1,-1,-0.01,-1,-1,-0.01,-1,-1,-0.01,-1,-1
99926009,2026-05-18 15:14:08+05:30,53505.95,0,0.0,0,0.0,0.0,53282.15,53667.55,52783.45,53710.35,0,0.0,0.0,0.0,0.0,-0.01,-1,-1,-0.01,-1,-1,-0.01,-1,-1,-0.01,-1,-1,-0.01,-1,-1,-0.01,-1,-1,-0.01,-1,-1,-0.01,-1,-1,-0.01,-1,-1,-0.01,-1,-1
99926009,2026-05-18 15:14:09+05:30,53505.95,0,0.0,0,0.0,0.0,53282.15,53667.55,52783.45,53710.35,0,0.0,0.0,0.0,0.0,-0.01,-1,-1,-0.01,-1,-1,-0.01,-1,-1,-0.01,-1,-1,-0.01,-1,-1,-0.01,-1,-1,-0.01,-1,-1,-0.01,-1,-1,-0.01,-1,-1,-0.01,-1,-1
99926009,2026-05-18 15:14:09+05:30,53504.7,0,0.0,0,0.0,0.0,53282.15,53667.55,52783.45,53710.35,0,0.0,0.0,0.0,0.0,-0.01,-1,-1,-0.01,-1,-1,-0.01,-1,-1,-0.01,-1,-1,-0.01,-1,-1,-0.01,-1,-1,-0.01,-1,-1,-0.01,-1,-1,-0.01,-1,-1,-0.01,-1,-1
99926009,2026-05-18 15:14:09+05:30,53505.6,0,0.0,0,0.0,0.0,53282.15,53667.55,52783.45,53710.35,0,0.0,0.0,0.0,0.0,-0.01,-1,-1,-0.01,-1,-1,-0.01,-1,-1,-0.01,-1,-1,-0.01,-1,-1,-0.01,-1,-1,-0.01,-1,-1,-0.01,-1,-1,-0.01,-1,-1,-0.01,-1,-1
99926009,2026-05-18 15:14:10+05:30,53505.6,0,0.0,0,0.0,0.0,53282.15,53667.55,52783.45,53710.35,0,0.0,0.0,0.0,0.0,-0.01,-1,-1,-0.01,-1,-1,-0.01,-1,-1,-0.01,-1,-1,-0.01,-1,-1,-0.01,-1,-1,-0.01,-1,-1,-0.01,-1,-1,-0.01,-1,-1,-0.01,-1,-1
99926009,2026-05-18 15:14:10+05:30,53506.5,0,0.0,0,0.0,0.0,53282.15,53667.55,52783.45,53710.35,0,0.0,0.0,0.0,0.0,-0.01,-1,-1,-0.01,-1,-1,-0.01,-1,-1,-0.01,-1,-1,-0.01,-1,-1,-0.01,-1,-1,-0.01,-1,-1,-0.01,-1,-1,-0.01,-1,-1,-0.01,-1,-1
99926009,2026-05-18 15:14:10+05:30,53506.3,0,0.0,0,0.0,0.0,53282.15,53667.55,52783.45,53710.35,0,0.0,0.0,0.0,0.0,-0.01,-1,-1,-0.01,-1,-1,-0.01,-1,-1,-0.01,-1,-1,-0.01,-1,-1,-0.01,-1,-1,-0.01,-1,-1,-0.01,-1,-1,-0.01,-1,-1,-0.01,-1,-1
99926009,2026-05-18 15:14:11+05:30,53506.3,0,0.0,0,0.0,0.0,53282.15,53667.55,52783.45,53710.35,0,0.0,0.0,0.0,0.0,-0.01,-1,-1,-0.01,-1,-1,-0.01,-1,-1,-0.01,-1,-1,-0.01,-1,-1,-0.01,-1,-1,-0.01,-1,-1,-0.01,-1,-1,-0.01,-1,-1,-0.01,-1,-1
99926009,2026-05-18 15:14:11+05:30,53509.5,0,0.0,0,0.0,0.0,53282.15,53667.55,52783.45,53710.35,0,0.0,0.0,0.0,0.0,-0.01,-1,-1,-0.01,-1,-1,-0.01,-1,-1,-0.01,-1,-1,-0.01,-1,-1,-0.01,-1,-1,-0.01,-1,-1,-0.01,-1,-1,-0.01,-1,-1,-0.01,-1,-1
99926009,2026-05-18 15:14:11+05:30,53507.0,0,0.0,0,0.0,0.0,53282.15,53667.55,52783.45,53710.35,0,0.0,0.0,0.0,0.0,-0.01,-1,-1,-0.01,-1,-1,-0.01,-1,-1,-0.01,-1,-1,-0.01,-1,-1,-0.01,-1,-1,-0.01,-1,-1,-0.01,-1,-1,-0.01,-1,-1,-0.01,-1,-1
99926009,2026-05-18 15:14:12+05:30,53507.0,0,0.0,0,0.0,0.0,53282.15,53667.55,52783.45,53710.35,0,0.0,0.0,0.0,0.0,-0.01,-1,-1,-0.01,-1,-1,-0.01,-1,-1,-0.01,-1,-1,-0.01,-1,-1,-0.01,-1,-1,-0.01,-1,-1,-0.01,-1,-1,-0.01,-1,-1,-0.01,-1,-1
99926009,2026-05-18 15:14:12+05:30,53507.5,0,0.0,0,0.0,0.0,53282.15,53667.55,52783.45,53710.35,0,0.0,0.0,0.0,0.0,-0.01,-1,-1,-0.01,-1,-1,-0.01,-1,-1,-0.01,-1,-1,-0.01,-1,-1,-0.01,-1,-1,-0.01,-1,-1,-0.01,-1,-1,-0.01,-1,-1,-0.01,-1,-1
99926009,2026-05-18 15:14:12+05:30,53508.35,0,0.0,0,0.0,0.0,53282.15,53667.55,52783.45,53710.35,0,0.0,0.0,0.0,0.0,-0.01,-1,-1,-0.01,-1,-1,-0.01,-1,-1,-0.01,-1,-1,-0.01,-1,-1,-0.01,-1,-1,-0.01,-1,-1,-0.01,-1,-1,-0.01,-1,-1,-0.01,-1,-1
99926009,2026-05-18 15:14:13+05:30,53508.35,0,0.0,0,0.0,0.0,53282.15,53667.55,52783.45,53710.35,0,0.0,0.0,0.0,0.0,-0.01,-1,-1,-0.01,-1,-1,-0.01,-1,-1,-0.01,-1,-1,-0.01,-1,-1,-0.01,-1,-1,-0.01,-1,-1,-0.01,-1,-1,-0.01,-1,-1,-0.01,-1,-1
99926009,2026-05-18 15:14:13+05:30,53508.3,0,0.0,0,0.0,0.0,53282.15,53667.55,52783.45,53710.35,0,0.0,0.0,0.0,0.0,-0.01,-1,-1,-0.01,-1,-1,-0.01,-1,-1,-0.01,-1,-1,-0.01,-1,-1,-0.01,-1,-1,-0.01,-1,-1,-0.01,-1,-1,-0.01,-1,-1,-0.01,-1,-1
99926009,2026-05-18 15:14:13+05:30,53507.75,0,0.0,0,0.0,0.0,53282.15,53667.55,52783.45,53710.35,0,0.0,0.0,0.0,0.0,-0.01,-1,-1,-0.01,-1,-1,-0.01,-1,-1,-0.01,-1,-1,-0.01,-1,-1,-0.01,-1,-1,-0.01,-1,-1,-0.01,-1,-1,-0.01,-1,-1,-0.01,-1,-1
99926009,2026-05-18 15:14:14+05:30,53507.75,0,0.0,0,0.0,0.0,53282.15,53667.55,52783.45,53710.35,0,0.0,0.0,0.0,0.0,-0.01,-1,-1,-0.01,-1,-1,-0.01,-1,-1,-0.01,-1,-1,-0.01,-1,-1,-0.01,-1,-1,-0.01,-1,-1,-0.01,-1,-1,-0.01,-1,-1,-0.01,-1,-1
99926009,2026-05-18 15:14:14+05:30,53507.4,0,0.0,0,0.0,0.0,53282.15,53667.55,52783.45,53710.35,0,0.0,0.0,0.0,0.0,-0.01,-1,-1,-0.01,-1,-1,-0.01,-1,-1,-0.01,-1,-1,-0.01,-1,-1,-0.01,-1,-1,-0.01,-1,-1,-0.01,-1,-1,-0.01,-1,-1,-0.01,-1,-1
99926009,2026-05-18 15:14:14+05:30,53507.25,0,0.0,0,0.0,0.0,53282.15,53667.55,52783.45,53710.35,0,0.0,0.0,0.0,0.0,-0.01,-1,-1,-0.01,-1,-1,-0.01,-1,-1,-0.01,-1,-1,-0.01,-1,-1,-0.01,-1,-1,-0.01,-1,-1,-0.01,-1,-1,-0.01,-1,-1,-0.01,-1,-1
99926009,2026-05-18 15:14:15+05:30,53507.25,0,0.0,0,0.0,0.0,53282.15,53667.55,52783.45,53710.35,0,0.0,0.0,0.0,0.0,-0.01,-1,-1,-0.01,-1,-1,-0.01,-1,-1,-0.01,-1,-1,-0.01,-1,-1,-0.01,-1,-1,-0.01,-1,-1,-0.01,-1,-1,-0.01,-1,-1,-0.01,-1,-1
99926009,2026-05-18 15:14:15+05:30,53511.2,0,0.0,0,0.0,0.0,53282.15,53667.55,52783.45,53710.35,0,0.0,0.0,0.0,0.0,-0.01,-1,-1,-0.01,-1,-1,-0.01,-1,-1,-0.01,-1,-1,-0.01,-1,-1,-0.01,-1,-1,-0.01,-1,-1,-0.01,-1,-1,-0.01,-1,-1,-0.01,-1,-1
99926009,2026-05-18 15:14:15+05:30,53511.5,0,0.0,0,0.0,0.0,53282.15,53667.55,52783.45,53710.35,0,0.0,0.0,0.0,0.0,-0.01,-1,-1,-0.01,-1,-1,-0.01,-1,-1,-0.01,-1,-1,-0.01,-1,-1,-0.01,-1,-1,-0.01,-1,-1,-0.01,-1,-1,-0.01,-1,-1,-0.01,-1,-1
99926009,2026-05-18 15:14:16+05:30,53511.5,0,0.0,0,0.0,0.0,53282.15,53667.55,52783.45,53710.35,0,0.0,0.0,0.0,0.0,-0.01,-1,-1,-0.01,-1,-1,-0.01,-1,-1,-0.01,-1,-1,-0.01,-1,-1,-0.01,-1,-1,-0.01,-1,-1,-0.01,-1,-1,-0.01,-1,-1,-0.01,-1,-1
99926009,2026-05-18 15:14:16+05:30,53509.3,0,0.0,0,0.0,0.0,53282.15,53667.55,52783.45,53710.35,0,0.0,0.0,0.0,0.0,-0.01,-1,-1,-0.01,-1,-1,-0.01,-1,-1,-0.01,-1,-1,-0.01,-1,-1,-0.01,-1,-1,-0.01,-1,-1,-0.01,-1,-1,-0.01,-1,-1,-0.01,-1,-1
99926009,2026-05-18 15:14:16+05:30,53508.9,0,0.0,0,0.0,0.0,53282.15,53667.55,52783.45,53710.35,0,0.0,0.0,0.0,0.0,-0.01,-1,-1,-0.01,-1,-1,-0.01,-1,-1,-0.01,-1,-1,-0.01,-1,-1,-0.01,-1,-1,-0.01,-1,-1,-0.01,-1,-1,-0.01,-1,-1,-0.01,-1,-1
99926009,2026-05-18 15:14:17+05:30,53508.9,0,0.0,0,0.0,0.0,53282.15,53667.55,52783.45,53710.35,0,0.0,0.0,0.0,0.0,-0.01,-1,-1,-0.01,-1,-1,-0.01,-1,-1,-0.01,-1,-1,-0.01,-1,-1,-0.01,-1,-1,-0.01,-1,-1,-0.01,-1,-1,-0.01,-1,-1,-0.01,-1,-1
99926009,2026-05-18 15:14:17+05:30,53509.4,0,0.0,0,0.0,0.0,53282.15,53667.55,52783.45,53710.35,0,0.0,0.0,0.0,0.0,-0.01,-1,-1,-0.01,-1,-1,-0.01,-1,-1,-0.01,-1,-1,-0.01,-1,-1,-0.01,-1,-1,-0.01,-1,-1,-0.01,-1,-1,-0.01,-1,-1,-0.01,-1,-1
99926009,2026-05-18 15:14:17+05:30,53507.4,0,0.0,0,0.0,0.0,53282.15,53667.55,52783.45,53710.35,0,0.0,0.0,0.0,0.0,-0.01,-1,-1,-0.01,-1,-1,-0.01,-1,-1,-0.01,-1,-1,-0.01,-1,-1,-0.01,-1,-1,-0.01,-1,-1,-0.01,-1,-1,-0.01,-1,-1,-0.01,-1,-1
99926009,2026-05-18 15:14:18+05:30,53507.4,0,0.0,0,0.0,0.0,53282.15,53667.55,52783.45,53710.35,0,0.0,0.0,0.0,0.0,-0.01,-1,-1,-0.01,-1,-1,-0.01,-1,-1,-0.01,-1,-1,-0.01,-1,-1,-0.01,-1,-1,-0.01,-1,-1,-0.01,-1,-1,-0.01,-1,-1,-0.01,-1,-1
99926009,2026-05-18 15:14:18+05:30,53513.15,0,0.0,0,0.0,0.0,53282.15,53667.55,52783.45,53710.35,0,0.0,0.0,0.0,0.0,-0.01,-1,-1,-0.01,-1,-1,-0.01,-1,-1,-0.01,-1,-1,-0.01,-1,-1,-0.01,-1,-1,-0.01,-1,-1,-0.01,-1,-1,-0.01,-1,-1,-0.01,-1,-1
99926009,2026-05-18 15:14:18+05:30,53507.3,0,0.0,0,0.0,0.0,53282.15,53667.55,52783.45,53710.35,0,0.0,0.0,0.0,0.0,-0.01,-1,-1,-0.01,-1,-1,-0.01,-1,-1,-0.01,-1,-1,-0.01,-1,-1,-0.01,-1,-1,-0.01,-1,-1,-0.01,-1,-1,-0.01,-1,-1,-0.01,-1,-1
99926009,2026-05-18 15:14:19+05:30,53507.3,0,0.0,0,0.0,0.0,53282.15,53667.55,52783.45,53710.35,0,0.0,0.0,0.0,0.0,-0.01,-1,-1,-0.01,-1,-1,-0.01,-1,-1,-0.01,-1,-1,-0.01,-1,-1,-0.01,-1,-1,-0.01,-1,-1,-0.01,-1,-1,-0.01,-1,-1,-0.01,-1,-1
99926009,2026-05-18 15:14:19+05:30,53512.05,0,0.0,0,0.0,0.0,53282.15,53667.55,52783.45,53710.35,0,0.0,0.0,0.0,0.0,-0.01,-1,-1,-0.01,-1,-1,-0.01,-1,-1,-0.01,-1,-1,-0.01,-1,-1,-0.01,-1,-1,-0.01,-1,-1,-0.01,-1,-1,-0.01,-1,-1,-0.01,-1,-1
99926009,2026-05-18 15:14:19+05:30,53510.9,0,0.0,0,0.0,0.0,53282.15,53667.55,52783.45,53710.35,0,0.0,0.0,0.0,0.0,-0.01,-1,-1,-0.01,-1,-1,-0.01,-1,-1,-0.01,-1,-1,-0.01,-1,-1,-0.01,-1,-1,-0.01,-1,-1,-0.01,-1,-1,-0.01,-1,-1,-0.01,-1,-1
99926009,2026-05-18 15:14:20+05:30,53510.9,0,0.0,0,0.0,0.0,53282.15,53667.55,52783.45,53710.35,0,0.0,0.0,0.0,0.0,-0.01,-1,-1,-0.01,-1,-1,-0.01,-1,-1,-0.01,-1,-1,-0.01,-1,-1,-0.01,-1,-1,-0.01,-1,-1,-0.01,-1,-1,-0.01,-1,-1,-0.01,-1,-1
99926009,2026-05-18 15:14:20+05:30,53513.45,0,0.0,0,0.0,0.0,53282.15,53667.55,52783.45,53710.35,0,0.0,0.0,0.0,0.0,-0.01,-1,-1,-0.01,-1,-1,-0.01,-1,-1,-0.01,-1,-1,-0.01,-1,-1,-0.01,-1,-1,-0.01,-1,-1,-0.01,-1,-1,-0.01,-1,-1,-0.01,-1,-1
99926009,2026-05-18 15:14:20+05:30,53508.55,0,0.0,0,0.0,0.0,53282.15,53667.55,52783.45,53710.35,0,0.0,0.0,0.0,0.0,-0.01,-1,-1,-0.01,-1,-1,-0.01,-1,-1,-0.01,-1,-1,-0.01,-1,-1,-0.01,-1,-1,-0.01,-1,-1,-0.01,-1,-1,-0.01,-1,-1,-0.01,-1,-1
99926009,2026-05-18 15:14:21+05:30,53508.55,0,0.0,0,0.0,0.0,53282.15,53667.55,52783.45,53710.35,0,0.0,0.0,0.0,0.0,-0.01,-1,-1,-0.01,-1,-1,-0.01,-1,-1,-0.01,-1,-1,-0.01,-1,-1,-0.01,-1,-1,-0.01,-1,-1,-0.01,-1,-1,-0.01,-1,-1,-0.01,-1,-1
99926009,2026-05-18 15:14:21+05:30,53510.75,0,0.0,0,0.0,0.0,53282.15,53667.55,52783.45,53710.35,0,0.0,0.0,0.0,0.0,-0.01,-1,-1,-0.01,-1,-1,-0.01,-1,-1,-0.01,-1,-1,-0.01,-1,-1,-0.01,-1,-1,-0.01,-1,-1,-0.01,-1,-1,-0.01,-1,-1,-0.01,-1,-1
99926009,2026-05-18 15:14:21+05:30,53509.95,0,0.0,0,0.0,0.0,53282.15,53667.55,52783.45,53710.35,0,0.0,0.0,0.0,0.0,-0.01,-1,-1,-0.01,-1,-1,-0.01,-1,-1,-0.01,-1,-1,-0.01,-1,-1,-0.01,-1,-1,-0.01,-1,-1,-0.01,-1,-1,-0.01,-1,-1,-0.01,-1,-1
99926009,2026-05-18 15:14:22+05:30,53509.95,0,0.0,0,0.0,0.0,53282.15,53667.55,52783.45,53710.35,0,0.0,0.0,0.0,0.0,-0.01,-1,-1,-0.01,-1,-1,-0.01,-1,-1,-0.01,-1,-1,-0.01,-1,-1,-0.01,-1,-1,-0.01,-1,-1,-0.01,-1,-1,-0.01,-1,-1,-0.01,-1,-1
99926009,2026-05-18 15:14:22+05:30,53508.4,0,0.0,0,0.0,0.0,53282.15,53667.55,52783.45,53710.35,0,0.0,0.0,0.0,0.0,-0.01,-1,-1,-0.01,-1,-1,-0.01,-1,-1,-0.01,-1,-1,-0.01,-1,-1,-0.01,-1,-1,-0.01,-1,-1,-0.01,-1,-1,-0.01,-1,-1,-0.01,-1,-1
99926009,2026-05-18 15:14:22+05:30,53507.4,0,0.0,0,0.0,0.0,53282.15,53667.55,52783.45,53710.35,0,0.0,0.0,0.0,0.0,-0.01,-1,-1,-0.01,-1,-1,-0.01,-1,-1,-0.01,-1,-1,-0.01,-1,-1,-0.01,-1,-1,-0.01,-1,-1,-0.01,-1,-1,-0.01,-1,-1,-0.01,-1,-1
99926009,2026-05-18 15:14:23+05:30,53507.4,0,0.0,0,0.0,0.0,53282.15,53667.55,52783.45,53710.35,0,0.0,0.0,0.0,0.0,-0.01,-1,-1,-0.01,-1,-1,-0.01,-1,-1,-0.01,-1,-1,-0.01,-1,-1,-0.01,-1,-1,-0.01,-1,-1,-0.01,-1,-1,-0.01,-1,-1,-0.01,-1,-1
99926009,2026-05-18 15:14:23+05:30,53506.7,0,0.0,0,0.0,0.0,53282.15,53667.55,52783.45,53710.35,0,0.0,0.0,0.0,0.0,-0.01,-1,-1,-0.01,-1,-1,-0.01,-1,-1,-0.01,-1,-1,-0.01,-1,-1,-0.01,-1,-1,-0.01,-1,-1,-0.01,-1,-1,-0.01,-1,-1,-0.01,-1,-1
99926009,2026-05-18 15:14:23+05:30,53508.15,0,0.0,0,0.0,0.0,53282.15,53667.55,52783.45,53710.35,0,0.0,0.0,0.0,0.0,-0.01,-1,-1,-0.01,-1,-1,-0.01,-1,-1,-0.01,-1,-1,-0.01,-1,-1,-0.01,-1,-1,-0.01,-1,-1,-0.01,-1,-1,-0.01,-1,-1,-0.01,-1,-1
99926009,2026-05-18 15:14:24+05:30,53508.15,0,0.0,0,0.0,0.0,53282.15,53667.55,52783.45,53710.35,0,0.0,0.0,0.0,0.0,-0.01,-1,-1,-0.01,-1,-1,-0.01,-1,-1,-0.01,-1,-1,-0.01,-1,-1,-0.01,-1,-1,-0.01,-1,-1,-0.01,-1,-1,-0.01,-1,-1,-0.01,-1,-1
99926009,2026-05-18 15:14:24+05:30,53506.35,0,0.0,0,0.0,0.0,53282.15,53667.55,52783.45,53710.35,0,0.0,0.0,0.0,0.0,-0.01,-1,-1,-0.01,-1,-1,-0.01,-1,-1,-0.01,-1,-1,-0.01,-1,-1,-0.01,-1,-1,-0.01,-1,-1,-0.01,-1,-1,-0.01,-1,-1,-0.01,-1,-1
99926009,2026-05-18 15:14:24+05:30,53509.75,0,0.0,0,0.0,0.0,53282.15,53667.55,52783.45,53710.35,0,0.0,0.0,0.0,0.0,-0.01,-1,-1,-0.01,-1,-1,-0.01,-1,-1,-0.01,-1,-1,-0.01,-1,-1,-0.01,-1,-1,-0.01,-1,-1,-0.01,-1,-1,-0.01,-1,-1,-0.01,-1,-1
99926009,2026-05-18 15:14:25+05:30,53509.75,0,0.0,0,0.0,0.0,53282.15,53667.55,52783.45,53710.35,0,0.0,0.0,0.0,0.0,-0.01,-1,-1,-0.01,-1,-1,-0.01,-1,-1,-0.01,-1,-1,-0.01,-1,-1,-0.01,-1,-1,-0.01,-1,-1,-0.01,-1,-1,-0.01,-1,-1,-0.01,-1,-1
99926009,2026-05-18 15:14:25+05:30,53509.05,0,0.0,0,0.0,0.0,53282.15,53667.55,52783.45,53710.35,0,0.0,0.0,0.0,0.0,-0.01,-1,-1,-0.01,-1,-1,-0.01,-1,-1,-0.01,-1,-1,-0.01,-1,-1,-0.01,-1,-1,-0.01,-1,-1,-0.01,-1,-1,-0.01,-1,-1,-0.01,-1,-1
99926009,2026-05-18 15:14:25+05:30,53507.95,0,0.0,0,0.0,0.0,53282.15,53667.55,52783.45,53710.35,0,0.0,0.0,0.0,0.0,-0.01,-1,-1,-0.01,-1,-1,-0.01,-1,-1,-0.01,-1,-1,-0.01,-1,-1,-0.01,-1,-1,-0.01,-1,-1,-0.01,-1,-1,-0.01,-1,-1,-0.01,-1,-1
99926009,2026-05-18 15:14:26+05:30,53507.95,0,0.0,0,0.0,0.0,53282.15,53667.55,52783.45,53710.35,0,0.0,0.0,0.0,0.0,-0.01,-1,-1,-0.01,-1,-1,-0.01,-1,-1,-0.01,-1,-1,-0.01,-1,-1,-0.01,-1,-1,-0.01,-1,-1,-0.01,-1,-1,-0.01,-1,-1,-0.01,-1,-1
99926009,2026-05-18 15:14:26+05:30,53510.1,0,0.0,0,0.0,0.0,53282.15,53667.55,52783.45,53710.35,0,0.0,0.0,0.0,0.0,-0.01,-1,-1,-0.01,-1,-1,-0.01,-1,-1,-0.01,-1,-1,-0.01,-1,-1,-0.01,-1,-1,-0.01,-1,-1,-0.01,-1,-1,-0.01,-1,-1,-0.01,-1,-1
99926009,2026-05-18 15:14:26+05:30,53511.7,0,0.0,0,0.0,0.0,53282.15,53667.55,52783.45,53710.35,0,0.0,0.0,0.0,0.0,-0.01,-1,-1,-0.01,-1,-1,-0.01,-1,-1,-0.01,-1,-1,-0.01,-1,-1,-0.01,-1,-1,-0.01,-1,-1,-0.01,-1,-1,-0.01,-1,-1,-0.01,-1,-1
99926009,2026-05-18 15:14:27+05:30,53511.7,0,0.0,0,0.0,0.0,53282.15,53667.55,52783.45,53710.35,0,0.0,0.0,0.0,0.0,-0.01,-1,-1,-0.01,-1,-1,-0.01,-1,-1,-0.01,-1,-1,-0.01,-1,-1,-0.01,-1,-1,-0.01,-1,-1,-0.01,-1,-1,-0.01,-1,-1,-0.01,-1,-1
99926009,2026-05-18 15:14:27+05:30,53512.8,0,0.0,0,0.0,0.0,53282.15,53667.55,52783.45,53710.35,0,0.0,0.0,0.0,0.0,-0.01,-1,-1,-0.01,-1,-1,-0.01,-1,-1,-0.01,-1,-1,-0.01,-1,-1,-0.01,-1,-1,-0.01,-1,-1,-0.01,-1,-1,-0.01,-1,-1,-0.01,-1,-1
99926009,2026-05-18 15:14:27+05:30,53512.25,0,0.0,0,0.0,0.0,53282.15,53667.55,52783.45,53710.35,0,0.0,0.0,0.0,0.0,-0.01,-1,-1,-0.01,-1,-1,-0.01,-1,-1,-0.01,-1,-1,-0.01,-1,-1,-0.01,-1,-1,-0.01,-1,-1,-0.01,-1,-1,-0.01,-1,-1,-0.01,-1,-1
99926009,2026-05-18 15:14:28+05:30,53512.25,0,0.0,0,0.0,0.0,53282.15,53667.55,52783.45,53710.35,0,0.0,0.0,0.0,0.0,-0.01,-1,-1,-0.01,-1,-1,-0.01,-1,-1,-0.01,-1,-1,-0.01,-1,-1,-0.01,-1,-1,-0.01,-1,-1,-0.01,-1,-1,-0.01,-1,-1,-0.01,-1,-1
99926009,2026-05-18 15:14:28+05:30,53515.15,0,0.0,0,0.0,0.0,53282.15,53667.55,52783.45,53710.35,0,0.0,0.0,0.0,0.0,-0.01,-1,-1,-0.01,-1,-1,-0.01,-1,-1,-0.01,-1,-1,-0.01,-1,-1,-0.01,-1,-1,-0.01,-1,-1,-0.01,-1,-1,-0.01,-1,-1,-0.01,-1,-1
99926009,2026-05-18 15:14:28+05:30,53515.2,0,0.0,0,0.0,0.0,53282.15,53667.55,52783.45,53710.35,0,0.0,0.0,0.0,0.0,-0.01,-1,-1,-0.01,-1,-1,-0.01,-1,-1,-0.01,-1,-1,-0.01,-1,-1,-0.01,-1,-1,-0.01,-1,-1,-0.01,-1,-1,-0.01,-1,-1,-0.01,-1,-1
99926009,2026-05-18 15:14:29+05:30,53515.2,0,0.0,0,0.0,0.0,53282.15,53667.55,52783.45,53710.35,0,0.0,0.0,0.0,0.0,-0.01,-1,-1,-0.01,-1,-1,-0.01,-1,-1,-0.01,-1,-1,-0.01,-1,-1,-0.01,-1,-1,-0.01,-1,-1,-0.01,-1,-1,-0.01,-1,-1,-0.01,-1,-1
99926009,2026-05-18 15:14:29+05:30,53514.15,0,0.0,0,0.0,0.0,53282.15,53667.55,52783.45,53710.35,0,0.0,0.0,0.0,0.0,-0.01,-1,-1,-0.01,-1,-1,-0.01,-1,-1,-0.01,-1,-1,-0.01,-1,-1,-0.01,-1,-1,-0.01,-1,-1,-0.01,-1,-1,-0.01,-1,-1,-0.01,-1,-1
99926009,2026-05-18 15:14:29+05:30,53514.95,0,0.0,0,0.0,0.0,53282.15,53667.55,52783.45,53710.35,0,0.0,0.0,0.0,0.0,-0.01,-1,-1,-0.01,-1,-1,-0.01,-1,-1,-0.01,-1,-1,-0.01,-1,-1,-0.01,-1,-1,-0.01,-1,-1,-0.01,-1,-1,-0.01,-1,-1,-0.01,-1,-1
99926009,2026-05-18 15:14:30+05:30,53514.95,0,0.0,0,0.0,0.0,53282.15,53667.55,52783.45,53710.35,0,0.0,0.0,0.0,0.0,-0.01,-1,-1,-0.01,-1,-1,-0.01,-1,-1,-0.01,-1,-1,-0.01,-1,-1,-0.01,-1,-1,-0.01,-1,-1,-0.01,-1,-1,-0.01,-1,-1,-0.01,-1,-1
99926009,2026-05-18 15:14:30+05:30,53516.7,0,0.0,0,0.0,0.0,53282.15,53667.55,52783.45,53710.35,0,0.0,0.0,0.0,0.0,-0.01,-1,-1,-0.01,-1,-1,-0.01,-1,-1,-0.01,-1,-1,-0.01,-1,-1,-0.01,-1,-1,-0.01,-1,-1,-0.01,-1,-1,-0.01,-1,-1,-0.01,-1,-1
99926009,2026-05-18 15:14:30+05:30,53519.95,0,0.0,0,0.0,0.0,53282.15,53667.55,52783.45,53710.35,0,0.0,0.0,0.0,0.0,-0.01,-1,-1,-0.01,-1,-1,-0.01,-1,-1,-0.01,-1,-1,-0.01,-1,-1,-0.01,-1,-1,-0.01,-1,-1,-0.01,-1,-1,-0.01,-1,-1,-0.01,-1,-1
99926009,2026-05-18 15:14:31+05:30,53519.95,0,0.0,0,0.0,0.0,53282.15,53667.55,52783.45,53710.35,0,0.0,0.0,0.0,0.0,-0.01,-1,-1,-0.01,-1,-1,-0.01,-1,-1,-0.01,-1,-1,-0.01,-1,-1,-0.01,-1,-1,-0.01,-1,-1,-0.01,-1,-1,-0.01,-1,-1,-0.01,-1,-1
99926009,2026-05-18 15:14:31+05:30,53516.85,0,0.0,0,0.0,0.0,53282.15,53667.55,52783.45,53710.35,0,0.0,0.0,0.0,0.0,-0.01,-1,-1,-0.01,-1,-1,-0.01,-1,-1,-0.01,-1,-1,-0.01,-1,-1,-0.01,-1,-1,-0.01,-1,-1,-0.01,-1,-1,-0.01,-1,-1,-0.01,-1,-1
99926009,2026-05-18 15:14:31+05:30,53514.35,0,0.0,0,0.0,0.0,53282.15,53667.55,52783.45,53710.35,0,0.0,0.0,0.0,0.0,-0.01,-1,-1,-0.01,-1,-1,-0.01,-1,-1,-0.01,-1,-1,-0.01,-1,-1,-0.01,-1,-1,-0.01,-1,-1,-0.01,-1,-1,-0.01,-1,-1,-0.01,-1,-1
99926009,2026-05-18 15:14:32+05:30,53514.35,0,0.0,0,0.0,0.0,53282.15,53667.55,52783.45,53710.35,0,0.0,0.0,0.0,0.0,-0.01,-1,-1,-0.01,-1,-1,-0.01,-1,-1,-0.01,-1,-1,-0.01,-1,-1,-0.01,-1,-1,-0.01,-1,-1,-0.01,-1,-1,-0.01,-1,-1,-0.01,-1,-1
99926009,2026-05-18 15:14:32+05:30,53511.05,0,0.0,0,0.0,0.0,53282.15,53667.55,52783.45,53710.35,0,0.0,0.0,0.0,0.0,-0.01,-1,-1,-0.01,-1,-1,-0.01,-1,-1,-0.01,-1,-1,-0.01,-1,-1,-0.01,-1,-1,-0.01,-1,-1,-0.01,-1,-1,-0.01,-1,-1,-0.01,-1,-1
99926009,2026-05-18 15:14:32+05:30,53512.4,0,0.0,0,0.0,0.0,53282.15,53667.55,52783.45,53710.35,0,0.0,0.0,0.0,0.0,-0.01,-1,-1,-0.01,-1,-1,-0.01,-1,-1,-0.01,-1,-1,-0.01,-1,-1,-0.01,-1,-1,-0.01,-1,-1,-0.01,-1,-1,-0.01,-1,-1,-0.01,-1,-1
99926009,2026-05-18 15:14:33+05:30,53512.4,0,0.0,0,0.0,0.0,53282.15,53667.55,52783.45,53710.35,0,0.0,0.0,0.0,0.0,-0.01,-1,-1,-0.01,-1,-1,-0.01,-1,-1,-0.01,-1,-1,-0.01,-1,-1,-0.01,-1,-1,-0.01,-1,-1,-0.01,-1,-1,-0.01,-1,-1,-0.01,-1,-1
99926009,2026-05-18 15:14:33+05:30,53513.45,0,0.0,0,0.0,0.0,53282.15,53667.55,52783.45,53710.35,0,0.0,0.0,0.0,0.0,-0.01,-1,-1,-0.01,-1,-1,-0.01,-1,-1,-0.01,-1,-1,-0.01,-1,-1,-0.01,-1,-1,-0.01,-1,-1,-0.01,-1,-1,-0.01,-1,-1,-0.01,-1,-1
99926009,2026-05-18 15:14:33+05:30,53515.45,0,0.0,0,0.0,0.0,53282.15,53667.55,52783.45,53710.35,0,0.0,0.0,0.0,0.0,-0.01,-1,-1,-0.01,-1,-1,-0.01,-1,-1,-0.01,-1,-1,-0.01,-1,-1,-0.01,-1,-1,-0.01,-1,-1,-0.01,-1,-1,-0.01,-1,-1,-0.01,-1,-1
99926009,2026-05-18 15:14:34+05:30,53515.45,0,0.0,0,0.0,0.0,53282.15,53667.55,52783.45,53710.35,0,0.0,0.0,0.0,0.0,-0.01,-1,-1,-0.01,-1,-1,-0.01,-1,-1,-0.01,-1,-1,-0.01,-1,-1,-0.01,-1,-1,-0.01,-1,-1,-0.01,-1,-1,-0.01,-1,-1,-0.01,-1,-1
99926009,2026-05-18 15:14:34+05:30,53514.3,0,0.0,0,0.0,0.0,53282.15,53667.55,52783.45,53710.35,0,0.0,0.0,0.0,0.0,-0.01,-1,-1,-0.01,-1,-1,-0.01,-1,-1,-0.01,-1,-1,-0.01,-1,-1,-0.01,-1,-1,-0.01,-1,-1,-0.01,-1,-1,-0.01,-1,-1,-0.01,-1,-1
99926009,2026-05-18 15:14:34+05:30,53512.5,0,0.0,0,0.0,0.0,53282.15,53667.55,52783.45,53710.35,0,0.0,0.0,0.0,0.0,-0.01,-1,-1,-0.01,-1,-1,-0.01,-1,-1,-0.01,-1,-1,-0.01,-1,-1,-0.01,-1,-1,-0.01,-1,-1,-0.01,-1,-1,-0.01,-1,-1,-0.01,-1,-1
99926009,2026-05-18 15:14:35+05:30,53512.5,0,0.0,0,0.0,0.0,53282.15,53667.55,52783.45,53710.35,0,0.0,0.0,0.0,0.0,-0.01,-1,-1,-0.01,-1,-1,-0.01,-1,-1,-0.01,-1,-1,-0.01,-1,-1,-0.01,-1,-1,-0.01,-1,-1,-0.01,-1,-1,-0.01,-1,-1,-0.01,-1,-1
99926009,2026-05-18 15:14:35+05:30,53516.4,0,0.0,0,0.0,0.0,53282.15,53667.55,52783.45,53710.35,0,0.0,0.0,0.0,0.0,-0.01,-1,-1,-0.01,-1,-1,-0.01,-1,-1,-0.01,-1,-1,-0.01,-1,-1,-0.01,-1,-1,-0.01,-1,-1,-0.01,-1,-1,-0.01,-1,-1,-0.01,-1,-1
99926009,2026-05-18 15:14:35+05:30,53516.95,0,0.0,0,0.0,0.0,53282.15,53667.55,52783.45,53710.35,0,0.0,0.0,0.0,0.0,-0.01,-1,-1,-0.01,-1,-1,-0.01,-1,-1,-0.01,-1,-1,-0.01,-1,-1,-0.01,-1,-1,-0.01,-1,-1,-0.01,-1,-1,-0.01,-1,-1,-0.01,-1,-1
99926009,2026-05-18 15:14:36+05:30,53516.95,0,0.0,0,0.0,0.0,53282.15,53667.55,52783.45,53710.35,0,0.0,0.0,0.0,0.0,-0.01,-1,-1,-0.01,-1,-1,-0.01,-1,-1,-0.01,-1,-1,-0.01,-1,-1,-0.01,-1,-1,-0.01,-1,-1,-0.01,-1,-1,-0.01,-1,-1,-0.01,-1,-1
99926009,2026-05-18 15:14:36+05:30,53515.05,0,0.0,0,0.0,0.0,53282.15,53667.55,52783.45,53710.35,0,0.0,0.0,0.0,0.0,-0.01,-1,-1,-0.01,-1,-1,-0.01,-1,-1,-0.01,-1,-1,-0.01,-1,-1,-0.01,-1,-1,-0.01,-1,-1,-0.01,-1,-1,-0.01,-1,-1,-0.01,-1,-1
99926009,2026-05-18 15:14:36+05:30,53514.65,0,0.0,0,0.0,0.0,53282.15,53667.55,52783.45,53710.35,0,0.0,0.0,0.0,0.0,-0.01,-1,-1,-0.01,-1,-1,-0.01,-1,-1,-0.01,-1,-1,-0.01,-1,-1,-0.01,-1,-1,-0.01,-1,-1,-0.01,-1,-1,-0.01,-1,-1,-0.01,-1,-1
99926009,2026-05-18 15:14:37+05:30,53514.65,0,0.0,0,0.0,0.0,53282.15,53667.55,52783.45,53710.35,0,0.0,0.0,0.0,0.0,-0.01,-1,-1,-0.01,-1,-1,-0.01,-1,-1,-0.01,-1,-1,-0.01,-1,-1,-0.01,-1,-1,-0.01,-1,-1,-0.01,-1,-1,-0.01,-1,-1,-0.01,-1,-1
99926009,2026-05-18 15:14:37+05:30,53513.75,0,0.0,0,0.0,0.0,53282.15,53667.55,52783.45,53710.35,0,0.0,0.0,0.0,0.0,-0.01,-1,-1,-0.01,-1,-1,-0.01,-1,-1,-0.01,-1,-1,-0.01,-1,-1,-0.01,-1,-1,-0.01,-1,-1,-0.01,-1,-1,-0.01,-1,-1,-0.01,-1,-1
99926009,2026-05-18 15:14:37+05:30,53511.8,0,0.0,0,0.0,0.0,53282.15,53667.55,52783.45,53710.35,0,0.0,0.0,0.0,0.0,-0.01,-1,-1,-0.01,-1,-1,-0.01,-1,-1,-0.01,-1,-1,-0.01,-1,-1,-0.01,-1,-1,-0.01,-1,-1,-0.01,-1,-1,-0.01,-1,-1,-0.01,-1,-1
99926009,2026-05-18 15:14:38+05:30,53511.8,0,0.0,0,0.0,0.0,53282.15,53667.55,52783.45,53710.35,0,0.0,0.0,0.0,0.0,-0.01,-1,-1,-0.01,-1,-1,-0.01,-1,-1,-0.01,-1,-1,-0.01,-1,-1,-0.01,-1,-1,-0.01,-1,-1,-0.01,-1,-1,-0.01,-1,-1,-0.01,-1,-1
99926009,2026-05-18 15:14:38+05:30,53512.05,0,0.0,0,0.0,0.0,53282.15,53667.55,52783.45,53710.35,0,0.0,0.0,0.0,0.0,-0.01,-1,-1,-0.01,-1,-1,-0.01,-1,-1,-0.01,-1,-1,-0.01,-1,-1,-0.01,-1,-1,-0.01,-1,-1,-0.01,-1,-1,-0.01,-1,-1,-0.01,-1,-1
99926009,2026-05-18 15:14:38+05:30,53511.45,0,0.0,0,0.0,0.0,53282.15,53667.55,52783.45,53710.35,0,0.0,0.0,0.0,0.0,-0.01,-1,-1,-0.01,-1,-1,-0.01,-1,-1,-0.01,-1,-1,-0.01,-1,-1,-0.01,-1,-1,-0.01,-1,-1,-0.01,-1,-1,-0.01,-1,-1,-0.01,-1,-1
99926009,2026-05-18 15:14:39+05:30,53511.45,0,0.0,0,0.0,0.0,53282.15,53667.55,52783.45,53710.35,0,0.0,0.0,0.0,0.0,-0.01,-1,-1,-0.01,-1,-1,-0.01,-1,-1,-0.01,-1,-1,-0.01,-1,-1,-0.01,-1,-1,-0.01,-1,-1,-0.01,-1,-1,-0.01,-1,-1,-0.01,-1,-1
99926009,2026-05-18 15:14:39+05:30,53515.15,0,0.0,0,0.0,0.0,53282.15,53667.55,52783.45,53710.35,0,0.0,0.0,0.0,0.0,-0.01,-1,-1,-0.01,-1,-1,-0.01,-1,-1,-0.01,-1,-1,-0.01,-1,-1,-0.01,-1,-1,-0.01,-1,-1,-0.01,-1,-1,-0.01,-1,-1,-0.01,-1,-1
99926009,2026-05-18 15:14:39+05:30,53513.35,0,0.0,0,0.0,0.0,53282.15,53667.55,52783.45,53710.35,0,0.0,0.0,0.0,0.0,-0.01,-1,-1,-0.01,-1,-1,-0.01,-1,-1,-0.01,-1,-1,-0.01,-1,-1,-0.01,-1,-1,-0.01,-1,-1,-0.01,-1,-1,-0.01,-1,-1,-0.01,-1,-1
99926009,2026-05-18 15:14:40+05:30,53513.35,0,0.0,0,0.0,0.0,53282.15,53667.55,52783.45,53710.35,0,0.0,0.0,0.0,0.0,-0.01,-1,-1,-0.01,-1,-1,-0.01,-1,-1,-0.01,-1,-1,-0.01,-1,-1,-0.01,-1,-1,-0.01,-1,-1,-0.01,-1,-1,-0.01,-1,-1,-0.01,-1,-1
99926009,2026-05-18 15:14:40+05:30,53516.8,0,0.0,0,0.0,0.0,53282.15,53667.55,52783.45,53710.35,0,0.0,0.0,0.0,0.0,-0.01,-1,-1,-0.01,-1,-1,-0.01,-1,-1,-0.01,-1,-1,-0.01,-1,-1,-0.01,-1,-1,-0.01,-1,-1,-0.01,-1,-1,-0.01,-1,-1,-0.01,-1,-1
99926009,2026-05-18 15:14:40+05:30,53517.5,0,0.0,0,0.0,0.0,53282.15,53667.55,52783.45,53710.35,0,0.0,0.0,0.0,0.0,-0.01,-1,-1,-0.01,-1,-1,-0.01,-1,-1,-0.01,-1,-1,-0.01,-1,-1,-0.01,-1,-1,-0.01,-1,-1,-0.01,-1,-1,-0.01,-1,-1,-0.01,-1,-1
99926009,2026-05-18 15:14:41+05:30,53517.5,0,0.0,0,0.0,0.0,53282.15,53667.55,52783.45,53710.35,0,0.0,0.0,0.0,0.0,-0.01,-1,-1,-0.01,-1,-1,-0.01,-1,-1,-0.01,-1,-1,-0.01,-1,-1,-0.01,-1,-1,-0.01,-1,-1,-0.01,-1,-1,-0.01,-1,-1,-0.01,-1,-1
99926009,2026-05-18 15:14:41+05:30,53518.8,0,0.0,0,0.0,0.0,53282.15,53667.55,52783.45,53710.35,0,0.0,0.0,0.0,0.0,-0.01,-1,-1,-0.01,-1,-1,-0.01,-1,-1,-0.01,-1,-1,-0.01,-1,-1,-0.01,-1,-1,-0.01,-1,-1,-0.01,-1,-1,-0.01,-1,-1,-0.01,-1,-1
99926009,2026-05-18 15:14:41+05:30,53517.7,0,0.0,0,0.0,0.0,53282.15,53667.55,52783.45,53710.35,0,0.0,0.0,0.0,0.0,-0.01,-1,-1,-0.01,-1,-1,-0.01,-1,-1,-0.01,-1,-1,-0.01,-1,-1,-0.01,-1,-1,-0.01,-1,-1,-0.01,-1,-1,-0.01,-1,-1,-0.01,-1,-1
99926009,2026-05-18 15:14:42+05:30,53517.7,0,0.0,0,0.0,0.0,53282.15,53667.55,52783.45,53710.35,0,0.0,0.0,0.0,0.0,-0.01,-1,-1,-0.01,-1,-1,-0.01,-1,-1,-0.01,-1,-1,-0.01,-1,-1,-0.01,-1,-1,-0.01,-1,-1,-0.01,-1,-1,-0.01,-1,-1,-0.01,-1,-1
99926009,2026-05-18 15:14:42+05:30,53518.45,0,0.0,0,0.0,0.0,53282.15,53667.55,52783.45,53710.35,0,0.0,0.0,0.0,0.0,-0.01,-1,-1,-0.01,-1,-1,-0.01,-1,-1,-0.01,-1,-1,-0.01,-1,-1,-0.01,-1,-1,-0.01,-1,-1,-0.01,-1,-1,-0.01,-1,-1,-0.01,-1,-1
99926009,2026-05-18 15:14:42+05:30,53515.0,0,0.0,0,0.0,0.0,53282.15,53667.55,52783.45,53710.35,0,0.0,0.0,0.0,0.0,-0.01,-1,-1,-0.01,-1,-1,-0.01,-1,-1,-0.01,-1,-1,-0.01,-1,-1,-0.01,-1,-1,-0.01,-1,-1,-0.01,-1,-1,-0.01,-1,-1,-0.01,-1,-1
99926009,2026-05-18 15:14:43+05:30,53515.0,0,0.0,0,0.0,0.0,53282.15,53667.55,52783.45,53710.35,0,0.0,0.0,0.0,0.0,-0.01,-1,-1,-0.01,-1,-1,-0.01,-1,-1,-0.01,-1,-1,-0.01,-1,-1,-0.01,-1,-1,-0.01,-1,-1,-0.01,-1,-1,-0.01,-1,-1,-0.01,-1,-1
99926009,2026-05-18 15:14:43+05:30,53516.95,0,0.0,0,0.0,0.0,53282.15,53667.55,52783.45,53710.35,0,0.0,0.0,0.0,0.0,-0.01,-1,-1,-0.01,-1,-1,-0.01,-1,-1,-0.01,-1,-1,-0.01,-1,-1,-0.01,-1,-1,-0.01,-1,-1,-0.01,-1,-1,-0.01,-1,-1,-0.01,-1,-1
99926009,2026-05-18 15:14:43+05:30,53517.75,0,0.0,0,0.0,0.0,53282.15,53667.55,52783.45,53710.35,0,0.0,0.0,0.0,0.0,-0.01,-1,-1,-0.01,-1,-1,-0.01,-1,-1,-0.01,-1,-1,-0.01,-1,-1,-0.01,-1,-1,-0.01,-1,-1,-0.01,-1,-1,-0.01,-1,-1,-0.01,-1,-1
99926009,2026-05-18 15:14:44+05:30,53517.75,0,0.0,0,0.0,0.0,53282.15,53667.55,52783.45,53710.35,0,0.0,0.0,0.0,0.0,-0.01,-1,-1,-0.01,-1,-1,-0.01,-1,-1,-0.01,-1,-1,-0.01,-1,-1,-0.01,-1,-1,-0.01,-1,-1,-0.01,-1,-1,-0.01,-1,-1,-0.01,-1,-1
99926009,2026-05-18 15:14:44+05:30,53516.45,0,0.0,0,0.0,0.0,53282.15,53667.55,52783.45,53710.35,0,0.0,0.0,0.0,0.0,-0.01,-1,-1,-0.01,-1,-1,-0.01,-1,-1,-0.01,-1,-1,-0.01,-1,-1,-0.01,-1,-1,-0.01,-1,-1,-0.01,-1,-1,-0.01,-1,-1,-0.01,-1,-1
99926009,2026-05-18 15:14:44+05:30,53515.9,0,0.0,0,0.0,0.0,53282.15,53667.55,52783.45,53710.35,0,0.0,0.0,0.0,0.0,-0.01,-1,-1,-0.01,-1,-1,-0.01,-1,-1,-0.01,-1,-1,-0.01,-1,-1,-0.01,-1,-1,-0.01,-1,-1,-0.01,-1,-1,-0.01,-1,-1,-0.01,-1,-1
99926009,2026-05-18 15:14:45+05:30,53515.9,0,0.0,0,0.0,0.0,53282.15,53667.55,52783.45,53710.35,0,0.0,0.0,0.0,0.0,-0.01,-1,-1,-0.01,-1,-1,-0.01,-1,-1,-0.01,-1,-1,-0.01,-1,-1,-0.01,-1,-1,-0.01,-1,-1,-0.01,-1,-1,-0.01,-1,-1,-0.01,-1,-1
99926009,2026-05-18 15:14:45+05:30,53516.7,0,0.0,0,0.0,0.0,53282.15,53667.55,52783.45,53710.35,0,0.0,0.0,0.0,0.0,-0.01,-1,-1,-0.01,-1,-1,-0.01,-1,-1,-0.01,-1,-1,-0.01,-1,-1,-0.01,-1,-1,-0.01,-1,-1,-0.01,-1,-1,-0.01,-1,-1,-0.01,-1,-1
99926009,2026-05-18 15:14:45+05:30,53517.15,0,0.0,0,0.0,0.0,53282.15,53667.55,52783.45,53710.35,0,0.0,0.0,0.0,0.0,-0.01,-1,-1,-0.01,-1,-1,-0.01,-1,-1,-0.01,-1,-1,-0.01,-1,-1,-0.01,-1,-1,-0.01,-1,-1,-0.01,-1,-1,-0.01,-1,-1,-0.01,-1,-1
99926009,2026-05-18 15:14:46+05:30,53517.15,0,0.0,0,0.0,0.0,53282.15,53667.55,52783.45,53710.35,0,0.0,0.0,0.0,0.0,-0.01,-1,-1,-0.01,-1,-1,-0.01,-1,-1,-0.01,-1,-1,-0.01,-1,-1,-0.01,-1,-1,-0.01,-1,-1,-0.01,-1,-1,-0.01,-1,-1,-0.01,-1,-1
99926009,2026-05-18 15:14:46+05:30,53516.65,0,0.0,0,0.0,0.0,53282.15,53667.55,52783.45,53710.35,0,0.0,0.0,0.0,0.0,-0.01,-1,-1,-0.01,-1,-1,-0.01,-1,-1,-0.01,-1,-1,-0.01,-1,-1,-0.01,-1,-1,-0.01,-1,-1,-0.01,-1,-1,-0.01,-1,-1,-0.01,-1,-1
99926009,2026-05-18 15:14:46+05:30,53514.8,0,0.0,0,0.0,0.0,53282.15,53667.55,52783.45,53710.35,0,0.0,0.0,0.0,0.0,-0.01,-1,-1,-0.01,-1,-1,-0.01,-1,-1,-0.01,-1,-1,-0.01,-1,-1,-0.01,-1,-1,-0.01,-1,-1,-0.01,-1,-1,-0.01,-1,-1,-0.01,-1,-1
99926009,2026-05-18 15:14:47+05:30,53514.8,0,0.0,0,0.0,0.0,53282.15,53667.55,52783.45,53710.35,0,0.0,0.0,0.0,0.0,-0.01,-1,-1,-0.01,-1,-1,-0.01,-1,-1,-0.01,-1,-1,-0.01,-1,-1,-0.01,-1,-1,-0.01,-1,-1,-0.01,-1,-1,-0.01,-1,-1,-0.01,-1,-1
99926009,2026-05-18 15:14:47+05:30,53513.8,0,0.0,0,0.0,0.0,53282.15,53667.55,52783.45,53710.35,0,0.0,0.0,0.0,0.0,-0.01,-1,-1,-0.01,-1,-1,-0.01,-1,-1,-0.01,-1,-1,-0.01,-1,-1,-0.01,-1,-1,-0.01,-1,-1,-0.01,-1,-1,-0.01,-1,-1,-0.01,-1,-1
99926009,2026-05-18 15:14:47+05:30,53513.9,0,0.0,0,0.0,0.0,53282.15,53667.55,52783.45,53710.35,0,0.0,0.0,0.0,0.0,-0.01,-1,-1,-0.01,-1,-1,-0.01,-1,-1,-0.01,-1,-1,-0.01,-1,-1,-0.01,-1,-1,-0.01,-1,-1,-0.01,-1,-1,-0.01,-1,-1,-0.01,-1,-1
99926009,2026-05-18 15:14:48+05:30,53513.9,0,0.0,0,0.0,0.0,53282.15,53667.55,52783.45,53710.35,0,0.0,0.0,0.0,0.0,-0.01,-1,-1,-0.01,-1,-1,-0.01,-1,-1,-0.01,-1,-1,-0.01,-1,-1,-0.01,-1,-1,-0.01,-1,-1,-0.01,-1,-1,-0.01,-1,-1,-0.01,-1,-1
99926009,2026-05-18 15:14:48+05:30,53509.95,0,0.0,0,0.0,0.0,53282.15,53667.55,52783.45,53710.35,0,0.0,0.0,0.0,0.0,-0.01,-1,-1,-0.01,-1,-1,-0.01,-1,-1,-0.01,-1,-1,-0.01,-1,-1,-0.01,-1,-1,-0.01,-1,-1,-0.01,-1,-1,-0.01,-1,-1,-0.01,-1,-1
99926009,2026-05-18 15:14:48+05:30,53508.9,0,0.0,0,0.0,0.0,53282.15,53667.55,52783.45,53710.35,0,0.0,0.0,0.0,0.0,-0.01,-1,-1,-0.01,-1,-1,-0.01,-1,-1,-0.01,-1,-1,-0.01,-1,-1,-0.01,-1,-1,-0.01,-1,-1,-0.01,-1,-1,-0.01,-1,-1,-0.01,-1,-1
99926009,2026-05-18 15:14:49+05:30,53508.9,0,0.0,0,0.0,0.0,53282.15,53667.55,52783.45,53710.35,0,0.0,0.0,0.0,0.0,-0.01,-1,-1,-0.01,-1,-1,-0.01,-1,-1,-0.01,-1,-1,-0.01,-1,-1,-0.01,-1,-1,-0.01,-1,-1,-0.01,-1,-1,-0.01,-1,-1,-0.01,-1,-1
99926009,2026-05-18 15:14:49+05:30,53510.35,0,0.0,0,0.0,0.0,53282.15,53667.55,52783.45,53710.35,0,0.0,0.0,0.0,0.0,-0.01,-1,-1,-0.01,-1,-1,-0.01,-1,-1,-0.01,-1,-1,-0.01,-1,-1,-0.01,-1,-1,-0.01,-1,-1,-0.01,-1,-1,-0.01,-1,-1,-0.01,-1,-1
99926009,2026-05-18 15:14:49+05:30,53511.75,0,0.0,0,0.0,0.0,53282.15,53667.55,52783.45,53710.35,0,0.0,0.0,0.0,0.0,-0.01,-1,-1,-0.01,-1,-1,-0.01,-1,-1,-0.01,-1,-1,-0.01,-1,-1,-0.01,-1,-1,-0.01,-1,-1,-0.01,-1,-1,-0.01,-1,-1,-0.01,-1,-1
99926009,2026-05-18 15:14:50+05:30,53511.75,0,0.0,0,0.0,0.0,53282.15,53667.55,52783.45,53710.35,0,0.0,0.0,0.0,0.0,-0.01,-1,-1,-0.01,-1,-1,-0.01,-1,-1,-0.01,-1,-1,-0.01,-1,-1,-0.01,-1,-1,-0.01,-1,-1,-0.01,-1,-1,-0.01,-1,-1,-0.01,-1,-1
99926009,2026-05-18 15:14:50+05:30,53513.1,0,0.0,0,0.0,0.0,53282.15,53667.55,52783.45,53710.35,0,0.0,0.0,0.0,0.0,-0.01,-1,-1,-0.01,-1,-1,-0.01,-1,-1,-0.01,-1,-1,-0.01,-1,-1,-0.01,-1,-1,-0.01,-1,-1,-0.01,-1,-1,-0.01,-1,-1,-0.01,-1,-1
99926009,2026-05-18 15:14:50+05:30,53512.9,0,0.0,0,0.0,0.0,53282.15,53667.55,52783.45,53710.35,0,0.0,0.0,0.0,0.0,-0.01,-1,-1,-0.01,-1,-1,-0.01,-1,-1,-0.01,-1,-1,-0.01,-1,-1,-0.01,-1,-1,-0.01,-1,-1,-0.01,-1,-1,-0.01,-1,-1,-0.01,-1,-1
99926009,2026-05-18 15:14:51+05:30,53512.9,0,0.0,0,0.0,0.0,53282.15,53667.55,52783.45,53710.35,0,0.0,0.0,0.0,0.0,-0.01,-1,-1,-0.01,-1,-1,-0.01,-1,-1,-0.01,-1,-1,-0.01,-1,-1,-0.01,-1,-1,-0.01,-1,-1,-0.01,-1,-1,-0.01,-1,-1,-0.01,-1,-1
99926009,2026-05-18 15:14:51+05:30,53509.95,0,0.0,0,0.0,0.0,53282.15,53667.55,52783.45,53710.35,0,0.0,0.0,0.0,0.0,-0.01,-1,-1,-0.01,-1,-1,-0.01,-1,-1,-0.01,-1,-1,-0.01,-1,-1,-0.01,-1,-1,-0.01,-1,-1,-0.01,-1,-1,-0.01,-1,-1,-0.01,-1,-1
99926009,2026-05-18 15:14:51+05:30,53509.7,0,0.0,0,0.0,0.0,53282.15,53667.55,52783.45,53710.35,0,0.0,0.0,0.0,0.0,-0.01,-1,-1,-0.01,-1,-1,-0.01,-1,-1,-0.01,-1,-1,-0.01,-1,-1,-0.01,-1,-1,-0.01,-1,-1,-0.01,-1,-1,-0.01,-1,-1,-0.01,-1,-1
99926009,2026-05-18 15:14:52+05:30,53509.7,0,0.0,0,0.0,0.0,53282.15,53667.55,52783.45,53710.35,0,0.0,0.0,0.0,0.0,-0.01,-1,-1,-0.01,-1,-1,-0.01,-1,-1,-0.01,-1,-1,-0.01,-1,-1,-0.01,-1,-1,-0.01,-1,-1,-0.01,-1,-1,-0.01,-1,-1,-0.01,-1,-1
99926009,2026-05-18 15:14:52+05:30,53511.9,0,0.0,0,0.0,0.0,53282.15,53667.55,52783.45,53710.35,0,0.0,0.0,0.0,0.0,-0.01,-1,-1,-0.01,-1,-1,-0.01,-1,-1,-0.01,-1,-1,-0.01,-1,-1,-0.01,-1,-1,-0.01,-1,-1,-0.01,-1,-1,-0.01,-1,-1,-0.01,-1,-1
99926009,2026-05-18 15:14:52+05:30,53512.55,0,0.0,0,0.0,0.0,53282.15,53667.55,52783.45,53710.35,0,0.0,0.0,0.0,0.0,-0.01,-1,-1,-0.01,-1,-1,-0.01,-1,-1,-0.01,-1,-1,-0.01,-1,-1,-0.01,-1,-1,-0.01,-1,-1,-0.01,-1,-1,-0.01,-1,-1,-0.01,-1,-1
99926009,2026-05-18 15:14:53+05:30,53512.55,0,0.0,0,0.0,0.0,53282.15,53667.55,52783.45,53710.35,0,0.0,0.0,0.0,0.0,-0.01,-1,-1,-0.01,-1,-1,-0.01,-1,-1,-0.01,-1,-1,-0.01,-1,-1,-0.01,-1,-1,-0.01,-1,-1,-0.01,-1,-1,-0.01,-1,-1,-0.01,-1,-1
99926009,2026-05-18 15:14:53+05:30,53511.45,0,0.0,0,0.0,0.0,53282.15,53667.55,52783.45,53710.35,0,0.0,0.0,0.0,0.0,-0.01,-1,-1,-0.01,-1,-1,-0.01,-1,-1,-0.01,-1,-1,-0.01,-1,-1,-0.01,-1,-1,-0.01,-1,-1,-0.01,-1,-1,-0.01,-1,-1,-0.01,-1,-1
99926009,2026-05-18 15:14:53+05:30,53512.2,0,0.0,0,0.0,0.0,53282.15,53667.55,52783.45,53710.35,0,0.0,0.0,0.0,0.0,-0.01,-1,-1,-0.01,-1,-1,-0.01,-1,-1,-0.01,-1,-1,-0.01,-1,-1,-0.01,-1,-1,-0.01,-1,-1,-0.01,-1,-1,-0.01,-1,-1,-0.01,-1,-1
99926009,2026-05-18 15:14:54+05:30,53512.2,0,0.0,0,0.0,0.0,53282.15,53667.55,52783.45,53710.35,0,0.0,0.0,0.0,0.0,-0.01,-1,-1,-0.01,-1,-1,-0.01,-1,-1,-0.01,-1,-1,-0.01,-1,-1,-0.01,-1,-1,-0.01,-1,-1,-0.01,-1,-1,-0.01,-1,-1,-0.01,-1,-1
99926009,2026-05-18 15:14:54+05:30,53510.2,0,0.0,0,0.0,0.0,53282.15,53667.55,52783.45,53710.35,0,0.0,0.0,0.0,0.0,-0.01,-1,-1,-0.01,-1,-1,-0.01,-1,-1,-0.01,-1,-1,-0.01,-1,-1,-0.01,-1,-1,-0.01,-1,-1,-0.01,-1,-1,-0.01,-1,-1,-0.01,-1,-1
99926009,2026-05-18 15:14:54+05:30,53510.05,0,0.0,0,0.0,0.0,53282.15,53667.55,52783.45,53710.35,0,0.0,0.0,0.0,0.0,-0.01,-1,-1,-0.01,-1,-1,-0.01,-1,-1,-0.01,-1,-1,-0.01,-1,-1,-0.01,-1,-1,-0.01,-1,-1,-0.01,-1,-1,-0.01,-1,-1,-0.01,-1,-1
99926009,2026-05-18 15:14:55+05:30,53510.05,0,0.0,0,0.0,0.0,53282.15,53667.55,52783.45,53710.35,0,0.0,0.0,0.0,0.0,-0.01,-1,-1,-0.01,-1,-1,-0.01,-1,-1,-0.01,-1,-1,-0.01,-1,-1,-0.01,-1,-1,-0.01,-1,-1,-0.01,-1,-1,-0.01,-1,-1,-0.01,-1,-1
99926009,2026-05-18 15:14:55+05:30,53513.5,0,0.0,0,0.0,0.0,53282.15,53667.55,52783.45,53710.35,0,0.0,0.0,0.0,0.0,-0.01,-1,-1,-0.01,-1,-1,-0.01,-1,-1,-0.01,-1,-1,-0.01,-1,-1,-0.01,-1,-1,-0.01,-1,-1,-0.01,-1,-1,-0.01,-1,-1,-0.01,-1,-1
99926009,2026-05-18 15:14:55+05:30,53511.95,0,0.0,0,0.0,0.0,53282.15,53667.55,52783.45,53710.35,0,0.0,0.0,0.0,0.0,-0.01,-1,-1,-0.01,-1,-1,-0.01,-1,-1,-0.01,-1,-1,-0.01,-1,-1,-0.01,-1,-1,-0.01,-1,-1,-0.01,-1,-1,-0.01,-1,-1,-0.01,-1,-1
99926009,2026-05-18 15:14:56+05:30,53511.95,0,0.0,0,0.0,0.0,53282.15,53667.55,52783.45,53710.35,0,0.0,0.0,0.0,0.0,-0.01,-1,-1,-0.01,-1,-1,-0.01,-1,-1,-0.01,-1,-1,-0.01,-1,-1,-0.01,-1,-1,-0.01,-1,-1,-0.01,-1,-1,-0.01,-1,-1,-0.01,-1,-1
99926009,2026-05-18 15:14:56+05:30,53513.25,0,0.0,0,0.0,0.0,53282.15,53667.55,52783.45,53710.35,0,0.0,0.0,0.0,0.0,-0.01,-1,-1,-0.01,-1,-1,-0.01,-1,-1,-0.01,-1,-1,-0.01,-1,-1,-0.01,-1,-1,-0.01,-1,-1,-0.01,-1,-1,-0.01,-1,-1,-0.01,-1,-1
99926009,2026-05-18 15:14:56+05:30,53511.55,0,0.0,0,0.0,0.0,53282.15,53667.55,52783.45,53710.35,0,0.0,0.0,0.0,0.0,-0.01,-1,-1,-0.01,-1,-1,-0.01,-1,-1,-0.01,-1,-1,-0.01,-1,-1,-0.01,-1,-1,-0.01,-1,-1,-0.01,-1,-1,-0.01,-1,-1,-0.01,-1,-1
99926009,2026-05-18 15:14:57+05:30,53511.55,0,0.0,0,0.0,0.0,53282.15,53667.55,52783.45,53710.35,0,0.0,0.0,0.0,0.0,-0.01,-1,-1,-0.01,-1,-1,-0.01,-1,-1,-0.01,-1,-1,-0.01,-1,-1,-0.01,-1,-1,-0.01,-1,-1,-0.01,-1,-1,-0.01,-1,-1,-0.01,-1,-1
99926009,2026-05-18 15:14:57+05:30,53513.05,0,0.0,0,0.0,0.0,53282.15,53667.55,52783.45,53710.35,0,0.0,0.0,0.0,0.0,-0.01,-1,-1,-0.01,-1,-1,-0.01,-1,-1,-0.01,-1,-1,-0.01,-1,-1,-0.01,-1,-1,-0.01,-1,-1,-0.01,-1,-1,-0.01,-1,-1,-0.01,-1,-1
99926009,2026-05-18 15:14:57+05:30,53512.0,0,0.0,0,0.0,0.0,53282.15,53667.55,52783.45,53710.35,0,0.0,0.0,0.0,0.0,-0.01,-1,-1,-0.01,-1,-1,-0.01,-1,-1,-0.01,-1,-1,-0.01,-1,-1,-0.01,-1,-1,-0.01,-1,-1,-0.01,-1,-1,-0.01,-1,-1,-0.01,-1,-1
99926009,2026-05-18 15:14:58+05:30,53512.0,0,0.0,0,0.0,0.0,53282.15,53667.55,52783.45,53710.35,0,0.0,0.0,0.0,0.0,-0.01,-1,-1,-0.01,-1,-1,-0.01,-1,-1,-0.01,-1,-1,-0.01,-1,-1,-0.01,-1,-1,-0.01,-1,-1,-0.01,-1,-1,-0.01,-1,-1,-0.01,-1,-1
99926009,2026-05-18 15:14:58+05:30,53512.3,0,0.0,0,0.0,0.0,53282.15,53667.55,52783.45,53710.35,0,0.0,0.0,0.0,0.0,-0.01,-1,-1,-0.01,-1,-1,-0.01,-1,-1,-0.01,-1,-1,-0.01,-1,-1,-0.01,-1,-1,-0.01,-1,-1,-0.01,-1,-1,-0.01,-1,-1,-0.01,-1,-1
99926009,2026-05-18 15:14:58+05:30,53509.6,0,0.0,0,0.0,0.0,53282.15,53667.55,52783.45,53710.35,0,0.0,0.0,0.0,0.0,-0.01,-1,-1,-0.01,-1,-1,-0.01,-1,-1,-0.01,-1,-1,-0.01,-1,-1,-0.01,-1,-1,-0.01,-1,-1,-0.01,-1,-1,-0.01,-1,-1,-0.01,-1,-1
99926009,2026-05-18 15:14:59+05:30,53509.6,0,0.0,0,0.0,0.0,53282.15,53667.55,52783.45,53710.35,0,0.0,0.0,0.0,0.0,-0.01,-1,-1,-0.01,-1,-1,-0.01,-1,-1,-0.01,-1,-1,-0.01,-1,-1,-0.01,-1,-1,-0.01,-1,-1,-0.01,-1,-1,-0.01,-1,-1,-0.01,-1,-1
99926009,2026-05-18 15:14:59+05:30,53507.55,0,0.0,0,0.0,0.0,53282.15,53667.55,52783.45,53710.35,0,0.0,0.0,0.0,0.0,-0.01,-1,-1,-0.01,-1,-1,-0.01,-1,-1,-0.01,-1,-1,-0.01,-1,-1,-0.01,-1,-1,-0.01,-1,-1,-0.01,-1,-1,-0.01,-1,-1,-0.01,-1,-1
99926009,2026-05-18 15:14:59+05:30,53509.2,0,0.0,0,0.0,0.0,53282.15,53667.55,52783.45,53710.35,0,0.0,0.0,0.0,0.0,-0.01,-1,-1,-0.01,-1,-1,-0.01,-1,-1,-0.01,-1,-1,-0.01,-1,-1,-0.01,-1,-1,-0.01,-1,-1,-0.01,-1,-1,-0.01,-1,-1,-0.01,-1,-1
99926009,2026-05-18 15:15:00+05:30,53509.2,0,0.0,0,0.0,0.0,53282.15,53667.55,52783.45,53710.35,0,0.0,0.0,0.0,0.0,-0.01,-1,-1,-0.01,-1,-1,-0.01,-1,-1,-0.01,-1,-1,-0.01,-1,-1,-0.01,-1,-1,-0.01,-1,-1,-0.01,-1,-1,-0.01,-1,-1,-0.01,-1,-1
99926009,2026-05-18 15:15:00+05:30,53507.8,0,0.0,0,0.0,0.0,53282.15,53667.55,52783.45,53710.35,0,0.0,0.0,0.0,0.0,-0.01,-1,-1,-0.01,-1,-1,-0.01,-1,-1,-0.01,-1,-1,-0.01,-1,-1,-0.01,-1,-1,-0.01,-1,-1,-0.01,-1,-1,-0.01,-1,-1,-0.01,-1,-1
99926009,2026-05-18 15:15:00+05:30,53509.2,0,0.0,0,0.0,0.0,53282.15,53667.55,52783.45,53710.35,0,0.0,0.0,0.0,0.0,-0.01,-1,-1,-0.01,-1,-1,-0.01,-1,-1,-0.01,-1,-1,-0.01,-1,-1,-0.01,-1,-1,-0.01,-1,-1,-0.01,-1,-1,-0.01,-1,-1,-0.01,-1,-1
99926009,2026-05-18 15:15:01+05:30,53509.2,0,0.0,0,0.0,0.0,53282.15,53667.55,52783.45,53710.35,0,0.0,0.0,0.0,0.0,-0.01,-1,-1,-0.01,-1,-1,-0.01,-1,-1,-0.01,-1,-1,-0.01,-1,-1,-0.01,-1,-1,-0.01,-1,-1,-0.01,-1,-1,-0.01,-1,-1,-0.01,-1,-1
99926009,2026-05-18 15:15:01+05:30,53508.4,0,0.0,0,0.0,0.0,53282.15,53667.55,52783.45,53710.35,0,0.0,0.0,0.0,0.0,-0.01,-1,-1,-0.01,-1,-1,-0.01,-1,-1,-0.01,-1,-1,-0.01,-1,-1,-0.01,-1,-1,-0.01,-1,-1,-0.01,-1,-1,-0.01,-1,-1,-0.01,-1,-1
99926009,2026-05-18 15:15:01+05:30,53506.2,0,0.0,0,0.0,0.0,53282.15,53667.55,52783.45,53710.35,0,0.0,0.0,0.0,0.0,-0.01,-1,-1,-0.01,-1,-1,-0.01,-1,-1,-0.01,-1,-1,-0.01,-1,-1,-0.01,-1,-1,-0.01,-1,-1,-0.01,-1,-1,-0.01,-1,-1,-0.01,-1,-1
99926009,2026-05-18 15:15:02+05:30,53506.2,0,0.0,0,0.0,0.0,53282.15,53667.55,52783.45,53710.35,0,0.0,0.0,0.0,0.0,-0.01,-1,-1,-0.01,-1,-1,-0.01,-1,-1,-0.01,-1,-1,-0.01,-1,-1,-0.01,-1,-1,-0.01,-1,-1,-0.01,-1,-1,-0.01,-1,-1,-0.01,-1,-1
99926009,2026-05-18 15:15:02+05:30,53507.45,0,0.0,0,0.0,0.0,53282.15,53667.55,52783.45,53710.35,0,0.0,0.0,0.0,0.0,-0.01,-1,-1,-0.01,-1,-1,-0.01,-1,-1,-0.01,-1,-1,-0.01,-1,-1,-0.01,-1,-1,-0.01,-1,-1,-0.01,-1,-1,-0.01,-1,-1,-0.01,-1,-1
99926009,2026-05-18 15:15:02+05:30,53504.55,0,0.0,0,0.0,0.0,53282.15,53667.55,52783.45,53710.35,0,0.0,0.0,0.0,0.0,-0.01,-1,-1,-0.01,-1,-1,-0.01,-1,-1,-0.01,-1,-1,-0.01,-1,-1,-0.01,-1,-1,-0.01,-1,-1,-0.01,-1,-1,-0.01,-1,-1,-0.01,-1,-1
99926009,2026-05-18 15:15:03+05:30,53504.55,0,0.0,0,0.0,0.0,53282.15,53667.55,52783.45,53710.35,0,0.0,0.0,0.0,0.0,-0.01,-1,-1,-0.01,-1,-1,-0.01,-1,-1,-0.01,-1,-1,-0.01,-1,-1,-0.01,-1,-1,-0.01,-1,-1,-0.01,-1,-1,-0.01,-1,-1,-0.01,-1,-1
99926009,2026-05-18 15:15:03+05:30,53506.95,0,0.0,0,0.0,0.0,53282.15,53667.55,52783.45,53710.35,0,0.0,0.0,0.0,0.0,-0.01,-1,-1,-0.01,-1,-1,-0.01,-1,-1,-0.01,-1,-1,-0.01,-1,-1,-0.01,-1,-1,-0.01,-1,-1,-0.01,-1,-1,-0.01,-1,-1,-0.01,-1,-1
99926009,2026-05-18 15:15:03+05:30,53503.8,0,0.0,0,0.0,0.0,53282.15,53667.55,52783.45,53710.35,0,0.0,0.0,0.0,0.0,-0.01,-1,-1,-0.01,-1,-1,-0.01,-1,-1,-0.01,-1,-1,-0.01,-1,-1,-0.01,-1,-1,-0.01,-1,-1,-0.01,-1,-1,-0.01,-1,-1,-0.01,-1,-1
99926009,2026-05-18 15:15:04+05:30,53503.8,0,0.0,0,0.0,0.0,53282.15,53667.55,52783.45,53710.35,0,0.0,0.0,0.0,0.0,-0.01,-1,-1,-0.01,-1,-1,-0.01,-1,-1,-0.01,-1,-1,-0.01,-1,-1,-0.01,-1,-1,-0.01,-1,-1,-0.01,-1,-1,-0.01,-1,-1,-0.01,-1,-1
99926009,2026-05-18 15:15:04+05:30,53504.95,0,0.0,0,0.0,0.0,53282.15,53667.55,52783.45,53710.35,0,0.0,0.0,0.0,0.0,-0.01,-1,-1,-0.01,-1,-1,-0.01,-1,-1,-0.01,-1,-1,-0.01,-1,-1,-0.01,-1,-1,-0.01,-1,-1,-0.01,-1,-1,-0.01,-1,-1,-0.01,-1,-1
99926009,2026-05-18 15:15:04+05:30,53507.15,0,0.0,0,0.0,0.0,53282.15,53667.55,52783.45,53710.35,0,0.0,0.0,0.0,0.0,-0.01,-1,-1,-0.01,-1,-1,-0.01,-1,-1,-0.01,-1,-1,-0.01,-1,-1,-0.01,-1,-1,-0.01,-1,-1,-0.01,-1,-1,-0.01,-1,-1,-0.01,-1,-1
99926009,2026-05-18 15:15:05+05:30,53507.15,0,0.0,0,0.0,0.0,53282.15,53667.55,52783.45,53710.35,0,0.0,0.0,0.0,0.0,-0.01,-1,-1,-0.01,-1,-1,-0.01,-1,-1,-0.01,-1,-1,-0.01,-1,-1,-0.01,-1,-1,-0.01,-1,-1,-0.01,-1,-1,-0.01,-1,-1,-0.01,-1,-1
99926009,2026-05-18 15:15:05+05:30,53507.05,0,0.0,0,0.0,0.0,53282.15,53667.55,52783.45,53710.35,0,0.0,0.0,0.0,0.0,-0.01,-1,-1,-0.01,-1,-1,-0.01,-1,-1,-0.01,-1,-1,-0.01,-1,-1,-0.01,-1,-1,-0.01,-1,-1,-0.01,-1,-1,-0.01,-1,-1,-0.01,-1,-1
99926009,2026-05-18 15:15:05+05:30,53504.05,0,0.0,0,0.0,0.0,53282.15,53667.55,52783.45,53710.35,0,0.0,0.0,0.0,0.0,-0.01,-1,-1,-0.01,-1,-1,-0.01,-1,-1,-0.01,-1,-1,-0.01,-1,-1,-0.01,-1,-1,-0.01,-1,-1,-0.01,-1,-1,-0.01,-1,-1,-0.01,-1,-1
99926009,2026-05-18 15:15:06+05:30,53504.05,0,0.0,0,0.0,0.0,53282.15,53667.55,52783.45,53710.35,0,0.0,0.0,0.0,0.0,-0.01,-1,-1,-0.01,-1,-1,-0.01,-1,-1,-0.01,-1,-1,-0.01,-1,-1,-0.01,-1,-1,-0.01,-1,-1,-0.01,-1,-1,-0.01,-1,-1,-0.01,-1,-1
99926009,2026-05-18 15:15:06+05:30,53503.8,0,0.0,0,0.0,0.0,53282.15,53667.55,52783.45,53710.35,0,0.0,0.0,0.0,0.0,-0.01,-1,-1,-0.01,-1,-1,-0.01,-1,-1,-0.01,-1,-1,-0.01,-1,-1,-0.01,-1,-1,-0.01,-1,-1,-0.01,-1,-1,-0.01,-1,-1,-0.01,-1,-1
99926009,2026-05-18 15:15:06+05:30,53502.2,0,0.0,0,0.0,0.0,53282.15,53667.55,52783.45,53710.35,0,0.0,0.0,0.0,0.0,-0.01,-1,-1,-0.01,-1,-1,-0.01,-1,-1,-0.01,-1,-1,-0.01,-1,-1,-0.01,-1,-1,-0.01,-1,-1,-0.01,-1,-1,-0.01,-1,-1,-0.01,-1,-1
99926009,2026-05-18 15:15:07+05:30,53502.2,0,0.0,0,0.0,0.0,53282.15,53667.55,52783.45,53710.35,0,0.0,0.0,0.0,0.0,-0.01,-1,-1,-0.01,-1,-1,-0.01,-1,-1,-0.01,-1,-1,-0.01,-1,-1,-0.01,-1,-1,-0.01,-1,-1,-0.01,-1,-1,-0.01,-1,-1,-0.01,-1,-1
99926009,2026-05-18 15:15:07+05:30,53503.0,0,0.0,0,0.0,0.0,53282.15,53667.55,52783.45,53710.35,0,0.0,0.0,0.0,0.0,-0.01,-1,-1,-0.01,-1,-1,-0.01,-1,-1,-0.01,-1,-1,-0.01,-1,-1,-0.01,-1,-1,-0.01,-1,-1,-0.01,-1,-1,-0.01,-1,-1,-0.01,-1,-1
99926009,2026-05-18 15:15:07+05:30,53504.15,0,0.0,0,0.0,0.0,53282.15,53667.55,52783.45,53710.35,0,0.0,0.0,0.0,0.0,-0.01,-1,-1,-0.01,-1,-1,-0.01,-1,-1,-0.01,-1,-1,-0.01,-1,-1,-0.01,-1,-1,-0.01,-1,-1,-0.01,-1,-1,-0.01,-1,-1,-0.01,-1,-1
99926009,2026-05-18 15:15:08+05:30,53504.15,0,0.0,0,0.0,0.0,53282.15,53667.55,52783.45,53710.35,0,0.0,0.0,0.0,0.0,-0.01,-1,-1,-0.01,-1,-1,-0.01,-1,-1,-0.01,-1,-1,-0.01,-1,-1,-0.01,-1,-1,-0.01,-1,-1,-0.01,-1,-1,-0.01,-1,-1,-0.01,-1,-1
99926009,2026-05-18 15:15:08+05:30,53502.35,0,0.0,0,0.0,0.0,53282.15,53667.55,52783.45,53710.35,0,0.0,0.0,0.0,0.0,-0.01,-1,-1,-0.01,-1,-1,-0.01,-1,-1,-0.01,-1,-1,-0.01,-1,-1,-0.01,-1,-1,-0.01,-1,-1,-0.01,-1,-1,-0.01,-1,-1,-0.01,-1,-1
99926009,2026-05-18 15:15:08+05:30,53503.45,0,0.0,0,0.0,0.0,53282.15,53667.55,52783.45,53710.35,0,0.0,0.0,0.0,0.0,-0.01,-1,-1,-0.01,-1,-1,-0.01,-1,-1,-0.01,-1,-1,-0.01,-1,-1,-0.01,-1,-1,-0.01,-1,-1,-0.01,-1,-1,-0.01,-1,-1,-0.01,-1,-1
99926009,2026-05-18 15:15:09+05:30,53503.45,0,0.0,0,0.0,0.0,53282.15,53667.55,52783.45,53710.35,0,0.0,0.0,0.0,0.0,-0.01,-1,-1,-0.01,-1,-1,-0.01,-1,-1,-0.01,-1,-1,-0.01,-1,-1,-0.01,-1,-1,-0.01,-1,-1,-0.01,-1,-1,-0.01,-1,-1,-0.01,-1,-1
99926009,2026-05-18 15:15:09+05:30,53502.1,0,0.0,0,0.0,0.0,53282.15,53667.55,52783.45,53710.35,0,0.0,0.0,0.0,0.0,-0.01,-1,-1,-0.01,-1,-1,-0.01,-1,-1,-0.01,-1,-1,-0.01,-1,-1,-0.01,-1,-1,-0.01,-1,-1,-0.01,-1,-1,-0.01,-1,-1,-0.01,-1,-1
99926009,2026-05-18 15:15:09+05:30,53504.65,0,0.0,0,0.0,0.0,53282.15,53667.55,52783.45,53710.35,0,0.0,0.0,0.0,0.0,-0.01,-1,-1,-0.01,-1,-1,-0.01,-1,-1,-0.01,-1,-1,-0.01,-1,-1,-0.01,-1,-1,-0.01,-1,-1,-0.01,-1,-1,-0.01,-1,-1,-0.01,-1,-1
99926009,2026-05-18 15:15:10+05:30,53504.65,0,0.0,0,0.0,0.0,53282.15,53667.55,52783.45,53710.35,0,0.0,0.0,0.0,0.0,-0.01,-1,-1,-0.01,-1,-1,-0.01,-1,-1,-0.01,-1,-1,-0.01,-1,-1,-0.01,-1,-1,-0.01,-1,-1,-0.01,-1,-1,-0.01,-1,-1,-0.01,-1,-1
99926009,2026-05-18 15:15:10+05:30,53508.3,0,0.0,0,0.0,0.0,53282.15,53667.55,52783.45,53710.35,0,0.0,0.0,0.0,0.0,-0.01,-1,-1,-0.01,-1,-1,-0.01,-1,-1,-0.01,-1,-1,-0.01,-1,-1,-0.01,-1,-1,-0.01,-1,-1,-0.01,-1,-1,-0.01,-1,-1,-0.01,-1,-1
99926009,2026-05-18 15:15:10+05:30,53506.15,0,0.0,0,0.0,0.0,53282.15,53667.55,52783.45,53710.35,0,0.0,0.0,0.0,0.0,-0.01,-1,-1,-0.01,-1,-1,-0.01,-1,-1,-0.01,-1,-1,-0.01,-1,-1,-0.01,-1,-1,-0.01,-1,-1,-0.01,-1,-1,-0.01,-1,-1,-0.01,-1,-1
99926009,2026-05-18 15:15:11+05:30,53506.15,0,0.0,0,0.0,0.0,53282.15,53667.55,52783.45,53710.35,0,0.0,0.0,0.0,0.0,-0.01,-1,-1,-0.01,-1,-1,-0.01,-1,-1,-0.01,-1,-1,-0.01,-1,-1,-0.01,-1,-1,-0.01,-1,-1,-0.01,-1,-1,-0.01,-1,-1,-0.01,-1,-1
99926009,2026-05-18 15:15:11+05:30,53504.0,0,0.0,0,0.0,0.0,53282.15,53667.55,52783.45,53710.35,0,0.0,0.0,0.0,0.0,-0.01,-1,-1,-0.01,-1,-1,-0.01,-1,-1,-0.01,-1,-1,-0.01,-1,-1,-0.01,-1,-1,-0.01,-1,-1,-0.01,-1,-1,-0.01,-1,-1,-0.01,-1,-1
99926009,2026-05-18 15:15:11+05:30,53502.15,0,0.0,0,0.0,0.0,53282.15,53667.55,52783.45,53710.35,0,0.0,0.0,0.0,0.0,-0.01,-1,-1,-0.01,-1,-1,-0.01,-1,-1,-0.01,-1,-1,-0.01,-1,-1,-0.01,-1,-1,-0.01,-1,-1,-0.01,-1,-1,-0.01,-1,-1,-0.01,-1,-1
99926009,2026-05-18 15:15:12+05:30,53502.15,0,0.0,0,0.0,0.0,53282.15,53667.55,52783.45,53710.35,0,0.0,0.0,0.0,0.0,-0.01,-1,-1,-0.01,-1,-1,-0.01,-1,-1,-0.01,-1,-1,-0.01,-1,-1,-0.01,-1,-1,-0.01,-1,-1,-0.01,-1,-1,-0.01,-1,-1,-0.01,-1,-1
99926009,2026-05-18 15:15:12+05:30,53505.35,0,0.0,0,0.0,0.0,53282.15,53667.55,52783.45,53710.35,0,0.0,0.0,0.0,0.0,-0.01,-1,-1,-0.01,-1,-1,-0.01,-1,-1,-0.01,-1,-1,-0.01,-1,-1,-0.01,-1,-1,-0.01,-1,-1,-0.01,-1,-1,-0.01,-1,-1,-0.01,-1,-1
99926009,2026-05-18 15:15:12+05:30,53502.05,0,0.0,0,0.0,0.0,53282.15,53667.55,52783.45,53710.35,0,0.0,0.0,0.0,0.0,-0.01,-1,-1,-0.01,-1,-1,-0.01,-1,-1,-0.01,-1,-1,-0.01,-1,-1,-0.01,-1,-1,-0.01,-1,-1,-0.01,-1,-1,-0.01,-1,-1,-0.01,-1,-1
99926009,2026-05-18 15:15:13+05:30,53502.05,0,0.0,0,0.0,0.0,53282.15,53667.55,52783.45,53710.35,0,0.0,0.0,0.0,0.0,-0.01,-1,-1,-0.01,-1,-1,-0.01,-1,-1,-0.01,-1,-1,-0.01,-1,-1,-0.01,-1,-1,-0.01,-1,-1,-0.01,-1,-1,-0.01,-1,-1,-0.01,-1,-1
99926009,2026-05-18 15:15:13+05:30,53503.2,0,0.0,0,0.0,0.0,53282.15,53667.55,52783.45,53710.35,0,0.0,0.0,0.0,0.0,-0.01,-1,-1,-0.01,-1,-1,-0.01,-1,-1,-0.01,-1,-1,-0.01,-1,-1,-0.01,-1,-1,-0.01,-1,-1,-0.01,-1,-1,-0.01,-1,-1,-0.01,-1,-1
99926009,2026-05-18 15:15:13+05:30,53503.65,0,0.0,0,0.0,0.0,53282.15,53667.55,52783.45,53710.35,0,0.0,0.0,0.0,0.0,-0.01,-1,-1,-0.01,-1,-1,-0.01,-1,-1,-0.01,-1,-1,-0.01,-1,-1,-0.01,-1,-1,-0.01,-1,-1,-0.01,-1,-1,-0.01,-1,-1,-0.01,-1,-1
99926009,2026-05-18 15:15:14+05:30,53503.65,0,0.0,0,0.0,0.0,53282.15,53667.55,52783.45,53710.35,0,0.0,0.0,0.0,0.0,-0.01,-1,-1,-0.01,-1,-1,-0.01,-1,-1,-0.01,-1,-1,-0.01,-1,-1,-0.01,-1,-1,-0.01,-1,-1,-0.01,-1,-1,-0.01,-1,-1,-0.01,-1,-1
99926009,2026-05-18 15:15:14+05:30,53505.0,0,0.0,0,0.0,0.0,53282.15,53667.55,52783.45,53710.35,0,0.0,0.0,0.0,0.0,-0.01,-1,-1,-0.01,-1,-1,-0.01,-1,-1,-0.01,-1,-1,-0.01,-1,-1,-0.01,-1,-1,-0.01,-1,-1,-0.01,-1,-1,-0.01,-1,-1,-0.01,-1,-1
99926009,2026-05-18 15:15:14+05:30,53502.85,0,0.0,0,0.0,0.0,53282.15,53667.55,52783.45,53710.35,0,0.0,0.0,0.0,0.0,-0.01,-1,-1,-0.01,-1,-1,-0.01,-1,-1,-0.01,-1,-1,-0.01,-1,-1,-0.01,-1,-1,-0.01,-1,-1,-0.01,-1,-1,-0.01,-1,-1,-0.01,-1,-1
99926009,2026-05-18 15:15:15+05:30,53502.85,0,0.0,0,0.0,0.0,53282.15,53667.55,52783.45,53710.35,0,0.0,0.0,0.0,0.0,-0.01,-1,-1,-0.01,-1,-1,-0.01,-1,-1,-0.01,-1,-1,-0.01,-1,-1,-0.01,-1,-1,-0.01,-1,-1,-0.01,-1,-1,-0.01,-1,-1,-0.01,-1,-1
99926009,2026-05-18 15:15:15+05:30,53507.05,0,0.0,0,0.0,0.0,53282.15,53667.55,52783.45,53710.35,0,0.0,0.0,0.0,0.0,-0.01,-1,-1,-0.01,-1,-1,-0.01,-1,-1,-0.01,-1,-1,-0.01,-1,-1,-0.01,-1,-1,-0.01,-1,-1,-0.01,-1,-1,-0.01,-1,-1,-0.01,-1,-1
99926009,2026-05-18 15:15:15+05:30,53505.4,0,0.0,0,0.0,0.0,53282.15,53667.55,52783.45,53710.35,0,0.0,0.0,0.0,0.0,-0.01,-1,-1,-0.01,-1,-1,-0.01,-1,-1,-0.01,-1,-1,-0.01,-1,-1,-0.01,-1,-1,-0.01,-1,-1,-0.01,-1,-1,-0.01,-1,-1,-0.01,-1,-1
99926009,2026-05-18 15:15:16+05:30,53505.4,0,0.0,0,0.0,0.0,53282.15,53667.55,52783.45,53710.35,0,0.0,0.0,0.0,0.0,-0.01,-1,-1,-0.01,-1,-1,-0.01,-1,-1,-0.01,-1,-1,-0.01,-1,-1,-0.01,-1,-1,-0.01,-1,-1,-0.01,-1,-1,-0.01,-1,-1,-0.01,-1,-1
99926009,2026-05-18 15:15:16+05:30,53505.85,0,0.0,0,0.0,0.0,53282.15,53667.55,52783.45,53710.35,0,0.0,0.0,0.0,0.0,-0.01,-1,-1,-0.01,-1,-1,-0.01,-1,-1,-0.01,-1,-1,-0.01,-1,-1,-0.01,-1,-1,-0.01,-1,-1,-0.01,-1,-1,-0.01,-1,-1,-0.01,-1,-1
99926009,2026-05-18 15:15:16+05:30,53503.55,0,0.0,0,0.0,0.0,53282.15,53667.55,52783.45,53710.35,0,0.0,0.0,0.0,0.0,-0.01,-1,-1,-0.01,-1,-1,-0.01,-1,-1,-0.01,-1,-1,-0.01,-1,-1,-0.01,-1,-1,-0.01,-1,-1,-0.01,-1,-1,-0.01,-1,-1,-0.01,-1,-1
99926009,2026-05-18 15:15:17+05:30,53503.55,0,0.0,0,0.0,0.0,53282.15,53667.55,52783.45,53710.35,0,0.0,0.0,0.0,0.0,-0.01,-1,-1,-0.01,-1,-1,-0.01,-1,-1,-0.01,-1,-1,-0.01,-1,-1,-0.01,-1,-1,-0.01,-1,-1,-0.01,-1,-1,-0.01,-1,-1,-0.01,-1,-1
99926009,2026-05-18 15:15:17+05:30,53502.35,0,0.0,0,0.0,0.0,53282.15,53667.55,52783.45,53710.35,0,0.0,0.0,0.0,0.0,-0.01,-1,-1,-0.01,-1,-1,-0.01,-1,-1,-0.01,-1,-1,-0.01,-1,-1,-0.01,-1,-1,-0.01,-1,-1,-0.01,-1,-1,-0.01,-1,-1,-0.01,-1,-1
99926009,2026-05-18 15:15:17+05:30,53500.45,0,0.0,0,0.0,0.0,53282.15,53667.55,52783.45,53710.35,0,0.0,0.0,0.0,0.0,-0.01,-1,-1,-0.01,-1,-1,-0.01,-1,-1,-0.01,-1,-1,-0.01,-1,-1,-0.01,-1,-1,-0.01,-1,-1,-0.01,-1,-1,-0.01,-1,-1,-0.01,-1,-1
99926009,2026-05-18 15:15:18+05:30,53500.45,0,0.0,0,0.0,0.0,53282.15,53667.55,52783.45,53710.35,0,0.0,0.0,0.0,0.0,-0.01,-1,-1,-0.01,-1,-1,-0.01,-1,-1,-0.01,-1,-1,-0.01,-1,-1,-0.01,-1,-1,-0.01,-1,-1,-0.01,-1,-1,-0.01,-1,-1,-0.01,-1,-1
99926009,2026-05-18 15:15:18+05:30,53501.2,0,0.0,0,0.0,0.0,53282.15,53667.55,52783.45,53710.35,0,0.0,0.0,0.0,0.0,-0.01,-1,-1,-0.01,-1,-1,-0.01,-1,-1,-0.01,-1,-1,-0.01,-1,-1,-0.01,-1,-1,-0.01,-1,-1,-0.01,-1,-1,-0.01,-1,-1,-0.01,-1,-1
99926009,2026-05-18 15:15:18+05:30,53499.75,0,0.0,0,0.0,0.0,53282.15,53667.55,52783.45,53710.35,0,0.0,0.0,0.0,0.0,-0.01,-1,-1,-0.01,-1,-1,-0.01,-1,-1,-0.01,-1,-1,-0.01,-1,-1,-0.01,-1,-1,-0.01,-1,-1,-0.01,-1,-1,-0.01,-1,-1,-0.01,-1,-1
99926009,2026-05-18 15:15:19+05:30,53499.75,0,0.0,0,0.0,0.0,53282.15,53667.55,52783.45,53710.35,0,0.0,0.0,0.0,0.0,-0.01,-1,-1,-0.01,-1,-1,-0.01,-1,-1,-0.01,-1,-1,-0.01,-1,-1,-0.01,-1,-1,-0.01,-1,-1,-0.01,-1,-1,-0.01,-1,-1,-0.01,-1,-1
99926009,2026-05-18 15:15:19+05:30,53499.75,0,0.0,0,0.0,0.0,53282.15,53667.55,52783.45,53710.35,0,0.0,0.0,0.0,0.0,-0.01,-1,-1,-0.01,-1,-1,-0.01,-1,-1,-0.01,-1,-1,-0.01,-1,-1,-0.01,-1,-1,-0.01,-1,-1,-0.01,-1,-1,-0.01,-1,-1,-0.01,-1,-1
99926009,2026-05-18 15:15:19+05:30,53499.9,0,0.0,0,0.0,0.0,53282.15,53667.55,52783.45,53710.35,0,0.0,0.0,0.0,0.0,-0.01,-1,-1,-0.01,-1,-1,-0.01,-1,-1,-0.01,-1,-1,-0.01,-1,-1,-0.01,-1,-1,-0.01,-1,-1,-0.01,-1,-1,-0.01,-1,-1,-0.01,-1,-1
99926009,2026-05-18 15:15:20+05:30,53499.9,0,0.0,0,0.0,0.0,53282.15,53667.55,52783.45,53710.35,0,0.0,0.0,0.0,0.0,-0.01,-1,-1,-0.01,-1,-1,-0.01,-1,-1,-0.01,-1,-1,-0.01,-1,-1,-0.01,-1,-1,-0.01,-1,-1,-0.01,-1,-1,-0.01,-1,-1,-0.01,-1,-1
99926009,2026-05-18 15:15:20+05:30,53501.25,0,0.0,0,0.0,0.0,53282.15,53667.55,52783.45,53710.35,0,0.0,0.0,0.0,0.0,-0.01,-1,-1,-0.01,-1,-1,-0.01,-1,-1,-0.01,-1,-1,-0.01,-1,-1,-0.01,-1,-1,-0.01,-1,-1,-0.01,-1,-1,-0.01,-1,-1,-0.01,-1,-1
99926009,2026-05-18 15:15:20+05:30,53498.6,0,0.0,0,0.0,0.0,53282.15,53667.55,52783.45,53710.35,0,0.0,0.0,0.0,0.0,-0.01,-1,-1,-0.01,-1,-1,-0.01,-1,-1,-0.01,-1,-1,-0.01,-1,-1,-0.01,-1,-1,-0.01,-1,-1,-0.01,-1,-1,-0.01,-1,-1,-0.01,-1,-1
99926009,2026-05-18 15:15:21+05:30,53498.6,0,0.0,0,0.0,0.0,53282.15,53667.55,52783.45,53710.35,0,0.0,0.0,0.0,0.0,-0.01,-1,-1,-0.01,-1,-1,-0.01,-1,-1,-0.01,-1,-1,-0.01,-1,-1,-0.01,-1,-1,-0.01,-1,-1,-0.01,-1,-1,-0.01,-1,-1,-0.01,-1,-1
99926009,2026-05-18 15:15:21+05:30,53498.1,0,0.0,0,0.0,0.0,53282.15,53667.55,52783.45,53710.35,0,0.0,0.0,0.0,0.0,-0.01,-1,-1,-0.01,-1,-1,-0.01,-1,-1,-0.01,-1,-1,-0.01,-1,-1,-0.01,-1,-1,-0.01,-1,-1,-0.01,-1,-1,-0.01,-1,-1,-0.01,-1,-1
99926009,2026-05-18 15:15:21+05:30,53498.4,0,0.0,0,0.0,0.0,53282.15,53667.55,52783.45,53710.35,0,0.0,0.0,0.0,0.0,-0.01,-1,-1,-0.01,-1,-1,-0.01,-1,-1,-0.01,-1,-1,-0.01,-1,-1,-0.01,-1,-1,-0.01,-1,-1,-0.01,-1,-1,-0.01,-1,-1,-0.01,-1,-1
99926009,2026-05-18 15:15:22+05:30,53498.4,0,0.0,0,0.0,0.0,53282.15,53667.55,52783.45,53710.35,0,0.0,0.0,0.0,0.0,-0.01,-1,-1,-0.01,-1,-1,-0.01,-1,-1,-0.01,-1,-1,-0.01,-1,-1,-0.01,-1,-1,-0.01,-1,-1,-0.01,-1,-1,-0.01,-1,-1,-0.01,-1,-1
99926009,2026-05-18 15:15:22+05:30,53496.35,0,0.0,0,0.0,0.0,53282.15,53667.55,52783.45,53710.35,0,0.0,0.0,0.0,0.0,-0.01,-1,-1,-0.01,-1,-1,-0.01,-1,-1,-0.01,-1,-1,-0.01,-1,-1,-0.01,-1,-1,-0.01,-1,-1,-0.01,-1,-1,-0.01,-1,-1,-0.01,-1,-1
99926009,2026-05-18 15:15:22+05:30,53497.75,0,0.0,0,0.0,0.0,53282.15,53667.55,52783.45,53710.35,0,0.0,0.0,0.0,0.0,-0.01,-1,-1,-0.01,-1,-1,-0.01,-1,-1,-0.01,-1,-1,-0.01,-1,-1,-0.01,-1,-1,-0.01,-1,-1,-0.01,-1,-1,-0.01,-1,-1,-0.01,-1,-1
99926009,2026-05-18 15:15:23+05:30,53497.75,0,0.0,0,0.0,0.0,53282.15,53667.55,52783.45,53710.35,0,0.0,0.0,0.0,0.0,-0.01,-1,-1,-0.01,-1,-1,-0.01,-1,-1,-0.01,-1,-1,-0.01,-1,-1,-0.01,-1,-1,-0.01,-1,-1,-0.01,-1,-1,-0.01,-1,-1,-0.01,-1,-1
99926009,2026-05-18 15:15:23+05:30,53498.8,0,0.0,0,0.0,0.0,53282.15,53667.55,52783.45,53710.35,0,0.0,0.0,0.0,0.0,-0.01,-1,-1,-0.01,-1,-1,-0.01,-1,-1,-0.01,-1,-1,-0.01,-1,-1,-0.01,-1,-1,-0.01,-1,-1,-0.01,-1,-1,-0.01,-1,-1,-0.01,-1,-1
99926009,2026-05-18 15:15:23+05:30,53501.0,0,0.0,0,0.0,0.0,53282.15,53667.55,52783.45,53710.35,0,0.0,0.0,0.0,0.0,-0.01,-1,-1,-0.01,-1,-1,-0.01,-1,-1,-0.01,-1,-1,-0.01,-1,-1,-0.01,-1,-1,-0.01,-1,-1,-0.01,-1,-1,-0.01,-1,-1,-0.01,-1,-1
99926009,2026-05-18 15:15:24+05:30,53501.0,0,0.0,0,0.0,0.0,53282.15,53667.55,52783.45,53710.35,0,0.0,0.0,0.0,0.0,-0.01,-1,-1,-0.01,-1,-1,-0.01,-1,-1,-0.01,-1,-1,-0.01,-1,-1,-0.01,-1,-1,-0.01,-1,-1,-0.01,-1,-1,-0.01,-1,-1,-0.01,-1,-1
99926009,2026-05-18 15:15:24+05:30,53500.25,0,0.0,0,0.0,0.0,53282.15,53667.55,52783.45,53710.35,0,0.0,0.0,0.0,0.0,-0.01,-1,-1,-0.01,-1,-1,-0.01,-1,-1,-0.01,-1,-1,-0.01,-1,-1,-0.01,-1,-1,-0.01,-1,-1,-0.01,-1,-1,-0.01,-1,-1,-0.01,-1,-1
99926009,2026-05-18 15:15:24+05:30,53500.35,0,0.0,0,0.0,0.0,53282.15,53667.55,52783.45,53710.35,0,0.0,0.0,0.0,0.0,-0.01,-1,-1,-0.01,-1,-1,-0.01,-1,-1,-0.01,-1,-1,-0.01,-1,-1,-0.01,-1,-1,-0.01,-1,-1,-0.01,-1,-1,-0.01,-1,-1,-0.01,-1,-1
99926009,2026-05-18 15:15:25+05:30,53500.35,0,0.0,0,0.0,0.0,53282.15,53667.55,52783.45,53710.35,0,0.0,0.0,0.0,0.0,-0.01,-1,-1,-0.01,-1,-1,-0.01,-1,-1,-0.01,-1,-1,-0.01,-1,-1,-0.01,-1,-1,-0.01,-1,-1,-0.01,-1,-1,-0.01,-1,-1,-0.01,-1,-1
99926009,2026-05-18 15:15:25+05:30,53499.65,0,0.0,0,0.0,0.0,53282.15,53667.55,52783.45,53710.35,0,0.0,0.0,0.0,0.0,-0.01,-1,-1,-0.01,-1,-1,-0.01,-1,-1,-0.01,-1,-1,-0.01,-1,-1,-0.01,-1,-1,-0.01,-1,-1,-0.01,-1,-1,-0.01,-1,-1,-0.01,-1,-1
99926009,2026-05-18 15:15:25+05:30,53501.9,0,0.0,0,0.0,0.0,53282.15,53667.55,52783.45,53710.35,0,0.0,0.0,0.0,0.0,-0.01,-1,-1,-0.01,-1,-1,-0.01,-1,-1,-0.01,-1,-1,-0.01,-1,-1,-0.01,-1,-1,-0.01,-1,-1,-0.01,-1,-1,-0.01,-1,-1,-0.01,-1,-1
99926009,2026-05-18 15:15:26+05:30,53501.9,0,0.0,0,0.0,0.0,53282.15,53667.55,52783.45,53710.35,0,0.0,0.0,0.0,0.0,-0.01,-1,-1,-0.01,-1,-1,-0.01,-1,-1,-0.01,-1,-1,-0.01,-1,-1,-0.01,-1,-1,-0.01,-1,-1,-0.01,-1,-1,-0.01,-1,-1,-0.01,-1,-1
99926009,2026-05-18 15:15:26+05:30,53501.1,0,0.0,0,0.0,0.0,53282.15,53667.55,52783.45,53710.35,0,0.0,0.0,0.0,0.0,-0.01,-1,-1,-0.01,-1,-1,-0.01,-1,-1,-0.01,-1,-1,-0.01,-1,-1,-0.01,-1,-1,-0.01,-1,-1,-0.01,-1,-1,-0.01,-1,-1,-0.01,-1,-1
99926009,2026-05-18 15:15:26+05:30,53499.45,0,0.0,0,0.0,0.0,53282.15,53667.55,52783.45,53710.35,0,0.0,0.0,0.0,0.0,-0.01,-1,-1,-0.01,-1,-1,-0.01,-1,-1,-0.01,-1,-1,-0.01,-1,-1,-0.01,-1,-1,-0.01,-1,-1,-0.01,-1,-1,-0.01,-1,-1,-0.01,-1,-1
99926009,2026-05-18 15:15:27+05:30,53499.45,0,0.0,0,0.0,0.0,53282.15,53667.55,52783.45,53710.35,0,0.0,0.0,0.0,0.0,-0.01,-1,-1,-0.01,-1,-1,-0.01,-1,-1,-0.01,-1,-1,-0.01,-1,-1,-0.01,-1,-1,-0.01,-1,-1,-0.01,-1,-1,-0.01,-1,-1,-0.01,-1,-1
99926009,2026-05-18 15:15:27+05:30,53501.9,0,0.0,0,0.0,0.0,53282.15,53667.55,52783.45,53710.35,0,0.0,0.0,0.0,0.0,-0.01,-1,-1,-0.01,-1,-1,-0.01,-1,-1,-0.01,-1,-1,-0.01,-1,-1,-0.01,-1,-1,-0.01,-1,-1,-0.01,-1,-1,-0.01,-1,-1,-0.01,-1,-1
99926009,2026-05-18 15:15:27+05:30,53495.8,0,0.0,0,0.0,0.0,53282.15,53667.55,52783.45,53710.35,0,0.0,0.0,0.0,0.0,-0.01,-1,-1,-0.01,-1,-1,-0.01,-1,-1,-0.01,-1,-1,-0.01,-1,-1,-0.01,-1,-1,-0.01,-1,-1,-0.01,-1,-1,-0.01,-1,-1,-0.01,-1,-1
99926009,2026-05-18 15:15:28+05:30,53495.8,0,0.0,0,0.0,0.0,53282.15,53667.55,52783.45,53710.35,0,0.0,0.0,0.0,0.0,-0.01,-1,-1,-0.01,-1,-1,-0.01,-1,-1,-0.01,-1,-1,-0.01,-1,-1,-0.01,-1,-1,-0.01,-1,-1,-0.01,-1,-1,-0.01,-1,-1,-0.01,-1,-1
99926009,2026-05-18 15:15:28+05:30,53496.15,0,0.0,0,0.0,0.0,53282.15,53667.55,52783.45,53710.35,0,0.0,0.0,0.0,0.0,-0.01,-1,-1,-0.01,-1,-1,-0.01,-1,-1,-0.01,-1,-1,-0.01,-1,-1,-0.01,-1,-1,-0.01,-1,-1,-0.01,-1,-1,-0.01,-1,-1,-0.01,-1,-1
99926009,2026-05-18 15:15:28+05:30,53498.65,0,0.0,0,0.0,0.0,53282.15,53667.55,52783.45,53710.35,0,0.0,0.0,0.0,0.0,-0.01,-1,-1,-0.01,-1,-1,-0.01,-1,-1,-0.01,-1,-1,-0.01,-1,-1,-0.01,-1,-1,-0.01,-1,-1,-0.01,-1,-1,-0.01,-1,-1,-0.01,-1,-1
99926009,2026-05-18 15:15:29+05:30,53498.65,0,0.0,0,0.0,0.0,53282.15,53667.55,52783.45,53710.35,0,0.0,0.0,0.0,0.0,-0.01,-1,-1,-0.01,-1,-1,-0.01,-1,-1,-0.01,-1,-1,-0.01,-1,-1,-0.01,-1,-1,-0.01,-1,-1,-0.01,-1,-1,-0.01,-1,-1,-0.01,-1,-1
99926009,2026-05-18 15:15:29+05:30,53495.45,0,0.0,0,0.0,0.0,53282.15,53667.55,52783.45,53710.35,0,0.0,0.0,0.0,0.0,-0.01,-1,-1,-0.01,-1,-1,-0.01,-1,-1,-0.01,-1,-1,-0.01,-1,-1,-0.01,-1,-1,-0.01,-1,-1,-0.01,-1,-1,-0.01,-1,-1,-0.01,-1,-1
99926009,2026-05-18 15:15:29+05:30,53491.05,0,0.0,0,0.0,0.0,53282.15,53667.55,52783.45,53710.35,0,0.0,0.0,0.0,0.0,-0.01,-1,-1,-0.01,-1,-1,-0.01,-1,-1,-0.01,-1,-1,-0.01,-1,-1,-0.01,-1,-1,-0.01,-1,-1,-0.01,-1,-1,-0.01,-1,-1,-0.01,-1,-1
99926009,2026-05-18 15:15:30+05:30,53491.05,0,0.0,0,0.0,0.0,53282.15,53667.55,52783.45,53710.35,0,0.0,0.0,0.0,0.0,-0.01,-1,-1,-0.01,-1,-1,-0.01,-1,-1,-0.01,-1,-1,-0.01,-1,-1,-0.01,-1,-1,-0.01,-1,-1,-0.01,-1,-1,-0.01,-1,-1,-0.01,-1,-1
99926009,2026-05-18 15:15:30+05:30,53492.7,0,0.0,0,0.0,0.0,53282.15,53667.55,52783.45,53710.35,0,0.0,0.0,0.0,0.0,-0.01,-1,-1,-0.01,-1,-1,-0.01,-1,-1,-0.01,-1,-1,-0.01,-1,-1,-0.01,-1,-1,-0.01,-1,-1,-0.01,-1,-1,-0.01,-1,-1,-0.01,-1,-1
99926009,2026-05-18 15:15:30+05:30,53497.15,0,0.0,0,0.0,0.0,53282.15,53667.55,52783.45,53710.35,0,0.0,0.0,0.0,0.0,-0.01,-1,-1,-0.01,-1,-1,-0.01,-1,-1,-0.01,-1,-1,-0.01,-1,-1,-0.01,-1,-1,-0.01,-1,-1,-0.01,-1,-1,-0.01,-1,-1,-0.01,-1,-1
99926009,2026-05-18 15:15:31+05:30,53497.15,0,0.0,0,0.0,0.0,53282.15,53667.55,52783.45,53710.35,0,0.0,0.0,0.0,0.0,-0.01,-1,-1,-0.01,-1,-1,-0.01,-1,-1,-0.01,-1,-1,-0.01,-1,-1,-0.01,-1,-1,-0.01,-1,-1,-0.01,-1,-1,-0.01,-1,-1,-0.01,-1,-1
99926009,2026-05-18 15:15:31+05:30,53494.1,0,0.0,0,0.0,0.0,53282.15,53667.55,52783.45,53710.35,0,0.0,0.0,0.0,0.0,-0.01,-1,-1,-0.01,-1,-1,-0.01,-1,-1,-0.01,-1,-1,-0.01,-1,-1,-0.01,-1,-1,-0.01,-1,-1,-0.01,-1,-1,-0.01,-1,-1,-0.01,-1,-1
99926009,2026-05-18 15:15:31+05:30,53490.8,0,0.0,0,0.0,0.0,53282.15,53667.55,52783.45,53710.35,0,0.0,0.0,0.0,0.0,-0.01,-1,-1,-0.01,-1,-1,-0.01,-1,-1,-0.01,-1,-1,-0.01,-1,-1,-0.01,-1,-1,-0.01,-1,-1,-0.01,-1,-1,-0.01,-1,-1,-0.01,-1,-1
99926009,2026-05-18 15:15:32+05:30,53490.8,0,0.0,0,0.0,0.0,53282.15,53667.55,52783.45,53710.35,0,0.0,0.0,0.0,0.0,-0.01,-1,-1,-0.01,-1,-1,-0.01,-1,-1,-0.01,-1,-1,-0.01,-1,-1,-0.01,-1,-1,-0.01,-1,-1,-0.01,-1,-1,-0.01,-1,-1,-0.01,-1,-1
99926009,2026-05-18 15:15:32+05:30,53494.3,0,0.0,0,0.0,0.0,53282.15,53667.55,52783.45,53710.35,0,0.0,0.0,0.0,0.0,-0.01,-1,-1,-0.01,-1,-1,-0.01,-1,-1,-0.01,-1,-1,-0.01,-1,-1,-0.01,-1,-1,-0.01,-1,-1,-0.01,-1,-1,-0.01,-1,-1,-0.01,-1,-1
99926009,2026-05-18 15:15:32+05:30,53488.8,0,0.0,0,0.0,0.0,53282.15,53667.55,52783.45,53710.35,0,0.0,0.0,0.0,0.0,-0.01,-1,-1,-0.01,-1,-1,-0.01,-1,-1,-0.01,-1,-1,-0.01,-1,-1,-0.01,-1,-1,-0.01,-1,-1,-0.01,-1,-1,-0.01,-1,-1,-0.01,-1,-1
99926009,2026-05-18 15:15:33+05:30,53488.8,0,0.0,0,0.0,0.0,53282.15,53667.55,52783.45,53710.35,0,0.0,0.0,0.0,0.0,-0.01,-1,-1,-0.01,-1,-1,-0.01,-1,-1,-0.01,-1,-1,-0.01,-1,-1,-0.01,-1,-1,-0.01,-1,-1,-0.01,-1,-1,-0.01,-1,-1,-0.01,-1,-1
99926009,2026-05-18 15:15:33+05:30,53488.3,0,0.0,0,0.0,0.0,53282.15,53667.55,52783.45,53710.35,0,0.0,0.0,0.0,0.0,-0.01,-1,-1,-0.01,-1,-1,-0.01,-1,-1,-0.01,-1,-1,-0.01,-1,-1,-0.01,-1,-1,-0.01,-1,-1,-0.01,-1,-1,-0.01,-1,-1,-0.01,-1,-1
99926009,2026-05-18 15:15:33+05:30,53494.15,0,0.0,0,0.0,0.0,53282.15,53667.55,52783.45,53710.35,0,0.0,0.0,0.0,0.0,-0.01,-1,-1,-0.01,-1,-1,-0.01,-1,-1,-0.01,-1,-1,-0.01,-1,-1,-0.01,-1,-1,-0.01,-1,-1,-0.01,-1,-1,-0.01,-1,-1,-0.01,-1,-1
99926009,2026-05-18 15:15:34+05:30,53494.15,0,0.0,0,0.0,0.0,53282.15,53667.55,52783.45,53710.35,0,0.0,0.0,0.0,0.0,-0.01,-1,-1,-0.01,-1,-1,-0.01,-1,-1,-0.01,-1,-1,-0.01,-1,-1,-0.01,-1,-1,-0.01,-1,-1,-0.01,-1,-1,-0.01,-1,-1,-0.01,-1,-1
99926009,2026-05-18 15:15:34+05:30,53491.95,0,0.0,0,0.0,0.0,53282.15,53667.55,52783.45,53710.35,0,0.0,0.0,0.0,0.0,-0.01,-1,-1,-0.01,-1,-1,-0.01,-1,-1,-0.01,-1,-1,-0.01,-1,-1,-0.01,-1,-1,-0.01,-1,-1,-0.01,-1,-1,-0.01,-1,-1,-0.01,-1,-1
99926009,2026-05-18 15:15:34+05:30,53488.75,0,0.0,0,0.0,0.0,53282.15,53667.55,52783.45,53710.35,0,0.0,0.0,0.0,0.0,-0.01,-1,-1,-0.01,-1,-1,-0.01,-1,-1,-0.01,-1,-1,-0.01,-1,-1,-0.01,-1,-1,-0.01,-1,-1,-0.01,-1,-1,-0.01,-1,-1,-0.01,-1,-1
99926009,2026-05-18 15:15:35+05:30,53488.75,0,0.0,0,0.0,0.0,53282.15,53667.55,52783.45,53710.35,0,0.0,0.0,0.0,0.0,-0.01,-1,-1,-0.01,-1,-1,-0.01,-1,-1,-0.01,-1,-1,-0.01,-1,-1,-0.01,-1,-1,-0.01,-1,-1,-0.01,-1,-1,-0.01,-1,-1,-0.01,-1,-1
99926009,2026-05-18 15:15:35+05:30,53490.85,0,0.0,0,0.0,0.0,53282.15,53667.55,52783.45,53710.35,0,0.0,0.0,0.0,0.0,-0.01,-1,-1,-0.01,-1,-1,-0.01,-1,-1,-0.01,-1,-1,-0.01,-1,-1,-0.01,-1,-1,-0.01,-1,-1,-0.01,-1,-1,-0.01,-1,-1,-0.01,-1,-1
99926009,2026-05-18 15:15:35+05:30,53492.65,0,0.0,0,0.0,0.0,53282.15,53667.55,52783.45,53710.35,0,0.0,0.0,0.0,0.0,-0.01,-1,-1,-0.01,-1,-1,-0.01,-1,-1,-0.01,-1,-1,-0.01,-1,-1,-0.01,-1,-1,-0.01,-1,-1,-0.01,-1,-1,-0.01,-1,-1,-0.01,-1,-1
99926009,2026-05-18 15:15:36+05:30,53492.65,0,0.0,0,0.0,0.0,53282.15,53667.55,52783.45,53710.35,0,0.0,0.0,0.0,0.0,-0.01,-1,-1,-0.01,-1,-1,-0.01,-1,-1,-0.01,-1,-1,-0.01,-1,-1,-0.01,-1,-1,-0.01,-1,-1,-0.01,-1,-1,-0.01,-1,-1,-0.01,-1,-1
99926009,2026-05-18 15:15:36+05:30,53490.55,0,0.0,0,0.0,0.0,53282.15,53667.55,52783.45,53710.35,0,0.0,0.0,0.0,0.0,-0.01,-1,-1,-0.01,-1,-1,-0.01,-1,-1,-0.01,-1,-1,-0.01,-1,-1,-0.01,-1,-1,-0.01,-1,-1,-0.01,-1,-1,-0.01,-1,-1,-0.01,-1,-1
99926009,2026-05-18 15:15:36+05:30,53489.2,0,0.0,0,0.0,0.0,53282.15,53667.55,52783.45,53710.35,0,0.0,0.0,0.0,0.0,-0.01,-1,-1,-0.01,-1,-1,-0.01,-1,-1,-0.01,-1,-1,-0.01,-1,-1,-0.01,-1,-1,-0.01,-1,-1,-0.01,-1,-1,-0.01,-1,-1,-0.01,-1,-1
99926009,2026-05-18 15:15:37+05:30,53489.2,0,0.0,0,0.0,0.0,53282.15,53667.55,52783.45,53710.35,0,0.0,0.0,0.0,0.0,-0.01,-1,-1,-0.01,-1,-1,-0.01,-1,-1,-0.01,-1,-1,-0.01,-1,-1,-0.01,-1,-1,-0.01,-1,-1,-0.01,-1,-1,-0.01,-1,-1,-0.01,-1,-1
99926009,2026-05-18 15:15:37+05:30,53491.5,0,0.0,0,0.0,0.0,53282.15,53667.55,52783.45,53710.35,0,0.0,0.0,0.0,0.0,-0.01,-1,-1,-0.01,-1,-1,-0.01,-1,-1,-0.01,-1,-1,-0.01,-1,-1,-0.01,-1,-1,-0.01,-1,-1,-0.01,-1,-1,-0.01,-1,-1,-0.01,-1,-1
99926009,2026-05-18 15:15:37+05:30,53491.45,0,0.0,0,0.0,0.0,53282.15,53667.55,52783.45,53710.35,0,0.0,0.0,0.0,0.0,-0.01,-1,-1,-0.01,-1,-1,-0.01,-1,-1,-0.01,-1,-1,-0.01,-1,-1,-0.01,-1,-1,-0.01,-1,-1,-0.01,-1,-1,-0.01,-1,-1,-0.01,-1,-1
99926009,2026-05-18 15:15:38+05:30,53491.45,0,0.0,0,0.0,0.0,53282.15,53667.55,52783.45,53710.35,0,0.0,0.0,0.0,0.0,-0.01,-1,-1,-0.01,-1,-1,-0.01,-1,-1,-0.01,-1,-1,-0.01,-1,-1,-0.01,-1,-1,-0.01,-1,-1,-0.01,-1,-1,-0.01,-1,-1,-0.01,-1,-1
99926009,2026-05-18 15:15:38+05:30,53489.65,0,0.0,0,0.0,0.0,53282.15,53667.55,52783.45,53710.35,0,0.0,0.0,0.0,0.0,-0.01,-1,-1,-0.01,-1,-1,-0.01,-1,-1,-0.01,-1,-1,-0.01,-1,-1,-0.01,-1,-1,-0.01,-1,-1,-0.01,-1,-1,-0.01,-1,-1,-0.01,-1,-1
99926009,2026-05-18 15:15:38+05:30,53485.4,0,0.0,0,0.0,0.0,53282.15,53667.55,52783.45,53710.35,0,0.0,0.0,0.0,0.0,-0.01,-1,-1,-0.01,-1,-1,-0.01,-1,-1,-0.01,-1,-1,-0.01,-1,-1,-0.01,-1,-1,-0.01,-1,-1,-0.01,-1,-1,-0.01,-1,-1,-0.01,-1,-1
99926009,2026-05-18 15:15:39+05:30,53485.4,0,0.0,0,0.0,0.0,53282.15,53667.55,52783.45,53710.35,0,0.0,0.0,0.0,0.0,-0.01,-1,-1,-0.01,-1,-1,-0.01,-1,-1,-0.01,-1,-1,-0.01,-1,-1,-0.01,-1,-1,-0.01,-1,-1,-0.01,-1,-1,-0.01,-1,-1,-0.01,-1,-1
99926009,2026-05-18 15:15:39+05:30,53488.95,0,0.0,0,0.0,0.0,53282.15,53667.55,52783.45,53710.35,0,0.0,0.0,0.0,0.0,-0.01,-1,-1,-0.01,-1,-1,-0.01,-1,-1,-0.01,-1,-1,-0.01,-1,-1,-0.01,-1,-1,-0.01,-1,-1,-0.01,-1,-1,-0.01,-1,-1,-0.01,-1,-1
99926009,2026-05-18 15:15:39+05:30,53488.85,0,0.0,0,0.0,0.0,53282.15,53667.55,52783.45,53710.35,0,0.0,0.0,0.0,0.0,-0.01,-1,-1,-0.01,-1,-1,-0.01,-1,-1,-0.01,-1,-1,-0.01,-1,-1,-0.01,-1,-1,-0.01,-1,-1,-0.01,-1,-1,-0.01,-1,-1,-0.01,-1,-1
99926009,2026-05-18 15:15:40+05:30,53488.85,0,0.0,0,0.0,0.0,53282.15,53667.55,52783.45,53710.35,0,0.0,0.0,0.0,0.0,-0.01,-1,-1,-0.01,-1,-1,-0.01,-1,-1,-0.01,-1,-1,-0.01,-1,-1,-0.01,-1,-1,-0.01,-1,-1,-0.01,-1,-1,-0.01,-1,-1,-0.01,-1,-1
99926009,2026-05-18 15:15:40+05:30,53491.25,0,0.0,0,0.0,0.0,53282.15,53667.55,52783.45,53710.35,0,0.0,0.0,0.0,0.0,-0.01,-1,-1,-0.01,-1,-1,-0.01,-1,-1,-0.01,-1,-1,-0.01,-1,-1,-0.01,-1,-1,-0.01,-1,-1,-0.01,-1,-1,-0.01,-1,-1,-0.01,-1,-1
99926009,2026-05-18 15:15:40+05:30,53492.75,0,0.0,0,0.0,0.0,53282.15,53667.55,52783.45,53710.35,0,0.0,0.0,0.0,0.0,-0.01,-1,-1,-0.01,-1,-1,-0.01,-1,-1,-0.01,-1,-1,-0.01,-1,-1,-0.01,-1,-1,-0.01,-1,-1,-0.01,-1,-1,-0.01,-1,-1,-0.01,-1,-1
99926009,2026-05-18 15:15:41+05:30,53492.75,0,0.0,0,0.0,0.0,53282.15,53667.55,52783.45,53710.35,0,0.0,0.0,0.0,0.0,-0.01,-1,-1,-0.01,-1,-1,-0.01,-1,-1,-0.01,-1,-1,-0.01,-1,-1,-0.01,-1,-1,-0.01,-1,-1,-0.01,-1,-1,-0.01,-1,-1,-0.01,-1,-1
99926009,2026-05-18 15:15:41+05:30,53490.7,0,0.0,0,0.0,0.0,53282.15,53667.55,52783.45,53710.35,0,0.0,0.0,0.0,0.0,-0.01,-1,-1,-0.01,-1,-1,-0.01,-1,-1,-0.01,-1,-1,-0.01,-1,-1,-0.01,-1,-1,-0.01,-1,-1,-0.01,-1,-1,-0.01,-1,-1,-0.01,-1,-1
99926009,2026-05-18 15:15:41+05:30,53492.05,0,0.0,0,0.0,0.0,53282.15,53667.55,52783.45,53710.35,0,0.0,0.0,0.0,0.0,-0.01,-1,-1,-0.01,-1,-1,-0.01,-1,-1,-0.01,-1,-1,-0.01,-1,-1,-0.01,-1,-1,-0.01,-1,-1,-0.01,-1,-1,-0.01,-1,-1,-0.01,-1,-1
99926009,2026-05-18 15:15:42+05:30,53492.05,0,0.0,0,0.0,0.0,53282.15,53667.55,52783.45,53710.35,0,0.0,0.0,0.0,0.0,-0.01,-1,-1,-0.01,-1,-1,-0.01,-1,-1,-0.01,-1,-1,-0.01,-1,-1,-0.01,-1,-1,-0.01,-1,-1,-0.01,-1,-1,-0.01,-1,-1,-0.01,-1,-1
99926009,2026-05-18 15:15:42+05:30,53493.85,0,0.0,0,0.0,0.0,53282.15,53667.55,52783.45,53710.35,0,0.0,0.0,0.0,0.0,-0.01,-1,-1,-0.01,-1,-1,-0.01,-1,-1,-0.01,-1,-1,-0.01,-1,-1,-0.01,-1,-1,-0.01,-1,-1,-0.01,-1,-1,-0.01,-1,-1,-0.01,-1,-1
99926009,2026-05-18 15:15:42+05:30,53492.8,0,0.0,0,0.0,0.0,53282.15,53667.55,52783.45,53710.35,0,0.0,0.0,0.0,0.0,-0.01,-1,-1,-0.01,-1,-1,-0.01,-1,-1,-0.01,-1,-1,-0.01,-1,-1,-0.01,-1,-1,-0.01,-1,-1,-0.01,-1,-1,-0.01,-1,-1,-0.01,-1,-1
99926009,2026-05-18 15:15:43+05:30,53492.8,0,0.0,0,0.0,0.0,53282.15,53667.55,52783.45,53710.35,0,0.0,0.0,0.0,0.0,-0.01,-1,-1,-0.01,-1,-1,-0.01,-1,-1,-0.01,-1,-1,-0.01,-1,-1,-0.01,-1,-1,-0.01,-1,-1,-0.01,-1,-1,-0.01,-1,-1,-0.01,-1,-1
99926009,2026-05-18 15:15:43+05:30,53491.75,0,0.0,0,0.0,0.0,53282.15,53667.55,52783.45,53710.35,0,0.0,0.0,0.0,0.0,-0.01,-1,-1,-0.01,-1,-1,-0.01,-1,-1,-0.01,-1,-1,-0.01,-1,-1,-0.01,-1,-1,-0.01,-1,-1,-0.01,-1,-1,-0.01,-1,-1,-0.01,-1,-1
99926009,2026-05-18 15:15:43+05:30,53494.75,0,0.0,0,0.0,0.0,53282.15,53667.55,52783.45,53710.35,0,0.0,0.0,0.0,0.0,-0.01,-1,-1,-0.01,-1,-1,-0.01,-1,-1,-0.01,-1,-1,-0.01,-1,-1,-0.01,-1,-1,-0.01,-1,-1,-0.01,-1,-1,-0.01,-1,-1,-0.01,-1,-1
99926009,2026-05-18 15:15:44+05:30,53494.75,0,0.0,0,0.0,0.0,53282.15,53667.55,52783.45,53710.35,0,0.0,0.0,0.0,0.0,-0.01,-1,-1,-0.01,-1,-1,-0.01,-1,-1,-0.01,-1,-1,-0.01,-1,-1,-0.01,-1,-1,-0.01,-1,-1,-0.01,-1,-1,-0.01,-1,-1,-0.01,-1,-1
99926009,2026-05-18 15:15:44+05:30,53492.3,0,0.0,0,0.0,0.0,53282.15,53667.55,52783.45,53710.35,0,0.0,0.0,0.0,0.0,-0.01,-1,-1,-0.01,-1,-1,-0.01,-1,-1,-0.01,-1,-1,-0.01,-1,-1,-0.01,-1,-1,-0.01,-1,-1,-0.01,-1,-1,-0.01,-1,-1,-0.01,-1,-1
99926009,2026-05-18 15:15:44+05:30,53491.75,0,0.0,0,0.0,0.0,53282.15,53667.55,52783.45,53710.35,0,0.0,0.0,0.0,0.0,-0.01,-1,-1,-0.01,-1,-1,-0.01,-1,-1,-0.01,-1,-1,-0.01,-1,-1,-0.01,-1,-1,-0.01,-1,-1,-0.01,-1,-1,-0.01,-1,-1,-0.01,-1,-1
99926009,2026-05-18 15:15:45+05:30,53491.75,0,0.0,0,0.0,0.0,53282.15,53667.55,52783.45,53710.35,0,0.0,0.0,0.0,0.0,-0.01,-1,-1,-0.01,-1,-1,-0.01,-1,-1,-0.01,-1,-1,-0.01,-1,-1,-0.01,-1,-1,-0.01,-1,-1,-0.01,-1,-1,-0.01,-1,-1,-0.01,-1,-1
99926009,2026-05-18 15:15:45+05:30,53491.55,0,0.0,0,0.0,0.0,53282.15,53667.55,52783.45,53710.35,0,0.0,0.0,0.0,0.0,-0.01,-1,-1,-0.01,-1,-1,-0.01,-1,-1,-0.01,-1,-1,-0.01,-1,-1,-0.01,-1,-1,-0.01,-1,-1,-0.01,-1,-1,-0.01,-1,-1,-0.01,-1,-1
99926009,2026-05-18 15:15:45+05:30,53493.8,0,0.0,0,0.0,0.0,53282.15,53667.55,52783.45,53710.35,0,0.0,0.0,0.0,0.0,-0.01,-1,-1,-0.01,-1,-1,-0.01,-1,-1,-0.01,-1,-1,-0.01,-1,-1,-0.01,-1,-1,-0.01,-1,-1,-0.01,-1,-1,-0.01,-1,-1,-0.01,-1,-1
99926009,2026-05-18 15:15:46+05:30,53493.8,0,0.0,0,0.0,0.0,53282.15,53667.55,52783.45,53710.35,0,0.0,0.0,0.0,0.0,-0.01,-1,-1,-0.01,-1,-1,-0.01,-1,-1,-0.01,-1,-1,-0.01,-1,-1,-0.01,-1,-1,-0.01,-1,-1,-0.01,-1,-1,-0.01,-1,-1,-0.01,-1,-1
99926009,2026-05-18 15:15:46+05:30,53492.0,0,0.0,0,0.0,0.0,53282.15,53667.55,52783.45,53710.35,0,0.0,0.0,0.0,0.0,-0.01,-1,-1,-0.01,-1,-1,-0.01,-1,-1,-0.01,-1,-1,-0.01,-1,-1,-0.01,-1,-1,-0.01,-1,-1,-0.01,-1,-1,-0.01,-1,-1,-0.01,-1,-1
99926009,2026-05-18 15:15:46+05:30,53490.4,0,0.0,0,0.0,0.0,53282.15,53667.55,52783.45,53710.35,0,0.0,0.0,0.0,0.0,-0.01,-1,-1,-0.01,-1,-1,-0.01,-1,-1,-0.01,-1,-1,-0.01,-1,-1,-0.01,-1,-1,-0.01,-1,-1,-0.01,-1,-1,-0.01,-1,-1,-0.01,-1,-1
99926009,2026-05-18 15:15:47+05:30,53490.4,0,0.0,0,0.0,0.0,53282.15,53667.55,52783.45,53710.35,0,0.0,0.0,0.0,0.0,-0.01,-1,-1,-0.01,-1,-1,-0.01,-1,-1,-0.01,-1,-1,-0.01,-1,-1,-0.01,-1,-1,-0.01,-1,-1,-0.01,-1,-1,-0.01,-1,-1,-0.01,-1,-1
99926009,2026-05-18 15:15:47+05:30,53490.55,0,0.0,0,0.0,0.0,53282.15,53667.55,52783.45,53710.35,0,0.0,0.0,0.0,0.0,-0.01,-1,-1,-0.01,-1,-1,-0.01,-1,-1,-0.01,-1,-1,-0.01,-1,-1,-0.01,-1,-1,-0.01,-1,-1,-0.01,-1,-1,-0.01,-1,-1,-0.01,-1,-1
99926009,2026-05-18 15:15:47+05:30,53491.75,0,0.0,0,0.0,0.0,53282.15,53667.55,52783.45,53710.35,0,0.0,0.0,0.0,0.0,-0.01,-1,-1,-0.01,-1,-1,-0.01,-1,-1,-0.01,-1,-1,-0.01,-1,-1,-0.01,-1,-1,-0.01,-1,-1,-0.01,-1,-1,-0.01,-1,-1,-0.01,-1,-1
99926009,2026-05-18 15:15:48+05:30,53491.75,0,0.0,0,0.0,0.0,53282.15,53667.55,52783.45,53710.35,0,0.0,0.0,0.0,0.0,-0.01,-1,-1,-0.01,-1,-1,-0.01,-1,-1,-0.01,-1,-1,-0.01,-1,-1,-0.01,-1,-1,-0.01,-1,-1,-0.01,-1,-1,-0.01,-1,-1,-0.01,-1,-1
99926009,2026-05-18 15:15:48+05:30,53491.85,0,0.0,0,0.0,0.0,53282.15,53667.55,52783.45,53710.35,0,0.0,0.0,0.0,0.0,-0.01,-1,-1,-0.01,-1,-1,-0.01,-1,-1,-0.01,-1,-1,-0.01,-1,-1,-0.01,-1,-1,-0.01,-1,-1,-0.01,-1,-1,-0.01,-1,-1,-0.01,-1,-1
99926009,2026-05-18 15:15:48+05:30,53491.2,0,0.0,0,0.0,0.0,53282.15,53667.55,52783.45,53710.35,0,0.0,0.0,0.0,0.0,-0.01,-1,-1,-0.01,-1,-1,-0.01,-1,-1,-0.01,-1,-1,-0.01,-1,-1,-0.01,-1,-1,-0.01,-1,-1,-0.01,-1,-1,-0.01,-1,-1,-0.01,-1,-1
99926009,2026-05-18 15:15:49+05:30,53491.2,0,0.0,0,0.0,0.0,53282.15,53667.55,52783.45,53710.35,0,0.0,0.0,0.0,0.0,-0.01,-1,-1,-0.01,-1,-1,-0.01,-1,-1,-0.01,-1,-1,-0.01,-1,-1,-0.01,-1,-1,-0.01,-1,-1,-0.01,-1,-1,-0.01,-1,-1,-0.01,-1,-1
99926009,2026-05-18 15:15:49+05:30,53493.4,0,0.0,0,0.0,0.0,53282.15,53667.55,52783.45,53710.35,0,0.0,0.0,0.0,0.0,-0.01,-1,-1,-0.01,-1,-1,-0.01,-1,-1,-0.01,-1,-1,-0.01,-1,-1,-0.01,-1,-1,-0.01,-1,-1,-0.01,-1,-1,-0.01,-1,-1,-0.01,-1,-1
99926009,2026-05-18 15:15:49+05:30,53492.85,0,0.0,0,0.0,0.0,53282.15,53667.55,52783.45,53710.35,0,0.0,0.0,0.0,0.0,-0.01,-1,-1,-0.01,-1,-1,-0.01,-1,-1,-0.01,-1,-1,-0.01,-1,-1,-0.01,-1,-1,-0.01,-1,-1,-0.01,-1,-1,-0.01,-1,-1,-0.01,-1,-1
99926009,2026-05-18 15:15:50+05:30,53492.85,0,0.0,0,0.0,0.0,53282.15,53667.55,52783.45,53710.35,0,0.0,0.0,0.0,0.0,-0.01,-1,-1,-0.01,-1,-1,-0.01,-1,-1,-0.01,-1,-1,-0.01,-1,-1,-0.01,-1,-1,-0.01,-1,-1,-0.01,-1,-1,-0.01,-1,-1,-0.01,-1,-1
99926009,2026-05-18 15:15:50+05:30,53491.75,0,0.0,0,0.0,0.0,53282.15,53667.55,52783.45,53710.35,0,0.0,0.0,0.0,0.0,-0.01,-1,-1,-0.01,-1,-1,-0.01,-1,-1,-0.01,-1,-1,-0.01,-1,-1,-0.01,-1,-1,-0.01,-1,-1,-0.01,-1,-1,-0.01,-1,-1,-0.01,-1,-1
99926009,2026-05-18 15:15:50+05:30,53495.0,0,0.0,0,0.0,0.0,53282.15,53667.55,52783.45,53710.35,0,0.0,0.0,0.0,0.0,-0.01,-1,-1,-0.01,-1,-1,-0.01,-1,-1,-0.01,-1,-1,-0.01,-1,-1,-0.01,-1,-1,-0.01,-1,-1,-0.01,-1,-1,-0.01,-1,-1,-0.01,-1,-1
99926009,2026-05-18 15:15:51+05:30,53495.0,0,0.0,0,0.0,0.0,53282.15,53667.55,52783.45,53710.35,0,0.0,0.0,0.0,0.0,-0.01,-1,-1,-0.01,-1,-1,-0.01,-1,-1,-0.01,-1,-1,-0.01,-1,-1,-0.01,-1,-1,-0.01,-1,-1,-0.01,-1,-1,-0.01,-1,-1,-0.01,-1,-1
99926009,2026-05-18 15:15:51+05:30,53494.7,0,0.0,0,0.0,0.0,53282.15,53667.55,52783.45,53710.35,0,0.0,0.0,0.0,0.0,-0.01,-1,-1,-0.01,-1,-1,-0.01,-1,-1,-0.01,-1,-1,-0.01,-1,-1,-0.01,-1,-1,-0.01,-1,-1,-0.01,-1,-1,-0.01,-1,-1,-0.01,-1,-1
99926009,2026-05-18 15:15:51+05:30,53493.3,0,0.0,0,0.0,0.0,53282.15,53667.55,52783.45,53710.35,0,0.0,0.0,0.0,0.0,-0.01,-1,-1,-0.01,-1,-1,-0.01,-1,-1,-0.01,-1,-1,-0.01,-1,-1,-0.01,-1,-1,-0.01,-1,-1,-0.01,-1,-1,-0.01,-1,-1,-0.01,-1,-1
99926009,2026-05-18 15:15:52+05:30,53493.3,0,0.0,0,0.0,0.0,53282.15,53667.55,52783.45,53710.35,0,0.0,0.0,0.0,0.0,-0.01,-1,-1,-0.01,-1,-1,-0.01,-1,-1,-0.01,-1,-1,-0.01,-1,-1,-0.01,-1,-1,-0.01,-1,-1,-0.01,-1,-1,-0.01,-1,-1,-0.01,-1,-1
99926009,2026-05-18 15:15:52+05:30,53492.9,0,0.0,0,0.0,0.0,53282.15,53667.55,52783.45,53710.35,0,0.0,0.0,0.0,0.0,-0.01,-1,-1,-0.01,-1,-1,-0.01,-1,-1,-0.01,-1,-1,-0.01,-1,-1,-0.01,-1,-1,-0.01,-1,-1,-0.01,-1,-1,-0.01,-1,-1,-0.01,-1,-1
99926009,2026-05-18 15:15:52+05:30,53493.9,0,0.0,0,0.0,0.0,53282.15,53667.55,52783.45,53710.35,0,0.0,0.0,0.0,0.0,-0.01,-1,-1,-0.01,-1,-1,-0.01,-1,-1,-0.01,-1,-1,-0.01,-1,-1,-0.01,-1,-1,-0.01,-1,-1,-0.01,-1,-1,-0.01,-1,-1,-0.01,-1,-1
99926009,2026-05-18 15:15:53+05:30,53493.9,0,0.0,0,0.0,0.0,53282.15,53667.55,52783.45,53710.35,0,0.0,0.0,0.0,0.0,-0.01,-1,-1,-0.01,-1,-1,-0.01,-1,-1,-0.01,-1,-1,-0.01,-1,-1,-0.01,-1,-1,-0.01,-1,-1,-0.01,-1,-1,-0.01,-1,-1,-0.01,-1,-1
99926009,2026-05-18 15:15:53+05:30,53496.2,0,0.0,0,0.0,0.0,53282.15,53667.55,52783.45,53710.35,0,0.0,0.0,0.0,0.0,-0.01,-1,-1,-0.01,-1,-1,-0.01,-1,-1,-0.01,-1,-1,-0.01,-1,-1,-0.01,-1,-1,-0.01,-1,-1,-0.01,-1,-1,-0.01,-1,-1,-0.01,-1,-1
99926009,2026-05-18 15:15:53+05:30,53497.95,0,0.0,0,0.0,0.0,53282.15,53667.55,52783.45,53710.35,0,0.0,0.0,0.0,0.0,-0.01,-1,-1,-0.01,-1,-1,-0.01,-1,-1,-0.01,-1,-1,-0.01,-1,-1,-0.01,-1,-1,-0.01,-1,-1,-0.01,-1,-1,-0.01,-1,-1,-0.01,-1,-1
99926009,2026-05-18 15:15:54+05:30,53497.95,0,0.0,0,0.0,0.0,53282.15,53667.55,52783.45,53710.35,0,0.0,0.0,0.0,0.0,-0.01,-1,-1,-0.01,-1,-1,-0.01,-1,-1,-0.01,-1,-1,-0.01,-1,-1,-0.01,-1,-1,-0.01,-1,-1,-0.01,-1,-1,-0.01,-1,-1,-0.01,-1,-1
99926009,2026-05-18 15:15:54+05:30,53498.05,0,0.0,0,0.0,0.0,53282.15,53667.55,52783.45,53710.35,0,0.0,0.0,0.0,0.0,-0.01,-1,-1,-0.01,-1,-1,-0.01,-1,-1,-0.01,-1,-1,-0.01,-1,-1,-0.01,-1,-1,-0.01,-1,-1,-0.01,-1,-1,-0.01,-1,-1,-0.01,-1,-1
99926009,2026-05-18 15:15:54+05:30,53497.0,0,0.0,0,0.0,0.0,53282.15,53667.55,52783.45,53710.35,0,0.0,0.0,0.0,0.0,-0.01,-1,-1,-0.01,-1,-1,-0.01,-1,-1,-0.01,-1,-1,-0.01,-1,-1,-0.01,-1,-1,-0.01,-1,-1,-0.01,-1,-1,-0.01,-1,-1,-0.01,-1,-1
99926009,2026-05-18 15:15:55+05:30,53497.0,0,0.0,0,0.0,0.0,53282.15,53667.55,52783.45,53710.35,0,0.0,0.0,0.0,0.0,-0.01,-1,-1,-0.01,-1,-1,-0.01,-1,-1,-0.01,-1,-1,-0.01,-1,-1,-0.01,-1,-1,-0.01,-1,-1,-0.01,-1,-1,-0.01,-1,-1,-0.01,-1,-1
99926009,2026-05-18 15:15:55+05:30,53496.3,0,0.0,0,0.0,0.0,53282.15,53667.55,52783.45,53710.35,0,0.0,0.0,0.0,0.0,-0.01,-1,-1,-0.01,-1,-1,-0.01,-1,-1,-0.01,-1,-1,-0.01,-1,-1,-0.01,-1,-1,-0.01,-1,-1,-0.01,-1,-1,-0.01,-1,-1,-0.01,-1,-1
99926009,2026-05-18 15:15:55+05:30,53491.35,0,0.0,0,0.0,0.0,53282.15,53667.55,52783.45,53710.35,0,0.0,0.0,0.0,0.0,-0.01,-1,-1,-0.01,-1,-1,-0.01,-1,-1,-0.01,-1,-1,-0.01,-1,-1,-0.01,-1,-1,-0.01,-1,-1,-0.01,-1,-1,-0.01,-1,-1,-0.01,-1,-1
99926009,2026-05-18 15:15:56+05:30,53491.35,0,0.0,0,0.0,0.0,53282.15,53667.55,52783.45,53710.35,0,0.0,0.0,0.0,0.0,-0.01,-1,-1,-0.01,-1,-1,-0.01,-1,-1,-0.01,-1,-1,-0.01,-1,-1,-0.01,-1,-1,-0.01,-1,-1,-0.01,-1,-1,-0.01,-1,-1,-0.01,-1,-1
99926009,2026-05-18 15:15:56+05:30,53494.5,0,0.0,0,0.0,0.0,53282.15,53667.55,52783.45,53710.35,0,0.0,0.0,0.0,0.0,-0.01,-1,-1,-0.01,-1,-1,-0.01,-1,-1,-0.01,-1,-1,-0.01,-1,-1,-0.01,-1,-1,-0.01,-1,-1,-0.01,-1,-1,-0.01,-1,-1,-0.01,-1,-1
99926009,2026-05-18 15:15:56+05:30,53490.5,0,0.0,0,0.0,0.0,53282.15,53667.55,52783.45,53710.35,0,0.0,0.0,0.0,0.0,-0.01,-1,-1,-0.01,-1,-1,-0.01,-1,-1,-0.01,-1,-1,-0.01,-1,-1,-0.01,-1,-1,-0.01,-1,-1,-0.01,-1,-1,-0.01,-1,-1,-0.01,-1,-1
99926009,2026-05-18 15:15:57+05:30,53490.5,0,0.0,0,0.0,0.0,53282.15,53667.55,52783.45,53710.35,0,0.0,0.0,0.0,0.0,-0.01,-1,-1,-0.01,-1,-1,-0.01,-1,-1,-0.01,-1,-1,-0.01,-1,-1,-0.01,-1,-1,-0.01,-1,-1,-0.01,-1,-1,-0.01,-1,-1,-0.01,-1,-1
99926009,2026-05-18 15:15:57+05:30,53494.05,0,0.0,0,0.0,0.0,53282.15,53667.55,52783.45,53710.35,0,0.0,0.0,0.0,0.0,-0.01,-1,-1,-0.01,-1,-1,-0.01,-1,-1,-0.01,-1,-1,-0.01,-1,-1,-0.01,-1,-1,-0.01,-1,-1,-0.01,-1,-1,-0.01,-1,-1,-0.01,-1,-1
99926009,2026-05-18 15:15:57+05:30,53495.75,0,0.0,0,0.0,0.0,53282.15,53667.55,52783.45,53710.35,0,0.0,0.0,0.0,0.0,-0.01,-1,-1,-0.01,-1,-1,-0.01,-1,-1,-0.01,-1,-1,-0.01,-1,-1,-0.01,-1,-1,-0.01,-1,-1,-0.01,-1,-1,-0.01,-1,-1,-0.01,-1,-1
99926009,2026-05-18 15:15:58+05:30,53495.75,0,0.0,0,0.0,0.0,53282.15,53667.55,52783.45,53710.35,0,0.0,0.0,0.0,0.0,-0.01,-1,-1,-0.01,-1,-1,-0.01,-1,-1,-0.01,-1,-1,-0.01,-1,-1,-0.01,-1,-1,-0.01,-1,-1,-0.01,-1,-1,-0.01,-1,-1,-0.01,-1,-1
99926009,2026-05-18 15:15:58+05:30,53492.65,0,0.0,0,0.0,0.0,53282.15,53667.55,52783.45,53710.35,0,0.0,0.0,0.0,0.0,-0.01,-1,-1,-0.01,-1,-1,-0.01,-1,-1,-0.01,-1,-1,-0.01,-1,-1,-0.01,-1,-1,-0.01,-1,-1,-0.01,-1,-1,-0.01,-1,-1,-0.01,-1,-1
99926009,2026-05-18 15:15:58+05:30,53492.5,0,0.0,0,0.0,0.0,53282.15,53667.55,52783.45,53710.35,0,0.0,0.0,0.0,0.0,-0.01,-1,-1,-0.01,-1,-1,-0.01,-1,-1,-0.01,-1,-1,-0.01,-1,-1,-0.01,-1,-1,-0.01,-1,-1,-0.01,-1,-1,-0.01,-1,-1,-0.01,-1,-1
99926009,2026-05-18 15:15:59+05:30,53492.5,0,0.0,0,0.0,0.0,53282.15,53667.55,52783.45,53710.35,0,0.0,0.0,0.0,0.0,-0.01,-1,-1,-0.01,-1,-1,-0.01,-1,-1,-0.01,-1,-1,-0.01,-1,-1,-0.01,-1,-1,-0.01,-1,-1,-0.01,-1,-1,-0.01,-1,-1,-0.01,-1,-1
99926009,2026-05-18 15:15:59+05:30,53488.65,0,0.0,0,0.0,0.0,53282.15,53667.55,52783.45,53710.35,0,0.0,0.0,0.0,0.0,-0.01,-1,-1,-0.01,-1,-1,-0.01,-1,-1,-0.01,-1,-1,-0.01,-1,-1,-0.01,-1,-1,-0.01,-1,-1,-0.01,-1,-1,-0.01,-1,-1,-0.01,-1,-1
99926009,2026-05-18 15:15:59+05:30,53490.75,0,0.0,0,0.0,0.0,53282.15,53667.55,52783.45,53710.35,0,0.0,0.0,0.0,0.0,-0.01,-1,-1,-0.01,-1,-1,-0.01,-1,-1,-0.01,-1,-1,-0.01,-1,-1,-0.01,-1,-1,-0.01,-1,-1,-0.01,-1,-1,-0.01,-1,-1,-0.01,-1,-1
99926009,2026-05-18 15:16:00+05:30,53490.75,0,0.0,0,0.0,0.0,53282.15,53667.55,52783.45,53710.35,0,0.0,0.0,0.0,0.0,-0.01,-1,-1,-0.01,-1,-1,-0.01,-1,-1,-0.01,-1,-1,-0.01,-1,-1,-0.01,-1,-1,-0.01,-1,-1,-0.01,-1,-1,-0.01,-1,-1,-0.01,-1,-1
99926009,2026-05-18 15:16:00+05:30,53489.35,0,0.0,0,0.0,0.0,53282.15,53667.55,52783.45,53710.35,0,0.0,0.0,0.0,0.0,-0.01,-1,-1,-0.01,-1,-1,-0.01,-1,-1,-0.01,-1,-1,-0.01,-1,-1,-0.01,-1,-1,-0.01,-1,-1,-0.01,-1,-1,-0.01,-1,-1,-0.01,-1,-1
99926009,2026-05-18 15:16:00+05:30,53492.15,0,0.0,0,0.0,0.0,53282.15,53667.55,52783.45,53710.35,0,0.0,0.0,0.0,0.0,-0.01,-1,-1,-0.01,-1,-1,-0.01,-1,-1,-0.01,-1,-1,-0.01,-1,-1,-0.01,-1,-1,-0.01,-1,-1,-0.01,-1,-1,-0.01,-1,-1,-0.01,-1,-1
99926009,2026-05-18 15:16:01+05:30,53492.15,0,0.0,0,0.0,0.0,53282.15,53667.55,52783.45,53710.35,0,0.0,0.0,0.0,0.0,-0.01,-1,-1,-0.01,-1,-1,-0.01,-1,-1,-0.01,-1,-1,-0.01,-1,-1,-0.01,-1,-1,-0.01,-1,-1,-0.01,-1,-1,-0.01,-1,-1,-0.01,-1,-1
99926009,2026-05-18 15:16:01+05:30,53492.15,0,0.0,0,0.0,0.0,53282.15,53667.55,52783.45,53710.35,0,0.0,0.0,0.0,0.0,-0.01,-1,-1,-0.01,-1,-1,-0.01,-1,-1,-0.01,-1,-1,-0.01,-1,-1,-0.01,-1,-1,-0.01,-1,-1,-0.01,-1,-1,-0.01,-1,-1,-0.01,-1,-1
99926009,2026-05-18 15:16:01+05:30,53488.45,0,0.0,0,0.0,0.0,53282.15,53667.55,52783.45,53710.35,0,0.0,0.0,0.0,0.0,-0.01,-1,-1,-0.01,-1,-1,-0.01,-1,-1,-0.01,-1,-1,-0.01,-1,-1,-0.01,-1,-1,-0.01,-1,-1,-0.01,-1,-1,-0.01,-1,-1,-0.01,-1,-1
99926009,2026-05-18 15:16:02+05:30,53488.45,0,0.0,0,0.0,0.0,53282.15,53667.55,52783.45,53710.35,0,0.0,0.0,0.0,0.0,-0.01,-1,-1,-0.01,-1,-1,-0.01,-1,-1,-0.01,-1,-1,-0.01,-1,-1,-0.01,-1,-1,-0.01,-1,-1,-0.01,-1,-1,-0.01,-1,-1,-0.01,-1,-1
99926009,2026-05-18 15:16:02+05:30,53490.05,0,0.0,0,0.0,0.0,53282.15,53667.55,52783.45,53710.35,0,0.0,0.0,0.0,0.0,-0.01,-1,-1,-0.01,-1,-1,-0.01,-1,-1,-0.01,-1,-1,-0.01,-1,-1,-0.01,-1,-1,-0.01,-1,-1,-0.01,-1,-1,-0.01,-1,-1,-0.01,-1,-1
99926009,2026-05-18 15:16:02+05:30,53491.95,0,0.0,0,0.0,0.0,53282.15,53667.55,52783.45,53710.35,0,0.0,0.0,0.0,0.0,-0.01,-1,-1,-0.01,-1,-1,-0.01,-1,-1,-0.01,-1,-1,-0.01,-1,-1,-0.01,-1,-1,-0.01,-1,-1,-0.01,-1,-1,-0.01,-1,-1,-0.01,-1,-1
99926009,2026-05-18 15:16:03+05:30,53491.95,0,0.0,0,0.0,0.0,53282.15,53667.55,52783.45,53710.35,0,0.0,0.0,0.0,0.0,-0.01,-1,-1,-0.01,-1,-1,-0.01,-1,-1,-0.01,-1,-1,-0.01,-1,-1,-0.01,-1,-1,-0.01,-1,-1,-0.01,-1,-1,-0.01,-1,-1,-0.01,-1,-1
99926009,2026-05-18 15:16:03+05:30,53487.15,0,0.0,0,0.0,0.0,53282.15,53667.55,52783.45,53710.35,0,0.0,0.0,0.0,0.0,-0.01,-1,-1,-0.01,-1,-1,-0.01,-1,-1,-0.01,-1,-1,-0.01,-1,-1,-0.01,-1,-1,-0.01,-1,-1,-0.01,-1,-1,-0.01,-1,-1,-0.01,-1,-1
99926009,2026-05-18 15:16:03+05:30,53488.45,0,0.0,0,0.0,0.0,53282.15,53667.55,52783.45,53710.35,0,0.0,0.0,0.0,0.0,-0.01,-1,-1,-0.01,-1,-1,-0.01,-1,-1,-0.01,-1,-1,-0.01,-1,-1,-0.01,-1,-1,-0.01,-1,-1,-0.01,-1,-1,-0.01,-1,-1,-0.01,-1,-1
99926009,2026-05-18 15:16:04+05:30,53488.45,0,0.0,0,0.0,0.0,53282.15,53667.55,52783.45,53710.35,0,0.0,0.0,0.0,0.0,-0.01,-1,-1,-0.01,-1,-1,-0.01,-1,-1,-0.01,-1,-1,-0.01,-1,-1,-0.01,-1,-1,-0.01,-1,-1,-0.01,-1,-1,-0.01,-1,-1,-0.01,-1,-1
99926009,2026-05-18 15:16:04+05:30,53492.1,0,0.0,0,0.0,0.0,53282.15,53667.55,52783.45,53710.35,0,0.0,0.0,0.0,0.0,-0.01,-1,-1,-0.01,-1,-1,-0.01,-1,-1,-0.01,-1,-1,-0.01,-1,-1,-0.01,-1,-1,-0.01,-1,-1,-0.01,-1,-1,-0.01,-1,-1,-0.01,-1,-1
99926009,2026-05-18 15:16:04+05:30,53491.3,0,0.0,0,0.0,0.0,53282.15,53667.55,52783.45,53710.35,0,0.0,0.0,0.0,0.0,-0.01,-1,-1,-0.01,-1,-1,-0.01,-1,-1,-0.01,-1,-1,-0.01,-1,-1,-0.01,-1,-1,-0.01,-1,-1,-0.01,-1,-1,-0.01,-1,-1,-0.01,-1,-1
99926009,2026-05-18 15:16:05+05:30,53491.3,0,0.0,0,0.0,0.0,53282.15,53667.55,52783.45,53710.35,0,0.0,0.0,0.0,0.0,-0.01,-1,-1,-0.01,-1,-1,-0.01,-1,-1,-0.01,-1,-1,-0.01,-1,-1,-0.01,-1,-1,-0.01,-1,-1,-0.01,-1,-1,-0.01,-1,-1,-0.01,-1,-1
99926009,2026-05-18 15:16:05+05:30,53490.8,0,0.0,0,0.0,0.0,53282.15,53667.55,52783.45,53710.35,0,0.0,0.0,0.0,0.0,-0.01,-1,-1,-0.01,-1,-1,-0.01,-1,-1,-0.01,-1,-1,-0.01,-1,-1,-0.01,-1,-1,-0.01,-1,-1,-0.01,-1,-1,-0.01,-1,-1,-0.01,-1,-1
99926009,2026-05-18 15:16:05+05:30,53492.45,0,0.0,0,0.0,0.0,53282.15,53667.55,52783.45,53710.35,0,0.0,0.0,0.0,0.0,-0.01,-1,-1,-0.01,-1,-1,-0.01,-1,-1,-0.01,-1,-1,-0.01,-1,-1,-0.01,-1,-1,-0.01,-1,-1,-0.01,-1,-1,-0.01,-1,-1,-0.01,-1,-1
99926009,2026-05-18 15:16:06+05:30,53492.45,0,0.0,0,0.0,0.0,53282.15,53667.55,52783.45,53710.35,0,0.0,0.0,0.0,0.0,-0.01,-1,-1,-0.01,-1,-1,-0.01,-1,-1,-0.01,-1,-1,-0.01,-1,-1,-0.01,-1,-1,-0.01,-1,-1,-0.01,-1,-1,-0.01,-1,-1,-0.01,-1,-1
99926009,2026-05-18 15:16:06+05:30,53488.95,0,0.0,0,0.0,0.0,53282.15,53667.55,52783.45,53710.35,0,0.0,0.0,0.0,0.0,-0.01,-1,-1,-0.01,-1,-1,-0.01,-1,-1,-0.01,-1,-1,-0.01,-1,-1,-0.01,-1,-1,-0.01,-1,-1,-0.01,-1,-1,-0.01,-1,-1,-0.01,-1,-1
99926009,2026-05-18 15:16:06+05:30,53484.25,0,0.0,0,0.0,0.0,53282.15,53667.55,52783.45,53710.35,0,0.0,0.0,0.0,0.0,-0.01,-1,-1,-0.01,-1,-1,-0.01,-1,-1,-0.01,-1,-1,-0.01,-1,-1,-0.01,-1,-1,-0.01,-1,-1,-0.01,-1,-1,-0.01,-1,-1,-0.01,-1,-1
99926009,2026-05-18 15:16:07+05:30,53484.25,0,0.0,0,0.0,0.0,53282.15,53667.55,52783.45,53710.35,0,0.0,0.0,0.0,0.0,-0.01,-1,-1,-0.01,-1,-1,-0.01,-1,-1,-0.01,-1,-1,-0.01,-1,-1,-0.01,-1,-1,-0.01,-1,-1,-0.01,-1,-1,-0.01,-1,-1,-0.01,-1,-1
99926009,2026-05-18 15:16:07+05:30,53492.65,0,0.0,0,0.0,0.0,53282.15,53667.55,52783.45,53710.35,0,0.0,0.0,0.0,0.0,-0.01,-1,-1,-0.01,-1,-1,-0.01,-1,-1,-0.01,-1,-1,-0.01,-1,-1,-0.01,-1,-1,-0.01,-1,-1,-0.01,-1,-1,-0.01,-1,-1,-0.01,-1,-1
99926009,2026-05-18 15:16:07+05:30,53483.35,0,0.0,0,0.0,0.0,53282.15,53667.55,52783.45,53710.35,0,0.0,0.0,0.0,0.0,-0.01,-1,-1,-0.01,-1,-1,-0.01,-1,-1,-0.01,-1,-1,-0.01,-1,-1,-0.01,-1,-1,-0.01,-1,-1,-0.01,-1,-1,-0.01,-1,-1,-0.01,-1,-1
99926009,2026-05-18 15:16:08+05:30,53483.35,0,0.0,0,0.0,0.0,53282.15,53667.55,52783.45,53710.35,0,0.0,0.0,0.0,0.0,-0.01,-1,-1,-0.01,-1,-1,-0.01,-1,-1,-0.01,-1,-1,-0.01,-1,-1,-0.01,-1,-1,-0.01,-1,-1,-0.01,-1,-1,-0.01,-1,-1,-0.01,-1,-1
99926009,2026-05-18 15:16:08+05:30,53485.1,0,0.0,0,0.0,0.0,53282.15,53667.55,52783.45,53710.35,0,0.0,0.0,0.0,0.0,-0.01,-1,-1,-0.01,-1,-1,-0.01,-1,-1,-0.01,-1,-1,-0.01,-1,-1,-0.01,-1,-1,-0.01,-1,-1,-0.01,-1,-1,-0.01,-1,-1,-0.01,-1,-1
99926009,2026-05-18 15:16:08+05:30,53485.25,0,0.0,0,0.0,0.0,53282.15,53667.55,52783.45,53710.35,0,0.0,0.0,0.0,0.0,-0.01,-1,-1,-0.01,-1,-1,-0.01,-1,-1,-0.01,-1,-1,-0.01,-1,-1,-0.01,-1,-1,-0.01,-1,-1,-0.01,-1,-1,-0.01,-1,-1,-0.01,-1,-1
99926009,2026-05-18 15:16:09+05:30,53485.25,0,0.0,0,0.0,0.0,53282.15,53667.55,52783.45,53710.35,0,0.0,0.0,0.0,0.0,-0.01,-1,-1,-0.01,-1,-1,-0.01,-1,-1,-0.01,-1,-1,-0.01,-1,-1,-0.01,-1,-1,-0.01,-1,-1,-0.01,-1,-1,-0.01,-1,-1,-0.01,-1,-1
99926009,2026-05-18 15:16:09+05:30,53483.35,0,0.0,0,0.0,0.0,53282.15,53667.55,52783.45,53710.35,0,0.0,0.0,0.0,0.0,-0.01,-1,-1,-0.01,-1,-1,-0.01,-1,-1,-0.01,-1,-1,-0.01,-1,-1,-0.01,-1,-1,-0.01,-1,-1,-0.01,-1,-1,-0.01,-1,-1,-0.01,-1,-1
99926009,2026-05-18 15:16:09+05:30,53482.65,0,0.0,0,0.0,0.0,53282.15,53667.55,52783.45,53710.35,0,0.0,0.0,0.0,0.0,-0.01,-1,-1,-0.01,-1,-1,-0.01,-1,-1,-0.01,-1,-1,-0.01,-1,-1,-0.01,-1,-1,-0.01,-1,-1,-0.01,-1,-1,-0.01,-1,-1,-0.01,-1,-1
99926009,2026-05-18 15:16:10+05:30,53482.65,0,0.0,0,0.0,0.0,53282.15,53667.55,52783.45,53710.35,0,0.0,0.0,0.0,0.0,-0.01,-1,-1,-0.01,-1,-1,-0.01,-1,-1,-0.01,-1,-1,-0.01,-1,-1,-0.01,-1,-1,-0.01,-1,-1,-0.01,-1,-1,-0.01,-1,-1,-0.01,-1,-1
99926009,2026-05-18 15:16:10+05:30,53482.05,0,0.0,0,0.0,0.0,53282.15,53667.55,52783.45,53710.35,0,0.0,0.0,0.0,0.0,-0.01,-1,-1,-0.01,-1,-1,-0.01,-1,-1,-0.01,-1,-1,-0.01,-1,-1,-0.01,-1,-1,-0.01,-1,-1,-0.01,-1,-1,-0.01,-1,-1,-0.01,-1,-1
99926009,2026-05-18 15:16:10+05:30,53486.65,0,0.0,0,0.0,0.0,53282.15,53667.55,52783.45,53710.35,0,0.0,0.0,0.0,0.0,-0.01,-1,-1,-0.01,-1,-1,-0.01,-1,-1,-0.01,-1,-1,-0.01,-1,-1,-0.01,-1,-1,-0.01,-1,-1,-0.01,-1,-1,-0.01,-1,-1,-0.01,-1,-1
99926009,2026-05-18 15:16:11+05:30,53486.65,0,0.0,0,0.0,0.0,53282.15,53667.55,52783.45,53710.35,0,0.0,0.0,0.0,0.0,-0.01,-1,-1,-0.01,-1,-1,-0.01,-1,-1,-0.01,-1,-1,-0.01,-1,-1,-0.01,-1,-1,-0.01,-1,-1,-0.01,-1,-1,-0.01,-1,-1,-0.01,-1,-1
99926009,2026-05-18 15:16:11+05:30,53482.35,0,0.0,0,0.0,0.0,53282.15,53667.55,52783.45,53710.35,0,0.0,0.0,0.0,0.0,-0.01,-1,-1,-0.01,-1,-1,-0.01,-1,-1,-0.01,-1,-1,-0.01,-1,-1,-0.01,-1,-1,-0.01,-1,-1,-0.01,-1,-1,-0.01,-1,-1,-0.01,-1,-1
99926009,2026-05-18 15:16:11+05:30,53487.15,0,0.0,0,0.0,0.0,53282.15,53667.55,52783.45,53710.35,0,0.0,0.0,0.0,0.0,-0.01,-1,-1,-0.01,-1,-1,-0.01,-1,-1,-0.01,-1,-1,-0.01,-1,-1,-0.01,-1,-1,-0.01,-1,-1,-0.01,-1,-1,-0.01,-1,-1,-0.01,-1,-1
99926009,2026-05-18 15:16:12+05:30,53487.15,0,0.0,0,0.0,0.0,53282.15,53667.55,52783.45,53710.35,0,0.0,0.0,0.0,0.0,-0.01,-1,-1,-0.01,-1,-1,-0.01,-1,-1,-0.01,-1,-1,-0.01,-1,-1,-0.01,-1,-1,-0.01,-1,-1,-0.01,-1,-1,-0.01,-1,-1,-0.01,-1,-1
99926009,2026-05-18 15:16:12+05:30,53484.4,0,0.0,0,0.0,0.0,53282.15,53667.55,52783.45,53710.35,0,0.0,0.0,0.0,0.0,-0.01,-1,-1,-0.01,-1,-1,-0.01,-1,-1,-0.01,-1,-1,-0.01,-1,-1,-0.01,-1,-1,-0.01,-1,-1,-0.01,-1,-1,-0.01,-1,-1,-0.01,-1,-1
99926009,2026-05-18 15:16:12+05:30,53483.4,0,0.0,0,0.0,0.0,53282.15,53667.55,52783.45,53710.35,0,0.0,0.0,0.0,0.0,-0.01,-1,-1,-0.01,-1,-1,-0.01,-1,-1,-0.01,-1,-1,-0.01,-1,-1,-0.01,-1,-1,-0.01,-1,-1,-0.01,-1,-1,-0.01,-1,-1,-0.01,-1,-1
99926009,2026-05-18 15:16:13+05:30,53483.4,0,0.0,0,0.0,0.0,53282.15,53667.55,52783.45,53710.35,0,0.0,0.0,0.0,0.0,-0.01,-1,-1,-0.01,-1,-1,-0.01,-1,-1,-0.01,-1,-1,-0.01,-1,-1,-0.01,-1,-1,-0.01,-1,-1,-0.01,-1,-1,-0.01,-1,-1,-0.01,-1,-1
99926009,2026-05-18 15:16:13+05:30,53486.5,0,0.0,0,0.0,0.0,53282.15,53667.55,52783.45,53710.35,0,0.0,0.0,0.0,0.0,-0.01,-1,-1,-0.01,-1,-1,-0.01,-1,-1,-0.01,-1,-1,-0.01,-1,-1,-0.01,-1,-1,-0.01,-1,-1,-0.01,-1,-1,-0.01,-1,-1,-0.01,-1,-1
99926009,2026-05-18 15:16:13+05:30,53488.75,0,0.0,0,0.0,0.0,53282.15,53667.55,52783.45,53710.35,0,0.0,0.0,0.0,0.0,-0.01,-1,-1,-0.01,-1,-1,-0.01,-1,-1,-0.01,-1,-1,-0.01,-1,-1,-0.01,-1,-1,-0.01,-1,-1,-0.01,-1,-1,-0.01,-1,-1,-0.01,-1,-1
99926009,2026-05-18 15:16:14+05:30,53488.75,0,0.0,0,0.0,0.0,53282.15,53667.55,52783.45,53710.35,0,0.0,0.0,0.0,0.0,-0.01,-1,-1,-0.01,-1,-1,-0.01,-1,-1,-0.01,-1,-1,-0.01,-1,-1,-0.01,-1,-1,-0.01,-1,-1,-0.01,-1,-1,-0.01,-1,-1,-0.01,-1,-1
99926009,2026-05-18 15:16:14+05:30,53481.1,0,0.0,0,0.0,0.0,53282.15,53667.55,52783.45,53710.35,0,0.0,0.0,0.0,0.0,-0.01,-1,-1,-0.01,-1,-1,-0.01,-1,-1,-0.01,-1,-1,-0.01,-1,-1,-0.01,-1,-1,-0.01,-1,-1,-0.01,-1,-1,-0.01,-1,-1,-0.01,-1,-1
99926009,2026-05-18 15:16:14+05:30,53481.5,0,0.0,0,0.0,0.0,53282.15,53667.55,52783.45,53710.35,0,0.0,0.0,0.0,0.0,-0.01,-1,-1,-0.01,-1,-1,-0.01,-1,-1,-0.01,-1,-1,-0.01,-1,-1,-0.01,-1,-1,-0.01,-1,-1,-0.01,-1,-1,-0.01,-1,-1,-0.01,-1,-1
99926009,2026-05-18 15:16:15+05:30,53481.5,0,0.0,0,0.0,0.0,53282.15,53667.55,52783.45,53710.35,0,0.0,0.0,0.0,0.0,-0.01,-1,-1,-0.01,-1,-1,-0.01,-1,-1,-0.01,-1,-1,-0.01,-1,-1,-0.01,-1,-1,-0.01,-1,-1,-0.01,-1,-1,-0.01,-1,-1,-0.01,-1,-1
99926009,2026-05-18 15:16:15+05:30,53486.8,0,0.0,0,0.0,0.0,53282.15,53667.55,52783.45,53710.35,0,0.0,0.0,0.0,0.0,-0.01,-1,-1,-0.01,-1,-1,-0.01,-1,-1,-0.01,-1,-1,-0.01,-1,-1,-0.01,-1,-1,-0.01,-1,-1,-0.01,-1,-1,-0.01,-1,-1,-0.01,-1,-1
99926009,2026-05-18 15:16:15+05:30,53488.15,0,0.0,0,0.0,0.0,53282.15,53667.55,52783.45,53710.35,0,0.0,0.0,0.0,0.0,-0.01,-1,-1,-0.01,-1,-1,-0.01,-1,-1,-0.01,-1,-1,-0.01,-1,-1,-0.01,-1,-1,-0.01,-1,-1,-0.01,-1,-1,-0.01,-1,-1,-0.01,-1,-1
99926009,2026-05-18 15:16:16+05:30,53488.15,0,0.0,0,0.0,0.0,53282.15,53667.55,52783.45,53710.35,0,0.0,0.0,0.0,0.0,-0.01,-1,-1,-0.01,-1,-1,-0.01,-1,-1,-0.01,-1,-1,-0.01,-1,-1,-0.01,-1,-1,-0.01,-1,-1,-0.01,-1,-1,-0.01,-1,-1,-0.01,-1,-1
99926009,2026-05-18 15:16:16+05:30,53483.95,0,0.0,0,0.0,0.0,53282.15,53667.55,52783.45,53710.35,0,0.0,0.0,0.0,0.0,-0.01,-1,-1,-0.01,-1,-1,-0.01,-1,-1,-0.01,-1,-1,-0.01,-1,-1,-0.01,-1,-1,-0.01,-1,-1,-0.01,-1,-1,-0.01,-1,-1,-0.01,-1,-1
99926009,2026-05-18 15:16:16+05:30,53482.45,0,0.0,0,0.0,0.0,53282.15,53667.55,52783.45,53710.35,0,0.0,0.0,0.0,0.0,-0.01,-1,-1,-0.01,-1,-1,-0.01,-1,-1,-0.01,-1,-1,-0.01,-1,-1,-0.01,-1,-1,-0.01,-1,-1,-0.01,-1,-1,-0.01,-1,-1,-0.01,-1,-1
99926009,2026-05-18 15:16:17+05:30,53482.45,0,0.0,0,0.0,0.0,53282.15,53667.55,52783.45,53710.35,0,0.0,0.0,0.0,0.0,-0.01,-1,-1,-0.01,-1,-1,-0.01,-1,-1,-0.01,-1,-1,-0.01,-1,-1,-0.01,-1,-1,-0.01,-1,-1,-0.01,-1,-1,-0.01,-1,-1,-0.01,-1,-1
99926009,2026-05-18 15:16:17+05:30,53486.6,0,0.0,0,0.0,0.0,53282.15,53667.55,52783.45,53710.35,0,0.0,0.0,0.0,0.0,-0.01,-1,-1,-0.01,-1,-1,-0.01,-1,-1,-0.01,-1,-1,-0.01,-1,-1,-0.01,-1,-1,-0.01,-1,-1,-0.01,-1,-1,-0.01,-1,-1,-0.01,-1,-1
99926009,2026-05-18 15:16:17+05:30,53486.5,0,0.0,0,0.0,0.0,53282.15,53667.55,52783.45,53710.35,0,0.0,0.0,0.0,0.0,-0.01,-1,-1,-0.01,-1,-1,-0.01,-1,-1,-0.01,-1,-1,-0.01,-1,-1,-0.01,-1,-1,-0.01,-1,-1,-0.01,-1,-1,-0.01,-1,-1,-0.01,-1,-1
99926009,2026-05-18 15:16:18+05:30,53486.5,0,0.0,0,0.0,0.0,53282.15,53667.55,52783.45,53710.35,0,0.0,0.0,0.0,0.0,-0.01,-1,-1,-0.01,-1,-1,-0.01,-1,-1,-0.01,-1,-1,-0.01,-1,-1,-0.01,-1,-1,-0.01,-1,-1,-0.01,-1,-1,-0.01,-1,-1,-0.01,-1,-1
99926009,2026-05-18 15:16:18+05:30,53490.6,0,0.0,0,0.0,0.0,53282.15,53667.55,52783.45,53710.35,0,0.0,0.0,0.0,0.0,-0.01,-1,-1,-0.01,-1,-1,-0.01,-1,-1,-0.01,-1,-1,-0.01,-1,-1,-0.01,-1,-1,-0.01,-1,-1,-0.01,-1,-1,-0.01,-1,-1,-0.01,-1,-1
99926009,2026-05-18 15:16:18+05:30,53487.05,0,0.0,0,0.0,0.0,53282.15,53667.55,52783.45,53710.35,0,0.0,0.0,0.0,0.0,-0.01,-1,-1,-0.01,-1,-1,-0.01,-1,-1,-0.01,-1,-1,-0.01,-1,-1,-0.01,-1,-1,-0.01,-1,-1,-0.01,-1,-1,-0.01,-1,-1,-0.01,-1,-1
99926009,2026-05-18 15:16:19+05:30,53487.05,0,0.0,0,0.0,0.0,53282.15,53667.55,52783.45,53710.35,0,0.0,0.0,0.0,0.0,-0.01,-1,-1,-0.01,-1,-1,-0.01,-1,-1,-0.01,-1,-1,-0.01,-1,-1,-0.01,-1,-1,-0.01,-1,-1,-0.01,-1,-1,-0.01,-1,-1,-0.01,-1,-1
99926009,2026-05-18 15:16:19+05:30,53488.35,0,0.0,0,0.0,0.0,53282.15,53667.55,52783.45,53710.35,0,0.0,0.0,0.0,0.0,-0.01,-1,-1,-0.01,-1,-1,-0.01,-1,-1,-0.01,-1,-1,-0.01,-1,-1,-0.01,-1,-1,-0.01,-1,-1,-0.01,-1,-1,-0.01,-1,-1,-0.01,-1,-1
99926009,2026-05-18 15:16:19+05:30,53489.8,0,0.0,0,0.0,0.0,53282.15,53667.55,52783.45,53710.35,0,0.0,0.0,0.0,0.0,-0.01,-1,-1,-0.01,-1,-1,-0.01,-1,-1,-0.01,-1,-1,-0.01,-1,-1,-0.01,-1,-1,-0.01,-1,-1,-0.01,-1,-1,-0.01,-1,-1,-0.01,-1,-1
99926009,2026-05-18 15:16:20+05:30,53489.8,0,0.0,0,0.0,0.0,53282.15,53667.55,52783.45,53710.35,0,0.0,0.0,0.0,0.0,-0.01,-1,-1,-0.01,-1,-1,-0.01,-1,-1,-0.01,-1,-1,-0.01,-1,-1,-0.01,-1,-1,-0.01,-1,-1,-0.01,-1,-1,-0.01,-1,-1,-0.01,-1,-1
99926009,2026-05-18 15:16:20+05:30,53484.3,0,0.0,0,0.0,0.0,53282.15,53667.55,52783.45,53710.35,0,0.0,0.0,0.0,0.0,-0.01,-1,-1,-0.01,-1,-1,-0.01,-1,-1,-0.01,-1,-1,-0.01,-1,-1,-0.01,-1,-1,-0.01,-1,-1,-0.01,-1,-1,-0.01,-1,-1,-0.01,-1,-1
99926009,2026-05-18 15:16:20+05:30,53490.35,0,0.0,0,0.0,0.0,53282.15,53667.55,52783.45,53710.35,0,0.0,0.0,0.0,0.0,-0.01,-1,-1,-0.01,-1,-1,-0.01,-1,-1,-0.01,-1,-1,-0.01,-1,-1,-0.01,-1,-1,-0.01,-1,-1,-0.01,-1,-1,-0.01,-1,-1,-0.01,-1,-1
99926009,2026-05-18 15:16:21+05:30,53490.35,0,0.0,0,0.0,0.0,53282.15,53667.55,52783.45,53710.35,0,0.0,0.0,0.0,0.0,-0.01,-1,-1,-0.01,-1,-1,-0.01,-1,-1,-0.01,-1,-1,-0.01,-1,-1,-0.01,-1,-1,-0.01,-1,-1,-0.01,-1,-1,-0.01,-1,-1,-0.01,-1,-1
99926009,2026-05-18 15:16:21+05:30,53491.4,0,0.0,0,0.0,0.0,53282.15,53667.55,52783.45,53710.35,0,0.0,0.0,0.0,0.0,-0.01,-1,-1,-0.01,-1,-1,-0.01,-1,-1,-0.01,-1,-1,-0.01,-1,-1,-0.01,-1,-1,-0.01,-1,-1,-0.01,-1,-1,-0.01,-1,-1,-0.01,-1,-1
99926009,2026-05-18 15:16:21+05:30,53484.95,0,0.0,0,0.0,0.0,53282.15,53667.55,52783.45,53710.35,0,0.0,0.0,0.0,0.0,-0.01,-1,-1,-0.01,-1,-1,-0.01,-1,-1,-0.01,-1,-1,-0.01,-1,-1,-0.01,-1,-1,-0.01,-1,-1,-0.01,-1,-1,-0.01,-1,-1,-0.01,-1,-1
99926009,2026-05-18 15:16:22+05:30,53484.95,0,0.0,0,0.0,0.0,53282.15,53667.55,52783.45,53710.35,0,0.0,0.0,0.0,0.0,-0.01,-1,-1,-0.01,-1,-1,-0.01,-1,-1,-0.01,-1,-1,-0.01,-1,-1,-0.01,-1,-1,-0.01,-1,-1,-0.01,-1,-1,-0.01,-1,-1,-0.01,-1,-1
99926009,2026-05-18 15:16:22+05:30,53488.6,0,0.0,0,0.0,0.0,53282.15,53667.55,52783.45,53710.35,0,0.0,0.0,0.0,0.0,-0.01,-1,-1,-0.01,-1,-1,-0.01,-1,-1,-0.01,-1,-1,-0.01,-1,-1,-0.01,-1,-1,-0.01,-1,-1,-0.01,-1,-1,-0.01,-1,-1,-0.01,-1,-1
99926009,2026-05-18 15:16:22+05:30,53485.65,0,0.0,0,0.0,0.0,53282.15,53667.55,52783.45,53710.35,0,0.0,0.0,0.0,0.0,-0.01,-1,-1,-0.01,-1,-1,-0.01,-1,-1,-0.01,-1,-1,-0.01,-1,-1,-0.01,-1,-1,-0.01,-1,-1,-0.01,-1,-1,-0.01,-1,-1,-0.01,-1,-1
99926009,2026-05-18 15:16:23+05:30,53485.65,0,0.0,0,0.0,0.0,53282.15,53667.55,52783.45,53710.35,0,0.0,0.0,0.0,0.0,-0.01,-1,-1,-0.01,-1,-1,-0.01,-1,-1,-0.01,-1,-1,-0.01,-1,-1,-0.01,-1,-1,-0.01,-1,-1,-0.01,-1,-1,-0.01,-1,-1,-0.01,-1,-1
99926009,2026-05-18 15:16:23+05:30,53490.55,0,0.0,0,0.0,0.0,53282.15,53667.55,52783.45,53710.35,0,0.0,0.0,0.0,0.0,-0.01,-1,-1,-0.01,-1,-1,-0.01,-1,-1,-0.01,-1,-1,-0.01,-1,-1,-0.01,-1,-1,-0.01,-1,-1,-0.01,-1,-1,-0.01,-1,-1,-0.01,-1,-1
99926009,2026-05-18 15:16:23+05:30,53488.5,0,0.0,0,0.0,0.0,53282.15,53667.55,52783.45,53710.35,0,0.0,0.0,0.0,0.0,-0.01,-1,-1,-0.01,-1,-1,-0.01,-1,-1,-0.01,-1,-1,-0.01,-1,-1,-0.01,-1,-1,-0.01,-1,-1,-0.01,-1,-1,-0.01,-1,-1,-0.01,-1,-1
99926009,2026-05-18 15:16:24+05:30,53488.5,0,0.0,0,0.0,0.0,53282.15,53667.55,52783.45,53710.35,0,0.0,0.0,0.0,0.0,-0.01,-1,-1,-0.01,-1,-1,-0.01,-1,-1,-0.01,-1,-1,-0.01,-1,-1,-0.01,-1,-1,-0.01,-1,-1,-0.01,-1,-1,-0.01,-1,-1,-0.01,-1,-1
99926009,2026-05-18 15:16:24+05:30,53487.45,0,0.0,0,0.0,0.0,53282.15,53667.55,52783.45,53710.35,0,0.0,0.0,0.0,0.0,-0.01,-1,-1,-0.01,-1,-1,-0.01,-1,-1,-0.01,-1,-1,-0.01,-1,-1,-0.01,-1,-1,-0.01,-1,-1,-0.01,-1,-1,-0.01,-1,-1,-0.01,-1,-1
99926009,2026-05-18 15:16:24+05:30,53487.0,0,0.0,0,0.0,0.0,53282.15,53667.55,52783.45,53710.35,0,0.0,0.0,0.0,0.0,-0.01,-1,-1,-0.01,-1,-1,-0.01,-1,-1,-0.01,-1,-1,-0.01,-1,-1,-0.01,-1,-1,-0.01,-1,-1,-0.01,-1,-1,-0.01,-1,-1,-0.01,-1,-1
99926009,2026-05-18 15:16:25+05:30,53487.0,0,0.0,0,0.0,0.0,53282.15,53667.55,52783.45,53710.35,0,0.0,0.0,0.0,0.0,-0.01,-1,-1,-0.01,-1,-1,-0.01,-1,-1,-0.01,-1,-1,-0.01,-1,-1,-0.01,-1,-1,-0.01,-1,-1,-0.01,-1,-1,-0.01,-1,-1,-0.01,-1,-1
99926009,2026-05-18 15:16:25+05:30,53487.55,0,0.0,0,0.0,0.0,53282.15,53667.55,52783.45,53710.35,0,0.0,0.0,0.0,0.0,-0.01,-1,-1,-0.01,-1,-1,-0.01,-1,-1,-0.01,-1,-1,-0.01,-1,-1,-0.01,-1,-1,-0.01,-1,-1,-0.01,-1,-1,-0.01,-1,-1,-0.01,-1,-1
99926009,2026-05-18 15:16:25+05:30,53489.5,0,0.0,0,0.0,0.0,53282.15,53667.55,52783.45,53710.35,0,0.0,0.0,0.0,0.0,-0.01,-1,-1,-0.01,-1,-1,-0.01,-1,-1,-0.01,-1,-1,-0.01,-1,-1,-0.01,-1,-1,-0.01,-1,-1,-0.01,-1,-1,-0.01,-1,-1,-0.01,-1,-1
99926009,2026-05-18 15:16:26+05:30,53489.5,0,0.0,0,0.0,0.0,53282.15,53667.55,52783.45,53710.35,0,0.0,0.0,0.0,0.0,-0.01,-1,-1,-0.01,-1,-1,-0.01,-1,-1,-0.01,-1,-1,-0.01,-1,-1,-0.01,-1,-1,-0.01,-1,-1,-0.01,-1,-1,-0.01,-1,-1,-0.01,-1,-1
99926009,2026-05-18 15:16:26+05:30,53487.5,0,0.0,0,0.0,0.0,53282.15,53667.55,52783.45,53710.35,0,0.0,0.0,0.0,0.0,-0.01,-1,-1,-0.01,-1,-1,-0.01,-1,-1,-0.01,-1,-1,-0.01,-1,-1,-0.01,-1,-1,-0.01,-1,-1,-0.01,-1,-1,-0.01,-1,-1,-0.01,-1,-1
99926009,2026-05-18 15:16:26+05:30,53488.0,0,0.0,0,0.0,0.0,53282.15,53667.55,52783.45,53710.35,0,0.0,0.0,0.0,0.0,-0.01,-1,-1,-0.01,-1,-1,-0.01,-1,-1,-0.01,-1,-1,-0.01,-1,-1,-0.01,-1,-1,-0.01,-1,-1,-0.01,-1,-1,-0.01,-1,-1,-0.01,-1,-1
99926009,2026-05-18 15:16:27+05:30,53488.0,0,0.0,0,0.0,0.0,53282.15,53667.55,52783.45,53710.35,0,0.0,0.0,0.0,0.0,-0.01,-1,-1,-0.01,-1,-1,-0.01,-1,-1,-0.01,-1,-1,-0.01,-1,-1,-0.01,-1,-1,-0.01,-1,-1,-0.01,-1,-1,-0.01,-1,-1,-0.01,-1,-1
99926009,2026-05-18 15:16:27+05:30,53488.35,0,0.0,0,0.0,0.0,53282.15,53667.55,52783.45,53710.35,0,0.0,0.0,0.0,0.0,-0.01,-1,-1,-0.01,-1,-1,-0.01,-1,-1,-0.01,-1,-1,-0.01,-1,-1,-0.01,-1,-1,-0.01,-1,-1,-0.01,-1,-1,-0.01,-1,-1,-0.01,-1,-1
99926009,2026-05-18 15:16:27+05:30,53485.8,0,0.0,0,0.0,0.0,53282.15,53667.55,52783.45,53710.35,0,0.0,0.0,0.0,0.0,-0.01,-1,-1,-0.01,-1,-1,-0.01,-1,-1,-0.01,-1,-1,-0.01,-1,-1,-0.01,-1,-1,-0.01,-1,-1,-0.01,-1,-1,-0.01,-1,-1,-0.01,-1,-1
99926009,2026-05-18 15:16:28+05:30,53485.8,0,0.0,0,0.0,0.0,53282.15,53667.55,52783.45,53710.35,0,0.0,0.0,0.0,0.0,-0.01,-1,-1,-0.01,-1,-1,-0.01,-1,-1,-0.01,-1,-1,-0.01,-1,-1,-0.01,-1,-1,-0.01,-1,-1,-0.01,-1,-1,-0.01,-1,-1,-0.01,-1,-1
99926009,2026-05-18 15:16:28+05:30,53485.9,0,0.0,0,0.0,0.0,53282.15,53667.55,52783.45,53710.35,0,0.0,0.0,0.0,0.0,-0.01,-1,-1,-0.01,-1,-1,-0.01,-1,-1,-0.01,-1,-1,-0.01,-1,-1,-0.01,-1,-1,-0.01,-1,-1,-0.01,-1,-1,-0.01,-1,-1,-0.01,-1,-1
99926009,2026-05-18 15:16:28+05:30,53485.1,0,0.0,0,0.0,0.0,53282.15,53667.55,52783.45,53710.35,0,0.0,0.0,0.0,0.0,-0.01,-1,-1,-0.01,-1,-1,-0.01,-1,-1,-0.01,-1,-1,-0.01,-1,-1,-0.01,-1,-1,-0.01,-1,-1,-0.01,-1,-1,-0.01,-1,-1,-0.01,-1,-1
99926009,2026-05-18 15:16:29+05:30,53485.1,0,0.0,0,0.0,0.0,53282.15,53667.55,52783.45,53710.35,0,0.0,0.0,0.0,0.0,-0.01,-1,-1,-0.01,-1,-1,-0.01,-1,-1,-0.01,-1,-1,-0.01,-1,-1,-0.01,-1,-1,-0.01,-1,-1,-0.01,-1,-1,-0.01,-1,-1,-0.01,-1,-1
99926009,2026-05-18 15:16:29+05:30,53481.1,0,0.0,0,0.0,0.0,53282.15,53667.55,52783.45,53710.35,0,0.0,0.0,0.0,0.0,-0.01,-1,-1,-0.01,-1,-1,-0.01,-1,-1,-0.01,-1,-1,-0.01,-1,-1,-0.01,-1,-1,-0.01,-1,-1,-0.01,-1,-1,-0.01,-1,-1,-0.01,-1,-1
99926009,2026-05-18 15:16:29+05:30,53486.9,0,0.0,0,0.0,0.0,53282.15,53667.55,52783.45,53710.35,0,0.0,0.0,0.0,0.0,-0.01,-1,-1,-0.01,-1,-1,-0.01,-1,-1,-0.01,-1,-1,-0.01,-1,-1,-0.01,-1,-1,-0.01,-1,-1,-0.01,-1,-1,-0.01,-1,-1,-0.01,-1,-1
99926009,2026-05-18 15:16:30+05:30,53486.9,0,0.0,0,0.0,0.0,53282.15,53667.55,52783.45,53710.35,0,0.0,0.0,0.0,0.0,-0.01,-1,-1,-0.01,-1,-1,-0.01,-1,-1,-0.01,-1,-1,-0.01,-1,-1,-0.01,-1,-1,-0.01,-1,-1,-0.01,-1,-1,-0.01,-1,-1,-0.01,-1,-1
99926009,2026-05-18 15:16:30+05:30,53485.3,0,0.0,0,0.0,0.0,53282.15,53667.55,52783.45,53710.35,0,0.0,0.0,0.0,0.0,-0.01,-1,-1,-0.01,-1,-1,-0.01,-1,-1,-0.01,-1,-1,-0.01,-1,-1,-0.01,-1,-1,-0.01,-1,-1,-0.01,-1,-1,-0.01,-1,-1,-0.01,-1,-1
99926009,2026-05-18 15:16:30+05:30,53486.0,0,0.0,0,0.0,0.0,53282.15,53667.55,52783.45,53710.35,0,0.0,0.0,0.0,0.0,-0.01,-1,-1,-0.01,-1,-1,-0.01,-1,-1,-0.01,-1,-1,-0.01,-1,-1,-0.01,-1,-1,-0.01,-1,-1,-0.01,-1,-1,-0.01,-1,-1,-0.01,-1,-1
99926009,2026-05-18 15:16:31+05:30,53486.0,0,0.0,0,0.0,0.0,53282.15,53667.55,52783.45,53710.35,0,0.0,0.0,0.0,0.0,-0.01,-1,-1,-0.01,-1,-1,-0.01,-1,-1,-0.01,-1,-1,-0.01,-1,-1,-0.01,-1,-1,-0.01,-1,-1,-0.01,-1,-1,-0.01,-1,-1,-0.01,-1,-1
99926009,2026-05-18 15:16:31+05:30,53486.0,0,0.0,0,0.0,0.0,53282.15,53667.55,52783.45,53710.35,0,0.0,0.0,0.0,0.0,-0.01,-1,-1,-0.01,-1,-1,-0.01,-1,-1,-0.01,-1,-1,-0.01,-1,-1,-0.01,-1,-1,-0.01,-1,-1,-0.01,-1,-1,-0.01,-1,-1,-0.01,-1,-1
99926009,2026-05-18 15:16:31+05:30,53481.3,0,0.0,0,0.0,0.0,53282.15,53667.55,52783.45,53710.35,0,0.0,0.0,0.0,0.0,-0.01,-1,-1,-0.01,-1,-1,-0.01,-1,-1,-0.01,-1,-1,-0.01,-1,-1,-0.01,-1,-1,-0.01,-1,-1,-0.01,-1,-1,-0.01,-1,-1,-0.01,-1,-1
99926009,2026-05-18 15:16:32+05:30,53481.3,0,0.0,0,0.0,0.0,53282.15,53667.55,52783.45,53710.35,0,0.0,0.0,0.0,0.0,-0.01,-1,-1,-0.01,-1,-1,-0.01,-1,-1,-0.01,-1,-1,-0.01,-1,-1,-0.01,-1,-1,-0.01,-1,-1,-0.01,-1,-1,-0.01,-1,-1,-0.01,-1,-1
99926009,2026-05-18 15:16:32+05:30,53480.6,0,0.0,0,0.0,0.0,53282.15,53667.55,52783.45,53710.35,0,0.0,0.0,0.0,0.0,-0.01,-1,-1,-0.01,-1,-1,-0.01,-1,-1,-0.01,-1,-1,-0.01,-1,-1,-0.01,-1,-1,-0.01,-1,-1,-0.01,-1,-1,-0.01,-1,-1,-0.01,-1,-1
99926009,2026-05-18 15:16:32+05:30,53481.75,0,0.0,0,0.0,0.0,53282.15,53667.55,52783.45,53710.35,0,0.0,0.0,0.0,0.0,-0.01,-1,-1,-0.01,-1,-1,-0.01,-1,-1,-0.01,-1,-1,-0.01,-1,-1,-0.01,-1,-1,-0.01,-1,-1,-0.01,-1,-1,-0.01,-1,-1,-0.01,-1,-1
99926009,2026-05-18 15:16:33+05:30,53481.75,0,0.0,0,0.0,0.0,53282.15,53667.55,52783.45,53710.35,0,0.0,0.0,0.0,0.0,-0.01,-1,-1,-0.01,-1,-1,-0.01,-1,-1,-0.01,-1,-1,-0.01,-1,-1,-0.01,-1,-1,-0.01,-1,-1,-0.01,-1,-1,-0.01,-1,-1,-0.01,-1,-1
99926009,2026-05-18 15:16:33+05:30,53479.75,0,0.0,0,0.0,0.0,53282.15,53667.55,52783.45,53710.35,0,0.0,0.0,0.0,0.0,-0.01,-1,-1,-0.01,-1,-1,-0.01,-1,-1,-0.01,-1,-1,-0.01,-1,-1,-0.01,-1,-1,-0.01,-1,-1,-0.01,-1,-1,-0.01,-1,-1,-0.01,-1,-1
99926009,2026-05-18 15:16:33+05:30,53484.35,0,0.0,0,0.0,0.0,53282.15,53667.55,52783.45,53710.35,0,0.0,0.0,0.0,0.0,-0.01,-1,-1,-0.01,-1,-1,-0.01,-1,-1,-0.01,-1,-1,-0.01,-1,-1,-0.01,-1,-1,-0.01,-1,-1,-0.01,-1,-1,-0.01,-1,-1,-0.01,-1,-1
99926009,2026-05-18 15:16:34+05:30,53484.35,0,0.0,0,0.0,0.0,53282.15,53667.55,52783.45,53710.35,0,0.0,0.0,0.0,0.0,-0.01,-1,-1,-0.01,-1,-1,-0.01,-1,-1,-0.01,-1,-1,-0.01,-1,-1,-0.01,-1,-1,-0.01,-1,-1,-0.01,-1,-1,-0.01,-1,-1,-0.01,-1,-1
99926009,2026-05-18 15:16:34+05:30,53484.6,0,0.0,0,0.0,0.0,53282.15,53667.55,52783.45,53710.35,0,0.0,0.0,0.0,0.0,-0.01,-1,-1,-0.01,-1,-1,-0.01,-1,-1,-0.01,-1,-1,-0.01,-1,-1,-0.01,-1,-1,-0.01,-1,-1,-0.01,-1,-1,-0.01,-1,-1,-0.01,-1,-1
99926009,2026-05-18 15:16:34+05:30,53485.6,0,0.0,0,0.0,0.0,53282.15,53667.55,52783.45,53710.35,0,0.0,0.0,0.0,0.0,-0.01,-1,-1,-0.01,-1,-1,-0.01,-1,-1,-0.01,-1,-1,-0.01,-1,-1,-0.01,-1,-1,-0.01,-1,-1,-0.01,-1,-1,-0.01,-1,-1,-0.01,-1,-1
99926009,2026-05-18 15:16:35+05:30,53485.6,0,0.0,0,0.0,0.0,53282.15,53667.55,52783.45,53710.35,0,0.0,0.0,0.0,0.0,-0.01,-1,-1,-0.01,-1,-1,-0.01,-1,-1,-0.01,-1,-1,-0.01,-1,-1,-0.01,-1,-1,-0.01,-1,-1,-0.01,-1,-1,-0.01,-1,-1,-0.01,-1,-1
99926009,2026-05-18 15:16:35+05:30,53483.35,0,0.0,0,0.0,0.0,53282.15,53667.55,52783.45,53710.35,0,0.0,0.0,0.0,0.0,-0.01,-1,-1,-0.01,-1,-1,-0.01,-1,-1,-0.01,-1,-1,-0.01,-1,-1,-0.01,-1,-1,-0.01,-1,-1,-0.01,-1,-1,-0.01,-1,-1,-0.01,-1,-1
99926009,2026-05-18 15:16:35+05:30,53484.8,0,0.0,0,0.0,0.0,53282.15,53667.55,52783.45,53710.35,0,0.0,0.0,0.0,0.0,-0.01,-1,-1,-0.01,-1,-1,-0.01,-1,-1,-0.01,-1,-1,-0.01,-1,-1,-0.01,-1,-1,-0.01,-1,-1,-0.01,-1,-1,-0.01,-1,-1,-0.01,-1,-1
99926009,2026-05-18 15:16:36+05:30,53484.8,0,0.0,0,0.0,0.0,53282.15,53667.55,52783.45,53710.35,0,0.0,0.0,0.0,0.0,-0.01,-1,-1,-0.01,-1,-1,-0.01,-1,-1,-0.01,-1,-1,-0.01,-1,-1,-0.01,-1,-1,-0.01,-1,-1,-0.01,-1,-1,-0.01,-1,-1,-0.01,-1,-1
99926009,2026-05-18 15:16:36+05:30,53484.8,0,0.0,0,0.0,0.0,53282.15,53667.55,52783.45,53710.35,0,0.0,0.0,0.0,0.0,-0.01,-1,-1,-0.01,-1,-1,-0.01,-1,-1,-0.01,-1,-1,-0.01,-1,-1,-0.01,-1,-1,-0.01,-1,-1,-0.01,-1,-1,-0.01,-1,-1,-0.01,-1,-1
99926009,2026-05-18 15:16:36+05:30,53481.3,0,0.0,0,0.0,0.0,53282.15,53667.55,52783.45,53710.35,0,0.0,0.0,0.0,0.0,-0.01,-1,-1,-0.01,-1,-1,-0.01,-1,-1,-0.01,-1,-1,-0.01,-1,-1,-0.01,-1,-1,-0.01,-1,-1,-0.01,-1,-1,-0.01,-1,-1,-0.01,-1,-1
99926009,2026-05-18 15:16:37+05:30,53481.3,0,0.0,0,0.0,0.0,53282.15,53667.55,52783.45,53710.35,0,0.0,0.0,0.0,0.0,-0.01,-1,-1,-0.01,-1,-1,-0.01,-1,-1,-0.01,-1,-1,-0.01,-1,-1,-0.01,-1,-1,-0.01,-1,-1,-0.01,-1,-1,-0.01,-1,-1,-0.01,-1,-1
99926009,2026-05-18 15:16:37+05:30,53484.1,0,0.0,0,0.0,0.0,53282.15,53667.55,52783.45,53710.35,0,0.0,0.0,0.0,0.0,-0.01,-1,-1,-0.01,-1,-1,-0.01,-1,-1,-0.01,-1,-1,-0.01,-1,-1,-0.01,-1,-1,-0.01,-1,-1,-0.01,-1,-1,-0.01,-1,-1,-0.01,-1,-1
99926009,2026-05-18 15:16:37+05:30,53484.0,0,0.0,0,0.0,0.0,53282.15,53667.55,52783.45,53710.35,0,0.0,0.0,0.0,0.0,-0.01,-1,-1,-0.01,-1,-1,-0.01,-1,-1,-0.01,-1,-1,-0.01,-1,-1,-0.01,-1,-1,-0.01,-1,-1,-0.01,-1,-1,-0.01,-1,-1,-0.01,-1,-1
99926009,2026-05-18 15:16:38+05:30,53484.0,0,0.0,0,0.0,0.0,53282.15,53667.55,52783.45,53710.35,0,0.0,0.0,0.0,0.0,-0.01,-1,-1,-0.01,-1,-1,-0.01,-1,-1,-0.01,-1,-1,-0.01,-1,-1,-0.01,-1,-1,-0.01,-1,-1,-0.01,-1,-1,-0.01,-1,-1,-0.01,-1,-1
99926009,2026-05-18 15:16:38+05:30,53484.45,0,0.0,0,0.0,0.0,53282.15,53667.55,52783.45,53710.35,0,0.0,0.0,0.0,0.0,-0.01,-1,-1,-0.01,-1,-1,-0.01,-1,-1,-0.01,-1,-1,-0.01,-1,-1,-0.01,-1,-1,-0.01,-1,-1,-0.01,-1,-1,-0.01,-1,-1,-0.01,-1,-1
99926009,2026-05-18 15:16:38+05:30,53486.35,0,0.0,0,0.0,0.0,53282.15,53667.55,52783.45,53710.35,0,0.0,0.0,0.0,0.0,-0.01,-1,-1,-0.01,-1,-1,-0.01,-1,-1,-0.01,-1,-1,-0.01,-1,-1,-0.01,-1,-1,-0.01,-1,-1,-0.01,-1,-1,-0.01,-1,-1,-0.01,-1,-1
99926009,2026-05-18 15:16:39+05:30,53486.35,0,0.0,0,0.0,0.0,53282.15,53667.55,52783.45,53710.35,0,0.0,0.0,0.0,0.0,-0.01,-1,-1,-0.01,-1,-1,-0.01,-1,-1,-0.01,-1,-1,-0.01,-1,-1,-0.01,-1,-1,-0.01,-1,-1,-0.01,-1,-1,-0.01,-1,-1,-0.01,-1,-1
99926009,2026-05-18 15:16:39+05:30,53484.55,0,0.0,0,0.0,0.0,53282.15,53667.55,52783.45,53710.35,0,0.0,0.0,0.0,0.0,-0.01,-1,-1,-0.01,-1,-1,-0.01,-1,-1,-0.01,-1,-1,-0.01,-1,-1,-0.01,-1,-1,-0.01,-1,-1,-0.01,-1,-1,-0.01,-1,-1,-0.01,-1,-1
99926009,2026-05-18 15:16:39+05:30,53485.85,0,0.0,0,0.0,0.0,53282.15,53667.55,52783.45,53710.35,0,0.0,0.0,0.0,0.0,-0.01,-1,-1,-0.01,-1,-1,-0.01,-1,-1,-0.01,-1,-1,-0.01,-1,-1,-0.01,-1,-1,-0.01,-1,-1,-0.01,-1,-1,-0.01,-1,-1,-0.01,-1,-1
99926009,2026-05-18 15:16:40+05:30,53485.85,0,0.0,0,0.0,0.0,53282.15,53667.55,52783.45,53710.35,0,0.0,0.0,0.0,0.0,-0.01,-1,-1,-0.01,-1,-1,-0.01,-1,-1,-0.01,-1,-1,-0.01,-1,-1,-0.01,-1,-1,-0.01,-1,-1,-0.01,-1,-1,-0.01,-1,-1,-0.01,-1,-1
99926009,2026-05-18 15:16:40+05:30,53482.0,0,0.0,0,0.0,0.0,53282.15,53667.55,52783.45,53710.35,0,0.0,0.0,0.0,0.0,-0.01,-1,-1,-0.01,-1,-1,-0.01,-1,-1,-0.01,-1,-1,-0.01,-1,-1,-0.01,-1,-1,-0.01,-1,-1,-0.01,-1,-1,-0.01,-1,-1,-0.01,-1,-1
99926009,2026-05-18 15:16:40+05:30,53486.6,0,0.0,0,0.0,0.0,53282.15,53667.55,52783.45,53710.35,0,0.0,0.0,0.0,0.0,-0.01,-1,-1,-0.01,-1,-1,-0.01,-1,-1,-0.01,-1,-1,-0.01,-1,-1,-0.01,-1,-1,-0.01,-1,-1,-0.01,-1,-1,-0.01,-1,-1,-0.01,-1,-1
99926009,2026-05-18 15:16:41+05:30,53486.6,0,0.0,0,0.0,0.0,53282.15,53667.55,52783.45,53710.35,0,0.0,0.0,0.0,0.0,-0.01,-1,-1,-0.01,-1,-1,-0.01,-1,-1,-0.01,-1,-1,-0.01,-1,-1,-0.01,-1,-1,-0.01,-1,-1,-0.01,-1,-1,-0.01,-1,-1,-0.01,-1,-1
99926009,2026-05-18 15:16:41+05:30,53487.05,0,0.0,0,0.0,0.0,53282.15,53667.55,52783.45,53710.35,0,0.0,0.0,0.0,0.0,-0.01,-1,-1,-0.01,-1,-1,-0.01,-1,-1,-0.01,-1,-1,-0.01,-1,-1,-0.01,-1,-1,-0.01,-1,-1,-0.01,-1,-1,-0.01,-1,-1,-0.01,-1,-1
99926009,2026-05-18 15:16:41+05:30,53485.05,0,0.0,0,0.0,0.0,53282.15,53667.55,52783.45,53710.35,0,0.0,0.0,0.0,0.0,-0.01,-1,-1,-0.01,-1,-1,-0.01,-1,-1,-0.01,-1,-1,-0.01,-1,-1,-0.01,-1,-1,-0.01,-1,-1,-0.01,-1,-1,-0.01,-1,-1,-0.01,-1,-1
99926009,2026-05-18 15:16:42+05:30,53485.05,0,0.0,0,0.0,0.0,53282.15,53667.55,52783.45,53710.35,0,0.0,0.0,0.0,0.0,-0.01,-1,-1,-0.01,-1,-1,-0.01,-1,-1,-0.01,-1,-1,-0.01,-1,-1,-0.01,-1,-1,-0.01,-1,-1,-0.01,-1,-1,-0.01,-1,-1,-0.01,-1,-1
99926009,2026-05-18 15:16:42+05:30,53484.55,0,0.0,0,0.0,0.0,53282.15,53667.55,52783.45,53710.35,0,0.0,0.0,0.0,0.0,-0.01,-1,-1,-0.01,-1,-1,-0.01,-1,-1,-0.01,-1,-1,-0.01,-1,-1,-0.01,-1,-1,-0.01,-1,-1,-0.01,-1,-1,-0.01,-1,-1,-0.01,-1,-1
99926009,2026-05-18 15:16:42+05:30,53484.15,0,0.0,0,0.0,0.0,53282.15,53667.55,52783.45,53710.35,0,0.0,0.0,0.0,0.0,-0.01,-1,-1,-0.01,-1,-1,-0.01,-1,-1,-0.01,-1,-1,-0.01,-1,-1,-0.01,-1,-1,-0.01,-1,-1,-0.01,-1,-1,-0.01,-1,-1,-0.01,-1,-1
99926009,2026-05-18 15:16:43+05:30,53484.15,0,0.0,0,0.0,0.0,53282.15,53667.55,52783.45,53710.35,0,0.0,0.0,0.0,0.0,-0.01,-1,-1,-0.01,-1,-1,-0.01,-1,-1,-0.01,-1,-1,-0.01,-1,-1,-0.01,-1,-1,-0.01,-1,-1,-0.01,-1,-1,-0.01,-1,-1,-0.01,-1,-1
99926009,2026-05-18 15:16:43+05:30,53482.5,0,0.0,0,0.0,0.0,53282.15,53667.55,52783.45,53710.35,0,0.0,0.0,0.0,0.0,-0.01,-1,-1,-0.01,-1,-1,-0.01,-1,-1,-0.01,-1,-1,-0.01,-1,-1,-0.01,-1,-1,-0.01,-1,-1,-0.01,-1,-1,-0.01,-1,-1,-0.01,-1,-1
99926009,2026-05-18 15:16:43+05:30,53486.4,0,0.0,0,0.0,0.0,53282.15,53667.55,52783.45,53710.35,0,0.0,0.0,0.0,0.0,-0.01,-1,-1,-0.01,-1,-1,-0.01,-1,-1,-0.01,-1,-1,-0.01,-1,-1,-0.01,-1,-1,-0.01,-1,-1,-0.01,-1,-1,-0.01,-1,-1,-0.01,-1,-1
99926009,2026-05-18 15:16:44+05:30,53486.4,0,0.0,0,0.0,0.0,53282.15,53667.55,52783.45,53710.35,0,0.0,0.0,0.0,0.0,-0.01,-1,-1,-0.01,-1,-1,-0.01,-1,-1,-0.01,-1,-1,-0.01,-1,-1,-0.01,-1,-1,-0.01,-1,-1,-0.01,-1,-1,-0.01,-1,-1,-0.01,-1,-1
99926009,2026-05-18 15:16:44+05:30,53481.5,0,0.0,0,0.0,0.0,53282.15,53667.55,52783.45,53710.35,0,0.0,0.0,0.0,0.0,-0.01,-1,-1,-0.01,-1,-1,-0.01,-1,-1,-0.01,-1,-1,-0.01,-1,-1,-0.01,-1,-1,-0.01,-1,-1,-0.01,-1,-1,-0.01,-1,-1,-0.01,-1,-1
99926009,2026-05-18 15:16:44+05:30,53488.45,0,0.0,0,0.0,0.0,53282.15,53667.55,52783.45,53710.35,0,0.0,0.0,0.0,0.0,-0.01,-1,-1,-0.01,-1,-1,-0.01,-1,-1,-0.01,-1,-1,-0.01,-1,-1,-0.01,-1,-1,-0.01,-1,-1,-0.01,-1,-1,-0.01,-1,-1,-0.01,-1,-1
99926009,2026-05-18 15:16:45+05:30,53488.45,0,0.0,0,0.0,0.0,53282.15,53667.55,52783.45,53710.35,0,0.0,0.0,0.0,0.0,-0.01,-1,-1,-0.01,-1,-1,-0.01,-1,-1,-0.01,-1,-1,-0.01,-1,-1,-0.01,-1,-1,-0.01,-1,-1,-0.01,-1,-1,-0.01,-1,-1,-0.01,-1,-1
99926009,2026-05-18 15:16:45+05:30,53489.5,0,0.0,0,0.0,0.0,53282.15,53667.55,52783.45,53710.35,0,0.0,0.0,0.0,0.0,-0.01,-1,-1,-0.01,-1,-1,-0.01,-1,-1,-0.01,-1,-1,-0.01,-1,-1,-0.01,-1,-1,-0.01,-1,-1,-0.01,-1,-1,-0.01,-1,-1,-0.01,-1,-1
99926009,2026-05-18 15:16:45+05:30,53489.15,0,0.0,0,0.0,0.0,53282.15,53667.55,52783.45,53710.35,0,0.0,0.0,0.0,0.0,-0.01,-1,-1,-0.01,-1,-1,-0.01,-1,-1,-0.01,-1,-1,-0.01,-1,-1,-0.01,-1,-1,-0.01,-1,-1,-0.01,-1,-1,-0.01,-1,-1,-0.01,-1,-1
99926009,2026-05-18 15:16:46+05:30,53489.15,0,0.0,0,0.0,0.0,53282.15,53667.55,52783.45,53710.35,0,0.0,0.0,0.0,0.0,-0.01,-1,-1,-0.01,-1,-1,-0.01,-1,-1,-0.01,-1,-1,-0.01,-1,-1,-0.01,-1,-1,-0.01,-1,-1,-0.01,-1,-1,-0.01,-1,-1,-0.01,-1,-1
99926009,2026-05-18 15:16:46+05:30,53489.25,0,0.0,0,0.0,0.0,53282.15,53667.55,52783.45,53710.35,0,0.0,0.0,0.0,0.0,-0.01,-1,-1,-0.01,-1,-1,-0.01,-1,-1,-0.01,-1,-1,-0.01,-1,-1,-0.01,-1,-1,-0.01,-1,-1,-0.01,-1,-1,-0.01,-1,-1,-0.01,-1,-1
99926009,2026-05-18 15:16:46+05:30,53483.95,0,0.0,0,0.0,0.0,53282.15,53667.55,52783.45,53710.35,0,0.0,0.0,0.0,0.0,-0.01,-1,-1,-0.01,-1,-1,-0.01,-1,-1,-0.01,-1,-1,-0.01,-1,-1,-0.01,-1,-1,-0.01,-1,-1,-0.01,-1,-1,-0.01,-1,-1,-0.01,-1,-1
99926009,2026-05-18 15:16:47+05:30,53483.95,0,0.0,0,0.0,0.0,53282.15,53667.55,52783.45,53710.35,0,0.0,0.0,0.0,0.0,-0.01,-1,-1,-0.01,-1,-1,-0.01,-1,-1,-0.01,-1,-1,-0.01,-1,-1,-0.01,-1,-1,-0.01,-1,-1,-0.01,-1,-1,-0.01,-1,-1,-0.01,-1,-1
99926009,2026-05-18 15:16:47+05:30,53482.25,0,0.0,0,0.0,0.0,53282.15,53667.55,52783.45,53710.35,0,0.0,0.0,0.0,0.0,-0.01,-1,-1,-0.01,-1,-1,-0.01,-1,-1,-0.01,-1,-1,-0.01,-1,-1,-0.01,-1,-1,-0.01,-1,-1,-0.01,-1,-1,-0.01,-1,-1,-0.01,-1,-1
99926009,2026-05-18 15:16:47+05:30,53488.75,0,0.0,0,0.0,0.0,53282.15,53667.55,52783.45,53710.35,0,0.0,0.0,0.0,0.0,-0.01,-1,-1,-0.01,-1,-1,-0.01,-1,-1,-0.01,-1,-1,-0.01,-1,-1,-0.01,-1,-1,-0.01,-1,-1,-0.01,-1,-1,-0.01,-1,-1,-0.01,-1,-1
99926009,2026-05-18 15:16:48+05:30,53488.75,0,0.0,0,0.0,0.0,53282.15,53667.55,52783.45,53710.35,0,0.0,0.0,0.0,0.0,-0.01,-1,-1,-0.01,-1,-1,-0.01,-1,-1,-0.01,-1,-1,-0.01,-1,-1,-0.01,-1,-1,-0.01,-1,-1,-0.01,-1,-1,-0.01,-1,-1,-0.01,-1,-1
99926009,2026-05-18 15:16:48+05:30,53483.5,0,0.0,0,0.0,0.0,53282.15,53667.55,52783.45,53710.35,0,0.0,0.0,0.0,0.0,-0.01,-1,-1,-0.01,-1,-1,-0.01,-1,-1,-0.01,-1,-1,-0.01,-1,-1,-0.01,-1,-1,-0.01,-1,-1,-0.01,-1,-1,-0.01,-1,-1,-0.01,-1,-1
99926009,2026-05-18 15:16:48+05:30,53483.7,0,0.0,0,0.0,0.0,53282.15,53667.55,52783.45,53710.35,0,0.0,0.0,0.0,0.0,-0.01,-1,-1,-0.01,-1,-1,-0.01,-1,-1,-0.01,-1,-1,-0.01,-1,-1,-0.01,-1,-1,-0.01,-1,-1,-0.01,-1,-1,-0.01,-1,-1,-0.01,-1,-1
99926009,2026-05-18 15:16:49+05:30,53483.7,0,0.0,0,0.0,0.0,53282.15,53667.55,52783.45,53710.35,0,0.0,0.0,0.0,0.0,-0.01,-1,-1,-0.01,-1,-1,-0.01,-1,-1,-0.01,-1,-1,-0.01,-1,-1,-0.01,-1,-1,-0.01,-1,-1,-0.01,-1,-1,-0.01,-1,-1,-0.01,-1,-1
99926009,2026-05-18 15:16:49+05:30,53492.4,0,0.0,0,0.0,0.0,53282.15,53667.55,52783.45,53710.35,0,0.0,0.0,0.0,0.0,-0.01,-1,-1,-0.01,-1,-1,-0.01,-1,-1,-0.01,-1,-1,-0.01,-1,-1,-0.01,-1,-1,-0.01,-1,-1,-0.01,-1,-1,-0.01,-1,-1,-0.01,-1,-1
99926009,2026-05-18 15:16:49+05:30,53488.2,0,0.0,0,0.0,0.0,53282.15,53667.55,52783.45,53710.35,0,0.0,0.0,0.0,0.0,-0.01,-1,-1,-0.01,-1,-1,-0.01,-1,-1,-0.01,-1,-1,-0.01,-1,-1,-0.01,-1,-1,-0.01,-1,-1,-0.01,-1,-1,-0.01,-1,-1,-0.01,-1,-1
99926009,2026-05-18 15:16:50+05:30,53488.2,0,0.0,0,0.0,0.0,53282.15,53667.55,52783.45,53710.35,0,0.0,0.0,0.0,0.0,-0.01,-1,-1,-0.01,-1,-1,-0.01,-1,-1,-0.01,-1,-1,-0.01,-1,-1,-0.01,-1,-1,-0.01,-1,-1,-0.01,-1,-1,-0.01,-1,-1,-0.01,-1,-1
99926009,2026-05-18 15:16:50+05:30,53490.65,0,0.0,0,0.0,0.0,53282.15,53667.55,52783.45,53710.35,0,0.0,0.0,0.0,0.0,-0.01,-1,-1,-0.01,-1,-1,-0.01,-1,-1,-0.01,-1,-1,-0.01,-1,-1,-0.01,-1,-1,-0.01,-1,-1,-0.01,-1,-1,-0.01,-1,-1,-0.01,-1,-1
99926009,2026-05-18 15:16:50+05:30,53491.3,0,0.0,0,0.0,0.0,53282.15,53667.55,52783.45,53710.35,0,0.0,0.0,0.0,0.0,-0.01,-1,-1,-0.01,-1,-1,-0.01,-1,-1,-0.01,-1,-1,-0.01,-1,-1,-0.01,-1,-1,-0.01,-1,-1,-0.01,-1,-1,-0.01,-1,-1,-0.01,-1,-1
99926009,2026-05-18 15:16:51+05:30,53491.3,0,0.0,0,0.0,0.0,53282.15,53667.55,52783.45,53710.35,0,0.0,0.0,0.0,0.0,-0.01,-1,-1,-0.01,-1,-1,-0.01,-1,-1,-0.01,-1,-1,-0.01,-1,-1,-0.01,-1,-1,-0.01,-1,-1,-0.01,-1,-1,-0.01,-1,-1,-0.01,-1,-1
99926009,2026-05-18 15:16:51+05:30,53492.0,0,0.0,0,0.0,0.0,53282.15,53667.55,52783.45,53710.35,0,0.0,0.0,0.0,0.0,-0.01,-1,-1,-0.01,-1,-1,-0.01,-1,-1,-0.01,-1,-1,-0.01,-1,-1,-0.01,-1,-1,-0.01,-1,-1,-0.01,-1,-1,-0.01,-1,-1,-0.01,-1,-1
99926009,2026-05-18 15:16:51+05:30,53484.0,0,0.0,0,0.0,0.0,53282.15,53667.55,52783.45,53710.35,0,0.0,0.0,0.0,0.0,-0.01,-1,-1,-0.01,-1,-1,-0.01,-1,-1,-0.01,-1,-1,-0.01,-1,-1,-0.01,-1,-1,-0.01,-1,-1,-0.01,-1,-1,-0.01,-1,-1,-0.01,-1,-1
99926009,2026-05-18 15:16:52+05:30,53484.0,0,0.0,0,0.0,0.0,53282.15,53667.55,52783.45,53710.35,0,0.0,0.0,0.0,0.0,-0.01,-1,-1,-0.01,-1,-1,-0.01,-1,-1,-0.01,-1,-1,-0.01,-1,-1,-0.01,-1,-1,-0.01,-1,-1,-0.01,-1,-1,-0.01,-1,-1,-0.01,-1,-1
99926009,2026-05-18 15:16:52+05:30,53486.9,0,0.0,0,0.0,0.0,53282.15,53667.55,52783.45,53710.35,0,0.0,0.0,0.0,0.0,-0.01,-1,-1,-0.01,-1,-1,-0.01,-1,-1,-0.01,-1,-1,-0.01,-1,-1,-0.01,-1,-1,-0.01,-1,-1,-0.01,-1,-1,-0.01,-1,-1,-0.01,-1,-1
99926009,2026-05-18 15:16:52+05:30,53485.55,0,0.0,0,0.0,0.0,53282.15,53667.55,52783.45,53710.35,0,0.0,0.0,0.0,0.0,-0.01,-1,-1,-0.01,-1,-1,-0.01,-1,-1,-0.01,-1,-1,-0.01,-1,-1,-0.01,-1,-1,-0.01,-1,-1,-0.01,-1,-1,-0.01,-1,-1,-0.01,-1,-1
99926009,2026-05-18 15:16:53+05:30,53485.55,0,0.0,0,0.0,0.0,53282.15,53667.55,52783.45,53710.35,0,0.0,0.0,0.0,0.0,-0.01,-1,-1,-0.01,-1,-1,-0.01,-1,-1,-0.01,-1,-1,-0.01,-1,-1,-0.01,-1,-1,-0.01,-1,-1,-0.01,-1,-1,-0.01,-1,-1,-0.01,-1,-1
99926009,2026-05-18 15:16:53+05:30,53489.75,0,0.0,0,0.0,0.0,53282.15,53667.55,52783.45,53710.35,0,0.0,0.0,0.0,0.0,-0.01,-1,-1,-0.01,-1,-1,-0.01,-1,-1,-0.01,-1,-1,-0.01,-1,-1,-0.01,-1,-1,-0.01,-1,-1,-0.01,-1,-1,-0.01,-1,-1,-0.01,-1,-1
99926009,2026-05-18 15:16:53+05:30,53490.9,0,0.0,0,0.0,0.0,53282.15,53667.55,52783.45,53710.35,0,0.0,0.0,0.0,0.0,-0.01,-1,-1,-0.01,-1,-1,-0.01,-1,-1,-0.01,-1,-1,-0.01,-1,-1,-0.01,-1,-1,-0.01,-1,-1,-0.01,-1,-1,-0.01,-1,-1,-0.01,-1,-1
99926009,2026-05-18 15:16:54+05:30,53490.9,0,0.0,0,0.0,0.0,53282.15,53667.55,52783.45,53710.35,0,0.0,0.0,0.0,0.0,-0.01,-1,-1,-0.01,-1,-1,-0.01,-1,-1,-0.01,-1,-1,-0.01,-1,-1,-0.01,-1,-1,-0.01,-1,-1,-0.01,-1,-1,-0.01,-1,-1,-0.01,-1,-1
99926009,2026-05-18 15:16:54+05:30,53489.85,0,0.0,0,0.0,0.0,53282.15,53667.55,52783.45,53710.35,0,0.0,0.0,0.0,0.0,-0.01,-1,-1,-0.01,-1,-1,-0.01,-1,-1,-0.01,-1,-1,-0.01,-1,-1,-0.01,-1,-1,-0.01,-1,-1,-0.01,-1,-1,-0.01,-1,-1,-0.01,-1,-1
99926009,2026-05-18 15:16:54+05:30,53487.55,0,0.0,0,0.0,0.0,53282.15,53667.55,52783.45,53710.35,0,0.0,0.0,0.0,0.0,-0.01,-1,-1,-0.01,-1,-1,-0.01,-1,-1,-0.01,-1,-1,-0.01,-1,-1,-0.01,-1,-1,-0.01,-1,-1,-0.01,-1,-1,-0.01,-1,-1,-0.01,-1,-1
99926009,2026-05-18 15:16:55+05:30,53487.55,0,0.0,0,0.0,0.0,53282.15,53667.55,52783.45,53710.35,0,0.0,0.0,0.0,0.0,-0.01,-1,-1,-0.01,-1,-1,-0.01,-1,-1,-0.01,-1,-1,-0.01,-1,-1,-0.01,-1,-1,-0.01,-1,-1,-0.01,-1,-1,-0.01,-1,-1,-0.01,-1,-1
99926009,2026-05-18 15:16:55+05:30,53489.1,0,0.0,0,0.0,0.0,53282.15,53667.55,52783.45,53710.35,0,0.0,0.0,0.0,0.0,-0.01,-1,-1,-0.01,-1,-1,-0.01,-1,-1,-0.01,-1,-1,-0.01,-1,-1,-0.01,-1,-1,-0.01,-1,-1,-0.01,-1,-1,-0.01,-1,-1,-0.01,-1,-1
99926009,2026-05-18 15:16:55+05:30,53491.75,0,0.0,0,0.0,0.0,53282.15,53667.55,52783.45,53710.35,0,0.0,0.0,0.0,0.0,-0.01,-1,-1,-0.01,-1,-1,-0.01,-1,-1,-0.01,-1,-1,-0.01,-1,-1,-0.01,-1,-1,-0.01,-1,-1,-0.01,-1,-1,-0.01,-1,-1,-0.01,-1,-1
99926009,2026-05-18 15:16:56+05:30,53491.75,0,0.0,0,0.0,0.0,53282.15,53667.55,52783.45,53710.35,0,0.0,0.0,0.0,0.0,-0.01,-1,-1,-0.01,-1,-1,-0.01,-1,-1,-0.01,-1,-1,-0.01,-1,-1,-0.01,-1,-1,-0.01,-1,-1,-0.01,-1,-1,-0.01,-1,-1,-0.01,-1,-1
99926009,2026-05-18 15:16:56+05:30,53487.0,0,0.0,0,0.0,0.0,53282.15,53667.55,52783.45,53710.35,0,0.0,0.0,0.0,0.0,-0.01,-1,-1,-0.01,-1,-1,-0.01,-1,-1,-0.01,-1,-1,-0.01,-1,-1,-0.01,-1,-1,-0.01,-1,-1,-0.01,-1,-1,-0.01,-1,-1,-0.01,-1,-1
99926009,2026-05-18 15:16:56+05:30,53488.7,0,0.0,0,0.0,0.0,53282.15,53667.55,52783.45,53710.35,0,0.0,0.0,0.0,0.0,-0.01,-1,-1,-0.01,-1,-1,-0.01,-1,-1,-0.01,-1,-1,-0.01,-1,-1,-0.01,-1,-1,-0.01,-1,-1,-0.01,-1,-1,-0.01,-1,-1,-0.01,-1,-1
99926009,2026-05-18 15:16:57+05:30,53488.7,0,0.0,0,0.0,0.0,53282.15,53667.55,52783.45,53710.35,0,0.0,0.0,0.0,0.0,-0.01,-1,-1,-0.01,-1,-1,-0.01,-1,-1,-0.01,-1,-1,-0.01,-1,-1,-0.01,-1,-1,-0.01,-1,-1,-0.01,-1,-1,-0.01,-1,-1,-0.01,-1,-1
99926009,2026-05-18 15:16:57+05:30,53487.75,0,0.0,0,0.0,0.0,53282.15,53667.55,52783.45,53710.35,0,0.0,0.0,0.0,0.0,-0.01,-1,-1,-0.01,-1,-1,-0.01,-1,-1,-0.01,-1,-1,-0.01,-1,-1,-0.01,-1,-1,-0.01,-1,-1,-0.01,-1,-1,-0.01,-1,-1,-0.01,-1,-1
99926009,2026-05-18 15:16:57+05:30,53483.6,0,0.0,0,0.0,0.0,53282.15,53667.55,52783.45,53710.35,0,0.0,0.0,0.0,0.0,-0.01,-1,-1,-0.01,-1,-1,-0.01,-1,-1,-0.01,-1,-1,-0.01,-1,-1,-0.01,-1,-1,-0.01,-1,-1,-0.01,-1,-1,-0.01,-1,-1,-0.01,-1,-1
99926009,2026-05-18 15:16:58+05:30,53483.6,0,0.0,0,0.0,0.0,53282.15,53667.55,52783.45,53710.35,0,0.0,0.0,0.0,0.0,-0.01,-1,-1,-0.01,-1,-1,-0.01,-1,-1,-0.01,-1,-1,-0.01,-1,-1,-0.01,-1,-1,-0.01,-1,-1,-0.01,-1,-1,-0.01,-1,-1,-0.01,-1,-1
99926009,2026-05-18 15:16:58+05:30,53485.0,0,0.0,0,0.0,0.0,53282.15,53667.55,52783.45,53710.35,0,0.0,0.0,0.0,0.0,-0.01,-1,-1,-0.01,-1,-1,-0.01,-1,-1,-0.01,-1,-1,-0.01,-1,-1,-0.01,-1,-1,-0.01,-1,-1,-0.01,-1,-1,-0.01,-1,-1,-0.01,-1,-1
99926009,2026-05-18 15:16:58+05:30,53484.5,0,0.0,0,0.0,0.0,53282.15,53667.55,52783.45,53710.35,0,0.0,0.0,0.0,0.0,-0.01,-1,-1,-0.01,-1,-1,-0.01,-1,-1,-0.01,-1,-1,-0.01,-1,-1,-0.01,-1,-1,-0.01,-1,-1,-0.01,-1,-1,-0.01,-1,-1,-0.01,-1,-1
99926009,2026-05-18 15:16:59+05:30,53484.5,0,0.0,0,0.0,0.0,53282.15,53667.55,52783.45,53710.35,0,0.0,0.0,0.0,0.0,-0.01,-1,-1,-0.01,-1,-1,-0.01,-1,-1,-0.01,-1,-1,-0.01,-1,-1,-0.01,-1,-1,-0.01,-1,-1,-0.01,-1,-1,-0.01,-1,-1,-0.01,-1,-1
99926009,2026-05-18 15:16:59+05:30,53486.8,0,0.0,0,0.0,0.0,53282.15,53667.55,52783.45,53710.35,0,0.0,0.0,0.0,0.0,-0.01,-1,-1,-0.01,-1,-1,-0.01,-1,-1,-0.01,-1,-1,-0.01,-1,-1,-0.01,-1,-1,-0.01,-1,-1,-0.01,-1,-1,-0.01,-1,-1,-0.01,-1,-1
99926009,2026-05-18 15:16:59+05:30,53487.3,0,0.0,0,0.0,0.0,53282.15,53667.55,52783.45,53710.35,0,0.0,0.0,0.0,0.0,-0.01,-1,-1,-0.01,-1,-1,-0.01,-1,-1,-0.01,-1,-1,-0.01,-1,-1,-0.01,-1,-1,-0.01,-1,-1,-0.01,-1,-1,-0.01,-1,-1,-0.01,-1,-1
99926009,2026-05-18 15:17:00+05:30,53487.3,0,0.0,0,0.0,0.0,53282.15,53667.55,52783.45,53710.35,0,0.0,0.0,0.0,0.0,-0.01,-1,-1,-0.01,-1,-1,-0.01,-1,-1,-0.01,-1,-1,-0.01,-1,-1,-0.01,-1,-1,-0.01,-1,-1,-0.01,-1,-1,-0.01,-1,-1,-0.01,-1,-1
99926009,2026-05-18 15:17:00+05:30,53485.05,0,0.0,0,0.0,0.0,53282.15,53667.55,52783.45,53710.35,0,0.0,0.0,0.0,0.0,-0.01,-1,-1,-0.01,-1,-1,-0.01,-1,-1,-0.01,-1,-1,-0.01,-1,-1,-0.01,-1,-1,-0.01,-1,-1,-0.01,-1,-1,-0.01,-1,-1,-0.01,-1,-1
99926009,2026-05-18 15:17:00+05:30,53484.3,0,0.0,0,0.0,0.0,53282.15,53667.55,52783.45,53710.35,0,0.0,0.0,0.0,0.0,-0.01,-1,-1,-0.01,-1,-1,-0.01,-1,-1,-0.01,-1,-1,-0.01,-1,-1,-0.01,-1,-1,-0.01,-1,-1,-0.01,-1,-1,-0.01,-1,-1,-0.01,-1,-1
99926009,2026-05-18 15:17:01+05:30,53484.3,0,0.0,0,0.0,0.0,53282.15,53667.55,52783.45,53710.35,0,0.0,0.0,0.0,0.0,-0.01,-1,-1,-0.01,-1,-1,-0.01,-1,-1,-0.01,-1,-1,-0.01,-1,-1,-0.01,-1,-1,-0.01,-1,-1,-0.01,-1,-1,-0.01,-1,-1,-0.01,-1,-1
99926009,2026-05-18 15:17:01+05:30,53484.35,0,0.0,0,0.0,0.0,53282.15,53667.55,52783.45,53710.35,0,0.0,0.0,0.0,0.0,-0.01,-1,-1,-0.01,-1,-1,-0.01,-1,-1,-0.01,-1,-1,-0.01,-1,-1,-0.01,-1,-1,-0.01,-1,-1,-0.01,-1,-1,-0.01,-1,-1,-0.01,-1,-1
99926009,2026-05-18 15:17:01+05:30,53480.35,0,0.0,0,0.0,0.0,53282.15,53667.55,52783.45,53710.35,0,0.0,0.0,0.0,0.0,-0.01,-1,-1,-0.01,-1,-1,-0.01,-1,-1,-0.01,-1,-1,-0.01,-1,-1,-0.01,-1,-1,-0.01,-1,-1,-0.01,-1,-1,-0.01,-1,-1,-0.01,-1,-1
99926009,2026-05-18 15:17:02+05:30,53480.35,0,0.0,0,0.0,0.0,53282.15,53667.55,52783.45,53710.35,0,0.0,0.0,0.0,0.0,-0.01,-1,-1,-0.01,-1,-1,-0.01,-1,-1,-0.01,-1,-1,-0.01,-1,-1,-0.01,-1,-1,-0.01,-1,-1,-0.01,-1,-1,-0.01,-1,-1,-0.01,-1,-1
99926009,2026-05-18 15:17:02+05:30,53475.75,0,0.0,0,0.0,0.0,53282.15,53667.55,52783.45,53710.35,0,0.0,0.0,0.0,0.0,-0.01,-1,-1,-0.01,-1,-1,-0.01,-1,-1,-0.01,-1,-1,-0.01,-1,-1,-0.01,-1,-1,-0.01,-1,-1,-0.01,-1,-1,-0.01,-1,-1,-0.01,-1,-1
99926009,2026-05-18 15:17:02+05:30,53476.8,0,0.0,0,0.0,0.0,53282.15,53667.55,52783.45,53710.35,0,0.0,0.0,0.0,0.0,-0.01,-1,-1,-0.01,-1,-1,-0.01,-1,-1,-0.01,-1,-1,-0.01,-1,-1,-0.01,-1,-1,-0.01,-1,-1,-0.01,-1,-1,-0.01,-1,-1,-0.01,-1,-1
99926009,2026-05-18 15:17:03+05:30,53476.8,0,0.0,0,0.0,0.0,53282.15,53667.55,52783.45,53710.35,0,0.0,0.0,0.0,0.0,-0.01,-1,-1,-0.01,-1,-1,-0.01,-1,-1,-0.01,-1,-1,-0.01,-1,-1,-0.01,-1,-1,-0.01,-1,-1,-0.01,-1,-1,-0.01,-1,-1,-0.01,-1,-1
99926009,2026-05-18 15:17:03+05:30,53476.05,0,0.0,0,0.0,0.0,53282.15,53667.55,52783.45,53710.35,0,0.0,0.0,0.0,0.0,-0.01,-1,-1,-0.01,-1,-1,-0.01,-1,-1,-0.01,-1,-1,-0.01,-1,-1,-0.01,-1,-1,-0.01,-1,-1,-0.01,-1,-1,-0.01,-1,-1,-0.01,-1,-1
99926009,2026-05-18 15:17:03+05:30,53480.15,0,0.0,0,0.0,0.0,53282.15,53667.55,52783.45,53710.35,0,0.0,0.0,0.0,0.0,-0.01,-1,-1,-0.01,-1,-1,-0.01,-1,-1,-0.01,-1,-1,-0.01,-1,-1,-0.01,-1,-1,-0.01,-1,-1,-0.01,-1,-1,-0.01,-1,-1,-0.01,-1,-1
99926009,2026-05-18 15:17:04+05:30,53480.15,0,0.0,0,0.0,0.0,53282.15,53667.55,52783.45,53710.35,0,0.0,0.0,0.0,0.0,-0.01,-1,-1,-0.01,-1,-1,-0.01,-1,-1,-0.01,-1,-1,-0.01,-1,-1,-0.01,-1,-1,-0.01,-1,-1,-0.01,-1,-1,-0.01,-1,-1,-0.01,-1,-1
99926009,2026-05-18 15:17:04+05:30,53474.75,0,0.0,0,0.0,0.0,53282.15,53667.55,52783.45,53710.35,0,0.0,0.0,0.0,0.0,-0.01,-1,-1,-0.01,-1,-1,-0.01,-1,-1,-0.01,-1,-1,-0.01,-1,-1,-0.01,-1,-1,-0.01,-1,-1,-0.01,-1,-1,-0.01,-1,-1,-0.01,-1,-1
99926009,2026-05-18 15:17:04+05:30,53478.15,0,0.0,0,0.0,0.0,53282.15,53667.55,52783.45,53710.35,0,0.0,0.0,0.0,0.0,-0.01,-1,-1,-0.01,-1,-1,-0.01,-1,-1,-0.01,-1,-1,-0.01,-1,-1,-0.01,-1,-1,-0.01,-1,-1,-0.01,-1,-1,-0.01,-1,-1,-0.01,-1,-1
99926009,2026-05-18 15:17:05+05:30,53478.15,0,0.0,0,0.0,0.0,53282.15,53667.55,52783.45,53710.35,0,0.0,0.0,0.0,0.0,-0.01,-1,-1,-0.01,-1,-1,-0.01,-1,-1,-0.01,-1,-1,-0.01,-1,-1,-0.01,-1,-1,-0.01,-1,-1,-0.01,-1,-1,-0.01,-1,-1,-0.01,-1,-1
99926009,2026-05-18 15:17:05+05:30,53465.7,0,0.0,0,0.0,0.0,53282.15,53667.55,52783.45,53710.35,0,0.0,0.0,0.0,0.0,-0.01,-1,-1,-0.01,-1,-1,-0.01,-1,-1,-0.01,-1,-1,-0.01,-1,-1,-0.01,-1,-1,-0.01,-1,-1,-0.01,-1,-1,-0.01,-1,-1,-0.01,-1,-1
99926009,2026-05-18 15:17:05+05:30,53467.35,0,0.0,0,0.0,0.0,53282.15,53667.55,52783.45,53710.35,0,0.0,0.0,0.0,0.0,-0.01,-1,-1,-0.01,-1,-1,-0.01,-1,-1,-0.01,-1,-1,-0.01,-1,-1,-0.01,-1,-1,-0.01,-1,-1,-0.01,-1,-1,-0.01,-1,-1,-0.01,-1,-1
99926009,2026-05-18 15:17:06+05:30,53467.35,0,0.0,0,0.0,0.0,53282.15,53667.55,52783.45,53710.35,0,0.0,0.0,0.0,0.0,-0.01,-1,-1,-0.01,-1,-1,-0.01,-1,-1,-0.01,-1,-1,-0.01,-1,-1,-0.01,-1,-1,-0.01,-1,-1,-0.01,-1,-1,-0.01,-1,-1,-0.01,-1,-1
99926009,2026-05-18 15:17:06+05:30,53464.75,0,0.0,0,0.0,0.0,53282.15,53667.55,52783.45,53710.35,0,0.0,0.0,0.0,0.0,-0.01,-1,-1,-0.01,-1,-1,-0.01,-1,-1,-0.01,-1,-1,-0.01,-1,-1,-0.01,-1,-1,-0.01,-1,-1,-0.01,-1,-1,-0.01,-1,-1,-0.01,-1,-1
99926009,2026-05-18 15:17:06+05:30,53456.35,0,0.0,0,0.0,0.0,53282.15,53667.55,52783.45,53710.35,0,0.0,0.0,0.0,0.0,-0.01,-1,-1,-0.01,-1,-1,-0.01,-1,-1,-0.01,-1,-1,-0.01,-1,-1,-0.01,-1,-1,-0.01,-1,-1,-0.01,-1,-1,-0.01,-1,-1,-0.01,-1,-1
99926009,2026-05-18 15:17:07+05:30,53456.35,0,0.0,0,0.0,0.0,53282.15,53667.55,52783.45,53710.35,0,0.0,0.0,0.0,0.0,-0.01,-1,-1,-0.01,-1,-1,-0.01,-1,-1,-0.01,-1,-1,-0.01,-1,-1,-0.01,-1,-1,-0.01,-1,-1,-0.01,-1,-1,-0.01,-1,-1,-0.01,-1,-1
99926009,2026-05-18 15:17:07+05:30,53458.0,0,0.0,0,0.0,0.0,53282.15,53667.55,52783.45,53710.35,0,0.0,0.0,0.0,0.0,-0.01,-1,-1,-0.01,-1,-1,-0.01,-1,-1,-0.01,-1,-1,-0.01,-1,-1,-0.01,-1,-1,-0.01,-1,-1,-0.01,-1,-1,-0.01,-1,-1,-0.01,-1,-1
99926009,2026-05-18 15:17:07+05:30,53450.7,0,0.0,0,0.0,0.0,53282.15,53667.55,52783.45,53710.35,0,0.0,0.0,0.0,0.0,-0.01,-1,-1,-0.01,-1,-1,-0.01,-1,-1,-0.01,-1,-1,-0.01,-1,-1,-0.01,-1,-1,-0.01,-1,-1,-0.01,-1,-1,-0.01,-1,-1,-0.01,-1,-1
99926009,2026-05-18 15:17:08+05:30,53450.7,0,0.0,0,0.0,0.0,53282.15,53667.55,52783.45,53710.35,0,0.0,0.0,0.0,0.0,-0.01,-1,-1,-0.01,-1,-1,-0.01,-1,-1,-0.01,-1,-1,-0.01,-1,-1,-0.01,-1,-1,-0.01,-1,-1,-0.01,-1,-1,-0.01,-1,-1,-0.01,-1,-1
99926009,2026-05-18 15:17:08+05:30,53449.4,0,0.0,0,0.0,0.0,53282.15,53667.55,52783.45,53710.35,0,0.0,0.0,0.0,0.0,-0.01,-1,-1,-0.01,-1,-1,-0.01,-1,-1,-0.01,-1,-1,-0.01,-1,-1,-0.01,-1,-1,-0.01,-1,-1,-0.01,-1,-1,-0.01,-1,-1,-0.01,-1,-1
99926009,2026-05-18 15:17:08+05:30,53450.7,0,0.0,0,0.0,0.0,53282.15,53667.55,52783.45,53710.35,0,0.0,0.0,0.0,0.0,-0.01,-1,-1,-0.01,-1,-1,-0.01,-1,-1,-0.01,-1,-1,-0.01,-1,-1,-0.01,-1,-1,-0.01,-1,-1,-0.01,-1,-1,-0.01,-1,-1,-0.01,-1,-1
99926009,2026-05-18 15:17:09+05:30,53450.7,0,0.0,0,0.0,0.0,53282.15,53667.55,52783.45,53710.35,0,0.0,0.0,0.0,0.0,-0.01,-1,-1,-0.01,-1,-1,-0.01,-1,-1,-0.01,-1,-1,-0.01,-1,-1,-0.01,-1,-1,-0.01,-1,-1,-0.01,-1,-1,-0.01,-1,-1,-0.01,-1,-1
99926009,2026-05-18 15:17:09+05:30,53449.25,0,0.0,0,0.0,0.0,53282.15,53667.55,52783.45,53710.35,0,0.0,0.0,0.0,0.0,-0.01,-1,-1,-0.01,-1,-1,-0.01,-1,-1,-0.01,-1,-1,-0.01,-1,-1,-0.01,-1,-1,-0.01,-1,-1,-0.01,-1,-1,-0.01,-1,-1,-0.01,-1,-1
99926009,2026-05-18 15:17:09+05:30,53448.75,0,0.0,0,0.0,0.0,53282.15,53667.55,52783.45,53710.35,0,0.0,0.0,0.0,0.0,-0.01,-1,-1,-0.01,-1,-1,-0.01,-1,-1,-0.01,-1,-1,-0.01,-1,-1,-0.01,-1,-1,-0.01,-1,-1,-0.01,-1,-1,-0.01,-1,-1,-0.01,-1,-1
99926009,2026-05-18 15:17:10+05:30,53448.75,0,0.0,0,0.0,0.0,53282.15,53667.55,52783.45,53710.35,0,0.0,0.0,0.0,0.0,-0.01,-1,-1,-0.01,-1,-1,-0.01,-1,-1,-0.01,-1,-1,-0.01,-1,-1,-0.01,-1,-1,-0.01,-1,-1,-0.01,-1,-1,-0.01,-1,-1,-0.01,-1,-1
99926009,2026-05-18 15:17:10+05:30,53451.95,0,0.0,0,0.0,0.0,53282.15,53667.55,52783.45,53710.35,0,0.0,0.0,0.0,0.0,-0.01,-1,-1,-0.01,-1,-1,-0.01,-1,-1,-0.01,-1,-1,-0.01,-1,-1,-0.01,-1,-1,-0.01,-1,-1,-0.01,-1,-1,-0.01,-1,-1,-0.01,-1,-1
99926009,2026-05-18 15:17:10+05:30,53450.5,0,0.0,0,0.0,0.0,53282.15,53667.55,52783.45,53710.35,0,0.0,0.0,0.0,0.0,-0.01,-1,-1,-0.01,-1,-1,-0.01,-1,-1,-0.01,-1,-1,-0.01,-1,-1,-0.01,-1,-1,-0.01,-1,-1,-0.01,-1,-1,-0.01,-1,-1,-0.01,-1,-1
99926009,2026-05-18 15:17:11+05:30,53450.5,0,0.0,0,0.0,0.0,53282.15,53667.55,52783.45,53710.35,0,0.0,0.0,0.0,0.0,-0.01,-1,-1,-0.01,-1,-1,-0.01,-1,-1,-0.01,-1,-1,-0.01,-1,-1,-0.01,-1,-1,-0.01,-1,-1,-0.01,-1,-1,-0.01,-1,-1,-0.01,-1,-1
99926009,2026-05-18 15:17:11+05:30,53452.3,0,0.0,0,0.0,0.0,53282.15,53667.55,52783.45,53710.35,0,0.0,0.0,0.0,0.0,-0.01,-1,-1,-0.01,-1,-1,-0.01,-1,-1,-0.01,-1,-1,-0.01,-1,-1,-0.01,-1,-1,-0.01,-1,-1,-0.01,-1,-1,-0.01,-1,-1,-0.01,-1,-1
99926009,2026-05-18 15:17:11+05:30,53451.6,0,0.0,0,0.0,0.0,53282.15,53667.55,52783.45,53710.35,0,0.0,0.0,0.0,0.0,-0.01,-1,-1,-0.01,-1,-1,-0.01,-1,-1,-0.01,-1,-1,-0.01,-1,-1,-0.01,-1,-1,-0.01,-1,-1,-0.01,-1,-1,-0.01,-1,-1,-0.01,-1,-1
99926009,2026-05-18 15:17:12+05:30,53451.6,0,0.0,0,0.0,0.0,53282.15,53667.55,52783.45,53710.35,0,0.0,0.0,0.0,0.0,-0.01,-1,-1,-0.01,-1,-1,-0.01,-1,-1,-0.01,-1,-1,-0.01,-1,-1,-0.01,-1,-1,-0.01,-1,-1,-0.01,-1,-1,-0.01,-1,-1,-0.01,-1,-1
99926009,2026-05-18 15:17:12+05:30,53451.8,0,0.0,0,0.0,0.0,53282.15,53667.55,52783.45,53710.35,0,0.0,0.0,0.0,0.0,-0.01,-1,-1,-0.01,-1,-1,-0.01,-1,-1,-0.01,-1,-1,-0.01,-1,-1,-0.01,-1,-1,-0.01,-1,-1,-0.01,-1,-1,-0.01,-1,-1,-0.01,-1,-1
99926009,2026-05-18 15:17:12+05:30,53452.3,0,0.0,0,0.0,0.0,53282.15,53667.55,52783.45,53710.35,0,0.0,0.0,0.0,0.0,-0.01,-1,-1,-0.01,-1,-1,-0.01,-1,-1,-0.01,-1,-1,-0.01,-1,-1,-0.01,-1,-1,-0.01,-1,-1,-0.01,-1,-1,-0.01,-1,-1,-0.01,-1,-1
99926009,2026-05-18 15:17:13+05:30,53452.3,0,0.0,0,0.0,0.0,53282.15,53667.55,52783.45,53710.35,0,0.0,0.0,0.0,0.0,-0.01,-1,-1,-0.01,-1,-1,-0.01,-1,-1,-0.01,-1,-1,-0.01,-1,-1,-0.01,-1,-1,-0.01,-1,-1,-0.01,-1,-1,-0.01,-1,-1,-0.01,-1,-1
99926009,2026-05-18 15:17:13+05:30,53452.4,0,0.0,0,0.0,0.0,53282.15,53667.55,52783.45,53710.35,0,0.0,0.0,0.0,0.0,-0.01,-1,-1,-0.01,-1,-1,-0.01,-1,-1,-0.01,-1,-1,-0.01,-1,-1,-0.01,-1,-1,-0.01,-1,-1,-0.01,-1,-1,-0.01,-1,-1,-0.01,-1,-1
99926009,2026-05-18 15:17:13+05:30,53451.8,0,0.0,0,0.0,0.0,53282.15,53667.55,52783.45,53710.35,0,0.0,0.0,0.0,0.0,-0.01,-1,-1,-0.01,-1,-1,-0.01,-1,-1,-0.01,-1,-1,-0.01,-1,-1,-0.01,-1,-1,-0.01,-1,-1,-0.01,-1,-1,-0.01,-1,-1,-0.01,-1,-1
99926009,2026-05-18 15:17:14+05:30,53451.8,0,0.0,0,0.0,0.0,53282.15,53667.55,52783.45,53710.35,0,0.0,0.0,0.0,0.0,-0.01,-1,-1,-0.01,-1,-1,-0.01,-1,-1,-0.01,-1,-1,-0.01,-1,-1,-0.01,-1,-1,-0.01,-1,-1,-0.01,-1,-1,-0.01,-1,-1,-0.01,-1,-1
99926009,2026-05-18 15:17:14+05:30,53449.45,0,0.0,0,0.0,0.0,53282.15,53667.55,52783.45,53710.35,0,0.0,0.0,0.0,0.0,-0.01,-1,-1,-0.01,-1,-1,-0.01,-1,-1,-0.01,-1,-1,-0.01,-1,-1,-0.01,-1,-1,-0.01,-1,-1,-0.01,-1,-1,-0.01,-1,-1,-0.01,-1,-1
99926009,2026-05-18 15:17:14+05:30,53452.1,0,0.0,0,0.0,0.0,53282.15,53667.55,52783.45,53710.35,0,0.0,0.0,0.0,0.0,-0.01,-1,-1,-0.01,-1,-1,-0.01,-1,-1,-0.01,-1,-1,-0.01,-1,-1,-0.01,-1,-1,-0.01,-1,-1,-0.01,-1,-1,-0.01,-1,-1,-0.01,-1,-1
99926009,2026-05-18 15:17:15+05:30,53452.1,0,0.0,0,0.0,0.0,53282.15,53667.55,52783.45,53710.35,0,0.0,0.0,0.0,0.0,-0.01,-1,-1,-0.01,-1,-1,-0.01,-1,-1,-0.01,-1,-1,-0.01,-1,-1,-0.01,-1,-1,-0.01,-1,-1,-0.01,-1,-1,-0.01,-1,-1,-0.01,-1,-1
99926009,2026-05-18 15:17:15+05:30,53451.4,0,0.0,0,0.0,0.0,53282.15,53667.55,52783.45,53710.35,0,0.0,0.0,0.0,0.0,-0.01,-1,-1,-0.01,-1,-1,-0.01,-1,-1,-0.01,-1,-1,-0.01,-1,-1,-0.01,-1,-1,-0.01,-1,-1,-0.01,-1,-1,-0.01,-1,-1,-0.01,-1,-1
99926009,2026-05-18 15:17:15+05:30,53453.6,0,0.0,0,0.0,0.0,53282.15,53667.55,52783.45,53710.35,0,0.0,0.0,0.0,0.0,-0.01,-1,-1,-0.01,-1,-1,-0.01,-1,-1,-0.01,-1,-1,-0.01,-1,-1,-0.01,-1,-1,-0.01,-1,-1,-0.01,-1,-1,-0.01,-1,-1,-0.01,-1,-1
99926009,2026-05-18 15:17:16+05:30,53453.6,0,0.0,0,0.0,0.0,53282.15,53667.55,52783.45,53710.35,0,0.0,0.0,0.0,0.0,-0.01,-1,-1,-0.01,-1,-1,-0.01,-1,-1,-0.01,-1,-1,-0.01,-1,-1,-0.01,-1,-1,-0.01,-1,-1,-0.01,-1,-1,-0.01,-1,-1,-0.01,-1,-1
99926009,2026-05-18 15:17:16+05:30,53453.7,0,0.0,0,0.0,0.0,53282.15,53667.55,52783.45,53710.35,0,0.0,0.0,0.0,0.0,-0.01,-1,-1,-0.01,-1,-1,-0.01,-1,-1,-0.01,-1,-1,-0.01,-1,-1,-0.01,-1,-1,-0.01,-1,-1,-0.01,-1,-1,-0.01,-1,-1,-0.01,-1,-1
99926009,2026-05-18 15:17:16+05:30,53452.65,0,0.0,0,0.0,0.0,53282.15,53667.55,52783.45,53710.35,0,0.0,0.0,0.0,0.0,-0.01,-1,-1,-0.01,-1,-1,-0.01,-1,-1,-0.01,-1,-1,-0.01,-1,-1,-0.01,-1,-1,-0.01,-1,-1,-0.01,-1,-1,-0.01,-1,-1,-0.01,-1,-1
99926009,2026-05-18 15:17:17+05:30,53452.65,0,0.0,0,0.0,0.0,53282.15,53667.55,52783.45,53710.35,0,0.0,0.0,0.0,0.0,-0.01,-1,-1,-0.01,-1,-1,-0.01,-1,-1,-0.01,-1,-1,-0.01,-1,-1,-0.01,-1,-1,-0.01,-1,-1,-0.01,-1,-1,-0.01,-1,-1,-0.01,-1,-1
99926009,2026-05-18 15:17:17+05:30,53452.5,0,0.0,0,0.0,0.0,53282.15,53667.55,52783.45,53710.35,0,0.0,0.0,0.0,0.0,-0.01,-1,-1,-0.01,-1,-1,-0.01,-1,-1,-0.01,-1,-1,-0.01,-1,-1,-0.01,-1,-1,-0.01,-1,-1,-0.01,-1,-1,-0.01,-1,-1,-0.01,-1,-1
99926009,2026-05-18 15:17:17+05:30,53451.4,0,0.0,0,0.0,0.0,53282.15,53667.55,52783.45,53710.35,0,0.0,0.0,0.0,0.0,-0.01,-1,-1,-0.01,-1,-1,-0.01,-1,-1,-0.01,-1,-1,-0.01,-1,-1,-0.01,-1,-1,-0.01,-1,-1,-0.01,-1,-1,-0.01,-1,-1,-0.01,-1,-1
99926009,2026-05-18 15:17:18+05:30,53451.4,0,0.0,0,0.0,0.0,53282.15,53667.55,52783.45,53710.35,0,0.0,0.0,0.0,0.0,-0.01,-1,-1,-0.01,-1,-1,-0.01,-1,-1,-0.01,-1,-1,-0.01,-1,-1,-0.01,-1,-1,-0.01,-1,-1,-0.01,-1,-1,-0.01,-1,-1,-0.01,-1,-1
99926009,2026-05-18 15:17:18+05:30,53451.7,0,0.0,0,0.0,0.0,53282.15,53667.55,52783.45,53710.35,0,0.0,0.0,0.0,0.0,-0.01,-1,-1,-0.01,-1,-1,-0.01,-1,-1,-0.01,-1,-1,-0.01,-1,-1,-0.01,-1,-1,-0.01,-1,-1,-0.01,-1,-1,-0.01,-1,-1,-0.01,-1,-1
99926009,2026-05-18 15:17:18+05:30,53451.4,0,0.0,0,0.0,0.0,53282.15,53667.55,52783.45,53710.35,0,0.0,0.0,0.0,0.0,-0.01,-1,-1,-0.01,-1,-1,-0.01,-1,-1,-0.01,-1,-1,-0.01,-1,-1,-0.01,-1,-1,-0.01,-1,-1,-0.01,-1,-1,-0.01,-1,-1,-0.01,-1,-1
99926009,2026-05-18 15:17:19+05:30,53451.4,0,0.0,0,0.0,0.0,53282.15,53667.55,52783.45,53710.35,0,0.0,0.0,0.0,0.0,-0.01,-1,-1,-0.01,-1,-1,-0.01,-1,-1,-0.01,-1,-1,-0.01,-1,-1,-0.01,-1,-1,-0.01,-1,-1,-0.01,-1,-1,-0.01,-1,-1,-0.01,-1,-1
99926009,2026-05-18 15:17:19+05:30,53451.25,0,0.0,0,0.0,0.0,53282.15,53667.55,52783.45,53710.35,0,0.0,0.0,0.0,0.0,-0.01,-1,-1,-0.01,-1,-1,-0.01,-1,-1,-0.01,-1,-1,-0.01,-1,-1,-0.01,-1,-1,-0.01,-1,-1,-0.01,-1,-1,-0.01,-1,-1,-0.01,-1,-1
99926009,2026-05-18 15:17:19+05:30,53449.4,0,0.0,0,0.0,0.0,53282.15,53667.55,52783.45,53710.35,0,0.0,0.0,0.0,0.0,-0.01,-1,-1,-0.01,-1,-1,-0.01,-1,-1,-0.01,-1,-1,-0.01,-1,-1,-0.01,-1,-1,-0.01,-1,-1,-0.01,-1,-1,-0.01,-1,-1,-0.01,-1,-1
99926009,2026-05-18 15:17:20+05:30,53449.4,0,0.0,0,0.0,0.0,53282.15,53667.55,52783.45,53710.35,0,0.0,0.0,0.0,0.0,-0.01,-1,-1,-0.01,-1,-1,-0.01,-1,-1,-0.01,-1,-1,-0.01,-1,-1,-0.01,-1,-1,-0.01,-1,-1,-0.01,-1,-1,-0.01,-1,-1,-0.01,-1,-1
99926009,2026-05-18 15:17:20+05:30,53447.05,0,0.0,0,0.0,0.0,53282.15,53667.55,52783.45,53710.35,0,0.0,0.0,0.0,0.0,-0.01,-1,-1,-0.01,-1,-1,-0.01,-1,-1,-0.01,-1,-1,-0.01,-1,-1,-0.01,-1,-1,-0.01,-1,-1,-0.01,-1,-1,-0.01,-1,-1,-0.01,-1,-1
99926009,2026-05-18 15:17:20+05:30,53451.3,0,0.0,0,0.0,0.0,53282.15,53667.55,52783.45,53710.35,0,0.0,0.0,0.0,0.0,-0.01,-1,-1,-0.01,-1,-1,-0.01,-1,-1,-0.01,-1,-1,-0.01,-1,-1,-0.01,-1,-1,-0.01,-1,-1,-0.01,-1,-1,-0.01,-1,-1,-0.01,-1,-1
99926009,2026-05-18 15:17:21+05:30,53451.3,0,0.0,0,0.0,0.0,53282.15,53667.55,52783.45,53710.35,0,0.0,0.0,0.0,0.0,-0.01,-1,-1,-0.01,-1,-1,-0.01,-1,-1,-0.01,-1,-1,-0.01,-1,-1,-0.01,-1,-1,-0.01,-1,-1,-0.01,-1,-1,-0.01,-1,-1,-0.01,-1,-1
99926009,2026-05-18 15:17:21+05:30,53450.65,0,0.0,0,0.0,0.0,53282.15,53667.55,52783.45,53710.35,0,0.0,0.0,0.0,0.0,-0.01,-1,-1,-0.01,-1,-1,-0.01,-1,-1,-0.01,-1,-1,-0.01,-1,-1,-0.01,-1,-1,-0.01,-1,-1,-0.01,-1,-1,-0.01,-1,-1,-0.01,-1,-1
99926009,2026-05-18 15:17:21+05:30,53447.65,0,0.0,0,0.0,0.0,53282.15,53667.55,52783.45,53710.35,0,0.0,0.0,0.0,0.0,-0.01,-1,-1,-0.01,-1,-1,-0.01,-1,-1,-0.01,-1,-1,-0.01,-1,-1,-0.01,-1,-1,-0.01,-1,-1,-0.01,-1,-1,-0.01,-1,-1,-0.01,-1,-1
99926009,2026-05-18 15:17:22+05:30,53447.65,0,0.0,0,0.0,0.0,53282.15,53667.55,52783.45,53710.35,0,0.0,0.0,0.0,0.0,-0.01,-1,-1,-0.01,-1,-1,-0.01,-1,-1,-0.01,-1,-1,-0.01,-1,-1,-0.01,-1,-1,-0.01,-1,-1,-0.01,-1,-1,-0.01,-1,-1,-0.01,-1,-1
99926009,2026-05-18 15:17:22+05:30,53449.7,0,0.0,0,0.0,0.0,53282.15,53667.55,52783.45,53710.35,0,0.0,0.0,0.0,0.0,-0.01,-1,-1,-0.01,-1,-1,-0.01,-1,-1,-0.01,-1,-1,-0.01,-1,-1,-0.01,-1,-1,-0.01,-1,-1,-0.01,-1,-1,-0.01,-1,-1,-0.01,-1,-1
99926009,2026-05-18 15:17:22+05:30,53449.5,0,0.0,0,0.0,0.0,53282.15,53667.55,52783.45,53710.35,0,0.0,0.0,0.0,0.0,-0.01,-1,-1,-0.01,-1,-1,-0.01,-1,-1,-0.01,-1,-1,-0.01,-1,-1,-0.01,-1,-1,-0.01,-1,-1,-0.01,-1,-1,-0.01,-1,-1,-0.01,-1,-1
99926009,2026-05-18 15:17:23+05:30,53449.5,0,0.0,0,0.0,0.0,53282.15,53667.55,52783.45,53710.35,0,0.0,0.0,0.0,0.0,-0.01,-1,-1,-0.01,-1,-1,-0.01,-1,-1,-0.01,-1,-1,-0.01,-1,-1,-0.01,-1,-1,-0.01,-1,-1,-0.01,-1,-1,-0.01,-1,-1,-0.01,-1,-1
99926009,2026-05-18 15:17:23+05:30,53449.35,0,0.0,0,0.0,0.0,53282.15,53667.55,52783.45,53710.35,0,0.0,0.0,0.0,0.0,-0.01,-1,-1,-0.01,-1,-1,-0.01,-1,-1,-0.01,-1,-1,-0.01,-1,-1,-0.01,-1,-1,-0.01,-1,-1,-0.01,-1,-1,-0.01,-1,-1,-0.01,-1,-1
99926009,2026-05-18 15:17:23+05:30,53451.65,0,0.0,0,0.0,0.0,53282.15,53667.55,52783.45,53710.35,0,0.0,0.0,0.0,0.0,-0.01,-1,-1,-0.01,-1,-1,-0.01,-1,-1,-0.01,-1,-1,-0.01,-1,-1,-0.01,-1,-1,-0.01,-1,-1,-0.01,-1,-1,-0.01,-1,-1,-0.01,-1,-1
99926009,2026-05-18 15:17:24+05:30,53451.65,0,0.0,0,0.0,0.0,53282.15,53667.55,52783.45,53710.35,0,0.0,0.0,0.0,0.0,-0.01,-1,-1,-0.01,-1,-1,-0.01,-1,-1,-0.01,-1,-1,-0.01,-1,-1,-0.01,-1,-1,-0.01,-1,-1,-0.01,-1,-1,-0.01,-1,-1,-0.01,-1,-1
99926009,2026-05-18 15:17:24+05:30,53451.3,0,0.0,0,0.0,0.0,53282.15,53667.55,52783.45,53710.35,0,0.0,0.0,0.0,0.0,-0.01,-1,-1,-0.01,-1,-1,-0.01,-1,-1,-0.01,-1,-1,-0.01,-1,-1,-0.01,-1,-1,-0.01,-1,-1,-0.01,-1,-1,-0.01,-1,-1,-0.01,-1,-1
99926009,2026-05-18 15:17:24+05:30,53448.3,0,0.0,0,0.0,0.0,53282.15,53667.55,52783.45,53710.35,0,0.0,0.0,0.0,0.0,-0.01,-1,-1,-0.01,-1,-1,-0.01,-1,-1,-0.01,-1,-1,-0.01,-1,-1,-0.01,-1,-1,-0.01,-1,-1,-0.01,-1,-1,-0.01,-1,-1,-0.01,-1,-1
99926009,2026-05-18 15:17:25+05:30,53448.3,0,0.0,0,0.0,0.0,53282.15,53667.55,52783.45,53710.35,0,0.0,0.0,0.0,0.0,-0.01,-1,-1,-0.01,-1,-1,-0.01,-1,-1,-0.01,-1,-1,-0.01,-1,-1,-0.01,-1,-1,-0.01,-1,-1,-0.01,-1,-1,-0.01,-1,-1,-0.01,-1,-1
99926009,2026-05-18 15:17:25+05:30,53449.65,0,0.0,0,0.0,0.0,53282.15,53667.55,52783.45,53710.35,0,0.0,0.0,0.0,0.0,-0.01,-1,-1,-0.01,-1,-1,-0.01,-1,-1,-0.01,-1,-1,-0.01,-1,-1,-0.01,-1,-1,-0.01,-1,-1,-0.01,-1,-1,-0.01,-1,-1,-0.01,-1,-1
99926009,2026-05-18 15:17:25+05:30,53449.0,0,0.0,0,0.0,0.0,53282.15,53667.55,52783.45,53710.35,0,0.0,0.0,0.0,0.0,-0.01,-1,-1,-0.01,-1,-1,-0.01,-1,-1,-0.01,-1,-1,-0.01,-1,-1,-0.01,-1,-1,-0.01,-1,-1,-0.01,-1,-1,-0.01,-1,-1,-0.01,-1,-1
99926009,2026-05-18 15:17:26+05:30,53449.0,0,0.0,0,0.0,0.0,53282.15,53667.55,52783.45,53710.35,0,0.0,0.0,0.0,0.0,-0.01,-1,-1,-0.01,-1,-1,-0.01,-1,-1,-0.01,-1,-1,-0.01,-1,-1,-0.01,-1,-1,-0.01,-1,-1,-0.01,-1,-1,-0.01,-1,-1,-0.01,-1,-1
99926009,2026-05-18 15:17:26+05:30,53445.45,0,0.0,0,0.0,0.0,53282.15,53667.55,52783.45,53710.35,0,0.0,0.0,0.0,0.0,-0.01,-1,-1,-0.01,-1,-1,-0.01,-1,-1,-0.01,-1,-1,-0.01,-1,-1,-0.01,-1,-1,-0.01,-1,-1,-0.01,-1,-1,-0.01,-1,-1,-0.01,-1,-1
99926009,2026-05-18 15:17:26+05:30,53447.75,0,0.0,0,0.0,0.0,53282.15,53667.55,52783.45,53710.35,0,0.0,0.0,0.0,0.0,-0.01,-1,-1,-0.01,-1,-1,-0.01,-1,-1,-0.01,-1,-1,-0.01,-1,-1,-0.01,-1,-1,-0.01,-1,-1,-0.01,-1,-1,-0.01,-1,-1,-0.01,-1,-1
99926009,2026-05-18 15:17:27+05:30,53447.75,0,0.0,0,0.0,0.0,53282.15,53667.55,52783.45,53710.35,0,0.0,0.0,0.0,0.0,-0.01,-1,-1,-0.01,-1,-1,-0.01,-1,-1,-0.01,-1,-1,-0.01,-1,-1,-0.01,-1,-1,-0.01,-1,-1,-0.01,-1,-1,-0.01,-1,-1,-0.01,-1,-1
99926009,2026-05-18 15:17:27+05:30,53449.85,0,0.0,0,0.0,0.0,53282.15,53667.55,52783.45,53710.35,0,0.0,0.0,0.0,0.0,-0.01,-1,-1,-0.01,-1,-1,-0.01,-1,-1,-0.01,-1,-1,-0.01,-1,-1,-0.01,-1,-1,-0.01,-1,-1,-0.01,-1,-1,-0.01,-1,-1,-0.01,-1,-1
99926009,2026-05-18 15:17:27+05:30,53444.9,0,0.0,0,0.0,0.0,53282.15,53667.55,52783.45,53710.35,0,0.0,0.0,0.0,0.0,-0.01,-1,-1,-0.01,-1,-1,-0.01,-1,-1,-0.01,-1,-1,-0.01,-1,-1,-0.01,-1,-1,-0.01,-1,-1,-0.01,-1,-1,-0.01,-1,-1,-0.01,-1,-1
99926009,2026-05-18 15:17:28+05:30,53444.9,0,0.0,0,0.0,0.0,53282.15,53667.55,52783.45,53710.35,0,0.0,0.0,0.0,0.0,-0.01,-1,-1,-0.01,-1,-1,-0.01,-1,-1,-0.01,-1,-1,-0.01,-1,-1,-0.01,-1,-1,-0.01,-1,-1,-0.01,-1,-1,-0.01,-1,-1,-0.01,-1,-1
99926009,2026-05-18 15:17:28+05:30,53444.65,0,0.0,0,0.0,0.0,53282.15,53667.55,52783.45,53710.35,0,0.0,0.0,0.0,0.0,-0.01,-1,-1,-0.01,-1,-1,-0.01,-1,-1,-0.01,-1,-1,-0.01,-1,-1,-0.01,-1,-1,-0.01,-1,-1,-0.01,-1,-1,-0.01,-1,-1,-0.01,-1,-1
99926009,2026-05-18 15:17:28+05:30,53446.95,0,0.0,0,0.0,0.0,53282.15,53667.55,52783.45,53710.35,0,0.0,0.0,0.0,0.0,-0.01,-1,-1,-0.01,-1,-1,-0.01,-1,-1,-0.01,-1,-1,-0.01,-1,-1,-0.01,-1,-1,-0.01,-1,-1,-0.01,-1,-1,-0.01,-1,-1,-0.01,-1,-1
99926009,2026-05-18 15:17:29+05:30,53446.95,0,0.0,0,0.0,0.0,53282.15,53667.55,52783.45,53710.35,0,0.0,0.0,0.0,0.0,-0.01,-1,-1,-0.01,-1,-1,-0.01,-1,-1,-0.01,-1,-1,-0.01,-1,-1,-0.01,-1,-1,-0.01,-1,-1,-0.01,-1,-1,-0.01,-1,-1,-0.01,-1,-1
99926009,2026-05-18 15:17:29+05:30,53443.55,0,0.0,0,0.0,0.0,53282.15,53667.55,52783.45,53710.35,0,0.0,0.0,0.0,0.0,-0.01,-1,-1,-0.01,-1,-1,-0.01,-1,-1,-0.01,-1,-1,-0.01,-1,-1,-0.01,-1,-1,-0.01,-1,-1,-0.01,-1,-1,-0.01,-1,-1,-0.01,-1,-1
99926009,2026-05-18 15:17:29+05:30,53443.35,0,0.0,0,0.0,0.0,53282.15,53667.55,52783.45,53710.35,0,0.0,0.0,0.0,0.0,-0.01,-1,-1,-0.01,-1,-1,-0.01,-1,-1,-0.01,-1,-1,-0.01,-1,-1,-0.01,-1,-1,-0.01,-1,-1,-0.01,-1,-1,-0.01,-1,-1,-0.01,-1,-1
99926009,2026-05-18 15:17:30+05:30,53443.35,0,0.0,0,0.0,0.0,53282.15,53667.55,52783.45,53710.35,0,0.0,0.0,0.0,0.0,-0.01,-1,-1,-0.01,-1,-1,-0.01,-1,-1,-0.01,-1,-1,-0.01,-1,-1,-0.01,-1,-1,-0.01,-1,-1,-0.01,-1,-1,-0.01,-1,-1,-0.01,-1,-1
99926009,2026-05-18 15:17:30+05:30,53447.1,0,0.0,0,0.0,0.0,53282.15,53667.55,52783.45,53710.35,0,0.0,0.0,0.0,0.0,-0.01,-1,-1,-0.01,-1,-1,-0.01,-1,-1,-0.01,-1,-1,-0.01,-1,-1,-0.01,-1,-1,-0.01,-1,-1,-0.01,-1,-1,-0.01,-1,-1,-0.01,-1,-1
99926009,2026-05-18 15:17:30+05:30,53447.5,0,0.0,0,0.0,0.0,53282.15,53667.55,52783.45,53710.35,0,0.0,0.0,0.0,0.0,-0.01,-1,-1,-0.01,-1,-1,-0.01,-1,-1,-0.01,-1,-1,-0.01,-1,-1,-0.01,-1,-1,-0.01,-1,-1,-0.01,-1,-1,-0.01,-1,-1,-0.01,-1,-1
99926009,2026-05-18 15:17:31+05:30,53447.5,0,0.0,0,0.0,0.0,53282.15,53667.55,52783.45,53710.35,0,0.0,0.0,0.0,0.0,-0.01,-1,-1,-0.01,-1,-1,-0.01,-1,-1,-0.01,-1,-1,-0.01,-1,-1,-0.01,-1,-1,-0.01,-1,-1,-0.01,-1,-1,-0.01,-1,-1,-0.01,-1,-1
99926009,2026-05-18 15:17:31+05:30,53447.5,0,0.0,0,0.0,0.0,53282.15,53667.55,52783.45,53710.35,0,0.0,0.0,0.0,0.0,-0.01,-1,-1,-0.01,-1,-1,-0.01,-1,-1,-0.01,-1,-1,-0.01,-1,-1,-0.01,-1,-1,-0.01,-1,-1,-0.01,-1,-1,-0.01,-1,-1,-0.01,-1,-1
99926009,2026-05-18 15:17:31+05:30,53449.5,0,0.0,0,0.0,0.0,53282.15,53667.55,52783.45,53710.35,0,0.0,0.0,0.0,0.0,-0.01,-1,-1,-0.01,-1,-1,-0.01,-1,-1,-0.01,-1,-1,-0.01,-1,-1,-0.01,-1,-1,-0.01,-1,-1,-0.01,-1,-1,-0.01,-1,-1,-0.01,-1,-1
99926009,2026-05-18 15:17:32+05:30,53449.5,0,0.0,0,0.0,0.0,53282.15,53667.55,52783.45,53710.35,0,0.0,0.0,0.0,0.0,-0.01,-1,-1,-0.01,-1,-1,-0.01,-1,-1,-0.01,-1,-1,-0.01,-1,-1,-0.01,-1,-1,-0.01,-1,-1,-0.01,-1,-1,-0.01,-1,-1,-0.01,-1,-1
99926009,2026-05-18 15:17:32+05:30,53444.35,0,0.0,0,0.0,0.0,53282.15,53667.55,52783.45,53710.35,0,0.0,0.0,0.0,0.0,-0.01,-1,-1,-0.01,-1,-1,-0.01,-1,-1,-0.01,-1,-1,-0.01,-1,-1,-0.01,-1,-1,-0.01,-1,-1,-0.01,-1,-1,-0.01,-1,-1,-0.01,-1,-1
99926009,2026-05-18 15:17:32+05:30,53448.1,0,0.0,0,0.0,0.0,53282.15,53667.55,52783.45,53710.35,0,0.0,0.0,0.0,0.0,-0.01,-1,-1,-0.01,-1,-1,-0.01,-1,-1,-0.01,-1,-1,-0.01,-1,-1,-0.01,-1,-1,-0.01,-1,-1,-0.01,-1,-1,-0.01,-1,-1,-0.01,-1,-1
99926009,2026-05-18 15:17:33+05:30,53448.1,0,0.0,0,0.0,0.0,53282.15,53667.55,52783.45,53710.35,0,0.0,0.0,0.0,0.0,-0.01,-1,-1,-0.01,-1,-1,-0.01,-1,-1,-0.01,-1,-1,-0.01,-1,-1,-0.01,-1,-1,-0.01,-1,-1,-0.01,-1,-1,-0.01,-1,-1,-0.01,-1,-1
99926009,2026-05-18 15:17:33+05:30,53446.75,0,0.0,0,0.0,0.0,53282.15,53667.55,52783.45,53710.35,0,0.0,0.0,0.0,0.0,-0.01,-1,-1,-0.01,-1,-1,-0.01,-1,-1,-0.01,-1,-1,-0.01,-1,-1,-0.01,-1,-1,-0.01,-1,-1,-0.01,-1,-1,-0.01,-1,-1,-0.01,-1,-1
99926009,2026-05-18 15:17:33+05:30,53446.9,0,0.0,0,0.0,0.0,53282.15,53667.55,52783.45,53710.35,0,0.0,0.0,0.0,0.0,-0.01,-1,-1,-0.01,-1,-1,-0.01,-1,-1,-0.01,-1,-1,-0.01,-1,-1,-0.01,-1,-1,-0.01,-1,-1,-0.01,-1,-1,-0.01,-1,-1,-0.01,-1,-1
99926009,2026-05-18 15:17:34+05:30,53446.9,0,0.0,0,0.0,0.0,53282.15,53667.55,52783.45,53710.35,0,0.0,0.0,0.0,0.0,-0.01,-1,-1,-0.01,-1,-1,-0.01,-1,-1,-0.01,-1,-1,-0.01,-1,-1,-0.01,-1,-1,-0.01,-1,-1,-0.01,-1,-1,-0.01,-1,-1,-0.01,-1,-1
99926009,2026-05-18 15:17:34+05:30,53442.65,0,0.0,0,0.0,0.0,53282.15,53667.55,52783.45,53710.35,0,0.0,0.0,0.0,0.0,-0.01,-1,-1,-0.01,-1,-1,-0.01,-1,-1,-0.01,-1,-1,-0.01,-1,-1,-0.01,-1,-1,-0.01,-1,-1,-0.01,-1,-1,-0.01,-1,-1,-0.01,-1,-1
99926009,2026-05-18 15:17:34+05:30,53441.9,0,0.0,0,0.0,0.0,53282.15,53667.55,52783.45,53710.35,0,0.0,0.0,0.0,0.0,-0.01,-1,-1,-0.01,-1,-1,-0.01,-1,-1,-0.01,-1,-1,-0.01,-1,-1,-0.01,-1,-1,-0.01,-1,-1,-0.01,-1,-1,-0.01,-1,-1,-0.01,-1,-1
99926009,2026-05-18 15:17:35+05:30,53441.9,0,0.0,0,0.0,0.0,53282.15,53667.55,52783.45,53710.35,0,0.0,0.0,0.0,0.0,-0.01,-1,-1,-0.01,-1,-1,-0.01,-1,-1,-0.01,-1,-1,-0.01,-1,-1,-0.01,-1,-1,-0.01,-1,-1,-0.01,-1,-1,-0.01,-1,-1,-0.01,-1,-1
99926009,2026-05-18 15:17:35+05:30,53449.05,0,0.0,0,0.0,0.0,53282.15,53667.55,52783.45,53710.35,0,0.0,0.0,0.0,0.0,-0.01,-1,-1,-0.01,-1,-1,-0.01,-1,-1,-0.01,-1,-1,-0.01,-1,-1,-0.01,-1,-1,-0.01,-1,-1,-0.01,-1,-1,-0.01,-1,-1,-0.01,-1,-1
99926009,2026-05-18 15:17:35+05:30,53449.1,0,0.0,0,0.0,0.0,53282.15,53667.55,52783.45,53710.35,0,0.0,0.0,0.0,0.0,-0.01,-1,-1,-0.01,-1,-1,-0.01,-1,-1,-0.01,-1,-1,-0.01,-1,-1,-0.01,-1,-1,-0.01,-1,-1,-0.01,-1,-1,-0.01,-1,-1,-0.01,-1,-1
99926009,2026-05-18 15:17:36+05:30,53449.1,0,0.0,0,0.0,0.0,53282.15,53667.55,52783.45,53710.35,0,0.0,0.0,0.0,0.0,-0.01,-1,-1,-0.01,-1,-1,-0.01,-1,-1,-0.01,-1,-1,-0.01,-1,-1,-0.01,-1,-1,-0.01,-1,-1,-0.01,-1,-1,-0.01,-1,-1,-0.01,-1,-1
99926009,2026-05-18 15:17:36+05:30,53444.4,0,0.0,0,0.0,0.0,53282.15,53667.55,52783.45,53710.35,0,0.0,0.0,0.0,0.0,-0.01,-1,-1,-0.01,-1,-1,-0.01,-1,-1,-0.01,-1,-1,-0.01,-1,-1,-0.01,-1,-1,-0.01,-1,-1,-0.01,-1,-1,-0.01,-1,-1,-0.01,-1,-1
99926009,2026-05-18 15:17:36+05:30,53441.15,0,0.0,0,0.0,0.0,53282.15,53667.55,52783.45,53710.35,0,0.0,0.0,0.0,0.0,-0.01,-1,-1,-0.01,-1,-1,-0.01,-1,-1,-0.01,-1,-1,-0.01,-1,-1,-0.01,-1,-1,-0.01,-1,-1,-0.01,-1,-1,-0.01,-1,-1,-0.01,-1,-1
99926009,2026-05-18 15:17:37+05:30,53441.15,0,0.0,0,0.0,0.0,53282.15,53667.55,52783.45,53710.35,0,0.0,0.0,0.0,0.0,-0.01,-1,-1,-0.01,-1,-1,-0.01,-1,-1,-0.01,-1,-1,-0.01,-1,-1,-0.01,-1,-1,-0.01,-1,-1,-0.01,-1,-1,-0.01,-1,-1,-0.01,-1,-1
99926009,2026-05-18 15:17:37+05:30,53443.4,0,0.0,0,0.0,0.0,53282.15,53667.55,52783.45,53710.35,0,0.0,0.0,0.0,0.0,-0.01,-1,-1,-0.01,-1,-1,-0.01,-1,-1,-0.01,-1,-1,-0.01,-1,-1,-0.01,-1,-1,-0.01,-1,-1,-0.01,-1,-1,-0.01,-1,-1,-0.01,-1,-1
99926009,2026-05-18 15:17:37+05:30,53440.6,0,0.0,0,0.0,0.0,53282.15,53667.55,52783.45,53710.35,0,0.0,0.0,0.0,0.0,-0.01,-1,-1,-0.01,-1,-1,-0.01,-1,-1,-0.01,-1,-1,-0.01,-1,-1,-0.01,-1,-1,-0.01,-1,-1,-0.01,-1,-1,-0.01,-1,-1,-0.01,-1,-1
99926009,2026-05-18 15:17:38+05:30,53440.6,0,0.0,0,0.0,0.0,53282.15,53667.55,52783.45,53710.35,0,0.0,0.0,0.0,0.0,-0.01,-1,-1,-0.01,-1,-1,-0.01,-1,-1,-0.01,-1,-1,-0.01,-1,-1,-0.01,-1,-1,-0.01,-1,-1,-0.01,-1,-1,-0.01,-1,-1,-0.01,-1,-1
99926009,2026-05-18 15:17:38+05:30,53445.7,0,0.0,0,0.0,0.0,53282.15,53667.55,52783.45,53710.35,0,0.0,0.0,0.0,0.0,-0.01,-1,-1,-0.01,-1,-1,-0.01,-1,-1,-0.01,-1,-1,-0.01,-1,-1,-0.01,-1,-1,-0.01,-1,-1,-0.01,-1,-1,-0.01,-1,-1,-0.01,-1,-1
99926009,2026-05-18 15:17:38+05:30,53442.55,0,0.0,0,0.0,0.0,53282.15,53667.55,52783.45,53710.35,0,0.0,0.0,0.0,0.0,-0.01,-1,-1,-0.01,-1,-1,-0.01,-1,-1,-0.01,-1,-1,-0.01,-1,-1,-0.01,-1,-1,-0.01,-1,-1,-0.01,-1,-1,-0.01,-1,-1,-0.01,-1,-1
99926009,2026-05-18 15:17:39+05:30,53442.55,0,0.0,0,0.0,0.0,53282.15,53667.55,52783.45,53710.35,0,0.0,0.0,0.0,0.0,-0.01,-1,-1,-0.01,-1,-1,-0.01,-1,-1,-0.01,-1,-1,-0.01,-1,-1,-0.01,-1,-1,-0.01,-1,-1,-0.01,-1,-1,-0.01,-1,-1,-0.01,-1,-1
99926009,2026-05-18 15:17:39+05:30,53445.1,0,0.0,0,0.0,0.0,53282.15,53667.55,52783.45,53710.35,0,0.0,0.0,0.0,0.0,-0.01,-1,-1,-0.01,-1,-1,-0.01,-1,-1,-0.01,-1,-1,-0.01,-1,-1,-0.01,-1,-1,-0.01,-1,-1,-0.01,-1,-1,-0.01,-1,-1,-0.01,-1,-1
99926009,2026-05-18 15:17:39+05:30,53443.0,0,0.0,0,0.0,0.0,53282.15,53667.55,52783.45,53710.35,0,0.0,0.0,0.0,0.0,-0.01,-1,-1,-0.01,-1,-1,-0.01,-1,-1,-0.01,-1,-1,-0.01,-1,-1,-0.01,-1,-1,-0.01,-1,-1,-0.01,-1,-1,-0.01,-1,-1,-0.01,-1,-1
99926009,2026-05-18 15:17:40+05:30,53443.0,0,0.0,0,0.0,0.0,53282.15,53667.55,52783.45,53710.35,0,0.0,0.0,0.0,0.0,-0.01,-1,-1,-0.01,-1,-1,-0.01,-1,-1,-0.01,-1,-1,-0.01,-1,-1,-0.01,-1,-1,-0.01,-1,-1,-0.01,-1,-1,-0.01,-1,-1,-0.01,-1,-1
99926009,2026-05-18 15:17:40+05:30,53441.85,0,0.0,0,0.0,0.0,53282.15,53667.55,52783.45,53710.35,0,0.0,0.0,0.0,0.0,-0.01,-1,-1,-0.01,-1,-1,-0.01,-1,-1,-0.01,-1,-1,-0.01,-1,-1,-0.01,-1,-1,-0.01,-1,-1,-0.01,-1,-1,-0.01,-1,-1,-0.01,-1,-1
99926009,2026-05-18 15:17:40+05:30,53443.25,0,0.0,0,0.0,0.0,53282.15,53667.55,52783.45,53710.35,0,0.0,0.0,0.0,0.0,-0.01,-1,-1,-0.01,-1,-1,-0.01,-1,-1,-0.01,-1,-1,-0.01,-1,-1,-0.01,-1,-1,-0.01,-1,-1,-0.01,-1,-1,-0.01,-1,-1,-0.01,-1,-1
99926009,2026-05-18 15:17:41+05:30,53443.25,0,0.0,0,0.0,0.0,53282.15,53667.55,52783.45,53710.35,0,0.0,0.0,0.0,0.0,-0.01,-1,-1,-0.01,-1,-1,-0.01,-1,-1,-0.01,-1,-1,-0.01,-1,-1,-0.01,-1,-1,-0.01,-1,-1,-0.01,-1,-1,-0.01,-1,-1,-0.01,-1,-1
99926009,2026-05-18 15:17:41+05:30,53443.35,0,0.0,0,0.0,0.0,53282.15,53667.55,52783.45,53710.35,0,0.0,0.0,0.0,0.0,-0.01,-1,-1,-0.01,-1,-1,-0.01,-1,-1,-0.01,-1,-1,-0.01,-1,-1,-0.01,-1,-1,-0.01,-1,-1,-0.01,-1,-1,-0.01,-1,-1,-0.01,-1,-1
99926009,2026-05-18 15:17:41+05:30,53444.8,0,0.0,0,0.0,0.0,53282.15,53667.55,52783.45,53710.35,0,0.0,0.0,0.0,0.0,-0.01,-1,-1,-0.01,-1,-1,-0.01,-1,-1,-0.01,-1,-1,-0.01,-1,-1,-0.01,-1,-1,-0.01,-1,-1,-0.01,-1,-1,-0.01,-1,-1,-0.01,-1,-1
99926009,2026-05-18 15:17:42+05:30,53444.8,0,0.0,0,0.0,0.0,53282.15,53667.55,52783.45,53710.35,0,0.0,0.0,0.0,0.0,-0.01,-1,-1,-0.01,-1,-1,-0.01,-1,-1,-0.01,-1,-1,-0.01,-1,-1,-0.01,-1,-1,-0.01,-1,-1,-0.01,-1,-1,-0.01,-1,-1,-0.01,-1,-1
99926009,2026-05-18 15:17:42+05:30,53445.55,0,0.0,0,0.0,0.0,53282.15,53667.55,52783.45,53710.35,0,0.0,0.0,0.0,0.0,-0.01,-1,-1,-0.01,-1,-1,-0.01,-1,-1,-0.01,-1,-1,-0.01,-1,-1,-0.01,-1,-1,-0.01,-1,-1,-0.01,-1,-1,-0.01,-1,-1,-0.01,-1,-1
99926009,2026-05-18 15:17:42+05:30,53442.35,0,0.0,0,0.0,0.0,53282.15,53667.55,52783.45,53710.35,0,0.0,0.0,0.0,0.0,-0.01,-1,-1,-0.01,-1,-1,-0.01,-1,-1,-0.01,-1,-1,-0.01,-1,-1,-0.01,-1,-1,-0.01,-1,-1,-0.01,-1,-1,-0.01,-1,-1,-0.01,-1,-1
99926009,2026-05-18 15:17:43+05:30,53442.35,0,0.0,0,0.0,0.0,53282.15,53667.55,52783.45,53710.35,0,0.0,0.0,0.0,0.0,-0.01,-1,-1,-0.01,-1,-1,-0.01,-1,-1,-0.01,-1,-1,-0.01,-1,-1,-0.01,-1,-1,-0.01,-1,-1,-0.01,-1,-1,-0.01,-1,-1,-0.01,-1,-1
99926009,2026-05-18 15:17:43+05:30,53441.55,0,0.0,0,0.0,0.0,53282.15,53667.55,52783.45,53710.35,0,0.0,0.0,0.0,0.0,-0.01,-1,-1,-0.01,-1,-1,-0.01,-1,-1,-0.01,-1,-1,-0.01,-1,-1,-0.01,-1,-1,-0.01,-1,-1,-0.01,-1,-1,-0.01,-1,-1,-0.01,-1,-1
99926009,2026-05-18 15:17:43+05:30,53443.35,0,0.0,0,0.0,0.0,53282.15,53667.55,52783.45,53710.35,0,0.0,0.0,0.0,0.0,-0.01,-1,-1,-0.01,-1,-1,-0.01,-1,-1,-0.01,-1,-1,-0.01,-1,-1,-0.01,-1,-1,-0.01,-1,-1,-0.01,-1,-1,-0.01,-1,-1,-0.01,-1,-1
99926009,2026-05-18 15:17:44+05:30,53443.35,0,0.0,0,0.0,0.0,53282.15,53667.55,52783.45,53710.35,0,0.0,0.0,0.0,0.0,-0.01,-1,-1,-0.01,-1,-1,-0.01,-1,-1,-0.01,-1,-1,-0.01,-1,-1,-0.01,-1,-1,-0.01,-1,-1,-0.01,-1,-1,-0.01,-1,-1,-0.01,-1,-1
99926009,2026-05-18 15:17:44+05:30,53442.1,0,0.0,0,0.0,0.0,53282.15,53667.55,52783.45,53710.35,0,0.0,0.0,0.0,0.0,-0.01,-1,-1,-0.01,-1,-1,-0.01,-1,-1,-0.01,-1,-1,-0.01,-1,-1,-0.01,-1,-1,-0.01,-1,-1,-0.01,-1,-1,-0.01,-1,-1,-0.01,-1,-1
99926009,2026-05-18 15:17:44+05:30,53443.4,0,0.0,0,0.0,0.0,53282.15,53667.55,52783.45,53710.35,0,0.0,0.0,0.0,0.0,-0.01,-1,-1,-0.01,-1,-1,-0.01,-1,-1,-0.01,-1,-1,-0.01,-1,-1,-0.01,-1,-1,-0.01,-1,-1,-0.01,-1,-1,-0.01,-1,-1,-0.01,-1,-1
99926009,2026-05-18 15:17:45+05:30,53443.4,0,0.0,0,0.0,0.0,53282.15,53667.55,52783.45,53710.35,0,0.0,0.0,0.0,0.0,-0.01,-1,-1,-0.01,-1,-1,-0.01,-1,-1,-0.01,-1,-1,-0.01,-1,-1,-0.01,-1,-1,-0.01,-1,-1,-0.01,-1,-1,-0.01,-1,-1,-0.01,-1,-1
99926009,2026-05-18 15:17:45+05:30,53443.1,0,0.0,0,0.0,0.0,53282.15,53667.55,52783.45,53710.35,0,0.0,0.0,0.0,0.0,-0.01,-1,-1,-0.01,-1,-1,-0.01,-1,-1,-0.01,-1,-1,-0.01,-1,-1,-0.01,-1,-1,-0.01,-1,-1,-0.01,-1,-1,-0.01,-1,-1,-0.01,-1,-1
99926009,2026-05-18 15:17:45+05:30,53443.95,0,0.0,0,0.0,0.0,53282.15,53667.55,52783.45,53710.35,0,0.0,0.0,0.0,0.0,-0.01,-1,-1,-0.01,-1,-1,-0.01,-1,-1,-0.01,-1,-1,-0.01,-1,-1,-0.01,-1,-1,-0.01,-1,-1,-0.01,-1,-1,-0.01,-1,-1,-0.01,-1,-1
99926009,2026-05-18 15:17:46+05:30,53443.95,0,0.0,0,0.0,0.0,53282.15,53667.55,52783.45,53710.35,0,0.0,0.0,0.0,0.0,-0.01,-1,-1,-0.01,-1,-1,-0.01,-1,-1,-0.01,-1,-1,-0.01,-1,-1,-0.01,-1,-1,-0.01,-1,-1,-0.01,-1,-1,-0.01,-1,-1,-0.01,-1,-1
99926009,2026-05-18 15:17:46+05:30,53444.8,0,0.0,0,0.0,0.0,53282.15,53667.55,52783.45,53710.35,0,0.0,0.0,0.0,0.0,-0.01,-1,-1,-0.01,-1,-1,-0.01,-1,-1,-0.01,-1,-1,-0.01,-1,-1,-0.01,-1,-1,-0.01,-1,-1,-0.01,-1,-1,-0.01,-1,-1,-0.01,-1,-1
99926009,2026-05-18 15:17:46+05:30,53443.45,0,0.0,0,0.0,0.0,53282.15,53667.55,52783.45,53710.35,0,0.0,0.0,0.0,0.0,-0.01,-1,-1,-0.01,-1,-1,-0.01,-1,-1,-0.01,-1,-1,-0.01,-1,-1,-0.01,-1,-1,-0.01,-1,-1,-0.01,-1,-1,-0.01,-1,-1,-0.01,-1,-1
99926009,2026-05-18 15:17:47+05:30,53443.45,0,0.0,0,0.0,0.0,53282.15,53667.55,52783.45,53710.35,0,0.0,0.0,0.0,0.0,-0.01,-1,-1,-0.01,-1,-1,-0.01,-1,-1,-0.01,-1,-1,-0.01,-1,-1,-0.01,-1,-1,-0.01,-1,-1,-0.01,-1,-1,-0.01,-1,-1,-0.01,-1,-1
99926009,2026-05-18 15:17:47+05:30,53440.9,0,0.0,0,0.0,0.0,53282.15,53667.55,52783.45,53710.35,0,0.0,0.0,0.0,0.0,-0.01,-1,-1,-0.01,-1,-1,-0.01,-1,-1,-0.01,-1,-1,-0.01,-1,-1,-0.01,-1,-1,-0.01,-1,-1,-0.01,-1,-1,-0.01,-1,-1,-0.01,-1,-1
99926009,2026-05-18 15:17:47+05:30,53441.35,0,0.0,0,0.0,0.0,53282.15,53667.55,52783.45,53710.35,0,0.0,0.0,0.0,0.0,-0.01,-1,-1,-0.01,-1,-1,-0.01,-1,-1,-0.01,-1,-1,-0.01,-1,-1,-0.01,-1,-1,-0.01,-1,-1,-0.01,-1,-1,-0.01,-1,-1,-0.01,-1,-1
99926009,2026-05-18 15:17:48+05:30,53441.35,0,0.0,0,0.0,0.0,53282.15,53667.55,52783.45,53710.35,0,0.0,0.0,0.0,0.0,-0.01,-1,-1,-0.01,-1,-1,-0.01,-1,-1,-0.01,-1,-1,-0.01,-1,-1,-0.01,-1,-1,-0.01,-1,-1,-0.01,-1,-1,-0.01,-1,-1,-0.01,-1,-1
99926009,2026-05-18 15:17:48+05:30,53442.15,0,0.0,0,0.0,0.0,53282.15,53667.55,52783.45,53710.35,0,0.0,0.0,0.0,0.0,-0.01,-1,-1,-0.01,-1,-1,-0.01,-1,-1,-0.01,-1,-1,-0.01,-1,-1,-0.01,-1,-1,-0.01,-1,-1,-0.01,-1,-1,-0.01,-1,-1,-0.01,-1,-1
99926009,2026-05-18 15:17:48+05:30,53441.6,0,0.0,0,0.0,0.0,53282.15,53667.55,52783.45,53710.35,0,0.0,0.0,0.0,0.0,-0.01,-1,-1,-0.01,-1,-1,-0.01,-1,-1,-0.01,-1,-1,-0.01,-1,-1,-0.01,-1,-1,-0.01,-1,-1,-0.01,-1,-1,-0.01,-1,-1,-0.01,-1,-1
99926009,2026-05-18 15:17:49+05:30,53441.6,0,0.0,0,0.0,0.0,53282.15,53667.55,52783.45,53710.35,0,0.0,0.0,0.0,0.0,-0.01,-1,-1,-0.01,-1,-1,-0.01,-1,-1,-0.01,-1,-1,-0.01,-1,-1,-0.01,-1,-1,-0.01,-1,-1,-0.01,-1,-1,-0.01,-1,-1,-0.01,-1,-1
99926009,2026-05-18 15:17:49+05:30,53442.1,0,0.0,0,0.0,0.0,53282.15,53667.55,52783.45,53710.35,0,0.0,0.0,0.0,0.0,-0.01,-1,-1,-0.01,-1,-1,-0.01,-1,-1,-0.01,-1,-1,-0.01,-1,-1,-0.01,-1,-1,-0.01,-1,-1,-0.01,-1,-1,-0.01,-1,-1,-0.01,-1,-1
99926009,2026-05-18 15:17:49+05:30,53444.4,0,0.0,0,0.0,0.0,53282.15,53667.55,52783.45,53710.35,0,0.0,0.0,0.0,0.0,-0.01,-1,-1,-0.01,-1,-1,-0.01,-1,-1,-0.01,-1,-1,-0.01,-1,-1,-0.01,-1,-1,-0.01,-1,-1,-0.01,-1,-1,-0.01,-1,-1,-0.01,-1,-1
99926009,2026-05-18 15:17:50+05:30,53444.4,0,0.0,0,0.0,0.0,53282.15,53667.55,52783.45,53710.35,0,0.0,0.0,0.0,0.0,-0.01,-1,-1,-0.01,-1,-1,-0.01,-1,-1,-0.01,-1,-1,-0.01,-1,-1,-0.01,-1,-1,-0.01,-1,-1,-0.01,-1,-1,-0.01,-1,-1,-0.01,-1,-1
99926009,2026-05-18 15:17:50+05:30,53440.6,0,0.0,0,0.0,0.0,53282.15,53667.55,52783.45,53710.35,0,0.0,0.0,0.0,0.0,-0.01,-1,-1,-0.01,-1,-1,-0.01,-1,-1,-0.01,-1,-1,-0.01,-1,-1,-0.01,-1,-1,-0.01,-1,-1,-0.01,-1,-1,-0.01,-1,-1,-0.01,-1,-1
99926009,2026-05-18 15:17:50+05:30,53444.75,0,0.0,0,0.0,0.0,53282.15,53667.55,52783.45,53710.35,0,0.0,0.0,0.0,0.0,-0.01,-1,-1,-0.01,-1,-1,-0.01,-1,-1,-0.01,-1,-1,-0.01,-1,-1,-0.01,-1,-1,-0.01,-1,-1,-0.01,-1,-1,-0.01,-1,-1,-0.01,-1,-1
99926009,2026-05-18 15:17:51+05:30,53444.75,0,0.0,0,0.0,0.0,53282.15,53667.55,52783.45,53710.35,0,0.0,0.0,0.0,0.0,-0.01,-1,-1,-0.01,-1,-1,-0.01,-1,-1,-0.01,-1,-1,-0.01,-1,-1,-0.01,-1,-1,-0.01,-1,-1,-0.01,-1,-1,-0.01,-1,-1,-0.01,-1,-1
99926009,2026-05-18 15:17:51+05:30,53444.1,0,0.0,0,0.0,0.0,53282.15,53667.55,52783.45,53710.35,0,0.0,0.0,0.0,0.0,-0.01,-1,-1,-0.01,-1,-1,-0.01,-1,-1,-0.01,-1,-1,-0.01,-1,-1,-0.01,-1,-1,-0.01,-1,-1,-0.01,-1,-1,-0.01,-1,-1,-0.01,-1,-1
99926009,2026-05-18 15:17:51+05:30,53441.0,0,0.0,0,0.0,0.0,53282.15,53667.55,52783.45,53710.35,0,0.0,0.0,0.0,0.0,-0.01,-1,-1,-0.01,-1,-1,-0.01,-1,-1,-0.01,-1,-1,-0.01,-1,-1,-0.01,-1,-1,-0.01,-1,-1,-0.01,-1,-1,-0.01,-1,-1,-0.01,-1,-1
99926009,2026-05-18 15:17:52+05:30,53441.0,0,0.0,0,0.0,0.0,53282.15,53667.55,52783.45,53710.35,0,0.0,0.0,0.0,0.0,-0.01,-1,-1,-0.01,-1,-1,-0.01,-1,-1,-0.01,-1,-1,-0.01,-1,-1,-0.01,-1,-1,-0.01,-1,-1,-0.01,-1,-1,-0.01,-1,-1,-0.01,-1,-1
99926009,2026-05-18 15:17:52+05:30,53447.9,0,0.0,0,0.0,0.0,53282.15,53667.55,52783.45,53710.35,0,0.0,0.0,0.0,0.0,-0.01,-1,-1,-0.01,-1,-1,-0.01,-1,-1,-0.01,-1,-1,-0.01,-1,-1,-0.01,-1,-1,-0.01,-1,-1,-0.01,-1,-1,-0.01,-1,-1,-0.01,-1,-1
99926009,2026-05-18 15:17:52+05:30,53445.1,0,0.0,0,0.0,0.0,53282.15,53667.55,52783.45,53710.35,0,0.0,0.0,0.0,0.0,-0.01,-1,-1,-0.01,-1,-1,-0.01,-1,-1,-0.01,-1,-1,-0.01,-1,-1,-0.01,-1,-1,-0.01,-1,-1,-0.01,-1,-1,-0.01,-1,-1,-0.01,-1,-1
99926009,2026-05-18 15:17:53+05:30,53445.1,0,0.0,0,0.0,0.0,53282.15,53667.55,52783.45,53710.35,0,0.0,0.0,0.0,0.0,-0.01,-1,-1,-0.01,-1,-1,-0.01,-1,-1,-0.01,-1,-1,-0.01,-1,-1,-0.01,-1,-1,-0.01,-1,-1,-0.01,-1,-1,-0.01,-1,-1,-0.01,-1,-1
99926009,2026-05-18 15:17:53+05:30,53445.1,0,0.0,0,0.0,0.0,53282.15,53667.55,52783.45,53710.35,0,0.0,0.0,0.0,0.0,-0.01,-1,-1,-0.01,-1,-1,-0.01,-1,-1,-0.01,-1,-1,-0.01,-1,-1,-0.01,-1,-1,-0.01,-1,-1,-0.01,-1,-1,-0.01,-1,-1,-0.01,-1,-1
99926009,2026-05-18 15:17:53+05:30,53447.0,0,0.0,0,0.0,0.0,53282.15,53667.55,52783.45,53710.35,0,0.0,0.0,0.0,0.0,-0.01,-1,-1,-0.01,-1,-1,-0.01,-1,-1,-0.01,-1,-1,-0.01,-1,-1,-0.01,-1,-1,-0.01,-1,-1,-0.01,-1,-1,-0.01,-1,-1,-0.01,-1,-1
99926009,2026-05-18 15:17:54+05:30,53447.0,0,0.0,0,0.0,0.0,53282.15,53667.55,52783.45,53710.35,0,0.0,0.0,0.0,0.0,-0.01,-1,-1,-0.01,-1,-1,-0.01,-1,-1,-0.01,-1,-1,-0.01,-1,-1,-0.01,-1,-1,-0.01,-1,-1,-0.01,-1,-1,-0.01,-1,-1,-0.01,-1,-1
99926009,2026-05-18 15:17:54+05:30,53443.05,0,0.0,0,0.0,0.0,53282.15,53667.55,52783.45,53710.35,0,0.0,0.0,0.0,0.0,-0.01,-1,-1,-0.01,-1,-1,-0.01,-1,-1,-0.01,-1,-1,-0.01,-1,-1,-0.01,-1,-1,-0.01,-1,-1,-0.01,-1,-1,-0.01,-1,-1,-0.01,-1,-1
99926009,2026-05-18 15:17:54+05:30,53444.55,0,0.0,0,0.0,0.0,53282.15,53667.55,52783.45,53710.35,0,0.0,0.0,0.0,0.0,-0.01,-1,-1,-0.01,-1,-1,-0.01,-1,-1,-0.01,-1,-1,-0.01,-1,-1,-0.01,-1,-1,-0.01,-1,-1,-0.01,-1,-1,-0.01,-1,-1,-0.01,-1,-1
99926009,2026-05-18 15:17:55+05:30,53444.55,0,0.0,0,0.0,0.0,53282.15,53667.55,52783.45,53710.35,0,0.0,0.0,0.0,0.0,-0.01,-1,-1,-0.01,-1,-1,-0.01,-1,-1,-0.01,-1,-1,-0.01,-1,-1,-0.01,-1,-1,-0.01,-1,-1,-0.01,-1,-1,-0.01,-1,-1,-0.01,-1,-1
99926009,2026-05-18 15:17:55+05:30,53446.35,0,0.0,0,0.0,0.0,53282.15,53667.55,52783.45,53710.35,0,0.0,0.0,0.0,0.0,-0.01,-1,-1,-0.01,-1,-1,-0.01,-1,-1,-0.01,-1,-1,-0.01,-1,-1,-0.01,-1,-1,-0.01,-1,-1,-0.01,-1,-1,-0.01,-1,-1,-0.01,-1,-1
99926009,2026-05-18 15:17:55+05:30,53445.75,0,0.0,0,0.0,0.0,53282.15,53667.55,52783.45,53710.35,0,0.0,0.0,0.0,0.0,-0.01,-1,-1,-0.01,-1,-1,-0.01,-1,-1,-0.01,-1,-1,-0.01,-1,-1,-0.01,-1,-1,-0.01,-1,-1,-0.01,-1,-1,-0.01,-1,-1,-0.01,-1,-1
99926009,2026-05-18 15:17:56+05:30,53445.75,0,0.0,0,0.0,0.0,53282.15,53667.55,52783.45,53710.35,0,0.0,0.0,0.0,0.0,-0.01,-1,-1,-0.01,-1,-1,-0.01,-1,-1,-0.01,-1,-1,-0.01,-1,-1,-0.01,-1,-1,-0.01,-1,-1,-0.01,-1,-1,-0.01,-1,-1,-0.01,-1,-1
99926009,2026-05-18 15:17:56+05:30,53443.95,0,0.0,0,0.0,0.0,53282.15,53667.55,52783.45,53710.35,0,0.0,0.0,0.0,0.0,-0.01,-1,-1,-0.01,-1,-1,-0.01,-1,-1,-0.01,-1,-1,-0.01,-1,-1,-0.01,-1,-1,-0.01,-1,-1,-0.01,-1,-1,-0.01,-1,-1,-0.01,-1,-1
99926009,2026-05-18 15:17:56+05:30,53442.7,0,0.0,0,0.0,0.0,53282.15,53667.55,52783.45,53710.35,0,0.0,0.0,0.0,0.0,-0.01,-1,-1,-0.01,-1,-1,-0.01,-1,-1,-0.01,-1,-1,-0.01,-1,-1,-0.01,-1,-1,-0.01,-1,-1,-0.01,-1,-1,-0.01,-1,-1,-0.01,-1,-1
99926009,2026-05-18 15:17:57+05:30,53442.7,0,0.0,0,0.0,0.0,53282.15,53667.55,52783.45,53710.35,0,0.0,0.0,0.0,0.0,-0.01,-1,-1,-0.01,-1,-1,-0.01,-1,-1,-0.01,-1,-1,-0.01,-1,-1,-0.01,-1,-1,-0.01,-1,-1,-0.01,-1,-1,-0.01,-1,-1,-0.01,-1,-1
99926009,2026-05-18 15:17:57+05:30,53446.3,0,0.0,0,0.0,0.0,53282.15,53667.55,52783.45,53710.35,0,0.0,0.0,0.0,0.0,-0.01,-1,-1,-0.01,-1,-1,-0.01,-1,-1,-0.01,-1,-1,-0.01,-1,-1,-0.01,-1,-1,-0.01,-1,-1,-0.01,-1,-1,-0.01,-1,-1,-0.01,-1,-1
99926009,2026-05-18 15:17:57+05:30,53446.1,0,0.0,0,0.0,0.0,53282.15,53667.55,52783.45,53710.35,0,0.0,0.0,0.0,0.0,-0.01,-1,-1,-0.01,-1,-1,-0.01,-1,-1,-0.01,-1,-1,-0.01,-1,-1,-0.01,-1,-1,-0.01,-1,-1,-0.01,-1,-1,-0.01,-1,-1,-0.01,-1,-1
99926009,2026-05-18 15:17:58+05:30,53446.1,0,0.0,0,0.0,0.0,53282.15,53667.55,52783.45,53710.35,0,0.0,0.0,0.0,0.0,-0.01,-1,-1,-0.01,-1,-1,-0.01,-1,-1,-0.01,-1,-1,-0.01,-1,-1,-0.01,-1,-1,-0.01,-1,-1,-0.01,-1,-1,-0.01,-1,-1,-0.01,-1,-1
99926009,2026-05-18 15:17:58+05:30,53443.95,0,0.0,0,0.0,0.0,53282.15,53667.55,52783.45,53710.35,0,0.0,0.0,0.0,0.0,-0.01,-1,-1,-0.01,-1,-1,-0.01,-1,-1,-0.01,-1,-1,-0.01,-1,-1,-0.01,-1,-1,-0.01,-1,-1,-0.01,-1,-1,-0.01,-1,-1,-0.01,-1,-1
99926009,2026-05-18 15:17:58+05:30,53442.15,0,0.0,0,0.0,0.0,53282.15,53667.55,52783.45,53710.35,0,0.0,0.0,0.0,0.0,-0.01,-1,-1,-0.01,-1,-1,-0.01,-1,-1,-0.01,-1,-1,-0.01,-1,-1,-0.01,-1,-1,-0.01,-1,-1,-0.01,-1,-1,-0.01,-1,-1,-0.01,-1,-1
99926009,2026-05-18 15:17:59+05:30,53442.15,0,0.0,0,0.0,0.0,53282.15,53667.55,52783.45,53710.35,0,0.0,0.0,0.0,0.0,-0.01,-1,-1,-0.01,-1,-1,-0.01,-1,-1,-0.01,-1,-1,-0.01,-1,-1,-0.01,-1,-1,-0.01,-1,-1,-0.01,-1,-1,-0.01,-1,-1,-0.01,-1,-1
99926009,2026-05-18 15:17:59+05:30,53442.7,0,0.0,0,0.0,0.0,53282.15,53667.55,52783.45,53710.35,0,0.0,0.0,0.0,0.0,-0.01,-1,-1,-0.01,-1,-1,-0.01,-1,-1,-0.01,-1,-1,-0.01,-1,-1,-0.01,-1,-1,-0.01,-1,-1,-0.01,-1,-1,-0.01,-1,-1,-0.01,-1,-1
99926009,2026-05-18 15:17:59+05:30,53443.6,0,0.0,0,0.0,0.0,53282.15,53667.55,52783.45,53710.35,0,0.0,0.0,0.0,0.0,-0.01,-1,-1,-0.01,-1,-1,-0.01,-1,-1,-0.01,-1,-1,-0.01,-1,-1,-0.01,-1,-1,-0.01,-1,-1,-0.01,-1,-1,-0.01,-1,-1,-0.01,-1,-1
99926009,2026-05-18 15:18:00+05:30,53443.6,0,0.0,0,0.0,0.0,53282.15,53667.55,52783.45,53710.35,0,0.0,0.0,0.0,0.0,-0.01,-1,-1,-0.01,-1,-1,-0.01,-1,-1,-0.01,-1,-1,-0.01,-1,-1,-0.01,-1,-1,-0.01,-1,-1,-0.01,-1,-1,-0.01,-1,-1,-0.01,-1,-1
99926009,2026-05-18 15:18:00+05:30,53441.7,0,0.0,0,0.0,0.0,53282.15,53667.55,52783.45,53710.35,0,0.0,0.0,0.0,0.0,-0.01,-1,-1,-0.01,-1,-1,-0.01,-1,-1,-0.01,-1,-1,-0.01,-1,-1,-0.01,-1,-1,-0.01,-1,-1,-0.01,-1,-1,-0.01,-1,-1,-0.01,-1,-1
99926009,2026-05-18 15:18:00+05:30,53447.45,0,0.0,0,0.0,0.0,53282.15,53667.55,52783.45,53710.35,0,0.0,0.0,0.0,0.0,-0.01,-1,-1,-0.01,-1,-1,-0.01,-1,-1,-0.01,-1,-1,-0.01,-1,-1,-0.01,-1,-1,-0.01,-1,-1,-0.01,-1,-1,-0.01,-1,-1,-0.01,-1,-1
99926009,2026-05-18 15:18:01+05:30,53447.45,0,0.0,0,0.0,0.0,53282.15,53667.55,52783.45,53710.35,0,0.0,0.0,0.0,0.0,-0.01,-1,-1,-0.01,-1,-1,-0.01,-1,-1,-0.01,-1,-1,-0.01,-1,-1,-0.01,-1,-1,-0.01,-1,-1,-0.01,-1,-1,-0.01,-1,-1,-0.01,-1,-1
99926009,2026-05-18 15:18:01+05:30,53446.35,0,0.0,0,0.0,0.0,53282.15,53667.55,52783.45,53710.35,0,0.0,0.0,0.0,0.0,-0.01,-1,-1,-0.01,-1,-1,-0.01,-1,-1,-0.01,-1,-1,-0.01,-1,-1,-0.01,-1,-1,-0.01,-1,-1,-0.01,-1,-1,-0.01,-1,-1,-0.01,-1,-1
99926009,2026-05-18 15:18:01+05:30,53449.3,0,0.0,0,0.0,0.0,53282.15,53667.55,52783.45,53710.35,0,0.0,0.0,0.0,0.0,-0.01,-1,-1,-0.01,-1,-1,-0.01,-1,-1,-0.01,-1,-1,-0.01,-1,-1,-0.01,-1,-1,-0.01,-1,-1,-0.01,-1,-1,-0.01,-1,-1,-0.01,-1,-1
99926009,2026-05-18 15:18:02+05:30,53449.3,0,0.0,0,0.0,0.0,53282.15,53667.55,52783.45,53710.35,0,0.0,0.0,0.0,0.0,-0.01,-1,-1,-0.01,-1,-1,-0.01,-1,-1,-0.01,-1,-1,-0.01,-1,-1,-0.01,-1,-1,-0.01,-1,-1,-0.01,-1,-1,-0.01,-1,-1,-0.01,-1,-1
99926009,2026-05-18 15:18:02+05:30,53445.0,0,0.0,0,0.0,0.0,53282.15,53667.55,52783.45,53710.35,0,0.0,0.0,0.0,0.0,-0.01,-1,-1,-0.01,-1,-1,-0.01,-1,-1,-0.01,-1,-1,-0.01,-1,-1,-0.01,-1,-1,-0.01,-1,-1,-0.01,-1,-1,-0.01,-1,-1,-0.01,-1,-1
99926009,2026-05-18 15:18:02+05:30,53445.5,0,0.0,0,0.0,0.0,53282.15,53667.55,52783.45,53710.35,0,0.0,0.0,0.0,0.0,-0.01,-1,-1,-0.01,-1,-1,-0.01,-1,-1,-0.01,-1,-1,-0.01,-1,-1,-0.01,-1,-1,-0.01,-1,-1,-0.01,-1,-1,-0.01,-1,-1,-0.01,-1,-1
99926009,2026-05-18 15:18:03+05:30,53445.5,0,0.0,0,0.0,0.0,53282.15,53667.55,52783.45,53710.35,0,0.0,0.0,0.0,0.0,-0.01,-1,-1,-0.01,-1,-1,-0.01,-1,-1,-0.01,-1,-1,-0.01,-1,-1,-0.01,-1,-1,-0.01,-1,-1,-0.01,-1,-1,-0.01,-1,-1,-0.01,-1,-1
99926009,2026-05-18 15:18:03+05:30,53442.1,0,0.0,0,0.0,0.0,53282.15,53667.55,52783.45,53710.35,0,0.0,0.0,0.0,0.0,-0.01,-1,-1,-0.01,-1,-1,-0.01,-1,-1,-0.01,-1,-1,-0.01,-1,-1,-0.01,-1,-1,-0.01,-1,-1,-0.01,-1,-1,-0.01,-1,-1,-0.01,-1,-1
99926009,2026-05-18 15:18:03+05:30,53447.75,0,0.0,0,0.0,0.0,53282.15,53667.55,52783.45,53710.35,0,0.0,0.0,0.0,0.0,-0.01,-1,-1,-0.01,-1,-1,-0.01,-1,-1,-0.01,-1,-1,-0.01,-1,-1,-0.01,-1,-1,-0.01,-1,-1,-0.01,-1,-1,-0.01,-1,-1,-0.01,-1,-1
99926009,2026-05-18 15:18:04+05:30,53447.75,0,0.0,0,0.0,0.0,53282.15,53667.55,52783.45,53710.35,0,0.0,0.0,0.0,0.0,-0.01,-1,-1,-0.01,-1,-1,-0.01,-1,-1,-0.01,-1,-1,-0.01,-1,-1,-0.01,-1,-1,-0.01,-1,-1,-0.01,-1,-1,-0.01,-1,-1,-0.01,-1,-1
99926009,2026-05-18 15:18:04+05:30,53446.05,0,0.0,0,0.0,0.0,53282.15,53667.55,52783.45,53710.35,0,0.0,0.0,0.0,0.0,-0.01,-1,-1,-0.01,-1,-1,-0.01,-1,-1,-0.01,-1,-1,-0.01,-1,-1,-0.01,-1,-1,-0.01,-1,-1,-0.01,-1,-1,-0.01,-1,-1,-0.01,-1,-1
99926009,2026-05-18 15:18:04+05:30,53445.65,0,0.0,0,0.0,0.0,53282.15,53667.55,52783.45,53710.35,0,0.0,0.0,0.0,0.0,-0.01,-1,-1,-0.01,-1,-1,-0.01,-1,-1,-0.01,-1,-1,-0.01,-1,-1,-0.01,-1,-1,-0.01,-1,-1,-0.01,-1,-1,-0.01,-1,-1,-0.01,-1,-1
99926009,2026-05-18 15:18:05+05:30,53445.65,0,0.0,0,0.0,0.0,53282.15,53667.55,52783.45,53710.35,0,0.0,0.0,0.0,0.0,-0.01,-1,-1,-0.01,-1,-1,-0.01,-1,-1,-0.01,-1,-1,-0.01,-1,-1,-0.01,-1,-1,-0.01,-1,-1,-0.01,-1,-1,-0.01,-1,-1,-0.01,-1,-1
99926009,2026-05-18 15:18:05+05:30,53444.15,0,0.0,0,0.0,0.0,53282.15,53667.55,52783.45,53710.35,0,0.0,0.0,0.0,0.0,-0.01,-1,-1,-0.01,-1,-1,-0.01,-1,-1,-0.01,-1,-1,-0.01,-1,-1,-0.01,-1,-1,-0.01,-1,-1,-0.01,-1,-1,-0.01,-1,-1,-0.01,-1,-1
99926009,2026-05-18 15:18:05+05:30,53446.45,0,0.0,0,0.0,0.0,53282.15,53667.55,52783.45,53710.35,0,0.0,0.0,0.0,0.0,-0.01,-1,-1,-0.01,-1,-1,-0.01,-1,-1,-0.01,-1,-1,-0.01,-1,-1,-0.01,-1,-1,-0.01,-1,-1,-0.01,-1,-1,-0.01,-1,-1,-0.01,-1,-1
99926009,2026-05-18 15:18:06+05:30,53446.45,0,0.0,0,0.0,0.0,53282.15,53667.55,52783.45,53710.35,0,0.0,0.0,0.0,0.0,-0.01,-1,-1,-0.01,-1,-1,-0.01,-1,-1,-0.01,-1,-1,-0.01,-1,-1,-0.01,-1,-1,-0.01,-1,-1,-0.01,-1,-1,-0.01,-1,-1,-0.01,-1,-1
99926009,2026-05-18 15:18:06+05:30,53448.0,0,0.0,0,0.0,0.0,53282.15,53667.55,52783.45,53710.35,0,0.0,0.0,0.0,0.0,-0.01,-1,-1,-0.01,-1,-1,-0.01,-1,-1,-0.01,-1,-1,-0.01,-1,-1,-0.01,-1,-1,-0.01,-1,-1,-0.01,-1,-1,-0.01,-1,-1,-0.01,-1,-1
99926009,2026-05-18 15:18:06+05:30,53451.6,0,0.0,0,0.0,0.0,53282.15,53667.55,52783.45,53710.35,0,0.0,0.0,0.0,0.0,-0.01,-1,-1,-0.01,-1,-1,-0.01,-1,-1,-0.01,-1,-1,-0.01,-1,-1,-0.01,-1,-1,-0.01,-1,-1,-0.01,-1,-1,-0.01,-1,-1,-0.01,-1,-1
99926009,2026-05-18 15:18:07+05:30,53451.6,0,0.0,0,0.0,0.0,53282.15,53667.55,52783.45,53710.35,0,0.0,0.0,0.0,0.0,-0.01,-1,-1,-0.01,-1,-1,-0.01,-1,-1,-0.01,-1,-1,-0.01,-1,-1,-0.01,-1,-1,-0.01,-1,-1,-0.01,-1,-1,-0.01,-1,-1,-0.01,-1,-1
99926009,2026-05-18 15:18:07+05:30,53447.15,0,0.0,0,0.0,0.0,53282.15,53667.55,52783.45,53710.35,0,0.0,0.0,0.0,0.0,-0.01,-1,-1,-0.01,-1,-1,-0.01,-1,-1,-0.01,-1,-1,-0.01,-1,-1,-0.01,-1,-1,-0.01,-1,-1,-0.01,-1,-1,-0.01,-1,-1,-0.01,-1,-1
99926009,2026-05-18 15:18:07+05:30,53446.25,0,0.0,0,0.0,0.0,53282.15,53667.55,52783.45,53710.35,0,0.0,0.0,0.0,0.0,-0.01,-1,-1,-0.01,-1,-1,-0.01,-1,-1,-0.01,-1,-1,-0.01,-1,-1,-0.01,-1,-1,-0.01,-1,-1,-0.01,-1,-1,-0.01,-1,-1,-0.01,-1,-1
99926009,2026-05-18 15:18:08+05:30,53446.25,0,0.0,0,0.0,0.0,53282.15,53667.55,52783.45,53710.35,0,0.0,0.0,0.0,0.0,-0.01,-1,-1,-0.01,-1,-1,-0.01,-1,-1,-0.01,-1,-1,-0.01,-1,-1,-0.01,-1,-1,-0.01,-1,-1,-0.01,-1,-1,-0.01,-1,-1,-0.01,-1,-1
99926009,2026-05-18 15:18:08+05:30,53447.55,0,0.0,0,0.0,0.0,53282.15,53667.55,52783.45,53710.35,0,0.0,0.0,0.0,0.0,-0.01,-1,-1,-0.01,-1,-1,-0.01,-1,-1,-0.01,-1,-1,-0.01,-1,-1,-0.01,-1,-1,-0.01,-1,-1,-0.01,-1,-1,-0.01,-1,-1,-0.01,-1,-1
99926009,2026-05-18 15:18:08+05:30,53449.0,0,0.0,0,0.0,0.0,53282.15,53667.55,52783.45,53710.35,0,0.0,0.0,0.0,0.0,-0.01,-1,-1,-0.01,-1,-1,-0.01,-1,-1,-0.01,-1,-1,-0.01,-1,-1,-0.01,-1,-1,-0.01,-1,-1,-0.01,-1,-1,-0.01,-1,-1,-0.01,-1,-1
99926009,2026-05-18 15:18:09+05:30,53449.0,0,0.0,0,0.0,0.0,53282.15,53667.55,52783.45,53710.35,0,0.0,0.0,0.0,0.0,-0.01,-1,-1,-0.01,-1,-1,-0.01,-1,-1,-0.01,-1,-1,-0.01,-1,-1,-0.01,-1,-1,-0.01,-1,-1,-0.01,-1,-1,-0.01,-1,-1,-0.01,-1,-1
99926009,2026-05-18 15:18:09+05:30,53452.35,0,0.0,0,0.0,0.0,53282.15,53667.55,52783.45,53710.35,0,0.0,0.0,0.0,0.0,-0.01,-1,-1,-0.01,-1,-1,-0.01,-1,-1,-0.01,-1,-1,-0.01,-1,-1,-0.01,-1,-1,-0.01,-1,-1,-0.01,-1,-1,-0.01,-1,-1,-0.01,-1,-1
99926009,2026-05-18 15:18:09+05:30,53446.85,0,0.0,0,0.0,0.0,53282.15,53667.55,52783.45,53710.35,0,0.0,0.0,0.0,0.0,-0.01,-1,-1,-0.01,-1,-1,-0.01,-1,-1,-0.01,-1,-1,-0.01,-1,-1,-0.01,-1,-1,-0.01,-1,-1,-0.01,-1,-1,-0.01,-1,-1,-0.01,-1,-1
99926009,2026-05-18 15:18:10+05:30,53446.85,0,0.0,0,0.0,0.0,53282.15,53667.55,52783.45,53710.35,0,0.0,0.0,0.0,0.0,-0.01,-1,-1,-0.01,-1,-1,-0.01,-1,-1,-0.01,-1,-1,-0.01,-1,-1,-0.01,-1,-1,-0.01,-1,-1,-0.01,-1,-1,-0.01,-1,-1,-0.01,-1,-1
99926009,2026-05-18 15:18:10+05:30,53453.45,0,0.0,0,0.0,0.0,53282.15,53667.55,52783.45,53710.35,0,0.0,0.0,0.0,0.0,-0.01,-1,-1,-0.01,-1,-1,-0.01,-1,-1,-0.01,-1,-1,-0.01,-1,-1,-0.01,-1,-1,-0.01,-1,-1,-0.01,-1,-1,-0.01,-1,-1,-0.01,-1,-1
99926009,2026-05-18 15:18:10+05:30,53457.05,0,0.0,0,0.0,0.0,53282.15,53667.55,52783.45,53710.35,0,0.0,0.0,0.0,0.0,-0.01,-1,-1,-0.01,-1,-1,-0.01,-1,-1,-0.01,-1,-1,-0.01,-1,-1,-0.01,-1,-1,-0.01,-1,-1,-0.01,-1,-1,-0.01,-1,-1,-0.01,-1,-1
99926009,2026-05-18 15:18:11+05:30,53457.05,0,0.0,0,0.0,0.0,53282.15,53667.55,52783.45,53710.35,0,0.0,0.0,0.0,0.0,-0.01,-1,-1,-0.01,-1,-1,-0.01,-1,-1,-0.01,-1,-1,-0.01,-1,-1,-0.01,-1,-1,-0.01,-1,-1,-0.01,-1,-1,-0.01,-1,-1,-0.01,-1,-1
99926009,2026-05-18 15:18:11+05:30,53456.5,0,0.0,0,0.0,0.0,53282.15,53667.55,52783.45,53710.35,0,0.0,0.0,0.0,0.0,-0.01,-1,-1,-0.01,-1,-1,-0.01,-1,-1,-0.01,-1,-1,-0.01,-1,-1,-0.01,-1,-1,-0.01,-1,-1,-0.01,-1,-1,-0.01,-1,-1,-0.01,-1,-1
99926009,2026-05-18 15:18:11+05:30,53456.6,0,0.0,0,0.0,0.0,53282.15,53667.55,52783.45,53710.35,0,0.0,0.0,0.0,0.0,-0.01,-1,-1,-0.01,-1,-1,-0.01,-1,-1,-0.01,-1,-1,-0.01,-1,-1,-0.01,-1,-1,-0.01,-1,-1,-0.01,-1,-1,-0.01,-1,-1,-0.01,-1,-1
99926009,2026-05-18 15:18:12+05:30,53456.6,0,0.0,0,0.0,0.0,53282.15,53667.55,52783.45,53710.35,0,0.0,0.0,0.0,0.0,-0.01,-1,-1,-0.01,-1,-1,-0.01,-1,-1,-0.01,-1,-1,-0.01,-1,-1,-0.01,-1,-1,-0.01,-1,-1,-0.01,-1,-1,-0.01,-1,-1,-0.01,-1,-1
99926009,2026-05-18 15:18:12+05:30,53459.2,0,0.0,0,0.0,0.0,53282.15,53667.55,52783.45,53710.35,0,0.0,0.0,0.0,0.0,-0.01,-1,-1,-0.01,-1,-1,-0.01,-1,-1,-0.01,-1,-1,-0.01,-1,-1,-0.01,-1,-1,-0.01,-1,-1,-0.01,-1,-1,-0.01,-1,-1,-0.01,-1,-1
99926009,2026-05-18 15:18:12+05:30,53460.35,0,0.0,0,0.0,0.0,53282.15,53667.55,52783.45,53710.35,0,0.0,0.0,0.0,0.0,-0.01,-1,-1,-0.01,-1,-1,-0.01,-1,-1,-0.01,-1,-1,-0.01,-1,-1,-0.01,-1,-1,-0.01,-1,-1,-0.01,-1,-1,-0.01,-1,-1,-0.01,-1,-1
99926009,2026-05-18 15:18:13+05:30,53460.35,0,0.0,0,0.0,0.0,53282.15,53667.55,52783.45,53710.35,0,0.0,0.0,0.0,0.0,-0.01,-1,-1,-0.01,-1,-1,-0.01,-1,-1,-0.01,-1,-1,-0.01,-1,-1,-0.01,-1,-1,-0.01,-1,-1,-0.01,-1,-1,-0.01,-1,-1,-0.01,-1,-1
99926009,2026-05-18 15:18:13+05:30,53458.2,0,0.0,0,0.0,0.0,53282.15,53667.55,52783.45,53710.35,0,0.0,0.0,0.0,0.0,-0.01,-1,-1,-0.01,-1,-1,-0.01,-1,-1,-0.01,-1,-1,-0.01,-1,-1,-0.01,-1,-1,-0.01,-1,-1,-0.01,-1,-1,-0.01,-1,-1,-0.01,-1,-1
99926009,2026-05-18 15:18:13+05:30,53463.8,0,0.0,0,0.0,0.0,53282.15,53667.55,52783.45,53710.35,0,0.0,0.0,0.0,0.0,-0.01,-1,-1,-0.01,-1,-1,-0.01,-1,-1,-0.01,-1,-1,-0.01,-1,-1,-0.01,-1,-1,-0.01,-1,-1,-0.01,-1,-1,-0.01,-1,-1,-0.01,-1,-1
99926009,2026-05-18 15:18:14+05:30,53463.8,0,0.0,0,0.0,0.0,53282.15,53667.55,52783.45,53710.35,0,0.0,0.0,0.0,0.0,-0.01,-1,-1,-0.01,-1,-1,-0.01,-1,-1,-0.01,-1,-1,-0.01,-1,-1,-0.01,-1,-1,-0.01,-1,-1,-0.01,-1,-1,-0.01,-1,-1,-0.01,-1,-1
99926009,2026-05-18 15:18:14+05:30,53461.1,0,0.0,0,0.0,0.0,53282.15,53667.55,52783.45,53710.35,0,0.0,0.0,0.0,0.0,-0.01,-1,-1,-0.01,-1,-1,-0.01,-1,-1,-0.01,-1,-1,-0.01,-1,-1,-0.01,-1,-1,-0.01,-1,-1,-0.01,-1,-1,-0.01,-1,-1,-0.01,-1,-1
99926009,2026-05-18 15:18:14+05:30,53459.45,0,0.0,0,0.0,0.0,53282.15,53667.55,52783.45,53710.35,0,0.0,0.0,0.0,0.0,-0.01,-1,-1,-0.01,-1,-1,-0.01,-1,-1,-0.01,-1,-1,-0.01,-1,-1,-0.01,-1,-1,-0.01,-1,-1,-0.01,-1,-1,-0.01,-1,-1,-0.01,-1,-1
99926009,2026-05-18 15:18:15+05:30,53459.45,0,0.0,0,0.0,0.0,53282.15,53667.55,52783.45,53710.35,0,0.0,0.0,0.0,0.0,-0.01,-1,-1,-0.01,-1,-1,-0.01,-1,-1,-0.01,-1,-1,-0.01,-1,-1,-0.01,-1,-1,-0.01,-1,-1,-0.01,-1,-1,-0.01,-1,-1,-0.01,-1,-1
99926009,2026-05-18 15:18:15+05:30,53466.85,0,0.0,0,0.0,0.0,53282.15,53667.55,52783.45,53710.35,0,0.0,0.0,0.0,0.0,-0.01,-1,-1,-0.01,-1,-1,-0.01,-1,-1,-0.01,-1,-1,-0.01,-1,-1,-0.01,-1,-1,-0.01,-1,-1,-0.01,-1,-1,-0.01,-1,-1,-0.01,-1,-1
99926009,2026-05-18 15:18:15+05:30,53465.05,0,0.0,0,0.0,0.0,53282.15,53667.55,52783.45,53710.35,0,0.0,0.0,0.0,0.0,-0.01,-1,-1,-0.01,-1,-1,-0.01,-1,-1,-0.01,-1,-1,-0.01,-1,-1,-0.01,-1,-1,-0.01,-1,-1,-0.01,-1,-1,-0.01,-1,-1,-0.01,-1,-1
99926009,2026-05-18 15:18:16+05:30,53465.05,0,0.0,0,0.0,0.0,53282.15,53667.55,52783.45,53710.35,0,0.0,0.0,0.0,0.0,-0.01,-1,-1,-0.01,-1,-1,-0.01,-1,-1,-0.01,-1,-1,-0.01,-1,-1,-0.01,-1,-1,-0.01,-1,-1,-0.01,-1,-1,-0.01,-1,-1,-0.01,-1,-1
99926009,2026-05-18 15:18:16+05:30,53465.15,0,0.0,0,0.0,0.0,53282.15,53667.55,52783.45,53710.35,0,0.0,0.0,0.0,0.0,-0.01,-1,-1,-0.01,-1,-1,-0.01,-1,-1,-0.01,-1,-1,-0.01,-1,-1,-0.01,-1,-1,-0.01,-1,-1,-0.01,-1,-1,-0.01,-1,-1,-0.01,-1,-1
99926009,2026-05-18 15:18:16+05:30,53463.3,0,0.0,0,0.0,0.0,53282.15,53667.55,52783.45,53710.35,0,0.0,0.0,0.0,0.0,-0.01,-1,-1,-0.01,-1,-1,-0.01,-1,-1,-0.01,-1,-1,-0.01,-1,-1,-0.01,-1,-1,-0.01,-1,-1,-0.01,-1,-1,-0.01,-1,-1,-0.01,-1,-1
99926009,2026-05-18 15:18:17+05:30,53463.3,0,0.0,0,0.0,0.0,53282.15,53667.55,52783.45,53710.35,0,0.0,0.0,0.0,0.0,-0.01,-1,-1,-0.01,-1,-1,-0.01,-1,-1,-0.01,-1,-1,-0.01,-1,-1,-0.01,-1,-1,-0.01,-1,-1,-0.01,-1,-1,-0.01,-1,-1,-0.01,-1,-1
99926009,2026-05-18 15:18:17+05:30,53457.0,0,0.0,0,0.0,0.0,53282.15,53667.55,52783.45,53710.35,0,0.0,0.0,0.0,0.0,-0.01,-1,-1,-0.01,-1,-1,-0.01,-1,-1,-0.01,-1,-1,-0.01,-1,-1,-0.01,-1,-1,-0.01,-1,-1,-0.01,-1,-1,-0.01,-1,-1,-0.01,-1,-1
99926009,2026-05-18 15:18:17+05:30,53463.45,0,0.0,0,0.0,0.0,53282.15,53667.55,52783.45,53710.35,0,0.0,0.0,0.0,0.0,-0.01,-1,-1,-0.01,-1,-1,-0.01,-1,-1,-0.01,-1,-1,-0.01,-1,-1,-0.01,-1,-1,-0.01,-1,-1,-0.01,-1,-1,-0.01,-1,-1,-0.01,-1,-1
99926009,2026-05-18 15:18:18+05:30,53463.45,0,0.0,0,0.0,0.0,53282.15,53667.55,52783.45,53710.35,0,0.0,0.0,0.0,0.0,-0.01,-1,-1,-0.01,-1,-1,-0.01,-1,-1,-0.01,-1,-1,-0.01,-1,-1,-0.01,-1,-1,-0.01,-1,-1,-0.01,-1,-1,-0.01,-1,-1,-0.01,-1,-1
99926009,2026-05-18 15:18:18+05:30,53463.6,0,0.0,0,0.0,0.0,53282.15,53667.55,52783.45,53710.35,0,0.0,0.0,0.0,0.0,-0.01,-1,-1,-0.01,-1,-1,-0.01,-1,-1,-0.01,-1,-1,-0.01,-1,-1,-0.01,-1,-1,-0.01,-1,-1,-0.01,-1,-1,-0.01,-1,-1,-0.01,-1,-1
99926009,2026-05-18 15:18:18+05:30,53463.5,0,0.0,0,0.0,0.0,53282.15,53667.55,52783.45,53710.35,0,0.0,0.0,0.0,0.0,-0.01,-1,-1,-0.01,-1,-1,-0.01,-1,-1,-0.01,-1,-1,-0.01,-1,-1,-0.01,-1,-1,-0.01,-1,-1,-0.01,-1,-1,-0.01,-1,-1,-0.01,-1,-1
99926009,2026-05-18 15:18:19+05:30,53463.5,0,0.0,0,0.0,0.0,53282.15,53667.55,52783.45,53710.35,0,0.0,0.0,0.0,0.0,-0.01,-1,-1,-0.01,-1,-1,-0.01,-1,-1,-0.01,-1,-1,-0.01,-1,-1,-0.01,-1,-1,-0.01,-1,-1,-0.01,-1,-1,-0.01,-1,-1,-0.01,-1,-1
99926009,2026-05-18 15:18:19+05:30,53465.7,0,0.0,0,0.0,0.0,53282.15,53667.55,52783.45,53710.35,0,0.0,0.0,0.0,0.0,-0.01,-1,-1,-0.01,-1,-1,-0.01,-1,-1,-0.01,-1,-1,-0.01,-1,-1,-0.01,-1,-1,-0.01,-1,-1,-0.01,-1,-1,-0.01,-1,-1,-0.01,-1,-1
99926009,2026-05-18 15:18:19+05:30,53462.95,0,0.0,0,0.0,0.0,53282.15,53667.55,52783.45,53710.35,0,0.0,0.0,0.0,0.0,-0.01,-1,-1,-0.01,-1,-1,-0.01,-1,-1,-0.01,-1,-1,-0.01,-1,-1,-0.01,-1,-1,-0.01,-1,-1,-0.01,-1,-1,-0.01,-1,-1,-0.01,-1,-1
99926009,2026-05-18 15:18:20+05:30,53462.95,0,0.0,0,0.0,0.0,53282.15,53667.55,52783.45,53710.35,0,0.0,0.0,0.0,0.0,-0.01,-1,-1,-0.01,-1,-1,-0.01,-1,-1,-0.01,-1,-1,-0.01,-1,-1,-0.01,-1,-1,-0.01,-1,-1,-0.01,-1,-1,-0.01,-1,-1,-0.01,-1,-1
99926009,2026-05-18 15:18:20+05:30,53461.15,0,0.0,0,0.0,0.0,53282.15,53667.55,52783.45,53710.35,0,0.0,0.0,0.0,0.0,-0.01,-1,-1,-0.01,-1,-1,-0.01,-1,-1,-0.01,-1,-1,-0.01,-1,-1,-0.01,-1,-1,-0.01,-1,-1,-0.01,-1,-1,-0.01,-1,-1,-0.01,-1,-1
99926009,2026-05-18 15:18:20+05:30,53465.95,0,0.0,0,0.0,0.0,53282.15,53667.55,52783.45,53710.35,0,0.0,0.0,0.0,0.0,-0.01,-1,-1,-0.01,-1,-1,-0.01,-1,-1,-0.01,-1,-1,-0.01,-1,-1,-0.01,-1,-1,-0.01,-1,-1,-0.01,-1,-1,-0.01,-1,-1,-0.01,-1,-1
99926009,2026-05-18 15:18:21+05:30,53465.95,0,0.0,0,0.0,0.0,53282.15,53667.55,52783.45,53710.35,0,0.0,0.0,0.0,0.0,-0.01,-1,-1,-0.01,-1,-1,-0.01,-1,-1,-0.01,-1,-1,-0.01,-1,-1,-0.01,-1,-1,-0.01,-1,-1,-0.01,-1,-1,-0.01,-1,-1,-0.01,-1,-1
99926009,2026-05-18 15:18:21+05:30,53462.65,0,0.0,0,0.0,0.0,53282.15,53667.55,52783.45,53710.35,0,0.0,0.0,0.0,0.0,-0.01,-1,-1,-0.01,-1,-1,-0.01,-1,-1,-0.01,-1,-1,-0.01,-1,-1,-0.01,-1,-1,-0.01,-1,-1,-0.01,-1,-1,-0.01,-1,-1,-0.01,-1,-1
99926009,2026-05-18 15:18:21+05:30,53458.6,0,0.0,0,0.0,0.0,53282.15,53667.55,52783.45,53710.35,0,0.0,0.0,0.0,0.0,-0.01,-1,-1,-0.01,-1,-1,-0.01,-1,-1,-0.01,-1,-1,-0.01,-1,-1,-0.01,-1,-1,-0.01,-1,-1,-0.01,-1,-1,-0.01,-1,-1,-0.01,-1,-1
99926009,2026-05-18 15:18:22+05:30,53458.6,0,0.0,0,0.0,0.0,53282.15,53667.55,52783.45,53710.35,0,0.0,0.0,0.0,0.0,-0.01,-1,-1,-0.01,-1,-1,-0.01,-1,-1,-0.01,-1,-1,-0.01,-1,-1,-0.01,-1,-1,-0.01,-1,-1,-0.01,-1,-1,-0.01,-1,-1,-0.01,-1,-1
99926009,2026-05-18 15:18:22+05:30,53461.95,0,0.0,0,0.0,0.0,53282.15,53667.55,52783.45,53710.35,0,0.0,0.0,0.0,0.0,-0.01,-1,-1,-0.01,-1,-1,-0.01,-1,-1,-0.01,-1,-1,-0.01,-1,-1,-0.01,-1,-1,-0.01,-1,-1,-0.01,-1,-1,-0.01,-1,-1,-0.01,-1,-1
99926009,2026-05-18 15:18:22+05:30,53458.3,0,0.0,0,0.0,0.0,53282.15,53667.55,52783.45,53710.35,0,0.0,0.0,0.0,0.0,-0.01,-1,-1,-0.01,-1,-1,-0.01,-1,-1,-0.01,-1,-1,-0.01,-1,-1,-0.01,-1,-1,-0.01,-1,-1,-0.01,-1,-1,-0.01,-1,-1,-0.01,-1,-1
99926009,2026-05-18 15:18:23+05:30,53458.3,0,0.0,0,0.0,0.0,53282.15,53667.55,52783.45,53710.35,0,0.0,0.0,0.0,0.0,-0.01,-1,-1,-0.01,-1,-1,-0.01,-1,-1,-0.01,-1,-1,-0.01,-1,-1,-0.01,-1,-1,-0.01,-1,-1,-0.01,-1,-1,-0.01,-1,-1,-0.01,-1,-1
99926009,2026-05-18 15:18:23+05:30,53460.55,0,0.0,0,0.0,0.0,53282.15,53667.55,52783.45,53710.35,0,0.0,0.0,0.0,0.0,-0.01,-1,-1,-0.01,-1,-1,-0.01,-1,-1,-0.01,-1,-1,-0.01,-1,-1,-0.01,-1,-1,-0.01,-1,-1,-0.01,-1,-1,-0.01,-1,-1,-0.01,-1,-1
99926009,2026-05-18 15:18:23+05:30,53462.55,0,0.0,0,0.0,0.0,53282.15,53667.55,52783.45,53710.35,0,0.0,0.0,0.0,0.0,-0.01,-1,-1,-0.01,-1,-1,-0.01,-1,-1,-0.01,-1,-1,-0.01,-1,-1,-0.01,-1,-1,-0.01,-1,-1,-0.01,-1,-1,-0.01,-1,-1,-0.01,-1,-1
99926009,2026-05-18 15:18:24+05:30,53462.55,0,0.0,0,0.0,0.0,53282.15,53667.55,52783.45,53710.35,0,0.0,0.0,0.0,0.0,-0.01,-1,-1,-0.01,-1,-1,-0.01,-1,-1,-0.01,-1,-1,-0.01,-1,-1,-0.01,-1,-1,-0.01,-1,-1,-0.01,-1,-1,-0.01,-1,-1,-0.01,-1,-1
99926009,2026-05-18 15:18:24+05:30,53461.95,0,0.0,0,0.0,0.0,53282.15,53667.55,52783.45,53710.35,0,0.0,0.0,0.0,0.0,-0.01,-1,-1,-0.01,-1,-1,-0.01,-1,-1,-0.01,-1,-1,-0.01,-1,-1,-0.01,-1,-1,-0.01,-1,-1,-0.01,-1,-1,-0.01,-1,-1,-0.01,-1,-1
99926009,2026-05-18 15:18:24+05:30,53462.2,0,0.0,0,0.0,0.0,53282.15,53667.55,52783.45,53710.35,0,0.0,0.0,0.0,0.0,-0.01,-1,-1,-0.01,-1,-1,-0.01,-1,-1,-0.01,-1,-1,-0.01,-1,-1,-0.01,-1,-1,-0.01,-1,-1,-0.01,-1,-1,-0.01,-1,-1,-0.01,-1,-1
99926009,2026-05-18 15:18:25+05:30,53462.2,0,0.0,0,0.0,0.0,53282.15,53667.55,52783.45,53710.35,0,0.0,0.0,0.0,0.0,-0.01,-1,-1,-0.01,-1,-1,-0.01,-1,-1,-0.01,-1,-1,-0.01,-1,-1,-0.01,-1,-1,-0.01,-1,-1,-0.01,-1,-1,-0.01,-1,-1,-0.01,-1,-1
99926009,2026-05-18 15:18:25+05:30,53459.95,0,0.0,0,0.0,0.0,53282.15,53667.55,52783.45,53710.35,0,0.0,0.0,0.0,0.0,-0.01,-1,-1,-0.01,-1,-1,-0.01,-1,-1,-0.01,-1,-1,-0.01,-1,-1,-0.01,-1,-1,-0.01,-1,-1,-0.01,-1,-1,-0.01,-1,-1,-0.01,-1,-1
99926009,2026-05-18 15:18:25+05:30,53463.35,0,0.0,0,0.0,0.0,53282.15,53667.55,52783.45,53710.35,0,0.0,0.0,0.0,0.0,-0.01,-1,-1,-0.01,-1,-1,-0.01,-1,-1,-0.01,-1,-1,-0.01,-1,-1,-0.01,-1,-1,-0.01,-1,-1,-0.01,-1,-1,-0.01,-1,-1,-0.01,-1,-1
99926009,2026-05-18 15:18:26+05:30,53463.35,0,0.0,0,0.0,0.0,53282.15,53667.55,52783.45,53710.35,0,0.0,0.0,0.0,0.0,-0.01,-1,-1,-0.01,-1,-1,-0.01,-1,-1,-0.01,-1,-1,-0.01,-1,-1,-0.01,-1,-1,-0.01,-1,-1,-0.01,-1,-1,-0.01,-1,-1,-0.01,-1,-1
99926009,2026-05-18 15:18:26+05:30,53459.3,0,0.0,0,0.0,0.0,53282.15,53667.55,52783.45,53710.35,0,0.0,0.0,0.0,0.0,-0.01,-1,-1,-0.01,-1,-1,-0.01,-1,-1,-0.01,-1,-1,-0.01,-1,-1,-0.01,-1,-1,-0.01,-1,-1,-0.01,-1,-1,-0.01,-1,-1,-0.01,-1,-1
99926009,2026-05-18 15:18:26+05:30,53463.3,0,0.0,0,0.0,0.0,53282.15,53667.55,52783.45,53710.35,0,0.0,0.0,0.0,0.0,-0.01,-1,-1,-0.01,-1,-1,-0.01,-1,-1,-0.01,-1,-1,-0.01,-1,-1,-0.01,-1,-1,-0.01,-1,-1,-0.01,-1,-1,-0.01,-1,-1,-0.01,-1,-1
99926009,2026-05-18 15:18:27+05:30,53463.3,0,0.0,0,0.0,0.0,53282.15,53667.55,52783.45,53710.35,0,0.0,0.0,0.0,0.0,-0.01,-1,-1,-0.01,-1,-1,-0.01,-1,-1,-0.01,-1,-1,-0.01,-1,-1,-0.01,-1,-1,-0.01,-1,-1,-0.01,-1,-1,-0.01,-1,-1,-0.01,-1,-1
99926009,2026-05-18 15:18:27+05:30,53463.1,0,0.0,0,0.0,0.0,53282.15,53667.55,52783.45,53710.35,0,0.0,0.0,0.0,0.0,-0.01,-1,-1,-0.01,-1,-1,-0.01,-1,-1,-0.01,-1,-1,-0.01,-1,-1,-0.01,-1,-1,-0.01,-1,-1,-0.01,-1,-1,-0.01,-1,-1,-0.01,-1,-1
99926009,2026-05-18 15:18:27+05:30,53462.1,0,0.0,0,0.0,0.0,53282.15,53667.55,52783.45,53710.35,0,0.0,0.0,0.0,0.0,-0.01,-1,-1,-0.01,-1,-1,-0.01,-1,-1,-0.01,-1,-1,-0.01,-1,-1,-0.01,-1,-1,-0.01,-1,-1,-0.01,-1,-1,-0.01,-1,-1,-0.01,-1,-1
99926009,2026-05-18 15:18:28+05:30,53462.1,0,0.0,0,0.0,0.0,53282.15,53667.55,52783.45,53710.35,0,0.0,0.0,0.0,0.0,-0.01,-1,-1,-0.01,-1,-1,-0.01,-1,-1,-0.01,-1,-1,-0.01,-1,-1,-0.01,-1,-1,-0.01,-1,-1,-0.01,-1,-1,-0.01,-1,-1,-0.01,-1,-1
99926009,2026-05-18 15:18:28+05:30,53458.9,0,0.0,0,0.0,0.0,53282.15,53667.55,52783.45,53710.35,0,0.0,0.0,0.0,0.0,-0.01,-1,-1,-0.01,-1,-1,-0.01,-1,-1,-0.01,-1,-1,-0.01,-1,-1,-0.01,-1,-1,-0.01,-1,-1,-0.01,-1,-1,-0.01,-1,-1,-0.01,-1,-1
99926009,2026-05-18 15:18:28+05:30,53459.0,0,0.0,0,0.0,0.0,53282.15,53667.55,52783.45,53710.35,0,0.0,0.0,0.0,0.0,-0.01,-1,-1,-0.01,-1,-1,-0.01,-1,-1,-0.01,-1,-1,-0.01,-1,-1,-0.01,-1,-1,-0.01,-1,-1,-0.01,-1,-1,-0.01,-1,-1,-0.01,-1,-1
99926009,2026-05-18 15:18:29+05:30,53459.0,0,0.0,0,0.0,0.0,53282.15,53667.55,52783.45,53710.35,0,0.0,0.0,0.0,0.0,-0.01,-1,-1,-0.01,-1,-1,-0.01,-1,-1,-0.01,-1,-1,-0.01,-1,-1,-0.01,-1,-1,-0.01,-1,-1,-0.01,-1,-1,-0.01,-1,-1,-0.01,-1,-1
99926009,2026-05-18 15:18:29+05:30,53460.2,0,0.0,0,0.0,0.0,53282.15,53667.55,52783.45,53710.35,0,0.0,0.0,0.0,0.0,-0.01,-1,-1,-0.01,-1,-1,-0.01,-1,-1,-0.01,-1,-1,-0.01,-1,-1,-0.01,-1,-1,-0.01,-1,-1,-0.01,-1,-1,-0.01,-1,-1,-0.01,-1,-1
99926009,2026-05-18 15:18:29+05:30,53458.75,0,0.0,0,0.0,0.0,53282.15,53667.55,52783.45,53710.35,0,0.0,0.0,0.0,0.0,-0.01,-1,-1,-0.01,-1,-1,-0.01,-1,-1,-0.01,-1,-1,-0.01,-1,-1,-0.01,-1,-1,-0.01,-1,-1,-0.01,-1,-1,-0.01,-1,-1,-0.01,-1,-1
99926009,2026-05-18 15:18:30+05:30,53458.75,0,0.0,0,0.0,0.0,53282.15,53667.55,52783.45,53710.35,0,0.0,0.0,0.0,0.0,-0.01,-1,-1,-0.01,-1,-1,-0.01,-1,-1,-0.01,-1,-1,-0.01,-1,-1,-0.01,-1,-1,-0.01,-1,-1,-0.01,-1,-1,-0.01,-1,-1,-0.01,-1,-1
99926009,2026-05-18 15:18:30+05:30,53461.25,0,0.0,0,0.0,0.0,53282.15,53667.55,52783.45,53710.35,0,0.0,0.0,0.0,0.0,-0.01,-1,-1,-0.01,-1,-1,-0.01,-1,-1,-0.01,-1,-1,-0.01,-1,-1,-0.01,-1,-1,-0.01,-1,-1,-0.01,-1,-1,-0.01,-1,-1,-0.01,-1,-1
99926009,2026-05-18 15:18:30+05:30,53464.05,0,0.0,0,0.0,0.0,53282.15,53667.55,52783.45,53710.35,0,0.0,0.0,0.0,0.0,-0.01,-1,-1,-0.01,-1,-1,-0.01,-1,-1,-0.01,-1,-1,-0.01,-1,-1,-0.01,-1,-1,-0.01,-1,-1,-0.01,-1,-1,-0.01,-1,-1,-0.01,-1,-1
99926009,2026-05-18 15:18:31+05:30,53464.05,0,0.0,0,0.0,0.0,53282.15,53667.55,52783.45,53710.35,0,0.0,0.0,0.0,0.0,-0.01,-1,-1,-0.01,-1,-1,-0.01,-1,-1,-0.01,-1,-1,-0.01,-1,-1,-0.01,-1,-1,-0.01,-1,-1,-0.01,-1,-1,-0.01,-1,-1,-0.01,-1,-1
99926009,2026-05-18 15:18:31+05:30,53463.45,0,0.0,0,0.0,0.0,53282.15,53667.55,52783.45,53710.35,0,0.0,0.0,0.0,0.0,-0.01,-1,-1,-0.01,-1,-1,-0.01,-1,-1,-0.01,-1,-1,-0.01,-1,-1,-0.01,-1,-1,-0.01,-1,-1,-0.01,-1,-1,-0.01,-1,-1,-0.01,-1,-1
99926009,2026-05-18 15:18:31+05:30,53461.8,0,0.0,0,0.0,0.0,53282.15,53667.55,52783.45,53710.35,0,0.0,0.0,0.0,0.0,-0.01,-1,-1,-0.01,-1,-1,-0.01,-1,-1,-0.01,-1,-1,-0.01,-1,-1,-0.01,-1,-1,-0.01,-1,-1,-0.01,-1,-1,-0.01,-1,-1,-0.01,-1,-1
99926009,2026-05-18 15:18:32+05:30,53461.8,0,0.0,0,0.0,0.0,53282.15,53667.55,52783.45,53710.35,0,0.0,0.0,0.0,0.0,-0.01,-1,-1,-0.01,-1,-1,-0.01,-1,-1,-0.01,-1,-1,-0.01,-1,-1,-0.01,-1,-1,-0.01,-1,-1,-0.01,-1,-1,-0.01,-1,-1,-0.01,-1,-1
99926009,2026-05-18 15:18:32+05:30,53457.7,0,0.0,0,0.0,0.0,53282.15,53667.55,52783.45,53710.35,0,0.0,0.0,0.0,0.0,-0.01,-1,-1,-0.01,-1,-1,-0.01,-1,-1,-0.01,-1,-1,-0.01,-1,-1,-0.01,-1,-1,-0.01,-1,-1,-0.01,-1,-1,-0.01,-1,-1,-0.01,-1,-1
99926009,2026-05-18 15:18:32+05:30,53461.8,0,0.0,0,0.0,0.0,53282.15,53667.55,52783.45,53710.35,0,0.0,0.0,0.0,0.0,-0.01,-1,-1,-0.01,-1,-1,-0.01,-1,-1,-0.01,-1,-1,-0.01,-1,-1,-0.01,-1,-1,-0.01,-1,-1,-0.01,-1,-1,-0.01,-1,-1,-0.01,-1,-1
99926009,2026-05-18 15:18:33+05:30,53461.8,0,0.0,0,0.0,0.0,53282.15,53667.55,52783.45,53710.35,0,0.0,0.0,0.0,0.0,-0.01,-1,-1,-0.01,-1,-1,-0.01,-1,-1,-0.01,-1,-1,-0.01,-1,-1,-0.01,-1,-1,-0.01,-1,-1,-0.01,-1,-1,-0.01,-1,-1,-0.01,-1,-1
99926009,2026-05-18 15:18:33+05:30,53464.0,0,0.0,0,0.0,0.0,53282.15,53667.55,52783.45,53710.35,0,0.0,0.0,0.0,0.0,-0.01,-1,-1,-0.01,-1,-1,-0.01,-1,-1,-0.01,-1,-1,-0.01,-1,-1,-0.01,-1,-1,-0.01,-1,-1,-0.01,-1,-1,-0.01,-1,-1,-0.01,-1,-1
99926009,2026-05-18 15:18:33+05:30,53466.7,0,0.0,0,0.0,0.0,53282.15,53667.55,52783.45,53710.35,0,0.0,0.0,0.0,0.0,-0.01,-1,-1,-0.01,-1,-1,-0.01,-1,-1,-0.01,-1,-1,-0.01,-1,-1,-0.01,-1,-1,-0.01,-1,-1,-0.01,-1,-1,-0.01,-1,-1,-0.01,-1,-1
99926009,2026-05-18 15:18:34+05:30,53466.7,0,0.0,0,0.0,0.0,53282.15,53667.55,52783.45,53710.35,0,0.0,0.0,0.0,0.0,-0.01,-1,-1,-0.01,-1,-1,-0.01,-1,-1,-0.01,-1,-1,-0.01,-1,-1,-0.01,-1,-1,-0.01,-1,-1,-0.01,-1,-1,-0.01,-1,-1,-0.01,-1,-1
99926009,2026-05-18 15:18:34+05:30,53466.45,0,0.0,0,0.0,0.0,53282.15,53667.55,52783.45,53710.35,0,0.0,0.0,0.0,0.0,-0.01,-1,-1,-0.01,-1,-1,-0.01,-1,-1,-0.01,-1,-1,-0.01,-1,-1,-0.01,-1,-1,-0.01,-1,-1,-0.01,-1,-1,-0.01,-1,-1,-0.01,-1,-1
99926009,2026-05-18 15:18:34+05:30,53464.55,0,0.0,0,0.0,0.0,53282.15,53667.55,52783.45,53710.35,0,0.0,0.0,0.0,0.0,-0.01,-1,-1,-0.01,-1,-1,-0.01,-1,-1,-0.01,-1,-1,-0.01,-1,-1,-0.01,-1,-1,-0.01,-1,-1,-0.01,-1,-1,-0.01,-1,-1,-0.01,-1,-1
99926009,2026-05-18 15:18:35+05:30,53464.55,0,0.0,0,0.0,0.0,53282.15,53667.55,52783.45,53710.35,0,0.0,0.0,0.0,0.0,-0.01,-1,-1,-0.01,-1,-1,-0.01,-1,-1,-0.01,-1,-1,-0.01,-1,-1,-0.01,-1,-1,-0.01,-1,-1,-0.01,-1,-1,-0.01,-1,-1,-0.01,-1,-1
99926009,2026-05-18 15:18:35+05:30,53466.4,0,0.0,0,0.0,0.0,53282.15,53667.55,52783.45,53710.35,0,0.0,0.0,0.0,0.0,-0.01,-1,-1,-0.01,-1,-1,-0.01,-1,-1,-0.01,-1,-1,-0.01,-1,-1,-0.01,-1,-1,-0.01,-1,-1,-0.01,-1,-1,-0.01,-1,-1,-0.01,-1,-1
99926009,2026-05-18 15:18:35+05:30,53467.05,0,0.0,0,0.0,0.0,53282.15,53667.55,52783.45,53710.35,0,0.0,0.0,0.0,0.0,-0.01,-1,-1,-0.01,-1,-1,-0.01,-1,-1,-0.01,-1,-1,-0.01,-1,-1,-0.01,-1,-1,-0.01,-1,-1,-0.01,-1,-1,-0.01,-1,-1,-0.01,-1,-1
99926009,2026-05-18 15:18:36+05:30,53467.05,0,0.0,0,0.0,0.0,53282.15,53667.55,52783.45,53710.35,0,0.0,0.0,0.0,0.0,-0.01,-1,-1,-0.01,-1,-1,-0.01,-1,-1,-0.01,-1,-1,-0.01,-1,-1,-0.01,-1,-1,-0.01,-1,-1,-0.01,-1,-1,-0.01,-1,-1,-0.01,-1,-1
99926009,2026-05-18 15:18:36+05:30,53464.0,0,0.0,0,0.0,0.0,53282.15,53667.55,52783.45,53710.35,0,0.0,0.0,0.0,0.0,-0.01,-1,-1,-0.01,-1,-1,-0.01,-1,-1,-0.01,-1,-1,-0.01,-1,-1,-0.01,-1,-1,-0.01,-1,-1,-0.01,-1,-1,-0.01,-1,-1,-0.01,-1,-1
99926009,2026-05-18 15:18:36+05:30,53459.8,0,0.0,0,0.0,0.0,53282.15,53667.55,52783.45,53710.35,0,0.0,0.0,0.0,0.0,-0.01,-1,-1,-0.01,-1,-1,-0.01,-1,-1,-0.01,-1,-1,-0.01,-1,-1,-0.01,-1,-1,-0.01,-1,-1,-0.01,-1,-1,-0.01,-1,-1,-0.01,-1,-1
99926009,2026-05-18 15:18:37+05:30,53459.8,0,0.0,0,0.0,0.0,53282.15,53667.55,52783.45,53710.35,0,0.0,0.0,0.0,0.0,-0.01,-1,-1,-0.01,-1,-1,-0.01,-1,-1,-0.01,-1,-1,-0.01,-1,-1,-0.01,-1,-1,-0.01,-1,-1,-0.01,-1,-1,-0.01,-1,-1,-0.01,-1,-1
99926009,2026-05-18 15:18:37+05:30,53463.15,0,0.0,0,0.0,0.0,53282.15,53667.55,52783.45,53710.35,0,0.0,0.0,0.0,0.0,-0.01,-1,-1,-0.01,-1,-1,-0.01,-1,-1,-0.01,-1,-1,-0.01,-1,-1,-0.01,-1,-1,-0.01,-1,-1,-0.01,-1,-1,-0.01,-1,-1,-0.01,-1,-1
99926009,2026-05-18 15:18:37+05:30,53463.55,0,0.0,0,0.0,0.0,53282.15,53667.55,52783.45,53710.35,0,0.0,0.0,0.0,0.0,-0.01,-1,-1,-0.01,-1,-1,-0.01,-1,-1,-0.01,-1,-1,-0.01,-1,-1,-0.01,-1,-1,-0.01,-1,-1,-0.01,-1,-1,-0.01,-1,-1,-0.01,-1,-1
99926009,2026-05-18 15:18:38+05:30,53463.55,0,0.0,0,0.0,0.0,53282.15,53667.55,52783.45,53710.35,0,0.0,0.0,0.0,0.0,-0.01,-1,-1,-0.01,-1,-1,-0.01,-1,-1,-0.01,-1,-1,-0.01,-1,-1,-0.01,-1,-1,-0.01,-1,-1,-0.01,-1,-1,-0.01,-1,-1,-0.01,-1,-1
99926009,2026-05-18 15:18:38+05:30,53462.0,0,0.0,0,0.0,0.0,53282.15,53667.55,52783.45,53710.35,0,0.0,0.0,0.0,0.0,-0.01,-1,-1,-0.01,-1,-1,-0.01,-1,-1,-0.01,-1,-1,-0.01,-1,-1,-0.01,-1,-1,-0.01,-1,-1,-0.01,-1,-1,-0.01,-1,-1,-0.01,-1,-1
99926009,2026-05-18 15:18:38+05:30,53461.7,0,0.0,0,0.0,0.0,53282.15,53667.55,52783.45,53710.35,0,0.0,0.0,0.0,0.0,-0.01,-1,-1,-0.01,-1,-1,-0.01,-1,-1,-0.01,-1,-1,-0.01,-1,-1,-0.01,-1,-1,-0.01,-1,-1,-0.01,-1,-1,-0.01,-1,-1,-0.01,-1,-1
99926009,2026-05-18 15:18:39+05:30,53461.7,0,0.0,0,0.0,0.0,53282.15,53667.55,52783.45,53710.35,0,0.0,0.0,0.0,0.0,-0.01,-1,-1,-0.01,-1,-1,-0.01,-1,-1,-0.01,-1,-1,-0.01,-1,-1,-0.01,-1,-1,-0.01,-1,-1,-0.01,-1,-1,-0.01,-1,-1,-0.01,-1,-1
99926009,2026-05-18 15:18:39+05:30,53463.9,0,0.0,0,0.0,0.0,53282.15,53667.55,52783.45,53710.35,0,0.0,0.0,0.0,0.0,-0.01,-1,-1,-0.01,-1,-1,-0.01,-1,-1,-0.01,-1,-1,-0.01,-1,-1,-0.01,-1,-1,-0.01,-1,-1,-0.01,-1,-1,-0.01,-1,-1,-0.01,-1,-1
99926009,2026-05-18 15:18:39+05:30,53463.3,0,0.0,0,0.0,0.0,53282.15,53667.55,52783.45,53710.35,0,0.0,0.0,0.0,0.0,-0.01,-1,-1,-0.01,-1,-1,-0.01,-1,-1,-0.01,-1,-1,-0.01,-1,-1,-0.01,-1,-1,-0.01,-1,-1,-0.01,-1,-1,-0.01,-1,-1,-0.01,-1,-1
99926009,2026-05-18 15:18:40+05:30,53463.3,0,0.0,0,0.0,0.0,53282.15,53667.55,52783.45,53710.35,0,0.0,0.0,0.0,0.0,-0.01,-1,-1,-0.01,-1,-1,-0.01,-1,-1,-0.01,-1,-1,-0.01,-1,-1,-0.01,-1,-1,-0.01,-1,-1,-0.01,-1,-1,-0.01,-1,-1,-0.01,-1,-1
99926009,2026-05-18 15:18:40+05:30,53464.55,0,0.0,0,0.0,0.0,53282.15,53667.55,52783.45,53710.35,0,0.0,0.0,0.0,0.0,-0.01,-1,-1,-0.01,-1,-1,-0.01,-1,-1,-0.01,-1,-1,-0.01,-1,-1,-0.01,-1,-1,-0.01,-1,-1,-0.01,-1,-1,-0.01,-1,-1,-0.01,-1,-1
99926009,2026-05-18 15:18:40+05:30,53467.2,0,0.0,0,0.0,0.0,53282.15,53667.55,52783.45,53710.35,0,0.0,0.0,0.0,0.0,-0.01,-1,-1,-0.01,-1,-1,-0.01,-1,-1,-0.01,-1,-1,-0.01,-1,-1,-0.01,-1,-1,-0.01,-1,-1,-0.01,-1,-1,-0.01,-1,-1,-0.01,-1,-1
99926009,2026-05-18 15:18:41+05:30,53467.2,0,0.0,0,0.0,0.0,53282.15,53667.55,52783.45,53710.35,0,0.0,0.0,0.0,0.0,-0.01,-1,-1,-0.01,-1,-1,-0.01,-1,-1,-0.01,-1,-1,-0.01,-1,-1,-0.01,-1,-1,-0.01,-1,-1,-0.01,-1,-1,-0.01,-1,-1,-0.01,-1,-1
99926009,2026-05-18 15:18:41+05:30,53464.6,0,0.0,0,0.0,0.0,53282.15,53667.55,52783.45,53710.35,0,0.0,0.0,0.0,0.0,-0.01,-1,-1,-0.01,-1,-1,-0.01,-1,-1,-0.01,-1,-1,-0.01,-1,-1,-0.01,-1,-1,-0.01,-1,-1,-0.01,-1,-1,-0.01,-1,-1,-0.01,-1,-1
99926009,2026-05-18 15:18:41+05:30,53462.2,0,0.0,0,0.0,0.0,53282.15,53667.55,52783.45,53710.35,0,0.0,0.0,0.0,0.0,-0.01,-1,-1,-0.01,-1,-1,-0.01,-1,-1,-0.01,-1,-1,-0.01,-1,-1,-0.01,-1,-1,-0.01,-1,-1,-0.01,-1,-1,-0.01,-1,-1,-0.01,-1,-1
99926009,2026-05-18 15:18:42+05:30,53462.2,0,0.0,0,0.0,0.0,53282.15,53667.55,52783.45,53710.35,0,0.0,0.0,0.0,0.0,-0.01,-1,-1,-0.01,-1,-1,-0.01,-1,-1,-0.01,-1,-1,-0.01,-1,-1,-0.01,-1,-1,-0.01,-1,-1,-0.01,-1,-1,-0.01,-1,-1,-0.01,-1,-1
99926009,2026-05-18 15:18:42+05:30,53466.8,0,0.0,0,0.0,0.0,53282.15,53667.55,52783.45,53710.35,0,0.0,0.0,0.0,0.0,-0.01,-1,-1,-0.01,-1,-1,-0.01,-1,-1,-0.01,-1,-1,-0.01,-1,-1,-0.01,-1,-1,-0.01,-1,-1,-0.01,-1,-1,-0.01,-1,-1,-0.01,-1,-1
99926009,2026-05-18 15:18:42+05:30,53466.35,0,0.0,0,0.0,0.0,53282.15,53667.55,52783.45,53710.35,0,0.0,0.0,0.0,0.0,-0.01,-1,-1,-0.01,-1,-1,-0.01,-1,-1,-0.01,-1,-1,-0.01,-1,-1,-0.01,-1,-1,-0.01,-1,-1,-0.01,-1,-1,-0.01,-1,-1,-0.01,-1,-1
99926009,2026-05-18 15:18:43+05:30,53466.35,0,0.0,0,0.0,0.0,53282.15,53667.55,52783.45,53710.35,0,0.0,0.0,0.0,0.0,-0.01,-1,-1,-0.01,-1,-1,-0.01,-1,-1,-0.01,-1,-1,-0.01,-1,-1,-0.01,-1,-1,-0.01,-1,-1,-0.01,-1,-1,-0.01,-1,-1,-0.01,-1,-1
99926009,2026-05-18 15:18:43+05:30,53465.35,0,0.0,0,0.0,0.0,53282.15,53667.55,52783.45,53710.35,0,0.0,0.0,0.0,0.0,-0.01,-1,-1,-0.01,-1,-1,-0.01,-1,-1,-0.01,-1,-1,-0.01,-1,-1,-0.01,-1,-1,-0.01,-1,-1,-0.01,-1,-1,-0.01,-1,-1,-0.01,-1,-1
99926009,2026-05-18 15:18:43+05:30,53468.3,0,0.0,0,0.0,0.0,53282.15,53667.55,52783.45,53710.35,0,0.0,0.0,0.0,0.0,-0.01,-1,-1,-0.01,-1,-1,-0.01,-1,-1,-0.01,-1,-1,-0.01,-1,-1,-0.01,-1,-1,-0.01,-1,-1,-0.01,-1,-1,-0.01,-1,-1,-0.01,-1,-1
99926009,2026-05-18 15:18:44+05:30,53468.3,0,0.0,0,0.0,0.0,53282.15,53667.55,52783.45,53710.35,0,0.0,0.0,0.0,0.0,-0.01,-1,-1,-0.01,-1,-1,-0.01,-1,-1,-0.01,-1,-1,-0.01,-1,-1,-0.01,-1,-1,-0.01,-1,-1,-0.01,-1,-1,-0.01,-1,-1,-0.01,-1,-1
99926009,2026-05-18 15:18:44+05:30,53469.4,0,0.0,0,0.0,0.0,53282.15,53667.55,52783.45,53710.35,0,0.0,0.0,0.0,0.0,-0.01,-1,-1,-0.01,-1,-1,-0.01,-1,-1,-0.01,-1,-1,-0.01,-1,-1,-0.01,-1,-1,-0.01,-1,-1,-0.01,-1,-1,-0.01,-1,-1,-0.01,-1,-1
99926009,2026-05-18 15:18:44+05:30,53466.1,0,0.0,0,0.0,0.0,53282.15,53667.55,52783.45,53710.35,0,0.0,0.0,0.0,0.0,-0.01,-1,-1,-0.01,-1,-1,-0.01,-1,-1,-0.01,-1,-1,-0.01,-1,-1,-0.01,-1,-1,-0.01,-1,-1,-0.01,-1,-1,-0.01,-1,-1,-0.01,-1,-1
99926009,2026-05-18 15:18:45+05:30,53466.1,0,0.0,0,0.0,0.0,53282.15,53667.55,52783.45,53710.35,0,0.0,0.0,0.0,0.0,-0.01,-1,-1,-0.01,-1,-1,-0.01,-1,-1,-0.01,-1,-1,-0.01,-1,-1,-0.01,-1,-1,-0.01,-1,-1,-0.01,-1,-1,-0.01,-1,-1,-0.01,-1,-1
99926009,2026-05-18 15:18:45+05:30,53469.4,0,0.0,0,0.0,0.0,53282.15,53667.55,52783.45,53710.35,0,0.0,0.0,0.0,0.0,-0.01,-1,-1,-0.01,-1,-1,-0.01,-1,-1,-0.01,-1,-1,-0.01,-1,-1,-0.01,-1,-1,-0.01,-1,-1,-0.01,-1,-1,-0.01,-1,-1,-0.01,-1,-1
99926009,2026-05-18 15:18:45+05:30,53471.95,0,0.0,0,0.0,0.0,53282.15,53667.55,52783.45,53710.35,0,0.0,0.0,0.0,0.0,-0.01,-1,-1,-0.01,-1,-1,-0.01,-1,-1,-0.01,-1,-1,-0.01,-1,-1,-0.01,-1,-1,-0.01,-1,-1,-0.01,-1,-1,-0.01,-1,-1,-0.01,-1,-1
99926009,2026-05-18 15:18:46+05:30,53471.95,0,0.0,0,0.0,0.0,53282.15,53667.55,52783.45,53710.35,0,0.0,0.0,0.0,0.0,-0.01,-1,-1,-0.01,-1,-1,-0.01,-1,-1,-0.01,-1,-1,-0.01,-1,-1,-0.01,-1,-1,-0.01,-1,-1,-0.01,-1,-1,-0.01,-1,-1,-0.01,-1,-1
99926009,2026-05-18 15:18:46+05:30,53470.85,0,0.0,0,0.0,0.0,53282.15,53667.55,52783.45,53710.35,0,0.0,0.0,0.0,0.0,-0.01,-1,-1,-0.01,-1,-1,-0.01,-1,-1,-0.01,-1,-1,-0.01,-1,-1,-0.01,-1,-1,-0.01,-1,-1,-0.01,-1,-1,-0.01,-1,-1,-0.01,-1,-1
99926009,2026-05-18 15:18:46+05:30,53469.0,0,0.0,0,0.0,0.0,53282.15,53667.55,52783.45,53710.35,0,0.0,0.0,0.0,0.0,-0.01,-1,-1,-0.01,-1,-1,-0.01,-1,-1,-0.01,-1,-1,-0.01,-1,-1,-0.01,-1,-1,-0.01,-1,-1,-0.01,-1,-1,-0.01,-1,-1,-0.01,-1,-1
99926009,2026-05-18 15:18:47+05:30,53469.0,0,0.0,0,0.0,0.0,53282.15,53667.55,52783.45,53710.35,0,0.0,0.0,0.0,0.0,-0.01,-1,-1,-0.01,-1,-1,-0.01,-1,-1,-0.01,-1,-1,-0.01,-1,-1,-0.01,-1,-1,-0.01,-1,-1,-0.01,-1,-1,-0.01,-1,-1,-0.01,-1,-1
99926009,2026-05-18 15:18:47+05:30,53470.95,0,0.0,0,0.0,0.0,53282.15,53667.55,52783.45,53710.35,0,0.0,0.0,0.0,0.0,-0.01,-1,-1,-0.01,-1,-1,-0.01,-1,-1,-0.01,-1,-1,-0.01,-1,-1,-0.01,-1,-1,-0.01,-1,-1,-0.01,-1,-1,-0.01,-1,-1,-0.01,-1,-1
99926009,2026-05-18 15:18:47+05:30,53468.1,0,0.0,0,0.0,0.0,53282.15,53667.55,52783.45,53710.35,0,0.0,0.0,0.0,0.0,-0.01,-1,-1,-0.01,-1,-1,-0.01,-1,-1,-0.01,-1,-1,-0.01,-1,-1,-0.01,-1,-1,-0.01,-1,-1,-0.01,-1,-1,-0.01,-1,-1,-0.01,-1,-1
99926009,2026-05-18 15:18:48+05:30,53468.1,0,0.0,0,0.0,0.0,53282.15,53667.55,52783.45,53710.35,0,0.0,0.0,0.0,0.0,-0.01,-1,-1,-0.01,-1,-1,-0.01,-1,-1,-0.01,-1,-1,-0.01,-1,-1,-0.01,-1,-1,-0.01,-1,-1,-0.01,-1,-1,-0.01,-1,-1,-0.01,-1,-1
99926009,2026-05-18 15:18:48+05:30,53468.85,0,0.0,0,0.0,0.0,53282.15,53667.55,52783.45,53710.35,0,0.0,0.0,0.0,0.0,-0.01,-1,-1,-0.01,-1,-1,-0.01,-1,-1,-0.01,-1,-1,-0.01,-1,-1,-0.01,-1,-1,-0.01,-1,-1,-0.01,-1,-1,-0.01,-1,-1,-0.01,-1,-1
99926009,2026-05-18 15:18:48+05:30,53470.35,0,0.0,0,0.0,0.0,53282.15,53667.55,52783.45,53710.35,0,0.0,0.0,0.0,0.0,-0.01,-1,-1,-0.01,-1,-1,-0.01,-1,-1,-0.01,-1,-1,-0.01,-1,-1,-0.01,-1,-1,-0.01,-1,-1,-0.01,-1,-1,-0.01,-1,-1,-0.01,-1,-1
99926009,2026-05-18 15:18:49+05:30,53470.35,0,0.0,0,0.0,0.0,53282.15,53667.55,52783.45,53710.35,0,0.0,0.0,0.0,0.0,-0.01,-1,-1,-0.01,-1,-1,-0.01,-1,-1,-0.01,-1,-1,-0.01,-1,-1,-0.01,-1,-1,-0.01,-1,-1,-0.01,-1,-1,-0.01,-1,-1,-0.01,-1,-1
99926009,2026-05-18 15:18:49+05:30,53473.3,0,0.0,0,0.0,0.0,53282.15,53667.55,52783.45,53710.35,0,0.0,0.0,0.0,0.0,-0.01,-1,-1,-0.01,-1,-1,-0.01,-1,-1,-0.01,-1,-1,-0.01,-1,-1,-0.01,-1,-1,-0.01,-1,-1,-0.01,-1,-1,-0.01,-1,-1,-0.01,-1,-1
99926009,2026-05-18 15:18:49+05:30,53470.45,0,0.0,0,0.0,0.0,53282.15,53667.55,52783.45,53710.35,0,0.0,0.0,0.0,0.0,-0.01,-1,-1,-0.01,-1,-1,-0.01,-1,-1,-0.01,-1,-1,-0.01,-1,-1,-0.01,-1,-1,-0.01,-1,-1,-0.01,-1,-1,-0.01,-1,-1,-0.01,-1,-1
99926009,2026-05-18 15:18:50+05:30,53470.45,0,0.0,0,0.0,0.0,53282.15,53667.55,52783.45,53710.35,0,0.0,0.0,0.0,0.0,-0.01,-1,-1,-0.01,-1,-1,-0.01,-1,-1,-0.01,-1,-1,-0.01,-1,-1,-0.01,-1,-1,-0.01,-1,-1,-0.01,-1,-1,-0.01,-1,-1,-0.01,-1,-1
99926009,2026-05-18 15:18:50+05:30,53471.1,0,0.0,0,0.0,0.0,53282.15,53667.55,52783.45,53710.35,0,0.0,0.0,0.0,0.0,-0.01,-1,-1,-0.01,-1,-1,-0.01,-1,-1,-0.01,-1,-1,-0.01,-1,-1,-0.01,-1,-1,-0.01,-1,-1,-0.01,-1,-1,-0.01,-1,-1,-0.01,-1,-1
99926009,2026-05-18 15:18:50+05:30,53472.1,0,0.0,0,0.0,0.0,53282.15,53667.55,52783.45,53710.35,0,0.0,0.0,0.0,0.0,-0.01,-1,-1,-0.01,-1,-1,-0.01,-1,-1,-0.01,-1,-1,-0.01,-1,-1,-0.01,-1,-1,-0.01,-1,-1,-0.01,-1,-1,-0.01,-1,-1,-0.01,-1,-1
99926009,2026-05-18 15:18:51+05:30,53472.1,0,0.0,0,0.0,0.0,53282.15,53667.55,52783.45,53710.35,0,0.0,0.0,0.0,0.0,-0.01,-1,-1,-0.01,-1,-1,-0.01,-1,-1,-0.01,-1,-1,-0.01,-1,-1,-0.01,-1,-1,-0.01,-1,-1,-0.01,-1,-1,-0.01,-1,-1,-0.01,-1,-1
99926009,2026-05-18 15:18:51+05:30,53473.2,0,0.0,0,0.0,0.0,53282.15,53667.55,52783.45,53710.35,0,0.0,0.0,0.0,0.0,-0.01,-1,-1,-0.01,-1,-1,-0.01,-1,-1,-0.01,-1,-1,-0.01,-1,-1,-0.01,-1,-1,-0.01,-1,-1,-0.01,-1,-1,-0.01,-1,-1,-0.01,-1,-1
99926009,2026-05-18 15:18:51+05:30,53470.5,0,0.0,0,0.0,0.0,53282.15,53667.55,52783.45,53710.35,0,0.0,0.0,0.0,0.0,-0.01,-1,-1,-0.01,-1,-1,-0.01,-1,-1,-0.01,-1,-1,-0.01,-1,-1,-0.01,-1,-1,-0.01,-1,-1,-0.01,-1,-1,-0.01,-1,-1,-0.01,-1,-1
99926009,2026-05-18 15:18:52+05:30,53470.5,0,0.0,0,0.0,0.0,53282.15,53667.55,52783.45,53710.35,0,0.0,0.0,0.0,0.0,-0.01,-1,-1,-0.01,-1,-1,-0.01,-1,-1,-0.01,-1,-1,-0.01,-1,-1,-0.01,-1,-1,-0.01,-1,-1,-0.01,-1,-1,-0.01,-1,-1,-0.01,-1,-1
99926009,2026-05-18 15:18:52+05:30,53472.85,0,0.0,0,0.0,0.0,53282.15,53667.55,52783.45,53710.35,0,0.0,0.0,0.0,0.0,-0.01,-1,-1,-0.01,-1,-1,-0.01,-1,-1,-0.01,-1,-1,-0.01,-1,-1,-0.01,-1,-1,-0.01,-1,-1,-0.01,-1,-1,-0.01,-1,-1,-0.01,-1,-1
99926009,2026-05-18 15:18:52+05:30,53468.85,0,0.0,0,0.0,0.0,53282.15,53667.55,52783.45,53710.35,0,0.0,0.0,0.0,0.0,-0.01,-1,-1,-0.01,-1,-1,-0.01,-1,-1,-0.01,-1,-1,-0.01,-1,-1,-0.01,-1,-1,-0.01,-1,-1,-0.01,-1,-1,-0.01,-1,-1,-0.01,-1,-1
99926009,2026-05-18 15:18:53+05:30,53468.85,0,0.0,0,0.0,0.0,53282.15,53667.55,52783.45,53710.35,0,0.0,0.0,0.0,0.0,-0.01,-1,-1,-0.01,-1,-1,-0.01,-1,-1,-0.01,-1,-1,-0.01,-1,-1,-0.01,-1,-1,-0.01,-1,-1,-0.01,-1,-1,-0.01,-1,-1,-0.01,-1,-1
99926009,2026-05-18 15:18:53+05:30,53474.95,0,0.0,0,0.0,0.0,53282.15,53667.55,52783.45,53710.35,0,0.0,0.0,0.0,0.0,-0.01,-1,-1,-0.01,-1,-1,-0.01,-1,-1,-0.01,-1,-1,-0.01,-1,-1,-0.01,-1,-1,-0.01,-1,-1,-0.01,-1,-1,-0.01,-1,-1,-0.01,-1,-1
99926009,2026-05-18 15:18:53+05:30,53476.2,0,0.0,0,0.0,0.0,53282.15,53667.55,52783.45,53710.35,0,0.0,0.0,0.0,0.0,-0.01,-1,-1,-0.01,-1,-1,-0.01,-1,-1,-0.01,-1,-1,-0.01,-1,-1,-0.01,-1,-1,-0.01,-1,-1,-0.01,-1,-1,-0.01,-1,-1,-0.01,-1,-1
99926009,2026-05-18 15:18:54+05:30,53476.2,0,0.0,0,0.0,0.0,53282.15,53667.55,52783.45,53710.35,0,0.0,0.0,0.0,0.0,-0.01,-1,-1,-0.01,-1,-1,-0.01,-1,-1,-0.01,-1,-1,-0.01,-1,-1,-0.01,-1,-1,-0.01,-1,-1,-0.01,-1,-1,-0.01,-1,-1,-0.01,-1,-1
99926009,2026-05-18 15:18:54+05:30,53477.3,0,0.0,0,0.0,0.0,53282.15,53667.55,52783.45,53710.35,0,0.0,0.0,0.0,0.0,-0.01,-1,-1,-0.01,-1,-1,-0.01,-1,-1,-0.01,-1,-1,-0.01,-1,-1,-0.01,-1,-1,-0.01,-1,-1,-0.01,-1,-1,-0.01,-1,-1,-0.01,-1,-1
99926009,2026-05-18 15:18:54+05:30,53468.5,0,0.0,0,0.0,0.0,53282.15,53667.55,52783.45,53710.35,0,0.0,0.0,0.0,0.0,-0.01,-1,-1,-0.01,-1,-1,-0.01,-1,-1,-0.01,-1,-1,-0.01,-1,-1,-0.01,-1,-1,-0.01,-1,-1,-0.01,-1,-1,-0.01,-1,-1,-0.01,-1,-1
99926009,2026-05-18 15:18:55+05:30,53468.5,0,0.0,0,0.0,0.0,53282.15,53667.55,52783.45,53710.35,0,0.0,0.0,0.0,0.0,-0.01,-1,-1,-0.01,-1,-1,-0.01,-1,-1,-0.01,-1,-1,-0.01,-1,-1,-0.01,-1,-1,-0.01,-1,-1,-0.01,-1,-1,-0.01,-1,-1,-0.01,-1,-1
99926009,2026-05-18 15:18:55+05:30,53470.15,0,0.0,0,0.0,0.0,53282.15,53667.55,52783.45,53710.35,0,0.0,0.0,0.0,0.0,-0.01,-1,-1,-0.01,-1,-1,-0.01,-1,-1,-0.01,-1,-1,-0.01,-1,-1,-0.01,-1,-1,-0.01,-1,-1,-0.01,-1,-1,-0.01,-1,-1,-0.01,-1,-1
99926009,2026-05-18 15:18:55+05:30,53471.8,0,0.0,0,0.0,0.0,53282.15,53667.55,52783.45,53710.35,0,0.0,0.0,0.0,0.0,-0.01,-1,-1,-0.01,-1,-1,-0.01,-1,-1,-0.01,-1,-1,-0.01,-1,-1,-0.01,-1,-1,-0.01,-1,-1,-0.01,-1,-1,-0.01,-1,-1,-0.01,-1,-1
99926009,2026-05-18 15:18:56+05:30,53471.8,0,0.0,0,0.0,0.0,53282.15,53667.55,52783.45,53710.35,0,0.0,0.0,0.0,0.0,-0.01,-1,-1,-0.01,-1,-1,-0.01,-1,-1,-0.01,-1,-1,-0.01,-1,-1,-0.01,-1,-1,-0.01,-1,-1,-0.01,-1,-1,-0.01,-1,-1,-0.01,-1,-1
99926009,2026-05-18 15:18:56+05:30,53469.8,0,0.0,0,0.0,0.0,53282.15,53667.55,52783.45,53710.35,0,0.0,0.0,0.0,0.0,-0.01,-1,-1,-0.01,-1,-1,-0.01,-1,-1,-0.01,-1,-1,-0.01,-1,-1,-0.01,-1,-1,-0.01,-1,-1,-0.01,-1,-1,-0.01,-1,-1,-0.01,-1,-1
99926009,2026-05-18 15:18:56+05:30,53471.9,0,0.0,0,0.0,0.0,53282.15,53667.55,52783.45,53710.35,0,0.0,0.0,0.0,0.0,-0.01,-1,-1,-0.01,-1,-1,-0.01,-1,-1,-0.01,-1,-1,-0.01,-1,-1,-0.01,-1,-1,-0.01,-1,-1,-0.01,-1,-1,-0.01,-1,-1,-0.01,-1,-1
99926009,2026-05-18 15:18:57+05:30,53471.9,0,0.0,0,0.0,0.0,53282.15,53667.55,52783.45,53710.35,0,0.0,0.0,0.0,0.0,-0.01,-1,-1,-0.01,-1,-1,-0.01,-1,-1,-0.01,-1,-1,-0.01,-1,-1,-0.01,-1,-1,-0.01,-1,-1,-0.01,-1,-1,-0.01,-1,-1,-0.01,-1,-1
99926009,2026-05-18 15:18:57+05:30,53474.65,0,0.0,0,0.0,0.0,53282.15,53667.55,52783.45,53710.35,0,0.0,0.0,0.0,0.0,-0.01,-1,-1,-0.01,-1,-1,-0.01,-1,-1,-0.01,-1,-1,-0.01,-1,-1,-0.01,-1,-1,-0.01,-1,-1,-0.01,-1,-1,-0.01,-1,-1,-0.01,-1,-1
99926009,2026-05-18 15:18:57+05:30,53471.25,0,0.0,0,0.0,0.0,53282.15,53667.55,52783.45,53710.35,0,0.0,0.0,0.0,0.0,-0.01,-1,-1,-0.01,-1,-1,-0.01,-1,-1,-0.01,-1,-1,-0.01,-1,-1,-0.01,-1,-1,-0.01,-1,-1,-0.01,-1,-1,-0.01,-1,-1,-0.01,-1,-1
99926009,2026-05-18 15:18:58+05:30,53471.25,0,0.0,0,0.0,0.0,53282.15,53667.55,52783.45,53710.35,0,0.0,0.0,0.0,0.0,-0.01,-1,-1,-0.01,-1,-1,-0.01,-1,-1,-0.01,-1,-1,-0.01,-1,-1,-0.01,-1,-1,-0.01,-1,-1,-0.01,-1,-1,-0.01,-1,-1,-0.01,-1,-1
99926009,2026-05-18 15:18:58+05:30,53471.95,0,0.0,0,0.0,0.0,53282.15,53667.55,52783.45,53710.35,0,0.0,0.0,0.0,0.0,-0.01,-1,-1,-0.01,-1,-1,-0.01,-1,-1,-0.01,-1,-1,-0.01,-1,-1,-0.01,-1,-1,-0.01,-1,-1,-0.01,-1,-1,-0.01,-1,-1,-0.01,-1,-1
99926009,2026-05-18 15:18:58+05:30,53470.2,0,0.0,0,0.0,0.0,53282.15,53667.55,52783.45,53710.35,0,0.0,0.0,0.0,0.0,-0.01,-1,-1,-0.01,-1,-1,-0.01,-1,-1,-0.01,-1,-1,-0.01,-1,-1,-0.01,-1,-1,-0.01,-1,-1,-0.01,-1,-1,-0.01,-1,-1,-0.01,-1,-1
99926009,2026-05-18 15:18:59+05:30,53470.2,0,0.0,0,0.0,0.0,53282.15,53667.55,52783.45,53710.35,0,0.0,0.0,0.0,0.0,-0.01,-1,-1,-0.01,-1,-1,-0.01,-1,-1,-0.01,-1,-1,-0.01,-1,-1,-0.01,-1,-1,-0.01,-1,-1,-0.01,-1,-1,-0.01,-1,-1,-0.01,-1,-1
99926009,2026-05-18 15:18:59+05:30,53470.8,0,0.0,0,0.0,0.0,53282.15,53667.55,52783.45,53710.35,0,0.0,0.0,0.0,0.0,-0.01,-1,-1,-0.01,-1,-1,-0.01,-1,-1,-0.01,-1,-1,-0.01,-1,-1,-0.01,-1,-1,-0.01,-1,-1,-0.01,-1,-1,-0.01,-1,-1,-0.01,-1,-1
99926009,2026-05-18 15:18:59+05:30,53470.9,0,0.0,0,0.0,0.0,53282.15,53667.55,52783.45,53710.35,0,0.0,0.0,0.0,0.0,-0.01,-1,-1,-0.01,-1,-1,-0.01,-1,-1,-0.01,-1,-1,-0.01,-1,-1,-0.01,-1,-1,-0.01,-1,-1,-0.01,-1,-1,-0.01,-1,-1,-0.01,-1,-1
99926009,2026-05-18 15:19:00+05:30,53470.9,0,0.0,0,0.0,0.0,53282.15,53667.55,52783.45,53710.35,0,0.0,0.0,0.0,0.0,-0.01,-1,-1,-0.01,-1,-1,-0.01,-1,-1,-0.01,-1,-1,-0.01,-1,-1,-0.01,-1,-1,-0.01,-1,-1,-0.01,-1,-1,-0.01,-1,-1,-0.01,-1,-1
99926009,2026-05-18 15:19:00+05:30,53472.05,0,0.0,0,0.0,0.0,53282.15,53667.55,52783.45,53710.35,0,0.0,0.0,0.0,0.0,-0.01,-1,-1,-0.01,-1,-1,-0.01,-1,-1,-0.01,-1,-1,-0.01,-1,-1,-0.01,-1,-1,-0.01,-1,-1,-0.01,-1,-1,-0.01,-1,-1,-0.01,-1,-1
99926009,2026-05-18 15:19:00+05:30,53475.45,0,0.0,0,0.0,0.0,53282.15,53667.55,52783.45,53710.35,0,0.0,0.0,0.0,0.0,-0.01,-1,-1,-0.01,-1,-1,-0.01,-1,-1,-0.01,-1,-1,-0.01,-1,-1,-0.01,-1,-1,-0.01,-1,-1,-0.01,-1,-1,-0.01,-1,-1,-0.01,-1,-1
99926009,2026-05-18 15:19:01+05:30,53475.45,0,0.0,0,0.0,0.0,53282.15,53667.55,52783.45,53710.35,0,0.0,0.0,0.0,0.0,-0.01,-1,-1,-0.01,-1,-1,-0.01,-1,-1,-0.01,-1,-1,-0.01,-1,-1,-0.01,-1,-1,-0.01,-1,-1,-0.01,-1,-1,-0.01,-1,-1,-0.01,-1,-1
99926009,2026-05-18 15:19:01+05:30,53474.5,0,0.0,0,0.0,0.0,53282.15,53667.55,52783.45,53710.35,0,0.0,0.0,0.0,0.0,-0.01,-1,-1,-0.01,-1,-1,-0.01,-1,-1,-0.01,-1,-1,-0.01,-1,-1,-0.01,-1,-1,-0.01,-1,-1,-0.01,-1,-1,-0.01,-1,-1,-0.01,-1,-1
99926009,2026-05-18 15:19:01+05:30,53472.15,0,0.0,0,0.0,0.0,53282.15,53667.55,52783.45,53710.35,0,0.0,0.0,0.0,0.0,-0.01,-1,-1,-0.01,-1,-1,-0.01,-1,-1,-0.01,-1,-1,-0.01,-1,-1,-0.01,-1,-1,-0.01,-1,-1,-0.01,-1,-1,-0.01,-1,-1,-0.01,-1,-1
99926009,2026-05-18 15:19:02+05:30,53472.15,0,0.0,0,0.0,0.0,53282.15,53667.55,52783.45,53710.35,0,0.0,0.0,0.0,0.0,-0.01,-1,-1,-0.01,-1,-1,-0.01,-1,-1,-0.01,-1,-1,-0.01,-1,-1,-0.01,-1,-1,-0.01,-1,-1,-0.01,-1,-1,-0.01,-1,-1,-0.01,-1,-1
99926009,2026-05-18 15:19:02+05:30,53471.45,0,0.0,0,0.0,0.0,53282.15,53667.55,52783.45,53710.35,0,0.0,0.0,0.0,0.0,-0.01,-1,-1,-0.01,-1,-1,-0.01,-1,-1,-0.01,-1,-1,-0.01,-1,-1,-0.01,-1,-1,-0.01,-1,-1,-0.01,-1,-1,-0.01,-1,-1,-0.01,-1,-1
99926009,2026-05-18 15:19:02+05:30,53476.3,0,0.0,0,0.0,0.0,53282.15,53667.55,52783.45,53710.35,0,0.0,0.0,0.0,0.0,-0.01,-1,-1,-0.01,-1,-1,-0.01,-1,-1,-0.01,-1,-1,-0.01,-1,-1,-0.01,-1,-1,-0.01,-1,-1,-0.01,-1,-1,-0.01,-1,-1,-0.01,-1,-1
99926009,2026-05-18 15:19:03+05:30,53476.3,0,0.0,0,0.0,0.0,53282.15,53667.55,52783.45,53710.35,0,0.0,0.0,0.0,0.0,-0.01,-1,-1,-0.01,-1,-1,-0.01,-1,-1,-0.01,-1,-1,-0.01,-1,-1,-0.01,-1,-1,-0.01,-1,-1,-0.01,-1,-1,-0.01,-1,-1,-0.01,-1,-1
99926009,2026-05-18 15:19:03+05:30,53475.9,0,0.0,0,0.0,0.0,53282.15,53667.55,52783.45,53710.35,0,0.0,0.0,0.0,0.0,-0.01,-1,-1,-0.01,-1,-1,-0.01,-1,-1,-0.01,-1,-1,-0.01,-1,-1,-0.01,-1,-1,-0.01,-1,-1,-0.01,-1,-1,-0.01,-1,-1,-0.01,-1,-1
99926009,2026-05-18 15:19:03+05:30,53475.6,0,0.0,0,0.0,0.0,53282.15,53667.55,52783.45,53710.35,0,0.0,0.0,0.0,0.0,-0.01,-1,-1,-0.01,-1,-1,-0.01,-1,-1,-0.01,-1,-1,-0.01,-1,-1,-0.01,-1,-1,-0.01,-1,-1,-0.01,-1,-1,-0.01,-1,-1,-0.01,-1,-1
99926009,2026-05-18 15:19:04+05:30,53475.6,0,0.0,0,0.0,0.0,53282.15,53667.55,52783.45,53710.35,0,0.0,0.0,0.0,0.0,-0.01,-1,-1,-0.01,-1,-1,-0.01,-1,-1,-0.01,-1,-1,-0.01,-1,-1,-0.01,-1,-1,-0.01,-1,-1,-0.01,-1,-1,-0.01,-1,-1,-0.01,-1,-1
99926009,2026-05-18 15:19:04+05:30,53474.85,0,0.0,0,0.0,0.0,53282.15,53667.55,52783.45,53710.35,0,0.0,0.0,0.0,0.0,-0.01,-1,-1,-0.01,-1,-1,-0.01,-1,-1,-0.01,-1,-1,-0.01,-1,-1,-0.01,-1,-1,-0.01,-1,-1,-0.01,-1,-1,-0.01,-1,-1,-0.01,-1,-1
99926009,2026-05-18 15:19:04+05:30,53476.05,0,0.0,0,0.0,0.0,53282.15,53667.55,52783.45,53710.35,0,0.0,0.0,0.0,0.0,-0.01,-1,-1,-0.01,-1,-1,-0.01,-1,-1,-0.01,-1,-1,-0.01,-1,-1,-0.01,-1,-1,-0.01,-1,-1,-0.01,-1,-1,-0.01,-1,-1,-0.01,-1,-1
99926009,2026-05-18 15:19:05+05:30,53476.05,0,0.0,0,0.0,0.0,53282.15,53667.55,52783.45,53710.35,0,0.0,0.0,0.0,0.0,-0.01,-1,-1,-0.01,-1,-1,-0.01,-1,-1,-0.01,-1,-1,-0.01,-1,-1,-0.01,-1,-1,-0.01,-1,-1,-0.01,-1,-1,-0.01,-1,-1,-0.01,-1,-1
99926009,2026-05-18 15:19:05+05:30,53473.05,0,0.0,0,0.0,0.0,53282.15,53667.55,52783.45,53710.35,0,0.0,0.0,0.0,0.0,-0.01,-1,-1,-0.01,-1,-1,-0.01,-1,-1,-0.01,-1,-1,-0.01,-1,-1,-0.01,-1,-1,-0.01,-1,-1,-0.01,-1,-1,-0.01,-1,-1,-0.01,-1,-1
99926009,2026-05-18 15:19:05+05:30,53476.25,0,0.0,0,0.0,0.0,53282.15,53667.55,52783.45,53710.35,0,0.0,0.0,0.0,0.0,-0.01,-1,-1,-0.01,-1,-1,-0.01,-1,-1,-0.01,-1,-1,-0.01,-1,-1,-0.01,-1,-1,-0.01,-1,-1,-0.01,-1,-1,-0.01,-1,-1,-0.01,-1,-1
99926009,2026-05-18 15:19:06+05:30,53476.25,0,0.0,0,0.0,0.0,53282.15,53667.55,52783.45,53710.35,0,0.0,0.0,0.0,0.0,-0.01,-1,-1,-0.01,-1,-1,-0.01,-1,-1,-0.01,-1,-1,-0.01,-1,-1,-0.01,-1,-1,-0.01,-1,-1,-0.01,-1,-1,-0.01,-1,-1,-0.01,-1,-1
99926009,2026-05-18 15:19:06+05:30,53474.3,0,0.0,0,0.0,0.0,53282.15,53667.55,52783.45,53710.35,0,0.0,0.0,0.0,0.0,-0.01,-1,-1,-0.01,-1,-1,-0.01,-1,-1,-0.01,-1,-1,-0.01,-1,-1,-0.01,-1,-1,-0.01,-1,-1,-0.01,-1,-1,-0.01,-1,-1,-0.01,-1,-1
99926009,2026-05-18 15:19:06+05:30,53475.05,0,0.0,0,0.0,0.0,53282.15,53667.55,52783.45,53710.35,0,0.0,0.0,0.0,0.0,-0.01,-1,-1,-0.01,-1,-1,-0.01,-1,-1,-0.01,-1,-1,-0.01,-1,-1,-0.01,-1,-1,-0.01,-1,-1,-0.01,-1,-1,-0.01,-1,-1,-0.01,-1,-1
99926009,2026-05-18 15:19:07+05:30,53475.05,0,0.0,0,0.0,0.0,53282.15,53667.55,52783.45,53710.35,0,0.0,0.0,0.0,0.0,-0.01,-1,-1,-0.01,-1,-1,-0.01,-1,-1,-0.01,-1,-1,-0.01,-1,-1,-0.01,-1,-1,-0.01,-1,-1,-0.01,-1,-1,-0.01,-1,-1,-0.01,-1,-1
99926009,2026-05-18 15:19:07+05:30,53476.6,0,0.0,0,0.0,0.0,53282.15,53667.55,52783.45,53710.35,0,0.0,0.0,0.0,0.0,-0.01,-1,-1,-0.01,-1,-1,-0.01,-1,-1,-0.01,-1,-1,-0.01,-1,-1,-0.01,-1,-1,-0.01,-1,-1,-0.01,-1,-1,-0.01,-1,-1,-0.01,-1,-1
99926009,2026-05-18 15:19:07+05:30,53474.55,0,0.0,0,0.0,0.0,53282.15,53667.55,52783.45,53710.35,0,0.0,0.0,0.0,0.0,-0.01,-1,-1,-0.01,-1,-1,-0.01,-1,-1,-0.01,-1,-1,-0.01,-1,-1,-0.01,-1,-1,-0.01,-1,-1,-0.01,-1,-1,-0.01,-1,-1,-0.01,-1,-1
99926009,2026-05-18 15:19:08+05:30,53474.55,0,0.0,0,0.0,0.0,53282.15,53667.55,52783.45,53710.35,0,0.0,0.0,0.0,0.0,-0.01,-1,-1,-0.01,-1,-1,-0.01,-1,-1,-0.01,-1,-1,-0.01,-1,-1,-0.01,-1,-1,-0.01,-1,-1,-0.01,-1,-1,-0.01,-1,-1,-0.01,-1,-1
99926009,2026-05-18 15:19:08+05:30,53472.8,0,0.0,0,0.0,0.0,53282.15,53667.55,52783.45,53710.35,0,0.0,0.0,0.0,0.0,-0.01,-1,-1,-0.01,-1,-1,-0.01,-1,-1,-0.01,-1,-1,-0.01,-1,-1,-0.01,-1,-1,-0.01,-1,-1,-0.01,-1,-1,-0.01,-1,-1,-0.01,-1,-1
99926009,2026-05-18 15:19:08+05:30,53472.45,0,0.0,0,0.0,0.0,53282.15,53667.55,52783.45,53710.35,0,0.0,0.0,0.0,0.0,-0.01,-1,-1,-0.01,-1,-1,-0.01,-1,-1,-0.01,-1,-1,-0.01,-1,-1,-0.01,-1,-1,-0.01,-1,-1,-0.01,-1,-1,-0.01,-1,-1,-0.01,-1,-1
99926009,2026-05-18 15:19:09+05:30,53472.45,0,0.0,0,0.0,0.0,53282.15,53667.55,52783.45,53710.35,0,0.0,0.0,0.0,0.0,-0.01,-1,-1,-0.01,-1,-1,-0.01,-1,-1,-0.01,-1,-1,-0.01,-1,-1,-0.01,-1,-1,-0.01,-1,-1,-0.01,-1,-1,-0.01,-1,-1,-0.01,-1,-1
99926009,2026-05-18 15:19:09+05:30,53477.8,0,0.0,0,0.0,0.0,53282.15,53667.55,52783.45,53710.35,0,0.0,0.0,0.0,0.0,-0.01,-1,-1,-0.01,-1,-1,-0.01,-1,-1,-0.01,-1,-1,-0.01,-1,-1,-0.01,-1,-1,-0.01,-1,-1,-0.01,-1,-1,-0.01,-1,-1,-0.01,-1,-1
99926009,2026-05-18 15:19:09+05:30,53476.6,0,0.0,0,0.0,0.0,53282.15,53667.55,52783.45,53710.35,0,0.0,0.0,0.0,0.0,-0.01,-1,-1,-0.01,-1,-1,-0.01,-1,-1,-0.01,-1,-1,-0.01,-1,-1,-0.01,-1,-1,-0.01,-1,-1,-0.01,-1,-1,-0.01,-1,-1,-0.01,-1,-1
99926009,2026-05-18 15:19:10+05:30,53476.6,0,0.0,0,0.0,0.0,53282.15,53667.55,52783.45,53710.35,0,0.0,0.0,0.0,0.0,-0.01,-1,-1,-0.01,-1,-1,-0.01,-1,-1,-0.01,-1,-1,-0.01,-1,-1,-0.01,-1,-1,-0.01,-1,-1,-0.01,-1,-1,-0.01,-1,-1,-0.01,-1,-1
99926009,2026-05-18 15:19:10+05:30,53476.85,0,0.0,0,0.0,0.0,53282.15,53667.55,52783.45,53710.35,0,0.0,0.0,0.0,0.0,-0.01,-1,-1,-0.01,-1,-1,-0.01,-1,-1,-0.01,-1,-1,-0.01,-1,-1,-0.01,-1,-1,-0.01,-1,-1,-0.01,-1,-1,-0.01,-1,-1,-0.01,-1,-1
99926009,2026-05-18 15:19:10+05:30,53477.85,0,0.0,0,0.0,0.0,53282.15,53667.55,52783.45,53710.35,0,0.0,0.0,0.0,0.0,-0.01,-1,-1,-0.01,-1,-1,-0.01,-1,-1,-0.01,-1,-1,-0.01,-1,-1,-0.01,-1,-1,-0.01,-1,-1,-0.01,-1,-1,-0.01,-1,-1,-0.01,-1,-1
99926009,2026-05-18 15:19:11+05:30,53477.85,0,0.0,0,0.0,0.0,53282.15,53667.55,52783.45,53710.35,0,0.0,0.0,0.0,0.0,-0.01,-1,-1,-0.01,-1,-1,-0.01,-1,-1,-0.01,-1,-1,-0.01,-1,-1,-0.01,-1,-1,-0.01,-1,-1,-0.01,-1,-1,-0.01,-1,-1,-0.01,-1,-1
99926009,2026-05-18 15:19:11+05:30,53477.55,0,0.0,0,0.0,0.0,53282.15,53667.55,52783.45,53710.35,0,0.0,0.0,0.0,0.0,-0.01,-1,-1,-0.01,-1,-1,-0.01,-1,-1,-0.01,-1,-1,-0.01,-1,-1,-0.01,-1,-1,-0.01,-1,-1,-0.01,-1,-1,-0.01,-1,-1,-0.01,-1,-1
99926009,2026-05-18 15:19:11+05:30,53475.15,0,0.0,0,0.0,0.0,53282.15,53667.55,52783.45,53710.35,0,0.0,0.0,0.0,0.0,-0.01,-1,-1,-0.01,-1,-1,-0.01,-1,-1,-0.01,-1,-1,-0.01,-1,-1,-0.01,-1,-1,-0.01,-1,-1,-0.01,-1,-1,-0.01,-1,-1,-0.01,-1,-1
99926009,2026-05-18 15:19:12+05:30,53475.15,0,0.0,0,0.0,0.0,53282.15,53667.55,52783.45,53710.35,0,0.0,0.0,0.0,0.0,-0.01,-1,-1,-0.01,-1,-1,-0.01,-1,-1,-0.01,-1,-1,-0.01,-1,-1,-0.01,-1,-1,-0.01,-1,-1,-0.01,-1,-1,-0.01,-1,-1,-0.01,-1,-1
99926009,2026-05-18 15:19:12+05:30,53476.5,0,0.0,0,0.0,0.0,53282.15,53667.55,52783.45,53710.35,0,0.0,0.0,0.0,0.0,-0.01,-1,-1,-0.01,-1,-1,-0.01,-1,-1,-0.01,-1,-1,-0.01,-1,-1,-0.01,-1,-1,-0.01,-1,-1,-0.01,-1,-1,-0.01,-1,-1,-0.01,-1,-1
99926009,2026-05-18 15:19:12+05:30,53475.1,0,0.0,0,0.0,0.0,53282.15,53667.55,52783.45,53710.35,0,0.0,0.0,0.0,0.0,-0.01,-1,-1,-0.01,-1,-1,-0.01,-1,-1,-0.01,-1,-1,-0.01,-1,-1,-0.01,-1,-1,-0.01,-1,-1,-0.01,-1,-1,-0.01,-1,-1,-0.01,-1,-1
99926009,2026-05-18 15:19:13+05:30,53475.1,0,0.0,0,0.0,0.0,53282.15,53667.55,52783.45,53710.35,0,0.0,0.0,0.0,0.0,-0.01,-1,-1,-0.01,-1,-1,-0.01,-1,-1,-0.01,-1,-1,-0.01,-1,-1,-0.01,-1,-1,-0.01,-1,-1,-0.01,-1,-1,-0.01,-1,-1,-0.01,-1,-1
99926009,2026-05-18 15:19:13+05:30,53472.5,0,0.0,0,0.0,0.0,53282.15,53667.55,52783.45,53710.35,0,0.0,0.0,0.0,0.0,-0.01,-1,-1,-0.01,-1,-1,-0.01,-1,-1,-0.01,-1,-1,-0.01,-1,-1,-0.01,-1,-1,-0.01,-1,-1,-0.01,-1,-1,-0.01,-1,-1,-0.01,-1,-1
99926009,2026-05-18 15:19:13+05:30,53478.85,0,0.0,0,0.0,0.0,53282.15,53667.55,52783.45,53710.35,0,0.0,0.0,0.0,0.0,-0.01,-1,-1,-0.01,-1,-1,-0.01,-1,-1,-0.01,-1,-1,-0.01,-1,-1,-0.01,-1,-1,-0.01,-1,-1,-0.01,-1,-1,-0.01,-1,-1,-0.01,-1,-1
99926009,2026-05-18 15:19:14+05:30,53478.85,0,0.0,0,0.0,0.0,53282.15,53667.55,52783.45,53710.35,0,0.0,0.0,0.0,0.0,-0.01,-1,-1,-0.01,-1,-1,-0.01,-1,-1,-0.01,-1,-1,-0.01,-1,-1,-0.01,-1,-1,-0.01,-1,-1,-0.01,-1,-1,-0.01,-1,-1,-0.01,-1,-1
99926009,2026-05-18 15:19:14+05:30,53476.9,0,0.0,0,0.0,0.0,53282.15,53667.55,52783.45,53710.35,0,0.0,0.0,0.0,0.0,-0.01,-1,-1,-0.01,-1,-1,-0.01,-1,-1,-0.01,-1,-1,-0.01,-1,-1,-0.01,-1,-1,-0.01,-1,-1,-0.01,-1,-1,-0.01,-1,-1,-0.01,-1,-1
99926009,2026-05-18 15:19:14+05:30,53472.55,0,0.0,0,0.0,0.0,53282.15,53667.55,52783.45,53710.35,0,0.0,0.0,0.0,0.0,-0.01,-1,-1,-0.01,-1,-1,-0.01,-1,-1,-0.01,-1,-1,-0.01,-1,-1,-0.01,-1,-1,-0.01,-1,-1,-0.01,-1,-1,-0.01,-1,-1,-0.01,-1,-1
99926009,2026-05-18 15:19:15+05:30,53472.55,0,0.0,0,0.0,0.0,53282.15,53667.55,52783.45,53710.35,0,0.0,0.0,0.0,0.0,-0.01,-1,-1,-0.01,-1,-1,-0.01,-1,-1,-0.01,-1,-1,-0.01,-1,-1,-0.01,-1,-1,-0.01,-1,-1,-0.01,-1,-1,-0.01,-1,-1,-0.01,-1,-1
99926009,2026-05-18 15:19:15+05:30,53476.7,0,0.0,0,0.0,0.0,53282.15,53667.55,52783.45,53710.35,0,0.0,0.0,0.0,0.0,-0.01,-1,-1,-0.01,-1,-1,-0.01,-1,-1,-0.01,-1,-1,-0.01,-1,-1,-0.01,-1,-1,-0.01,-1,-1,-0.01,-1,-1,-0.01,-1,-1,-0.01,-1,-1
99926009,2026-05-18 15:19:15+05:30,53481.4,0,0.0,0,0.0,0.0,53282.15,53667.55,52783.45,53710.35,0,0.0,0.0,0.0,0.0,-0.01,-1,-1,-0.01,-1,-1,-0.01,-1,-1,-0.01,-1,-1,-0.01,-1,-1,-0.01,-1,-1,-0.01,-1,-1,-0.01,-1,-1,-0.01,-1,-1,-0.01,-1,-1
99926009,2026-05-18 15:19:16+05:30,53481.4,0,0.0,0,0.0,0.0,53282.15,53667.55,52783.45,53710.35,0,0.0,0.0,0.0,0.0,-0.01,-1,-1,-0.01,-1,-1,-0.01,-1,-1,-0.01,-1,-1,-0.01,-1,-1,-0.01,-1,-1,-0.01,-1,-1,-0.01,-1,-1,-0.01,-1,-1,-0.01,-1,-1
99926009,2026-05-18 15:19:16+05:30,53480.05,0,0.0,0,0.0,0.0,53282.15,53667.55,52783.45,53710.35,0,0.0,0.0,0.0,0.0,-0.01,-1,-1,-0.01,-1,-1,-0.01,-1,-1,-0.01,-1,-1,-0.01,-1,-1,-0.01,-1,-1,-0.01,-1,-1,-0.01,-1,-1,-0.01,-1,-1,-0.01,-1,-1
99926009,2026-05-18 15:19:16+05:30,53478.95,0,0.0,0,0.0,0.0,53282.15,53667.55,52783.45,53710.35,0,0.0,0.0,0.0,0.0,-0.01,-1,-1,-0.01,-1,-1,-0.01,-1,-1,-0.01,-1,-1,-0.01,-1,-1,-0.01,-1,-1,-0.01,-1,-1,-0.01,-1,-1,-0.01,-1,-1,-0.01,-1,-1
99926009,2026-05-18 15:19:17+05:30,53478.95,0,0.0,0,0.0,0.0,53282.15,53667.55,52783.45,53710.35,0,0.0,0.0,0.0,0.0,-0.01,-1,-1,-0.01,-1,-1,-0.01,-1,-1,-0.01,-1,-1,-0.01,-1,-1,-0.01,-1,-1,-0.01,-1,-1,-0.01,-1,-1,-0.01,-1,-1,-0.01,-1,-1
99926009,2026-05-18 15:19:17+05:30,53479.3,0,0.0,0,0.0,0.0,53282.15,53667.55,52783.45,53710.35,0,0.0,0.0,0.0,0.0,-0.01,-1,-1,-0.01,-1,-1,-0.01,-1,-1,-0.01,-1,-1,-0.01,-1,-1,-0.01,-1,-1,-0.01,-1,-1,-0.01,-1,-1,-0.01,-1,-1,-0.01,-1,-1
99926009,2026-05-18 15:19:17+05:30,53480.75,0,0.0,0,0.0,0.0,53282.15,53667.55,52783.45,53710.35,0,0.0,0.0,0.0,0.0,-0.01,-1,-1,-0.01,-1,-1,-0.01,-1,-1,-0.01,-1,-1,-0.01,-1,-1,-0.01,-1,-1,-0.01,-1,-1,-0.01,-1,-1,-0.01,-1,-1,-0.01,-1,-1
99926009,2026-05-18 15:19:18+05:30,53480.75,0,0.0,0,0.0,0.0,53282.15,53667.55,52783.45,53710.35,0,0.0,0.0,0.0,0.0,-0.01,-1,-1,-0.01,-1,-1,-0.01,-1,-1,-0.01,-1,-1,-0.01,-1,-1,-0.01,-1,-1,-0.01,-1,-1,-0.01,-1,-1,-0.01,-1,-1,-0.01,-1,-1
99926009,2026-05-18 15:19:18+05:30,53479.7,0,0.0,0,0.0,0.0,53282.15,53667.55,52783.45,53710.35,0,0.0,0.0,0.0,0.0,-0.01,-1,-1,-0.01,-1,-1,-0.01,-1,-1,-0.01,-1,-1,-0.01,-1,-1,-0.01,-1,-1,-0.01,-1,-1,-0.01,-1,-1,-0.01,-1,-1,-0.01,-1,-1
99926009,2026-05-18 15:19:18+05:30,53478.95,0,0.0,0,0.0,0.0,53282.15,53667.55,52783.45,53710.35,0,0.0,0.0,0.0,0.0,-0.01,-1,-1,-0.01,-1,-1,-0.01,-1,-1,-0.01,-1,-1,-0.01,-1,-1,-0.01,-1,-1,-0.01,-1,-1,-0.01,-1,-1,-0.01,-1,-1,-0.01,-1,-1
99926009,2026-05-18 15:19:19+05:30,53478.95,0,0.0,0,0.0,0.0,53282.15,53667.55,52783.45,53710.35,0,0.0,0.0,0.0,0.0,-0.01,-1,-1,-0.01,-1,-1,-0.01,-1,-1,-0.01,-1,-1,-0.01,-1,-1,-0.01,-1,-1,-0.01,-1,-1,-0.01,-1,-1,-0.01,-1,-1,-0.01,-1,-1
99926009,2026-05-18 15:19:19+05:30,53480.95,0,0.0,0,0.0,0.0,53282.15,53667.55,52783.45,53710.35,0,0.0,0.0,0.0,0.0,-0.01,-1,-1,-0.01,-1,-1,-0.01,-1,-1,-0.01,-1,-1,-0.01,-1,-1,-0.01,-1,-1,-0.01,-1,-1,-0.01,-1,-1,-0.01,-1,-1,-0.01,-1,-1
99926009,2026-05-18 15:19:19+05:30,53482.05,0,0.0,0,0.0,0.0,53282.15,53667.55,52783.45,53710.35,0,0.0,0.0,0.0,0.0,-0.01,-1,-1,-0.01,-1,-1,-0.01,-1,-1,-0.01,-1,-1,-0.01,-1,-1,-0.01,-1,-1,-0.01,-1,-1,-0.01,-1,-1,-0.01,-1,-1,-0.01,-1,-1
99926009,2026-05-18 15:19:20+05:30,53482.05,0,0.0,0,0.0,0.0,53282.15,53667.55,52783.45,53710.35,0,0.0,0.0,0.0,0.0,-0.01,-1,-1,-0.01,-1,-1,-0.01,-1,-1,-0.01,-1,-1,-0.01,-1,-1,-0.01,-1,-1,-0.01,-1,-1,-0.01,-1,-1,-0.01,-1,-1,-0.01,-1,-1
99926009,2026-05-18 15:19:20+05:30,53483.5,0,0.0,0,0.0,0.0,53282.15,53667.55,52783.45,53710.35,0,0.0,0.0,0.0,0.0,-0.01,-1,-1,-0.01,-1,-1,-0.01,-1,-1,-0.01,-1,-1,-0.01,-1,-1,-0.01,-1,-1,-0.01,-1,-1,-0.01,-1,-1,-0.01,-1,-1,-0.01,-1,-1
99926009,2026-05-18 15:19:20+05:30,53484.6,0,0.0,0,0.0,0.0,53282.15,53667.55,52783.45,53710.35,0,0.0,0.0,0.0,0.0,-0.01,-1,-1,-0.01,-1,-1,-0.01,-1,-1,-0.01,-1,-1,-0.01,-1,-1,-0.01,-1,-1,-0.01,-1,-1,-0.01,-1,-1,-0.01,-1,-1,-0.01,-1,-1
99926009,2026-05-18 15:19:21+05:30,53484.6,0,0.0,0,0.0,0.0,53282.15,53667.55,52783.45,53710.35,0,0.0,0.0,0.0,0.0,-0.01,-1,-1,-0.01,-1,-1,-0.01,-1,-1,-0.01,-1,-1,-0.01,-1,-1,-0.01,-1,-1,-0.01,-1,-1,-0.01,-1,-1,-0.01,-1,-1,-0.01,-1,-1
99926009,2026-05-18 15:19:21+05:30,53485.55,0,0.0,0,0.0,0.0,53282.15,53667.55,52783.45,53710.35,0,0.0,0.0,0.0,0.0,-0.01,-1,-1,-0.01,-1,-1,-0.01,-1,-1,-0.01,-1,-1,-0.01,-1,-1,-0.01,-1,-1,-0.01,-1,-1,-0.01,-1,-1,-0.01,-1,-1,-0.01,-1,-1
99926009,2026-05-18 15:19:21+05:30,53483.15,0,0.0,0,0.0,0.0,53282.15,53667.55,52783.45,53710.35,0,0.0,0.0,0.0,0.0,-0.01,-1,-1,-0.01,-1,-1,-0.01,-1,-1,-0.01,-1,-1,-0.01,-1,-1,-0.01,-1,-1,-0.01,-1,-1,-0.01,-1,-1,-0.01,-1,-1,-0.01,-1,-1
99926009,2026-05-18 15:19:22+05:30,53483.15,0,0.0,0,0.0,0.0,53282.15,53667.55,52783.45,53710.35,0,0.0,0.0,0.0,0.0,-0.01,-1,-1,-0.01,-1,-1,-0.01,-1,-1,-0.01,-1,-1,-0.01,-1,-1,-0.01,-1,-1,-0.01,-1,-1,-0.01,-1,-1,-0.01,-1,-1,-0.01,-1,-1
99926009,2026-05-18 15:19:22+05:30,53485.4,0,0.0,0,0.0,0.0,53282.15,53667.55,52783.45,53710.35,0,0.0,0.0,0.0,0.0,-0.01,-1,-1,-0.01,-1,-1,-0.01,-1,-1,-0.01,-1,-1,-0.01,-1,-1,-0.01,-1,-1,-0.01,-1,-1,-0.01,-1,-1,-0.01,-1,-1,-0.01,-1,-1
99926009,2026-05-18 15:19:22+05:30,53483.95,0,0.0,0,0.0,0.0,53282.15,53667.55,52783.45,53710.35,0,0.0,0.0,0.0,0.0,-0.01,-1,-1,-0.01,-1,-1,-0.01,-1,-1,-0.01,-1,-1,-0.01,-1,-1,-0.01,-1,-1,-0.01,-1,-1,-0.01,-1,-1,-0.01,-1,-1,-0.01,-1,-1
99926009,2026-05-18 15:19:23+05:30,53483.95,0,0.0,0,0.0,0.0,53282.15,53667.55,52783.45,53710.35,0,0.0,0.0,0.0,0.0,-0.01,-1,-1,-0.01,-1,-1,-0.01,-1,-1,-0.01,-1,-1,-0.01,-1,-1,-0.01,-1,-1,-0.01,-1,-1,-0.01,-1,-1,-0.01,-1,-1,-0.01,-1,-1
99926009,2026-05-18 15:19:23+05:30,53485.5,0,0.0,0,0.0,0.0,53282.15,53667.55,52783.45,53710.35,0,0.0,0.0,0.0,0.0,-0.01,-1,-1,-0.01,-1,-1,-0.01,-1,-1,-0.01,-1,-1,-0.01,-1,-1,-0.01,-1,-1,-0.01,-1,-1,-0.01,-1,-1,-0.01,-1,-1,-0.01,-1,-1
99926009,2026-05-18 15:19:23+05:30,53485.5,0,0.0,0,0.0,0.0,53282.15,53667.55,52783.45,53710.35,0,0.0,0.0,0.0,0.0,-0.01,-1,-1,-0.01,-1,-1,-0.01,-1,-1,-0.01,-1,-1,-0.01,-1,-1,-0.01,-1,-1,-0.01,-1,-1,-0.01,-1,-1,-0.01,-1,-1,-0.01,-1,-1
99926009,2026-05-18 15:19:24+05:30,53485.5,0,0.0,0,0.0,0.0,53282.15,53667.55,52783.45,53710.35,0,0.0,0.0,0.0,0.0,-0.01,-1,-1,-0.01,-1,-1,-0.01,-1,-1,-0.01,-1,-1,-0.01,-1,-1,-0.01,-1,-1,-0.01,-1,-1,-0.01,-1,-1,-0.01,-1,-1,-0.01,-1,-1
99926009,2026-05-18 15:19:24+05:30,53483.3,0,0.0,0,0.0,0.0,53282.15,53667.55,52783.45,53710.35,0,0.0,0.0,0.0,0.0,-0.01,-1,-1,-0.01,-1,-1,-0.01,-1,-1,-0.01,-1,-1,-0.01,-1,-1,-0.01,-1,-1,-0.01,-1,-1,-0.01,-1,-1,-0.01,-1,-1,-0.01,-1,-1
99926009,2026-05-18 15:19:24+05:30,53486.2,0,0.0,0,0.0,0.0,53282.15,53667.55,52783.45,53710.35,0,0.0,0.0,0.0,0.0,-0.01,-1,-1,-0.01,-1,-1,-0.01,-1,-1,-0.01,-1,-1,-0.01,-1,-1,-0.01,-1,-1,-0.01,-1,-1,-0.01,-1,-1,-0.01,-1,-1,-0.01,-1,-1
99926009,2026-05-18 15:19:25+05:30,53486.2,0,0.0,0,0.0,0.0,53282.15,53667.55,52783.45,53710.35,0,0.0,0.0,0.0,0.0,-0.01,-1,-1,-0.01,-1,-1,-0.01,-1,-1,-0.01,-1,-1,-0.01,-1,-1,-0.01,-1,-1,-0.01,-1,-1,-0.01,-1,-1,-0.01,-1,-1,-0.01,-1,-1
99926009,2026-05-18 15:19:25+05:30,53483.75,0,0.0,0,0.0,0.0,53282.15,53667.55,52783.45,53710.35,0,0.0,0.0,0.0,0.0,-0.01,-1,-1,-0.01,-1,-1,-0.01,-1,-1,-0.01,-1,-1,-0.01,-1,-1,-0.01,-1,-1,-0.01,-1,-1,-0.01,-1,-1,-0.01,-1,-1,-0.01,-1,-1
99926009,2026-05-18 15:19:25+05:30,53486.65,0,0.0,0,0.0,0.0,53282.15,53667.55,52783.45,53710.35,0,0.0,0.0,0.0,0.0,-0.01,-1,-1,-0.01,-1,-1,-0.01,-1,-1,-0.01,-1,-1,-0.01,-1,-1,-0.01,-1,-1,-0.01,-1,-1,-0.01,-1,-1,-0.01,-1,-1,-0.01,-1,-1
99926009,2026-05-18 15:19:26+05:30,53486.65,0,0.0,0,0.0,0.0,53282.15,53667.55,52783.45,53710.35,0,0.0,0.0,0.0,0.0,-0.01,-1,-1,-0.01,-1,-1,-0.01,-1,-1,-0.01,-1,-1,-0.01,-1,-1,-0.01,-1,-1,-0.01,-1,-1,-0.01,-1,-1,-0.01,-1,-1,-0.01,-1,-1
99926009,2026-05-18 15:19:26+05:30,53486.05,0,0.0,0,0.0,0.0,53282.15,53667.55,52783.45,53710.35,0,0.0,0.0,0.0,0.0,-0.01,-1,-1,-0.01,-1,-1,-0.01,-1,-1,-0.01,-1,-1,-0.01,-1,-1,-0.01,-1,-1,-0.01,-1,-1,-0.01,-1,-1,-0.01,-1,-1,-0.01,-1,-1
99926009,2026-05-18 15:19:26+05:30,53485.9,0,0.0,0,0.0,0.0,53282.15,53667.55,52783.45,53710.35,0,0.0,0.0,0.0,0.0,-0.01,-1,-1,-0.01,-1,-1,-0.01,-1,-1,-0.01,-1,-1,-0.01,-1,-1,-0.01,-1,-1,-0.01,-1,-1,-0.01,-1,-1,-0.01,-1,-1,-0.01,-1,-1
99926009,2026-05-18 15:19:27+05:30,53485.9,0,0.0,0,0.0,0.0,53282.15,53667.55,52783.45,53710.35,0,0.0,0.0,0.0,0.0,-0.01,-1,-1,-0.01,-1,-1,-0.01,-1,-1,-0.01,-1,-1,-0.01,-1,-1,-0.01,-1,-1,-0.01,-1,-1,-0.01,-1,-1,-0.01,-1,-1,-0.01,-1,-1
99926009,2026-05-18 15:19:27+05:30,53484.9,0,0.0,0,0.0,0.0,53282.15,53667.55,52783.45,53710.35,0,0.0,0.0,0.0,0.0,-0.01,-1,-1,-0.01,-1,-1,-0.01,-1,-1,-0.01,-1,-1,-0.01,-1,-1,-0.01,-1,-1,-0.01,-1,-1,-0.01,-1,-1,-0.01,-1,-1,-0.01,-1,-1
99926009,2026-05-18 15:19:27+05:30,53486.25,0,0.0,0,0.0,0.0,53282.15,53667.55,52783.45,53710.35,0,0.0,0.0,0.0,0.0,-0.01,-1,-1,-0.01,-1,-1,-0.01,-1,-1,-0.01,-1,-1,-0.01,-1,-1,-0.01,-1,-1,-0.01,-1,-1,-0.01,-1,-1,-0.01,-1,-1,-0.01,-1,-1
99926009,2026-05-18 15:19:28+05:30,53486.25,0,0.0,0,0.0,0.0,53282.15,53667.55,52783.45,53710.35,0,0.0,0.0,0.0,0.0,-0.01,-1,-1,-0.01,-1,-1,-0.01,-1,-1,-0.01,-1,-1,-0.01,-1,-1,-0.01,-1,-1,-0.01,-1,-1,-0.01,-1,-1,-0.01,-1,-1,-0.01,-1,-1
99926009,2026-05-18 15:19:28+05:30,53483.15,0,0.0,0,0.0,0.0,53282.15,53667.55,52783.45,53710.35,0,0.0,0.0,0.0,0.0,-0.01,-1,-1,-0.01,-1,-1,-0.01,-1,-1,-0.01,-1,-1,-0.01,-1,-1,-0.01,-1,-1,-0.01,-1,-1,-0.01,-1,-1,-0.01,-1,-1,-0.01,-1,-1
99926009,2026-05-18 15:19:28+05:30,53483.15,0,0.0,0,0.0,0.0,53282.15,53667.55,52783.45,53710.35,0,0.0,0.0,0.0,0.0,-0.01,-1,-1,-0.01,-1,-1,-0.01,-1,-1,-0.01,-1,-1,-0.01,-1,-1,-0.01,-1,-1,-0.01,-1,-1,-0.01,-1,-1,-0.01,-1,-1,-0.01,-1,-1
99926009,2026-05-18 15:19:29+05:30,53483.15,0,0.0,0,0.0,0.0,53282.15,53667.55,52783.45,53710.35,0,0.0,0.0,0.0,0.0,-0.01,-1,-1,-0.01,-1,-1,-0.01,-1,-1,-0.01,-1,-1,-0.01,-1,-1,-0.01,-1,-1,-0.01,-1,-1,-0.01,-1,-1,-0.01,-1,-1,-0.01,-1,-1
99926009,2026-05-18 15:19:29+05:30,53484.1,0,0.0,0,0.0,0.0,53282.15,53667.55,52783.45,53710.35,0,0.0,0.0,0.0,0.0,-0.01,-1,-1,-0.01,-1,-1,-0.01,-1,-1,-0.01,-1,-1,-0.01,-1,-1,-0.01,-1,-1,-0.01,-1,-1,-0.01,-1,-1,-0.01,-1,-1,-0.01,-1,-1
99926009,2026-05-18 15:19:29+05:30,53486.9,0,0.0,0,0.0,0.0,53282.15,53667.55,52783.45,53710.35,0,0.0,0.0,0.0,0.0,-0.01,-1,-1,-0.01,-1,-1,-0.01,-1,-1,-0.01,-1,-1,-0.01,-1,-1,-0.01,-1,-1,-0.01,-1,-1,-0.01,-1,-1,-0.01,-1,-1,-0.01,-1,-1
99926009,2026-05-18 15:19:30+05:30,53486.9,0,0.0,0,0.0,0.0,53282.15,53667.55,52783.45,53710.35,0,0.0,0.0,0.0,0.0,-0.01,-1,-1,-0.01,-1,-1,-0.01,-1,-1,-0.01,-1,-1,-0.01,-1,-1,-0.01,-1,-1,-0.01,-1,-1,-0.01,-1,-1,-0.01,-1,-1,-0.01,-1,-1
99926009,2026-05-18 15:19:30+05:30,53487.2,0,0.0,0,0.0,0.0,53282.15,53667.55,52783.45,53710.35,0,0.0,0.0,0.0,0.0,-0.01,-1,-1,-0.01,-1,-1,-0.01,-1,-1,-0.01,-1,-1,-0.01,-1,-1,-0.01,-1,-1,-0.01,-1,-1,-0.01,-1,-1,-0.01,-1,-1,-0.01,-1,-1
99926009,2026-05-18 15:19:30+05:30,53489.25,0,0.0,0,0.0,0.0,53282.15,53667.55,52783.45,53710.35,0,0.0,0.0,0.0,0.0,-0.01,-1,-1,-0.01,-1,-1,-0.01,-1,-1,-0.01,-1,-1,-0.01,-1,-1,-0.01,-1,-1,-0.01,-1,-1,-0.01,-1,-1,-0.01,-1,-1,-0.01,-1,-1
99926009,2026-05-18 15:19:31+05:30,53489.25,0,0.0,0,0.0,0.0,53282.15,53667.55,52783.45,53710.35,0,0.0,0.0,0.0,0.0,-0.01,-1,-1,-0.01,-1,-1,-0.01,-1,-1,-0.01,-1,-1,-0.01,-1,-1,-0.01,-1,-1,-0.01,-1,-1,-0.01,-1,-1,-0.01,-1,-1,-0.01,-1,-1
99926009,2026-05-18 15:19:31+05:30,53489.0,0,0.0,0,0.0,0.0,53282.15,53667.55,52783.45,53710.35,0,0.0,0.0,0.0,0.0,-0.01,-1,-1,-0.01,-1,-1,-0.01,-1,-1,-0.01,-1,-1,-0.01,-1,-1,-0.01,-1,-1,-0.01,-1,-1,-0.01,-1,-1,-0.01,-1,-1,-0.01,-1,-1
99926009,2026-05-18 15:19:31+05:30,53488.5,0,0.0,0,0.0,0.0,53282.15,53667.55,52783.45,53710.35,0,0.0,0.0,0.0,0.0,-0.01,-1,-1,-0.01,-1,-1,-0.01,-1,-1,-0.01,-1,-1,-0.01,-1,-1,-0.01,-1,-1,-0.01,-1,-1,-0.01,-1,-1,-0.01,-1,-1,-0.01,-1,-1
99926009,2026-05-18 15:19:32+05:30,53488.5,0,0.0,0,0.0,0.0,53282.15,53667.55,52783.45,53710.35,0,0.0,0.0,0.0,0.0,-0.01,-1,-1,-0.01,-1,-1,-0.01,-1,-1,-0.01,-1,-1,-0.01,-1,-1,-0.01,-1,-1,-0.01,-1,-1,-0.01,-1,-1,-0.01,-1,-1,-0.01,-1,-1
99926009,2026-05-18 15:19:32+05:30,53483.25,0,0.0,0,0.0,0.0,53282.15,53667.55,52783.45,53710.35,0,0.0,0.0,0.0,0.0,-0.01,-1,-1,-0.01,-1,-1,-0.01,-1,-1,-0.01,-1,-1,-0.01,-1,-1,-0.01,-1,-1,-0.01,-1,-1,-0.01,-1,-1,-0.01,-1,-1,-0.01,-1,-1
99926009,2026-05-18 15:19:32+05:30,53485.25,0,0.0,0,0.0,0.0,53282.15,53667.55,52783.45,53710.35,0,0.0,0.0,0.0,0.0,-0.01,-1,-1,-0.01,-1,-1,-0.01,-1,-1,-0.01,-1,-1,-0.01,-1,-1,-0.01,-1,-1,-0.01,-1,-1,-0.01,-1,-1,-0.01,-1,-1,-0.01,-1,-1
99926009,2026-05-18 15:19:33+05:30,53485.25,0,0.0,0,0.0,0.0,53282.15,53667.55,52783.45,53710.35,0,0.0,0.0,0.0,0.0,-0.01,-1,-1,-0.01,-1,-1,-0.01,-1,-1,-0.01,-1,-1,-0.01,-1,-1,-0.01,-1,-1,-0.01,-1,-1,-0.01,-1,-1,-0.01,-1,-1,-0.01,-1,-1
99926009,2026-05-18 15:19:33+05:30,53485.6,0,0.0,0,0.0,0.0,53282.15,53667.55,52783.45,53710.35,0,0.0,0.0,0.0,0.0,-0.01,-1,-1,-0.01,-1,-1,-0.01,-1,-1,-0.01,-1,-1,-0.01,-1,-1,-0.01,-1,-1,-0.01,-1,-1,-0.01,-1,-1,-0.01,-1,-1,-0.01,-1,-1
99926009,2026-05-18 15:19:33+05:30,53486.75,0,0.0,0,0.0,0.0,53282.15,53667.55,52783.45,53710.35,0,0.0,0.0,0.0,0.0,-0.01,-1,-1,-0.01,-1,-1,-0.01,-1,-1,-0.01,-1,-1,-0.01,-1,-1,-0.01,-1,-1,-0.01,-1,-1,-0.01,-1,-1,-0.01,-1,-1,-0.01,-1,-1
99926009,2026-05-18 15:19:34+05:30,53486.75,0,0.0,0,0.0,0.0,53282.15,53667.55,52783.45,53710.35,0,0.0,0.0,0.0,0.0,-0.01,-1,-1,-0.01,-1,-1,-0.01,-1,-1,-0.01,-1,-1,-0.01,-1,-1,-0.01,-1,-1,-0.01,-1,-1,-0.01,-1,-1,-0.01,-1,-1,-0.01,-1,-1
99926009,2026-05-18 15:19:34+05:30,53487.45,0,0.0,0,0.0,0.0,53282.15,53667.55,52783.45,53710.35,0,0.0,0.0,0.0,0.0,-0.01,-1,-1,-0.01,-1,-1,-0.01,-1,-1,-0.01,-1,-1,-0.01,-1,-1,-0.01,-1,-1,-0.01,-1,-1,-0.01,-1,-1,-0.01,-1,-1,-0.01,-1,-1
99926009,2026-05-18 15:19:34+05:30,53487.8,0,0.0,0,0.0,0.0,53282.15,53667.55,52783.45,53710.35,0,0.0,0.0,0.0,0.0,-0.01,-1,-1,-0.01,-1,-1,-0.01,-1,-1,-0.01,-1,-1,-0.01,-1,-1,-0.01,-1,-1,-0.01,-1,-1,-0.01,-1,-1,-0.01,-1,-1,-0.01,-1,-1
99926009,2026-05-18 15:19:35+05:30,53487.8,0,0.0,0,0.0,0.0,53282.15,53667.55,52783.45,53710.35,0,0.0,0.0,0.0,0.0,-0.01,-1,-1,-0.01,-1,-1,-0.01,-1,-1,-0.01,-1,-1,-0.01,-1,-1,-0.01,-1,-1,-0.01,-1,-1,-0.01,-1,-1,-0.01,-1,-1,-0.01,-1,-1
99926009,2026-05-18 15:19:35+05:30,53485.55,0,0.0,0,0.0,0.0,53282.15,53667.55,52783.45,53710.35,0,0.0,0.0,0.0,0.0,-0.01,-1,-1,-0.01,-1,-1,-0.01,-1,-1,-0.01,-1,-1,-0.01,-1,-1,-0.01,-1,-1,-0.01,-1,-1,-0.01,-1,-1,-0.01,-1,-1,-0.01,-1,-1
99926009,2026-05-18 15:19:35+05:30,53486.05,0,0.0,0,0.0,0.0,53282.15,53667.55,52783.45,53710.35,0,0.0,0.0,0.0,0.0,-0.01,-1,-1,-0.01,-1,-1,-0.01,-1,-1,-0.01,-1,-1,-0.01,-1,-1,-0.01,-1,-1,-0.01,-1,-1,-0.01,-1,-1,-0.01,-1,-1,-0.01,-1,-1
99926009,2026-05-18 15:19:36+05:30,53486.05,0,0.0,0,0.0,0.0,53282.15,53667.55,52783.45,53710.35,0,0.0,0.0,0.0,0.0,-0.01,-1,-1,-0.01,-1,-1,-0.01,-1,-1,-0.01,-1,-1,-0.01,-1,-1,-0.01,-1,-1,-0.01,-1,-1,-0.01,-1,-1,-0.01,-1,-1,-0.01,-1,-1
99926009,2026-05-18 15:19:36+05:30,53485.5,0,0.0,0,0.0,0.0,53282.15,53667.55,52783.45,53710.35,0,0.0,0.0,0.0,0.0,-0.01,-1,-1,-0.01,-1,-1,-0.01,-1,-1,-0.01,-1,-1,-0.01,-1,-1,-0.01,-1,-1,-0.01,-1,-1,-0.01,-1,-1,-0.01,-1,-1,-0.01,-1,-1
99926009,2026-05-18 15:19:36+05:30,53483.9,0,0.0,0,0.0,0.0,53282.15,53667.55,52783.45,53710.35,0,0.0,0.0,0.0,0.0,-0.01,-1,-1,-0.01,-1,-1,-0.01,-1,-1,-0.01,-1,-1,-0.01,-1,-1,-0.01,-1,-1,-0.01,-1,-1,-0.01,-1,-1,-0.01,-1,-1,-0.01,-1,-1
99926009,2026-05-18 15:19:37+05:30,53483.9,0,0.0,0,0.0,0.0,53282.15,53667.55,52783.45,53710.35,0,0.0,0.0,0.0,0.0,-0.01,-1,-1,-0.01,-1,-1,-0.01,-1,-1,-0.01,-1,-1,-0.01,-1,-1,-0.01,-1,-1,-0.01,-1,-1,-0.01,-1,-1,-0.01,-1,-1,-0.01,-1,-1
99926009,2026-05-18 15:19:37+05:30,53485.85,0,0.0,0,0.0,0.0,53282.15,53667.55,52783.45,53710.35,0,0.0,0.0,0.0,0.0,-0.01,-1,-1,-0.01,-1,-1,-0.01,-1,-1,-0.01,-1,-1,-0.01,-1,-1,-0.01,-1,-1,-0.01,-1,-1,-0.01,-1,-1,-0.01,-1,-1,-0.01,-1,-1
99926009,2026-05-18 15:19:37+05:30,53482.95,0,0.0,0,0.0,0.0,53282.15,53667.55,52783.45,53710.35,0,0.0,0.0,0.0,0.0,-0.01,-1,-1,-0.01,-1,-1,-0.01,-1,-1,-0.01,-1,-1,-0.01,-1,-1,-0.01,-1,-1,-0.01,-1,-1,-0.01,-1,-1,-0.01,-1,-1,-0.01,-1,-1
99926009,2026-05-18 15:19:38+05:30,53482.95,0,0.0,0,0.0,0.0,53282.15,53667.55,52783.45,53710.35,0,0.0,0.0,0.0,0.0,-0.01,-1,-1,-0.01,-1,-1,-0.01,-1,-1,-0.01,-1,-1,-0.01,-1,-1,-0.01,-1,-1,-0.01,-1,-1,-0.01,-1,-1,-0.01,-1,-1,-0.01,-1,-1
99926009,2026-05-18 15:19:38+05:30,53485.2,0,0.0,0,0.0,0.0,53282.15,53667.55,52783.45,53710.35,0,0.0,0.0,0.0,0.0,-0.01,-1,-1,-0.01,-1,-1,-0.01,-1,-1,-0.01,-1,-1,-0.01,-1,-1,-0.01,-1,-1,-0.01,-1,-1,-0.01,-1,-1,-0.01,-1,-1,-0.01,-1,-1
99926009,2026-05-18 15:19:38+05:30,53485.6,0,0.0,0,0.0,0.0,53282.15,53667.55,52783.45,53710.35,0,0.0,0.0,0.0,0.0,-0.01,-1,-1,-0.01,-1,-1,-0.01,-1,-1,-0.01,-1,-1,-0.01,-1,-1,-0.01,-1,-1,-0.01,-1,-1,-0.01,-1,-1,-0.01,-1,-1,-0.01,-1,-1
99926009,2026-05-18 15:19:39+05:30,53485.6,0,0.0,0,0.0,0.0,53282.15,53667.55,52783.45,53710.35,0,0.0,0.0,0.0,0.0,-0.01,-1,-1,-0.01,-1,-1,-0.01,-1,-1,-0.01,-1,-1,-0.01,-1,-1,-0.01,-1,-1,-0.01,-1,-1,-0.01,-1,-1,-0.01,-1,-1,-0.01,-1,-1
99926009,2026-05-18 15:19:39+05:30,53482.6,0,0.0,0,0.0,0.0,53282.15,53667.55,52783.45,53710.35,0,0.0,0.0,0.0,0.0,-0.01,-1,-1,-0.01,-1,-1,-0.01,-1,-1,-0.01,-1,-1,-0.01,-1,-1,-0.01,-1,-1,-0.01,-1,-1,-0.01,-1,-1,-0.01,-1,-1,-0.01,-1,-1
99926009,2026-05-18 15:19:39+05:30,53484.65,0,0.0,0,0.0,0.0,53282.15,53667.55,52783.45,53710.35,0,0.0,0.0,0.0,0.0,-0.01,-1,-1,-0.01,-1,-1,-0.01,-1,-1,-0.01,-1,-1,-0.01,-1,-1,-0.01,-1,-1,-0.01,-1,-1,-0.01,-1,-1,-0.01,-1,-1,-0.01,-1,-1
99926009,2026-05-18 15:19:40+05:30,53484.65,0,0.0,0,0.0,0.0,53282.15,53667.55,52783.45,53710.35,0,0.0,0.0,0.0,0.0,-0.01,-1,-1,-0.01,-1,-1,-0.01,-1,-1,-0.01,-1,-1,-0.01,-1,-1,-0.01,-1,-1,-0.01,-1,-1,-0.01,-1,-1,-0.01,-1,-1,-0.01,-1,-1
99926009,2026-05-18 15:19:40+05:30,53482.25,0,0.0,0,0.0,0.0,53282.15,53667.55,52783.45,53710.35,0,0.0,0.0,0.0,0.0,-0.01,-1,-1,-0.01,-1,-1,-0.01,-1,-1,-0.01,-1,-1,-0.01,-1,-1,-0.01,-1,-1,-0.01,-1,-1,-0.01,-1,-1,-0.01,-1,-1,-0.01,-1,-1
99926009,2026-05-18 15:19:40+05:30,53483.75,0,0.0,0,0.0,0.0,53282.15,53667.55,52783.45,53710.35,0,0.0,0.0,0.0,0.0,-0.01,-1,-1,-0.01,-1,-1,-0.01,-1,-1,-0.01,-1,-1,-0.01,-1,-1,-0.01,-1,-1,-0.01,-1,-1,-0.01,-1,-1,-0.01,-1,-1,-0.01,-1,-1
99926009,2026-05-18 15:19:41+05:30,53483.75,0,0.0,0,0.0,0.0,53282.15,53667.55,52783.45,53710.35,0,0.0,0.0,0.0,0.0,-0.01,-1,-1,-0.01,-1,-1,-0.01,-1,-1,-0.01,-1,-1,-0.01,-1,-1,-0.01,-1,-1,-0.01,-1,-1,-0.01,-1,-1,-0.01,-1,-1,-0.01,-1,-1
99926009,2026-05-18 15:19:41+05:30,53482.75,0,0.0,0,0.0,0.0,53282.15,53667.55,52783.45,53710.35,0,0.0,0.0,0.0,0.0,-0.01,-1,-1,-0.01,-1,-1,-0.01,-1,-1,-0.01,-1,-1,-0.01,-1,-1,-0.01,-1,-1,-0.01,-1,-1,-0.01,-1,-1,-0.01,-1,-1,-0.01,-1,-1
99926009,2026-05-18 15:19:41+05:30,53483.8,0,0.0,0,0.0,0.0,53282.15,53667.55,52783.45,53710.35,0,0.0,0.0,0.0,0.0,-0.01,-1,-1,-0.01,-1,-1,-0.01,-1,-1,-0.01,-1,-1,-0.01,-1,-1,-0.01,-1,-1,-0.01,-1,-1,-0.01,-1,-1,-0.01,-1,-1,-0.01,-1,-1
99926009,2026-05-18 15:19:42+05:30,53483.8,0,0.0,0,0.0,0.0,53282.15,53667.55,52783.45,53710.35,0,0.0,0.0,0.0,0.0,-0.01,-1,-1,-0.01,-1,-1,-0.01,-1,-1,-0.01,-1,-1,-0.01,-1,-1,-0.01,-1,-1,-0.01,-1,-1,-0.01,-1,-1,-0.01,-1,-1,-0.01,-1,-1
99926009,2026-05-18 15:19:42+05:30,53484.9,0,0.0,0,0.0,0.0,53282.15,53667.55,52783.45,53710.35,0,0.0,0.0,0.0,0.0,-0.01,-1,-1,-0.01,-1,-1,-0.01,-1,-1,-0.01,-1,-1,-0.01,-1,-1,-0.01,-1,-1,-0.01,-1,-1,-0.01,-1,-1,-0.01,-1,-1,-0.01,-1,-1
99926009,2026-05-18 15:19:42+05:30,53484.85,0,0.0,0,0.0,0.0,53282.15,53667.55,52783.45,53710.35,0,0.0,0.0,0.0,0.0,-0.01,-1,-1,-0.01,-1,-1,-0.01,-1,-1,-0.01,-1,-1,-0.01,-1,-1,-0.01,-1,-1,-0.01,-1,-1,-0.01,-1,-1,-0.01,-1,-1,-0.01,-1,-1
99926009,2026-05-18 15:19:43+05:30,53484.85,0,0.0,0,0.0,0.0,53282.15,53667.55,52783.45,53710.35,0,0.0,0.0,0.0,0.0,-0.01,-1,-1,-0.01,-1,-1,-0.01,-1,-1,-0.01,-1,-1,-0.01,-1,-1,-0.01,-1,-1,-0.01,-1,-1,-0.01,-1,-1,-0.01,-1,-1,-0.01,-1,-1
99926009,2026-05-18 15:19:43+05:30,53485.0,0,0.0,0,0.0,0.0,53282.15,53667.55,52783.45,53710.35,0,0.0,0.0,0.0,0.0,-0.01,-1,-1,-0.01,-1,-1,-0.01,-1,-1,-0.01,-1,-1,-0.01,-1,-1,-0.01,-1,-1,-0.01,-1,-1,-0.01,-1,-1,-0.01,-1,-1,-0.01,-1,-1
99926009,2026-05-18 15:19:43+05:30,53486.9,0,0.0,0,0.0,0.0,53282.15,53667.55,52783.45,53710.35,0,0.0,0.0,0.0,0.0,-0.01,-1,-1,-0.01,-1,-1,-0.01,-1,-1,-0.01,-1,-1,-0.01,-1,-1,-0.01,-1,-1,-0.01,-1,-1,-0.01,-1,-1,-0.01,-1,-1,-0.01,-1,-1
99926009,2026-05-18 15:19:44+05:30,53486.9,0,0.0,0,0.0,0.0,53282.15,53667.55,52783.45,53710.35,0,0.0,0.0,0.0,0.0,-0.01,-1,-1,-0.01,-1,-1,-0.01,-1,-1,-0.01,-1,-1,-0.01,-1,-1,-0.01,-1,-1,-0.01,-1,-1,-0.01,-1,-1,-0.01,-1,-1,-0.01,-1,-1
99926009,2026-05-18 15:19:44+05:30,53482.85,0,0.0,0,0.0,0.0,53282.15,53667.55,52783.45,53710.35,0,0.0,0.0,0.0,0.0,-0.01,-1,-1,-0.01,-1,-1,-0.01,-1,-1,-0.01,-1,-1,-0.01,-1,-1,-0.01,-1,-1,-0.01,-1,-1,-0.01,-1,-1,-0.01,-1,-1,-0.01,-1,-1
99926009,2026-05-18 15:19:44+05:30,53486.95,0,0.0,0,0.0,0.0,53282.15,53667.55,52783.45,53710.35,0,0.0,0.0,0.0,0.0,-0.01,-1,-1,-0.01,-1,-1,-0.01,-1,-1,-0.01,-1,-1,-0.01,-1,-1,-0.01,-1,-1,-0.01,-1,-1,-0.01,-1,-1,-0.01,-1,-1,-0.01,-1,-1
99926009,2026-05-18 15:19:45+05:30,53486.95,0,0.0,0,0.0,0.0,53282.15,53667.55,52783.45,53710.35,0,0.0,0.0,0.0,0.0,-0.01,-1,-1,-0.01,-1,-1,-0.01,-1,-1,-0.01,-1,-1,-0.01,-1,-1,-0.01,-1,-1,-0.01,-1,-1,-0.01,-1,-1,-0.01,-1,-1,-0.01,-1,-1
99926009,2026-05-18 15:19:45+05:30,53486.9,0,0.0,0,0.0,0.0,53282.15,53667.55,52783.45,53710.35,0,0.0,0.0,0.0,0.0,-0.01,-1,-1,-0.01,-1,-1,-0.01,-1,-1,-0.01,-1,-1,-0.01,-1,-1,-0.01,-1,-1,-0.01,-1,-1,-0.01,-1,-1,-0.01,-1,-1,-0.01,-1,-1
99926009,2026-05-18 15:19:45+05:30,53485.6,0,0.0,0,0.0,0.0,53282.15,53667.55,52783.45,53710.35,0,0.0,0.0,0.0,0.0,-0.01,-1,-1,-0.01,-1,-1,-0.01,-1,-1,-0.01,-1,-1,-0.01,-1,-1,-0.01,-1,-1,-0.01,-1,-1,-0.01,-1,-1,-0.01,-1,-1,-0.01,-1,-1
99926009,2026-05-18 15:19:46+05:30,53485.6,0,0.0,0,0.0,0.0,53282.15,53667.55,52783.45,53710.35,0,0.0,0.0,0.0,0.0,-0.01,-1,-1,-0.01,-1,-1,-0.01,-1,-1,-0.01,-1,-1,-0.01,-1,-1,-0.01,-1,-1,-0.01,-1,-1,-0.01,-1,-1,-0.01,-1,-1,-0.01,-1,-1
99926009,2026-05-18 15:19:46+05:30,53488.25,0,0.0,0,0.0,0.0,53282.15,53667.55,52783.45,53710.35,0,0.0,0.0,0.0,0.0,-0.01,-1,-1,-0.01,-1,-1,-0.01,-1,-1,-0.01,-1,-1,-0.01,-1,-1,-0.01,-1,-1,-0.01,-1,-1,-0.01,-1,-1,-0.01,-1,-1,-0.01,-1,-1
99926009,2026-05-18 15:19:46+05:30,53487.55,0,0.0,0,0.0,0.0,53282.15,53667.55,52783.45,53710.35,0,0.0,0.0,0.0,0.0,-0.01,-1,-1,-0.01,-1,-1,-0.01,-1,-1,-0.01,-1,-1,-0.01,-1,-1,-0.01,-1,-1,-0.01,-1,-1,-0.01,-1,-1,-0.01,-1,-1,-0.01,-1,-1
99926009,2026-05-18 15:19:47+05:30,53487.55,0,0.0,0,0.0,0.0,53282.15,53667.55,52783.45,53710.35,0,0.0,0.0,0.0,0.0,-0.01,-1,-1,-0.01,-1,-1,-0.01,-1,-1,-0.01,-1,-1,-0.01,-1,-1,-0.01,-1,-1,-0.01,-1,-1,-0.01,-1,-1,-0.01,-1,-1,-0.01,-1,-1
99926009,2026-05-18 15:19:47+05:30,53486.35,0,0.0,0,0.0,0.0,53282.15,53667.55,52783.45,53710.35,0,0.0,0.0,0.0,0.0,-0.01,-1,-1,-0.01,-1,-1,-0.01,-1,-1,-0.01,-1,-1,-0.01,-1,-1,-0.01,-1,-1,-0.01,-1,-1,-0.01,-1,-1,-0.01,-1,-1,-0.01,-1,-1
99926009,2026-05-18 15:19:47+05:30,53483.65,0,0.0,0,0.0,0.0,53282.15,53667.55,52783.45,53710.35,0,0.0,0.0,0.0,0.0,-0.01,-1,-1,-0.01,-1,-1,-0.01,-1,-1,-0.01,-1,-1,-0.01,-1,-1,-0.01,-1,-1,-0.01,-1,-1,-0.01,-1,-1,-0.01,-1,-1,-0.01,-1,-1
99926009,2026-05-18 15:19:48+05:30,53483.65,0,0.0,0,0.0,0.0,53282.15,53667.55,52783.45,53710.35,0,0.0,0.0,0.0,0.0,-0.01,-1,-1,-0.01,-1,-1,-0.01,-1,-1,-0.01,-1,-1,-0.01,-1,-1,-0.01,-1,-1,-0.01,-1,-1,-0.01,-1,-1,-0.01,-1,-1,-0.01,-1,-1
99926009,2026-05-18 15:19:48+05:30,53482.1,0,0.0,0,0.0,0.0,53282.15,53667.55,52783.45,53710.35,0,0.0,0.0,0.0,0.0,-0.01,-1,-1,-0.01,-1,-1,-0.01,-1,-1,-0.01,-1,-1,-0.01,-1,-1,-0.01,-1,-1,-0.01,-1,-1,-0.01,-1,-1,-0.01,-1,-1,-0.01,-1,-1
99926009,2026-05-18 15:19:48+05:30,53480.35,0,0.0,0,0.0,0.0,53282.15,53667.55,52783.45,53710.35,0,0.0,0.0,0.0,0.0,-0.01,-1,-1,-0.01,-1,-1,-0.01,-1,-1,-0.01,-1,-1,-0.01,-1,-1,-0.01,-1,-1,-0.01,-1,-1,-0.01,-1,-1,-0.01,-1,-1,-0.01,-1,-1
99926009,2026-05-18 15:19:49+05:30,53480.35,0,0.0,0,0.0,0.0,53282.15,53667.55,52783.45,53710.35,0,0.0,0.0,0.0,0.0,-0.01,-1,-1,-0.01,-1,-1,-0.01,-1,-1,-0.01,-1,-1,-0.01,-1,-1,-0.01,-1,-1,-0.01,-1,-1,-0.01,-1,-1,-0.01,-1,-1,-0.01,-1,-1
99926009,2026-05-18 15:19:49+05:30,53477.3,0,0.0,0,0.0,0.0,53282.15,53667.55,52783.45,53710.35,0,0.0,0.0,0.0,0.0,-0.01,-1,-1,-0.01,-1,-1,-0.01,-1,-1,-0.01,-1,-1,-0.01,-1,-1,-0.01,-1,-1,-0.01,-1,-1,-0.01,-1,-1,-0.01,-1,-1,-0.01,-1,-1
99926009,2026-05-18 15:19:49+05:30,53478.15,0,0.0,0,0.0,0.0,53282.15,53667.55,52783.45,53710.35,0,0.0,0.0,0.0,0.0,-0.01,-1,-1,-0.01,-1,-1,-0.01,-1,-1,-0.01,-1,-1,-0.01,-1,-1,-0.01,-1,-1,-0.01,-1,-1,-0.01,-1,-1,-0.01,-1,-1,-0.01,-1,-1
99926009,2026-05-18 15:19:50+05:30,53478.15,0,0.0,0,0.0,0.0,53282.15,53667.55,52783.45,53710.35,0,0.0,0.0,0.0,0.0,-0.01,-1,-1,-0.01,-1,-1,-0.01,-1,-1,-0.01,-1,-1,-0.01,-1,-1,-0.01,-1,-1,-0.01,-1,-1,-0.01,-1,-1,-0.01,-1,-1,-0.01,-1,-1
99926009,2026-05-18 15:19:50+05:30,53481.65,0,0.0,0,0.0,0.0,53282.15,53667.55,52783.45,53710.35,0,0.0,0.0,0.0,0.0,-0.01,-1,-1,-0.01,-1,-1,-0.01,-1,-1,-0.01,-1,-1,-0.01,-1,-1,-0.01,-1,-1,-0.01,-1,-1,-0.01,-1,-1,-0.01,-1,-1,-0.01,-1,-1
99926009,2026-05-18 15:19:50+05:30,53483.15,0,0.0,0,0.0,0.0,53282.15,53667.55,52783.45,53710.35,0,0.0,0.0,0.0,0.0,-0.01,-1,-1,-0.01,-1,-1,-0.01,-1,-1,-0.01,-1,-1,-0.01,-1,-1,-0.01,-1,-1,-0.01,-1,-1,-0.01,-1,-1,-0.01,-1,-1,-0.01,-1,-1
99926009,2026-05-18 15:19:51+05:30,53483.15,0,0.0,0,0.0,0.0,53282.15,53667.55,52783.45,53710.35,0,0.0,0.0,0.0,0.0,-0.01,-1,-1,-0.01,-1,-1,-0.01,-1,-1,-0.01,-1,-1,-0.01,-1,-1,-0.01,-1,-1,-0.01,-1,-1,-0.01,-1,-1,-0.01,-1,-1,-0.01,-1,-1
99926009,2026-05-18 15:19:51+05:30,53485.25,0,0.0,0,0.0,0.0,53282.15,53667.55,52783.45,53710.35,0,0.0,0.0,0.0,0.0,-0.01,-1,-1,-0.01,-1,-1,-0.01,-1,-1,-0.01,-1,-1,-0.01,-1,-1,-0.01,-1,-1,-0.01,-1,-1,-0.01,-1,-1,-0.01,-1,-1,-0.01,-1,-1
99926009,2026-05-18 15:19:51+05:30,53480.15,0,0.0,0,0.0,0.0,53282.15,53667.55,52783.45,53710.35,0,0.0,0.0,0.0,0.0,-0.01,-1,-1,-0.01,-1,-1,-0.01,-1,-1,-0.01,-1,-1,-0.01,-1,-1,-0.01,-1,-1,-0.01,-1,-1,-0.01,-1,-1,-0.01,-1,-1,-0.01,-1,-1
99926009,2026-05-18 15:19:52+05:30,53480.15,0,0.0,0,0.0,0.0,53282.15,53667.55,52783.45,53710.35,0,0.0,0.0,0.0,0.0,-0.01,-1,-1,-0.01,-1,-1,-0.01,-1,-1,-0.01,-1,-1,-0.01,-1,-1,-0.01,-1,-1,-0.01,-1,-1,-0.01,-1,-1,-0.01,-1,-1,-0.01,-1,-1
99926009,2026-05-18 15:19:52+05:30,53480.2,0,0.0,0,0.0,0.0,53282.15,53667.55,52783.45,53710.35,0,0.0,0.0,0.0,0.0,-0.01,-1,-1,-0.01,-1,-1,-0.01,-1,-1,-0.01,-1,-1,-0.01,-1,-1,-0.01,-1,-1,-0.01,-1,-1,-0.01,-1,-1,-0.01,-1,-1,-0.01,-1,-1
99926009,2026-05-18 15:19:52+05:30,53480.7,0,0.0,0,0.0,0.0,53282.15,53667.55,52783.45,53710.35,0,0.0,0.0,0.0,0.0,-0.01,-1,-1,-0.01,-1,-1,-0.01,-1,-1,-0.01,-1,-1,-0.01,-1,-1,-0.01,-1,-1,-0.01,-1,-1,-0.01,-1,-1,-0.01,-1,-1,-0.01,-1,-1
99926009,2026-05-18 15:19:53+05:30,53480.7,0,0.0,0,0.0,0.0,53282.15,53667.55,52783.45,53710.35,0,0.0,0.0,0.0,0.0,-0.01,-1,-1,-0.01,-1,-1,-0.01,-1,-1,-0.01,-1,-1,-0.01,-1,-1,-0.01,-1,-1,-0.01,-1,-1,-0.01,-1,-1,-0.01,-1,-1,-0.01,-1,-1
99926009,2026-05-18 15:19:53+05:30,53481.05,0,0.0,0,0.0,0.0,53282.15,53667.55,52783.45,53710.35,0,0.0,0.0,0.0,0.0,-0.01,-1,-1,-0.01,-1,-1,-0.01,-1,-1,-0.01,-1,-1,-0.01,-1,-1,-0.01,-1,-1,-0.01,-1,-1,-0.01,-1,-1,-0.01,-1,-1,-0.01,-1,-1
99926009,2026-05-18 15:19:53+05:30,53482.0,0,0.0,0,0.0,0.0,53282.15,53667.55,52783.45,53710.35,0,0.0,0.0,0.0,0.0,-0.01,-1,-1,-0.01,-1,-1,-0.01,-1,-1,-0.01,-1,-1,-0.01,-1,-1,-0.01,-1,-1,-0.01,-1,-1,-0.01,-1,-1,-0.01,-1,-1,-0.01,-1,-1
99926009,2026-05-18 15:19:54+05:30,53482.0,0,0.0,0,0.0,0.0,53282.15,53667.55,52783.45,53710.35,0,0.0,0.0,0.0,0.0,-0.01,-1,-1,-0.01,-1,-1,-0.01,-1,-1,-0.01,-1,-1,-0.01,-1,-1,-0.01,-1,-1,-0.01,-1,-1,-0.01,-1,-1,-0.01,-1,-1,-0.01,-1,-1
99926009,2026-05-18 15:19:54+05:30,53481.65,0,0.0,0,0.0,0.0,53282.15,53667.55,52783.45,53710.35,0,0.0,0.0,0.0,0.0,-0.01,-1,-1,-0.01,-1,-1,-0.01,-1,-1,-0.01,-1,-1,-0.01,-1,-1,-0.01,-1,-1,-0.01,-1,-1,-0.01,-1,-1,-0.01,-1,-1,-0.01,-1,-1
99926009,2026-05-18 15:19:54+05:30,53476.5,0,0.0,0,0.0,0.0,53282.15,53667.55,52783.45,53710.35,0,0.0,0.0,0.0,0.0,-0.01,-1,-1,-0.01,-1,-1,-0.01,-1,-1,-0.01,-1,-1,-0.01,-1,-1,-0.01,-1,-1,-0.01,-1,-1,-0.01,-1,-1,-0.01,-1,-1,-0.01,-1,-1
99926009,2026-05-18 15:19:55+05:30,53476.5,0,0.0,0,0.0,0.0,53282.15,53667.55,52783.45,53710.35,0,0.0,0.0,0.0,0.0,-0.01,-1,-1,-0.01,-1,-1,-0.01,-1,-1,-0.01,-1,-1,-0.01,-1,-1,-0.01,-1,-1,-0.01,-1,-1,-0.01,-1,-1,-0.01,-1,-1,-0.01,-1,-1
99926009,2026-05-18 15:19:55+05:30,53480.75,0,0.0,0,0.0,0.0,53282.15,53667.55,52783.45,53710.35,0,0.0,0.0,0.0,0.0,-0.01,-1,-1,-0.01,-1,-1,-0.01,-1,-1,-0.01,-1,-1,-0.01,-1,-1,-0.01,-1,-1,-0.01,-1,-1,-0.01,-1,-1,-0.01,-1,-1,-0.01,-1,-1
99926009,2026-05-18 15:19:55+05:30,53483.55,0,0.0,0,0.0,0.0,53282.15,53667.55,52783.45,53710.35,0,0.0,0.0,0.0,0.0,-0.01,-1,-1,-0.01,-1,-1,-0.01,-1,-1,-0.01,-1,-1,-0.01,-1,-1,-0.01,-1,-1,-0.01,-1,-1,-0.01,-1,-1,-0.01,-1,-1,-0.01,-1,-1
99926009,2026-05-18 15:19:56+05:30,53483.55,0,0.0,0,0.0,0.0,53282.15,53667.55,52783.45,53710.35,0,0.0,0.0,0.0,0.0,-0.01,-1,-1,-0.01,-1,-1,-0.01,-1,-1,-0.01,-1,-1,-0.01,-1,-1,-0.01,-1,-1,-0.01,-1,-1,-0.01,-1,-1,-0.01,-1,-1,-0.01,-1,-1
99926009,2026-05-18 15:19:56+05:30,53484.25,0,0.0,0,0.0,0.0,53282.15,53667.55,52783.45,53710.35,0,0.0,0.0,0.0,0.0,-0.01,-1,-1,-0.01,-1,-1,-0.01,-1,-1,-0.01,-1,-1,-0.01,-1,-1,-0.01,-1,-1,-0.01,-1,-1,-0.01,-1,-1,-0.01,-1,-1,-0.01,-1,-1
99926009,2026-05-18 15:19:56+05:30,53479.05,0,0.0,0,0.0,0.0,53282.15,53667.55,52783.45,53710.35,0,0.0,0.0,0.0,0.0,-0.01,-1,-1,-0.01,-1,-1,-0.01,-1,-1,-0.01,-1,-1,-0.01,-1,-1,-0.01,-1,-1,-0.01,-1,-1,-0.01,-1,-1,-0.01,-1,-1,-0.01,-1,-1
99926009,2026-05-18 15:19:57+05:30,53479.05,0,0.0,0,0.0,0.0,53282.15,53667.55,52783.45,53710.35,0,0.0,0.0,0.0,0.0,-0.01,-1,-1,-0.01,-1,-1,-0.01,-1,-1,-0.01,-1,-1,-0.01,-1,-1,-0.01,-1,-1,-0.01,-1,-1,-0.01,-1,-1,-0.01,-1,-1,-0.01,-1,-1
99926009,2026-05-18 15:19:57+05:30,53484.65,0,0.0,0,0.0,0.0,53282.15,53667.55,52783.45,53710.35,0,0.0,0.0,0.0,0.0,-0.01,-1,-1,-0.01,-1,-1,-0.01,-1,-1,-0.01,-1,-1,-0.01,-1,-1,-0.01,-1,-1,-0.01,-1,-1,-0.01,-1,-1,-0.01,-1,-1,-0.01,-1,-1
99926009,2026-05-18 15:19:57+05:30,53476.0,0,0.0,0,0.0,0.0,53282.15,53667.55,52783.45,53710.35,0,0.0,0.0,0.0,0.0,-0.01,-1,-1,-0.01,-1,-1,-0.01,-1,-1,-0.01,-1,-1,-0.01,-1,-1,-0.01,-1,-1,-0.01,-1,-1,-0.01,-1,-1,-0.01,-1,-1,-0.01,-1,-1
99926009,2026-05-18 15:19:58+05:30,53476.0,0,0.0,0,0.0,0.0,53282.15,53667.55,52783.45,53710.35,0,0.0,0.0,0.0,0.0,-0.01,-1,-1,-0.01,-1,-1,-0.01,-1,-1,-0.01,-1,-1,-0.01,-1,-1,-0.01,-1,-1,-0.01,-1,-1,-0.01,-1,-1,-0.01,-1,-1,-0.01,-1,-1
99926009,2026-05-18 15:19:58+05:30,53475.95,0,0.0,0,0.0,0.0,53282.15,53667.55,52783.45,53710.35,0,0.0,0.0,0.0,0.0,-0.01,-1,-1,-0.01,-1,-1,-0.01,-1,-1,-0.01,-1,-1,-0.01,-1,-1,-0.01,-1,-1,-0.01,-1,-1,-0.01,-1,-1,-0.01,-1,-1,-0.01,-1,-1
99926009,2026-05-18 15:19:58+05:30,53476.7,0,0.0,0,0.0,0.0,53282.15,53667.55,52783.45,53710.35,0,0.0,0.0,0.0,0.0,-0.01,-1,-1,-0.01,-1,-1,-0.01,-1,-1,-0.01,-1,-1,-0.01,-1,-1,-0.01,-1,-1,-0.01,-1,-1,-0.01,-1,-1,-0.01,-1,-1,-0.01,-1,-1
99926009,2026-05-18 15:19:59+05:30,53476.7,0,0.0,0,0.0,0.0,53282.15,53667.55,52783.45,53710.35,0,0.0,0.0,0.0,0.0,-0.01,-1,-1,-0.01,-1,-1,-0.01,-1,-1,-0.01,-1,-1,-0.01,-1,-1,-0.01,-1,-1,-0.01,-1,-1,-0.01,-1,-1,-0.01,-1,-1,-0.01,-1,-1
99926009,2026-05-18 15:19:59+05:30,53476.6,0,0.0,0,0.0,0.0,53282.15,53667.55,52783.45,53710.35,0,0.0,0.0,0.0,0.0,-0.01,-1,-1,-0.01,-1,-1,-0.01,-1,-1,-0.01,-1,-1,-0.01,-1,-1,-0.01,-1,-1,-0.01,-1,-1,-0.01,-1,-1,-0.01,-1,-1,-0.01,-1,-1
99926009,2026-05-18 15:19:59+05:30,53479.25,0,0.0,0,0.0,0.0,53282.15,53667.55,52783.45,53710.35,0,0.0,0.0,0.0,0.0,-0.01,-1,-1,-0.01,-1,-1,-0.01,-1,-1,-0.01,-1,-1,-0.01,-1,-1,-0.01,-1,-1,-0.01,-1,-1,-0.01,-1,-1,-0.01,-1,-1,-0.01,-1,-1
99926009,2026-05-18 15:20:00+05:30,53479.25,0,0.0,0,0.0,0.0,53282.15,53667.55,52783.45,53710.35,0,0.0,0.0,0.0,0.0,-0.01,-1,-1,-0.01,-1,-1,-0.01,-1,-1,-0.01,-1,-1,-0.01,-1,-1,-0.01,-1,-1,-0.01,-1,-1,-0.01,-1,-1,-0.01,-1,-1,-0.01,-1,-1
99926009,2026-05-18 15:20:00+05:30,53481.85,0,0.0,0,0.0,0.0,53282.15,53667.55,52783.45,53710.35,0,0.0,0.0,0.0,0.0,-0.01,-1,-1,-0.01,-1,-1,-0.01,-1,-1,-0.01,-1,-1,-0.01,-1,-1,-0.01,-1,-1,-0.01,-1,-1,-0.01,-1,-1,-0.01,-1,-1,-0.01,-1,-1
99926009,2026-05-18 15:20:00+05:30,53483.6,0,0.0,0,0.0,0.0,53282.15,53667.55,52783.45,53710.35,0,0.0,0.0,0.0,0.0,-0.01,-1,-1,-0.01,-1,-1,-0.01,-1,-1,-0.01,-1,-1,-0.01,-1,-1,-0.01,-1,-1,-0.01,-1,-1,-0.01,-1,-1,-0.01,-1,-1,-0.01,-1,-1
99926009,2026-05-18 15:20:01+05:30,53483.6,0,0.0,0,0.0,0.0,53282.15,53667.55,52783.45,53710.35,0,0.0,0.0,0.0,0.0,-0.01,-1,-1,-0.01,-1,-1,-0.01,-1,-1,-0.01,-1,-1,-0.01,-1,-1,-0.01,-1,-1,-0.01,-1,-1,-0.01,-1,-1,-0.01,-1,-1,-0.01,-1,-1
99926009,2026-05-18 15:20:01+05:30,53482.2,0,0.0,0,0.0,0.0,53282.15,53667.55,52783.45,53710.35,0,0.0,0.0,0.0,0.0,-0.01,-1,-1,-0.01,-1,-1,-0.01,-1,-1,-0.01,-1,-1,-0.01,-1,-1,-0.01,-1,-1,-0.01,-1,-1,-0.01,-1,-1,-0.01,-1,-1,-0.01,-1,-1
99926009,2026-05-18 15:20:01+05:30,53478.7,0,0.0,0,0.0,0.0,53282.15,53667.55,52783.45,53710.35,0,0.0,0.0,0.0,0.0,-0.01,-1,-1,-0.01,-1,-1,-0.01,-1,-1,-0.01,-1,-1,-0.01,-1,-1,-0.01,-1,-1,-0.01,-1,-1,-0.01,-1,-1,-0.01,-1,-1,-0.01,-1,-1
99926009,2026-05-18 15:20:02+05:30,53478.7,0,0.0,0,0.0,0.0,53282.15,53667.55,52783.45,53710.35,0,0.0,0.0,0.0,0.0,-0.01,-1,-1,-0.01,-1,-1,-0.01,-1,-1,-0.01,-1,-1,-0.01,-1,-1,-0.01,-1,-1,-0.01,-1,-1,-0.01,-1,-1,-0.01,-1,-1,-0.01,-1,-1
99926009,2026-05-18 15:20:02+05:30,53479.3,0,0.0,0,0.0,0.0,53282.15,53667.55,52783.45,53710.35,0,0.0,0.0,0.0,0.0,-0.01,-1,-1,-0.01,-1,-1,-0.01,-1,-1,-0.01,-1,-1,-0.01,-1,-1,-0.01,-1,-1,-0.01,-1,-1,-0.01,-1,-1,-0.01,-1,-1,-0.01,-1,-1
99926009,2026-05-18 15:20:02+05:30,53480.7,0,0.0,0,0.0,0.0,53282.15,53667.55,52783.45,53710.35,0,0.0,0.0,0.0,0.0,-0.01,-1,-1,-0.01,-1,-1,-0.01,-1,-1,-0.01,-1,-1,-0.01,-1,-1,-0.01,-1,-1,-0.01,-1,-1,-0.01,-1,-1,-0.01,-1,-1,-0.01,-1,-1
99926009,2026-05-18 15:20:03+05:30,53480.7,0,0.0,0,0.0,0.0,53282.15,53667.55,52783.45,53710.35,0,0.0,0.0,0.0,0.0,-0.01,-1,-1,-0.01,-1,-1,-0.01,-1,-1,-0.01,-1,-1,-0.01,-1,-1,-0.01,-1,-1,-0.01,-1,-1,-0.01,-1,-1,-0.01,-1,-1,-0.01,-1,-1
99926009,2026-05-18 15:20:03+05:30,53478.4,0,0.0,0,0.0,0.0,53282.15,53667.55,52783.45,53710.35,0,0.0,0.0,0.0,0.0,-0.01,-1,-1,-0.01,-1,-1,-0.01,-1,-1,-0.01,-1,-1,-0.01,-1,-1,-0.01,-1,-1,-0.01,-1,-1,-0.01,-1,-1,-0.01,-1,-1,-0.01,-1,-1
99926009,2026-05-18 15:20:03+05:30,53479.8,0,0.0,0,0.0,0.0,53282.15,53667.55,52783.45,53710.35,0,0.0,0.0,0.0,0.0,-0.01,-1,-1,-0.01,-1,-1,-0.01,-1,-1,-0.01,-1,-1,-0.01,-1,-1,-0.01,-1,-1,-0.01,-1,-1,-0.01,-1,-1,-0.01,-1,-1,-0.01,-1,-1
99926009,2026-05-18 15:20:04+05:30,53479.8,0,0.0,0,0.0,0.0,53282.15,53667.55,52783.45,53710.35,0,0.0,0.0,0.0,0.0,-0.01,-1,-1,-0.01,-1,-1,-0.01,-1,-1,-0.01,-1,-1,-0.01,-1,-1,-0.01,-1,-1,-0.01,-1,-1,-0.01,-1,-1,-0.01,-1,-1,-0.01,-1,-1
99926009,2026-05-18 15:20:04+05:30,53480.4,0,0.0,0,0.0,0.0,53282.15,53667.55,52783.45,53710.35,0,0.0,0.0,0.0,0.0,-0.01,-1,-1,-0.01,-1,-1,-0.01,-1,-1,-0.01,-1,-1,-0.01,-1,-1,-0.01,-1,-1,-0.01,-1,-1,-0.01,-1,-1,-0.01,-1,-1,-0.01,-1,-1
99926009,2026-05-18 15:20:04+05:30,53480.55,0,0.0,0,0.0,0.0,53282.15,53667.55,52783.45,53710.35,0,0.0,0.0,0.0,0.0,-0.01,-1,-1,-0.01,-1,-1,-0.01,-1,-1,-0.01,-1,-1,-0.01,-1,-1,-0.01,-1,-1,-0.01,-1,-1,-0.01,-1,-1,-0.01,-1,-1,-0.01,-1,-1
99926009,2026-05-18 15:20:05+05:30,53480.55,0,0.0,0,0.0,0.0,53282.15,53667.55,52783.45,53710.35,0,0.0,0.0,0.0,0.0,-0.01,-1,-1,-0.01,-1,-1,-0.01,-1,-1,-0.01,-1,-1,-0.01,-1,-1,-0.01,-1,-1,-0.01,-1,-1,-0.01,-1,-1,-0.01,-1,-1,-0.01,-1,-1
99926009,2026-05-18 15:20:05+05:30,53477.7,0,0.0,0,0.0,0.0,53282.15,53667.55,52783.45,53710.35,0,0.0,0.0,0.0,0.0,-0.01,-1,-1,-0.01,-1,-1,-0.01,-1,-1,-0.01,-1,-1,-0.01,-1,-1,-0.01,-1,-1,-0.01,-1,-1,-0.01,-1,-1,-0.01,-1,-1,-0.01,-1,-1
99926009,2026-05-18 15:20:05+05:30,53480.2,0,0.0,0,0.0,0.0,53282.15,53667.55,52783.45,53710.35,0,0.0,0.0,0.0,0.0,-0.01,-1,-1,-0.01,-1,-1,-0.01,-1,-1,-0.01,-1,-1,-0.01,-1,-1,-0.01,-1,-1,-0.01,-1,-1,-0.01,-1,-1,-0.01,-1,-1,-0.01,-1,-1
99926009,2026-05-18 15:20:06+05:30,53480.2,0,0.0,0,0.0,0.0,53282.15,53667.55,52783.45,53710.35,0,0.0,0.0,0.0,0.0,-0.01,-1,-1,-0.01,-1,-1,-0.01,-1,-1,-0.01,-1,-1,-0.01,-1,-1,-0.01,-1,-1,-0.01,-1,-1,-0.01,-1,-1,-0.01,-1,-1,-0.01,-1,-1
99926009,2026-05-18 15:20:06+05:30,53478.6,0,0.0,0,0.0,0.0,53282.15,53667.55,52783.45,53710.35,0,0.0,0.0,0.0,0.0,-0.01,-1,-1,-0.01,-1,-1,-0.01,-1,-1,-0.01,-1,-1,-0.01,-1,-1,-0.01,-1,-1,-0.01,-1,-1,-0.01,-1,-1,-0.01,-1,-1,-0.01,-1,-1
99926009,2026-05-18 15:20:06+05:30,53477.05,0,0.0,0,0.0,0.0,53282.15,53667.55,52783.45,53710.35,0,0.0,0.0,0.0,0.0,-0.01,-1,-1,-0.01,-1,-1,-0.01,-1,-1,-0.01,-1,-1,-0.01,-1,-1,-0.01,-1,-1,-0.01,-1,-1,-0.01,-1,-1,-0.01,-1,-1,-0.01,-1,-1
99926009,2026-05-18 15:20:07+05:30,53477.05,0,0.0,0,0.0,0.0,53282.15,53667.55,52783.45,53710.35,0,0.0,0.0,0.0,0.0,-0.01,-1,-1,-0.01,-1,-1,-0.01,-1,-1,-0.01,-1,-1,-0.01,-1,-1,-0.01,-1,-1,-0.01,-1,-1,-0.01,-1,-1,-0.01,-1,-1,-0.01,-1,-1
99926009,2026-05-18 15:20:07+05:30,53477.5,0,0.0,0,0.0,0.0,53282.15,53667.55,52783.45,53710.35,0,0.0,0.0,0.0,0.0,-0.01,-1,-1,-0.01,-1,-1,-0.01,-1,-1,-0.01,-1,-1,-0.01,-1,-1,-0.01,-1,-1,-0.01,-1,-1,-0.01,-1,-1,-0.01,-1,-1,-0.01,-1,-1
99926009,2026-05-18 15:20:07+05:30,53478.05,0,0.0,0,0.0,0.0,53282.15,53667.55,52783.45,53710.35,0,0.0,0.0,0.0,0.0,-0.01,-1,-1,-0.01,-1,-1,-0.01,-1,-1,-0.01,-1,-1,-0.01,-1,-1,-0.01,-1,-1,-0.01,-1,-1,-0.01,-1,-1,-0.01,-1,-1,-0.01,-1,-1
99926009,2026-05-18 15:20:08+05:30,53478.05,0,0.0,0,0.0,0.0,53282.15,53667.55,52783.45,53710.35,0,0.0,0.0,0.0,0.0,-0.01,-1,-1,-0.01,-1,-1,-0.01,-1,-1,-0.01,-1,-1,-0.01,-1,-1,-0.01,-1,-1,-0.01,-1,-1,-0.01,-1,-1,-0.01,-1,-1,-0.01,-1,-1
99926009,2026-05-18 15:20:08+05:30,53480.2,0,0.0,0,0.0,0.0,53282.15,53667.55,52783.45,53710.35,0,0.0,0.0,0.0,0.0,-0.01,-1,-1,-0.01,-1,-1,-0.01,-1,-1,-0.01,-1,-1,-0.01,-1,-1,-0.01,-1,-1,-0.01,-1,-1,-0.01,-1,-1,-0.01,-1,-1,-0.01,-1,-1
99926009,2026-05-18 15:20:08+05:30,53478.7,0,0.0,0,0.0,0.0,53282.15,53667.55,52783.45,53710.35,0,0.0,0.0,0.0,0.0,-0.01,-1,-1,-0.01,-1,-1,-0.01,-1,-1,-0.01,-1,-1,-0.01,-1,-1,-0.01,-1,-1,-0.01,-1,-1,-0.01,-1,-1,-0.01,-1,-1,-0.01,-1,-1
99926009,2026-05-18 15:20:09+05:30,53478.7,0,0.0,0,0.0,0.0,53282.15,53667.55,52783.45,53710.35,0,0.0,0.0,0.0,0.0,-0.01,-1,-1,-0.01,-1,-1,-0.01,-1,-1,-0.01,-1,-1,-0.01,-1,-1,-0.01,-1,-1,-0.01,-1,-1,-0.01,-1,-1,-0.01,-1,-1,-0.01,-1,-1
99926009,2026-05-18 15:20:09+05:30,53480.6,0,0.0,0,0.0,0.0,53282.15,53667.55,52783.45,53710.35,0,0.0,0.0,0.0,0.0,-0.01,-1,-1,-0.01,-1,-1,-0.01,-1,-1,-0.01,-1,-1,-0.01,-1,-1,-0.01,-1,-1,-0.01,-1,-1,-0.01,-1,-1,-0.01,-1,-1,-0.01,-1,-1
99926009,2026-05-18 15:20:09+05:30,53477.5,0,0.0,0,0.0,0.0,53282.15,53667.55,52783.45,53710.35,0,0.0,0.0,0.0,0.0,-0.01,-1,-1,-0.01,-1,-1,-0.01,-1,-1,-0.01,-1,-1,-0.01,-1,-1,-0.01,-1,-1,-0.01,-1,-1,-0.01,-1,-1,-0.01,-1,-1,-0.01,-1,-1
99926009,2026-05-18 15:20:10+05:30,53477.5,0,0.0,0,0.0,0.0,53282.15,53667.55,52783.45,53710.35,0,0.0,0.0,0.0,0.0,-0.01,-1,-1,-0.01,-1,-1,-0.01,-1,-1,-0.01,-1,-1,-0.01,-1,-1,-0.01,-1,-1,-0.01,-1,-1,-0.01,-1,-1,-0.01,-1,-1,-0.01,-1,-1
99926009,2026-05-18 15:20:10+05:30,53481.55,0,0.0,0,0.0,0.0,53282.15,53667.55,52783.45,53710.35,0,0.0,0.0,0.0,0.0,-0.01,-1,-1,-0.01,-1,-1,-0.01,-1,-1,-0.01,-1,-1,-0.01,-1,-1,-0.01,-1,-1,-0.01,-1,-1,-0.01,-1,-1,-0.01,-1,-1,-0.01,-1,-1
99926009,2026-05-18 15:20:10+05:30,53479.35,0,0.0,0,0.0,0.0,53282.15,53667.55,52783.45,53710.35,0,0.0,0.0,0.0,0.0,-0.01,-1,-1,-0.01,-1,-1,-0.01,-1,-1,-0.01,-1,-1,-0.01,-1,-1,-0.01,-1,-1,-0.01,-1,-1,-0.01,-1,-1,-0.01,-1,-1,-0.01,-1,-1
99926009,2026-05-18 15:20:11+05:30,53479.35,0,0.0,0,0.0,0.0,53282.15,53667.55,52783.45,53710.35,0,0.0,0.0,0.0,0.0,-0.01,-1,-1,-0.01,-1,-1,-0.01,-1,-1,-0.01,-1,-1,-0.01,-1,-1,-0.01,-1,-1,-0.01,-1,-1,-0.01,-1,-1,-0.01,-1,-1,-0.01,-1,-1
99926009,2026-05-18 15:20:11+05:30,53478.25,0,0.0,0,0.0,0.0,53282.15,53667.55,52783.45,53710.35,0,0.0,0.0,0.0,0.0,-0.01,-1,-1,-0.01,-1,-1,-0.01,-1,-1,-0.01,-1,-1,-0.01,-1,-1,-0.01,-1,-1,-0.01,-1,-1,-0.01,-1,-1,-0.01,-1,-1,-0.01,-1,-1
99926009,2026-05-18 15:20:11+05:30,53475.7,0,0.0,0,0.0,0.0,53282.15,53667.55,52783.45,53710.35,0,0.0,0.0,0.0,0.0,-0.01,-1,-1,-0.01,-1,-1,-0.01,-1,-1,-0.01,-1,-1,-0.01,-1,-1,-0.01,-1,-1,-0.01,-1,-1,-0.01,-1,-1,-0.01,-1,-1,-0.01,-1,-1
99926009,2026-05-18 15:20:12+05:30,53475.7,0,0.0,0,0.0,0.0,53282.15,53667.55,52783.45,53710.35,0,0.0,0.0,0.0,0.0,-0.01,-1,-1,-0.01,-1,-1,-0.01,-1,-1,-0.01,-1,-1,-0.01,-1,-1,-0.01,-1,-1,-0.01,-1,-1,-0.01,-1,-1,-0.01,-1,-1,-0.01,-1,-1
99926009,2026-05-18 15:20:12+05:30,53479.95,0,0.0,0,0.0,0.0,53282.15,53667.55,52783.45,53710.35,0,0.0,0.0,0.0,0.0,-0.01,-1,-1,-0.01,-1,-1,-0.01,-1,-1,-0.01,-1,-1,-0.01,-1,-1,-0.01,-1,-1,-0.01,-1,-1,-0.01,-1,-1,-0.01,-1,-1,-0.01,-1,-1
99926009,2026-05-18 15:20:12+05:30,53478.6,0,0.0,0,0.0,0.0,53282.15,53667.55,52783.45,53710.35,0,0.0,0.0,0.0,0.0,-0.01,-1,-1,-0.01,-1,-1,-0.01,-1,-1,-0.01,-1,-1,-0.01,-1,-1,-0.01,-1,-1,-0.01,-1,-1,-0.01,-1,-1,-0.01,-1,-1,-0.01,-1,-1
99926009,2026-05-18 15:20:13+05:30,53478.6,0,0.0,0,0.0,0.0,53282.15,53667.55,52783.45,53710.35,0,0.0,0.0,0.0,0.0,-0.01,-1,-1,-0.01,-1,-1,-0.01,-1,-1,-0.01,-1,-1,-0.01,-1,-1,-0.01,-1,-1,-0.01,-1,-1,-0.01,-1,-1,-0.01,-1,-1,-0.01,-1,-1
99926009,2026-05-18 15:20:13+05:30,53480.0,0,0.0,0,0.0,0.0,53282.15,53667.55,52783.45,53710.35,0,0.0,0.0,0.0,0.0,-0.01,-1,-1,-0.01,-1,-1,-0.01,-1,-1,-0.01,-1,-1,-0.01,-1,-1,-0.01,-1,-1,-0.01,-1,-1,-0.01,-1,-1,-0.01,-1,-1,-0.01,-1,-1
99926009,2026-05-18 15:20:13+05:30,53479.3,0,0.0,0,0.0,0.0,53282.15,53667.55,52783.45,53710.35,0,0.0,0.0,0.0,0.0,-0.01,-1,-1,-0.01,-1,-1,-0.01,-1,-1,-0.01,-1,-1,-0.01,-1,-1,-0.01,-1,-1,-0.01,-1,-1,-0.01,-1,-1,-0.01,-1,-1,-0.01,-1,-1
99926009,2026-05-18 15:20:14+05:30,53479.3,0,0.0,0,0.0,0.0,53282.15,53667.55,52783.45,53710.35,0,0.0,0.0,0.0,0.0,-0.01,-1,-1,-0.01,-1,-1,-0.01,-1,-1,-0.01,-1,-1,-0.01,-1,-1,-0.01,-1,-1,-0.01,-1,-1,-0.01,-1,-1,-0.01,-1,-1,-0.01,-1,-1
99926009,2026-05-18 15:20:14+05:30,53481.55,0,0.0,0,0.0,0.0,53282.15,53667.55,52783.45,53710.35,0,0.0,0.0,0.0,0.0,-0.01,-1,-1,-0.01,-1,-1,-0.01,-1,-1,-0.01,-1,-1,-0.01,-1,-1,-0.01,-1,-1,-0.01,-1,-1,-0.01,-1,-1,-0.01,-1,-1,-0.01,-1,-1
99926009,2026-05-18 15:20:14+05:30,53479.3,0,0.0,0,0.0,0.0,53282.15,53667.55,52783.45,53710.35,0,0.0,0.0,0.0,0.0,-0.01,-1,-1,-0.01,-1,-1,-0.01,-1,-1,-0.01,-1,-1,-0.01,-1,-1,-0.01,-1,-1,-0.01,-1,-1,-0.01,-1,-1,-0.01,-1,-1,-0.01,-1,-1
99926009,2026-05-18 15:20:15+05:30,53479.3,0,0.0,0,0.0,0.0,53282.15,53667.55,52783.45,53710.35,0,0.0,0.0,0.0,0.0,-0.01,-1,-1,-0.01,-1,-1,-0.01,-1,-1,-0.01,-1,-1,-0.01,-1,-1,-0.01,-1,-1,-0.01,-1,-1,-0.01,-1,-1,-0.01,-1,-1,-0.01,-1,-1
99926009,2026-05-18 15:20:15+05:30,53486.15,0,0.0,0,0.0,0.0,53282.15,53667.55,52783.45,53710.35,0,0.0,0.0,0.0,0.0,-0.01,-1,-1,-0.01,-1,-1,-0.01,-1,-1,-0.01,-1,-1,-0.01,-1,-1,-0.01,-1,-1,-0.01,-1,-1,-0.01,-1,-1,-0.01,-1,-1,-0.01,-1,-1
99926009,2026-05-18 15:20:15+05:30,53485.7,0,0.0,0,0.0,0.0,53282.15,53667.55,52783.45,53710.35,0,0.0,0.0,0.0,0.0,-0.01,-1,-1,-0.01,-1,-1,-0.01,-1,-1,-0.01,-1,-1,-0.01,-1,-1,-0.01,-1,-1,-0.01,-1,-1,-0.01,-1,-1,-0.01,-1,-1,-0.01,-1,-1
99926009,2026-05-18 15:20:16+05:30,53485.7,0,0.0,0,0.0,0.0,53282.15,53667.55,52783.45,53710.35,0,0.0,0.0,0.0,0.0,-0.01,-1,-1,-0.01,-1,-1,-0.01,-1,-1,-0.01,-1,-1,-0.01,-1,-1,-0.01,-1,-1,-0.01,-1,-1,-0.01,-1,-1,-0.01,-1,-1,-0.01,-1,-1
99926009,2026-05-18 15:20:16+05:30,53483.9,0,0.0,0,0.0,0.0,53282.15,53667.55,52783.45,53710.35,0,0.0,0.0,0.0,0.0,-0.01,-1,-1,-0.01,-1,-1,-0.01,-1,-1,-0.01,-1,-1,-0.01,-1,-1,-0.01,-1,-1,-0.01,-1,-1,-0.01,-1,-1,-0.01,-1,-1,-0.01,-1,-1
99926009,2026-05-18 15:20:16+05:30,53482.1,0,0.0,0,0.0,0.0,53282.15,53667.55,52783.45,53710.35,0,0.0,0.0,0.0,0.0,-0.01,-1,-1,-0.01,-1,-1,-0.01,-1,-1,-0.01,-1,-1,-0.01,-1,-1,-0.01,-1,-1,-0.01,-1,-1,-0.01,-1,-1,-0.01,-1,-1,-0.01,-1,-1
99926009,2026-05-18 15:20:17+05:30,53482.1,0,0.0,0,0.0,0.0,53282.15,53667.55,52783.45,53710.35,0,0.0,0.0,0.0,0.0,-0.01,-1,-1,-0.01,-1,-1,-0.01,-1,-1,-0.01,-1,-1,-0.01,-1,-1,-0.01,-1,-1,-0.01,-1,-1,-0.01,-1,-1,-0.01,-1,-1,-0.01,-1,-1
99926009,2026-05-18 15:20:17+05:30,53482.1,0,0.0,0,0.0,0.0,53282.15,53667.55,52783.45,53710.35,0,0.0,0.0,0.0,0.0,-0.01,-1,-1,-0.01,-1,-1,-0.01,-1,-1,-0.01,-1,-1,-0.01,-1,-1,-0.01,-1,-1,-0.01,-1,-1,-0.01,-1,-1,-0.01,-1,-1,-0.01,-1,-1
99926009,2026-05-18 15:20:17+05:30,53484.75,0,0.0,0,0.0,0.0,53282.15,53667.55,52783.45,53710.35,0,0.0,0.0,0.0,0.0,-0.01,-1,-1,-0.01,-1,-1,-0.01,-1,-1,-0.01,-1,-1,-0.01,-1,-1,-0.01,-1,-1,-0.01,-1,-1,-0.01,-1,-1,-0.01,-1,-1,-0.01,-1,-1
99926009,2026-05-18 15:20:18+05:30,53484.75,0,0.0,0,0.0,0.0,53282.15,53667.55,52783.45,53710.35,0,0.0,0.0,0.0,0.0,-0.01,-1,-1,-0.01,-1,-1,-0.01,-1,-1,-0.01,-1,-1,-0.01,-1,-1,-0.01,-1,-1,-0.01,-1,-1,-0.01,-1,-1,-0.01,-1,-1,-0.01,-1,-1
99926009,2026-05-18 15:20:18+05:30,53482.6,0,0.0,0,0.0,0.0,53282.15,53667.55,52783.45,53710.35,0,0.0,0.0,0.0,0.0,-0.01,-1,-1,-0.01,-1,-1,-0.01,-1,-1,-0.01,-1,-1,-0.01,-1,-1,-0.01,-1,-1,-0.01,-1,-1,-0.01,-1,-1,-0.01,-1,-1,-0.01,-1,-1
99926009,2026-05-18 15:20:18+05:30,53479.2,0,0.0,0,0.0,0.0,53282.15,53667.55,52783.45,53710.35,0,0.0,0.0,0.0,0.0,-0.01,-1,-1,-0.01,-1,-1,-0.01,-1,-1,-0.01,-1,-1,-0.01,-1,-1,-0.01,-1,-1,-0.01,-1,-1,-0.01,-1,-1,-0.01,-1,-1,-0.01,-1,-1
99926009,2026-05-18 15:20:19+05:30,53479.2,0,0.0,0,0.0,0.0,53282.15,53667.55,52783.45,53710.35,0,0.0,0.0,0.0,0.0,-0.01,-1,-1,-0.01,-1,-1,-0.01,-1,-1,-0.01,-1,-1,-0.01,-1,-1,-0.01,-1,-1,-0.01,-1,-1,-0.01,-1,-1,-0.01,-1,-1,-0.01,-1,-1
99926009,2026-05-18 15:20:19+05:30,53481.5,0,0.0,0,0.0,0.0,53282.15,53667.55,52783.45,53710.35,0,0.0,0.0,0.0,0.0,-0.01,-1,-1,-0.01,-1,-1,-0.01,-1,-1,-0.01,-1,-1,-0.01,-1,-1,-0.01,-1,-1,-0.01,-1,-1,-0.01,-1,-1,-0.01,-1,-1,-0.01,-1,-1
99926009,2026-05-18 15:20:19+05:30,53482.45,0,0.0,0,0.0,0.0,53282.15,53667.55,52783.45,53710.35,0,0.0,0.0,0.0,0.0,-0.01,-1,-1,-0.01,-1,-1,-0.01,-1,-1,-0.01,-1,-1,-0.01,-1,-1,-0.01,-1,-1,-0.01,-1,-1,-0.01,-1,-1,-0.01,-1,-1,-0.01,-1,-1
99926009,2026-05-18 15:20:20+05:30,53482.45,0,0.0,0,0.0,0.0,53282.15,53667.55,52783.45,53710.35,0,0.0,0.0,0.0,0.0,-0.01,-1,-1,-0.01,-1,-1,-0.01,-1,-1,-0.01,-1,-1,-0.01,-1,-1,-0.01,-1,-1,-0.01,-1,-1,-0.01,-1,-1,-0.01,-1,-1,-0.01,-1,-1
99926009,2026-05-18 15:20:20+05:30,53482.35,0,0.0,0,0.0,0.0,53282.15,53667.55,52783.45,53710.35,0,0.0,0.0,0.0,0.0,-0.01,-1,-1,-0.01,-1,-1,-0.01,-1,-1,-0.01,-1,-1,-0.01,-1,-1,-0.01,-1,-1,-0.01,-1,-1,-0.01,-1,-1,-0.01,-1,-1,-0.01,-1,-1
99926009,2026-05-18 15:20:20+05:30,53483.85,0,0.0,0,0.0,0.0,53282.15,53667.55,52783.45,53710.35,0,0.0,0.0,0.0,0.0,-0.01,-1,-1,-0.01,-1,-1,-0.01,-1,-1,-0.01,-1,-1,-0.01,-1,-1,-0.01,-1,-1,-0.01,-1,-1,-0.01,-1,-1,-0.01,-1,-1,-0.01,-1,-1
99926009,2026-05-18 15:20:21+05:30,53483.85,0,0.0,0,0.0,0.0,53282.15,53667.55,52783.45,53710.35,0,0.0,0.0,0.0,0.0,-0.01,-1,-1,-0.01,-1,-1,-0.01,-1,-1,-0.01,-1,-1,-0.01,-1,-1,-0.01,-1,-1,-0.01,-1,-1,-0.01,-1,-1,-0.01,-1,-1,-0.01,-1,-1
99926009,2026-05-18 15:20:21+05:30,53482.7,0,0.0,0,0.0,0.0,53282.15,53667.55,52783.45,53710.35,0,0.0,0.0,0.0,0.0,-0.01,-1,-1,-0.01,-1,-1,-0.01,-1,-1,-0.01,-1,-1,-0.01,-1,-1,-0.01,-1,-1,-0.01,-1,-1,-0.01,-1,-1,-0.01,-1,-1,-0.01,-1,-1
99926009,2026-05-18 15:20:21+05:30,53483.5,0,0.0,0,0.0,0.0,53282.15,53667.55,52783.45,53710.35,0,0.0,0.0,0.0,0.0,-0.01,-1,-1,-0.01,-1,-1,-0.01,-1,-1,-0.01,-1,-1,-0.01,-1,-1,-0.01,-1,-1,-0.01,-1,-1,-0.01,-1,-1,-0.01,-1,-1,-0.01,-1,-1
99926009,2026-05-18 15:20:22+05:30,53483.5,0,0.0,0,0.0,0.0,53282.15,53667.55,52783.45,53710.35,0,0.0,0.0,0.0,0.0,-0.01,-1,-1,-0.01,-1,-1,-0.01,-1,-1,-0.01,-1,-1,-0.01,-1,-1,-0.01,-1,-1,-0.01,-1,-1,-0.01,-1,-1,-0.01,-1,-1,-0.01,-1,-1
99926009,2026-05-18 15:20:22+05:30,53486.7,0,0.0,0,0.0,0.0,53282.15,53667.55,52783.45,53710.35,0,0.0,0.0,0.0,0.0,-0.01,-1,-1,-0.01,-1,-1,-0.01,-1,-1,-0.01,-1,-1,-0.01,-1,-1,-0.01,-1,-1,-0.01,-1,-1,-0.01,-1,-1,-0.01,-1,-1,-0.01,-1,-1
99926009,2026-05-18 15:20:22+05:30,53485.0,0,0.0,0,0.0,0.0,53282.15,53667.55,52783.45,53710.35,0,0.0,0.0,0.0,0.0,-0.01,-1,-1,-0.01,-1,-1,-0.01,-1,-1,-0.01,-1,-1,-0.01,-1,-1,-0.01,-1,-1,-0.01,-1,-1,-0.01,-1,-1,-0.01,-1,-1,-0.01,-1,-1
99926009,2026-05-18 15:20:23+05:30,53485.0,0,0.0,0,0.0,0.0,53282.15,53667.55,52783.45,53710.35,0,0.0,0.0,0.0,0.0,-0.01,-1,-1,-0.01,-1,-1,-0.01,-1,-1,-0.01,-1,-1,-0.01,-1,-1,-0.01,-1,-1,-0.01,-1,-1,-0.01,-1,-1,-0.01,-1,-1,-0.01,-1,-1
99926009,2026-05-18 15:20:23+05:30,53485.85,0,0.0,0,0.0,0.0,53282.15,53667.55,52783.45,53710.35,0,0.0,0.0,0.0,0.0,-0.01,-1,-1,-0.01,-1,-1,-0.01,-1,-1,-0.01,-1,-1,-0.01,-1,-1,-0.01,-1,-1,-0.01,-1,-1,-0.01,-1,-1,-0.01,-1,-1,-0.01,-1,-1
99926009,2026-05-18 15:20:23+05:30,53487.75,0,0.0,0,0.0,0.0,53282.15,53667.55,52783.45,53710.35,0,0.0,0.0,0.0,0.0,-0.01,-1,-1,-0.01,-1,-1,-0.01,-1,-1,-0.01,-1,-1,-0.01,-1,-1,-0.01,-1,-1,-0.01,-1,-1,-0.01,-1,-1,-0.01,-1,-1,-0.01,-1,-1
99926009,2026-05-18 15:20:24+05:30,53487.75,0,0.0,0,0.0,0.0,53282.15,53667.55,52783.45,53710.35,0,0.0,0.0,0.0,0.0,-0.01,-1,-1,-0.01,-1,-1,-0.01,-1,-1,-0.01,-1,-1,-0.01,-1,-1,-0.01,-1,-1,-0.01,-1,-1,-0.01,-1,-1,-0.01,-1,-1,-0.01,-1,-1
99926009,2026-05-18 15:20:24+05:30,53481.15,0,0.0,0,0.0,0.0,53282.15,53667.55,52783.45,53710.35,0,0.0,0.0,0.0,0.0,-0.01,-1,-1,-0.01,-1,-1,-0.01,-1,-1,-0.01,-1,-1,-0.01,-1,-1,-0.01,-1,-1,-0.01,-1,-1,-0.01,-1,-1,-0.01,-1,-1,-0.01,-1,-1
99926009,2026-05-18 15:20:24+05:30,53482.4,0,0.0,0,0.0,0.0,53282.15,53667.55,52783.45,53710.35,0,0.0,0.0,0.0,0.0,-0.01,-1,-1,-0.01,-1,-1,-0.01,-1,-1,-0.01,-1,-1,-0.01,-1,-1,-0.01,-1,-1,-0.01,-1,-1,-0.01,-1,-1,-0.01,-1,-1,-0.01,-1,-1
99926009,2026-05-18 15:20:25+05:30,53482.4,0,0.0,0,0.0,0.0,53282.15,53667.55,52783.45,53710.35,0,0.0,0.0,0.0,0.0,-0.01,-1,-1,-0.01,-1,-1,-0.01,-1,-1,-0.01,-1,-1,-0.01,-1,-1,-0.01,-1,-1,-0.01,-1,-1,-0.01,-1,-1,-0.01,-1,-1,-0.01,-1,-1
99926009,2026-05-18 15:20:25+05:30,53480.75,0,0.0,0,0.0,0.0,53282.15,53667.55,52783.45,53710.35,0,0.0,0.0,0.0,0.0,-0.01,-1,-1,-0.01,-1,-1,-0.01,-1,-1,-0.01,-1,-1,-0.01,-1,-1,-0.01,-1,-1,-0.01,-1,-1,-0.01,-1,-1,-0.01,-1,-1,-0.01,-1,-1
99926009,2026-05-18 15:20:25+05:30,53484.55,0,0.0,0,0.0,0.0,53282.15,53667.55,52783.45,53710.35,0,0.0,0.0,0.0,0.0,-0.01,-1,-1,-0.01,-1,-1,-0.01,-1,-1,-0.01,-1,-1,-0.01,-1,-1,-0.01,-1,-1,-0.01,-1,-1,-0.01,-1,-1,-0.01,-1,-1,-0.01,-1,-1
99926009,2026-05-18 15:20:26+05:30,53484.55,0,0.0,0,0.0,0.0,53282.15,53667.55,52783.45,53710.35,0,0.0,0.0,0.0,0.0,-0.01,-1,-1,-0.01,-1,-1,-0.01,-1,-1,-0.01,-1,-1,-0.01,-1,-1,-0.01,-1,-1,-0.01,-1,-1,-0.01,-1,-1,-0.01,-1,-1,-0.01,-1,-1
99926009,2026-05-18 15:20:26+05:30,53482.2,0,0.0,0,0.0,0.0,53282.15,53667.55,52783.45,53710.35,0,0.0,0.0,0.0,0.0,-0.01,-1,-1,-0.01,-1,-1,-0.01,-1,-1,-0.01,-1,-1,-0.01,-1,-1,-0.01,-1,-1,-0.01,-1,-1,-0.01,-1,-1,-0.01,-1,-1,-0.01,-1,-1
99926009,2026-05-18 15:20:26+05:30,53484.55,0,0.0,0,0.0,0.0,53282.15,53667.55,52783.45,53710.35,0,0.0,0.0,0.0,0.0,-0.01,-1,-1,-0.01,-1,-1,-0.01,-1,-1,-0.01,-1,-1,-0.01,-1,-1,-0.01,-1,-1,-0.01,-1,-1,-0.01,-1,-1,-0.01,-1,-1,-0.01,-1,-1
99926009,2026-05-18 15:20:27+05:30,53484.55,0,0.0,0,0.0,0.0,53282.15,53667.55,52783.45,53710.35,0,0.0,0.0,0.0,0.0,-0.01,-1,-1,-0.01,-1,-1,-0.01,-1,-1,-0.01,-1,-1,-0.01,-1,-1,-0.01,-1,-1,-0.01,-1,-1,-0.01,-1,-1,-0.01,-1,-1,-0.01,-1,-1
99926009,2026-05-18 15:20:27+05:30,53486.2,0,0.0,0,0.0,0.0,53282.15,53667.55,52783.45,53710.35,0,0.0,0.0,0.0,0.0,-0.01,-1,-1,-0.01,-1,-1,-0.01,-1,-1,-0.01,-1,-1,-0.01,-1,-1,-0.01,-1,-1,-0.01,-1,-1,-0.01,-1,-1,-0.01,-1,-1,-0.01,-1,-1
99926009,2026-05-18 15:20:27+05:30,53481.95,0,0.0,0,0.0,0.0,53282.15,53667.55,52783.45,53710.35,0,0.0,0.0,0.0,0.0,-0.01,-1,-1,-0.01,-1,-1,-0.01,-1,-1,-0.01,-1,-1,-0.01,-1,-1,-0.01,-1,-1,-0.01,-1,-1,-0.01,-1,-1,-0.01,-1,-1,-0.01,-1,-1
99926009,2026-05-18 15:20:28+05:30,53481.95,0,0.0,0,0.0,0.0,53282.15,53667.55,52783.45,53710.35,0,0.0,0.0,0.0,0.0,-0.01,-1,-1,-0.01,-1,-1,-0.01,-1,-1,-0.01,-1,-1,-0.01,-1,-1,-0.01,-1,-1,-0.01,-1,-1,-0.01,-1,-1,-0.01,-1,-1,-0.01,-1,-1
99926009,2026-05-18 15:20:28+05:30,53486.1,0,0.0,0,0.0,0.0,53282.15,53667.55,52783.45,53710.35,0,0.0,0.0,0.0,0.0,-0.01,-1,-1,-0.01,-1,-1,-0.01,-1,-1,-0.01,-1,-1,-0.01,-1,-1,-0.01,-1,-1,-0.01,-1,-1,-0.01,-1,-1,-0.01,-1,-1,-0.01,-1,-1
99926009,2026-05-18 15:20:28+05:30,53482.75,0,0.0,0,0.0,0.0,53282.15,53667.55,52783.45,53710.35,0,0.0,0.0,0.0,0.0,-0.01,-1,-1,-0.01,-1,-1,-0.01,-1,-1,-0.01,-1,-1,-0.01,-1,-1,-0.01,-1,-1,-0.01,-1,-1,-0.01,-1,-1,-0.01,-1,-1,-0.01,-1,-1
99926009,2026-05-18 15:20:29+05:30,53482.75,0,0.0,0,0.0,0.0,53282.15,53667.55,52783.45,53710.35,0,0.0,0.0,0.0,0.0,-0.01,-1,-1,-0.01,-1,-1,-0.01,-1,-1,-0.01,-1,-1,-0.01,-1,-1,-0.01,-1,-1,-0.01,-1,-1,-0.01,-1,-1,-0.01,-1,-1,-0.01,-1,-1
99926009,2026-05-18 15:20:29+05:30,53480.2,0,0.0,0,0.0,0.0,53282.15,53667.55,52783.45,53710.35,0,0.0,0.0,0.0,0.0,-0.01,-1,-1,-0.01,-1,-1,-0.01,-1,-1,-0.01,-1,-1,-0.01,-1,-1,-0.01,-1,-1,-0.01,-1,-1,-0.01,-1,-1,-0.01,-1,-1,-0.01,-1,-1
99926009,2026-05-18 15:20:29+05:30,53482.3,0,0.0,0,0.0,0.0,53282.15,53667.55,52783.45,53710.35,0,0.0,0.0,0.0,0.0,-0.01,-1,-1,-0.01,-1,-1,-0.01,-1,-1,-0.01,-1,-1,-0.01,-1,-1,-0.01,-1,-1,-0.01,-1,-1,-0.01,-1,-1,-0.01,-1,-1,-0.01,-1,-1
99926009,2026-05-18 15:20:30+05:30,53482.3,0,0.0,0,0.0,0.0,53282.15,53667.55,52783.45,53710.35,0,0.0,0.0,0.0,0.0,-0.01,-1,-1,-0.01,-1,-1,-0.01,-1,-1,-0.01,-1,-1,-0.01,-1,-1,-0.01,-1,-1,-0.01,-1,-1,-0.01,-1,-1,-0.01,-1,-1,-0.01,-1,-1
99926009,2026-05-18 15:20:30+05:30,53485.05,0,0.0,0,0.0,0.0,53282.15,53667.55,52783.45,53710.35,0,0.0,0.0,0.0,0.0,-0.01,-1,-1,-0.01,-1,-1,-0.01,-1,-1,-0.01,-1,-1,-0.01,-1,-1,-0.01,-1,-1,-0.01,-1,-1,-0.01,-1,-1,-0.01,-1,-1,-0.01,-1,-1
99926009,2026-05-18 15:20:30+05:30,53486.65,0,0.0,0,0.0,0.0,53282.15,53667.55,52783.45,53710.35,0,0.0,0.0,0.0,0.0,-0.01,-1,-1,-0.01,-1,-1,-0.01,-1,-1,-0.01,-1,-1,-0.01,-1,-1,-0.01,-1,-1,-0.01,-1,-1,-0.01,-1,-1,-0.01,-1,-1,-0.01,-1,-1
99926009,2026-05-18 15:20:31+05:30,53486.65,0,0.0,0,0.0,0.0,53282.15,53667.55,52783.45,53710.35,0,0.0,0.0,0.0,0.0,-0.01,-1,-1,-0.01,-1,-1,-0.01,-1,-1,-0.01,-1,-1,-0.01,-1,-1,-0.01,-1,-1,-0.01,-1,-1,-0.01,-1,-1,-0.01,-1,-1,-0.01,-1,-1
99926009,2026-05-18 15:20:31+05:30,53484.5,0,0.0,0,0.0,0.0,53282.15,53667.55,52783.45,53710.35,0,0.0,0.0,0.0,0.0,-0.01,-1,-1,-0.01,-1,-1,-0.01,-1,-1,-0.01,-1,-1,-0.01,-1,-1,-0.01,-1,-1,-0.01,-1,-1,-0.01,-1,-1,-0.01,-1,-1,-0.01,-1,-1
99926009,2026-05-18 15:20:31+05:30,53484.15,0,0.0,0,0.0,0.0,53282.15,53667.55,52783.45,53710.35,0,0.0,0.0,0.0,0.0,-0.01,-1,-1,-0.01,-1,-1,-0.01,-1,-1,-0.01,-1,-1,-0.01,-1,-1,-0.01,-1,-1,-0.01,-1,-1,-0.01,-1,-1,-0.01,-1,-1,-0.01,-1,-1
99926009,2026-05-18 15:20:32+05:30,53484.15,0,0.0,0,0.0,0.0,53282.15,53667.55,52783.45,53710.35,0,0.0,0.0,0.0,0.0,-0.01,-1,-1,-0.01,-1,-1,-0.01,-1,-1,-0.01,-1,-1,-0.01,-1,-1,-0.01,-1,-1,-0.01,-1,-1,-0.01,-1,-1,-0.01,-1,-1,-0.01,-1,-1
99926009,2026-05-18 15:20:32+05:30,53484.45,0,0.0,0,0.0,0.0,53282.15,53667.55,52783.45,53710.35,0,0.0,0.0,0.0,0.0,-0.01,-1,-1,-0.01,-1,-1,-0.01,-1,-1,-0.01,-1,-1,-0.01,-1,-1,-0.01,-1,-1,-0.01,-1,-1,-0.01,-1,-1,-0.01,-1,-1,-0.01,-1,-1
99926009,2026-05-18 15:20:32+05:30,53484.7,0,0.0,0,0.0,0.0,53282.15,53667.55,52783.45,53710.35,0,0.0,0.0,0.0,0.0,-0.01,-1,-1,-0.01,-1,-1,-0.01,-1,-1,-0.01,-1,-1,-0.01,-1,-1,-0.01,-1,-1,-0.01,-1,-1,-0.01,-1,-1,-0.01,-1,-1,-0.01,-1,-1
99926009,2026-05-18 15:20:33+05:30,53484.7,0,0.0,0,0.0,0.0,53282.15,53667.55,52783.45,53710.35,0,0.0,0.0,0.0,0.0,-0.01,-1,-1,-0.01,-1,-1,-0.01,-1,-1,-0.01,-1,-1,-0.01,-1,-1,-0.01,-1,-1,-0.01,-1,-1,-0.01,-1,-1,-0.01,-1,-1,-0.01,-1,-1
99926009,2026-05-18 15:20:33+05:30,53484.95,0,0.0,0,0.0,0.0,53282.15,53667.55,52783.45,53710.35,0,0.0,0.0,0.0,0.0,-0.01,-1,-1,-0.01,-1,-1,-0.01,-1,-1,-0.01,-1,-1,-0.01,-1,-1,-0.01,-1,-1,-0.01,-1,-1,-0.01,-1,-1,-0.01,-1,-1,-0.01,-1,-1
99926009,2026-05-18 15:20:33+05:30,53487.35,0,0.0,0,0.0,0.0,53282.15,53667.55,52783.45,53710.35,0,0.0,0.0,0.0,0.0,-0.01,-1,-1,-0.01,-1,-1,-0.01,-1,-1,-0.01,-1,-1,-0.01,-1,-1,-0.01,-1,-1,-0.01,-1,-1,-0.01,-1,-1,-0.01,-1,-1,-0.01,-1,-1
99926009,2026-05-18 15:20:34+05:30,53487.35,0,0.0,0,0.0,0.0,53282.15,53667.55,52783.45,53710.35,0,0.0,0.0,0.0,0.0,-0.01,-1,-1,-0.01,-1,-1,-0.01,-1,-1,-0.01,-1,-1,-0.01,-1,-1,-0.01,-1,-1,-0.01,-1,-1,-0.01,-1,-1,-0.01,-1,-1,-0.01,-1,-1
99926009,2026-05-18 15:20:34+05:30,53485.9,0,0.0,0,0.0,0.0,53282.15,53667.55,52783.45,53710.35,0,0.0,0.0,0.0,0.0,-0.01,-1,-1,-0.01,-1,-1,-0.01,-1,-1,-0.01,-1,-1,-0.01,-1,-1,-0.01,-1,-1,-0.01,-1,-1,-0.01,-1,-1,-0.01,-1,-1,-0.01,-1,-1
99926009,2026-05-18 15:20:34+05:30,53485.3,0,0.0,0,0.0,0.0,53282.15,53667.55,52783.45,53710.35,0,0.0,0.0,0.0,0.0,-0.01,-1,-1,-0.01,-1,-1,-0.01,-1,-1,-0.01,-1,-1,-0.01,-1,-1,-0.01,-1,-1,-0.01,-1,-1,-0.01,-1,-1,-0.01,-1,-1,-0.01,-1,-1
99926009,2026-05-18 15:20:35+05:30,53485.3,0,0.0,0,0.0,0.0,53282.15,53667.55,52783.45,53710.35,0,0.0,0.0,0.0,0.0,-0.01,-1,-1,-0.01,-1,-1,-0.01,-1,-1,-0.01,-1,-1,-0.01,-1,-1,-0.01,-1,-1,-0.01,-1,-1,-0.01,-1,-1,-0.01,-1,-1,-0.01,-1,-1
99926009,2026-05-18 15:20:35+05:30,53487.25,0,0.0,0,0.0,0.0,53282.15,53667.55,52783.45,53710.35,0,0.0,0.0,0.0,0.0,-0.01,-1,-1,-0.01,-1,-1,-0.01,-1,-1,-0.01,-1,-1,-0.01,-1,-1,-0.01,-1,-1,-0.01,-1,-1,-0.01,-1,-1,-0.01,-1,-1,-0.01,-1,-1
99926009,2026-05-18 15:20:35+05:30,53486.15,0,0.0,0,0.0,0.0,53282.15,53667.55,52783.45,53710.35,0,0.0,0.0,0.0,0.0,-0.01,-1,-1,-0.01,-1,-1,-0.01,-1,-1,-0.01,-1,-1,-0.01,-1,-1,-0.01,-1,-1,-0.01,-1,-1,-0.01,-1,-1,-0.01,-1,-1,-0.01,-1,-1
99926009,2026-05-18 15:20:36+05:30,53486.15,0,0.0,0,0.0,0.0,53282.15,53667.55,52783.45,53710.35,0,0.0,0.0,0.0,0.0,-0.01,-1,-1,-0.01,-1,-1,-0.01,-1,-1,-0.01,-1,-1,-0.01,-1,-1,-0.01,-1,-1,-0.01,-1,-1,-0.01,-1,-1,-0.01,-1,-1,-0.01,-1,-1
99926009,2026-05-18 15:20:36+05:30,53486.8,0,0.0,0,0.0,0.0,53282.15,53667.55,52783.45,53710.35,0,0.0,0.0,0.0,0.0,-0.01,-1,-1,-0.01,-1,-1,-0.01,-1,-1,-0.01,-1,-1,-0.01,-1,-1,-0.01,-1,-1,-0.01,-1,-1,-0.01,-1,-1,-0.01,-1,-1,-0.01,-1,-1
99926009,2026-05-18 15:20:36+05:30,53486.15,0,0.0,0,0.0,0.0,53282.15,53667.55,52783.45,53710.35,0,0.0,0.0,0.0,0.0,-0.01,-1,-1,-0.01,-1,-1,-0.01,-1,-1,-0.01,-1,-1,-0.01,-1,-1,-0.01,-1,-1,-0.01,-1,-1,-0.01,-1,-1,-0.01,-1,-1,-0.01,-1,-1
99926009,2026-05-18 15:20:37+05:30,53486.15,0,0.0,0,0.0,0.0,53282.15,53667.55,52783.45,53710.35,0,0.0,0.0,0.0,0.0,-0.01,-1,-1,-0.01,-1,-1,-0.01,-1,-1,-0.01,-1,-1,-0.01,-1,-1,-0.01,-1,-1,-0.01,-1,-1,-0.01,-1,-1,-0.01,-1,-1,-0.01,-1,-1
99926009,2026-05-18 15:20:37+05:30,53488.0,0,0.0,0,0.0,0.0,53282.15,53667.55,52783.45,53710.35,0,0.0,0.0,0.0,0.0,-0.01,-1,-1,-0.01,-1,-1,-0.01,-1,-1,-0.01,-1,-1,-0.01,-1,-1,-0.01,-1,-1,-0.01,-1,-1,-0.01,-1,-1,-0.01,-1,-1,-0.01,-1,-1
99926009,2026-05-18 15:20:37+05:30,53486.4,0,0.0,0,0.0,0.0,53282.15,53667.55,52783.45,53710.35,0,0.0,0.0,0.0,0.0,-0.01,-1,-1,-0.01,-1,-1,-0.01,-1,-1,-0.01,-1,-1,-0.01,-1,-1,-0.01,-1,-1,-0.01,-1,-1,-0.01,-1,-1,-0.01,-1,-1,-0.01,-1,-1
99926009,2026-05-18 15:20:38+05:30,53486.4,0,0.0,0,0.0,0.0,53282.15,53667.55,52783.45,53710.35,0,0.0,0.0,0.0,0.0,-0.01,-1,-1,-0.01,-1,-1,-0.01,-1,-1,-0.01,-1,-1,-0.01,-1,-1,-0.01,-1,-1,-0.01,-1,-1,-0.01,-1,-1,-0.01,-1,-1,-0.01,-1,-1
99926009,2026-05-18 15:20:38+05:30,53485.25,0,0.0,0,0.0,0.0,53282.15,53667.55,52783.45,53710.35,0,0.0,0.0,0.0,0.0,-0.01,-1,-1,-0.01,-1,-1,-0.01,-1,-1,-0.01,-1,-1,-0.01,-1,-1,-0.01,-1,-1,-0.01,-1,-1,-0.01,-1,-1,-0.01,-1,-1,-0.01,-1,-1
99926009,2026-05-18 15:20:38+05:30,53483.95,0,0.0,0,0.0,0.0,53282.15,53667.55,52783.45,53710.35,0,0.0,0.0,0.0,0.0,-0.01,-1,-1,-0.01,-1,-1,-0.01,-1,-1,-0.01,-1,-1,-0.01,-1,-1,-0.01,-1,-1,-0.01,-1,-1,-0.01,-1,-1,-0.01,-1,-1,-0.01,-1,-1
99926009,2026-05-18 15:20:39+05:30,53483.95,0,0.0,0,0.0,0.0,53282.15,53667.55,52783.45,53710.35,0,0.0,0.0,0.0,0.0,-0.01,-1,-1,-0.01,-1,-1,-0.01,-1,-1,-0.01,-1,-1,-0.01,-1,-1,-0.01,-1,-1,-0.01,-1,-1,-0.01,-1,-1,-0.01,-1,-1,-0.01,-1,-1
99926009,2026-05-18 15:20:39+05:30,53483.95,0,0.0,0,0.0,0.0,53282.15,53667.55,52783.45,53710.35,0,0.0,0.0,0.0,0.0,-0.01,-1,-1,-0.01,-1,-1,-0.01,-1,-1,-0.01,-1,-1,-0.01,-1,-1,-0.01,-1,-1,-0.01,-1,-1,-0.01,-1,-1,-0.01,-1,-1,-0.01,-1,-1
99926009,2026-05-18 15:20:39+05:30,53484.2,0,0.0,0,0.0,0.0,53282.15,53667.55,52783.45,53710.35,0,0.0,0.0,0.0,0.0,-0.01,-1,-1,-0.01,-1,-1,-0.01,-1,-1,-0.01,-1,-1,-0.01,-1,-1,-0.01,-1,-1,-0.01,-1,-1,-0.01,-1,-1,-0.01,-1,-1,-0.01,-1,-1
99926009,2026-05-18 15:20:40+05:30,53484.2,0,0.0,0,0.0,0.0,53282.15,53667.55,52783.45,53710.35,0,0.0,0.0,0.0,0.0,-0.01,-1,-1,-0.01,-1,-1,-0.01,-1,-1,-0.01,-1,-1,-0.01,-1,-1,-0.01,-1,-1,-0.01,-1,-1,-0.01,-1,-1,-0.01,-1,-1,-0.01,-1,-1
99926009,2026-05-18 15:20:40+05:30,53487.4,0,0.0,0,0.0,0.0,53282.15,53667.55,52783.45,53710.35,0,0.0,0.0,0.0,0.0,-0.01,-1,-1,-0.01,-1,-1,-0.01,-1,-1,-0.01,-1,-1,-0.01,-1,-1,-0.01,-1,-1,-0.01,-1,-1,-0.01,-1,-1,-0.01,-1,-1,-0.01,-1,-1
99926009,2026-05-18 15:20:40+05:30,53488.1,0,0.0,0,0.0,0.0,53282.15,53667.55,52783.45,53710.35,0,0.0,0.0,0.0,0.0,-0.01,-1,-1,-0.01,-1,-1,-0.01,-1,-1,-0.01,-1,-1,-0.01,-1,-1,-0.01,-1,-1,-0.01,-1,-1,-0.01,-1,-1,-0.01,-1,-1,-0.01,-1,-1
99926009,2026-05-18 15:20:41+05:30,53488.1,0,0.0,0,0.0,0.0,53282.15,53667.55,52783.45,53710.35,0,0.0,0.0,0.0,0.0,-0.01,-1,-1,-0.01,-1,-1,-0.01,-1,-1,-0.01,-1,-1,-0.01,-1,-1,-0.01,-1,-1,-0.01,-1,-1,-0.01,-1,-1,-0.01,-1,-1,-0.01,-1,-1
99926009,2026-05-18 15:20:41+05:30,53487.6,0,0.0,0,0.0,0.0,53282.15,53667.55,52783.45,53710.35,0,0.0,0.0,0.0,0.0,-0.01,-1,-1,-0.01,-1,-1,-0.01,-1,-1,-0.01,-1,-1,-0.01,-1,-1,-0.01,-1,-1,-0.01,-1,-1,-0.01,-1,-1,-0.01,-1,-1,-0.01,-1,-1
99926009,2026-05-18 15:20:41+05:30,53488.2,0,0.0,0,0.0,0.0,53282.15,53667.55,52783.45,53710.35,0,0.0,0.0,0.0,0.0,-0.01,-1,-1,-0.01,-1,-1,-0.01,-1,-1,-0.01,-1,-1,-0.01,-1,-1,-0.01,-1,-1,-0.01,-1,-1,-0.01,-1,-1,-0.01,-1,-1,-0.01,-1,-1
99926009,2026-05-18 15:20:42+05:30,53488.2,0,0.0,0,0.0,0.0,53282.15,53667.55,52783.45,53710.35,0,0.0,0.0,0.0,0.0,-0.01,-1,-1,-0.01,-1,-1,-0.01,-1,-1,-0.01,-1,-1,-0.01,-1,-1,-0.01,-1,-1,-0.01,-1,-1,-0.01,-1,-1,-0.01,-1,-1,-0.01,-1,-1
99926009,2026-05-18 15:20:42+05:30,53486.5,0,0.0,0,0.0,0.0,53282.15,53667.55,52783.45,53710.35,0,0.0,0.0,0.0,0.0,-0.01,-1,-1,-0.01,-1,-1,-0.01,-1,-1,-0.01,-1,-1,-0.01,-1,-1,-0.01,-1,-1,-0.01,-1,-1,-0.01,-1,-1,-0.01,-1,-1,-0.01,-1,-1
99926009,2026-05-18 15:20:42+05:30,53484.5,0,0.0,0,0.0,0.0,53282.15,53667.55,52783.45,53710.35,0,0.0,0.0,0.0,0.0,-0.01,-1,-1,-0.01,-1,-1,-0.01,-1,-1,-0.01,-1,-1,-0.01,-1,-1,-0.01,-1,-1,-0.01,-1,-1,-0.01,-1,-1,-0.01,-1,-1,-0.01,-1,-1
99926009,2026-05-18 15:20:43+05:30,53484.5,0,0.0,0,0.0,0.0,53282.15,53667.55,52783.45,53710.35,0,0.0,0.0,0.0,0.0,-0.01,-1,-1,-0.01,-1,-1,-0.01,-1,-1,-0.01,-1,-1,-0.01,-1,-1,-0.01,-1,-1,-0.01,-1,-1,-0.01,-1,-1,-0.01,-1,-1,-0.01,-1,-1
99926009,2026-05-18 15:20:43+05:30,53482.2,0,0.0,0,0.0,0.0,53282.15,53667.55,52783.45,53710.35,0,0.0,0.0,0.0,0.0,-0.01,-1,-1,-0.01,-1,-1,-0.01,-1,-1,-0.01,-1,-1,-0.01,-1,-1,-0.01,-1,-1,-0.01,-1,-1,-0.01,-1,-1,-0.01,-1,-1,-0.01,-1,-1
99926009,2026-05-18 15:20:43+05:30,53483.95,0,0.0,0,0.0,0.0,53282.15,53667.55,52783.45,53710.35,0,0.0,0.0,0.0,0.0,-0.01,-1,-1,-0.01,-1,-1,-0.01,-1,-1,-0.01,-1,-1,-0.01,-1,-1,-0.01,-1,-1,-0.01,-1,-1,-0.01,-1,-1,-0.01,-1,-1,-0.01,-1,-1
99926009,2026-05-18 15:20:44+05:30,53483.95,0,0.0,0,0.0,0.0,53282.15,53667.55,52783.45,53710.35,0,0.0,0.0,0.0,0.0,-0.01,-1,-1,-0.01,-1,-1,-0.01,-1,-1,-0.01,-1,-1,-0.01,-1,-1,-0.01,-1,-1,-0.01,-1,-1,-0.01,-1,-1,-0.01,-1,-1,-0.01,-1,-1
99926009,2026-05-18 15:20:44+05:30,53484.65,0,0.0,0,0.0,0.0,53282.15,53667.55,52783.45,53710.35,0,0.0,0.0,0.0,0.0,-0.01,-1,-1,-0.01,-1,-1,-0.01,-1,-1,-0.01,-1,-1,-0.01,-1,-1,-0.01,-1,-1,-0.01,-1,-1,-0.01,-1,-1,-0.01,-1,-1,-0.01,-1,-1
99926009,2026-05-18 15:20:44+05:30,53483.3,0,0.0,0,0.0,0.0,53282.15,53667.55,52783.45,53710.35,0,0.0,0.0,0.0,0.0,-0.01,-1,-1,-0.01,-1,-1,-0.01,-1,-1,-0.01,-1,-1,-0.01,-1,-1,-0.01,-1,-1,-0.01,-1,-1,-0.01,-1,-1,-0.01,-1,-1,-0.01,-1,-1
99926009,2026-05-18 15:20:45+05:30,53483.3,0,0.0,0,0.0,0.0,53282.15,53667.55,52783.45,53710.35,0,0.0,0.0,0.0,0.0,-0.01,-1,-1,-0.01,-1,-1,-0.01,-1,-1,-0.01,-1,-1,-0.01,-1,-1,-0.01,-1,-1,-0.01,-1,-1,-0.01,-1,-1,-0.01,-1,-1,-0.01,-1,-1
99926009,2026-05-18 15:20:45+05:30,53486.8,0,0.0,0,0.0,0.0,53282.15,53667.55,52783.45,53710.35,0,0.0,0.0,0.0,0.0,-0.01,-1,-1,-0.01,-1,-1,-0.01,-1,-1,-0.01,-1,-1,-0.01,-1,-1,-0.01,-1,-1,-0.01,-1,-1,-0.01,-1,-1,-0.01,-1,-1,-0.01,-1,-1
99926009,2026-05-18 15:20:45+05:30,53486.4,0,0.0,0,0.0,0.0,53282.15,53667.55,52783.45,53710.35,0,0.0,0.0,0.0,0.0,-0.01,-1,-1,-0.01,-1,-1,-0.01,-1,-1,-0.01,-1,-1,-0.01,-1,-1,-0.01,-1,-1,-0.01,-1,-1,-0.01,-1,-1,-0.01,-1,-1,-0.01,-1,-1
99926009,2026-05-18 15:20:46+05:30,53486.4,0,0.0,0,0.0,0.0,53282.15,53667.55,52783.45,53710.35,0,0.0,0.0,0.0,0.0,-0.01,-1,-1,-0.01,-1,-1,-0.01,-1,-1,-0.01,-1,-1,-0.01,-1,-1,-0.01,-1,-1,-0.01,-1,-1,-0.01,-1,-1,-0.01,-1,-1,-0.01,-1,-1
99926009,2026-05-18 15:20:46+05:30,53481.65,0,0.0,0,0.0,0.0,53282.15,53667.55,52783.45,53710.35,0,0.0,0.0,0.0,0.0,-0.01,-1,-1,-0.01,-1,-1,-0.01,-1,-1,-0.01,-1,-1,-0.01,-1,-1,-0.01,-1,-1,-0.01,-1,-1,-0.01,-1,-1,-0.01,-1,-1,-0.01,-1,-1
99926009,2026-05-18 15:20:46+05:30,53482.05,0,0.0,0,0.0,0.0,53282.15,53667.55,52783.45,53710.35,0,0.0,0.0,0.0,0.0,-0.01,-1,-1,-0.01,-1,-1,-0.01,-1,-1,-0.01,-1,-1,-0.01,-1,-1,-0.01,-1,-1,-0.01,-1,-1,-0.01,-1,-1,-0.01,-1,-1,-0.01,-1,-1
99926009,2026-05-18 15:20:47+05:30,53482.05,0,0.0,0,0.0,0.0,53282.15,53667.55,52783.45,53710.35,0,0.0,0.0,0.0,0.0,-0.01,-1,-1,-0.01,-1,-1,-0.01,-1,-1,-0.01,-1,-1,-0.01,-1,-1,-0.01,-1,-1,-0.01,-1,-1,-0.01,-1,-1,-0.01,-1,-1,-0.01,-1,-1
99926009,2026-05-18 15:20:47+05:30,53482.7,0,0.0,0,0.0,0.0,53282.15,53667.55,52783.45,53710.35,0,0.0,0.0,0.0,0.0,-0.01,-1,-1,-0.01,-1,-1,-0.01,-1,-1,-0.01,-1,-1,-0.01,-1,-1,-0.01,-1,-1,-0.01,-1,-1,-0.01,-1,-1,-0.01,-1,-1,-0.01,-1,-1
99926009,2026-05-18 15:20:47+05:30,53482.8,0,0.0,0,0.0,0.0,53282.15,53667.55,52783.45,53710.35,0,0.0,0.0,0.0,0.0,-0.01,-1,-1,-0.01,-1,-1,-0.01,-1,-1,-0.01,-1,-1,-0.01,-1,-1,-0.01,-1,-1,-0.01,-1,-1,-0.01,-1,-1,-0.01,-1,-1,-0.01,-1,-1
99926009,2026-05-18 15:20:48+05:30,53482.8,0,0.0,0,0.0,0.0,53282.15,53667.55,52783.45,53710.35,0,0.0,0.0,0.0,0.0,-0.01,-1,-1,-0.01,-1,-1,-0.01,-1,-1,-0.01,-1,-1,-0.01,-1,-1,-0.01,-1,-1,-0.01,-1,-1,-0.01,-1,-1,-0.01,-1,-1,-0.01,-1,-1
99926009,2026-05-18 15:20:48+05:30,53484.55,0,0.0,0,0.0,0.0,53282.15,53667.55,52783.45,53710.35,0,0.0,0.0,0.0,0.0,-0.01,-1,-1,-0.01,-1,-1,-0.01,-1,-1,-0.01,-1,-1,-0.01,-1,-1,-0.01,-1,-1,-0.01,-1,-1,-0.01,-1,-1,-0.01,-1,-1,-0.01,-1,-1
99926009,2026-05-18 15:20:48+05:30,53484.4,0,0.0,0,0.0,0.0,53282.15,53667.55,52783.45,53710.35,0,0.0,0.0,0.0,0.0,-0.01,-1,-1,-0.01,-1,-1,-0.01,-1,-1,-0.01,-1,-1,-0.01,-1,-1,-0.01,-1,-1,-0.01,-1,-1,-0.01,-1,-1,-0.01,-1,-1,-0.01,-1,-1
99926009,2026-05-18 15:20:49+05:30,53484.4,0,0.0,0,0.0,0.0,53282.15,53667.55,52783.45,53710.35,0,0.0,0.0,0.0,0.0,-0.01,-1,-1,-0.01,-1,-1,-0.01,-1,-1,-0.01,-1,-1,-0.01,-1,-1,-0.01,-1,-1,-0.01,-1,-1,-0.01,-1,-1,-0.01,-1,-1,-0.01,-1,-1
99926009,2026-05-18 15:20:49+05:30,53485.3,0,0.0,0,0.0,0.0,53282.15,53667.55,52783.45,53710.35,0,0.0,0.0,0.0,0.0,-0.01,-1,-1,-0.01,-1,-1,-0.01,-1,-1,-0.01,-1,-1,-0.01,-1,-1,-0.01,-1,-1,-0.01,-1,-1,-0.01,-1,-1,-0.01,-1,-1,-0.01,-1,-1
99926009,2026-05-18 15:20:49+05:30,53486.55,0,0.0,0,0.0,0.0,53282.15,53667.55,52783.45,53710.35,0,0.0,0.0,0.0,0.0,-0.01,-1,-1,-0.01,-1,-1,-0.01,-1,-1,-0.01,-1,-1,-0.01,-1,-1,-0.01,-1,-1,-0.01,-1,-1,-0.01,-1,-1,-0.01,-1,-1,-0.01,-1,-1
99926009,2026-05-18 15:20:50+05:30,53486.55,0,0.0,0,0.0,0.0,53282.15,53667.55,52783.45,53710.35,0,0.0,0.0,0.0,0.0,-0.01,-1,-1,-0.01,-1,-1,-0.01,-1,-1,-0.01,-1,-1,-0.01,-1,-1,-0.01,-1,-1,-0.01,-1,-1,-0.01,-1,-1,-0.01,-1,-1,-0.01,-1,-1
99926009,2026-05-18 15:20:50+05:30,53483.9,0,0.0,0,0.0,0.0,53282.15,53667.55,52783.45,53710.35,0,0.0,0.0,0.0,0.0,-0.01,-1,-1,-0.01,-1,-1,-0.01,-1,-1,-0.01,-1,-1,-0.01,-1,-1,-0.01,-1,-1,-0.01,-1,-1,-0.01,-1,-1,-0.01,-1,-1,-0.01,-1,-1
99926009,2026-05-18 15:20:50+05:30,53488.5,0,0.0,0,0.0,0.0,53282.15,53667.55,52783.45,53710.35,0,0.0,0.0,0.0,0.0,-0.01,-1,-1,-0.01,-1,-1,-0.01,-1,-1,-0.01,-1,-1,-0.01,-1,-1,-0.01,-1,-1,-0.01,-1,-1,-0.01,-1,-1,-0.01,-1,-1,-0.01,-1,-1
99926009,2026-05-18 15:20:51+05:30,53488.5,0,0.0,0,0.0,0.0,53282.15,53667.55,52783.45,53710.35,0,0.0,0.0,0.0,0.0,-0.01,-1,-1,-0.01,-1,-1,-0.01,-1,-1,-0.01,-1,-1,-0.01,-1,-1,-0.01,-1,-1,-0.01,-1,-1,-0.01,-1,-1,-0.01,-1,-1,-0.01,-1,-1
99926009,2026-05-18 15:20:51+05:30,53486.75,0,0.0,0,0.0,0.0,53282.15,53667.55,52783.45,53710.35,0,0.0,0.0,0.0,0.0,-0.01,-1,-1,-0.01,-1,-1,-0.01,-1,-1,-0.01,-1,-1,-0.01,-1,-1,-0.01,-1,-1,-0.01,-1,-1,-0.01,-1,-1,-0.01,-1,-1,-0.01,-1,-1
99926009,2026-05-18 15:20:51+05:30,53483.25,0,0.0,0,0.0,0.0,53282.15,53667.55,52783.45,53710.35,0,0.0,0.0,0.0,0.0,-0.01,-1,-1,-0.01,-1,-1,-0.01,-1,-1,-0.01,-1,-1,-0.01,-1,-1,-0.01,-1,-1,-0.01,-1,-1,-0.01,-1,-1,-0.01,-1,-1,-0.01,-1,-1
99926009,2026-05-18 15:20:52+05:30,53483.25,0,0.0,0,0.0,0.0,53282.15,53667.55,52783.45,53710.35,0,0.0,0.0,0.0,0.0,-0.01,-1,-1,-0.01,-1,-1,-0.01,-1,-1,-0.01,-1,-1,-0.01,-1,-1,-0.01,-1,-1,-0.01,-1,-1,-0.01,-1,-1,-0.01,-1,-1,-0.01,-1,-1
99926009,2026-05-18 15:20:52+05:30,53486.85,0,0.0,0,0.0,0.0,53282.15,53667.55,52783.45,53710.35,0,0.0,0.0,0.0,0.0,-0.01,-1,-1,-0.01,-1,-1,-0.01,-1,-1,-0.01,-1,-1,-0.01,-1,-1,-0.01,-1,-1,-0.01,-1,-1,-0.01,-1,-1,-0.01,-1,-1,-0.01,-1,-1
99926009,2026-05-18 15:20:52+05:30,53486.35,0,0.0,0,0.0,0.0,53282.15,53667.55,52783.45,53710.35,0,0.0,0.0,0.0,0.0,-0.01,-1,-1,-0.01,-1,-1,-0.01,-1,-1,-0.01,-1,-1,-0.01,-1,-1,-0.01,-1,-1,-0.01,-1,-1,-0.01,-1,-1,-0.01,-1,-1,-0.01,-1,-1
99926009,2026-05-18 15:20:53+05:30,53486.35,0,0.0,0,0.0,0.0,53282.15,53667.55,52783.45,53710.35,0,0.0,0.0,0.0,0.0,-0.01,-1,-1,-0.01,-1,-1,-0.01,-1,-1,-0.01,-1,-1,-0.01,-1,-1,-0.01,-1,-1,-0.01,-1,-1,-0.01,-1,-1,-0.01,-1,-1,-0.01,-1,-1
99926009,2026-05-18 15:20:53+05:30,53486.35,0,0.0,0,0.0,0.0,53282.15,53667.55,52783.45,53710.35,0,0.0,0.0,0.0,0.0,-0.01,-1,-1,-0.01,-1,-1,-0.01,-1,-1,-0.01,-1,-1,-0.01,-1,-1,-0.01,-1,-1,-0.01,-1,-1,-0.01,-1,-1,-0.01,-1,-1,-0.01,-1,-1
99926009,2026-05-18 15:20:53+05:30,53486.35,0,0.0,0,0.0,0.0,53282.15,53667.55,52783.45,53710.35,0,0.0,0.0,0.0,0.0,-0.01,-1,-1,-0.01,-1,-1,-0.01,-1,-1,-0.01,-1,-1,-0.01,-1,-1,-0.01,-1,-1,-0.01,-1,-1,-0.01,-1,-1,-0.01,-1,-1,-0.01,-1,-1
99926009,2026-05-18 15:20:54+05:30,53486.35,0,0.0,0,0.0,0.0,53282.15,53667.55,52783.45,53710.35,0,0.0,0.0,0.0,0.0,-0.01,-1,-1,-0.01,-1,-1,-0.01,-1,-1,-0.01,-1,-1,-0.01,-1,-1,-0.01,-1,-1,-0.01,-1,-1,-0.01,-1,-1,-0.01,-1,-1,-0.01,-1,-1
99926009,2026-05-18 15:20:54+05:30,53487.2,0,0.0,0,0.0,0.0,53282.15,53667.55,52783.45,53710.35,0,0.0,0.0,0.0,0.0,-0.01,-1,-1,-0.01,-1,-1,-0.01,-1,-1,-0.01,-1,-1,-0.01,-1,-1,-0.01,-1,-1,-0.01,-1,-1,-0.01,-1,-1,-0.01,-1,-1,-0.01,-1,-1
99926009,2026-05-18 15:20:54+05:30,53485.8,0,0.0,0,0.0,0.0,53282.15,53667.55,52783.45,53710.35,0,0.0,0.0,0.0,0.0,-0.01,-1,-1,-0.01,-1,-1,-0.01,-1,-1,-0.01,-1,-1,-0.01,-1,-1,-0.01,-1,-1,-0.01,-1,-1,-0.01,-1,-1,-0.01,-1,-1,-0.01,-1,-1
99926009,2026-05-18 15:20:55+05:30,53485.8,0,0.0,0,0.0,0.0,53282.15,53667.55,52783.45,53710.35,0,0.0,0.0,0.0,0.0,-0.01,-1,-1,-0.01,-1,-1,-0.01,-1,-1,-0.01,-1,-1,-0.01,-1,-1,-0.01,-1,-1,-0.01,-1,-1,-0.01,-1,-1,-0.01,-1,-1,-0.01,-1,-1
99926009,2026-05-18 15:20:55+05:30,53485.15,0,0.0,0,0.0,0.0,53282.15,53667.55,52783.45,53710.35,0,0.0,0.0,0.0,0.0,-0.01,-1,-1,-0.01,-1,-1,-0.01,-1,-1,-0.01,-1,-1,-0.01,-1,-1,-0.01,-1,-1,-0.01,-1,-1,-0.01,-1,-1,-0.01,-1,-1,-0.01,-1,-1
99926009,2026-05-18 15:20:55+05:30,53487.75,0,0.0,0,0.0,0.0,53282.15,53667.55,52783.45,53710.35,0,0.0,0.0,0.0,0.0,-0.01,-1,-1,-0.01,-1,-1,-0.01,-1,-1,-0.01,-1,-1,-0.01,-1,-1,-0.01,-1,-1,-0.01,-1,-1,-0.01,-1,-1,-0.01,-1,-1,-0.01,-1,-1
99926009,2026-05-18 15:20:56+05:30,53487.75,0,0.0,0,0.0,0.0,53282.15,53667.55,52783.45,53710.35,0,0.0,0.0,0.0,0.0,-0.01,-1,-1,-0.01,-1,-1,-0.01,-1,-1,-0.01,-1,-1,-0.01,-1,-1,-0.01,-1,-1,-0.01,-1,-1,-0.01,-1,-1,-0.01,-1,-1,-0.01,-1,-1
99926009,2026-05-18 15:20:56+05:30,53486.95,0,0.0,0,0.0,0.0,53282.15,53667.55,52783.45,53710.35,0,0.0,0.0,0.0,0.0,-0.01,-1,-1,-0.01,-1,-1,-0.01,-1,-1,-0.01,-1,-1,-0.01,-1,-1,-0.01,-1,-1,-0.01,-1,-1,-0.01,-1,-1,-0.01,-1,-1,-0.01,-1,-1
99926009,2026-05-18 15:20:56+05:30,53486.65,0,0.0,0,0.0,0.0,53282.15,53667.55,52783.45,53710.35,0,0.0,0.0,0.0,0.0,-0.01,-1,-1,-0.01,-1,-1,-0.01,-1,-1,-0.01,-1,-1,-0.01,-1,-1,-0.01,-1,-1,-0.01,-1,-1,-0.01,-1,-1,-0.01,-1,-1,-0.01,-1,-1
99926009,2026-05-18 15:20:57+05:30,53486.65,0,0.0,0,0.0,0.0,53282.15,53667.55,52783.45,53710.35,0,0.0,0.0,0.0,0.0,-0.01,-1,-1,-0.01,-1,-1,-0.01,-1,-1,-0.01,-1,-1,-0.01,-1,-1,-0.01,-1,-1,-0.01,-1,-1,-0.01,-1,-1,-0.01,-1,-1,-0.01,-1,-1
99926009,2026-05-18 15:20:57+05:30,53486.65,0,0.0,0,0.0,0.0,53282.15,53667.55,52783.45,53710.35,0,0.0,0.0,0.0,0.0,-0.01,-1,-1,-0.01,-1,-1,-0.01,-1,-1,-0.01,-1,-1,-0.01,-1,-1,-0.01,-1,-1,-0.01,-1,-1,-0.01,-1,-1,-0.01,-1,-1,-0.01,-1,-1
99926009,2026-05-18 15:20:57+05:30,53486.4,0,0.0,0,0.0,0.0,53282.15,53667.55,52783.45,53710.35,0,0.0,0.0,0.0,0.0,-0.01,-1,-1,-0.01,-1,-1,-0.01,-1,-1,-0.01,-1,-1,-0.01,-1,-1,-0.01,-1,-1,-0.01,-1,-1,-0.01,-1,-1,-0.01,-1,-1,-0.01,-1,-1
99926009,2026-05-18 15:20:58+05:30,53486.4,0,0.0,0,0.0,0.0,53282.15,53667.55,52783.45,53710.35,0,0.0,0.0,0.0,0.0,-0.01,-1,-1,-0.01,-1,-1,-0.01,-1,-1,-0.01,-1,-1,-0.01,-1,-1,-0.01,-1,-1,-0.01,-1,-1,-0.01,-1,-1,-0.01,-1,-1,-0.01,-1,-1
99926009,2026-05-18 15:20:58+05:30,53486.15,0,0.0,0,0.0,0.0,53282.15,53667.55,52783.45,53710.35,0,0.0,0.0,0.0,0.0,-0.01,-1,-1,-0.01,-1,-1,-0.01,-1,-1,-0.01,-1,-1,-0.01,-1,-1,-0.01,-1,-1,-0.01,-1,-1,-0.01,-1,-1,-0.01,-1,-1,-0.01,-1,-1
99926009,2026-05-18 15:20:58+05:30,53486.1,0,0.0,0,0.0,0.0,53282.15,53667.55,52783.45,53710.35,0,0.0,0.0,0.0,0.0,-0.01,-1,-1,-0.01,-1,-1,-0.01,-1,-1,-0.01,-1,-1,-0.01,-1,-1,-0.01,-1,-1,-0.01,-1,-1,-0.01,-1,-1,-0.01,-1,-1,-0.01,-1,-1
99926009,2026-05-18 15:20:59+05:30,53486.1,0,0.0,0,0.0,0.0,53282.15,53667.55,52783.45,53710.35,0,0.0,0.0,0.0,0.0,-0.01,-1,-1,-0.01,-1,-1,-0.01,-1,-1,-0.01,-1,-1,-0.01,-1,-1,-0.01,-1,-1,-0.01,-1,-1,-0.01,-1,-1,-0.01,-1,-1,-0.01,-1,-1
99926009,2026-05-18 15:20:59+05:30,53486.55,0,0.0,0,0.0,0.0,53282.15,53667.55,52783.45,53710.35,0,0.0,0.0,0.0,0.0,-0.01,-1,-1,-0.01,-1,-1,-0.01,-1,-1,-0.01,-1,-1,-0.01,-1,-1,-0.01,-1,-1,-0.01,-1,-1,-0.01,-1,-1,-0.01,-1,-1,-0.01,-1,-1
99926009,2026-05-18 15:20:59+05:30,53488.2,0,0.0,0,0.0,0.0,53282.15,53667.55,52783.45,53710.35,0,0.0,0.0,0.0,0.0,-0.01,-1,-1,-0.01,-1,-1,-0.01,-1,-1,-0.01,-1,-1,-0.01,-1,-1,-0.01,-1,-1,-0.01,-1,-1,-0.01,-1,-1,-0.01,-1,-1,-0.01,-1,-1
99926009,2026-05-18 15:21:00+05:30,53488.2,0,0.0,0,0.0,0.0,53282.15,53667.55,52783.45,53710.35,0,0.0,0.0,0.0,0.0,-0.01,-1,-1,-0.01,-1,-1,-0.01,-1,-1,-0.01,-1,-1,-0.01,-1,-1,-0.01,-1,-1,-0.01,-1,-1,-0.01,-1,-1,-0.01,-1,-1,-0.01,-1,-1
99926009,2026-05-18 15:21:00+05:30,53487.25,0,0.0,0,0.0,0.0,53282.15,53667.55,52783.45,53710.35,0,0.0,0.0,0.0,0.0,-0.01,-1,-1,-0.01,-1,-1,-0.01,-1,-1,-0.01,-1,-1,-0.01,-1,-1,-0.01,-1,-1,-0.01,-1,-1,-0.01,-1,-1,-0.01,-1,-1,-0.01,-1,-1
99926009,2026-05-18 15:21:00+05:30,53487.9,0,0.0,0,0.0,0.0,53282.15,53667.55,52783.45,53710.35,0,0.0,0.0,0.0,0.0,-0.01,-1,-1,-0.01,-1,-1,-0.01,-1,-1,-0.01,-1,-1,-0.01,-1,-1,-0.01,-1,-1,-0.01,-1,-1,-0.01,-1,-1,-0.01,-1,-1,-0.01,-1,-1
99926009,2026-05-18 15:21:01+05:30,53487.9,0,0.0,0,0.0,0.0,53282.15,53667.55,52783.45,53710.35,0,0.0,0.0,0.0,0.0,-0.01,-1,-1,-0.01,-1,-1,-0.01,-1,-1,-0.01,-1,-1,-0.01,-1,-1,-0.01,-1,-1,-0.01,-1,-1,-0.01,-1,-1,-0.01,-1,-1,-0.01,-1,-1
99926009,2026-05-18 15:21:01+05:30,53489.2,0,0.0,0,0.0,0.0,53282.15,53667.55,52783.45,53710.35,0,0.0,0.0,0.0,0.0,-0.01,-1,-1,-0.01,-1,-1,-0.01,-1,-1,-0.01,-1,-1,-0.01,-1,-1,-0.01,-1,-1,-0.01,-1,-1,-0.01,-1,-1,-0.01,-1,-1,-0.01,-1,-1
99926009,2026-05-18 15:21:01+05:30,53489.05,0,0.0,0,0.0,0.0,53282.15,53667.55,52783.45,53710.35,0,0.0,0.0,0.0,0.0,-0.01,-1,-1,-0.01,-1,-1,-0.01,-1,-1,-0.01,-1,-1,-0.01,-1,-1,-0.01,-1,-1,-0.01,-1,-1,-0.01,-1,-1,-0.01,-1,-1,-0.01,-1,-1
99926009,2026-05-18 15:21:02+05:30,53489.05,0,0.0,0,0.0,0.0,53282.15,53667.55,52783.45,53710.35,0,0.0,0.0,0.0,0.0,-0.01,-1,-1,-0.01,-1,-1,-0.01,-1,-1,-0.01,-1,-1,-0.01,-1,-1,-0.01,-1,-1,-0.01,-1,-1,-0.01,-1,-1,-0.01,-1,-1,-0.01,-1,-1
99926009,2026-05-18 15:21:02+05:30,53487.2,0,0.0,0,0.0,0.0,53282.15,53667.55,52783.45,53710.35,0,0.0,0.0,0.0,0.0,-0.01,-1,-1,-0.01,-1,-1,-0.01,-1,-1,-0.01,-1,-1,-0.01,-1,-1,-0.01,-1,-1,-0.01,-1,-1,-0.01,-1,-1,-0.01,-1,-1,-0.01,-1,-1
99926009,2026-05-18 15:21:02+05:30,53490.05,0,0.0,0,0.0,0.0,53282.15,53667.55,52783.45,53710.35,0,0.0,0.0,0.0,0.0,-0.01,-1,-1,-0.01,-1,-1,-0.01,-1,-1,-0.01,-1,-1,-0.01,-1,-1,-0.01,-1,-1,-0.01,-1,-1,-0.01,-1,-1,-0.01,-1,-1,-0.01,-1,-1
99926009,2026-05-18 15:21:03+05:30,53490.05,0,0.0,0,0.0,0.0,53282.15,53667.55,52783.45,53710.35,0,0.0,0.0,0.0,0.0,-0.01,-1,-1,-0.01,-1,-1,-0.01,-1,-1,-0.01,-1,-1,-0.01,-1,-1,-0.01,-1,-1,-0.01,-1,-1,-0.01,-1,-1,-0.01,-1,-1,-0.01,-1,-1
99926009,2026-05-18 15:21:03+05:30,53486.4,0,0.0,0,0.0,0.0,53282.15,53667.55,52783.45,53710.35,0,0.0,0.0,0.0,0.0,-0.01,-1,-1,-0.01,-1,-1,-0.01,-1,-1,-0.01,-1,-1,-0.01,-1,-1,-0.01,-1,-1,-0.01,-1,-1,-0.01,-1,-1,-0.01,-1,-1,-0.01,-1,-1
99926009,2026-05-18 15:21:03+05:30,53490.0,0,0.0,0,0.0,0.0,53282.15,53667.55,52783.45,53710.35,0,0.0,0.0,0.0,0.0,-0.01,-1,-1,-0.01,-1,-1,-0.01,-1,-1,-0.01,-1,-1,-0.01,-1,-1,-0.01,-1,-1,-0.01,-1,-1,-0.01,-1,-1,-0.01,-1,-1,-0.01,-1,-1
99926009,2026-05-18 15:21:04+05:30,53490.0,0,0.0,0,0.0,0.0,53282.15,53667.55,52783.45,53710.35,0,0.0,0.0,0.0,0.0,-0.01,-1,-1,-0.01,-1,-1,-0.01,-1,-1,-0.01,-1,-1,-0.01,-1,-1,-0.01,-1,-1,-0.01,-1,-1,-0.01,-1,-1,-0.01,-1,-1,-0.01,-1,-1
99926009,2026-05-18 15:21:04+05:30,53489.45,0,0.0,0,0.0,0.0,53282.15,53667.55,52783.45,53710.35,0,0.0,0.0,0.0,0.0,-0.01,-1,-1,-0.01,-1,-1,-0.01,-1,-1,-0.01,-1,-1,-0.01,-1,-1,-0.01,-1,-1,-0.01,-1,-1,-0.01,-1,-1,-0.01,-1,-1,-0.01,-1,-1
99926009,2026-05-18 15:21:04+05:30,53494.35,0,0.0,0,0.0,0.0,53282.15,53667.55,52783.45,53710.35,0,0.0,0.0,0.0,0.0,-0.01,-1,-1,-0.01,-1,-1,-0.01,-1,-1,-0.01,-1,-1,-0.01,-1,-1,-0.01,-1,-1,-0.01,-1,-1,-0.01,-1,-1,-0.01,-1,-1,-0.01,-1,-1
99926009,2026-05-18 15:21:05+05:30,53494.35,0,0.0,0,0.0,0.0,53282.15,53667.55,52783.45,53710.35,0,0.0,0.0,0.0,0.0,-0.01,-1,-1,-0.01,-1,-1,-0.01,-1,-1,-0.01,-1,-1,-0.01,-1,-1,-0.01,-1,-1,-0.01,-1,-1,-0.01,-1,-1,-0.01,-1,-1,-0.01,-1,-1
99926009,2026-05-18 15:21:05+05:30,53492.7,0,0.0,0,0.0,0.0,53282.15,53667.55,52783.45,53710.35,0,0.0,0.0,0.0,0.0,-0.01,-1,-1,-0.01,-1,-1,-0.01,-1,-1,-0.01,-1,-1,-0.01,-1,-1,-0.01,-1,-1,-0.01,-1,-1,-0.01,-1,-1,-0.01,-1,-1,-0.01,-1,-1
99926009,2026-05-18 15:21:05+05:30,53496.7,0,0.0,0,0.0,0.0,53282.15,53667.55,52783.45,53710.35,0,0.0,0.0,0.0,0.0,-0.01,-1,-1,-0.01,-1,-1,-0.01,-1,-1,-0.01,-1,-1,-0.01,-1,-1,-0.01,-1,-1,-0.01,-1,-1,-0.01,-1,-1,-0.01,-1,-1,-0.01,-1,-1
99926009,2026-05-18 15:21:06+05:30,53496.7,0,0.0,0,0.0,0.0,53282.15,53667.55,52783.45,53710.35,0,0.0,0.0,0.0,0.0,-0.01,-1,-1,-0.01,-1,-1,-0.01,-1,-1,-0.01,-1,-1,-0.01,-1,-1,-0.01,-1,-1,-0.01,-1,-1,-0.01,-1,-1,-0.01,-1,-1,-0.01,-1,-1
99926009,2026-05-18 15:21:06+05:30,53499.5,0,0.0,0,0.0,0.0,53282.15,53667.55,52783.45,53710.35,0,0.0,0.0,0.0,0.0,-0.01,-1,-1,-0.01,-1,-1,-0.01,-1,-1,-0.01,-1,-1,-0.01,-1,-1,-0.01,-1,-1,-0.01,-1,-1,-0.01,-1,-1,-0.01,-1,-1,-0.01,-1,-1
99926009,2026-05-18 15:21:06+05:30,53499.9,0,0.0,0,0.0,0.0,53282.15,53667.55,52783.45,53710.35,0,0.0,0.0,0.0,0.0,-0.01,-1,-1,-0.01,-1,-1,-0.01,-1,-1,-0.01,-1,-1,-0.01,-1,-1,-0.01,-1,-1,-0.01,-1,-1,-0.01,-1,-1,-0.01,-1,-1,-0.01,-1,-1
99926009,2026-05-18 15:21:07+05:30,53499.9,0,0.0,0,0.0,0.0,53282.15,53667.55,52783.45,53710.35,0,0.0,0.0,0.0,0.0,-0.01,-1,-1,-0.01,-1,-1,-0.01,-1,-1,-0.01,-1,-1,-0.01,-1,-1,-0.01,-1,-1,-0.01,-1,-1,-0.01,-1,-1,-0.01,-1,-1,-0.01,-1,-1
99926009,2026-05-18 15:21:07+05:30,53499.5,0,0.0,0,0.0,0.0,53282.15,53667.55,52783.45,53710.35,0,0.0,0.0,0.0,0.0,-0.01,-1,-1,-0.01,-1,-1,-0.01,-1,-1,-0.01,-1,-1,-0.01,-1,-1,-0.01,-1,-1,-0.01,-1,-1,-0.01,-1,-1,-0.01,-1,-1,-0.01,-1,-1
99926009,2026-05-18 15:21:07+05:30,53506.15,0,0.0,0,0.0,0.0,53282.15,53667.55,52783.45,53710.35,0,0.0,0.0,0.0,0.0,-0.01,-1,-1,-0.01,-1,-1,-0.01,-1,-1,-0.01,-1,-1,-0.01,-1,-1,-0.01,-1,-1,-0.01,-1,-1,-0.01,-1,-1,-0.01,-1,-1,-0.01,-1,-1
99926009,2026-05-18 15:21:08+05:30,53506.15,0,0.0,0,0.0,0.0,53282.15,53667.55,52783.45,53710.35,0,0.0,0.0,0.0,0.0,-0.01,-1,-1,-0.01,-1,-1,-0.01,-1,-1,-0.01,-1,-1,-0.01,-1,-1,-0.01,-1,-1,-0.01,-1,-1,-0.01,-1,-1,-0.01,-1,-1,-0.01,-1,-1
99926009,2026-05-18 15:21:08+05:30,53505.55,0,0.0,0,0.0,0.0,53282.15,53667.55,52783.45,53710.35,0,0.0,0.0,0.0,0.0,-0.01,-1,-1,-0.01,-1,-1,-0.01,-1,-1,-0.01,-1,-1,-0.01,-1,-1,-0.01,-1,-1,-0.01,-1,-1,-0.01,-1,-1,-0.01,-1,-1,-0.01,-1,-1
99926009,2026-05-18 15:21:08+05:30,53503.7,0,0.0,0,0.0,0.0,53282.15,53667.55,52783.45,53710.35,0,0.0,0.0,0.0,0.0,-0.01,-1,-1,-0.01,-1,-1,-0.01,-1,-1,-0.01,-1,-1,-0.01,-1,-1,-0.01,-1,-1,-0.01,-1,-1,-0.01,-1,-1,-0.01,-1,-1,-0.01,-1,-1
99926009,2026-05-18 15:21:09+05:30,53503.7,0,0.0,0,0.0,0.0,53282.15,53667.55,52783.45,53710.35,0,0.0,0.0,0.0,0.0,-0.01,-1,-1,-0.01,-1,-1,-0.01,-1,-1,-0.01,-1,-1,-0.01,-1,-1,-0.01,-1,-1,-0.01,-1,-1,-0.01,-1,-1,-0.01,-1,-1,-0.01,-1,-1
99926009,2026-05-18 15:21:09+05:30,53502.85,0,0.0,0,0.0,0.0,53282.15,53667.55,52783.45,53710.35,0,0.0,0.0,0.0,0.0,-0.01,-1,-1,-0.01,-1,-1,-0.01,-1,-1,-0.01,-1,-1,-0.01,-1,-1,-0.01,-1,-1,-0.01,-1,-1,-0.01,-1,-1,-0.01,-1,-1,-0.01,-1,-1
99926009,2026-05-18 15:21:09+05:30,53506.8,0,0.0,0,0.0,0.0,53282.15,53667.55,52783.45,53710.35,0,0.0,0.0,0.0,0.0,-0.01,-1,-1,-0.01,-1,-1,-0.01,-1,-1,-0.01,-1,-1,-0.01,-1,-1,-0.01,-1,-1,-0.01,-1,-1,-0.01,-1,-1,-0.01,-1,-1,-0.01,-1,-1
99926009,2026-05-18 15:21:10+05:30,53506.8,0,0.0,0,0.0,0.0,53282.15,53667.55,52783.45,53710.35,0,0.0,0.0,0.0,0.0,-0.01,-1,-1,-0.01,-1,-1,-0.01,-1,-1,-0.01,-1,-1,-0.01,-1,-1,-0.01,-1,-1,-0.01,-1,-1,-0.01,-1,-1,-0.01,-1,-1,-0.01,-1,-1
99926009,2026-05-18 15:21:10+05:30,53505.25,0,0.0,0,0.0,0.0,53282.15,53667.55,52783.45,53710.35,0,0.0,0.0,0.0,0.0,-0.01,-1,-1,-0.01,-1,-1,-0.01,-1,-1,-0.01,-1,-1,-0.01,-1,-1,-0.01,-1,-1,-0.01,-1,-1,-0.01,-1,-1,-0.01,-1,-1,-0.01,-1,-1
99926009,2026-05-18 15:21:10+05:30,53506.55,0,0.0,0,0.0,0.0,53282.15,53667.55,52783.45,53710.35,0,0.0,0.0,0.0,0.0,-0.01,-1,-1,-0.01,-1,-1,-0.01,-1,-1,-0.01,-1,-1,-0.01,-1,-1,-0.01,-1,-1,-0.01,-1,-1,-0.01,-1,-1,-0.01,-1,-1,-0.01,-1,-1
99926009,2026-05-18 15:21:11+05:30,53506.55,0,0.0,0,0.0,0.0,53282.15,53667.55,52783.45,53710.35,0,0.0,0.0,0.0,0.0,-0.01,-1,-1,-0.01,-1,-1,-0.01,-1,-1,-0.01,-1,-1,-0.01,-1,-1,-0.01,-1,-1,-0.01,-1,-1,-0.01,-1,-1,-0.01,-1,-1,-0.01,-1,-1
99926009,2026-05-18 15:21:11+05:30,53506.8,0,0.0,0,0.0,0.0,53282.15,53667.55,52783.45,53710.35,0,0.0,0.0,0.0,0.0,-0.01,-1,-1,-0.01,-1,-1,-0.01,-1,-1,-0.01,-1,-1,-0.01,-1,-1,-0.01,-1,-1,-0.01,-1,-1,-0.01,-1,-1,-0.01,-1,-1,-0.01,-1,-1
99926009,2026-05-18 15:21:11+05:30,53506.8,0,0.0,0,0.0,0.0,53282.15,53667.55,52783.45,53710.35,0,0.0,0.0,0.0,0.0,-0.01,-1,-1,-0.01,-1,-1,-0.01,-1,-1,-0.01,-1,-1,-0.01,-1,-1,-0.01,-1,-1,-0.01,-1,-1,-0.01,-1,-1,-0.01,-1,-1,-0.01,-1,-1
99926009,2026-05-18 15:21:12+05:30,53506.8,0,0.0,0,0.0,0.0,53282.15,53667.55,52783.45,53710.35,0,0.0,0.0,0.0,0.0,-0.01,-1,-1,-0.01,-1,-1,-0.01,-1,-1,-0.01,-1,-1,-0.01,-1,-1,-0.01,-1,-1,-0.01,-1,-1,-0.01,-1,-1,-0.01,-1,-1,-0.01,-1,-1
99926009,2026-05-18 15:21:12+05:30,53511.3,0,0.0,0,0.0,0.0,53282.15,53667.55,52783.45,53710.35,0,0.0,0.0,0.0,0.0,-0.01,-1,-1,-0.01,-1,-1,-0.01,-1,-1,-0.01,-1,-1,-0.01,-1,-1,-0.01,-1,-1,-0.01,-1,-1,-0.01,-1,-1,-0.01,-1,-1,-0.01,-1,-1
99926009,2026-05-18 15:21:12+05:30,53507.1,0,0.0,0,0.0,0.0,53282.15,53667.55,52783.45,53710.35,0,0.0,0.0,0.0,0.0,-0.01,-1,-1,-0.01,-1,-1,-0.01,-1,-1,-0.01,-1,-1,-0.01,-1,-1,-0.01,-1,-1,-0.01,-1,-1,-0.01,-1,-1,-0.01,-1,-1,-0.01,-1,-1
99926009,2026-05-18 15:21:13+05:30,53507.1,0,0.0,0,0.0,0.0,53282.15,53667.55,52783.45,53710.35,0,0.0,0.0,0.0,0.0,-0.01,-1,-1,-0.01,-1,-1,-0.01,-1,-1,-0.01,-1,-1,-0.01,-1,-1,-0.01,-1,-1,-0.01,-1,-1,-0.01,-1,-1,-0.01,-1,-1,-0.01,-1,-1
99926009,2026-05-18 15:21:13+05:30,53504.55,0,0.0,0,0.0,0.0,53282.15,53667.55,52783.45,53710.35,0,0.0,0.0,0.0,0.0,-0.01,-1,-1,-0.01,-1,-1,-0.01,-1,-1,-0.01,-1,-1,-0.01,-1,-1,-0.01,-1,-1,-0.01,-1,-1,-0.01,-1,-1,-0.01,-1,-1,-0.01,-1,-1
99926009,2026-05-18 15:21:13+05:30,53511.65,0,0.0,0,0.0,0.0,53282.15,53667.55,52783.45,53710.35,0,0.0,0.0,0.0,0.0,-0.01,-1,-1,-0.01,-1,-1,-0.01,-1,-1,-0.01,-1,-1,-0.01,-1,-1,-0.01,-1,-1,-0.01,-1,-1,-0.01,-1,-1,-0.01,-1,-1,-0.01,-1,-1
99926009,2026-05-18 15:21:14+05:30,53511.65,0,0.0,0,0.0,0.0,53282.15,53667.55,52783.45,53710.35,0,0.0,0.0,0.0,0.0,-0.01,-1,-1,-0.01,-1,-1,-0.01,-1,-1,-0.01,-1,-1,-0.01,-1,-1,-0.01,-1,-1,-0.01,-1,-1,-0.01,-1,-1,-0.01,-1,-1,-0.01,-1,-1
99926009,2026-05-18 15:21:14+05:30,53505.6,0,0.0,0,0.0,0.0,53282.15,53667.55,52783.45,53710.35,0,0.0,0.0,0.0,0.0,-0.01,-1,-1,-0.01,-1,-1,-0.01,-1,-1,-0.01,-1,-1,-0.01,-1,-1,-0.01,-1,-1,-0.01,-1,-1,-0.01,-1,-1,-0.01,-1,-1,-0.01,-1,-1
99926009,2026-05-18 15:21:14+05:30,53500.95,0,0.0,0,0.0,0.0,53282.15,53667.55,52783.45,53710.35,0,0.0,0.0,0.0,0.0,-0.01,-1,-1,-0.01,-1,-1,-0.01,-1,-1,-0.01,-1,-1,-0.01,-1,-1,-0.01,-1,-1,-0.01,-1,-1,-0.01,-1,-1,-0.01,-1,-1,-0.01,-1,-1
99926009,2026-05-18 15:21:15+05:30,53500.95,0,0.0,0,0.0,0.0,53282.15,53667.55,52783.45,53710.35,0,0.0,0.0,0.0,0.0,-0.01,-1,-1,-0.01,-1,-1,-0.01,-1,-1,-0.01,-1,-1,-0.01,-1,-1,-0.01,-1,-1,-0.01,-1,-1,-0.01,-1,-1,-0.01,-1,-1,-0.01,-1,-1
99926009,2026-05-18 15:21:15+05:30,53513.4,0,0.0,0,0.0,0.0,53282.15,53667.55,52783.45,53710.35,0,0.0,0.0,0.0,0.0,-0.01,-1,-1,-0.01,-1,-1,-0.01,-1,-1,-0.01,-1,-1,-0.01,-1,-1,-0.01,-1,-1,-0.01,-1,-1,-0.01,-1,-1,-0.01,-1,-1,-0.01,-1,-1
99926009,2026-05-18 15:21:15+05:30,53508.8,0,0.0,0,0.0,0.0,53282.15,53667.55,52783.45,53710.35,0,0.0,0.0,0.0,0.0,-0.01,-1,-1,-0.01,-1,-1,-0.01,-1,-1,-0.01,-1,-1,-0.01,-1,-1,-0.01,-1,-1,-0.01,-1,-1,-0.01,-1,-1,-0.01,-1,-1,-0.01,-1,-1
99926009,2026-05-18 15:21:16+05:30,53508.8,0,0.0,0,0.0,0.0,53282.15,53667.55,52783.45,53710.35,0,0.0,0.0,0.0,0.0,-0.01,-1,-1,-0.01,-1,-1,-0.01,-1,-1,-0.01,-1,-1,-0.01,-1,-1,-0.01,-1,-1,-0.01,-1,-1,-0.01,-1,-1,-0.01,-1,-1,-0.01,-1,-1
99926009,2026-05-18 15:21:16+05:30,53510.8,0,0.0,0,0.0,0.0,53282.15,53667.55,52783.45,53710.35,0,0.0,0.0,0.0,0.0,-0.01,-1,-1,-0.01,-1,-1,-0.01,-1,-1,-0.01,-1,-1,-0.01,-1,-1,-0.01,-1,-1,-0.01,-1,-1,-0.01,-1,-1,-0.01,-1,-1,-0.01,-1,-1
99926009,2026-05-18 15:21:16+05:30,53507.0,0,0.0,0,0.0,0.0,53282.15,53667.55,52783.45,53710.35,0,0.0,0.0,0.0,0.0,-0.01,-1,-1,-0.01,-1,-1,-0.01,-1,-1,-0.01,-1,-1,-0.01,-1,-1,-0.01,-1,-1,-0.01,-1,-1,-0.01,-1,-1,-0.01,-1,-1,-0.01,-1,-1
99926009,2026-05-18 15:21:17+05:30,53507.0,0,0.0,0,0.0,0.0,53282.15,53667.55,52783.45,53710.35,0,0.0,0.0,0.0,0.0,-0.01,-1,-1,-0.01,-1,-1,-0.01,-1,-1,-0.01,-1,-1,-0.01,-1,-1,-0.01,-1,-1,-0.01,-1,-1,-0.01,-1,-1,-0.01,-1,-1,-0.01,-1,-1
99926009,2026-05-18 15:21:17+05:30,53506.05,0,0.0,0,0.0,0.0,53282.15,53667.55,52783.45,53710.35,0,0.0,0.0,0.0,0.0,-0.01,-1,-1,-0.01,-1,-1,-0.01,-1,-1,-0.01,-1,-1,-0.01,-1,-1,-0.01,-1,-1,-0.01,-1,-1,-0.01,-1,-1,-0.01,-1,-1,-0.01,-1,-1
99926009,2026-05-18 15:21:17+05:30,53512.75,0,0.0,0,0.0,0.0,53282.15,53667.55,52783.45,53710.35,0,0.0,0.0,0.0,0.0,-0.01,-1,-1,-0.01,-1,-1,-0.01,-1,-1,-0.01,-1,-1,-0.01,-1,-1,-0.01,-1,-1,-0.01,-1,-1,-0.01,-1,-1,-0.01,-1,-1,-0.01,-1,-1
99926009,2026-05-18 15:21:18+05:30,53512.75,0,0.0,0,0.0,0.0,53282.15,53667.55,52783.45,53710.35,0,0.0,0.0,0.0,0.0,-0.01,-1,-1,-0.01,-1,-1,-0.01,-1,-1,-0.01,-1,-1,-0.01,-1,-1,-0.01,-1,-1,-0.01,-1,-1,-0.01,-1,-1,-0.01,-1,-1,-0.01,-1,-1
99926009,2026-05-18 15:21:18+05:30,53511.9,0,0.0,0,0.0,0.0,53282.15,53667.55,52783.45,53710.35,0,0.0,0.0,0.0,0.0,-0.01,-1,-1,-0.01,-1,-1,-0.01,-1,-1,-0.01,-1,-1,-0.01,-1,-1,-0.01,-1,-1,-0.01,-1,-1,-0.01,-1,-1,-0.01,-1,-1,-0.01,-1,-1
99926009,2026-05-18 15:21:18+05:30,53504.9,0,0.0,0,0.0,0.0,53282.15,53667.55,52783.45,53710.35,0,0.0,0.0,0.0,0.0,-0.01,-1,-1,-0.01,-1,-1,-0.01,-1,-1,-0.01,-1,-1,-0.01,-1,-1,-0.01,-1,-1,-0.01,-1,-1,-0.01,-1,-1,-0.01,-1,-1,-0.01,-1,-1
99926009,2026-05-18 15:21:19+05:30,53504.9,0,0.0,0,0.0,0.0,53282.15,53667.55,52783.45,53710.35,0,0.0,0.0,0.0,0.0,-0.01,-1,-1,-0.01,-1,-1,-0.01,-1,-1,-0.01,-1,-1,-0.01,-1,-1,-0.01,-1,-1,-0.01,-1,-1,-0.01,-1,-1,-0.01,-1,-1,-0.01,-1,-1
99926009,2026-05-18 15:21:19+05:30,53509.45,0,0.0,0,0.0,0.0,53282.15,53667.55,52783.45,53710.35,0,0.0,0.0,0.0,0.0,-0.01,-1,-1,-0.01,-1,-1,-0.01,-1,-1,-0.01,-1,-1,-0.01,-1,-1,-0.01,-1,-1,-0.01,-1,-1,-0.01,-1,-1,-0.01,-1,-1,-0.01,-1,-1
99926009,2026-05-18 15:21:19+05:30,53505.7,0,0.0,0,0.0,0.0,53282.15,53667.55,52783.45,53710.35,0,0.0,0.0,0.0,0.0,-0.01,-1,-1,-0.01,-1,-1,-0.01,-1,-1,-0.01,-1,-1,-0.01,-1,-1,-0.01,-1,-1,-0.01,-1,-1,-0.01,-1,-1,-0.01,-1,-1,-0.01,-1,-1
99926009,2026-05-18 15:21:20+05:30,53505.7,0,0.0,0,0.0,0.0,53282.15,53667.55,52783.45,53710.35,0,0.0,0.0,0.0,0.0,-0.01,-1,-1,-0.01,-1,-1,-0.01,-1,-1,-0.01,-1,-1,-0.01,-1,-1,-0.01,-1,-1,-0.01,-1,-1,-0.01,-1,-1,-0.01,-1,-1,-0.01,-1,-1
99926009,2026-05-18 15:21:20+05:30,53510.05,0,0.0,0,0.0,0.0,53282.15,53667.55,52783.45,53710.35,0,0.0,0.0,0.0,0.0,-0.01,-1,-1,-0.01,-1,-1,-0.01,-1,-1,-0.01,-1,-1,-0.01,-1,-1,-0.01,-1,-1,-0.01,-1,-1,-0.01,-1,-1,-0.01,-1,-1,-0.01,-1,-1
99926009,2026-05-18 15:21:20+05:30,53510.95,0,0.0,0,0.0,0.0,53282.15,53667.55,52783.45,53710.35,0,0.0,0.0,0.0,0.0,-0.01,-1,-1,-0.01,-1,-1,-0.01,-1,-1,-0.01,-1,-1,-0.01,-1,-1,-0.01,-1,-1,-0.01,-1,-1,-0.01,-1,-1,-0.01,-1,-1,-0.01,-1,-1
99926009,2026-05-18 15:21:21+05:30,53510.95,0,0.0,0,0.0,0.0,53282.15,53667.55,52783.45,53710.35,0,0.0,0.0,0.0,0.0,-0.01,-1,-1,-0.01,-1,-1,-0.01,-1,-1,-0.01,-1,-1,-0.01,-1,-1,-0.01,-1,-1,-0.01,-1,-1,-0.01,-1,-1,-0.01,-1,-1,-0.01,-1,-1
99926009,2026-05-18 15:21:21+05:30,53510.7,0,0.0,0,0.0,0.0,53282.15,53667.55,52783.45,53710.35,0,0.0,0.0,0.0,0.0,-0.01,-1,-1,-0.01,-1,-1,-0.01,-1,-1,-0.01,-1,-1,-0.01,-1,-1,-0.01,-1,-1,-0.01,-1,-1,-0.01,-1,-1,-0.01,-1,-1,-0.01,-1,-1
99926009,2026-05-18 15:21:21+05:30,53510.1,0,0.0,0,0.0,0.0,53282.15,53667.55,52783.45,53710.35,0,0.0,0.0,0.0,0.0,-0.01,-1,-1,-0.01,-1,-1,-0.01,-1,-1,-0.01,-1,-1,-0.01,-1,-1,-0.01,-1,-1,-0.01,-1,-1,-0.01,-1,-1,-0.01,-1,-1,-0.01,-1,-1
99926009,2026-05-18 15:21:22+05:30,53510.1,0,0.0,0,0.0,0.0,53282.15,53667.55,52783.45,53710.35,0,0.0,0.0,0.0,0.0,-0.01,-1,-1,-0.01,-1,-1,-0.01,-1,-1,-0.01,-1,-1,-0.01,-1,-1,-0.01,-1,-1,-0.01,-1,-1,-0.01,-1,-1,-0.01,-1,-1,-0.01,-1,-1
99926009,2026-05-18 15:21:22+05:30,53509.55,0,0.0,0,0.0,0.0,53282.15,53667.55,52783.45,53710.35,0,0.0,0.0,0.0,0.0,-0.01,-1,-1,-0.01,-1,-1,-0.01,-1,-1,-0.01,-1,-1,-0.01,-1,-1,-0.01,-1,-1,-0.01,-1,-1,-0.01,-1,-1,-0.01,-1,-1,-0.01,-1,-1
99926009,2026-05-18 15:21:22+05:30,53512.15,0,0.0,0,0.0,0.0,53282.15,53667.55,52783.45,53710.35,0,0.0,0.0,0.0,0.0,-0.01,-1,-1,-0.01,-1,-1,-0.01,-1,-1,-0.01,-1,-1,-0.01,-1,-1,-0.01,-1,-1,-0.01,-1,-1,-0.01,-1,-1,-0.01,-1,-1,-0.01,-1,-1
99926009,2026-05-18 15:21:23+05:30,53512.15,0,0.0,0,0.0,0.0,53282.15,53667.55,52783.45,53710.35,0,0.0,0.0,0.0,0.0,-0.01,-1,-1,-0.01,-1,-1,-0.01,-1,-1,-0.01,-1,-1,-0.01,-1,-1,-0.01,-1,-1,-0.01,-1,-1,-0.01,-1,-1,-0.01,-1,-1,-0.01,-1,-1
99926009,2026-05-18 15:21:23+05:30,53509.7,0,0.0,0,0.0,0.0,53282.15,53667.55,52783.45,53710.35,0,0.0,0.0,0.0,0.0,-0.01,-1,-1,-0.01,-1,-1,-0.01,-1,-1,-0.01,-1,-1,-0.01,-1,-1,-0.01,-1,-1,-0.01,-1,-1,-0.01,-1,-1,-0.01,-1,-1,-0.01,-1,-1
99926009,2026-05-18 15:21:23+05:30,53511.45,0,0.0,0,0.0,0.0,53282.15,53667.55,52783.45,53710.35,0,0.0,0.0,0.0,0.0,-0.01,-1,-1,-0.01,-1,-1,-0.01,-1,-1,-0.01,-1,-1,-0.01,-1,-1,-0.01,-1,-1,-0.01,-1,-1,-0.01,-1,-1,-0.01,-1,-1,-0.01,-1,-1
99926009,2026-05-18 15:21:24+05:30,53511.45,0,0.0,0,0.0,0.0,53282.15,53667.55,52783.45,53710.35,0,0.0,0.0,0.0,0.0,-0.01,-1,-1,-0.01,-1,-1,-0.01,-1,-1,-0.01,-1,-1,-0.01,-1,-1,-0.01,-1,-1,-0.01,-1,-1,-0.01,-1,-1,-0.01,-1,-1,-0.01,-1,-1
99926009,2026-05-18 15:21:24+05:30,53514.2,0,0.0,0,0.0,0.0,53282.15,53667.55,52783.45,53710.35,0,0.0,0.0,0.0,0.0,-0.01,-1,-1,-0.01,-1,-1,-0.01,-1,-1,-0.01,-1,-1,-0.01,-1,-1,-0.01,-1,-1,-0.01,-1,-1,-0.01,-1,-1,-0.01,-1,-1,-0.01,-1,-1
99926009,2026-05-18 15:21:24+05:30,53512.65,0,0.0,0,0.0,0.0,53282.15,53667.55,52783.45,53710.35,0,0.0,0.0,0.0,0.0,-0.01,-1,-1,-0.01,-1,-1,-0.01,-1,-1,-0.01,-1,-1,-0.01,-1,-1,-0.01,-1,-1,-0.01,-1,-1,-0.01,-1,-1,-0.01,-1,-1,-0.01,-1,-1
99926009,2026-05-18 15:21:25+05:30,53512.65,0,0.0,0,0.0,0.0,53282.15,53667.55,52783.45,53710.35,0,0.0,0.0,0.0,0.0,-0.01,-1,-1,-0.01,-1,-1,-0.01,-1,-1,-0.01,-1,-1,-0.01,-1,-1,-0.01,-1,-1,-0.01,-1,-1,-0.01,-1,-1,-0.01,-1,-1,-0.01,-1,-1
99926009,2026-05-18 15:21:25+05:30,53514.1,0,0.0,0,0.0,0.0,53282.15,53667.55,52783.45,53710.35,0,0.0,0.0,0.0,0.0,-0.01,-1,-1,-0.01,-1,-1,-0.01,-1,-1,-0.01,-1,-1,-0.01,-1,-1,-0.01,-1,-1,-0.01,-1,-1,-0.01,-1,-1,-0.01,-1,-1,-0.01,-1,-1
99926009,2026-05-18 15:21:25+05:30,53514.05,0,0.0,0,0.0,0.0,53282.15,53667.55,52783.45,53710.35,0,0.0,0.0,0.0,0.0,-0.01,-1,-1,-0.01,-1,-1,-0.01,-1,-1,-0.01,-1,-1,-0.01,-1,-1,-0.01,-1,-1,-0.01,-1,-1,-0.01,-1,-1,-0.01,-1,-1,-0.01,-1,-1
99926009,2026-05-18 15:21:26+05:30,53514.05,0,0.0,0,0.0,0.0,53282.15,53667.55,52783.45,53710.35,0,0.0,0.0,0.0,0.0,-0.01,-1,-1,-0.01,-1,-1,-0.01,-1,-1,-0.01,-1,-1,-0.01,-1,-1,-0.01,-1,-1,-0.01,-1,-1,-0.01,-1,-1,-0.01,-1,-1,-0.01,-1,-1
99926009,2026-05-18 15:21:26+05:30,53516.25,0,0.0,0,0.0,0.0,53282.15,53667.55,52783.45,53710.35,0,0.0,0.0,0.0,0.0,-0.01,-1,-1,-0.01,-1,-1,-0.01,-1,-1,-0.01,-1,-1,-0.01,-1,-1,-0.01,-1,-1,-0.01,-1,-1,-0.01,-1,-1,-0.01,-1,-1,-0.01,-1,-1
99926009,2026-05-18 15:21:26+05:30,53517.75,0,0.0,0,0.0,0.0,53282.15,53667.55,52783.45,53710.35,0,0.0,0.0,0.0,0.0,-0.01,-1,-1,-0.01,-1,-1,-0.01,-1,-1,-0.01,-1,-1,-0.01,-1,-1,-0.01,-1,-1,-0.01,-1,-1,-0.01,-1,-1,-0.01,-1,-1,-0.01,-1,-1
99926009,2026-05-18 15:21:27+05:30,53517.75,0,0.0,0,0.0,0.0,53282.15,53667.55,52783.45,53710.35,0,0.0,0.0,0.0,0.0,-0.01,-1,-1,-0.01,-1,-1,-0.01,-1,-1,-0.01,-1,-1,-0.01,-1,-1,-0.01,-1,-1,-0.01,-1,-1,-0.01,-1,-1,-0.01,-1,-1,-0.01,-1,-1
99926009,2026-05-18 15:21:27+05:30,53516.55,0,0.0,0,0.0,0.0,53282.15,53667.55,52783.45,53710.35,0,0.0,0.0,0.0,0.0,-0.01,-1,-1,-0.01,-1,-1,-0.01,-1,-1,-0.01,-1,-1,-0.01,-1,-1,-0.01,-1,-1,-0.01,-1,-1,-0.01,-1,-1,-0.01,-1,-1,-0.01,-1,-1
99926009,2026-05-18 15:21:27+05:30,53517.6,0,0.0,0,0.0,0.0,53282.15,53667.55,52783.45,53710.35,0,0.0,0.0,0.0,0.0,-0.01,-1,-1,-0.01,-1,-1,-0.01,-1,-1,-0.01,-1,-1,-0.01,-1,-1,-0.01,-1,-1,-0.01,-1,-1,-0.01,-1,-1,-0.01,-1,-1,-0.01,-1,-1
99926009,2026-05-18 15:21:28+05:30,53517.6,0,0.0,0,0.0,0.0,53282.15,53667.55,52783.45,53710.35,0,0.0,0.0,0.0,0.0,-0.01,-1,-1,-0.01,-1,-1,-0.01,-1,-1,-0.01,-1,-1,-0.01,-1,-1,-0.01,-1,-1,-0.01,-1,-1,-0.01,-1,-1,-0.01,-1,-1,-0.01,-1,-1
99926009,2026-05-18 15:21:28+05:30,53519.25,0,0.0,0,0.0,0.0,53282.15,53667.55,52783.45,53710.35,0,0.0,0.0,0.0,0.0,-0.01,-1,-1,-0.01,-1,-1,-0.01,-1,-1,-0.01,-1,-1,-0.01,-1,-1,-0.01,-1,-1,-0.01,-1,-1,-0.01,-1,-1,-0.01,-1,-1,-0.01,-1,-1
99926009,2026-05-18 15:21:28+05:30,53518.45,0,0.0,0,0.0,0.0,53282.15,53667.55,52783.45,53710.35,0,0.0,0.0,0.0,0.0,-0.01,-1,-1,-0.01,-1,-1,-0.01,-1,-1,-0.01,-1,-1,-0.01,-1,-1,-0.01,-1,-1,-0.01,-1,-1,-0.01,-1,-1,-0.01,-1,-1,-0.01,-1,-1
99926009,2026-05-18 15:21:29+05:30,53518.45,0,0.0,0,0.0,0.0,53282.15,53667.55,52783.45,53710.35,0,0.0,0.0,0.0,0.0,-0.01,-1,-1,-0.01,-1,-1,-0.01,-1,-1,-0.01,-1,-1,-0.01,-1,-1,-0.01,-1,-1,-0.01,-1,-1,-0.01,-1,-1,-0.01,-1,-1,-0.01,-1,-1
99926009,2026-05-18 15:21:29+05:30,53517.65,0,0.0,0,0.0,0.0,53282.15,53667.55,52783.45,53710.35,0,0.0,0.0,0.0,0.0,-0.01,-1,-1,-0.01,-1,-1,-0.01,-1,-1,-0.01,-1,-1,-0.01,-1,-1,-0.01,-1,-1,-0.01,-1,-1,-0.01,-1,-1,-0.01,-1,-1,-0.01,-1,-1
99926009,2026-05-18 15:21:29+05:30,53520.95,0,0.0,0,0.0,0.0,53282.15,53667.55,52783.45,53710.35,0,0.0,0.0,0.0,0.0,-0.01,-1,-1,-0.01,-1,-1,-0.01,-1,-1,-0.01,-1,-1,-0.01,-1,-1,-0.01,-1,-1,-0.01,-1,-1,-0.01,-1,-1,-0.01,-1,-1,-0.01,-1,-1
99926009,2026-05-18 15:21:30+05:30,53520.95,0,0.0,0,0.0,0.0,53282.15,53667.55,52783.45,53710.35,0,0.0,0.0,0.0,0.0,-0.01,-1,-1,-0.01,-1,-1,-0.01,-1,-1,-0.01,-1,-1,-0.01,-1,-1,-0.01,-1,-1,-0.01,-1,-1,-0.01,-1,-1,-0.01,-1,-1,-0.01,-1,-1
99926009,2026-05-18 15:21:30+05:30,53517.45,0,0.0,0,0.0,0.0,53282.15,53667.55,52783.45,53710.35,0,0.0,0.0,0.0,0.0,-0.01,-1,-1,-0.01,-1,-1,-0.01,-1,-1,-0.01,-1,-1,-0.01,-1,-1,-0.01,-1,-1,-0.01,-1,-1,-0.01,-1,-1,-0.01,-1,-1,-0.01,-1,-1
99926009,2026-05-18 15:21:30+05:30,53522.45,0,0.0,0,0.0,0.0,53282.15,53667.55,52783.45,53710.35,0,0.0,0.0,0.0,0.0,-0.01,-1,-1,-0.01,-1,-1,-0.01,-1,-1,-0.01,-1,-1,-0.01,-1,-1,-0.01,-1,-1,-0.01,-1,-1,-0.01,-1,-1,-0.01,-1,-1,-0.01,-1,-1
99926009,2026-05-18 15:21:31+05:30,53522.45,0,0.0,0,0.0,0.0,53282.15,53667.55,52783.45,53710.35,0,0.0,0.0,0.0,0.0,-0.01,-1,-1,-0.01,-1,-1,-0.01,-1,-1,-0.01,-1,-1,-0.01,-1,-1,-0.01,-1,-1,-0.01,-1,-1,-0.01,-1,-1,-0.01,-1,-1,-0.01,-1,-1
99926009,2026-05-18 15:21:31+05:30,53521.3,0,0.0,0,0.0,0.0,53282.15,53667.55,52783.45,53710.35,0,0.0,0.0,0.0,0.0,-0.01,-1,-1,-0.01,-1,-1,-0.01,-1,-1,-0.01,-1,-1,-0.01,-1,-1,-0.01,-1,-1,-0.01,-1,-1,-0.01,-1,-1,-0.01,-1,-1,-0.01,-1,-1
99926009,2026-05-18 15:21:31+05:30,53520.5,0,0.0,0,0.0,0.0,53282.15,53667.55,52783.45,53710.35,0,0.0,0.0,0.0,0.0,-0.01,-1,-1,-0.01,-1,-1,-0.01,-1,-1,-0.01,-1,-1,-0.01,-1,-1,-0.01,-1,-1,-0.01,-1,-1,-0.01,-1,-1,-0.01,-1,-1,-0.01,-1,-1
99926009,2026-05-18 15:21:32+05:30,53520.5,0,0.0,0,0.0,0.0,53282.15,53667.55,52783.45,53710.35,0,0.0,0.0,0.0,0.0,-0.01,-1,-1,-0.01,-1,-1,-0.01,-1,-1,-0.01,-1,-1,-0.01,-1,-1,-0.01,-1,-1,-0.01,-1,-1,-0.01,-1,-1,-0.01,-1,-1,-0.01,-1,-1
99926009,2026-05-18 15:21:32+05:30,53518.65,0,0.0,0,0.0,0.0,53282.15,53667.55,52783.45,53710.35,0,0.0,0.0,0.0,0.0,-0.01,-1,-1,-0.01,-1,-1,-0.01,-1,-1,-0.01,-1,-1,-0.01,-1,-1,-0.01,-1,-1,-0.01,-1,-1,-0.01,-1,-1,-0.01,-1,-1,-0.01,-1,-1
99926009,2026-05-18 15:21:32+05:30,53519.0,0,0.0,0,0.0,0.0,53282.15,53667.55,52783.45,53710.35,0,0.0,0.0,0.0,0.0,-0.01,-1,-1,-0.01,-1,-1,-0.01,-1,-1,-0.01,-1,-1,-0.01,-1,-1,-0.01,-1,-1,-0.01,-1,-1,-0.01,-1,-1,-0.01,-1,-1,-0.01,-1,-1
99926009,2026-05-18 15:21:33+05:30,53519.0,0,0.0,0,0.0,0.0,53282.15,53667.55,52783.45,53710.35,0,0.0,0.0,0.0,0.0,-0.01,-1,-1,-0.01,-1,-1,-0.01,-1,-1,-0.01,-1,-1,-0.01,-1,-1,-0.01,-1,-1,-0.01,-1,-1,-0.01,-1,-1,-0.01,-1,-1,-0.01,-1,-1
99926009,2026-05-18 15:21:33+05:30,53518.5,0,0.0,0,0.0,0.0,53282.15,53667.55,52783.45,53710.35,0,0.0,0.0,0.0,0.0,-0.01,-1,-1,-0.01,-1,-1,-0.01,-1,-1,-0.01,-1,-1,-0.01,-1,-1,-0.01,-1,-1,-0.01,-1,-1,-0.01,-1,-1,-0.01,-1,-1,-0.01,-1,-1
99926009,2026-05-18 15:21:33+05:30,53522.0,0,0.0,0,0.0,0.0,53282.15,53667.55,52783.45,53710.35,0,0.0,0.0,0.0,0.0,-0.01,-1,-1,-0.01,-1,-1,-0.01,-1,-1,-0.01,-1,-1,-0.01,-1,-1,-0.01,-1,-1,-0.01,-1,-1,-0.01,-1,-1,-0.01,-1,-1,-0.01,-1,-1
99926009,2026-05-18 15:21:34+05:30,53522.0,0,0.0,0,0.0,0.0,53282.15,53667.55,52783.45,53710.35,0,0.0,0.0,0.0,0.0,-0.01,-1,-1,-0.01,-1,-1,-0.01,-1,-1,-0.01,-1,-1,-0.01,-1,-1,-0.01,-1,-1,-0.01,-1,-1,-0.01,-1,-1,-0.01,-1,-1,-0.01,-1,-1
99926009,2026-05-18 15:21:34+05:30,53516.85,0,0.0,0,0.0,0.0,53282.15,53667.55,52783.45,53710.35,0,0.0,0.0,0.0,0.0,-0.01,-1,-1,-0.01,-1,-1,-0.01,-1,-1,-0.01,-1,-1,-0.01,-1,-1,-0.01,-1,-1,-0.01,-1,-1,-0.01,-1,-1,-0.01,-1,-1,-0.01,-1,-1
99926009,2026-05-18 15:21:34+05:30,53517.3,0,0.0,0,0.0,0.0,53282.15,53667.55,52783.45,53710.35,0,0.0,0.0,0.0,0.0,-0.01,-1,-1,-0.01,-1,-1,-0.01,-1,-1,-0.01,-1,-1,-0.01,-1,-1,-0.01,-1,-1,-0.01,-1,-1,-0.01,-1,-1,-0.01,-1,-1,-0.01,-1,-1
99926009,2026-05-18 15:21:35+05:30,53517.3,0,0.0,0,0.0,0.0,53282.15,53667.55,52783.45,53710.35,0,0.0,0.0,0.0,0.0,-0.01,-1,-1,-0.01,-1,-1,-0.01,-1,-1,-0.01,-1,-1,-0.01,-1,-1,-0.01,-1,-1,-0.01,-1,-1,-0.01,-1,-1,-0.01,-1,-1,-0.01,-1,-1
99926009,2026-05-18 15:21:35+05:30,53519.4,0,0.0,0,0.0,0.0,53282.15,53667.55,52783.45,53710.35,0,0.0,0.0,0.0,0.0,-0.01,-1,-1,-0.01,-1,-1,-0.01,-1,-1,-0.01,-1,-1,-0.01,-1,-1,-0.01,-1,-1,-0.01,-1,-1,-0.01,-1,-1,-0.01,-1,-1,-0.01,-1,-1
99926009,2026-05-18 15:21:35+05:30,53522.65,0,0.0,0,0.0,0.0,53282.15,53667.55,52783.45,53710.35,0,0.0,0.0,0.0,0.0,-0.01,-1,-1,-0.01,-1,-1,-0.01,-1,-1,-0.01,-1,-1,-0.01,-1,-1,-0.01,-1,-1,-0.01,-1,-1,-0.01,-1,-1,-0.01,-1,-1,-0.01,-1,-1
99926009,2026-05-18 15:21:36+05:30,53522.65,0,0.0,0,0.0,0.0,53282.15,53667.55,52783.45,53710.35,0,0.0,0.0,0.0,0.0,-0.01,-1,-1,-0.01,-1,-1,-0.01,-1,-1,-0.01,-1,-1,-0.01,-1,-1,-0.01,-1,-1,-0.01,-1,-1,-0.01,-1,-1,-0.01,-1,-1,-0.01,-1,-1
99926009,2026-05-18 15:21:36+05:30,53519.55,0,0.0,0,0.0,0.0,53282.15,53667.55,52783.45,53710.35,0,0.0,0.0,0.0,0.0,-0.01,-1,-1,-0.01,-1,-1,-0.01,-1,-1,-0.01,-1,-1,-0.01,-1,-1,-0.01,-1,-1,-0.01,-1,-1,-0.01,-1,-1,-0.01,-1,-1,-0.01,-1,-1
99926009,2026-05-18 15:21:36+05:30,53519.1,0,0.0,0,0.0,0.0,53282.15,53667.55,52783.45,53710.35,0,0.0,0.0,0.0,0.0,-0.01,-1,-1,-0.01,-1,-1,-0.01,-1,-1,-0.01,-1,-1,-0.01,-1,-1,-0.01,-1,-1,-0.01,-1,-1,-0.01,-1,-1,-0.01,-1,-1,-0.01,-1,-1
99926009,2026-05-18 15:21:37+05:30,53519.1,0,0.0,0,0.0,0.0,53282.15,53667.55,52783.45,53710.35,0,0.0,0.0,0.0,0.0,-0.01,-1,-1,-0.01,-1,-1,-0.01,-1,-1,-0.01,-1,-1,-0.01,-1,-1,-0.01,-1,-1,-0.01,-1,-1,-0.01,-1,-1,-0.01,-1,-1,-0.01,-1,-1
99926009,2026-05-18 15:21:37+05:30,53518.9,0,0.0,0,0.0,0.0,53282.15,53667.55,52783.45,53710.35,0,0.0,0.0,0.0,0.0,-0.01,-1,-1,-0.01,-1,-1,-0.01,-1,-1,-0.01,-1,-1,-0.01,-1,-1,-0.01,-1,-1,-0.01,-1,-1,-0.01,-1,-1,-0.01,-1,-1,-0.01,-1,-1
99926009,2026-05-18 15:21:37+05:30,53517.2,0,0.0,0,0.0,0.0,53282.15,53667.55,52783.45,53710.35,0,0.0,0.0,0.0,0.0,-0.01,-1,-1,-0.01,-1,-1,-0.01,-1,-1,-0.01,-1,-1,-0.01,-1,-1,-0.01,-1,-1,-0.01,-1,-1,-0.01,-1,-1,-0.01,-1,-1,-0.01,-1,-1
99926009,2026-05-18 15:21:38+05:30,53517.2,0,0.0,0,0.0,0.0,53282.15,53667.55,52783.45,53710.35,0,0.0,0.0,0.0,0.0,-0.01,-1,-1,-0.01,-1,-1,-0.01,-1,-1,-0.01,-1,-1,-0.01,-1,-1,-0.01,-1,-1,-0.01,-1,-1,-0.01,-1,-1,-0.01,-1,-1,-0.01,-1,-1
99926009,2026-05-18 15:21:38+05:30,53520.1,0,0.0,0,0.0,0.0,53282.15,53667.55,52783.45,53710.35,0,0.0,0.0,0.0,0.0,-0.01,-1,-1,-0.01,-1,-1,-0.01,-1,-1,-0.01,-1,-1,-0.01,-1,-1,-0.01,-1,-1,-0.01,-1,-1,-0.01,-1,-1,-0.01,-1,-1,-0.01,-1,-1
99926009,2026-05-18 15:21:38+05:30,53520.5,0,0.0,0,0.0,0.0,53282.15,53667.55,52783.45,53710.35,0,0.0,0.0,0.0,0.0,-0.01,-1,-1,-0.01,-1,-1,-0.01,-1,-1,-0.01,-1,-1,-0.01,-1,-1,-0.01,-1,-1,-0.01,-1,-1,-0.01,-1,-1,-0.01,-1,-1,-0.01,-1,-1
99926009,2026-05-18 15:21:39+05:30,53520.5,0,0.0,0,0.0,0.0,53282.15,53667.55,52783.45,53710.35,0,0.0,0.0,0.0,0.0,-0.01,-1,-1,-0.01,-1,-1,-0.01,-1,-1,-0.01,-1,-1,-0.01,-1,-1,-0.01,-1,-1,-0.01,-1,-1,-0.01,-1,-1,-0.01,-1,-1,-0.01,-1,-1
99926009,2026-05-18 15:21:39+05:30,53522.75,0,0.0,0,0.0,0.0,53282.15,53667.55,52783.45,53710.35,0,0.0,0.0,0.0,0.0,-0.01,-1,-1,-0.01,-1,-1,-0.01,-1,-1,-0.01,-1,-1,-0.01,-1,-1,-0.01,-1,-1,-0.01,-1,-1,-0.01,-1,-1,-0.01,-1,-1,-0.01,-1,-1
99926009,2026-05-18 15:21:39+05:30,53521.65,0,0.0,0,0.0,0.0,53282.15,53667.55,52783.45,53710.35,0,0.0,0.0,0.0,0.0,-0.01,-1,-1,-0.01,-1,-1,-0.01,-1,-1,-0.01,-1,-1,-0.01,-1,-1,-0.01,-1,-1,-0.01,-1,-1,-0.01,-1,-1,-0.01,-1,-1,-0.01,-1,-1
99926009,2026-05-18 15:21:40+05:30,53521.65,0,0.0,0,0.0,0.0,53282.15,53667.55,52783.45,53710.35,0,0.0,0.0,0.0,0.0,-0.01,-1,-1,-0.01,-1,-1,-0.01,-1,-1,-0.01,-1,-1,-0.01,-1,-1,-0.01,-1,-1,-0.01,-1,-1,-0.01,-1,-1,-0.01,-1,-1,-0.01,-1,-1
99926009,2026-05-18 15:21:40+05:30,53522.5,0,0.0,0,0.0,0.0,53282.15,53667.55,52783.45,53710.35,0,0.0,0.0,0.0,0.0,-0.01,-1,-1,-0.01,-1,-1,-0.01,-1,-1,-0.01,-1,-1,-0.01,-1,-1,-0.01,-1,-1,-0.01,-1,-1,-0.01,-1,-1,-0.01,-1,-1,-0.01,-1,-1
99926009,2026-05-18 15:21:40+05:30,53522.0,0,0.0,0,0.0,0.0,53282.15,53667.55,52783.45,53710.35,0,0.0,0.0,0.0,0.0,-0.01,-1,-1,-0.01,-1,-1,-0.01,-1,-1,-0.01,-1,-1,-0.01,-1,-1,-0.01,-1,-1,-0.01,-1,-1,-0.01,-1,-1,-0.01,-1,-1,-0.01,-1,-1
99926009,2026-05-18 15:21:41+05:30,53522.0,0,0.0,0,0.0,0.0,53282.15,53667.55,52783.45,53710.35,0,0.0,0.0,0.0,0.0,-0.01,-1,-1,-0.01,-1,-1,-0.01,-1,-1,-0.01,-1,-1,-0.01,-1,-1,-0.01,-1,-1,-0.01,-1,-1,-0.01,-1,-1,-0.01,-1,-1,-0.01,-1,-1
99926009,2026-05-18 15:21:41+05:30,53518.1,0,0.0,0,0.0,0.0,53282.15,53667.55,52783.45,53710.35,0,0.0,0.0,0.0,0.0,-0.01,-1,-1,-0.01,-1,-1,-0.01,-1,-1,-0.01,-1,-1,-0.01,-1,-1,-0.01,-1,-1,-0.01,-1,-1,-0.01,-1,-1,-0.01,-1,-1,-0.01,-1,-1
99926009,2026-05-18 15:21:41+05:30,53521.45,0,0.0,0,0.0,0.0,53282.15,53667.55,52783.45,53710.35,0,0.0,0.0,0.0,0.0,-0.01,-1,-1,-0.01,-1,-1,-0.01,-1,-1,-0.01,-1,-1,-0.01,-1,-1,-0.01,-1,-1,-0.01,-1,-1,-0.01,-1,-1,-0.01,-1,-1,-0.01,-1,-1
99926009,2026-05-18 15:21:42+05:30,53521.45,0,0.0,0,0.0,0.0,53282.15,53667.55,52783.45,53710.35,0,0.0,0.0,0.0,0.0,-0.01,-1,-1,-0.01,-1,-1,-0.01,-1,-1,-0.01,-1,-1,-0.01,-1,-1,-0.01,-1,-1,-0.01,-1,-1,-0.01,-1,-1,-0.01,-1,-1,-0.01,-1,-1
99926009,2026-05-18 15:21:42+05:30,53522.55,0,0.0,0,0.0,0.0,53282.15,53667.55,52783.45,53710.35,0,0.0,0.0,0.0,0.0,-0.01,-1,-1,-0.01,-1,-1,-0.01,-1,-1,-0.01,-1,-1,-0.01,-1,-1,-0.01,-1,-1,-0.01,-1,-1,-0.01,-1,-1,-0.01,-1,-1,-0.01,-1,-1
99926009,2026-05-18 15:21:42+05:30,53523.05,0,0.0,0,0.0,0.0,53282.15,53667.55,52783.45,53710.35,0,0.0,0.0,0.0,0.0,-0.01,-1,-1,-0.01,-1,-1,-0.01,-1,-1,-0.01,-1,-1,-0.01,-1,-1,-0.01,-1,-1,-0.01,-1,-1,-0.01,-1,-1,-0.01,-1,-1,-0.01,-1,-1
99926009,2026-05-18 15:21:43+05:30,53523.05,0,0.0,0,0.0,0.0,53282.15,53667.55,52783.45,53710.35,0,0.0,0.0,0.0,0.0,-0.01,-1,-1,-0.01,-1,-1,-0.01,-1,-1,-0.01,-1,-1,-0.01,-1,-1,-0.01,-1,-1,-0.01,-1,-1,-0.01,-1,-1,-0.01,-1,-1,-0.01,-1,-1
99926009,2026-05-18 15:21:43+05:30,53521.65,0,0.0,0,0.0,0.0,53282.15,53667.55,52783.45,53710.35,0,0.0,0.0,0.0,0.0,-0.01,-1,-1,-0.01,-1,-1,-0.01,-1,-1,-0.01,-1,-1,-0.01,-1,-1,-0.01,-1,-1,-0.01,-1,-1,-0.01,-1,-1,-0.01,-1,-1,-0.01,-1,-1
99926009,2026-05-18 15:21:43+05:30,53523.1,0,0.0,0,0.0,0.0,53282.15,53667.55,52783.45,53710.35,0,0.0,0.0,0.0,0.0,-0.01,-1,-1,-0.01,-1,-1,-0.01,-1,-1,-0.01,-1,-1,-0.01,-1,-1,-0.01,-1,-1,-0.01,-1,-1,-0.01,-1,-1,-0.01,-1,-1,-0.01,-1,-1
99926009,2026-05-18 15:21:44+05:30,53523.1,0,0.0,0,0.0,0.0,53282.15,53667.55,52783.45,53710.35,0,0.0,0.0,0.0,0.0,-0.01,-1,-1,-0.01,-1,-1,-0.01,-1,-1,-0.01,-1,-1,-0.01,-1,-1,-0.01,-1,-1,-0.01,-1,-1,-0.01,-1,-1,-0.01,-1,-1,-0.01,-1,-1
99926009,2026-05-18 15:21:44+05:30,53523.05,0,0.0,0,0.0,0.0,53282.15,53667.55,52783.45,53710.35,0,0.0,0.0,0.0,0.0,-0.01,-1,-1,-0.01,-1,-1,-0.01,-1,-1,-0.01,-1,-1,-0.01,-1,-1,-0.01,-1,-1,-0.01,-1,-1,-0.01,-1,-1,-0.01,-1,-1,-0.01,-1,-1
99926009,2026-05-18 15:21:44+05:30,53521.6,0,0.0,0,0.0,0.0,53282.15,53667.55,52783.45,53710.35,0,0.0,0.0,0.0,0.0,-0.01,-1,-1,-0.01,-1,-1,-0.01,-1,-1,-0.01,-1,-1,-0.01,-1,-1,-0.01,-1,-1,-0.01,-1,-1,-0.01,-1,-1,-0.01,-1,-1,-0.01,-1,-1
99926009,2026-05-18 15:21:45+05:30,53521.6,0,0.0,0,0.0,0.0,53282.15,53667.55,52783.45,53710.35,0,0.0,0.0,0.0,0.0,-0.01,-1,-1,-0.01,-1,-1,-0.01,-1,-1,-0.01,-1,-1,-0.01,-1,-1,-0.01,-1,-1,-0.01,-1,-1,-0.01,-1,-1,-0.01,-1,-1,-0.01,-1,-1
99926009,2026-05-18 15:21:45+05:30,53519.7,0,0.0,0,0.0,0.0,53282.15,53667.55,52783.45,53710.35,0,0.0,0.0,0.0,0.0,-0.01,-1,-1,-0.01,-1,-1,-0.01,-1,-1,-0.01,-1,-1,-0.01,-1,-1,-0.01,-1,-1,-0.01,-1,-1,-0.01,-1,-1,-0.01,-1,-1,-0.01,-1,-1
99926009,2026-05-18 15:21:45+05:30,53522.25,0,0.0,0,0.0,0.0,53282.15,53667.55,52783.45,53710.35,0,0.0,0.0,0.0,0.0,-0.01,-1,-1,-0.01,-1,-1,-0.01,-1,-1,-0.01,-1,-1,-0.01,-1,-1,-0.01,-1,-1,-0.01,-1,-1,-0.01,-1,-1,-0.01,-1,-1,-0.01,-1,-1
99926009,2026-05-18 15:21:46+05:30,53522.25,0,0.0,0,0.0,0.0,53282.15,53667.55,52783.45,53710.35,0,0.0,0.0,0.0,0.0,-0.01,-1,-1,-0.01,-1,-1,-0.01,-1,-1,-0.01,-1,-1,-0.01,-1,-1,-0.01,-1,-1,-0.01,-1,-1,-0.01,-1,-1,-0.01,-1,-1,-0.01,-1,-1
99926009,2026-05-18 15:21:46+05:30,53521.45,0,0.0,0,0.0,0.0,53282.15,53667.55,52783.45,53710.35,0,0.0,0.0,0.0,0.0,-0.01,-1,-1,-0.01,-1,-1,-0.01,-1,-1,-0.01,-1,-1,-0.01,-1,-1,-0.01,-1,-1,-0.01,-1,-1,-0.01,-1,-1,-0.01,-1,-1,-0.01,-1,-1
99926009,2026-05-18 15:21:46+05:30,53519.9,0,0.0,0,0.0,0.0,53282.15,53667.55,52783.45,53710.35,0,0.0,0.0,0.0,0.0,-0.01,-1,-1,-0.01,-1,-1,-0.01,-1,-1,-0.01,-1,-1,-0.01,-1,-1,-0.01,-1,-1,-0.01,-1,-1,-0.01,-1,-1,-0.01,-1,-1,-0.01,-1,-1
99926009,2026-05-18 15:21:47+05:30,53519.9,0,0.0,0,0.0,0.0,53282.15,53667.55,52783.45,53710.35,0,0.0,0.0,0.0,0.0,-0.01,-1,-1,-0.01,-1,-1,-0.01,-1,-1,-0.01,-1,-1,-0.01,-1,-1,-0.01,-1,-1,-0.01,-1,-1,-0.01,-1,-1,-0.01,-1,-1,-0.01,-1,-1
99926009,2026-05-18 15:21:47+05:30,53517.75,0,0.0,0,0.0,0.0,53282.15,53667.55,52783.45,53710.35,0,0.0,0.0,0.0,0.0,-0.01,-1,-1,-0.01,-1,-1,-0.01,-1,-1,-0.01,-1,-1,-0.01,-1,-1,-0.01,-1,-1,-0.01,-1,-1,-0.01,-1,-1,-0.01,-1,-1,-0.01,-1,-1
99926009,2026-05-18 15:21:47+05:30,53519.65,0,0.0,0,0.0,0.0,53282.15,53667.55,52783.45,53710.35,0,0.0,0.0,0.0,0.0,-0.01,-1,-1,-0.01,-1,-1,-0.01,-1,-1,-0.01,-1,-1,-0.01,-1,-1,-0.01,-1,-1,-0.01,-1,-1,-0.01,-1,-1,-0.01,-1,-1,-0.01,-1,-1
99926009,2026-05-18 15:21:48+05:30,53519.65,0,0.0,0,0.0,0.0,53282.15,53667.55,52783.45,53710.35,0,0.0,0.0,0.0,0.0,-0.01,-1,-1,-0.01,-1,-1,-0.01,-1,-1,-0.01,-1,-1,-0.01,-1,-1,-0.01,-1,-1,-0.01,-1,-1,-0.01,-1,-1,-0.01,-1,-1,-0.01,-1,-1
99926009,2026-05-18 15:21:48+05:30,53516.85,0,0.0,0,0.0,0.0,53282.15,53667.55,52783.45,53710.35,0,0.0,0.0,0.0,0.0,-0.01,-1,-1,-0.01,-1,-1,-0.01,-1,-1,-0.01,-1,-1,-0.01,-1,-1,-0.01,-1,-1,-0.01,-1,-1,-0.01,-1,-1,-0.01,-1,-1,-0.01,-1,-1
99926009,2026-05-18 15:21:48+05:30,53518.05,0,0.0,0,0.0,0.0,53282.15,53667.55,52783.45,53710.35,0,0.0,0.0,0.0,0.0,-0.01,-1,-1,-0.01,-1,-1,-0.01,-1,-1,-0.01,-1,-1,-0.01,-1,-1,-0.01,-1,-1,-0.01,-1,-1,-0.01,-1,-1,-0.01,-1,-1,-0.01,-1,-1
99926009,2026-05-18 15:21:49+05:30,53518.05,0,0.0,0,0.0,0.0,53282.15,53667.55,52783.45,53710.35,0,0.0,0.0,0.0,0.0,-0.01,-1,-1,-0.01,-1,-1,-0.01,-1,-1,-0.01,-1,-1,-0.01,-1,-1,-0.01,-1,-1,-0.01,-1,-1,-0.01,-1,-1,-0.01,-1,-1,-0.01,-1,-1
99926009,2026-05-18 15:21:49+05:30,53516.55,0,0.0,0,0.0,0.0,53282.15,53667.55,52783.45,53710.35,0,0.0,0.0,0.0,0.0,-0.01,-1,-1,-0.01,-1,-1,-0.01,-1,-1,-0.01,-1,-1,-0.01,-1,-1,-0.01,-1,-1,-0.01,-1,-1,-0.01,-1,-1,-0.01,-1,-1,-0.01,-1,-1
99926009,2026-05-18 15:21:49+05:30,53516.9,0,0.0,0,0.0,0.0,53282.15,53667.55,52783.45,53710.35,0,0.0,0.0,0.0,0.0,-0.01,-1,-1,-0.01,-1,-1,-0.01,-1,-1,-0.01,-1,-1,-0.01,-1,-1,-0.01,-1,-1,-0.01,-1,-1,-0.01,-1,-1,-0.01,-1,-1,-0.01,-1,-1
99926009,2026-05-18 15:21:50+05:30,53516.9,0,0.0,0,0.0,0.0,53282.15,53667.55,52783.45,53710.35,0,0.0,0.0,0.0,0.0,-0.01,-1,-1,-0.01,-1,-1,-0.01,-1,-1,-0.01,-1,-1,-0.01,-1,-1,-0.01,-1,-1,-0.01,-1,-1,-0.01,-1,-1,-0.01,-1,-1,-0.01,-1,-1
99926009,2026-05-18 15:21:50+05:30,53517.0,0,0.0,0,0.0,0.0,53282.15,53667.55,52783.45,53710.35,0,0.0,0.0,0.0,0.0,-0.01,-1,-1,-0.01,-1,-1,-0.01,-1,-1,-0.01,-1,-1,-0.01,-1,-1,-0.01,-1,-1,-0.01,-1,-1,-0.01,-1,-1,-0.01,-1,-1,-0.01,-1,-1
99926009,2026-05-18 15:21:50+05:30,53519.1,0,0.0,0,0.0,0.0,53282.15,53667.55,52783.45,53710.35,0,0.0,0.0,0.0,0.0,-0.01,-1,-1,-0.01,-1,-1,-0.01,-1,-1,-0.01,-1,-1,-0.01,-1,-1,-0.01,-1,-1,-0.01,-1,-1,-0.01,-1,-1,-0.01,-1,-1,-0.01,-1,-1
99926009,2026-05-18 15:21:51+05:30,53519.1,0,0.0,0,0.0,0.0,53282.15,53667.55,52783.45,53710.35,0,0.0,0.0,0.0,0.0,-0.01,-1,-1,-0.01,-1,-1,-0.01,-1,-1,-0.01,-1,-1,-0.01,-1,-1,-0.01,-1,-1,-0.01,-1,-1,-0.01,-1,-1,-0.01,-1,-1,-0.01,-1,-1
99926009,2026-05-18 15:21:51+05:30,53517.6,0,0.0,0,0.0,0.0,53282.15,53667.55,52783.45,53710.35,0,0.0,0.0,0.0,0.0,-0.01,-1,-1,-0.01,-1,-1,-0.01,-1,-1,-0.01,-1,-1,-0.01,-1,-1,-0.01,-1,-1,-0.01,-1,-1,-0.01,-1,-1,-0.01,-1,-1,-0.01,-1,-1
99926009,2026-05-18 15:21:51+05:30,53516.75,0,0.0,0,0.0,0.0,53282.15,53667.55,52783.45,53710.35,0,0.0,0.0,0.0,0.0,-0.01,-1,-1,-0.01,-1,-1,-0.01,-1,-1,-0.01,-1,-1,-0.01,-1,-1,-0.01,-1,-1,-0.01,-1,-1,-0.01,-1,-1,-0.01,-1,-1,-0.01,-1,-1
99926009,2026-05-18 15:21:52+05:30,53516.75,0,0.0,0,0.0,0.0,53282.15,53667.55,52783.45,53710.35,0,0.0,0.0,0.0,0.0,-0.01,-1,-1,-0.01,-1,-1,-0.01,-1,-1,-0.01,-1,-1,-0.01,-1,-1,-0.01,-1,-1,-0.01,-1,-1,-0.01,-1,-1,-0.01,-1,-1,-0.01,-1,-1
99926009,2026-05-18 15:21:52+05:30,53517.6,0,0.0,0,0.0,0.0,53282.15,53667.55,52783.45,53710.35,0,0.0,0.0,0.0,0.0,-0.01,-1,-1,-0.01,-1,-1,-0.01,-1,-1,-0.01,-1,-1,-0.01,-1,-1,-0.01,-1,-1,-0.01,-1,-1,-0.01,-1,-1,-0.01,-1,-1,-0.01,-1,-1
99926009,2026-05-18 15:21:52+05:30,53518.85,0,0.0,0,0.0,0.0,53282.15,53667.55,52783.45,53710.35,0,0.0,0.0,0.0,0.0,-0.01,-1,-1,-0.01,-1,-1,-0.01,-1,-1,-0.01,-1,-1,-0.01,-1,-1,-0.01,-1,-1,-0.01,-1,-1,-0.01,-1,-1,-0.01,-1,-1,-0.01,-1,-1
99926009,2026-05-18 15:21:53+05:30,53518.85,0,0.0,0,0.0,0.0,53282.15,53667.55,52783.45,53710.35,0,0.0,0.0,0.0,0.0,-0.01,-1,-1,-0.01,-1,-1,-0.01,-1,-1,-0.01,-1,-1,-0.01,-1,-1,-0.01,-1,-1,-0.01,-1,-1,-0.01,-1,-1,-0.01,-1,-1,-0.01,-1,-1
99926009,2026-05-18 15:21:53+05:30,53519.75,0,0.0,0,0.0,0.0,53282.15,53667.55,52783.45,53710.35,0,0.0,0.0,0.0,0.0,-0.01,-1,-1,-0.01,-1,-1,-0.01,-1,-1,-0.01,-1,-1,-0.01,-1,-1,-0.01,-1,-1,-0.01,-1,-1,-0.01,-1,-1,-0.01,-1,-1,-0.01,-1,-1
99926009,2026-05-18 15:21:53+05:30,53519.85,0,0.0,0,0.0,0.0,53282.15,53667.55,52783.45,53710.35,0,0.0,0.0,0.0,0.0,-0.01,-1,-1,-0.01,-1,-1,-0.01,-1,-1,-0.01,-1,-1,-0.01,-1,-1,-0.01,-1,-1,-0.01,-1,-1,-0.01,-1,-1,-0.01,-1,-1,-0.01,-1,-1
99926009,2026-05-18 15:21:54+05:30,53519.85,0,0.0,0,0.0,0.0,53282.15,53667.55,52783.45,53710.35,0,0.0,0.0,0.0,0.0,-0.01,-1,-1,-0.01,-1,-1,-0.01,-1,-1,-0.01,-1,-1,-0.01,-1,-1,-0.01,-1,-1,-0.01,-1,-1,-0.01,-1,-1,-0.01,-1,-1,-0.01,-1,-1
99926009,2026-05-18 15:21:54+05:30,53520.0,0,0.0,0,0.0,0.0,53282.15,53667.55,52783.45,53710.35,0,0.0,0.0,0.0,0.0,-0.01,-1,-1,-0.01,-1,-1,-0.01,-1,-1,-0.01,-1,-1,-0.01,-1,-1,-0.01,-1,-1,-0.01,-1,-1,-0.01,-1,-1,-0.01,-1,-1,-0.01,-1,-1
99926009,2026-05-18 15:21:54+05:30,53515.75,0,0.0,0,0.0,0.0,53282.15,53667.55,52783.45,53710.35,0,0.0,0.0,0.0,0.0,-0.01,-1,-1,-0.01,-1,-1,-0.01,-1,-1,-0.01,-1,-1,-0.01,-1,-1,-0.01,-1,-1,-0.01,-1,-1,-0.01,-1,-1,-0.01,-1,-1,-0.01,-1,-1
99926009,2026-05-18 15:21:55+05:30,53515.75,0,0.0,0,0.0,0.0,53282.15,53667.55,52783.45,53710.35,0,0.0,0.0,0.0,0.0,-0.01,-1,-1,-0.01,-1,-1,-0.01,-1,-1,-0.01,-1,-1,-0.01,-1,-1,-0.01,-1,-1,-0.01,-1,-1,-0.01,-1,-1,-0.01,-1,-1,-0.01,-1,-1
99926009,2026-05-18 15:21:55+05:30,53518.25,0,0.0,0,0.0,0.0,53282.15,53667.55,52783.45,53710.35,0,0.0,0.0,0.0,0.0,-0.01,-1,-1,-0.01,-1,-1,-0.01,-1,-1,-0.01,-1,-1,-0.01,-1,-1,-0.01,-1,-1,-0.01,-1,-1,-0.01,-1,-1,-0.01,-1,-1,-0.01,-1,-1
99926009,2026-05-18 15:21:55+05:30,53518.65,0,0.0,0,0.0,0.0,53282.15,53667.55,52783.45,53710.35,0,0.0,0.0,0.0,0.0,-0.01,-1,-1,-0.01,-1,-1,-0.01,-1,-1,-0.01,-1,-1,-0.01,-1,-1,-0.01,-1,-1,-0.01,-1,-1,-0.01,-1,-1,-0.01,-1,-1,-0.01,-1,-1
99926009,2026-05-18 15:21:56+05:30,53518.65,0,0.0,0,0.0,0.0,53282.15,53667.55,52783.45,53710.35,0,0.0,0.0,0.0,0.0,-0.01,-1,-1,-0.01,-1,-1,-0.01,-1,-1,-0.01,-1,-1,-0.01,-1,-1,-0.01,-1,-1,-0.01,-1,-1,-0.01,-1,-1,-0.01,-1,-1,-0.01,-1,-1
99926009,2026-05-18 15:21:56+05:30,53517.8,0,0.0,0,0.0,0.0,53282.15,53667.55,52783.45,53710.35,0,0.0,0.0,0.0,0.0,-0.01,-1,-1,-0.01,-1,-1,-0.01,-1,-1,-0.01,-1,-1,-0.01,-1,-1,-0.01,-1,-1,-0.01,-1,-1,-0.01,-1,-1,-0.01,-1,-1,-0.01,-1,-1
99926009,2026-05-18 15:21:56+05:30,53516.95,0,0.0,0,0.0,0.0,53282.15,53667.55,52783.45,53710.35,0,0.0,0.0,0.0,0.0,-0.01,-1,-1,-0.01,-1,-1,-0.01,-1,-1,-0.01,-1,-1,-0.01,-1,-1,-0.01,-1,-1,-0.01,-1,-1,-0.01,-1,-1,-0.01,-1,-1,-0.01,-1,-1
99926009,2026-05-18 15:21:57+05:30,53516.95,0,0.0,0,0.0,0.0,53282.15,53667.55,52783.45,53710.35,0,0.0,0.0,0.0,0.0,-0.01,-1,-1,-0.01,-1,-1,-0.01,-1,-1,-0.01,-1,-1,-0.01,-1,-1,-0.01,-1,-1,-0.01,-1,-1,-0.01,-1,-1,-0.01,-1,-1,-0.01,-1,-1
99926009,2026-05-18 15:21:57+05:30,53517.85,0,0.0,0,0.0,0.0,53282.15,53667.55,52783.45,53710.35,0,0.0,0.0,0.0,0.0,-0.01,-1,-1,-0.01,-1,-1,-0.01,-1,-1,-0.01,-1,-1,-0.01,-1,-1,-0.01,-1,-1,-0.01,-1,-1,-0.01,-1,-1,-0.01,-1,-1,-0.01,-1,-1
99926009,2026-05-18 15:21:57+05:30,53517.35,0,0.0,0,0.0,0.0,53282.15,53667.55,52783.45,53710.35,0,0.0,0.0,0.0,0.0,-0.01,-1,-1,-0.01,-1,-1,-0.01,-1,-1,-0.01,-1,-1,-0.01,-1,-1,-0.01,-1,-1,-0.01,-1,-1,-0.01,-1,-1,-0.01,-1,-1,-0.01,-1,-1
99926009,2026-05-18 15:21:58+05:30,53517.35,0,0.0,0,0.0,0.0,53282.15,53667.55,52783.45,53710.35,0,0.0,0.0,0.0,0.0,-0.01,-1,-1,-0.01,-1,-1,-0.01,-1,-1,-0.01,-1,-1,-0.01,-1,-1,-0.01,-1,-1,-0.01,-1,-1,-0.01,-1,-1,-0.01,-1,-1,-0.01,-1,-1
99926009,2026-05-18 15:21:58+05:30,53517.4,0,0.0,0,0.0,0.0,53282.15,53667.55,52783.45,53710.35,0,0.0,0.0,0.0,0.0,-0.01,-1,-1,-0.01,-1,-1,-0.01,-1,-1,-0.01,-1,-1,-0.01,-1,-1,-0.01,-1,-1,-0.01,-1,-1,-0.01,-1,-1,-0.01,-1,-1,-0.01,-1,-1
99926009,2026-05-18 15:21:58+05:30,53516.65,0,0.0,0,0.0,0.0,53282.15,53667.55,52783.45,53710.35,0,0.0,0.0,0.0,0.0,-0.01,-1,-1,-0.01,-1,-1,-0.01,-1,-1,-0.01,-1,-1,-0.01,-1,-1,-0.01,-1,-1,-0.01,-1,-1,-0.01,-1,-1,-0.01,-1,-1,-0.01,-1,-1
99926009,2026-05-18 15:21:59+05:30,53516.65,0,0.0,0,0.0,0.0,53282.15,53667.55,52783.45,53710.35,0,0.0,0.0,0.0,0.0,-0.01,-1,-1,-0.01,-1,-1,-0.01,-1,-1,-0.01,-1,-1,-0.01,-1,-1,-0.01,-1,-1,-0.01,-1,-1,-0.01,-1,-1,-0.01,-1,-1,-0.01,-1,-1
99926009,2026-05-18 15:21:59+05:30,53516.9,0,0.0,0,0.0,0.0,53282.15,53667.55,52783.45,53710.35,0,0.0,0.0,0.0,0.0,-0.01,-1,-1,-0.01,-1,-1,-0.01,-1,-1,-0.01,-1,-1,-0.01,-1,-1,-0.01,-1,-1,-0.01,-1,-1,-0.01,-1,-1,-0.01,-1,-1,-0.01,-1,-1
99926009,2026-05-18 15:21:59+05:30,53516.5,0,0.0,0,0.0,0.0,53282.15,53667.55,52783.45,53710.35,0,0.0,0.0,0.0,0.0,-0.01,-1,-1,-0.01,-1,-1,-0.01,-1,-1,-0.01,-1,-1,-0.01,-1,-1,-0.01,-1,-1,-0.01,-1,-1,-0.01,-1,-1,-0.01,-1,-1,-0.01,-1,-1
99926009,2026-05-18 15:22:00+05:30,53516.5,0,0.0,0,0.0,0.0,53282.15,53667.55,52783.45,53710.35,0,0.0,0.0,0.0,0.0,-0.01,-1,-1,-0.01,-1,-1,-0.01,-1,-1,-0.01,-1,-1,-0.01,-1,-1,-0.01,-1,-1,-0.01,-1,-1,-0.01,-1,-1,-0.01,-1,-1,-0.01,-1,-1
99926009,2026-05-18 15:22:00+05:30,53516.15,0,0.0,0,0.0,0.0,53282.15,53667.55,52783.45,53710.35,0,0.0,0.0,0.0,0.0,-0.01,-1,-1,-0.01,-1,-1,-0.01,-1,-1,-0.01,-1,-1,-0.01,-1,-1,-0.01,-1,-1,-0.01,-1,-1,-0.01,-1,-1,-0.01,-1,-1,-0.01,-1,-1
99926009,2026-05-18 15:22:00+05:30,53519.35,0,0.0,0,0.0,0.0,53282.15,53667.55,52783.45,53710.35,0,0.0,0.0,0.0,0.0,-0.01,-1,-1,-0.01,-1,-1,-0.01,-1,-1,-0.01,-1,-1,-0.01,-1,-1,-0.01,-1,-1,-0.01,-1,-1,-0.01,-1,-1,-0.01,-1,-1,-0.01,-1,-1
99926009,2026-05-18 15:22:01+05:30,53519.35,0,0.0,0,0.0,0.0,53282.15,53667.55,52783.45,53710.35,0,0.0,0.0,0.0,0.0,-0.01,-1,-1,-0.01,-1,-1,-0.01,-1,-1,-0.01,-1,-1,-0.01,-1,-1,-0.01,-1,-1,-0.01,-1,-1,-0.01,-1,-1,-0.01,-1,-1,-0.01,-1,-1
99926009,2026-05-18 15:22:01+05:30,53516.7,0,0.0,0,0.0,0.0,53282.15,53667.55,52783.45,53710.35,0,0.0,0.0,0.0,0.0,-0.01,-1,-1,-0.01,-1,-1,-0.01,-1,-1,-0.01,-1,-1,-0.01,-1,-1,-0.01,-1,-1,-0.01,-1,-1,-0.01,-1,-1,-0.01,-1,-1,-0.01,-1,-1
99926009,2026-05-18 15:22:01+05:30,53517.7,0,0.0,0,0.0,0.0,53282.15,53667.55,52783.45,53710.35,0,0.0,0.0,0.0,0.0,-0.01,-1,-1,-0.01,-1,-1,-0.01,-1,-1,-0.01,-1,-1,-0.01,-1,-1,-0.01,-1,-1,-0.01,-1,-1,-0.01,-1,-1,-0.01,-1,-1,-0.01,-1,-1
99926009,2026-05-18 15:22:02+05:30,53517.7,0,0.0,0,0.0,0.0,53282.15,53667.55,52783.45,53710.35,0,0.0,0.0,0.0,0.0,-0.01,-1,-1,-0.01,-1,-1,-0.01,-1,-1,-0.01,-1,-1,-0.01,-1,-1,-0.01,-1,-1,-0.01,-1,-1,-0.01,-1,-1,-0.01,-1,-1,-0.01,-1,-1
99926009,2026-05-18 15:22:02+05:30,53517.05,0,0.0,0,0.0,0.0,53282.15,53667.55,52783.45,53710.35,0,0.0,0.0,0.0,0.0,-0.01,-1,-1,-0.01,-1,-1,-0.01,-1,-1,-0.01,-1,-1,-0.01,-1,-1,-0.01,-1,-1,-0.01,-1,-1,-0.01,-1,-1,-0.01,-1,-1,-0.01,-1,-1
99926009,2026-05-18 15:22:02+05:30,53516.45,0,0.0,0,0.0,0.0,53282.15,53667.55,52783.45,53710.35,0,0.0,0.0,0.0,0.0,-0.01,-1,-1,-0.01,-1,-1,-0.01,-1,-1,-0.01,-1,-1,-0.01,-1,-1,-0.01,-1,-1,-0.01,-1,-1,-0.01,-1,-1,-0.01,-1,-1,-0.01,-1,-1
99926009,2026-05-18 15:22:03+05:30,53516.45,0,0.0,0,0.0,0.0,53282.15,53667.55,52783.45,53710.35,0,0.0,0.0,0.0,0.0,-0.01,-1,-1,-0.01,-1,-1,-0.01,-1,-1,-0.01,-1,-1,-0.01,-1,-1,-0.01,-1,-1,-0.01,-1,-1,-0.01,-1,-1,-0.01,-1,-1,-0.01,-1,-1
99926009,2026-05-18 15:22:03+05:30,53515.45,0,0.0,0,0.0,0.0,53282.15,53667.55,52783.45,53710.35,0,0.0,0.0,0.0,0.0,-0.01,-1,-1,-0.01,-1,-1,-0.01,-1,-1,-0.01,-1,-1,-0.01,-1,-1,-0.01,-1,-1,-0.01,-1,-1,-0.01,-1,-1,-0.01,-1,-1,-0.01,-1,-1
99926009,2026-05-18 15:22:03+05:30,53516.2,0,0.0,0,0.0,0.0,53282.15,53667.55,52783.45,53710.35,0,0.0,0.0,0.0,0.0,-0.01,-1,-1,-0.01,-1,-1,-0.01,-1,-1,-0.01,-1,-1,-0.01,-1,-1,-0.01,-1,-1,-0.01,-1,-1,-0.01,-1,-1,-0.01,-1,-1,-0.01,-1,-1
99926009,2026-05-18 15:22:04+05:30,53516.2,0,0.0,0,0.0,0.0,53282.15,53667.55,52783.45,53710.35,0,0.0,0.0,0.0,0.0,-0.01,-1,-1,-0.01,-1,-1,-0.01,-1,-1,-0.01,-1,-1,-0.01,-1,-1,-0.01,-1,-1,-0.01,-1,-1,-0.01,-1,-1,-0.01,-1,-1,-0.01,-1,-1
99926009,2026-05-18 15:22:04+05:30,53517.95,0,0.0,0,0.0,0.0,53282.15,53667.55,52783.45,53710.35,0,0.0,0.0,0.0,0.0,-0.01,-1,-1,-0.01,-1,-1,-0.01,-1,-1,-0.01,-1,-1,-0.01,-1,-1,-0.01,-1,-1,-0.01,-1,-1,-0.01,-1,-1,-0.01,-1,-1,-0.01,-1,-1
99926009,2026-05-18 15:22:04+05:30,53521.25,0,0.0,0,0.0,0.0,53282.15,53667.55,52783.45,53710.35,0,0.0,0.0,0.0,0.0,-0.01,-1,-1,-0.01,-1,-1,-0.01,-1,-1,-0.01,-1,-1,-0.01,-1,-1,-0.01,-1,-1,-0.01,-1,-1,-0.01,-1,-1,-0.01,-1,-1,-0.01,-1,-1
99926009,2026-05-18 15:22:05+05:30,53521.25,0,0.0,0,0.0,0.0,53282.15,53667.55,52783.45,53710.35,0,0.0,0.0,0.0,0.0,-0.01,-1,-1,-0.01,-1,-1,-0.01,-1,-1,-0.01,-1,-1,-0.01,-1,-1,-0.01,-1,-1,-0.01,-1,-1,-0.01,-1,-1,-0.01,-1,-1,-0.01,-1,-1
99926009,2026-05-18 15:22:05+05:30,53521.8,0,0.0,0,0.0,0.0,53282.15,53667.55,52783.45,53710.35,0,0.0,0.0,0.0,0.0,-0.01,-1,-1,-0.01,-1,-1,-0.01,-1,-1,-0.01,-1,-1,-0.01,-1,-1,-0.01,-1,-1,-0.01,-1,-1,-0.01,-1,-1,-0.01,-1,-1,-0.01,-1,-1
99926009,2026-05-18 15:22:05+05:30,53522.05,0,0.0,0,0.0,0.0,53282.15,53667.55,52783.45,53710.35,0,0.0,0.0,0.0,0.0,-0.01,-1,-1,-0.01,-1,-1,-0.01,-1,-1,-0.01,-1,-1,-0.01,-1,-1,-0.01,-1,-1,-0.01,-1,-1,-0.01,-1,-1,-0.01,-1,-1,-0.01,-1,-1
99926009,2026-05-18 15:22:06+05:30,53522.05,0,0.0,0,0.0,0.0,53282.15,53667.55,52783.45,53710.35,0,0.0,0.0,0.0,0.0,-0.01,-1,-1,-0.01,-1,-1,-0.01,-1,-1,-0.01,-1,-1,-0.01,-1,-1,-0.01,-1,-1,-0.01,-1,-1,-0.01,-1,-1,-0.01,-1,-1,-0.01,-1,-1
99926009,2026-05-18 15:22:06+05:30,53521.9,0,0.0,0,0.0,0.0,53282.15,53667.55,52783.45,53710.35,0,0.0,0.0,0.0,0.0,-0.01,-1,-1,-0.01,-1,-1,-0.01,-1,-1,-0.01,-1,-1,-0.01,-1,-1,-0.01,-1,-1,-0.01,-1,-1,-0.01,-1,-1,-0.01,-1,-1,-0.01,-1,-1
99926009,2026-05-18 15:22:06+05:30,53522.0,0,0.0,0,0.0,0.0,53282.15,53667.55,52783.45,53710.35,0,0.0,0.0,0.0,0.0,-0.01,-1,-1,-0.01,-1,-1,-0.01,-1,-1,-0.01,-1,-1,-0.01,-1,-1,-0.01,-1,-1,-0.01,-1,-1,-0.01,-1,-1,-0.01,-1,-1,-0.01,-1,-1
99926009,2026-05-18 15:22:07+05:30,53522.0,0,0.0,0,0.0,0.0,53282.15,53667.55,52783.45,53710.35,0,0.0,0.0,0.0,0.0,-0.01,-1,-1,-0.01,-1,-1,-0.01,-1,-1,-0.01,-1,-1,-0.01,-1,-1,-0.01,-1,-1,-0.01,-1,-1,-0.01,-1,-1,-0.01,-1,-1,-0.01,-1,-1
99926009,2026-05-18 15:22:07+05:30,53522.55,0,0.0,0,0.0,0.0,53282.15,53667.55,52783.45,53710.35,0,0.0,0.0,0.0,0.0,-0.01,-1,-1,-0.01,-1,-1,-0.01,-1,-1,-0.01,-1,-1,-0.01,-1,-1,-0.01,-1,-1,-0.01,-1,-1,-0.01,-1,-1,-0.01,-1,-1,-0.01,-1,-1
99926009,2026-05-18 15:22:07+05:30,53518.55,0,0.0,0,0.0,0.0,53282.15,53667.55,52783.45,53710.35,0,0.0,0.0,0.0,0.0,-0.01,-1,-1,-0.01,-1,-1,-0.01,-1,-1,-0.01,-1,-1,-0.01,-1,-1,-0.01,-1,-1,-0.01,-1,-1,-0.01,-1,-1,-0.01,-1,-1,-0.01,-1,-1
99926009,2026-05-18 15:22:08+05:30,53518.55,0,0.0,0,0.0,0.0,53282.15,53667.55,52783.45,53710.35,0,0.0,0.0,0.0,0.0,-0.01,-1,-1,-0.01,-1,-1,-0.01,-1,-1,-0.01,-1,-1,-0.01,-1,-1,-0.01,-1,-1,-0.01,-1,-1,-0.01,-1,-1,-0.01,-1,-1,-0.01,-1,-1
99926009,2026-05-18 15:22:08+05:30,53523.65,0,0.0,0,0.0,0.0,53282.15,53667.55,52783.45,53710.35,0,0.0,0.0,0.0,0.0,-0.01,-1,-1,-0.01,-1,-1,-0.01,-1,-1,-0.01,-1,-1,-0.01,-1,-1,-0.01,-1,-1,-0.01,-1,-1,-0.01,-1,-1,-0.01,-1,-1,-0.01,-1,-1
99926009,2026-05-18 15:22:08+05:30,53526.05,0,0.0,0,0.0,0.0,53282.15,53667.55,52783.45,53710.35,0,0.0,0.0,0.0,0.0,-0.01,-1,-1,-0.01,-1,-1,-0.01,-1,-1,-0.01,-1,-1,-0.01,-1,-1,-0.01,-1,-1,-0.01,-1,-1,-0.01,-1,-1,-0.01,-1,-1,-0.01,-1,-1
99926009,2026-05-18 15:22:09+05:30,53526.05,0,0.0,0,0.0,0.0,53282.15,53667.55,52783.45,53710.35,0,0.0,0.0,0.0,0.0,-0.01,-1,-1,-0.01,-1,-1,-0.01,-1,-1,-0.01,-1,-1,-0.01,-1,-1,-0.01,-1,-1,-0.01,-1,-1,-0.01,-1,-1,-0.01,-1,-1,-0.01,-1,-1
99926009,2026-05-18 15:22:09+05:30,53531.25,0,0.0,0,0.0,0.0,53282.15,53667.55,52783.45,53710.35,0,0.0,0.0,0.0,0.0,-0.01,-1,-1,-0.01,-1,-1,-0.01,-1,-1,-0.01,-1,-1,-0.01,-1,-1,-0.01,-1,-1,-0.01,-1,-1,-0.01,-1,-1,-0.01,-1,-1,-0.01,-1,-1
99926009,2026-05-18 15:22:09+05:30,53533.15,0,0.0,0,0.0,0.0,53282.15,53667.55,52783.45,53710.35,0,0.0,0.0,0.0,0.0,-0.01,-1,-1,-0.01,-1,-1,-0.01,-1,-1,-0.01,-1,-1,-0.01,-1,-1,-0.01,-1,-1,-0.01,-1,-1,-0.01,-1,-1,-0.01,-1,-1,-0.01,-1,-1
99926009,2026-05-18 15:22:10+05:30,53533.15,0,0.0,0,0.0,0.0,53282.15,53667.55,52783.45,53710.35,0,0.0,0.0,0.0,0.0,-0.01,-1,-1,-0.01,-1,-1,-0.01,-1,-1,-0.01,-1,-1,-0.01,-1,-1,-0.01,-1,-1,-0.01,-1,-1,-0.01,-1,-1,-0.01,-1,-1,-0.01,-1,-1
99926009,2026-05-18 15:22:10+05:30,53531.05,0,0.0,0,0.0,0.0,53282.15,53667.55,52783.45,53710.35,0,0.0,0.0,0.0,0.0,-0.01,-1,-1,-0.01,-1,-1,-0.01,-1,-1,-0.01,-1,-1,-0.01,-1,-1,-0.01,-1,-1,-0.01,-1,-1,-0.01,-1,-1,-0.01,-1,-1,-0.01,-1,-1
99926009,2026-05-18 15:22:10+05:30,53530.95,0,0.0,0,0.0,0.0,53282.15,53667.55,52783.45,53710.35,0,0.0,0.0,0.0,0.0,-0.01,-1,-1,-0.01,-1,-1,-0.01,-1,-1,-0.01,-1,-1,-0.01,-1,-1,-0.01,-1,-1,-0.01,-1,-1,-0.01,-1,-1,-0.01,-1,-1,-0.01,-1,-1
99926009,2026-05-18 15:22:11+05:30,53530.95,0,0.0,0,0.0,0.0,53282.15,53667.55,52783.45,53710.35,0,0.0,0.0,0.0,0.0,-0.01,-1,-1,-0.01,-1,-1,-0.01,-1,-1,-0.01,-1,-1,-0.01,-1,-1,-0.01,-1,-1,-0.01,-1,-1,-0.01,-1,-1,-0.01,-1,-1,-0.01,-1,-1
99926009,2026-05-18 15:22:11+05:30,53534.5,0,0.0,0,0.0,0.0,53282.15,53667.55,52783.45,53710.35,0,0.0,0.0,0.0,0.0,-0.01,-1,-1,-0.01,-1,-1,-0.01,-1,-1,-0.01,-1,-1,-0.01,-1,-1,-0.01,-1,-1,-0.01,-1,-1,-0.01,-1,-1,-0.01,-1,-1,-0.01,-1,-1
99926009,2026-05-18 15:22:11+05:30,53534.0,0,0.0,0,0.0,0.0,53282.15,53667.55,52783.45,53710.35,0,0.0,0.0,0.0,0.0,-0.01,-1,-1,-0.01,-1,-1,-0.01,-1,-1,-0.01,-1,-1,-0.01,-1,-1,-0.01,-1,-1,-0.01,-1,-1,-0.01,-1,-1,-0.01,-1,-1,-0.01,-1,-1
99926009,2026-05-18 15:22:12+05:30,53534.0,0,0.0,0,0.0,0.0,53282.15,53667.55,52783.45,53710.35,0,0.0,0.0,0.0,0.0,-0.01,-1,-1,-0.01,-1,-1,-0.01,-1,-1,-0.01,-1,-1,-0.01,-1,-1,-0.01,-1,-1,-0.01,-1,-1,-0.01,-1,-1,-0.01,-1,-1,-0.01,-1,-1
99926009,2026-05-18 15:22:12+05:30,53534.5,0,0.0,0,0.0,0.0,53282.15,53667.55,52783.45,53710.35,0,0.0,0.0,0.0,0.0,-0.01,-1,-1,-0.01,-1,-1,-0.01,-1,-1,-0.01,-1,-1,-0.01,-1,-1,-0.01,-1,-1,-0.01,-1,-1,-0.01,-1,-1,-0.01,-1,-1,-0.01,-1,-1
99926009,2026-05-18 15:22:12+05:30,53531.15,0,0.0,0,0.0,0.0,53282.15,53667.55,52783.45,53710.35,0,0.0,0.0,0.0,0.0,-0.01,-1,-1,-0.01,-1,-1,-0.01,-1,-1,-0.01,-1,-1,-0.01,-1,-1,-0.01,-1,-1,-0.01,-1,-1,-0.01,-1,-1,-0.01,-1,-1,-0.01,-1,-1
99926009,2026-05-18 15:22:13+05:30,53531.15,0,0.0,0,0.0,0.0,53282.15,53667.55,52783.45,53710.35,0,0.0,0.0,0.0,0.0,-0.01,-1,-1,-0.01,-1,-1,-0.01,-1,-1,-0.01,-1,-1,-0.01,-1,-1,-0.01,-1,-1,-0.01,-1,-1,-0.01,-1,-1,-0.01,-1,-1,-0.01,-1,-1
99926009,2026-05-18 15:22:13+05:30,53532.0,0,0.0,0,0.0,0.0,53282.15,53667.55,52783.45,53710.35,0,0.0,0.0,0.0,0.0,-0.01,-1,-1,-0.01,-1,-1,-0.01,-1,-1,-0.01,-1,-1,-0.01,-1,-1,-0.01,-1,-1,-0.01,-1,-1,-0.01,-1,-1,-0.01,-1,-1,-0.01,-1,-1
99926009,2026-05-18 15:22:13+05:30,53536.7,0,0.0,0,0.0,0.0,53282.15,53667.55,52783.45,53710.35,0,0.0,0.0,0.0,0.0,-0.01,-1,-1,-0.01,-1,-1,-0.01,-1,-1,-0.01,-1,-1,-0.01,-1,-1,-0.01,-1,-1,-0.01,-1,-1,-0.01,-1,-1,-0.01,-1,-1,-0.01,-1,-1
99926009,2026-05-18 15:22:14+05:30,53536.7,0,0.0,0,0.0,0.0,53282.15,53667.55,52783.45,53710.35,0,0.0,0.0,0.0,0.0,-0.01,-1,-1,-0.01,-1,-1,-0.01,-1,-1,-0.01,-1,-1,-0.01,-1,-1,-0.01,-1,-1,-0.01,-1,-1,-0.01,-1,-1,-0.01,-1,-1,-0.01,-1,-1
99926009,2026-05-18 15:22:14+05:30,53535.85,0,0.0,0,0.0,0.0,53282.15,53667.55,52783.45,53710.35,0,0.0,0.0,0.0,0.0,-0.01,-1,-1,-0.01,-1,-1,-0.01,-1,-1,-0.01,-1,-1,-0.01,-1,-1,-0.01,-1,-1,-0.01,-1,-1,-0.01,-1,-1,-0.01,-1,-1,-0.01,-1,-1
99926009,2026-05-18 15:22:14+05:30,53535.4,0,0.0,0,0.0,0.0,53282.15,53667.55,52783.45,53710.35,0,0.0,0.0,0.0,0.0,-0.01,-1,-1,-0.01,-1,-1,-0.01,-1,-1,-0.01,-1,-1,-0.01,-1,-1,-0.01,-1,-1,-0.01,-1,-1,-0.01,-1,-1,-0.01,-1,-1,-0.01,-1,-1
99926009,2026-05-18 15:22:15+05:30,53535.4,0,0.0,0,0.0,0.0,53282.15,53667.55,52783.45,53710.35,0,0.0,0.0,0.0,0.0,-0.01,-1,-1,-0.01,-1,-1,-0.01,-1,-1,-0.01,-1,-1,-0.01,-1,-1,-0.01,-1,-1,-0.01,-1,-1,-0.01,-1,-1,-0.01,-1,-1,-0.01,-1,-1
99926009,2026-05-18 15:22:15+05:30,53537.3,0,0.0,0,0.0,0.0,53282.15,53667.55,52783.45,53710.35,0,0.0,0.0,0.0,0.0,-0.01,-1,-1,-0.01,-1,-1,-0.01,-1,-1,-0.01,-1,-1,-0.01,-1,-1,-0.01,-1,-1,-0.01,-1,-1,-0.01,-1,-1,-0.01,-1,-1,-0.01,-1,-1
99926009,2026-05-18 15:22:15+05:30,53536.2,0,0.0,0,0.0,0.0,53282.15,53667.55,52783.45,53710.35,0,0.0,0.0,0.0,0.0,-0.01,-1,-1,-0.01,-1,-1,-0.01,-1,-1,-0.01,-1,-1,-0.01,-1,-1,-0.01,-1,-1,-0.01,-1,-1,-0.01,-1,-1,-0.01,-1,-1,-0.01,-1,-1
99926009,2026-05-18 15:22:16+05:30,53536.2,0,0.0,0,0.0,0.0,53282.15,53667.55,52783.45,53710.35,0,0.0,0.0,0.0,0.0,-0.01,-1,-1,-0.01,-1,-1,-0.01,-1,-1,-0.01,-1,-1,-0.01,-1,-1,-0.01,-1,-1,-0.01,-1,-1,-0.01,-1,-1,-0.01,-1,-1,-0.01,-1,-1
99926009,2026-05-18 15:22:16+05:30,53537.4,0,0.0,0,0.0,0.0,53282.15,53667.55,52783.45,53710.35,0,0.0,0.0,0.0,0.0,-0.01,-1,-1,-0.01,-1,-1,-0.01,-1,-1,-0.01,-1,-1,-0.01,-1,-1,-0.01,-1,-1,-0.01,-1,-1,-0.01,-1,-1,-0.01,-1,-1,-0.01,-1,-1
99926009,2026-05-18 15:22:16+05:30,53536.85,0,0.0,0,0.0,0.0,53282.15,53667.55,52783.45,53710.35,0,0.0,0.0,0.0,0.0,-0.01,-1,-1,-0.01,-1,-1,-0.01,-1,-1,-0.01,-1,-1,-0.01,-1,-1,-0.01,-1,-1,-0.01,-1,-1,-0.01,-1,-1,-0.01,-1,-1,-0.01,-1,-1
99926009,2026-05-18 15:22:17+05:30,53536.85,0,0.0,0,0.0,0.0,53282.15,53667.55,52783.45,53710.35,0,0.0,0.0,0.0,0.0,-0.01,-1,-1,-0.01,-1,-1,-0.01,-1,-1,-0.01,-1,-1,-0.01,-1,-1,-0.01,-1,-1,-0.01,-1,-1,-0.01,-1,-1,-0.01,-1,-1,-0.01,-1,-1
99926009,2026-05-18 15:22:17+05:30,53533.9,0,0.0,0,0.0,0.0,53282.15,53667.55,52783.45,53710.35,0,0.0,0.0,0.0,0.0,-0.01,-1,-1,-0.01,-1,-1,-0.01,-1,-1,-0.01,-1,-1,-0.01,-1,-1,-0.01,-1,-1,-0.01,-1,-1,-0.01,-1,-1,-0.01,-1,-1,-0.01,-1,-1
99926009,2026-05-18 15:22:17+05:30,53530.1,0,0.0,0,0.0,0.0,53282.15,53667.55,52783.45,53710.35,0,0.0,0.0,0.0,0.0,-0.01,-1,-1,-0.01,-1,-1,-0.01,-1,-1,-0.01,-1,-1,-0.01,-1,-1,-0.01,-1,-1,-0.01,-1,-1,-0.01,-1,-1,-0.01,-1,-1,-0.01,-1,-1
99926009,2026-05-18 15:22:18+05:30,53530.1,0,0.0,0,0.0,0.0,53282.15,53667.55,52783.45,53710.35,0,0.0,0.0,0.0,0.0,-0.01,-1,-1,-0.01,-1,-1,-0.01,-1,-1,-0.01,-1,-1,-0.01,-1,-1,-0.01,-1,-1,-0.01,-1,-1,-0.01,-1,-1,-0.01,-1,-1,-0.01,-1,-1
99926009,2026-05-18 15:22:18+05:30,53532.3,0,0.0,0,0.0,0.0,53282.15,53667.55,52783.45,53710.35,0,0.0,0.0,0.0,0.0,-0.01,-1,-1,-0.01,-1,-1,-0.01,-1,-1,-0.01,-1,-1,-0.01,-1,-1,-0.01,-1,-1,-0.01,-1,-1,-0.01,-1,-1,-0.01,-1,-1,-0.01,-1,-1
99926009,2026-05-18 15:22:18+05:30,53532.7,0,0.0,0,0.0,0.0,53282.15,53667.55,52783.45,53710.35,0,0.0,0.0,0.0,0.0,-0.01,-1,-1,-0.01,-1,-1,-0.01,-1,-1,-0.01,-1,-1,-0.01,-1,-1,-0.01,-1,-1,-0.01,-1,-1,-0.01,-1,-1,-0.01,-1,-1,-0.01,-1,-1
99926009,2026-05-18 15:22:19+05:30,53532.7,0,0.0,0,0.0,0.0,53282.15,53667.55,52783.45,53710.35,0,0.0,0.0,0.0,0.0,-0.01,-1,-1,-0.01,-1,-1,-0.01,-1,-1,-0.01,-1,-1,-0.01,-1,-1,-0.01,-1,-1,-0.01,-1,-1,-0.01,-1,-1,-0.01,-1,-1,-0.01,-1,-1
99926009,2026-05-18 15:22:19+05:30,53533.7,0,0.0,0,0.0,0.0,53282.15,53667.55,52783.45,53710.35,0,0.0,0.0,0.0,0.0,-0.01,-1,-1,-0.01,-1,-1,-0.01,-1,-1,-0.01,-1,-1,-0.01,-1,-1,-0.01,-1,-1,-0.01,-1,-1,-0.01,-1,-1,-0.01,-1,-1,-0.01,-1,-1
99926009,2026-05-18 15:22:19+05:30,53532.2,0,0.0,0,0.0,0.0,53282.15,53667.55,52783.45,53710.35,0,0.0,0.0,0.0,0.0,-0.01,-1,-1,-0.01,-1,-1,-0.01,-1,-1,-0.01,-1,-1,-0.01,-1,-1,-0.01,-1,-1,-0.01,-1,-1,-0.01,-1,-1,-0.01,-1,-1,-0.01,-1,-1
99926009,2026-05-18 15:22:20+05:30,53532.2,0,0.0,0,0.0,0.0,53282.15,53667.55,52783.45,53710.35,0,0.0,0.0,0.0,0.0,-0.01,-1,-1,-0.01,-1,-1,-0.01,-1,-1,-0.01,-1,-1,-0.01,-1,-1,-0.01,-1,-1,-0.01,-1,-1,-0.01,-1,-1,-0.01,-1,-1,-0.01,-1,-1
99926009,2026-05-18 15:22:20+05:30,53536.4,0,0.0,0,0.0,0.0,53282.15,53667.55,52783.45,53710.35,0,0.0,0.0,0.0,0.0,-0.01,-1,-1,-0.01,-1,-1,-0.01,-1,-1,-0.01,-1,-1,-0.01,-1,-1,-0.01,-1,-1,-0.01,-1,-1,-0.01,-1,-1,-0.01,-1,-1,-0.01,-1,-1
99926009,2026-05-18 15:22:20+05:30,53538.3,0,0.0,0,0.0,0.0,53282.15,53667.55,52783.45,53710.35,0,0.0,0.0,0.0,0.0,-0.01,-1,-1,-0.01,-1,-1,-0.01,-1,-1,-0.01,-1,-1,-0.01,-1,-1,-0.01,-1,-1,-0.01,-1,-1,-0.01,-1,-1,-0.01,-1,-1,-0.01,-1,-1
99926009,2026-05-18 15:22:21+05:30,53538.3,0,0.0,0,0.0,0.0,53282.15,53667.55,52783.45,53710.35,0,0.0,0.0,0.0,0.0,-0.01,-1,-1,-0.01,-1,-1,-0.01,-1,-1,-0.01,-1,-1,-0.01,-1,-1,-0.01,-1,-1,-0.01,-1,-1,-0.01,-1,-1,-0.01,-1,-1,-0.01,-1,-1
99926009,2026-05-18 15:22:21+05:30,53538.85,0,0.0,0,0.0,0.0,53282.15,53667.55,52783.45,53710.35,0,0.0,0.0,0.0,0.0,-0.01,-1,-1,-0.01,-1,-1,-0.01,-1,-1,-0.01,-1,-1,-0.01,-1,-1,-0.01,-1,-1,-0.01,-1,-1,-0.01,-1,-1,-0.01,-1,-1,-0.01,-1,-1
99926009,2026-05-18 15:22:21+05:30,53534.9,0,0.0,0,0.0,0.0,53282.15,53667.55,52783.45,53710.35,0,0.0,0.0,0.0,0.0,-0.01,-1,-1,-0.01,-1,-1,-0.01,-1,-1,-0.01,-1,-1,-0.01,-1,-1,-0.01,-1,-1,-0.01,-1,-1,-0.01,-1,-1,-0.01,-1,-1,-0.01,-1,-1
99926009,2026-05-18 15:22:22+05:30,53534.9,0,0.0,0,0.0,0.0,53282.15,53667.55,52783.45,53710.35,0,0.0,0.0,0.0,0.0,-0.01,-1,-1,-0.01,-1,-1,-0.01,-1,-1,-0.01,-1,-1,-0.01,-1,-1,-0.01,-1,-1,-0.01,-1,-1,-0.01,-1,-1,-0.01,-1,-1,-0.01,-1,-1
99926009,2026-05-18 15:22:22+05:30,53537.55,0,0.0,0,0.0,0.0,53282.15,53667.55,52783.45,53710.35,0,0.0,0.0,0.0,0.0,-0.01,-1,-1,-0.01,-1,-1,-0.01,-1,-1,-0.01,-1,-1,-0.01,-1,-1,-0.01,-1,-1,-0.01,-1,-1,-0.01,-1,-1,-0.01,-1,-1,-0.01,-1,-1
99926009,2026-05-18 15:22:22+05:30,53536.4,0,0.0,0,0.0,0.0,53282.15,53667.55,52783.45,53710.35,0,0.0,0.0,0.0,0.0,-0.01,-1,-1,-0.01,-1,-1,-0.01,-1,-1,-0.01,-1,-1,-0.01,-1,-1,-0.01,-1,-1,-0.01,-1,-1,-0.01,-1,-1,-0.01,-1,-1,-0.01,-1,-1
99926009,2026-05-18 15:22:23+05:30,53536.4,0,0.0,0,0.0,0.0,53282.15,53667.55,52783.45,53710.35,0,0.0,0.0,0.0,0.0,-0.01,-1,-1,-0.01,-1,-1,-0.01,-1,-1,-0.01,-1,-1,-0.01,-1,-1,-0.01,-1,-1,-0.01,-1,-1,-0.01,-1,-1,-0.01,-1,-1,-0.01,-1,-1
99926009,2026-05-18 15:22:23+05:30,53537.1,0,0.0,0,0.0,0.0,53282.15,53667.55,52783.45,53710.35,0,0.0,0.0,0.0,0.0,-0.01,-1,-1,-0.01,-1,-1,-0.01,-1,-1,-0.01,-1,-1,-0.01,-1,-1,-0.01,-1,-1,-0.01,-1,-1,-0.01,-1,-1,-0.01,-1,-1,-0.01,-1,-1
99926009,2026-05-18 15:22:23+05:30,53537.95,0,0.0,0,0.0,0.0,53282.15,53667.55,52783.45,53710.35,0,0.0,0.0,0.0,0.0,-0.01,-1,-1,-0.01,-1,-1,-0.01,-1,-1,-0.01,-1,-1,-0.01,-1,-1,-0.01,-1,-1,-0.01,-1,-1,-0.01,-1,-1,-0.01,-1,-1,-0.01,-1,-1
99926009,2026-05-18 15:22:24+05:30,53537.95,0,0.0,0,0.0,0.0,53282.15,53667.55,52783.45,53710.35,0,0.0,0.0,0.0,0.0,-0.01,-1,-1,-0.01,-1,-1,-0.01,-1,-1,-0.01,-1,-1,-0.01,-1,-1,-0.01,-1,-1,-0.01,-1,-1,-0.01,-1,-1,-0.01,-1,-1,-0.01,-1,-1
99926009,2026-05-18 15:22:24+05:30,53538.15,0,0.0,0,0.0,0.0,53282.15,53667.55,52783.45,53710.35,0,0.0,0.0,0.0,0.0,-0.01,-1,-1,-0.01,-1,-1,-0.01,-1,-1,-0.01,-1,-1,-0.01,-1,-1,-0.01,-1,-1,-0.01,-1,-1,-0.01,-1,-1,-0.01,-1,-1,-0.01,-1,-1
99926009,2026-05-18 15:22:24+05:30,53537.2,0,0.0,0,0.0,0.0,53282.15,53667.55,52783.45,53710.35,0,0.0,0.0,0.0,0.0,-0.01,-1,-1,-0.01,-1,-1,-0.01,-1,-1,-0.01,-1,-1,-0.01,-1,-1,-0.01,-1,-1,-0.01,-1,-1,-0.01,-1,-1,-0.01,-1,-1,-0.01,-1,-1
99926009,2026-05-18 15:22:25+05:30,53537.2,0,0.0,0,0.0,0.0,53282.15,53667.55,52783.45,53710.35,0,0.0,0.0,0.0,0.0,-0.01,-1,-1,-0.01,-1,-1,-0.01,-1,-1,-0.01,-1,-1,-0.01,-1,-1,-0.01,-1,-1,-0.01,-1,-1,-0.01,-1,-1,-0.01,-1,-1,-0.01,-1,-1
99926009,2026-05-18 15:22:25+05:30,53534.9,0,0.0,0,0.0,0.0,53282.15,53667.55,52783.45,53710.35,0,0.0,0.0,0.0,0.0,-0.01,-1,-1,-0.01,-1,-1,-0.01,-1,-1,-0.01,-1,-1,-0.01,-1,-1,-0.01,-1,-1,-0.01,-1,-1,-0.01,-1,-1,-0.01,-1,-1,-0.01,-1,-1
99926009,2026-05-18 15:22:25+05:30,53535.15,0,0.0,0,0.0,0.0,53282.15,53667.55,52783.45,53710.35,0,0.0,0.0,0.0,0.0,-0.01,-1,-1,-0.01,-1,-1,-0.01,-1,-1,-0.01,-1,-1,-0.01,-1,-1,-0.01,-1,-1,-0.01,-1,-1,-0.01,-1,-1,-0.01,-1,-1,-0.01,-1,-1
99926009,2026-05-18 15:22:26+05:30,53535.15,0,0.0,0,0.0,0.0,53282.15,53667.55,52783.45,53710.35,0,0.0,0.0,0.0,0.0,-0.01,-1,-1,-0.01,-1,-1,-0.01,-1,-1,-0.01,-1,-1,-0.01,-1,-1,-0.01,-1,-1,-0.01,-1,-1,-0.01,-1,-1,-0.01,-1,-1,-0.01,-1,-1
99926009,2026-05-18 15:22:26+05:30,53532.9,0,0.0,0,0.0,0.0,53282.15,53667.55,52783.45,53710.35,0,0.0,0.0,0.0,0.0,-0.01,-1,-1,-0.01,-1,-1,-0.01,-1,-1,-0.01,-1,-1,-0.01,-1,-1,-0.01,-1,-1,-0.01,-1,-1,-0.01,-1,-1,-0.01,-1,-1,-0.01,-1,-1
99926009,2026-05-18 15:22:26+05:30,53535.15,0,0.0,0,0.0,0.0,53282.15,53667.55,52783.45,53710.35,0,0.0,0.0,0.0,0.0,-0.01,-1,-1,-0.01,-1,-1,-0.01,-1,-1,-0.01,-1,-1,-0.01,-1,-1,-0.01,-1,-1,-0.01,-1,-1,-0.01,-1,-1,-0.01,-1,-1,-0.01,-1,-1
99926009,2026-05-18 15:22:27+05:30,53535.15,0,0.0,0,0.0,0.0,53282.15,53667.55,52783.45,53710.35,0,0.0,0.0,0.0,0.0,-0.01,-1,-1,-0.01,-1,-1,-0.01,-1,-1,-0.01,-1,-1,-0.01,-1,-1,-0.01,-1,-1,-0.01,-1,-1,-0.01,-1,-1,-0.01,-1,-1,-0.01,-1,-1
99926009,2026-05-18 15:22:27+05:30,53535.65,0,0.0,0,0.0,0.0,53282.15,53667.55,52783.45,53710.35,0,0.0,0.0,0.0,0.0,-0.01,-1,-1,-0.01,-1,-1,-0.01,-1,-1,-0.01,-1,-1,-0.01,-1,-1,-0.01,-1,-1,-0.01,-1,-1,-0.01,-1,-1,-0.01,-1,-1,-0.01,-1,-1
99926009,2026-05-18 15:22:27+05:30,53534.6,0,0.0,0,0.0,0.0,53282.15,53667.55,52783.45,53710.35,0,0.0,0.0,0.0,0.0,-0.01,-1,-1,-0.01,-1,-1,-0.01,-1,-1,-0.01,-1,-1,-0.01,-1,-1,-0.01,-1,-1,-0.01,-1,-1,-0.01,-1,-1,-0.01,-1,-1,-0.01,-1,-1
99926009,2026-05-18 15:22:28+05:30,53534.6,0,0.0,0,0.0,0.0,53282.15,53667.55,52783.45,53710.35,0,0.0,0.0,0.0,0.0,-0.01,-1,-1,-0.01,-1,-1,-0.01,-1,-1,-0.01,-1,-1,-0.01,-1,-1,-0.01,-1,-1,-0.01,-1,-1,-0.01,-1,-1,-0.01,-1,-1,-0.01,-1,-1
99926009,2026-05-18 15:22:28+05:30,53534.6,0,0.0,0,0.0,0.0,53282.15,53667.55,52783.45,53710.35,0,0.0,0.0,0.0,0.0,-0.01,-1,-1,-0.01,-1,-1,-0.01,-1,-1,-0.01,-1,-1,-0.01,-1,-1,-0.01,-1,-1,-0.01,-1,-1,-0.01,-1,-1,-0.01,-1,-1,-0.01,-1,-1
99926009,2026-05-18 15:22:28+05:30,53533.1,0,0.0,0,0.0,0.0,53282.15,53667.55,52783.45,53710.35,0,0.0,0.0,0.0,0.0,-0.01,-1,-1,-0.01,-1,-1,-0.01,-1,-1,-0.01,-1,-1,-0.01,-1,-1,-0.01,-1,-1,-0.01,-1,-1,-0.01,-1,-1,-0.01,-1,-1,-0.01,-1,-1
99926009,2026-05-18 15:22:29+05:30,53533.1,0,0.0,0,0.0,0.0,53282.15,53667.55,52783.45,53710.35,0,0.0,0.0,0.0,0.0,-0.01,-1,-1,-0.01,-1,-1,-0.01,-1,-1,-0.01,-1,-1,-0.01,-1,-1,-0.01,-1,-1,-0.01,-1,-1,-0.01,-1,-1,-0.01,-1,-1,-0.01,-1,-1
99926009,2026-05-18 15:22:29+05:30,53532.0,0,0.0,0,0.0,0.0,53282.15,53667.55,52783.45,53710.35,0,0.0,0.0,0.0,0.0,-0.01,-1,-1,-0.01,-1,-1,-0.01,-1,-1,-0.01,-1,-1,-0.01,-1,-1,-0.01,-1,-1,-0.01,-1,-1,-0.01,-1,-1,-0.01,-1,-1,-0.01,-1,-1
99926009,2026-05-18 15:22:29+05:30,53535.95,0,0.0,0,0.0,0.0,53282.15,53667.55,52783.45,53710.35,0,0.0,0.0,0.0,0.0,-0.01,-1,-1,-0.01,-1,-1,-0.01,-1,-1,-0.01,-1,-1,-0.01,-1,-1,-0.01,-1,-1,-0.01,-1,-1,-0.01,-1,-1,-0.01,-1,-1,-0.01,-1,-1
99926009,2026-05-18 15:22:30+05:30,53535.95,0,0.0,0,0.0,0.0,53282.15,53667.55,52783.45,53710.35,0,0.0,0.0,0.0,0.0,-0.01,-1,-1,-0.01,-1,-1,-0.01,-1,-1,-0.01,-1,-1,-0.01,-1,-1,-0.01,-1,-1,-0.01,-1,-1,-0.01,-1,-1,-0.01,-1,-1,-0.01,-1,-1
99926009,2026-05-18 15:22:30+05:30,53536.1,0,0.0,0,0.0,0.0,53282.15,53667.55,52783.45,53710.35,0,0.0,0.0,0.0,0.0,-0.01,-1,-1,-0.01,-1,-1,-0.01,-1,-1,-0.01,-1,-1,-0.01,-1,-1,-0.01,-1,-1,-0.01,-1,-1,-0.01,-1,-1,-0.01,-1,-1,-0.01,-1,-1
99926009,2026-05-18 15:22:30+05:30,53534.35,0,0.0,0,0.0,0.0,53282.15,53667.55,52783.45,53710.35,0,0.0,0.0,0.0,0.0,-0.01,-1,-1,-0.01,-1,-1,-0.01,-1,-1,-0.01,-1,-1,-0.01,-1,-1,-0.01,-1,-1,-0.01,-1,-1,-0.01,-1,-1,-0.01,-1,-1,-0.01,-1,-1
99926009,2026-05-18 15:22:31+05:30,53534.35,0,0.0,0,0.0,0.0,53282.15,53667.55,52783.45,53710.35,0,0.0,0.0,0.0,0.0,-0.01,-1,-1,-0.01,-1,-1,-0.01,-1,-1,-0.01,-1,-1,-0.01,-1,-1,-0.01,-1,-1,-0.01,-1,-1,-0.01,-1,-1,-0.01,-1,-1,-0.01,-1,-1
99926009,2026-05-18 15:22:31+05:30,53535.95,0,0.0,0,0.0,0.0,53282.15,53667.55,52783.45,53710.35,0,0.0,0.0,0.0,0.0,-0.01,-1,-1,-0.01,-1,-1,-0.01,-1,-1,-0.01,-1,-1,-0.01,-1,-1,-0.01,-1,-1,-0.01,-1,-1,-0.01,-1,-1,-0.01,-1,-1,-0.01,-1,-1
99926009,2026-05-18 15:22:31+05:30,53535.95,0,0.0,0,0.0,0.0,53282.15,53667.55,52783.45,53710.35,0,0.0,0.0,0.0,0.0,-0.01,-1,-1,-0.01,-1,-1,-0.01,-1,-1,-0.01,-1,-1,-0.01,-1,-1,-0.01,-1,-1,-0.01,-1,-1,-0.01,-1,-1,-0.01,-1,-1,-0.01,-1,-1
99926009,2026-05-18 15:22:32+05:30,53535.95,0,0.0,0,0.0,0.0,53282.15,53667.55,52783.45,53710.35,0,0.0,0.0,0.0,0.0,-0.01,-1,-1,-0.01,-1,-1,-0.01,-1,-1,-0.01,-1,-1,-0.01,-1,-1,-0.01,-1,-1,-0.01,-1,-1,-0.01,-1,-1,-0.01,-1,-1,-0.01,-1,-1
99926009,2026-05-18 15:22:32+05:30,53536.1,0,0.0,0,0.0,0.0,53282.15,53667.55,52783.45,53710.35,0,0.0,0.0,0.0,0.0,-0.01,-1,-1,-0.01,-1,-1,-0.01,-1,-1,-0.01,-1,-1,-0.01,-1,-1,-0.01,-1,-1,-0.01,-1,-1,-0.01,-1,-1,-0.01,-1,-1,-0.01,-1,-1
99926009,2026-05-18 15:22:32+05:30,53535.55,0,0.0,0,0.0,0.0,53282.15,53667.55,52783.45,53710.35,0,0.0,0.0,0.0,0.0,-0.01,-1,-1,-0.01,-1,-1,-0.01,-1,-1,-0.01,-1,-1,-0.01,-1,-1,-0.01,-1,-1,-0.01,-1,-1,-0.01,-1,-1,-0.01,-1,-1,-0.01,-1,-1
99926009,2026-05-18 15:22:33+05:30,53535.55,0,0.0,0,0.0,0.0,53282.15,53667.55,52783.45,53710.35,0,0.0,0.0,0.0,0.0,-0.01,-1,-1,-0.01,-1,-1,-0.01,-1,-1,-0.01,-1,-1,-0.01,-1,-1,-0.01,-1,-1,-0.01,-1,-1,-0.01,-1,-1,-0.01,-1,-1,-0.01,-1,-1
99926009,2026-05-18 15:22:33+05:30,53533.4,0,0.0,0,0.0,0.0,53282.15,53667.55,52783.45,53710.35,0,0.0,0.0,0.0,0.0,-0.01,-1,-1,-0.01,-1,-1,-0.01,-1,-1,-0.01,-1,-1,-0.01,-1,-1,-0.01,-1,-1,-0.01,-1,-1,-0.01,-1,-1,-0.01,-1,-1,-0.01,-1,-1
99926009,2026-05-18 15:22:33+05:30,53535.05,0,0.0,0,0.0,0.0,53282.15,53667.55,52783.45,53710.35,0,0.0,0.0,0.0,0.0,-0.01,-1,-1,-0.01,-1,-1,-0.01,-1,-1,-0.01,-1,-1,-0.01,-1,-1,-0.01,-1,-1,-0.01,-1,-1,-0.01,-1,-1,-0.01,-1,-1,-0.01,-1,-1
99926009,2026-05-18 15:22:34+05:30,53535.05,0,0.0,0,0.0,0.0,53282.15,53667.55,52783.45,53710.35,0,0.0,0.0,0.0,0.0,-0.01,-1,-1,-0.01,-1,-1,-0.01,-1,-1,-0.01,-1,-1,-0.01,-1,-1,-0.01,-1,-1,-0.01,-1,-1,-0.01,-1,-1,-0.01,-1,-1,-0.01,-1,-1
99926009,2026-05-18 15:22:34+05:30,53532.95,0,0.0,0,0.0,0.0,53282.15,53667.55,52783.45,53710.35,0,0.0,0.0,0.0,0.0,-0.01,-1,-1,-0.01,-1,-1,-0.01,-1,-1,-0.01,-1,-1,-0.01,-1,-1,-0.01,-1,-1,-0.01,-1,-1,-0.01,-1,-1,-0.01,-1,-1,-0.01,-1,-1
99926009,2026-05-18 15:22:34+05:30,53533.5,0,0.0,0,0.0,0.0,53282.15,53667.55,52783.45,53710.35,0,0.0,0.0,0.0,0.0,-0.01,-1,-1,-0.01,-1,-1,-0.01,-1,-1,-0.01,-1,-1,-0.01,-1,-1,-0.01,-1,-1,-0.01,-1,-1,-0.01,-1,-1,-0.01,-1,-1,-0.01,-1,-1
99926009,2026-05-18 15:22:35+05:30,53533.5,0,0.0,0,0.0,0.0,53282.15,53667.55,52783.45,53710.35,0,0.0,0.0,0.0,0.0,-0.01,-1,-1,-0.01,-1,-1,-0.01,-1,-1,-0.01,-1,-1,-0.01,-1,-1,-0.01,-1,-1,-0.01,-1,-1,-0.01,-1,-1,-0.01,-1,-1,-0.01,-1,-1
99926009,2026-05-18 15:22:35+05:30,53534.1,0,0.0,0,0.0,0.0,53282.15,53667.55,52783.45,53710.35,0,0.0,0.0,0.0,0.0,-0.01,-1,-1,-0.01,-1,-1,-0.01,-1,-1,-0.01,-1,-1,-0.01,-1,-1,-0.01,-1,-1,-0.01,-1,-1,-0.01,-1,-1,-0.01,-1,-1,-0.01,-1,-1
99926009,2026-05-18 15:22:35+05:30,53535.75,0,0.0,0,0.0,0.0,53282.15,53667.55,52783.45,53710.35,0,0.0,0.0,0.0,0.0,-0.01,-1,-1,-0.01,-1,-1,-0.01,-1,-1,-0.01,-1,-1,-0.01,-1,-1,-0.01,-1,-1,-0.01,-1,-1,-0.01,-1,-1,-0.01,-1,-1,-0.01,-1,-1
99926009,2026-05-18 15:22:36+05:30,53535.75,0,0.0,0,0.0,0.0,53282.15,53667.55,52783.45,53710.35,0,0.0,0.0,0.0,0.0,-0.01,-1,-1,-0.01,-1,-1,-0.01,-1,-1,-0.01,-1,-1,-0.01,-1,-1,-0.01,-1,-1,-0.01,-1,-1,-0.01,-1,-1,-0.01,-1,-1,-0.01,-1,-1
99926009,2026-05-18 15:22:36+05:30,53535.05,0,0.0,0,0.0,0.0,53282.15,53667.55,52783.45,53710.35,0,0.0,0.0,0.0,0.0,-0.01,-1,-1,-0.01,-1,-1,-0.01,-1,-1,-0.01,-1,-1,-0.01,-1,-1,-0.01,-1,-1,-0.01,-1,-1,-0.01,-1,-1,-0.01,-1,-1,-0.01,-1,-1
99926009,2026-05-18 15:22:36+05:30,53535.0,0,0.0,0,0.0,0.0,53282.15,53667.55,52783.45,53710.35,0,0.0,0.0,0.0,0.0,-0.01,-1,-1,-0.01,-1,-1,-0.01,-1,-1,-0.01,-1,-1,-0.01,-1,-1,-0.01,-1,-1,-0.01,-1,-1,-0.01,-1,-1,-0.01,-1,-1,-0.01,-1,-1
99926009,2026-05-18 15:22:37+05:30,53535.0,0,0.0,0,0.0,0.0,53282.15,53667.55,52783.45,53710.35,0,0.0,0.0,0.0,0.0,-0.01,-1,-1,-0.01,-1,-1,-0.01,-1,-1,-0.01,-1,-1,-0.01,-1,-1,-0.01,-1,-1,-0.01,-1,-1,-0.01,-1,-1,-0.01,-1,-1,-0.01,-1,-1
99926009,2026-05-18 15:22:37+05:30,53535.45,0,0.0,0,0.0,0.0,53282.15,53667.55,52783.45,53710.35,0,0.0,0.0,0.0,0.0,-0.01,-1,-1,-0.01,-1,-1,-0.01,-1,-1,-0.01,-1,-1,-0.01,-1,-1,-0.01,-1,-1,-0.01,-1,-1,-0.01,-1,-1,-0.01,-1,-1,-0.01,-1,-1
99926009,2026-05-18 15:22:37+05:30,53533.3,0,0.0,0,0.0,0.0,53282.15,53667.55,52783.45,53710.35,0,0.0,0.0,0.0,0.0,-0.01,-1,-1,-0.01,-1,-1,-0.01,-1,-1,-0.01,-1,-1,-0.01,-1,-1,-0.01,-1,-1,-0.01,-1,-1,-0.01,-1,-1,-0.01,-1,-1,-0.01,-1,-1
99926009,2026-05-18 15:22:38+05:30,53533.3,0,0.0,0,0.0,0.0,53282.15,53667.55,52783.45,53710.35,0,0.0,0.0,0.0,0.0,-0.01,-1,-1,-0.01,-1,-1,-0.01,-1,-1,-0.01,-1,-1,-0.01,-1,-1,-0.01,-1,-1,-0.01,-1,-1,-0.01,-1,-1,-0.01,-1,-1,-0.01,-1,-1
99926009,2026-05-18 15:22:38+05:30,53533.6,0,0.0,0,0.0,0.0,53282.15,53667.55,52783.45,53710.35,0,0.0,0.0,0.0,0.0,-0.01,-1,-1,-0.01,-1,-1,-0.01,-1,-1,-0.01,-1,-1,-0.01,-1,-1,-0.01,-1,-1,-0.01,-1,-1,-0.01,-1,-1,-0.01,-1,-1,-0.01,-1,-1
99926009,2026-05-18 15:22:38+05:30,53538.25,0,0.0,0,0.0,0.0,53282.15,53667.55,52783.45,53710.35,0,0.0,0.0,0.0,0.0,-0.01,-1,-1,-0.01,-1,-1,-0.01,-1,-1,-0.01,-1,-1,-0.01,-1,-1,-0.01,-1,-1,-0.01,-1,-1,-0.01,-1,-1,-0.01,-1,-1,-0.01,-1,-1
99926009,2026-05-18 15:22:39+05:30,53538.25,0,0.0,0,0.0,0.0,53282.15,53667.55,52783.45,53710.35,0,0.0,0.0,0.0,0.0,-0.01,-1,-1,-0.01,-1,-1,-0.01,-1,-1,-0.01,-1,-1,-0.01,-1,-1,-0.01,-1,-1,-0.01,-1,-1,-0.01,-1,-1,-0.01,-1,-1,-0.01,-1,-1
99926009,2026-05-18 15:22:39+05:30,53533.95,0,0.0,0,0.0,0.0,53282.15,53667.55,52783.45,53710.35,0,0.0,0.0,0.0,0.0,-0.01,-1,-1,-0.01,-1,-1,-0.01,-1,-1,-0.01,-1,-1,-0.01,-1,-1,-0.01,-1,-1,-0.01,-1,-1,-0.01,-1,-1,-0.01,-1,-1,-0.01,-1,-1
99926009,2026-05-18 15:22:39+05:30,53533.95,0,0.0,0,0.0,0.0,53282.15,53667.55,52783.45,53710.35,0,0.0,0.0,0.0,0.0,-0.01,-1,-1,-0.01,-1,-1,-0.01,-1,-1,-0.01,-1,-1,-0.01,-1,-1,-0.01,-1,-1,-0.01,-1,-1,-0.01,-1,-1,-0.01,-1,-1,-0.01,-1,-1
99926009,2026-05-18 15:22:40+05:30,53533.95,0,0.0,0,0.0,0.0,53282.15,53667.55,52783.45,53710.35,0,0.0,0.0,0.0,0.0,-0.01,-1,-1,-0.01,-1,-1,-0.01,-1,-1,-0.01,-1,-1,-0.01,-1,-1,-0.01,-1,-1,-0.01,-1,-1,-0.01,-1,-1,-0.01,-1,-1,-0.01,-1,-1
99926009,2026-05-18 15:22:40+05:30,53535.15,0,0.0,0,0.0,0.0,53282.15,53667.55,52783.45,53710.35,0,0.0,0.0,0.0,0.0,-0.01,-1,-1,-0.01,-1,-1,-0.01,-1,-1,-0.01,-1,-1,-0.01,-1,-1,-0.01,-1,-1,-0.01,-1,-1,-0.01,-1,-1,-0.01,-1,-1,-0.01,-1,-1
99926009,2026-05-18 15:22:40+05:30,53537.85,0,0.0,0,0.0,0.0,53282.15,53667.55,52783.45,53710.35,0,0.0,0.0,0.0,0.0,-0.01,-1,-1,-0.01,-1,-1,-0.01,-1,-1,-0.01,-1,-1,-0.01,-1,-1,-0.01,-1,-1,-0.01,-1,-1,-0.01,-1,-1,-0.01,-1,-1,-0.01,-1,-1
99926009,2026-05-18 15:22:41+05:30,53537.85,0,0.0,0,0.0,0.0,53282.15,53667.55,52783.45,53710.35,0,0.0,0.0,0.0,0.0,-0.01,-1,-1,-0.01,-1,-1,-0.01,-1,-1,-0.01,-1,-1,-0.01,-1,-1,-0.01,-1,-1,-0.01,-1,-1,-0.01,-1,-1,-0.01,-1,-1,-0.01,-1,-1
99926009,2026-05-18 15:22:41+05:30,53537.05,0,0.0,0,0.0,0.0,53282.15,53667.55,52783.45,53710.35,0,0.0,0.0,0.0,0.0,-0.01,-1,-1,-0.01,-1,-1,-0.01,-1,-1,-0.01,-1,-1,-0.01,-1,-1,-0.01,-1,-1,-0.01,-1,-1,-0.01,-1,-1,-0.01,-1,-1,-0.01,-1,-1
99926009,2026-05-18 15:22:41+05:30,53540.25,0,0.0,0,0.0,0.0,53282.15,53667.55,52783.45,53710.35,0,0.0,0.0,0.0,0.0,-0.01,-1,-1,-0.01,-1,-1,-0.01,-1,-1,-0.01,-1,-1,-0.01,-1,-1,-0.01,-1,-1,-0.01,-1,-1,-0.01,-1,-1,-0.01,-1,-1,-0.01,-1,-1
99926009,2026-05-18 15:22:42+05:30,53540.25,0,0.0,0,0.0,0.0,53282.15,53667.55,52783.45,53710.35,0,0.0,0.0,0.0,0.0,-0.01,-1,-1,-0.01,-1,-1,-0.01,-1,-1,-0.01,-1,-1,-0.01,-1,-1,-0.01,-1,-1,-0.01,-1,-1,-0.01,-1,-1,-0.01,-1,-1,-0.01,-1,-1
99926009,2026-05-18 15:22:42+05:30,53537.5,0,0.0,0,0.0,0.0,53282.15,53667.55,52783.45,53710.35,0,0.0,0.0,0.0,0.0,-0.01,-1,-1,-0.01,-1,-1,-0.01,-1,-1,-0.01,-1,-1,-0.01,-1,-1,-0.01,-1,-1,-0.01,-1,-1,-0.01,-1,-1,-0.01,-1,-1,-0.01,-1,-1
99926009,2026-05-18 15:22:42+05:30,53537.15,0,0.0,0,0.0,0.0,53282.15,53667.55,52783.45,53710.35,0,0.0,0.0,0.0,0.0,-0.01,-1,-1,-0.01,-1,-1,-0.01,-1,-1,-0.01,-1,-1,-0.01,-1,-1,-0.01,-1,-1,-0.01,-1,-1,-0.01,-1,-1,-0.01,-1,-1,-0.01,-1,-1
99926009,2026-05-18 15:22:43+05:30,53537.15,0,0.0,0,0.0,0.0,53282.15,53667.55,52783.45,53710.35,0,0.0,0.0,0.0,0.0,-0.01,-1,-1,-0.01,-1,-1,-0.01,-1,-1,-0.01,-1,-1,-0.01,-1,-1,-0.01,-1,-1,-0.01,-1,-1,-0.01,-1,-1,-0.01,-1,-1,-0.01,-1,-1
99926009,2026-05-18 15:22:43+05:30,53535.95,0,0.0,0,0.0,0.0,53282.15,53667.55,52783.45,53710.35,0,0.0,0.0,0.0,0.0,-0.01,-1,-1,-0.01,-1,-1,-0.01,-1,-1,-0.01,-1,-1,-0.01,-1,-1,-0.01,-1,-1,-0.01,-1,-1,-0.01,-1,-1,-0.01,-1,-1,-0.01,-1,-1
99926009,2026-05-18 15:22:43+05:30,53540.0,0,0.0,0,0.0,0.0,53282.15,53667.55,52783.45,53710.35,0,0.0,0.0,0.0,0.0,-0.01,-1,-1,-0.01,-1,-1,-0.01,-1,-1,-0.01,-1,-1,-0.01,-1,-1,-0.01,-1,-1,-0.01,-1,-1,-0.01,-1,-1,-0.01,-1,-1,-0.01,-1,-1
99926009,2026-05-18 15:22:44+05:30,53540.0,0,0.0,0,0.0,0.0,53282.15,53667.55,52783.45,53710.35,0,0.0,0.0,0.0,0.0,-0.01,-1,-1,-0.01,-1,-1,-0.01,-1,-1,-0.01,-1,-1,-0.01,-1,-1,-0.01,-1,-1,-0.01,-1,-1,-0.01,-1,-1,-0.01,-1,-1,-0.01,-1,-1
99926009,2026-05-18 15:22:44+05:30,53538.05,0,0.0,0,0.0,0.0,53282.15,53667.55,52783.45,53710.35,0,0.0,0.0,0.0,0.0,-0.01,-1,-1,-0.01,-1,-1,-0.01,-1,-1,-0.01,-1,-1,-0.01,-1,-1,-0.01,-1,-1,-0.01,-1,-1,-0.01,-1,-1,-0.01,-1,-1,-0.01,-1,-1
99926009,2026-05-18 15:22:44+05:30,53540.05,0,0.0,0,0.0,0.0,53282.15,53667.55,52783.45,53710.35,0,0.0,0.0,0.0,0.0,-0.01,-1,-1,-0.01,-1,-1,-0.01,-1,-1,-0.01,-1,-1,-0.01,-1,-1,-0.01,-1,-1,-0.01,-1,-1,-0.01,-1,-1,-0.01,-1,-1,-0.01,-1,-1
99926009,2026-05-18 15:22:45+05:30,53540.05,0,0.0,0,0.0,0.0,53282.15,53667.55,52783.45,53710.35,0,0.0,0.0,0.0,0.0,-0.01,-1,-1,-0.01,-1,-1,-0.01,-1,-1,-0.01,-1,-1,-0.01,-1,-1,-0.01,-1,-1,-0.01,-1,-1,-0.01,-1,-1,-0.01,-1,-1,-0.01,-1,-1
99926009,2026-05-18 15:22:45+05:30,53540.1,0,0.0,0,0.0,0.0,53282.15,53667.55,52783.45,53710.35,0,0.0,0.0,0.0,0.0,-0.01,-1,-1,-0.01,-1,-1,-0.01,-1,-1,-0.01,-1,-1,-0.01,-1,-1,-0.01,-1,-1,-0.01,-1,-1,-0.01,-1,-1,-0.01,-1,-1,-0.01,-1,-1
99926009,2026-05-18 15:22:45+05:30,53540.05,0,0.0,0,0.0,0.0,53282.15,53667.55,52783.45,53710.35,0,0.0,0.0,0.0,0.0,-0.01,-1,-1,-0.01,-1,-1,-0.01,-1,-1,-0.01,-1,-1,-0.01,-1,-1,-0.01,-1,-1,-0.01,-1,-1,-0.01,-1,-1,-0.01,-1,-1,-0.01,-1,-1
99926009,2026-05-18 15:22:46+05:30,53540.05,0,0.0,0,0.0,0.0,53282.15,53667.55,52783.45,53710.35,0,0.0,0.0,0.0,0.0,-0.01,-1,-1,-0.01,-1,-1,-0.01,-1,-1,-0.01,-1,-1,-0.01,-1,-1,-0.01,-1,-1,-0.01,-1,-1,-0.01,-1,-1,-0.01,-1,-1,-0.01,-1,-1
99926009,2026-05-18 15:22:46+05:30,53539.15,0,0.0,0,0.0,0.0,53282.15,53667.55,52783.45,53710.35,0,0.0,0.0,0.0,0.0,-0.01,-1,-1,-0.01,-1,-1,-0.01,-1,-1,-0.01,-1,-1,-0.01,-1,-1,-0.01,-1,-1,-0.01,-1,-1,-0.01,-1,-1,-0.01,-1,-1,-0.01,-1,-1
99926009,2026-05-18 15:22:46+05:30,53541.45,0,0.0,0,0.0,0.0,53282.15,53667.55,52783.45,53710.35,0,0.0,0.0,0.0,0.0,-0.01,-1,-1,-0.01,-1,-1,-0.01,-1,-1,-0.01,-1,-1,-0.01,-1,-1,-0.01,-1,-1,-0.01,-1,-1,-0.01,-1,-1,-0.01,-1,-1,-0.01,-1,-1
99926009,2026-05-18 15:22:47+05:30,53541.45,0,0.0,0,0.0,0.0,53282.15,53667.55,52783.45,53710.35,0,0.0,0.0,0.0,0.0,-0.01,-1,-1,-0.01,-1,-1,-0.01,-1,-1,-0.01,-1,-1,-0.01,-1,-1,-0.01,-1,-1,-0.01,-1,-1,-0.01,-1,-1,-0.01,-1,-1,-0.01,-1,-1
99926009,2026-05-18 15:22:47+05:30,53538.05,0,0.0,0,0.0,0.0,53282.15,53667.55,52783.45,53710.35,0,0.0,0.0,0.0,0.0,-0.01,-1,-1,-0.01,-1,-1,-0.01,-1,-1,-0.01,-1,-1,-0.01,-1,-1,-0.01,-1,-1,-0.01,-1,-1,-0.01,-1,-1,-0.01,-1,-1,-0.01,-1,-1
99926009,2026-05-18 15:22:47+05:30,53542.9,0,0.0,0,0.0,0.0,53282.15,53667.55,52783.45,53710.35,0,0.0,0.0,0.0,0.0,-0.01,-1,-1,-0.01,-1,-1,-0.01,-1,-1,-0.01,-1,-1,-0.01,-1,-1,-0.01,-1,-1,-0.01,-1,-1,-0.01,-1,-1,-0.01,-1,-1,-0.01,-1,-1
99926009,2026-05-18 15:22:48+05:30,53542.9,0,0.0,0,0.0,0.0,53282.15,53667.55,52783.45,53710.35,0,0.0,0.0,0.0,0.0,-0.01,-1,-1,-0.01,-1,-1,-0.01,-1,-1,-0.01,-1,-1,-0.01,-1,-1,-0.01,-1,-1,-0.01,-1,-1,-0.01,-1,-1,-0.01,-1,-1,-0.01,-1,-1
99926009,2026-05-18 15:22:48+05:30,53541.35,0,0.0,0,0.0,0.0,53282.15,53667.55,52783.45,53710.35,0,0.0,0.0,0.0,0.0,-0.01,-1,-1,-0.01,-1,-1,-0.01,-1,-1,-0.01,-1,-1,-0.01,-1,-1,-0.01,-1,-1,-0.01,-1,-1,-0.01,-1,-1,-0.01,-1,-1,-0.01,-1,-1
99926009,2026-05-18 15:22:48+05:30,53540.9,0,0.0,0,0.0,0.0,53282.15,53667.55,52783.45,53710.35,0,0.0,0.0,0.0,0.0,-0.01,-1,-1,-0.01,-1,-1,-0.01,-1,-1,-0.01,-1,-1,-0.01,-1,-1,-0.01,-1,-1,-0.01,-1,-1,-0.01,-1,-1,-0.01,-1,-1,-0.01,-1,-1
99926009,2026-05-18 15:22:49+05:30,53540.9,0,0.0,0,0.0,0.0,53282.15,53667.55,52783.45,53710.35,0,0.0,0.0,0.0,0.0,-0.01,-1,-1,-0.01,-1,-1,-0.01,-1,-1,-0.01,-1,-1,-0.01,-1,-1,-0.01,-1,-1,-0.01,-1,-1,-0.01,-1,-1,-0.01,-1,-1,-0.01,-1,-1
99926009,2026-05-18 15:22:49+05:30,53538.5,0,0.0,0,0.0,0.0,53282.15,53667.55,52783.45,53710.35,0,0.0,0.0,0.0,0.0,-0.01,-1,-1,-0.01,-1,-1,-0.01,-1,-1,-0.01,-1,-1,-0.01,-1,-1,-0.01,-1,-1,-0.01,-1,-1,-0.01,-1,-1,-0.01,-1,-1,-0.01,-1,-1
99926009,2026-05-18 15:22:49+05:30,53538.85,0,0.0,0,0.0,0.0,53282.15,53667.55,52783.45,53710.35,0,0.0,0.0,0.0,0.0,-0.01,-1,-1,-0.01,-1,-1,-0.01,-1,-1,-0.01,-1,-1,-0.01,-1,-1,-0.01,-1,-1,-0.01,-1,-1,-0.01,-1,-1,-0.01,-1,-1,-0.01,-1,-1
99926009,2026-05-18 15:22:50+05:30,53538.85,0,0.0,0,0.0,0.0,53282.15,53667.55,52783.45,53710.35,0,0.0,0.0,0.0,0.0,-0.01,-1,-1,-0.01,-1,-1,-0.01,-1,-1,-0.01,-1,-1,-0.01,-1,-1,-0.01,-1,-1,-0.01,-1,-1,-0.01,-1,-1,-0.01,-1,-1,-0.01,-1,-1
99926009,2026-05-18 15:22:50+05:30,53537.05,0,0.0,0,0.0,0.0,53282.15,53667.55,52783.45,53710.35,0,0.0,0.0,0.0,0.0,-0.01,-1,-1,-0.01,-1,-1,-0.01,-1,-1,-0.01,-1,-1,-0.01,-1,-1,-0.01,-1,-1,-0.01,-1,-1,-0.01,-1,-1,-0.01,-1,-1,-0.01,-1,-1
99926009,2026-05-18 15:22:50+05:30,53538.5,0,0.0,0,0.0,0.0,53282.15,53667.55,52783.45,53710.35,0,0.0,0.0,0.0,0.0,-0.01,-1,-1,-0.01,-1,-1,-0.01,-1,-1,-0.01,-1,-1,-0.01,-1,-1,-0.01,-1,-1,-0.01,-1,-1,-0.01,-1,-1,-0.01,-1,-1,-0.01,-1,-1
99926009,2026-05-18 15:22:51+05:30,53538.5,0,0.0,0,0.0,0.0,53282.15,53667.55,52783.45,53710.35,0,0.0,0.0,0.0,0.0,-0.01,-1,-1,-0.01,-1,-1,-0.01,-1,-1,-0.01,-1,-1,-0.01,-1,-1,-0.01,-1,-1,-0.01,-1,-1,-0.01,-1,-1,-0.01,-1,-1,-0.01,-1,-1
99926009,2026-05-18 15:22:51+05:30,53536.3,0,0.0,0,0.0,0.0,53282.15,53667.55,52783.45,53710.35,0,0.0,0.0,0.0,0.0,-0.01,-1,-1,-0.01,-1,-1,-0.01,-1,-1,-0.01,-1,-1,-0.01,-1,-1,-0.01,-1,-1,-0.01,-1,-1,-0.01,-1,-1,-0.01,-1,-1,-0.01,-1,-1
99926009,2026-05-18 15:22:51+05:30,53534.15,0,0.0,0,0.0,0.0,53282.15,53667.55,52783.45,53710.35,0,0.0,0.0,0.0,0.0,-0.01,-1,-1,-0.01,-1,-1,-0.01,-1,-1,-0.01,-1,-1,-0.01,-1,-1,-0.01,-1,-1,-0.01,-1,-1,-0.01,-1,-1,-0.01,-1,-1,-0.01,-1,-1
99926009,2026-05-18 15:22:52+05:30,53534.15,0,0.0,0,0.0,0.0,53282.15,53667.55,52783.45,53710.35,0,0.0,0.0,0.0,0.0,-0.01,-1,-1,-0.01,-1,-1,-0.01,-1,-1,-0.01,-1,-1,-0.01,-1,-1,-0.01,-1,-1,-0.01,-1,-1,-0.01,-1,-1,-0.01,-1,-1,-0.01,-1,-1
99926009,2026-05-18 15:22:52+05:30,53539.15,0,0.0,0,0.0,0.0,53282.15,53667.55,52783.45,53710.35,0,0.0,0.0,0.0,0.0,-0.01,-1,-1,-0.01,-1,-1,-0.01,-1,-1,-0.01,-1,-1,-0.01,-1,-1,-0.01,-1,-1,-0.01,-1,-1,-0.01,-1,-1,-0.01,-1,-1,-0.01,-1,-1
99926009,2026-05-18 15:22:52+05:30,53536.95,0,0.0,0,0.0,0.0,53282.15,53667.55,52783.45,53710.35,0,0.0,0.0,0.0,0.0,-0.01,-1,-1,-0.01,-1,-1,-0.01,-1,-1,-0.01,-1,-1,-0.01,-1,-1,-0.01,-1,-1,-0.01,-1,-1,-0.01,-1,-1,-0.01,-1,-1,-0.01,-1,-1
99926009,2026-05-18 15:22:53+05:30,53536.95,0,0.0,0,0.0,0.0,53282.15,53667.55,52783.45,53710.35,0,0.0,0.0,0.0,0.0,-0.01,-1,-1,-0.01,-1,-1,-0.01,-1,-1,-0.01,-1,-1,-0.01,-1,-1,-0.01,-1,-1,-0.01,-1,-1,-0.01,-1,-1,-0.01,-1,-1,-0.01,-1,-1
99926009,2026-05-18 15:22:53+05:30,53540.55,0,0.0,0,0.0,0.0,53282.15,53667.55,52783.45,53710.35,0,0.0,0.0,0.0,0.0,-0.01,-1,-1,-0.01,-1,-1,-0.01,-1,-1,-0.01,-1,-1,-0.01,-1,-1,-0.01,-1,-1,-0.01,-1,-1,-0.01,-1,-1,-0.01,-1,-1,-0.01,-1,-1
99926009,2026-05-18 15:22:53+05:30,53541.15,0,0.0,0,0.0,0.0,53282.15,53667.55,52783.45,53710.35,0,0.0,0.0,0.0,0.0,-0.01,-1,-1,-0.01,-1,-1,-0.01,-1,-1,-0.01,-1,-1,-0.01,-1,-1,-0.01,-1,-1,-0.01,-1,-1,-0.01,-1,-1,-0.01,-1,-1,-0.01,-1,-1
99926009,2026-05-18 15:22:54+05:30,53541.15,0,0.0,0,0.0,0.0,53282.15,53667.55,52783.45,53710.35,0,0.0,0.0,0.0,0.0,-0.01,-1,-1,-0.01,-1,-1,-0.01,-1,-1,-0.01,-1,-1,-0.01,-1,-1,-0.01,-1,-1,-0.01,-1,-1,-0.01,-1,-1,-0.01,-1,-1,-0.01,-1,-1
99926009,2026-05-18 15:22:54+05:30,53540.4,0,0.0,0,0.0,0.0,53282.15,53667.55,52783.45,53710.35,0,0.0,0.0,0.0,0.0,-0.01,-1,-1,-0.01,-1,-1,-0.01,-1,-1,-0.01,-1,-1,-0.01,-1,-1,-0.01,-1,-1,-0.01,-1,-1,-0.01,-1,-1,-0.01,-1,-1,-0.01,-1,-1
99926009,2026-05-18 15:22:54+05:30,53536.35,0,0.0,0,0.0,0.0,53282.15,53667.55,52783.45,53710.35,0,0.0,0.0,0.0,0.0,-0.01,-1,-1,-0.01,-1,-1,-0.01,-1,-1,-0.01,-1,-1,-0.01,-1,-1,-0.01,-1,-1,-0.01,-1,-1,-0.01,-1,-1,-0.01,-1,-1,-0.01,-1,-1
99926009,2026-05-18 15:22:55+05:30,53536.35,0,0.0,0,0.0,0.0,53282.15,53667.55,52783.45,53710.35,0,0.0,0.0,0.0,0.0,-0.01,-1,-1,-0.01,-1,-1,-0.01,-1,-1,-0.01,-1,-1,-0.01,-1,-1,-0.01,-1,-1,-0.01,-1,-1,-0.01,-1,-1,-0.01,-1,-1,-0.01,-1,-1
99926009,2026-05-18 15:22:55+05:30,53538.0,0,0.0,0,0.0,0.0,53282.15,53667.55,52783.45,53710.35,0,0.0,0.0,0.0,0.0,-0.01,-1,-1,-0.01,-1,-1,-0.01,-1,-1,-0.01,-1,-1,-0.01,-1,-1,-0.01,-1,-1,-0.01,-1,-1,-0.01,-1,-1,-0.01,-1,-1,-0.01,-1,-1
99926009,2026-05-18 15:22:55+05:30,53538.85,0,0.0,0,0.0,0.0,53282.15,53667.55,52783.45,53710.35,0,0.0,0.0,0.0,0.0,-0.01,-1,-1,-0.01,-1,-1,-0.01,-1,-1,-0.01,-1,-1,-0.01,-1,-1,-0.01,-1,-1,-0.01,-1,-1,-0.01,-1,-1,-0.01,-1,-1,-0.01,-1,-1
99926009,2026-05-18 15:22:56+05:30,53538.85,0,0.0,0,0.0,0.0,53282.15,53667.55,52783.45,53710.35,0,0.0,0.0,0.0,0.0,-0.01,-1,-1,-0.01,-1,-1,-0.01,-1,-1,-0.01,-1,-1,-0.01,-1,-1,-0.01,-1,-1,-0.01,-1,-1,-0.01,-1,-1,-0.01,-1,-1,-0.01,-1,-1
99926009,2026-05-18 15:22:56+05:30,53539.9,0,0.0,0,0.0,0.0,53282.15,53667.55,52783.45,53710.35,0,0.0,0.0,0.0,0.0,-0.01,-1,-1,-0.01,-1,-1,-0.01,-1,-1,-0.01,-1,-1,-0.01,-1,-1,-0.01,-1,-1,-0.01,-1,-1,-0.01,-1,-1,-0.01,-1,-1,-0.01,-1,-1
99926009,2026-05-18 15:22:56+05:30,53541.75,0,0.0,0,0.0,0.0,53282.15,53667.55,52783.45,53710.35,0,0.0,0.0,0.0,0.0,-0.01,-1,-1,-0.01,-1,-1,-0.01,-1,-1,-0.01,-1,-1,-0.01,-1,-1,-0.01,-1,-1,-0.01,-1,-1,-0.01,-1,-1,-0.01,-1,-1,-0.01,-1,-1
99926009,2026-05-18 15:22:57+05:30,53541.75,0,0.0,0,0.0,0.0,53282.15,53667.55,52783.45,53710.35,0,0.0,0.0,0.0,0.0,-0.01,-1,-1,-0.01,-1,-1,-0.01,-1,-1,-0.01,-1,-1,-0.01,-1,-1,-0.01,-1,-1,-0.01,-1,-1,-0.01,-1,-1,-0.01,-1,-1,-0.01,-1,-1
99926009,2026-05-18 15:22:57+05:30,53538.45,0,0.0,0,0.0,0.0,53282.15,53667.55,52783.45,53710.35,0,0.0,0.0,0.0,0.0,-0.01,-1,-1,-0.01,-1,-1,-0.01,-1,-1,-0.01,-1,-1,-0.01,-1,-1,-0.01,-1,-1,-0.01,-1,-1,-0.01,-1,-1,-0.01,-1,-1,-0.01,-1,-1
99926009,2026-05-18 15:22:57+05:30,53538.25,0,0.0,0,0.0,0.0,53282.15,53667.55,52783.45,53710.35,0,0.0,0.0,0.0,0.0,-0.01,-1,-1,-0.01,-1,-1,-0.01,-1,-1,-0.01,-1,-1,-0.01,-1,-1,-0.01,-1,-1,-0.01,-1,-1,-0.01,-1,-1,-0.01,-1,-1,-0.01,-1,-1
99926009,2026-05-18 15:22:58+05:30,53538.25,0,0.0,0,0.0,0.0,53282.15,53667.55,52783.45,53710.35,0,0.0,0.0,0.0,0.0,-0.01,-1,-1,-0.01,-1,-1,-0.01,-1,-1,-0.01,-1,-1,-0.01,-1,-1,-0.01,-1,-1,-0.01,-1,-1,-0.01,-1,-1,-0.01,-1,-1,-0.01,-1,-1
99926009,2026-05-18 15:22:58+05:30,53539.55,0,0.0,0,0.0,0.0,53282.15,53667.55,52783.45,53710.35,0,0.0,0.0,0.0,0.0,-0.01,-1,-1,-0.01,-1,-1,-0.01,-1,-1,-0.01,-1,-1,-0.01,-1,-1,-0.01,-1,-1,-0.01,-1,-1,-0.01,-1,-1,-0.01,-1,-1,-0.01,-1,-1
99926009,2026-05-18 15:22:58+05:30,53539.4,0,0.0,0,0.0,0.0,53282.15,53667.55,52783.45,53710.35,0,0.0,0.0,0.0,0.0,-0.01,-1,-1,-0.01,-1,-1,-0.01,-1,-1,-0.01,-1,-1,-0.01,-1,-1,-0.01,-1,-1,-0.01,-1,-1,-0.01,-1,-1,-0.01,-1,-1,-0.01,-1,-1
99926009,2026-05-18 15:22:59+05:30,53539.4,0,0.0,0,0.0,0.0,53282.15,53667.55,52783.45,53710.35,0,0.0,0.0,0.0,0.0,-0.01,-1,-1,-0.01,-1,-1,-0.01,-1,-1,-0.01,-1,-1,-0.01,-1,-1,-0.01,-1,-1,-0.01,-1,-1,-0.01,-1,-1,-0.01,-1,-1,-0.01,-1,-1
99926009,2026-05-18 15:22:59+05:30,53538.4,0,0.0,0,0.0,0.0,53282.15,53667.55,52783.45,53710.35,0,0.0,0.0,0.0,0.0,-0.01,-1,-1,-0.01,-1,-1,-0.01,-1,-1,-0.01,-1,-1,-0.01,-1,-1,-0.01,-1,-1,-0.01,-1,-1,-0.01,-1,-1,-0.01,-1,-1,-0.01,-1,-1
99926009,2026-05-18 15:22:59+05:30,53539.4,0,0.0,0,0.0,0.0,53282.15,53667.55,52783.45,53710.35,0,0.0,0.0,0.0,0.0,-0.01,-1,-1,-0.01,-1,-1,-0.01,-1,-1,-0.01,-1,-1,-0.01,-1,-1,-0.01,-1,-1,-0.01,-1,-1,-0.01,-1,-1,-0.01,-1,-1,-0.01,-1,-1
99926009,2026-05-18 15:23:00+05:30,53539.4,0,0.0,0,0.0,0.0,53282.15,53667.55,52783.45,53710.35,0,0.0,0.0,0.0,0.0,-0.01,-1,-1,-0.01,-1,-1,-0.01,-1,-1,-0.01,-1,-1,-0.01,-1,-1,-0.01,-1,-1,-0.01,-1,-1,-0.01,-1,-1,-0.01,-1,-1,-0.01,-1,-1
99926009,2026-05-18 15:23:00+05:30,53540.55,0,0.0,0,0.0,0.0,53282.15,53667.55,52783.45,53710.35,0,0.0,0.0,0.0,0.0,-0.01,-1,-1,-0.01,-1,-1,-0.01,-1,-1,-0.01,-1,-1,-0.01,-1,-1,-0.01,-1,-1,-0.01,-1,-1,-0.01,-1,-1,-0.01,-1,-1,-0.01,-1,-1
99926009,2026-05-18 15:23:00+05:30,53542.05,0,0.0,0,0.0,0.0,53282.15,53667.55,52783.45,53710.35,0,0.0,0.0,0.0,0.0,-0.01,-1,-1,-0.01,-1,-1,-0.01,-1,-1,-0.01,-1,-1,-0.01,-1,-1,-0.01,-1,-1,-0.01,-1,-1,-0.01,-1,-1,-0.01,-1,-1,-0.01,-1,-1
99926009,2026-05-18 15:23:01+05:30,53542.05,0,0.0,0,0.0,0.0,53282.15,53667.55,52783.45,53710.35,0,0.0,0.0,0.0,0.0,-0.01,-1,-1,-0.01,-1,-1,-0.01,-1,-1,-0.01,-1,-1,-0.01,-1,-1,-0.01,-1,-1,-0.01,-1,-1,-0.01,-1,-1,-0.01,-1,-1,-0.01,-1,-1
99926009,2026-05-18 15:23:01+05:30,53542.8,0,0.0,0,0.0,0.0,53282.15,53667.55,52783.45,53710.35,0,0.0,0.0,0.0,0.0,-0.01,-1,-1,-0.01,-1,-1,-0.01,-1,-1,-0.01,-1,-1,-0.01,-1,-1,-0.01,-1,-1,-0.01,-1,-1,-0.01,-1,-1,-0.01,-1,-1,-0.01,-1,-1
99926009,2026-05-18 15:23:01+05:30,53542.45,0,0.0,0,0.0,0.0,53282.15,53667.55,52783.45,53710.35,0,0.0,0.0,0.0,0.0,-0.01,-1,-1,-0.01,-1,-1,-0.01,-1,-1,-0.01,-1,-1,-0.01,-1,-1,-0.01,-1,-1,-0.01,-1,-1,-0.01,-1,-1,-0.01,-1,-1,-0.01,-1,-1
99926009,2026-05-18 15:23:02+05:30,53542.45,0,0.0,0,0.0,0.0,53282.15,53667.55,52783.45,53710.35,0,0.0,0.0,0.0,0.0,-0.01,-1,-1,-0.01,-1,-1,-0.01,-1,-1,-0.01,-1,-1,-0.01,-1,-1,-0.01,-1,-1,-0.01,-1,-1,-0.01,-1,-1,-0.01,-1,-1,-0.01,-1,-1
99926009,2026-05-18 15:23:02+05:30,53542.35,0,0.0,0,0.0,0.0,53282.15,53667.55,52783.45,53710.35,0,0.0,0.0,0.0,0.0,-0.01,-1,-1,-0.01,-1,-1,-0.01,-1,-1,-0.01,-1,-1,-0.01,-1,-1,-0.01,-1,-1,-0.01,-1,-1,-0.01,-1,-1,-0.01,-1,-1,-0.01,-1,-1
99926009,2026-05-18 15:23:02+05:30,53543.55,0,0.0,0,0.0,0.0,53282.15,53667.55,52783.45,53710.35,0,0.0,0.0,0.0,0.0,-0.01,-1,-1,-0.01,-1,-1,-0.01,-1,-1,-0.01,-1,-1,-0.01,-1,-1,-0.01,-1,-1,-0.01,-1,-1,-0.01,-1,-1,-0.01,-1,-1,-0.01,-1,-1
99926009,2026-05-18 15:23:03+05:30,53543.55,0,0.0,0,0.0,0.0,53282.15,53667.55,52783.45,53710.35,0,0.0,0.0,0.0,0.0,-0.01,-1,-1,-0.01,-1,-1,-0.01,-1,-1,-0.01,-1,-1,-0.01,-1,-1,-0.01,-1,-1,-0.01,-1,-1,-0.01,-1,-1,-0.01,-1,-1,-0.01,-1,-1
99926009,2026-05-18 15:23:03+05:30,53542.5,0,0.0,0,0.0,0.0,53282.15,53667.55,52783.45,53710.35,0,0.0,0.0,0.0,0.0,-0.01,-1,-1,-0.01,-1,-1,-0.01,-1,-1,-0.01,-1,-1,-0.01,-1,-1,-0.01,-1,-1,-0.01,-1,-1,-0.01,-1,-1,-0.01,-1,-1,-0.01,-1,-1
99926009,2026-05-18 15:23:03+05:30,53544.15,0,0.0,0,0.0,0.0,53282.15,53667.55,52783.45,53710.35,0,0.0,0.0,0.0,0.0,-0.01,-1,-1,-0.01,-1,-1,-0.01,-1,-1,-0.01,-1,-1,-0.01,-1,-1,-0.01,-1,-1,-0.01,-1,-1,-0.01,-1,-1,-0.01,-1,-1,-0.01,-1,-1
99926009,2026-05-18 15:23:04+05:30,53544.15,0,0.0,0,0.0,0.0,53282.15,53667.55,52783.45,53710.35,0,0.0,0.0,0.0,0.0,-0.01,-1,-1,-0.01,-1,-1,-0.01,-1,-1,-0.01,-1,-1,-0.01,-1,-1,-0.01,-1,-1,-0.01,-1,-1,-0.01,-1,-1,-0.01,-1,-1,-0.01,-1,-1
99926009,2026-05-18 15:23:04+05:30,53543.6,0,0.0,0,0.0,0.0,53282.15,53667.55,52783.45,53710.35,0,0.0,0.0,0.0,0.0,-0.01,-1,-1,-0.01,-1,-1,-0.01,-1,-1,-0.01,-1,-1,-0.01,-1,-1,-0.01,-1,-1,-0.01,-1,-1,-0.01,-1,-1,-0.01,-1,-1,-0.01,-1,-1
99926009,2026-05-18 15:23:04+05:30,53544.5,0,0.0,0,0.0,0.0,53282.15,53667.55,52783.45,53710.35,0,0.0,0.0,0.0,0.0,-0.01,-1,-1,-0.01,-1,-1,-0.01,-1,-1,-0.01,-1,-1,-0.01,-1,-1,-0.01,-1,-1,-0.01,-1,-1,-0.01,-1,-1,-0.01,-1,-1,-0.01,-1,-1
99926009,2026-05-18 15:23:05+05:30,53544.5,0,0.0,0,0.0,0.0,53282.15,53667.55,52783.45,53710.35,0,0.0,0.0,0.0,0.0,-0.01,-1,-1,-0.01,-1,-1,-0.01,-1,-1,-0.01,-1,-1,-0.01,-1,-1,-0.01,-1,-1,-0.01,-1,-1,-0.01,-1,-1,-0.01,-1,-1,-0.01,-1,-1
99926009,2026-05-18 15:23:05+05:30,53543.5,0,0.0,0,0.0,0.0,53282.15,53667.55,52783.45,53710.35,0,0.0,0.0,0.0,0.0,-0.01,-1,-1,-0.01,-1,-1,-0.01,-1,-1,-0.01,-1,-1,-0.01,-1,-1,-0.01,-1,-1,-0.01,-1,-1,-0.01,-1,-1,-0.01,-1,-1,-0.01,-1,-1
99926009,2026-05-18 15:23:05+05:30,53542.6,0,0.0,0,0.0,0.0,53282.15,53667.55,52783.45,53710.35,0,0.0,0.0,0.0,0.0,-0.01,-1,-1,-0.01,-1,-1,-0.01,-1,-1,-0.01,-1,-1,-0.01,-1,-1,-0.01,-1,-1,-0.01,-1,-1,-0.01,-1,-1,-0.01,-1,-1,-0.01,-1,-1
99926009,2026-05-18 15:23:06+05:30,53542.6,0,0.0,0,0.0,0.0,53282.15,53667.55,52783.45,53710.35,0,0.0,0.0,0.0,0.0,-0.01,-1,-1,-0.01,-1,-1,-0.01,-1,-1,-0.01,-1,-1,-0.01,-1,-1,-0.01,-1,-1,-0.01,-1,-1,-0.01,-1,-1,-0.01,-1,-1,-0.01,-1,-1
99926009,2026-05-18 15:23:06+05:30,53541.8,0,0.0,0,0.0,0.0,53282.15,53667.55,52783.45,53710.35,0,0.0,0.0,0.0,0.0,-0.01,-1,-1,-0.01,-1,-1,-0.01,-1,-1,-0.01,-1,-1,-0.01,-1,-1,-0.01,-1,-1,-0.01,-1,-1,-0.01,-1,-1,-0.01,-1,-1,-0.01,-1,-1
99926009,2026-05-18 15:23:06+05:30,53541.1,0,0.0,0,0.0,0.0,53282.15,53667.55,52783.45,53710.35,0,0.0,0.0,0.0,0.0,-0.01,-1,-1,-0.01,-1,-1,-0.01,-1,-1,-0.01,-1,-1,-0.01,-1,-1,-0.01,-1,-1,-0.01,-1,-1,-0.01,-1,-1,-0.01,-1,-1,-0.01,-1,-1
99926009,2026-05-18 15:23:07+05:30,53541.1,0,0.0,0,0.0,0.0,53282.15,53667.55,52783.45,53710.35,0,0.0,0.0,0.0,0.0,-0.01,-1,-1,-0.01,-1,-1,-0.01,-1,-1,-0.01,-1,-1,-0.01,-1,-1,-0.01,-1,-1,-0.01,-1,-1,-0.01,-1,-1,-0.01,-1,-1,-0.01,-1,-1
99926009,2026-05-18 15:23:07+05:30,53542.15,0,0.0,0,0.0,0.0,53282.15,53667.55,52783.45,53710.35,0,0.0,0.0,0.0,0.0,-0.01,-1,-1,-0.01,-1,-1,-0.01,-1,-1,-0.01,-1,-1,-0.01,-1,-1,-0.01,-1,-1,-0.01,-1,-1,-0.01,-1,-1,-0.01,-1,-1,-0.01,-1,-1
99926009,2026-05-18 15:23:07+05:30,53540.55,0,0.0,0,0.0,0.0,53282.15,53667.55,52783.45,53710.35,0,0.0,0.0,0.0,0.0,-0.01,-1,-1,-0.01,-1,-1,-0.01,-1,-1,-0.01,-1,-1,-0.01,-1,-1,-0.01,-1,-1,-0.01,-1,-1,-0.01,-1,-1,-0.01,-1,-1,-0.01,-1,-1
99926009,2026-05-18 15:23:08+05:30,53540.55,0,0.0,0,0.0,0.0,53282.15,53667.55,52783.45,53710.35,0,0.0,0.0,0.0,0.0,-0.01,-1,-1,-0.01,-1,-1,-0.01,-1,-1,-0.01,-1,-1,-0.01,-1,-1,-0.01,-1,-1,-0.01,-1,-1,-0.01,-1,-1,-0.01,-1,-1,-0.01,-1,-1
99926009,2026-05-18 15:23:08+05:30,53541.1,0,0.0,0,0.0,0.0,53282.15,53667.55,52783.45,53710.35,0,0.0,0.0,0.0,0.0,-0.01,-1,-1,-0.01,-1,-1,-0.01,-1,-1,-0.01,-1,-1,-0.01,-1,-1,-0.01,-1,-1,-0.01,-1,-1,-0.01,-1,-1,-0.01,-1,-1,-0.01,-1,-1
99926009,2026-05-18 15:23:08+05:30,53541.15,0,0.0,0,0.0,0.0,53282.15,53667.55,52783.45,53710.35,0,0.0,0.0,0.0,0.0,-0.01,-1,-1,-0.01,-1,-1,-0.01,-1,-1,-0.01,-1,-1,-0.01,-1,-1,-0.01,-1,-1,-0.01,-1,-1,-0.01,-1,-1,-0.01,-1,-1,-0.01,-1,-1
99926009,2026-05-18 15:23:09+05:30,53541.15,0,0.0,0,0.0,0.0,53282.15,53667.55,52783.45,53710.35,0,0.0,0.0,0.0,0.0,-0.01,-1,-1,-0.01,-1,-1,-0.01,-1,-1,-0.01,-1,-1,-0.01,-1,-1,-0.01,-1,-1,-0.01,-1,-1,-0.01,-1,-1,-0.01,-1,-1,-0.01,-1,-1
99926009,2026-05-18 15:23:09+05:30,53542.3,0,0.0,0,0.0,0.0,53282.15,53667.55,52783.45,53710.35,0,0.0,0.0,0.0,0.0,-0.01,-1,-1,-0.01,-1,-1,-0.01,-1,-1,-0.01,-1,-1,-0.01,-1,-1,-0.01,-1,-1,-0.01,-1,-1,-0.01,-1,-1,-0.01,-1,-1,-0.01,-1,-1
99926009,2026-05-18 15:23:09+05:30,53542.65,0,0.0,0,0.0,0.0,53282.15,53667.55,52783.45,53710.35,0,0.0,0.0,0.0,0.0,-0.01,-1,-1,-0.01,-1,-1,-0.01,-1,-1,-0.01,-1,-1,-0.01,-1,-1,-0.01,-1,-1,-0.01,-1,-1,-0.01,-1,-1,-0.01,-1,-1,-0.01,-1,-1
99926009,2026-05-18 15:23:10+05:30,53542.65,0,0.0,0,0.0,0.0,53282.15,53667.55,52783.45,53710.35,0,0.0,0.0,0.0,0.0,-0.01,-1,-1,-0.01,-1,-1,-0.01,-1,-1,-0.01,-1,-1,-0.01,-1,-1,-0.01,-1,-1,-0.01,-1,-1,-0.01,-1,-1,-0.01,-1,-1,-0.01,-1,-1
99926009,2026-05-18 15:23:10+05:30,53542.9,0,0.0,0,0.0,0.0,53282.15,53667.55,52783.45,53710.35,0,0.0,0.0,0.0,0.0,-0.01,-1,-1,-0.01,-1,-1,-0.01,-1,-1,-0.01,-1,-1,-0.01,-1,-1,-0.01,-1,-1,-0.01,-1,-1,-0.01,-1,-1,-0.01,-1,-1,-0.01,-1,-1
99926009,2026-05-18 15:23:10+05:30,53543.45,0,0.0,0,0.0,0.0,53282.15,53667.55,52783.45,53710.35,0,0.0,0.0,0.0,0.0,-0.01,-1,-1,-0.01,-1,-1,-0.01,-1,-1,-0.01,-1,-1,-0.01,-1,-1,-0.01,-1,-1,-0.01,-1,-1,-0.01,-1,-1,-0.01,-1,-1,-0.01,-1,-1
99926009,2026-05-18 15:23:11+05:30,53543.45,0,0.0,0,0.0,0.0,53282.15,53667.55,52783.45,53710.35,0,0.0,0.0,0.0,0.0,-0.01,-1,-1,-0.01,-1,-1,-0.01,-1,-1,-0.01,-1,-1,-0.01,-1,-1,-0.01,-1,-1,-0.01,-1,-1,-0.01,-1,-1,-0.01,-1,-1,-0.01,-1,-1
99926009,2026-05-18 15:23:11+05:30,53542.45,0,0.0,0,0.0,0.0,53282.15,53667.55,52783.45,53710.35,0,0.0,0.0,0.0,0.0,-0.01,-1,-1,-0.01,-1,-1,-0.01,-1,-1,-0.01,-1,-1,-0.01,-1,-1,-0.01,-1,-1,-0.01,-1,-1,-0.01,-1,-1,-0.01,-1,-1,-0.01,-1,-1
99926009,2026-05-18 15:23:11+05:30,53541.05,0,0.0,0,0.0,0.0,53282.15,53667.55,52783.45,53710.35,0,0.0,0.0,0.0,0.0,-0.01,-1,-1,-0.01,-1,-1,-0.01,-1,-1,-0.01,-1,-1,-0.01,-1,-1,-0.01,-1,-1,-0.01,-1,-1,-0.01,-1,-1,-0.01,-1,-1,-0.01,-1,-1
99926009,2026-05-18 15:23:12+05:30,53541.05,0,0.0,0,0.0,0.0,53282.15,53667.55,52783.45,53710.35,0,0.0,0.0,0.0,0.0,-0.01,-1,-1,-0.01,-1,-1,-0.01,-1,-1,-0.01,-1,-1,-0.01,-1,-1,-0.01,-1,-1,-0.01,-1,-1,-0.01,-1,-1,-0.01,-1,-1,-0.01,-1,-1
99926009,2026-05-18 15:23:12+05:30,53543.6,0,0.0,0,0.0,0.0,53282.15,53667.55,52783.45,53710.35,0,0.0,0.0,0.0,0.0,-0.01,-1,-1,-0.01,-1,-1,-0.01,-1,-1,-0.01,-1,-1,-0.01,-1,-1,-0.01,-1,-1,-0.01,-1,-1,-0.01,-1,-1,-0.01,-1,-1,-0.01,-1,-1
99926009,2026-05-18 15:23:12+05:30,53543.9,0,0.0,0,0.0,0.0,53282.15,53667.55,52783.45,53710.35,0,0.0,0.0,0.0,0.0,-0.01,-1,-1,-0.01,-1,-1,-0.01,-1,-1,-0.01,-1,-1,-0.01,-1,-1,-0.01,-1,-1,-0.01,-1,-1,-0.01,-1,-1,-0.01,-1,-1,-0.01,-1,-1
99926009,2026-05-18 15:23:13+05:30,53543.9,0,0.0,0,0.0,0.0,53282.15,53667.55,52783.45,53710.35,0,0.0,0.0,0.0,0.0,-0.01,-1,-1,-0.01,-1,-1,-0.01,-1,-1,-0.01,-1,-1,-0.01,-1,-1,-0.01,-1,-1,-0.01,-1,-1,-0.01,-1,-1,-0.01,-1,-1,-0.01,-1,-1
99926009,2026-05-18 15:23:13+05:30,53544.5,0,0.0,0,0.0,0.0,53282.15,53667.55,52783.45,53710.35,0,0.0,0.0,0.0,0.0,-0.01,-1,-1,-0.01,-1,-1,-0.01,-1,-1,-0.01,-1,-1,-0.01,-1,-1,-0.01,-1,-1,-0.01,-1,-1,-0.01,-1,-1,-0.01,-1,-1,-0.01,-1,-1
99926009,2026-05-18 15:23:13+05:30,53544.7,0,0.0,0,0.0,0.0,53282.15,53667.55,52783.45,53710.35,0,0.0,0.0,0.0,0.0,-0.01,-1,-1,-0.01,-1,-1,-0.01,-1,-1,-0.01,-1,-1,-0.01,-1,-1,-0.01,-1,-1,-0.01,-1,-1,-0.01,-1,-1,-0.01,-1,-1,-0.01,-1,-1
99926009,2026-05-18 15:23:14+05:30,53544.7,0,0.0,0,0.0,0.0,53282.15,53667.55,52783.45,53710.35,0,0.0,0.0,0.0,0.0,-0.01,-1,-1,-0.01,-1,-1,-0.01,-1,-1,-0.01,-1,-1,-0.01,-1,-1,-0.01,-1,-1,-0.01,-1,-1,-0.01,-1,-1,-0.01,-1,-1,-0.01,-1,-1
99926009,2026-05-18 15:23:14+05:30,53543.2,0,0.0,0,0.0,0.0,53282.15,53667.55,52783.45,53710.35,0,0.0,0.0,0.0,0.0,-0.01,-1,-1,-0.01,-1,-1,-0.01,-1,-1,-0.01,-1,-1,-0.01,-1,-1,-0.01,-1,-1,-0.01,-1,-1,-0.01,-1,-1,-0.01,-1,-1,-0.01,-1,-1
99926009,2026-05-18 15:23:14+05:30,53544.25,0,0.0,0,0.0,0.0,53282.15,53667.55,52783.45,53710.35,0,0.0,0.0,0.0,0.0,-0.01,-1,-1,-0.01,-1,-1,-0.01,-1,-1,-0.01,-1,-1,-0.01,-1,-1,-0.01,-1,-1,-0.01,-1,-1,-0.01,-1,-1,-0.01,-1,-1,-0.01,-1,-1
99926009,2026-05-18 15:23:15+05:30,53544.25,0,0.0,0,0.0,0.0,53282.15,53667.55,52783.45,53710.35,0,0.0,0.0,0.0,0.0,-0.01,-1,-1,-0.01,-1,-1,-0.01,-1,-1,-0.01,-1,-1,-0.01,-1,-1,-0.01,-1,-1,-0.01,-1,-1,-0.01,-1,-1,-0.01,-1,-1,-0.01,-1,-1
99926009,2026-05-18 15:23:15+05:30,53542.6,0,0.0,0,0.0,0.0,53282.15,53667.55,52783.45,53710.35,0,0.0,0.0,0.0,0.0,-0.01,-1,-1,-0.01,-1,-1,-0.01,-1,-1,-0.01,-1,-1,-0.01,-1,-1,-0.01,-1,-1,-0.01,-1,-1,-0.01,-1,-1,-0.01,-1,-1,-0.01,-1,-1
99926009,2026-05-18 15:23:15+05:30,53546.5,0,0.0,0,0.0,0.0,53282.15,53667.55,52783.45,53710.35,0,0.0,0.0,0.0,0.0,-0.01,-1,-1,-0.01,-1,-1,-0.01,-1,-1,-0.01,-1,-1,-0.01,-1,-1,-0.01,-1,-1,-0.01,-1,-1,-0.01,-1,-1,-0.01,-1,-1,-0.01,-1,-1
99926009,2026-05-18 15:23:16+05:30,53546.5,0,0.0,0,0.0,0.0,53282.15,53667.55,52783.45,53710.35,0,0.0,0.0,0.0,0.0,-0.01,-1,-1,-0.01,-1,-1,-0.01,-1,-1,-0.01,-1,-1,-0.01,-1,-1,-0.01,-1,-1,-0.01,-1,-1,-0.01,-1,-1,-0.01,-1,-1,-0.01,-1,-1
99926009,2026-05-18 15:23:16+05:30,53546.45,0,0.0,0,0.0,0.0,53282.15,53667.55,52783.45,53710.35,0,0.0,0.0,0.0,0.0,-0.01,-1,-1,-0.01,-1,-1,-0.01,-1,-1,-0.01,-1,-1,-0.01,-1,-1,-0.01,-1,-1,-0.01,-1,-1,-0.01,-1,-1,-0.01,-1,-1,-0.01,-1,-1
99926009,2026-05-18 15:23:16+05:30,53544.55,0,0.0,0,0.0,0.0,53282.15,53667.55,52783.45,53710.35,0,0.0,0.0,0.0,0.0,-0.01,-1,-1,-0.01,-1,-1,-0.01,-1,-1,-0.01,-1,-1,-0.01,-1,-1,-0.01,-1,-1,-0.01,-1,-1,-0.01,-1,-1,-0.01,-1,-1,-0.01,-1,-1
99926009,2026-05-18 15:23:17+05:30,53544.55,0,0.0,0,0.0,0.0,53282.15,53667.55,52783.45,53710.35,0,0.0,0.0,0.0,0.0,-0.01,-1,-1,-0.01,-1,-1,-0.01,-1,-1,-0.01,-1,-1,-0.01,-1,-1,-0.01,-1,-1,-0.01,-1,-1,-0.01,-1,-1,-0.01,-1,-1,-0.01,-1,-1
99926009,2026-05-18 15:23:17+05:30,53543.25,0,0.0,0,0.0,0.0,53282.15,53667.55,52783.45,53710.35,0,0.0,0.0,0.0,0.0,-0.01,-1,-1,-0.01,-1,-1,-0.01,-1,-1,-0.01,-1,-1,-0.01,-1,-1,-0.01,-1,-1,-0.01,-1,-1,-0.01,-1,-1,-0.01,-1,-1,-0.01,-1,-1
99926009,2026-05-18 15:23:17+05:30,53543.65,0,0.0,0,0.0,0.0,53282.15,53667.55,52783.45,53710.35,0,0.0,0.0,0.0,0.0,-0.01,-1,-1,-0.01,-1,-1,-0.01,-1,-1,-0.01,-1,-1,-0.01,-1,-1,-0.01,-1,-1,-0.01,-1,-1,-0.01,-1,-1,-0.01,-1,-1,-0.01,-1,-1
99926009,2026-05-18 15:23:18+05:30,53543.65,0,0.0,0,0.0,0.0,53282.15,53667.55,52783.45,53710.35,0,0.0,0.0,0.0,0.0,-0.01,-1,-1,-0.01,-1,-1,-0.01,-1,-1,-0.01,-1,-1,-0.01,-1,-1,-0.01,-1,-1,-0.01,-1,-1,-0.01,-1,-1,-0.01,-1,-1,-0.01,-1,-1
99926009,2026-05-18 15:23:18+05:30,53544.5,0,0.0,0,0.0,0.0,53282.15,53667.55,52783.45,53710.35,0,0.0,0.0,0.0,0.0,-0.01,-1,-1,-0.01,-1,-1,-0.01,-1,-1,-0.01,-1,-1,-0.01,-1,-1,-0.01,-1,-1,-0.01,-1,-1,-0.01,-1,-1,-0.01,-1,-1,-0.01,-1,-1
99926009,2026-05-18 15:23:18+05:30,53543.25,0,0.0,0,0.0,0.0,53282.15,53667.55,52783.45,53710.35,0,0.0,0.0,0.0,0.0,-0.01,-1,-1,-0.01,-1,-1,-0.01,-1,-1,-0.01,-1,-1,-0.01,-1,-1,-0.01,-1,-1,-0.01,-1,-1,-0.01,-1,-1,-0.01,-1,-1,-0.01,-1,-1
99926009,2026-05-18 15:23:19+05:30,53543.25,0,0.0,0,0.0,0.0,53282.15,53667.55,52783.45,53710.35,0,0.0,0.0,0.0,0.0,-0.01,-1,-1,-0.01,-1,-1,-0.01,-1,-1,-0.01,-1,-1,-0.01,-1,-1,-0.01,-1,-1,-0.01,-1,-1,-0.01,-1,-1,-0.01,-1,-1,-0.01,-1,-1
99926009,2026-05-18 15:23:19+05:30,53545.25,0,0.0,0,0.0,0.0,53282.15,53667.55,52783.45,53710.35,0,0.0,0.0,0.0,0.0,-0.01,-1,-1,-0.01,-1,-1,-0.01,-1,-1,-0.01,-1,-1,-0.01,-1,-1,-0.01,-1,-1,-0.01,-1,-1,-0.01,-1,-1,-0.01,-1,-1,-0.01,-1,-1
99926009,2026-05-18 15:23:19+05:30,53541.45,0,0.0,0,0.0,0.0,53282.15,53667.55,52783.45,53710.35,0,0.0,0.0,0.0,0.0,-0.01,-1,-1,-0.01,-1,-1,-0.01,-1,-1,-0.01,-1,-1,-0.01,-1,-1,-0.01,-1,-1,-0.01,-1,-1,-0.01,-1,-1,-0.01,-1,-1,-0.01,-1,-1
99926009,2026-05-18 15:23:20+05:30,53541.45,0,0.0,0,0.0,0.0,53282.15,53667.55,52783.45,53710.35,0,0.0,0.0,0.0,0.0,-0.01,-1,-1,-0.01,-1,-1,-0.01,-1,-1,-0.01,-1,-1,-0.01,-1,-1,-0.01,-1,-1,-0.01,-1,-1,-0.01,-1,-1,-0.01,-1,-1,-0.01,-1,-1
99926009,2026-05-18 15:23:20+05:30,53539.4,0,0.0,0,0.0,0.0,53282.15,53667.55,52783.45,53710.35,0,0.0,0.0,0.0,0.0,-0.01,-1,-1,-0.01,-1,-1,-0.01,-1,-1,-0.01,-1,-1,-0.01,-1,-1,-0.01,-1,-1,-0.01,-1,-1,-0.01,-1,-1,-0.01,-1,-1,-0.01,-1,-1
99926009,2026-05-18 15:23:20+05:30,53541.8,0,0.0,0,0.0,0.0,53282.15,53667.55,52783.45,53710.35,0,0.0,0.0,0.0,0.0,-0.01,-1,-1,-0.01,-1,-1,-0.01,-1,-1,-0.01,-1,-1,-0.01,-1,-1,-0.01,-1,-1,-0.01,-1,-1,-0.01,-1,-1,-0.01,-1,-1,-0.01,-1,-1
99926009,2026-05-18 15:23:21+05:30,53541.8,0,0.0,0,0.0,0.0,53282.15,53667.55,52783.45,53710.35,0,0.0,0.0,0.0,0.0,-0.01,-1,-1,-0.01,-1,-1,-0.01,-1,-1,-0.01,-1,-1,-0.01,-1,-1,-0.01,-1,-1,-0.01,-1,-1,-0.01,-1,-1,-0.01,-1,-1,-0.01,-1,-1
99926009,2026-05-18 15:23:21+05:30,53541.55,0,0.0,0,0.0,0.0,53282.15,53667.55,52783.45,53710.35,0,0.0,0.0,0.0,0.0,-0.01,-1,-1,-0.01,-1,-1,-0.01,-1,-1,-0.01,-1,-1,-0.01,-1,-1,-0.01,-1,-1,-0.01,-1,-1,-0.01,-1,-1,-0.01,-1,-1,-0.01,-1,-1
99926009,2026-05-18 15:23:21+05:30,53543.4,0,0.0,0,0.0,0.0,53282.15,53667.55,52783.45,53710.35,0,0.0,0.0,0.0,0.0,-0.01,-1,-1,-0.01,-1,-1,-0.01,-1,-1,-0.01,-1,-1,-0.01,-1,-1,-0.01,-1,-1,-0.01,-1,-1,-0.01,-1,-1,-0.01,-1,-1,-0.01,-1,-1
99926009,2026-05-18 15:23:22+05:30,53543.4,0,0.0,0,0.0,0.0,53282.15,53667.55,52783.45,53710.35,0,0.0,0.0,0.0,0.0,-0.01,-1,-1,-0.01,-1,-1,-0.01,-1,-1,-0.01,-1,-1,-0.01,-1,-1,-0.01,-1,-1,-0.01,-1,-1,-0.01,-1,-1,-0.01,-1,-1,-0.01,-1,-1
99926009,2026-05-18 15:23:22+05:30,53543.65,0,0.0,0,0.0,0.0,53282.15,53667.55,52783.45,53710.35,0,0.0,0.0,0.0,0.0,-0.01,-1,-1,-0.01,-1,-1,-0.01,-1,-1,-0.01,-1,-1,-0.01,-1,-1,-0.01,-1,-1,-0.01,-1,-1,-0.01,-1,-1,-0.01,-1,-1,-0.01,-1,-1
99926009,2026-05-18 15:23:22+05:30,53544.3,0,0.0,0,0.0,0.0,53282.15,53667.55,52783.45,53710.35,0,0.0,0.0,0.0,0.0,-0.01,-1,-1,-0.01,-1,-1,-0.01,-1,-1,-0.01,-1,-1,-0.01,-1,-1,-0.01,-1,-1,-0.01,-1,-1,-0.01,-1,-1,-0.01,-1,-1,-0.01,-1,-1
99926009,2026-05-18 15:23:23+05:30,53544.3,0,0.0,0,0.0,0.0,53282.15,53667.55,52783.45,53710.35,0,0.0,0.0,0.0,0.0,-0.01,-1,-1,-0.01,-1,-1,-0.01,-1,-1,-0.01,-1,-1,-0.01,-1,-1,-0.01,-1,-1,-0.01,-1,-1,-0.01,-1,-1,-0.01,-1,-1,-0.01,-1,-1
99926009,2026-05-18 15:23:23+05:30,53542.15,0,0.0,0,0.0,0.0,53282.15,53667.55,52783.45,53710.35,0,0.0,0.0,0.0,0.0,-0.01,-1,-1,-0.01,-1,-1,-0.01,-1,-1,-0.01,-1,-1,-0.01,-1,-1,-0.01,-1,-1,-0.01,-1,-1,-0.01,-1,-1,-0.01,-1,-1,-0.01,-1,-1
99926009,2026-05-18 15:23:23+05:30,53543.3,0,0.0,0,0.0,0.0,53282.15,53667.55,52783.45,53710.35,0,0.0,0.0,0.0,0.0,-0.01,-1,-1,-0.01,-1,-1,-0.01,-1,-1,-0.01,-1,-1,-0.01,-1,-1,-0.01,-1,-1,-0.01,-1,-1,-0.01,-1,-1,-0.01,-1,-1,-0.01,-1,-1
99926009,2026-05-18 15:23:24+05:30,53543.3,0,0.0,0,0.0,0.0,53282.15,53667.55,52783.45,53710.35,0,0.0,0.0,0.0,0.0,-0.01,-1,-1,-0.01,-1,-1,-0.01,-1,-1,-0.01,-1,-1,-0.01,-1,-1,-0.01,-1,-1,-0.01,-1,-1,-0.01,-1,-1,-0.01,-1,-1,-0.01,-1,-1
99926009,2026-05-18 15:23:24+05:30,53543.05,0,0.0,0,0.0,0.0,53282.15,53667.55,52783.45,53710.35,0,0.0,0.0,0.0,0.0,-0.01,-1,-1,-0.01,-1,-1,-0.01,-1,-1,-0.01,-1,-1,-0.01,-1,-1,-0.01,-1,-1,-0.01,-1,-1,-0.01,-1,-1,-0.01,-1,-1,-0.01,-1,-1
99926009,2026-05-18 15:23:24+05:30,53541.65,0,0.0,0,0.0,0.0,53282.15,53667.55,52783.45,53710.35,0,0.0,0.0,0.0,0.0,-0.01,-1,-1,-0.01,-1,-1,-0.01,-1,-1,-0.01,-1,-1,-0.01,-1,-1,-0.01,-1,-1,-0.01,-1,-1,-0.01,-1,-1,-0.01,-1,-1,-0.01,-1,-1
99926009,2026-05-18 15:23:25+05:30,53541.65,0,0.0,0,0.0,0.0,53282.15,53667.55,52783.45,53710.35,0,0.0,0.0,0.0,0.0,-0.01,-1,-1,-0.01,-1,-1,-0.01,-1,-1,-0.01,-1,-1,-0.01,-1,-1,-0.01,-1,-1,-0.01,-1,-1,-0.01,-1,-1,-0.01,-1,-1,-0.01,-1,-1
99926009,2026-05-18 15:23:25+05:30,53541.15,0,0.0,0,0.0,0.0,53282.15,53667.55,52783.45,53710.35,0,0.0,0.0,0.0,0.0,-0.01,-1,-1,-0.01,-1,-1,-0.01,-1,-1,-0.01,-1,-1,-0.01,-1,-1,-0.01,-1,-1,-0.01,-1,-1,-0.01,-1,-1,-0.01,-1,-1,-0.01,-1,-1
99926009,2026-05-18 15:23:25+05:30,53541.0,0,0.0,0,0.0,0.0,53282.15,53667.55,52783.45,53710.35,0,0.0,0.0,0.0,0.0,-0.01,-1,-1,-0.01,-1,-1,-0.01,-1,-1,-0.01,-1,-1,-0.01,-1,-1,-0.01,-1,-1,-0.01,-1,-1,-0.01,-1,-1,-0.01,-1,-1,-0.01,-1,-1
99926009,2026-05-18 15:23:26+05:30,53541.0,0,0.0,0,0.0,0.0,53282.15,53667.55,52783.45,53710.35,0,0.0,0.0,0.0,0.0,-0.01,-1,-1,-0.01,-1,-1,-0.01,-1,-1,-0.01,-1,-1,-0.01,-1,-1,-0.01,-1,-1,-0.01,-1,-1,-0.01,-1,-1,-0.01,-1,-1,-0.01,-1,-1
99926009,2026-05-18 15:23:26+05:30,53543.65,0,0.0,0,0.0,0.0,53282.15,53667.55,52783.45,53710.35,0,0.0,0.0,0.0,0.0,-0.01,-1,-1,-0.01,-1,-1,-0.01,-1,-1,-0.01,-1,-1,-0.01,-1,-1,-0.01,-1,-1,-0.01,-1,-1,-0.01,-1,-1,-0.01,-1,-1,-0.01,-1,-1
99926009,2026-05-18 15:23:26+05:30,53541.25,0,0.0,0,0.0,0.0,53282.15,53667.55,52783.45,53710.35,0,0.0,0.0,0.0,0.0,-0.01,-1,-1,-0.01,-1,-1,-0.01,-1,-1,-0.01,-1,-1,-0.01,-1,-1,-0.01,-1,-1,-0.01,-1,-1,-0.01,-1,-1,-0.01,-1,-1,-0.01,-1,-1
99926009,2026-05-18 15:23:27+05:30,53541.25,0,0.0,0,0.0,0.0,53282.15,53667.55,52783.45,53710.35,0,0.0,0.0,0.0,0.0,-0.01,-1,-1,-0.01,-1,-1,-0.01,-1,-1,-0.01,-1,-1,-0.01,-1,-1,-0.01,-1,-1,-0.01,-1,-1,-0.01,-1,-1,-0.01,-1,-1,-0.01,-1,-1
99926009,2026-05-18 15:23:27+05:30,53540.7,0,0.0,0,0.0,0.0,53282.15,53667.55,52783.45,53710.35,0,0.0,0.0,0.0,0.0,-0.01,-1,-1,-0.01,-1,-1,-0.01,-1,-1,-0.01,-1,-1,-0.01,-1,-1,-0.01,-1,-1,-0.01,-1,-1,-0.01,-1,-1,-0.01,-1,-1,-0.01,-1,-1
99926009,2026-05-18 15:23:27+05:30,53540.95,0,0.0,0,0.0,0.0,53282.15,53667.55,52783.45,53710.35,0,0.0,0.0,0.0,0.0,-0.01,-1,-1,-0.01,-1,-1,-0.01,-1,-1,-0.01,-1,-1,-0.01,-1,-1,-0.01,-1,-1,-0.01,-1,-1,-0.01,-1,-1,-0.01,-1,-1,-0.01,-1,-1
99926009,2026-05-18 15:23:28+05:30,53540.95,0,0.0,0,0.0,0.0,53282.15,53667.55,52783.45,53710.35,0,0.0,0.0,0.0,0.0,-0.01,-1,-1,-0.01,-1,-1,-0.01,-1,-1,-0.01,-1,-1,-0.01,-1,-1,-0.01,-1,-1,-0.01,-1,-1,-0.01,-1,-1,-0.01,-1,-1,-0.01,-1,-1
99926009,2026-05-18 15:23:28+05:30,53541.75,0,0.0,0,0.0,0.0,53282.15,53667.55,52783.45,53710.35,0,0.0,0.0,0.0,0.0,-0.01,-1,-1,-0.01,-1,-1,-0.01,-1,-1,-0.01,-1,-1,-0.01,-1,-1,-0.01,-1,-1,-0.01,-1,-1,-0.01,-1,-1,-0.01,-1,-1,-0.01,-1,-1
99926009,2026-05-18 15:23:28+05:30,53541.65,0,0.0,0,0.0,0.0,53282.15,53667.55,52783.45,53710.35,0,0.0,0.0,0.0,0.0,-0.01,-1,-1,-0.01,-1,-1,-0.01,-1,-1,-0.01,-1,-1,-0.01,-1,-1,-0.01,-1,-1,-0.01,-1,-1,-0.01,-1,-1,-0.01,-1,-1,-0.01,-1,-1
99926009,2026-05-18 15:23:29+05:30,53541.65,0,0.0,0,0.0,0.0,53282.15,53667.55,52783.45,53710.35,0,0.0,0.0,0.0,0.0,-0.01,-1,-1,-0.01,-1,-1,-0.01,-1,-1,-0.01,-1,-1,-0.01,-1,-1,-0.01,-1,-1,-0.01,-1,-1,-0.01,-1,-1,-0.01,-1,-1,-0.01,-1,-1
99926009,2026-05-18 15:23:29+05:30,53540.25,0,0.0,0,0.0,0.0,53282.15,53667.55,52783.45,53710.35,0,0.0,0.0,0.0,0.0,-0.01,-1,-1,-0.01,-1,-1,-0.01,-1,-1,-0.01,-1,-1,-0.01,-1,-1,-0.01,-1,-1,-0.01,-1,-1,-0.01,-1,-1,-0.01,-1,-1,-0.01,-1,-1
99926009,2026-05-18 15:23:29+05:30,53540.5,0,0.0,0,0.0,0.0,53282.15,53667.55,52783.45,53710.35,0,0.0,0.0,0.0,0.0,-0.01,-1,-1,-0.01,-1,-1,-0.01,-1,-1,-0.01,-1,-1,-0.01,-1,-1,-0.01,-1,-1,-0.01,-1,-1,-0.01,-1,-1,-0.01,-1,-1,-0.01,-1,-1
99926009,2026-05-18 15:23:30+05:30,53540.5,0,0.0,0,0.0,0.0,53282.15,53667.55,52783.45,53710.35,0,0.0,0.0,0.0,0.0,-0.01,-1,-1,-0.01,-1,-1,-0.01,-1,-1,-0.01,-1,-1,-0.01,-1,-1,-0.01,-1,-1,-0.01,-1,-1,-0.01,-1,-1,-0.01,-1,-1,-0.01,-1,-1
99926009,2026-05-18 15:23:30+05:30,53540.8,0,0.0,0,0.0,0.0,53282.15,53667.55,52783.45,53710.35,0,0.0,0.0,0.0,0.0,-0.01,-1,-1,-0.01,-1,-1,-0.01,-1,-1,-0.01,-1,-1,-0.01,-1,-1,-0.01,-1,-1,-0.01,-1,-1,-0.01,-1,-1,-0.01,-1,-1,-0.01,-1,-1
99926009,2026-05-18 15:23:30+05:30,53543.55,0,0.0,0,0.0,0.0,53282.15,53667.55,52783.45,53710.35,0,0.0,0.0,0.0,0.0,-0.01,-1,-1,-0.01,-1,-1,-0.01,-1,-1,-0.01,-1,-1,-0.01,-1,-1,-0.01,-1,-1,-0.01,-1,-1,-0.01,-1,-1,-0.01,-1,-1,-0.01,-1,-1
99926009,2026-05-18 15:23:31+05:30,53543.55,0,0.0,0,0.0,0.0,53282.15,53667.55,52783.45,53710.35,0,0.0,0.0,0.0,0.0,-0.01,-1,-1,-0.01,-1,-1,-0.01,-1,-1,-0.01,-1,-1,-0.01,-1,-1,-0.01,-1,-1,-0.01,-1,-1,-0.01,-1,-1,-0.01,-1,-1,-0.01,-1,-1
99926009,2026-05-18 15:23:31+05:30,53540.05,0,0.0,0,0.0,0.0,53282.15,53667.55,52783.45,53710.35,0,0.0,0.0,0.0,0.0,-0.01,-1,-1,-0.01,-1,-1,-0.01,-1,-1,-0.01,-1,-1,-0.01,-1,-1,-0.01,-1,-1,-0.01,-1,-1,-0.01,-1,-1,-0.01,-1,-1,-0.01,-1,-1
99926009,2026-05-18 15:23:31+05:30,53541.15,0,0.0,0,0.0,0.0,53282.15,53667.55,52783.45,53710.35,0,0.0,0.0,0.0,0.0,-0.01,-1,-1,-0.01,-1,-1,-0.01,-1,-1,-0.01,-1,-1,-0.01,-1,-1,-0.01,-1,-1,-0.01,-1,-1,-0.01,-1,-1,-0.01,-1,-1,-0.01,-1,-1
99926009,2026-05-18 15:23:32+05:30,53541.15,0,0.0,0,0.0,0.0,53282.15,53667.55,52783.45,53710.35,0,0.0,0.0,0.0,0.0,-0.01,-1,-1,-0.01,-1,-1,-0.01,-1,-1,-0.01,-1,-1,-0.01,-1,-1,-0.01,-1,-1,-0.01,-1,-1,-0.01,-1,-1,-0.01,-1,-1,-0.01,-1,-1
99926009,2026-05-18 15:23:32+05:30,53540.7,0,0.0,0,0.0,0.0,53282.15,53667.55,52783.45,53710.35,0,0.0,0.0,0.0,0.0,-0.01,-1,-1,-0.01,-1,-1,-0.01,-1,-1,-0.01,-1,-1,-0.01,-1,-1,-0.01,-1,-1,-0.01,-1,-1,-0.01,-1,-1,-0.01,-1,-1,-0.01,-1,-1
99926009,2026-05-18 15:23:32+05:30,53539.5,0,0.0,0,0.0,0.0,53282.15,53667.55,52783.45,53710.35,0,0.0,0.0,0.0,0.0,-0.01,-1,-1,-0.01,-1,-1,-0.01,-1,-1,-0.01,-1,-1,-0.01,-1,-1,-0.01,-1,-1,-0.01,-1,-1,-0.01,-1,-1,-0.01,-1,-1,-0.01,-1,-1
99926009,2026-05-18 15:23:33+05:30,53539.5,0,0.0,0,0.0,0.0,53282.15,53667.55,52783.45,53710.35,0,0.0,0.0,0.0,0.0,-0.01,-1,-1,-0.01,-1,-1,-0.01,-1,-1,-0.01,-1,-1,-0.01,-1,-1,-0.01,-1,-1,-0.01,-1,-1,-0.01,-1,-1,-0.01,-1,-1,-0.01,-1,-1
99926009,2026-05-18 15:23:33+05:30,53540.65,0,0.0,0,0.0,0.0,53282.15,53667.55,52783.45,53710.35,0,0.0,0.0,0.0,0.0,-0.01,-1,-1,-0.01,-1,-1,-0.01,-1,-1,-0.01,-1,-1,-0.01,-1,-1,-0.01,-1,-1,-0.01,-1,-1,-0.01,-1,-1,-0.01,-1,-1,-0.01,-1,-1
99926009,2026-05-18 15:23:33+05:30,53541.5,0,0.0,0,0.0,0.0,53282.15,53667.55,52783.45,53710.35,0,0.0,0.0,0.0,0.0,-0.01,-1,-1,-0.01,-1,-1,-0.01,-1,-1,-0.01,-1,-1,-0.01,-1,-1,-0.01,-1,-1,-0.01,-1,-1,-0.01,-1,-1,-0.01,-1,-1,-0.01,-1,-1
99926009,2026-05-18 15:23:34+05:30,53541.5,0,0.0,0,0.0,0.0,53282.15,53667.55,52783.45,53710.35,0,0.0,0.0,0.0,0.0,-0.01,-1,-1,-0.01,-1,-1,-0.01,-1,-1,-0.01,-1,-1,-0.01,-1,-1,-0.01,-1,-1,-0.01,-1,-1,-0.01,-1,-1,-0.01,-1,-1,-0.01,-1,-1
99926009,2026-05-18 15:23:34+05:30,53537.35,0,0.0,0,0.0,0.0,53282.15,53667.55,52783.45,53710.35,0,0.0,0.0,0.0,0.0,-0.01,-1,-1,-0.01,-1,-1,-0.01,-1,-1,-0.01,-1,-1,-0.01,-1,-1,-0.01,-1,-1,-0.01,-1,-1,-0.01,-1,-1,-0.01,-1,-1,-0.01,-1,-1
99926009,2026-05-18 15:23:34+05:30,53540.45,0,0.0,0,0.0,0.0,53282.15,53667.55,52783.45,53710.35,0,0.0,0.0,0.0,0.0,-0.01,-1,-1,-0.01,-1,-1,-0.01,-1,-1,-0.01,-1,-1,-0.01,-1,-1,-0.01,-1,-1,-0.01,-1,-1,-0.01,-1,-1,-0.01,-1,-1,-0.01,-1,-1
99926009,2026-05-18 15:23:35+05:30,53540.45,0,0.0,0,0.0,0.0,53282.15,53667.55,52783.45,53710.35,0,0.0,0.0,0.0,0.0,-0.01,-1,-1,-0.01,-1,-1,-0.01,-1,-1,-0.01,-1,-1,-0.01,-1,-1,-0.01,-1,-1,-0.01,-1,-1,-0.01,-1,-1,-0.01,-1,-1,-0.01,-1,-1
99926009,2026-05-18 15:23:35+05:30,53539.25,0,0.0,0,0.0,0.0,53282.15,53667.55,52783.45,53710.35,0,0.0,0.0,0.0,0.0,-0.01,-1,-1,-0.01,-1,-1,-0.01,-1,-1,-0.01,-1,-1,-0.01,-1,-1,-0.01,-1,-1,-0.01,-1,-1,-0.01,-1,-1,-0.01,-1,-1,-0.01,-1,-1
99926009,2026-05-18 15:23:35+05:30,53538.3,0,0.0,0,0.0,0.0,53282.15,53667.55,52783.45,53710.35,0,0.0,0.0,0.0,0.0,-0.01,-1,-1,-0.01,-1,-1,-0.01,-1,-1,-0.01,-1,-1,-0.01,-1,-1,-0.01,-1,-1,-0.01,-1,-1,-0.01,-1,-1,-0.01,-1,-1,-0.01,-1,-1
99926009,2026-05-18 15:23:36+05:30,53538.3,0,0.0,0,0.0,0.0,53282.15,53667.55,52783.45,53710.35,0,0.0,0.0,0.0,0.0,-0.01,-1,-1,-0.01,-1,-1,-0.01,-1,-1,-0.01,-1,-1,-0.01,-1,-1,-0.01,-1,-1,-0.01,-1,-1,-0.01,-1,-1,-0.01,-1,-1,-0.01,-1,-1
99926009,2026-05-18 15:23:36+05:30,53540.4,0,0.0,0,0.0,0.0,53282.15,53667.55,52783.45,53710.35,0,0.0,0.0,0.0,0.0,-0.01,-1,-1,-0.01,-1,-1,-0.01,-1,-1,-0.01,-1,-1,-0.01,-1,-1,-0.01,-1,-1,-0.01,-1,-1,-0.01,-1,-1,-0.01,-1,-1,-0.01,-1,-1
99926009,2026-05-18 15:23:36+05:30,53537.85,0,0.0,0,0.0,0.0,53282.15,53667.55,52783.45,53710.35,0,0.0,0.0,0.0,0.0,-0.01,-1,-1,-0.01,-1,-1,-0.01,-1,-1,-0.01,-1,-1,-0.01,-1,-1,-0.01,-1,-1,-0.01,-1,-1,-0.01,-1,-1,-0.01,-1,-1,-0.01,-1,-1
99926009,2026-05-18 15:23:37+05:30,53537.85,0,0.0,0,0.0,0.0,53282.15,53667.55,52783.45,53710.35,0,0.0,0.0,0.0,0.0,-0.01,-1,-1,-0.01,-1,-1,-0.01,-1,-1,-0.01,-1,-1,-0.01,-1,-1,-0.01,-1,-1,-0.01,-1,-1,-0.01,-1,-1,-0.01,-1,-1,-0.01,-1,-1
99926009,2026-05-18 15:23:37+05:30,53540.7,0,0.0,0,0.0,0.0,53282.15,53667.55,52783.45,53710.35,0,0.0,0.0,0.0,0.0,-0.01,-1,-1,-0.01,-1,-1,-0.01,-1,-1,-0.01,-1,-1,-0.01,-1,-1,-0.01,-1,-1,-0.01,-1,-1,-0.01,-1,-1,-0.01,-1,-1,-0.01,-1,-1
99926009,2026-05-18 15:23:37+05:30,53539.85,0,0.0,0,0.0,0.0,53282.15,53667.55,52783.45,53710.35,0,0.0,0.0,0.0,0.0,-0.01,-1,-1,-0.01,-1,-1,-0.01,-1,-1,-0.01,-1,-1,-0.01,-1,-1,-0.01,-1,-1,-0.01,-1,-1,-0.01,-1,-1,-0.01,-1,-1,-0.01,-1,-1
99926009,2026-05-18 15:23:38+05:30,53539.85,0,0.0,0,0.0,0.0,53282.15,53667.55,52783.45,53710.35,0,0.0,0.0,0.0,0.0,-0.01,-1,-1,-0.01,-1,-1,-0.01,-1,-1,-0.01,-1,-1,-0.01,-1,-1,-0.01,-1,-1,-0.01,-1,-1,-0.01,-1,-1,-0.01,-1,-1,-0.01,-1,-1
99926009,2026-05-18 15:23:38+05:30,53539.95,0,0.0,0,0.0,0.0,53282.15,53667.55,52783.45,53710.35,0,0.0,0.0,0.0,0.0,-0.01,-1,-1,-0.01,-1,-1,-0.01,-1,-1,-0.01,-1,-1,-0.01,-1,-1,-0.01,-1,-1,-0.01,-1,-1,-0.01,-1,-1,-0.01,-1,-1,-0.01,-1,-1
99926009,2026-05-18 15:23:38+05:30,53537.2,0,0.0,0,0.0,0.0,53282.15,53667.55,52783.45,53710.35,0,0.0,0.0,0.0,0.0,-0.01,-1,-1,-0.01,-1,-1,-0.01,-1,-1,-0.01,-1,-1,-0.01,-1,-1,-0.01,-1,-1,-0.01,-1,-1,-0.01,-1,-1,-0.01,-1,-1,-0.01,-1,-1
99926009,2026-05-18 15:23:39+05:30,53537.2,0,0.0,0,0.0,0.0,53282.15,53667.55,52783.45,53710.35,0,0.0,0.0,0.0,0.0,-0.01,-1,-1,-0.01,-1,-1,-0.01,-1,-1,-0.01,-1,-1,-0.01,-1,-1,-0.01,-1,-1,-0.01,-1,-1,-0.01,-1,-1,-0.01,-1,-1,-0.01,-1,-1
99926009,2026-05-18 15:23:39+05:30,53539.85,0,0.0,0,0.0,0.0,53282.15,53667.55,52783.45,53710.35,0,0.0,0.0,0.0,0.0,-0.01,-1,-1,-0.01,-1,-1,-0.01,-1,-1,-0.01,-1,-1,-0.01,-1,-1,-0.01,-1,-1,-0.01,-1,-1,-0.01,-1,-1,-0.01,-1,-1,-0.01,-1,-1
99926009,2026-05-18 15:23:39+05:30,53539.75,0,0.0,0,0.0,0.0,53282.15,53667.55,52783.45,53710.35,0,0.0,0.0,0.0,0.0,-0.01,-1,-1,-0.01,-1,-1,-0.01,-1,-1,-0.01,-1,-1,-0.01,-1,-1,-0.01,-1,-1,-0.01,-1,-1,-0.01,-1,-1,-0.01,-1,-1,-0.01,-1,-1
99926009,2026-05-18 15:23:40+05:30,53539.75,0,0.0,0,0.0,0.0,53282.15,53667.55,52783.45,53710.35,0,0.0,0.0,0.0,0.0,-0.01,-1,-1,-0.01,-1,-1,-0.01,-1,-1,-0.01,-1,-1,-0.01,-1,-1,-0.01,-1,-1,-0.01,-1,-1,-0.01,-1,-1,-0.01,-1,-1,-0.01,-1,-1
99926009,2026-05-18 15:23:40+05:30,53539.5,0,0.0,0,0.0,0.0,53282.15,53667.55,52783.45,53710.35,0,0.0,0.0,0.0,0.0,-0.01,-1,-1,-0.01,-1,-1,-0.01,-1,-1,-0.01,-1,-1,-0.01,-1,-1,-0.01,-1,-1,-0.01,-1,-1,-0.01,-1,-1,-0.01,-1,-1,-0.01,-1,-1
99926009,2026-05-18 15:23:40+05:30,53540.5,0,0.0,0,0.0,0.0,53282.15,53667.55,52783.45,53710.35,0,0.0,0.0,0.0,0.0,-0.01,-1,-1,-0.01,-1,-1,-0.01,-1,-1,-0.01,-1,-1,-0.01,-1,-1,-0.01,-1,-1,-0.01,-1,-1,-0.01,-1,-1,-0.01,-1,-1,-0.01,-1,-1
99926009,2026-05-18 15:23:41+05:30,53540.5,0,0.0,0,0.0,0.0,53282.15,53667.55,52783.45,53710.35,0,0.0,0.0,0.0,0.0,-0.01,-1,-1,-0.01,-1,-1,-0.01,-1,-1,-0.01,-1,-1,-0.01,-1,-1,-0.01,-1,-1,-0.01,-1,-1,-0.01,-1,-1,-0.01,-1,-1,-0.01,-1,-1
99926009,2026-05-18 15:23:41+05:30,53539.6,0,0.0,0,0.0,0.0,53282.15,53667.55,52783.45,53710.35,0,0.0,0.0,0.0,0.0,-0.01,-1,-1,-0.01,-1,-1,-0.01,-1,-1,-0.01,-1,-1,-0.01,-1,-1,-0.01,-1,-1,-0.01,-1,-1,-0.01,-1,-1,-0.01,-1,-1,-0.01,-1,-1
99926009,2026-05-18 15:23:41+05:30,53539.2,0,0.0,0,0.0,0.0,53282.15,53667.55,52783.45,53710.35,0,0.0,0.0,0.0,0.0,-0.01,-1,-1,-0.01,-1,-1,-0.01,-1,-1,-0.01,-1,-1,-0.01,-1,-1,-0.01,-1,-1,-0.01,-1,-1,-0.01,-1,-1,-0.01,-1,-1,-0.01,-1,-1
99926009,2026-05-18 15:23:42+05:30,53539.2,0,0.0,0,0.0,0.0,53282.15,53667.55,52783.45,53710.35,0,0.0,0.0,0.0,0.0,-0.01,-1,-1,-0.01,-1,-1,-0.01,-1,-1,-0.01,-1,-1,-0.01,-1,-1,-0.01,-1,-1,-0.01,-1,-1,-0.01,-1,-1,-0.01,-1,-1,-0.01,-1,-1
99926009,2026-05-18 15:23:42+05:30,53538.35,0,0.0,0,0.0,0.0,53282.15,53667.55,52783.45,53710.35,0,0.0,0.0,0.0,0.0,-0.01,-1,-1,-0.01,-1,-1,-0.01,-1,-1,-0.01,-1,-1,-0.01,-1,-1,-0.01,-1,-1,-0.01,-1,-1,-0.01,-1,-1,-0.01,-1,-1,-0.01,-1,-1
99926009,2026-05-18 15:23:42+05:30,53538.85,0,0.0,0,0.0,0.0,53282.15,53667.55,52783.45,53710.35,0,0.0,0.0,0.0,0.0,-0.01,-1,-1,-0.01,-1,-1,-0.01,-1,-1,-0.01,-1,-1,-0.01,-1,-1,-0.01,-1,-1,-0.01,-1,-1,-0.01,-1,-1,-0.01,-1,-1,-0.01,-1,-1
99926009,2026-05-18 15:23:43+05:30,53538.85,0,0.0,0,0.0,0.0,53282.15,53667.55,52783.45,53710.35,0,0.0,0.0,0.0,0.0,-0.01,-1,-1,-0.01,-1,-1,-0.01,-1,-1,-0.01,-1,-1,-0.01,-1,-1,-0.01,-1,-1,-0.01,-1,-1,-0.01,-1,-1,-0.01,-1,-1,-0.01,-1,-1
99926009,2026-05-18 15:23:43+05:30,53538.55,0,0.0,0,0.0,0.0,53282.15,53667.55,52783.45,53710.35,0,0.0,0.0,0.0,0.0,-0.01,-1,-1,-0.01,-1,-1,-0.01,-1,-1,-0.01,-1,-1,-0.01,-1,-1,-0.01,-1,-1,-0.01,-1,-1,-0.01,-1,-1,-0.01,-1,-1,-0.01,-1,-1
99926009,2026-05-18 15:23:43+05:30,53540.65,0,0.0,0,0.0,0.0,53282.15,53667.55,52783.45,53710.35,0,0.0,0.0,0.0,0.0,-0.01,-1,-1,-0.01,-1,-1,-0.01,-1,-1,-0.01,-1,-1,-0.01,-1,-1,-0.01,-1,-1,-0.01,-1,-1,-0.01,-1,-1,-0.01,-1,-1,-0.01,-1,-1
99926009,2026-05-18 15:23:44+05:30,53540.65,0,0.0,0,0.0,0.0,53282.15,53667.55,52783.45,53710.35,0,0.0,0.0,0.0,0.0,-0.01,-1,-1,-0.01,-1,-1,-0.01,-1,-1,-0.01,-1,-1,-0.01,-1,-1,-0.01,-1,-1,-0.01,-1,-1,-0.01,-1,-1,-0.01,-1,-1,-0.01,-1,-1
99926009,2026-05-18 15:23:44+05:30,53537.8,0,0.0,0,0.0,0.0,53282.15,53667.55,52783.45,53710.35,0,0.0,0.0,0.0,0.0,-0.01,-1,-1,-0.01,-1,-1,-0.01,-1,-1,-0.01,-1,-1,-0.01,-1,-1,-0.01,-1,-1,-0.01,-1,-1,-0.01,-1,-1,-0.01,-1,-1,-0.01,-1,-1
99926009,2026-05-18 15:23:44+05:30,53535.15,0,0.0,0,0.0,0.0,53282.15,53667.55,52783.45,53710.35,0,0.0,0.0,0.0,0.0,-0.01,-1,-1,-0.01,-1,-1,-0.01,-1,-1,-0.01,-1,-1,-0.01,-1,-1,-0.01,-1,-1,-0.01,-1,-1,-0.01,-1,-1,-0.01,-1,-1,-0.01,-1,-1
99926009,2026-05-18 15:23:45+05:30,53535.15,0,0.0,0,0.0,0.0,53282.15,53667.55,52783.45,53710.35,0,0.0,0.0,0.0,0.0,-0.01,-1,-1,-0.01,-1,-1,-0.01,-1,-1,-0.01,-1,-1,-0.01,-1,-1,-0.01,-1,-1,-0.01,-1,-1,-0.01,-1,-1,-0.01,-1,-1,-0.01,-1,-1
99926009,2026-05-18 15:23:45+05:30,53536.3,0,0.0,0,0.0,0.0,53282.15,53667.55,52783.45,53710.35,0,0.0,0.0,0.0,0.0,-0.01,-1,-1,-0.01,-1,-1,-0.01,-1,-1,-0.01,-1,-1,-0.01,-1,-1,-0.01,-1,-1,-0.01,-1,-1,-0.01,-1,-1,-0.01,-1,-1,-0.01,-1,-1
99926009,2026-05-18 15:23:45+05:30,53534.45,0,0.0,0,0.0,0.0,53282.15,53667.55,52783.45,53710.35,0,0.0,0.0,0.0,0.0,-0.01,-1,-1,-0.01,-1,-1,-0.01,-1,-1,-0.01,-1,-1,-0.01,-1,-1,-0.01,-1,-1,-0.01,-1,-1,-0.01,-1,-1,-0.01,-1,-1,-0.01,-1,-1
99926009,2026-05-18 15:23:46+05:30,53534.45,0,0.0,0,0.0,0.0,53282.15,53667.55,52783.45,53710.35,0,0.0,0.0,0.0,0.0,-0.01,-1,-1,-0.01,-1,-1,-0.01,-1,-1,-0.01,-1,-1,-0.01,-1,-1,-0.01,-1,-1,-0.01,-1,-1,-0.01,-1,-1,-0.01,-1,-1,-0.01,-1,-1
99926009,2026-05-18 15:23:46+05:30,53533.15,0,0.0,0,0.0,0.0,53282.15,53667.55,52783.45,53710.35,0,0.0,0.0,0.0,0.0,-0.01,-1,-1,-0.01,-1,-1,-0.01,-1,-1,-0.01,-1,-1,-0.01,-1,-1,-0.01,-1,-1,-0.01,-1,-1,-0.01,-1,-1,-0.01,-1,-1,-0.01,-1,-1
99926009,2026-05-18 15:23:46+05:30,53532.9,0,0.0,0,0.0,0.0,53282.15,53667.55,52783.45,53710.35,0,0.0,0.0,0.0,0.0,-0.01,-1,-1,-0.01,-1,-1,-0.01,-1,-1,-0.01,-1,-1,-0.01,-1,-1,-0.01,-1,-1,-0.01,-1,-1,-0.01,-1,-1,-0.01,-1,-1,-0.01,-1,-1
99926009,2026-05-18 15:23:47+05:30,53532.9,0,0.0,0,0.0,0.0,53282.15,53667.55,52783.45,53710.35,0,0.0,0.0,0.0,0.0,-0.01,-1,-1,-0.01,-1,-1,-0.01,-1,-1,-0.01,-1,-1,-0.01,-1,-1,-0.01,-1,-1,-0.01,-1,-1,-0.01,-1,-1,-0.01,-1,-1,-0.01,-1,-1
99926009,2026-05-18 15:23:47+05:30,53530.0,0,0.0,0,0.0,0.0,53282.15,53667.55,52783.45,53710.35,0,0.0,0.0,0.0,0.0,-0.01,-1,-1,-0.01,-1,-1,-0.01,-1,-1,-0.01,-1,-1,-0.01,-1,-1,-0.01,-1,-1,-0.01,-1,-1,-0.01,-1,-1,-0.01,-1,-1,-0.01,-1,-1
99926009,2026-05-18 15:23:47+05:30,53533.35,0,0.0,0,0.0,0.0,53282.15,53667.55,52783.45,53710.35,0,0.0,0.0,0.0,0.0,-0.01,-1,-1,-0.01,-1,-1,-0.01,-1,-1,-0.01,-1,-1,-0.01,-1,-1,-0.01,-1,-1,-0.01,-1,-1,-0.01,-1,-1,-0.01,-1,-1,-0.01,-1,-1
99926009,2026-05-18 15:23:48+05:30,53533.35,0,0.0,0,0.0,0.0,53282.15,53667.55,52783.45,53710.35,0,0.0,0.0,0.0,0.0,-0.01,-1,-1,-0.01,-1,-1,-0.01,-1,-1,-0.01,-1,-1,-0.01,-1,-1,-0.01,-1,-1,-0.01,-1,-1,-0.01,-1,-1,-0.01,-1,-1,-0.01,-1,-1
99926009,2026-05-18 15:23:48+05:30,53528.2,0,0.0,0,0.0,0.0,53282.15,53667.55,52783.45,53710.35,0,0.0,0.0,0.0,0.0,-0.01,-1,-1,-0.01,-1,-1,-0.01,-1,-1,-0.01,-1,-1,-0.01,-1,-1,-0.01,-1,-1,-0.01,-1,-1,-0.01,-1,-1,-0.01,-1,-1,-0.01,-1,-1
99926009,2026-05-18 15:23:48+05:30,53526.85,0,0.0,0,0.0,0.0,53282.15,53667.55,52783.45,53710.35,0,0.0,0.0,0.0,0.0,-0.01,-1,-1,-0.01,-1,-1,-0.01,-1,-1,-0.01,-1,-1,-0.01,-1,-1,-0.01,-1,-1,-0.01,-1,-1,-0.01,-1,-1,-0.01,-1,-1,-0.01,-1,-1
99926009,2026-05-18 15:23:49+05:30,53526.85,0,0.0,0,0.0,0.0,53282.15,53667.55,52783.45,53710.35,0,0.0,0.0,0.0,0.0,-0.01,-1,-1,-0.01,-1,-1,-0.01,-1,-1,-0.01,-1,-1,-0.01,-1,-1,-0.01,-1,-1,-0.01,-1,-1,-0.01,-1,-1,-0.01,-1,-1,-0.01,-1,-1
99926009,2026-05-18 15:23:49+05:30,53528.35,0,0.0,0,0.0,0.0,53282.15,53667.55,52783.45,53710.35,0,0.0,0.0,0.0,0.0,-0.01,-1,-1,-0.01,-1,-1,-0.01,-1,-1,-0.01,-1,-1,-0.01,-1,-1,-0.01,-1,-1,-0.01,-1,-1,-0.01,-1,-1,-0.01,-1,-1,-0.01,-1,-1
99926009,2026-05-18 15:23:49+05:30,53527.85,0,0.0,0,0.0,0.0,53282.15,53667.55,52783.45,53710.35,0,0.0,0.0,0.0,0.0,-0.01,-1,-1,-0.01,-1,-1,-0.01,-1,-1,-0.01,-1,-1,-0.01,-1,-1,-0.01,-1,-1,-0.01,-1,-1,-0.01,-1,-1,-0.01,-1,-1,-0.01,-1,-1
99926009,2026-05-18 15:23:50+05:30,53527.85,0,0.0,0,0.0,0.0,53282.15,53667.55,52783.45,53710.35,0,0.0,0.0,0.0,0.0,-0.01,-1,-1,-0.01,-1,-1,-0.01,-1,-1,-0.01,-1,-1,-0.01,-1,-1,-0.01,-1,-1,-0.01,-1,-1,-0.01,-1,-1,-0.01,-1,-1,-0.01,-1,-1
99926009,2026-05-18 15:23:50+05:30,53530.5,0,0.0,0,0.0,0.0,53282.15,53667.55,52783.45,53710.35,0,0.0,0.0,0.0,0.0,-0.01,-1,-1,-0.01,-1,-1,-0.01,-1,-1,-0.01,-1,-1,-0.01,-1,-1,-0.01,-1,-1,-0.01,-1,-1,-0.01,-1,-1,-0.01,-1,-1,-0.01,-1,-1
99926009,2026-05-18 15:23:50+05:30,53531.7,0,0.0,0,0.0,0.0,53282.15,53667.55,52783.45,53710.35,0,0.0,0.0,0.0,0.0,-0.01,-1,-1,-0.01,-1,-1,-0.01,-1,-1,-0.01,-1,-1,-0.01,-1,-1,-0.01,-1,-1,-0.01,-1,-1,-0.01,-1,-1,-0.01,-1,-1,-0.01,-1,-1
99926009,2026-05-18 15:23:51+05:30,53531.7,0,0.0,0,0.0,0.0,53282.15,53667.55,52783.45,53710.35,0,0.0,0.0,0.0,0.0,-0.01,-1,-1,-0.01,-1,-1,-0.01,-1,-1,-0.01,-1,-1,-0.01,-1,-1,-0.01,-1,-1,-0.01,-1,-1,-0.01,-1,-1,-0.01,-1,-1,-0.01,-1,-1
99926009,2026-05-18 15:23:51+05:30,53531.4,0,0.0,0,0.0,0.0,53282.15,53667.55,52783.45,53710.35,0,0.0,0.0,0.0,0.0,-0.01,-1,-1,-0.01,-1,-1,-0.01,-1,-1,-0.01,-1,-1,-0.01,-1,-1,-0.01,-1,-1,-0.01,-1,-1,-0.01,-1,-1,-0.01,-1,-1,-0.01,-1,-1
99926009,2026-05-18 15:23:51+05:30,53532.5,0,0.0,0,0.0,0.0,53282.15,53667.55,52783.45,53710.35,0,0.0,0.0,0.0,0.0,-0.01,-1,-1,-0.01,-1,-1,-0.01,-1,-1,-0.01,-1,-1,-0.01,-1,-1,-0.01,-1,-1,-0.01,-1,-1,-0.01,-1,-1,-0.01,-1,-1,-0.01,-1,-1
99926009,2026-05-18 15:23:52+05:30,53532.5,0,0.0,0,0.0,0.0,53282.15,53667.55,52783.45,53710.35,0,0.0,0.0,0.0,0.0,-0.01,-1,-1,-0.01,-1,-1,-0.01,-1,-1,-0.01,-1,-1,-0.01,-1,-1,-0.01,-1,-1,-0.01,-1,-1,-0.01,-1,-1,-0.01,-1,-1,-0.01,-1,-1
99926009,2026-05-18 15:23:52+05:30,53532.55,0,0.0,0,0.0,0.0,53282.15,53667.55,52783.45,53710.35,0,0.0,0.0,0.0,0.0,-0.01,-1,-1,-0.01,-1,-1,-0.01,-1,-1,-0.01,-1,-1,-0.01,-1,-1,-0.01,-1,-1,-0.01,-1,-1,-0.01,-1,-1,-0.01,-1,-1,-0.01,-1,-1
99926009,2026-05-18 15:23:52+05:30,53533.35,0,0.0,0,0.0,0.0,53282.15,53667.55,52783.45,53710.35,0,0.0,0.0,0.0,0.0,-0.01,-1,-1,-0.01,-1,-1,-0.01,-1,-1,-0.01,-1,-1,-0.01,-1,-1,-0.01,-1,-1,-0.01,-1,-1,-0.01,-1,-1,-0.01,-1,-1,-0.01,-1,-1
99926009,2026-05-18 15:23:53+05:30,53533.35,0,0.0,0,0.0,0.0,53282.15,53667.55,52783.45,53710.35,0,0.0,0.0,0.0,0.0,-0.01,-1,-1,-0.01,-1,-1,-0.01,-1,-1,-0.01,-1,-1,-0.01,-1,-1,-0.01,-1,-1,-0.01,-1,-1,-0.01,-1,-1,-0.01,-1,-1,-0.01,-1,-1
99926009,2026-05-18 15:23:53+05:30,53533.15,0,0.0,0,0.0,0.0,53282.15,53667.55,52783.45,53710.35,0,0.0,0.0,0.0,0.0,-0.01,-1,-1,-0.01,-1,-1,-0.01,-1,-1,-0.01,-1,-1,-0.01,-1,-1,-0.01,-1,-1,-0.01,-1,-1,-0.01,-1,-1,-0.01,-1,-1,-0.01,-1,-1
99926009,2026-05-18 15:23:53+05:30,53535.3,0,0.0,0,0.0,0.0,53282.15,53667.55,52783.45,53710.35,0,0.0,0.0,0.0,0.0,-0.01,-1,-1,-0.01,-1,-1,-0.01,-1,-1,-0.01,-1,-1,-0.01,-1,-1,-0.01,-1,-1,-0.01,-1,-1,-0.01,-1,-1,-0.01,-1,-1,-0.01,-1,-1
99926009,2026-05-18 15:23:54+05:30,53535.3,0,0.0,0,0.0,0.0,53282.15,53667.55,52783.45,53710.35,0,0.0,0.0,0.0,0.0,-0.01,-1,-1,-0.01,-1,-1,-0.01,-1,-1,-0.01,-1,-1,-0.01,-1,-1,-0.01,-1,-1,-0.01,-1,-1,-0.01,-1,-1,-0.01,-1,-1,-0.01,-1,-1
99926009,2026-05-18 15:23:54+05:30,53534.85,0,0.0,0,0.0,0.0,53282.15,53667.55,52783.45,53710.35,0,0.0,0.0,0.0,0.0,-0.01,-1,-1,-0.01,-1,-1,-0.01,-1,-1,-0.01,-1,-1,-0.01,-1,-1,-0.01,-1,-1,-0.01,-1,-1,-0.01,-1,-1,-0.01,-1,-1,-0.01,-1,-1
99926009,2026-05-18 15:23:54+05:30,53532.5,0,0.0,0,0.0,0.0,53282.15,53667.55,52783.45,53710.35,0,0.0,0.0,0.0,0.0,-0.01,-1,-1,-0.01,-1,-1,-0.01,-1,-1,-0.01,-1,-1,-0.01,-1,-1,-0.01,-1,-1,-0.01,-1,-1,-0.01,-1,-1,-0.01,-1,-1,-0.01,-1,-1
99926009,2026-05-18 15:23:55+05:30,53532.5,0,0.0,0,0.0,0.0,53282.15,53667.55,52783.45,53710.35,0,0.0,0.0,0.0,0.0,-0.01,-1,-1,-0.01,-1,-1,-0.01,-1,-1,-0.01,-1,-1,-0.01,-1,-1,-0.01,-1,-1,-0.01,-1,-1,-0.01,-1,-1,-0.01,-1,-1,-0.01,-1,-1
99926009,2026-05-18 15:23:55+05:30,53532.55,0,0.0,0,0.0,0.0,53282.15,53667.55,52783.45,53710.35,0,0.0,0.0,0.0,0.0,-0.01,-1,-1,-0.01,-1,-1,-0.01,-1,-1,-0.01,-1,-1,-0.01,-1,-1,-0.01,-1,-1,-0.01,-1,-1,-0.01,-1,-1,-0.01,-1,-1,-0.01,-1,-1
99926009,2026-05-18 15:23:55+05:30,53535.5,0,0.0,0,0.0,0.0,53282.15,53667.55,52783.45,53710.35,0,0.0,0.0,0.0,0.0,-0.01,-1,-1,-0.01,-1,-1,-0.01,-1,-1,-0.01,-1,-1,-0.01,-1,-1,-0.01,-1,-1,-0.01,-1,-1,-0.01,-1,-1,-0.01,-1,-1,-0.01,-1,-1
99926009,2026-05-18 15:23:56+05:30,53535.5,0,0.0,0,0.0,0.0,53282.15,53667.55,52783.45,53710.35,0,0.0,0.0,0.0,0.0,-0.01,-1,-1,-0.01,-1,-1,-0.01,-1,-1,-0.01,-1,-1,-0.01,-1,-1,-0.01,-1,-1,-0.01,-1,-1,-0.01,-1,-1,-0.01,-1,-1,-0.01,-1,-1
99926009,2026-05-18 15:23:56+05:30,53538.85,0,0.0,0,0.0,0.0,53282.15,53667.55,52783.45,53710.35,0,0.0,0.0,0.0,0.0,-0.01,-1,-1,-0.01,-1,-1,-0.01,-1,-1,-0.01,-1,-1,-0.01,-1,-1,-0.01,-1,-1,-0.01,-1,-1,-0.01,-1,-1,-0.01,-1,-1,-0.01,-1,-1
99926009,2026-05-18 15:23:56+05:30,53536.85,0,0.0,0,0.0,0.0,53282.15,53667.55,52783.45,53710.35,0,0.0,0.0,0.0,0.0,-0.01,-1,-1,-0.01,-1,-1,-0.01,-1,-1,-0.01,-1,-1,-0.01,-1,-1,-0.01,-1,-1,-0.01,-1,-1,-0.01,-1,-1,-0.01,-1,-1,-0.01,-1,-1
99926009,2026-05-18 15:23:57+05:30,53536.85,0,0.0,0,0.0,0.0,53282.15,53667.55,52783.45,53710.35,0,0.0,0.0,0.0,0.0,-0.01,-1,-1,-0.01,-1,-1,-0.01,-1,-1,-0.01,-1,-1,-0.01,-1,-1,-0.01,-1,-1,-0.01,-1,-1,-0.01,-1,-1,-0.01,-1,-1,-0.01,-1,-1
99926009,2026-05-18 15:23:57+05:30,53540.5,0,0.0,0,0.0,0.0,53282.15,53667.55,52783.45,53710.35,0,0.0,0.0,0.0,0.0,-0.01,-1,-1,-0.01,-1,-1,-0.01,-1,-1,-0.01,-1,-1,-0.01,-1,-1,-0.01,-1,-1,-0.01,-1,-1,-0.01,-1,-1,-0.01,-1,-1,-0.01,-1,-1
99926009,2026-05-18 15:23:57+05:30,53539.1,0,0.0,0,0.0,0.0,53282.15,53667.55,52783.45,53710.35,0,0.0,0.0,0.0,0.0,-0.01,-1,-1,-0.01,-1,-1,-0.01,-1,-1,-0.01,-1,-1,-0.01,-1,-1,-0.01,-1,-1,-0.01,-1,-1,-0.01,-1,-1,-0.01,-1,-1,-0.01,-1,-1
99926009,2026-05-18 15:23:58+05:30,53539.1,0,0.0,0,0.0,0.0,53282.15,53667.55,52783.45,53710.35,0,0.0,0.0,0.0,0.0,-0.01,-1,-1,-0.01,-1,-1,-0.01,-1,-1,-0.01,-1,-1,-0.01,-1,-1,-0.01,-1,-1,-0.01,-1,-1,-0.01,-1,-1,-0.01,-1,-1,-0.01,-1,-1
99926009,2026-05-18 15:23:58+05:30,53537.9,0,0.0,0,0.0,0.0,53282.15,53667.55,52783.45,53710.35,0,0.0,0.0,0.0,0.0,-0.01,-1,-1,-0.01,-1,-1,-0.01,-1,-1,-0.01,-1,-1,-0.01,-1,-1,-0.01,-1,-1,-0.01,-1,-1,-0.01,-1,-1,-0.01,-1,-1,-0.01,-1,-1
99926009,2026-05-18 15:23:58+05:30,53536.2,0,0.0,0,0.0,0.0,53282.15,53667.55,52783.45,53710.35,0,0.0,0.0,0.0,0.0,-0.01,-1,-1,-0.01,-1,-1,-0.01,-1,-1,-0.01,-1,-1,-0.01,-1,-1,-0.01,-1,-1,-0.01,-1,-1,-0.01,-1,-1,-0.01,-1,-1,-0.01,-1,-1
99926009,2026-05-18 15:23:59+05:30,53536.2,0,0.0,0,0.0,0.0,53282.15,53667.55,52783.45,53710.35,0,0.0,0.0,0.0,0.0,-0.01,-1,-1,-0.01,-1,-1,-0.01,-1,-1,-0.01,-1,-1,-0.01,-1,-1,-0.01,-1,-1,-0.01,-1,-1,-0.01,-1,-1,-0.01,-1,-1,-0.01,-1,-1
99926009,2026-05-18 15:23:59+05:30,53534.05,0,0.0,0,0.0,0.0,53282.15,53667.55,52783.45,53710.35,0,0.0,0.0,0.0,0.0,-0.01,-1,-1,-0.01,-1,-1,-0.01,-1,-1,-0.01,-1,-1,-0.01,-1,-1,-0.01,-1,-1,-0.01,-1,-1,-0.01,-1,-1,-0.01,-1,-1,-0.01,-1,-1
99926009,2026-05-18 15:23:59+05:30,53536.5,0,0.0,0,0.0,0.0,53282.15,53667.55,52783.45,53710.35,0,0.0,0.0,0.0,0.0,-0.01,-1,-1,-0.01,-1,-1,-0.01,-1,-1,-0.01,-1,-1,-0.01,-1,-1,-0.01,-1,-1,-0.01,-1,-1,-0.01,-1,-1,-0.01,-1,-1,-0.01,-1,-1
99926009,2026-05-18 15:24:00+05:30,53536.5,0,0.0,0,0.0,0.0,53282.15,53667.55,52783.45,53710.35,0,0.0,0.0,0.0,0.0,-0.01,-1,-1,-0.01,-1,-1,-0.01,-1,-1,-0.01,-1,-1,-0.01,-1,-1,-0.01,-1,-1,-0.01,-1,-1,-0.01,-1,-1,-0.01,-1,-1,-0.01,-1,-1
99926009,2026-05-18 15:24:00+05:30,53537.45,0,0.0,0,0.0,0.0,53282.15,53667.55,52783.45,53710.35,0,0.0,0.0,0.0,0.0,-0.01,-1,-1,-0.01,-1,-1,-0.01,-1,-1,-0.01,-1,-1,-0.01,-1,-1,-0.01,-1,-1,-0.01,-1,-1,-0.01,-1,-1,-0.01,-1,-1,-0.01,-1,-1
99926009,2026-05-18 15:24:00+05:30,53539.85,0,0.0,0,0.0,0.0,53282.15,53667.55,52783.45,53710.35,0,0.0,0.0,0.0,0.0,-0.01,-1,-1,-0.01,-1,-1,-0.01,-1,-1,-0.01,-1,-1,-0.01,-1,-1,-0.01,-1,-1,-0.01,-1,-1,-0.01,-1,-1,-0.01,-1,-1,-0.01,-1,-1
99926009,2026-05-18 15:24:01+05:30,53539.85,0,0.0,0,0.0,0.0,53282.15,53667.55,52783.45,53710.35,0,0.0,0.0,0.0,0.0,-0.01,-1,-1,-0.01,-1,-1,-0.01,-1,-1,-0.01,-1,-1,-0.01,-1,-1,-0.01,-1,-1,-0.01,-1,-1,-0.01,-1,-1,-0.01,-1,-1,-0.01,-1,-1
99926009,2026-05-18 15:24:01+05:30,53541.8,0,0.0,0,0.0,0.0,53282.15,53667.55,52783.45,53710.35,0,0.0,0.0,0.0,0.0,-0.01,-1,-1,-0.01,-1,-1,-0.01,-1,-1,-0.01,-1,-1,-0.01,-1,-1,-0.01,-1,-1,-0.01,-1,-1,-0.01,-1,-1,-0.01,-1,-1,-0.01,-1,-1
99926009,2026-05-18 15:24:01+05:30,53536.55,0,0.0,0,0.0,0.0,53282.15,53667.55,52783.45,53710.35,0,0.0,0.0,0.0,0.0,-0.01,-1,-1,-0.01,-1,-1,-0.01,-1,-1,-0.01,-1,-1,-0.01,-1,-1,-0.01,-1,-1,-0.01,-1,-1,-0.01,-1,-1,-0.01,-1,-1,-0.01,-1,-1
99926009,2026-05-18 15:24:02+05:30,53536.55,0,0.0,0,0.0,0.0,53282.15,53667.55,52783.45,53710.35,0,0.0,0.0,0.0,0.0,-0.01,-1,-1,-0.01,-1,-1,-0.01,-1,-1,-0.01,-1,-1,-0.01,-1,-1,-0.01,-1,-1,-0.01,-1,-1,-0.01,-1,-1,-0.01,-1,-1,-0.01,-1,-1
99926009,2026-05-18 15:24:02+05:30,53538.75,0,0.0,0,0.0,0.0,53282.15,53667.55,52783.45,53710.35,0,0.0,0.0,0.0,0.0,-0.01,-1,-1,-0.01,-1,-1,-0.01,-1,-1,-0.01,-1,-1,-0.01,-1,-1,-0.01,-1,-1,-0.01,-1,-1,-0.01,-1,-1,-0.01,-1,-1,-0.01,-1,-1
99926009,2026-05-18 15:24:02+05:30,53537.55,0,0.0,0,0.0,0.0,53282.15,53667.55,52783.45,53710.35,0,0.0,0.0,0.0,0.0,-0.01,-1,-1,-0.01,-1,-1,-0.01,-1,-1,-0.01,-1,-1,-0.01,-1,-1,-0.01,-1,-1,-0.01,-1,-1,-0.01,-1,-1,-0.01,-1,-1,-0.01,-1,-1
99926009,2026-05-18 15:24:03+05:30,53537.55,0,0.0,0,0.0,0.0,53282.15,53667.55,52783.45,53710.35,0,0.0,0.0,0.0,0.0,-0.01,-1,-1,-0.01,-1,-1,-0.01,-1,-1,-0.01,-1,-1,-0.01,-1,-1,-0.01,-1,-1,-0.01,-1,-1,-0.01,-1,-1,-0.01,-1,-1,-0.01,-1,-1
99926009,2026-05-18 15:24:03+05:30,53536.9,0,0.0,0,0.0,0.0,53282.15,53667.55,52783.45,53710.35,0,0.0,0.0,0.0,0.0,-0.01,-1,-1,-0.01,-1,-1,-0.01,-1,-1,-0.01,-1,-1,-0.01,-1,-1,-0.01,-1,-1,-0.01,-1,-1,-0.01,-1,-1,-0.01,-1,-1,-0.01,-1,-1
99926009,2026-05-18 15:24:03+05:30,53539.95,0,0.0,0,0.0,0.0,53282.15,53667.55,52783.45,53710.35,0,0.0,0.0,0.0,0.0,-0.01,-1,-1,-0.01,-1,-1,-0.01,-1,-1,-0.01,-1,-1,-0.01,-1,-1,-0.01,-1,-1,-0.01,-1,-1,-0.01,-1,-1,-0.01,-1,-1,-0.01,-1,-1
99926009,2026-05-18 15:24:04+05:30,53539.95,0,0.0,0,0.0,0.0,53282.15,53667.55,52783.45,53710.35,0,0.0,0.0,0.0,0.0,-0.01,-1,-1,-0.01,-1,-1,-0.01,-1,-1,-0.01,-1,-1,-0.01,-1,-1,-0.01,-1,-1,-0.01,-1,-1,-0.01,-1,-1,-0.01,-1,-1,-0.01,-1,-1
99926009,2026-05-18 15:24:04+05:30,53535.5,0,0.0,0,0.0,0.0,53282.15,53667.55,52783.45,53710.35,0,0.0,0.0,0.0,0.0,-0.01,-1,-1,-0.01,-1,-1,-0.01,-1,-1,-0.01,-1,-1,-0.01,-1,-1,-0.01,-1,-1,-0.01,-1,-1,-0.01,-1,-1,-0.01,-1,-1,-0.01,-1,-1
99926009,2026-05-18 15:24:04+05:30,53536.95,0,0.0,0,0.0,0.0,53282.15,53667.55,52783.45,53710.35,0,0.0,0.0,0.0,0.0,-0.01,-1,-1,-0.01,-1,-1,-0.01,-1,-1,-0.01,-1,-1,-0.01,-1,-1,-0.01,-1,-1,-0.01,-1,-1,-0.01,-1,-1,-0.01,-1,-1,-0.01,-1,-1
99926009,2026-05-18 15:24:05+05:30,53536.95,0,0.0,0,0.0,0.0,53282.15,53667.55,52783.45,53710.35,0,0.0,0.0,0.0,0.0,-0.01,-1,-1,-0.01,-1,-1,-0.01,-1,-1,-0.01,-1,-1,-0.01,-1,-1,-0.01,-1,-1,-0.01,-1,-1,-0.01,-1,-1,-0.01,-1,-1,-0.01,-1,-1
99926009,2026-05-18 15:24:05+05:30,53532.65,0,0.0,0,0.0,0.0,53282.15,53667.55,52783.45,53710.35,0,0.0,0.0,0.0,0.0,-0.01,-1,-1,-0.01,-1,-1,-0.01,-1,-1,-0.01,-1,-1,-0.01,-1,-1,-0.01,-1,-1,-0.01,-1,-1,-0.01,-1,-1,-0.01,-1,-1,-0.01,-1,-1
99926009,2026-05-18 15:24:05+05:30,53535.05,0,0.0,0,0.0,0.0,53282.15,53667.55,52783.45,53710.35,0,0.0,0.0,0.0,0.0,-0.01,-1,-1,-0.01,-1,-1,-0.01,-1,-1,-0.01,-1,-1,-0.01,-1,-1,-0.01,-1,-1,-0.01,-1,-1,-0.01,-1,-1,-0.01,-1,-1,-0.01,-1,-1
99926009,2026-05-18 15:24:06+05:30,53535.05,0,0.0,0,0.0,0.0,53282.15,53667.55,52783.45,53710.35,0,0.0,0.0,0.0,0.0,-0.01,-1,-1,-0.01,-1,-1,-0.01,-1,-1,-0.01,-1,-1,-0.01,-1,-1,-0.01,-1,-1,-0.01,-1,-1,-0.01,-1,-1,-0.01,-1,-1,-0.01,-1,-1
99926009,2026-05-18 15:24:06+05:30,53530.3,0,0.0,0,0.0,0.0,53282.15,53667.55,52783.45,53710.35,0,0.0,0.0,0.0,0.0,-0.01,-1,-1,-0.01,-1,-1,-0.01,-1,-1,-0.01,-1,-1,-0.01,-1,-1,-0.01,-1,-1,-0.01,-1,-1,-0.01,-1,-1,-0.01,-1,-1,-0.01,-1,-1
99926009,2026-05-18 15:24:06+05:30,53534.05,0,0.0,0,0.0,0.0,53282.15,53667.55,52783.45,53710.35,0,0.0,0.0,0.0,0.0,-0.01,-1,-1,-0.01,-1,-1,-0.01,-1,-1,-0.01,-1,-1,-0.01,-1,-1,-0.01,-1,-1,-0.01,-1,-1,-0.01,-1,-1,-0.01,-1,-1,-0.01,-1,-1
99926009,2026-05-18 15:24:07+05:30,53534.05,0,0.0,0,0.0,0.0,53282.15,53667.55,52783.45,53710.35,0,0.0,0.0,0.0,0.0,-0.01,-1,-1,-0.01,-1,-1,-0.01,-1,-1,-0.01,-1,-1,-0.01,-1,-1,-0.01,-1,-1,-0.01,-1,-1,-0.01,-1,-1,-0.01,-1,-1,-0.01,-1,-1
99926009,2026-05-18 15:24:07+05:30,53531.8,0,0.0,0,0.0,0.0,53282.15,53667.55,52783.45,53710.35,0,0.0,0.0,0.0,0.0,-0.01,-1,-1,-0.01,-1,-1,-0.01,-1,-1,-0.01,-1,-1,-0.01,-1,-1,-0.01,-1,-1,-0.01,-1,-1,-0.01,-1,-1,-0.01,-1,-1,-0.01,-1,-1
99926009,2026-05-18 15:24:07+05:30,53534.25,0,0.0,0,0.0,0.0,53282.15,53667.55,52783.45,53710.35,0,0.0,0.0,0.0,0.0,-0.01,-1,-1,-0.01,-1,-1,-0.01,-1,-1,-0.01,-1,-1,-0.01,-1,-1,-0.01,-1,-1,-0.01,-1,-1,-0.01,-1,-1,-0.01,-1,-1,-0.01,-1,-1
99926009,2026-05-18 15:24:08+05:30,53534.25,0,0.0,0,0.0,0.0,53282.15,53667.55,52783.45,53710.35,0,0.0,0.0,0.0,0.0,-0.01,-1,-1,-0.01,-1,-1,-0.01,-1,-1,-0.01,-1,-1,-0.01,-1,-1,-0.01,-1,-1,-0.01,-1,-1,-0.01,-1,-1,-0.01,-1,-1,-0.01,-1,-1
99926009,2026-05-18 15:24:08+05:30,53534.25,0,0.0,0,0.0,0.0,53282.15,53667.55,52783.45,53710.35,0,0.0,0.0,0.0,0.0,-0.01,-1,-1,-0.01,-1,-1,-0.01,-1,-1,-0.01,-1,-1,-0.01,-1,-1,-0.01,-1,-1,-0.01,-1,-1,-0.01,-1,-1,-0.01,-1,-1,-0.01,-1,-1
99926009,2026-05-18 15:24:08+05:30,53536.05,0,0.0,0,0.0,0.0,53282.15,53667.55,52783.45,53710.35,0,0.0,0.0,0.0,0.0,-0.01,-1,-1,-0.01,-1,-1,-0.01,-1,-1,-0.01,-1,-1,-0.01,-1,-1,-0.01,-1,-1,-0.01,-1,-1,-0.01,-1,-1,-0.01,-1,-1,-0.01,-1,-1
99926009,2026-05-18 15:24:09+05:30,53536.05,0,0.0,0,0.0,0.0,53282.15,53667.55,52783.45,53710.35,0,0.0,0.0,0.0,0.0,-0.01,-1,-1,-0.01,-1,-1,-0.01,-1,-1,-0.01,-1,-1,-0.01,-1,-1,-0.01,-1,-1,-0.01,-1,-1,-0.01,-1,-1,-0.01,-1,-1,-0.01,-1,-1
99926009,2026-05-18 15:24:09+05:30,53535.1,0,0.0,0,0.0,0.0,53282.15,53667.55,52783.45,53710.35,0,0.0,0.0,0.0,0.0,-0.01,-1,-1,-0.01,-1,-1,-0.01,-1,-1,-0.01,-1,-1,-0.01,-1,-1,-0.01,-1,-1,-0.01,-1,-1,-0.01,-1,-1,-0.01,-1,-1,-0.01,-1,-1
99926009,2026-05-18 15:24:09+05:30,53534.4,0,0.0,0,0.0,0.0,53282.15,53667.55,52783.45,53710.35,0,0.0,0.0,0.0,0.0,-0.01,-1,-1,-0.01,-1,-1,-0.01,-1,-1,-0.01,-1,-1,-0.01,-1,-1,-0.01,-1,-1,-0.01,-1,-1,-0.01,-1,-1,-0.01,-1,-1,-0.01,-1,-1
99926009,2026-05-18 15:24:10+05:30,53534.4,0,0.0,0,0.0,0.0,53282.15,53667.55,52783.45,53710.35,0,0.0,0.0,0.0,0.0,-0.01,-1,-1,-0.01,-1,-1,-0.01,-1,-1,-0.01,-1,-1,-0.01,-1,-1,-0.01,-1,-1,-0.01,-1,-1,-0.01,-1,-1,-0.01,-1,-1,-0.01,-1,-1
99926009,2026-05-18 15:24:10+05:30,53531.1,0,0.0,0,0.0,0.0,53282.15,53667.55,52783.45,53710.35,0,0.0,0.0,0.0,0.0,-0.01,-1,-1,-0.01,-1,-1,-0.01,-1,-1,-0.01,-1,-1,-0.01,-1,-1,-0.01,-1,-1,-0.01,-1,-1,-0.01,-1,-1,-0.01,-1,-1,-0.01,-1,-1
99926009,2026-05-18 15:24:10+05:30,53532.25,0,0.0,0,0.0,0.0,53282.15,53667.55,52783.45,53710.35,0,0.0,0.0,0.0,0.0,-0.01,-1,-1,-0.01,-1,-1,-0.01,-1,-1,-0.01,-1,-1,-0.01,-1,-1,-0.01,-1,-1,-0.01,-1,-1,-0.01,-1,-1,-0.01,-1,-1,-0.01,-1,-1
99926009,2026-05-18 15:24:11+05:30,53532.25,0,0.0,0,0.0,0.0,53282.15,53667.55,52783.45,53710.35,0,0.0,0.0,0.0,0.0,-0.01,-1,-1,-0.01,-1,-1,-0.01,-1,-1,-0.01,-1,-1,-0.01,-1,-1,-0.01,-1,-1,-0.01,-1,-1,-0.01,-1,-1,-0.01,-1,-1,-0.01,-1,-1
99926009,2026-05-18 15:24:11+05:30,53532.05,0,0.0,0,0.0,0.0,53282.15,53667.55,52783.45,53710.35,0,0.0,0.0,0.0,0.0,-0.01,-1,-1,-0.01,-1,-1,-0.01,-1,-1,-0.01,-1,-1,-0.01,-1,-1,-0.01,-1,-1,-0.01,-1,-1,-0.01,-1,-1,-0.01,-1,-1,-0.01,-1,-1
99926009,2026-05-18 15:24:11+05:30,53531.6,0,0.0,0,0.0,0.0,53282.15,53667.55,52783.45,53710.35,0,0.0,0.0,0.0,0.0,-0.01,-1,-1,-0.01,-1,-1,-0.01,-1,-1,-0.01,-1,-1,-0.01,-1,-1,-0.01,-1,-1,-0.01,-1,-1,-0.01,-1,-1,-0.01,-1,-1,-0.01,-1,-1
99926009,2026-05-18 15:24:12+05:30,53531.6,0,0.0,0,0.0,0.0,53282.15,53667.55,52783.45,53710.35,0,0.0,0.0,0.0,0.0,-0.01,-1,-1,-0.01,-1,-1,-0.01,-1,-1,-0.01,-1,-1,-0.01,-1,-1,-0.01,-1,-1,-0.01,-1,-1,-0.01,-1,-1,-0.01,-1,-1,-0.01,-1,-1
99926009,2026-05-18 15:24:12+05:30,53531.25,0,0.0,0,0.0,0.0,53282.15,53667.55,52783.45,53710.35,0,0.0,0.0,0.0,0.0,-0.01,-1,-1,-0.01,-1,-1,-0.01,-1,-1,-0.01,-1,-1,-0.01,-1,-1,-0.01,-1,-1,-0.01,-1,-1,-0.01,-1,-1,-0.01,-1,-1,-0.01,-1,-1
99926009,2026-05-18 15:24:12+05:30,53530.05,0,0.0,0,0.0,0.0,53282.15,53667.55,52783.45,53710.35,0,0.0,0.0,0.0,0.0,-0.01,-1,-1,-0.01,-1,-1,-0.01,-1,-1,-0.01,-1,-1,-0.01,-1,-1,-0.01,-1,-1,-0.01,-1,-1,-0.01,-1,-1,-0.01,-1,-1,-0.01,-1,-1
99926009,2026-05-18 15:24:13+05:30,53530.05,0,0.0,0,0.0,0.0,53282.15,53667.55,52783.45,53710.35,0,0.0,0.0,0.0,0.0,-0.01,-1,-1,-0.01,-1,-1,-0.01,-1,-1,-0.01,-1,-1,-0.01,-1,-1,-0.01,-1,-1,-0.01,-1,-1,-0.01,-1,-1,-0.01,-1,-1,-0.01,-1,-1
99926009,2026-05-18 15:24:13+05:30,53532.65,0,0.0,0,0.0,0.0,53282.15,53667.55,52783.45,53710.35,0,0.0,0.0,0.0,0.0,-0.01,-1,-1,-0.01,-1,-1,-0.01,-1,-1,-0.01,-1,-1,-0.01,-1,-1,-0.01,-1,-1,-0.01,-1,-1,-0.01,-1,-1,-0.01,-1,-1,-0.01,-1,-1
99926009,2026-05-18 15:24:13+05:30,53533.6,0,0.0,0,0.0,0.0,53282.15,53667.55,52783.45,53710.35,0,0.0,0.0,0.0,0.0,-0.01,-1,-1,-0.01,-1,-1,-0.01,-1,-1,-0.01,-1,-1,-0.01,-1,-1,-0.01,-1,-1,-0.01,-1,-1,-0.01,-1,-1,-0.01,-1,-1,-0.01,-1,-1
99926009,2026-05-18 15:24:14+05:30,53533.6,0,0.0,0,0.0,0.0,53282.15,53667.55,52783.45,53710.35,0,0.0,0.0,0.0,0.0,-0.01,-1,-1,-0.01,-1,-1,-0.01,-1,-1,-0.01,-1,-1,-0.01,-1,-1,-0.01,-1,-1,-0.01,-1,-1,-0.01,-1,-1,-0.01,-1,-1,-0.01,-1,-1
99926009,2026-05-18 15:24:14+05:30,53532.7,0,0.0,0,0.0,0.0,53282.15,53667.55,52783.45,53710.35,0,0.0,0.0,0.0,0.0,-0.01,-1,-1,-0.01,-1,-1,-0.01,-1,-1,-0.01,-1,-1,-0.01,-1,-1,-0.01,-1,-1,-0.01,-1,-1,-0.01,-1,-1,-0.01,-1,-1,-0.01,-1,-1
99926009,2026-05-18 15:24:14+05:30,53527.25,0,0.0,0,0.0,0.0,53282.15,53667.55,52783.45,53710.35,0,0.0,0.0,0.0,0.0,-0.01,-1,-1,-0.01,-1,-1,-0.01,-1,-1,-0.01,-1,-1,-0.01,-1,-1,-0.01,-1,-1,-0.01,-1,-1,-0.01,-1,-1,-0.01,-1,-1,-0.01,-1,-1
99926009,2026-05-18 15:24:15+05:30,53527.25,0,0.0,0,0.0,0.0,53282.15,53667.55,52783.45,53710.35,0,0.0,0.0,0.0,0.0,-0.01,-1,-1,-0.01,-1,-1,-0.01,-1,-1,-0.01,-1,-1,-0.01,-1,-1,-0.01,-1,-1,-0.01,-1,-1,-0.01,-1,-1,-0.01,-1,-1,-0.01,-1,-1
99926009,2026-05-18 15:24:15+05:30,53530.7,0,0.0,0,0.0,0.0,53282.15,53667.55,52783.45,53710.35,0,0.0,0.0,0.0,0.0,-0.01,-1,-1,-0.01,-1,-1,-0.01,-1,-1,-0.01,-1,-1,-0.01,-1,-1,-0.01,-1,-1,-0.01,-1,-1,-0.01,-1,-1,-0.01,-1,-1,-0.01,-1,-1
99926009,2026-05-18 15:24:15+05:30,53530.6,0,0.0,0,0.0,0.0,53282.15,53667.55,52783.45,53710.35,0,0.0,0.0,0.0,0.0,-0.01,-1,-1,-0.01,-1,-1,-0.01,-1,-1,-0.01,-1,-1,-0.01,-1,-1,-0.01,-1,-1,-0.01,-1,-1,-0.01,-1,-1,-0.01,-1,-1,-0.01,-1,-1
99926009,2026-05-18 15:24:16+05:30,53530.6,0,0.0,0,0.0,0.0,53282.15,53667.55,52783.45,53710.35,0,0.0,0.0,0.0,0.0,-0.01,-1,-1,-0.01,-1,-1,-0.01,-1,-1,-0.01,-1,-1,-0.01,-1,-1,-0.01,-1,-1,-0.01,-1,-1,-0.01,-1,-1,-0.01,-1,-1,-0.01,-1,-1
99926009,2026-05-18 15:24:16+05:30,53530.4,0,0.0,0,0.0,0.0,53282.15,53667.55,52783.45,53710.35,0,0.0,0.0,0.0,0.0,-0.01,-1,-1,-0.01,-1,-1,-0.01,-1,-1,-0.01,-1,-1,-0.01,-1,-1,-0.01,-1,-1,-0.01,-1,-1,-0.01,-1,-1,-0.01,-1,-1,-0.01,-1,-1
99926009,2026-05-18 15:24:16+05:30,53530.4,0,0.0,0,0.0,0.0,53282.15,53667.55,52783.45,53710.35,0,0.0,0.0,0.0,0.0,-0.01,-1,-1,-0.01,-1,-1,-0.01,-1,-1,-0.01,-1,-1,-0.01,-1,-1,-0.01,-1,-1,-0.01,-1,-1,-0.01,-1,-1,-0.01,-1,-1,-0.01,-1,-1
99926009,2026-05-18 15:24:17+05:30,53530.4,0,0.0,0,0.0,0.0,53282.15,53667.55,52783.45,53710.35,0,0.0,0.0,0.0,0.0,-0.01,-1,-1,-0.01,-1,-1,-0.01,-1,-1,-0.01,-1,-1,-0.01,-1,-1,-0.01,-1,-1,-0.01,-1,-1,-0.01,-1,-1,-0.01,-1,-1,-0.01,-1,-1
99926009,2026-05-18 15:24:17+05:30,53528.1,0,0.0,0,0.0,0.0,53282.15,53667.55,52783.45,53710.35,0,0.0,0.0,0.0,0.0,-0.01,-1,-1,-0.01,-1,-1,-0.01,-1,-1,-0.01,-1,-1,-0.01,-1,-1,-0.01,-1,-1,-0.01,-1,-1,-0.01,-1,-1,-0.01,-1,-1,-0.01,-1,-1
99926009,2026-05-18 15:24:17+05:30,53529.25,0,0.0,0,0.0,0.0,53282.15,53667.55,52783.45,53710.35,0,0.0,0.0,0.0,0.0,-0.01,-1,-1,-0.01,-1,-1,-0.01,-1,-1,-0.01,-1,-1,-0.01,-1,-1,-0.01,-1,-1,-0.01,-1,-1,-0.01,-1,-1,-0.01,-1,-1,-0.01,-1,-1
99926009,2026-05-18 15:24:18+05:30,53529.25,0,0.0,0,0.0,0.0,53282.15,53667.55,52783.45,53710.35,0,0.0,0.0,0.0,0.0,-0.01,-1,-1,-0.01,-1,-1,-0.01,-1,-1,-0.01,-1,-1,-0.01,-1,-1,-0.01,-1,-1,-0.01,-1,-1,-0.01,-1,-1,-0.01,-1,-1,-0.01,-1,-1
99926009,2026-05-18 15:24:18+05:30,53527.2,0,0.0,0,0.0,0.0,53282.15,53667.55,52783.45,53710.35,0,0.0,0.0,0.0,0.0,-0.01,-1,-1,-0.01,-1,-1,-0.01,-1,-1,-0.01,-1,-1,-0.01,-1,-1,-0.01,-1,-1,-0.01,-1,-1,-0.01,-1,-1,-0.01,-1,-1,-0.01,-1,-1
99926009,2026-05-18 15:24:18+05:30,53525.55,0,0.0,0,0.0,0.0,53282.15,53667.55,52783.45,53710.35,0,0.0,0.0,0.0,0.0,-0.01,-1,-1,-0.01,-1,-1,-0.01,-1,-1,-0.01,-1,-1,-0.01,-1,-1,-0.01,-1,-1,-0.01,-1,-1,-0.01,-1,-1,-0.01,-1,-1,-0.01,-1,-1
99926009,2026-05-18 15:24:19+05:30,53525.55,0,0.0,0,0.0,0.0,53282.15,53667.55,52783.45,53710.35,0,0.0,0.0,0.0,0.0,-0.01,-1,-1,-0.01,-1,-1,-0.01,-1,-1,-0.01,-1,-1,-0.01,-1,-1,-0.01,-1,-1,-0.01,-1,-1,-0.01,-1,-1,-0.01,-1,-1,-0.01,-1,-1
99926009,2026-05-18 15:24:19+05:30,53525.9,0,0.0,0,0.0,0.0,53282.15,53667.55,52783.45,53710.35,0,0.0,0.0,0.0,0.0,-0.01,-1,-1,-0.01,-1,-1,-0.01,-1,-1,-0.01,-1,-1,-0.01,-1,-1,-0.01,-1,-1,-0.01,-1,-1,-0.01,-1,-1,-0.01,-1,-1,-0.01,-1,-1
99926009,2026-05-18 15:24:19+05:30,53526.15,0,0.0,0,0.0,0.0,53282.15,53667.55,52783.45,53710.35,0,0.0,0.0,0.0,0.0,-0.01,-1,-1,-0.01,-1,-1,-0.01,-1,-1,-0.01,-1,-1,-0.01,-1,-1,-0.01,-1,-1,-0.01,-1,-1,-0.01,-1,-1,-0.01,-1,-1,-0.01,-1,-1
99926009,2026-05-18 15:24:20+05:30,53526.15,0,0.0,0,0.0,0.0,53282.15,53667.55,52783.45,53710.35,0,0.0,0.0,0.0,0.0,-0.01,-1,-1,-0.01,-1,-1,-0.01,-1,-1,-0.01,-1,-1,-0.01,-1,-1,-0.01,-1,-1,-0.01,-1,-1,-0.01,-1,-1,-0.01,-1,-1,-0.01,-1,-1
99926009,2026-05-18 15:24:20+05:30,53526.15,0,0.0,0,0.0,0.0,53282.15,53667.55,52783.45,53710.35,0,0.0,0.0,0.0,0.0,-0.01,-1,-1,-0.01,-1,-1,-0.01,-1,-1,-0.01,-1,-1,-0.01,-1,-1,-0.01,-1,-1,-0.01,-1,-1,-0.01,-1,-1,-0.01,-1,-1,-0.01,-1,-1
99926009,2026-05-18 15:24:20+05:30,53529.4,0,0.0,0,0.0,0.0,53282.15,53667.55,52783.45,53710.35,0,0.0,0.0,0.0,0.0,-0.01,-1,-1,-0.01,-1,-1,-0.01,-1,-1,-0.01,-1,-1,-0.01,-1,-1,-0.01,-1,-1,-0.01,-1,-1,-0.01,-1,-1,-0.01,-1,-1,-0.01,-1,-1
99926009,2026-05-18 15:24:21+05:30,53529.4,0,0.0,0,0.0,0.0,53282.15,53667.55,52783.45,53710.35,0,0.0,0.0,0.0,0.0,-0.01,-1,-1,-0.01,-1,-1,-0.01,-1,-1,-0.01,-1,-1,-0.01,-1,-1,-0.01,-1,-1,-0.01,-1,-1,-0.01,-1,-1,-0.01,-1,-1,-0.01,-1,-1
99926009,2026-05-18 15:24:21+05:30,53529.25,0,0.0,0,0.0,0.0,53282.15,53667.55,52783.45,53710.35,0,0.0,0.0,0.0,0.0,-0.01,-1,-1,-0.01,-1,-1,-0.01,-1,-1,-0.01,-1,-1,-0.01,-1,-1,-0.01,-1,-1,-0.01,-1,-1,-0.01,-1,-1,-0.01,-1,-1,-0.01,-1,-1
99926009,2026-05-18 15:24:21+05:30,53532.25,0,0.0,0,0.0,0.0,53282.15,53667.55,52783.45,53710.35,0,0.0,0.0,0.0,0.0,-0.01,-1,-1,-0.01,-1,-1,-0.01,-1,-1,-0.01,-1,-1,-0.01,-1,-1,-0.01,-1,-1,-0.01,-1,-1,-0.01,-1,-1,-0.01,-1,-1,-0.01,-1,-1
99926009,2026-05-18 15:24:22+05:30,53532.25,0,0.0,0,0.0,0.0,53282.15,53667.55,52783.45,53710.35,0,0.0,0.0,0.0,0.0,-0.01,-1,-1,-0.01,-1,-1,-0.01,-1,-1,-0.01,-1,-1,-0.01,-1,-1,-0.01,-1,-1,-0.01,-1,-1,-0.01,-1,-1,-0.01,-1,-1,-0.01,-1,-1
99926009,2026-05-18 15:24:22+05:30,53528.1,0,0.0,0,0.0,0.0,53282.15,53667.55,52783.45,53710.35,0,0.0,0.0,0.0,0.0,-0.01,-1,-1,-0.01,-1,-1,-0.01,-1,-1,-0.01,-1,-1,-0.01,-1,-1,-0.01,-1,-1,-0.01,-1,-1,-0.01,-1,-1,-0.01,-1,-1,-0.01,-1,-1
99926009,2026-05-18 15:24:22+05:30,53529.2,0,0.0,0,0.0,0.0,53282.15,53667.55,52783.45,53710.35,0,0.0,0.0,0.0,0.0,-0.01,-1,-1,-0.01,-1,-1,-0.01,-1,-1,-0.01,-1,-1,-0.01,-1,-1,-0.01,-1,-1,-0.01,-1,-1,-0.01,-1,-1,-0.01,-1,-1,-0.01,-1,-1
99926009,2026-05-18 15:24:23+05:30,53529.2,0,0.0,0,0.0,0.0,53282.15,53667.55,52783.45,53710.35,0,0.0,0.0,0.0,0.0,-0.01,-1,-1,-0.01,-1,-1,-0.01,-1,-1,-0.01,-1,-1,-0.01,-1,-1,-0.01,-1,-1,-0.01,-1,-1,-0.01,-1,-1,-0.01,-1,-1,-0.01,-1,-1
99926009,2026-05-18 15:24:23+05:30,53526.5,0,0.0,0,0.0,0.0,53282.15,53667.55,52783.45,53710.35,0,0.0,0.0,0.0,0.0,-0.01,-1,-1,-0.01,-1,-1,-0.01,-1,-1,-0.01,-1,-1,-0.01,-1,-1,-0.01,-1,-1,-0.01,-1,-1,-0.01,-1,-1,-0.01,-1,-1,-0.01,-1,-1
99926009,2026-05-18 15:24:23+05:30,53530.2,0,0.0,0,0.0,0.0,53282.15,53667.55,52783.45,53710.35,0,0.0,0.0,0.0,0.0,-0.01,-1,-1,-0.01,-1,-1,-0.01,-1,-1,-0.01,-1,-1,-0.01,-1,-1,-0.01,-1,-1,-0.01,-1,-1,-0.01,-1,-1,-0.01,-1,-1,-0.01,-1,-1
99926009,2026-05-18 15:24:24+05:30,53530.2,0,0.0,0,0.0,0.0,53282.15,53667.55,52783.45,53710.35,0,0.0,0.0,0.0,0.0,-0.01,-1,-1,-0.01,-1,-1,-0.01,-1,-1,-0.01,-1,-1,-0.01,-1,-1,-0.01,-1,-1,-0.01,-1,-1,-0.01,-1,-1,-0.01,-1,-1,-0.01,-1,-1
99926009,2026-05-18 15:24:24+05:30,53528.3,0,0.0,0,0.0,0.0,53282.15,53667.55,52783.45,53710.35,0,0.0,0.0,0.0,0.0,-0.01,-1,-1,-0.01,-1,-1,-0.01,-1,-1,-0.01,-1,-1,-0.01,-1,-1,-0.01,-1,-1,-0.01,-1,-1,-0.01,-1,-1,-0.01,-1,-1,-0.01,-1,-1
99926009,2026-05-18 15:24:24+05:30,53530.75,0,0.0,0,0.0,0.0,53282.15,53667.55,52783.45,53710.35,0,0.0,0.0,0.0,0.0,-0.01,-1,-1,-0.01,-1,-1,-0.01,-1,-1,-0.01,-1,-1,-0.01,-1,-1,-0.01,-1,-1,-0.01,-1,-1,-0.01,-1,-1,-0.01,-1,-1,-0.01,-1,-1
99926009,2026-05-18 15:24:25+05:30,53530.75,0,0.0,0,0.0,0.0,53282.15,53667.55,52783.45,53710.35,0,0.0,0.0,0.0,0.0,-0.01,-1,-1,-0.01,-1,-1,-0.01,-1,-1,-0.01,-1,-1,-0.01,-1,-1,-0.01,-1,-1,-0.01,-1,-1,-0.01,-1,-1,-0.01,-1,-1,-0.01,-1,-1
99926009,2026-05-18 15:24:25+05:30,53528.7,0,0.0,0,0.0,0.0,53282.15,53667.55,52783.45,53710.35,0,0.0,0.0,0.0,0.0,-0.01,-1,-1,-0.01,-1,-1,-0.01,-1,-1,-0.01,-1,-1,-0.01,-1,-1,-0.01,-1,-1,-0.01,-1,-1,-0.01,-1,-1,-0.01,-1,-1,-0.01,-1,-1
99926009,2026-05-18 15:24:25+05:30,53530.15,0,0.0,0,0.0,0.0,53282.15,53667.55,52783.45,53710.35,0,0.0,0.0,0.0,0.0,-0.01,-1,-1,-0.01,-1,-1,-0.01,-1,-1,-0.01,-1,-1,-0.01,-1,-1,-0.01,-1,-1,-0.01,-1,-1,-0.01,-1,-1,-0.01,-1,-1,-0.01,-1,-1
99926009,2026-05-18 15:24:26+05:30,53530.15,0,0.0,0,0.0,0.0,53282.15,53667.55,52783.45,53710.35,0,0.0,0.0,0.0,0.0,-0.01,-1,-1,-0.01,-1,-1,-0.01,-1,-1,-0.01,-1,-1,-0.01,-1,-1,-0.01,-1,-1,-0.01,-1,-1,-0.01,-1,-1,-0.01,-1,-1,-0.01,-1,-1
99926009,2026-05-18 15:24:26+05:30,53528.0,0,0.0,0,0.0,0.0,53282.15,53667.55,52783.45,53710.35,0,0.0,0.0,0.0,0.0,-0.01,-1,-1,-0.01,-1,-1,-0.01,-1,-1,-0.01,-1,-1,-0.01,-1,-1,-0.01,-1,-1,-0.01,-1,-1,-0.01,-1,-1,-0.01,-1,-1,-0.01,-1,-1
99926009,2026-05-18 15:24:26+05:30,53530.7,0,0.0,0,0.0,0.0,53282.15,53667.55,52783.45,53710.35,0,0.0,0.0,0.0,0.0,-0.01,-1,-1,-0.01,-1,-1,-0.01,-1,-1,-0.01,-1,-1,-0.01,-1,-1,-0.01,-1,-1,-0.01,-1,-1,-0.01,-1,-1,-0.01,-1,-1,-0.01,-1,-1
99926009,2026-05-18 15:24:27+05:30,53530.7,0,0.0,0,0.0,0.0,53282.15,53667.55,52783.45,53710.35,0,0.0,0.0,0.0,0.0,-0.01,-1,-1,-0.01,-1,-1,-0.01,-1,-1,-0.01,-1,-1,-0.01,-1,-1,-0.01,-1,-1,-0.01,-1,-1,-0.01,-1,-1,-0.01,-1,-1,-0.01,-1,-1
99926009,2026-05-18 15:24:27+05:30,53526.8,0,0.0,0,0.0,0.0,53282.15,53667.55,52783.45,53710.35,0,0.0,0.0,0.0,0.0,-0.01,-1,-1,-0.01,-1,-1,-0.01,-1,-1,-0.01,-1,-1,-0.01,-1,-1,-0.01,-1,-1,-0.01,-1,-1,-0.01,-1,-1,-0.01,-1,-1,-0.01,-1,-1
99926009,2026-05-18 15:24:27+05:30,53525.75,0,0.0,0,0.0,0.0,53282.15,53667.55,52783.45,53710.35,0,0.0,0.0,0.0,0.0,-0.01,-1,-1,-0.01,-1,-1,-0.01,-1,-1,-0.01,-1,-1,-0.01,-1,-1,-0.01,-1,-1,-0.01,-1,-1,-0.01,-1,-1,-0.01,-1,-1,-0.01,-1,-1
99926009,2026-05-18 15:24:28+05:30,53525.75,0,0.0,0,0.0,0.0,53282.15,53667.55,52783.45,53710.35,0,0.0,0.0,0.0,0.0,-0.01,-1,-1,-0.01,-1,-1,-0.01,-1,-1,-0.01,-1,-1,-0.01,-1,-1,-0.01,-1,-1,-0.01,-1,-1,-0.01,-1,-1,-0.01,-1,-1,-0.01,-1,-1
99926009,2026-05-18 15:24:28+05:30,53529.1,0,0.0,0,0.0,0.0,53282.15,53667.55,52783.45,53710.35,0,0.0,0.0,0.0,0.0,-0.01,-1,-1,-0.01,-1,-1,-0.01,-1,-1,-0.01,-1,-1,-0.01,-1,-1,-0.01,-1,-1,-0.01,-1,-1,-0.01,-1,-1,-0.01,-1,-1,-0.01,-1,-1
99926009,2026-05-18 15:24:28+05:30,53526.95,0,0.0,0,0.0,0.0,53282.15,53667.55,52783.45,53710.35,0,0.0,0.0,0.0,0.0,-0.01,-1,-1,-0.01,-1,-1,-0.01,-1,-1,-0.01,-1,-1,-0.01,-1,-1,-0.01,-1,-1,-0.01,-1,-1,-0.01,-1,-1,-0.01,-1,-1,-0.01,-1,-1
99926009,2026-05-18 15:24:29+05:30,53526.95,0,0.0,0,0.0,0.0,53282.15,53667.55,52783.45,53710.35,0,0.0,0.0,0.0,0.0,-0.01,-1,-1,-0.01,-1,-1,-0.01,-1,-1,-0.01,-1,-1,-0.01,-1,-1,-0.01,-1,-1,-0.01,-1,-1,-0.01,-1,-1,-0.01,-1,-1,-0.01,-1,-1
99926009,2026-05-18 15:24:29+05:30,53527.2,0,0.0,0,0.0,0.0,53282.15,53667.55,52783.45,53710.35,0,0.0,0.0,0.0,0.0,-0.01,-1,-1,-0.01,-1,-1,-0.01,-1,-1,-0.01,-1,-1,-0.01,-1,-1,-0.01,-1,-1,-0.01,-1,-1,-0.01,-1,-1,-0.01,-1,-1,-0.01,-1,-1
99926009,2026-05-18 15:24:29+05:30,53526.1,0,0.0,0,0.0,0.0,53282.15,53667.55,52783.45,53710.35,0,0.0,0.0,0.0,0.0,-0.01,-1,-1,-0.01,-1,-1,-0.01,-1,-1,-0.01,-1,-1,-0.01,-1,-1,-0.01,-1,-1,-0.01,-1,-1,-0.01,-1,-1,-0.01,-1,-1,-0.01,-1,-1
99926009,2026-05-18 15:24:30+05:30,53526.1,0,0.0,0,0.0,0.0,53282.15,53667.55,52783.45,53710.35,0,0.0,0.0,0.0,0.0,-0.01,-1,-1,-0.01,-1,-1,-0.01,-1,-1,-0.01,-1,-1,-0.01,-1,-1,-0.01,-1,-1,-0.01,-1,-1,-0.01,-1,-1,-0.01,-1,-1,-0.01,-1,-1
99926009,2026-05-18 15:24:30+05:30,53527.95,0,0.0,0,0.0,0.0,53282.15,53667.55,52783.45,53710.35,0,0.0,0.0,0.0,0.0,-0.01,-1,-1,-0.01,-1,-1,-0.01,-1,-1,-0.01,-1,-1,-0.01,-1,-1,-0.01,-1,-1,-0.01,-1,-1,-0.01,-1,-1,-0.01,-1,-1,-0.01,-1,-1
99926009,2026-05-18 15:24:30+05:30,53532.8,0,0.0,0,0.0,0.0,53282.15,53667.55,52783.45,53710.35,0,0.0,0.0,0.0,0.0,-0.01,-1,-1,-0.01,-1,-1,-0.01,-1,-1,-0.01,-1,-1,-0.01,-1,-1,-0.01,-1,-1,-0.01,-1,-1,-0.01,-1,-1,-0.01,-1,-1,-0.01,-1,-1
99926009,2026-05-18 15:24:31+05:30,53532.8,0,0.0,0,0.0,0.0,53282.15,53667.55,52783.45,53710.35,0,0.0,0.0,0.0,0.0,-0.01,-1,-1,-0.01,-1,-1,-0.01,-1,-1,-0.01,-1,-1,-0.01,-1,-1,-0.01,-1,-1,-0.01,-1,-1,-0.01,-1,-1,-0.01,-1,-1,-0.01,-1,-1
99926009,2026-05-18 15:24:31+05:30,53532.45,0,0.0,0,0.0,0.0,53282.15,53667.55,52783.45,53710.35,0,0.0,0.0,0.0,0.0,-0.01,-1,-1,-0.01,-1,-1,-0.01,-1,-1,-0.01,-1,-1,-0.01,-1,-1,-0.01,-1,-1,-0.01,-1,-1,-0.01,-1,-1,-0.01,-1,-1,-0.01,-1,-1
99926009,2026-05-18 15:24:31+05:30,53531.95,0,0.0,0,0.0,0.0,53282.15,53667.55,52783.45,53710.35,0,0.0,0.0,0.0,0.0,-0.01,-1,-1,-0.01,-1,-1,-0.01,-1,-1,-0.01,-1,-1,-0.01,-1,-1,-0.01,-1,-1,-0.01,-1,-1,-0.01,-1,-1,-0.01,-1,-1,-0.01,-1,-1
99926009,2026-05-18 15:24:32+05:30,53531.95,0,0.0,0,0.0,0.0,53282.15,53667.55,52783.45,53710.35,0,0.0,0.0,0.0,0.0,-0.01,-1,-1,-0.01,-1,-1,-0.01,-1,-1,-0.01,-1,-1,-0.01,-1,-1,-0.01,-1,-1,-0.01,-1,-1,-0.01,-1,-1,-0.01,-1,-1,-0.01,-1,-1
99926009,2026-05-18 15:24:32+05:30,53530.8,0,0.0,0,0.0,0.0,53282.15,53667.55,52783.45,53710.35,0,0.0,0.0,0.0,0.0,-0.01,-1,-1,-0.01,-1,-1,-0.01,-1,-1,-0.01,-1,-1,-0.01,-1,-1,-0.01,-1,-1,-0.01,-1,-1,-0.01,-1,-1,-0.01,-1,-1,-0.01,-1,-1
99926009,2026-05-18 15:24:32+05:30,53529.65,0,0.0,0,0.0,0.0,53282.15,53667.55,52783.45,53710.35,0,0.0,0.0,0.0,0.0,-0.01,-1,-1,-0.01,-1,-1,-0.01,-1,-1,-0.01,-1,-1,-0.01,-1,-1,-0.01,-1,-1,-0.01,-1,-1,-0.01,-1,-1,-0.01,-1,-1,-0.01,-1,-1
99926009,2026-05-18 15:24:33+05:30,53529.65,0,0.0,0,0.0,0.0,53282.15,53667.55,52783.45,53710.35,0,0.0,0.0,0.0,0.0,-0.01,-1,-1,-0.01,-1,-1,-0.01,-1,-1,-0.01,-1,-1,-0.01,-1,-1,-0.01,-1,-1,-0.01,-1,-1,-0.01,-1,-1,-0.01,-1,-1,-0.01,-1,-1
99926009,2026-05-18 15:24:33+05:30,53530.3,0,0.0,0,0.0,0.0,53282.15,53667.55,52783.45,53710.35,0,0.0,0.0,0.0,0.0,-0.01,-1,-1,-0.01,-1,-1,-0.01,-1,-1,-0.01,-1,-1,-0.01,-1,-1,-0.01,-1,-1,-0.01,-1,-1,-0.01,-1,-1,-0.01,-1,-1,-0.01,-1,-1
99926009,2026-05-18 15:24:33+05:30,53533.75,0,0.0,0,0.0,0.0,53282.15,53667.55,52783.45,53710.35,0,0.0,0.0,0.0,0.0,-0.01,-1,-1,-0.01,-1,-1,-0.01,-1,-1,-0.01,-1,-1,-0.01,-1,-1,-0.01,-1,-1,-0.01,-1,-1,-0.01,-1,-1,-0.01,-1,-1,-0.01,-1,-1
99926009,2026-05-18 15:24:34+05:30,53533.75,0,0.0,0,0.0,0.0,53282.15,53667.55,52783.45,53710.35,0,0.0,0.0,0.0,0.0,-0.01,-1,-1,-0.01,-1,-1,-0.01,-1,-1,-0.01,-1,-1,-0.01,-1,-1,-0.01,-1,-1,-0.01,-1,-1,-0.01,-1,-1,-0.01,-1,-1,-0.01,-1,-1
99926009,2026-05-18 15:24:34+05:30,53532.3,0,0.0,0,0.0,0.0,53282.15,53667.55,52783.45,53710.35,0,0.0,0.0,0.0,0.0,-0.01,-1,-1,-0.01,-1,-1,-0.01,-1,-1,-0.01,-1,-1,-0.01,-1,-1,-0.01,-1,-1,-0.01,-1,-1,-0.01,-1,-1,-0.01,-1,-1,-0.01,-1,-1
99926009,2026-05-18 15:24:34+05:30,53533.3,0,0.0,0,0.0,0.0,53282.15,53667.55,52783.45,53710.35,0,0.0,0.0,0.0,0.0,-0.01,-1,-1,-0.01,-1,-1,-0.01,-1,-1,-0.01,-1,-1,-0.01,-1,-1,-0.01,-1,-1,-0.01,-1,-1,-0.01,-1,-1,-0.01,-1,-1,-0.01,-1,-1
99926009,2026-05-18 15:24:35+05:30,53533.3,0,0.0,0,0.0,0.0,53282.15,53667.55,52783.45,53710.35,0,0.0,0.0,0.0,0.0,-0.01,-1,-1,-0.01,-1,-1,-0.01,-1,-1,-0.01,-1,-1,-0.01,-1,-1,-0.01,-1,-1,-0.01,-1,-1,-0.01,-1,-1,-0.01,-1,-1,-0.01,-1,-1
99926009,2026-05-18 15:24:35+05:30,53531.0,0,0.0,0,0.0,0.0,53282.15,53667.55,52783.45,53710.35,0,0.0,0.0,0.0,0.0,-0.01,-1,-1,-0.01,-1,-1,-0.01,-1,-1,-0.01,-1,-1,-0.01,-1,-1,-0.01,-1,-1,-0.01,-1,-1,-0.01,-1,-1,-0.01,-1,-1,-0.01,-1,-1
99926009,2026-05-18 15:24:35+05:30,53532.65,0,0.0,0,0.0,0.0,53282.15,53667.55,52783.45,53710.35,0,0.0,0.0,0.0,0.0,-0.01,-1,-1,-0.01,-1,-1,-0.01,-1,-1,-0.01,-1,-1,-0.01,-1,-1,-0.01,-1,-1,-0.01,-1,-1,-0.01,-1,-1,-0.01,-1,-1,-0.01,-1,-1
99926009,2026-05-18 15:24:36+05:30,53532.65,0,0.0,0,0.0,0.0,53282.15,53667.55,52783.45,53710.35,0,0.0,0.0,0.0,0.0,-0.01,-1,-1,-0.01,-1,-1,-0.01,-1,-1,-0.01,-1,-1,-0.01,-1,-1,-0.01,-1,-1,-0.01,-1,-1,-0.01,-1,-1,-0.01,-1,-1,-0.01,-1,-1
99926009,2026-05-18 15:24:36+05:30,53532.3,0,0.0,0,0.0,0.0,53282.15,53667.55,52783.45,53710.35,0,0.0,0.0,0.0,0.0,-0.01,-1,-1,-0.01,-1,-1,-0.01,-1,-1,-0.01,-1,-1,-0.01,-1,-1,-0.01,-1,-1,-0.01,-1,-1,-0.01,-1,-1,-0.01,-1,-1,-0.01,-1,-1
99926009,2026-05-18 15:24:36+05:30,53528.55,0,0.0,0,0.0,0.0,53282.15,53667.55,52783.45,53710.35,0,0.0,0.0,0.0,0.0,-0.01,-1,-1,-0.01,-1,-1,-0.01,-1,-1,-0.01,-1,-1,-0.01,-1,-1,-0.01,-1,-1,-0.01,-1,-1,-0.01,-1,-1,-0.01,-1,-1,-0.01,-1,-1
99926009,2026-05-18 15:24:37+05:30,53528.55,0,0.0,0,0.0,0.0,53282.15,53667.55,52783.45,53710.35,0,0.0,0.0,0.0,0.0,-0.01,-1,-1,-0.01,-1,-1,-0.01,-1,-1,-0.01,-1,-1,-0.01,-1,-1,-0.01,-1,-1,-0.01,-1,-1,-0.01,-1,-1,-0.01,-1,-1,-0.01,-1,-1
99926009,2026-05-18 15:24:37+05:30,53530.65,0,0.0,0,0.0,0.0,53282.15,53667.55,52783.45,53710.35,0,0.0,0.0,0.0,0.0,-0.01,-1,-1,-0.01,-1,-1,-0.01,-1,-1,-0.01,-1,-1,-0.01,-1,-1,-0.01,-1,-1,-0.01,-1,-1,-0.01,-1,-1,-0.01,-1,-1,-0.01,-1,-1
99926009,2026-05-18 15:24:37+05:30,53529.8,0,0.0,0,0.0,0.0,53282.15,53667.55,52783.45,53710.35,0,0.0,0.0,0.0,0.0,-0.01,-1,-1,-0.01,-1,-1,-0.01,-1,-1,-0.01,-1,-1,-0.01,-1,-1,-0.01,-1,-1,-0.01,-1,-1,-0.01,-1,-1,-0.01,-1,-1,-0.01,-1,-1
99926009,2026-05-18 15:24:38+05:30,53529.8,0,0.0,0,0.0,0.0,53282.15,53667.55,52783.45,53710.35,0,0.0,0.0,0.0,0.0,-0.01,-1,-1,-0.01,-1,-1,-0.01,-1,-1,-0.01,-1,-1,-0.01,-1,-1,-0.01,-1,-1,-0.01,-1,-1,-0.01,-1,-1,-0.01,-1,-1,-0.01,-1,-1
99926009,2026-05-18 15:24:38+05:30,53530.05,0,0.0,0,0.0,0.0,53282.15,53667.55,52783.45,53710.35,0,0.0,0.0,0.0,0.0,-0.01,-1,-1,-0.01,-1,-1,-0.01,-1,-1,-0.01,-1,-1,-0.01,-1,-1,-0.01,-1,-1,-0.01,-1,-1,-0.01,-1,-1,-0.01,-1,-1,-0.01,-1,-1
99926009,2026-05-18 15:24:38+05:30,53530.0,0,0.0,0,0.0,0.0,53282.15,53667.55,52783.45,53710.35,0,0.0,0.0,0.0,0.0,-0.01,-1,-1,-0.01,-1,-1,-0.01,-1,-1,-0.01,-1,-1,-0.01,-1,-1,-0.01,-1,-1,-0.01,-1,-1,-0.01,-1,-1,-0.01,-1,-1,-0.01,-1,-1
99926009,2026-05-18 15:24:39+05:30,53530.0,0,0.0,0,0.0,0.0,53282.15,53667.55,52783.45,53710.35,0,0.0,0.0,0.0,0.0,-0.01,-1,-1,-0.01,-1,-1,-0.01,-1,-1,-0.01,-1,-1,-0.01,-1,-1,-0.01,-1,-1,-0.01,-1,-1,-0.01,-1,-1,-0.01,-1,-1,-0.01,-1,-1
99926009,2026-05-18 15:24:39+05:30,53530.8,0,0.0,0,0.0,0.0,53282.15,53667.55,52783.45,53710.35,0,0.0,0.0,0.0,0.0,-0.01,-1,-1,-0.01,-1,-1,-0.01,-1,-1,-0.01,-1,-1,-0.01,-1,-1,-0.01,-1,-1,-0.01,-1,-1,-0.01,-1,-1,-0.01,-1,-1,-0.01,-1,-1
99926009,2026-05-18 15:24:39+05:30,53531.1,0,0.0,0,0.0,0.0,53282.15,53667.55,52783.45,53710.35,0,0.0,0.0,0.0,0.0,-0.01,-1,-1,-0.01,-1,-1,-0.01,-1,-1,-0.01,-1,-1,-0.01,-1,-1,-0.01,-1,-1,-0.01,-1,-1,-0.01,-1,-1,-0.01,-1,-1,-0.01,-1,-1
99926009,2026-05-18 15:24:40+05:30,53531.1,0,0.0,0,0.0,0.0,53282.15,53667.55,52783.45,53710.35,0,0.0,0.0,0.0,0.0,-0.01,-1,-1,-0.01,-1,-1,-0.01,-1,-1,-0.01,-1,-1,-0.01,-1,-1,-0.01,-1,-1,-0.01,-1,-1,-0.01,-1,-1,-0.01,-1,-1,-0.01,-1,-1
99926009,2026-05-18 15:24:40+05:30,53532.5,0,0.0,0,0.0,0.0,53282.15,53667.55,52783.45,53710.35,0,0.0,0.0,0.0,0.0,-0.01,-1,-1,-0.01,-1,-1,-0.01,-1,-1,-0.01,-1,-1,-0.01,-1,-1,-0.01,-1,-1,-0.01,-1,-1,-0.01,-1,-1,-0.01,-1,-1,-0.01,-1,-1
99926009,2026-05-18 15:24:40+05:30,53530.55,0,0.0,0,0.0,0.0,53282.15,53667.55,52783.45,53710.35,0,0.0,0.0,0.0,0.0,-0.01,-1,-1,-0.01,-1,-1,-0.01,-1,-1,-0.01,-1,-1,-0.01,-1,-1,-0.01,-1,-1,-0.01,-1,-1,-0.01,-1,-1,-0.01,-1,-1,-0.01,-1,-1
99926009,2026-05-18 15:24:41+05:30,53530.55,0,0.0,0,0.0,0.0,53282.15,53667.55,52783.45,53710.35,0,0.0,0.0,0.0,0.0,-0.01,-1,-1,-0.01,-1,-1,-0.01,-1,-1,-0.01,-1,-1,-0.01,-1,-1,-0.01,-1,-1,-0.01,-1,-1,-0.01,-1,-1,-0.01,-1,-1,-0.01,-1,-1
99926009,2026-05-18 15:24:41+05:30,53531.75,0,0.0,0,0.0,0.0,53282.15,53667.55,52783.45,53710.35,0,0.0,0.0,0.0,0.0,-0.01,-1,-1,-0.01,-1,-1,-0.01,-1,-1,-0.01,-1,-1,-0.01,-1,-1,-0.01,-1,-1,-0.01,-1,-1,-0.01,-1,-1,-0.01,-1,-1,-0.01,-1,-1
99926009,2026-05-18 15:24:41+05:30,53532.95,0,0.0,0,0.0,0.0,53282.15,53667.55,52783.45,53710.35,0,0.0,0.0,0.0,0.0,-0.01,-1,-1,-0.01,-1,-1,-0.01,-1,-1,-0.01,-1,-1,-0.01,-1,-1,-0.01,-1,-1,-0.01,-1,-1,-0.01,-1,-1,-0.01,-1,-1,-0.01,-1,-1
99926009,2026-05-18 15:24:42+05:30,53532.95,0,0.0,0,0.0,0.0,53282.15,53667.55,52783.45,53710.35,0,0.0,0.0,0.0,0.0,-0.01,-1,-1,-0.01,-1,-1,-0.01,-1,-1,-0.01,-1,-1,-0.01,-1,-1,-0.01,-1,-1,-0.01,-1,-1,-0.01,-1,-1,-0.01,-1,-1,-0.01,-1,-1
99926009,2026-05-18 15:24:42+05:30,53531.45,0,0.0,0,0.0,0.0,53282.15,53667.55,52783.45,53710.35,0,0.0,0.0,0.0,0.0,-0.01,-1,-1,-0.01,-1,-1,-0.01,-1,-1,-0.01,-1,-1,-0.01,-1,-1,-0.01,-1,-1,-0.01,-1,-1,-0.01,-1,-1,-0.01,-1,-1,-0.01,-1,-1
99926009,2026-05-18 15:24:42+05:30,53532.65,0,0.0,0,0.0,0.0,53282.15,53667.55,52783.45,53710.35,0,0.0,0.0,0.0,0.0,-0.01,-1,-1,-0.01,-1,-1,-0.01,-1,-1,-0.01,-1,-1,-0.01,-1,-1,-0.01,-1,-1,-0.01,-1,-1,-0.01,-1,-1,-0.01,-1,-1,-0.01,-1,-1
99926009,2026-05-18 15:24:43+05:30,53532.65,0,0.0,0,0.0,0.0,53282.15,53667.55,52783.45,53710.35,0,0.0,0.0,0.0,0.0,-0.01,-1,-1,-0.01,-1,-1,-0.01,-1,-1,-0.01,-1,-1,-0.01,-1,-1,-0.01,-1,-1,-0.01,-1,-1,-0.01,-1,-1,-0.01,-1,-1,-0.01,-1,-1
99926009,2026-05-18 15:24:43+05:30,53531.5,0,0.0,0,0.0,0.0,53282.15,53667.55,52783.45,53710.35,0,0.0,0.0,0.0,0.0,-0.01,-1,-1,-0.01,-1,-1,-0.01,-1,-1,-0.01,-1,-1,-0.01,-1,-1,-0.01,-1,-1,-0.01,-1,-1,-0.01,-1,-1,-0.01,-1,-1,-0.01,-1,-1
99926009,2026-05-18 15:24:43+05:30,53532.45,0,0.0,0,0.0,0.0,53282.15,53667.55,52783.45,53710.35,0,0.0,0.0,0.0,0.0,-0.01,-1,-1,-0.01,-1,-1,-0.01,-1,-1,-0.01,-1,-1,-0.01,-1,-1,-0.01,-1,-1,-0.01,-1,-1,-0.01,-1,-1,-0.01,-1,-1,-0.01,-1,-1
99926009,2026-05-18 15:24:44+05:30,53532.45,0,0.0,0,0.0,0.0,53282.15,53667.55,52783.45,53710.35,0,0.0,0.0,0.0,0.0,-0.01,-1,-1,-0.01,-1,-1,-0.01,-1,-1,-0.01,-1,-1,-0.01,-1,-1,-0.01,-1,-1,-0.01,-1,-1,-0.01,-1,-1,-0.01,-1,-1,-0.01,-1,-1
99926009,2026-05-18 15:24:44+05:30,53533.3,0,0.0,0,0.0,0.0,53282.15,53667.55,52783.45,53710.35,0,0.0,0.0,0.0,0.0,-0.01,-1,-1,-0.01,-1,-1,-0.01,-1,-1,-0.01,-1,-1,-0.01,-1,-1,-0.01,-1,-1,-0.01,-1,-1,-0.01,-1,-1,-0.01,-1,-1,-0.01,-1,-1
99926009,2026-05-18 15:24:44+05:30,53536.3,0,0.0,0,0.0,0.0,53282.15,53667.55,52783.45,53710.35,0,0.0,0.0,0.0,0.0,-0.01,-1,-1,-0.01,-1,-1,-0.01,-1,-1,-0.01,-1,-1,-0.01,-1,-1,-0.01,-1,-1,-0.01,-1,-1,-0.01,-1,-1,-0.01,-1,-1,-0.01,-1,-1
99926009,2026-05-18 15:24:45+05:30,53536.3,0,0.0,0,0.0,0.0,53282.15,53667.55,52783.45,53710.35,0,0.0,0.0,0.0,0.0,-0.01,-1,-1,-0.01,-1,-1,-0.01,-1,-1,-0.01,-1,-1,-0.01,-1,-1,-0.01,-1,-1,-0.01,-1,-1,-0.01,-1,-1,-0.01,-1,-1,-0.01,-1,-1
99926009,2026-05-18 15:24:45+05:30,53534.05,0,0.0,0,0.0,0.0,53282.15,53667.55,52783.45,53710.35,0,0.0,0.0,0.0,0.0,-0.01,-1,-1,-0.01,-1,-1,-0.01,-1,-1,-0.01,-1,-1,-0.01,-1,-1,-0.01,-1,-1,-0.01,-1,-1,-0.01,-1,-1,-0.01,-1,-1,-0.01,-1,-1
99926009,2026-05-18 15:24:45+05:30,53530.75,0,0.0,0,0.0,0.0,53282.15,53667.55,52783.45,53710.35,0,0.0,0.0,0.0,0.0,-0.01,-1,-1,-0.01,-1,-1,-0.01,-1,-1,-0.01,-1,-1,-0.01,-1,-1,-0.01,-1,-1,-0.01,-1,-1,-0.01,-1,-1,-0.01,-1,-1,-0.01,-1,-1
99926009,2026-05-18 15:24:46+05:30,53530.75,0,0.0,0,0.0,0.0,53282.15,53667.55,52783.45,53710.35,0,0.0,0.0,0.0,0.0,-0.01,-1,-1,-0.01,-1,-1,-0.01,-1,-1,-0.01,-1,-1,-0.01,-1,-1,-0.01,-1,-1,-0.01,-1,-1,-0.01,-1,-1,-0.01,-1,-1,-0.01,-1,-1
99926009,2026-05-18 15:24:46+05:30,53530.45,0,0.0,0,0.0,0.0,53282.15,53667.55,52783.45,53710.35,0,0.0,0.0,0.0,0.0,-0.01,-1,-1,-0.01,-1,-1,-0.01,-1,-1,-0.01,-1,-1,-0.01,-1,-1,-0.01,-1,-1,-0.01,-1,-1,-0.01,-1,-1,-0.01,-1,-1,-0.01,-1,-1
99926009,2026-05-18 15:24:46+05:30,53530.2,0,0.0,0,0.0,0.0,53282.15,53667.55,52783.45,53710.35,0,0.0,0.0,0.0,0.0,-0.01,-1,-1,-0.01,-1,-1,-0.01,-1,-1,-0.01,-1,-1,-0.01,-1,-1,-0.01,-1,-1,-0.01,-1,-1,-0.01,-1,-1,-0.01,-1,-1,-0.01,-1,-1
99926009,2026-05-18 15:24:47+05:30,53530.2,0,0.0,0,0.0,0.0,53282.15,53667.55,52783.45,53710.35,0,0.0,0.0,0.0,0.0,-0.01,-1,-1,-0.01,-1,-1,-0.01,-1,-1,-0.01,-1,-1,-0.01,-1,-1,-0.01,-1,-1,-0.01,-1,-1,-0.01,-1,-1,-0.01,-1,-1,-0.01,-1,-1
99926009,2026-05-18 15:24:47+05:30,53533.4,0,0.0,0,0.0,0.0,53282.15,53667.55,52783.45,53710.35,0,0.0,0.0,0.0,0.0,-0.01,-1,-1,-0.01,-1,-1,-0.01,-1,-1,-0.01,-1,-1,-0.01,-1,-1,-0.01,-1,-1,-0.01,-1,-1,-0.01,-1,-1,-0.01,-1,-1,-0.01,-1,-1
99926009,2026-05-18 15:24:47+05:30,53528.1,0,0.0,0,0.0,0.0,53282.15,53667.55,52783.45,53710.35,0,0.0,0.0,0.0,0.0,-0.01,-1,-1,-0.01,-1,-1,-0.01,-1,-1,-0.01,-1,-1,-0.01,-1,-1,-0.01,-1,-1,-0.01,-1,-1,-0.01,-1,-1,-0.01,-1,-1,-0.01,-1,-1
99926009,2026-05-18 15:24:48+05:30,53528.1,0,0.0,0,0.0,0.0,53282.15,53667.55,52783.45,53710.35,0,0.0,0.0,0.0,0.0,-0.01,-1,-1,-0.01,-1,-1,-0.01,-1,-1,-0.01,-1,-1,-0.01,-1,-1,-0.01,-1,-1,-0.01,-1,-1,-0.01,-1,-1,-0.01,-1,-1,-0.01,-1,-1
99926009,2026-05-18 15:24:48+05:30,53532.45,0,0.0,0,0.0,0.0,53282.15,53667.55,52783.45,53710.35,0,0.0,0.0,0.0,0.0,-0.01,-1,-1,-0.01,-1,-1,-0.01,-1,-1,-0.01,-1,-1,-0.01,-1,-1,-0.01,-1,-1,-0.01,-1,-1,-0.01,-1,-1,-0.01,-1,-1,-0.01,-1,-1
99926009,2026-05-18 15:24:48+05:30,53527.1,0,0.0,0,0.0,0.0,53282.15,53667.55,52783.45,53710.35,0,0.0,0.0,0.0,0.0,-0.01,-1,-1,-0.01,-1,-1,-0.01,-1,-1,-0.01,-1,-1,-0.01,-1,-1,-0.01,-1,-1,-0.01,-1,-1,-0.01,-1,-1,-0.01,-1,-1,-0.01,-1,-1
99926009,2026-05-18 15:24:49+05:30,53527.1,0,0.0,0,0.0,0.0,53282.15,53667.55,52783.45,53710.35,0,0.0,0.0,0.0,0.0,-0.01,-1,-1,-0.01,-1,-1,-0.01,-1,-1,-0.01,-1,-1,-0.01,-1,-1,-0.01,-1,-1,-0.01,-1,-1,-0.01,-1,-1,-0.01,-1,-1,-0.01,-1,-1
99926009,2026-05-18 15:24:49+05:30,53530.9,0,0.0,0,0.0,0.0,53282.15,53667.55,52783.45,53710.35,0,0.0,0.0,0.0,0.0,-0.01,-1,-1,-0.01,-1,-1,-0.01,-1,-1,-0.01,-1,-1,-0.01,-1,-1,-0.01,-1,-1,-0.01,-1,-1,-0.01,-1,-1,-0.01,-1,-1,-0.01,-1,-1
99926009,2026-05-18 15:24:49+05:30,53529.6,0,0.0,0,0.0,0.0,53282.15,53667.55,52783.45,53710.35,0,0.0,0.0,0.0,0.0,-0.01,-1,-1,-0.01,-1,-1,-0.01,-1,-1,-0.01,-1,-1,-0.01,-1,-1,-0.01,-1,-1,-0.01,-1,-1,-0.01,-1,-1,-0.01,-1,-1,-0.01,-1,-1
99926009,2026-05-18 15:24:50+05:30,53529.6,0,0.0,0,0.0,0.0,53282.15,53667.55,52783.45,53710.35,0,0.0,0.0,0.0,0.0,-0.01,-1,-1,-0.01,-1,-1,-0.01,-1,-1,-0.01,-1,-1,-0.01,-1,-1,-0.01,-1,-1,-0.01,-1,-1,-0.01,-1,-1,-0.01,-1,-1,-0.01,-1,-1
99926009,2026-05-18 15:24:50+05:30,53530.65,0,0.0,0,0.0,0.0,53282.15,53667.55,52783.45,53710.35,0,0.0,0.0,0.0,0.0,-0.01,-1,-1,-0.01,-1,-1,-0.01,-1,-1,-0.01,-1,-1,-0.01,-1,-1,-0.01,-1,-1,-0.01,-1,-1,-0.01,-1,-1,-0.01,-1,-1,-0.01,-1,-1
99926009,2026-05-18 15:24:50+05:30,53534.7,0,0.0,0,0.0,0.0,53282.15,53667.55,52783.45,53710.35,0,0.0,0.0,0.0,0.0,-0.01,-1,-1,-0.01,-1,-1,-0.01,-1,-1,-0.01,-1,-1,-0.01,-1,-1,-0.01,-1,-1,-0.01,-1,-1,-0.01,-1,-1,-0.01,-1,-1,-0.01,-1,-1
99926009,2026-05-18 15:24:51+05:30,53534.7,0,0.0,0,0.0,0.0,53282.15,53667.55,52783.45,53710.35,0,0.0,0.0,0.0,0.0,-0.01,-1,-1,-0.01,-1,-1,-0.01,-1,-1,-0.01,-1,-1,-0.01,-1,-1,-0.01,-1,-1,-0.01,-1,-1,-0.01,-1,-1,-0.01,-1,-1,-0.01,-1,-1
99926009,2026-05-18 15:24:51+05:30,53532.65,0,0.0,0,0.0,0.0,53282.15,53667.55,52783.45,53710.35,0,0.0,0.0,0.0,0.0,-0.01,-1,-1,-0.01,-1,-1,-0.01,-1,-1,-0.01,-1,-1,-0.01,-1,-1,-0.01,-1,-1,-0.01,-1,-1,-0.01,-1,-1,-0.01,-1,-1,-0.01,-1,-1
99926009,2026-05-18 15:24:51+05:30,53531.05,0,0.0,0,0.0,0.0,53282.15,53667.55,52783.45,53710.35,0,0.0,0.0,0.0,0.0,-0.01,-1,-1,-0.01,-1,-1,-0.01,-1,-1,-0.01,-1,-1,-0.01,-1,-1,-0.01,-1,-1,-0.01,-1,-1,-0.01,-1,-1,-0.01,-1,-1,-0.01,-1,-1
99926009,2026-05-18 15:24:52+05:30,53531.05,0,0.0,0,0.0,0.0,53282.15,53667.55,52783.45,53710.35,0,0.0,0.0,0.0,0.0,-0.01,-1,-1,-0.01,-1,-1,-0.01,-1,-1,-0.01,-1,-1,-0.01,-1,-1,-0.01,-1,-1,-0.01,-1,-1,-0.01,-1,-1,-0.01,-1,-1,-0.01,-1,-1
99926009,2026-05-18 15:24:52+05:30,53533.85,0,0.0,0,0.0,0.0,53282.15,53667.55,52783.45,53710.35,0,0.0,0.0,0.0,0.0,-0.01,-1,-1,-0.01,-1,-1,-0.01,-1,-1,-0.01,-1,-1,-0.01,-1,-1,-0.01,-1,-1,-0.01,-1,-1,-0.01,-1,-1,-0.01,-1,-1,-0.01,-1,-1
99926009,2026-05-18 15:24:52+05:30,53534.8,0,0.0,0,0.0,0.0,53282.15,53667.55,52783.45,53710.35,0,0.0,0.0,0.0,0.0,-0.01,-1,-1,-0.01,-1,-1,-0.01,-1,-1,-0.01,-1,-1,-0.01,-1,-1,-0.01,-1,-1,-0.01,-1,-1,-0.01,-1,-1,-0.01,-1,-1,-0.01,-1,-1
99926009,2026-05-18 15:24:53+05:30,53534.8,0,0.0,0,0.0,0.0,53282.15,53667.55,52783.45,53710.35,0,0.0,0.0,0.0,0.0,-0.01,-1,-1,-0.01,-1,-1,-0.01,-1,-1,-0.01,-1,-1,-0.01,-1,-1,-0.01,-1,-1,-0.01,-1,-1,-0.01,-1,-1,-0.01,-1,-1,-0.01,-1,-1
99926009,2026-05-18 15:24:53+05:30,53535.25,0,0.0,0,0.0,0.0,53282.15,53667.55,52783.45,53710.35,0,0.0,0.0,0.0,0.0,-0.01,-1,-1,-0.01,-1,-1,-0.01,-1,-1,-0.01,-1,-1,-0.01,-1,-1,-0.01,-1,-1,-0.01,-1,-1,-0.01,-1,-1,-0.01,-1,-1,-0.01,-1,-1
99926009,2026-05-18 15:24:53+05:30,53535.7,0,0.0,0,0.0,0.0,53282.15,53667.55,52783.45,53710.35,0,0.0,0.0,0.0,0.0,-0.01,-1,-1,-0.01,-1,-1,-0.01,-1,-1,-0.01,-1,-1,-0.01,-1,-1,-0.01,-1,-1,-0.01,-1,-1,-0.01,-1,-1,-0.01,-1,-1,-0.01,-1,-1
99926009,2026-05-18 15:24:54+05:30,53535.7,0,0.0,0,0.0,0.0,53282.15,53667.55,52783.45,53710.35,0,0.0,0.0,0.0,0.0,-0.01,-1,-1,-0.01,-1,-1,-0.01,-1,-1,-0.01,-1,-1,-0.01,-1,-1,-0.01,-1,-1,-0.01,-1,-1,-0.01,-1,-1,-0.01,-1,-1,-0.01,-1,-1
99926009,2026-05-18 15:24:54+05:30,53532.7,0,0.0,0,0.0,0.0,53282.15,53667.55,52783.45,53710.35,0,0.0,0.0,0.0,0.0,-0.01,-1,-1,-0.01,-1,-1,-0.01,-1,-1,-0.01,-1,-1,-0.01,-1,-1,-0.01,-1,-1,-0.01,-1,-1,-0.01,-1,-1,-0.01,-1,-1,-0.01,-1,-1
99926009,2026-05-18 15:24:54+05:30,53530.75,0,0.0,0,0.0,0.0,53282.15,53667.55,52783.45,53710.35,0,0.0,0.0,0.0,0.0,-0.01,-1,-1,-0.01,-1,-1,-0.01,-1,-1,-0.01,-1,-1,-0.01,-1,-1,-0.01,-1,-1,-0.01,-1,-1,-0.01,-1,-1,-0.01,-1,-1,-0.01,-1,-1
99926009,2026-05-18 15:24:55+05:30,53530.75,0,0.0,0,0.0,0.0,53282.15,53667.55,52783.45,53710.35,0,0.0,0.0,0.0,0.0,-0.01,-1,-1,-0.01,-1,-1,-0.01,-1,-1,-0.01,-1,-1,-0.01,-1,-1,-0.01,-1,-1,-0.01,-1,-1,-0.01,-1,-1,-0.01,-1,-1,-0.01,-1,-1
99926009,2026-05-18 15:24:55+05:30,53533.2,0,0.0,0,0.0,0.0,53282.15,53667.55,52783.45,53710.35,0,0.0,0.0,0.0,0.0,-0.01,-1,-1,-0.01,-1,-1,-0.01,-1,-1,-0.01,-1,-1,-0.01,-1,-1,-0.01,-1,-1,-0.01,-1,-1,-0.01,-1,-1,-0.01,-1,-1,-0.01,-1,-1
99926009,2026-05-18 15:24:55+05:30,53534.4,0,0.0,0,0.0,0.0,53282.15,53667.55,52783.45,53710.35,0,0.0,0.0,0.0,0.0,-0.01,-1,-1,-0.01,-1,-1,-0.01,-1,-1,-0.01,-1,-1,-0.01,-1,-1,-0.01,-1,-1,-0.01,-1,-1,-0.01,-1,-1,-0.01,-1,-1,-0.01,-1,-1
99926009,2026-05-18 15:24:56+05:30,53534.4,0,0.0,0,0.0,0.0,53282.15,53667.55,52783.45,53710.35,0,0.0,0.0,0.0,0.0,-0.01,-1,-1,-0.01,-1,-1,-0.01,-1,-1,-0.01,-1,-1,-0.01,-1,-1,-0.01,-1,-1,-0.01,-1,-1,-0.01,-1,-1,-0.01,-1,-1,-0.01,-1,-1
99926009,2026-05-18 15:24:56+05:30,53531.05,0,0.0,0,0.0,0.0,53282.15,53667.55,52783.45,53710.35,0,0.0,0.0,0.0,0.0,-0.01,-1,-1,-0.01,-1,-1,-0.01,-1,-1,-0.01,-1,-1,-0.01,-1,-1,-0.01,-1,-1,-0.01,-1,-1,-0.01,-1,-1,-0.01,-1,-1,-0.01,-1,-1
99926009,2026-05-18 15:24:56+05:30,53528.9,0,0.0,0,0.0,0.0,53282.15,53667.55,52783.45,53710.35,0,0.0,0.0,0.0,0.0,-0.01,-1,-1,-0.01,-1,-1,-0.01,-1,-1,-0.01,-1,-1,-0.01,-1,-1,-0.01,-1,-1,-0.01,-1,-1,-0.01,-1,-1,-0.01,-1,-1,-0.01,-1,-1
99926009,2026-05-18 15:24:57+05:30,53528.9,0,0.0,0,0.0,0.0,53282.15,53667.55,52783.45,53710.35,0,0.0,0.0,0.0,0.0,-0.01,-1,-1,-0.01,-1,-1,-0.01,-1,-1,-0.01,-1,-1,-0.01,-1,-1,-0.01,-1,-1,-0.01,-1,-1,-0.01,-1,-1,-0.01,-1,-1,-0.01,-1,-1
99926009,2026-05-18 15:24:57+05:30,53530.85,0,0.0,0,0.0,0.0,53282.15,53667.55,52783.45,53710.35,0,0.0,0.0,0.0,0.0,-0.01,-1,-1,-0.01,-1,-1,-0.01,-1,-1,-0.01,-1,-1,-0.01,-1,-1,-0.01,-1,-1,-0.01,-1,-1,-0.01,-1,-1,-0.01,-1,-1,-0.01,-1,-1
99926009,2026-05-18 15:24:57+05:30,53531.5,0,0.0,0,0.0,0.0,53282.15,53667.55,52783.45,53710.35,0,0.0,0.0,0.0,0.0,-0.01,-1,-1,-0.01,-1,-1,-0.01,-1,-1,-0.01,-1,-1,-0.01,-1,-1,-0.01,-1,-1,-0.01,-1,-1,-0.01,-1,-1,-0.01,-1,-1,-0.01,-1,-1
99926009,2026-05-18 15:24:58+05:30,53531.5,0,0.0,0,0.0,0.0,53282.15,53667.55,52783.45,53710.35,0,0.0,0.0,0.0,0.0,-0.01,-1,-1,-0.01,-1,-1,-0.01,-1,-1,-0.01,-1,-1,-0.01,-1,-1,-0.01,-1,-1,-0.01,-1,-1,-0.01,-1,-1,-0.01,-1,-1,-0.01,-1,-1
99926009,2026-05-18 15:24:58+05:30,53533.65,0,0.0,0,0.0,0.0,53282.15,53667.55,52783.45,53710.35,0,0.0,0.0,0.0,0.0,-0.01,-1,-1,-0.01,-1,-1,-0.01,-1,-1,-0.01,-1,-1,-0.01,-1,-1,-0.01,-1,-1,-0.01,-1,-1,-0.01,-1,-1,-0.01,-1,-1,-0.01,-1,-1
99926009,2026-05-18 15:24:58+05:30,53531.05,0,0.0,0,0.0,0.0,53282.15,53667.55,52783.45,53710.35,0,0.0,0.0,0.0,0.0,-0.01,-1,-1,-0.01,-1,-1,-0.01,-1,-1,-0.01,-1,-1,-0.01,-1,-1,-0.01,-1,-1,-0.01,-1,-1,-0.01,-1,-1,-0.01,-1,-1,-0.01,-1,-1
99926009,2026-05-18 15:24:59+05:30,53531.05,0,0.0,0,0.0,0.0,53282.15,53667.55,52783.45,53710.35,0,0.0,0.0,0.0,0.0,-0.01,-1,-1,-0.01,-1,-1,-0.01,-1,-1,-0.01,-1,-1,-0.01,-1,-1,-0.01,-1,-1,-0.01,-1,-1,-0.01,-1,-1,-0.01,-1,-1,-0.01,-1,-1
99926009,2026-05-18 15:24:59+05:30,53529.35,0,0.0,0,0.0,0.0,53282.15,53667.55,52783.45,53710.35,0,0.0,0.0,0.0,0.0,-0.01,-1,-1,-0.01,-1,-1,-0.01,-1,-1,-0.01,-1,-1,-0.01,-1,-1,-0.01,-1,-1,-0.01,-1,-1,-0.01,-1,-1,-0.01,-1,-1,-0.01,-1,-1
99926009,2026-05-18 15:24:59+05:30,53534.15,0,0.0,0,0.0,0.0,53282.15,53667.55,52783.45,53710.35,0,0.0,0.0,0.0,0.0,-0.01,-1,-1,-0.01,-1,-1,-0.01,-1,-1,-0.01,-1,-1,-0.01,-1,-1,-0.01,-1,-1,-0.01,-1,-1,-0.01,-1,-1,-0.01,-1,-1,-0.01,-1,-1
99926009,2026-05-18 15:25:00+05:30,53534.15,0,0.0,0,0.0,0.0,53282.15,53667.55,52783.45,53710.35,0,0.0,0.0,0.0,0.0,-0.01,-1,-1,-0.01,-1,-1,-0.01,-1,-1,-0.01,-1,-1,-0.01,-1,-1,-0.01,-1,-1,-0.01,-1,-1,-0.01,-1,-1,-0.01,-1,-1,-0.01,-1,-1
99926009,2026-05-18 15:25:00+05:30,53537.2,0,0.0,0,0.0,0.0,53282.15,53667.55,52783.45,53710.35,0,0.0,0.0,0.0,0.0,-0.01,-1,-1,-0.01,-1,-1,-0.01,-1,-1,-0.01,-1,-1,-0.01,-1,-1,-0.01,-1,-1,-0.01,-1,-1,-0.01,-1,-1,-0.01,-1,-1,-0.01,-1,-1
99926009,2026-05-18 15:25:00+05:30,53537.2,0,0.0,0,0.0,0.0,53282.15,53667.55,52783.45,53710.35,0,0.0,0.0,0.0,0.0,-0.01,-1,-1,-0.01,-1,-1,-0.01,-1,-1,-0.01,-1,-1,-0.01,-1,-1,-0.01,-1,-1,-0.01,-1,-1,-0.01,-1,-1,-0.01,-1,-1,-0.01,-1,-1
99926009,2026-05-18 15:25:01+05:30,53537.2,0,0.0,0,0.0,0.0,53282.15,53667.55,52783.45,53710.35,0,0.0,0.0,0.0,0.0,-0.01,-1,-1,-0.01,-1,-1,-0.01,-1,-1,-0.01,-1,-1,-0.01,-1,-1,-0.01,-1,-1,-0.01,-1,-1,-0.01,-1,-1,-0.01,-1,-1,-0.01,-1,-1
99926009,2026-05-18 15:25:01+05:30,53532.35,0,0.0,0,0.0,0.0,53282.15,53667.55,52783.45,53710.35,0,0.0,0.0,0.0,0.0,-0.01,-1,-1,-0.01,-1,-1,-0.01,-1,-1,-0.01,-1,-1,-0.01,-1,-1,-0.01,-1,-1,-0.01,-1,-1,-0.01,-1,-1,-0.01,-1,-1,-0.01,-1,-1
99926009,2026-05-18 15:25:01+05:30,53533.6,0,0.0,0,0.0,0.0,53282.15,53667.55,52783.45,53710.35,0,0.0,0.0,0.0,0.0,-0.01,-1,-1,-0.01,-1,-1,-0.01,-1,-1,-0.01,-1,-1,-0.01,-1,-1,-0.01,-1,-1,-0.01,-1,-1,-0.01,-1,-1,-0.01,-1,-1,-0.01,-1,-1
99926009,2026-05-18 15:25:02+05:30,53533.6,0,0.0,0,0.0,0.0,53282.15,53667.55,52783.45,53710.35,0,0.0,0.0,0.0,0.0,-0.01,-1,-1,-0.01,-1,-1,-0.01,-1,-1,-0.01,-1,-1,-0.01,-1,-1,-0.01,-1,-1,-0.01,-1,-1,-0.01,-1,-1,-0.01,-1,-1,-0.01,-1,-1
99926009,2026-05-18 15:25:02+05:30,53531.5,0,0.0,0,0.0,0.0,53282.15,53667.55,52783.45,53710.35,0,0.0,0.0,0.0,0.0,-0.01,-1,-1,-0.01,-1,-1,-0.01,-1,-1,-0.01,-1,-1,-0.01,-1,-1,-0.01,-1,-1,-0.01,-1,-1,-0.01,-1,-1,-0.01,-1,-1,-0.01,-1,-1
99926009,2026-05-18 15:25:02+05:30,53529.25,0,0.0,0,0.0,0.0,53282.15,53667.55,52783.45,53710.35,0,0.0,0.0,0.0,0.0,-0.01,-1,-1,-0.01,-1,-1,-0.01,-1,-1,-0.01,-1,-1,-0.01,-1,-1,-0.01,-1,-1,-0.01,-1,-1,-0.01,-1,-1,-0.01,-1,-1,-0.01,-1,-1
99926009,2026-05-18 15:25:03+05:30,53529.25,0,0.0,0,0.0,0.0,53282.15,53667.55,52783.45,53710.35,0,0.0,0.0,0.0,0.0,-0.01,-1,-1,-0.01,-1,-1,-0.01,-1,-1,-0.01,-1,-1,-0.01,-1,-1,-0.01,-1,-1,-0.01,-1,-1,-0.01,-1,-1,-0.01,-1,-1,-0.01,-1,-1
99926009,2026-05-18 15:25:03+05:30,53531.0,0,0.0,0,0.0,0.0,53282.15,53667.55,52783.45,53710.35,0,0.0,0.0,0.0,0.0,-0.01,-1,-1,-0.01,-1,-1,-0.01,-1,-1,-0.01,-1,-1,-0.01,-1,-1,-0.01,-1,-1,-0.01,-1,-1,-0.01,-1,-1,-0.01,-1,-1,-0.01,-1,-1
99926009,2026-05-18 15:25:03+05:30,53532.6,0,0.0,0,0.0,0.0,53282.15,53667.55,52783.45,53710.35,0,0.0,0.0,0.0,0.0,-0.01,-1,-1,-0.01,-1,-1,-0.01,-1,-1,-0.01,-1,-1,-0.01,-1,-1,-0.01,-1,-1,-0.01,-1,-1,-0.01,-1,-1,-0.01,-1,-1,-0.01,-1,-1
99926009,2026-05-18 15:25:04+05:30,53532.6,0,0.0,0,0.0,0.0,53282.15,53667.55,52783.45,53710.35,0,0.0,0.0,0.0,0.0,-0.01,-1,-1,-0.01,-1,-1,-0.01,-1,-1,-0.01,-1,-1,-0.01,-1,-1,-0.01,-1,-1,-0.01,-1,-1,-0.01,-1,-1,-0.01,-1,-1,-0.01,-1,-1
99926009,2026-05-18 15:25:04+05:30,53530.9,0,0.0,0,0.0,0.0,53282.15,53667.55,52783.45,53710.35,0,0.0,0.0,0.0,0.0,-0.01,-1,-1,-0.01,-1,-1,-0.01,-1,-1,-0.01,-1,-1,-0.01,-1,-1,-0.01,-1,-1,-0.01,-1,-1,-0.01,-1,-1,-0.01,-1,-1,-0.01,-1,-1
99926009,2026-05-18 15:25:04+05:30,53528.5,0,0.0,0,0.0,0.0,53282.15,53667.55,52783.45,53710.35,0,0.0,0.0,0.0,0.0,-0.01,-1,-1,-0.01,-1,-1,-0.01,-1,-1,-0.01,-1,-1,-0.01,-1,-1,-0.01,-1,-1,-0.01,-1,-1,-0.01,-1,-1,-0.01,-1,-1,-0.01,-1,-1
99926009,2026-05-18 15:25:05+05:30,53528.5,0,0.0,0,0.0,0.0,53282.15,53667.55,52783.45,53710.35,0,0.0,0.0,0.0,0.0,-0.01,-1,-1,-0.01,-1,-1,-0.01,-1,-1,-0.01,-1,-1,-0.01,-1,-1,-0.01,-1,-1,-0.01,-1,-1,-0.01,-1,-1,-0.01,-1,-1,-0.01,-1,-1
99926009,2026-05-18 15:25:05+05:30,53529.55,0,0.0,0,0.0,0.0,53282.15,53667.55,52783.45,53710.35,0,0.0,0.0,0.0,0.0,-0.01,-1,-1,-0.01,-1,-1,-0.01,-1,-1,-0.01,-1,-1,-0.01,-1,-1,-0.01,-1,-1,-0.01,-1,-1,-0.01,-1,-1,-0.01,-1,-1,-0.01,-1,-1
99926009,2026-05-18 15:25:05+05:30,53529.0,0,0.0,0,0.0,0.0,53282.15,53667.55,52783.45,53710.35,0,0.0,0.0,0.0,0.0,-0.01,-1,-1,-0.01,-1,-1,-0.01,-1,-1,-0.01,-1,-1,-0.01,-1,-1,-0.01,-1,-1,-0.01,-1,-1,-0.01,-1,-1,-0.01,-1,-1,-0.01,-1,-1
99926009,2026-05-18 15:25:06+05:30,53529.0,0,0.0,0,0.0,0.0,53282.15,53667.55,52783.45,53710.35,0,0.0,0.0,0.0,0.0,-0.01,-1,-1,-0.01,-1,-1,-0.01,-1,-1,-0.01,-1,-1,-0.01,-1,-1,-0.01,-1,-1,-0.01,-1,-1,-0.01,-1,-1,-0.01,-1,-1,-0.01,-1,-1
99926009,2026-05-18 15:25:06+05:30,53529.1,0,0.0,0,0.0,0.0,53282.15,53667.55,52783.45,53710.35,0,0.0,0.0,0.0,0.0,-0.01,-1,-1,-0.01,-1,-1,-0.01,-1,-1,-0.01,-1,-1,-0.01,-1,-1,-0.01,-1,-1,-0.01,-1,-1,-0.01,-1,-1,-0.01,-1,-1,-0.01,-1,-1
99926009,2026-05-18 15:25:06+05:30,53526.8,0,0.0,0,0.0,0.0,53282.15,53667.55,52783.45,53710.35,0,0.0,0.0,0.0,0.0,-0.01,-1,-1,-0.01,-1,-1,-0.01,-1,-1,-0.01,-1,-1,-0.01,-1,-1,-0.01,-1,-1,-0.01,-1,-1,-0.01,-1,-1,-0.01,-1,-1,-0.01,-1,-1
99926009,2026-05-18 15:25:07+05:30,53526.8,0,0.0,0,0.0,0.0,53282.15,53667.55,52783.45,53710.35,0,0.0,0.0,0.0,0.0,-0.01,-1,-1,-0.01,-1,-1,-0.01,-1,-1,-0.01,-1,-1,-0.01,-1,-1,-0.01,-1,-1,-0.01,-1,-1,-0.01,-1,-1,-0.01,-1,-1,-0.01,-1,-1
99926009,2026-05-18 15:25:07+05:30,53527.95,0,0.0,0,0.0,0.0,53282.15,53667.55,52783.45,53710.35,0,0.0,0.0,0.0,0.0,-0.01,-1,-1,-0.01,-1,-1,-0.01,-1,-1,-0.01,-1,-1,-0.01,-1,-1,-0.01,-1,-1,-0.01,-1,-1,-0.01,-1,-1,-0.01,-1,-1,-0.01,-1,-1
99926009,2026-05-18 15:25:07+05:30,53525.75,0,0.0,0,0.0,0.0,53282.15,53667.55,52783.45,53710.35,0,0.0,0.0,0.0,0.0,-0.01,-1,-1,-0.01,-1,-1,-0.01,-1,-1,-0.01,-1,-1,-0.01,-1,-1,-0.01,-1,-1,-0.01,-1,-1,-0.01,-1,-1,-0.01,-1,-1,-0.01,-1,-1
99926009,2026-05-18 15:25:08+05:30,53525.75,0,0.0,0,0.0,0.0,53282.15,53667.55,52783.45,53710.35,0,0.0,0.0,0.0,0.0,-0.01,-1,-1,-0.01,-1,-1,-0.01,-1,-1,-0.01,-1,-1,-0.01,-1,-1,-0.01,-1,-1,-0.01,-1,-1,-0.01,-1,-1,-0.01,-1,-1,-0.01,-1,-1
99926009,2026-05-18 15:25:08+05:30,53526.95,0,0.0,0,0.0,0.0,53282.15,53667.55,52783.45,53710.35,0,0.0,0.0,0.0,0.0,-0.01,-1,-1,-0.01,-1,-1,-0.01,-1,-1,-0.01,-1,-1,-0.01,-1,-1,-0.01,-1,-1,-0.01,-1,-1,-0.01,-1,-1,-0.01,-1,-1,-0.01,-1,-1
99926009,2026-05-18 15:25:08+05:30,53526.5,0,0.0,0,0.0,0.0,53282.15,53667.55,52783.45,53710.35,0,0.0,0.0,0.0,0.0,-0.01,-1,-1,-0.01,-1,-1,-0.01,-1,-1,-0.01,-1,-1,-0.01,-1,-1,-0.01,-1,-1,-0.01,-1,-1,-0.01,-1,-1,-0.01,-1,-1,-0.01,-1,-1
99926009,2026-05-18 15:25:09+05:30,53526.5,0,0.0,0,0.0,0.0,53282.15,53667.55,52783.45,53710.35,0,0.0,0.0,0.0,0.0,-0.01,-1,-1,-0.01,-1,-1,-0.01,-1,-1,-0.01,-1,-1,-0.01,-1,-1,-0.01,-1,-1,-0.01,-1,-1,-0.01,-1,-1,-0.01,-1,-1,-0.01,-1,-1
99926009,2026-05-18 15:25:09+05:30,53525.75,0,0.0,0,0.0,0.0,53282.15,53667.55,52783.45,53710.35,0,0.0,0.0,0.0,0.0,-0.01,-1,-1,-0.01,-1,-1,-0.01,-1,-1,-0.01,-1,-1,-0.01,-1,-1,-0.01,-1,-1,-0.01,-1,-1,-0.01,-1,-1,-0.01,-1,-1,-0.01,-1,-1
99926009,2026-05-18 15:25:09+05:30,53528.3,0,0.0,0,0.0,0.0,53282.15,53667.55,52783.45,53710.35,0,0.0,0.0,0.0,0.0,-0.01,-1,-1,-0.01,-1,-1,-0.01,-1,-1,-0.01,-1,-1,-0.01,-1,-1,-0.01,-1,-1,-0.01,-1,-1,-0.01,-1,-1,-0.01,-1,-1,-0.01,-1,-1
99926009,2026-05-18 15:25:10+05:30,53528.3,0,0.0,0,0.0,0.0,53282.15,53667.55,52783.45,53710.35,0,0.0,0.0,0.0,0.0,-0.01,-1,-1,-0.01,-1,-1,-0.01,-1,-1,-0.01,-1,-1,-0.01,-1,-1,-0.01,-1,-1,-0.01,-1,-1,-0.01,-1,-1,-0.01,-1,-1,-0.01,-1,-1
99926009,2026-05-18 15:25:10+05:30,53524.3,0,0.0,0,0.0,0.0,53282.15,53667.55,52783.45,53710.35,0,0.0,0.0,0.0,0.0,-0.01,-1,-1,-0.01,-1,-1,-0.01,-1,-1,-0.01,-1,-1,-0.01,-1,-1,-0.01,-1,-1,-0.01,-1,-1,-0.01,-1,-1,-0.01,-1,-1,-0.01,-1,-1
99926009,2026-05-18 15:25:10+05:30,53526.05,0,0.0,0,0.0,0.0,53282.15,53667.55,52783.45,53710.35,0,0.0,0.0,0.0,0.0,-0.01,-1,-1,-0.01,-1,-1,-0.01,-1,-1,-0.01,-1,-1,-0.01,-1,-1,-0.01,-1,-1,-0.01,-1,-1,-0.01,-1,-1,-0.01,-1,-1,-0.01,-1,-1
99926009,2026-05-18 15:25:11+05:30,53526.05,0,0.0,0,0.0,0.0,53282.15,53667.55,52783.45,53710.35,0,0.0,0.0,0.0,0.0,-0.01,-1,-1,-0.01,-1,-1,-0.01,-1,-1,-0.01,-1,-1,-0.01,-1,-1,-0.01,-1,-1,-0.01,-1,-1,-0.01,-1,-1,-0.01,-1,-1,-0.01,-1,-1
99926009,2026-05-18 15:25:11+05:30,53525.65,0,0.0,0,0.0,0.0,53282.15,53667.55,52783.45,53710.35,0,0.0,0.0,0.0,0.0,-0.01,-1,-1,-0.01,-1,-1,-0.01,-1,-1,-0.01,-1,-1,-0.01,-1,-1,-0.01,-1,-1,-0.01,-1,-1,-0.01,-1,-1,-0.01,-1,-1,-0.01,-1,-1
99926009,2026-05-18 15:25:11+05:30,53527.0,0,0.0,0,0.0,0.0,53282.15,53667.55,52783.45,53710.35,0,0.0,0.0,0.0,0.0,-0.01,-1,-1,-0.01,-1,-1,-0.01,-1,-1,-0.01,-1,-1,-0.01,-1,-1,-0.01,-1,-1,-0.01,-1,-1,-0.01,-1,-1,-0.01,-1,-1,-0.01,-1,-1
99926009,2026-05-18 15:25:12+05:30,53527.0,0,0.0,0,0.0,0.0,53282.15,53667.55,52783.45,53710.35,0,0.0,0.0,0.0,0.0,-0.01,-1,-1,-0.01,-1,-1,-0.01,-1,-1,-0.01,-1,-1,-0.01,-1,-1,-0.01,-1,-1,-0.01,-1,-1,-0.01,-1,-1,-0.01,-1,-1,-0.01,-1,-1
99926009,2026-05-18 15:25:12+05:30,53525.9,0,0.0,0,0.0,0.0,53282.15,53667.55,52783.45,53710.35,0,0.0,0.0,0.0,0.0,-0.01,-1,-1,-0.01,-1,-1,-0.01,-1,-1,-0.01,-1,-1,-0.01,-1,-1,-0.01,-1,-1,-0.01,-1,-1,-0.01,-1,-1,-0.01,-1,-1,-0.01,-1,-1
99926009,2026-05-18 15:25:12+05:30,53522.6,0,0.0,0,0.0,0.0,53282.15,53667.55,52783.45,53710.35,0,0.0,0.0,0.0,0.0,-0.01,-1,-1,-0.01,-1,-1,-0.01,-1,-1,-0.01,-1,-1,-0.01,-1,-1,-0.01,-1,-1,-0.01,-1,-1,-0.01,-1,-1,-0.01,-1,-1,-0.01,-1,-1
99926009,2026-05-18 15:25:13+05:30,53522.6,0,0.0,0,0.0,0.0,53282.15,53667.55,52783.45,53710.35,0,0.0,0.0,0.0,0.0,-0.01,-1,-1,-0.01,-1,-1,-0.01,-1,-1,-0.01,-1,-1,-0.01,-1,-1,-0.01,-1,-1,-0.01,-1,-1,-0.01,-1,-1,-0.01,-1,-1,-0.01,-1,-1
99926009,2026-05-18 15:25:13+05:30,53523.3,0,0.0,0,0.0,0.0,53282.15,53667.55,52783.45,53710.35,0,0.0,0.0,0.0,0.0,-0.01,-1,-1,-0.01,-1,-1,-0.01,-1,-1,-0.01,-1,-1,-0.01,-1,-1,-0.01,-1,-1,-0.01,-1,-1,-0.01,-1,-1,-0.01,-1,-1,-0.01,-1,-1
99926009,2026-05-18 15:25:13+05:30,53526.15,0,0.0,0,0.0,0.0,53282.15,53667.55,52783.45,53710.35,0,0.0,0.0,0.0,0.0,-0.01,-1,-1,-0.01,-1,-1,-0.01,-1,-1,-0.01,-1,-1,-0.01,-1,-1,-0.01,-1,-1,-0.01,-1,-1,-0.01,-1,-1,-0.01,-1,-1,-0.01,-1,-1
99926009,2026-05-18 15:25:14+05:30,53526.15,0,0.0,0,0.0,0.0,53282.15,53667.55,52783.45,53710.35,0,0.0,0.0,0.0,0.0,-0.01,-1,-1,-0.01,-1,-1,-0.01,-1,-1,-0.01,-1,-1,-0.01,-1,-1,-0.01,-1,-1,-0.01,-1,-1,-0.01,-1,-1,-0.01,-1,-1,-0.01,-1,-1
99926009,2026-05-18 15:25:14+05:30,53525.15,0,0.0,0,0.0,0.0,53282.15,53667.55,52783.45,53710.35,0,0.0,0.0,0.0,0.0,-0.01,-1,-1,-0.01,-1,-1,-0.01,-1,-1,-0.01,-1,-1,-0.01,-1,-1,-0.01,-1,-1,-0.01,-1,-1,-0.01,-1,-1,-0.01,-1,-1,-0.01,-1,-1
99926009,2026-05-18 15:25:14+05:30,53524.85,0,0.0,0,0.0,0.0,53282.15,53667.55,52783.45,53710.35,0,0.0,0.0,0.0,0.0,-0.01,-1,-1,-0.01,-1,-1,-0.01,-1,-1,-0.01,-1,-1,-0.01,-1,-1,-0.01,-1,-1,-0.01,-1,-1,-0.01,-1,-1,-0.01,-1,-1,-0.01,-1,-1
99926009,2026-05-18 15:25:15+05:30,53524.85,0,0.0,0,0.0,0.0,53282.15,53667.55,52783.45,53710.35,0,0.0,0.0,0.0,0.0,-0.01,-1,-1,-0.01,-1,-1,-0.01,-1,-1,-0.01,-1,-1,-0.01,-1,-1,-0.01,-1,-1,-0.01,-1,-1,-0.01,-1,-1,-0.01,-1,-1,-0.01,-1,-1
99926009,2026-05-18 15:25:15+05:30,53525.4,0,0.0,0,0.0,0.0,53282.15,53667.55,52783.45,53710.35,0,0.0,0.0,0.0,0.0,-0.01,-1,-1,-0.01,-1,-1,-0.01,-1,-1,-0.01,-1,-1,-0.01,-1,-1,-0.01,-1,-1,-0.01,-1,-1,-0.01,-1,-1,-0.01,-1,-1,-0.01,-1,-1
99926009,2026-05-18 15:25:15+05:30,53525.3,0,0.0,0,0.0,0.0,53282.15,53667.55,52783.45,53710.35,0,0.0,0.0,0.0,0.0,-0.01,-1,-1,-0.01,-1,-1,-0.01,-1,-1,-0.01,-1,-1,-0.01,-1,-1,-0.01,-1,-1,-0.01,-1,-1,-0.01,-1,-1,-0.01,-1,-1,-0.01,-1,-1
99926009,2026-05-18 15:25:16+05:30,53525.3,0,0.0,0,0.0,0.0,53282.15,53667.55,52783.45,53710.35,0,0.0,0.0,0.0,0.0,-0.01,-1,-1,-0.01,-1,-1,-0.01,-1,-1,-0.01,-1,-1,-0.01,-1,-1,-0.01,-1,-1,-0.01,-1,-1,-0.01,-1,-1,-0.01,-1,-1,-0.01,-1,-1
99926009,2026-05-18 15:25:16+05:30,53525.65,0,0.0,0,0.0,0.0,53282.15,53667.55,52783.45,53710.35,0,0.0,0.0,0.0,0.0,-0.01,-1,-1,-0.01,-1,-1,-0.01,-1,-1,-0.01,-1,-1,-0.01,-1,-1,-0.01,-1,-1,-0.01,-1,-1,-0.01,-1,-1,-0.01,-1,-1,-0.01,-1,-1
99926009,2026-05-18 15:25:16+05:30,53524.75,0,0.0,0,0.0,0.0,53282.15,53667.55,52783.45,53710.35,0,0.0,0.0,0.0,0.0,-0.01,-1,-1,-0.01,-1,-1,-0.01,-1,-1,-0.01,-1,-1,-0.01,-1,-1,-0.01,-1,-1,-0.01,-1,-1,-0.01,-1,-1,-0.01,-1,-1,-0.01,-1,-1
99926009,2026-05-18 15:25:17+05:30,53524.75,0,0.0,0,0.0,0.0,53282.15,53667.55,52783.45,53710.35,0,0.0,0.0,0.0,0.0,-0.01,-1,-1,-0.01,-1,-1,-0.01,-1,-1,-0.01,-1,-1,-0.01,-1,-1,-0.01,-1,-1,-0.01,-1,-1,-0.01,-1,-1,-0.01,-1,-1,-0.01,-1,-1
99926009,2026-05-18 15:25:17+05:30,53522.95,0,0.0,0,0.0,0.0,53282.15,53667.55,52783.45,53710.35,0,0.0,0.0,0.0,0.0,-0.01,-1,-1,-0.01,-1,-1,-0.01,-1,-1,-0.01,-1,-1,-0.01,-1,-1,-0.01,-1,-1,-0.01,-1,-1,-0.01,-1,-1,-0.01,-1,-1,-0.01,-1,-1
99926009,2026-05-18 15:25:17+05:30,53523.25,0,0.0,0,0.0,0.0,53282.15,53667.55,52783.45,53710.35,0,0.0,0.0,0.0,0.0,-0.01,-1,-1,-0.01,-1,-1,-0.01,-1,-1,-0.01,-1,-1,-0.01,-1,-1,-0.01,-1,-1,-0.01,-1,-1,-0.01,-1,-1,-0.01,-1,-1,-0.01,-1,-1
99926009,2026-05-18 15:25:18+05:30,53523.25,0,0.0,0,0.0,0.0,53282.15,53667.55,52783.45,53710.35,0,0.0,0.0,0.0,0.0,-0.01,-1,-1,-0.01,-1,-1,-0.01,-1,-1,-0.01,-1,-1,-0.01,-1,-1,-0.01,-1,-1,-0.01,-1,-1,-0.01,-1,-1,-0.01,-1,-1,-0.01,-1,-1
99926009,2026-05-18 15:25:18+05:30,53523.7,0,0.0,0,0.0,0.0,53282.15,53667.55,52783.45,53710.35,0,0.0,0.0,0.0,0.0,-0.01,-1,-1,-0.01,-1,-1,-0.01,-1,-1,-0.01,-1,-1,-0.01,-1,-1,-0.01,-1,-1,-0.01,-1,-1,-0.01,-1,-1,-0.01,-1,-1,-0.01,-1,-1
99926009,2026-05-18 15:25:18+05:30,53523.05,0,0.0,0,0.0,0.0,53282.15,53667.55,52783.45,53710.35,0,0.0,0.0,0.0,0.0,-0.01,-1,-1,-0.01,-1,-1,-0.01,-1,-1,-0.01,-1,-1,-0.01,-1,-1,-0.01,-1,-1,-0.01,-1,-1,-0.01,-1,-1,-0.01,-1,-1,-0.01,-1,-1
99926009,2026-05-18 15:25:19+05:30,53523.05,0,0.0,0,0.0,0.0,53282.15,53667.55,52783.45,53710.35,0,0.0,0.0,0.0,0.0,-0.01,-1,-1,-0.01,-1,-1,-0.01,-1,-1,-0.01,-1,-1,-0.01,-1,-1,-0.01,-1,-1,-0.01,-1,-1,-0.01,-1,-1,-0.01,-1,-1,-0.01,-1,-1
99926009,2026-05-18 15:25:19+05:30,53521.5,0,0.0,0,0.0,0.0,53282.15,53667.55,52783.45,53710.35,0,0.0,0.0,0.0,0.0,-0.01,-1,-1,-0.01,-1,-1,-0.01,-1,-1,-0.01,-1,-1,-0.01,-1,-1,-0.01,-1,-1,-0.01,-1,-1,-0.01,-1,-1,-0.01,-1,-1,-0.01,-1,-1
99926009,2026-05-18 15:25:19+05:30,53522.0,0,0.0,0,0.0,0.0,53282.15,53667.55,52783.45,53710.35,0,0.0,0.0,0.0,0.0,-0.01,-1,-1,-0.01,-1,-1,-0.01,-1,-1,-0.01,-1,-1,-0.01,-1,-1,-0.01,-1,-1,-0.01,-1,-1,-0.01,-1,-1,-0.01,-1,-1,-0.01,-1,-1
99926009,2026-05-18 15:25:20+05:30,53522.0,0,0.0,0,0.0,0.0,53282.15,53667.55,52783.45,53710.35,0,0.0,0.0,0.0,0.0,-0.01,-1,-1,-0.01,-1,-1,-0.01,-1,-1,-0.01,-1,-1,-0.01,-1,-1,-0.01,-1,-1,-0.01,-1,-1,-0.01,-1,-1,-0.01,-1,-1,-0.01,-1,-1
99926009,2026-05-18 15:25:20+05:30,53524.85,0,0.0,0,0.0,0.0,53282.15,53667.55,52783.45,53710.35,0,0.0,0.0,0.0,0.0,-0.01,-1,-1,-0.01,-1,-1,-0.01,-1,-1,-0.01,-1,-1,-0.01,-1,-1,-0.01,-1,-1,-0.01,-1,-1,-0.01,-1,-1,-0.01,-1,-1,-0.01,-1,-1
99926009,2026-05-18 15:25:20+05:30,53527.4,0,0.0,0,0.0,0.0,53282.15,53667.55,52783.45,53710.35,0,0.0,0.0,0.0,0.0,-0.01,-1,-1,-0.01,-1,-1,-0.01,-1,-1,-0.01,-1,-1,-0.01,-1,-1,-0.01,-1,-1,-0.01,-1,-1,-0.01,-1,-1,-0.01,-1,-1,-0.01,-1,-1
99926009,2026-05-18 15:25:21+05:30,53527.4,0,0.0,0,0.0,0.0,53282.15,53667.55,52783.45,53710.35,0,0.0,0.0,0.0,0.0,-0.01,-1,-1,-0.01,-1,-1,-0.01,-1,-1,-0.01,-1,-1,-0.01,-1,-1,-0.01,-1,-1,-0.01,-1,-1,-0.01,-1,-1,-0.01,-1,-1,-0.01,-1,-1
99926009,2026-05-18 15:25:21+05:30,53527.4,0,0.0,0,0.0,0.0,53282.15,53667.55,52783.45,53710.35,0,0.0,0.0,0.0,0.0,-0.01,-1,-1,-0.01,-1,-1,-0.01,-1,-1,-0.01,-1,-1,-0.01,-1,-1,-0.01,-1,-1,-0.01,-1,-1,-0.01,-1,-1,-0.01,-1,-1,-0.01,-1,-1
99926009,2026-05-18 15:25:21+05:30,53523.5,0,0.0,0,0.0,0.0,53282.15,53667.55,52783.45,53710.35,0,0.0,0.0,0.0,0.0,-0.01,-1,-1,-0.01,-1,-1,-0.01,-1,-1,-0.01,-1,-1,-0.01,-1,-1,-0.01,-1,-1,-0.01,-1,-1,-0.01,-1,-1,-0.01,-1,-1,-0.01,-1,-1
99926009,2026-05-18 15:25:22+05:30,53523.5,0,0.0,0,0.0,0.0,53282.15,53667.55,52783.45,53710.35,0,0.0,0.0,0.0,0.0,-0.01,-1,-1,-0.01,-1,-1,-0.01,-1,-1,-0.01,-1,-1,-0.01,-1,-1,-0.01,-1,-1,-0.01,-1,-1,-0.01,-1,-1,-0.01,-1,-1,-0.01,-1,-1
99926009,2026-05-18 15:25:22+05:30,53520.55,0,0.0,0,0.0,0.0,53282.15,53667.55,52783.45,53710.35,0,0.0,0.0,0.0,0.0,-0.01,-1,-1,-0.01,-1,-1,-0.01,-1,-1,-0.01,-1,-1,-0.01,-1,-1,-0.01,-1,-1,-0.01,-1,-1,-0.01,-1,-1,-0.01,-1,-1,-0.01,-1,-1
99926009,2026-05-18 15:25:22+05:30,53525.7,0,0.0,0,0.0,0.0,53282.15,53667.55,52783.45,53710.35,0,0.0,0.0,0.0,0.0,-0.01,-1,-1,-0.01,-1,-1,-0.01,-1,-1,-0.01,-1,-1,-0.01,-1,-1,-0.01,-1,-1,-0.01,-1,-1,-0.01,-1,-1,-0.01,-1,-1,-0.01,-1,-1
99926009,2026-05-18 15:25:23+05:30,53525.7,0,0.0,0,0.0,0.0,53282.15,53667.55,52783.45,53710.35,0,0.0,0.0,0.0,0.0,-0.01,-1,-1,-0.01,-1,-1,-0.01,-1,-1,-0.01,-1,-1,-0.01,-1,-1,-0.01,-1,-1,-0.01,-1,-1,-0.01,-1,-1,-0.01,-1,-1,-0.01,-1,-1
99926009,2026-05-18 15:25:23+05:30,53526.3,0,0.0,0,0.0,0.0,53282.15,53667.55,52783.45,53710.35,0,0.0,0.0,0.0,0.0,-0.01,-1,-1,-0.01,-1,-1,-0.01,-1,-1,-0.01,-1,-1,-0.01,-1,-1,-0.01,-1,-1,-0.01,-1,-1,-0.01,-1,-1,-0.01,-1,-1,-0.01,-1,-1
99926009,2026-05-18 15:25:23+05:30,53523.9,0,0.0,0,0.0,0.0,53282.15,53667.55,52783.45,53710.35,0,0.0,0.0,0.0,0.0,-0.01,-1,-1,-0.01,-1,-1,-0.01,-1,-1,-0.01,-1,-1,-0.01,-1,-1,-0.01,-1,-1,-0.01,-1,-1,-0.01,-1,-1,-0.01,-1,-1,-0.01,-1,-1
99926009,2026-05-18 15:25:24+05:30,53523.9,0,0.0,0,0.0,0.0,53282.15,53667.55,52783.45,53710.35,0,0.0,0.0,0.0,0.0,-0.01,-1,-1,-0.01,-1,-1,-0.01,-1,-1,-0.01,-1,-1,-0.01,-1,-1,-0.01,-1,-1,-0.01,-1,-1,-0.01,-1,-1,-0.01,-1,-1,-0.01,-1,-1
99926009,2026-05-18 15:25:24+05:30,53521.5,0,0.0,0,0.0,0.0,53282.15,53667.55,52783.45,53710.35,0,0.0,0.0,0.0,0.0,-0.01,-1,-1,-0.01,-1,-1,-0.01,-1,-1,-0.01,-1,-1,-0.01,-1,-1,-0.01,-1,-1,-0.01,-1,-1,-0.01,-1,-1,-0.01,-1,-1,-0.01,-1,-1
99926009,2026-05-18 15:25:24+05:30,53520.05,0,0.0,0,0.0,0.0,53282.15,53667.55,52783.45,53710.35,0,0.0,0.0,0.0,0.0,-0.01,-1,-1,-0.01,-1,-1,-0.01,-1,-1,-0.01,-1,-1,-0.01,-1,-1,-0.01,-1,-1,-0.01,-1,-1,-0.01,-1,-1,-0.01,-1,-1,-0.01,-1,-1
99926009,2026-05-18 15:25:25+05:30,53520.05,0,0.0,0,0.0,0.0,53282.15,53667.55,52783.45,53710.35,0,0.0,0.0,0.0,0.0,-0.01,-1,-1,-0.01,-1,-1,-0.01,-1,-1,-0.01,-1,-1,-0.01,-1,-1,-0.01,-1,-1,-0.01,-1,-1,-0.01,-1,-1,-0.01,-1,-1,-0.01,-1,-1
99926009,2026-05-18 15:25:25+05:30,53518.85,0,0.0,0,0.0,0.0,53282.15,53667.55,52783.45,53710.35,0,0.0,0.0,0.0,0.0,-0.01,-1,-1,-0.01,-1,-1,-0.01,-1,-1,-0.01,-1,-1,-0.01,-1,-1,-0.01,-1,-1,-0.01,-1,-1,-0.01,-1,-1,-0.01,-1,-1,-0.01,-1,-1
99926009,2026-05-18 15:25:25+05:30,53525.4,0,0.0,0,0.0,0.0,53282.15,53667.55,52783.45,53710.35,0,0.0,0.0,0.0,0.0,-0.01,-1,-1,-0.01,-1,-1,-0.01,-1,-1,-0.01,-1,-1,-0.01,-1,-1,-0.01,-1,-1,-0.01,-1,-1,-0.01,-1,-1,-0.01,-1,-1,-0.01,-1,-1
99926009,2026-05-18 15:25:26+05:30,53525.4,0,0.0,0,0.0,0.0,53282.15,53667.55,52783.45,53710.35,0,0.0,0.0,0.0,0.0,-0.01,-1,-1,-0.01,-1,-1,-0.01,-1,-1,-0.01,-1,-1,-0.01,-1,-1,-0.01,-1,-1,-0.01,-1,-1,-0.01,-1,-1,-0.01,-1,-1,-0.01,-1,-1
99926009,2026-05-18 15:25:26+05:30,53521.0,0,0.0,0,0.0,0.0,53282.15,53667.55,52783.45,53710.35,0,0.0,0.0,0.0,0.0,-0.01,-1,-1,-0.01,-1,-1,-0.01,-1,-1,-0.01,-1,-1,-0.01,-1,-1,-0.01,-1,-1,-0.01,-1,-1,-0.01,-1,-1,-0.01,-1,-1,-0.01,-1,-1
99926009,2026-05-18 15:25:26+05:30,53520.55,0,0.0,0,0.0,0.0,53282.15,53667.55,52783.45,53710.35,0,0.0,0.0,0.0,0.0,-0.01,-1,-1,-0.01,-1,-1,-0.01,-1,-1,-0.01,-1,-1,-0.01,-1,-1,-0.01,-1,-1,-0.01,-1,-1,-0.01,-1,-1,-0.01,-1,-1,-0.01,-1,-1
99926009,2026-05-18 15:25:27+05:30,53520.55,0,0.0,0,0.0,0.0,53282.15,53667.55,52783.45,53710.35,0,0.0,0.0,0.0,0.0,-0.01,-1,-1,-0.01,-1,-1,-0.01,-1,-1,-0.01,-1,-1,-0.01,-1,-1,-0.01,-1,-1,-0.01,-1,-1,-0.01,-1,-1,-0.01,-1,-1,-0.01,-1,-1
99926009,2026-05-18 15:25:27+05:30,53519.15,0,0.0,0,0.0,0.0,53282.15,53667.55,52783.45,53710.35,0,0.0,0.0,0.0,0.0,-0.01,-1,-1,-0.01,-1,-1,-0.01,-1,-1,-0.01,-1,-1,-0.01,-1,-1,-0.01,-1,-1,-0.01,-1,-1,-0.01,-1,-1,-0.01,-1,-1,-0.01,-1,-1
99926009,2026-05-18 15:25:27+05:30,53532.35,0,0.0,0,0.0,0.0,53282.15,53667.55,52783.45,53710.35,0,0.0,0.0,0.0,0.0,-0.01,-1,-1,-0.01,-1,-1,-0.01,-1,-1,-0.01,-1,-1,-0.01,-1,-1,-0.01,-1,-1,-0.01,-1,-1,-0.01,-1,-1,-0.01,-1,-1,-0.01,-1,-1
99926009,2026-05-18 15:25:28+05:30,53532.35,0,0.0,0,0.0,0.0,53282.15,53667.55,52783.45,53710.35,0,0.0,0.0,0.0,0.0,-0.01,-1,-1,-0.01,-1,-1,-0.01,-1,-1,-0.01,-1,-1,-0.01,-1,-1,-0.01,-1,-1,-0.01,-1,-1,-0.01,-1,-1,-0.01,-1,-1,-0.01,-1,-1
99926009,2026-05-18 15:25:28+05:30,53531.05,0,0.0,0,0.0,0.0,53282.15,53667.55,52783.45,53710.35,0,0.0,0.0,0.0,0.0,-0.01,-1,-1,-0.01,-1,-1,-0.01,-1,-1,-0.01,-1,-1,-0.01,-1,-1,-0.01,-1,-1,-0.01,-1,-1,-0.01,-1,-1,-0.01,-1,-1,-0.01,-1,-1
99926009,2026-05-18 15:25:28+05:30,53531.85,0,0.0,0,0.0,0.0,53282.15,53667.55,52783.45,53710.35,0,0.0,0.0,0.0,0.0,-0.01,-1,-1,-0.01,-1,-1,-0.01,-1,-1,-0.01,-1,-1,-0.01,-1,-1,-0.01,-1,-1,-0.01,-1,-1,-0.01,-1,-1,-0.01,-1,-1,-0.01,-1,-1
99926009,2026-05-18 15:25:29+05:30,53531.85,0,0.0,0,0.0,0.0,53282.15,53667.55,52783.45,53710.35,0,0.0,0.0,0.0,0.0,-0.01,-1,-1,-0.01,-1,-1,-0.01,-1,-1,-0.01,-1,-1,-0.01,-1,-1,-0.01,-1,-1,-0.01,-1,-1,-0.01,-1,-1,-0.01,-1,-1,-0.01,-1,-1
99926009,2026-05-18 15:25:29+05:30,53526.7,0,0.0,0,0.0,0.0,53282.15,53667.55,52783.45,53710.35,0,0.0,0.0,0.0,0.0,-0.01,-1,-1,-0.01,-1,-1,-0.01,-1,-1,-0.01,-1,-1,-0.01,-1,-1,-0.01,-1,-1,-0.01,-1,-1,-0.01,-1,-1,-0.01,-1,-1,-0.01,-1,-1
99926009,2026-05-18 15:25:29+05:30,53527.4,0,0.0,0,0.0,0.0,53282.15,53667.55,52783.45,53710.35,0,0.0,0.0,0.0,0.0,-0.01,-1,-1,-0.01,-1,-1,-0.01,-1,-1,-0.01,-1,-1,-0.01,-1,-1,-0.01,-1,-1,-0.01,-1,-1,-0.01,-1,-1,-0.01,-1,-1,-0.01,-1,-1
99926009,2026-05-18 15:25:30+05:30,53527.4,0,0.0,0,0.0,0.0,53282.15,53667.55,52783.45,53710.35,0,0.0,0.0,0.0,0.0,-0.01,-1,-1,-0.01,-1,-1,-0.01,-1,-1,-0.01,-1,-1,-0.01,-1,-1,-0.01,-1,-1,-0.01,-1,-1,-0.01,-1,-1,-0.01,-1,-1,-0.01,-1,-1
99926009,2026-05-18 15:25:30+05:30,53529.3,0,0.0,0,0.0,0.0,53282.15,53667.55,52783.45,53710.35,0,0.0,0.0,0.0,0.0,-0.01,-1,-1,-0.01,-1,-1,-0.01,-1,-1,-0.01,-1,-1,-0.01,-1,-1,-0.01,-1,-1,-0.01,-1,-1,-0.01,-1,-1,-0.01,-1,-1,-0.01,-1,-1
99926009,2026-05-18 15:25:30+05:30,53526.45,0,0.0,0,0.0,0.0,53282.15,53667.55,52783.45,53710.35,0,0.0,0.0,0.0,0.0,-0.01,-1,-1,-0.01,-1,-1,-0.01,-1,-1,-0.01,-1,-1,-0.01,-1,-1,-0.01,-1,-1,-0.01,-1,-1,-0.01,-1,-1,-0.01,-1,-1,-0.01,-1,-1
99926009,2026-05-18 15:25:31+05:30,53526.45,0,0.0,0,0.0,0.0,53282.15,53667.55,52783.45,53710.35,0,0.0,0.0,0.0,0.0,-0.01,-1,-1,-0.01,-1,-1,-0.01,-1,-1,-0.01,-1,-1,-0.01,-1,-1,-0.01,-1,-1,-0.01,-1,-1,-0.01,-1,-1,-0.01,-1,-1,-0.01,-1,-1
99926009,2026-05-18 15:25:31+05:30,53520.8,0,0.0,0,0.0,0.0,53282.15,53667.55,52783.45,53710.35,0,0.0,0.0,0.0,0.0,-0.01,-1,-1,-0.01,-1,-1,-0.01,-1,-1,-0.01,-1,-1,-0.01,-1,-1,-0.01,-1,-1,-0.01,-1,-1,-0.01,-1,-1,-0.01,-1,-1,-0.01,-1,-1
99926009,2026-05-18 15:25:31+05:30,53523.6,0,0.0,0,0.0,0.0,53282.15,53667.55,52783.45,53710.35,0,0.0,0.0,0.0,0.0,-0.01,-1,-1,-0.01,-1,-1,-0.01,-1,-1,-0.01,-1,-1,-0.01,-1,-1,-0.01,-1,-1,-0.01,-1,-1,-0.01,-1,-1,-0.01,-1,-1,-0.01,-1,-1
99926009,2026-05-18 15:25:32+05:30,53523.6,0,0.0,0,0.0,0.0,53282.15,53667.55,52783.45,53710.35,0,0.0,0.0,0.0,0.0,-0.01,-1,-1,-0.01,-1,-1,-0.01,-1,-1,-0.01,-1,-1,-0.01,-1,-1,-0.01,-1,-1,-0.01,-1,-1,-0.01,-1,-1,-0.01,-1,-1,-0.01,-1,-1
99926009,2026-05-18 15:25:32+05:30,53518.7,0,0.0,0,0.0,0.0,53282.15,53667.55,52783.45,53710.35,0,0.0,0.0,0.0,0.0,-0.01,-1,-1,-0.01,-1,-1,-0.01,-1,-1,-0.01,-1,-1,-0.01,-1,-1,-0.01,-1,-1,-0.01,-1,-1,-0.01,-1,-1,-0.01,-1,-1,-0.01,-1,-1
99926009,2026-05-18 15:25:32+05:30,53519.05,0,0.0,0,0.0,0.0,53282.15,53667.55,52783.45,53710.35,0,0.0,0.0,0.0,0.0,-0.01,-1,-1,-0.01,-1,-1,-0.01,-1,-1,-0.01,-1,-1,-0.01,-1,-1,-0.01,-1,-1,-0.01,-1,-1,-0.01,-1,-1,-0.01,-1,-1,-0.01,-1,-1
99926009,2026-05-18 15:25:33+05:30,53519.05,0,0.0,0,0.0,0.0,53282.15,53667.55,52783.45,53710.35,0,0.0,0.0,0.0,0.0,-0.01,-1,-1,-0.01,-1,-1,-0.01,-1,-1,-0.01,-1,-1,-0.01,-1,-1,-0.01,-1,-1,-0.01,-1,-1,-0.01,-1,-1,-0.01,-1,-1,-0.01,-1,-1
99926009,2026-05-18 15:25:33+05:30,53518.45,0,0.0,0,0.0,0.0,53282.15,53667.55,52783.45,53710.35,0,0.0,0.0,0.0,0.0,-0.01,-1,-1,-0.01,-1,-1,-0.01,-1,-1,-0.01,-1,-1,-0.01,-1,-1,-0.01,-1,-1,-0.01,-1,-1,-0.01,-1,-1,-0.01,-1,-1,-0.01,-1,-1
99926009,2026-05-18 15:25:33+05:30,53521.8,0,0.0,0,0.0,0.0,53282.15,53667.55,52783.45,53710.35,0,0.0,0.0,0.0,0.0,-0.01,-1,-1,-0.01,-1,-1,-0.01,-1,-1,-0.01,-1,-1,-0.01,-1,-1,-0.01,-1,-1,-0.01,-1,-1,-0.01,-1,-1,-0.01,-1,-1,-0.01,-1,-1
99926009,2026-05-18 15:25:34+05:30,53521.8,0,0.0,0,0.0,0.0,53282.15,53667.55,52783.45,53710.35,0,0.0,0.0,0.0,0.0,-0.01,-1,-1,-0.01,-1,-1,-0.01,-1,-1,-0.01,-1,-1,-0.01,-1,-1,-0.01,-1,-1,-0.01,-1,-1,-0.01,-1,-1,-0.01,-1,-1,-0.01,-1,-1
99926009,2026-05-18 15:25:34+05:30,53521.85,0,0.0,0,0.0,0.0,53282.15,53667.55,52783.45,53710.35,0,0.0,0.0,0.0,0.0,-0.01,-1,-1,-0.01,-1,-1,-0.01,-1,-1,-0.01,-1,-1,-0.01,-1,-1,-0.01,-1,-1,-0.01,-1,-1,-0.01,-1,-1,-0.01,-1,-1,-0.01,-1,-1
99926009,2026-05-18 15:25:34+05:30,53519.3,0,0.0,0,0.0,0.0,53282.15,53667.55,52783.45,53710.35,0,0.0,0.0,0.0,0.0,-0.01,-1,-1,-0.01,-1,-1,-0.01,-1,-1,-0.01,-1,-1,-0.01,-1,-1,-0.01,-1,-1,-0.01,-1,-1,-0.01,-1,-1,-0.01,-1,-1,-0.01,-1,-1
99926009,2026-05-18 15:25:35+05:30,53519.3,0,0.0,0,0.0,0.0,53282.15,53667.55,52783.45,53710.35,0,0.0,0.0,0.0,0.0,-0.01,-1,-1,-0.01,-1,-1,-0.01,-1,-1,-0.01,-1,-1,-0.01,-1,-1,-0.01,-1,-1,-0.01,-1,-1,-0.01,-1,-1,-0.01,-1,-1,-0.01,-1,-1
99926009,2026-05-18 15:25:35+05:30,53521.3,0,0.0,0,0.0,0.0,53282.15,53667.55,52783.45,53710.35,0,0.0,0.0,0.0,0.0,-0.01,-1,-1,-0.01,-1,-1,-0.01,-1,-1,-0.01,-1,-1,-0.01,-1,-1,-0.01,-1,-1,-0.01,-1,-1,-0.01,-1,-1,-0.01,-1,-1,-0.01,-1,-1
99926009,2026-05-18 15:25:35+05:30,53521.3,0,0.0,0,0.0,0.0,53282.15,53667.55,52783.45,53710.35,0,0.0,0.0,0.0,0.0,-0.01,-1,-1,-0.01,-1,-1,-0.01,-1,-1,-0.01,-1,-1,-0.01,-1,-1,-0.01,-1,-1,-0.01,-1,-1,-0.01,-1,-1,-0.01,-1,-1,-0.01,-1,-1
99926009,2026-05-18 15:25:36+05:30,53521.3,0,0.0,0,0.0,0.0,53282.15,53667.55,52783.45,53710.35,0,0.0,0.0,0.0,0.0,-0.01,-1,-1,-0.01,-1,-1,-0.01,-1,-1,-0.01,-1,-1,-0.01,-1,-1,-0.01,-1,-1,-0.01,-1,-1,-0.01,-1,-1,-0.01,-1,-1,-0.01,-1,-1
99926009,2026-05-18 15:25:36+05:30,53521.4,0,0.0,0,0.0,0.0,53282.15,53667.55,52783.45,53710.35,0,0.0,0.0,0.0,0.0,-0.01,-1,-1,-0.01,-1,-1,-0.01,-1,-1,-0.01,-1,-1,-0.01,-1,-1,-0.01,-1,-1,-0.01,-1,-1,-0.01,-1,-1,-0.01,-1,-1,-0.01,-1,-1
99926009,2026-05-18 15:25:36+05:30,53521.5,0,0.0,0,0.0,0.0,53282.15,53667.55,52783.45,53710.35,0,0.0,0.0,0.0,0.0,-0.01,-1,-1,-0.01,-1,-1,-0.01,-1,-1,-0.01,-1,-1,-0.01,-1,-1,-0.01,-1,-1,-0.01,-1,-1,-0.01,-1,-1,-0.01,-1,-1,-0.01,-1,-1
99926009,2026-05-18 15:25:37+05:30,53521.5,0,0.0,0,0.0,0.0,53282.15,53667.55,52783.45,53710.35,0,0.0,0.0,0.0,0.0,-0.01,-1,-1,-0.01,-1,-1,-0.01,-1,-1,-0.01,-1,-1,-0.01,-1,-1,-0.01,-1,-1,-0.01,-1,-1,-0.01,-1,-1,-0.01,-1,-1,-0.01,-1,-1
99926009,2026-05-18 15:25:37+05:30,53521.5,0,0.0,0,0.0,0.0,53282.15,53667.55,52783.45,53710.35,0,0.0,0.0,0.0,0.0,-0.01,-1,-1,-0.01,-1,-1,-0.01,-1,-1,-0.01,-1,-1,-0.01,-1,-1,-0.01,-1,-1,-0.01,-1,-1,-0.01,-1,-1,-0.01,-1,-1,-0.01,-1,-1
99926009,2026-05-18 15:25:37+05:30,53519.6,0,0.0,0,0.0,0.0,53282.15,53667.55,52783.45,53710.35,0,0.0,0.0,0.0,0.0,-0.01,-1,-1,-0.01,-1,-1,-0.01,-1,-1,-0.01,-1,-1,-0.01,-1,-1,-0.01,-1,-1,-0.01,-1,-1,-0.01,-1,-1,-0.01,-1,-1,-0.01,-1,-1
99926009,2026-05-18 15:25:38+05:30,53519.6,0,0.0,0,0.0,0.0,53282.15,53667.55,52783.45,53710.35,0,0.0,0.0,0.0,0.0,-0.01,-1,-1,-0.01,-1,-1,-0.01,-1,-1,-0.01,-1,-1,-0.01,-1,-1,-0.01,-1,-1,-0.01,-1,-1,-0.01,-1,-1,-0.01,-1,-1,-0.01,-1,-1
99926009,2026-05-18 15:25:38+05:30,53518.5,0,0.0,0,0.0,0.0,53282.15,53667.55,52783.45,53710.35,0,0.0,0.0,0.0,0.0,-0.01,-1,-1,-0.01,-1,-1,-0.01,-1,-1,-0.01,-1,-1,-0.01,-1,-1,-0.01,-1,-1,-0.01,-1,-1,-0.01,-1,-1,-0.01,-1,-1,-0.01,-1,-1
99926009,2026-05-18 15:25:38+05:30,53517.2,0,0.0,0,0.0,0.0,53282.15,53667.55,52783.45,53710.35,0,0.0,0.0,0.0,0.0,-0.01,-1,-1,-0.01,-1,-1,-0.01,-1,-1,-0.01,-1,-1,-0.01,-1,-1,-0.01,-1,-1,-0.01,-1,-1,-0.01,-1,-1,-0.01,-1,-1,-0.01,-1,-1
99926009,2026-05-18 15:25:39+05:30,53517.2,0,0.0,0,0.0,0.0,53282.15,53667.55,52783.45,53710.35,0,0.0,0.0,0.0,0.0,-0.01,-1,-1,-0.01,-1,-1,-0.01,-1,-1,-0.01,-1,-1,-0.01,-1,-1,-0.01,-1,-1,-0.01,-1,-1,-0.01,-1,-1,-0.01,-1,-1,-0.01,-1,-1
99926009,2026-05-18 15:25:39+05:30,53522.6,0,0.0,0,0.0,0.0,53282.15,53667.55,52783.45,53710.35,0,0.0,0.0,0.0,0.0,-0.01,-1,-1,-0.01,-1,-1,-0.01,-1,-1,-0.01,-1,-1,-0.01,-1,-1,-0.01,-1,-1,-0.01,-1,-1,-0.01,-1,-1,-0.01,-1,-1,-0.01,-1,-1
99926009,2026-05-18 15:25:39+05:30,53523.75,0,0.0,0,0.0,0.0,53282.15,53667.55,52783.45,53710.35,0,0.0,0.0,0.0,0.0,-0.01,-1,-1,-0.01,-1,-1,-0.01,-1,-1,-0.01,-1,-1,-0.01,-1,-1,-0.01,-1,-1,-0.01,-1,-1,-0.01,-1,-1,-0.01,-1,-1,-0.01,-1,-1
99926009,2026-05-18 15:25:40+05:30,53523.75,0,0.0,0,0.0,0.0,53282.15,53667.55,52783.45,53710.35,0,0.0,0.0,0.0,0.0,-0.01,-1,-1,-0.01,-1,-1,-0.01,-1,-1,-0.01,-1,-1,-0.01,-1,-1,-0.01,-1,-1,-0.01,-1,-1,-0.01,-1,-1,-0.01,-1,-1,-0.01,-1,-1
99926009,2026-05-18 15:25:40+05:30,53522.95,0,0.0,0,0.0,0.0,53282.15,53667.55,52783.45,53710.35,0,0.0,0.0,0.0,0.0,-0.01,-1,-1,-0.01,-1,-1,-0.01,-1,-1,-0.01,-1,-1,-0.01,-1,-1,-0.01,-1,-1,-0.01,-1,-1,-0.01,-1,-1,-0.01,-1,-1,-0.01,-1,-1
99926009,2026-05-18 15:25:40+05:30,53522.05,0,0.0,0,0.0,0.0,53282.15,53667.55,52783.45,53710.35,0,0.0,0.0,0.0,0.0,-0.01,-1,-1,-0.01,-1,-1,-0.01,-1,-1,-0.01,-1,-1,-0.01,-1,-1,-0.01,-1,-1,-0.01,-1,-1,-0.01,-1,-1,-0.01,-1,-1,-0.01,-1,-1
99926009,2026-05-18 15:25:41+05:30,53522.05,0,0.0,0,0.0,0.0,53282.15,53667.55,52783.45,53710.35,0,0.0,0.0,0.0,0.0,-0.01,-1,-1,-0.01,-1,-1,-0.01,-1,-1,-0.01,-1,-1,-0.01,-1,-1,-0.01,-1,-1,-0.01,-1,-1,-0.01,-1,-1,-0.01,-1,-1,-0.01,-1,-1
99926009,2026-05-18 15:25:41+05:30,53519.8,0,0.0,0,0.0,0.0,53282.15,53667.55,52783.45,53710.35,0,0.0,0.0,0.0,0.0,-0.01,-1,-1,-0.01,-1,-1,-0.01,-1,-1,-0.01,-1,-1,-0.01,-1,-1,-0.01,-1,-1,-0.01,-1,-1,-0.01,-1,-1,-0.01,-1,-1,-0.01,-1,-1
99926009,2026-05-18 15:25:41+05:30,53523.3,0,0.0,0,0.0,0.0,53282.15,53667.55,52783.45,53710.35,0,0.0,0.0,0.0,0.0,-0.01,-1,-1,-0.01,-1,-1,-0.01,-1,-1,-0.01,-1,-1,-0.01,-1,-1,-0.01,-1,-1,-0.01,-1,-1,-0.01,-1,-1,-0.01,-1,-1,-0.01,-1,-1
99926009,2026-05-18 15:25:42+05:30,53523.3,0,0.0,0,0.0,0.0,53282.15,53667.55,52783.45,53710.35,0,0.0,0.0,0.0,0.0,-0.01,-1,-1,-0.01,-1,-1,-0.01,-1,-1,-0.01,-1,-1,-0.01,-1,-1,-0.01,-1,-1,-0.01,-1,-1,-0.01,-1,-1,-0.01,-1,-1,-0.01,-1,-1
99926009,2026-05-18 15:25:42+05:30,53522.5,0,0.0,0,0.0,0.0,53282.15,53667.55,52783.45,53710.35,0,0.0,0.0,0.0,0.0,-0.01,-1,-1,-0.01,-1,-1,-0.01,-1,-1,-0.01,-1,-1,-0.01,-1,-1,-0.01,-1,-1,-0.01,-1,-1,-0.01,-1,-1,-0.01,-1,-1,-0.01,-1,-1
99926009,2026-05-18 15:25:42+05:30,53519.3,0,0.0,0,0.0,0.0,53282.15,53667.55,52783.45,53710.35,0,0.0,0.0,0.0,0.0,-0.01,-1,-1,-0.01,-1,-1,-0.01,-1,-1,-0.01,-1,-1,-0.01,-1,-1,-0.01,-1,-1,-0.01,-1,-1,-0.01,-1,-1,-0.01,-1,-1,-0.01,-1,-1
99926009,2026-05-18 15:25:43+05:30,53519.3,0,0.0,0,0.0,0.0,53282.15,53667.55,52783.45,53710.35,0,0.0,0.0,0.0,0.0,-0.01,-1,-1,-0.01,-1,-1,-0.01,-1,-1,-0.01,-1,-1,-0.01,-1,-1,-0.01,-1,-1,-0.01,-1,-1,-0.01,-1,-1,-0.01,-1,-1,-0.01,-1,-1
99926009,2026-05-18 15:25:43+05:30,53522.9,0,0.0,0,0.0,0.0,53282.15,53667.55,52783.45,53710.35,0,0.0,0.0,0.0,0.0,-0.01,-1,-1,-0.01,-1,-1,-0.01,-1,-1,-0.01,-1,-1,-0.01,-1,-1,-0.01,-1,-1,-0.01,-1,-1,-0.01,-1,-1,-0.01,-1,-1,-0.01,-1,-1
99926009,2026-05-18 15:25:43+05:30,53526.15,0,0.0,0,0.0,0.0,53282.15,53667.55,52783.45,53710.35,0,0.0,0.0,0.0,0.0,-0.01,-1,-1,-0.01,-1,-1,-0.01,-1,-1,-0.01,-1,-1,-0.01,-1,-1,-0.01,-1,-1,-0.01,-1,-1,-0.01,-1,-1,-0.01,-1,-1,-0.01,-1,-1
99926009,2026-05-18 15:25:44+05:30,53526.15,0,0.0,0,0.0,0.0,53282.15,53667.55,52783.45,53710.35,0,0.0,0.0,0.0,0.0,-0.01,-1,-1,-0.01,-1,-1,-0.01,-1,-1,-0.01,-1,-1,-0.01,-1,-1,-0.01,-1,-1,-0.01,-1,-1,-0.01,-1,-1,-0.01,-1,-1,-0.01,-1,-1
99926009,2026-05-18 15:25:44+05:30,53523.4,0,0.0,0,0.0,0.0,53282.15,53667.55,52783.45,53710.35,0,0.0,0.0,0.0,0.0,-0.01,-1,-1,-0.01,-1,-1,-0.01,-1,-1,-0.01,-1,-1,-0.01,-1,-1,-0.01,-1,-1,-0.01,-1,-1,-0.01,-1,-1,-0.01,-1,-1,-0.01,-1,-1
99926009,2026-05-18 15:25:44+05:30,53523.85,0,0.0,0,0.0,0.0,53282.15,53667.55,52783.45,53710.35,0,0.0,0.0,0.0,0.0,-0.01,-1,-1,-0.01,-1,-1,-0.01,-1,-1,-0.01,-1,-1,-0.01,-1,-1,-0.01,-1,-1,-0.01,-1,-1,-0.01,-1,-1,-0.01,-1,-1,-0.01,-1,-1
99926009,2026-05-18 15:25:45+05:30,53523.85,0,0.0,0,0.0,0.0,53282.15,53667.55,52783.45,53710.35,0,0.0,0.0,0.0,0.0,-0.01,-1,-1,-0.01,-1,-1,-0.01,-1,-1,-0.01,-1,-1,-0.01,-1,-1,-0.01,-1,-1,-0.01,-1,-1,-0.01,-1,-1,-0.01,-1,-1,-0.01,-1,-1
99926009,2026-05-18 15:25:45+05:30,53519.8,0,0.0,0,0.0,0.0,53282.15,53667.55,52783.45,53710.35,0,0.0,0.0,0.0,0.0,-0.01,-1,-1,-0.01,-1,-1,-0.01,-1,-1,-0.01,-1,-1,-0.01,-1,-1,-0.01,-1,-1,-0.01,-1,-1,-0.01,-1,-1,-0.01,-1,-1,-0.01,-1,-1
99926009,2026-05-18 15:25:45+05:30,53522.5,0,0.0,0,0.0,0.0,53282.15,53667.55,52783.45,53710.35,0,0.0,0.0,0.0,0.0,-0.01,-1,-1,-0.01,-1,-1,-0.01,-1,-1,-0.01,-1,-1,-0.01,-1,-1,-0.01,-1,-1,-0.01,-1,-1,-0.01,-1,-1,-0.01,-1,-1,-0.01,-1,-1
99926009,2026-05-18 15:25:46+05:30,53522.5,0,0.0,0,0.0,0.0,53282.15,53667.55,52783.45,53710.35,0,0.0,0.0,0.0,0.0,-0.01,-1,-1,-0.01,-1,-1,-0.01,-1,-1,-0.01,-1,-1,-0.01,-1,-1,-0.01,-1,-1,-0.01,-1,-1,-0.01,-1,-1,-0.01,-1,-1,-0.01,-1,-1
99926009,2026-05-18 15:25:46+05:30,53521.75,0,0.0,0,0.0,0.0,53282.15,53667.55,52783.45,53710.35,0,0.0,0.0,0.0,0.0,-0.01,-1,-1,-0.01,-1,-1,-0.01,-1,-1,-0.01,-1,-1,-0.01,-1,-1,-0.01,-1,-1,-0.01,-1,-1,-0.01,-1,-1,-0.01,-1,-1,-0.01,-1,-1
99926009,2026-05-18 15:25:46+05:30,53522.75,0,0.0,0,0.0,0.0,53282.15,53667.55,52783.45,53710.35,0,0.0,0.0,0.0,0.0,-0.01,-1,-1,-0.01,-1,-1,-0.01,-1,-1,-0.01,-1,-1,-0.01,-1,-1,-0.01,-1,-1,-0.01,-1,-1,-0.01,-1,-1,-0.01,-1,-1,-0.01,-1,-1
99926009,2026-05-18 15:25:47+05:30,53522.75,0,0.0,0,0.0,0.0,53282.15,53667.55,52783.45,53710.35,0,0.0,0.0,0.0,0.0,-0.01,-1,-1,-0.01,-1,-1,-0.01,-1,-1,-0.01,-1,-1,-0.01,-1,-1,-0.01,-1,-1,-0.01,-1,-1,-0.01,-1,-1,-0.01,-1,-1,-0.01,-1,-1
99926009,2026-05-18 15:25:47+05:30,53520.7,0,0.0,0,0.0,0.0,53282.15,53667.55,52783.45,53710.35,0,0.0,0.0,0.0,0.0,-0.01,-1,-1,-0.01,-1,-1,-0.01,-1,-1,-0.01,-1,-1,-0.01,-1,-1,-0.01,-1,-1,-0.01,-1,-1,-0.01,-1,-1,-0.01,-1,-1,-0.01,-1,-1
99926009,2026-05-18 15:25:47+05:30,53524.95,0,0.0,0,0.0,0.0,53282.15,53667.55,52783.45,53710.35,0,0.0,0.0,0.0,0.0,-0.01,-1,-1,-0.01,-1,-1,-0.01,-1,-1,-0.01,-1,-1,-0.01,-1,-1,-0.01,-1,-1,-0.01,-1,-1,-0.01,-1,-1,-0.01,-1,-1,-0.01,-1,-1
99926009,2026-05-18 15:25:48+05:30,53524.95,0,0.0,0,0.0,0.0,53282.15,53667.55,52783.45,53710.35,0,0.0,0.0,0.0,0.0,-0.01,-1,-1,-0.01,-1,-1,-0.01,-1,-1,-0.01,-1,-1,-0.01,-1,-1,-0.01,-1,-1,-0.01,-1,-1,-0.01,-1,-1,-0.01,-1,-1,-0.01,-1,-1
99926009,2026-05-18 15:25:48+05:30,53522.05,0,0.0,0,0.0,0.0,53282.15,53667.55,52783.45,53710.35,0,0.0,0.0,0.0,0.0,-0.01,-1,-1,-0.01,-1,-1,-0.01,-1,-1,-0.01,-1,-1,-0.01,-1,-1,-0.01,-1,-1,-0.01,-1,-1,-0.01,-1,-1,-0.01,-1,-1,-0.01,-1,-1
99926009,2026-05-18 15:25:48+05:30,53521.65,0,0.0,0,0.0,0.0,53282.15,53667.55,52783.45,53710.35,0,0.0,0.0,0.0,0.0,-0.01,-1,-1,-0.01,-1,-1,-0.01,-1,-1,-0.01,-1,-1,-0.01,-1,-1,-0.01,-1,-1,-0.01,-1,-1,-0.01,-1,-1,-0.01,-1,-1,-0.01,-1,-1
99926009,2026-05-18 15:25:49+05:30,53521.65,0,0.0,0,0.0,0.0,53282.15,53667.55,52783.45,53710.35,0,0.0,0.0,0.0,0.0,-0.01,-1,-1,-0.01,-1,-1,-0.01,-1,-1,-0.01,-1,-1,-0.01,-1,-1,-0.01,-1,-1,-0.01,-1,-1,-0.01,-1,-1,-0.01,-1,-1,-0.01,-1,-1
99926009,2026-05-18 15:25:49+05:30,53521.2,0,0.0,0,0.0,0.0,53282.15,53667.55,52783.45,53710.35,0,0.0,0.0,0.0,0.0,-0.01,-1,-1,-0.01,-1,-1,-0.01,-1,-1,-0.01,-1,-1,-0.01,-1,-1,-0.01,-1,-1,-0.01,-1,-1,-0.01,-1,-1,-0.01,-1,-1,-0.01,-1,-1
99926009,2026-05-18 15:25:49+05:30,53521.95,0,0.0,0,0.0,0.0,53282.15,53667.55,52783.45,53710.35,0,0.0,0.0,0.0,0.0,-0.01,-1,-1,-0.01,-1,-1,-0.01,-1,-1,-0.01,-1,-1,-0.01,-1,-1,-0.01,-1,-1,-0.01,-1,-1,-0.01,-1,-1,-0.01,-1,-1,-0.01,-1,-1
99926009,2026-05-18 15:25:50+05:30,53521.95,0,0.0,0,0.0,0.0,53282.15,53667.55,52783.45,53710.35,0,0.0,0.0,0.0,0.0,-0.01,-1,-1,-0.01,-1,-1,-0.01,-1,-1,-0.01,-1,-1,-0.01,-1,-1,-0.01,-1,-1,-0.01,-1,-1,-0.01,-1,-1,-0.01,-1,-1,-0.01,-1,-1
99926009,2026-05-18 15:25:50+05:30,53517.7,0,0.0,0,0.0,0.0,53282.15,53667.55,52783.45,53710.35,0,0.0,0.0,0.0,0.0,-0.01,-1,-1,-0.01,-1,-1,-0.01,-1,-1,-0.01,-1,-1,-0.01,-1,-1,-0.01,-1,-1,-0.01,-1,-1,-0.01,-1,-1,-0.01,-1,-1,-0.01,-1,-1
99926009,2026-05-18 15:25:50+05:30,53520.9,0,0.0,0,0.0,0.0,53282.15,53667.55,52783.45,53710.35,0,0.0,0.0,0.0,0.0,-0.01,-1,-1,-0.01,-1,-1,-0.01,-1,-1,-0.01,-1,-1,-0.01,-1,-1,-0.01,-1,-1,-0.01,-1,-1,-0.01,-1,-1,-0.01,-1,-1,-0.01,-1,-1
99926009,2026-05-18 15:25:51+05:30,53520.9,0,0.0,0,0.0,0.0,53282.15,53667.55,52783.45,53710.35,0,0.0,0.0,0.0,0.0,-0.01,-1,-1,-0.01,-1,-1,-0.01,-1,-1,-0.01,-1,-1,-0.01,-1,-1,-0.01,-1,-1,-0.01,-1,-1,-0.01,-1,-1,-0.01,-1,-1,-0.01,-1,-1
99926009,2026-05-18 15:25:51+05:30,53521.25,0,0.0,0,0.0,0.0,53282.15,53667.55,52783.45,53710.35,0,0.0,0.0,0.0,0.0,-0.01,-1,-1,-0.01,-1,-1,-0.01,-1,-1,-0.01,-1,-1,-0.01,-1,-1,-0.01,-1,-1,-0.01,-1,-1,-0.01,-1,-1,-0.01,-1,-1,-0.01,-1,-1
99926009,2026-05-18 15:25:51+05:30,53517.65,0,0.0,0,0.0,0.0,53282.15,53667.55,52783.45,53710.35,0,0.0,0.0,0.0,0.0,-0.01,-1,-1,-0.01,-1,-1,-0.01,-1,-1,-0.01,-1,-1,-0.01,-1,-1,-0.01,-1,-1,-0.01,-1,-1,-0.01,-1,-1,-0.01,-1,-1,-0.01,-1,-1
99926009,2026-05-18 15:25:52+05:30,53517.65,0,0.0,0,0.0,0.0,53282.15,53667.55,52783.45,53710.35,0,0.0,0.0,0.0,0.0,-0.01,-1,-1,-0.01,-1,-1,-0.01,-1,-1,-0.01,-1,-1,-0.01,-1,-1,-0.01,-1,-1,-0.01,-1,-1,-0.01,-1,-1,-0.01,-1,-1,-0.01,-1,-1
99926009,2026-05-18 15:25:52+05:30,53516.55,0,0.0,0,0.0,0.0,53282.15,53667.55,52783.45,53710.35,0,0.0,0.0,0.0,0.0,-0.01,-1,-1,-0.01,-1,-1,-0.01,-1,-1,-0.01,-1,-1,-0.01,-1,-1,-0.01,-1,-1,-0.01,-1,-1,-0.01,-1,-1,-0.01,-1,-1,-0.01,-1,-1
99926009,2026-05-18 15:25:52+05:30,53519.2,0,0.0,0,0.0,0.0,53282.15,53667.55,52783.45,53710.35,0,0.0,0.0,0.0,0.0,-0.01,-1,-1,-0.01,-1,-1,-0.01,-1,-1,-0.01,-1,-1,-0.01,-1,-1,-0.01,-1,-1,-0.01,-1,-1,-0.01,-1,-1,-0.01,-1,-1,-0.01,-1,-1
99926009,2026-05-18 15:25:53+05:30,53519.2,0,0.0,0,0.0,0.0,53282.15,53667.55,52783.45,53710.35,0,0.0,0.0,0.0,0.0,-0.01,-1,-1,-0.01,-1,-1,-0.01,-1,-1,-0.01,-1,-1,-0.01,-1,-1,-0.01,-1,-1,-0.01,-1,-1,-0.01,-1,-1,-0.01,-1,-1,-0.01,-1,-1
99926009,2026-05-18 15:25:53+05:30,53517.3,0,0.0,0,0.0,0.0,53282.15,53667.55,52783.45,53710.35,0,0.0,0.0,0.0,0.0,-0.01,-1,-1,-0.01,-1,-1,-0.01,-1,-1,-0.01,-1,-1,-0.01,-1,-1,-0.01,-1,-1,-0.01,-1,-1,-0.01,-1,-1,-0.01,-1,-1,-0.01,-1,-1
99926009,2026-05-18 15:25:53+05:30,53519.2,0,0.0,0,0.0,0.0,53282.15,53667.55,52783.45,53710.35,0,0.0,0.0,0.0,0.0,-0.01,-1,-1,-0.01,-1,-1,-0.01,-1,-1,-0.01,-1,-1,-0.01,-1,-1,-0.01,-1,-1,-0.01,-1,-1,-0.01,-1,-1,-0.01,-1,-1,-0.01,-1,-1
99926009,2026-05-18 15:25:54+05:30,53519.2,0,0.0,0,0.0,0.0,53282.15,53667.55,52783.45,53710.35,0,0.0,0.0,0.0,0.0,-0.01,-1,-1,-0.01,-1,-1,-0.01,-1,-1,-0.01,-1,-1,-0.01,-1,-1,-0.01,-1,-1,-0.01,-1,-1,-0.01,-1,-1,-0.01,-1,-1,-0.01,-1,-1
99926009,2026-05-18 15:25:54+05:30,53519.45,0,0.0,0,0.0,0.0,53282.15,53667.55,52783.45,53710.35,0,0.0,0.0,0.0,0.0,-0.01,-1,-1,-0.01,-1,-1,-0.01,-1,-1,-0.01,-1,-1,-0.01,-1,-1,-0.01,-1,-1,-0.01,-1,-1,-0.01,-1,-1,-0.01,-1,-1,-0.01,-1,-1
99926009,2026-05-18 15:25:54+05:30,53518.3,0,0.0,0,0.0,0.0,53282.15,53667.55,52783.45,53710.35,0,0.0,0.0,0.0,0.0,-0.01,-1,-1,-0.01,-1,-1,-0.01,-1,-1,-0.01,-1,-1,-0.01,-1,-1,-0.01,-1,-1,-0.01,-1,-1,-0.01,-1,-1,-0.01,-1,-1,-0.01,-1,-1
99926009,2026-05-18 15:25:55+05:30,53518.3,0,0.0,0,0.0,0.0,53282.15,53667.55,52783.45,53710.35,0,0.0,0.0,0.0,0.0,-0.01,-1,-1,-0.01,-1,-1,-0.01,-1,-1,-0.01,-1,-1,-0.01,-1,-1,-0.01,-1,-1,-0.01,-1,-1,-0.01,-1,-1,-0.01,-1,-1,-0.01,-1,-1
99926009,2026-05-18 15:25:55+05:30,53518.75,0,0.0,0,0.0,0.0,53282.15,53667.55,52783.45,53710.35,0,0.0,0.0,0.0,0.0,-0.01,-1,-1,-0.01,-1,-1,-0.01,-1,-1,-0.01,-1,-1,-0.01,-1,-1,-0.01,-1,-1,-0.01,-1,-1,-0.01,-1,-1,-0.01,-1,-1,-0.01,-1,-1
99926009,2026-05-18 15:25:55+05:30,53519.05,0,0.0,0,0.0,0.0,53282.15,53667.55,52783.45,53710.35,0,0.0,0.0,0.0,0.0,-0.01,-1,-1,-0.01,-1,-1,-0.01,-1,-1,-0.01,-1,-1,-0.01,-1,-1,-0.01,-1,-1,-0.01,-1,-1,-0.01,-1,-1,-0.01,-1,-1,-0.01,-1,-1
99926009,2026-05-18 15:25:56+05:30,53519.05,0,0.0,0,0.0,0.0,53282.15,53667.55,52783.45,53710.35,0,0.0,0.0,0.0,0.0,-0.01,-1,-1,-0.01,-1,-1,-0.01,-1,-1,-0.01,-1,-1,-0.01,-1,-1,-0.01,-1,-1,-0.01,-1,-1,-0.01,-1,-1,-0.01,-1,-1,-0.01,-1,-1
99926009,2026-05-18 15:25:56+05:30,53516.5,0,0.0,0,0.0,0.0,53282.15,53667.55,52783.45,53710.35,0,0.0,0.0,0.0,0.0,-0.01,-1,-1,-0.01,-1,-1,-0.01,-1,-1,-0.01,-1,-1,-0.01,-1,-1,-0.01,-1,-1,-0.01,-1,-1,-0.01,-1,-1,-0.01,-1,-1,-0.01,-1,-1
99926009,2026-05-18 15:25:56+05:30,53516.55,0,0.0,0,0.0,0.0,53282.15,53667.55,52783.45,53710.35,0,0.0,0.0,0.0,0.0,-0.01,-1,-1,-0.01,-1,-1,-0.01,-1,-1,-0.01,-1,-1,-0.01,-1,-1,-0.01,-1,-1,-0.01,-1,-1,-0.01,-1,-1,-0.01,-1,-1,-0.01,-1,-1
99926009,2026-05-18 15:25:57+05:30,53516.55,0,0.0,0,0.0,0.0,53282.15,53667.55,52783.45,53710.35,0,0.0,0.0,0.0,0.0,-0.01,-1,-1,-0.01,-1,-1,-0.01,-1,-1,-0.01,-1,-1,-0.01,-1,-1,-0.01,-1,-1,-0.01,-1,-1,-0.01,-1,-1,-0.01,-1,-1,-0.01,-1,-1
99926009,2026-05-18 15:25:57+05:30,53515.25,0,0.0,0,0.0,0.0,53282.15,53667.55,52783.45,53710.35,0,0.0,0.0,0.0,0.0,-0.01,-1,-1,-0.01,-1,-1,-0.01,-1,-1,-0.01,-1,-1,-0.01,-1,-1,-0.01,-1,-1,-0.01,-1,-1,-0.01,-1,-1,-0.01,-1,-1,-0.01,-1,-1
99926009,2026-05-18 15:25:57+05:30,53514.2,0,0.0,0,0.0,0.0,53282.15,53667.55,52783.45,53710.35,0,0.0,0.0,0.0,0.0,-0.01,-1,-1,-0.01,-1,-1,-0.01,-1,-1,-0.01,-1,-1,-0.01,-1,-1,-0.01,-1,-1,-0.01,-1,-1,-0.01,-1,-1,-0.01,-1,-1,-0.01,-1,-1
99926009,2026-05-18 15:25:58+05:30,53514.2,0,0.0,0,0.0,0.0,53282.15,53667.55,52783.45,53710.35,0,0.0,0.0,0.0,0.0,-0.01,-1,-1,-0.01,-1,-1,-0.01,-1,-1,-0.01,-1,-1,-0.01,-1,-1,-0.01,-1,-1,-0.01,-1,-1,-0.01,-1,-1,-0.01,-1,-1,-0.01,-1,-1
99926009,2026-05-18 15:25:58+05:30,53516.7,0,0.0,0,0.0,0.0,53282.15,53667.55,52783.45,53710.35,0,0.0,0.0,0.0,0.0,-0.01,-1,-1,-0.01,-1,-1,-0.01,-1,-1,-0.01,-1,-1,-0.01,-1,-1,-0.01,-1,-1,-0.01,-1,-1,-0.01,-1,-1,-0.01,-1,-1,-0.01,-1,-1
99926009,2026-05-18 15:25:58+05:30,53516.25,0,0.0,0,0.0,0.0,53282.15,53667.55,52783.45,53710.35,0,0.0,0.0,0.0,0.0,-0.01,-1,-1,-0.01,-1,-1,-0.01,-1,-1,-0.01,-1,-1,-0.01,-1,-1,-0.01,-1,-1,-0.01,-1,-1,-0.01,-1,-1,-0.01,-1,-1,-0.01,-1,-1
99926009,2026-05-18 15:25:59+05:30,53516.25,0,0.0,0,0.0,0.0,53282.15,53667.55,52783.45,53710.35,0,0.0,0.0,0.0,0.0,-0.01,-1,-1,-0.01,-1,-1,-0.01,-1,-1,-0.01,-1,-1,-0.01,-1,-1,-0.01,-1,-1,-0.01,-1,-1,-0.01,-1,-1,-0.01,-1,-1,-0.01,-1,-1
99926009,2026-05-18 15:25:59+05:30,53517.2,0,0.0,0,0.0,0.0,53282.15,53667.55,52783.45,53710.35,0,0.0,0.0,0.0,0.0,-0.01,-1,-1,-0.01,-1,-1,-0.01,-1,-1,-0.01,-1,-1,-0.01,-1,-1,-0.01,-1,-1,-0.01,-1,-1,-0.01,-1,-1,-0.01,-1,-1,-0.01,-1,-1
99926009,2026-05-18 15:25:59+05:30,53517.3,0,0.0,0,0.0,0.0,53282.15,53667.55,52783.45,53710.35,0,0.0,0.0,0.0,0.0,-0.01,-1,-1,-0.01,-1,-1,-0.01,-1,-1,-0.01,-1,-1,-0.01,-1,-1,-0.01,-1,-1,-0.01,-1,-1,-0.01,-1,-1,-0.01,-1,-1,-0.01,-1,-1
99926009,2026-05-18 15:26:00+05:30,53517.3,0,0.0,0,0.0,0.0,53282.15,53667.55,52783.45,53710.35,0,0.0,0.0,0.0,0.0,-0.01,-1,-1,-0.01,-1,-1,-0.01,-1,-1,-0.01,-1,-1,-0.01,-1,-1,-0.01,-1,-1,-0.01,-1,-1,-0.01,-1,-1,-0.01,-1,-1,-0.01,-1,-1
99926009,2026-05-18 15:26:00+05:30,53519.0,0,0.0,0,0.0,0.0,53282.15,53667.55,52783.45,53710.35,0,0.0,0.0,0.0,0.0,-0.01,-1,-1,-0.01,-1,-1,-0.01,-1,-1,-0.01,-1,-1,-0.01,-1,-1,-0.01,-1,-1,-0.01,-1,-1,-0.01,-1,-1,-0.01,-1,-1,-0.01,-1,-1
99926009,2026-05-18 15:26:00+05:30,53517.7,0,0.0,0,0.0,0.0,53282.15,53667.55,52783.45,53710.35,0,0.0,0.0,0.0,0.0,-0.01,-1,-1,-0.01,-1,-1,-0.01,-1,-1,-0.01,-1,-1,-0.01,-1,-1,-0.01,-1,-1,-0.01,-1,-1,-0.01,-1,-1,-0.01,-1,-1,-0.01,-1,-1
99926009,2026-05-18 15:26:01+05:30,53517.7,0,0.0,0,0.0,0.0,53282.15,53667.55,52783.45,53710.35,0,0.0,0.0,0.0,0.0,-0.01,-1,-1,-0.01,-1,-1,-0.01,-1,-1,-0.01,-1,-1,-0.01,-1,-1,-0.01,-1,-1,-0.01,-1,-1,-0.01,-1,-1,-0.01,-1,-1,-0.01,-1,-1
99926009,2026-05-18 15:26:01+05:30,53516.05,0,0.0,0,0.0,0.0,53282.15,53667.55,52783.45,53710.35,0,0.0,0.0,0.0,0.0,-0.01,-1,-1,-0.01,-1,-1,-0.01,-1,-1,-0.01,-1,-1,-0.01,-1,-1,-0.01,-1,-1,-0.01,-1,-1,-0.01,-1,-1,-0.01,-1,-1,-0.01,-1,-1
99926009,2026-05-18 15:26:01+05:30,53516.35,0,0.0,0,0.0,0.0,53282.15,53667.55,52783.45,53710.35,0,0.0,0.0,0.0,0.0,-0.01,-1,-1,-0.01,-1,-1,-0.01,-1,-1,-0.01,-1,-1,-0.01,-1,-1,-0.01,-1,-1,-0.01,-1,-1,-0.01,-1,-1,-0.01,-1,-1,-0.01,-1,-1
99926009,2026-05-18 15:26:02+05:30,53516.35,0,0.0,0,0.0,0.0,53282.15,53667.55,52783.45,53710.35,0,0.0,0.0,0.0,0.0,-0.01,-1,-1,-0.01,-1,-1,-0.01,-1,-1,-0.01,-1,-1,-0.01,-1,-1,-0.01,-1,-1,-0.01,-1,-1,-0.01,-1,-1,-0.01,-1,-1,-0.01,-1,-1
99926009,2026-05-18 15:26:02+05:30,53516.5,0,0.0,0,0.0,0.0,53282.15,53667.55,52783.45,53710.35,0,0.0,0.0,0.0,0.0,-0.01,-1,-1,-0.01,-1,-1,-0.01,-1,-1,-0.01,-1,-1,-0.01,-1,-1,-0.01,-1,-1,-0.01,-1,-1,-0.01,-1,-1,-0.01,-1,-1,-0.01,-1,-1
99926009,2026-05-18 15:26:02+05:30,53517.4,0,0.0,0,0.0,0.0,53282.15,53667.55,52783.45,53710.35,0,0.0,0.0,0.0,0.0,-0.01,-1,-1,-0.01,-1,-1,-0.01,-1,-1,-0.01,-1,-1,-0.01,-1,-1,-0.01,-1,-1,-0.01,-1,-1,-0.01,-1,-1,-0.01,-1,-1,-0.01,-1,-1
99926009,2026-05-18 15:26:03+05:30,53517.4,0,0.0,0,0.0,0.0,53282.15,53667.55,52783.45,53710.35,0,0.0,0.0,0.0,0.0,-0.01,-1,-1,-0.01,-1,-1,-0.01,-1,-1,-0.01,-1,-1,-0.01,-1,-1,-0.01,-1,-1,-0.01,-1,-1,-0.01,-1,-1,-0.01,-1,-1,-0.01,-1,-1
99926009,2026-05-18 15:26:03+05:30,53514.1,0,0.0,0,0.0,0.0,53282.15,53667.55,52783.45,53710.35,0,0.0,0.0,0.0,0.0,-0.01,-1,-1,-0.01,-1,-1,-0.01,-1,-1,-0.01,-1,-1,-0.01,-1,-1,-0.01,-1,-1,-0.01,-1,-1,-0.01,-1,-1,-0.01,-1,-1,-0.01,-1,-1
99926009,2026-05-18 15:26:03+05:30,53518.5,0,0.0,0,0.0,0.0,53282.15,53667.55,52783.45,53710.35,0,0.0,0.0,0.0,0.0,-0.01,-1,-1,-0.01,-1,-1,-0.01,-1,-1,-0.01,-1,-1,-0.01,-1,-1,-0.01,-1,-1,-0.01,-1,-1,-0.01,-1,-1,-0.01,-1,-1,-0.01,-1,-1
99926009,2026-05-18 15:26:04+05:30,53518.5,0,0.0,0,0.0,0.0,53282.15,53667.55,52783.45,53710.35,0,0.0,0.0,0.0,0.0,-0.01,-1,-1,-0.01,-1,-1,-0.01,-1,-1,-0.01,-1,-1,-0.01,-1,-1,-0.01,-1,-1,-0.01,-1,-1,-0.01,-1,-1,-0.01,-1,-1,-0.01,-1,-1
99926009,2026-05-18 15:26:04+05:30,53518.2,0,0.0,0,0.0,0.0,53282.15,53667.55,52783.45,53710.35,0,0.0,0.0,0.0,0.0,-0.01,-1,-1,-0.01,-1,-1,-0.01,-1,-1,-0.01,-1,-1,-0.01,-1,-1,-0.01,-1,-1,-0.01,-1,-1,-0.01,-1,-1,-0.01,-1,-1,-0.01,-1,-1
99926009,2026-05-18 15:26:04+05:30,53518.5,0,0.0,0,0.0,0.0,53282.15,53667.55,52783.45,53710.35,0,0.0,0.0,0.0,0.0,-0.01,-1,-1,-0.01,-1,-1,-0.01,-1,-1,-0.01,-1,-1,-0.01,-1,-1,-0.01,-1,-1,-0.01,-1,-1,-0.01,-1,-1,-0.01,-1,-1,-0.01,-1,-1
99926009,2026-05-18 15:26:05+05:30,53518.5,0,0.0,0,0.0,0.0,53282.15,53667.55,52783.45,53710.35,0,0.0,0.0,0.0,0.0,-0.01,-1,-1,-0.01,-1,-1,-0.01,-1,-1,-0.01,-1,-1,-0.01,-1,-1,-0.01,-1,-1,-0.01,-1,-1,-0.01,-1,-1,-0.01,-1,-1,-0.01,-1,-1
99926009,2026-05-18 15:26:05+05:30,53515.8,0,0.0,0,0.0,0.0,53282.15,53667.55,52783.45,53710.35,0,0.0,0.0,0.0,0.0,-0.01,-1,-1,-0.01,-1,-1,-0.01,-1,-1,-0.01,-1,-1,-0.01,-1,-1,-0.01,-1,-1,-0.01,-1,-1,-0.01,-1,-1,-0.01,-1,-1,-0.01,-1,-1
99926009,2026-05-18 15:26:05+05:30,53516.05,0,0.0,0,0.0,0.0,53282.15,53667.55,52783.45,53710.35,0,0.0,0.0,0.0,0.0,-0.01,-1,-1,-0.01,-1,-1,-0.01,-1,-1,-0.01,-1,-1,-0.01,-1,-1,-0.01,-1,-1,-0.01,-1,-1,-0.01,-1,-1,-0.01,-1,-1,-0.01,-1,-1
99926009,2026-05-18 15:26:06+05:30,53516.05,0,0.0,0,0.0,0.0,53282.15,53667.55,52783.45,53710.35,0,0.0,0.0,0.0,0.0,-0.01,-1,-1,-0.01,-1,-1,-0.01,-1,-1,-0.01,-1,-1,-0.01,-1,-1,-0.01,-1,-1,-0.01,-1,-1,-0.01,-1,-1,-0.01,-1,-1,-0.01,-1,-1
99926009,2026-05-18 15:26:06+05:30,53512.45,0,0.0,0,0.0,0.0,53282.15,53667.55,52783.45,53710.35,0,0.0,0.0,0.0,0.0,-0.01,-1,-1,-0.01,-1,-1,-0.01,-1,-1,-0.01,-1,-1,-0.01,-1,-1,-0.01,-1,-1,-0.01,-1,-1,-0.01,-1,-1,-0.01,-1,-1,-0.01,-1,-1
99926009,2026-05-18 15:26:06+05:30,53514.0,0,0.0,0,0.0,0.0,53282.15,53667.55,52783.45,53710.35,0,0.0,0.0,0.0,0.0,-0.01,-1,-1,-0.01,-1,-1,-0.01,-1,-1,-0.01,-1,-1,-0.01,-1,-1,-0.01,-1,-1,-0.01,-1,-1,-0.01,-1,-1,-0.01,-1,-1,-0.01,-1,-1
99926009,2026-05-18 15:26:07+05:30,53514.0,0,0.0,0,0.0,0.0,53282.15,53667.55,52783.45,53710.35,0,0.0,0.0,0.0,0.0,-0.01,-1,-1,-0.01,-1,-1,-0.01,-1,-1,-0.01,-1,-1,-0.01,-1,-1,-0.01,-1,-1,-0.01,-1,-1,-0.01,-1,-1,-0.01,-1,-1,-0.01,-1,-1
99926009,2026-05-18 15:26:07+05:30,53512.85,0,0.0,0,0.0,0.0,53282.15,53667.55,52783.45,53710.35,0,0.0,0.0,0.0,0.0,-0.01,-1,-1,-0.01,-1,-1,-0.01,-1,-1,-0.01,-1,-1,-0.01,-1,-1,-0.01,-1,-1,-0.01,-1,-1,-0.01,-1,-1,-0.01,-1,-1,-0.01,-1,-1
99926009,2026-05-18 15:26:07+05:30,53515.4,0,0.0,0,0.0,0.0,53282.15,53667.55,52783.45,53710.35,0,0.0,0.0,0.0,0.0,-0.01,-1,-1,-0.01,-1,-1,-0.01,-1,-1,-0.01,-1,-1,-0.01,-1,-1,-0.01,-1,-1,-0.01,-1,-1,-0.01,-1,-1,-0.01,-1,-1,-0.01,-1,-1
99926009,2026-05-18 15:26:08+05:30,53515.4,0,0.0,0,0.0,0.0,53282.15,53667.55,52783.45,53710.35,0,0.0,0.0,0.0,0.0,-0.01,-1,-1,-0.01,-1,-1,-0.01,-1,-1,-0.01,-1,-1,-0.01,-1,-1,-0.01,-1,-1,-0.01,-1,-1,-0.01,-1,-1,-0.01,-1,-1,-0.01,-1,-1
99926009,2026-05-18 15:26:08+05:30,53515.6,0,0.0,0,0.0,0.0,53282.15,53667.55,52783.45,53710.35,0,0.0,0.0,0.0,0.0,-0.01,-1,-1,-0.01,-1,-1,-0.01,-1,-1,-0.01,-1,-1,-0.01,-1,-1,-0.01,-1,-1,-0.01,-1,-1,-0.01,-1,-1,-0.01,-1,-1,-0.01,-1,-1
99926009,2026-05-18 15:26:08+05:30,53514.95,0,0.0,0,0.0,0.0,53282.15,53667.55,52783.45,53710.35,0,0.0,0.0,0.0,0.0,-0.01,-1,-1,-0.01,-1,-1,-0.01,-1,-1,-0.01,-1,-1,-0.01,-1,-1,-0.01,-1,-1,-0.01,-1,-1,-0.01,-1,-1,-0.01,-1,-1,-0.01,-1,-1
99926009,2026-05-18 15:26:09+05:30,53514.95,0,0.0,0,0.0,0.0,53282.15,53667.55,52783.45,53710.35,0,0.0,0.0,0.0,0.0,-0.01,-1,-1,-0.01,-1,-1,-0.01,-1,-1,-0.01,-1,-1,-0.01,-1,-1,-0.01,-1,-1,-0.01,-1,-1,-0.01,-1,-1,-0.01,-1,-1,-0.01,-1,-1
99926009,2026-05-18 15:26:09+05:30,53515.0,0,0.0,0,0.0,0.0,53282.15,53667.55,52783.45,53710.35,0,0.0,0.0,0.0,0.0,-0.01,-1,-1,-0.01,-1,-1,-0.01,-1,-1,-0.01,-1,-1,-0.01,-1,-1,-0.01,-1,-1,-0.01,-1,-1,-0.01,-1,-1,-0.01,-1,-1,-0.01,-1,-1
99926009,2026-05-18 15:26:09+05:30,53517.1,0,0.0,0,0.0,0.0,53282.15,53667.55,52783.45,53710.35,0,0.0,0.0,0.0,0.0,-0.01,-1,-1,-0.01,-1,-1,-0.01,-1,-1,-0.01,-1,-1,-0.01,-1,-1,-0.01,-1,-1,-0.01,-1,-1,-0.01,-1,-1,-0.01,-1,-1,-0.01,-1,-1
99926009,2026-05-18 15:26:10+05:30,53517.1,0,0.0,0,0.0,0.0,53282.15,53667.55,52783.45,53710.35,0,0.0,0.0,0.0,0.0,-0.01,-1,-1,-0.01,-1,-1,-0.01,-1,-1,-0.01,-1,-1,-0.01,-1,-1,-0.01,-1,-1,-0.01,-1,-1,-0.01,-1,-1,-0.01,-1,-1,-0.01,-1,-1
99926009,2026-05-18 15:26:10+05:30,53518.45,0,0.0,0,0.0,0.0,53282.15,53667.55,52783.45,53710.35,0,0.0,0.0,0.0,0.0,-0.01,-1,-1,-0.01,-1,-1,-0.01,-1,-1,-0.01,-1,-1,-0.01,-1,-1,-0.01,-1,-1,-0.01,-1,-1,-0.01,-1,-1,-0.01,-1,-1,-0.01,-1,-1
99926009,2026-05-18 15:26:10+05:30,53515.85,0,0.0,0,0.0,0.0,53282.15,53667.55,52783.45,53710.35,0,0.0,0.0,0.0,0.0,-0.01,-1,-1,-0.01,-1,-1,-0.01,-1,-1,-0.01,-1,-1,-0.01,-1,-1,-0.01,-1,-1,-0.01,-1,-1,-0.01,-1,-1,-0.01,-1,-1,-0.01,-1,-1
99926009,2026-05-18 15:26:11+05:30,53515.85,0,0.0,0,0.0,0.0,53282.15,53667.55,52783.45,53710.35,0,0.0,0.0,0.0,0.0,-0.01,-1,-1,-0.01,-1,-1,-0.01,-1,-1,-0.01,-1,-1,-0.01,-1,-1,-0.01,-1,-1,-0.01,-1,-1,-0.01,-1,-1,-0.01,-1,-1,-0.01,-1,-1
99926009,2026-05-18 15:26:11+05:30,53513.8,0,0.0,0,0.0,0.0,53282.15,53667.55,52783.45,53710.35,0,0.0,0.0,0.0,0.0,-0.01,-1,-1,-0.01,-1,-1,-0.01,-1,-1,-0.01,-1,-1,-0.01,-1,-1,-0.01,-1,-1,-0.01,-1,-1,-0.01,-1,-1,-0.01,-1,-1,-0.01,-1,-1
99926009,2026-05-18 15:26:11+05:30,53514.35,0,0.0,0,0.0,0.0,53282.15,53667.55,52783.45,53710.35,0,0.0,0.0,0.0,0.0,-0.01,-1,-1,-0.01,-1,-1,-0.01,-1,-1,-0.01,-1,-1,-0.01,-1,-1,-0.01,-1,-1,-0.01,-1,-1,-0.01,-1,-1,-0.01,-1,-1,-0.01,-1,-1
99926009,2026-05-18 15:26:12+05:30,53514.35,0,0.0,0,0.0,0.0,53282.15,53667.55,52783.45,53710.35,0,0.0,0.0,0.0,0.0,-0.01,-1,-1,-0.01,-1,-1,-0.01,-1,-1,-0.01,-1,-1,-0.01,-1,-1,-0.01,-1,-1,-0.01,-1,-1,-0.01,-1,-1,-0.01,-1,-1,-0.01,-1,-1
99926009,2026-05-18 15:26:12+05:30,53514.35,0,0.0,0,0.0,0.0,53282.15,53667.55,52783.45,53710.35,0,0.0,0.0,0.0,0.0,-0.01,-1,-1,-0.01,-1,-1,-0.01,-1,-1,-0.01,-1,-1,-0.01,-1,-1,-0.01,-1,-1,-0.01,-1,-1,-0.01,-1,-1,-0.01,-1,-1,-0.01,-1,-1
99926009,2026-05-18 15:26:12+05:30,53515.65,0,0.0,0,0.0,0.0,53282.15,53667.55,52783.45,53710.35,0,0.0,0.0,0.0,0.0,-0.01,-1,-1,-0.01,-1,-1,-0.01,-1,-1,-0.01,-1,-1,-0.01,-1,-1,-0.01,-1,-1,-0.01,-1,-1,-0.01,-1,-1,-0.01,-1,-1,-0.01,-1,-1
99926009,2026-05-18 15:26:13+05:30,53515.65,0,0.0,0,0.0,0.0,53282.15,53667.55,52783.45,53710.35,0,0.0,0.0,0.0,0.0,-0.01,-1,-1,-0.01,-1,-1,-0.01,-1,-1,-0.01,-1,-1,-0.01,-1,-1,-0.01,-1,-1,-0.01,-1,-1,-0.01,-1,-1,-0.01,-1,-1,-0.01,-1,-1
99926009,2026-05-18 15:26:13+05:30,53517.3,0,0.0,0,0.0,0.0,53282.15,53667.55,52783.45,53710.35,0,0.0,0.0,0.0,0.0,-0.01,-1,-1,-0.01,-1,-1,-0.01,-1,-1,-0.01,-1,-1,-0.01,-1,-1,-0.01,-1,-1,-0.01,-1,-1,-0.01,-1,-1,-0.01,-1,-1,-0.01,-1,-1
99926009,2026-05-18 15:26:13+05:30,53519.35,0,0.0,0,0.0,0.0,53282.15,53667.55,52783.45,53710.35,0,0.0,0.0,0.0,0.0,-0.01,-1,-1,-0.01,-1,-1,-0.01,-1,-1,-0.01,-1,-1,-0.01,-1,-1,-0.01,-1,-1,-0.01,-1,-1,-0.01,-1,-1,-0.01,-1,-1,-0.01,-1,-1
99926009,2026-05-18 15:26:14+05:30,53519.35,0,0.0,0,0.0,0.0,53282.15,53667.55,52783.45,53710.35,0,0.0,0.0,0.0,0.0,-0.01,-1,-1,-0.01,-1,-1,-0.01,-1,-1,-0.01,-1,-1,-0.01,-1,-1,-0.01,-1,-1,-0.01,-1,-1,-0.01,-1,-1,-0.01,-1,-1,-0.01,-1,-1
99926009,2026-05-18 15:26:14+05:30,53517.55,0,0.0,0,0.0,0.0,53282.15,53667.55,52783.45,53710.35,0,0.0,0.0,0.0,0.0,-0.01,-1,-1,-0.01,-1,-1,-0.01,-1,-1,-0.01,-1,-1,-0.01,-1,-1,-0.01,-1,-1,-0.01,-1,-1,-0.01,-1,-1,-0.01,-1,-1,-0.01,-1,-1
99926009,2026-05-18 15:26:14+05:30,53515.55,0,0.0,0,0.0,0.0,53282.15,53667.55,52783.45,53710.35,0,0.0,0.0,0.0,0.0,-0.01,-1,-1,-0.01,-1,-1,-0.01,-1,-1,-0.01,-1,-1,-0.01,-1,-1,-0.01,-1,-1,-0.01,-1,-1,-0.01,-1,-1,-0.01,-1,-1,-0.01,-1,-1
99926009,2026-05-18 15:26:15+05:30,53515.55,0,0.0,0,0.0,0.0,53282.15,53667.55,52783.45,53710.35,0,0.0,0.0,0.0,0.0,-0.01,-1,-1,-0.01,-1,-1,-0.01,-1,-1,-0.01,-1,-1,-0.01,-1,-1,-0.01,-1,-1,-0.01,-1,-1,-0.01,-1,-1,-0.01,-1,-1,-0.01,-1,-1
99926009,2026-05-18 15:26:15+05:30,53516.25,0,0.0,0,0.0,0.0,53282.15,53667.55,52783.45,53710.35,0,0.0,0.0,0.0,0.0,-0.01,-1,-1,-0.01,-1,-1,-0.01,-1,-1,-0.01,-1,-1,-0.01,-1,-1,-0.01,-1,-1,-0.01,-1,-1,-0.01,-1,-1,-0.01,-1,-1,-0.01,-1,-1
99926009,2026-05-18 15:26:15+05:30,53518.75,0,0.0,0,0.0,0.0,53282.15,53667.55,52783.45,53710.35,0,0.0,0.0,0.0,0.0,-0.01,-1,-1,-0.01,-1,-1,-0.01,-1,-1,-0.01,-1,-1,-0.01,-1,-1,-0.01,-1,-1,-0.01,-1,-1,-0.01,-1,-1,-0.01,-1,-1,-0.01,-1,-1
99926009,2026-05-18 15:26:16+05:30,53518.75,0,0.0,0,0.0,0.0,53282.15,53667.55,52783.45,53710.35,0,0.0,0.0,0.0,0.0,-0.01,-1,-1,-0.01,-1,-1,-0.01,-1,-1,-0.01,-1,-1,-0.01,-1,-1,-0.01,-1,-1,-0.01,-1,-1,-0.01,-1,-1,-0.01,-1,-1,-0.01,-1,-1
99926009,2026-05-18 15:26:16+05:30,53517.3,0,0.0,0,0.0,0.0,53282.15,53667.55,52783.45,53710.35,0,0.0,0.0,0.0,0.0,-0.01,-1,-1,-0.01,-1,-1,-0.01,-1,-1,-0.01,-1,-1,-0.01,-1,-1,-0.01,-1,-1,-0.01,-1,-1,-0.01,-1,-1,-0.01,-1,-1,-0.01,-1,-1
99926009,2026-05-18 15:26:16+05:30,53515.05,0,0.0,0,0.0,0.0,53282.15,53667.55,52783.45,53710.35,0,0.0,0.0,0.0,0.0,-0.01,-1,-1,-0.01,-1,-1,-0.01,-1,-1,-0.01,-1,-1,-0.01,-1,-1,-0.01,-1,-1,-0.01,-1,-1,-0.01,-1,-1,-0.01,-1,-1,-0.01,-1,-1
99926009,2026-05-18 15:26:17+05:30,53515.05,0,0.0,0,0.0,0.0,53282.15,53667.55,52783.45,53710.35,0,0.0,0.0,0.0,0.0,-0.01,-1,-1,-0.01,-1,-1,-0.01,-1,-1,-0.01,-1,-1,-0.01,-1,-1,-0.01,-1,-1,-0.01,-1,-1,-0.01,-1,-1,-0.01,-1,-1,-0.01,-1,-1
99926009,2026-05-18 15:26:17+05:30,53513.45,0,0.0,0,0.0,0.0,53282.15,53667.55,52783.45,53710.35,0,0.0,0.0,0.0,0.0,-0.01,-1,-1,-0.01,-1,-1,-0.01,-1,-1,-0.01,-1,-1,-0.01,-1,-1,-0.01,-1,-1,-0.01,-1,-1,-0.01,-1,-1,-0.01,-1,-1,-0.01,-1,-1
99926009,2026-05-18 15:26:17+05:30,53515.6,0,0.0,0,0.0,0.0,53282.15,53667.55,52783.45,53710.35,0,0.0,0.0,0.0,0.0,-0.01,-1,-1,-0.01,-1,-1,-0.01,-1,-1,-0.01,-1,-1,-0.01,-1,-1,-0.01,-1,-1,-0.01,-1,-1,-0.01,-1,-1,-0.01,-1,-1,-0.01,-1,-1
99926009,2026-05-18 15:26:18+05:30,53515.6,0,0.0,0,0.0,0.0,53282.15,53667.55,52783.45,53710.35,0,0.0,0.0,0.0,0.0,-0.01,-1,-1,-0.01,-1,-1,-0.01,-1,-1,-0.01,-1,-1,-0.01,-1,-1,-0.01,-1,-1,-0.01,-1,-1,-0.01,-1,-1,-0.01,-1,-1,-0.01,-1,-1
99926009,2026-05-18 15:26:18+05:30,53512.4,0,0.0,0,0.0,0.0,53282.15,53667.55,52783.45,53710.35,0,0.0,0.0,0.0,0.0,-0.01,-1,-1,-0.01,-1,-1,-0.01,-1,-1,-0.01,-1,-1,-0.01,-1,-1,-0.01,-1,-1,-0.01,-1,-1,-0.01,-1,-1,-0.01,-1,-1,-0.01,-1,-1
99926009,2026-05-18 15:26:18+05:30,53512.2,0,0.0,0,0.0,0.0,53282.15,53667.55,52783.45,53710.35,0,0.0,0.0,0.0,0.0,-0.01,-1,-1,-0.01,-1,-1,-0.01,-1,-1,-0.01,-1,-1,-0.01,-1,-1,-0.01,-1,-1,-0.01,-1,-1,-0.01,-1,-1,-0.01,-1,-1,-0.01,-1,-1
99926009,2026-05-18 15:26:19+05:30,53512.2,0,0.0,0,0.0,0.0,53282.15,53667.55,52783.45,53710.35,0,0.0,0.0,0.0,0.0,-0.01,-1,-1,-0.01,-1,-1,-0.01,-1,-1,-0.01,-1,-1,-0.01,-1,-1,-0.01,-1,-1,-0.01,-1,-1,-0.01,-1,-1,-0.01,-1,-1,-0.01,-1,-1
99926009,2026-05-18 15:26:19+05:30,53511.1,0,0.0,0,0.0,0.0,53282.15,53667.55,52783.45,53710.35,0,0.0,0.0,0.0,0.0,-0.01,-1,-1,-0.01,-1,-1,-0.01,-1,-1,-0.01,-1,-1,-0.01,-1,-1,-0.01,-1,-1,-0.01,-1,-1,-0.01,-1,-1,-0.01,-1,-1,-0.01,-1,-1
99926009,2026-05-18 15:26:19+05:30,53514.25,0,0.0,0,0.0,0.0,53282.15,53667.55,52783.45,53710.35,0,0.0,0.0,0.0,0.0,-0.01,-1,-1,-0.01,-1,-1,-0.01,-1,-1,-0.01,-1,-1,-0.01,-1,-1,-0.01,-1,-1,-0.01,-1,-1,-0.01,-1,-1,-0.01,-1,-1,-0.01,-1,-1
99926009,2026-05-18 15:26:20+05:30,53514.25,0,0.0,0,0.0,0.0,53282.15,53667.55,52783.45,53710.35,0,0.0,0.0,0.0,0.0,-0.01,-1,-1,-0.01,-1,-1,-0.01,-1,-1,-0.01,-1,-1,-0.01,-1,-1,-0.01,-1,-1,-0.01,-1,-1,-0.01,-1,-1,-0.01,-1,-1,-0.01,-1,-1
99926009,2026-05-18 15:26:20+05:30,53514.35,0,0.0,0,0.0,0.0,53282.15,53667.55,52783.45,53710.35,0,0.0,0.0,0.0,0.0,-0.01,-1,-1,-0.01,-1,-1,-0.01,-1,-1,-0.01,-1,-1,-0.01,-1,-1,-0.01,-1,-1,-0.01,-1,-1,-0.01,-1,-1,-0.01,-1,-1,-0.01,-1,-1
99926009,2026-05-18 15:26:20+05:30,53512.0,0,0.0,0,0.0,0.0,53282.15,53667.55,52783.45,53710.35,0,0.0,0.0,0.0,0.0,-0.01,-1,-1,-0.01,-1,-1,-0.01,-1,-1,-0.01,-1,-1,-0.01,-1,-1,-0.01,-1,-1,-0.01,-1,-1,-0.01,-1,-1,-0.01,-1,-1,-0.01,-1,-1
99926009,2026-05-18 15:26:21+05:30,53512.0,0,0.0,0,0.0,0.0,53282.15,53667.55,52783.45,53710.35,0,0.0,0.0,0.0,0.0,-0.01,-1,-1,-0.01,-1,-1,-0.01,-1,-1,-0.01,-1,-1,-0.01,-1,-1,-0.01,-1,-1,-0.01,-1,-1,-0.01,-1,-1,-0.01,-1,-1,-0.01,-1,-1
99926009,2026-05-18 15:26:21+05:30,53510.2,0,0.0,0,0.0,0.0,53282.15,53667.55,52783.45,53710.35,0,0.0,0.0,0.0,0.0,-0.01,-1,-1,-0.01,-1,-1,-0.01,-1,-1,-0.01,-1,-1,-0.01,-1,-1,-0.01,-1,-1,-0.01,-1,-1,-0.01,-1,-1,-0.01,-1,-1,-0.01,-1,-1
99926009,2026-05-18 15:26:21+05:30,53511.85,0,0.0,0,0.0,0.0,53282.15,53667.55,52783.45,53710.35,0,0.0,0.0,0.0,0.0,-0.01,-1,-1,-0.01,-1,-1,-0.01,-1,-1,-0.01,-1,-1,-0.01,-1,-1,-0.01,-1,-1,-0.01,-1,-1,-0.01,-1,-1,-0.01,-1,-1,-0.01,-1,-1
99926009,2026-05-18 15:26:22+05:30,53511.85,0,0.0,0,0.0,0.0,53282.15,53667.55,52783.45,53710.35,0,0.0,0.0,0.0,0.0,-0.01,-1,-1,-0.01,-1,-1,-0.01,-1,-1,-0.01,-1,-1,-0.01,-1,-1,-0.01,-1,-1,-0.01,-1,-1,-0.01,-1,-1,-0.01,-1,-1,-0.01,-1,-1
99926009,2026-05-18 15:26:22+05:30,53511.6,0,0.0,0,0.0,0.0,53282.15,53667.55,52783.45,53710.35,0,0.0,0.0,0.0,0.0,-0.01,-1,-1,-0.01,-1,-1,-0.01,-1,-1,-0.01,-1,-1,-0.01,-1,-1,-0.01,-1,-1,-0.01,-1,-1,-0.01,-1,-1,-0.01,-1,-1,-0.01,-1,-1
99926009,2026-05-18 15:26:22+05:30,53512.9,0,0.0,0,0.0,0.0,53282.15,53667.55,52783.45,53710.35,0,0.0,0.0,0.0,0.0,-0.01,-1,-1,-0.01,-1,-1,-0.01,-1,-1,-0.01,-1,-1,-0.01,-1,-1,-0.01,-1,-1,-0.01,-1,-1,-0.01,-1,-1,-0.01,-1,-1,-0.01,-1,-1
99926009,2026-05-18 15:26:23+05:30,53512.9,0,0.0,0,0.0,0.0,53282.15,53667.55,52783.45,53710.35,0,0.0,0.0,0.0,0.0,-0.01,-1,-1,-0.01,-1,-1,-0.01,-1,-1,-0.01,-1,-1,-0.01,-1,-1,-0.01,-1,-1,-0.01,-1,-1,-0.01,-1,-1,-0.01,-1,-1,-0.01,-1,-1
99926009,2026-05-18 15:26:23+05:30,53511.45,0,0.0,0,0.0,0.0,53282.15,53667.55,52783.45,53710.35,0,0.0,0.0,0.0,0.0,-0.01,-1,-1,-0.01,-1,-1,-0.01,-1,-1,-0.01,-1,-1,-0.01,-1,-1,-0.01,-1,-1,-0.01,-1,-1,-0.01,-1,-1,-0.01,-1,-1,-0.01,-1,-1
99926009,2026-05-18 15:26:23+05:30,53512.4,0,0.0,0,0.0,0.0,53282.15,53667.55,52783.45,53710.35,0,0.0,0.0,0.0,0.0,-0.01,-1,-1,-0.01,-1,-1,-0.01,-1,-1,-0.01,-1,-1,-0.01,-1,-1,-0.01,-1,-1,-0.01,-1,-1,-0.01,-1,-1,-0.01,-1,-1,-0.01,-1,-1
99926009,2026-05-18 15:26:24+05:30,53512.4,0,0.0,0,0.0,0.0,53282.15,53667.55,52783.45,53710.35,0,0.0,0.0,0.0,0.0,-0.01,-1,-1,-0.01,-1,-1,-0.01,-1,-1,-0.01,-1,-1,-0.01,-1,-1,-0.01,-1,-1,-0.01,-1,-1,-0.01,-1,-1,-0.01,-1,-1,-0.01,-1,-1
99926009,2026-05-18 15:26:24+05:30,53513.85,0,0.0,0,0.0,0.0,53282.15,53667.55,52783.45,53710.35,0,0.0,0.0,0.0,0.0,-0.01,-1,-1,-0.01,-1,-1,-0.01,-1,-1,-0.01,-1,-1,-0.01,-1,-1,-0.01,-1,-1,-0.01,-1,-1,-0.01,-1,-1,-0.01,-1,-1,-0.01,-1,-1
99926009,2026-05-18 15:26:24+05:30,53510.35,0,0.0,0,0.0,0.0,53282.15,53667.55,52783.45,53710.35,0,0.0,0.0,0.0,0.0,-0.01,-1,-1,-0.01,-1,-1,-0.01,-1,-1,-0.01,-1,-1,-0.01,-1,-1,-0.01,-1,-1,-0.01,-1,-1,-0.01,-1,-1,-0.01,-1,-1,-0.01,-1,-1
99926009,2026-05-18 15:26:25+05:30,53510.35,0,0.0,0,0.0,0.0,53282.15,53667.55,52783.45,53710.35,0,0.0,0.0,0.0,0.0,-0.01,-1,-1,-0.01,-1,-1,-0.01,-1,-1,-0.01,-1,-1,-0.01,-1,-1,-0.01,-1,-1,-0.01,-1,-1,-0.01,-1,-1,-0.01,-1,-1,-0.01,-1,-1
99926009,2026-05-18 15:26:25+05:30,53512.75,0,0.0,0,0.0,0.0,53282.15,53667.55,52783.45,53710.35,0,0.0,0.0,0.0,0.0,-0.01,-1,-1,-0.01,-1,-1,-0.01,-1,-1,-0.01,-1,-1,-0.01,-1,-1,-0.01,-1,-1,-0.01,-1,-1,-0.01,-1,-1,-0.01,-1,-1,-0.01,-1,-1
99926009,2026-05-18 15:26:25+05:30,53512.35,0,0.0,0,0.0,0.0,53282.15,53667.55,52783.45,53710.35,0,0.0,0.0,0.0,0.0,-0.01,-1,-1,-0.01,-1,-1,-0.01,-1,-1,-0.01,-1,-1,-0.01,-1,-1,-0.01,-1,-1,-0.01,-1,-1,-0.01,-1,-1,-0.01,-1,-1,-0.01,-1,-1
99926009,2026-05-18 15:26:26+05:30,53512.35,0,0.0,0,0.0,0.0,53282.15,53667.55,52783.45,53710.35,0,0.0,0.0,0.0,0.0,-0.01,-1,-1,-0.01,-1,-1,-0.01,-1,-1,-0.01,-1,-1,-0.01,-1,-1,-0.01,-1,-1,-0.01,-1,-1,-0.01,-1,-1,-0.01,-1,-1,-0.01,-1,-1
99926009,2026-05-18 15:26:26+05:30,53512.9,0,0.0,0,0.0,0.0,53282.15,53667.55,52783.45,53710.35,0,0.0,0.0,0.0,0.0,-0.01,-1,-1,-0.01,-1,-1,-0.01,-1,-1,-0.01,-1,-1,-0.01,-1,-1,-0.01,-1,-1,-0.01,-1,-1,-0.01,-1,-1,-0.01,-1,-1,-0.01,-1,-1
99926009,2026-05-18 15:26:26+05:30,53513.25,0,0.0,0,0.0,0.0,53282.15,53667.55,52783.45,53710.35,0,0.0,0.0,0.0,0.0,-0.01,-1,-1,-0.01,-1,-1,-0.01,-1,-1,-0.01,-1,-1,-0.01,-1,-1,-0.01,-1,-1,-0.01,-1,-1,-0.01,-1,-1,-0.01,-1,-1,-0.01,-1,-1
99926009,2026-05-18 15:26:27+05:30,53513.25,0,0.0,0,0.0,0.0,53282.15,53667.55,52783.45,53710.35,0,0.0,0.0,0.0,0.0,-0.01,-1,-1,-0.01,-1,-1,-0.01,-1,-1,-0.01,-1,-1,-0.01,-1,-1,-0.01,-1,-1,-0.01,-1,-1,-0.01,-1,-1,-0.01,-1,-1,-0.01,-1,-1
99926009,2026-05-18 15:26:27+05:30,53513.75,0,0.0,0,0.0,0.0,53282.15,53667.55,52783.45,53710.35,0,0.0,0.0,0.0,0.0,-0.01,-1,-1,-0.01,-1,-1,-0.01,-1,-1,-0.01,-1,-1,-0.01,-1,-1,-0.01,-1,-1,-0.01,-1,-1,-0.01,-1,-1,-0.01,-1,-1,-0.01,-1,-1
99926009,2026-05-18 15:26:27+05:30,53511.15,0,0.0,0,0.0,0.0,53282.15,53667.55,52783.45,53710.35,0,0.0,0.0,0.0,0.0,-0.01,-1,-1,-0.01,-1,-1,-0.01,-1,-1,-0.01,-1,-1,-0.01,-1,-1,-0.01,-1,-1,-0.01,-1,-1,-0.01,-1,-1,-0.01,-1,-1,-0.01,-1,-1
99926009,2026-05-18 15:26:28+05:30,53511.15,0,0.0,0,0.0,0.0,53282.15,53667.55,52783.45,53710.35,0,0.0,0.0,0.0,0.0,-0.01,-1,-1,-0.01,-1,-1,-0.01,-1,-1,-0.01,-1,-1,-0.01,-1,-1,-0.01,-1,-1,-0.01,-1,-1,-0.01,-1,-1,-0.01,-1,-1,-0.01,-1,-1
99926009,2026-05-18 15:26:28+05:30,53512.25,0,0.0,0,0.0,0.0,53282.15,53667.55,52783.45,53710.35,0,0.0,0.0,0.0,0.0,-0.01,-1,-1,-0.01,-1,-1,-0.01,-1,-1,-0.01,-1,-1,-0.01,-1,-1,-0.01,-1,-1,-0.01,-1,-1,-0.01,-1,-1,-0.01,-1,-1,-0.01,-1,-1
99926009,2026-05-18 15:26:28+05:30,53513.15,0,0.0,0,0.0,0.0,53282.15,53667.55,52783.45,53710.35,0,0.0,0.0,0.0,0.0,-0.01,-1,-1,-0.01,-1,-1,-0.01,-1,-1,-0.01,-1,-1,-0.01,-1,-1,-0.01,-1,-1,-0.01,-1,-1,-0.01,-1,-1,-0.01,-1,-1,-0.01,-1,-1
99926009,2026-05-18 15:26:29+05:30,53513.15,0,0.0,0,0.0,0.0,53282.15,53667.55,52783.45,53710.35,0,0.0,0.0,0.0,0.0,-0.01,-1,-1,-0.01,-1,-1,-0.01,-1,-1,-0.01,-1,-1,-0.01,-1,-1,-0.01,-1,-1,-0.01,-1,-1,-0.01,-1,-1,-0.01,-1,-1,-0.01,-1,-1
99926009,2026-05-18 15:26:29+05:30,53513.2,0,0.0,0,0.0,0.0,53282.15,53667.55,52783.45,53710.35,0,0.0,0.0,0.0,0.0,-0.01,-1,-1,-0.01,-1,-1,-0.01,-1,-1,-0.01,-1,-1,-0.01,-1,-1,-0.01,-1,-1,-0.01,-1,-1,-0.01,-1,-1,-0.01,-1,-1,-0.01,-1,-1
99926009,2026-05-18 15:26:29+05:30,53512.95,0,0.0,0,0.0,0.0,53282.15,53667.55,52783.45,53710.35,0,0.0,0.0,0.0,0.0,-0.01,-1,-1,-0.01,-1,-1,-0.01,-1,-1,-0.01,-1,-1,-0.01,-1,-1,-0.01,-1,-1,-0.01,-1,-1,-0.01,-1,-1,-0.01,-1,-1,-0.01,-1,-1
99926009,2026-05-18 15:26:30+05:30,53512.95,0,0.0,0,0.0,0.0,53282.15,53667.55,52783.45,53710.35,0,0.0,0.0,0.0,0.0,-0.01,-1,-1,-0.01,-1,-1,-0.01,-1,-1,-0.01,-1,-1,-0.01,-1,-1,-0.01,-1,-1,-0.01,-1,-1,-0.01,-1,-1,-0.01,-1,-1,-0.01,-1,-1
99926009,2026-05-18 15:26:30+05:30,53512.3,0,0.0,0,0.0,0.0,53282.15,53667.55,52783.45,53710.35,0,0.0,0.0,0.0,0.0,-0.01,-1,-1,-0.01,-1,-1,-0.01,-1,-1,-0.01,-1,-1,-0.01,-1,-1,-0.01,-1,-1,-0.01,-1,-1,-0.01,-1,-1,-0.01,-1,-1,-0.01,-1,-1
99926009,2026-05-18 15:26:30+05:30,53515.8,0,0.0,0,0.0,0.0,53282.15,53667.55,52783.45,53710.35,0,0.0,0.0,0.0,0.0,-0.01,-1,-1,-0.01,-1,-1,-0.01,-1,-1,-0.01,-1,-1,-0.01,-1,-1,-0.01,-1,-1,-0.01,-1,-1,-0.01,-1,-1,-0.01,-1,-1,-0.01,-1,-1
99926009,2026-05-18 15:26:31+05:30,53515.8,0,0.0,0,0.0,0.0,53282.15,53667.55,52783.45,53710.35,0,0.0,0.0,0.0,0.0,-0.01,-1,-1,-0.01,-1,-1,-0.01,-1,-1,-0.01,-1,-1,-0.01,-1,-1,-0.01,-1,-1,-0.01,-1,-1,-0.01,-1,-1,-0.01,-1,-1,-0.01,-1,-1
99926009,2026-05-18 15:26:31+05:30,53511.95,0,0.0,0,0.0,0.0,53282.15,53667.55,52783.45,53710.35,0,0.0,0.0,0.0,0.0,-0.01,-1,-1,-0.01,-1,-1,-0.01,-1,-1,-0.01,-1,-1,-0.01,-1,-1,-0.01,-1,-1,-0.01,-1,-1,-0.01,-1,-1,-0.01,-1,-1,-0.01,-1,-1
99926009,2026-05-18 15:26:31+05:30,53511.75,0,0.0,0,0.0,0.0,53282.15,53667.55,52783.45,53710.35,0,0.0,0.0,0.0,0.0,-0.01,-1,-1,-0.01,-1,-1,-0.01,-1,-1,-0.01,-1,-1,-0.01,-1,-1,-0.01,-1,-1,-0.01,-1,-1,-0.01,-1,-1,-0.01,-1,-1,-0.01,-1,-1
99926009,2026-05-18 15:26:32+05:30,53511.75,0,0.0,0,0.0,0.0,53282.15,53667.55,52783.45,53710.35,0,0.0,0.0,0.0,0.0,-0.01,-1,-1,-0.01,-1,-1,-0.01,-1,-1,-0.01,-1,-1,-0.01,-1,-1,-0.01,-1,-1,-0.01,-1,-1,-0.01,-1,-1,-0.01,-1,-1,-0.01,-1,-1
99926009,2026-05-18 15:26:32+05:30,53511.7,0,0.0,0,0.0,0.0,53282.15,53667.55,52783.45,53710.35,0,0.0,0.0,0.0,0.0,-0.01,-1,-1,-0.01,-1,-1,-0.01,-1,-1,-0.01,-1,-1,-0.01,-1,-1,-0.01,-1,-1,-0.01,-1,-1,-0.01,-1,-1,-0.01,-1,-1,-0.01,-1,-1
99926009,2026-05-18 15:26:32+05:30,53514.35,0,0.0,0,0.0,0.0,53282.15,53667.55,52783.45,53710.35,0,0.0,0.0,0.0,0.0,-0.01,-1,-1,-0.01,-1,-1,-0.01,-1,-1,-0.01,-1,-1,-0.01,-1,-1,-0.01,-1,-1,-0.01,-1,-1,-0.01,-1,-1,-0.01,-1,-1,-0.01,-1,-1
99926009,2026-05-18 15:26:33+05:30,53514.35,0,0.0,0,0.0,0.0,53282.15,53667.55,52783.45,53710.35,0,0.0,0.0,0.0,0.0,-0.01,-1,-1,-0.01,-1,-1,-0.01,-1,-1,-0.01,-1,-1,-0.01,-1,-1,-0.01,-1,-1,-0.01,-1,-1,-0.01,-1,-1,-0.01,-1,-1,-0.01,-1,-1
99926009,2026-05-18 15:26:33+05:30,53513.05,0,0.0,0,0.0,0.0,53282.15,53667.55,52783.45,53710.35,0,0.0,0.0,0.0,0.0,-0.01,-1,-1,-0.01,-1,-1,-0.01,-1,-1,-0.01,-1,-1,-0.01,-1,-1,-0.01,-1,-1,-0.01,-1,-1,-0.01,-1,-1,-0.01,-1,-1,-0.01,-1,-1
99926009,2026-05-18 15:26:33+05:30,53512.5,0,0.0,0,0.0,0.0,53282.15,53667.55,52783.45,53710.35,0,0.0,0.0,0.0,0.0,-0.01,-1,-1,-0.01,-1,-1,-0.01,-1,-1,-0.01,-1,-1,-0.01,-1,-1,-0.01,-1,-1,-0.01,-1,-1,-0.01,-1,-1,-0.01,-1,-1,-0.01,-1,-1
99926009,2026-05-18 15:26:34+05:30,53512.5,0,0.0,0,0.0,0.0,53282.15,53667.55,52783.45,53710.35,0,0.0,0.0,0.0,0.0,-0.01,-1,-1,-0.01,-1,-1,-0.01,-1,-1,-0.01,-1,-1,-0.01,-1,-1,-0.01,-1,-1,-0.01,-1,-1,-0.01,-1,-1,-0.01,-1,-1,-0.01,-1,-1
99926009,2026-05-18 15:26:34+05:30,53513.0,0,0.0,0,0.0,0.0,53282.15,53667.55,52783.45,53710.35,0,0.0,0.0,0.0,0.0,-0.01,-1,-1,-0.01,-1,-1,-0.01,-1,-1,-0.01,-1,-1,-0.01,-1,-1,-0.01,-1,-1,-0.01,-1,-1,-0.01,-1,-1,-0.01,-1,-1,-0.01,-1,-1
99926009,2026-05-18 15:26:34+05:30,53509.15,0,0.0,0,0.0,0.0,53282.15,53667.55,52783.45,53710.35,0,0.0,0.0,0.0,0.0,-0.01,-1,-1,-0.01,-1,-1,-0.01,-1,-1,-0.01,-1,-1,-0.01,-1,-1,-0.01,-1,-1,-0.01,-1,-1,-0.01,-1,-1,-0.01,-1,-1,-0.01,-1,-1
99926009,2026-05-18 15:26:35+05:30,53509.15,0,0.0,0,0.0,0.0,53282.15,53667.55,52783.45,53710.35,0,0.0,0.0,0.0,0.0,-0.01,-1,-1,-0.01,-1,-1,-0.01,-1,-1,-0.01,-1,-1,-0.01,-1,-1,-0.01,-1,-1,-0.01,-1,-1,-0.01,-1,-1,-0.01,-1,-1,-0.01,-1,-1
99926009,2026-05-18 15:26:35+05:30,53509.6,0,0.0,0,0.0,0.0,53282.15,53667.55,52783.45,53710.35,0,0.0,0.0,0.0,0.0,-0.01,-1,-1,-0.01,-1,-1,-0.01,-1,-1,-0.01,-1,-1,-0.01,-1,-1,-0.01,-1,-1,-0.01,-1,-1,-0.01,-1,-1,-0.01,-1,-1,-0.01,-1,-1
99926009,2026-05-18 15:26:35+05:30,53512.55,0,0.0,0,0.0,0.0,53282.15,53667.55,52783.45,53710.35,0,0.0,0.0,0.0,0.0,-0.01,-1,-1,-0.01,-1,-1,-0.01,-1,-1,-0.01,-1,-1,-0.01,-1,-1,-0.01,-1,-1,-0.01,-1,-1,-0.01,-1,-1,-0.01,-1,-1,-0.01,-1,-1
99926009,2026-05-18 15:26:36+05:30,53512.55,0,0.0,0,0.0,0.0,53282.15,53667.55,52783.45,53710.35,0,0.0,0.0,0.0,0.0,-0.01,-1,-1,-0.01,-1,-1,-0.01,-1,-1,-0.01,-1,-1,-0.01,-1,-1,-0.01,-1,-1,-0.01,-1,-1,-0.01,-1,-1,-0.01,-1,-1,-0.01,-1,-1
99926009,2026-05-18 15:26:36+05:30,53512.8,0,0.0,0,0.0,0.0,53282.15,53667.55,52783.45,53710.35,0,0.0,0.0,0.0,0.0,-0.01,-1,-1,-0.01,-1,-1,-0.01,-1,-1,-0.01,-1,-1,-0.01,-1,-1,-0.01,-1,-1,-0.01,-1,-1,-0.01,-1,-1,-0.01,-1,-1,-0.01,-1,-1
99926009,2026-05-18 15:26:36+05:30,53508.95,0,0.0,0,0.0,0.0,53282.15,53667.55,52783.45,53710.35,0,0.0,0.0,0.0,0.0,-0.01,-1,-1,-0.01,-1,-1,-0.01,-1,-1,-0.01,-1,-1,-0.01,-1,-1,-0.01,-1,-1,-0.01,-1,-1,-0.01,-1,-1,-0.01,-1,-1,-0.01,-1,-1
99926009,2026-05-18 15:26:37+05:30,53508.95,0,0.0,0,0.0,0.0,53282.15,53667.55,52783.45,53710.35,0,0.0,0.0,0.0,0.0,-0.01,-1,-1,-0.01,-1,-1,-0.01,-1,-1,-0.01,-1,-1,-0.01,-1,-1,-0.01,-1,-1,-0.01,-1,-1,-0.01,-1,-1,-0.01,-1,-1,-0.01,-1,-1
99926009,2026-05-18 15:26:37+05:30,53510.35,0,0.0,0,0.0,0.0,53282.15,53667.55,52783.45,53710.35,0,0.0,0.0,0.0,0.0,-0.01,-1,-1,-0.01,-1,-1,-0.01,-1,-1,-0.01,-1,-1,-0.01,-1,-1,-0.01,-1,-1,-0.01,-1,-1,-0.01,-1,-1,-0.01,-1,-1,-0.01,-1,-1
99926009,2026-05-18 15:26:37+05:30,53511.05,0,0.0,0,0.0,0.0,53282.15,53667.55,52783.45,53710.35,0,0.0,0.0,0.0,0.0,-0.01,-1,-1,-0.01,-1,-1,-0.01,-1,-1,-0.01,-1,-1,-0.01,-1,-1,-0.01,-1,-1,-0.01,-1,-1,-0.01,-1,-1,-0.01,-1,-1,-0.01,-1,-1
99926009,2026-05-18 15:26:38+05:30,53511.05,0,0.0,0,0.0,0.0,53282.15,53667.55,52783.45,53710.35,0,0.0,0.0,0.0,0.0,-0.01,-1,-1,-0.01,-1,-1,-0.01,-1,-1,-0.01,-1,-1,-0.01,-1,-1,-0.01,-1,-1,-0.01,-1,-1,-0.01,-1,-1,-0.01,-1,-1,-0.01,-1,-1
99926009,2026-05-18 15:26:38+05:30,53511.5,0,0.0,0,0.0,0.0,53282.15,53667.55,52783.45,53710.35,0,0.0,0.0,0.0,0.0,-0.01,-1,-1,-0.01,-1,-1,-0.01,-1,-1,-0.01,-1,-1,-0.01,-1,-1,-0.01,-1,-1,-0.01,-1,-1,-0.01,-1,-1,-0.01,-1,-1,-0.01,-1,-1
99926009,2026-05-18 15:26:38+05:30,53512.15,0,0.0,0,0.0,0.0,53282.15,53667.55,52783.45,53710.35,0,0.0,0.0,0.0,0.0,-0.01,-1,-1,-0.01,-1,-1,-0.01,-1,-1,-0.01,-1,-1,-0.01,-1,-1,-0.01,-1,-1,-0.01,-1,-1,-0.01,-1,-1,-0.01,-1,-1,-0.01,-1,-1
99926009,2026-05-18 15:26:39+05:30,53512.15,0,0.0,0,0.0,0.0,53282.15,53667.55,52783.45,53710.35,0,0.0,0.0,0.0,0.0,-0.01,-1,-1,-0.01,-1,-1,-0.01,-1,-1,-0.01,-1,-1,-0.01,-1,-1,-0.01,-1,-1,-0.01,-1,-1,-0.01,-1,-1,-0.01,-1,-1,-0.01,-1,-1
99926009,2026-05-18 15:26:39+05:30,53512.45,0,0.0,0,0.0,0.0,53282.15,53667.55,52783.45,53710.35,0,0.0,0.0,0.0,0.0,-0.01,-1,-1,-0.01,-1,-1,-0.01,-1,-1,-0.01,-1,-1,-0.01,-1,-1,-0.01,-1,-1,-0.01,-1,-1,-0.01,-1,-1,-0.01,-1,-1,-0.01,-1,-1
99926009,2026-05-18 15:26:39+05:30,53515.15,0,0.0,0,0.0,0.0,53282.15,53667.55,52783.45,53710.35,0,0.0,0.0,0.0,0.0,-0.01,-1,-1,-0.01,-1,-1,-0.01,-1,-1,-0.01,-1,-1,-0.01,-1,-1,-0.01,-1,-1,-0.01,-1,-1,-0.01,-1,-1,-0.01,-1,-1,-0.01,-1,-1
99926009,2026-05-18 15:26:40+05:30,53515.15,0,0.0,0,0.0,0.0,53282.15,53667.55,52783.45,53710.35,0,0.0,0.0,0.0,0.0,-0.01,-1,-1,-0.01,-1,-1,-0.01,-1,-1,-0.01,-1,-1,-0.01,-1,-1,-0.01,-1,-1,-0.01,-1,-1,-0.01,-1,-1,-0.01,-1,-1,-0.01,-1,-1
99926009,2026-05-18 15:26:40+05:30,53510.15,0,0.0,0,0.0,0.0,53282.15,53667.55,52783.45,53710.35,0,0.0,0.0,0.0,0.0,-0.01,-1,-1,-0.01,-1,-1,-0.01,-1,-1,-0.01,-1,-1,-0.01,-1,-1,-0.01,-1,-1,-0.01,-1,-1,-0.01,-1,-1,-0.01,-1,-1,-0.01,-1,-1
99926009,2026-05-18 15:26:40+05:30,53515.45,0,0.0,0,0.0,0.0,53282.15,53667.55,52783.45,53710.35,0,0.0,0.0,0.0,0.0,-0.01,-1,-1,-0.01,-1,-1,-0.01,-1,-1,-0.01,-1,-1,-0.01,-1,-1,-0.01,-1,-1,-0.01,-1,-1,-0.01,-1,-1,-0.01,-1,-1,-0.01,-1,-1
99926009,2026-05-18 15:26:41+05:30,53515.45,0,0.0,0,0.0,0.0,53282.15,53667.55,52783.45,53710.35,0,0.0,0.0,0.0,0.0,-0.01,-1,-1,-0.01,-1,-1,-0.01,-1,-1,-0.01,-1,-1,-0.01,-1,-1,-0.01,-1,-1,-0.01,-1,-1,-0.01,-1,-1,-0.01,-1,-1,-0.01,-1,-1
99926009,2026-05-18 15:26:41+05:30,53511.6,0,0.0,0,0.0,0.0,53282.15,53667.55,52783.45,53710.35,0,0.0,0.0,0.0,0.0,-0.01,-1,-1,-0.01,-1,-1,-0.01,-1,-1,-0.01,-1,-1,-0.01,-1,-1,-0.01,-1,-1,-0.01,-1,-1,-0.01,-1,-1,-0.01,-1,-1,-0.01,-1,-1
99926009,2026-05-18 15:26:41+05:30,53514.0,0,0.0,0,0.0,0.0,53282.15,53667.55,52783.45,53710.35,0,0.0,0.0,0.0,0.0,-0.01,-1,-1,-0.01,-1,-1,-0.01,-1,-1,-0.01,-1,-1,-0.01,-1,-1,-0.01,-1,-1,-0.01,-1,-1,-0.01,-1,-1,-0.01,-1,-1,-0.01,-1,-1
99926009,2026-05-18 15:26:42+05:30,53514.0,0,0.0,0,0.0,0.0,53282.15,53667.55,52783.45,53710.35,0,0.0,0.0,0.0,0.0,-0.01,-1,-1,-0.01,-1,-1,-0.01,-1,-1,-0.01,-1,-1,-0.01,-1,-1,-0.01,-1,-1,-0.01,-1,-1,-0.01,-1,-1,-0.01,-1,-1,-0.01,-1,-1
99926009,2026-05-18 15:26:42+05:30,53512.45,0,0.0,0,0.0,0.0,53282.15,53667.55,52783.45,53710.35,0,0.0,0.0,0.0,0.0,-0.01,-1,-1,-0.01,-1,-1,-0.01,-1,-1,-0.01,-1,-1,-0.01,-1,-1,-0.01,-1,-1,-0.01,-1,-1,-0.01,-1,-1,-0.01,-1,-1,-0.01,-1,-1
99926009,2026-05-18 15:26:42+05:30,53514.75,0,0.0,0,0.0,0.0,53282.15,53667.55,52783.45,53710.35,0,0.0,0.0,0.0,0.0,-0.01,-1,-1,-0.01,-1,-1,-0.01,-1,-1,-0.01,-1,-1,-0.01,-1,-1,-0.01,-1,-1,-0.01,-1,-1,-0.01,-1,-1,-0.01,-1,-1,-0.01,-1,-1
99926009,2026-05-18 15:26:43+05:30,53514.75,0,0.0,0,0.0,0.0,53282.15,53667.55,52783.45,53710.35,0,0.0,0.0,0.0,0.0,-0.01,-1,-1,-0.01,-1,-1,-0.01,-1,-1,-0.01,-1,-1,-0.01,-1,-1,-0.01,-1,-1,-0.01,-1,-1,-0.01,-1,-1,-0.01,-1,-1,-0.01,-1,-1
99926009,2026-05-18 15:26:43+05:30,53512.3,0,0.0,0,0.0,0.0,53282.15,53667.55,52783.45,53710.35,0,0.0,0.0,0.0,0.0,-0.01,-1,-1,-0.01,-1,-1,-0.01,-1,-1,-0.01,-1,-1,-0.01,-1,-1,-0.01,-1,-1,-0.01,-1,-1,-0.01,-1,-1,-0.01,-1,-1,-0.01,-1,-1
99926009,2026-05-18 15:26:43+05:30,53514.05,0,0.0,0,0.0,0.0,53282.15,53667.55,52783.45,53710.35,0,0.0,0.0,0.0,0.0,-0.01,-1,-1,-0.01,-1,-1,-0.01,-1,-1,-0.01,-1,-1,-0.01,-1,-1,-0.01,-1,-1,-0.01,-1,-1,-0.01,-1,-1,-0.01,-1,-1,-0.01,-1,-1
99926009,2026-05-18 15:26:44+05:30,53514.05,0,0.0,0,0.0,0.0,53282.15,53667.55,52783.45,53710.35,0,0.0,0.0,0.0,0.0,-0.01,-1,-1,-0.01,-1,-1,-0.01,-1,-1,-0.01,-1,-1,-0.01,-1,-1,-0.01,-1,-1,-0.01,-1,-1,-0.01,-1,-1,-0.01,-1,-1,-0.01,-1,-1
99926009,2026-05-18 15:26:44+05:30,53512.95,0,0.0,0,0.0,0.0,53282.15,53667.55,52783.45,53710.35,0,0.0,0.0,0.0,0.0,-0.01,-1,-1,-0.01,-1,-1,-0.01,-1,-1,-0.01,-1,-1,-0.01,-1,-1,-0.01,-1,-1,-0.01,-1,-1,-0.01,-1,-1,-0.01,-1,-1,-0.01,-1,-1
99926009,2026-05-18 15:26:44+05:30,53512.0,0,0.0,0,0.0,0.0,53282.15,53667.55,52783.45,53710.35,0,0.0,0.0,0.0,0.0,-0.01,-1,-1,-0.01,-1,-1,-0.01,-1,-1,-0.01,-1,-1,-0.01,-1,-1,-0.01,-1,-1,-0.01,-1,-1,-0.01,-1,-1,-0.01,-1,-1,-0.01,-1,-1
99926009,2026-05-18 15:26:45+05:30,53512.0,0,0.0,0,0.0,0.0,53282.15,53667.55,52783.45,53710.35,0,0.0,0.0,0.0,0.0,-0.01,-1,-1,-0.01,-1,-1,-0.01,-1,-1,-0.01,-1,-1,-0.01,-1,-1,-0.01,-1,-1,-0.01,-1,-1,-0.01,-1,-1,-0.01,-1,-1,-0.01,-1,-1
99926009,2026-05-18 15:26:45+05:30,53510.3,0,0.0,0,0.0,0.0,53282.15,53667.55,52783.45,53710.35,0,0.0,0.0,0.0,0.0,-0.01,-1,-1,-0.01,-1,-1,-0.01,-1,-1,-0.01,-1,-1,-0.01,-1,-1,-0.01,-1,-1,-0.01,-1,-1,-0.01,-1,-1,-0.01,-1,-1,-0.01,-1,-1
99926009,2026-05-18 15:26:45+05:30,53513.15,0,0.0,0,0.0,0.0,53282.15,53667.55,52783.45,53710.35,0,0.0,0.0,0.0,0.0,-0.01,-1,-1,-0.01,-1,-1,-0.01,-1,-1,-0.01,-1,-1,-0.01,-1,-1,-0.01,-1,-1,-0.01,-1,-1,-0.01,-1,-1,-0.01,-1,-1,-0.01,-1,-1
99926009,2026-05-18 15:26:46+05:30,53513.15,0,0.0,0,0.0,0.0,53282.15,53667.55,52783.45,53710.35,0,0.0,0.0,0.0,0.0,-0.01,-1,-1,-0.01,-1,-1,-0.01,-1,-1,-0.01,-1,-1,-0.01,-1,-1,-0.01,-1,-1,-0.01,-1,-1,-0.01,-1,-1,-0.01,-1,-1,-0.01,-1,-1
99926009,2026-05-18 15:26:46+05:30,53512.4,0,0.0,0,0.0,0.0,53282.15,53667.55,52783.45,53710.35,0,0.0,0.0,0.0,0.0,-0.01,-1,-1,-0.01,-1,-1,-0.01,-1,-1,-0.01,-1,-1,-0.01,-1,-1,-0.01,-1,-1,-0.01,-1,-1,-0.01,-1,-1,-0.01,-1,-1,-0.01,-1,-1
99926009,2026-05-18 15:26:46+05:30,53512.35,0,0.0,0,0.0,0.0,53282.15,53667.55,52783.45,53710.35,0,0.0,0.0,0.0,0.0,-0.01,-1,-1,-0.01,-1,-1,-0.01,-1,-1,-0.01,-1,-1,-0.01,-1,-1,-0.01,-1,-1,-0.01,-1,-1,-0.01,-1,-1,-0.01,-1,-1,-0.01,-1,-1
99926009,2026-05-18 15:26:47+05:30,53512.35,0,0.0,0,0.0,0.0,53282.15,53667.55,52783.45,53710.35,0,0.0,0.0,0.0,0.0,-0.01,-1,-1,-0.01,-1,-1,-0.01,-1,-1,-0.01,-1,-1,-0.01,-1,-1,-0.01,-1,-1,-0.01,-1,-1,-0.01,-1,-1,-0.01,-1,-1,-0.01,-1,-1
99926009,2026-05-18 15:26:47+05:30,53512.3,0,0.0,0,0.0,0.0,53282.15,53667.55,52783.45,53710.35,0,0.0,0.0,0.0,0.0,-0.01,-1,-1,-0.01,-1,-1,-0.01,-1,-1,-0.01,-1,-1,-0.01,-1,-1,-0.01,-1,-1,-0.01,-1,-1,-0.01,-1,-1,-0.01,-1,-1,-0.01,-1,-1
99926009,2026-05-18 15:26:47+05:30,53514.2,0,0.0,0,0.0,0.0,53282.15,53667.55,52783.45,53710.35,0,0.0,0.0,0.0,0.0,-0.01,-1,-1,-0.01,-1,-1,-0.01,-1,-1,-0.01,-1,-1,-0.01,-1,-1,-0.01,-1,-1,-0.01,-1,-1,-0.01,-1,-1,-0.01,-1,-1,-0.01,-1,-1
99926009,2026-05-18 15:26:48+05:30,53514.2,0,0.0,0,0.0,0.0,53282.15,53667.55,52783.45,53710.35,0,0.0,0.0,0.0,0.0,-0.01,-1,-1,-0.01,-1,-1,-0.01,-1,-1,-0.01,-1,-1,-0.01,-1,-1,-0.01,-1,-1,-0.01,-1,-1,-0.01,-1,-1,-0.01,-1,-1,-0.01,-1,-1
99926009,2026-05-18 15:26:48+05:30,53511.65,0,0.0,0,0.0,0.0,53282.15,53667.55,52783.45,53710.35,0,0.0,0.0,0.0,0.0,-0.01,-1,-1,-0.01,-1,-1,-0.01,-1,-1,-0.01,-1,-1,-0.01,-1,-1,-0.01,-1,-1,-0.01,-1,-1,-0.01,-1,-1,-0.01,-1,-1,-0.01,-1,-1
99926009,2026-05-18 15:26:48+05:30,53511.3,0,0.0,0,0.0,0.0,53282.15,53667.55,52783.45,53710.35,0,0.0,0.0,0.0,0.0,-0.01,-1,-1,-0.01,-1,-1,-0.01,-1,-1,-0.01,-1,-1,-0.01,-1,-1,-0.01,-1,-1,-0.01,-1,-1,-0.01,-1,-1,-0.01,-1,-1,-0.01,-1,-1
99926009,2026-05-18 15:26:49+05:30,53511.3,0,0.0,0,0.0,0.0,53282.15,53667.55,52783.45,53710.35,0,0.0,0.0,0.0,0.0,-0.01,-1,-1,-0.01,-1,-1,-0.01,-1,-1,-0.01,-1,-1,-0.01,-1,-1,-0.01,-1,-1,-0.01,-1,-1,-0.01,-1,-1,-0.01,-1,-1,-0.01,-1,-1
99926009,2026-05-18 15:26:49+05:30,53511.7,0,0.0,0,0.0,0.0,53282.15,53667.55,52783.45,53710.35,0,0.0,0.0,0.0,0.0,-0.01,-1,-1,-0.01,-1,-1,-0.01,-1,-1,-0.01,-1,-1,-0.01,-1,-1,-0.01,-1,-1,-0.01,-1,-1,-0.01,-1,-1,-0.01,-1,-1,-0.01,-1,-1
99926009,2026-05-18 15:26:49+05:30,53512.4,0,0.0,0,0.0,0.0,53282.15,53667.55,52783.45,53710.35,0,0.0,0.0,0.0,0.0,-0.01,-1,-1,-0.01,-1,-1,-0.01,-1,-1,-0.01,-1,-1,-0.01,-1,-1,-0.01,-1,-1,-0.01,-1,-1,-0.01,-1,-1,-0.01,-1,-1,-0.01,-1,-1
99926009,2026-05-18 15:26:50+05:30,53512.4,0,0.0,0,0.0,0.0,53282.15,53667.55,52783.45,53710.35,0,0.0,0.0,0.0,0.0,-0.01,-1,-1,-0.01,-1,-1,-0.01,-1,-1,-0.01,-1,-1,-0.01,-1,-1,-0.01,-1,-1,-0.01,-1,-1,-0.01,-1,-1,-0.01,-1,-1,-0.01,-1,-1
99926009,2026-05-18 15:26:50+05:30,53513.7,0,0.0,0,0.0,0.0,53282.15,53667.55,52783.45,53710.35,0,0.0,0.0,0.0,0.0,-0.01,-1,-1,-0.01,-1,-1,-0.01,-1,-1,-0.01,-1,-1,-0.01,-1,-1,-0.01,-1,-1,-0.01,-1,-1,-0.01,-1,-1,-0.01,-1,-1,-0.01,-1,-1
99926009,2026-05-18 15:26:50+05:30,53515.55,0,0.0,0,0.0,0.0,53282.15,53667.55,52783.45,53710.35,0,0.0,0.0,0.0,0.0,-0.01,-1,-1,-0.01,-1,-1,-0.01,-1,-1,-0.01,-1,-1,-0.01,-1,-1,-0.01,-1,-1,-0.01,-1,-1,-0.01,-1,-1,-0.01,-1,-1,-0.01,-1,-1
99926009,2026-05-18 15:26:51+05:30,53515.55,0,0.0,0,0.0,0.0,53282.15,53667.55,52783.45,53710.35,0,0.0,0.0,0.0,0.0,-0.01,-1,-1,-0.01,-1,-1,-0.01,-1,-1,-0.01,-1,-1,-0.01,-1,-1,-0.01,-1,-1,-0.01,-1,-1,-0.01,-1,-1,-0.01,-1,-1,-0.01,-1,-1
99926009,2026-05-18 15:26:51+05:30,53513.45,0,0.0,0,0.0,0.0,53282.15,53667.55,52783.45,53710.35,0,0.0,0.0,0.0,0.0,-0.01,-1,-1,-0.01,-1,-1,-0.01,-1,-1,-0.01,-1,-1,-0.01,-1,-1,-0.01,-1,-1,-0.01,-1,-1,-0.01,-1,-1,-0.01,-1,-1,-0.01,-1,-1
99926009,2026-05-18 15:26:51+05:30,53510.55,0,0.0,0,0.0,0.0,53282.15,53667.55,52783.45,53710.35,0,0.0,0.0,0.0,0.0,-0.01,-1,-1,-0.01,-1,-1,-0.01,-1,-1,-0.01,-1,-1,-0.01,-1,-1,-0.01,-1,-1,-0.01,-1,-1,-0.01,-1,-1,-0.01,-1,-1,-0.01,-1,-1
99926009,2026-05-18 15:26:52+05:30,53510.55,0,0.0,0,0.0,0.0,53282.15,53667.55,52783.45,53710.35,0,0.0,0.0,0.0,0.0,-0.01,-1,-1,-0.01,-1,-1,-0.01,-1,-1,-0.01,-1,-1,-0.01,-1,-1,-0.01,-1,-1,-0.01,-1,-1,-0.01,-1,-1,-0.01,-1,-1,-0.01,-1,-1
99926009,2026-05-18 15:26:52+05:30,53513.8,0,0.0,0,0.0,0.0,53282.15,53667.55,52783.45,53710.35,0,0.0,0.0,0.0,0.0,-0.01,-1,-1,-0.01,-1,-1,-0.01,-1,-1,-0.01,-1,-1,-0.01,-1,-1,-0.01,-1,-1,-0.01,-1,-1,-0.01,-1,-1,-0.01,-1,-1,-0.01,-1,-1
99926009,2026-05-18 15:26:52+05:30,53512.45,0,0.0,0,0.0,0.0,53282.15,53667.55,52783.45,53710.35,0,0.0,0.0,0.0,0.0,-0.01,-1,-1,-0.01,-1,-1,-0.01,-1,-1,-0.01,-1,-1,-0.01,-1,-1,-0.01,-1,-1,-0.01,-1,-1,-0.01,-1,-1,-0.01,-1,-1,-0.01,-1,-1
99926009,2026-05-18 15:26:53+05:30,53512.45,0,0.0,0,0.0,0.0,53282.15,53667.55,52783.45,53710.35,0,0.0,0.0,0.0,0.0,-0.01,-1,-1,-0.01,-1,-1,-0.01,-1,-1,-0.01,-1,-1,-0.01,-1,-1,-0.01,-1,-1,-0.01,-1,-1,-0.01,-1,-1,-0.01,-1,-1,-0.01,-1,-1
99926009,2026-05-18 15:26:53+05:30,53513.7,0,0.0,0,0.0,0.0,53282.15,53667.55,52783.45,53710.35,0,0.0,0.0,0.0,0.0,-0.01,-1,-1,-0.01,-1,-1,-0.01,-1,-1,-0.01,-1,-1,-0.01,-1,-1,-0.01,-1,-1,-0.01,-1,-1,-0.01,-1,-1,-0.01,-1,-1,-0.01,-1,-1
99926009,2026-05-18 15:26:53+05:30,53514.7,0,0.0,0,0.0,0.0,53282.15,53667.55,52783.45,53710.35,0,0.0,0.0,0.0,0.0,-0.01,-1,-1,-0.01,-1,-1,-0.01,-1,-1,-0.01,-1,-1,-0.01,-1,-1,-0.01,-1,-1,-0.01,-1,-1,-0.01,-1,-1,-0.01,-1,-1,-0.01,-1,-1
99926009,2026-05-18 15:26:54+05:30,53514.7,0,0.0,0,0.0,0.0,53282.15,53667.55,52783.45,53710.35,0,0.0,0.0,0.0,0.0,-0.01,-1,-1,-0.01,-1,-1,-0.01,-1,-1,-0.01,-1,-1,-0.01,-1,-1,-0.01,-1,-1,-0.01,-1,-1,-0.01,-1,-1,-0.01,-1,-1,-0.01,-1,-1
99926009,2026-05-18 15:26:54+05:30,53514.25,0,0.0,0,0.0,0.0,53282.15,53667.55,52783.45,53710.35,0,0.0,0.0,0.0,0.0,-0.01,-1,-1,-0.01,-1,-1,-0.01,-1,-1,-0.01,-1,-1,-0.01,-1,-1,-0.01,-1,-1,-0.01,-1,-1,-0.01,-1,-1,-0.01,-1,-1,-0.01,-1,-1
99926009,2026-05-18 15:26:54+05:30,53514.45,0,0.0,0,0.0,0.0,53282.15,53667.55,52783.45,53710.35,0,0.0,0.0,0.0,0.0,-0.01,-1,-1,-0.01,-1,-1,-0.01,-1,-1,-0.01,-1,-1,-0.01,-1,-1,-0.01,-1,-1,-0.01,-1,-1,-0.01,-1,-1,-0.01,-1,-1,-0.01,-1,-1
99926009,2026-05-18 15:26:55+05:30,53514.45,0,0.0,0,0.0,0.0,53282.15,53667.55,52783.45,53710.35,0,0.0,0.0,0.0,0.0,-0.01,-1,-1,-0.01,-1,-1,-0.01,-1,-1,-0.01,-1,-1,-0.01,-1,-1,-0.01,-1,-1,-0.01,-1,-1,-0.01,-1,-1,-0.01,-1,-1,-0.01,-1,-1
99926009,2026-05-18 15:26:55+05:30,53514.5,0,0.0,0,0.0,0.0,53282.15,53667.55,52783.45,53710.35,0,0.0,0.0,0.0,0.0,-0.01,-1,-1,-0.01,-1,-1,-0.01,-1,-1,-0.01,-1,-1,-0.01,-1,-1,-0.01,-1,-1,-0.01,-1,-1,-0.01,-1,-1,-0.01,-1,-1,-0.01,-1,-1
99926009,2026-05-18 15:26:55+05:30,53514.0,0,0.0,0,0.0,0.0,53282.15,53667.55,52783.45,53710.35,0,0.0,0.0,0.0,0.0,-0.01,-1,-1,-0.01,-1,-1,-0.01,-1,-1,-0.01,-1,-1,-0.01,-1,-1,-0.01,-1,-1,-0.01,-1,-1,-0.01,-1,-1,-0.01,-1,-1,-0.01,-1,-1
99926009,2026-05-18 15:26:56+05:30,53514.0,0,0.0,0,0.0,0.0,53282.15,53667.55,52783.45,53710.35,0,0.0,0.0,0.0,0.0,-0.01,-1,-1,-0.01,-1,-1,-0.01,-1,-1,-0.01,-1,-1,-0.01,-1,-1,-0.01,-1,-1,-0.01,-1,-1,-0.01,-1,-1,-0.01,-1,-1,-0.01,-1,-1
99926009,2026-05-18 15:26:56+05:30,53512.95,0,0.0,0,0.0,0.0,53282.15,53667.55,52783.45,53710.35,0,0.0,0.0,0.0,0.0,-0.01,-1,-1,-0.01,-1,-1,-0.01,-1,-1,-0.01,-1,-1,-0.01,-1,-1,-0.01,-1,-1,-0.01,-1,-1,-0.01,-1,-1,-0.01,-1,-1,-0.01,-1,-1
99926009,2026-05-18 15:26:56+05:30,53513.0,0,0.0,0,0.0,0.0,53282.15,53667.55,52783.45,53710.35,0,0.0,0.0,0.0,0.0,-0.01,-1,-1,-0.01,-1,-1,-0.01,-1,-1,-0.01,-1,-1,-0.01,-1,-1,-0.01,-1,-1,-0.01,-1,-1,-0.01,-1,-1,-0.01,-1,-1,-0.01,-1,-1
99926009,2026-05-18 15:26:57+05:30,53513.0,0,0.0,0,0.0,0.0,53282.15,53667.55,52783.45,53710.35,0,0.0,0.0,0.0,0.0,-0.01,-1,-1,-0.01,-1,-1,-0.01,-1,-1,-0.01,-1,-1,-0.01,-1,-1,-0.01,-1,-1,-0.01,-1,-1,-0.01,-1,-1,-0.01,-1,-1,-0.01,-1,-1
99926009,2026-05-18 15:26:57+05:30,53509.85,0,0.0,0,0.0,0.0,53282.15,53667.55,52783.45,53710.35,0,0.0,0.0,0.0,0.0,-0.01,-1,-1,-0.01,-1,-1,-0.01,-1,-1,-0.01,-1,-1,-0.01,-1,-1,-0.01,-1,-1,-0.01,-1,-1,-0.01,-1,-1,-0.01,-1,-1,-0.01,-1,-1
99926009,2026-05-18 15:26:57+05:30,53511.45,0,0.0,0,0.0,0.0,53282.15,53667.55,52783.45,53710.35,0,0.0,0.0,0.0,0.0,-0.01,-1,-1,-0.01,-1,-1,-0.01,-1,-1,-0.01,-1,-1,-0.01,-1,-1,-0.01,-1,-1,-0.01,-1,-1,-0.01,-1,-1,-0.01,-1,-1,-0.01,-1,-1
99926009,2026-05-18 15:26:58+05:30,53511.45,0,0.0,0,0.0,0.0,53282.15,53667.55,52783.45,53710.35,0,0.0,0.0,0.0,0.0,-0.01,-1,-1,-0.01,-1,-1,-0.01,-1,-1,-0.01,-1,-1,-0.01,-1,-1,-0.01,-1,-1,-0.01,-1,-1,-0.01,-1,-1,-0.01,-1,-1,-0.01,-1,-1
99926009,2026-05-18 15:26:58+05:30,53509.45,0,0.0,0,0.0,0.0,53282.15,53667.55,52783.45,53710.35,0,0.0,0.0,0.0,0.0,-0.01,-1,-1,-0.01,-1,-1,-0.01,-1,-1,-0.01,-1,-1,-0.01,-1,-1,-0.01,-1,-1,-0.01,-1,-1,-0.01,-1,-1,-0.01,-1,-1,-0.01,-1,-1
99926009,2026-05-18 15:26:58+05:30,53510.3,0,0.0,0,0.0,0.0,53282.15,53667.55,52783.45,53710.35,0,0.0,0.0,0.0,0.0,-0.01,-1,-1,-0.01,-1,-1,-0.01,-1,-1,-0.01,-1,-1,-0.01,-1,-1,-0.01,-1,-1,-0.01,-1,-1,-0.01,-1,-1,-0.01,-1,-1,-0.01,-1,-1
99926009,2026-05-18 15:26:59+05:30,53510.3,0,0.0,0,0.0,0.0,53282.15,53667.55,52783.45,53710.35,0,0.0,0.0,0.0,0.0,-0.01,-1,-1,-0.01,-1,-1,-0.01,-1,-1,-0.01,-1,-1,-0.01,-1,-1,-0.01,-1,-1,-0.01,-1,-1,-0.01,-1,-1,-0.01,-1,-1,-0.01,-1,-1
99926009,2026-05-18 15:26:59+05:30,53506.9,0,0.0,0,0.0,0.0,53282.15,53667.55,52783.45,53710.35,0,0.0,0.0,0.0,0.0,-0.01,-1,-1,-0.01,-1,-1,-0.01,-1,-1,-0.01,-1,-1,-0.01,-1,-1,-0.01,-1,-1,-0.01,-1,-1,-0.01,-1,-1,-0.01,-1,-1,-0.01,-1,-1
99926009,2026-05-18 15:26:59+05:30,53508.95,0,0.0,0,0.0,0.0,53282.15,53667.55,52783.45,53710.35,0,0.0,0.0,0.0,0.0,-0.01,-1,-1,-0.01,-1,-1,-0.01,-1,-1,-0.01,-1,-1,-0.01,-1,-1,-0.01,-1,-1,-0.01,-1,-1,-0.01,-1,-1,-0.01,-1,-1,-0.01,-1,-1
99926009,2026-05-18 15:27:00+05:30,53508.95,0,0.0,0,0.0,0.0,53282.15,53667.55,52783.45,53710.35,0,0.0,0.0,0.0,0.0,-0.01,-1,-1,-0.01,-1,-1,-0.01,-1,-1,-0.01,-1,-1,-0.01,-1,-1,-0.01,-1,-1,-0.01,-1,-1,-0.01,-1,-1,-0.01,-1,-1,-0.01,-1,-1
99926009,2026-05-18 15:27:00+05:30,53511.85,0,0.0,0,0.0,0.0,53282.15,53667.55,52783.45,53710.35,0,0.0,0.0,0.0,0.0,-0.01,-1,-1,-0.01,-1,-1,-0.01,-1,-1,-0.01,-1,-1,-0.01,-1,-1,-0.01,-1,-1,-0.01,-1,-1,-0.01,-1,-1,-0.01,-1,-1,-0.01,-1,-1
99926009,2026-05-18 15:27:00+05:30,53511.5,0,0.0,0,0.0,0.0,53282.15,53667.55,52783.45,53710.35,0,0.0,0.0,0.0,0.0,-0.01,-1,-1,-0.01,-1,-1,-0.01,-1,-1,-0.01,-1,-1,-0.01,-1,-1,-0.01,-1,-1,-0.01,-1,-1,-0.01,-1,-1,-0.01,-1,-1,-0.01,-1,-1
99926009,2026-05-18 15:27:01+05:30,53511.5,0,0.0,0,0.0,0.0,53282.15,53667.55,52783.45,53710.35,0,0.0,0.0,0.0,0.0,-0.01,-1,-1,-0.01,-1,-1,-0.01,-1,-1,-0.01,-1,-1,-0.01,-1,-1,-0.01,-1,-1,-0.01,-1,-1,-0.01,-1,-1,-0.01,-1,-1,-0.01,-1,-1
99926009,2026-05-18 15:27:01+05:30,53507.55,0,0.0,0,0.0,0.0,53282.15,53667.55,52783.45,53710.35,0,0.0,0.0,0.0,0.0,-0.01,-1,-1,-0.01,-1,-1,-0.01,-1,-1,-0.01,-1,-1,-0.01,-1,-1,-0.01,-1,-1,-0.01,-1,-1,-0.01,-1,-1,-0.01,-1,-1,-0.01,-1,-1
99926009,2026-05-18 15:27:01+05:30,53508.95,0,0.0,0,0.0,0.0,53282.15,53667.55,52783.45,53710.35,0,0.0,0.0,0.0,0.0,-0.01,-1,-1,-0.01,-1,-1,-0.01,-1,-1,-0.01,-1,-1,-0.01,-1,-1,-0.01,-1,-1,-0.01,-1,-1,-0.01,-1,-1,-0.01,-1,-1,-0.01,-1,-1
99926009,2026-05-18 15:27:02+05:30,53508.95,0,0.0,0,0.0,0.0,53282.15,53667.55,52783.45,53710.35,0,0.0,0.0,0.0,0.0,-0.01,-1,-1,-0.01,-1,-1,-0.01,-1,-1,-0.01,-1,-1,-0.01,-1,-1,-0.01,-1,-1,-0.01,-1,-1,-0.01,-1,-1,-0.01,-1,-1,-0.01,-1,-1
99926009,2026-05-18 15:27:02+05:30,53508.7,0,0.0,0,0.0,0.0,53282.15,53667.55,52783.45,53710.35,0,0.0,0.0,0.0,0.0,-0.01,-1,-1,-0.01,-1,-1,-0.01,-1,-1,-0.01,-1,-1,-0.01,-1,-1,-0.01,-1,-1,-0.01,-1,-1,-0.01,-1,-1,-0.01,-1,-1,-0.01,-1,-1
99926009,2026-05-18 15:27:02+05:30,53505.25,0,0.0,0,0.0,0.0,53282.15,53667.55,52783.45,53710.35,0,0.0,0.0,0.0,0.0,-0.01,-1,-1,-0.01,-1,-1,-0.01,-1,-1,-0.01,-1,-1,-0.01,-1,-1,-0.01,-1,-1,-0.01,-1,-1,-0.01,-1,-1,-0.01,-1,-1,-0.01,-1,-1
99926009,2026-05-18 15:27:03+05:30,53505.25,0,0.0,0,0.0,0.0,53282.15,53667.55,52783.45,53710.35,0,0.0,0.0,0.0,0.0,-0.01,-1,-1,-0.01,-1,-1,-0.01,-1,-1,-0.01,-1,-1,-0.01,-1,-1,-0.01,-1,-1,-0.01,-1,-1,-0.01,-1,-1,-0.01,-1,-1,-0.01,-1,-1
99926009,2026-05-18 15:27:03+05:30,53505.4,0,0.0,0,0.0,0.0,53282.15,53667.55,52783.45,53710.35,0,0.0,0.0,0.0,0.0,-0.01,-1,-1,-0.01,-1,-1,-0.01,-1,-1,-0.01,-1,-1,-0.01,-1,-1,-0.01,-1,-1,-0.01,-1,-1,-0.01,-1,-1,-0.01,-1,-1,-0.01,-1,-1
99926009,2026-05-18 15:27:03+05:30,53508.3,0,0.0,0,0.0,0.0,53282.15,53667.55,52783.45,53710.35,0,0.0,0.0,0.0,0.0,-0.01,-1,-1,-0.01,-1,-1,-0.01,-1,-1,-0.01,-1,-1,-0.01,-1,-1,-0.01,-1,-1,-0.01,-1,-1,-0.01,-1,-1,-0.01,-1,-1,-0.01,-1,-1
99926009,2026-05-18 15:27:04+05:30,53508.3,0,0.0,0,0.0,0.0,53282.15,53667.55,52783.45,53710.35,0,0.0,0.0,0.0,0.0,-0.01,-1,-1,-0.01,-1,-1,-0.01,-1,-1,-0.01,-1,-1,-0.01,-1,-1,-0.01,-1,-1,-0.01,-1,-1,-0.01,-1,-1,-0.01,-1,-1,-0.01,-1,-1
99926009,2026-05-18 15:27:04+05:30,53508.05,0,0.0,0,0.0,0.0,53282.15,53667.55,52783.45,53710.35,0,0.0,0.0,0.0,0.0,-0.01,-1,-1,-0.01,-1,-1,-0.01,-1,-1,-0.01,-1,-1,-0.01,-1,-1,-0.01,-1,-1,-0.01,-1,-1,-0.01,-1,-1,-0.01,-1,-1,-0.01,-1,-1
99926009,2026-05-18 15:27:04+05:30,53507.8,0,0.0,0,0.0,0.0,53282.15,53667.55,52783.45,53710.35,0,0.0,0.0,0.0,0.0,-0.01,-1,-1,-0.01,-1,-1,-0.01,-1,-1,-0.01,-1,-1,-0.01,-1,-1,-0.01,-1,-1,-0.01,-1,-1,-0.01,-1,-1,-0.01,-1,-1,-0.01,-1,-1
99926009,2026-05-18 15:27:05+05:30,53507.8,0,0.0,0,0.0,0.0,53282.15,53667.55,52783.45,53710.35,0,0.0,0.0,0.0,0.0,-0.01,-1,-1,-0.01,-1,-1,-0.01,-1,-1,-0.01,-1,-1,-0.01,-1,-1,-0.01,-1,-1,-0.01,-1,-1,-0.01,-1,-1,-0.01,-1,-1,-0.01,-1,-1
99926009,2026-05-18 15:27:05+05:30,53509.45,0,0.0,0,0.0,0.0,53282.15,53667.55,52783.45,53710.35,0,0.0,0.0,0.0,0.0,-0.01,-1,-1,-0.01,-1,-1,-0.01,-1,-1,-0.01,-1,-1,-0.01,-1,-1,-0.01,-1,-1,-0.01,-1,-1,-0.01,-1,-1,-0.01,-1,-1,-0.01,-1,-1
99926009,2026-05-18 15:27:05+05:30,53510.3,0,0.0,0,0.0,0.0,53282.15,53667.55,52783.45,53710.35,0,0.0,0.0,0.0,0.0,-0.01,-1,-1,-0.01,-1,-1,-0.01,-1,-1,-0.01,-1,-1,-0.01,-1,-1,-0.01,-1,-1,-0.01,-1,-1,-0.01,-1,-1,-0.01,-1,-1,-0.01,-1,-1
99926009,2026-05-18 15:27:06+05:30,53510.3,0,0.0,0,0.0,0.0,53282.15,53667.55,52783.45,53710.35,0,0.0,0.0,0.0,0.0,-0.01,-1,-1,-0.01,-1,-1,-0.01,-1,-1,-0.01,-1,-1,-0.01,-1,-1,-0.01,-1,-1,-0.01,-1,-1,-0.01,-1,-1,-0.01,-1,-1,-0.01,-1,-1
99926009,2026-05-18 15:27:06+05:30,53509.8,0,0.0,0,0.0,0.0,53282.15,53667.55,52783.45,53710.35,0,0.0,0.0,0.0,0.0,-0.01,-1,-1,-0.01,-1,-1,-0.01,-1,-1,-0.01,-1,-1,-0.01,-1,-1,-0.01,-1,-1,-0.01,-1,-1,-0.01,-1,-1,-0.01,-1,-1,-0.01,-1,-1
99926009,2026-05-18 15:27:06+05:30,53510.2,0,0.0,0,0.0,0.0,53282.15,53667.55,52783.45,53710.35,0,0.0,0.0,0.0,0.0,-0.01,-1,-1,-0.01,-1,-1,-0.01,-1,-1,-0.01,-1,-1,-0.01,-1,-1,-0.01,-1,-1,-0.01,-1,-1,-0.01,-1,-1,-0.01,-1,-1,-0.01,-1,-1
99926009,2026-05-18 15:27:07+05:30,53510.2,0,0.0,0,0.0,0.0,53282.15,53667.55,52783.45,53710.35,0,0.0,0.0,0.0,0.0,-0.01,-1,-1,-0.01,-1,-1,-0.01,-1,-1,-0.01,-1,-1,-0.01,-1,-1,-0.01,-1,-1,-0.01,-1,-1,-0.01,-1,-1,-0.01,-1,-1,-0.01,-1,-1
99926009,2026-05-18 15:27:07+05:30,53509.95,0,0.0,0,0.0,0.0,53282.15,53667.55,52783.45,53710.35,0,0.0,0.0,0.0,0.0,-0.01,-1,-1,-0.01,-1,-1,-0.01,-1,-1,-0.01,-1,-1,-0.01,-1,-1,-0.01,-1,-1,-0.01,-1,-1,-0.01,-1,-1,-0.01,-1,-1,-0.01,-1,-1
99926009,2026-05-18 15:27:07+05:30,53509.4,0,0.0,0,0.0,0.0,53282.15,53667.55,52783.45,53710.35,0,0.0,0.0,0.0,0.0,-0.01,-1,-1,-0.01,-1,-1,-0.01,-1,-1,-0.01,-1,-1,-0.01,-1,-1,-0.01,-1,-1,-0.01,-1,-1,-0.01,-1,-1,-0.01,-1,-1,-0.01,-1,-1
99926009,2026-05-18 15:27:08+05:30,53509.4,0,0.0,0,0.0,0.0,53282.15,53667.55,52783.45,53710.35,0,0.0,0.0,0.0,0.0,-0.01,-1,-1,-0.01,-1,-1,-0.01,-1,-1,-0.01,-1,-1,-0.01,-1,-1,-0.01,-1,-1,-0.01,-1,-1,-0.01,-1,-1,-0.01,-1,-1,-0.01,-1,-1
99926009,2026-05-18 15:27:08+05:30,53507.4,0,0.0,0,0.0,0.0,53282.15,53667.55,52783.45,53710.35,0,0.0,0.0,0.0,0.0,-0.01,-1,-1,-0.01,-1,-1,-0.01,-1,-1,-0.01,-1,-1,-0.01,-1,-1,-0.01,-1,-1,-0.01,-1,-1,-0.01,-1,-1,-0.01,-1,-1,-0.01,-1,-1
99926009,2026-05-18 15:27:08+05:30,53507.25,0,0.0,0,0.0,0.0,53282.15,53667.55,52783.45,53710.35,0,0.0,0.0,0.0,0.0,-0.01,-1,-1,-0.01,-1,-1,-0.01,-1,-1,-0.01,-1,-1,-0.01,-1,-1,-0.01,-1,-1,-0.01,-1,-1,-0.01,-1,-1,-0.01,-1,-1,-0.01,-1,-1
99926009,2026-05-18 15:27:09+05:30,53507.25,0,0.0,0,0.0,0.0,53282.15,53667.55,52783.45,53710.35,0,0.0,0.0,0.0,0.0,-0.01,-1,-1,-0.01,-1,-1,-0.01,-1,-1,-0.01,-1,-1,-0.01,-1,-1,-0.01,-1,-1,-0.01,-1,-1,-0.01,-1,-1,-0.01,-1,-1,-0.01,-1,-1
99926009,2026-05-18 15:27:09+05:30,53510.45,0,0.0,0,0.0,0.0,53282.15,53667.55,52783.45,53710.35,0,0.0,0.0,0.0,0.0,-0.01,-1,-1,-0.01,-1,-1,-0.01,-1,-1,-0.01,-1,-1,-0.01,-1,-1,-0.01,-1,-1,-0.01,-1,-1,-0.01,-1,-1,-0.01,-1,-1,-0.01,-1,-1
99926009,2026-05-18 15:27:09+05:30,53508.45,0,0.0,0,0.0,0.0,53282.15,53667.55,52783.45,53710.35,0,0.0,0.0,0.0,0.0,-0.01,-1,-1,-0.01,-1,-1,-0.01,-1,-1,-0.01,-1,-1,-0.01,-1,-1,-0.01,-1,-1,-0.01,-1,-1,-0.01,-1,-1,-0.01,-1,-1,-0.01,-1,-1
99926009,2026-05-18 15:27:10+05:30,53508.45,0,0.0,0,0.0,0.0,53282.15,53667.55,52783.45,53710.35,0,0.0,0.0,0.0,0.0,-0.01,-1,-1,-0.01,-1,-1,-0.01,-1,-1,-0.01,-1,-1,-0.01,-1,-1,-0.01,-1,-1,-0.01,-1,-1,-0.01,-1,-1,-0.01,-1,-1,-0.01,-1,-1
99926009,2026-05-18 15:27:10+05:30,53504.8,0,0.0,0,0.0,0.0,53282.15,53667.55,52783.45,53710.35,0,0.0,0.0,0.0,0.0,-0.01,-1,-1,-0.01,-1,-1,-0.01,-1,-1,-0.01,-1,-1,-0.01,-1,-1,-0.01,-1,-1,-0.01,-1,-1,-0.01,-1,-1,-0.01,-1,-1,-0.01,-1,-1
99926009,2026-05-18 15:27:10+05:30,53509.1,0,0.0,0,0.0,0.0,53282.15,53667.55,52783.45,53710.35,0,0.0,0.0,0.0,0.0,-0.01,-1,-1,-0.01,-1,-1,-0.01,-1,-1,-0.01,-1,-1,-0.01,-1,-1,-0.01,-1,-1,-0.01,-1,-1,-0.01,-1,-1,-0.01,-1,-1,-0.01,-1,-1
99926009,2026-05-18 15:27:11+05:30,53509.1,0,0.0,0,0.0,0.0,53282.15,53667.55,52783.45,53710.35,0,0.0,0.0,0.0,0.0,-0.01,-1,-1,-0.01,-1,-1,-0.01,-1,-1,-0.01,-1,-1,-0.01,-1,-1,-0.01,-1,-1,-0.01,-1,-1,-0.01,-1,-1,-0.01,-1,-1,-0.01,-1,-1
99926009,2026-05-18 15:27:11+05:30,53506.25,0,0.0,0,0.0,0.0,53282.15,53667.55,52783.45,53710.35,0,0.0,0.0,0.0,0.0,-0.01,-1,-1,-0.01,-1,-1,-0.01,-1,-1,-0.01,-1,-1,-0.01,-1,-1,-0.01,-1,-1,-0.01,-1,-1,-0.01,-1,-1,-0.01,-1,-1,-0.01,-1,-1
99926009,2026-05-18 15:27:11+05:30,53505.25,0,0.0,0,0.0,0.0,53282.15,53667.55,52783.45,53710.35,0,0.0,0.0,0.0,0.0,-0.01,-1,-1,-0.01,-1,-1,-0.01,-1,-1,-0.01,-1,-1,-0.01,-1,-1,-0.01,-1,-1,-0.01,-1,-1,-0.01,-1,-1,-0.01,-1,-1,-0.01,-1,-1
99926009,2026-05-18 15:27:12+05:30,53505.25,0,0.0,0,0.0,0.0,53282.15,53667.55,52783.45,53710.35,0,0.0,0.0,0.0,0.0,-0.01,-1,-1,-0.01,-1,-1,-0.01,-1,-1,-0.01,-1,-1,-0.01,-1,-1,-0.01,-1,-1,-0.01,-1,-1,-0.01,-1,-1,-0.01,-1,-1,-0.01,-1,-1
99926009,2026-05-18 15:27:12+05:30,53504.3,0,0.0,0,0.0,0.0,53282.15,53667.55,52783.45,53710.35,0,0.0,0.0,0.0,0.0,-0.01,-1,-1,-0.01,-1,-1,-0.01,-1,-1,-0.01,-1,-1,-0.01,-1,-1,-0.01,-1,-1,-0.01,-1,-1,-0.01,-1,-1,-0.01,-1,-1,-0.01,-1,-1
99926009,2026-05-18 15:27:12+05:30,53504.7,0,0.0,0,0.0,0.0,53282.15,53667.55,52783.45,53710.35,0,0.0,0.0,0.0,0.0,-0.01,-1,-1,-0.01,-1,-1,-0.01,-1,-1,-0.01,-1,-1,-0.01,-1,-1,-0.01,-1,-1,-0.01,-1,-1,-0.01,-1,-1,-0.01,-1,-1,-0.01,-1,-1
99926009,2026-05-18 15:27:13+05:30,53504.7,0,0.0,0,0.0,0.0,53282.15,53667.55,52783.45,53710.35,0,0.0,0.0,0.0,0.0,-0.01,-1,-1,-0.01,-1,-1,-0.01,-1,-1,-0.01,-1,-1,-0.01,-1,-1,-0.01,-1,-1,-0.01,-1,-1,-0.01,-1,-1,-0.01,-1,-1,-0.01,-1,-1
99926009,2026-05-18 15:27:13+05:30,53506.15,0,0.0,0,0.0,0.0,53282.15,53667.55,52783.45,53710.35,0,0.0,0.0,0.0,0.0,-0.01,-1,-1,-0.01,-1,-1,-0.01,-1,-1,-0.01,-1,-1,-0.01,-1,-1,-0.01,-1,-1,-0.01,-1,-1,-0.01,-1,-1,-0.01,-1,-1,-0.01,-1,-1
99926009,2026-05-18 15:27:13+05:30,53510.5,0,0.0,0,0.0,0.0,53282.15,53667.55,52783.45,53710.35,0,0.0,0.0,0.0,0.0,-0.01,-1,-1,-0.01,-1,-1,-0.01,-1,-1,-0.01,-1,-1,-0.01,-1,-1,-0.01,-1,-1,-0.01,-1,-1,-0.01,-1,-1,-0.01,-1,-1,-0.01,-1,-1
99926009,2026-05-18 15:27:14+05:30,53510.5,0,0.0,0,0.0,0.0,53282.15,53667.55,52783.45,53710.35,0,0.0,0.0,0.0,0.0,-0.01,-1,-1,-0.01,-1,-1,-0.01,-1,-1,-0.01,-1,-1,-0.01,-1,-1,-0.01,-1,-1,-0.01,-1,-1,-0.01,-1,-1,-0.01,-1,-1,-0.01,-1,-1
99926009,2026-05-18 15:27:14+05:30,53510.45,0,0.0,0,0.0,0.0,53282.15,53667.55,52783.45,53710.35,0,0.0,0.0,0.0,0.0,-0.01,-1,-1,-0.01,-1,-1,-0.01,-1,-1,-0.01,-1,-1,-0.01,-1,-1,-0.01,-1,-1,-0.01,-1,-1,-0.01,-1,-1,-0.01,-1,-1,-0.01,-1,-1
99926009,2026-05-18 15:27:14+05:30,53507.9,0,0.0,0,0.0,0.0,53282.15,53667.55,52783.45,53710.35,0,0.0,0.0,0.0,0.0,-0.01,-1,-1,-0.01,-1,-1,-0.01,-1,-1,-0.01,-1,-1,-0.01,-1,-1,-0.01,-1,-1,-0.01,-1,-1,-0.01,-1,-1,-0.01,-1,-1,-0.01,-1,-1
99926009,2026-05-18 15:27:15+05:30,53507.9,0,0.0,0,0.0,0.0,53282.15,53667.55,52783.45,53710.35,0,0.0,0.0,0.0,0.0,-0.01,-1,-1,-0.01,-1,-1,-0.01,-1,-1,-0.01,-1,-1,-0.01,-1,-1,-0.01,-1,-1,-0.01,-1,-1,-0.01,-1,-1,-0.01,-1,-1,-0.01,-1,-1
99926009,2026-05-18 15:27:15+05:30,53509.3,0,0.0,0,0.0,0.0,53282.15,53667.55,52783.45,53710.35,0,0.0,0.0,0.0,0.0,-0.01,-1,-1,-0.01,-1,-1,-0.01,-1,-1,-0.01,-1,-1,-0.01,-1,-1,-0.01,-1,-1,-0.01,-1,-1,-0.01,-1,-1,-0.01,-1,-1,-0.01,-1,-1
99926009,2026-05-18 15:27:15+05:30,53510.0,0,0.0,0,0.0,0.0,53282.15,53667.55,52783.45,53710.35,0,0.0,0.0,0.0,0.0,-0.01,-1,-1,-0.01,-1,-1,-0.01,-1,-1,-0.01,-1,-1,-0.01,-1,-1,-0.01,-1,-1,-0.01,-1,-1,-0.01,-1,-1,-0.01,-1,-1,-0.01,-1,-1
99926009,2026-05-18 15:27:16+05:30,53510.0,0,0.0,0,0.0,0.0,53282.15,53667.55,52783.45,53710.35,0,0.0,0.0,0.0,0.0,-0.01,-1,-1,-0.01,-1,-1,-0.01,-1,-1,-0.01,-1,-1,-0.01,-1,-1,-0.01,-1,-1,-0.01,-1,-1,-0.01,-1,-1,-0.01,-1,-1,-0.01,-1,-1
99926009,2026-05-18 15:27:16+05:30,53506.75,0,0.0,0,0.0,0.0,53282.15,53667.55,52783.45,53710.35,0,0.0,0.0,0.0,0.0,-0.01,-1,-1,-0.01,-1,-1,-0.01,-1,-1,-0.01,-1,-1,-0.01,-1,-1,-0.01,-1,-1,-0.01,-1,-1,-0.01,-1,-1,-0.01,-1,-1,-0.01,-1,-1
99926009,2026-05-18 15:27:16+05:30,53505.8,0,0.0,0,0.0,0.0,53282.15,53667.55,52783.45,53710.35,0,0.0,0.0,0.0,0.0,-0.01,-1,-1,-0.01,-1,-1,-0.01,-1,-1,-0.01,-1,-1,-0.01,-1,-1,-0.01,-1,-1,-0.01,-1,-1,-0.01,-1,-1,-0.01,-1,-1,-0.01,-1,-1
99926009,2026-05-18 15:27:17+05:30,53505.8,0,0.0,0,0.0,0.0,53282.15,53667.55,52783.45,53710.35,0,0.0,0.0,0.0,0.0,-0.01,-1,-1,-0.01,-1,-1,-0.01,-1,-1,-0.01,-1,-1,-0.01,-1,-1,-0.01,-1,-1,-0.01,-1,-1,-0.01,-1,-1,-0.01,-1,-1,-0.01,-1,-1
99926009,2026-05-18 15:27:17+05:30,53505.75,0,0.0,0,0.0,0.0,53282.15,53667.55,52783.45,53710.35,0,0.0,0.0,0.0,0.0,-0.01,-1,-1,-0.01,-1,-1,-0.01,-1,-1,-0.01,-1,-1,-0.01,-1,-1,-0.01,-1,-1,-0.01,-1,-1,-0.01,-1,-1,-0.01,-1,-1,-0.01,-1,-1
99926009,2026-05-18 15:27:17+05:30,53507.7,0,0.0,0,0.0,0.0,53282.15,53667.55,52783.45,53710.35,0,0.0,0.0,0.0,0.0,-0.01,-1,-1,-0.01,-1,-1,-0.01,-1,-1,-0.01,-1,-1,-0.01,-1,-1,-0.01,-1,-1,-0.01,-1,-1,-0.01,-1,-1,-0.01,-1,-1,-0.01,-1,-1
99926009,2026-05-18 15:27:18+05:30,53507.7,0,0.0,0,0.0,0.0,53282.15,53667.55,52783.45,53710.35,0,0.0,0.0,0.0,0.0,-0.01,-1,-1,-0.01,-1,-1,-0.01,-1,-1,-0.01,-1,-1,-0.01,-1,-1,-0.01,-1,-1,-0.01,-1,-1,-0.01,-1,-1,-0.01,-1,-1,-0.01,-1,-1
99926009,2026-05-18 15:27:18+05:30,53505.6,0,0.0,0,0.0,0.0,53282.15,53667.55,52783.45,53710.35,0,0.0,0.0,0.0,0.0,-0.01,-1,-1,-0.01,-1,-1,-0.01,-1,-1,-0.01,-1,-1,-0.01,-1,-1,-0.01,-1,-1,-0.01,-1,-1,-0.01,-1,-1,-0.01,-1,-1,-0.01,-1,-1
99926009,2026-05-18 15:27:18+05:30,53506.05,0,0.0,0,0.0,0.0,53282.15,53667.55,52783.45,53710.35,0,0.0,0.0,0.0,0.0,-0.01,-1,-1,-0.01,-1,-1,-0.01,-1,-1,-0.01,-1,-1,-0.01,-1,-1,-0.01,-1,-1,-0.01,-1,-1,-0.01,-1,-1,-0.01,-1,-1,-0.01,-1,-1
99926009,2026-05-18 15:27:19+05:30,53506.05,0,0.0,0,0.0,0.0,53282.15,53667.55,52783.45,53710.35,0,0.0,0.0,0.0,0.0,-0.01,-1,-1,-0.01,-1,-1,-0.01,-1,-1,-0.01,-1,-1,-0.01,-1,-1,-0.01,-1,-1,-0.01,-1,-1,-0.01,-1,-1,-0.01,-1,-1,-0.01,-1,-1
99926009,2026-05-18 15:27:19+05:30,53505.1,0,0.0,0,0.0,0.0,53282.15,53667.55,52783.45,53710.35,0,0.0,0.0,0.0,0.0,-0.01,-1,-1,-0.01,-1,-1,-0.01,-1,-1,-0.01,-1,-1,-0.01,-1,-1,-0.01,-1,-1,-0.01,-1,-1,-0.01,-1,-1,-0.01,-1,-1,-0.01,-1,-1
99926009,2026-05-18 15:27:19+05:30,53506.9,0,0.0,0,0.0,0.0,53282.15,53667.55,52783.45,53710.35,0,0.0,0.0,0.0,0.0,-0.01,-1,-1,-0.01,-1,-1,-0.01,-1,-1,-0.01,-1,-1,-0.01,-1,-1,-0.01,-1,-1,-0.01,-1,-1,-0.01,-1,-1,-0.01,-1,-1,-0.01,-1,-1
99926009,2026-05-18 15:27:20+05:30,53506.9,0,0.0,0,0.0,0.0,53282.15,53667.55,52783.45,53710.35,0,0.0,0.0,0.0,0.0,-0.01,-1,-1,-0.01,-1,-1,-0.01,-1,-1,-0.01,-1,-1,-0.01,-1,-1,-0.01,-1,-1,-0.01,-1,-1,-0.01,-1,-1,-0.01,-1,-1,-0.01,-1,-1
99926009,2026-05-18 15:27:20+05:30,53505.55,0,0.0,0,0.0,0.0,53282.15,53667.55,52783.45,53710.35,0,0.0,0.0,0.0,0.0,-0.01,-1,-1,-0.01,-1,-1,-0.01,-1,-1,-0.01,-1,-1,-0.01,-1,-1,-0.01,-1,-1,-0.01,-1,-1,-0.01,-1,-1,-0.01,-1,-1,-0.01,-1,-1
99926009,2026-05-18 15:27:20+05:30,53506.25,0,0.0,0,0.0,0.0,53282.15,53667.55,52783.45,53710.35,0,0.0,0.0,0.0,0.0,-0.01,-1,-1,-0.01,-1,-1,-0.01,-1,-1,-0.01,-1,-1,-0.01,-1,-1,-0.01,-1,-1,-0.01,-1,-1,-0.01,-1,-1,-0.01,-1,-1,-0.01,-1,-1
99926009,2026-05-18 15:27:21+05:30,53506.25,0,0.0,0,0.0,0.0,53282.15,53667.55,52783.45,53710.35,0,0.0,0.0,0.0,0.0,-0.01,-1,-1,-0.01,-1,-1,-0.01,-1,-1,-0.01,-1,-1,-0.01,-1,-1,-0.01,-1,-1,-0.01,-1,-1,-0.01,-1,-1,-0.01,-1,-1,-0.01,-1,-1
99926009,2026-05-18 15:27:21+05:30,53506.6,0,0.0,0,0.0,0.0,53282.15,53667.55,52783.45,53710.35,0,0.0,0.0,0.0,0.0,-0.01,-1,-1,-0.01,-1,-1,-0.01,-1,-1,-0.01,-1,-1,-0.01,-1,-1,-0.01,-1,-1,-0.01,-1,-1,-0.01,-1,-1,-0.01,-1,-1,-0.01,-1,-1
99926009,2026-05-18 15:27:21+05:30,53506.65,0,0.0,0,0.0,0.0,53282.15,53667.55,52783.45,53710.35,0,0.0,0.0,0.0,0.0,-0.01,-1,-1,-0.01,-1,-1,-0.01,-1,-1,-0.01,-1,-1,-0.01,-1,-1,-0.01,-1,-1,-0.01,-1,-1,-0.01,-1,-1,-0.01,-1,-1,-0.01,-1,-1
99926009,2026-05-18 15:27:22+05:30,53506.65,0,0.0,0,0.0,0.0,53282.15,53667.55,52783.45,53710.35,0,0.0,0.0,0.0,0.0,-0.01,-1,-1,-0.01,-1,-1,-0.01,-1,-1,-0.01,-1,-1,-0.01,-1,-1,-0.01,-1,-1,-0.01,-1,-1,-0.01,-1,-1,-0.01,-1,-1,-0.01,-1,-1
99926009,2026-05-18 15:27:22+05:30,53506.1,0,0.0,0,0.0,0.0,53282.15,53667.55,52783.45,53710.35,0,0.0,0.0,0.0,0.0,-0.01,-1,-1,-0.01,-1,-1,-0.01,-1,-1,-0.01,-1,-1,-0.01,-1,-1,-0.01,-1,-1,-0.01,-1,-1,-0.01,-1,-1,-0.01,-1,-1,-0.01,-1,-1
99926009,2026-05-18 15:27:22+05:30,53505.5,0,0.0,0,0.0,0.0,53282.15,53667.55,52783.45,53710.35,0,0.0,0.0,0.0,0.0,-0.01,-1,-1,-0.01,-1,-1,-0.01,-1,-1,-0.01,-1,-1,-0.01,-1,-1,-0.01,-1,-1,-0.01,-1,-1,-0.01,-1,-1,-0.01,-1,-1,-0.01,-1,-1
99926009,2026-05-18 15:27:23+05:30,53505.5,0,0.0,0,0.0,0.0,53282.15,53667.55,52783.45,53710.35,0,0.0,0.0,0.0,0.0,-0.01,-1,-1,-0.01,-1,-1,-0.01,-1,-1,-0.01,-1,-1,-0.01,-1,-1,-0.01,-1,-1,-0.01,-1,-1,-0.01,-1,-1,-0.01,-1,-1,-0.01,-1,-1
99926009,2026-05-18 15:27:23+05:30,53506.4,0,0.0,0,0.0,0.0,53282.15,53667.55,52783.45,53710.35,0,0.0,0.0,0.0,0.0,-0.01,-1,-1,-0.01,-1,-1,-0.01,-1,-1,-0.01,-1,-1,-0.01,-1,-1,-0.01,-1,-1,-0.01,-1,-1,-0.01,-1,-1,-0.01,-1,-1,-0.01,-1,-1
99926009,2026-05-18 15:27:23+05:30,53506.05,0,0.0,0,0.0,0.0,53282.15,53667.55,52783.45,53710.35,0,0.0,0.0,0.0,0.0,-0.01,-1,-1,-0.01,-1,-1,-0.01,-1,-1,-0.01,-1,-1,-0.01,-1,-1,-0.01,-1,-1,-0.01,-1,-1,-0.01,-1,-1,-0.01,-1,-1,-0.01,-1,-1
99926009,2026-05-18 15:27:24+05:30,53506.05,0,0.0,0,0.0,0.0,53282.15,53667.55,52783.45,53710.35,0,0.0,0.0,0.0,0.0,-0.01,-1,-1,-0.01,-1,-1,-0.01,-1,-1,-0.01,-1,-1,-0.01,-1,-1,-0.01,-1,-1,-0.01,-1,-1,-0.01,-1,-1,-0.01,-1,-1,-0.01,-1,-1
99926009,2026-05-18 15:27:24+05:30,53505.6,0,0.0,0,0.0,0.0,53282.15,53667.55,52783.45,53710.35,0,0.0,0.0,0.0,0.0,-0.01,-1,-1,-0.01,-1,-1,-0.01,-1,-1,-0.01,-1,-1,-0.01,-1,-1,-0.01,-1,-1,-0.01,-1,-1,-0.01,-1,-1,-0.01,-1,-1,-0.01,-1,-1
99926009,2026-05-18 15:27:24+05:30,53506.25,0,0.0,0,0.0,0.0,53282.15,53667.55,52783.45,53710.35,0,0.0,0.0,0.0,0.0,-0.01,-1,-1,-0.01,-1,-1,-0.01,-1,-1,-0.01,-1,-1,-0.01,-1,-1,-0.01,-1,-1,-0.01,-1,-1,-0.01,-1,-1,-0.01,-1,-1,-0.01,-1,-1
99926009,2026-05-18 15:27:25+05:30,53506.25,0,0.0,0,0.0,0.0,53282.15,53667.55,52783.45,53710.35,0,0.0,0.0,0.0,0.0,-0.01,-1,-1,-0.01,-1,-1,-0.01,-1,-1,-0.01,-1,-1,-0.01,-1,-1,-0.01,-1,-1,-0.01,-1,-1,-0.01,-1,-1,-0.01,-1,-1,-0.01,-1,-1
99926009,2026-05-18 15:27:25+05:30,53505.5,0,0.0,0,0.0,0.0,53282.15,53667.55,52783.45,53710.35,0,0.0,0.0,0.0,0.0,-0.01,-1,-1,-0.01,-1,-1,-0.01,-1,-1,-0.01,-1,-1,-0.01,-1,-1,-0.01,-1,-1,-0.01,-1,-1,-0.01,-1,-1,-0.01,-1,-1,-0.01,-1,-1
99926009,2026-05-18 15:27:25+05:30,53506.3,0,0.0,0,0.0,0.0,53282.15,53667.55,52783.45,53710.35,0,0.0,0.0,0.0,0.0,-0.01,-1,-1,-0.01,-1,-1,-0.01,-1,-1,-0.01,-1,-1,-0.01,-1,-1,-0.01,-1,-1,-0.01,-1,-1,-0.01,-1,-1,-0.01,-1,-1,-0.01,-1,-1
99926009,2026-05-18 15:27:26+05:30,53506.3,0,0.0,0,0.0,0.0,53282.15,53667.55,52783.45,53710.35,0,0.0,0.0,0.0,0.0,-0.01,-1,-1,-0.01,-1,-1,-0.01,-1,-1,-0.01,-1,-1,-0.01,-1,-1,-0.01,-1,-1,-0.01,-1,-1,-0.01,-1,-1,-0.01,-1,-1,-0.01,-1,-1
99926009,2026-05-18 15:27:26+05:30,53501.8,0,0.0,0,0.0,0.0,53282.15,53667.55,52783.45,53710.35,0,0.0,0.0,0.0,0.0,-0.01,-1,-1,-0.01,-1,-1,-0.01,-1,-1,-0.01,-1,-1,-0.01,-1,-1,-0.01,-1,-1,-0.01,-1,-1,-0.01,-1,-1,-0.01,-1,-1,-0.01,-1,-1
99926009,2026-05-18 15:27:26+05:30,53505.65,0,0.0,0,0.0,0.0,53282.15,53667.55,52783.45,53710.35,0,0.0,0.0,0.0,0.0,-0.01,-1,-1,-0.01,-1,-1,-0.01,-1,-1,-0.01,-1,-1,-0.01,-1,-1,-0.01,-1,-1,-0.01,-1,-1,-0.01,-1,-1,-0.01,-1,-1,-0.01,-1,-1
99926009,2026-05-18 15:27:27+05:30,53505.65,0,0.0,0,0.0,0.0,53282.15,53667.55,52783.45,53710.35,0,0.0,0.0,0.0,0.0,-0.01,-1,-1,-0.01,-1,-1,-0.01,-1,-1,-0.01,-1,-1,-0.01,-1,-1,-0.01,-1,-1,-0.01,-1,-1,-0.01,-1,-1,-0.01,-1,-1,-0.01,-1,-1
99926009,2026-05-18 15:27:27+05:30,53507.95,0,0.0,0,0.0,0.0,53282.15,53667.55,52783.45,53710.35,0,0.0,0.0,0.0,0.0,-0.01,-1,-1,-0.01,-1,-1,-0.01,-1,-1,-0.01,-1,-1,-0.01,-1,-1,-0.01,-1,-1,-0.01,-1,-1,-0.01,-1,-1,-0.01,-1,-1,-0.01,-1,-1
99926009,2026-05-18 15:27:27+05:30,53504.5,0,0.0,0,0.0,0.0,53282.15,53667.55,52783.45,53710.35,0,0.0,0.0,0.0,0.0,-0.01,-1,-1,-0.01,-1,-1,-0.01,-1,-1,-0.01,-1,-1,-0.01,-1,-1,-0.01,-1,-1,-0.01,-1,-1,-0.01,-1,-1,-0.01,-1,-1,-0.01,-1,-1
99926009,2026-05-18 15:27:28+05:30,53504.5,0,0.0,0,0.0,0.0,53282.15,53667.55,52783.45,53710.35,0,0.0,0.0,0.0,0.0,-0.01,-1,-1,-0.01,-1,-1,-0.01,-1,-1,-0.01,-1,-1,-0.01,-1,-1,-0.01,-1,-1,-0.01,-1,-1,-0.01,-1,-1,-0.01,-1,-1,-0.01,-1,-1
99926009,2026-05-18 15:27:28+05:30,53504.45,0,0.0,0,0.0,0.0,53282.15,53667.55,52783.45,53710.35,0,0.0,0.0,0.0,0.0,-0.01,-1,-1,-0.01,-1,-1,-0.01,-1,-1,-0.01,-1,-1,-0.01,-1,-1,-0.01,-1,-1,-0.01,-1,-1,-0.01,-1,-1,-0.01,-1,-1,-0.01,-1,-1
99926009,2026-05-18 15:27:28+05:30,53504.6,0,0.0,0,0.0,0.0,53282.15,53667.55,52783.45,53710.35,0,0.0,0.0,0.0,0.0,-0.01,-1,-1,-0.01,-1,-1,-0.01,-1,-1,-0.01,-1,-1,-0.01,-1,-1,-0.01,-1,-1,-0.01,-1,-1,-0.01,-1,-1,-0.01,-1,-1,-0.01,-1,-1
99926009,2026-05-18 15:27:29+05:30,53504.6,0,0.0,0,0.0,0.0,53282.15,53667.55,52783.45,53710.35,0,0.0,0.0,0.0,0.0,-0.01,-1,-1,-0.01,-1,-1,-0.01,-1,-1,-0.01,-1,-1,-0.01,-1,-1,-0.01,-1,-1,-0.01,-1,-1,-0.01,-1,-1,-0.01,-1,-1,-0.01,-1,-1
99926009,2026-05-18 15:27:29+05:30,53504.5,0,0.0,0,0.0,0.0,53282.15,53667.55,52783.45,53710.35,0,0.0,0.0,0.0,0.0,-0.01,-1,-1,-0.01,-1,-1,-0.01,-1,-1,-0.01,-1,-1,-0.01,-1,-1,-0.01,-1,-1,-0.01,-1,-1,-0.01,-1,-1,-0.01,-1,-1,-0.01,-1,-1
99926009,2026-05-18 15:27:29+05:30,53504.75,0,0.0,0,0.0,0.0,53282.15,53667.55,52783.45,53710.35,0,0.0,0.0,0.0,0.0,-0.01,-1,-1,-0.01,-1,-1,-0.01,-1,-1,-0.01,-1,-1,-0.01,-1,-1,-0.01,-1,-1,-0.01,-1,-1,-0.01,-1,-1,-0.01,-1,-1,-0.01,-1,-1
99926009,2026-05-18 15:27:30+05:30,53504.75,0,0.0,0,0.0,0.0,53282.15,53667.55,52783.45,53710.35,0,0.0,0.0,0.0,0.0,-0.01,-1,-1,-0.01,-1,-1,-0.01,-1,-1,-0.01,-1,-1,-0.01,-1,-1,-0.01,-1,-1,-0.01,-1,-1,-0.01,-1,-1,-0.01,-1,-1,-0.01,-1,-1
99926009,2026-05-18 15:27:30+05:30,53505.45,0,0.0,0,0.0,0.0,53282.15,53667.55,52783.45,53710.35,0,0.0,0.0,0.0,0.0,-0.01,-1,-1,-0.01,-1,-1,-0.01,-1,-1,-0.01,-1,-1,-0.01,-1,-1,-0.01,-1,-1,-0.01,-1,-1,-0.01,-1,-1,-0.01,-1,-1,-0.01,-1,-1
99926009,2026-05-18 15:27:30+05:30,53508.7,0,0.0,0,0.0,0.0,53282.15,53667.55,52783.45,53710.35,0,0.0,0.0,0.0,0.0,-0.01,-1,-1,-0.01,-1,-1,-0.01,-1,-1,-0.01,-1,-1,-0.01,-1,-1,-0.01,-1,-1,-0.01,-1,-1,-0.01,-1,-1,-0.01,-1,-1,-0.01,-1,-1
99926009,2026-05-18 15:27:31+05:30,53508.7,0,0.0,0,0.0,0.0,53282.15,53667.55,52783.45,53710.35,0,0.0,0.0,0.0,0.0,-0.01,-1,-1,-0.01,-1,-1,-0.01,-1,-1,-0.01,-1,-1,-0.01,-1,-1,-0.01,-1,-1,-0.01,-1,-1,-0.01,-1,-1,-0.01,-1,-1,-0.01,-1,-1
99926009,2026-05-18 15:27:31+05:30,53509.9,0,0.0,0,0.0,0.0,53282.15,53667.55,52783.45,53710.35,0,0.0,0.0,0.0,0.0,-0.01,-1,-1,-0.01,-1,-1,-0.01,-1,-1,-0.01,-1,-1,-0.01,-1,-1,-0.01,-1,-1,-0.01,-1,-1,-0.01,-1,-1,-0.01,-1,-1,-0.01,-1,-1
99926009,2026-05-18 15:27:31+05:30,53509.75,0,0.0,0,0.0,0.0,53282.15,53667.55,52783.45,53710.35,0,0.0,0.0,0.0,0.0,-0.01,-1,-1,-0.01,-1,-1,-0.01,-1,-1,-0.01,-1,-1,-0.01,-1,-1,-0.01,-1,-1,-0.01,-1,-1,-0.01,-1,-1,-0.01,-1,-1,-0.01,-1,-1
99926009,2026-05-18 15:27:32+05:30,53509.75,0,0.0,0,0.0,0.0,53282.15,53667.55,52783.45,53710.35,0,0.0,0.0,0.0,0.0,-0.01,-1,-1,-0.01,-1,-1,-0.01,-1,-1,-0.01,-1,-1,-0.01,-1,-1,-0.01,-1,-1,-0.01,-1,-1,-0.01,-1,-1,-0.01,-1,-1,-0.01,-1,-1
99926009,2026-05-18 15:27:32+05:30,53504.6,0,0.0,0,0.0,0.0,53282.15,53667.55,52783.45,53710.35,0,0.0,0.0,0.0,0.0,-0.01,-1,-1,-0.01,-1,-1,-0.01,-1,-1,-0.01,-1,-1,-0.01,-1,-1,-0.01,-1,-1,-0.01,-1,-1,-0.01,-1,-1,-0.01,-1,-1,-0.01,-1,-1
99926009,2026-05-18 15:27:32+05:30,53506.0,0,0.0,0,0.0,0.0,53282.15,53667.55,52783.45,53710.35,0,0.0,0.0,0.0,0.0,-0.01,-1,-1,-0.01,-1,-1,-0.01,-1,-1,-0.01,-1,-1,-0.01,-1,-1,-0.01,-1,-1,-0.01,-1,-1,-0.01,-1,-1,-0.01,-1,-1,-0.01,-1,-1
99926009,2026-05-18 15:27:33+05:30,53506.0,0,0.0,0,0.0,0.0,53282.15,53667.55,52783.45,53710.35,0,0.0,0.0,0.0,0.0,-0.01,-1,-1,-0.01,-1,-1,-0.01,-1,-1,-0.01,-1,-1,-0.01,-1,-1,-0.01,-1,-1,-0.01,-1,-1,-0.01,-1,-1,-0.01,-1,-1,-0.01,-1,-1
99926009,2026-05-18 15:27:33+05:30,53507.2,0,0.0,0,0.0,0.0,53282.15,53667.55,52783.45,53710.35,0,0.0,0.0,0.0,0.0,-0.01,-1,-1,-0.01,-1,-1,-0.01,-1,-1,-0.01,-1,-1,-0.01,-1,-1,-0.01,-1,-1,-0.01,-1,-1,-0.01,-1,-1,-0.01,-1,-1,-0.01,-1,-1
99926009,2026-05-18 15:27:33+05:30,53513.4,0,0.0,0,0.0,0.0,53282.15,53667.55,52783.45,53710.35,0,0.0,0.0,0.0,0.0,-0.01,-1,-1,-0.01,-1,-1,-0.01,-1,-1,-0.01,-1,-1,-0.01,-1,-1,-0.01,-1,-1,-0.01,-1,-1,-0.01,-1,-1,-0.01,-1,-1,-0.01,-1,-1
99926009,2026-05-18 15:27:34+05:30,53513.4,0,0.0,0,0.0,0.0,53282.15,53667.55,52783.45,53710.35,0,0.0,0.0,0.0,0.0,-0.01,-1,-1,-0.01,-1,-1,-0.01,-1,-1,-0.01,-1,-1,-0.01,-1,-1,-0.01,-1,-1,-0.01,-1,-1,-0.01,-1,-1,-0.01,-1,-1,-0.01,-1,-1
99926009,2026-05-18 15:27:34+05:30,53512.85,0,0.0,0,0.0,0.0,53282.15,53667.55,52783.45,53710.35,0,0.0,0.0,0.0,0.0,-0.01,-1,-1,-0.01,-1,-1,-0.01,-1,-1,-0.01,-1,-1,-0.01,-1,-1,-0.01,-1,-1,-0.01,-1,-1,-0.01,-1,-1,-0.01,-1,-1,-0.01,-1,-1
99926009,2026-05-18 15:27:34+05:30,53512.45,0,0.0,0,0.0,0.0,53282.15,53667.55,52783.45,53710.35,0,0.0,0.0,0.0,0.0,-0.01,-1,-1,-0.01,-1,-1,-0.01,-1,-1,-0.01,-1,-1,-0.01,-1,-1,-0.01,-1,-1,-0.01,-1,-1,-0.01,-1,-1,-0.01,-1,-1,-0.01,-1,-1
99926009,2026-05-18 15:27:35+05:30,53512.45,0,0.0,0,0.0,0.0,53282.15,53667.55,52783.45,53710.35,0,0.0,0.0,0.0,0.0,-0.01,-1,-1,-0.01,-1,-1,-0.01,-1,-1,-0.01,-1,-1,-0.01,-1,-1,-0.01,-1,-1,-0.01,-1,-1,-0.01,-1,-1,-0.01,-1,-1,-0.01,-1,-1
99926009,2026-05-18 15:27:35+05:30,53509.75,0,0.0,0,0.0,0.0,53282.15,53667.55,52783.45,53710.35,0,0.0,0.0,0.0,0.0,-0.01,-1,-1,-0.01,-1,-1,-0.01,-1,-1,-0.01,-1,-1,-0.01,-1,-1,-0.01,-1,-1,-0.01,-1,-1,-0.01,-1,-1,-0.01,-1,-1,-0.01,-1,-1
99926009,2026-05-18 15:27:35+05:30,53511.5,0,0.0,0,0.0,0.0,53282.15,53667.55,52783.45,53710.35,0,0.0,0.0,0.0,0.0,-0.01,-1,-1,-0.01,-1,-1,-0.01,-1,-1,-0.01,-1,-1,-0.01,-1,-1,-0.01,-1,-1,-0.01,-1,-1,-0.01,-1,-1,-0.01,-1,-1,-0.01,-1,-1
99926009,2026-05-18 15:27:36+05:30,53511.5,0,0.0,0,0.0,0.0,53282.15,53667.55,52783.45,53710.35,0,0.0,0.0,0.0,0.0,-0.01,-1,-1,-0.01,-1,-1,-0.01,-1,-1,-0.01,-1,-1,-0.01,-1,-1,-0.01,-1,-1,-0.01,-1,-1,-0.01,-1,-1,-0.01,-1,-1,-0.01,-1,-1
99926009,2026-05-18 15:27:36+05:30,53511.9,0,0.0,0,0.0,0.0,53282.15,53667.55,52783.45,53710.35,0,0.0,0.0,0.0,0.0,-0.01,-1,-1,-0.01,-1,-1,-0.01,-1,-1,-0.01,-1,-1,-0.01,-1,-1,-0.01,-1,-1,-0.01,-1,-1,-0.01,-1,-1,-0.01,-1,-1,-0.01,-1,-1
99926009,2026-05-18 15:27:36+05:30,53509.45,0,0.0,0,0.0,0.0,53282.15,53667.55,52783.45,53710.35,0,0.0,0.0,0.0,0.0,-0.01,-1,-1,-0.01,-1,-1,-0.01,-1,-1,-0.01,-1,-1,-0.01,-1,-1,-0.01,-1,-1,-0.01,-1,-1,-0.01,-1,-1,-0.01,-1,-1,-0.01,-1,-1
99926009,2026-05-18 15:27:37+05:30,53509.45,0,0.0,0,0.0,0.0,53282.15,53667.55,52783.45,53710.35,0,0.0,0.0,0.0,0.0,-0.01,-1,-1,-0.01,-1,-1,-0.01,-1,-1,-0.01,-1,-1,-0.01,-1,-1,-0.01,-1,-1,-0.01,-1,-1,-0.01,-1,-1,-0.01,-1,-1,-0.01,-1,-1
99926009,2026-05-18 15:27:37+05:30,53510.2,0,0.0,0,0.0,0.0,53282.15,53667.55,52783.45,53710.35,0,0.0,0.0,0.0,0.0,-0.01,-1,-1,-0.01,-1,-1,-0.01,-1,-1,-0.01,-1,-1,-0.01,-1,-1,-0.01,-1,-1,-0.01,-1,-1,-0.01,-1,-1,-0.01,-1,-1,-0.01,-1,-1
99926009,2026-05-18 15:27:37+05:30,53510.35,0,0.0,0,0.0,0.0,53282.15,53667.55,52783.45,53710.35,0,0.0,0.0,0.0,0.0,-0.01,-1,-1,-0.01,-1,-1,-0.01,-1,-1,-0.01,-1,-1,-0.01,-1,-1,-0.01,-1,-1,-0.01,-1,-1,-0.01,-1,-1,-0.01,-1,-1,-0.01,-1,-1
99926009,2026-05-18 15:27:38+05:30,53510.35,0,0.0,0,0.0,0.0,53282.15,53667.55,52783.45,53710.35,0,0.0,0.0,0.0,0.0,-0.01,-1,-1,-0.01,-1,-1,-0.01,-1,-1,-0.01,-1,-1,-0.01,-1,-1,-0.01,-1,-1,-0.01,-1,-1,-0.01,-1,-1,-0.01,-1,-1,-0.01,-1,-1
99926009,2026-05-18 15:27:38+05:30,53508.4,0,0.0,0,0.0,0.0,53282.15,53667.55,52783.45,53710.35,0,0.0,0.0,0.0,0.0,-0.01,-1,-1,-0.01,-1,-1,-0.01,-1,-1,-0.01,-1,-1,-0.01,-1,-1,-0.01,-1,-1,-0.01,-1,-1,-0.01,-1,-1,-0.01,-1,-1,-0.01,-1,-1
99926009,2026-05-18 15:27:38+05:30,53510.8,0,0.0,0,0.0,0.0,53282.15,53667.55,52783.45,53710.35,0,0.0,0.0,0.0,0.0,-0.01,-1,-1,-0.01,-1,-1,-0.01,-1,-1,-0.01,-1,-1,-0.01,-1,-1,-0.01,-1,-1,-0.01,-1,-1,-0.01,-1,-1,-0.01,-1,-1,-0.01,-1,-1
99926009,2026-05-18 15:27:39+05:30,53510.8,0,0.0,0,0.0,0.0,53282.15,53667.55,52783.45,53710.35,0,0.0,0.0,0.0,0.0,-0.01,-1,-1,-0.01,-1,-1,-0.01,-1,-1,-0.01,-1,-1,-0.01,-1,-1,-0.01,-1,-1,-0.01,-1,-1,-0.01,-1,-1,-0.01,-1,-1,-0.01,-1,-1
99926009,2026-05-18 15:27:39+05:30,53510.5,0,0.0,0,0.0,0.0,53282.15,53667.55,52783.45,53710.35,0,0.0,0.0,0.0,0.0,-0.01,-1,-1,-0.01,-1,-1,-0.01,-1,-1,-0.01,-1,-1,-0.01,-1,-1,-0.01,-1,-1,-0.01,-1,-1,-0.01,-1,-1,-0.01,-1,-1,-0.01,-1,-1
99926009,2026-05-18 15:27:39+05:30,53510.45,0,0.0,0,0.0,0.0,53282.15,53667.55,52783.45,53710.35,0,0.0,0.0,0.0,0.0,-0.01,-1,-1,-0.01,-1,-1,-0.01,-1,-1,-0.01,-1,-1,-0.01,-1,-1,-0.01,-1,-1,-0.01,-1,-1,-0.01,-1,-1,-0.01,-1,-1,-0.01,-1,-1
99926009,2026-05-18 15:27:40+05:30,53510.45,0,0.0,0,0.0,0.0,53282.15,53667.55,52783.45,53710.35,0,0.0,0.0,0.0,0.0,-0.01,-1,-1,-0.01,-1,-1,-0.01,-1,-1,-0.01,-1,-1,-0.01,-1,-1,-0.01,-1,-1,-0.01,-1,-1,-0.01,-1,-1,-0.01,-1,-1,-0.01,-1,-1
99926009,2026-05-18 15:27:40+05:30,53512.75,0,0.0,0,0.0,0.0,53282.15,53667.55,52783.45,53710.35,0,0.0,0.0,0.0,0.0,-0.01,-1,-1,-0.01,-1,-1,-0.01,-1,-1,-0.01,-1,-1,-0.01,-1,-1,-0.01,-1,-1,-0.01,-1,-1,-0.01,-1,-1,-0.01,-1,-1,-0.01,-1,-1
99926009,2026-05-18 15:27:40+05:30,53511.9,0,0.0,0,0.0,0.0,53282.15,53667.55,52783.45,53710.35,0,0.0,0.0,0.0,0.0,-0.01,-1,-1,-0.01,-1,-1,-0.01,-1,-1,-0.01,-1,-1,-0.01,-1,-1,-0.01,-1,-1,-0.01,-1,-1,-0.01,-1,-1,-0.01,-1,-1,-0.01,-1,-1
99926009,2026-05-18 15:27:41+05:30,53511.9,0,0.0,0,0.0,0.0,53282.15,53667.55,52783.45,53710.35,0,0.0,0.0,0.0,0.0,-0.01,-1,-1,-0.01,-1,-1,-0.01,-1,-1,-0.01,-1,-1,-0.01,-1,-1,-0.01,-1,-1,-0.01,-1,-1,-0.01,-1,-1,-0.01,-1,-1,-0.01,-1,-1
99926009,2026-05-18 15:27:41+05:30,53510.15,0,0.0,0,0.0,0.0,53282.15,53667.55,52783.45,53710.35,0,0.0,0.0,0.0,0.0,-0.01,-1,-1,-0.01,-1,-1,-0.01,-1,-1,-0.01,-1,-1,-0.01,-1,-1,-0.01,-1,-1,-0.01,-1,-1,-0.01,-1,-1,-0.01,-1,-1,-0.01,-1,-1
99926009,2026-05-18 15:27:41+05:30,53512.65,0,0.0,0,0.0,0.0,53282.15,53667.55,52783.45,53710.35,0,0.0,0.0,0.0,0.0,-0.01,-1,-1,-0.01,-1,-1,-0.01,-1,-1,-0.01,-1,-1,-0.01,-1,-1,-0.01,-1,-1,-0.01,-1,-1,-0.01,-1,-1,-0.01,-1,-1,-0.01,-1,-1
99926009,2026-05-18 15:27:42+05:30,53512.65,0,0.0,0,0.0,0.0,53282.15,53667.55,52783.45,53710.35,0,0.0,0.0,0.0,0.0,-0.01,-1,-1,-0.01,-1,-1,-0.01,-1,-1,-0.01,-1,-1,-0.01,-1,-1,-0.01,-1,-1,-0.01,-1,-1,-0.01,-1,-1,-0.01,-1,-1,-0.01,-1,-1
99926009,2026-05-18 15:27:42+05:30,53513.95,0,0.0,0,0.0,0.0,53282.15,53667.55,52783.45,53710.35,0,0.0,0.0,0.0,0.0,-0.01,-1,-1,-0.01,-1,-1,-0.01,-1,-1,-0.01,-1,-1,-0.01,-1,-1,-0.01,-1,-1,-0.01,-1,-1,-0.01,-1,-1,-0.01,-1,-1,-0.01,-1,-1
99926009,2026-05-18 15:27:42+05:30,53514.45,0,0.0,0,0.0,0.0,53282.15,53667.55,52783.45,53710.35,0,0.0,0.0,0.0,0.0,-0.01,-1,-1,-0.01,-1,-1,-0.01,-1,-1,-0.01,-1,-1,-0.01,-1,-1,-0.01,-1,-1,-0.01,-1,-1,-0.01,-1,-1,-0.01,-1,-1,-0.01,-1,-1
99926009,2026-05-18 15:27:43+05:30,53514.45,0,0.0,0,0.0,0.0,53282.15,53667.55,52783.45,53710.35,0,0.0,0.0,0.0,0.0,-0.01,-1,-1,-0.01,-1,-1,-0.01,-1,-1,-0.01,-1,-1,-0.01,-1,-1,-0.01,-1,-1,-0.01,-1,-1,-0.01,-1,-1,-0.01,-1,-1,-0.01,-1,-1
99926009,2026-05-18 15:27:43+05:30,53515.5,0,0.0,0,0.0,0.0,53282.15,53667.55,52783.45,53710.35,0,0.0,0.0,0.0,0.0,-0.01,-1,-1,-0.01,-1,-1,-0.01,-1,-1,-0.01,-1,-1,-0.01,-1,-1,-0.01,-1,-1,-0.01,-1,-1,-0.01,-1,-1,-0.01,-1,-1,-0.01,-1,-1
99926009,2026-05-18 15:27:43+05:30,53517.15,0,0.0,0,0.0,0.0,53282.15,53667.55,52783.45,53710.35,0,0.0,0.0,0.0,0.0,-0.01,-1,-1,-0.01,-1,-1,-0.01,-1,-1,-0.01,-1,-1,-0.01,-1,-1,-0.01,-1,-1,-0.01,-1,-1,-0.01,-1,-1,-0.01,-1,-1,-0.01,-1,-1
99926009,2026-05-18 15:27:44+05:30,53517.15,0,0.0,0,0.0,0.0,53282.15,53667.55,52783.45,53710.35,0,0.0,0.0,0.0,0.0,-0.01,-1,-1,-0.01,-1,-1,-0.01,-1,-1,-0.01,-1,-1,-0.01,-1,-1,-0.01,-1,-1,-0.01,-1,-1,-0.01,-1,-1,-0.01,-1,-1,-0.01,-1,-1
99926009,2026-05-18 15:27:44+05:30,53515.25,0,0.0,0,0.0,0.0,53282.15,53667.55,52783.45,53710.35,0,0.0,0.0,0.0,0.0,-0.01,-1,-1,-0.01,-1,-1,-0.01,-1,-1,-0.01,-1,-1,-0.01,-1,-1,-0.01,-1,-1,-0.01,-1,-1,-0.01,-1,-1,-0.01,-1,-1,-0.01,-1,-1
99926009,2026-05-18 15:27:44+05:30,53514.9,0,0.0,0,0.0,0.0,53282.15,53667.55,52783.45,53710.35,0,0.0,0.0,0.0,0.0,-0.01,-1,-1,-0.01,-1,-1,-0.01,-1,-1,-0.01,-1,-1,-0.01,-1,-1,-0.01,-1,-1,-0.01,-1,-1,-0.01,-1,-1,-0.01,-1,-1,-0.01,-1,-1
99926009,2026-05-18 15:27:45+05:30,53514.9,0,0.0,0,0.0,0.0,53282.15,53667.55,52783.45,53710.35,0,0.0,0.0,0.0,0.0,-0.01,-1,-1,-0.01,-1,-1,-0.01,-1,-1,-0.01,-1,-1,-0.01,-1,-1,-0.01,-1,-1,-0.01,-1,-1,-0.01,-1,-1,-0.01,-1,-1,-0.01,-1,-1
99926009,2026-05-18 15:27:45+05:30,53515.15,0,0.0,0,0.0,0.0,53282.15,53667.55,52783.45,53710.35,0,0.0,0.0,0.0,0.0,-0.01,-1,-1,-0.01,-1,-1,-0.01,-1,-1,-0.01,-1,-1,-0.01,-1,-1,-0.01,-1,-1,-0.01,-1,-1,-0.01,-1,-1,-0.01,-1,-1,-0.01,-1,-1
99926009,2026-05-18 15:27:45+05:30,53520.8,0,0.0,0,0.0,0.0,53282.15,53667.55,52783.45,53710.35,0,0.0,0.0,0.0,0.0,-0.01,-1,-1,-0.01,-1,-1,-0.01,-1,-1,-0.01,-1,-1,-0.01,-1,-1,-0.01,-1,-1,-0.01,-1,-1,-0.01,-1,-1,-0.01,-1,-1,-0.01,-1,-1
99926009,2026-05-18 15:27:46+05:30,53520.8,0,0.0,0,0.0,0.0,53282.15,53667.55,52783.45,53710.35,0,0.0,0.0,0.0,0.0,-0.01,-1,-1,-0.01,-1,-1,-0.01,-1,-1,-0.01,-1,-1,-0.01,-1,-1,-0.01,-1,-1,-0.01,-1,-1,-0.01,-1,-1,-0.01,-1,-1,-0.01,-1,-1
99926009,2026-05-18 15:27:46+05:30,53515.65,0,0.0,0,0.0,0.0,53282.15,53667.55,52783.45,53710.35,0,0.0,0.0,0.0,0.0,-0.01,-1,-1,-0.01,-1,-1,-0.01,-1,-1,-0.01,-1,-1,-0.01,-1,-1,-0.01,-1,-1,-0.01,-1,-1,-0.01,-1,-1,-0.01,-1,-1,-0.01,-1,-1
99926009,2026-05-18 15:27:46+05:30,53520.95,0,0.0,0,0.0,0.0,53282.15,53667.55,52783.45,53710.35,0,0.0,0.0,0.0,0.0,-0.01,-1,-1,-0.01,-1,-1,-0.01,-1,-1,-0.01,-1,-1,-0.01,-1,-1,-0.01,-1,-1,-0.01,-1,-1,-0.01,-1,-1,-0.01,-1,-1,-0.01,-1,-1
99926009,2026-05-18 15:27:47+05:30,53520.95,0,0.0,0,0.0,0.0,53282.15,53667.55,52783.45,53710.35,0,0.0,0.0,0.0,0.0,-0.01,-1,-1,-0.01,-1,-1,-0.01,-1,-1,-0.01,-1,-1,-0.01,-1,-1,-0.01,-1,-1,-0.01,-1,-1,-0.01,-1,-1,-0.01,-1,-1,-0.01,-1,-1
99926009,2026-05-18 15:27:47+05:30,53516.75,0,0.0,0,0.0,0.0,53282.15,53667.55,52783.45,53710.35,0,0.0,0.0,0.0,0.0,-0.01,-1,-1,-0.01,-1,-1,-0.01,-1,-1,-0.01,-1,-1,-0.01,-1,-1,-0.01,-1,-1,-0.01,-1,-1,-0.01,-1,-1,-0.01,-1,-1,-0.01,-1,-1
99926009,2026-05-18 15:27:47+05:30,53518.9,0,0.0,0,0.0,0.0,53282.15,53667.55,52783.45,53710.35,0,0.0,0.0,0.0,0.0,-0.01,-1,-1,-0.01,-1,-1,-0.01,-1,-1,-0.01,-1,-1,-0.01,-1,-1,-0.01,-1,-1,-0.01,-1,-1,-0.01,-1,-1,-0.01,-1,-1,-0.01,-1,-1
99926009,2026-05-18 15:27:48+05:30,53518.9,0,0.0,0,0.0,0.0,53282.15,53667.55,52783.45,53710.35,0,0.0,0.0,0.0,0.0,-0.01,-1,-1,-0.01,-1,-1,-0.01,-1,-1,-0.01,-1,-1,-0.01,-1,-1,-0.01,-1,-1,-0.01,-1,-1,-0.01,-1,-1,-0.01,-1,-1,-0.01,-1,-1
99926009,2026-05-18 15:27:48+05:30,53515.65,0,0.0,0,0.0,0.0,53282.15,53667.55,52783.45,53710.35,0,0.0,0.0,0.0,0.0,-0.01,-1,-1,-0.01,-1,-1,-0.01,-1,-1,-0.01,-1,-1,-0.01,-1,-1,-0.01,-1,-1,-0.01,-1,-1,-0.01,-1,-1,-0.01,-1,-1,-0.01,-1,-1
99926009,2026-05-18 15:27:48+05:30,53518.7,0,0.0,0,0.0,0.0,53282.15,53667.55,52783.45,53710.35,0,0.0,0.0,0.0,0.0,-0.01,-1,-1,-0.01,-1,-1,-0.01,-1,-1,-0.01,-1,-1,-0.01,-1,-1,-0.01,-1,-1,-0.01,-1,-1,-0.01,-1,-1,-0.01,-1,-1,-0.01,-1,-1
99926009,2026-05-18 15:27:49+05:30,53518.7,0,0.0,0,0.0,0.0,53282.15,53667.55,52783.45,53710.35,0,0.0,0.0,0.0,0.0,-0.01,-1,-1,-0.01,-1,-1,-0.01,-1,-1,-0.01,-1,-1,-0.01,-1,-1,-0.01,-1,-1,-0.01,-1,-1,-0.01,-1,-1,-0.01,-1,-1,-0.01,-1,-1
99926009,2026-05-18 15:27:49+05:30,53519.5,0,0.0,0,0.0,0.0,53282.15,53667.55,52783.45,53710.35,0,0.0,0.0,0.0,0.0,-0.01,-1,-1,-0.01,-1,-1,-0.01,-1,-1,-0.01,-1,-1,-0.01,-1,-1,-0.01,-1,-1,-0.01,-1,-1,-0.01,-1,-1,-0.01,-1,-1,-0.01,-1,-1
99926009,2026-05-18 15:27:49+05:30,53520.4,0,0.0,0,0.0,0.0,53282.15,53667.55,52783.45,53710.35,0,0.0,0.0,0.0,0.0,-0.01,-1,-1,-0.01,-1,-1,-0.01,-1,-1,-0.01,-1,-1,-0.01,-1,-1,-0.01,-1,-1,-0.01,-1,-1,-0.01,-1,-1,-0.01,-1,-1,-0.01,-1,-1
99926009,2026-05-18 15:27:50+05:30,53520.4,0,0.0,0,0.0,0.0,53282.15,53667.55,52783.45,53710.35,0,0.0,0.0,0.0,0.0,-0.01,-1,-1,-0.01,-1,-1,-0.01,-1,-1,-0.01,-1,-1,-0.01,-1,-1,-0.01,-1,-1,-0.01,-1,-1,-0.01,-1,-1,-0.01,-1,-1,-0.01,-1,-1
99926009,2026-05-18 15:27:50+05:30,53515.2,0,0.0,0,0.0,0.0,53282.15,53667.55,52783.45,53710.35,0,0.0,0.0,0.0,0.0,-0.01,-1,-1,-0.01,-1,-1,-0.01,-1,-1,-0.01,-1,-1,-0.01,-1,-1,-0.01,-1,-1,-0.01,-1,-1,-0.01,-1,-1,-0.01,-1,-1,-0.01,-1,-1
99926009,2026-05-18 15:27:50+05:30,53518.15,0,0.0,0,0.0,0.0,53282.15,53667.55,52783.45,53710.35,0,0.0,0.0,0.0,0.0,-0.01,-1,-1,-0.01,-1,-1,-0.01,-1,-1,-0.01,-1,-1,-0.01,-1,-1,-0.01,-1,-1,-0.01,-1,-1,-0.01,-1,-1,-0.01,-1,-1,-0.01,-1,-1
99926009,2026-05-18 15:27:51+05:30,53518.15,0,0.0,0,0.0,0.0,53282.15,53667.55,52783.45,53710.35,0,0.0,0.0,0.0,0.0,-0.01,-1,-1,-0.01,-1,-1,-0.01,-1,-1,-0.01,-1,-1,-0.01,-1,-1,-0.01,-1,-1,-0.01,-1,-1,-0.01,-1,-1,-0.01,-1,-1,-0.01,-1,-1
99926009,2026-05-18 15:27:51+05:30,53517.6,0,0.0,0,0.0,0.0,53282.15,53667.55,52783.45,53710.35,0,0.0,0.0,0.0,0.0,-0.01,-1,-1,-0.01,-1,-1,-0.01,-1,-1,-0.01,-1,-1,-0.01,-1,-1,-0.01,-1,-1,-0.01,-1,-1,-0.01,-1,-1,-0.01,-1,-1,-0.01,-1,-1
99926009,2026-05-18 15:27:51+05:30,53516.5,0,0.0,0,0.0,0.0,53282.15,53667.55,52783.45,53710.35,0,0.0,0.0,0.0,0.0,-0.01,-1,-1,-0.01,-1,-1,-0.01,-1,-1,-0.01,-1,-1,-0.01,-1,-1,-0.01,-1,-1,-0.01,-1,-1,-0.01,-1,-1,-0.01,-1,-1,-0.01,-1,-1
99926009,2026-05-18 15:27:52+05:30,53516.5,0,0.0,0,0.0,0.0,53282.15,53667.55,52783.45,53710.35,0,0.0,0.0,0.0,0.0,-0.01,-1,-1,-0.01,-1,-1,-0.01,-1,-1,-0.01,-1,-1,-0.01,-1,-1,-0.01,-1,-1,-0.01,-1,-1,-0.01,-1,-1,-0.01,-1,-1,-0.01,-1,-1
99926009,2026-05-18 15:27:52+05:30,53515.85,0,0.0,0,0.0,0.0,53282.15,53667.55,52783.45,53710.35,0,0.0,0.0,0.0,0.0,-0.01,-1,-1,-0.01,-1,-1,-0.01,-1,-1,-0.01,-1,-1,-0.01,-1,-1,-0.01,-1,-1,-0.01,-1,-1,-0.01,-1,-1,-0.01,-1,-1,-0.01,-1,-1
99926009,2026-05-18 15:27:52+05:30,53517.4,0,0.0,0,0.0,0.0,53282.15,53667.55,52783.45,53710.35,0,0.0,0.0,0.0,0.0,-0.01,-1,-1,-0.01,-1,-1,-0.01,-1,-1,-0.01,-1,-1,-0.01,-1,-1,-0.01,-1,-1,-0.01,-1,-1,-0.01,-1,-1,-0.01,-1,-1,-0.01,-1,-1
99926009,2026-05-18 15:27:53+05:30,53517.4,0,0.0,0,0.0,0.0,53282.15,53667.55,52783.45,53710.35,0,0.0,0.0,0.0,0.0,-0.01,-1,-1,-0.01,-1,-1,-0.01,-1,-1,-0.01,-1,-1,-0.01,-1,-1,-0.01,-1,-1,-0.01,-1,-1,-0.01,-1,-1,-0.01,-1,-1,-0.01,-1,-1
99926009,2026-05-18 15:27:53+05:30,53520.9,0,0.0,0,0.0,0.0,53282.15,53667.55,52783.45,53710.35,0,0.0,0.0,0.0,0.0,-0.01,-1,-1,-0.01,-1,-1,-0.01,-1,-1,-0.01,-1,-1,-0.01,-1,-1,-0.01,-1,-1,-0.01,-1,-1,-0.01,-1,-1,-0.01,-1,-1,-0.01,-1,-1
99926009,2026-05-18 15:27:53+05:30,53524.55,0,0.0,0,0.0,0.0,53282.15,53667.55,52783.45,53710.35,0,0.0,0.0,0.0,0.0,-0.01,-1,-1,-0.01,-1,-1,-0.01,-1,-1,-0.01,-1,-1,-0.01,-1,-1,-0.01,-1,-1,-0.01,-1,-1,-0.01,-1,-1,-0.01,-1,-1,-0.01,-1,-1
99926009,2026-05-18 15:27:54+05:30,53524.55,0,0.0,0,0.0,0.0,53282.15,53667.55,52783.45,53710.35,0,0.0,0.0,0.0,0.0,-0.01,-1,-1,-0.01,-1,-1,-0.01,-1,-1,-0.01,-1,-1,-0.01,-1,-1,-0.01,-1,-1,-0.01,-1,-1,-0.01,-1,-1,-0.01,-1,-1,-0.01,-1,-1
99926009,2026-05-18 15:27:54+05:30,53525.4,0,0.0,0,0.0,0.0,53282.15,53667.55,52783.45,53710.35,0,0.0,0.0,0.0,0.0,-0.01,-1,-1,-0.01,-1,-1,-0.01,-1,-1,-0.01,-1,-1,-0.01,-1,-1,-0.01,-1,-1,-0.01,-1,-1,-0.01,-1,-1,-0.01,-1,-1,-0.01,-1,-1
99926009,2026-05-18 15:27:54+05:30,53521.5,0,0.0,0,0.0,0.0,53282.15,53667.55,52783.45,53710.35,0,0.0,0.0,0.0,0.0,-0.01,-1,-1,-0.01,-1,-1,-0.01,-1,-1,-0.01,-1,-1,-0.01,-1,-1,-0.01,-1,-1,-0.01,-1,-1,-0.01,-1,-1,-0.01,-1,-1,-0.01,-1,-1
99926009,2026-05-18 15:27:55+05:30,53521.5,0,0.0,0,0.0,0.0,53282.15,53667.55,52783.45,53710.35,0,0.0,0.0,0.0,0.0,-0.01,-1,-1,-0.01,-1,-1,-0.01,-1,-1,-0.01,-1,-1,-0.01,-1,-1,-0.01,-1,-1,-0.01,-1,-1,-0.01,-1,-1,-0.01,-1,-1,-0.01,-1,-1
99926009,2026-05-18 15:27:55+05:30,53520.15,0,0.0,0,0.0,0.0,53282.15,53667.55,52783.45,53710.35,0,0.0,0.0,0.0,0.0,-0.01,-1,-1,-0.01,-1,-1,-0.01,-1,-1,-0.01,-1,-1,-0.01,-1,-1,-0.01,-1,-1,-0.01,-1,-1,-0.01,-1,-1,-0.01,-1,-1,-0.01,-1,-1
99926009,2026-05-18 15:27:55+05:30,53524.95,0,0.0,0,0.0,0.0,53282.15,53667.55,52783.45,53710.35,0,0.0,0.0,0.0,0.0,-0.01,-1,-1,-0.01,-1,-1,-0.01,-1,-1,-0.01,-1,-1,-0.01,-1,-1,-0.01,-1,-1,-0.01,-1,-1,-0.01,-1,-1,-0.01,-1,-1,-0.01,-1,-1
99926009,2026-05-18 15:27:56+05:30,53524.95,0,0.0,0,0.0,0.0,53282.15,53667.55,52783.45,53710.35,0,0.0,0.0,0.0,0.0,-0.01,-1,-1,-0.01,-1,-1,-0.01,-1,-1,-0.01,-1,-1,-0.01,-1,-1,-0.01,-1,-1,-0.01,-1,-1,-0.01,-1,-1,-0.01,-1,-1,-0.01,-1,-1
99926009,2026-05-18 15:27:56+05:30,53522.0,0,0.0,0,0.0,0.0,53282.15,53667.55,52783.45,53710.35,0,0.0,0.0,0.0,0.0,-0.01,-1,-1,-0.01,-1,-1,-0.01,-1,-1,-0.01,-1,-1,-0.01,-1,-1,-0.01,-1,-1,-0.01,-1,-1,-0.01,-1,-1,-0.01,-1,-1,-0.01,-1,-1
99926009,2026-05-18 15:27:56+05:30,53519.7,0,0.0,0,0.0,0.0,53282.15,53667.55,52783.45,53710.35,0,0.0,0.0,0.0,0.0,-0.01,-1,-1,-0.01,-1,-1,-0.01,-1,-1,-0.01,-1,-1,-0.01,-1,-1,-0.01,-1,-1,-0.01,-1,-1,-0.01,-1,-1,-0.01,-1,-1,-0.01,-1,-1
99926009,2026-05-18 15:27:57+05:30,53519.7,0,0.0,0,0.0,0.0,53282.15,53667.55,52783.45,53710.35,0,0.0,0.0,0.0,0.0,-0.01,-1,-1,-0.01,-1,-1,-0.01,-1,-1,-0.01,-1,-1,-0.01,-1,-1,-0.01,-1,-1,-0.01,-1,-1,-0.01,-1,-1,-0.01,-1,-1,-0.01,-1,-1
99926009,2026-05-18 15:27:57+05:30,53524.6,0,0.0,0,0.0,0.0,53282.15,53667.55,52783.45,53710.35,0,0.0,0.0,0.0,0.0,-0.01,-1,-1,-0.01,-1,-1,-0.01,-1,-1,-0.01,-1,-1,-0.01,-1,-1,-0.01,-1,-1,-0.01,-1,-1,-0.01,-1,-1,-0.01,-1,-1,-0.01,-1,-1
99926009,2026-05-18 15:27:57+05:30,53523.8,0,0.0,0,0.0,0.0,53282.15,53667.55,52783.45,53710.35,0,0.0,0.0,0.0,0.0,-0.01,-1,-1,-0.01,-1,-1,-0.01,-1,-1,-0.01,-1,-1,-0.01,-1,-1,-0.01,-1,-1,-0.01,-1,-1,-0.01,-1,-1,-0.01,-1,-1,-0.01,-1,-1
99926009,2026-05-18 15:27:58+05:30,53523.8,0,0.0,0,0.0,0.0,53282.15,53667.55,52783.45,53710.35,0,0.0,0.0,0.0,0.0,-0.01,-1,-1,-0.01,-1,-1,-0.01,-1,-1,-0.01,-1,-1,-0.01,-1,-1,-0.01,-1,-1,-0.01,-1,-1,-0.01,-1,-1,-0.01,-1,-1,-0.01,-1,-1
99926009,2026-05-18 15:27:58+05:30,53520.2,0,0.0,0,0.0,0.0,53282.15,53667.55,52783.45,53710.35,0,0.0,0.0,0.0,0.0,-0.01,-1,-1,-0.01,-1,-1,-0.01,-1,-1,-0.01,-1,-1,-0.01,-1,-1,-0.01,-1,-1,-0.01,-1,-1,-0.01,-1,-1,-0.01,-1,-1,-0.01,-1,-1
99926009,2026-05-18 15:27:58+05:30,53518.7,0,0.0,0,0.0,0.0,53282.15,53667.55,52783.45,53710.35,0,0.0,0.0,0.0,0.0,-0.01,-1,-1,-0.01,-1,-1,-0.01,-1,-1,-0.01,-1,-1,-0.01,-1,-1,-0.01,-1,-1,-0.01,-1,-1,-0.01,-1,-1,-0.01,-1,-1,-0.01,-1,-1
99926009,2026-05-18 15:27:59+05:30,53518.7,0,0.0,0,0.0,0.0,53282.15,53667.55,52783.45,53710.35,0,0.0,0.0,0.0,0.0,-0.01,-1,-1,-0.01,-1,-1,-0.01,-1,-1,-0.01,-1,-1,-0.01,-1,-1,-0.01,-1,-1,-0.01,-1,-1,-0.01,-1,-1,-0.01,-1,-1,-0.01,-1,-1
99926009,2026-05-18 15:27:59+05:30,53520.45,0,0.0,0,0.0,0.0,53282.15,53667.55,52783.45,53710.35,0,0.0,0.0,0.0,0.0,-0.01,-1,-1,-0.01,-1,-1,-0.01,-1,-1,-0.01,-1,-1,-0.01,-1,-1,-0.01,-1,-1,-0.01,-1,-1,-0.01,-1,-1,-0.01,-1,-1,-0.01,-1,-1
99926009,2026-05-18 15:27:59+05:30,53523.4,0,0.0,0,0.0,0.0,53282.15,53667.55,52783.45,53710.35,0,0.0,0.0,0.0,0.0,-0.01,-1,-1,-0.01,-1,-1,-0.01,-1,-1,-0.01,-1,-1,-0.01,-1,-1,-0.01,-1,-1,-0.01,-1,-1,-0.01,-1,-1,-0.01,-1,-1,-0.01,-1,-1
99926009,2026-05-18 15:28:00+05:30,53523.4,0,0.0,0,0.0,0.0,53282.15,53667.55,52783.45,53710.35,0,0.0,0.0,0.0,0.0,-0.01,-1,-1,-0.01,-1,-1,-0.01,-1,-1,-0.01,-1,-1,-0.01,-1,-1,-0.01,-1,-1,-0.01,-1,-1,-0.01,-1,-1,-0.01,-1,-1,-0.01,-1,-1
99926009,2026-05-18 15:28:00+05:30,53526.1,0,0.0,0,0.0,0.0,53282.15,53667.55,52783.45,53710.35,0,0.0,0.0,0.0,0.0,-0.01,-1,-1,-0.01,-1,-1,-0.01,-1,-1,-0.01,-1,-1,-0.01,-1,-1,-0.01,-1,-1,-0.01,-1,-1,-0.01,-1,-1,-0.01,-1,-1,-0.01,-1,-1
99926009,2026-05-18 15:28:00+05:30,53529.5,0,0.0,0,0.0,0.0,53282.15,53667.55,52783.45,53710.35,0,0.0,0.0,0.0,0.0,-0.01,-1,-1,-0.01,-1,-1,-0.01,-1,-1,-0.01,-1,-1,-0.01,-1,-1,-0.01,-1,-1,-0.01,-1,-1,-0.01,-1,-1,-0.01,-1,-1,-0.01,-1,-1
99926009,2026-05-18 15:28:01+05:30,53529.5,0,0.0,0,0.0,0.0,53282.15,53667.55,52783.45,53710.35,0,0.0,0.0,0.0,0.0,-0.01,-1,-1,-0.01,-1,-1,-0.01,-1,-1,-0.01,-1,-1,-0.01,-1,-1,-0.01,-1,-1,-0.01,-1,-1,-0.01,-1,-1,-0.01,-1,-1,-0.01,-1,-1
99926009,2026-05-18 15:28:01+05:30,53530.05,0,0.0,0,0.0,0.0,53282.15,53667.55,52783.45,53710.35,0,0.0,0.0,0.0,0.0,-0.01,-1,-1,-0.01,-1,-1,-0.01,-1,-1,-0.01,-1,-1,-0.01,-1,-1,-0.01,-1,-1,-0.01,-1,-1,-0.01,-1,-1,-0.01,-1,-1,-0.01,-1,-1
99926009,2026-05-18 15:28:01+05:30,53528.15,0,0.0,0,0.0,0.0,53282.15,53667.55,52783.45,53710.35,0,0.0,0.0,0.0,0.0,-0.01,-1,-1,-0.01,-1,-1,-0.01,-1,-1,-0.01,-1,-1,-0.01,-1,-1,-0.01,-1,-1,-0.01,-1,-1,-0.01,-1,-1,-0.01,-1,-1,-0.01,-1,-1
99926009,2026-05-18 15:28:02+05:30,53528.15,0,0.0,0,0.0,0.0,53282.15,53667.55,52783.45,53710.35,0,0.0,0.0,0.0,0.0,-0.01,-1,-1,-0.01,-1,-1,-0.01,-1,-1,-0.01,-1,-1,-0.01,-1,-1,-0.01,-1,-1,-0.01,-1,-1,-0.01,-1,-1,-0.01,-1,-1,-0.01,-1,-1
99926009,2026-05-18 15:28:02+05:30,53528.65,0,0.0,0,0.0,0.0,53282.15,53667.55,52783.45,53710.35,0,0.0,0.0,0.0,0.0,-0.01,-1,-1,-0.01,-1,-1,-0.01,-1,-1,-0.01,-1,-1,-0.01,-1,-1,-0.01,-1,-1,-0.01,-1,-1,-0.01,-1,-1,-0.01,-1,-1,-0.01,-1,-1
99926009,2026-05-18 15:28:02+05:30,53529.3,0,0.0,0,0.0,0.0,53282.15,53667.55,52783.45,53710.35,0,0.0,0.0,0.0,0.0,-0.01,-1,-1,-0.01,-1,-1,-0.01,-1,-1,-0.01,-1,-1,-0.01,-1,-1,-0.01,-1,-1,-0.01,-1,-1,-0.01,-1,-1,-0.01,-1,-1,-0.01,-1,-1
99926009,2026-05-18 15:28:03+05:30,53529.3,0,0.0,0,0.0,0.0,53282.15,53667.55,52783.45,53710.35,0,0.0,0.0,0.0,0.0,-0.01,-1,-1,-0.01,-1,-1,-0.01,-1,-1,-0.01,-1,-1,-0.01,-1,-1,-0.01,-1,-1,-0.01,-1,-1,-0.01,-1,-1,-0.01,-1,-1,-0.01,-1,-1
99926009,2026-05-18 15:28:03+05:30,53526.65,0,0.0,0,0.0,0.0,53282.15,53667.55,52783.45,53710.35,0,0.0,0.0,0.0,0.0,-0.01,-1,-1,-0.01,-1,-1,-0.01,-1,-1,-0.01,-1,-1,-0.01,-1,-1,-0.01,-1,-1,-0.01,-1,-1,-0.01,-1,-1,-0.01,-1,-1,-0.01,-1,-1
99926009,2026-05-18 15:28:03+05:30,53526.8,0,0.0,0,0.0,0.0,53282.15,53667.55,52783.45,53710.35,0,0.0,0.0,0.0,0.0,-0.01,-1,-1,-0.01,-1,-1,-0.01,-1,-1,-0.01,-1,-1,-0.01,-1,-1,-0.01,-1,-1,-0.01,-1,-1,-0.01,-1,-1,-0.01,-1,-1,-0.01,-1,-1
99926009,2026-05-18 15:28:04+05:30,53526.8,0,0.0,0,0.0,0.0,53282.15,53667.55,52783.45,53710.35,0,0.0,0.0,0.0,0.0,-0.01,-1,-1,-0.01,-1,-1,-0.01,-1,-1,-0.01,-1,-1,-0.01,-1,-1,-0.01,-1,-1,-0.01,-1,-1,-0.01,-1,-1,-0.01,-1,-1,-0.01,-1,-1
99926009,2026-05-18 15:28:04+05:30,53525.95,0,0.0,0,0.0,0.0,53282.15,53667.55,52783.45,53710.35,0,0.0,0.0,0.0,0.0,-0.01,-1,-1,-0.01,-1,-1,-0.01,-1,-1,-0.01,-1,-1,-0.01,-1,-1,-0.01,-1,-1,-0.01,-1,-1,-0.01,-1,-1,-0.01,-1,-1,-0.01,-1,-1
99926009,2026-05-18 15:28:04+05:30,53524.15,0,0.0,0,0.0,0.0,53282.15,53667.55,52783.45,53710.35,0,0.0,0.0,0.0,0.0,-0.01,-1,-1,-0.01,-1,-1,-0.01,-1,-1,-0.01,-1,-1,-0.01,-1,-1,-0.01,-1,-1,-0.01,-1,-1,-0.01,-1,-1,-0.01,-1,-1,-0.01,-1,-1
99926009,2026-05-18 15:28:05+05:30,53524.15,0,0.0,0,0.0,0.0,53282.15,53667.55,52783.45,53710.35,0,0.0,0.0,0.0,0.0,-0.01,-1,-1,-0.01,-1,-1,-0.01,-1,-1,-0.01,-1,-1,-0.01,-1,-1,-0.01,-1,-1,-0.01,-1,-1,-0.01,-1,-1,-0.01,-1,-1,-0.01,-1,-1
99926009,2026-05-18 15:28:05+05:30,53521.4,0,0.0,0,0.0,0.0,53282.15,53667.55,52783.45,53710.35,0,0.0,0.0,0.0,0.0,-0.01,-1,-1,-0.01,-1,-1,-0.01,-1,-1,-0.01,-1,-1,-0.01,-1,-1,-0.01,-1,-1,-0.01,-1,-1,-0.01,-1,-1,-0.01,-1,-1,-0.01,-1,-1
99926009,2026-05-18 15:28:05+05:30,53522.35,0,0.0,0,0.0,0.0,53282.15,53667.55,52783.45,53710.35,0,0.0,0.0,0.0,0.0,-0.01,-1,-1,-0.01,-1,-1,-0.01,-1,-1,-0.01,-1,-1,-0.01,-1,-1,-0.01,-1,-1,-0.01,-1,-1,-0.01,-1,-1,-0.01,-1,-1,-0.01,-1,-1
99926009,2026-05-18 15:28:06+05:30,53522.35,0,0.0,0,0.0,0.0,53282.15,53667.55,52783.45,53710.35,0,0.0,0.0,0.0,0.0,-0.01,-1,-1,-0.01,-1,-1,-0.01,-1,-1,-0.01,-1,-1,-0.01,-1,-1,-0.01,-1,-1,-0.01,-1,-1,-0.01,-1,-1,-0.01,-1,-1,-0.01,-1,-1
99926009,2026-05-18 15:28:06+05:30,53519.2,0,0.0,0,0.0,0.0,53282.15,53667.55,52783.45,53710.35,0,0.0,0.0,0.0,0.0,-0.01,-1,-1,-0.01,-1,-1,-0.01,-1,-1,-0.01,-1,-1,-0.01,-1,-1,-0.01,-1,-1,-0.01,-1,-1,-0.01,-1,-1,-0.01,-1,-1,-0.01,-1,-1
99926009,2026-05-18 15:28:06+05:30,53521.6,0,0.0,0,0.0,0.0,53282.15,53667.55,52783.45,53710.35,0,0.0,0.0,0.0,0.0,-0.01,-1,-1,-0.01,-1,-1,-0.01,-1,-1,-0.01,-1,-1,-0.01,-1,-1,-0.01,-1,-1,-0.01,-1,-1,-0.01,-1,-1,-0.01,-1,-1,-0.01,-1,-1
99926009,2026-05-18 15:28:07+05:30,53521.6,0,0.0,0,0.0,0.0,53282.15,53667.55,52783.45,53710.35,0,0.0,0.0,0.0,0.0,-0.01,-1,-1,-0.01,-1,-1,-0.01,-1,-1,-0.01,-1,-1,-0.01,-1,-1,-0.01,-1,-1,-0.01,-1,-1,-0.01,-1,-1,-0.01,-1,-1,-0.01,-1,-1
99926009,2026-05-18 15:28:07+05:30,53522.2,0,0.0,0,0.0,0.0,53282.15,53667.55,52783.45,53710.35,0,0.0,0.0,0.0,0.0,-0.01,-1,-1,-0.01,-1,-1,-0.01,-1,-1,-0.01,-1,-1,-0.01,-1,-1,-0.01,-1,-1,-0.01,-1,-1,-0.01,-1,-1,-0.01,-1,-1,-0.01,-1,-1
99926009,2026-05-18 15:28:07+05:30,53519.65,0,0.0,0,0.0,0.0,53282.15,53667.55,52783.45,53710.35,0,0.0,0.0,0.0,0.0,-0.01,-1,-1,-0.01,-1,-1,-0.01,-1,-1,-0.01,-1,-1,-0.01,-1,-1,-0.01,-1,-1,-0.01,-1,-1,-0.01,-1,-1,-0.01,-1,-1,-0.01,-1,-1
99926009,2026-05-18 15:28:08+05:30,53519.65,0,0.0,0,0.0,0.0,53282.15,53667.55,52783.45,53710.35,0,0.0,0.0,0.0,0.0,-0.01,-1,-1,-0.01,-1,-1,-0.01,-1,-1,-0.01,-1,-1,-0.01,-1,-1,-0.01,-1,-1,-0.01,-1,-1,-0.01,-1,-1,-0.01,-1,-1,-0.01,-1,-1
99926009,2026-05-18 15:28:08+05:30,53520.15,0,0.0,0,0.0,0.0,53282.15,53667.55,52783.45,53710.35,0,0.0,0.0,0.0,0.0,-0.01,-1,-1,-0.01,-1,-1,-0.01,-1,-1,-0.01,-1,-1,-0.01,-1,-1,-0.01,-1,-1,-0.01,-1,-1,-0.01,-1,-1,-0.01,-1,-1,-0.01,-1,-1
99926009,2026-05-18 15:28:08+05:30,53517.55,0,0.0,0,0.0,0.0,53282.15,53667.55,52783.45,53710.35,0,0.0,0.0,0.0,0.0,-0.01,-1,-1,-0.01,-1,-1,-0.01,-1,-1,-0.01,-1,-1,-0.01,-1,-1,-0.01,-1,-1,-0.01,-1,-1,-0.01,-1,-1,-0.01,-1,-1,-0.01,-1,-1
99926009,2026-05-18 15:28:09+05:30,53517.55,0,0.0,0,0.0,0.0,53282.15,53667.55,52783.45,53710.35,0,0.0,0.0,0.0,0.0,-0.01,-1,-1,-0.01,-1,-1,-0.01,-1,-1,-0.01,-1,-1,-0.01,-1,-1,-0.01,-1,-1,-0.01,-1,-1,-0.01,-1,-1,-0.01,-1,-1,-0.01,-1,-1
99926009,2026-05-18 15:28:09+05:30,53517.75,0,0.0,0,0.0,0.0,53282.15,53667.55,52783.45,53710.35,0,0.0,0.0,0.0,0.0,-0.01,-1,-1,-0.01,-1,-1,-0.01,-1,-1,-0.01,-1,-1,-0.01,-1,-1,-0.01,-1,-1,-0.01,-1,-1,-0.01,-1,-1,-0.01,-1,-1,-0.01,-1,-1
99926009,2026-05-18 15:28:09+05:30,53516.35,0,0.0,0,0.0,0.0,53282.15,53667.55,52783.45,53710.35,0,0.0,0.0,0.0,0.0,-0.01,-1,-1,-0.01,-1,-1,-0.01,-1,-1,-0.01,-1,-1,-0.01,-1,-1,-0.01,-1,-1,-0.01,-1,-1,-0.01,-1,-1,-0.01,-1,-1,-0.01,-1,-1
99926009,2026-05-18 15:28:10+05:30,53516.35,0,0.0,0,0.0,0.0,53282.15,53667.55,52783.45,53710.35,0,0.0,0.0,0.0,0.0,-0.01,-1,-1,-0.01,-1,-1,-0.01,-1,-1,-0.01,-1,-1,-0.01,-1,-1,-0.01,-1,-1,-0.01,-1,-1,-0.01,-1,-1,-0.01,-1,-1,-0.01,-1,-1
99926009,2026-05-18 15:28:10+05:30,53518.85,0,0.0,0,0.0,0.0,53282.15,53667.55,52783.45,53710.35,0,0.0,0.0,0.0,0.0,-0.01,-1,-1,-0.01,-1,-1,-0.01,-1,-1,-0.01,-1,-1,-0.01,-1,-1,-0.01,-1,-1,-0.01,-1,-1,-0.01,-1,-1,-0.01,-1,-1,-0.01,-1,-1
99926009,2026-05-18 15:28:10+05:30,53513.05,0,0.0,0,0.0,0.0,53282.15,53667.55,52783.45,53710.35,0,0.0,0.0,0.0,0.0,-0.01,-1,-1,-0.01,-1,-1,-0.01,-1,-1,-0.01,-1,-1,-0.01,-1,-1,-0.01,-1,-1,-0.01,-1,-1,-0.01,-1,-1,-0.01,-1,-1,-0.01,-1,-1
99926009,2026-05-18 15:28:11+05:30,53513.05,0,0.0,0,0.0,0.0,53282.15,53667.55,52783.45,53710.35,0,0.0,0.0,0.0,0.0,-0.01,-1,-1,-0.01,-1,-1,-0.01,-1,-1,-0.01,-1,-1,-0.01,-1,-1,-0.01,-1,-1,-0.01,-1,-1,-0.01,-1,-1,-0.01,-1,-1,-0.01,-1,-1
99926009,2026-05-18 15:28:11+05:30,53515.35,0,0.0,0,0.0,0.0,53282.15,53667.55,52783.45,53710.35,0,0.0,0.0,0.0,0.0,-0.01,-1,-1,-0.01,-1,-1,-0.01,-1,-1,-0.01,-1,-1,-0.01,-1,-1,-0.01,-1,-1,-0.01,-1,-1,-0.01,-1,-1,-0.01,-1,-1,-0.01,-1,-1
99926009,2026-05-18 15:28:11+05:30,53508.95,0,0.0,0,0.0,0.0,53282.15,53667.55,52783.45,53710.35,0,0.0,0.0,0.0,0.0,-0.01,-1,-1,-0.01,-1,-1,-0.01,-1,-1,-0.01,-1,-1,-0.01,-1,-1,-0.01,-1,-1,-0.01,-1,-1,-0.01,-1,-1,-0.01,-1,-1,-0.01,-1,-1
99926009,2026-05-18 15:28:12+05:30,53508.95,0,0.0,0,0.0,0.0,53282.15,53667.55,52783.45,53710.35,0,0.0,0.0,0.0,0.0,-0.01,-1,-1,-0.01,-1,-1,-0.01,-1,-1,-0.01,-1,-1,-0.01,-1,-1,-0.01,-1,-1,-0.01,-1,-1,-0.01,-1,-1,-0.01,-1,-1,-0.01,-1,-1
99926009,2026-05-18 15:28:12+05:30,53509.15,0,0.0,0,0.0,0.0,53282.15,53667.55,52783.45,53710.35,0,0.0,0.0,0.0,0.0,-0.01,-1,-1,-0.01,-1,-1,-0.01,-1,-1,-0.01,-1,-1,-0.01,-1,-1,-0.01,-1,-1,-0.01,-1,-1,-0.01,-1,-1,-0.01,-1,-1,-0.01,-1,-1
99926009,2026-05-18 15:28:12+05:30,53513.4,0,0.0,0,0.0,0.0,53282.15,53667.55,52783.45,53710.35,0,0.0,0.0,0.0,0.0,-0.01,-1,-1,-0.01,-1,-1,-0.01,-1,-1,-0.01,-1,-1,-0.01,-1,-1,-0.01,-1,-1,-0.01,-1,-1,-0.01,-1,-1,-0.01,-1,-1,-0.01,-1,-1
99926009,2026-05-18 15:28:13+05:30,53513.4,0,0.0,0,0.0,0.0,53282.15,53667.55,52783.45,53710.35,0,0.0,0.0,0.0,0.0,-0.01,-1,-1,-0.01,-1,-1,-0.01,-1,-1,-0.01,-1,-1,-0.01,-1,-1,-0.01,-1,-1,-0.01,-1,-1,-0.01,-1,-1,-0.01,-1,-1,-0.01,-1,-1
99926009,2026-05-18 15:28:13+05:30,53507.1,0,0.0,0,0.0,0.0,53282.15,53667.55,52783.45,53710.35,0,0.0,0.0,0.0,0.0,-0.01,-1,-1,-0.01,-1,-1,-0.01,-1,-1,-0.01,-1,-1,-0.01,-1,-1,-0.01,-1,-1,-0.01,-1,-1,-0.01,-1,-1,-0.01,-1,-1,-0.01,-1,-1
99926009,2026-05-18 15:28:13+05:30,53511.35,0,0.0,0,0.0,0.0,53282.15,53667.55,52783.45,53710.35,0,0.0,0.0,0.0,0.0,-0.01,-1,-1,-0.01,-1,-1,-0.01,-1,-1,-0.01,-1,-1,-0.01,-1,-1,-0.01,-1,-1,-0.01,-1,-1,-0.01,-1,-1,-0.01,-1,-1,-0.01,-1,-1
99926009,2026-05-18 15:28:14+05:30,53511.35,0,0.0,0,0.0,0.0,53282.15,53667.55,52783.45,53710.35,0,0.0,0.0,0.0,0.0,-0.01,-1,-1,-0.01,-1,-1,-0.01,-1,-1,-0.01,-1,-1,-0.01,-1,-1,-0.01,-1,-1,-0.01,-1,-1,-0.01,-1,-1,-0.01,-1,-1,-0.01,-1,-1
99926009,2026-05-18 15:28:14+05:30,53521.0,0,0.0,0,0.0,0.0,53282.15,53667.55,52783.45,53710.35,0,0.0,0.0,0.0,0.0,-0.01,-1,-1,-0.01,-1,-1,-0.01,-1,-1,-0.01,-1,-1,-0.01,-1,-1,-0.01,-1,-1,-0.01,-1,-1,-0.01,-1,-1,-0.01,-1,-1,-0.01,-1,-1
99926009,2026-05-18 15:28:14+05:30,53514.1,0,0.0,0,0.0,0.0,53282.15,53667.55,52783.45,53710.35,0,0.0,0.0,0.0,0.0,-0.01,-1,-1,-0.01,-1,-1,-0.01,-1,-1,-0.01,-1,-1,-0.01,-1,-1,-0.01,-1,-1,-0.01,-1,-1,-0.01,-1,-1,-0.01,-1,-1,-0.01,-1,-1
99926009,2026-05-18 15:28:15+05:30,53514.1,0,0.0,0,0.0,0.0,53282.15,53667.55,52783.45,53710.35,0,0.0,0.0,0.0,0.0,-0.01,-1,-1,-0.01,-1,-1,-0.01,-1,-1,-0.01,-1,-1,-0.01,-1,-1,-0.01,-1,-1,-0.01,-1,-1,-0.01,-1,-1,-0.01,-1,-1,-0.01,-1,-1
99926009,2026-05-18 15:28:15+05:30,53513.15,0,0.0,0,0.0,0.0,53282.15,53667.55,52783.45,53710.35,0,0.0,0.0,0.0,0.0,-0.01,-1,-1,-0.01,-1,-1,-0.01,-1,-1,-0.01,-1,-1,-0.01,-1,-1,-0.01,-1,-1,-0.01,-1,-1,-0.01,-1,-1,-0.01,-1,-1,-0.01,-1,-1
99926009,2026-05-18 15:28:15+05:30,53518.25,0,0.0,0,0.0,0.0,53282.15,53667.55,52783.45,53710.35,0,0.0,0.0,0.0,0.0,-0.01,-1,-1,-0.01,-1,-1,-0.01,-1,-1,-0.01,-1,-1,-0.01,-1,-1,-0.01,-1,-1,-0.01,-1,-1,-0.01,-1,-1,-0.01,-1,-1,-0.01,-1,-1
99926009,2026-05-18 15:28:16+05:30,53518.25,0,0.0,0,0.0,0.0,53282.15,53667.55,52783.45,53710.35,0,0.0,0.0,0.0,0.0,-0.01,-1,-1,-0.01,-1,-1,-0.01,-1,-1,-0.01,-1,-1,-0.01,-1,-1,-0.01,-1,-1,-0.01,-1,-1,-0.01,-1,-1,-0.01,-1,-1,-0.01,-1,-1
99926009,2026-05-18 15:28:16+05:30,53516.25,0,0.0,0,0.0,0.0,53282.15,53667.55,52783.45,53710.35,0,0.0,0.0,0.0,0.0,-0.01,-1,-1,-0.01,-1,-1,-0.01,-1,-1,-0.01,-1,-1,-0.01,-1,-1,-0.01,-1,-1,-0.01,-1,-1,-0.01,-1,-1,-0.01,-1,-1,-0.01,-1,-1
99926009,2026-05-18 15:28:16+05:30,53516.95,0,0.0,0,0.0,0.0,53282.15,53667.55,52783.45,53710.35,0,0.0,0.0,0.0,0.0,-0.01,-1,-1,-0.01,-1,-1,-0.01,-1,-1,-0.01,-1,-1,-0.01,-1,-1,-0.01,-1,-1,-0.01,-1,-1,-0.01,-1,-1,-0.01,-1,-1,-0.01,-1,-1
99926009,2026-05-18 15:28:17+05:30,53516.95,0,0.0,0,0.0,0.0,53282.15,53667.55,52783.45,53710.35,0,0.0,0.0,0.0,0.0,-0.01,-1,-1,-0.01,-1,-1,-0.01,-1,-1,-0.01,-1,-1,-0.01,-1,-1,-0.01,-1,-1,-0.01,-1,-1,-0.01,-1,-1,-0.01,-1,-1,-0.01,-1,-1
99926009,2026-05-18 15:28:17+05:30,53514.8,0,0.0,0,0.0,0.0,53282.15,53667.55,52783.45,53710.35,0,0.0,0.0,0.0,0.0,-0.01,-1,-1,-0.01,-1,-1,-0.01,-1,-1,-0.01,-1,-1,-0.01,-1,-1,-0.01,-1,-1,-0.01,-1,-1,-0.01,-1,-1,-0.01,-1,-1,-0.01,-1,-1
99926009,2026-05-18 15:28:17+05:30,53513.6,0,0.0,0,0.0,0.0,53282.15,53667.55,52783.45,53710.35,0,0.0,0.0,0.0,0.0,-0.01,-1,-1,-0.01,-1,-1,-0.01,-1,-1,-0.01,-1,-1,-0.01,-1,-1,-0.01,-1,-1,-0.01,-1,-1,-0.01,-1,-1,-0.01,-1,-1,-0.01,-1,-1
99926009,2026-05-18 15:28:18+05:30,53513.6,0,0.0,0,0.0,0.0,53282.15,53667.55,52783.45,53710.35,0,0.0,0.0,0.0,0.0,-0.01,-1,-1,-0.01,-1,-1,-0.01,-1,-1,-0.01,-1,-1,-0.01,-1,-1,-0.01,-1,-1,-0.01,-1,-1,-0.01,-1,-1,-0.01,-1,-1,-0.01,-1,-1
99926009,2026-05-18 15:28:18+05:30,53517.95,0,0.0,0,0.0,0.0,53282.15,53667.55,52783.45,53710.35,0,0.0,0.0,0.0,0.0,-0.01,-1,-1,-0.01,-1,-1,-0.01,-1,-1,-0.01,-1,-1,-0.01,-1,-1,-0.01,-1,-1,-0.01,-1,-1,-0.01,-1,-1,-0.01,-1,-1,-0.01,-1,-1
99926009,2026-05-18 15:28:18+05:30,53509.25,0,0.0,0,0.0,0.0,53282.15,53667.55,52783.45,53710.35,0,0.0,0.0,0.0,0.0,-0.01,-1,-1,-0.01,-1,-1,-0.01,-1,-1,-0.01,-1,-1,-0.01,-1,-1,-0.01,-1,-1,-0.01,-1,-1,-0.01,-1,-1,-0.01,-1,-1,-0.01,-1,-1
99926009,2026-05-18 15:28:19+05:30,53509.25,0,0.0,0,0.0,0.0,53282.15,53667.55,52783.45,53710.35,0,0.0,0.0,0.0,0.0,-0.01,-1,-1,-0.01,-1,-1,-0.01,-1,-1,-0.01,-1,-1,-0.01,-1,-1,-0.01,-1,-1,-0.01,-1,-1,-0.01,-1,-1,-0.01,-1,-1,-0.01,-1,-1
99926009,2026-05-18 15:28:19+05:30,53508.65,0,0.0,0,0.0,0.0,53282.15,53667.55,52783.45,53710.35,0,0.0,0.0,0.0,0.0,-0.01,-1,-1,-0.01,-1,-1,-0.01,-1,-1,-0.01,-1,-1,-0.01,-1,-1,-0.01,-1,-1,-0.01,-1,-1,-0.01,-1,-1,-0.01,-1,-1,-0.01,-1,-1
99926009,2026-05-18 15:28:19+05:30,53513.1,0,0.0,0,0.0,0.0,53282.15,53667.55,52783.45,53710.35,0,0.0,0.0,0.0,0.0,-0.01,-1,-1,-0.01,-1,-1,-0.01,-1,-1,-0.01,-1,-1,-0.01,-1,-1,-0.01,-1,-1,-0.01,-1,-1,-0.01,-1,-1,-0.01,-1,-1,-0.01,-1,-1
99926009,2026-05-18 15:28:20+05:30,53513.1,0,0.0,0,0.0,0.0,53282.15,53667.55,52783.45,53710.35,0,0.0,0.0,0.0,0.0,-0.01,-1,-1,-0.01,-1,-1,-0.01,-1,-1,-0.01,-1,-1,-0.01,-1,-1,-0.01,-1,-1,-0.01,-1,-1,-0.01,-1,-1,-0.01,-1,-1,-0.01,-1,-1
99926009,2026-05-18 15:28:20+05:30,53508.7,0,0.0,0,0.0,0.0,53282.15,53667.55,52783.45,53710.35,0,0.0,0.0,0.0,0.0,-0.01,-1,-1,-0.01,-1,-1,-0.01,-1,-1,-0.01,-1,-1,-0.01,-1,-1,-0.01,-1,-1,-0.01,-1,-1,-0.01,-1,-1,-0.01,-1,-1,-0.01,-1,-1
99926009,2026-05-18 15:28:20+05:30,53510.6,0,0.0,0,0.0,0.0,53282.15,53667.55,52783.45,53710.35,0,0.0,0.0,0.0,0.0,-0.01,-1,-1,-0.01,-1,-1,-0.01,-1,-1,-0.01,-1,-1,-0.01,-1,-1,-0.01,-1,-1,-0.01,-1,-1,-0.01,-1,-1,-0.01,-1,-1,-0.01,-1,-1
99926009,2026-05-18 15:28:21+05:30,53510.6,0,0.0,0,0.0,0.0,53282.15,53667.55,52783.45,53710.35,0,0.0,0.0,0.0,0.0,-0.01,-1,-1,-0.01,-1,-1,-0.01,-1,-1,-0.01,-1,-1,-0.01,-1,-1,-0.01,-1,-1,-0.01,-1,-1,-0.01,-1,-1,-0.01,-1,-1,-0.01,-1,-1
99926009,2026-05-18 15:28:21+05:30,53507.8,0,0.0,0,0.0,0.0,53282.15,53667.55,52783.45,53710.35,0,0.0,0.0,0.0,0.0,-0.01,-1,-1,-0.01,-1,-1,-0.01,-1,-1,-0.01,-1,-1,-0.01,-1,-1,-0.01,-1,-1,-0.01,-1,-1,-0.01,-1,-1,-0.01,-1,-1,-0.01,-1,-1
99926009,2026-05-18 15:28:21+05:30,53513.95,0,0.0,0,0.0,0.0,53282.15,53667.55,52783.45,53710.35,0,0.0,0.0,0.0,0.0,-0.01,-1,-1,-0.01,-1,-1,-0.01,-1,-1,-0.01,-1,-1,-0.01,-1,-1,-0.01,-1,-1,-0.01,-1,-1,-0.01,-1,-1,-0.01,-1,-1,-0.01,-1,-1
99926009,2026-05-18 15:28:22+05:30,53513.95,0,0.0,0,0.0,0.0,53282.15,53667.55,52783.45,53710.35,0,0.0,0.0,0.0,0.0,-0.01,-1,-1,-0.01,-1,-1,-0.01,-1,-1,-0.01,-1,-1,-0.01,-1,-1,-0.01,-1,-1,-0.01,-1,-1,-0.01,-1,-1,-0.01,-1,-1,-0.01,-1,-1
99926009,2026-05-18 15:28:22+05:30,53518.55,0,0.0,0,0.0,0.0,53282.15,53667.55,52783.45,53710.35,0,0.0,0.0,0.0,0.0,-0.01,-1,-1,-0.01,-1,-1,-0.01,-1,-1,-0.01,-1,-1,-0.01,-1,-1,-0.01,-1,-1,-0.01,-1,-1,-0.01,-1,-1,-0.01,-1,-1,-0.01,-1,-1
99926009,2026-05-18 15:28:22+05:30,53520.95,0,0.0,0,0.0,0.0,53282.15,53667.55,52783.45,53710.35,0,0.0,0.0,0.0,0.0,-0.01,-1,-1,-0.01,-1,-1,-0.01,-1,-1,-0.01,-1,-1,-0.01,-1,-1,-0.01,-1,-1,-0.01,-1,-1,-0.01,-1,-1,-0.01,-1,-1,-0.01,-1,-1
99926009,2026-05-18 15:28:23+05:30,53520.95,0,0.0,0,0.0,0.0,53282.15,53667.55,52783.45,53710.35,0,0.0,0.0,0.0,0.0,-0.01,-1,-1,-0.01,-1,-1,-0.01,-1,-1,-0.01,-1,-1,-0.01,-1,-1,-0.01,-1,-1,-0.01,-1,-1,-0.01,-1,-1,-0.01,-1,-1,-0.01,-1,-1
99926009,2026-05-18 15:28:23+05:30,53520.2,0,0.0,0,0.0,0.0,53282.15,53667.55,52783.45,53710.35,0,0.0,0.0,0.0,0.0,-0.01,-1,-1,-0.01,-1,-1,-0.01,-1,-1,-0.01,-1,-1,-0.01,-1,-1,-0.01,-1,-1,-0.01,-1,-1,-0.01,-1,-1,-0.01,-1,-1,-0.01,-1,-1
99926009,2026-05-18 15:28:23+05:30,53522.65,0,0.0,0,0.0,0.0,53282.15,53667.55,52783.45,53710.35,0,0.0,0.0,0.0,0.0,-0.01,-1,-1,-0.01,-1,-1,-0.01,-1,-1,-0.01,-1,-1,-0.01,-1,-1,-0.01,-1,-1,-0.01,-1,-1,-0.01,-1,-1,-0.01,-1,-1,-0.01,-1,-1
99926009,2026-05-18 15:28:24+05:30,53522.65,0,0.0,0,0.0,0.0,53282.15,53667.55,52783.45,53710.35,0,0.0,0.0,0.0,0.0,-0.01,-1,-1,-0.01,-1,-1,-0.01,-1,-1,-0.01,-1,-1,-0.01,-1,-1,-0.01,-1,-1,-0.01,-1,-1,-0.01,-1,-1,-0.01,-1,-1,-0.01,-1,-1
99926009,2026-05-18 15:28:24+05:30,53522.7,0,0.0,0,0.0,0.0,53282.15,53667.55,52783.45,53710.35,0,0.0,0.0,0.0,0.0,-0.01,-1,-1,-0.01,-1,-1,-0.01,-1,-1,-0.01,-1,-1,-0.01,-1,-1,-0.01,-1,-1,-0.01,-1,-1,-0.01,-1,-1,-0.01,-1,-1,-0.01,-1,-1
99926009,2026-05-18 15:28:24+05:30,53522.35,0,0.0,0,0.0,0.0,53282.15,53667.55,52783.45,53710.35,0,0.0,0.0,0.0,0.0,-0.01,-1,-1,-0.01,-1,-1,-0.01,-1,-1,-0.01,-1,-1,-0.01,-1,-1,-0.01,-1,-1,-0.01,-1,-1,-0.01,-1,-1,-0.01,-1,-1,-0.01,-1,-1
99926009,2026-05-18 15:28:25+05:30,53522.35,0,0.0,0,0.0,0.0,53282.15,53667.55,52783.45,53710.35,0,0.0,0.0,0.0,0.0,-0.01,-1,-1,-0.01,-1,-1,-0.01,-1,-1,-0.01,-1,-1,-0.01,-1,-1,-0.01,-1,-1,-0.01,-1,-1,-0.01,-1,-1,-0.01,-1,-1,-0.01,-1,-1
99926009,2026-05-18 15:28:25+05:30,53522.3,0,0.0,0,0.0,0.0,53282.15,53667.55,52783.45,53710.35,0,0.0,0.0,0.0,0.0,-0.01,-1,-1,-0.01,-1,-1,-0.01,-1,-1,-0.01,-1,-1,-0.01,-1,-1,-0.01,-1,-1,-0.01,-1,-1,-0.01,-1,-1,-0.01,-1,-1,-0.01,-1,-1
99926009,2026-05-18 15:28:25+05:30,53515.45,0,0.0,0,0.0,0.0,53282.15,53667.55,52783.45,53710.35,0,0.0,0.0,0.0,0.0,-0.01,-1,-1,-0.01,-1,-1,-0.01,-1,-1,-0.01,-1,-1,-0.01,-1,-1,-0.01,-1,-1,-0.01,-1,-1,-0.01,-1,-1,-0.01,-1,-1,-0.01,-1,-1
99926009,2026-05-18 15:28:26+05:30,53515.45,0,0.0,0,0.0,0.0,53282.15,53667.55,52783.45,53710.35,0,0.0,0.0,0.0,0.0,-0.01,-1,-1,-0.01,-1,-1,-0.01,-1,-1,-0.01,-1,-1,-0.01,-1,-1,-0.01,-1,-1,-0.01,-1,-1,-0.01,-1,-1,-0.01,-1,-1,-0.01,-1,-1
99926009,2026-05-18 15:28:26+05:30,53522.15,0,0.0,0,0.0,0.0,53282.15,53667.55,52783.45,53710.35,0,0.0,0.0,0.0,0.0,-0.01,-1,-1,-0.01,-1,-1,-0.01,-1,-1,-0.01,-1,-1,-0.01,-1,-1,-0.01,-1,-1,-0.01,-1,-1,-0.01,-1,-1,-0.01,-1,-1,-0.01,-1,-1
99926009,2026-05-18 15:28:26+05:30,53521.7,0,0.0,0,0.0,0.0,53282.15,53667.55,52783.45,53710.35,0,0.0,0.0,0.0,0.0,-0.01,-1,-1,-0.01,-1,-1,-0.01,-1,-1,-0.01,-1,-1,-0.01,-1,-1,-0.01,-1,-1,-0.01,-1,-1,-0.01,-1,-1,-0.01,-1,-1,-0.01,-1,-1
99926009,2026-05-18 15:28:27+05:30,53521.7,0,0.0,0,0.0,0.0,53282.15,53667.55,52783.45,53710.35,0,0.0,0.0,0.0,0.0,-0.01,-1,-1,-0.01,-1,-1,-0.01,-1,-1,-0.01,-1,-1,-0.01,-1,-1,-0.01,-1,-1,-0.01,-1,-1,-0.01,-1,-1,-0.01,-1,-1,-0.01,-1,-1
99926009,2026-05-18 15:28:27+05:30,53520.95,0,0.0,0,0.0,0.0,53282.15,53667.55,52783.45,53710.35,0,0.0,0.0,0.0,0.0,-0.01,-1,-1,-0.01,-1,-1,-0.01,-1,-1,-0.01,-1,-1,-0.01,-1,-1,-0.01,-1,-1,-0.01,-1,-1,-0.01,-1,-1,-0.01,-1,-1,-0.01,-1,-1
99926009,2026-05-18 15:28:27+05:30,53521.55,0,0.0,0,0.0,0.0,53282.15,53667.55,52783.45,53710.35,0,0.0,0.0,0.0,0.0,-0.01,-1,-1,-0.01,-1,-1,-0.01,-1,-1,-0.01,-1,-1,-0.01,-1,-1,-0.01,-1,-1,-0.01,-1,-1,-0.01,-1,-1,-0.01,-1,-1,-0.01,-1,-1
99926009,2026-05-18 15:28:28+05:30,53521.55,0,0.0,0,0.0,0.0,53282.15,53667.55,52783.45,53710.35,0,0.0,0.0,0.0,0.0,-0.01,-1,-1,-0.01,-1,-1,-0.01,-1,-1,-0.01,-1,-1,-0.01,-1,-1,-0.01,-1,-1,-0.01,-1,-1,-0.01,-1,-1,-0.01,-1,-1,-0.01,-1,-1
99926009,2026-05-18 15:28:28+05:30,53518.45,0,0.0,0,0.0,0.0,53282.15,53667.55,52783.45,53710.35,0,0.0,0.0,0.0,0.0,-0.01,-1,-1,-0.01,-1,-1,-0.01,-1,-1,-0.01,-1,-1,-0.01,-1,-1,-0.01,-1,-1,-0.01,-1,-1,-0.01,-1,-1,-0.01,-1,-1,-0.01,-1,-1
99926009,2026-05-18 15:28:28+05:30,53520.15,0,0.0,0,0.0,0.0,53282.15,53667.55,52783.45,53710.35,0,0.0,0.0,0.0,0.0,-0.01,-1,-1,-0.01,-1,-1,-0.01,-1,-1,-0.01,-1,-1,-0.01,-1,-1,-0.01,-1,-1,-0.01,-1,-1,-0.01,-1,-1,-0.01,-1,-1,-0.01,-1,-1
99926009,2026-05-18 15:28:29+05:30,53520.15,0,0.0,0,0.0,0.0,53282.15,53667.55,52783.45,53710.35,0,0.0,0.0,0.0,0.0,-0.01,-1,-1,-0.01,-1,-1,-0.01,-1,-1,-0.01,-1,-1,-0.01,-1,-1,-0.01,-1,-1,-0.01,-1,-1,-0.01,-1,-1,-0.01,-1,-1,-0.01,-1,-1
99926009,2026-05-18 15:28:29+05:30,53520.95,0,0.0,0,0.0,0.0,53282.15,53667.55,52783.45,53710.35,0,0.0,0.0,0.0,0.0,-0.01,-1,-1,-0.01,-1,-1,-0.01,-1,-1,-0.01,-1,-1,-0.01,-1,-1,-0.01,-1,-1,-0.01,-1,-1,-0.01,-1,-1,-0.01,-1,-1,-0.01,-1,-1
99926009,2026-05-18 15:28:29+05:30,53519.05,0,0.0,0,0.0,0.0,53282.15,53667.55,52783.45,53710.35,0,0.0,0.0,0.0,0.0,-0.01,-1,-1,-0.01,-1,-1,-0.01,-1,-1,-0.01,-1,-1,-0.01,-1,-1,-0.01,-1,-1,-0.01,-1,-1,-0.01,-1,-1,-0.01,-1,-1,-0.01,-1,-1
99926009,2026-05-18 15:28:30+05:30,53519.05,0,0.0,0,0.0,0.0,53282.15,53667.55,52783.45,53710.35,0,0.0,0.0,0.0,0.0,-0.01,-1,-1,-0.01,-1,-1,-0.01,-1,-1,-0.01,-1,-1,-0.01,-1,-1,-0.01,-1,-1,-0.01,-1,-1,-0.01,-1,-1,-0.01,-1,-1,-0.01,-1,-1
99926009,2026-05-18 15:28:30+05:30,53518.2,0,0.0,0,0.0,0.0,53282.15,53667.55,52783.45,53710.35,0,0.0,0.0,0.0,0.0,-0.01,-1,-1,-0.01,-1,-1,-0.01,-1,-1,-0.01,-1,-1,-0.01,-1,-1,-0.01,-1,-1,-0.01,-1,-1,-0.01,-1,-1,-0.01,-1,-1,-0.01,-1,-1
99926009,2026-05-18 15:28:30+05:30,53519.3,0,0.0,0,0.0,0.0,53282.15,53667.55,52783.45,53710.35,0,0.0,0.0,0.0,0.0,-0.01,-1,-1,-0.01,-1,-1,-0.01,-1,-1,-0.01,-1,-1,-0.01,-1,-1,-0.01,-1,-1,-0.01,-1,-1,-0.01,-1,-1,-0.01,-1,-1,-0.01,-1,-1
99926009,2026-05-18 15:28:31+05:30,53519.3,0,0.0,0,0.0,0.0,53282.15,53667.55,52783.45,53710.35,0,0.0,0.0,0.0,0.0,-0.01,-1,-1,-0.01,-1,-1,-0.01,-1,-1,-0.01,-1,-1,-0.01,-1,-1,-0.01,-1,-1,-0.01,-1,-1,-0.01,-1,-1,-0.01,-1,-1,-0.01,-1,-1
99926009,2026-05-18 15:28:31+05:30,53521.05,0,0.0,0,0.0,0.0,53282.15,53667.55,52783.45,53710.35,0,0.0,0.0,0.0,0.0,-0.01,-1,-1,-0.01,-1,-1,-0.01,-1,-1,-0.01,-1,-1,-0.01,-1,-1,-0.01,-1,-1,-0.01,-1,-1,-0.01,-1,-1,-0.01,-1,-1,-0.01,-1,-1
99926009,2026-05-18 15:28:31+05:30,53519.25,0,0.0,0,0.0,0.0,53282.15,53667.55,52783.45,53710.35,0,0.0,0.0,0.0,0.0,-0.01,-1,-1,-0.01,-1,-1,-0.01,-1,-1,-0.01,-1,-1,-0.01,-1,-1,-0.01,-1,-1,-0.01,-1,-1,-0.01,-1,-1,-0.01,-1,-1,-0.01,-1,-1
99926009,2026-05-18 15:28:32+05:30,53519.25,0,0.0,0,0.0,0.0,53282.15,53667.55,52783.45,53710.35,0,0.0,0.0,0.0,0.0,-0.01,-1,-1,-0.01,-1,-1,-0.01,-1,-1,-0.01,-1,-1,-0.01,-1,-1,-0.01,-1,-1,-0.01,-1,-1,-0.01,-1,-1,-0.01,-1,-1,-0.01,-1,-1
99926009,2026-05-18 15:28:32+05:30,53517.95,0,0.0,0,0.0,0.0,53282.15,53667.55,52783.45,53710.35,0,0.0,0.0,0.0,0.0,-0.01,-1,-1,-0.01,-1,-1,-0.01,-1,-1,-0.01,-1,-1,-0.01,-1,-1,-0.01,-1,-1,-0.01,-1,-1,-0.01,-1,-1,-0.01,-1,-1,-0.01,-1,-1
99926009,2026-05-18 15:28:32+05:30,53517.6,0,0.0,0,0.0,0.0,53282.15,53667.55,52783.45,53710.35,0,0.0,0.0,0.0,0.0,-0.01,-1,-1,-0.01,-1,-1,-0.01,-1,-1,-0.01,-1,-1,-0.01,-1,-1,-0.01,-1,-1,-0.01,-1,-1,-0.01,-1,-1,-0.01,-1,-1,-0.01,-1,-1
99926009,2026-05-18 15:28:33+05:30,53517.6,0,0.0,0,0.0,0.0,53282.15,53667.55,52783.45,53710.35,0,0.0,0.0,0.0,0.0,-0.01,-1,-1,-0.01,-1,-1,-0.01,-1,-1,-0.01,-1,-1,-0.01,-1,-1,-0.01,-1,-1,-0.01,-1,-1,-0.01,-1,-1,-0.01,-1,-1,-0.01,-1,-1
99926009,2026-05-18 15:28:33+05:30,53518.15,0,0.0,0,0.0,0.0,53282.15,53667.55,52783.45,53710.35,0,0.0,0.0,0.0,0.0,-0.01,-1,-1,-0.01,-1,-1,-0.01,-1,-1,-0.01,-1,-1,-0.01,-1,-1,-0.01,-1,-1,-0.01,-1,-1,-0.01,-1,-1,-0.01,-1,-1,-0.01,-1,-1
99926009,2026-05-18 15:28:33+05:30,53519.9,0,0.0,0,0.0,0.0,53282.15,53667.55,52783.45,53710.35,0,0.0,0.0,0.0,0.0,-0.01,-1,-1,-0.01,-1,-1,-0.01,-1,-1,-0.01,-1,-1,-0.01,-1,-1,-0.01,-1,-1,-0.01,-1,-1,-0.01,-1,-1,-0.01,-1,-1,-0.01,-1,-1
99926009,2026-05-18 15:28:34+05:30,53519.9,0,0.0,0,0.0,0.0,53282.15,53667.55,52783.45,53710.35,0,0.0,0.0,0.0,0.0,-0.01,-1,-1,-0.01,-1,-1,-0.01,-1,-1,-0.01,-1,-1,-0.01,-1,-1,-0.01,-1,-1,-0.01,-1,-1,-0.01,-1,-1,-0.01,-1,-1,-0.01,-1,-1
99926009,2026-05-18 15:28:34+05:30,53520.15,0,0.0,0,0.0,0.0,53282.15,53667.55,52783.45,53710.35,0,0.0,0.0,0.0,0.0,-0.01,-1,-1,-0.01,-1,-1,-0.01,-1,-1,-0.01,-1,-1,-0.01,-1,-1,-0.01,-1,-1,-0.01,-1,-1,-0.01,-1,-1,-0.01,-1,-1,-0.01,-1,-1
99926009,2026-05-18 15:28:34+05:30,53521.5,0,0.0,0,0.0,0.0,53282.15,53667.55,52783.45,53710.35,0,0.0,0.0,0.0,0.0,-0.01,-1,-1,-0.01,-1,-1,-0.01,-1,-1,-0.01,-1,-1,-0.01,-1,-1,-0.01,-1,-1,-0.01,-1,-1,-0.01,-1,-1,-0.01,-1,-1,-0.01,-1,-1
99926009,2026-05-18 15:28:35+05:30,53521.5,0,0.0,0,0.0,0.0,53282.15,53667.55,52783.45,53710.35,0,0.0,0.0,0.0,0.0,-0.01,-1,-1,-0.01,-1,-1,-0.01,-1,-1,-0.01,-1,-1,-0.01,-1,-1,-0.01,-1,-1,-0.01,-1,-1,-0.01,-1,-1,-0.01,-1,-1,-0.01,-1,-1
99926009,2026-05-18 15:28:35+05:30,53519.45,0,0.0,0,0.0,0.0,53282.15,53667.55,52783.45,53710.35,0,0.0,0.0,0.0,0.0,-0.01,-1,-1,-0.01,-1,-1,-0.01,-1,-1,-0.01,-1,-1,-0.01,-1,-1,-0.01,-1,-1,-0.01,-1,-1,-0.01,-1,-1,-0.01,-1,-1,-0.01,-1,-1
99926009,2026-05-18 15:28:35+05:30,53521.75,0,0.0,0,0.0,0.0,53282.15,53667.55,52783.45,53710.35,0,0.0,0.0,0.0,0.0,-0.01,-1,-1,-0.01,-1,-1,-0.01,-1,-1,-0.01,-1,-1,-0.01,-1,-1,-0.01,-1,-1,-0.01,-1,-1,-0.01,-1,-1,-0.01,-1,-1,-0.01,-1,-1
99926009,2026-05-18 15:28:36+05:30,53521.75,0,0.0,0,0.0,0.0,53282.15,53667.55,52783.45,53710.35,0,0.0,0.0,0.0,0.0,-0.01,-1,-1,-0.01,-1,-1,-0.01,-1,-1,-0.01,-1,-1,-0.01,-1,-1,-0.01,-1,-1,-0.01,-1,-1,-0.01,-1,-1,-0.01,-1,-1,-0.01,-1,-1
99926009,2026-05-18 15:28:36+05:30,53526.15,0,0.0,0,0.0,0.0,53282.15,53667.55,52783.45,53710.35,0,0.0,0.0,0.0,0.0,-0.01,-1,-1,-0.01,-1,-1,-0.01,-1,-1,-0.01,-1,-1,-0.01,-1,-1,-0.01,-1,-1,-0.01,-1,-1,-0.01,-1,-1,-0.01,-1,-1,-0.01,-1,-1
99926009,2026-05-18 15:28:36+05:30,53526.45,0,0.0,0,0.0,0.0,53282.15,53667.55,52783.45,53710.35,0,0.0,0.0,0.0,0.0,-0.01,-1,-1,-0.01,-1,-1,-0.01,-1,-1,-0.01,-1,-1,-0.01,-1,-1,-0.01,-1,-1,-0.01,-1,-1,-0.01,-1,-1,-0.01,-1,-1,-0.01,-1,-1
99926009,2026-05-18 15:28:37+05:30,53526.45,0,0.0,0,0.0,0.0,53282.15,53667.55,52783.45,53710.35,0,0.0,0.0,0.0,0.0,-0.01,-1,-1,-0.01,-1,-1,-0.01,-1,-1,-0.01,-1,-1,-0.01,-1,-1,-0.01,-1,-1,-0.01,-1,-1,-0.01,-1,-1,-0.01,-1,-1,-0.01,-1,-1
99926009,2026-05-18 15:28:37+05:30,53520.85,0,0.0,0,0.0,0.0,53282.15,53667.55,52783.45,53710.35,0,0.0,0.0,0.0,0.0,-0.01,-1,-1,-0.01,-1,-1,-0.01,-1,-1,-0.01,-1,-1,-0.01,-1,-1,-0.01,-1,-1,-0.01,-1,-1,-0.01,-1,-1,-0.01,-1,-1,-0.01,-1,-1
99926009,2026-05-18 15:28:37+05:30,53514.3,0,0.0,0,0.0,0.0,53282.15,53667.55,52783.45,53710.35,0,0.0,0.0,0.0,0.0,-0.01,-1,-1,-0.01,-1,-1,-0.01,-1,-1,-0.01,-1,-1,-0.01,-1,-1,-0.01,-1,-1,-0.01,-1,-1,-0.01,-1,-1,-0.01,-1,-1,-0.01,-1,-1
99926009,2026-05-18 15:28:38+05:30,53514.3,0,0.0,0,0.0,0.0,53282.15,53667.55,52783.45,53710.35,0,0.0,0.0,0.0,0.0,-0.01,-1,-1,-0.01,-1,-1,-0.01,-1,-1,-0.01,-1,-1,-0.01,-1,-1,-0.01,-1,-1,-0.01,-1,-1,-0.01,-1,-1,-0.01,-1,-1,-0.01,-1,-1
99926009,2026-05-18 15:28:38+05:30,53512.45,0,0.0,0,0.0,0.0,53282.15,53667.55,52783.45,53710.35,0,0.0,0.0,0.0,0.0,-0.01,-1,-1,-0.01,-1,-1,-0.01,-1,-1,-0.01,-1,-1,-0.01,-1,-1,-0.01,-1,-1,-0.01,-1,-1,-0.01,-1,-1,-0.01,-1,-1,-0.01,-1,-1
99926009,2026-05-18 15:28:38+05:30,53513.45,0,0.0,0,0.0,0.0,53282.15,53667.55,52783.45,53710.35,0,0.0,0.0,0.0,0.0,-0.01,-1,-1,-0.01,-1,-1,-0.01,-1,-1,-0.01,-1,-1,-0.01,-1,-1,-0.01,-1,-1,-0.01,-1,-1,-0.01,-1,-1,-0.01,-1,-1,-0.01,-1,-1
99926009,2026-05-18 15:28:39+05:30,53513.45,0,0.0,0,0.0,0.0,53282.15,53667.55,52783.45,53710.35,0,0.0,0.0,0.0,0.0,-0.01,-1,-1,-0.01,-1,-1,-0.01,-1,-1,-0.01,-1,-1,-0.01,-1,-1,-0.01,-1,-1,-0.01,-1,-1,-0.01,-1,-1,-0.01,-1,-1,-0.01,-1,-1
99926009,2026-05-18 15:28:39+05:30,53521.5,0,0.0,0,0.0,0.0,53282.15,53667.55,52783.45,53710.35,0,0.0,0.0,0.0,0.0,-0.01,-1,-1,-0.01,-1,-1,-0.01,-1,-1,-0.01,-1,-1,-0.01,-1,-1,-0.01,-1,-1,-0.01,-1,-1,-0.01,-1,-1,-0.01,-1,-1,-0.01,-1,-1
99926009,2026-05-18 15:28:39+05:30,53522.1,0,0.0,0,0.0,0.0,53282.15,53667.55,52783.45,53710.35,0,0.0,0.0,0.0,0.0,-0.01,-1,-1,-0.01,-1,-1,-0.01,-1,-1,-0.01,-1,-1,-0.01,-1,-1,-0.01,-1,-1,-0.01,-1,-1,-0.01,-1,-1,-0.01,-1,-1,-0.01,-1,-1
99926009,2026-05-18 15:28:40+05:30,53522.1,0,0.0,0,0.0,0.0,53282.15,53667.55,52783.45,53710.35,0,0.0,0.0,0.0,0.0,-0.01,-1,-1,-0.01,-1,-1,-0.01,-1,-1,-0.01,-1,-1,-0.01,-1,-1,-0.01,-1,-1,-0.01,-1,-1,-0.01,-1,-1,-0.01,-1,-1,-0.01,-1,-1
99926009,2026-05-18 15:28:40+05:30,53526.6,0,0.0,0,0.0,0.0,53282.15,53667.55,52783.45,53710.35,0,0.0,0.0,0.0,0.0,-0.01,-1,-1,-0.01,-1,-1,-0.01,-1,-1,-0.01,-1,-1,-0.01,-1,-1,-0.01,-1,-1,-0.01,-1,-1,-0.01,-1,-1,-0.01,-1,-1,-0.01,-1,-1
99926009,2026-05-18 15:28:40+05:30,53525.6,0,0.0,0,0.0,0.0,53282.15,53667.55,52783.45,53710.35,0,0.0,0.0,0.0,0.0,-0.01,-1,-1,-0.01,-1,-1,-0.01,-1,-1,-0.01,-1,-1,-0.01,-1,-1,-0.01,-1,-1,-0.01,-1,-1,-0.01,-1,-1,-0.01,-1,-1,-0.01,-1,-1
99926009,2026-05-18 15:28:41+05:30,53525.6,0,0.0,0,0.0,0.0,53282.15,53667.55,52783.45,53710.35,0,0.0,0.0,0.0,0.0,-0.01,-1,-1,-0.01,-1,-1,-0.01,-1,-1,-0.01,-1,-1,-0.01,-1,-1,-0.01,-1,-1,-0.01,-1,-1,-0.01,-1,-1,-0.01,-1,-1,-0.01,-1,-1
99926009,2026-05-18 15:28:41+05:30,53523.75,0,0.0,0,0.0,0.0,53282.15,53667.55,52783.45,53710.35,0,0.0,0.0,0.0,0.0,-0.01,-1,-1,-0.01,-1,-1,-0.01,-1,-1,-0.01,-1,-1,-0.01,-1,-1,-0.01,-1,-1,-0.01,-1,-1,-0.01,-1,-1,-0.01,-1,-1,-0.01,-1,-1
99926009,2026-05-18 15:28:41+05:30,53523.75,0,0.0,0,0.0,0.0,53282.15,53667.55,52783.45,53710.35,0,0.0,0.0,0.0,0.0,-0.01,-1,-1,-0.01,-1,-1,-0.01,-1,-1,-0.01,-1,-1,-0.01,-1,-1,-0.01,-1,-1,-0.01,-1,-1,-0.01,-1,-1,-0.01,-1,-1,-0.01,-1,-1
99926009,2026-05-18 15:28:42+05:30,53523.75,0,0.0,0,0.0,0.0,53282.15,53667.55,52783.45,53710.35,0,0.0,0.0,0.0,0.0,-0.01,-1,-1,-0.01,-1,-1,-0.01,-1,-1,-0.01,-1,-1,-0.01,-1,-1,-0.01,-1,-1,-0.01,-1,-1,-0.01,-1,-1,-0.01,-1,-1,-0.01,-1,-1
99926009,2026-05-18 15:28:42+05:30,53523.85,0,0.0,0,0.0,0.0,53282.15,53667.55,52783.45,53710.35,0,0.0,0.0,0.0,0.0,-0.01,-1,-1,-0.01,-1,-1,-0.01,-1,-1,-0.01,-1,-1,-0.01,-1,-1,-0.01,-1,-1,-0.01,-1,-1,-0.01,-1,-1,-0.01,-1,-1,-0.01,-1,-1
99926009,2026-05-18 15:28:42+05:30,53522.05,0,0.0,0,0.0,0.0,53282.15,53667.55,52783.45,53710.35,0,0.0,0.0,0.0,0.0,-0.01,-1,-1,-0.01,-1,-1,-0.01,-1,-1,-0.01,-1,-1,-0.01,-1,-1,-0.01,-1,-1,-0.01,-1,-1,-0.01,-1,-1,-0.01,-1,-1,-0.01,-1,-1
99926009,2026-05-18 15:28:43+05:30,53522.05,0,0.0,0,0.0,0.0,53282.15,53667.55,52783.45,53710.35,0,0.0,0.0,0.0,0.0,-0.01,-1,-1,-0.01,-1,-1,-0.01,-1,-1,-0.01,-1,-1,-0.01,-1,-1,-0.01,-1,-1,-0.01,-1,-1,-0.01,-1,-1,-0.01,-1,-1,-0.01,-1,-1
99926009,2026-05-18 15:28:43+05:30,53520.7,0,0.0,0,0.0,0.0,53282.15,53667.55,52783.45,53710.35,0,0.0,0.0,0.0,0.0,-0.01,-1,-1,-0.01,-1,-1,-0.01,-1,-1,-0.01,-1,-1,-0.01,-1,-1,-0.01,-1,-1,-0.01,-1,-1,-0.01,-1,-1,-0.01,-1,-1,-0.01,-1,-1
99926009,2026-05-18 15:28:43+05:30,53520.7,0,0.0,0,0.0,0.0,53282.15,53667.55,52783.45,53710.35,0,0.0,0.0,0.0,0.0,-0.01,-1,-1,-0.01,-1,-1,-0.01,-1,-1,-0.01,-1,-1,-0.01,-1,-1,-0.01,-1,-1,-0.01,-1,-1,-0.01,-1,-1,-0.01,-1,-1,-0.01,-1,-1
99926009,2026-05-18 15:28:44+05:30,53520.7,0,0.0,0,0.0,0.0,53282.15,53667.55,52783.45,53710.35,0,0.0,0.0,0.0,0.0,-0.01,-1,-1,-0.01,-1,-1,-0.01,-1,-1,-0.01,-1,-1,-0.01,-1,-1,-0.01,-1,-1,-0.01,-1,-1,-0.01,-1,-1,-0.01,-1,-1,-0.01,-1,-1
99926009,2026-05-18 15:28:44+05:30,53520.2,0,0.0,0,0.0,0.0,53282.15,53667.55,52783.45,53710.35,0,0.0,0.0,0.0,0.0,-0.01,-1,-1,-0.01,-1,-1,-0.01,-1,-1,-0.01,-1,-1,-0.01,-1,-1,-0.01,-1,-1,-0.01,-1,-1,-0.01,-1,-1,-0.01,-1,-1,-0.01,-1,-1
99926009,2026-05-18 15:28:44+05:30,53519.35,0,0.0,0,0.0,0.0,53282.15,53667.55,52783.45,53710.35,0,0.0,0.0,0.0,0.0,-0.01,-1,-1,-0.01,-1,-1,-0.01,-1,-1,-0.01,-1,-1,-0.01,-1,-1,-0.01,-1,-1,-0.01,-1,-1,-0.01,-1,-1,-0.01,-1,-1,-0.01,-1,-1
99926009,2026-05-18 15:28:45+05:30,53519.35,0,0.0,0,0.0,0.0,53282.15,53667.55,52783.45,53710.35,0,0.0,0.0,0.0,0.0,-0.01,-1,-1,-0.01,-1,-1,-0.01,-1,-1,-0.01,-1,-1,-0.01,-1,-1,-0.01,-1,-1,-0.01,-1,-1,-0.01,-1,-1,-0.01,-1,-1,-0.01,-1,-1
99926009,2026-05-18 15:28:45+05:30,53518.2,0,0.0,0,0.0,0.0,53282.15,53667.55,52783.45,53710.35,0,0.0,0.0,0.0,0.0,-0.01,-1,-1,-0.01,-1,-1,-0.01,-1,-1,-0.01,-1,-1,-0.01,-1,-1,-0.01,-1,-1,-0.01,-1,-1,-0.01,-1,-1,-0.01,-1,-1,-0.01,-1,-1
99926009,2026-05-18 15:28:45+05:30,53519.3,0,0.0,0,0.0,0.0,53282.15,53667.55,52783.45,53710.35,0,0.0,0.0,0.0,0.0,-0.01,-1,-1,-0.01,-1,-1,-0.01,-1,-1,-0.01,-1,-1,-0.01,-1,-1,-0.01,-1,-1,-0.01,-1,-1,-0.01,-1,-1,-0.01,-1,-1,-0.01,-1,-1
99926009,2026-05-18 15:28:46+05:30,53519.3,0,0.0,0,0.0,0.0,53282.15,53667.55,52783.45,53710.35,0,0.0,0.0,0.0,0.0,-0.01,-1,-1,-0.01,-1,-1,-0.01,-1,-1,-0.01,-1,-1,-0.01,-1,-1,-0.01,-1,-1,-0.01,-1,-1,-0.01,-1,-1,-0.01,-1,-1,-0.01,-1,-1
99926009,2026-05-18 15:28:46+05:30,53522.15,0,0.0,0,0.0,0.0,53282.15,53667.55,52783.45,53710.35,0,0.0,0.0,0.0,0.0,-0.01,-1,-1,-0.01,-1,-1,-0.01,-1,-1,-0.01,-1,-1,-0.01,-1,-1,-0.01,-1,-1,-0.01,-1,-1,-0.01,-1,-1,-0.01,-1,-1,-0.01,-1,-1
99926009,2026-05-18 15:28:46+05:30,53523.9,0,0.0,0,0.0,0.0,53282.15,53667.55,52783.45,53710.35,0,0.0,0.0,0.0,0.0,-0.01,-1,-1,-0.01,-1,-1,-0.01,-1,-1,-0.01,-1,-1,-0.01,-1,-1,-0.01,-1,-1,-0.01,-1,-1,-0.01,-1,-1,-0.01,-1,-1,-0.01,-1,-1
99926009,2026-05-18 15:28:47+05:30,53523.9,0,0.0,0,0.0,0.0,53282.15,53667.55,52783.45,53710.35,0,0.0,0.0,0.0,0.0,-0.01,-1,-1,-0.01,-1,-1,-0.01,-1,-1,-0.01,-1,-1,-0.01,-1,-1,-0.01,-1,-1,-0.01,-1,-1,-0.01,-1,-1,-0.01,-1,-1,-0.01,-1,-1
99926009,2026-05-18 15:28:47+05:30,53522.1,0,0.0,0,0.0,0.0,53282.15,53667.55,52783.45,53710.35,0,0.0,0.0,0.0,0.0,-0.01,-1,-1,-0.01,-1,-1,-0.01,-1,-1,-0.01,-1,-1,-0.01,-1,-1,-0.01,-1,-1,-0.01,-1,-1,-0.01,-1,-1,-0.01,-1,-1,-0.01,-1,-1
99926009,2026-05-18 15:28:47+05:30,53522.4,0,0.0,0,0.0,0.0,53282.15,53667.55,52783.45,53710.35,0,0.0,0.0,0.0,0.0,-0.01,-1,-1,-0.01,-1,-1,-0.01,-1,-1,-0.01,-1,-1,-0.01,-1,-1,-0.01,-1,-1,-0.01,-1,-1,-0.01,-1,-1,-0.01,-1,-1,-0.01,-1,-1
99926009,2026-05-18 15:28:48+05:30,53522.4,0,0.0,0,0.0,0.0,53282.15,53667.55,52783.45,53710.35,0,0.0,0.0,0.0,0.0,-0.01,-1,-1,-0.01,-1,-1,-0.01,-1,-1,-0.01,-1,-1,-0.01,-1,-1,-0.01,-1,-1,-0.01,-1,-1,-0.01,-1,-1,-0.01,-1,-1,-0.01,-1,-1
99926009,2026-05-18 15:28:48+05:30,53521.5,0,0.0,0,0.0,0.0,53282.15,53667.55,52783.45,53710.35,0,0.0,0.0,0.0,0.0,-0.01,-1,-1,-0.01,-1,-1,-0.01,-1,-1,-0.01,-1,-1,-0.01,-1,-1,-0.01,-1,-1,-0.01,-1,-1,-0.01,-1,-1,-0.01,-1,-1,-0.01,-1,-1
99926009,2026-05-18 15:28:48+05:30,53522.4,0,0.0,0,0.0,0.0,53282.15,53667.55,52783.45,53710.35,0,0.0,0.0,0.0,0.0,-0.01,-1,-1,-0.01,-1,-1,-0.01,-1,-1,-0.01,-1,-1,-0.01,-1,-1,-0.01,-1,-1,-0.01,-1,-1,-0.01,-1,-1,-0.01,-1,-1,-0.01,-1,-1
99926009,2026-05-18 15:28:49+05:30,53522.4,0,0.0,0,0.0,0.0,53282.15,53667.55,52783.45,53710.35,0,0.0,0.0,0.0,0.0,-0.01,-1,-1,-0.01,-1,-1,-0.01,-1,-1,-0.01,-1,-1,-0.01,-1,-1,-0.01,-1,-1,-0.01,-1,-1,-0.01,-1,-1,-0.01,-1,-1,-0.01,-1,-1
99926009,2026-05-18 15:28:49+05:30,53523.0,0,0.0,0,0.0,0.0,53282.15,53667.55,52783.45,53710.35,0,0.0,0.0,0.0,0.0,-0.01,-1,-1,-0.01,-1,-1,-0.01,-1,-1,-0.01,-1,-1,-0.01,-1,-1,-0.01,-1,-1,-0.01,-1,-1,-0.01,-1,-1,-0.01,-1,-1,-0.01,-1,-1
99926009,2026-05-18 15:28:49+05:30,53522.2,0,0.0,0,0.0,0.0,53282.15,53667.55,52783.45,53710.35,0,0.0,0.0,0.0,0.0,-0.01,-1,-1,-0.01,-1,-1,-0.01,-1,-1,-0.01,-1,-1,-0.01,-1,-1,-0.01,-1,-1,-0.01,-1,-1,-0.01,-1,-1,-0.01,-1,-1,-0.01,-1,-1
99926009,2026-05-18 15:28:50+05:30,53522.2,0,0.0,0,0.0,0.0,53282.15,53667.55,52783.45,53710.35,0,0.0,0.0,0.0,0.0,-0.01,-1,-1,-0.01,-1,-1,-0.01,-1,-1,-0.01,-1,-1,-0.01,-1,-1,-0.01,-1,-1,-0.01,-1,-1,-0.01,-1,-1,-0.01,-1,-1,-0.01,-1,-1
99926009,2026-05-18 15:28:50+05:30,53520.8,0,0.0,0,0.0,0.0,53282.15,53667.55,52783.45,53710.35,0,0.0,0.0,0.0,0.0,-0.01,-1,-1,-0.01,-1,-1,-0.01,-1,-1,-0.01,-1,-1,-0.01,-1,-1,-0.01,-1,-1,-0.01,-1,-1,-0.01,-1,-1,-0.01,-1,-1,-0.01,-1,-1
99926009,2026-05-18 15:28:50+05:30,53520.1,0,0.0,0,0.0,0.0,53282.15,53667.55,52783.45,53710.35,0,0.0,0.0,0.0,0.0,-0.01,-1,-1,-0.01,-1,-1,-0.01,-1,-1,-0.01,-1,-1,-0.01,-1,-1,-0.01,-1,-1,-0.01,-1,-1,-0.01,-1,-1,-0.01,-1,-1,-0.01,-1,-1
99926009,2026-05-18 15:28:51+05:30,53520.1,0,0.0,0,0.0,0.0,53282.15,53667.55,52783.45,53710.35,0,0.0,0.0,0.0,0.0,-0.01,-1,-1,-0.01,-1,-1,-0.01,-1,-1,-0.01,-1,-1,-0.01,-1,-1,-0.01,-1,-1,-0.01,-1,-1,-0.01,-1,-1,-0.01,-1,-1,-0.01,-1,-1
99926009,2026-05-18 15:28:51+05:30,53523.45,0,0.0,0,0.0,0.0,53282.15,53667.55,52783.45,53710.35,0,0.0,0.0,0.0,0.0,-0.01,-1,-1,-0.01,-1,-1,-0.01,-1,-1,-0.01,-1,-1,-0.01,-1,-1,-0.01,-1,-1,-0.01,-1,-1,-0.01,-1,-1,-0.01,-1,-1,-0.01,-1,-1
99926009,2026-05-18 15:28:51+05:30,53518.35,0,0.0,0,0.0,0.0,53282.15,53667.55,52783.45,53710.35,0,0.0,0.0,0.0,0.0,-0.01,-1,-1,-0.01,-1,-1,-0.01,-1,-1,-0.01,-1,-1,-0.01,-1,-1,-0.01,-1,-1,-0.01,-1,-1,-0.01,-1,-1,-0.01,-1,-1,-0.01,-1,-1
99926009,2026-05-18 15:28:52+05:30,53518.35,0,0.0,0,0.0,0.0,53282.15,53667.55,52783.45,53710.35,0,0.0,0.0,0.0,0.0,-0.01,-1,-1,-0.01,-1,-1,-0.01,-1,-1,-0.01,-1,-1,-0.01,-1,-1,-0.01,-1,-1,-0.01,-1,-1,-0.01,-1,-1,-0.01,-1,-1,-0.01,-1,-1
99926009,2026-05-18 15:28:52+05:30,53519.7,0,0.0,0,0.0,0.0,53282.15,53667.55,52783.45,53710.35,0,0.0,0.0,0.0,0.0,-0.01,-1,-1,-0.01,-1,-1,-0.01,-1,-1,-0.01,-1,-1,-0.01,-1,-1,-0.01,-1,-1,-0.01,-1,-1,-0.01,-1,-1,-0.01,-1,-1,-0.01,-1,-1
99926009,2026-05-18 15:28:52+05:30,53521.75,0,0.0,0,0.0,0.0,53282.15,53667.55,52783.45,53710.35,0,0.0,0.0,0.0,0.0,-0.01,-1,-1,-0.01,-1,-1,-0.01,-1,-1,-0.01,-1,-1,-0.01,-1,-1,-0.01,-1,-1,-0.01,-1,-1,-0.01,-1,-1,-0.01,-1,-1,-0.01,-1,-1
99926009,2026-05-18 15:28:53+05:30,53521.75,0,0.0,0,0.0,0.0,53282.15,53667.55,52783.45,53710.35,0,0.0,0.0,0.0,0.0,-0.01,-1,-1,-0.01,-1,-1,-0.01,-1,-1,-0.01,-1,-1,-0.01,-1,-1,-0.01,-1,-1,-0.01,-1,-1,-0.01,-1,-1,-0.01,-1,-1,-0.01,-1,-1
99926009,2026-05-18 15:28:53+05:30,53523.05,0,0.0,0,0.0,0.0,53282.15,53667.55,52783.45,53710.35,0,0.0,0.0,0.0,0.0,-0.01,-1,-1,-0.01,-1,-1,-0.01,-1,-1,-0.01,-1,-1,-0.01,-1,-1,-0.01,-1,-1,-0.01,-1,-1,-0.01,-1,-1,-0.01,-1,-1,-0.01,-1,-1
99926009,2026-05-18 15:28:53+05:30,53521.05,0,0.0,0,0.0,0.0,53282.15,53667.55,52783.45,53710.35,0,0.0,0.0,0.0,0.0,-0.01,-1,-1,-0.01,-1,-1,-0.01,-1,-1,-0.01,-1,-1,-0.01,-1,-1,-0.01,-1,-1,-0.01,-1,-1,-0.01,-1,-1,-0.01,-1,-1,-0.01,-1,-1
99926009,2026-05-18 15:28:54+05:30,53521.05,0,0.0,0,0.0,0.0,53282.15,53667.55,52783.45,53710.35,0,0.0,0.0,0.0,0.0,-0.01,-1,-1,-0.01,-1,-1,-0.01,-1,-1,-0.01,-1,-1,-0.01,-1,-1,-0.01,-1,-1,-0.01,-1,-1,-0.01,-1,-1,-0.01,-1,-1,-0.01,-1,-1
99926009,2026-05-18 15:28:54+05:30,53522.4,0,0.0,0,0.0,0.0,53282.15,53667.55,52783.45,53710.35,0,0.0,0.0,0.0,0.0,-0.01,-1,-1,-0.01,-1,-1,-0.01,-1,-1,-0.01,-1,-1,-0.01,-1,-1,-0.01,-1,-1,-0.01,-1,-1,-0.01,-1,-1,-0.01,-1,-1,-0.01,-1,-1
99926009,2026-05-18 15:28:54+05:30,53523.45,0,0.0,0,0.0,0.0,53282.15,53667.55,52783.45,53710.35,0,0.0,0.0,0.0,0.0,-0.01,-1,-1,-0.01,-1,-1,-0.01,-1,-1,-0.01,-1,-1,-0.01,-1,-1,-0.01,-1,-1,-0.01,-1,-1,-0.01,-1,-1,-0.01,-1,-1,-0.01,-1,-1
99926009,2026-05-18 15:28:55+05:30,53523.45,0,0.0,0,0.0,0.0,53282.15,53667.55,52783.45,53710.35,0,0.0,0.0,0.0,0.0,-0.01,-1,-1,-0.01,-1,-1,-0.01,-1,-1,-0.01,-1,-1,-0.01,-1,-1,-0.01,-1,-1,-0.01,-1,-1,-0.01,-1,-1,-0.01,-1,-1,-0.01,-1,-1
99926009,2026-05-18 15:28:55+05:30,53525.35,0,0.0,0,0.0,0.0,53282.15,53667.55,52783.45,53710.35,0,0.0,0.0,0.0,0.0,-0.01,-1,-1,-0.01,-1,-1,-0.01,-1,-1,-0.01,-1,-1,-0.01,-1,-1,-0.01,-1,-1,-0.01,-1,-1,-0.01,-1,-1,-0.01,-1,-1,-0.01,-1,-1
99926009,2026-05-18 15:28:55+05:30,53525.3,0,0.0,0,0.0,0.0,53282.15,53667.55,52783.45,53710.35,0,0.0,0.0,0.0,0.0,-0.01,-1,-1,-0.01,-1,-1,-0.01,-1,-1,-0.01,-1,-1,-0.01,-1,-1,-0.01,-1,-1,-0.01,-1,-1,-0.01,-1,-1,-0.01,-1,-1,-0.01,-1,-1
99926009,2026-05-18 15:28:56+05:30,53525.3,0,0.0,0,0.0,0.0,53282.15,53667.55,52783.45,53710.35,0,0.0,0.0,0.0,0.0,-0.01,-1,-1,-0.01,-1,-1,-0.01,-1,-1,-0.01,-1,-1,-0.01,-1,-1,-0.01,-1,-1,-0.01,-1,-1,-0.01,-1,-1,-0.01,-1,-1,-0.01,-1,-1
99926009,2026-05-18 15:28:56+05:30,53523.0,0,0.0,0,0.0,0.0,53282.15,53667.55,52783.45,53710.35,0,0.0,0.0,0.0,0.0,-0.01,-1,-1,-0.01,-1,-1,-0.01,-1,-1,-0.01,-1,-1,-0.01,-1,-1,-0.01,-1,-1,-0.01,-1,-1,-0.01,-1,-1,-0.01,-1,-1,-0.01,-1,-1
99926009,2026-05-18 15:28:56+05:30,53521.55,0,0.0,0,0.0,0.0,53282.15,53667.55,52783.45,53710.35,0,0.0,0.0,0.0,0.0,-0.01,-1,-1,-0.01,-1,-1,-0.01,-1,-1,-0.01,-1,-1,-0.01,-1,-1,-0.01,-1,-1,-0.01,-1,-1,-0.01,-1,-1,-0.01,-1,-1,-0.01,-1,-1
99926009,2026-05-18 15:28:57+05:30,53521.55,0,0.0,0,0.0,0.0,53282.15,53667.55,52783.45,53710.35,0,0.0,0.0,0.0,0.0,-0.01,-1,-1,-0.01,-1,-1,-0.01,-1,-1,-0.01,-1,-1,-0.01,-1,-1,-0.01,-1,-1,-0.01,-1,-1,-0.01,-1,-1,-0.01,-1,-1,-0.01,-1,-1
99926009,2026-05-18 15:28:57+05:30,53522.75,0,0.0,0,0.0,0.0,53282.15,53667.55,52783.45,53710.35,0,0.0,0.0,0.0,0.0,-0.01,-1,-1,-0.01,-1,-1,-0.01,-1,-1,-0.01,-1,-1,-0.01,-1,-1,-0.01,-1,-1,-0.01,-1,-1,-0.01,-1,-1,-0.01,-1,-1,-0.01,-1,-1
99926009,2026-05-18 15:28:57+05:30,53524.95,0,0.0,0,0.0,0.0,53282.15,53667.55,52783.45,53710.35,0,0.0,0.0,0.0,0.0,-0.01,-1,-1,-0.01,-1,-1,-0.01,-1,-1,-0.01,-1,-1,-0.01,-1,-1,-0.01,-1,-1,-0.01,-1,-1,-0.01,-1,-1,-0.01,-1,-1,-0.01,-1,-1
99926009,2026-05-18 15:28:58+05:30,53524.95,0,0.0,0,0.0,0.0,53282.15,53667.55,52783.45,53710.35,0,0.0,0.0,0.0,0.0,-0.01,-1,-1,-0.01,-1,-1,-0.01,-1,-1,-0.01,-1,-1,-0.01,-1,-1,-0.01,-1,-1,-0.01,-1,-1,-0.01,-1,-1,-0.01,-1,-1,-0.01,-1,-1
99926009,2026-05-18 15:28:58+05:30,53525.45,0,0.0,0,0.0,0.0,53282.15,53667.55,52783.45,53710.35,0,0.0,0.0,0.0,0.0,-0.01,-1,-1,-0.01,-1,-1,-0.01,-1,-1,-0.01,-1,-1,-0.01,-1,-1,-0.01,-1,-1,-0.01,-1,-1,-0.01,-1,-1,-0.01,-1,-1,-0.01,-1,-1
99926009,2026-05-18 15:28:58+05:30,53529.0,0,0.0,0,0.0,0.0,53282.15,53667.55,52783.45,53710.35,0,0.0,0.0,0.0,0.0,-0.01,-1,-1,-0.01,-1,-1,-0.01,-1,-1,-0.01,-1,-1,-0.01,-1,-1,-0.01,-1,-1,-0.01,-1,-1,-0.01,-1,-1,-0.01,-1,-1,-0.01,-1,-1
99926009,2026-05-18 15:28:59+05:30,53529.0,0,0.0,0,0.0,0.0,53282.15,53667.55,52783.45,53710.35,0,0.0,0.0,0.0,0.0,-0.01,-1,-1,-0.01,-1,-1,-0.01,-1,-1,-0.01,-1,-1,-0.01,-1,-1,-0.01,-1,-1,-0.01,-1,-1,-0.01,-1,-1,-0.01,-1,-1,-0.01,-1,-1
99926009,2026-05-18 15:28:59+05:30,53526.85,0,0.0,0,0.0,0.0,53282.15,53667.55,52783.45,53710.35,0,0.0,0.0,0.0,0.0,-0.01,-1,-1,-0.01,-1,-1,-0.01,-1,-1,-0.01,-1,-1,-0.01,-1,-1,-0.01,-1,-1,-0.01,-1,-1,-0.01,-1,-1,-0.01,-1,-1,-0.01,-1,-1
99926009,2026-05-18 15:28:59+05:30,53523.1,0,0.0,0,0.0,0.0,53282.15,53667.55,52783.45,53710.35,0,0.0,0.0,0.0,0.0,-0.01,-1,-1,-0.01,-1,-1,-0.01,-1,-1,-0.01,-1,-1,-0.01,-1,-1,-0.01,-1,-1,-0.01,-1,-1,-0.01,-1,-1,-0.01,-1,-1,-0.01,-1,-1
99926009,2026-05-18 15:29:00+05:30,53523.1,0,0.0,0,0.0,0.0,53282.15,53667.55,52783.45,53710.35,0,0.0,0.0,0.0,0.0,-0.01,-1,-1,-0.01,-1,-1,-0.01,-1,-1,-0.01,-1,-1,-0.01,-1,-1,-0.01,-1,-1,-0.01,-1,-1,-0.01,-1,-1,-0.01,-1,-1,-0.01,-1,-1
99926009,2026-05-18 15:29:00+05:30,53525.4,0,0.0,0,0.0,0.0,53282.15,53667.55,52783.45,53710.35,0,0.0,0.0,0.0,0.0,-0.01,-1,-1,-0.01,-1,-1,-0.01,-1,-1,-0.01,-1,-1,-0.01,-1,-1,-0.01,-1,-1,-0.01,-1,-1,-0.01,-1,-1,-0.01,-1,-1,-0.01,-1,-1
99926009,2026-05-18 15:29:00+05:30,53526.15,0,0.0,0,0.0,0.0,53282.15,53667.55,52783.45,53710.35,0,0.0,0.0,0.0,0.0,-0.01,-1,-1,-0.01,-1,-1,-0.01,-1,-1,-0.01,-1,-1,-0.01,-1,-1,-0.01,-1,-1,-0.01,-1,-1,-0.01,-1,-1,-0.01,-1,-1,-0.01,-1,-1
99926009,2026-05-18 15:29:01+05:30,53526.15,0,0.0,0,0.0,0.0,53282.15,53667.55,52783.45,53710.35,0,0.0,0.0,0.0,0.0,-0.01,-1,-1,-0.01,-1,-1,-0.01,-1,-1,-0.01,-1,-1,-0.01,-1,-1,-0.01,-1,-1,-0.01,-1,-1,-0.01,-1,-1,-0.01,-1,-1,-0.01,-1,-1
99926009,2026-05-18 15:29:01+05:30,53532.75,0,0.0,0,0.0,0.0,53282.15,53667.55,52783.45,53710.35,0,0.0,0.0,0.0,0.0,-0.01,-1,-1,-0.01,-1,-1,-0.01,-1,-1,-0.01,-1,-1,-0.01,-1,-1,-0.01,-1,-1,-0.01,-1,-1,-0.01,-1,-1,-0.01,-1,-1,-0.01,-1,-1
99926009,2026-05-18 15:29:01+05:30,53533.5,0,0.0,0,0.0,0.0,53282.15,53667.55,52783.45,53710.35,0,0.0,0.0,0.0,0.0,-0.01,-1,-1,-0.01,-1,-1,-0.01,-1,-1,-0.01,-1,-1,-0.01,-1,-1,-0.01,-1,-1,-0.01,-1,-1,-0.01,-1,-1,-0.01,-1,-1,-0.01,-1,-1
99926009,2026-05-18 15:29:02+05:30,53533.5,0,0.0,0,0.0,0.0,53282.15,53667.55,52783.45,53710.35,0,0.0,0.0,0.0,0.0,-0.01,-1,-1,-0.01,-1,-1,-0.01,-1,-1,-0.01,-1,-1,-0.01,-1,-1,-0.01,-1,-1,-0.01,-1,-1,-0.01,-1,-1,-0.01,-1,-1,-0.01,-1,-1
99926009,2026-05-18 15:29:02+05:30,53530.05,0,0.0,0,0.0,0.0,53282.15,53667.55,52783.45,53710.35,0,0.0,0.0,0.0,0.0,-0.01,-1,-1,-0.01,-1,-1,-0.01,-1,-1,-0.01,-1,-1,-0.01,-1,-1,-0.01,-1,-1,-0.01,-1,-1,-0.01,-1,-1,-0.01,-1,-1,-0.01,-1,-1
99926009,2026-05-18 15:29:02+05:30,53528.55,0,0.0,0,0.0,0.0,53282.15,53667.55,52783.45,53710.35,0,0.0,0.0,0.0,0.0,-0.01,-1,-1,-0.01,-1,-1,-0.01,-1,-1,-0.01,-1,-1,-0.01,-1,-1,-0.01,-1,-1,-0.01,-1,-1,-0.01,-1,-1,-0.01,-1,-1,-0.01,-1,-1
99926009,2026-05-18 15:29:03+05:30,53528.55,0,0.0,0,0.0,0.0,53282.15,53667.55,52783.45,53710.35,0,0.0,0.0,0.0,0.0,-0.01,-1,-1,-0.01,-1,-1,-0.01,-1,-1,-0.01,-1,-1,-0.01,-1,-1,-0.01,-1,-1,-0.01,-1,-1,-0.01,-1,-1,-0.01,-1,-1,-0.01,-1,-1
99926009,2026-05-18 15:29:03+05:30,53531.15,0,0.0,0,0.0,0.0,53282.15,53667.55,52783.45,53710.35,0,0.0,0.0,0.0,0.0,-0.01,-1,-1,-0.01,-1,-1,-0.01,-1,-1,-0.01,-1,-1,-0.01,-1,-1,-0.01,-1,-1,-0.01,-1,-1,-0.01,-1,-1,-0.01,-1,-1,-0.01,-1,-1
99926009,2026-05-18 15:29:03+05:30,53526.35,0,0.0,0,0.0,0.0,53282.15,53667.55,52783.45,53710.35,0,0.0,0.0,0.0,0.0,-0.01,-1,-1,-0.01,-1,-1,-0.01,-1,-1,-0.01,-1,-1,-0.01,-1,-1,-0.01,-1,-1,-0.01,-1,-1,-0.01,-1,-1,-0.01,-1,-1,-0.01,-1,-1
99926009,2026-05-18 15:29:04+05:30,53526.35,0,0.0,0,0.0,0.0,53282.15,53667.55,52783.45,53710.35,0,0.0,0.0,0.0,0.0,-0.01,-1,-1,-0.01,-1,-1,-0.01,-1,-1,-0.01,-1,-1,-0.01,-1,-1,-0.01,-1,-1,-0.01,-1,-1,-0.01,-1,-1,-0.01,-1,-1,-0.01,-1,-1
99926009,2026-05-18 15:29:04+05:30,53527.4,0,0.0,0,0.0,0.0,53282.15,53667.55,52783.45,53710.35,0,0.0,0.0,0.0,0.0,-0.01,-1,-1,-0.01,-1,-1,-0.01,-1,-1,-0.01,-1,-1,-0.01,-1,-1,-0.01,-1,-1,-0.01,-1,-1,-0.01,-1,-1,-0.01,-1,-1,-0.01,-1,-1
99926009,2026-05-18 15:29:04+05:30,53528.65,0,0.0,0,0.0,0.0,53282.15,53667.55,52783.45,53710.35,0,0.0,0.0,0.0,0.0,-0.01,-1,-1,-0.01,-1,-1,-0.01,-1,-1,-0.01,-1,-1,-0.01,-1,-1,-0.01,-1,-1,-0.01,-1,-1,-0.01,-1,-1,-0.01,-1,-1,-0.01,-1,-1
99926009,2026-05-18 15:29:05+05:30,53528.65,0,0.0,0,0.0,0.0,53282.15,53667.55,52783.45,53710.35,0,0.0,0.0,0.0,0.0,-0.01,-1,-1,-0.01,-1,-1,-0.01,-1,-1,-0.01,-1,-1,-0.01,-1,-1,-0.01,-1,-1,-0.01,-1,-1,-0.01,-1,-1,-0.01,-1,-1,-0.01,-1,-1
99926009,2026-05-18 15:29:05+05:30,53539.45,0,0.0,0,0.0,0.0,53282.15,53667.55,52783.45,53710.35,0,0.0,0.0,0.0,0.0,-0.01,-1,-1,-0.01,-1,-1,-0.01,-1,-1,-0.01,-1,-1,-0.01,-1,-1,-0.01,-1,-1,-0.01,-1,-1,-0.01,-1,-1,-0.01,-1,-1,-0.01,-1,-1
99926009,2026-05-18 15:29:05+05:30,53542.1,0,0.0,0,0.0,0.0,53282.15,53667.55,52783.45,53710.35,0,0.0,0.0,0.0,0.0,-0.01,-1,-1,-0.01,-1,-1,-0.01,-1,-1,-0.01,-1,-1,-0.01,-1,-1,-0.01,-1,-1,-0.01,-1,-1,-0.01,-1,-1,-0.01,-1,-1,-0.01,-1,-1
99926009,2026-05-18 15:29:06+05:30,53542.1,0,0.0,0,0.0,0.0,53282.15,53667.55,52783.45,53710.35,0,0.0,0.0,0.0,0.0,-0.01,-1,-1,-0.01,-1,-1,-0.01,-1,-1,-0.01,-1,-1,-0.01,-1,-1,-0.01,-1,-1,-0.01,-1,-1,-0.01,-1,-1,-0.01,-1,-1,-0.01,-1,-1
99926009,2026-05-18 15:29:06+05:30,53542.15,0,0.0,0,0.0,0.0,53282.15,53667.55,52783.45,53710.35,0,0.0,0.0,0.0,0.0,-0.01,-1,-1,-0.01,-1,-1,-0.01,-1,-1,-0.01,-1,-1,-0.01,-1,-1,-0.01,-1,-1,-0.01,-1,-1,-0.01,-1,-1,-0.01,-1,-1,-0.01,-1,-1
99926009,2026-05-18 15:29:06+05:30,53542.3,0,0.0,0,0.0,0.0,53282.15,53667.55,52783.45,53710.35,0,0.0,0.0,0.0,0.0,-0.01,-1,-1,-0.01,-1,-1,-0.01,-1,-1,-0.01,-1,-1,-0.01,-1,-1,-0.01,-1,-1,-0.01,-1,-1,-0.01,-1,-1,-0.01,-1,-1,-0.01,-1,-1
99926009,2026-05-18 15:29:07+05:30,53542.3,0,0.0,0,0.0,0.0,53282.15,53667.55,52783.45,53710.35,0,0.0,0.0,0.0,0.0,-0.01,-1,-1,-0.01,-1,-1,-0.01,-1,-1,-0.01,-1,-1,-0.01,-1,-1,-0.01,-1,-1,-0.01,-1,-1,-0.01,-1,-1,-0.01,-1,-1,-0.01,-1,-1
99926009,2026-05-18 15:29:07+05:30,53537.35,0,0.0,0,0.0,0.0,53282.15,53667.55,52783.45,53710.35,0,0.0,0.0,0.0,0.0,-0.01,-1,-1,-0.01,-1,-1,-0.01,-1,-1,-0.01,-1,-1,-0.01,-1,-1,-0.01,-1,-1,-0.01,-1,-1,-0.01,-1,-1,-0.01,-1,-1,-0.01,-1,-1
99926009,2026-05-18 15:29:07+05:30,53541.5,0,0.0,0,0.0,0.0,53282.15,53667.55,52783.45,53710.35,0,0.0,0.0,0.0,0.0,-0.01,-1,-1,-0.01,-1,-1,-0.01,-1,-1,-0.01,-1,-1,-0.01,-1,-1,-0.01,-1,-1,-0.01,-1,-1,-0.01,-1,-1,-0.01,-1,-1,-0.01,-1,-1
99926009,2026-05-18 15:29:08+05:30,53541.5,0,0.0,0,0.0,0.0,53282.15,53667.55,52783.45,53710.35,0,0.0,0.0,0.0,0.0,-0.01,-1,-1,-0.01,-1,-1,-0.01,-1,-1,-0.01,-1,-1,-0.01,-1,-1,-0.01,-1,-1,-0.01,-1,-1,-0.01,-1,-1,-0.01,-1,-1,-0.01,-1,-1
99926009,2026-05-18 15:29:08+05:30,53542.3,0,0.0,0,0.0,0.0,53282.15,53667.55,52783.45,53710.35,0,0.0,0.0,0.0,0.0,-0.01,-1,-1,-0.01,-1,-1,-0.01,-1,-1,-0.01,-1,-1,-0.01,-1,-1,-0.01,-1,-1,-0.01,-1,-1,-0.01,-1,-1,-0.01,-1,-1,-0.01,-1,-1
99926009,2026-05-18 15:29:08+05:30,53541.2,0,0.0,0,0.0,0.0,53282.15,53667.55,52783.45,53710.35,0,0.0,0.0,0.0,0.0,-0.01,-1,-1,-0.01,-1,-1,-0.01,-1,-1,-0.01,-1,-1,-0.01,-1,-1,-0.01,-1,-1,-0.01,-1,-1,-0.01,-1,-1,-0.01,-1,-1,-0.01,-1,-1
99926009,2026-05-18 15:29:09+05:30,53541.2,0,0.0,0,0.0,0.0,53282.15,53667.55,52783.45,53710.35,0,0.0,0.0,0.0,0.0,-0.01,-1,-1,-0.01,-1,-1,-0.01,-1,-1,-0.01,-1,-1,-0.01,-1,-1,-0.01,-1,-1,-0.01,-1,-1,-0.01,-1,-1,-0.01,-1,-1,-0.01,-1,-1
99926009,2026-05-18 15:29:09+05:30,53543.4,0,0.0,0,0.0,0.0,53282.15,53667.55,52783.45,53710.35,0,0.0,0.0,0.0,0.0,-0.01,-1,-1,-0.01,-1,-1,-0.01,-1,-1,-0.01,-1,-1,-0.01,-1,-1,-0.01,-1,-1,-0.01,-1,-1,-0.01,-1,-1,-0.01,-1,-1,-0.01,-1,-1
99926009,2026-05-18 15:29:09+05:30,53533.55,0,0.0,0,0.0,0.0,53282.15,53667.55,52783.45,53710.35,0,0.0,0.0,0.0,0.0,-0.01,-1,-1,-0.01,-1,-1,-0.01,-1,-1,-0.01,-1,-1,-0.01,-1,-1,-0.01,-1,-1,-0.01,-1,-1,-0.01,-1,-1,-0.01,-1,-1,-0.01,-1,-1
99926009,2026-05-18 15:29:10+05:30,53533.55,0,0.0,0,0.0,0.0,53282.15,53667.55,52783.45,53710.35,0,0.0,0.0,0.0,0.0,-0.01,-1,-1,-0.01,-1,-1,-0.01,-1,-1,-0.01,-1,-1,-0.01,-1,-1,-0.01,-1,-1,-0.01,-1,-1,-0.01,-1,-1,-0.01,-1,-1,-0.01,-1,-1
99926009,2026-05-18 15:29:10+05:30,53532.1,0,0.0,0,0.0,0.0,53282.15,53667.55,52783.45,53710.35,0,0.0,0.0,0.0,0.0,-0.01,-1,-1,-0.01,-1,-1,-0.01,-1,-1,-0.01,-1,-1,-0.01,-1,-1,-0.01,-1,-1,-0.01,-1,-1,-0.01,-1,-1,-0.01,-1,-1,-0.01,-1,-1
99926009,2026-05-18 15:29:10+05:30,53532.4,0,0.0,0,0.0,0.0,53282.15,53667.55,52783.45,53710.35,0,0.0,0.0,0.0,0.0,-0.01,-1,-1,-0.01,-1,-1,-0.01,-1,-1,-0.01,-1,-1,-0.01,-1,-1,-0.01,-1,-1,-0.01,-1,-1,-0.01,-1,-1,-0.01,-1,-1,-0.01,-1,-1
99926009,2026-05-18 15:29:11+05:30,53532.4,0,0.0,0,0.0,0.0,53282.15,53667.55,52783.45,53710.35,0,0.0,0.0,0.0,0.0,-0.01,-1,-1,-0.01,-1,-1,-0.01,-1,-1,-0.01,-1,-1,-0.01,-1,-1,-0.01,-1,-1,-0.01,-1,-1,-0.01,-1,-1,-0.01,-1,-1,-0.01,-1,-1
99926009,2026-05-18 15:29:11+05:30,53529.4,0,0.0,0,0.0,0.0,53282.15,53667.55,52783.45,53710.35,0,0.0,0.0,0.0,0.0,-0.01,-1,-1,-0.01,-1,-1,-0.01,-1,-1,-0.01,-1,-1,-0.01,-1,-1,-0.01,-1,-1,-0.01,-1,-1,-0.01,-1,-1,-0.01,-1,-1,-0.01,-1,-1
99926009,2026-05-18 15:29:11+05:30,53521.05,0,0.0,0,0.0,0.0,53282.15,53667.55,52783.45,53710.35,0,0.0,0.0,0.0,0.0,-0.01,-1,-1,-0.01,-1,-1,-0.01,-1,-1,-0.01,-1,-1,-0.01,-1,-1,-0.01,-1,-1,-0.01,-1,-1,-0.01,-1,-1,-0.01,-1,-1,-0.01,-1,-1
99926009,2026-05-18 15:29:12+05:30,53521.05,0,0.0,0,0.0,0.0,53282.15,53667.55,52783.45,53710.35,0,0.0,0.0,0.0,0.0,-0.01,-1,-1,-0.01,-1,-1,-0.01,-1,-1,-0.01,-1,-1,-0.01,-1,-1,-0.01,-1,-1,-0.01,-1,-1,-0.01,-1,-1,-0.01,-1,-1,-0.01,-1,-1
99926009,2026-05-18 15:29:12+05:30,53524.75,0,0.0,0,0.0,0.0,53282.15,53667.55,52783.45,53710.35,0,0.0,0.0,0.0,0.0,-0.01,-1,-1,-0.01,-1,-1,-0.01,-1,-1,-0.01,-1,-1,-0.01,-1,-1,-0.01,-1,-1,-0.01,-1,-1,-0.01,-1,-1,-0.01,-1,-1,-0.01,-1,-1
99926009,2026-05-18 15:29:12+05:30,53518.0,0,0.0,0,0.0,0.0,53282.15,53667.55,52783.45,53710.35,0,0.0,0.0,0.0,0.0,-0.01,-1,-1,-0.01,-1,-1,-0.01,-1,-1,-0.01,-1,-1,-0.01,-1,-1,-0.01,-1,-1,-0.01,-1,-1,-0.01,-1,-1,-0.01,-1,-1,-0.01,-1,-1
99926009,2026-05-18 15:29:13+05:30,53518.0,0,0.0,0,0.0,0.0,53282.15,53667.55,52783.45,53710.35,0,0.0,0.0,0.0,0.0,-0.01,-1,-1,-0.01,-1,-1,-0.01,-1,-1,-0.01,-1,-1,-0.01,-1,-1,-0.01,-1,-1,-0.01,-1,-1,-0.01,-1,-1,-0.01,-1,-1,-0.01,-1,-1
99926009,2026-05-18 15:29:13+05:30,53526.1,0,0.0,0,0.0,0.0,53282.15,53667.55,52783.45,53710.35,0,0.0,0.0,0.0,0.0,-0.01,-1,-1,-0.01,-1,-1,-0.01,-1,-1,-0.01,-1,-1,-0.01,-1,-1,-0.01,-1,-1,-0.01,-1,-1,-0.01,-1,-1,-0.01,-1,-1,-0.01,-1,-1
99926009,2026-05-18 15:29:13+05:30,53528.45,0,0.0,0,0.0,0.0,53282.15,53667.55,52783.45,53710.35,0,0.0,0.0,0.0,0.0,-0.01,-1,-1,-0.01,-1,-1,-0.01,-1,-1,-0.01,-1,-1,-0.01,-1,-1,-0.01,-1,-1,-0.01,-1,-1,-0.01,-1,-1,-0.01,-1,-1,-0.01,-1,-1
99926009,2026-05-18 15:29:14+05:30,53528.45,0,0.0,0,0.0,0.0,53282.15,53667.55,52783.45,53710.35,0,0.0,0.0,0.0,0.0,-0.01,-1,-1,-0.01,-1,-1,-0.01,-1,-1,-0.01,-1,-1,-0.01,-1,-1,-0.01,-1,-1,-0.01,-1,-1,-0.01,-1,-1,-0.01,-1,-1,-0.01,-1,-1
99926009,2026-05-18 15:29:14+05:30,53535.2,0,0.0,0,0.0,0.0,53282.15,53667.55,52783.45,53710.35,0,0.0,0.0,0.0,0.0,-0.01,-1,-1,-0.01,-1,-1,-0.01,-1,-1,-0.01,-1,-1,-0.01,-1,-1,-0.01,-1,-1,-0.01,-1,-1,-0.01,-1,-1,-0.01,-1,-1,-0.01,-1,-1
99926009,2026-05-18 15:29:14+05:30,53539.3,0,0.0,0,0.0,0.0,53282.15,53667.55,52783.45,53710.35,0,0.0,0.0,0.0,0.0,-0.01,-1,-1,-0.01,-1,-1,-0.01,-1,-1,-0.01,-1,-1,-0.01,-1,-1,-0.01,-1,-1,-0.01,-1,-1,-0.01,-1,-1,-0.01,-1,-1,-0.01,-1,-1
99926009,2026-05-18 15:29:15+05:30,53539.3,0,0.0,0,0.0,0.0,53282.15,53667.55,52783.45,53710.35,0,0.0,0.0,0.0,0.0,-0.01,-1,-1,-0.01,-1,-1,-0.01,-1,-1,-0.01,-1,-1,-0.01,-1,-1,-0.01,-1,-1,-0.01,-1,-1,-0.01,-1,-1,-0.01,-1,-1,-0.01,-1,-1
99926009,2026-05-18 15:29:15+05:30,53537.65,0,0.0,0,0.0,0.0,53282.15,53667.55,52783.45,53710.35,0,0.0,0.0,0.0,0.0,-0.01,-1,-1,-0.01,-1,-1,-0.01,-1,-1,-0.01,-1,-1,-0.01,-1,-1,-0.01,-1,-1,-0.01,-1,-1,-0.01,-1,-1,-0.01,-1,-1,-0.01,-1,-1
99926009,2026-05-18 15:29:15+05:30,53539.95,0,0.0,0,0.0,0.0,53282.15,53667.55,52783.45,53710.35,0,0.0,0.0,0.0,0.0,-0.01,-1,-1,-0.01,-1,-1,-0.01,-1,-1,-0.01,-1,-1,-0.01,-1,-1,-0.01,-1,-1,-0.01,-1,-1,-0.01,-1,-1,-0.01,-1,-1,-0.01,-1,-1
99926009,2026-05-18 15:29:16+05:30,53539.95,0,0.0,0,0.0,0.0,53282.15,53667.55,52783.45,53710.35,0,0.0,0.0,0.0,0.0,-0.01,-1,-1,-0.01,-1,-1,-0.01,-1,-1,-0.01,-1,-1,-0.01,-1,-1,-0.01,-1,-1,-0.01,-1,-1,-0.01,-1,-1,-0.01,-1,-1,-0.01,-1,-1
99926009,2026-05-18 15:29:16+05:30,53534.05,0,0.0,0,0.0,0.0,53282.15,53667.55,52783.45,53710.35,0,0.0,0.0,0.0,0.0,-0.01,-1,-1,-0.01,-1,-1,-0.01,-1,-1,-0.01,-1,-1,-0.01,-1,-1,-0.01,-1,-1,-0.01,-1,-1,-0.01,-1,-1,-0.01,-1,-1,-0.01,-1,-1
99926009,2026-05-18 15:29:16+05:30,53543.25,0,0.0,0,0.0,0.0,53282.15,53667.55,52783.45,53710.35,0,0.0,0.0,0.0,0.0,-0.01,-1,-1,-0.01,-1,-1,-0.01,-1,-1,-0.01,-1,-1,-0.01,-1,-1,-0.01,-1,-1,-0.01,-1,-1,-0.01,-1,-1,-0.01,-1,-1,-0.01,-1,-1
99926009,2026-05-18 15:29:17+05:30,53543.25,0,0.0,0,0.0,0.0,53282.15,53667.55,52783.45,53710.35,0,0.0,0.0,0.0,0.0,-0.01,-1,-1,-0.01,-1,-1,-0.01,-1,-1,-0.01,-1,-1,-0.01,-1,-1,-0.01,-1,-1,-0.01,-1,-1,-0.01,-1,-1,-0.01,-1,-1,-0.01,-1,-1
99926009,2026-05-18 15:29:17+05:30,53531.6,0,0.0,0,0.0,0.0,53282.15,53667.55,52783.45,53710.35,0,0.0,0.0,0.0,0.0,-0.01,-1,-1,-0.01,-1,-1,-0.01,-1,-1,-0.01,-1,-1,-0.01,-1,-1,-0.01,-1,-1,-0.01,-1,-1,-0.01,-1,-1,-0.01,-1,-1,-0.01,-1,-1
99926009,2026-05-18 15:29:17+05:30,53539.25,0,0.0,0,0.0,0.0,53282.15,53667.55,52783.45,53710.35,0,0.0,0.0,0.0,0.0,-0.01,-1,-1,-0.01,-1,-1,-0.01,-1,-1,-0.01,-1,-1,-0.01,-1,-1,-0.01,-1,-1,-0.01,-1,-1,-0.01,-1,-1,-0.01,-1,-1,-0.01,-1,-1
99926009,2026-05-18 15:29:18+05:30,53539.25,0,0.0,0,0.0,0.0,53282.15,53667.55,52783.45,53710.35,0,0.0,0.0,0.0,0.0,-0.01,-1,-1,-0.01,-1,-1,-0.01,-1,-1,-0.01,-1,-1,-0.01,-1,-1,-0.01,-1,-1,-0.01,-1,-1,-0.01,-1,-1,-0.01,-1,-1,-0.01,-1,-1
99926009,2026-05-18 15:29:18+05:30,53537.4,0,0.0,0,0.0,0.0,53282.15,53667.55,52783.45,53710.35,0,0.0,0.0,0.0,0.0,-0.01,-1,-1,-0.01,-1,-1,-0.01,-1,-1,-0.01,-1,-1,-0.01,-1,-1,-0.01,-1,-1,-0.01,-1,-1,-0.01,-1,-1,-0.01,-1,-1,-0.01,-1,-1
99926009,2026-05-18 15:29:18+05:30,53539.1,0,0.0,0,0.0,0.0,53282.15,53667.55,52783.45,53710.35,0,0.0,0.0,0.0,0.0,-0.01,-1,-1,-0.01,-1,-1,-0.01,-1,-1,-0.01,-1,-1,-0.01,-1,-1,-0.01,-1,-1,-0.01,-1,-1,-0.01,-1,-1,-0.01,-1,-1,-0.01,-1,-1
99926009,2026-05-18 15:29:19+05:30,53539.1,0,0.0,0,0.0,0.0,53282.15,53667.55,52783.45,53710.35,0,0.0,0.0,0.0,0.0,-0.01,-1,-1,-0.01,-1,-1,-0.01,-1,-1,-0.01,-1,-1,-0.01,-1,-1,-0.01,-1,-1,-0.01,-1,-1,-0.01,-1,-1,-0.01,-1,-1,-0.01,-1,-1
99926009,2026-05-18 15:29:19+05:30,53534.3,0,0.0,0,0.0,0.0,53282.15,53667.55,52783.45,53710.35,0,0.0,0.0,0.0,0.0,-0.01,-1,-1,-0.01,-1,-1,-0.01,-1,-1,-0.01,-1,-1,-0.01,-1,-1,-0.01,-1,-1,-0.01,-1,-1,-0.01,-1,-1,-0.01,-1,-1,-0.01,-1,-1
99926009,2026-05-18 15:29:19+05:30,53534.55,0,0.0,0,0.0,0.0,53282.15,53667.55,52783.45,53710.35,0,0.0,0.0,0.0,0.0,-0.01,-1,-1,-0.01,-1,-1,-0.01,-1,-1,-0.01,-1,-1,-0.01,-1,-1,-0.01,-1,-1,-0.01,-1,-1,-0.01,-1,-1,-0.01,-1,-1,-0.01,-1,-1
99926009,2026-05-18 15:29:20+05:30,53534.55,0,0.0,0,0.0,0.0,53282.15,53667.55,52783.45,53710.35,0,0.0,0.0,0.0,0.0,-0.01,-1,-1,-0.01,-1,-1,-0.01,-1,-1,-0.01,-1,-1,-0.01,-1,-1,-0.01,-1,-1,-0.01,-1,-1,-0.01,-1,-1,-0.01,-1,-1,-0.01,-1,-1
99926009,2026-05-18 15:29:20+05:30,53534.55,0,0.0,0,0.0,0.0,53282.15,53667.55,52783.45,53710.35,0,0.0,0.0,0.0,0.0,-0.01,-1,-1,-0.01,-1,-1,-0.01,-1,-1,-0.01,-1,-1,-0.01,-1,-1,-0.01,-1,-1,-0.01,-1,-1,-0.01,-1,-1,-0.01,-1,-1,-0.01,-1,-1
99926009,2026-05-18 15:29:20+05:30,53544.45,0,0.0,0,0.0,0.0,53282.15,53667.55,52783.45,53710.35,0,0.0,0.0,0.0,0.0,-0.01,-1,-1,-0.01,-1,-1,-0.01,-1,-1,-0.01,-1,-1,-0.01,-1,-1,-0.01,-1,-1,-0.01,-1,-1,-0.01,-1,-1,-0.01,-1,-1,-0.01,-1,-1
99926009,2026-05-18 15:29:21+05:30,53544.45,0,0.0,0,0.0,0.0,53282.15,53667.55,52783.45,53710.35,0,0.0,0.0,0.0,0.0,-0.01,-1,-1,-0.01,-1,-1,-0.01,-1,-1,-0.01,-1,-1,-0.01,-1,-1,-0.01,-1,-1,-0.01,-1,-1,-0.01,-1,-1,-0.01,-1,-1,-0.01,-1,-1
99926009,2026-05-18 15:29:21+05:30,53545.95,0,0.0,0,0.0,0.0,53282.15,53667.55,52783.45,53710.35,0,0.0,0.0,0.0,0.0,-0.01,-1,-1,-0.01,-1,-1,-0.01,-1,-1,-0.01,-1,-1,-0.01,-1,-1,-0.01,-1,-1,-0.01,-1,-1,-0.01,-1,-1,-0.01,-1,-1,-0.01,-1,-1
99926009,2026-05-18 15:29:21+05:30,53536.65,0,0.0,0,0.0,0.0,53282.15,53667.55,52783.45,53710.35,0,0.0,0.0,0.0,0.0,-0.01,-1,-1,-0.01,-1,-1,-0.01,-1,-1,-0.01,-1,-1,-0.01,-1,-1,-0.01,-1,-1,-0.01,-1,-1,-0.01,-1,-1,-0.01,-1,-1,-0.01,-1,-1
99926009,2026-05-18 15:29:22+05:30,53536.65,0,0.0,0,0.0,0.0,53282.15,53667.55,52783.45,53710.35,0,0.0,0.0,0.0,0.0,-0.01,-1,-1,-0.01,-1,-1,-0.01,-1,-1,-0.01,-1,-1,-0.01,-1,-1,-0.01,-1,-1,-0.01,-1,-1,-0.01,-1,-1,-0.01,-1,-1,-0.01,-1,-1
99926009,2026-05-18 15:29:22+05:30,53536.3,0,0.0,0,0.0,0.0,53282.15,53667.55,52783.45,53710.35,0,0.0,0.0,0.0,0.0,-0.01,-1,-1,-0.01,-1,-1,-0.01,-1,-1,-0.01,-1,-1,-0.01,-1,-1,-0.01,-1,-1,-0.01,-1,-1,-0.01,-1,-1,-0.01,-1,-1,-0.01,-1,-1
99926009,2026-05-18 15:29:22+05:30,53533.9,0,0.0,0,0.0,0.0,53282.15,53667.55,52783.45,53710.35,0,0.0,0.0,0.0,0.0,-0.01,-1,-1,-0.01,-1,-1,-0.01,-1,-1,-0.01,-1,-1,-0.01,-1,-1,-0.01,-1,-1,-0.01,-1,-1,-0.01,-1,-1,-0.01,-1,-1,-0.01,-1,-1
99926009,2026-05-18 15:29:23+05:30,53533.9,0,0.0,0,0.0,0.0,53282.15,53667.55,52783.45,53710.35,0,0.0,0.0,0.0,0.0,-0.01,-1,-1,-0.01,-1,-1,-0.01,-1,-1,-0.01,-1,-1,-0.01,-1,-1,-0.01,-1,-1,-0.01,-1,-1,-0.01,-1,-1,-0.01,-1,-1,-0.01,-1,-1
99926009,2026-05-18 15:29:23+05:30,53536.35,0,0.0,0,0.0,0.0,53282.15,53667.55,52783.45,53710.35,0,0.0,0.0,0.0,0.0,-0.01,-1,-1,-0.01,-1,-1,-0.01,-1,-1,-0.01,-1,-1,-0.01,-1,-1,-0.01,-1,-1,-0.01,-1,-1,-0.01,-1,-1,-0.01,-1,-1,-0.01,-1,-1
99926009,2026-05-18 15:29:23+05:30,53540.55,0,0.0,0,0.0,0.0,53282.15,53667.55,52783.45,53710.35,0,0.0,0.0,0.0,0.0,-0.01,-1,-1,-0.01,-1,-1,-0.01,-1,-1,-0.01,-1,-1,-0.01,-1,-1,-0.01,-1,-1,-0.01,-1,-1,-0.01,-1,-1,-0.01,-1,-1,-0.01,-1,-1
99926009,2026-05-18 15:29:24+05:30,53540.55,0,0.0,0,0.0,0.0,53282.15,53667.55,52783.45,53710.35,0,0.0,0.0,0.0,0.0,-0.01,-1,-1,-0.01,-1,-1,-0.01,-1,-1,-0.01,-1,-1,-0.01,-1,-1,-0.01,-1,-1,-0.01,-1,-1,-0.01,-1,-1,-0.01,-1,-1,-0.01,-1,-1
99926009,2026-05-18 15:29:24+05:30,53521.95,0,0.0,0,0.0,0.0,53282.15,53667.55,52783.45,53710.35,0,0.0,0.0,0.0,0.0,-0.01,-1,-1,-0.01,-1,-1,-0.01,-1,-1,-0.01,-1,-1,-0.01,-1,-1,-0.01,-1,-1,-0.01,-1,-1,-0.01,-1,-1,-0.01,-1,-1,-0.01,-1,-1
99926009,2026-05-18 15:29:24+05:30,53527.7,0,0.0,0,0.0,0.0,53282.15,53667.55,52783.45,53710.35,0,0.0,0.0,0.0,0.0,-0.01,-1,-1,-0.01,-1,-1,-0.01,-1,-1,-0.01,-1,-1,-0.01,-1,-1,-0.01,-1,-1,-0.01,-1,-1,-0.01,-1,-1,-0.01,-1,-1,-0.01,-1,-1
99926009,2026-05-18 15:29:25+05:30,53527.7,0,0.0,0,0.0,0.0,53282.15,53667.55,52783.45,53710.35,0,0.0,0.0,0.0,0.0,-0.01,-1,-1,-0.01,-1,-1,-0.01,-1,-1,-0.01,-1,-1,-0.01,-1,-1,-0.01,-1,-1,-0.01,-1,-1,-0.01,-1,-1,-0.01,-1,-1,-0.01,-1,-1
99926009,2026-05-18 15:29:25+05:30,53533.5,0,0.0,0,0.0,0.0,53282.15,53667.55,52783.45,53710.35,0,0.0,0.0,0.0,0.0,-0.01,-1,-1,-0.01,-1,-1,-0.01,-1,-1,-0.01,-1,-1,-0.01,-1,-1,-0.01,-1,-1,-0.01,-1,-1,-0.01,-1,-1,-0.01,-1,-1,-0.01,-1,-1
99926009,2026-05-18 15:29:25+05:30,53527.1,0,0.0,0,0.0,0.0,53282.15,53667.55,52783.45,53710.35,0,0.0,0.0,0.0,0.0,-0.01,-1,-1,-0.01,-1,-1,-0.01,-1,-1,-0.01,-1,-1,-0.01,-1,-1,-0.01,-1,-1,-0.01,-1,-1,-0.01,-1,-1,-0.01,-1,-1,-0.01,-1,-1
99926009,2026-05-18 15:29:26+05:30,53527.1,0,0.0,0,0.0,0.0,53282.15,53667.55,52783.45,53710.35,0,0.0,0.0,0.0,0.0,-0.01,-1,-1,-0.01,-1,-1,-0.01,-1,-1,-0.01,-1,-1,-0.01,-1,-1,-0.01,-1,-1,-0.01,-1,-1,-0.01,-1,-1,-0.01,-1,-1,-0.01,-1,-1
99926009,2026-05-18 15:29:26+05:30,53528.25,0,0.0,0,0.0,0.0,53282.15,53667.55,52783.45,53710.35,0,0.0,0.0,0.0,0.0,-0.01,-1,-1,-0.01,-1,-1,-0.01,-1,-1,-0.01,-1,-1,-0.01,-1,-1,-0.01,-1,-1,-0.01,-1,-1,-0.01,-1,-1,-0.01,-1,-1,-0.01,-1,-1
99926009,2026-05-18 15:29:26+05:30,53526.75,0,0.0,0,0.0,0.0,53282.15,53667.55,52783.45,53710.35,0,0.0,0.0,0.0,0.0,-0.01,-1,-1,-0.01,-1,-1,-0.01,-1,-1,-0.01,-1,-1,-0.01,-1,-1,-0.01,-1,-1,-0.01,-1,-1,-0.01,-1,-1,-0.01,-1,-1,-0.01,-1,-1
99926009,2026-05-18 15:29:27+05:30,53526.75,0,0.0,0,0.0,0.0,53282.15,53667.55,52783.45,53710.35,0,0.0,0.0,0.0,0.0,-0.01,-1,-1,-0.01,-1,-1,-0.01,-1,-1,-0.01,-1,-1,-0.01,-1,-1,-0.01,-1,-1,-0.01,-1,-1,-0.01,-1,-1,-0.01,-1,-1,-0.01,-1,-1
99926009,2026-05-18 15:29:27+05:30,53528.8,0,0.0,0,0.0,0.0,53282.15,53667.55,52783.45,53710.35,0,0.0,0.0,0.0,0.0,-0.01,-1,-1,-0.01,-1,-1,-0.01,-1,-1,-0.01,-1,-1,-0.01,-1,-1,-0.01,-1,-1,-0.01,-1,-1,-0.01,-1,-1,-0.01,-1,-1,-0.01,-1,-1
99926009,2026-05-18 15:29:27+05:30,53527.9,0,0.0,0,0.0,0.0,53282.15,53667.55,52783.45,53710.35,0,0.0,0.0,0.0,0.0,-0.01,-1,-1,-0.01,-1,-1,-0.01,-1,-1,-0.01,-1,-1,-0.01,-1,-1,-0.01,-1,-1,-0.01,-1,-1,-0.01,-1,-1,-0.01,-1,-1,-0.01,-1,-1
99926009,2026-05-18 15:29:28+05:30,53527.9,0,0.0,0,0.0,0.0,53282.15,53667.55,52783.45,53710.35,0,0.0,0.0,0.0,0.0,-0.01,-1,-1,-0.01,-1,-1,-0.01,-1,-1,-0.01,-1,-1,-0.01,-1,-1,-0.01,-1,-1,-0.01,-1,-1,-0.01,-1,-1,-0.01,-1,-1,-0.01,-1,-1
99926009,2026-05-18 15:29:28+05:30,53521.7,0,0.0,0,0.0,0.0,53282.15,53667.55,52783.45,53710.35,0,0.0,0.0,0.0,0.0,-0.01,-1,-1,-0.01,-1,-1,-0.01,-1,-1,-0.01,-1,-1,-0.01,-1,-1,-0.01,-1,-1,-0.01,-1,-1,-0.01,-1,-1,-0.01,-1,-1,-0.01,-1,-1
99926009,2026-05-18 15:29:28+05:30,53521.0,0,0.0,0,0.0,0.0,53282.15,53667.55,52783.45,53710.35,0,0.0,0.0,0.0,0.0,-0.01,-1,-1,-0.01,-1,-1,-0.01,-1,-1,-0.01,-1,-1,-0.01,-1,-1,-0.01,-1,-1,-0.01,-1,-1,-0.01,-1,-1,-0.01,-1,-1,-0.01,-1,-1
99926009,2026-05-18 15:29:29+05:30,53521.0,0,0.0,0,0.0,0.0,53282.15,53667.55,52783.45,53710.35,0,0.0,0.0,0.0,0.0,-0.01,-1,-1,-0.01,-1,-1,-0.01,-1,-1,-0.01,-1,-1,-0.01,-1,-1,-0.01,-1,-1,-0.01,-1,-1,-0.01,-1,-1,-0.01,-1,-1,-0.01,-1,-1
99926009,2026-05-18 15:29:29+05:30,53522.45,0,0.0,0,0.0,0.0,53282.15,53667.55,52783.45,53710.35,0,0.0,0.0,0.0,0.0,-0.01,-1,-1,-0.01,-1,-1,-0.01,-1,-1,-0.01,-1,-1,-0.01,-1,-1,-0.01,-1,-1,-0.01,-1,-1,-0.01,-1,-1,-0.01,-1,-1,-0.01,-1,-1
99926009,2026-05-18 15:29:29+05:30,53526.0,0,0.0,0,0.0,0.0,53282.15,53667.55,52783.45,53710.35,0,0.0,0.0,0.0,0.0,-0.01,-1,-1,-0.01,-1,-1,-0.01,-1,-1,-0.01,-1,-1,-0.01,-1,-1,-0.01,-1,-1,-0.01,-1,-1,-0.01,-1,-1,-0.01,-1,-1,-0.01,-1,-1
99926009,2026-05-18 15:29:30+05:30,53526.0,0,0.0,0,0.0,0.0,53282.15,53667.55,52783.45,53710.35,0,0.0,0.0,0.0,0.0,-0.01,-1,-1,-0.01,-1,-1,-0.01,-1,-1,-0.01,-1,-1,-0.01,-1,-1,-0.01,-1,-1,-0.01,-1,-1,-0.01,-1,-1,-0.01,-1,-1,-0.01,-1,-1
99926009,2026-05-18 15:29:30+05:30,53527.15,0,0.0,0,0.0,0.0,53282.15,53667.55,52783.45,53710.35,0,0.0,0.0,0.0,0.0,-0.01,-1,-1,-0.01,-1,-1,-0.01,-1,-1,-0.01,-1,-1,-0.01,-1,-1,-0.01,-1,-1,-0.01,-1,-1,-0.01,-1,-1,-0.01,-1,-1,-0.01,-1,-1
99926009,2026-05-18 15:29:30+05:30,53520.05,0,0.0,0,0.0,0.0,53282.15,53667.55,52783.45,53710.35,0,0.0,0.0,0.0,0.0,-0.01,-1,-1,-0.01,-1,-1,-0.01,-1,-1,-0.01,-1,-1,-0.01,-1,-1,-0.01,-1,-1,-0.01,-1,-1,-0.01,-1,-1,-0.01,-1,-1,-0.01,-1,-1
99926009,2026-05-18 15:29:31+05:30,53520.05,0,0.0,0,0.0,0.0,53282.15,53667.55,52783.45,53710.35,0,0.0,0.0,0.0,0.0,-0.01,-1,-1,-0.01,-1,-1,-0.01,-1,-1,-0.01,-1,-1,-0.01,-1,-1,-0.01,-1,-1,-0.01,-1,-1,-0.01,-1,-1,-0.01,-1,-1,-0.01,-1,-1
99926009,2026-05-18 15:29:31+05:30,53524.5,0,0.0,0,0.0,0.0,53282.15,53667.55,52783.45,53710.35,0,0.0,0.0,0.0,0.0,-0.01,-1,-1,-0.01,-1,-1,-0.01,-1,-1,-0.01,-1,-1,-0.01,-1,-1,-0.01,-1,-1,-0.01,-1,-1,-0.01,-1,-1,-0.01,-1,-1,-0.01,-1,-1
99926009,2026-05-18 15:29:31+05:30,53522.7,0,0.0,0,0.0,0.0,53282.15,53667.55,52783.45,53710.35,0,0.0,0.0,0.0,0.0,-0.01,-1,-1,-0.01,-1,-1,-0.01,-1,-1,-0.01,-1,-1,-0.01,-1,-1,-0.01,-1,-1,-0.01,-1,-1,-0.01,-1,-1,-0.01,-1,-1,-0.01,-1,-1
99926009,2026-05-18 15:29:32+05:30,53522.7,0,0.0,0,0.0,0.0,53282.15,53667.55,52783.45,53710.35,0,0.0,0.0,0.0,0.0,-0.01,-1,-1,-0.01,-1,-1,-0.01,-1,-1,-0.01,-1,-1,-0.01,-1,-1,-0.01,-1,-1,-0.01,-1,-1,-0.01,-1,-1,-0.01,-1,-1,-0.01,-1,-1
99926009,2026-05-18 15:29:32+05:30,53524.25,0,0.0,0,0.0,0.0,53282.15,53667.55,52783.45,53710.35,0,0.0,0.0,0.0,0.0,-0.01,-1,-1,-0.01,-1,-1,-0.01,-1,-1,-0.01,-1,-1,-0.01,-1,-1,-0.01,-1,-1,-0.01,-1,-1,-0.01,-1,-1,-0.01,-1,-1,-0.01,-1,-1
99926009,2026-05-18 15:29:32+05:30,53520.5,0,0.0,0,0.0,0.0,53282.15,53667.55,52783.45,53710.35,0,0.0,0.0,0.0,0.0,-0.01,-1,-1,-0.01,-1,-1,-0.01,-1,-1,-0.01,-1,-1,-0.01,-1,-1,-0.01,-1,-1,-0.01,-1,-1,-0.01,-1,-1,-0.01,-1,-1,-0.01,-1,-1
99926009,2026-05-18 15:29:33+05:30,53520.5,0,0.0,0,0.0,0.0,53282.15,53667.55,52783.45,53710.35,0,0.0,0.0,0.0,0.0,-0.01,-1,-1,-0.01,-1,-1,-0.01,-1,-1,-0.01,-1,-1,-0.01,-1,-1,-0.01,-1,-1,-0.01,-1,-1,-0.01,-1,-1,-0.01,-1,-1,-0.01,-1,-1
99926009,2026-05-18 15:29:33+05:30,53517.55,0,0.0,0,0.0,0.0,53282.15,53667.55,52783.45,53710.35,0,0.0,0.0,0.0,0.0,-0.01,-1,-1,-0.01,-1,-1,-0.01,-1,-1,-0.01,-1,-1,-0.01,-1,-1,-0.01,-1,-1,-0.01,-1,-1,-0.01,-1,-1,-0.01,-1,-1,-0.01,-1,-1
99926009,2026-05-18 15:29:33+05:30,53522.5,0,0.0,0,0.0,0.0,53282.15,53667.55,52783.45,53710.35,0,0.0,0.0,0.0,0.0,-0.01,-1,-1,-0.01,-1,-1,-0.01,-1,-1,-0.01,-1,-1,-0.01,-1,-1,-0.01,-1,-1,-0.01,-1,-1,-0.01,-1,-1,-0.01,-1,-1,-0.01,-1,-1
99926009,2026-05-18 15:29:34+05:30,53522.5,0,0.0,0,0.0,0.0,53282.15,53667.55,52783.45,53710.35,0,0.0,0.0,0.0,0.0,-0.01,-1,-1,-0.01,-1,-1,-0.01,-1,-1,-0.01,-1,-1,-0.01,-1,-1,-0.01,-1,-1,-0.01,-1,-1,-0.01,-1,-1,-0.01,-1,-1,-0.01,-1,-1
99926009,2026-05-18 15:29:34+05:30,53526.05,0,0.0,0,0.0,0.0,53282.15,53667.55,52783.45,53710.35,0,0.0,0.0,0.0,0.0,-0.01,-1,-1,-0.01,-1,-1,-0.01,-1,-1,-0.01,-1,-1,-0.01,-1,-1,-0.01,-1,-1,-0.01,-1,-1,-0.01,-1,-1,-0.01,-1,-1,-0.01,-1,-1
99926009,2026-05-18 15:29:34+05:30,53522.5,0,0.0,0,0.0,0.0,53282.15,53667.55,52783.45,53710.35,0,0.0,0.0,0.0,0.0,-0.01,-1,-1,-0.01,-1,-1,-0.01,-1,-1,-0.01,-1,-1,-0.01,-1,-1,-0.01,-1,-1,-0.01,-1,-1,-0.01,-1,-1,-0.01,-1,-1,-0.01,-1,-1
99926009,2026-05-18 15:29:35+05:30,53522.5,0,0.0,0,0.0,0.0,53282.15,53667.55,52783.45,53710.35,0,0.0,0.0,0.0,0.0,-0.01,-1,-1,-0.01,-1,-1,-0.01,-1,-1,-0.01,-1,-1,-0.01,-1,-1,-0.01,-1,-1,-0.01,-1,-1,-0.01,-1,-1,-0.01,-1,-1,-0.01,-1,-1
99926009,2026-05-18 15:29:35+05:30,53527.9,0,0.0,0,0.0,0.0,53282.15,53667.55,52783.45,53710.35,0,0.0,0.0,0.0,0.0,-0.01,-1,-1,-0.01,-1,-1,-0.01,-1,-1,-0.01,-1,-1,-0.01,-1,-1,-0.01,-1,-1,-0.01,-1,-1,-0.01,-1,-1,-0.01,-1,-1,-0.01,-1,-1
99926009,2026-05-18 15:29:35+05:30,53524.95,0,0.0,0,0.0,0.0,53282.15,53667.55,52783.45,53710.35,0,0.0,0.0,0.0,0.0,-0.01,-1,-1,-0.01,-1,-1,-0.01,-1,-1,-0.01,-1,-1,-0.01,-1,-1,-0.01,-1,-1,-0.01,-1,-1,-0.01,-1,-1,-0.01,-1,-1,-0.01,-1,-1
99926009,2026-05-18 15:29:36+05:30,53524.95,0,0.0,0,0.0,0.0,53282.15,53667.55,52783.45,53710.35,0,0.0,0.0,0.0,0.0,-0.01,-1,-1,-0.01,-1,-1,-0.01,-1,-1,-0.01,-1,-1,-0.01,-1,-1,-0.01,-1,-1,-0.01,-1,-1,-0.01,-1,-1,-0.01,-1,-1,-0.01,-1,-1
99926009,2026-05-18 15:29:36+05:30,53524.3,0,0.0,0,0.0,0.0,53282.15,53667.55,52783.45,53710.35,0,0.0,0.0,0.0,0.0,-0.01,-1,-1,-0.01,-1,-1,-0.01,-1,-1,-0.01,-1,-1,-0.01,-1,-1,-0.01,-1,-1,-0.01,-1,-1,-0.01,-1,-1,-0.01,-1,-1,-0.01,-1,-1
99926009,2026-05-18 15:29:36+05:30,53517.8,0,0.0,0,0.0,0.0,53282.15,53667.55,52783.45,53710.35,0,0.0,0.0,0.0,0.0,-0.01,-1,-1,-0.01,-1,-1,-0.01,-1,-1,-0.01,-1,-1,-0.01,-1,-1,-0.01,-1,-1,-0.01,-1,-1,-0.01,-1,-1,-0.01,-1,-1,-0.01,-1,-1
99926009,2026-05-18 15:29:37+05:30,53517.8,0,0.0,0,0.0,0.0,53282.15,53667.55,52783.45,53710.35,0,0.0,0.0,0.0,0.0,-0.01,-1,-1,-0.01,-1,-1,-0.01,-1,-1,-0.01,-1,-1,-0.01,-1,-1,-0.01,-1,-1,-0.01,-1,-1,-0.01,-1,-1,-0.01,-1,-1,-0.01,-1,-1
99926009,2026-05-18 15:29:37+05:30,53514.1,0,0.0,0,0.0,0.0,53282.15,53667.55,52783.45,53710.35,0,0.0,0.0,0.0,0.0,-0.01,-1,-1,-0.01,-1,-1,-0.01,-1,-1,-0.01,-1,-1,-0.01,-1,-1,-0.01,-1,-1,-0.01,-1,-1,-0.01,-1,-1,-0.01,-1,-1,-0.01,-1,-1
99926009,2026-05-18 15:29:37+05:30,53539.6,0,0.0,0,0.0,0.0,53282.15,53667.55,52783.45,53710.35,0,0.0,0.0,0.0,0.0,-0.01,-1,-1,-0.01,-1,-1,-0.01,-1,-1,-0.01,-1,-1,-0.01,-1,-1,-0.01,-1,-1,-0.01,-1,-1,-0.01,-1,-1,-0.01,-1,-1,-0.01,-1,-1
99926009,2026-05-18 15:29:38+05:30,53539.6,0,0.0,0,0.0,0.0,53282.15,53667.55,52783.45,53710.35,0,0.0,0.0,0.0,0.0,-0.01,-1,-1,-0.01,-1,-1,-0.01,-1,-1,-0.01,-1,-1,-0.01,-1,-1,-0.01,-1,-1,-0.01,-1,-1,-0.01,-1,-1,-0.01,-1,-1,-0.01,-1,-1
99926009,2026-05-18 15:29:38+05:30,53540.55,0,0.0,0,0.0,0.0,53282.15,53667.55,52783.45,53710.35,0,0.0,0.0,0.0,0.0,-0.01,-1,-1,-0.01,-1,-1,-0.01,-1,-1,-0.01,-1,-1,-0.01,-1,-1,-0.01,-1,-1,-0.01,-1,-1,-0.01,-1,-1,-0.01,-1,-1,-0.01,-1,-1
99926009,2026-05-18 15:29:38+05:30,53526.85,0,0.0,0,0.0,0.0,53282.15,53667.55,52783.45,53710.35,0,0.0,0.0,0.0,0.0,-0.01,-1,-1,-0.01,-1,-1,-0.01,-1,-1,-0.01,-1,-1,-0.01,-1,-1,-0.01,-1,-1,-0.01,-1,-1,-0.01,-1,-1,-0.01,-1,-1,-0.01,-1,-1
99926009,2026-05-18 15:29:39+05:30,53526.85,0,0.0,0,0.0,0.0,53282.15,53667.55,52783.45,53710.35,0,0.0,0.0,0.0,0.0,-0.01,-1,-1,-0.01,-1,-1,-0.01,-1,-1,-0.01,-1,-1,-0.01,-1,-1,-0.01,-1,-1,-0.01,-1,-1,-0.01,-1,-1,-0.01,-1,-1,-0.01,-1,-1
99926009,2026-05-18 15:29:39+05:30,53521.3,0,0.0,0,0.0,0.0,53282.15,53667.55,52783.45,53710.35,0,0.0,0.0,0.0,0.0,-0.01,-1,-1,-0.01,-1,-1,-0.01,-1,-1,-0.01,-1,-1,-0.01,-1,-1,-0.01,-1,-1,-0.01,-1,-1,-0.01,-1,-1,-0.01,-1,-1,-0.01,-1,-1
99926009,2026-05-18 15:29:39+05:30,53519.9,0,0.0,0,0.0,0.0,53282.15,53667.55,52783.45,53710.35,0,0.0,0.0,0.0,0.0,-0.01,-1,-1,-0.01,-1,-1,-0.01,-1,-1,-0.01,-1,-1,-0.01,-1,-1,-0.01,-1,-1,-0.01,-1,-1,-0.01,-1,-1,-0.01,-1,-1,-0.01,-1,-1
99926009,2026-05-18 15:29:40+05:30,53519.9,0,0.0,0,0.0,0.0,53282.15,53667.55,52783.45,53710.35,0,0.0,0.0,0.0,0.0,-0.01,-1,-1,-0.01,-1,-1,-0.01,-1,-1,-0.01,-1,-1,-0.01,-1,-1,-0.01,-1,-1,-0.01,-1,-1,-0.01,-1,-1,-0.01,-1,-1,-0.01,-1,-1
99926009,2026-05-18 15:29:40+05:30,53518.8,0,0.0,0,0.0,0.0,53282.15,53667.55,52783.45,53710.35,0,0.0,0.0,0.0,0.0,-0.01,-1,-1,-0.01,-1,-1,-0.01,-1,-1,-0.01,-1,-1,-0.01,-1,-1,-0.01,-1,-1,-0.01,-1,-1,-0.01,-1,-1,-0.01,-1,-1,-0.01,-1,-1
99926009,2026-05-18 15:29:40+05:30,53514.35,0,0.0,0,0.0,0.0,53282.15,53667.55,52783.45,53710.35,0,0.0,0.0,0.0,0.0,-0.01,-1,-1,-0.01,-1,-1,-0.01,-1,-1,-0.01,-1,-1,-0.01,-1,-1,-0.01,-1,-1,-0.01,-1,-1,-0.01,-1,-1,-0.01,-1,-1,-0.01,-1,-1
99926009,2026-05-18 15:29:41+05:30,53514.35,0,0.0,0,0.0,0.0,53282.15,53667.55,52783.45,53710.35,0,0.0,0.0,0.0,0.0,-0.01,-1,-1,-0.01,-1,-1,-0.01,-1,-1,-0.01,-1,-1,-0.01,-1,-1,-0.01,-1,-1,-0.01,-1,-1,-0.01,-1,-1,-0.01,-1,-1,-0.01,-1,-1
99926009,2026-05-18 15:29:41+05:30,53526.7,0,0.0,0,0.0,0.0,53282.15,53667.55,52783.45,53710.35,0,0.0,0.0,0.0,0.0,-0.01,-1,-1,-0.01,-1,-1,-0.01,-1,-1,-0.01,-1,-1,-0.01,-1,-1,-0.01,-1,-1,-0.01,-1,-1,-0.01,-1,-1,-0.01,-1,-1,-0.01,-1,-1
99926009,2026-05-18 15:29:41+05:30,53534.5,0,0.0,0,0.0,0.0,53282.15,53667.55,52783.45,53710.35,0,0.0,0.0,0.0,0.0,-0.01,-1,-1,-0.01,-1,-1,-0.01,-1,-1,-0.01,-1,-1,-0.01,-1,-1,-0.01,-1,-1,-0.01,-1,-1,-0.01,-1,-1,-0.01,-1,-1,-0.01,-1,-1
99926009,2026-05-18 15:29:42+05:30,53534.5,0,0.0,0,0.0,0.0,53282.15,53667.55,52783.45,53710.35,0,0.0,0.0,0.0,0.0,-0.01,-1,-1,-0.01,-1,-1,-0.01,-1,-1,-0.01,-1,-1,-0.01,-1,-1,-0.01,-1,-1,-0.01,-1,-1,-0.01,-1,-1,-0.01,-1,-1,-0.01,-1,-1
99926009,2026-05-18 15:29:42+05:30,53527.1,0,0.0,0,0.0,0.0,53282.15,53667.55,52783.45,53710.35,0,0.0,0.0,0.0,0.0,-0.01,-1,-1,-0.01,-1,-1,-0.01,-1,-1,-0.01,-1,-1,-0.01,-1,-1,-0.01,-1,-1,-0.01,-1,-1,-0.01,-1,-1,-0.01,-1,-1,-0.01,-1,-1
99926009,2026-05-18 15:29:42+05:30,53514.55,0,0.0,0,0.0,0.0,53282.15,53667.55,52783.45,53710.35,0,0.0,0.0,0.0,0.0,-0.01,-1,-1,-0.01,-1,-1,-0.01,-1,-1,-0.01,-1,-1,-0.01,-1,-1,-0.01,-1,-1,-0.01,-1,-1,-0.01,-1,-1,-0.01,-1,-1,-0.01,-1,-1
99926009,2026-05-18 15:29:43+05:30,53514.55,0,0.0,0,0.0,0.0,53282.15,53667.55,52783.45,53710.35,0,0.0,0.0,0.0,0.0,-0.01,-1,-1,-0.01,-1,-1,-0.01,-1,-1,-0.01,-1,-1,-0.01,-1,-1,-0.01,-1,-1,-0.01,-1,-1,-0.01,-1,-1,-0.01,-1,-1,-0.01,-1,-1
99926009,2026-05-18 15:29:43+05:30,53523.0,0,0.0,0,0.0,0.0,53282.15,53667.55,52783.45,53710.35,0,0.0,0.0,0.0,0.0,-0.01,-1,-1,-0.01,-1,-1,-0.01,-1,-1,-0.01,-1,-1,-0.01,-1,-1,-0.01,-1,-1,-0.01,-1,-1,-0.01,-1,-1,-0.01,-1,-1,-0.01,-1,-1
99926009,2026-05-18 15:29:43+05:30,53532.2,0,0.0,0,0.0,0.0,53282.15,53667.55,52783.45,53710.35,0,0.0,0.0,0.0,0.0,-0.01,-1,-1,-0.01,-1,-1,-0.01,-1,-1,-0.01,-1,-1,-0.01,-1,-1,-0.01,-1,-1,-0.01,-1,-1,-0.01,-1,-1,-0.01,-1,-1,-0.01,-1,-1
99926009,2026-05-18 15:29:44+05:30,53532.2,0,0.0,0,0.0,0.0,53282.15,53667.55,52783.45,53710.35,0,0.0,0.0,0.0,0.0,-0.01,-1,-1,-0.01,-1,-1,-0.01,-1,-1,-0.01,-1,-1,-0.01,-1,-1,-0.01,-1,-1,-0.01,-1,-1,-0.01,-1,-1,-0.01,-1,-1,-0.01,-1,-1
99926009,2026-05-18 15:29:44+05:30,53523.9,0,0.0,0,0.0,0.0,53282.15,53667.55,52783.45,53710.35,0,0.0,0.0,0.0,0.0,-0.01,-1,-1,-0.01,-1,-1,-0.01,-1,-1,-0.01,-1,-1,-0.01,-1,-1,-0.01,-1,-1,-0.01,-1,-1,-0.01,-1,-1,-0.01,-1,-1,-0.01,-1,-1
99926009,2026-05-18 15:29:44+05:30,53526.7,0,0.0,0,0.0,0.0,53282.15,53667.55,52783.45,53710.35,0,0.0,0.0,0.0,0.0,-0.01,-1,-1,-0.01,-1,-1,-0.01,-1,-1,-0.01,-1,-1,-0.01,-1,-1,-0.01,-1,-1,-0.01,-1,-1,-0.01,-1,-1,-0.01,-1,-1,-0.01,-1,-1
99926009,2026-05-18 15:29:45+05:30,53526.7,0,0.0,0,0.0,0.0,53282.15,53667.55,52783.45,53710.35,0,0.0,0.0,0.0,0.0,-0.01,-1,-1,-0.01,-1,-1,-0.01,-1,-1,-0.01,-1,-1,-0.01,-1,-1,-0.01,-1,-1,-0.01,-1,-1,-0.01,-1,-1,-0.01,-1,-1,-0.01,-1,-1
99926009,2026-05-18 15:29:45+05:30,53504.75,0,0.0,0,0.0,0.0,53282.15,53667.55,52783.45,53710.35,0,0.0,0.0,0.0,0.0,-0.01,-1,-1,-0.01,-1,-1,-0.01,-1,-1,-0.01,-1,-1,-0.01,-1,-1,-0.01,-1,-1,-0.01,-1,-1,-0.01,-1,-1,-0.01,-1,-1,-0.01,-1,-1
99926009,2026-05-18 15:29:45+05:30,53516.65,0,0.0,0,0.0,0.0,53282.15,53667.55,52783.45,53710.35,0,0.0,0.0,0.0,0.0,-0.01,-1,-1,-0.01,-1,-1,-0.01,-1,-1,-0.01,-1,-1,-0.01,-1,-1,-0.01,-1,-1,-0.01,-1,-1,-0.01,-1,-1,-0.01,-1,-1,-0.01,-1,-1
99926009,2026-05-18 15:29:46+05:30,53516.65,0,0.0,0,0.0,0.0,53282.15,53667.55,52783.45,53710.35,0,0.0,0.0,0.0,0.0,-0.01,-1,-1,-0.01,-1,-1,-0.01,-1,-1,-0.01,-1,-1,-0.01,-1,-1,-0.01,-1,-1,-0.01,-1,-1,-0.01,-1,-1,-0.01,-1,-1,-0.01,-1,-1
99926009,2026-05-18 15:29:46+05:30,53511.15,0,0.0,0,0.0,0.0,53282.15,53667.55,52783.45,53710.35,0,0.0,0.0,0.0,0.0,-0.01,-1,-1,-0.01,-1,-1,-0.01,-1,-1,-0.01,-1,-1,-0.01,-1,-1,-0.01,-1,-1,-0.01,-1,-1,-0.01,-1,-1,-0.01,-1,-1,-0.01,-1,-1
99926009,2026-05-18 15:29:46+05:30,53524.85,0,0.0,0,0.0,0.0,53282.15,53667.55,52783.45,53710.35,0,0.0,0.0,0.0,0.0,-0.01,-1,-1,-0.01,-1,-1,-0.01,-1,-1,-0.01,-1,-1,-0.01,-1,-1,-0.01,-1,-1,-0.01,-1,-1,-0.01,-1,-1,-0.01,-1,-1,-0.01,-1,-1
99926009,2026-05-18 15:29:47+05:30,53524.85,0,0.0,0,0.0,0.0,53282.15,53667.55,52783.45,53710.35,0,0.0,0.0,0.0,0.0,-0.01,-1,-1,-0.01,-1,-1,-0.01,-1,-1,-0.01,-1,-1,-0.01,-1,-1,-0.01,-1,-1,-0.01,-1,-1,-0.01,-1,-1,-0.01,-1,-1,-0.01,-1,-1
99926009,2026-05-18 15:29:47+05:30,53517.1,0,0.0,0,0.0,0.0,53282.15,53667.55,52783.45,53710.35,0,0.0,0.0,0.0,0.0,-0.01,-1,-1,-0.01,-1,-1,-0.01,-1,-1,-0.01,-1,-1,-0.01,-1,-1,-0.01,-1,-1,-0.01,-1,-1,-0.01,-1,-1,-0.01,-1,-1,-0.01,-1,-1
99926009,2026-05-18 15:29:47+05:30,53531.9,0,0.0,0,0.0,0.0,53282.15,53667.55,52783.45,53710.35,0,0.0,0.0,0.0,0.0,-0.01,-1,-1,-0.01,-1,-1,-0.01,-1,-1,-0.01,-1,-1,-0.01,-1,-1,-0.01,-1,-1,-0.01,-1,-1,-0.01,-1,-1,-0.01,-1,-1,-0.01,-1,-1
99926009,2026-05-18 15:29:48+05:30,53531.9,0,0.0,0,0.0,0.0,53282.15,53667.55,52783.45,53710.35,0,0.0,0.0,0.0,0.0,-0.01,-1,-1,-0.01,-1,-1,-0.01,-1,-1,-0.01,-1,-1,-0.01,-1,-1,-0.01,-1,-1,-0.01,-1,-1,-0.01,-1,-1,-0.01,-1,-1,-0.01,-1,-1
99926009,2026-05-18 15:29:48+05:30,53518.7,0,0.0,0,0.0,0.0,53282.15,53667.55,52783.45,53710.35,0,0.0,0.0,0.0,0.0,-0.01,-1,-1,-0.01,-1,-1,-0.01,-1,-1,-0.01,-1,-1,-0.01,-1,-1,-0.01,-1,-1,-0.01,-1,-1,-0.01,-1,-1,-0.01,-1,-1,-0.01,-1,-1
99926009,2026-05-18 15:29:48+05:30,53518.5,0,0.0,0,0.0,0.0,53282.15,53667.55,52783.45,53710.35,0,0.0,0.0,0.0,0.0,-0.01,-1,-1,-0.01,-1,-1,-0.01,-1,-1,-0.01,-1,-1,-0.01,-1,-1,-0.01,-1,-1,-0.01,-1,-1,-0.01,-1,-1,-0.01,-1,-1,-0.01,-1,-1
99926009,2026-05-18 15:29:49+05:30,53518.5,0,0.0,0,0.0,0.0,53282.15,53667.55,52783.45,53710.35,0,0.0,0.0,0.0,0.0,-0.01,-1,-1,-0.01,-1,-1,-0.01,-1,-1,-0.01,-1,-1,-0.01,-1,-1,-0.01,-1,-1,-0.01,-1,-1,-0.01,-1,-1,-0.01,-1,-1,-0.01,-1,-1
99926009,2026-05-18 15:29:49+05:30,53516.65,0,0.0,0,0.0,0.0,53282.15,53667.55,52783.45,53710.35,0,0.0,0.0,0.0,0.0,-0.01,-1,-1,-0.01,-1,-1,-0.01,-1,-1,-0.01,-1,-1,-0.01,-1,-1,-0.01,-1,-1,-0.01,-1,-1,-0.01,-1,-1,-0.01,-1,-1,-0.01,-1,-1
99926009,2026-05-18 15:29:49+05:30,53525.55,0,0.0,0,0.0,0.0,53282.15,53667.55,52783.45,53710.35,0,0.0,0.0,0.0,0.0,-0.01,-1,-1,-0.01,-1,-1,-0.01,-1,-1,-0.01,-1,-1,-0.01,-1,-1,-0.01,-1,-1,-0.01,-1,-1,-0.01,-1,-1,-0.01,-1,-1,-0.01,-1,-1
99926009,2026-05-18 15:29:50+05:30,53525.55,0,0.0,0,0.0,0.0,53282.15,53667.55,52783.45,53710.35,0,0.0,0.0,0.0,0.0,-0.01,-1,-1,-0.01,-1,-1,-0.01,-1,-1,-0.01,-1,-1,-0.01,-1,-1,-0.01,-1,-1,-0.01,-1,-1,-0.01,-1,-1,-0.01,-1,-1,-0.01,-1,-1
99926009,2026-05-18 15:29:50+05:30,53523.15,0,0.0,0,0.0,0.0,53282.15,53667.55,52783.45,53710.35,0,0.0,0.0,0.0,0.0,-0.01,-1,-1,-0.01,-1,-1,-0.01,-1,-1,-0.01,-1,-1,-0.01,-1,-1,-0.01,-1,-1,-0.01,-1,-1,-0.01,-1,-1,-0.01,-1,-1,-0.01,-1,-1
99926009,2026-05-18 15:29:50+05:30,53517.25,0,0.0,0,0.0,0.0,53282.15,53667.55,52783.45,53710.35,0,0.0,0.0,0.0,0.0,-0.01,-1,-1,-0.01,-1,-1,-0.01,-1,-1,-0.01,-1,-1,-0.01,-1,-1,-0.01,-1,-1,-0.01,-1,-1,-0.01,-1,-1,-0.01,-1,-1,-0.01,-1,-1
99926009,2026-05-18 15:29:51+05:30,53517.25,0,0.0,0,0.0,0.0,53282.15,53667.55,52783.45,53710.35,0,0.0,0.0,0.0,0.0,-0.01,-1,-1,-0.01,-1,-1,-0.01,-1,-1,-0.01,-1,-1,-0.01,-1,-1,-0.01,-1,-1,-0.01,-1,-1,-0.01,-1,-1,-0.01,-1,-1,-0.01,-1,-1
99926009,2026-05-18 15:29:51+05:30,53514.1,0,0.0,0,0.0,0.0,53282.15,53667.55,52783.45,53710.35,0,0.0,0.0,0.0,0.0,-0.01,-1,-1,-0.01,-1,-1,-0.01,-1,-1,-0.01,-1,-1,-0.01,-1,-1,-0.01,-1,-1,-0.01,-1,-1,-0.01,-1,-1,-0.01,-1,-1,-0.01,-1,-1
99926009,2026-05-18 15:29:51+05:30,53516.75,0,0.0,0,0.0,0.0,53282.15,53667.55,52783.45,53710.35,0,0.0,0.0,0.0,0.0,-0.01,-1,-1,-0.01,-1,-1,-0.01,-1,-1,-0.01,-1,-1,-0.01,-1,-1,-0.01,-1,-1,-0.01,-1,-1,-0.01,-1,-1,-0.01,-1,-1,-0.01,-1,-1
99926009,2026-05-18 15:29:52+05:30,53516.75,0,0.0,0,0.0,0.0,53282.15,53667.55,52783.45,53710.35,0,0.0,0.0,0.0,0.0,-0.01,-1,-1,-0.01,-1,-1,-0.01,-1,-1,-0.01,-1,-1,-0.01,-1,-1,-0.01,-1,-1,-0.01,-1,-1,-0.01,-1,-1,-0.01,-1,-1,-0.01,-1,-1
99926009,2026-05-18 15:29:52+05:30,53519.15,0,0.0,0,0.0,0.0,53282.15,53667.55,52783.45,53710.35,0,0.0,0.0,0.0,0.0,-0.01,-1,-1,-0.01,-1,-1,-0.01,-1,-1,-0.01,-1,-1,-0.01,-1,-1,-0.01,-1,-1,-0.01,-1,-1,-0.01,-1,-1,-0.01,-1,-1,-0.01,-1,-1
99926009,2026-05-18 15:29:52+05:30,53509.6,0,0.0,0,0.0,0.0,53282.15,53667.55,52783.45,53710.35,0,0.0,0.0,0.0,0.0,-0.01,-1,-1,-0.01,-1,-1,-0.01,-1,-1,-0.01,-1,-1,-0.01,-1,-1,-0.01,-1,-1,-0.01,-1,-1,-0.01,-1,-1,-0.01,-1,-1,-0.01,-1,-1
99926009,2026-05-18 15:29:53+05:30,53509.6,0,0.0,0,0.0,0.0,53282.15,53667.55,52783.45,53710.35,0,0.0,0.0,0.0,0.0,-0.01,-1,-1,-0.01,-1,-1,-0.01,-1,-1,-0.01,-1,-1,-0.01,-1,-1,-0.01,-1,-1,-0.01,-1,-1,-0.01,-1,-1,-0.01,-1,-1,-0.01,-1,-1
99926009,2026-05-18 15:29:53+05:30,53509.7,0,0.0,0,0.0,0.0,53282.15,53667.55,52783.45,53710.35,0,0.0,0.0,0.0,0.0,-0.01,-1,-1,-0.01,-1,-1,-0.01,-1,-1,-0.01,-1,-1,-0.01,-1,-1,-0.01,-1,-1,-0.01,-1,-1,-0.01,-1,-1,-0.01,-1,-1,-0.01,-1,-1
99926009,2026-05-18 15:29:53+05:30,53511.1,0,0.0,0,0.0,0.0,53282.15,53667.55,52783.45,53710.35,0,0.0,0.0,0.0,0.0,-0.01,-1,-1,-0.01,-1,-1,-0.01,-1,-1,-0.01,-1,-1,-0.01,-1,-1,-0.01,-1,-1,-0.01,-1,-1,-0.01,-1,-1,-0.01,-1,-1,-0.01,-1,-1
99926009,2026-05-18 15:29:54+05:30,53511.1,0,0.0,0,0.0,0.0,53282.15,53667.55,52783.45,53710.35,0,0.0,0.0,0.0,0.0,-0.01,-1,-1,-0.01,-1,-1,-0.01,-1,-1,-0.01,-1,-1,-0.01,-1,-1,-0.01,-1,-1,-0.01,-1,-1,-0.01,-1,-1,-0.01,-1,-1,-0.01,-1,-1
99926009,2026-05-18 15:29:54+05:30,53504.5,0,0.0,0,0.0,0.0,53282.15,53667.55,52783.45,53710.35,0,0.0,0.0,0.0,0.0,-0.01,-1,-1,-0.01,-1,-1,-0.01,-1,-1,-0.01,-1,-1,-0.01,-1,-1,-0.01,-1,-1,-0.01,-1,-1,-0.01,-1,-1,-0.01,-1,-1,-0.01,-1,-1
99926009,2026-05-18 15:29:54+05:30,53504.5,0,0.0,0,0.0,0.0,53282.15,53667.55,52783.45,53710.35,0,0.0,0.0,0.0,0.0,-0.01,-1,-1,-0.01,-1,-1,-0.01,-1,-1,-0.01,-1,-1,-0.01,-1,-1,-0.01,-1,-1,-0.01,-1,-1,-0.01,-1,-1,-0.01,-1,-1,-0.01,-1,-1
99926009,2026-05-18 15:29:55+05:30,53504.5,0,0.0,0,0.0,0.0,53282.15,53667.55,52783.45,53710.35,0,0.0,0.0,0.0,0.0,-0.01,-1,-1,-0.01,-1,-1,-0.01,-1,-1,-0.01,-1,-1,-0.01,-1,-1,-0.01,-1,-1,-0.01,-1,-1,-0.01,-1,-1,-0.01,-1,-1,-0.01,-1,-1
99926009,2026-05-18 15:29:55+05:30,53499.15,0,0.0,0,0.0,0.0,53282.15,53667.55,52783.45,53710.35,0,0.0,0.0,0.0,0.0,-0.01,-1,-1,-0.01,-1,-1,-0.01,-1,-1,-0.01,-1,-1,-0.01,-1,-1,-0.01,-1,-1,-0.01,-1,-1,-0.01,-1,-1,-0.01,-1,-1,-0.01,-1,-1
99926009,2026-05-18 15:29:55+05:30,53516.9,0,0.0,0,0.0,0.0,53282.15,53667.55,52783.45,53710.35,0,0.0,0.0,0.0,0.0,-0.01,-1,-1,-0.01,-1,-1,-0.01,-1,-1,-0.01,-1,-1,-0.01,-1,-1,-0.01,-1,-1,-0.01,-1,-1,-0.01,-1,-1,-0.01,-1,-1,-0.01,-1,-1
99926009,2026-05-18 15:29:56+05:30,53516.9,0,0.0,0,0.0,0.0,53282.15,53667.55,52783.45,53710.35,0,0.0,0.0,0.0,0.0,-0.01,-1,-1,-0.01,-1,-1,-0.01,-1,-1,-0.01,-1,-1,-0.01,-1,-1,-0.01,-1,-1,-0.01,-1,-1,-0.01,-1,-1,-0.01,-1,-1,-0.01,-1,-1
99926009,2026-05-18 15:29:56+05:30,53527.5,0,0.0,0,0.0,0.0,53282.15,53667.55,52783.45,53710.35,0,0.0,0.0,0.0,0.0,-0.01,-1,-1,-0.01,-1,-1,-0.01,-1,-1,-0.01,-1,-1,-0.01,-1,-1,-0.01,-1,-1,-0.01,-1,-1,-0.01,-1,-1,-0.01,-1,-1,-0.01,-1,-1
99926009,2026-05-18 15:29:56+05:30,53515.95,0,0.0,0,0.0,0.0,53282.15,53667.55,52783.45,53710.35,0,0.0,0.0,0.0,0.0,-0.01,-1,-1,-0.01,-1,-1,-0.01,-1,-1,-0.01,-1,-1,-0.01,-1,-1,-0.01,-1,-1,-0.01,-1,-1,-0.01,-1,-1,-0.01,-1,-1,-0.01,-1,-1
99926009,2026-05-18 15:29:57+05:30,53515.95,0,0.0,0,0.0,0.0,53282.15,53667.55,52783.45,53710.35,0,0.0,0.0,0.0,0.0,-0.01,-1,-1,-0.01,-1,-1,-0.01,-1,-1,-0.01,-1,-1,-0.01,-1,-1,-0.01,-1,-1,-0.01,-1,-1,-0.01,-1,-1,-0.01,-1,-1,-0.01,-1,-1
99926009,2026-05-18 15:29:57+05:30,53514.4,0,0.0,0,0.0,0.0,53282.15,53667.55,52783.45,53710.35,0,0.0,0.0,0.0,0.0,-0.01,-1,-1,-0.01,-1,-1,-0.01,-1,-1,-0.01,-1,-1,-0.01,-1,-1,-0.01,-1,-1,-0.01,-1,-1,-0.01,-1,-1,-0.01,-1,-1,-0.01,-1,-1
99926009,2026-05-18 15:29:57+05:30,53516.45,0,0.0,0,0.0,0.0,53282.15,53667.55,52783.45,53710.35,0,0.0,0.0,0.0,0.0,-0.01,-1,-1,-0.01,-1,-1,-0.01,-1,-1,-0.01,-1,-1,-0.01,-1,-1,-0.01,-1,-1,-0.01,-1,-1,-0.01,-1,-1,-0.01,-1,-1,-0.01,-1,-1
99926009,2026-05-18 15:29:58+05:30,53516.45,0,0.0,0,0.0,0.0,53282.15,53667.55,52783.45,53710.35,0,0.0,0.0,0.0,0.0,-0.01,-1,-1,-0.01,-1,-1,-0.01,-1,-1,-0.01,-1,-1,-0.01,-1,-1,-0.01,-1,-1,-0.01,-1,-1,-0.01,-1,-1,-0.01,-1,-1,-0.01,-1,-1
99926009,2026-05-18 15:29:58+05:30,53515.4,0,0.0,0,0.0,0.0,53282.15,53667.55,52783.45,53710.35,0,0.0,0.0,0.0,0.0,-0.01,-1,-1,-0.01,-1,-1,-0.01,-1,-1,-0.01,-1,-1,-0.01,-1,-1,-0.01,-1,-1,-0.01,-1,-1,-0.01,-1,-1,-0.01,-1,-1,-0.01,-1,-1
99926009,2026-05-18 15:29:58+05:30,53497.7,0,0.0,0,0.0,0.0,53282.15,53667.55,52783.45,53710.35,0,0.0,0.0,0.0,0.0,-0.01,-1,-1,-0.01,-1,-1,-0.01,-1,-1,-0.01,-1,-1,-0.01,-1,-1,-0.01,-1,-1,-0.01,-1,-1,-0.01,-1,-1,-0.01,-1,-1,-0.01,-1,-1
99926009,2026-05-18 15:29:59+05:30,53497.7,0,0.0,0,0.0,0.0,53282.15,53667.55,52783.45,53710.35,0,0.0,0.0,0.0,0.0,-0.01,-1,-1,-0.01,-1,-1,-0.01,-1,-1,-0.01,-1,-1,-0.01,-1,-1,-0.01,-1,-1,-0.01,-1,-1,-0.01,-1,-1,-0.01,-1,-1,-0.01,-1,-1
99926009,2026-05-18 15:29:59+05:30,53535.35,0,0.0,0,0.0,0.0,53282.15,53667.55,52783.45,53710.35,0,0.0,0.0,0.0,0.0,-0.01,-1,-1,-0.01,-1,-1,-0.01,-1,-1,-0.01,-1,-1,-0.01,-1,-1,-0.01,-1,-1,-0.01,-1,-1,-0.01,-1,-1,-0.01,-1,-1,-0.01,-1,-1
99926009,2026-05-18 15:29:59+05:30,53527.55,0,0.0,0,0.0,0.0,53282.15,53667.55,52783.45,53710.35,0,0.0,0.0,0.0,0.0,-0.01,-1,-1,-0.01,-1,-1,-0.01,-1,-1,-0.01,-1,-1,-0.01,-1,-1,-0.01,-1,-1,-0.01,-1,-1,-0.01,-1,-1,-0.01,-1,-1,-0.01,-1,-1
